media_en,media_jp,title_articles,link_articles,date_original
alba,ゴルフ総合サイト ALBA Net,現役選手が続々参加　タイガー・ウッズがPGAツアーエンタープライズの取締役副会長に,https://news.yahoo.co.jp/articles/4d2845b5a552b67f30c2f2f42a4232b54df26445,3/7(木) 18:56
alba,ゴルフ総合サイト ALBA Net,あわせて73勝　佐藤心結はレジェンド2人とのラウンドで感嘆「ほんとにすごい」,https://news.yahoo.co.jp/articles/84fff935cf2b6af4b44ca99c4a06e340aaef7129,3/7(木) 18:42
alba,ゴルフ総合サイト ALBA Net,やっぱり1枚モノの軟鉄鍛造！キャロウェイ『X FORGED／同STAR／同STAR+』アイアン、4月上旬デビュー,https://news.yahoo.co.jp/articles/dc40bbb99750ed8e2332d2081513703727917360,3/7(木) 18:23
alba,ゴルフ総合サイト ALBA Net,鈴木愛が準地元で首位発進　今シーズンは「絶対全米女子に出たい」,https://news.yahoo.co.jp/articles/5a59315f7ca260f5edc8bd318f6d74a691ebf835,3/7(木) 18:01
alba,ゴルフ総合サイト ALBA Net,復帰2戦目の森田理香子はグリーンに大苦戦　最下位発進に「ズルズルいっちゃった」,https://news.yahoo.co.jp/articles/3b194dd4d630a3bbf05c4173c1cb407d704c0158,3/7(木) 17:30
alba,ゴルフ総合サイト ALBA Net,目標は「会長に会うこと」　勝みなみがホステスVへ好発進,https://news.yahoo.co.jp/articles/937138be5bb5b76170e0e7f1a7e2525fe370e0bd,3/7(木) 17:22
alba,ゴルフ総合サイト ALBA Net,＜速報＞渋野日向子は前半大苦戦　4オーバーで後半へ,https://news.yahoo.co.jp/articles/dddf8436265819f3f7f92413210a13fd39b04781,3/7(木) 17:01
alba,ゴルフ総合サイト ALBA Net,ツアーボールとして一新！ 総合力アップで飛ばせるのが『CHROME TOUR』だ！,https://news.yahoo.co.jp/articles/4de2d9eadbb255dc3494db97017b2344c66d49d8,3/7(木) 17:00
alba,ゴルフ総合サイト ALBA Net,オデッセイ『Ai-ONE TRI-BEAM』シリーズを4月下旬に、ツアーで流行る長く重い『Ai-ONE CRUISER』も3月15日デビュー,https://news.yahoo.co.jp/articles/bf0e35604d7be958573dce5033168742aaf770b8,3/7(木) 16:37
alba,ゴルフ総合サイト ALBA Net,鈴木愛が単独首位発進　吉本ひかるら2位、勝みなみは6位,https://news.yahoo.co.jp/articles/bd1d6b40f5f538d60e9cd001144e2ba27b3e8eff,3/7(木) 16:16
alba,ゴルフ総合サイト ALBA Net,数ミリでショット・イン・イーグル逃すも　古江彩佳が“高精度ショット”連発で上々発進「前を向いてラウンドできた」,https://news.yahoo.co.jp/articles/178a4fce0a220e868c52cb777fbdfc5c8a911843,3/7(木) 15:55
alba,ゴルフ総合サイト ALBA Net,＜速報＞渋野日向子が今季2戦目ティオフ　1番をボギー発進,https://news.yahoo.co.jp/articles/ef0a21504498b51dbcb83dd27a4a107ede541d1f,3/7(木) 14:42
alba,ゴルフ総合サイト ALBA Net,＜速報＞18歳アマ・入谷響が今季第1号　5番でホールインワン達成,https://news.yahoo.co.jp/articles/ecf255b0d4a02887b54c365ea61b0c0f88b74f78,3/7(木) 14:25
alba,ゴルフ総合サイト ALBA Net,＜速報＞森田理香子はキャリアワースト2位「84」　最下位で初日ホールアウト,https://news.yahoo.co.jp/articles/9af40f336f09ac64678454c7982d2b3fe5785e0f,3/7(木) 14:02
alba,ゴルフ総合サイト ALBA Net,＜速報＞西村優菜が中国大会ティオフ　2パットのパー発進,https://news.yahoo.co.jp/articles/b080a940ad513718a931f3200cd66476a4aa6398,3/7(木) 13:26
alba,ゴルフ総合サイト ALBA Net,＜中間速報＞川崎春花、神谷そらが首位　山下美夢有ら2差追走,https://news.yahoo.co.jp/articles/3ada0d947062456ff629ce273e475446ed6a6065,3/7(木) 13:18
alba,ゴルフ総合サイト ALBA Net,ツアー7勝、YouTubeでのレッスンも人気の飯島茜がゴルフ上達のために大切にしてほしいこと,https://news.yahoo.co.jp/articles/e80f4823490d0a441876ec23dd335003a0013748,3/7(木) 13:00
alba,ゴルフ総合サイト ALBA Net,最高級を求める人へ、グローブライド『DAIWA GⅢ SIGNATURE』シリーズ、3月29日デビュー,https://news.yahoo.co.jp/articles/eb07f35c13ab137d1481a70602dbf64e422c6958,3/7(木) 12:55
alba,ゴルフ総合サイト ALBA Net,西郷真央のサウジ→沖縄→中国転戦も一段落　先週はV争い「いい準備ができた」,https://news.yahoo.co.jp/articles/3eabc8100986d25138bf5cfe73bd44fc412462ec,3/7(木) 12:32
alba,ゴルフ総合サイト ALBA Net,ジョン・ラームは世界ランキングに依然否定的「間違っていることが証明されていく」,https://news.yahoo.co.jp/articles/1869456cc1c76059a1c128b05441744eeab49737,3/7(木) 12:11
alba,ゴルフ総合サイト ALBA Net,たった3分！ 肩と背中をほぐして美アドレスを手に入れよう「猫背＆腰痛予防にも◎」,https://news.yahoo.co.jp/articles/ac491500c71b3e7cad1e72bbd34af019cc4d7f82,3/7(木) 11:43
alba,ゴルフ総合サイト ALBA Net,松山英樹がプロアマ戦を棄権　2週間のオフで“腰痛”発症か,https://news.yahoo.co.jp/articles/eaa1a48cb10b32c950dfd18d8806ab97711f74e6,3/7(木) 11:38
alba,ゴルフ総合サイト ALBA Net,「全英オープン」出場資格の変更を発表　歴代チャンピオンの年齢制限は55歳までに,https://news.yahoo.co.jp/articles/07e261ee354decb6bd47ff5c3fc8617f94e4d4a7,3/7(木) 11:30
alba,ゴルフ総合サイト ALBA Net,フジクラ史上最少トルク！New『DIAMOND SPEEDER』、4月25日デビュー,https://news.yahoo.co.jp/articles/1865ce4d37d1140fa464b818bef347d66f4c2095,3/7(木) 11:02
alba,ゴルフ総合サイト ALBA Net,最新アスリートアイアンは多様化！　『操作性重視』モデル12選・『飛距離重視』モデル6選,https://news.yahoo.co.jp/articles/ea74ebbc24c8af051a43bc8b24f500b979250cb2,3/7(木) 11:00
alba,ゴルフ総合サイト ALBA Net,＜速報＞岩井千怜、吉本ひかるがパー発進　勝みなみバーディ先行、森田理香子は前半苦戦,https://news.yahoo.co.jp/articles/3bd8c4aff438c6418d37db775777b2bb2be32b07,3/7(木) 10:54
alba,ゴルフ総合サイト ALBA Net,サウジ好調は神頼み？　勝みなみが明かした好成績の理由「癒されました」【きょうのヒトネタ！】,https://news.yahoo.co.jp/articles/05b479bfa35f68c7c99e46f2e13874d730dec541,3/7(木) 10:30
alba,ゴルフ総合サイト ALBA Net,ランニングシューズの機能を活かした、アシックス『GEL-KAYANO ACE 2』、3月23日デビュー,https://news.yahoo.co.jp/articles/a812c75cd15b7cb51572dcf6674bded69e1220f0,3/7(木) 9:25
alba,ゴルフ総合サイト ALBA Net,先週は途中棄権…稲見萌寧は“満身創痍”もコースに復帰　「だいぶ回復したけどまだ食事が」,https://news.yahoo.co.jp/articles/f80f7e034379508a041852950f45a90026c100be,3/7(木) 9:00
alba,ゴルフ総合サイト ALBA Net,＜速報＞古江彩佳が絶品アプローチでパー発進　渋野日向子は午後2時17分スタート,https://news.yahoo.co.jp/articles/7b8568d98446565318302bbc63c777573648ab89,3/7(木) 8:59
alba,ゴルフ総合サイト ALBA Net,「今週も優勝争いできるように」　“好調”古江彩佳が目指す米ツアー2勝目,https://news.yahoo.co.jp/articles/4f72f95d334665e6bff4f89dad704685247668ea,3/7(木) 8:00
alba,ゴルフ総合サイト ALBA Net,令和に昭和の技？　18歳・清本美波の下りパットでやさしいタッチを出す「引き球」,https://news.yahoo.co.jp/articles/8164211193fb35c0739929a5e65a7ee5112c935a,3/7(木) 7:45
alba,ゴルフ総合サイト ALBA Net,車で東京から高知入り　菅沼菜々は過去”全敗”の初戦に「怖がらずに振り切っていきたい」,https://news.yahoo.co.jp/articles/79efa11cf57502cea1c6fcd196e50c32bbb4fd4e,3/7(木) 7:30
alba,ゴルフ総合サイト ALBA Net,2週連続で出場する森田理香子　今週も師匠・岡本綾子が来場予定「いいところを見せたい」,https://news.yahoo.co.jp/articles/72dbba4a7fe11cd5342c6e1558cac1a978e9ad5a,3/7(木) 7:00
alba,ゴルフ総合サイト ALBA Net,『パットに型なし』は本当？ 世界一だった宮里藍が絶対に譲らなかった3つのこだわり,https://news.yahoo.co.jp/articles/5ac43ce6a8efb9cfd19ecc12210797af1df6beb6,3/7(木) 6:30
alba,ゴルフ総合サイト ALBA Net,私は元気です！　好調・西村優菜がアジアシリーズ最終戦へ「ショットもパットも心地良い」,https://news.yahoo.co.jp/articles/a2ac3a8f03c017832272b62c645e86559e445890,3/6(水) 18:45
alba,ゴルフ総合サイト ALBA Net,大物参戦！　PGAツアーエンタープライズにレブロン・ジェームズ、アーノルド・シュワルツェネッガーらが出資,https://news.yahoo.co.jp/articles/16e3bb34b080d59c871bb2e31a149fb333025cdf,3/6(水) 18:34
alba,ゴルフ総合サイト ALBA Net,PINGが飛び系アイアン2機種を4月4日に発売！キャビティの『G730』と中空の『i530』を【打ってみた】,https://news.yahoo.co.jp/articles/8a1134f3bdefd9d463758f1fb25083db475a771e,3/6(水) 18:30
alba,ゴルフ総合サイト ALBA Net,師匠ジャンボからの命題は「短いクラブで頑張れ」　“飛ばし屋”小林夢果が一番大切にしていること,https://news.yahoo.co.jp/articles/06d64a795d77f39362b72f7bdffd416da2a08b26,3/6(水) 18:00
alba,ゴルフ総合サイト ALBA Net,恩返しホステスVへ調子上々も…　勝みなみの不名誉な“最高記録”,https://news.yahoo.co.jp/articles/0150b334510d86b5b046ee5c0b3ef1ef4897e26c,3/6(水) 17:45
alba,ゴルフ総合サイト ALBA Net,「バンカーが…謎でした（笑）」今季2戦目の渋野日向子が自身初の海南島で驚いた“光景”,https://news.yahoo.co.jp/articles/b8a94416e771cf8ac963f6df4eaa662beab6e30e,3/6(水) 17:28
alba,ゴルフ総合サイト ALBA Net,女性向けだけど男性も使える!?　グリーン周りは『ChipR LE』で楽々攻略！,https://news.yahoo.co.jp/articles/d8327a57204f61c7f7c38269f430c4608ae3c23d,3/6(水) 17:00
alba,ゴルフ総合サイト ALBA Net,腹ばいで、超接近戦で、渋野日向子に迫る外国人カメラマン 「ことばの壁なんぞのーぷろぶれむ」,https://news.yahoo.co.jp/articles/0b22e71df44df12f2016abb9a5f3d518d8788db3,3/6(水) 16:36
alba,ゴルフ総合サイト ALBA Net,プロ初戦を迎える木村怜衣　緊張、不安入り混じるなか「気持ちだけは逃げない」,https://news.yahoo.co.jp/articles/38bfdee64b89352c107303be34d731a1a15d7de2,3/6(水) 14:30
alba,ゴルフ総合サイト ALBA Net,女子ツアー開幕戦で大調査！　最も履かれたシューズメーカーを発表,https://news.yahoo.co.jp/articles/1e31e17f45e6dd1edf66ee63faf3c034eb3ab324,3/6(水) 14:00
alba,ゴルフ総合サイト ALBA Net,ゴルフボールに興味津々？ 「プエルトリコ・オープン」にイグアナ参戦,https://news.yahoo.co.jp/articles/2b26740e63c075a84628aa99484c9653592b46ad,3/6(水) 13:55
alba,ゴルフ総合サイト ALBA Net,“火の玉ストレート”藤川球児氏が登場　気になるスコアは…「9ホールで6個なんで」【きょうのヒトネタ！】,https://news.yahoo.co.jp/articles/2f4d781a1a1d33cdcfec0d91e86288b47732f7a4,3/6(水) 12:49
alba,ゴルフ総合サイト ALBA Net,開幕戦で見つけた華やかな女子プロのウェアを徹底紹介【編集部ファッションチェック】,https://news.yahoo.co.jp/articles/d0f6f7b5859403d7cbd23cfcd8ee36a458835b27,3/6(水) 12:30
alba,ゴルフ総合サイト ALBA Net,完全復調まで“数センチ”？　タイガー・ウッズがあとわずかでアルバトロスという超絶ショットを披露！,https://news.yahoo.co.jp/articles/29bc4834e52f87ddb621ce27cc883ed99a767e43,3/6(水) 12:00
alba,ゴルフ総合サイト ALBA Net,横峯さくらが個人事務所『HERITAGE合同会社』を設立「母親としての視点で発信を」,https://news.yahoo.co.jp/articles/f41a87e82fb3cf137266f1a95f67a006c1612cc8,3/6(水) 11:54
alba,ゴルフ総合サイト ALBA Net,「未遂なので許してください」 蛭田みな美が山内日菜子を抱きしめて…!?,https://news.yahoo.co.jp/articles/c15be7055716382e181ff4e8a737ef43be903886,3/6(水) 11:48
alba,ゴルフ総合サイト ALBA Net,様々な期待にワクワク… 国内女子ツアー開幕戦を振り返る【原田香里のゴルフ未来会議】,https://news.yahoo.co.jp/articles/6bb14d77f96d49015d94231fb0689ad16a007e39,3/6(水) 11:30
alba,ゴルフ総合サイト ALBA Net,「楽しい冒険になりそう…！！」 阿部未悠は相棒ピカチュウと初優勝を目指す旅に出る,https://news.yahoo.co.jp/articles/a84c1d0fdbe8a742976f1174aec32b42284f31a5,3/6(水) 11:22
alba,ゴルフ総合サイト ALBA Net,欧州ツアーの南ア連戦に星野陸也が出場　初優勝から約1カ月が経過,https://news.yahoo.co.jp/articles/94c86a5cdff271df26ab0635338631bb346f742a,3/6(水) 11:00
alba,ゴルフ総合サイト ALBA Net,LIVゴルフは『世界ランキングポイント』獲得申請を取り下げ　ノーマン「メジャーは公平に出場機会を」,https://news.yahoo.co.jp/articles/b554f1dfd18a95533817a6e451cfa1c1c6083207,3/6(水) 10:00
alba,ゴルフ総合サイト ALBA Net,米男子の“裏大会”に小平智、蝉川泰果、久常涼が出場　組み合わせ発表,https://news.yahoo.co.jp/articles/c2f772c6ffb551c0fa0d6b902c4b8a23e237fba7,3/6(水) 9:00
alba,ゴルフ総合サイト ALBA Net,V後初出場の松山英樹はR・ヘンリーとプレー　“格上げ大会”にS・シェフラー、R・マキロイら出場,https://news.yahoo.co.jp/articles/bc97297355f4cfabf7b57e6d773ed5f5dd7d03ff,3/6(水) 8:00
alba,ゴルフ総合サイト ALBA Net,渋野日向子は今季2戦目、好調の西村優菜も参戦　古江彩佳はメジャー覇者と同組,https://news.yahoo.co.jp/articles/f39dd2671c6d8272a61ba41dd8766dc753b5c533,3/6(水) 7:00
alba,ゴルフ総合サイト ALBA Net,勝みなみ、原英莉花、吉本ひかるらがドレスアップ　明治安田Lの前夜祭が開催,https://news.yahoo.co.jp/articles/098e0dc10be30d4b8f6173cd2830d4197cbe4b24,3/5(火) 19:22
alba,ゴルフ総合サイト ALBA Net,「どこからでも入れてくる」と評された世界一のパッティング　宮里藍は『合掌グリップ』で練習していた,https://news.yahoo.co.jp/articles/60d3692e68f34202a4d89f5a6da4e81541ad046a,3/5(火) 19:17
alba,ゴルフ総合サイト ALBA Net,シャフトの2カ所がしなる『ダブルキック』　生まれた経緯を知ったら目からウロコだった【フィッターに聞く】,https://news.yahoo.co.jp/articles/51ced8a4f21c6bbe49a8bf1907fe94d07ca5a611,3/5(火) 18:01
alba,ゴルフ総合サイト ALBA Net,サービスカット満載!?　雪平莉左の完璧な自撮り写真に「いいね！」殺到,https://news.yahoo.co.jp/articles/21190220302dd9074956a8a463c39a296b53a7f6,3/5(火) 17:22
alba,ゴルフ総合サイト ALBA Net,PING契約のオースティン・エックロート、新しい『ブループリント』を組み合わせて初V【WITB】,https://news.yahoo.co.jp/articles/1fced72142a6fb3f837df73fd2ebb2795e9a77ea,3/5(火) 16:46
alba,ゴルフ総合サイト ALBA Net,超前向きなアン・シネ「雨もよかった！」キメ顔でニヤリ,https://news.yahoo.co.jp/articles/940f0e324d4c2ef6b4ad8017af99548a016f4150,3/5(火) 16:27
alba,ゴルフ総合サイト ALBA Net,【脳内ゴルフトリップ】暑季に入ったタイ　セミが少ないからゴルフ場は静かで、暑いのにスカッと気分爽快！,https://news.yahoo.co.jp/articles/eab5d1994ea6ace6955d0d9a1a14f6cc6f5267a1,3/5(火) 16:26
alba,ゴルフ総合サイト ALBA Net,「生涯ライバル」青木功会長が退任会見で語った“ジャンボ尾崎”との関係性,https://news.yahoo.co.jp/articles/126a10470d0ffaab8b0e508d70565a4110a4f4a7,3/5(火) 16:11
alba,ゴルフ総合サイト ALBA Net,ツアー初Vのオースティン・エックロートが7位に浮上　久常涼は88位へ【FedExCupランキング】,https://news.yahoo.co.jp/articles/9b1d30ad96f5263949daa648de62ebff83c9582f,3/5(火) 15:00
alba,ゴルフ総合サイト ALBA Net,“運”研究の世界的権威、リチャード・ワイズマン博士の理論をゴルフに応用してみた！【超真面目な話です】,https://news.yahoo.co.jp/articles/ce187ecd875d398f6243630b8c67e46cafdca8b2,3/5(火) 14:10
alba,ゴルフ総合サイト ALBA Net,「若い選手の将来的な選択肢の一つに」　横峯さくらが目指す子育てと仕事の両立【カメラマン南しずかの小話】,https://news.yahoo.co.jp/articles/09bad9471ea9b3e71a61f19fb56fbff52af5c748,3/5(火) 14:00
alba,ゴルフ総合サイト ALBA Net,キャスコ『ドルフィン』に虹色に輝く特別カラー仕様、4月5日数量限定デビュー,https://news.yahoo.co.jp/articles/34e8a571eda338253ba15677b8d80316e08424d4,3/5(火) 13:27
alba,ゴルフ総合サイト ALBA Net,V予想トップは世界ランキング1位のS・シェフラー　松山英樹は11番目,https://news.yahoo.co.jp/articles/e5c6543df595a1d9fc68c5cc9d77541efbeaa2fb,3/5(火) 13:00
alba,ゴルフ総合サイト ALBA Net,見ているだけで上手くなりそう! スコスコ入るB・ホーシェルの6連続バーディ,https://news.yahoo.co.jp/articles/57204c0c27e3c1d7d92a627b610e2ef7961883ef,3/5(火) 12:58
alba,ゴルフ総合サイト ALBA Net,森田理香子、勝みなみも参戦　2週連続V狙う岩井千怜は前年覇者と同組,https://news.yahoo.co.jp/articles/310de92b8cacd56f526fb06e384856e71024c4d5,3/5(火) 12:31
alba,ゴルフ総合サイト ALBA Net,悲願の初優勝　オースティン・エックロートの夢が叶った月曜日【舩越園子コラム】,https://news.yahoo.co.jp/articles/4fc663c7270391a945b7938e9947034b74b2a554,3/5(火) 12:00
alba,ゴルフ総合サイト ALBA Net,プロテスト合格→QT1位通過　笑顔の韓流ルーキーがいきなり8位「日本のツアーは明るい」,https://news.yahoo.co.jp/articles/4ee395e5602521992a3254788666644f61a86939,3/5(火) 11:38
alba,ゴルフ総合サイト ALBA Net,渋野日向子が共に戦う最強のパートナーは、キャディでもクラブでもなく…!?,https://news.yahoo.co.jp/articles/402763898c0fde301ccaae9265713379255cd2b7,3/5(火) 11:34
alba,ゴルフ総合サイト ALBA Net,LIVのホアキン・ニーマンがマスターズに続き「全米プロ」も出場へ,https://news.yahoo.co.jp/articles/9986233292f83fb86b2902b5e22d2bda82687f00,3/5(火) 11:30
alba,ゴルフ総合サイト ALBA Net,おやじゴルフニュース「昔の常識は今の非常識？ 不適切にもほどがある昔のラウンド」,https://news.yahoo.co.jp/articles/8cc2708892bea76d431861c1abaa2da766762f6a,3/5(火) 11:15
alba,ゴルフ総合サイト ALBA Net,アマ400人中7割がマイボールより「飛んで曲がらない」と実感した『スリクソンXmaX』、4月5日デビュー,https://news.yahoo.co.jp/articles/d8c81fc82e3329bd027ae910adb8f764581cd3b2,3/5(火) 11:04
alba,ゴルフ総合サイト ALBA Net,古江彩佳が日本勢最上位をキープ　1位はリディア・コ【CMEポイントランキング】,https://news.yahoo.co.jp/articles/d098f4190b525062956f5457dd7671c7c61cb563,3/5(火) 11:00
alba,ゴルフ総合サイト ALBA Net,リハナ・小林夢果・原英莉花・西郷真央らも使用する、USTマミヤ『LIN-Q』のFW＆HY用が5月中旬デビュー,https://news.yahoo.co.jp/articles/f75ead551588496a4313d08bf29e043aa239b3ed,3/5(火) 9:51
alba,ゴルフ総合サイト ALBA Net,松山英樹は20位　プロ初Vの幡地隆寛は自己最高の346位へ浮上【男子世界ランキング】,https://news.yahoo.co.jp/articles/e5dbb5b2dae035ce76cf74b21d2a49d6fd18e4f9,3/5(火) 9:00
alba,ゴルフ総合サイト ALBA Net,原英莉花の今季スローガンを発見！　ボールにプリントされた文字は…【きょうのヒトネタ！】,https://news.yahoo.co.jp/articles/7dd9c36ca30674c4634373df9162bfb6efc29988,3/5(火) 8:30
alba,ゴルフ総合サイト ALBA Net,星野陸也が2位キープ　予選落ちの中島啓太は80位→88位へ【欧州男子ポイントランキング】,https://news.yahoo.co.jp/articles/e73f4eb16b1d519623a42fcd6a8ef3dbcbd71250,3/5(火) 8:00
alba,ゴルフ総合サイト ALBA Net,日本勢1番手の畑岡奈紗が15位に浮上　国内開幕戦Vの岩井千怜は51位【女子世界ランキング】,https://news.yahoo.co.jp/articles/1f65f49618ef84653c139e504f8672e3a5b56314,3/5(火) 7:30
alba,ゴルフ総合サイト ALBA Net,9年ぶりの月曜決着はオースティン・エックロートがツアー初V　マキロイは21位,https://news.yahoo.co.jp/articles/102c10d21793bb06da14ec1910798b954de2c00d,3/5(火) 7:00
alba,ゴルフ総合サイト ALBA Net,これがロッテの本気！　政田夢乃との契約を機にコアラのマーチ新パッケージ発表!?,https://news.yahoo.co.jp/articles/ec4bfdfb3e435cb2e12146e9ab21b16192d0a0f3,3/4(月) 19:35
alba,ゴルフ総合サイト ALBA Net,青木功JGTO会長が退任会見　試合数減に歯止めをかけられず「本当に悔しい」,https://news.yahoo.co.jp/articles/14297e59d7075909ac109e2c195a35e72c098f68,3/4(月) 18:38
alba,ゴルフ総合サイト ALBA Net,台湾優勝から国内初戦9位　川崎春花が見据える24年「海外メジャーに出たい」,https://news.yahoo.co.jp/articles/79a2c6fb214f5557cc48543d209a09f12fc540d5,3/4(月) 18:06
alba,ゴルフ総合サイト ALBA Net,凹んだクラウンで空力38.5％改善！キャスコ『UFO AIR DD/D』ドライバー、3月29日デビュー,https://news.yahoo.co.jp/articles/1bbf82f7b1126f0f76171ef385e8f4c026ecb6d7,3/4(月) 17:01
alba,ゴルフ総合サイト ALBA Net,「上手いのはゴルフだけ!!」 小祝さくらが見せた野球の珍プレーにファンは思わず笑顔,https://news.yahoo.co.jp/articles/c7f00b7ae9895b4c38abb65d380f9d7db8c06469,3/4(月) 16:36
alba,ゴルフ総合サイト ALBA Net,助手席から見た幸せな景色　金田久美子が愛車で披露した抜群のファッションセンス,https://news.yahoo.co.jp/articles/2721948f8f34c1adc6bb0c45875f5e78791eb1df,3/4(月) 15:25
alba,ゴルフ総合サイト ALBA Net,岩井千怜、コーライグリーンを3本線のエースパターで完全攻略「イメージが湧きやすい」【勝者のギア】,https://news.yahoo.co.jp/articles/2631b85c4c6e113946c7dd4bad82fc56cca6bacf,3/4(月) 15:00
alba,ゴルフ総合サイト ALBA Net,ゴルフの神様からの誕プレ!?　起死回生のチップインで決勝進出を決めた堀琴音,https://news.yahoo.co.jp/articles/5cc0635cd81003d879828d7afbcd6df4396fb913,3/4(月) 14:05
alba,ゴルフ総合サイト ALBA Net,サングラスをアレコレ試着　吉田優利の百面相に妹・鈴も参戦!?,https://news.yahoo.co.jp/articles/3151567a1adf7be82198f97da3c92e70a539955f,3/4(月) 13:46
alba,ゴルフ総合サイト ALBA Net,3連続バーディ締めで劇的逆転　ハナ・グリーンが“新婚V”「火曜日にお祝いしよう」,https://news.yahoo.co.jp/articles/008e42fd780a580349067332a299eda34e60360a,3/4(月) 13:00
alba,ゴルフ総合サイト ALBA Net,幡地隆寛、『レフトダッシュ』と『SM10』を初投入で初優勝！【春のクラブチェック】,https://news.yahoo.co.jp/articles/16c312cafc8ab94f1d735a2d4757cad042ff51aa,3/4(月) 13:00
alba,ゴルフ総合サイト ALBA Net,LIVで明暗…　マスターズ出場のニーマンが優勝、復帰のアンソニー・キムは最下位に,https://news.yahoo.co.jp/articles/ad60de79dc73ec7bb870be83834cfa0fb16ab318,3/4(月) 12:30
alba,ゴルフ総合サイト ALBA Net,渋野日向子のキャディと急きょタッグ　西村優菜「本当に感謝です」,https://news.yahoo.co.jp/articles/ec73666f8d7fb0c60eacf07d08458ddb79682c12,3/4(月) 12:00
alba,ゴルフ総合サイト ALBA Net,澁澤莉絵留が清水地所とスポンサー契約締結「活躍できるように精一杯頑張ります！」,https://news.yahoo.co.jp/articles/73759845c48f7c1e133e7ce51e699cd1716d121d,3/4(月) 11:43
alba,ゴルフ総合サイト ALBA Net,女子ツアーに本格供給されたオデッセイの合体作、『Ai-ONE TRI-BEAM』の注目ポイントは？,https://news.yahoo.co.jp/articles/6e384fff766133ba66c18d587f873dd675a5e57d,3/4(月) 11:40
alba,ゴルフ総合サイト ALBA Net,西郷真央は逆転Vならず　次戦は中国の米女子ツアー「気持ちを切り替えて」,https://news.yahoo.co.jp/articles/f65cc9849cc657e6cd585621e741ef8489fed602,3/4(月) 9:30
alba,ゴルフ総合サイト ALBA Net,米男子は日没順延　2015年以来のマンデーフィニッシュへ,https://news.yahoo.co.jp/articles/5d0feead8ee31b32f26270d3aa8007f5a2c0ec27,3/4(月) 9:03
alba,ゴルフ総合サイト ALBA Net,ホアキン・ニーマンが今季2勝目で約6億円を獲得　香妻陣一朗は31位,https://news.yahoo.co.jp/articles/23dee7af46d43a2589f7cff054a9541a5030ecd4,3/4(月) 8:30
alba,ゴルフ総合サイト ALBA Net,天本ハルカの開幕戦はトップ5入り　初の“フル切符”を手に勝利にこだわるシーズンへ,https://news.yahoo.co.jp/articles/424958bf84d80fad8d219c88895df884666e2fc2,3/4(月) 8:00
alba,ゴルフ総合サイト ALBA Net,ジョーダン・ガンバーグがツアー初優勝　星野陸也は36位,https://news.yahoo.co.jp/articles/d256c9306e3727ca1c5edd52c04be4162c9dfeb6,3/4(月) 7:30
alba,ゴルフ総合サイト ALBA Net,畑岡奈紗がシンガポールで初のトップ10入り　次は米本土戦「アメリカで優勝できるように」,https://news.yahoo.co.jp/articles/786e35cddcdd0d19edc637129fb22d789c7002e6,3/4(月) 7:00
alba,ゴルフ総合サイト ALBA Net,タイガーが今年の“ボブ・ジョーンズ賞”に選出！　USGA発表,https://news.yahoo.co.jp/articles/958ba60e7ee5b4146ec12a0ecca023111dd14554,3/3(日) 18:45
alba,ゴルフ総合サイト ALBA Net,笹生優花が週末に55→17位急浮上　朝イチから大まくり「72時間寝たい（笑）」,https://news.yahoo.co.jp/articles/3b51a70fe5b610b516c19ea98ccd99cf96a047ec,3/3(日) 18:18
alba,ゴルフ総合サイト ALBA Net,岩井千怜が“有言実行”で涙のV　メンタル勝負の18Hは「辛かった」,https://news.yahoo.co.jp/articles/719543c4c4304d04ff5933bee3454d85eb14c3af,3/3(日) 17:45
alba,ゴルフ総合サイト ALBA Net,西村優菜が自画自賛の『66』　今季2試合目にして3位「きょうの自分は褒められる（笑）」,https://news.yahoo.co.jp/articles/b308adc34bf6658d7ae9a63009dbc1bcd8c0d9ac,3/3(日) 17:36
alba,ゴルフ総合サイト ALBA Net,「行ってよかった」アリゾナ合宿　佐久間朱莉は“パット女王”の技盗み7カ月ぶりトップ10,https://news.yahoo.co.jp/articles/e41f662be687896847a85d6019c38ab16c054fc8,3/3(日) 17:09
alba,ゴルフ総合サイト ALBA Net,逃げ切りVならず　古江彩佳が悔やむ一打「懲りずにしっかりいくだけ」,https://news.yahoo.co.jp/articles/d580f3c3149d9e6dd8f3bb7feb7840dbbb9b2045,3/3(日) 16:24
alba,ゴルフ総合サイト ALBA Net,原英莉花は最後に『68』も不満…「スタートダッシュできなかった」,https://news.yahoo.co.jp/articles/3f6f836850bb943fc8a0b02efdd9657e07a3948c,3/3(日) 15:33
alba,ゴルフ総合サイト ALBA Net,古江彩佳は「75」でV逸　西村優菜と畑岡奈紗3位、H・グリーンが4勝目,https://news.yahoo.co.jp/articles/ca870553a22d53f22c3585905772fe9424786c35,3/3(日) 15:13
alba,ゴルフ総合サイト ALBA Net,岩井千怜が大会新記録のトータル18アンダー「無心で攻めて攻めて攻めまくった」,https://news.yahoo.co.jp/articles/bb87dc35160ce49e853f126d2a7e5c7db0445609,3/3(日) 15:00
alba,ゴルフ総合サイト ALBA Net,飛ばし屋・幡地隆寛がアジアンツアー初優勝　「67」で1差逆転,https://news.yahoo.co.jp/articles/66f5e7e7a55cfc62c5a7f1784924f1465db4e41a,3/3(日) 14:42
alba,ゴルフ総合サイト ALBA Net,岩井千怜が大会新記録で開幕戦V　西郷真央2位、森田理香子は36位,https://news.yahoo.co.jp/articles/f4b25696227d14445ffbaddaeb8a5c6fa359ee5c,3/3(日) 14:07
alba,ゴルフ総合サイト ALBA Net,＜速報＞西村優菜がバーディラッシュ「66」　暫定4位でホールアウト,https://news.yahoo.co.jp/articles/7ad4a49ad26dd4ee8f572316917806685defb197,3/3(日) 13:51
alba,ゴルフ総合サイト ALBA Net,「完走できてよかった」森田理香子の第二章　復帰戦は“100点満点”,https://news.yahoo.co.jp/articles/f9a54610284a3e98c7c2758100aa281dc6224b0f,3/3(日) 13:36
alba,ゴルフ総合サイト ALBA Net,10K対決はピンに軍配!?　佐久間朱莉使用の『G430 MAX 10K』が 3週連続で1位【ドライバー売り上げランキング】,https://news.yahoo.co.jp/articles/b169b4a1ec3917f51d5ad1c51350e46cec57fea0,3/3(日) 13:00
alba,ゴルフ総合サイト ALBA Net,＜中間速報＞古江彩佳が首位タイで後半へ　西村優菜1差、畑岡奈紗は2差追走,https://news.yahoo.co.jp/articles/b1e83791d9956b19e24d33a87b847755413567b2,3/3(日) 12:45
alba,ゴルフ総合サイト ALBA Net,タイガーも参戦！　「プロ・メンバートーナメント」に初出場,https://news.yahoo.co.jp/articles/1b9ddd09523b00503a2b371ec391ca9ddbb35e0f,3/3(日) 12:30
alba,ゴルフ総合サイト ALBA Net,＜速報＞森田理香子はバーディ締め「73」　通算1オーバーで6年ぶり復帰戦終える,https://news.yahoo.co.jp/articles/c326c9aa50573d6143ff0081796cd8beb8bfbe1d,3/3(日) 12:29
alba,ゴルフ総合サイト ALBA Net,＜中間速報＞岩井千怜と西郷真央が首位　仁井優花4差追走,https://news.yahoo.co.jp/articles/7622e03fb8f76255277b84e6899be1f05c427ce2,3/3(日) 11:57
alba,ゴルフ総合サイト ALBA Net,海が怖い？　小祝さくら、3年前の副賞ボートは…【きょうのヒトネタ！】,https://news.yahoo.co.jp/articles/3aba4309aaeae4f200d2978b9974ccc54896cdfe,3/3(日) 11:00
alba,ゴルフ総合サイト ALBA Net,＜速報＞米ツアー2勝目へ　単独首位の古江彩佳がパー発進,https://news.yahoo.co.jp/articles/6d80a8ac3514af815450b22abdda45f86896171f,3/3(日) 10:30
alba,ゴルフ総合サイト ALBA Net,＜速報＞最終組がティオフ　西郷真央バーディ、岩井千怜はパー発進,https://news.yahoo.co.jp/articles/67455e7a252000afaad106eab924cd2babf4934c,3/3(日) 9:57
alba,ゴルフ総合サイト ALBA Net,これまで7度の逃げ切りV、勝率78％　古江彩佳は米初の最終日単独首位から2勝目なるか,https://news.yahoo.co.jp/articles/cc35b3b01d1cc600e9ba22646448317acaee2dce,3/3(日) 9:30
alba,ゴルフ総合サイト ALBA Net,“にい”優花は“さんい”から初V狙う　初めての最終日最終組は「2位はいらない！」【きょうのヒトネタ！】,https://news.yahoo.co.jp/articles/73f07b5325cb75527202f72c1da548c8a7e0379e,3/3(日) 9:20
alba,ゴルフ総合サイト ALBA Net,6年ぶり復活の森田理香子が若手に感じた「熱い」　最終日はヤングVSベテランのドラコン対決!?,https://news.yahoo.co.jp/articles/4a7449754c6952f84a0e884b2dffa4d8f1c34fba,3/3(日) 8:51
alba,ゴルフ総合サイト ALBA Net,久常涼は一打及ばず予選落ち　首位はシェーン・ローリーら3人並ぶ,https://news.yahoo.co.jp/articles/ec782c961c992bc2f5f49551f179fbbd742dd2f2,3/3(日) 8:22
alba,ゴルフ総合サイト ALBA Net,ガマンの先に終盤2バーディ　畑岡奈紗は4打差逆転なるか「ビッグスコアを出せるように」,https://news.yahoo.co.jp/articles/8c26984aed7dd0a630decc61f3600e0425cc445c,3/3(日) 8:00
alba,ゴルフ総合サイト ALBA Net,LIVサウジ大会　香妻陣一朗は17位　首位にホアキン・ニーマン,https://news.yahoo.co.jp/articles/67e85f3bae76a07d5cf17d5a445b6c4e1cf40902,3/3(日) 7:31
alba,ゴルフ総合サイト ALBA Net,星野陸也は「75」で40位へ後退　ダニエル・ブラウン、コナー・サイムが首位,https://news.yahoo.co.jp/articles/5583d6502f6ca3be7d5fdcf339c0dfe75bbe6bfb,3/3(日) 6:23
alba,ゴルフ総合サイト ALBA Net,人気赤シャフトの『VF』『ベンタス』『テンセイ』は5R、5S、6S、6Xで性能が違うの？,https://news.yahoo.co.jp/articles/69ec9a119aef8386af731a9742ad209f4b9faa53,3/2(土) 20:00
alba,ゴルフ総合サイト ALBA Net,西郷真央は“負のスパイラル”で首位陥落　「気持ちを新たに」逆転Vへ,https://news.yahoo.co.jp/articles/e7b8c1e9a53dca485ccb1dead84cf221cb4ceed5,3/2(土) 18:35
alba,ゴルフ総合サイト ALBA Net,首位スタートの最終日は過去何勝？　岩井千怜“逃げ切り”確率,https://news.yahoo.co.jp/articles/58ab40bc3e316a28ffc0e4082f97d2bc4ebf7458,3/2(土) 18:18
alba,ゴルフ総合サイト ALBA Net,“Furue”のスコアは「わ、すごいな（笑）」　西村優菜が目指すトップ10入り,https://news.yahoo.co.jp/articles/0e1bde1b57645c58ca38aff78a47248f88eec7bf,3/2(土) 17:51
alba,ゴルフ総合サイト ALBA Net,小祝さくらはパット“ポン、ポン、ポン”で急浮上,https://news.yahoo.co.jp/articles/1adb88d44cb66ac1ede5fe09ebef721dc87257e8,3/2(土) 17:45
alba,ゴルフ総合サイト ALBA Net,初の単独首位で最終日　古江彩佳が逃げ切りVへ「上を目指して」,https://news.yahoo.co.jp/articles/13517727ce59c56fc58e893e1f54e6ee10b49836,3/2(土) 16:42
alba,ゴルフ総合サイト ALBA Net,6年ぶり決勝Rは“欲”との戦い　森田理香子は28位で最終日へ,https://news.yahoo.co.jp/articles/e644139b141840c9999b5a695a5bf8b9e09fabbb,3/2(土) 16:29
alba,ゴルフ総合サイト ALBA Net,市原弘大、幡地隆寛が1差3位で最終日へ　杉浦悠太は43位,https://news.yahoo.co.jp/articles/f6c23c4f9716635d92666538a637643f4e97426f,3/2(土) 16:13
alba,ゴルフ総合サイト ALBA Net,岩井千怜が開幕戦Vに王手　西郷真央2位、森田理香子は28位,https://news.yahoo.co.jp/articles/6f21c7210fb4e0c118a3cea512fc0f806d03b5eb,3/2(土) 15:56
alba,ゴルフ総合サイト ALBA Net,古江彩佳が米ツアー2勝目に王手　自身初の単独首位で最終日へ,https://news.yahoo.co.jp/articles/d1db977fd216fee023b9523d59664259c9496056,3/2(土) 15:27
alba,ゴルフ総合サイト ALBA Net,＜速報＞森田理香子はバーディフィニッシュ「73」　暫定28位でホールアウト,https://news.yahoo.co.jp/articles/4ab3f5ddffec99cde7090b50ca71acfe3f3a4df1,3/2(土) 14:48
alba,ゴルフ総合サイト ALBA Net,＜中間速報＞西郷真央が単独首位キープ　岩井千怜3差追走,https://news.yahoo.co.jp/articles/d7e8e2dd14fc7ff0f28574c87789d51a3aa6d5fd,3/2(土) 13:30
alba,ゴルフ総合サイト ALBA Net,＜中間速報＞4バーディ奪取の古江彩佳が単独トップ　2位と3差で後半へ,https://news.yahoo.co.jp/articles/4ff9001b0723a88e22f73c5bc5cfb84b74f48b88,3/2(土) 12:49
alba,ゴルフ総合サイト ALBA Net,＜速報＞森田理香子は前半2オーバー　34位でバックナインへ,https://news.yahoo.co.jp/articles/0046a2854d2dd04b56bdcbb093d66568fe357aaf,3/2(土) 12:32
alba,ゴルフ総合サイト ALBA Net,YUNAシャツにYUNAキャップ…　西村優菜に大応援団、その正体は？【きょうのヒトネタ！】,https://news.yahoo.co.jp/articles/1c559403bbb5081436f20e6a6743f2827987a626,3/2(土) 12:01
alba,ゴルフ総合サイト ALBA Net,＜速報＞最終組がティオフ　西郷真央と菊地絵理香パー、岩井千怜バーディ発進,https://news.yahoo.co.jp/articles/80d36adf590fc96b2280f5008414707eb7670576,3/2(土) 11:35
alba,ゴルフ総合サイト ALBA Net,＜速報＞最終組の古江彩佳がスタート　バーディ発進で首位浮上,https://news.yahoo.co.jp/articles/f7768b7ebf28d10cf924eafa03e28c49e60a1942,3/2(土) 10:45
alba,ゴルフ総合サイト ALBA Net,＜速報＞森田理香子が6年ぶり決勝Rティオフ　1番をボギー発進,https://news.yahoo.co.jp/articles/c7a6a6fa31bf430b7a500381342c36668dfacee4,3/2(土) 10:40
alba,ゴルフ総合サイト ALBA Net,シャンクも飛び出し「ひどすぎた」　12年ぶり復帰のアンソニー・キムは“＋6”で最下位発進,https://news.yahoo.co.jp/articles/80708cfa667d69d03972dbd8aafcaa03bad6377b,3/2(土) 10:16
alba,ゴルフ総合サイト ALBA Net,久常涼は予選通過圏外で日没順延に、1打ビハインドで残りは1ホール　マキロイが暫定6位に浮上,https://news.yahoo.co.jp/articles/39e224c03c642360cfd07d4fdcfc9b85fbb3d8d6,3/2(土) 9:50
alba,ゴルフ総合サイト ALBA Net,6年半ぶりの“60台”　予選R飛距離1位の森田理香子、これまでの戦績をおさらい,https://news.yahoo.co.jp/articles/9dcd112c149bbe5a8dab1d46392c53acb5b3e7c7,3/2(土) 9:37
alba,ゴルフ総合サイト ALBA Net,稲見萌寧が体調不良を理由に第3Rスタート前に棄権　SNSを更新「来週の試合には出られるように」,https://news.yahoo.co.jp/articles/edbb51b54b622ab7e6844e5ffc4faa2ba3171caf,3/2(土) 9:10
alba,ゴルフ総合サイト ALBA Net,QT3位の藤田かれんが初ダイキンで予選突破　「いつかは…」見据える先にある副賞は…,https://news.yahoo.co.jp/articles/a0cddae67c2a62448dcd7b5aed59dc511b9d70a5,3/2(土) 8:30
alba,ゴルフ総合サイト ALBA Net,LIVサウジ大会が開幕　香妻陣一朗がボギーフリーの3打差7位発進、首位にジョン・ラームら,https://news.yahoo.co.jp/articles/b56f5fedb48b0df5a80c18d0c5f61960e145810d,3/2(土) 8:18
alba,ゴルフ総合サイト ALBA Net,なぜ森田理香子はツアー撤退前より飛距離が伸びたのか？　3年前の取材で語った「左の壁はいらない」,https://news.yahoo.co.jp/articles/7412f0218db7972256f40bf7c5c1992fd388d633,3/2(土) 8:03
alba,ゴルフ総合サイト ALBA Net,「狙った」チップインパー締めで上位キープ　畑岡奈紗のメリハリ,https://news.yahoo.co.jp/articles/d448ef68e352f485d2fba157ff841dff3f821460,3/2(土) 8:00
alba,ゴルフ総合サイト ALBA Net,菊地絵理香は好調なパターで上位キープ　決勝Rでチャンスをつくるための戦略とは？,https://news.yahoo.co.jp/articles/17ce14dfd3ea53e4d0e172c6e591b3221de81a1e,3/2(土) 7:30
alba,ゴルフ総合サイト ALBA Net,星野陸也は連日の「71」で24位浮上　中島啓太は予選落ち,https://news.yahoo.co.jp/articles/25def7a83534824d60ac1b9cb867d6f596d02968,3/2(土) 7:00
alba,ゴルフ総合サイト ALBA Net,「低価格帯なのに飛んで曲がらない」　新『D1』は 200円安くなった!? 【ボール売り上げランキング】,https://news.yahoo.co.jp/articles/c7a0da1612b21b9d0803453b1db5e20283c76b09,3/1(金) 20:00
alba,ゴルフ総合サイト ALBA Net,開幕戦から“直ドラ”さく裂　岩井千怜は晴れでも雨でもお構いなし「自信はスゴくある」,https://news.yahoo.co.jp/articles/ce01d77f3cc6a804ae6db35e1a2425cd2040e3ad,3/1(金) 18:56
alba,ゴルフ総合サイト ALBA Net,青木功がJGTO会長を退任へ　4期8年の長期政権にピリオド,https://news.yahoo.co.jp/articles/f5e13aa3f9997441a076c98d88389b5f3535092e,3/1(金) 18:49
alba,ゴルフ総合サイト ALBA Net,マキロイはゴルフ人生の“バックナイン”突入？「10番か11番くらいかな」,https://news.yahoo.co.jp/articles/0e1f66040105135813d3d68b2990dbb21fdd9a29,3/1(金) 18:30
alba,ゴルフ総合サイト ALBA Net,雨が降ったら“夢”を見る…？　荒川怜郁は悔いが残るも目標達成,https://news.yahoo.co.jp/articles/f795fe2de026ad402c21c3a7248ff8e37e2c74a4,3/1(金) 18:18
alba,ゴルフ総合サイト ALBA Net,「リランキングも下位だと意味がない」　原江里菜が初戦で8カ月ぶりの予選突破,https://news.yahoo.co.jp/articles/a926189146aacbf00370a0185d9ec8171482e984,3/1(金) 18:05
alba,ゴルフ総合サイト ALBA Net,西村優菜は畑岡奈紗と米ツアー初の同組　パット決め切れず後退「すごく悔しい一日」,https://news.yahoo.co.jp/articles/56932449652a44f8076f2afd32533bc52b875ba8,3/1(金) 18:00
alba,ゴルフ総合サイト ALBA Net,杉浦悠太は「65」で7位浮上　日本勢9人が決勝進出,https://news.yahoo.co.jp/articles/315836737ecb8a3f05f9d49bdee031d4928871ce,3/1(金) 17:54
alba,ゴルフ総合サイト ALBA Net,「完璧」なホールインワン寸前ショットも　古江彩佳は4連続バーディで2位に急浮上,https://news.yahoo.co.jp/articles/c42f6eeff840358739cfc971bb2ef86b15420534,3/1(金) 17:31
alba,ゴルフ総合サイト ALBA Net,えっ、そこから打つの!?　ジャスティン・ローズが見せた奇跡のリカバリーショット,https://news.yahoo.co.jp/articles/601bc2442c16116c35aefb0c1b638f902cdbb37f,3/1(金) 17:26
alba,ゴルフ総合サイト ALBA Net,仁井優花が“鬼門”突破　80点のゴルフで決勝R進出,https://news.yahoo.co.jp/articles/b74ea20c7f188f1b534688127e0a99975d9a17ca,3/1(金) 17:17
alba,ゴルフ総合サイト ALBA Net,西郷真央が単独首位で決勝へ　森田理香子は6年ぶり予選通過,https://news.yahoo.co.jp/articles/539a091b039638c910994a7fba25c6374bd7ba61,3/1(金) 16:43
alba,ゴルフ総合サイト ALBA Net,古江彩佳が2位で週末へ　畑岡奈紗4位、西村優菜は27位,https://news.yahoo.co.jp/articles/dfab38cc3b92d8177427a7ed63667d1e0f5b9666,3/1(金) 16:08
alba,ゴルフ総合サイト ALBA Net,「自分で天才やなと思った（笑）」森田理香子が圧巻4連続バーディ！　6年ぶりの予選通過へ,https://news.yahoo.co.jp/articles/18740414e439959648a66a458472dc1a307232ff,3/1(金) 15:55
alba,ゴルフ総合サイト ALBA Net,＜速報＞古江彩佳が猛攻7バーディ「67」　暫定2位でホールアウト,https://news.yahoo.co.jp/articles/8c390e129686efb2f898a6f84e0c15335632ee7c,3/1(金) 15:21
alba,ゴルフ総合サイト ALBA Net,ノリノリで踊るフリーアナの鷲見玲奈　ミニスカ・ニーハイの可愛らしさに「反則だね」とファンは悶絶,https://news.yahoo.co.jp/articles/97c9171a6c57de4a7be7d356ff8b07b5d5900c23,3/1(金) 15:07
alba,ゴルフ総合サイト ALBA Net,＜速報＞森田理香子、6年ぶり予選通過へ　5バーディ奪取で暫定20位,https://news.yahoo.co.jp/articles/3a79335ba5082af0d63bf362000b1a5e7d5676b5,3/1(金) 14:46
alba,ゴルフ総合サイト ALBA Net,ニトリが菅楓華と所属契約を締結　「常に上位で戦えるプロゴルファーを目指して」,https://news.yahoo.co.jp/articles/673fd9719fb08b6cde52aed2fa11d75595e49614,3/1(金) 14:33
alba,ゴルフ総合サイト ALBA Net,Netflix『フルスイング』シーズン2がまもなく公開   ライダーカップに選考漏れしたK・ブラッドリーのその瞬間も,https://news.yahoo.co.jp/articles/3f4ac8dfef77ca13625fae0d9d74d303c742ced6,3/1(金) 14:00
alba,ゴルフ総合サイト ALBA Net,開幕戦を迎えた青木瀬令奈と櫻井心那　遠く台湾から日本2勝のあの人がエール！,https://news.yahoo.co.jp/articles/b8f901144c6b4cf9d4c787c6db4c325617dd3bd0,3/1(金) 12:57
alba,ゴルフ総合サイト ALBA Net,森田理香子、女子プロでは稀な3番アイアンを使用、ウッドはわずか2本のみ【春のクラブチェック】,https://news.yahoo.co.jp/articles/5a77df6e8454038e07e813d3529d464181cff278,3/1(金) 12:47
alba,ゴルフ総合サイト ALBA Net,＜速報＞畑岡奈紗が日本勢トップの10位　首位と4差で後半へ,https://news.yahoo.co.jp/articles/7c5f6a75e882a3c4370b8a431ff1494eb3fed5d8,3/1(金) 12:40
alba,ゴルフ総合サイト ALBA Net,「大事に使ってくれているみたい」　畑岡奈紗の“ビッグシスター”が欲しがった日本のお土産【きょうのヒトネタ！】,https://news.yahoo.co.jp/articles/fa0db905336e659bae55d5733f9d5327a12c5cec,3/1(金) 12:00
alba,ゴルフ総合サイト ALBA Net,次のラウンドは誰とする？　上手い人とのラウンドは「不快」だからこそ上達できる【心理学者に聞いた】,https://news.yahoo.co.jp/articles/2fd948e1f78440bc0f7f6f0302dc6cf6f5c8c8af,3/1(金) 11:32
alba,ゴルフ総合サイト ALBA Net,＜速報＞6年ぶり復帰の森田理香子が4連続バーディ奪取　通算2アンダーで後半へ,https://news.yahoo.co.jp/articles/4888f4989db984c977b5ee5ca51b0e8e6846b9bd,3/1(金) 11:28
alba,ゴルフ総合サイト ALBA Net,「アメリカのご飯は私に合っている」と勝みなみ　息抜きは大谷翔平と新日本プロレスで米国生活ではストレスなし,https://news.yahoo.co.jp/articles/775868d249a57ff2afb5ca52f100fac80cdc81b5,3/1(金) 11:15
alba,ゴルフ総合サイト ALBA Net,ボギーフリーも久常涼はかみ合わなさ感じる一日に「パットがあまり…」　次週の“格上げ大会”出場もかかる一戦,https://news.yahoo.co.jp/articles/80d8639d3bf0b30c69dbac0be01ab98be1929080,3/1(金) 11:00
alba,ゴルフ総合サイト ALBA Net,吉田優利が素敵なコーデの2ショットを公開　その驚きのお相手は？,https://news.yahoo.co.jp/articles/1d8367ca22dd902b4e26f2e46e5b9862309e39f6,3/1(金) 10:45
alba,ゴルフ総合サイト ALBA Net,＜速報＞シンガポール戦の2日目スタート　西村優菜バーディ、畑岡奈紗パー発進,https://news.yahoo.co.jp/articles/6364ce19b2001449b7855fd94ab0cfd63e32f910,3/1(金) 10:17
alba,ゴルフ総合サイト ALBA Net,「株は美人投票」が基本中の基本!?　ゴルフ資金調達に向けて、株式投資のイロハを教えてもらった！,https://news.yahoo.co.jp/articles/a33d1489036ce3b6e1467bf8c430308b7cf8c980,3/1(金) 10:03
alba,ゴルフ総合サイト ALBA Net,原英莉花の国内初日は『73』　“琉球”に翻弄され「しんどいラウンド」,https://news.yahoo.co.jp/articles/31e36df72383f8cf8a62bb40ef443f2257f4b6fa,3/1(金) 10:00
alba,ゴルフ総合サイト ALBA Net,久常涼はボギーフリーで暫定30位　ローリー・マキロイは16位で滑り出し,https://news.yahoo.co.jp/articles/703402a70a789e65ab5f82780a3abe6669c7ae80,3/1(金) 9:50
alba,ゴルフ総合サイト ALBA Net,3季連続女王がかかる山下美夢有は不完全燃焼のスタート　「とりあえずきょうのことは忘れて」,https://news.yahoo.co.jp/articles/b2424308bbe099687f3d951d76f24512639fa69f,3/1(金) 9:30
alba,ゴルフ総合サイト ALBA Net,予想外の組み合わせが好発進の要因？　菊地絵理香は喜びのあまり“普段しないこと”も…,https://news.yahoo.co.jp/articles/c16d6687fb2e0fdab8f3f904aa959fa61e5e89d1,3/1(金) 9:19
alba,ゴルフ総合サイト ALBA Net,“白く”見えるグリーンに苦戦　稲見萌寧は出遅れ「少しきつかった」,https://news.yahoo.co.jp/articles/8f3816dec03b8fb087472c0f23c9d01eb69b6395,3/1(金) 9:00
alba,ゴルフ総合サイト ALBA Net,25歳・天本ハルカが上位発進　「考えすぎずにできた」要因になった伊澤利光からの言葉とは？,https://news.yahoo.co.jp/articles/b480a55dff1219a89521521f22b74b6800253bab,3/1(金) 8:30
alba,ゴルフ総合サイト ALBA Net,難ホールでチップインバーディも　最も“3パットをしない”吉本ひかるが24年好発進,https://news.yahoo.co.jp/articles/5866d5b6f5efe748478d5bbba5fa39ff16abcbdb,3/1(金) 7:30
alba,ゴルフ総合サイト ALBA Net,星野陸也は41位タイ発進　中島啓太は「80」の乱調で大きく出遅れ,https://news.yahoo.co.jp/articles/2f07090e16a8459d9cdb487014359a5209d7f414,3/1(金) 7:15
alba,ゴルフ総合サイト ALBA Net,感覚と結果に「ギャップ」がありながらも好感触　西村優菜は1アンダー発進,https://news.yahoo.co.jp/articles/b9c45ea05b8455f722893764427dd57043c414c6,3/1(金) 7:00
alba,ゴルフ総合サイト ALBA Net,キャロウェイ新作は煙が立つほど速く飛ぶの？　上田桃子、河本結に聞いてみた,https://news.yahoo.co.jp/articles/959ae43c0c9b70e22fc1a06c41acd05a323d5a4c,2/29(木) 20:00
alba,ゴルフ総合サイト ALBA Net,森田理香子、6年ぶりの出場なのに平均飛距離1位！11番では300ydもマーク,https://news.yahoo.co.jp/articles/563a5d24503ae5db2df9c432f1453b1691c5d896,2/29(木) 19:48
alba,ゴルフ総合サイト ALBA Net,佐藤大平が日本勢トップの18位発進　杉浦悠太38位、中野麟太郎は51位,https://news.yahoo.co.jp/articles/b6bd5610d181ba2ddb628eded474b6e82e41624d,2/29(木) 19:06
alba,ゴルフ総合サイト ALBA Net,元エージェントがマキロイのLIV入りを示唆？　本人は「どうだろう」とニヤリ,https://news.yahoo.co.jp/articles/ee0ac41f0349bf943be466d976160ebc8c2ff2aa,2/29(木) 18:58
alba,ゴルフ総合サイト ALBA Net,米ツアーでの好調維持　岩井千怜が単独首位発進「バーディを獲って元気を届けたい」,https://news.yahoo.co.jp/articles/bb7808d08a67df974da4fc555c4be30c24bb1698,2/29(木) 18:42
alba,ゴルフ総合サイト ALBA Net,“食堂の娘”高1の『マーナ』が好発進　故郷の大先輩・宮里藍の教えで開眼,https://news.yahoo.co.jp/articles/a02e562cbcb5f9c5904b5f7b8dc5b67a4bd26260,2/29(木) 18:22
alba,ゴルフ総合サイト ALBA Net,「どん底」からの復活劇へ　渡邉彩香が再起に向けた初戦で上位発進,https://news.yahoo.co.jp/articles/105fdf7f8eb94971ba9cfd23233116d209076255,2/29(木) 17:55
alba,ゴルフ総合サイト ALBA Net,風も頭も“ぐるぐる”　古江彩佳は「信じない」マネジメントで好発進,https://news.yahoo.co.jp/articles/527eac0219d25b37e7f97141eb3cd60dfe9a7b89,2/29(木) 17:38
alba,ゴルフ総合サイト ALBA Net,「泣きそうになりました」　復帰戦の森田理香子は岡本綾子登場に驚き,https://news.yahoo.co.jp/articles/3e262cf2b04081a2381e38522f6930379bd85cc7,2/29(木) 17:08
alba,ゴルフ総合サイト ALBA Net,『ST-MAX 230』は練習場よりコースで威力を発揮!?　HS40m/sでもMAX240ヤード！コスパも良し！,https://news.yahoo.co.jp/articles/3c3268e38d9c6e392f681ffe9acd7c8bc76eea7e,2/29(木) 17:00
alba,ゴルフ総合サイト ALBA Net,岩井千怜が単独首位発進　西郷真央、菊地絵理香ら2位,https://news.yahoo.co.jp/articles/c7eb892b239ebd5ff71770ed2e44476ff2fdf43c,2/29(木) 16:41
alba,ゴルフ総合サイト ALBA Net,西村優菜、古江彩佳、畑岡奈紗が10位発進　稲見萌寧は出遅れ53位,https://news.yahoo.co.jp/articles/f91f2c061c949ad0170fd0729d32a3838d28fff2,2/29(木) 16:37
alba,ゴルフ総合サイト ALBA Net,タイガー使用で話題の新ボール『TOUR Bシリーズ』　西郷真央、原英莉花らに感想を聞いてみた,https://news.yahoo.co.jp/articles/4a69d395a14dece87b8d1943ea2cc35c00bb42da,2/29(木) 16:23
alba,ゴルフ総合サイト ALBA Net,「お肉は300グラム ご飯2杯」 笠りつ子が特大ステーキをペロリとたいらげてパワー満タン！,https://news.yahoo.co.jp/articles/fbe74ef9db2f49a8216487f0003020523a5713a8,2/29(木) 16:15
alba,ゴルフ総合サイト ALBA Net,グローブライドが小林光希と用具使用契約を締結　昨年は3回のホールインワン,https://news.yahoo.co.jp/articles/4ebdeb6d22c82cf52388d42e956539aea5767ccd,2/29(木) 16:12
alba,ゴルフ総合サイト ALBA Net,アン・シネは「涼しげな」“沖縄ブルー”でギャラリー魅了　『77』のラウンドには「これから修正して」,https://news.yahoo.co.jp/articles/dd1e89543e2c17758c666316cfa15b308f1d419c,2/29(木) 15:42
alba,ゴルフ総合サイト ALBA Net,人気ブランドの大会限定グッズをゲット　ご満悦の表情で木戸愛が披露,https://news.yahoo.co.jp/articles/051114ecb96c78e820240952a441cedc9db18fea,2/29(木) 15:01
alba,ゴルフ総合サイト ALBA Net,全英覇者の趣味は弓矢を使った“ハンティング”　プロポーズは七面鳥狩りをしながら!?,https://news.yahoo.co.jp/articles/9355d9294716163498cdb57763635449cd2ac07f,2/29(木) 14:03
alba,ゴルフ総合サイト ALBA Net,“スパイダーマン”ビジェガスが選手理事会長選出　25年からスピースに代わり,https://news.yahoo.co.jp/articles/dba907b829116b4d05a1dcec68eb0b3c9643801f,2/29(木) 14:00
alba,ゴルフ総合サイト ALBA Net,開幕戦で好発進　新垣比菜は直前に“ブルーシャフト”に変更【春のクラブチェック】,https://news.yahoo.co.jp/articles/9e575ff941f961b3dd8978a278dc9376a46be87b,2/29(木) 13:45
alba,ゴルフ総合サイト ALBA Net,＜中間速報＞岩井千怜、新垣比菜、吉本ひかる首位　渡邉彩香ら1差追走,https://news.yahoo.co.jp/articles/d2357b6f879d774390165fc0a917634d6c8f0476,2/29(木) 13:39
alba,ゴルフ総合サイト ALBA Net,まさにボストンのレジェンド！　ローリー・マキロイと “ビッグ・パピ” の超豪華な2ショット,https://news.yahoo.co.jp/articles/258cdbf72005188fea6bd7a0ced32538b1ff063f,2/29(木) 13:38
alba,ゴルフ総合サイト ALBA Net,＜速報＞笹生優花が首位と1差追走　1カ月ぶり出場の稲見萌寧は苦戦,https://news.yahoo.co.jp/articles/64c650f7f3d7c02f4eb5d8be1b675b1231900bc7,2/29(木) 13:32
alba,ゴルフ総合サイト ALBA Net,目線一つ変えるだけ！　ツアー優勝プロもやっているインテンショナルフックの打ち方,https://news.yahoo.co.jp/articles/d25314d2f3ba8b0f328624d336ebcb5be1c54b17,2/29(木) 13:30
alba,ゴルフ総合サイト ALBA Net,18番に“やっかい”な巨大バンカー新設　選手たちはどう攻める？,https://news.yahoo.co.jp/articles/34250906a2d59c5b8c18a41b788253a1299f69a1,2/29(木) 12:30
alba,ゴルフ総合サイト ALBA Net,国内女子ツアーがスロープレーに罰金制導入　“累積カウント”で仕組み変更,https://news.yahoo.co.jp/articles/e002867cc09f993e8b8b2b8370527d296f7480de,2/29(木) 12:20
alba,ゴルフ総合サイト ALBA Net,＜速報＞今季イーグル第1号は岩井千怜　開始4ホールで4アンダー,https://news.yahoo.co.jp/articles/02e06617eff55c56a52f88f73ccae88f9b54c523,2/29(木) 12:04
alba,ゴルフ総合サイト ALBA Net,仲良く『2・0・2・4』　プラチナ2人が元気にサービス【きょうのヒトネタ！】,https://news.yahoo.co.jp/articles/46b955b897070ffdcff25a5c15e5143a575e7178,2/29(木) 12:00
alba,ゴルフ総合サイト ALBA Net,岩井ツインズ＆小祝さくらによる海辺のウクレレセッションも？ 選手たちが明かす今年の目標,https://news.yahoo.co.jp/articles/a6fa7d2a2c55a0688b82f6f65af5e7c8700f7705,2/29(木) 11:40
alba,ゴルフ総合サイト ALBA Net,上原彩子のバッグを担ぐのは地元同学年のプロゴルファー!?【きょうのヒトネタ！】,https://news.yahoo.co.jp/articles/d936dda9b2102a524510495bfa042d522d020f85,2/29(木) 11:30
alba,ゴルフ総合サイト ALBA Net,先・中・手元　なぜ上級者やクラブに詳しいゴルファーは『シャフトの調子』にこだわるのか? 【フィッターに聞く】,https://news.yahoo.co.jp/articles/b2681ef777222204db32e38fc53332001854c21e,2/29(木) 11:21
alba,ゴルフ総合サイト ALBA Net,岩井千怜の開幕14本は昨季とどう違う？海外でピンク1Wの出来も◎【春のクラブチェック】,https://news.yahoo.co.jp/articles/c9828da58fe17ebbf8be44fe26040c63eb4ab631,2/29(木) 11:11
alba,ゴルフ総合サイト ALBA Net,7年ぶりにウェッジ変更！　鈴木愛が惚れて惚れぬいた一品【春のクラブチェック】,https://news.yahoo.co.jp/articles/a8550edafb298aadcebc32d540d548c8e1e91ce7,2/29(木) 10:38
alba,ゴルフ総合サイト ALBA Net,＜速報＞稲見萌寧はパー発進　このあと日本勢続々スタート,https://news.yahoo.co.jp/articles/c7f91a5e9fd9098409af493d0b85afb1e2753729,2/29(木) 10:14
alba,ゴルフ総合サイト ALBA Net,アンソニー・キムが12年ぶりカムバック　今季の残りもLIVゴルフ参戦へ,https://news.yahoo.co.jp/articles/ebd6b194aace973e2b0583bbaa22c8c61049ceee,2/29(木) 10:00
alba,ゴルフ総合サイト ALBA Net,まるでアラブから来た王女様　マスクウーマンの正体は？【きょうのヒトネタ！】,https://news.yahoo.co.jp/articles/75644e8973d9a58a68946e3f2bbc1aac5de08210,2/29(木) 9:30
alba,ゴルフ総合サイト ALBA Net,＜速報＞女子開幕戦スタート　2024年初バーディは内田ことこ,https://news.yahoo.co.jp/articles/94b3639802dce58fa2b042d86f520c3cba4ff230,2/29(木) 8:46
alba,ゴルフ総合サイト ALBA Net,旅行、ゴルフ、過酷な体験も…　小祝さくらは“充実のオフ”からリベンジ戦に挑む,https://news.yahoo.co.jp/articles/85553da7d87b9310763fcd7f02accb8d31131f3c,2/29(木) 8:21
alba,ゴルフ総合サイト ALBA Net,女王が歴史に名を刻む!?　グリーンメモが大きく変更で“感性”勝負【大西翔太のSHOWTIME】,https://news.yahoo.co.jp/articles/8892191b939bc3e335a56c40b36104af3d7cc3d3,2/29(木) 8:05
alba,ゴルフ総合サイト ALBA Net,“硬・速”グリーンは新クラブで攻略　畑岡奈紗は「アイアンの高さを生かして」,https://news.yahoo.co.jp/articles/9945fbea15b5e368d1db587e5252bfd9ecad5f48,2/29(木) 7:38
alba,ゴルフ総合サイト ALBA Net,歴史的アマVでプロ転向した杉浦悠太　ルーキーイヤーは日本の「賞金王」を狙う【特別インタビュー】,https://news.yahoo.co.jp/articles/5c1e895df760751c4fd97f6eb0cbc2441b17ba93,2/29(木) 7:30
alba,ゴルフ総合サイト ALBA Net,ハードスケジュールなんのその　歴代覇者・西郷真央が2年ぶり開幕戦へ,https://news.yahoo.co.jp/articles/7d1f38bd4249c5bb81d88053db1acaf4add2faa4,2/29(木) 7:00
alba,ゴルフ総合サイト ALBA Net,寒暖差によるむくみを“トレーニング”で解決　稲見萌寧は1カ月ぶりの米ツアー,https://news.yahoo.co.jp/articles/c12e67224eab935e41369bfb94b1ec5387987ce8,2/28(水) 18:55
alba,ゴルフ総合サイト ALBA Net,米ツアー進出へ仕上げの年　櫻井心那が勝利量産体制に「たくさん勝ちたい」,https://news.yahoo.co.jp/articles/cad1fcd5e1a189c0d11929810263abc6f0c4b609,2/28(水) 18:38
alba,ゴルフ総合サイト ALBA Net,「難しいホールに変わった」　古江彩佳は“土砂降りバーディ”の思い出深い18番に要警戒,https://news.yahoo.co.jp/articles/eb644879cce2478878edd8aa21f20fcaf0f5d07b,2/28(水) 18:22
alba,ゴルフ総合サイト ALBA Net,歴代チャンプ復活！　森田理香子が縁起のいい大会で6年ぶりのツアー参戦,https://news.yahoo.co.jp/articles/c5b404c6472bc502d0bcf351f4f65a474cdf8d29,2/28(水) 17:44
alba,ゴルフ総合サイト ALBA Net,上原彩子の24年は世界一周!?　ケニアで開幕→沖縄→米国、欧州ツアーへ「楽しみしかない」,https://news.yahoo.co.jp/articles/e8cf382463ca9aead33849ad89b675babf009de3,2/28(水) 17:34
alba,ゴルフ総合サイト ALBA Net,松山英樹は『レジェンドホスト大会』に強い　米ツアー1勝目は“帝王の庭”で達成,https://news.yahoo.co.jp/articles/24a66c87d0d0167d2199df6e5058fe807ce9bac0,2/28(水) 17:00
alba,ゴルフ総合サイト ALBA Net,一見難しそうだけど『BLUEPRINT S』は幅広いゴルファーのスコアアップに貢献できる！,https://news.yahoo.co.jp/articles/f683e04f6cc0a7bfcbab02ef446c53e8e5e70053,2/28(水) 17:00
alba,ゴルフ総合サイト ALBA Net,「岩井明愛らしく」日本初戦へ　海外2試合で得た重要なこととは？,https://news.yahoo.co.jp/articles/d09282b6c7661f54d3805f854d90cae5f12af51d,2/28(水) 16:58
alba,ゴルフ総合サイト ALBA Net,同期二人の祝福は「温かかった」　川崎春花が台湾Vから“はじめて”のダイキンへ,https://news.yahoo.co.jp/articles/3c81c458d86164f5b099685d4a251279f9e79670,2/28(水) 16:29
alba,ゴルフ総合サイト ALBA Net,女王・山下美夢有の2024年シーズンが開幕　今年は“苦戦するゴルフ”克服へ,https://news.yahoo.co.jp/articles/1326ead8b9bb8b86de734d72286aa08031add91b,2/28(水) 15:56
alba,ゴルフ総合サイト ALBA Net,小祝さくらがプレーヤーズ委員長に就任「ツアーを盛り上げていけるように」,https://news.yahoo.co.jp/articles/c0b718e53708d8828291124f524e34c8b4038463,2/28(水) 15:23
alba,ゴルフ総合サイト ALBA Net,パット巧者の青木瀬令奈が、“レベルブロー”に打つために取り入れている不動裕理の練習法,https://news.yahoo.co.jp/articles/428b3d8330fe4acdd925e9b35407f7c94b8a9876,2/28(水) 14:00
alba,ゴルフ総合サイト ALBA Net,ペ・ソンウの笑顔はディズニーのキャラみたい？　新しいウェアの発表に思わぬ反響,https://news.yahoo.co.jp/articles/3fca6b2a583f470f48da25a06982b69ff633a0db,2/28(水) 13:09
alba,ゴルフ総合サイト ALBA Net,LIVのグーチがマスターズに“恨み節”？「マキロイが勝ってもグランドスラムじゃない」,https://news.yahoo.co.jp/articles/a8df1a2e292efbe9f6e6a5165103eadb94b7e3cf,2/28(水) 13:00
alba,ゴルフ総合サイト ALBA Net,アジアンツアー・ニュージーランド戦に日本勢19人が出場　昨年アマVの杉浦悠太は幡地隆寛と同組,https://news.yahoo.co.jp/articles/49c2dbaf55589b0b8c4c1dbf87630f490848d8a4,2/28(水) 12:30
alba,ゴルフ総合サイト ALBA Net,持ち前の探究心で料理人から練習場支配人に転身！ 気になるその年収は？,https://news.yahoo.co.jp/articles/e9ee45bcef73251c6cb993edf76bc2fe8bd9cb12,2/28(水) 12:15
alba,ゴルフ総合サイト ALBA Net,プロでは稀な“ソフト派”だった神谷そらが『クロムツアーX』に！でも、上田桃子と打感評は真逆！？,https://news.yahoo.co.jp/articles/a56f961b717589a093f752e5217df0e5a7419c8c,2/28(水) 12:12
alba,ゴルフ総合サイト ALBA Net,世界ランクトップ10からは8人参戦　“アジアのメジャー”出場者が豪華,https://news.yahoo.co.jp/articles/c640e607f332bdfc8b269efac0a1d6b0ba668590,2/28(水) 12:00
alba,ゴルフ総合サイト ALBA Net,柏原明日架が延田グループとスポンサー契約締結「たくさんの方々を“笑顔”にしたい」,https://news.yahoo.co.jp/articles/b58aaa4dd1a9b89e325b4956eb23bdd4d76ef222,2/28(水) 11:47
alba,ゴルフ総合サイト ALBA Net,明日、いよいよ女子ツアー開幕！～すでに”観戦“熱は高まっているはず～ 【原田香里のゴルフ未来会議】,https://news.yahoo.co.jp/articles/70b0824ea2822f602cefe8856710e2358b1c9ee4,2/28(水) 11:30
alba,ゴルフ総合サイト ALBA Net,これはコースで無くせない！ダンロップ『2023 JLPGAツアー勝率No.1記念 優勝選手サインボールアソートBOX』、3月8日限定デビュー,https://news.yahoo.co.jp/articles/d2d11783d9ab411ce346bfdc4f36bd6c5cbc8b2f,2/28(水) 11:16
alba,ゴルフ総合サイト ALBA Net,師匠のジャンボから受けた“ツッコミ”「毎年聞いてるけどな」　原英莉花は春先Vを目標に,https://news.yahoo.co.jp/articles/2d2b91501c7428eec80f0339329902e915bfcc29,2/28(水) 11:00
alba,ゴルフ総合サイト ALBA Net,「え？ まんなか誰なん？」 高校時代の後藤未有の激細スタイルにファンもビックリ！,https://news.yahoo.co.jp/articles/dbb6c047cfe4b775d9a0d2a957623f9156dfcaaf,2/28(水) 10:58
alba,ゴルフ総合サイト ALBA Net,マキロイが3億6000万円を獲得！　「ザ・マッチ」は初の男女ミックス戦で開催,https://news.yahoo.co.jp/articles/1d3b5f86b07d2e3cc183c60eeb356def32d3c157,2/28(水) 10:47
alba,ゴルフ総合サイト ALBA Net,櫻井心那、開幕の14本は昨年ベース「1Wはフェード、ウェッジはドローが打てるモノ」【春のクラブチェック】,https://news.yahoo.co.jp/articles/1340259d27697176fe864835ed8499e014d5eb23,2/28(水) 10:36
alba,ゴルフ総合サイト ALBA Net,大和ハウス工業が桑木志帆、浜崎未来と所属契約を締結,https://news.yahoo.co.jp/articles/e26cae66689dd4c451844f076e847826604e5f14,2/28(水) 10:30
alba,ゴルフ総合サイト ALBA Net,右の林からでもピンが狙える！　インテンショナルスライスは「左手の甲」の向きが大事,https://news.yahoo.co.jp/articles/276d3b15c064ec13f7972eb877e8bf1c18b19c76,2/28(水) 10:02
alba,ゴルフ総合サイト ALBA Net,欧州ツアーは南アフリカ戦　2勝目を目指す星野陸也、中島啓太が出場,https://news.yahoo.co.jp/articles/86b969f76ee4acecf5bc0310a7e6e0495232e9ed,2/28(水) 10:00
alba,ゴルフ総合サイト ALBA Net,「前半戦で2勝」 桑木志帆が描くアメリカへの道,https://news.yahoo.co.jp/articles/89648cd29771e1691085e43765a39c12a83c8de3,2/28(水) 9:00
alba,ゴルフ総合サイト ALBA Net,「調子がいいとは言えない…」 プロ2年目の神谷そらは多忙なオフを終え開幕戦へ,https://news.yahoo.co.jp/articles/0419f361d929a7f824d323ed4f9724fd0e9aedfe,2/28(水) 8:00
alba,ゴルフ総合サイト ALBA Net,ローリー・マキロイは先週Vのジェイク・ナップらと同組　日本勢は久常涼が出場,https://news.yahoo.co.jp/articles/766338943c5dd6c78c3c2a8f251777e6023e2dd6,2/28(水) 7:30
alba,ゴルフ総合サイト ALBA Net,「五輪も頭に入れながら」 岩井千怜が新たな挑戦,https://news.yahoo.co.jp/articles/90b723c83c9a351acffac0b08dd649004a3c10c9,2/28(水) 7:01
alba,ゴルフ総合サイト ALBA Net,「やってみなはれの精神で」　馬場咲希が米下部ツアー参戦を決めた“理由”,https://news.yahoo.co.jp/articles/6dfb5f4dd8b99bafd4e995d81a10c71dbf3f551c,2/28(水) 7:00
alba,ゴルフ総合サイト ALBA Net,宮里三兄弟の長男・聖志が47歳を迎える【きょうは誰の誕生日？】,https://news.yahoo.co.jp/articles/79eeb29d8f9c8f56686e9ef20ac6035b8a46df05,2/28(水) 6:30
alba,ゴルフ総合サイト ALBA Net,僕らにも打てるアスリートアイアン　飛距離と寛容性も兼ね備えた『バランス重視』モデル12選,https://news.yahoo.co.jp/articles/bdc9b2e689d13abfa2ef70dbe717a615a9d41f24,2/27(火) 19:30
alba,ゴルフ総合サイト ALBA Net,女子開幕戦の前夜祭開催　原英莉花、新垣比菜らが華麗にドレスアップ,https://news.yahoo.co.jp/articles/806047c702c58d52aae16294629d45f51eef900f,2/27(火) 18:51
alba,ゴルフ総合サイト ALBA Net,早大出身と現役高校生　ミズノは稲垣那奈子、村田歩香とブランドアンバサダー契約締結,https://news.yahoo.co.jp/articles/f05d1a6d51d46e9ab9f02cc76cfa491dcb7a6249,2/27(火) 18:46
alba,ゴルフ総合サイト ALBA Net,森田理香子がツアー休養期間で得た懐かしの“感覚”「あ、昔あったな」,https://news.yahoo.co.jp/articles/ce57e21f6ac74c122c0980a16b0064463f0f3680,2/27(火) 18:10
alba,ゴルフ総合サイト ALBA Net,「今年はオリンピックがあるから…」　ダイキン欠場の申ジエが抱く“感謝”と“目標”,https://news.yahoo.co.jp/articles/b13fd6d84f8d07c0c661636611bd91a0c4dc0bcc,2/27(火) 18:02
alba,ゴルフ総合サイト ALBA Net,LIVが松山英樹にロックオン？　ノーマン暴露「交渉している」,https://news.yahoo.co.jp/articles/06f39c7edb4a3a8c86678e3abdf1288f4d1e428a,2/27(火) 18:00
alba,ゴルフ総合サイト ALBA Net,パターマットだけじゃない！Wellputtからアドレス補正できる『Wellstance』、3月1日デビュー,https://news.yahoo.co.jp/articles/9a3003eb61d612178ec8155a283c69a4ac40cd75,2/27(火) 17:58
alba,ゴルフ総合サイト ALBA Net,生命線の復調へ　西村優菜がシンガポールでも貫きたいテーマ,https://news.yahoo.co.jp/articles/04f3ca3f491ffa54ffe7c3549b31d76ca9fa64f1,2/27(火) 17:31
alba,ゴルフ総合サイト ALBA Net,宮里美香が地元沖縄で2年ぶり復帰　ママとして挑む初戦は「どこまで戦えるのか」,https://news.yahoo.co.jp/articles/c27f620868594842e39018384dce28c20f35c7a3,2/27(火) 17:20
alba,ゴルフ総合サイト ALBA Net,神谷そらは持ち球のドローを磨いて2年目のシーズンへ！　ヘッドアップを防ぐ難易度高めの練習法とは,https://news.yahoo.co.jp/articles/dd63566462774373dfc57878b3f7dc68d154e0ad,2/27(火) 17:05
alba,ゴルフ総合サイト ALBA Net,歴史を塗り替え続ける松山英樹　『憧れのスーパースター』タイガー・ウッズとの“縁”,https://news.yahoo.co.jp/articles/90533777b97313327445848cb309b2e6ea0006a2,2/27(火) 17:00
alba,ゴルフ総合サイト ALBA Net,米下部ツアーに挑む馬場咲希へ宮里藍からエール「“楽しい”という思いを大事にして」,https://news.yahoo.co.jp/articles/4308b78dc61c406c55a54afd18b17c6ad64caa18,2/27(火) 16:45
alba,ゴルフ総合サイト ALBA Net,米女子シンガポール戦の組み合わせ発表　昨年3位の古江彩佳はアリヤ・ジュタヌガーンらと同組,https://news.yahoo.co.jp/articles/1b4b24b6898db31b8f77e8b4042c443ea9069790,2/27(火) 16:01
alba,ゴルフ総合サイト ALBA Net,星野陸也は2位をキープ　ツアー初優勝のドリエルが急浮上【欧州男子ツアーポイントランキング】,https://news.yahoo.co.jp/articles/9badcbfe758bd86bb38583d6d26c7740ab150d22,2/27(火) 16:00
alba,ゴルフ総合サイト ALBA Net,アン・シネが4年4カ月ぶり日本ツアー復帰　“雨女”疑惑には日本語で「すみません」,https://news.yahoo.co.jp/articles/3e1d352958a0c2ae8a5c1f184d66f6d6705f04a4,2/27(火) 15:55
alba,ゴルフ総合サイト ALBA Net,くるりとカップを1回転　危ういショートパットに櫻井心那も苦笑い,https://news.yahoo.co.jp/articles/aa4026d3a97fe52e2d957907d3a6996c7cd0821d,2/27(火) 15:21
alba,ゴルフ総合サイト ALBA Net,Garminアンバサダーに、岩井明愛と千怜が就任！二人はコンディション作りにも活用,https://news.yahoo.co.jp/articles/ed66b1187edc621bd84d5f6c53baf20f0b23d7ed,2/27(火) 15:16
alba,ゴルフ総合サイト ALBA Net,今季の賞金総額は44億円　女王・山下美夢有は3年連続の“2億超え”なるか【国内女子ツアー丸わかり】,https://news.yahoo.co.jp/articles/0ab620a0a547d754227fc9d86fe1d440f090cd9d,2/27(火) 15:00
alba,ゴルフ総合サイト ALBA Net,今季一番の有望株、桑木志帆はパワーフェードで初優勝目前！「普通のフェードよりも遥かに飛びます」,https://news.yahoo.co.jp/articles/9eafa9d1be7c61049e365cb9fa4e1f5064048015,2/27(火) 14:30
alba,ゴルフ総合サイト ALBA Net,複数年シードを行使せずQT突破　三ヶ島かなが逆襲へ【QTからの返り咲き】,https://news.yahoo.co.jp/articles/133328bbefdef2aed8216307c7a03240ca558ca7,2/27(火) 14:30
alba,ゴルフ総合サイト ALBA Net,渋野日向子が馬場咲希を激励「てばさき～、チームサントリー入りおめでとう！」,https://news.yahoo.co.jp/articles/3e9a8ba7ff7bace5a6743b359d246eb2fc416098,2/27(火) 14:07
alba,ゴルフ総合サイト ALBA Net,「今がいちばん充実」森田理香子、苦悩乗り越えた復帰戦への思い,https://news.yahoo.co.jp/articles/bd7598d576c5839d1dc1dc534551041627b1a579,2/27(火) 13:54
alba,ゴルフ総合サイト ALBA Net,柏原明日架の左手薬指に指輪が！ 長身に白いドレス……絵に描いたような花嫁姿,https://news.yahoo.co.jp/articles/3b0b39feca012bec8fa6554408cfdd3b4df6214e,2/27(火) 13:54
alba,ゴルフ総合サイト ALBA Net,ノーマンがXで発信したのは、やっぱりキム！　「ポスト・タイガー」がLIVゴルフでいよいよ復帰,https://news.yahoo.co.jp/articles/19fb3f08513f4aee4a460cb0116dfe40b6b869da,2/27(火) 13:00
alba,ゴルフ総合サイト ALBA Net,女子開幕戦の組み合わせ発表　山下美夢有、原英莉花、森田理香子ら出場,https://news.yahoo.co.jp/articles/cc9c41322f3f662ead0a52b19b1a518ccb33f38d,2/27(火) 12:16
alba,ゴルフ総合サイト ALBA Net,ゴルフスイングは下半身リード「おしりと太モモ裏を鍛えてスイングを安定させよう」,https://news.yahoo.co.jp/articles/03982bf5d6f7960b1b4db3af27b721f9946a3fb8,2/27(火) 11:45
alba,ゴルフ総合サイト ALBA Net,「まさか入るとは」 越雲みなみがカメラの前で6回目のホールインワンを達成！,https://news.yahoo.co.jp/articles/6c05b8bb14488b2b673e0a09c237e4e3855dc9e9,2/27(火) 11:09
alba,ゴルフ総合サイト ALBA Net,サントリーが馬場咲希と所属契約を締結「より高い世界を目指したい」,https://news.yahoo.co.jp/articles/f370bb5b397d571a627bc218653ff874f5eab929,2/27(火) 11:00
alba,ゴルフ総合サイト ALBA Net,馬場咲希も驚愕した男子プロの技！ 「アプローチの引き出しの多さに驚きを隠せませんでした」,https://news.yahoo.co.jp/articles/43be892a494f717ebe2e85d43769054ab0154582,2/27(火) 10:46
alba,ゴルフ総合サイト ALBA Net,日本勢から久常涼が出場　優勝予想トップはエリック・コール,https://news.yahoo.co.jp/articles/06969f0e97cf9cbf965a24bb7615a4dec8a90902,2/27(火) 10:30
alba,ゴルフ総合サイト ALBA Net,日本勢トップは5位古江彩佳　稲見萌寧、畑岡奈紗が続く【CMEポイントランキング】,https://news.yahoo.co.jp/articles/1fb8e335b425201ce6011c861830d381395f383d,2/27(火) 10:00
alba,ゴルフ総合サイト ALBA Net,2024年ブレイク候補！　佐藤心結は5Wの代わりに2Uをチョイス「FWが得意ではないので」【女子プロのギア先撮り】,https://news.yahoo.co.jp/articles/991698c067a8f9f43a7ca0ad65509f026a8e943a,2/27(火) 8:47
alba,ゴルフ総合サイト ALBA Net,日本勢唯一出場の久常涼は74位から80位へ　初Vのジェイク・ナップは53位→8位に浮上【FedExCupランキング】,https://news.yahoo.co.jp/articles/70733331db7199dfee39be51e1691eb56268e913,2/27(火) 8:00
alba,ゴルフ総合サイト ALBA Net,小さな体で精一杯飛ばす！　下半身リードは青木瀬令奈の真似をしたい,https://news.yahoo.co.jp/articles/18a82660e7830de6b4d56ccf4b069793c3409376,2/27(火) 7:30
alba,ゴルフ総合サイト ALBA Net,米ツアー日本勢8人出場に台湾ツアーV川崎春花　気になる順位の変動は…【女子世界ランキング】,https://news.yahoo.co.jp/articles/03ba058205b1eb0fb6a61e3ea1330a07d9f86a11,2/27(火) 7:00
alba,ゴルフ総合サイト ALBA Net,西村優菜が未発表の『X FORGED STAR』を投入！「硬い地面でも滑ってくれる」,https://news.yahoo.co.jp/articles/adc69372e27d0b465932174ce386bae073b66ce6,2/26(月) 19:18
alba,ゴルフ総合サイト ALBA Net,契約フリーの稲見萌寧　ドライバーは『Qi10 LS』、アイアンは『Mizuno Pro 243』で米ツアー参戦！【女子プロのギア先撮り】,https://news.yahoo.co.jp/articles/064e4dfda771183cba99519ef53151f04f0b08a4,2/26(月) 18:30
alba,ゴルフ総合サイト ALBA Net,史上初JLPGAの情報番組が放送決定　レギュラー、下部ツアーなど網羅…新たなヒロイン発掘も,https://news.yahoo.co.jp/articles/ec337779cd087d2c51f64644c824dd734da8f4e7,2/26(月) 17:00
alba,ゴルフ総合サイト ALBA Net,テーラーメイド『Spider TOUR TRUSS』シリーズ、3月8日デビュー,https://news.yahoo.co.jp/articles/96847b24caeb5071e25ade78a9358bef9f71800b,2/26(月) 16:36
alba,ゴルフ総合サイト ALBA Net,松山英樹は20位をキープ　カルロス・オルティスは“1049人”抜き【男子世界ランキング】,https://news.yahoo.co.jp/articles/32083582d219afe590e27cc64f191b66ab792ec8,2/26(月) 16:25
alba,ゴルフ総合サイト ALBA Net,生涯獲得賞金トップ10を整理　申ジエが“不動裕理超え”にリーチ【国内女子ツアー丸わかり】,https://news.yahoo.co.jp/articles/19399c77369b2ccc3d44f3bbd9842b1f9d878ee0,2/26(月) 15:00
alba,ゴルフ総合サイト ALBA Net,満面の笑顔を浮かべる吉田優利＆菅沼菜々はゴルフ界の実力派アイドルユニット!?,https://news.yahoo.co.jp/articles/fbfe5d6390a738938432bda2544567110c32a76d,2/26(月) 14:32
alba,ゴルフ総合サイト ALBA Net,松山英樹の誕生日をPGAツアーが祝福　カップインを決めたスーパーショットをまとめて大公開,https://news.yahoo.co.jp/articles/7e4819323893099a8dced0dfdefd8bede7a75816,2/26(月) 14:10
alba,ゴルフ総合サイト ALBA Net,チーピン癖からの脱却！　日本人最年長シードの藤田さいきは「タオル」を使って手元と体を同調させる,https://news.yahoo.co.jp/articles/64231634707b7e76bc865b554c70d5f2141ec343,2/26(月) 14:08
alba,ゴルフ総合サイト ALBA Net,“体を低く保つ”でスイングを修正「飛距離は問題ない」勝みなみが公言する世界一の野望,https://news.yahoo.co.jp/articles/22fa9d54f1334404624ca88c25e0f47c31cd0051,2/26(月) 13:15
alba,ゴルフ総合サイト ALBA Net,「迷わず振り抜きました」拍手喝采のイーグルトライ締め　岩井千怜が“攻撃姿勢”貫き日本勢最上位,https://news.yahoo.co.jp/articles/bb39ff268bfdcbf338846be2fff8ecb34314f6b6,2/26(月) 12:30
alba,ゴルフ総合サイト ALBA Net,「想い続けて生きていきます」 木戸愛が昨年他界した父・木戸修に寄せる熱い気持ちを吐露,https://news.yahoo.co.jp/articles/6edc2a8ea45eff0b546173c82613842f9e7f01c0,2/26(月) 12:26
alba,ゴルフ総合サイト ALBA Net,「破竹の勢い」29歳のルーキー、ジェイク・ナップの勝利を支えたもの【舩越園子コラム】,https://news.yahoo.co.jp/articles/4cf98b9f3597205ca7c631bb1a3b8f5ac8d0638e,2/26(月) 12:00
alba,ゴルフ総合サイト ALBA Net,LIVゴルフに移籍したジョン・ラーム　その後は「タイガーと話していない…」と告白,https://news.yahoo.co.jp/articles/733795903734b2c2c4d02443151fd45f486349a1,2/26(月) 11:30
alba,ゴルフ総合サイト ALBA Net,「年齢を重ねるごとにうまくなる」 エース達成の青木瀬令奈が振り返る台湾戦の“価値”,https://news.yahoo.co.jp/articles/2b6eaba78b3e9bf506e7c47200b74da1e94b613c,2/26(月) 11:00
alba,ゴルフ総合サイト ALBA Net,29歳のルーキー、ジェイク・ナップがツアー初優勝　久常涼は48位,https://news.yahoo.co.jp/articles/f543dd43259c3ec92a4f86ab26d1a5a0a596e989,2/26(月) 8:17
alba,ゴルフ総合サイト ALBA Net,LIVゴルフのカルロス・オルティスがアジアンツアー初V　金谷拓実は7位で連覇ならず,https://news.yahoo.co.jp/articles/66351b454b5e7c4b8d26576e2bd289db0b7cf84a,2/26(月) 8:01
alba,ゴルフ総合サイト ALBA Net,川崎春花が台湾メジャーで優勝　「台湾の皆さんの応援が力になった」,https://news.yahoo.co.jp/articles/a0e4b8e5dffc4e5b9e0e5064ed4421b896fc1435,2/26(月) 7:30
alba,ゴルフ総合サイト ALBA Net,ダリウス・バン・ドリエルがツアー初優勝　星野陸也は64位,https://news.yahoo.co.jp/articles/238a6e83f55f6dbad5ccc37e533f66058c2df00d,2/26(月) 7:15
alba,ゴルフ総合サイト ALBA Net,渋野日向子が今季初戦で噛み締めた“苦味”　「この悔しさを捨てることなく受け入れて」,https://news.yahoo.co.jp/articles/a79008d511a876b46e4489d5ebd5ba5c0c918948,2/26(月) 7:01
alba,ゴルフ総合サイト ALBA Net,勝みなみはマッスルバックなど“男前ギア”で1勝を目指す【女子プロのギア先撮り】,https://news.yahoo.co.jp/articles/02f84570c494d682bf9c0eed74718fcdb9e8bb9c,2/26(月) 7:00
alba,ゴルフ総合サイト ALBA Net,アイアン部門で『Qi』が3週連続で1位！　実はビギナーからの人気が高かった【アイアン売り上げランキング】,https://news.yahoo.co.jp/articles/56b126d7efa91e59a26d0a4c77fd6a1443f2ead5,2/25(日) 20:00
alba,ゴルフ総合サイト ALBA Net,週末に“+7”でガックリ　渋野日向子は「前向きではない…また次頑張ります」,https://news.yahoo.co.jp/articles/970acb6e26cf4deafe263951d760bfb511ffc10d,2/25(日) 19:19
alba,ゴルフ総合サイト ALBA Net,「順位も順位…右足を残すことに集中」　西村優菜は修正を意識しながら『68』,https://news.yahoo.co.jp/articles/3227bc72d5033ecb8144601c358007045204ca2c,2/25(日) 18:49
alba,ゴルフ総合サイト ALBA Net,「毎日、一打縮めていたら」原英莉花がタイで過ごした“自信”と“悔しさ”入り混じる4日間,https://news.yahoo.co.jp/articles/a06ead97c5195f65365ec3a70f3dee2b1a7a7a8f,2/25(日) 18:13
alba,ゴルフ総合サイト ALBA Net,岩井千怜が日本勢トップ13位、渋野日向子は69位　地元のタバタナキトV,https://news.yahoo.co.jp/articles/de58a30ceb1d7f27a51e4c025e721744ab23c893,2/25(日) 16:41
alba,ゴルフ総合サイト ALBA Net,川崎春花が逃げ切りV　1打差2位タイに竹田麗央【台湾女子】,https://news.yahoo.co.jp/articles/867f1ccdaac406b4d8e62897b3189e0bdbf88eb0,2/25(日) 16:35
alba,ゴルフ総合サイト ALBA Net,「一皮むけた」 2オンバーディ締めの岩井千怜が得た大きな自信,https://news.yahoo.co.jp/articles/35bff13b3e4f0dd60fd72702791632ae9054424b,2/25(日) 16:11
alba,ゴルフ総合サイト ALBA Net,＜速報＞渋野日向子は後半崩れて「75」　暫定69位でホールアウト,https://news.yahoo.co.jp/articles/8fe430aa3f98f186db65b07da05bfd9215b320f4,2/25(日) 15:54
alba,ゴルフ総合サイト ALBA Net,パティ・タバタナキットは、タイトリストの何を使っている？【WITB】,https://news.yahoo.co.jp/articles/45e2b61939558e66a7292e19d732323c7d3f9993,2/25(日) 14:46
alba,ゴルフ総合サイト ALBA Net,オフの中間地点は「いい感じ」　ルーキー・河村来未が取り組んでいること,https://news.yahoo.co.jp/articles/f716381d573a6c97e7ccd7816b6dbc18e4594ea8,2/25(日) 14:00
alba,ゴルフ総合サイト ALBA Net,＜中間速報＞川崎春花が単独首位で後半へ　竹田麗央は3差追走【台湾女子】,https://news.yahoo.co.jp/articles/745101cd78afb623e327593d7f30719ce435bfec,2/25(日) 13:58
alba,ゴルフ総合サイト ALBA Net,＜速報＞笹生優花が日本勢トップで後半へ　渋野日向子は前半1アンダー,https://news.yahoo.co.jp/articles/0f7b0e82862cd3086887cbf27137e66dfa0d52b4,2/25(日) 13:41
alba,ゴルフ総合サイト ALBA Net,平均260のドラディス女王・神谷そら、ドライバーは“ハード”なのにボールは“ソフト”だった【女子プロのギア先撮り】,https://news.yahoo.co.jp/articles/637009eb1d417de9e5f991dca6e65002ac32486e,2/25(日) 13:00
alba,ゴルフ総合サイト ALBA Net,PGAツアーチャンピオンズにカブレラとデーリーが登場　お騒がせ男の気になる結果は…,https://news.yahoo.co.jp/articles/b3e12a098e57a3cbb8c32f74d2611fc4aecaf264,2/25(日) 13:00
alba,ゴルフ総合サイト ALBA Net,“AK”カムバック!?　アンソニー・キムが復帰、次週のLIVゴルフ出場へ,https://news.yahoo.co.jp/articles/40c5d809a6c586260b2417705e591e50d02bb862,2/25(日) 12:30
alba,ゴルフ総合サイト ALBA Net,「コーライ芝が苦手で…」昨季予選落ちの宮澤美咲が開幕戦リベンジへ！,https://news.yahoo.co.jp/articles/e996ebdd9b9b7cc1be51eb015c7852e3f275d5fa,2/25(日) 12:00
alba,ゴルフ総合サイト ALBA Net,＜速報＞日本上位勢が続々スタート　原英莉花、笹生優花バーディ発進,https://news.yahoo.co.jp/articles/9db690bc1006c0d412b4e83e0e606b8fa24a505a,2/25(日) 11:30
alba,ゴルフ総合サイト ALBA Net,すべてを数値化し論理的に仕事を進めるクラブ開発の仕事　気になる年収は？,https://news.yahoo.co.jp/articles/914a0f43d6dc1dfec9d26b00bceb2d74fcdb42e4,2/25(日) 11:30
alba,ゴルフ総合サイト ALBA Net,笹生優花が“オンリー1”なイーグルを達成！ ワンオンチャレンジで見せた豪快な一打【きょうのヒトネタ！】,https://news.yahoo.co.jp/articles/04c2e79bc068ba3f0a9f9917d3d8d54c5b9791c7,2/25(日) 10:30
alba,ゴルフ総合サイト ALBA Net,＜速報＞最終Rがスタート　古江彩佳、原英莉花ら上位勢はこのあとティオフ,https://news.yahoo.co.jp/articles/c33d640ff00cf5a7a042b1d2ccf3116b249179fb,2/25(日) 10:04
alba,ゴルフ総合サイト ALBA Net,エース目前ショットも披露　古江彩佳が耐えて上位キープ「しっかり自分のゴルフを」,https://news.yahoo.co.jp/articles/71c4d7d43bc9a484b48bb8393a04af89598afdfa,2/25(日) 9:15
alba,ゴルフ総合サイト ALBA Net,セキ・ユウティンは海外3連戦から復調期すシーズンへ　「チャンスをつかんで頑張りたい」,https://news.yahoo.co.jp/articles/16ee3fae85f4154c6d9f0f529e8b3ab3679718ca,2/25(日) 8:30
alba,ゴルフ総合サイト ALBA Net,久常涼は約3時間でラウンド終了、63位で最終日へ　チャン・キムが3位,https://news.yahoo.co.jp/articles/d5bbb0500de7ca0687c28fcef96180548011998e,2/25(日) 8:04
alba,ゴルフ総合サイト ALBA Net,星野陸也は4Hで『+6』、71位に後退　ツアー未勝利の2人が首位,https://news.yahoo.co.jp/articles/35f854e8439268f2a2d74716462d91551105269e,2/25(日) 8:00
alba,ゴルフ総合サイト ALBA Net,連覇狙う金谷拓実は15位で最終日へ　LIV戦士2人が首位,https://news.yahoo.co.jp/articles/53d1245dd21020b78a421458fba1c1c4443e9b6e,2/25(日) 7:31
alba,ゴルフ総合サイト ALBA Net,32歳を迎えた松山英樹　先週は2年ぶり米ツアーVで6億円獲得【きょうはだれの誕生日？】,https://news.yahoo.co.jp/articles/9ff7ad86f0072a37d4c9603886c4a3ea0e8cca70,2/25(日) 7:30
alba,ゴルフ総合サイト ALBA Net,「こういうゴルフは今年はやりたくなかった」　渋野日向子が過ごした“苦悩の一日”,https://news.yahoo.co.jp/articles/d3ae496006ad90edde719560d27bae56d294e53c,2/25(日) 7:00
alba,ゴルフ総合サイト ALBA Net,25歳を迎えた吉本ひかる　昨年は“涙の初V”でシード復帰【きょうはだれの誕生日？】,https://news.yahoo.co.jp/articles/7a48535f2c5512b5c65914734816a0b2b7749770,2/25(日) 7:00
alba,ゴルフ総合サイト ALBA Net,タイガー、畑岡奈紗、蝉川泰果、青木瀬令奈…なぜトップ選手は次々と『赤シャフト』に替えるのか？,https://news.yahoo.co.jp/articles/3999d764c81125d619f9d4614229dfab46c8302c,2/24(土) 20:00
alba,ゴルフ総合サイト ALBA Net,流れ変えるイーグルに“リベンジ”バーディ　岩井千怜が一日で見せた急成長,https://news.yahoo.co.jp/articles/caadf78ebb9999f372f08bd29b83097cfc873f1d,2/24(土) 19:43
alba,ゴルフ総合サイト ALBA Net,『2日連続5アンダー』…ジャンボからの注文“以上”のスコアを　原英莉花が最終日に「打破したい」こと,https://news.yahoo.co.jp/articles/9956de5386a541bc88c19521ce10d44dcaf6d1f0,2/24(土) 18:39
alba,ゴルフ総合サイト ALBA Net,古江彩佳と笹生優花が11位で最終日へ　原英莉花16位、渋野日向子は61位,https://news.yahoo.co.jp/articles/8797de14d3a46200bbdf43086ec7a64f54262c90,2/24(土) 17:28
alba,ゴルフ総合サイト ALBA Net,川崎春花が単独首位で最終日へ　4差2位に竹田麗央、櫻井心那は4位【台湾女子】,https://news.yahoo.co.jp/articles/3a8fd82f90cb3d8c55add406332a152598f5e9bb,2/24(土) 17:08
alba,ゴルフ総合サイト ALBA Net,渋野日向子は『66』→『76』　2度の連続ボギーで後退「残念です」,https://news.yahoo.co.jp/articles/634c29f9eb0589f9dc35ea078b53eb27256ebc99,2/24(土) 16:51
alba,ゴルフ総合サイト ALBA Net,馬場咲希＆蝉川泰果が“59”でペアマッチ戦V　賞金2000万円獲得,https://news.yahoo.co.jp/articles/f9495be57ec200b981fedb999cf769155f071e2f,2/24(土) 16:42
alba,ゴルフ総合サイト ALBA Net,＜速報＞渋野日向子は苦戦「76」　暫定62位でホールアウト,https://news.yahoo.co.jp/articles/953fbbf3305266d42cf3702652f6360c5ea17f21,2/24(土) 16:28
alba,ゴルフ総合サイト ALBA Net,原英莉花がバーディラッシュ　『67』で浮上「ガンガン攻めてプレーしたい」,https://news.yahoo.co.jp/articles/860ef89488792e8bc66b7cb6cb811acf2c98088d,2/24(土) 15:48
alba,ゴルフ総合サイト ALBA Net,＜速報＞原英莉花が6バーディ「67」　暫定9位でホールアウト,https://news.yahoo.co.jp/articles/f86bf4890534d69c50e383d8d09e4b5748ccc659,2/24(土) 15:16
alba,ゴルフ総合サイト ALBA Net,＜中間速報＞川崎春花が単独首位で後半へ　竹田麗央は3差2位【台湾女子】,https://news.yahoo.co.jp/articles/5f82e902f86e20c978cd8ce453b27130ebc27524,2/24(土) 14:24
alba,ゴルフ総合サイト ALBA Net,＜速報＞渋野日向子は前半2オーバー　原英莉花が日本勢トップに浮上,https://news.yahoo.co.jp/articles/a0a13c8b38ab3315d58d5385274a322c74748ecd,2/24(土) 13:49
alba,ゴルフ総合サイト ALBA Net,悲願のマスターズ初制覇へ　ローリー・マキロイが次週の「コグニザント・クラシック」に参戦,https://news.yahoo.co.jp/articles/9d7775ec9c845f43b9d99ab5779f86ebebcf5e58,2/24(土) 13:00
alba,ゴルフ総合サイト ALBA Net,今季米ツアー主戦場の西郷真央　大会2勝目へ意欲「とても楽しみ！」【開幕戦注目選手】,https://news.yahoo.co.jp/articles/dcb3680b45055a80b26a376575f9362e41fcb030,2/24(土) 12:30
alba,ゴルフ総合サイト ALBA Net,スタートホールで大爆笑…渋野日向子は“埼玉県出身”だった？　いえいえ「岡山じゃー！（笑）」【きょうのヒトネタ！】,https://news.yahoo.co.jp/articles/d39c958816d1f400e07941c1a74d2d6993d96d4d,2/24(土) 12:00
alba,ゴルフ総合サイト ALBA Net,＜速報＞渋野日向子が3日目ティオフ　2パットのパー発進,https://news.yahoo.co.jp/articles/fd5ebcdafc0ec1d9bc1322747df6e616a2b89e87,2/24(土) 11:48
alba,ゴルフ総合サイト ALBA Net,スーパースターゆえの悲劇…　タイガーの長男、チャーリー・ウッズの予選会はカオス状態だった,https://news.yahoo.co.jp/articles/04da7941f1188576a5ab83662a3ad54b57d1c0c0,2/24(土) 11:30
alba,ゴルフ総合サイト ALBA Net,＜速報＞タイ決戦3日目スタート　畑岡奈紗、原英莉花はパー発進,https://news.yahoo.co.jp/articles/1cd2b2584ba1e34fb3b2f6e7a7872948f5965434,2/24(土) 10:49
alba,ゴルフ総合サイト ALBA Net,日本人最年長シードの藤田さいき　このオフに“パームグリップ”にチェンジしていた！,https://news.yahoo.co.jp/articles/09c19d9e76a30145d6fa9c3bbfde5fb7ab068dbf,2/24(土) 10:35
alba,ゴルフ総合サイト ALBA Net,久常涼が薄氷の予選通過　首位にウォレスら4人、昨年覇者・フィナウは9位,https://news.yahoo.co.jp/articles/fef2959091ce9aa257ec3d34341e200d88e28e8e,2/24(土) 10:31
alba,ゴルフ総合サイト ALBA Net,米ツアーの“洗礼”も言い訳にはせず　原英莉花が求める「試合でしか増やせない」もの,https://news.yahoo.co.jp/articles/177e2d1afb47d5ccc23d2f66a8c345b519f6ce92,2/24(土) 9:30
alba,ゴルフ総合サイト ALBA Net,古江彩佳は“ガツン”とイーグルで切り替え　首位と2差に「あしたにつながる」,https://news.yahoo.co.jp/articles/bde5d76d7c31b7e46f4760a6341aec66c6c28d0b,2/24(土) 8:30
alba,ゴルフ総合サイト ALBA Net,連覇を目指す金谷拓実は15位で決勝Rへ　香妻陣一朗、生源寺龍憲らは予選落ち,https://news.yahoo.co.jp/articles/1abef01fe0d50248b298e369e39047e7830f4b7f,2/24(土) 8:15
alba,ゴルフ総合サイト ALBA Net,ツアー史上初となる“ママさんルーキー”の神谷和奏「焦りやプレッシャーがある」,https://news.yahoo.co.jp/articles/6ba5a1d248c5c695e0c688957ba1daf63f773e87,2/24(土) 8:00
alba,ゴルフ総合サイト ALBA Net,岩井千怜がグリーン上で3Wの特効練習で「67」　上位浮上も“最後にワナ”,https://news.yahoo.co.jp/articles/537b1348c24ca2e20b93d8418077677360457a36,2/24(土) 7:30
alba,ゴルフ総合サイト ALBA Net,星野陸也は45位で週末へ　川村昌弘、比嘉一貴は予選落ち,https://news.yahoo.co.jp/articles/274a772ae85345a1f3d21672ba41428af63134c5,2/24(土) 7:00
alba,ゴルフ総合サイト ALBA Net,タイガー・ウッズ効果絶大！ 『ツアーB X』の 新作が1位に【ボール売り上げランキング】,https://news.yahoo.co.jp/articles/f99decde84850ff313c30f2cfc000001afa70261,2/23(金) 20:00
alba,ゴルフ総合サイト ALBA Net,6アンダーも「内容的なズレ」を感じた一日　渋野日向子が意識している“自分コントロール”,https://news.yahoo.co.jp/articles/c3448d3797208c07be67924b91302888d015ecd2,2/23(金) 18:44
alba,ゴルフ総合サイト ALBA Net,耐えて、耐えて、また耐えて　西村優菜はボギーを徹底回避「うまく切り抜けられた」,https://news.yahoo.co.jp/articles/a8142f98e7856e10dd9bbe76a355b96968287515,2/23(金) 18:10
alba,ゴルフ総合サイト ALBA Net,川崎春花が1差2位に浮上　櫻井心那、竹田麗央は5位　青木瀬令奈は30位に後退【台湾女子】,https://news.yahoo.co.jp/articles/7228ada89405ae06ecb7f089f8c41e96b84dcab8,2/23(金) 17:32
alba,ゴルフ総合サイト ALBA Net,古江彩佳7位、岩井千怜が10位で週末へ　「66」の渋野日向子は17位,https://news.yahoo.co.jp/articles/268370f6b406dfd69dd68dca235873400ddae9c8,2/23(金) 16:56
alba,ゴルフ総合サイト ALBA Net,渋野日向子が2日目に『66』　西村優菜とのラウンドは「本当に楽しく回れました」,https://news.yahoo.co.jp/articles/1c1fb4dd9b8776749bda154be7719eb54c96f081,2/23(金) 16:07
alba,ゴルフ総合サイト ALBA Net,初優勝も見えた自身最終戦　苦闘続いた勝みなみが有終の美【米女子23年名勝負】,https://news.yahoo.co.jp/articles/8b60c31e29e9da9da081841948f958899b519b10,2/23(金) 16:00
alba,ゴルフ総合サイト ALBA Net,＜速報＞渋野日向子が7バーディ奪取「66」　暫定15位でホールアウト,https://news.yahoo.co.jp/articles/dcf4173b5db07f6acff872b406dc0a72db881fa4,2/23(金) 15:25
alba,ゴルフ総合サイト ALBA Net,上がりは「悔しい」ダボでも　岩井千怜が『67』で急浮上「あしたもたくさんバーディを」,https://news.yahoo.co.jp/articles/73bf95fd7113841b536c84fc1f145801ee8d0205,2/23(金) 15:13
alba,ゴルフ総合サイト ALBA Net,全38試合出場の皆勤賞は6人　“鉄人”小祝さくらが4度目フル出場【国内女子ツアー丸わかり】,https://news.yahoo.co.jp/articles/215905f92c22e6d7556feae6cedd7d2bcf0e235d,2/23(金) 15:00
alba,ゴルフ総合サイト ALBA Net,＜速報＞岩井千怜、最終18番ダボも「67」　暫定7位でホールアウト,https://news.yahoo.co.jp/articles/958ac5121257f6175da66e0241a4201ba9e74111,2/23(金) 14:54
alba,ゴルフ総合サイト ALBA Net,＜中間速報＞川崎春花が1差で追走　2差に櫻井心那、竹田麗央【台湾女子】,https://news.yahoo.co.jp/articles/ac0656c5190a1652035bd009f5e1ca85ab567972,2/23(金) 14:40
alba,ゴルフ総合サイト ALBA Net,＜速報＞渋野日向子は前半3アンダー　岩井千怜が猛チャージで首位争い,https://news.yahoo.co.jp/articles/51bcdfb3bafe82b8f6c61eb98de25d8b2acc6789,2/23(金) 13:14
alba,ゴルフ総合サイト ALBA Net,お手本のような両ワキの締まり！ クラブと体が完全同調する西郷真央は、ヒジの向きに注目しよう,https://news.yahoo.co.jp/articles/85466be7b53ed125360c0d2e463d068d1563a225,2/23(金) 13:00
alba,ゴルフ総合サイト ALBA Net,3年連続女王の座がかかる山下美夢有　今季はメジャーVに挑む【開幕戦注目選手】,https://news.yahoo.co.jp/articles/b13c1d1c748d3303ea4858a1a54553537dd9a80c,2/23(金) 13:00
alba,ゴルフ総合サイト ALBA Net,タイガーの長男、チャーリー・ウッズの米ツアーデビューはお預け　“86”で予選会突破ならず,https://news.yahoo.co.jp/articles/9a0f86e94fbae73851c36f0bf02d0ed923a1d04d,2/23(金) 12:30
alba,ゴルフ総合サイト ALBA Net,吉田優利が3月ロサンゼルス戦にエントリー　米初戦の見込み,https://news.yahoo.co.jp/articles/90379665d47f33e79581411f09975d00bada35c1,2/23(金) 12:00
alba,ゴルフ総合サイト ALBA Net,玄関での送迎から職場環境の管理まで、ゴルフ場支配人の仕事は超マルチタスク　気になる年収は？,https://news.yahoo.co.jp/articles/9872b512bbbcbe480e499c31389cbcc13b28c709,2/23(金) 11:45
alba,ゴルフ総合サイト ALBA Net,「好スコアを生むマネジメント術はラウンドの前日から始まっている」ゴルフ場所属プロに話を聞いた,https://news.yahoo.co.jp/articles/07a23c6193ec672a9ab00b377a794c04e7fd3066,2/23(金) 11:15
alba,ゴルフ総合サイト ALBA Net,＜速報＞渋野日向子、西村優菜がバーディ発進　グリーン上でボールに“命中”,https://news.yahoo.co.jp/articles/3355d39bd36b3ae7c0dfbb85a13c9718357ca20d,2/23(金) 11:11
alba,ゴルフ総合サイト ALBA Net,久常涼と昨年覇者トニー・フィナウは29位発進　ツアー2勝のE・V・ローエンが単独首位,https://news.yahoo.co.jp/articles/7d605572fa0dfe7f6349580c3f665e2b88baa417,2/23(金) 10:46
alba,ゴルフ総合サイト ALBA Net,＜速報＞タイ決戦2日目開幕　岩井千怜がパー発進、渋野・西村組はまもなくティオフ,https://news.yahoo.co.jp/articles/d280532f867a3d716e14ad66fdef3ff504dd91e0,2/23(金) 10:21
alba,ゴルフ総合サイト ALBA Net,猛暑でも集中、FWキープは100％　3位発進・古江彩佳が生かすサウジアラビアでの経験,https://news.yahoo.co.jp/articles/64685deeb2a70b40e4700f8b408031fc9badb3c9,2/23(金) 9:45
alba,ゴルフ総合サイト ALBA Net,連覇目指す金谷拓実と関藤直熙が26位発進　LIV勢が上位でスタート,https://news.yahoo.co.jp/articles/c2436b62038030834fa423430098d7c333e5647b,2/23(金) 8:34
alba,ゴルフ総合サイト ALBA Net,プロ初優勝が待ち遠しい　石川遼の弟・航が24歳【きょうはだれの誕生日？】,https://news.yahoo.co.jp/articles/868be7b3f6cf562b7e43e8d72e403904d8e5d476,2/23(金) 8:00
alba,ゴルフ総合サイト ALBA Net,川村昌弘が3差16位発進　連勝かかる星野陸也は38位,https://news.yahoo.co.jp/articles/f745962d5b796932a2f422fa2ba6c2e96569918d,2/23(金) 7:52
alba,ゴルフ総合サイト ALBA Net,現役女子高生プロ・清本美波はこの春に卒業「ちょっとだけ寂しい（笑）」,https://news.yahoo.co.jp/articles/587edb80f43852d3629fb3793145d4e9f5022a7c,2/23(金) 7:30
alba,ゴルフ総合サイト ALBA Net,渋野日向子が今季初戦で得た“達成感”　「今できる最大限のことを」,https://news.yahoo.co.jp/articles/8ba46204c7e1499e818098f06f3b29fee2e230a1,2/23(金) 7:00
alba,ゴルフ総合サイト ALBA Net,“良きパパ”のフィナウ　メキシコOP連覇へ「確かな自信が湧いてくる」,https://news.yahoo.co.jp/articles/72ca76dd731d8f094b9e0b1b21b15d8ddf10f3c2,2/22(木) 20:00
alba,ゴルフ総合サイト ALBA Net,＜速報＞星野陸也は1アンダーでホールアウト　日本勢トップは川村昌弘の2アンダー,https://news.yahoo.co.jp/articles/c7f9e01baefec7bbf7bf8c12ec4ff0bace12b7f7,2/22(木) 19:11
alba,ゴルフ総合サイト ALBA Net,岩井千怜は今年初アンダーパーにホッ「あとは自分の気持ち次第」,https://news.yahoo.co.jp/articles/5da2908b03af0e6641f9c98958adc199428465b5,2/22(木) 18:26
alba,ゴルフ総合サイト ALBA Net,ダボ先行も…畑岡奈紗が終盤猛攻の60台「どんどん伸ばしていけるよう」,https://news.yahoo.co.jp/articles/cdca3635c46980f48f62df10400e9d9930ddab7c,2/22(木) 18:00
alba,ゴルフ総合サイト ALBA Net,スコアは4アンダーも、評価は「パープレーの72（笑）」　原英莉花が今季初戦でボギーフリー発進,https://news.yahoo.co.jp/articles/b8429718eadf40e73a819a6b4317aed097182d9b,2/22(木) 17:42
alba,ゴルフ総合サイト ALBA Net,青木瀬令奈が日本勢トップの2位発進　櫻井心那、竹田麗央は6位【台湾女子】,https://news.yahoo.co.jp/articles/d7c83f746e6d0603cab09f6dbca14d0ed005d39a,2/22(木) 17:27
alba,ゴルフ総合サイト ALBA Net,キャスコのアオパタ『Blue 9/9 DELTA FACE』に丸・角マレット追加、3月22日デビュー,https://news.yahoo.co.jp/articles/971c88c43d6db23c10ad7c5d806e45aab950ceb1,2/22(木) 17:09
alba,ゴルフ総合サイト ALBA Net,マッスルバックって難しいイメージがあるけれど…『BLUEPRINT T 』なら無問題!?,https://news.yahoo.co.jp/articles/718094447d68b825f87fd76e3ffab8bb5a354aa2,2/22(木) 17:00
alba,ゴルフ総合サイト ALBA Net,古江彩佳が5アンダー・3位発進　原英莉花11位、渋野日向子は51位,https://news.yahoo.co.jp/articles/5b12f28cdd584c11c0c4c9402f305f5910dff3be,2/22(木) 16:59
alba,ゴルフ総合サイト ALBA Net,渋野日向子は24年初戦をバーディフィニッシュでイーブンパー「去年よりは質がいい」,https://news.yahoo.co.jp/articles/a4beec7577c2951d2c7e0c87acf8c35879a2a244,2/22(木) 16:34
alba,ゴルフ総合サイト ALBA Net,日本開催の欧州ツアーISPS HANDAの賞金総額が変更　2億→3億へ,https://news.yahoo.co.jp/articles/6384fe2c058c791c8eb776a217380601b4da1d90,2/22(木) 16:21
alba,ゴルフ総合サイト ALBA Net,一休さんか、三蔵法師か？ “禿げズラ”を被っても可愛い三浦桃香にファンは大喜び,https://news.yahoo.co.jp/articles/818c3257b9f0c1577a81fbcecf0494a43e6b8ac8,2/22(木) 16:21
alba,ゴルフ総合サイト ALBA Net,＜速報＞渋野日向子は「72」で暫定53位　原英莉花が4アンダーの好発進,https://news.yahoo.co.jp/articles/94bc59f793e72adb9e61894bd30c3be4319d9a75,2/22(木) 15:54
alba,ゴルフ総合サイト ALBA Net,大嶋ブラザーズの宝、港がミズノアンバサダー契約を発表　今季目標は「ABEMA賞金王」＆「シード権獲得」,https://news.yahoo.co.jp/articles/b2a73ccbca2e0f0800f7395b1ced838dffae708f,2/22(木) 15:28
alba,ゴルフ総合サイト ALBA Net,攻め続けたサンデーバックナイン　メジャー2勝目へ笹生優花が見せたバルタスロールの戦い【米女子23年名勝負】,https://news.yahoo.co.jp/articles/73f2f823cb8de2a54d8aa4010892334af10cd3f8,2/22(木) 15:11
alba,ゴルフ総合サイト ALBA Net,＜速報＞星野陸也、欧州2連勝へ　ケニア大会をバーディ発進,https://news.yahoo.co.jp/articles/49b582c9d9a18a2d94ce282f37a1580a8bf2f529,2/22(木) 14:30
alba,ゴルフ総合サイト ALBA Net,JLPGAがファンとの連動企画「PLAY OF THE MONTH 2024」の実施を発表,https://news.yahoo.co.jp/articles/ad1ac13a6a6d04d7f2654caa5875b1504c48675b,2/22(木) 14:27
alba,ゴルフ総合サイト ALBA Net,長年の悩みを解決した3番Wは「やさしくて飛んでくれる」　西村優菜はグリーン上でも“大変化”【春のクラブチェック】,https://news.yahoo.co.jp/articles/9bda8982e58c4caed240b8159b3ac00d42e30930,2/22(木) 14:00
alba,ゴルフ総合サイト ALBA Net,西郷真央が三菱UFJモルガン・スタンレー証券とスポンサー契約を締結　「“世界が進むチカラになる”を体現できるように」,https://news.yahoo.co.jp/articles/823e7576c3f3b381dfbdd338cdf05b857b56b49c,2/22(木) 14:00
alba,ゴルフ総合サイト ALBA Net,＜中間速報＞青木瀬令奈、藤田さいき、竹田麗央が2差追走【台湾女子】,https://news.yahoo.co.jp/articles/7f07fd1c4ad8b09ce11d1ca408ba43d9c56c3501,2/22(木) 13:58
alba,ゴルフ総合サイト ALBA Net,＜速報＞渋野日向子は1アンダーで後半へ　古江彩佳は日本勢トップ5位,https://news.yahoo.co.jp/articles/7078d4b97134f5c1b43e4b17c31a825705d33f36,2/22(木) 13:25
alba,ゴルフ総合サイト ALBA Net,“憧れの夢舞台” マスターズ初出場が決まった久常涼　「今からワクワクが止まらないです」,https://news.yahoo.co.jp/articles/88e86d94f272e4499cdacc4eafc4e031bdca5979,2/22(木) 13:00
alba,ゴルフ総合サイト ALBA Net,「精一杯頑張っていきます！」 20歳を迎えたトップアマの吉田鈴が優しい笑顔で力強く宣言,https://news.yahoo.co.jp/articles/b9631d5c7bc0e5da456daf4e9f7d709d0fab984e,2/22(木) 12:48
alba,ゴルフ総合サイト ALBA Net,初のLYTR技術を搭載した、エコーの2024年の新作『ECCO GOLF LT1』が本日デビュー,https://news.yahoo.co.jp/articles/cf59462114248eb85934daaacad8efa48649a352,2/22(木) 12:33
alba,ゴルフ総合サイト ALBA Net,3度目のQTも難なく突破　5年ぶりVへ新垣比菜は開幕戦から気合十分【QTからの返り咲き】,https://news.yahoo.co.jp/articles/9f709cced15f1a245aebc3c77a8fdc1878cfa6ba,2/22(木) 12:30
alba,ゴルフ総合サイト ALBA Net,タイガーの長男チャーリー・ウッズがPGAツアーデビューに挑戦！ クーチャーの息子らも参戦,https://news.yahoo.co.jp/articles/6627d2be7e253267aa6321c8ade1372cb97dada2,2/22(木) 12:01
alba,ゴルフ総合サイト ALBA Net,桜美式ゴルフの使い手　後藤未有が期する“ライジング”な24年【女子U-23紹介】,https://news.yahoo.co.jp/articles/2ffbf6402de9c35c972bb03ee3aa294fe82bf257,2/22(木) 12:01
alba,ゴルフ総合サイト ALBA Net,＜速報＞渋野日向子が2024年初戦ティオフ　2パットのパー発進,https://news.yahoo.co.jp/articles/32d814aac62c4d1200be7912cc8c78b7d31181b3,2/22(木) 11:20
alba,ゴルフ総合サイト ALBA Net,「まじで怖かった」 勝みなみがサウジアラビアで挑戦した貴重な初体験とは？,https://news.yahoo.co.jp/articles/1a6061147147a8d1e1171351f01c1da14d19faaa,2/22(木) 10:42
alba,ゴルフ総合サイト ALBA Net,＜速報＞タイ決戦が開幕　岩井千怜パー発進、渋野日向子はこのあとティオフ,https://news.yahoo.co.jp/articles/3d6ad65bdff0494e60bd8da78d96d4b9014793ef,2/22(木) 10:34
alba,ゴルフ総合サイト ALBA Net,渋野日向子が敢行した“クラブ大刷新”…その決め手は？　UTは「やさしい」、シャフトは「ドローが打ちやすい」【春のクラブチェック】,https://news.yahoo.co.jp/articles/529c772adee17a92cee4518704977fc5c8fdca28,2/22(木) 10:00
alba,ゴルフ総合サイト ALBA Net,ルーキー・吉澤柚月が日本管材センターとスポンサー契約「人間としても成長し続けられるように」,https://news.yahoo.co.jp/articles/83e4566b76b9c2420ef0b443a6d87d9da8aee42b,2/22(木) 10:00
alba,ゴルフ総合サイト ALBA Net,西村優菜が「初めて」の優勝争い　シード権を当確させた秋のアーカンソー【米女子23年名勝負】,https://news.yahoo.co.jp/articles/38d1dca9f749991972ac14161b10b24cf4905987,2/22(木) 9:30
alba,ゴルフ総合サイト ALBA Net,師匠は佐伯三貴、兄はツアープロ　“黄金世代”小西瑞穂がプロ1年目での飛躍へ【24年注目ルーキー】,https://news.yahoo.co.jp/articles/8092c8f22862d352ab6389f191c260a1b9949233,2/22(木) 9:00
alba,ゴルフ総合サイト ALBA Net,新婚・藤田光里にあった“かなしい出来事”「減るどころではない…1500人ぐらい（笑）」,https://news.yahoo.co.jp/articles/831f69bdcf5fe2cc3adc9e082273a9f18df57f66,2/22(木) 8:30
alba,ゴルフ総合サイト ALBA Net,ボールが曲がらなくなる！　勝みなみが前傾キープするために行う「オタ芸シャドー（笑）」,https://news.yahoo.co.jp/articles/1f0f2237bfeb61ee1abea000afe6e0b3a27eb9a0,2/22(木) 7:30
alba,ゴルフ総合サイト ALBA Net,ゴルフ場にのしかかる年間1.2億の管理費用……最近増えてきた『非管理エリア』が経営を救うか,https://news.yahoo.co.jp/articles/00210077a4efb91cb72e7e51a84eea37154822ba,2/22(木) 7:30
alba,ゴルフ総合サイト ALBA Net,調整期間でアイアンとパターを変更　畑岡奈紗は再開戦の準備に手応え「スッキリしてますね」,https://news.yahoo.co.jp/articles/921310e8fb2a5c789878e73849cc0feaf7f99cb9,2/22(木) 7:30
alba,ゴルフ総合サイト ALBA Net,久常涼が特別招待でマスターズ出場へ　昨年は日本人初のルーキー・オブ・ザ・イヤーも,https://news.yahoo.co.jp/articles/5f0c828e2348b86fde1d30366fa1097aa850bf9c,2/22(木) 5:23
alba,ゴルフ総合サイト ALBA Net,フジクラの新作『24ベンタスブルー』を『Qi10』シリーズで【打ってみた】,https://news.yahoo.co.jp/articles/6366940815dc58d3e0f9edf8e10e91c218ee837f,2/21(水) 18:58
alba,ゴルフ総合サイト ALBA Net,「重心を感じて、クラブに振られる」から再現性が高い！ プロ仲間も心酔する申ジエのスイング,https://news.yahoo.co.jp/articles/9b440f1712bdd7d65cf36f54ad1fc7255566c8a3,2/21(水) 18:36
alba,ゴルフ総合サイト ALBA Net,岩井姉妹がコースで見せたい“ホンダ魂”  直ドラにも意欲「常にチャレンジを」,https://news.yahoo.co.jp/articles/d2eaf8c99f1187c90704acdd482b66ed9620d3c9,2/21(水) 18:00
alba,ゴルフ総合サイト ALBA Net,高弾道ドローでぶっ飛んだ！　『G430 MAX 10K HL』はヘッドスピード40m/sの強い味方,https://news.yahoo.co.jp/articles/f1235d118fdfb2925d26c8deff00a67143dbc9d4,2/21(水) 17:00
alba,ゴルフ総合サイト ALBA Net,プロテストで3度目の正直　“ダイヤモンド世代”吉澤柚月は「シード獲得を目指す」【24年注目ルーキー】,https://news.yahoo.co.jp/articles/d48b5c5108070f7d45fdc8ee49ffcf0e46206555,2/21(水) 17:00
alba,ゴルフ総合サイト ALBA Net,フリーアナの新井恵理那　久しぶりのゴルフ「コソ練」をインスタで大公開,https://news.yahoo.co.jp/articles/bc3b9f0226a502738dd7f5feea7003ff4b43dd8d,2/21(水) 16:21
alba,ゴルフ総合サイト ALBA Net,出場停止処分解除のA・カブレラ　米シニアツアーで復帰＆下部にも参戦予定,https://news.yahoo.co.jp/articles/755820102aaea2f2b091d50a90698d0797850944,2/21(水) 16:00
alba,ゴルフ総合サイト ALBA Net,畑岡奈紗が近づいた悲願のメジャー制覇　大舞台で何度もV争い【米女子23年名勝負】,https://news.yahoo.co.jp/articles/cacef7590ac082cdfe7a773bdaad9779a580cc2d,2/21(水) 15:30
alba,ゴルフ総合サイト ALBA Net,セキ・ユウティンが圧巻のビジュアル！ チャイナドレスに続いて“タイスタイル”を披露,https://news.yahoo.co.jp/articles/91ad3d1a0e231b0640284c680e5c0b7b15222996,2/21(水) 15:11
alba,ゴルフ総合サイト ALBA Net,翌日のラウンドが雨予報…中止した方が良さそうだけど、どうやって切り出す？「こんなとき、どうする」,https://news.yahoo.co.jp/articles/2f2f3e759e14c5dc210baa91ead2f6b19dc45a92,2/21(水) 15:00
alba,ゴルフ総合サイト ALBA Net,黄金世代、プラチナ世代、ダイヤモンド世代…　女子プロたちの誕生年を整理してみた【国内女子ツアー丸わかり】,https://news.yahoo.co.jp/articles/dc41ee01afcacbfe9beea467b99a53e1f97e1bbe,2/21(水) 15:00
alba,ゴルフ総合サイト ALBA Net,マスターズの舞台　オーガスタナショナルGCの最長ホールに“プラス10ヤード”,https://news.yahoo.co.jp/articles/7a1f840d048c98a7f1a64b438b5c3ca43e890347,2/21(水) 14:00
alba,ゴルフ総合サイト ALBA Net,「こんなにいい環境はない」　渋野日向子が辻村明志コーチのもと雪辱のシーズンを始動,https://news.yahoo.co.jp/articles/2f8e84b4f147f54c58bea5df665f84be97b864b0,2/21(水) 13:35
alba,ゴルフ総合サイト ALBA Net,ワンオクTakaが友人・松山英樹の優勝を生観戦　本人を招いた祝勝会でも興奮冷めやらず,https://news.yahoo.co.jp/articles/742639d4ca551ef99d9180045a51eb63e683b60e,2/21(水) 13:16
alba,ゴルフ総合サイト ALBA Net,昨年初の地元V達成　小祝さくらの目標は複数回＆メジャーV【開幕戦注目選手】,https://news.yahoo.co.jp/articles/ca0ea6e54c59a13e9278e14c85829db89e70565b,2/21(水) 13:00
alba,ゴルフ総合サイト ALBA Net,鶴岡果恋は”覚悟”のQTで好結果　念願初シード入りへ【QTからの返り咲き】,https://news.yahoo.co.jp/articles/5fab762d15fa69bfc014486b29eebf8af37057b0,2/21(水) 12:52
alba,ゴルフ総合サイト ALBA Net,祝賀会に着物で登場　山下美夢有が見せた大人の魅力,https://news.yahoo.co.jp/articles/7b82442978df975fe34c9884b40c27785d46afdd,2/21(水) 12:31
alba,ゴルフ総合サイト ALBA Net,伸びしろ十分の注目株　ダイナミックスインガー・佐藤心結【女子U-23紹介】,https://news.yahoo.co.jp/articles/015086ef7e9c1b18be6fb883c9e9f49aca5bc92c,2/21(水) 12:00
alba,ゴルフ総合サイト ALBA Net,笹生優花がTOYO TIREとスポンサー契約を締結「人間としても成長し続ける」,https://news.yahoo.co.jp/articles/69fa8ae91ad5c33f9cd3c4074a67e4be663d741a,2/21(水) 11:38
alba,ゴルフ総合サイト ALBA Net,花粉症の季節、日焼けにも気を付けて【原田香里のゴルフ未来会議】,https://news.yahoo.co.jp/articles/156bf20a348198d48df281c0425499b38a3bf749,2/21(水) 11:30
alba,ゴルフ総合サイト ALBA Net,米PGAツアーで使用率99％のレーザー距離計測器『ブッシュネルゴルフ』が史上最小・最軽量モデルとハイエンドモデルを新発売,https://news.yahoo.co.jp/articles/ae4f6a74c610dab8fa0d52481dfb8a9017227eb1,2/21(水) 11:15
alba,ゴルフ総合サイト ALBA Net,サウジからの連戦…「倒れないことが一番（笑）」　古江彩佳が高温多湿のタイで意識するポイントは？,https://news.yahoo.co.jp/articles/65cd82a829463b7bba8dd1048d4c61cc44fb6a46,2/21(水) 11:14
alba,ゴルフ総合サイト ALBA Net,“軟鉄鍛造好き”へ、ミズノ『MX-I FORGED』『MX FORGED PRO』が直営店限定デビュー,https://news.yahoo.co.jp/articles/03c47322b070c9ee6a114a7fef8aa9a83818adc9,2/21(水) 10:57
alba,ゴルフ総合サイト ALBA Net,今週のアジアンツアーは“高額大会”　昨年覇者の金谷拓実、LIVの香妻陣一郎ら日本勢5人が出場,https://news.yahoo.co.jp/articles/b672474ca17b640e03d0eb4f4b03695155f2dd17,2/21(水) 10:31
alba,ゴルフ総合サイト ALBA Net,結婚発表の反響には「フォロワーが…」　江澤亜弥は“ストロング”グリップに挑戦中,https://news.yahoo.co.jp/articles/4c14eca80815399107ecc59c1907e6c9f6dd8fba,2/21(水) 9:38
alba,ゴルフ総合サイト ALBA Net,青木瀬令奈、櫻井心那ら日本勢15人が出場　台湾女子ツアーの組み合わせが発表,https://news.yahoo.co.jp/articles/81b755ea462914f053f435e4590b019a826c3801,2/21(水) 9:00
alba,ゴルフ総合サイト ALBA Net,米ツアーの組み合わせが発表　久常涼は2週ぶりの参戦、先週Vの松山英樹は出場せず,https://news.yahoo.co.jp/articles/d6040e753b034d1d520caab5fb1041c10e106774,2/21(水) 8:00
alba,ゴルフ総合サイト ALBA Net,長年悩んできた“5ヤード”も新クラブで解決　西村優菜の海外2年目は「攻めたゴルフ」で,https://news.yahoo.co.jp/articles/c6631cc64cf78322c40dd1d573749868054b0c4b,2/21(水) 7:39
alba,ゴルフ総合サイト ALBA Net,今年は飛躍の予感！　安田祐香はノーコックだから安定感抜群のドローが打てる,https://news.yahoo.co.jp/articles/c0c4b5a5fc987cd6de95348bb2fbc874c641e43d,2/21(水) 7:30
alba,ゴルフ総合サイト ALBA Net,欧州ツアーはアフリカ戦へ突入　日本勢からは前戦で初Vの星野陸也、比嘉一貴らが出場,https://news.yahoo.co.jp/articles/3cf2ba5db15a705f16ccc1bc876f7398b9828563,2/21(水) 7:05
alba,ゴルフ総合サイト ALBA Net,左右OBホールで使いたくなる　ドライバー並みに飛ぶ最新“3番ウッド”7選,https://news.yahoo.co.jp/articles/4d7fe4facffaa314d8b98951220592b69c38b41c,2/20(火) 20:00
alba,ゴルフ総合サイト ALBA Net,蛭田みな美がジュンアンドロペとウェア契約　「お揃いにしていただけると嬉しいです！」,https://news.yahoo.co.jp/articles/a578b2792dedd3b89a09484684d62f3a8def6dff,2/20(火) 19:09
alba,ゴルフ総合サイト ALBA Net,ツアー外競技も初のホステス大会に「楽しく回れた」　永嶋花音が目指す恩返し,https://news.yahoo.co.jp/articles/39f0f3ac553dab4d2fb7a20561dbaef0c1532d35,2/20(火) 18:00
alba,ゴルフ総合サイト ALBA Net,日本勢8人が出場！　初戦迎える渋野日向子の組み合わせは…原英莉花は畑岡奈紗らと同組,https://news.yahoo.co.jp/articles/1858912f60a1de43ac40b2b5edab270c2bdf3438,2/20(火) 17:46
alba,ゴルフ総合サイト ALBA Net,渋野日向子と原英莉花がタイで“競演”「楽しかった」　出場の日本勢8人が精力的に練習R,https://news.yahoo.co.jp/articles/ee02a9194aa3ffccd712ff7be4b5114962fd0a19,2/20(火) 17:42
alba,ゴルフ総合サイト ALBA Net,藤田さいきがVIRI-DARI DESERTAとウェア契約を締結「新たな気持ちで頑張りたい」,https://news.yahoo.co.jp/articles/056758e0bd91bec3cde7d227a6f30bc50acde57f,2/20(火) 17:25
alba,ゴルフ総合サイト ALBA Net,初めての台湾で開幕戦を迎える青木瀬令奈　練習ラウンドで警戒ポイントを次々にチェック,https://news.yahoo.co.jp/articles/f97f020f79ad1d11d266d33d0b08460daa4ce0bc,2/20(火) 17:17
alba,ゴルフ総合サイト ALBA Net,V予想トップは連覇をめざすトニー・フィナウ　久常涼はランク外　松山英樹は出場せず,https://news.yahoo.co.jp/articles/531ddd1a7b7b332c47fb5a1ae03d67a9940bf663,2/20(火) 17:00
alba,ゴルフ総合サイト ALBA Net,「初モノに強い」古江彩佳、未発表1Wと新ボールに替えてFWキープ率「88.4％」,https://news.yahoo.co.jp/articles/2bf64db0c0274c138b9689c48b014efa83b8a3b4,2/20(火) 16:56
alba,ゴルフ総合サイト ALBA Net,原英莉花、吉田優利ら計9名が今季のJLPGAブライトナーに決定　新メンバーには昨季初V組が選出,https://news.yahoo.co.jp/articles/8ac17689ba1d6a69dbb2dfec0a19f5a317d26979,2/20(火) 16:14
alba,ゴルフ総合サイト ALBA Net,最強の都道府県はどこだ！　トップは女王4人を輩出するあの県【国内女子ツアー丸わかり】,https://news.yahoo.co.jp/articles/0d8d3cb03bff7c5c218c4c61b6577047f1083a53,2/20(火) 15:06
alba,ゴルフ総合サイト ALBA Net,初のレギュラー本格参戦も目標は「控えめ（笑）」　ジャンボの秘蔵っ子・小林夢果【QTからの返り咲き】,https://news.yahoo.co.jp/articles/a057b9a8b3d1fe5bcc8877f0351635e633c87108,2/20(火) 15:00
alba,ゴルフ総合サイト ALBA Net,PXGの“秘密兵器”が適合リスト登録！ロフト13°のミニドライバーか,https://news.yahoo.co.jp/articles/c707ba2e4bffb3fe1ec79cbb78c2ee66a56a114c,2/20(火) 14:19
alba,ゴルフ総合サイト ALBA Net,アプローチでヘッドの重み感じてる？　手首は “ガチガチ”ではなく“ブランブラン”させるとザックリしない,https://news.yahoo.co.jp/articles/46c41c57ab4e9033d17ece34a93a160331815601,2/20(火) 14:02
alba,ゴルフ総合サイト ALBA Net,LIV選手がオマーンに集結　アジアンツアーにどうしても出場したい理由とは…,https://news.yahoo.co.jp/articles/5aa4b2df1a78b9ff8144beeabcfe55c26fc849b0,2/20(火) 14:01
alba,ゴルフ総合サイト ALBA Net,プロ3年目の須江唯加がツアー外競技で優勝　 新シーズンに向けて「ワクワクと不安な部分がある」,https://news.yahoo.co.jp/articles/db825c6a81ad3e6d7e08677578c24a0e77d1a62a,2/20(火) 13:00
alba,ゴルフ総合サイト ALBA Net,重量級の松山英樹をチームヒデキが歓喜の胴上げ！　残念ながら宙には浮かず,https://news.yahoo.co.jp/articles/ac5331eacaede59b85cc47227a83ae6447fc434e,2/20(火) 12:45
alba,ゴルフ総合サイト ALBA Net,原英莉花は1Wを限定モデルに刷新「左にいかないのがマスト」　ヘッドは“Ai”、シャフトには“0.5インチ”の変化も【春のクラブチェック】,https://news.yahoo.co.jp/articles/411a863b4052d43e6d77f921d06522a4d5b7882f,2/20(火) 12:23
alba,ゴルフ総合サイト ALBA Net,桑木志帆が東プレ株式会社とスポンサー契約を締結　「世界を目指して挑戦し続けます」,https://news.yahoo.co.jp/articles/ba4cca143fdc4d9a3218a5dcc1121948c87f56e7,2/20(火) 12:00
alba,ゴルフ総合サイト ALBA Net,標的はツアー初優勝　プラチナ世代の“精密機械”阿部未悠【女子U-23紹介】,https://news.yahoo.co.jp/articles/fec69fac2c47d4c4bb49926c1dc37b9f9179cbe9,2/20(火) 12:00
alba,ゴルフ総合サイト ALBA Net,海外2試合→沖縄入り　岩井明愛＆千怜の最強ツインズはさらなる飛躍へ「もっと笑顔になるプレーを」【開幕戦注目選手】,https://news.yahoo.co.jp/articles/5a6cbe1c35ab199b2d4e35027fab6c46d18c2254,2/20(火) 11:30
alba,ゴルフ総合サイト ALBA Net,おやじゴルフニュース「こじらせおやじたちが展開する一風変わったゴルフとは？」,https://news.yahoo.co.jp/articles/ffacbfeab5e167a32b2ad100aaa9561df0afdfbd,2/20(火) 11:30
alba,ゴルフ総合サイト ALBA Net,松山英樹が2年ぶりVでジャンプアップ　54人抜きの3位【FedExCupランキング】,https://news.yahoo.co.jp/articles/f8342f123f62728d11ab73e46f524b92b2adcf98,2/20(火) 11:30
alba,ゴルフ総合サイト ALBA Net,ワークマンゴルフは原価率65%！ 儲けてはいけない社風で大ヒット「24年のイチオシは腰痛改善パンツと冷却ベスト」,https://news.yahoo.co.jp/articles/44cdb1ac006c46c2e63dbcf8ccad28426e42be75,2/20(火) 11:29
alba,ゴルフ総合サイト ALBA Net,「替え歌担当　川崎春花」「鍵開け担当　佐藤心結」 櫻井心那が仲良しトリオでのタイ合宿を大公開,https://news.yahoo.co.jp/articles/b6d344e8d659843dd3510db26fdbccdb5bdfbcb9,2/20(火) 11:13
alba,ゴルフ総合サイト ALBA Net,森美穂が昨夏に結婚していた！　これまでSNSなどで公表せずも「オープンです（笑）」,https://news.yahoo.co.jp/articles/5ef936ec001ee59be844070d6435c8244bbcad1b,2/20(火) 10:45
alba,ゴルフ総合サイト ALBA Net,ウィル・ザラトリスが怪我から復帰後の最上位に！エース達成は『T150』の７番で『T350』の3番が一番のお気に入り【WITB】,https://news.yahoo.co.jp/articles/1cb41d1d47bf3cdf830229f2a18321c78964119c,2/20(火) 10:27
alba,ゴルフ総合サイト ALBA Net,先・中・元調子だけじゃない！　振りやすさに影響するシャフトの「全体しなり」と「部分しなり」【フィッターに聞く】,https://news.yahoo.co.jp/articles/f7c8ca1bc90f606a3cbdd9dd91fb2d64431511b9,2/20(火) 10:00
alba,ゴルフ総合サイト ALBA Net,杉浦悠太がトミーヒルフィガーゴルフとウエア契約「私服で着るくらい好き」,https://news.yahoo.co.jp/articles/f3a4b28695e2301930550dd95b30745f41389c80,2/20(火) 9:00
alba,ゴルフ総合サイト ALBA Net,昨季4勝で大ブレーク　期待のハタチ・櫻井心那が“女王”の座をつかみにいく【開幕戦注目選手】,https://news.yahoo.co.jp/articles/cf4a9d6027e2bd85a47d9dd173a7aa05b32d4909,2/20(火) 8:00
alba,ゴルフ総合サイト ALBA Net,かなり珍しい「トップで左足体重」の菅沼菜々　なぜ飛ぶ？ どうして曲がらない？,https://news.yahoo.co.jp/articles/ae523939db51c5a219317dc50fe003e51a0ad1d8,2/20(火) 7:30
alba,ゴルフ総合サイト ALBA Net,「世界ランクを上げられるように」　原英莉花がタイで迎える“勝負のシーズン”開幕戦,https://news.yahoo.co.jp/articles/25a5d69972096cf5d791569b1e2fda8ce6fcf018,2/20(火) 7:30
alba,ゴルフ総合サイト ALBA Net,2年ぶりVの松山英樹を支える“チーム松山”の想い　「ほっとしました」,https://news.yahoo.co.jp/articles/aaf2cb0d336ce7246467f3774ae17492dde9a863,2/20(火) 7:00
alba,ゴルフ総合サイト ALBA Net,トップ18まで変動なし　畑岡奈紗17位、古江彩佳20位【女子世界ランキング】,https://news.yahoo.co.jp/articles/f67a0c3c8188826858d27640b3d55748db46e4d6,2/20(火) 6:45
alba,ゴルフ総合サイト ALBA Net,「一緒に写真を撮りたかった」タイガー・ウッズ不在に松山英樹は“残念”,https://news.yahoo.co.jp/articles/f61baadb15f0c3b960a395dfdc8e049ea39c03b5,2/19(月) 20:00
alba,ゴルフ総合サイト ALBA Net,タイで“今季開幕戦”迎える渋野日向子、原英莉花が猛暑のなか調整　30度超も精力的に練習,https://news.yahoo.co.jp/articles/2ecffc67405666b656d14f7b1fc2f3f7defcc689,2/19(月) 19:02
alba,ゴルフ総合サイト ALBA Net,「私は昭和な女子プロ」藤田さいきのパターはフェースが特注品でこだわりだらけ？,https://news.yahoo.co.jp/articles/fd7ba4e66c9fdf05d633698e397cdff9693d8e14,2/19(月) 18:00
alba,ゴルフ総合サイト ALBA Net,予選グループ完勝、決勝Tでは逆転勝ち　古江彩佳がマッチプレーで2年連続の準優勝【米女子23年名勝負】,https://news.yahoo.co.jp/articles/f86b1ef18272acc07f26494a78ff1907ceda057e,2/19(月) 18:00
alba,ゴルフ総合サイト ALBA Net,昨年アマV・杉浦悠太がミズノアンバサダー契約を発表　憧れのL・ドナルドからのメッセージに驚き,https://news.yahoo.co.jp/articles/bc24abe0cf9ca93afb2127ae8b71dd23aa80a08d,2/19(月) 17:41
alba,ゴルフ総合サイト ALBA Net,祝・松山英樹復活V　『BSJapanext』が緊急特番を今夜放送,https://news.yahoo.co.jp/articles/65b2a23f70266280f47e6dad55209cf4cff46e73,2/19(月) 17:20
alba,ゴルフ総合サイト ALBA Net,新NISAは人生のバーディチャンス！　やらない手はないけど…メリットを超シンプルにおさらい,https://news.yahoo.co.jp/articles/d30454fe3b4bfb0a25db4c80b6e094e48290e9d9,2/19(月) 17:00
alba,ゴルフ総合サイト ALBA Net,「雰囲気があった」丸山茂樹が松山英樹の強さと勝因を分析,https://news.yahoo.co.jp/articles/60481d439453f65344bb651481375421985de816,2/19(月) 17:00
alba,ゴルフ総合サイト ALBA Net,須江唯加がプレーオフ制してV　賞金200万円獲得【INTLOOPグループ レディースカップ】,https://news.yahoo.co.jp/articles/2e7728de1b3258ba1bfdf552f3df1f5987e8849b,2/19(月) 16:10
alba,ゴルフ総合サイト ALBA Net,犬カフェでワンちゃんとお昼寝　小祝さくらがのんびりと過ごすオフの一日,https://news.yahoo.co.jp/articles/c659685ecd4f96a8f3204aca5aa3245089800093,2/19(月) 16:02
alba,ゴルフ総合サイト ALBA Net,得意の料理をする鈴木愛のレアな動画　ファンは「上手！」「食べた～い」と大絶賛,https://news.yahoo.co.jp/articles/276655016b902bc2efae7b9fc5b062003f5865bc,2/19(月) 15:36
alba,ゴルフ総合サイト ALBA Net,身長153センチでもぶっ飛び！　清本美波のタオルドリルは「体の後ろに飛ぶように地面を蹴る」,https://news.yahoo.co.jp/articles/02b5d4fb3c14bc4cd898868c8f21d82c1f80e00b,2/19(月) 15:21
alba,ゴルフ総合サイト ALBA Net,松山英樹はシグネチャー大会優勝でビッグマネー　過去に手にした優勝賞金最高額は…,https://news.yahoo.co.jp/articles/85fc4048c8052572624e5d69f7a21b13cc0085f2,2/19(月) 15:00
alba,ゴルフ総合サイト ALBA Net,ニューバランスのフラッグシップ、『Fresh Foam X 2500 v4』は何が変わった？,https://news.yahoo.co.jp/articles/206bad03ed9e8c3f0224fd2a51a689d38103d107,2/19(月) 14:41
alba,ゴルフ総合サイト ALBA Net,パットもさえて新境地？　松山英樹はショートゲームで支えた『62』に「すごく自信になる」,https://news.yahoo.co.jp/articles/0454beb4d695ed43cfa3c3c69a3d9712e8e0fc84,2/19(月) 14:00
alba,ゴルフ総合サイト ALBA Net,「ヒデキには脱帽だ」　ライバルたちも松山英樹の大逆転劇を称賛,https://news.yahoo.co.jp/articles/4717b92adeb54687eb1a8eed657d1f00a308f4b7,2/19(月) 13:00
alba,ゴルフ総合サイト ALBA Net,松山英樹の2年ぶり米通算9勝目に早藤将太キャディも喜び「このチームで勝ちたかった」,https://news.yahoo.co.jp/articles/14ce5b631f6cb292d54308ef94ad45371116ddcc,2/19(月) 12:30
alba,ゴルフ総合サイト ALBA Net,地元・長崎のランタンフェスでエネルギーチャージ！　櫻井心那は海外での初優勝を狙う,https://news.yahoo.co.jp/articles/44a568a3d628e1e3a22a8a9e23f357be805895fe,2/19(月) 12:21
alba,ゴルフ総合サイト ALBA Net,賞金6億円ゲット　松山英樹、通算9勝目の要因は？【舩越園子コラム】,https://news.yahoo.co.jp/articles/a51874ef7a44b686c77ff509a61ba5b4885cd590,2/19(月) 12:00
alba,ゴルフ総合サイト ALBA Net,松山英樹がアジア勢最多の9勝目　K・J・チョイ抜き「丸山茂樹さんに報告します」【優勝会見一問一答】,https://news.yahoo.co.jp/articles/ac5094fd82b58e8396d170e8ad6f9f8dcc76721e,2/19(月) 11:42
alba,ゴルフ総合サイト ALBA Net,20歳を迎えた都玲華が早くも半生の振り返り？ 幼少期の写真はファン必見,https://news.yahoo.co.jp/articles/c6aa13c0a795a9e1fc82cc4a97b6bda1f0ad8772,2/19(月) 11:21
alba,ゴルフ総合サイト ALBA Net,松山英樹が35人抜き　11カ月ぶりトップ20返り咲き【男子世界ランキング】,https://news.yahoo.co.jp/articles/3aea82d28e1d105372e9fdea8c15e3308f0c97d4,2/19(月) 10:24
alba,ゴルフ総合サイト ALBA Net,圧巻『62』を「自信に変えて」　松山英樹が見据えるマスターズ2勝目,https://news.yahoo.co.jp/articles/f53b95cba6d3f1b71f4213f8d06c583f4ff09f8a,2/19(月) 10:12
alba,ゴルフ総合サイト ALBA Net,タイガーが松山英樹を祝福 「6打差逆転の“62”は本当に特別」,https://news.yahoo.co.jp/articles/fe8e20328ab309e0eb374db9737d28ff766625a2,2/19(月) 9:49
alba,ゴルフ総合サイト ALBA Net,「ワールドランキングが下がるのを止められた」松山英樹が振り返る米ツアー9勝目【一問一答】,https://news.yahoo.co.jp/articles/203cf0c8221ea0a710add3f8f3413d7f21ed66a0,2/19(月) 8:42
alba,ゴルフ総合サイト ALBA Net,松山英樹が大逆転で米ツアー9勝目「これ以上は望めないラウンド」,https://news.yahoo.co.jp/articles/dd1c84ea095be2d11b5790e183a38645df42f6d0,2/19(月) 8:30
alba,ゴルフ総合サイト ALBA Net,“気合い”のパットもかみ合わず　再起誓う脇元華は「開幕戦から暴れたい」【QTからの返り咲き】,https://news.yahoo.co.jp/articles/8306060c065c67c82b8b6350b310322d31e2630a,2/19(月) 8:00
alba,ゴルフ総合サイト ALBA Net,松山英樹が大逆転V　圧巻「62」で米9勝目、アジア勢最多勝利数を更新,https://news.yahoo.co.jp/articles/ee80afca67a9ff4a7223d2392e2d6873b8faae45,2/19(月) 7:56
alba,ゴルフ総合サイト ALBA Net,＜速報＞松山英樹が「62」の大爆発　2位に3打差の単独首位でホールアウト,https://news.yahoo.co.jp/articles/418c427d052e0e642868bd7b5cf67f3b28af3180,2/19(月) 7:36
alba,ゴルフ総合サイト ALBA Net,＜速報＞松山英樹が首位タイで残り3ホール　15番ではスーパーショットも,https://news.yahoo.co.jp/articles/59d1c65a1d616b4bdd23751331ecac5c15aee6fc,2/19(月) 7:36
alba,ゴルフ総合サイト ALBA Net,＜速報＞松山英樹が首位と1打差で終盤へ　2度の3連続バーディで猛追,https://news.yahoo.co.jp/articles/659d9425840104e70268051cfb9905179e57d5ea,2/19(月) 6:25
alba,ゴルフ総合サイト ALBA Net,勝みなみが「65」マークし3位、約3900万円獲得　P・タバタナキトが完全V,https://news.yahoo.co.jp/articles/06d6d15b50f9561eeb8630a9e0f1c27b7932cdcc,2/19(月) 6:01
alba,ゴルフ総合サイト ALBA Net,＜速報＞松山英樹は3連続バーディ発進で前半3アンダー　首位と5差で後半へ,https://news.yahoo.co.jp/articles/732d368e1f63fe8c47a8283bac9e835be9947a16,2/19(月) 5:30
alba,ゴルフ総合サイト ALBA Net,FW部門は 『Qi10』でも 『Ai SMOKE』でもなく、ピンの22年モデルが1位再浮上！【フェアウェイウッド売り上げランキング】,https://news.yahoo.co.jp/articles/b3b801ce7b1fded9995af1b1248c96034ee8e869,2/18(日) 20:00
alba,ゴルフ総合サイト ALBA Net,2年連続女王の山下美夢有を祝う会に約250人参列　今年の目標は「メジャー、五輪で成績を」,https://news.yahoo.co.jp/articles/df2812a8dfd49c6eb72b25e3912aa506841a1488,2/18(日) 18:00
alba,ゴルフ総合サイト ALBA Net,鍋谷太一が日本勢トップ31位　優勝のD・プイグら3人に全英切符,https://news.yahoo.co.jp/articles/5cb30d0941437daeb05deba36f573f765ec6e6ea,2/18(日) 17:36
alba,ゴルフ総合サイト ALBA Net,＜速報＞勝みなみが序盤3バーディで浮上　笹生優花はボギー発進,https://news.yahoo.co.jp/articles/db13f5d49bb6bec3185dd945f7ecec714b10865f,2/18(日) 17:24
alba,ゴルフ総合サイト ALBA Net,棄権したタイガー、リビエラに備え『Qi10ツアー』の3Wを数週間かけて準備していた【WITB】,https://news.yahoo.co.jp/articles/373d4bbf0b905a7ba1e40635fcaf0fb0766359ef,2/18(日) 16:55
alba,ゴルフ総合サイト ALBA Net,＜速報＞サウジ7億円大会の最終日スタート　西村優菜、西郷真央はパー発進,https://news.yahoo.co.jp/articles/2c7190a11459d539bcec0e9fded2d0e05e6e0a3d,2/18(日) 15:03
alba,ゴルフ総合サイト ALBA Net,クラシックとパフォーマンスが融合したスパイクシューズ、ニューバランス『Heritage/MG100』がデビュー,https://news.yahoo.co.jp/articles/fc29d6fc2a48ece2f616b9e427accfc044fe10b9,2/18(日) 14:59
alba,ゴルフ総合サイト ALBA Net,目標は3勝+“大台”10億円　鈴木愛は女王の強さ取り戻す1年に【開幕戦注目選手】,https://news.yahoo.co.jp/articles/66feb96590b5a4e1e35166224c2511dd63ca6e66,2/18(日) 12:00
alba,ゴルフ総合サイト ALBA Net,欧州サッカーのCL形式？　マキロイが“グローバル・ツアー”構想を明かす,https://news.yahoo.co.jp/articles/9515a48df1659425cbbd97ac125e896706bcbe6d,2/18(日) 12:00
alba,ゴルフ総合サイト ALBA Net,タイガー・ウッズが病状を報告　「インフルエンザ、よくなっている」,https://news.yahoo.co.jp/articles/d14b4ccc04556ed42f4add1eaaa46b5501742f46,2/18(日) 9:30
alba,ゴルフ総合サイト ALBA Net,松山英樹は上がり連続バーディに笑顔「いい終わり方ができた」,https://news.yahoo.co.jp/articles/4e2073cec4e7db6ebbe97905a126bc6386c688d2,2/18(日) 9:03
alba,ゴルフ総合サイト ALBA Net,松山英樹は6差7位で最終日へ　キャントレーが首位、棄権のウッズはインフルエンザ,https://news.yahoo.co.jp/articles/6d09953380960c20828d54583713e5eaf07e6b83,2/18(日) 8:42
alba,ゴルフ総合サイト ALBA Net,「常に上位で戦えるように」　悲願の初Vへ、桑木志帆がオフに強化していることは？【開幕戦注目選手】,https://news.yahoo.co.jp/articles/fd407a5d8aef8d62fc6a7edb20fb5ccf2298aae3,2/18(日) 8:00
alba,ゴルフ総合サイト ALBA Net,＜速報＞松山英樹は上がり連続バーディの「68」　前日棄権のウッズはインフルエンザと判明,https://news.yahoo.co.jp/articles/89c2a02c48ca16be8676865f00e287ee85d2198a,2/18(日) 7:50
alba,ゴルフ総合サイト ALBA Net,元ナショナルチームで昨年の日本OPローアマ　今季プロ1年目を迎える岡田晃平【きょうは誰の誕生日？】,https://news.yahoo.co.jp/articles/4b4f2f514c9df17657262ac7764db237cf385784,2/18(日) 7:30
alba,ゴルフ総合サイト ALBA Net,笹生優花が6差7位に浮上、勝みなみ21位　高額賞金サウジ大会は最終Rへ,https://news.yahoo.co.jp/articles/6e3ebffe88d3151d0db600a5ef9e33ff3606aea2,2/18(日) 6:47
alba,ゴルフ総合サイト ALBA Net,＜速報＞松山英樹は2つ伸ばし通算7アンダー　首位と6差で後半へ,https://news.yahoo.co.jp/articles/f349586d671ca9586d3d328bc2364a985d5e1b6f,2/18(日) 5:47
alba,ゴルフ総合サイト ALBA Net,『Qi10』『Ai SMOKE』『G430 MAX 10K』どれが一番飛ぶの？　最新ドライバー17選,https://news.yahoo.co.jp/articles/643aa4dbd2774ac563a4fa74c75af4a3c1cc5915,2/17(土) 20:00
alba,ゴルフ総合サイト ALBA Net,＜速報＞勝みなみ、笹生優花が前半で浮上　古江彩佳はダボ発進,https://news.yahoo.co.jp/articles/318e236608c2482a67c60cef6e1bea66f0f5ea5e,2/17(土) 17:46
alba,ゴルフ総合サイト ALBA Net,関藤直熙が27位で最終日へ　鍋谷太一46位、生源寺龍憲は68位,https://news.yahoo.co.jp/articles/e9690826f3821f96ae60bbb081bb4e819d468771,2/17(土) 17:09
alba,ゴルフ総合サイト ALBA Net,＜速報＞サウジ7億円大会の3日目スタート　西村優菜はパー発進,https://news.yahoo.co.jp/articles/4647d3e021e6ae5ff7f5d1e5bdc6506c53b1d882,2/17(土) 15:21
alba,ゴルフ総合サイト ALBA Net,ウィル・ザラトリスがエース達成で高級車2台ゲット　喜び大爆発「ちょっとしたボーナス」,https://news.yahoo.co.jp/articles/c682a19cdc916a3edac472e3ac0bdf1e87572257,2/17(土) 12:33
alba,ゴルフ総合サイト ALBA Net,「足も背中も全く問題ない」　タイガー・ウッズが体調不良で途中棄権、救急車も到着でコースは一時騒然,https://news.yahoo.co.jp/articles/7a81a4c9670a27d223b2d0f722737b9e5b2ae0c9,2/17(土) 12:00
alba,ゴルフ総合サイト ALBA Net,注文から7分でおいしいものを提供するゴルフ場レストラン　ハードな仕事を任されている料理長の年収はいくら？,https://news.yahoo.co.jp/articles/eee50315908e0ca177dda50261e04cefa118ff23,2/17(土) 11:45
alba,ゴルフ総合サイト ALBA Net,決勝進出から一転…　ジョーダン・スピースがスコア誤記で失格,https://news.yahoo.co.jp/articles/1f7aa8f6d4fffe549ab874627094ec1f1c90fd97,2/17(土) 11:20
alba,ゴルフ総合サイト ALBA Net,251ヤード→1.5mで「ラッキーなイーグル」　松山英樹は上位戦線残り週末へ,https://news.yahoo.co.jp/articles/04d093f191a205954997bcfba1d666468c68356b,2/17(土) 11:00
alba,ゴルフ総合サイト ALBA Net,松山英樹は8差9位で週末へ　復帰戦のタイガー・ウッズは途中棄権,https://news.yahoo.co.jp/articles/1a92eaa3fbd622f3e189622a5dd6296cf1954beb,2/17(土) 10:21
alba,ゴルフ総合サイト ALBA Net,アジアンツアー開幕戦で生源寺龍憲ら3人が決勝Rへ　金谷拓実は「66」と伸ばすも予選落ち,https://news.yahoo.co.jp/articles/788d3517f5b44e497f53664fae8f35ea73ee50bb,2/17(土) 9:00
alba,ゴルフ総合サイト ALBA Net,ダイキン100周年を彩る活躍を　2人のホステスプロが恩返しへ“誓い”【開幕戦注目選手】,https://news.yahoo.co.jp/articles/5e5148057b2756f4914a2f0060a4d865910ebaad,2/17(土) 8:01
alba,ゴルフ総合サイト ALBA Net,年間女王もガニってた！　両ヒザの間隔を広げれば、左足に強く踏み込める,https://news.yahoo.co.jp/articles/1138c299287731c87daa010df467a3e4ca97f1d8,2/17(土) 8:00
alba,ゴルフ総合サイト ALBA Net,古江彩佳が12位、勝みなみは17位　日本勢は5人が決勝ラウンドへ,https://news.yahoo.co.jp/articles/2be1f01b105e1fe13ea426b32c8871cd751862b5,2/17(土) 7:45
alba,ゴルフ総合サイト ALBA Net,10カ月ぶり復帰のタイガー・ウッズが途中棄権　理由は『病気のため』,https://news.yahoo.co.jp/articles/1279910c5751ab2c4e78abe520149b8047ee795e,2/17(土) 6:54
alba,ゴルフ総合サイト ALBA Net,＜速報＞松山英樹は2日目「68」　タイガー・ウッズは前半プレー中,https://news.yahoo.co.jp/articles/cea64ab85554617005720329ad7476fb2838486a,2/17(土) 6:39
alba,ゴルフ総合サイト ALBA Net,今週の1位はシブコ絶賛の『G430 MAX 10K』!　店舗に聞いた本当の人気は？【ドライバー売り上げランキング】,https://news.yahoo.co.jp/articles/5c0bb224f1042964922df1b5a86feb8705a7125b,2/16(金) 20:00
alba,ゴルフ総合サイト ALBA Net,タイガーと共演　脳手術から復活のウッドランド「この1年で一番いいゴルフができた」,https://news.yahoo.co.jp/articles/d1de79dfbbf28defd27ff0a154706ba59ada0d83,2/16(金) 18:15
alba,ゴルフ総合サイト ALBA Net,＜速報＞日本勢トップの古江彩佳がティオフ　パー発進で首位と4差,https://news.yahoo.co.jp/articles/7d1459442cd5b22b1fe44d91e6c785be6814cf2f,2/16(金) 18:01
alba,ゴルフ総合サイト ALBA Net,ボア3個付きの『TOUR ALPHA』ふくめ、フットジョイが新作シューズ3機種を一気に本日発売！,https://news.yahoo.co.jp/articles/f50f9f4a0c9fb0ee1afab15254768d1ee1cba373,2/16(金) 17:36
alba,ゴルフ総合サイト ALBA Net,QTトップ通過の韓流ルーキー　宋ガウンが目指す“二刀流”【24年注目ルーキー】,https://news.yahoo.co.jp/articles/6bb0b969bbaa3b0b9ecbc0434a9b5d926b475045,2/16(金) 17:00
alba,ゴルフ総合サイト ALBA Net,出身都道府県別データ　2年連続女王擁する“なにわ女子”が最多8人【国内女子ツアー丸わかり】,https://news.yahoo.co.jp/articles/69bfe507816c7b425d88309996ed15addf3dbaae,2/16(金) 16:33
alba,ゴルフ総合サイト ALBA Net,“セクシークイーン”は健在　アン・シネがタイトなゴルフウェアのコーディネートを披露,https://news.yahoo.co.jp/articles/064898e5c784af18bb74ee39775caacf1abaff79,2/16(金) 16:20
alba,ゴルフ総合サイト ALBA Net,これができたらヘッドスピード5m/sアップ！　長い棒を左脇腹に当てずに振ってみよう,https://news.yahoo.co.jp/articles/49d3625f804d49231aeaa0ae2dd233aaeeaec1fd,2/16(金) 16:14
alba,ゴルフ総合サイト ALBA Net,“ママさんルーキー”の神谷和奏がソニーネットワークコミュニケーションズコネクトと所属契約「感動を提供し続けたい」,https://news.yahoo.co.jp/articles/f9217f50841ccc43c62e97a6a2b11d26832a8c4c,2/16(金) 15:46
alba,ゴルフ総合サイト ALBA Net,音と打感だけソフト化に成功！テーラーメイド『TP5/TP5x』ファミリー、本日デビュー,https://news.yahoo.co.jp/articles/05ccf91c5fdc345a28933416d699004207a27581,2/16(金) 15:39
alba,ゴルフ総合サイト ALBA Net,＜速報＞西村優菜は前半イーブン　決勝進出圏内でハーフターン,https://news.yahoo.co.jp/articles/b74ebf4b526a0ea490d0df18ee170630831343ef,2/16(金) 15:26
alba,ゴルフ総合サイト ALBA Net,PRGR新ドライバーは青ヘッド？　小林夢果は未発表1Wで280ヤードの豪打,https://news.yahoo.co.jp/articles/469f652b7d4e353b9fa79b4b12fa413866d4a4c2,2/16(金) 15:15
alba,ゴルフ総合サイト ALBA Net,ラウンド後の「タラ、レバ」はOK！　「我慢できないショット」を記憶すると上達の道が見えてくる【心理学者に聞く】,https://news.yahoo.co.jp/articles/acdd30ebff88d032475cdb31343ec4b3c58ecb02,2/16(金) 15:00
alba,ゴルフ総合サイト ALBA Net,315ヤードの名物10番ホールをどう攻める？　世界トッププロたちの答えは,https://news.yahoo.co.jp/articles/5195581278193cb1620588eaee68ab9eaaf89ab5,2/16(金) 14:47
alba,ゴルフ総合サイト ALBA Net,三代続く“ゴルフ遺伝子”　今季絶好調のジャスティン・トーマス、父と祖父もプロゴルファーだった,https://news.yahoo.co.jp/articles/afd9135a1da7279866d48407df91dd8e992be92f,2/16(金) 14:00
alba,ゴルフ総合サイト ALBA Net,今平周吾「スパイクよりグリップ力がある」 国内男子プロ20人が愛用するスパイクレス、フットジョイ『PRO/SLX』が2月22日デビュー,https://news.yahoo.co.jp/articles/2feabae40f3467e388b5c67621523e6eac08a927,2/16(金) 13:43
alba,ゴルフ総合サイト ALBA Net,ステップ“卒業”の藤田かれん　レギュラーツアーでの目標は？,https://news.yahoo.co.jp/articles/f506c4c92353bdd041617cd73d98f5b2bdeab050,2/16(金) 13:41
alba,ゴルフ総合サイト ALBA Net,＜速報＞サウジ7億円大会の2日目スタート　西村優菜はパー発進,https://news.yahoo.co.jp/articles/0e57fa81e37bd307cc2cc799a904276a5b43c439,2/16(金) 13:20
alba,ゴルフ総合サイト ALBA Net,「考より行」「自分を変えられる」　高木優奈のメンタルを支えた金言,https://news.yahoo.co.jp/articles/8caa1e52b1340e55b6b4c3a7ca82bbf5bd48ced3,2/16(金) 13:00
alba,ゴルフ総合サイト ALBA Net,神谷そら大絶賛！ 「好きな焼肉屋さんダントツ1位」に選ばれた店は？,https://news.yahoo.co.jp/articles/f2e4f814067cc1ed98da3bb6ac375f7bb5294360,2/16(金) 12:33
alba,ゴルフ総合サイト ALBA Net,恩師へ優勝報告を！　ジャンボ軍団のボールストライカー・佐久間朱莉【女子U-23紹介】,https://news.yahoo.co.jp/articles/f9b16b709372db5f08dc04b8b7a8807a8cc87b14,2/16(金) 12:30
alba,ゴルフ総合サイト ALBA Net,126位→7位…これぞ“シブコ劇場”！　渋野日向子が「大下克上」で盛り上げたアリゾナでの4日間【米女子23年名勝負】,https://news.yahoo.co.jp/articles/80154adedbbd28910a4dd768ccbb2ac0644de2fc,2/16(金) 12:03
alba,ゴルフ総合サイト ALBA Net,「スイングが良くなるクラブ作り」がモットーの凄腕クラフトマン　さて、その年収は？,https://news.yahoo.co.jp/articles/65d9d94d897acd3f78e4540e2612ebe36f6f5720,2/16(金) 11:45
alba,ゴルフ総合サイト ALBA Net,木村彩子がピンチでも動じない心を身につけるために「毎日必ず最低15分やり続けていること」,https://news.yahoo.co.jp/articles/cde3fe323452e83a438ce93ba401432a1767c6ef,2/16(金) 11:45
alba,ゴルフ総合サイト ALBA Net,公開したのは記念写真の1枚のみ　堀琴音が熊本合宿で「餅つき」「手料理」「家荒らし」を報告!?,https://news.yahoo.co.jp/articles/05ed2e2c1c67e5ba2893aec09a0f49a215f42c7b,2/16(金) 11:43
alba,ゴルフ総合サイト ALBA Net,4週連続出場の松山英樹は2アンダー　今季初のトップ10入りへ上々の滑り出し,https://news.yahoo.co.jp/articles/e8efc575e50e5fa1a187ad649f2006632a7130a9,2/16(金) 11:36
alba,ゴルフ総合サイト ALBA Net,鈴木規夫の門下生・新海美優と松田一将が結婚を発表　「これまで以上に精進して参ります」,https://news.yahoo.co.jp/articles/e9ada4e6c6c16804cfac5a9386c463bc62dc5bbf,2/16(金) 10:30
alba,ゴルフ総合サイト ALBA Net,10カ月ぶりにツアー復帰のタイガー・ウッズは49位　松山英樹は2アンダー・15位発進,https://news.yahoo.co.jp/articles/0041245b8a7a3ad715dd0a30b2e02c53ab8b1efc,2/16(金) 10:04
alba,ゴルフ総合サイト ALBA Net,「久しぶりだね」タイガー・ウッズが最終ホールでまさかのシャンク,https://news.yahoo.co.jp/articles/ad35892eed999dfad75a233660381abe99e575fe,2/16(金) 8:58
alba,ゴルフ総合サイト ALBA Net,＜速報＞松山英樹は2アンダー・暫定15位でホールアウト　タイガー・ウッズは1オーバー,https://news.yahoo.co.jp/articles/9c23e467feaf8175e0e3301d1031590adbce926e,2/16(金) 8:41
alba,ゴルフ総合サイト ALBA Net,アジアンツアーが開幕　金谷拓実は114位と出遅れ　関藤直熙が23位発進,https://news.yahoo.co.jp/articles/b9f1a4dac26f27121ee8953281b348ae8387da1a,2/16(金) 8:03
alba,ゴルフ総合サイト ALBA Net,原英莉花がお手本　切り返しの『抜重』で200％踏めてぶっ飛ばせる！,https://news.yahoo.co.jp/articles/aa368ef90014153f1d3f350aff34e16c192f7d5e,2/16(金) 7:30
alba,ゴルフ総合サイト ALBA Net,“ミセス”木戸愛が挑む新シーズン　12年ぶりVへ「精一杯頑張りたい」【QTからの返り咲き】,https://news.yahoo.co.jp/articles/3ba34c555732ee6a1fd426df6a7db7a210671363,2/16(金) 7:30
alba,ゴルフ総合サイト ALBA Net,＜速報＞タイガー・ウッズは1オーバー・暫定56位でホールアウト　松山英樹は1アンダーでプレー中,https://news.yahoo.co.jp/articles/59fd9e2a568c881026c7b40bb326b72242233425,2/16(金) 7:28
alba,ゴルフ総合サイト ALBA Net,古江彩佳が日本勢トップの8位タイ発進　賞金総額7億円のサウジ大会,https://news.yahoo.co.jp/articles/901c943ff8420718d559de3f6d0ace64abb1b4d0,2/16(金) 7:00
alba,ゴルフ総合サイト ALBA Net,＜速報＞松山英樹は2アンダー・15位で前半終了　タイガー・ウッズはイーブンでプレー中,https://news.yahoo.co.jp/articles/12c178b0df684b0314d5e16f019ae673e05b3a08,2/16(金) 6:02
alba,ゴルフ総合サイト ALBA Net,おかえりタイガー！　選手たちがツアー復帰を熱烈歓迎「僕にとってアイドル」,https://news.yahoo.co.jp/articles/4e357bf32b3c01f1d944c0b1db09133321b3f568,2/15(木) 19:46
alba,ゴルフ総合サイト ALBA Net,タイガーはピクルス嫌い？　人気の「In-N-Out」バーガーをゲットして大喜び！,https://news.yahoo.co.jp/articles/eca34fca4b1d1e931022a140020d6eb2c09044f7,2/15(木) 19:20
alba,ゴルフ総合サイト ALBA Net,＜速報＞西村優菜がサウジ大会をパーでスタート　古江彩佳は3差3位,https://news.yahoo.co.jp/articles/6439d493bc2166c54fe2ff7e2b061a54eb4f04ad,2/15(木) 17:56
alba,ゴルフ総合サイト ALBA Net,ゴルフ場とは別人？ フライトキャップをかぶった澁澤莉絵留がみせる自由な着こなし,https://news.yahoo.co.jp/articles/77b7d0724d953c2d76ffcab5696c2cc838021504,2/15(木) 16:55
alba,ゴルフ総合サイト ALBA Net,”一人”を選択し不調脱却　河本結が逆襲の新シーズンへ【QTからの返り咲き】,https://news.yahoo.co.jp/articles/60c8d3e02023492f549c0fa679c112e5dd13d41d,2/15(木) 16:00
alba,ゴルフ総合サイト ALBA Net,青木瀬令奈が先生　中途半端な40ヤードのアプローチは、50ヤードからの“引き算”アドレスが寄る！,https://news.yahoo.co.jp/articles/c47fc95d7f8374a37971576364e8fd3a4991eec2,2/15(木) 15:34
alba,ゴルフ総合サイト ALBA Net,木村彩子親娘に子育て術を聞いた「娘や息子をマセラティが買える大人に育てる方法」,https://news.yahoo.co.jp/articles/2de129b23abe47de12dbb7b0549fc3ae472bc497,2/15(木) 15:10
alba,ゴルフ総合サイト ALBA Net,今まで永久シードを獲得したのは何人？　申ジエが偉業達成へあと2勝【国内女子ツアー丸わかり】,https://news.yahoo.co.jp/articles/e0348a870eae10e6c116b820bbace1ce3ea030df,2/15(木) 15:00
alba,ゴルフ総合サイト ALBA Net,空を飛ぶ貨物機からトミー・フリートウッドが奇跡のショット！  落下するボールを追っかけ撮影？,https://news.yahoo.co.jp/articles/3f833a21d8986d1dd0ea49dbeb7d7282008988d3,2/15(木) 14:51
alba,ゴルフ総合サイト ALBA Net,＜速報＞日本勢5人がサウジ大会ティオフ　西郷、古江、勝は上位でプレー中,https://news.yahoo.co.jp/articles/ec3ad6dd170ea0b56afcb546b3a9362513bc10da,2/15(木) 14:38
alba,ゴルフ総合サイト ALBA Net,ツアー復帰のタイガー・ウッズ　いま一番大切にしていることは？「とにかくボールをしっかり打つ」,https://news.yahoo.co.jp/articles/3ebb1147f43551f34d24a7ea9e143a4274d61be8,2/15(木) 14:05
alba,ゴルフ総合サイト ALBA Net,＜速報＞サウジ7億円大会が開幕　先陣の勝みなみはバーディ発進,https://news.yahoo.co.jp/articles/49cc121277697db741294410b195d998f53b3eb7,2/15(木) 13:16
alba,ゴルフ総合サイト ALBA Net,ケガに国内メジャーV…波乱万丈な原英莉花　今シーズンは「無駄な一打がないよう頑張ります」【開幕戦注目選手】,https://news.yahoo.co.jp/articles/79b81f8c5140aeb454bf85e1087dc0b13f309f79,2/15(木) 13:00
alba,ゴルフ総合サイト ALBA Net,タイガー・ウッズと大谷翔平　2人のスーパースターが愛するものとは……,https://news.yahoo.co.jp/articles/4f474c220a3e1a76bd6ba535c8b6ca733b43c9b9,2/15(木) 12:44
alba,ゴルフ総合サイト ALBA Net,試行錯誤の末に手にした“今季初V”　稲見萌寧がTOTO優勝→米ツアーメンバー入り【23年米女子名勝負】,https://news.yahoo.co.jp/articles/d63ae7f959d949a2a612890233003ecf83d88591,2/15(木) 12:30
alba,ゴルフ総合サイト ALBA Net,なんてったってアイドル　“はざま世代”の中心選手・菅沼菜々【女子U-23紹介】,https://news.yahoo.co.jp/articles/a63cea87e563865b50ffea250f5f72355dacbdd6,2/15(木) 12:00
alba,ゴルフ総合サイト ALBA Net,コースを最高のコンディションに作り上げるグリーンキーパー　業界平均年収はいったいいくら？,https://news.yahoo.co.jp/articles/a8388df9dcc2744cc4b74e1c3590928a09cafbf4,2/15(木) 11:45
alba,ゴルフ総合サイト ALBA Net,吉田優利がゲームセンターでみせた満面の笑み、その理由とは？,https://news.yahoo.co.jp/articles/dddca06fff7825c7f1991f9f64abf38b83d40944,2/15(木) 11:20
alba,ゴルフ総合サイト ALBA Net,タイガー・ウッズはアスリートらと共演　未勝利の地で「なんとか優勝争いに加わって、勝てればと願っている」,https://news.yahoo.co.jp/articles/f5023bc16f3570912059d3dd8c7a20483205857f,2/15(木) 11:00
alba,ゴルフ総合サイト ALBA Net,名器フェアウェイウッドに「一目ぼれ」　高木優奈とヤマハの出会い,https://news.yahoo.co.jp/articles/12e83f4fab4ac98fc4dc84588490a9edec4bb8ed,2/15(木) 10:30
alba,ゴルフ総合サイト ALBA Net,”第二次セクシー旋風”を巻き起こせ　アン・シネは沖縄でツアー復帰「楽しみな2024年、期待してください！」【開幕戦注目選手】,https://news.yahoo.co.jp/articles/39ecbae86e19e2372889f8b31d885eab090fcfd6,2/15(木) 8:00
alba,ゴルフ総合サイト ALBA Net,苦しんだ一年からシード奪還、そして初Vへ　プラチナ世代の小倉彩愛【QTからの返り咲き】,https://news.yahoo.co.jp/articles/144db23975a588e89fe16f562f28c50910bf82d8,2/15(木) 7:30
alba,ゴルフ総合サイト ALBA Net,ドローの上田桃子・フェードの稲見萌寧、フォローの抜き方に明らかな違いがあった！,https://news.yahoo.co.jp/articles/ab7d5c8232b99b081cce96138689274675b98f0d,2/15(木) 7:30
alba,ゴルフ総合サイト ALBA Net,日本女子OPで復活V　ジャンボの愛弟子・原英莉花【きょうは誰の誕生日？】,https://news.yahoo.co.jp/articles/193508ee2bc5059f1f597b213935d5befd4899fc,2/15(木) 7:00
alba,ゴルフ総合サイト ALBA Net,パター1本でゴルフは変わる！　ミスヒットに強くてタッチも出せる最新“ネオマレット”14選,https://news.yahoo.co.jp/articles/571e4eef1701ad744576ed71313c38616fb6e6ca,2/14(水) 20:00
alba,ゴルフ総合サイト ALBA Net,踊り狂う堀琴音＆奈津佳 ボーカルとギタリストになり切り「想いよ届け」,https://news.yahoo.co.jp/articles/d7fb22df145e4ab4c72243316e81e1db6e16b052,2/14(水) 17:08
alba,ゴルフ総合サイト ALBA Net,「試合にも出てみたい気持ちが湧いてきた」　森田理香子、34歳のリスタート【開幕戦注目選手】,https://news.yahoo.co.jp/articles/d016348fdd1f40f68e188c6eb52d42fd32fafabe,2/14(水) 17:00
alba,ゴルフ総合サイト ALBA Net,国内女子ツアー開幕戦の出場選手108名が発表　山下美夢有ら出場、森田理香子は6年ぶりにツアー復帰,https://news.yahoo.co.jp/articles/08d73f40059080f3ed44f6566b0f7fb628606530,2/14(水) 15:26
alba,ゴルフ総合サイト ALBA Net,「鬼の誤魔化しスイング」でナイスショット　成田美寿々の高い修正力をファンも絶賛,https://news.yahoo.co.jp/articles/0d1a84f130953f0684ca40e20edad35f248fafd9,2/14(水) 15:00
alba,ゴルフ総合サイト ALBA Net,LPGAツアーにスポンサー続々？　フォードにポルシェと自動車メーカーが登場,https://news.yahoo.co.jp/articles/05fbafb4b7cca89d591c0cf8f2b7b75d55bc6f96,2/14(水) 15:00
alba,ゴルフ総合サイト ALBA Net,バックスイングの体重移動はヨコじゃなくて「斜め後ろ！」　プロとアマの違いを石井忍が解説,https://news.yahoo.co.jp/articles/5fbe1515b94c7ca427e632adcbf666b4d69dfcd0,2/14(水) 14:00
alba,ゴルフ総合サイト ALBA Net,タイガー・ウッズが復帰戦に着々と準備　『Sun Day Red』初着用で9Hラウンド,https://news.yahoo.co.jp/articles/0c86e060321c5f54cfcadfeafcda4e356fefebff,2/14(水) 14:00
alba,ゴルフ総合サイト ALBA Net,完璧に同じリズム・軌道・力感！ ネリー・コルダのスイングはゴルファー必見,https://news.yahoo.co.jp/articles/b17ab3608f817b6407b4a310d3cb55a11ec6318b,2/14(水) 13:33
alba,ゴルフ総合サイト ALBA Net,昨年は岩井明愛らが本戦出場 　「全米女子オープン」日本予選会は4月22日に房総CCで開催,https://news.yahoo.co.jp/articles/26706bb245a2c3f735c31f170ddf4cd0796dde90,2/14(水) 13:30
alba,ゴルフ総合サイト ALBA Net,“オールドルーキー”高木優奈が即答　今季の目標は「優勝」,https://news.yahoo.co.jp/articles/ff214e713c4f013d260415f1901678e068e4d76b,2/14(水) 13:08
alba,ゴルフ総合サイト ALBA Net,筋肉量は1日1％落ちるって知ってた？「なんかドライバーが飛ばなくなった」は危険信号の可能性大,https://news.yahoo.co.jp/articles/91365d2aad7ca52248902001b9f08e1a8c33e7d1,2/14(水) 13:00
alba,ゴルフ総合サイト ALBA Net,キャディ歴40年のモットーは「気配り、目配り、心配り」ところで、業界平均年収はいくら？,https://news.yahoo.co.jp/articles/3f02fb21fa3c6ee542d310485a689a4b16d8dfc5,2/14(水) 12:50
alba,ゴルフ総合サイト ALBA Net,ランキングトップ10のうち7人がA型　女子プロたちの血液型をチェック！【国内女子ツアー丸わかり】,https://news.yahoo.co.jp/articles/eeb6bbb5e24f8726f45c76096748aaf6a0ce23ec,2/14(水) 12:30
alba,ゴルフ総合サイト ALBA Net,新たな道産子ガール　内田ことこは飛ばしが信条【初シード選手紹介】,https://news.yahoo.co.jp/articles/94a539e276b74663cc3c5604f3324d0f13e50281,2/14(水) 12:00
alba,ゴルフ総合サイト ALBA Net,「情熱からSun Day Redは立ち上がった」 タイガー・ウッズが新しいブランドに寄せる熱い思いを吐露,https://news.yahoo.co.jp/articles/8fd8b54990bd417bd848b348b2fc5d0f9ab6c28f,2/14(水) 11:45
alba,ゴルフ総合サイト ALBA Net,タイガーが公開した『Sun Day Red』の動画がカッコ良すぎ！ファンは「財布にダメージ」を覚悟,https://news.yahoo.co.jp/articles/7ae9ac242bdcc481217ee31fecc7915d1d16f1d0,2/14(水) 11:45
alba,ゴルフ総合サイト ALBA Net,「気にもとめていなかった」傾斜地からのミスはボディバランスが悪いから【簡単3分ストレッチで軸ブレ解消】,https://news.yahoo.co.jp/articles/80225e322630da793dc21fb39bda73453b11e3d9,2/14(水) 11:31
alba,ゴルフ総合サイト ALBA Net,ケガなく春を迎えるために、ラウンド前におすすめのストレッチポール【原田香里のゴルフ未来会議】,https://news.yahoo.co.jp/articles/a0db2f795c6bd3c0695ffa83b9c4441b1cd1f92d,2/14(水) 11:30
alba,ゴルフ総合サイト ALBA Net,40代から始めたいボケ防止！ ラウンド中に認知症予防プログラム「コグニサイズ」を実践しよう,https://news.yahoo.co.jp/articles/83d909f2a28b5ad41704c1c75798b14a77fc665b,2/14(水) 11:00
alba,ゴルフ総合サイト ALBA Net,江澤亜弥がSNSで結婚を発表！　お相手は年上の一般会社員「明るく幸せな家庭を築いていきたい」,https://news.yahoo.co.jp/articles/1a7445bed29baed027cd8641d6d1d96f214d926e,2/14(水) 10:45
alba,ゴルフ総合サイト ALBA Net,「バンカーからおはよイーグル」 新婚・藤田光里がコーチも負かす会心のラウンド,https://news.yahoo.co.jp/articles/064c7b56fe85197510ba9f6e1db3db0827bb5454,2/14(水) 10:22
alba,ゴルフ総合サイト ALBA Net,“格上げ大会”ジェネシス招待の組み合わせが発表　松山英樹はメジャー覇者と同組、今季初戦のタイガー・ウッズは？,https://news.yahoo.co.jp/articles/e77e819dd0fb9f02369eb4a6019874bbfb51faf8,2/14(水) 8:45
alba,ゴルフ総合サイト ALBA Net,上位3人に全英切符　金谷拓実ら日本勢5人がアジア開幕戦へ出場,https://news.yahoo.co.jp/articles/704b4c66d96be9cea5b94f530b41ef3b3bd4e9bc,2/14(水) 8:00
alba,ゴルフ総合サイト ALBA Net,“高額賞金大会” サウジ女子国際に日本勢7人が出場！　岩井姉妹、西村優菜らは今季初戦,https://news.yahoo.co.jp/articles/5974aa4fd74dd32a97057e173d7f8de78be402b0,2/14(水) 7:39
alba,ゴルフ総合サイト ALBA Net,「朝ニュースを見たときに似ているなと」　山下美夢有が気づいた大谷翔平との共通点は…,https://news.yahoo.co.jp/articles/846222731578b1b3e3fd83863868a3d8470f4060,2/14(水) 7:00
alba,ゴルフ総合サイト ALBA Net,稲見萌寧は日本勢13番手からの逆転パリ五輪出場へ意欲「可能性はゼロではない」,https://news.yahoo.co.jp/articles/4bd8a8cb79688794a395c7a4b1be04b5b8156da4,2/13(火) 18:20
alba,ゴルフ総合サイト ALBA Net,リサイクル素材と最新機能　2つの個性を両立させた「BEAMS GOLF」の新しいキャディバッグ登場,https://news.yahoo.co.jp/articles/fccd9b20e6bc52f6836a5e766986fb203baefa7c,2/13(火) 18:11
alba,ゴルフ総合サイト ALBA Net,ミスショットした後の〝ガッカリ〟を引きずらない方法があった！【心理学者に聞く】,https://news.yahoo.co.jp/articles/f74fa1db3426c0e3a3ecb93645d0112925eadaa1,2/13(火) 18:00
alba,ゴルフ総合サイト ALBA Net,倉本昌弘が選手会アドバイザーに就任　石川遼らもコメント「ツアーに貢献できるよう一層の努力を」,https://news.yahoo.co.jp/articles/40a2dd15803ddb00c269593829605023844b4f18,2/13(火) 17:40
alba,ゴルフ総合サイト ALBA Net,ヘッドやシャフトばかりじゃダメ！「グリップをどう選ぶか」は同じくらい大事【フィッターに聞いた】,https://news.yahoo.co.jp/articles/ad08011be1d421f3b96734a53770f9375232cfea,2/13(火) 17:00
alba,ゴルフ総合サイト ALBA Net,プロギアから500cmの高反発ドライバーが！『SUPER egg evolution』シリーズ、3月15日デビュー,https://news.yahoo.co.jp/articles/e644b41b291cbeaaf695b71b8c9b818702159724,2/13(火) 16:46
alba,ゴルフ総合サイト ALBA Net,ラウンド中のお腹のチョロはもう心配なし！ ちょい漏れ対策パンツ「OMAPAN」が新発売,https://news.yahoo.co.jp/articles/d6350c717ee910dbcd0f9088e9d7301b5ae42c26,2/13(火) 16:35
alba,ゴルフ総合サイト ALBA Net,若手女子プロが“アジアの楽園”で最高の2人旅　ビリヤードの「ほぼ空振り」は必見,https://news.yahoo.co.jp/articles/b5402936bb0f3ccbe39924cec5f67a5699f4d04c,2/13(火) 16:34
alba,ゴルフ総合サイト ALBA Net,投資の沼『高値づかみの安値売り』をどう避けるか【老後のゴルフ資金作り】,https://news.yahoo.co.jp/articles/e4d5116adfe8e70b5182c4298daed2abdb4dfb3a,2/13(火) 16:00
alba,ゴルフ総合サイト ALBA Net,タイで合宿中の馬場咲希　サソリを食べてパワー全開!?,https://news.yahoo.co.jp/articles/e1e1a20852aea16b4c13316aa92994341564a1e6,2/13(火) 15:14
alba,ゴルフ総合サイト ALBA Net,欧州ツアー初Vの星野陸也が2位へ　中島啓太、川村昌弘も浮上【欧州男子ツアーポイントランキング】,https://news.yahoo.co.jp/articles/0c57a950ed2035e68ff71b971dbeaff39d9f72bd,2/13(火) 15:00
alba,ゴルフ総合サイト ALBA Net,タイガー・ウッズに不可能はない？ ヒザ立ちの体勢からスーパーショットを披露,https://news.yahoo.co.jp/articles/5bfdddb7ae1b5ee93a8b50e979f75420fcfac5a2,2/13(火) 14:49
alba,ゴルフ総合サイト ALBA Net,ついに復帰のタイガー・ウッズ　ベテランキャディを大役に抜てき,https://news.yahoo.co.jp/articles/80bad3bac046de3e9accd35690ed1a9b6acac7c9,2/13(火) 14:00
alba,ゴルフ総合サイト ALBA Net,ツアー史上最大の下克上　山内日菜子が起こした“宮崎の奇跡”【初シード選手紹介】,https://news.yahoo.co.jp/articles/3a318f1ed7e95af42c80c7644b95dd556adcb359,2/13(火) 12:30
alba,ゴルフ総合サイト ALBA Net,『Sun Day Red』に虎のロゴ　タイガー・ウッズの新ウェアが正式発表,https://news.yahoo.co.jp/articles/740eb3360e4936fd5777c2045bddb4bd72625f6b,2/13(火) 12:01
alba,ゴルフ総合サイト ALBA Net,スイングはそのままで飛距離アップ！？日本シャフトの1W用カーボン『バルカヌス』、3月29日デビュー,https://news.yahoo.co.jp/articles/6189feff4f1187dce32d5616a1f7feb08f4fc303,2/13(火) 10:43
alba,ゴルフ総合サイト ALBA Net,ジェネシス招待の優勝予想ランキングが発表　24年初戦を迎える注目のタイガー・ウッズは…,https://news.yahoo.co.jp/articles/98fd9e424a27e24667257307cbb77599b14c0905,2/13(火) 9:30
alba,ゴルフ総合サイト ALBA Net,今年の全米オープン日本予選は5月20日に滋賀で開催　昨年は永野竜太郎、石川遼らが本戦出場,https://news.yahoo.co.jp/articles/13254cf17394d4b4cd9685ed19806f7c1751417d,2/13(火) 8:30
alba,ゴルフ総合サイト ALBA Net,松山英樹は56位に浮上　プレーオフ制したN・テイラーが6位にジャンプアップ【フェデックスカップランキング】,https://news.yahoo.co.jp/articles/4208ec18df717dbd960d56fd91d37f5e0654ba82,2/13(火) 8:00
alba,ゴルフ総合サイト ALBA Net,ラウンド中にアプローチの“ザックリ”が止まらなくなったら？　青木瀬令奈の答えは「水平チョップ」,https://news.yahoo.co.jp/articles/d72a75f47e4281c1a2e6548a79fd8cdbcadc57ce,2/13(火) 7:30
alba,ゴルフ総合サイト ALBA Net,照準はパリ五輪に欧州V2→米進出　星野陸也が描く24年のサクセスロード,https://news.yahoo.co.jp/articles/ee0b7b96bf897b10625ce1be944334421ad838e8,2/13(火) 7:15
alba,ゴルフ総合サイト ALBA Net,畑岡奈紗が17位、古江彩佳が19位で“五輪圏内”キープ　トップ100に日本勢は20人【女子世界ランキング】,https://news.yahoo.co.jp/articles/668cd26506b695060a1bc681018e03c315c63169,2/13(火) 7:00
alba,ゴルフ総合サイト ALBA Net,「なぜウェッジだけ、キャビティじゃないの？」クリーブランド『CVX2 ZIPCORE』ウェッジ、3月9日デビュー,https://news.yahoo.co.jp/articles/f59a735ff8b4a6c6b297ae0fc8725f5fe9fdfce7,2/12(月) 18:23
alba,ゴルフ総合サイト ALBA Net,47歳のC・ホフマンが滑り込みで出場確定　ディフェンディングチャンピオンは出場せず,https://news.yahoo.co.jp/articles/4c8cc145c0fa9051557d1783c59dbd08c144664d,2/12(月) 18:08
alba,ゴルフ総合サイト ALBA Net,欧州初Vの星野陸也は日本勢2番手の75位に浮上　松山英樹は55位【男子世界ランキング】,https://news.yahoo.co.jp/articles/434be9ecd8bc13a95bdfe87067cc91cc4ccae3d4,2/12(月) 17:20
alba,ゴルフ総合サイト ALBA Net,47歳のホフマンを神がかりパットで撃破！ニック・テイラーは契約外でタイトリストの何を使ってる？【WITB】,https://news.yahoo.co.jp/articles/814227d49d71860a4cc4a69110860427fbfe1e6c,2/12(月) 16:59
alba,ゴルフ総合サイト ALBA Net,盛り上がりたいのは分かるけど…　加熱するフェニックスOPに選手からは怒りの声も,https://news.yahoo.co.jp/articles/c514b35d3c18030a39bd644248eb06315e66af20,2/12(月) 16:27
alba,ゴルフ総合サイト ALBA Net,「今年に入ってこんなにすぐ優勝できるとは」　星野陸也の欧州初V賞金額,https://news.yahoo.co.jp/articles/a24aec8dc746ea38e20bad948fca4c19cb2388b1,2/12(月) 15:28
alba,ゴルフ総合サイト ALBA Net,通算4勝目を飾ったニック・テイラー　「敗者」から「勝者」へのストーリー【舩越園子コラム】,https://news.yahoo.co.jp/articles/2fd1339963b557b049bdc1583417f624f7376242,2/12(月) 12:04
alba,ゴルフ総合サイト ALBA Net,「記憶にないくらい緊張」 欧州初V、星野陸也が見せた強気の攻め,https://news.yahoo.co.jp/articles/0b82a136c839946d731e8c22d54d6482a56e7203,2/12(月) 11:00
alba,ゴルフ総合サイト ALBA Net,カナダのN・テイラーがPO制しV　松山英樹は22位、S・シェフラーは3連覇ならず,https://news.yahoo.co.jp/articles/bf4c600fa8cb94972899d0c8b6285ad086522b39,2/12(月) 10:05
alba,ゴルフ総合サイト ALBA Net,上原彩子は11位で開幕戦フィニッシュ、19歳がデビュー戦V　次戦はサウジアラビアの高額賞金大会,https://news.yahoo.co.jp/articles/9b9b7f8274775f707e5fa6c75ea530027c0d0b36,2/12(月) 8:46
alba,ゴルフ総合サイト ALBA Net,＜速報＞松山英樹は通算9アンダー　終盤イーグルで追い上げ,https://news.yahoo.co.jp/articles/e17694fabe5dc6e42c54303f6d8e7d527997f4f8,2/12(月) 7:51
alba,ゴルフ総合サイト ALBA Net,「最後はしびれた」　PGAツアーへの第一歩、星野陸也がド緊張の欧州V,https://news.yahoo.co.jp/articles/85428889cc6be7386c39ee74ec9da6b068e9b5d4,2/12(月) 6:00
alba,ゴルフ総合サイト ALBA Net,“ドーハの歓喜”　圧巻の連続バーディでVたぐり寄せる　星野陸也、欧州初Vの軌跡,https://news.yahoo.co.jp/articles/8755def992ebc023fa6bce390bf5d761b406a45c,2/11(日) 23:27
alba,ゴルフ総合サイト ALBA Net,星野陸也が欧州ツアー初V　昨年の久常涼に続き日本勢4人目の快挙,https://news.yahoo.co.jp/articles/90ed7486e39c5b0eb6584e1ec68eab46c2c9fe87,2/11(日) 22:16
alba,ゴルフ総合サイト ALBA Net,FW部門は 『Qi10 MAX』ではなく、『Qi10』が1位！【フェアウェイウッド売り上げランキング】,https://news.yahoo.co.jp/articles/d64dcdbaedb7bb8033974f805d7273af48b17f24,2/11(日) 20:00
alba,ゴルフ総合サイト ALBA Net,＜中間速報＞星野陸也が単独首位浮上　後続と1差でサンデーバックナインへ,https://news.yahoo.co.jp/articles/a6b3b20a2c2f60d3fa238701639ca841b5f7ede3,2/11(日) 19:56
alba,ゴルフ総合サイト ALBA Net,＜速報＞欧州ツアー初優勝へ　星野陸也が最終日を2パットのパー発進,https://news.yahoo.co.jp/articles/aee324208909e995d8b9bfa2d3935e7ab1a6bb26,2/11(日) 17:52
alba,ゴルフ総合サイト ALBA Net,原因はライダーカップ落選？　ポーランドの名手がLIV移籍の契機を語る,https://news.yahoo.co.jp/articles/7741474c5f79866519cf3e45f772a7f78a1b56d2,2/11(日) 14:00
alba,ゴルフ総合サイト ALBA Net,ギャラリー転落事故も発生　初の入場制限、アルコール販売も一時停止に…米男子人気大会がカオス状態？！,https://news.yahoo.co.jp/articles/061f00325495a8e6fd1906fff5c01c8e85dd765e,2/11(日) 12:00
alba,ゴルフ総合サイト ALBA Net,米男子は3日連続で順延に　松山英樹は13H消化し暫定19位に浮上,https://news.yahoo.co.jp/articles/71b36089d610c4779a1599cde79be20b527bd29c,2/11(日) 10:38
alba,ゴルフ総合サイト ALBA Net,上原彩子は首位と6差の4位後退　欧州女子ツアー今季開幕戦,https://news.yahoo.co.jp/articles/6bf513bdfbcf23d835d91431c59a56cbe09957aa,2/11(日) 10:13
alba,ゴルフ総合サイト ALBA Net,久常涼は“悔しいバーディ締め”で予選落ち　パリ五輪出場へ活躍誓う「初優勝した舞台に戻りたい」,https://news.yahoo.co.jp/articles/c24eed1eebe73bfdc92af62ec89c2eb8ca055d6c,2/11(日) 9:24
alba,ゴルフ総合サイト ALBA Net,D・ジョンソンがLIV3勝目で約6億円を獲得　香妻陣一朗は34位,https://news.yahoo.co.jp/articles/b46dcf5ab3291b73266effe8d69284a51cac0a07,2/11(日) 8:47
alba,ゴルフ総合サイト ALBA Net,星野陸也が首位に浮上、日本時間午後5時30分に欧州初Vかかるラウンドを開始　川村昌弘12位、中島啓太18位,https://news.yahoo.co.jp/articles/8e8e3c55022acaab5f599e18763b9939efac5698,2/11(日) 7:22
alba,ゴルフ総合サイト ALBA Net,順延の第2Rが終了　松山英樹は23位で決勝へ、久常涼は予選落ち,https://news.yahoo.co.jp/articles/96cb838a3602d05e5f51f63ecc431b8664281140,2/11(日) 6:56
alba,ゴルフ総合サイト ALBA Net,＜速報＞日本勢最上位の星野陸也がティオフ　バーディ発進で首位と2差,https://news.yahoo.co.jp/articles/c6a36738fc95d325386e58b556eaab85cfb37008,2/10(土) 18:17
alba,ゴルフ総合サイト ALBA Net,米国の大人気ゴルファー　アリソン・リーがポメラニアンにかまれて入院,https://news.yahoo.co.jp/articles/6d2dc576a8470ffaefd9a089a22dab5785b7a9f1,2/10(土) 14:00
alba,ゴルフ総合サイト ALBA Net,13年ぶりマンデーフィニッシュ濃厚か　悪天候で連日順延「これ以上の雨は耐えられない」,https://news.yahoo.co.jp/articles/ec3d30c93f1e549e49ebb3ba6f71682b63ca8bcc,2/10(土) 12:00
alba,ゴルフ総合サイト ALBA Net,松山英樹が29ホール回り暫定18位、久常涼は2Rスタートできず　2日連続の順延,https://news.yahoo.co.jp/articles/4cb73098979113791152a5777cc6a3aeb2224177,2/10(土) 10:19
alba,ゴルフ総合サイト ALBA Net,最新60度ウェッジ、高い球で止めるにはラウンドソールが◎　ロブショットが打ちやすいモデル7選,https://news.yahoo.co.jp/articles/26fcbd0506512bdf39c9c4e3b322bfb252b220c7,2/10(土) 10:00
alba,ゴルフ総合サイト ALBA Net,＜速報＞松山英樹が29ホール完走　2Rは「68」で通算5アンダー,https://news.yahoo.co.jp/articles/225c8df6592f5bd1316bb3c7b9d599024005603d,2/10(土) 9:43
alba,ゴルフ総合サイト ALBA Net,上原彩子が2差3位で決勝ラウンドへ　欧州女子ツアー開幕戦,https://news.yahoo.co.jp/articles/57c7549e2a96ec543e720a8e9f16f48ab3b1e081,2/10(土) 9:00
alba,ゴルフ総合サイト ALBA Net,香妻陣一朗が12位に浮上　DJ、B・デシャンボー首位、J・ラームは3位,https://news.yahoo.co.jp/articles/7687898147b09209dc3fca28eb80a520d2f33cb0,2/10(土) 8:25
alba,ゴルフ総合サイト ALBA Net,＜速報＞松山英樹は通算4アンダーで2R後半へ　久常涼はいまだスタートできず,https://news.yahoo.co.jp/articles/aa7130d921bf253f24784fdfc622b0c42899082d,2/10(土) 7:24
alba,ゴルフ総合サイト ALBA Net,ジョン・ラームがアスリート長者番付で2位、年間収入303億円　LIV選手5人がトップ100ランクイン,https://news.yahoo.co.jp/articles/445e394aa63d9ef3519f4118b30145716f61a7a8,2/10(土) 7:00
alba,ゴルフ総合サイト ALBA Net,星野陸也が2位に浮上　中島啓太6位、川村昌弘は23位で決勝へ,https://news.yahoo.co.jp/articles/21051c60bef675143be490bdaa8c5d94b10cb6f4,2/10(土) 6:22
alba,ゴルフ総合サイト ALBA Net,同日発売の 『Qi10』と『Ai SMOKE』、 売れたのはどっち？!【ドライバー売り上げランキング】,https://news.yahoo.co.jp/articles/06e1d0a7b0258f02393a4be76b87e1f2f375989d,2/9(金) 23:00
alba,ゴルフ総合サイト ALBA Net,『プロV1xレフトダッシュ』ってどんな打感？ 飛ぶの？ 幡地隆寛の“ガチ”テストが興味深い,https://news.yahoo.co.jp/articles/bb1e4a12fa1b375b47a5d3e1ebff387aa73409fb,2/9(金) 19:42
alba,ゴルフ総合サイト ALBA Net,シンガポール戦に稲見萌寧、西村優菜ら日本勢5人がエントリー　申ジエとセキ・ユウティンも出場,https://news.yahoo.co.jp/articles/d0aec48cf66f1c5f975d44565cb770fd7d6bced6,2/9(金) 18:50
alba,ゴルフ総合サイト ALBA Net,＜速報＞星野陸也はパー、中島啓太はバーディ発進　日本勢3人がカタール戦2日目ティオフ,https://news.yahoo.co.jp/articles/2ba2b24036b526680eb76cec4d80f0dfaa82a219,2/9(金) 18:30
alba,ゴルフ総合サイト ALBA Net,「“ナン”という大きさ」 櫻井心那が手にするカレーセットにファンもビックリ！,https://news.yahoo.co.jp/articles/a468e22dfcbf8e684352f8728b6052270542723d,2/9(金) 17:05
alba,ゴルフ総合サイト ALBA Net,おっとり口調の小祝さくらが一日店員　お客さんへのアドバイスはテキパキできた？,https://news.yahoo.co.jp/articles/0700cb41fc3eae28167d13b743e89c50931af35e,2/9(金) 16:45
alba,ゴルフ総合サイト ALBA Net,クレジットカードサイズで重さは99グラム！ 使い勝手が良すぎる距離計測器『Caddy Talk minion』の発売が待ちきれない,https://news.yahoo.co.jp/articles/5f220fafab404af76f76d1cf2a48b790cf55c405,2/9(金) 15:48
alba,ゴルフ総合サイト ALBA Net,次世代を担う若手プロゴルファーが挑む　「ディライトワークスゴルフツアー2024」が今年も開催,https://news.yahoo.co.jp/articles/cc96a4117302b664029a00e09cf3b94ba8bf7f24,2/9(金) 15:00
alba,ゴルフ総合サイト ALBA Net,「私が小さく見えるのは…」 三浦桃香は自ら公開した4ショットにちょっとご不満？,https://news.yahoo.co.jp/articles/ced13472e4bced5e16dd140476532855297b3124,2/9(金) 14:22
alba,ゴルフ総合サイト ALBA Net,急きょ出場が決まった久常涼　“初体験”の名物ホール16番パー3は「ドキドキした」,https://news.yahoo.co.jp/articles/342fbcda98dac9a4eed0570f1e3ba07ce7a2d5d0,2/9(金) 14:00
alba,ゴルフ総合サイト ALBA Net,米下部コーン・フェリーで歴史的な『57』　チリの30歳がPGA最少スコアをマーク,https://news.yahoo.co.jp/articles/7c32ce9e31efccf822ba884dbaeb0f2101f0b5f9,2/9(金) 13:33
alba,ゴルフ総合サイト ALBA Net,「できることなら毎日試合がいい」 誕生日を迎えた青木瀬令奈の意欲はとどまるところを知らない,https://news.yahoo.co.jp/articles/86fc46b2253cb2471c28884fd9eb1783e31e53e0,2/9(金) 13:03
alba,ゴルフ総合サイト ALBA Net,過去にイ・ボミ、申ジエら達成のバースデーV　今年チャンスがある選手は？【国内女子ツアー丸わかり】,https://news.yahoo.co.jp/articles/dc57f93365019485669a9a07d6e0be21530d6102,2/9(金) 12:30
alba,ゴルフ総合サイト ALBA Net,「少しゆっくりして試合数を減らそうと」　福田真未がマイペースで目指す3勝目,https://news.yahoo.co.jp/articles/5e021f09234278f98d26b1f3c4ec5be525a69a7b,2/9(金) 12:00
alba,ゴルフ総合サイト ALBA Net,欧州女子ツアーが開幕　上原彩子が3差9位タイの好発進,https://news.yahoo.co.jp/articles/a95b32b8d662ebdae48e5516a1785fb47bf34646,2/9(金) 11:45
alba,ゴルフ総合サイト ALBA Net,吉田優利＆上田桃子　神話の舞台を笑顔で2人旅,https://news.yahoo.co.jp/articles/4f83744828d1caedf038409daf5f9a043e70925b,2/9(金) 11:22
alba,ゴルフ総合サイト ALBA Net,「アウトとインがジキルとハイド」ハーフで趣向が違う二面性を持つコースは初心者も上級者も楽しめる,https://news.yahoo.co.jp/articles/91d157cf10d3294d1669fb9b408dc79bbd77689c,2/9(金) 11:00
alba,ゴルフ総合サイト ALBA Net,WMフェニックス・オープンは初日サスペンデッド　松山英樹は暫定18位タイ、久常涼はホールアウト,https://news.yahoo.co.jp/articles/572031a679e4ef11664c2011edae91eb59c05beb,2/9(金) 10:50
alba,ゴルフ総合サイト ALBA Net,香妻陣一朗は5打差の22位　P・ケーシー、H・バーナーIIIが首位,https://news.yahoo.co.jp/articles/a07e7ead5f3a4bba362445667a11f745ccc1f99c,2/9(金) 9:34
alba,ゴルフ総合サイト ALBA Net,「環境がジュニアたちを育てる」中西直人が男子プロ×ジュニア大会を今年も開催　“クラファン”を立ち上げて支援募る,https://news.yahoo.co.jp/articles/aa90da0ca78c7f206e0c66d4d57fe3818578b5bc,2/9(金) 9:00
alba,ゴルフ総合サイト ALBA Net,久常涼に幸運！？　L・グローバーがまさかの遅刻で棄権,https://news.yahoo.co.jp/articles/657702bd76ebd6c255d01b26e8c5451ec45fa216,2/9(金) 8:30
alba,ゴルフ総合サイト ALBA Net,世界1位の見解は？　シェフラーがLIVメンバーのツアー復帰について語る「何事もなかったかのようには…」,https://news.yahoo.co.jp/articles/bbe2ca6c90515e4012f6f0ea69112e62846fcb11,2/9(金) 8:00
alba,ゴルフ総合サイト ALBA Net,＜速報＞米国男子は大雨の影響で中断　久常涼は暫定64位、松山英樹はスタートできず,https://news.yahoo.co.jp/articles/d3ba83539876d8e3affce8a6c6735d5d58dc9700,2/9(金) 7:34
alba,ゴルフ総合サイト ALBA Net,アプローチはカット軌道がミスの素？　バンスを使って寄せるなら「インサイド・アウト」がいい,https://news.yahoo.co.jp/articles/a4484f70b7f471c3cd55b667d658fcf69bfbe45d,2/9(金) 7:30
alba,ゴルフ総合サイト ALBA Net,「連覇できるチャンスがあるのは私だけ」　神谷そらが選手権V副賞のプラネタリウム鑑賞、海外メジャーにも意欲,https://news.yahoo.co.jp/articles/9e87862b72ecf4af832c00214bcb36505c0a8ec0,2/9(金) 7:30
alba,ゴルフ総合サイト ALBA Net,星野陸也が2打差7位の好発進　川村昌弘14位、中島啓太47位,https://news.yahoo.co.jp/articles/a7ac0a50263a9c13e85073560e6bb557deb26d04,2/9(金) 6:21
alba,ゴルフ総合サイト ALBA Net,60度不要論は過去の話？　開いても使える“60度”万能ウェッジ11選,https://news.yahoo.co.jp/articles/dba8c08d14ca98a373ed0b37fc6c3d0f1d761734,2/8(木) 20:00
alba,ゴルフ総合サイト ALBA Net,＜速報＞星野陸也が暫定4位でホールアウト　川村昌弘は8位、中島啓太41位,https://news.yahoo.co.jp/articles/21698595311d899244bace98859a8a6677bc82ee,2/8(木) 18:32
alba,ゴルフ総合サイト ALBA Net,飛ばし屋No.1 神谷そらの優勝記念パーティに潜入！　なんとド派手”ナイトクルーズ”だった,https://news.yahoo.co.jp/articles/27f9fce15457eea051cf8482f86290b7730574d0,2/8(木) 18:08
alba,ゴルフ総合サイト ALBA Net,大西葵が藤田光里に熱烈キス！ 結婚する親友に「幸せになってほしいっ」,https://news.yahoo.co.jp/articles/c4fb1f09ede59901ac0b9b40a6fec90c6bfae032,2/8(木) 17:18
alba,ゴルフ総合サイト ALBA Net,「テレビで見ていた存在」とうれしいハイタッチ　成澤祐美が過ごした夢の一日,https://news.yahoo.co.jp/articles/9031766c1f7db384898ff589ffa742689cb73e24,2/8(木) 16:30
alba,ゴルフ総合サイト ALBA Net,池田勇太がウェア契約を発表　今季の主戦場についても言及「新しい池田勇太を見てもらえたら」,https://news.yahoo.co.jp/articles/fdc1c640127eefe34ab29a07b2e6ab299340f110,2/8(木) 16:00
alba,ゴルフ総合サイト ALBA Net,えっ、どっちに打ってるの? 正気!? 小平智の「お先パット」に驚きの声,https://news.yahoo.co.jp/articles/0accb2e3271fb869161b366881664135ef2d29c6,2/8(木) 15:54
alba,ゴルフ総合サイト ALBA Net,JLPGA下部ツアー賞金ランクに冠スポンサー　「明治安田ステップ・ランキング」へ名称変更,https://news.yahoo.co.jp/articles/a9c05f84ca5373ba7b07e9abf1948534be646684,2/8(木) 15:35
alba,ゴルフ総合サイト ALBA Net,2年連続2勝の岩井千怜は「手元をタテに下ろす」から飛んで曲がらない！ 真似しやすいシンプルスイング,https://news.yahoo.co.jp/articles/75d6f55bdc5f8e9995c167529ff9843d8ccdbf76,2/8(木) 15:00
alba,ゴルフ総合サイト ALBA Net,世界一騒がしいゴルフトーナメント、通称“ピープルズ・オープン”　楽しむための豆知識をおさらい,https://news.yahoo.co.jp/articles/10bc67334684e105840bdceb9ae6ea7e7f335c11,2/8(木) 15:00
alba,ゴルフ総合サイト ALBA Net,鷲見玲奈がぶっ飛び系ドライバーに一目惚れ　試打は「産後の楽しみ」にと少しだけ我慢,https://news.yahoo.co.jp/articles/6fd314efbd881ac5623f01df46cef74e54536ddb,2/8(木) 14:08
alba,ゴルフ総合サイト ALBA Net,令和初の3年連続女王誕生なるか、過去の連続記録は？　13年クイーン・森田理香子も出場【女子ツアー開幕】,https://news.yahoo.co.jp/articles/a87b596d686c83bbdb072d68907a68e192951032,2/8(木) 14:00
alba,ゴルフ総合サイト ALBA Net,フェニックスOPのプロアマが中止　コースに落雷と“ひょう”が降り注ぐ,https://news.yahoo.co.jp/articles/5294e7bb737779e910a178a3597d8854c08ae048,2/8(木) 13:19
alba,ゴルフ総合サイト ALBA Net,簡単・幅広がフル溝に！ クリーブランド『SMART SOLE FULL-FACE』ウェッジ、3月9日デビュー,https://news.yahoo.co.jp/articles/3b36294bbd3a7c94e757e30817a53ea254dca32d,2/8(木) 12:20
alba,ゴルフ総合サイト ALBA Net,重たい扉の先には金色に輝く世界　佐久間朱莉がゴールドパターの部屋に感激,https://news.yahoo.co.jp/articles/fb5e080a8de829fcdb4caccc51514e6fd799c4e4,2/8(木) 12:17
alba,ゴルフ総合サイト ALBA Net,25歳でシード入り　黄金世代・天本ハルカに大器晩成の予感【初シード選手紹介】,https://news.yahoo.co.jp/articles/c5dd1dcc4a038ee17b7465daea2a242af04940cd,2/8(木) 12:17
alba,ゴルフ総合サイト ALBA Net,成田美寿々がハワイでジャンスクの刑 「罰ゲームがもはやご褒美」とファンも驚嘆,https://news.yahoo.co.jp/articles/7a349a17a11c0c2bdcaff7326e5e8f1fb1e2742d,2/8(木) 11:45
alba,ゴルフ総合サイト ALBA Net,コース内のスプリンクラーは数百個、配管は総距離20km超、その他システムを含めると……水回り総額は3億円以上！,https://news.yahoo.co.jp/articles/91c1aeb5a04f4ae1d7ffd1d0474cca3041e30bd2,2/8(木) 11:17
alba,ゴルフ総合サイト ALBA Net,岩井姉妹の今季1Wはド派手な『S』の色違い！？ヨネックス『EZONE GT』シリーズ、4月上旬デビュー,https://news.yahoo.co.jp/articles/1ad7e06d4a3e2cbf5c31a16250ca46e467116b1c,2/8(木) 10:48
alba,ゴルフ総合サイト ALBA Net,タイガー・ウッズの今季初戦が決定　次週の“ジェネシス招待”参戦を正式発表,https://news.yahoo.co.jp/articles/b5e0fc0c74312df4ba0087db0dc0fc7f75917601,2/8(木) 9:00
alba,ゴルフ総合サイト ALBA Net,「パーを獲るのに必死」尾関彩美悠の今季初戦はショットに苦しみ19位,https://news.yahoo.co.jp/articles/8c9ca9337be34edc28ee7ba7b78666a1162f3871,2/8(木) 8:30
alba,ゴルフ総合サイト ALBA Net,横峯さくら、2024年はクラブ契約フリー　初戦で新アイアンの距離感つかみ「大収穫」,https://news.yahoo.co.jp/articles/a354b561fe67b71ed2e4346f3c53c1cd1bc85b19,2/8(木) 8:00
alba,ゴルフ総合サイト ALBA Net,ハンドファーストに構えてない？　倉本昌弘が教えてくれた『バンス』が使えるアプローチ,https://news.yahoo.co.jp/articles/7ee0c26f30989b45419844cf270897ea381670f4,2/8(木) 7:50
alba,ゴルフ総合サイト ALBA Net,V2狙う梶谷翼、吉田鈴ら出場　オーガスタ女子アマに日本勢9人が挑む,https://news.yahoo.co.jp/articles/b342b4db48e6f81813fb10b13894b871d224b7fc,2/8(木) 7:30
alba,ゴルフ総合サイト ALBA Net,ラフに飛んだボールを探し続ける同伴者…切り上げさせる上手い方法は？「こんなとき、どうする」,https://news.yahoo.co.jp/articles/05adeabc73aca2f6132095c52fa2dae5e108e703,2/8(木) 7:30
alba,ゴルフ総合サイト ALBA Net,「もっと強くなってレギュラーに出たい」　和久井麻由がツアープロを抑えて2年ぶりV,https://news.yahoo.co.jp/articles/2b7fa7e3ac6be07b2d6a8b07bbdaef45afd777ee,2/7(水) 18:57
alba,ゴルフ総合サイト ALBA Net,「雪像を溶かしそうな笑顔だぜっ」 雪まつりで見せた吉本ここねの笑顔にファン歓喜,https://news.yahoo.co.jp/articles/223d0c3ef3bafeb50b952fca29cff5c89561ba17,2/7(水) 18:35
alba,ゴルフ総合サイト ALBA Net,ニュージーランド×油そば×美女　伊藤真利奈の投稿にファン衝撃,https://news.yahoo.co.jp/articles/8f4b02d53825353ada844bb1c690b632f5e11011,2/7(水) 16:01
alba,ゴルフ総合サイト ALBA Net,マーティン・セリグマン博士によると「独り言」でゴルフのスコアは変わるらしい,https://news.yahoo.co.jp/articles/6f014e48d75e0d4dd3faee3626f635b4fd6a6884,2/7(水) 16:00
alba,ゴルフ総合サイト ALBA Net,和久井麻由がネクヒロVSツアープロの戦いを制す　北村響が2位、佐渡山理莉3位【マイナビチャレンジマッチ】,https://news.yahoo.co.jp/articles/8f8e2fb140d4c2537a85c2a00cf9b80562c06987,2/7(水) 15:54
alba,ゴルフ総合サイト ALBA Net,長くゴルフを楽しむために、大事なのは40代からの過ごし方　これを食べればボケない!?,https://news.yahoo.co.jp/articles/a1011e5be89aec98f124cb529c96443b33e5554d,2/7(水) 15:43
alba,ゴルフ総合サイト ALBA Net,パリ五輪ゴルフ競技の強化指定選手発表　久常涼、中島啓太、岩井姉妹ら選出,https://news.yahoo.co.jp/articles/fda4e4b08d39c5a7c34f85f7441a156f83954c3e,2/7(水) 14:52
alba,ゴルフ総合サイト ALBA Net,「家でも買おうかな（笑）」 再びPOを制した松山英樹が連覇【プレーバック　フェニックスOP】,https://news.yahoo.co.jp/articles/3fc6b1799f4c03ef89e22b945d0dba177660f9ed,2/7(水) 14:00
alba,ゴルフ総合サイト ALBA Net,河本結が弟・力と沖縄合宿　暗くなるまで練習も「ゴルフ漬けで幸せ～」,https://news.yahoo.co.jp/articles/ca0977409d8e6cf65da07345c7c7aa20ca8bfbc9,2/7(水) 13:43
alba,ゴルフ総合サイト ALBA Net,＜中間速報＞イーグル奪取の佐渡山理莉が単独首位　島袋ひのは1pt差追走【マイナビチャレンジマッチ】,https://news.yahoo.co.jp/articles/5a5933bdcc6cecec27bd63e3bcd67afa436b1ceb,2/7(水) 13:11
alba,ゴルフ総合サイト ALBA Net,W・クラークがLIVと面会　移籍は否定「今シーズンはPGAツアーで戦う」,https://news.yahoo.co.jp/articles/900401ac789ed2a62614b241d63845e5b1d973c0,2/7(水) 12:35
alba,ゴルフ総合サイト ALBA Net,昨季は岩井千怜が“悪夢”を経験　ワースト記録にまつわるエトセトラ【国内女子ツアー丸わかり】,https://news.yahoo.co.jp/articles/36c2ba62afc9a93a94bebc1cbf22cd17f8841bf7,2/7(水) 12:14
alba,ゴルフ総合サイト ALBA Net,お気に入りの“テタレ”を手に笑顔の西村優菜　開幕間近で「ドキドキワクワク」,https://news.yahoo.co.jp/articles/185c588798be6011cfab6e8870c0b74d202c7a88,2/7(水) 12:13
alba,ゴルフ総合サイト ALBA Net,渋野日向子が未来のプロゴルファーへ金言も　「感謝の気持ちを大切にしてほしい」,https://news.yahoo.co.jp/articles/0e9fd6784e8dfddf64ccc06028c8916bf471d32f,2/7(水) 12:00
alba,ゴルフ総合サイト ALBA Net,サンゴが練り込まれたポロシャツ!? 「OKINAWA GOLF CLUB」が新しいゴルフウェアを発表,https://news.yahoo.co.jp/articles/f82d82ecc664535de7588e668ee9da4ac7b87299,2/7(水) 11:44
alba,ゴルフ総合サイト ALBA Net,寒い日や雨の日もへっちゃら　インドア施設を活用してもっとゴルフを楽しもう【原田香里のゴルフ未来会議】,https://news.yahoo.co.jp/articles/abcef0db32b5b5da8b5183b26278b84e8662027b,2/7(水) 11:30
alba,ゴルフ総合サイト ALBA Net,タイガー・ウッズが来週にビッグアナウンス？　ナイキ社に変わる新ウエアお披露目か,https://news.yahoo.co.jp/articles/92078aaf3e830c2deddc4e101821521db1348c23,2/7(水) 11:00
alba,ゴルフ総合サイト ALBA Net,米国で話題のメソッド『Mach3』　“左上に振る”だけでヘッドスピードが５m/sもアップ！,https://news.yahoo.co.jp/articles/ae2bea8980cf41dae9f5b45a137fc04a9c0ee8e1,2/7(水) 9:34
alba,ゴルフ総合サイト ALBA Net,「緊張しつつ楽しみます」　ツアールーキー・政田夢乃が“ネクストヒロイン”として挑むラストマッチ,https://news.yahoo.co.jp/articles/b1bdd1c2b3988d4f489d0a9c4883f1710ba29eaa,2/7(水) 9:12
alba,ゴルフ総合サイト ALBA Net,欧州ツアー3試合目の中島啓太が出場　ポイントランク上位の星野陸也＆川村昌弘も参戦,https://news.yahoo.co.jp/articles/1969d7e1ba2a4099195e36bd1a980eb7fc81945d,2/7(水) 8:30
alba,ゴルフ総合サイト ALBA Net,横峯さくら、尾関彩美悠、大須賀望らが出場　ネクヒロVSトッププロの戦いがいよいよ開幕,https://news.yahoo.co.jp/articles/300d6b9459f9c15fd0312c288069f11a4075e491,2/7(水) 7:30
alba,ゴルフ総合サイト ALBA Net,大会2勝の松山英樹はS・シェフラー＆W・クラークとの注目組　WMフェニックス・オープンの組み合わせ発表,https://news.yahoo.co.jp/articles/f3ea02197c6d44636788fa83c091ddaff9e48642,2/7(水) 7:04
alba,ゴルフ総合サイト ALBA Net,10代4勝で一気にブレイク！櫻井心那「今年は年間女王、米ツアーの予選会を受けたい」,https://news.yahoo.co.jp/articles/1be3cf254e8b352b0233aad293974ce0c3a9c98a,2/7(水) 7:00
alba,ゴルフ総合サイト ALBA Net,水分はどれくらい飲むのが理想？「体重1kgあたり35mlが目安です」【老後もゴルフを続けたい人の健康生活習慣】,https://news.yahoo.co.jp/articles/f71622e2b46f728530896d291fddf1b7d643fb5a,2/6(火) 19:51
alba,ゴルフ総合サイト ALBA Net,尾関彩美悠が開幕戦と同じ舞台で今年初試合「練習ラウンドも兼ねて」,https://news.yahoo.co.jp/articles/b1262025157a021b0997a1f5d910405b1a474a0b,2/6(火) 19:00
alba,ゴルフ総合サイト ALBA Net,「アメリカでも経験したことがない」横峯さくら、初めてのポイント制競技へ,https://news.yahoo.co.jp/articles/0f573d59e294e052878a27d617178377a733add6,2/6(火) 18:23
alba,ゴルフ総合サイト ALBA Net,米国テーラーメイドから“ドラゴンボール”！？辰年の『Pix』にSNS好感,https://news.yahoo.co.jp/articles/abfd4fc7b6e646ef17507b714946fb63f435b9b8,2/6(火) 18:10
alba,ゴルフ総合サイト ALBA Net,松山英樹VSファウラー　激闘のPOを制し米ツアー2勝目【プレーバック　フェニックスOP】,https://news.yahoo.co.jp/articles/c9decbb33540fe54269e52363f5d0e8bf991bda0,2/6(火) 17:30
alba,ゴルフ総合サイト ALBA Net,プラチナ世代・ルーキーの政田夢乃がなないろ生命と所属契約,https://news.yahoo.co.jp/articles/fb8aeda3186cb8c3e7040115fb56eaedceca4771,2/6(火) 17:25
alba,ゴルフ総合サイト ALBA Net,絶対女王・山下美夢有はトップで左手首が一直線！ これが絶対曲がらない形,https://news.yahoo.co.jp/articles/a1eeb10cca943862deb118c1c10c0c8ea25addef,2/6(火) 17:00
alba,ゴルフ総合サイト ALBA Net,香妻陣一朗は38位でも約2000万円を獲得　デビュー戦のラームは約3億円,https://news.yahoo.co.jp/articles/e3dcf4df294dc5efd3ca694d3d789a464e9f28c2,2/6(火) 16:30
alba,ゴルフ総合サイト ALBA Net,鉄芯入りの高MOI、ミズノ『ST-MAX 230』シリーズ、3月8日デビュー【打ってみた】,https://news.yahoo.co.jp/articles/ab75fe3077701b78592a2c0b91bb1512c55338f4,2/6(火) 16:20
alba,ゴルフ総合サイト ALBA Net,“桃子のパンまつり”絶賛開催中？ 大量の差し入れに上田桃子は嬉しい笑顔,https://news.yahoo.co.jp/articles/cade4831bfc23f57716ceea9ce5cd21d4ced8ee8,2/6(火) 15:54
alba,ゴルフ総合サイト ALBA Net,JLPGAが能登半島地震復興支援の義援金を北陸4県へ寄付,https://news.yahoo.co.jp/articles/ed074157d6e0e5d04f2bf25fe169b8705aa8bc88,2/6(火) 15:28
alba,ゴルフ総合サイト ALBA Net,ゴルフ界の“女帝”からも祝福　ツアー通算6勝のジェシカ・コルダに第一子が誕生,https://news.yahoo.co.jp/articles/73cf863305227a63a9a7e58ae93dcfee46842cc9,2/6(火) 15:17
alba,ゴルフ総合サイト ALBA Net,大東建託株式会社が吉田鈴と都玲華とスポンサー契約を締結　同社へ感謝のコメントも,https://news.yahoo.co.jp/articles/c9b53c70bb616e06e80db9b94555d5f9e3886352,2/6(火) 15:04
alba,ゴルフ総合サイト ALBA Net,今年3戦目の星野陸也が日本勢最上位の5位をキープ【欧州男子ツアーポイントランキング】,https://news.yahoo.co.jp/articles/0ced786cb58655adf8423a15d5b1ca580975b438,2/6(火) 15:00
alba,ゴルフ総合サイト ALBA Net,安田彩乃が銀座で寿司を堪能　“いつものポーズ”でお店を紹介,https://news.yahoo.co.jp/articles/ccfd76bde1991db9b34c5516922b59c3e18161de,2/6(火) 14:37
alba,ゴルフ総合サイト ALBA Net,「即効性はなかったけど…」　元世界ランク1位のユ・ソヨンが教える“カウンセリングの効果”【カメラマン南しずかの米ツアー小話】,https://news.yahoo.co.jp/articles/0fe8153b652c840abe1dd54fdaa5acb1604c70de,2/6(火) 14:00
alba,ゴルフ総合サイト ALBA Net,シャフトは「全体しなり」と「部分しなり」の2タイプ　アナタはどっちが合う？【フィッターに聞く】,https://news.yahoo.co.jp/articles/f61a865eeeb8fa6bc4eaf14265fcd555c14ac910,2/6(火) 14:00
alba,ゴルフ総合サイト ALBA Net,申ジエが豪州で惜しくも連覇を逃すも、小さな子どもと笑顔でハイタッチ,https://news.yahoo.co.jp/articles/f05f89d006839943503442782b8a10cfc69f4fef,2/6(火) 13:32
alba,ゴルフ総合サイト ALBA Net,桂川有人がバーチャルゴルフ大会に参戦　気になるスコアは…「練習頑張ります」,https://news.yahoo.co.jp/articles/f8a05eec610b1c5cfe9c7e447ba9a4a21afcc2fe,2/6(火) 13:30
alba,ゴルフ総合サイト ALBA Net,“通常大会”となった今週の米ツアーは世界トップ5の二人が欠場　日本の久常涼は待機2番目,https://news.yahoo.co.jp/articles/e99a2c1022abfaf341565be2fa75e39d764ce762,2/6(火) 13:00
alba,ゴルフ総合サイト ALBA Net,やっぱりメジャーのセッティングは“エグい”？    昨季の難関ホールをおさらい【国内女子ツアー丸わかり】,https://news.yahoo.co.jp/articles/4b4206cd3b01fa11190a6802eba25974b1d8e77c,2/6(火) 12:30
alba,ゴルフ総合サイト ALBA Net,本間ゴルフ『D1』ボール、『TW-S／TW-X』ボールが２月16日デビュー、何が変わった？,https://news.yahoo.co.jp/articles/4030242e3ecaf2a8e88d6ff5d7d26d93de2179a6,2/6(火) 12:24
alba,ゴルフ総合サイト ALBA Net,プラチナ世代の逸材が片りん示す　安田祐香に飛躍の兆し【初シード選手紹介】,https://news.yahoo.co.jp/articles/9f9fdd239b8c8ad07d0526aac3902a6cdac48bc2,2/6(火) 12:00
alba,ゴルフ総合サイト ALBA Net,大会2勝の松山英樹が今年初のV候補入り　J・トーマスが最有力,https://news.yahoo.co.jp/articles/812bae733e182af431d822c61548dd303757c4d9,2/6(火) 11:54
alba,ゴルフ総合サイト ALBA Net,藤田光里がSNSで結婚を発表　「温かく見守っていただけると幸いです」,https://news.yahoo.co.jp/articles/78627bd5289c0899a5a1b83af15946b80595a82c,2/6(火) 11:25
alba,ゴルフ総合サイト ALBA Net,なんで平気なの!? ヘビと戯れ、ワニを釣る女・金田久美子,https://news.yahoo.co.jp/articles/cad8f4f4288202bb6e1b6fe804049a34c56b3ba8,2/6(火) 11:16
alba,ゴルフ総合サイト ALBA Net,おやじゴルフニュース「責任転嫁やボケた釈明　叩いたときのいい訳あれこれ」,https://news.yahoo.co.jp/articles/d61d76f4135947d71206ffd26a69badbdc1b624f,2/6(火) 11:00
alba,ゴルフ総合サイト ALBA Net,2010年に“恩返し”を選んで引退したロレーナ・オチョアは、今でも地元のスーパースター,https://news.yahoo.co.jp/articles/adf92904e318600ce34b3738c3d3bb3243041068,2/6(火) 10:00
alba,ゴルフ総合サイト ALBA Net,畑岡奈紗17位、古江彩佳19位　渋野日向子は109位に後退【女子世界ランキング】,https://news.yahoo.co.jp/articles/67f573d9f0ddce4d886bb868e7af07f0d6f0e65b,2/6(火) 10:00
alba,ゴルフ総合サイト ALBA Net,ウィンダム・クラークが短縮競技で勝利、2位のアバーグ含め、タイトリストの何を使ってる？【WITB】,https://news.yahoo.co.jp/articles/207936891635e8798a0927aebfc0618da44b260f,2/6(火) 9:23
alba,ゴルフ総合サイト ALBA Net,渋野日向子が22日開幕のタイ戦にエントリー　今季初戦は東南アジア,https://news.yahoo.co.jp/articles/ba067278899ce13f82c9f99ffd9e75b102704979,2/6(火) 8:06
alba,ゴルフ総合サイト ALBA Net,松山英樹は51位から62位　ウィンダム・クラークが61位→3位に浮上【FedExCupランキング】,https://news.yahoo.co.jp/articles/be8171ddd7001150e83f2e3635da921353681406,2/6(火) 8:00
alba,ゴルフ総合サイト ALBA Net,岩井姉妹が「iwai SMILE Project」を発足　「少しでも笑顔になってくれたら」,https://news.yahoo.co.jp/articles/3b5d7872508b5f15a5c2ae82d49a12817b8aad04,2/6(火) 7:40
alba,ゴルフ総合サイト ALBA Net,松山英樹は54位　欧州予選落ち中島啓太は95位【男子世界ランキング】,https://news.yahoo.co.jp/articles/32d03614c378486e549497e7fc0937356b5db312,2/6(火) 7:03
alba,ゴルフ総合サイト ALBA Net,安田祐香がツアー開幕に向けて最後の追い込み　破壊力抜群の“ほっぺハート”は必見！,https://news.yahoo.co.jp/articles/d35908698759fe61e2fa36bdc592567886c4e908,2/5(月) 16:56
alba,ゴルフ総合サイト ALBA Net,覚えておきたい投資の格言「卵は一つのカゴに盛るな」 ゴルファーには通称“オルカン”がオススメ!?,https://news.yahoo.co.jp/articles/f047949bcd21c85b76dcaf68fcfc560f39435d30,2/5(月) 16:48
alba,ゴルフ総合サイト ALBA Net,越雲みなみの目が完全にハート！ カムジャタンにすっかり心奪われた!?,https://news.yahoo.co.jp/articles/566347d2579650f171f618b8e4f8a01094f34ec0,2/5(月) 16:34
alba,ゴルフ総合サイト ALBA Net,ペブルビーチで“約束のV”　ウィンダム・クラークが3勝目「まるで竜巻のような一日」,https://news.yahoo.co.jp/articles/dae77fda2c12e785e6e19c8597c760b08cd2b826,2/5(月) 16:22
alba,ゴルフ総合サイト ALBA Net,世界ランク5位で通算10勝、ミンジー・リーが弟と同じキャロウェイ契約に！,https://news.yahoo.co.jp/articles/4036616c91223a6135d484044ce109dfc7bbffcb,2/5(月) 14:21
alba,ゴルフ総合サイト ALBA Net,岩井姉妹が合宿先のタイへ出国　海外連戦に意気込み「2人で五輪に出たい」,https://news.yahoo.co.jp/articles/a7587af22baccf2adc494971021f00adc3025f11,2/5(月) 14:00
alba,ゴルフ総合サイト ALBA Net,W・クラークを勝利へ導いたアドバイス【舩越園子コラム】,https://news.yahoo.co.jp/articles/1b0dd0c052bd1b99566b94880d09217a544e1dcf,2/5(月) 13:00
alba,ゴルフ総合サイト ALBA Net,ジャンボ尾崎が“照れ笑い”で明かした弟子たちへの思い「かわいいよ、孫が一生懸命頑張ってるんだから」,https://news.yahoo.co.jp/articles/0b7acc4cff8484095ceca9199ba8b4a6f7a1c0e0,2/5(月) 12:30
alba,ゴルフ総合サイト ALBA Net,“前髪命系女子”を名乗る菅沼菜々 今度は「豆まきヘア」を披露！ 歳女姿も大反響,https://news.yahoo.co.jp/articles/543e1502d700fb3c8b5cd68d522dc418665ad857,2/5(月) 12:09
alba,ゴルフ総合サイト ALBA Net,PXGが上級者向けラインナップを強化！『PXG 0317 X ドライビングアイアン』が今月デビュー,https://news.yahoo.co.jp/articles/19f0cdf47c24a1761f622f320abb0071c117290b,2/5(月) 12:08
alba,ゴルフ総合サイト ALBA Net,ペブルビーチは悪天候で54ホール短縮競技に　W・クラークがツアー3勝目,https://news.yahoo.co.jp/articles/426507af6ee7f6286b9999cc782174250e6fb2b3,2/5(月) 11:49
alba,ゴルフ総合サイト ALBA Net,節分に鬼のお面をつけた金田久美子が可愛すぎ　ファンは「豆を投げられませーん！」,https://news.yahoo.co.jp/articles/90a02fc87e199aa0c7b5a31a285569073b2a9a6d,2/5(月) 11:49
alba,ゴルフ総合サイト ALBA Net,“出世街道”を走る韓流ヒロイン　成長株リ・ハナに期待【初シード選手紹介】,https://news.yahoo.co.jp/articles/c1641f0a88986ef38af5b8957f7cca8f9d165834,2/5(月) 11:30
alba,ゴルフ総合サイト ALBA Net,オデッセイ『Ai-ONE』に7つの追加モデル！大注目の『JAILBIRD MINI DB』含め、2月16日デビュー,https://news.yahoo.co.jp/articles/cd430e524605af9d45f6b97a94da335f92490e36,2/5(月) 10:45
alba,ゴルフ総合サイト ALBA Net,岩井姉妹が「iwai SMILE Project」を発足　バーディ・イーグル数に応じて能登半島地震被災地へ寄付,https://news.yahoo.co.jp/articles/72f45479aaef033f4e19708922392aa5e23023ef,2/5(月) 10:00
alba,ゴルフ総合サイト ALBA Net,ホアキン・ニーマンがプレーオフを制し開幕戦V　ラームは3位、香妻陣一朗は38位【LIVゴルフ】,https://news.yahoo.co.jp/articles/88c12388cd53f744bba683d50122aa065df78510,2/5(月) 9:13
alba,ゴルフ総合サイト ALBA Net,六車日那乃がアジアNO.1決定戦で得た“学び”　悲願プロテスト合格へ「生かせたら」,https://news.yahoo.co.jp/articles/31d94206ffa1ff2bb1f94ef6efb603bc51d5fcbf,2/5(月) 9:00
alba,ゴルフ総合サイト ALBA Net,師匠から原英莉花に“愛のジャンボ節”　「あいつにはついていけないな」とニヤリ,https://news.yahoo.co.jp/articles/8e81c144ee2cac2fafdd3592b1e06b5a67127cb7,2/5(月) 8:00
alba,ゴルフ総合サイト ALBA Net,史上最年少プロ転向の15歳が“軍団入り”か？　ジャンボも熱視線「あれ中学生か？」,https://news.yahoo.co.jp/articles/0870d40da1ba4cc68fee8acbee47549fe5091fc8,2/5(月) 7:30
alba,ゴルフ総合サイト ALBA Net,暴風雨に見舞われたペブルビーチは順延　マンデーフィニッシュも危うい状況？,https://news.yahoo.co.jp/articles/910d94427e8c025672977e9bd834c5e8cb572336,2/5(月) 7:05
alba,ゴルフ総合サイト ALBA Net,JALから渋野日向子へ粋なサプライズ？　贈られたプレゼントに「めちゃくちゃカッコいい」,https://news.yahoo.co.jp/articles/8bd39902a762af291b89971274a019dbbc70a517,2/5(月) 7:00
alba,ゴルフ総合サイト ALBA Net,ディラン・フリテッリがツアー3勝目　星野陸也は12位タイ,https://news.yahoo.co.jp/articles/cb6958c6234ac6fb1b92d7a671f4078aeac1e258,2/5(月) 6:30
alba,ゴルフ総合サイト ALBA Net,『G430』が2位に最浮上！　人気の理由は「単品販売」と「左右に曲がるミスの少なさ」【アイアン売り上げランキング】,https://news.yahoo.co.jp/articles/35be6fdff11a7bc3d499860a3cebe8196002cfd2,2/4(日) 20:00
alba,ゴルフ総合サイト ALBA Net,渋野日向子がJALのイベントでファンと交流　ドラコン対決ではまさかの…「これでも振ってるんだよ（笑）」,https://news.yahoo.co.jp/articles/6ffc35b562df681c153109ce54ff4bf3632afad9,2/4(日) 19:39
alba,ゴルフ総合サイト ALBA Net,全芯主義、グローブライド『オノフ赤』シリーズ、3月9日デビュー,https://news.yahoo.co.jp/articles/61f6a151d9c19decc2c068f8424a25dc596b3130,2/4(日) 18:28
alba,ゴルフ総合サイト ALBA Net,ジャンボ尾崎がアカデミー選考会を今年も開催　自身の試合復帰は消極的？「この年齢で何をしろっていうんだ」,https://news.yahoo.co.jp/articles/ca55faad32e86302501b2e3488c9a7011ecd01a0,2/4(日) 18:07
alba,ゴルフ総合サイト ALBA Net,「元気をもらえた」渋野日向子がJALのイベントで24年“初スマイル”,https://news.yahoo.co.jp/articles/8a54c08ab496687e3a647c78fbe52dbcb541c7b1,2/4(日) 16:38
alba,ゴルフ総合サイト ALBA Net,16歳・新地真美夏が日本勢唯一トップ10入り　優勝は台湾のチャンウェイ【アジア女子アマ】,https://news.yahoo.co.jp/articles/4f5c4414d54e9f553fc216778246aeded2076b15,2/4(日) 15:56
alba,ゴルフ総合サイト ALBA Net,合計57.8メートルを決めた！　パット開眼のクラークがペブルビーチ新記録「60」,https://news.yahoo.co.jp/articles/948677ac78afffb39502a1e00986b0d411e7faee,2/4(日) 15:27
alba,ゴルフ総合サイト ALBA Net,月曜日持ち越しが濃厚か　ペブルビーチの暴風、影響は？,https://news.yahoo.co.jp/articles/6e07918238ce179974734f1a4331c5fd7722b8cd,2/4(日) 12:00
alba,ゴルフ総合サイト ALBA Net,香妻陣一朗は34位に後退、J・ラーム2位浮上　J・ニーマンが首位キープ【LIVゴルフ】,https://news.yahoo.co.jp/articles/584ed89b22d71c52e5e2cb84860a70cb5f17be06,2/4(日) 10:08
alba,ゴルフ総合サイト ALBA Net,「パットがやっぱり…」　松山英樹は3日間通してグリーン上に課題,https://news.yahoo.co.jp/articles/d59c4e891b1a3d5dbd6f68efb886341b7c5e80c3,2/4(日) 9:13
alba,ゴルフ総合サイト ALBA Net,松山英樹は「70」、71位で最終日へ　W・クラークが大会記録の「60」で首位に浮上,https://news.yahoo.co.jp/articles/42ccd9fd1b4a41e8132dd8c1856adaddb8e54d7e,2/4(日) 8:42
alba,ゴルフ総合サイト ALBA Net,＜速報＞松山英樹は2つ伸ばし「70」　通算イーブンパーでホールアウト,https://news.yahoo.co.jp/articles/53093accda0859e306e9d8bddf281f2b6b7b58d3,2/4(日) 8:08
alba,ゴルフ総合サイト ALBA Net,星野陸也は26位で最終日へ　D・フリテッリが首位をキープ,https://news.yahoo.co.jp/articles/62a5c15a8717de79bec96fd48cd0e23b7e4c44e5,2/4(日) 7:18
alba,ゴルフ総合サイト ALBA Net,最新“60度”ウェッジはアマチュアでもやさしく打てる!?　超簡単モデル7選,https://news.yahoo.co.jp/articles/cf0a9b5d72bf2a5c519113cb87277dfeea3e5c34,2/3(土) 20:00
alba,ゴルフ総合サイト ALBA Net,あまりにも悔しいダボ3つ　六車日那乃は『76』でV戦線脱落「耐えられなかった」,https://news.yahoo.co.jp/articles/7b83c616530edbdf6a78fdaf99b7ac3bed89c3ae,2/3(土) 17:16
alba,ゴルフ総合サイト ALBA Net,ともにボギーフリーで浮上　新地真美夏と橋本美月が日本勢トップ「あすは攻めたい」,https://news.yahoo.co.jp/articles/c75a17f7345f5c424820237bd148f76d1e64cdb6,2/3(土) 16:45
alba,ゴルフ総合サイト ALBA Net,新地真美夏、橋本美月が12位で最終日へ　六車日那乃は15位【アジア女子アマ】,https://news.yahoo.co.jp/articles/867288ba1294ed6a5a58f05c82a2b5cde87bcd0c,2/3(土) 15:57
alba,ゴルフ総合サイト ALBA Net,“最後”のマスターズ出場危機　66歳ランガーがトレーニング中にアキレス腱を断裂,https://news.yahoo.co.jp/articles/441b6bf0ceb63a0cd0c2633e1fe1f7d823b6a002,2/3(土) 15:00
alba,ゴルフ総合サイト ALBA Net,「負けることが嫌い」タイガーの元相棒ジョー・ラカバ氏が語るキャディの資質,https://news.yahoo.co.jp/articles/34e0759d3bc73c3ddc8166f253e1cc7edafd8f07,2/3(土) 14:00
alba,ゴルフ総合サイト ALBA Net,＜中間速報＞六車日那乃は7差に後退　新地真美夏、橋本美月が浮上【アジア女子アマ】,https://news.yahoo.co.jp/articles/d25bbc6d85ff2ca0d1b7de6e78950668d0fd4add,2/3(土) 13:52
alba,ゴルフ総合サイト ALBA Net,リ・ハナがCPG GOLFとウェア契約「着こなしにも注目してください！」,https://news.yahoo.co.jp/articles/6b3136598555d8f8462cbf19a4750ff3c4deafd4,2/3(土) 13:00
alba,ゴルフ総合サイト ALBA Net,ラームがついにLIVデビュー！　プレッシャーはねのけ好発進「いいプレーができた」,https://news.yahoo.co.jp/articles/9afd8ffda343e3bfe0530105410306b006f747f7,2/3(土) 12:30
alba,ゴルフ総合サイト ALBA Net,下部からの枠が拡大　米女子ツアー来季出場資格に変更,https://news.yahoo.co.jp/articles/63cc0d81da1dd4c68cd433244817f4fd755374a0,2/3(土) 12:00
alba,ゴルフ総合サイト ALBA Net,タイトリストの新しい『AVX』ゴルフボールが3月2日デビュー、何が変わったの？,https://news.yahoo.co.jp/articles/3bac1e2546592d2d28a02ec9c8c954cb291570a3,2/3(土) 11:35
alba,ゴルフ総合サイト ALBA Net,松山英樹は70位で大会を折り返し　S・シェフラーら首位、R・マキロイ64位,https://news.yahoo.co.jp/articles/d95e2aa86d0a6c47bae70854aa050ef20b987bfb,2/3(土) 9:36
alba,ゴルフ総合サイト ALBA Net,香妻陣一朗26位、J・ラームは4位　J・ニーマンが「59」で首位、LIVゴルフの24年シーズンが開幕,https://news.yahoo.co.jp/articles/ae5151842d3b388fc577a5e8feabc3c7901a36a5,2/3(土) 8:43
alba,ゴルフ総合サイト ALBA Net,星野陸也が決勝R進出　中島啓太、川村昌弘は予選落ち,https://news.yahoo.co.jp/articles/f8eddf5a0cad235927b9e49ef176b5a73e26c156,2/3(土) 7:15
alba,ゴルフ総合サイト ALBA Net,＜速報＞松山英樹は一つ伸ばしホールアウト　終盤で連続バーディ,https://news.yahoo.co.jp/articles/adcbe224c47e511997544e7194d82c7e1749b5ee,2/3(土) 6:52
alba,ゴルフ総合サイト ALBA Net,プロV1シリーズが1、2位　『レフトダッシュ』発売でトップ3独占なるか？【ボール売り上げランキング】,https://news.yahoo.co.jp/articles/4ed24b8076b546b139f271f7d940c1f7082ca3c9,2/2(金) 19:30
alba,ゴルフ総合サイト ALBA Net,六車日那乃が2位で決勝へ　新地真美夏、橋本美月らも予選通過【アジア女子アマ】,https://news.yahoo.co.jp/articles/ba5f7f7bb431d5675614419e0bb2dba995183630,2/2(金) 19:27
alba,ゴルフ総合サイト ALBA Net,ドライバー選びの盲点　「浅重心ヘッド＝ハードヒッター向け」とは限らない！ 【フィッターに聞く】,https://news.yahoo.co.jp/articles/611c257cd02ca591f1150a331da94b21826a189c,2/2(金) 17:29
alba,ゴルフ総合サイト ALBA Net,＜速報＞日本勢トップの中島啓太はパー発進　首位と3打差追走,https://news.yahoo.co.jp/articles/c999b877d91232c2cb2327e7d489912256daf8c3,2/2(金) 17:20
alba,ゴルフ総合サイト ALBA Net,上田桃子が“ももぺこ”と共演？　スポンサー契約の不二家新CMに登場,https://news.yahoo.co.jp/articles/303645529d7f2b4ac9c5bc61625b9745e7b13170,2/2(金) 17:00
alba,ゴルフ総合サイト ALBA Net,国内男子ツアーの選手会長に谷原秀人が再任　副会長は石川遼ら,https://news.yahoo.co.jp/articles/b5087c4201a813059b86971edca8d0f59f8d778d,2/2(金) 16:52
alba,ゴルフ総合サイト ALBA Net,六車日那乃が3連続バーディ×2で暫定首位　初出場・初Vへ視界良好「優勝したい」,https://news.yahoo.co.jp/articles/a6bea7db077aa6e67e63f02de7132a0f8787c9be,2/2(金) 16:44
alba,ゴルフ総合サイト ALBA Net,コリン・モリカワを子供扱い!? 身長215cmアスリートのドライバーショットが規格外,https://news.yahoo.co.jp/articles/0c14f808c7cc346f621c60200b3846d142ee24a1,2/2(金) 16:33
alba,ゴルフ総合サイト ALBA Net,島根出身の浜崎未来　地元企業「TSKグループ」とスポンサー契約締結,https://news.yahoo.co.jp/articles/dd62198dc01114b52b8e82b936acd7e586bd2f11,2/2(金) 16:00
alba,ゴルフ総合サイト ALBA Net,CPG GOLFが吉本ひかるとのウェア契約更新を発表「現地に応援にきてください」,https://news.yahoo.co.jp/articles/e216a55610105f86669a073013860581e0b828c9,2/2(金) 15:10
alba,ゴルフ総合サイト ALBA Net,岩井明愛が飛んで曲がらないのは、シューズの中に秘密があった！「足で地面を…」,https://news.yahoo.co.jp/articles/795981fae11d95abd597952486a69a4a4720f374,2/2(金) 15:00
alba,ゴルフ総合サイト ALBA Net,山下美夢有がサングラスでイメージチェンジ？　可愛らしさとのギャップに大反響,https://news.yahoo.co.jp/articles/cb7a52ebb758d70274d3633790b8244e59a6330d,2/2(金) 14:58
alba,ゴルフ総合サイト ALBA Net,＜速報＞六車日那乃が3連続バーディ締め「66」　単独首位でホールアウト【アジア女子アマ】,https://news.yahoo.co.jp/articles/4966a636df019331a88bd3f194f6a408cab2d253,2/2(金) 14:45
alba,ゴルフ総合サイト ALBA Net,6～7年で1000個もドライバーを壊した！？【世界一飛ばす破壊神、カイル・バークシャーの衝撃】,https://news.yahoo.co.jp/articles/4c5ab9ea1430a28d42b15c52b97ea7c33560c7f6,2/2(金) 14:11
alba,ゴルフ総合サイト ALBA Net,全部飲むの!? 上田桃子の元気の源は超大量のエナジードリンク「肌艶素晴らしい」,https://news.yahoo.co.jp/articles/06bb1175391681d0393182ee4e88f6f5026762ca,2/2(金) 13:52
alba,ゴルフ総合サイト ALBA Net,マキロイが痛恨の“勘違い”　ドロップ処置ミスで2罰打「ルールが変わったことを失念していた」,https://news.yahoo.co.jp/articles/ed2e92610657ef48816bce853a4099a19ecec674,2/2(金) 13:38
alba,ゴルフ総合サイト ALBA Net,練習場でトライ！　ナイスショットを“いいイメージ”として記憶に残す「20秒ルール」【心理学者に聞く】,https://news.yahoo.co.jp/articles/08ea1fb29de2c8a5a8ce96695b9fe852b349aa90,2/2(金) 13:30
alba,ゴルフ総合サイト ALBA Net,「ゴルフウェアは戦闘服」　高木萌衣がCPG GOLFとウェア契約更新,https://news.yahoo.co.jp/articles/1c6dfb30ab4c7eb8aee0c969411333bbe76d5649,2/2(金) 13:00
alba,ゴルフ総合サイト ALBA Net,新パートナーを迎えて史上最高額更新　全米女子オープン賞金総額は1200万ドル,https://news.yahoo.co.jp/articles/5e04e8f8905f69edf9d8cd8f0bef7123ada68425,2/2(金) 12:45
alba,ゴルフ総合サイト ALBA Net,国内女子ツアーは今季も2社がネット配信　DAZNとU-NEXTで35試合,https://news.yahoo.co.jp/articles/fcdaed8c003cea926c8021afb55fd1effea3e824,2/2(金) 12:28
alba,ゴルフ総合サイト ALBA Net,＜速報＞六車日那乃は前半2アンダー　単独首位で後半へ【アジア女子アマ】,https://news.yahoo.co.jp/articles/957f44c2f0eb3d26ba5cd801fcbb4e8ecab497d1,2/2(金) 12:27
alba,ゴルフ総合サイト ALBA Net,「非常に誇りに思います」　古江彩佳がみずほフィナンシャルグループと契約,https://news.yahoo.co.jp/articles/7c8fa4bfc6b9cc697378a9cc6b20345aa0012753,2/2(金) 11:44
alba,ゴルフ総合サイト ALBA Net,米国の飛ばし屋・フィナウ　106ヤードのパー3をドライバーで狙う!?,https://news.yahoo.co.jp/articles/fb8400483376aafe76e23923229c7f59350184e1,2/2(金) 11:01
alba,ゴルフ総合サイト ALBA Net,「一球一球魂を込めて」　六車日那乃がアジアNo.1戴冠へ好スタート【初日コメント集】,https://news.yahoo.co.jp/articles/d428534d7d07d4b31831278695fcadf8a7b2ba28,2/2(金) 11:00
alba,ゴルフ総合サイト ALBA Net,『アイアン型ユーティリティ』って難しくないの？　アベレージ向け4選＋アスリート向け6選,https://news.yahoo.co.jp/articles/3d96a6d9abeae21a3df820573406a8fac73a0d0a,2/2(金) 10:01
alba,ゴルフ総合サイト ALBA Net,松山英樹は75位出遅れ　トーマス・デトリーが首位発進、マキロイ39位,https://news.yahoo.co.jp/articles/a65aafcefecac58dcab673b0e3bc2c5ca6881574,2/2(金) 9:28
alba,ゴルフ総合サイト ALBA Net,「褒めてあげたい」　橋本美月が初のアジア女子アマ2勝目へ好発進,https://news.yahoo.co.jp/articles/a193f498aa901d1d849c9d9c4ba566d305583767,2/2(金) 9:00
alba,ゴルフ総合サイト ALBA Net,＜速報＞松山英樹は後半失速　「75」で初日ホールアウト,https://news.yahoo.co.jp/articles/b0bec119bfb577cff469fb97e98ae6c4fa178ffb,2/2(金) 8:26
alba,ゴルフ総合サイト ALBA Net,星野陸也と中島啓太がバーレーンで4差13位発進　川村昌弘41位,https://news.yahoo.co.jp/articles/b568aef68e1cb5f91e4305833565a2f8090956ab,2/2(金) 7:18
alba,ゴルフ総合サイト ALBA Net,ジョン・ラームがいよいよLIVデビュー　マキロイからの擁護に「優れた選手からの支持はうれしい」,https://news.yahoo.co.jp/articles/97b09e501272f5df58e54b0291ce277038614a9b,2/2(金) 7:03
alba,ゴルフ総合サイト ALBA Net,六車日那乃が4アンダー・4位発進　飯島早織、吉田鈴は32位【アジア女子アマ】,https://news.yahoo.co.jp/articles/989f58391fb636308a7b25d9426c6d7cd38bd026,2/1(木) 20:22
alba,ゴルフ総合サイト ALBA Net,キャロウェイのツアーボールが『クロムツアー/クロムツアーX』名称になり、3月上旬デビュー,https://news.yahoo.co.jp/articles/14133035269eb8643d2a7b120d7f7f5048e457d1,2/1(木) 18:54
alba,ゴルフ総合サイト ALBA Net,昨年のリベンジへ　吉田鈴は後半追い上げイーブン発進「すごくいい日だった」,https://news.yahoo.co.jp/articles/049bafdc4f09d571a798bc6c626068e17a1acdcc,2/1(木) 18:52
alba,ゴルフ総合サイト ALBA Net,PGAツアー、LIVゴルフは“超高額”　中島啓太が出場の中東大会は？　気になる今週の海外賞金事情,https://news.yahoo.co.jp/articles/357bac40b5b2a8fa59745403038a7f97b04a20f8,2/1(木) 17:32
alba,ゴルフ総合サイト ALBA Net,＜速報＞中島啓太は4アンダー好発進　暫定5位でホールアウト,https://news.yahoo.co.jp/articles/7738cb554edf881777a9b0fa5a8ce22328ec624d,2/1(木) 17:05
alba,ゴルフ総合サイト ALBA Net,教えたがりの上司につかまった！  上手いかわし方は？ 「こんなとき、どうする」,https://news.yahoo.co.jp/articles/0bc3669f9a4aa9dbd8da57b3af4b0eb55848bf2d,2/1(木) 17:00
alba,ゴルフ総合サイト ALBA Net,33年ぶりアマVのダンラップがプロ初戦へ　ペブルビーチは「プレイステーション」で予習済み？,https://news.yahoo.co.jp/articles/e5b3aaad7e5b2d1f3987324c5a5b9f67c5b9757e,2/1(木) 16:12
alba,ゴルフ総合サイト ALBA Net,狙うはメジャー大会初制覇か？ 青木瀬令奈が9月の開催コースを早くも徹底視察,https://news.yahoo.co.jp/articles/8dcce21ebe6a119705a8d5b81469b0ef28dd58bc,2/1(木) 14:28
alba,ゴルフ総合サイト ALBA Net,吉田優利の超安定ドローはアメリカでも通用する！ 注目したいのは「ほっぺ」!?,https://news.yahoo.co.jp/articles/be385651a7c09b64c9d64b0a0b073797481472cf,2/1(木) 14:00
alba,ゴルフ総合サイト ALBA Net,『トマホークティー』の認知拡大へ　星野陸也がダイヤ株式会社とアドバイザリー契約を締結,https://news.yahoo.co.jp/articles/beee3cd44843402c4d3be6153b297857ada5def5,2/1(木) 14:00
alba,ゴルフ総合サイト ALBA Net,意味不明！ 飛ばないボールなのに6番アイアンで300ヤード【世界一飛ばす破壊神、カイル・バークシャーの衝撃】,https://news.yahoo.co.jp/articles/edfd185877bb024c1b4f9433f27e5862605b50b2,2/1(木) 13:21
alba,ゴルフ総合サイト ALBA Net,全会一致で承認　ジョーダン・スピースは選手の株主制に「直接利益を得られる」,https://news.yahoo.co.jp/articles/023e768bd8fa237f3bbc37a20dcea14cb01b63f5,2/1(木) 12:50
alba,ゴルフ総合サイト ALBA Net,拝啓、コブラさま、心中お察しいたします【世界一飛ばす破壊神、カイル・バークシャーの衝撃】,https://news.yahoo.co.jp/articles/7cfe751f0b9390e8d4a1750035cd11567180051a,2/1(木) 12:34
alba,ゴルフ総合サイト ALBA Net,A・メロンクとL・ハーバートがLIV移籍を発表　香妻陣一朗はK・ナのチーム入り決定,https://news.yahoo.co.jp/articles/93c418d780aa92c3dac22cb0cf648cce51d65360,2/1(木) 12:30
alba,ゴルフ総合サイト ALBA Net,練習中にまさかの居眠り!?　吉田優利が宮崎キャンプから近況報告,https://news.yahoo.co.jp/articles/77d91a2fb8ba2d92239fc49aa91a52d5a9b09336,2/1(木) 12:08
alba,ゴルフ総合サイト ALBA Net,今年こそ“仁井が1位”？　21歳のオールラウンダーが初Vへ【初シード選手紹介】,https://news.yahoo.co.jp/articles/ef32b7eb40630a02f1b447e6af9429b7def4aa5b,2/1(木) 12:00
alba,ゴルフ総合サイト ALBA Net,野球選手を凌ぐランニング　明愛＆千怜の岩井ツインズが見せたアスリートの本領,https://news.yahoo.co.jp/articles/1f4bfb62f1cf4d776089e475171b2d8cfb62245b,2/1(木) 11:32
alba,ゴルフ総合サイト ALBA Net,“最大4380億円”の戦略投資　PGAツアーがストラテジック・スポーツ・グループと最終合意,https://news.yahoo.co.jp/articles/8694bcd8f7f30268b316ab8879307a4d8e0a2fc5,2/1(木) 9:59
alba,ゴルフ総合サイト ALBA Net,日本ツアー21勝を挙げたイ・ボミのピン筋アイアン　切り返しでは“右脚のライン”を意識する,https://news.yahoo.co.jp/articles/adc2e700dd1325bdc8e5186d426a9561c52f392d,2/1(木) 7:45
alba,ゴルフ総合サイト ALBA Net,「罰は必要ない」　ローリー・マキロイが相次ぐ“LIV移籍”に持論,https://news.yahoo.co.jp/articles/3dc0a5fc9a5db679924063749fd209557a2520c3,2/1(木) 7:30
alba,ゴルフ総合サイト ALBA Net,フィールド2番手の優勝候補　六車日那乃はアジア女王戴冠に初挑戦「あまりガツガツ行きすぎずに」【日本勢の意気込み】,https://news.yahoo.co.jp/articles/2d1ccdf75ba1017528ba0932ec1de1fa660b4c7b,2/1(木) 7:00
alba,ゴルフ総合サイト ALBA Net,能登半島地震への寄付にジュニアイベント開催　中西直人を突き動かすものとは？,https://news.yahoo.co.jp/articles/1238db70be9d4cac29722290576142b481203f0e,1/31(水) 19:21
alba,ゴルフ総合サイト ALBA Net,16歳・新地真美夏が“英語”で公式会見に参加　「めっちゃ緊張しました（笑）」,https://news.yahoo.co.jp/articles/7f5e7e1a788e9b60bd139563ecc03f6018170293,1/31(水) 19:19
alba,ゴルフ総合サイト ALBA Net,スライサーはバックスイングに問題あり！　有村智恵の『“右腕のれん”体操』で左ワキ腹を縮めよう,https://news.yahoo.co.jp/articles/1b3f2b386307e8e91f9faaa70a01fe0b08b6a500,1/31(水) 18:15
alba,ゴルフ総合サイト ALBA Net,日の丸背負う海外戦は「学べる機会」　日本女子アマ覇者・飯島早織がアジアNo.1に挑戦,https://news.yahoo.co.jp/articles/99b34216d034aadcf20c0fe043bdeeb19951ce24,1/31(水) 16:30
alba,ゴルフ総合サイト ALBA Net,山下美夢有が寺院で偶然に出会った大阪桐蔭高校の大先輩とは？,https://news.yahoo.co.jp/articles/116190b25c2f0e4aa67dad2a46962338e60eaaad,1/31(水) 16:18
alba,ゴルフ総合サイト ALBA Net,「戻ってこられて良かった」　ローリー・マキロイは“格上げ”のペブルビーチで米ツアー今季初戦,https://news.yahoo.co.jp/articles/58fbe450c2e30fb6e5acde54c0ffc979b5dc5660,1/31(水) 16:00
alba,ゴルフ総合サイト ALBA Net,「良い子はマネしないでください」 小平智がとんでもない傾斜から奇跡!?のショット,https://news.yahoo.co.jp/articles/822fa7f4aa00f982d0b706414961e7494db60d43,1/31(水) 15:51
alba,ゴルフ総合サイト ALBA Net,松山英樹初出場のプロアマ大会組み合わせが発表　マキロイ、スピースら豪華メンバーが集結,https://news.yahoo.co.jp/articles/99ca2ea72d5803baa9fd55153a479cb69a3798a1,1/31(水) 15:12
alba,ゴルフ総合サイト ALBA Net,パターのフェース面で変わるのは反発でなく打感と音！ 最新モデル９選,https://news.yahoo.co.jp/articles/90763532cff390e1bd7dd17603ab0d5ac7ba9870,1/31(水) 15:01
alba,ゴルフ総合サイト ALBA Net,あれ、小祝さくらってフィニッシュが小さい!? 「だから腕と体が完全同調するんです」,https://news.yahoo.co.jp/articles/f9cfdd6304b2055d86a9322082c9ed86e5bdcc1d,1/31(水) 14:00
alba,ゴルフ総合サイト ALBA Net,「絶対に」海外1勝と賞金王　蝉川泰果が米3連戦で強めた決意,https://news.yahoo.co.jp/articles/311cbf95b7bf0e46bbf5083af9b0f075f6aee104,1/31(水) 14:00
alba,ゴルフ総合サイト ALBA Net,タイレル・ハットンのLIV移籍が正式発表　トップアマのサーラットもチーム・ラーム へ,https://news.yahoo.co.jp/articles/f418939e89624a67a9891c74f0b8637300c9471f,1/31(水) 13:30
alba,ゴルフ総合サイト ALBA Net,「癒し系で可愛い」川崎春花がハイタッチ！ 京都ハンナリーズの“はんニャリン”とは!?,https://news.yahoo.co.jp/articles/fc95d10a3433424ed8dab75b2b44ca47857944d5,1/31(水) 13:24
alba,ゴルフ総合サイト ALBA Net,叔母は元賞金女王　“飛ばし三銃士”の一角・竹田麗央【初シード選手紹介】,https://news.yahoo.co.jp/articles/d79a15ca852c1d14651e0331408d960fdd5c1296,1/31(水) 13:00
alba,ゴルフ総合サイト ALBA Net,3位でも国内賞金王超えの金額？　ペブルビーチ・プロアマが破格の賞金総額29億円に“昇格”,https://news.yahoo.co.jp/articles/2374e1b63441062e9b2be42a70be2d29a76f6451,1/31(水) 12:30
alba,ゴルフ総合サイト ALBA Net,渋野日向子は119番目、吉田優利145番目　米女子ツアーの今季出場優先順位が発表【24年米女子ツアー丸わかり】,https://news.yahoo.co.jp/articles/a0fe0ae4b76010f9c726a11a77b01e4662e59260,1/31(水) 12:10
alba,ゴルフ総合サイト ALBA Net,オフには身体だけでなく心も整え直すのが大切【原田香里のゴルフ未来会議】,https://news.yahoo.co.jp/articles/c3954c982270431300257cccb7c19ac684a2e138,1/31(水) 11:30
alba,ゴルフ総合サイト ALBA Net,「天使じゃねーか」と大反響　吉本ここねの可愛すぎる少女時代の笑顔,https://news.yahoo.co.jp/articles/6f0c342fc890f80d5417a1805ab5b92c48640c91,1/31(水) 11:16
alba,ゴルフ総合サイト ALBA Net,「めちゃくちゃカッコいいです」　菅沼菜々が副賞の超高級車と満面の笑みで2ショット,https://news.yahoo.co.jp/articles/2db7d28ec4d0994ecbfb70a4b63771da2a62590b,1/31(水) 8:07
alba,ゴルフ総合サイト ALBA Net,13年ぶりのバーレーンに日本勢3人出場　欧州男子ツアー組み合わせ発表,https://news.yahoo.co.jp/articles/9189c846e36c0077bcbeee876e120acd1298fd31,1/31(水) 7:32
alba,ゴルフ総合サイト ALBA Net,原英莉花が抜群に上手い！「ヘッドを走らせる」には切り返しでグリップを“遠くに落とす”,https://news.yahoo.co.jp/articles/f396e9e7ecb8d1e474fe0602183a85addbea4b11,1/31(水) 7:30
alba,ゴルフ総合サイト ALBA Net,歴代チャンプに日本女子アマ覇者も　アジアNo.1決定戦に挑む“なでしこ”6人は？,https://news.yahoo.co.jp/articles/9b012cf405f8077adc5ed9f0456638e49d056af1,1/31(水) 7:00
alba,ゴルフ総合サイト ALBA Net,「トップ10に入りたい」　吉田鈴がタイで昨年のリベンジへ,https://news.yahoo.co.jp/articles/6295c8e1dba0bf3c3764b9f68d3530ec0584685a,1/30(火) 18:53
alba,ゴルフ総合サイト ALBA Net,積立投資信託のオススメ銘柄は？　金融初心者はリスクの低い『インデックスファンド』でゴルフ代を稼ごう,https://news.yahoo.co.jp/articles/a81638137bdac6d62943f6d86869dac361dd6f02,1/30(火) 18:45
alba,ゴルフ総合サイト ALBA Net,球が上がってミスにも強く操作性もある！ 残り190ヤードの万能戦士『ウッド型UT』6タイプ26本を徹底分析,https://news.yahoo.co.jp/articles/8af841c21dc44d84eaaa94f6f62c9e9140171962,1/30(火) 18:41
alba,ゴルフ総合サイト ALBA Net,「いかにシンプルにするか」イ・ボミの“ぶっとい”一軸スイングの秘密,https://news.yahoo.co.jp/articles/79444e6f1ca0fbed5cb7d4464fab3b35bd0f97e8,1/30(火) 18:08
alba,ゴルフ総合サイト ALBA Net,アマチュア4人が出場権を獲得　開幕戦ダイキンオーキッド予選会が開催,https://news.yahoo.co.jp/articles/7aefec8b4d2e6682ace1cad4bd10eee0fddef8a7,1/30(火) 17:51
alba,ゴルフ総合サイト ALBA Net,1年2カ月ぶりVを飾ったネリー・コルダも、タイガーの前では“フツーの女の子”,https://news.yahoo.co.jp/articles/d80d4026739e7850d04f0fc4870f79e6ea53d068,1/30(火) 16:55
alba,ゴルフ総合サイト ALBA Net,山内日菜子＆脇元華のチーム宮崎　ナイスコンビネーションでダブルス戦を制す,https://news.yahoo.co.jp/articles/bcd9e566472355b5f43a9b552be2842259d7f59a,1/30(火) 16:33
alba,ゴルフ総合サイト ALBA Net,デビュー戦の中島啓太は69位　星野陸也は5位【欧州男子ツアーポイントランキング】,https://news.yahoo.co.jp/articles/2f7d4324788bf0a42e46140a4245a9e4e3c18334,1/30(火) 15:00
alba,ゴルフ総合サイト ALBA Net,優雅にラウンドを楽しむアン・シネ　その横で愛犬がフェアウェイを大疾走！！,https://news.yahoo.co.jp/articles/ea8a11c60975d5de6930e00a07d0d9658e0041a4,1/30(火) 14:01
alba,ゴルフ総合サイト ALBA Net,クラブを替えてから調子が悪い……もしかして、ヘッドありきで選んだのが原因かも【フィッターに聞く】,https://news.yahoo.co.jp/articles/57ecc977aa2feec28c8b9483d512749092961343,1/30(火) 14:01
alba,ゴルフ総合サイト ALBA Net,蝉川泰果が米ツアー3連戦から帰国　感じた“手ごたえ”と“課題”「一辺倒すぎるゴルフはよくない」,https://news.yahoo.co.jp/articles/03990abbb41d432832fc0ec04070e824a40b9005,1/30(火) 14:00
alba,ゴルフ総合サイト ALBA Net,安田祐香やのちの世界ランク1位も輩出　アジア女子アマ歴代覇者おさらい,https://news.yahoo.co.jp/articles/0c9d84b35853d827c18b68aa76d82ed36202b55c,1/30(火) 13:00
alba,ゴルフ総合サイト ALBA Net,“3パットの女王”は過去のもの？　東北の星・蛭田みな美【初シード選手紹介】,https://news.yahoo.co.jp/articles/9604f762ccb59670d6d66e97709179d16902a70d,1/30(火) 12:00
alba,ゴルフ総合サイト ALBA Net,PGAツアーと統合を進めるPIFは女子ゴルフの統合には反対？　LPGA、LET統合延期の裏にゴルフサウジが…,https://news.yahoo.co.jp/articles/9928791934002db136086bc9793720dbe7ea2ff5,1/30(火) 12:00
alba,ゴルフ総合サイト ALBA Net,「自分が登ったなんて信じられない」　イ・ボミが韓国ゴルフ界の超大物たちと雪山に挑戦,https://news.yahoo.co.jp/articles/43bb1a967b77350b1f576fe6e6ae6fc3a95a5565,1/30(火) 11:48
alba,ゴルフ総合サイト ALBA Net,優勝予想トップはローリー・マキロイ　大会初出場の松山英樹は選出されず,https://news.yahoo.co.jp/articles/68f0de2ac8275f190cda9a24e675591badd09814,1/30(火) 11:30
alba,ゴルフ総合サイト ALBA Net,古江彩佳が4位キープ　稲見萌寧、畑岡奈紗は浮上【CMEポイントランキング】,https://news.yahoo.co.jp/articles/9a8f739b9d80409f305ebdf549e4c7a8eba52499,1/30(火) 11:00
alba,ゴルフ総合サイト ALBA Net,球を操りたい上級者も安心・納得！　強弾道ドローが打てる“つかまりすぎない”ドライバー4選,https://news.yahoo.co.jp/articles/a25718bbeb011b771dabd0a70e4e4701039cc929,1/30(火) 10:00
alba,ゴルフ総合サイト ALBA Net,T・ハットンがいよいよLIVゴルフへ移籍？   契約金は約93億円でラームのチームに加入か,https://news.yahoo.co.jp/articles/c2ef6e88c19c4f3ce343e1bf4d5dbdae6f0f2c09,1/30(火) 8:30
alba,ゴルフ総合サイト ALBA Net,松山英樹が51位に浮上　久常涼は43位【FedExCupランキング】,https://news.yahoo.co.jp/articles/226e72e6c68aa8c4817a10c3505a61657eaf23a9,1/30(火) 8:00
alba,ゴルフ総合サイト ALBA Net,平均260ヤード超！　神谷そらは高速下半身リードなのに、なぜフェースが開かない!?,https://news.yahoo.co.jp/articles/91fdfa6dce59221e5dcc990835eb22d07bfd2431,1/30(火) 7:30
alba,ゴルフ総合サイト ALBA Net,古江彩佳が日本勢2番手の19位へ浮上　畑岡奈紗は17位をキープ【女子世界ランキング】,https://news.yahoo.co.jp/articles/d5c9748fb11755657126caacd07083f2dc1a18b6,1/30(火) 7:04
alba,ゴルフ総合サイト ALBA Net,日本一曲がらない男　稲森佑貴のリリースはアンダースロー「右肩を思い切って下げます」,https://news.yahoo.co.jp/articles/bbd9fc57411728cbb139b87bd1e69836623b689b,1/29(月) 19:00
alba,ゴルフ総合サイト ALBA Net,申ジエが金澤志奈ら日韓の選手たちと豪州キャンプ　器用な左打ちも披露,https://news.yahoo.co.jp/articles/fe022ad747b8fead68d0db4593d28f91aca293b9,1/29(月) 18:34
alba,ゴルフ総合サイト ALBA Net,欧州男子で『Qi10』が3連勝、トービヨン・オルセンは、テーラーメイドの何を使ってる？【WITB】,https://news.yahoo.co.jp/articles/e315aab1681bbc869b21aab1eb975056fa4c4f13,1/29(月) 17:25
alba,ゴルフ総合サイト ALBA Net,日本ゴルフ写真家協会が報道写真展「記憶の記録」を東京と大阪で開催,https://news.yahoo.co.jp/articles/5aabbba93f089baf21049de628ea95d2dc92f4c0,1/29(月) 17:00
alba,ゴルフ総合サイト ALBA Net,松山英樹は54位　欧州ツアーデビューの中島啓太は92位【男子世界ランキング】,https://news.yahoo.co.jp/articles/3d1b59e89bf154d5576d9ba620e61f6791668430,1/29(月) 16:48
alba,ゴルフ総合サイト ALBA Net,スランプに陥ったときほど「スイングはいじらない」が上手い人の常識　ではどうすれば？,https://news.yahoo.co.jp/articles/2bc66de8247fdf28f8d48e708c18b2eb6a4f85c1,1/29(月) 16:30
alba,ゴルフ総合サイト ALBA Net,全英など海外メジャー3大会の出場権　アジア女子アマ優勝特典がすごすぎる,https://news.yahoo.co.jp/articles/30a1fce2f75b3db4c53b70cd10827ed3c4ad60ca,1/29(月) 16:00
alba,ゴルフ総合サイト ALBA Net,テニスの全豪オープンを観戦した伊藤真利奈　完璧なプロポーションをファンは大絶賛！,https://news.yahoo.co.jp/articles/0d7c97f34bb83e76409cd419f5e15a420c082e67,1/29(月) 14:55
alba,ゴルフ総合サイト ALBA Net,畑岡奈紗は今季2戦目でトップ10入り　「ケガの予防になる」スイングで大きな“悩み”も解決,https://news.yahoo.co.jp/articles/3d4ce62d7d8116309e779b34edf947c304d9e04b,1/29(月) 14:00
alba,ゴルフ総合サイト ALBA Net,バドミントンの高速ノックを受ける岩井ツインズ　卓越した運動神経をファンは大絶賛,https://news.yahoo.co.jp/articles/4da419a346cadca5192ed8e1986d0b56d5377177,1/29(月) 13:12
alba,ゴルフ総合サイト ALBA Net,2季ぶり栄冠で涙　地元ファン熱狂の“ネリー劇場”「すべての勝利にはストーリーがある」,https://news.yahoo.co.jp/articles/c332998db2ea1d7a5a809d1479bd704e84ac54b2,1/29(月) 12:30
alba,ゴルフ総合サイト ALBA Net,「あとできっと泣く」陽気なフレンチ・チャンピオン誕生！【舩越園子コラム】,https://news.yahoo.co.jp/articles/d0ba1b2ac91a8df3036abdad044ddec34e5c94f2,1/29(月) 12:00
alba,ゴルフ総合サイト ALBA Net,悔しさを糧に急成長　“最強の未勝利選手”桑木志帆【初シード選手紹介】,https://news.yahoo.co.jp/articles/a5ef837daf79d942bb728ea71f455b662aba6706,1/29(月) 11:30
alba,ゴルフ総合サイト ALBA Net,やさしい10Kで9勝目、ネリー・コルダは、テーラーメイドの何を使ってる？【WITB】,https://news.yahoo.co.jp/articles/62d90a02da4c3d8d606cf71afe155ce11a9d7908,1/29(月) 11:14
alba,ゴルフ総合サイト ALBA Net,安田彩乃が結婚していたことを発表！ 証人はまさかの親友プロゴルファー,https://news.yahoo.co.jp/articles/a4ae31fdcce148b000b7c90ba62fd4ef412b6382,1/29(月) 11:10
alba,ゴルフ総合サイト ALBA Net,「良かったイメージが台無し」　西郷真央は“ほろ苦い”デビュー戦に,https://news.yahoo.co.jp/articles/2605c58479eb71eb8b85d918dd39d148534d3551,1/29(月) 10:30
alba,ゴルフ総合サイト ALBA Net,嬉しい初優勝、マチュー・パボンは、PINGの何を使っている？【WITB】,https://news.yahoo.co.jp/articles/ca324f6bebc8fb7587434cca2985c34a4056cdca,1/29(月) 9:55
alba,ゴルフ総合サイト ALBA Net,古江彩佳が強風に苦しみながらも2週連続4位　目の当たりにした“ネリーの意地”には「最後まで集中していた」,https://news.yahoo.co.jp/articles/3be74bf9fd96bf75771e76f22ea69d49ae779492,1/29(月) 9:23
