media_en,media_jp,title_articles,link_articles,date_original
shikihos,会社四季報オンライン,波乱相場でも株価好調、プロ500「本命銘柄」石油株の力強さ,https://news.yahoo.co.jp/articles/60bea5f24aeeee596e731dc1e63e0e17f64d70f1,10/9(水) 7:32
shikihos,会社四季報オンライン,タリーズコーヒージャパンの親会社はどこでしょうか？,https://news.yahoo.co.jp/articles/2be36c34f27a8ce7d071bd4821468c9623ccdece,10/9(水) 6:17
shikihos,会社四季報オンライン,日本株は総選挙まで「買い」、その後はどうすればいいのか,https://news.yahoo.co.jp/articles/b8c49c4cb1886c683bbc1e74088a31b5d5a2dfdc,10/8(火) 18:32
shikihos,会社四季報オンライン,石破首相就任でもまだまだ「日本株は上昇する」と断言する,https://news.yahoo.co.jp/articles/9575a519af2fb68342171a12e85e11ab014ef957,10/8(火) 12:02
shikihos,会社四季報オンライン,定期預金より断然オトク？人気化必至の「東京メトロ」株,https://news.yahoo.co.jp/articles/b87af1d4c1f2670943c04d0e06c67705f2834774,10/8(火) 7:02
shikihos,会社四季報オンライン,「注目のテーマ」で関連銘柄を絞り込む四季報テク,https://news.yahoo.co.jp/articles/a3811376da9376c326e4d7f0e6b8f96b1f00a438,10/7(月) 18:32
shikihos,会社四季報オンライン,任天堂の旧社名は任天堂骨牌。では「骨牌」の読み方は？,https://news.yahoo.co.jp/articles/f422497591e8726c5c079745b61f1f37000ea0bf,10/7(月) 7:42
shikihos,会社四季報オンライン,石破政権下で拭えない警戒感、日本株市場を先読みするヒント,https://news.yahoo.co.jp/articles/24a94321644ba69c95d22bf315ddf551428c657e,10/6(日) 8:02
shikihos,会社四季報オンライン,"石破内閣が掲げる""日本の起爆剤""、「地方創生」関連16銘柄",https://news.yahoo.co.jp/articles/88bbfdffa340005dfe1d60eaf1551907293b2097,10/6(日) 7:02
shikihos,会社四季報オンライン,「外国人が日本株売りなら買えない」の法則は時代遅れ？,https://news.yahoo.co.jp/articles/084272e9988448684143856f3d3e575e95d7564b,10/6(日) 6:32
shikihos,会社四季報オンライン,大幅利下げのパウエル議長の手本は「グリーンスパン」か？,https://news.yahoo.co.jp/articles/fe609d285ed35a37b3f096cbd4311becf082d39c,10/6(日) 6:02
shikihos,会社四季報オンライン,"""億り人""が教える「株主総会に出席する際のマナー」とは？",https://news.yahoo.co.jp/articles/ee53abbedb4dd059091bd6dbb91f015ff6fae0c8,10/5(土) 18:32
shikihos,会社四季報オンライン,"プライベートブランド絶好調！四季報予想も""強気""の銘柄",https://news.yahoo.co.jp/articles/cb1dec03a41bfcc6bc76143bd80c35558e79e433,10/5(土) 8:02
shikihos,会社四季報オンライン,石破政権下の波乱相場でも強みを発揮する個人消費関連3銘柄,https://news.yahoo.co.jp/articles/b74c854837126a8563771dff03fac19b6f456927,10/4(金) 19:02
shikihos,会社四季報オンライン,"1カ月後に迫る大統領選挙、テック業界の""建前""と""本音""",https://news.yahoo.co.jp/articles/b846532e91c7d8d35a8b83447933ab2d80d3d720,10/4(金) 18:32
shikihos,会社四季報オンライン,国内外のIoT市場に進攻、ソラコムが選んだ「第3の道」,https://news.yahoo.co.jp/articles/87de4a7fbc236a0116e556a42e160bdaa0e2c9e6,10/4(金) 6:32
shikihos,会社四季報オンライン,アマゾンの従業員は150万人？ 30万人？ それとも8万人？,https://news.yahoo.co.jp/articles/8a7bf9be40b31f9211b504e5fece34d34bf52049,10/4(金) 6:17
shikihos,会社四季報オンライン,節約志向高まりが追い風、狙いたいディフェンシブ王道株,https://news.yahoo.co.jp/articles/2053e41a278803fd251e19b5723b268f6800df1d,10/3(木) 18:32
shikihos,会社四季報オンライン,個人投資家は波乱の日本株市場でどう立ち回るべきか？,https://news.yahoo.co.jp/articles/66bb6aca0f5a34b3dcb35acb2903c0238225be14,10/3(木) 7:02
shikihos,会社四季報オンライン,アメリカの利下げ後に起こる景気後退と株価下落の可能性,https://news.yahoo.co.jp/articles/5e464314967f312cf5f31afaf1c78d5be442a56a,10/3(木) 6:32
shikihos,会社四季報オンライン,リユースで急伸するこの店の親会社はどこでしょうか？,https://news.yahoo.co.jp/articles/9198726473ddb72c16adc7b1903c89e9684a0cd2,10/2(水) 7:28
shikihos,会社四季報オンライン,いま注目すべきは割安＆好配当のアメリカ「電力株」だ,https://news.yahoo.co.jp/articles/6dd55b1d261d599c6cf2a5dedc6bd44999f69945,10/1(火) 18:32
shikihos,会社四季報オンライン,四季報秋号【見出し】で見つける「テンバガー候補」5銘柄,https://news.yahoo.co.jp/articles/1403563e45906dff89eaf7378b2fc0d4248217b6,10/1(火) 7:02
shikihos,会社四季報オンライン,「カレンダーの日付」で適用期間を指定する四季報ワザ,https://news.yahoo.co.jp/articles/23fe80bdd851a90e8cac169f95f6f1103a932ccd,9/30(月) 18:32
shikihos,会社四季報オンライン,高値保ち合いから中期で一段高シナリオが視野の流通大手,https://news.yahoo.co.jp/articles/d3926e945b1c434ff2b3f2b3419bea9c2831eb62,9/30(月) 12:02
shikihos,会社四季報オンライン,石破茂首相誕生で株価トレンドがどう変わるかを占うカギ,https://news.yahoo.co.jp/articles/57e6e5b56f87dd6cd34ae4c822819932ea9a7831,9/29(日) 8:02
shikihos,会社四季報オンライン,いつか起きる「南海トラフ地震」への対策で有望な12銘柄,https://news.yahoo.co.jp/articles/de267c3c92ba89a4c9c8e2cb811f66cd32704f46,9/29(日) 7:02
shikihos,会社四季報オンライン,J1湘南・鈴木雄斗が諭す「兼業投資家」が最優先すべきもの,https://news.yahoo.co.jp/articles/5d0e5849c58fac14f9aab91713baec90887b7d8a,9/29(日) 6:32
shikihos,会社四季報オンライン,パッテン氏「言論の自由を守るためにはSNS規制が必要だ」,https://news.yahoo.co.jp/articles/8259481d67fc3f6527ffe696880c53722a8d48f5,9/28(土) 18:32
shikihos,会社四季報オンライン,それでも「アメリカ株の独り勝ちは変わらない」とみるワケ,https://news.yahoo.co.jp/articles/fa4c124a357c02b80b1575101ecab2c13b60c10e,9/28(土) 8:32
shikihos,会社四季報オンライン,石破新総裁誕生、日経平均は衆院総選挙の実施時期次第に,https://news.yahoo.co.jp/articles/c375c534c5f2405492b0f41b36110496e0596b40,9/28(土) 8:02
shikihos,会社四季報オンライン,石破総裁「逆ご祝儀相場」でも買い安心感のある好調3銘柄,https://news.yahoo.co.jp/articles/80fe88df170b7ac8519c87a719aa6a5fe2a4726d,9/28(土) 7:02
shikihos,会社四季報オンライン,"EVメーカー、テスラが「自動運転」で仕掛ける""反転攻勢""",https://news.yahoo.co.jp/articles/b3a2409b4444fecf3dbcca39fd6691babdfc8658,9/27(金) 18:32
shikihos,会社四季報オンライン,「新値三本足」が陽転、底入れサインが点灯したエンタメ株,https://news.yahoo.co.jp/articles/27b130f96c33e036b2cb2e63d7d925ff4d13ec69,9/27(金) 12:02
shikihos,会社四季報オンライン,雇用危機の高まりでFRBは「連続利下げ」が不可避となる,https://news.yahoo.co.jp/articles/a2e3c79150b2b92840639eae25a2d0172950c953,9/27(金) 7:32
shikihos,会社四季報オンライン,自動運転に必須、画像処理技術で注目の「黒字復帰」小型株,https://news.yahoo.co.jp/articles/b3fffa036174b9bed445cb0ef66da3ad20cefdd1,9/26(木) 18:32
shikihos,会社四季報オンライン,紳士服は苦戦でもAOKIがジワジワと復活しているワケ,https://news.yahoo.co.jp/articles/7db4cfb4d275f410daeb25894bfbd5222d2572e1,9/26(木) 6:32
shikihos,会社四季報オンライン,世界で注目の日本発「コンテンツ」、有望な9銘柄はココだ,https://news.yahoo.co.jp/articles/7a1dcd9181592c4ea907029cfad1c8d2c49c592c,9/25(水) 18:32
shikihos,会社四季報オンライン,株価反発、上場来高値更新まで秒読みの医療機器メーカー,https://news.yahoo.co.jp/articles/4cf76b7808ff63099321ed28a65c0f7c0d39db54,9/25(水) 12:02
shikihos,会社四季報オンライン,行きすぎた円高の修正で日本株買いの条件が整いつつある,https://news.yahoo.co.jp/articles/33ffb51296238129e5d02d8fa9daf6c067ac9e57,9/24(火) 18:32
shikihos,会社四季報オンライン,高成長を続けるエヌビディア株は「まだ割安」と断言できる,https://news.yahoo.co.jp/articles/dfeb86358b6a78c0eb06c41b6221b3360c543c67,9/24(火) 12:02
shikihos,会社四季報オンライン,新社名は「変革の証し」、10月社名変更で活躍期待の5銘柄,https://news.yahoo.co.jp/articles/9fb01f43107eb542fbf52f89974aaf5c79a1221a,9/24(火) 7:02
shikihos,会社四季報オンライン,高配当利回り株を効率的に絞り込むための簡単テクニック,https://news.yahoo.co.jp/articles/300bba4681fd36128430423a7bf18da789e44ca5,9/23(月) 7:02
shikihos,会社四季報オンライン,"日経平均の反発は""本物""か、3連休明けの見極めポイント",https://news.yahoo.co.jp/articles/270db022db0f97718d6d2ee1a8bb599cb5a37ce0,9/22(日) 8:02
shikihos,会社四季報オンライン,今年は「CCS元年」、二酸化炭素の回収・貯留で注目13銘柄,https://news.yahoo.co.jp/articles/1ec9dc8f103f9fd95ebdf64cf7c7942d60fb342a,9/22(日) 7:32
shikihos,会社四季報オンライン,値下がり損の呪縛から解き放たれれば長期投資に成功する,https://news.yahoo.co.jp/articles/05409a4922bea889cf62ce9120c12cb0f2c1ce1e,9/22(日) 7:02
shikihos,会社四季報オンライン,"入館料を値上げしても業績堅調、店舗数""業界首位""銘柄",https://news.yahoo.co.jp/articles/8c60812850888c96c5986be4b409220a433848ba,9/21(土) 8:02
shikihos,会社四季報オンライン,日経平均は3日続伸、「復調相場」で注目したい小型3銘柄,https://news.yahoo.co.jp/articles/13b73f8a15be7501fcfd17069db2935a6b0b3fb1,9/21(土) 7:02
shikihos,会社四季報オンライン,電子署名サービスのドキュサイン決算に見た「ある変化」,https://news.yahoo.co.jp/articles/d921ff07b7be547ff50af22e50873c11046cf756,9/20(金) 18:32
shikihos,会社四季報オンライン,買いサイン点灯、中期抵抗線を上方ブレーク期待の化学株,https://news.yahoo.co.jp/articles/62e5dfc98068535df0b605c8842e41f5551e0700,9/20(金) 12:02
shikihos,会社四季報オンライン,独立系SI・ISBの24年12月期を四季報が独自増額したワケ,https://news.yahoo.co.jp/articles/297dc43ccfdf3a24bd07b5e52338cc075553263a,9/20(金) 6:32
shikihos,会社四季報オンライン,補助金収入で今期経常黒字化狙う「ドローン関連」IPO株,https://news.yahoo.co.jp/articles/15c57d053046819057aa6b019411d3da2cea3f35,9/19(木) 18:32
shikihos,会社四季報オンライン,"100年前の本が教えてくれる""損を出す最大の原因""とは？",https://news.yahoo.co.jp/articles/f4b463500911c86da229f4a74354be2b4c75c108,9/19(木) 7:32
shikihos,会社四季報オンライン,"""億り人""が語る、暴落に負けないために留意すべきこと",https://news.yahoo.co.jp/articles/1546d57a1d058da780c5981bb4da66e1fec7d342,9/19(木) 7:02
shikihos,会社四季報オンライン,国内養殖のサーモンを世界に、オカムラ食品工業の進む道,https://news.yahoo.co.jp/articles/2be1594730edbe78ff2e2b830b7f2ba3c9c95d2a,9/19(木) 6:32
shikihos,会社四季報オンライン,年初来高値の更新が間近、下値を切り上げる半導体銘柄,https://news.yahoo.co.jp/articles/b10bd97bff6cd5748968024c0a68d341279ca0c4,9/18(水) 12:02
shikihos,会社四季報オンライン,"""負けない投資家""は四季報「秋号」のドコに注目したのか",https://news.yahoo.co.jp/articles/c2a42d855df2bedc265d6d8e0164e760b1b5c6e6,9/18(水) 7:32
shikihos,会社四季報オンライン,人気ホテルの返礼品がなくなる「制度変更」が相次ぐ理由,https://news.yahoo.co.jp/articles/21609a943ca7ca013737929430b52fca0736e8f9,9/18(水) 6:32
shikihos,会社四季報オンライン,冴えないエヌビディア株が今後も上昇を続ける必然のワケ,https://news.yahoo.co.jp/articles/7a1610536bbdb0b3a2aed8c322f0be82e6c00661,9/17(火) 18:32
shikihos,会社四季報オンライン,ドル円相場が1ドル138～150円でしばらく落ち着く根拠,https://news.yahoo.co.jp/articles/9fdffe1ef99b70560093d2b81eca556f8cc3ec28,9/17(火) 12:02
shikihos,会社四季報オンライン,業界再編期待も継続、割安な「家電量販店銘柄」に妙味あり,https://news.yahoo.co.jp/articles/0a89ddca46d41746e7399934ebebf593d0a659b3,9/17(火) 7:02
shikihos,会社四季報オンライン,"""単なる新電力""にあらず、レジルが描く一括受電の青写真",https://news.yahoo.co.jp/articles/dc2a9cd95b8f53e4befc575b84d1bd1c7685ab5b,9/17(火) 6:32
shikihos,会社四季報オンライン,「高配当利回り銘柄」が長期保有に適している4つの理由,https://news.yahoo.co.jp/articles/0f08b389af9e72ed59ae55c2bd39da8ebdd49db7,9/16(月) 7:02
shikihos,会社四季報オンライン,日経平均「二番底探り」が継続中か否かを見極めるポイント,https://news.yahoo.co.jp/articles/fbf840711cd2cd85d39328bfbd402743a0b8dd9d,9/15(日) 8:02
shikihos,会社四季報オンライン,農業人口の激減に立ち向かう「スマート農業」関連8銘柄,https://news.yahoo.co.jp/articles/b6e2f3e5c2421bad9a1cfc010a2f0f592d15e9fe,9/15(日) 7:32
shikihos,会社四季報オンライン,株価急落でも冷静でいられるための「決めごと」とは何か,https://news.yahoo.co.jp/articles/43f329af6b60d9c78b0a56579feb33135d804ba8,9/15(日) 7:02
shikihos,会社四季報オンライン,J1湘南・鈴木雄斗がドハマリした「高配当株投資」の醍醐味,https://news.yahoo.co.jp/articles/763941231440a9d85abed96406a4e6c0a3e42cea,9/15(日) 6:32
shikihos,会社四季報オンライン,"次の利上げと最終目標金利をめぐる市場の""不気味な警鐘""",https://news.yahoo.co.jp/articles/48151a2ca9a56eac20df0a0ec7c5f8a551c3d2f5,9/14(土) 8:02
shikihos,会社四季報オンライン,"「需給の転換点」を迎えつつある日本株相場、""打診買い""も",https://news.yahoo.co.jp/articles/125383cf9c29b034821630cc6cfaff5f9ad0ca14,9/14(土) 7:32
shikihos,会社四季報オンライン,下振れしやすい日本株市場で頼りにしたい足元好調3銘柄,https://news.yahoo.co.jp/articles/ee87c01f7a54db854ffd7a15d2808a31d3a2fe2b,9/14(土) 7:02
shikihos,会社四季報オンライン,メモリ大手マイクロン・テクノロジーの狙う「一発逆転」,https://news.yahoo.co.jp/articles/d4eca7c69b6f71bb93f50c2495fb2138f8277ee2,9/13(金) 18:32
shikihos,会社四季報オンライン,高値の壁を上方ブレーク、底値サイン点灯した住宅関連株,https://news.yahoo.co.jp/articles/83a3b401842d80038bc8e2d78156246b84fa71fe,9/13(金) 12:02
shikihos,会社四季報オンライン,定番商品の多さが強み、業績続伸「ディフェンシブ本命」株,https://news.yahoo.co.jp/articles/47c74fbacd0f48cab55c08ec95526a4a2c3645ce,9/12(木) 18:32
shikihos,会社四季報オンライン,自民党総裁選の結果が与える「増税」「減税」への影響は？,https://news.yahoo.co.jp/articles/0ae4f0ba9e72140de24e26d999ea960cde8979c1,9/12(木) 7:02
shikihos,会社四季報オンライン,過去最大の概算要求額、「医療・介護DX」で追い風の6銘柄,https://news.yahoo.co.jp/articles/e87965cb4754308379e64b582f1b9d23156270ea,9/11(水) 18:32
shikihos,会社四季報オンライン,株価は再騰サインが点灯、上向きに転じる大手水産銘柄,https://news.yahoo.co.jp/articles/89c8746b9839d8c41dbfe7e31afd686d6366ef13,9/11(水) 12:02
shikihos,会社四季報オンライン,日本株の買い場は9月下旬以降にやって来るかもしれない,https://news.yahoo.co.jp/articles/105921c0e662ce98a2f7acba8ed8f40552872092,9/10(火) 18:32
shikihos,会社四季報オンライン,SNSデータで販促支援、「ライスカレー」が描く成長への道,https://news.yahoo.co.jp/articles/90946ad7f259bef0e371f97e71f3107193b55dd1,9/10(火) 6:32
shikihos,会社四季報オンライン,FA機器中堅が調整一巡か、オシレーターに強気サイン点灯,https://news.yahoo.co.jp/articles/e16f8c31eb9285d8d78ebeb7c849ec430f96d53a,9/9(月) 12:02
shikihos,会社四季報オンライン,"「一番底」になる懸念も？日経平均""再反落""の行方を探る",https://news.yahoo.co.jp/articles/b28034e0955494cebdb899840ed87a84750f8a10,9/8(日) 8:02
shikihos,会社四季報オンライン,生成AI、半導体に続く大相場テーマ「肥満症薬」関連6銘柄,https://news.yahoo.co.jp/articles/4951579f88320e8ecf65ac9666d736bff3d047a9,9/8(日) 7:02
shikihos,会社四季報オンライン,小粒だけど存在感大、藤川さん太鼓判のインバウンド銘柄,https://news.yahoo.co.jp/articles/2bef39c9e2fdbd72041940fa903e1b22b2bd9ed9,9/7(土) 8:02
shikihos,会社四季報オンライン,アセモグル教授「この大統領選は民主主義を守る分水嶺だ」,https://news.yahoo.co.jp/articles/c55b65da8c27ef2ca70e2157f2043bcdebae9a0e,9/7(土) 7:32
shikihos,会社四季報オンライン,「為替情勢に左右されにくい割安株」を探し出す四季報テク,https://news.yahoo.co.jp/articles/0d1310774bf0bd1a65cfd29d3ab26b9c982ef338,9/7(土) 7:02
shikihos,会社四季報オンライン,決算が予想外にポジティブだったグーグル、メタの底力,https://news.yahoo.co.jp/articles/2a0e4d8d773b958a84b3f1a9a6898b01e375ab3f,9/6(金) 18:32
shikihos,会社四季報オンライン,「三役好転」の強気局面、上昇再開サイン点灯のコンサル株,https://news.yahoo.co.jp/articles/2adc45df0e90e1921fd8bf7ad9e2fed54191edc1,9/6(金) 12:02
shikihos,会社四季報オンライン,日本の半導体業界の焦点「TSMC第3工場」は熊本以外へ,https://news.yahoo.co.jp/articles/b4b6a53105be9b2c898ab0abf8c7e7684acc1d19,9/6(金) 6:32
shikihos,会社四季報オンライン,収束見えぬ感染症、「検査キット」需要堅調で注目IPO株,https://news.yahoo.co.jp/articles/1568d1ec6cb74a2eff6da098dac27e7b927c6396,9/5(木) 18:32
shikihos,会社四季報オンライン,DAIBOUCHOUさん流「成長投資枠」に適した銘柄の選び方,https://news.yahoo.co.jp/articles/0aa035cc90907faffa08184d62e2b442bbdce43b,9/5(木) 7:02
shikihos,会社四季報オンライン,4桁の大台替わりへ株価上昇、勢いを強める地方銀行株,https://news.yahoo.co.jp/articles/8c8a9d20e349b56daa58ac20d7d40dd3e87119cc,9/4(水) 12:02
shikihos,会社四季報オンライン,アメリカが利下げへ、金利低下局面で狙いたい銘柄の特徴,https://news.yahoo.co.jp/articles/f6fff75b02f901c62f1f822cc384f358b8d1767d,9/4(水) 6:32
shikihos,会社四季報オンライン,S＆P500は高すぎる？「今は高値圏」と市場が意識するワケ,https://news.yahoo.co.jp/articles/4b3c639426aa5b099c5035df22d4531970314132,9/3(火) 18:32
shikihos,会社四季報オンライン,波乱相場でも年初来高値更新 ! 今後も注目できる6銘柄,https://news.yahoo.co.jp/articles/c60898b5878e44fb29bdf03d415e0ec943aeea9d,9/3(火) 7:02
shikihos,会社四季報オンライン,"利下げに動くFRB、「ボルカーの失敗」が示唆する""狭き道""",https://news.yahoo.co.jp/articles/3663f1af908b795a4645c0743e6ae49aaec70845,9/3(火) 6:32
shikihos,会社四季報オンライン,月足で雲上抜ける強気サイン点灯の電子決済サービス大手,https://news.yahoo.co.jp/articles/f597351f8f3735c8543e49a2b0a937f4cbffb491,9/2(月) 12:02
shikihos,会社四季報オンライン,「9月相場」入りの日経平均、先行き占う2つの注目ポイント,https://news.yahoo.co.jp/articles/a93da310f5c28ea85a224bf7e3c59d554296f4a1,9/1(日) 8:02
shikihos,会社四季報オンライン,J1湘南・鈴木雄斗が「自己流株式投資」にたどり着いた経緯,https://news.yahoo.co.jp/articles/59c9c88ed2781deb42c9c91a7ae5f5e8e7e690e5,9/1(日) 7:32
shikihos,会社四季報オンライン,"ブルーカーボンで注目集める""藻類ビジネス""関連8銘柄",https://news.yahoo.co.jp/articles/c703a8db9f3c5ef4ca00f4f54614cfb81d20f8cf,9/1(日) 7:02
shikihos,会社四季報オンライン,いよいよ始まるアメリカの大幅利下げは何をもたらすか,https://news.yahoo.co.jp/articles/13dcc5dc82b829f0fa1fb99056249e7ca9e373f9,8/31(土) 8:02
shikihos,会社四季報オンライン,高値保ち合い想定の日本株市場で「いま狙うなら」の3銘柄,https://news.yahoo.co.jp/articles/ffb54abb90020be4573da90910aef2110294a3da,8/31(土) 7:02
shikihos,会社四季報オンライン,製薬大手ファイザーはポストコロナの低迷を抜け出せるか,https://news.yahoo.co.jp/articles/40518c76dd7ee0bca351bf2eb3cfa8352c601850,8/30(金) 18:32
shikihos,会社四季報オンライン,「三役好転」の強気局面、6日連続の陽線示現した製造小売株,https://news.yahoo.co.jp/articles/09c1617a985cfd4292009180da0812e24bb1a2ca,8/30(金) 12:02
shikihos,会社四季報オンライン,高卒就活支援に特化、「ジョブドラフト」拡大への青写真,https://news.yahoo.co.jp/articles/0ebf5293f17414e52371d752ecce46d49a31b1d6,8/30(金) 6:32
shikihos,会社四季報オンライン,波乱相場のいまこそ狙いたい、盤石のディフェンシブ株,https://news.yahoo.co.jp/articles/59d260c3cca29efae5b7e884de30eb4b57a56a2c,8/29(木) 18:32
shikihos,会社四季報オンライン,自民党「新総裁誕生」が追い風になりそうな有望33銘柄,https://news.yahoo.co.jp/articles/5cedf6b230c5c995661ad04972eafeb9fc3f691c,8/28(水) 18:32
shikihos,会社四季報オンライン,株価は倍返しへ、需給改善で局面が変わる産廃処理大手,https://news.yahoo.co.jp/articles/e5801a750e9e44fcee54f0c80a019ee475d561e5,8/28(水) 12:02
shikihos,会社四季報オンライン,為替動向に左右されにくい「海外売上高比率」はどの水準か,https://news.yahoo.co.jp/articles/c57d24ca79332c1a3520e6385a0cae0bac13b6e0,8/28(水) 6:32
shikihos,会社四季報オンライン,9月の自民党総裁選で誰が勝てば日本株は上昇するのか,https://news.yahoo.co.jp/articles/6bcc3bc7efa8feca295fee235997ae331d0c1447,8/27(火) 18:32
shikihos,会社四季報オンライン,円高懸念でも、日本株の業績下方修正リスクは「限定的」だ,https://news.yahoo.co.jp/articles/54f5b7905bb1b8bb71ba76be192d122802263b79,8/27(火) 12:02
shikihos,会社四季報オンライン,圧倒的な国内2位企業、「埼玉の優良会社」の株価は過小評価,https://news.yahoo.co.jp/articles/852b2e0f9c31ccf6a2c083d4d1c497d36768e0de,8/27(火) 7:02
shikihos,会社四季報オンライン,バフェット氏が爆買い、美容品株のチャートに2つの異変,https://news.yahoo.co.jp/articles/45f6069253a6fe4001faebf3445ecbe33f7b04ef,8/27(火) 6:32
shikihos,会社四季報オンライン,高値の壁を突破、さらに一段高目指す医療機器メーカー,https://news.yahoo.co.jp/articles/880db97fd676ebf9c20310072e8d8d1bee71f870,8/26(月) 12:02
shikihos,会社四季報オンライン,日経平均が戻りを試しているようで「実は要注意」な理由,https://news.yahoo.co.jp/articles/fa4dc77308d3eb64c12af9aa6fe7e6beef1e559d,8/25(日) 8:02
shikihos,会社四季報オンライン,"""億り人""が教える「1銘柄ごとの理想の保有株数」とは？",https://news.yahoo.co.jp/articles/4d913cae43615bbd0029fd788ff670c9aad136c4,8/25(日) 7:32
shikihos,会社四季報オンライン,運転手不要の「レベル4」がいよいよ現実に、関連19銘柄,https://news.yahoo.co.jp/articles/b04859240f10832a65f4f309a1b859dc10721262,8/25(日) 7:02
shikihos,会社四季報オンライン,"「ゲリラ豪雨」頻発で""必携のアプリ""を手がける期待銘柄",https://news.yahoo.co.jp/articles/51e22eb78dad30ca8b76cba12062d03a24129048,8/24(土) 8:02
shikihos,会社四季報オンライン,"日経平均の行方を占うエヌビディア決算まさかの""不発""？",https://news.yahoo.co.jp/articles/3671a7e3d88c8e17b3dc1dd64c93499dd7ad13ea,8/24(土) 7:32
shikihos,会社四季報オンライン,エヌビディア次第の日本株相場で買い安心感のある3銘柄,https://news.yahoo.co.jp/articles/4636ae34a5a3c62ae8b29a620f741dfd938e3ae6,8/24(土) 7:02
shikihos,会社四季報オンライン,"直近決算でテック大手の株価に""一時混乱""が生まれたワケ",https://news.yahoo.co.jp/articles/74587e34c51312390bb08aca0b946f98fdfe437b,8/23(金) 18:32
shikihos,会社四季報オンライン,年初来高値を連日更新、上値余地高まる鉄道工事関連銘柄,https://news.yahoo.co.jp/articles/3614199fdbffa3ef81765c4c674a8a0746fc40eb,8/23(金) 12:02
shikihos,会社四季報オンライン,"""暴落直後""にこそ実行すべき「本当に強い株」を探す方法",https://news.yahoo.co.jp/articles/d560ce2745adeb2435a4febaba9c3c9adae0d980,8/23(金) 6:32
shikihos,会社四季報オンライン,"転勤や進学に強い味方、""引っ越しおまかせ""リオープン株",https://news.yahoo.co.jp/articles/dfbb0b88f976e68bd66cd4138a0c40dc3346ab36,8/22(木) 18:32
shikihos,会社四季報オンライン,DAIBOUCHOU氏が語る「成長投資枠で資産10倍を狙う」方法,https://news.yahoo.co.jp/articles/d717c3c216f7c0aaf709fecfb213024f857dde63,8/22(木) 7:02
shikihos,会社四季報オンライン,騰勢強め年初来高値を更新、「三役好転」示現の化学銘柄,https://news.yahoo.co.jp/articles/be40e70d06faa8c16a79b0d0073cb63b56ea0afd,8/21(水) 12:02
shikihos,会社四季報オンライン,株価大暴落で好機到来、今こそ「半導体銘柄」の仕込み場だ,https://news.yahoo.co.jp/articles/9455453c497086e9e12cc1cb8ee023d631afc513,8/20(火) 18:32
shikihos,会社四季報オンライン,激動相場でも強い、上昇期待大の高成長＆低PERの7銘柄,https://news.yahoo.co.jp/articles/86ff1e1b172ce3df4a88f47cdad0c5533abfe062,8/20(火) 7:02
shikihos,会社四季報オンライン,J1湘南・鈴木雄斗が自己研鑽の先で投資に目覚めたワケ,https://news.yahoo.co.jp/articles/a27a47d63d4673c10af7c468be5b076a7eaf1b07,8/20(火) 6:32
shikihos,会社四季報オンライン,短期・中期視点で売られすぎか、リバウンド期待の建設会社,https://news.yahoo.co.jp/articles/64255523713dbc743870cd92c9a0e5be03503428,8/19(月) 12:02
shikihos,会社四季報オンライン,"5連騰の日経平均、「戻りの勢い」は""本物""とみていいのか",https://news.yahoo.co.jp/articles/deaaabf27244272e56412506b89e27ff20cf54d0,8/18(日) 8:02
shikihos,会社四季報オンライン,「寄付額1兆円突破」で改めて問われるふるさと納税の意義,https://news.yahoo.co.jp/articles/fee3b0553abf7cd4c018667f49e64ae4b48bdd9a,8/18(日) 7:32
shikihos,会社四季報オンライン,近づく「認知症500万人時代」、活躍に期待の関連10銘柄,https://news.yahoo.co.jp/articles/9e8b72919f51d01dd34e9a4f96924157f5cbd69f,8/18(日) 7:02
shikihos,会社四季報オンライン,黒船以来の「アメリカ型技術覇権主義」は限界に来ている,https://news.yahoo.co.jp/articles/c6a6dbdefd37b68f2aa32bee2e120530578ca7ec,8/17(土) 18:32
shikihos,会社四季報オンライン,大暴落後の株価の行方は？データが語る次なる崩落の足音,https://news.yahoo.co.jp/articles/bc3d3ebf871d158d88cc8d44b3e8ead4699b699c,8/17(土) 8:02
shikihos,会社四季報オンライン,出直り基調が続く日本株市場で注目したい好業績3銘柄,https://news.yahoo.co.jp/articles/6c368cc7afc9229f7fc7bc3f5af99ad14b566a5b,8/17(土) 7:02
shikihos,会社四季報オンライン,電子決済大手ビザが「安定性」と「成長力」を両立できるワケ,https://news.yahoo.co.jp/articles/4a56f55a75968d37a7a14386fb349ca18d4ccdb5,8/16(金) 18:32
shikihos,会社四季報オンライン,「三役好転」の強気局面で需給改善、上昇基調のエンタメ株,https://news.yahoo.co.jp/articles/7aa18eacd716841405860162bdb49f5103df9aa6,8/16(金) 12:02
shikihos,会社四季報オンライン,経済のさまざまな場面で活用できる「金利感覚」を養おう,https://news.yahoo.co.jp/articles/82c3b42d1e8a49ce49d06ceb69b4cd970d240f3e,8/16(金) 11:32
shikihos,会社四季報オンライン,最高益更新のホンダ、巨額10兆円投資で描く次の成長戦略,https://news.yahoo.co.jp/articles/7215771b261663638bffb5f6e70ea08db37d3a40,8/16(金) 6:32
shikihos,会社四季報オンライン,"好業績で株価好発進、""スキマバイト""で超話題のIPO株",https://news.yahoo.co.jp/articles/514a09027ca256752ac4d0784497beea97f5f14e,8/15(木) 18:32
shikihos,会社四季報オンライン,「固定金利」と「変動金利」、今ならどちらを選ぶのが正解？,https://news.yahoo.co.jp/articles/9e64e92b26ac0e049b6efdbd4778b8c2b6559574,8/15(木) 11:32
shikihos,会社四季報オンライン,9月利下げの行方は？「株価暴落」で見えたFRBの大誤算,https://news.yahoo.co.jp/articles/48cee04ebc0157af3bae523447f4e47d90ba15aa,8/15(木) 6:32
shikihos,会社四季報オンライン,「逆金融相場」入り、今こそ注目のディフェンシブ5銘柄,https://news.yahoo.co.jp/articles/14c72da78be7b7e397714c46c8c422bc42888498,8/14(水) 18:32
shikihos,会社四季報オンライン,株価は年初来高値に接近、騰勢余地が大きい衣料EC銘柄,https://news.yahoo.co.jp/articles/10aa977a0f574c3e21295f9e4aa2df17d4f92544,8/14(水) 12:02
shikihos,会社四季報オンライン,政策金利とは何か？短期と長期、利上げと物価・為替の関係,https://news.yahoo.co.jp/articles/82efc92268693bc31663d75a061e9c74955e48dd,8/14(水) 11:32
shikihos,会社四季報オンライン,シン・ブラックマンデーから日本株が回復するのはいつか,https://news.yahoo.co.jp/articles/0744c832d5f6ec1a8b9f7b035b4918c43f70cf79,8/13(火) 18:32
shikihos,会社四季報オンライン,生成AIブームはもう終わり？大手IT決算から見えた答え,https://news.yahoo.co.jp/articles/9415f7cd404f853b3511ffafee5e4efe15e3b6a2,8/13(火) 12:02
shikihos,会社四季報オンライン,強みはアナログ情報、リゾートバイト人材派遣企業の勝算,https://news.yahoo.co.jp/articles/c76e4a315f1778765f5a6f34ec2c10b4ea3fbae1,8/13(火) 6:32
shikihos,会社四季報オンライン,日本株の「歴史的乱高下」終息を見定めるための2大サイン,https://news.yahoo.co.jp/articles/f46e1fa373bbd8c667bf46fe2fa0e20ea860384e,8/11(日) 8:02
shikihos,会社四季報オンライン,植田ショックでブラックマンデーから学ぶべき教訓とは？,https://news.yahoo.co.jp/articles/fe0419dab1fc1ea5f740f495f3b3c19137cf8c2e,8/11(日) 7:32
shikihos,会社四季報オンライン,AIやDX活用に欠かせない「リスキリング」関連の注目9銘柄,https://news.yahoo.co.jp/articles/a4ee185c3d7fbbe25aca3413603924abe9f811b7,8/11(日) 7:02
shikihos,会社四季報オンライン,"暴落相場で藤川さんが""試し買い""した安心感高めの内需株",https://news.yahoo.co.jp/articles/6f3eb24f8ee182cc391a86b5b3a45723ccd44ec8,8/10(土) 8:02
shikihos,会社四季報オンライン,"""日銀不安""で強気・弱気シナリオ交錯、今後のポイントは？",https://news.yahoo.co.jp/articles/8a4a5ef500866bb66815bea1914cf6344ca978ba,8/10(土) 7:32
shikihos,会社四季報オンライン,戻りを試す日本株市場で「株価復元力」に期待大の3銘柄,https://news.yahoo.co.jp/articles/340f1bc0b6bcd7f6587ebc67fb69e3cabca7906d,8/10(土) 7:02
shikihos,会社四季報オンライン,ネットフリックス、好決算でも株価の反応が鈍かったワケ,https://news.yahoo.co.jp/articles/e49cb533466bfafab8ad96aa83acdc217436c435,8/9(金) 18:32
shikihos,会社四季報オンライン,連日で年初来高値を更新、「中陽線」示現した衣類関連銘柄,https://news.yahoo.co.jp/articles/7bc228f935b400cc2ea71d1f017c4650022a8ab8,8/9(金) 12:02
shikihos,会社四季報オンライン,ガルブレイス氏「ついにアメリカの景気後退が始まった」,https://news.yahoo.co.jp/articles/098b97d55cbca5a84ae8b79248c7b08c5afa5a0e,8/9(金) 6:32
shikihos,会社四季報オンライン,株価の調整局面こそ狙いたい「ディフェンシブの王道」株,https://news.yahoo.co.jp/articles/32a22aa5e19808a147fa16a7c60ee96fffeb8b6d,8/8(木) 18:32
shikihos,会社四季報オンライン,"""億り人""が達した「暴落があるから株は儲かる」という境地",https://news.yahoo.co.jp/articles/6f50cb539f459476e58be6b2e5b0f0bbb1eea3c9,8/8(木) 7:02
shikihos,会社四季報オンライン,急落から早々に回復、上方向へ再動意期待の化学銘柄,https://news.yahoo.co.jp/articles/fff8721e2cefb710f8be6c10c86a6b6368472738,8/7(水) 12:02
shikihos,会社四季報オンライン,徹底検証 ! 急激な円高株安の今、S＆P500は売るべきか,https://news.yahoo.co.jp/articles/341d1249f441e9c41724cd9eacc14fde4a285bc8,8/6(火) 18:32
shikihos,会社四季報オンライン,「オーナー企業銘柄」への投資こそ長期リターンには最適だ,https://news.yahoo.co.jp/articles/7b9960d8cbd4f290862cbaddf9f1d9bf99a5eb7b,8/6(火) 12:02
shikihos,会社四季報オンライン,"「史上最大の日本株急落」から立ち直るための""3つの教訓""",https://news.yahoo.co.jp/articles/c453b189e5a8e8399a7ece1730ee6f84cd72a255,8/6(火) 7:32
shikihos,会社四季報オンライン,急落相場で「抵抗力」発揮、有力地方小売り・ドラッグ7銘柄,https://news.yahoo.co.jp/articles/33589e82b08f60db30e120f0d420eac5114cb0dd,8/6(火) 7:02
shikihos,会社四季報オンライン,押し一巡後に再び高値更新を目指す大手食品メーカー,https://news.yahoo.co.jp/articles/42731d20c40c67d0b0fb408b72943c4c93ff2339,8/5(月) 12:02
shikihos,会社四季報オンライン,トランプ人気は局所的？「もしハリ」の可能性が高そうだ,https://news.yahoo.co.jp/articles/10b18791a449b6f46cfcfd0024a1ddafd480ad41,8/4(日) 8:02
shikihos,会社四季報オンライン,睡眠不足は深刻な国民病、スリープテックに期待の13銘柄,https://news.yahoo.co.jp/articles/a150d1e1796105b23840a9e6411debb8d0fbfb12,8/4(日) 7:02
shikihos,会社四季報オンライン,日銀が年内に「再利上げ」する可能性が十分に出てきた,https://news.yahoo.co.jp/articles/a2342ee4ddc89fda15b2f3401000d826c0711c55,8/3(土) 8:02
shikihos,会社四季報オンライン,急落の日経平均、当面の調整相場は8月半ばまで続きそう,https://news.yahoo.co.jp/articles/7305c3f3f94463abc42c9d49929bebea1e2d9104,8/3(土) 7:32
shikihos,会社四季報オンライン,エネルギーインフラ大手キンダー・モルガンの「生きる道」,https://news.yahoo.co.jp/articles/8e11956579efac8627241f50b515c5dc2ef23c57,8/2(金) 18:32
shikihos,会社四季報オンライン,上値抵抗線を上方ブレーク、「中陽線」示現した飲食銘柄,https://news.yahoo.co.jp/articles/861e4443571c1001bba39e33842861925d9849f0,8/2(金) 12:02
shikihos,会社四季報オンライン,"インド事業の""再強化""に打って出る大紀アルミの勝算",https://news.yahoo.co.jp/articles/592f59b226f333dce79863132db8a59d768391ad,8/2(金) 6:32
shikihos,会社四季報オンライン,円高転換を受け選びたい「為替感応度の低い」内需関連株,https://news.yahoo.co.jp/articles/3dc4f47c3049d8131ccd9035277e6215d7c3124e,8/1(木) 18:32
shikihos,会社四季報オンライン,"""猛暑の夏""で消費にも変化、いま注目しておきたい7銘柄",https://news.yahoo.co.jp/articles/456800e8394f15d7673fa0341c0b3357b9f3b5ea,7/31(水) 18:32
shikihos,会社四季報オンライン,年初来高値を更新、中期波動も底放れの子育て関連銘柄,https://news.yahoo.co.jp/articles/09d98df7bb59a5aee13621c464c255afb8df14d9,7/31(水) 12:02
shikihos,会社四季報オンライン,新NISAに勝る起爆剤、政府が狙う年金マネー国内株流入策,https://news.yahoo.co.jp/articles/c2683c2a0011ac98bb0e69c92e595cff3b7c1190,7/31(水) 7:32
shikihos,会社四季報オンライン,三井住友トラストHDが見据える「金利ある世界」の稼ぎ方,https://news.yahoo.co.jp/articles/b8945e0877ad063393cab4bd6f6d0ac99eebdce7,7/31(水) 6:32
shikihos,会社四季報オンライン,急落した日本株が本格的に上昇するのはいつになるのか,https://news.yahoo.co.jp/articles/7b54c8089f98bf9cfe95f53591a67949b8192fe2,7/30(火) 12:02
shikihos,会社四季報オンライン,日銀利上げがあってもなくても買いたい「優良地銀5銘柄」,https://news.yahoo.co.jp/articles/e54a7b03464bfbd19f3637f3536721482d73d489,7/30(火) 7:02
shikihos,会社四季報オンライン,葬儀大手・燦HDが150億円投じてきずなHDをTOBする事情,https://news.yahoo.co.jp/articles/90ac18ebe1312e5b5f1225a3a615c225ffef512b,7/30(火) 6:32
shikihos,会社四季報オンライン,長期下落波動が一巡、株価上昇基調へ転換狙う小売銘柄,https://news.yahoo.co.jp/articles/16348b1a2b888fa263142b4f4c31ca390ddb5dce,7/29(月) 12:02
shikihos,会社四季報オンライン,グロース市場で時価総額首位、リテールテックの異色企業,https://news.yahoo.co.jp/articles/c66c26fcbf01637f41c4bbfa419be781d130530c,7/29(月) 6:32
shikihos,会社四季報オンライン,もし株価が暴落したら「暴落上等」と言えるよう準備しよう,https://news.yahoo.co.jp/articles/196ce3b07dcd44f4a1f546cacea43b233425edcb,7/28(日) 8:02
shikihos,会社四季報オンライン,"""新千円札の顔""北里柴三郎から学ぶべきベンチャー精神",https://news.yahoo.co.jp/articles/b0bf3f3c199755b2b6185ccc61e72c5ee25c2d88,7/28(日) 7:32
shikihos,会社四季報オンライン,大きく様変わりするインバウンド消費、大注目の18銘柄,https://news.yahoo.co.jp/articles/e7efaba779f4a1c9c75e91d99b9c00f5f3d851e4,7/28(日) 7:02
shikihos,会社四季報オンライン,誰が大統領になっても、いずれ今のドル高は是正される,https://news.yahoo.co.jp/articles/0848a5ffc65b4a42a16d9bc9b81c81e420076454,7/27(土) 18:32
shikihos,会社四季報オンライン,"オリンピック開幕の今こそ注目したい小型""出遅れ株""",https://news.yahoo.co.jp/articles/3171237311eed7e8ab2670af68a6d295e504d83d,7/27(土) 8:02
shikihos,会社四季報オンライン,迫る日銀の政策決定会合は1回目のエントリーチャンスか,https://news.yahoo.co.jp/articles/a7045b263cae195abd1665ce41f60bbab11d726d,7/27(土) 7:32
shikihos,会社四季報オンライン,8営業日続落後の日本株相場で「反発気配」が漂う3銘柄,https://news.yahoo.co.jp/articles/9c4c1302191d459cae3d6b504973faa96c571f5f,7/27(土) 7:02
shikihos,会社四季報オンライン,アメリカで進む激安競争、TemuやSHEINにアマゾンも対抗,https://news.yahoo.co.jp/articles/da066f04c8f090b225def2b1ee598bc201125345,7/26(金) 18:32
shikihos,会社四季報オンライン,年初来高値を更新、上昇トレンド入りしたネット通販銘柄,https://news.yahoo.co.jp/articles/9d3af4e6bf2d75439ff24ccaf9d515198e6ab85b,7/26(金) 12:02
shikihos,会社四季報オンライン,電動アシスト車人気で業績堅調、高値更新のサイクル店株,https://news.yahoo.co.jp/articles/dfbb24eba11cc1a9f76bdbbd834c8e04d4a14dbe,7/25(木) 18:32
shikihos,会社四季報オンライン,億り人が語る、今こそ「中小型グロース株」を仕込むべき理由,https://news.yahoo.co.jp/articles/e0c6d5c2cbdfb51167ea40ebb9675924a85b412a,7/25(木) 7:02
shikihos,会社四季報オンライン,年初来高値更新、強いモメンタム続くマンション開発,https://news.yahoo.co.jp/articles/40f914a82c995eca8cb72f5d274bbddabadd1f2e,7/24(水) 12:02
shikihos,会社四季報オンライン,"""億り人""が教える「全体相場が大幅に下落した時」の対処法",https://news.yahoo.co.jp/articles/890f7656428b5004b1d59ed5fe8e2b31c792a9ab,7/24(水) 7:32
shikihos,会社四季報オンライン,障害者就労支援、地域格差にビジネスチャンスがある理由,https://news.yahoo.co.jp/articles/c69011bcbbe9f51bb29add6b3f1e46e6b0b9ec1c,7/24(水) 6:32
shikihos,会社四季報オンライン,Jリーグが「移籍金ビジネス」で世界に後れを取る根本原因,https://news.yahoo.co.jp/articles/567e0894a91f9760f0c027a2aa2a54ff55b60484,7/23(火) 12:02
shikihos,会社四季報オンライン,成長力だけでなく利益率も高い ! 「テンバガー候補」5銘柄,https://news.yahoo.co.jp/articles/d117db4b90b5a0913bcbebd1085d3c9e52beba6c,7/23(火) 7:02
shikihos,会社四季報オンライン,半導体株の急落で大損した人に知ってほしい2つの注意点,https://news.yahoo.co.jp/articles/d0e37285f9b55417a062d9c722b38392d3486e60,7/23(火) 6:32
shikihos,会社四季報オンライン,悪材料は織り込み済み、年初来高値で先高期待の外食大手,https://news.yahoo.co.jp/articles/e8c0cab6e4eefe8bca2f2151241e8a4e6a24d890,7/22(月) 12:02
shikihos,会社四季報オンライン,住宅ローンの仲介「モゲチェック」は日本に根付くか,https://news.yahoo.co.jp/articles/36bf12e82d8300ca4cb0f545f2c89a30db0ac163,7/22(月) 6:32
shikihos,会社四季報オンライン,7月の上げ幅が帳消しに、日経平均に「上がり目」はあるか,https://news.yahoo.co.jp/articles/c1c617dfb634d853dd5c136fdbc392667067bb5d,7/21(日) 8:02
shikihos,会社四季報オンライン,「確率論的テロ」が横行？問われるアメリカ政治の病根,https://news.yahoo.co.jp/articles/87789f8e76525881918eb7979e8877c5f5436924,7/21(日) 7:32
shikihos,会社四季報オンライン,ついに始動、都内最大規模「築地」再開発関連の有望16銘柄,https://news.yahoo.co.jp/articles/69fe378823db909e591b19a0689db627e01f8fda,7/21(日) 7:02
shikihos,会社四季報オンライン,「ほぼトラ」からみる今後の日米株式市場での勝算は？,https://news.yahoo.co.jp/articles/863559c017aa52e420a4e5f69db4704a1f8c0174,7/20(土) 8:02
shikihos,会社四季報オンライン,"日経平均は""夏休み""、注目は「""ほぼトラ""で上がった株」",https://news.yahoo.co.jp/articles/d3413fa0e7a4f7172ff99b3767daf1d8fe716308,7/20(土) 7:32
shikihos,会社四季報オンライン,値固め展開の日本株市場で「いま狙うなら」の好調3銘柄,https://news.yahoo.co.jp/articles/d2a5001fc7f63e65ad3e06d1b1ca59bbf785e75f,7/20(土) 7:02
shikihos,会社四季報オンライン,半導体製造のブロードコムがエヌビディアに負けないワケ,https://news.yahoo.co.jp/articles/8e59c05eb06b1b7dd797b02a1fe22ed1de9bfcdb,7/19(金) 18:32
shikihos,会社四季報オンライン,4日連続で年初来高値更新、「中陽線」示現の菓子株に商機,https://news.yahoo.co.jp/articles/073c376531c14748ad37aa0936bde397deb93a0d,7/19(金) 12:02
shikihos,会社四季報オンライン,フルハシEPOがバイオマス燃料を「安定供給」できる理由,https://news.yahoo.co.jp/articles/5927b62f534e398e6371d1f582e3f6d8a075fb8d,7/19(金) 6:32
shikihos,会社四季報オンライン,お絵かきアプリが海外で大人気、高値更新のアニメ関連株,https://news.yahoo.co.jp/articles/42bd1120a3574345c8cb16129325eab71a80e73c,7/18(木) 18:32
shikihos,会社四季報オンライン,"「セカスト」のゲオHDが""平気で減益予想する""納得の理由",https://news.yahoo.co.jp/articles/fe0234d6f8acc47ce5050b052106f81a5fd1f610,7/18(木) 6:32
shikihos,会社四季報オンライン,日銀利上げがチャンスに？円高メリットで期待の6銘柄,https://news.yahoo.co.jp/articles/6df057c6bac7d69e9dafb764edf2418091210346,7/17(水) 18:32
shikihos,会社四季報オンライン,年初来高値を更新、中期上昇相場入りの音響関連メーカー,https://news.yahoo.co.jp/articles/f6d85c05dd664ac5a99b593dec2318f08f0f8624,7/17(水) 12:02
shikihos,会社四季報オンライン,ペプチドリームR＆Dトップが語る放射性医薬品の有望性,https://news.yahoo.co.jp/articles/a8bc6186b2b17e1f82974d48682c2b5e506680e2,7/17(水) 6:32
shikihos,会社四季報オンライン,2024年夏相場が「アツいラリー」となりそうな4つの要因,https://news.yahoo.co.jp/articles/092f8a7b64b092e2982b311ad85f8008f3fd9a32,7/16(火) 18:32
shikihos,会社四季報オンライン,「いいとこ取り」しすぎた日本株の反動安に注意が必要だ,https://news.yahoo.co.jp/articles/40225bc50ff4f7d5106e136f711832d2fd928032,7/16(火) 12:02
shikihos,会社四季報オンライン,好調だったアメリカ経済に景気後退への変調が見え始めた,https://news.yahoo.co.jp/articles/dd472aba37bcf78be6717565b2a65f6380e067d1,7/16(火) 7:32
shikihos,会社四季報オンライン,海の日で注目、「海洋資源開発」関連で飛躍に期待の6銘柄,https://news.yahoo.co.jp/articles/09db80b606341a4af5f3184eb95cb589912e6978,7/16(火) 7:02
shikihos,会社四季報オンライン,再生医療に不可欠な「培地」を供給、成長必至のIPO企業,https://news.yahoo.co.jp/articles/6c6620b3967843cf1fdc4df2604434895bd92a3b,7/16(火) 6:32
shikihos,会社四季報オンライン,"""負けない投資家""が「四季報勉強会」に集まる3つの利点",https://news.yahoo.co.jp/articles/13229760a8ce047b903a5ca982ea13b53006567a,7/15(月) 7:32
shikihos,会社四季報オンライン,またも激震、「ポイント禁止」でふるさと納税はどうなる？,https://news.yahoo.co.jp/articles/2298e4e59815c0d1a6a7b362dabc5e96b5048e64,7/14(日) 18:32
shikihos,会社四季報オンライン,1000円超の急落、日経平均は下落トレンドに転換したのか,https://news.yahoo.co.jp/articles/d289f9184254df6116e56fc91a741c7a5a64e8bf,7/14(日) 8:02
shikihos,会社四季報オンライン,曲がる「ペロブスカイト太陽電池」、躍進期待の関連12銘柄,https://news.yahoo.co.jp/articles/0dbc7210d885e461a597e3ddb1af3be523bcd576,7/14(日) 7:02
shikihos,会社四季報オンライン,まだまだ上値の余地あり、藤川さんが期待寄せる成長銘柄,https://news.yahoo.co.jp/articles/d8aa581c5377d65aaac3e0dffe0bbd9903ee1ba9,7/13(土) 8:02
shikihos,会社四季報オンライン,波乱含みの日本株市場で「買い安心感」が際立つ好調3銘柄,https://news.yahoo.co.jp/articles/2afa2b6c53ae73197d57dc24548ec25517ac80f4,7/13(土) 7:02
shikihos,会社四季報オンライン,"大統領選""バイデン失速""でハイテク企業はどちらへ動く？",https://news.yahoo.co.jp/articles/483ea5ca2de1d2a6f2a42c4f5ae8b6e879323f45,7/12(金) 18:32
shikihos,会社四季報オンライン,ジリ高基調の電子部品銘柄、長期視点で買いサイン点灯へ,https://news.yahoo.co.jp/articles/6390bd66e4a15dfd3b45d605dde4cd4e06564b11,7/12(金) 12:02
shikihos,会社四季報オンライン,1Q決算前に活用したい「生きのいい企業」を選別する方法,https://news.yahoo.co.jp/articles/a5c181546de9058a044c26d684f82b12b63b1ca0,7/12(金) 7:32
shikihos,会社四季報オンライン,営業現場の電話トラブル激減、エンジニア社長の成長戦略,https://news.yahoo.co.jp/articles/e0e4d47387ecbee9065201129bbda5036b9b455b,7/12(金) 6:32
shikihos,会社四季報オンライン,AIやロボットで開発支援、高配当利回りで注目のIPO株,https://news.yahoo.co.jp/articles/d1db3fc2bfe326daf99062c259fcd20f3370f0f0,7/11(木) 18:32
shikihos,会社四季報オンライン,7月中旬以降狙いたい「株主還元強化」5銘柄と「国策」3銘柄,https://news.yahoo.co.jp/articles/993e52fdca6817cb085de5f989f146548965d93c,7/11(木) 7:02
shikihos,会社四季報オンライン,大型提携後も「まだ成長する」、ペプチドリーム自信の背景,https://news.yahoo.co.jp/articles/6335232ce7d696d5770b0fa4b781cca80df96a4d,7/11(木) 6:32
shikihos,会社四季報オンライン,保ち合いから上放れへ、先高期待十分の機能樹脂メーカー,https://news.yahoo.co.jp/articles/af55d7ebc9ab6585c65368e9b64f54145e7a3d53,7/10(水) 12:02
shikihos,会社四季報オンライン,創薬の雄ぺプチドリーム復活、放射性医薬品が「金鉱脈」に,https://news.yahoo.co.jp/articles/8aa11591267dc8fec5dac8e480e88a19cd6ed99f,7/10(水) 6:32
shikihos,会社四季報オンライン,ウーバーの配達員こそがインフレに歯止めを掛けている,https://news.yahoo.co.jp/articles/f32468e6eb65aa6838c7087070560b2501b3ed4b,7/9(火) 6:32
shikihos,会社四季報オンライン,耐火物中堅メーカーが保ち合い放れ、上値余地を探る展開,https://news.yahoo.co.jp/articles/b338b2912888f197e3e70d4fe8f94d97f6738239,7/8(月) 12:02
shikihos,会社四季報オンライン,"エネチェンジ会計問題、問われる""あずさ監査法人の責任""",https://news.yahoo.co.jp/articles/9bfd12510dd6201683b4570e302dbed76117e084,7/8(月) 6:32
shikihos,会社四季報オンライン,4万円台回復の日経平均が「一段高」に向かうための条件,https://news.yahoo.co.jp/articles/6b8aa082dcf37a50544bfe698c20e51a4976677e,7/7(日) 8:02
shikihos,会社四季報オンライン,"""脱炭素の本命""が大きく前進、「水素ビジネス」関連16銘柄",https://news.yahoo.co.jp/articles/985f9a063b540dff305e4f5fcc8bac1ebe93f218,7/7(日) 7:02
shikihos,会社四季報オンライン,テクノリバタリアンはいかにして政府と恋に落ちたか,https://news.yahoo.co.jp/articles/f5aecaaa00d677555c7aa5171b503ba9b3da40da,7/7(日) 6:32
shikihos,会社四季報オンライン,"日米""半導体興亡""の歴史から探る「日本復活」へのカギ",https://news.yahoo.co.jp/articles/5c48cbcc0883e2c34f979af55d827ace7af42f80,7/6(土) 18:32
shikihos,会社四季報オンライン,トランプ・トレードに潜む「金利上昇」という際どいリスク,https://news.yahoo.co.jp/articles/98767e57175b17c44afdd13db132424d1034a6a2,7/6(土) 8:02
shikihos,会社四季報オンライン,"日経平均に待ち受ける「夏バテ相場」、NYダウとは""逆相関""",https://news.yahoo.co.jp/articles/b423c9684ea6a589dc65ff74eec68043c554a38f,7/6(土) 7:02
shikihos,会社四季報オンライン,高値モミ合い想定の日本株相場で上伸余地ある好調3銘柄,https://news.yahoo.co.jp/articles/f2fb895b4816e3fc99c93073353033f7f245c6ca,7/5(金) 19:02
shikihos,会社四季報オンライン,建機レンタルで米国首位、ユナイテッド・レンタルズの強み,https://news.yahoo.co.jp/articles/e6be405ac046b44200860248f2f32f1f937470c4,7/5(金) 18:32
shikihos,会社四季報オンライン,戻り高値を更新、強気サインが点灯した総合化学メーカー,https://news.yahoo.co.jp/articles/199279a22a433f3c8539c771441ba6088c9cefde,7/5(金) 12:02
shikihos,会社四季報オンライン,主力の製造業派遣好調、連続最高益の人材サービス注目株,https://news.yahoo.co.jp/articles/c4e9566477b951f1d16518fb9181615865ce86a8,7/4(木) 18:32
shikihos,会社四季報オンライン,騰勢を強めるゲーム開発大手、年初来高値更新は射程内,https://news.yahoo.co.jp/articles/db9b0214d390ac2aca4fcd67c89b2e4fc587ff16,7/3(水) 12:02
shikihos,会社四季報オンライン,エヌビディアと主要企業の今から見えた半導体最前線,https://news.yahoo.co.jp/articles/2d2ea7364e7211636b4782f19dc9348641a2c675,7/2(火) 18:32
shikihos,会社四季報オンライン,7月以降、日本株が本格的に上昇するのはいつになるのか,https://news.yahoo.co.jp/articles/49f379718b43e11e0d5f18c4a153bdbd4fad4772,7/2(火) 12:02
shikihos,会社四季報オンライン,人材派遣のコプロ、2024年問題の需要増を取り込む秘訣,https://news.yahoo.co.jp/articles/85c53b0ddaa2ad4ef5f6c190aed9adeba2034292,7/2(火) 6:32
shikihos,会社四季報オンライン,電子機器中堅に再動意サイン、自律反発から3割高も視野,https://news.yahoo.co.jp/articles/0d6b8d722ec7016260587c1a24c7d4d98726d4b0,7/1(月) 12:02
shikihos,会社四季報オンライン,ついに上放れした日経平均、「4万円台回復」シナリオを探る,https://news.yahoo.co.jp/articles/53461fe88c8fcf2131e4599cb983545bf414eb1c,6/30(日) 8:02
shikihos,会社四季報オンライン,金メダル10個以上なら株価上昇？「パリ五輪」関連17銘柄,https://news.yahoo.co.jp/articles/1d94ac47230f5fed6628ea13e27b25670256ff53,6/30(日) 7:02
shikihos,会社四季報オンライン,"グダグダ相場は個別物色の好機、藤川さん発掘の""お宝株""",https://news.yahoo.co.jp/articles/3543e16bd178ec4cfa5fdacb603637f84fc63b3e,6/29(土) 8:02
shikihos,会社四季報オンライン,「天神底」警戒の7月相場で買い安心感ある増配予想3銘柄,https://news.yahoo.co.jp/articles/ad0ea97bf11f6f5553e0de3d2494b39dc815b18b,6/29(土) 7:02
shikihos,会社四季報オンライン,"ハイテクの街サンフランシスコに起きている""深刻な事態""",https://news.yahoo.co.jp/articles/3845a67d361fd3497a0e0fdbf7a70ef77b4da660,6/28(金) 18:32
shikihos,会社四季報オンライン,車載機器大手が保ち合い煮詰まり、上放れにつながる公算,https://news.yahoo.co.jp/articles/a9956525d98ccf37d0051ab5574b6db1a9114906,6/28(金) 12:13
shikihos,会社四季報オンライン,"中古車情報「グーネット」のプロト、""次の成長""への青写真",https://news.yahoo.co.jp/articles/c045931c3c2e10525fd0957c60ddf44e5684f635,6/28(金) 6:32
shikihos,会社四季報オンライン,自動運転への活用で期待、市場が注目「人工知覚」関連株,https://news.yahoo.co.jp/articles/0f39136653d278e9decae04975ed349a1914dd7d,6/27(木) 18:32
shikihos,会社四季報オンライン,四季報夏号で必見、「外国人持株比率ランキング」の活用法,https://news.yahoo.co.jp/articles/2d83d79575d96b02626ca9d25933fdc3a2ce5029,6/27(木) 7:02
shikihos,会社四季報オンライン,やっぱり割安放置の中小型株が今後上昇するかもしれない,https://news.yahoo.co.jp/articles/beb74cbd1521fd0e78d8535bae9b704628babd15,6/26(水) 18:32
shikihos,会社四季報オンライン,上場来高値更新に再チャレンジ、仕込み場の建設機械大手,https://news.yahoo.co.jp/articles/bf616af81059756e5027b86c318c32fff5434c31,6/26(水) 12:02
shikihos,会社四季報オンライン,ZOZOと提携、Z世代向け「アパレル最年少上場社長」の野望,https://news.yahoo.co.jp/articles/9e96575b2ed6430454d0302f2d22dba0c17ec4a5,6/26(水) 6:32
shikihos,会社四季報オンライン,1ドル160円はただの通過点、円安が当面続く決定的な理由,https://news.yahoo.co.jp/articles/4add28a9358c7917a12bf6ac2433f467121f2bc4,6/25(火) 18:32
shikihos,会社四季報オンライン,利下げ開始は9月からか、整い始めたアメリカの緩和条件,https://news.yahoo.co.jp/articles/9821f6727575b5797fee1dc4d3dfc79e4e59bae2,6/25(火) 7:32
shikihos,会社四季報オンライン,サンバイオの脳細胞薬、「承認だが販売不可」の不可思議,https://news.yahoo.co.jp/articles/789d0fba91410e6ab6b19c193e55fe75bcf80f2d,6/25(火) 6:32
shikihos,会社四季報オンライン,ベルト製造大手の株価が堅調、高値更新は順張り姿勢か,https://news.yahoo.co.jp/articles/5877729a97211260df9edbcf561c36bf48bbb1e8,6/24(月) 12:02
shikihos,会社四季報オンライン,慶大発ケイファーマが進めるiPS細胞による創薬への挑戦,https://news.yahoo.co.jp/articles/ffe4463a76194f71dd55b18ab366ebd416067cec,6/24(月) 6:32
shikihos,会社四季報オンライン,日経平均の先行きに暗雲、下降基調入り回避の見極め3条件,https://news.yahoo.co.jp/articles/8a76fb83dd682e496ffe3f5382799b6d26313bfc,6/23(日) 8:02
shikihos,会社四季報オンライン,脱リチウムの大本命「ナトリウムイオン電池」関連10銘柄,https://news.yahoo.co.jp/articles/194b1f4246464030de0b9d0c2832e867da30bdab,6/23(日) 7:02
shikihos,会社四季報オンライン,大胆予測、トランプ復活でアメリカの経済政策はこうなる,https://news.yahoo.co.jp/articles/6c23b2b09632a09c2a258eed675ca998afb4b804,6/22(土) 8:02
shikihos,会社四季報オンライン,"日経平均に暗雲？絶好調エヌビディア株に見える""過熱""",https://news.yahoo.co.jp/articles/e850fd9c5e8d28a59d2502d575df037f3f52a566,6/22(土) 7:32
shikihos,会社四季報オンライン,停滞が長引く日本株相場で要注目の好調4月期決算3銘柄,https://news.yahoo.co.jp/articles/158d7b8914e80e312081be409709670ddace49d0,6/22(土) 7:02
shikihos,会社四季報オンライン,"画像認識「マシンビジョン」のコグネックスが狙う""新次元""",https://news.yahoo.co.jp/articles/c403a8b18538786853caa459d2a512088fe1f59f,6/21(金) 18:32
shikihos,会社四季報オンライン,新高値の石油・ガス卸が今度こそ「青天井」の上値追いへ,https://news.yahoo.co.jp/articles/a387bfef65fc2266bcdb924d02d83f29aa4bdc81,6/21(金) 12:02
shikihos,会社四季報オンライン,SNS発信で若者人気向上、新消費スタイルが追い風の銘柄,https://news.yahoo.co.jp/articles/9cb86e9a212007f44186f0d382d586cde582e36c,6/20(木) 18:32
shikihos,会社四季報オンライン,出来高増が騰勢強める好循環、上値余地大のEV関連銘柄,https://news.yahoo.co.jp/articles/04bcb2cf8692c850f0059e9a8275c47cddd37f38,6/19(水) 12:02
shikihos,会社四季報オンライン,「割安放置株」の汚名返上へ、SEMITECが掲げる還元方針,https://news.yahoo.co.jp/articles/dca3b67c735ae64d54e80cd1bacc3dc49cd2d4f5,6/19(水) 6:43
shikihos,会社四季報オンライン,「東証グロース市場」は底入れをしたとみていいのだろうか,https://news.yahoo.co.jp/articles/18a6510a3a9b39e6e6825389fae7e33b93680be3,6/18(火) 12:02
shikihos,会社四季報オンライン,金属大手に買いサイン点灯、二段上げ目の騰勢が始まるか,https://news.yahoo.co.jp/articles/854335bdc9a8360af2cb60e29f7935e0f13caee4,6/17(月) 12:02
shikihos,会社四季報オンライン,日銀会合通過でも動意薄の日本株、値動き復活の条件は？,https://news.yahoo.co.jp/articles/d38df3c9aa5fe4d27217bbba3b1c74dd44da3cd3,6/16(日) 8:02
shikihos,会社四季報オンライン,"""水問題解決""のカギを握る「海水の淡水化」関連の10銘柄",https://news.yahoo.co.jp/articles/8246f27ce1f28017ea63a1ed5e7c867b101c4d87,6/16(日) 7:02
shikihos,会社四季報オンライン,消費者からそっぽ向かれても「黒字化」達成の医薬品銘柄,https://news.yahoo.co.jp/articles/74810f4899a4de4495ea47e2756a52ca71061541,6/15(土) 8:02
shikihos,会社四季報オンライン,膠着続く日本株相場で上値追いに期待したい好業績3銘柄,https://news.yahoo.co.jp/articles/a5fb99fce4fefc0347857491e3226cdc2a036f03,6/15(土) 7:02
shikihos,会社四季報オンライン,生成AIブームの光と影、意外だったセールスフォース決算,https://news.yahoo.co.jp/articles/1bcfd692331bbd0084ab274d2a0ea9af3fab9b32,6/14(金) 18:32
shikihos,会社四季報オンライン,年初来高値の半導体大手に先高観、過熱感なく上値追いへ,https://news.yahoo.co.jp/articles/0256bb15bc7954783b2f8d2505abe5195565f87a,6/14(金) 12:02
shikihos,会社四季報オンライン,「安くてなんでもそろう」で業績急拡大の生活防衛関連銘柄,https://news.yahoo.co.jp/articles/c52cf05f824e2ea387bdf90e89df89a93ef3e6e0,6/13(木) 18:32
shikihos,会社四季報オンライン,四季報で必ずチェックしたい「巻頭ページ」で気づくこと,https://news.yahoo.co.jp/articles/29702f41f3e9d8a1288ee2e5b928e72984ac1ad5,6/13(木) 7:02
shikihos,会社四季報オンライン,ケネス・ロゴフ教授「インフレ率の再上昇を警戒せよ」,https://news.yahoo.co.jp/articles/8b9c2dc32933434ca895aa0dd252a58569835591,6/13(木) 6:32
shikihos,会社四季報オンライン,「人的投資が増えれば日経平均も上昇する」と言えるワケ,https://news.yahoo.co.jp/articles/2068f778e2f101550fb724c8d7aa351c53e45477,6/12(水) 18:32
shikihos,会社四季報オンライン,「押し目買い」のチャンス到来、要注目の合成繊維大手株,https://news.yahoo.co.jp/articles/2aa5da510cfb9c612ad8e4a74f25d896f860b38a,6/12(水) 12:02
shikihos,会社四季報オンライン,止まらない「NTTの株価下落」、ホルダーはどう動くべきか,https://news.yahoo.co.jp/articles/6c41f5c961712b857ec08a7d30e50f409001b889,6/12(水) 7:02
shikihos,会社四季報オンライン,機械メーカーが保ち合いから下値切り上げ、反転上昇へ,https://news.yahoo.co.jp/articles/cddc60987f19a97fe4770ca8afe54bd987e4bc22,6/10(月) 12:02
shikihos,会社四季報オンライン,10日寄り付き直後の日本株は反発、堅調な米国景気を好感,https://news.yahoo.co.jp/articles/73611022ca271f382e8c9b989c8aedcc5f385fcb,6/10(月) 9:41
shikihos,会社四季報オンライン,"日経平均に""動き""が復活？方向感を探る「3つのヒント」",https://news.yahoo.co.jp/articles/39b352afc57db49eb599150cc8ef43b4e22f538f,6/9(日) 8:02
shikihos,会社四季報オンライン,"ダロン・アセモグル教授「AIの""誇大広告""を信じるな」",https://news.yahoo.co.jp/articles/0fd949d2fae268727a21ad84f2f6d458398a6412,6/8(土) 18:32
shikihos,会社四季報オンライン,円売りに十分な根拠、日銀利上げも円安傾向は変わらない,https://news.yahoo.co.jp/articles/d2227bab70c6a1085736278d77fafce41763c4c5,6/8(土) 8:02
shikihos,会社四季報オンライン,都知事選で再注目、東京23区にふるさと納税という選択肢,https://news.yahoo.co.jp/articles/1c8029849671f12c8dd0ca4a58d5d8032a56f4b8,6/8(土) 7:32
shikihos,会社四季報オンライン,動き始めた「船の脱炭素化」、次世代燃料で注目の11銘柄,https://news.yahoo.co.jp/articles/63ac841300d1291838380d011d6072e042470001,6/8(土) 7:02
shikihos,会社四季報オンライン,波乱含みの相場で注目、6月中間配が高利回りの好調3銘柄,https://news.yahoo.co.jp/articles/0acd05f68d0744eeee75023089e5bd6dd86bbb0d,6/7(金) 19:02
shikihos,会社四季報オンライン,太陽光発電のファースト・ソーラーが中国勢に勝てるワケ,https://news.yahoo.co.jp/articles/ccb6b33daaa688c7f93c225ac26d17bb9f32f094,6/7(金) 18:32
shikihos,会社四季報オンライン,半導体関連株が新高値後、「教科書どおり」の押し目を形成,https://news.yahoo.co.jp/articles/e893e5e635637b86eb371f0a80a922067f3ab38a,6/7(金) 12:02
shikihos,会社四季報オンライン,期待先行？ながらやはり注目度高い宇宙ベンチャーIPO株,https://news.yahoo.co.jp/articles/d3fbbd47dd1c1162042ee0218575a96a6e37bb32,6/6(木) 18:32
shikihos,会社四季報オンライン,大黒柱をより太く、TDKが踏み出す「二次電池」の大勝負,https://news.yahoo.co.jp/articles/63bd97e615a44b890ded2ed246ef1c61992880fe,6/6(木) 6:32
shikihos,会社四季報オンライン,一段高は時間の問題、上値余地の大きい準大手ゼネコン,https://news.yahoo.co.jp/articles/c7c990a3a5ed09d352bcc68d4ce0712d2746af44,6/5(水) 12:02
shikihos,会社四季報オンライン,「今こそ売り」日本株強気派が100％弱気に転じた深いワケ,https://news.yahoo.co.jp/articles/ce730a3b711fbce823f19513c3fd7a21bc770f0d,6/4(火) 18:32
shikihos,会社四季報オンライン,6月以降の日経平均の上値を重くする「政治リスク」とは？,https://news.yahoo.co.jp/articles/c15f4bd6ab39d03d011c4b7713afd897e31c7d34,6/4(火) 12:02
shikihos,会社四季報オンライン,自動車部品会社に「買いサイン」点灯、保ち合い上放れへ,https://news.yahoo.co.jp/articles/2bde550107868e810673ccf68791c8a29561d817,6/3(月) 12:02
shikihos,会社四季報オンライン,主力事業が変貌、コマツの今期業績が上振れそうなワケ,https://news.yahoo.co.jp/articles/be3aa98d8f9104a9d33eecfd16516580171edf28,6/3(月) 6:32
shikihos,会社四季報オンライン,"値動きは""復活""するのか、「6月相場」を先読みするヒント",https://news.yahoo.co.jp/articles/f98066a8527189ec28c66f575933fce206174f27,6/2(日) 8:02
shikihos,会社四季報オンライン,"「ダウ平均4万ドル乗せ」は""新たな産業革命""到来の予兆か",https://news.yahoo.co.jp/articles/a9c98af1166985bf0e859e4e07bb127191f9eaf1,6/2(日) 7:32
shikihos,会社四季報オンライン,衰退する漁業の救世主となるか、「陸上養殖」関連9銘柄,https://news.yahoo.co.jp/articles/81e2d2610707662cce9977ddbde3ff27d7fc5577,6/2(日) 7:02
shikihos,会社四季報オンライン,"パリ五輪控え""年初来高値更新""で期待高まるスポーツ銘柄",https://news.yahoo.co.jp/articles/ebcebc075da0d8fcdbe6f75bb33a7ef01ce7ba90,6/1(土) 8:02
shikihos,会社四季報オンライン,"""雇用統計待ち""の株式市場、狙うなら割安＆好調の3銘柄",https://news.yahoo.co.jp/articles/026c315963188a3bed8986c4ced2e939a891cca9,6/1(土) 7:02
shikihos,会社四季報オンライン,アメリカIT大手4社がこぞって生成AIにのめり込む事情,https://news.yahoo.co.jp/articles/335f044fa44a3f60dc8420bffa742191b2d5ffb3,5/31(金) 18:32
shikihos,会社四季報オンライン,強気相場が進展中のレンズメーカーが「七陽連」で一段高へ,https://news.yahoo.co.jp/articles/2f2227f25dc51f475e93aec28bae0654dcb0d41b,5/31(金) 12:02
shikihos,会社四季報オンライン,いまや削れない費用筆頭に、狙いたい「DX投資支援」注目株,https://news.yahoo.co.jp/articles/40c69e79f9f2fba726fa88ebb91138b8989fbdca,5/30(木) 18:32
shikihos,会社四季報オンライン,個人投資家が集まる「オフライン勉強会」で得られるもの,https://news.yahoo.co.jp/articles/4cfb6340526dd0f45c8e42a95ba0f29823893780,5/30(木) 7:02
shikihos,会社四季報オンライン,中古カメラに強いリユース銘柄、上値抵抗線突破が射程圏,https://news.yahoo.co.jp/articles/75f5513932d459c0971fa1c9dcd32a702cec2781,5/29(水) 12:02
shikihos,会社四季報オンライン,"難解な「二極化相場」で実践してみたい""負けない投資手法""",https://news.yahoo.co.jp/articles/b8d065db24e5845f837e13d902b9784919af5306,5/28(火) 6:32
shikihos,会社四季報オンライン,物流システムメーカーが大幅安、中期目線で買い場到来か,https://news.yahoo.co.jp/articles/e99488159b87c1dff215e2f745e9f48e69e6af00,5/27(月) 12:02
shikihos,会社四季報オンライン,値下がり銘柄の「逆張り投資」で注意すべき2つのポイント,https://news.yahoo.co.jp/articles/cea2c4ccd406994c80bbca6f58c69f6091c0a963,5/27(月) 6:32
shikihos,会社四季報オンライン,"「往って来い」が続く日経平均に""動き""が出る兆候とは何か",https://news.yahoo.co.jp/articles/42937665d645f58ba44adb64184d53ac582a6dda,5/26(日) 8:02
shikihos,会社四季報オンライン,"光熱費の高騰で""住宅の省エネ""に関心高まる、関連17銘柄",https://news.yahoo.co.jp/articles/644472364b33f1697737012a46f42aa1afdb68bf,5/26(日) 7:02
shikihos,会社四季報オンライン,市場の期待とは裏腹にFRBは利下げできないかもしれない,https://news.yahoo.co.jp/articles/ffed693a42b19e0608055846412ec5b118251c96,5/25(土) 8:02
shikihos,会社四季報オンライン,手がかり難の日本株市場でそろそろ出番到来の好調3銘柄,https://news.yahoo.co.jp/articles/1667aca9a10d55b93a1609e74f068c155c32f300,5/25(土) 7:02
shikihos,会社四季報オンライン,"""電力インフラの雄""クアンタ、年足陽線6年目と好調のワケ",https://news.yahoo.co.jp/articles/a3871911d575871c7e14d152fe4366f2f07828b7,5/24(金) 18:32
shikihos,会社四季報オンライン,世界的ゲームメーカーが需給好転、「新高値」目指す展開に,https://news.yahoo.co.jp/articles/03c0282fc5457450a5cb191e04e1069d14c91ee0,5/24(金) 12:02
shikihos,会社四季報オンライン,Uberの「ギグ労働者搾取モデル」を合法化してはならない,https://news.yahoo.co.jp/articles/0344ab23867ae8f10e411cda9f557b50b5bcd16f,5/24(金) 6:32
shikihos,会社四季報オンライン,「金利ある世界」移行で株価上昇、なお上値余地ある金融株,https://news.yahoo.co.jp/articles/1f2d8b505ecb674c78bb66398992c58541c06888,5/23(木) 18:32
shikihos,会社四季報オンライン,年初来高値更新、上昇再開サインが点灯した化学メーカー,https://news.yahoo.co.jp/articles/53b851ac13b5bd56d4a248a2e6ee2a3d542592c3,5/22(水) 12:02
shikihos,会社四季報オンライン,「エネルギーと資源」こそAIに続く有望株と断言するワケ,https://news.yahoo.co.jp/articles/3edd39af6f35f428aac09fe11588a51c949bb0fc,5/22(水) 6:32
shikihos,会社四季報オンライン,AI向け需要が追い風、世界の「半導体銘柄」決算を徹底解説,https://news.yahoo.co.jp/articles/7b15820d42e765664041c25a2d5fb357b0270f34,5/21(火) 18:32
shikihos,会社四季報オンライン,どうやら6月が円安修正を決定づける分岐点になりそうだ,https://news.yahoo.co.jp/articles/f0c9f320e67cc972f7d0393a1adea6eb7b2ef887,5/21(火) 12:02
shikihos,会社四季報オンライン,米国株のプロが今あえて「EV株」に注目する納得の理由,https://news.yahoo.co.jp/articles/3ce8de492c154a940f55541d285acdd9939589a0,5/21(火) 6:32
shikihos,会社四季報オンライン,玩具卸が決算好感で高値、中期で「青天井」の買いサイン,https://news.yahoo.co.jp/articles/c02b28901a8eb447ea8b71b0f2ab22ada26c7b54,5/20(月) 12:02
shikihos,会社四季報オンライン,半導体向け需要が拡大、トリケミカル研究所が描く青写真,https://news.yahoo.co.jp/articles/83b0e73070b68555a432bb8a67fad52c5196197d,5/20(月) 6:32
shikihos,会社四季報オンライン,チャートで見えた「日経平均の停滞がまだ続きそう」な理由,https://news.yahoo.co.jp/articles/1ba2c4301d0f232135c1876c904b9e3b5abbe8b7,5/19(日) 8:02
shikihos,会社四季報オンライン,"歴史的円安に歯止めかかるか、カギは日銀でなく""あの国""",https://news.yahoo.co.jp/articles/60ee5d8448ba5ecbf0eda525b6fee777a0289464,5/19(日) 7:32
shikihos,会社四季報オンライン,満を持して動き出す「浮体式洋上風力」関連有力12銘柄,https://news.yahoo.co.jp/articles/915413a3a531f6c3f6250531961d54e53dba1ef9,5/19(日) 7:02
shikihos,会社四季報オンライン,"""人生の最期""に慌てないために、藤川さん注目の終活銘柄",https://news.yahoo.co.jp/articles/d755225a95eda40e1014cbfc78d8d5dcecde4b2f,5/18(土) 8:02
shikihos,会社四季報オンライン,日本株市場に昨年秋の「大テック相場」が再来の予感あり,https://news.yahoo.co.jp/articles/800e869fd392f4737b54cc766d9e18ad9a3416e9,5/18(土) 7:32
shikihos,会社四季報オンライン,エヌビディア決算にらみの株式市場で頼りにしたい3銘柄,https://news.yahoo.co.jp/articles/acad7eef00d688a1aa27d18ca11abee9681d1ac0,5/18(土) 7:02
shikihos,会社四季報オンライン,アメリカIT大手4社の決算でわかった「生成AI」への本気,https://news.yahoo.co.jp/articles/ec24c7f28a3f62e3cf50e762de3815000fc8f568,5/17(金) 18:32
shikihos,会社四季報オンライン,「下ヒゲ陽線」示現の総合コンサル会社に反転上昇期待,https://news.yahoo.co.jp/articles/8c9cc14a60b7095456367082fd5775baf775c3d0,5/17(金) 12:02
shikihos,会社四季報オンライン,ソフトウェアテストのSHIFT、気になる「業績好転」の時期,https://news.yahoo.co.jp/articles/9f84a712c92c3bca8acd58456d88290a9dbd1e64,5/17(金) 6:32
shikihos,会社四季報オンライン,ヤングケアラーを増やすな、高齢化対策関連の直近IPO株,https://news.yahoo.co.jp/articles/d3243ecd3581b5efa84615a95f8b84186fe5e1de,5/16(木) 18:32
shikihos,会社四季報オンライン,新NISAで始めた投資家が下げ相場で大事にしたい心構え,https://news.yahoo.co.jp/articles/8e7964fdba4e31c54d26edf8592d080f75ace0cd,5/16(木) 7:02
shikihos,会社四季報オンライン,長期波動は右肩上がり、小売り大手が「青天井」局面入り,https://news.yahoo.co.jp/articles/33aafb638e939c397190ceaa441636c780f17005,5/15(水) 12:02
shikihos,会社四季報オンライン,サイバー・バズの実例に学ぶ「集中投資」のリスクと対処法,https://news.yahoo.co.jp/articles/7d2e57a85cd2c5cc5fd6dedd03bffedf4f24be84,5/15(水) 6:32
shikihos,会社四季報オンライン,日本株運用のプロが明かす「次に伸びる会社」の見つけ方,https://news.yahoo.co.jp/articles/b73faa67b7e3a45b68cf92375554b6c2a101a068,5/14(火) 18:32
shikihos,会社四季報オンライン,景気減速感が広がるアメリカ経済に3つのリスクシナリオ,https://news.yahoo.co.jp/articles/4f8a5be4cb5c6b0b07afef57a0cdb85ce3874c45,5/14(火) 7:32
shikihos,会社四季報オンライン,スポーツ用品大手に「買いサイン」、強い勢いで上昇続く,https://news.yahoo.co.jp/articles/fea3bb9e5bef417a20d1a6881dcd18f65336d5cd,5/13(月) 12:02
shikihos,会社四季報オンライン,大型LNG開発で業容拡大なるか、INPEXが描く成長軌道,https://news.yahoo.co.jp/articles/16f9e1b319ac9cec1f963b79561b7a9aceb828f6,5/13(月) 6:32
shikihos,会社四季報オンライン,悲願の世界標準へ、次世代通信「IOWN」に取り組む12銘柄,https://news.yahoo.co.jp/articles/6acc1420e2d0f1a0d39f8a7ade6bd01b49208d9c,5/12(日) 7:02
shikihos,会社四季報オンライン,深刻な円安が示す「経済の途上国化」と「日本売り」リスク,https://news.yahoo.co.jp/articles/63ec5a2c47d31a6b9866a79e56177150d33aec5c,5/11(土) 8:02
shikihos,会社四季報オンライン,「6月解散見送り」なら今後の日経平均株価はどう動く？,https://news.yahoo.co.jp/articles/4fce642d2b5be701ba875881ffa91cb466c6c912,5/11(土) 7:32
shikihos,会社四季報オンライン,膠着相場で狙いたい「好業績の織り込みが不十分」な3銘柄,https://news.yahoo.co.jp/articles/2cffc61a23e3b2b55aac40edf01b42703038c797,5/11(土) 7:02
shikihos,会社四季報オンライン,"データ管理クラウド「スノーフレーク」が持つ""独自の強み""",https://news.yahoo.co.jp/articles/b32de0ea34de96cde1e3424eed7a9971e47a2307,5/10(金) 18:32
shikihos,会社四季報オンライン,化学銘柄に大陽線、「教科書どおり」の上昇トレンド形成,https://news.yahoo.co.jp/articles/adf40102fd62e3ef86b18455fd76d996a1a675cb,5/10(金) 12:02
shikihos,会社四季報オンライン,"投資学習アプリでIPOした企業、""次""の事業展開の青写真",https://news.yahoo.co.jp/articles/877173dbaa430b30543d13cddf6e7c74ef826423,5/10(金) 6:32
shikihos,会社四季報オンライン,物価高でも食品は削れない、最高益の「生活防衛」注目株,https://news.yahoo.co.jp/articles/21e02093922e31ba8058d7d23f2b200bdc6c2acf,5/9(木) 18:32
shikihos,会社四季報オンライン,"株主から嫌われ始めた「買収防衛策」、廃止は""株高要因""か",https://news.yahoo.co.jp/articles/5b224a214e61546d2aca8da0e233eee5e1b83bb3,5/9(木) 7:32
shikihos,会社四季報オンライン,抵抗線を上抜け、上場来高値更新を目指す農業関連銘柄,https://news.yahoo.co.jp/articles/0530193574afff6cced11c43e064f142174f67a2,5/8(水) 12:02
shikihos,会社四季報オンライン,「決済」を起点にDX支援へ展開中、海外進出も狙う成長企業,https://news.yahoo.co.jp/articles/1e64c1b5aa5e3c98683ba3e809caea5899aafdff,5/8(水) 6:32
shikihos,会社四季報オンライン,GW明けから2024年末までの日経平均を予測してみよう,https://news.yahoo.co.jp/articles/76f2413d57c48ed4ff7b7d7279d9f4655e0e8bc1,5/7(火) 12:02
shikihos,会社四季報オンライン,「安定的に伸びる成長株」を探し出すための四季報ワザ,https://news.yahoo.co.jp/articles/c2614076d621f18f0fec093ffbcc97923e5d1d08,5/7(火) 7:32
shikihos,会社四季報オンライン,新NISAで注目度が急上昇、「投資運用ビジネス」の現在地,https://news.yahoo.co.jp/articles/64d6b73143ec517e36ae8c42e95ec3cd1d58fdca,5/7(火) 6:32
shikihos,会社四季報オンライン,"上場維持基準厳格化へ「残り1年弱」、どうする""瀬戸際銘柄""",https://news.yahoo.co.jp/articles/5d8efca65760d44bd42c1334a7ad3100ed4aa69c,5/6(月) 7:02
shikihos,会社四季報オンライン,国策に売りなし、巨額投じる「TSMC熊本」「ラピダス」の内実,https://news.yahoo.co.jp/articles/aea5edf483f0cb26f9d1a38a280ce9dbd9b20aa0,5/5(日) 7:32
shikihos,会社四季報オンライン,"""億り人""が教える「株価が上昇しやすい企業」の探し方",https://news.yahoo.co.jp/articles/570de0c3aaab77a8a18a77b9ec8b694b2356e642,5/5(日) 6:32
shikihos,会社四季報オンライン,"「生成AI」の熾烈な開発競争で日本株が""沸騰""した背景",https://news.yahoo.co.jp/articles/ef3435c814c546172d6e0238775ca19ee417d310,5/4(土) 7:32
shikihos,会社四季報オンライン,5月以降に本格化しそうな「関西の勝ち組消費」関連5銘柄,https://news.yahoo.co.jp/articles/6ba53708dfd089669a81bc80fe14c06b4d349cf2,5/3(金) 18:32
shikihos,会社四季報オンライン,小休止の日経平均、連休明けの動きを占う2つのポイント,https://news.yahoo.co.jp/articles/67f677a9f3cab37a5a5242d8269b8a7288a8a62b,5/3(金) 8:02
shikihos,会社四季報オンライン,半導体はこうして造られる、日本企業が世界に果たす役割,https://news.yahoo.co.jp/articles/f414bcae6fcc161f1ab861c92c8ddd704e6a3bc4,5/3(金) 7:02
shikihos,会社四季報オンライン,"""生成AIの次""と期待、量子コンピューター関連有望11銘柄",https://news.yahoo.co.jp/articles/9826cc3d7b9198336ceaf62614a445fc0ff5185a,5/2(木) 7:32
shikihos,会社四季報オンライン,日経平均下落の引き金「半導体株」にどう向き合うべきか,https://news.yahoo.co.jp/articles/89d28375608f70af0a383c3d7731ddbbf5417d65,5/2(木) 7:02
shikihos,会社四季報オンライン,医療機器大手が「三尊底」形成、5月は本格的な反騰局面へ,https://news.yahoo.co.jp/articles/af6b16a336f6e8f0b2f443ba1f4bb40834c16491,5/1(水) 12:02
shikihos,会社四季報オンライン,4月の株価急落で不安になった「新NISA投資家」への助言,https://news.yahoo.co.jp/articles/104b44974d9b680653c853c400dbb2b3c5e19a47,5/1(水) 7:32
shikihos,会社四季報オンライン,武田や塩野義と共同研究する「AI創薬」ベンチャーの野望,https://news.yahoo.co.jp/articles/ba76a5d7aa92b5f4a4f8fb44a708d7378db4bd84,5/1(水) 6:32
shikihos,会社四季報オンライン,大揺れでも実は上がっていた日経平均、反発基調は続くか,https://news.yahoo.co.jp/articles/aae01b4470078e77108298f990bb671aa4f298ea,4/28(日) 8:02
shikihos,会社四季報オンライン,個別物色が強まりそうな日本株市場で狙い目の好調3銘柄,https://news.yahoo.co.jp/articles/282727c354817e5558130fb4d00ea989198162ba,4/28(日) 7:02
shikihos,会社四季報オンライン,"「公募増資」実施で株価下落も""買いチャンス""の魅力銘柄",https://news.yahoo.co.jp/articles/522179c218d88cb66ff7f959ccf0adf665d030e0,4/27(土) 8:02
shikihos,会社四季報オンライン,日経平均株価の「GW明けの大相場」を占う6つのポイント,https://news.yahoo.co.jp/articles/fc3039a1602e84748d792f310fb3018ca65d5df8,4/27(土) 7:32
shikihos,会社四季報オンライン,日鉄のUSスチール買収劇で「富士通の挫折」から学ぶ教訓,https://news.yahoo.co.jp/articles/fa727db0e4bc8442d6a5cb53cd2a9577a96d8e04,4/27(土) 7:02
shikihos,会社四季報オンライン,現地在住だから感じる「自動運転タクシー」の長所と短所,https://news.yahoo.co.jp/articles/b4491d7a3cdb28558de0f6b19090c00c318df27c,4/26(金) 18:32
shikihos,会社四季報オンライン,工作機械大手が保ち合い上放れへ、中期の「騰勢再開」期待,https://news.yahoo.co.jp/articles/1d3828376bbcc8e5e75edf78090c7ae930cba501,4/26(金) 12:02
shikihos,会社四季報オンライン,"""なんちゃってDX""じゃない、競争優位の「働き方改革」銘柄",https://news.yahoo.co.jp/articles/037391b58f58034e1f5039093d5416e3b75fa356,4/25(木) 18:32
shikihos,会社四季報オンライン,日米首脳会談で再脚光、期待大の防衛・宇宙関連10銘柄,https://news.yahoo.co.jp/articles/83601baa3b95ea09d4beb6606208955fc4f60b4c,4/24(水) 18:32
shikihos,会社四季報オンライン,株価底入れか、仕込み場の好機到来の医療機器メーカー,https://news.yahoo.co.jp/articles/47aa6d6f8f689b34de83ba42baffa56aced9fd5a,4/24(水) 12:02
shikihos,会社四季報オンライン,急成長の東大発・金融ベンチャー、「初の黒字」達成の理由,https://news.yahoo.co.jp/articles/efe7d712105e1710be11a74451fd52936758d242,4/24(水) 6:32
shikihos,会社四季報オンライン,中東発大幅安の次に日本株を待ち受ける本当の「内憂外患」,https://news.yahoo.co.jp/articles/1bcd20fe4f4a0b552d6d804c8b18d14587ef43e7,4/23(火) 18:33
shikihos,会社四季報オンライン,急落した日本株は「今が買い時」と見ていいのだろうか,https://news.yahoo.co.jp/articles/29ee7d3dd536d4f9f9870221822fbee98518eacd,4/23(火) 12:02
shikihos,会社四季報オンライン,"「安定的に伸びる成長株」を見極めるための""指標""は何か",https://news.yahoo.co.jp/articles/14d3636e2243bb10fa9e6525bd0959e2e556d738,4/23(火) 6:32
shikihos,会社四季報オンライン,低価格外食大手に下げ一巡感、「押し目買い」の好機到来,https://news.yahoo.co.jp/articles/bbc5fd77f5b307872230ab03f0dcc36b88ec4255,4/22(月) 12:02
shikihos,会社四季報オンライン,日経平均の急落に歯止めはかかる？注目ポイントはここだ,https://news.yahoo.co.jp/articles/accba0407a8b47e96c10b521149270a4e477b0e9,4/21(日) 8:02
shikihos,会社四季報オンライン,本格的な普及期に、国策の追い風が吹くドローン銘柄10選,https://news.yahoo.co.jp/articles/87f2f57d617d8c4728241fb12e40af330cc9f886,4/21(日) 7:02
shikihos,会社四季報オンライン,ダロン・アセモグル教授が指摘する「創造的破壊」の問題点,https://news.yahoo.co.jp/articles/9d7b1ce604a466578b92341d69ba8a9c994d6f9b,4/20(土) 18:32
shikihos,会社四季報オンライン,未曾有の金余りがアメリカ経済と株式市場を支えている,https://news.yahoo.co.jp/articles/d2d4220b57d50fb0a233967242538fe8b72a5712,4/20(土) 8:02
shikihos,会社四季報オンライン,"日経平均が""大底""を迎えると予想するこれだけの理由",https://news.yahoo.co.jp/articles/21209dc344506f0531393ce181065594e6bfa7dc,4/20(土) 7:32
shikihos,会社四季報オンライン,戻りの鈍そうな日本株相場で頼りたい内需系好調3銘柄,https://news.yahoo.co.jp/articles/2c6db42140cdc0f7e4af00125f96c880e30657bc,4/20(土) 7:02
shikihos,会社四季報オンライン,総合フィンテック企業「ブロック」の株価低迷脱出策とは？,https://news.yahoo.co.jp/articles/2f552cdc97b06b0322c152f3010d29a67dbc8d10,4/19(金) 18:32
shikihos,会社四季報オンライン,フィンテック銘柄が「値固め」完了、上昇再開の買いサイン,https://news.yahoo.co.jp/articles/1d8da0ab8248f49afb6b33eba8822651a990789a,4/19(金) 12:02
shikihos,会社四季報オンライン,AZ-COM丸和HDの「同意なき買収」、対抗馬登場で視界不良,https://news.yahoo.co.jp/articles/1ec4a435eb15a26febd9263cfe6f80f64149b635,4/19(金) 6:32
shikihos,会社四季報オンライン,物価再上昇懸念であらためて注目したい王道の生活防衛株,https://news.yahoo.co.jp/articles/b370a2c9567102f7889722aa4ba018650c6b1812,4/18(木) 18:32
shikihos,会社四季報オンライン,"「逆張りの魅力」に惹かれる個人投資家が守りたい""鉄則""",https://news.yahoo.co.jp/articles/e1492464f65b72d3e81f5fd9fe98e488b01ec124,4/18(木) 7:02
shikihos,会社四季報オンライン,AIブームで注目 ! ABEJA社長が明かす成長への独自戦略,https://news.yahoo.co.jp/articles/8dce648cdaee6450f1aa80b30c9830e9855c28eb,4/18(木) 6:32
shikihos,会社四季報オンライン,往来相場から上昇基調へ転換か、期待のエンタメ関連銘柄,https://news.yahoo.co.jp/articles/c542bae2e6c8859a82f7d3ded96ef32b531bba68,4/17(水) 12:02
shikihos,会社四季報オンライン,「インフレ時代の成長株投資」で心がけたい2つのポイント,https://news.yahoo.co.jp/articles/bc47f8f75b17f7d8c142d3f91f50ab17ecd986a1,4/17(水) 7:32
shikihos,会社四季報オンライン,外資コンサル出身者率いる「オーダーメイドAI」企業の戦略,https://news.yahoo.co.jp/articles/06068623fd8dfa7af66f2074348ac0861b3f69f2,4/17(水) 6:32
shikihos,会社四季報オンライン,新薬候補の「大型導出」迫るペルセウス、何がすごいのか,https://news.yahoo.co.jp/articles/f112c4fb406c1809f784110ba6c52bba4838eb04,4/16(火) 6:32
shikihos,会社四季報オンライン,調味料中堅に「買いサイン」、下落からの倍返し上げに期待,https://news.yahoo.co.jp/articles/1b8034cd2c21f1e96ed067ea2e1e4ba9278efb42,4/15(月) 12:02
shikihos,会社四季報オンライン,足踏み続く日経平均、「上昇再開」のシナリオはいかに？,https://news.yahoo.co.jp/articles/569cc748c5e47c970d02e905161b7f0715276bb2,4/14(日) 8:02
shikihos,会社四季報オンライン,"「H3」打ち上げ成功、""宇宙開発新時代""へ飛躍期待19銘柄",https://news.yahoo.co.jp/articles/561cc4750c488d300b7564c1552b3b8a8401a888,4/14(日) 7:02
shikihos,会社四季報オンライン,"春の""お出かけ増加""も後押しで「業績絶好調」の注目銘柄",https://news.yahoo.co.jp/articles/330cdb9262bdd8d6012398ca742d83ea3b091d0d,4/13(土) 8:02
shikihos,会社四季報オンライン,決算本格化を前に「日経平均型」銘柄の押し目買いが有効,https://news.yahoo.co.jp/articles/41c79e67813167caf3fa85037b7491d0bf31c4b9,4/13(土) 7:32
shikihos,会社四季報オンライン,膠着気味の日本株相場でも狙える好業績予想2月期3銘柄,https://news.yahoo.co.jp/articles/a1f9044094f2283fb6397d8ad1d387917f1d9e9a,4/13(土) 7:02
shikihos,会社四季報オンライン,「2年でテンバガー」達成した半導体関連銘柄に再び買い場,https://news.yahoo.co.jp/articles/601a76a807567d61d925759a084f88234a2d7cda,4/12(金) 12:02
shikihos,会社四季報オンライン,利上げ再開もありうる？雇用から見えるアメリカ経済の今,https://news.yahoo.co.jp/articles/7fb4fbb9bbec8e90c4777a53d55506ec0a741090,4/12(金) 7:32
shikihos,会社四季報オンライン,節約志向の高まりで狙いたい、業績好調の生活防衛関連株,https://news.yahoo.co.jp/articles/4810fdc1916778afa62c7e53e92895a13113bc6b,4/11(木) 18:32
shikihos,会社四季報オンライン,大幅増配に踏み切ったオーテックが見据える中長期展望,https://news.yahoo.co.jp/articles/73f7cfac883598dda5327b2204ec62cce1298a75,4/11(木) 6:32
shikihos,会社四季報オンライン,経営方針発表シーズン、株主還元強化で注目したい5銘柄,https://news.yahoo.co.jp/articles/01445a142e13d6586d705b06d250b96289fd8db8,4/10(水) 18:32
shikihos,会社四季報オンライン,株価は底入れ、上場来高値更新が射程圏のベアリング大手,https://news.yahoo.co.jp/articles/96afa97201f99200dd471ec99b8a0c839d24472a,4/10(水) 12:02
shikihos,会社四季報オンライン,ケネス・ロゴフ教授「欧州経済に希望が持てる5つの理由」,https://news.yahoo.co.jp/articles/c22d99f83677b082e619ab523d4c7d5df4badba1,4/10(水) 8:02
shikihos,会社四季報オンライン,好調の東京エレクトロンデバイス、大口商権獲得の舞台裏,https://news.yahoo.co.jp/articles/83d5d99faa69c032f956dba324b33dc4ecd10ae6,4/10(水) 6:32
shikihos,会社四季報オンライン,エヌビディアがとうとう明かした「新型AI半導体」の正体,https://news.yahoo.co.jp/articles/2677dd6ea191784e43edfaf5bba011db0e2fe7ad,4/9(火) 18:32
shikihos,会社四季報オンライン,4月以降の日経平均を予想する際に見逃せない3つの変化,https://news.yahoo.co.jp/articles/2c83ac656eb0b7ee4100499645b03d41d6c4f97f,4/9(火) 12:02
shikihos,会社四季報オンライン,中堅製紙メーカーに買いサイン、短期急落幅の倍返しも,https://news.yahoo.co.jp/articles/a6117af5d2efd6889aefa5efa0a2fa90582c9edd,4/8(月) 12:02
shikihos,会社四季報オンライン,"年50回来店の常連客が500人超、""異色飲食店""の独自戦略",https://news.yahoo.co.jp/articles/f4394400dc3037c7d0f74e41297c91c21607dd47,4/8(月) 6:32
shikihos,会社四季報オンライン,乱高下の日経平均、損失を抱えないために重要なポイント,https://news.yahoo.co.jp/articles/282c62cae3e9d4135b3ae8e3f762f81a55bbfcc8,4/7(日) 8:02
shikihos,会社四季報オンライン,"""空の脱炭素""の切り札、離陸する国産「SAF」で注目12銘柄",https://news.yahoo.co.jp/articles/45f31185addc9862aeb96297a8bc8b83f67b7615,4/7(日) 7:02
shikihos,会社四季報オンライン,"""がっかりニュース""による株価急落影響を抑える3大対策",https://news.yahoo.co.jp/articles/4ee0ba772ce8ec72fec508db31fb8d483832cbb1,4/7(日) 6:32
shikihos,会社四季報オンライン,個人投資家が小林製薬を「逆張り」で仕込むのは正しいか,https://news.yahoo.co.jp/articles/70909580094aa776ffbec6a2d132191167dc948b,4/6(土) 18:32
shikihos,会社四季報オンライン,アメリカの「年内利下げ先送り観測」がこれだけ相次ぐ理由,https://news.yahoo.co.jp/articles/a6cbdc0ff401911cfecb7870942c0af9aefc27d1,4/6(土) 8:02
shikihos,会社四季報オンライン,日本株の「上昇への転換点」がいよいよ訪れる可能性が大,https://news.yahoo.co.jp/articles/a4866517905487c056ab5c98343c320eac9cee21,4/6(土) 7:02
shikihos,会社四季報オンライン,全体相場は波乱含みでも「逆行高」が期待できそうな3銘柄,https://news.yahoo.co.jp/articles/3c8821e2abd55e652404a1422fb3a03b699856a6,4/5(金) 19:02
shikihos,会社四季報オンライン,医薬品開発受託で世界最大手、アイキューヴィアの実力,https://news.yahoo.co.jp/articles/cf99c22465a5f9510852ac585ba7d4bdd0211989,4/5(金) 18:32
shikihos,会社四季報オンライン,下方修正で急落した銀行株に「第2のリバウンド」到来か,https://news.yahoo.co.jp/articles/77fac4d80bc45c9e9af0fc5b703d9d6a9875d67f,4/5(金) 12:02
shikihos,会社四季報オンライン,"「同意なき買収」に打って出たAZ‐COM丸和HDの""胸の内""",https://news.yahoo.co.jp/articles/7ab811b5f577d14e4d91c1fbdf892b56b06c8eb6,4/5(金) 6:32
shikihos,会社四季報オンライン,"原油価格上昇で業績好調でも""まだ割安感""ある石油関連株",https://news.yahoo.co.jp/articles/dba4a2972f25dc219e534c6b16a2b457827f939e,4/4(木) 18:32
shikihos,会社四季報オンライン,中央銀行のインフレ予測はなぜ当たらなくなったのか,https://news.yahoo.co.jp/articles/69614c5926ef62a848b37db75a2f2b8d798c87c6,4/4(木) 7:02
shikihos,会社四季報オンライン,睡眠センサーの大学発ベンチャー、解約率ほぼゼロの秘訣,https://news.yahoo.co.jp/articles/ceea013b498ddb9765b6cf06e81e0cb0ba3aafcf,4/4(木) 6:32
shikihos,会社四季報オンライン,株価は保ち合い上放れ、官公庁に強い大手電機メーカー,https://news.yahoo.co.jp/articles/8f43a7b259ac8733fabfe75a3bcbe18ac0147550,4/3(水) 12:02
shikihos,会社四季報オンライン,迷惑電話遮断のトビラシステムズ、社長が語る「会社像」,https://news.yahoo.co.jp/articles/ba25011d3f5088297d2976f3e0e41c27a9aaf84d,4/3(水) 6:32
shikihos,会社四季報オンライン,円は1ドル155円まで下がる、市場がいま投機売りする本音,https://news.yahoo.co.jp/articles/59e944dbe47f20659ef6f6f6cd0afd976d4744e8,4/2(火) 18:32
shikihos,会社四季報オンライン,生成AIの爆発的普及で期待、データセンター関連8銘柄,https://news.yahoo.co.jp/articles/e9244427b696718f46f550e8eb2111934cb2a44d,4/2(火) 6:32
shikihos,会社四季報オンライン,重電大手に順張り買いサイン、長期レンジ相場を上放れへ,https://news.yahoo.co.jp/articles/1b2dfc371ab4c025f7b9d98e47b2fa54dfcebfee,4/1(月) 12:02
shikihos,会社四季報オンライン,来期に期待、M＆Aで社会貢献する「ものづくり支援」企業,https://news.yahoo.co.jp/articles/ad792bb365177997d9cb33f2be8d48248016f386,3/30(土) 8:02
shikihos,会社四季報オンライン,"""春の日本株高期待""に生じた「4月の波乱要因」に要注意",https://news.yahoo.co.jp/articles/e4e72bed83341e2173b877411d789ead56037137,3/30(土) 7:32
shikihos,会社四季報オンライン,動きにくい新年度相場で上伸期待の好調ニッチ分野3銘柄,https://news.yahoo.co.jp/articles/4447105271337ee748a3e1b2e700f7387b722c22,3/30(土) 7:02
shikihos,会社四季報オンライン,EV充電が急拡大のエネチェンジ、監査法人の指摘で窮地,https://news.yahoo.co.jp/articles/46000d6b0fe608109fc535d270a0233fc5771a96,3/29(金) 15:32
shikihos,会社四季報オンライン,投資用マンション販売、株価は上昇気流に乗り上値追い,https://news.yahoo.co.jp/articles/b94b1d37a1a2ff959ace78ee2a4598fbee7405cc,3/29(金) 12:02
shikihos,会社四季報オンライン,"日本のGDP4位転落は""本質""か、ドイツの教訓はほかにある",https://news.yahoo.co.jp/articles/1905149bdbc45ce868d7d2bf073a3eda6092c556,3/29(金) 7:32
shikihos,会社四季報オンライン,中古車業界で存在感増す「流通プラットフォーマー」の戦略,https://news.yahoo.co.jp/articles/cc2a6dab1ebb9643d3d859524c701277fb4636cc,3/29(金) 6:32
shikihos,会社四季報オンライン,"""普通の安売り""じゃない、円安下で躍進期待の大型IPO株",https://news.yahoo.co.jp/articles/4f59def856deafd018229f05aa3983433f5c3796,3/28(木) 18:32
shikihos,会社四季報オンライン,エヌビディア会議で熱視線、「ロボット関連」の有望4銘柄,https://news.yahoo.co.jp/articles/b46ae11488948aa19449276be18a7e3ae3deccec,3/27(水) 18:32
shikihos,会社四季報オンライン,スマホゲーム開発会社に底打ちサインの「陽線つつみ足」,https://news.yahoo.co.jp/articles/13b1c6eefb30051e48bfbd81087a1a4193bb3531,3/27(水) 12:02
shikihos,会社四季報オンライン,"サンバイオの脳細胞薬、厚労省部会で「差し戻し」の""激震""",https://news.yahoo.co.jp/articles/bb4ae3d95624de4843fac951fdbb7ea362564643,3/27(水) 6:32
shikihos,会社四季報オンライン,4月以降の日本株を待ち受ける「最大のリスク」とは何か,https://news.yahoo.co.jp/articles/cd6665d298628e18f6e52fa01e82fab7f778f153,3/26(火) 12:02
shikihos,会社四季報オンライン,"「17年ぶり利上げ局面」で有効な""投資尺度""を教えよう",https://news.yahoo.co.jp/articles/bbc61b1005318edf914d45826569c5fd5a3e5697,3/26(火) 7:32
shikihos,会社四季報オンライン,AIの力で販促支援、エイピアグループ「快進撃」の舞台裏,https://news.yahoo.co.jp/articles/39945a6aec05c03b0f07175624ebc0d0c2ee4218,3/26(火) 6:32
shikihos,会社四季報オンライン,昨年来高値更新で「上げに拍車」のファイン化学メーカー,https://news.yahoo.co.jp/articles/53f6927410b8452e4012ba4bf05a6981d0aebc80,3/25(月) 12:02
shikihos,会社四季報オンライン,株価低迷続くボーイング、今後の見極めポイントはどこか,https://news.yahoo.co.jp/articles/66225781caf75f3683992b79065f87011d54483c,3/25(月) 7:32
shikihos,会社四季報オンライン,"期待事業を損切り、コニカミノルタが陥った""誤算""の元凶",https://news.yahoo.co.jp/articles/9bc4d3767333f1b9e6f965350e813b22301136c0,3/25(月) 6:32
shikihos,会社四季報オンライン,再び未踏の領域へ、日経平均の先行きを読む2つの注目点,https://news.yahoo.co.jp/articles/804560b7ba641370ad1cc78cefb70e47b0c418e4,3/24(日) 8:02
shikihos,会社四季報オンライン,EVだけじゃない多用途が魅力の「全固体電池」関連10銘柄,https://news.yahoo.co.jp/articles/740d002e64b2bb3c1a9b572280ac2793f3275a65,3/24(日) 7:02
shikihos,会社四季報オンライン,日銀の「早期追加利上げ」観測が早計すぎるといえる理由,https://news.yahoo.co.jp/articles/410b9660a07eb15748fa5116a38d977a84b6a459,3/23(土) 8:02
shikihos,会社四季報オンライン,日経平均の最高値は7月？今後の日本株相場を大胆予想,https://news.yahoo.co.jp/articles/b7fd15c7e47fca399e4f33c8fd2ee3c96a86c052,3/23(土) 7:32
shikihos,会社四季報オンライン,新年度相場入りを前に注視したい「来期好調予想」3銘柄,https://news.yahoo.co.jp/articles/b27b1fc4b10a91c8b7cffc868ce5a1d3eba45bc5,3/23(土) 7:02
shikihos,会社四季報オンライン,「重い病気」に強い製薬会社バーテックス・ファーマの素顔,https://news.yahoo.co.jp/articles/5b66517494e8822f1c1ed7892ef03958e5cc6a7a,3/22(金) 18:32
shikihos,会社四季報オンライン,パチンコ向けシステム大手が「小休止」を抜け再動意へ,https://news.yahoo.co.jp/articles/cfbe73075cffcbcfa4cc2ea6fd85a9e2dbe48db2,3/22(金) 12:02
shikihos,会社四季報オンライン,"4万円超え相場でもあえて狙いたい""割安""好業績小売り株",https://news.yahoo.co.jp/articles/5c182acb15ef277f0bdb8c381f6865b4cac07389,3/21(木) 18:32
shikihos,会社四季報オンライン,億り人DAIBOUCHOU氏がいま注目する「生成AI銘柄」は？,https://news.yahoo.co.jp/articles/771c71f9397f49512702db3e1f640ef8fdc76fc7,3/21(木) 12:02
shikihos,会社四季報オンライン,決算発表で株価急落、「売る」or「保有」どちらが正しい？,https://news.yahoo.co.jp/articles/84e07ef3ba24ae7f129cbe34590f593e5d6c0107,3/20(水) 8:02
shikihos,会社四季報オンライン,パラビ買収から1年、「U-NEXT」運営会社が描く青写真,https://news.yahoo.co.jp/articles/8aefeaa218d00d1df582397ce9c75d6666e7b377,3/19(火) 6:32
shikihos,会社四季報オンライン,強いモメンタムで9年ぶり高値目指す「割安」食品メーカー,https://news.yahoo.co.jp/articles/608831376827fb52047f16cb8ec4d8a389971ea6,3/18(月) 12:02
shikihos,会社四季報オンライン,日経平均が4万円台に復帰するためのシナリオが見えた！,https://news.yahoo.co.jp/articles/8b57ce04754f5b74c573bf5c37f5190707ec3da6,3/17(日) 8:02
shikihos,会社四季報オンライン,"ケネス・ロゴフ教授「アメリカ株市場の""断絶""に警戒せよ」",https://news.yahoo.co.jp/articles/570498de0255f46e80ae61626826de700f59fe8b,3/17(日) 7:02
shikihos,会社四季報オンライン,半導体一服で矛先は小売りへ？好決算発表の高級品銘柄,https://news.yahoo.co.jp/articles/4d27be959abc5cf4e89e5e49778d1f522ac44c20,3/16(土) 8:02
shikihos,会社四季報オンライン,アップルのゴーグル型「ビジョンプロ」登場で期待の13銘柄,https://news.yahoo.co.jp/articles/f45eac48f28d6b6e7bcda7ddcf0014a6f209ae7c,3/16(土) 7:37
shikihos,会社四季報オンライン,足元の日経平均に一喜一憂する必要なし、5月は「AI相場」,https://news.yahoo.co.jp/articles/9be55e75a97213fe36527b4abb2f3894ef287246,3/16(土) 7:32
shikihos,会社四季報オンライン,4月の「業績相場」を見据えて今から仕込みたい小型3銘柄,https://news.yahoo.co.jp/articles/d186745a476e138ce00063a545088be00ff016d5,3/16(土) 7:02
shikihos,会社四季報オンライン,内需拡大に期待の「小売りの雄」に騰勢余地、大相場形成か,https://news.yahoo.co.jp/articles/8610bc584432ff2cd00ec9050d2775bf45729a1b,3/15(金) 12:02
shikihos,会社四季報オンライン,「H3ロケット」成功をサポート、株価も急上昇の総合重機株,https://news.yahoo.co.jp/articles/a53b3ea7766954f307458b2d077a73c9266a8509,3/14(木) 18:32
shikihos,会社四季報オンライン,「もしトラ」に伴う国策変更に備えて注視したい14銘柄,https://news.yahoo.co.jp/articles/e5a75e6894f39ea50b717ee89246afe46391d399,3/13(水) 18:32
shikihos,会社四季報オンライン,アメリカ事業好調、「戻り相場」本格化のエンタメ関連銘柄,https://news.yahoo.co.jp/articles/af90c00210181262b2999a22a07efa1bba738241,3/13(水) 12:02
shikihos,会社四季報オンライン,"日経平均の急落は今後の株価""再上昇""に向けた予兆だ",https://news.yahoo.co.jp/articles/a1618577ba3bbefe15bd246a83b587eb0ca622f1,3/12(火) 18:32
shikihos,会社四季報オンライン,「日経平均一時4万円到達後」は本当に強気継続でいいのか,https://news.yahoo.co.jp/articles/5079569034929773efa9d84131a548351bb6f870,3/12(火) 12:02
shikihos,会社四季報オンライン,中小・中堅5万社を支える「クラウド勤怠管理」トップの強み,https://news.yahoo.co.jp/articles/23014940c751d8127aa3bbedc361ce27a5c55e83,3/12(火) 6:32
shikihos,会社四季報オンライン,値幅調整続いた半導体銘柄に上昇トレンド再開サイン点灯,https://news.yahoo.co.jp/articles/2a795c5aa3a97aa1a68f941526ff77f9f79e1a90,3/11(月) 12:02
shikihos,会社四季報オンライン,三菱重工の成長シナリオ、防衛・エナジー強化に集中投資,https://news.yahoo.co.jp/articles/327f66114f4475c022ea7248f3b250e28949c0b4,3/11(月) 6:32
shikihos,会社四季報オンライン,"日経平均4万円は""うたかたの夢""？大台復帰の可能性は？",https://news.yahoo.co.jp/articles/cfaf815760d17f377abf53889ecdb72a2e6633db,3/10(日) 8:02
shikihos,会社四季報オンライン,日本でもいよいよ本格普及、「無人店舗」関連の有望13銘柄,https://news.yahoo.co.jp/articles/e1acc337dfe9f62af3b2f8d8e3f2939fba11a4ae,3/10(日) 7:32
shikihos,会社四季報オンライン,日本経済の復活は「中国の停滞のおかげ」といえるのか,https://news.yahoo.co.jp/articles/4753948f29c083f79f0d8860aebf1541e7f1c152,3/9(土) 8:02
shikihos,会社四季報オンライン,日経平均の目先の下げが「エントリーポイント」となりうる,https://news.yahoo.co.jp/articles/f9a44f356b1e9835174e1f937634d3c5d4a5da7a,3/9(土) 7:32
shikihos,会社四季報オンライン,短期波乱含みの日本株相場で注目したい6月期決算3銘柄,https://news.yahoo.co.jp/articles/45637a48a5b718c41f284563e77657e4ee6fe1cf,3/8(金) 19:02
shikihos,会社四季報オンライン,"""半導体の巨人""台湾TSMCが「次の成長ステージ」に入った",https://news.yahoo.co.jp/articles/9e49ab5a67327c3c6ed0cd21ffb9c447f1c43804,3/8(金) 18:32
shikihos,会社四季報オンライン,製パン大手に強気サイン、「スケールの大きな上昇波動」へ,https://news.yahoo.co.jp/articles/09ce741c5703bc5d3ce8d49381d3e2fba3b21556,3/8(金) 12:02
shikihos,会社四季報オンライン,"""もしトラ""の引き金にもなり得る「金利高」の思わぬ副作用",https://news.yahoo.co.jp/articles/9b125d145a255fff2d946436e573d571d36c4d2b,3/8(金) 6:32
shikihos,会社四季報オンライン,まだあった、これから上値を試しそうな半導体関連大型株,https://news.yahoo.co.jp/articles/f66d4235948056a2f495f3448e0a303045f892e4,3/7(木) 18:32
shikihos,会社四季報オンライン,億り人が語る、「バブル崩壊」に備えた銘柄選びの重要性,https://news.yahoo.co.jp/articles/12c26ff675c235a8baabfe0c6197f3546c298eaf,3/7(木) 7:02
shikihos,会社四季報オンライン,フィンテック企業へ大変貌、「異質の小売り」丸井の成長策,https://news.yahoo.co.jp/articles/4fd7d5e9b8770c8cd4e359bf59e85ab51cc8f8b6,3/7(木) 6:32
shikihos,会社四季報オンライン,"""四季報の達人""が超重要視する特色欄の「ある数字」とは？",https://news.yahoo.co.jp/articles/7422b394188170ff7b446a5b7e99fd9ebca9bb20,3/6(水) 18:32
shikihos,会社四季報オンライン,昨年上場の化学品メーカー、株価再上昇へ買いサイン点灯,https://news.yahoo.co.jp/articles/b2e24bd1b84e1eaed6a7557240b331d0dd3e1c30,3/6(水) 12:02
shikihos,会社四季報オンライン,最近の株高で投資を始めた人に知ってほしい3つの注意点,https://news.yahoo.co.jp/articles/8dde605f9b69e47b2c6d51b5783d746b15983253,3/5(火) 7:32
shikihos,会社四季報オンライン,「低PBR銘柄」脱却へ、地方銀行で起きつつある変化の兆し,https://news.yahoo.co.jp/articles/79a0320d48075bff16a1e278d9b9e7e1e677f04e,3/5(火) 6:32
shikihos,会社四季報オンライン,割安金融株に上昇再開サイン点灯、長期では3割高も視野,https://news.yahoo.co.jp/articles/39139b26050370231ce7ab6efc4b5a1a32b4e16f,3/4(月) 12:02
shikihos,会社四季報オンライン,史上初の4万円が目前、日経平均「急反落」の危険度は？,https://news.yahoo.co.jp/articles/939a270e016a2a7c36539ed4414b1afd0c75fb20,3/3(日) 8:02
shikihos,会社四季報オンライン,好決算で上場来高値、世界を舞台に飛躍する新興IT銘柄,https://news.yahoo.co.jp/articles/df6f76fc6ddb35a31073c14a07cfb6c3ca86c9eb,3/2(土) 8:02
shikihos,会社四季報オンライン,4万円目前の日経平均に「目先のリスク」と「その先の強気」,https://news.yahoo.co.jp/articles/b0d8a3b2698d0c8ec799e1f390fa8f92fc9fd114,3/2(土) 7:32
shikihos,会社四季報オンライン,日経平均4万円が射程の株式相場で上値余地のある3銘柄,https://news.yahoo.co.jp/articles/8b76f4e128aaf47a5086110037e1e5a9a3982baa,3/2(土) 7:02
shikihos,会社四季報オンライン,物流DXで「2024年問題」解決に貢献が期待できる17銘柄,https://news.yahoo.co.jp/articles/1237a6051896434f0dbbae1861d19d8a89e02546,3/1(金) 18:32
shikihos,会社四季報オンライン,超大物銘柄の株価に底入れ感、「リバウンドの3月」到来か,https://news.yahoo.co.jp/articles/61157017321e11081a1da3753b3068161287fb0b,3/1(金) 12:02
shikihos,会社四季報オンライン,"根強い円安、「超円高時代」と比べてわかる""隠れた背景""",https://news.yahoo.co.jp/articles/52a142e4d8f30e1e6f07b871188483f511210e61,3/1(金) 6:32
shikihos,会社四季報オンライン,割安感から見直し買いで株価伸長、「船舶関連」注目銘柄,https://news.yahoo.co.jp/articles/091aa1e3241079d93f58b76cca00951483cebd00,2/29(木) 18:32
shikihos,会社四季報オンライン,差し迫った「超高齢化問題」をAIで解決する介護関連5銘柄,https://news.yahoo.co.jp/articles/83103c00809c3478937b761b75b97d68759f432f,2/28(水) 18:32
shikihos,会社四季報オンライン,騰勢余地は十分、昨年来高値更新が見えてきたSIer銘柄,https://news.yahoo.co.jp/articles/b26e125d952dc93b07adb2b55dba306027674c79,2/28(水) 12:02
shikihos,会社四季報オンライン,億り人が教える、「銘柄購入時の価格」を忘れるべき理由,https://news.yahoo.co.jp/articles/14ec106acb93c7a5a0970404d2069fed4e82a5dc,2/28(水) 6:32
shikihos,会社四季報オンライン,"エヌビディアの株価がまだ""割安""と断言できる数々の理由",https://news.yahoo.co.jp/articles/e325215334551fb7ebbee8ab305844d4d515f7a8,2/27(火) 18:32
shikihos,会社四季報オンライン,日経平均株価が当面の高値をつけるのはいつになるのか,https://news.yahoo.co.jp/articles/b9bfddb3931139021528d054ec882820937db3de,2/27(火) 12:02
shikihos,会社四季報オンライン,34年ぶり高値視野、強いモメンタム発生の半導体関連商社,https://news.yahoo.co.jp/articles/8d62580a7eb938d436bd8d1f0ff717aaac71b4e5,2/26(月) 12:02
shikihos,会社四季報オンライン,"""28年3月期""の業績目標を公表、上位地銀銘柄の狙いは？",https://news.yahoo.co.jp/articles/1d51a775099ce9a2a0be71af1b1c47fedd30af56,2/26(月) 6:32
shikihos,会社四季報オンライン,"相場の""過熱感""指標が指し示す「日経平均4万円」への道",https://news.yahoo.co.jp/articles/dcda945e18ca8d16e0a6ede5e3d566bc75368819,2/25(日) 8:02
shikihos,会社四季報オンライン,食糧不足の解決期待で急成長、フードテック関連15銘柄,https://news.yahoo.co.jp/articles/a9d1daccb6a43ed3f4ec903dc919c4040cc23b4c,2/25(日) 7:02
shikihos,会社四季報オンライン,"桁違いの金余りは株式相場にとって""万能薬""となるのか",https://news.yahoo.co.jp/articles/90f3b8076befc27d76dfffc13704bbb5987be040,2/24(土) 8:02
shikihos,会社四季報オンライン,"「青天井」に突入した日本株相場で勝ち抜くための""心構え""",https://news.yahoo.co.jp/articles/342a4af27761a0853a2f3061dd2f6b12bcfe3e2f,2/24(土) 7:02
shikihos,会社四季報オンライン,メルカドリブレが「中南米でEC最大手」に成長できた理由,https://news.yahoo.co.jp/articles/a162b36047a0e6d4665ac4bf6d69bd297246482a,2/23(金) 8:02
shikihos,会社四季報オンライン,日経平均「最高値更新」の翌週でも買い安心感のある3銘柄,https://news.yahoo.co.jp/articles/2a6b531ff7825947f33216867b6f1285fc7567c1,2/23(金) 7:02
shikihos,会社四季報オンライン,ネット決済代行とSaaSで伸長、「サブスク決済」注目銘柄,https://news.yahoo.co.jp/articles/95fcd5bc5d0590d616066ff57e61c1d7f1b57b98,2/22(木) 18:32
shikihos,会社四季報オンライン,絶好調の日本株市場、億り人が考える今こそ買うべき銘柄,https://news.yahoo.co.jp/articles/a3037db292c96aaaba3992dad511fd91e901c9c9,2/22(木) 7:02
shikihos,会社四季報オンライン,PERに代わる投資尺度で有望企業を探し出す四季報ワザ,https://news.yahoo.co.jp/articles/100e03c2858b0964be55859b97e7a064af35df04,2/22(木) 6:32
shikihos,会社四季報オンライン,業績修正で急騰、再動意へ期待高まる自動車部品メーカー,https://news.yahoo.co.jp/articles/c7847352d55b53a274fe3d4e282b9f90f5d8e084,2/21(水) 12:02
shikihos,会社四季報オンライン,クリス・パッテン氏「トランプが勝てば中国も勝つだろう」,https://news.yahoo.co.jp/articles/409fda81a9a825323a361b0a313cf880137df49c,2/21(水) 7:32
shikihos,会社四季報オンライン,水産・食品大手のニッスイ、最高純益更新で見えた次の一手,https://news.yahoo.co.jp/articles/dac5003d370b3319472e10a793448f9ea8b24e37,2/21(水) 6:32
shikihos,会社四季報オンライン,"「半年持てばTOPIX超え」、""異色投信""の独自運用手法とは？",https://news.yahoo.co.jp/articles/6bf102937d966b8473bf94fcc65cbe591f42899d,2/20(火) 18:32
shikihos,会社四季報オンライン,人気の「PBR1倍割れ銘柄」に安易に飛びつくと危険な理由,https://news.yahoo.co.jp/articles/6d5f9841613093de9756ffd8bdd025de6229db32,2/20(火) 12:02
shikihos,会社四季報オンライン,今からでも間に合う「年足」で見て今後上昇しそうな10銘柄,https://news.yahoo.co.jp/articles/afcb54e66f3c2b3f36b7aec3af643f5fb71220ae,2/20(火) 6:32
shikihos,会社四季報オンライン,スポーツ用品大手が底入れ公算、三角保ち合い下限形成か,https://news.yahoo.co.jp/articles/9863667f36dfa0e5244808a5cc4fb3b6999b3743,2/19(月) 12:02
shikihos,会社四季報オンライン,"日経平均が「史上最高値」を超えるための""条件""とは何か",https://news.yahoo.co.jp/articles/10fe2d53ae2547021dcd2b3c9a08451889d48da1,2/18(日) 8:02
shikihos,会社四季報オンライン,PERは古い？歴史的高値圏で有効な「投資尺度」はこれだ,https://news.yahoo.co.jp/articles/807812c2eeccb9a1b3bb425dbf30f83ebacea47b,2/18(日) 7:02
shikihos,会社四季報オンライン,3Q決算で上方修正もなお増額余地、株価出遅れ「医薬品株」,https://news.yahoo.co.jp/articles/d51147e0ce85c40dede60a529ca1adb2025088a8,2/17(土) 8:02
shikihos,会社四季報オンライン,活況相場の恩恵を享受できる期末一括配当の好業績3銘柄,https://news.yahoo.co.jp/articles/f56ebea8f3fa9dcfd215258347d9081b73a95d50,2/17(土) 7:02
shikihos,会社四季報オンライン,"国際的な存在感が高まるインドに""勝機あり""、関連11銘柄",https://news.yahoo.co.jp/articles/7bde791deb31080891a7f1f19571648ca2a39215,2/16(金) 18:32
shikihos,会社四季報オンライン,化学メーカーが大陽線でレンジ上抜け、「強い上昇相場」へ,https://news.yahoo.co.jp/articles/2a668b3ece4623bacb9bc5ef239d0cbb74d45989,2/16(金) 12:02
shikihos,会社四季報オンライン,「建設業の2024年問題」対応で業績急拡大の直近IPO注目株,https://news.yahoo.co.jp/articles/bce6b52e636a5bdb438184dd2925243dbb1ee3cb,2/15(木) 18:32
shikihos,会社四季報オンライン,最高値狙う日経平均、1989年との3つの違いと「真の教訓」,https://news.yahoo.co.jp/articles/36b37d6903faa4713cc33b748d3495914e3826cb,2/15(木) 6:32
shikihos,会社四季報オンライン,アマゾン「対日2兆円投資」で恩恵が期待できそうな12銘柄,https://news.yahoo.co.jp/articles/b8965e4ce76f84190d3be681f138deb50eba7f0a,2/14(水) 18:32
shikihos,会社四季報オンライン,リバウンド期待高まる中堅化学メーカー、「青天井」も視野,https://news.yahoo.co.jp/articles/47aa99f3145fe3fd446e315f5f5dfc3646a7fa05,2/14(水) 12:02
shikihos,会社四季報オンライン,近づく瞬間、日経平均3万8915円更新期待で注目の8銘柄,https://news.yahoo.co.jp/articles/bfb22f9e757dc01e29b4d5ecdc2435e13bfbfa4d,2/14(水) 7:32
shikihos,会社四季報オンライン,「スタートアップへ投資せよ」岸田政権がぶちあげる新構想,https://news.yahoo.co.jp/articles/f4509f56230e533a6e457d3a1ca8a021606e5306,2/14(水) 6:32
shikihos,会社四季報オンライン,米国株は「もしトラ」「ほぼトラ」「確トラ」の3段階で考えよう,https://news.yahoo.co.jp/articles/a561331e565ea6c43fb49bf0b6f67053e0974fa6,2/13(火) 12:02
shikihos,会社四季報オンライン,高配当投資家が「2024年はグロース株投資」を重視するワケ,https://news.yahoo.co.jp/articles/9f971258f5153efd3dc3060808263d408315efc3,2/13(火) 7:32
shikihos,会社四季報オンライン,三菱商事が出資、「データビジネス」に挑む電子決済企業,https://news.yahoo.co.jp/articles/8af0627da8943fcf4e806a1b919d9f37cc0581bc,2/13(火) 6:32
shikihos,会社四季報オンライン,金利高止まりでも雇用増、アメリカ経済はなぜ強いのか,https://news.yahoo.co.jp/articles/4f3504e3c5eb2cdf0ff8294527769b3397f6bd4e,2/12(月) 7:02
shikihos,会社四季報オンライン,3万7000円に到達したあとも日経平均が上がりそうな理由,https://news.yahoo.co.jp/articles/519e98b02b33f04aafa243a71c45f90c5a9040ae,2/11(日) 8:02
shikihos,会社四季報オンライン,高配当株で1億円到達、億り人の「スクリーニング4条件」,https://news.yahoo.co.jp/articles/7ad7d950a47a0afbcfc2dbf8034cda94981a7912,2/11(日) 7:32
shikihos,会社四季報オンライン,解禁進み国内で急成長の「シェアビジネス」関連15銘柄,https://news.yahoo.co.jp/articles/2ee022c2af50118c640758766459e9e5cb958ac1,2/11(日) 7:02
shikihos,会社四季報オンライン,「バフェット指数」と「シラーPER」は賞味期限を過ぎたのか,https://news.yahoo.co.jp/articles/b37aee71a32a851e1d6b19c51be4934b19b53378,2/10(土) 8:02
shikihos,会社四季報オンライン,新NISA資金の「動き」が読めた ! 日経平均株価にも追い風,https://news.yahoo.co.jp/articles/368c3aafee5b254b393ea4941cbeff04ab47dcf0,2/10(土) 7:32
shikihos,会社四季報オンライン,日本株市場は急騰後の一服商状へ、狙い目は自動車関連,https://news.yahoo.co.jp/articles/618e931dd79da8aa43fc41097fedfe93af707a1d,2/10(土) 7:02
shikihos,会社四季報オンライン,アメリカ3大通信会社の一角ベライゾンが上昇基調のワケ,https://news.yahoo.co.jp/articles/ddb2734d105b61bba9124b720dd4881da592406b,2/9(金) 18:32
shikihos,会社四季報オンライン,AI関連のグロース株が「大陽線」で本格反騰へ、投資妙味大,https://news.yahoo.co.jp/articles/d813d072d07f930bb46bddb066816bddfeac2c52,2/9(金) 12:02
shikihos,会社四季報オンライン,多くの個人投資家が上昇相場に乗り遅れてしまう根本原因,https://news.yahoo.co.jp/articles/c06c5f4d6b9380a843a31d3dc691842f6075ef59,2/9(金) 6:32
shikihos,会社四季報オンライン,何かと話題の自動車セクターで今注目しておきたい有望株,https://news.yahoo.co.jp/articles/45c7f4033f93784db633ba699450dadbc22c33f9,2/8(木) 18:32
shikihos,会社四季報オンライン,DAIBOUCHOU氏が考える「今から投資でも遅くない」ワケ,https://news.yahoo.co.jp/articles/236206beffda0ab90eeb7b79d2d6351a68408f11,2/8(木) 7:02
shikihos,会社四季報オンライン,「デュオ」で躍進の化粧品企業、競合急増で路線転換の背景,https://news.yahoo.co.jp/articles/b44087ae34d30c9b5ff145e37d69f5f679c34d3a,2/8(木) 6:32
shikihos,会社四季報オンライン,リユース大手で強気サイン、高値更新へ反転期待高まる,https://news.yahoo.co.jp/articles/6cb0a273f61e70e32da3056032321a8404f967c3,2/7(水) 12:02
shikihos,会社四季報オンライン,「上方修正&増配」の総合商社に上昇トレンド追認サイン,https://news.yahoo.co.jp/articles/d399843cdb42d6045c5306acc263ad87180dde0d,2/5(月) 12:02
shikihos,会社四季報オンライン,大相場に発展？調整入り？日経平均が正念場を迎えている,https://news.yahoo.co.jp/articles/6ec5874d91244d5ca15ad2eb5c54e0e63bc8bd9e,2/4(日) 8:02
shikihos,会社四季報オンライン,"""想定外""にも強い「高配当利回り株」を見つける四季報テク",https://news.yahoo.co.jp/articles/6c65e332dec26459978616edca953a6b129bdfda,2/4(日) 7:02
shikihos,会社四季報オンライン,新素材に注目!?押し目買いを狙える「月足ぴょこ」食品銘柄,https://news.yahoo.co.jp/articles/5518ee5c7b3aa1406bb4699ba8378a1dae600a8d,2/3(土) 8:02
shikihos,会社四季報オンライン,日経平均の行方を占う2月5日、アメリカ2つの「重要指標」,https://news.yahoo.co.jp/articles/41c1877ee155ba2ffb63a00a074a647161ec219d,2/3(土) 7:32
shikihos,会社四季報オンライン,「日の丸半導体」復権のカギを握るラピダス関連18銘柄,https://news.yahoo.co.jp/articles/80408f64fecd81772be3e3296bbe88cbeb997577,2/3(土) 7:02
shikihos,会社四季報オンライン,個別株物色が本格化する日本株市場で要注目の好調3銘柄,https://news.yahoo.co.jp/articles/25459eb94fa8a909c86beaefa91d46629c5e24a3,2/2(金) 19:02
shikihos,会社四季報オンライン,「長期上昇波動」継続中の商社株が連日で昨年来高値を更新,https://news.yahoo.co.jp/articles/635591c2a9055924a460636b7c1b921ccce2870b,2/2(金) 12:02
shikihos,会社四季報オンライン,出店攻勢と訪日客需要で伸長、「高級眼鏡」の直近IPO株,https://news.yahoo.co.jp/articles/c90345b51b5bf0f94b2b550e9b9baedf437e6df4,2/1(木) 18:32
shikihos,会社四季報オンライン,自動車産業向けソフト、上昇機運高まり抵抗線突破に挑戦,https://news.yahoo.co.jp/articles/1c73598c87d73bbef3f41658e416f8a1e79891d1,1/31(水) 12:02
shikihos,会社四季報オンライン,3月までに最高値に迫る場面も、日経平均はまだ上昇する,https://news.yahoo.co.jp/articles/b477c32310c4386dbda707dbe4789908c8e8c9b1,1/30(火) 18:32
shikihos,会社四季報オンライン,「日経平均株価の上昇は今後も続く」と見ていいのだろうか,https://news.yahoo.co.jp/articles/0dd242efdd638e2e3564dc079a3644867e5fbe7b,1/30(火) 12:02
shikihos,会社四季報オンライン,バリュー投資のかぶ1000さんが考える「新NISA」活用術,https://news.yahoo.co.jp/articles/c69b68fc73be16ff7f5f85cfbb8c354642b2a32c,1/30(火) 7:32
shikihos,会社四季報オンライン,「重要なフシ」近づく自動車用電池銘柄、上昇波動に転換か,https://news.yahoo.co.jp/articles/86be942d3073bc1a8a861c4b2a3422ff3bdd6c28,1/29(月) 12:02
shikihos,会社四季報オンライン,東証要請で2024年も要注目、「配当利回り株投資」の勘所,https://news.yahoo.co.jp/articles/b530cc097becf0cac68fcd7722d6f505935a8248,1/29(月) 7:32
shikihos,会社四季報オンライン,剣が峰に立つ日経平均、3万7000円台乗せはありうるのか,https://news.yahoo.co.jp/articles/6c58144391c3a14af7ed0dfa623adc4814d94907,1/28(日) 8:02
shikihos,会社四季報オンライン,国策の重要性が増す日本発の「生成AI」開発関連10銘柄,https://news.yahoo.co.jp/articles/9a4cbc6d731b65654d1f3481a3cfe2708dfa3ecc,1/28(日) 7:02
shikihos,会社四季報オンライン,"マイナス金利解除の株式市場への影響は""軽微""とみるワケ",https://news.yahoo.co.jp/articles/896dab97494eb5b6b74269e7f5dd050944bb7dc3,1/27(土) 8:02
shikihos,会社四季報オンライン,頭打ち感の強い日経平均に不安を感じないこれだけの理由,https://news.yahoo.co.jp/articles/a8e502595f3ed5e0e165724d69fa2bd2482a2fcf,1/27(土) 7:32
shikihos,会社四季報オンライン,3Q決算本格化、今から注目したいインバウンド関連3銘柄,https://news.yahoo.co.jp/articles/a329be5b343a3a98a3642005bb6a8e403adb8624,1/27(土) 7:02
shikihos,会社四季報オンライン,スポーツファッション「ルルレモン」が世界的にウケる理由,https://news.yahoo.co.jp/articles/548050d3ff13ccdb2c76b7c8de0784b5c61648a4,1/26(金) 18:32
shikihos,会社四季報オンライン,半導体関連の装置メーカーが下値切り上げ、5桁乗せ視野,https://news.yahoo.co.jp/articles/b39e661193493e695427ba1f5f7cf54334a47075,1/26(金) 12:02
shikihos,会社四季報オンライン,"""負けない投資家""が教える「MBOブーム」で注意すべき点",https://news.yahoo.co.jp/articles/ce72af3e0b9f5f2ecf1073c32719452e0e03467b,1/26(金) 7:32
shikihos,会社四季報オンライン,"物流「2024年問題」で注目、""急成長企業""スタメンの商機",https://news.yahoo.co.jp/articles/2527f8d116be4a1f052477e34966cae233eaca26,1/26(金) 6:32
shikihos,会社四季報オンライン,エンタメ業界のM＆Aで伸長、ゲームセンターDX注目銘柄,https://news.yahoo.co.jp/articles/f70da77d9e851c1a3c560146e7204c97d7434687,1/25(木) 18:32
shikihos,会社四季報オンライン,日本企業の業績好調を支える「円安」はどこまで続く？,https://news.yahoo.co.jp/articles/7261a95efa02d1dc184e05aeafc5df76616ce5d6,1/25(木) 7:32
shikihos,会社四季報オンライン,たけぞうさんが国策絡みで2024年に熱視線を送る6銘柄,https://news.yahoo.co.jp/articles/4a593f7b608959f598d153e1c8a9845b03bc1d00,1/24(水) 18:32
shikihos,会社四季報オンライン,株価はまもなく反転上昇か、医療関連株に買いサイン点灯,https://news.yahoo.co.jp/articles/432e95d6e09abb507b597f1cc28af9ace3d15c0d,1/24(水) 12:02
shikihos,会社四季報オンライン,ジム・オニール「私の世界経済見通しはまだ強気である」,https://news.yahoo.co.jp/articles/be6b90020cc5eb60fe0f98af36d472b46a2ff910,1/24(水) 7:32
shikihos,会社四季報オンライン,銀行からテック企業へ、住信SBIネット銀行が抱く野望,https://news.yahoo.co.jp/articles/a835017a0892838385d29f63644e143c268ef822,1/23(火) 6:32
shikihos,会社四季報オンライン,値幅調整中のパワー半導体大手に底入れの「先行サイン」,https://news.yahoo.co.jp/articles/acaacfdb9437a938bf24466829d25acbcca93ab1,1/22(月) 12:02
shikihos,会社四季報オンライン,半導体企業も巻き込む、老舗化学企業が描く循環型社会,https://news.yahoo.co.jp/articles/e801d1b140b99851d943dadea32c490ba2f6f0fe,1/22(月) 6:32
shikihos,会社四季報オンライン,日経平均3万6000円の条件を2つのテクニカル指標で分析,https://news.yahoo.co.jp/articles/055ae46922a3ffebe2157c54cf8d63bacee52254,1/21(日) 8:02
shikihos,会社四季報オンライン,2Qの追い上げがサプライズ、PBR1倍割れの樹脂部品大手,https://news.yahoo.co.jp/articles/b17d2bf53adf4e1b64fa62fe0a767704e91ee9da,1/20(土) 8:02
shikihos,会社四季報オンライン,急騰する日経平均株価が「分岐点」を迎えたと考える理由,https://news.yahoo.co.jp/articles/491cf952e6bdad63433d39c18414593974600042,1/20(土) 7:32
shikihos,会社四季報オンライン,高値警戒感の根強い日本株市場で見直し買い必至の3銘柄,https://news.yahoo.co.jp/articles/26046fb87665f28a24bd437f2defb923035efd57,1/20(土) 7:02
shikihos,会社四季報オンライン,TSMC新工場12月稼働で飛躍期待、「熊本＆半導体」10銘柄,https://news.yahoo.co.jp/articles/d42c63682292cec75519e3e696b120839b0b4e8f,1/19(金) 18:32
shikihos,会社四季報オンライン,フュートレック＆エーアイ、日本発「音声連合」が挑む難所,https://news.yahoo.co.jp/articles/fdfe77889e6d9cace7768c04d14ab0472e980cd1,1/19(金) 12:32
shikihos,会社四季報オンライン,投信でおなじみ、気鋭の銘柄に「Wボトム」の買いサイン,https://news.yahoo.co.jp/articles/87fd57f956736c9049a9186c30e109b1e3264925,1/19(金) 12:02
shikihos,会社四季報オンライン,市況回復が追い風、雪国まいたけ「業績浮揚」に向けた戦略,https://news.yahoo.co.jp/articles/ab0109d677446ff08c4716207cc290fe029fc387,1/19(金) 6:32
shikihos,会社四季報オンライン,急がれる被災地復旧で注目される「道路整備機械」専業銘柄,https://news.yahoo.co.jp/articles/7799c5008200d2a13c4292340ddf726d680c70be,1/18(木) 18:32
shikihos,会社四季報オンライン,"""四季報の達人""が予測、2024年はグロース市場4年目の正直",https://news.yahoo.co.jp/articles/4c2cc9ab7b02c16d414bff4fd83968a04e824852,1/17(水) 18:32
shikihos,会社四季報オンライン,保ち合い相場転換、大手ゼネコンで強い上昇サイン点灯,https://news.yahoo.co.jp/articles/4b5dba9e7876c8e78bca345a7d52754f5f01f370,1/17(水) 12:02
shikihos,会社四季報オンライン,インバウンドで売れ行き好調、百貨店大手4社の最新状況,https://news.yahoo.co.jp/articles/193c15a4c4c2cc64d67f4070fa179456d0f64127,1/17(水) 7:32
shikihos,会社四季報オンライン,沸騰するVチューバービジネス、事務所大手が見る伸びしろ,https://news.yahoo.co.jp/articles/61ac3a4ed95d04424c7dcc477c06a1a96b269855,1/17(水) 6:32
shikihos,会社四季報オンライン,始まった生成AI本格普及、独自戦略で注目のGAFAM銘柄,https://news.yahoo.co.jp/articles/aee58e29a36a9ee3bedb56ef736fbe7dfa189043,1/16(火) 18:32
shikihos,会社四季報オンライン,低PBR改善に続け ! 「東証グロース市場改革」が始まる,https://news.yahoo.co.jp/articles/a7e1dd62b378ad64b0068e1fdc21e2e6d564def5,1/16(火) 12:02
shikihos,会社四季報オンライン,拭えぬインフレ懸念にアメリカ金融政策はどう動くか,https://news.yahoo.co.jp/articles/8a8d6a619c1637df61d05039bfc5841b260ed524,1/16(火) 6:32
shikihos,会社四季報オンライン,不動産大手の株価が続伸基調、17年ぶり上場来高値更新も,https://news.yahoo.co.jp/articles/6d0b22cc3042247e1a84847a09de75bab8c6c396,1/15(月) 12:02
shikihos,会社四季報オンライン,利益復調のケンタッキー、値上げ奏功に潜む商品戦略の妙,https://news.yahoo.co.jp/articles/841a5463cb68f4e1434c9f138bbbec6c6943f4a3,1/15(月) 6:32
shikihos,会社四季報オンライン,3万5500円台に到達、日経平均はこの先どこまで上がるか,https://news.yahoo.co.jp/articles/0abdd0d8d658acdf2c3af566424e64912090acab,1/14(日) 8:02
shikihos,会社四季報オンライン,ダロン・アセモグル教授「それでも格差は拡大している」,https://news.yahoo.co.jp/articles/a0ea5653096539ed5fcc25fc53ba1e28cb79934b,1/14(日) 7:32
shikihos,会社四季報オンライン,"SF映画でおなじみ""空飛ぶクルマ""、実用化に期待の11銘柄",https://news.yahoo.co.jp/articles/64d7598908b91da7f1059db5324fb71ffca09066,1/14(日) 7:02
shikihos,会社四季報オンライン,金融市場を待ち受ける「流動性枯渇」という次なる火種,https://news.yahoo.co.jp/articles/5df343c3efca239cb405f9225813eedad683d054,1/14(日) 6:32
shikihos,会社四季報オンライン,"政治危機と災害に直面するいま知るべき""名宰相""保科正之",https://news.yahoo.co.jp/articles/cec5e8d78e4cea8bcf4a27332cb8c6e733341536,1/13(土) 18:32
shikihos,会社四季報オンライン,「日経平均4万円」が意外と夢物語ではないシンプルな理由,https://news.yahoo.co.jp/articles/5a0894e4c0edd074ea4d220ece68f6a65696bb3b,1/13(土) 8:02
shikihos,会社四季報オンライン,高値警戒感漂う日本株市場で底堅さを発揮しそうな3銘柄,https://news.yahoo.co.jp/articles/81e22ab24f19282afb769a37f9eae51a955ac18b,1/13(土) 7:02
shikihos,会社四季報オンライン,スマホ向け通信半導体で高シェア、クアルコムの中期戦略,https://news.yahoo.co.jp/articles/85af5ff8d0b9be9c971793d416ad5b84463f8d48,1/12(金) 18:32
shikihos,会社四季報オンライン,医療機器大手が保ち合い上放れ、中期目線でも騰勢期待,https://news.yahoo.co.jp/articles/a059e73538c11f32ef4205a1810a610fe60d0455,1/12(金) 12:02
shikihos,会社四季報オンライン,頻発する自然災害、防災対策で注目の「ポンプ専業」銘柄,https://news.yahoo.co.jp/articles/319ec4c0222e9b14af9453970a1ce06e9feb92d5,1/11(木) 18:32
shikihos,会社四季報オンライン,震災で株価が暴落したとき、個人投資家はどうするべき？,https://news.yahoo.co.jp/articles/6355f6546795a90148c9c202fd4a6e0f15362519,1/11(木) 7:02
shikihos,会社四季報オンライン,「都心・築古物件」に特化するシェアオフィス企業の勝算,https://news.yahoo.co.jp/articles/95c7a1e8a72f6f41703600de2b657f4ba564d520,1/11(木) 6:32
shikihos,会社四季報オンライン,「2024年の国策」でたけぞうさんが注目する活躍期待7銘柄,https://news.yahoo.co.jp/articles/cb232ae50619d75170a5d434faf2cdebe7ce3f88,1/10(水) 18:32
shikihos,会社四季報オンライン,メーカー系リース銘柄で大陽線示現、上昇相場が続く展開,https://news.yahoo.co.jp/articles/c994d4403605493ebd77d8c60b8a2c395d34b1f7,1/10(水) 12:02
shikihos,会社四季報オンライン,"高級ヘルメットSHOEI、特需後の""再加速""を占う重要市場",https://news.yahoo.co.jp/articles/da65f91e9d9f410817bc46bfa4911e61bd85b735,1/10(水) 6:32
shikihos,会社四季報オンライン,「24年は円安で終わる」、為替のプロが喝破する納得のワケ,https://news.yahoo.co.jp/articles/19610016f8402421fd312ae8e048d63c9942971e,1/9(火) 18:32
shikihos,会社四季報オンライン,4年で再上場、エキサイトが狙う「新規事業工房」への変貌,https://news.yahoo.co.jp/articles/8fc3f6b11153658255f6b19760c39a35bc955b40,1/9(火) 6:32
shikihos,会社四季報オンライン,新NISAで高配当利回り株を慌てて買わなくてもいい理由,https://news.yahoo.co.jp/articles/d3be2105f1f6c9e5395b614bb5a6c39ebedf01d0,1/9(火) 6:02
shikihos,会社四季報オンライン,昨年同様の波乱スタート、「2024年相場」一段高への条件,https://news.yahoo.co.jp/articles/7aa3e49d63a12f4f39b1a7162f8caea694a6b353,1/7(日) 8:02
shikihos,会社四季報オンライン,「震災復旧」で貢献期待、高い技術力で実績のある12銘柄,https://news.yahoo.co.jp/articles/f1b330d7d46b6102a1bddfa6d581c7642d943093,1/7(日) 7:02
shikihos,会社四季報オンライン,ケネス・ロゴフ教授、「世界経済は危機を脱していない」,https://news.yahoo.co.jp/articles/28ea52f35976983695df0bfa9a63540eee0d7a88,1/7(日) 6:32
shikihos,会社四季報オンライン,業績絶好調、見直し買いの期待高まる「新興エンタメ銘柄」,https://news.yahoo.co.jp/articles/b49bfe9d57998b496fba04076a888fd89c372a16,1/6(土) 8:02
shikihos,会社四季報オンライン,2024年からの「新しい中期経営計画」が注目される6銘柄,https://news.yahoo.co.jp/articles/691e0aaa818a2ee508cfa348c0376344f8acd841,1/6(土) 7:02
shikihos,会社四季報オンライン,堅調見込みの日本株市場、新NISAに最適な3銘柄を狙い撃ち,https://news.yahoo.co.jp/articles/e7b7061a616d6a010f5f8ad8995be5a3ed0968cf,1/5(金) 18:32
shikihos,会社四季報オンライン,製糖大手が2つの「節目」をブレーク、一段高へ期待高まる,https://news.yahoo.co.jp/articles/71a9d002c41348121c9ff708d23afb8bd4e8e588,1/5(金) 12:02
shikihos,会社四季報オンライン,金融政策「転換点」迎える2024年、経験則で株価どうなる？,https://news.yahoo.co.jp/articles/7a32b6bab3e3a09b0cd45cb1b07b0c8852d464e1,1/4(木) 11:32
shikihos,会社四季報オンライン,「あずきバー」井村屋会長が語るロングセラー生み出す秘訣,https://news.yahoo.co.jp/articles/4db565a8db35eb5f197c387f1940e6d2a6e4df35,1/4(木) 6:32
shikihos,会社四季報オンライン,より効果的な「低位株投資」を実践するための四季報ワザ,https://news.yahoo.co.jp/articles/baf35501553bd4cc130fcdd287d1fc3f3832d27d,1/4(木) 6:02
shikihos,会社四季報オンライン,2024年は「選挙イヤー」、日本株上昇へ2つのアノマリー,https://news.yahoo.co.jp/articles/a0358f9a47ac268410319164687f7c96ddbb7e9b,1/3(水) 18:32
shikihos,会社四季報オンライン,イベントカレンダーから見えてきた2024年の有望銘柄3選,https://news.yahoo.co.jp/articles/596cedee0fbef6b33a56082cc9fa6765fbf28e7a,2023/12/31(日) 7:02
shikihos,会社四季報オンライン,2024年ビットコイン「半減期」到来で恩恵期待の金融株,https://news.yahoo.co.jp/articles/3de3794160875dae5c561b3f2d1ba02f9d19a942,2023/12/29(金) 7:02
shikihos,会社四季報オンライン,SBIの朝倉副社長に聞く「新NISA」後に見据えるべき論点,https://news.yahoo.co.jp/articles/a9284b61c6a464b9d97a9999ae4eba9e80b151d0,2023/12/29(金) 6:32
shikihos,会社四季報オンライン,新NISAで始めやすい「低位株」投資のベストな銘柄選別術,https://news.yahoo.co.jp/articles/e02f868180a7cd74e28c0f82f8185805d8e5f3f8,2023/12/29(金) 6:02
shikihos,会社四季報オンライン,半導体「後工程」で日本メーカーの技術に国内外から熱視線,https://news.yahoo.co.jp/articles/a7cbb3ce1beac9fb59e733fe2878332a94b306b2,2023/12/28(木) 6:32
shikihos,会社四季報オンライン,ジム・オニールが注目する今後のインフレ率を占う3要因,https://news.yahoo.co.jp/articles/364696ea9b71b946824012b1cf0ca138d9ef2f8e,2023/12/27(水) 12:02
shikihos,会社四季報オンライン,2024年も「高配当」や「PBR1倍割れ」銘柄に要注目のワケ,https://news.yahoo.co.jp/articles/d66dbff2517d657bb12d52e92ceb5245dfb2e559,2023/12/27(水) 7:32
shikihos,会社四季報オンライン,高成長SaaS「ラクス」、クラウドサービス快進撃の全裏側,https://news.yahoo.co.jp/articles/f8a0c4ed71870017ba5843a7bfc3b3dcc5e7c635,2023/12/27(水) 6:32
shikihos,会社四季報オンライン,2024年「大統領選挙イヤー」の米国株は一体どうなるのか,https://news.yahoo.co.jp/articles/eeb13ed6e40cba0846f1c8a486cd3f810c5ac80f,2023/12/26(火) 12:02
shikihos,会社四季報オンライン,5年ぶり大型IPO、日立が源流「半導体ニッチトップ」の強み,https://news.yahoo.co.jp/articles/0120b3e403aa9205a1c53d4a3440f7aa6ea39c72,2023/12/26(火) 6:32
shikihos,会社四季報オンライン,外食大手の株価に「値頃感」強まる、反発期待のサイン点灯,https://news.yahoo.co.jp/articles/a1e71e7a0e78ef4a0d50e2021ba71ce2ce937a4b,2023/12/25(月) 12:02
shikihos,会社四季報オンライン,ラピダスの開発受託で急騰、「半導体洗浄装置」企業の野望,https://news.yahoo.co.jp/articles/a6583c9612b5db35a95d2523f4de1ab5a614b5e0,2023/12/25(月) 6:32
shikihos,会社四季報オンライン,「掉尾の一振」はあるか、日経平均チャートの注目ポイント,https://news.yahoo.co.jp/articles/d6c27a3991f6ff1f3d93ba2408c1b11fbd167f6e,2023/12/24(日) 8:02
shikihos,会社四季報オンライン,"「2024年相場」に向けて12月最終週に再確認すべき""要点""",https://news.yahoo.co.jp/articles/e467980c60c4edc273cba14696dc4a7bbd49837e,2023/12/24(日) 7:02
shikihos,会社四季報オンライン,1月マイナス金利解除が濃厚も視界不良の日銀「次の一手」,https://news.yahoo.co.jp/articles/fe6d56f322717a3f28c42d2a8ec5135bf00e3f3d,2023/12/23(土) 8:02
shikihos,会社四季報オンライン,2024年の日経平均が「好調、新高値もありうる」と見る理由,https://news.yahoo.co.jp/articles/8d0afc3ea9c6fb918fc998a39b4b96148419dea1,2023/12/23(土) 7:32
shikihos,会社四季報オンライン,方向感に欠ける年末相場で来年に向けて仕込みたい3銘柄,https://news.yahoo.co.jp/articles/dd5c8e4f484d997ca7727a6ff8fa59c740c44f4f,2023/12/23(土) 7:02
shikihos,会社四季報オンライン,国土強靱化の新たなテーマで注目の「防災DX」関連9銘柄,https://news.yahoo.co.jp/articles/209173e90b145c929a956e23345940aff2310707,2023/12/22(金) 18:32
shikihos,会社四季報オンライン,「車のコーティング」の会社が年初来高値、なお上値余地大,https://news.yahoo.co.jp/articles/5d3070398a01cf07120c54606ffa8ddab29aac94,2023/12/22(金) 12:02
shikihos,会社四季報オンライン,28歳社長率いるAI企業の新星が「高収益率」を保つ仕組み,https://news.yahoo.co.jp/articles/e3ea2b670f0a3662d49de4646156e7e1b4ea09ac,2023/12/22(金) 6:32
shikihos,会社四季報オンライン,プログラミング不要のSaaSが急拡大、DX支援の直近IPO株,https://news.yahoo.co.jp/articles/b472487f70901053f1de132666251f4ee44bc687,2023/12/21(木) 18:32
shikihos,会社四季報オンライン,DAIBOUCHOU氏が注目している「2024年も負けない銘柄」,https://news.yahoo.co.jp/articles/5def84d8a8b8ce3943c18ac6e330f71048ee35e6,2023/12/21(木) 7:02
shikihos,会社四季報オンライン,たけぞうさんも注目、「株主還元の強化」をうたう6銘柄,https://news.yahoo.co.jp/articles/1a93012eef6fe715f97630ee22e10025ff71f30d,2023/12/20(水) 18:32
shikihos,会社四季報オンライン,カメラ通販サイト運営、株価は強気転換へ抵抗線超えか,https://news.yahoo.co.jp/articles/b314d916dde63ff91ae46cd7567dde4ae02228c5,2023/12/20(水) 12:02
shikihos,会社四季報オンライン,新NISAで「買うべき銘柄」を簡単に見つけ出す四季報テク,https://news.yahoo.co.jp/articles/9e3b6b2b354b899e9929320f2d35eb9361e3d260,2023/12/20(水) 8:02
shikihos,会社四季報オンライン,名証上場から1年、足場レンタル企業が東証を目指す理由,https://news.yahoo.co.jp/articles/6a39136cc236335c01a5d4cf21c708dd828fde01,2023/12/20(水) 6:32
shikihos,会社四季報オンライン,"上値の重さは一時的、日本株は""史上最高値の更新""に挑む",https://news.yahoo.co.jp/articles/238e18bd429fb08843cc7f009e412984fb3c8992,2023/12/19(火) 18:32
shikihos,会社四季報オンライン,EVに不可欠、国が本気で支援するパワー半導体関連10銘柄,https://news.yahoo.co.jp/articles/df477dec33592d4211f7871ef12eea8b705fb509,2023/12/19(火) 7:32
shikihos,会社四季報オンライン,年初来高値試すアルミメーカー、長期でも「一段高」近づく,https://news.yahoo.co.jp/articles/de6419b173cc534b9728c58c17492934cc4ed7aa,2023/12/18(月) 12:02
shikihos,会社四季報オンライン,日銀会合後の日本株の行方を先読みする「超重要ヒント」,https://news.yahoo.co.jp/articles/e8f67900dc417591b0a4482163365c15f9b15e6d,2023/12/17(日) 8:02
shikihos,会社四季報オンライン,四季報で簡単に判別 ! 「ESG投資」で上昇株を探す極意,https://news.yahoo.co.jp/articles/6a9744f85fc47043d9b114e43488a067cc0af328,2023/12/17(日) 7:32
shikihos,会社四季報オンライン,「短期波乱」か「年末高」か、師走相場のヤマ場がやってきた,https://news.yahoo.co.jp/articles/5dc476d7d77ddd6935846345f455efb757de1164,2023/12/17(日) 7:02
shikihos,会社四季報オンライン,四季報「新春号」で集計 ! 減配なしの高配当利回り50銘柄,https://news.yahoo.co.jp/articles/0f011d29217178ef3bf514900cdef362a1aa2d66,2023/12/16(土) 18:32
shikihos,会社四季報オンライン,株主優待が魅力的、業績改善で株価上昇に期待大の低位株,https://news.yahoo.co.jp/articles/4120480af2485fe9622de109d382b11e735e9403,2023/12/16(土) 8:02
shikihos,会社四季報オンライン,「掉尾の一振」へ期待高まる日本株相場で注視したい3銘柄,https://news.yahoo.co.jp/articles/7b2dd707940e326f41c53330f2c764b6dc80b94c,2023/12/16(土) 7:02
shikihos,会社四季報オンライン,法人ネットセキュリティ大手クラウドストライクが黒字化,https://news.yahoo.co.jp/articles/d48158b84a71aa6a193375b83349ed6eccef6823,2023/12/15(金) 18:32
shikihos,会社四季報オンライン,直近IPOながら国策銘柄として有望な半導体洗浄装置株,https://news.yahoo.co.jp/articles/312fc19062978d324ef790146a017eca861ed5c9,2023/12/14(木) 18:32
shikihos,会社四季報オンライン,四季報「新春号」で分析 ! 連続増配年数ランキングTOP50,https://news.yahoo.co.jp/articles/ab56a2bc76bc37905ef3f63cc32dddda7324b4f1,2023/12/14(木) 7:32
shikihos,会社四季報オンライン,冷凍食品などを手がける水産大手に「一段高」の気配接近,https://news.yahoo.co.jp/articles/2315a3c17beddeb15e8930865effc2abb7cdc40b,2023/12/13(水) 12:02
shikihos,会社四季報オンライン,ケネス・ロゴフ教授「油断をするな、長期金利上昇は続く」,https://news.yahoo.co.jp/articles/a3e9a5a2e5d034420ab1ab93bb376ec8412ca981,2023/12/13(水) 6:32
shikihos,会社四季報オンライン,「円安修正」「政局混迷」でも2024年の日本株は期待できる,https://news.yahoo.co.jp/articles/456f0037d0361678177da7bcaaab92e4d2e1723d,2023/12/12(火) 12:02
shikihos,会社四季報オンライン,一段高へエネルギー蓄積、マヨネーズの会社に買いサイン,https://news.yahoo.co.jp/articles/e2da474d61d32f28c64d31218759a422884eaf6d,2023/12/11(月) 12:02
shikihos,会社四季報オンライン,乱高下の日経平均、この先の値動きを読む「2つのヒント」,https://news.yahoo.co.jp/articles/93e4174a421233aeace2ee5f0d442884c3d59bdc,2023/12/10(日) 8:02
shikihos,会社四季報オンライン,"危機を乗り越え徳川の天下へ、""エドノミクス""実現の背景",https://news.yahoo.co.jp/articles/0a2a0d2956624755c744064ef6af0ecb64e121ce,2023/12/10(日) 7:32
shikihos,会社四季報オンライン,"「植田ショック」の荒れ相場で見逃してはいけない""勝ち筋""",https://news.yahoo.co.jp/articles/951ee29bbd428ff5ca50b739d306d5ec1a516e13,2023/12/10(日) 7:02
shikihos,会社四季報オンライン,深刻なタクシー不足、「ライドシェア」解禁で期待の9銘柄,https://news.yahoo.co.jp/articles/a4321cd99d846913363d8b37b188579dd6aaba82,2023/12/9(土) 18:32
shikihos,会社四季報オンライン,"アメリカ長期金利低下でも""大幅な円高はない""とみるワケ",https://news.yahoo.co.jp/articles/c913cd1329f5644b7c2c863a8fb49d5e827c06e8,2023/12/9(土) 8:02
shikihos,会社四季報オンライン,金融政策にらみの日本株市場で安心感のある内需系3銘柄,https://news.yahoo.co.jp/articles/66e12599bd1b0a8c2d6ad59e2a43fb1b6b2627ee,2023/12/8(金) 18:32
shikihos,会社四季報オンライン,外食銘柄に押し目買いの好機到来、中期視点では「青天井」,https://news.yahoo.co.jp/articles/4036d2b69dae9b6daaa621a3a5e53dbd8d642030,2023/12/8(金) 12:02
shikihos,会社四季報オンライン,「78%で据え置き」ChatGPTが見抜いたパウエルの頭の中,https://news.yahoo.co.jp/articles/89fe29e7a15398eab901ff60fbc25468f9300a9e,2023/12/8(金) 7:32
shikihos,会社四季報オンライン,「マルちゃん」の東洋水産が株価急伸、米国で絶好調のワケ,https://news.yahoo.co.jp/articles/70f08e29482d50f01c22ee4692bdff09ab542ed8,2023/12/8(金) 6:32
shikihos,会社四季報オンライン,ROM書き込み好調で上振れ、連続増配「産業用メモリー」株,https://news.yahoo.co.jp/articles/7f5ae1198910e3e2735905b19a2b981f8c829ad6,2023/12/7(木) 18:32
shikihos,会社四季報オンライン,億り人が考える ! 意外と使いづらい「新NISA」の投資戦略,https://news.yahoo.co.jp/articles/754a2b092847e19ce5cca056c691209d3c3cdf27,2023/12/7(木) 7:02
shikihos,会社四季報オンライン,"新NISAで避けたほうがいい「要注意銘柄」の""2つの特徴""",https://news.yahoo.co.jp/articles/fb0977b924c1554d8d78cb8b5ebcf1c1f5fdc65e,2023/12/7(木) 6:32
shikihos,会社四季報オンライン,東証からの圧力が続いた2023年、来年に注目の一挙31銘柄,https://news.yahoo.co.jp/articles/c794249a9840d64b3649e20a3f4fa2b700011b4f,2023/12/6(水) 18:32
shikihos,会社四季報オンライン,年初来高値を更新した製パン大手、上昇余地で再動意も,https://news.yahoo.co.jp/articles/43aa641d987fd4f9d5afb6970e27d4b770ddb8bf,2023/12/6(水) 12:02
shikihos,会社四季報オンライン,創業62年で上場、老舗のコンベヤ部品最大手が見出す勝機,https://news.yahoo.co.jp/articles/d7b537bfb45a83afce88fa9c3df714f81a6ce3f7,2023/12/6(水) 6:32
shikihos,会社四季報オンライン,エヌビディア好調決算が示唆する、半導体市場の「転換点」,https://news.yahoo.co.jp/articles/71a70f5ce8183be4e8007e66044e1a705ca38a8c,2023/12/5(火) 18:32
shikihos,会社四季報オンライン,今注目の投資指標「労働生産性」で有望株を選ぶ四季報テク,https://news.yahoo.co.jp/articles/3471786ed3b7c5801d913690c30989a06db36d53,2023/12/5(火) 12:02
shikihos,会社四季報オンライン,中堅ドラッグのクリエイトSDが出店加速に邁進する事情,https://news.yahoo.co.jp/articles/ce7306b8954df23f04e60e8e7eb55415fd82192b,2023/12/5(火) 6:32
shikihos,会社四季報オンライン,半導体パッケージ大手に「調整一巡」のサイン、上昇再開へ,https://news.yahoo.co.jp/articles/6fdf6978b99ee359f4f53170be42fbf796efa7be,2023/12/4(月) 12:02
shikihos,会社四季報オンライン,物価高の冬を乗り切る「ヒートポンプ給湯器」関連7銘柄,https://news.yahoo.co.jp/articles/4f1709545610c3d3cd5567d5a20914ccf8090ddc,2023/12/4(月) 6:32
shikihos,会社四季報オンライン,膠着状態の日経平均、上下に動くとすれば発動条件は何か,https://news.yahoo.co.jp/articles/79ffc0e799abfe0ae07ee1c9c495db8ed3007c1f,2023/12/3(日) 8:02
shikihos,会社四季報オンライン,「カニカマ」が海外で人気に!?老舗練り物銘柄に妙味あり,https://news.yahoo.co.jp/articles/f0d599f87d6de43cfca312bff8f43f694a6c8b74,2023/12/2(土) 8:02
shikihos,会社四季報オンライン,膠着感の強い日本株相場でジリ高期待の「飲料関連」3銘柄,https://news.yahoo.co.jp/articles/28ddf9e6bd1739900fa44e4230b91bddecc280f3,2023/12/2(土) 7:02
shikihos,会社四季報オンライン,配車サービス大手ウーバーの「通期黒字浮上」が見えてきた,https://news.yahoo.co.jp/articles/e54b3154edb9a73ee4b0a4f5d54b631b82db285e,2023/12/1(金) 18:32
shikihos,会社四季報オンライン,半導体関連銘柄が「雲」上抜け、12月は上昇基調の可能性大,https://news.yahoo.co.jp/articles/f49f5e2530046b7bbd812ed8feca2cc16f5fa664,2023/12/1(金) 12:02
shikihos,会社四季報オンライン,株価「爆騰」のスクリーンHD、半導体市況低迷でも増益の計,https://news.yahoo.co.jp/articles/221f8164fa32330b346ec71df473543b6e601c2b,2023/12/1(金) 6:32
shikihos,会社四季報オンライン,"""手軽に健康""の廉価ジムが急拡大、フィットネス注目銘柄",https://news.yahoo.co.jp/articles/c02a3a1ad006f20d1929cc85295dbe009461a368,2023/11/30(木) 18:32
shikihos,会社四季報オンライン,大阪・関西万博の「目玉」として密かに期待する企業とは？,https://news.yahoo.co.jp/articles/082f8b79c1302a342b511f1d8b6a18285c530579,2023/11/29(水) 18:32
shikihos,会社四季報オンライン,上昇相場転換の工作機械大手、展開次第で年初来高値も,https://news.yahoo.co.jp/articles/e137cc83c80e346f637d39aa97375885d114fb22,2023/11/29(水) 12:02
shikihos,会社四季報オンライン,株価に逆風 ! 米長期金利が高止まりするこれだけの理由,https://news.yahoo.co.jp/articles/f51678b951ea5e4a4427710503427e54a1b587fd,2023/11/28(火) 18:32
shikihos,会社四季報オンライン,2024年「辰年」の日本株は変動が激しくなるかもしれない,https://news.yahoo.co.jp/articles/0904026023de98c9bae711ff0c726da8c98dc536,2023/11/28(火) 12:02
shikihos,会社四季報オンライン,炭素製品大手に強いモメンタム発生、4年半ぶり高値が視野,https://news.yahoo.co.jp/articles/2f2ba09a37b522f2f9427fc1c00d284ffdac2c9e,2023/11/27(月) 12:02
shikihos,会社四季報オンライン,アメリカ大統領選で政策転換？ドル高円安に異変の可能性,https://news.yahoo.co.jp/articles/350c3522208455aa67e692aa52314442e3ef52b7,2023/11/27(月) 6:32
shikihos,会社四季報オンライン,"日経平均の「年末高」を占う""重要な1週間""がやってきた",https://news.yahoo.co.jp/articles/bd150bb376f9252b63f2b63efabfe6655ac6f596,2023/11/26(日) 8:02
shikihos,会社四季報オンライン,騰勢一服感の日本株相場、その中で選好される銘柄とは？,https://news.yahoo.co.jp/articles/57cff2e1d893ddff86a306b73dabd79d788627e1,2023/11/26(日) 7:02
shikihos,会社四季報オンライン,アメリカ経済「リセッション」でも株価が崩れない理由,https://news.yahoo.co.jp/articles/39d4b33a11c58ca6a7c4b5b600c56b7c3a0e802c,2023/11/25(土) 8:02
shikihos,会社四季報オンライン,日経平均は「上放れ」か「下押し」かの重大な分岐点を迎える,https://news.yahoo.co.jp/articles/008864dc051f1b4037305d734fc40a9c87aeec48,2023/11/25(土) 7:32
shikihos,会社四季報オンライン,ジリ高想定の日本株相場で注視したい「好調ニッチ」3銘柄,https://news.yahoo.co.jp/articles/00b87eaa6e2b265dc6ecc39aab50645aa7296435,2023/11/25(土) 7:02
shikihos,会社四季報オンライン,"""終活""先進国ニッポンが課題解決に挑む、関連の有望9銘柄",https://news.yahoo.co.jp/articles/c1188d63bff465264a4f50cb485259ac8c90048c,2023/11/24(金) 18:32
shikihos,会社四季報オンライン,暮らしのトラブル関連の成長銘柄「ストップ高」で上放れへ,https://news.yahoo.co.jp/articles/7dbc085d7f0f0ee62154195d9e244abccada80ad,2023/11/24(金) 12:02
shikihos,会社四季報オンライン,"本業で悲鳴、老舗上場企業が手を染めた疑惑の""粉飾決算""",https://news.yahoo.co.jp/articles/05cea90dfb03ba498204ead4fa31fbe53c470f83,2023/11/24(金) 6:32
shikihos,会社四季報オンライン,"実質賃金""上昇の切り札""を活用して有望株を選別する条件",https://news.yahoo.co.jp/articles/f7942ebace62936c308c7ba13f5bc1d2eb52e524,2023/11/23(木) 7:32
shikihos,会社四季報オンライン,もうすぐ発売 ! 四季報「新春号」で見るべき4つのポイント,https://news.yahoo.co.jp/articles/0a2c0711587d5a8694c12df3d64d1d1c601f29ad,2023/11/23(木) 7:02
shikihos,会社四季報オンライン,"2Q決算でたけぞうさんが注目した""好決算＆高配当""銘柄",https://news.yahoo.co.jp/articles/94cadea13c4fb38b092a4c23bd55973796301dc6,2023/11/22(水) 18:32
shikihos,会社四季報オンライン,パワー半導体銘柄に反転上昇の兆し、大台復活の可能性も,https://news.yahoo.co.jp/articles/616beacbf626d2aba31734b05135b17180567607,2023/11/22(水) 12:02
shikihos,会社四季報オンライン,「上方修正と増配」発表で商い急増のオフィス家具メーカー,https://news.yahoo.co.jp/articles/15c228a65c29d13df2de3f553e05eb9c5c83ce1b,2023/11/20(月) 12:02
shikihos,会社四季報オンライン,"決算発表シーズン後に必ずやっておきたい""2つ""のこと",https://news.yahoo.co.jp/articles/114bea5d1820a07e8f5b5858fb64f116bc5e4275,2023/11/20(月) 7:32
shikihos,会社四季報オンライン,「歴史的瞬間」が迫る日経平均、年初来高値更新のカギは？,https://news.yahoo.co.jp/articles/acd52a29acffcc69ba38e75967af1ef3c069c78c,2023/11/19(日) 8:02
shikihos,会社四季報オンライン,個人投資家は「レバレッジ」を活用するべきなのだろうか,https://news.yahoo.co.jp/articles/058d9a87bd0f7d75cbdec83e43802706c4b904aa,2023/11/19(日) 7:32
shikihos,会社四季報オンライン,日経平均7月高値は「近くて遠い年初来高値」かもしれない,https://news.yahoo.co.jp/articles/faf3818778ee373e76f87c8717fbc7871a89515f,2023/11/19(日) 7:02
shikihos,会社四季報オンライン,"「EV」や「あの最新技術」で注目度が高まる""超小型銘柄""",https://news.yahoo.co.jp/articles/6256a9339df4c51312082a2b5440c2ce949f89d5,2023/11/18(土) 8:02
shikihos,会社四季報オンライン,世界に先駆け技術力で挑む、「スマート農業」関連の8銘柄,https://news.yahoo.co.jp/articles/903de052accdba4bb1ed1381b07eada17082fd51,2023/11/18(土) 7:32
shikihos,会社四季報オンライン,"好悪入り交じる日本株相場で""勢い""に期待の小型株3銘柄",https://news.yahoo.co.jp/articles/6df77a6bfda46ea2f068ddc984980efc2ada204e,2023/11/18(土) 7:02
shikihos,会社四季報オンライン,スーパーカーの代名詞「フェラーリ」のブランド維持戦略,https://news.yahoo.co.jp/articles/67d761febe220f614830b7204b2327e2c7232562,2023/11/17(金) 18:32
shikihos,会社四季報オンライン,苦しんできた化学銘柄が年初来高値、「上放れ」のサイン,https://news.yahoo.co.jp/articles/669e90426e5c4f74b7dc90436e5008217cd51896,2023/11/17(金) 12:02
shikihos,会社四季報オンライン,ダロン・アセモグル「アメリカは真の中国問題を直視せよ」,https://news.yahoo.co.jp/articles/745ed2a152126e94cb7e17366b268fe7e571d58f,2023/11/17(金) 7:32
shikihos,会社四季報オンライン,独自の品ぞろえと訪日客需要で好調、リベンジ消費注目株,https://news.yahoo.co.jp/articles/6fdcfc64f28542b54eae5d2eb2f0c662d07ce662,2023/11/16(木) 18:32
shikihos,会社四季報オンライン,日経平均は2025年大阪・関西万博開催時に上昇している？,https://news.yahoo.co.jp/articles/c3605f2751d600f29774452ef0fca67c6bbebca5,2023/11/15(水) 18:32
shikihos,会社四季報オンライン,回転ずしチェーン首位銘柄に「底値買い」のチャンス到来,https://news.yahoo.co.jp/articles/d80a1d7c28d11640452919732f02c53a797c5cc8,2023/11/15(水) 12:02
shikihos,会社四季報オンライン,クリス・パッテン「日中経済対決の潮目は大きく変わった」,https://news.yahoo.co.jp/articles/0858eaece241270a90d1635d60e6ec6bd2c0cd24,2023/11/15(水) 7:32
shikihos,会社四季報オンライン,インサイダーリスクが急増 ? 異例摘発で見えた国の思惑,https://news.yahoo.co.jp/articles/66d96e9a6148c5425a321efcacebef45092eab93,2023/11/15(水) 6:32
shikihos,会社四季報オンライン,日本株の上昇を予感させる「5つの重要な変化」とは何か,https://news.yahoo.co.jp/articles/c016005dbcb0e78cd730d847b84932bcefdaf217,2023/11/14(火) 12:02
shikihos,会社四季報オンライン,"利上げ見送りの裏で不穏な兆候、犯人は""インフレ再燃""",https://news.yahoo.co.jp/articles/bf65aed316e6e28d8339ca1953b6c33c74bd9443,2023/11/14(火) 6:32
shikihos,会社四季報オンライン,「ニッチトップ」化学銘柄に上昇トレンド発生のサイン,https://news.yahoo.co.jp/articles/56c7290acea16e0f5bddbb39d78903eeeac00679,2023/11/13(月) 12:02
shikihos,会社四季報オンライン,「どっちなんだい状態」の日経平均の方向感を見極める方法,https://news.yahoo.co.jp/articles/f3f4220452587d6c7320c695a74d41432b412a1f,2023/11/12(日) 8:02
shikihos,会社四季報オンライン,11月第3週の日本株相場の基調転換を示唆する4つのサイン,https://news.yahoo.co.jp/articles/a3675bba5eb4869f1eb94b6f85be858a43d0cfc7,2023/11/12(日) 7:02
shikihos,会社四季報オンライン,"""YCC微修正""でも金融政策正常化へ歩を進める日銀の真意",https://news.yahoo.co.jp/articles/aafa3e7b81105bbcb16e7d9d58d91ae2edca599c,2023/11/11(土) 8:02
shikihos,会社四季報オンライン,「バフェット効果」再来、2023年度の日経平均は上値追いへ,https://news.yahoo.co.jp/articles/6c56dce5f66ce6e526313dc25a1f164d11836051,2023/11/11(土) 7:32
shikihos,会社四季報オンライン,金利にらみの神経質相場で「買い安心感」のある増額3銘柄,https://news.yahoo.co.jp/articles/5a400a7fe6a4bb09ff155a82aa27ffbd6853bc6b,2023/11/11(土) 7:02
shikihos,会社四季報オンライン,日本発「曲がる太陽電池」が開発加速、関連の有望11銘柄,https://news.yahoo.co.jp/articles/d2e3ad2091f8f2866ee89316d591158862e5e970,2023/11/10(金) 18:32
shikihos,会社四季報オンライン,17年ぶり水準に戻ってきたホームセンター株に一段高期待,https://news.yahoo.co.jp/articles/74e5d097eb3b1e799611eacae3c189c4f8f49ff3,2023/11/10(金) 12:02
shikihos,会社四季報オンライン,"電機と鉄道、2人の創業者に学ぶ日本経済""復興""のヒント",https://news.yahoo.co.jp/articles/ea2ace254d87b69d690f6e3342aec5d346534287,2023/11/10(金) 6:32
shikihos,会社四季報オンライン,海外好調・国内底打ちで年初来高値の「リオープン」注目株,https://news.yahoo.co.jp/articles/08a04380a518b2a80285e1f228046902dcc3ab3b,2023/11/9(木) 18:32
shikihos,会社四季報オンライン,個人投資家も「信用残データ」をチェックすべきなのか,https://news.yahoo.co.jp/articles/aeaf59b62e26b89959b0b2caa473723b3155a5ea,2023/11/9(木) 7:02
shikihos,会社四季報オンライン,どうするヘリオス？提携先が「倒産予告」、株価3割安の激震,https://news.yahoo.co.jp/articles/31a9906b83ba8e20f310b177ee4fee3b9fccd11c,2023/11/9(木) 6:32
shikihos,会社四季報オンライン,まだ続く東証の圧力で「今からでも狙える低PBR株」5銘柄,https://news.yahoo.co.jp/articles/e893e58f5d0c741985d5c23193f412e50f111735,2023/11/8(水) 18:32
shikihos,会社四季報オンライン,株価上放れ、「青天井」が射程内に入った情報通信関連銘柄,https://news.yahoo.co.jp/articles/5790947cf13301ab5941adeedf97827fa42ecce2,2023/11/8(水) 12:02
shikihos,会社四季報オンライン,マネックス松本大氏が考える日経平均「バブル超え」の条件,https://news.yahoo.co.jp/articles/93a326564ca063678da880d0b9e8e9cbd6fac7b4,2023/11/8(水) 10:52
shikihos,会社四季報オンライン,Bコミ氏イチオシ、不透明局面で生きる銘柄選びの2大手法,https://news.yahoo.co.jp/articles/9a319535f8f18876c23163a8a4b2c127c3fc0ac5,2023/11/8(水) 6:32
shikihos,会社四季報オンライン,トヨタの絶好調決算が示唆、日米「年末高」への着実な証拠,https://news.yahoo.co.jp/articles/f2b596489920a0dd90dfa8c0f1ba0be5fed89b60,2023/11/7(火) 18:32
shikihos,会社四季報オンライン,"""負けない投資家""が今教えたい「現行NISA」の取り扱い方",https://news.yahoo.co.jp/articles/d09432e83a023b1dd6cde2e56443f7a5a60f49c2,2023/11/7(火) 12:02
shikihos,会社四季報オンライン,日本のエネルギー政策に大試練、「中東リスク」が現実に,https://news.yahoo.co.jp/articles/5162e2f77c8c8166a073351df7f8cf78fc005b22,2023/11/7(火) 6:32
shikihos,会社四季報オンライン,値幅調整終了で押し目買い好機到来の「半導体関連銘柄」,https://news.yahoo.co.jp/articles/16cfea4a1b494eacc2155784237123877112442c,2023/11/6(月) 12:02
shikihos,会社四季報オンライン,"3連休明けの""向き""を注視すべき「移動平均線」とは何か",https://news.yahoo.co.jp/articles/8461d4b7cac539d4c54009a4f02b77ef35bd98e2,2023/11/5(日) 8:02
shikihos,会社四季報オンライン,株価上昇の余地あり ! 通期上方修正が濃厚なアイス銘柄,https://news.yahoo.co.jp/articles/019bec0af08085d419b70763e7ffa67edd1a035a,2023/11/4(土) 8:02
shikihos,会社四季報オンライン,"国民の4割超が罹患、国策必須の""花粉症対策""関連16銘柄",https://news.yahoo.co.jp/articles/6b63c66dcbd8b8d72634e343c357894d241a2868,2023/11/4(土) 7:32
shikihos,会社四季報オンライン,日本でもおなじみ「コストコ」が安定成長を続ける納得理由,https://news.yahoo.co.jp/articles/1d992f68140720a8195bef5c6e9332d6129aa527,2023/11/3(金) 8:02
shikihos,会社四季報オンライン,"割安＆高成長の""王道""有望銘柄を探し出す四季報ワザ",https://news.yahoo.co.jp/articles/8631081866bebae991737c99e0c8c894c8e2fb39,2023/11/3(金) 7:32
shikihos,会社四季報オンライン,モミ合い想定の日本株相場で「先高期待」十分な好調3銘柄,https://news.yahoo.co.jp/articles/64ec18d626c72319ead6a0156e03c300e4dc3141,2023/11/3(金) 7:02
shikihos,会社四季報オンライン,半導体市況復調兆しで大幅上方修正、「水処理装置」注目株,https://news.yahoo.co.jp/articles/0a8824f6a79868c2a05179b565b6c1d29d0683e6,2023/11/2(木) 18:32
shikihos,会社四季報オンライン,"「経済圏」をフル活用、ネット銀行最大手が繰り出す""一手""",https://news.yahoo.co.jp/articles/ca639b18adc9dc5246f8f31bdb59ac29be0300cc,2023/11/2(木) 6:32
shikihos,会社四季報オンライン,PBR1倍割れの乳製品メーカー、株価一段上げの好機到来か,https://news.yahoo.co.jp/articles/e96f1fa91ef2a3e7d8550d06a3a8b4595e56aca4,2023/11/1(水) 12:02
shikihos,会社四季報オンライン,「配当は絶対増やし続ける」、住友不が年7円増配継続のワケ,https://news.yahoo.co.jp/articles/ae7c1dafe14367015e8df8e7bae19c98d1d3fbcf,2023/11/1(水) 6:32
shikihos,会社四季報オンライン,日本株に「クリスマス相場」が到来する条件は整いつつある,https://news.yahoo.co.jp/articles/4c1e6a1626b81ec2e1720c57e2600f148c35e58b,2023/10/31(火) 12:02
shikihos,会社四季報オンライン,"住友不動産、""10期連続・最高益""達成で目指す次なる野望",https://news.yahoo.co.jp/articles/c14a3c9e1f6a75f394b271fcfc3ccb9f75e7908f,2023/10/31(火) 6:32
shikihos,会社四季報オンライン,株主優待新設で「大陽線」の下水道関連銘柄に再動意余地,https://news.yahoo.co.jp/articles/c72b0c053393648fe36d27cf4523959e09060300,2023/10/30(月) 12:02
shikihos,会社四季報オンライン,国が本腰を入れる「浮体式洋上風力発電」で期待の11銘柄,https://news.yahoo.co.jp/articles/136811af93ee2ad6d4bfdde2cba5867cf581b775,2023/10/30(月) 6:32
shikihos,会社四季報オンライン,"「11月相場」入りの1週間、注視したい""3つの重要ポイント""",https://news.yahoo.co.jp/articles/bd335b5ec7b5449af176b78f969055a99518f76a,2023/10/29(日) 8:02
shikihos,会社四季報オンライン,右肩上がりの株式市場で「バリュー株投資」は有効なのか,https://news.yahoo.co.jp/articles/551be02416847f56c57bab67537981bf39e9c753,2023/10/29(日) 7:32
shikihos,会社四季報オンライン,2Q決算が本格化、個別物色で見逃したくない「相場のアヤ」,https://news.yahoo.co.jp/articles/d3930cbaea9460a45e51fcbe706a57be46f9786f,2023/10/29(日) 7:02
shikihos,会社四季報オンライン,10月の株式相場変調が示す「アメリカ1強時代の終わり」,https://news.yahoo.co.jp/articles/4e135de6b54ef9ebb4d606ee197287b244754f11,2023/10/28(土) 8:02
shikihos,会社四季報オンライン,乱高下の日経平均も「底入れは近い」と判断できる納得理由,https://news.yahoo.co.jp/articles/8f1bcb807a5e8ca0d37a60cb9dcb273a7a19d253,2023/10/28(土) 7:32
shikihos,会社四季報オンライン,好悪両材料が混在する日本株市場で上値余地十分の3銘柄,https://news.yahoo.co.jp/articles/fe518b027c07173b89d5f52af3a01999406e3ed1,2023/10/28(土) 7:02
shikihos,会社四季報オンライン,経済正常化で再注目、「伝統的な銘柄選別法」の効果を検証,https://news.yahoo.co.jp/articles/ea5d5efa3908a6e3ea35d89debdd3a990db721fa,2023/10/27(金) 18:32
shikihos,会社四季報オンライン,相場の軟調に負けない、道路舗装大手が「上場来高値」更新,https://news.yahoo.co.jp/articles/d050ddbda7d0520b892af1aaeb40f2aa54c4c951,2023/10/27(金) 12:03
shikihos,会社四季報オンライン,企業分析のプロ集団が四季報「秋号」を徹底解説【後編】,https://news.yahoo.co.jp/articles/822db20171a750526a8998d03d60408c9258838d,2023/10/27(金) 7:32
shikihos,会社四季報オンライン,"「金利上昇は非常にプラス」""地銀の雄""に吹く市場の追い風",https://news.yahoo.co.jp/articles/d6becf0b751b1a3eed29bff83e6b12e2663db0dc,2023/10/27(金) 6:32
shikihos,会社四季報オンライン,"""新店開業の強い味方""として伸長、POSレジアプリ注目株",https://news.yahoo.co.jp/articles/322b981075676046e304a3595018d9380feca8da,2023/10/26(木) 18:32
shikihos,会社四季報オンライン,企業分析のプロ集団が四季報「秋号」を徹底解説【前編】,https://news.yahoo.co.jp/articles/4ab497d0839d9e51f8589390a288b31356fb4c9a,2023/10/26(木) 7:32
shikihos,会社四季報オンライン,DAIBOUCHOU氏が考える個人投資家の「暴落対策」とは？,https://news.yahoo.co.jp/articles/f16341fac7a6496b923f612a63ab2635d2a1ffac,2023/10/26(木) 7:02
shikihos,会社四季報オンライン,"連日""大商い""の半導体関連株、たけぞうさん注目の4銘柄",https://news.yahoo.co.jp/articles/d70c498584f2046cbcead12c84ed7568bd5d71d1,2023/10/25(水) 18:32
shikihos,会社四季報オンライン,海外人気が追い風の即席麺メーカー、需給改善し上値追い,https://news.yahoo.co.jp/articles/059850af33cedfbca4a084fd715b3c5381d7dc86,2023/10/25(水) 12:02
shikihos,会社四季報オンライン,外国株を売りつけろ、過剰ノルマが招いた某証券の末路,https://news.yahoo.co.jp/articles/13733e17daee481b41bb334f1a7bd7e6b2556d37,2023/10/25(水) 7:32
shikihos,会社四季報オンライン,"保有株がTOBの対象に ! ""負けない投資家""ならどう動くか",https://news.yahoo.co.jp/articles/cddec36fcbb80a9f72dbc9f07e45234014e295af,2023/10/25(水) 6:32
shikihos,会社四季報オンライン,"暗い話題が続く半導体業界に""再浮上""のサインが点灯！",https://news.yahoo.co.jp/articles/0676cb04d5d593f5cae5216a79274a308f0d61d6,2023/10/24(火) 18:32
shikihos,会社四季報オンライン,"京セラ、巨額1.2兆円投資で描く""積極投資""へ変心の背景",https://news.yahoo.co.jp/articles/fa8b8c55469d3fd19a733e866fbff6b5551d3478,2023/10/24(火) 7:32
shikihos,会社四季報オンライン,ポーランドの右派与党敗退から学ぶ「民主主義の守り方」,https://news.yahoo.co.jp/articles/1c1559b9c3fe247e3d627a7bf8ec4d0fa3b19851,2023/10/24(火) 6:32
shikihos,会社四季報オンライン,総合エンタメ企業に底打ちサイン、11月の上昇再開に期待,https://news.yahoo.co.jp/articles/c82d25aa1055fe76a53605a289e151638d4b8aba,2023/10/23(月) 12:02
shikihos,会社四季報オンライン,日本株相場の「どんよりムード」が晴れるための2つの条件,https://news.yahoo.co.jp/articles/0c3e3956449372e72297dd6aea209797c288c0b6,2023/10/22(日) 8:02
shikihos,会社四季報オンライン,相場の転換点かもしれない10月第4週、注視すべき銘柄は？,https://news.yahoo.co.jp/articles/359dfd3018101ab7b34a0950f94ff3d1c93e1882,2023/10/22(日) 7:02
shikihos,会社四季報オンライン,下げ相場にも負けない ! 株価上昇中の「冷凍食品」銘柄,https://news.yahoo.co.jp/articles/77a4b9b11f95f6ddbe35aa9563708e6251e7b223,2023/10/21(土) 8:02
shikihos,会社四季報オンライン,トヨタと出光のタッグで注目、全固体電池で躍進の10銘柄,https://news.yahoo.co.jp/articles/33202fb3122bbf7849af2f64251756b584c01ab2,2023/10/21(土) 6:32
shikihos,会社四季報オンライン,日本でも利用者急増、中国の新興EC「Temu」は何がスゴいか,https://news.yahoo.co.jp/articles/7463ce3cc80b6c07ad539ecc987526c9e4971a05,2023/10/20(金) 18:32
shikihos,会社四季報オンライン,映画配給大手の株価が「下値のフシ」に到達、買い場到来へ,https://news.yahoo.co.jp/articles/f5648eb4b034461f4dc999bf298b055a612f34f8,2023/10/20(金) 12:02
shikihos,会社四季報オンライン,医療環境の激変が追い風、消費低迷にも強い「直近IPO株」,https://news.yahoo.co.jp/articles/54b2302c74920bf5d90bd409c0464d795c2c91f2,2023/10/19(木) 18:32
shikihos,会社四季報オンライン,ランプのウシオ電機が虎視眈々と狙う「最先端半導体」市場,https://news.yahoo.co.jp/articles/98fda9899c11c8dbd1ad55d593a5f81a0ba892a6,2023/10/19(木) 6:32
shikihos,会社四季報オンライン,電子顕微鏡大手メーカーに強まる値頃感、押し目買い妙味,https://news.yahoo.co.jp/articles/7de9ad6710a61674398aee7b42b1a3adb322186b,2023/10/18(水) 12:02
shikihos,会社四季報オンライン,賃上げがさらなる物価上昇を招く「悪循環」が止まらない,https://news.yahoo.co.jp/articles/080bfc3db8a7f9a72de8ceb83f2e27279a6f975e,2023/10/17(火) 19:02
shikihos,会社四季報オンライン,伸びる割安株は？「高品質バリュー株」を選別する独自手法,https://news.yahoo.co.jp/articles/1bdd9d1a00ba9231931c2d082059991fd51c9017,2023/10/17(火) 18:32
shikihos,会社四季報オンライン,日経平均は「3万4000円前後」まで上昇してもおかしくない,https://news.yahoo.co.jp/articles/8a7ebf815e74ee1db80dbbe5854abb467bccf84f,2023/10/17(火) 12:02
shikihos,会社四季報オンライン,"年間配当""500万円""の投資家が「ナンピン買い」を好むワケ",https://news.yahoo.co.jp/articles/3816250c522d947d857f8647e634a8089a4529c7,2023/10/17(火) 7:32
shikihos,会社四季報オンライン,イスラエルとパレスチナ、大義はどちらの側にあるのか,https://news.yahoo.co.jp/articles/8fffee5d4415c32ef70eb3ec102b908a8a7d15c7,2023/10/16(月) 19:02
shikihos,会社四季報オンライン,好決算発表で急騰、中期でも上向き基調の医療機器銘柄,https://news.yahoo.co.jp/articles/835650b09e4d358ba33b30b3eb01fb3ea0525296,2023/10/16(月) 12:02
shikihos,会社四季報オンライン,"""戻り""は続く？「10月相場」を左右する重要週がやってきた",https://news.yahoo.co.jp/articles/519471325d1d6066ff7fe451edb3fd736d34d7ad,2023/10/15(日) 8:02
shikihos,会社四季報オンライン,かぶ1000さんが教える『会社四季報』の上手な使い方,https://news.yahoo.co.jp/articles/022f770d8a189b50db111791f174d1cfec59b5fe,2023/10/15(日) 7:32
shikihos,会社四季報オンライン,「株式益利回りと長期金利の逆転」は何を示唆しているのか,https://news.yahoo.co.jp/articles/5ab7c449a20b41d26f874340a948f6dc05ead87a,2023/10/14(土) 8:02
shikihos,会社四季報オンライン,中東問題で相場が動いた、日経平均株価は中期上昇局面に,https://news.yahoo.co.jp/articles/def6f32714853768d177735b3261dd568dfbd47d,2023/10/14(土) 7:32
shikihos,会社四季報オンライン,海外情勢が上値を抑える日本株相場で「上伸」期待の3銘柄,https://news.yahoo.co.jp/articles/5a4201925c55b8811317195c1ecd17c33a70998b,2023/10/14(土) 7:02
shikihos,会社四季報オンライン,阪神38年ぶり日本一なるか、脱デフレ加速で注目の7銘柄,https://news.yahoo.co.jp/articles/0c07b46facf0a999e5362640b5701ee78c8ee760,2023/10/13(金) 19:02
shikihos,会社四季報オンライン,少子化に風穴？「卵子凍結」を積極的に支援する注目5銘柄,https://news.yahoo.co.jp/articles/a52e363c91ef483f727dbeb531f0059100cb80e5,2023/10/13(金) 18:32
shikihos,会社四季報オンライン,産業用ロボット大手に押し目買いの好機、騰勢余地は大,https://news.yahoo.co.jp/articles/ea3440a84d836413e28d65dfdc78aa773f8fae31,2023/10/13(金) 12:02
shikihos,会社四季報オンライン,ケネス・ロゴフ教授「日本の成長ストーリーは難所だらけ」,https://news.yahoo.co.jp/articles/9f4aac27606139da5de671906fd9b46b688998d9,2023/10/12(木) 19:02
shikihos,会社四季報オンライン,「トヨタ増産」が追い風、連続最高益＆増配の自動車部品株,https://news.yahoo.co.jp/articles/e448104765dc95f4d3aa6fbb177c570a7705432c,2023/10/12(木) 18:32
shikihos,会社四季報オンライン,高配当株投資は「キャピタルゲイン狙い」で行うべき理由,https://news.yahoo.co.jp/articles/54c1932acb3fc27caf14c6278c60807753f1935f,2023/10/12(木) 7:02
shikihos,会社四季報オンライン,立ち上がる後藤新平、震災復興の今昔に見る指揮官の力量,https://news.yahoo.co.jp/articles/b20edbdeed6a16775f5d91706c4f54d6b597cb39,2023/10/11(水) 19:02
shikihos,会社四季報オンライン,物流に加えて建設でも頭もたげる「2024年問題」関連6銘柄,https://news.yahoo.co.jp/articles/82c9bb5b173ee31e50e046991a30bb27dcb93597,2023/10/11(水) 18:32
shikihos,会社四季報オンライン,"レンタルスペース予約サイト創業""33歳CEO""が抱く野望",https://news.yahoo.co.jp/articles/77890daebf0cbbe0c95f6cdcea99afd8bb2b0a3b,2023/10/11(水) 6:32
shikihos,会社四季報オンライン,"アメリカの高金利が""常態化""する新たな世界へようこそ",https://news.yahoo.co.jp/articles/9f15d719f5ecf0bb8f5a6fca500330283a6ed382,2023/10/10(火) 19:02
shikihos,会社四季報オンライン,4000弱の上場企業から有望銘柄を効率的に絞り込む方法,https://news.yahoo.co.jp/articles/291bbc1b266336e3f5bac9ec91bcb02ba4d8416d,2023/10/10(火) 7:32
shikihos,会社四季報オンライン,インフラを陰で支える「アドソル日進」、拡大する展開領域,https://news.yahoo.co.jp/articles/1692f86a4587b9a9bd7bf43248aac204b8e95af3,2023/10/10(火) 6:32
shikihos,会社四季報オンライン,今回の株価急落で大損した人に知ってほしい「失敗の本質」,https://news.yahoo.co.jp/articles/846cb0aeed68166375b67da1bf7ac9af28f66c33,2023/10/9(月) 7:02
shikihos,会社四季報オンライン,"""不眠大国""ニッポンを救う「スリープテック」関連10銘柄",https://news.yahoo.co.jp/articles/d2e594bd2b8122462cd91c5d2fbd7a98a7e5b5a4,2023/10/8(日) 18:32
shikihos,会社四季報オンライン,チャートで見えた日経平均「3万円割れシナリオ」の現実味,https://news.yahoo.co.jp/articles/c3e48ce4e5ab72fc030531d0ee5c4e3c3d74e7e4,2023/10/8(日) 8:02
shikihos,会社四季報オンライン,"日本株""復活劇""牽引役のヒントは「日銀短観」の中にあった",https://news.yahoo.co.jp/articles/078dfbc4dc917d749752a72c5f2ee32410de40c4,2023/10/8(日) 7:02
shikihos,会社四季報オンライン,イギリスは、いよいよ混乱から立ち直ることができるのか,https://news.yahoo.co.jp/articles/44fa6fdeabe534d9c55b5a0882369688e5c100bb,2023/10/7(土) 18:32
shikihos,会社四季報オンライン,アメリカ議会混乱で米国株に暗雲、「これから仕込む日本株」,https://news.yahoo.co.jp/articles/b24fda36e2553a83475ecae54f043e6046620106,2023/10/7(土) 7:02
shikihos,会社四季報オンライン,波乱商状の日本株相場で反発期待高まる自動車関連3銘柄,https://news.yahoo.co.jp/articles/2d6e53ee46918e8d5434c5952f8e23a2e8c9a334,2023/10/6(金) 19:02
shikihos,会社四季報オンライン,GAFAMの一角、メタ・プラットフォームズの「野望の行方」,https://news.yahoo.co.jp/articles/409df7c7acffe96ae72dae87a4a0350c93885777,2023/10/6(金) 18:32
shikihos,会社四季報オンライン,ヤフーによるZOZO買収の陰で起きた疑惑のインサイダー,https://news.yahoo.co.jp/articles/b999d5237ea4f5a678a3cdb5ed0da2130082c804,2023/10/5(木) 19:02
shikihos,会社四季報オンライン,自己株買い発表で最高値、「パワー半導体関連」注目銘柄,https://news.yahoo.co.jp/articles/005a90269a563891f08a5c8df778053952e0f067,2023/10/5(木) 18:32
shikihos,会社四季報オンライン,"2日間で時価総額半減、メドレックス""開発再失敗""の誤算",https://news.yahoo.co.jp/articles/d12b384bb1e9d9aed94c67c03d3473d1589cd6a3,2023/10/4(水) 6:32
shikihos,会社四季報オンライン,「インベスト・イン・キシダ第3弾」効果を侮ってはいけない,https://news.yahoo.co.jp/articles/1899bcf824bc07b9c02c395d84126e3d9032f081,2023/10/3(火) 12:02
shikihos,会社四季報オンライン,食品卸大手に年初来高値更新への反転攻勢サイン出現,https://news.yahoo.co.jp/articles/80720097378802dc608f6aff58757b39c9364cc1,2023/10/2(月) 12:02
shikihos,会社四季報オンライン,ついに3万2000円割れの日経平均、浮上シナリオはいかに,https://news.yahoo.co.jp/articles/d440bb1d79396ed8c8f00d07ee64ac2efa578a79,2023/10/1(日) 8:02
shikihos,会社四季報オンライン,10月第1週は「リバウンド週」？投資家は何を注視すべきか,https://news.yahoo.co.jp/articles/64707a2c9cb96183dcd62078d4841a4325ce90c1,2023/10/1(日) 7:02
shikihos,会社四季報オンライン,10月相場は日経平均より「TOPIXの押し目買い戦略」が有効,https://news.yahoo.co.jp/articles/c15dc1f5605d1544c5c4957753bae66185ee0ff3,2023/9/30(土) 8:02
shikihos,会社四季報オンライン,上値の重そうな日本株相場でキラリ輝く「直近増額」3銘柄,https://news.yahoo.co.jp/articles/965cb1d62ff5410784c1e18bfd8cce1e90dcbc15,2023/9/30(土) 7:02
shikihos,会社四季報オンライン,それでも「トランプ再選の可能性は高まる」これだけの理由,https://news.yahoo.co.jp/articles/5fecbe6667f0f86a273e881cd91ac88b6360b0c2,2023/9/29(金) 18:32
shikihos,会社四季報オンライン,内需「乳業」銘柄に押し目買いの好機到来、下げ渋る水準へ,https://news.yahoo.co.jp/articles/5ba7655de7ed9f50cec268bfcded5890ca8aa076,2023/9/29(金) 12:02
shikihos,会社四季報オンライン,飲食店向け急回復で一転大幅増益、「業務用食材」注目銘柄,https://news.yahoo.co.jp/articles/34dc2b0f8b0ba1eaa1442f337ee27243a3a5555a,2023/9/28(木) 18:32
shikihos,会社四季報オンライン,四季報先取り配信と雑誌発売のタイムラグを狙うべき理由,https://news.yahoo.co.jp/articles/84db905c1a227787d4dfb192d4bf44da22089536,2023/9/28(木) 7:02
shikihos,会社四季報オンライン,次の国策の目玉「蓄電池」＆「スマート農業」関連有望8銘柄,https://news.yahoo.co.jp/articles/85966cc3ef43d9bce21a426385b94f0206f41bfc,2023/9/27(水) 18:32
shikihos,会社四季報オンライン,"あの人気生活雑貨店、年初来高値の更新は""時間の問題""",https://news.yahoo.co.jp/articles/98088c32754db6179f00f274bdc7a628b11701e1,2023/9/27(水) 12:02
shikihos,会社四季報オンライン,東証要請で注目度アップ、PBR1倍割れ大企業ランキング,https://news.yahoo.co.jp/articles/c5d41ba86efac84897baa2ad15e1b07d4dae1d82,2023/9/26(火) 19:02
shikihos,会社四季報オンライン,"9月に相次ぐ上方修正期待でTOPIXは""高値更新""を続ける",https://news.yahoo.co.jp/articles/6394471e519c9634116144571f9060a3bc16f4f6,2023/9/26(火) 18:32
shikihos,会社四季報オンライン,ベアリング大手に高値更新期待、中期でも注目サイン点灯,https://news.yahoo.co.jp/articles/c8569ac31d30a48d903d152588325250426cf4fa,2023/9/25(月) 12:02
shikihos,会社四季報オンライン,社会インフラ最適化に特化する「AI開発」企業の独自戦略,https://news.yahoo.co.jp/articles/35dac3d958fc71b310c4fa176b355e79bdda0cfb,2023/9/25(月) 6:32
shikihos,会社四季報オンライン,上放れがダマシに終わった日経平均、「再騰」の条件は何か,https://news.yahoo.co.jp/articles/7d381b8ca294829e22c7ee3b6082ffe8e780b45a,2023/9/24(日) 8:02
shikihos,会社四季報オンライン,"""負けない投資家""がこっそり教える「負けない利食い方法」",https://news.yahoo.co.jp/articles/06182fd13a3e1bbfe57c9730a1c19c8991a8d810,2023/9/24(日) 7:32
shikihos,会社四季報オンライン,不動産業界に押し寄せる「再エネ化の波」が追い風の5銘柄,https://news.yahoo.co.jp/articles/8ded2c61af3c483db2d168df8084ee5871de2560,2023/9/24(日) 7:02
shikihos,会社四季報オンライン,電気自動車に不可欠な資源を中国に依存しすぎると危ない,https://news.yahoo.co.jp/articles/b018955894740dd56a97c3ceb191b2d704cf9e70,2023/9/23(土) 18:32
shikihos,会社四季報オンライン,リオープンで株価上昇期待高まる「コンタクトレンズ銘柄」,https://news.yahoo.co.jp/articles/516201ce446cda40532d745e6332e795b7e64ade,2023/9/23(土) 8:02
shikihos,会社四季報オンライン,急落後の自律反発相場に乗る「好業績予想」の7月期3銘柄,https://news.yahoo.co.jp/articles/9219a282a7267d439facaff2c31f352ebd0539a3,2023/9/23(土) 7:02
shikihos,会社四季報オンライン,サイバーセキュリティーの雄「パロアルト」の投資妙味,https://news.yahoo.co.jp/articles/974c70b0d23570b2aeaa72848fa27954a980d972,2023/9/22(金) 18:32
shikihos,会社四季報オンライン,日柄調整完了で6年ぶり高値も視野の大手プリンター銘柄,https://news.yahoo.co.jp/articles/9a6bd337c5f617040acb307ee8e9254b9b9e90bd,2023/9/22(金) 12:02
shikihos,会社四季報オンライン,日本経済の「長期停滞が終わった」と考えるのは楽観的だ,https://news.yahoo.co.jp/articles/82fd208e68da5b76ebc8ffe9e32cd091902db445,2023/9/22(金) 7:32
shikihos,会社四季報オンライン,人流回復＆インバウンドで快走、最高益の靴販売チェーン,https://news.yahoo.co.jp/articles/36311eb9ab8a891e6c51ddac7bfbfb2f5872a82e,2023/9/21(木) 18:32
shikihos,会社四季報オンライン,四季報秋号でわかった「10倍になる株」の上手な見つけ方,https://news.yahoo.co.jp/articles/646bc0ab7427d01e9f03c07cce740b83cf7ea8ba,2023/9/20(水) 18:32
shikihos,会社四季報オンライン,押し目買いの好機到来、上放れに期待の「人気ゲーム株」,https://news.yahoo.co.jp/articles/e31fab178b0f3cc05294300ad2a7d16f6c2bb686,2023/9/20(水) 12:02
shikihos,会社四季報オンライン,今後大きく上昇する日経平均の「主役となる業種」は何か,https://news.yahoo.co.jp/articles/98f41f4f1ad9bb33e65b76fd22bb7326d0531bb7,2023/9/19(火) 12:02
shikihos,会社四季報オンライン,好調な日経平均に影を落とす「逆行現象」の発生に注意せよ,https://news.yahoo.co.jp/articles/55abca35fed5957ed753edc62742536686eca839,2023/9/17(日) 18:32
shikihos,会社四季報オンライン,"日経平均にも""巻き返しの目""、牽引するのはこの銘柄群だ",https://news.yahoo.co.jp/articles/9193258d95b0170dc5a93e325c63d6161fdfadfc,2023/9/17(日) 7:02
shikihos,会社四季報オンライン,"ここまで深刻な""中国大失速""、日本経済にとって吉か凶か",https://news.yahoo.co.jp/articles/f148fad35ed08e4bb44e59bdb611ed89a1545781,2023/9/16(土) 8:02
shikihos,会社四季報オンライン,日経平均の「10月相場」は9月25日の騰落レシオで決まる,https://news.yahoo.co.jp/articles/4c4ce597b6faa7c1a6f9a8056a09259f4c1c80ce,2023/9/16(土) 7:32
shikihos,会社四季報オンライン,高値警戒感が漂う日本株市場で「上値追い」有望な3銘柄,https://news.yahoo.co.jp/articles/25b625efd8f9f3c322c81b4432b72c91299913e0,2023/9/16(土) 7:02
shikihos,会社四季報オンライン,国策の勢いは止まらない ! 「洋上風力発電」の有望13銘柄,https://news.yahoo.co.jp/articles/ce7715a1038befd5345ee75f33e3eb72840dd222,2023/9/15(金) 18:32
shikihos,会社四季報オンライン,「2年で株価9倍」騰勢演じた半導体パッケージ大手に再動意,https://news.yahoo.co.jp/articles/be205ed863b42504b16a087d7696e865a47455c1,2023/9/15(金) 12:02
shikihos,会社四季報オンライン,アフターコロナの代表格、「大幅上方修正＆増配」注目銘柄,https://news.yahoo.co.jp/articles/88ff524978c0623ee024071a662b73f639207a89,2023/9/14(木) 18:32
shikihos,会社四季報オンライン,「リオープン」「インフレ」「猛暑」関連などで気になる9銘柄,https://news.yahoo.co.jp/articles/4e5053aea8f5c112632f638353dcd1ba1c45d3af,2023/9/14(木) 7:02
shikihos,会社四季報オンライン,短期・中期ともに買い場が到来した「インバウンド銘柄」,https://news.yahoo.co.jp/articles/e58f56ff17041f452bc9a8eda7dd0df2dac864e8,2023/9/13(水) 12:02
shikihos,会社四季報オンライン,"「BRICS+」の11カ国は""第3グループ""として機能するのか",https://news.yahoo.co.jp/articles/b7ce024b7fca134e380642b957fa365ceecafa88,2023/9/13(水) 7:32
shikihos,会社四季報オンライン,年初来高値更新が続出、「利食い」タイミングの見極め方,https://news.yahoo.co.jp/articles/5358ba31b2d0af364319f554986e2b547b0e0057,2023/9/13(水) 6:32
shikihos,会社四季報オンライン,"エヌビディアと生成AIが変えた、サーバー界の""新序列""",https://news.yahoo.co.jp/articles/f260e4c4667a07cd38a01132772241f73216dda0,2023/9/12(火) 18:32
shikihos,会社四季報オンライン,大勝負「650億円買収」のそーせい、辣腕トップが語る勝算,https://news.yahoo.co.jp/articles/1acef750bb7854d157b25cf72029810e0da4b18f,2023/9/12(火) 6:32
shikihos,会社四季報オンライン,出来高増加の外食銘柄に買いサイン、4年ぶり高値も射程,https://news.yahoo.co.jp/articles/49cd406f396bdaae6087e6b137339136d7120700,2023/9/11(月) 12:02
shikihos,会社四季報オンライン,大型株が「循環物色」される環境下での銘柄探しのポイント,https://news.yahoo.co.jp/articles/035efa4f9e0461cc53beaa2629f96d1f8cc8b1d1,2023/9/11(月) 7:32
shikihos,会社四季報オンライン,設備投資が業績と株価を押し上げる企業を探す四季報テク,https://news.yahoo.co.jp/articles/c4f8150c7f312ee374df46c47d9ab5e8aa63c8a5,2023/9/11(月) 6:32
shikihos,会社四季報オンライン,深刻さを増す「フードロス」問題、課題解決に貢献の8銘柄,https://news.yahoo.co.jp/articles/1277b19620a5bc11c39b9015b6bbcc08e2e1d357,2023/9/10(日) 8:02
shikihos,会社四季報オンライン,「配当金100万」の投資家がいま商社・銀行株を買わないワケ,https://news.yahoo.co.jp/articles/d6cb9d54112a64b1f4610e05c59f4d7061e6cb51,2023/9/10(日) 7:32
shikihos,会社四季報オンライン,"""上方修正""の期待高まる、業績絶好調な「漫画専門」古本屋",https://news.yahoo.co.jp/articles/9c1b77e88b1cefe54e6f171848e83735bd87c30e,2023/9/9(土) 8:02
shikihos,会社四季報オンライン,日経平均が調整でも「下落トレンド」と決めつけないでよい,https://news.yahoo.co.jp/articles/932f9951f9683d77bb132f21e55a4ee7c17c0f2b,2023/9/9(土) 7:32
shikihos,会社四季報オンライン,上値の重い膠着相場で物色されそうな割安・高利回り3銘柄,https://news.yahoo.co.jp/articles/e16ca373e60c4e8b7edcb6d91687e5e95c1b209d,2023/9/9(土) 7:02
shikihos,会社四季報オンライン,"""がんに強い製薬会社""ブリストル・マイヤーズSの逆襲",https://news.yahoo.co.jp/articles/5822259e01fdff01db3bfeb3dc04b60d72fa9124,2023/9/8(金) 18:32
shikihos,会社四季報オンライン,連続最高益の「ブランド品リユース」企業に買いサイン,https://news.yahoo.co.jp/articles/58ce6890d6478baff3f48ce8abb8c1d09372d2f0,2023/9/8(金) 12:02
shikihos,会社四季報オンライン,追加利上げか打ち止めか、「迷えるFOMC」内部対立の裏側,https://news.yahoo.co.jp/articles/f743273451032effc8b6b0b32eedbd327c93b898,2023/9/8(金) 7:32
shikihos,会社四季報オンライン,"ソシオネクスト、市況悪化でも躍進もたらした""事業変革""",https://news.yahoo.co.jp/articles/1090b6c234d1cded2bf08c661a789dabf21bf721,2023/9/8(金) 6:32
shikihos,会社四季報オンライン,データセンターとクラウドが好調、「連続増配＆割安」DX株,https://news.yahoo.co.jp/articles/5c0e6b9c4f2d8fddee66c6f4596f6a0da20493ac,2023/9/7(木) 18:32
shikihos,会社四季報オンライン,食品の廃棄コストを利益に変える「急拡大」EC企業の勝算,https://news.yahoo.co.jp/articles/b7a5b1f67fb7155c02cfc1d750127cda03351410,2023/9/7(木) 6:32
shikihos,会社四季報オンライン,下方修正も「需給好転」で年初来高値視野の化学品メーカー,https://news.yahoo.co.jp/articles/90dcc85fd20e57014741e1ab72622047d038a836,2023/9/6(水) 12:02
shikihos,会社四季報オンライン,ワイエイシイの毛髪切断装置が「医療の未来」を変える理由,https://news.yahoo.co.jp/articles/1a041077a77043554a7087084a79591f5c92667b,2023/9/6(水) 9:32
shikihos,会社四季報オンライン,"AIの進化がこれまでの技術革新と""決定的に異なる""理由",https://news.yahoo.co.jp/articles/75ec0be08c924d240e7af53d7c3321179f2492f2,2023/9/6(水) 7:32
shikihos,会社四季報オンライン,"噂される中国の""バブル崩壊""が起こらないこれだけのワケ",https://news.yahoo.co.jp/articles/bf247b9d7024d6971d2a94988a3364fc00d7aac5,2023/9/5(火) 18:32
shikihos,会社四季報オンライン,日本株も米国株も9月中旬までに買え ! 今は仕込み時だ,https://news.yahoo.co.jp/articles/489ca9273e3e4c2458ebb25e79d5fa7bb8c208e1,2023/9/5(火) 12:02
shikihos,会社四季報オンライン,「三役好転」で本格反転上昇局面入りの複合エンタメ銘柄,https://news.yahoo.co.jp/articles/d90b23216f43371e89206ba2fbe99267bee48ba5,2023/9/4(月) 12:02
shikihos,会社四季報オンライン,日経平均もバブル後高値を更新するためのテクニカル条件,https://news.yahoo.co.jp/articles/3c9ed70e492a5e1e7e14e85c10bae3e0e2544b7b,2023/9/3(日) 8:02
shikihos,会社四季報オンライン,大震災が恐慌の引き金に、いま生かすべき対策と関連銘柄,https://news.yahoo.co.jp/articles/ff16f8ee7a22802a32d4ad367ca5064304b4edbc,2023/9/3(日) 7:32
shikihos,会社四季報オンライン,半値戻しは全値戻し？日本株の「上値慕い」を牽引する銘柄,https://news.yahoo.co.jp/articles/8a916af685ab626de752761c18e08392f028c6b4,2023/9/3(日) 7:02
shikihos,会社四季報オンライン,「緩やか円安＋緩やかインフレ」を日銀が適切と見るワケ,https://news.yahoo.co.jp/articles/7aeb1b5e980ad1b2ba7007ea0a80e133dc4db140,2023/9/2(土) 8:02
shikihos,会社四季報オンライン,日経平均の底割れリスクは期間限定、今仕込みたい14銘柄,https://news.yahoo.co.jp/articles/5dae3eac687bd961fc13c6bf300c289b9adb70a5,2023/9/2(土) 7:32
shikihos,会社四季報オンライン,再エネの本命「水素ビジネス」で飛躍が期待される9銘柄,https://news.yahoo.co.jp/articles/f62c8e4886d48a7dc64263629df6f457d88daa2e,2023/9/2(土) 7:02
shikihos,会社四季報オンライン,急騰後の一服商状下でも堅調期待の高配当・好業績3銘柄,https://news.yahoo.co.jp/articles/8302fa9c4605cec09eda7a56aacebb4a60a3d269,2023/9/1(金) 18:32
shikihos,会社四季報オンライン,オフィス家具大手は短期急騰後も「強気サイン」継続点灯,https://news.yahoo.co.jp/articles/8ddf7ee4fe16741f3a936c9a6b9df41acfd673bb,2023/9/1(金) 12:02
shikihos,会社四季報オンライン,"""連戦連敗""だった投資家が「配当金年間100万」を得た裏側",https://news.yahoo.co.jp/articles/0583c51c46ba0cc079504387c5265c87377fa6d0,2023/9/1(金) 6:32
shikihos,会社四季報オンライン,主力の半導体事業が好調で上振れ、「生成AI関連」注目株,https://news.yahoo.co.jp/articles/a63617bb4e2ec91d4f87a32c633c57790ea37be7,2023/8/31(木) 18:32
shikihos,会社四季報オンライン,DAIBOUCHOU氏が話題のNTT株を保有し続けているワケ,https://news.yahoo.co.jp/articles/1a7eb3f5886d3bdd4d1eb43d6c9f54afaa9dd48c,2023/8/31(木) 7:02
shikihos,会社四季報オンライン,投資初心者に知ってほしい「成功体験記」に潜む落とし穴,https://news.yahoo.co.jp/articles/31d1c954638c5e4268bf8353b7022de229d5db69,2023/8/31(木) 6:32
shikihos,会社四季報オンライン,9月末を前に熱視線、たけぞうさん注目の「高配当」5銘柄,https://news.yahoo.co.jp/articles/258dd40afb6ac4c15aa79e7d8acf3ebd0ff33198,2023/8/30(水) 18:32
shikihos,会社四季報オンライン,保ち合い上放れは「時間の問題」なトップ消費財メーカー,https://news.yahoo.co.jp/articles/ed1bebc9a1853d09f33a6f5b2e4ecb54bd2d7b7e,2023/8/30(水) 12:02
shikihos,会社四季報オンライン,中堅化学メーカーに先高期待、ダブルボトムで中期も買い,https://news.yahoo.co.jp/articles/c0304ec56fbc6f516b9b1a44477ae0b2d782456f,2023/8/28(月) 12:02
shikihos,会社四季報オンライン,設備投資動向から「有望成長企業」を効果的に見定める方法,https://news.yahoo.co.jp/articles/228222211143eedc22f85beece17602ff746d816,2023/8/28(月) 6:34
shikihos,会社四季報オンライン,日経平均が「662円安」から出直るためのテクニカル的条件,https://news.yahoo.co.jp/articles/d386c105e9b0a1bf0e3f595cdb19f00fbe2f7c06,2023/8/27(日) 8:02
shikihos,会社四季報オンライン,日本株に「物色シフト」の波、8月最終週に注視すべき銘柄,https://news.yahoo.co.jp/articles/6d6a7e2caf0ca33a388313811154dd4bc3748d5c,2023/8/27(日) 7:02
shikihos,会社四季報オンライン,CO2削減のカギは地中にあり？「CCS」関連の有望11銘柄,https://news.yahoo.co.jp/articles/62bd71d395e71c2b6b6c9db995fc536ad7947efc,2023/8/27(日) 6:32
shikihos,会社四季報オンライン,様子見ムード継続の日本株市場、下値頑強な3銘柄に注目,https://news.yahoo.co.jp/articles/02566fff29e3197a82b7c96107417293cb1fd0d3,2023/8/26(土) 18:32
shikihos,会社四季報オンライン,"予想外の好決算 ! 年初来高値で注目の""ものづくり""企業",https://news.yahoo.co.jp/articles/203975e3c3ec9ac24f6f543dcab834c8a3017d36,2023/8/26(土) 8:02
shikihos,会社四季報オンライン,日経平均まさかの「ブラックマンデー再来」説を検証する,https://news.yahoo.co.jp/articles/f30b97246741ce04cd06d1b60103385c8b1e888c,2023/8/26(土) 7:32
shikihos,会社四季報オンライン,67年連続増配はダテじゃない、P&Gが値上げ後も強い理由,https://news.yahoo.co.jp/articles/16d3273843411d0027ccf073710989b2b176df3c,2023/8/25(金) 18:32
shikihos,会社四季報オンライン,飲食店向け情報サイトの会社に「底入れサイン」が点灯,https://news.yahoo.co.jp/articles/4f685d338406706dc037003a3da97e4e4b533e22,2023/8/25(金) 12:02
shikihos,会社四季報オンライン,部品供給回復で業績上振れ、PBR割安のセキュリティー株,https://news.yahoo.co.jp/articles/94c93222f24b43c05929edf7246425a52334951d,2023/8/24(木) 18:32
shikihos,会社四季報オンライン,「債務超循環」が中国に到来？このあと何が起こるのか,https://news.yahoo.co.jp/articles/d2f952b155be4fda8f6a9db060ba5129b80f29ba,2023/8/24(木) 7:02
shikihos,会社四季報オンライン,"アセマネOneが力を注ぐアクティブファンドの""選別条件""",https://news.yahoo.co.jp/articles/fd7557349346c22453ba72fc99d132727fb279e3,2023/8/24(木) 6:32
shikihos,会社四季報オンライン,保ち合いから上放れ、買いサイン点灯の紳士服メーカー,https://news.yahoo.co.jp/articles/e26f6961434c7d483e82ef0982142c0baabcbec9,2023/8/23(水) 12:02
shikihos,会社四季報オンライン,アメリカ長期国債の利回りが上がりそうな「3つ」の理由,https://news.yahoo.co.jp/articles/c88cb9b46c27193899f16bf58e07d31e717ab57e,2023/8/23(水) 7:32
shikihos,会社四季報オンライン,日本株を揺るがす中国の不良債権問題はいつ解決するのか,https://news.yahoo.co.jp/articles/b3cf1d14d29a07e6d9fb8e002ba29726712bcc5a,2023/8/22(火) 12:02
shikihos,会社四季報オンライン,自動車関連銘柄に保ち合い上放れサイン、4桁乗せも視野,https://news.yahoo.co.jp/articles/d35e9ea90cb3bffb298d9b7f47b72a56369fcfef,2023/8/21(月) 12:02
shikihos,会社四季報オンライン,"""粉飾決算""に加担か、ベテラン会計士が虚偽関与の疑い",https://news.yahoo.co.jp/articles/5fe41e5bba6fe12559bf2c1999821853fb32a224,2023/8/21(月) 6:32
shikihos,会社四季報オンライン,3日続落の日経平均、「下げ止まり」の判断ポイントはどこか,https://news.yahoo.co.jp/articles/5c2c384d2b9e77c3c66c4d00c97776cba3a97229,2023/8/20(日) 8:02
shikihos,会社四季報オンライン,"「恒大ショック」の裏で見落としてはいけない""2つの着眼点""",https://news.yahoo.co.jp/articles/38ac328320937749dae60f754b476562331c351e,2023/8/20(日) 7:02
shikihos,会社四季報オンライン,強すぎるアメリカ経済こそ株式市場にとって最大のリスク,https://news.yahoo.co.jp/articles/d9272a1b00e903bfc5e9e1dccff9f19e4ac41170,2023/8/19(土) 8:02
shikihos,会社四季報オンライン,手がかり難の日本株相場で下値不安の乏しい好業績3銘柄,https://news.yahoo.co.jp/articles/50ef662d7b3fcc227a862f92ad2d89f6f8f223f4,2023/8/19(土) 7:02
shikihos,会社四季報オンライン,デジタル社会の重要基盤「海底ケーブル」関連の有望11銘柄,https://news.yahoo.co.jp/articles/c007e01089a71d70cb3e390a912796f5129eaf4b,2023/8/18(金) 18:32
shikihos,会社四季報オンライン,総合エンタメ企業の株価が「上値遊び」演じ、一段高が濃厚,https://news.yahoo.co.jp/articles/9311e872440e9be7a87ee8aaca71e59ee3b6d5c4,2023/8/18(金) 12:02
shikihos,会社四季報オンライン,「好業績と連続増配」で高値更新中、ディフェンシブ注目株,https://news.yahoo.co.jp/articles/5b5c679d181e4a45b804640711cedafb19f4da19,2023/8/17(木) 18:32
shikihos,会社四季報オンライン,馬渕磨理子さんが欠かず行う「四季報先取り」の準備運動,https://news.yahoo.co.jp/articles/b071d707f3a022cb5bbd020864b1812eb3fbdd2e,2023/8/17(木) 6:32
shikihos,会社四季報オンライン,4～6月決算が一段落、たけぞうさんが妙味を感じた5銘柄,https://news.yahoo.co.jp/articles/cc68769c11edc942a0580a8910a7d7d560ee224b,2023/8/16(水) 18:32
shikihos,会社四季報オンライン,日経平均が「下値3万2000円」から上げ続けるこれだけの訳,https://news.yahoo.co.jp/articles/a45a0e2b1cf0c86f78504da49c4c3b84d3559f96,2023/8/15(火) 18:32
shikihos,会社四季報オンライン,ジャクソンホール前に総点検、FRBが直面する3つの壁,https://news.yahoo.co.jp/articles/20b23e90e2ad5f5bacc0065fb6fdc79ba97e3179,2023/8/15(火) 6:32
shikihos,会社四季報オンライン,1Q業績から「効率的に有望銘柄を探し出す」四季報ワザ,https://news.yahoo.co.jp/articles/4b6048926027080f13db6eee50b5ba44c0afce65,2023/8/14(月) 11:32
shikihos,会社四季報オンライン,「ジャパン・アズ・ナンバーワン」再来か、33年前との類似性,https://news.yahoo.co.jp/articles/6daf88afb6411ecbb8f95b7f770d3d2690f71743,2023/8/14(月) 6:32
shikihos,会社四季報オンライン,"寄せては返す日経平均、""潮目""を見極める2つのポイント",https://news.yahoo.co.jp/articles/a6c547997067b78cf1c8081cf6c5bacc9e29d105,2023/8/13(日) 8:02
shikihos,会社四季報オンライン,百貨店だけじゃない、「中国人団体旅行解禁」歓迎の6銘柄,https://news.yahoo.co.jp/articles/da8cf5ce2f41f56342103fa385e7c601b05b75ad,2023/8/13(日) 7:02
shikihos,会社四季報オンライン,株主優待もスタート！好業績でストップ高の「〇〇商店」,https://news.yahoo.co.jp/articles/ab519f2e7098c49026834945c6466ce264774abd,2023/8/12(土) 8:02
shikihos,会社四季報オンライン,いよいよお盆休み、「夏枯れ相場」をどう乗り切ればよいか,https://news.yahoo.co.jp/articles/de0487c2b563edaf86f4b779941e09ca9a095daa,2023/8/11(金) 8:02
shikihos,会社四季報オンライン,全体相場がボックス推移でも上値余地がある好業績3銘柄,https://news.yahoo.co.jp/articles/b822a1bf934e94db34ab69cfbca0a9712e4401ea,2023/8/11(金) 7:02
shikihos,会社四季報オンライン,スマホの充電器レンタルが好調、「生活インフラ」注目銘柄,https://news.yahoo.co.jp/articles/6a9e5dd729451a84ff335cfee8dacf9ea1b308d8,2023/8/10(木) 18:32
shikihos,会社四季報オンライン,"""負けない投資家""になるための「お盆休みの過ごし方」3選",https://news.yahoo.co.jp/articles/84587a4d273b1a45cb2e5256aefafbf6bd0dc6a0,2023/8/10(木) 6:32
shikihos,会社四季報オンライン,年初来高値更新で保ち合い上放れも期待の総合重機大手,https://news.yahoo.co.jp/articles/553aabe4fedd0bafae0b4dc7c6b50d790dccb106,2023/8/9(水) 12:02
shikihos,会社四季報オンライン,"観光客""本格増""で再考したい「アフターコロナ」の投資戦略",https://news.yahoo.co.jp/articles/53bb95f314f5d868a5ee47a1d1e66f200b7c35eb,2023/8/9(水) 6:32
shikihos,会社四季報オンライン,波乱の夏相場で個人投資家が救世主となるこれだけの理由,https://news.yahoo.co.jp/articles/f8c36dbe6f3c700a52cb1b4adcc21d1c2bcbf67e,2023/8/8(火) 12:02
shikihos,会社四季報オンライン,好決算発表の重工銘柄が強気相場入り、押し目買いも有効,https://news.yahoo.co.jp/articles/d324efa213884038075efe2c95e96a87ca7d6b2f,2023/8/7(月) 12:02
shikihos,会社四季報オンライン,1Q決算シーズンに活用したい「伸び盛り銘柄」発掘の2条件,https://news.yahoo.co.jp/articles/473f21547fa7e7624ad8b21b88a724dfcf593a60,2023/8/7(月) 6:32
shikihos,会社四季報オンライン,「フィッチショック」明けの日経平均はこの3点を注視せよ,https://news.yahoo.co.jp/articles/41be862c59e8598484f23b44511bbddbdf899a7c,2023/8/6(日) 8:02
shikihos,会社四季報オンライン,AI企業が「行動計画」を明確にしなければならない理由,https://news.yahoo.co.jp/articles/88c86c9daa2565c2c7856379a9d080a84e8e2436,2023/8/6(日) 7:32
shikihos,会社四季報オンライン,やっぱり荒れた「8月相場」、週明けに注目の直近増額3銘柄,https://news.yahoo.co.jp/articles/a77c35a4f81ac7e5035b6aff4c51f60bf1fc017b,2023/8/6(日) 7:02
shikihos,会社四季報オンライン,"アメリカ経済の""軟着陸""が日銀に突きつける「大きな試練」",https://news.yahoo.co.jp/articles/9b770890c5ab9c6f0dced1bd0d3e42ae005bfdf9,2023/8/5(土) 8:02
shikihos,会社四季報オンライン,米国株の押し目買い戦略が有効、日本株は「厳選」で臨め,https://news.yahoo.co.jp/articles/605463b0261abdd0a29b47bff5502533bb572fa4,2023/8/5(土) 7:32
shikihos,会社四季報オンライン,アメリカ最大の住宅メーカー「DRホートン」に要注目のワケ,https://news.yahoo.co.jp/articles/650baa0f107688d63345884c0463ae889bc603cb,2023/8/4(金) 18:32
shikihos,会社四季報オンライン,マドを埋め戻した電子部品大手に絶好の「押し目買い」好機,https://news.yahoo.co.jp/articles/f6a2893b72c3b9d3027a76ccac7cb57906dc0c57,2023/8/4(金) 12:02
shikihos,会社四季報オンライン,デジタル戦略の要、データセンター新設が追い風の12銘柄,https://news.yahoo.co.jp/articles/0610b9ab1fa6ec154faa6e7baebb88e9a9e8587c,2023/8/4(金) 6:32
shikihos,会社四季報オンライン,主力の「抗精神病薬」が好調で業績上方修正の製薬大手株,https://news.yahoo.co.jp/articles/bb63cb61671d0b9f327ac6aaaabff0ca7411785e,2023/8/3(木) 18:32
shikihos,会社四季報オンライン,「次世代の勝ち組」は？投資のプロが銘柄選びの秘策を披露,https://news.yahoo.co.jp/articles/302cad61d4ca88eacbe651ad66aba3972e9030fa,2023/8/3(木) 7:02
shikihos,会社四季報オンライン,"あすか製薬、低用量ピル大躍進でも見えない""次""の成長源",https://news.yahoo.co.jp/articles/f6327ccd650c0c0ea6d8b86e56adfee53f7b2b5d,2023/8/3(木) 6:32
shikihos,会社四季報オンライン,テスラもトヨタも採用、「ギガキャスト」関連の有望6銘柄,https://news.yahoo.co.jp/articles/eacd36decf9634a743efdf685e0913b79201f84f,2023/8/2(水) 18:32
shikihos,会社四季報オンライン,「三役好転」強気サイン発生、高値更新も目前の老舗商社,https://news.yahoo.co.jp/articles/6513402bd15441e045d780b2f91131da56b9a823,2023/8/2(水) 12:02
shikihos,会社四季報オンライン,最新決算で読み解く半導体銘柄、投資妙味はまだあるのか,https://news.yahoo.co.jp/articles/266fbea91e4b9302b07fc9c2b91ee3db3ed49ce0,2023/8/1(火) 18:32
shikihos,会社四季報オンライン,日銀が今「難解なYCC柔軟化」に踏み切ったシンプルな理由,https://news.yahoo.co.jp/articles/1f64a4b05a9466a461ddf76459196db37ad87b8d,2023/8/1(火) 7:32
shikihos,会社四季報オンライン,出直り基調強める合成ゴム大手に「トレンド発生」の期待,https://news.yahoo.co.jp/articles/3a3ffa3391bf97193553335f313cf6f2f9c79207,2023/7/31(月) 12:02
shikihos,会社四季報オンライン,日銀の観測報道に振り回された投資家が注視すべきサイン,https://news.yahoo.co.jp/articles/ab4f81421fd05cebbe3d02df1234117b7b7d536a,2023/7/30(日) 8:02
shikihos,会社四季報オンライン,動き出した「海の脱炭素化」、商機を見据える有望18銘柄,https://news.yahoo.co.jp/articles/68174ae8a58c09c1044e5fc80c1e0c63b820697b,2023/7/30(日) 7:32
shikihos,会社四季報オンライン,"""大谷""現象が示唆する日本経済復活への逆転ホームラン",https://news.yahoo.co.jp/articles/fe2bd6be7fc579a87d81bb8d6520a1e7f0150a5a,2023/7/30(日) 6:32
shikihos,会社四季報オンライン,"半年足らずで株価2倍 ! ""業績絶好調""の電気設備メーカー",https://news.yahoo.co.jp/articles/9e218c560dfda3ca3d26ae333f25509cec391d3c,2023/7/29(土) 8:02
shikihos,会社四季報オンライン,「日銀ショック」で不透明な日経平均、まだ買える業種は？,https://news.yahoo.co.jp/articles/855c15c613ddb8accb409a62ef3ff6400b2eb622,2023/7/29(土) 7:32
shikihos,会社四季報オンライン,個別物色が勢い増す日本株市場で最注目の上方修正3銘柄,https://news.yahoo.co.jp/articles/cb33f647c6709f3bbf8cd85e8a30d9fb9a940aae,2023/7/29(土) 7:02
shikihos,会社四季報オンライン,株式投資で「利食い・損切りルール」は本当に必要なのか,https://news.yahoo.co.jp/articles/777d6f8dfe6ef25f538af7d25ccfa6f2a6467e4a,2023/7/28(金) 18:32
shikihos,会社四季報オンライン,業績急拡大の「半導体向け」加工機メーカーに再び上昇期待,https://news.yahoo.co.jp/articles/f40939a097476c92fcdba22a8cffefcfea23a9ce,2023/7/28(金) 12:02
shikihos,会社四季報オンライン,ゴールドマン出身者が率いる「ゲームセンター企業」の強み,https://news.yahoo.co.jp/articles/bf1b9c5a933ba645c04e5af2071921662e95b2d3,2023/7/28(金) 6:32
shikihos,会社四季報オンライン,今上半期に株価2倍、業績急改善で増配期待の「鉄鋼大型株」,https://news.yahoo.co.jp/articles/18f1dc76a89db390d3e8a1003a44d69baf2cf9c6,2023/7/27(木) 18:32
shikihos,会社四季報オンライン,上値一段高へ「準備万端」の業績絶好調なエンタメ企業,https://news.yahoo.co.jp/articles/a8a8aea8fe0ff521c9596cb82b5641b30cfdae1d,2023/7/26(水) 12:02
shikihos,会社四季報オンライン,ジム・オニール氏「経済予測が軒並み外れ続けているワケ」,https://news.yahoo.co.jp/articles/5ae9893f8872ab84700b23a3cb31cb3c8ee045a4,2023/7/26(水) 7:32
shikihos,会社四季報オンライン,利益が出ていない投資家に知ってほしい「投資の物差し」,https://news.yahoo.co.jp/articles/96175b6f65243e5f4fb861b4afa7826f7da746c1,2023/7/26(水) 6:32
shikihos,会社四季報オンライン,9月までは大型株でなく別の銘柄を狙うべき「5つの背景」,https://news.yahoo.co.jp/articles/c35f17328f885c87a5fd110c9dfe82939915fc74,2023/7/25(火) 12:02
