media_en,media_jp,title_articles,link_articles,date_original
kosodate,マイナビ子育て,「どうせ自分なんて」と思う子に知ってほしい、“悲しみ・怒り・不安”の感情の大切さ,https://news.yahoo.co.jp/articles/b58b01bbbb0dca7ed431b328a2809416cd666905,11/23(木) 11:30
kosodate,マイナビ子育て,第二子妊娠の衛藤美彩さん、臨月手前のふっくらお腹「爪切り、靴下、全く履けない」「夫が毎日サポートしてくれていますが……」,https://news.yahoo.co.jp/articles/a0ab567f4255fef738c59fa62f08ede7c45a6c8d,11/22(水) 12:12
kosodate,マイナビ子育て,菊地亜美さん、七五三撮影のリアル。娘の笑顔を引き出すために変顔連発も！,https://news.yahoo.co.jp/articles/0ae712aa9a69dd88cc3d8aebe8686712304c22bc,11/21(火) 12:13
kosodate,マイナビ子育て,第一子妊娠の鷲見玲奈アナ、つらかったつわり「生鮮食品売り場は地獄でした」,https://news.yahoo.co.jp/articles/f7df0235d3bf9e2fecf56d11a48b15e664ca2903,11/20(月) 12:11
kosodate,マイナビ子育て,学級閉鎖が続出中！ 子どもがインフルエンザかも…と思ったら【対処法＆予防法は？】,https://news.yahoo.co.jp/articles/15c00a9a52e49b3712df2cb2d93d469289229d47,11/19(日) 11:30
kosodate,マイナビ子育て,子どもの入院付き添い「母親じゃないとダメ」という壁も…管理職パパが2回に分けて取得した育休で感じたこと,https://news.yahoo.co.jp/articles/c9981f291c47ee395d7f6925f9dd672e1283909f,11/18(土) 11:30
kosodate,マイナビ子育て,第一子出産の凛さん、赤ちゃんを連れてカナダから帰国　北斗晶さんはお赤飯を炊いて盛大なウェルカムパーティー,https://news.yahoo.co.jp/articles/04cf01f8cd6d75dad3be33c76009d00c96fdac3a,11/17(金) 12:11
kosodate,マイナビ子育て,菊地亜美さん、ワンオペナイトルーティンでイヤイヤ期真っ盛りな3歳長女とのやりとりがリアル！,https://news.yahoo.co.jp/articles/c8ea8d50e429a4059317b959db3d2d65879e2d0d,11/16(木) 12:12
kosodate,マイナビ子育て,第三子妊娠中のギャル曽根さんが「これだけは絶対買おう」と思っていた育児用品とは？,https://news.yahoo.co.jp/articles/62b9046b97a85fb2ffc461406fbeb421f33b23c3,11/15(水) 12:10
kosodate,マイナビ子育て,第二子出産のたんぽぽ白鳥久美子さん、妊娠中のMAX体重が3桁に。産後も「母乳あげてるのに減らない」,https://news.yahoo.co.jp/articles/a9deba5701a8c1393f9f8e7b2541724255c0566d,11/14(火) 12:11
kosodate,マイナビ子育て,第一子出産の手島優さん、ワンオペ育児・睡眠不足で……「膝下から様子がおかしい。見たことないむくみ方」,https://news.yahoo.co.jp/articles/ca12a522ab9d1d088b12dcd36c230b7ed29fdf18,11/13(月) 12:11
kosodate,マイナビ子育て,つわりは夫婦の試練！ マイペースな夫が好きで結婚したが…テレ東社員でママ漫画家・真船佳奈さんが描いた妊娠・出産のリアル,https://news.yahoo.co.jp/articles/7d5c7c50a567e85e2e134c23c1cb8eddf5964895,11/12(日) 13:10
kosodate,マイナビ子育て,テレ東社員でママ漫画家・真船佳奈さん「皿なんか放っておいても死なない！」息苦しくなく呼吸できるように切り捨てたことと大事な軸,https://news.yahoo.co.jp/articles/b895f76930c98ae5b63b15d59bfa729e19f22056,11/11(土) 11:30
kosodate,マイナビ子育て,ギャル曽根さんが第三子妊娠、産休へ　長男は「もう11歳、本当あっという間」,https://news.yahoo.co.jp/articles/e5cb58a19ba11c049f5216440466c57dcaf9cf44,11/10(金) 12:12
kosodate,マイナビ子育て,新井恵理那アナ、第一子を抱く写真を公開「まぁるくてふわふわ頭が、そっくりでかわいかった」美しいコキアの花畑でおでかけ,https://news.yahoo.co.jp/articles/97156b28d9361fa0731e02c00f61425cdbe096c8,11/10(金) 12:12
kosodate,マイナビ子育て,川田裕美アナ「息子の発達の遅れが気になっていたことある」保育士さんに相談したら……,https://news.yahoo.co.jp/articles/1874c7facab81ba467a66250e14c05b9be010031,11/9(木) 12:11
kosodate,マイナビ子育て,三浦翔平さん「息子は俺よりこだわりが強い」マイルールを守らないと「違う、違う！」と言われる＜訂正＞,https://news.yahoo.co.jp/articles/ab22de3f298a12ece47d1c2901437d9efa698bdf,11/9(木) 12:10
kosodate,マイナビ子育て,第三子妊娠中の福田萌さんが出産のため里帰り、夫・中田敦彦さんは初めてのワンオペ育児「大丈夫かどうかというとギリ」,https://news.yahoo.co.jp/articles/8e3da9470a13a55ff0fb1cb00675a4571b101e75,11/8(水) 12:12
kosodate,マイナビ子育て,藤本美貴さんが妊娠中に支えられた夫・庄司智春さんの名言を明かす,https://news.yahoo.co.jp/articles/a298ab1d7e5e730aeceef94fd3bd82440fb272e6,11/8(水) 12:12
kosodate,マイナビ子育て,横澤夏子さんが公開した次女のとんでもない姿勢の写真が「子育てあるある」すぎて共感が止まらない…！,https://news.yahoo.co.jp/articles/f501d2064d18d880030f9116c24a5828ce08b17f,11/7(火) 12:12
kosodate,マイナビ子育て,第二子妊娠の滝川クリステルさん「このまま出産に臨めそうな気配」大きくなったお腹でヨガポーズ,https://news.yahoo.co.jp/articles/4adf213008dc93a4c852adfd295aa2252a0ca11d,11/7(火) 12:12
kosodate,マイナビ子育て,末期がんで余命宣告された父親が、娘に伝えたいたったひとつのこと。叶井俊太郎さんが語る「子育ての終わり」,https://news.yahoo.co.jp/articles/3d28afd9600b628eb299aad5a4561ffb72d1d8dd,11/7(火) 12:11
kosodate,マイナビ子育て,おばたのお兄さん「なんだか感動してしまった」妻が妊娠中していたことを泣きわめく息子に試してみたら…,https://news.yahoo.co.jp/articles/341e53a17c98d560b6f24a6898ef82299979501e,11/6(月) 12:13
kosodate,マイナビ子育て,レスラー凛さん、赤ちゃんのパスポート取得「ちょっと長めに日本へ」義母・北斗晶さんは孫にメロメロ「早くないか～2ヶ月半なのに」,https://news.yahoo.co.jp/articles/2015388abf8d1af1491fa65587268a6b30c58f5c,11/6(月) 12:13
kosodate,マイナビ子育て,浜崎あゆみさんが自宅の巨大クリスマスツリー3本を公開！ 突然のサプライズに「めちゃテンションあがったー」,https://news.yahoo.co.jp/articles/789eaf80947857f6d51e074a62a429d1dfb23cd6,11/6(月) 12:12
kosodate,マイナビ子育て,“先取り学習”は能力を潰す「習わないとできない！」を作り出してしまう親が【やっていないこと】とは,https://news.yahoo.co.jp/articles/1d9f2e3c2303fc5c9dee95afda14be09ed754c67,11/5(日) 11:30
kosodate,マイナビ子育て,「私、文系だから」「学校で習うよ」は通用しない！ 学習よりも大事な【家での親の行動】が子どもの能力に差をうむ理由,https://news.yahoo.co.jp/articles/9f678b1eb3032a6453dfe86e482c82fbcdc78e2e,11/4(土) 11:30
kosodate,マイナビ子育て,妻の口が悪く子どもが真似するように。注意しても直る気配がない……古坂大魔王さんが「奥さんの負担を減らして」と言う理由は？,https://news.yahoo.co.jp/articles/9056c35e8606fc5ce8034a67fd33e2ab6d7c9667,11/3(金) 11:30
kosodate,マイナビ子育て,DAIGOさん、北川景子さんとの3歳娘が描いた作品を公開！「パパって書いたの」「どこに？」⇒ まさかの場所に!?,https://news.yahoo.co.jp/articles/cded79f1d2443cd080d5cebb0101305ffb285778,11/2(木) 12:13
kosodate,マイナビ子育て,柳原可奈子さん、脳性まひの長女が七五三を迎え「胸いっぱいの特別な節目となりました」,https://news.yahoo.co.jp/articles/b8c78741bbf80bbe9272886862fed05d06032e92,11/2(木) 12:12
kosodate,マイナビ子育て,手島優さん「こんな事あるの？」母乳が止まりショック「小玉スイカくらいのバストサイズになって…あんなに出てたのに」,https://news.yahoo.co.jp/articles/b4ab1833db4b17ff1e7c6d59bfb13d5cb599f544,11/1(水) 12:13
kosodate,マイナビ子育て,第一子出産の木村文乃さん「産後の抜け毛」が気になる　仕事も再開、寝落ちの日々も「食育を受け継いで」,https://news.yahoo.co.jp/articles/0f84b2725b5bdb8cfcd59f296d1426590838b2b9,11/1(水) 12:12
kosodate,マイナビ子育て,pecoさんから息子へのポジティブな声かけが素敵！ 寝坊を叱らない言い換え「今日はぐっすり寝てくれたから時間ないねん」,https://news.yahoo.co.jp/articles/c5c45079042ba4e32f13d8323698174d0ce205aa,11/1(水) 12:12
kosodate,マイナビ子育て,第二子妊娠の安めぐみさん「最近はだんだんお腹も目立ってきました」長女のときとは違うマイナートラブルも,https://news.yahoo.co.jp/articles/2589d1806e31eca16ce9270072f4b9d9777354ac,10/31(火) 12:11
kosodate,マイナビ子育て,紅蘭さん親子のハロウィンコスが完璧!! ウェンズデーのダンスシーン再現「リクエストが細かいのよ！」,https://news.yahoo.co.jp/articles/cbeeddf4ed8f99002d1870595f9ac340dc5d791c,10/30(月) 12:12
kosodate,マイナビ子育て,30代後半～50代男性が該当。子供から「そういう考え、あり得ない時代だよ」と言われる決定的に“古い意識”とは,https://news.yahoo.co.jp/articles/de74f4dfea0b3a0ffacb68052452390cbe7c96f5,10/29(日) 11:30
kosodate,マイナビ子育て,生理周期が安定してる女性が「全部、ホルモンのせい」「プレ更年期だから」で見逃す体の“危険な状態”とは,https://news.yahoo.co.jp/articles/cbe425039870e7a9c4f3aa6d8d6eb0c3dbe8e654,10/28(土) 11:30
kosodate,マイナビ子育て,平愛梨さん2歳息子がスーパーで買い物中に「ギャン泣き」途方に暮れるも……神作戦がスゴイ！,https://news.yahoo.co.jp/articles/2431565d0f3c6324a94fd7be11d6a693d47f2185,10/27(金) 12:11
kosodate,マイナビ子育て,ママになった土屋太鳳さん「産後に変化したこと」そろそろ仕事復帰の準備も,https://news.yahoo.co.jp/articles/063fb635682a9c1f2adbfbd9e0698cd7cec7972c,10/27(金) 12:10
kosodate,マイナビ子育て,辻希美さん「the茶色弁当」にドキドキ「本当はもっと可愛くしたかったけど」好き嫌いが激しい三男「お弁当メニューまじで悩む」,https://news.yahoo.co.jp/articles/ba8d6d79c341cb9e66e8d93e4cc053672138b1cf,10/27(金) 12:10
kosodate,マイナビ子育て,第二子出産のたんぽぽ白鳥さん、赤ちゃんがシールを誤飲する危険性「盲点でした！」,https://news.yahoo.co.jp/articles/76019d2525405f76fde003cf73081c45b878ee81,10/26(木) 12:10
kosodate,マイナビ子育て,バカリズムさんと元でんぱ組.incの夢眠ねむさんに第一子、産後の報告となった理由「無事産むまで発表するのが不安だったので……」,https://news.yahoo.co.jp/articles/aa057bb889a99b4d860118f842abc5050707259e,10/26(木) 12:10
kosodate,マイナビ子育て,DAIGOさん、3歳長女には「字がキレイに」 岡村隆史さん「僕はできひんかったから」…それぞれの“習い事事情”,https://news.yahoo.co.jp/articles/91d5fc46b57d468a55979e7817887029cf62d82e,10/25(水) 12:10
