media_en,media_jp,title_articles,link_articles,date_original
izunp,伊豆新聞,踊子歩道沿い「茶屋」お目見え 農機具小屋生かした休憩所―26日まで河津,https://news.yahoo.co.jp/articles/58ee211dac68b48f55b4ff73f6b0ce700237c6d1,11/20(月) 10:09
izunp,伊豆新聞,「伊豆山組曲」来月リリース 盲目のピアニスト志岐さん 地元施設が新レーベル―熱海,https://news.yahoo.co.jp/articles/8172a5534635e4ee3362d98d772a831893154fbd,11/17(金) 10:13
izunp,伊豆新聞,まんじゅうみそのが復活 伊豆中継承、銘菓再興へ―伊東,https://news.yahoo.co.jp/articles/2373afe138374c31c2eb12958fc6966691822702,11/16(木) 10:06
izunp,伊豆新聞,「光のオーケストラ」など新設―伊東でグランイルミ第9弾開幕 LED600万球圧巻,https://news.yahoo.co.jp/articles/faa1f6e62d83b8c81c2389636b098d6b68082b53,11/13(月) 10:17
izunp,伊豆新聞,「伊豆の踊子」で各種イベント―18～26日に河津で「ODORICOトレイル」,https://news.yahoo.co.jp/articles/3a53312d374abf53bf9695cff9e38f35b5867b03,11/10(金) 10:56
izunp,伊豆新聞,修禅寺で本尊公開 今月末まで重文大日如来座像―伊豆市,https://news.yahoo.co.jp/articles/54f3e248f81526c898ddc0ed686a2ee5f1054c57,11/9(木) 10:05
izunp,伊豆新聞,修善寺で十月桜が見頃-伊豆市,https://news.yahoo.co.jp/articles/d0889a286d3854cc77133c6916ecebe04331e1a1,11/3(金) 10:11
izunp,伊豆新聞,伊豆山土石流 被災めげず中国物産店 徐さん、あす清水町にオープンー熱海,https://news.yahoo.co.jp/articles/f3172ac46c3854a0f194b8a5fa87a7893ea89aa9,10/25(水) 10:04
izunp,伊豆新聞,新規就農者が休園中の柿・みかん狩り園「まつば農園」を再生へ 下田市大賀茂,https://news.yahoo.co.jp/articles/8f4cc7a705cb079b6e173ed3f15a97f890b6af0d,10/24(火) 13:25
izunp,伊豆新聞,仮装パレード大盛況 三島大通り商店街で「ハロウィーン」,https://news.yahoo.co.jp/articles/b4db945bee1f2bfa8caf1db39491f80be3dbb407,10/23(月) 10:21
izunp,伊豆新聞,名誉市民・故橋田さんの思い出 ストリートギャラリーに―熱海,https://news.yahoo.co.jp/articles/96a9fd9ad91e07aa42095d1f579ea4b8ff522541,10/21(土) 11:04
izunp,伊豆新聞,バス、案内所に宿泊 11月17日 1組限定の施設開業─西伊豆,https://news.yahoo.co.jp/articles/cd5a4a33534acada4354e0580cbb8b9bd025f186,10/19(木) 10:05
izunp,伊豆新聞,日ロ交流まとめ資料集に 「友好の歴史、再確認を」―下田,https://news.yahoo.co.jp/articles/32c5ec6939c451ceb78a7f763d4e7fdd10018d8e,10/18(水) 10:16
izunp,伊豆新聞,渋沢栄一建立の碑 お色直し 新札発行前に玉泉寺住職墨入れ―下田,https://news.yahoo.co.jp/articles/0037a28e69f4c50f289f762aeebcb4c8de9890b6,10/17(火) 11:01
izunp,伊豆新聞,神代騎が疾走 土肥神社例大祭-伊豆市,https://news.yahoo.co.jp/articles/a49de274e2d2a24446a2207b37e68944c17a83f2,10/16(月) 10:14
izunp,伊豆新聞,静岡の地酒、地ビールPR 試飲会に行列―熱海,https://news.yahoo.co.jp/articles/599c8ca7acf83f775f24b6b495827bc97d369720,10/15(日) 13:09
izunp,伊豆新聞,伊豆下田カントリークラブ 来年末に営業終了 来場者減など影響―南伊豆,https://news.yahoo.co.jp/articles/cbe03de8d708254e5b247e0922cd037e409b2347,10/14(土) 11:33
izunp,伊豆新聞,松川遊歩道で路面プロジェクション 「竹あかり」で市企画12月末まで-伊東,https://news.yahoo.co.jp/articles/f02c724baaf06f03af2f4f5c5e161435d672e51d,10/13(金) 10:10
izunp,伊豆新聞,名作「伊豆の踊子」体験 11月に下田図書館 登場宿で朗読など,https://news.yahoo.co.jp/articles/392e3c226a40a73eaeea3e3a426b15404160f38c,10/12(木) 13:08
izunp,伊豆新聞,伊豆文学祭14、15日に伊豆の国市のアクシスかつらぎで開催,https://news.yahoo.co.jp/articles/fc4b23ef31c5c3cffa8011e5cbb9e64f1e6e950a,10/11(水) 10:12
izunp,伊豆新聞,「空想する楽しさ知って」 絵本作家いわいさん新作 「ぬまの100かいだて」出版―伊東,https://news.yahoo.co.jp/articles/e4f095295ee149d872c13de83a2c7491c3b251f1,10/10(火) 10:18
izunp,伊豆新聞,共生社会実現へ期待 デフリンピック自転車入賞夫妻 25年に大会 伊豆でトーク,https://news.yahoo.co.jp/articles/04435642c8f521f2c500c8eeb9a03b508c28304a,10/8(日) 10:17
izunp,伊豆新聞,下田市にレンタルスペース「HOTA」がオープン,https://news.yahoo.co.jp/articles/6e975fb06db1cc0934bc78f16a2b5a9e049f9ea1,10/6(金) 10:12
izunp,伊豆新聞,8日に伊勢海老づくしの特別な日 南伊豆町観光協会,https://news.yahoo.co.jp/articles/62898b1b523cfba61d1660834f934d90cc49ad43,10/3(火) 10:09
izunp,伊豆新聞,狩野川神島公園がオープン 体験多彩「新たな魅力」祝う―伊豆の国,https://news.yahoo.co.jp/articles/81768c594fe7cd1f93e98957f08f7c3db93b1852,10/2(月) 11:40
izunp,伊豆新聞,下田でアロハシャワー フラガールが華麗にダンス,https://news.yahoo.co.jp/articles/88cd5c84cf885e373bd4cb12b0deb54d69202eeb,10/1(日) 10:44
izunp,伊豆新聞,狩野川神島公園のオフロード自転車コース完成 周回コースやバンプトラック 1日使用開始―伊豆の国,https://news.yahoo.co.jp/articles/885e1922e74c97f41f80e2e18e1a833c9b0772c3,9/30(土) 10:27
izunp,伊豆新聞,舞台、無償で貸します キネマ通りの新スポット スペインバルが話題―伊東,https://news.yahoo.co.jp/articles/dad79a86e1efd41099a85ade11e8e57488af21e3,9/29(金) 10:16
izunp,伊豆新聞,伊豆・伊豆の国市の小児医療に尽力 医師中島さん退職へ,https://news.yahoo.co.jp/articles/21bbeb3027bfe4f40fce3a164965053c06a3e589,9/28(木) 10:31
izunp,伊豆新聞,狩野川台風の襲来した26日、伊豆の国市の僧侶が慰霊行脚 同市や伊豆市の4地区巡る,https://news.yahoo.co.jp/articles/b4fe19d7062d9b2a45fb2c80999e2c1c52cb0381,9/27(水) 10:01
izunp,伊豆新聞,「引けー」かけ声で50メートル 250人「御石曳」体験―熱川「道灌まつり」,https://news.yahoo.co.jp/articles/a86ba37859e35dae3178523095151d2177a0f92a,9/26(火) 10:48
