media_en,media_jp,title_articles,date_original
zdn_mkt,ITmedia ビジネスオンライン,おにぎりが涙目で「たすけてください」　ファミマ、新たな値下げシールで実験,10/23(水) 11:51
zdn_mkt,ITmedia ビジネスオンライン,「イオンモール札幌苗穂」2階がリニューアル、特徴は？,10/23(水) 11:31
zdn_mkt,ITmedia ビジネスオンライン,「三井ショッピングパーク ららぽーと安城」25年4月に誕生　どんな店が入る？,10/23(水) 9:57
zdn_mkt,ITmedia ビジネスオンライン,日本は“無防備”か　選挙で「ディープフェイク」はこう使われる,10/23(水) 8:10
zdn_mkt,ITmedia ビジネスオンライン,ユニクロが古着販売を拡大、秋冬商品を充実へ　3店舗目は「前橋南インター店」,10/23(水) 6:20
zdn_mkt,ITmedia ビジネスオンライン,8割が「インボイス導入で負担が増えた」　苦しむ事業者、何が圧迫している？,10/23(水) 6:20
zdn_mkt,ITmedia ビジネスオンライン,なぜ「ライス残し」で炎上したのか？　家系ラーメン店が抱える深いジレンマ,10/23(水) 6:10
zdn_mkt,ITmedia ビジネスオンライン,屋外スキー場「イエティ」、10月25日“日本最速”オープン　まだ暖かいのになぜ可能？,10/23(水) 5:10
zdn_mkt,ITmedia ビジネスオンライン,お店と同じ値段でデリバリー　Woltが広島県呉市で実証実験、狙いは？,10/22(火) 19:08
zdn_mkt,ITmedia ビジネスオンライン,「ドン・キホーテ小松島ルピア店」11月19日オープン　徳島県で2店舗目、特徴は？,10/22(火) 17:40
zdn_mkt,ITmedia ビジネスオンライン,フリーランスの働き方に6割が「満足」　収入の変化は？,10/22(火) 17:15
zdn_mkt,ITmedia ビジネスオンライン,大阪王将、子ども食堂で職人が「餃子の作り方」伝授　地域共生施策の一環,10/22(火) 15:09
zdn_mkt,ITmedia ビジネスオンライン,バーガーキングの「10万円どうぞ」企画　応募総数7万8000件超、ぴったりの物件は？,10/22(火) 14:46
zdn_mkt,ITmedia ビジネスオンライン,「ウコンの力」20周年で新商品、若者向けに「味」変更,10/22(火) 14:25
zdn_mkt,ITmedia ビジネスオンライン,九州電力、育児休暇を「人間的な成長期間」と位置付ける,10/22(火) 13:38
zdn_mkt,ITmedia ビジネスオンライン,進まない企業のセキュリティ対策、背景に「経営層の理解不足」　解決策は？,10/22(火) 12:25
zdn_mkt,ITmedia ビジネスオンライン,イオン、「トップバリュ」約100品目を増量　「つぶあんぱん」は5個入り→6個入りに,10/22(火) 11:43
zdn_mkt,ITmedia ビジネスオンライン,大阪の「D.D.HOUSE」がリニューアル　どんな店が入る？,10/22(火) 11:42
zdn_mkt,ITmedia ビジネスオンライン,「おぱんちゅうさぎ」アジア進出へ　伊藤忠商事が商品ライセンス取得,10/22(火) 10:41
zdn_mkt,ITmedia ビジネスオンライン,OpenAI o1、実は大型進化　サム・アルトマン氏が仕掛けたマーケティング,10/22(火) 10:10
zdn_mkt,ITmedia ビジネスオンライン,「イオン飯田アップルロード」が全館リニューアル　長野県初の「そよら」が誕生,10/22(火) 9:55
zdn_mkt,ITmedia ビジネスオンライン,生理用品が買える自販機、ダイドーが展開　好調の理由は？,10/22(火) 8:20
zdn_mkt,ITmedia ビジネスオンライン,なぜビッグマックの価格は「450円→480円」に上がったのか,10/22(火) 8:15
zdn_mkt,ITmedia ビジネスオンライン,首都圏の「住み続けたい街」　みなとみらい線が1～2位を独占　『SUUMO』副編集長の見解は？,10/22(火) 7:20
zdn_mkt,ITmedia ビジネスオンライン,ダノンジャパン、ヨーグルトの賞味期限表示を一律延長　「品質問題ない」,10/22(火) 7:10
zdn_mkt,ITmedia ビジネスオンライン,「ペット同伴避難」可能なコンテナ、災害時に訴求,10/22(火) 6:10
zdn_mkt,ITmedia ビジネスオンライン,駅弁の定番「チキン弁当」が60歳　なぜ、世代を超えて愛され続けるのか,10/22(火) 6:10
zdn_mkt,ITmedia ビジネスオンライン,#ワークマン女子、山形に初オープン　25年中に5店舗、「出店密度」上げる計画,10/22(火) 5:00
zdn_mkt,ITmedia ビジネスオンライン,セブン、万博会場に2店舗計画　「未来型」コンセプトに,10/21(月) 21:05
zdn_mkt,ITmedia ビジネスオンライン,ワークマンの「着る“断熱材”ベスト」完売、人気の理由を聞いた,10/21(月) 14:39
zdn_mkt,ITmedia ビジネスオンライン,愛知県知多市内に「平和堂」オープン　市内初「スタバ」「無印」が出店,10/21(月) 13:10
zdn_mkt,ITmedia ビジネスオンライン,「AIブーム」は終焉を迎えた？　スケール則の観点から考える,10/21(月) 10:05
zdn_mkt,ITmedia ビジネスオンライン,「とりあえず、やってみる」　創業130年、老舗の海苔会社がデジタル改革で得た“意外な成果”,10/21(月) 10:00
zdn_mkt,ITmedia ビジネスオンライン,悪質なカスハラ「30代女性」が標的に？　被害経験率が突出して多い結果に,10/21(月) 6:50
zdn_mkt,ITmedia ビジネスオンライン,吉野家の「ダチョウ丼」反響は？　まずは1000万円の利益を目指す,10/21(月) 6:10
zdn_mkt,ITmedia ビジネスオンライン,入場料2530円の本屋が話題　「本を買う」だけでない、一風変わった本屋の「納得の体験価値」,10/21(月) 6:10
zdn_mkt,ITmedia ビジネスオンライン,集英社、講談社、小学館など、マンガ出版社の多くが非上場なワケ,10/20(日) 9:10
zdn_mkt,ITmedia ビジネスオンライン,新クルーズ船「MITSUI OCEAN FUJI」が12月に就航、特徴は？,10/20(日) 8:10
zdn_mkt,ITmedia ビジネスオンライン,寝具メーカーの「着る寝袋」がヒット　羽毛布団の素材を使用,10/20(日) 8:10
zdn_mkt,ITmedia ビジネスオンライン,「1冊でも倒れないブックスタンド」10万台突破　開発のきっかけは？　小さな小さなイライラ,10/20(日) 6:15
zdn_mkt,ITmedia ビジネスオンライン,ホリエモンがプロデュース　寄付27億円を集めた北海道「人口5000人の町」でフェス開催,10/19(土) 20:50
zdn_mkt,ITmedia ビジネスオンライン,「イトーヨーカドー函館店」跡地に商業施設「GRANDIR ICHII」がオープン、どんな店が入る？,10/19(土) 9:10
zdn_mkt,ITmedia ビジネスオンライン,大阪駅直結「うめきたグリーンプレイス」2025年3月に全面開業　西日本初出店の店舗も,10/19(土) 8:50
zdn_mkt,ITmedia ビジネスオンライン,『週刊少年ジャンプ』から大ヒット作が生まれる理由,10/19(土) 8:10
zdn_mkt,ITmedia ビジネスオンライン,駅のロッカーで「まだ食べられる食品」受け取れるように　閉店後の余り減らす狙い,10/19(土) 8:05
zdn_mkt,ITmedia ビジネスオンライン,マネジメント層が「得意」と自負している業務　3位「目標達成・業務遂行の支援」、2位「部下に業務を割り当てる・任せる」、1位は？,10/19(土) 7:15
zdn_mkt,ITmedia ビジネスオンライン,なぜ中古車の価格に「差」があるのか　割高or割安になる原因,10/19(土) 7:10
zdn_mkt,ITmedia ビジネスオンライン,コストコとイケアはなぜ時給が高いのか？　日本企業の「人手不足」はただの言い訳に過ぎない,10/19(土) 6:15
zdn_mkt,ITmedia ビジネスオンライン,サイバー攻撃の標的になった経営幹部はどの程度いる？　セキュリティ研修の実施状況も明らかに,10/18(金) 17:15
zdn_mkt,ITmedia ビジネスオンライン,Yahoo!検索、検索結果に生成AIの回答を表示　チャット形式で深掘りも可能に,10/18(金) 16:22
zdn_mkt,ITmedia ビジネスオンライン,ローソン、「悪魔のおにぎり」が復活！　「やみつきフェア」の目玉商品　一度販売を終了したのになぜ？,10/18(金) 15:27
zdn_mkt,ITmedia ビジネスオンライン,「AIピザ」？　ピザハットがチーズ量をAIで分析、130％に増量,10/18(金) 15:15
zdn_mkt,ITmedia ビジネスオンライン,かつや、10月18日から一部商品値上げ　カツ丼（梅）は616円→649円に,10/18(金) 14:16
zdn_mkt,ITmedia ビジネスオンライン,カフェや美容室にも「小さな書店」　トーハンが開業支援サービス開始、「無書店自治体」の解決目指す,10/18(金) 13:09
zdn_mkt,ITmedia ビジネスオンライン,星野リゾート、北米に初進出　「100年前にピーク過ぎた場所」になぜ開業？　代表明かす,10/18(金) 10:50
zdn_mkt,ITmedia ビジネスオンライン,東急の「田園都市線 地下5駅」リニューアル　第1弾の駒沢大学駅はどうなる？,10/18(金) 10:40
zdn_mkt,ITmedia ビジネスオンライン,松屋、今度は「リトアニア」料理　大使も“お墨付き”の味に,10/18(金) 10:32
zdn_mkt,ITmedia ビジネスオンライン,福岡市天神の大型複合ビル「ワンビル」　主要テナントは？　約120店舗が出店,10/18(金) 10:27
zdn_mkt,ITmedia ビジネスオンライン,ハンコをつくっているシヤチハタが、なぜ“尿ハネに会える”商品を開発したのか,10/18(金) 8:10
zdn_mkt,ITmedia ビジネスオンライン,「本音で話せない職場」はなぜできるのか　管理職のある“勘違い”,10/18(金) 7:25
zdn_mkt,ITmedia ビジネスオンライン,オフィスなの？　飲食店なの？　デスクで働く社員が丸見えの「社食堂」が誕生した背景,10/18(金) 6:15
zdn_mkt,ITmedia ビジネスオンライン,焼肉店の倒産、2023年比で「倍増」　年間50件に及ぶ可能性も,10/18(金) 5:10
zdn_mkt,ITmedia ビジネスオンライン,星野リゾート、米国に温泉旅館を開業　外国人が期待する「日本らしさ」押し出す,10/17(木) 17:40
zdn_mkt,ITmedia ビジネスオンライン,OWNDAYS、コンタクトレンズの定期便サービスに参入,10/17(木) 17:15
zdn_mkt,ITmedia ビジネスオンライン,イトーヨーカ堂の供給網は全国に1万社超、相次ぐ店舗閉鎖による影響は,10/17(木) 17:15
zdn_mkt,ITmedia ビジネスオンライン,「プロは嗅覚も使う」　楽天、ブランド偽造品撲滅のため鑑定機能を強化　フリマ事業で,10/17(木) 14:45
zdn_mkt,ITmedia ビジネスオンライン,「MOSDO!」ららぽーと新三郷店にオープン　ミスドとモスの共同店舗はどうなった？,10/17(木) 12:31
zdn_mkt,ITmedia ビジネスオンライン,ローソンのレジ不要店舗、二子玉川駅構内にオープン　店舗運営の効率化図る,10/17(木) 10:45
zdn_mkt,ITmedia ビジネスオンライン,「まっすぐな線を引きたい」　このストレスを解消する蛍光ペンが登場、特徴は？,10/17(木) 10:22
zdn_mkt,ITmedia ビジネスオンライン,日本酒アイス、台湾でヒット　1カップ800円するのに2年で輸出額5倍に、なぜ？,10/17(木) 7:20
zdn_mkt,ITmedia ビジネスオンライン,「エスカレーターの片側あけないで」　AIや音声で注意喚起、JR大宮駅で実証実験,10/17(木) 7:10
zdn_mkt,ITmedia ビジネスオンライン,洋服の青山、「ディッキーズ」に別注したワークパンツ発売　ビジネスシーンにどうマッチさせた？,10/17(木) 6:40
zdn_mkt,ITmedia ビジネスオンライン,森永製菓「inバープロテイン」など6～15％値上げ　12月2日から,10/16(水) 19:38
zdn_mkt,ITmedia ビジネスオンライン,フリーランス1年未満の約6割が「孤独を感じる」　要因は？,10/16(水) 17:15
zdn_mkt,ITmedia ビジネスオンライン,ファミマ、「パンでもスイーツでもある」新商品が好調　7日間で累計270万食を突破,10/16(水) 17:02
zdn_mkt,ITmedia ビジネスオンライン,浦和パルコ、リニューアルで「開業以来最高」の取扱高　どんな店舗が好調？,10/16(水) 17:00
zdn_mkt,ITmedia ビジネスオンライン,「コストコ 小郡倉庫店」11月21日にオープン　福岡県で3店舗目、国内では？,10/16(水) 16:21
