media_en,media_jp,title_articles,date_original
biz_mos,ウエルスアドバイザー,先週の流入額上位－「eMAXIS Slim全世界株式（オール・カントリー）」が4週ぶりトップ,11/11(月) 11:25
biz_mos,ウエルスアドバイザー,新興国の投資機会を幅広く捉えて年20．8％のトータルリターン、「新興国ポラリス」の着眼点,11/7(木) 9:20
biz_mos,ウエルスアドバイザー,「インド株」が後退し「FANG＋」に再脚光、新設の「高配当株」も好調＝ネット証券の投信積立契約件数ランキング24年10月,11/6(水) 17:02
biz_mos,ウエルスアドバイザー,先週の流入額上位－「ニュートン・パワー・イノベーション・ファンド（為替ヘッジなし）」がトップ,11/5(火) 17:11
biz_mos,ウエルスアドバイザー,バランス運用でカテゴリートップの運用力、「ポラリス」にある類まれなスタビライザーの真価,11/5(火) 9:20
biz_mos,ウエルスアドバイザー,新NISA新規口座数が急増、スマホに特化したPayPay証券の躍進を支えるフィンテックの発想力,11/1(金) 11:11
biz_mos,ウエルスアドバイザー,「S＆P500」や「全世界株式」の分散ツールに、米国中小型株式「S＆P1000」の魅力,10/30(水) 11:20
biz_mos,ウエルスアドバイザー,先週の流入額上位－「インベスコ 世界厳選株式オープン＜為替ヘッジなし＞（毎月決算型）」が今年初のトップ,10/28(月) 11:23
biz_mos,ウエルスアドバイザー,先週の流入額上位－「AB・米国成長株投信Dコース（H無） 予想分配金」が4週ぶりトップ,10/24(木) 15:01
biz_mos,ウエルスアドバイザー,先週の流入額上位－「ｅＭＡＸＩＳ Ｓｌｉｍ全世界株式（オール・カントリー）」が３週連続のトップ,10/15(火) 10:51
biz_mos,ウエルスアドバイザー,４６カ月連続の資金流入が継続するも流入額上位ファンドの顔ぶれに変化＝ＤＣ専用ファンド（２０２４年９月）,10/9(水) 16:03
biz_mos,ウエルスアドバイザー,先週の流入額上位－新規設定の「グローバル・オポチュニティ・パートナーズ・ファンド」など４ファンドが新たにランクイン,10/7(月) 11:00
biz_mos,ウエルスアドバイザー,毎日５００円のつみたて投資体験を、「ＰａｙＰａｙおまかせ運用」は世界株式と全世界バランスの２択でスタート,10/3(木) 10:06
biz_mos,ウエルスアドバイザー,「Ｓ＆Ｐ５００」と「オルカン」を追う「インド株」と「高配当株」、インデックスファンドの新機軸は？　＝ネット証券の投信積立契約件数ランキング２４年９月,10/2(水) 16:06
biz_mos,ウエルスアドバイザー,先週の流入額上位－「オール・カントリー好配当リバランスオープン（年４回決算型）」など５ファンドが新規ランクイン,9/30(月) 17:03
biz_mos,ウエルスアドバイザー,中国で大規模な景気刺激策の発表、復調の兆しがある中国株式市場の今後は？,9/30(月) 11:48
biz_mos,ウエルスアドバイザー,新ＮＩＳＡで投資初心者にふさわしい新ファンド、三菱ＵＦＪアセットがＰａｙＰａｙ証券の顧客向けに新開発,9/26(木) 17:21
biz_mos,ウエルスアドバイザー,転換期を迎えたＪ－ＲＥＩＴ、米国の利下げが示唆する投資機会,9/25(水) 12:27
biz_mos,ウエルスアドバイザー,高いパフォーマンスで将来性豊かなインド株式への投資、投資信託の活用に潜むボトルネックとは？,9/24(火) 17:06
biz_mos,ウエルスアドバイザー,先週の流入額上位－「フレキシブル・インカム／ＢＩＮＣ（Ｈ無／成長）」など５ファンドが新規ランクイン,9/24(火) 11:36
biz_mos,ウエルスアドバイザー,新ＮＩＳＡ「つみたて投資枠」の行方、ＮＩＳＡ買付額の２２％にとどまるシェアを拡大するには？,9/20(金) 18:00
biz_mos,ウエルスアドバイザー,「Ｓ＆Ｐ５００」から過小評価の５０銘柄に厳選投資、「Ｓ＆Ｐ５００アクティブ」の魅力,9/19(木) 15:09
biz_mos,ウエルスアドバイザー,米ＦＲＢの利下げ決定で市場はどう動くのか？　ソフトランディングの利下げは株式にも債券にもプラス,9/18(水) 17:39
biz_mos,ウエルスアドバイザー,寄付金総額が１０億円を突破した金融業界の大規模チャリティイベント「ＦＩＴチャリティ・ラン」が２０周年,9/17(火) 17:09
biz_mos,ウエルスアドバイザー,先週の流入額上位－新規設定の「ひふみクロスオーバーｐｒｏ」が第６位、国内外の未上場株式と上場株式に投資,9/17(火) 11:51
biz_mos,ウエルスアドバイザー,サイジニアグループの「ＺＥＴＡ　ＳＥＡＲＣＨ」がコープＣＳネット『ｅふれんず』に採用,9/17(火) 8:12
biz_mos,ウエルスアドバイザー,「Ｓ＆Ｐ５００」だけでは捉えきれない米国株式市場の転換、ＦＴＳＥ　Ｒｕｓｓｅｌｌの指数が示唆する変化,9/13(金) 17:57
biz_mos,ウエルスアドバイザー,過去６０年で「Ｓ＆Ｐ５００」を２０倍超上回る「フィデリティ・マゼラン・米国成長株ファンド」が日本上陸,9/12(木) 14:24
biz_mos,ウエルスアドバイザー,新ＮＩＳＡは投資のきっかけに大いに貢献しているが、今後の拡大には知識の普及と賃上げも必要,9/11(水) 11:57
biz_mos,ウエルスアドバイザー,三菱ＵＦＪアセットマネジメントが「クレジット運用部」を新設、グループの信託銀行と銀行から機能を移管,9/10(火) 16:06
biz_mos,ウエルスアドバイザー,４５カ月連続で資金流入が継続するも資金流入は国内株式にシフト＝ＤＣ専用ファンド（２０２４年８月）,9/9(月) 17:45
biz_mos,ウエルスアドバイザー,先週の流入額上位－新規設定の「野村 日本新鋭成長株ファンド」が第３位、４ファンドがトップ１０に返り咲き,9/9(月) 10:54
biz_mos,ウエルスアドバイザー,国内唯一のＥＴＦ専門運用会社Ｇｌｏｂａｌ　Ｘ　Ｊａｐａｎが設立５周年、ＥＴＦで年間上場銘柄数第１位を堅持,9/6(金) 15:48
biz_mos,ウエルスアドバイザー,「Ｓ＆Ｐ５００」人気に続くのは「日本株」か「インド株」か？　＝ネット証券の投信積立契約件数ランキング２４年８月,9/5(木) 11:06
biz_mos,ウエルスアドバイザー,ｉＤｅＣｏ７月の新規加入者３．４８万人、新規加入者数は４カ月連続で前年同月比マイナス幅を拡大,9/4(水) 16:24
biz_mos,ウエルスアドバイザー,「投資の力」でより豊かな将来を育む、アセットマネジメントＯｎｅが取り組む「資産運用立国」への貢献,9/3(火) 10:03
biz_mos,ウエルスアドバイザー,先週の流入額上位－「ｅＭＡＸＩＳ Ｓｌｉｍ全世界株式（オール・カントリー）」が３週ぶりトップ,9/2(月) 17:03
biz_mos,ウエルスアドバイザー,日本の１９７０年代と同様の経済成長期にあるベトナムが迎えたカタルシス、「ロータス」の運用責任者に聞く,9/2(月) 10:33
biz_mos,ウエルスアドバイザー,株式に対して約２０年ぶりの割安水準になった米国債券、米利下げ前に考える債券ファンドへの投資機会,8/30(金) 17:27
biz_mos,ウエルスアドバイザー,米大型ハイテク株とは一線を画するアジア株式、相関係数の低下と「成長＋配当」の魅力で分散投資の候補に,8/29(木) 17:42
biz_mos,ウエルスアドバイザー,年初来のパフォーマンスは「Ｓ＆Ｐ５００」が良かったが、これからはどうなる？,8/28(水) 18:30
biz_mos,ウエルスアドバイザー,サイジニアグループの「ＺＥＴＡ　ＨＡＳＨＴＡＧ」が『アップガレージ』公式サイトに導入,8/27(火) 8:30
biz_mos,ウエルスアドバイザー,先週の流入額上位－新規設定の「ＴＴＩ・グローバル中小型厳選株式ファンド」など４ファンドが新たにランクイン,8/26(月) 17:39
biz_mos,ウエルスアドバイザー,「Ｓ＆Ｐ５００」など大型株の集中物色が転換へ、新興国株や欧州小型株など魅力的＝アムンディの見通し,8/26(月) 10:54
biz_mos,ウエルスアドバイザー,約１万３０００銘柄への極めて幅広い分散投資　資産運用の柱を担う「全世界超分散株式ファンド」,8/23(金) 10:42
biz_mos,ウエルスアドバイザー,株価との相関が低いアジア債券に注目、現在の利回りは過去最高レベルの水準,8/22(木) 17:36
biz_mos,ウエルスアドバイザー,史上最高値を更新し続ける「金（ゴールド）」、米国利下げで一段高？,8/21(水) 17:48
biz_mos,ウエルスアドバイザー,史上最高値まで１．０４％の水準に戻った米Ｓ＆Ｐ５００、円高で米国株ファンドの基準価額は最高値まで遠い,8/20(火) 17:36
biz_mos,ウエルスアドバイザー,先週の流入額上位－国内株式インデックスファンドに代わって外国株式ファンドに押し目買いの資金流入,8/19(月) 15:18
biz_mos,ウエルスアドバイザー,国内株価の乱高下にみるファンドのパフォーマンス、株価下落に抵抗した高配当利回り株ファンド,8/16(金) 18:18
biz_mos,ウエルスアドバイザー,米４０１ｋにみる「ＴＤＦ」や「マネージドアカウント」の活用、新ＮＩＳＡの積立投資との大きな違い,8/15(木) 18:21
biz_mos,ウエルスアドバイザー,市場の変動にあらがう、トレンドフォロー戦略や厳選アクティブファンド、金（ゴールド）の組み合わせも,8/14(水) 17:48
biz_mos,ウエルスアドバイザー,３年連続５ツ星、米国リートに投資するファンドと世界の株式・債券に投資するバランスファンドが到達,8/14(水) 15:36
biz_mos,ウエルスアドバイザー,先週の流入額上位－国内株式インデックス３ファンドが今年初めてのランクイン,8/13(火) 11:12
biz_mos,ウエルスアドバイザー,サイジニアグループの「ＺＥＴＡ　ＨＡＳＨＴＡＧ」がメディア化するＥＣサイトでコンテンツ拡充をサポート,8/13(火) 8:12
biz_mos,ウエルスアドバイザー,８月の株価急落に耐えた投資対象、為替ヘッジありの「小型株」「バリュー株」そして「ゴールド（金）」,8/9(金) 17:48
biz_mos,ウエルスアドバイザー,米国経済のスローダウンによって米国株式市場のけん引役が交代へ　～「クオリティ」がパフォーマンスを左右する～,8/8(木) 11:24
biz_mos,ウエルスアドバイザー,４４カ月連続で資金流入が継続、先進国株式を筆頭に国内株式にも資金が流入＝ＤＣ専用ファンド（２０２４年７月）,8/7(水) 15:57
biz_mos,ウエルスアドバイザー,世界的に株価乱高下、資産形成のテーマは「分散」にシフト？,8/6(火) 17:54
biz_mos,ウエルスアドバイザー,日米の株価急落で知る長期投資の意義、新ＮＩＳＡ開始からの日経平均株価つみたて投資がマイナス評価に転落,8/5(月) 17:54
biz_mos,ウエルスアドバイザー,先週の流入額上位－「ＡＢ・米国成長株投信Ｄコース（Ｈ無） 予想分配金」が２週ぶりトップ,8/5(月) 10:39
biz_mos,ウエルスアドバイザー,トップ１０のうち４銘柄を占める「Ｓ＆Ｐ５００」連動型ファンドがトップに＝ネット証券の投信積立契約件数ランキング２４年７月,8/2(金) 17:42
biz_mos,ウエルスアドバイザー,ｉＤｅＣｏ６月の新規加入者３．５万人、新規加入者数は３カ月連続で前年同月比マイナス,8/1(木) 17:12
biz_mos,ウエルスアドバイザー,ＤＣ制度の環境整備について中小企業向けに制度普及をはかる、「総合型ＤＣ」の創設に道筋,7/31(水) 16:33
biz_mos,ウエルスアドバイザー,「米国割安株」にも投資機会、アライアンス・バーンスタインのポートフォリオ・マネージャーに聞く,7/30(火) 10:45
biz_mos,ウエルスアドバイザー,アセットマネジメントＯｎｅが考える日本株の５つの着眼ポイント、次の選択肢たり得る日本株ファンドとは？,7/29(月) 17:21
biz_mos,ウエルスアドバイザー,先週の流入額上位－「グローバル・ロボティクス株式ファンド（年２回決算型）」がトップ,7/29(月) 11:06
biz_mos,ウエルスアドバイザー,確定拠出年金制度改定に向け投資信託協会等が連名で提言、拠出限度額の引き上げや個別アドバイスの提供など,7/26(金) 11:30
biz_mos,ウエルスアドバイザー,世界で需要拡大が期待される「ＡＩ」と「原子力発電」にフォーカスしたＥＴＦ、７月２５日に東証にそろって上場,7/25(木) 10:36
biz_mos,ウエルスアドバイザー,高成長が期待されるＥＶ産業が揺籃、割安なインドネシア株式に投資機会,7/24(水) 17:36
biz_mos,ウエルスアドバイザー,投資判断にＳＮＳは有用？　米英と比較して専門的なアドバイスが希薄＝フィデリティの２３カ国調査,7/23(火) 18:18
biz_mos,ウエルスアドバイザー,先週の流入額上位－新規設定の「アジア半導体関連フォーカスファンド」がランクイン,7/23(火) 11:24
biz_mos,ウエルスアドバイザー,資産効果がインド経済を底上げ、高値更新の株式市場では「ハイクオリティ」を選別＝ＵＴＩインターナショナルＣＥＯに聞く,7/22(月) 16:39
biz_mos,ウエルスアドバイザー,米国大統領選の敗者は「米国財政」、どちらが勝っても財政赤字は拡大方向＝ＰＩＭＣＯ公共政策担当の見立て,7/19(金) 17:33
biz_mos,ウエルスアドバイザー,「冷戦時代に匹敵する地政学リスク」を分析して投資チャンスに＝アムンディが見通す年後半の地政学動向,7/18(木) 17:27
biz_mos,ウエルスアドバイザー,高パフォーマンスの株式投資が継続、「コア・サテライト」から「分散投資」の視点も重要,7/17(水) 18:03
biz_mos,ウエルスアドバイザー,先週の流入額上位－「ｅＭＡＸＩＳ Ｓｌｉｍ全世界株式（オール・カントリー）」が３週連続トップ,7/17(水) 11:03
biz_mos,ウエルスアドバイザー,サイジニアグループの「ＺＥＴＡ　ＲＥＣＯＭＭＥＮＤ」、ＡＮＡあきんど運営の『ＡＮＡのふるさと納税』に導入,7/16(火) 8:09
