media_en,title_articles,link_articles,date_original
fbox,お腹と下半身を温める！ 手軽に取り入れられる温活アイテム,https://news.yahoo.co.jp/articles/9b6bcb2e772dd78b1645de5e2a5f9aa3f414210a,8/22(火) 19:24
fbox,ストレスフルな夏こそ、便利プロダクトで生理期間を快適に！,https://news.yahoo.co.jp/articles/def77840728b52e71c3c7fdc567157d7e73a0879,8/12(土) 10:00
fbox,KANEKAが酪農から本気でつくった！ 絶品「ピュアナチュール オーガニック ヨーグルト」,https://news.yahoo.co.jp/articles/7d8061e91d30556cefa43514bb652a6bd6549606,7/26(水) 12:26
fbox,からだの内側から温める！ 食事で始める夏の“温活”,https://news.yahoo.co.jp/articles/f2e8422524e58c508bcd22cb5f26b2867da80dc8,7/21(金) 12:40
fbox,頭痛・肩コリ・生理痛・不妊……不調は冷えからやってくる  夏こそ“温活 ” でフェムケア,https://news.yahoo.co.jp/articles/75f1420bdfee6610d508d0dc9008e14f0adde2b3,6/26(月) 12:53
fbox,名古屋の人気ビューティサロンで＆ ROSY編集長が体験！ 韓国発の小顔セラピー「骨筋（コルグン）」,https://news.yahoo.co.jp/articles/c5526a1e026f1414cad614078b0040caf18a686a,6/12(月) 19:29
fbox,EMON×スタイリスト大沼こずえさんが手掛ける大人のための浴衣,https://news.yahoo.co.jp/articles/d0e9f05f694616949847598b791136c126502cb6,6/10(土) 17:35
fbox,ムーミンやサンリオ、うさまるが大人気！ お部屋に癒やしを届ける「キャラクターライト」【シリーズ累計130万部突破】,https://news.yahoo.co.jp/articles/96a2ea7f4f2f9985dd2047aa1d328a676dba7067,5/30(火) 10:00
fbox,【予約受付開始】GLOW 8月号・8月号増刊 DEAN ＆ DELUCA 豪華2本立て特別付録／5月26日(金)～,https://news.yahoo.co.jp/articles/56fe5e967dda90d362b7ad0e969817af4923decd,5/29(月) 20:00
fbox,＆ROSY編集長が体験。マスクOFF時代の今こそ！ 気になるシミをレーザーでケア,https://news.yahoo.co.jp/articles/1b467e448eef563047bb0006dbd94c285aa57240,5/24(水) 17:27
fbox,更年期、筋力の衰え…… からだの変化に寄り添うテック,https://news.yahoo.co.jp/articles/f9e6de2ea673f99f3b7e833c112bf16fc55c002d,5/22(月) 9:49
fbox,夫を異性として見られない……そんな時妊活どうする？,https://news.yahoo.co.jp/articles/8597ea1889523541f5d5118681eed4bd996251e8,3/29(水) 11:08
fbox,佐藤栞里｜きちんと×洒落感を叶えるお仕事服！ 信頼の9ブランドから厳選,https://news.yahoo.co.jp/articles/f25e20be96cb905f941bc653c356983a7be40a19,3/22(水) 11:00
fbox,筋張った手もヒアルロン酸で若々しく!?  1回で効果を感じる美容医療に挑戦,https://news.yahoo.co.jp/articles/5bd1243976a99cc829463b644006bbf8560bde4d,3/21(火) 19:00
fbox,フェンディ ファーストに春の新色が登場！ SPRiNGエディターはコーデを想像するだけで胸キュン,https://news.yahoo.co.jp/articles/18b6ae1bedef31919f05f3b2201a03c7526bf555,3/20(月) 20:00
fbox,美川憲一｜ハンドケアは“贅沢エステよりこまめな保湿”！ セルフケアのスタメンアイテムも公開,https://news.yahoo.co.jp/articles/7f62e782ebe629519448e500cffccb0cd6af7001,3/20(月) 19:00
fbox,豪華プレキャンあり！【3月22日（水）20時～】インスタライブ開催！イヴルルド遙華さんの開運ビューティライブwith ドランク エレファント,https://news.yahoo.co.jp/articles/509f95402d39ab402c19f4c976d8178bd0f40cba,3/20(月) 18:52
fbox,卵子凍結はアラサー世代から要検討？ 残りの卵子数を調べるAMH検査とは?? 産婦人科医に直撃,https://news.yahoo.co.jp/articles/c3439662bfea11b179b1f49032ac9ccfcdfc7d00,3/19(日) 20:00
fbox,2色の同系色コーデで簡単におしゃれ見え！ 大人が失敗しない色の選び方と合わせ方を伝授,https://news.yahoo.co.jp/articles/937d5f4c0ed47ea021b4874b49e29e3ac13e464e,3/19(日) 19:00
fbox,最新コンドームは女性おもい！ ヒアルロン酸配合、おしゃれな韓国発アイテムなど［産婦人科医 監修］,https://news.yahoo.co.jp/articles/32c6000cb075fcc9b884bf672503a396a06aa3be,3/18(土) 20:00
fbox,黒田知永子×辻直子｜派手な色から柄物まで 60代だからサマになる大人のコーディネート術,https://news.yahoo.co.jp/articles/4b321755455c02d8a56ea0fcc5036b235cb2449f,3/18(土) 19:00
