media_en,media_jp,title_articles,link_articles,date_original
mvwalk,MOVIE WALKER PRESS,名バイプレイヤーたちの個性が“ロトスコープ”でアニメの世界に！『化け猫あんずちゃん』新場面カット公開,https://news.yahoo.co.jp/articles/a184d20de0425f5f7306f0ed9a7bbed73d7e328a,7/1(月) 12:00
mvwalk,MOVIE WALKER PRESS,『化け猫あんずちゃん』久野遥子監督と山下敦弘監督が多摩美の大学生たちに熱いエール「自分の表現を突き詰めて」,https://news.yahoo.co.jp/articles/157e9d88df40f02722481f50ea75078f4f16ea16,6/30(日) 20:30
mvwalk,MOVIE WALKER PRESS,「戦隊大失格」セカンドシーズン制作決定、2025年放送開始！ファーストシーズンを振り返るPV公開,https://news.yahoo.co.jp/articles/78a9f9114068271f5a7b9eab101a850806fd22b6,6/30(日) 17:00
mvwalk,MOVIE WALKER PRESS,「Eye Love You」で大ブレイクしたチェ・ジョンヒョプとの“初恋”のような時間！笑顔と涙あふれるファーストファンミーティングに密着,https://news.yahoo.co.jp/articles/b064e09edb81e21593ecc02636d231519dc8ac75,6/30(日) 7:30
mvwalk,MOVIE WALKER PRESS,来日したクォン・ヘヒョが語る『WAKE UP』撮影の裏側とキャリア「『冬のソナタ』とホン・サンス監督との出会いが人生の転機」,https://news.yahoo.co.jp/articles/097a64d83059fc606ed331c51d2510d0051ae905,6/29(土) 22:30
mvwalk,MOVIE WALKER PRESS,ツルハシを顔面に！『血のバレンタイン』は心臓のプレゼント付き【豆魚雷の「遊星からの物欲X」】,https://news.yahoo.co.jp/articles/aa210fde21aa6d98df021b5e3f5272368c065a4d,6/29(土) 21:30
mvwalk,MOVIE WALKER PRESS,アルコ＆ピース平子祐希、初の小説連載！「ピンキー☆キャッチ」第30回　振動,https://news.yahoo.co.jp/articles/0512be2a0180123b8ae70944d6cd3c9349a27859,6/29(土) 19:00
mvwalk,MOVIE WALKER PRESS,映画『ルックバック』徹底レビュー！「悔しみノート」の梨うまいが、時を経てより多くの人に刺さる物語となった理由を熱く語る,https://news.yahoo.co.jp/articles/447e403e4e7710725aa1460350b522f94d0bf647,6/29(土) 18:30
mvwalk,MOVIE WALKER PRESS,『僕のヒーローアカデミア THE MOVIE ユアネクスト』入場者プレゼントはスペシャルコミック！原作者描き下ろしのムビチケも公開,https://news.yahoo.co.jp/articles/8dfe4b538e072bd4aa85537cf061b76d18e093a1,6/29(土) 18:00
mvwalk,MOVIE WALKER PRESS,北米は2週連続で『インサイド・ヘッド２』一色に染まる！史上7本目の“2週目末1億ドル超え”達成で、2024年の暫定No. 1ヒットに,https://news.yahoo.co.jp/articles/c0fae666e6d8b8dbf004bda1e0d271c7d3d2dafd,6/29(土) 17:30
mvwalk,MOVIE WALKER PRESS,SixTONES京本大我のスターぶりに古川琴音もびっくり！上海でファンに囲まれ「待ってくださっている方々がいる」と感謝,https://news.yahoo.co.jp/articles/1e3c511ae47fd353ee66cd6b0ab10af4eaffb32e,6/29(土) 14:42
mvwalk,MOVIE WALKER PRESS,『ルックバック』河合優実＆吉田美月喜、似顔絵イラストのプレゼントに感激「宝物にします！」,https://news.yahoo.co.jp/articles/1107532f33eb9116a9707c0ec214eb955d623b68,6/29(土) 14:10
mvwalk,MOVIE WALKER PRESS,藤本タツキの漫画に対する並々ならぬ思いや気迫が迫りくる『ルックバック』など週末観るならこの3本！,https://news.yahoo.co.jp/articles/ca97c626f1d9a8db835d3e42b7f4f6910cfc582d,6/29(土) 12:30
mvwalk,MOVIE WALKER PRESS,磯村勇斗＆2PMオク・テギョンＷ主演「ソウルメイト」制作決定！10年に及ぶ魂と愛の物語を描く,https://news.yahoo.co.jp/articles/292d0f90bc79eca53a35a3eff8762c52ec38db30,6/28(金) 22:00
mvwalk,MOVIE WALKER PRESS,『密輸 1970』では陸でナイフ！海でサメ!! 韓国が誇るヒットメーカー、リュ・スンワンのエネルギッシュなアクション術,https://news.yahoo.co.jp/articles/2ae0a1924e6ce318aad6ac87972fa6de90a0ab6b,6/28(金) 20:30
mvwalk,MOVIE WALKER PRESS,【ネタバレレビュー】「スター・ウォーズ」史に残る凄惨さ…「アコライト」第5話、最初から最後まで衝撃しかない！,https://news.yahoo.co.jp/articles/92e0f78617cf9584c70caba7cf44f12057cd71cb,6/28(金) 19:30
mvwalk,MOVIE WALKER PRESS,世界トップブレイカーが激突する感動のダンスバトルムービー『ザ・ブレイキン』9月日本公開決定,https://news.yahoo.co.jp/articles/ae668f9bdbcdedb496543aa9ca65b88bd484089d,6/28(金) 19:00
mvwalk,MOVIE WALKER PRESS,「原画のニュアンスをできるだけ残せるように」押山清高監督が『ルックバック』を“絵描き賛歌”として制作した理由,https://news.yahoo.co.jp/articles/b653b0eee35dad7d123677dd2a5c48df2666a73d,6/28(金) 18:30
mvwalk,MOVIE WALKER PRESS,ヨン・サンホ×アルフォンソ・キュアロン、「イカゲーム」×フィンチャー!?韓国コンテンツと大物監督がNetflixで続々タッグ！,https://news.yahoo.co.jp/articles/57667ca0010b5bcaefb10b5cf0e4f2e88875a229,6/28(金) 16:30
mvwalk,MOVIE WALKER PRESS,「トリハダ」の系譜を継ぐ“ヒトコワ”オムニバスホラー『トラウマ。～日常に潜む恐怖をあなたに～』公開決定！,https://news.yahoo.co.jp/articles/6c8240928d1fda439fc9e4f3c4df45b64c90152b,6/28(金) 12:00
mvwalk,MOVIE WALKER PRESS,ライリーの秘密の“推しキャラ”に中村悠一、武内駿輔、花江夏樹！『インサイド・ヘッド２』本編シーンも公開,https://news.yahoo.co.jp/articles/3784a808b95ec5a0fae8415a96527a703300aaee,6/28(金) 12:00
mvwalk,MOVIE WALKER PRESS,黒沢清監督作『Chime』8月に劇場上映決定！チャイムの音によって引き起こされる異変を描く,https://news.yahoo.co.jp/articles/61de318acd5dffaeabadbec4cb54b1e0228b9595,6/28(金) 12:00
mvwalk,MOVIE WALKER PRESS,山田尚子監督最新作『きみの色』まぶしい青春を切り取った“音ビジュアル”,https://news.yahoo.co.jp/articles/678f8bdda2d06267d4b34a17015764527989c9c3,6/28(金) 8:00
mvwalk,MOVIE WALKER PRESS,主題歌はなとりの「糸電話」に！『傲慢と善良』登場人物の痛みや切実さを映した予告編,https://news.yahoo.co.jp/articles/9d5a1962deb5a9b0f9460ab7c626141693956ffe,6/28(金) 7:00
mvwalk,MOVIE WALKER PRESS,『インサイド・ヘッド２』公開記念！「金ロー」で3週連続ディズニー＆ピクサー作品放送決定,https://news.yahoo.co.jp/articles/a1512bb602a436a5efe2b5e8ca027b8de6e3a542,6/28(金) 6:00
mvwalk,MOVIE WALKER PRESS,3日目はスモーカー、たしぎ、ワポル、ドルトン！「ONE PIECE」より新キャスト解禁,https://news.yahoo.co.jp/articles/324b7c978047a3a748bd2eac52d8d533f9632561,6/27(木) 22:00
mvwalk,MOVIE WALKER PRESS,「最初のシーンは大混乱の地獄絵図」ルピタ・ニョンゴ＆ジョセフ・クイン、『クワイエット・プレイス：DAY 1』の恐怖と緊張感を語る,https://news.yahoo.co.jp/articles/8c202c48a753dc08ee77ab05b26117f753abd9b8,6/27(木) 21:30
mvwalk,MOVIE WALKER PRESS,TOHOシネマズ池袋「ScreenX with Dolby Atmos」の導入決定！『キングダム 大将軍の帰還』がオープニングを飾る,https://news.yahoo.co.jp/articles/2cbb5613d26aae58902e662b3f0606c92c5a180c,6/27(木) 19:30
mvwalk,MOVIE WALKER PRESS,沼りそうな「七夕の国」や「一流シェフのファミリーレストラン」まで！7月のディズニープラス一押しラインナップ,https://news.yahoo.co.jp/articles/46889044a514f524c9bacba21d2108b1dccb936c,6/27(木) 19:30
mvwalk,MOVIE WALKER PRESS,細田佳央太から山田孝之まで！「七夕の国」人物相関図＆キャラクタービジュアルは怪しさ満点,https://news.yahoo.co.jp/articles/fe2c026e1752ce36d0967dd52c7f6a5d487d635e,6/27(木) 18:30
mvwalk,MOVIE WALKER PRESS,JIN除隊、デビュー11周年…ARMYライターが「BTS RETROSPECTIVE in Cinema 2024」で改めて感じたBTSメンバーの“尊さ”,https://news.yahoo.co.jp/articles/b0b3226679572f8a4689592fc6841db0566bff00,6/27(木) 18:30
mvwalk,MOVIE WALKER PRESS,「経験したことにない現場でした」キャストが撮影現場を語る！『密輸 1970』メイキングを含む特別映像,https://news.yahoo.co.jp/articles/6097de302d25d72593454b0583b228ac8e247f1f,6/27(木) 18:00
mvwalk,MOVIE WALKER PRESS,いよいよ明日公開！『言えない秘密』京本大我＆古川琴音の思い入れある連弾シーンメイキング,https://news.yahoo.co.jp/articles/7d1b9d56632ebaf28f4aabd122be371956313540,6/27(木) 17:00
mvwalk,MOVIE WALKER PRESS,3DCGアニメーション『トランスフォーマー／ONE』日米同時公開決定！新ビジュアル＆30秒映像,https://news.yahoo.co.jp/articles/4efcb6cb18188c7091ef5aa11ba0e9f86ee24d62,6/27(木) 12:00
mvwalk,MOVIE WALKER PRESS,Snow Manラウール誕生日記念！『赤羽骨子のボディガード』より新たな劇場用幕間映像＆新場面写真お披露目,https://news.yahoo.co.jp/articles/1e95a2e450cb5beaa7afd3c7b16fcbedc00beaf3,6/27(木) 12:00
mvwalk,MOVIE WALKER PRESS,リチャード・リンクレイター監督＆グレン・パウエル主演『ヒットマン』9月13日公開決定！,https://news.yahoo.co.jp/articles/26212e0def1fd14f979301319f1a4b06614640c6,6/27(木) 12:00
mvwalk,MOVIE WALKER PRESS,ライアン・ゴズリング主演『フォールガイ』豪華声優陣の演技が光る日本語吹替版予告,https://news.yahoo.co.jp/articles/86c1b1f5c5b6527c06705d79d78ca215e87f6f1b,6/27(木) 9:00
mvwalk,MOVIE WALKER PRESS,黒木華主演＆草野翔吾監督『アイミタガイ』映画化決定！それぞれの物語がつながる本ビジュアル,https://news.yahoo.co.jp/articles/e6bd4f8e0d44a9c36a3ac9c5c5b962ab7cee79c9,6/27(木) 8:00
mvwalk,MOVIE WALKER PRESS,主演柳楽優弥の共演回数No.1!?『夏目アラタの結婚』佐藤二朗が“死刑囚アイテムコレクター”役で出演,https://news.yahoo.co.jp/articles/9070d1f09b0748659de248e0fd880ae76d89d7da,6/27(木) 7:00
mvwalk,MOVIE WALKER PRESS,なにわ男子の大西流星主演！高校生6人の片想いが交錯する『恋を知らない僕たちは』メインビジュアル＆予告映像,https://news.yahoo.co.jp/articles/ea8823656d406e93882ab5782159075742c7f6fb,6/27(木) 7:00
mvwalk,MOVIE WALKER PRESS,世界中に影響を与え続ける生命讃歌！長編アニメーション『ライオン・キング』公開30周年記念映像,https://news.yahoo.co.jp/articles/dd56c29010c6b1e3eb7471093eda5d34e4b76d6c,6/27(木) 6:00
mvwalk,MOVIE WALKER PRESS,井浦新、田中圭らシリーズお馴染みの面々続投！『スマホを落としただけなのに ～最終章～ ファイナル ハッキング ゲーム』 追加キャスト発表,https://news.yahoo.co.jp/articles/12c68fd8667cd2733e326735a7dea9832ebdb8ac,6/27(木) 5:00
mvwalk,MOVIE WALKER PRESS,実写版Netflixシリーズ「ONE PIECE」シーズン2、ドリー、ブロギー、クロッカスの新キャスト解禁！,https://news.yahoo.co.jp/articles/c5b48a182659a02938c738c1fa0a5ffc434d5b5b,6/26(水) 22:00
mvwalk,MOVIE WALKER PRESS,アカデミー賞ノミネートのポール・ジアマッティが語る、盟友との19年ぶりのタッグと共演者への信頼,https://news.yahoo.co.jp/articles/b648c8df2b83d92c4e0fe0cd845de84fa8ce6f55,6/26(水) 19:30
mvwalk,MOVIE WALKER PRESS,Aぇ! group正門良規が『グランメゾン・パリ』に出演決定！“大先輩”木村拓哉との初共演に「本当に贅沢な時間でした」,https://news.yahoo.co.jp/articles/116e87e5d3f92697eea076fb938b5efdf14496ed,6/26(水) 17:30
mvwalk,MOVIE WALKER PRESS,エモさ全開！眞栄田郷敦、高橋文哉、板垣李光人らが撮り合った『ブルーピリオド』思い出写真,https://news.yahoo.co.jp/articles/f9acbb16795dcc0ae9a6485e8d6a40aa3b476561,6/26(水) 17:00
mvwalk,MOVIE WALKER PRESS,1位は藤本タツキ原作『ルックバック』！今週公開作品のMOVIE WALKER会員“みたい映画”ランキングを発表！,https://news.yahoo.co.jp/articles/414b875f72c6811a2f8111db1d4ef2457be28f44,6/26(水) 13:30
mvwalk,MOVIE WALKER PRESS,ゆりやん「尊敬の念を胸に選考」大賞受賞で映画監督デビューを確約する「第3回日本ホラー映画大賞」が開催決定！,https://news.yahoo.co.jp/articles/55c5f674afcd9611f42a435e3eb1ced8413754aa,6/26(水) 12:00
mvwalk,MOVIE WALKER PRESS,怪獣アートの巨匠、開田裕治が巨大竜巻を活写！『ツイスターズ』特別コラボビジュアル,https://news.yahoo.co.jp/articles/62f720ea2423c81e15d4e45b84e7718d8eaebb24,6/26(水) 12:00
mvwalk,MOVIE WALKER PRESS,“怖キュート”なモンスター・チャイルド爆誕！『アビゲイル』今秋日本公開決定,https://news.yahoo.co.jp/articles/81237513ccb4f468d8cf07b8755b88cc294a9b6c,6/26(水) 12:00
mvwalk,MOVIE WALKER PRESS,『お隣さんはヒトラー？』公開記念BS10スターチャンネル「戦後も残るナチスの影」特集放送決定,https://news.yahoo.co.jp/articles/70ce047358a738fab5cd70db40cfd4619cf42122,6/26(水) 12:00
mvwalk,MOVIE WALKER PRESS,広瀬すずが愛に狂う！根岸吉太郎監督16年ぶりの新作『ゆきてかへらぬ』2025年公開決定,https://news.yahoo.co.jp/articles/24b4cdb352714782dde377f9ace54172c874903c,6/26(水) 7:00
mvwalk,MOVIE WALKER PRESS,『インサイド・ヘッド２』日本版エンドソングはSEKAI NO OWARIが歌う「プレゼント」に決定！,https://news.yahoo.co.jp/articles/f607c171720fd046bb2e7a34ac2f390285e40a4c,6/26(水) 6:00
mvwalk,MOVIE WALKER PRESS,北香那、坂井真紀、袴田吉彦、菊地凛子、染谷将太が参戦！『あの人が消えた』追加キャスト＆特報映像公開,https://news.yahoo.co.jp/articles/f5ad8fc4d22a74e67950f9981cad7a12a9742ea2,6/26(水) 6:00
mvwalk,MOVIE WALKER PRESS,実写版Netflixシリーズ「ONE PIECE」シーズン2始動！Mr.9、Mr.5、ミス・バレンタイン、Mr.3のキャスト解禁,https://news.yahoo.co.jp/articles/225456f6b8dab680fe8b2e855eab509745b6d52d,6/25(火) 22:00
mvwalk,MOVIE WALKER PRESS,『室井慎次　敗れざる者』『生き続ける者』スーパーティザー映像では室井に事件の影が忍び寄る,https://news.yahoo.co.jp/articles/1b43d2e004208c18feeb0c39599e4e9b4e893812,6/25(火) 21:00
mvwalk,MOVIE WALKER PRESS,永瀬廉がオフィシャルインタビューで『よめぼく』の魅力を語る！「気付いたら感情移入していました」,https://news.yahoo.co.jp/articles/d91c1a4889c6087014b6dd221c38aeacc3004e6f,6/25(火) 18:30
mvwalk,MOVIE WALKER PRESS,猫のフロドが悶絶級の可愛さ！『クワイエット・プレイス：DAY 1』IMAXほかラージフォーマット上映も決定,https://news.yahoo.co.jp/articles/812754f754f9ab742f8a757f2e481ecb7b71dc99,6/25(火) 17:00
mvwalk,MOVIE WALKER PRESS,ワン・イーボー主演最新作『熱烈』ダンスバトルが熱い日本版予告編＆日本版ポスター公開,https://news.yahoo.co.jp/articles/ee55bf800eaa7218d9e09ef4fc070cb91b79dfca,6/25(火) 9:00
mvwalk,MOVIE WALKER PRESS,山寺宏一が30年ぶりにアクセルを演じる！『ビバリーヒルズ・コップ：アクセル・フォーリー』日本版声優が決定,https://news.yahoo.co.jp/articles/dd3aebd7c6a217cbe0427cd71932cdc259eeb74a,6/25(火) 8:00
mvwalk,MOVIE WALKER PRESS,歴代シリーズプリキュアも駆け付ける!?『わんだふるぷりきゅあ！ざ・むーびー！ ドキドキ・ゲームの世界で大冒険！』9月13日公開,https://news.yahoo.co.jp/articles/6dc6071b458412372c683af6e7c1fe0d5e8bb9df,6/25(火) 7:00
mvwalk,MOVIE WALKER PRESS,無力な若者たちに迫る恐怖…『エイリアン：ロムルス』絶望の悲鳴とどろくUS版予告編到着！,https://news.yahoo.co.jp/articles/89d01897719905eba39eba55dfa9973a4d1b3127,6/25(火) 6:00
mvwalk,MOVIE WALKER PRESS,北米では大ヒットスタート！『憐れみの３章』“愛”と“支配”の世界へ導く場面写真,https://news.yahoo.co.jp/articles/6a4ed73319c9c529a15b1b11133f68f75e588314,6/24(月) 22:00
mvwalk,MOVIE WALKER PRESS,JO1川西＆木全＆金城、FANTASTICS佐藤＆中島＆瀬口がレッドカーペットを全力“逃走”！「スリルを味わって」と『逃走中 THE MOVIE』をアピール,https://news.yahoo.co.jp/articles/9ca6372e11f3387ae1d910de91347e8cfdb36cab,6/24(月) 21:47
mvwalk,MOVIE WALKER PRESS,堂本光一のフェラーリ愛が爆発！映画『フェラーリ』宣伝コメンダトーレとして「車のすばらしさ、美しさを知って」とアピール,https://news.yahoo.co.jp/articles/b14fffbcb214896432777e6673f918a8c1a6b41c,6/24(月) 20:46
mvwalk,MOVIE WALKER PRESS,『ディア・ファミリー』がV2達成！初登場3位の『バッドボーイズ RIDE OR DIE』でウィル・スミスは完全復活なるか,https://news.yahoo.co.jp/articles/eee5d3837832cada9884bb922256f4f30dcbb67f,6/24(月) 20:30
mvwalk,MOVIE WALKER PRESS,藤本タツキが劇場アニメ版『ルックバック』に太鼓判！「自分が原作を書いたのに、自分の絵より上手いのが悔しかった(笑)」,https://news.yahoo.co.jp/articles/d96cbb1908f1e826f7a910ca866b62ee1d37e060,6/24(月) 18:00
mvwalk,MOVIE WALKER PRESS,ホラー作家の梨、株式会社闇、テレビ東京の大森時生による「行方不明展」開催決定,https://news.yahoo.co.jp/articles/2046107f791332bd42a5a27a13f6368e9bcb4fa7,6/24(月) 17:00
mvwalk,MOVIE WALKER PRESS,渋谷凪咲が熱演！清水崇監督の最恐ホラー『あのコはだぁれ？』撮影現場に潜入,https://news.yahoo.co.jp/articles/91d8efdb3b9d0f2f023ac32d4af3b667a6fc1fb8,6/24(月) 17:00
mvwalk,MOVIE WALKER PRESS,『怪盗グルーのミニオン超変身』日本語吹替版にLiSA出演が決定！ミニオンたちが登場するサプライズ映像も,https://news.yahoo.co.jp/articles/e72fc881ac6474d6f48422c9c22ec5dee1dad935,6/24(月) 7:30
mvwalk,MOVIE WALKER PRESS,破天荒ヒーローもポケモンも演じられるのは、この男しかいないだろ！ライアン・レイノルズのコメディ・センス光る映画たち,https://news.yahoo.co.jp/articles/09bb288603fac79e8816c1e762c83018bc8cdd16,6/23(日) 18:30
mvwalk,MOVIE WALKER PRESS,ジャッキー・チェン、来日中に語ったファンのためできる“ただ一つ”のこと「1年に1本作品を撮って、皆さんにお見せする」,https://news.yahoo.co.jp/articles/2fff7cac8e38e84f6a43ab410d84b2c9996ebdf5,6/23(日) 11:30
mvwalk,MOVIE WALKER PRESS,2本立て映画『仮面ライダーガッチャード』『爆上戦隊ブンブンジャー』の予告＆ポスターが到着！第1弾入場者特典情報も発表に,https://news.yahoo.co.jp/articles/a545e6ff788b51dd57874b068e9cb6dc74a40915,6/23(日) 9:30
mvwalk,MOVIE WALKER PRESS,『聖☆おにいさん THE MOVIE～ホーリーメン VS 悪魔軍団～』第3弾キャスト発表！窪田正孝、山本美月らが“Team悪魔”に,https://news.yahoo.co.jp/articles/dd34aafbb5ff520ba583164d491fd5f1c948f33e,6/23(日) 7:00
mvwalk,MOVIE WALKER PRESS,シャマラン父娘が放つ“覗き見”ホラー『ザ・ウォッチャーズ』をネタバレなしで予習！,https://news.yahoo.co.jp/articles/c376b0120c837b340db7ac41f1757ffba0ced1f6,6/22(土) 20:30
mvwalk,MOVIE WALKER PRESS,北米サマーシーズンに“救世主”が現る！ピクサー最新作『インサイド・ヘッド2』がアニメ映画歴代2位のオープニング興収で初登場,https://news.yahoo.co.jp/articles/fe708c1d0d6b2d3ee5a1f4bee55ddb4a90261e29,6/22(土) 19:30
mvwalk,MOVIE WALKER PRESS,ちょっぴりウザいが心に刺さる…吉田鋼太郎扮する昭和親父の“ハンサム”な名言集,https://news.yahoo.co.jp/articles/2a94297b29c5a05bdc9d62e1ba4387f7149f5ec4,6/22(土) 18:30
mvwalk,MOVIE WALKER PRESS,日本初の「ScreenX with Dolby Atmos」がT・ジョイ京都に誕生！270度の画面で圧倒的な没入感を体験,https://news.yahoo.co.jp/articles/80849492d624df5f611b90da688eec799048d4cc,6/22(土) 16:30
mvwalk,MOVIE WALKER PRESS,『ホールドオーバーズ』アレクサンダー・ペイン監督が明かす、日本の巨匠・黒澤明から教わった映画作りのモットー,https://news.yahoo.co.jp/articles/7792bbb7c38687dbf3380ba5f3448d7afea33fd8,6/22(土) 15:00
mvwalk,MOVIE WALKER PRESS,杉咲花、『あぶない刑事』タカ＆ユージからのサプライズメッセージに感激！原廣利監督は「背中で語って、みんなを引っ張っていく」と杉咲の俳優力を絶賛,https://news.yahoo.co.jp/articles/e611f57e2cf17b47f4e7e1ee800deea32f548621,6/22(土) 14:28
mvwalk,MOVIE WALKER PRESS,お遊び度合もてんこ盛りな『バッドボーイズ RIDE OR DIE』など週末観るならこの3本！,https://news.yahoo.co.jp/articles/bc84fdbab113b461302ec7994b2dad9723bc9202,6/22(土) 12:30
mvwalk,MOVIE WALKER PRESS,シリーズ初心者でも楽しめる！『バッドボーイズ RIDE OR DIE』の見どころと押さえておきたいポイント,https://news.yahoo.co.jp/articles/804223584546d96e7cd3f1ecfa990787764016e5,6/22(土) 8:30
mvwalk,MOVIE WALKER PRESS,ロバート・ダウニー・Jr.＆パク・チャヌクがタッグ組んだスパイ・スリラー「シンパサイザー」が7月に配信！トレーラー初公開,https://news.yahoo.co.jp/articles/126c27dfb5e19cae519eadfb59b8e7a5a1f24066,6/21(金) 22:00
mvwalk,MOVIE WALKER PRESS,映画『おいハンサム!!』公開初日、“パパ”吉田鋼太郎がリモート参加で伊藤家集結！「これはあなたの物語」と観客にメッセージ,https://news.yahoo.co.jp/articles/76310dd59dfd4483bc26eb21f99e8ec6d06c1af9,6/21(金) 20:44
mvwalk,MOVIE WALKER PRESS,「すみっコぐらし」脚本家・角田貴志も『ブルー きみは大丈夫』に共感！「実生活と結びついて描かれているからこそ、惹きつけられた」,https://news.yahoo.co.jp/articles/1535ea3d0b65b98faa5f5f5b200ea86f1efabce1,6/21(金) 19:30
mvwalk,MOVIE WALKER PRESS,『あのコはだぁれ？』渋谷凪咲、染谷将太ら物語の鍵を握るキャラクターの場面写真一挙公開！,https://news.yahoo.co.jp/articles/a57872914c02dcb0baca1c7ce062f0c7f311d377,6/21(金) 19:00
mvwalk,MOVIE WALKER PRESS,『デッドプール＆ウルヴァリン』プレミアムラージフォーマット上映決定！R指定コンビの破天荒ポスタービジュアルも,https://news.yahoo.co.jp/articles/2c0d84120c44461db063c7a071e09a3b00caae59,6/21(金) 17:00
mvwalk,MOVIE WALKER PRESS,『スリープ』「マイ・ディア・ミスター」…不世出の名優イ・ソンギュンが私たちに遺したもの,https://news.yahoo.co.jp/articles/581dc5d385d27af86fff52a3f98ccef3994bb1bf,6/21(金) 13:30
mvwalk,MOVIE WALKER PRESS,【ネタバレレビュー】ついにシスらしき黒幕も登場！「スター・ウォーズ：アコライト」前半戦総括＆今後の展開を考察,https://news.yahoo.co.jp/articles/20e8bb9b31cd460cd9d20037b3f3d62522c400f1,6/21(金) 12:30
mvwalk,MOVIE WALKER PRESS,本日公開！『ザ・ウォッチャーズ』シャマラン父娘＆ダコタ・ファニングが語る特別映像“生き残れるか編”,https://news.yahoo.co.jp/articles/87242fe281b58fc926712a32e5b47327bcc6e3df,6/21(金) 12:00
mvwalk,MOVIE WALKER PRESS,日本初の“サメ映画特化型”映画祭のオープニングに決定！『エア・ロック 海底緊急避難所』日本公開が決定,https://news.yahoo.co.jp/articles/5af5d3ab4c5c9a73a90817c85acadf30e0f8866b,6/21(金) 12:00
mvwalk,MOVIE WALKER PRESS,地味すぎる!?けど見逃せない…！「涙が込み上げてきた」「今年ベスト映画！」オスカー候補作に映画ファンが太鼓判を押す理由,https://news.yahoo.co.jp/articles/c697b5fa72803de83fb6082600c1e7b10e6b3bc6,6/21(金) 11:30
mvwalk,MOVIE WALKER PRESS,不穏で予測不可能な“ランティモスワールド！『憐れみの３章』本予告＆本ビジュアル,https://news.yahoo.co.jp/articles/7f0ff4778630be14f2fc1d501b107ce9cc947446,6/21(金) 9:00
mvwalk,MOVIE WALKER PRESS,“自由死”を選んだ母の本心を知るべくAIで蘇らせる青年の物語『本心』11月公開、主演は池松壮亮,https://news.yahoo.co.jp/articles/f2d2e1ee5613f3ba360ade276d1c935ea48cf0d8,6/21(金) 8:00
mvwalk,MOVIE WALKER PRESS,清水尋也＆高杉真宙がW主演！アウトローに生きる若者たちの“青春”と“居場所”を描く『オアシス』2024年秋公開,https://news.yahoo.co.jp/articles/844f91bf96143f2e5e237a5044e14ddc1861525c,6/21(金) 7:00
mvwalk,MOVIE WALKER PRESS,草笛光子、唐沢寿明＆真矢ミキのエスコートで華麗に登場！主演映画 『九十歳。何がめでたい』舞台挨拶で「90歳をよろしく」と笑顔,https://news.yahoo.co.jp/articles/348fb6f2fe0b34e90eaed75678c775eed0db9f24,6/20(木) 19:37
mvwalk,MOVIE WALKER PRESS,『KING OF PRISM -Dramatic PRISM.1-』描きおろしCGビジュアル公開！第2弾ムビチケカード発売決定,https://news.yahoo.co.jp/articles/81b5f7bbd559bc409f55d2e6acaf7915005a97fc,6/20(木) 18:00
mvwalk,MOVIE WALKER PRESS,水樹奈々、戸松遥、安元洋貴、小林ゆう、金田朋子、内田真礼ら『映画クレヨンしんちゃん オラたちの恐竜日記』豪華声優陣出演決定！,https://news.yahoo.co.jp/articles/67812cb36e83cc29f3cfb196e3190e656cbb7ce1,6/20(木) 14:00
mvwalk,MOVIE WALKER PRESS,『ミッドナイトスワン』の服部樹咲主演『BISHU ～世界でいちばん優しい服～』10月11日公開決定,https://news.yahoo.co.jp/articles/a2a59425afdd1e9dc6dfa19bb19af95a6c00c080,6/20(木) 12:00
mvwalk,MOVIE WALKER PRESS,ウィル・スミスが『バッドボーイズ』の“新たな設定”に自信満々！「新時代へ送り込めた」,https://news.yahoo.co.jp/articles/43a46ff4038ca5237f7baa7b3148d551ad92c725,6/20(木) 12:00
mvwalk,MOVIE WALKER PRESS,ドラマシリーズ「七夕の国」本予告映像＆キービジュアルでは不穏な3つの謎が次々と浮き彫りに,https://news.yahoo.co.jp/articles/627ef77d58aa5e033ce8a904fdbb0586f639e19a,6/20(木) 10:00
mvwalk,MOVIE WALKER PRESS,興奮の「ゴイゴイスー」も！『ツイスターズ』ダイアン津田篤宏が巨大竜巻のスゴさを体験,https://news.yahoo.co.jp/articles/827e5e31fb4292677a8e04da316fbf7fa9ef0f20,6/20(木) 8:00
mvwalk,MOVIE WALKER PRESS,実写ドラマ＆映画「【推しの子】」愛と嘘が交錯する特報映像＆ティザービジュアル,https://news.yahoo.co.jp/articles/ad773bf05e72b5b6abb889b37cc07af70c68475c,6/20(木) 7:00
mvwalk,MOVIE WALKER PRESS,「疲れた大人に効きまくる」「自分に重ねて観ることで泣ける」…リピーター続出中の『ブルー きみは大丈夫』が大人に刺さるワケとは？,https://news.yahoo.co.jp/articles/7472baff23fe1d6ba5e60d6136867c86dc0ccb26,6/19(水) 20:30
mvwalk,MOVIE WALKER PRESS,ぼる塾田辺、牛のようないびきを暴露され赤面！映画『クワイエット・プレイス：DAY 1』大ヒット＆安全祈願報告会イベントで猫コーデを披露,https://news.yahoo.co.jp/articles/b4a1ab4e296cb7faa6f20f70907ed82a05682ab0,6/19(水) 20:08
mvwalk,MOVIE WALKER PRESS,“ホラー愛”あふれるセントチヒロ・チッチが「想像を超えてきた！」と語る『ザ・ウォッチャーズ』とは？,https://news.yahoo.co.jp/articles/2d3a869019cc8fa39aa856a4e648cb5def2402cd,6/19(水) 19:30
mvwalk,MOVIE WALKER PRESS,押切蓮介原作ホラー映画『サユリ』8月公開決定！描き下ろしイラストポストカード付ムビチケ発売,https://news.yahoo.co.jp/articles/978bdd5de2e5b240d4d4413481e4f049df24c105,6/19(水) 19:00
mvwalk,MOVIE WALKER PRESS,巨匠チャン・イーモウ監督が「三体」を映画化へ！開催中の上海国際映画祭で発表,https://news.yahoo.co.jp/articles/7ff727af39e68219780896fec98bf699bbab7ce0,6/19(水) 18:30
mvwalk,MOVIE WALKER PRESS,「一味違っていた」パク・チャヌクも絶賛！韓国発憑依ホラー『憑依』ティザービジュアルとともに公開日発表,https://news.yahoo.co.jp/articles/0e7c62d3b0efc4e5bb648fdeb7da8dbc2e4b6670,6/19(水) 16:45
mvwalk,MOVIE WALKER PRESS,1位は『バッドボーイズ RIDE OR DIE』！今週公開作品のMOVIE WALKER会員“みたい映画”ランキングを発表！,https://news.yahoo.co.jp/articles/9325fe55097afb42b474e60fa8b82813193d64e5,6/19(水) 14:52
mvwalk,MOVIE WALKER PRESS,マット・デイモン豪華スターがノリノリでアフレコ！ジョン・クラシンスキー監督のインタビューも収めた『ブルー きみは大丈夫』特別映像,https://news.yahoo.co.jp/articles/0f3ccd1768a1a03fff5f2fcc94058638889bbf2a,6/19(水) 14:00
mvwalk,MOVIE WALKER PRESS,キャラクター解体新書で関係性をおさらい『密輸 1970』桐野夏生、こがけん、阪元裕吾監督からの絶賛コメントも！,https://news.yahoo.co.jp/articles/41ae11c8fd48ef8ce7125314bf45cc76c0ba017e,6/19(水) 12:00
mvwalk,MOVIE WALKER PRESS,ユアン・マクレガー主演×全米150万部突破ベストセラー原作ドラマ「モスクワの伯爵」今夏配信,https://news.yahoo.co.jp/articles/65e834e41f395fb0e3d6851b2b8216d672527d12,6/19(水) 12:00
mvwalk,MOVIE WALKER PRESS,アポロ11号発射へのカウントダウンが始まる！『フライ・ミー・トゥ・ザ・ムーン』ファイナル予告映像,https://news.yahoo.co.jp/articles/026d445bb879b7ab4df03ad54b15ef3d3c02ebec,6/19(水) 11:00
mvwalk,MOVIE WALKER PRESS,Amazon MGMスタジオが北野武との長編映画製作へ！北野は「新たな挑戦」と意気込み,https://news.yahoo.co.jp/articles/21eacbcedd6ea6c8eebdb455c9ec8c365bef732f,6/19(水) 7:00
mvwalk,MOVIE WALKER PRESS,大門未知子誕生秘話とは!?『劇場版ドクターX』公開決定！特報映像には豪華キャストが集結,https://news.yahoo.co.jp/articles/4534442d9f188503727e8449f66c21621cc72361,6/19(水) 4:00
mvwalk,MOVIE WALKER PRESS,ソン・ガンホと「サムシクおじさん」で競演！若手実力派ピョン・ヨハンが見せる繊細な感情の機微,https://news.yahoo.co.jp/articles/afc75b8b3753084beee9f8c550d96f8462ca9e00,6/18(火) 20:30
mvwalk,MOVIE WALKER PRESS,劇場版第4弾『僕のヒーローアカデミアTHE MOVIE ユアネクスト』主題歌はVaundy書き下ろし楽曲に,https://news.yahoo.co.jp/articles/0867ebcf4bdd7194571876e6f7edfdcdc382e65c,6/18(火) 20:00
mvwalk,MOVIE WALKER PRESS,圧倒的なスケールはこうして作られた！リピーター続出の『マッドマックス：フュリオサ』を4つの“数字”で徹底解剖,https://news.yahoo.co.jp/articles/1d68784ad95a02776d60da8b60d114cd47704fac,6/18(火) 19:30
mvwalk,MOVIE WALKER PRESS,2PMオク・テギョンが木村拓哉主演映画『グランメゾン・パリ』で日本映画初出演！場面写真も到着,https://news.yahoo.co.jp/articles/f4488da6ffbca2795e61bbe45cb67c3bbd0f464d,6/18(火) 19:00
mvwalk,MOVIE WALKER PRESS,ペニーワイズとアナベルも震える“監視者”の恐怖…シャマラン父娘が仕掛ける『ザ・ウォッチャーズ』の世界を下北沢で体感！,https://news.yahoo.co.jp/articles/bc138393ea643221ecefe44343a8a0ef39ca4f15,6/18(火) 18:30
mvwalk,MOVIE WALKER PRESS,『逃走中 THE MOVIE』キャストの疾走が絶え間なく映しだされるメイキングPV～逃走中編～,https://news.yahoo.co.jp/articles/bd96d1c95c55cf41b4b4e1aa222fdf453e329964,6/18(火) 18:00
mvwalk,MOVIE WALKER PRESS,1980年代の名作『愛と青春の旅だち』がリメイク決定！主演は『トップガン マーヴェリック』のマイルズ・テラー,https://news.yahoo.co.jp/articles/8c3cb0a45699adde6d88a1727cf01618820247a2,6/18(火) 17:30
mvwalk,MOVIE WALKER PRESS,永瀬廉、映画作品初の王道ラブストーリー『よめぼく』に「涙を流した」と告白！出口夏希は永瀬の“画伯ぶり”を暴露,https://news.yahoo.co.jp/articles/6ab1db160b8981b3215688b782a32103a4991c65,6/18(火) 17:25
mvwalk,MOVIE WALKER PRESS,『ディア・ファミリー』が大泉洋主演作13年ぶりの快挙！ゲスト出演の『名探偵コナン 100万ドルの五稜星』とワンツーを達成,https://news.yahoo.co.jp/articles/55f81f8aaea8296e39d635791460ab853f9909e8,6/18(火) 12:30
mvwalk,MOVIE WALKER PRESS,劇中劇「四谷怪談」では中村獅童＆尾上右近共演『八犬伝』第3弾キャスト公開！河合優実、立川談春らが出演,https://news.yahoo.co.jp/articles/1273f78862caba32d92d900828980a6aa247b7f2,6/18(火) 12:00
mvwalk,MOVIE WALKER PRESS,『デッドプール＆ウルヴァリン』日本が世界最速上映！公開日が7月24日に決定,https://news.yahoo.co.jp/articles/da8170333f6140fa8cadbfbabc02183d0b8fcf43,6/18(火) 8:00
mvwalk,MOVIE WALKER PRESS,池松壮亮＆前田敦子『ベイビーわるきゅーれ ナイスデイズ』に出演！新キャスト＆キャラクタービジュアル公開,https://news.yahoo.co.jp/articles/98740a38d96259dcb201d858bc6696468a87baca,6/18(火) 8:00
mvwalk,MOVIE WALKER PRESS,覗き見リアリティーホラー『ザ・ウォッチャーズ』“監視”される達人クロちゃんに監視ドッキリを敢行,https://news.yahoo.co.jp/articles/82799b4a8a2d75a305719589ce456c23781e0fae,6/18(火) 7:00
mvwalk,MOVIE WALKER PRESS,黒沢清と濱口竜介の“師弟対談”をフルボリュームでお届け！『蛇の道』の演出術を隅々まで深掘り,https://news.yahoo.co.jp/articles/0d22e4a5f9fbf1e8f143838c53b177dacbc2b643,6/17(月) 20:00
mvwalk,MOVIE WALKER PRESS,天海祐希は「面白くなってきたじゃない！」とコメント！『劇場版「緊急取調室 THE FINAL」』再始動,https://news.yahoo.co.jp/articles/5c60fe83a59629e3ad2f80ea4bdbed3823d07dac,6/17(月) 18:00
mvwalk,MOVIE WALKER PRESS,ジョン・ガリアーノの転落と再生に迫ったドキュメンタリー『ジョン・ガリアーノ 世界一愚かな天才デザイナー』日本公開,https://news.yahoo.co.jp/articles/1adc18fe8d6801b5f9dc70c2cdf1dc343125f848,6/17(月) 14:00
mvwalk,MOVIE WALKER PRESS,“モノづくり”をテーマにした青春群像劇『数分間のエールを』に花江夏樹、伊瀬茉莉也らが共感！「背中を押してもらえた」,https://news.yahoo.co.jp/articles/9fa76e739a27d70a265170f8b89f31b273126f04,6/17(月) 12:30
mvwalk,MOVIE WALKER PRESS,渡邉美穂＆INI木村柾哉Ｗ主演『あたしの！』新キャストに齊藤なぎさ＆山中柔太朗,https://news.yahoo.co.jp/articles/da6861d5c1041f1932b788be1e3b7803f91b86e1,6/17(月) 8:00
mvwalk,MOVIE WALKER PRESS,イ・ジョンジェそっくりのアイテムも！フィギュアでそろえたい「スター・ウォーズ：アコライト」のジェダイたち,https://news.yahoo.co.jp/articles/5f745f8940213f69d1f44052d5bf5563c4494f37,6/16(日) 20:30
mvwalk,MOVIE WALKER PRESS,ロバート・パティンソンが『SMILE/スマイル』の気鋭監督とタッグ！1980年代のカルトホラー『ポゼッション』をリメイクへ,https://news.yahoo.co.jp/articles/eb6a96be2f8c64afedc0035811bba314deac5513,6/16(日) 18:30
mvwalk,MOVIE WALKER PRESS,紫色のもふもふから、動物のハイブリッド、映画屈指の名悪役に不気味なお人形まで…映画で描かれてきた個性豊かな“想像のお友だち”,https://news.yahoo.co.jp/articles/856b8bd10d5e14ccc39b151f4290741b8bb0d6da,6/16(日) 17:30
mvwalk,MOVIE WALKER PRESS,梅雨のジメジメを吹き飛ばす！いまこそ観たいアカデミー賞受賞映画13選,https://news.yahoo.co.jp/articles/0423618b2b5102e16a52f92e4fc7c92b4ecc4b4b,6/16(日) 12:30
mvwalk,MOVIE WALKER PRESS,『バッドボーイズ RIDE OR DIE』が北米No. 1の好発進でさらなる続編の可能性も!?「LOTR」3部作がイベント上映で存在感,https://news.yahoo.co.jp/articles/80934b29f49d38a561af9aa77d3430cf95428456,6/15(土) 19:30
mvwalk,MOVIE WALKER PRESS,限定ガンプラも！『機動戦士ガンダムSEED FREEDOM』Blu-ray＆4K UHD-BD&DVDは全5形態で発売,https://news.yahoo.co.jp/articles/19244a32a942c9bb6803df83a78459286f900651,6/15(土) 18:30
mvwalk,MOVIE WALKER PRESS,テニスのルールやシステム、背景を知っているとより深まる？テニス映画としての『チャレンジャーズ』のおもしろさ,https://news.yahoo.co.jp/articles/79a3444b971db457a47a8f9847ff1998490402ee,6/15(土) 17:30
mvwalk,MOVIE WALKER PRESS,Kis-My-Ft2宮田俊哉、“師匠”浪川大輔に感謝！『ブルー きみは大丈夫』舞台挨拶でアニメ好きを事務所に心配されていた過去も述懐,https://news.yahoo.co.jp/articles/4b5ce4c7a2d7b4cd802a1545cce91eca995171bd,6/15(土) 14:29
mvwalk,MOVIE WALKER PRESS,黒沢清監督や柴咲コウの過去作をもっと観たくなる『蛇の道』など週末観るならこの3本！,https://news.yahoo.co.jp/articles/2860e6a501a5aeacdea6ef80ce183f8bed3f1263,6/15(土) 13:30
mvwalk,MOVIE WALKER PRESS,『バッドボーイズ RIDE OR DIE』ウィル・スミスがカメラを装着し“自撮り”撮影！メイキング映像公開,https://news.yahoo.co.jp/articles/92d37abcb4eb13a18f508eee8f24075ed46d8e3a,6/15(土) 12:00
mvwalk,MOVIE WALKER PRESS,マイケル・ケインの俳優引退作が日本公開決定！グレンダ・ジャクソンと50年ぶり共演『２度目のはなればなれ』,https://news.yahoo.co.jp/articles/09ee4c0baa762b97f4b251afcd71c6c11c0b263f,6/15(土) 11:30
mvwalk,MOVIE WALKER PRESS,「ジェダイ・マスターたちはなにをしでかしたのか？」「早く全話観たい」アカデミー賞監督・山崎貴らシリーズを愛する著名人が「スター・ウォーズ：アコライト」を熱弁！,https://news.yahoo.co.jp/articles/1ef969933fe9b92348c3f2f052130b4726c08f57,6/14(金) 21:30
mvwalk,MOVIE WALKER PRESS,大泉洋、松村北斗が抱く「SixTONESで『下荒井兄弟』リメイクを」との夢に歓喜！菅野美穂はバルーンカテーテルで命を救われた家族からの手紙に涙,https://news.yahoo.co.jp/articles/4b8d74c03b71f1719755a5ec4c4b981e9b4a7f35,6/14(金) 21:03
mvwalk,MOVIE WALKER PRESS,バリー・コーガンやジョー・アルウィンらを勝手に表彰！第77回カンヌ映画祭を盛り上げた、ハイレベルなメンズルックを総まとめ,https://news.yahoo.co.jp/articles/d770887aeaceed295bb5e2af9f8d48ab696489b9,6/14(金) 21:00
mvwalk,MOVIE WALKER PRESS,柴咲コウ、ダミアン・ボナールのサプライズ登場に感激！映画『蛇の道』舞台挨拶でフランス語も披露,https://news.yahoo.co.jp/articles/c8c63cb06a1ef0d4e1e38cece145fa083f4b3858,6/14(金) 20:30
mvwalk,MOVIE WALKER PRESS,「予想がすべて裏切られた」「正体って●●なんじゃ…」シャマラン父娘が放つ『ザ・ウォッチャーズ』を20代男女がネタバレ回避で語り合う！,https://news.yahoo.co.jp/articles/db571031694092251d4681dc1c2967fb7180c9fa,6/14(金) 20:30
mvwalk,MOVIE WALKER PRESS,『プー2 あくまのくまさんとじゃあくななかまたち』公開日が8月9日に決定！ティザービジュアルと特報も到着,https://news.yahoo.co.jp/articles/18015d43859ab165d93eecd64260e42738e176fd,6/14(金) 19:00
mvwalk,MOVIE WALKER PRESS,「やったことのないことにチャレンジした」黒沢清監督＆柴咲コウが語った『蛇の道』での新たな挑戦,https://news.yahoo.co.jp/articles/f452600bf950976b8d30057409895dcc6eb973a4,6/14(金) 18:30
mvwalk,MOVIE WALKER PRESS,十明の生歌唱に新垣結衣も「この場の空気が澄んでいくよう」と感激！『違国日記』大ヒット御礼舞台挨拶,https://news.yahoo.co.jp/articles/6619a6e7c193cd0c7a16a0c4e8ca3939674217ac,6/14(金) 13:10
mvwalk,MOVIE WALKER PRESS,シリーズ最新作公開記念『キングダム』第1作から第3作を「金ロー」で3週連続放送！山崎賢人のコメントも,https://news.yahoo.co.jp/articles/bbbadcbcbac0901ff503f5d5e6b4d71706476216,6/14(金) 12:00
mvwalk,MOVIE WALKER PRESS,ゼンデイヤらが監督を絶賛！映画『チャレンジャーズ』特別映像「監督編」,https://news.yahoo.co.jp/articles/01b02fae6ad7ec26822ae87e295a08e1700e939b,6/14(金) 12:00
mvwalk,MOVIE WALKER PRESS,グランドシネマサンシャイン 池袋5周年！『TENET テネット』『ファントム・メナス』など記念特集上映決定,https://news.yahoo.co.jp/articles/fc4fa08ca20b6d5c261cad50e95f138defe02394,6/14(金) 11:00
mvwalk,MOVIE WALKER PRESS,メル・ギブソン製作総指揮＆ジム・カヴィーゼル主演『サウンド・オブ・フリーダム』日本公開決定,https://news.yahoo.co.jp/articles/fa0f7357d4e5ef7aecfab373a3e498ed4567b5d2,6/14(金) 11:00
mvwalk,MOVIE WALKER PRESS,「本当に帰りたくない」門脇麦、夢を叶えて感激！映画『オールド・フォックス 11歳の選択』クランクアップ映像＆新場面写真,https://news.yahoo.co.jp/articles/724c822d8d506c0f57d45079235ca7e212b7b787,6/14(金) 11:00
mvwalk,MOVIE WALKER PRESS,柴咲コウが“復讐”に向けて動きだす…黒沢清監督『蛇の道』本編冒頭3分半をノーカットで解禁！,https://news.yahoo.co.jp/articles/7ba9fd5fe330f6d16fc7b1d4c5f9fe71952ab493,6/14(金) 10:00
mvwalk,MOVIE WALKER PRESS,山崎賢人、『キングダム 大将軍の帰還』大沢たかお演じる王騎将軍は「すさまじい！信の目線になって見て」と力説,https://news.yahoo.co.jp/articles/617ca20ff579c4de42eee85671fcf4e6b4dce927,6/14(金) 9:30
mvwalk,MOVIE WALKER PRESS,美術講師も絶賛！『ブルーピリオド』キャストの絵画練習風景のメイキング写真,https://news.yahoo.co.jp/articles/7a7f3c080a496bbcbf9ccac86203366189a53bac,6/14(金) 8:00
mvwalk,MOVIE WALKER PRESS,山崎賢人、「キングダム」チームは「最強です！」シリーズ最終章の世界初お披露目を迎え、総勢13名でレッドカーペットを闊歩,https://news.yahoo.co.jp/articles/ed934219cdba3bb652e4a1a82e8ecb80ef1ca358,6/13(木) 20:45
mvwalk,MOVIE WALKER PRESS,「孤独にならないで」SABU監督とイ・ジフンが共鳴する『アンダー・ユア・ベッド』のメッセージ,https://news.yahoo.co.jp/articles/0a70ac1a59dac65bdd3d8f91ed34d4443aa16b2b,6/13(木) 20:30
mvwalk,MOVIE WALKER PRESS,Z世代のTikToker、MINAMIと『ブルー きみは大丈夫』ケイリー・フレミングのスペシャル対談裏側に密着！,https://news.yahoo.co.jp/articles/9d41ef2d49934c622f8d26545664860ab8361ac6,6/13(木) 19:30
mvwalk,MOVIE WALKER PRESS,門脇麦、映画『オールド・フォックス』出演きっかけで台湾伝統料理にチャレンジ！,https://news.yahoo.co.jp/articles/751b7221fbc44ad97e7069dc4f0990872f7fec1d,6/13(木) 18:30
mvwalk,MOVIE WALKER PRESS,「攻殻機動隊」などの神山健治が監督に大抜擢！『THE LORD OF THE RINGS：THE WAR OF THE ROHIRRIM』12月公開,https://news.yahoo.co.jp/articles/4b748795aaf6857fbca5cb7dcd8f24d6e3f7e9ec,6/13(木) 17:30
mvwalk,MOVIE WALKER PRESS,恐怖と期待が入り交じる特別映像公開！『クワイエット・プレイス：DAY 1』日本版オリジナルポスターも,https://news.yahoo.co.jp/articles/354b73de4fca422aabf56b7ee3991d7e26f6bf75,6/13(木) 17:00
mvwalk,MOVIE WALKER PRESS,過激なバイオレンス＆エログロのオンパレード！「ザ・ボーイズ」の極悪非道なやりすぎシーンを振り返る,https://news.yahoo.co.jp/articles/c0b021dbabafa0f4445fbe5ef1b2097f95ffe217,6/13(木) 16:00
mvwalk,MOVIE WALKER PRESS,武内英樹監督が演じる側に!?『もしも徳川家康が総理大臣になったら』ハリウッドトピックスとのコラボ映像上映,https://news.yahoo.co.jp/articles/7287e5de2079877bf6077a1173bf7479db577c55,6/13(木) 12:00
mvwalk,MOVIE WALKER PRESS,世界も注目する作家性！甲斐さやか監督最新作『徒花-ADABANA-』永瀬正敏撮影のキャラクタービジュアル,https://news.yahoo.co.jp/articles/8ff80708e6682aff73bf53f7b6b632a7e404a841,6/13(木) 12:00
mvwalk,MOVIE WALKER PRESS,カンフー×ボリウッドな新感覚青春アクション『ポライト・ソサエティ』日本公開決定！ポスタービジュアル＆特報も,https://news.yahoo.co.jp/articles/4a73ea61f22fee54fe5cc68cd3d14f2d68b9f17c,6/13(木) 12:00
mvwalk,MOVIE WALKER PRESS,Netflixシリーズ「地面師たち」北村一輝、小池栄子、ピエール瀧ら豪華俳優陣の出演が決定,https://news.yahoo.co.jp/articles/058eddc1880618b08262275d512c710dfb1b8452,6/13(木) 12:00
mvwalk,MOVIE WALKER PRESS,Kis-My-Ft2宮田俊哉が悶絶！『ブルー きみは大丈夫』ブルーのかわいさ炸裂の吹替版本編映像が公開,https://news.yahoo.co.jp/articles/4a0da86df7cdf2b6e0b90fc13eb58d5af457b16d,6/13(木) 10:00
mvwalk,MOVIE WALKER PRESS,主題歌をMy Hair is Badが書き下ろし！『映画クレヨンしんちゃん オラたちの恐竜日記』笑えて胸アツな最新予告映像,https://news.yahoo.co.jp/articles/4acb37a68325d6d5e806845122543dd2a90db6ff,6/13(木) 8:00
mvwalk,MOVIE WALKER PRESS,『ラストマイル』米津玄師による主題歌「がらくた」が流れる最新予告映像到着！,https://news.yahoo.co.jp/articles/b262bed7633cb8a20b898e2d32e937c43612b850,6/13(木) 4:00
mvwalk,MOVIE WALKER PRESS,ディズニー＆ピクサー最新作『インサイド・ヘッド２』ピート・ドクター、ケルシー・マン監督ら制作陣来日決定！,https://news.yahoo.co.jp/articles/10a4828e5940c6959909dc48edcc6cdcac1a106f,6/12(水) 23:00
mvwalk,MOVIE WALKER PRESS,森香澄、クロちゃんの逆ドッキリに悲鳴！『ザ・ウォッチャーズ』最速”覗き見”プレミアイベントで「怖い」,https://news.yahoo.co.jp/articles/db4d8b30c9cdecd6f859a680b2cb1578d8f98c93,6/12(水) 20:40
mvwalk,MOVIE WALKER PRESS,新垣結衣も絶賛！『違国日記』早瀬憩が猛練習して挑んだ劇中歌「あさのうた」特別映像,https://news.yahoo.co.jp/articles/8228adeb8f3ab74056c06313a98f35d816fd4349,6/12(水) 18:00
mvwalk,MOVIE WALKER PRESS,“覗き見”されつつ“監視者”にもなれる『ザ・ウォッチャーズ』体験型イベント開催！,https://news.yahoo.co.jp/articles/704ba4871dde6c9afbe8f1a394ed824e53f93243,6/12(水) 12:00
mvwalk,MOVIE WALKER PRESS,菅田将暉主演＆黒沢清監督サスペンススリラー『Cloud クラウド』新キャストに松重豊、赤堀雅秋ら,https://news.yahoo.co.jp/articles/5911e43e6dcb0588d234015f4fd60ac6872a4a2a,6/12(水) 12:00
mvwalk,MOVIE WALKER PRESS,『バッドボーイズ RIDE OR DIE』の撮影現場を大公開！ウィル・スミス＆マーティン・ローレンスが見どころを語る特別映像,https://news.yahoo.co.jp/articles/443a718442cbddfff5fc29c7d5e8a5e528603352,6/12(水) 12:00
mvwalk,MOVIE WALKER PRESS,1位は『ディア・ファミリー』！今週公開作品のMOVIE WALKER会員“みたい映画”ランキングを発表！,https://news.yahoo.co.jp/articles/8924032a030e74a24cf2a03ad635119c18928967,6/12(水) 11:30
mvwalk,MOVIE WALKER PRESS,ついに最終決戦へ！「Sweet Home －俺と世界の絶望－」シーズン3配信日決定,https://news.yahoo.co.jp/articles/43648a635fcf37ed1ce75be9d0c69816162d0498,6/12(水) 9:00
mvwalk,MOVIE WALKER PRESS,主題歌はSnow Manの新曲に！『赤羽骨子のボディガード』胸アツな闘いを予感させる本予告＆本ビジュアル,https://news.yahoo.co.jp/articles/be3360406122a03e2abb2fc76397e777481961ff,6/12(水) 7:00
mvwalk,MOVIE WALKER PRESS,マ・ドンソク主演シリーズ最新作『犯罪都市 PUNISHMENT』9月日本公開決定！“マブリー”からもメッセージ到着,https://news.yahoo.co.jp/articles/f89793027b430757777714fe4d6aee02bdf286cd,6/12(水) 7:00
mvwalk,MOVIE WALKER PRESS,新しい学校のリーダーズ×“最強ヒーロー内閣”『もしも徳川家康が総理大臣になったら』最強主題歌が響く予告映像,https://news.yahoo.co.jp/articles/4361214efe0307345d434acddd12322e624b78f2,6/12(水) 5:00
mvwalk,MOVIE WALKER PRESS,ジャッキー・チェン、13年ぶりの来日で酔拳＆生歌を披露！再会を果たしたジャッキーちゃん＆日本のファンも大歓喜,https://news.yahoo.co.jp/articles/566b738b16d68be6cbbcb1826475f938076c1e12,6/11(火) 21:16
mvwalk,MOVIE WALKER PRESS,「サムシクおじさん」でドラマ初出演。韓国の“演技の神”ソン・ガンホは、いまなお進化し続ける,https://news.yahoo.co.jp/articles/b34c65993747432e8db454058a0526e56f9dba0a,6/11(火) 20:30
mvwalk,MOVIE WALKER PRESS,バンドがアツかった時代のスリリングさ、高揚感を呼び覚ましてくれた！音楽でひも解く「ぼっち・ざ・ろっく！」の魅力,https://news.yahoo.co.jp/articles/9401c0044b226dcf8bf7b0c5877036f1fc1b20ca,6/11(火) 18:30
mvwalk,MOVIE WALKER PRESS,『青春18×2 君へと続く道』がアジア全域で大ヒットを記録！キャスト、主題歌、カルチャー…国境を越えた3つのポイント,https://news.yahoo.co.jp/articles/f75da9e55380f0de14f524646f50f4f38fd762d4,6/11(火) 17:30
mvwalk,MOVIE WALKER PRESS,永野芽郁＆佐藤健、『はたらく細胞』でダブル主演！お互いの「集大成」と自信たっぷり。佐藤はアクションで“剣心超え”目指す,https://news.yahoo.co.jp/articles/140194d60e4813369930c458b663bcd98f891f61,6/11(火) 16:39
mvwalk,MOVIE WALKER PRESS,奈緒主演映画『先生の白い嘘』相関図でゆがんだ人間関係をおさらい！,https://news.yahoo.co.jp/articles/e057845caad10b3968c54d4a1fbb22e0563334de,6/11(火) 16:00
mvwalk,MOVIE WALKER PRESS,【ネタバレレビュー】3話はどうなる？衝撃の展開に謎が深まる「スター・ウォーズ：アコライト」初回＆2話を徹底考察！,https://news.yahoo.co.jp/articles/980acb949e9276299b760bbfd2771569d4986575,6/11(火) 15:30
mvwalk,MOVIE WALKER PRESS,小野賢章や山本美月が「ハリー・ポッター」への愛を炸裂！ワーナー ブラザース スタジオツアー東京1周年アニバーサリー イベント,https://news.yahoo.co.jp/articles/506d07e24a458595764ad711266d3fbbb8a86b78,6/11(火) 11:30
mvwalk,MOVIE WALKER PRESS,元サッカー日本代表の槙野智章、映画『ツイスターズ』テレビCMでナレーション初挑戦！,https://news.yahoo.co.jp/articles/d9b78a371c29387859df10d156360c1b7227e37a,6/11(火) 7:00
mvwalk,MOVIE WALKER PRESS,最強タッグ再び！『キングダム 大将軍の帰還』ONE OK ROCK書き下ろし主題歌を使用した予告映像到着,https://news.yahoo.co.jp/articles/32bf98239ef8bb48c8666a95bd31346931213d6c,6/11(火) 5:00
mvwalk,MOVIE WALKER PRESS,第3回新潟国際アニメーション映画祭開催日決定！長編コンペティションの作品応募は7月よりスタート,https://news.yahoo.co.jp/articles/667083a776b4828a45e32938d50022b32e6aa63c,6/10(月) 23:00
mvwalk,MOVIE WALKER PRESS,“音楽”と劇場環境は相性抜群！『劇場総集編ぼっち・ざ・ろっく！ Re:』異例づくめの首位スタートのワケ,https://news.yahoo.co.jp/articles/3aa4ee9f822db839250e2f8c48da24be0b69ed2c,6/10(月) 21:00
mvwalk,MOVIE WALKER PRESS,『かくしごと』杏に読者の疑問をぶつけてきた！偶然が重なった撮影当時の思い出から、フランスとの2拠点生活で感じることまで次々回答！,https://news.yahoo.co.jp/articles/1b6190321b059c44653702e6c20ec110cbbdca90,6/10(月) 20:30
mvwalk,MOVIE WALKER PRESS,全面封鎖された都庁前で、渡辺謙が走る！「TOKYO VICE Season２」1990年代の東京を再現した大規模ロケに潜入,https://news.yahoo.co.jp/articles/6d426cee193070366684946f466242701a3d27cc,6/10(月) 17:30
mvwalk,MOVIE WALKER PRESS,『ザ・ウォッチャーズ』監督やキャスト陣らが本作の魅力を語る特別映像到着！,https://news.yahoo.co.jp/articles/e40d8b0408ce558d27e0c8728988a2a28a77862a,6/10(月) 16:00
mvwalk,MOVIE WALKER PRESS,笑福亭鶴瓶、片岡愛之助＆山田杏奈のアフレコを絶賛！「うまいこと器用にやってる」映画『怪盗グルーのミニオン超変身』イベントでぼやき止まらず,https://news.yahoo.co.jp/articles/a11f16a71a9bf9463fac02e78dc540c795c97514,6/10(月) 13:37
mvwalk,MOVIE WALKER PRESS,のん主演＆堤幸彦監督＆柚木麻子原作『私にふさわしいホテル』公開決定！のんらのコメントも到着,https://news.yahoo.co.jp/articles/ddd81bd621ae444e3e97d4954843d0f125776cc2,6/10(月) 8:00
mvwalk,MOVIE WALKER PRESS,世界の運命を賭けたラストゲームが開幕！『劇場版ACMA：GAME 最後の鍵』10月25日公開決定,https://news.yahoo.co.jp/articles/05f73ff29682ed3fbfdedf4d8e6d2e7f7a545c69,6/9(日) 23:24
mvwalk,MOVIE WALKER PRESS,ケイト・ブランシェット、アニャ・テイラー＝ジョイらを勝手に表彰！第77回カンヌ映画祭を輝かせたベストドレッサーを総まとめ,https://news.yahoo.co.jp/articles/e2b838901743770505a615daa357041f1cd2d6c1,6/9(日) 23:00
mvwalk,MOVIE WALKER PRESS,あの食いしん坊から怪しげなセールスマンまで、フィギュアで知る「セサミストリート」のかわいらしいマペットたち,https://news.yahoo.co.jp/articles/93267406bf33f868d6c5fa28e2c93b25495e586b,6/9(日) 20:30
mvwalk,MOVIE WALKER PRESS,「ブリジャートン家」のフィービー・ディネヴァー、アダム・マッケイのプロデュース作で“サメ映画”に挑戦！,https://news.yahoo.co.jp/articles/20f48349757fe02f128363d12f54b07821e31061,6/9(日) 20:00
mvwalk,MOVIE WALKER PRESS,波乱続きの「アベンジャーズ」新作映画、『デッドプール＆ウルヴァリン』のショーン・レヴィが監督最有力候補に浮上！,https://news.yahoo.co.jp/articles/e4ebbd3da5f3b33728b543563c9f207a1ed41f4f,6/9(日) 19:00
mvwalk,MOVIE WALKER PRESS,『ねこのガーフィールド』が『フュリオサ』から首位を奪取！閑散のサマーシーズンはファミリームービーが頼みの綱に,https://news.yahoo.co.jp/articles/09fcc7c0cbe6044fd2b3ba3fd65b8873e7e219a5,6/9(日) 18:30
mvwalk,MOVIE WALKER PRESS,至高のもふもふ！ちょっぴり抜けてて“不憫かわいい”キャラクターの映画で癒されたい,https://news.yahoo.co.jp/articles/4cbbe5766f7c8ca0dcdabc8a265e51421e1461e2,6/9(日) 17:30
mvwalk,MOVIE WALKER PRESS,“意見を変えることができる美しさ“を内包する、カンヌ国際映画祭が示したもの。第77回カンヌ国際映画祭の総評,https://news.yahoo.co.jp/articles/1633b4703a6b5088dd989a72b69f4b7807c90d16,6/9(日) 14:30
mvwalk,MOVIE WALKER PRESS,この顔を見たら死ぬ…!?夢に出てくる太眉おじさんの都市伝説、覚えてる？,https://news.yahoo.co.jp/articles/546a91806af4186b2b9a1cdb65be1d49d54832f9,6/8(土) 21:30
mvwalk,MOVIE WALKER PRESS,「『ゴジラ-1.0』はブラムハウスに通ずる」ジェイソン・ブラムが明かす、“恐怖”を具現化するクリエイティビティの秘密,https://news.yahoo.co.jp/articles/1865851067b902e5e9b4afa340943e07c5f82068,6/8(土) 20:30
mvwalk,MOVIE WALKER PRESS,トム・ヨーク、トレント・レズナー＆アッティカ・ロスらが参加！『チャレンジャーズ』にいたるルカ・グァダニーノ作品の音楽へのこだわり,https://news.yahoo.co.jp/articles/77c5a4585c992fe4563093a29be8d03bbb4689ab,6/8(土) 19:30
mvwalk,MOVIE WALKER PRESS,河合優実、稲垣吾郎の「心が動く時」に共感！『あんのこと』公開記念舞台挨拶で「生きていると感じる瞬間」を告白,https://news.yahoo.co.jp/articles/f57aab7575a085d3315a183564690d1f1c1ed883,6/8(土) 18:10
mvwalk,MOVIE WALKER PRESS,『ブルー きみは大丈夫』吹替えを務めた宮田俊哉と稲垣来泉にインタビュー。「『自分もきっと大丈夫！』と前を向ける作品」,https://news.yahoo.co.jp/articles/b4ea2210e20145f9e96103618cd222cd3243fe27,6/8(土) 17:30
mvwalk,MOVIE WALKER PRESS,杏、映画『かくしごと』公開記念舞台挨拶で母の顔。「子どもたちと川でピクニックをしました」,https://news.yahoo.co.jp/articles/b4bbc76932c9258de1bf5723c615273dbdf7cfcd,6/8(土) 16:41
mvwalk,MOVIE WALKER PRESS,新垣結衣、『違国日記』ダブル主演を務めた早瀬憩からの手紙に涙！やさしく抱き寄せ「心の支えになっていた」と告白,https://news.yahoo.co.jp/articles/0be3161a2344eac1b590b146e69ebb9f0f058f62,6/8(土) 16:13
mvwalk,MOVIE WALKER PRESS,ヤンキーがピュアだと萌える法則？「佐原先生と土岐くん」のまっすぐ想って想われる純粋な2人の恋に悶絶！,https://news.yahoo.co.jp/articles/c50c4eab8577abdfec488853c8028cf58c9e7037,6/8(土) 15:30
mvwalk,MOVIE WALKER PRESS,槙生ちゃんがガッキー本人と重なる『違国日記』など週末観るならこの3本！,https://news.yahoo.co.jp/articles/0410615804537898ad47c401aefe2bdbe26fe1c9,6/8(土) 12:30
mvwalk,MOVIE WALKER PRESS,3人の素顔を切り取る裏側写真も『ぼくのお日さま』9月6日より先行公開＆9月13日全国公開決定,https://news.yahoo.co.jp/articles/f25ad4f6d16035ca4a9fcd980a1b7c8495f42247,6/8(土) 12:00
mvwalk,MOVIE WALKER PRESS,安藤サクラ主演『百円の恋』の中国リメイク版『YOLO 百元の恋』7月に緊急日本公開決定！,https://news.yahoo.co.jp/articles/32b54d6f43d4fff6148d52b4fb9781230b00efe9,6/8(土) 10:00
mvwalk,MOVIE WALKER PRESS,Netflixで今後配信される新作アニメのラインナップが発表！日本関連作を一気にピックアップ,https://news.yahoo.co.jp/articles/2af61652db3f87a35d2cfbfa9d077a97edd8b2b2,6/7(金) 21:00
mvwalk,MOVIE WALKER PRESS,黒澤明にゴーゴー夕張…日本スタイルからも影響を受ける「スター・ウォーズ：アコライト」のアクションがすごい！,https://news.yahoo.co.jp/articles/d370ace4a992445c0afdd7552421519c0ea3c9ce,6/7(金) 20:30
mvwalk,MOVIE WALKER PRESS,吉田修一原作＆江口のりこ主演『愛に乱暴』8月に公開決定！予告編は不穏さがにじむ,https://news.yahoo.co.jp/articles/674acbc70adc3648806d7b0ac1ee9b22fa885f2f,6/7(金) 19:30
mvwalk,MOVIE WALKER PRESS,細部にもこだわりが！『劇場版モノノ怪 唐傘』“モノノ怪”の世界観溢れる場面写真が到着,https://news.yahoo.co.jp/articles/52437af4ee4a2f1a81edde209e97e75dd10a959a,6/7(金) 19:00
mvwalk,MOVIE WALKER PRESS,快進撃を続ける河合優実…『佐々木、イン、マイマイン』から『サマーフィルムにのって』『PLAN 75』『あんのこと』へとつながる役者としての存在感に迫る,https://news.yahoo.co.jp/articles/77df7a93db093e491c98fdba2334392972e96048,6/7(金) 17:30
mvwalk,MOVIE WALKER PRESS,KARAハン・スンヨン＆イ・ジフンW主演映画『壁越しの彼女』8月に日本公開決定！,https://news.yahoo.co.jp/articles/ddf1d0a4c3ccce021116eff5f6dd84ea640fdeb0,6/7(金) 17:00
mvwalk,MOVIE WALKER PRESS,新垣結衣と瀬田なつき監督が映画『違国日記』に込めた原作への敬愛と、二人三脚で作り上げた撮影現場,https://news.yahoo.co.jp/articles/20795b9da41a855e4ccb9ce3efc5bd96c6ec7757,6/7(金) 16:30
mvwalk,MOVIE WALKER PRESS,白石和彌監督＆横浜聡子監督、「SKIPシティ国際Dシネマ映画祭」審査委員に意気込み！「参加しながら盛り上げたい」,https://news.yahoo.co.jp/articles/d2cd0b52868f272ac583048d077e8ad97f964d06,6/7(金) 15:36
mvwalk,MOVIE WALKER PRESS,『ザ・ウォッチャーズ』花澤香菜が主人公ミナとマデリンの一人二役に挑む！特別吹替3DオーディオCM,https://news.yahoo.co.jp/articles/601702348b5ee215c71e66a918fbed45d43641fc,6/7(金) 15:00
mvwalk,MOVIE WALKER PRESS,門脇麦の憂いある表情に注目『オールド・フォックス　11歳の選択』本編シーン,https://news.yahoo.co.jp/articles/08f6e87a9982d5910e2d1b06695f88f2244fb6d4,6/7(金) 14:00
mvwalk,MOVIE WALKER PRESS,石原さとみ、ある共演者のリピート鑑賞に歓喜！『ミッシング』ティーチインイベントで語られた裏話まとめ,https://news.yahoo.co.jp/articles/21b1605cbc90638c83065276db3f3ecae3c164b2,6/7(金) 13:30
mvwalk,MOVIE WALKER PRESS,スカイアクションに大爆発、巨大なワニも出現！『バッドボーイズ』最新作のファイナル予告映像が完成,https://news.yahoo.co.jp/articles/45b2ed60cca9f361cc5cca88bf1497b0a23e4f73,6/7(金) 10:00
mvwalk,MOVIE WALKER PRESS,韓国の超ヒットシリーズついに完結！『ノリャン―死の海―』日本緊急公開、緊張感あふれる予告編も,https://news.yahoo.co.jp/articles/6a1beeac1e8d1df82319f0843cd1c340dde765ae,6/7(金) 10:00
mvwalk,MOVIE WALKER PRESS,『チャレンジャーズ』ゼンデイヤら主要キャストが本作の魅力を熱く語る「素晴らしい興奮が最後まで続く！」,https://news.yahoo.co.jp/articles/bb558dac908c783114cb7818fa59f5b25f80eb27,6/7(金) 10:00
mvwalk,MOVIE WALKER PRESS,クォン・ヘヒョ、ホン・サンス監督による『WALK UP』を引っ提げて来日！「お会いできてうれしい」とギター弾き語りも披露,https://news.yahoo.co.jp/articles/0ee99bf8781a7dc7b2dabbccb9a92c91c70d7d3d,6/7(金) 9:30
mvwalk,MOVIE WALKER PRESS,ハンターに捕まれば消滅!?『逃走中 THE MOVIE』衝撃のデスゲームと化した「逃走中」を映す本予告映像,https://news.yahoo.co.jp/articles/ebb57e28e82ef8a52c614ae92c67d5e66089c73a,6/7(金) 8:00
mvwalk,MOVIE WALKER PRESS,感情たちの世界を盛り上げる！『インサイド・ヘッド２』日本版声優陣に横溝菜帆、マヂカルラブリー村上らが決定,https://news.yahoo.co.jp/articles/e97fb70db01227884dcf730e9ababa5b498ffc07,6/7(金) 7:00
mvwalk,MOVIE WALKER PRESS,映画とゲームの垣根を超えて偉大なクリエイターが邂逅！『マッドマックス：フュリオサ』ジョージ・ミラー＆小島秀夫が対談,https://news.yahoo.co.jp/articles/9f15b3131aa4c3079c4d7e066f38bdaa76f61f4c,6/7(金) 7:00
mvwalk,MOVIE WALKER PRESS,いないはずの“あのコ”が姿を現す…『あのコはだぁれ？』清崇ワールドを堪能できる場面写真が到着！,https://news.yahoo.co.jp/articles/c0b8a088b26b6486c0a16d0481371af6d541caaa,6/6(木) 19:00
mvwalk,MOVIE WALKER PRESS,『プー あくまのくまさん』スタッフが放つ童謡ホラー『メリーおばさんのひつじ』9月に日本公開決定！,https://news.yahoo.co.jp/articles/1a802a409831d4a80c497a6af9513be31070ed1a,6/6(木) 18:00
mvwalk,MOVIE WALKER PRESS,城定秀夫＆向井康介が実現！傑作サスペンス『悪い夏』2025年に公開、原作者も期待のコメント,https://news.yahoo.co.jp/articles/c7ad9758c006c6e41bed66792f840300ac66a50a,6/6(木) 18:00
mvwalk,MOVIE WALKER PRESS,『好きでも嫌いなあまのじゃく』監督らがキャラクター作りを語る「『明日は今日より正直に生きてみよう』と思えるきっかけになれば」,https://news.yahoo.co.jp/articles/c965187c2e07ad470776b5fc4e5d7f40dc8573cb,6/6(木) 17:00
mvwalk,MOVIE WALKER PRESS,『デッドプール＆ウルヴァリン』加瀬康之＆山路和弘がカムバック！日本版声優情報一挙公開,https://news.yahoo.co.jp/articles/70aeb4b49569f6d7388ad0816f5c35340ce030ff,6/6(木) 17:00
mvwalk,MOVIE WALKER PRESS,「杏の人生に思いを馳せてくれたらうれしい」入江悠監督＆河合優実が覚悟を持って挑んだ『あんのこと』,https://news.yahoo.co.jp/articles/1227fd8e3293d74ee407fdd8d2ead4fd52b2a14a,6/6(木) 16:30
mvwalk,MOVIE WALKER PRESS,高い再現度のワケとは!?『リバウンド』白熱の試合シーンのメイキングとユニークな練習風景映像,https://news.yahoo.co.jp/articles/d3d2dee84d5de2d6d0ac332a13e53989243340c9,6/6(木) 15:30
mvwalk,MOVIE WALKER PRESS,「共感できる言葉が見つかる」「不思議なノスタルジー」『違国日記』が心に刺さる理由を感想コメントでひも解く,https://news.yahoo.co.jp/articles/5a93bad22fc1dc0a83415f076eda91889b91c681,6/6(木) 12:30
mvwalk,MOVIE WALKER PRESS,安部公房原作＆石井岳龍監督、脚本『箱男』公開決定！永瀬正敏、浅野忠信、佐藤浩市らが出演,https://news.yahoo.co.jp/articles/9c73fdb753fef5c0fa557bb4f898d5177715896c,6/6(木) 8:00
mvwalk,MOVIE WALKER PRESS,ティム・バートン最新作『ビートルジュース ビートルジュース』日本公開決定！第1弾日本版予告＆ビジュアル到着,https://news.yahoo.co.jp/articles/9c16af97be9fc382d68008835f1a342c52199f98,6/6(木) 7:00
mvwalk,MOVIE WALKER PRESS,3Dアニメーション映画『ねこのガーフィールド』日本公開！日本語吹替版に山里亮太、MEGUMIが出演,https://news.yahoo.co.jp/articles/9f73b9ab01adc7471fcdd56db4cf5c124f6acf80,6/6(木) 7:00
mvwalk,MOVIE WALKER PRESS,モアナが再び伝説の海へ『モアナと伝説の海２』公開日は12月6日に！壮大な物語を予感させるティザーポスターも,https://news.yahoo.co.jp/articles/38e478f8e3a059fab49881d3136f4b2e62ce749c,6/6(木) 7:00
mvwalk,MOVIE WALKER PRESS,幸田もも子原作『あたしの！』渡邉美穂＆INI木村柾哉Ｗ主演で実写映画化決定！,https://news.yahoo.co.jp/articles/2504018c5f497c4b705f2c61c7c6b3eaac6ed8a4,6/6(木) 7:00
mvwalk,MOVIE WALKER PRESS,映画「ふしぎ駄菓子屋 銭天堂」12月公開で実写映画化決定！主演は天海祐希に,https://news.yahoo.co.jp/articles/b923df3502b04e7c437f23ad55a83b22ae57cfe0,6/6(木) 5:00
mvwalk,MOVIE WALKER PRESS,公開記念スペシャル！『ディア・ファミリー』大泉洋と菅野美穂、松村北斗の超貴重対談映像が公開,https://news.yahoo.co.jp/articles/3b9bc831e3b2b282e6d187980a9012031323cb6b,6/5(水) 20:00
mvwalk,MOVIE WALKER PRESS,「2Dと3Dを切り替える表現が気持ちいい」「狂気的なまでの矜持に心打たれた」と感想続々！アニメーション映画として再構築された『トラペジウム』の魅力,https://news.yahoo.co.jp/articles/2c68aff1d37d62b84581ea915188a20e02d7fc52,6/5(水) 19:30
mvwalk,MOVIE WALKER PRESS,「一流シェフのファミリーレストラン」シーズン3が7月17日よりDisney+で独占配信決定！,https://news.yahoo.co.jp/articles/93981519a5e834a4da21ec1cf6280a3f63d18d0e,6/5(水) 18:00
mvwalk,MOVIE WALKER PRESS,世界を不安にさせる新感覚スリラー『クラブゼロ』12月公開決定！本ビジュアルは“どこか不気味”,https://news.yahoo.co.jp/articles/a00f9bb4549e48b2dbc01d74929f67525b7dd543,6/5(水) 18:00
mvwalk,MOVIE WALKER PRESS,韓国社会派サスペンス『罪深き少年たち』キャストらが自身が演じたキャラクターや事件について語る,https://news.yahoo.co.jp/articles/93b0685f60ea8280ff78f7f24b9894e494e132c2,6/5(水) 15:00
mvwalk,MOVIE WALKER PRESS,日本デビューも控えるaespaの830日間に密着！ドキュメンタリー映画『aespa: MY First page』公開決定,https://news.yahoo.co.jp/articles/65d62e782b798fed25c3316b78d84a78bd97ea07,6/5(水) 15:00
mvwalk,MOVIE WALKER PRESS,中川大志、丸山礼、市村正親らが殺人犯に狂わされる!?『夏目アラタの結婚』緊迫感あふれる特別映像も,https://news.yahoo.co.jp/articles/a73472c8461b7aaa22078729a144a91958772406,6/5(水) 11:30
mvwalk,MOVIE WALKER PRESS,尾上右近、鞘師里保、岡山天音らが新たに参戦『十一人の賊軍』迫力のファーストルック＆本編映像,https://news.yahoo.co.jp/articles/5d3e8cbb243f71449578aa626d80a2fdeff003d4,6/5(水) 8:00
mvwalk,MOVIE WALKER PRESS,F1界“帝王”の栄光、愛憎、悲劇とは？『フェラーリ』情熱と狂気が滲む予告編＆本ビジュアル,https://news.yahoo.co.jp/articles/ce13c81ce6fe294257ca221c162ec694cc960fb4,6/5(水) 8:00
mvwalk,MOVIE WALKER PRESS,1位は『違国日記』！今週公開作品のMOVIE WALKER会員“みたい映画”ランキングを発表！,https://news.yahoo.co.jp/articles/d6cc93b8d57134bd09db771ba2b7419a8d026774,6/5(水) 6:30
mvwalk,MOVIE WALKER PRESS,山田尚子監督最新作『きみの色』主題歌にMr.Childrenが決定！本予告映像はカラフルな魅力満載,https://news.yahoo.co.jp/articles/4615334df10bcaafea7dfd306280b7a69bd88887,6/5(水) 4:00
mvwalk,MOVIE WALKER PRESS,ファイルーズあい＆諏訪部順一＆武内駿輔が「スター・ウォーズ：アコライト」オーディション秘話を告白！「現場に行くまでなんの作品かわからない」,https://news.yahoo.co.jp/articles/b9f126d500b42bd1e4e17a02ec5d49966df5b97e,6/4(火) 21:28
mvwalk,MOVIE WALKER PRESS,河合優実主演『ナミビアの砂漠』9月公開決定！上海国際映画祭パノラマ部門にも出品,https://news.yahoo.co.jp/articles/51eeff92c8bc8e6d44e3255934257eb70989e2dc,6/4(火) 18:00
mvwalk,MOVIE WALKER PRESS,名作『美しき仕事』が4Kレストア版で日本初公開！クレール・ドゥニが“友人”たちと描き続けるダンス,https://news.yahoo.co.jp/articles/fd493ff6778c8a41111e3b9ca0b4e933d64d3698,6/4(火) 17:30
mvwalk,MOVIE WALKER PRESS,あらゆるものから解放された自由な「スター・ウォーズ」！最新ドラマシリーズ「アコライト」前半戦1～4話ネタバレなし感想,https://news.yahoo.co.jp/articles/f6f9070ef7439ef68b65d8ba5b44f016ab72fa34,6/4(火) 15:30
mvwalk,MOVIE WALKER PRESS,あふれ出す感情たちに戸惑うライリー『インサイド・ヘッド２』日本版本ポスター,https://news.yahoo.co.jp/articles/606ba0be705ea2c0c650e6954d6aa2da82b5f414,6/4(火) 12:00
mvwalk,MOVIE WALKER PRESS,遅咲きのバレエダンサーをめぐる感動ドキュメンタリー『コール・ミー・ダンサー』今冬日本公開,https://news.yahoo.co.jp/articles/f0929e6550e16ec8d89357d4ccc1ac2e90f94292,6/4(火) 12:00
mvwalk,MOVIE WALKER PRESS,『赤羽骨子のボディガード』撮影現場に潜入！ラウールのアクションにプロデューサーも満足「かっこよくキマる予感はしていた」,https://news.yahoo.co.jp/articles/a9fdc631eefea3afbcc0df4e65562c0568712549,6/4(火) 12:00
mvwalk,MOVIE WALKER PRESS,“俺たち”の物語、ついに完結『ヴェノム：ザ・ラストダンス』11月公開決定、闇に包まれた限定ムビチケも,https://news.yahoo.co.jp/articles/bb94f8ca148baf5515f425b59f66f043dc752373,6/4(火) 11:30
mvwalk,MOVIE WALKER PRESS,フィリピンで実写化！『ボルテスV レガシー』日本公開のために“超電磁編集版”が完成,https://news.yahoo.co.jp/articles/53bf13fcfe4acedf8d081837466a182d41d57d8c,6/4(火) 10:00
mvwalk,MOVIE WALKER PRESS,レジェンド声優、石丸博也が限定復活！ジャッキー・チェン主演『ライド・オン』日本語吹替版本編映像,https://news.yahoo.co.jp/articles/ed92dcc60088dbc424dd6f6ef26fe71d2f9fc4a5,6/4(火) 7:00
mvwalk,MOVIE WALKER PRESS,批評家が選ぶ、アニャ・テイラー＝ジョイの代表作ランキング！ホラーも文芸作もこなす次世代スターの“フレッシュ”なおすすめ10選,https://news.yahoo.co.jp/articles/53c3c97049a2e97bd9a35ce4156563168d756622,6/3(月) 20:30
mvwalk,MOVIE WALKER PRESS,『マッドマックス：フュリオサ』が初登場No. 1！多彩なフォーマット＆リピーター戦略で“前作超え”へ爆走開始,https://news.yahoo.co.jp/articles/0eae113a684028ebd207b0edeaee5e67d88cfb56,6/3(月) 20:00
mvwalk,MOVIE WALKER PRESS,彼方と夕の物語が動きだす『数分間のエールを』本編映像第2弾公開！入場者特典の配布も決定,https://news.yahoo.co.jp/articles/9c38f02bea328de9747b16edb7b6c7245bcedcce,6/3(月) 19:00
mvwalk,MOVIE WALKER PRESS,「イカゲーム」に「マトリックス」も！「スター・ウォーズ」シリーズをひっくり返す重要作「アコライト」のクリエイター＆キャストを総まとめ,https://news.yahoo.co.jp/articles/e9baacb7839bc83e58eb71e21469da0d318cdbed,6/3(月) 18:30
mvwalk,MOVIE WALKER PRESS,黒沢清監督＆柴咲コウが「大変だった」と振り返るシーンとは？『蛇の道』インタビュー映像を独占入手,https://news.yahoo.co.jp/articles/cdfc5e6a84bef6b8ef5e68e69b5ca4910876c7a3,6/3(月) 17:00
mvwalk,MOVIE WALKER PRESS,IMAXほかラージフォーマット上映決定！『バッドボーイズ RIDE OR DIE』絆を感じるエクスクルーシブポスターも,https://news.yahoo.co.jp/articles/5dbc1b0b320b5bba4f32ba4beb890ea7a7039cdf,6/3(月) 15:00
mvwalk,MOVIE WALKER PRESS,“オプティマスプライム役”が控えるクリス・ヘムズワース、「トランスフォーマー」×「G.I.ジョー」のクロスオーバー映画にも出演へ！,https://news.yahoo.co.jp/articles/4f99d48f371297e86489d8f66189ea63ed9df3b7,6/2(日) 19:30
mvwalk,MOVIE WALKER PRESS,「ジュラシック・ワールド」新作映画、わかっていることを総まとめ！スカーレット・ヨハンソン、ジョナサン・ベイリーらが出演,https://news.yahoo.co.jp/articles/6c4849e494a794ced0b09cab4f2543433d572d7a,6/2(日) 18:00
mvwalk,MOVIE WALKER PRESS,ローラースケートにスカイダイビング、高層ビルからの落下!?ジャッキー・チェンを象徴する危険なアクション6選,https://news.yahoo.co.jp/articles/428022525fe058992c450453cfcfe7373f2d301b,6/2(日) 17:30
mvwalk,MOVIE WALKER PRESS,監督降板で立て直しを図るブラムハウス版「エクソシスト」、新監督はマイク・フラナガンに決定！,https://news.yahoo.co.jp/articles/04413820ac2c9f48cb57820ac302ad8604e4064b,6/2(日) 16:30
mvwalk,MOVIE WALKER PRESS,若き日の色気漂う姿がたまらない！マッツ・ミケルセンの出世作となったドラマが日本初上陸,https://news.yahoo.co.jp/articles/aac64ef6d466d922ee402d34e8e4158f1442f32a,6/2(日) 15:30
mvwalk,MOVIE WALKER PRESS,6月2日は裏切りの日！『密輸 1970』Ｗ主演キム・ヘス＆ヨム・ジョンアの注目ポイントは？,https://news.yahoo.co.jp/articles/43e5a252a7232a6884383131da3b5ec74587444f,6/2(日) 12:00
mvwalk,MOVIE WALKER PRESS,『ぼくが生きてる、ふたつの世界』公開日は9月20日に！上海国際映画祭コンペ部門への出品が決定,https://news.yahoo.co.jp/articles/bca2677c51b7aefa8acc9b54583e49664c44e849,6/2(日) 10:00
mvwalk,MOVIE WALKER PRESS,シタデル、ウォー・ボーイズ、緑の地…『マッドマックス：フュリオサ』ともつながる『怒りのデス・ロード』の世界をキーワードでおさらい！,https://news.yahoo.co.jp/articles/45b61b2b537cd3ed6c24fb3139f67a4ea4fe57a8,6/2(日) 8:30
mvwalk,MOVIE WALKER PRESS,ケイリー・フレミング、宮田俊哉＆稲垣来泉の吹替えは「最高にクール！」映画『ブルー きみは大丈夫』ジャパンプレミアでキュートな笑顔でファンを魅了,https://news.yahoo.co.jp/articles/bc0db7a380d5de0a227219372717c302e5da9656,6/1(土) 22:51
mvwalk,MOVIE WALKER PRESS,劇場アニメ『ルックバック』完成披露の前夜に完成！「2人の声を発見できたのは幸運」押山清高監督、声優初挑戦の河合優実＆吉田美月喜を絶賛,https://news.yahoo.co.jp/articles/86c0fbfb0f90ed9d6484b3af8c6452a92f0a77b6,6/1(土) 21:44
mvwalk,MOVIE WALKER PRESS,“ウォー・タンク”やイカついトラック、戦闘用車両にバイクまで！『マッドマックス：フュリオサ』の登場車両を徹底紹介,https://news.yahoo.co.jp/articles/0cfb2a6d14aaa633c0cf0dfdf1b94d5b2a5c33ff,6/1(土) 17:00
mvwalk,MOVIE WALKER PRESS,ギリシャ悲劇のように重厚なドラマが宿る『マッドマックス：フュリオサ』など週末観るならこの3本！,https://news.yahoo.co.jp/articles/5fe5d7cc834ea6403b7e63a78ba5ac6d8ec9e37d,6/1(土) 14:00
mvwalk,MOVIE WALKER PRESS,Snow Manラウール単独主演作『赤羽骨子のボディガード』3年4組24名のクランクアップ映像到着！,https://news.yahoo.co.jp/articles/303ca67822040e1334abc0b3f5dd955159b30e10,6/1(土) 13:00
mvwalk,MOVIE WALKER PRESS,デイヴ・フィローニも太鼓判！「スター・ウォーズ：アコライト」ライトセーバーアクションの舞台裏に迫る,https://news.yahoo.co.jp/articles/29850df794fa290d0d441becae036352a431267a,6/1(土) 12:00
mvwalk,MOVIE WALKER PRESS,永野芽郁は「時短上手！」映画『からかい上手の高木さん』初日舞台挨拶で高橋文哉との共通点「せっかち」も明かす,https://news.yahoo.co.jp/articles/1a590049382231bc385e05e70391313834cc505b,6/1(土) 10:30
mvwalk,MOVIE WALKER PRESS,イ・ジフン、パパと呼ぶSABU監督への愛が大爆発！主演映画『アンダー・ユア・ベッド』で監督に抱きつき笑顔,https://news.yahoo.co.jp/articles/30d172af22db26574bec2f76726906d116af8aae,6/1(土) 10:00
mvwalk,MOVIE WALKER PRESS,高畑淳子『お終活 再春！人生ラプソディ』初日舞台挨拶で高校時代の背伸びを告白「マセてましたね」,https://news.yahoo.co.jp/articles/ecfd9919d0d5b46e058105eaa698fd0e06aeb51e,5/31(金) 23:00
mvwalk,MOVIE WALKER PRESS,『告白 コンフェッション』生田斗真、ヤン・イクチュンの迫力に「本気でビビってました！」かわぐちかいじも「すごい映画になった」と太鼓判,https://news.yahoo.co.jp/articles/c14c49489283534d9dc451ad8a4c38c92f9ad656,5/31(金) 22:34
mvwalk,MOVIE WALKER PRESS,『レ・ミゼラブル』のラジ・リ監督による最新作『バティモン5 望まれざる者』。「暴力ではない解決策を提示したい」,https://news.yahoo.co.jp/articles/05964713f4f2cac0ebd7269e2cd4f79c7edb3ac4,5/31(金) 21:30
mvwalk,MOVIE WALKER PRESS,いつの時代も正義は少数派だった…？“光”のジェダイと“闇”のシス「スター・ウォーズ」の2大勢力の変遷をたどる,https://news.yahoo.co.jp/articles/284c1ad0a6d21b86d07c94e297fe82eb5358caf2,5/31(金) 20:30
mvwalk,MOVIE WALKER PRESS,『マッドマックス：フュリオサ』が思わぬ苦戦!?北米No. 1発進も、クリス・プラット＆“ニュークス”共演のアニメ映画が猛追,https://news.yahoo.co.jp/articles/b7e7fb377a0be95abe4a0190cfdd0e9869e4d872,5/31(金) 20:00
mvwalk,MOVIE WALKER PRESS,「観客が思っていることを完全に覆したい」イシャナ・ナイト・シャマランが語る、『ザ・ウォッチャーズ』に仕掛けた父譲りのサプライズ,https://news.yahoo.co.jp/articles/0aeee0f79b93f8705f708dd8d7025d3d8beb9545,5/31(金) 19:30
mvwalk,MOVIE WALKER PRESS,「マッドマックス」ジョージ・ミラー監督が語る「映像のロックンロール」の極意「映画作りがビジュアルによるセッション」,https://news.yahoo.co.jp/articles/0e363bfd8985dd6abf96c5dbdae7c63c0f16b8ec,5/31(金) 18:30
mvwalk,MOVIE WALKER PRESS,「ニンジャバットマン」シリーズ最新作「ニンジャバットマン対ヤクザリーグ」制作決定！山寺宏一が声優続投,https://news.yahoo.co.jp/articles/cb39e918eca68ed14be357986fba734c3fe876ad,5/31(金) 18:00
mvwalk,MOVIE WALKER PRESS,「スター・ウォーズ：アコライト」キャラクターポスターが一挙解禁！実写SW初の“ウーキー族のジェダイ”の姿も,https://news.yahoo.co.jp/articles/d6b7ad51180f037c1928d98f837236f8ce96b4e0,5/31(金) 17:00
mvwalk,MOVIE WALKER PRESS,わかり合えなくても寄り添える！『違国日記』ともに暮らすことになった槙生と朝の日常をチラ見せ,https://news.yahoo.co.jp/articles/8d5498866384dcba5364b783beef358c6f976f0a,5/31(金) 15:00
mvwalk,MOVIE WALKER PRESS,自由に歌って踊ろう！映画『ボブ・マーリー:ONE LOVE』の楽しみ方をアンバサダーのチョコプラ松尾らが伝授,https://news.yahoo.co.jp/articles/7d93a0c4395cbeff5442fdec231e85f20fd6e53c,5/31(金) 13:30
mvwalk,MOVIE WALKER PRESS,ホラー大好き声優、下野紘が“禁断のルール“を解説！『ザ・ウォッチャーズ』特別映像,https://news.yahoo.co.jp/articles/63c3b8f95bc442ad04c6c70a822a5785ce0bf42f,5/31(金) 12:00
mvwalk,MOVIE WALKER PRESS,本作誕生のきっかけは大坂なおみ!?ゼンデイヤ主演映画『チャレンジャーズ』構想秘話を脚本家が明かす,https://news.yahoo.co.jp/articles/4b657e3b25a96c90262ef014f4ca07be5e5cd0d2,5/31(金) 11:30
mvwalk,MOVIE WALKER PRESS,本日公開！『マッドマックス：フュリオサ』“修羅の道”を3章立てでまとめたチャプター予告で鑑賞意欲MAX,https://news.yahoo.co.jp/articles/807dff0b9ef8fe314d21ca947d7062970b85e575,5/31(金) 9:00
mvwalk,MOVIE WALKER PRESS,ガチャピン、ぐんまちゃん、ドンペンetc…『逃走中 THE MOVIE』総勢13体のマスコット＆ご当地キャラ参戦！,https://news.yahoo.co.jp/articles/17b7c54facb76379908fa1bd207936d9f57e0f64,5/31(金) 8:00
mvwalk,MOVIE WALKER PRESS,小栗旬、ハン・ヒョジュ、中村ゆり、赤西仁共演！Netflix新シリーズ制作決定、監督は月川翔,https://news.yahoo.co.jp/articles/6c9409352115a3bce37763a0f314e295d2125f76,5/31(金) 8:00
mvwalk,MOVIE WALKER PRESS,夏休みの教室に、いないはずの“あのコ”が…『あのコはだぁれ？』予告＆キービジュアルが到着,https://news.yahoo.co.jp/articles/05fe8a9de7ecc14d0c4436f1d0b2afaebe2fa0bc,5/31(金) 7:00
mvwalk,MOVIE WALKER PRESS,ジョージ・クルーニー＆ブラッド・ピットＷ主演『ウルフズ』日米同時公開決定！予告編も公開,https://news.yahoo.co.jp/articles/aa533a529f3950b0a026f0b5d4698ffecb09af1b,5/31(金) 7:00
mvwalk,MOVIE WALKER PRESS,どれがいいか迷っちゃう！「マッドマックス」最新作をIMAX、Dolby Atmos、ULTRA 4DXで鑑賞してみた,https://news.yahoo.co.jp/articles/49d358a8f10556e624dbc874ad7b342cd23b03ab,5/30(木) 20:30
mvwalk,MOVIE WALKER PRESS,ジャッキー・チェンが語る、アクションと演技の両立「70歳になっても映画を作り続けたい」,https://news.yahoo.co.jp/articles/e5523a2432f14d3cfe79753d668d3b44d1ed0eb6,5/30(木) 19:30
mvwalk,MOVIE WALKER PRESS,“ずとまよ“による挿入歌のSPコラボPV公開！『好きでも嫌いなあまのじゃく』のエモーショナルな旅路を彩る,https://news.yahoo.co.jp/articles/c3e824d94533c79827e5fd8bc5c0cbc7c2585172,5/30(木) 19:00
mvwalk,MOVIE WALKER PRESS,『告白 コンフェッション』で初共演！生田斗真＆ヤン・イクチュンが感じた、ワンシチュエーションでの“芝居の力”,https://news.yahoo.co.jp/articles/dab45e0e910910b2d3c322380dc833e43af39fc1,5/30(木) 18:30
mvwalk,MOVIE WALKER PRESS,腹黒い老人が教える“同情を断ち切る3つの方法”とは？『オールド・フォックス　11歳の選択』本編映像チラ見せ,https://news.yahoo.co.jp/articles/333605a62008e0c7ee0c336fa30332cef30d9910,5/30(木) 18:00
mvwalk,MOVIE WALKER PRESS,ジョーダン・ピールがあまりの面白さに“買い取った”!?デヴ・パテル監督＆主演『モンキーマン』日本公開決定,https://news.yahoo.co.jp/articles/f3a0a36e2d4630c9b3784280b73d4f99ee87e66a,5/30(木) 18:00
mvwalk,MOVIE WALKER PRESS,初回上映は1作目の『ゴジラ』！ゴジラ70周年記念企画「ゴジラ・シアター」開催決定,https://news.yahoo.co.jp/articles/6473a922e2e30ed167d3f9d830454c567e41d3ee,5/30(木) 17:30
mvwalk,MOVIE WALKER PRESS,『キングダム 大将軍の帰還』キャラ別20種＆IMAXほかラージフォーマット3種の特別ビジュアル完成！,https://news.yahoo.co.jp/articles/6b9df2f1e47fb8919cdee3ef720c54f2ffd9bfb8,5/30(木) 12:00
mvwalk,MOVIE WALKER PRESS,レイナルド・マーカス・グリーン監督が語る伝説的アーティストの人間像「『ボブ・マーリー:ONE LOVE』はいまという時代に導かれた映画」,https://news.yahoo.co.jp/articles/c80a5ff39facddba50ec538d76b9b9c431b9dc44,5/30(木) 11:30
mvwalk,MOVIE WALKER PRESS,松本梨香、三木眞一郎、木村昴らが出演！『怪盗グルーのミニオン超変身』日本語吹替に国民的声優集結,https://news.yahoo.co.jp/articles/05d26a08b2b509acb38372e7bbc04bc04b489310,5/30(木) 8:00
mvwalk,MOVIE WALKER PRESS,新垣結衣、「やさしい気持ちになってもらえたら」と『違国日記』に込めた願いを吐露。親友役の夏帆とは久々共演も息ぴったり！,https://news.yahoo.co.jp/articles/de72437f7375f21f301d5a12e447ff287ad1827e,5/29(水) 20:42
mvwalk,MOVIE WALKER PRESS,アニャ・テイラー＝ジョイ＆クリス・ヘムズワースが「マッドマックス」初参戦を語る「なにより心躍ったのはウォー・タンクのハンドルを握った時」,https://news.yahoo.co.jp/articles/37de4cd0bea1cf3935d01fc6a1657b5cccd11e0e,5/29(水) 19:30
mvwalk,MOVIE WALKER PRESS,チョン・ジヒョン＆カン・ドンウォンＷ主演のスパイサスペンス「北極星」が2025年配信決定,https://news.yahoo.co.jp/articles/2b01b76bc1320c69f470085a0458855905ade03a,5/29(水) 18:30
mvwalk,MOVIE WALKER PRESS,棚橋弘至が『ライド・オン』で共感した、父と娘の関係性。もしジャッキー・チェンとリングで対決するなら？,https://news.yahoo.co.jp/articles/4cb7ad9d4ab2fccafa910038f30bee5aff456d86,5/29(水) 17:30
mvwalk,MOVIE WALKER PRESS,息もつかぬ波乱の展開…『クワイエット・プレイス：DAY 1』新ポスター＆新規場面写真,https://news.yahoo.co.jp/articles/8a06c279eb69274d4d5a75bcf4ca2044f3d3c1f2,5/29(水) 17:00
mvwalk,MOVIE WALKER PRESS,最強コンビ“バッドボーイズ”が撃って走って叫ぶ！『バッドボーイズ RIDE OR DIE』場面写真が公開,https://news.yahoo.co.jp/articles/a205119caf5885d35f811c473b3a1516438087fb,5/29(水) 16:00
mvwalk,MOVIE WALKER PRESS,なかやまきんに君＆ヒコロヒー、『マッドマックス』インターセプターで渋滞にはまる「ちょっと恥ずかしかった」,https://news.yahoo.co.jp/articles/dd0c23b89ee37191d9aa17365a4db72a2c5c2bee,5/29(水) 15:11
mvwalk,MOVIE WALKER PRESS,人類初月面着陸の“舞台裏”に迫る映画『フライ・ミー・トゥ・ザ・ムーン』日本版予告＆ポスターが同時解禁,https://news.yahoo.co.jp/articles/f34b0e6e426699d5dfe4466c77ac249f8f140093,5/29(水) 12:00
mvwalk,MOVIE WALKER PRESS,木村昴、中川大志らが日本版声優を続投！「ナックルズ」日本語吹替版予告＆キービジュアル,https://news.yahoo.co.jp/articles/74a70280750e417692398286f799d75ec7b3a15d,5/29(水) 8:00
mvwalk,MOVIE WALKER PRESS,IMAXほかラージフォーマット上映決定！『ツイスターズ』日本版本予告＆日本版本ポスターが公開,https://news.yahoo.co.jp/articles/8d6bc33d2cfa07b3db6dfac5ed2f44f4c710adf0,5/29(水) 7:00
mvwalk,MOVIE WALKER PRESS,1位は『マッドマックス：フュリオサ』！今週公開作品のMOVIE WALKER会員“みたい映画”ランキングを発表！,https://news.yahoo.co.jp/articles/78efd6b0758824b54d4aec1c7e12c0b94b197e43,5/29(水) 6:30
mvwalk,MOVIE WALKER PRESS,吉田鋼太郎、『おいハンサム!!』映画化「まさか」の声を受けて「僕らもちょっとそう思っている」と笑顔！,https://news.yahoo.co.jp/articles/7af113f2ce0d9b9c435e4b5f8aaceb872125d77e,5/28(火) 20:52
mvwalk,MOVIE WALKER PRESS,山田杏奈、変身できるなら馬になりたい!?『怪盗グルーのミニオン超変身』のイベントにハナコと登壇！,https://news.yahoo.co.jp/articles/450d7d31e845ae3a255ec857f571d07fba0fd1cb,5/28(火) 18:30
mvwalk,MOVIE WALKER PRESS,『ゼーガペインSTA』8月16日公開決定！キービジュアル、本予告、新規場面写真も,https://news.yahoo.co.jp/articles/058b4f38804c004b02eceeefcfbe4d8a15fbb4aa,5/28(火) 18:00
mvwalk,MOVIE WALKER PRESS,『THE FIRST SLAM DUNK』が全国300館以上で復活上映！Netflixでの独占配信も決定,https://news.yahoo.co.jp/articles/9188bd49b33916e1df47604c2b7fcabb914f0db6,5/28(火) 13:04
mvwalk,MOVIE WALKER PRESS,『マッドマックス：フュリオサ』ジョージ・ミラー×「北斗の拳」原哲夫！40年越しの奇跡の対談が実現,https://news.yahoo.co.jp/articles/f878598d2b5aa1d32cfa69b2bcbc5fc3a123acb8,5/28(火) 12:00
mvwalk,MOVIE WALKER PRESS,『アンダー・ユア・ベッド』凄惨な特別映像公開！岩井俊二監督、石井杏奈ら著名人の絶賛コメントも,https://news.yahoo.co.jp/articles/6a60dd6d60ee7087d6ce55d6dc20389001fcbdb0,5/28(火) 12:00
mvwalk,MOVIE WALKER PRESS,不朽の名曲の誕生秘話を描く『ボレロ 永遠の旋律』日本版ビジュアル＆予告編が公開,https://news.yahoo.co.jp/articles/d9dc0bf20eeba80353fa608ac4ac965f7282f4bb,5/28(火) 10:00
mvwalk,MOVIE WALKER PRESS,薬師丸ひろ子、江口のりこ、石田ひかりら出演！『ブルーピリオド』本予告、追加キャスト、主題歌が明らかに,https://news.yahoo.co.jp/articles/b9c7130f4086e19d1c53ff2e97637d2be9ffcf95,5/28(火) 7:00
mvwalk,MOVIE WALKER PRESS,タカ＆ユージが進化を遂げてカムバック！『帰ってきた あぶない刑事』が『名探偵コナン』『ウマ娘』との激戦を制す,https://news.yahoo.co.jp/articles/a5115a434f7fb7094acf0f975977730781dd4aaa,5/27(月) 20:30
mvwalk,MOVIE WALKER PRESS,ジャッキーちゃん大感激！ジャッキー・チェン50周年記念大作『ライド・オン』監督から「本当に似ている」と太鼓判,https://news.yahoo.co.jp/articles/6f44b0695714147ef7fc2e233e6b9573722948ef,5/27(月) 20:18
mvwalk,MOVIE WALKER PRESS,『哀れなるものたち』『枯れ葉』『TAR／ター』にも影響？伝説の映画作家ライナー・ヴェルナー・ファスビンダーのいま観るべき傑作4選,https://news.yahoo.co.jp/articles/b90a1b1ae97217dd433ab120dea4d399defcfc87,5/27(月) 19:30
mvwalk,MOVIE WALKER PRESS,“モノづくり”の高揚感が溢れだす！『数分間のエールを』本編映像第1弾公開,https://news.yahoo.co.jp/articles/397d61ce336c7f0725604c7c3d0f168d7e6f4bc1,5/27(月) 19:00
mvwalk,MOVIE WALKER PRESS,オースティン・バトラー＆トム・ハーディ初共演作『THE BIKERIDERS』日本公開決定,https://news.yahoo.co.jp/articles/c2865c929aa331eb8029ecf7fee8d24fddc297fa,5/27(月) 12:00
mvwalk,MOVIE WALKER PRESS,山田孝之＆仲野太賀W主演、白石和彌監督『十一人の賊軍』公開決定！名脚本家の幻のプロットを映画化,https://news.yahoo.co.jp/articles/42d1da332e7d71521344f2c3120561aed0299d6b,5/27(月) 8:00
mvwalk,MOVIE WALKER PRESS,河合優実主演、山中瑶子監督『ナミビアの砂漠』がカンヌで快挙達成！日本人監督6人目の国際映画批評家連盟賞を受賞,https://news.yahoo.co.jp/articles/40309b7a4c5590d7f218faa038c8aef047ad4cc9,5/26(日) 23:02
mvwalk,MOVIE WALKER PRESS,バニーガール＆レースクイーン衣装のゲームヒロインも参戦！「ホココス2024」を沸かせたコスプレイヤー大特集,https://news.yahoo.co.jp/articles/a5f69f3ef6ec299abd70bfe48ed7277c3ca71efd,5/26(日) 19:30
mvwalk,MOVIE WALKER PRESS,製作総指揮はアリ・アスター！『オオカミの家』の監督コンビが「ヘンゼルとグレーテル」を映画化へ,https://news.yahoo.co.jp/articles/64f11c8b9c80a50d4ce89fb92aa15e9f5cf8475b,5/26(日) 17:30
mvwalk,MOVIE WALKER PRESS,戦闘員たちがキレッキレのダンス！ナナヲアカリらが明かす、「戦隊大失格」EDムービーの中毒性抜群な魅力,https://news.yahoo.co.jp/articles/4b039efa847b07fd46dd68624ad3631005596baf,5/26(日) 17:00
mvwalk,MOVIE WALKER PRESS,タカ＆ユージが歩んできた38年のヒストリー！『帰ってきた あぶない刑事』にいたるシリーズの魅力と衰え知らずのヒーローぶり,https://news.yahoo.co.jp/articles/14430f369bfdcadc628844530103646f039bccd6,5/26(日) 12:30
mvwalk,MOVIE WALKER PRESS,ヨルゴス・ランティモスが“カンヌ無敗伝説”を更新！『憐れみの３章』が男優賞を受賞、日本公開日が9月27日に決定,https://news.yahoo.co.jp/articles/3cf21a5f5c319e308e39bab49f26221267a1433d,5/26(日) 7:30
mvwalk,MOVIE WALKER PRESS,『赤羽骨子のボディガード』土屋太鳳の出演が決定！男として育てられたMI6所属のエリート役,https://news.yahoo.co.jp/articles/1d4798c89cc4483383590bf7d524768612bacce5,5/26(日) 7:00
mvwalk,MOVIE WALKER PRESS,オスカー受賞のA24作品『関心領域』の演出に秘められた意図をネタバレありで徹底解説！グレイザー監督が観客に投げかけた問いとは？,https://news.yahoo.co.jp/articles/5d483cc7b2d7d02ea72081a4b98ad54d07d1ac3f,5/25(土) 20:30
mvwalk,MOVIE WALKER PRESS,小野賢章、“ずとまよ”からのサプライズメッセージに感激！「こんなにうれしいことがあるんですね」,https://news.yahoo.co.jp/articles/a745993ace14c37e68322989ff03f7968a8a5b0e,5/25(土) 20:12
mvwalk,MOVIE WALKER PRESS,「このすば」「デデデデ」から「シティーハンター」まで！「ホココス2024」を彩ったコスプレイヤー大特集,https://news.yahoo.co.jp/articles/ea1f931e9902c0e2a3312d3504df25879a97df3a,5/25(土) 18:30
mvwalk,MOVIE WALKER PRESS,MCU版「X-MEN」新作映画が動きだす！脚本家に『ハンガー・ゲーム0』のマイケル・レスリーが決定,https://news.yahoo.co.jp/articles/e5120aec570018a5e178837e164bd60685f4e17d,5/25(土) 17:30
mvwalk,MOVIE WALKER PRESS,主演2人のアクション、大人の色気は健在『帰ってきた あぶない刑事』など週末観るならこの3本！,https://news.yahoo.co.jp/articles/7d3dd75e23f7383cd0a342438a84e68402cbb1a6,5/25(土) 16:30
mvwalk,MOVIE WALKER PRESS,撮影裏話アリ！映画『シティーハンター』の世界観に没入できる聖地巡礼スポット,https://news.yahoo.co.jp/articles/015689590cd5d6c213585686cb897d2f9453ca49,5/25(土) 15:30
mvwalk,MOVIE WALKER PRESS,あの名シーンは当初の脚本になかった!? ジギー・マーリー＆キングズリー・ベン＝アディルが明かす『ボブ・マーリー:ONE LOVE』製作秘話,https://news.yahoo.co.jp/articles/2747fde5e011eea8aba0fd25c0da48e99514b008,5/25(土) 15:00
mvwalk,MOVIE WALKER PRESS,『マッドマックス：フュリオサ』監督がヤバい改造車を語る！「すべての車はそのキャラを象徴する」,https://news.yahoo.co.jp/articles/ce85f9b5c4990424456c1ea815e33819d3f4fbaa,5/25(土) 13:00
mvwalk,MOVIE WALKER PRESS,かが屋が“いわくつき動画”に隠された謎に挑む！『この動画は再生できません THE MOVIE』公開決定,https://news.yahoo.co.jp/articles/ab8d25105fbfe9a9197fadcfb8aa49957a537841,5/25(土) 12:00
mvwalk,MOVIE WALKER PRESS,『ブルー きみは大丈夫』が北米No. 1スタート！超豪華ボイスキャストの集結で、夏を代表するファミリームービーになれるのか,https://news.yahoo.co.jp/articles/3b1d586f4ff1da9e08cd081f05f02b53ab115b2f,5/25(土) 11:30
mvwalk,MOVIE WALKER PRESS,「座席からしばらく立ち上がれないような傑作」映画評論家・宇野維正＆森直人と編集長がネタバレありで『ミッシング』のすごさを語る,https://news.yahoo.co.jp/articles/ad79b627e835c4786870b39093e501efd54c8c89,5/25(土) 7:30
mvwalk,MOVIE WALKER PRESS,『三日月とネコ』安達祐実＆倉科カナは仲良し凸凹コンビ!?初日舞台挨拶で「皆さんの心を少しでも軽くできる作品になっていれば」,https://news.yahoo.co.jp/articles/006d84ab2a8af1a298e74ab58b4c3211c467a50b,5/24(金) 23:42
mvwalk,MOVIE WALKER PRESS,「イシナガキクエを実体化する実験のようだった」考察を生んだ“正体”は？ 大森時生×近藤亮太が明かす「TXQ FICTION」の舞台裏,https://news.yahoo.co.jp/articles/d65550be54688c375f717e98bc29a56d60146b34,5/24(金) 22:00
mvwalk,MOVIE WALKER PRESS,『デデデデ』初共演の幾田りらとあの、2人で焼肉を食べに行くも経験値が浅くて戸惑う「これ何の肉？」,https://news.yahoo.co.jp/articles/70501262487fc77866789dddbf8c88ad914b98fb,5/24(金) 21:55
mvwalk,MOVIE WALKER PRESS,舘ひろし＆柴田恭兵「まるで夫婦のよう」『帰ってきた あぶない刑事』初日舞台挨拶で互いの存在に感謝！,https://news.yahoo.co.jp/articles/6cf4feecdd7a153e1e4f597d54b753d6be5f198c,5/24(金) 21:36
mvwalk,MOVIE WALKER PRESS,劇場版『ウマ娘』出走！藤本侑里「冒頭10秒で泣いた」MX4D・4DXでの上映も決定し、“芝の匂い”に興味津々,https://news.yahoo.co.jp/articles/e354bd4c82b78c428dc34394ca29a52de6ff678c,5/24(金) 21:28
mvwalk,MOVIE WALKER PRESS,激しい給食シーンの撮影に市原隼人がブラックアウト…！『おいしい給食 Road to イカメシ』初日舞台挨拶開催でキャスト＆スタッフが揃って登壇,https://news.yahoo.co.jp/articles/d8658856d41e2774b5db98b73603de56dd3f26f7,5/24(金) 20:45
mvwalk,MOVIE WALKER PRESS,「イシナガキクエ」は“懸命に生きた男の物語”。寺内康太郎×皆口大地が語る、「Q」から「TXQ FICTION」への道のり,https://news.yahoo.co.jp/articles/33a26e7c78a329d988e7ead5c386ff7f58862a16,5/24(金) 20:30
mvwalk,MOVIE WALKER PRESS,「マッドマックス」ファンのアニメーション監督小池健がアニャ・テイラー＝ジョイのフュリオサを絶賛「シャーリーズ・セロンとのシンクロ率が高い！」,https://news.yahoo.co.jp/articles/dbff95b53bb48e464551a686e5a215bbfb514468,5/24(金) 19:30
mvwalk,MOVIE WALKER PRESS,"親友の姿をした""ナニカ""との青春を描く「光が死んだ夏」アニメ化決定！",https://news.yahoo.co.jp/articles/a0ac5ac9f44fd3d9878f7d004f39942b5073b27e,5/24(金) 19:00
mvwalk,MOVIE WALKER PRESS,黒沢清×高橋洋のタッグが生んだ「復讐ホラー」の名作『蛇の道』。忘れてはいけないオリジナル版の秀逸さ,https://news.yahoo.co.jp/articles/313ca8b6c7cd7161a4f63d9d28d86cd37212b84f,5/24(金) 18:30
mvwalk,MOVIE WALKER PRESS,“ずとまよ”の世界観が『好きでも嫌いなあまのじゃく』を完成させる！主題歌＆挿入歌に反映された“本当の気持ち”,https://news.yahoo.co.jp/articles/76b360d917bb844efe096b86964f14943485404b,5/24(金) 17:30
mvwalk,MOVIE WALKER PRESS,魚豊の連載デビュー作『ひゃくえむ。』劇場アニメ化決定！「鑑賞者の1人としてワクワクドキドキ」,https://news.yahoo.co.jp/articles/01e6265da2a53bee57b4b2850061c569166423e2,5/24(金) 17:00
mvwalk,MOVIE WALKER PRESS,「スター・ウォーズ：アコライト」イ・ジョンジェが語る撮影の舞台裏とは？「ライトセーバーのスキルはユニークな挑戦」,https://news.yahoo.co.jp/articles/9be38585afe3c3b6b346bd5138a2d88e445a5c32,5/24(金) 17:00
mvwalk,MOVIE WALKER PRESS,山田杏奈、渋谷龍太も絶賛！『違国日記』特別映像と著名人からのコメント到着,https://news.yahoo.co.jp/articles/c5f0bcdf9dc76860a9c35f5fd8cd2641dea2b0cc,5/24(金) 17:00
mvwalk,MOVIE WALKER PRESS,デビュー作から「アンナチュラル」、最新作『ミッシング』まで。トップ女優・石原さとみが歩んだ軌跡とネクストステージ,https://news.yahoo.co.jp/articles/8e71e2c7aba2e28e8948671e2c5895dcb540b654,5/24(金) 16:30
mvwalk,MOVIE WALKER PRESS,疲れた心に効能あり。『違国日記』や『海街dairy』など日常が愛おしくなる映画たち,https://news.yahoo.co.jp/articles/06e013136fa1302a763a771e264a65d71d943eda,5/24(金) 12:30
mvwalk,MOVIE WALKER PRESS,『好きでも嫌いなあまのじゃく』小野賢章＆富田美憂が語り合う、演技へのアプローチ「キャラクターの第一印象を大事にします」,https://news.yahoo.co.jp/articles/907c136f7646c6f335cdf822361e1cdb21881c34,5/24(金) 12:30
mvwalk,MOVIE WALKER PRESS,シャマラン父娘が放つリアリティーホラー『ザ・ウォッチャーズ』“名作”にインスパイアされた新ビジュアル,https://news.yahoo.co.jp/articles/9f3b345836b86f1074edd4c68721b4f979c822dd,5/24(金) 12:00
mvwalk,MOVIE WALKER PRESS,入野自由の優しい「よしよし」がエモい…『デデデデ後章』より、おんたん＆大葉のハグシーンを独占入手,https://news.yahoo.co.jp/articles/28ec9f213d1157d6cee75311c252ee6d872441cb,5/24(金) 10:30
mvwalk,MOVIE WALKER PRESS,『ヤマトよ永遠に REBEL3199 第一章 黒の侵略』結城信輝の描き下ろしイラストを使用したメインビジュアル公開！,https://news.yahoo.co.jp/articles/88c7df4807704984a5b6a2b4180829e99f09add4,5/24(金) 7:00
mvwalk,MOVIE WALKER PRESS,エディ・マーフィー演じる“スーパー刑事”が30年ぶりに大暴れ！『ビバリーヒルズ・コップ：アクセル・フォーリー』予告映像完成,https://news.yahoo.co.jp/articles/4f8f1719443bda6a0d66fa848a6f5921cec1490a,5/23(木) 23:00
mvwalk,MOVIE WALKER PRESS,「俺たちはまだやってるぜ！」70歳を過ぎた舘ひろしと柴田恭兵が語る、同世代の「あぶ刑事」ファンへの想い,https://news.yahoo.co.jp/articles/03bb0e28e443cb194104f4a46de37e80dd5f6bf1,5/23(木) 19:30
mvwalk,MOVIE WALKER PRESS,かわいいだけじゃなかった！すべてが猫への愛情たっぷりに描かれた『三日月とネコ』の注目ポイントとは？,https://news.yahoo.co.jp/articles/b401ffe4e5b007a322f03c63d05836686c77acd6,5/23(木) 18:30
mvwalk,MOVIE WALKER PRESS,「宇宙戦艦ヤマト」テレビ放送50周年記念！スターチャンネルで長編作品全7作を3ヵ月にわたり放送配信,https://news.yahoo.co.jp/articles/61d4b628bd5839cafc1ce63eba5ab52736b5ffb8,5/23(木) 18:00
mvwalk,MOVIE WALKER PRESS,ボストンマラソンを舞台にした感動の実話『ボストン1947』予告映像には祖国の国旗を胸に力走する姿も,https://news.yahoo.co.jp/articles/f1b0d0e288b6436312834564354076bfee5a1857,5/23(木) 16:00
mvwalk,MOVIE WALKER PRESS,『ソウルの春』クーデター前夜の緊張感漂う日本版ポスタービジュアル到着！緊迫感に満ちた予告編も,https://news.yahoo.co.jp/articles/6c3537a18f496511dbfd0ae5e34c396e2a29da72,5/23(木) 12:00
mvwalk,MOVIE WALKER PRESS,『きみの色』物語への期待が膨らむ場面写真が到着！フルキャストが登場する新予告映像も,https://news.yahoo.co.jp/articles/fc27644a7a69a321cb57dffa01e863b1fd5acc76,5/23(木) 11:30
mvwalk,MOVIE WALKER PRESS,多部未華子、演じるのは“大人の感情”シンパイ『インサイド・ヘッド２』でピクサー作品声優に初挑戦,https://news.yahoo.co.jp/articles/693c4dd663a2082b6e25aa9bffdaf563dc3bafbe,5/23(木) 6:00
mvwalk,MOVIE WALKER PRESS,Team天界メンバー集結！『聖☆おにいさん THE MOVIE～ホーリーメンVS悪魔軍団～』賀来賢人、白石麻衣らが新たに参戦,https://news.yahoo.co.jp/articles/f0464c09aa6ec8e176641625e59f3dda928a356f,5/23(木) 4:00
mvwalk,MOVIE WALKER PRESS,「ターミネーター」初のアニメシリーズ「Terminator Zero」“審判の日”に配信開始！場面写真にT-800風ターミネーターの姿が…,https://news.yahoo.co.jp/articles/e62872ee89f538297503099eb92d49f4b21e0c55,5/22(水) 23:00
mvwalk,MOVIE WALKER PRESS,ファイルーズあい、『マッドマックス：フュリオサ』の魅力を熱弁！新境地を開き「フュリオサに出会えてよかった」,https://news.yahoo.co.jp/articles/17a9a605e7a1f3e3f06332618e4ea719bd67b989,5/22(水) 21:01
mvwalk,MOVIE WALKER PRESS,メットガラのドレスコード、ちょっと難しすぎた？“時間の庭”をクリアできなかったセレブたち,https://news.yahoo.co.jp/articles/80799629163e7f3342527c7aca12a6da333ccda0,5/22(水) 20:30
mvwalk,MOVIE WALKER PRESS,『数分間のエールを』リリックビデオ企画第4弾、織重夕feat.菅原圭「アイデンティ」がお披露目！,https://news.yahoo.co.jp/articles/0aa90c7b1ce11dd27cd8c95cb5fca5431185839f,5/22(水) 20:00
mvwalk,MOVIE WALKER PRESS,追加で判明した情報が映しだされる「イシナガキクエを探しています(4)」5月24日よりTVerにて配信開始,https://news.yahoo.co.jp/articles/8cfbfea2ba0e8271c5695c6a2e9e36f041810484,5/22(水) 19:00
mvwalk,MOVIE WALKER PRESS,口コミ拡散で、平日動員が”異例“の週末超え！石原さとみ主演作『ミッシング』冒頭映像,https://news.yahoo.co.jp/articles/b57059865412636f9ae41b47690caac6ef576d06,5/22(水) 18:30
mvwalk,MOVIE WALKER PRESS,閉鎖空間で客からのハラスメントの嵐…『ロイヤルホテル』衝撃の予告映像,https://news.yahoo.co.jp/articles/1a6739cf1349234db25981ae4f5c965dd37638b3,5/22(水) 17:00
mvwalk,MOVIE WALKER PRESS,なりたい大人像は新垣結衣！『違国日記』の早瀬憩らが新垣を「周りを気遣える大人」と称賛,https://news.yahoo.co.jp/articles/10d70013382f106dbb8051f01553c3eae4208ae5,5/22(水) 16:30
mvwalk,MOVIE WALKER PRESS,1位は『帰ってきた あぶない刑事』！今週公開作品のMOVIE WALKER会員“みたい映画”ランキングを発表！,https://news.yahoo.co.jp/articles/656a706486ba8354160fd649a1fab1d286f42ff8,5/22(水) 14:30
mvwalk,MOVIE WALKER PRESS,コンセプトは“デート”！親友もジョイントしたチョ・インソン6年ぶりのファンミーティングをレポート,https://news.yahoo.co.jp/articles/119de5601a54347edba637815bb98037bde66c1d,5/22(水) 13:30
mvwalk,MOVIE WALKER PRESS,フリマサービスに潜む闇に迫るサスペンススリラー『ターゲットー出品者は殺人鬼ー』日本公開決定！,https://news.yahoo.co.jp/articles/9020fd2f8dce7bbc3de18fe7a5512ce0a1f1519d,5/22(水) 12:00
mvwalk,MOVIE WALKER PRESS,『怪盗グルーのミニオン超変身』日本語吹替版声優に片岡愛之助＆山田杏奈が決定！,https://news.yahoo.co.jp/articles/8834a98db6439bc3f014b7db4e926ba4d48c80b6,5/22(水) 8:00
mvwalk,MOVIE WALKER PRESS,歪みが大きくなる関係性にハラハラ「1122 いいふうふ」スピッツによる主題歌が織りなす本予告,https://news.yahoo.co.jp/articles/533e0ff08b0df600e206927df755d880c334c145,5/22(水) 8:00
mvwalk,MOVIE WALKER PRESS,妻夫木聡＆広瀬すず＆窪田正孝＆永山瑛太共演『宝島』実写映画化！2025年に公開決定,https://news.yahoo.co.jp/articles/b089c0f0139650a2b9ac9d90e0c5f2b728e7c708,5/22(水) 7:00
mvwalk,MOVIE WALKER PRESS,高橋文哉＆田中圭が「ブラッシュアップライフ」の監督とタッグ！映画『あの人が消えた』9月公開決定,https://news.yahoo.co.jp/articles/ae314508f4f82b0f5caa3ebaec7addf217fee71a,5/22(水) 6:00
mvwalk,MOVIE WALKER PRESS,京本大我、SixTONESデビュー後初の単独主演映画『言えない秘密』完成披露試写会でキスシーンが下手と秘密を告白！「プラベートで練習します」,https://news.yahoo.co.jp/articles/2e5e5f3cc9a96465de25d04152645b323628530c,5/21(火) 21:32
mvwalk,MOVIE WALKER PRESS,『室井慎次　敗れざる者』『生き続ける者』より、かつてない室井の姿を捉えたスーパーティザー映像③到着,https://news.yahoo.co.jp/articles/b13d41630db30a7ad090b95dfc8510862e13ec1c,5/21(火) 21:00
mvwalk,MOVIE WALKER PRESS,GANG PARADE・テラシマユウカが語り尽くす映画愛「共感を押し付けない、“変な映画”ほど好きです」,https://news.yahoo.co.jp/articles/359907a4ef93f54c1c4e3cf4c64be31570d34719,5/21(火) 20:00
mvwalk,MOVIE WALKER PRESS,MADな変態が大集合！主人公をも食うインパクトを放つ「マッドマックス」の悪役大図鑑,https://news.yahoo.co.jp/articles/fe12a475001d7731835aa035613f285303f18223,5/21(火) 19:30
mvwalk,MOVIE WALKER PRESS,「スター・ウォーズ：アコライト」武内駿輔、M・A・O、日野由利加ら出演決定！日本語吹替版本予告も,https://news.yahoo.co.jp/articles/eb0e60b5cbf0946a02ca08c29539604c3ada5d6d,5/21(火) 18:30
mvwalk,MOVIE WALKER PRESS,絵描き・石黒亜矢子がジャッキー・チェンを獣化！最新作『ライド・オン』に「ジャッキーファンとして感無量」,https://news.yahoo.co.jp/articles/b2576826f750ce1900abb952ab2d26cf4894549d,5/21(火) 18:30
mvwalk,MOVIE WALKER PRESS,混ぜるな危険！『デッドプール＆ウルヴァリン』2人のヒーローのアクションを予感させる新ポスター,https://news.yahoo.co.jp/articles/69649a71c33cf4e705d2cc4928bd46049de7634b,5/21(火) 17:00
mvwalk,MOVIE WALKER PRESS,ゼンデイヤ、ジェニファー・ロペス…難題ドレスコード“時間の庭”を完璧に解釈した、メットガラで輝いたベストドレッサーたち,https://news.yahoo.co.jp/articles/7cf73913e9c60e8de087cf8f8b4bb124743bae78,5/21(火) 16:30
mvwalk,MOVIE WALKER PRESS,ゼンデイヤも音楽を絶賛！『チャレンジャーズ』アカデミー賞受賞コンビが語るサウンド制作秘話,https://news.yahoo.co.jp/articles/8302840bb910c94be6123acc8788f6cd19909da9,5/21(火) 15:00
mvwalk,MOVIE WALKER PRESS,18歳の少年と裏社会の孤独な男が響き合う『このろくでもない世界で』予告編＆ポスター,https://news.yahoo.co.jp/articles/e8ec3fd43bc024f739943bf86b8875973c736c23,5/21(火) 12:00
mvwalk,MOVIE WALKER PRESS,大ヒットミステリードラマ最新作「ヴィジル２ 謀略の軍事ドローン」日本上陸！緊迫の予告映像,https://news.yahoo.co.jp/articles/270e7dbbe40ab1092c0ca240970971252c831a1d,5/21(火) 12:00
mvwalk,MOVIE WALKER PRESS,上田慎一郎最新作『アングリースクワッド　公務員と７人の詐欺師』11月公開！内野聖陽、岡田将生が出演,https://news.yahoo.co.jp/articles/d593dc384ed7395994a164ec6dcd37c645e7d76d,5/21(火) 8:00
mvwalk,MOVIE WALKER PRESS,リプリーがいっぱい！アラン・ドロン、マット・デイモン、アンドリュー・スコットら演技派大集合,https://news.yahoo.co.jp/articles/b2518d5e38a42868505fc6744be42a37e6d7dd49,5/20(月) 21:30
mvwalk,MOVIE WALKER PRESS,『名探偵コナン 100万ドルの五稜星』がシリーズ新記録まであと3億5000万円！“リピーター戦略”大成功のアニメ映画が上位を席巻,https://news.yahoo.co.jp/articles/f99e43fa16034ce6407fd69aa7836e4b4fc90b14,5/20(月) 21:00
mvwalk,MOVIE WALKER PRESS,排水溝の奥から「助けて」の声…『ナイトスイム』プールに住み着く邪悪な存在の正体は？,https://news.yahoo.co.jp/articles/c9ce7c25a3f1f592f931118a52f3031eded0162c,5/20(月) 20:30
mvwalk,MOVIE WALKER PRESS,「NIKKE」「ブルアカ」ヒロインからバニーガールまで！21万人来場の「ストフェス2024」を彩ったコスプレイヤーたち,https://news.yahoo.co.jp/articles/5bd6b30f856ab4d4f3f9c37a92838885d51cf576,5/20(月) 19:30
mvwalk,MOVIE WALKER PRESS,小島秀夫とジョージ・ミラーが熱いハグ！『マッドマックス：フュリオサ』ロンドンプレミア開催,https://news.yahoo.co.jp/articles/80a1537ebbb9289349d0c671d1a18f62b6bc2f0f,5/20(月) 19:26
mvwalk,MOVIE WALKER PRESS,『蛇の道』柴咲コウのフランス語力に西島秀俊が驚き！「相当な努力をされる方」,https://news.yahoo.co.jp/articles/71a8644a96a2ab4337abf919bf11e09485f4c34d,5/20(月) 19:17
mvwalk,MOVIE WALKER PRESS,ゲームマスター“K”役は松平健に！『逃走中 THE MOVIE』新キャスト＆役柄が明らかに,https://news.yahoo.co.jp/articles/8f79f4254940f47cf3f2665cb6a9b06d81613f66,5/20(月) 18:00
mvwalk,MOVIE WALKER PRESS,「フュード／確執 カポーティ vs スワンたち」スターチャンネル放送、配信決定！キーアート、場面写真も,https://news.yahoo.co.jp/articles/d0ecdccd8c592ae978835985d543c6872f213b33,5/20(月) 18:00
mvwalk,MOVIE WALKER PRESS,チェ・ジウやSHINeeミンホなど豪華キャスト集結！『ニューノーマル』“奇妙”な特報映像,https://news.yahoo.co.jp/articles/f1d9d93ef25e05aa3969f44dcd98cbd8428d9cb3,5/20(月) 15:00
mvwalk,MOVIE WALKER PRESS,ジャッキー・チェンも絶賛の新星！『ライド・オン』娘役のリウ・ハオツンの愛くるしい場面写真が到着,https://news.yahoo.co.jp/articles/ed01bb277c4000d41e47aa47dc78795a30dae4a6,5/20(月) 13:00
mvwalk,MOVIE WALKER PRESS,北村匠海＆オズワルド『映画クレヨンしんちゃん オラたちの恐竜日記』ゲスト声優に決定！,https://news.yahoo.co.jp/articles/054a303eea405bc8532a211b40e14a13e8982ff2,5/20(月) 8:00
mvwalk,MOVIE WALKER PRESS,カンヌで世界に向けて大発表！ゆりやんレトリィバァが映画監督デビュー決定「ユリント・イーストウッドになります」,https://news.yahoo.co.jp/articles/d423d142368b4398c5db48ec2d42cb1d2ca76eb6,5/19(日) 22:45
mvwalk,MOVIE WALKER PRESS,愛娘がヌードも辞さず熱演！ダリオ・アルジェント監督『トラウマ』初Blu-rayは4Kレストア＆新録吹替の保存盤,https://news.yahoo.co.jp/articles/41ff580c45b729c87036557f20bb72d200d707ba,5/19(日) 19:30
mvwalk,MOVIE WALKER PRESS,21万人が集結！「鬼滅の刃」から「転スラ」まで「日本橋ストリートフェスタ2024」を沸かせたコスプレイヤー大特集,https://news.yahoo.co.jp/articles/f0db030d1c190eb76dfea2cc571672f3c34cff96,5/19(日) 17:30
mvwalk,MOVIE WALKER PRESS,真田広之、浅野忠信ら前作の主要キャストが続投！『モータルコンバット』続編にあの人気キャラも参戦へ,https://news.yahoo.co.jp/articles/9b005ae6963b1bfd61921cdbf72afefb58241b4e,5/19(日) 17:00
mvwalk,MOVIE WALKER PRESS,「デューン」の世界がさらに拡大！“ベネ・ゲセリット”誕生を描くドラマシリーズ「Dune: Prophecy」の特報映像が公開,https://news.yahoo.co.jp/articles/0d97a84cb62909c596a23c5d9dc593ced5cca12b,5/19(日) 16:30
mvwalk,MOVIE WALKER PRESS,エディ・レッドメインやジェフ・ゴールドブラムら、メットガラのドレスコードを体現したハイレベル＆残念なメンズルック総まとめ！,https://news.yahoo.co.jp/articles/6a156f7330edc622c93c292b76ff3e2c95463b1c,5/19(日) 14:30
mvwalk,MOVIE WALKER PRESS,『機動戦士ガンダムSEED FREEDOM』がいよいよフィナーレへ！保志総一朗が舞台挨拶で宣言「世界に向けて輪を広げていきたい」,https://news.yahoo.co.jp/articles/341ea8be5744682e9a76550c0837f30135608945,5/19(日) 13:30
mvwalk,MOVIE WALKER PRESS,2.3トンの巨大シャンデリア、ファントムメイクに4時間半…『オペラ座の怪人』のすごさを数字で振り返る！,https://news.yahoo.co.jp/articles/295238e1190fc5bfa3ad39350dd1291ced03d019,5/19(日) 13:00
mvwalk,MOVIE WALKER PRESS,カンヌも注目のリュ・スンワン監督作『密輸 1970』キャストメッセージ＆キャラ紹介映像が到着！,https://news.yahoo.co.jp/articles/fa262dc02dbac94a610a4ce4f8d0311ae93829a0,5/19(日) 11:00
mvwalk,MOVIE WALKER PRESS,草なぎ剛の新たな当たり役…『碁盤斬り』で魅せる清廉潔白な武士の陰陽が圧倒的,https://news.yahoo.co.jp/articles/36cf6bf3a1f45be472b427621ab3410ef533a503,5/19(日) 10:30
mvwalk,MOVIE WALKER PRESS,パク・シネ、日本のファンとの再会に感涙！振り返った20年の道のり、「ドクタースランプ」で確かめた俳優業への覚悟,https://news.yahoo.co.jp/articles/14cf85772dea1999094af0c6111b23e6a67132b2,5/19(日) 7:30
mvwalk,MOVIE WALKER PRESS,エマ・ストーン×ヨルゴス・ランティモス監督『憐れみの３章』がカンヌに登場！豪華スター集結のワールドプレミアは拍手喝采,https://news.yahoo.co.jp/articles/851f5ced9b754ffcd1168a74ca35a9f06c61f517,5/18(土) 21:30
mvwalk,MOVIE WALKER PRESS,「4人で過ごした青春は本物」「歌声のかわいさに圧倒」…”推し”がいる人必見！青春物語としての『トラペジウム』の秀逸さ,https://news.yahoo.co.jp/articles/64c403ac92434cd1a90b46e71ff5f29ef14d9cfc,5/18(土) 20:30
mvwalk,MOVIE WALKER PRESS,「脳みそくれ～」フィギュア業界は“バタリアン戦国時代”だ！【豆魚雷の「遊星からの物欲X」】,https://news.yahoo.co.jp/articles/dcf29bcb6447454178a86a34b32109e647a471a1,5/18(土) 19:30
mvwalk,MOVIE WALKER PRESS,WETA日本人スタッフが語る『猿の惑星／キングダム』の深み。衝撃のラストにも言及「捉え方は人によって変わる」,https://news.yahoo.co.jp/articles/a8dfaadfea48c5775001987edea98965c50c38ac,5/18(土) 18:30
mvwalk,MOVIE WALKER PRESS,ライアン・レイノルズの声はもちろん加瀬康之！『ブルー きみは大丈夫』追加吹替え声優＆キャラポスター一挙公開,https://news.yahoo.co.jp/articles/d61e3753f5eba2886f49130b8f1af00eb2981815,5/18(土) 18:00
mvwalk,MOVIE WALKER PRESS,歴史的な名盤はいかにして生まれたのか？『ボブ・マーリー:ONE LOVE』の中軸「エクソダス」の偉業に迫る,https://news.yahoo.co.jp/articles/abc11e226764848981dff8d6baadc58fb238ff85,5/18(土) 17:30
mvwalk,MOVIE WALKER PRESS,『猿の惑星／キングダム』が前作以上の成績で北米No. 1スタート！シリーズ悲願のオスカー受賞へ一歩前進,https://news.yahoo.co.jp/articles/c4ab0373cf0670e4b5b812ed41a35635317c9a2e,5/18(土) 17:00
mvwalk,MOVIE WALKER PRESS,キム・ゴウン、スジ、キム・スヒョンが登場！百想芸術大賞レッドカーペット＆授賞式のベストルックをお届け！,https://news.yahoo.co.jp/articles/7caeb57ee9bbd1d1cb1bd72c5a63f85f6b8152de,5/18(土) 16:30
mvwalk,MOVIE WALKER PRESS,石原さとみ、『ミッシング』で「自分の財産となる感情を知った」中村倫也は、石原の「ファンになった」と惚れ惚れ,https://news.yahoo.co.jp/articles/ee39444689f0554c69bec7ea45004eb15d236c8c,5/18(土) 16:19
mvwalk,MOVIE WALKER PRESS,吉田恵輔監督がイベントで語る最新作『ミッシング』への覚悟と自信「石原さとみの“本気”を一人でも多くの方に観てもらいたい」,https://news.yahoo.co.jp/articles/2791d015c4115e8518e90af20df4c8918fddb2f8,5/18(土) 15:19
mvwalk,MOVIE WALKER PRESS,『陰陽師0』「光る君へ」の聖地を探訪！えさし藤原の郷で平安時代を体感してきた,https://news.yahoo.co.jp/articles/10a632bcc71baef6de97d9c24b34fe8a7d470972,5/18(土) 14:00
mvwalk,MOVIE WALKER PRESS,石原さとみの覚悟に圧倒され、共演陣の演技に心が震える『ミッシング』など週末観るならこの3本！,https://news.yahoo.co.jp/articles/2ac8f5d00413e635c62331c0322ea392b51e4306,5/18(土) 13:30
mvwalk,MOVIE WALKER PRESS,西野七瀬、高山一実を「改めて尊敬」と告白！『トラペジウム』おじいちゃん役で共演も果たし、「2人で楽しみながらできた」,https://news.yahoo.co.jp/articles/51915019c2592cc8a85e7ea7ecbb6ec21f062012,5/18(土) 13:28
mvwalk,MOVIE WALKER PRESS,メガミニオン＆エージェントミニオンが集結！『怪盗グルーのミニオン超変身』日本限定描き下ろし本ポスター,https://news.yahoo.co.jp/articles/8426e8c705934baab645daed0db79489b0428eaf,5/18(土) 12:30
mvwalk,MOVIE WALKER PRESS,せつなくも温かいジミーとアミの旅の裏側が垣間見られる『青春18×2 君へと続く道』スペシャルメイキング特別映像,https://news.yahoo.co.jp/articles/f056cd602243b395dba693bb89c6823c74a267a1,5/18(土) 11:00
mvwalk,MOVIE WALKER PRESS,世界中で社会現象を巻き起こした真田広之主演ドラマ「SHOGUN 将軍」シーズン2＆3製作決定！,https://news.yahoo.co.jp/articles/b4a574e1159559f2eb6d5d0b153b1065c0c61bf8,5/17(金) 21:00
mvwalk,MOVIE WALKER PRESS,『ミッシング』吉田恵輔監督×石原さとみが対談。「役者として、一番いい壊し方ができた」,https://news.yahoo.co.jp/articles/f1a05564e7e17b9b4c065e1549f14ae5eaa847db,5/17(金) 20:30
mvwalk,MOVIE WALKER PRESS,来場者特典は“映画フィルム風クリアしおり”に！『好きでも嫌いなあまのじゃく』劇場限定版Blu-rayも発売決定,https://news.yahoo.co.jp/articles/515b8a56a31a5ac1a36de1304d74db4590f3ecc3,5/17(金) 19:00
mvwalk,MOVIE WALKER PRESS,ムビチケ特典は宇宙服姿のド・ギョンスアクスタに『THE MOON』迫力満点の予告映像＆場面写真,https://news.yahoo.co.jp/articles/d727cef7d8bc44554bed5286e3540688b9e8a694,5/17(金) 18:30
mvwalk,MOVIE WALKER PRESS,山田裕貴に加え小日向文世、早見あかりらが参加！『Ultraman: Rising』キーアート＆本予告もあわせて公開,https://news.yahoo.co.jp/articles/5a01cfa7caa3623cd6897c1aa47a6dc576e18bef,5/17(金) 17:30
mvwalk,MOVIE WALKER PRESS,NOAが共感した、主人公“ノア”の生き様。『猿の惑星／キングダム』の没入感に「概念を覆される」,https://news.yahoo.co.jp/articles/503b353d01ad317c404b2ec95a6d3366334772dd,5/17(金) 16:45
mvwalk,MOVIE WALKER PRESS,「リアリティがすごすぎて、簡単にはおすすめできない」放送作家・鈴木おさむが『ミッシンク』に見る“テレビの魔力”,https://news.yahoo.co.jp/articles/7780e25a601fb22a482ea70d3e09e1356e76a503,5/17(金) 16:30
mvwalk,MOVIE WALKER PRESS,草なぎ剛「重厚感のある作品に出演できて幸せ」と笑顔！主演作『碁盤斬り』舞台挨拶で共演者の魅力を熱弁,https://news.yahoo.co.jp/articles/6fe9d94a4a1406429e1a5b6699d6fc4133196a46,5/17(金) 16:07
mvwalk,MOVIE WALKER PRESS,来日したノーマン・リーダスにインタビュー！「ウォーキング・デッド」スピンオフシーズン2で「キャロルとダリルの絆の深さがわかる」,https://news.yahoo.co.jp/articles/a7d365c0ff992aea235fffd77606b90315bae805,5/17(金) 15:00
mvwalk,MOVIE WALKER PRESS,「ボブ・マーリーに多大なる影響を受けた」こがけんが『ボブ・マーリー:ONE LOVE』の深さを解説！「めちゃくちゃ洗練されていてクールでカッコいい映画！」,https://news.yahoo.co.jp/articles/8527774981bc0eaeecdf789b0367976a694b7ebc,5/17(金) 13:30
mvwalk,MOVIE WALKER PRESS,ジャッキー・チェン50周年記念アクション超大作『ライド・オン』愛馬と共演した本編シーン,https://news.yahoo.co.jp/articles/438a90b457f4b4deb1953768b79847dafbda84b0,5/17(金) 12:30
mvwalk,MOVIE WALKER PRESS,『マッドマックス：フュリオサ』でジョージ・ミラー監督がカンヌ凱旋！アニャ、クリヘムらの登壇に会場も興奮MAX,https://news.yahoo.co.jp/articles/49e890db678670faef408aa8e65ac01ba21101cd,5/17(金) 12:00
mvwalk,MOVIE WALKER PRESS,DV夫にいたぶられる妻の声が響く…『アンダー・ユア・ベッド』本編映像,https://news.yahoo.co.jp/articles/f8dbb352a50d3f407f3e7a2609a85e57c742fdb8,5/17(金) 12:00
mvwalk,MOVIE WALKER PRESS,街も人も、“まる”に抉られる…「七夕の国」ティザー予告到着、新たに上杉柊平、山田孝之ら出演決定,https://news.yahoo.co.jp/articles/458e4c739b0adb76995d31bcd6688278f3ad9f4e,5/17(金) 10:00
mvwalk,MOVIE WALKER PRESS,後章の入プレ解禁＆前夜祭では前章と後章一挙上映！『デデデデ』90秒で前章をおさらい,https://news.yahoo.co.jp/articles/eae3e521075f7ba74cebf23ed253a4fa0a62e8f9,5/17(金) 10:00
mvwalk,MOVIE WALKER PRESS,永野芽郁、主演映画『からかい上手の高木さん』ロケ地の思い出は「小豆島のおいしいごはん！」と笑顔,https://news.yahoo.co.jp/articles/14576a1af988a875fe6c6c86ca6c11834451549c,5/17(金) 9:30
mvwalk,MOVIE WALKER PRESS,現実かと錯覚するほどリアル！『猿の惑星／キングダム』スリル満点の本編映像,https://news.yahoo.co.jp/articles/055e885def8e7ed0ed20e70ec4aae85d9ba6e0c0,5/17(金) 9:00
mvwalk,MOVIE WALKER PRESS,『ミッション：インポッシブル』第1作から第3作を「金ロー」で3週連続一挙放送！,https://news.yahoo.co.jp/articles/ac0a18bcd7b30fc1107d2d687ec302d4350a51ac,5/17(金) 6:00
mvwalk,MOVIE WALKER PRESS,中森明夫が語る、『トラペジウム』の達成とアイドル文化の勝利。高山一実の経験が息づく、少女たちの輝き,https://news.yahoo.co.jp/articles/8fe9d66e2e0718d43be74c2d7db8c1c5463be3d1,5/16(木) 20:30
mvwalk,MOVIE WALKER PRESS,『陰陽師0』佐藤嗣麻子監督と夢枕獏が語り合う、お互いの作品の魅力「獏さんの文章は、改行がカット割りに近い感覚」,https://news.yahoo.co.jp/articles/d1903443ab64b97b559fc79bbfd3a378651138f3,5/16(木) 20:00
mvwalk,MOVIE WALKER PRESS,「『シティーハンター』だから新宿で撮るしかない」プロデューサーが明かす、作品愛あふれる鈴木亮平もこだわった新宿ロケ撮影の裏側,https://news.yahoo.co.jp/articles/c400125783380f55d83a09257c1a97ca322762a2,5/16(木) 19:30
mvwalk,MOVIE WALKER PRESS,福士蒼汰×松本まりかが『湖の女たち』で辿り着いた、役者としての新境地。「自我から開放され、ゾーンに入るような感覚」,https://news.yahoo.co.jp/articles/f681bf7628dd5408fba37b614a74ec0c5f990ace,5/16(木) 18:30
mvwalk,MOVIE WALKER PRESS,なぜ、いまリメイクしたのか？黒沢清自らが手掛ける『蛇の道』監督インタビュー映像,https://news.yahoo.co.jp/articles/eeeaaaa3abb46295114e795fe6326c5a57ab43c3,5/16(木) 18:00
mvwalk,MOVIE WALKER PRESS,『碁盤斬り』草なぎ剛×白石和彌監督が対談！同い年である2人の共通の記憶は「SMAPが辿ってきた道」,https://news.yahoo.co.jp/articles/93d1889d35974d7733aad6411ab1c141dbe39e8a,5/16(木) 17:30
mvwalk,MOVIE WALKER PRESS,「最後の舞台は○○にする」『猿の惑星／キングダム』ウェス・ボール監督が語る、シリーズ理想の結末とは？,https://news.yahoo.co.jp/articles/b60addf4c95554940dfbbb714d1fb70b374bf07a,5/16(木) 13:30
mvwalk,MOVIE WALKER PRESS,「ずっと体調も悪くて…」石原さとみが涙ながらに舞台裏を語る『ミッシング』特別映像,https://news.yahoo.co.jp/articles/3e266a15ded46ccb99573df7f4087c10bd8b35c7,5/16(木) 11:00
mvwalk,MOVIE WALKER PRESS,第73回ベルリン映画祭や第96回アカデミー賞で評価された『夏の終わりに願うこと』8月日本公開決定！,https://news.yahoo.co.jp/articles/9a925b5a31ab8dea1860f1a3c27b5ffb6da57227,5/16(木) 10:00
mvwalk,MOVIE WALKER PRESS,原哲夫がフュリオサを描き下ろし！『マッドマックス：フュリオサ』×「北斗の拳」奇跡のコラボが実現,https://news.yahoo.co.jp/articles/d47918cc37772e505bca4de0a094af2d936a85ed,5/16(木) 8:00
mvwalk,MOVIE WALKER PRESS,『関心領域』ジョナサン・グレイザー監督ら、独特の手法に込めた意図明かす「目で観るのではなく、耳で聴く映画」「頭で考えるのではなく、身体でずっしりと感じる映画」,https://news.yahoo.co.jp/articles/3ea985727a34a3c1aeda75f30e86177ae2aba448,5/16(木) 7:00
mvwalk,MOVIE WALKER PRESS,福本莉子＆SixTONESジェシーＷ主演！“溺愛“ラブコメ『お嬢と番犬くん』映画化決定,https://news.yahoo.co.jp/articles/e5764f10f5a583e48a2981dcd51f3b5d2f3cac6e,5/16(木) 5:00
mvwalk,MOVIE WALKER PRESS,堂々たるスパイ姿！『バック・イン・アクション』でキャメロン・ディアス10年ぶりの女優復帰,https://news.yahoo.co.jp/articles/acecf0da48ae374f6c4110f90a74d6500eea94dc,5/16(木) 5:00
mvwalk,MOVIE WALKER PRESS,巨星墜つ。“B級映画の帝王”ロジャー・コーマンの死去にデ・ニーロ、カーペンターら追悼,https://news.yahoo.co.jp/articles/cacd3b24af3e682e6655cccc1fa2424d6c9943d0,5/15(水) 20:30
mvwalk,MOVIE WALKER PRESS,竹内力＆松岡禎丞＆小松未可子ら『猿の惑星／キングダム』熱い反響に喜び！「みんな続編があるんじゃないかと討論している」,https://news.yahoo.co.jp/articles/40121d295aa370591454b1223b03f9703c4e3431,5/15(水) 19:53
mvwalk,MOVIE WALKER PRESS,クイーンの1981年モントリオール公演を収めた映画『QUEEN ROCK MONTREAL』IMAXで再上映へ,https://news.yahoo.co.jp/articles/edb61a2a1b04629b3bde5d6f12f215b32de4e957,5/15(水) 19:30
mvwalk,MOVIE WALKER PRESS,「いままでにないストーリーに興奮！」日韓のヒットメーカーがタッグ！国際共同ドラマ製作を発表,https://news.yahoo.co.jp/articles/eea4078eaae52b89128cafaedc0bf730cf07db1d,5/15(水) 19:00
mvwalk,MOVIE WALKER PRESS,アミのようにバックパックで台湾を巡ってみた『青春18×2 君へと続く道』聖地巡礼【台湾編】,https://news.yahoo.co.jp/articles/376274faa275023e1056bca61b398acc15e04498,5/15(水) 18:30
mvwalk,MOVIE WALKER PRESS,「フクロウと呼ばれた男」田中泯、新田真剣佑を取り巻く総勢19名の人物を相関図でおさらい,https://news.yahoo.co.jp/articles/c12e3301b283d084b47bb3ef3a496b0bf6139dbd,5/15(水) 15:00
mvwalk,MOVIE WALKER PRESS,1位は『ミッシング』！今週公開作品のMOVIE WALKER会員“みたい映画”ランキングを発表！,https://news.yahoo.co.jp/articles/1ed73a16c5f3f31f4ce91f69c3dfbbe67b3a18ca,5/15(水) 14:30
mvwalk,MOVIE WALKER PRESS,「彼の愛と音楽はずっと生き続ける」“究極仕様”のプレミアムシアターで楽しんだ観客に聞いた『ボブ・マーリー:ONE LOVE』を観るべき理由,https://news.yahoo.co.jp/articles/a30afe179ffa7107fecdb61cb60c8047aabf4c4c,5/15(水) 14:30
mvwalk,MOVIE WALKER PRESS,「ロード・オブ・ザ・リング: 力の指輪」シーズン2の配信日は8月29日に！中つ国第二紀を闇に陥れる冥王サウロンの物語,https://news.yahoo.co.jp/articles/09b28bd580fb7b7866f28a44f18b9d3ac610bb1c,5/15(水) 14:00
mvwalk,MOVIE WALKER PRESS,シリーズ屈指の怪作が国内初4K UHD化『悪魔のいけにえ2 -4Kレストア版-』ブルーレイが9月発売！,https://news.yahoo.co.jp/articles/2ed4c35c4c9634d1f4155342c5168b8b8047bd4f,5/15(水) 12:00
mvwalk,MOVIE WALKER PRESS,人類は食物連鎖から“解放”されるのか？「秘密の森」シリーズ脚本家が手がけたSFサスペンスの野心作「支配種」が問うもの,https://news.yahoo.co.jp/articles/f036767e51ea3bf490beb6ca69e8a1b2aa84e7ef,5/14(火) 21:30
mvwalk,MOVIE WALKER PRESS,キングズリー・ベン＝アディルのハグにファン歓喜！『ボブ・マーリー：ONE LOVE』ジャパンプレミアはボブ愛溢れる空間に,https://news.yahoo.co.jp/articles/47ba63f0d74ea64bc3acb084e2d43ecfcf1ebcba,5/14(火) 20:51
mvwalk,MOVIE WALKER PRESS,人はどうして”推し”に人生を捧ぐのか…？アイドルへの憧れを描く『トラペジウム』が与える尊さと気づき,https://news.yahoo.co.jp/articles/93e8b3e0b646977b0c8a2947f2844d4bc2361496,5/14(火) 20:30
mvwalk,MOVIE WALKER PRESS,『好きでも嫌いなあまのじゃく』小野賢章が高校1年生役のオファーに衝撃！「人とのコミュニケーションってすごく難しい」と学生のお悩みに真摯に回答,https://news.yahoo.co.jp/articles/dad8dad574d4a41b4a4faa6384829f0ed1fb4ba5,5/14(火) 20:14
mvwalk,MOVIE WALKER PRESS,ディズニーヴィランズの“子ども”たちを描くミュージカル『ディセンダント ライズ・オブ・レッド』7月配信決定！,https://news.yahoo.co.jp/articles/64ff1a7cf1d33f24684ef3edba2512343fa45091,5/14(火) 19:30
mvwalk,MOVIE WALKER PRESS,日本デビュー10周年！“BTS”映画3作品をリバイバル上映する「BTS RETROSPECTIVE in Cinema 2024」開催,https://news.yahoo.co.jp/articles/3b873bcdf278827e953d694ebd0d83c6beeaf1b3,5/14(火) 19:00
mvwalk,MOVIE WALKER PRESS,サーチライト・ピクチャーズらしい風変わりなロマンス『グレイテスト・ヒッツ』のキャスト＆監督が語る、”音楽”の威力と、過去を手放す力,https://news.yahoo.co.jp/articles/ae3ad4b91c8ce749385a121b4d1572082d775b8b,5/14(火) 18:30
mvwalk,MOVIE WALKER PRESS,アジアで100万人動員突破！『青春18×2 君へと続く道』第2弾来場者プレゼントの配布が決定,https://news.yahoo.co.jp/articles/4f755634641a86061c640bc6f2aae16ede946de5,5/14(火) 18:00
mvwalk,MOVIE WALKER PRESS,“2匹の猿”が垣根を超えてコラボ！『猿の惑星』×「ダーウィン事変」特別ビジュアルが公開,https://news.yahoo.co.jp/articles/c08e663b6a90582eb80268557031a093e1a3b4d5,5/14(火) 17:00
mvwalk,MOVIE WALKER PRESS,杉咲花＆萩原利久が2度目の共演！『朽ちないサクラ』捜査をともにするバディカット,https://news.yahoo.co.jp/articles/f2eedf9dab18b1505d58dfc48d4672bfb63e3492,5/14(火) 12:00
mvwalk,MOVIE WALKER PRESS,『余命一年の僕が、余命半年の君と出会った話。』主題歌がsuis from ヨルシカがカバーする「若者のすべて」に,https://news.yahoo.co.jp/articles/c4af01cd4ce2628bdc4935fbf42b0026fe5ca0a8,5/14(火) 7:00
mvwalk,MOVIE WALKER PRESS,鈴木おさむ原作＆脚本『僕らは人生で一回だけ魔法が使える』制作決定！主演はFANTASTICS八木勇征,https://news.yahoo.co.jp/articles/8424d4d80f3f6000cc7b9dad7e5768b936250d42,5/14(火) 5:00
mvwalk,MOVIE WALKER PRESS,大泉洋と松村北斗が一触即発!?『ディア・ファミリー』舞台挨拶で会場爆笑,https://news.yahoo.co.jp/articles/53693923034637e10ef22818ba16cc3f70a318f3,5/13(月) 23:13
mvwalk,MOVIE WALKER PRESS,新章の幕開けを描く『猿の惑星／キングダム』が初登場！シリーズ6年ぶりV5達成の『名探偵コナン』を猛追,https://news.yahoo.co.jp/articles/3fb1c4d8609ad5765cfb2c6c6bc50ff741a14540,5/13(月) 20:15
mvwalk,MOVIE WALKER PRESS,「ベルグレービア 新たなる秘密」ハリエット・スレーターら人気キャストやスタッフのインタビュー映像,https://news.yahoo.co.jp/articles/abd1a60a421e7afd81ae6e42072ae2e08e3b74e0,5/13(月) 19:30
mvwalk,MOVIE WALKER PRESS,公開目前！『ボブ・マーリー:ONE LOVE』世界中のミュージシャンが愛を歌う特別映像,https://news.yahoo.co.jp/articles/9d1f76b704fdd41b9fbd79c1c6fd63915cccd799,5/13(月) 19:00
mvwalk,MOVIE WALKER PRESS,韓国気鋭のホラー監督たちが集結！『怪談晩餐』身の毛もよだつシーンを切り取った予告映像が到着,https://news.yahoo.co.jp/articles/921d9bfd9fc7953fcc3894e0d449b6acec3a411a,5/13(月) 11:00
mvwalk,MOVIE WALKER PRESS,やす子「テンションHIGH～！」な声優デビュー！長編アニメ『きみの色』悠木碧、寿美菜子、戸田恵子ら出演決定,https://news.yahoo.co.jp/articles/4252cf9e082dd36d695c396fa73466070d16135b,5/13(月) 5:00
mvwalk,MOVIE WALKER PRESS,『破墓 パミョ』『ソウルの春』「ムービング」が躍進！第60回百想芸術大賞授賞結果＆名スピーチを紹介,https://news.yahoo.co.jp/articles/374a08700a0b92fdbffcba20843c6552f4d3b421,5/12(日) 22:30
mvwalk,MOVIE WALKER PRESS,シルヴェスター・スタローン役は誰に？ボクシング映画の傑作『ロッキー』の舞台裏が映画化決定,https://news.yahoo.co.jp/articles/0b683b256f350fb8c835b03699ac966b4e510e62,5/12(日) 21:00
mvwalk,MOVIE WALKER PRESS,新作も公開！フィギュアで集結した『猿の惑星』1作目の個性豊かな猿たち,https://news.yahoo.co.jp/articles/7d5437511f0d43c34ec58960d7250a7f1583312d,5/12(日) 20:30
mvwalk,MOVIE WALKER PRESS,あらゆる“デスゲーム”作品に影響を与えたスティーヴン・キング「死のロングウォーク」映画化プロジェクトが一歩前進か？,https://news.yahoo.co.jp/articles/e4145f4607bfe5402ed18ec1e17e71bd0f309a69,5/12(日) 19:30
mvwalk,MOVIE WALKER PRESS,「ロード・オブ・ザ・リング」新作実写映画が正式に始動！ゴラムにフォーカスを当て、2026年公開へ,https://news.yahoo.co.jp/articles/8154778fa17becb89df02c42c1128e64951a6dc8,5/12(日) 18:00
mvwalk,MOVIE WALKER PRESS,「ウマ娘」ってどんな作品？『劇場版ウマ娘 プリティーダービー 新時代の扉』に向けて世界観やキャラクターを解説,https://news.yahoo.co.jp/articles/be403fd0b33d6936ab3b9738b032e0fe8e6c8551,5/12(日) 17:30
mvwalk,MOVIE WALKER PRESS,『陰陽師0』は「何回観てもおもしろい」佐藤嗣麻子監督らが安倍晴明の魅力を語る,https://news.yahoo.co.jp/articles/366365711052f0bcc764bd04d1bd5d677025003b,5/12(日) 16:52
mvwalk,MOVIE WALKER PRESS,酒井麻衣監督＆伊藤万理華主演のビザールラブストーリー『チャチャ』10月に公開決定！,https://news.yahoo.co.jp/articles/ddcdffc31b2e925e8933f4cf600c8c932ee15c01,5/12(日) 12:00
mvwalk,MOVIE WALKER PRESS,報道のエキスパート・笠井信輔が語る。『ミッシング』があぶり出す、テレビマンの葛藤とマスコミのリアル,https://news.yahoo.co.jp/articles/077564aafb155eddc003a1cd3493c74cb5882276,5/12(日) 10:30
mvwalk,MOVIE WALKER PRESS,『マッドマックス：フュリオサ』の注目ポイントをファイナル予告から読み解く！イモータン・ジョーの姿を収めた新規場面写真も,https://news.yahoo.co.jp/articles/fe9694dc01ae6acf8200a58de5e3a5f4de579f76,5/12(日) 10:00
mvwalk,MOVIE WALKER PRESS,早くもシーズン2が決定した「フォールアウト」や「SHOGUN 将軍」「忍びの家」など一気観したい配信ドラマたち,https://news.yahoo.co.jp/articles/ce8c3774f26f057910d34466b95fc0b777b6b42b,5/12(日) 8:30
mvwalk,MOVIE WALKER PRESS,「観客が翌朝も頭を抱えていてほしい」…北欧ホラー『胸騒ぎ』監督が明かす、“悪夢的世界”の裏側,https://news.yahoo.co.jp/articles/d6104e5b5c7ebc86118e1f707d69d2fa4feccc30,5/11(土) 20:30
mvwalk,MOVIE WALKER PRESS,マーベル不在の北米サマーシーズンは、ライアン・ゴズリング主演作で幕開け！濱口竜介監督の最新作も初登場,https://news.yahoo.co.jp/articles/2ae32d73e27e699694586e2c92a9813030ab64ef,5/11(土) 20:00
mvwalk,MOVIE WALKER PRESS,高山一実、『トラペジウム』“生みの親”としてカーネーション受け取り「いい出会いに感謝」と笑顔！木全翔也はキャラになりきりメガネ＆白シャツで登場,https://news.yahoo.co.jp/articles/4682a2e964d9bea3329a77f0daf23009b5656265,5/11(土) 19:35
mvwalk,MOVIE WALKER PRESS,猿たちはいかに進化し、地上の支配者となったのか!?『猿の惑星／キングダム』につながるリブート版三部作を振り返り,https://news.yahoo.co.jp/articles/91fd8c6e25f3df83e5d36f3c15018251f14284b9,5/11(土) 19:30
mvwalk,MOVIE WALKER PRESS,新世代スターの共演に絶好のロケーション！“ロマコメ新時代”の到来を告げる『恋するプリテンダー』はなぜ旋風を巻き起こしたのか,https://news.yahoo.co.jp/articles/df22f6f38aeb86399868af7ba2be366bec4c62cb,5/11(土) 18:30
mvwalk,MOVIE WALKER PRESS,『マッドマックス』最新作で若き日のフュリオサ役に抜擢！活躍光るアニャ・テイラー＝ジョイの”これまで”に迫る,https://news.yahoo.co.jp/articles/155352c27bb67b4c64e8b6a5bb33bf090e1e12c4,5/11(土) 17:30
mvwalk,MOVIE WALKER PRESS,シリーズならではの視点も生きた力作『猿の惑星／キングダム』など週末観るならこの3本！,https://news.yahoo.co.jp/articles/5370bf0c983a6e787a765d59f3aa0eb0e84b8e75,5/11(土) 14:30
mvwalk,MOVIE WALKER PRESS,見上愛、『不死身ラヴァーズ』松居大悟監督からのサプライズ手紙に涙！「この組で、この作品を撮れたことが幸せ」,https://news.yahoo.co.jp/articles/4b1ce7d4a7f2ff766d717141de8753bee6f595d0,5/11(土) 13:48
mvwalk,MOVIE WALKER PRESS,ボブ・マーリーの命日に『ボブ・マーリー:ONE LOVE』から極上の歌唱シーンをお届け！,https://news.yahoo.co.jp/articles/8549b3ef17b96589f5e21f9a04b0ae5220e5c21d,5/11(土) 9:00
mvwalk,MOVIE WALKER PRESS,京本大我「ボロボロ泣きました」『言えない秘密』SixTONESが歌う主題歌が響く本予告,https://news.yahoo.co.jp/articles/bcbb7d9c6b46d8ac6e7a6adb842b3b1d22735bed,5/11(土) 8:00
mvwalk,MOVIE WALKER PRESS,“騒音ドライブ”に悲鳴が…話題の北欧ホラーは不快指数MAX！,https://news.yahoo.co.jp/articles/30407bb765401d6c34443b1d2d0f4e78206cfe99,5/10(金) 21:30
mvwalk,MOVIE WALKER PRESS,『猿の惑星／キングダム』ウェス・ボール監督、人気YouTuberサワヤンと“猿に支配された”渋谷に降臨！,https://news.yahoo.co.jp/articles/3e35d217c1ecad82abbeded80a176ff6cc97944b,5/10(金) 20:30
mvwalk,MOVIE WALKER PRESS,松本幸四郎＆市川染五郎が刀に込めた想い『鬼平犯科帳 血闘』公開記念舞台挨拶で殺陣シーンのこだわりを告白！,https://news.yahoo.co.jp/articles/1c2623350bc82f7fdef3a1c11dd719aaeda46f68,5/10(金) 19:49
mvwalk,MOVIE WALKER PRESS,ジミーの足跡で「青春にサヨナラを告げる旅」をたどる『青春18×2 君へと続く道』聖地巡礼【日本編】,https://news.yahoo.co.jp/articles/59051b19ea7592db18a6e97e7cb96c3e1c6fe76a,5/10(金) 19:30
mvwalk,MOVIE WALKER PRESS,旅心を大いにくすぐられる『青春18×2 君へと続く道』など週末観るならこの3本！,https://news.yahoo.co.jp/articles/90744f5559f8aeaa75b7d3f2c921d861533aa0e8,5/10(金) 19:00
mvwalk,MOVIE WALKER PRESS,横浜流星はロケハンから参加。“村社会”としての日本が抱える問題を描いた『ヴィレッジ』の圧倒的熱量の理由とは？,https://news.yahoo.co.jp/articles/9fcfea888a1cde58315d1be90463c7ae43e90196,5/10(金) 18:30
mvwalk,MOVIE WALKER PRESS,"本日公開の『トラペジウム』高山一実＆西野七瀬の仲良しコンビ""たかせまる""の共演が実現！",https://news.yahoo.co.jp/articles/6e909200b7caf30e9ca11df93d36590a7f189a3a,5/10(金) 18:00
mvwalk,MOVIE WALKER PRESS,作家・松久淳が好きな俳優第2位、ユ・ヘジン主演のラブコメについて熱く語る！,https://news.yahoo.co.jp/articles/68cd9ec46fcc6742f971c785b156ece627b27ce3,5/10(金) 17:30
mvwalk,MOVIE WALKER PRESS,「角川シネマコレクション」にて黒沢清監督作『蛇の道』、『回路』の本編プレミア公開決定！,https://news.yahoo.co.jp/articles/45dd2c0446d81c1dbc758a69b3064056df3bf859,5/10(金) 17:00
mvwalk,MOVIE WALKER PRESS,ジャッキー・チェンの超絶アクションを4Kで堪能！最新作で演じるのは“伝説の元スタントマン”,https://news.yahoo.co.jp/articles/470cd4643b2cb296f865089eacee0e01b56aadc6,5/10(金) 16:13
mvwalk,MOVIE WALKER PRESS,何色にでも染まれる見上愛の”真っ白さ”に注目！『不死身ラヴァーズ』でも変幻自在の魅力爆発,https://news.yahoo.co.jp/articles/08f905d179f5cb3e53d257b8bf3ce3e64d825037,5/10(金) 12:30
mvwalk,MOVIE WALKER PRESS,『恋するプリテンダー』も公開！『ツイスターズ』出演、グレン・パウエルの戦いを振り返る,https://news.yahoo.co.jp/articles/8e7ebc6a72a937bff1da521242390a49609616f4,5/10(金) 12:00
mvwalk,MOVIE WALKER PRESS,本日公開！『猿の惑星／キングダム』特別映像で監督＆キャストが見どころを語る,https://news.yahoo.co.jp/articles/c06806a57dbf351d95441936e536bb89c63de1c0,5/10(金) 9:00
mvwalk,MOVIE WALKER PRESS,「K2 Pictures」が日本発の映画製作ファンド設立へ！岩井俊二、是枝裕和ら映画製作を進めるクリエイター陣が発表,https://news.yahoo.co.jp/articles/825f3d2c85fbbc92f68fa425f3021d1b225eb48c,5/10(金) 7:00
mvwalk,MOVIE WALKER PRESS,入プレは日本限定のステッカーに！『マッドマックス：フュリオサ』超ド迫力のファイナル予告,https://news.yahoo.co.jp/articles/ea678c0ac688c8902a3a2cfde24fa036f7ad37ec,5/10(金) 7:00
mvwalk,MOVIE WALKER PRESS,堂本剛が27年ぶりに映画主演！『まる』ティザービジュアル＆特報映像も公開に,https://news.yahoo.co.jp/articles/b4f358cebecbba7868d1371371db60186545fa01,5/10(金) 7:00
mvwalk,MOVIE WALKER PRESS,森田剛主演『劇場版 アナウンサーたちの戦争』公開決定！戦時中のアナウンサーたちの葛藤と苦悩を描く,https://news.yahoo.co.jp/articles/ceb04d7f0125d9077994bb432fe0cbc707ed74fe,5/10(金) 7:00
mvwalk,MOVIE WALKER PRESS,大都市に無数の“なにか”が襲来！絶望も緊張感もアップした『クワイエット・プレイス：DAY 1』予告映像,https://news.yahoo.co.jp/articles/6968d089966ee6ac2a786d911265e3113d1b84fe,5/9(木) 22:00
mvwalk,MOVIE WALKER PRESS,新垣結衣「原作が大好きで思い入れがあります！」主演映画『違国日記』完成披露舞台挨拶で笑顔,https://news.yahoo.co.jp/articles/4e5232e7e1763ecd2e2955048e8ec7371ae6e479,5/9(木) 21:04
mvwalk,MOVIE WALKER PRESS,藤井道人が自身初の国際プロジェクトをチャン・チェンと語り合う「この物語の感動を次世代の役者やフィルムメーカーに伝えたい」,https://news.yahoo.co.jp/articles/c1ce8a0bd6cc3adef07ba98e2535e10fe1233236,5/9(木) 20:30
mvwalk,MOVIE WALKER PRESS,山崎賢人『陰陽師0』で呪文と同時に印を結ぶ仕草に苦労したことを告白！原作者の夢枕獏も“若き安倍晴明”に太鼓判,https://news.yahoo.co.jp/articles/1e9b38d81b55085539c384023602c84ee9f4b205,5/9(木) 20:00
mvwalk,MOVIE WALKER PRESS,”芸人になる夢”は「叶えたあとも、ずーっと楽しい」と語るニューヨークが、『トラペジウム』高山一実が描いたアイドル像に感服！「只者じゃないです、あの人は」,https://news.yahoo.co.jp/articles/ea99cfe6d68ec2801c4aaa2a492d1e8833f3be55,5/9(木) 19:45
mvwalk,MOVIE WALKER PRESS,「美しく素敵な存在を大人にも信じてほしい」『ブルー きみは大丈夫』監督＆キャストらが熱い想いを語る,https://news.yahoo.co.jp/articles/738e821170f0895c0cce04cf349c851dd85b3e51,5/9(木) 18:00
mvwalk,MOVIE WALKER PRESS,「挑戦できることが喜び」柴咲コウがフランス語で挑んだ『蛇の道』撮影の思い出を振り返る！,https://news.yahoo.co.jp/articles/6ce0e3137998c48a35ed3d52765262729d07ad92,5/9(木) 18:00
mvwalk,MOVIE WALKER PRESS,石原さとみ「母としての実体験が活きている」主演映画『ミッシング』公開直前“母の日”特別試写会で、心境の変化を吐露,https://news.yahoo.co.jp/articles/20b9cc14e827646a7fc25a4952232c02f6c7a332,5/9(木) 16:00
mvwalk,MOVIE WALKER PRESS,『トラペジウム』夢に取り憑かれた少女、ゆうの狂気が垣間見える最新予告映像,https://news.yahoo.co.jp/articles/e16f1951959c68a8cebc30d19d6c77c21b43970c,5/9(木) 12:00
mvwalk,MOVIE WALKER PRESS,“覗き見”リアリティーホラー『ザ・ウォッチャーズ』5つの“最恐”ポイントとは？,https://news.yahoo.co.jp/articles/d9e52ed70b714478b0b5c420a8f5a844e00fbe74,5/9(木) 12:00
mvwalk,MOVIE WALKER PRESS,「猿の惑星」初心者がいきなり最新作を観てみたら？「猿にすごく感情移入した…」,https://news.yahoo.co.jp/articles/837221ff07a9464aadb9728de566334f1e504668,5/9(木) 11:30
mvwalk,MOVIE WALKER PRESS,物語は誰も知らない劇場版オリジナルラストへ！『デデデデ』後章から総勢12名を写したキャラクターポスター公開,https://news.yahoo.co.jp/articles/42146121ac8da6eb4b177fc3974722bf9388f293,5/9(木) 10:00
mvwalk,MOVIE WALKER PRESS,『逃走中 THE MOVIE』新たな逃走者発表！ダイアン津田、ハリー杉山、景井ひなら総勢10名が参戦,https://news.yahoo.co.jp/articles/2dca8e8830c02200f2479b1495ed61f08d98f069,5/9(木) 8:00
mvwalk,MOVIE WALKER PRESS,松山ケンイチ＆染谷将太W主演「聖☆おにいさん」初の実写映画化！最新ビジュアル＆座談会映像も公開,https://news.yahoo.co.jp/articles/c87b4ee774e291c1218951a80bc619753283fc01,5/9(木) 4:00
mvwalk,MOVIE WALKER PRESS,『猿の惑星／キングダム』ウェス・ボール監督、竹内力＆小松未可子＆松岡禎丞の生セリフと伝統工芸“猿面”に感動「日本大好き」,https://news.yahoo.co.jp/articles/3bae27ba8753dae52e5587d777c33679968704d7,5/8(水) 20:50
mvwalk,MOVIE WALKER PRESS,『トラペジウム』で描かれる、アイドル活動の悲喜こもごもに3時のヒロインも共感！「キラキラしたことが本当に一夜で始まって、全然実感がなかった」,https://news.yahoo.co.jp/articles/445acc41ea777d382012de1d2e8db188dee5cf3d,5/8(水) 20:30
mvwalk,MOVIE WALKER PRESS,『数分間のエールを』リリックビデオ企画第3弾は菅原圭が歌う「ナイト・アンド・ダーク」,https://news.yahoo.co.jp/articles/a31d686cd270c2067904c12502e37141bb1a238f,5/8(水) 20:00
mvwalk,MOVIE WALKER PRESS,ソン・ガンホ、「サムシクおじさん」で人生初のドラマ出演！“新人”としての会見に「緊張しています」と笑顔,https://news.yahoo.co.jp/articles/87437133be904aedabba092ffd173ed8ea48b03d,5/8(水) 19:37
mvwalk,MOVIE WALKER PRESS,奈緒演じる、物語の鍵を握る人物さゆりとは？『告白 コンフェッション』新場面写真,https://news.yahoo.co.jp/articles/ad2a6c59be38c4e977dc6b9ae887285bf77c506a,5/8(水) 18:00
mvwalk,MOVIE WALKER PRESS,1位は『トラペジウム』！今週公開作品のMOVIE WALKER会員“みたい映画”ランキングを発表！,https://news.yahoo.co.jp/articles/89cfe864d9311374982adf05bba115143a05a5dd,5/8(水) 15:30
mvwalk,MOVIE WALKER PRESS,『青春18×2 君へと続く道』ジミーとアミの青春＆一期一会の出会いを捉えたバリエーションビジュアル,https://news.yahoo.co.jp/articles/a82e8fe79eea6768034b04ed4c255c870a0dfcc1,5/8(水) 15:00
mvwalk,MOVIE WALKER PRESS,心震える予告編完成！『化け猫あんずちゃん』青木崇高、市川実和子ら追加キャストも発表,https://news.yahoo.co.jp/articles/23653edd3debe04e19be153f2821b8fbc3c50f6e,5/8(水) 7:00
mvwalk,MOVIE WALKER PRESS,『マッドマックス：フュリオサ』宣伝部隊長Matt、長谷川雅紀、小峠英二がウォーボーイズ役で参戦,https://news.yahoo.co.jp/articles/afba6d34b8e6d34663e8e1d73f265c96fc95d2f9,5/8(水) 7:00
mvwalk,MOVIE WALKER PRESS,ムファサ王の“始まりの物語”が明らかに！『ライオン・キング：ムファサ』12月日本公開決定、特報＆ポスターも,https://news.yahoo.co.jp/articles/195e79f05307a570399dd14d2c7f943139ded724,5/8(水) 6:00
mvwalk,MOVIE WALKER PRESS,杏、母の日のサプライズ花束に「泣けてきます」8年ぶり主演映画『かくしごと』舞台挨拶で中須翔真をハグ！,https://news.yahoo.co.jp/articles/7c859c564b66dcc3db5039579d69939e1787d7de,5/7(火) 21:40
mvwalk,MOVIE WALKER PRESS,『名探偵コナン 100万ドルの五稜星』が前作超え確実の勢いでGWを圧勝！“魔の5月”のジンクスを打ち破れるか,https://news.yahoo.co.jp/articles/bd9083ec157b4ff9d69be3e2104469a8f0e667cf,5/7(火) 21:00
mvwalk,MOVIE WALKER PRESS,『好きでも嫌いなあまのじゃく』＆「ずっと真夜中でいいのに。」スペシャルコラボ主題歌PV公開！,https://news.yahoo.co.jp/articles/08b2cf04fe28d7b5053883623b7b06b45d5d3d74,5/7(火) 18:00
mvwalk,MOVIE WALKER PRESS,IMAXなど全11バージョンで上映決定！『猿の惑星／キングダム』ラージフォーマット版ポスターがお披露目,https://news.yahoo.co.jp/articles/a5d5a28a2ac36d860d833d7de75b121748fe0eff,5/7(火) 17:00
mvwalk,MOVIE WALKER PRESS,河合優実の覚悟の熱演が光る！入江悠監督最新作『あんのこと』新規場面写真,https://news.yahoo.co.jp/articles/aed8c0007df84b25e71f7e5c9d4b198630fbeaa2,5/7(火) 17:00
mvwalk,MOVIE WALKER PRESS,世界中で話題になった「ムービング」や「涙の女王」がノミネート！第60回百想芸術大賞の有力候補をチェック【ドラマ編】,https://news.yahoo.co.jp/articles/b063dbbd258ad172e3d4c7922148459388447c7f,5/6(月) 20:30
mvwalk,MOVIE WALKER PRESS,ウィル・スミスとマーティン・ローレンス思いを馳せる『バッドボーイズ RIDE OR DIE』シリーズを振り返る特別映像,https://news.yahoo.co.jp/articles/9f0ca22c8432abb1aeaa053b799900dab3a4ca57,5/6(月) 19:00
mvwalk,MOVIE WALKER PRESS,観客動員1000万人超えの『破墓 パミョ』と『ソウルの春』が激突！第60回百想芸術大賞の有力候補をチェック【映画編】,https://news.yahoo.co.jp/articles/61b0172a56b53fbce28065e4f1d6e7eec42491e0,5/6(月) 18:00
mvwalk,MOVIE WALKER PRESS,「NIKKE」「ブルアカ」から「葬送のフリーレン」まで！「ニコニコ超会議2024」を沸かせたハイレベル・コスプレイヤー20選,https://news.yahoo.co.jp/articles/9bfeac66b0acfd3fd8508042a540194b9f7c42e0,5/6(月) 17:30
mvwalk,MOVIE WALKER PRESS,『青春18×2』は藤井道人監督を支える2人のクリエイターに注目！映像と音楽で彩られる、唯一無二の世界観,https://news.yahoo.co.jp/articles/4be659234c1858c1881f88013b6650cdd727da4f,5/6(月) 16:30
mvwalk,MOVIE WALKER PRESS,GWの大阪を血しぶきで染め上げる！ホラーな殺人鬼が「大阪コミコン」に集結,https://news.yahoo.co.jp/articles/68c9bdc5bbf9f72b64e9636d4be09350aff43075,5/6(月) 15:30
mvwalk,MOVIE WALKER PRESS,今年注目のホラー映画は？「大阪“怖(こわ)”コン」でホラーを愛する有識者たちがいま一番気になる作品を紹介！,https://news.yahoo.co.jp/articles/5725ed670f8abd839f18bb1cafae3c198a992d71,5/6(月) 10:28
mvwalk,MOVIE WALKER PRESS,マッツ・ミケルセンにトム・ヒドルストン… セレブ勢ぞろいの豪華過ぎる「大阪コミコン2024」が閉幕！,https://news.yahoo.co.jp/articles/b63802f6016e69585f515460761883561c22a569,5/6(月) 9:30
mvwalk,MOVIE WALKER PRESS,“最強vs最強”のドリームバトル『範馬刃牙VSケンガンアシュラ』対戦カードが発表！,https://news.yahoo.co.jp/articles/5d7e3ccf0e23580e6fec64d5cbbe0c4eb4f04ee1,5/6(月) 8:00
mvwalk,MOVIE WALKER PRESS,清水崇監督が自身のホラー映画最新作『あのコはだぁれ？』に渋谷凪咲を起用した理由とは？,https://news.yahoo.co.jp/articles/004697dff3ec7736137702849d5f4b88bc936f3a,5/5(日) 21:25
mvwalk,MOVIE WALKER PRESS,被害者は50人以上…数々の映画のモチーフにもなった“ロシア史上最悪の殺人鬼”とは？,https://news.yahoo.co.jp/articles/4a36206782d2ee9c433b122990824df2f44b593f,5/5(日) 20:30
mvwalk,MOVIE WALKER PRESS,アダム・ウィンガード監督が明かす、“昭和ゴジラ”へのリスペクトと新たな挑戦「怪獣映画のすべてをやり尽くした」,https://news.yahoo.co.jp/articles/91718cccb47596653039f59c29f5df827bf25bb4,5/5(日) 19:30
mvwalk,MOVIE WALKER PRESS,GWにチェックしよう！「ゴジラ」に「SHOGUN 将軍」、世界から熱視線を集める日本コンテンツ,https://news.yahoo.co.jp/articles/5577fc8c3c018e5c20c926a9da0fb5d9fa582b53,5/5(日) 19:00
mvwalk,MOVIE WALKER PRESS,「サイコーな日だぜ！」「私を覚えてる？」名ゼリフでたどる“マッドマックス・サーガ”！最新作『フュリオサ』にはどんな名ゼリフが？,https://news.yahoo.co.jp/articles/8477ec537ebad82cf223b8f5ba917833462d471b,5/5(日) 18:30
mvwalk,MOVIE WALKER PRESS,マッツ・ミケルセンが大阪コミコンに登場！サプライズ登壇のノーマン・リーダスや小島秀夫監督との「DEATH STRANDING」スリーショットに黄色い悲鳴,https://news.yahoo.co.jp/articles/00cfb16bf3fa028fbbd4dcec51bd96cc0d939f80,5/5(日) 17:17
mvwalk,MOVIE WALKER PRESS,「名探偵コナン」山口勝平＆堀川りょうが語り合う、キッド＆平次への想い。彼らと歩んだ“これまで”と“これから”,https://news.yahoo.co.jp/articles/99678650ec2502db93c7aa322d4ad4fe60683f9a,5/5(日) 15:30
mvwalk,MOVIE WALKER PRESS,BTSのSUGAが生き様を体現した、ファン熱狂のコンサート『SUGA Agust D TOUR ‘D-DAY’ THE MOVIE』をARMYライターがレビュー！,https://news.yahoo.co.jp/articles/d9a1f22082ec54ffb66da1139f993c5d342678aa,5/5(日) 14:30
mvwalk,MOVIE WALKER PRESS,“アクアマン”ジェイソン・モモアが「I Love Japan！」と連呼し大阪コミコン2024に登場！日本食への愛も語った,https://news.yahoo.co.jp/articles/4d3de23d66a511f64606e73b320a669fb98f2594,5/5(日) 12:30
mvwalk,MOVIE WALKER PRESS,『青春18×2 君へと続く道』シュー・グァンハン＆清原果耶、道枝駿佑らのインタビューを収めたメイキング映像,https://news.yahoo.co.jp/articles/9cdc1c78b73631931093b900f86a7b554aa62ec4,5/5(日) 12:00
mvwalk,MOVIE WALKER PRESS,『猿の惑星／キングダム』スペシャルステージで悪役、プロキシマス・シーザーの魅力を竹内力が力説！「猿の世界をよりよくしようとし、彼なりの正義がある」,https://news.yahoo.co.jp/articles/d551f72a5769b791831aa1a5dbf1306e409e2b71,5/5(日) 10:30
mvwalk,MOVIE WALKER PRESS,ダークサイドの視点から描くドラマシリーズ「スター・ウォーズ：アコライト」予告＆キービジュアルが全世界解禁,https://news.yahoo.co.jp/articles/051c59baf60aa54496866936fb1d44c5929f3c3b,5/5(日) 9:30
mvwalk,MOVIE WALKER PRESS,ブラムハウス大解剖！観逃したらもったいない、粒ぞろいの劇場未公開作,https://news.yahoo.co.jp/articles/8173a918af39aa7f38ccfa88747c0bae2f72b718,5/5(日) 8:30
mvwalk,MOVIE WALKER PRESS,ブラムハウス大解剖！ギネス級の低予算から“ホラーの金字塔”まで、人気シリーズを総ざらい,https://news.yahoo.co.jp/articles/260bb480918666f72330e26c392c1c0433e19877,5/4(土) 22:30
mvwalk,MOVIE WALKER PRESS,ブラムハウス大解剖！クリエイター至上主義が可能にした、野心的ホラーたち,https://news.yahoo.co.jp/articles/8f058f4bb3521681264d77358d42d4dad210a1f0,5/4(土) 21:30
mvwalk,MOVIE WALKER PRESS,トニー・レオン主演『無名』の舞台にも…スパイ合戦が繰り広げられた“魔都”上海,https://news.yahoo.co.jp/articles/fffc993d96adb5548c6658056f0a6b78f787582c,5/4(土) 20:30
mvwalk,MOVIE WALKER PRESS,公開25周年記念！何個知ってる？『スター・ウォーズ／ファントム・メナス (エピソード1)』トリビア10選,https://news.yahoo.co.jp/articles/51da57e0b43224cb048b14a5ed395f8f417e8a97,5/4(土) 19:30
mvwalk,MOVIE WALKER PRESS,『恋するプリテンダー』で新世代スターが大はしゃぎ！グレン・パウエルがなぜか全裸に…？爆笑＆ラブラブハイキングシーンの舞台裏,https://news.yahoo.co.jp/articles/08cde0b7934bd43d366300cceb3e69ddbc4efe88,5/4(土) 19:00
mvwalk,MOVIE WALKER PRESS,『悪は存在しない』で濱口監督と再びコラボレート。物語を想像する余白を作る石橋英子の音楽,https://news.yahoo.co.jp/articles/fa2d8c880d5ec5fc88ea3886f89199a1f300acde,5/4(土) 18:30
mvwalk,MOVIE WALKER PRESS,大阪コミコン2024でノーマン・リーダスが明かしたダリル役への想い「成長に伴うボディランゲージの移り変わりを意識していた」,https://news.yahoo.co.jp/articles/3e9b5b5a2ce08a0dc86c555e16773bbcba76743f,5/4(土) 18:15
mvwalk,MOVIE WALKER PRESS,「怪獣8号」から「NIKKE」「ドラクエ」ヒロインまで！「ニコニコ超会議2024」を彩ったハイレベル・コスプレイヤー20選,https://news.yahoo.co.jp/articles/797f7927d0ead8aab8f0e1a2380ba7bd24c97ae9,5/4(土) 17:30
mvwalk,MOVIE WALKER PRESS,「大阪コミコン」はホラーにも注目！“怖”コンステージ＆『クワイエット・プレイス：DAY 1』ムビチケ販売も,https://news.yahoo.co.jp/articles/c3737750ab98fe2d51fa56c2b28bcadf27bc2efc,5/4(土) 13:00
mvwalk,MOVIE WALKER PRESS,『青春18×2  君へと続く道』『言えない秘密』心に響く青春ラブストーリーが示す日本×台湾の爽やかな親和性,https://news.yahoo.co.jp/articles/b0ad5fb0616faaa233f299f42cb21ff3e3109fd7,5/4(土) 12:30
mvwalk,MOVIE WALKER PRESS,大阪コミコン2024で抑えておきたいスポットを一挙紹介！貴重な映画小道具や『デッドプール』関連のフォトスポットも,https://news.yahoo.co.jp/articles/e27ced2d200cb4da65c9791c4aae7b0eaf226e8f,5/4(土) 7:30
mvwalk,MOVIE WALKER PRESS,ハリウッドの街が猿に支配される…『猿の惑星／キングダム』ワールドプレミア開催＆監督の来日が決定！,https://news.yahoo.co.jp/articles/ea6d2d7c756abb2888565b17ac8b3362af15a33c,5/3(金) 22:34
mvwalk,MOVIE WALKER PRESS,舘ひろし＆柴田恭兵、『あぶない刑事』最強バディの復活に笑顔！「最後までノリノリで観て」,https://news.yahoo.co.jp/articles/7db3e6f97e20d7fcc904357d25bd85d8052646fd,5/3(金) 22:11
mvwalk,MOVIE WALKER PRESS,シャマラン親子が放つ『ザ・ウォッチャーズ』こがけんが特別予告のナレーションを担当！収録中に“監視”ドッキリも!?,https://news.yahoo.co.jp/articles/fa08b49ea580caeef1f9da804e4f8fcb1675abbe,5/3(金) 22:00
mvwalk,MOVIE WALKER PRESS,『あぶ刑事』舘ひろし＆柴田恭兵＆浅野温子＆仲村トオルが横浜に降臨！「帰ってまいりました」宣言にファンが「おかえり！」の大合唱,https://news.yahoo.co.jp/articles/915701e42efca3498d45f4973527e49aead5485a,5/3(金) 21:46
mvwalk,MOVIE WALKER PRESS,5月4日は“スター・ウォーズの日”！「アソーカ」のフィギュアで楽しむSWの世界,https://news.yahoo.co.jp/articles/ba206ddc66bf992020d569c18916da92801e2001,5/3(金) 20:30
mvwalk,MOVIE WALKER PRESS,5月4日は“スター・ウォーズの日”！「アソーカ」のフィギュアで楽しむSWの世界,https://news.yahoo.co.jp/articles/ba206ddc66bf992020d569c18916da92801e2001,5/3(金) 20:30
mvwalk,MOVIE WALKER PRESS,『猿の惑星／キングダム』の世界観が“映画紹介マンガ”で丸わかり！人間と猿はどうして争っているの？,https://news.yahoo.co.jp/articles/11d93c9460d1c2d66a9a2c96599a6e6a9e495ec3,5/3(金) 19:30
mvwalk,MOVIE WALKER PRESS,藤井道人監督の作家性、恋愛映画の醍醐味、シュー・グァンハンの“素顔”…『青春18×2 君へと続く道』の魅力を徹底解説！,https://news.yahoo.co.jp/articles/9de016a5aafcf3297fa5dcb5bcd6eb26d4c67ada,5/3(金) 18:30
mvwalk,MOVIE WALKER PRESS,ゼンデイヤ主演『チャレンジャーズ』が北米No.1スタート！配信では“第二の『Saltburn』”となれるのか,https://news.yahoo.co.jp/articles/82231e50bb33beaa9d63b5d489673c3f152f028b,5/3(金) 18:00
mvwalk,MOVIE WALKER PRESS,「それを着た瞬間に泣きそうに」『哀れなるものたち』の斬新かつ優美な衣裳はこうして生まれた！,https://news.yahoo.co.jp/articles/1dd09200d60eed184b40f2fd11ffbba98bb8d359,5/3(金) 17:30
mvwalk,MOVIE WALKER PRESS,渋谷で最強を手に入れろ！ここでしか買えない先行グッズもお目見え「コカ・コーラ×マーベル：ザ・ヒーローズ」が期間限定開催,https://news.yahoo.co.jp/articles/296f4e4d9feb3ce4aa4534243777c7931faa00e0,5/3(金) 17:13
mvwalk,MOVIE WALKER PRESS,マッツ・ミケルセン、ノーマン・リーダスらが鏡割りに挑戦！豪華海外スター集結の「大阪コミコン2024」がスタート,https://news.yahoo.co.jp/articles/41d0a9d3508fd92059f9f01ba9352b24eff97219,5/3(金) 17:05
mvwalk,MOVIE WALKER PRESS,藤井道人監督「全世界どこにでもきっと青春というものがあったんだな」『青春18×2 君へと続く道』反響に感慨,https://news.yahoo.co.jp/articles/8045769dcbb29a11e84f45d03c853ba13d6c08ea,5/3(金) 13:23
mvwalk,MOVIE WALKER PRESS,星街すいせい、sakuma.が参加！MAISONdesプロデューサーに聞く映画『トラペジウム』主題歌へのアプローチとは？,https://news.yahoo.co.jp/articles/2e2c16917e3b88aa747ebbbd6c51aef5184042c1,5/3(金) 10:46
mvwalk,MOVIE WALKER PRESS,『マッドマックス：フュリオサ』のプレミアが開催！“宣伝アンバサダー”なかやまきんに君が豪華キャストに直撃,https://news.yahoo.co.jp/articles/3906a9ca478be24995dc1ba9e520f148e8921329,5/3(金) 10:00
mvwalk,MOVIE WALKER PRESS,「愛の不時着」超えの視聴率記録を達成！話題の夫婦ドラマ「涙の女王」で“泣きの天才”キム・スヒョンが多彩な魅力を発揮,https://news.yahoo.co.jp/articles/4dcd6531a6ea9d24a2837ab52cf8e5f447472f1c,5/3(金) 9:30
mvwalk,MOVIE WALKER PRESS,「小さな可能性も見逃さない粘り強さが人々を勇気づける」チャン・ハンジュン監督＆チョン・ジヌンが語る『リバウンド』の力,https://news.yahoo.co.jp/articles/1a4ab93f8e2731a75e041433a60038f5ba98a648,5/2(木) 21:30
mvwalk,MOVIE WALKER PRESS,JO1川西拓実、初主演映画『バジーノイズ』前夜祭で笑顔！「役は心のなかでずっと生き続ける」,https://news.yahoo.co.jp/articles/3fce5d98b32a22ac61ff96c557399f291ad4b17b,5/2(木) 21:22
mvwalk,MOVIE WALKER PRESS,限界アクション満載の本予告到着！『フォールガイ』ライアン・ゴズリングからメッセージも,https://news.yahoo.co.jp/articles/8a0ef9865b86c6bbe97c02dd75bf2bd913b1db56,5/2(木) 21:00
mvwalk,MOVIE WALKER PRESS,4度目のコミコン参加が迫るマッツ・ミケルセン！名場面＆コメントから“北欧の至宝”の神対応をプレイバック,https://news.yahoo.co.jp/articles/0e4b262be330b033bf98650b14f50f1aec8e84b4,5/2(木) 20:30
mvwalk,MOVIE WALKER PRESS,『TALK TO ME／トーク・トゥ・ミー』の双子YouTuber監督がA24と再タッグ！主演はオスカー候補女優サリー・ホーキンスに決定,https://news.yahoo.co.jp/articles/38e3a75385991fe09237ca35b7a6c399feea769f,5/2(木) 20:00
mvwalk,MOVIE WALKER PRESS,「ずっと泣いてしまった」「好きな人と一緒に観たい」…18歳も36歳も涙ながらに『青春18×2 君へと続く道』をもう一度観たい,https://news.yahoo.co.jp/articles/daba70d977fc0026d185dc0f15f42ca6890c0238,5/2(木) 19:30
mvwalk,MOVIE WALKER PRESS,夫婦を襲う“悪夢”の正体とは…チョン・ユミ、イ・ソンギュン共演の『スリープ』本編映像＆場面写真,https://news.yahoo.co.jp/articles/df24dcb82dc4858510e82c45c54b0b611aeea023,5/2(木) 19:00
mvwalk,MOVIE WALKER PRESS,「純粋な愛を感じて涙を流した」韓国映画界の名優ユ・ヘジンとテレビドラマ界の“女王”キム・ヒソンが『マイ・スイート・ハニー』の魅力を語る！,https://news.yahoo.co.jp/articles/9e2d40b2147777530729f578d09cc9622cf5938f,5/2(木) 18:30
mvwalk,MOVIE WALKER PRESS,初心者×映画ファン×原作ファンが魅力を徹底分析！映画『陰陽師0』は“シャーロック・ホームズ”のような胸アツバディムービーだった！,https://news.yahoo.co.jp/articles/b863ace3b292b46a422f2ec7fddbd9923947ffae,5/2(木) 17:30
mvwalk,MOVIE WALKER PRESS,『バーフバリ』『RRR』に次ぐ大ヒットを記録したヒーローアクション『SALAAR／サラール』日本公開決定！,https://news.yahoo.co.jp/articles/0d788a53813f00510a87441660ee224db6c579c6,5/2(木) 12:00
mvwalk,MOVIE WALKER PRESS,アダム・ドライバーが謎に包まれた“帝王”を完全再現！『フェラーリ』場面写真＆キャラクタービジュアルが公開,https://news.yahoo.co.jp/articles/ee7bae760b250e554dd88b74a0df5f8ef362c905,5/2(木) 12:00
mvwalk,MOVIE WALKER PRESS,14歳の少女と50歳の有名作家のいびつな関係に迫る実話にもとづいた衝撃作『コンセント／同意』8月日本公開,https://news.yahoo.co.jp/articles/e8eaba0d1cc88cb28045cce649e3d83d4bf2cf27,5/2(木) 11:00
mvwalk,MOVIE WALKER PRESS,山中瑶子監督＆河合優実主演『ナミビアの砂漠』カンヌ版予告編が公開！追加キャストは金子大地＆寛一郎,https://news.yahoo.co.jp/articles/5d4c8ae94cb54eb8561deba041ad5c824f38aa72,5/2(木) 10:00
mvwalk,MOVIE WALKER PRESS,「ドクタースランプ」のパク・シネや『密輸 1970』のチョ・インソンも！5・6月開催のファンミーティングで豪華スターが来日,https://news.yahoo.co.jp/articles/b5219260d2a9d970fd2c82e3fc67b98b64a9eb59,5/2(木) 7:30
mvwalk,MOVIE WALKER PRESS,「SHOGUN 将軍」西岡徳馬がいまこそ明かす名シーン秘話！切腹は家臣全員で行うはずだった？,https://news.yahoo.co.jp/articles/7ecd16926534e90dc9e92163986693df515098c4,5/1(水) 20:30
mvwalk,MOVIE WALKER PRESS,「人を壊すのも救うのも人」石原さとみ主演『ミッシング』に“人間描写の鬼”吉田恵輔監督が託した願いとは,https://news.yahoo.co.jp/articles/010302dee57932a0447ab22d0c90a03b0f1fcf49,5/1(水) 19:30
mvwalk,MOVIE WALKER PRESS,主題歌はアイナ・ジ・エンドに『劇場版モノノ怪 唐傘』花澤香菜、福山潤ら全キャストも発表,https://news.yahoo.co.jp/articles/e4572544ab50350889989bb751ee340bbb1e27f9,5/1(水) 19:00
mvwalk,MOVIE WALKER PRESS,『青春18×2 君へと続く道』が世代に関係なくグッとくる理由とは？ピュアな恋愛、青春の思い出、旅での出会い…エモいポイントを語り合う,https://news.yahoo.co.jp/articles/f85f0cf878062f1d6cca4bebdb255892b4c53afd,5/1(水) 18:30
mvwalk,MOVIE WALKER PRESS,ソン・ジュンギが裏社会を生きる孤独な男に！『このろくでもない世界で』超ワイルドな場面写真,https://news.yahoo.co.jp/articles/1c180f241e6e06c8fb4e25417038bd71502f3830,5/1(水) 17:00
mvwalk,MOVIE WALKER PRESS,1位は『青春18×2 君へと続く道』！今週公開作品のMOVIE WALKER会員“みたい映画”ランキングを発表！,https://news.yahoo.co.jp/articles/79d3be25bbfc16258f2841d5ded2f971a447c730,5/1(水) 13:30
mvwalk,MOVIE WALKER PRESS,『青春18×2 君へと続く道』シュー・グァンハン＆道枝駿佑も息をのむ絶景が広がる本編映像,https://news.yahoo.co.jp/articles/906df124b5f7b460921b2012ebba7875b33d4fd0,5/1(水) 12:00
mvwalk,MOVIE WALKER PRESS,リン＝マニュエル・ミランダ参加が発表された『ムファサ』やマーベルまで。ディズニー映画最新ラインナップ総まとめ,https://news.yahoo.co.jp/articles/8839869b341cc5a64c002e094ee2a9cfd320a73c,5/1(水) 10:30
mvwalk,MOVIE WALKER PRESS,シュー・グァンハン×レスリー・キー、アジアの才能が作り出す妖艶なフォトセッション！,https://news.yahoo.co.jp/articles/051db6afb1889911ffa3547364fbc3e53ad8c446,5/1(水) 9:00
mvwalk,MOVIE WALKER PRESS,怪獣造形界のレジェンドが“構想50年”の物語を映画化！特撮ファンタジー『カミノフデ ～怪獣たちのいる島～』公開決定,https://news.yahoo.co.jp/articles/55ea59cade812564302dae614a73d074df67a2c3,5/1(水) 6:00
mvwalk,MOVIE WALKER PRESS,“踊るプロジェクト”最新作タイトルが『室井慎次 敗れざる者』と『室井慎次 生き続ける者』に決定！最新映像も,https://news.yahoo.co.jp/articles/d13a86ec40f3e1c9ac62454b28bcbf03ea287a3a,4/30(火) 21:00
mvwalk,MOVIE WALKER PRESS,今年のGWは『名探偵コナン 100万ドルの五稜星』の一強ムード！円安が“1億ドル到達”への最大の試練に？,https://news.yahoo.co.jp/articles/cb444b99ed660dbd517ba3532eb6d66f79782b69,4/30(火) 20:30
mvwalk,MOVIE WALKER PRESS,JO1×FANTASTICS競演！『逃走中 THE MOVIE』演技へのこだわりが詰まった現場レポート,https://news.yahoo.co.jp/articles/6d4d7e53bcf9a9f1caea43d0a078d9521cc77c15,4/30(火) 20:00
mvwalk,MOVIE WALKER PRESS,怪獣王が自宅に降臨…『ゴジラ-1.0』のBlu-ray豪華版を開封してみた,https://news.yahoo.co.jp/articles/841bd835a4416ab0ce7655488292f94f750b3fe5,4/30(火) 19:30
mvwalk,MOVIE WALKER PRESS,アルコ＆ピース平子祐希、初の小説連載！「ピンキー☆キャッチ」第28回　独占スクープ,https://news.yahoo.co.jp/articles/f5cb805a53809d1e17c3c4a8468551fcd940cf7a,4/30(火) 19:00
mvwalk,MOVIE WALKER PRESS,渋谷スクランブル交差点を猿が占拠!?『猿の惑星／キングダム』衝撃の特別ビジュアル,https://news.yahoo.co.jp/articles/070c9b8b6d09d40cc019e01f44de46f5a7c4f17f,4/30(火) 17:00
mvwalk,MOVIE WALKER PRESS,もしヒトラーが生きていたら…『お隣さんはヒトラー？』公開決定！場面写真で2人が見つめるものとは,https://news.yahoo.co.jp/articles/361e9cebd29af57f875ff607c514ba6b6bbb5d12,4/30(火) 11:00
mvwalk,MOVIE WALKER PRESS,アン・ジェホン、映画『リバウンド』との運命的な出会いを語る「とても不思議な経験でした」,https://news.yahoo.co.jp/articles/b2e9f5891e6552cf7f9602a6c4fd85b827198f72,4/30(火) 7:30
mvwalk,MOVIE WALKER PRESS,成田凌＆中村映里子＆森田剛共演！つげ義春原作ラブストーリー『雨の中の慾情』11月公開決定,https://news.yahoo.co.jp/articles/41a8f070134c0680dd40df312d8ce3f238a0f6e8,4/30(火) 5:00
mvwalk,MOVIE WALKER PRESS,イ・シニョン、映画『リバウンド』舞台挨拶に登壇「撮影の思い出はいっぱいお肉を食べたこと！」と笑顔,https://news.yahoo.co.jp/articles/b06b6b2dc01b49a1d490391931f47f0b5dc103c1,4/29(月) 23:02
mvwalk,MOVIE WALKER PRESS,ヒロミ＆チョコプラ長田が「V8を讃えよ！」『フュリオサ』スペシャルイベントに400人の“マッドマックス狂”が集結,https://news.yahoo.co.jp/articles/d46c8542ec83aebe1965e7f9a4573e043a00bd0e,4/29(月) 18:45
mvwalk,MOVIE WALKER PRESS,ラッセル・クロウ主演の“エクソシスト映画”が4年半越しの北米公開へ！『ヴァチカンのエクソシスト』の続編は？,https://news.yahoo.co.jp/articles/e88c5ed1c52839ec75dc684a28fbfe0886bb4247,4/29(月) 17:30
mvwalk,MOVIE WALKER PRESS,藤井道人監督がミューズ・清原果耶に託した”理想のヒロイン”「アミには僕自身の憧れを投影している」,https://news.yahoo.co.jp/articles/12b8e71430081c431fe707ed1cb89648c531a1de,4/29(月) 12:30
mvwalk,MOVIE WALKER PRESS,「私の夫と結婚して」でライジングスターに！ナ・イヌ待望のジャパンファーストファンミーティングをロングレポート,https://news.yahoo.co.jp/articles/573bb076b6ac272f3315773e6031d5d62968687d,4/29(月) 11:30
mvwalk,MOVIE WALKER PRESS,3年4組の良きアニキ、大叢井巌役は木村昴！ラウール主演『赤羽骨子のボディガード』のキャスト情報が毎日発表,https://news.yahoo.co.jp/articles/6fa3c037f281458b03adaa96b89c95f850670bfe,4/29(月) 10:00
mvwalk,MOVIE WALKER PRESS,村の秘密に隠された人間の醜さと底なしの欲望…多くの人を魅了した『鬼太郎誕生 ゲゲゲの謎』の“救いのない物語”,https://news.yahoo.co.jp/articles/27686dffdf6bf6f1e814086f1ff56542c01d166e,4/28(日) 17:30
mvwalk,MOVIE WALKER PRESS,北米は『CIVIL WAR(原題)』がV2達成＆注目タイトルが続々公開！『劇場版SPY×FAMILY CODE:White』の順位は？,https://news.yahoo.co.jp/articles/c05a047390c536e524395b8c941007b94f33030b,4/28(日) 16:30
mvwalk,MOVIE WALKER PRESS,悪魔の執事が英国裏社会を華麗に駆ける…6度のアニメ化がされた「黒執事」に惹かれる理由とは？,https://news.yahoo.co.jp/articles/abdcec922c3be2a8ad590e89d18598ee0707c242,4/28(日) 8:30
mvwalk,MOVIE WALKER PRESS,プーが再び日本を襲撃！『プー２ あくまのくまさんとじゃあくななかまたち』2024年夏に日本公開決定,https://news.yahoo.co.jp/articles/06209ed2e15d65a8a7b2a2a631ec500c3a2ccdb0,4/27(土) 20:00
mvwalk,MOVIE WALKER PRESS,惹かれる理由は“ギャップ”にあり！「ブルーロック」もう一人の主人公、“天才”凪誠士郎の魅力に迫る,https://news.yahoo.co.jp/articles/83a5a586dc8403045b1df5d04456bd256363fb1a,4/27(土) 17:30
mvwalk,MOVIE WALKER PRESS,「ドラゴンキーパーこっわ」「まってED踊るの」…「戦隊大失格」感想コメントからリアタイ鑑賞したくなる魅力をひも解く！,https://news.yahoo.co.jp/articles/3727610b77b7609cfd9e8bb94fc79480091a0417,4/27(土) 16:30
mvwalk,MOVIE WALKER PRESS,怪獣映画好きにはたまらない『ゴジラxコング 新たなる帝国』など週末観るならこの3本！,https://news.yahoo.co.jp/articles/5b2d0d42d87ecc1306675aae11b511b8073a5911,4/27(土) 13:30
mvwalk,MOVIE WALKER PRESS,時の天皇や藤原道長ともつながりが！意外と知らない？陰陽師＆安倍晴明のお仕事,https://news.yahoo.co.jp/articles/7f6f853470e3fc83aa79ec735fd683bb43e72092,4/27(土) 11:30
mvwalk,MOVIE WALKER PRESS,観客の度肝を抜く濱口竜介監督『悪は存在しない』。映像とせめぎあう言葉の精度と響き、その圧倒的おもしろさ【宇野維正の「映画のことは監督に訊け」】,https://news.yahoo.co.jp/articles/7dd5e76cf7d74777afbe4e0b7e101e886e3a0e78,4/26(金) 23:51
mvwalk,MOVIE WALKER PRESS,森川智之、R2-D2との対面に笑顔！GWをスター・ウォーズ色に染める「STAR WARS DAY YOKOHAMA MINATOMIRAI 2024」がスタート,https://news.yahoo.co.jp/articles/cecfd5b7fa76ed9aa600f1bb11955a864b665329,4/26(金) 20:17
mvwalk,MOVIE WALKER PRESS,シュー・グァンハン＆道枝駿佑が交わした台湾バイク旅の約束「僕もアミのように後ろに乗ってみたい」,https://news.yahoo.co.jp/articles/7624dba498cacaae385729fbf277f465482038b4,4/26(金) 19:30
mvwalk,MOVIE WALKER PRESS,『ルックバック』入場者特典は藤本タツキの原作ネーム全ページ収録の“Original Storyboard“に決定！,https://news.yahoo.co.jp/articles/7bd62cf482b82f0a3f68bfd489206d9f8681709b,4/26(金) 18:00
mvwalk,MOVIE WALKER PRESS,濱口竜介監督、ヴェネチア銀獅子賞受賞作『悪は存在しない』のキャスティングのコンセプトを語る,https://news.yahoo.co.jp/articles/a3844de661841f619be839a095e019dba9a0b090,4/26(金) 17:30
mvwalk,MOVIE WALKER PRESS,ジャマイカが国を挙げてサポート！『ボブ・マーリー:ONE LOVE』愛にあふれた撮影現場を収めた特別映像が解禁,https://news.yahoo.co.jp/articles/e7821f2ee1b1088043e79c6ab5538d96f7212f19,4/26(金) 17:30
mvwalk,MOVIE WALKER PRESS,橋口亮輔監督9年ぶりの最新作が劇場公開決定！『お母さんが一緒』ポスター＆予告映像が完成,https://news.yahoo.co.jp/articles/84e747781e721aacfa63250fbf3b5b897c2c8533,4/26(金) 17:00
mvwalk,MOVIE WALKER PRESS,怪獣プロレス、ここに極まる！“IMAX推し”な『ゴジラxコング 新たなる帝国』で禁断のタッグマッチを体感せよ,https://news.yahoo.co.jp/articles/a3daca3936f1426703db63fddf7be9754581d3ba,4/26(金) 17:00
mvwalk,MOVIE WALKER PRESS,特別ロングインタビューも！黒沢清監督のセルフリメイク映画『蛇の道』ムビチケ前売券(オンライン)特典が決定,https://news.yahoo.co.jp/articles/8125e5ae5f279c98e28df6e6d0fc495bddd8e276,4/26(金) 13:00
mvwalk,MOVIE WALKER PRESS,GWはアニエス・ヴァルダ、ソフィア・コッポラらの傑作をイッキ見！いま観るべき女性映画作家4人を振り返る,https://news.yahoo.co.jp/articles/6e77ab1c8919c641c47b0d7ff430d13135d9219a,4/26(金) 12:30
mvwalk,MOVIE WALKER PRESS,「BS10スターチャンネル　リニューアルキャンペーン2024」イメージキャラクターに大塚明夫就任！6月は『RRR』などを特集放送,https://news.yahoo.co.jp/articles/104456bb390a12717fa413f2a30ebe155bc9e504,4/26(金) 12:00
mvwalk,MOVIE WALKER PRESS,山田尚子監督最新作『きみの色』がアヌシー国際アニメーション映画祭出品決定！場面写真も公開,https://news.yahoo.co.jp/articles/23f172cc57853a06d6c732e38c327dee9cc77a23,4/26(金) 12:00
mvwalk,MOVIE WALKER PRESS,岸井ゆきの、染谷将太、霧島れいか、滝藤賢一、豊原功補ら『若き見知らぬ者たち』新キャスト決定,https://news.yahoo.co.jp/articles/08bd5e0acf75e0f11f4f14c5a48a39d228f73470,4/26(金) 10:00
mvwalk,MOVIE WALKER PRESS,清水崇監督最新作『あのコはだぁれ？』怖すぎて“上映中止”となった特別映像が公開,https://news.yahoo.co.jp/articles/835131a47290f2f152c110ec5a7d9ec9e6f4dd36,4/26(金) 10:00
mvwalk,MOVIE WALKER PRESS,韓国初の本格バスケ映画はどのように生まれたのか？『リバウンド』監督＆キャストが明かす制作秘話,https://news.yahoo.co.jp/articles/a5f5c4c97a3532661987a99c0907bae891970060,4/26(金) 9:00
mvwalk,MOVIE WALKER PRESS,幻想を追い求める墓泥棒の数奇な物語『墓泥棒と失われた女神』タロットカードを模した意味深ビジュアルも,https://news.yahoo.co.jp/articles/0301fcc274c008383bf6eb62491439e30a801a40,4/26(金) 9:00
mvwalk,MOVIE WALKER PRESS,稲垣来泉『ブルー きみは大丈夫』の少女ビー役に決定！宮田俊哉との吹替版予告も初解禁,https://news.yahoo.co.jp/articles/5b0d182dd055bc230d5c389162d62ee8dc6d79b0,4/26(金) 8:00
mvwalk,MOVIE WALKER PRESS,ユアン・マクレカー親子が贈る感動作『フリーティンク・ラフ　はしまりの旅』日本公開決定！,https://news.yahoo.co.jp/articles/c7fa0adf911b28cf40b3e30227dfabb8da2807ff,4/26(金) 8:00
mvwalk,MOVIE WALKER PRESS,フュリオサ役はファイルーズあいに！『マッドマックス：フュリオサ』吹替キャストが一挙発表,https://news.yahoo.co.jp/articles/a20f6d46b9d20a44cfc4e173776d82eec381b202,4/26(金) 7:00
mvwalk,MOVIE WALKER PRESS,恐怖の原点にして頂点『エイリアン』のその後を描く『エイリアン：ロムルス』公開決定！,https://news.yahoo.co.jp/articles/d820f2a0fcb34e4d64b2ec2256d282d68607266d,4/26(金) 6:00
mvwalk,MOVIE WALKER PRESS,地上波初放送の『新たなる支配者』含む「ジュラシック・ワールド」3部作がついに「金ロー」一挙放送！,https://news.yahoo.co.jp/articles/816232f8791cd7107a07b3a54d5910d55e42a27a,4/26(金) 6:00
mvwalk,MOVIE WALKER PRESS,『ラストマイル』主題歌アーティストは米津玄師！“最強“ドリームチームが映るシェアード・ユニバースPV公開,https://news.yahoo.co.jp/articles/f8cefab4939af33d9413db542786194252ace2b1,4/26(金) 4:00
mvwalk,MOVIE WALKER PRESS,高山一実、小説家デビュー作『トラペジウム』のアニメ映画完成に「ありがたい想いでいっぱい」！木全翔也は「泣きながら観た」と告白,https://news.yahoo.co.jp/articles/a6bb05488fee82c76ef576e5d9638b74f7fe4fee,4/25(木) 21:15
mvwalk,MOVIE WALKER PRESS,祖国ジャマイカの魅力が満載！『ボブ・マーリー:ONE LOVE』ルーツを垣間見る特別映像,https://news.yahoo.co.jp/articles/21cc1b6e4272846d0af8a3c3cdb79ba9cb82cc98,4/25(木) 20:30
mvwalk,MOVIE WALKER PRESS,押切蓮介原作“最恐“ホラー『サユリ』主演は南出凌嘉に決定！サユリの恐怖に呑まれるキャスト情報も公開,https://news.yahoo.co.jp/articles/2b52af7b59c041ac4ffef1b9cf7092f0f642942c,4/25(木) 20:00
mvwalk,MOVIE WALKER PRESS,”あの頃”の恋心を思い出す『青春18×2 君へと続く道』『花束みたいな恋をした』『君の膵臓をたべたい』…大人も余韻に浸れる恋愛映画9選,https://news.yahoo.co.jp/articles/7398c8a5ec94a1724069496b0e2362f17a4c0fbc,4/25(木) 19:30
mvwalk,MOVIE WALKER PRESS,一攫千金を目指す海女＆密輸王＆チンピラ＆税関が入り乱れる！『密輸 1970』予告編＆場面写真公開,https://news.yahoo.co.jp/articles/3f70c19392c7f645a7918bdde84c7e140762f02a,4/25(木) 19:00
mvwalk,MOVIE WALKER PRESS,個性的な怪獣が大集合！シーズン2も製作決定した「モナーク：レガシー・オブ・モンスターズ」怪獣大図鑑,https://news.yahoo.co.jp/articles/a21adea153ce39ca04413f4b414f928b8e8a4b1a,4/25(木) 18:30
mvwalk,MOVIE WALKER PRESS,松岡禎丞が主人公の“若き猿”ノア役、小松未可子が人間のノヴァ役に！『猿の惑星／キングダム』日本版声優が発表,https://news.yahoo.co.jp/articles/948e4aab7afe1a88404ec39ca3370137bd3f87e4,4/25(木) 16:00
mvwalk,MOVIE WALKER PRESS,応援キャンペーンもスタート『バッドボーイズ RIDE OR DIE』日本版予告ではスケールアップしたアクション連発！,https://news.yahoo.co.jp/articles/287dfefa6b6a4e629a19d18cc4077d832d1eebb6,4/25(木) 12:00
mvwalk,MOVIE WALKER PRESS,イタリアの名匠ナンニ・モレッティ監督最新作『チネチッタで会いましょう』ティザービジュアル＆予告映像,https://news.yahoo.co.jp/articles/67fd36dd396c63a207b044a452625c18b42b7161,4/25(木) 11:00
mvwalk,MOVIE WALKER PRESS,京本大我と古川琴音が本格レッスン！『言えない秘密』ピアノ連弾シーンをはじめとした場面写真続々,https://news.yahoo.co.jp/articles/ad5993e1b8f173d2203b1f08371bf8d0768ecbc1,4/25(木) 10:00
mvwalk,MOVIE WALKER PRESS,脱力系殺し屋コンビの前に“史上最強の殺し屋”が現る！『ベイビーわるきゅーれ ナイスデイズ』9月27日公開決定,https://news.yahoo.co.jp/articles/9c7f14943ebd056f74c8f4c351212af74c6d7325,4/25(木) 8:00
mvwalk,MOVIE WALKER PRESS,『余命一年の僕が、余命半年の君と出会った話。』フジファブリックの劇中歌が胸をうつティーザー予告映像,https://news.yahoo.co.jp/articles/2bae64bf7fe45dae4dc1f706b153822f647d5953,4/25(木) 6:00
mvwalk,MOVIE WALKER PRESS,西岡徳馬『SHOGUN 将軍』の出来栄えに自信「ハリウッドが制作したなかでは日本の時代劇ナンバーワン」,https://news.yahoo.co.jp/articles/0306ce472691903f55eea9fa63205b8f5c4f41de,4/24(水) 21:03
mvwalk,MOVIE WALKER PRESS,世界初、全席“没入型音響体感シート”を導入！「ローソン・ユナイテッドシネマ STYLE-S みなとみらい」がお披露目,https://news.yahoo.co.jp/articles/569bba3c7b4b50a6bd061646cef8b8b3ae851437,4/24(水) 20:00
mvwalk,MOVIE WALKER PRESS,A24史上最高オープニング記録を樹立『CIVIL WAR』10月日本上陸！IMAXほかラージフォーマット上映も,https://news.yahoo.co.jp/articles/e1537bfa9cb890173c0f68d8fa450d384a74d2d3,4/24(水) 19:30
mvwalk,MOVIE WALKER PRESS,令和の新宿に冴羽が降臨！鈴木亮平からあふれる『シティーハンター』へのこだわり「新宿はもう一人の主人公として大切な存在」,https://news.yahoo.co.jp/articles/7f2e68670724d9707a5c47486b5b1c5a941f0e6f,4/24(水) 19:30
mvwalk,MOVIE WALKER PRESS,キム・ヨンファ監督が手掛けるSF超大作『THE MOON』日本公開日が決定！メインビジュアルも完成,https://news.yahoo.co.jp/articles/cb1b4732db21f0ee355eb996e54ccf62734ce5f1,4/24(水) 18:30
mvwalk,MOVIE WALKER PRESS,MAISONdesによる主題歌が響き渡る『トラペジウム』映画本編冒頭映像チラ見せ＆新場面写真,https://news.yahoo.co.jp/articles/fdcf563a6db7ace228ae6e37f66af434b212a68b,4/24(水) 18:00
mvwalk,MOVIE WALKER PRESS,石原さとみ、横浜にオープンする映画館の“没入音響体感シート”に驚き！主演映画『ミッシング』は「没入したからこそ得られる光がある」,https://news.yahoo.co.jp/articles/133506b6382f148a14702a795f0747fe2823f4eb,4/24(水) 17:52
mvwalk,MOVIE WALKER PRESS,スタジオコロリド最新作『好きでも嫌いなあまのじゃく』ずっと真夜中でいいのに。が主題歌＆挿入歌を担当！,https://news.yahoo.co.jp/articles/01b8d4434f5c9046b65e2f60ef9b5a8c94ea0792,4/24(水) 17:00
mvwalk,MOVIE WALKER PRESS,大泉洋、菅野美穂は「歩くパワースポット！」『ディア・ファミリー』家族決起”爆笑”会見が開催,https://news.yahoo.co.jp/articles/5c2408833105d0d4c359d45e2021310d4580cbd3,4/24(水) 16:32
mvwalk,MOVIE WALKER PRESS,『リバウンド』で実在のコーチを熱演！個性派俳優アン・ジェホンが放つ唯一無二の存在感,https://news.yahoo.co.jp/articles/a2e15f1a3c27669c478c7257921427fc55a742fc,4/24(水) 16:30
mvwalk,MOVIE WALKER PRESS,1933年公開の元祖から最新作『ゴジラxコング 新たなる帝国』まで！強さと哀愁を纏ったコングの歴史を一気にたどる,https://news.yahoo.co.jp/articles/2c9880986440b010831b4b1915cb53f0d64e2fe3,4/24(水) 14:30
mvwalk,MOVIE WALKER PRESS,浅野忠信が明かす「SHOGUN 将軍」出演オファー時に感じた納得と確信。「藪重を僕に任せてくれれば絶対にイケる」,https://news.yahoo.co.jp/articles/90f50d7ddb3daad213ce0882ab35567859daf041,4/24(水) 14:00
mvwalk,MOVIE WALKER PRESS,1位は『SUGA Agust D TOUR ‘D-DAY’ THE MOVIE』！今週公開作品のMOVIE WALKER会員“みたい映画”ランキングを発表！,https://news.yahoo.co.jp/articles/ac847fc7c348456e1977a299f0a6674cf3525eb0,4/24(水) 13:30
mvwalk,MOVIE WALKER PRESS,壮絶な人生を歩んだ少女の物語『あんのこと』物語の核を担う3人を捉えたメインビジュアル＆新場面写真,https://news.yahoo.co.jp/articles/e75950bc014c75741de39b13660c895a2e540e5d,4/24(水) 11:00
mvwalk,MOVIE WALKER PRESS,上白石萌歌がオムニバス映画『GEMNIBUS vol.1』のアンバサダーに就任！気鋭クリエイターの才能に「感激しました」,https://news.yahoo.co.jp/articles/5a76b40e50346c3eb0935a3a47c30a56f1d171a2,4/24(水) 9:30
mvwalk,MOVIE WALKER PRESS,Kis-My-Ft2藤ヶ谷太輔＆奈緒『傲慢と善良』でW主演！雪下まゆ描き下ろしティザービジュアルも到着,https://news.yahoo.co.jp/articles/1ffc2116f8db09d5472b90188c1c57ae046d3339,4/24(水) 7:00
mvwalk,MOVIE WALKER PRESS,「THE３名様Ωプロジェクト2024」完全新作の連ドラの配信＆映画でゆる～い3人がカムバック,https://news.yahoo.co.jp/articles/628d08968b3ab491b2b1502d9899ac009dcfda38,4/24(水) 7:00
mvwalk,MOVIE WALKER PRESS,渋谷凪咲、清水崇監督最新作の学園ホラーで映画初主演！『あのコはだぁれ？』7月19日に公開決定,https://news.yahoo.co.jp/articles/2136c260374c8b6116d9221eca4be07e5889f284,4/24(水) 7:00
mvwalk,MOVIE WALKER PRESS,宇宙を舞台に異色バディが反逆AIに立ち向かう！ジェニファー・ロペス主演『アトラス』予告＆キービジュアル,https://news.yahoo.co.jp/articles/80d0354261b7cb8643a94fc1f7de98b8414c2461,4/23(火) 23:15
mvwalk,MOVIE WALKER PRESS,『エピソード1』の100年前を描く「スター・ウォーズ：アコライト」声優に諏訪部順一、ファイルーズあいが決定,https://news.yahoo.co.jp/articles/5ac265496ef90c42c20873613e3077ffbcd9d75b,4/23(火) 23:00
mvwalk,MOVIE WALKER PRESS,鈴木亮平、『シティーハンター』聖地でのワールドプレミアに感激！早くも続編に期待し、小室哲哉に「STILL LOVE HER」新録のお願い,https://news.yahoo.co.jp/articles/6687c07d4a7cf491d6cb21e5f0b9f47b68177103,4/23(火) 21:15
mvwalk,MOVIE WALKER PRESS,「鬼平役は天命」松本幸四郎が『鬼平犯科帳 血闘』完成披露上映会で市川染五郎らと鬼平愛を語る,https://news.yahoo.co.jp/articles/f516e81d337e13c4cc17485cec04bf613873abfb,4/23(火) 21:00
mvwalk,MOVIE WALKER PRESS,「ブレア・ウィッチ」「最終絶叫計画」再起動…シネマコンで発表されたホラー作品最新情報を総まとめ,https://news.yahoo.co.jp/articles/5c39195e8d3969cf724cbc444d6b942636847809,4/23(火) 20:30
mvwalk,MOVIE WALKER PRESS,『碁盤斬り』草なぎ剛、撮影現場で座らずに立ち続ける理由を明かす「5秒で…」,https://news.yahoo.co.jp/articles/69a1bca00f5e95c725cdf8fd178c1c75ea5ca413,4/23(火) 17:30
mvwalk,MOVIE WALKER PRESS,誰がなんのために監視するのか…？『ザ・ウォッチャーズ』怒涛の展開を見せるメイン予告,https://news.yahoo.co.jp/articles/81bd9dc51ceb767bb7284e9793b80a7d9da58500,4/23(火) 17:00
mvwalk,MOVIE WALKER PRESS,『哭悲／THE SADNESS』『呪詛』に続く恐怖の連鎖…大ヒット台湾ホラー『呪葬』7月日本公開決定,https://news.yahoo.co.jp/articles/2213099e47102abbe02ecff4a079ec06fb02faba,4/23(火) 17:00
mvwalk,MOVIE WALKER PRESS,【ネタバレレビュー】「SHOGUN 将軍」圧巻の最終話へ。ついに明かされる、虎永が目指す地平,https://news.yahoo.co.jp/articles/8305f4667d74f08161f7630ebeb4522bf41d17bf,4/23(火) 14:30
mvwalk,MOVIE WALKER PRESS,『リバウンド』満島真之介ら著名人が絶賛！モデルとなったチョン・ギボム選手のレビュー映像も,https://news.yahoo.co.jp/articles/cf86ec8e9efdbbb959a515ced9515a2cc974bea5,4/23(火) 13:00
mvwalk,MOVIE WALKER PRESS,数字で見る『名探偵コナン 100万ドルの五稜星』。GW戦線を前に“1億ドルの男”への道を過去のデータから分析！,https://news.yahoo.co.jp/articles/d646ec535ad4d4aa21057c2ed0166f0f35487fc7,4/23(火) 12:30
mvwalk,MOVIE WALKER PRESS,“混ぜるな危険”R指定ヒーロー・コンビ映画『デッドプール&ウルヴァリン』新予告＆ポスタービジュアルが解禁！,https://news.yahoo.co.jp/articles/b814a46657d73e947be68bd298b1604dd93c9c16,4/23(火) 9:30
mvwalk,MOVIE WALKER PRESS,シリーズ“完全新作“『猿の惑星／キングダム』過去作を超えるスケールを期待させる特別映像,https://news.yahoo.co.jp/articles/47a1db9f446e35434387448b04f4b7ac870f44f9,4/23(火) 9:00
mvwalk,MOVIE WALKER PRESS,吉沢亮主演『ぼくが生きてる、ふたつの世界』9月公開！忍足亜希子、今井彰人が新たに出演,https://news.yahoo.co.jp/articles/41217dc99316df5e30575a390b37ac51c0fd9f8e,4/23(火) 8:00
mvwalk,MOVIE WALKER PRESS,不穏な特報映像＆ティザーポスターがお披露目！『Cloud クラウド』公開日は9月27日に決定,https://news.yahoo.co.jp/articles/54340954efcca5b983ca7bde6b43945c64898d62,4/23(火) 7:00
mvwalk,MOVIE WALKER PRESS,ジミーとアミが紡ぐひと夏の思い出を彩る『青春18×2 君へと続く道』Mr.Childrenが奏でる主題歌スペシャル映像,https://news.yahoo.co.jp/articles/83ee9e4863b91382ab5122d82660fed137016059,4/23(火) 4:00
mvwalk,MOVIE WALKER PRESS,「グラディエーター」続編やデイミアン・チャゼル監督最新作も！パラマウント・ピクチャーズ今後の注目作は？,https://news.yahoo.co.jp/articles/0327a4b29d4e489ed66a066493fba44755d5fe28,4/22(月) 21:30
mvwalk,MOVIE WALKER PRESS,「TOKYO VICE Season２」笠松将が語る、東京でのロケ撮影で感じるドキドキ「歌舞伎町で撮影ができるんだ！」,https://news.yahoo.co.jp/articles/9c61d8d34bdb4d5d260cab7f1f9aea65300e8970,4/22(月) 19:30
mvwalk,MOVIE WALKER PRESS,浜辺美波、偉人たちとの共演に「豪華すぎる」と興奮！ワイルドな龍馬演じた赤楚衛二は6キロの減量を告白,https://news.yahoo.co.jp/articles/24be852688c59089a1e769b9eb41e3ff8f840f19,4/22(月) 18:47
mvwalk,MOVIE WALKER PRESS,目黒蓮＆佐野勇斗再タッグ！ハルとガクの最強バディがスクリーンに『トリリオンゲーム』映画化決定,https://news.yahoo.co.jp/articles/c2842a970b0a36d8b6bdf337cea5e3c65e4a4185,4/22(月) 18:30
mvwalk,MOVIE WALKER PRESS,『バティモン5 望まれざる者』公開記念！『レ・ミゼラブル』ほか社会派ドラマ5作品の放送決定,https://news.yahoo.co.jp/articles/a8b2797a4c78a76f103e0f0f537ca68f5e460934,4/22(月) 18:00
mvwalk,MOVIE WALKER PRESS,“猿の支配する300年後の世界”がリアルすぎる…「アバター」「アベンジャーズ」を踏襲した映像作りの舞台裏,https://news.yahoo.co.jp/articles/a513450ac3f6363c2b536d3c45c5e23a0038c69a,4/22(月) 17:30
mvwalk,MOVIE WALKER PRESS,49歳モテ男＆車いすのヴァイオリニストの恋『幸せのイタリアーノ』日本公開！情熱的なポスタービジュアルも,https://news.yahoo.co.jp/articles/236563133e798bdf04f39fe739c3a17931f0330d,4/22(月) 17:00
mvwalk,MOVIE WALKER PRESS,ソン・ガンホがドラマ初出演！Disney+オリジナル韓国ドラマ「サムシクおじさん」予告編,https://news.yahoo.co.jp/articles/235e692ad1940a6d9ca619c1dddb8b90d410ed3b,4/22(月) 12:30
mvwalk,MOVIE WALKER PRESS,江口のりこが怪演！吉田修一原作の映画『愛に乱暴』ティザービジュアル2種＆特報,https://news.yahoo.co.jp/articles/8125fa553cdf5fd55968b56e62569ea4cfd809ce,4/22(月) 12:00
mvwalk,MOVIE WALKER PRESS,ファン・ジョンミン＆チョン・ウソン共演！韓国No.1ヒットの歴史大作『ソウルの春』日本公開決定,https://news.yahoo.co.jp/articles/88db21ba8fc2f8bad04bd3f2d3f639d1e033629e,4/22(月) 9:00
mvwalk,MOVIE WALKER PRESS,「キングオージャー」ら歴代スーパー戦隊ヒーローのレッドがフィギュアで大集合！,https://news.yahoo.co.jp/articles/7ed32c26314ae3dfdaabd7d54cf0ef96083fee96,4/21(日) 20:30
mvwalk,MOVIE WALKER PRESS,分断されたアメリカを描く『Civil War』が北米No. 1発進！A24作品のオープニング興収新記録を達成,https://news.yahoo.co.jp/articles/8fe251b7e0a8094d884f2244e834175923eb2a47,4/21(日) 18:30
mvwalk,MOVIE WALKER PRESS,キャラクターのダンスに注目!?「戦隊大失格」ED主題歌ノンクレジットEDムービー,https://news.yahoo.co.jp/articles/6f2dfe690312f96f225db4d9dd9e98c0c0aed362,4/21(日) 18:00
mvwalk,MOVIE WALKER PRESS,キアヌ・リーヴスが『ソニック・ザ・ムービー』第3作で“黒いハリネズミ”に！「ジョン・ウィック」スピンオフなど今後の出演作をチェック,https://news.yahoo.co.jp/articles/4b9c887890e842d84886bef7ee6e751273116376,4/21(日) 17:30
mvwalk,MOVIE WALKER PRESS,孤高の天才アーティストの実像に迫るドキュメンタリー『プリンス ビューティフル・ストレンジ』公開決定！,https://news.yahoo.co.jp/articles/56663c71a1a34a517678c827fcc60949e09c5fd7,4/21(日) 13:00
mvwalk,MOVIE WALKER PRESS,巨大フォトスポットに限定アイテムの販売も！大阪コミコン2024に『デッドプール＆ウルヴァリン』ブースが登場,https://news.yahoo.co.jp/articles/a41b1b10add43dd31e08532d634c911c7e594aed,4/20(土) 19:00
mvwalk,MOVIE WALKER PRESS,ここまで本格的にやるのか！『陰陽師0』VFX制作の極意と加門七海が考案した6つの“呪”,https://news.yahoo.co.jp/articles/8b2bda17adafd5127e70471b7117476e95da6c95,4/20(土) 18:30
mvwalk,MOVIE WALKER PRESS,『劇場版ブルーロック』島崎信長＆浦和希が語り合う、凪視点だから生まれる潔世一の“脅威”「同じシーンの印象がこんなに変わるんだ」,https://news.yahoo.co.jp/articles/6755ce57e988c18c835dd123fd2c35607a4fc0cb,4/20(土) 17:30
mvwalk,MOVIE WALKER PRESS,マーティン・スコセッシ監督が2本の新作映画を企画中！フランク・シナトラ伝記映画ではディカプリオと7度目のタッグ,https://news.yahoo.co.jp/articles/77897848b6472cf02d334951745cc51055d685de,4/20(土) 17:00
mvwalk,MOVIE WALKER PRESS,『陰陽師0』安倍晴明の若き日を演じた山崎賢人、俳優業の原点は「サッカー」！佐藤嗣麻子監督も俊足に驚愕,https://news.yahoo.co.jp/articles/472c649a9b93b0c5c9113ec6cda66af41607c0e5,4/20(土) 16:33
mvwalk,MOVIE WALKER PRESS,島崎信長、凪＆玲王の関係性が輝くのは「玲王がツライ時」内田雄馬の苦悶の演技を絶賛！『劇場版ブルーロック』が公開,https://news.yahoo.co.jp/articles/899af3e25f9665c71210a851643f79b0c556a6f1,4/20(土) 13:03
mvwalk,MOVIE WALKER PRESS,桜を背にまっすぐ前を見つめる杉咲の姿が『朽ちないサクラ』主要キャストを写した場面写真,https://news.yahoo.co.jp/articles/9ad42d161351f98a3416694279cdeab7cef01917,4/20(土) 12:00
mvwalk,MOVIE WALKER PRESS,イマジネーション世界の映像の迫力に圧巻される『陰陽師0』など週末観るならこの3本！,https://news.yahoo.co.jp/articles/a2c556c1ff8ada7d347eed4eb0ab71d0b9c7037b,4/20(土) 11:30
mvwalk,MOVIE WALKER PRESS,中国で人気沸騰中の若手スター、ワン・イーボーが『無名』の撮影でみせた勤勉さ「撮影がない時も、現場に行ってレオンさんの演技を見た」,https://news.yahoo.co.jp/articles/0f4afea8b5071a56309cec4f8b0d41449da4c98e,4/19(金) 20:00
mvwalk,MOVIE WALKER PRESS,【相関図付き】「SHOGUN 将軍」最終話配信に備えよ！虎永、按針、鞠子たちの戦いを一挙振り返り,https://news.yahoo.co.jp/articles/e4b3ede5cb8b6eb7fde12437b3544097cd157361,4/19(金) 19:30
mvwalk,MOVIE WALKER PRESS,Prime Videoでシリーズ全作をイッキ見！『ゴジラ-1.0』がゴールデンウィークをさらに盛り上げる,https://news.yahoo.co.jp/articles/8f3ce6fc8d38286a2316f923eb43735f3bcd0de4,4/19(金) 19:00
mvwalk,MOVIE WALKER PRESS,山崎賢人と佐藤嗣麻子が明かす、『陰陽師0』で作り上げた新しい“安倍晴明”「僕と晴明は似ているかもしれない」,https://news.yahoo.co.jp/articles/445419f6b31ff3d6ade2d192277b79e56c69b747,4/19(金) 18:30
mvwalk,MOVIE WALKER PRESS,中毒性最高レベル!?『憐れみの３章』胸がざわつく特別予告＆ティザービジュアル,https://news.yahoo.co.jp/articles/c5173953da49570e185731977799549b3e27c321,4/19(金) 17:00
mvwalk,MOVIE WALKER PRESS,『劇場版ブルーロック -EPISODE 凪-』は“IMAX推し”。大スクリーンで観る“エゴい”試合は最高に熱くなる！,https://news.yahoo.co.jp/articles/8c2a743212e042c0e89d8c365a602d7af0cd43bd,4/19(金) 17:00
mvwalk,MOVIE WALKER PRESS,史実に基づく感動のヒューマンドラマ『ボストン1947』日本公開決定！ハ・ジョンウ＆イム・シワン共演,https://news.yahoo.co.jp/articles/71f74ff5a7e45020ec0f1724a7a51ee8e0df65fb,4/19(金) 14:00
mvwalk,MOVIE WALKER PRESS,『ボブ・マーリー:ONE LOVE』ジャパンプレミアの開催が決定！息子、ジギー・マーリーの特別映像も解禁,https://news.yahoo.co.jp/articles/e5d6dbfdee41b66fc4c923b1c7f316718acfec64,4/19(金) 13:00
mvwalk,MOVIE WALKER PRESS,シリーズの“起源“が明らかに…3DCGアニメ映画『トランスフォーマー／ONE』2024年日本公開決定！,https://news.yahoo.co.jp/articles/b244884ba58cb5eeb02e56b0b471d00d10067770,4/19(金) 12:30
mvwalk,MOVIE WALKER PRESS,木全翔也がナレーションを担当『トラペジウム』15秒予告＆新場面写真,https://news.yahoo.co.jp/articles/d1bcc16eeadb27c240a79e30f691612a6ae3fd21,4/19(金) 12:22
mvwalk,MOVIE WALKER PRESS,伝説のミュージカルが20年の時を経て4Kで復活！『オペラ座の怪人 4Kデジタルリマスター』6月劇場公開,https://news.yahoo.co.jp/articles/50c3ac490f47812c14b2b758fdcae805ca4004aa,4/19(金) 12:00
mvwalk,MOVIE WALKER PRESS,IMAXなどスペシャルフォーマット上映も！『フォールガイ』インパクト抜群の場面写真,https://news.yahoo.co.jp/articles/fab526b696bc026b525e0a14c5b8f0ef9b911001,4/19(金) 10:00
mvwalk,MOVIE WALKER PRESS,宮野真守「めっちゃダッシュする！」『ゴジラ x コング 新たなる帝国』一夜限りのスペシャルイベントでゴジラ＆コングの動きを再現！,https://news.yahoo.co.jp/articles/d9766a1315a4e264285a8140aadb4dfc9703ce0a,4/19(金) 9:30
mvwalk,MOVIE WALKER PRESS,岡田准一＆藤井道人が再びタッグを組む！侍バトルロワイヤル大作「イクサガミ」制作決定,https://news.yahoo.co.jp/articles/62007e47eb506d228671aed6677ffa6cbb45ecc2,4/19(金) 8:00
mvwalk,MOVIE WALKER PRESS,伊吹＆志摩コンビがスクリーンに！『ラストマイル』綾野剛、星野源ら“4機捜“メンバー出演決定,https://news.yahoo.co.jp/articles/b258fb5918fbc7a896d8ef3978d5eff0fee5a198,4/19(金) 8:00
mvwalk,MOVIE WALKER PRESS,西島秀俊出演！Apple×A24が贈るミステリースリラー「サニー」7月10日全世界同時配信スタート,https://news.yahoo.co.jp/articles/61206d74a2d2a4293dce878adf2c083de77cbd94,4/19(金) 7:00
mvwalk,MOVIE WALKER PRESS,竹内力が猿の惑星を支配!?『猿の惑星／キングダム』プロキシマス・シーザーの日本版声優決定,https://news.yahoo.co.jp/articles/b56899303d32a90b52e3dfb21f5d4a63d7dd2b65,4/19(金) 6:00
mvwalk,MOVIE WALKER PRESS,雫と聖司の10年後の物語！実写映画『耳をすませば』金曜ロードショーで放送,https://news.yahoo.co.jp/articles/9573695ff2e715578b99e23cdce191efbb769cca,4/19(金) 6:00
mvwalk,MOVIE WALKER PRESS,柳楽優弥＆黒島結菜共演で実写化！『夏目アラタの結婚』9月公開決定、監督は堤幸彦,https://news.yahoo.co.jp/articles/2f4047d555de3bf1ee48e15c21fa1e817556326a,4/19(金) 5:00
mvwalk,MOVIE WALKER PRESS,黒沢清監督作『蛇の道』柴咲コウの怪演が垣間見える予告編＆メインビジュアル,https://news.yahoo.co.jp/articles/a4fb96261afa8e89d240d27696fa2ead8c76da15,4/19(金) 4:00
mvwalk,MOVIE WALKER PRESS,「国民的彼氏」と呼ばれる理由は？代表作でシュー・グァンハンの魅力を深掘りする,https://news.yahoo.co.jp/articles/1a492d6f70447e9a1c89f082a06dd5b76ff9cca6,4/18(木) 20:30
mvwalk,MOVIE WALKER PRESS,クエンティン・タランティーノの監督引退作『The Movie Critic』、心変わりで製作中止へ,https://news.yahoo.co.jp/articles/648c73ed5074bb988ba3b72e5e5d02cad235f10b,4/18(木) 20:00
mvwalk,MOVIE WALKER PRESS,山崎賢人主演『陰陽師0』の優美な世界を徹底解剖！美術＆衣装に込められたこだわりとは,https://news.yahoo.co.jp/articles/be03ae8d22ae4868a959218ceff57cd29861a572,4/18(木) 19:30
mvwalk,MOVIE WALKER PRESS,ライアン・レイノルズを囲みかわいいキャラが大集合！『ブルー きみは大丈夫』本ポスターでもふもふに癒やされる,https://news.yahoo.co.jp/articles/0c87a059d2271c0a1f70b7a8f0c1f5f739828191,4/18(木) 19:00
mvwalk,MOVIE WALKER PRESS,ビジュアルとムービーで『名探偵コナン 100万ドルの五稜星』と『ゴジラｘコング 新たなる帝国』が禁断のコラボ！,https://news.yahoo.co.jp/articles/94188ac6283885c8974a5737f72a855d509da337,4/18(木) 18:30
mvwalk,MOVIE WALKER PRESS,パーフェクトな映画体験へ！没入型プレミアムシアター「ULTRA 4DX」トレーラー映像,https://news.yahoo.co.jp/articles/131050733d0e0b9cb7066a748d82a3e765e010ef,4/18(木) 18:00
mvwalk,MOVIE WALKER PRESS,河西健吾がナレーション！空から“なにか”が襲い来る『クワイエット・プレイス：DAY 1』特報映像が完成,https://news.yahoo.co.jp/articles/224d8f53a46a8c1373f491bfdf74e2677de7a3f5,4/18(木) 17:00
mvwalk,MOVIE WALKER PRESS,シュー・グァンハンと清原果耶の胸キュンシーン満載『青春18×2 君へと続く道』特別映像,https://news.yahoo.co.jp/articles/fdb403ef25fe84f71eb4d8639fbc869609aff4a8,4/18(木) 17:00
mvwalk,MOVIE WALKER PRESS,まだ間に合う！犬たちがいっぱいな『DOGMAN ドッグマン』のコラボグッズがかわいい,https://news.yahoo.co.jp/articles/137e546d40988342a5dabaef5f21d4655c264c3b,4/18(木) 16:30
mvwalk,MOVIE WALKER PRESS,アリアナ・グランデ、シンシア・エリヴォにミシェル・ヨーも！『WICKED』の舞台裏をたっぷり語ったシネマコンステージをレポート,https://news.yahoo.co.jp/articles/d9931e3a3e9aafa3c1e2f6d1d60bfc3ca961d42e,4/18(木) 12:30
mvwalk,MOVIE WALKER PRESS,台湾映画初出演の門脇麦と俊英シャオ・ヤーチュエン監督が『オールド・フォックス　11歳の選択』舞台挨拶に登壇,https://news.yahoo.co.jp/articles/609cbe69cb62be79088cd98476a94011f0a4f9bc,4/18(木) 12:00
mvwalk,MOVIE WALKER PRESS,巨大竜巻vs全人類！『ジュラシック・ワールド』の製作陣が贈る『ツイスターズ』8月1日公開決定,https://news.yahoo.co.jp/articles/21e6bac269548a95de74e92d1e218d556bfb94cd,4/18(木) 7:00
mvwalk,MOVIE WALKER PRESS,赤羽骨子役は出口夏希に決定！『赤羽骨子のボディガード』追加キャスト情報＆ラウールが魅せる本編映像到着,https://news.yahoo.co.jp/articles/e5a19c04d882b5dfc9c832cf50b3e262fde27bb4,4/18(木) 7:00
mvwalk,MOVIE WALKER PRESS,京本大我主演『言えない秘密』爽やかな第2弾ビジュアル＆せつなさあふれる予告映像,https://news.yahoo.co.jp/articles/6380a69922fa6772984dda6304a0c635b1ee6d15,4/18(木) 7:00
mvwalk,MOVIE WALKER PRESS,八犬士＆最大の敵を演じるキャストが明らかに！『八犬伝』“虚“と“実“2つの世界がシンクロする特報も,https://news.yahoo.co.jp/articles/7374e301ac8a5918f60e79b44067cef756791113,4/18(木) 7:00
mvwalk,MOVIE WALKER PRESS,「宇宙戦艦ヤマト」リメイクシリーズ最新作『ヤマトよ永遠に REBEL3199 第一章 黒の侵略』初公開カットで構成された特報第2弾,https://news.yahoo.co.jp/articles/a7b80810a3c1873d0d7c6b9d8f68ef4f28ad981f,4/18(木) 0:30
mvwalk,MOVIE WALKER PRESS,島崎信長と内田雄馬、Nissy＆SKY-HI共作の『劇場版ブルーロック』主題歌に興奮！「凪と玲王にぴったりの曲」,https://news.yahoo.co.jp/articles/08fd90fa736903487b062aec4d3557e42766fd9e,4/17(水) 23:07
mvwalk,MOVIE WALKER PRESS,心揺さぶる本予告映像＆メインビジュアル到着！『ルックバック』河合優実と吉田美月喜の声もお披露目,https://news.yahoo.co.jp/articles/90f741e065440c2264779cede33b327136fa1dd4,4/17(水) 20:00
mvwalk,MOVIE WALKER PRESS,歌にモノマネに司会に監督業まで！イタリアの国民的人気女優パオラ・コルテッレージってどんな人？,https://news.yahoo.co.jp/articles/65b413f6da96b2760bc573469f7be98d1cdce439,4/17(水) 18:30
mvwalk,MOVIE WALKER PRESS,奈緒主演『先生の白い嘘』実力派キャストの怪演を切り取った不穏な劇中カット,https://news.yahoo.co.jp/articles/6f5b2e36b161314fe51fa28bc51c2d54f96f46d6,4/17(水) 17:00
mvwalk,MOVIE WALKER PRESS,サーチライト・ピクチャーズ最新作『異人たち』アンドリュー・ヘイ監督に独占インタビュー。80年代カルチャーを色濃く反映した”劇中楽曲”に込めたものとは？,https://news.yahoo.co.jp/articles/63dedbf41262a32dd7a55b0e19222d072bd10be2,4/17(水) 15:00
mvwalk,MOVIE WALKER PRESS,“魔女”と呼ばれた作家の半生に迫る心理サスペンス『Shirley シャーリイ』7月5日公開決定！,https://news.yahoo.co.jp/articles/7d91caf692958e05e7df9f452adef2f896b071b1,4/17(水) 14:00
mvwalk,MOVIE WALKER PRESS,1位は『陰陽師0』！今週公開作品のMOVIE WALKER会員“みたい映画”ランキングを発表！,https://news.yahoo.co.jp/articles/00fb992568a885e50c1c37f6adbfe843f5983c29,4/17(水) 13:30
mvwalk,MOVIE WALKER PRESS,著名人の絶賛コメントも到着！青春バスケムービー『リバウンド』全国大会予選シーンをチラ見せ,https://news.yahoo.co.jp/articles/09bbffbaaf795a9e38a028527c17ed8d92d1061f,4/17(水) 13:00
mvwalk,MOVIE WALKER PRESS,空から侵略者が大量落下!?そして衝撃の告白へ『デデデデ』待望の後章本予告映像,https://news.yahoo.co.jp/articles/9f725f610c348a90415b16731e850dbb431ab8bc,4/17(水) 11:00
mvwalk,MOVIE WALKER PRESS,ソニックやテイルスも登場！「ナックルズ」ユーモア＆アクション炸裂の本予告公開,https://news.yahoo.co.jp/articles/3ec9505a65b044a6e32785389a7a61cad3a3bdcb,4/17(水) 8:00
mvwalk,MOVIE WALKER PRESS,Mrs. GREEN APPLEの主題歌が背中を押す！感動の実話『ディア・ファミリー』最新予告,https://news.yahoo.co.jp/articles/ad3d01ab07e268bd63ff4d00581f44655385a60f,4/17(水) 4:00
mvwalk,MOVIE WALKER PRESS,石原さとみ「自分を壊してほしい」と吉田恵輔監督に直談判し挑んだ主演作『ミッシング』の完成に感無量,https://news.yahoo.co.jp/articles/f6049dd35c3fe8459b37c5afd667e22de0b077cd,4/16(火) 21:22
mvwalk,MOVIE WALKER PRESS,「まったくの初体験」アニャ・テイラー＝ジョイ＆クリス・ヘムズワース、シネマコンで巨匠ジョージ・ミラー監督の手腕を称賛,https://news.yahoo.co.jp/articles/826f7d08e62e98fb6d1bb34efb9f640de3c959b2,4/16(火) 20:30
mvwalk,MOVIE WALKER PRESS,『クラユカバ』神田伯山がアフレコでみせたこだわりと並々ならぬ覚悟「一生懸命作られた作品を、声で壊すことはできない」,https://news.yahoo.co.jp/articles/79bfd4a5f99fbd569307ac41ad7e6c24283ac166,4/16(火) 19:57
mvwalk,MOVIE WALKER PRESS,『MICKEY 17』で初タッグのポン・ジュノ＆ロバート・パティンソン、シネマコンで褒め合い合戦「監督こそ私のヒーロー」,https://news.yahoo.co.jp/articles/9f8ba33cac3edb1c50d0ef87f14b78a38f2f44d7,4/16(火) 18:30
mvwalk,MOVIE WALKER PRESS,真田広之が心血注いだアクションシーンの舞台裏とは？「SHOGUN 将軍」メイキング映像,https://news.yahoo.co.jp/articles/f37bee25479d515bccc2fa85ada3bde1c3141db0,4/16(火) 17:00
mvwalk,MOVIE WALKER PRESS,【ネタバレレビュー】最終話まであと1話！鞠子の“覚悟”にさらなる衝撃が走る「SHOGUN 将軍」第9話,https://news.yahoo.co.jp/articles/f7282c785345877e04997eb38a8bae478f512c01,4/16(火) 14:30
mvwalk,MOVIE WALKER PRESS,『名探偵コナン 100万ドルの五稜星』がぶっちぎりで初登場No. 1！怪盗キッドが“1億ドルの男”へまっしぐら,https://news.yahoo.co.jp/articles/c2f1c3e0e43b789f2792e4217f3075c4e256b140,4/16(火) 13:30
mvwalk,MOVIE WALKER PRESS,フュリオサの怒りが覚醒！『マッドマックス：フュリオサ』MADな世界全開の本ポスター＆新場面写真,https://news.yahoo.co.jp/articles/93fa35e41464876ea2d45d251c5f25302459aba1,4/16(火) 12:00
mvwalk,MOVIE WALKER PRESS,2人の男との10年以上の長きに渡る愛の物語！ゼンデイヤ主演『チャレンジャーズ』予告編,https://news.yahoo.co.jp/articles/300a6fec6a34ff4faccd42527965748b78d0584e,4/16(火) 8:00
mvwalk,MOVIE WALKER PRESS,「物語の半分ほどが実話」と柿崎ゆうじ監督が語る『コウイン～光陰～』の公開記念舞台挨拶,https://news.yahoo.co.jp/articles/2a57080a6f5851ff27494e00867ea5f67957ea0d,4/15(月) 21:00
mvwalk,MOVIE WALKER PRESS,JO1川西拓実、「一生忘れられない作品」と初主演映画『バジーノイズ』お披露目に感無量！,https://news.yahoo.co.jp/articles/05b9d6698c3dbc14a6f4fe91edd7f8cb0813c347,4/15(月) 20:53
mvwalk,MOVIE WALKER PRESS,夫婦の幸せな生活をむしばむ“それ”の正体は…『スリープ』の予告編に戦慄！,https://news.yahoo.co.jp/articles/d2545835868fa39abd63434a78792675e9623563,4/15(月) 20:00
mvwalk,MOVIE WALKER PRESS,濱口竜介新作公開受けハワード・ホークスの傑作『リオ・ブラボー』が特別上映,https://news.yahoo.co.jp/articles/6b12c274a206b87a4f792a7ab63a7a6e8e050fdc,4/15(月) 18:00
mvwalk,MOVIE WALKER PRESS,ラストシーンの演出意図とは？セリーヌ・ソン監督&グレタ・リーが『パスト ライブス／再会』撮影当時を振り返る「一生に一度の経験」,https://news.yahoo.co.jp/articles/7b2a68ede70bfb7a69d958cfac8b1402952cf605,4/15(月) 16:30
mvwalk,MOVIE WALKER PRESS,Kis-My-Ft2宮田俊哉がハリウッド映画吹替初挑戦！『ブルー きみは大丈夫』もふもふブルー役に,https://news.yahoo.co.jp/articles/718ff31e5581178d5068f4959c51eb2b5c0148e6,4/15(月) 12:30
mvwalk,MOVIE WALKER PRESS,生田斗真とヤン・イクチュンの緊迫感あふれる攻防戦！『告白 コンフェッション』ポスター＆場面写真,https://news.yahoo.co.jp/articles/dddf21377667d48d804f439515a5b67141b93d0b,4/15(月) 12:00
mvwalk,MOVIE WALKER PRESS,草なぎ剛主演『碁盤斬り』新ビジュアル＆15秒スポット映像公開！特典付きムビチケ情報も,https://news.yahoo.co.jp/articles/1df9a0a7b17ba4f7ec46f8cd552df7860eda86c3,4/15(月) 10:00
mvwalk,MOVIE WALKER PRESS,山崎賢人主演『陰陽師0』入場者特典第1弾はCLAMPが描く“若き晴明”のイラストカード配布決定！,https://news.yahoo.co.jp/articles/d04104d884224ed165de1f5155ba6c4aff3b6040,4/15(月) 7:00
mvwalk,MOVIE WALKER PRESS,三谷幸喜監督最新作『スオミの話をしよう』西島秀俊、松坂桃李、遠藤憲一、小林隆、坂東彌十郎出演！,https://news.yahoo.co.jp/articles/6647c96dbb310e28b526b60edba6880698500662,4/15(月) 5:00
mvwalk,MOVIE WALKER PRESS,クローネンバーグ父子の作家性は似てくるのか!?それぞれの最新作『インフィニティ・プール』＆『クライムズ・オブ・ザ・フューチャー』で検証してみた,https://news.yahoo.co.jp/articles/119e6024abd252d2cd62a3c079b16f84c2f6b309,4/14(日) 20:30
mvwalk,MOVIE WALKER PRESS,「In-N-Outバーガー」から炎上事件の真相まで。第96回アカデミー賞授賞式の舞台裏まとめ,https://news.yahoo.co.jp/articles/9b43fd8ea951b0d74b3c0d0a707724810be89d7a,4/14(日) 19:30
mvwalk,MOVIE WALKER PRESS,『ゴジラxコング 新たなる帝国』が北米V2達成！全世界興収3億6000万ドルを突破し、2024年公開作トップ5入り,https://news.yahoo.co.jp/articles/52eea62988f35e7d13c7acf1f079858d5b196980,4/14(日) 19:00
mvwalk,MOVIE WALKER PRESS,『四月になれば彼女は』川村元気×山田智和監督にインタビュー。「一つの目標に向かってみんなで闘える“映画”は幸せな現場」,https://news.yahoo.co.jp/articles/3dee0cbc88d30c92670ed309716804fa486826c1,4/14(日) 18:30
mvwalk,MOVIE WALKER PRESS,キタニタツヤが担当する「戦隊大失格」OP主題歌ノンクレジットOPムービーを公開！,https://news.yahoo.co.jp/articles/bb3519ec46eea07b6dbcd345c130cc59239ca42e,4/14(日) 18:00
mvwalk,MOVIE WALKER PRESS,ジェームズ・キャメロンが『ミクロの決死圏』のリメイク企画に言及！「すぐにでも進める予定」,https://news.yahoo.co.jp/articles/bf40b74dcf953faac6d0812d6cdcc97295d631fb,4/14(日) 17:30
mvwalk,MOVIE WALKER PRESS,『青春18×2 君へと続く道』シュー・グァンハン＆清原果耶の台湾プロモーションデーに密着！現地の「熱」をお届けする,https://news.yahoo.co.jp/articles/920f6f1586742a05820c15358f730768ea09f052,4/14(日) 15:00
mvwalk,MOVIE WALKER PRESS,『貴公子』でスクリーンデビューしたキム・ソンホ。名匠と組んだアクションシーンは「一生心に刻まれる」,https://news.yahoo.co.jp/articles/3419ef75cb4dfe554d0924a0695c6dbe098c30ec,4/14(日) 10:30
mvwalk,MOVIE WALKER PRESS,次世代のスター俳優候補！プレスリーや英国貴族を演じるジェイコブ・エロルディに注目,https://news.yahoo.co.jp/articles/d9a9ab14789de785d41af5eb42675a419360349d,4/13(土) 20:30
mvwalk,MOVIE WALKER PRESS,第96回アカデミー賞のスタイルを“In＆Out”で判定！パーフェクトなルックを披露したセレブは誰？,https://news.yahoo.co.jp/articles/92b1e7eb2ebb9df5a98c1f353be2f319fce9d328,4/13(土) 19:30
mvwalk,MOVIE WALKER PRESS,対極的な親の予告編＆メインビジュアル公開「フクロウと呼ばれた男」新たに21名の追加キャストも,https://news.yahoo.co.jp/articles/41b703ab1e8f340f61aa22af6d67b31936aff85d,4/13(土) 19:00
mvwalk,MOVIE WALKER PRESS,全編iPhoneで撮影した『ミッドナイト』三池崇史監督×賀来賢人にインタビュー！「映画界のルールや常識にとらわれない表現を」,https://news.yahoo.co.jp/articles/ef62039960797f866285acfe8fed261ac098d0ef,4/13(土) 18:30
mvwalk,MOVIE WALKER PRESS,『名探偵コナン 100万ドルの五稜星』でついに進展!?幼なじみ以上恋人未満の平次と和葉のこれまでをプレイバック,https://news.yahoo.co.jp/articles/ebe2078725bffb1d105353f3b0755162dd43de7b,4/13(土) 17:30
mvwalk,MOVIE WALKER PRESS,"映画ファンこそハマる！劇場版クオリティで描く「戦隊大失格」の“アンチヒーロー""な魅力",https://news.yahoo.co.jp/articles/cbab11bcc3e4f305d1b3e9b2b94b69d7c72ea834,4/13(土) 16:30
mvwalk,MOVIE WALKER PRESS,人生でしんどくなった時に見返したくなる『ソウルフル・ワールド』など週末観るならこの3本！,https://news.yahoo.co.jp/articles/af6a05381b126cae099fada958ee3c6795620f2c,4/13(土) 14:30
mvwalk,MOVIE WALKER PRESS,「名探偵コナン」劇場版最新作が公開1日で興収9.6億円突破！「すごいですね、本当に」と驚愕した大泉洋、今度は平次役に名乗り,https://news.yahoo.co.jp/articles/0fc7ce4bda35031ec4fb71f2d3a5cab4df63c92a,4/13(土) 14:25
mvwalk,MOVIE WALKER PRESS,黒澤明の影響に小栗旬へのラブコールまで！『パスト ライブス／再会』セリーヌ・ソン監督が明かす、映画体験と演出術,https://news.yahoo.co.jp/articles/011929f2bd6f4508fa4cfc93ede63a078b6ee1f9,4/13(土) 13:30
mvwalk,MOVIE WALKER PRESS,「ウォーキング・デッド」のすべてが詰まった88枚組！ど迫力のBOXで、シリーズの魅力を再確認,https://news.yahoo.co.jp/articles/17b1a7892d494116b520c202f182865fa6688c04,4/13(土) 11:30
mvwalk,MOVIE WALKER PRESS,『オーメン：ザ・ファースト』監督が語る、ホラー映画の“金字塔”への挑戦,https://news.yahoo.co.jp/articles/5aca5f75023e29f9771e9a9bf61e97a2851ea311,4/12(金) 21:30
mvwalk,MOVIE WALKER PRESS,高山一実＆結川あさきが『トラペジウム』に掛けた想いを告白「“夢を持てない人”に寄り添いたい」,https://news.yahoo.co.jp/articles/04d5fa00bf3c3ac31fda79132ddde603845f50fa,4/12(金) 20:30
mvwalk,MOVIE WALKER PRESS,ウィル・スミスのスクリーン復帰作『バッドボーイズ RIDE OR DIE』ポスターでは手首に手錠!?,https://news.yahoo.co.jp/articles/b9f327288106d1eb289df693da55bd8b076304db,4/12(金) 19:00
mvwalk,MOVIE WALKER PRESS,オスカー受賞の『関心領域』制作秘話をジョナサン・グレイザー監督が明かす！「ある意味では我々を描いた物語」,https://news.yahoo.co.jp/articles/7daeea8f5bf738120289b934dc4721521e7549cb,4/12(金) 18:00
mvwalk,MOVIE WALKER PRESS,神田伯山、『クラユカバ』で声優初主演「鬼のような現場」と大苦戦！塚原重義監督は第一声で「息を呑んだ」,https://news.yahoo.co.jp/articles/986de3a5520da73ef3427c7ad6f623aca8da617e,4/12(金) 17:47
mvwalk,MOVIE WALKER PRESS,Yaffle＆AIがタッグ！『ゴジラxコング 新たなる帝国』日本版主題歌が鳴り響く日本語吹替版予告,https://news.yahoo.co.jp/articles/c13e694a10a5282cdee3481036c7776261d7cb1c,4/12(金) 17:30
mvwalk,MOVIE WALKER PRESS,トニー・レオンや韓国の恋愛番組が参考に!?『パスト ライブス／再会』感情の機微をとらえた本編特別映像,https://news.yahoo.co.jp/articles/ef8cff2c535cf72a5b721702b68339e10f50f686,4/12(金) 17:00
mvwalk,MOVIE WALKER PRESS,ワーホリが悪夢に…新感覚スリラー『ロイヤルホテル』不穏な空気漂う日本版ティザーポスター,https://news.yahoo.co.jp/articles/0a00c31aab8780e38b5dd31611f9785a7e089003,4/12(金) 17:00
mvwalk,MOVIE WALKER PRESS,怪盗キッドvs平次の白熱バトルを大スクリーンで目撃しよう！『名探偵コナン 100万ドルの五稜星』はIMAX推し,https://news.yahoo.co.jp/articles/74c842f62d939aae8bd927f537962132287dab47,4/12(金) 17:00
mvwalk,MOVIE WALKER PRESS,中国発アクション大作『ボーン・トゥ・フライ』日本公開！日本版WEB特別ビジュアルも,https://news.yahoo.co.jp/articles/77e8410cb9d56bebd71cdaebe6f643f37b21dff6,4/12(金) 13:00
mvwalk,MOVIE WALKER PRESS,「寄生獣 －ザ・グレイ－」菅田将暉演じる泉新一サプライズ登場！「これがいま勢いのある韓国ドラマの作り方なのか」,https://news.yahoo.co.jp/articles/5684f6cdf6cc62d41d6230e75fe6bb1f75328878,4/12(金) 11:00
mvwalk,MOVIE WALKER PRESS,UDIラボ6年ぶりに再集結！『ラストマイル』石原さとみ、井浦新、窪田正孝、市川実日子らが出演,https://news.yahoo.co.jp/articles/e708430a459e36e64e3ce839f90229533772c4c1,4/12(金) 8:00
mvwalk,MOVIE WALKER PRESS,辻村深月原作の“一生に一度の選択”を描く恋愛ミステリー『傲慢と善良』9月劇場公開決定,https://news.yahoo.co.jp/articles/1a3e6e0b5d6e174402ac48f5f2184d278d667163,4/12(金) 8:00
mvwalk,MOVIE WALKER PRESS,GWは“金ロー”で猫の国へ！『猫の恩返し』原作は宮崎駿監督からのオファーだった？,https://news.yahoo.co.jp/articles/b12984638e2564bfffc02920c0f28d7799753435,4/12(金) 6:00
mvwalk,MOVIE WALKER PRESS,エマ・ストーン×ヨルゴス・ランティモス監督の最強タッグ最新作『憐れみの３章』カンヌ国際映画祭でワールドプレミア決定！,https://news.yahoo.co.jp/articles/c5cf329e25c543ed0131575353f41a0ec8f829fc,4/11(木) 21:37
mvwalk,MOVIE WALKER PRESS,レネー・ゼルウィガーが“ブリジット・ジョーンズ”に復帰！9年ぶりのシリーズ第4作がついに始動,https://news.yahoo.co.jp/articles/97c2d7b8908b664faaade8570f93478b2f2e6fb9,4/11(木) 21:30
mvwalk,MOVIE WALKER PRESS,A24『パスト ライブス／再会』にアーティスト・女優の石野理子が共鳴。惹かれたのは“台詞によって語らない演出”と”言語感覚”,https://news.yahoo.co.jp/articles/65b2a07b079ed2f8da14f6d9f0212eef19dd1131,4/11(木) 20:30
mvwalk,MOVIE WALKER PRESS,LiLiCoのナレーションとともに主要キャラの声が初公開！『がんばっていきまっしょい』スペシャルPV,https://news.yahoo.co.jp/articles/3c9855e6d0e5b527976578a0f2f769fefaf9e5f2,4/11(木) 19:21
mvwalk,MOVIE WALKER PRESS,青春きらめく15秒CM『トラペジウム』高山一実＆結川あさき登壇のサントラリリースイベントも開催,https://news.yahoo.co.jp/articles/1843562619938481e3eb3f1d23ebc79f7dfc1f94,4/11(木) 19:00
mvwalk,MOVIE WALKER PRESS,佐藤浩市、黒木瞳、市毛良枝が平泉成の初主演を祝福！『明日を綴る写真館』場面写真＆コメント,https://news.yahoo.co.jp/articles/87b4006490d494906b28b73eb18ea66fa766d7e1,4/11(木) 17:00
mvwalk,MOVIE WALKER PRESS,公開直前！キム・ソンホ主演『貴公子』本能むき出しのアクションまとめ映像,https://news.yahoo.co.jp/articles/a2431a592d444ee8ff0dded52284b1eea201a924,4/11(木) 16:00
mvwalk,MOVIE WALKER PRESS,ナタリー・ポートマン＆ジュリアン・ムーア競演！実在のスキャンダル描く『メイ・ディセンバー ゆれる真実』公開決定,https://news.yahoo.co.jp/articles/1845d4cd6ce2fe8e6d26cd4628165d358988cb30,4/11(木) 8:00
mvwalk,MOVIE WALKER PRESS,「人類よ、ひれ伏せ。」が表すものとは？『猿の惑星／キングダム』日本版ポスター＆特別映像,https://news.yahoo.co.jp/articles/7dcc22c41c43fe4be331db43004de21f1886a58f,4/11(木) 8:00
mvwalk,MOVIE WALKER PRESS,王騎と煖がいよいよ矛を交える！『キングダム 大将軍の帰還』大迫力のビジュアル＆予告映像,https://news.yahoo.co.jp/articles/47cf7c32939015b3f6d94b0dfbb2f3ccef3b7a8f,4/11(木) 5:00
mvwalk,MOVIE WALKER PRESS,染谷将太＆佐藤嗣麻子監督、早くも『陰陽師0』続編を希望！佐藤監督は山崎貴監督との“夫婦のルール”も告白,https://news.yahoo.co.jp/articles/b4a25484c8d8a479b16a3b460a556e38b8fe0764,4/10(水) 22:18
mvwalk,MOVIE WALKER PRESS,【ネタバレあり】山崎貴監督との裏話も!?「寄生獣 －ザ・グレイ－」ヨン・サンホ監督が語る原作へのリスペクトと確固たるオリジナリティ,https://news.yahoo.co.jp/articles/a34273dbcc727def7bc54094f88c8ed1676ea692,4/10(水) 21:30
mvwalk,MOVIE WALKER PRESS,『数分間のエールを』リリックビデオ企画第2弾は、織重 夕 feat. 菅原圭「ビオトープ」,https://news.yahoo.co.jp/articles/d5482de2792a6d4c133dda0e542838740ff8e885,4/10(水) 21:00
mvwalk,MOVIE WALKER PRESS,ジェームズ・キャメロン大ヒット作『トゥルーライズ』『アビス』『エイリアン２』4K UHD発売,https://news.yahoo.co.jp/articles/4a70bd2ca3d45408a97166d29bc098d8a0258382,4/10(水) 20:30
mvwalk,MOVIE WALKER PRESS,『劇場版 忍たま乱太郎 ドクタケ忍者隊最強の軍師』新山恵美子描き下ろしビジュアルメイキング映像,https://news.yahoo.co.jp/articles/53c0ec8848d8445f8cae1f683b72da28b5e43420,4/10(水) 20:00
mvwalk,MOVIE WALKER PRESS,中華圏＆韓国で大人気の台湾俳優、シュー・グァンハンってどんな人？原石が光るまでの歩みをたどる,https://news.yahoo.co.jp/articles/27c562c8003bc66f8b5fec7a62f55ddbacc4ffe6,4/10(水) 19:30
mvwalk,MOVIE WALKER PRESS,無名俳優だった古谷蓮が寺修行をしながら禁欲生活に挑む！『僕の月はきたない』劇場公開決定,https://news.yahoo.co.jp/articles/be65f4f052bf61f64bd7e3700029f1ef5d35e9cf,4/10(水) 19:00
mvwalk,MOVIE WALKER PRESS,「Engawa Films Project」より藤原季節初主演映画『東京ランドマーク』期間限定劇場公開！,https://news.yahoo.co.jp/articles/8feb217e379ca675527869045cb8cf584cb58dbb,4/10(水) 18:00
mvwalk,MOVIE WALKER PRESS,1位は『名探偵コナン 100万ドルの五稜星』！今週公開作品のMOVIE WALKER会員“みたい映画”ランキングを発表！,https://news.yahoo.co.jp/articles/988e23109c16987e610ca85a63e249f9e205202c,4/10(水) 14:45
mvwalk,MOVIE WALKER PRESS,シュー・グァンハン、清原果耶、道枝駿佑ら『青春18×2 君へと続く道』魅力的な登場人物を写すキャラクタービジュアル,https://news.yahoo.co.jp/articles/5f609f8da045c201b31f026d5e16be329901ca84,4/10(水) 14:00
mvwalk,MOVIE WALKER PRESS,民間警備会社の生き様を描く『コウイン ～光陰～』に込められたリアリティとは？出合正幸＆山崎真実は「轟轟戦隊ボウケンジャー」以来の共演に感無量,https://news.yahoo.co.jp/articles/964379108e0e076b340a71a127c734aaad459620,4/10(水) 13:01
mvwalk,MOVIE WALKER PRESS,12年ぶりに再会した父娘の物語『SCRAPPER／スクラッパー』日本公開！予告編＆ポスタービジュアルも,https://news.yahoo.co.jp/articles/55125f972713e792cb21e465bac34ab2ce1a878d,4/10(水) 12:00
mvwalk,MOVIE WALKER PRESS,ついにアーサーとハーリーンが出会う『ジョーカー：フォリ・ア・ドゥ』美しくも狂気あふれる特報映像,https://news.yahoo.co.jp/articles/21a6aecbdbb30ab09ef812ec3f57a87a3a78f1f6,4/10(水) 12:00
mvwalk,MOVIE WALKER PRESS,ウサギ脱走＆ヴィジョンが苦笑い…「ワンダヴィジョン」コレクターズエディション発売開始！,https://news.yahoo.co.jp/articles/e5d12213d78f96078f01ced24aeb44b3bfc01bdc,4/10(水) 10:00
mvwalk,MOVIE WALKER PRESS,『オーメン：ザ・ファースト』スタッフ＆キャストのインタビュー映像が解禁！“悪の起源”に迫る象徴的な本編シーンも,https://news.yahoo.co.jp/articles/a8d71080b90409e78c49a36272b14fda87f4d1c8,4/10(水) 8:30
mvwalk,MOVIE WALKER PRESS,平凡な海女が密輸!?韓国で大ヒットの海洋クライム・アクション『密輸 1970』7月12日日本公開,https://news.yahoo.co.jp/articles/b8abd0acaa5f2fe3e6b2a17361f19238d569da4b,4/10(水) 8:00
mvwalk,MOVIE WALKER PRESS,ライリーの頭のなかに現れた4つの新たな感情が登場！『インサイド・ヘッド２』特報映像,https://news.yahoo.co.jp/articles/9ae87b0009bf1a555715241738352f35f41be688,4/10(水) 8:00
mvwalk,MOVIE WALKER PRESS,横浜流星出演決定！『国宝』吉沢亮演じる主人公の親友でありライバル役に,https://news.yahoo.co.jp/articles/5cdf1211f8637c0141463769bda9626a0e578a55,4/10(水) 5:00
mvwalk,MOVIE WALKER PRESS,SUGAのソロワールドツアーを映像化！『SUGA | Agust D TOUR ‘D-DAY’ THE MOVIE』IMAX先行上映が決定,https://news.yahoo.co.jp/articles/d6937646636043134cce4fc1b2f8c81ddf75f464,4/10(水) 0:00
mvwalk,MOVIE WALKER PRESS,A24、ブラムハウスだけじゃない！急成長の映画スタジオ「NEON」に注目,https://news.yahoo.co.jp/articles/d96c4d791bbe853d5b77a5bd97dcef5f1141401d,4/9(火) 21:30
mvwalk,MOVIE WALKER PRESS,人類初月面着陸の“舞台裏”に迫る『フライ・ミー・トゥ・ザ・ムーン』7月に日本公開決定！,https://news.yahoo.co.jp/articles/cc2eeeeacfb7b1de7ce4e1f9b51fea29374b7609,4/9(火) 20:00
mvwalk,MOVIE WALKER PRESS,"本当に35年前の映画？『アビス』の4K UHDの映像クオリティに「“最新映画""と言われても信じるレベル」",https://news.yahoo.co.jp/articles/6d0383dd601adc988d5cec639b139816ca0b6331,4/9(火) 19:30
mvwalk,MOVIE WALKER PRESS,両雄が同じ方向を見据えて並ぶ！『ゴジラxコング 新たなる帝国』IMAXビジュアル,https://news.yahoo.co.jp/articles/0e1e5cf8ab6b26ea5dde425dbd32e93bea5b4c39,4/9(火) 19:00
mvwalk,MOVIE WALKER PRESS,キム・ソンホのサプライズ登壇にファン大熱狂！『貴公子』ジャパンプレミアレポート,https://news.yahoo.co.jp/articles/6e938ee989e37931ec11261a7f94e52611a21332,4/9(火) 18:30
mvwalk,MOVIE WALKER PRESS,高橋留美子ら人気漫画家が描く“若き晴明”『陰陽師0』応援イラスト＆コメントが到着！,https://news.yahoo.co.jp/articles/87752f5474256fc35c7bc9ee575657cd102651b4,4/9(火) 18:00
mvwalk,MOVIE WALKER PRESS,【ネタバレレビュー】まさかの人物の首が落ちる…！予測不能な大波乱と虎永の真意に震える「SHOGUN 将軍」第8話,https://news.yahoo.co.jp/articles/ce01371f986af66cb0f28775fddd3fd184886877,4/9(火) 14:30
mvwalk,MOVIE WALKER PRESS,オカルトホラー『破墓』特大ヒットに期待の日韓共作ドラマ、イ・ソンギュン追悼…韓国エンタメTOPICSダイジェスト,https://news.yahoo.co.jp/articles/8ad27ef7b79dc112dc3176d46412a13969534788,4/9(火) 13:30
mvwalk,MOVIE WALKER PRESS,西島秀俊と青木崇高が黒沢清監督とタッグ！日仏共同製作『蛇の道』第2弾キャストが発表,https://news.yahoo.co.jp/articles/b10b6c542a9e3bd24b7a8f11aa99420d7b2bcdfd,4/9(火) 12:00
mvwalk,MOVIE WALKER PRESS,『プリシラ』エルヴィス色に染まるプリシラを映しだす本編チラ見せ＆著名人から絶賛コメント続々,https://news.yahoo.co.jp/articles/9863015572730e8c75c5ba8d97f24aab29c06418,4/9(火) 11:00
mvwalk,MOVIE WALKER PRESS,『もしも徳川家康が総理大臣になったら』偉人に負けない存在感を放つ“現代人役“新キャスト4名公開,https://news.yahoo.co.jp/articles/4fc1506a560b633aa3322fbf387528879f3f0405,4/9(火) 8:00
mvwalk,MOVIE WALKER PRESS,“事務職のお嬢ちゃん”が警察の闇に迫る『朽ちないサクラ』緊迫感あふれる本予告公開！ムビチケ情報も,https://news.yahoo.co.jp/articles/455e22dfab57cb34e8b30b8a7c7e3a5624585680,4/9(火) 8:00
mvwalk,MOVIE WALKER PRESS,廃部寸前の弱小バスケ部が全国へ!?『リバウンド』臼田ルリの応援コメント＆イラスト,https://news.yahoo.co.jp/articles/90df1ba7aa7e2158ed9aa7afad18dcc1f5a5b437,4/8(月) 20:00
mvwalk,MOVIE WALKER PRESS,『変な家』の勢いが止まらない！4週連続No. 1で春休みを独占し『名探偵コナン』を迎え撃つ,https://news.yahoo.co.jp/articles/07cba712c5b4d7831338d2d2e25955a7ced8f5c7,4/8(月) 19:30
mvwalk,MOVIE WALKER PRESS,吉田鋼太郎、腹巻＆ステテコ姿で爆走！映画『おいハンサム!!』特報映像お披露目,https://news.yahoo.co.jp/articles/cbfe44a8ed45521d2bcca9c00f5066cd7e77955a,4/8(月) 19:00
mvwalk,MOVIE WALKER PRESS,公開直前PVお披露目！『名探偵コナン 100万ドルの五稜星』公開初日に世界最速上映も,https://news.yahoo.co.jp/articles/b1c2886e2e3aca7f75e9716d3d4b489e645f6fb1,4/8(月) 18:30
mvwalk,MOVIE WALKER PRESS,サスペンスドラマ「支配種」で初共演のチュ・ジフン＆ハン・ヒョジュ「頼りにしていた」「心強い」と相思相愛！,https://news.yahoo.co.jp/articles/88c5b3ffc35917e572fdd8fb1c95ec956fb70850,4/8(月) 18:20
mvwalk,MOVIE WALKER PRESS,原作者の北条司も太鼓判！『シティーハンター』“Get Wildの日“に本予告＆キーアートが公開,https://news.yahoo.co.jp/articles/80d976bc776abb9b3b342891ca96e5ce3b653749,4/8(月) 12:00
mvwalk,MOVIE WALKER PRESS,佐藤寛太が5役を演じ分け「自分すぎてダサい」と反省!?『不死身ラヴァーズ』場面写真,https://news.yahoo.co.jp/articles/0315ccf63eaa83f2a9bfbb37d85f6cbdd693dac3,4/8(月) 9:00
mvwalk,MOVIE WALKER PRESS,『ゴジラxコング 新たなる帝国』がまもなく公開！モンスター界の2大スターがフィギュアで激突,https://news.yahoo.co.jp/articles/1443699fd332e7d154be21425086d3608f60a915,4/7(日) 21:30
mvwalk,MOVIE WALKER PRESS,『逃走中 THE MOVIE』JO1川西拓実、木全翔也、金城碧海＆FANTASTICS佐藤大樹、中島颯太、瀬口黎弥が出演,https://news.yahoo.co.jp/articles/46a24f0ffa0bfae4d5f54017de64673e13daeb81,4/7(日) 21:00
mvwalk,MOVIE WALKER PRESS,『パスト ライブス／再会』グレタ・リーにインタビュー「静ひつな演技で愛や運命を表現できれば、時間の流れという概念も伝わる」,https://news.yahoo.co.jp/articles/b8d3748fb9c6d14aa1c3ded30936e19ae0b9090e,4/7(日) 20:30
mvwalk,MOVIE WALKER PRESS,『アイアンクロー』監督が語る、過激なプロレスシーンの再現とアメリカ的な“男らしさ”の烙印「フォン・エリック家にとって“呪い”となった」,https://news.yahoo.co.jp/articles/04b8311417445af1632b8ca264cfd1f8ca18dd8c,4/7(日) 19:30
mvwalk,MOVIE WALKER PRESS,綾辻行人が語る、ホラーシーンの変化と自身の原体験「幼少期に出会った“怖さ”は永遠」,https://news.yahoo.co.jp/articles/c7d627ec3e255528223d3d063a9823832dec2f74,4/7(日) 18:30
mvwalk,MOVIE WALKER PRESS,「デューン」第3弾「砂漠の救世主」の製作が正式決定！ドゥニ・ヴィルヌーヴ監督×レジェンダリーの新プロジェクトも進行中,https://news.yahoo.co.jp/articles/2c453f03266148a18a34838673aa2947e777a00a,4/7(日) 18:00
mvwalk,MOVIE WALKER PRESS,「キューティ・ブロンド」のスピンオフシリーズが進行中！リース・ウィザースプーンも製作総指揮として参加へ,https://news.yahoo.co.jp/articles/3f90411052d7e0f93727ac014085be1a5dde0ef8,4/7(日) 17:30
mvwalk,MOVIE WALKER PRESS,『ゴジラxコング 新たなる帝国』が北米No. 1スタート！「モンスターヴァース」史上最高の観客評価を獲得,https://news.yahoo.co.jp/articles/8ff85563eff61d807f7e8d404e7b770917780bb6,4/7(日) 17:00
mvwalk,MOVIE WALKER PRESS,「名探偵コナン」劇場版最新作で明かされる怪盗キッドの秘密に、山口勝平が「『えっ』て声が出た。それくらい衝撃的」と告白！大泉洋はコナンにクレーム!?,https://news.yahoo.co.jp/articles/df20b161f088702c765769a555dc042682e90757,4/7(日) 16:07
mvwalk,MOVIE WALKER PRESS,原田眞人と森達也が『オッペンハイマー』の凄さを熱弁！「いまの世界にとっても大事な映画」,https://news.yahoo.co.jp/articles/6f894db34948dd5a42e4941a5e39390fc51607ee,4/7(日) 13:30
mvwalk,MOVIE WALKER PRESS,東村アキコ「SHOGUN 将軍」は「『愛の不時着』以来の衝撃！」ムーブメントに乗り遅れるなと大熱弁,https://news.yahoo.co.jp/articles/4f475421c9aae18feb4d962524e2c6ecdb285c77,4/7(日) 12:30
mvwalk,MOVIE WALKER PRESS,「響け！ユーフォニアム」に「スキップとローファー」、「宝石の国」などなど！キャラクターの成長を表現してきた声優、黒沢ともよの自然さ,https://news.yahoo.co.jp/articles/00e1f41aef9a0421dd125e7573adc4db66a6135b,4/7(日) 8:30
mvwalk,MOVIE WALKER PRESS,首チョンパ、胴体切断、赤子殺し…ショッキングシーンで振り返る、残虐王子ダミアンの悪行史,https://news.yahoo.co.jp/articles/dd5f5933f82c8f499c4a9ef8fb71eaf20eb10a59,4/6(土) 22:30
mvwalk,MOVIE WALKER PRESS,あなたは正気を保っていられるか…？観る者の倫理観、道徳心を揺さぶる狂気の映画たち,https://news.yahoo.co.jp/articles/a49ea01f9a1d88b62688fbc1849ccf6742d7a2e3,4/6(土) 21:30
mvwalk,MOVIE WALKER PRESS,“映像化不可能”にどう挑んだ？綾辻行人が明かす「十角館の殺人」実写化までの道のり,https://news.yahoo.co.jp/articles/49b95cbd0cf8b5a833b8abb6fd37fdb579ade88c,4/6(土) 20:30
mvwalk,MOVIE WALKER PRESS,10年の歳月と最新技術で生みだされた究極の“MADワールド”！最新作に備え、前作『マッドマックス 怒りのデス・ロード』をおさらい,https://news.yahoo.co.jp/articles/2d3f658e8c5715705de8b76b3133ab54875e16a4,4/6(土) 19:30
mvwalk,MOVIE WALKER PRESS,『レイジング・ブル』、『サウスポー』から『アイアンクロー』につながる系譜！真に迫るスターたちの肉体改造に迫る,https://news.yahoo.co.jp/articles/744e5299f55a861984b73bb617fb7921f5913b92,4/6(土) 18:30
mvwalk,MOVIE WALKER PRESS,オールマイト役、三宅健太が2役で“ヴィラン“に!?『僕のヒーローアカデミア THE MOVIE ユアネクスト』劇場マナー講座も上映決定,https://news.yahoo.co.jp/articles/ad864a92074165b0ba3e7fe68b66d0ba1bb058c5,4/6(土) 18:00
mvwalk,MOVIE WALKER PRESS,「今年のアカデミー賞はホンモノ。まごうことなき傑作」「『良かった』の一言では済ませたくない」「想像を絶する臨場感」『オッペンハイマー』を日本の観客はどう受け止めた？,https://news.yahoo.co.jp/articles/c8e08e2a50d34e92a429234a488386b891c73692,4/6(土) 17:30
mvwalk,MOVIE WALKER PRESS,「戦隊大失格」がいよいよ4月7日放送開始！第1話のサブタイトル＆あらすじ、先行場面写が一挙に解禁,https://news.yahoo.co.jp/articles/aeba79e8299a057294b7a549beb8c160c6676c3f,4/6(土) 16:30
mvwalk,MOVIE WALKER PRESS,多くの人に観てほしい愛すべき人生讃歌『パスト ライブス／再会』など週末観るならこの3本！,https://news.yahoo.co.jp/articles/196b550eb6af9083dc0ba4805e0ae640a3cd1cc8,4/6(土) 12:30
mvwalk,MOVIE WALKER PRESS,『リバウンド』アン・ジェホン＆イ・シニョン＆チョン・ジヌンから日本のファンにメッセージ到着！,https://news.yahoo.co.jp/articles/f2b38fafa6ef8a7754ce34b4a857b0293f21d9c6,4/6(土) 12:00
mvwalk,MOVIE WALKER PRESS,キム・ダミ×ソン・ソックの最強タッグ！「ナルコの神」ユン・ジョンビン監督によるスリラー「ナイン・パズル」が制作決定,https://news.yahoo.co.jp/articles/95586c517572fc34cd6b045c6c2aeac438ac32ff,4/5(金) 21:30
mvwalk,MOVIE WALKER PRESS,画家・ヒグチユウコが描く不穏で美しい『オーメン：ザ・ファースト』の世界…「自分の中にある善と悪について思いを巡らせながら観てほしい」,https://news.yahoo.co.jp/articles/79a19193a5acc2b260d48a8bd1ed8e16da5dabbb,4/5(金) 20:30
mvwalk,MOVIE WALKER PRESS,“変な家”を内見できる!?大ヒット上映中『変な家』より劇中のセット写真が公開,https://news.yahoo.co.jp/articles/d6ee79d3c5e1caf048bea69e5389d1fb18d247bd,4/5(金) 20:00
mvwalk,MOVIE WALKER PRESS,ロマコメ『ブルックリンでオペラを』で新たな顔を披露！変幻自在の名優、P・ディンクレイジのほっとけない魅力,https://news.yahoo.co.jp/articles/e0e87b00856105bc5202f34cf6808236afb97a59,4/5(金) 18:30
mvwalk,MOVIE WALKER PRESS,『クラユカバ』＆『クラメルカガリ』公開直前最終予告到着！寺田農と川井田夏海の出演が明らかに,https://news.yahoo.co.jp/articles/25a631ecba82f0721f4211c3129a11d0f57479c2,4/5(金) 18:00
mvwalk,MOVIE WALKER PRESS,『オーメン：ザ・ファースト』ついに公開！第1作公開時の48年前に収録された貴重なインタビュー映像,https://news.yahoo.co.jp/articles/425504b371d49e838d38afd9412834563ad2d57a,4/5(金) 18:00
mvwalk,MOVIE WALKER PRESS,萬田久子、安藤政信らが新たに出演！「フクロウと呼ばれた男」黒幕“フクロウ”を取り巻く新キャスト,https://news.yahoo.co.jp/articles/a53687854195faac3d4392d9dec366047871d69a,4/5(金) 17:00
mvwalk,MOVIE WALKER PRESS,「大阪コミコン2024」新たな来日セレブはジェイソン・モモア＆ジョー・フラニガンに決定！,https://news.yahoo.co.jp/articles/4ed80ab96278b678e8f14cde1d077d0c903bdf52,4/5(金) 14:00
mvwalk,MOVIE WALKER PRESS,韓国アクションノワールの新たな傑作『貴公子』の世界を解説！「うるわしの宵の月」やまもり三香描き下ろしのミステリアス“貴公子”に見惚れる,https://news.yahoo.co.jp/articles/10f0000085596f8d46ed75aac43d5277e46696e5,4/5(金) 13:30
mvwalk,MOVIE WALKER PRESS,ゆりやんレトリィバァ「冒頭から『なにをしてんねん！』ってビックリ」鶴田法男監督＆野水伊織と『オーメン：ザ・ファースト』の魅力を語りつくす！,https://news.yahoo.co.jp/articles/fa32055b6cddc4f240d6aeda2b300cbeaaca2f8c,4/5(金) 12:30
mvwalk,MOVIE WALKER PRESS,アカデミー賞Wノミネート『パスト ライブス／再会』長回しで挑んだ奇跡のラストシーン撮影,https://news.yahoo.co.jp/articles/72fc1e7a8488a72e75582bf279e8d5df60c61057,4/5(金) 12:00
mvwalk,MOVIE WALKER PRESS,山崎賢人、映画『陰陽師0』ジャパンプレミアで“バディ”染谷将太と息ぴったりのトークを展開！,https://news.yahoo.co.jp/articles/b22de0768e019a04dcbf78be961c476969eae6a9,4/5(金) 9:40
mvwalk,MOVIE WALKER PRESS,『ラストマイル』阿部サダヲ、ディーン・フジオカら6名の新キャスト発表＆大倉孝二と酒向芳も新コンビで参戦！,https://news.yahoo.co.jp/articles/fe5592ec883e9ea6ed886b2730556f6de5d65b2a,4/5(金) 8:00
mvwalk,MOVIE WALKER PRESS,地面を這って少女が近づき…戦慄の行動を起こす！“悪魔の子”ダミアン誕生の秘密に迫る映像を独占入手,https://news.yahoo.co.jp/articles/8b2a45e1e0391347683b3f1863532ce22c26c366,4/4(木) 21:30
mvwalk,MOVIE WALKER PRESS,「五臓六腑で体感してほしい」ブランドン・クローネンバーグ監督が語る『インフィニティ・プール』の裏側,https://news.yahoo.co.jp/articles/a7338f48ee521d2219e25cc563a009f351c2256d,4/4(木) 20:30
mvwalk,MOVIE WALKER PRESS,俳優界＆歌舞伎界＆声優界＆お笑い界から集結！『ゴジラxコング 新たなる帝国』日本語吹替声優発表,https://news.yahoo.co.jp/articles/4071f1132add0761ab6aae9bcf90cf5b79dbce3d,4/4(木) 20:00
mvwalk,MOVIE WALKER PRESS,公開25周年を迎えた「マトリックス」の新作映画が動きだす！ウォシャウスキーズに代わり、ドリュー・ゴダード監督が大抜擢,https://news.yahoo.co.jp/articles/140061c5210bcf310fd5e2234847fe10039a1b7e,4/4(木) 19:30
mvwalk,MOVIE WALKER PRESS,タイ発の新世代ホラー・ムービー『フンパヨン 呪物に隠れた闇』術式人形の恐怖を描く本予告公開,https://news.yahoo.co.jp/articles/0a0f2b32407636cd3038a460f919481e7a3f0c65,4/4(木) 19:00
mvwalk,MOVIE WALKER PRESS,サーチライト製作で『ローズ家の戦争』をリメイク！ベネディクト・カンバーバッチ＆オリヴィア・コールマンが夫婦役に,https://news.yahoo.co.jp/articles/bc38cacb56915355d6bc96c518a94b388ebd0793,4/4(木) 18:30
mvwalk,MOVIE WALKER PRESS,実在の事件をもとに描く衝撃の韓国社会派サスペンス『罪深き少年たち』本予告＆場面写真,https://news.yahoo.co.jp/articles/befad637c30f56f471d74464179ee98863f2fa3c,4/4(木) 17:00
mvwalk,MOVIE WALKER PRESS,韓国ノワール『貴公子』白石和彌、やまもり三香、宇垣美里らからコメント＆イラスト到着！,https://news.yahoo.co.jp/articles/7a7eb9828cc045f45d31eddd4497d8119c983e78,4/4(木) 16:00
mvwalk,MOVIE WALKER PRESS,『赤羽骨子のボディガード』劇場用幕間映像＆クランクインコメント映像が到着！ラウールは「かますぞ！」と気合十分,https://news.yahoo.co.jp/articles/dfc84824366fa672f06018ecccaa83bcd93df17a,4/4(木) 12:00
mvwalk,MOVIE WALKER PRESS,SABU監督韓国デビュー作『アンダー・ユア・ベッド』男の歪んだ愛情を映す本予告＆ポスタービジュアル,https://news.yahoo.co.jp/articles/036ff82c08f630f5f4b1ac7d55e32ee3977815b7,4/4(木) 12:00
mvwalk,MOVIE WALKER PRESS,次世代アーティスト十明がインスパイアソングを書き下ろし！『違国日記』新ビジュアル＆予告映像が公開,https://news.yahoo.co.jp/articles/ff76edd5375be5044ea8aeaca80a8ea0a4819e09,4/4(木) 8:00
mvwalk,MOVIE WALKER PRESS,なにわ男子、大西流星映画初主演！『恋を知らない僕たちは』齊藤なぎさ、猪狩蒼弥ら共演で映画化,https://news.yahoo.co.jp/articles/6feffaba961fa7a360d8f6355d74fcd229f9b521,4/4(木) 7:00
mvwalk,MOVIE WALKER PRESS,緒方恵美がナレーションを担当！『陰陽師0』晴明の迫力の呪術シーンを映した特別PV「呪術最強編」,https://news.yahoo.co.jp/articles/a605b71899f492fa9db86f835b9d5d69fbf27807,4/4(木) 7:00
mvwalk,MOVIE WALKER PRESS,『食人族』の新録日本語吹替版には実力派声優陣のあんな声まで…凄まじい作り込みをガチレビュー！,https://news.yahoo.co.jp/articles/e7bb9e71a280dd5d86804498ee5df04f77be143c,4/3(水) 20:30
mvwalk,MOVIE WALKER PRESS,内田雄馬＆和泉風花の出演決定！『数分間のエールを』フレデリックの主題歌が流れる本予告が公開,https://news.yahoo.co.jp/articles/7dacdd8b15cac8cac5559f2932e406c04346e7e3,4/3(水) 19:00
mvwalk,MOVIE WALKER PRESS,ポン・ジュノも太判！夜に怯える夫婦を描く韓国映画『スリープ』日本公開決定,https://news.yahoo.co.jp/articles/2beefc5217f3a7af186e5492da62409b929efe56,4/3(水) 18:00
mvwalk,MOVIE WALKER PRESS,『オーメン』から半世紀…“悪魔の子”ダミアン、苦悩と闘争の道のり,https://news.yahoo.co.jp/articles/0bd041df3a733bd6d11bb54327ae9339993e08f8,4/3(水) 17:30
mvwalk,MOVIE WALKER PRESS,クリストファー・ノーランが『オッペンハイマー』IMAX撮影を振り返る「巨大IMAXスクリーンで歴史的瞬間を体感してほしい」,https://news.yahoo.co.jp/articles/a1c5f11940e5e6c75b4662e34e7f18ed39928b55,4/3(水) 17:00
mvwalk,MOVIE WALKER PRESS,1位はA24『パスト ライブス／再会』！今週公開作品のMOVIE WALKER会員“みたい映画”ランキングを発表！,https://news.yahoo.co.jp/articles/dcf71d28cf9174dc28fd48178e38a5e03052c687,4/3(水) 15:30
mvwalk,MOVIE WALKER PRESS,「リアルで現実的なロマンス」「せつないながらも前向きになれる」…共感する人続出の『パスト ライブス／再会』が描く人生の美しさ,https://news.yahoo.co.jp/articles/bfb67203f87bc346387d59f1b8ed317f2adf6ddf,4/3(水) 14:30
mvwalk,MOVIE WALKER PRESS,『ジョーカー』最新作の邦題は『ジョーカー：フォリ・ア・ドゥ』に！10月11日日本公開決定,https://news.yahoo.co.jp/articles/288b1316f7c77d3d01cc4a25a2a1d6d830182372,4/3(水) 12:00
mvwalk,MOVIE WALKER PRESS,スターのシャイな一面を切り取るロマンティックな本編チラ見せ『プリシラ』コラボTシャツも発売,https://news.yahoo.co.jp/articles/1938878f5b3a4089aee3dcecc5da2dae354cb02e,4/3(水) 12:00
mvwalk,MOVIE WALKER PRESS,眞栄田郷敦『ブルーピリオド』に「撮影が楽しくて楽しくて」と愛情爆発！高橋文哉＆板垣李光人＆桜田ひよりと紡いだ青春,https://news.yahoo.co.jp/articles/73a7340454ffdf5d979c15579601a28db7734ceb,4/3(水) 9:30
mvwalk,MOVIE WALKER PRESS,平泉成が80歳にして初主演！佐野晶哉が共演に『明日を綴る写真館』6月公開決定,https://news.yahoo.co.jp/articles/e3f4c8ad231323f7a9e6ad194113398df92d4ac8,4/3(水) 6:00
mvwalk,MOVIE WALKER PRESS,思わず涙を流す場面も！パク・ミニョン約5年ぶりの来日ファンミーティングレポート,https://news.yahoo.co.jp/articles/243f29966b214ae334c76a12dce97064969246eb,4/2(火) 19:30
mvwalk,MOVIE WALKER PRESS,眞栄田郷敦、高橋文哉、板垣李光人、桜田ひより共演で『ブルーピリオド』実写映画化が決定！22時からライブ配信も,https://news.yahoo.co.jp/articles/375247b658db7e9558fe89d48bd4a7c58edcc7b3,4/2(火) 19:00
mvwalk,MOVIE WALKER PRESS,「この映画がどんな人にも響くといい」死別した両親との再会を描く『異人たち』キャスト&監督が込めた想いを語る,https://news.yahoo.co.jp/articles/8a9800b431b192b37c1799f7c785095693ac39d3,4/2(火) 18:30
mvwalk,MOVIE WALKER PRESS,横浜で「スター・ウォーズ」「ハリー・ポッター」「ファンタビ」特集上映が決定！,https://news.yahoo.co.jp/articles/5dda361bcb5bd5bab6cf89decaab6e43ed5a98d8,4/2(火) 18:00
mvwalk,MOVIE WALKER PRESS,主人公と初恋の相手、いまの夫が語り合う『パスト ライブス／再会』本編映像,https://news.yahoo.co.jp/articles/8ad3cc444ef6d791c449d5779d152ee66a8e0e48,4/2(火) 17:00
mvwalk,MOVIE WALKER PRESS,アカデミー賞ノミネートのサスペンス・スリラー『ありふれた教室』緊張感漂う日本版予告,https://news.yahoo.co.jp/articles/dfce595d017b40b6a604cbfc69591e92ecae76e2,4/2(火) 17:00
mvwalk,MOVIE WALKER PRESS,【ネタバレレビュー】どうする虎永！最大の危機と衝撃に声が漏れる「SHOGUN 将軍」第7話,https://news.yahoo.co.jp/articles/f5f27bae1b3b11eb89f348e03f04404899135d19,4/2(火) 15:30
mvwalk,MOVIE WALKER PRESS,1976年6月6日生まれ“和製ダミアン”と評されたバイきんぐ小峠英二、『オーメン』を「初めて観た」と告白＆魅力を実感！,https://news.yahoo.co.jp/articles/e92a5d67c166190e4c4d559db70a879b86313575,4/2(火) 13:28
mvwalk,MOVIE WALKER PRESS,「SHOGUN 将軍」真田広之＆二階堂ふみが対談！真田は「おふみさんで良かった」と絶賛,https://news.yahoo.co.jp/articles/79ca934a40eb4b14b8c0dcab79b7eeb4a19d73e0,4/2(火) 11:00
mvwalk,MOVIE WALKER PRESS,『青春ジャック』の当時を知るシネマスコーレ元従業員が語る、映画館をつくる人々の熱気と名古屋ミニシアターのこれから,https://news.yahoo.co.jp/articles/d9cdbc61be2d9d3552328cbab88374da0a9bf56f,4/1(月) 21:30
mvwalk,MOVIE WALKER PRESS,国内動員は『変な家』がV3！待望の日本公開を迎えた『オッペンハイマー』に、“アカデミー賞効果”はあったのか？,https://news.yahoo.co.jp/articles/9151329d17630cc5f4302ce6c362bf447ccd70a4,4/1(月) 21:00
mvwalk,MOVIE WALKER PRESS,超大作ドラマ「SHOGUN 将軍」公開記念！MLB始球式イベントで真田広之と山本由伸が共演,https://news.yahoo.co.jp/articles/4152c3beb2f7e4b084885654f08248d24acbec88,4/1(月) 20:00
mvwalk,MOVIE WALKER PRESS,『プー あくまのくまさん』第3弾が早くも始動！増えつづける名作の“マッド化”…クロスオーバー映画も計画中,https://news.yahoo.co.jp/articles/47c1b8e937c921dfd7707842d1c5e4e9d24f5799,4/1(月) 19:30
mvwalk,MOVIE WALKER PRESS,ブルース・スプリングスティーンの伝記映画が製作へ！ジェレミー・アレン・ホワイトが主演の最有力候補に,https://news.yahoo.co.jp/articles/be8d8a1d837e918ea941a8cbcea6ace36fdadba8,4/1(月) 18:30
mvwalk,MOVIE WALKER PRESS,『ゴジラxコング 新たなる帝国』アダム・ウィンガード＆『ゴジラ-1.0』山崎貴の日米ゴジラ監督対談実現！,https://news.yahoo.co.jp/articles/fdaa2452fb77c87280bffe914a7458f7a9ca9e5f,4/1(月) 18:00
mvwalk,MOVIE WALKER PRESS,「真田広之のたどり着いた地平に祝福の気持ちが溢れた」日本のクリエイター陣が「SHOGUN 将軍」へ贈る、惜しみない称賛の声,https://news.yahoo.co.jp/articles/2b1aee6c11e4eff16fd8febfe12b77c831bc2a29,4/1(月) 12:30
mvwalk,MOVIE WALKER PRESS,主役はイソベやん!?映画『デデデデ』のスピンオフ映画『テテテテ』が爆誕？,https://news.yahoo.co.jp/articles/a846a94b3820c4fdd2366a4967063adfbde149eb,4/1(月) 12:00
mvwalk,MOVIE WALKER PRESS,庵野秀明が「宇宙戦艦ヤマト」50周年特別企画をプロデュース！出版企画やイベントも予定,https://news.yahoo.co.jp/articles/450a3fc29a085d447b0d3a8d1ea356f6f6134351,4/1(月) 8:00
mvwalk,MOVIE WALKER PRESS,山下美月、倉悠貴、西垣匠が就活生に！『六人の嘘つきな大学生』“裏の顔”が垣間見えるティザー映像も公開,https://news.yahoo.co.jp/articles/19a38a95c3af4607abc759984e2776bed21890c2,4/1(月) 4:00
mvwalk,MOVIE WALKER PRESS,「rurumu:(ルルムウ)」デザイナーの東佳苗が“衣装”から読み解く『哀れなるものたち』。ガーリーな雰囲気のなかで描かれる、痛烈な社会風刺,https://news.yahoo.co.jp/articles/156dde8a0590e44996e17b45d73c73ffe5f479ca,3/31(日) 21:30
mvwalk,MOVIE WALKER PRESS,「ドラゴンボール」超サイヤ人・孫悟空からバニー衣装のブルマまで！「AnimeJapan 2024」を沸かせたハイレベル・コスプレイヤー30選,https://news.yahoo.co.jp/articles/0275d7a8f10bf78fff15f74a7a3c82204c127bb7,3/31(日) 19:30
