media_en,media_jp,title_articles,link_articles,date_original
jprime,週刊女性PRIME,「あの小学生だった寛子が…」超えるには高すぎる壁？島袋寛子にSPEEDの呪縛,https://news.yahoo.co.jp/articles/957b7ca01b5afe4c380e834de4df89dc2ed722e5,11/23(木) 11:02
jprime,週刊女性PRIME,大谷翔平と「ハイタッチしてキス」MVPよりも注目された、話題沸騰の“愛犬”のヒミツ,https://news.yahoo.co.jp/articles/87915144c261c6de84fb20ddba0e049b35d0c2ff,11/23(木) 8:02
jprime,週刊女性PRIME,立ち居振る舞いや感性・価値観が「雅子さまにそっくり」愛子さまが挑む新年の大舞台,https://news.yahoo.co.jp/articles/d689e11934b94a9a193ef781192e3c96e91d0db0,11/23(木) 7:02
jprime,週刊女性PRIME,「本当の意味でのBL」GACKTに聞いた『翔んで埼玉』の“豪華な”撮影舞台裏,https://news.yahoo.co.jp/articles/aa823cab1fad7e574055ece833d4aaa6d4ca85ab,11/23(木) 6:02
jprime,週刊女性PRIME,《天井裏からシャワー室のぞき見で逮捕》名門校のマッチョ教師が学校広報誌に載せた“ナルシスト”プロフィール,https://news.yahoo.co.jp/articles/cf63f936a8c79e16f18121d23249b7c6ceb40d25,11/23(木) 5:32
jprime,週刊女性PRIME,「山崎高騰しすぎ」にウイスキーの話？ FA争奪戦が加熱するオリ山崎に4年12億円提示は過大評価なのか,https://news.yahoo.co.jp/articles/79899fd2179903de792b3482cafa948f488190c7,11/23(木) 5:02
jprime,週刊女性PRIME,『新しい学校のリーダーズ』セーラー服で歌うオトナ歌詞に「生理的に無理」紅白の“お茶の間”が凍る？,https://news.yahoo.co.jp/articles/123728de89b86a137ab2a0018027a29c15eff848,11/22(水) 21:02
jprime,週刊女性PRIME,「子どもが殺されてるのに…」“ディカプリオの再来”ハリウッド俳優が紛争ジョークで世界的大炎上,https://news.yahoo.co.jp/articles/f25fa95b18242ce42834c36e22181056191d79d2,11/22(水) 20:02
jprime,週刊女性PRIME,「局アナ時代よりも今がイイ！」田中みな実の“美”を作る美容整形メニューは「意外と安い」,https://news.yahoo.co.jp/articles/15617823d19433b92c5696ea02f7ad9433c1e64a,11/22(水) 19:02
jprime,週刊女性PRIME,「羽生結弦は女性蔑視」で炎上した妻“実名”報道の地元紙の言い分「文章の書き方で読み手の捉え方は変わる」,https://news.yahoo.co.jp/articles/25e8d48d4c0a1b29c007666d6ba5910f4b7b0ad2,11/22(水) 18:32
jprime,週刊女性PRIME,「仕方ない」「迷惑系も役に立つ」サッカー日本代表W杯予選、テレビ放送ナシで“違法配信”を数十万人が視聴,https://news.yahoo.co.jp/articles/8e9e1d53a767e2ff103dc23c6f7529f6054e3e14,11/22(水) 17:02
jprime,週刊女性PRIME,「逃げたように感じてしまった」羽生結弦の“妻を守る”英断に中国のネットでは厳しい反応も,https://news.yahoo.co.jp/articles/6f00e568a0e6c3d63cd5333afc5f706c66fb0a87,11/22(水) 16:02
jprime,週刊女性PRIME,「実子でもキモい」「仲良し」森田剛の“義娘の耳を甘噛み”スキンシップ写真が物議、りえの元夫の心情が心配,https://news.yahoo.co.jp/articles/a61ba7d3e519589fc03598b3985f043f508eda80,11/22(水) 12:06
jprime,週刊女性PRIME,子どもの習い事のために“1500万円のピアノ”を購入！浮気すら許せてしまうアレクサンダーの魅力,https://news.yahoo.co.jp/articles/03af0f2705401b67a01c367c7974a4048caf8d00,11/22(水) 11:02
jprime,週刊女性PRIME,日本の皇室で見る「いい夫婦」の愛と絆、上皇ご夫妻・天皇皇后両陛下・秋篠宮ご夫妻の歩み,https://news.yahoo.co.jp/articles/096967f481d2544efb6b33fb3a1081f69adfc63e,11/22(水) 8:02
jprime,週刊女性PRIME,大沢あかねが明かした夫・劇団ひとりの器用さ「めちゃくちゃできた人なんです、人間的に」,https://news.yahoo.co.jp/articles/67f2743bee06fa34168a9c7e18a6315d79935c53,11/22(水) 7:02
jprime,週刊女性PRIME,藤本美貴＆庄司智春の夫婦円満の秘訣「うちは子どもの前でも全然チューしますよ」,https://news.yahoo.co.jp/articles/be0203bc906ab53f84591c436be44b3a58e99517,11/22(水) 6:02
jprime,週刊女性PRIME,赤井英和夫婦「僕がすぐに謝る」絶対にケンカにならない、力関係“100対0”の素敵な関係,https://news.yahoo.co.jp/articles/d5479fa7c3c6c0026b176d807419d3b00d726a08,11/22(水) 5:02
jprime,週刊女性PRIME,「払い戻しがない」宝塚いじめ騒動のウラで勃発、ファンクラブが悲鳴を上げた非情な返金トラブル,https://news.yahoo.co.jp/articles/d2ad8e08758ebcb4d7afbb91ff16f433837be114,11/21(火) 21:02
jprime,週刊女性PRIME,「怒りしかない」GACKT、主演舞台で物販爆売れ“武勇伝”の真相に観客から批判殺到,https://news.yahoo.co.jp/articles/f9e6b3d028b0fb6b575b6f4290d45573a9ac0449,11/21(火) 18:32
jprime,週刊女性PRIME,「全然おもんない」粗品の暴走ディスり芸で露呈した“お笑い第七世代”の厳しい現状,https://news.yahoo.co.jp/articles/650eb7446a5ef0ee99bbaefc11eb4164dacf3bc1,11/21(火) 18:02
jprime,週刊女性PRIME,「金も体力も心もなくなった」宝塚私設ファンクラブの“ブラックすぎる”実態にネット戦慄,https://news.yahoo.co.jp/articles/9e34a513a0e2dd9c74bb99f999e82387689e3a7c,11/21(火) 17:32
jprime,週刊女性PRIME,「Snow Manと激似」ロゴに続き、北山宏光の新曲も“パクり”扱いされる『TOBE』の受難,https://news.yahoo.co.jp/articles/96ee6056b9b1c61c2cca3298d30f783224fb9667,11/21(火) 17:02
jprime,週刊女性PRIME,「禁欲するな」旧ジャニ“新社長”福田淳氏「快楽主義こそ正義」時代に逆行“パリピ”言動,https://news.yahoo.co.jp/articles/964218bc4c1bba97f5f9c810e29908fe1dc3cc48,11/21(火) 16:02
jprime,週刊女性PRIME,「根っからの悪人なんていない」元タカラジェンヌが明かす劇団員の“本性”と無責任「素人P」の存在,https://news.yahoo.co.jp/articles/52708bbf687eafd850e5015bf13683e0edb8c210,11/21(火) 11:02
jprime,週刊女性PRIME,「不自然さが逆にいい」「一周回って欲しい」人気キャラの“魔改造”パクり商品が大バズりの怪,https://news.yahoo.co.jp/articles/34b86efaae7f9baa60a37b365f4810daacabe14c,11/21(火) 10:31
jprime,週刊女性PRIME,「泊まっていきなよ」クリスタル・ケイの母が語る、セレブ大物歌手とのマル秘エピソード,https://news.yahoo.co.jp/articles/1bc711c452eebb119e36198a8f6e3298bb0bda1a,11/21(火) 8:02
jprime,週刊女性PRIME,「あやなんって誰やねん」新聞読む若者が急増、背景に“タイパ”重視のスタンス,https://news.yahoo.co.jp/articles/3aa15111fb637e3ace0176b0b074eec047d4a24f,11/21(火) 6:02
jprime,週刊女性PRIME,旧ジャニ不在で頼みの綱はK-POPとバンド、紅白歌合戦に秘められた「NHKの思惑」,https://news.yahoo.co.jp/articles/ce7c4870ad6d9ec67c5e91e91b715df1833f484b,11/21(火) 5:02
jprime,週刊女性PRIME,東山紀之が逃げた！旧ジャニーズに被害者救済を申請した元Jr.が弁護士から告げられた「誠意なき変更」,https://news.yahoo.co.jp/articles/b58423236f5a45de44b7e22d8a4f25b8d76384c5,11/20(月) 21:02
jprime,週刊女性PRIME,YOSHIKI、盟友HEATHさん急逝で際立つ「劇的かつ多すぎる」大切な人の死,https://news.yahoo.co.jp/articles/9968b7cf6bada315684cb9e26393f76162f32ea1,11/20(月) 18:02
jprime,週刊女性PRIME,【追悼秘話】「歌いつないで」KANさんが子どものために作詞作曲、保育園に贈っていた記念歌と“愛”,https://news.yahoo.co.jp/articles/763261bb85dee46008a8ab8d1dd8efb174c93086,11/20(月) 16:18
jprime,週刊女性PRIME,《復活してほしい音楽番組》2位『夜のヒットスタジオ』を抑えて1位に輝いたのは伝説の番組,https://news.yahoo.co.jp/articles/fd29d851eeca5e9bfee3718298a45e221e09fc28,11/20(月) 11:02
jprime,週刊女性PRIME,82歳でも現役パート店員 “ノジマのばあば” が語る接客の喜び「仕事があったから介護もできた」,https://news.yahoo.co.jp/articles/42325876652af84b11ed6ca8ad7e9e2c9d7b04fd,11/20(月) 8:02
jprime,週刊女性PRIME,《復活してほしい教養報道番組》2位の『ズームイン!!朝!』を抑えて1位に輝いた意外な紀行番組,https://news.yahoo.co.jp/articles/e1cf82682c238b858cb6902ce8b6b6bc23ed1663,11/20(月) 7:02
jprime,週刊女性PRIME,65歳女性が両親と叔母夫婦、平均年齢91歳の4人を介護「正直、地獄。Xデーを指折り数えています」,https://news.yahoo.co.jp/articles/4d9a9d4bbc2b691da2229a7f65cebe027c3fb7f5,11/20(月) 6:02
jprime,週刊女性PRIME,木南晴夏、板谷由夏、小池栄子らバイプレイヤーが続々とドラマ主演！アラフォー女優大躍進のワケ,https://news.yahoo.co.jp/articles/ad08188637d702a9c4f1af1e96a1822a77900da7,11/19(日) 21:02
jprime,週刊女性PRIME,「もはや別人」「なんで韓国に寄せたの？」紅白初出場バンド、劇的イメチェンの裏に活動休止の過去,https://news.yahoo.co.jp/articles/3db5bfc37b555df6fefb1b3f61ec85ed0b2c379e,11/19(日) 20:02
jprime,週刊女性PRIME,「まるで空気扱い」バスケ代表・河村と“熱愛バレ”したアイドル練習生のオーディション結果が残酷すぎる,https://news.yahoo.co.jp/articles/5c479ef26e8ec387ed8edd0b4e660d8f7c899012,11/19(日) 17:02
jprime,週刊女性PRIME,『キングオブコント』準優勝のカゲヤマ、岩崎う大は「勇気とアイデアの詰まった素晴らしいネタ」と大絶賛,https://news.yahoo.co.jp/articles/c9fec4ed5d700de6bb835d6c035dad42bd3ed7b2,11/19(日) 16:02
jprime,週刊女性PRIME,1回1分「ニパニパ」「ウーイー」あご筋トレでー5歳顔！輪郭の“もっさり”を取るプチトレ法,https://news.yahoo.co.jp/articles/fad1f5c0b47fed49dda57f59a994e04bf2f90cbc,11/19(日) 11:01
jprime,週刊女性PRIME,「さらに感じ変わったよね」北乃きい、テレビ出演の度にネットがザワついてしまう背景,https://news.yahoo.co.jp/articles/4362c1b4b94de5054938894d69396ede4141d0ae,11/19(日) 10:32
jprime,週刊女性PRIME,加藤茶・綾菜夫妻がそれぞれ新刊本を出版！加トちゃんが表紙で着ていたジャケットの驚くべきお値段,https://news.yahoo.co.jp/articles/9cd1167f0ff1167647e3396dc7877ab5d60637a9,11/19(日) 8:02
jprime,週刊女性PRIME,「やっぱり現場が好き」週に5日、訪問看護師として働く82歳の女性が実感した“ひとつしかない私の命”,https://news.yahoo.co.jp/articles/f9b153f00d23744a058b37cf9aa7922ff30b28a0,11/19(日) 6:02
jprime,週刊女性PRIME,窪塚愛流「芸能界への憧れはずっとあった」中学生でデビューも高3まで活動しなかった理由,https://news.yahoo.co.jp/articles/1da651c9621b0bb3fbef44e5303bfb983dda00d3,11/18(土) 21:02
jprime,週刊女性PRIME,「藤井フミヤに似てない？」次長課長・河本準一の20kg激ヤセ姿が話題「本人かと思いました」,https://news.yahoo.co.jp/articles/fb92d34aeec8573ad229879ddc6f6189ddc6962f,11/18(土) 18:02
jprime,週刊女性PRIME,「目標は赤いビキニでサーフィンする80歳」田中律子がタレントとして愛され続ける飾らない魅力,https://news.yahoo.co.jp/articles/d49704df80ce6a0ce25d8a0ccd13ededa5fdf4c6,11/18(土) 17:02
jprime,週刊女性PRIME,「セクシーでも似合ってもない」川口春奈の“大胆肌見せ”に賛否、日本人は露出に向いていないのか,https://news.yahoo.co.jp/articles/46a1490233354c20c812339ab5c15704c1a84e59,11/18(土) 16:02
jprime,週刊女性PRIME,「地獄を見る人が大勢いる」エコー診断の第一人者に聞いた“本当は怖い五十肩”,https://news.yahoo.co.jp/articles/2699a9ea926fd440f3f71c81c74ceecbe53175d2,11/18(土) 11:02
jprime,週刊女性PRIME,《NISA損得講座》新制度前に知りたい、お金のプロが伝授“選ぶべき銘柄”と“ほったらかし”の極意,https://news.yahoo.co.jp/articles/b6fbfe8a3526283502f73b835155c43834b7f952,11/18(土) 8:02
jprime,週刊女性PRIME,食事でがん患者の生存率も変わる！最新研究で判明した、抗がん効果がある「最強の食材」,https://news.yahoo.co.jp/articles/008a69c556f23a7bc00c564dfe6926905a5a0bbe,11/18(土) 7:02
jprime,週刊女性PRIME,《茨城・銃刀法違反と両親変死》「新撰組やりたい」逮捕の40歳コスプレ息子の異様宣言と配られた奇怪なビラ,https://news.yahoo.co.jp/articles/a90840bd42aa069d19c5ff37163052894e2e35de,11/18(土) 6:32
jprime,週刊女性PRIME,マナー講師を引退後、マクドナルドで働きはじめ「おもてなしリーダー」になった77歳女性の幸福論,https://news.yahoo.co.jp/articles/acc3a114bbe447a058707ba8c44c3d20bbaa6dfb,11/18(土) 6:02
jprime,週刊女性PRIME,「あまりにも可哀想」羽生結弦の電撃離婚にネット騒然、貫き続けた「相手を守る」意思,https://news.yahoo.co.jp/articles/6891e2642ce6e02409dfc1337603d5b5d3ac0b8d,11/18(土) 5:02
jprime,週刊女性PRIME,二宮和也、電撃独立の代償が早くも…遅刻の言い訳で露呈した「脆弱マネジメント体制」,https://news.yahoo.co.jp/articles/f752f8e0f9f5d81237ed10c2ad675454b4353d9c,11/17(金) 20:02
jprime,週刊女性PRIME,「痩せ続けて…」近影に異変が起こっていた三上真奈アナが休養発表、フジの女子アナが続々と異常事態,https://news.yahoo.co.jp/articles/29b7914c566f008665ee854c06ce367c91410aa3,11/17(金) 18:02
jprime,週刊女性PRIME,「キモっ」ハライチ岩井、電撃結婚もいまだ芸人仲間からは“祝福コメント”ほぼナシの理由,https://news.yahoo.co.jp/articles/6f32080f33fd04db07e5bebd629c64e4d8348f61,11/17(金) 17:02
jprime,週刊女性PRIME,「俺らを正解にする」目黒蓮がインスタ“挑発投稿”を向けた、NHK紅白ではない「本当の相手」,https://news.yahoo.co.jp/articles/1746988f9a41767de149d689d5dbd419b85acd53,11/17(金) 16:02
jprime,週刊女性PRIME,歌手生活45年の石川ひとみ、B型肝炎で受けた偏見・差別で「胸を張って生きよう」と決意,https://news.yahoo.co.jp/articles/8d10dab3d9de143848dec58633c5cf1b8e77d4be,11/17(金) 11:02
jprime,週刊女性PRIME,「クソ高いし、予約すら取れない」コロナ明けのホテル価格高騰で大阪が“泊まれない街”になっていた,https://news.yahoo.co.jp/articles/865302d4d34a7ec2858cd61fb64fe9e4c6cecef9,11/17(金) 8:02
jprime,週刊女性PRIME,「フワちゃんをガチで怒る人いる？」遅刻擁護で炎上のベッキー、みちょぱと明暗くっきり,https://news.yahoo.co.jp/articles/4796aba9aa41b0627d3e17683e37ca74df9f952e,11/17(金) 7:01
jprime,週刊女性PRIME,「大谷翔平のためのアナハイム再開発計画」も、エンゼルス残留のカギ握る美人市長の“ラブコール”,https://news.yahoo.co.jp/articles/7ea6170e776626429090c887cceda78690d1d920,11/17(金) 5:02
jprime,週刊女性PRIME,『いちばん好きな花』は『silent』になれない？ 視聴者が覚える違和感の正体は「登場人物」にあった,https://news.yahoo.co.jp/articles/d4de30ccb83d3af9bd62cf27e1b0c24bcd63e84f,11/16(木) 21:02
jprime,週刊女性PRIME,「心配とかまじでいらない」あのちゃん、将来を心配されるも反発！実は芸能界に“よくいるタイプ”,https://news.yahoo.co.jp/articles/14a1753fc509e10ea0338634b0001e1be398bdf1,11/16(木) 19:02
jprime,週刊女性PRIME,「おっさんかよ」私人逮捕系・煉獄コロアキの年齢にネット騒然「YouTuberは社会不適合者」ヒカルの断罪,https://news.yahoo.co.jp/articles/6fe0acffced83e13f67ebf045c69f2163d402cac,11/16(木) 18:02
jprime,週刊女性PRIME,山下智久、庶民派焼き鳥店で“ノンアル密会”、意識高めの「筋トレ英会話」目撃撮,https://news.yahoo.co.jp/articles/1662dbce762f31a439c18e9a6501ebacf81792db,11/16(木) 16:02
jprime,週刊女性PRIME,「別に…」「離婚」「クスリ」3つの騒動から見る女優復帰の沢尻エリカ「流されやすい」本性,https://news.yahoo.co.jp/articles/4dc436a960dc40d84c63e113d1cefa909bf3776e,11/16(木) 11:02
jprime,週刊女性PRIME,「もう白旗？」「ケチだし」中島宏之ら戦力外選手4人を獲得の中日、山川穂高争奪戦から早くも撤退か,https://news.yahoo.co.jp/articles/826bf2ad3c3f75f9c2ee6d9ae073e2c03519fc0e,11/16(木) 10:52
jprime,週刊女性PRIME,「女として見てたなら…」ハライチ岩井、19歳妻への過去投稿に「見返すとキツイ」ファン困惑,https://news.yahoo.co.jp/articles/e629a24906089dd67b9a0c098fcb157831c90039,11/16(木) 6:32
jprime,週刊女性PRIME,「“胸筋”なんだ」ネコ擬人化“美少女”風でもオス設定、自衛隊公式キャラの世界観がすごすぎた,https://news.yahoo.co.jp/articles/f545c76a6312663e3d6cba412af5a9bb80acf6c7,11/16(木) 6:02
jprime,週刊女性PRIME,45人殺傷『やまゆり園』系列で再び起きたヤバイ暴行事件　蹴る、叩く…「無口で内向的」介護士の素顔,https://news.yahoo.co.jp/articles/89f8af79d7961dab0ab1c275ba685a044620e954,11/16(木) 5:32
jprime,週刊女性PRIME,「もっと早くオファーを」竹中直人『翔んで埼玉』監督の大型映画現場でお得意の“秀吉ジョーク”,https://news.yahoo.co.jp/articles/6ae6f0161648c5664d4701e54930d0d2933999ac,11/16(木) 5:02
jprime,週刊女性PRIME,【紅白落選・四天王】旧ジャニーズ全廃でも出場しない米津玄師らに「今年の七不思議」落選した“真相”,https://news.yahoo.co.jp/articles/007279188ba3df1ec99b184967a0230a11486f6d,11/15(水) 22:02
jprime,週刊女性PRIME,向井理、ドラマ撮影現場で上白石萌歌に「バーテン指導」士気高める“リアル孔明”策略,https://news.yahoo.co.jp/articles/9a1307b9c57867d406d35ae4d96d75e2c7faf905,11/15(水) 20:02
jprime,週刊女性PRIME,Snow Man佐久間に続き…渡辺翔太、SMILE-UP.の住所に個人事務所を設立　旧ジャニーズと添い遂げる覚悟か,https://news.yahoo.co.jp/articles/e4c2d8741cff04ecfbd100167d47776786d6a6aa,11/15(水) 19:02
jprime,週刊女性PRIME,「オファー強要？」松本潤、大河共演・山田裕貴に“上から目線”酒酔い発言が物議,https://news.yahoo.co.jp/articles/f88e6f51e6f61f4f0170f40af66a1a37bb1b69ab,11/15(水) 18:02
jprime,週刊女性PRIME,ハライチ岩井が19歳“元おはガール”と結婚！未成年連れ込みで番組降板のアイクぬわらと何が違う？,https://news.yahoo.co.jp/articles/c15e65058638bd1147e239282397feee492bad3e,11/15(水) 17:36
jprime,週刊女性PRIME,「芸能界引退から逮捕まで」ハロプロ25周年の“光と闇”明暗別れるOGたちの現在地,https://news.yahoo.co.jp/articles/c84fc49ac1c29bb695eb73f24ad43723b7e795c0,11/15(水) 16:02
jprime,週刊女性PRIME,「写真とあまりにも違う」スシローの『茄子の揚げびたし』が“ペラペラ”で炎上、渦中の同社が正式回答,https://news.yahoo.co.jp/articles/8bf12d8115756a9974607e2954a04ba9d1581155,11/15(水) 11:02
jprime,週刊女性PRIME,「昭和くさいイベント」時代錯誤に未成年参加、阪神優勝で議論勃発の“ビールかけ”は昭和の遺物か,https://news.yahoo.co.jp/articles/61356cb0ea40b2140a80501a104113b863eb217f,11/15(水) 8:02
jprime,週刊女性PRIME,ペルー訪問の佳子さま、ブローチ・ワンピース・振り袖も、ひしひしと感じられる“姉妹愛”,https://news.yahoo.co.jp/articles/14b5b10b9cb97ae382a80fb629bafb51577b5333,11/15(水) 7:02
jprime,週刊女性PRIME,不倫“狂乱動画”流出でも斉藤由貴「ノーダメージ」背景にトラブル現場の謎と“魔性”の功名,https://news.yahoo.co.jp/articles/11c4ae728c988adfbcd1b164d49ca73d129020da,11/15(水) 6:31
jprime,週刊女性PRIME,「じぃはやめて」阪神ファン渡辺謙が孫に自身を“J”と呼ばせるワケ、娘・杏は呆れ顔,https://news.yahoo.co.jp/articles/f0d500f934f3e6254c1a1accdf2dff425da1b4f5,11/15(水) 6:02
jprime,週刊女性PRIME,「今年何回やらかしてるの」Snow Man公式サイトが渡辺翔太の主演ドラマ決定をフライング発表してしまう,https://news.yahoo.co.jp/articles/424157c90453941ecb8a8bba7db5be869ba42a05,11/15(水) 5:02
jprime,週刊女性PRIME,「娘を利用して幸せアピですか」木村拓哉と静香のラブラブ写真解禁に賛否、透ける“影のプロデューサー”,https://news.yahoo.co.jp/articles/933e553b017d0ae4a981ce08a30782b22e9efe4a,11/14(火) 21:02
jprime,週刊女性PRIME,ジャニーズの新会社名？ ネットで噂の『ハレノオト株式会社』はSnowMan佐久間が代表取締役だった！,https://news.yahoo.co.jp/articles/ffb6b237e288718460c1d63cf1b0f0acea60243e,11/14(火) 20:02
jprime,週刊女性PRIME,なにわ男子・高橋恭平と熱愛報道のグラドル、長尾謙杜の“彼女”とも1年前に“繋がっていた証拠画像”,https://news.yahoo.co.jp/articles/87c190f55f16fe973d86e0ae919ff32ff484bb00,11/14(火) 18:02
jprime,週刊女性PRIME,将棋・羽生善治九段の私服の「クセが強い」自身でデザインしたパーカーは「個性的すぎて…」,https://news.yahoo.co.jp/articles/e9496c2cc73f45ec0a633ffbbd98b5ce3dad3364,11/14(火) 17:02
jprime,週刊女性PRIME,宝塚は恋愛自由、東京公演で合コンするジェンヌも！知ってるようで知らない歌劇団のルール,https://news.yahoo.co.jp/articles/2f55f334e7dc1a5cb2f3da65346ecbf816085bc4,11/14(火) 16:02
jprime,週刊女性PRIME,「降板、引退じゃない」木の実ナナ、マネージャーが明かす『あぶない刑事』出演しない本当の理由,https://news.yahoo.co.jp/articles/6d4816c0aea8eceb08821cbf44f96f3d5de1ed10,11/14(火) 11:02
jprime,週刊女性PRIME,「髪がごっそり抜けて鬱に」クリスタル・ケイの母シンシアが乗り越えた『東日本大震災』と母の助け,https://news.yahoo.co.jp/articles/ed002e8c71325de54d635fd871b10ab808dc9fa8,11/14(火) 8:02
jprime,週刊女性PRIME,「ほほえみのプリンセス」ペルー訪問の佳子さまから垣間見えた「眞子さんへのリスペクト」,https://news.yahoo.co.jp/articles/4acad26b9044457b02f9a52b09125e37a5a3f9f5,11/14(火) 6:02
jprime,週刊女性PRIME,“お忍び学園祭”を楽しんだ愛子さま、公務デビューを慎重にならざるを得ない理由,https://news.yahoo.co.jp/articles/af368d55bbb1bc622a0c5554d94d665c05d3cd8c,11/14(火) 5:02
jprime,週刊女性PRIME,生田斗真が母の会社の“代表取締役”に、ジャニーズ会見直後に見せていた「独立の決意」,https://news.yahoo.co.jp/articles/be54d7b75b960230a2c902c41fd6914db10f1bbd,11/13(月) 21:02
jprime,週刊女性PRIME,『新・あざと女子』ランキング！2位の吉岡里帆、3位の石原さとみを抑えて1位に輝いた女優,https://news.yahoo.co.jp/articles/44903c1957f6e70b4cdefcf04fed8aec188302a8,11/13(月) 16:02
jprime,週刊女性PRIME,テレビ黄金世代1000人に聞いた《復活してほしい番組》3位「鉄人」2位「ひょうきん族」を抑えた1位は,https://news.yahoo.co.jp/articles/f80db0cb3584ebbfed15ce19c5bb153457493c4a,11/13(月) 11:02
jprime,週刊女性PRIME,「全然笑えない」木下優樹菜を4年ぶりに地上波復帰させたフジテレビの“笑い”は時代錯誤か,https://news.yahoo.co.jp/articles/2844353ccc46efd2645ab056b7c48668c3932cf0,11/13(月) 6:32
jprime,週刊女性PRIME,《最強の温活》現代人の病気はほぼ低体温が原因!? みそ・スパイス・運動で冷え知らずの身体に,https://news.yahoo.co.jp/articles/848d4183c50037b6178f72a26cd64d77ae2af551,11/13(月) 6:02
jprime,週刊女性PRIME,《生活保護水際問題》録音テープに残された「死ぬしかない…」困窮男性を追いやる福祉事務所の違法行為,https://news.yahoo.co.jp/articles/244331db572809557f968a4d3f3f1027ce2414d9,11/13(月) 5:02
jprime,週刊女性PRIME,水着グラドルから苦節20年で“初の連ドラ主演”、木南晴夏を培った芸達者ぶりと玉木宏の献身的サポート,https://news.yahoo.co.jp/articles/889c290d1728e5f7d4824204199abb58f231e825,11/12(日) 21:02
jprime,週刊女性PRIME,中森明菜『北ウイング』を聞いた28年間疎遠の実兄「まるで目の前に明菜がいるような感覚でした」,https://news.yahoo.co.jp/articles/2805e6a1d6b5db4fd44fa51d10721c057b5b7e0d,11/12(日) 17:02
jprime,週刊女性PRIME,「女っぽさをバカにしている」名門男子校の“レベル高すぎ”女装コンテストが炎上,https://news.yahoo.co.jp/articles/6271836e337145d70c68bc3459a580bf8a004ce7,11/12(日) 16:46
jprime,週刊女性PRIME,「お金に執着も名誉欲もない」40歳で作家デビューしたゲイバーママが語るブレない“生き方”,https://news.yahoo.co.jp/articles/01d9a30ecf729eb101a908595835dde86fe2fc1a,11/12(日) 16:02
jprime,週刊女性PRIME,お米もお肉もスイーツも我慢しないで15kg減！50代からの「糖質しっかり」ダイエット法,https://news.yahoo.co.jp/articles/6b0dcc6de512c0e52f4796af485494e1a0b7f38f,11/12(日) 11:02
jprime,週刊女性PRIME,「信頼ぶっ壊し」なにわ高橋恭平、裏切りの“匂わせ”に「道枝くんかわいそう」永瀬廉にも余波,https://news.yahoo.co.jp/articles/b701a11fac598c19371be3a9e6370029f44f5caf,11/12(日) 11:02
jprime,週刊女性PRIME,【どうなる紅白】旧ジャニーズ出演「ゼロ濃厚」で名前があがった4組の韓流“男性グループ”とNHKの皮算用,https://news.yahoo.co.jp/articles/6c8eed70674c82ab9060a50f44d0141062f14af7,11/12(日) 7:32
jprime,週刊女性PRIME,通販やネットショッピングは“真夜中が一番売れる”には理由があった、睡眠不足の人ほど「無駄遣い脳」,https://news.yahoo.co.jp/articles/faea157f2c5df9f1915e64bbbedc3e4cea17b460,11/12(日) 7:02
jprime,週刊女性PRIME,ダイアナ妃のセーターが1億6000万円で落札、ファッションも生きざまもいつの時代も最先端,https://news.yahoo.co.jp/articles/9b4ab1534b4d13a4346863839feb2b6c7228d592,11/12(日) 6:02
jprime,週刊女性PRIME,資産2億円が半分になったことも！川合俊一のスゴイ投資歴「毎日500万円減っていく」,https://news.yahoo.co.jp/articles/51a1d62abc883fa4b3e4323eef1a6d3138538f9d,11/11(土) 21:02
jprime,週刊女性PRIME,「悪口を聞いたことがない」X JAPAN・HEATHさん、ミュージシャン仲間が語る本当の素顔,https://news.yahoo.co.jp/articles/17e8746c86db8dc386c733bc31e003156dc8d318,11/11(土) 20:02
jprime,週刊女性PRIME,「民度低すぎ」歌舞伎町・刺されたホストを応急処置した男性が語る真実、見て見ぬふり異様現場と誹謗中傷,https://news.yahoo.co.jp/articles/cc79d214d7d69be3f604a25aeab2acd2338a2612,11/11(土) 19:02
jprime,週刊女性PRIME,「あきれ果てた」なにわ男子・高橋恭平のスキャンダルにファン失望、“ぴえん写真”が流出した過去も,https://news.yahoo.co.jp/articles/0a1196b5ca4e4bbe59abd576b036d4569db32a22,11/11(土) 18:02
jprime,週刊女性PRIME,後藤真希「Vtuber変身」成立する背景に“伝説の歌手”想起させる波乱人生と存在感,https://news.yahoo.co.jp/articles/717f26e804e907b371519703f48b89d3abd072be,11/11(土) 17:02
jprime,週刊女性PRIME,悪評だらけのインボイス制度、損をしない節税法は「主婦でも会社を作る！」そのハードルは意外と低かった,https://news.yahoo.co.jp/articles/f73e6032ae66343ea6aa4489179f14d4c852cc31,11/11(土) 16:02
jprime,週刊女性PRIME,「勘違いも甚だしい」KAT-TUN上田のネットニュース批判に賛否、“性加害問題への意識の低さ”露呈か,https://news.yahoo.co.jp/articles/cedf997a0f68815df195b46835b649df6b975018,11/11(土) 12:02
jprime,週刊女性PRIME,発症から数時間で失明の危機も！小柄なシニア、急な頭痛は要注意「危険な緑内障」,https://news.yahoo.co.jp/articles/522adcf7eb3acfb13fa5a9ad28f8207b3d09b704,11/11(土) 11:02
jprime,週刊女性PRIME,「黒歴史」神木隆之介『ゴジラ-1.0』大ヒットで払拭される佐藤健の“大コケ作品”,https://news.yahoo.co.jp/articles/87caff7d0003188d8aba42496da062cf6b80d952,11/11(土) 9:02
jprime,週刊女性PRIME,ピークは1月＆2月！電気代に怯えず冬を快適に過ごすための《電気代爆下げワザ8選》,https://news.yahoo.co.jp/articles/1ac6dd2590fb8d54e0253783ae907b73027f886c,11/11(土) 8:02
jprime,週刊女性PRIME,「自分の母校で、子どもも卒業生」小学校に“テロ予告”した51歳ママの闇、学校側が語った混乱の1日,https://news.yahoo.co.jp/articles/d4945d975053f06fe66901bb18cd10d42eb3f63c,11/11(土) 6:32
jprime,週刊女性PRIME,ストレスが減る“秒で片づく”収納術！「まずは家事の“めんどくさい”を徹底的に洗い出す」,https://news.yahoo.co.jp/articles/553d9e622f2305e108e7fc9f9ca048a211ac4859,11/11(土) 6:02
jprime,週刊女性PRIME,西島秀俊は「完璧」内野聖陽は「寸胴」大人気『何食べ』W主演の“ボディ”をプロが品評！,https://news.yahoo.co.jp/articles/7f0e18b09061b9b409aeaa5d24acd1cf315882d4,11/10(金) 21:02
jprime,週刊女性PRIME,篠原涼子、50歳を迎えて思う恋愛観・人生感・美意識「“自分のために”をもっと大切に」,https://news.yahoo.co.jp/articles/d731c1a4a223d8fe75b2311da653adbc05f24248,11/10(金) 18:02
jprime,週刊女性PRIME,「さすがに笑えない」女子アナが半強制で“貝殻ビキニ姿”披露が物議、フジの改善しないコンプラ意識,https://news.yahoo.co.jp/articles/2ecaef20fdbc8188c6e3ebde72a05c6613d17831,11/10(金) 17:02
jprime,週刊女性PRIME,「信者ビジネスと言われても仕方ない」X JAPAN・Toshlの化粧品が完売も、ファンが本当に望むモノ,https://news.yahoo.co.jp/articles/e5fb735921df5bff5b1b8faf716f756bfd7e680c,11/10(金) 16:02
jprime,週刊女性PRIME,ジャニー氏の“象徴”アイテムが爆売れ中！フリマでは定価の倍、ウケ狙いの不謹慎ブーム,https://news.yahoo.co.jp/articles/28d6edb6c29ceb34968e600a0dd9e34c4978a50a,11/10(金) 11:02
jprime,週刊女性PRIME,伊藤沙莉、二股かけられた18歳年上の劇作家と観劇デート！俳優息子とも談笑する“正妻感”,https://news.yahoo.co.jp/articles/8f1a864c9a8d5edbe74b45e01e6fa9745ea96a3b,11/10(金) 8:02
jprime,週刊女性PRIME,永瀬廉に聞いたデートで映画を見るときに「いいな」と思う相手のリアクション,https://news.yahoo.co.jp/articles/7c937ef1051f0f5ef168ae716c090d6fa1080604,11/10(金) 7:02
jprime,週刊女性PRIME,NHK朝ドラ『ブギウギ』趣里を「ユニークな子」と大絶賛！“母親”役の水川あさみが現場に残した“遺産”,https://news.yahoo.co.jp/articles/b4175ce616a6dcd103a86461a03612cc78a1abbb,11/10(金) 6:02
jprime,週刊女性PRIME,稲垣吾郎が抱く“欲”「昔ほどギラギラしなくなってきている」も、大切にしている唯一の欲深さ,https://news.yahoo.co.jp/articles/0ae4c79c1296560241d60d65a3b46d1a685a655a,11/10(金) 5:02
jprime,週刊女性PRIME,独立発表の生田斗真は「フリーになっても問題なし」囁かれる背景に華麗すぎる芸能界交友録,https://news.yahoo.co.jp/articles/b4a3e391d025814668600f55db3e1f263895f859,11/9(木) 20:02
jprime,週刊女性PRIME,「おじさんならイジってもOK」世にはびこる“女尊男卑”、女性首相なら「増税メガネ」は流行らなかった,https://news.yahoo.co.jp/articles/3a387bddd8de62f844b5a072d1ced6e072b4ad71,11/9(木) 19:02
jprime,週刊女性PRIME,「これが整形のリアル」費用1300万円・10回以上も手術した人気ユーチューバーの訴えに感謝と共感,https://news.yahoo.co.jp/articles/30566438d09c0313468289d11180586ee2820d13,11/9(木) 18:02
jprime,週刊女性PRIME,「親族の意思とは別」HEATHさん報道に苦言のYOSHIKI、自分は“喪服自撮り”の匂わせSNSに総ツッコミ,https://news.yahoo.co.jp/articles/90e5216e003aa778d854a3e727088186c3595de0,11/9(木) 17:02
jprime,週刊女性PRIME,【動画入手】秘書暴行で辞職した元国会議員がガールズバーでトラブル！ 出動した警察に威嚇の“壮絶現場”,https://news.yahoo.co.jp/articles/631651fdf46cd81e4c84ffb8608be16543bf10e7,11/9(木) 16:02
jprime,週刊女性PRIME,「地下ドルみたいなことすんな」Aぇ！group、学園祭で女子学生への“過剰ファンサ”に賛否,https://news.yahoo.co.jp/articles/80751156ec744b8d9da3f40d1b6868f73d84d380,11/9(木) 15:02
jprime,週刊女性PRIME,大谷翔平の「常に平常心で試合に臨める」「逆境も楽しむ」泰然自若な“鬼メンタル”,https://news.yahoo.co.jp/articles/04245f32b08785a26e528d57213596ca8d192b54,11/9(木) 11:02
jprime,週刊女性PRIME,「ばばあ、早く辞めろよ」雇い主や同僚からの罵詈雑言、“死ぬまでバイト”シニア貧困のリアル,https://news.yahoo.co.jp/articles/ee20ec237e0494072ce551b0ab92a96cf6480604,11/9(木) 8:02
jprime,週刊女性PRIME,『シウマイ弁当』がマフラーになってファン歓喜！「採算は大丈夫？」を担当者に聞いた,https://news.yahoo.co.jp/articles/4775ebf909317e072a33b92a242017d995cc4099,11/9(木) 6:02
jprime,週刊女性PRIME,薬物騒動から復帰の沢尻エリカの初舞台、お相手は体重増減をものともしない“Mr.ストイック俳優”,https://news.yahoo.co.jp/articles/cbc209bcde808772d26d399a2fe95ff03bbf4afb,11/9(木) 5:02
jprime,週刊女性PRIME,「TOBEに入ると老ける？」元V6三宅、元キスマイ北山の顔に違和感を覚える“芸能界的”根拠,https://news.yahoo.co.jp/articles/af425c8e7cf3584b271cac8c883a1b00611fcbf7,11/8(水) 20:02
jprime,週刊女性PRIME,ドラマも不調で崩壊寸前、失速する旧ジャニーズタレント！一方で勢いを増す「新勢力」,https://news.yahoo.co.jp/articles/b07b6b9a9af8bb4279bcc85409d539b1df73d76e,11/8(水) 19:02
jprime,週刊女性PRIME,「親の“女”感じたくない」新山千春、14歳下男性と再婚も「17歳娘と同居」なら心配の声,https://news.yahoo.co.jp/articles/b0e8609a82e499b8f2c19461e4131de1fe15d35d,11/8(水) 18:02
jprime,週刊女性PRIME,目黒蓮着用の『FENDI』リングが“めめ売れ”！ファンが後押しする『silent』女優との再共演,https://news.yahoo.co.jp/articles/3816fcc973f1872c7e718dd3e364073d58a43c5d,11/8(水) 16:02
jprime,週刊女性PRIME,《池袋暴走事故》遺族に脅迫電話、誹謗中傷する人々の“やられるほうが悪い”という歪んだ理論,https://news.yahoo.co.jp/articles/ed471d8fc27fbd793248fcb6cee9c5a3e78e5017,11/8(水) 11:02
jprime,週刊女性PRIME,小学校“脅迫”の疑いの旅行代理店51歳女、衝撃の犯行動機に夫は懺悔し…「いたって普通のママ」が堕ちた闇,https://news.yahoo.co.jp/articles/50a3c40436cda2291d87f2223aacf23dabe9732c,11/8(水) 10:02
jprime,週刊女性PRIME,「連日の公務で極限状態」秋の園遊会、雅子さまが招待客に見せた“渾身の愛”,https://news.yahoo.co.jp/articles/01d2e3a069d8e1db87934b14a97e023f0992ba1d,11/8(水) 8:02
jprime,週刊女性PRIME,《医師が解説》11月8日はレントゲンの日、撮影するときに「息を止めて」と言われるのはなぜ？,https://news.yahoo.co.jp/articles/e16fadb26a6e371179c6084dd89e22b40e74769f,11/8(水) 6:02
jprime,週刊女性PRIME,11月8日は「刃物の日」、家にあるもので“ハサミの切れ味”を復活させる方法があった,https://news.yahoo.co.jp/articles/55fe983068f34fa5208a890aee20ff581062144d,11/8(水) 5:02
jprime,週刊女性PRIME,FA報道の山川穂高は「恩知らず」ではない？ 西武球団の“出ていってほしい”本音と移籍の“お膳立て”,https://news.yahoo.co.jp/articles/a2ee3af9b0eeceb91acd6cca7de7036f588fe2e4,11/8(水) 5:02
jprime,週刊女性PRIME,金なし・ヒマなし・夢もなし!? ドラマに“貧困ヒロイン”急増の背景に「視聴者の共感」,https://news.yahoo.co.jp/articles/89a428ecaeb2d24579a49f8512bdb6ea25c7bd84,11/7(火) 21:02
jprime,週刊女性PRIME,冨永愛出演の東京都主催ファッションイベント「6億円」税金投入もSNSフォロワー1000人以下の悲惨,https://news.yahoo.co.jp/articles/d3052a3a90e6ccdd5adee187a58124dd1b2a375a,11/7(火) 18:06
jprime,週刊女性PRIME,「フォロワー稼ぎと言われ…」歌舞伎町ホスト刺傷、救護女性が明かす“SNS叩き”悲惨な現実,https://news.yahoo.co.jp/articles/6ac88bfca693d041ecd972f7f0c1b6bd91810955,11/7(火) 17:02
jprime,週刊女性PRIME,堺雅人の『VIVANT』続編が早くも始動へ！3部作・劇場版まで即決の『半沢直樹』スタイルではない事情,https://news.yahoo.co.jp/articles/4710d5ccfb0f88e2aa7b8860b67a85dd0f717963,11/7(火) 16:02
jprime,週刊女性PRIME,「地下アイドルと同棲している」元ファンが人気ジュニアの暴露開始でネットざわつく、証拠音声の公開も予告,https://news.yahoo.co.jp/articles/fd6a3412474cdb1d715b8732fe7323d5eacb74d8,11/7(火) 14:32
jprime,週刊女性PRIME,元乃木坂・深川麻衣に聞いた「結婚相手に求めるもの」と「アイドルやめて変わったこと」,https://news.yahoo.co.jp/articles/f284db2be927c863930eab36992fa8902e76e5e6,11/7(火) 11:02
jprime,週刊女性PRIME,「お金のために結婚したんだ」クリスタル・ケイの母シンシアが韓国のヒモ男と別れを決心した瞬間,https://news.yahoo.co.jp/articles/ab829d199ecdc179de0c79d63d625ebb37226ba5,11/7(火) 8:02
jprime,週刊女性PRIME,女性お笑い芸人4人がリバウンドしたダイエット“MEC法”に管理栄養士「おすすめできません」,https://news.yahoo.co.jp/articles/64fc58a5ddc904ba8f3cd8f944e838b8df330244,11/7(火) 7:02
jprime,週刊女性PRIME,「テレビ出すなよ」「ホストが正当化された」ローランド、歌舞伎町ホスト刺傷で批判の的は“とばっちり”か,https://news.yahoo.co.jp/articles/f0e53eeca5a4c2c3bb9e6c6c3e8c0d53fa81922d,11/7(火) 6:32
jprime,週刊女性PRIME,朝ドラ『あんぱん』《やなせたかしを演じてほしい俳優ランキング》3位は向井理、2位は小日向文世、1位は？,https://news.yahoo.co.jp/articles/c4b05ad6c57bb8c1a1b15f8deeeb0d02c94e7482,11/7(火) 6:02
jprime,週刊女性PRIME,「政策と真逆」小泉進次郎の山盛り紅生姜牛丼に総ツッコミ！紅生姜のテイクアウトは「3つまでです」,https://news.yahoo.co.jp/articles/b6f41aeb1bcc336e1e8fe59810c3f6f141db6868,11/7(火) 5:02
jprime,週刊女性PRIME,《ジャニーズ性加害》在籍確認は「口座と支払調書」も “ない人”がいる、元Jr.が嘆く補償の現状,https://news.yahoo.co.jp/articles/f8bdb8a54ca0232e5820bbf1c1e350a274c97ff6,11/6(月) 21:02
jprime,週刊女性PRIME,「歌舞伎町の日常がエグすぎる」ホスト刺傷事件から十数時間後にビルから人が落ちた…ネット騒然,https://news.yahoo.co.jp/articles/c670926e86b6daec3f9c9168cb0637a832748456,11/6(月) 20:02
jprime,週刊女性PRIME,二宮和也が独立後の新HPを実姉と制作中、“家族サポートのお手本”は帰路が一緒だった辞めジャニ仲間,https://news.yahoo.co.jp/articles/534e3641175e62c078d91c7f17fcfff1fa7610fa,11/6(月) 18:02
jprime,週刊女性PRIME,【宝塚】いじめ事件の報道後に“加担した劇団員”が情報誌の表紙に、スポンサーが下す決断,https://news.yahoo.co.jp/articles/0307c06c67d62a7c57bc465d93b8c91dc71cdf55,11/6(月) 17:02
jprime,週刊女性PRIME,岸田首相　増税メガネに開き直り・支持率最低でも“独裁色”強める背景に「な、選挙行かないだろ」の現実,https://news.yahoo.co.jp/articles/aa40cc5cb6cdea49e6dde9d692a4b445087bfacc,11/6(月) 16:32
jprime,週刊女性PRIME,《不倫有名人のトホホな迷言集》「やりました！」「一線は超えてはいない」認める男と言い訳女,https://news.yahoo.co.jp/articles/987e81d4f22e75ea7d9572e13dbd891f5bf78f52,11/6(月) 11:02
jprime,週刊女性PRIME,15kg減量→3か月で7kgリバウンドの大家志津香、プロテイン置き換えダイエットの落とし穴,https://news.yahoo.co.jp/articles/72018c3923f9d267a3701f1610273e267627f184,11/6(月) 8:02
jprime,週刊女性PRIME,加藤綾菜、地元の広島に帰省でお土産店で受けたサービス「加トちゃんに食べさせてあげて」,https://news.yahoo.co.jp/articles/5a3f8238d1907ed7a737768f0693600a7b8a613c,11/6(月) 6:02
jprime,週刊女性PRIME,「大金を貢がせた方にも問題あり」歌舞伎町ホスト刺傷事件で沸き上がった「色恋営業への規制論」に賛否,https://news.yahoo.co.jp/articles/9bb0e83192355c9703b58c449b4a088422cae1e7,11/6(月) 5:32
jprime,週刊女性PRIME,「熟女画像はかなり儲かる」小遣い稼ぎで女が女性を盗撮、卑劣すぎる“スマホ隠し撮り”の実態,https://news.yahoo.co.jp/articles/1fbb9726bd9dbf72ced3d4594e1f9d6ca6873c44,11/6(月) 5:02
jprime,週刊女性PRIME,紛争地域での取材は30年以上、戦場カメラマン・渡部陽一が目にした「ウクライナの真の姿」,https://news.yahoo.co.jp/articles/4670f2f571f2658ad4baa23c31a0a15501ded85d,11/5(日) 21:02
jprime,週刊女性PRIME,野村萬斎、狂言稽古と学生の“二刀流”に悩んでいた慶大卒息子を救った「高得点ルール」,https://news.yahoo.co.jp/articles/46f63dddb98a19b2368e78172820479305f3cbbd,11/5(日) 18:02
jprime,週刊女性PRIME,中川翔子、16時間断食ダイエット挑戦で「あっさり太るやんけ」栄養士が解く“適さない断食”,https://news.yahoo.co.jp/articles/ebba83c8ffee5b7b67bdc182c1f75d9e873eea6b,11/5(日) 17:02
jprime,週刊女性PRIME,『キングオブコント』王者に輝いたサルゴリラ、かもめんたる岩崎う大がシンパシーを感じる2つの理由,https://news.yahoo.co.jp/articles/3bf91d221338c065ec79e44226315968cdb80c77,11/5(日) 16:01
jprime,週刊女性PRIME,旬を迎えたカリフラワー、見た目が似ているブロッコリーと違ってなぜ生食向きなの？,https://news.yahoo.co.jp/articles/7b09601aefef6718e7d9856f254707a1ec1f9af6,11/5(日) 13:02
jprime,週刊女性PRIME,華原朋美、11キロの減量に成功してもリバンドしてる!? ダイエット後の自己管理の落とし穴,https://news.yahoo.co.jp/articles/2ae249323f6cf81d359075aca07d80ec5b886944,11/5(日) 11:02
jprime,週刊女性PRIME,郵便局立てこもり犯「銃を撃ちに行かないか」知人に言い放った戦慄の誘い、暴走老人のクレーマー素顔,https://news.yahoo.co.jp/articles/d815299b5e3ac6622a92c878e05e815f5f71c819,11/5(日) 10:02
jprime,週刊女性PRIME,フワちゃんの“遅刻キャラ”よりベッキーの“不倫報道”がずっとヤバイ「干される干されない」の分かれ目,https://news.yahoo.co.jp/articles/f39bab42464c51df782f382a6e67526b54de6e7d,11/5(日) 9:02
jprime,週刊女性PRIME,肥満は認知症とがんの原因にも…医師に「やせなさい」と言われたらとるべき10の行動,https://news.yahoo.co.jp/articles/1c47b363a53ac826d43559cb9a2349e861c00b76,11/5(日) 8:02
jprime,週刊女性PRIME,ジャニーズ問題のウラで鎮火した“MEGUMIの離婚騒動” 「広末涼子の不倫・離婚もこのタイミングなら…」,https://news.yahoo.co.jp/articles/72f576cdd4c80078993f89d418898ac2c35f8509,11/5(日) 7:02
jprime,週刊女性PRIME,「地上波から消える」関口宏が隠せぬ“衰え”と大橋巨泉さんに向けて語った“寂しさ”,https://news.yahoo.co.jp/articles/a1b7488a9f8be539ca44357fa51a06228d82d7b4,11/5(日) 6:02
jprime,週刊女性PRIME,SixTONES・田中樹、共演のWEST. 重岡大毅とは「あまりにもタイプが違いすぎる」,https://news.yahoo.co.jp/articles/5e507c974a3f513cad7d2e00a9ec18e0fa007fb6,11/4(土) 21:02
jprime,週刊女性PRIME,「NGリスト・セクハラ大歓迎・円満じゃねえだろ」失言続きのNEWS、危うい3人の今後,https://news.yahoo.co.jp/articles/b9e6567416f6faf9ee709ef774e18f8976e51818,11/4(土) 18:02
jprime,週刊女性PRIME,つむじの“大きなほくろ”は皮膚がんだった、転移があっても「子どもがほしい」39歳現役教諭の挑戦,https://news.yahoo.co.jp/articles/9bd3ba679e8ac6f812eb34b5be3bc0702e327d81,11/4(土) 17:02
jprime,週刊女性PRIME,「面積が日に日に増えてる」岩橋玄樹の“がっつりタトゥー”に支持派が急増！ 込められた「覚悟の証」,https://news.yahoo.co.jp/articles/ea2e67a9b76b54b261cbfe14b4188e1da7c57584,11/4(土) 16:06
jprime,週刊女性PRIME,普通の主婦から洋菓子研究家へ、チーズケーキを日本に広めた今田美奈子さん「まだ、夢の途中」,https://news.yahoo.co.jp/articles/67b35fbf12734bdcfd672c7415cd694c9ce8e21f,11/4(土) 16:02
jprime,週刊女性PRIME,嘔吐と下痢で便器が足りない！11月から急増する「冬の食中毒」専門医に聞いた正しい予防法,https://news.yahoo.co.jp/articles/a8fae32acf21f27b80c0a8dea6338eef2d94b4f0,11/4(土) 13:02
jprime,週刊女性PRIME,25周年の『チェキ』がZ世代に刺さって再ブーム！フィルム完売続出でアイドル業界が“煽り”を受ける理由,https://news.yahoo.co.jp/articles/acec09fddb7d88d2b8f8a4837bd421dc441db8f5,11/4(土) 13:02
jprime,週刊女性PRIME,5児のシングルマザーの敦子、新人助産師として病院勤めも2年目「子どものパワーが元気の源」,https://news.yahoo.co.jp/articles/d8503233211cec151bb1c7b139af141b9478112b,11/4(土) 11:02
jprime,週刊女性PRIME,がん予防・免疫向上・美肌効果！「まいたけ」のスゴイ力と栄養価を引き出すレシピ,https://news.yahoo.co.jp/articles/bd4750c48d33768c47fbfb1ab56a2a95fea53caf,11/4(土) 8:02
jprime,週刊女性PRIME,「誇張モノマネじゃなかった」羽生結弦、ダンス動画が大バズりも「蛙化」「共感性羞恥」イジられまくる,https://news.yahoo.co.jp/articles/079ad3786308c9c4f6c0a859e034cfdcb59d1c18,11/4(土) 7:02
jprime,週刊女性PRIME,「新しい男ができて…」40代ストーカー男が4階ベランダから侵入して30代女性と60代男性を刺した戦慄理由,https://news.yahoo.co.jp/articles/cbe700806a4b3bb9362a204acd4a8fe3207125da,11/4(土) 6:32
jprime,週刊女性PRIME,ズボラだから続く!? 節約3賢者のオリジナル“貯まる家計簿”をのぞき見！,https://news.yahoo.co.jp/articles/058f7d0959ba1181385ade9ff83be52a05d17923,11/4(土) 6:02
jprime,週刊女性PRIME,「住めるようなエリアではない」不倫報道の上原多香子、“ほぼ無職”で那覇の一等地に移住の謎,https://news.yahoo.co.jp/articles/7911842639e273cd31bbeb1a72c0b1ced0f04641,11/3(金) 20:02
jprime,週刊女性PRIME,「ヒガシを返して！」東山紀之が新会社社長を辞退でファン悲痛の理由、始まるタレントの大量離脱,https://news.yahoo.co.jp/articles/c1dfca0cbbaf9843e7af4e98538e591e46ab6cbb,11/3(金) 18:32
jprime,週刊女性PRIME,益若つばさ、ハロウィンコスプレ姿の投稿が賛否両論！「自分が騒ぎたいから？」無責任発言に強い風当たり,https://news.yahoo.co.jp/articles/3778cccf57cc43b8a5fd8cf822cdd93ea5b97201,11/3(金) 18:02
jprime,週刊女性PRIME,「やりたい放題」松本潤、小栗旬に大河“直々オファー”情報でパワハラ報道が再加熱,https://news.yahoo.co.jp/articles/617577f6a26abc3ff851e8f287c4ec8177e8d781,11/3(金) 17:02
jprime,週刊女性PRIME,"浅田舞、“ドタキャン・サボり""後の世界大会であっさり予選落ち 『金スマ』が伝えるペアの危機の本質的理由",https://news.yahoo.co.jp/articles/2ad74d0f65c9621ae117f72a2d7306acf55a5cad,11/3(金) 16:02
jprime,週刊女性PRIME,「やっぱナメてた」歌唱放棄の山崎まさよし、名古屋ライブ18曲披露でさらに際立つ“地方格差”,https://news.yahoo.co.jp/articles/b15703f5f6a8a0a809fd314b6c3d01f378d579aa,11/3(金) 12:52
jprime,週刊女性PRIME,末期のすい臓がんを告白、倉田真由美の夫・叶井俊太郎「くらたまには感謝しかありません」,https://news.yahoo.co.jp/articles/d78e7b09d7f2f50ad02151c56eccc154de6bd75d,11/3(金) 11:02
jprime,週刊女性PRIME,《全国ヘンな条例》「猿の餌付け禁止」「ワタリガニポーズ」「朝ごはん」ゆる・オモロ条例,https://news.yahoo.co.jp/articles/9ced5030f13615e076cf5d3bc495c8e5fb27f42d,11/3(金) 8:02
jprime,週刊女性PRIME,『ブギウギ』蒼井優の礼子が他界の衝撃、NHKが認めない「実在モデル」との共通点,https://news.yahoo.co.jp/articles/3c23dfcb2d6239ea4d52ebc05521250e0e283582,11/3(金) 6:02
jprime,週刊女性PRIME,「過去最悪」クマ出没背景に消えた“緩衝帯”と「市街地で人は何もしない」恐怖の“慣れ”,https://news.yahoo.co.jp/articles/9ccd4da35817d849eff4010d48cf691ea158ee71,11/3(金) 5:02
jprime,週刊女性PRIME,「新御意見ママ」風格爆上りの藤本美貴が支持される秘訣と、庄司智春との遠慮・NGなしの夫婦関係,https://news.yahoo.co.jp/articles/7519c5345e48fc8a5d3139ff6c130128bf04ba9d,11/2(木) 21:02
jprime,週刊女性PRIME,松下洸平、“永遠の好青年”を開花させた「2人のおじさんバイプレイヤー」の存在,https://news.yahoo.co.jp/articles/a33368a463ffa79fd876a66e331dbaa5d4288c15,11/2(木) 20:02
jprime,週刊女性PRIME,『いちばんすきな花』に『silent』川口春奈の“紬”が登場？ 期待高まる目黒蓮のカメオ出演,https://news.yahoo.co.jp/articles/c810cc720856913fe2aa032495ddbb5925bdec58,11/2(木) 18:32
jprime,週刊女性PRIME,香川照之が父・猿翁さんの法要で「豪快ツーブロック」喪服姿、参列者が異様に少ないワケ,https://news.yahoo.co.jp/articles/9863d248cec2f981ef31c0f9a8dc6744a15903af,11/2(木) 18:16
jprime,週刊女性PRIME,コムドット、騒音報道の直前にハワイでWデートを目撃 「きもちわる！」女性から毒づかれた不審行動,https://news.yahoo.co.jp/articles/5f55252ba986507840b1b2396b38aa019418bb44,11/2(木) 18:02
jprime,週刊女性PRIME,「モルモン教の家族が…」「倒錯した団体」斉藤由貴と6年不倫報道の医師が削除していた“戦慄の怪文”,https://news.yahoo.co.jp/articles/eb32b086cf290aa256bea91566d3a7bf1c23fb59,11/2(木) 16:02
jprime,週刊女性PRIME,お笑い怪獣も凍りついた！『徹子の部屋』で見せた黒柳徹子の“恐怖のドS天然”トーク,https://news.yahoo.co.jp/articles/bd114787aa3914c54e0ff6e83764b1c8c51c2c21,11/2(木) 11:02
jprime,週刊女性PRIME,「正気じゃない企画ばかり」松村邦洋が赤裸々に明かす『電波少年』時代の“とんでもエピソード”,https://news.yahoo.co.jp/articles/90d8e257249ff3148b5d6f9c38cba0eae4cf4912,11/2(木) 9:02
jprime,週刊女性PRIME,研ナオコの運動不足解消法は“趣味の水泳”、専門家も絶賛「研さんが美肌なのも納得です」,https://news.yahoo.co.jp/articles/55c2809042bdb86fe83553ebdf7530322cbf2a29,11/2(木) 8:02
jprime,週刊女性PRIME,大谷翔平が2028年に世界を熱狂させる？ 現地スポーツライターが語る“ロス五輪出場の可能性”,https://news.yahoo.co.jp/articles/f99f6a2e7ace0065a67f1d479e63b5d8ab5bd00c,11/2(木) 6:02
jprime,週刊女性PRIME,木村拓哉が「独立」ではなく旧ジャニーズと“新契約”を交わす背景に「2本の映画オファー」の義理立て,https://news.yahoo.co.jp/articles/e01146b8313040c0a37cf356136e0e72466a9123,11/2(木) 5:02
jprime,週刊女性PRIME,「はっきり言って詐欺」久光製薬がSnow Manら起用キャンペーン当選後にデザイン変更でファン怒り,https://news.yahoo.co.jp/articles/13ecc3f0bb6adb9606f595cc1084aee325835497,11/1(水) 20:32
jprime,週刊女性PRIME,「A.B.C-Zって感じして嫌なんだよね」SixTONES京本大我、疑惑の“ダメ出し音声”がSNSに流出,https://news.yahoo.co.jp/articles/298a2224cd46a9737e1b2312319cbb2f8253aebd,11/1(水) 17:02
jprime,週刊女性PRIME,本田望結の日本シリーズリポートに賛否「ミーハーな気持ちで近づくな」オリックスと阪神の“二股疑惑”も,https://news.yahoo.co.jp/articles/8e273c8a063378436e343320e5aeb3666bfef694,11/1(水) 16:06
jprime,週刊女性PRIME,【渋谷ハロウィン】特攻服コス・イキリ運転のバイク男性がタクシー追突事故で支払う“大きすぎる代償”,https://news.yahoo.co.jp/articles/6a162562ffc66aa74471d9f24a8024e392690d6d,11/1(水) 16:02
jprime,週刊女性PRIME,山口達也に復活の兆しも「アルコール依存症は完治しない」医師から見た“不安要素”,https://news.yahoo.co.jp/articles/2128dc76c500860572da6905cf5a949bab5cb5ec,11/1(水) 14:02
jprime,週刊女性PRIME,中森明菜が『北ウイング』セルフカバーで歌に復帰したワケと育ての親が明かす“録音トラブル”,https://news.yahoo.co.jp/articles/06bff19023e305df7e774025aac3e2538657d642,11/1(水) 11:02
jprime,週刊女性PRIME,松村邦洋「砂漠で遭難したときは死ぬかと」伝説の番組『電波少年』での過酷企画とモノマネの原点を明かす,https://news.yahoo.co.jp/articles/a0548026f498cecb9199f41d871b966420962289,11/1(水) 9:02
jprime,週刊女性PRIME,「彼はビザが欲しかっただけでした」クリスタル・ケイの母、14歳年下の韓国人DJと再婚もトンデモ事件,https://news.yahoo.co.jp/articles/397d362f7b44a16e051d70171229891019e2ef47,11/1(水) 8:02
jprime,週刊女性PRIME,《SHOW TIME》ファンもチームメートも世界中が“大谷ロス”「大谷翔平」波乱の今シーズン,https://news.yahoo.co.jp/articles/17a0fbcc07f51f401e6feaad9086405929123eec,11/1(水) 7:02
jprime,週刊女性PRIME,「大切な命」愛子さまが作文で綴っていた動物愛と、天皇ご一家がもたらす“動物愛護”への影響,https://news.yahoo.co.jp/articles/779e2f69a74918c5697c39766cc5d9b4a27a38b2,11/1(水) 6:02
jprime,週刊女性PRIME,「ジャニーズの救世主」道枝駿佑『マイハル』の“低体温男子”が「ハマり役」好演で話題,https://news.yahoo.co.jp/articles/5758c209bdc64b09f378fdd04d08079f443022f2,10/31(火) 21:02
jprime,週刊女性PRIME,「崇めすぎ」吉田沙保里、実家“体罰”発覚まで8年は「言えない圧」トンデモ施設名にも批判集中,https://news.yahoo.co.jp/articles/aae8a2f510b868ab68ac1c05a95adec39a24496f,10/31(火) 19:02
jprime,週刊女性PRIME,《男風呂で男子生徒に強制わいせつ》逮捕の吹奏楽部カリスマ顧問「局部を揉まれた」被害生徒の友人が告発,https://news.yahoo.co.jp/articles/eede571e3f6bdcaa60407678a0f1da3d7cf2385f,10/31(火) 18:36
jprime,週刊女性PRIME,『キングオブコント』王者サルゴリラを支えた2人の「先輩芸人」ブレイクの鍵握る「有名P」「元相方」,https://news.yahoo.co.jp/articles/9d34d16f1b2a0cce73bf1a40e0cbe14e53c8a130,10/31(火) 17:02
jprime,週刊女性PRIME,「白髪あります」元祖“癒し系”・飯島直子のすっぴん生活がSNSで話題！本格始動で再ブレイクなるか,https://news.yahoo.co.jp/articles/2d1c9785bf64fe9076ad6633186845749c3beba7,10/31(火) 16:02
jprime,週刊女性PRIME,《嫌いなSNSご意見番ランキング》2位三浦瑠麗と3位デヴィ夫人は僅差！2人を抑えた圧倒的1位は,https://news.yahoo.co.jp/articles/c356dd984011c38b60a666b7d1d93176e7fef8f1,10/31(火) 11:02
jprime,週刊女性PRIME,元セクシー女優・三上悠亜、台湾の始球式では「抵抗なし」意外な好感度に“今は今”の国民性,https://news.yahoo.co.jp/articles/70d24145e52a91898a9c76ba90549b965b2d566e,10/31(火) 8:02
jprime,週刊女性PRIME,松田翔太、不仲・別居報道の秋元梢との同伴“ハロウィンパーティー”で目撃された「夫婦の距離感」,https://news.yahoo.co.jp/articles/025dc31a9c864eb5cde27f27b918fdc686bdeed8,10/31(火) 6:02
jprime,週刊女性PRIME,《ハロウィーンを渋谷の誇りに》から一転、巨大看板で「来ないで」、渋谷区に聞いた切実な訴え,https://news.yahoo.co.jp/articles/82047207abb31e93d69f1925d2ea43b320ca04b4,10/31(火) 5:02
jprime,週刊女性PRIME,“バカ騒ぎの画”を撮ってこい！渋谷ハロウィン取材で“肩透かし”食らったテレビクルーの切実事情,https://news.yahoo.co.jp/articles/99264ddbbeb5256df0f1f24f1512dad0aeeb5a91,10/30(月) 22:02
jprime,週刊女性PRIME,「自腹でチケット購入」宝塚の“ブラック契約書”の内容に衝撃！団員が悲鳴を上げた100万円超えノルマ,https://news.yahoo.co.jp/articles/672146c95899c2e6eae79223719bdfef646c59f7,10/30(月) 21:02
jprime,週刊女性PRIME,「月9終わらせる“テロ”」「ひたすら寒い」大苦戦『ONE DAY』爆死の背景にフジの“バブル脳”,https://news.yahoo.co.jp/articles/ba136c5dbd08b0612f4125d9ce818fa63b96e298,10/30(月) 19:02
jprime,週刊女性PRIME,「人の打ち上げに来て何やってんだ！」BUCK-TICK櫻井敦司さんがブチギレた夜、“伝説のロックバー”店主が語る,https://news.yahoo.co.jp/articles/48cb780f96c4d0e8c7cf92992b2201444a381aca,10/30(月) 18:02
jprime,週刊女性PRIME,「嵐5人が集まった場で伝えた」二宮和也の“抜け駆け独立”、事務所残留派・松本潤との軋轢が再燃か,https://news.yahoo.co.jp/articles/1c72ff9351c4e5ea826703189b3e5559739b8557,10/30(月) 17:01
jprime,週刊女性PRIME,「フリーザ並みにパワーアップ」仲里依紗の激変するファッション“戦闘力”に中尾明慶もタジタジ,https://news.yahoo.co.jp/articles/70c737c881ada1d18cf3acfd508d637fb35f135d,10/30(月) 16:02
jprime,週刊女性PRIME,「芸人再生工場」ザコシショウと小峠英二がSMA芸人の躍進を分析「1度負けた人たちも芸人扱いしてくれる」,https://news.yahoo.co.jp/articles/1d7151250a7c163e7a9bb0ebd566057dd57d811a,10/30(月) 12:02
jprime,週刊女性PRIME,"趣里、杏、Koki,、ハマ・オカモトら二世芸能人、「実力派」と「七光り派」その分岐点",https://news.yahoo.co.jp/articles/ac61f25010f1ed497c66b1154aa1cec420a36414,10/30(月) 11:02
jprime,週刊女性PRIME,年間200件も増えている「〇〇の日」、『日本記念日協会』の代表が明かす審査基準,https://news.yahoo.co.jp/articles/5100703655f94f7872b09196bc0cc98c2d779749,10/30(月) 8:02
jprime,週刊女性PRIME,初婚と再婚2人の夫をがんで亡くした、子宮体がん・卵巣がん・肺がんを宣告された女性が語る「生きる」こと,https://news.yahoo.co.jp/articles/9adf5bc37cf435c0e7890bb14475eab22a5e4566,10/30(月) 6:02
jprime,週刊女性PRIME,《誕生50年》「すっぱい」「腐ってる」のクレームを乗り越えた“プレーンヨーグルト”の秘密,https://news.yahoo.co.jp/articles/5cb490128eabbdd9b48111143f1620258c026b52,10/29(日) 21:02
jprime,週刊女性PRIME,『下克上球児』好発進！野球ドラマは名作揃いの一方で、サッカードラマが不発の理由,https://news.yahoo.co.jp/articles/a0c5ec49854aba23da3b13d9b5c9b566dcb7fd1c,10/29(日) 19:02
jprime,週刊女性PRIME,《定年後の新たな選択》逃避か修行か、増加する60歳をすぎてからの「老後出家」の現実,https://news.yahoo.co.jp/articles/6b69e6c79edafd2dc7034f7f1cee8919bc8629b7,10/29(日) 17:02
jprime,週刊女性PRIME,「炎上しないすっぴん」研ナオコのオフショットが自然体すぎる　期待されるハロウィン仮装,https://news.yahoo.co.jp/articles/9f018d4aaee87657268fe539d8c9c532b6b51ca4,10/29(日) 16:32
jprime,週刊女性PRIME,「私は“下級国民”。死ぬまで差別と貧困を書き続ける」ホームレス から作家へ、赤松利市の衝撃人生,https://news.yahoo.co.jp/articles/9a44e6c9676f44fa648dd99ac9f09ee8d6409da0,10/29(日) 16:02
jprime,週刊女性PRIME,市毛良枝、実母の介護で気づき“90歳でも筋肉は成長する”！元気な生活を送るには「刺激が大事」,https://news.yahoo.co.jp/articles/f09d4da4d6f9da8e3abded5fb6db55416c79f65d,10/29(日) 13:02
jprime,週刊女性PRIME,【令和の終活】幸せな“逝きざま”ってなんだろう、プロが指南「今すぐやる6つのこと」,https://news.yahoo.co.jp/articles/201e68dedeaae1f0a99eaf4457a5cb0595b4b2a7,10/29(日) 11:02
jprime,週刊女性PRIME,「黒いのが出る」スタバのハロウィン限定フラペチーノを飲むと体に異変!? 同社広報が答えた“成分”,https://news.yahoo.co.jp/articles/a840b097c757b78b854df9423e7eee553ba604c3,10/29(日) 10:32
jprime,週刊女性PRIME,「本当に若返りたかった？」“架空の妹”になりすましの72歳女は勤務先でも「48歳」、“24歳サバ読み”の真相,https://news.yahoo.co.jp/articles/cc25309b3fc150048a1de4177fdffa32c8a06e2b,10/29(日) 7:02
jprime,週刊女性PRIME,韓国梨泰院圧死事故から1年「坂に近づいた途端に足をつかまれた」ささやかれる“心霊現象”,https://news.yahoo.co.jp/articles/9c7285c829a9cfe3b8a02d0ff19354c0f182d6c5,10/29(日) 6:02
jprime,週刊女性PRIME,《クリスマスディナーショーお値段ランキング》第1位は前年より1万1000円UPの「6万5000円歌手」,https://news.yahoo.co.jp/articles/a6496fa68a2bf4922fa9ef8ffba94ee7558556fe,10/28(土) 21:02
jprime,週刊女性PRIME,石井亮次アナ就任から1年で終了の『世界ふしぎ発見!』視聴率上々でも「コア層が観ない」コスパの壁,https://news.yahoo.co.jp/articles/16374fd5dab94e0f4960289e1530ec425af81231,10/28(土) 19:02
jprime,週刊女性PRIME,筋肉美コンテストで入賞！現役キャバ嬢が“筋トレ”に目覚めた理由、1日1食の過酷ダイエットの過去,https://news.yahoo.co.jp/articles/4a74762d0df265c334f96d38389c66e18df9f04d,10/28(土) 17:12
jprime,週刊女性PRIME,うつみ宮土理、ラジオ体操は「孤独感から解放される大事なひととき」心と身体のメンテナンス,https://news.yahoo.co.jp/articles/a13309fe2e08a84d85f80c3d809cf2426a24ff2a,10/28(土) 16:02
jprime,週刊女性PRIME,安かろう悪かろうは存在する！“格安インプラント”に潜む危険、歯科医が教える「ワルい歯科医」,https://news.yahoo.co.jp/articles/3e96fba04c09c5295e85972025e4f9b895bcd27b,10/28(土) 13:02
jprime,週刊女性PRIME,井ノ原擁護、セクハラ…有働由美子、史上最強の女子アナが最近ちょいちょい燃えるワケ,https://news.yahoo.co.jp/articles/4e7ec6c620ea2b40cb47f94865761df136a06b26,10/28(土) 11:32
jprime,週刊女性PRIME,「四股に高下駄に毎日バナナ」独特ルーティン南原清隆、“健康企画ゴリ押し”に番組スタッフ困惑,https://news.yahoo.co.jp/articles/675831b3fd7468b7c52cf033fc56159ab6cf7db6,10/28(土) 11:02
jprime,週刊女性PRIME,「母親も怖すぎ」吉田沙保里、実家“体罰”報道で明らかになった地元の異常な“一家神格化”,https://news.yahoo.co.jp/articles/8c111e59aaf70bceeb4fa313a652231fa6f2f92a,10/28(土) 9:02
jprime,週刊女性PRIME,貯まらない人に共通する“節約の落とし穴”！結局、ムダ遣いの「実質0円・半額・タイムセール」,https://news.yahoo.co.jp/articles/8fcb2a852b5008ba098e2ebfbaf1c46372a3f461,10/28(土) 8:02
jprime,週刊女性PRIME,火災保険料が最大30％値上げ！お金のプロが指南、今すぐ見直したほうがいい「ヤバい家」,https://news.yahoo.co.jp/articles/05f5d13019b729bb1bc0923ab34f91f6e6638cd9,10/28(土) 6:02
jprime,週刊女性PRIME,足首に小型カメラつけ…盗撮容疑の高校教師は隻腕の書道達人　事件直前の生徒たちへの訓話が皮肉すぎる,https://news.yahoo.co.jp/articles/12d7e797a876596898967c9c73be4d21a398ebfc,10/28(土) 5:32
jprime,週刊女性PRIME,「おわ、おわ～ん」日清CMからジャンポケだけが消えた「斉藤の不倫報道の影響か」同社が答えた,https://news.yahoo.co.jp/articles/32d2603830c8373f8839df68cc8d4965ad1d0d16,10/27(金) 20:12
jprime,週刊女性PRIME,「新田真剣佑のそっくりさん」人気美容師に盗撮疑惑、元アイドルが被害か　所属の美容院に回答求めるも…,https://news.yahoo.co.jp/articles/41dd51c7974666c1a88110e3fdcd4d699917ce41,10/27(金) 18:32
jprime,週刊女性PRIME,「ドン引き」三上悠亜、人気ジャニと熱愛報道前の“衝撃匂わせ”をファンが発掘「しつこい女」,https://news.yahoo.co.jp/articles/8550c5827b02ef4239eb51b9d8c9151513cb817a,10/27(金) 18:02
jprime,週刊女性PRIME,「雰囲気変わった？」福原愛が3か月ぶりにSNS投稿！「日本は無視」透ける“中国復帰”の目論見,https://news.yahoo.co.jp/articles/1db1e9340a6ef89f9130601aa04f2fee208a16aa,10/27(金) 17:32
jprime,週刊女性PRIME,一ノ瀬ワタル、ウサギ同伴デートが理想！好きなタイプは「ズカズカきてくれる」イノシシ系女子,https://news.yahoo.co.jp/articles/30ccf268278a400ee94b634fa32155e33474eb1c,10/27(金) 16:02
jprime,週刊女性PRIME,《池袋暴走・約1億4000万円の賠償命令》「寝るなよ！」過去の裁判で遺族が激怒した“上級国民”の態度,https://news.yahoo.co.jp/articles/3af19642c56e4a121e14b49d80c4fb16f8d10787,10/27(金) 15:46
jprime,週刊女性PRIME,「どの口が言ってる」NEWS加藤シゲアキの“したり口調”でジャニーズ批判に「さんざん守ってもらって」,https://news.yahoo.co.jp/articles/048fd873dbd3899189ea9b923cf1a8561c9b32a9,10/27(金) 11:17
jprime,週刊女性PRIME,“同業者追悼”に批判殺到のASKA「自論主張」のためについた大ウソと“客”への不義理,https://news.yahoo.co.jp/articles/a598a0269fc9a9b3044aa62648a5a873e59a30cc,10/27(金) 11:16
jprime,週刊女性PRIME,生活保護→自己破産の元ハロプロアイドル、芸術家転身のはずがSNSで“たかり生活”,https://news.yahoo.co.jp/articles/3abac1311b605afe6447e2fd81e562d69a4057d2,10/27(金) 11:02
jprime,週刊女性PRIME,駅や道路にある視覚障がい者のための「点字ブロック」は日本発祥だった、どうして黄色なの？,https://news.yahoo.co.jp/articles/8168b5986a24e4df57612d227c8ec70dcad92d2b,10/27(金) 8:02
jprime,週刊女性PRIME,「落ち方ヤバい」二宮和也、独立発表も主演月9大苦戦で「嵐はドラマより…」ファンの本音,https://news.yahoo.co.jp/articles/d3af5ff03e66dd3ee6f9b621afcbd98faae1c947,10/27(金) 7:32
jprime,週刊女性PRIME,『電波少年』が海外で“公開拷問”と話題、乱痴気騒ぎに人間大砲「コンプラ違反」平成の“異常”な番組3選,https://news.yahoo.co.jp/articles/6f16ad20d192aabc810e113a1a05ed5bc29d2e78,10/27(金) 7:02
jprime,週刊女性PRIME,"Koki, 肩出しリラックス写真投稿も、依然コメント欄閉鎖の“不穏”「何やっても炎上」一家の最後の砦はママ静香",https://news.yahoo.co.jp/articles/1f0de77dbb8d333c2d68219793904d91e9fb5980,10/27(金) 6:02
jprime,週刊女性PRIME,岡田准一、二宮和也ら旧ジャニーズ俳優の“独立宣言”で浮き彫りになった「何やってもキムタク」との差,https://news.yahoo.co.jp/articles/874c7ef8dcacb31bb281fc7a7072bc5f6a6bc053,10/26(木) 21:02
jprime,週刊女性PRIME,「現役感ありすぎ」美保純の『すき花』にSNS騒然、63歳とは思えぬ“若見え”の秘訣,https://news.yahoo.co.jp/articles/7fde443ea5cc57a4a4ba84c417842f03a953df01,10/26(木) 20:02
jprime,週刊女性PRIME,菅野美穂、“心のバランス”を保つための自分へのご褒美は「仕事かもしれない」,https://news.yahoo.co.jp/articles/a50115f77ad9bcc91b34cfffeb2ea478ce76c379,10/26(木) 19:02
jprime,週刊女性PRIME,「大谷の怪我を茶化してるやん」上原浩治氏 YouTubeでの問題発言が炎上、直近でも大谷翔平イジりが問題視,https://news.yahoo.co.jp/articles/17b562ee01c2c075144b72ecbebb90a2ede9c780,10/26(木) 18:02
jprime,週刊女性PRIME,【写真流出】平野紫耀らTOBE組が「お忍びビザ申請」、アメリカ大使館訪問でついに海外進出か,https://news.yahoo.co.jp/articles/7c3b7fe8566cf34f9ac8653817cf722430208dbd,10/26(木) 17:32
jprime,週刊女性PRIME,中島健人、ジャニ逆風の中…来年1月期の“連ドラ”主演が決まった理由　人気漫画の“ツンデレ”デザイナー役,https://news.yahoo.co.jp/articles/a7fb0d539054da9a868a0510ede93ae935a6d42a,10/26(木) 16:02
jprime,週刊女性PRIME,BUCK-TICK櫻井敦司さん、芥川賞作家の息子の作品に「性、暴力描写にショック」父親としての顔,https://news.yahoo.co.jp/articles/9ab08e18db8d3e2c6ee8255f480de071cf828d3e,10/26(木) 12:16
jprime,週刊女性PRIME,「4人で会社作るか」二宮和也、独立発表前に画策していた菊池風磨ら『ジャにの』メンバーの“引き抜き”,https://news.yahoo.co.jp/articles/c7ae62cc4450ba18189f94891d2379bb70f6fd79,10/26(木) 11:16
jprime,週刊女性PRIME,「マジでヤバイ！」W不倫騒動中の広末涼子が出没していた？ 居酒屋に飾られた“直筆サイン”の真相,https://news.yahoo.co.jp/articles/8f0894c471be8ec3efcadd7cb353a8008bdf04d6,10/26(木) 11:02
jprime,週刊女性PRIME,大谷翔平が選ぶのは優勝かチーム愛か、ドジャース移籍のカギ握る「侍ジャパンチームメイト」の去就,https://news.yahoo.co.jp/articles/5b7abfe944f5e55d1f2fccdacee3a41ec292f0be,10/26(木) 8:02
jprime,週刊女性PRIME,クセ柄も着こなす工藤静香と娘たち、“色あせない”木村拓哉ファミリーのすごいデニム愛,https://news.yahoo.co.jp/articles/8c757f3420351b99870e240deba7d44b5baa8d7d,10/26(木) 7:02
jprime,週刊女性PRIME,「噛まれた瞬間は痛みがなかった」クマに襲われた被害男性に聞いた、“生き残れた方法”とクマのその後,https://news.yahoo.co.jp/articles/2e7f55c8939527160db5c56419a8af55a338c656,10/26(木) 6:32
jprime,週刊女性PRIME,ジャニーズ新社名を特許庁が2度も“拒絶”していた、商標登録をする必要性は「さほどありません」,https://news.yahoo.co.jp/articles/735be249de4d828863647b35bcfad7bb4ef975ba,10/26(木) 6:02
jprime,週刊女性PRIME,《衝撃告白》「毎年40人を辞めさせるのが責務」元宝塚OG・スタッフが明かす“苛烈すぎる悪習”,https://news.yahoo.co.jp/articles/b489a45d98836a8bfee59633770e790c31f93439,10/26(木) 5:02
jprime,週刊女性PRIME,1日8件、9日間で300万円…海外出稼ぎ女子が語る“海外売春”の現実「シーツも変えてもらえない」,https://news.yahoo.co.jp/articles/c64e3161fb502119331ef530285a281622c432e7,10/25(水) 21:02
jprime,週刊女性PRIME,【追悼】BUCK-TICK・櫻井敦司さん「解散するなら死にます」過激に愛され続けた“カリスマバンド伝説”,https://news.yahoo.co.jp/articles/3ae95c18eaefd0f6e50caeb8f823b6058392e9f7,10/25(水) 18:02
jprime,週刊女性PRIME,バスケ河村勇輝と半同棲報道のアイドル練習生、審査動画の背景が「皮肉すぎる」物議に,https://news.yahoo.co.jp/articles/81b136f9e50153441952d807b99e5275a503ac76,10/25(水) 17:02
jprime,週刊女性PRIME,元テレ朝・富川悠太、ジュノンボーイ目指す「息子の応援よろしく」“古巣”に送っていた親バカLINE,https://news.yahoo.co.jp/articles/e2187b258bd42e4064e8b4ae3c3cd1315657e3c5,10/25(水) 16:01
jprime,週刊女性PRIME,霊能者役を演じた寺西優真、幸運をもたらせた「座敷わらし」と不思議体験を語る,https://news.yahoo.co.jp/articles/667e252263c03085fbb90b6838439483b7cac7fd,10/25(水) 15:02
jprime,週刊女性PRIME,WEST.桐山照史「口止めしないのかな」番組共演の社長がSNSで“コネチケ”“直筆手紙”公開にファン呆れ,https://news.yahoo.co.jp/articles/37cb6727b68a8b0e167a687a2e6e1ca5e73ff042,10/25(水) 12:06
jprime,週刊女性PRIME,「一生懸命、公務に」佳子さま、お召しものに負けない華やかな笑顔で4日連続公務のご活躍,https://news.yahoo.co.jp/articles/6d97f2a9b8dca64b7bb260aaa5766188811711cd,10/25(水) 11:02
jprime,週刊女性PRIME,吉永小百合の健康美は週2のプールと腹筋＆スクワット！高倉健さんに聞いて決めた腹筋回数,https://news.yahoo.co.jp/articles/0dc1ab9e551c2c74ab79bf2a730b41760c6374f4,10/25(水) 8:32
jprime,週刊女性PRIME,恋愛詐欺師「頂き女子」に4000万円貢がせた推しホスト「札束の山」犯行予告の衝撃投稿,https://news.yahoo.co.jp/articles/60421bdd56e0ac1e7f28e1e561c9eefe65634a08,10/25(水) 8:03
jprime,週刊女性PRIME,天皇皇后両陛下が25年ぶりに石川訪問、雅子さまが目尻を下げた「能」と「皇室」をつなぐ敏腕演出家,https://news.yahoo.co.jp/articles/1522d46b9621764cf843aa1056170a0fe356d92c,10/25(水) 7:02
jprime,週刊女性PRIME,『あさイチ』キャスター駒村多恵、16年目になる母の介護をきっかけに取得した2つの資格,https://news.yahoo.co.jp/articles/3492d1d11bda62a3cffff8c532502be012dfa2b0,10/25(水) 6:02
jprime,週刊女性PRIME,「資金源は？」大野智の“宮古島ビジネス”パートナーを直撃、昨年には櫻井・相葉も沖縄を訪れていた！,https://news.yahoo.co.jp/articles/e95f80e204fe38385f83a2c57226c625516a3d23,10/24(火) 21:02
jprime,週刊女性PRIME,『家政夫のミタゾノ』初期のブレブレ違和感と、第2の『相棒』を目指すためにやってはいけないこと,https://news.yahoo.co.jp/articles/b94e721174c4415b41fbb9ecddc7ce50632fbed4,10/24(火) 19:02
jprime,週刊女性PRIME,「服っていうか紐」水原希子のハイセンスすぎる私服が物議、世間の理解が追いつかない背景,https://news.yahoo.co.jp/articles/beebb6b00eddad05f45ec876f94f2cb9ffd5ba03,10/24(火) 18:02
jprime,週刊女性PRIME,市川猿之助、執行猶予付判決なら「また舞台に」香川照之が仕切る“追善公演”で復帰させたい思惑,https://news.yahoo.co.jp/articles/3cf300f1ba042409b4aa87699cfac45400d36a24,10/24(火) 16:02
jprime,週刊女性PRIME,「地方だから手抜き」山崎まさよしの“歌わないライブ”が荒れた本当の理由、都市部との“やる気”の差はあるのか,https://news.yahoo.co.jp/articles/5631188c6701cf02da30d697d18d636b32662ee5,10/24(火) 11:12
jprime,週刊女性PRIME,「母を支えることが、父の活力でした」財津一郎さんの息子が明かす、肌身離さず持つ亡き妻の形見,https://news.yahoo.co.jp/articles/5e837bfa116e5b605e67d44e108d9bef8507a769,10/24(火) 11:02
jprime,週刊女性PRIME,泣き出す客も…山崎まさよし「歌うのは疲れる」「CD買って」チケット払い戻しの“歌わない”異様ライブの中身,https://news.yahoo.co.jp/articles/8f11b5bb9365294f2c57b3abb0b7f3b8c83ee2da,10/24(火) 8:36
jprime,週刊女性PRIME,「母親がホスト通い」クリスタル・ケイの母シンシアがスクープされた当時の“心境”と娘への思い,https://news.yahoo.co.jp/articles/c29fd848fab40da626fa2e2435b6385c2b40e124,10/24(火) 8:02
jprime,週刊女性PRIME,「手続きとか間に合う？」旧ジャニーズ事務所、新社名の公募スタートもファンから心配の声,https://news.yahoo.co.jp/articles/cc1a4607b108a7c946b8fd08f3fb73d79bc48cad,10/24(火) 7:02
jprime,週刊女性PRIME,荒木由美子「義母の介護20年」認知症だったとは思えないほどしっかりした最期の言葉,https://news.yahoo.co.jp/articles/33d54e6cced0f7941828ff1918b1cb316004a1eb,10/24(火) 6:01
jprime,週刊女性PRIME,【もんたよしのりさん急逝】寒さも要因の大動脈解離、専門医が教える「気温差を防ぐ日常のコツ」とは,https://news.yahoo.co.jp/articles/50ec2fd77ecf9c00fc49d87c4c7d76a77f835e06,10/24(火) 5:32
jprime,週刊女性PRIME,「最大の武器で失敗」岡村隆史、アキレス腱断裂は休養・女性蔑視失言より大きな“壁”,https://news.yahoo.co.jp/articles/7bfceaaf51f4ae81547f3c2434c2cdc0e7a504f7,10/24(火) 5:02
jprime,週刊女性PRIME,橋本環奈がバラエティーで断る意外な“NG案件”と、周囲から「令和の美空ひばり」と呼ばれる所以,https://news.yahoo.co.jp/articles/bcea86ac04f6bc01b701e9679bcafb157fd51566,10/23(月) 21:02
jprime,週刊女性PRIME,「仕事を離れる不安はない」弘中綾香アナがマタニティ誌で語った“10年間の自信”とママタレの野望,https://news.yahoo.co.jp/articles/2e526e1eafbf3520eebb543144f9c8d2f2dc0455,10/23(月) 21:02
jprime,週刊女性PRIME,パンにカビが…SNS衝撃！『BASE BREAD』販売元が明かした“発生件数”と「特殊なカビ発生事情」,https://news.yahoo.co.jp/articles/11aea45b60b6ea957108b6bfd687a5949ff2065d,10/23(月) 20:12
jprime,週刊女性PRIME,『ベストヒット歌謡祭』でなにわ男子ら旧ジャニとの生共演が決まった“元ジャニ”、禁断の共演NG解禁へ,https://news.yahoo.co.jp/articles/62ef20afbbc609892577e03e1604168e4719fa97,10/23(月) 18:02
jprime,週刊女性PRIME,「本当に56歳!?」実力派シンガーが突如トレンド入り、 “スピリチュアル宇徳敬子”の名に「そこまで怪しくない（笑）」,https://news.yahoo.co.jp/articles/a4484efd18b1dab3ba2a9115273d429df5c90c7e,10/23(月) 17:02
jprime,週刊女性PRIME,谷村新司さん、人生を変えた「妻・孝子さんとの出会い」と語っていた“理想の死に際”,https://news.yahoo.co.jp/articles/6a0c6db500ad802588e618a302dd748c2d9969d9,10/23(月) 16:01
jprime,週刊女性PRIME,《生き方に憧れる元グラビアアイドルランキング》乙葉や若槻千夏を抑えて1位に輝いたのは,https://news.yahoo.co.jp/articles/758b6aa265fb6493871a7dd6e2ee4bbda4fc0847,10/23(月) 11:02
jprime,週刊女性PRIME,加藤茶、80歳で歴史にどハマり！週1で先生を招いて勉強会、妻・綾菜「脳トレ効果も抜群です」,https://news.yahoo.co.jp/articles/3ddc109310b464043db52ab4099363751b64cbbb,10/23(月) 8:02
jprime,週刊女性PRIME,埼京線・線路ダッシュ逃走した集団痴漢の容疑者は「子煩悩パパ」、“スリル好き”山男の本性,https://news.yahoo.co.jp/articles/f6065b99e449d042b928efef5cb1ab3ddddde31e,10/23(月) 6:32
jprime,週刊女性PRIME,「息が吸いたくても吸えない」若林にIKKOも発症した【過換気症候群】本当に苦しいその症状,https://news.yahoo.co.jp/articles/be506b931cc62c1e967096a523221956e0f21a55,10/23(月) 6:02
jprime,週刊女性PRIME,《介護生活12年を語る》安藤和津、カビの生えたお弁当で気づいた母の異変「この嘘つき、二重人格！」,https://news.yahoo.co.jp/articles/52f1ff95f76fa85fb7bf7bd4ad1a8c8989a8d3b5,10/23(月) 5:02
jprime,週刊女性PRIME,「そっくりすぎる」平野紫耀と高橋海人がそれぞれ投稿したダンス動画に「方向性一緒？」ファン動揺,https://news.yahoo.co.jp/articles/dd95f1f6a3f190ed2678072294eb9ca81033d769,10/22(日) 18:02
jprime,週刊女性PRIME,成田凌や北山宏光も着てる！木梨憲武の顔が“どデカ”プリントされた「5万円越え」トレーナー、即完の理由,https://news.yahoo.co.jp/articles/0505a53bf6844fdb1dc5b0feb5e7d3a55d16c17a,10/22(日) 17:42
jprime,週刊女性PRIME,三浦雄一郎さん、要介護4の認定を受けても富士山の頂上へ「誰でも何歳でも再出発はできる！」,https://news.yahoo.co.jp/articles/b8903f5f47e737750d65d7ec1c84bb0ff37a7e4a,10/22(日) 16:02
jprime,週刊女性PRIME,30代でも危ない認知症、期待の新薬が出るも「投与対象は約1％」医師が期待したい“特定の香り”,https://news.yahoo.co.jp/articles/716b4dddbee3742f602282e18990471a3c7adc83,10/22(日) 11:02
jprime,週刊女性PRIME,季節の変わり目は要注意「秋のNGスキンケア」美容家と肌再生医療専門家に聞いた正しいお手入れ,https://news.yahoo.co.jp/articles/d5197e1f61869ed1f198565f63252ead3b0852a6,10/22(日) 8:02
jprime,週刊女性PRIME,『サンデーモーニング』勇退の関口宏「噛み合わない会話」「読み間違い」不安視されていた“迷”司会ぶり,https://news.yahoo.co.jp/articles/a11c3c83ee0f7d4f5bc0cba9641b16b8d4a15d7c,10/22(日) 6:32
jprime,週刊女性PRIME,おいしく痩せる《キャベ活》 SNS総再生回数1億超えYouTuberの「太れないレシピ」,https://news.yahoo.co.jp/articles/439a64f2450351a8c241b6baeac2843619f41a26,10/22(日) 6:02
jprime,週刊女性PRIME,女子高生の死体遺棄容疑の28歳“ニート”、ごみ集積所で見せた意外すぎる素顔と「女児連れ回し」の過去,https://news.yahoo.co.jp/articles/6c71de166cad8573433cd7d1c3199544b8dccbe1,10/22(日) 5:32
jprime,週刊女性PRIME,市原隼人、週6で身体を鍛えるも身体が大きくなりすぎて「10キロ落として撮影に臨みました」,https://news.yahoo.co.jp/articles/0d8c435366289866f59e85595f110d790f0a4064,10/21(土) 21:02
jprime,週刊女性PRIME,「意識低すぎ」バスケ河村勇輝と熱愛発覚のアイドル練習生「“彼氏バレ”で脱落」疑惑の過去,https://news.yahoo.co.jp/articles/9f5f550552d21f08716bb8805fa85eeb250e9c8f,10/21(土) 18:02
jprime,週刊女性PRIME,『キングオブコント』優勝候補の「や団」、躍進の理由は「ツッコミを変えたこと」と分析,https://news.yahoo.co.jp/articles/42e35816db649bc9b40fad70b3e4fd01f4e302a7,10/21(土) 17:02
jprime,週刊女性PRIME,「このままじゃダメ」野性爆弾くっきー！が後輩芸人に見せていた意外な“アニキ肌”,https://news.yahoo.co.jp/articles/26bb1cbd5f205c9519434e82b106dd6201565aa3,10/21(土) 16:02
jprime,週刊女性PRIME,【注目】中高年がハマる「週末カジュアル農業」“いい年”してからの収入源と健康づくり,https://news.yahoo.co.jp/articles/1e09a833a80f61278f41b1e32a616150d5d826a3,10/21(土) 13:02
jprime,週刊女性PRIME,「人は背中から老けていく」背骨を動かし19kg減に成功した2児の母に聞く“話題のメソッド”,https://news.yahoo.co.jp/articles/5b8d7ce7cd0cdf426f299c5f6942682469b3d10e,10/21(土) 11:02
jprime,週刊女性PRIME,あやなん、“コロナ禍飲み会”謝罪撤回は「あまりに暴論で滑稽」ホリエモンになれない“覚悟の差”,https://news.yahoo.co.jp/articles/78e41096076c62e17be527287431d5c9afc8c81f,10/21(土) 10:02
jprime,週刊女性PRIME,回転寿司大手5店舗の「いま食べるべき」コスパ最強のネタ＆マル得の食べワザ,https://news.yahoo.co.jp/articles/09188ed62051786efa06dec27bb644974da6751e,10/21(土) 8:02
jprime,週刊女性PRIME,NGリストはなぜバレたのか？ ジュリー氏「オンナの悲しみ」告白、井ノ原快彦「いい人キャラ」でもイメージアップできなかったワケ,https://news.yahoo.co.jp/articles/fc3581d433dc9ca8e553072ea7938d3640af3afe,10/21(土) 7:02
jprime,週刊女性PRIME,医師が実践する『10秒お茶うがい』のすごい力！インフル＆コロナ予防に「確実な効果」,https://news.yahoo.co.jp/articles/413f2e10d697be934e0adfff2374512c744fc49d,10/21(土) 6:02
jprime,週刊女性PRIME,「車後部から足の先が…」東京・ひき逃げで被害者を2キロ引きずっても道路に血痕がない恐ろしい理由,https://news.yahoo.co.jp/articles/117a71f99f8d7993245aa99348f4b1548100a1ce,10/21(土) 5:02
jprime,週刊女性PRIME,「完全に営業妨害」Snow Manが訪れた飲食店をファンが特定で「回線パンク」懲りない暴走民の迷惑行為,https://news.yahoo.co.jp/articles/25760191197a89fac1d930c32e3cba99df1e7038,10/20(金) 19:06
jprime,週刊女性PRIME,「過保護すぎ」平手友梨奈、新事務所スタッフの対応にムロツヨシ主演ドラマ現場が困惑,https://news.yahoo.co.jp/articles/e14dec5886a2bddea32997bbbddb66ac063ca6e8,10/20(金) 19:02
jprime,週刊女性PRIME,「別人みたい」「すごく疲れてる」遠野なぎこに新彼氏発覚で幸せアピールも“不穏投稿”が多い理由,https://news.yahoo.co.jp/articles/1b39531c27b62129ab60d2e98f7da3d6fc44f6c8,10/20(金) 18:02
jprime,週刊女性PRIME,福山雅治、長崎への帰省頻度が増える背景に「新設スタジアムでこけら落としライブ計画」の地元愛,https://news.yahoo.co.jp/articles/ab0e26d18db17bdefdef28d4b8f479d391017f9a,10/20(金) 16:02
jprime,週刊女性PRIME,上皇后・美智子さま89歳に、ご静養の軽井沢で起きた警備増強の異変「こんなことは初めて」,https://news.yahoo.co.jp/articles/77fdd1e0afa42d02f1fbfe7c445b36e942666942,10/20(金) 11:32
jprime,週刊女性PRIME,浅田舞 『金スマ社交ダンス部』が密着も“大会ドタキャン&練習サボり”に業界から不満の声,https://news.yahoo.co.jp/articles/f1733ca3475792dbcc4eb376e1c7189a5e74e86f,10/20(金) 11:02
jprime,週刊女性PRIME,平野紫耀・神宮寺勇太・岸優太『Number_i』のデビュー曲を作ると囁かれるアーティスト,https://news.yahoo.co.jp/articles/694698f6f618c14e993a481788fc27fcb3c66a71,10/20(金) 10:32
jprime,週刊女性PRIME,「圧をすごく感じる」中島健人が堤真一に感じた意外なギャップと櫻井翔に言われた“ひと言”,https://news.yahoo.co.jp/articles/421d74ef4b4b713c5facf49d98ac787542186768,10/20(金) 7:02
jprime,週刊女性PRIME,レオナルド・ディカプリオは恋人が25歳を超えると破局説が浮上、それでもモテるレオ様の魅力,https://news.yahoo.co.jp/articles/82cfae5d7695c2aa3774fe085ea801bf58fded52,10/20(金) 6:02
jprime,週刊女性PRIME,「私はヤバい女じゃない」加護亜依の自己申告に呆れ声、詐欺師と同じ構造で説得力皆無,https://news.yahoo.co.jp/articles/f3978938c88344c7f51f735160eda668b5d95516,10/20(金) 5:32
jprime,週刊女性PRIME,山口達也の“自撮り姿”を盗撮した画像に「若作りに必死」ネットが驚いたピチピチファッション,https://news.yahoo.co.jp/articles/b93992832fc71983ddd38e4b5551ec75e7facaa5,10/20(金) 5:02
jprime,週刊女性PRIME,「日本一のグラドル」がプロ野球選手と真剣交際・妊娠報道も、オフに待ち受ける“無職で結婚”の不安,https://news.yahoo.co.jp/articles/aaf419dbc143e4a3f2815fd281f196c27e7f7dad,10/19(木) 22:02
jprime,週刊女性PRIME,〈タカラジェンヌ転落事故〉“いじめ報道の先輩”の出演舞台に「自死の演出」 ファンの動揺と“宝塚の見解”,https://news.yahoo.co.jp/articles/a4e8dea30a771a0b49c27d0e798eac1bb0c453dd,10/19(木) 20:02
jprime,週刊女性PRIME,「業務は補償のみ」のはずが…ジャニーズ新サイトに踊る《エンタメ》に「何も変わってない」批判殺到,https://news.yahoo.co.jp/articles/cb6d58b862a3cba2889dd99e7b8a1b07f09cb17c,10/19(木) 19:02
jprime,週刊女性PRIME,「どれだけ愚かなことか！」SMILE-UP.にファン懐疑的、櫻井翔が新会社との契約を渋る2つの要因,https://news.yahoo.co.jp/articles/061ea6f0ad5fde6ab2c8aab31c9adce7db23dfa2,10/19(木) 18:02
jprime,週刊女性PRIME,タケモトピアノ会長、財津一郎さんの訃報に涙「反対されながらCM契約を延長」叶わなかった最後の面会,https://news.yahoo.co.jp/articles/a7058a2c151655907a13904143486357fcb2f2aa,10/19(木) 17:22
jprime,週刊女性PRIME,宇垣美里の「すっぴん公開」に寄せられる多種多様な意見、田中みな実を猛追する“美容マニア”な現在,https://news.yahoo.co.jp/articles/eef7fbb2c51e2a891da4dd6073001da5c9971f21,10/19(木) 17:02
jprime,週刊女性PRIME,「美容にも有用な栄養素がたっぷり」二階堂ふみが『VIVANT』モンゴルロケで出会った“奇跡の果実”,https://news.yahoo.co.jp/articles/5c2c3318a82e49ae3f4412cb818b2ed03b916384,10/19(木) 16:02
jprime,週刊女性PRIME,【速報】財津一郎さんが慢性心不全で急逝、愛孫・財津優太郎出演の『下剋上球児』放送直前だった,https://news.yahoo.co.jp/articles/5ba08d204a4ad5664b8aeef8c454f535b1cc9ea3,10/19(木) 13:02
jprime,週刊女性PRIME,「俺はNORTH.ですけど」北山宏光、改名のジャニーズWESTにエール送るも「煽ってる・空気読め」炎上,https://news.yahoo.co.jp/articles/5664fb0b795415489809423798acaa52495afda6,10/19(木) 12:02
jprime,週刊女性PRIME,菅田将暉が着る“サッカーユニフォーム”が爆売れ、古着店が「着ないで」とまさかの懇願,https://news.yahoo.co.jp/articles/57a22a94d2d5afa6cd1b1afb6a55ba26c20c82c2,10/19(木) 11:02
jprime,週刊女性PRIME,「イメージ変わりすぎて別人」忽那汐里が衝撃の“赤髪ギャル”化「カッコイイ！」ロックな“脱清純派”女優,https://news.yahoo.co.jp/articles/c6e45804f9e21d9a076832332b4b8c2ebab282d1,10/19(木) 10:02
jprime,週刊女性PRIME,「値段がつけられない」大谷翔平、超貴重“MVP級”お宝グッズが集まる2つの聖地,https://news.yahoo.co.jp/articles/c4365e28a2010104ec959964fd162731fbfef05c,10/19(木) 8:01
jprime,週刊女性PRIME,「3000人収容のホールに200人…」谷村新司さん、不遇時代の借金1億5000万円を完済した“名曲”,https://news.yahoo.co.jp/articles/4bcdd1914532723b36bc549141b558ef1ea42541,10/19(木) 6:02
jprime,週刊女性PRIME,「現実と似すぎ」篠田麻里子、1月ドラマで「自己チュー不倫妻」復帰作で“親権バトル”,https://news.yahoo.co.jp/articles/cfa7f890d3e3727ea0835161b7bb371e9a506e7f,10/19(木) 5:02
jprime,週刊女性PRIME,松本潤『紅白』出演は「気まず過ぎ…」パワハラ疑惑と嵐25周年“スルー”の苦悶,https://news.yahoo.co.jp/articles/5cc2e6f21db0033158c50d16645e3818aed76559,10/18(水) 20:02
jprime,週刊女性PRIME,「失礼じゃないですか」工藤静香、“あのちゃん”のモノマネに賛否　夫婦そろって「何やっても炎上」,https://news.yahoo.co.jp/articles/64f4e1b9ade8158e0fb44c347f9efb28adea8d1e,10/18(水) 18:16
jprime,週刊女性PRIME,「オソロが嬉しい」平野紫耀が着用した“キャップ”バカ売れの理由、広報は「すごい数の受注です」,https://news.yahoo.co.jp/articles/e6be57b22de40570f9d5e96842d49a4969f3f32d,10/18(水) 17:02
jprime,週刊女性PRIME,ジャニーズWESTの新グループ名は「WEST7」？ トレンドの「チームWEST」よりファンが推す理由,https://news.yahoo.co.jp/articles/beb3bd6e66674c39f36d9bc768c4841c6cb8d08e,10/18(水) 16:32
jprime,週刊女性PRIME,香川照之の父子確執・梨園入りにもアドバイス送った「歌舞伎のアナウンサー」親族恩人が死去していた,https://news.yahoo.co.jp/articles/1fe94822983d54298aafb10b632b2abc9592fb4f,10/18(水) 16:02
jprime,週刊女性PRIME,「リベンジポルノ」東海オンエアしばゆーの夫婦ゲンカが飛び火、峯岸みなみ夫・てつやが晒された動画の中身,https://news.yahoo.co.jp/articles/40d9f10e322d76d7299c630e3d0cfe82ba7d6684,10/18(水) 11:06
jprime,週刊女性PRIME,田口淳之介、大麻逮捕から4年で「葉っぱを吸う」ギリギリの“不謹慎ギャグ”披露する胸の内,https://news.yahoo.co.jp/articles/cc8333fad6a3e89a552508a547571c0aa308c8bf,10/18(水) 11:02
jprime,週刊女性PRIME,「動物にあまりに懐かれる」両陛下と愛子さまが『神馬』と対面で垣間見えた“不思議な力”,https://news.yahoo.co.jp/articles/7d68bf60abc033703ba784d5b69703752e1f0700,10/18(水) 7:02
jprime,週刊女性PRIME,「タイミングがおかしい」木村佳乃、『公文』出演CM放送終了は「東山の妻だから？」企業が答えた“理由”,https://news.yahoo.co.jp/articles/5d77876a16356936590186e4f9e309322443f11f,10/18(水) 6:32
jprime,週刊女性PRIME,「わびしすぎ！」「戦後か」の声も…物価高騰で学校給食のメニューが減少、量も半分の現実,https://news.yahoo.co.jp/articles/9d84775a5d6424728213fb27f4b0f5ed32c751e3,10/18(水) 6:02
jprime,週刊女性PRIME,「国のため」安倍晋三元首相の“遺志”引き継ぎ妻・昭恵さんが “鞄の形見分け”,https://news.yahoo.co.jp/articles/3d51930a44ffc4d7b2b42854dcf993953cdbdd55,10/18(水) 5:02
jprime,週刊女性PRIME,【独占】嵐の“再始動ライブ”が白紙になっていた！「2024年秋に東京ドームを押さえていた」,https://news.yahoo.co.jp/articles/4f1d439182a711b634bc4707746538080c92ac35,10/17(火) 21:02
jprime,週刊女性PRIME,「キンプリ集結」TOBE生配信に“とてつもない匂わせ”で1人だけ「外された」理由,https://news.yahoo.co.jp/articles/64a72443e5abc9a693422848a60a02a1ad96ba14,10/17(火) 20:12
jprime,週刊女性PRIME,「完全にブーメラン」ジャニーズ会見“NGリスト入り”記者が自身の講演会で“NG媒体”を作っていた,https://news.yahoo.co.jp/articles/791323c136cccb952604706bd7fdf60bd1b210d1,10/17(火) 18:02
jprime,週刊女性PRIME,福原愛、青森大学の客員准教授になって2年も講義は1回のみ、大学に聞いた“連れ去り裁判”の考え,https://news.yahoo.co.jp/articles/63f16ed75a6110e6ea3b4aca87fd341fa19c9025,10/17(火) 17:02
jprime,週刊女性PRIME,安達祐実、実母と暮らしていた2人の子どもを連れ出し勝手に転校手続き、親子3代に生じた“不協和音”,https://news.yahoo.co.jp/articles/ecb0d09d81fb98f29ae5c4536ebd0e2bebe6646a,10/17(火) 16:32
jprime,週刊女性PRIME,「続編が見たいドラマ」ランキング  1位『VIVANT』と3位『相棒』に挟まれた意外な2位は？,https://news.yahoo.co.jp/articles/06e5bab6022826c43437d46c44ec5aa43cd2984f,10/17(火) 11:02
jprime,週刊女性PRIME,「コンプラ治外法権」有吉弘行が『紅白』司会で狙う “復活ストーリーの総仕上げ”,https://news.yahoo.co.jp/articles/b8392da5f9076c042013e67293e8fd5199b1b723,10/17(火) 6:02
jprime,週刊女性PRIME,藤井聡太八冠と「結婚してほしくない」芸能人ランキング、あのちゃんを僅差で破った第1位は,https://news.yahoo.co.jp/articles/895396e3b3ec6afe5c8752c934e9284f5801d77b,10/17(火) 5:02
jprime,週刊女性PRIME,橋本環奈が週に2～3回、夜な夜な行く場所「ご褒美がないと頑張れない（笑）」,https://news.yahoo.co.jp/articles/5a09aa00c6b3bd9470fe08d9f3d2a99e76b13949,10/16(月) 20:02
jprime,週刊女性PRIME,「アイツにやられて僕の性が狂った」『ザ少年倶楽部』出演の元ジャニーズJr.が性被害を実名告白,https://news.yahoo.co.jp/articles/edbe39b32785f521ca82bbe53e6db5208e2eea35,10/16(月) 19:02
jprime,週刊女性PRIME,岸優太のTOBE即合流・平野紫耀らと新グループ結成にモヤモヤ、二宮和也との進路相談で吐いていた“嘘”,https://news.yahoo.co.jp/articles/b894855c3e09d721530d510c4b10ce33650e8cf1,10/16(月) 17:02
jprime,週刊女性PRIME,伊集院静の週刊誌連載が打ち切り！ジャニーズ性加害報道号で書かれた「東山紀之」ベタ褒めの内容,https://news.yahoo.co.jp/articles/eb18e90e1e9710267f1a6c0632bc6377188c5a3d,10/16(月) 16:02
jprime,週刊女性PRIME,200回以上お見合いしてもダメ！婚活仲人が見た、結婚できない男女の「残念すぎる共通点」,https://news.yahoo.co.jp/articles/8a0e91da4b530a78e9ea3058d3af341fe617591b,10/16(月) 11:02
jprime,週刊女性PRIME,「芸能人という意識はない」クリスタル・ケイの母シンシアが語るヒット曲『恋におちたら』の裏側,https://news.yahoo.co.jp/articles/d74ec2ac9237f146af80cc27eea325faa5960ef3,10/16(月) 8:02
jprime,週刊女性PRIME,「激似すぎる」平野紫耀、神宮寺勇太、岸優太の新グループのロゴに盗作疑惑が浮上,https://news.yahoo.co.jp/articles/c3debf4d2c894b33db73f8d1b0ec86f6bf8453d8,10/16(月) 6:32
jprime,週刊女性PRIME,「死後離婚」を選ぶ妻たちが増加、相続＆遺族年金はゲット・親族関係はリセットの現実,https://news.yahoo.co.jp/articles/31b5e04b4770bab1e37796b2fcc8c6cabb35f16c,10/16(月) 6:02
jprime,週刊女性PRIME,小学女児2人に強制わいせつ疑いのITコンサル男は「タワマン暮らし」「快足ラガーマン」…超エリートだった！,https://news.yahoo.co.jp/articles/b28acda332f9fbe06be9407f5e8d2ad9bdb0874d,10/16(月) 5:02
jprime,週刊女性PRIME,「可愛くてしょうがない」松本潤の“パワハラ報道”の裏で有村架純への溺愛ぶりにファン困惑,https://news.yahoo.co.jp/articles/958539e3ec9ab30e94bdffb66c4d90ab87edaf58,10/15(日) 18:02
jprime,週刊女性PRIME,「気づいてあげていれば…」5人に1人が認知症に、他人事ではない身近な兆候,https://news.yahoo.co.jp/articles/29ec93da6d0ea9c8f890eb4a136023ecb9e8d997,10/15(日) 14:02
jprime,週刊女性PRIME,ジャニーズ排除の「若者に媚び媚び」紅白は有吉任せ？韓流やZ世代、バズり系を大量リストアップへ,https://news.yahoo.co.jp/articles/69abe3b7b570ce7fef6894b4c8ddec815886cd9b,10/15(日) 11:02
jprime,週刊女性PRIME,「いろんな男が来ていた」住職練炭殺害・逮捕の50歳社長と共謀した63歳“美魔女”のイケイケ素顔,https://news.yahoo.co.jp/articles/89bf99789b92167859239189a36d380239f3ec64,10/15(日) 6:02
jprime,週刊女性PRIME,「不可能ではない」SMAP再結成のキーマン・槇原敬之の今と「国民的名曲」完全復活の予兆,https://news.yahoo.co.jp/articles/a2d9272f061499c2e4b4fcb13b832c525fb940c0,10/14(土) 20:02
jprime,週刊女性PRIME,「今さら需要ない」木下優樹菜が投稿した“匂わせ写真”に「未練タラタラで痛い」辛辣な声,https://news.yahoo.co.jp/articles/c6a00a01e7968abd167107f21ac4db612e6bac57,10/14(土) 18:02
jprime,週刊女性PRIME,NEWS増田貴久『ゴチ』クビなら「ヤラセ」残留なら「忖度」日テレ“八方塞がり”の苦悩,https://news.yahoo.co.jp/articles/5b1d084cb46aebc68bf6e40d54de9dead5ebf50c,10/14(土) 17:32
jprime,週刊女性PRIME,アンジャッシュ渡部建『トークサバイバー2』の自虐ネタ連発で大絶賛も「佐々木希」は“禁句”,https://news.yahoo.co.jp/articles/5fb32206910d92a77da26b47f65486b3752c2482,10/14(土) 17:02
jprime,週刊女性PRIME,「痩せた？」「元気がなさそう」森永卓郎の近影に心配の声も…いまだに定着する“ぽっちゃり”イメージ,https://news.yahoo.co.jp/articles/226fd701f1d57258a38fd27555454f4a72276eb0,10/14(土) 11:06
jprime,週刊女性PRIME,「胃を全摘しただけ」胃がんを乗り越えたポジティブ美魔女の“何も諦めない”精神力,https://news.yahoo.co.jp/articles/91cb4445652da474035db49c77737a77255b3b49,10/14(土) 11:02
jprime,週刊女性PRIME,プロ野球監督になってほしくない現役・元選手ランキング、原辰徳やイチローを抑えて1位に選ばれたのは,https://news.yahoo.co.jp/articles/e80ad7b876e6029256e03c543af98a9123b5a1ec,10/14(土) 7:02
jprime,週刊女性PRIME,松本潤がスタッフに“パワハラ”報道、過去の「井上真央と交際中に浮気→ブチギレ」との共通点,https://news.yahoo.co.jp/articles/9ef11332723ef440ba421d487df611aea9e63251,10/13(金) 20:02
jprime,週刊女性PRIME,「肩で息をしていて…」激ヤセ告白のPerfume・あ～ちゃん、ファンが目撃していた“異変”,https://news.yahoo.co.jp/articles/d1acd77d8e746087427b3d2bc88f9b20a1a1a18e,10/13(金) 17:02
jprime,週刊女性PRIME,当て逃げ疑いで活動自粛のフジモン、復帰での“吉本の通例”をパクれない切実な理由,https://news.yahoo.co.jp/articles/56eaa3cb872c7e61d3d4d331f0ddbbd323a1a343,10/13(金) 16:02
jprime,週刊女性PRIME,「セクハラでしょ」有働由美子、元ラグビー日本代表への発言が賛否「男女逆なら大変な騒ぎ」,https://news.yahoo.co.jp/articles/e41fa662f6e79f72e399dbb024c1e4214329a923,10/13(金) 11:02
jprime,週刊女性PRIME,剛力彩芽が明かす恋愛観と結婚観「20代のころは“若いうちに結婚したい！”って言っていたけど…」,https://news.yahoo.co.jp/articles/189271b074665c0cfe9fe0b75a9d653ec88e9354,10/13(金) 6:02
jprime,週刊女性PRIME,千葉・3歳児を布団で巻いて死亡させたシングルマザーが住んでいたアパートの今と「虐待ではない」“しつけ”の代償,https://news.yahoo.co.jp/articles/a6c2e66feea70159a42cd222433e524189f2beab,10/13(金) 5:02
jprime,週刊女性PRIME,ベッキー、“私人逮捕”への苦言にブーメラン「とりあえず泳がして…」語っていた痴漢逮捕の武勇伝,https://news.yahoo.co.jp/articles/10df253d2c3d50e26a608d0ddaf223d8fa6b74aa,10/12(木) 21:02
jprime,週刊女性PRIME,コムドット、報道陣にジョークも興醒め…登録者数30万人減の彼らに足りなかったもの,https://news.yahoo.co.jp/articles/bdcfa0294e7a616c887426336fb9f4e4029d18f7,10/12(木) 20:57
jprime,週刊女性PRIME,内野聖陽、昔から変わらない魅力的だと思う女性像「色っぽくていいなと思う」,https://news.yahoo.co.jp/articles/22965221c59fc61dcdae5cfb9a270c1d945a4190,10/12(木) 19:02
jprime,週刊女性PRIME,井ノ原快彦の妻・瀬戸朝香は「インスタ更新ストップ」会見で批判受けたジャニーズの妻たちは今,https://news.yahoo.co.jp/articles/d3296f427434ef51cf67e52e537656af19513767,10/12(木) 18:32
jprime,週刊女性PRIME,「時期が時期だけに…」Aぇ！group “正式デビュー前”にドラマ主題歌＆番組テーマソング続々決定の怪,https://news.yahoo.co.jp/articles/29e6d01f414ff36c0897f6a68a14291bbd015de3,10/12(木) 18:02
jprime,週刊女性PRIME,「叔父の原田龍二にも似てる」松本明子との親子初共演を“自作自演”したイケメン息子の気になる進路,https://news.yahoo.co.jp/articles/fcdc3cddd092d3d1fc60630447a274c521e64c49,10/12(木) 17:02
jprime,週刊女性PRIME,“安倍元首相銃撃事件”を揶揄！ 中国の中学運動会で寸劇、拍手と歓声…現地SNSから上がった意外な反応,https://news.yahoo.co.jp/articles/29903be1042edd7f5d180453a3f53b268623b0db,10/12(木) 16:32
jprime,週刊女性PRIME,森下千里「芸能界での活躍は大きな財産」20年以上ぶりの母親との同居で得た新鮮な地方生活,https://news.yahoo.co.jp/articles/a7768dd817cfa05ab8aa7af878936cf4bbfbafa7,10/12(木) 16:02
jprime,週刊女性PRIME,料理人・笠原将弘、3人の子育てがひと段落で思い出す亡き妻から届いた粋なプレゼント,https://news.yahoo.co.jp/articles/6641a255686dcc3e367ce12aa7866d7cbb1b1102,10/12(木) 11:02
jprime,週刊女性PRIME,《当て逃げ疑い》藤本敏史の活動自粛でお笑い界の世代交代が加速、復帰は早くても年明け以降か,https://news.yahoo.co.jp/articles/1ca3d154b13ed3eb09ad2ab5038fe41ec69bccec,10/12(木) 10:02
jprime,週刊女性PRIME,「SixTONESやSnowManは大丈夫」ジャニーズ新会社「残留orエージェント契約」どちらが“得”なのか,https://news.yahoo.co.jp/articles/335a8a08f5981c21bc5acef2ec6809e5b42daae0,10/12(木) 6:32
jprime,週刊女性PRIME,愛子さまと佳子さまの個性が現れる“私服ファッション”、20代の若きプリンセスの装い,https://news.yahoo.co.jp/articles/169f1a83901768a1ff773f924f7326ea62abce97,10/12(木) 6:02
jprime,週刊女性PRIME,「完売させるプロ」平野紫耀が投稿した高級家具をファンが“特定”→「秒で売り切れ」,https://news.yahoo.co.jp/articles/d722f86670479a494f40bc60bdb9dc9490bab499,10/11(水) 18:02
jprime,週刊女性PRIME,アイドル雑誌から“ジャニーズ”文言削除は事務所の要請か・忖度か　問い合わせた結果,https://news.yahoo.co.jp/articles/f71909c044033be6393d1ec654932fa2602b3ed2,10/11(水) 18:02
jprime,週刊女性PRIME,「前と違いすぎる」真木よう子、ビジュアルの“違和感”に指摘相次ぐ、体調不良でイベントも欠席し…,https://news.yahoo.co.jp/articles/2ddf42a5b43b37b97f7b5a268bdfc3207548df51,10/11(水) 17:02
jprime,週刊女性PRIME,「愛してます」ジャニー喜多川氏の性加害に“沈黙”守る堂本剛が、ソロライブ最後に手向けた愛の言葉,https://news.yahoo.co.jp/articles/b60aed4768cb909267c783f54fc5eeaa347f1f0d,10/11(水) 16:32
jprime,週刊女性PRIME,「東京は暮らすところではない」千堂あきほが“北海道移住”で見つけた本当の人生,https://news.yahoo.co.jp/articles/c2e1efc4efc64d5885d7215c157d60a5d7dbf05e,10/11(水) 16:02
jprime,週刊女性PRIME,「似すぎだわ」鈴木福と同じ芸能プロに移籍した“激似妹”を待ち受ける、“兄の七光り”厳しい比較の目,https://news.yahoo.co.jp/articles/cdc86ae96507ee386bdf3daed359cddc526aec6f,10/11(水) 11:52
jprime,週刊女性PRIME,永山瑛太の世界がミステリアスすぎる！誰にもまねできない“正体不明の不安”が逆に魅力,https://news.yahoo.co.jp/articles/8e15e764ae770aef1d803a995f3f431999729f84,10/11(水) 11:01
jprime,週刊女性PRIME,「遺伝子イケメン」メンノン新モデルの冨永愛、沢村一樹の息子に「七光り」賛否のワケ,https://news.yahoo.co.jp/articles/baa3c8fb5c434c0219108c2022b5cf550c395aa4,10/11(水) 7:32
jprime,週刊女性PRIME,アラサー夫婦YouTuberの沖縄セミリタイア生活、“家計の見える化”で借金600万円から資産4000万円に,https://news.yahoo.co.jp/articles/010d18e021675ee4e31ea3e8e16ee1d569cbaffa,10/11(水) 6:02
jprime,週刊女性PRIME,「選挙に行かないとこうなる」埼玉自民の“虐待禁止条例”で高まる選挙熱に、岸田首相が震える“減税”解散,https://news.yahoo.co.jp/articles/54534ef4750e97fdd7c923e997fc4234b2b70b6d,10/11(水) 5:02
jprime,週刊女性PRIME,平野紫耀が匂わせてきた“アンリちゃん”はキャバ嬢!? 滝沢秀明の「高額投げ銭」発覚で特定騒動が勃発,https://news.yahoo.co.jp/articles/4b8e9f4b235d96215ce7e0eb458325972ea77462,10/10(火) 21:02
jprime,週刊女性PRIME,「確実に集団いじめ」ジャニーズが『CDTV100回記念』に出演ゼロ、ファンが批判するも視聴率に影響なしか,https://news.yahoo.co.jp/articles/e8f24cf0a03bf2f257f486600ca96fe8c4283e73,10/10(火) 19:02
jprime,週刊女性PRIME,岸優太が新会社設立も“モロバレな会社登録住所”、歓喜と憂鬱でファンまでも分裂,https://news.yahoo.co.jp/articles/e588702eb2f538bce0f12a7b8083bdbd99e7ed28,10/10(火) 18:32
jprime,週刊女性PRIME,動物擬人化の異色アニメ『オッドタクシー』が実写ドラマ化！主役に抜擢された“セイウチまんま”の役者,https://news.yahoo.co.jp/articles/fd821e0d71f4bea0156ed432f85720a1a6bb6afd,10/10(火) 18:02
jprime,週刊女性PRIME,「ウチの事務所はいろいろと面倒」岡田准一が漏らしていた不満と個人事務所設立の背景,https://news.yahoo.co.jp/articles/4e7e7ce625540f72d9b3dbb0ba58c04ed15558d4,10/10(火) 17:02
jprime,週刊女性PRIME,"Koki,とCocomiの男子バレー生観戦で忖度発動か、木村拓哉の“コネチケットで裏口入場”が疑われる",https://news.yahoo.co.jp/articles/c4f81dac68d0f0bad37618a6e5bdec83abc4b3b8,10/10(火) 16:32
jprime,週刊女性PRIME,井上晴美、熊本地震で被災してもめげずに続けた“地方生活”「誹謗中傷は見ないようにすればいい」,https://news.yahoo.co.jp/articles/884bb8cebdaf873efbd6b031be4134bf14328a0d,10/10(火) 16:02
jprime,週刊女性PRIME,カツ丼に玉ねぎ丸ごと、おかずはパフェ、8時間煮込み…コロナきっかけ“おじさま芸能人”の自炊ブーム,https://news.yahoo.co.jp/articles/bfa5eb569d87b110745e91eec700a56a017af0ff,10/10(火) 11:02
jprime,週刊女性PRIME,大谷翔平の“アメリカ風卒アル”がSNSで話題も「勝手に写真をAI加工」に問われる法的問題,https://news.yahoo.co.jp/articles/56f242872878d0cfa28fbb364faa8afd0db45eff,10/10(火) 7:02
jprime,週刊女性PRIME,菅野美穂が“イグアナ姿”に！堺雅人と“バトンタッチ”、2年ぶり連ドラ主演で過去作が話題,https://news.yahoo.co.jp/articles/07dc001a501fb5dc6a83a18ea8b58e54cb755026,10/10(火) 6:02
jprime,週刊女性PRIME,「カンペ誤字に激昂」元NHK松本和也アナ「スタッフに罵声」ジャニーズ会見で見せなかった“裏の顔”,https://news.yahoo.co.jp/articles/17923c0457fb5442d2f71e0df71f30e95002f330,10/10(火) 5:02
jprime,週刊女性PRIME,SMAP解散から7年、『SMAP×SMAP』公式サイトに今も届く“5人で復活”を望む声,https://news.yahoo.co.jp/articles/87c8717a4ab96eb10fc788b47069b2a1ce21f521,10/9(月) 21:02
jprime,週刊女性PRIME,MEGUMI　夫・降谷建志の不倫報道後、初イベントは広末涼子の代打だった　“サレ側”夫との繋がりも,https://news.yahoo.co.jp/articles/4adc8e4b6decf0363f69f72d168ce1c7d71edc6f,10/9(月) 17:32
jprime,週刊女性PRIME,「変なおじさん」「かっこ悪すぎ」木村拓哉がネットで袋叩きに、大スター故の炎上と迫られる決断,https://news.yahoo.co.jp/articles/bd5fded6a6a8073ba3e4f8ee008ecb1fad1bc7e4,10/9(月) 17:02
jprime,週刊女性PRIME,3期連続ドラマ出演の小芝風花、おじさん共演者をメロメロにする「飲みニケーションOK」のギャップ,https://news.yahoo.co.jp/articles/02fef9ff95bb152b538c7ca400c6c1400c59ecf0,10/9(月) 16:02
jprime,週刊女性PRIME,【期待できない世襲政治家ランキング】 3位小渕優子、2位小泉進次郎をぶっちぎった1位は？,https://news.yahoo.co.jp/articles/7a36256a1f74c91dcf8d24361c7af1474389220d,10/9(月) 11:02
jprime,週刊女性PRIME,井ノ原快彦「狡猾で腹黒」「そうとうな策士」NGリストを念頭に「どうか落ち着いて」発言を精神科医が分析,https://news.yahoo.co.jp/articles/f34d8cd1ced3f941e630448538e8cd34f9d6a960,10/9(月) 6:32
jprime,週刊女性PRIME,「夜に口笛を吹いてはいけない」のは、なんで？「蛇が来るから」は迷信だった！,https://news.yahoo.co.jp/articles/e545f417a5e292feb47bc3e1ca919239631e3c9a,10/9(月) 6:02
jprime,週刊女性PRIME,「負けたらあかん」で53年、天童よしみ“のど自慢”荒らしが歌謡界を代表する歌手になるまで,https://news.yahoo.co.jp/articles/bd192d07cb971b4295e26332c242c7a26c69da07,10/8(日) 21:02
jprime,週刊女性PRIME,『鉄腕！DASH!!』の“過剰演出”に研究者から批判噴出！「伊勢えびの減少はウツボのせい」は本当か,https://news.yahoo.co.jp/articles/f52784768b8bdef941783be8a92aba62cbfbd235,10/8(日) 18:02
jprime,週刊女性PRIME,「絶対に今じゃない」バレー日本代表のエースが投稿した“ラブラブショット”に批判殺到の理由,https://news.yahoo.co.jp/articles/6a7399592d8931e7d379d40da1f2cf1ea56130a0,10/8(日) 17:32
jprime,週刊女性PRIME,「不倫は悪（苦笑）」“映画に助けられた”有村昆がおすすめする「オトナ女子に刺さる映画」,https://news.yahoo.co.jp/articles/f5812990572787930dcfc0cd6ac155a9e7db0973,10/8(日) 16:02
jprime,週刊女性PRIME,『ザ・ノンフィクション』で話題になった新宿二丁目の深夜食堂「クイン」が閉店 “二丁目の母”の今後は,https://news.yahoo.co.jp/articles/5ccd9f9a15e2c7fb7d5f4a3f10379973813e5916,10/8(日) 12:02
jprime,週刊女性PRIME,秋の味覚「マツタケ」ってなんでそんなに高いの？謎に包まれた生態と価格高騰の理由,https://news.yahoo.co.jp/articles/757d7017ef1575c57fb635686f0dda9fbb58883d,10/8(日) 11:01
jprime,週刊女性PRIME,《袋ラーメン塩味ランキング》食のプロがガチ実食！「サッポロ一番」を超えた文句なしの1位は,https://news.yahoo.co.jp/articles/4dfccd1265517d3462c91a83ffa6e3fe3139f5c4,10/8(日) 8:02
jprime,週刊女性PRIME,男子バレー「宿泊ホテルに押しかけて…」五輪出場決定のウラでファン暴走を招いた選手の“アイドル化”,https://news.yahoo.co.jp/articles/1450c8183c8eefe4d1eeeb3f62eecdf11c02c2dc,10/8(日) 7:02
jprime,週刊女性PRIME,「国民感情を煽るのが上手」今井絵理子 “議員になってよかったことは？”の回答に批判殺到　取材にもコピペ対応,https://news.yahoo.co.jp/articles/a0c7839adc3a35b1c81d1d1c93665adec6cb346d,10/8(日) 6:02
jprime,週刊女性PRIME,チョコ市場売り上げ個数1位を獲得の『ブラックサンダー』生産終了からの這い上がり,https://news.yahoo.co.jp/articles/5ac50211b321c11afe4e0e9cb9fad304b9abb5ae,10/7(土) 21:02
jprime,週刊女性PRIME,『3時のヒロイン』ゆめっちが体調不良から復帰で“激変”　音信不通・現場はパニックの期間に…,https://news.yahoo.co.jp/articles/23f9a16d451aeb12e882982e33665fa6a3af50c8,10/7(土) 19:02
jprime,週刊女性PRIME,「全身にバーッと湿疹が出て…」現役宝塚女優の転落死でファンが「思い出した」元トップ娘役の存在,https://news.yahoo.co.jp/articles/9024eb2057dd4dae9d0935a5179f57d6bfd70338,10/7(土) 18:02
jprime,週刊女性PRIME,市場価格1000万超え!? 平野紫耀、川口春奈ら愛用のブランド時計の価格が“異次元”,https://news.yahoo.co.jp/articles/8a48bc3f2c25931e226f47085c0bc6ab3fe46360,10/7(土) 17:02
jprime,週刊女性PRIME,新しいのになぜか懐かしい“NewJeans”、老若男女を虜にする魅力の真相,https://news.yahoo.co.jp/articles/e6cdffe5774186eeccc0e7aefe38cea8e021f864,10/7(土) 16:02
jprime,週刊女性PRIME,年間売り上げ約610億円のカプセルトイ市場、マニアック化で毎月300～400の商品誕生の熱視線,https://news.yahoo.co.jp/articles/0c55d3f1b12948ced13d2f229b2157a9eaf33877,10/7(土) 11:02
jprime,週刊女性PRIME,「3食食べて12キロやせた」保健師が2500人のダイエット難民を救った究極ずぼらレシピ,https://news.yahoo.co.jp/articles/d21d94ad32216c5b5e71b4aedc04b918f8bf50f9,10/7(土) 8:02
jprime,週刊女性PRIME,「恥を知れ！」中継話題の安芸高田市長、議員が求める配信停止は「ございません」,https://news.yahoo.co.jp/articles/24342ff28c2d302e86b51020099272dc6a5d3945,10/7(土) 6:02
jprime,週刊女性PRIME,岸田首相の“増税地獄”に「すべての元凶はメガネ」「外すとイケメン」怒る国民のいじりが“異次元”化,https://news.yahoo.co.jp/articles/d6fbdb43f44f9d803db9b723455c9dea3990675c,10/7(土) 5:02
jprime,週刊女性PRIME,「怪現象」神田正輝が毎週トレンド入り、“複数アカウントが同じ投稿” 異常事態の真相,https://news.yahoo.co.jp/articles/e6de7ce204c93485dfff16d32c9ec1678f2bf58d,10/6(金) 21:02
jprime,週刊女性PRIME,「絶対変えてもらえ」Sexy Zoneの次に“改名”ささやかれる人気グループ,https://news.yahoo.co.jp/articles/b7c617c8a1bf83f19438a090c57dac3ee5a014a5,10/6(金) 20:02
jprime,週刊女性PRIME,「なにがあったんや！」錦戸亮、ジャニーズ会見直後に“丸刈り”意味深ショット公開,https://news.yahoo.co.jp/articles/0b817179b2a9bd1e53b308308428f7ee9f7eae30,10/6(金) 19:16
jprime,週刊女性PRIME,A.B.C-Z 塚田僚一と交際報道の元セクシー女優「彼氏がいない」発言と「ノンスタ井上とお泊まり」の過去,https://news.yahoo.co.jp/articles/937cf282a9be935d6ca430fe32defe91f8e97d6f,10/6(金) 18:02
jprime,週刊女性PRIME,"工藤静香とKoki,、キムタク炎上中にパリのファッションショー参加のウラに“おいしすぎる”ギャラ事情",https://news.yahoo.co.jp/articles/affef51e4be59fa21dab9ea5d155323ca09f6d64,10/6(金) 17:01
jprime,週刊女性PRIME,「下には下がいるもんだ」松居一代のダイナミックな料理が「一人暮らし男性並み」ツッコミ殺到,https://news.yahoo.co.jp/articles/ba320a09da294aa4563d3fc7a5ef648a42861fd3,10/6(金) 11:12
jprime,週刊女性PRIME,ガーシー「最初がピークで、あとは枯渇」あっという間の転落に見える“暴露芸”の限界,https://news.yahoo.co.jp/articles/e17bb82bbac939137e59093d8a7b11bb07006851,10/6(金) 11:02
jprime,週刊女性PRIME,「夫婦壊しておいて…」GACKTの“美川憲一化”に「どの口が言ってんの」辛辣声,https://news.yahoo.co.jp/articles/4c1a9ff97d5e5427fa5c672e4771e4f080d6616d,10/6(金) 7:32
jprime,週刊女性PRIME,「デカくなってる」「色気ムンムン」新田真剣佑、クウェートで披露した、はち切れそうな“新ボディ”にSNS騒然！,https://news.yahoo.co.jp/articles/edad249c520bdae2a9942524d4c4874690857ba6,10/6(金) 7:02
jprime,週刊女性PRIME,蒼井優は朝ドラ『ブギウギ』、山里亮太は『DayDay.』夫婦間に勃発した“子どもの預け先問題”,https://news.yahoo.co.jp/articles/c833c969127611e0869217bb159a9ee3283767d5,10/6(金) 6:02
jprime,週刊女性PRIME,「セルフ戦力外2号」巨人・中田翔にFA行使報道も、高額年俸と素行不良で“獲得球団ナシ”が心配,https://news.yahoo.co.jp/articles/2bb640881e673789178337c68f9c1893f1351369,10/6(金) 5:02
jprime,週刊女性PRIME,「黒づくめの丸刈り」コワモテ私服の窪田正孝、女優妻と訪れた“環境と身体にやさしい”スーパー,https://news.yahoo.co.jp/articles/694504bdb47ade69897105c8b30f9fbe9b6e8ed2,10/5(木) 21:02
jprime,週刊女性PRIME,「ワリカンなんてありえない」リュウジ氏の「男子全奢り」論争に港区女子は「港区では男がお金を“出す”のが基本」,https://news.yahoo.co.jp/articles/5537ea130a6e90c311f0190c991e7425632af5e5,10/5(木) 19:02
jprime,週刊女性PRIME,木村拓哉に独立報道、ジャニーズは否定も「SMAPを裏切ったときと同じ」パターン,https://news.yahoo.co.jp/articles/3c8c5c77c797b738eea6206cd59405347c18921a,10/5(木) 18:02
jprime,週刊女性PRIME,ジャニー喜多川氏、生きていたら「執行猶予なしの10年前後の懲役刑」弁護士の見解,https://news.yahoo.co.jp/articles/94c660fb632144d9649a183cc9d26ce957e684b4,10/5(木) 17:02
jprime,週刊女性PRIME,「グッズ買わないと！」ジャニーズ社名変更で“駆け込み買い”、ジャニショと『美 少年』にファン殺到,https://news.yahoo.co.jp/articles/46433a89840db52c20222d5a202b714a8f582737,10/5(木) 16:32
jprime,週刊女性PRIME,二宮和也、ファン待望の恋愛映画に主演！初めて経験した“アドリブ”の衝撃現場,https://news.yahoo.co.jp/articles/5772625d1f581f8264cfa085ddb037c243e5d676,10/5(木) 16:02
jprime,週刊女性PRIME,「キャバ嬢に高額投げ銭」滝沢秀明氏がTikTokで夜な夜な課金、お相手は「明日花ピララ」,https://news.yahoo.co.jp/articles/a4bfa8e9a8d7d02af77ec61d732a3004a2229295,10/5(木) 11:02
jprime,週刊女性PRIME,「気持ち悪い」綾瀬はるかCMが “村上春樹だらけ” で物議、ユニクロは「特別な偶然を演出」,https://news.yahoo.co.jp/articles/1399a52bbf827f4c7ab032cf4c2b0d27ebfede79,10/5(木) 11:02
jprime,週刊女性PRIME,「腫瘍はすでに10cmに」渡辺美奈代、放置した卵巣嚢腫の苦い経験「アイドルは身体が資本」,https://news.yahoo.co.jp/articles/9ff349de0c2384a940f8b6a6ce4d3f378f8e9d95,10/5(木) 7:02
jprime,週刊女性PRIME,「結婚というカタチにはこだわらない」売れっ子女優・川口春奈と格闘家カレとの気になる現在地,https://news.yahoo.co.jp/articles/e14ae40dfb1fb65594dcf3ddb00a8a9700a38264,10/5(木) 6:02
jprime,週刊女性PRIME,宇賀なつみ「嫌なところない」やたら“幸せアピ”夫と結局離婚にツッコミ殺到,https://news.yahoo.co.jp/articles/f5648dbdbaf6d5934f094dd973653eb9d904a7aa,10/4(水) 18:02
jprime,週刊女性PRIME,エージェント契約は実質上のリストラか、木村拓哉が“個人事務所設立”も工藤静香マネジャーなら不安な先行き,https://news.yahoo.co.jp/articles/be9c45c388e42a1a20bec807e6f8cc9fe8a198fe,10/4(水) 16:02
jprime,週刊女性PRIME,【企業が回答】ジャニーズJr.公式YouTubeからタイアップ動画がひっそり削除で波紋,https://news.yahoo.co.jp/articles/1b9042eaa2dab92a34f5501fedf7b11241a0b93e,10/4(水) 11:02
jprime,週刊女性PRIME,「印税なし」ハリウッド俳優ストライキ背景にサブスク企業の惨状、洋画“休眠”で邦画にも余波,https://news.yahoo.co.jp/articles/02cd879c465508836f1f325d389007cf8ad0ffcd,10/4(水) 7:02
jprime,週刊女性PRIME,「秋に蚊が大発生」報道はウソ？“刺されやすい人”都市伝説「O型・足クサ・飲んべえ」の真意,https://news.yahoo.co.jp/articles/dc4f09d3b1c9da7a44ac477c081c1525f573070b,10/4(水) 6:02
jprime,週刊女性PRIME,「別人に見えるレベル」A.B.C-Z橋本良亮の“激ヤセ姿”にショックのファン続出！ 昨年7月は13キロ減量も…,https://news.yahoo.co.jp/articles/fa028f2cda8eb5ef565b515f7ef6845ffcde4ae4,10/3(火) 20:02
jprime,週刊女性PRIME,「排除される可能性が…」手越祐也、恩人“トラブルだらけ”で遠のく『イッテQ』復帰の道,https://news.yahoo.co.jp/articles/86835eac96f908f20885a962dae54d6955451034,10/3(火) 17:09
jprime,週刊女性PRIME,どうするNHK！ジャニーズの『紅白』出場は是か非か、全国の一般女性1000人の本音,https://news.yahoo.co.jp/articles/cee46f265b91df80185ddd6f4fa82f82822c66e6,10/3(火) 16:02
jprime,週刊女性PRIME,空気階段・水川かたまり、初主演映画の撮影がスタート！不安視される共演・唐田えりかのメンタル,https://news.yahoo.co.jp/articles/8921a6815cd9d6c48583b39e88529c2033c89de8,10/3(火) 11:02
jprime,週刊女性PRIME,「財産の継承しない」ジャニーズ解体・新会社名公募に透ける、“メリー喜多川氏のファンクラブビジネスモデル”継続の思惑,https://news.yahoo.co.jp/articles/faafc821a1a383f1cd62eb0c239fba250a428b28,10/3(火) 10:51
jprime,週刊女性PRIME,「ホテルでめった打ち」クリスタル・ケイの母シンシアが不倫男の次に交際した男が“詐欺師”だった,https://news.yahoo.co.jp/articles/828e4cff04091023e9b989509cc4697849f6f85b,10/3(火) 8:02
jprime,週刊女性PRIME,「どの口が言ってんだ？」ジャニーズ糾弾するメディアに特大ブーメラン、問われる“蜜月”の罪,https://news.yahoo.co.jp/articles/c90ed612f49e5b9ca14c04c4fab211fa5ce1533d,10/3(火) 6:02
jprime,週刊女性PRIME,大谷翔平、シーズン終了後MVP最有力で凱旋が期待されるも「日本に帰国できない」ウラ事情,https://news.yahoo.co.jp/articles/b66ae9f82aa1169eb3dd3f857069144ab03dd4cd,10/3(火) 5:02
jprime,週刊女性PRIME,「電話で聞きました」元キンプリ・岸優太、実父と交わしていた“TOBE・平野＆神宮寺と合流”の話,https://news.yahoo.co.jp/articles/fea8d91d9d678ec0199159580260751f070e3d5b,10/2(月) 21:02
jprime,週刊女性PRIME,ジャニーズ会見で話題の『実話ナックルズ』山口達也の未成年淫行疑惑をいち早く報じた実績,https://news.yahoo.co.jp/articles/6c9de82ab3710260d5fe32846a7ed9d608e57981,10/2(月) 18:02
jprime,週刊女性PRIME,山下智久、目下撮影中のNHKドラマ『正直不動産2』に「おディーン様」の追い風,https://news.yahoo.co.jp/articles/64a453d5135a6202fdf4583e8681d87f6d9682f7,10/2(月) 16:02
jprime,週刊女性PRIME,「連想させる」ジャニーズ事務所の新社名が略すと「SMAP」になるとファン賛否「こじつけじゃん」の声も,https://news.yahoo.co.jp/articles/a767af90ec38bbfc6493ccc20994e8c2fd143437,10/2(月) 14:32
jprime,週刊女性PRIME,「イスマイフット2」中居正広が歌紹介で“北山宏光外し”の痛烈皮肉、“滝沢秀明・三宅健批判”に続くTOBE抗戦の構えか,https://news.yahoo.co.jp/articles/8fcf7571c02b7ed4e0f53320606a60d7df16e32d,10/2(月) 12:32
jprime,週刊女性PRIME,【オカルト・都市伝説ランキング】3位の「ノストラダムス」、2位の「口裂け女」を超えた1位は,https://news.yahoo.co.jp/articles/0f102497f5770fd6666dfa09d2a9047c7c6f2860,10/2(月) 11:02
jprime,週刊女性PRIME,加藤綾菜、加トちゃんに「普通のにしなよ」と反対された“個性的ヨギボー”を購入,https://news.yahoo.co.jp/articles/0f58fa58f974332590b344d23e7e4d036cc69f89,10/2(月) 8:02
jprime,週刊女性PRIME,居酒屋よりも「仕事場飲み」が流行中！手軽にお得にの一方で懸念される唯一のデメリット,https://news.yahoo.co.jp/articles/fe17cb3fe152e81c20b04f03b34d409a8297e38a,10/2(月) 6:02
jprime,週刊女性PRIME,決して少なくない「遺伝するがん」乳がん・卵巣がん・リンチ症候群チェックリスト,https://news.yahoo.co.jp/articles/ebf08ef90131ae7a180345a3a1b616e2fd652b6a,10/1(日) 21:02
jprime,週刊女性PRIME,「原チャリ消える」排ガス規制で変わるバイク事情、専門家は「みんな“ウィンウィン”」,https://news.yahoo.co.jp/articles/7b75674be98a5e36f971e8528d02f850833a6266,10/1(日) 17:02
jprime,週刊女性PRIME,《三遊亭円楽さん一周忌》共に歩き続けて22年、元付き人の事務所社長が語る「円楽さんの“執着”」,https://news.yahoo.co.jp/articles/0574265ea8d2d801993e519bed127561f4cfb5c2,10/1(日) 16:02
jprime,週刊女性PRIME,登山ガイドが警鐘！ナメてはいけない「秋登山」、実は危険が潜んでいるNGな“山装備”,https://news.yahoo.co.jp/articles/a80632c229768fc94b0ed928060a5729bf8ccca7,10/1(日) 13:02
jprime,週刊女性PRIME,血液中の悪玉コレステロールを増やす一番の犯人は「肉の脂」お肉の選び方で寿命は変わる,https://news.yahoo.co.jp/articles/0ecf900cf4f8957e5449ab7f7ccc96a799df0094,10/1(日) 11:02
jprime,週刊女性PRIME,「ヤバい奴だから注意しろ」千葉・同居女性に連続20分DV男の戦慄素顔とイカつすぎるヤンキー写真,https://news.yahoo.co.jp/articles/624ee73acde228bcbd9342a04eb41812ae9be320,10/1(日) 10:51
jprime,週刊女性PRIME,最新研究で判明！乳がんに「なりにくい人」「なりやすい人」専門医が解説する意外な要因,https://news.yahoo.co.jp/articles/bbf2ed79cf04f61b9d0aa3060eab7745a29283a2,10/1(日) 6:02
jprime,週刊女性PRIME,明石家さんまのモノマネ芸人・ほいけんたの濃すぎるエンタメ経歴「カラダぐぅ～」誕生秘話,https://news.yahoo.co.jp/articles/01f16d7632eb3fe76e28d37bd1aa3025d526c9a6,9/30(土) 21:02
jprime,週刊女性PRIME,高樹沙耶、レゲエ歌手逮捕をきっかけに“アウトローのカリスマ”とバトルの裏で、ラッパーデビュー曲が大バズリ,https://news.yahoo.co.jp/articles/18fdfcb127a97876aaf3ec54abf60ad86c132b43,9/30(土) 18:02
jprime,週刊女性PRIME,「あの子を置いて逝けない…」56歳引きこもり長男に殺害された78歳母親が事件直前に漏らしていた弱音,https://news.yahoo.co.jp/articles/ac60ac90c8ce89b7022430808c284cbae3e92d4c,9/30(土) 17:02
jprime,週刊女性PRIME,水ダウで脚光浴びる“クズ芸人”みなみかわ、う大は「日本を代表する司会者になる」と大胆予想！,https://news.yahoo.co.jp/articles/0273a17f9554268a1595b44df6009c927dfd0c4e,9/30(土) 17:02
jprime,週刊女性PRIME,平野ノラが語る「男子バレー」の強さ＆注目選手と、みんなが好きだった歴代イケメン,https://news.yahoo.co.jp/articles/0dced05579b8272d0eb0a0e95326429de10b3331,9/30(土) 16:02
jprime,週刊女性PRIME,「今年の夏ドラマは豊作だらけ」がっかりドラマをバッサリ斬るライターが選んだ『VIVANT』ではない作品,https://news.yahoo.co.jp/articles/608dc694005f2b6507bf01ac684010aeb15552b9,9/30(土) 15:02
jprime,週刊女性PRIME,【皇室愛読の名作】美智子さまは探偵小説、愛子さまは絵本、小室眞子さんはミステリーホラー,https://news.yahoo.co.jp/articles/fdd31a6c180ec436f0b9196ecd16c4a425a13708,9/30(土) 11:02
jprime,週刊女性PRIME,『サンデーLIVE!!』東山紀之の後任に選ばれた「実力派キャスター」テレ朝が目論む“大物司会者”へのシフト,https://news.yahoo.co.jp/articles/4a32a4758770d587b40f1a7f74e12f5e8da2215b,9/30(土) 11:02
jprime,週刊女性PRIME,「価値観が透けて見える」ジャニーズ問題にまつわるヤバ発言トップ3は日テレ、立川志らく、中村仁美,https://news.yahoo.co.jp/articles/78d6bade43357dd5ab78dfd1653f1981ab41b1c5,9/30(土) 7:02
jprime,週刊女性PRIME,「濡れ衣だった」覚醒剤8キロ密輸で逮捕されたデザイナー夫婦が独白「不当逮捕」「精神障害」「いじめ」地獄の2年,https://news.yahoo.co.jp/articles/80cbb5d3aaca3edf1e3ec2ce8788df23a6680f0f,9/30(土) 6:32
jprime,週刊女性PRIME,認知症・糖尿病予防・美肌効果も！座ってトントン「ひざたたき」で若返りホルモンを出す,https://news.yahoo.co.jp/articles/c2885d3f5ce3e6e43c3fcf30b3edf9fe1484e550,9/30(土) 6:02
jprime,週刊女性PRIME,「ジャニーズの穴埋め」新しい地図、紅白出場可否に注目も「断ってほしい」ファン拒絶,https://news.yahoo.co.jp/articles/b399eb6c9c6c09bf84748c15fcb2da5e7a10a6c2,9/29(金) 21:02
jprime,週刊女性PRIME,なにわ男子・西畑と熱愛の2歳下女子アナ、海外仕事に抜擢のウラで…「SNSはノータッチ」続く異常事態,https://news.yahoo.co.jp/articles/7ab3fad3deee850664f23d8f83d441e2bfa65718,9/29(金) 20:02
jprime,週刊女性PRIME,ジャニー喜多川氏が「無理矢理ねじ込んだ」“お気に入り”、紅白は「やりたい放題」だった,https://news.yahoo.co.jp/articles/03041fce48c26a834ac18924587448d52abd4bca,9/29(金) 17:32
jprime,週刊女性PRIME,紹介したコスメが“MEGUMI売れ” サレ妻も追い風にして「新・美のカリスマ」に,https://news.yahoo.co.jp/articles/359322d021d331e9a56f03b89ba62a2969532ce9,9/29(金) 17:02
jprime,週刊女性PRIME,香川照之、市川猿翁さんの他界で「一門を背負う覚悟」も懸念される“役者不足感”と問われる“人間力”,https://news.yahoo.co.jp/articles/4590ad4bd1706278b501e30cfb417476dd227dda,9/29(金) 11:02
jprime,週刊女性PRIME,《中秋の名月》どうして秋の月はきれいなの？元JAXAの広報担当の惑星科学者に聞いた,https://news.yahoo.co.jp/articles/4dccc8aa673d987daa076fafb5716ff7ab4b5437,9/29(金) 8:02
jprime,週刊女性PRIME,大沢たかお「茨の道を選んだことが俳優人生の始まり」55歳とデビュー30年を振り返る,https://news.yahoo.co.jp/articles/92aab38fc1d5acba3108ba26033c22e4a63a39a6,9/29(金) 6:02
jprime,週刊女性PRIME,「年収、言い合おう」盗撮未遂と大麻所持で逮捕のBMWディーラー御曹司はマウント男「中学はカーストのトップ」,https://news.yahoo.co.jp/articles/eefa1828ff5a7f56ef4998612f0b77bfc7cb3e21,9/29(金) 5:32
jprime,週刊女性PRIME,ラグビーW杯日本代表、日当はたった“1万円”だった！選手たちのリアルなお金事情,https://news.yahoo.co.jp/articles/a86d80d9583d48ddbcb0dfa6b18bdbade9c62d74,9/29(金) 4:02
jprime,週刊女性PRIME,山田涼介、“地獄だった瞬間”を語る「朝の5時に玄関を開け、驚いて膝から崩れ落ちました」,https://news.yahoo.co.jp/articles/0d50dac0d220391bf4b2e40707978d98b551e9dc,9/28(木) 20:02
jprime,週刊女性PRIME,降谷建志、過去にも“MEGUMIの妊娠中”に不倫「黙認する周囲がはやし立てて…」共通点がエグすぎた,https://news.yahoo.co.jp/articles/22c8652a10a254c50ca581eab460b054c1abc68f,9/28(木) 19:02
jprime,週刊女性PRIME,「完全に煽ってる」ビッグモーター“ライバル社”の話題「皮肉チラシ」意外な裏事情,https://news.yahoo.co.jp/articles/b1de233d80194f4cc24bdefb67d1751575494daa,9/28(木) 18:57
jprime,週刊女性PRIME,木村拓哉「大河は絶望的」NHK“ジャニーズ排除”と「もったいぶってきた」事務所の罪,https://news.yahoo.co.jp/articles/926d1abe9f8eb73fb948f6779e9ba54dd6cdc40a,9/28(木) 17:02
jprime,週刊女性PRIME,「私たちを怒らせた」ジャニーズ撤退に息巻くファンの不買運動よりも、大手企業が恐れる“世界の監視”,https://news.yahoo.co.jp/articles/7d684303ab8c8418200a52c4a284c53e28c0f649,9/28(木) 17:02
jprime,週刊女性PRIME,「ダサすぎ」降谷建志の離婚報告に総ツッコミ「家族をチームって」「父の不倫、ショックだって言ってたのに」,https://news.yahoo.co.jp/articles/6e35440b660350bc2ce1672ffaaf8be592855ecf,9/28(木) 16:32
jprime,週刊女性PRIME,“ジャニーズ外し”のNHK大河『光る君へ』朝ドラ『ブギウギ』、性加害問題“予測”で撮り直しの難逃れか,https://news.yahoo.co.jp/articles/dcc010727ab43942407b076580c040507af49df0,9/28(木) 16:02
jprime,週刊女性PRIME,大谷翔平がベンチで見せるコーチ顔負けの指導者ぶり、震災で変化した“親分気質”のリーダー力,https://news.yahoo.co.jp/articles/1d1c40adfffaba54b43c7fabd0a39bdcc11a81a0,9/28(木) 11:02
jprime,週刊女性PRIME,「太る上に口臭もキツく」死者も出た“激辛ブーム”、医師が警告「ダイエット効果は間違い」,https://news.yahoo.co.jp/articles/8bc9e4205b3105cbbb656d168644081ca4b3b4b6,9/28(木) 8:02
jprime,週刊女性PRIME,不倫発覚の降谷建志、MEGUMIとの離婚は「今年の頭に決めました」投稿に音楽関係者から疑問の声,https://news.yahoo.co.jp/articles/589402d46d69e73e461b7cdaac2e2dcfb897c19c,9/28(木) 7:32
jprime,週刊女性PRIME,塾でトイレ盗撮、施術中に女性客の身体を弄び…職場わいせつ二刀流男、妻は直撃に苦しい“言い訳”,https://news.yahoo.co.jp/articles/e4a495efd26419fd57334f60d141d66193f668e3,9/28(木) 6:32
jprime,週刊女性PRIME,ラーメン店の倒産続出！抑えられない“電気代が4倍”に「小麦の便乗値上げはやめてくれ」,https://news.yahoo.co.jp/articles/cb90b79cf23de776018f3b6e4e83577ce33287df,9/28(木) 6:02
jprime,週刊女性PRIME,阪神優勝を次男・虎太郎と涙して喜んだ“虎党”ダンカンが、かつて球団を大激怒させた“虎コラム”事件,https://news.yahoo.co.jp/articles/d32885836980c93b5aa0a730b6bc544911977c67,9/28(木) 5:02
jprime,週刊女性PRIME,【1000人に聞いた】ジャニーズCM商品「買う？ 買わない？」偏りの結果に驚き,https://news.yahoo.co.jp/articles/4c320703f6de37150eff745a97a1556afd89d56e,9/27(水) 21:02
jprime,週刊女性PRIME,「何目指してるの」Perfumeあ～ちゃん“激ヤセ”止まらず「あまりにも細い」心配の声,https://news.yahoo.co.jp/articles/65a04d70c9cb9f9e5d0f48d006040aa3ef38d508,9/27(水) 19:32
jprime,週刊女性PRIME,「これは大失敗」永野芽郁の衝撃“イメチェン姿”に賛否両論！「可愛いって言って」本人の嘆き,https://news.yahoo.co.jp/articles/ead8f98d13398eadd1434f6d86f95636db57ed97,9/27(水) 18:32
jprime,週刊女性PRIME,「タッキーわざとだよね？」『TOBE』からの初CDリリースがキンプリと“発売日カブり”に反感の声,https://news.yahoo.co.jp/articles/ff89fdbb853912fe0bd681d4e292e2cb7cb6b3f1,9/27(水) 18:02
jprime,週刊女性PRIME,日テレ、ジブリを子会社化で「事業的に大きなプラス」二極化するアニメスタジオの経営状況,https://news.yahoo.co.jp/articles/194148691259a969be290f84c2a2d1df24b95069,9/27(水) 16:02
jprime,週刊女性PRIME,「放置すると虫が…」実家がいつのまにかゴミ屋敷に、当事者が明かす“実家終い”のリアル,https://news.yahoo.co.jp/articles/7d0eec0cd177f03e225473b735b5882032fdba27,9/27(水) 15:02
jprime,週刊女性PRIME,《最終回がっかりドラマランキング》3位『教場』、2位『silent』を抑えた1位は,https://news.yahoo.co.jp/articles/faeac412f66c1b9df9a7493b4e34d2392eee7033,9/27(水) 11:02
jprime,週刊女性PRIME,「少し心配になる」遠野なぎこ、SNSに“激痩せ姿”を投稿中「恐ろしい病の現実なのです」悲痛告白,https://news.yahoo.co.jp/articles/769e23fa7fdb6ca3576ba143b67c7d76a086c4ea,9/27(水) 8:12
jprime,週刊女性PRIME,「1回30～50万円」東京都が“卵子凍結”助成金開始もコスト・病院選びに「問題山積」,https://news.yahoo.co.jp/articles/3fdcc8250269221fa367513c2f669e84ec4831d6,9/27(水) 8:02
jprime,週刊女性PRIME,雅子さま、“自分の意思で生き方を決めさせてあげたい” 愛子さまに抱く「未来予想図」,https://news.yahoo.co.jp/articles/3aa95ef4a5045291a65ffd56def93ddc47774107,9/27(水) 7:02
jprime,週刊女性PRIME,大阪・高齢者詐欺のパリピ男「ハーバード大卒？」右目下のイキリ“タトゥー”とふざけたプロフィール,https://news.yahoo.co.jp/articles/c88b17a5094cec4a9ad835060d9aad7a2d7a5c1e,9/27(水) 6:32
jprime,週刊女性PRIME,桑田佳祐「音楽界のビートたけし」長渕剛とケンカの過去と「都市開発批判」新曲の物議,https://news.yahoo.co.jp/articles/3527f0c689fef1cc3808669eace7d64903e13f2d,9/27(水) 6:02
jprime,週刊女性PRIME,宣伝ゼロでも即完売でプレミア化！菅田将暉と小松菜奈の夫婦合作「8800円“ミステリ”写真集」の中身,https://news.yahoo.co.jp/articles/db0dce9b5b533595a42c30806527a76cb26f276a,9/27(水) 5:02
jprime,週刊女性PRIME,【独占】才賀紀左衛門の元事実婚妻が語るモラハラDV地獄「才賀の虚言癖には嫌気が差す、すべてお話します」,https://news.yahoo.co.jp/articles/d49549201923a308e684f2b1285b8242cc315487,9/26(火) 21:02
jprime,週刊女性PRIME,「性的サービスなし」セクハラ被害DJの意味深な服が「日本人男性はバカにされてる」と物議,https://news.yahoo.co.jp/articles/6cb7bce83407a06bc1fa9865de20386178910575,9/26(火) 18:17
jprime,週刊女性PRIME,東山紀之とジュリー氏 “交際の過去”は本当か、当時を知るレポーターが明かす「メリーさんは結婚させたがっていたけれど…」,https://news.yahoo.co.jp/articles/2cfe5d0525e66b5332c4ecb6a037bf2cd9cfbc85,9/26(火) 18:02
jprime,週刊女性PRIME,「5人を諦めなくていいってことだよね？」キンプリ新曲MVでの“意味深”演出にティアラ沸く,https://news.yahoo.co.jp/articles/e9f4cf523b1d0f3a0088b3bd6115b7756ee695b2,9/26(火) 17:51
jprime,週刊女性PRIME,「生配信の養分にされる」Xでスマホ番号開示、ジャニーズファンに対話呼びかけた田村淳の“腹づもり”,https://news.yahoo.co.jp/articles/2df8ac256ab550cbabaf7ec9ff2b606964417a9e,9/26(火) 17:01
jprime,週刊女性PRIME,悪役挑戦の中山優馬、NEWS・増田貴久の“差し入れ”に「気遣いがすごいなと思いました」,https://news.yahoo.co.jp/articles/ab46dc9fca3ccf6e8f45f674d48a272908b00ceb,9/26(火) 16:02
jprime,週刊女性PRIME,「暴力も振るわれていた」クリスタル・ケイの母シンシアが苦しんだ不倫男との“結末”,https://news.yahoo.co.jp/articles/ddf5bfd0076a07432a448984d2035b9cf468680e,9/26(火) 8:02
jprime,週刊女性PRIME,「ガッカリな朝ドラ」ランキング、3位『半分、青い。』2位『純と愛』を抑えた1位は,https://news.yahoo.co.jp/articles/1374749a385851fe7bb88cbdf899eca06c676bf2,9/26(火) 6:02
jprime,週刊女性PRIME,東山紀之、木村佳乃と愛娘の学校行事で夫婦司会をするも保護者から“性加害問題”を心配される不穏,https://news.yahoo.co.jp/articles/ca7dd3d1c66fe321d704c758e7b1b26824ca471f,9/26(火) 5:02
jprime,週刊女性PRIME,ジャニーズ「500億円」ファンクラブ弱体化の波「解体的出直し」に立ち塞がる“3つの壁”,https://news.yahoo.co.jp/articles/47f871a4ab29569ea6cc21e91de6cbc3cb07d219,9/25(月) 21:02
jprime,週刊女性PRIME,「スポンサーがつかないかも」木村拓哉『教場』の撮影延期は複数キャストが降板を申し出ていた！,https://news.yahoo.co.jp/articles/a28b687446343f5e80564056e52b92b321ac619a,9/25(月) 17:02
jprime,週刊女性PRIME,霜降り・せいや、心配性すぎる“結婚できない男”を救った「なんでも明るく笑い飛ばす明朗妻」の素顔,https://news.yahoo.co.jp/articles/957c04d362a62ff22934a97fb1214eba3a95cf0b,9/25(月) 16:02
jprime,週刊女性PRIME,「見たくない＆応援したい」《ママタレランキング》上位を独占した女優ママとアイドル妻,https://news.yahoo.co.jp/articles/293b22d4ded13eb77eb204caa4f0a2a36d0d174a,9/25(月) 11:02
jprime,週刊女性PRIME,《がんの危険信号》生存率が低いがんほど早期発見が大事！絶対に見逃したくないサイン,https://news.yahoo.co.jp/articles/aa9efc64eb6f5c66dff10aaca4ece308ea1ba8cc,9/25(月) 8:02
jprime,週刊女性PRIME,松本明子が40周年を前に“売れなかったアイドル時代”を語る「仕事がない自分が恥ずかしくて」,https://news.yahoo.co.jp/articles/1614124e2710c38cded633dba672bb4dbd03667b,9/25(月) 6:02
jprime,週刊女性PRIME,3児の子育て中に突然の子宮頸がん宣告、全摘手術を受けた女性医師の「6年間の孤独」,https://news.yahoo.co.jp/articles/adc14a9225a9ef221715d5c7ce73d8f2d7ac7967,9/24(日) 21:02
jprime,週刊女性PRIME,「増えすぎて怖い」岩橋玄樹の“両腕にがっつりタトゥー”に「受け入れられない」ファン賛否,https://news.yahoo.co.jp/articles/2e75b0bb61f5a73a4e18f91f7f975bcfbc36797d,9/24(日) 19:02
jprime,週刊女性PRIME,朝日放送の番組で中間淳太の肩書きからジャニーズWESTが消える　ファンから「酷すぎ」の声も,https://news.yahoo.co.jp/articles/f7912f585a0742a9a21abdce61f1dc19cb74c88e,9/24(日) 16:02
jprime,週刊女性PRIME,磯野波平54歳よりはるかに若い！マツケンに研ナオコら「令和の70歳」が若すぎる,https://news.yahoo.co.jp/articles/700feeeb5037d1bf15875cc8a36c1f9b8101a685,9/24(日) 16:02
jprime,週刊女性PRIME,不調で来院する患者の9割が「バナナ腰」、腰痛専門のYouTuber整体師が伝授する“カーブ”のリセット法,https://news.yahoo.co.jp/articles/66886aaedabea2b3a651a4bbd701287fb60fedc3,9/24(日) 13:02
jprime,週刊女性PRIME,森永卓郎、畑仕事のメリットは食費が浮くだけでなく「1回畑に行くとライザップ2回分の運動量」,https://news.yahoo.co.jp/articles/2c2b7bf4bdffdb4081562c198dbe9e611859ab60,9/24(日) 11:02
jprime,週刊女性PRIME,なぜ畳の縁を踏んじゃダメなの？ 研究家が解説する「畳」の歴史ある雑学,https://news.yahoo.co.jp/articles/d69e275e725cc7001bf84fa2c8b56770ea644fa6,9/24(日) 8:02
jprime,週刊女性PRIME,「○も立派な漢字」日本近代書道の父の伝統を継ぐ書家・南鶴溪が語った漢字の“本質”,https://news.yahoo.co.jp/articles/02a833147fc1f53951ae000e3b7c6bf3c67ed4d5,9/24(日) 7:02
jprime,週刊女性PRIME,森尾由美「不作のメンバーだって実感」も83年デビュー組アイドルとしての本音,https://news.yahoo.co.jp/articles/444766860b225b2d35412cb08e6ce46abb0ed4fc,9/24(日) 6:02
jprime,週刊女性PRIME,広末涼子、不倫交換日記がきっかけで”幻のコラボ曲”がお蔵入りに　韓国人音楽プロデューサーが激怒,https://news.yahoo.co.jp/articles/f7707294eafb8fd038685891e72d7e9a858e3bb4,9/23(土) 21:09
jprime,週刊女性PRIME,大沢逸美、83年デビュー組は不作と言われ「ふざけるな！自分はイケてると思ってた」,https://news.yahoo.co.jp/articles/f40010a694a25913974fa7949a0430049314923b,9/23(土) 21:02
jprime,週刊女性PRIME,A.B.C-Z河合郁人、今春からグループ脱退を画策していた　キスマイ藤ヶ谷との“エビキス首脳会談”で決めたこと,https://news.yahoo.co.jp/articles/fb2880eeeea69146001e3774e64ef4f0a77016ef,9/23(土) 17:32
jprime,週刊女性PRIME,「ほとんど使わない」HBの鉛筆が小学校で消滅寸前の一方で、2Bが小学生に大人気な背景,https://news.yahoo.co.jp/articles/82227499d43d503b2000a1fa874265d4ee043fc9,9/23(土) 17:02
jprime,週刊女性PRIME,母が認知症で変わっていく姿に「泣きながらカメラを回した」両親の老老介護を記録した映画監督,https://news.yahoo.co.jp/articles/7e700fc0cddfad4044fe4aecd8046f6b1f3e163a,9/23(土) 16:02
jprime,週刊女性PRIME,「馬乗りで包丁10回…」石川・風俗嬢“刺殺”男、過去に凶悪ストーカー事件起こすも早々に出所していた！,https://news.yahoo.co.jp/articles/cf817c61e3caa602ccfc01f56b82b4319c2796a3,9/23(土) 11:27
jprime,週刊女性PRIME,信州のおばあちゃんに学ぶご長寿レシピ「超高齢社会を乗り越える知恵は長野にあり」,https://news.yahoo.co.jp/articles/610d398322d7fd24628b9afbf94791dfe5a601ad,9/23(土) 11:02
jprime,週刊女性PRIME,「同じ人間とは思えない」へずまりゅうが人気中学生YouTuberに恐怖の直撃、進む自宅特定と起こる“二次被害”,https://news.yahoo.co.jp/articles/3f48838d70918544545a16d5c45ec153087b0237,9/23(土) 11:02
jprime,週刊女性PRIME,財前直見の畑ライフ、採れたて野菜ですくすく育った16歳の息子が学んでくれたこと,https://news.yahoo.co.jp/articles/0b6806389996deb0243f929e246e63a09e9f8797,9/23(土) 8:02
jprime,週刊女性PRIME,64歳スタイリストが実践、還暦とコロナのダブルパンチから脱却、次のステージに備える《人生の衣替え》,https://news.yahoo.co.jp/articles/be336bb6bd4292aed7cbe11167a589d70725ff82,9/23(土) 6:02
jprime,週刊女性PRIME,【独自】霜降り明星せいやが電撃結婚！ すでに周囲に報告済み、ラジオ番組で生発表へ,https://news.yahoo.co.jp/articles/58ced8772ba28e8fca3a39ef37570296708ac3fc,9/22(金) 22:02
jprime,週刊女性PRIME,永瀬廉が6年半かけて明治学院大学を卒業！卒論テーマは「応援したくなる心理」刺さりすぎる中身,https://news.yahoo.co.jp/articles/957a9ae4bd9c379b2b8fa8b653e26ec7d535e09b,9/22(金) 21:02
jprime,週刊女性PRIME,「事務所と沈んでいくしかない」木村拓哉に再び“裏切り者”のレッテル、蒸し返されるSMAP解散騒動,https://news.yahoo.co.jp/articles/e070d5786654862af199b6bc1ffd5bbf01830997,9/22(金) 20:02
jprime,週刊女性PRIME,上原多香子、2度目の不倫報道後の近況を入手！ 勤務していたスキンケアブランド店から消えたままで…,https://news.yahoo.co.jp/articles/057a66996338fc6a241d328807c7aa8e8370bce5,9/22(金) 18:32
jprime,週刊女性PRIME,ジャニーズWESTの新曲タイトルに「まさか過ぎる」ファン騒然！“封印”される可能性が浮上した楽曲,https://news.yahoo.co.jp/articles/5d3a3b922a2cd418662a89a9685d5c96804c890f,9/22(金) 18:02
jprime,週刊女性PRIME,鈴木亮平が『下剋上球児』猛暑ロケで見せた『VIVANT』には負けない“渾身役作りと俳優のプライド”,https://news.yahoo.co.jp/articles/ccf34109d96c778af29bf18ae1b210cebbead59a,9/22(金) 17:02
jprime,週刊女性PRIME,ジャニーズコンサートで女性転売ヤーを狩る“私人逮捕おじさん”を逆直撃「ホメられてオイシイ」答えた真の目的,https://news.yahoo.co.jp/articles/aee08ac25e2bc543670c6010df5d6ca28302e7b4,9/22(金) 16:02
jprime,週刊女性PRIME,松嶋菜々子の『GTO』新作出演は？ 反町隆史と2024年1月クールの“ドラマ競演で夫婦バトル”へ,https://news.yahoo.co.jp/articles/38e29c9b00fa1ae2f1732751cdd1d254975534ec,9/22(金) 11:02
jprime,週刊女性PRIME,「人ごとじゃないんです」26歳で早発閉経と診断された千種ゆり子、映画で伝える自らの経験,https://news.yahoo.co.jp/articles/2f75f666b1850399242542bc770c6adff731ac22,9/22(金) 8:02
jprime,週刊女性PRIME,伊武雅刀「もぎたてにかなうものなし」野菜作りで得た劇的に豊かになった心と身体,https://news.yahoo.co.jp/articles/513e678cf8d1f6bdd131fe4593a8d3b3d3001178,9/22(金) 7:02
jprime,週刊女性PRIME,『CDTVライブ！ライブ！』”露骨なジャニーズ外し”にファン激怒、TBSがみせる強行姿勢,https://news.yahoo.co.jp/articles/762680ee9ae27e2d3d02699e3c1aa3655812c406,9/22(金) 6:06
jprime,週刊女性PRIME,林修氏は「字が汚くても問題ない」と持論、プロ家庭教師が明かす“汚い字と頭の良さ”の相関関係,https://news.yahoo.co.jp/articles/86969d2ba51bc3577491f06a3cb366616347539d,9/22(金) 6:02
jprime,週刊女性PRIME,「不気味だった…」《新横浜ホテル殺人》“顔面殴打”男「仲間に入ってこんかった」知人が語った素顔,https://news.yahoo.co.jp/articles/c3605dc004826d2941868712720d2018bedb0099,9/22(金) 5:32
jprime,週刊女性PRIME,【大阪府摂津市】住民税控除の“還付ミス”で得た1500万円「使ったから返せない」は合法？,https://news.yahoo.co.jp/articles/cb7fbd51aa5e7270775929957d0c7e9165656ddb,9/22(金) 5:02
jprime,週刊女性PRIME,ジャニーズ社名変更案が再浮上も…踏み切れない400億円“ファンビジネス”のしがらみ,https://news.yahoo.co.jp/articles/ebe42b09f177b092e6587cd984db6fdc50b32cf9,9/21(木) 21:02
jprime,週刊女性PRIME,「恥ずかしくないの？」森七菜の“番宣ショット”に非難轟々！「私物化やめて」フジテレビの失態か,https://news.yahoo.co.jp/articles/3470dac81655fb38ffb52cf46b70957d75586207,9/21(木) 18:32
jprime,週刊女性PRIME,"「生々しい…」ジャニー氏""15億円""豪邸が売りに出された？「同じ風呂に」ネット騒然",https://news.yahoo.co.jp/articles/6cf9a96541c7dacf70a0005d1c939937671ba481,9/21(木) 18:02
jprime,週刊女性PRIME,目黒蓮とラウールの“ジャニーズ愛”炸裂ブログでファン対立　平野紫耀が脱退前に明かした本音が再び物議に,https://news.yahoo.co.jp/articles/092c6eaf746e26d3e7e2997856a0a69a30f28a39,9/21(木) 17:02
jprime,週刊女性PRIME,上地雄輔「人見知りしない説」は本当だった！会員制リゾートでバカンス中も“絶対に断らない”神対応,https://news.yahoo.co.jp/articles/a661b2be0c2636513bb96666675c8c07bb695138,9/21(木) 16:02
jprime,週刊女性PRIME,真木よう子が“事実婚”を公表も「9割のカップルが関係を解消」待ち受ける高いハードル,https://news.yahoo.co.jp/articles/e40bbd9acbbe4feee7dc6074f3bc6b4fb1dfc9f4,9/21(木) 11:02
jprime,週刊女性PRIME,「“犬系彼女”って何？」カテゴライズは80種類！進化する“〇〇系”が増えすぎてカオス,https://news.yahoo.co.jp/articles/ad937e35022c22f0aa2f486b92eb93839e55dd4b,9/21(木) 8:02
jprime,週刊女性PRIME,「アブラ多め」ラーメン論争、背景に「好きな店以外認めない」“ラオタ”と“炎上系”,https://news.yahoo.co.jp/articles/c610703b0643973c56edb01c07e7b7b9c5a0f67f,9/21(木) 6:02
jprime,週刊女性PRIME,平野紫耀が着用しただけで…20万円超え『ルイ・ヴィトン』商品が続々売り切れ！止まらぬファン爆買い,https://news.yahoo.co.jp/articles/bd6595b79f09340f003e62a6f88044db9f67063e,9/21(木) 6:02
jprime,週刊女性PRIME,1人「3泊5日68万円」東京・港区立中学校のシンガポール修学旅行は「家庭や教育現場の声が置き去り」,https://news.yahoo.co.jp/articles/6daf379ff2ec82aa47f25864be922c78825350d3,9/21(木) 5:02
jprime,週刊女性PRIME,『水曜日のダウンタウン』が“コンプラ時代”に刺さる説をバラエティーPが解説,https://news.yahoo.co.jp/articles/dba5ace7c057e4037eb1a94f41fd1134de089a9c,9/20(水) 21:02
jprime,週刊女性PRIME,櫻井翔、日本ラグビー協会がアンバサダー続投決定も関係者「急遽降板もあり得る」囁かれる理由,https://news.yahoo.co.jp/articles/64c198e5a4eb130ac32707e0a8b088aa4cf29ad7,9/20(水) 17:02
jprime,週刊女性PRIME,サザンの新曲に坂本龍一さんの“遺志”、桑田佳祐「見て見ぬフリしない」風刺の矜持,https://news.yahoo.co.jp/articles/19b5eac4f27a2c49aa40f4a5597cb4f8f22def9d,9/20(水) 16:02
jprime,週刊女性PRIME,大谷翔平、ケガで移籍先の候補が減少も現地での“リアルな最新評価”と今後のキャリア,https://news.yahoo.co.jp/articles/04313000fdcf5239764037a6ad96eb0a8d22bce7,9/20(水) 11:02
jprime,週刊女性PRIME,鶏むね肉ばかり食べる、プロテインで補う【間違いだらけの「タンパク質」のとり方】,https://news.yahoo.co.jp/articles/8b07198b11b2e03ac037e6427af75be9544ad47a,9/20(水) 8:02
jprime,週刊女性PRIME,【独自】愛子さまが「遊園地でお忍びデート」高身長の爽やかイケメンとユニクロ私服のレア姿,https://news.yahoo.co.jp/articles/f43809683d78723f01fe0e6d189cc80caa23aeaa,9/20(水) 5:02
jprime,週刊女性PRIME,【緊急アンケート】《史上空前の加害行為》ジャニーズ社名継続の是非、賛成派4割の言い分は？,https://news.yahoo.co.jp/articles/d24c69a24441f2a548f38ed22a3e5b631922852a,9/19(火) 21:02
jprime,週刊女性PRIME,「おぞまし過ぎる…」大野智「ジャニーさんの肖像画」と囁かれる絵画の投稿にネット騒然,https://news.yahoo.co.jp/articles/6432787163beeacda27e8bb6a680a7298aabcf7e,9/19(火) 19:27
jprime,週刊女性PRIME,キンプリ永瀬、映画広告の顔面にシール…「モスの二の舞」と映画館炎上も担当者が真相を回答,https://news.yahoo.co.jp/articles/db2fec282893357aebdc1c76d87a7ea15dafe28b,9/19(火) 17:46
jprime,週刊女性PRIME,ジャニーズ“撤退ドミノ”続く企業、タレントを広告起用する「85社の対応と本音」,https://news.yahoo.co.jp/articles/b9dde3d0216e9f7d5a6642f502f15a6cc14c8d63,9/19(火) 17:02
jprime,週刊女性PRIME,広瀬アリス、すずとの「姉妹比較の沼」脱出の鍵は熱愛・関ジャニ大倉忠義との“結婚”か,https://news.yahoo.co.jp/articles/00d6778ce909a5278fe91ed5f07d03eef492e4c7,9/19(火) 16:02
jprime,週刊女性PRIME,「50歳女優」うらやましい生きざまランキング！結婚は好感度に影響か、圧倒的1位は「神秘的魅力」,https://news.yahoo.co.jp/articles/da19286b2d8ce2623ec91d354de6a209973e86a1,9/19(火) 11:02
jprime,週刊女性PRIME,「コラ！父さんの夕食！」加藤茶がコントばりに怒った相手、綾菜が告白“加藤家のプチ事件”,https://news.yahoo.co.jp/articles/f3f2cfa0a99f1e62549991e79895dbb8d6784873,9/19(火) 8:02
jprime,週刊女性PRIME,家を片づけて借金100万円から貯蓄1000万円へ！4人の子育てをしながら“貯め体質”へ変身,https://news.yahoo.co.jp/articles/0719aa2913f4f9a96fe2694b4fe26202dffc2b73,9/19(火) 7:02
jprime,週刊女性PRIME,「8割捨てれば心も財布も豊か」64歳ミニマリストの“15分で27個捨てる”短期集中の捨てワザ,https://news.yahoo.co.jp/articles/61d2712bcedd849997974b875c08d37cbb7bf019,9/19(火) 6:02
jprime,週刊女性PRIME,教え子にわいせつ行為、動画も撮っていた55歳校長には“生まれたばかりの子”がいて…裏切りの素顔,https://news.yahoo.co.jp/articles/aceaf7609905cab77c3bba77b309d7ae64850483,9/19(火) 5:32
jprime,週刊女性PRIME,還暦間近の松村雄基、俳優・歌手・茶道・書家・そして社長業「中高生くらいから精神年齢は変わってない 」,https://news.yahoo.co.jp/articles/313b434b5135bea15c808f52a6ad39ee27b8f203,9/18(月) 21:02
jprime,週刊女性PRIME,「TOBEに入ると皆老け見え」「ビジュ爆発」など元キスマイ北山宏光の“メイク”にネットざわつく,https://news.yahoo.co.jp/articles/308702a6fa5ef101f09658ccd9ad4f80ac3ffe82,9/18(月) 17:16
jprime,週刊女性PRIME,《寿命を縮める危険な食べ方》老ける、元気がない、疲れる…それ全部「食事」のせいかも,https://news.yahoo.co.jp/articles/bd45ae986ab11360b70b5e1c6432d742d7bd195a,9/18(月) 17:02
jprime,週刊女性PRIME,中国人の爆買いに異変！日本はインバウンドの恩恵どころか「消費は戻らない」と言えるこれだけの理由,https://news.yahoo.co.jp/articles/40db937b986472c5844599b6d25eef31ce97297a,9/18(月) 16:02
jprime,週刊女性PRIME,「片や華々しく、片や落ち目」クリスタル・ケイの母シンシアが娘に“ジェラシー”で追い込まれた過ぎし日,https://news.yahoo.co.jp/articles/c3945ba8bc51f85c6d44dee70da30f970d80d3a4,9/18(月) 11:02
jprime,週刊女性PRIME,累計30億食以上！ギネスも認めた『ボンカレー』「湯せんよりもレンチン」推しのアツイ理由,https://news.yahoo.co.jp/articles/a78161661a71eff6985e811a637ab5a2731cc2f0,9/18(月) 6:02
jprime,週刊女性PRIME,「見た目変わりすぎ」高畑裕太が投稿した“移り変わりが激しい”免許証写真にネット仰天,https://news.yahoo.co.jp/articles/5673316d838a7460ff5409ed73ee699bd1921d73,9/17(日) 17:32
jprime,週刊女性PRIME,【全国1000人に聞いた】飲食店で見かけた“やばい貼り紙”「ワクチン6回接種済みの方のみ入店可」,https://news.yahoo.co.jp/articles/db96818888c4dab99604899725e859b541a2d6ed,9/17(日) 17:02
jprime,週刊女性PRIME,副業が本業超えの年収3000万円のツイッタラーが伝授、主婦にこそできる副業「“経験”は売れる」,https://news.yahoo.co.jp/articles/4810275d6fc1d3ea397fe854bee84e340bce16bc,9/17(日) 16:02
jprime,週刊女性PRIME,遺言書って必要なの？「夫が先に亡くなったら…」いつかくる“その日”に備えるお金の知識,https://news.yahoo.co.jp/articles/c2b30c6faa825c38b9348d6e3364293d76a079f5,9/17(日) 13:02
jprime,週刊女性PRIME,「本当に顔がわからなくなるんだ」認知症患者を取材してきたライター、実父の発症で気づいた当事者の心,https://news.yahoo.co.jp/articles/f4a457dfec0679d1ef608a1c14ae02f1dd75a2af,9/17(日) 11:02
jprime,週刊女性PRIME,ただの鼻づまりだと思っていたら「鼻腔がんだった」4人家族の主婦、治療費より家計を圧迫したもの,https://news.yahoo.co.jp/articles/d8f657c96a77c023b0aac28704ee51449d73dc28,9/17(日) 8:02
jprime,週刊女性PRIME,櫻井翔、アフラックCMは“個人契約”の可能性に「存在意義なくなる」芸能事務所が戦々恐々,https://news.yahoo.co.jp/articles/b789aa04b1cb167465c02362b9853e3e60389f99,9/17(日) 8:02
jprime,週刊女性PRIME,捨てて貯めた資産は3000万円！大好きなバカラも迷わず処分、パート主婦が自分に問いかけた言葉,https://news.yahoo.co.jp/articles/a8684861696aa3cf5380b64a0fe03d2df39c53bf,9/17(日) 6:02
jprime,週刊女性PRIME,『ザ・ノンフィクション』で鳥のエサを食べていた貧困地下アイドル、彼女が手にした「人間らしい生活」,https://news.yahoo.co.jp/articles/b3ce8e2dad433f061533ab0f3240018310697528,9/16(土) 21:02
jprime,週刊女性PRIME,「ゴリ押し減るなら最高」二宮和也らジャニ勢、秋ドラマ“不発”なら「消えるきっかけに」,https://news.yahoo.co.jp/articles/de3225397c231a21436b65b425bc7d50a91ba53e,9/16(土) 19:02
jprime,週刊女性PRIME,蛙亭イワクラやオズワルド伊藤の元同居人！人気急上昇中のママタルト、ネタの魅力は「柔らかく温かい」,https://news.yahoo.co.jp/articles/54df8a697748cbca981e29aa32c9c66c8530b0ef,9/16(土) 17:02
jprime,週刊女性PRIME,インボイスは全国民に負担強いる“消費増税”だった！「景気は悪化、生活がより苦しくなる」未来,https://news.yahoo.co.jp/articles/5d098b4497766bc60430889e693f56d18051d2a3,9/16(土) 16:02
jprime,週刊女性PRIME,身長が2cm縮むと要介護リスクが2倍に！猫背・O脚・ポッコリお腹を改善する背伸ばし体操,https://news.yahoo.co.jp/articles/690908a79998a3abe3e05068b35baedbe87bbebf,9/16(土) 13:02
jprime,週刊女性PRIME,「80歳の自覚がなかった」デザイナー・鳥居ユキの暮らしぶりで紐解く“エネルギッシュ”な生き方,https://news.yahoo.co.jp/articles/06835b2a084ee19177c7d64e8cb7f569b506067b,9/16(土) 11:02
jprime,週刊女性PRIME,「民度低すぎ」道頓堀ダイブ“マスコミ煽り”批判殺到も「奇跡の1枚」飛び込み写真が話題,https://news.yahoo.co.jp/articles/af7aa15be67a15231c05aa8ba905e282155a60ec,9/16(土) 9:02
jprime,週刊女性PRIME,天皇・皇后両陛下、24年ぶりの北海道訪問で道民から喜びの声と被災地訪問への“期待”,https://news.yahoo.co.jp/articles/aa3bcfbc30c1a1ffa0826a5d5960c8f1ea317553,9/16(土) 7:02
jprime,週刊女性PRIME,羽生結弦の妻は8歳年上の美人元バイオリニストだった、直撃に母は「いつかお話しできれば」,https://news.yahoo.co.jp/articles/950d4f90def15a404acb5fefa75722efca5550a8,9/16(土) 6:02
jprime,週刊女性PRIME,千葉・わいせつ行為をして動画撮影…小学女児に“ガチ恋”した妄言おじさんのボッチ生活,https://news.yahoo.co.jp/articles/2329562aa9f143fe3b03e7d44cdf2bd5c5918112,9/15(金) 18:02
jprime,週刊女性PRIME,「一緒に写っている」『VIVANT』 “癒しキャラ”ドラムの裏切り行為が公式サイトで堂々ネタバレ？,https://news.yahoo.co.jp/articles/c23c2d8295680733fe28f4e6a4345c9710a7fa8b,9/15(金) 17:02
jprime,週刊女性PRIME,加藤紗里、新カレは“路チュー”動画も投稿するTikTok生配信者！手つなぎペアルックデートを目撃,https://news.yahoo.co.jp/articles/2c4f5b6c8e5490520ecc09cd3b9db3eb325950ee,9/15(金) 16:02
jprime,週刊女性PRIME,「ショーマストゴーオン」TBS有名プロデューサーが“ジャニーズ擁護”で波紋、問われるメディアの在り方,https://news.yahoo.co.jp/articles/10bc547956033b7963a8b9aea07950888f86abfc,9/15(金) 12:02
jprime,週刊女性PRIME,「コスパの化け物」『薄皮』シリーズの新作にネット騒然、広報が明かした驚きの“過去商品”,https://news.yahoo.co.jp/articles/995704af5cbda8f220d3c3c23268187e4d0b3d99,9/15(金) 11:02
jprime,週刊女性PRIME,「ただのクレーマー」妊娠中ユーチューバーが配達員に不満爆発も「甘え過ぎ」ネット総ツッコミ,https://news.yahoo.co.jp/articles/20f4c3af0a959e96ba1ac6e12b2654040d1c9526,9/15(金) 9:02
jprime,週刊女性PRIME,「肌艶が良くて試合に集中できない」大谷翔平に美白王子らアスリートたちの天才「肌」事情,https://news.yahoo.co.jp/articles/c3f767eca47689043db9e16a182e640d2b39b4a6,9/15(金) 7:02
jprime,週刊女性PRIME,BMWディーラー社長が盗撮未遂と大麻所持で逮捕「会社に短パン」「高級外車で出社」ボンボン人生の落とし穴,https://news.yahoo.co.jp/articles/c6badd8465a130e07bc2f8b856fd4e260dd90b7b,9/15(金) 6:32
jprime,週刊女性PRIME,明日海りお、“どっぷり浸かってしまった”推しとの出会いで「誰かを応援する気持ち」を知った,https://news.yahoo.co.jp/articles/467aae8af6473298ec95cee98793e50b14039e84,9/15(金) 6:02
jprime,週刊女性PRIME,岸田首相の支持率上昇の世論調査は《胡散臭い》女性への街頭アンケートで出た驚きの声,https://news.yahoo.co.jp/articles/ea271b51328103331c0e6627fe0a8fab5bb6b066,9/15(金) 5:02
jprime,週刊女性PRIME,性的投稿で炎上→謝罪の三条タクシー、女性ドライバーがアンチにハートマークで宣戦布告,https://news.yahoo.co.jp/articles/d33971824121d282f1519e466b7ad6c395f3debc,9/14(木) 19:02
jprime,週刊女性PRIME,「被害にあってない人まで手をあげる」ジャニーズ救済措置を懸念の元Jr.が「当事者の会」に入らない理由,https://news.yahoo.co.jp/articles/a3dd919cf6e112ad0056b4fac2dfe795439a4130,9/14(木) 18:02
jprime,週刊女性PRIME,「ジャニーズ事務所には何やってもいい」東山紀之が会見で浴びせられた悪質な“口撃”、露呈した「マスコミ」のヤバさ,https://news.yahoo.co.jp/articles/2f035b48f5c8c196a13e33956f34a859582bc63d,9/14(木) 17:02
jprime,週刊女性PRIME,鈴木紗理奈らが「クソ高い」と嘆く子どもの留学費、全寮制で年間1200万円でも海外留学を選ぶ親たち,https://news.yahoo.co.jp/articles/360bd09796a7c0fed6b13b1cdab1b65a337523e4,9/14(木) 16:02
jprime,週刊女性PRIME,「ジャニーズCMの最後の砦」東山紀之、櫻井翔ら歴代ジャニタレ出演の『バーモントカレー』どうなる？,https://news.yahoo.co.jp/articles/9d8a2d27e4a0346cad09512370bcb09c061c4e7f,9/14(木) 11:51
jprime,週刊女性PRIME,「歌と向き合う時間がなかった」EXILE・TAKAHIRO、ソロ10周年で振り返る“スランプ期”,https://news.yahoo.co.jp/articles/75cf6de67e06071f1b248ca2aa2c387a5e965985,9/14(木) 11:02
jprime,週刊女性PRIME,柿がまだカタかった！柔らかく追熟させるため、一緒にビニール袋に入れるといい果物とは？,https://news.yahoo.co.jp/articles/21ef1d29c1131a99c23326b2e3043fcecbaac8f2,9/14(木) 8:02
jprime,週刊女性PRIME,「経営陣があぐらを…」デパート閉店の背景事情と「あえて買収してもらう」存続への策,https://news.yahoo.co.jp/articles/f92616df416cc01782a05bb77569962f5f4ba74d,9/14(木) 7:02
jprime,週刊女性PRIME,阪神18年ぶりのアレに「道頓堀ダイブしてみた」便乗YouTuberとSNS厨も入り乱れる“進化系”カオスへ,https://news.yahoo.co.jp/articles/d87f56152e3708221eab850cb6a3580f8ff3229c,9/14(木) 6:02
jprime,週刊女性PRIME,ジャニーズ性加害問題に大手企業は“番組スポンサー”を継続？アサヒや日産など7社の回答,https://news.yahoo.co.jp/articles/e083d811d6aa8c41f67aeaa3807e7eac2125c8b7,9/14(木) 5:32
jprime,週刊女性PRIME,A.B.C-Z・塚田僚一が体調不良から4か月ぶり復帰も「どこが調子悪いの」祖母が首ひねった“元気な病状”,https://news.yahoo.co.jp/articles/f95eddc2ac4d3b1b7334b6771d2525de69159576,9/14(木) 5:02
jprime,週刊女性PRIME,「スタイリング力が見事」天皇ご一家の3人“リンクコーデ”が素敵！お出かけファッションに見る仲の良さ,https://news.yahoo.co.jp/articles/65e2258ca4dae99dcbe83e918344d5f1014679a1,9/14(木) 4:02
jprime,週刊女性PRIME,薬物逮捕から4年半のピエール瀧、地上波復帰は叶わずとも“マルチな仕事”増加でニンマリ顔の近況,https://news.yahoo.co.jp/articles/fec61b2b7c7fa3644cf69afa36f2b1768c74d8b6,9/13(水) 21:02
jprime,週刊女性PRIME,「ジャニーズは放送禁止か」堂本剛『人生最高レストラン』でのトークに違和感を覚える視聴者が続出,https://news.yahoo.co.jp/articles/d82aeeb25d32a9ec81e149cf487dbbbd33a1345c,9/13(水) 18:02
jprime,週刊女性PRIME,「完全に“おまいう”」上沼恵美子の“ジャニ斬り”に「今更言われても」ネットの反応冷ややか,https://news.yahoo.co.jp/articles/a5bd9b273ff7e903f56b25d8b78f53eb25bc6439,9/13(水) 17:32
jprime,週刊女性PRIME,岡田准一に玉木宏、ガリットチュウ福島が優勝した「柔術」の一度始めると続けたくなる魅力,https://news.yahoo.co.jp/articles/1b22133115a6d43aa55d0cb4edec143d82c8f489,9/13(水) 17:02
jprime,週刊女性PRIME,9.11から22年、今井雅之さんの『THE WINDS OF GOD』「再び公開したい」受け継がれた平和への願い,https://news.yahoo.co.jp/articles/06597a66c8cdc7caea2c5920a3bae448c30ef517,9/13(水) 16:02
jprime,週刊女性PRIME,大谷翔平ケガで試合を連続欠場、野球人生最大のピンチに必要とされる“3つのふるさと”,https://news.yahoo.co.jp/articles/3d1d3dbe3e58b2a15898f5b1c021f5997ab8df66,9/13(水) 11:16
jprime,週刊女性PRIME,茂木健一郎のジャニー喜多川“なりきり動画”が波紋、ジャニ批判も「見事な掌返し」ブレブレ発言の過去,https://news.yahoo.co.jp/articles/7d22c74c7c84c1d6c7826dc888bfbf79fee9cb95,9/13(水) 11:01
jprime,週刊女性PRIME,42歳で不妊治療を開始して49歳で出産した小松みゆきが明かした治療費「でも、とにかく全力でやりきった」,https://news.yahoo.co.jp/articles/741d9cdc9cb87214f654fdb0e98d251374b8a734,9/13(水) 8:02
jprime,週刊女性PRIME,電動キックボードひき逃げで60代女性が骨折の大ケガ…拡散された「衝突直後」を捉えた一枚に走る衝撃,https://news.yahoo.co.jp/articles/cea0248ad419f10d9bf331dca124165523c1cd6e,9/13(水) 7:02
jprime,週刊女性PRIME,「黒人と韓国人のミックスが嫌だった」クリスタル・ケイの母シンシアが語るアイデンティティーへの“差別”,https://news.yahoo.co.jp/articles/6a974695c1e676989b2bde416d851f8880b36567,9/13(水) 7:02
jprime,週刊女性PRIME,【レアショット満載】悠仁さま「うまい！」「アツい！」文化祭でカジノ、トロッコ、たこ焼きに大興奮！,https://news.yahoo.co.jp/articles/38038cdfa92e16bd5b04ebd126400b53b0de025a,9/13(水) 6:32
jprime,週刊女性PRIME,ジャニーズは『紅白歌合戦』に出場できるのか、視聴率はジャニ頼りで迫られる「苦渋の選択」,https://news.yahoo.co.jp/articles/2fbec8ccc9f7aed1ad41c3a318240c32dce169d3,9/13(水) 6:02
jprime,週刊女性PRIME,ジャンポケ斉藤、“女性問題の続報”に怯える日々「もう無理」メンタルボロボロで漏らした弱音と“進退”,https://news.yahoo.co.jp/articles/b0be2c575c463570e33595bae32442b2941793c4,9/13(水) 5:02
jprime,週刊女性PRIME,「俺の背中見てたらアカン」関ジャニ・村上信五が“ジャニーズ性加害”に揺れる後輩に伝えたいこと,https://news.yahoo.co.jp/articles/fc80946f07ccda211aa6fbe9554580c2e215a8bb,9/12(火) 21:02
jprime,週刊女性PRIME,木村拓哉はCM終了・ドラマ白紙の先細りか、ジャニーズ退社なら再び“裏切り者のレッテル”貼られる地獄,https://news.yahoo.co.jp/articles/8fa5f901ef7a47844aab05b07f5fa880ac3abcff,9/12(火) 20:02
jprime,週刊女性PRIME,「すっかり綺麗な女性に」富田望生の“激痩せ”近影が話題、今後は“脱・ぽっちゃり”にシフトか,https://news.yahoo.co.jp/articles/6957787ebb62ff9f010d30a2e5508e06b56404fc,9/12(火) 18:06
jprime,週刊女性PRIME,「不買します」Snow Manラウール＆渡辺翔太“CM継続”のモスバーガーに辛辣声,https://news.yahoo.co.jp/articles/f682bb0bfde90d0e1f0ec13f4b21574f253bee7e,9/12(火) 17:02
jprime,週刊女性PRIME,「さすがにこれは察する」Aぇ！group『ワールドカップバレー』サポーター降板の証拠か、公式グッズが物議,https://news.yahoo.co.jp/articles/0205a8a8c00f48d0c77d2ad3812adff2d339d4f0,9/12(火) 11:06
jprime,週刊女性PRIME,『silent』と同スタッフの新ドラマ『いちばんすきな花』に「今田美桜と神尾楓珠」が起用されていた！,https://news.yahoo.co.jp/articles/8624ea315ab5a4c0cd87d10c03d5a1a5abdb896b,9/12(火) 11:02
jprime,週刊女性PRIME,小籔千豊が芸歴30年目で『M-1グランプリ』出場へ！コンビ相方に選んだ「一発屋の歌ネタ芸人」,https://news.yahoo.co.jp/articles/07e84e7011cbd0d2916693ff0fa00a8468e6ecc6,9/12(火) 8:02
jprime,週刊女性PRIME,小泉進次郎氏は「アホ」か「天才」か、処理水の安全性を“サーフィンでアピール”の妙手,https://news.yahoo.co.jp/articles/5ea50a34e51619ee8a17473560d046dfd9c62054,9/12(火) 7:02
jprime,週刊女性PRIME,群馬・41歳ママが1歳女児と無理心中か、夫直撃に「悩みはあったんだろうと…」語られた“事件の闇”,https://news.yahoo.co.jp/articles/da90842996a5ce339094dbec2f75b2fc680d7feb,9/12(火) 6:02
jprime,週刊女性PRIME,「ジャニー喜多川は“パラフィリア”症」専門家が説明する加害者の苦悩と葛藤,https://news.yahoo.co.jp/articles/e9594996c26787880be392afdf404ba582163b21,9/12(火) 5:02
jprime,週刊女性PRIME,ジャニーズ会見で見えた井ノ原快彦の“懐柔力”、東山紀之は「トップとしての手腕が感じられない」,https://news.yahoo.co.jp/articles/fc49710fd5a18a608a99274773ae9d9c650cb50b,9/11(月) 21:02
jprime,週刊女性PRIME,堂本光一、櫻井翔らが口を揃えた「噂レベルの認識」ジャニー氏は“無抵抗のおとなしい子”ばかり狙ったか,https://news.yahoo.co.jp/articles/37abedbee818335d39962c8c70615dc8b6bce421,9/11(月) 20:02
jprime,週刊女性PRIME,『真夏のシンデレラ』で“色白男子”好演の間宮祥太朗、私生活では木村拓哉をも凌ぐ“ワルな男”だった,https://news.yahoo.co.jp/articles/197a0adf9477c81ec234958a1722c571948f5a51,9/11(月) 18:02
jprime,週刊女性PRIME,「キツネも蛇も蝉も食べた」東出昌大がマイナーなイメチェンに成功、善人も悪人もハマる存在,https://news.yahoo.co.jp/articles/8543c04810a16d071a77a6022162deb005c262bb,9/11(月) 17:02
jprime,週刊女性PRIME,川崎希、第3子の妊娠に向けて現在も通院「人と比較しない不妊治療」“ゆる妊活”を継続中,https://news.yahoo.co.jp/articles/d7a9de4d62424d42b477f20209b76b2d971fe93c,9/11(月) 8:02
jprime,週刊女性PRIME,奈良・交際相手が4歳女児を傷害致死　27歳やんちゃ男の虐待の過去、女児との関係が微妙だった背景,https://news.yahoo.co.jp/articles/f41b3b5dd1c288f3675c305933bc3dbb63c4dab3,9/11(月) 6:02
jprime,週刊女性PRIME,遺体を腐敗させメイク代を上乗せ請求、ビッグモーターだけじゃない巷にはびこる“葬儀ビジネス”,https://news.yahoo.co.jp/articles/21826097a95c48a8b9914bd15d41956836159ab7,9/11(月) 5:02
jprime,週刊女性PRIME,二階堂ふみの“スピ系女子”な一面、彼女がハマる占い店での相談内容と知人の分も支払う男前な素顔,https://news.yahoo.co.jp/articles/e35eb972dfafe33e810d08d95152d70ee21abfc1,9/10(日) 21:02
jprime,週刊女性PRIME,『VIVANT』に“超大物”参戦報道、堺雅人とドラマで12年ぶりの共演が噂される男,https://news.yahoo.co.jp/articles/e0438e7a13dbad8190346085087ee2b722c10259,9/10(日) 19:32
jprime,週刊女性PRIME,直行便なら5時間半！『VIVANT』聖地巡礼で日本人がモンゴルに行くべき理由,https://news.yahoo.co.jp/articles/ef07e3dea391401ffc31575b8dab4273237e3c7d,9/10(日) 19:02
jprime,週刊女性PRIME,谷隼人＆松岡きっこ夫婦が語る、それぞれの“人生の分岐点”「私は間違いなく谷さんとの結婚」,https://news.yahoo.co.jp/articles/6a45d4e14e1079300b3dbf312c28cd6ffe009b48,9/10(日) 17:02
jprime,週刊女性PRIME,《長寿のヒケツは“腸”にアリ》実はどれも手軽なものばかり！名医4人が実践する「究極の腸活20」,https://news.yahoo.co.jp/articles/c607c6a50889ebf85f9a44513db36e01b0ef1589,9/10(日) 16:02
jprime,週刊女性PRIME,認知症より恐ろしい「老人性うつ」、精神科医が語る絶対になりたくない実態,https://news.yahoo.co.jp/articles/bc9b3098fbafb20f2f49c17a1d4158f0b7bd9968,9/10(日) 13:02
jprime,週刊女性PRIME,時東ぁみが語る不妊治療、ポジティブな夫からの言葉「せっかくだから楽しもうよ」,https://news.yahoo.co.jp/articles/d1ca7ee4b12655a1877078b8363ebfe22af19608,9/10(日) 11:02
jprime,週刊女性PRIME,和田アキ子も手術を決意した股関節痛、進化した人工関節で「フルマラソンを完走した人もいます」,https://news.yahoo.co.jp/articles/d04ab7ccdf23c9f663e9668976306fb159e56bc6,9/10(日) 8:02
jprime,週刊女性PRIME,片思いの同僚女性のペットボトルに…トリカブト飲ませた放射線技師の「毒ナンパ」手口,https://news.yahoo.co.jp/articles/e40024833aa049ed56bb947a5a3ac2517cab3093,9/10(日) 7:02
jprime,週刊女性PRIME,夏場に大活躍したエアコン、シーズンが終わったあとも掃除するべき？ゴキブリ発生を回避する方法,https://news.yahoo.co.jp/articles/ecbcbe3cfe48cf2fa6447d9ae23367782a4c4e61,9/10(日) 6:02
jprime,週刊女性PRIME,「この世とあの世の境目ではないか」日本とは思えない、実在する“異世界スポット”,https://news.yahoo.co.jp/articles/b348fe4bfb45d60b5e3605200fb31de3e24aad76,9/9(土) 21:02
jprime,週刊女性PRIME,「恥ずかし過ぎる」赤の他人の写真を“若かかりしタモリ”と投稿したコラムニストが強気発言で炎上！,https://news.yahoo.co.jp/articles/bed0a64221ec1a5a2631a15d879c06b834469281,9/9(土) 20:32
jprime,週刊女性PRIME,『VIVANT』エキストラが最終回を“ネタバレ”投稿か、過熱する考察ブームに懸念の声,https://news.yahoo.co.jp/articles/c6524a0b1a655d1839bc3e89d616672de332b55b,9/9(土) 18:02
jprime,週刊女性PRIME,『VIVANT』ドラム役の富栄ドラムが語る“ウラ話”「撮影までに必死にダイエットをした」爆笑ハプニング,https://news.yahoo.co.jp/articles/aa036f2e5a7d37c8ceb042a17dcf0e4ba61200c5,9/9(土) 17:02
jprime,週刊女性PRIME,小柳ルミ子、ずっと心の中にくすぶっていた未練「その道を選んでいたら自分の現在地も違ったかも」,https://news.yahoo.co.jp/articles/c5d009763b9ecf59d8c04b2f740f96df9fe4fa61,9/9(土) 17:02
jprime,週刊女性PRIME,大腸がんの女性が語る、3度の転移と決意の永久人工肛門「それほど不便を感じません」,https://news.yahoo.co.jp/articles/4b47b54677edaf8c549f51eb5355a4d32bb0f4b9,9/9(土) 16:02
jprime,週刊女性PRIME,還暦から始めたブログで人生が一変！堅実に、でも我慢はしない“人生を楽しむ天才”シニアブロガー,https://news.yahoo.co.jp/articles/1be7fb61f2f137c7838bac6fe362e45574993945,9/9(土) 13:02
jprime,週刊女性PRIME,「ほぼ下着姿」退社のTBS山本里菜アナが局のため一肌脱いだ「お着替え企画」の“ド根性”,https://news.yahoo.co.jp/articles/56a31fca276e75d623cdf84e5acd8553a795b672,9/9(土) 11:32
jprime,週刊女性PRIME,《安心してください 救われてますよ》住職のつぶやきに「いいね」全国に増殖する「バズリ住職」,https://news.yahoo.co.jp/articles/a6c10a166d51a558b40230c9e34f8cad7edb1275,9/9(土) 11:02
jprime,週刊女性PRIME,野菜に果物、卵白まで！栄養価がアップする、冷凍のプロに聞いた「生よりおいしい冷凍術」,https://news.yahoo.co.jp/articles/780f3a07f83e701ff6ec9bb36abd3d2c77ac10c9,9/9(土) 8:02
jprime,週刊女性PRIME,「ジャニーズに興味ないけどこれだけは…」東山紀之タレント引退で“男性ファン”の惜しむ声続出のワケ,https://news.yahoo.co.jp/articles/966fac235d270bf6a9584dfd02fda86c726824f6,9/9(土) 7:02
jprime,週刊女性PRIME,やっぱりスゴイ《大豆のチカラ》ご当地みそ汁に田中みな実もお気に入りの「九州まーめん」,https://news.yahoo.co.jp/articles/6588e1c65298df9deb57f14ae610f2c740a4d6a3,9/9(土) 6:02
jprime,週刊女性PRIME,給食停止トラブルの破産業者、ベトナム人実習生を“最低賃金以下”で働かせて“不当解雇”報道の過去,https://news.yahoo.co.jp/articles/0537ba671975997a7be26d6a2553537f3bc9c4e7,9/9(土) 5:02
jprime,週刊女性PRIME,"「被害者に配慮ない」木村拓哉の“ジャニーリスペクト”炎上投稿にKoki,が反応！ 示した木村家の総意",https://news.yahoo.co.jp/articles/f6991789e545519d676faedc84860e9186ca68eb,9/8(金) 20:02
jprime,週刊女性PRIME,「謝罪するべき」宇野昌磨の“経歴ミス”に羽生結弦ファンが激怒！本田真凜とのラブラブ投稿に批判も,https://news.yahoo.co.jp/articles/6d6f7570a38f3c0ee5b810c62b59e6d070c5337b,9/8(金) 17:32
jprime,週刊女性PRIME,「今考えるとゾッとする…」性加害問題で“封印”避けられぬキンキ「思い出の曲」と光一の“モノマネ”,https://news.yahoo.co.jp/articles/8870da102f76ac69dca775676590311e9b22b2f3,9/8(金) 17:02
jprime,週刊女性PRIME,「子どもの気持ち考えて」あびる優・福原愛“親権争い投稿”デジタルタトゥーの恐怖,https://news.yahoo.co.jp/articles/c372f690a41779936e44bd5c087bd4805aa89d07,9/8(金) 11:02
jprime,週刊女性PRIME,「アナウンサー1本では厳しい時代」地方局アナが挑むテレビから異業種への挑戦,https://news.yahoo.co.jp/articles/c8fe6638bbc9232638967b648267ff2b911d317e,9/8(金) 9:32
jprime,週刊女性PRIME,終わらない主婦たちの麦茶バトル！令和版「ちょい残し夫」はここまで進化していた,https://news.yahoo.co.jp/articles/4e1c8571a350d58cdac3858ad9f74d006967f315,9/8(金) 8:02
jprime,週刊女性PRIME,藤田紀子、いまだに悔いが残る“貴ノ花と結婚したときのこと”「できることならやり直したい」,https://news.yahoo.co.jp/articles/b5c15982459562fc898cb8116a175b9360cacc1e,9/8(金) 6:02
jprime,週刊女性PRIME,BTSのVがMVで愛犬と“そっくりな犬”と共演、BLACKPINK・ジェニ熱愛疑惑への「反撃では」,https://news.yahoo.co.jp/articles/6d97aaf32a0457083d2cf1297660d26aa10aaf9d,9/8(金) 5:02
jprime,週刊女性PRIME,香川照之「歌舞伎と昆虫」宣言は、映画『緊急取調室』で市川猿之助の“代役オファー拒否”の表れか,https://news.yahoo.co.jp/articles/37d2e0429d46a06caeb5844cd22d918ada2d71f0,9/7(木) 21:02
jprime,週刊女性PRIME,「被害者に寄り添う気ゼロ」“ジャニーズ”の屋号を変えないことで露呈した“ジャニさん”思考,https://news.yahoo.co.jp/articles/1822b80dc66e05004d38ad4fe09afb8bb5803899,9/7(木) 20:32
jprime,週刊女性PRIME,「露骨な匂わせ」キスマイ千賀・なにわ長尾と“三角関係”報道の三上悠亜、恋愛番組での“意味深”発言,https://news.yahoo.co.jp/articles/32a3ca522f27ed89e386117d7fc3094204fd12ff,9/7(木) 20:02
jprime,週刊女性PRIME,東山紀之「森光子の遺産を受け取った？」質問にブチギレ！ 視聴者が震撼した“危険な一幕”のウラ側,https://news.yahoo.co.jp/articles/e40c4050e2ccb7d1700988176a6143fdfa1d93ef,9/7(木) 19:46
jprime,週刊女性PRIME,なにわ男子・長尾謙杜に“三角関係”報道、三上悠亜の韓国旅行“匂わせ”SNSに映り込んだ疑惑シルエット,https://news.yahoo.co.jp/articles/72c4a465d274e3236660a22d078cc19db74dc884,9/7(木) 17:01
jprime,週刊女性PRIME,なにわ男子、元SKEと熱愛報道！ “韓国旅行説”も噴出でファン怨恨のなか「沈黙で逃げきれない」ワケ,https://news.yahoo.co.jp/articles/7f3ee8103cf6d40d90907bf37ca7915a9ae7fa0f,9/7(木) 16:06
jprime,週刊女性PRIME,「肖像権ガン無視」非公認グッズ配布、CD10万枚予約、勝手にアドトラック…韓国の“推し活”がヤバすぎる,https://news.yahoo.co.jp/articles/5711fae3aa8821ffd43785315af78a985aeb79bb,9/7(木) 11:16
jprime,週刊女性PRIME,『ぽかぽか』顔出し出演・結婚宣言も発案した、いしだ壱成の一般人彼女の“暴走”マネジメントに不安,https://news.yahoo.co.jp/articles/213b77017978a581a92c56abb51c722415688036,9/7(木) 11:02
jprime,週刊女性PRIME,《不同意性交等致傷の疑いで逮捕》スーパークレイジー君、過去の「コンビニ店員とのトラブル動画」が物議,https://news.yahoo.co.jp/articles/ab97e5f295684b4b9a14e33eea9ef4131cb1bfeb,9/7(木) 8:17
jprime,週刊女性PRIME,大谷翔平を支える年上パートナーがいた！エンゼルスを支え続ける男が考慮する“オオタニの身体の特殊性”,https://news.yahoo.co.jp/articles/e3baa4be3d7952e7b51cbcb43222664323c720e0,9/7(木) 7:02
jprime,週刊女性PRIME,『U-18野球ワールドカップ』メキシコ代表に“イチロー”選手がいた！「名前がオールスター」びっくり本名が話題,https://news.yahoo.co.jp/articles/d028f11ed145632f12acb24786e0767cd820114b,9/7(木) 6:32
jprime,週刊女性PRIME,「明らかな女性蔑視」アート作品とその解説投稿が物議「様々なご意見が…」美術館“無言削除”の裏事情,https://news.yahoo.co.jp/articles/4586ccf964b9951a3005d88c429f12c43a9c31f0,9/7(木) 6:02
jprime,週刊女性PRIME,「謎の男をひざまずかせて…」ブリトニー・スピアーズが迷走、ド派手離婚劇に“映像化”オファー殺到,https://news.yahoo.co.jp/articles/ec9195ba2eb0164de3e1d21622136a44f2c9c291,9/7(木) 6:02
jprime,週刊女性PRIME,『香港ミスコン2023』優勝者は超高学歴！審査には「60歳になった自分のAIとの対話」異例の大会,https://news.yahoo.co.jp/articles/72d8403709db7c2c78a8c091f3f89faf371adc07,9/7(木) 5:02
jprime,週刊女性PRIME,「会いたい」宇多田ヒカルの公開オファーに「コメント控える」、母の元夫が“蒸し返されたくない”胸中,https://news.yahoo.co.jp/articles/99dd114280784a3d5da78ebd495a3b611af8d775,9/6(水) 21:02
jprime,週刊女性PRIME,「ジャニーさんは地獄行き」「遺骨かっぱらった」長瀬智也、中居正広らに覚えた違和感は“愛か憎か”,https://news.yahoo.co.jp/articles/7fe085c31a71e4d6b59de629ef5c9d75c5039916,9/6(水) 20:02
jprime,週刊女性PRIME,青木源太アナが今秋から帯番組MC就任で“関西のお昼の顔”に 　脱・ジャニーズ好きの追い風か,https://news.yahoo.co.jp/articles/8653a5ec75e8bfe45d3609c86bc427b2b86a1f7a,9/6(水) 19:32
jprime,週刊女性PRIME,「食材は川の土手から」風間トオルが語る、裸で徘徊する認知症の祖父とパチンコ好きの祖母との3人暮らし,https://news.yahoo.co.jp/articles/ad2e3ef8297a1dad1e2cd59299c320ce631adc97,9/6(水) 19:02
jprime,週刊女性PRIME,人気ジャニーズ「どっちがいい？」彼女との“親密LINE”が流出か！情報漏洩の疑惑も浮上でファン激怒,https://news.yahoo.co.jp/articles/7070085e0788ea3200b31f173568194db306fc8e,9/6(水) 18:02
jprime,週刊女性PRIME,『ぱーてぃーちゃん』すがちゃんがメンバー親友と3年交際も、“浮気疑惑”直撃でガン詰め修羅場現場,https://news.yahoo.co.jp/articles/cfc2ff6bb28f4963e56ab608584853efb8f5d762,9/6(水) 17:02
jprime,週刊女性PRIME,「チャット占いで月80万円」「“上げ鑑定”で沼る」主婦が陥りやすい“占い依存”の仕組み,https://news.yahoo.co.jp/articles/97c1a5b8ffd40b524058136b16ec50f625d77f3d,9/6(水) 16:02
jprime,週刊女性PRIME,「最大の武器失った」寺田心、声変わりの“危機”でも「子役の歴史を変えそう」なワケ,https://news.yahoo.co.jp/articles/eecd23bf67e5e157881020a4ea18a0ccf4e363a6,9/6(水) 11:02
jprime,週刊女性PRIME,天皇ご一家、動物・美術館・トトロ展を貸し切りで那須を大満喫「国民とのふれあいは実現せず」,https://news.yahoo.co.jp/articles/7bdec11b87cb21055f45883bdd7254a28e618568,9/6(水) 8:02
jprime,週刊女性PRIME,入居希望者が殺到！大人気の「猫専用アパート」仕掛け人に聞いた“誕生秘話”と猫ファーストな工夫,https://news.yahoo.co.jp/articles/d95caf0d3f0e25ab9c783dee77b2a5987471f2f7,9/6(水) 7:32
jprime,週刊女性PRIME,都庁下の食品配布に異変、若い女性や子連れで並ぶ人が増加「毎週600人を超える列ができている」,https://news.yahoo.co.jp/articles/62005510da6ebebf61be96b1743cc9c6afa23538,9/6(水) 6:02
jprime,週刊女性PRIME,田中みな実『あざとくて』弘中アナと同時卒業の背景に、“ぶりっ子”仕掛けた恩人プロデューサーの退職,https://news.yahoo.co.jp/articles/399b87fac525fbe1ebbc5af881c5f0e0cda26fc4,9/5(火) 21:02
jprime,週刊女性PRIME,「外から見たら全員ドルオタ」「リスペクトない」NewJeansおじさんがK-POPファンから嫌われる背景,https://news.yahoo.co.jp/articles/2416951bab46724f2574e2eeab5a5671ca948a09,9/5(火) 20:02
jprime,週刊女性PRIME,「無理ありすぎ」木村拓哉“退所説”に冷静意見と「辞めても残っても地獄」の声も…消えない妻の“因縁”,https://news.yahoo.co.jp/articles/bdbb595484dff6405350e66397e77b9876dbc211,9/5(火) 19:02
jprime,週刊女性PRIME,岸優太 “ジャニーズ”ラストとなる主演映画の舞台挨拶チケットが「40万円」転売にファン嘆き,https://news.yahoo.co.jp/articles/4a44bdebbdac0ff4744d3d9711cda20332be5d17,9/5(火) 18:02
jprime,週刊女性PRIME,「剣士の恥晒し過ぎやろ」実写版『ワンピース』海外からも総ツッコミされた“迷シーン”,https://news.yahoo.co.jp/articles/93a5c8a7f154027f60d4cc7ea3d90563d3fe0e4a,9/5(火) 17:32
jprime,週刊女性PRIME,大沢たかお・織田裕二・江口洋介「55歳」1周まわって2度目のイケ期が来ているカッコいい理由,https://news.yahoo.co.jp/articles/21b6cd2225b12fc0780daeee71dc6159c0ba9ec8,9/5(火) 17:02
jprime,週刊女性PRIME,「常識ないんか？」Snow Man一部ファンが迷惑行為、情報漏洩で“某大会”のチケット販売延期,https://news.yahoo.co.jp/articles/1a23ed653a51452c764fd95db05b2cbe8df9e227,9/5(火) 16:32
jprime,週刊女性PRIME,西武が山川を無期限出場停止処分も「中田翔は9日・日大アメフト部は5日」“無期限はさじ加減”のご都合,https://news.yahoo.co.jp/articles/a64e29b9f2b05668d75ac6ade0a3aaea3a5b253f,9/5(火) 16:02
jprime,週刊女性PRIME,「割り勘お断り」元AKBがガッチリ系男性と夜の街へ…自称“本物の港区女子”の本命か,https://news.yahoo.co.jp/articles/57b4f6912e9fb72c356bc65f0abcc2dd0b6c1eec,9/5(火) 11:32
jprime,週刊女性PRIME,「実は結婚してる？」重岡大毅、WESTメンバーも自宅知らない秘密私生活にウワサされる“都市伝説”,https://news.yahoo.co.jp/articles/57023acab647734b97de046c5689eb5ba52243e4,9/5(火) 11:12
jprime,週刊女性PRIME,好みのイケメンを見て電気代を節約！清涼感＆色っぽさ、美しい「浴衣男子」が勢ぞろい,https://news.yahoo.co.jp/articles/bb367900f97a8c0ca678982fd11b9e592763c816,9/5(火) 8:02
jprime,週刊女性PRIME,加藤綾菜、運転免許取得で憧れだった“夫の送迎”デビュー、加トちゃんが発したよろこびの言葉,https://news.yahoo.co.jp/articles/c9634bc0e67bae66e2759927963453b87429a6d9,9/5(火) 6:02
jprime,週刊女性PRIME,佳子さまが見せた“声を出さない手話”にろう者が涙「この挨拶は歴史的」「本当に大変なことです」,https://news.yahoo.co.jp/articles/d757b5901f6855cbf09f3b8f050fcf69bf7ad620,9/5(火) 5:02
jprime,週刊女性PRIME,嵐、25周年での“カムバック構想”は性加害問題で延期か、大野智「どうしてもやりたくない」,https://news.yahoo.co.jp/articles/27ebd5e9f2f0938946fa42b91aba22e3fc8a355a,9/4(月) 21:02
jprime,週刊女性PRIME,『Da-iCE』花村想太が“パパ”になっていた!? 男児と手をつないで連日の保育園送迎の真相,https://news.yahoo.co.jp/articles/67e0888934c07fb8a4aae5e476d906b9d9e3c43d,9/4(月) 17:02
jprime,週刊女性PRIME,「ヘタすると燃える」BLACKPINKリサ愛用“乗れるスーツケース”に炎上事故の危険,https://news.yahoo.co.jp/articles/ad0cdd926b375b49c245e2f4610f514d9f6ee98a,9/4(月) 16:02
jprime,週刊女性PRIME,松村雄基、18歳から20年続けた祖母の介護「優しくできず自己嫌悪に苦しんだ」,https://news.yahoo.co.jp/articles/fa0e736db3dc011cdd9a88736bf30f75dd465fd1,9/4(月) 8:02
jprime,週刊女性PRIME,「タトゥーと鼻ピアスは却下！」クリスタル・ケイの母シンシアが唯一NGにした子育て流儀,https://news.yahoo.co.jp/articles/392dd27fd79436ffdeb1ed646f7170683ed172ba,9/4(月) 7:02
jprime,週刊女性PRIME,「気張ったら何か出た」独身女が居酒屋トイレで出産して…「便器に上が足の状態」凄惨現場と“父親”の行方,https://news.yahoo.co.jp/articles/243afc8a3264b7d398875501925414dafc06edf2,9/4(月) 6:32
jprime,週刊女性PRIME,片岡鶴太郎、マッチのモノマネは無茶ぶりがきっかけ！「海での溺死危機」死と隣り合わせの収録,https://news.yahoo.co.jp/articles/c5fe60f395af997f9afbe8fb6d635c32ee693ab8,9/3(日) 21:02
jprime,週刊女性PRIME,“出川ガールズ”谷まりあ、早大卒アピールもブレイク中の後輩モデルとキャラ被り,https://news.yahoo.co.jp/articles/20dee74a1df56efebf253cc610365048dba9c7e7,9/3(日) 18:02
jprime,週刊女性PRIME,萩本欽一「クビ宣告・視聴率100％男・73歳で大学生」不運も幸運も同じだけ訪れる,https://news.yahoo.co.jp/articles/1ce9fe89d9b7797eefc11d9e6048eb8c49365cf3,9/3(日) 17:02
jprime,週刊女性PRIME,ブラザー・コーン罹患の男性乳がん「遺伝性は発症リスクが80倍」専門医が教えるセルフチェック法,https://news.yahoo.co.jp/articles/275d36208025157826ce289a464b6ea54340193e,9/3(日) 16:32
jprime,週刊女性PRIME,がんに「なりにくい人」「なりやすい人」が最新研究で判明！リスクアップの3つの特徴,https://news.yahoo.co.jp/articles/540d9979f3bbbb07e9ef076892da6274a9d9efce,9/3(日) 16:02
jprime,週刊女性PRIME,「青春がマジでなかった」ノブコブ徳井、母の介護に明け暮れた壮絶なヤングケアラー 時代,https://news.yahoo.co.jp/articles/021be9aaebbee6c408027b378334cb61fbbaa032,9/3(日) 13:02
jprime,週刊女性PRIME,「治療薬はない」香水に柔軟剤の被害多発の“香害”、医師が明かすメカニズムと取るべき対応策,https://news.yahoo.co.jp/articles/7c250d3636678e5ffc52aad8fb77801cf4dc0a4c,9/3(日) 11:02
jprime,週刊女性PRIME,値上げに負けない！節約のプロが実践する極限テク、白鳥久美子「夫がお尻で割ったクルミも料理に」,https://news.yahoo.co.jp/articles/84247ecef865dc39450f31020585bcb0cabdbc09,9/3(日) 8:02
jprime,週刊女性PRIME,番組降板のアイクぬわら「テレビから消える」山口達也と“同罪”の声と連れ込んだ『おはガール』特定の動き,https://news.yahoo.co.jp/articles/ba90aff34005c3cfce337010fc4faeb4f48d11bf,9/3(日) 7:02
jprime,週刊女性PRIME,冷え研究の第一人者「脳や身体の健康寿命は血めぐり改善で延ばせる！」1日1分健康法,https://news.yahoo.co.jp/articles/41ab8e1aafd8c27e893b2272e9ebe01181cfcc40,9/3(日) 6:02
jprime,週刊女性PRIME,「“生理が上がる”ってやめません？」渡辺満里奈、更年期を“幸年期”に変える“ポジティブ女史”になれた理由,https://news.yahoo.co.jp/articles/f28a83f3767b00cab9e9037203cade43d8e0e351,9/2(土) 21:02
jprime,週刊女性PRIME,京都の教育委員会職員が女子中学生にわいせつ行為　職場に聞いた仕事ぶり、子どもとの関わり,https://news.yahoo.co.jp/articles/6368965861749b5747cf0acbb934b0465d0c3dc3,9/2(土) 17:32
jprime,週刊女性PRIME,犬山紙子、母の難病発覚で20代からの介護生活「“つらいとか言っちゃダメだ”と思っていた」,https://news.yahoo.co.jp/articles/d3a1317e4a036cacde29b9c43b4ca8b966546119,9/2(土) 17:02
jprime,週刊女性PRIME,東京03も太鼓判を押したサスペンダーズ、岩崎う大は「突きどころがとてもシャープで深い」,https://news.yahoo.co.jp/articles/beb1da917634614123780740064c16b23f8e269e,9/2(土) 16:02
jprime,週刊女性PRIME,《ふるさと納税》10月のルール改定前に申し込みたい、季節限定品と絶対に今がお得な品,https://news.yahoo.co.jp/articles/ec22eeb11ed5960b2bfb2f862d0495398321e656,9/2(土) 13:02
jprime,週刊女性PRIME,シルバーウィークに行きたい！全国1196か所を制した達人に聞く、絶対に行くべき「道の駅」5選,https://news.yahoo.co.jp/articles/1b1df1301c37bfc7590931a419b4a62febab3551,9/2(土) 11:02
jprime,週刊女性PRIME,加速するシワ・たるみの原因は顔面の骨ちぢみ！歯科医に聞いた“ブルドック顔”0円解消法,https://news.yahoo.co.jp/articles/a5ae527ca73321da5a40358c916578b97f32f7f0,9/2(土) 8:02
jprime,週刊女性PRIME,本田真凜が恋人・宇野昌磨とイチャつきYouTube共演「メンタルえぐりすぎ」結婚に向けた“ヲタ切り”か,https://news.yahoo.co.jp/articles/4ec73bc0bba453e14b1b829b871c3a68ff2ff712,9/2(土) 7:32
jprime,週刊女性PRIME,沢尻エリカ、“半同棲” 新恋人のインスタに登場していた！ 美しすぎる“清楚系”ビジュアルに驚き,https://news.yahoo.co.jp/articles/46685b60ca1bee45298335c36fa61ff81f2c02cc,9/2(土) 7:02
jprime,週刊女性PRIME,コロナ禍の部屋連れ込み・濃厚接触だった…ジャンポケ斉藤、2度目の不倫報道に“ワンオペ妻”の心中,https://news.yahoo.co.jp/articles/9d3088d5d2a080aa81866b64dc360a5752b3a05f,9/2(土) 6:32
jprime,週刊女性PRIME,《くじの日》時効で受け取られなかった112億円の当せん金、みんなが“西銀座で買う”理由、宝くじの歴史,https://news.yahoo.co.jp/articles/f7463429cc6e68e117a465e325375a5ad7912229,9/2(土) 6:02
jprime,週刊女性PRIME,目黒蓮『トリリオンゲーム』で共演の原嘉孝と通った焼き肉店から、“思い出の愛用品”が紛失する不穏,https://news.yahoo.co.jp/articles/1f77bec8344588b13c55932265650bfb19e1302c,9/1(金) 21:02
jprime,週刊女性PRIME,「#病的な細さ」Perfume あ～ちゃんの激ヤセ姿にファン心配も、本人は“歓喜”の真相,https://news.yahoo.co.jp/articles/825ce81dd342d35e56348a91ed42cc8c73f185c9,9/1(金) 19:02
jprime,週刊女性PRIME,坂口杏里夫妻が有名格闘家との「いかつ過ぎる」写真投稿も「本当に別れる」離婚危機の真相,https://news.yahoo.co.jp/articles/db18161535ca2fa4e71a96f24072425239fa4080,9/1(金) 17:32
jprime,週刊女性PRIME,『Mステ』打ち切り「時間の問題」か、ジャニーズ崩落とタモリ“終活”で「材料揃った」,https://news.yahoo.co.jp/articles/3337350651ceb27e0f2cb2ae5ccde4c69ff5647d,9/1(金) 17:02
jprime,週刊女性PRIME,櫻井翔はキャスター降板か…「沈黙」テレビ局が手のひら返しで“後追い”、ジャニーズとの“蜜月”終焉の時,https://news.yahoo.co.jp/articles/01f077ad52977d77d03fd18c695c4bed1b1b3ba0,9/1(金) 16:02
jprime,週刊女性PRIME,西武・山川穂高、不起訴のなか…今も家族が抱える悲しみ　地元・沖縄では「祖父が落ちこんで…」,https://news.yahoo.co.jp/articles/ea392f0a21442e3d4d5b975d56105454466e9903,9/1(金) 11:02
jprime,週刊女性PRIME,泉ピン子、恩師・橋田壽賀子作品以外で「ほとんど需要ナシ」でも持ち合わせる“異能”,https://news.yahoo.co.jp/articles/b4e5fc8c9b2b184e170595074465d57b99bba811,9/1(金) 11:02
jprime,週刊女性PRIME,“匂わせ女王”との熱愛は確定か　桐山照史、親友も匂わせていた狩野舞子との交際の“証拠”に波紋,https://news.yahoo.co.jp/articles/639d76d4a6ca7f15206cddbc1a8320c483985591,9/1(金) 10:42
jprime,週刊女性PRIME,デビュー5年目のFANTASTICS「こんなにアダルトな表現の歌詞を歌ったのは今回が初めて」成長を実感,https://news.yahoo.co.jp/articles/b0c135077de68afd111e898514d56fbfe360b7e4,9/1(金) 8:02
jprime,週刊女性PRIME,《関東大震災から100年》今こそ見直したい防災備蓄、丸山桂里奈が明かした「8畳まるまる備蓄部屋」,https://news.yahoo.co.jp/articles/48e3f98dae76ee419659f87d54586bd45f6ebb49,9/1(金) 7:02
jprime,週刊女性PRIME,ススキノ首切断殺人を見て「娘が怖い」と感じる親が急増、心療内科医への相談数が増えている,https://news.yahoo.co.jp/articles/5e5a3d3fb37e368c92ed4a200b7a5bbdc0165e0f,9/1(金) 6:02
jprime,週刊女性PRIME,【増税メガネ】岸田首相の“不名誉あだ名”がトレンドに「メガネに罪はない」愛用者から風評被害の訴え,https://news.yahoo.co.jp/articles/c1f2d1ef10e286ef7a86335293972346ee5fb136,9/1(金) 6:02
jprime,週刊女性PRIME,『いのちの電話』相談員たちが向き合う“人の命”「電話を受けた翌日、祈る気持ちで朝刊を開いた」,https://news.yahoo.co.jp/articles/8a16fd53ad6379666db17e0a6b9dbf06d63bb0df,9/1(金) 5:02
jprime,週刊女性PRIME,未成年連れ込みで『おはスタ』降板のアイクぬわら「キレイだから」宅飲み女性への“下半身露出”癖,https://news.yahoo.co.jp/articles/ac5c6823b61f1f7e1e94d5194fb6ce99dce29219,8/31(木) 21:02
jprime,週刊女性PRIME,鈴木愛理『あざとくて何が悪いの?』新MCの背景に“テレ朝への貢献度”、恋愛トーク解禁の前兆,https://news.yahoo.co.jp/articles/facd2053009df5b466a4eb1c8aa5094ac5ee0d45,8/31(木) 20:02
jprime,週刊女性PRIME,「結構グロいな」実写版『ワンピース』は「想像の5倍くらいおもろい」アクセス集中で配信が一時ストップ,https://news.yahoo.co.jp/articles/7746c1184d87a5eb7f07f1c948c87baf698a8fe1,8/31(木) 19:02
jprime,週刊女性PRIME,「壁がはがれないか心配」隣接の建物が壊されサーティワンの外壁があらわに！驚愕の側壁,https://news.yahoo.co.jp/articles/6fb6da0043651fe38afff00a17ac3c84ea1979d2,8/31(木) 18:02
jprime,週刊女性PRIME,「酷い誘導尋問」テレ朝「東大生が選んだ漫画」に“不正”疑惑、局が答えた調査の“実態”,https://news.yahoo.co.jp/articles/3a340c41a87b80f059ba7a507a949a40be871795,8/31(木) 17:02
jprime,週刊女性PRIME,「誹謗中傷にも感謝」長瀬智也の“意味深投稿”が物議、本人が明かした真意と「アンチへの痛烈批判」,https://news.yahoo.co.jp/articles/22a3b5167a8fabf870239c3c6911bc5a1a1dc9f7,8/31(木) 16:32
jprime,週刊女性PRIME,米倉涼子『ドクターX』最終章が始動も「20年来の相棒と訣別」“失敗しない女”が犯していた過ち,https://news.yahoo.co.jp/articles/a1a366b3690a25346f66ed73c252aecf966c989e,8/31(木) 16:02
jprime,週刊女性PRIME,『ぽかぽか』低空飛行も評価爆上げの神田愛花アナ、夫の日村と「アイスは半分こ」デートを目撃,https://news.yahoo.co.jp/articles/49db26923de0878fc9774cb2755c1a68f299a22e,8/31(木) 11:02
jprime,週刊女性PRIME,大阪・警官の頭刺したベトナム人「血まみれで倒れて…」“壮絶”写真　白昼も周囲が気づかなかった理由,https://news.yahoo.co.jp/articles/6baace2f7bc61bf74f792757fda6e3df26c5baa3,8/31(木) 10:32
jprime,週刊女性PRIME,岸優太、学生時代の“モテ武勇伝”がない「でも今はモテているのはわかってる（笑）」,https://news.yahoo.co.jp/articles/42a73ed22d77cb58b91be80c8b3a83232a9f9b75,8/31(木) 8:02
jprime,週刊女性PRIME,『IWGP』の舞台が“トー横化”の声に豊島区が答えた実態と、居場所なき『西口シニア』の姿,https://news.yahoo.co.jp/articles/d0dc474e897b24080b900b5e757adb27d3cf3759,8/31(木) 5:02
jprime,週刊女性PRIME,『水ダウ』「ヤバすぎる彼女の実家」は存在する？ “あなたの周りの仰天家族” 1000人アンケートの結果,https://news.yahoo.co.jp/articles/d2bcc6c48b40ba20666c70a8324cc49cf12f15c7,8/30(水) 21:02
jprime,週刊女性PRIME,ジュリー社長退任報道にキンプリファン「ふざけんな！」振り回されたティアラの財布,https://news.yahoo.co.jp/articles/6274dc8d5a07364762c7133acd92cb3b3ad0cefa,8/30(水) 19:02
jprime,週刊女性PRIME,伊藤萌々香「常にパソコン・iPhone・iPadの3台体制」生粋のゲームオタクぶりを赤裸々に明かす,https://news.yahoo.co.jp/articles/1f791f99bec0db7c77ddc93dffd7a58774536923,8/30(水) 17:02
jprime,週刊女性PRIME,"Koki,の“顔面ピアス”が物議「路線間違えてる」「プロデュース下手」拭えない母・静香の影",https://news.yahoo.co.jp/articles/d2c20e4530a3587007f449313e1babcdb338d759,8/30(水) 16:32
jprime,週刊女性PRIME,菅田将暉『ミステリと言う勿れ』仕様フリーペーパーにファン殺到！無料なのに…転売も横行する過熱ぶり,https://news.yahoo.co.jp/articles/afdb67951d82ca3ec068081ff73d5864340411e1,8/30(水) 16:02
jprime,週刊女性PRIME,《ご近所トラブル殺人》顔面キック連打男の母「被害者から6年間、“出ていけ悪魔”と罵られて…」語った地獄の真相,https://news.yahoo.co.jp/articles/53206ed5ea00609b004f88a94ce6fa018ff87895,8/30(水) 11:16
jprime,週刊女性PRIME,《熱中症＆コロナ》現代人を悩ます「2大後遺症」の真実、ダメージの出る臓器と世界的な課題,https://news.yahoo.co.jp/articles/a90902fd1cc05511d547e11de07db42c2563839b,8/30(水) 11:02
jprime,週刊女性PRIME,東海道新幹線のワゴン販売終了報道で「スゴクカタイアイス」が品薄に！今後はどこで買えるの？,https://news.yahoo.co.jp/articles/f3bff7e82ee12cf3e05c8f4e48c0cd239745e2b0,8/30(水) 8:02
jprime,週刊女性PRIME,「タメ口は大御所だけ」「やり返してこない相手を口撃」あのちゃんは「ああ見えて大人」毒舌に潜む“気配り”,https://news.yahoo.co.jp/articles/1ed7ed9323a19b087ba1f35ae32b86f00468c06e,8/30(水) 7:02
jprime,週刊女性PRIME,杉村太蔵の外国人観光客の「ゴミのポイ捨て歓迎」発言は炎上芸か、吹聴していた“新たな失言予告”,https://news.yahoo.co.jp/articles/5c58814c8b63ef4594145703b6624fddc77455e0,8/30(水) 6:02
jprime,週刊女性PRIME,平成生まれの昭和のイメージは“戦争”だった！芸能人・アイテム・世相「あなたの“昭和”教えてください」,https://news.yahoo.co.jp/articles/ad73e606a61a71c18a1b77a02e77eea5ee1862d7,8/30(水) 5:02
jprime,週刊女性PRIME,「よく今まで許されてきたな」EXITりんたろー。寝坊で遅刻もマネージャーに責任転嫁で物議,https://news.yahoo.co.jp/articles/bc30fc991c25ebe5201ff24c47a78102f20e430a,8/29(火) 20:02
jprime,週刊女性PRIME,【ジャニー氏の性加害認定】ジュリー氏への退任要求に擁護論で、“逃げ得”の滝沢秀明氏に問われる責任,https://news.yahoo.co.jp/articles/b957d477f7e595966120c3726f751b517b276815,8/29(火) 19:02
jprime,週刊女性PRIME,加護亜依、“致命傷”となった反社との写真流出と「コメント欄閉鎖」…聞こえてきたテレビ業界の本音,https://news.yahoo.co.jp/articles/05446f2d93ba95dafcaad5ca007d60ef24433648,8/29(火) 18:32
jprime,週刊女性PRIME,「洗車機シャワー」「トイレ密着」炎上タクシー会社が“火消し”で削除した衝撃投稿,https://news.yahoo.co.jp/articles/c98da72bf1ca1f764f3a5c619d6ea650af4d95c9,8/29(火) 18:22
jprime,週刊女性PRIME,『ほん怖』に霊媒師が出てこない！心霊番組に起きた異変、テレビが「オカルトを流せない」ワケ,https://news.yahoo.co.jp/articles/5e06058f3dad99412447b526e7568834c656f8df,8/29(火) 16:02
jprime,週刊女性PRIME,上皇さまと美智子さまが軽井沢でご静養、文豪の館に名物館長の姿がなく……訃報に漏れ出た喪意,https://news.yahoo.co.jp/articles/af2cb531f03d7c919ad9fd7fffa0d42f737dfef8,8/29(火) 11:02
jprime,週刊女性PRIME,「なんでもいいじゃん」甲子園全国制覇の慶應のプリンス、“丸刈り”議論に冷静な意見,https://news.yahoo.co.jp/articles/72197f54a96f386141b420fde67fc8213dd471de,8/29(火) 8:02
jprime,週刊女性PRIME,「ベロベロに酔って店でつぶれて…」クリスタル・ケイの母シンシアの“自堕落”だった生活,https://news.yahoo.co.jp/articles/19d2d2cc5efab1b323c054f500f3af4b8850e7fb,8/29(火) 7:02
jprime,週刊女性PRIME,塩分タブレットの与えすぎで幼い子どもを“塩漬け”に！「ただでさえ日本の食事は塩分量が多い」,https://news.yahoo.co.jp/articles/6d983e8f97bff6e9907d497e0e424bb1413552ac,8/29(火) 6:02
jprime,週刊女性PRIME,日大アメフト部、現役部員が大麻使用で退寮処分も試合のメンバーに選出！隠蔽体質明るみに,https://news.yahoo.co.jp/articles/d4e855c08eb7a76624c10f93355119d6a83639b9,8/29(火) 5:02
jprime,週刊女性PRIME,「マラソン本当に必要？」ヒロミと並走する危険な不審者、昨年はEXITにも…“警備の脆弱性”を日テレに直撃,https://news.yahoo.co.jp/articles/cb8e8e097c546889008bd0c2e91889b6028594c8,8/28(月) 20:16
jprime,週刊女性PRIME,大谷翔平、負傷のピンチ救う“伴侶”の助言と「爪が非常に割れやすい」ケガの背景事情,https://news.yahoo.co.jp/articles/2e09a26bfc4da846f2bcf3f175ea6447f0d66460,8/28(月) 17:02
jprime,週刊女性PRIME,慶応のプリンス・丸田湊斗「神様は何物を与えるんだ」中学時代の恩師が語る“美白王子”の原点,https://news.yahoo.co.jp/articles/3fccbafcbbb98a9072a6948354bf49ce46e230db,8/28(月) 16:02
jprime,週刊女性PRIME,男女1000人に聞いた《上半期ブレイク俳優》1位と2位は僅差！男子は「犬系」女子は「怪物系」,https://news.yahoo.co.jp/articles/6de3880fd9a76b6e87c0f64562c4bb95116bd8e1,8/28(月) 11:02
jprime,週刊女性PRIME,《危険な添加物》知らぬ間に大量摂取している身近な食べ物「血圧、血糖値が高い人は要注意」,https://news.yahoo.co.jp/articles/d2eb4f608f5841b2df49f67bfb6d658976e6386a,8/28(月) 6:02
jprime,週刊女性PRIME,向井亜紀、がん闘病・代理母出産を乗り越え“女子大生”になっていた「人生の伏線回収をしたい」,https://news.yahoo.co.jp/articles/1ebc8b760855f7ef5139082cdd90ee3930f1265d,8/27(日) 21:02
jprime,週刊女性PRIME,「スマホで簡単に儲かる」はずが借金地獄！「主婦はカモになりやすい」副業詐欺のリアル,https://news.yahoo.co.jp/articles/011fbe52a09eab15b63ee494af3f61a9f28321b8,8/27(日) 16:02
jprime,週刊女性PRIME,カラコン・スマホ・まつエク…Z世代は気をつけたい、眼科医が警鐘を鳴らす「令和の失明リスク」,https://news.yahoo.co.jp/articles/39d9e774c19335f3af74e33bad7e68efd1c69eae,8/27(日) 11:02
jprime,週刊女性PRIME,年金3万円でひとり暮らしを満喫、69歳ユーチュー婆「家計簿はつけない」リッチな生活,https://news.yahoo.co.jp/articles/f1dd7c851c40947a7e8cf99809015b1ebce3662e,8/27(日) 8:02
jprime,週刊女性PRIME,《乳房の違和感》乳がん？それとも別の病気？見逃したくない「乳房からのシグナル」,https://news.yahoo.co.jp/articles/6e347fb46e7eddc4178f26142c98a4ee00772503,8/27(日) 6:02
jprime,週刊女性PRIME,浮所飛貴の「尊敬する先輩ベスト3」に増田貴久がツッコミ「俺のこと、そんなに好きじゃないでしょ」,https://news.yahoo.co.jp/articles/d4c40f9e4cc6ec5abf47ec1ec5d533b36bb6a862,8/26(土) 21:02
jprime,週刊女性PRIME,“イケメンすぎる”たまご農家が大バズり「作り手がかっこいいから買う」客急増にJA困惑,https://news.yahoo.co.jp/articles/23b5a5c771bc41e54228f32024862f337c6311d8,8/26(土) 18:02
jprime,週刊女性PRIME,「情報漏洩か」ファブリーズCMが平野紫耀から道枝駿佑に交代？流出疑惑の“社外秘カタログ”,https://news.yahoo.co.jp/articles/1db4ab634b5b9a208624b065d3cee526ddd24c5a,8/26(土) 17:32
jprime,週刊女性PRIME,《議員辞職後初告白》水道橋博士、うつ病は4度目だった！公表の背景に「死んで詫びたい」気持ち,https://news.yahoo.co.jp/articles/8e5a8c5ec7525938a10bd209f10c50a9db46b82c,8/26(土) 17:02
jprime,週刊女性PRIME,「難癖をつけるため？」AFURIが清酒メーカー提訴に地元民が疑問視、背景に150種類以上の商標登録,https://news.yahoo.co.jp/articles/cf56c2dc2a9bd3875d1f6bf3fbba0129e53a1408,8/26(土) 16:32
jprime,週刊女性PRIME,「株主優待で生活しています」外食も化粧品も全部タダ！セミプロ投資家おすすめの“節約効果大の銘柄”,https://news.yahoo.co.jp/articles/2d5397912aded7b2b4da82c8aac68e5f4633222b,8/26(土) 16:02
jprime,週刊女性PRIME,歴代総理大臣の同時通訳者が子育てしながら40歳で医学部受験、医師を志した異例の選択,https://news.yahoo.co.jp/articles/3fda7dc8b19970dc260273db25255c3fa5c3cc6c,8/26(土) 13:02
jprime,週刊女性PRIME,福岡「何でもやらせる」姉殺害に立ちんぼ…ホームレス女を洗脳して2000万円搾取した母娘の銭ゲバ素顔,https://news.yahoo.co.jp/articles/c9619561b47ee4b7f14ea04f838bb7d01beaa751,8/26(土) 12:46
jprime,週刊女性PRIME,「参入しやすいけど…」急増中の“おにぎり専門店”に「衰退する未来も」意外なハードル,https://news.yahoo.co.jp/articles/9f20883cd7c535d83080c29d5a8695ff0d400346,8/26(土) 8:02
jprime,週刊女性PRIME,今が旬の「ゴーヤ」の苦みを抑えるコツを教えて！味も栄養を逃さない方法を料理のプロが伝授,https://news.yahoo.co.jp/articles/45cc428ad5dea81b46f80611e1c779bbd41a52bc,8/26(土) 6:02
jprime,週刊女性PRIME,「火葬待ち深刻化」報道はデマ？ 葬儀業者が実名で語る現場の声「厚労省調査で平均1.7日」「恣意的報道」,https://news.yahoo.co.jp/articles/cf54b3476f24b46d9ad309aaca0c1d0a44a490c0,8/26(土) 5:02
jprime,週刊女性PRIME,“暴力団幹部との韓国旅行”が報じられた加護亜依　10代の頃は“女性版ガーシー”と交流の過去,https://news.yahoo.co.jp/articles/151ad2a1b4819ecb0cb5f28de8d8f2541073286a,8/25(金) 18:02
jprime,週刊女性PRIME,名古屋・テキーラ32杯飲ませて女性を死亡　42歳“酒ヤクザ”の美女をはべらせた「オラつき」写真,https://news.yahoo.co.jp/articles/5defff85a28106c26f950616d9d8ddb5bc9b0b67,8/25(金) 16:32
jprime,週刊女性PRIME,バスケは塩顔系、ラグビーはワイルド系、W杯間近！ イチオシの「戦うイケメン」大集合,https://news.yahoo.co.jp/articles/f5024a61f2b97f07376e1cc8ff6a5f754d667485,8/25(金) 16:02
jprime,週刊女性PRIME,「どっちの愛が大きいか」キンプリ・永瀬廉と高橋海人がインタビューで見せた愛情マウントの取り合い,https://news.yahoo.co.jp/articles/5ebc28200b02f37ddfa9e112b0dc7fcd09d71183,8/25(金) 11:02
jprime,週刊女性PRIME,『みそきん』フリマ大量出品は違法ではない!? 再注目される福山雅治の「転売ヤー撲滅術」,https://news.yahoo.co.jp/articles/7495bf5eb644044358eef70db338a8129cdc9c51,8/25(金) 8:02
jprime,週刊女性PRIME,「会社の名前を利用して承認欲求を満たさないで」ZOZOTOWN公式SNSが突然“自我”を出して賛否両論,https://news.yahoo.co.jp/articles/5f1e4e702593d2feae0a07335a895a968474ff93,8/25(金) 6:32
jprime,週刊女性PRIME,セルフレジ万引きが急増！Gメンが見たセコすぎる手口と「私が見ればすぐにわかる」犯人の特徴,https://news.yahoo.co.jp/articles/424173f6fb73d7c6e3465e1039d3a6213643db40,8/25(金) 6:02
jprime,週刊女性PRIME,高校生の《なりたい職業》が「夢より現実」、かつて1位だったYouTuberは8位に転落,https://news.yahoo.co.jp/articles/6b42f36272724de0143682a8e97225b4ba7453e2,8/25(金) 5:02
jprime,週刊女性PRIME,『バチェラー5』大内悠里 「売上No.1をとることも」キャバ嬢時代の“本当の評判”、巨大看板に登場の過去も,https://news.yahoo.co.jp/articles/cd4062407d59d1ae1988c8173b7cacfb6fb39c0a,8/24(木) 21:02
jprime,週刊女性PRIME,「痛すぎる」恋人・本田真凜の誕生日に“浮かれた写真”を投稿した宇野昌磨に冷ややかな声,https://news.yahoo.co.jp/articles/23575b153c92fe28b998155872b3e74816f6e071,8/24(木) 20:02
jprime,週刊女性PRIME,「日本の民度はこんなに落ちちゃった」来日したBTS・Vの髪を鷲掴み物議、問われるファンマナー,https://news.yahoo.co.jp/articles/0329a70c61d4fe3c1eb96b1d659dbd3407de7c0d,8/24(木) 17:46
jprime,週刊女性PRIME,ナンパ不倫＆妊娠トラブル報道のイラストレーター326　16年前にもあった女性トラブル報道,https://news.yahoo.co.jp/articles/badb0a85939f5b34a93861139e30419c42c124a1,8/24(木) 17:32
jprime,週刊女性PRIME,【投資騒動から1年】TKO木本武宏「欲にすぐ流されるから…」現在の環境と“相方・木下の変化”,https://news.yahoo.co.jp/articles/e22e07ae2a43fb7f5937d04c1b4056693e2f0430,8/24(木) 17:02
jprime,週刊女性PRIME,「あまりにもシンプル」広報も驚いた！ローソンストア100の『だけ弁当 漬物』は「温め禁止です（笑）」,https://news.yahoo.co.jp/articles/3862b5351ec687e20a13b4ef3ac3b7748838b533,8/24(木) 16:02
jprime,週刊女性PRIME,「諦め悪い子達が…」ジャニーズが“脱滝沢”も批判の的、一方で平野紫耀らの「TOBEラッシュ」,https://news.yahoo.co.jp/articles/f80b0e17ba8c840ea4b4e043c1077d4baf937b6d,8/24(木) 13:02
jprime,週刊女性PRIME,『BreakingDown』出場のボブサップ 、“衝撃DV問題”が拡散も「降板はない」エージェント直撃に…,https://news.yahoo.co.jp/articles/59380e4f68f196b2024411ab2f8aeb211074812b,8/24(木) 11:06
jprime,週刊女性PRIME,気持ちの出し惜しみやムダな駆け引きで破談！“ライバル”に負けた「オンナの告白」,https://news.yahoo.co.jp/articles/ee5d72b59c05cff3bb6dbed9d640e91d0acd3a81,8/24(木) 11:02
jprime,週刊女性PRIME,“アラサーの太った覇気のない女”が一念発起！「推しの力」でジムも行かず8か月-20kg減に成功,https://news.yahoo.co.jp/articles/038453d6080acd1af08c503943cb1a06988d098f,8/24(木) 8:02
jprime,週刊女性PRIME,『四谷大塚』女児盗撮事件の背景に「先生の立場を利用しているという感覚」元受験塾関係者が明かす“闇”,https://news.yahoo.co.jp/articles/b274e41077585537bffe3a2bbc42453c461db188,8/24(木) 6:32
jprime,週刊女性PRIME,Snow Man深澤辰哉、SixTONESメンバーも誘った苦節15年の下積み時代を支えた“生命の水”スープ,https://news.yahoo.co.jp/articles/f7529e4d2703de9f8b011dd7848de266b109fd95,8/24(木) 6:02
jprime,週刊女性PRIME,堀越のり、子宮頸がんの前がん病変と診断され「“焼く・切る”の言葉が怖くて内診台から逃げ帰った」,https://news.yahoo.co.jp/articles/4b0f47c3c6259f6021359d2627b7ad2eae0c69c5,8/24(木) 5:02
jprime,週刊女性PRIME,「奥さんは小柄で華奢」目撃されていた香川照之の再婚生活と、男児誕生で懸念される“父子確執の再演”,https://news.yahoo.co.jp/articles/d334fbf5d76a664458b50a3621ca1b963d8cead8,8/23(水) 21:02
jprime,週刊女性PRIME,「手塚治虫の名前に泥塗った」トレパク謝罪の娘婿・手塚憲一氏に「AIイラスト生成」描いてない疑惑,https://news.yahoo.co.jp/articles/17789d0202ec0424f9353a239f433b34738eb784,8/23(水) 18:02
jprime,週刊女性PRIME,「まるでジャニーズ」“慶応のプリンス” 丸田湊斗選手、中学時代の秘蔵写真に女性ファン衝撃,https://news.yahoo.co.jp/articles/db66e9302ba856914891f90741df69c68c55fa15,8/23(水) 17:46
jprime,週刊女性PRIME,木村拓哉CM・バレー主題歌が白紙、凋落のジャニーズ事務所を救う菊池風磨・道枝駿佑の需要,https://news.yahoo.co.jp/articles/bf9b0a1dc3ab4ee9717ab3f8d87f0d72057c3141,8/23(水) 17:02
jprime,週刊女性PRIME,慶應“美白王子”愛用のニベア日焼け止めが話題「皮膚は最大の臓器」販売元が語った反響と重要性,https://news.yahoo.co.jp/articles/78c363a9dfd75e85820ebefce91251f57a723357,8/23(水) 11:32
jprime,週刊女性PRIME,「とんでもないイケメン」SNSで大バズりの慶應のプリンスも、甲子園を沸かせた“脱丸刈り”球児たち,https://news.yahoo.co.jp/articles/f5f80e9068072b97b4124aa5e9384c2529576c03,8/23(水) 11:02
jprime,週刊女性PRIME,甲子園決勝戦チケットが13倍超の5万円！毎年横行する転売問題に高野連「今年の状況を見て対応」,https://news.yahoo.co.jp/articles/ac8d0862d496479b2d365574dfbc2c8dd6a3429d,8/23(水) 10:32
jprime,週刊女性PRIME,「塩分タブレットや塩飴も没収された」熱中症続出した音楽フェス『サマソニ』の厳しい規制に批判殺到,https://news.yahoo.co.jp/articles/2d7ec585eb5db571d07c954ea3520c5ee1bbd246,8/23(水) 9:32
jprime,週刊女性PRIME,日傘の悪質“当たり屋”が急増！強引な連絡交換後の“金銭ではない”身の毛がよだつ要求,https://news.yahoo.co.jp/articles/bb43503b546d403db658e65e190d907bba43f0a3,8/23(水) 8:02
jprime,週刊女性PRIME,「椅子の上で立て膝」加護亜依が反社との“同伴”旅行否定も、記念写真の素行に滲む“いつもの仲間”感,https://news.yahoo.co.jp/articles/b844d0cc279bd9cf45b8e9b8434bb8f892218369,8/23(水) 7:02
jprime,週刊女性PRIME,「鳥肌…」女児盗撮『四谷大塚』元講師に“YouTube出演”疑惑、ネット騒然の動画内容,https://news.yahoo.co.jp/articles/cb0220e05d7283d393f3f66ca67dcf89ba2d8e1a,8/23(水) 6:31
jprime,週刊女性PRIME,大谷翔平が両親と約束した絶対NGな結婚相手、密かに狙う羽生結弦流の“極秘婚”,https://news.yahoo.co.jp/articles/038ab8b237561d8f0765f3ea56f5bbe5970cafc8,8/23(水) 6:02
jprime,週刊女性PRIME,日本の夏の風物詩といえば「怖い話」なのはなぜ？ きっかけは江戸時代の歌舞伎にあった,https://news.yahoo.co.jp/articles/aa34b3a2089abe0abe23f56a9c9dd8355d9d7e3b,8/23(水) 5:02
jprime,週刊女性PRIME,長谷川京子が新恋人との同棲生活を匂わせ！高まる“再婚願望”に実母「孫と彼氏さんの関係が良ければ」,https://news.yahoo.co.jp/articles/fb5e6b49f8509dd20d91280c8e43aa29b090ecdc,8/22(火) 21:02
jprime,週刊女性PRIME,パチンコ店の駐車場が火事で“車100台炎上”、店は休業も…なぜか依頼殺到の中古車買取店と「放火犯の行方」,https://news.yahoo.co.jp/articles/ddc1a1e80c77053ab8b9f7434fa3d50ee9257a21,8/22(火) 20:02
jprime,週刊女性PRIME,韓国DJセクハラ加害者の出頭付き添いした青汁王子のTシャツが人気アイドルと“お揃い”だった,https://news.yahoo.co.jp/articles/cf82d6d2df8c5042b19e82d8f9feeed23c21541c,8/22(火) 18:02
jprime,週刊女性PRIME,平野紫耀が『TOBE』合流前に開設していた“個人事務所”『株式会社紫耀』の実態,https://news.yahoo.co.jp/articles/14f8aea5cdadf6fa97b322b1c14c73338462b1ff,8/22(火) 17:02
jprime,週刊女性PRIME,「なにわ男子だけはやめて」24時間ランナー？“日焼けメンバー”にファン戦々恐々,https://news.yahoo.co.jp/articles/d43c607f3341cb18c4d6fa20913490bd759da570,8/22(火) 17:02
jprime,週刊女性PRIME,沢尻エリカ、突然のYouTube登場にファン歓喜！地上波でも仄めかされる本格復帰,https://news.yahoo.co.jp/articles/cf1bd5138c8df309f1ee8ba1fbfdd257a59bef99,8/22(火) 16:32
jprime,週刊女性PRIME,羽生結弦、結婚でファン減少“9月のアイスショー”が立ち消えに！ 関係者が明かす「ゆづロス」の余波,https://news.yahoo.co.jp/articles/fce60c4efc9c7e6dabb5d70cc6ee34d51a0e3249,8/22(火) 16:02
jprime,週刊女性PRIME,前澤友作氏も被害、著名人の“無許可広告”が「やったもん勝ち」な裏事情,https://news.yahoo.co.jp/articles/28fc83fba8e6c1d23e748b78908cc4433598282d,8/22(火) 11:02
jprime,週刊女性PRIME,クリスタル・ケイの母、ヒットに恵まれず生活困窮！不倫相手が「あの手この手で私からお金を…」,https://news.yahoo.co.jp/articles/a3ef9dedc9f70a7b4e7bd1ebdc079aa9a3097576,8/22(火) 8:02
jprime,週刊女性PRIME,雅子さま『全国戦没者追悼式』で国母が見せた“意外なまなざし”「半眼の祈り」で願う世界平和,https://news.yahoo.co.jp/articles/1e708b3ceaf5d997831e739ee2fb3a0d6fc8ba37,8/22(火) 6:02
jprime,週刊女性PRIME,2歳娘を刺したセレブ妻、2年間カーテン閉めっぱなしの2世帯住宅「ギャーギャーわめく声」嫁姑バトルの果て,https://news.yahoo.co.jp/articles/6404980bdf778cefd49fe6611afcb4fb322aa9ec,8/22(火) 5:32
jprime,週刊女性PRIME,清原和博が慶應次男の活躍で“好感度アップ”、背景に「甲子園を守りたい」ファン心理,https://news.yahoo.co.jp/articles/16221f36f1e8a4cdcf3fb5bb1b55b5485c1bed88,8/22(火) 5:02
jprime,週刊女性PRIME,田中圭、小栗旬が社長務める事務所の取締役に就任していた！独立ブームの最中で築いた“家族経営”の形,https://news.yahoo.co.jp/articles/fcd8f5fb6eeb356b768f62f5ebba4e1b8188cf81,8/21(月) 21:02
jprime,週刊女性PRIME,幼なじみと突然キス、「好き」を連呼、『真夏のシンデレラ』が「1周回って若者に刺さる」ワケ,https://news.yahoo.co.jp/articles/bffe1a9dddaee18c67437205d81c9dafb2e621c8,8/21(月) 19:02
jprime,週刊女性PRIME,小島瑠璃子、年下サウナ社長とはやっぱり“授かり婚”だった！実父と祖母からは喜びの声,https://news.yahoo.co.jp/articles/47d3e5f44d9fc0ea54855d00975aba41d1d29fdb,8/21(月) 16:02
jprime,週刊女性PRIME,K-POPの次は「韓流学習」ブーム到来！韓国発の科学マンガが世界を席巻、背景にある“お受験事情”,https://news.yahoo.co.jp/articles/5b1bc8db258d27b21af1a5bf1b855c8b8f32da62,8/21(月) 11:02
jprime,週刊女性PRIME,田中みな実「部屋が沖縄ぐらい潤っていれば肌は乾燥しない」は危険、女優の“加湿美容”間違った認識,https://news.yahoo.co.jp/articles/9efa80c0f2e7e032d7e6c7b5be58d529d9f81dfc,8/21(月) 6:02
jprime,週刊女性PRIME,『ドラえもん』声優・大山のぶ代はどこに？ “空き家”状態の自宅と個人事務所を引き継いだ“人物”を直撃,https://news.yahoo.co.jp/articles/a737b6812f3106381a7c8292d3d6ecccf1c7a1bb,8/20(日) 21:02
jprime,週刊女性PRIME,『ちびまる子ちゃん』実在モデル“はまじ”が急逝していた、『花屋のとくちゃん』が明かす“最後の連絡”,https://news.yahoo.co.jp/articles/5f439553b1c3ffcc038d6cd6f2af4fdbb9b14f45,8/20(日) 17:02
jprime,週刊女性PRIME,ABCお笑いグランプリで2年連続準優勝の令和ロマンの強みは「フットワークの軽さと勝負勘」,https://news.yahoo.co.jp/articles/96f3452dc9be474ce3eb0fda9463fd44f74bdebe,8/20(日) 17:02
jprime,週刊女性PRIME,「声が出るうちは現役ですよ」レジェンド声優・神谷明が後輩たちに伝える“声優の道”,https://news.yahoo.co.jp/articles/3d363c8c0f9004bc8ed11a88f4fd2535d144fb82,8/20(日) 11:02
jprime,週刊女性PRIME,「気持ち悪い」「スシロー少年と同じ」人気ラーメン店で中年男性が迷惑行為、店は「厳正に対処していく」,https://news.yahoo.co.jp/articles/c4ce0002dbdee5c444832fb67e8d5da6e492c000,8/20(日) 6:32
jprime,週刊女性PRIME,益若つばさらも重篤化した“帯状疱疹”の怖さ、皮膚科医「コロナ罹患後の発症が確実に増加している」,https://news.yahoo.co.jp/articles/52d81c9f1861a9bed4b1aa340c265efec979483b,8/20(日) 6:02
jprime,週刊女性PRIME,香取慎吾、全国を飛び回っても“疲れないコツ”「ここどこだっけ？」くらいがちょうどいい,https://news.yahoo.co.jp/articles/2099cf368fd34bb07e62158f0940f73aace46317,8/19(土) 21:02
jprime,週刊女性PRIME,「人に言えないことは誰にでもありますよね」稲垣吾郎が主演映画で感じた不思議な“感覚”,https://news.yahoo.co.jp/articles/3f3a098a346b7bb20d018b947fcfe07304055147,8/19(土) 19:02
jprime,週刊女性PRIME,「スピード破局か」4代目バチェラー妻と初代バチェロレッテが匂わせるパートナーとの別れ,https://news.yahoo.co.jp/articles/cb93efaadccac356dd98e02128c9372c7bb82a34,8/19(土) 17:32
jprime,週刊女性PRIME,《有罪判決》女子生徒に裸写真を送らせた美術教室経営者が描いた奇妙な裸婦画とイクメン素顔,https://news.yahoo.co.jp/articles/bbca780e03f778dc9edebcb5af29d4ad43993b36,8/19(土) 16:32
jprime,週刊女性PRIME,NO宣伝の『君生き』パンフレットがついに発売！「肩透かし」芸人たちが語った“本当の感想”,https://news.yahoo.co.jp/articles/4975615416618dfbf22f8baaa6012661e68e6c4f,8/19(土) 11:02
jprime,週刊女性PRIME,「運動後のビールが一番美味しい」新しい地図の3人に聞いた“この夏”やりたいことが個性全開,https://news.yahoo.co.jp/articles/ee241f34b2d891e61d9dc3b93d4b3527a5742f3a,8/19(土) 8:02
jprime,週刊女性PRIME,上原多香子、2度目の不倫報道で「インスタ全削除」 寄せられる心配の声　“広告塔”を失った勤務先の現在は…,https://news.yahoo.co.jp/articles/d43447ff9529e133a0dc7b18503374687057f53b,8/19(土) 7:32
jprime,週刊女性PRIME,「いらない実家」を負の遺産にしない！最近の売却事情を空家・空地管理センター代表理事に聞いた,https://news.yahoo.co.jp/articles/4c40973a805a357360fda72f48c9d683858c8bc5,8/19(土) 6:02
jprime,週刊女性PRIME,「アイドル級の子いたな」「かわいい」夏の甲子園、試合よりも“慶応チア”に熱視線,https://news.yahoo.co.jp/articles/1474264ee08e84e55b104436bdb4f01233fefcfe,8/19(土) 6:02
jprime,週刊女性PRIME,「おバカの面影がない」元『羞恥心』の野久保直樹、LAを拠点にするイケオジ俳優になっていた！,https://news.yahoo.co.jp/articles/2f43c460c30285d54febb83add3ee294bbae1a17,8/18(金) 21:02
jprime,週刊女性PRIME,「興味なくなったわ」『THE FIRST TAKE』が炎上し音楽論が加熱、委ねられているユーザーの感受,https://news.yahoo.co.jp/articles/b7901e218b048a3189dd296de9237154246d546c,8/18(金) 20:02
jprime,週刊女性PRIME,UVERworld、ライブの座席構成が「男女差別」「女性軽視」と炎上で即変更！事務所が語った真意,https://news.yahoo.co.jp/articles/8c787a5c4be4a0f4528ee52426644aa19ce55d8b,8/18(金) 18:02
jprime,週刊女性PRIME,「コメント欄に包丁が…」玉木宏のSNSで起こった過激ファンによる“攻撃的行為”の真相,https://news.yahoo.co.jp/articles/9ea5b00d6621a936c214d2852cee43c13c056a52,8/18(金) 17:02
jprime,週刊女性PRIME,麻木久仁子、脳梗塞と乳がんを経験して目覚めた薬膳・推し活、そして還暦を機に大学生に,https://news.yahoo.co.jp/articles/e7cc98386df89f6624046d71e6edb6210a8941ba,8/18(金) 16:02
jprime,週刊女性PRIME,「わかりやすすぎ」ジャンポケ斉藤、不倫直後に妻が投稿していた“不貞の痕跡”と綴った文言が切ない,https://news.yahoo.co.jp/articles/53feb1f3a421bae5d021534e4006cb8d399f1fc9,8/18(金) 12:02
jprime,週刊女性PRIME,マックCMも非公開に…「魔が差した」ジャンポケ斉藤の不倫暴露は“火遊び”で傷つけられた女性の恨みか,https://news.yahoo.co.jp/articles/8a27cfc8cc195be191b2b28aa4156cc0139b0157,8/18(金) 11:57
jprime,週刊女性PRIME,「“被害者面”して客を攻める運営」韓国DJの性被害問題で問われる責任、主催を直撃でみせた“大混乱の対応”,https://news.yahoo.co.jp/articles/35f1a766388ce21c498021a3176a8d832fb31c46,8/18(金) 11:06
jprime,週刊女性PRIME,『TOBE』に合流した大東立樹は滝沢秀明氏の“超お気に入り”、Jr.時代からあった特別待遇,https://news.yahoo.co.jp/articles/9490ac3d1432f3b699cc91f1eef961947f02c62c,8/18(金) 11:02
jprime,週刊女性PRIME,江宏傑に長女への“過剰スキンシップ”報道、反撃の福原愛に「その子どもを置いて不倫したのは誰？」,https://news.yahoo.co.jp/articles/526a2480a978aecf83585b3204ba14ce4b365f9f,8/18(金) 7:02
jprime,週刊女性PRIME,「落ち込んだ時に記事を読む」大谷翔平に触れるだけでメンタルが整うのはなぜか、精神科医が分析,https://news.yahoo.co.jp/articles/8982ccb24c1532bcf6729ff90b29be2d53cd26dd,8/18(金) 6:02
jprime,週刊女性PRIME,元『純烈』小田井涼平のレギュラー番組が続々、“普通のおじさん”にならずに「1人でやりたかったこと」,https://news.yahoo.co.jp/articles/e7ec09cb3f0f5641621d8370fd6a9d61bdaab1bb,8/17(木) 21:02
jprime,週刊女性PRIME,「引き抜きすぎ」ジャニーズ退社から1か月の“即戦力”がTOBE合流も、新人オーディションどうなった？,https://news.yahoo.co.jp/articles/1ec60d0a57d47efdf21582462c3d7959ed4e93c4,8/17(木) 16:32
jprime,週刊女性PRIME,「堺雅人にそっくり」『VIVANT』主人公の青年期役を好演したのは大物ミュージシャンの長男だった,https://news.yahoo.co.jp/articles/a3b2c53aefac0cc7789effc53949e7cb14bd0e90,8/17(木) 16:02
jprime,週刊女性PRIME,GACKT、DJ SODAのセクハラ被害を擁護のウラで掘り起こされた”過去の疑惑”と問われる説明責任,https://news.yahoo.co.jp/articles/103d9dc55e4c9927620da2cdf77235c801be9af7,8/17(木) 11:32
jprime,週刊女性PRIME,生稲晃子の乳がん闘病、5年間に2度の再発「手術前、心の中で『ごめんなさい』と右胸に謝りました」,https://news.yahoo.co.jp/articles/46bbc015fdceebdf99c89f836118c3a6f34ffc97,8/17(木) 11:02
jprime,週刊女性PRIME,山田まりや「18人に見守られた」出産秘話を明かす、川島なお美・田中美里・キムラ緑子など豪華芸能人も,https://news.yahoo.co.jp/articles/9ecddc1ff5233312d5309aaf7e74ad5120d34b88,8/17(木) 8:02
jprime,週刊女性PRIME,加藤綾菜、加トちゃんと鈴木奈々のお父さんと3人でお買い物「第二のお父さん的存在」,https://news.yahoo.co.jp/articles/7828b9275670f9af4bc7db7fb7125a0be49b0381,8/17(木) 6:02
jprime,週刊女性PRIME,「だから嫌なの」島田紳助の“枕強要”告発したマリエ、第一子女児との充実生活で芸能界に未練ナシ！,https://news.yahoo.co.jp/articles/81d99d57ca96ac9b48dbb6104e42cfd1a5744666,8/16(水) 21:02
jprime,週刊女性PRIME,「人命よりカネ」市の中止要請をスルー『阿波おどり』強行開催のウラ事情,https://news.yahoo.co.jp/articles/e206f9409d54f8a9e3c632c12ba09dfffa74b840,8/16(水) 17:36
jprime,週刊女性PRIME,市川團十郎に松潤も実践するプチ断食、専門家「メリットが期待」も「子どもには言語道断」,https://news.yahoo.co.jp/articles/f66b8558c2a901348e8080692e018c98f6bce8bf,8/16(水) 16:02
jprime,週刊女性PRIME,《都が被害届提出》「お前んち緑豊かじゃねえか！」“除草剤散布”のビッグモーター、前社長の豪邸に厳しいツッコミ,https://news.yahoo.co.jp/articles/4e3274a4089f0f095385d3f69949ed40364d6bff,8/16(水) 15:02
jprime,週刊女性PRIME,「ビールは元カレ、ハイボールは今カレ」ネオ無職として活動しているYoutuber・酒村ゆっけ、の素顔,https://news.yahoo.co.jp/articles/6718b701d73f12e57131120c1f972bac606ca799,8/16(水) 12:02
jprime,週刊女性PRIME,「日本が初めて」セクハラ被害の韓国人DJに“自作自演”疑われるも…他国の観客マナー映した“証拠動画”,https://news.yahoo.co.jp/articles/62ec1678eb877035e055ef150ec196454ea86fcc,8/16(水) 11:51
jprime,週刊女性PRIME,南果歩「こんなに深く傷つくとは思ってなかった」乳がんのつらさと初めて認識した“闘病のスタート”,https://news.yahoo.co.jp/articles/bb743af3f10d4a790876da82363ecac463d58171,8/16(水) 11:02
jprime,週刊女性PRIME,TOKIO松岡昌宏は救急搬送も、橋本環奈ら「サウナ好き」芸能人の入浴法に専門家がことごとく否定,https://news.yahoo.co.jp/articles/dc246cee63029a8b2374e631beb8fcbd7abcd68b,8/16(水) 6:02
jprime,週刊女性PRIME,「家族でセブ島に移住」の175R・SHOGOが語った「生きた鶏を…」現地で実践する子育てと“外交活動”,https://news.yahoo.co.jp/articles/826785691a1510515423bb1bff2287e511d48de2,8/16(水) 5:02
jprime,週刊女性PRIME,カイヤとのドロ沼離婚劇から3年、川崎麻世がやっと見つけた“安住の地”に忍び寄る“モンスター”の影,https://news.yahoo.co.jp/articles/021e5b0851822e6d4fac735c4459f86cc2485d8c,8/15(火) 21:02
jprime,週刊女性PRIME,「桁違いでエグい稼ぎ」平野紫耀、生配信で着用した“1000万円超”ダイヤ時計にネット騒然,https://news.yahoo.co.jp/articles/d6407f7e632dca6dae7444edb4c06633ee9a15b0,8/15(火) 17:02
jprime,週刊女性PRIME,「何やってんだよ」TOBE・三宅健を公開説教の中居正広、「SMAP・木村拓哉」は露骨“排除”するズルさ,https://news.yahoo.co.jp/articles/ca310ec78d2bb91c857dc7068f50923370f84404,8/15(火) 16:32
jprime,週刊女性PRIME,小栗旬に小池栄子ら“左利き”芸能人が増える背景に“矯正”の減少、不便が残る一方で専用アイテム続々,https://news.yahoo.co.jp/articles/692e6b8150f4f5e74085da4593777ba5b6b88207,8/15(火) 16:02
jprime,週刊女性PRIME,「社員もニュースで知った」“パパ活女子に盗撮指示”の『山田養蜂場』専務が逮捕、大混乱の社内を直撃,https://news.yahoo.co.jp/articles/5ca3ebc44f4077147fcd468490ad09b0571cc751,8/15(火) 11:06
jprime,週刊女性PRIME,乳がん経験の山田邦子が支えられた “がん友” の存在「私の心と身体を強くしてくれた」,https://news.yahoo.co.jp/articles/e4c97779e4fc7ed7b57acd1bc80ba6028aacbc66,8/15(火) 11:02
jprime,週刊女性PRIME,「胸を容赦なく揉まれた」美人DJにフェス観客が暴走セクハラ「腕を掴み、身体に手を…」,https://news.yahoo.co.jp/articles/a28c5da7d7bba9b7f7cd5fec58e33cf49e7444c0,8/15(火) 6:32
jprime,週刊女性PRIME,草なぎ剛「血糖値が上がって頭の回転が悪くなる」撮影中に食べたいけど我慢している“食べ物”,https://news.yahoo.co.jp/articles/b95d155b96ee431a3531c5b34a09d3a1379b7891,8/15(火) 6:02
jprime,週刊女性PRIME,片瀬那奈、通販サイト会社に“就職”で活路も「15分7000円のオンラインサービス」新ビジネスが不穏,https://news.yahoo.co.jp/articles/b6802769910ddbd539ac02893677ef78cc2b780d,8/14(月) 21:02
jprime,週刊女性PRIME,福原愛に国際指名手配報道も…“逃亡期間”をリッチに過ごす「数億円の収入」の内訳,https://news.yahoo.co.jp/articles/43e1712b823c82e163cf2f12f5306420de355b4c,8/14(月) 20:17
jprime,週刊女性PRIME,「確認なく勝手に…」トニセン告白で浮き彫りになったジャニーズ事務所とタレントの関係性,https://news.yahoo.co.jp/articles/ed37432e752685270efe8eb522d4cd28d60ba843,8/14(月) 20:02
jprime,週刊女性PRIME,「横浜流星じゃなくてすみません」自虐の佐藤浩市、映画ロケで現場を笑いに包んだ“偉人ジョーク”,https://news.yahoo.co.jp/articles/5106912251858b2c2b7428b011d892fb8b793914,8/14(月) 17:02
jprime,週刊女性PRIME,「女児を抱っこしました」“プリキュア”コスプレ男性の非公式活動にテレビ朝日が異例の注意喚起！,https://news.yahoo.co.jp/articles/c19146d5968e42c814a5a3298855961b853f5e78,8/14(月) 14:02
jprime,週刊女性PRIME,日大アメフト部エリート選手が薬物逮捕「他の選手の親が密告？」強豪校のレギュラー争いと容疑者の背景,https://news.yahoo.co.jp/articles/64b804db9e998ec767786aab3a83f9f43aeea896,8/14(月) 11:02
jprime,週刊女性PRIME,室井佑月が語る「乳がん発覚」の瞬間、早期発見も担当医に怒られた“豊胸手術”のあと,https://news.yahoo.co.jp/articles/8ac841b1d9ec2986f3e4ce58b919a709daa6fa4d,8/14(月) 11:02
jprime,週刊女性PRIME,心霊研究家が提供する“最恐写真”、見えないものが写る恐怖「好奇心で心霊スポットに行くのは絶対NG」,https://news.yahoo.co.jp/articles/4fdb368ed4d3633bb654174f1ccfe070b10b6f6e,8/14(月) 8:02
jprime,週刊女性PRIME,「1日1食」は美の秘訣？芸能人の“危険”な健康法に専門家が待った！「髪の毛が抜けます」,https://news.yahoo.co.jp/articles/bb2a831bc52f1eb392c287244e18a124873508dd,8/14(月) 6:02
jprime,週刊女性PRIME,乙武洋匡『五体不満足』から25年「出版に後悔したことも」世間が抱く“乙武クン像”を否定したい時期もあった,https://news.yahoo.co.jp/articles/dfcae2112accb3db6957ab12ddb53e5dcb52f2ba,8/13(日) 21:02
jprime,週刊女性PRIME,松本潤『どうする家康』打ち上げを主催、ムロツヨシは頻繁に参加も「あえて有村架純は誘わない」,https://news.yahoo.co.jp/articles/373475b5771597bc2ffcbfc365e404cb39c4c2b3,8/13(日) 18:02
jprime,週刊女性PRIME,すい臓がん余命宣告から13年の落語家「おかげさまで今日も生きています」昨年、生前葬を行っていた,https://news.yahoo.co.jp/articles/58859c1629f22c6d832e1e1e44d73772dcd129ba,8/13(日) 11:02
jprime,週刊女性PRIME,「有名人だけ特別対応か」人気格闘家が航空券巡る告発で“100万円返金”　同社に相次ぐ被害の対応を直撃すると…,https://news.yahoo.co.jp/articles/5b244406385f30d0847dc17503a0df7b837e41b7,8/13(日) 9:06
jprime,週刊女性PRIME,がんは“死なない病気”になったから見直したい！「使えないがん保険」にお金を払い続けない方法,https://news.yahoo.co.jp/articles/748b2d8d71d2f3cbc0b2b41e1450fa366d539633,8/13(日) 6:02
jprime,週刊女性PRIME,“ミニ紳助” 宮迫博之の「オフブラック化」と過去修正のための「終わらないタイムリープ」,https://news.yahoo.co.jp/articles/bc70f0076820c23c05ccb3e71af9a2cd37d7f9d7,8/12(土) 21:02
jprime,週刊女性PRIME,東出昌大が続々バラエティー出演で本格復帰間近か、オファー受けた理由を本人が語る,https://news.yahoo.co.jp/articles/d56cfaf7556ef22edd28456aada51356f9afe5ae,8/12(土) 17:02
jprime,週刊女性PRIME,「生きていけない…」Twitterのロゴ変更に悲しむ京本大我、ハンズにJTBも変更していた“企業ロゴ”,https://news.yahoo.co.jp/articles/e3e38a59873a018f5270130d660b516f348a4bd4,8/12(土) 16:02
jprime,週刊女性PRIME,河村隆一、最新CMでの近影にLUNA SEA世代驚き「ふくよかになった」がん乗り越えた元気の証,https://news.yahoo.co.jp/articles/f3af087ed5db6e388d4eeca695cf37b422d33503,8/12(土) 11:39
jprime,週刊女性PRIME,「もらえる制度」を見逃さない！お金のプロが教える、定年後でも収入を増やすテクニック,https://news.yahoo.co.jp/articles/f957d60eae56dfde280fa51b4faa3cd08d16f04f,8/12(土) 11:02
jprime,週刊女性PRIME,安い食材を格上げ！新・手作り調味料「料理酒オイル」は、びっくりするほど味が変わる,https://news.yahoo.co.jp/articles/1511c0290b449d950b974d9dd6eca3155ba1b9d2,8/12(土) 8:02
jprime,週刊女性PRIME,あの夏から38年、故・坂本九さんの妻・柏木由紀子がシニア世代のおしゃれ番長に,https://news.yahoo.co.jp/articles/f83c4fded519ceadedd78217402970c890c401c7,8/12(土) 6:02
