media_en,media_jp,title_articles,link_articles,date_original
hokkaibun,北海道ニュースUHB,2024年営業初日に「ガラス割られた」店員から通報…メイド喫茶店で“窓に頭突き” 逮捕48歳男「覚えてない」,https://news.yahoo.co.jp/articles/923c8f59667fcaafbb7b45816b0d1884a84c815a,1/3(水) 12:55
hokkaibun,北海道ニュースUHB,「全然寝られなかった」「JRもだめで…」航空機衝突事故が“Uターンラッシュ直撃” 一夜明かす＆帰る手段探し続ける客も 新千歳空港,https://news.yahoo.co.jp/articles/9e16bb477aaf4c2c8ddd35ae6eb32067108b992e,1/3(水) 11:30
hokkaibun,北海道ニュースUHB,「どうやって帰るか」「マットあるだけありがたい」新千歳空港で約200人が一夜を明かす JAL機の炎上で羽田空港行きの便が欠航 搭乗できず乗客ら足止め 3日にUターンのピーク迎え便の振り替え難航も,https://news.yahoo.co.jp/articles/05b9dc42d10302f3409f1261cd227499499118ba,1/3(水) 6:31
hokkaibun,北海道ニュースUHB,【速報】新千歳空港内で乗客約200人が一夜を明かす JAL機炎上事故で羽田行き便が欠航 搭乗できなかった家族連れなどが足止め 3日にUターンのピーク迎えるため便の振り替えは難航 混乱続く,https://news.yahoo.co.jp/articles/278248457fe8471fa32557dfb7b56967fe5b96a1,1/3(水) 0:24
hokkaibun,北海道ニュースUHB,「全部飛ばなくなった」「振替便9日までとれない」JAL機が羽田空港で炎上した影響で…新千歳空港発の後続便がストップ…Uターンのピーク迎え便の振り替え進まず 空港内には数百メートルの列ができ大混雑,https://news.yahoo.co.jp/articles/8d0d104dbdb57d0c878e0ecde7310d0e175b7adf,1/2(火) 23:21
hokkaibun,北海道ニュースUHB,ビジネスホテルのカギ“どちらが持つか”でカップルが大みそかにケンカ…交際女性の顔面を殴りケガ負わせた38歳の無職男を逮捕 札幌の繁華街ススキノで傷害事件に発展,https://news.yahoo.co.jp/articles/be7556b8729df94fcd521874888390025fdd5d8d,1/2(火) 20:21
hokkaibun,北海道ニュースUHB,新千歳空港発 羽田空港行きのJAL機が炎上 乗客は全員脱出 羽田行きの後続15便が欠航に 空港が大混雑 年末年始のUターン直撃,https://news.yahoo.co.jp/articles/5c88d6ad35735eb8c43f50c51bfe4c1263046a3a,1/2(火) 18:53
hokkaibun,北海道ニュースUHB,1月1日午前0時 年明けとともに 家族団らんの場が一転… 実家に帰省中の20代妹の顔などを複数回蹴りケガ負わせる 33歳男を逮捕「口論の末に暴行した」,https://news.yahoo.co.jp/articles/8f6658864fe02d041e1f53e311a8420cab07eddb,1/2(火) 16:59
hokkaibun,北海道ニュースUHB,札幌のデパートで”初売り”始まる 開店前から行列…2024年にちなみ「2億240万円」高額アクセサリー福袋も登場,https://news.yahoo.co.jp/articles/7966ed8004f8f5ce276d1eda8a076624502b83e7,1/2(火) 16:30
hokkaibun,北海道ニュースUHB,山林で被害女性の”骨の一部や爪”など見つかる…北海道足寄町で知人女性の遺体を遺棄したとして58歳男が逮捕された死体遺棄事件 殺人容疑も視野に捜査,https://news.yahoo.co.jp/articles/af08b70f364fef1d4b7239ee97e4f7d4d78d6a14,1/2(火) 16:09
hokkaibun,北海道ニュースUHB,北海道沿岸部に出されていた「津波注意報」全て解除…瀬棚港で60センチなど津波を観測するも道内で被害・けが人なし 新千歳空港では新潟便に欠航も,https://news.yahoo.co.jp/articles/ceac91b6b735c79644d087a598204f95975b418d,1/2(火) 12:34
hokkaibun,北海道ニュースUHB,「息子に酒瓶で殴られた」正月早々実家で親に暴力…28歳息子逮捕　父親は酒瓶が割れるほど頭を殴られ”流血”　酒を飲み団らん中に… 北海道・旭川市,https://news.yahoo.co.jp/articles/a7a3ed9b8416d6609a8cae0e65e4b16362d093de,1/2(火) 11:36
hokkaibun,北海道ニュースUHB,北海道に発表されていた津波注意報は全て解除　これまでに被害けが人なし　瀬棚港で60センチ、奥尻港・岩内港で50センチの津波観測【令和6年能登半島地震】,https://news.yahoo.co.jp/articles/ae4ffd0c3c9c04d56980e6bf3286c808ab9289a0,1/2(火) 10:10
hokkaibun,北海道ニュースUHB,元日に泥酔し自宅で大暴れ 娘に包丁突きつけ“殺すぞ”…50歳会社員 現行犯逮捕―「家事や食事の準備めぐり口論に」,https://news.yahoo.co.jp/articles/128ddbbe6e9bb8efbba8d02e1b87db02b6c750c6,1/2(火) 5:00
hokkaibun,北海道ニュースUHB,新千歳空港 一部の利用客がロビーの床やソファで迎春―大みそか53便欠航の影響「あまり寝られない」「普段やらない経験 これはこれでよかった」,https://news.yahoo.co.jp/articles/42250dacac8743aa95a2bf51fe5d093fe1bc71f4,1/1(月) 23:12
hokkaibun,北海道ニュースUHB,蝦夷富士と呼ばれる北海道の名山“羊蹄山”で雪崩 オーストリア国籍の男性巻き込まれけが…骨折か ヘリで搬送―「ニューイヤー バックカントリー」6人で登山,https://news.yahoo.co.jp/articles/a975988e0221df8262d09e9e951ac7aeb4c37c55,1/1(月) 23:02
hokkaibun,北海道ニュースUHB,北海道内で「津波注意報」発表 長くて1日程度続く可能性も―瀬棚港で60センチの“津波確認” 石川県で震度7 【令和6年能登半島地震】,https://news.yahoo.co.jp/articles/52a9e40ca8b912b8609f322684311f3df6b93fb2,1/1(月) 22:55
hokkaibun,北海道ニュースUHB,3年ぶりに“行動制限ない正月”―北海道の神社 初詣客で大にぎわい「ホームラン打てるようにお願いした」ファイターズの本拠地のグラウンドにも神社,https://news.yahoo.co.jp/articles/34c6a34fe0ce6911f20ee7874501e6f48c47df26,1/1(月) 22:16
hokkaibun,北海道ニュースUHB,75歳男性 ひとりで“屋根の雪下ろし中”雪とともに3.2mから転落し命綱で宙づり→叫び声聞いた姉 包丁で切断し救助,https://news.yahoo.co.jp/articles/fc93cb17e8d1a1b9e268099d1b458d82b5614bcc,1/1(月) 21:00
hokkaibun,北海道ニュースUHB,北海道に「津波注意報」…岩内町など道内6町で避難所を設置　33人が自主避難,https://news.yahoo.co.jp/articles/06ce4e73021b9cdc6a54c6e6fe4384f0cc5bb014,1/1(月) 20:38
hokkaibun,北海道ニュースUHB,【令和6年能登半島地震】津軽海峡フェリー 函館発大間行きが沖合に待機 乗客73人,https://news.yahoo.co.jp/articles/f04d6a4c273dcff71fee20078e5fcf137564706e,1/1(月) 20:28
hokkaibun,北海道ニュースUHB,北海道に「津波注意報」　札幌管区気象台が会見 「”長くて1日程度”は津波注意報が継続される可能性」【令和6年能登半島地震】,https://news.yahoo.co.jp/articles/e8c3bd714f992ed548a0c542ddd128895769e64a,1/1(月) 19:45
hokkaibun,北海道ニュースUHB,【令和6年能登半島地震】北海道の交通機関の影響　新潟行きの飛行機に欠航も,https://news.yahoo.co.jp/articles/9f6e75a632da1f89cd4f29354d0b85f1e5ed00cb,1/1(月) 19:02
hokkaibun,北海道ニュースUHB,北海道の瀬棚港で60センチの津波観測　奥尻島奥尻港で50センチ、江差、岩内港で30センチなど…海岸や河口には近づかないで！！　北海道に「津波注意報」,https://news.yahoo.co.jp/articles/d82c598ab2d6820649e4c21948f4c4f835d20d99,1/1(月) 18:42
hokkaibun,北海道ニュースUHB,北海道の奥尻島でさらに”50センチ”の津波観測　瀬棚、江差は20センチ　海岸や河口には近づかないで！！　能登地方で震度7　北海道には「津波注意報」,https://news.yahoo.co.jp/articles/7ad9a9791ecc67b9cc483e8393ea0664b0745452,1/1(月) 18:22
hokkaibun,北海道ニュースUHB,【北海道に津波注意報】鹿部町などで避難所を開設　函館市でも自主避難者,https://news.yahoo.co.jp/articles/ca5f1e90b4847c3cb93d70fec861de16c781a864,1/1(月) 18:14
hokkaibun,北海道ニュースUHB,能登地方”最大震度7” 北海道各地の津波到達予想時刻 一覧,https://news.yahoo.co.jp/articles/d348f0fb49a8721997ff15d9ad33e8ea38fb26f5,1/1(月) 17:58
hokkaibun,北海道ニュースUHB,北海道の奥尻島で”10センチ”の津波観測　海岸や河口には近づかないで！　能登地方で最大震度7の地震　北海道には「津波注意報」,https://news.yahoo.co.jp/articles/6350c68ff5bbc83a7ab2c5417f34a291320d383f,1/1(月) 17:44
hokkaibun,北海道ニュースUHB,能登地方で”最大震度7”の地震　北海道の沿岸にも「津波注意報」,https://news.yahoo.co.jp/articles/b83bbecfe59a70267665b0b00b48d31d463ef182,1/1(月) 17:35
hokkaibun,北海道ニュースUHB,【北海道の年始交通情報】道央道“渋滞ピーク”2日午後1時ごろ…北広島IC出口先頭上下線とも約2キロ見込む 札幌市営地下鉄―『元日』終電時刻繰り下げず,https://news.yahoo.co.jp/articles/76cccea9fcbab4042de7de1468a7c2bf6ce5af57,2023/12/31(日) 18:45
hokkaibun,北海道ニュースUHB,「来年は健康でみんなが笑顔で…そんな世の中になってくれたら」北海道神宮で1年の厄をはらう“大祓”―清らかな気持ちで新年を迎えるために,https://news.yahoo.co.jp/articles/c973ed514cfb8e260534649e4b8c4d2a5f7ad7f4,2023/12/31(日) 18:45
hokkaibun,北海道ニュースUHB,ビジネスホテルのカギ“どちらが持つか”―カップルがケンカ 大みそかの未明…札幌の繁華街ススキノで傷害事件に 女性の顔面殴りケガ負わせた38歳の男逮捕,https://news.yahoo.co.jp/articles/72769614149e59f8e0bf3993cbdfc02a2f1b8beb,2023/12/31(日) 14:19
hokkaibun,北海道ニュースUHB,大みそかの早朝に“ひったくり” 背後から近づき…現金約2万円入った女性の手提げバック奪い『逃走』 警察が窃盗事件として男の行方を追う 北海道函館市,https://news.yahoo.co.jp/articles/ef49458b19e2225eef8fe95e3a8f63c077fa5c9a,2023/12/31(日) 13:44
hokkaibun,北海道ニュースUHB,“大みそか”暴行で逮捕 泥酔の自称WEBマーケターの男 「記憶がないので全く覚えていない」―他人の車乗り込もうとして110番通報…阻止しようと平手打ち,https://news.yahoo.co.jp/articles/90a86ddc6cbdfa74997cebb98c0590d8c472c2d9,2023/12/31(日) 13:25
hokkaibun,北海道ニュースUHB,【大みそかの札幌】場外市場“正月食材”求めにぎわう 「毎年市場で毛ガニを買う」「少し値引きをしてくれた」―北海道内産のカニ・マグロ・数の子,https://news.yahoo.co.jp/articles/766249c178cb6d351197e66512fd58ca3d6dbd79,2023/12/31(日) 12:24
hokkaibun,北海道ニュースUHB,“年の瀬に脅迫”―元妻に「みんな道連れだ。皆殺しだ、本気で」スマートフォンで殺害予告…会社員の47歳男を逮捕 約9時間の間に複数回送信 北海道釧路市,https://news.yahoo.co.jp/articles/22f6456f7ab565f24ca36c5855047d65fa6fbe85,2023/12/31(日) 11:32
hokkaibun,北海道ニュースUHB,“年の瀬に万引き”―「友達にあげるために盗んだ」容疑認める35歳の男 警察官駆け付けると犯行→ビルに逃げ込む→逮捕 ドラッグストアでヘアオイル4個盗む,https://news.yahoo.co.jp/articles/9045ccdbe7cd598088ccafbb0852f70eb4fbf2c5,2023/12/31(日) 11:32
hokkaibun,北海道ニュースUHB,「金を使うのがもったいない…」“年の瀬”にそば・切り餅・エビとマグロの刺身など9点  スーパーで約1万円万引の69歳男を逮捕…当時の所持金3万円,https://news.yahoo.co.jp/articles/e713791e3a47ed213b1388b376425f4af26dc120,2023/12/31(日) 8:03
hokkaibun,北海道ニュースUHB,名前や見た目が”めでたい”魚を特別展示 20センチ超の『タツノオトシゴ』も！ 新さっぽろサンピアザ水族館で1月21日まで開催,https://news.yahoo.co.jp/articles/e5c68764ef42408c1120e367e74a6a4a60d12fdc,2023/12/30(土) 17:06
hokkaibun,北海道ニュースUHB,「生活が苦しいから支援は助かる」生活困窮者やひとり親世帯を対象に食料品やおむつなど無償配布 ”さっぽろ年越し支援村”  270人以上が訪れる,https://news.yahoo.co.jp/articles/ed5ed30e14095f86d98a6c88f81aaf0d0119f1a3,2023/12/30(土) 13:36
hokkaibun,北海道ニュースUHB,ティッシュに火をつけ放火未遂...自宅に灯油をばらまく 57歳男を逮捕  元妻とみられる女性と何らかのトラブルか 「間違いありません」容疑認める,https://news.yahoo.co.jp/articles/294c5a89d3e3fd022bc4fdb6d67581e5295f9f8f,2023/12/30(土) 13:30
hokkaibun,北海道ニュースUHB,札幌市の中心部 地下歩道で道行く女性に肩から数回体当たり…61歳の男 現行犯逮捕―被害者は数人 酒を飲み容疑否認「1回だけだ えん罪だ」,https://news.yahoo.co.jp/articles/affdba1e2176075cafed51469d0e2d2fc503d3c3,2023/12/30(土) 5:06
hokkaibun,北海道ニュースUHB,自分で使うためか…年末の昼下がりにドラッグストアで成人用紙オムツ“万引” 48歳無職の女 現行犯逮捕―7点4214円相当をリュックサックに詰め店外へ,https://news.yahoo.co.jp/articles/6e395d8cec092e8218f3ce8730ef992a17366129,2023/12/30(土) 5:06
hokkaibun,北海道ニュースUHB,20代の彼女に“根性焼き”…頬をはじめ首や手の甲にタバコの火を押し当てる 20歳飲食店従業員の男逮捕―動機語らず「理由はいまは話せない」,https://news.yahoo.co.jp/articles/e405ba643577ebf9d722a7c95262133d1111793f,2023/12/30(土) 5:00
hokkaibun,北海道ニュースUHB,アイスホッケー“北海道ワイルズ” 来季のアジアリーグ加盟を辞退―申請期限ぎりぎりの発表「未来に向かって前進するための判断」,https://news.yahoo.co.jp/articles/3c12ecef8090f1687990e9063edbb36bf9ad0c87,2023/12/29(金) 21:06
hokkaibun,北海道ニュースUHB,ファイターズの本拠地「エスコンフィールド」 グラウンドに“神社”―黄金色のVICTORYしゃけまるや万波選手のゴールデングラブも,https://news.yahoo.co.jp/articles/4f2458eeeb93995d66dfe279df4dafecbbeb109a,2023/12/29(金) 21:06
hokkaibun,北海道ニュースUHB,「コロナもあり帰省は5年以上ぶりかも」5類移行後 初の年末年始―“北海道新幹線”下りのピーク キャリーバッグ手にした客次々と,https://news.yahoo.co.jp/articles/ce6bd85a9e76238ddfd2f21bd7cf358441cbaf13,2023/12/29(金) 21:06
hokkaibun,北海道ニュースUHB,年末の“屋根の雪下ろし”終えた直後に転落 80代男性けが…高さ約2.5m はしごで足滑らせる 積雪92センチ―平年の倍近い北海道深川市の住宅で,https://news.yahoo.co.jp/articles/e317c3f47c2602ff16c366a515d8423a08ed9ff2,2023/12/29(金) 21:00
hokkaibun,北海道ニュースUHB,危機一髪  “屋根から落雪” 62歳女性が生き埋め… 全身が埋まるも「妻がいない」と夫が通報し消防が救助 低体温症で命に別条なし,https://news.yahoo.co.jp/articles/eb8fb5347728f27e7a66fcd61681fc34030adcc7,2023/12/29(金) 16:26
hokkaibun,北海道ニュースUHB,年の瀬の深夜… タクシーの防護板を蹴って破壊「行き先に着かなかったので腹が立った…」 58歳の男逮捕 酒飲んで乗車か,https://news.yahoo.co.jp/articles/61ffc91f59335d7a411651dd8d2407ac0da97256,2023/12/29(金) 15:42
hokkaibun,北海道ニュースUHB,年末の夜に…「知らない男に殴られた！」と110番 警察が現場にいた男に話聞くと男がペットボトルを通行人に投げつける 逮捕するも容疑否認,https://news.yahoo.co.jp/articles/753dffc64807d30070a728cbfbc6728d45e10926,2023/12/29(金) 14:40
hokkaibun,北海道ニュースUHB,ことしもあと3日―札幌市の中央卸売市場で“セリ納め” 市場関係者が振り返る「全国的な猛暑で生産量が減少した1年」,https://news.yahoo.co.jp/articles/c6bb02213874c263bee56e8ec6a4dad1b837ceed,2023/12/29(金) 13:18
hokkaibun,北海道ニュースUHB,新型コロナの5類移行後 初の“帰省ラッシュ”―JR北海道「日本人より外国人観光客の割合多い」新幹線と在来線 指定席の予約は前年比13％増,https://news.yahoo.co.jp/articles/21ca002d388c8e9411fa445020bc59a28577a0d5,2023/12/29(金) 13:01
hokkaibun,北海道ニュースUHB,年末の朝にアパートの内部全焼 “3人が死亡”…木造2階建ての1階一室から遺体 いっしょに暮らす60代夫婦と30代息子か,https://news.yahoo.co.jp/articles/f528d0a5dbd74dec4adb9e142ed1023b4b8f09dc,2023/12/29(金) 12:39
hokkaibun,北海道ニュースUHB,「年の瀬の早朝」焼け跡から2人の遺体発見されたアパート火災 もう1人見つかり“死者3人”に…同居の60代夫婦と30代息子か 木造2階建ての1階一室で,https://news.yahoo.co.jp/articles/0f31432447b7c0ff4c30dad240b6cfa2f5bafc21,2023/12/29(金) 11:03
hokkaibun,北海道ニュースUHB,【速報】2階建て共同住宅で火事...火元とみられる1階の部屋から男女2人の遺体を発見  火は約2時間後に鎮火 北海道伊達市,https://news.yahoo.co.jp/articles/f1eebd454c321f1477fd95ce0c6a362eb765e5f6,2023/12/29(金) 9:22
hokkaibun,北海道ニュースUHB,白昼の住宅街で...マンションの部屋の窓を突き破って”約1.5メートルのオスジカ”が侵入 住人は不在でケガ人無し 札幌市中央区,https://news.yahoo.co.jp/articles/cb0247c09335124a02b17f6f377f805f1b26d02d,2023/12/29(金) 6:56
hokkaibun,北海道ニュースUHB,“アクセルとブレーキの踏み間違い”年の瀬でも…乗用車 靴専門店に突っ込みガラス割る―けが人なし 孫を助手席に乗せた60代女性が運転「駐車しようとして」,https://news.yahoo.co.jp/articles/7cad4c217bda765fa71e8263a14c5fb6f9fd217b,2023/12/29(金) 5:00
hokkaibun,北海道ニュースUHB,各官庁で仕事納め 札幌市の秋元市長が1年振り返り“オリパラ招致停止”にも言及「まちづくりの方向性 変わるものではない」,https://news.yahoo.co.jp/articles/a3fd818f6767f0b48b5535a48c1a8582b0e48ce9,2023/12/28(木) 20:23
hokkaibun,北海道ニュースUHB,“年末の帰省ラッシュ” JR北海道 事故で運休次々と…特急すずらん 踏切で乗用車と衝突「路面凍結 車がスリップして止まれず」,https://news.yahoo.co.jp/articles/3d6983398411c0d2f7e1010783b99dfa9ea4152e,2023/12/28(木) 20:14
hokkaibun,北海道ニュースUHB,乗客乗員57人乗せた路線バス×乗用車 衝突…外国人の子ども含む“9人ケガ”―「パッチワークの丘」「青い池」で知られる北海道美瑛町,https://news.yahoo.co.jp/articles/83236f0978db4fc0fb92497bf13205d4ad253144,2023/12/28(木) 18:45
hokkaibun,北海道ニュースUHB,野生のシカ “マンション1階の部屋”へ窓ガラス割り一時侵入…帰宅した住人と鉢合わせしパニック？「体長1.5mのツノあるオス」―札幌市の住宅街 騒然,https://news.yahoo.co.jp/articles/dd121efe03c99bd51435a6872da99407052a4795,2023/12/28(木) 18:11
hokkaibun,北海道ニュースUHB,トレーラー 道路の舗装維持工事現場に突っ込み“7人死傷” 身元不明だった死亡した2人目は47歳の警備員と身元判明―運転手の前方不注意か,https://news.yahoo.co.jp/articles/1d7bcda0ea5a992e014cc356b7c3e27e1d4d6ad6,2023/12/28(木) 17:11
hokkaibun,北海道ニュースUHB,“雪下ろし作業中”約3.7m 物置の屋根から転落…90歳男性 病院に搬送―見守っていた息子が救助 後頭部出血するが意識あり「ヘルメットなく命綱もなし」,https://news.yahoo.co.jp/articles/62b5faeac11dc4600ccbd116375dec746159c273,2023/12/28(木) 17:06
hokkaibun,北海道ニュースUHB,JR千歳駅前→札幌ススキノへ “タクシー料金”1万1480円分無賃乗車した岐阜県の男逮捕―所持金115円「電子マネーで払うつもりが残高ほぼなかった」,https://news.yahoo.co.jp/articles/586bcdeef0b79724d7bc6c56d6f48909276b0661,2023/12/28(木) 17:00
hokkaibun,北海道ニュースUHB,「10年間で40兆円の投資目標」札幌市が“GX”推進 特区申請を検討へ―脱炭素化社会の実現 国際金融センター機能を誘致,https://news.yahoo.co.jp/articles/a2e814b61149038cb85ea80a97ecafba8703839f,2023/12/28(木) 13:09
hokkaibun,北海道ニュースUHB,「パウダースノー楽しみ」「カニ食べさせたい」観光客や帰省客 年末のラッシュで“北海道の玄関口”新千歳空港は大混雑―道内便予約数 去年上回る,https://news.yahoo.co.jp/articles/f2d047c4dd090a2cfd10b94cb47975eb2a2b94e1,2023/12/28(木) 12:58
hokkaibun,北海道ニュースUHB,「居間から火が見える」近隣住民から通報…住宅火災で“2人死傷” 性別不明の遺体を発見―60代くらいの男性が煙吸い病院へ 北海道帯広市,https://news.yahoo.co.jp/articles/a69022138a53d3e64e1f108ce9e73ea65aacb632,2023/12/28(木) 12:51
hokkaibun,北海道ニュースUHB,【速報】“年末の帰省ラッシュ”のまっただ中 JR北海道 事故で運休次々と…5両編成の特急すずらんと車が踏切で衝突「ケガをした人の情報は入っていない」,https://news.yahoo.co.jp/articles/9c7a6a1d7bbc6a3b69f14847d342ccb36f79eace,2023/12/28(木) 11:14
hokkaibun,北海道ニュースUHB,【速報】帯広市の住宅で火事”性別不明の遺体”見つかる...高齢男性も病院搬送 父親と息子の2人居住も息子と連絡つかず,https://news.yahoo.co.jp/articles/62abd9b63c17a2971a2e8e23cb1b6d8b2d46717c,2023/12/28(木) 9:34
hokkaibun,北海道ニュースUHB,「むしゃくしゃしていた」ドラッグストアで乳酸菌飲料8本入り1パックを万引き...45歳無職の女を逮捕 余罪も捜査 札幌市,https://news.yahoo.co.jp/articles/2fb86dfed188f5fbb7e3466b50e5bf43d3f251eb,2023/12/28(木) 7:29
hokkaibun,北海道ニュースUHB,「窓から火のようなものが見える」3階建て住宅で火事 1階から1人の遺体を発見...住人の高齢男性と連絡つかず身元の確認急ぐ 札幌市南区,https://news.yahoo.co.jp/articles/d8a2a7f83c1a05b781495c30729002fb7d9537d7,2023/12/28(木) 6:57
hokkaibun,北海道ニュースUHB,コンビニのトイレでスライド扉を”破壊”　「思い切り強い力でノックしたらへこんだ」近所に住む45歳男を逮捕…「後ろを通り過ぎた男に睨まれて腹立った」,https://news.yahoo.co.jp/articles/104a3f0586b4069bc93d3986e2c601feb41e0f5d,2023/12/27(水) 21:00
hokkaibun,北海道ニュースUHB,北海道で”タイヤ脱落”相次ぐ　小樽市と登別市で新たに2件　うち１台はトンネル内で動けなくなる…どちらも「左前輪」が外れる　ケガ人なし　脱落前に異音も,https://news.yahoo.co.jp/articles/9af8b75aa81097171de7b8747bc1fa00bff3b563,2023/12/27(水) 20:30
hokkaibun,北海道ニュースUHB,"函館の海岸に流れ着いた大量のイワシ 12月27日までに重機による作業を完了 浜に打ち上がったイワシはほぼ回収 手作業と重機で合計""約537トン""",https://news.yahoo.co.jp/articles/bb7bc876f3da55a7c35817185e21a6287c207eb0,2023/12/27(水) 19:56
hokkaibun,北海道ニュースUHB,"障害者施設の男性職員が女性入所者に”わいせつ行為” 夜勤の際の犯行か…職員はすでに退職…むかわ町は""性的虐待""と認定 業務改善を求める",https://news.yahoo.co.jp/articles/0ee7f4821069cc31436933f722ec60d479619c9f,2023/12/27(水) 19:48
hokkaibun,北海道ニュースUHB,北海道神宮で“鏡餅づくり” …用意されたもち米約25キロを餅つき 巫女たちが成形…本殿や神棚に供えられる,https://news.yahoo.co.jp/articles/6924ceaf803d34e7bf5bad053e07681bd8ad6486,2023/12/27(水) 19:40
hokkaibun,北海道ニュースUHB,土手から転落した軽乗用車を発見…さらに30メートルほど離れた場所に倒れ死亡している高齢男性も発見…運転中に路外逸脱し事故後に歩いた可能性 北海道恵庭市,https://news.yahoo.co.jp/articles/f397ee476ed666e2052e246c577ed506f374fced,2023/12/27(水) 19:30
hokkaibun,北海道ニュースUHB,"知人の家の屋根の”雪下ろし""をするため梯子を上っていたところ転落 47歳男性が背中と腰を強打し病院に搬送 北海道旭川市",https://news.yahoo.co.jp/articles/16d5b20d71381411915bc1d2ff7ed6225ddf086b,2023/12/27(水) 16:37
hokkaibun,北海道ニュースUHB,病院や薬局などが入るビルで火事…1階入口付近に倒れていた40代男性がヤケドで病院搬送…自らに火をつけたか？　放火未遂容疑も視野に調べる　北海道旭川市,https://news.yahoo.co.jp/articles/9cb53cce98c9974b1cade2d7afd83d13221c79c6,2023/12/27(水) 13:56
hokkaibun,北海道ニュースUHB,路面は”アイスバーン” 高速道路で乗用車3台絡む事故…ケガ人なし 道央自動車道の北広島→恵庭IC 上り線が一時通行止め 運転注意,https://news.yahoo.co.jp/articles/5fd0b7c6f97ed47d257f8ad5d6f75c9148b2e85b,2023/12/27(水) 12:44
hokkaibun,北海道ニュースUHB,“ダイハツ不正”北海道にも影響…販売店の新年恒例 初売りイベントが中止に…4月の「軽自動車フェア」にも影響か,https://news.yahoo.co.jp/articles/00972afe6a96e5b0488c47ee11584e53fc55d38d,2023/12/27(水) 12:44
hokkaibun,北海道ニュースUHB,記録的ドカ雪で運休していた北海道留萌市の“路線バス”10日ぶりにようやく再開…午後にはまた大荒れか…札幌も今季一番 24時間で21センチの雪,https://news.yahoo.co.jp/articles/e80ef7c472d37f4ecd2c7716fb83d975f5d91f74,2023/12/27(水) 12:23
hokkaibun,北海道ニュースUHB,【速報】道央自動車道で車3台絡む事故…車同士衝突　避けようとした車が道路脇に突っ込む　ケガ人なし　北広島→恵庭IC間の上り線が一時通行止 北海道,https://news.yahoo.co.jp/articles/b706d573a7dc1728ea27547d6f55edbe1173c34c,2023/12/27(水) 11:06
hokkaibun,北海道ニュースUHB,スナック店経営女性の遺体を山林に遺棄…年内の捜索終了 逮捕された知人の男「車で遺体を運んだ」殺害もほのめかす―来年の捜索未定 北海道足寄町,https://news.yahoo.co.jp/articles/11b2e67968b74b02fd6833efc5bc03f15de690f8,2023/12/27(水) 7:13
hokkaibun,北海道ニュースUHB,【札幌市いじめ自殺問題】生徒遺族“報告書”黒塗り不信感 市長が開示検討指示―「慎重にしすぎた…遺族に寄り添う」対応不備で教育長謝罪 学校長集め緊急集会,https://news.yahoo.co.jp/articles/02879fad4d518cf59e04f9a7f6af173d3e0f7e3c,2023/12/27(水) 7:04
hokkaibun,北海道ニュースUHB,ガレージの”雪下ろし”中 高さ2.3メートルの屋根から落下 47歳男性が骨盤骨折の重傷…1人で作業 屋根からはみ出た雪を踏みぬいたか 北海道月形町,https://news.yahoo.co.jp/articles/6dc9da4faf7e4fc9227fe0e27d194c35ae720a07,2023/12/27(水) 6:00
hokkaibun,北海道ニュースUHB,【単独インタビュー】選挙・コロナ・ラピダス…印象深い出来事は？鈴木直道知事 2023年振り返り＆2024年の課題語る,https://news.yahoo.co.jp/articles/c9366ed5bcdf1d5604e87f04bfecfd77ab89e532,2023/12/26(火) 21:00
hokkaibun,北海道ニュースUHB,クリスマスに”現金300万円入り金庫”泥棒…住人の外出中に住宅の窓ガラスを割って侵入か 複数人による犯行の可能性も…窃盗容疑で捜査 北海道長沼町,https://news.yahoo.co.jp/articles/2600789ddce851f8bcd296fbf203ceca1cc9a833,2023/12/26(火) 20:45
hokkaibun,北海道ニュースUHB,「交差点の真ん中で動かない車がある」警察官が現場に駆け付けると車内で眠り込む”酔っ払い”21歳男発見 1時間近く寝ていたか…基準値超えアルコール検出で即逮捕,https://news.yahoo.co.jp/articles/c2321bef56ca55c8de81fd97c08b54248add2fc7,2023/12/26(火) 20:01
hokkaibun,北海道ニュースUHB,札幌市円山動物園の新施設「オランウータンとボルネオの森」2024年春オープン予定 スコールが降るなか傘をさして見学するジャングル体験も検討中,https://news.yahoo.co.jp/articles/a0e2dfa02240a09ca348fb9e2fe6b5fc32c69dd1,2023/12/26(火) 19:45
hokkaibun,北海道ニュースUHB,"「運転席を下にして横転している」大型タンクローリーが""横転"" 女性ドライバーが一時閉じ込め…50分後に救助され搬送…左カーブで横転か 帯広広尾自動車道",https://news.yahoo.co.jp/articles/1bb78e86f55919713749f4d5b4d332a165dfc865,2023/12/26(火) 18:31
hokkaibun,北海道ニュースUHB,飲酒運転の呼気検査を”拒否”  自称・配送業の43歳男を逮捕…「どうせ出るから吹かない」 職務質問中も酒の臭いプンプン…強制採血で確認へ,https://news.yahoo.co.jp/articles/369731b6df8e30659329471459e7fe12589ab141,2023/12/26(火) 13:52
hokkaibun,北海道ニュースUHB,年末年始の贈答用 特産“たらこ”生産ピーク 調味液に一晩漬け込み1週間熟成 1日200キロほど生産,https://news.yahoo.co.jp/articles/4e303521ae08e993520f5374b620ca6f163ee503,2023/12/26(火) 12:31
hokkaibun,北海道ニュースUHB,"心清らかに新年へ 北海道神宮 恒例の“すす払い""本殿や神門にたまった1年のほこりを落としはらい清めるため",https://news.yahoo.co.jp/articles/66084bd99bf5bee234e2e0793791b6998d723599,2023/12/26(火) 12:16
hokkaibun,北海道ニュースUHB,年末年始を前に“フードバンク” 物価高などの影響を受け生活が苦しい人などに食糧品を無償提供 札幌で午後から配布,https://news.yahoo.co.jp/articles/51bba5488d3b7a3a477d0a829f32e7a860c94869,2023/12/26(火) 12:05
hokkaibun,北海道ニュースUHB,【速報】帯広広尾自動車道で大型タンクローリー”横転”女性運転手が一時閉じ込め…病院搬送　「左カーブ」で横転したか,https://news.yahoo.co.jp/articles/2859817bfd86069ff7917e04da449c643339bbc3,2023/12/26(火) 11:59
hokkaibun,北海道ニュースUHB,「“クリスマス”なので泥棒が多いから包丁を持っていた」逮捕の男 銃刀法違反容疑一部否認―警察官の前で放り投げた…左右ポケットから取り出した文化包丁2本,https://news.yahoo.co.jp/articles/b8bd57ae4497bfaa72c0e44c5d2d25548299a9c7,2023/12/26(火) 7:18
hokkaibun,北海道ニュースUHB,「国や自治体が育てるべき」“ふるさと納税”全国4位の北海道白糠町が目指す“子育て応援日本一の町” 18歳まで医療費＆保育料＆給食費＆公営塾も無料,https://news.yahoo.co.jp/articles/627df5a70e51f2d20e96d6d481727f62be7ba48c,2023/12/25(月) 21:00
hokkaibun,北海道ニュースUHB,卵＆ガソリン＆電気料金…生活に次々と降りかかった「値上げの波」1年でいくら負担増？2024年は“2月に収束見通し”も,https://news.yahoo.co.jp/articles/6d59602e3de31916668d96e6e138627cb2127595,2023/12/25(月) 20:40
hokkaibun,北海道ニュースUHB,新型コロナ“5類移行”後 初めての年末年始…過ごし方に変化も 自粛していた「帰省」を解禁 福袋も楽しみ,https://news.yahoo.co.jp/articles/88a4080fba6f5b5e0eb9025c4185ece7fa797ff9,2023/12/25(月) 20:30
hokkaibun,北海道ニュースUHB,冬季五輪招致が停止となる中…コンサ・レバンガ・札幌ドームが連携 札幌ドーム周辺の活性化やスポーツ交流拠点の形成を目指す,https://news.yahoo.co.jp/articles/5c71969500f2da0cbabe32847dd2327feb4943bb,2023/12/25(月) 20:20
hokkaibun,北海道ニュースUHB,札幌市の幼稚園にサンタクロースがやってきた！ 正体はウクライナ出身の演奏家 演奏に合わせ園児たちが合唱 「子供たちが安全に暮らせる世界を願う」,https://news.yahoo.co.jp/articles/a0f55c8d23e58f1454ccb345e8135983a44dcb7a,2023/12/25(月) 19:55
hokkaibun,北海道ニュースUHB,大谷翔平選手のグローブが北海道の小学校に到着！ 生徒たちが早速キャッチボール「野球をやってみたい気持ちが出てきた」「大谷選手の考えが伝わってきた」,https://news.yahoo.co.jp/articles/d50a5a4975c717e0ec012cfaf7197506d1e43418,2023/12/25(月) 19:30
hokkaibun,北海道ニュースUHB,外国人観光客の女性が運転するスノーモービルが”暴走”…並走していたインストラクターが身をていして車体接触させ停止させる…足首骨折の大ケガ　客にケガなし,https://news.yahoo.co.jp/articles/11e80e6f140e0934150c260b250c6bcbdbeb8d9d,2023/12/25(月) 17:04
hokkaibun,北海道ニュースUHB,"テスト99点でも怒られ土下座…虐待サバイバー 大人になっても""癒えない傷""「子どものサインに気づいて」訴える",https://news.yahoo.co.jp/articles/01fa9ab60649949a2c1a001b44bddeceef71eb18,2023/12/25(月) 17:01
hokkaibun,北海道ニュースUHB,「お姉ちゃん 車乗っていかないかい？」「殺すぞ！」 小学生につきまとう ”不審者” の出没相次ぐ 北海道・旭川市,https://news.yahoo.co.jp/articles/0643a8881e7aefe576bfc6ff43bcb6479834daac,2023/12/25(月) 15:12
hokkaibun,北海道ニュースUHB,いよいよ冬休み「雪だるまをつくり雪合戦したり楽しみ」 札幌の小中学校“で終業式”―3学期スタートは小学校1月22日 中学生15日,https://news.yahoo.co.jp/articles/5439b625db7a948abbee785ebe6fe969a363eb6f,2023/12/25(月) 12:34
hokkaibun,北海道ニュースUHB,牛の人工授精所が火事 「牛舎が燃えている」と従業員が119番通報 牛舎焼けて牛5頭が死ぬ 北海道帯広市,https://news.yahoo.co.jp/articles/d44505653c413bb04150c233855bf76db996d9a9,2023/12/25(月) 12:21
hokkaibun,北海道ニュースUHB,“野球しようぜ”の手紙入り 大谷選手が寄贈した“グローブ” 北海道に到着―児童が早速キャッチボール「野球をやってほしいという考えがずっしりとくる」,https://news.yahoo.co.jp/articles/14ac2fecee5f38c95d01e5d7b337e30c535b998b,2023/12/25(月) 12:10
hokkaibun,北海道ニュースUHB,「どこの国のどの子にも平和なクリスマスを」札幌で停戦を訴えるデモ行進 ガザ地区の死者 2万人超える,https://news.yahoo.co.jp/articles/efe4efc63b9b4dde7a4f2406a9b6d3ae0d2188a1,2023/12/24(日) 18:24
hokkaibun,北海道ニュースUHB,"”ぺったん、ぺったん” 4年ぶり 北海道開拓の村で""餅つき""イベント 参加者の約8割が初めての体験 札幌・厚別区",https://news.yahoo.co.jp/articles/8f6c511e693562fc1a33bb65b38da6b17186ebab,2023/12/24(日) 18:12
hokkaibun,北海道ニュースUHB,"クリスマスイブ 札幌の""ミュンヘン市""は大勢の市民・観光客でにぎわう ホワイトイルミネーションとともにまもなく閉幕",https://news.yahoo.co.jp/articles/d28a6dadb233b81909bfb398fc842abaa74aa172,2023/12/24(日) 18:12
hokkaibun,北海道ニュースUHB,用水路に転落 意識不明で病院搬送 転落したのは25歳男性か 警察が転落した経緯調べる 北海道旭川市,https://news.yahoo.co.jp/articles/dab0e38b64126551ed855d0242cd2d79ebec5375,2023/12/24(日) 18:05
hokkaibun,北海道ニュースUHB,「ビール中ジョッキ３杯、ハイボール７杯くらい飲んだ」当て逃げ事故の捜査中 破損した車を運転の男を酒気帯びで現行犯逮捕 前日夜から飲酒,https://news.yahoo.co.jp/articles/29af6a411fe01ead36c59b600e6ffdfbd91e5b3d,2023/12/24(日) 13:21
hokkaibun,北海道ニュースUHB,クリスマスイブ「雰囲気良くて最高ですね」札幌・大通公園の“ミュンヘン・クリスマス市” 大勢の人でにぎわう,https://news.yahoo.co.jp/articles/b41e0ec38d8016ed2410f640d37e8d691a97b69a,2023/12/24(日) 13:05
hokkaibun,北海道ニュースUHB,「雪の中で餅つき、うれしいです」北海道開拓の村で4年ぶりに餅つき体験イベント 札幌・厚別区,https://news.yahoo.co.jp/articles/f6bb51f3f6150eb59deeff3a7b32ebce5e970445,2023/12/24(日) 12:49
hokkaibun,北海道ニュースUHB,”地球沸騰化”を実感した北海道の1年 真夏日の連続記録を更新 野菜や酪農に打撃 雪虫の大量発生に遅い初雪… そして冬の嵐,https://news.yahoo.co.jp/articles/8c0403c943cb7bd4c5a6a28fec9f4a71901c522d,2023/12/24(日) 11:00
hokkaibun,北海道ニュースUHB,屋根の雪下ろし中に約３メートル下に転落 80代男性ケガ 命綱・ヘルメットなし 北海道旭川市,https://news.yahoo.co.jp/articles/023a5871a687cd4e349e797f7f405e10dda2dea2,2023/12/24(日) 10:23
hokkaibun,北海道ニュースUHB,クリスマス前にチキンカツサンドなど３点万引き「買おうと思ったが、気が変わった」 札幌の無職の男(43)を逮捕,https://news.yahoo.co.jp/articles/0e0692cc74e8b7acd11e2af7d0db8655097c82fa,2023/12/24(日) 10:11
hokkaibun,北海道ニュースUHB,レンタカーで旅行中に”タイヤ脱落” 「やたらと滑る」と違和感を覚え減速中に助手席側の後輪外れる 北海道喜茂別町,https://news.yahoo.co.jp/articles/8370f57bc81fab16bcc1da55f5297f4943d1ab46,2023/12/24(日) 10:03
hokkaibun,北海道ニュースUHB,【続報】工事現場にトレーラー突っ込み”７人死傷”…死亡した１人は50歳男性と判明 逮捕の運転手「重大な事故を起こしてしまった」,https://news.yahoo.co.jp/articles/eb25e4c8c2e24e61ed54e32f902e54e3bbbb53a7,2023/12/24(日) 9:00
hokkaibun,北海道ニュースUHB,”洗車ガン”で同僚トラック運転手の顔を複数回殴打…52歳男逮捕「いちゃもんつけられ、もめ事に」,https://news.yahoo.co.jp/articles/4bdcaaf24962010548595e52bdeafce8696221e8,2023/12/24(日) 9:00
hokkaibun,北海道ニュースUHB,"2歳育てる""オーケストラ奏者ママ"" イヤイヤ期真っ最中は""かっぽう着""で乗り切る 火＆包丁いらずの時短レシピ 子育ては予想外も楽しむ【ママドキュ】",https://news.yahoo.co.jp/articles/1bcf7d5be4532fcba67e731354e97a765cf13977,2023/12/24(日) 8:00
hokkaibun,北海道ニュースUHB,「ココノススキノ」に「モユクサッポロ」 新施設が続々オープンした2023年…再開発が進んだ札幌の街に変化のうねり,https://news.yahoo.co.jp/articles/0d1ed42f74db354dd2558744b0ef677460937750,2023/12/23(土) 21:00
hokkaibun,北海道ニュースUHB,"びっくりドンキー ハンバーグに""牛の毛""混入で謝罪 検査の徹底に取り組む",https://news.yahoo.co.jp/articles/b1a44fd0fc11f164936d0be2a2c1cdc554cca9a3,2023/12/23(土) 18:28
hokkaibun,北海道ニュースUHB,2歳男児が父親の車にはねられ死亡 道路わきに雪山で死角が多い状況 北海道滝川市,https://news.yahoo.co.jp/articles/4909c7d3164411fad0c7b08af3b49dc41af2ae38,2023/12/23(土) 18:28
hokkaibun,北海道ニュースUHB,"ヨチヨチと歩くペンギンたち 旭山動物園で""ペンギンの散歩""始まる 来園者「可愛かった」北海道旭川市",https://news.yahoo.co.jp/articles/0096e40570a4f19a243d6f447bdb13dad1979f57,2023/12/23(土) 18:28
hokkaibun,北海道ニュースUHB,「戸締まり用心 火の用心」 子どもたちが桑園地区をパトロール 年末年始の火災に注意札幌市中央区,https://news.yahoo.co.jp/articles/48fc81e9234623244522514c12f6a742e2cee616,2023/12/23(土) 18:17
hokkaibun,北海道ニュースUHB,【速報】2歳男児が父親の車にはねられ死亡...自宅から飛び出してはねられたか 道路脇は雪山で死角が多い状況 北海道滝川市,https://news.yahoo.co.jp/articles/d0ce835a84064e9aca3c2d955327888612c42184,2023/12/23(土) 15:49
hokkaibun,北海道ニュースUHB,”物価高や暖房費などの出費”「何でも相談して」...弁護士や司法書士が連携 電話相談会が全国一斉で開催中 23日午後6時まで 札幌市北区,https://news.yahoo.co.jp/articles/96ebd5dd6cce4180b2da38fbca9f92ef118805c4,2023/12/23(土) 14:47
hokkaibun,北海道ニュースUHB,「交差点の真ん中で動かない車がある」”1時間近く”酒に酔って寝ていたか… 21歳男を酒酔い運転で現行犯逮捕 北海道函館市,https://news.yahoo.co.jp/articles/5fdedc7eb3c148ae0406f0a11e2aa01ac65a5c70,2023/12/23(土) 13:42
hokkaibun,北海道ニュースUHB,約60度に傾いた信号機 ”ぽっきり”と今にも折れてしまいそう... 交差点で車同士が衝突しはずみで電柱に衝突 運転手2人が軽傷 札幌市東区,https://news.yahoo.co.jp/articles/4f044750d6ffebd9acf93fd73f041c5d3aebfc13,2023/12/23(土) 12:54
hokkaibun,北海道ニュースUHB,市民も雪かきにうんざり...23日も北海道内各地で大雪 冷え込み厳しく札幌の最低気温は今季一番に... JRは函館線など運休続く,https://news.yahoo.co.jp/articles/67e1eb5b4fdc8e2e0c22e73f4c17e2120f9268b7,2023/12/23(土) 12:54
hokkaibun,北海道ニュースUHB,人気の回転寿司店「根室花まる」冬の旬寿司ベスト3を調査! “お年玉企画＆映画コラボのジャンボメニュー”も,https://news.yahoo.co.jp/articles/fcd2b461d204c7b3d43ec81b345572a2de99caa6,2023/12/23(土) 11:00
hokkaibun,北海道ニュースUHB,明治製品”5年分” 約2000個のお菓子をプレゼント！『北海道 ｍｅｉｊｉ カップ』優勝の鈴木愛選手が北広島市の児童養護施設に 子どもたちも大喜び,https://news.yahoo.co.jp/articles/c3d89f2404433241f7aba2c434050d3892562a8b,2023/12/23(土) 8:19
hokkaibun,北海道ニュースUHB,「OSO18」「アーバンベア」相次いだ“クマ被害” 人里での目撃数増加はドングリなど「エサ不足」が原因…深刻化するクマ脅威に“オープンデータ”で対策も,https://news.yahoo.co.jp/articles/4c4751672f4d8720fcdf7e7a925c18a3b9728ba6,2023/12/23(土) 8:00
hokkaibun,北海道ニュースUHB,「技術がなくなるのは全人類の損」“老舗のうどん”次の世代へ…廃業の危機を乗り越え若手へバトンつなぐ挑戦 北海道東川町,https://news.yahoo.co.jp/articles/873058eb3be2d77d9d760276e2935e5ee7c973fc,2023/12/23(土) 7:00
hokkaibun,北海道ニュースUHB,商業施設の敷地でぶつかり“因縁” 見ず知らずの40代女性の顔殴りケガさせる…29歳の女 現行犯逮捕,https://news.yahoo.co.jp/articles/cd5938eab4a853d5c5e2afda8a831def36941f28,2023/12/23(土) 5:00
hokkaibun,北海道ニュースUHB,地域の子どたちに食事を無料提供 テレビ局で「こども食堂」―漁業の課題解決目指す団体も協力 “魚介パエリア”に舌鼓 親子30人食卓囲む,https://news.yahoo.co.jp/articles/c5f7fd9cafcc59f244bf638cdd394f65928b1329,2023/12/22(金) 22:09
hokkaibun,北海道ニュースUHB,"標茶町出身の21歳 新人潜水士 初訓練 ""水温５℃の海""で10キロの重りを抱えて泳いだりロープを登ったり…「釧路の海を守れる潜水士に」",https://news.yahoo.co.jp/articles/46f31defd508e1631afb9a3f2226362f74780f67,2023/12/22(金) 21:25
hokkaibun,北海道ニュースUHB,2人死亡など計7人死傷 …乾いた路面の高規格道路で多重事故 工事作業中でとまっていたトラック2台にトレーラーが後ろから突っ込む  北海道千歳市,https://news.yahoo.co.jp/articles/7da3ceed4818837c4ff9caa543124bd9e1b5ec41,2023/12/22(金) 21:25
hokkaibun,北海道ニュースUHB,備えあれば憂いなし！揃えておきたい除雪グッズ 楽な体制で雪かきできるグッズや雪から脱出する道具も 大雪で困る前に用意を,https://news.yahoo.co.jp/articles/5d4b4da0801361f467b578d3aa8b76f7bed4f5a8,2023/12/22(金) 21:06
hokkaibun,北海道ニュースUHB,いじめで自殺した中1女子生徒の両親が手記公開「加害者に対し怒りが止まらない」「教員の資質としてどうなのか」...教師や札幌市教委に強い憤りも,https://news.yahoo.co.jp/articles/93bd4441a01d74fb5b128d9a2d9830c0dbb1d636,2023/12/22(金) 21:06
hokkaibun,北海道ニュースUHB,「大丈夫だろう」飲酒運転で人生一変し後悔…忘・新年会シーズン“12～1月は事故最多” ビール3杯で豹変の体験も,https://news.yahoo.co.jp/articles/2e68dda135dd59c6c18785b737eb7199c8a9608e,2023/12/22(金) 21:06
hokkaibun,北海道ニュースUHB,「雪の中をかき分けて進む感覚」「一夜でこれだけ…」岩見沢市でドカ雪 渋滞や臨時休業、学校はそのまま冬休みに… 生活に影響,https://news.yahoo.co.jp/articles/804dc7965e1d4617424c3c60617e4d248bff0ea6,2023/12/22(金) 21:06
hokkaibun,北海道ニュースUHB,"千歳市の住宅地に輝く小さな遊園地　""孫を喜ばせるために始めた""イルミネーション 2023年で20年目に！",https://news.yahoo.co.jp/articles/05530833a2d5c95eed0b68a44f3a9be6325fa47e,2023/12/22(金) 20:55
hokkaibun,北海道ニュースUHB,「溶接中に建物に火が移った」作業員が通報→木造モルタル2階建て“8世帯入居のアパート” ほぼ内部全焼―住人1人が病院へ搬送,https://news.yahoo.co.jp/articles/fc125845a85891823ba1c972b2c5701014105600,2023/12/22(金) 20:26
hokkaibun,北海道ニュースUHB,「娘の命を軽視している」黒塗り報告書に憤り…“女子中学生 いじめで自殺” 札幌市教委の発表から一夜―両親が手記公表 【約3000字 全文掲載】,https://news.yahoo.co.jp/articles/724f9cc043e59fa5f04a9e8cd7433d2508a86272,2023/12/22(金) 17:15
hokkaibun,北海道ニュースUHB,追突事故を起こした”酒臭い”41歳の女　呼気検査を拒否して現行犯逮捕…その後の検査で”基準値の9倍”のアルコールを検出　酩酊状態で運転していたか？,https://news.yahoo.co.jp/articles/b95cc741ae357b1a7b4b1218c5e47a6fea317ee6,2023/12/22(金) 15:15
hokkaibun,北海道ニュースUHB,【速報】グチャグチャに大破した車両から懸命に救助中 トレーラー×2トントラック×作業車“3台の事故” 6人がケガ…2人が心肺停止 北海道千歳市,https://news.yahoo.co.jp/articles/05148bfb3d41e96163ecc55a4a5bbf7d9e488072,2023/12/22(金) 14:29
hokkaibun,北海道ニュースUHB,【死体遺棄事件】『半日の間に殺害されたか』午前3時に自宅にいるのが目撃→夕方に携帯電話の電源切れる…“約100人態勢”で捜索続く 北海道足寄町,https://news.yahoo.co.jp/articles/0a2218cd0d1a749e8516c8b33961220735b63f57,2023/12/22(金) 12:39
hokkaibun,北海道ニュースUHB,堀井学議員『事務所閉鎖』へ...さらに秘書ら2人も解雇 政治資金パーティー開催できず“収入減”「任意聴取要請はいずれ来ると思う」北海道苫小牧市,https://news.yahoo.co.jp/articles/29c4c77b58c53bbd5060151d08ad25b4db74787a,2023/12/22(金) 12:06
hokkaibun,北海道ニュースUHB,「止まったら身動き取れない」統計開始以来“一番の大雪”24時間で70センチ…休校やJR運休『市民生活に影響』北海道岩見沢市,https://news.yahoo.co.jp/articles/107f67abc3e6345a6a3f840a34f6bdb126140579,2023/12/22(金) 12:06
hokkaibun,北海道ニュースUHB,また！？ 江差町の観光名所「かもめ島」で死んでいるイワシ発見…約700キロ撤去もまだ半分以上が現場に 北海道南部・江差町,https://news.yahoo.co.jp/articles/3a875c5e85b55b15e23f4fe30d689db50d6bbe17,2023/12/22(金) 10:28
hokkaibun,北海道ニュースUHB,「政治資金パーティーできず収入減るから…」自民党安倍派・堀井学 衆議が事務所閉鎖 秘書ら2人解雇へ「特捜の聴取要請はまだ」,https://news.yahoo.co.jp/articles/5308f1d332d2edda4fd01497d0e2718d7da80c08,2023/12/22(金) 10:22
hokkaibun,北海道ニュースUHB,「米袋の下敷きになった…」男性（63）死亡 積みあがった米袋が崩れたか “30キロ入り20個” が上に乗る,https://news.yahoo.co.jp/articles/1cde048978f6fc4d83d58353bab03fb6dc778e3d,2023/12/22(金) 5:00
hokkaibun,北海道ニュースUHB,“北海道マラソン2024” 8月25日に開催決定―エントリーは3月下旬～4月上旬を予定 定員は2万人「ことしの記録的暑さ受け対策強化」,https://news.yahoo.co.jp/articles/6cb48315e593c561717e200df7910839907bb475,2023/12/21(木) 21:42
hokkaibun,北海道ニュースUHB,“殺害発覚”遅らせる目的か 女性の自宅ベッドに付いた血痕…布団で隠す―死体遺棄の疑いで逮捕の男 捜査員約50人で山林捜索も遺体見つからず 北海道足寄町,https://news.yahoo.co.jp/articles/ce8f4b27fbc8fb38bfb73a1e9845fa163f08e111,2023/12/21(木) 21:11
hokkaibun,北海道ニュースUHB,「仲間外れや無視される」届かなかった生徒のSOS…訴え軽視し叱責も 自殺した中学生の背景に“いじめ” 調査委が札幌市教委の対応不備指摘,https://news.yahoo.co.jp/articles/28557ff0d724acada4b6e7899ee3e33628ca6508,2023/12/21(木) 21:00
hokkaibun,北海道ニュースUHB,いよいよクリスマス！旭川市では“イルミネーション”が中心街を彩る 人気恋愛ドラマの舞台となった“あの場所”　2024年3月まで,https://news.yahoo.co.jp/articles/b7bfb33ecf9716e0e11ae000386028702acd7b3a,2023/12/21(木) 20:42
hokkaibun,北海道ニュースUHB,スマホを置いて家族団らんの時間を！ 「団ランランタン」プロジェクトが札幌市や小樽市の飲食店で展開中 SNS投稿でドリンクサービスなども,https://news.yahoo.co.jp/articles/aea66470c086948315fe28761b7f9af51621997b,2023/12/21(木) 20:29
hokkaibun,北海道ニュースUHB,「何十年もいるけど初めて」住民から悲鳴…観測史上最大 18日未明から72時間で降雪量90センチ  “ドカ雪”で路線バス連日運休 北海道留萌市,https://news.yahoo.co.jp/articles/c64b4c131349f6d81e3c6fc15aad9dfa06c85365,2023/12/21(木) 20:03
hokkaibun,北海道ニュースUHB,「いじめられている」「死のうと思う」アンケートや教師に答えた“中学生 自殺” 学校側が放置―札幌市の調査検討委 会見し教育長陳謝,https://news.yahoo.co.jp/articles/f6b13e1000f588da12708f20a45bab7dc86f419f,2023/12/21(木) 17:15
hokkaibun,北海道ニュースUHB,【こりゃ便利】運行状況が一目瞭然！ JR北海道が「運行情報」ページをリニューアル　列車は今どこ？　位置も分かる　2024年1月9日から,https://news.yahoo.co.jp/articles/01812250b8548d1f983c0316cc48db833d3b21c8,2023/12/21(木) 15:50
hokkaibun,北海道ニュースUHB,「お姉ちゃん 車乗っていかないかい？」「殺すぞ！」 小学生につきまとう ”不審男” の出没相次ぐ…危険な下校時間帯 警察が注意呼びかけ 北海道・旭川市,https://news.yahoo.co.jp/articles/2207dc661916930aa4106a68ba0c3d3abb2902c7,2023/12/21(木) 15:30
hokkaibun,北海道ニュースUHB,北海道夕張市のスーパー「ビックショップかね安」破産手続き開始...仕入れ価格や光熱費高騰 今後の見通し立たず 負債額は約2900万円,https://news.yahoo.co.jp/articles/5d22c7ab31485fee4ee46873316a8b0ebd9eab6b,2023/12/21(木) 12:36
hokkaibun,北海道ニュースUHB,【続報】被害者宅のベッドに“血痕” 殺害の発覚遅らせるため布団で覆ったか…遺棄現場に『血の付いたシーツとパジャマ』遺体捜索続く 北海道足寄町,https://news.yahoo.co.jp/articles/378d31ae580dc3b8775e749f4cdae3761d090e06,2023/12/21(木) 12:06
hokkaibun,北海道ニュースUHB,『色つき融雪剤』で飛行機がカラフルに！散布漏れ防止のため「国際的に採用」離陸時にはがれ“飛行後は元通り”  新千歳空港で今シーズンから先行導入,https://news.yahoo.co.jp/articles/87354efa255c2b1cc19c13d9bc2c3622aeb9f802,2023/12/21(木) 12:06
hokkaibun,北海道ニュースUHB,猛吹雪の影響「稚内市の全小中学校が臨時休校」留萌市では『路線バスがストップ』札幌市は21日夜から“大雪の見込み” 交通障害や雪崩に警戒を,https://news.yahoo.co.jp/articles/55ca31532074917b2de49e6ed292e34680af2763,2023/12/21(木) 12:06
hokkaibun,北海道ニュースUHB,大学生を襲い死亡させ、消防隊員に反撃されて死んだヒグマ…過去に周辺で人を襲撃したクマとは別個体と判明…DNA型が一致せず　初めて人を襲ったか 北海道,https://news.yahoo.co.jp/articles/e26efdd13164949d18454e594d2dc1f87e5c9a39,2023/12/21(木) 8:34
hokkaibun,北海道ニュースUHB,"【恋愛感情芽生えさせるメッセージ】に注意！ 50代男性がマッチングアプリで知り合った""女""に投資話を持ち掛けられ現金約2000万円だまし取られる",https://news.yahoo.co.jp/articles/0d5bb2709d3f61ad9f3cafcf522f015839971810,2023/12/21(木) 8:14
hokkaibun,北海道ニュースUHB,"約9万個のLED…""ホワイトイルミネーション"" 医療従事者や市民にエール 花言葉はやさしさ""藤の花""をイメージした灯りが人々の心癒す 北海道北見市",https://news.yahoo.co.jp/articles/5f81ddfd607991313b66af2bc476a0f1dcc3dde0,2023/12/20(水) 21:14
hokkaibun,北海道ニュースUHB,また地下鉄駅で不審物…地下鉄南北線真駒内駅構内の男子トイレで粉ミルク缶に「有毒ガス発生中」と記載 側面には「さわるな危険」,https://news.yahoo.co.jp/articles/72979e2a59d93b856877c2a5ae4e2a097cadcaf5,2023/12/20(水) 21:07
hokkaibun,北海道ニュースUHB,「まさかその日に殺されて…絶対許さない」憤る帰り待つ友人 現場に“パジャマ”の一部が…被害女性着ていたか―極寒の市街地の川でも警察が捜索 北海道足寄町,https://news.yahoo.co.jp/articles/018dc6cd4a2a3ef71b4fcea27bc81326a70adfef,2023/12/20(水) 21:00
hokkaibun,北海道ニュースUHB,50代バス運転手「体調を悪くした」 多重事故の後に路線バスが歩道に… “30メートル”ほど走行し車道へ　車6台絡む事故　バス運転手ら6人ケガ,https://news.yahoo.co.jp/articles/a02d8d7d64c09f158e141c3eb3bcbb1c541c7e9f,2023/12/20(水) 20:05
hokkaibun,北海道ニュースUHB,"スナック経営女性「死体遺棄事件」 現場近くの山中に""人骨の可能性がある骨"" 捜索中の犬が発見するも""獣骨""と判明…北海道・足寄町",https://news.yahoo.co.jp/articles/9691a0c537a70b5d53b20cf8681307c82a49a240,2023/12/20(水) 16:22
hokkaibun,北海道ニュースUHB,きっかけは対向車線はみ出した“路線バス”…タクシーなど計6台絡む多重衝突事故 約30ｍで歩道脇フェンスなぎ倒すも歩行者ケガ人なし 北海道函館市五稜郭,https://news.yahoo.co.jp/articles/9ca724212dfc89e6fa3d0fcadc56e5e6a937013b,2023/12/20(水) 13:19
hokkaibun,北海道ニュースUHB,郵便局が”一時閉鎖”に…建物の老朽化が進み 雪の重みで倒壊する恐れ…近隣住民もビックリ「えっ、ウソ…非常に不便」「残念」 北海道・夕張市,https://news.yahoo.co.jp/articles/781f20c6b259b29770eedb1cfd6543597c544339,2023/12/20(水) 12:30
hokkaibun,北海道ニュースUHB,母親と2人暮らしの43歳男…顔面などを殴り母親にケガ負わせた疑いで逮捕 暴行の動機は”単純な話ではない”などと供述 北海道・和寒町,https://news.yahoo.co.jp/articles/1b70c7f746f0ffa89343cc7ee63af77122400f07,2023/12/20(水) 12:20
hokkaibun,北海道ニュースUHB,【死体遺棄】現場山林で“血の付いたシーツ”発見…男の供述から 被害女性の車と自宅寝室で血痕見つかる―容疑を認めるも未だ遺体見つからず 北海道足寄町,https://news.yahoo.co.jp/articles/4f6f4931e38ca0c3efa4ece70ed16253e0907871,2023/12/20(水) 12:00
hokkaibun,北海道ニュースUHB,「儲かります」マッチングアプリで出会った片言の日本語を話す女から投資の誘い…教えられたURLのオークションサイトを見て現金1200万円を振り込む,https://news.yahoo.co.jp/articles/9ac411374fb28f06b3ec485a17065163d56360a8,2023/12/20(水) 11:40
hokkaibun,北海道ニュースUHB,【速報】北海道函館市で路線バスやタクシーなど計6台が絡む多重事故 6人けが…付近は渋滞中,https://news.yahoo.co.jp/articles/f5d0e556612f9db269cf7d9134a8a1587d288e83,2023/12/20(水) 9:16
hokkaibun,北海道ニュースUHB,"呼気から”基準値の9倍""のアルコール検出！ 追突事故を起こした41歳女…警察官による呼気検査を拒否し現行犯逮捕…酩酊状態で運転か",https://news.yahoo.co.jp/articles/c3e8c9c14e9bd71a9bb6c227c3098be18dad7740,2023/12/20(水) 8:34
hokkaibun,北海道ニュースUHB,北洋銀行 “新頭取”に55歳の津山博恒常務―“旧拓銀”出身「ラピダス進出は大きなチャンス 外部連携し人材磨きたい」 来年4月就任,https://news.yahoo.co.jp/articles/1a9053724a316fc8d1c22368a4d04d67c09f11f3,2023/12/20(水) 5:00
hokkaibun,北海道ニュースUHB,"「15年先は見通せない」札幌市が""五輪招致""活動停止を表明 秋元市長は「どういう経費がかかったか説明しなければ…」",https://news.yahoo.co.jp/articles/e6843bb82d7822ebfe24350664918e545cf34933,2023/12/19(火) 21:26
hokkaibun,北海道ニュースUHB,冬の夜をロマンチックに彩る幻想的な光…1万個のLEDで青く染まる小樽運河 ガラスのオブジェやアート作品を楽しみながら散策も,https://news.yahoo.co.jp/articles/b847339ce7eb27220988d142c1ad8536b03f647d,2023/12/19(火) 21:26
hokkaibun,北海道ニュースUHB,「ススキノ首切断殺人」逮捕の29歳娘と両親…いびつな関係性 犯罪心理の専門家は度を越した過保護“ヘリコプターペアレント”と指摘 猟奇的事件の行方は？,https://news.yahoo.co.jp/articles/a2415a5d7f9fa542d00e6be303bbc4158ea94d20,2023/12/19(火) 21:05
hokkaibun,北海道ニュースUHB,1100万円超の不正受給が発覚  “どうみん割”も…新型コロナ「旅行代金割引」でホテル従業員が宿泊偽装 約540万円分クーポンを着服,https://news.yahoo.co.jp/articles/bd4f25284c9d16630db3d692a221e0d1325f20f9,2023/12/19(火) 21:05
hokkaibun,北海道ニュースUHB,遺体はどこへ？『広大な面積』北海道足寄町…東京都の約3分の2 スナック経営女性の“遺体遺棄” 逮捕の男―常連客で店手伝う一方時に怒って暴れる様子目撃,https://news.yahoo.co.jp/articles/efe810bb86c38273680d202911e0203acf63bc46,2023/12/19(火) 21:05
hokkaibun,北海道ニュースUHB,スナック経営知人女性の“遺体を遺棄” 58歳男を逮捕―殺害もほのめかす 11月10日に殺害・遺棄か 捜査本部約90人…現場で捜索続く 北海道足寄町,https://news.yahoo.co.jp/articles/7e9350acbaad45fa0233b345e2925038ba27ace6,2023/12/19(火) 21:05
hokkaibun,北海道ニュースUHB,「今のままじゃ日本沈没」「正直に話して」自民党派閥パーティー券“裏金疑惑”に捜査のメス…説明しない議員に北海道民から不満の声,https://news.yahoo.co.jp/articles/d96ee5baffc9d22cf049e102d76d636149e17005,2023/12/19(火) 20:59
hokkaibun,北海道ニュースUHB,”ダイヤモンドダスト”も舞う 北見市で『氷点下21.5℃』を観測…北海道は広い範囲で今季一番の冷え込みに,https://news.yahoo.co.jp/articles/01becab0a67d633ea2b693102bbfca99cad722f4,2023/12/19(火) 13:03
hokkaibun,北海道ニュースUHB,【最新情報は】被害女性は先月10日に殺害、遺棄されたか...捜査本部は87人態勢で捜索続ける 北海道足寄町山林女性死体遺棄事件,https://news.yahoo.co.jp/articles/0ade958137fd499a3402b2ef6f8dcb37e6359873,2023/12/19(火) 12:48
hokkaibun,北海道ニュースUHB,スナック経営者女性の遺体を”遺棄”した疑い 58歳男 ”殺害”もほのめかす...北海道足寄町の山林で捜索続く 警察は捜査本部を設置,https://news.yahoo.co.jp/articles/8fa7067cc3c24c92dd6dfa74bf402c6e0ea22fc6,2023/12/19(火) 12:48
hokkaibun,北海道ニュースUHB,札幌の地下鉄・大通駅構内で不審物みつかる…ベンチ下に「有毒ガス」「開けるな」と書かれた瓶…内容物を調べるとともに防犯カメラを解析,https://news.yahoo.co.jp/articles/5236d9127278382dd9bd8faebae6ceb5c79eab11,2023/12/19(火) 7:56
hokkaibun,北海道ニュースUHB,北海道・足寄町の山林に66歳女性の遺体を遺棄 58歳の無職の男を逮捕 殺害ほのめかす供述も…殺人・死体遺棄事件として捜査本部設置,https://news.yahoo.co.jp/articles/da873767d729d1211bbc168b06c17d50dd6c2f0c,2023/12/19(火) 7:02
hokkaibun,北海道ニュースUHB,低所得世帯に支給している給付金 北海道が誤って約4200万円を過大支給 約461万円支給された世帯も…新たに利用した決済システムの不具合が原因,https://news.yahoo.co.jp/articles/b7acbd5c52184c062f4db1c3200f522c6e824baf,2023/12/18(月) 21:35
hokkaibun,北海道ニュースUHB,「大麻持っているのを忘れていた」“麻薬探知犬”嗅ぎつけリュックサックから約2g発見 44歳タイ在住の自称・セラピストの女―新千歳空港で現行犯逮捕,https://news.yahoo.co.jp/articles/3f8bf91b839831c3d33c585fa584e30074044f81,2023/12/18(月) 21:14
hokkaibun,北海道ニュースUHB,“アイスバーン”でスリップか―RVとトラック衝突 男女4人がケガ…病院搬送 見通しの良い直線道路でどちらかが対向車線はみ出したか 北海道小清水町,https://news.yahoo.co.jp/articles/5f7ac37320c515e61431fe703f6c46b5fba4c1d0,2023/12/18(月) 21:14
hokkaibun,北海道ニュースUHB,北海道を襲った“冬の嵐” 車の立ち往生相次ぎ車内に閉じ込められた人も…札幌の路面はツルツルで転倒事故に注意　転ばないように小刻みに歩く高校生の姿も,https://news.yahoo.co.jp/articles/d10c5266c60b5fb9112c4c05d44818a25191f961,2023/12/18(月) 21:14
hokkaibun,北海道ニュースUHB,“校舎4階から転落”か 札幌市の中学校のグラウンドで生徒1人が倒れていた事故 病院に搬送…命に別状なし 市教委「いじめやトラブルは確認されてない」,https://news.yahoo.co.jp/articles/309d9931bb2ca5e944191af6f7bd7ef5c1be9ce1,2023/12/18(月) 21:14
hokkaibun,北海道ニュースUHB,正面に「納骨一時預かり所」や「永代供養」札幌市に納骨堂とみられる施設が開設…市は運営するNPO法人に経営停止を指導 近く現地調査を実施予定,https://news.yahoo.co.jp/articles/e23b187ebd6cfb530aeddaba9ceb6eaf25688f18,2023/12/18(月) 21:14
hokkaibun,北海道ニュースUHB,5人が死亡した北海道八雲町でのトラックと高速バスの事故 半年たち警察官や町職員らが黙とうを捧げた ドライバーらに交通安全呼びかけた,https://news.yahoo.co.jp/articles/5d8645a82885c73e1c1d2fbccd54be5b3b72cfd8,2023/12/18(月) 20:55
hokkaibun,北海道ニュースUHB,函館市ベイエリアのイルミネーション 赤レンガ倉庫そばに高さ20メートルの巨大ツリー 15万個の電球輝く イルミとともに味わいたい道産食材を使ったスープ,https://news.yahoo.co.jp/articles/45c0c04765ef8df110d1000d0bea247baf3dd59f,2023/12/18(月) 20:55
hokkaibun,北海道ニュースUHB,ふたに「有毒ガスが出るぞ」×側面に「開けるな」…札幌市営地下鉄“大通駅”ベンチ下に黄色い物体入った瓶 不審物で警察や消防出動―帰宅ラッシュ中 騒然と,https://news.yahoo.co.jp/articles/7fbd3185614687db3e11fdb7d83a067e6d73c801,2023/12/18(月) 20:28
hokkaibun,北海道ニュースUHB,“4200万円” 間違って支給… 低所得世帯向け給付金 最も多い世帯で461万円誤支給 返金合意は78％ 北海道,https://news.yahoo.co.jp/articles/6ac65f29806aa2c6aea1f622fe5a05b85c70b224,2023/12/18(月) 17:21
hokkaibun,北海道ニュースUHB,64歳妻を”殺人未遂”で逮捕…包丁持ちながら話し合い中に40代夫の胸を刺す「腹が立った。夫を刺したけど殺すつもりなかった」と供述,https://news.yahoo.co.jp/articles/9e2b68a88539650102013291832ef4702ceff9e8,2023/12/18(月) 16:06
hokkaibun,北海道ニュースUHB,【少女を7日間誘拐】「うちにおいで」SNSで知り合った10代少女を言葉巧みに誘い出す…24歳男を未成年者誘拐容疑で逮捕 「僕がやったことに間違いない」,https://news.yahoo.co.jp/articles/cd5cb2fdfafbcb6b932a255afabe2b78db546876,2023/12/18(月) 15:43
hokkaibun,北海道ニュースUHB,通過中の特急列車にはねられ男性死亡…JR北海道・森林公園駅の構内　札幌駅⇔岩見沢駅間の上下線で一時運転見合わせ 計35本運休,https://news.yahoo.co.jp/articles/7a45f904471f3f387c2b058538484a5f061b865f,2023/12/18(月) 12:38
hokkaibun,北海道ニュースUHB,“奥尻島の西約250キロ”日本のEEZ外に落下か…北朝鮮弾道ミサイル発射 北海道も情報収集「被害や落下物の報告なし」,https://news.yahoo.co.jp/articles/d55524ce73ae5ace2b35871fd0d70a586800c527,2023/12/18(月) 12:26
hokkaibun,北海道ニュースUHB,24時間で67センチの「ドカ雪」…猛吹雪で立ち往生し渋滞も発生 日本海側を中心に“大荒れ”札幌はツルツル路面が出現 北海道,https://news.yahoo.co.jp/articles/7af417e42cc68dd0f5c588c68058d34028dd7f33,2023/12/18(月) 12:18
hokkaibun,北海道ニュースUHB,「何もかも嫌になった」ホテルでカレーやビールなど飲食“3万円超”支払わず逃走図る…所持金ゼロ 25歳男逮捕,https://news.yahoo.co.jp/articles/d5549e98a33628e2b5ad5086ee010552a16eecd7,2023/12/18(月) 11:55
hokkaibun,北海道ニュースUHB,「銭湯に行こうとしたのを止められ頭に来た」外出前に夕食勧められ母親を“茶碗”で殴りケガさせる…58歳息子逮捕,https://news.yahoo.co.jp/articles/5a53f524547f04c3ac6c29a8ec9ad59495eb5a3b,2023/12/18(月) 11:40
hokkaibun,北海道ニュースUHB,「お客さんが殴られた ”犯人”は逃げた」札幌ススキノで面識のない30代男性を殴った61歳男を逮捕…防犯カメラ映像が逮捕の決め手に,https://news.yahoo.co.jp/articles/44ce3e96f00d20e8bf967e98cd34f9f33ce90e1a,2023/12/18(月) 9:30
hokkaibun,北海道ニュースUHB,"「刑事に憧れています」採用試験の受験者減少で北海道警察が""仕事体験""イベント 山岳救助のデモンストレーションも",https://news.yahoo.co.jp/articles/f96e49e48723a7e473b5a7f5437c1f2f7bd7d9d2,2023/12/17(日) 18:48
hokkaibun,北海道ニュースUHB,車内で下半身露出の自称・塗装業の男(55)を現行犯逮捕 駐車場でドアが空いている車を警察官が発見 男は「よく覚えていない」と容疑否認,https://news.yahoo.co.jp/articles/6b4fbc6125d5bb69e48dde37b56159d002393d50,2023/12/17(日) 18:48
hokkaibun,北海道ニュースUHB,北海道は18日にかけて”猛吹雪・暴風”に警戒を 留萌市は最大瞬間風速36メートル 12月の観測史上最大記録を更新,https://news.yahoo.co.jp/articles/da882290437d20a4237004d0eabc0099f420654a,2023/12/17(日) 18:41
hokkaibun,北海道ニュースUHB,「2階の窓から黒い煙が…」札幌市手稲区で住宅火災 複数の住人を病院搬送 意識あり,https://news.yahoo.co.jp/articles/e1dfbfce8c280cc9c06c1308d5ccc47f7fc21f6e,2023/12/17(日) 18:31
hokkaibun,北海道ニュースUHB,【速報】札幌市手稲区で火災,https://news.yahoo.co.jp/articles/e9f8f60513531d103723d66157dbca969cf3021e,2023/12/17(日) 15:49
hokkaibun,北海道ニュースUHB,“飲酒運転”で19歳の男を現行犯逮捕 “物損事故”の110番通報で飲酒が発覚 北海道帯広市,https://news.yahoo.co.jp/articles/963a9687602db90048317d15e411c6fab9b5024d,2023/12/17(日) 14:12
hokkaibun,北海道ニュースUHB,“タクシー呼ぶ・呼ばない”でもめてカラオケ店員を暴行 自称・アルバイト従業員の48歳男を現行犯逮捕 「覚えていない」と容疑を否認,https://news.yahoo.co.jp/articles/250ab8db1fe27bf5237207f8c47e37050e4b5f8b,2023/12/17(日) 14:12
hokkaibun,北海道ニュースUHB,“ドライブスルー発熱外来”始まる 小中学生が対象 インフルエンザ流行拡大で学級・学年閉鎖が続発 札幌市が開設 コロナの検診も実施,https://news.yahoo.co.jp/articles/ddb0e07db12894076f51b5901b5df941bdb84d02,2023/12/17(日) 12:59
hokkaibun,北海道ニュースUHB,予想される最大瞬間風速は35メートル 北海道は18日にかけて猛吹雪・暴風などに警戒必要 最大60センチの降雪予想も,https://news.yahoo.co.jp/articles/e91020d28aafb1e2eb930d60a07678572e374807,2023/12/17(日) 12:47
hokkaibun,北海道ニュースUHB,意外？高級魚「フグ」が北海道で豊漁 漁獲量は山口県超えて1位に イカのマチ函館市の新名物に？アツアツのフグ鍋も味わって,https://news.yahoo.co.jp/articles/abf11c5f16fd1ede61eebc66a7370e7f6692a6ce,2023/12/17(日) 7:00
hokkaibun,北海道ニュースUHB,10歳の双子と5歳の3兄弟育てる「牧場経営ママ」365日休みのない肉体労働…子育てと牛のお世話にはたくさん共通点 【ママドキュ】,https://news.yahoo.co.jp/articles/f612dd684577d6e18dd61fcba71e22a060de8371,2023/12/16(土) 19:03
hokkaibun,北海道ニュースUHB,知床沖沈没事故を受け救助体制強化 大型巡視船「だいせつ」配属 ヘリコプターが発着できる甲板も 北海道紋別市,https://news.yahoo.co.jp/articles/cc0c49b282f44b7599739c18d5039d931aac24aa,2023/12/16(土) 18:51
hokkaibun,北海道ニュースUHB,北海道 日本海側や太平洋側西部で猛ふぶきによる交通障害・暴風に警戒 警報級の大雪となるおそれも,https://news.yahoo.co.jp/articles/cefc890eaf461ad0d503f224af7ec0c629789708,2023/12/16(土) 18:51
hokkaibun,北海道ニュースUHB,"小学生も""環境問題""を研究 札幌で「サイエンスフェスタ」開催 子どもたちに北大の研究成果を発表",https://news.yahoo.co.jp/articles/b21169d5544cf34afb29b952571a727ee2b2a17f,2023/12/16(土) 18:39
hokkaibun,北海道ニュースUHB,海外からの旅行者向け アイヌ文化の魅力を伝えるモデルツアー 旅行関係者が文化や食を体験 北海道平取町,https://news.yahoo.co.jp/articles/77a93264d9468fa151bd7a7c1d711018985f20cc,2023/12/16(土) 18:39
hokkaibun,北海道ニュースUHB,札幌の繁華街ススキノをパトロール―警察官約80人客引き行為・悪質交通違反に警戒 悪質ホストクラブ“高額ツケ払い問題”で立ち入り調査も,https://news.yahoo.co.jp/articles/33da370a94214fb76722948b365294dade948713,2023/12/16(土) 15:28
hokkaibun,北海道ニュースUHB,道路の真ん中に ちょこんと “アザラシ”？ 警察も出動 地元漁師「シカやキツネは毎日だがアザラシは初めて…」 付近は渋滞するも最後は海に帰ったか,https://news.yahoo.co.jp/articles/93e32857bcd8c2c2baa807e2e9a89dbc4320f93c,2023/12/16(土) 14:00
hokkaibun,北海道ニュースUHB,高速で衝突“乗用車の前方が大破”運転の男性はケガ…病院搬送 観光バスの乗客運転手にケガなし 道央道下り線は恵庭IC～北広島ICで通行止め 北海道,https://news.yahoo.co.jp/articles/fa60b4c72b817d25186dd3cf5458c9115ad9f211,2023/12/16(土) 12:36
hokkaibun,北海道ニュースUHB,“ホタテ”漁業関係者約140人が説明会出席 東京電力…中国の輸入禁止で受けた損害や減収を賠償―紋別市に北海道内2か所目の『賠償相談窓口』開設へ,https://news.yahoo.co.jp/articles/b6f8c996efa227933117441c9ac93f69485bd773,2023/12/16(土) 12:36
hokkaibun,北海道ニュースUHB,「今まで免許をとったことがない…」68歳の男逮捕 深夜に警察官の職務質問で発覚 車は “男の名義”,https://news.yahoo.co.jp/articles/90eee0d2dd661b70e2461528c19d37f5cc26e88b,2023/12/16(土) 9:51
hokkaibun,北海道ニュースUHB,【JR北海道】2024年春のダイヤ改正…経費節約で“無人駅”238のうち5つ廃止へ 除雪・保守点検作業で1駅あたり年間約100万円の維持費,https://news.yahoo.co.jp/articles/71e2ffcbe3596f5459f73c51364768086aee6244,2023/12/16(土) 9:51
hokkaibun,北海道ニュースUHB,「申し訳ございません」札幌新陽高校理事長お詫び 女子野球部生徒がバッティングケージの下敷きで重体 第三者委員会が“顧問と学校”安全管理に問題ありと指摘,https://news.yahoo.co.jp/articles/e18fc1ae76eb9f6caddd2575a8cb0aa5ac1928ad,2023/12/16(土) 8:22
hokkaibun,北海道ニュースUHB,飛び降りたか…中学校グラウンドで倒れている生徒を発見 ドクヘリで搬送され病院で手当て “トラブルやいじめ”の関連などを含め札幌市教委調査へ,https://news.yahoo.co.jp/articles/c44e78a74b256e6adae4edfa01c9d650d28a5d9c,2023/12/16(土) 8:07
hokkaibun,北海道ニュースUHB,"「繁殖させないのはかわいそう」ライオンの""避妊""を公表した動物園に批判殺到…実は”百獣の王”の飼育数は飽和状態に…ライオン避妊 決断の背景とは",https://news.yahoo.co.jp/articles/dc32f11546bce32f5af578759b42f1a56a854167,2023/12/16(土) 7:00
hokkaibun,北海道ニュースUHB,モスクワ中心部のクレムリン近くのショッピングセンター入り口に飾られた戦勝記念「レリーフ」のウマの首が切り落とされる…誰がなんの目的で？ 当局が捜査,https://news.yahoo.co.jp/articles/5188ddfcbf7e6d28cd46ff0c9284c612a1278bc9,2023/12/16(土) 6:30
hokkaibun,北海道ニュースUHB,住宅から激しく吹き上がる炎… 2階建ての住宅が燃える火事…2階から飛び降りるなどして男女2人が重軽傷 ストーブが原因か？ 北海道・倶知安町,https://news.yahoo.co.jp/articles/310de6660cc3e85fa91ad0499980c1245061b8f0,2023/12/15(金) 23:19
hokkaibun,北海道ニュースUHB,【道職員】居酒屋で飲酒→カラオケ店でも飲酒→3時間休憩し車で帰ろうとしたところ車体に傷発見→車を駐車場の外に移動し警察へ→被害確認中 酒臭いのがバレる,https://news.yahoo.co.jp/articles/5e25b37507592db3bf80b5479fb9724ec673acc1,2023/12/15(金) 22:28
hokkaibun,北海道ニュースUHB,「当て逃げされて追いかけている」追突された軽トラが逃げる乗用車を追跡…捕まったのは自称・個人投資家の29歳男 基準値4倍超えるアルコール検出で即逮捕,https://news.yahoo.co.jp/articles/1063f0498f7e897a91badf7a17c4fcbcf8434acf,2023/12/15(金) 21:57
hokkaibun,北海道ニュースUHB,80代の男性が運転する軽ワゴン車がクリーニング店の壁に突っ込む 「バックしようと思ったが 間違えてシフトレバーをドライブにしてしまった」けが人なし,https://news.yahoo.co.jp/articles/166f44f031606cf9037f4e71bfe0175b10cedf18,2023/12/15(金) 21:51
hokkaibun,北海道ニュースUHB,"小学校女性教師殺人 殺害した男に求刑上回る""懲役21年""の実刑判決 「あまりにも身勝手」「反省の深まり十分あるとはいえない」 北海道釧路町",https://news.yahoo.co.jp/articles/1808adbc0b23dfe12dd1f4470220504fa69b5077,2023/12/15(金) 20:30
hokkaibun,北海道ニュースUHB,"「さっぽろ雪まつり」大雪像のデザイン発表 10丁目会場では初の""遊べる""大雪像 4年ぶりにつどーむ会場での開催も",https://news.yahoo.co.jp/articles/4f95e42b1932e8eb6a9857ce9c99e4ebf75cd1e5,2023/12/15(金) 20:15
hokkaibun,北海道ニュースUHB,政治資金パーティー“裏金疑惑” 北海道選出議員も辞任…有権者から厳しい声が相次ぐ 「二度と支持することはできない」,https://news.yahoo.co.jp/articles/7762d0698b4dc107eef9eed47db072379e51adc9,2023/12/15(金) 20:00
hokkaibun,北海道ニュースUHB,大谷選手の愛犬の名はデコピン！ 札幌で早くも「デコピン効果」…2か月前にオープンした飲食店「デコピン」ビックリ…大谷選手にあやかったサービス検討,https://news.yahoo.co.jp/articles/b4b323edf8d11a849a186f3d8cefae0d632bed7a,2023/12/15(金) 18:44
hokkaibun,北海道ニュースUHB,札幌市立篠路中 グラウンドで“生徒”倒れる―教師が発見しドクターヘリで搬送 校舎から転落か…市教委 いじめやトラブル調査,https://news.yahoo.co.jp/articles/445839aee582f88c4fb6aa0718fe34f7d9cbac5a,2023/12/15(金) 18:01
hokkaibun,北海道ニュースUHB,ウシ約60頭死ぬ…未明に牧場火災 約5時間燃え続けて”牛舎全焼” 湯を沸かすボイラー付近の燃え方が激しく 北海道根室市,https://news.yahoo.co.jp/articles/1731ce3e6b88de3344de53ae39d6bc79b962f47f,2023/12/15(金) 17:53
hokkaibun,北海道ニュースUHB,日本の動物園 実は「ライオンの頭数」意外に多かった…札幌市円山動物園の”避妊処置”判断に批判殺到…そこから見えてきた知られざる事情と動物福祉の関係とは,https://news.yahoo.co.jp/articles/c61481e256f20bde28672f2fa074190806c0141c,2023/12/15(金) 15:53
hokkaibun,北海道ニュースUHB,所持金わずか「121円」の49歳無職男 スナックで”カラオケ・ビール・焼酎”3時間堪能後、代金約1万5000円払わず 店を出ようとして逮捕,https://news.yahoo.co.jp/articles/2eff90f2498a4c9eb52a03104ab814755a8420e9,2023/12/15(金) 15:35
hokkaibun,北海道ニュースUHB,「心の迷いだし、忘れたし、死ななきゃ治りません」213円の生クリーム1個を万引した82歳の女が逮捕後に語った心境…おにぎりも盗んだ可能性 北海道旭川市,https://news.yahoo.co.jp/articles/d136225f0a22db0997563fc1d68cb4c48d586671,2023/12/15(金) 15:12
hokkaibun,北海道ニュースUHB,「少しくらいなら大丈夫だろう」訓練終わって演習場で”バーベキュー” 未成年の新人隊員22人に酒飲ませたとして同席の上官ら9人を懲戒処分 陸上自衛隊,https://news.yahoo.co.jp/articles/da8488e0793d8c9deb00df43a8e4bf9025e77997,2023/12/15(金) 15:02
hokkaibun,北海道ニュースUHB,“求刑上回る”懲役21年の判決…「逆恨みによるものであまりにも身勝手。反省の深まり十分でない」元交際相手の小学校教師39歳女性を殺害した男に 釧路地裁,https://news.yahoo.co.jp/articles/1f617a25ab988b88f65f8b3009726c3c33696fb2,2023/12/15(金) 14:09
hokkaibun,北海道ニュースUHB,LCC初 ジェットスターが“旭川―成田線”就航！「初めて乗れてうれしい」「ドキドキする」第1便に200人搭乗予定,https://news.yahoo.co.jp/articles/47118ac636615911c66c00fbea18da4a19e06612,2023/12/15(金) 12:44
hokkaibun,北海道ニュースUHB,“2024年”年賀状の受付開始―「今年もあと2週間あまり」昨年より1066万枚ほど減少…元日届けるには『25日まで投函』,https://news.yahoo.co.jp/articles/ffae1949aef2e6a05b1eea60a925024a7964b819,2023/12/15(金) 12:36
hokkaibun,北海道ニュースUHB,道路を横断していた高齢の男性…乗用車にはねられ死亡 運転していた会社員の37歳の男を現行犯逮捕 片側3車線の横断歩道ではない場所 札幌市清田区,https://news.yahoo.co.jp/articles/24eb3049ca8bedf896757485896b5c0cb8240423,2023/12/15(金) 7:06
hokkaibun,北海道ニュースUHB,100匹以上のイヌや牛を”劣悪な環境”で飼育…虐待だとして「どうぶつ弁護団」が警察に刑事告発…北海道佐呂間町の牧場で【多頭飼育崩壊】,https://news.yahoo.co.jp/articles/e76ccb0c39445a8c1af9b2717f32c57ab9a1a0ca,2023/12/15(金) 7:00
hokkaibun,北海道ニュースUHB,”拉致可能性を排除できない”全国871人中 北海道は「85人」 絶対に諦めない…拉致問題パネル展 北朝鮮人権侵害問題啓発週間,https://news.yahoo.co.jp/articles/8329f50bd9cb97b45c9de8df9d50998daa290605,2023/12/14(木) 22:00
hokkaibun,北海道ニュースUHB,「香水をつけていたことで口論となり腹が立って暴力を振るった」18歳の彼女を拳で”複数回殴打” 唇裂傷の全治15日のケガ負わせる…19歳”彼氏”逮捕,https://news.yahoo.co.jp/articles/3129704c43b263758886a8516369e465de6e0202,2023/12/14(木) 20:42
hokkaibun,北海道ニュースUHB,大型トレーラーがトラックに追突 40代の男性運転手が一時車内に閉じ込められる ケガをして搬送 意識あり北海道石狩市の凍結路面,https://news.yahoo.co.jp/articles/abc311c32b79e9dbb3dfaf7bcfdf2d23408076c1,2023/12/14(木) 20:00
hokkaibun,北海道ニュースUHB,また左側が脱落…「ドーンと音が聞こえ 外に出たら自分の車にタイヤがぶつかっていた」大型トラックから左後輪外れ軽乗用車に衝突 けが人なし 北海道大樹町,https://news.yahoo.co.jp/articles/34abe3dfb9485012e58ce6e750a771463113be36,2023/12/14(木) 20:00
hokkaibun,北海道ニュースUHB,北海道大樹町の”4人死亡事故” 軽乗用車を運転していた19歳会社員を容疑者死亡のまま危険運転致死傷の疑いで書類送検,https://news.yahoo.co.jp/articles/932ef106f892cc3da94752da19fd9f21dd19c8f5,2023/12/14(木) 20:00
hokkaibun,北海道ニュースUHB,“ウニ漁”が復活の兆し 2年前の「赤潮」被害から回復…人気の海鮮丼も 札幌のスーパーでは1パック980円とお買い得,https://news.yahoo.co.jp/articles/1666aaaaca2ee503a2533a672cee0ab19ce641f3,2023/12/14(木) 19:30
hokkaibun,北海道ニュースUHB,"罰当たりな瞬間がカメラに  寺の敷地内に""大量のごみ""不法投棄  現場には不審な車と人影が　調味料が入った冷蔵庫に電子レンジやテレビなども捨てられる",https://news.yahoo.co.jp/articles/6da0c83ad333d5ad6351ea91802b86965d29ac0e,2023/12/14(木) 18:15
hokkaibun,北海道ニュースUHB,自民党パーティー券”裏金疑惑” 北海道選出の堀井学内閣府副大臣と和田義明防衛大臣補佐官が辞表提出…有権者は「一から出直しを」「辞任後も説明責任が」,https://news.yahoo.co.jp/articles/f306e6b0c625632ffd87595648762cbb8c97fca5,2023/12/14(木) 17:56
hokkaibun,北海道ニュースUHB,【速報】トラックに大型トレーラーが突っ込む事故発生 トレーラーの男性運転手が一時車内に閉じ込められるも救助され病院搬送 北海道石狩市の凍結路面,https://news.yahoo.co.jp/articles/b5030144d685464f9666cb728a288d348f7e7d9d,2023/12/14(木) 17:18
hokkaibun,北海道ニュースUHB,”ピンク色のトランクス”を身に着けた身元不明男性の遺体みつかる 70代くらいの高齢者か…北海道十勝川河川敷 早く家族のもとに…警察が情報提供を呼びかけ,https://news.yahoo.co.jp/articles/9e150ab170aaa19f3442bbeffa4dd88875edacb0,2023/12/14(木) 15:10
hokkaibun,北海道ニュースUHB,「70～80代の女性死亡」後ろから乗用車にはねられる…事故当時“路面凍結” 現場は車道と歩道が分かれていない道路,https://news.yahoo.co.jp/articles/6b4ae1d441ff11a70ab80e287d6fad3b723f0e1a,2023/12/14(木) 12:58
hokkaibun,北海道ニュースUHB,『統計開始以来一番の大雪』北海道北部 24時間で56センチ…「一晩でこれだけ降るのはあまりない」交通障害や路面状況に注意,https://news.yahoo.co.jp/articles/b646c70d88e9e1c3e5d6bd2e566fcae5e304f1c6,2023/12/14(木) 12:51
hokkaibun,北海道ニュースUHB,「殴って蹴り倒して引きずり出して衝撃的な映像」障害者支援施設の職員 外出拒んだ50代の男性入居者に“暴行” 顔が腫れるケガ→北海道が監査し行政処分検討,https://news.yahoo.co.jp/articles/b47bb8336b094b63df7683418aaa00ea18a01b45,2023/12/14(木) 12:40
hokkaibun,北海道ニュースUHB,懲役20年を求刑…「計画的犯行かつ極めて強固な殺意に基づく残忍冷酷なもの」北海道東部の釧路町で元交際相手で小学校教師の女性を殺害した男,https://news.yahoo.co.jp/articles/a272cb9a1ed20b1416adfdb4594053207cc40f32,2023/12/14(木) 10:10
hokkaibun,北海道ニュースUHB,函館市に続き北海道南部の江差町でも海岸で大量の”死んだイワシ”発見  急激な海水温の低下で酸欠か？ 量は800キロ程度とみられる,https://news.yahoo.co.jp/articles/ddabfd7b558f7f8e762e5e224c978a16283c869a,2023/12/14(木) 9:59
hokkaibun,北海道ニュースUHB,【速報】70～80代の女性が乗用車にはねられる 搬送時は心肺停止状態  「車で人をはねてしまった」男性運転手から通報 北海道千歳市,https://news.yahoo.co.jp/articles/9533d44982ebc32880e55eb98b290afdfb940cd0,2023/12/14(木) 8:31
hokkaibun,北海道ニュースUHB,閉店間際の飲食店で…30代女性に暴行・性交未遂 ベトナム国籍の技能実習生の男「逮捕状に書かれているようなことはしていない」容疑を否認,https://news.yahoo.co.jp/articles/7187f7380fcccc2bd9f95c6058d86cacd31f21d0,2023/12/14(木) 7:42
hokkaibun,北海道ニュースUHB,「心の迷いだし、忘れたし、死ななきゃ治りません」213円の生クリーム1個を万引した82歳女 現行犯逮捕も容疑を否認 北海道旭川市,https://news.yahoo.co.jp/articles/ca92acb2c1fa0c01d8a61a9109362387017925c3,2023/12/14(木) 7:22
hokkaibun,北海道ニュースUHB,ライフル銃が”暴発”し74歳男性が重傷 友人の経営する民宿で手入れ中に 狩猟時以外に実弾を装填...銃刀法違反の疑いも 北海道鶴居村,https://news.yahoo.co.jp/articles/ba8c486f0a89897dc1fe16fb037bdd2134ab06b0,2023/12/14(木) 7:12
hokkaibun,北海道ニュースUHB,【51歳万引き女】呼び止めた男性従業員の腹を”足蹴り”…事後強盗の疑いで逮捕「捕まるのが嫌で蹴った」炭酸飲料・使い捨てカイロ・惣菜・パンなど23点盗む,https://news.yahoo.co.jp/articles/845d54187ac485ea5142d1cdce5092f2111b8670,2023/12/13(水) 22:39
hokkaibun,北海道ニュースUHB,猟銃が暴発…猟のあとライフル銃の手入れをしていたハンターの70代男性が重傷 北海道・鶴居村 警察は”銃刀法違反”の疑いも視野に捜査,https://news.yahoo.co.jp/articles/c16e5d1876a9a580d1d42c4c6dd43e16dec04ecd,2023/12/13(水) 22:06
hokkaibun,北海道ニュースUHB,89歳祖母の遺体を自宅に放置「死体の存在が明らかになるのが怖かった。殺したのではないのかと疑われるかと不安だった」1人で祖母の世話をしていた33歳”ニート”男に懲役1年・執行猶予3年の判決 旭川地裁,https://news.yahoo.co.jp/articles/a08d727afb00b700ab51483d6eed8113f5d0c23b,2023/12/13(水) 21:51
hokkaibun,北海道ニュースUHB,チャーシュー・メンマなど食料品6点を万引き…49歳男逮捕「お金なくて生活きつかった」と供述するも所持金は”万単位”,https://news.yahoo.co.jp/articles/219cec802efab153deb7a7a1a5b1875a5f953410,2023/12/13(水) 21:30
hokkaibun,北海道ニュースUHB,JR北海道が「ゴールデンカムイ」実写映画公開でタイアップ 「特急カムイ」をリアル”ゴールデンカムイ”に大変身＆道内各駅回り★★集めるスタンプラリー開催,https://news.yahoo.co.jp/articles/7f950e9e86118afb39a76af56fbf677cf7c83dc8,2023/12/13(水) 21:00
hokkaibun,北海道ニュースUHB,脚本家・倉本聰さんの代表作「悲別」10年ぶり公演 ”富良野塾”のスピリットは”富良野GROUP”にどう継承されたのか,https://news.yahoo.co.jp/articles/3d0fc9228286d108541f53ed86b146d5be748031,2023/12/13(水) 20:40
hokkaibun,北海道ニュースUHB,「酒は抜けていると思った」33歳会社員の男 自宅で飲酒し就寝→朝の出勤途中に事故起こす→警察官が酒の臭いに気付く→基準大幅に上回るアルコール検出→逮捕,https://news.yahoo.co.jp/articles/cdd5c2a17b340a6149fd98a8d7bbfa4d548eb623,2023/12/13(水) 20:00
hokkaibun,北海道ニュースUHB,”列車が走行中に乗用車が踏切に進入”快速列車と乗用車が衝突…車を運転していた20代女性がケガ 北海道浜中町のJR花咲線 普通列車6本が運休,https://news.yahoo.co.jp/articles/c0b775b5d3c1fb37fab0746fb11641b221b6a3b0,2023/12/13(水) 19:45
hokkaibun,北海道ニュースUHB,「裏金作りとかではない」事務的なミスとして訂正へ 旭川市選出の自民党道議・市議計10人の政治団体　計57万円寄付受けながら収支報告書に不記載,https://news.yahoo.co.jp/articles/8e9739bdc5826be8fb8efdd20bf0c38629ae7cff,2023/12/13(水) 18:43
hokkaibun,北海道ニュースUHB,【速報】アパートで火事 2階の一室から出火…70代の男性1人が病院に搬送 意識あり 北海道・旭川市,https://news.yahoo.co.jp/articles/294c39825b5d490aec1fc319966bf95fa05f97f5,2023/12/13(水) 18:31
hokkaibun,北海道ニュースUHB,”ごみステーション”が燃える不審火…中のゴミや木製の扉が焼ける 1週間前にも同様の火事があったばかり…「連続放火」の可能性も 札幌市東区のマンション,https://news.yahoo.co.jp/articles/4a20013a793793201eadd7c4d8b875093711a973,2023/12/13(水) 18:15
hokkaibun,北海道ニュースUHB,"「国が重大インシデントと認定」運輸安全委が現地調査入り…なぜ運転手不在のまま赤信号の交差点に進入したのか…""札幌市電""の利用者からは不安の声が",https://news.yahoo.co.jp/articles/e4334e038826557e4808acfe60e878231a43c2aa,2023/12/13(水) 17:53
hokkaibun,北海道ニュースUHB,【速報】また北海道にイワシが大量漂着…函館市に続き 江差町でも 約800キロの魚が港や海岸に…海水温低下により海岸に密集して酸欠か？,https://news.yahoo.co.jp/articles/8e55bb6f2dc1a568a14ad0b8199b3c5d53bcea89,2023/12/13(水) 16:58
hokkaibun,北海道ニュースUHB,【速報】運輸安全委の事故調査官が現地入り 運転手いないまま約30人乗せた路面電車が交差点に進入…札幌市の市電で”重大インシデント”認定,https://news.yahoo.co.jp/articles/4f1d22da55e45553268eefd74f6a2f66ed4be62f,2023/12/13(水) 15:37
hokkaibun,北海道ニュースUHB,【速報】JR花咲線 乗用車が踏切で列車と衝突…運転手の20代女性ケガ 北海道浜中町,https://news.yahoo.co.jp/articles/ad3de2256de4a8db7ace3de2c198224d1b3aaaec,2023/12/13(水) 14:34
hokkaibun,北海道ニュースUHB,札幌市 一夜で一面雪景色―市民は朝から雪かき「根雪になるね」“本格的な冬”到来  積雪・路面凍結に注意を,https://news.yahoo.co.jp/articles/44f5bc4b62e78b792a5b7349fdc11a9e20235811,2023/12/13(水) 12:58
hokkaibun,北海道ニュースUHB,12月13日は新年の準備スタートする“正月事始めの日”―札幌のデパートに高さ約2.5メートルの「門松」 60年以上前からの風物詩,https://news.yahoo.co.jp/articles/e8c50a95e3bb780b012c28a15e057bef46fde99b,2023/12/13(水) 12:58
hokkaibun,北海道ニュースUHB,【札幌市電で重大インシデント】運転手が障害物発見→本部に報告のため下車 停留場の電話で連絡→路面電車動き出し交差点へ ブレーキ緩んだか 国交省調査へ,https://news.yahoo.co.jp/articles/3ae340d30a4a9b1e6436595c31fbcd9f08f1c866,2023/12/13(水) 12:40
hokkaibun,北海道ニュースUHB,小学校女性教師殺人事件 被害者の父親「遺体は鼻つぶれ頬がえぐれていた 死刑に処して」 検察は“懲役20年求刑”―元交際相手の裁判,https://news.yahoo.co.jp/articles/ca1f52c3f7ac0777c17e69c63835f15dbcc04749,2023/12/13(水) 12:12
hokkaibun,北海道ニュースUHB,"【速報】小学校女性教師殺人事件 元交際相手の男に""懲役20年""求刑",https://news.yahoo.co.jp/articles/529a8695af829b1671ffba57c6683af654ae698b,2023/12/13(水) 11:06
hokkaibun,北海道ニュースUHB,小学校女性教師を殺害した元交際相手の37歳無職男“初公判”で起訴内容を認める…殺害後の気持ちを聞かれると「やりきった達成感があった」「殺害した日は5月3日でゴミの日 被害者にぴったりな日」,https://news.yahoo.co.jp/articles/926b9aa16337c7b8a8be8204323c3eca3a1456c5,2023/12/13(水) 7:30
hokkaibun,北海道ニュースUHB,"自民党""政治資金キックバック問題"" そもそも政治資金パーティーって？ どうしてキックバックが問題なの？ 有権者も怒るなか…北海道の安倍派議員の回答は",https://news.yahoo.co.jp/articles/ecaa02bb53ef9c7761a16511a26aadb8146c0dc4,2023/12/13(水) 7:00
hokkaibun,北海道ニュースUHB,温泉施設のシューズBOXから”他人の靴”盗んだ疑い…56歳無職男を逮捕  防犯カメラ映像などから約8か月後に捕まる 自宅に盗んだ靴見当たらず 動機は？,https://news.yahoo.co.jp/articles/8fce5fdcbc620394c89cedcd606875149aa7cf21,2023/12/13(水) 6:30
hokkaibun,北海道ニュースUHB,スーパーの「トライアル」道内3店舗で”実際とは異なる産地表示”で販売…農林水産省の立ち入り検査で発覚 「韓国産」を「宮城県産」など…,https://news.yahoo.co.jp/articles/31e851f07948bd7595e9c8d7ad733a5da6270bd6,2023/12/13(水) 6:00
hokkaibun,北海道ニュースUHB,道路を横断していた70～80代とみられる女性が乗用車にはねられ死亡…運転手の男を逮捕 北海道登別市,https://news.yahoo.co.jp/articles/c595c72722cfb20f77780d99343c81cb9b97b94d,2023/12/12(火) 23:15
hokkaibun,北海道ニュースUHB,「運転手の態度にイラついた」札幌ススキノでタクシー運転手の胸倉をつかむなどの暴行加えた”19歳と20歳”の男2人を逮捕 酒に酔い路上でトラブル起こす,https://news.yahoo.co.jp/articles/954b600b1c6bb5ddc7d4c735bb61ffcb533a9fcb,2023/12/12(火) 22:40
hokkaibun,北海道ニュースUHB,「交際関係のもつれで口論となり、激高して殴ってしまった…手を出した自分が悪い」18歳の女子高生の頭や腹を複数回殴る…20歳のアルバイト従業員の男を逮捕,https://news.yahoo.co.jp/articles/71303d16b69b0341e7d97ba8a4df4f4e0a7991cb,2023/12/12(火) 22:27
hokkaibun,北海道ニュースUHB,UHB制作のドキュメンタリー映画「新根室プロレス物語」先行上映 サムソン宮本代表とメンバーの人間模様追い続けた4年間 笑いと涙の80分,https://news.yahoo.co.jp/articles/7da9253fd3fd7df66c25a875d05f0bf1c2f7ac18,2023/12/12(火) 20:00
hokkaibun,北海道ニュースUHB,“鳥インフルエンザ”の影響で高騰 年末を迎え「卵」の価格は…万が一発生しても全羽殺処分を回避する取り組みも,https://news.yahoo.co.jp/articles/d78bd01a7ce8626d1e20fed9f7fe46895feb6bf4,2023/12/12(火) 20:00
hokkaibun,北海道ニュースUHB,【変死体】”ピンクのトランクス”を身に着けた男性の遺体みつかる 70代くらいの高齢者か…北海道十勝川河川敷で発見 身元わからず警察が「似顔絵」を公開し情報の提供を呼びかけ,https://news.yahoo.co.jp/articles/c40557178074ae91491e1ba5469e9f4f7f542a73,2023/12/12(火) 19:39
hokkaibun,北海道ニュースUHB,乗客30人乗せた“路面電車”運転手がいない状態で動き出す 赤信号で交差点に進入し20メートル先で停車  ケガ人なし 運輸安全委が“重大インシデント”に,https://news.yahoo.co.jp/articles/aa603524207c52fe46962e55bad0bf9ee6d87152,2023/12/12(火) 19:15
hokkaibun,北海道ニュースUHB,漂着から6日目 “イワシ”約600トンを重機で回収する作業を開始…今後ウニ漁に影響が出る恐れも…匂いがついて出荷できない可能性も 北海道函館市,https://news.yahoo.co.jp/articles/b973338fb6da78954221d3b209d91054199b8b07,2023/12/12(火) 19:00
hokkaibun,北海道ニュースUHB,運転席に誰もいないのに路面電車が動き出す…約30人の乗客を乗せたまま赤信号でそのまま交差点に進入…車外にいた運転手が乗客からのSOSで慌てて飛び乗り ”急ブレーキ”　重大インシデントとして調査へ,https://news.yahoo.co.jp/articles/012bc5993d53c844017ffcb388a927b06ab8b162,2023/12/12(火) 17:35
hokkaibun,北海道ニュースUHB,小学校女性教師殺人事件 元交際相手の男の“初公判”―殺害直後の気持ちは？ 被告人質問に「やりきった」「殺害した5月3日はゴミの日 彼女にぴったりな日」,https://news.yahoo.co.jp/articles/1fed87c3c6a3a7f3cc25edd17ad5805043e91619,2023/12/12(火) 17:27
hokkaibun,北海道ニュースUHB,【速報】小学生女児のBB弾の投げ込みに激高…父親を刺殺、母親も殺害しようとした58歳男 …“懲役25年”の判決を不服として控訴　北海道旭川市,https://news.yahoo.co.jp/articles/d3bb62eecad6cf64dc29cc86ef03c0dbdbfa28a7,2023/12/12(火) 16:19
hokkaibun,北海道ニュースUHB,【ソフトモヒカンの小太り男】 路線バスの車内で突然 女子児童の膝の上に座る…ほかの乗客に「何やっているんだ！」と一喝されバスから逃走　警察が注意呼びかけ 札幌市,https://news.yahoo.co.jp/articles/987222b8606defef2d52fddcfad9c8d7ef4777a0,2023/12/12(火) 15:47
hokkaibun,北海道ニュースUHB,またも左側タイヤが脱輪…国道走行中の大型車両から左後輪2本外れる…脱輪後も約500メートル走行「ガリガリ異音聞こえて止まった」ケガ人なし 北海道知内町,https://news.yahoo.co.jp/articles/044613d1181fdd06d2c47e986bf8f7ed0473d838,2023/12/12(火) 15:35
hokkaibun,北海道ニュースUHB,「自衛隊の輸送用トラック」が路外に逸脱　けが人なし 路面はアイスバーン スリップか 北海道新十津川町の国道275号,https://news.yahoo.co.jp/articles/d46806fd133101ce7c379c799e75c72ce8cd83fa,2023/12/12(火) 14:12
hokkaibun,北海道ニュースUHB,「サムソン宮本さんを忘れません」UHB制作 ドキュメンタリー映画“新根室プロレス物語”先行上映会,https://news.yahoo.co.jp/articles/a92e0f23644498417a383533a15aa0e569ac489a,2023/12/12(火) 13:02
hokkaibun,北海道ニュースUHB,小学校女性教師殺人事件の初公判 元交際相手の男 丸刈りで法廷に 冒頭陳述で判明「女性のカード無断使用で破綻 ストーカーに」＋検察が明かした経緯・時系列,https://news.yahoo.co.jp/articles/c4e3dc62869ff3f0ccdb58459354fb1817ae4706,2023/12/12(火) 12:52
hokkaibun,北海道ニュースUHB,"海岸に漂着した""大量のイワシ” 撤去に重機6台投入―期間は人力と変わらず15日間…人がスコップですくう→ショベルカーでダンプに積む 地道な作業続く",https://news.yahoo.co.jp/articles/ea4104904ad2ce86320f16e6f06e902efa146748,2023/12/12(火) 12:37
hokkaibun,北海道ニュースUHB,【速報】小学校女性教師殺人事件“初公判” 元交際相手の男「間違いありません」 起訴内容認める 合鍵で侵入しクローゼットで待ち伏せ…包丁2本で多数回刺す,https://news.yahoo.co.jp/articles/bccd5304b0090243a286d7eb3e1994e3cc511770,2023/12/12(火) 10:16
hokkaibun,北海道ニュースUHB,ナットは？大雪対策は？ 年末年始の繁忙期を前に北海道運輸局が”安全総点検” フェリーや鉄道など輸送機関を対象に来月10日まで,https://news.yahoo.co.jp/articles/3bc5664c480824f27fe30c35bcfaf6446f1301b5,2023/12/12(火) 7:22
hokkaibun,北海道ニュースUHB,80代母親の自宅 玄関にテーブル様の家具投げつけ出入り口ふさぎ“監禁”―55歳無職の男 現行犯逮捕「手をあげていない」,https://news.yahoo.co.jp/articles/b39efd97e2cbad086fb5cb5f3a3623ee1537ca82,2023/12/12(火) 5:05
hokkaibun,北海道ニュースUHB,“事実婚の50代女性”の頭や顔殴る→目のまわり腫れるけが 66歳男を現行犯逮捕―朝から酒に酔っていて暴力「同居を解消するか否か話し合いの最中」,https://news.yahoo.co.jp/articles/75d2a180e001a623b4c509438f21cc99872a4248,2023/12/12(火) 5:00
hokkaibun,北海道ニュースUHB,冬も“あったか”北海道ボールパークFビレッジ 『カフェオープン』魅力的な3店…こだわりのコーヒーやビン入り映えケーキ サクサクのマドレーヌも,https://news.yahoo.co.jp/articles/e285c050414d41648ce5cfe708813d0683782059,2023/12/11(月) 21:25
hokkaibun,北海道ニュースUHB,大谷選手のロサンゼルスドジャースへの移籍 ロサンゼルスのファン「バンザーイ！フォー」札幌のアパレル店 ドジャースのキャップが売れ行き1.5倍,https://news.yahoo.co.jp/articles/e65c7e5305e577e143effe2a50e318044a3bc4f4,2023/12/11(月) 21:25
hokkaibun,北海道ニュースUHB,“約1億5000万円の詐欺”2023年北海道内最高被害額 SNSで知り合った男「収益利率20％を超える」 札幌の女性『暗号通貨の投資話』でだまされる,https://news.yahoo.co.jp/articles/210c216b6156cdf29ed8963d29958cec276f5e9e,2023/12/11(月) 21:07
hokkaibun,北海道ニュースUHB,日本初目視外でもOK！ 北海道上士幌町で“ドローン配送デモ”―操縦者は山梨県―レストラン→オフィスに弁当＆新聞配達 無人地帯上空で補助者なしの規制緩和,https://news.yahoo.co.jp/articles/c3cdad561331743b43ea356de2d971714592652a,2023/12/11(月) 21:07
hokkaibun,北海道ニュースUHB,函館の海岸に大量のイワシ 手作業で回収 3日間で約90トン回収 しかし作業は道半ば 住民「臭いが来ている」 12日から重機投入を検討,https://news.yahoo.co.jp/articles/328753e27286d215241a746b25d9aa25c26107f6,2023/12/11(月) 21:07
hokkaibun,北海道ニュースUHB,インフルエンザだけじゃない！ 「プール熱」が大流行 過去10年で最多の患者数…“アルコール消毒”効きにくい 予防策は？,https://news.yahoo.co.jp/articles/f362d5b2b4b6d3ded9f7e74710f21b21941d5753,2023/12/11(月) 21:00
hokkaibun,北海道ニュースUHB,海外からの富裕層取り込め 新千歳空港に“ビジネスジェット専用施設”オープン ラピダス関係者や研究者の需要にも期待,https://news.yahoo.co.jp/articles/6cc03b99eb9d34fe5516bfbf4a7db21ed49b9f8a,2023/12/11(月) 20:51
hokkaibun,北海道ニュースUHB,「不信招き申し訳ない」橋本聖子参議員も“1000万円超”キックバックか…「調査して説明責任を果たしたい」パーティー収入不記載問題,https://news.yahoo.co.jp/articles/14e66bda716bb644e1e25e73b267403dbc466acf,2023/12/11(月) 20:45
hokkaibun,北海道ニュースUHB,【速報】特急×乗用車 踏切で衝突― 車に乗っていた“女性が搬送” 「乗客115人にケガなし」 JR北海道 函館線・七飯駅構内,https://news.yahoo.co.jp/articles/9aa34cf41fd6ce964cba0329a022eb3f4e9c98f7,2023/12/11(月) 18:13
hokkaibun,北海道ニュースUHB,「納得できる説明を」橋本聖子・議員側もキックバックか  “政治資金パーティー問題” 北海道民から厳しい意見…『1000万超』収支報告書記載なし疑い,https://news.yahoo.co.jp/articles/0ad3a5080b6480caecf08db1e93c12a833bae318,2023/12/11(月) 12:47
hokkaibun,北海道ニュースUHB,函館の海岸漂着『大量イワシ・サバ』 近所で「臭いは来ている」 “手作業”で2日間約70トン回収も道半ば…重機投入予定も砂混じると燃えにくい新たな問題も,https://news.yahoo.co.jp/articles/82da64c761e97e3cb0f55cb63d05f80f7f00b313,2023/12/11(月) 12:37
hokkaibun,北海道ニュースUHB,“クリスマス”まであと2週間 ムード一層高める『ポインセチア』出荷最盛期 赤・オレンジ・黄色と色付き良く株も大きく出来栄え良い…新千歳空港ロビーに展示,https://news.yahoo.co.jp/articles/3f9e859be8e45e2bd12759d46556a36854cb5074,2023/12/11(月) 12:30
hokkaibun,北海道ニュースUHB,”交通トラブル”か...自転車の男が”因縁”つけ歩道上の姉妹2人に暴行 20代姉は唇にケガ 自称無職の男を逮捕　北海道岩見沢市,https://news.yahoo.co.jp/articles/0d01b2fc10e1d80f1ebf6e11c693e240f45b0823,2023/12/11(月) 8:10
hokkaibun,北海道ニュースUHB,”東京の女”インスタDMで「友達になりませんか？」次第に投資話へ…40代男性が現金215万円だまし取られる 北海道富良野市,https://news.yahoo.co.jp/articles/7add06dc9b4fd90ff9fed9c3dc6461d22bdf0013,2023/12/11(月) 8:05
hokkaibun,北海道ニュースUHB,札幌ススキノの性風俗店の出入口ドアを蹴って壊す…「むかついて蹴った」客の男逮捕　事件前には”トラブル”で店から110番通報も,https://news.yahoo.co.jp/articles/295c6538652906e20add3c29d6e2ae7f5641aa34,2023/12/11(月) 7:37
hokkaibun,北海道ニュースUHB,大通駅構内で”喫煙”注意した男性駅員に足蹴り...無職の61歳男を現行犯逮捕「注意されたことに頭に来た」当時は飲酒状態 札幌市,https://news.yahoo.co.jp/articles/7097bc1b439e3b73918831c57ed8ea888a47ae17,2023/12/11(月) 7:29
hokkaibun,北海道ニュースUHB,実家に向かうタクシー車内で”彼女”の顔をドアに何度も押し付ける 20歳男を逮捕「嫌なこと言われて頭に来た」 男の母親が110番通報,https://news.yahoo.co.jp/articles/d11740fa0dc26eadccd93479ca8b1cd54712fec1,2023/12/11(月) 7:29
hokkaibun,北海道ニュースUHB,タクシーにはねられ死亡 47歳の男性と身元特定 札幌市豊平区,https://news.yahoo.co.jp/articles/6f7ce92cc7082ee58078192375cc05ca5f0323e1,2023/12/10(日) 18:36
hokkaibun,北海道ニュースUHB,北海道 日本海側で吹雪・強風続く 吹きだまりによる交通障害に十分注意を,https://news.yahoo.co.jp/articles/01953ddce32eb48f4d9a8e664f1763b1f11f9be3,2023/12/10(日) 18:13
hokkaibun,北海道ニュースUHB,「マールク新さっぽろ」完成で”まちびらき”セレモニー 商業施設「BiVi」に病院・大学・タワーマンションが集結 「アクティブリンク」でつながる,https://news.yahoo.co.jp/articles/309a33ced170b02111d77dde945fb407e91288e1,2023/12/10(日) 18:06
hokkaibun,北海道ニュースUHB,「欲しかったから盗んだ」スーパーで茶わん蒸し万引き80歳男を従業員が”私人逮捕” 所持金は数千円 男からは他にも食品が…,https://news.yahoo.co.jp/articles/c52056bee7cec16b6ba0b864fc96b596343293a1,2023/12/10(日) 17:03
hokkaibun,北海道ニュースUHB,「日本の誇り」「並外れている」“史上最高額の契約金 約1015億円”に北海道のファンも驚き 大谷翔平選手がドジャースと契約,https://news.yahoo.co.jp/articles/121f6ebddf24204013b9f71feded0ce086bcbba0,2023/12/10(日) 12:33
hokkaibun,北海道ニュースUHB,道路横断中の男性 タクシーにはねられ死亡 札幌・地下鉄南平岸駅すぐ近く 警察が男性の身元の特定進める,https://news.yahoo.co.jp/articles/9c7df54db687536fb124fa2d671184c5bfa47ab4,2023/12/10(日) 12:26
hokkaibun,北海道ニュースUHB,”仕事道具のハンマー”を同僚に投げた男を逮捕 「積もり積もっていたものが…当てるつもりで投げたわけじゃない」 北海道苫小牧市,https://news.yahoo.co.jp/articles/8061d5be617249d8fda3e0b23cd052682afcbe80,2023/12/10(日) 8:59
hokkaibun,北海道ニュースUHB,諦めた夢にもう一度挑戦 好きな“サブカルチャー”を仕事に！プロ級のデジタル技術を教えて障害のある人に就労支援,https://news.yahoo.co.jp/articles/e6b80928f2623ef71513d7ee2c4d77b609e2d257,2023/12/10(日) 8:00
hokkaibun,北海道ニュースUHB,いよいよ「ツルツル路面」シーズン到来…札幌の転倒での搬送“根雪じゃないのに”すでに前年比2人上回る 転ばないための注意点,https://news.yahoo.co.jp/articles/b9c01747e3bbf655dbc51e5d721555ba42f4e157,2023/12/10(日) 7:00
hokkaibun,北海道ニュースUHB,ヒグマに立ち向かうハンターの世界に異変…北海道で狩猟免許取得をめざす若者が増加…しかし”熊撃ち”になるには険しい道のりが「5年10年は経験を積む必要」,https://news.yahoo.co.jp/articles/ca67584bd4c6900245e3c7876f1cae8957fcd826,2023/12/10(日) 7:00
hokkaibun,北海道ニュースUHB,「お金がなかったが、生活に”体温計”が必要だと思った」ドラッグストアで体温計とお菓子盗んだ73歳の男を逮捕「お菓子も食べたくなった」北海道・旭川市,https://news.yahoo.co.jp/articles/52f41532095fa4273fad6ad0317c68e70b0ec51c,2023/12/9(土) 21:00
hokkaibun,北海道ニュースUHB,"新千歳空港に""ビジネスジェット施設"" 「プライバシー重視の作り」「保安検査場と直結」 ビジネスジェットの需要増を見越す",https://news.yahoo.co.jp/articles/c9be60b115673cfe61184ed99cdd225c115f618f,2023/12/9(土) 19:40
hokkaibun,北海道ニュースUHB,人の流れが変わった ススキノの新名所「COCONO SUSUKINO」開業から1週間…朝から楽しめる街に 若い女性客も,https://news.yahoo.co.jp/articles/90e3cf5a67b2eaabd59b6ecbe49eaf81213b2716,2023/12/9(土) 19:30
hokkaibun,北海道ニュースUHB,「金を支払うまでは会えない」SNSで”自称韓国人の女”から売春を持ちかけられた20代の男性 電子マネーで15万円分支払い だまし取られる　北海道北見市,https://news.yahoo.co.jp/articles/dcf3aa8bbec10e9074242d1276e4350c16f87c2c,2023/12/9(土) 19:00
hokkaibun,北海道ニュースUHB,"""知床沖観光船沈没事故""を踏まえ… 紋別港に巡視船「はてるま」到着 以前より『大型』『高速力』 ヘリ発着可能な甲板完備 道東海域の救助態勢の強化",https://news.yahoo.co.jp/articles/3b5f03b8adf574d4cb3ce6c56739d334a2bf02a6,2023/12/9(土) 18:34
hokkaibun,北海道ニュースUHB,恐怖！【ソフトモヒカンの小太り男】走行中の路線バス車内で突然 女子児童の膝の上に座る…ほかの乗客に「何やっているんだ！」と一喝されバスから逃走…警察が注意呼びかけ 札幌市,https://news.yahoo.co.jp/articles/5293bc7ce4aaeabfa105c7a549a72ed8a98f4d4d,2023/12/9(土) 15:54
hokkaibun,北海道ニュースUHB,交差点で右折車と直進車が衝突…弾みで歩行者の男性巻き込まれる…計2人搬送 右折車の運転手を過失運転致傷で現行犯逮捕　札幌市東区の札幌新道,https://news.yahoo.co.jp/articles/e1cd9e85fd3adb5c2defb0581cf3ae292c8f3d96,2023/12/9(土) 13:38
hokkaibun,北海道ニュースUHB,忘年会シーズン迎えて「飲酒運転」の一斉取り締まり 北海道全体で13件検挙…札幌では逮捕者も 北海道警,https://news.yahoo.co.jp/articles/299d63ce3b95bac44bfc8c31e549ff3809b20b5a,2023/12/9(土) 12:29
hokkaibun,北海道ニュースUHB,大量のイワシで埋め尽くされた函館市の海岸 腐敗始まる中 ”回収作業”始まる…市職員や漁業者ら約100人 まずは手作業で魚拾い ゴミ処理場に運び焼却処分,https://news.yahoo.co.jp/articles/cb500482cd22de44b034d6ad6cdac1ca26db329c,2023/12/9(土) 11:00
hokkaibun,北海道ニュースUHB,【6000万円】だまし取られる 70代男性 ”ネット広告”がきっかけで経済アナリストを名乗る者にSNSで株式投資を勧められ3回に分けて振り込む 札幌市,https://news.yahoo.co.jp/articles/953d347f46d8c8924c32330e18df4fd48594b911,2023/12/9(土) 9:30
hokkaibun,北海道ニュースUHB,走行中のワンボックスカーから左後輪タイヤがはずれ歩道を歩いていた男性にあたる…手を打撲するケガ 過失運転致傷の疑いで捜査 北海道登別市,https://news.yahoo.co.jp/articles/eca6ed464e54e017113b046d1eb5430e4998fc55,2023/12/9(土) 9:00
hokkaibun,北海道ニュースUHB,クマだと思ったら「シカ」の見間違え？ 散歩中の男性からクマの目撃情報が寄せられるも札幌市の調査でシカの痕跡みつかる…札幌市西区の宮丘公園,https://news.yahoo.co.jp/articles/b01342400193a5ae8c26cf12fc6d4656378180d6,2023/12/9(土) 8:41
hokkaibun,北海道ニュースUHB,神社に「さい銭泥棒」…警察が警戒中にも関わらず 約4万円を盗み出したとして42歳無職男を逮捕　防犯カメラなどで特定されるも「やっていない」と容疑否認,https://news.yahoo.co.jp/articles/3510faef228e11bf14259255c351b538dd4bccb0,2023/12/9(土) 7:30
hokkaibun,北海道ニュースUHB,「サイコーです！」“推しネコ”SNS発信で新しい飼い主の元へ…「あいまる さっぽろ」オープン直後から収容限界に,https://news.yahoo.co.jp/articles/3838fc1026e29fc31e758eaccdc55678db9bbaf4,2023/12/9(土) 7:00
hokkaibun,北海道ニュースUHB,「飲食代1万3000円に納得いかない！」自称68歳無職男が金払わず逃走…追いかけてきた女性従業員を殴り逃げようとするもタクシー運転手に取り押さえられる,https://news.yahoo.co.jp/articles/4029334ba8704cd656a19a044d9b81aadb9a3ade,2023/12/9(土) 6:30
hokkaibun,北海道ニュースUHB,北海道経済界の立役者 伊藤義郎さん 96歳で死去…伊藤組土建の社長会長を務め 北海道商工会議所連合会の会頭や札幌証券取引所の理事長など多くの要職を歴任,https://news.yahoo.co.jp/articles/a4ea969d1bef856a7e2ac9b6f4c780b3ed052115,2023/12/9(土) 6:00
hokkaibun,北海道ニュースUHB,犯罪捜査の重要な手がかり「似顔絵」で犯人を捕まえる！ 北海道警釧路署で講習会開催　今年は道内約500件の事件で作成 特殊詐欺事件でも活用,https://news.yahoo.co.jp/articles/c9a9598214d725b6ba62644ce029108f0a2c7e97,2023/12/8(金) 22:45
hokkaibun,北海道ニュースUHB,病院の「女子更衣室」に侵入した61歳男を逮捕 一度侵入試みるも…女性職員に見つかり退散 再び忍び入り職員と鉢合わせ…言葉に詰まり 手に財布持っていたため”私人逮捕”に至る,https://news.yahoo.co.jp/articles/3bccbc86afd8769bfb7d550d66a05d37cf0f667e,2023/12/8(金) 21:15
hokkaibun,北海道ニュースUHB,「異様です」市民も困惑…中心部に“納骨堂”出現か NPO法人と連絡とれず設置の経緯を調査へ 札幌市,https://news.yahoo.co.jp/articles/c2b9a66f1ced845448e0c6129a20aa924cb795e7,2023/12/8(金) 20:30
hokkaibun,北海道ニュースUHB,ドライバー不足に対応 ヤマト運輸とJALがタッグ「貨物専用航空機」導入…10トントラック5～6台分の荷物が積め 新千歳⇔羽田間は最短で当日配送も可能,https://news.yahoo.co.jp/articles/5692e847ff9d4e78a9cfe3938dcb17f8a25bb621,2023/12/8(金) 20:10
hokkaibun,北海道ニュースUHB,イワシに埋め尽くされた海岸 歩くと膝までズッポリ埋まってしまうほど…漁師らが手作業で撤去するも量が多すぎて焼け石に水”状態…腐敗臭も大変 北海道函館市,https://news.yahoo.co.jp/articles/8f098f323ee1e356a915f862e38782d06d337297,2023/12/8(金) 19:25
hokkaibun,北海道ニュースUHB,トレーラーが圧雪アイスバーンでスリップか…観光バスや乗用車と衝突 バス運転手と外国人観光客など計7人がケガ　北海道・富良野市,https://news.yahoo.co.jp/articles/dcbd43e17e26640221306e32a03f3d3b14f95471,2023/12/8(金) 18:58
hokkaibun,北海道ニュースUHB,【訃報】北海道経済の発展に貢献した伊藤義郎さん死去 96歳,https://news.yahoo.co.jp/articles/0f32dbc5ea32569a908f324ca59536b199081582,2023/12/8(金) 17:43
hokkaibun,北海道ニュースUHB,【変死体】港に浮かぶ40～60代とみられる女性の遺体…ポーチには”ネズミとみられる小動物の死がい”が…靴には「滑り止め」装着 身元わからず 警察が情報提供を呼びかけ 北海道・小樽市,https://news.yahoo.co.jp/articles/a278d4923f786ba908d236e27194e48f2ae9ab49,2023/12/8(金) 15:00
hokkaibun,北海道ニュースUHB,ガソリンスタンドで『水が混入したレギュラーガソリン』誤って販売…タンクに“約250リットルの水”エンジン不具合多数,https://news.yahoo.co.jp/articles/5b14978b9f9af3a685d6551f9e37f1bc2ea846e0,2023/12/8(金) 12:44
hokkaibun,北海道ニュースUHB,大規模畜産会社「ノベルズ」グループ『総額25億円の支援』受ける…コロナ禍により“経営悪化” 従業員約650人の雇用は維持,https://news.yahoo.co.jp/articles/b5a2b3d90bd7a88602a9b007f0dd5854b0b0991a,2023/12/8(金) 12:44
hokkaibun,北海道ニュースUHB,『観光バスと大型トレーラー』衝突 “乗客とバス運転手”10人搬送…路面は「圧雪アイスバーン」トレーラーがスリップか,https://news.yahoo.co.jp/articles/834807a898bccd06367b3e068a58d0ce539f4dda,2023/12/8(金) 12:36
hokkaibun,北海道ニュースUHB,“圧雪アイスバーン” トレーラー 連結部分が曲がり操縦不能になる「ジャックナイフ現象」→観光バスに衝突 外国人含む男女10人搬送―北海道富良野市の国道,https://news.yahoo.co.jp/articles/c42255b2e25e45b00ca82dc54172a5f9ddf5666d,2023/12/8(金) 9:37
hokkaibun,北海道ニュースUHB,鈴木知事も舌鼓「うまみがカレーに反映されている」 北海道噴火湾産大きな“ホタテ入りカレー”登場 消費拡大狙い地元大手コンビニ出来立て約830店舗で販売,https://news.yahoo.co.jp/articles/848286e2c61f00420696c9d92c322ea2bd9c1aff,2023/12/8(金) 7:30
hokkaibun,北海道ニュースUHB,「クマは5年、10年の経験を積まないと」”一人前のハンター”への道…“クマやシカ被害”相次ぐ北海道 5年目の若手ハンター「経験積む」日々に密着,https://news.yahoo.co.jp/articles/28b467ce5542f18c920dce8432152a1bfa2214d5,2023/12/8(金) 6:30
hokkaibun,北海道ニュースUHB,函館の海岸に死んだ大量の魚…次々と打ち上げられる異様な光景広がる その正体は“イワシ”と“サバ”,https://news.yahoo.co.jp/articles/165f37800e021d506fc5ee8862a17bbda785b1f9,2023/12/8(金) 6:00
hokkaibun,北海道ニュースUHB,「カッとなってやった」40代妻の頭を壁に打ち付ける 49歳バス運転手の男を逮捕…「風邪で具合が悪かった」「言葉遣いをめぐって口論になった」,https://news.yahoo.co.jp/articles/ede54d8dd6f3ea61eddd3311ce19f8fc3fa46fa7,2023/12/7(木) 21:30
hokkaibun,北海道ニュースUHB,「別れ話され彼の背中刺した」24歳無職の女 殺人未遂で現行犯逮捕 ひとつ年上の交際相手の自宅で “果物ナイフ様のもの”ひと突き―玄関先にたたずむ,https://news.yahoo.co.jp/articles/f86b3f653ece4d52256f936e0236b24347672eec,2023/12/7(木) 21:00
hokkaibun,北海道ニュースUHB,空き家に“放火”2時間近く燃えて全焼…近所に住む63歳男を非現住建造物等放火の疑いで逮捕…調べに「覚えていない」などと供述 北海道・津別町,https://news.yahoo.co.jp/articles/2b2b6be3080952a6dd4fe756b1299ed38c8e6d19,2023/12/7(木) 21:00
hokkaibun,北海道ニュースUHB,「ハンターになりたい！」若手の受験希望者が意外にも増加中…”ヒグマやエゾシカ”による被害が相次ぐ北海道 担い手不足の中 それぞれが目指すワケとは,https://news.yahoo.co.jp/articles/56eb7f17a1d31287fdf53bd7b6ec4692cdb3a16b,2023/12/7(木) 20:07
hokkaibun,北海道ニュースUHB,「おならプー」道路標識直してスッキリ～『小樽おなら』が『小樽港』へ…市民の指摘まで30年気付かず 外国人観光客は「良くなったね」,https://news.yahoo.co.jp/articles/eeec207336b3b73bd9b950b29674839a990a96fc,2023/12/7(木) 20:00
hokkaibun,北海道ニュースUHB,新型コロナ“5類移行”後初めての年末「忘年会」が復活の兆し 100人超の大宴会も…参加する人しない人 それぞれの理由,https://news.yahoo.co.jp/articles/d1c4abff21e71e731ae35c7589f8fc68e2ff081a,2023/12/7(木) 19:49
hokkaibun,北海道ニュースUHB,授業中居眠りする男子高校生の耳に“イヤホン”発見…「なんだこれは！」机を蹴り右耳を叩いた男性教師（63）を懲戒処分に 生徒ケガして保護者から連絡…他にも授業中に騒ぐ小学男児にゲンコツした女性教師（39）も減給に,https://news.yahoo.co.jp/articles/c5b3782dca3841eb78c8c4cf692cb27ae5e0d7f8,2023/12/7(木) 19:28
hokkaibun,北海道ニュースUHB,職場のパソコンで”出会い系サイト”閲覧…札幌市役所の係長（56）懲戒免職…250万円分残業通勤手当の不正受給も「金銭的な余裕が欲しかった」退職金ゼロに,https://news.yahoo.co.jp/articles/fce0c2cb8722b72f80c6b7c537b214de1d55dfba,2023/12/7(木) 18:27
hokkaibun,北海道ニュースUHB,【速報】交差点で車同士が衝突 1台が横転 一時男女3人が車内に閉じ込められる…救助され病院搬送 意識あり 札幌市中央区,https://news.yahoo.co.jp/articles/bafe05d1ca577227485506a79965d244c4707e98,2023/12/7(木) 16:52
hokkaibun,北海道ニュースUHB,”イワシの波”が！ 海岸がイワシやサバだらけに！ 北海道・函館市の海岸に約1キロにわたり”大量の魚”が打ちあがる…拾って持ち帰る住民も,https://news.yahoo.co.jp/articles/99e2fc2bc7554602a57fa421fb948db4f3919f60,2023/12/7(木) 15:19
hokkaibun,北海道ニュースUHB,"子どもの相談窓口""偽物""アカウント…職員が発見　利用しないよう呼びかけ　札幌市子どもアシストセンター",https://news.yahoo.co.jp/articles/10c2f6a26214ccf545accf50603209edf0a8e2c8,2023/12/7(木) 15:02
hokkaibun,北海道ニュースUHB,大量のイワシが函館市の海岸に打ちあがる 中にはサバも…約1キロにわたり浜辺が魚だらけ 拾って持ち帰る住民も 函館市が現地調査,https://news.yahoo.co.jp/articles/042bb7561e87d5179fc9421c248a37ffd14afb4f,2023/12/7(木) 13:38
hokkaibun,北海道ニュースUHB,“福祉の仕事” 幅広さ知ってもらうのが狙い 「障害者も運転できる車を初めて知った」高校生が福祉車両を触って体感―札幌市内の高校×企業と連携『出前講座』,https://news.yahoo.co.jp/articles/a0017d4b743ad5fb67d530ab341cd50a35fbf773,2023/12/7(木) 12:43
hokkaibun,北海道ニュースUHB,「ご飯を食べるのが遅くてイライラした」消防士の男 “自宅で次男を虐待”―押し倒してケガ負わせる 日常的な暴行か,https://news.yahoo.co.jp/articles/fbbe337453764dd7ab96b1bea73fc0342e036f2d,2023/12/7(木) 12:43
hokkaibun,北海道ニュースUHB,30年気づかなかった道路標識『小樽おなら』→朝5時には『小樽港』へしれっと“張り替え”修正―「びっくりしますよね」10月に市民の指摘で発覚,https://news.yahoo.co.jp/articles/c5ece146c0d0b3912606337a1954d110de1d2861,2023/12/7(木) 12:36
hokkaibun,北海道ニュースUHB,「小樽おなら」未明に確認すると修正済み 道路標識の英語表記「Otaru　Poot」から「Otaru　Port」に30年ぶりに正しい表記へ 北海道小樽市,https://news.yahoo.co.jp/articles/c5f94f1080005bf7c83f7ae67189e8d79e4fa6a2,2023/12/7(木) 7:51
hokkaibun,北海道ニュースUHB,「部屋から火が見える」住宅街の木造アパートで火災…ケガ人なし 約3時間で鎮火してほかへの延焼なし 火元の上の部屋も焼ける 北海道留萌市,https://news.yahoo.co.jp/articles/a1db6d23e364433603028b940b25ca01dd0f6ada,2023/12/7(木) 7:51
hokkaibun,北海道ニュースUHB,元教師と当時勤務していた中学校の生徒 男が千枚通しで刺した女2人…実は慰謝料など名目で現金300万円を脅し取っていた 「トラブルをめぐって起きた」,https://news.yahoo.co.jp/articles/4034605a3a1313de83f961bf3ef105a1e434c492,2023/12/7(木) 7:51
hokkaibun,北海道ニュースUHB,札幌市内の大学体育館「男子更衣室」に侵入しipadなど盗んだ”自称・タイ国籍＆無職”の24歳男を逮捕…タイへ出国後 日本に戻ってきたところを空港で逮捕,https://news.yahoo.co.jp/articles/076eb5c69647236109992c99286fe3764c5818ac,2023/12/7(木) 7:00
hokkaibun,北海道ニュースUHB,在留カードを改ざん　”闇業者”から入手か…「倶知安のホテルで働きたかった」ベトナム国籍の32歳女を逮捕,https://news.yahoo.co.jp/articles/f1d28298623e3aac39db452b6e8a0212c7ea8b96,2023/12/7(木) 6:00
hokkaibun,北海道ニュースUHB,「当日中に返すから自転車を貸してほしい」知人の自転車を借りて そのままリサイクルショップへ 売り払った16歳の男を逮捕 動機は？ 北海道・釧路市,https://news.yahoo.co.jp/articles/6803ee6a6595d515c569143b676432f5d13ff54c,2023/12/6(水) 22:50
hokkaibun,北海道ニュースUHB,「小樽おなら？」道路標識の英語表記に間違い発覚 北海道・小樽市　30年以上も気付かず緊急修正へ　「Otaru　Poot」×→「Otaru　Port」○,https://news.yahoo.co.jp/articles/8f9504bb46f42df5684f18c557ebed043c26f5e3,2023/12/6(水) 22:17
hokkaibun,北海道ニュースUHB,ベトナム国籍の”技能実習生”10か月以上不法残留…窃盗で全国指名手配されていた外国籍の男といたところを職務質問され発覚,https://news.yahoo.co.jp/articles/3fe454ce3f8d7590422945358e24b58a6cf8d5f6,2023/12/6(水) 21:35
hokkaibun,北海道ニュースUHB,"別れ話切り出され激高か―""交際中の50代女性“複数回 頭部を殴打＋背中や腰足蹴りで背骨骨折 55歳アルバイト従業員の男逮捕「遊技場で知り合い恋仲に」",https://news.yahoo.co.jp/articles/37eccb969e3929f141959ea4767c22dee7e6657e,2023/12/6(水) 21:29
hokkaibun,北海道ニュースUHB,小学校にヒグマ出没「教室のすぐ前なんですけど思いっきりドアを閉めたら、音にびっくりして逃げた」追跡中のハンターの車にはねられ死ぬ…北海道岩見沢市,https://news.yahoo.co.jp/articles/77a8a81e6cfa98a2513087c6f952e91aa7d4f780,2023/12/6(水) 21:00
hokkaibun,北海道ニュースUHB,「犯人見つかったの？」小学1年女児が車の下敷きに 車はそのまま逃走…家族が事故現場で情報提供呼びかけ「自分たちでもできる事していきたい」北海道・旭川市,https://news.yahoo.co.jp/articles/889cefc52ad9e806451c54c52ba7dbc7d3bf47d1,2023/12/6(水) 20:30
hokkaibun,北海道ニュースUHB,「誠意だよ。誠意。」元中学教師に対し”300万恐喝”した挙句、千枚通しで刺された教え子の40代女2人を起訴…元教師の75歳男は殺人未遂の罪で起訴済み,https://news.yahoo.co.jp/articles/e7574245f8d3bdd05d00281436e054fb0992b642,2023/12/6(水) 19:46
hokkaibun,北海道ニュースUHB,12月なのに暖かい日が続く 札幌は2日連続で10℃超え…衣料品の売れ行きに変化が 冬のアクティビティに影響も,https://news.yahoo.co.jp/articles/4cc7c166b87c284e262d96982af3cd4d965bff9b,2023/12/6(水) 19:30
hokkaibun,北海道ニュースUHB,「振動がしてアスファルトが削れるような音がして止まった」また走行中の大型トラック左後輪からタイヤ外れる…ナットの緩みが原因か 北海道・小樽市の国道,https://news.yahoo.co.jp/articles/bea3aba72e150e6287a18ff0045e4d858c784541,2023/12/6(水) 19:30
hokkaibun,北海道ニュースUHB,【速報】北海道留萌市のアパートから出火 ケガ人の情報なし,https://news.yahoo.co.jp/articles/0dc6ecb4110eb52ab04768c18631284ef7a0d574,2023/12/6(水) 19:09
hokkaibun,北海道ニュースUHB,"「過去最もミルクを飲むのが下手な牛」としてSNSで話題! バケツに顔ごと…息できている？ 飲むミルクよりこぼれるミルクの方が多い ""ぶくちゃん""に注目",https://news.yahoo.co.jp/articles/a8d01a6e6a79b4771beb2ac47ad0eb27a0c41c9e,2023/12/6(水) 18:24
hokkaibun,北海道ニュースUHB,空き家に”砲弾”のようなもの 長さ約73センチ2本 家の整理をしていたら発見…一時住民に避難呼びかけ 陸自が無事回収 北海道鹿部町,https://news.yahoo.co.jp/articles/7832fb985f7cd696099f321a563fa07ce869e592,2023/12/6(水) 16:02
hokkaibun,北海道ニュースUHB,「ビルの屋上から煙と炎」札幌市中央区北1西3に多数の消防車が出動 確認するも”火災現象なし”　西日が水蒸気に反射したものを誤認と判明,https://news.yahoo.co.jp/articles/786bf9cf9bccd2e899de4d3d73125a762f98227b,2023/12/6(水) 15:48
hokkaibun,北海道ニュースUHB,”木登りキツネ”登場…住宅街に現れた 木の枝にとまる キタキツネ  カラスに威嚇されながらも上へ上へ…一部始終を激写 これぞ本物「キツネジャンプ」,https://news.yahoo.co.jp/articles/8ef2ad0c8d52fd34e38fc039404e34c0ec0670f0,2023/12/6(水) 15:10
hokkaibun,北海道ニュースUHB,北海道小樽市の国道5号で2日連続―大型トラックの左後輪タイヤ2本外れる “ナットの締め方 不十分？” 専門家「左側はねじ緩む方向に回転」,https://news.yahoo.co.jp/articles/0d80f84eb143551fd2ea1dde5c0e8d9cf85d08cc,2023/12/6(水) 12:58
hokkaibun,北海道ニュースUHB,「布団に火をつけた 自ら命絶とうとした」48歳住所不定無職の男逮捕…下宿の部屋に“放火” 自ら包丁で腹を刺し喉を火傷,https://news.yahoo.co.jp/articles/ea696d90c56dbdd09b3dde4544bcb7f0f61f2bb0,2023/12/6(水) 12:44
hokkaibun,北海道ニュースUHB,また“タイヤ脱輪” 走行中の大型トラック 左後輪2本外れる｜脱輪したタイヤ女児直撃 逮捕された運転手 処分保留で釈放,https://news.yahoo.co.jp/articles/8cf8e7c3e735833d7fd80a36d365819b41524191,2023/12/6(水) 12:30
hokkaibun,北海道ニュースUHB,新千歳空港で“年末特別警戒”「的確に対策を講じて厳格な水際取締りが重要」 薬物密輸など取締強化,https://news.yahoo.co.jp/articles/3f60db00cbf669e5a1eedd2d743a84213cf42351,2023/12/6(水) 12:30
hokkaibun,北海道ニュースUHB,社務所に侵入し現金盗んだ43歳会社員の男を逮捕…札幌近郊の神社では窃盗事件が十数件発生…調べに男は「他にもやっています」と供述 余罪を追及,https://news.yahoo.co.jp/articles/53092e2a200ffc900e794720b4589512c0bbf898,2023/12/6(水) 7:00
hokkaibun,北海道ニュースUHB,「思っていたよりも多かった…だいたい60羽くらい」地元の中学生も協力 国の特別天然記念物“タンチョウ”越冬分布調査  北海道357か所で一斉に,https://news.yahoo.co.jp/articles/ad4f55ecb364c4f43f94c0dc43f8b01aec7beca2,2023/12/6(水) 6:53
hokkaibun,北海道ニュースUHB,「3階から黒い煙が…」アパートの一室から出火 3階の部屋の内部が焼けるも ケガ人なし 札幌市豊平区平岸,https://news.yahoo.co.jp/articles/bab81d855222f7f4dae55e69020b4d71672fb498,2023/12/6(水) 6:30
hokkaibun,北海道ニュースUHB,急展開「千枚通し」で複数回刺された2人 通っていた中学校の元教師から“300万円恐喝”で逮捕 事件直前にも現金を脅し取ろうとしたか 北海道室蘭市,https://news.yahoo.co.jp/articles/35f1d6878702574c2a2ca54385d98f304cb7a30e,2023/12/6(水) 6:00
hokkaibun,北海道ニュースUHB,「金がなかった」有名ラーメン店や焼き肉店に侵入 金庫などから数十万円盗んだ疑いで20代の男2人逮捕…札幌近郊で10件以上相次いだ同様の事件に関与か,https://news.yahoo.co.jp/articles/d78f44b9705b7f2cf6e53f8eb726abb234727a88,2023/12/5(火) 23:03
hokkaibun,北海道ニュースUHB,「高病原性鳥インフル」北海道南部で初の確認…、函館市内で回収されたハシブトガラスの死骸から…北海道全体では今シーズン23例目 警戒続く,https://news.yahoo.co.jp/articles/ebfb20d84794ed3b491cb0706019f28d3d4ca551,2023/12/5(火) 22:00
hokkaibun,北海道ニュースUHB,新型コロナワクチン接種後に死亡…函館市の40代女性 「国の救済制度」適用に 支給額約4400万円 ワクチンの種類は明らかにされず 北海道・函館市,https://news.yahoo.co.jp/articles/b7ae8cc53568fa28a7b7bdd629f4bfe653870723,2023/12/5(火) 21:45
hokkaibun,北海道ニュースUHB,木の伐採作業中に”9メートルの高さ”から転落…50代の男性作業員死亡　木の伐採中に…高所作業車は横転 北海道・千歳市,https://news.yahoo.co.jp/articles/aadf964ed58ee8b85ae83f423087d71da98f8cf0,2023/12/5(火) 21:24
hokkaibun,北海道ニュースUHB,痩せたクマが市街地に出没 例年なら冬眠している時期なのに…背景に極端な餌不足 このまま冬眠に入ると“餓死”も,https://news.yahoo.co.jp/articles/ca52a4996074e9cbc214a45827085001e999263b,2023/12/5(火) 19:34
hokkaibun,北海道ニュースUHB,物価高対策で “お米・牛乳券支援” 第2弾 子育て約39万世帯が対象！ 北海道議会に補正予算案を提出 受け付けは2024年1月から,https://news.yahoo.co.jp/articles/04f87b8df920e1e93fd21b1aa4caf357fef8874c,2023/12/5(火) 19:09
hokkaibun,北海道ニュースUHB,"新たな飼い主募集中！""動物虐待""の家から保護した秋田犬の雑種 生後10か月サリちゃん＆リサちゃん  元気になったよ 北海道小樽市",https://news.yahoo.co.jp/articles/0d90f05882d51f911ab44db82a2786c53cd35548,2023/12/5(火) 18:44
hokkaibun,北海道ニュースUHB,75歳元教師の男 48歳と46歳の教え子女2人を“千枚通し”で刺した殺人未遂―2人逮捕「誠意見せて」300万円恐喝 先輩の女とのトラブル揺すられ逆上か,https://news.yahoo.co.jp/articles/1c4771c5d00e9f470e786a774d8d3279a11bfdd0,2023/12/5(火) 18:24
hokkaibun,北海道ニュースUHB,【速報】「3階から炎が見える 火災報知器が鳴っている」札幌市豊平区の共同住宅3階から出火 ケガ人なし,https://news.yahoo.co.jp/articles/e8616f60ec2230adb833fd24348c2ad9981d8472,2023/12/5(火) 18:07
hokkaibun,北海道ニュースUHB,【変死体】「海に人が浮いている」”ネズミの死がい”入りポーチ所持…北海道の小樽港に40～60代とみられる女性の遺体…身元不明で警察が情報提供を呼びかけ,https://news.yahoo.co.jp/articles/14b1f30c30684e41a2052d846a405b99f56eddf6,2023/12/5(火) 17:24
hokkaibun,北海道ニュースUHB,「食料を盗むのは仕方なかった。生活が苦しかった」ラーメンやメンマに加え、白子、カフェラテ、アサリも万引き…71歳の男を逮捕…所持金は”ほぼゼロ”,https://news.yahoo.co.jp/articles/0be59aedd2b62990927522dd23be8809ea1e4014,2023/12/5(火) 15:57
hokkaibun,北海道ニュースUHB,夜明け前…吹き上がる炎「ストーブに洗濯物が落ちて火がついた」住宅火災 約5時間後に消し止められる 煙吸った女性が病院搬送 北海道苫小牧市,https://news.yahoo.co.jp/articles/aee38b1d121d129876307aaa30ea80510d4600bc,2023/12/5(火) 13:29
hokkaibun,北海道ニュースUHB,観光客にホタテの加工品 空港でプレゼント―中国の輸入禁止で打撃受けた“北海道の水産物 応援キャペーン”「思いかけずうれしい 食べます」,https://news.yahoo.co.jp/articles/ffc5e9981130cc529664f600ffdc0e019cf81292,2023/12/5(火) 13:21
hokkaibun,北海道ニュースUHB,またタイヤ脱輪…国道の橋の上 走行中の大型トラックの“左後輪2本”外れトラックに衝突― ケガ人なし ナットの締め付け不十分？＋北海道での事故まとめ,https://news.yahoo.co.jp/articles/ffdd77d835cd119b156763118f81bcc55ae662e8,2023/12/5(火) 11:22
hokkaibun,北海道ニュースUHB,トイレに行こうとしたら“曇りガラス”越しに懐中電灯の光が 近所の高齢夫婦宅に侵入した男を逮捕「お金に困まって食べるのにも困っていた」 窃盗もほのめかす,https://news.yahoo.co.jp/articles/65f7a39625865ff6fbcc710864f606f9ea331d6f,2023/12/5(火) 8:14
hokkaibun,北海道ニュースUHB,“道路横断中”に97歳の男性が軽乗用車にはねられ死亡 運転していた69歳の男を過失運転致傷の現行犯で逮捕 現場は札幌市白石区の片側2車線の直線道路,https://news.yahoo.co.jp/articles/8dcc7703b147b1d358c8726ff7de006f60fed4ef,2023/12/5(火) 7:38
hokkaibun,北海道ニュースUHB,「自由で開かれたインド太平洋の維持強化に寄与できる」自衛隊とアメリカ軍が対処能力など強化のため共同演習 オーストラリア軍が初参加…3カ国で連携し防衛へ,https://news.yahoo.co.jp/articles/beed73eda061fbafcfab899692930b695cd4aa52,2023/12/5(火) 7:31
hokkaibun,北海道ニュースUHB,「借金を返すためにやった」強盗致傷などの疑いで会社員の37歳の男を逮捕 帯広市のホテルで男性を切りつけ現金約17万円奪う 防犯カメラの映像で特定,https://news.yahoo.co.jp/articles/4b124fc7b3115f0b7db0496faf959c69fd1c0a9e,2023/12/5(火) 7:23
hokkaibun,北海道ニュースUHB,コンビニの隣に住み毎日通う”常連客”が店長を殴打…酩酊状態で入店し「店長出せ」と大声出す…71歳迷惑男を逮捕 「左頬殴りました」と容疑認めるも動機不明,https://news.yahoo.co.jp/articles/d3b89d97ebb7ccfc16b48fc9440ca12eaa0c869b,2023/12/5(火) 7:00
hokkaibun,北海道ニュースUHB,下宿の自室に”放火”さらに刃物で自ら腹を刺して入院も…48歳の無職男「ライターで布団に火をつけた」事件から約1年9か月後に逮捕,https://news.yahoo.co.jp/articles/14b692c2c653b3110673352a432366f235062beb,2023/12/5(火) 6:30
hokkaibun,北海道ニュースUHB,実家の荷物の片づけ中に口論から発展…60代の姉を複数回殴り ケガ負わせたとして56歳の弟を逮捕 「その通り間違いないです」 北海道小樽市,https://news.yahoo.co.jp/articles/592e013c333dde6f097f09abb79de3b3d1b79bbb,2023/12/5(火) 6:08
hokkaibun,北海道ニュースUHB,“ココノススキノ”の新ホテル公開 2024年1月全面開業！ 一部が先行オープン 大浴場には本格フィンランドサウナも 最上階のルーフトップは解放感抜群,https://news.yahoo.co.jp/articles/5598ac3976fe9e0703bb5597e2626b294e655a48,2023/12/5(火) 5:55
hokkaibun,北海道ニュースUHB,タクシーが道路脇の街路樹に衝突し横転…トランクが大きく開いた状態でひっくり返る 運転手の60代男性がケガ 札幌市北区,https://news.yahoo.co.jp/articles/f85f6447d8ddacd957c4f3f6f9d808ef48803fc8,2023/12/4(月) 22:21
hokkaibun,北海道ニュースUHB,道路上にいた高齢男性はねられ意識不明の重体…軽乗用車を運転していた60代の男を逮捕 夕方午後5時30分ごろ 札幌市内の国道で…,https://news.yahoo.co.jp/articles/5ae8089c43d3eb6af306ae33023d16a2d55094cf,2023/12/4(月) 21:46
hokkaibun,北海道ニュースUHB,コンビニで飲料水2本（合計300円）盗んだ疑い 防カメなどから函館市消防士の23歳男を逮捕…調べに「万引きしていない。店にも行っていない」と容疑否認,https://news.yahoo.co.jp/articles/83e1409a231e4e68eff874a034c2cfe40807cc66,2023/12/4(月) 21:30
hokkaibun,北海道ニュースUHB,警察署に”2676回も迷惑電話” 無言だけじゃなく「バカ死ね！」「お前らが嫌いだ」とわめき散らす…昼夜問わず長時間電話をかけ続けた56歳無職女を逮捕,https://news.yahoo.co.jp/articles/1fac66fc30d65e676babc027f898d4e602acf394,2023/12/4(月) 21:05
hokkaibun,北海道ニュースUHB,「興味が湧いてくる」ラピダス北海道進出で”人材育成ねらい高専で半導体授業”始まる 北海道釧路市,https://news.yahoo.co.jp/articles/db65e1f2a965423817bd8910d2267ab201e8aeed,2023/12/4(月) 20:30
hokkaibun,北海道ニュースUHB,岩場に釣り人3人が取り残される 海保のヘリコプターがつり上げ救出 ケガなし プレジャーボートがエンジントラブル 北海道・上ノ国町の沖合,https://news.yahoo.co.jp/articles/b6dc130382cabb8f5a8d35dc48b7923516decde5,2023/12/4(月) 20:00
hokkaibun,北海道ニュースUHB,冬眠はいつ？12月にクマ出没で住宅街は騒然 「来た来た来た」「避難して」周辺駆け回り襲いかかるそぶりも   緊迫の一部始終  北海道芦別市,https://news.yahoo.co.jp/articles/e1c772b9c36123151c0d3add8a44b6f92c063c07,2023/12/4(月) 19:40
hokkaibun,北海道ニュースUHB,「安心して通れる」「煙が漏れるから工夫を」…大通公園の“新たな喫煙所”に賛否 マナー＆環境改善へ一歩？札幌市の実験始まる,https://news.yahoo.co.jp/articles/45125ff698e66839bf6effe660e33e591a0afc66,2023/12/4(月) 19:30
hokkaibun,北海道ニュースUHB,【速報】高齢の男性が軽乗用車にはねられる…意識不明の重体で搬送 札幌市白石区 運転していた60代の男を過失運転致傷で現行犯逮捕,https://news.yahoo.co.jp/articles/425a8ddbf8eac10007a333412a3863a3ccd4180c,2023/12/4(月) 19:11
hokkaibun,北海道ニュースUHB,【緊迫の瞬間】「避難！避難！」倉庫立てこもったヒグマが突然飛び出しカメラの前に…ハンターにより駆除される 住民も安堵 北海道芦別市 冬眠しないクマか？,https://news.yahoo.co.jp/articles/db9c6fab5652e89c2bb046829d4acb19abd81558,2023/12/4(月) 15:47
hokkaibun,北海道ニュースUHB,【速報】クマを駆除...北海道芦別市で倉庫内に”居座った”クマか 猟友会のハンターがライフル銃を3発発砲 体長は約1.5メートル,https://news.yahoo.co.jp/articles/f383d157bde165a0b9b5a2271abac36db0f0e504,2023/12/4(月) 13:16
hokkaibun,北海道ニュースUHB,「酔った勢いSTOP！」 駅や列車内で”暴力行為防止”呼びかける...飲酒機会が増える年末年始を前に鉄道事業者がキャンペーン開始,https://news.yahoo.co.jp/articles/09c634944e17d101f54a8c043ed21489d56bf83b,2023/12/4(月) 12:09
hokkaibun,北海道ニュースUHB,大通公園で”実証実験”始まる...西5丁目に「喫煙所」を設置 2025年3月末まで 路上喫煙問題の解決のため喫煙者の行動を確認 札幌市,https://news.yahoo.co.jp/articles/b13e7b70e4497523d85b5a5cd147713e9a75d2a8,2023/12/4(月) 12:09
hokkaibun,北海道ニュースUHB,体長約1.7メートルのクマが倉庫の中に“居座り”か？ 倉庫の中から”鳴き声”やガタガタと”音”も...猟友会のハンターが周辺を警戒 北海道芦別市,https://news.yahoo.co.jp/articles/f08a223e073525e5a6a0777682905766f6600c68,2023/12/4(月) 12:01
hokkaibun,北海道ニュースUHB,【速報】クマが建物内に”立てこもり”？ 住宅街にある建物内で”音”や”鳴き声”も...警察は付近の人に外に出ないよう呼びかける 北海道芦別市,https://news.yahoo.co.jp/articles/5b317910cd03d831bf9472cb4fff56a9f13e6104,2023/12/4(月) 11:15
hokkaibun,北海道ニュースUHB,【2人死亡火災】男性の遺体は経営者の88歳男性と判明...死因は”焼死” 北海道美唄市の店舗兼住宅火災　性別不明の1人の遺体は身元判明せず,https://news.yahoo.co.jp/articles/a9023c2fdf94f0babfebb0ab5c9baef19e82f117,2023/12/3(日) 18:45
hokkaibun,北海道ニュースUHB,12月3日から9日は”障害者週間” 札幌市でイベント開催 障害を持つ人たちのダンスや合唱に温かい拍手が送られる,https://news.yahoo.co.jp/articles/41265a68792dcc0d04332709bf7be409da2ff760,2023/12/3(日) 18:17
hokkaibun,北海道ニュースUHB,横断歩道を歩いていた90歳女性が81歳男性が運転する乗用車にはねられる...病院搬送も軽傷  路面は乾燥 運転手の前方不注意が原因か 室蘭市,https://news.yahoo.co.jp/articles/b6c82130279696f711a2dc3904c7c72b970218ec,2023/12/3(日) 18:10
hokkaibun,北海道ニュースUHB,警察官が“臨場”すると「女性の髪を引っ張っている男」現行犯逮捕 飲食店で酔っ払い暴れる 伝票を他の客に押し付けようとする迷惑行為も,https://news.yahoo.co.jp/articles/360e0b0ea2460c6a0df981f8118af128fdc6af59,2023/12/3(日) 17:00
hokkaibun,北海道ニュースUHB,”アイヌ工芸品”を生活で使ってほしい 札幌市の商業施設で販売会開催 食器や帽子など約200点を販売 週末にはワークショップも,https://news.yahoo.co.jp/articles/47fec0c03430c6ce964570f574d52238fed5c71e,2023/12/3(日) 12:43
hokkaibun,北海道ニュースUHB,”ニューヨーク”へ行きたいか！ 金融と経済に関するクイズで競う「エコノミクス甲子園」 北海道大会に計32人の高校生が参加 札幌市,https://news.yahoo.co.jp/articles/40fecc9379b7e58e7870bfbc38a856ee042aba3d,2023/12/3(日) 12:43
hokkaibun,北海道ニュースUHB,交際相手の60代女性に”果物ナイフ”示して脅迫...岩見沢市の自称アルバイトの男を逮捕 過去も”もめ事”で警察に相談も 北海道岩見沢市,https://news.yahoo.co.jp/articles/079f0d7f2568bfe7c0464fdbc311dcce1132e118,2023/12/3(日) 8:47
hokkaibun,北海道ニュースUHB,将来は航空業界で働きたい！ 中学生約50人がオープンキャンパスに参加 「日本航空高等学校北海道」来年春開校 北海道千歳市,https://news.yahoo.co.jp/articles/a73749474d4f7fb857865e35d8ce0a7b7bc99f56,2023/12/3(日) 8:36
hokkaibun,北海道ニュースUHB,面倒なお掃除がサクッと終わる！激売れ「カインズ」お掃除グッズ 浴室掃除はこれ1本 　スプレーだけで油汚れに一撃 ひと拭きでOK万能ぞうきん【ラクカジ】,https://news.yahoo.co.jp/articles/b01e39a3e05b24ac62dfd399d7d574fca3bfd073,2023/12/3(日) 8:11
hokkaibun,北海道ニュースUHB,専門店も続々登場！過熱する「カプセルトイ」人気 “わくわく感＆懐かしさ”も…世代や国籍問わず魅了されるワケ,https://news.yahoo.co.jp/articles/9723b0553ceb710f64a9072dcba4e57500e9b7e4,2023/12/3(日) 8:00
hokkaibun,北海道ニュースUHB,「食料を盗むのは仕方なかった」ラーメンやメンマなど5点を万引き 71歳の男現行犯逮捕 所持金はほぼなし,https://news.yahoo.co.jp/articles/4625f35dd192de8c6de30edce59dc6d6b4434fc3,2023/12/2(土) 20:28
hokkaibun,北海道ニュースUHB,紛争地域に向けて寄付 人形作家がチャリティーイベント オークション形式で人形17点販売,https://news.yahoo.co.jp/articles/5c36d34c143f2dfba294c2f0bb648d2c8a430795,2023/12/2(土) 20:17
hokkaibun,北海道ニュースUHB,「隣の部屋から煙と火」 2階建てアパート燃える けが人なし 消防車など21台が出動 札幌市北区,https://news.yahoo.co.jp/articles/d925da09266518cd3adcbe0e7f076d06b8ec6f03,2023/12/2(土) 18:30
hokkaibun,北海道ニュースUHB,"赤く星空染める…北海道内各地で""低緯度オーロラ""観測　陸別町では20年ぶりに肉眼でも",https://news.yahoo.co.jp/articles/b0fd6afaa7e2d0b5eefe8d9eadbb03686020a6a7,2023/12/2(土) 18:30
hokkaibun,北海道ニュースUHB,北海道コンサドーレ札幌 小野伸二選手 現役ラストゲームへ向け最後の調整「全力で勝ちを取りに行きたいと思います」,https://news.yahoo.co.jp/articles/a434baf34acc6bd51a194d0d6427c2fce0147cdf,2023/12/2(土) 18:23
hokkaibun,北海道ニュースUHB,“低緯度オーロラ”の幻想的な風景から一夜明けた北海道 今季一番の冷え込み 2日連続で全国一の幌加内町 1日は積雪が1m超…2日は極寒の氷点下23.2℃,https://news.yahoo.co.jp/articles/6a36d2d14ca9383f692e49f7364567f29c580a05,2023/12/2(土) 12:34
hokkaibun,北海道ニュースUHB,「緊急なんだと…ブーっとブレーキが強まっていくのを感じた」 岩見沢市のJR函館線の踏切で乗用車が特急列車と衝突事故 運転は再開へ,https://news.yahoo.co.jp/articles/df0097c4a5244ffbad675a75e81183f6e6b5597d,2023/12/2(土) 12:26
hokkaibun,北海道ニュースUHB,【ひみちゅ。きかせて】イマドキ園児の本音～夢は「虫博士」 だいすきな虫の動画はこんな時のお楽しみ！子どもらしい告白？ドキッとする展開に…,https://news.yahoo.co.jp/articles/dec68687523f607fe2e0eda0ccaff2b26fd86761,2023/12/2(土) 12:00
hokkaibun,北海道ニュースUHB,踏切で乗用車と特急列車が衝突…ＪＲ函館線が江別～岩見沢間の上下線で運転見合わせ 乗客乗員にケガなし 車を運転していた50代男性は意識あり 北海道,https://news.yahoo.co.jp/articles/1731c476f545f4c16de97929fc80bab8efea1622,2023/12/2(土) 10:17
hokkaibun,北海道ニュースUHB,「ギャンブルに使って今は残っていません」“店長代理”として勤務するドラッグストアから現金36万円を盗む 店の合鍵で金庫開ける…26歳の男を逮捕,https://news.yahoo.co.jp/articles/e102939be55d665c80d1706144434c3953da7f5a,2023/12/2(土) 8:27
hokkaibun,北海道ニュースUHB,"6歳 5歳 1歳…3姉妹育てる「タクシー運転手ママ」""すき焼き用＆焼肉用"" 万能調味料のタレで時短 オーブンでほったらかし【ママドキュ】",https://news.yahoo.co.jp/articles/9bcc01f2da80d6e1c2362c779eba208484510652,2023/12/2(土) 8:00
hokkaibun,北海道ニュースUHB,札幌市の50代女性 “株式投資のSNS広告”きっかけに約1800万円だまし取られる「投資家名乗る男に誘導された」―同様の手口で1200万円の詐欺被害も,https://news.yahoo.co.jp/articles/37ced7cb0b7bccdef130f5e0cb44c179c0f865ac,2023/12/2(土) 5:00
hokkaibun,北海道ニュースUHB,北海道各地 夜空の下が赤く染まる―“低緯度オーロラ”を肉眼で観測 陸別では20年ぶり SNSでも次々投稿「家から見えた」「日本で見える日が来るとは」,https://news.yahoo.co.jp/articles/cf3672e51786aa81d3e4ca9629c415ee0fa00578,2023/12/1(金) 23:27
hokkaibun,北海道ニュースUHB,「精米所が火事です」店舗兼住宅など3棟燃える 焼け跡から男性の遺体 住人の80代の父親と50代の息子と連絡取れず 美唄市,https://news.yahoo.co.jp/articles/fe8aa2245122fdb624dc77c9d4acd0719ba82276,2023/12/1(金) 21:50
hokkaibun,北海道ニュースUHB,発端はBB弾…子どものいたずらから夫婦殺傷「常軌を逸した犯行で夫婦に落ち度はない」58歳男に “求刑と同じ”懲役25年の実刑判決 なぜ？,https://news.yahoo.co.jp/articles/9567a2d12235561ecb71b59b157208925bc8bea8,2023/12/1(金) 21:42
hokkaibun,北海道ニュースUHB,"人手不足深刻で…「北海道中央バス」ダイヤ改正 札幌圏を中心に大幅なバス路線""廃止＆短縮""を実施 利用者への影響は？",https://news.yahoo.co.jp/articles/6c51ea2f3d05164e72ff899ad92971b5b4ac89a8,2023/12/1(金) 21:27
hokkaibun,北海道ニュースUHB,"「町民に感謝伝えたい」標津町の約2300世帯に""ホタテ2キロ・バター2箱""無料配布 漁協や農協が毎年実施 北海道標津町",https://news.yahoo.co.jp/articles/41de4b9321f75b25927ce33a4b33c2c90233ac39,2023/12/1(金) 21:19
hokkaibun,北海道ニュースUHB,"師走の狸小路が熱い！新オープンの""キラキラドンキ""は全国3店舗目 商店街では「150万円」のつかみ取り！？",https://news.yahoo.co.jp/articles/3b828f1aaa1bf7693b757251477c0301c878d332,2023/12/1(金) 21:06
hokkaibun,北海道ニュースUHB,"「亡くなった男性に決まったよって伝えたい」傍聴した夫婦の知人語る  ""BB弾""に激高し夫婦殺傷した58歳男  “求刑と同じ”懲役25年の実刑判決",https://news.yahoo.co.jp/articles/f57cc3c4f4a6382ddf6fb22f0abf92498fa145d2,2023/12/1(金) 20:53
hokkaibun,北海道ニュースUHB,"12月1日から札幌市内のバス""2路線54便""が廃止 背景に運転手不足…4か所に通院の地域住民 タクシー利用で負担増に",https://news.yahoo.co.jp/articles/fba8b40e81b559950a3a2dc05b3b387ad55c8bc0,2023/12/1(金) 20:53
hokkaibun,北海道ニュースUHB,「1日に2回くらい除雪するのが常識」全国一積雪“106センチ”の幌加内町 一方で全国一冷え込み“氷点下17.1℃”の陸別町 「樹氷」が輝き冬本番の景色,https://news.yahoo.co.jp/articles/c3abf88df90eb393e5b28249b094b1a4524ea7cd,2023/12/1(金) 20:41
hokkaibun,北海道ニュースUHB,"【知床観光船沈没事故】2024年春に乗客家族が""運航会社と社長""を提訴へ…乗員乗客26人のうち20人死亡 いまだ6人行方不明",https://news.yahoo.co.jp/articles/d6f4885b05af14ae4531f4470143e5982de7a223,2023/12/1(金) 20:30
hokkaibun,北海道ニュースUHB,バス“12路線283便”札幌中心部へ乗り入れず地下鉄駅まで「短縮」…経済面や体力面の負担増に利用客から困惑の声,https://news.yahoo.co.jp/articles/0ec89759c43404141b8ce7f1f3474a8b47428ac3,2023/12/1(金) 20:04
hokkaibun,北海道ニュースUHB,【またタイヤ脱落】「ガタガタという音がした」男性運転手が感じた違和感 北海道の国道で左前輪が外れ…車輪のボルト欠ける 3メートル先に転がるもケガ人なし,https://news.yahoo.co.jp/articles/db1edad4815a5f717193bab5163f056abd5e42ba,2023/12/1(金) 19:42
hokkaibun,北海道ニュースUHB,サルも「いい湯だな♪」 函館市熱帯植物園で”冬の風物詩”の『サル山温泉』始まる...来年5月まで 「驚いてます」観光客はびっくり,https://news.yahoo.co.jp/articles/394459bc079f651150055c650c1a8ab77edbc55b,2023/12/1(金) 19:31
hokkaibun,北海道ニュースUHB,『はこだてクリスマスファンタジー』始まる 高さ20メートルのトドマツに約15万個の電球 今年はプロジェクションマッピングも実施,https://news.yahoo.co.jp/articles/8da0223fb03a37a9ef7df69cfa1de046f0081d31,2023/12/1(金) 19:31
hokkaibun,北海道ニュースUHB,【速報】子どもが投げた“BB弾”に激高し夫婦を殺傷　58歳の無職男に“求刑通り”懲役25年の実刑判決  裁判長「常軌を逸した犯行で夫婦に落ち度はない」,https://news.yahoo.co.jp/articles/20f893a8d0beb14ea82e4ffa77281d72b7692eee,2023/12/1(金) 15:28
hokkaibun,北海道ニュースUHB,またタイヤ脱輪事故 走行中の乗用車から左フロント・タイヤが脱落…ナットが4本とも外れる…ケガ人なし 北海道留萌市,https://news.yahoo.co.jp/articles/a833cf46b6ce8bfb68ce99fca00b71d6a0602c1e,2023/12/1(金) 15:09
hokkaibun,北海道ニュースUHB,路上に車を停めて衣服を無理やり脱がせる…知人の10代女性に対し ”性的暴行”「不同意性交」の疑いで”住所不定無職の42歳男”を逮捕,https://news.yahoo.co.jp/articles/d71cb5743b87aec8ba84655a40db46c17b953693,2023/12/1(金) 14:54
hokkaibun,北海道ニュースUHB,男性2人と連絡つかず…北海道美唄市で店舗兼住宅など3棟が火災  国道12号も一時通行止めに 住宅には80代と50代の親子が居住か,https://news.yahoo.co.jp/articles/d06a619fc89605da9edf62f0ef2f6475a95d621b,2023/12/1(金) 12:05
hokkaibun,北海道ニュースUHB,『過去最大規模のダイヤ改正』…札幌市の地下鉄路線中心に「北海道中央バス」路線バスの”大幅減便”と”路線短縮”が始まる 利用者からは戸惑いの声,https://news.yahoo.co.jp/articles/deb6a3abc86937fc0b2f107972982b7cb1ce97cd,2023/12/1(金) 12:05
hokkaibun,北海道ニュースUHB,幼稚園送迎バスと軽乗用車が衝突 ”複数の園児”が腰や頭の痛みを訴える…病院搬送はされず 園児3人と引率の大人2人が乗車中 北海道恵庭市,https://news.yahoo.co.jp/articles/77d15ddf85e30576f58b66c91e118c0df26e94f5,2023/12/1(金) 11:58
hokkaibun,北海道ニュースUHB,【観光船沈没事故】乗客家族が運航会社と桂田社長を”提訴”へ...知床半島沖観光船沈没事故 2024年春にも慰謝料などの損害賠償求める,https://news.yahoo.co.jp/articles/f873dc2ace25cbf99f62eb4df5a1c2c6d158f83b,2023/12/1(金) 10:41
hokkaibun,北海道ニュースUHB,【速報】幼稚園バスと軽乗用車が衝突...バスに乗車していた園児1人が腰の痛み訴える 病院搬送はせず 北海道恵庭市,https://news.yahoo.co.jp/articles/0844c5532e1db6ad7c2f92cf65f9406d1ad491ae,2023/12/1(金) 10:12
hokkaibun,北海道ニュースUHB,店舗兼住宅など3棟が燃える 北海道美唄市の国道沿いで消火活動続く…住人2人と連絡取れず確認急ぐ,https://news.yahoo.co.jp/articles/96bd763144f0141367f6947307ff5052f0482656,2023/12/1(金) 8:58
hokkaibun,北海道ニュースUHB,【速報】札幌市中央区の交差点で車3台が絡む事故　50代男性が胸の痛みを訴え搬送 命に別状なし,https://news.yahoo.co.jp/articles/ec6987e8e2661fc584f1d8dfbc2576d761296495,2023/12/1(金) 8:44
hokkaibun,北海道ニュースUHB,預かった“複数の犬”死なせたか…経営していたペットホテルで犬を劣悪環境に放置 虐待で逮捕の69歳女 依頼した別の飼い主語る,https://news.yahoo.co.jp/articles/7e1a1880c7b201d9a9e5d04ef792e31e9c6e77c5,2023/11/30(木) 21:00
hokkaibun,北海道ニュースUHB,"ホッキョクグマ「ゆめ」に会える""最終日""12月1日に旭山動物園から神戸市へ引っ越し 大勢のファンが別れを惜しむ",https://news.yahoo.co.jp/articles/2a5f055103d7fa56ec381dfd7415019394f116af,2023/11/30(木) 20:25
hokkaibun,北海道ニュースUHB,北海道で最深…積雪“79センチ” 幌加内町の暮らしは？ 「ここに住んでいる限りはこれが当たり前だから」水分含む重い雪を町民は早朝から何度も除雪,https://news.yahoo.co.jp/articles/0fe0e8181d0ba6214dc932d1d7058474e56579ce,2023/11/30(木) 20:03
hokkaibun,北海道ニュースUHB,「不祥事のせいで…」「招致を白紙にするしか」動揺隠せぬ札幌市幹部　34年冬季五輪も消滅…さらに38年は“スイス優先”  抜本的見直し迫られる,https://news.yahoo.co.jp/articles/6ee2ac818201c2a49a0316fb400f7c14b9c29142,2023/11/30(木) 20:03
hokkaibun,北海道ニュースUHB,知床観光船沈没事故“国賠訴訟”東京地裁で開かれた初弁論で国側「責任負わない」として請求の棄却求める,https://news.yahoo.co.jp/articles/c0d11e2aa4bd851d75a27ee75011c0a23afd69d5,2023/11/30(木) 19:57
hokkaibun,北海道ニュースUHB,「ホワイトアウトで数メートル先を見通すのが難しい」 北海道内で“局地的大雪”強い寒気の影響 一方で札幌国際スキー場オープン！ 初滑り楽しむ人でにぎわう,https://news.yahoo.co.jp/articles/bd75f54961858facf8093f0b2ed8ceb5a2acdbe3,2023/11/30(木) 19:50
hokkaibun,北海道ニュースUHB,札幌の繁華街に新しい顔 全85店舗の複合商業施設「ココノ ススキノ」オープン…1500人の行列が “昼も眠らない街”に変身,https://news.yahoo.co.jp/articles/448f3912b48687615e6b664ba51dad9e1d6c2ae8,2023/11/30(木) 19:38
hokkaibun,北海道ニュースUHB,“実の姉妹”をカミングアウト―「双子役うれしい！」人気声優の鈴木愛奈さんと花井美春さん 子育て漫画のアニメ化発表会場で電撃告白,https://news.yahoo.co.jp/articles/0e57dbf4f72c49ab5131316243ea78708f1083fb,2023/11/30(木) 19:28
hokkaibun,北海道ニュースUHB,札幌市・厚別区の新たなシンボル『BiVi新さっぽろ』オープン！季節問わず緑や青空楽しめる公園も,https://news.yahoo.co.jp/articles/47a37e5c894a8b60bd6aa86d1b574e65a8dff18e,2023/11/30(木) 19:20
hokkaibun,北海道ニュースUHB,フロント部分が”原型をとどめないほどにグチャグチャに”…乗用車が大型トレーラーに激突 運転していた40代男性死亡 路面は乾燥状態 北海道の自動車専用道,https://news.yahoo.co.jp/articles/e7b3f4d1abf8b17c47c006e69e9475f1e204fa3a,2023/11/30(木) 15:30
hokkaibun,北海道ニュースUHB,マッチングアプリで初対面の女性に”性的暴行”…大量の酒を飲ませ抵抗出来なくさせたか  「たくさん飲むよう強要していない」と容疑を一部否認,https://news.yahoo.co.jp/articles/a690afa4115b0e6a728da7b530581996db4bb578,2023/11/30(木) 15:10
hokkaibun,北海道ニュースUHB,絶望的か？札幌市オリンピック招致 『30年と34年の候補地』から外れる 38年も厳しい情勢…30年はフランス 34年はアメリカが最終候補,https://news.yahoo.co.jp/articles/601ab18ea507c75528aa523f37a2d683a260588d,2023/11/30(木) 12:38
hokkaibun,北海道ニュースUHB,「楽しみにしてきました」札幌の街が変わる！『ココノススキノ』『BiVi新さっぽろ』同時オープン…早くも“大行列”多くの人が楽しめる施設に,https://news.yahoo.co.jp/articles/a14f079c249e05f74d85db01267d442f92658c1c,2023/11/30(木) 12:38
hokkaibun,北海道ニュースUHB,札幌で待ちに待った“スキー場”オープン！「初日とは思えないくらいフカフカ」雪不足で『13日遅れ』訪れた客が初滑り楽しむ 札幌国際スキー場,https://news.yahoo.co.jp/articles/4ef4c6361fbe167696e53fb639c73f0af6b1cacb,2023/11/30(木) 12:38
hokkaibun,北海道ニュースUHB,まだまだ冬眠しない？「クマが小学校方向に行った。背中に雪が積もっていた」ランニング中の男性が100メートル先でクマを目撃 体長1.2メートルほど,https://news.yahoo.co.jp/articles/bf01864c44ae8f9c3e0356a44aaed621500658b3,2023/11/30(木) 8:21
hokkaibun,北海道ニュースUHB,「水中ドローン」研修会開かれる…高水温や赤潮などで漁獲量が減少するなか海底の状況を把握可能に 漁協や自治体職員らが参加 北海道・別海町,https://news.yahoo.co.jp/articles/6084b36668b62e6105e02415fca9a0a8e23a5bcf,2023/11/30(木) 8:00
hokkaibun,北海道ニュースUHB,航空会社トキエア「札幌丘珠-新潟」新路線誕生！運航は週4日1日2往復を予定 チケット販売は来年1月から,https://news.yahoo.co.jp/articles/aa20aa60bc0bef98b39cc5fd9b2bcd4030a494d3,2023/11/29(水) 22:07
hokkaibun,北海道ニュースUHB,走行中の車からタイヤ外れる事故相次ぐ…走行中に右前輪が外れ対向車線の軽乗用車に衝突し運転手の女性がケガ,https://news.yahoo.co.jp/articles/7f69824d3e9bff4f75566415c12a948b79729b4e,2023/11/29(水) 21:46
hokkaibun,北海道ニュースUHB,"11月30日オープンの""ココノ ススキノ""地下1階は飲食店やお惣菜店！オープン記念でお得に買える店舗も",https://news.yahoo.co.jp/articles/797c0b786f99aa80d74f0612f6c8094f9743d8c3,2023/11/29(水) 21:46
hokkaibun,北海道ニュースUHB,「交通障害に注意」留萌市では通学中の子どもたちの姿が見えなくなるほどの猛吹雪に…30日は日本海側で40センチの積雪に,https://news.yahoo.co.jp/articles/c9c08870154c2cfd4371b26d38a2da35fb14460c,2023/11/29(水) 21:46
hokkaibun,北海道ニュースUHB,"「昼も眠らない街ススキノ」11月30日オープンの""ココノ ススキノ"" 飲食店で賑わう4階は高級食材の店や北海道初上陸の店も",https://news.yahoo.co.jp/articles/83e67f9863b6134e053d54df5e71cedd83cc17b9,2023/11/29(水) 21:46
hokkaibun,北海道ニュースUHB,札幌市が物価高対策としてプレミアム付き商品券の発行などを盛り込んだ補正予算案を提案！住民税非課税世帯には7万円の支給も,https://news.yahoo.co.jp/articles/cf192bf5e62a6329422d03e1ad3933341dbba252,2023/11/29(水) 21:35
hokkaibun,北海道ニュースUHB,「実は亡くなった」飼い主憤慨…預かった犬5匹のうち1匹死ぬ “動物虐待”で逮捕 ペットホテル経営の女 他の犬も劣悪環境で管理か,https://news.yahoo.co.jp/articles/0cbbf5ccafc3b3a63ce0b3f86decc3f6c99980ba,2023/11/29(水) 21:00
hokkaibun,北海道ニュースUHB,“貨物路線維持”へ JR北海道から経営分離される並行在来線「函館ー長万部」 維持には多額の費用も 札幌で有識者会議の初会合,https://news.yahoo.co.jp/articles/fea544f995d1e0392a0ab58485968b17e5ba2b94,2023/11/29(水) 20:14
hokkaibun,北海道ニュースUHB,"路面は""ブラックアイスバーン""  タクシーが乗用車と衝突 ”スピン”したタクシーに歩行中の60代女性が巻き込まれる...意識もうろうで搬送  札幌市",https://news.yahoo.co.jp/articles/bc46cb67057632bf3c0bde9956489a4dcf870746,2023/11/29(水) 19:09
hokkaibun,北海道ニュースUHB,タクシー×乗用車 交差点で衝突→歩行者の60代女性 巻き込まれはねられる 「意識混濁で治療中」 札幌の気温－2℃以下 路面は“ブラックアイスバーン”,https://news.yahoo.co.jp/articles/4bd6a82bfe0b5064e8fea9060ed9a1b85625ce6c,2023/11/29(水) 18:19
hokkaibun,北海道ニュースUHB,【速報】「タイヤが外れてぶつかった」また札幌でタイヤ脱落 走行中の乗用車から右前輪が外れ対向車に激突…運転席の女性がケガ 札幌市南区の国道,https://news.yahoo.co.jp/articles/d568f6a88a9baef3f65cc597833f3439d889a8ad,2023/11/29(水) 14:45
hokkaibun,北海道ニュースUHB,『札幌丘珠－新潟』で”新路線”が誕生！ 航空会社トキエアが2024年1月の就航を発表 1日4便で週4日の運航を予定  今後便数を増やす計画も,https://news.yahoo.co.jp/articles/c43506ef3e5a75c04da84e8d345260513236a59c,2023/11/29(水) 12:18
hokkaibun,北海道ニュースUHB,”ホワイトアウト”が通学中の子どもたちを直撃...強い冬型の気圧配置で北海道留萌市は猛吹雪に 日本海側の多いところで40センチの降雪か 交通障害に警戒,https://news.yahoo.co.jp/articles/4ca5e0b5d04559ebba91066eb461876837205040,2023/11/29(水) 12:18
hokkaibun,北海道ニュースUHB,"【11月30日開業】""ココノススキノ”プレオープン！ テーマは「昼も眠らない街ススキノ」 ホテルにシネコンも 道内初出店の飲食店など計85店舗が入居",https://news.yahoo.co.jp/articles/ccf6cd98de8bd7300ccd1b13fe28e03c4108ea5e,2023/11/29(水) 12:18
hokkaibun,北海道ニュースUHB,女性教師死亡…原因は「同僚男性教師」による”パワハラ”か…札幌市は第三者を加えて調査へ…不適切な言動による児童の不登校も,https://news.yahoo.co.jp/articles/4d866d0ecc015517e7d495df3689627b4c528abd,2023/11/29(水) 8:00
hokkaibun,北海道ニュースUHB,札幌で今季初「高病原性鳥インフル」2羽のハシブトガラス死骸からウイルス検出 今シーズン北海道内12例目,https://news.yahoo.co.jp/articles/307425383458fc48c1e047c94a19373a8a2fc151,2023/11/28(火) 21:44
hokkaibun,北海道ニュースUHB,【知床沖観光船事故】初めて国が法的責任で認識示す「検査に過失があっても…国が責任を負うものではない」甲板員の遺族が国に約1億900万円の賠償を求める,https://news.yahoo.co.jp/articles/65faa391669fa5561a9fc922cc96a6c333e354df,2023/11/28(火) 21:23
hokkaibun,北海道ニュースUHB,"""副都心計画""から半世紀 大きく変わる「新さっぽろ」再開発の総仕上げ 建物の老朽化・住民の高齢化進むマチ→若者も集まるマチに",https://news.yahoo.co.jp/articles/6a2f4ca8a958b01900a2e6555dfafc9ca226d9b6,2023/11/28(火) 21:23
hokkaibun,北海道ニュースUHB,"人気観光地""青い池""で食品ロス対策？クラフトビール「青ノ雫」新たな特産品でイメージアップ 北海道美瑛町",https://news.yahoo.co.jp/articles/e7ad396ad9297de6ce7d6dc009854708639b6910,2023/11/28(火) 21:23
hokkaibun,北海道ニュースUHB,新さっぽろ「BiVi」お披露目！ 和牛ハンバーグパスタにローストビーフベーグル 子供服リサイクルショップなど北海道初上陸が並ぶ… 11月30日オープン,https://news.yahoo.co.jp/articles/c0b17430982509b2865f5611e56dee627777e083,2023/11/28(火) 21:05
hokkaibun,北海道ニュースUHB,"「きのうからガスの臭いが」住宅街で""ガス漏れ""一時避難も 地上に立てられたポールの先が地中のガス管を傷つけて亀裂",https://news.yahoo.co.jp/articles/7ad9c8c55f8bc8ad939a10e7dc79d141cd3d2dc5,2023/11/28(火) 20:57
hokkaibun,北海道ニュースUHB,"「健常者に対して許されないことが障害者相手であれば許されることはあり得ない」北海道恵庭市の牧場""障害年金着服""訴訟 市側「虐待の認識していない」",https://news.yahoo.co.jp/articles/74b12f7ebfa7efc61eae1fc738e74b870d13ba24,2023/11/28(火) 20:50
hokkaibun,北海道ニュースUHB,「知的障害者である前に人権を持つ一人の人間」北海道の牧場で”水道なし・風呂なし”のプレハブ生活を強いられた…虐待巡る裁判始まる「障害年金ほぼ全額搾取」,https://news.yahoo.co.jp/articles/99fe8311996cab48c1b5d77dab47761ea3a8b42d,2023/11/28(火) 15:26
hokkaibun,北海道ニュースUHB,「きのうからガスの臭いが」住民通報…調べたところ札幌市東区の住宅街で”ガス漏れ  地中のガス管に亀裂 半径約50メートル範囲の住民ら一時避難,https://news.yahoo.co.jp/articles/1ee07583f28c3750a50e3f2d8b635279d5eb3977,2023/11/28(火) 14:41
hokkaibun,北海道ニュースUHB,まだ冬眠しない？ 長さ約22センチ・幅13センチの”クマの足跡が見つかり「札幌芸術の森」が一時臨時閉園に…札幌市南区では幼稚園敷付近でも足跡発見相次ぐ,https://news.yahoo.co.jp/articles/613b2a088aa5a2ac17e0d492cc1f25f969356c09,2023/11/28(火) 14:32
hokkaibun,北海道ニュースUHB,路線バス運賃『値上げ反対』.. 市民団体が”要望書”を札幌市に提出 市は2024年1月下旬にも運賃改定時期や値上げ幅など決める方針,https://news.yahoo.co.jp/articles/1731531c5e8d85b06ec14b33d8aee126cdce1bab,2023/11/28(火) 12:48
hokkaibun,北海道ニュースUHB,”ヒグマ対策費” 1500万円も...ハンター報酬など経費の半額まで補助へ 北海道議会が開会 総額で “約108億円” 補正予算案を提出,https://news.yahoo.co.jp/articles/d0165b749e975bfe95ecce427a620723c6e39359,2023/11/28(火) 12:48
hokkaibun,北海道ニュースUHB,11月30日オープン！『BiVi 新さっぽろ』報道陣にお披露目 ”目玉”は緑を感じられる室内公園「BiVi PARK」 天井には巨大ビジョンが出現,https://news.yahoo.co.jp/articles/d5c93080fe180047b4cd02afc73d943c3688c8f1,2023/11/28(火) 12:32
hokkaibun,北海道ニュースUHB,東京の超人気カフェ「猿田彦コーヒー」札幌に初上陸！ 連日行列…1番人気カフェラテや札幌店限定コーヒー フードメニューも豊富,https://news.yahoo.co.jp/articles/ad312655a9844e00fb17f1ef8aeda2a4e09c6dda,2023/11/28(火) 11:20
hokkaibun,北海道ニュースUHB,【デモ行進】ガザ地区の”即時停戦”求める...子どもを含む多くの一般市民が犠牲に 医療支援続ける医師「激励をSNSや募金で送って」 札幌市,https://news.yahoo.co.jp/articles/c0057b11190aacef352c4a738d185ead3265f985,2023/11/27(月) 21:27
hokkaibun,北海道ニュースUHB,「市民生活に大きな影響が及んでいる」札幌市長が”物価高騰対策”を発表 『プレミアム付き商品券』を発行  『小中学校の給食費』も値上げせず,https://news.yahoo.co.jp/articles/dedf22dd359522b73f6b6f692c3e455f18d120cd,2023/11/27(月) 21:17
hokkaibun,北海道ニュースUHB,38年にわたり救難救助...巡視船「ゆうばり」最後の航海に 知床観光船沈没事故では網走港に停泊中も強風などですぐに出航できず 網走海上保安署所属,https://news.yahoo.co.jp/articles/985ffd82589faee82e9f999b249d9faef691daec,2023/11/27(月) 21:17
hokkaibun,北海道ニュースUHB,【札幌市】物価高騰対策で『プレミアム付き商品券』発行へ...時期や金額は未定 小中学校の給食費も”値上げしない”と市長会見で明らかに,https://news.yahoo.co.jp/articles/bd2e9b491397b514c2378db14324f46a805c5bde,2023/11/27(月) 20:10
hokkaibun,北海道ニュースUHB,北星学園大学に巨大ツリーが…サンタも登場 一足早い“クリスマス”を子どもと保護者 約60人が楽しむ 12月8日にはパイプオルガンのコンサートを開催,https://news.yahoo.co.jp/articles/8631e8bc4d368eb3444a5ebcd97960e95bb6800a,2023/11/27(月) 20:10
hokkaibun,北海道ニュースUHB,"【札幌市】3日間で”46人”が転倒”で救急搬送 11月としては4年ぶりの多さに...""ツルツル路面""事故や転倒相次ぐ 激しい気温変化に注意を",https://news.yahoo.co.jp/articles/0e4060f480d0f7754dfc5cb0b419786f4f9341ed,2023/11/27(月) 19:57
hokkaibun,北海道ニュースUHB,4歳女児直撃事故と同じ札幌市西区で再び...走行中の軽乗用車からタイヤが外れる ”共通点”は『下り坂』と『左の前輪』 タイヤ交換後は事故に特に注意を,https://news.yahoo.co.jp/articles/f218074b1b048a1b4ac6b3a27405e58ddde34b22,2023/11/27(月) 19:57
hokkaibun,北海道ニュースUHB,新設には賛否 “喫煙マナー”改善で実証実験へ 12月から札幌市民の憩いの場・大通公園に喫煙所 高さ2.4ｍのパネルで囲って「受動喫煙」「臭い」対策,https://news.yahoo.co.jp/articles/112294d97876a216c841419a29545f4947679339,2023/11/27(月) 19:40
hokkaibun,北海道ニュースUHB,「く」の字に折れたり横転したり…同じ国道で相次ぐ“トレーラーの路外逸脱” 現場は当時路面が凍結しスリップが原因か 北海道月形町,https://news.yahoo.co.jp/articles/fda9faebcc4e4824ea8106d856f6107a8d8cb8fb,2023/11/27(月) 12:20
hokkaibun,北海道ニュースUHB,【また脱落】走行中の軽乗用車からタイヤが外れる瞬間が…車体はバランス崩し右に傾き“火花”をあげながら走行 4歳女児に直撃事故があった札幌市西区で,https://news.yahoo.co.jp/articles/daf6c8ef3d7bacc1e1b5657d0a69daf1407ce252,2023/11/27(月) 12:05
hokkaibun,北海道ニュースUHB,「住宅から煙と火が見える」住宅全焼 1階から性別不明の1人の遺体が見つかる 80代男性と連絡取れず…警察と消防が出火原因と身元の確認急ぐ 北海道美幌町,https://news.yahoo.co.jp/articles/41297540872bda45c15b45281a79accc50960c62,2023/11/27(月) 12:05
hokkaibun,北海道ニュースUHB,医師不足に高齢者の通院…地域医療の問題解決へ 北海道初の”医療サービス車両”を網走市が導入 12月1日から実証実験,https://news.yahoo.co.jp/articles/27cbf0ee0ab65fb403105b9185f6254166ce8f11,2023/11/26(日) 18:45
hokkaibun,北海道ニュースUHB,”思い出の備品”を無料提供 北海道帯広市の百貨店「藤丸」がリサイクルのイベント 定員550人の整理券は開始前に配付終了,https://news.yahoo.co.jp/articles/90cf38f7ee5b6ab99dd6a1a5e8a98ee5ac6cc43f,2023/11/26(日) 18:38
hokkaibun,北海道ニュースUHB,『リトルマーメイド』札幌公演が千秋楽 満員の観客が総立ちで拍手 数十回通ったファンは「カーテンコールが楽しすぎ」,https://news.yahoo.co.jp/articles/7bc1b941e5aa44ae5995a47e4b1ad244858b9fbb,2023/11/26(日) 18:27
hokkaibun,北海道ニュースUHB,ライフスタイルショップ「ケユカ」が札幌駅ステラプレイスにオープン～北海道で2店舗目 安価＆便利グッズ 5000点以上の商品が並ぶ,https://news.yahoo.co.jp/articles/c6c81dd38e1cd7e1e7ee3f138e4b79e7e11b709d,2023/11/26(日) 14:30
hokkaibun,北海道ニュースUHB,“藤丸ロゴ”入りのれんを「ゲットしました」北海道帯広市の百貨店「藤丸」で“備品を無料提供” 定員550人枠に市民が殺到,https://news.yahoo.co.jp/articles/b49c29f4113b16608045ecf042aa0892723fd920,2023/11/26(日) 12:46
hokkaibun,北海道ニュースUHB,「離婚問題や金銭トラブル、我慢しないで」札幌で調停委員が市民の相談受け付け コロナ5類移行で4年ぶり開催,https://news.yahoo.co.jp/articles/1b91d1f21251baaff6db481c000547e45dab18c6,2023/11/26(日) 12:38
hokkaibun,北海道ニュースUHB,”所持金十数円”ネットカフェ１日滞在しラーメンなど飲食物９点注文…22歳男逮捕「金が無いことを分かって入った」各地転々と生活か,https://news.yahoo.co.jp/articles/56561b0c52b3c460f6ed8af1c56f9f0d512c20f8,2023/11/26(日) 9:53
hokkaibun,北海道ニュースUHB,「自分勝手なふるまいに腹が立った」元妻の顔を複数回殴った男を現行犯逮捕 札幌市,https://news.yahoo.co.jp/articles/54728a9ad7848331c3b69bb8c106eb668c48d698,2023/11/26(日) 9:28
hokkaibun,北海道ニュースUHB,「無印良品」の新グルメに注目！道民のソウルフード”スープカレー”北海道で先行発売 スパイスがだしが効いたこだわりスープに注目～鍋のおともやお菓子も充実,https://news.yahoo.co.jp/articles/633b567a3411132c7ca3d8924314a12c7985ee40,2023/11/26(日) 8:00
hokkaibun,北海道ニュースUHB,「北海道で本屋を」SNSの投稿をきっかけに東京から渡った23歳女性の挑戦 特集 浦幌町にブックカフェ誕生 目指すは「忙しい日常でもちょっと一息つける」,https://news.yahoo.co.jp/articles/f8860050d2b3829c4913006f8272226fd5073d2e,2023/11/26(日) 6:00
hokkaibun,北海道ニュースUHB,「ここまで降るとしんどい」 道内で強い冬型の気圧配置 気温も上がらず147地点で真冬日に… 交通障害に警戒,https://news.yahoo.co.jp/articles/02fc40d895f1affdd58d956c06f417d9c2e07b2f,2023/11/25(土) 21:18
hokkaibun,北海道ニュースUHB,北海道から韓国へ ”アウトバウンド”客がコロナ前の水準まで上昇 現地にはジンギスカンや日本語の看板も多数…韓国トレンド発信地「聖水洞」おすすめスポット,https://news.yahoo.co.jp/articles/ba442b6816b58a59a9f88849f321baa88bd22b66,2023/11/25(土) 20:00
hokkaibun,北海道ニュースUHB,"料理応援家に聞く ごはん作りの絶望を解決するレシピ！""洗う前のカレー鍋でおにぎり＆揚げ物後の処理をラクに"" やる気0%からの料理術【ラクカジ】",https://news.yahoo.co.jp/articles/71060ca3d50e01802ab33067e28f0180af198882,2023/11/25(土) 19:00
hokkaibun,北海道ニュースUHB,"「ガザ侵攻」札幌市で""即時停戦""呼びかける メッセージ掲げて行進 医療崩壊の現状など伝える学習会も",https://news.yahoo.co.jp/articles/e699a136ed426ea9d8541bf1d5ed0cd38ba26826,2023/11/25(土) 18:37
hokkaibun,北海道ニュースUHB,荒れた天気で事故相次ぐ 札幌では強風で工事現場の足場倒れる スリップ事故も多発し国道が一時通行止めに,https://news.yahoo.co.jp/articles/f22343701f5bf2b4168539b0907f4de78a755344,2023/11/25(土) 18:30
hokkaibun,北海道ニュースUHB,「下から煙が上がってきている」 北海道北広島市のマンションで早朝に火事 74歳女性死亡,https://news.yahoo.co.jp/articles/1c10c7c9e67f980ed3d0c6c95ad0942363751344,2023/11/25(土) 18:21
hokkaibun,北海道ニュースUHB,店内で接客中の女性店員の胸を突然触る 「そのようなことはしていません」パキスタン国籍の男を現行犯逮捕するも容疑を否認 北海道旭川市,https://news.yahoo.co.jp/articles/6af23313b89d4be2a2cb5526d088854ea703bee2,2023/11/25(土) 13:14
hokkaibun,北海道ニュースUHB,「まずは玉を一歩前に出す…玉を戻す」 とにかく明るい安村さんの予想外の一手にプロ棋士も驚き “将棋まつり”で子どもたちに指導対局も 札幌市,https://news.yahoo.co.jp/articles/d1cb6a26087347dee6528dbe5f66dd21daa45591,2023/11/25(土) 12:39
hokkaibun,北海道ニュースUHB,「めちゃくちゃ冷たい」「耳が痛い」 ササラ電車が初出動した札幌…一夜明けて今シーズン一番の冷え込み 北海道内強い冬型の気圧配置で猛吹雪や大雪に警戒,https://news.yahoo.co.jp/articles/e98d4b12a8ce7102d94b6d84b803c572ac45f616,2023/11/25(土) 12:30
hokkaibun,北海道ニュースUHB,「9階から煙が充満している」早朝の15階建てマンション火災で一時騒然 70代女性が死亡し10代女性が軽いケガ 約2時間で鎮火…警察が出火原因調べる,https://news.yahoo.co.jp/articles/fc0110f9168baa75ccaa876786937bb8d34540ab,2023/11/25(土) 12:08
hokkaibun,北海道ニュースUHB,「スリップして横転した」路面に雪…一部凍結でタンクローリーが横転する単独事故 ガソリンや灯油が漏れて国道276号が通行止め 北海道千歳市,https://news.yahoo.co.jp/articles/bd0304fd9f8c2e1e3aa4cb0679d5ba6d7c3ac06c,2023/11/25(土) 10:29
hokkaibun,北海道ニュースUHB,札幌で今シーズン初の“ササラ電車” 北海道内は強い冬型の気圧配置の影響で日本海側を中心に猛吹雪や大雪 25日が大荒れのピーク,https://news.yahoo.co.jp/articles/479500efc89f48a2920a428391498416df342d19,2023/11/25(土) 9:34
hokkaibun,北海道ニュースUHB,"2023年最新鍋トレンド「ラーメン系スープ」天下一品 けやき すみれ…有名店の味が続々 ""豚骨や味噌"" 締めやアレンジで楽しみ方無限大【ラクカジ】",https://news.yahoo.co.jp/articles/263cc74ee029f5c5b559e4509d24fa0bdb4c12a8,2023/11/25(土) 9:00
hokkaibun,北海道ニュースUHB,"”超激臭”で厄介者のシカ撃退・クマにも効果が期待できそう…-北海道で新商品開発！ その名は「強臭力」 原料は""漁師の天敵ヒトデ” 道民の救世主なるか？",https://news.yahoo.co.jp/articles/4a876a68f3f5eab34ae5c54be62db2ea277603aa,2023/11/25(土) 8:00
hokkaibun,北海道ニュースUHB,ヒグマに食われた…大千軒岳で見つかったクマの胃から“DNA型一致” 遺体で発見された函館市の男子大学生と特定 警察は登山中に襲われ命落としたとみる,https://news.yahoo.co.jp/articles/9a8cae41ec25f8d759ced5adad94edd24c142721,2023/11/25(土) 6:30
hokkaibun,北海道ニュースUHB,【旭川いじめ報告書“流出”問題】「流出は確認できなかった」と市教委が結論…市議は入手した文書は廃棄と回答　遺族側は処罰求めるも…被害届や告発は見送りに,https://news.yahoo.co.jp/articles/9812d6b8318f889ea25b5321382beea923b70b84,2023/11/25(土) 6:00
hokkaibun,北海道ニュースUHB,「犯罪被害者週間」11月25日スタート 札幌でイベント開催 犯罪被害に遭った人やその家族などが置かれた状況に理解を深めて,https://news.yahoo.co.jp/articles/1828cfc01d790b42c02b9c13db5a0bc7dc1604a9,2023/11/24(金) 23:00
hokkaibun,北海道ニュースUHB,逮捕のきっかけはドラレコ映像…「暴力団の構成員だ」自ら名前や組織名など暴露…タクシー代 ”3710円” 踏み倒した21歳男を逮捕送検　北海道旭川市,https://news.yahoo.co.jp/articles/4e67c90d44fa36acfda2a16f883dbe6d57e06e7c,2023/11/24(金) 22:00
hokkaibun,北海道ニュースUHB,北海道に国内最大級の「データセンター」建設へ…ソフトバンク社長が知事と面会 冷涼気候いかし大幅な“省エネ”にも期待感,https://news.yahoo.co.jp/articles/9c6e8efedf02396db4d1be60c893402dd6a40791,2023/11/24(金) 21:00
hokkaibun,北海道ニュースUHB,暖気から一変 気温急降下…北海道各地 ”暴風雪”警戒 札幌では今季初めてのまとまった雪となり最大10～20センチの予想…停電・交通障害・事故等に注意,https://news.yahoo.co.jp/articles/b67de9183b6d0dec670dd2da7fc46e1f61da902d,2023/11/24(金) 19:08
hokkaibun,北海道ニュースUHB,【速報】インフルエンザの感染者『警報レベル』に…道内1定点医療機関あたりの感染者数は39.21 札幌でも41.3　警報レベルの30を初めて超える,https://news.yahoo.co.jp/articles/09d9e8b75c34f699c2a563c9c28bc6678c0fc50a,2023/11/24(金) 18:35
hokkaibun,北海道ニュースUHB,札幌市の路線バス運賃 値上げ方針で…市民団体が”値上げ反対要請書”を市に提出 運転手の確保策や減便後の回復策について説明求める,https://news.yahoo.co.jp/articles/436a3f4c761bb6d0343b885c72d09ba0291d9d29,2023/11/24(金) 17:48
hokkaibun,北海道ニュースUHB,【脱輪タイヤ 女児直撃事故】を受けて…道警と道運輸局が”整備不良車 取り締まり検問”実施…車輪脱輪事故の半数以上はタイヤ交換後1か月以内に発生 北海道,https://news.yahoo.co.jp/articles/2b7eb95d428a5dff1e948b0b8e8fae38af9c4b46,2023/11/24(金) 17:27
hokkaibun,北海道ニュースUHB,22歳男子大学生はヒグマに食べられていた…クマの体内からみつかったものを調べたところDNAで本人確認…登山中に襲われたか 北海道・福島町大千軒岳の悲劇,https://news.yahoo.co.jp/articles/bbaf38a4a05814ac119b7a990a17f9f402d1d957,2023/11/24(金) 14:59
hokkaibun,北海道ニュースUHB,【北海道今季一番の寒気】25日にかけて日本海側を中心に猛吹雪・暴風に警戒 “波の花”プランクトンがあわ状に…冬の荒れた海で見られる現象も,https://news.yahoo.co.jp/articles/dd5db3f266ac124158225aca20b5a260080f7027,2023/11/24(金) 12:15
hokkaibun,北海道ニュースUHB,未明に何が…「爆発音がして煙が見える」住宅の車庫が一時炎上 車のフロントガラスが熱でゆがむ 当時は鍵は閉まっていてケガ人なし 警察が出火原因を調べる,https://news.yahoo.co.jp/articles/348771e462882f20cae7eceac01d8b8b39f532cb,2023/11/24(金) 12:15
hokkaibun,北海道ニュースUHB,イブまで1か月…“クリスマスディスプレイ展” 巨大リースに雑貨など約100点を展示 今後も作品を追加して12月17日まで開催 札幌市百合が原公園,https://news.yahoo.co.jp/articles/c422e534a72f41fe2b4b6e1190b7d794a5c12b51,2023/11/24(金) 12:08
hokkaibun,北海道ニュースUHB,トップアスリートを目指す小学生対象にした「スピードスケート教室」 北海道・帯広市で開かれる 食育セミナーも開催,https://news.yahoo.co.jp/articles/338ae1c4a6358baa265a04fb1f852840ee713130,2023/11/23(木) 21:15
hokkaibun,北海道ニュースUHB,【すくすく子育て】みんなで一緒に子育て 子どもと一緒に社会復帰 ”ママたちの居場所”カフェが札幌に誕生,https://news.yahoo.co.jp/articles/2a980bfc2d217db2728d042a6d70bb5d25a3a799,2023/11/23(木) 20:12
hokkaibun,北海道ニュースUHB,“エスコンフィールド北海道”の裏側とは… 『技術者たちの熱い思い』屋根や天然芝の“秘密”公開 限定の建築ツアー実施,https://news.yahoo.co.jp/articles/f5a481db9b92d9b9554a57725dad2fb862369ed4,2023/11/23(木) 19:53
hokkaibun,北海道ニュースUHB,また大量の“雪虫”札幌は記録的暖かさに…週末にかけて暴風や猛吹雪 大雪に 「交通障害」に警戒を 北海道,https://news.yahoo.co.jp/articles/ce84893b8e2aef804cc5c40f36318afd1d23e85d,2023/11/23(木) 19:35
hokkaibun,北海道ニュースUHB,Fビレッジに星が降り注ぐ！ 子どもが楽しめるクリスマス縁日も クリスマスイルミネーション点灯は12月25日まで 北海道・北広島市ボールパーク,https://news.yahoo.co.jp/articles/0604a2902478e66eb5dfd0f7063843eb0bb3f1af,2023/11/23(木) 19:00
hokkaibun,北海道ニュースUHB,勤労感謝の日に“子どもお仕事体験”自分だけの「ピザづくり」に大興奮…仕事の楽しさや難しさを学ぶ 家族にプレゼント,https://news.yahoo.co.jp/articles/aa42630ab6530bfadf2f98753b104ee995fe6f76,2023/11/23(木) 18:50
hokkaibun,北海道ニュースUHB,【冬の使者】一度消えた「雪虫」がまたまた発生…10月の大量発生を最後にいなくなったと思ったら”気温上昇の札幌市内”で再びフワフワ舞いだす 市民ビックリ,https://news.yahoo.co.jp/articles/021213f676c36655f42a7caa41ee120b0056480b,2023/11/23(木) 17:02
hokkaibun,北海道ニュースUHB,「クリスマスの感じがすごい」 光り輝く『イクラのグラスツリー』ふ化直前のサケの赤ちゃんを間近で見られる…12月25日まで展示 北海道千歳市,https://news.yahoo.co.jp/articles/1f11247ca364ccec8b20838e1b3295825aa0275a,2023/11/23(木) 12:17
hokkaibun,北海道ニュースUHB,クリスマスに向け「シャンメリー」製造ピーク！ロゼやブルーハワイなど“7種類”華やかな『炭酸飲料』でお祝い 北海道苫小牧市,https://news.yahoo.co.jp/articles/a4cc021ab5d9ee34257961afcaa42b6fa9d0499a,2023/11/23(木) 12:17
hokkaibun,北海道ニュースUHB,【F FES】ファイターズ選手と触れ合える！ ファン交流イベント開催 初めてエスコンフィールド北海道で...トークショーや”サプライズ企画”も,https://news.yahoo.co.jp/articles/903a8f171b293c31f424c2892a249c42bb782577,2023/11/23(木) 12:10
hokkaibun,北海道ニュースUHB,『SDGs』などテーマに”オープンセミナー”開催 札幌市のIT企業経営者ら参加 UHBのトーク番組「BOSS TALK」の関連イベント,https://news.yahoo.co.jp/articles/ff9fb217519b52dd368b5bb818096d637df7c5f1,2023/11/23(木) 7:14
hokkaibun,北海道ニュースUHB,車の整備中にジャッキが外れて男性が車の下敷きに…通報から約30分後に救出されるも搬送先の病院で死亡 札幌市東区,https://news.yahoo.co.jp/articles/33c7669b0fc33b7764a05e700c72c18a80e5b8d7,2023/11/23(木) 6:30
hokkaibun,北海道ニュースUHB,「娘たちの目の前で殺された」BB弾めぐる小学生女児のイタズラをきっかけに…子どもの目前で父親を20カ所以上刺して殺害した被告の58歳男に懲役25年を求刑…弁護側は「殺意はなかった」と主張,https://news.yahoo.co.jp/articles/0d0a9de999ac6c44139d0b3d0a5ab4d8a99898d8,2023/11/23(木) 6:01
hokkaibun,北海道ニュースUHB,自衛官を対象に「バスやトラック」の運転体験会が開催 再就職先の候補の一つとして数年後に退官予定の自衛官が参加,https://news.yahoo.co.jp/articles/b089c0c764898306ef0b2ea03b578a4e3fa40e77,2023/11/23(木) 6:00
hokkaibun,北海道ニュースUHB,オオハクチョウやタンチョウ 4羽の野鳥の死骸から「高病原性鳥インフル」…北海道十勝地方では初の感染確認　道内で今季11例 感染対策の徹底を呼び掛け,https://news.yahoo.co.jp/articles/763cee338242264daf5614bac88f835a8fa33068,2023/11/22(水) 23:00
hokkaibun,北海道ニュースUHB,11月22日は「いい夫婦の日」区役所では「この日に婚姻届」と大勢のカップルが… テレビ塔の”夫婦割引”は「ケンカ中は対象外です」,https://news.yahoo.co.jp/articles/2c3808e8e41d592891794555c9489c3f25a690a6,2023/11/22(水) 21:00
hokkaibun,北海道ニュースUHB,乗用車と軽乗用車が正面衝突 1台が横転 双方の車を運転していたいずれも70代の男性含む４人が病院に搬送 北海道・旭川市,https://news.yahoo.co.jp/articles/819f2e143620614f71b7c1393413a0b5094608b4,2023/11/22(水) 19:45
hokkaibun,北海道ニュースUHB,夏・冬休み50日以内から最大“56日以内”に増加 記録的猛暑の北海道で道立高校など休業延長　生徒が体調を崩さないよう地域の状況に合わせ休みを設定,https://news.yahoo.co.jp/articles/6570b728ab0babcb95250354f4ec2fe0ca4e5634,2023/11/22(水) 19:32
hokkaibun,北海道ニュースUHB,札幌「ススキノ」の店舗 麻薬取締部が販売停止命令…“大麻グミ”に含まれる成分「HHCH」 “指定薬物”に 12月２日から販売・所持・使用が禁止,https://news.yahoo.co.jp/articles/16402629b2e32201aab373af0baa59a5d7f4c31b,2023/11/22(水) 18:19
hokkaibun,北海道ニュースUHB,旧ソ連軍の戦闘機「ミグ25」で函館空港に強行着陸…“ベレンコ元中尉” 亡命先のアメリカで亡くなる,https://news.yahoo.co.jp/articles/6543310ce1419d6c6063bdd4bb02103d06566a3b,2023/11/22(水) 16:30
hokkaibun,北海道ニュースUHB,【速報】「車の整備中に下敷きになっているようだ」40代男性が死亡…タイヤを外して作業中にジャッキが外れて車の下敷きになったか…札幌市東区の住宅街,https://news.yahoo.co.jp/articles/fa0790659e1def66f06a78a1527b05a7d512a2cf,2023/11/22(水) 15:08
hokkaibun,北海道ニュースUHB,「いい夫婦の日」婚姻届を出すカップルが続々…テレビ塔は入場料半額＆夫婦対抗ボウリング大会も 札幌市,https://news.yahoo.co.jp/articles/ef0aeb4f88dea8d3d2dc4bae53d1d9f49d97eb74,2023/11/22(水) 12:16
hokkaibun,北海道ニュースUHB,「反省の態度がない」検察“懲役25年”を求刑…BB弾めぐるトラブルで夫婦殺傷した58歳男に 旭川地裁,https://news.yahoo.co.jp/articles/a67b2e2f2cd61e64562a5caad325020290c1ce89,2023/11/22(水) 12:08
hokkaibun,北海道ニュースUHB,店舗前の土壌から“除草剤”成分…街路樹枯れた「器物損壊」容疑でビッグモーター2店舗へ家宅捜索 北海道警,https://news.yahoo.co.jp/articles/77c21e1cc66463e2cf9d620d5b5ad93f02d43176,2023/11/22(水) 12:00
hokkaibun,北海道ニュースUHB,ススキノの店舗に“販売停止命令”大麻に近い成分「HHCH」含むリキッドやクッキー4製品回収し検査 北海道厚生局,https://news.yahoo.co.jp/articles/d48bf7a8a9ee53857e508755900ecf5714cf11e7,2023/11/22(水) 11:40
hokkaibun,北海道ニュースUHB,【速報】札幌市のビッグモーター2店舗に家宅捜索 器物損壊の疑い...街路樹が不自然に枯れ除草剤の成分を検出 札幌厚別店と札幌清田店,https://news.yahoo.co.jp/articles/bfb3d805e995674552596bc3bde4e9abc79c2254,2023/11/22(水) 9:15
hokkaibun,北海道ニュースUHB,札幌ススキノの店舗 ”大麻グミ”麻取が立ち入り検査…札幌でも男性2人が救急搬送…厚労省は大麻グミに含まれる「HHCH」を「指定薬物」に指定へ,https://news.yahoo.co.jp/articles/bb96f10e3a4755689c75e7b56a7f1f569035ccc4,2023/11/22(水) 6:30
hokkaibun,北海道ニュースUHB,"次世代半導体の量産化目指す""ラピダス""経済波及効果　量産開始10年で最大18.8兆円試算 70社進出3600人働く想定",https://news.yahoo.co.jp/articles/b4581ce97cf4e51de9e555deacbe43df59f5885c,2023/11/22(水) 6:00
hokkaibun,北海道ニュースUHB,【事後強盗】作業用品店で”衣料品”を万引きした30～40代くらいの男　追いかけてきた従業員に暴行加え 自転車で逃走中  札幌市白石区,https://news.yahoo.co.jp/articles/fa339e5b3141a844d36e5b070b3eb283c6957c04,2023/11/21(火) 23:06
hokkaibun,北海道ニュースUHB,防犯カメラが捉えた”激突の瞬間” パトカーから逃れようと猛スピードで交差点進入 右折できずに電柱衝突…運転手ら複数人が逃走 当て逃げ容疑で行方追う,https://news.yahoo.co.jp/articles/56682411260838d2b549aa420ce35656a6ebd189,2023/11/21(火) 21:45
hokkaibun,北海道ニュースUHB,「さっぽろホワイトイルミネーション」11月22日の開幕を前に試験点灯…気温や湿度によって光の色や演出が変化するオブジェも登場…幻想的な光が街を彩る,https://news.yahoo.co.jp/articles/9040287f1eab93fce7c850c17c580e3a62f3a0b4,2023/11/21(火) 21:30
hokkaibun,北海道ニュースUHB,"""ファイターズふるさと納税""発表 返礼品には応援グッズや特別体験も！「魅力向上と地域の活性化に繋げたい」北海道・北広島市 全91品を選択可能",https://news.yahoo.co.jp/articles/978fc241e5b5b750f4c8808077078ba4fcfa6998,2023/11/21(火) 21:00
hokkaibun,北海道ニュースUHB,【SNSの投資詐欺】で“1000万円”消失…「こんなことになるとは夢にも思っていなかった」悔しさにじませる 被害女性が語る手口,https://news.yahoo.co.jp/articles/96185a21c4dec1465d2210c5d546fd6fc50b33ad,2023/11/21(火) 20:30
hokkaibun,北海道ニュースUHB,「不正改造の疑い」と国交相　8月車検合格後に改造か タイヤ脱輪事故から1週間 4歳女児は重体続く 運転手は「事故前にハンドルのブレ」,https://news.yahoo.co.jp/articles/da39fbfeb060f4ac37af26e2ad8331a1715d15b6,2023/11/21(火) 20:00
hokkaibun,北海道ニュースUHB,“大麻グミ”問題で…札幌ススキノでも「マトリ」が販売店舗に立ち入り検査…商品や在庫状況など調査 今後店舗への指導なども,https://news.yahoo.co.jp/articles/d2aea22162f41145d4ac6318671c562cb478bdba,2023/11/21(火) 18:39
hokkaibun,北海道ニュースUHB,"""大麻グミ""札幌でも健康被害が 繁華街「ススキノ」の複数の店舗で流通…厚生労働省は規制強化へ “いたちごっこ”の恐れも",https://news.yahoo.co.jp/articles/04ea3a3f6d5d5b846ff2e53101b2a1fc265689de,2023/11/21(火) 18:13
hokkaibun,北海道ニュースUHB,経済波及効果 “18.8兆円” 次世代半導体工場「ラピダス」 北海道千歳市に工場建設 2036年まで初試算 北海道,https://news.yahoo.co.jp/articles/428507145b4db700304a5a70d72a8d448c8a5796,2023/11/21(火) 17:48
hokkaibun,北海道ニュースUHB,【最新】クマに頭や腕などかまれる…男女2人が大ケガ 猟のため東京から来た男性を地元ハンター夫婦が案内中に…別行動の夫が駆けつけ駆除 北海道滝上町,https://news.yahoo.co.jp/articles/981f89bbaafd9e18c028b9e898120e1a94d2ddaa,2023/11/21(火) 17:14
hokkaibun,北海道ニュースUHB,ヒグマが道路に”仁王立ち” 海を見つめ何を思う…近づく車に気づくと一瞬にらみつけ 草むらに姿消す 北海道興部町で体長約1.6メートルのクマが国道に現る,https://news.yahoo.co.jp/articles/93e8578fa538bba2e5291d45c0daa1705062fe5c,2023/11/21(火) 15:23
hokkaibun,北海道ニュースUHB,サプライズで登場“清宮選手” 憧れのプロ野球選手が学校にやってきた！子どもたち一緒にキツネダンスやキャッチボールで大盛り上がり 北広島市,https://news.yahoo.co.jp/articles/134037e79a2f9ca4c466d52cd61d1ece6c0c1e01,2023/11/21(火) 12:54
hokkaibun,北海道ニュースUHB,”無灯火”でパトカー追跡後 猛スピードで逃走した乗用車が電柱に衝突し前が大破…警察がその場から逃げた運転手らの行方を捜索 札幌市,https://news.yahoo.co.jp/articles/b0e3ecf43a3b377c4a82c238b25935e0907d5e10,2023/11/21(火) 12:39
hokkaibun,北海道ニュースUHB,北海道の山中で“クマ猟のハンター3人組”襲われ2人ケガ「襲われた」無線で助け求める― 1人が“発砲し捕獲” 体長約120cmで体重100kgのメスか,https://news.yahoo.co.jp/articles/44ccd9d72d61d139910a0a2dbadcb37dadf35f03,2023/11/21(火) 11:49
hokkaibun,北海道ニュースUHB,【パトカーとカーチェイス】無灯火の乗用車…逃走の末に街路灯などに衝突 全面が大破した状態で発見 警察は逃げた運転手の行方を捜す 札幌市,https://news.yahoo.co.jp/articles/2de28c4188b3a11f684af91bfdb1e154baf6b109,2023/11/21(火) 9:32
hokkaibun,北海道ニュースUHB,「二度と悲劇を起こさないで」...うつ病を発症して自殺した男性看護師の遺族が病院に損害賠償を求める 職場のパワハラが原因と訴え 北海道釧路市,https://news.yahoo.co.jp/articles/7f4a1c03f6291a8566ba7a9a962d8bfc7a2c75b4,2023/11/21(火) 7:18
hokkaibun,北海道ニュースUHB,水蒸気噴出の風評を“払拭”へ…「米1グランプリ」北海道蘭越町のゆめぴりか日本一に 3年ぶり地元の最高賞受賞に喜びの声,https://news.yahoo.co.jp/articles/f715743847b68a99dbadc168e9b4c564a3068463,2023/11/21(火) 6:00
hokkaibun,北海道ニュースUHB,「生活のためだった」”年金欲しさ”で…死亡した母親を自宅ソファーに腐敗するまで半年近く放置…48歳無職男 61万円だまし取った詐欺容疑で再逮捕,https://news.yahoo.co.jp/articles/12cab9c1098007ab0d7fe28b010e13470818c0bf,2023/11/20(月) 21:45
hokkaibun,北海道ニュースUHB,今冬も北海道庁赤れんが庁舎前広場に“スケートリンク”オープン― 2024年2月1日から2週間 2度目の「スマイルリンクさっぽろ」雪遊びゾーンも新設,https://news.yahoo.co.jp/articles/559ea94dbd37a409dc66766067e49d61b416fe28,2023/11/20(月) 21:38
hokkaibun,北海道ニュースUHB,「モデルハウスから白煙が出ている」住宅展示場だった建物から出火 強風で6時間経っても燃え続ける 北海道・栗山町,https://news.yahoo.co.jp/articles/88a3c7b3da6617dd7f33f97ff67c005c00fa803d,2023/11/20(月) 21:30
hokkaibun,北海道ニュースUHB,「所持金が少なく生活するための食料品が欲しくて」”ひき肉1パック”（販売価格270円）を万引きした72歳の男を現行犯逮捕　札幌市,https://news.yahoo.co.jp/articles/7defb81da41f7a6b0d12850e2e40ab88c541b4d4,2023/11/20(月) 21:20
hokkaibun,北海道ニュースUHB,国道挟んだ住宅にも“飛び火”…8軒焼けた火事 「強風」で燃え広がったか 火元とみられる倉庫には冷蔵庫やボンベも 北海道乙部町,https://news.yahoo.co.jp/articles/ad921db90082f6adb466f726c4698f25835eb36e,2023/11/20(月) 20:40
hokkaibun,北海道ニュースUHB,8軒が焼ける火事 “強風注意報”が発表中…風にあおられ被害が拡大 専門家が指摘「2キロ先まで飛び火した例も」,https://news.yahoo.co.jp/articles/ddf90666b92c112cd6fbb3d5f9c7e6c43d3567b9,2023/11/20(月) 20:19
hokkaibun,北海道ニュースUHB,"""地域の親子の交流の場に""… 「みんテレこども食堂」初開催 自分で盛り付け「ホットシェフ」を体験 生放送中のスタジオ見学も 12月22日にも開催",https://news.yahoo.co.jp/articles/f350e68b20e4c0dc957c7f5b8ecfd7e66620ec36,2023/11/20(月) 20:07
hokkaibun,北海道ニュースUHB,韓国政府の職員が日本の市長の”心肺蘇生”に尽力…出張先の仁川国際空港で倒れた苫小牧・岩倉市長 会話可能な状態にまで回復 「元気になったら会いたい」,https://news.yahoo.co.jp/articles/7f8e3ca90451403880296db743919360a371f9cc,2023/11/20(月) 19:56
hokkaibun,北海道ニュースUHB,子どもが投げたBB弾に激高…子どもの目の前で親を刺し殺した58歳無職男 川口和人被告 「犯行を起こした記憶ない」「検察から精神を侵されるような取り調べ受けた」などと主張 検察の100以上の質問に黙秘…旭川地裁,https://news.yahoo.co.jp/articles/4796dd06c29a6f79cd744dc8be4be687207abab8,2023/11/20(月) 19:44
hokkaibun,北海道ニュースUHB,「大麻グミ」札幌でも男性2人搬送 ススキノで購入か…大麻グミとみられるものを摂取し体調不良訴え救急搬送 「HHCH」成分は近く指定薬物になる見込み,https://news.yahoo.co.jp/articles/7a1e0a6935395169bcdb3abebb162e25d18e393e,2023/11/20(月) 18:24
hokkaibun,北海道ニュースUHB,札幌市のスーパーで商品の「しらす干し」にフグ混入…「絶対に食べないで」保健所が注意呼びかけ…店頭告知するととも自主回収  今のところ被害届なし,https://news.yahoo.co.jp/articles/82a0dc0e5c55e9841b3ff527bdd2f0440c61b27b,2023/11/20(月) 18:04
hokkaibun,北海道ニュースUHB,北海道で”住宅火災”相次ぐ… 赤平市ではストーブにフライパンを置いて調理していたら延焼…苫小牧市では2階建て住宅全焼 女性死亡 小学生ら飛び降り避難,https://news.yahoo.co.jp/articles/0d0641673880d6ee280101b12c771c2e88a70f93,2023/11/20(月) 17:25
hokkaibun,北海道ニュースUHB,「財布落として、帰りの運賃が無い…1000円貸してくれませんか？」マイナンバーカード示し、令和の”寸借詐欺” 善意につけ込む無職男を逮捕,https://news.yahoo.co.jp/articles/7a542ee5301bc90ba3f9662f012923ef420d6628,2023/11/20(月) 15:14
hokkaibun,北海道ニュースUHB,“特定の業者”から見積り取り寄せたか…建物解体めぐる贈収賄事件 町職員の男「便宜」図った可能性 北海道余市町,https://news.yahoo.co.jp/articles/4a7fed73cf5992bd96ff2bdc2d306406f6caa4b6,2023/11/20(月) 11:52
hokkaibun,北海道ニュースUHB,札幌市内で事故相次ぐ…豊平区の“交差点”で車同士が衝突 子ども含む4人ケガ 「河川敷」では乗用車横転し10代女性ケガ,https://news.yahoo.co.jp/articles/37f5b1e93caf3f9736727a988b6dcd09574def9e,2023/11/20(月) 11:46
hokkaibun,北海道ニュースUHB,北海道内で“火事”相次ぐ…苫小牧市の住宅火災で70代女性死亡 乙部町で8棟焼けた火事は「強風」で延焼か,https://news.yahoo.co.jp/articles/193d657465fd14a9e64721d8c958a07bfb6ab556,2023/11/20(月) 11:40
hokkaibun,北海道ニュースUHB,なぜ…豊平川の土手にかろうじてとどまる横転した乗用車 ボンネットが開き車内の荷物散乱 10代の女性が病院搬送 警察が事故原因を調べる 札幌市,https://news.yahoo.co.jp/articles/df1db0db9137dcf738155cd88609a97798e51504,2023/11/20(月) 7:46
hokkaibun,北海道ニュースUHB,「車と車がぶつかったようだ」国道で軽乗用車同士が衝突 運転していた男女2人が病院搬送 50代の女性は病院で意識回復か 北海道恵庭市,https://news.yahoo.co.jp/articles/abbe770be34df2f1b534ac2027ff3c46423dd605,2023/11/20(月) 6:47
hokkaibun,北海道ニュースUHB,10時間超の“飲酒”の末…酒の席で会った女性に路上で”暴行” 北海道警の警察官を逮捕 泥酔で調べにも答えられず,https://news.yahoo.co.jp/articles/1dc0a087ee62fe4dba90e69a3768bbfeac9d643a,2023/11/19(日) 19:50
hokkaibun,北海道ニュースUHB,北海道乙部町で8棟が焼ける火事 けが人なし 電線も焼け落ち一時250戸停電 住民「風にあおられて火の勢いが止まらない」,https://news.yahoo.co.jp/articles/1ec7571e4ff0f77c25eb5b8a520de07a2f6107fa,2023/11/19(日) 18:33
hokkaibun,北海道ニュースUHB,「いろんな道が見えて視野が広がった」中学生対象の仕事体験イベント 札幌で開催 過去最多の730人参加,https://news.yahoo.co.jp/articles/48b5facae70bd8b7b62467c341a70431b9f85dd2,2023/11/19(日) 18:22
hokkaibun,北海道ニュースUHB,フィンランド発祥「モルック」大会　札幌で開催 54チーム出場 2024年には函館で世界大会開催,https://news.yahoo.co.jp/articles/163a6fa473871e6e06fea691d36b2e4afff4e247,2023/11/19(日) 18:22
hokkaibun,北海道ニュースUHB,"港の""迷いクジラ""姿消す 尾びれから血を流し弱っていた…いったいどこへ？ 北海道釧路町",https://news.yahoo.co.jp/articles/1780a2f18a023350dad97d13a25b0e430d155960,2023/11/19(日) 18:15
hokkaibun,北海道ニュースUHB,「面白くて、もうやめられない」第１回モルック札幌大会で54チームが“50点”を競う 2024年には函館で世界大会開催,https://news.yahoo.co.jp/articles/cfe53ccee58e7fac6a493f324eca3eb1edf4f4e8,2023/11/19(日) 12:57
hokkaibun,北海道ニュースUHB,少なくとも７棟に延焼中 北海道南部の乙部町で住宅火災 沿岸部では未明から強風続く,https://news.yahoo.co.jp/articles/50fc99ac995188c71cea0c2cf92ba55d9efc5e3f,2023/11/19(日) 12:23
hokkaibun,北海道ニュースUHB,【ママドキュ】1歳を育てる「助産師ママ」両立の秘訣“ハチミツ入りバター”で朝からテンション↑ コストコ買い置き2か月に1回 時短テクで毎日を乗り切れ,https://news.yahoo.co.jp/articles/6b5ca563f5a033643144f068999f91ebf34adda1,2023/11/19(日) 8:00
hokkaibun,北海道ニュースUHB,「心臓マッサージしたが呼吸なく…」韓国の空港で倒れた苫小牧市長 救命処置した空港職員が語る“緊迫の現場” 現在は回復「良いイメージを持ってくれれば」,https://news.yahoo.co.jp/articles/ad7e324cfb90be6bb107a22e0aa9fcfb92367576,2023/11/18(土) 19:55
hokkaibun,北海道ニュースUHB,化粧品 “100万円超” 盗んで「メルカリ」転売か 大学生の男（18）と自称・派遣社員の男（20）を逮捕 「金目当てで転売するため…」なぜか同系列店で,https://news.yahoo.co.jp/articles/58ad2d2dcf000d3345f3b1388c2ab15c66b06c41,2023/11/18(土) 19:35
hokkaibun,北海道ニュースUHB,地元の特産品を作ろう! 「西岡地ビール」開発プロジェクト進む 試飲会開催 札幌市豊平区西岡,https://news.yahoo.co.jp/articles/01891ae5156d6b05ee07884acadc85b9de70794e,2023/11/18(土) 18:36
hokkaibun,北海道ニュースUHB,道北9市町のキャラクターが交通安全呼びかけ 「明るい色の服装を」 北海道旭川市,https://news.yahoo.co.jp/articles/e4b5bfed1478929b8f1f0034e957f80745552b35,2023/11/18(土) 18:36
hokkaibun,北海道ニュースUHB,北海道新幹線 新八雲駅高架橋の起工式 関係者約100人出席 工期は2026年9月まで,https://news.yahoo.co.jp/articles/33f7e8c723ac3c6fc4e3af0c27a5df3be2f9fcff,2023/11/18(土) 18:22
hokkaibun,北海道ニュースUHB,"北海道余市町の税務課長 収賄容疑で逮捕 特定の業者を有利にし""商品券""40万円分受け取った疑い",https://news.yahoo.co.jp/articles/f388e6924df9b56f1331b2a83563832b8c2b89b4,2023/11/18(土) 18:22
hokkaibun,北海道ニュースUHB,【速報】北海道余市町の税務課長を収賄容疑で逮捕 工事受注に関し競争上優位にした見返りに建設会社社長から商品券約40万円分を受け取った疑い,https://news.yahoo.co.jp/articles/3e806f7ef19b5f8896a8e3465d0d174917e9a676,2023/11/18(土) 14:43
hokkaibun,北海道ニュースUHB,FX投資家を語る人物に250万円だまし取られる…「指定口座に振り込めば50～200％を資金として付与する」 SNSのDMでやりとり 北海道北広島市,https://news.yahoo.co.jp/articles/93d030fc15ffb0eaac8c499667e53d7648781ffe,2023/11/18(土) 14:13
hokkaibun,北海道ニュースUHB,『あっけし牡蠣まつり」開催 猛暑でカキの生育遅れ開催が1か月延期に…「心もおなかも既に満タン」来場者は大満足 北海道厚岸町,https://news.yahoo.co.jp/articles/bde4e738f1c723d9750ce9c7ec61c9c367c9cea9,2023/11/18(土) 14:06
hokkaibun,北海道ニュースUHB,『みんテレこども食堂』初開催！ 計33人が参加 セイコーマート”ホットシェフ”を自分で盛り付け食事…みんテレのスタジオ見学も 12月にも開催,https://news.yahoo.co.jp/articles/7f585909d3e3766d36c80d181f33129c0604188a,2023/11/18(土) 10:00
hokkaibun,北海道ニュースUHB,北海道千歳川の”サケ捕獲”今年も好調…夏場の高水温の影響を払拭 10月に入り回復 過去135年間で最も多かった2022年には及ばないものの 平年上回る,https://news.yahoo.co.jp/articles/357a6d5658d61f05413d6c9fd1e3325b29669f35,2023/11/18(土) 9:00
hokkaibun,北海道ニュースUHB,【すくすく子育て】育児に追われるママに癒やしを… 出産後の心と体をサポートする“産後ケア”をホテルで体験１泊２日,https://news.yahoo.co.jp/articles/46ccfcf2b10604fbb014802ea400afcba2d60fe4,2023/11/18(土) 8:00
hokkaibun,北海道ニュースUHB,バス運転手確保のため “あの手この手” 「家賃半額補助」に「免許取得全額補助」… 貨物運送業界とパイの奪い合い状態に 人手不足が深刻,https://news.yahoo.co.jp/articles/66cbc807332570213a6fee001c9dbb654124e6a9,2023/11/18(土) 7:00
hokkaibun,北海道ニュースUHB,【迷いクジラ】 漁港に体長約10メートルの巨体入り込み 潮吹く…地元漁業者「初めて見た。すごいな」若いザトウクジラか…当面見守る方針 北海道・釧路町,https://news.yahoo.co.jp/articles/64c5fc8ce9a0e3d01b23e14ddb8b8b61d03d9ef4,2023/11/18(土) 6:00
hokkaibun,北海道ニュースUHB,「財布落として帰りの運賃が無い…1000円貸してくれませんか？」マイナンバーカード示し 令和の”寸借詐欺” 通行人の善意につけ込む 53歳無職男が3度目の逮捕,https://news.yahoo.co.jp/articles/7407231834f8453f3686c95f792fa3e50112e1ed,2023/11/17(金) 20:31
hokkaibun,北海道ニュースUHB,家宅捜索で”工具”など押収 整備や改造の状況などを調べる 「札幌タイヤ脱輪事故」 4歳女児は首や頭などを強く打ち依然 意識不明の重体,https://news.yahoo.co.jp/articles/1ed8746aea2e1762ac0cd1788c18f9db7d60946c,2023/11/17(金) 19:45
hokkaibun,北海道ニュースUHB,NEXCO東日本「自動運転」の除雪車 吹雪や雪で視界不良でも作業可能 道央道の美唄～岩見沢インターチェンジ間でこの冬 2台体制で運用開始,https://news.yahoo.co.jp/articles/ed71d7c0b6a5b8acfcdfcf4c2295cb32f2ddef84,2023/11/17(金) 19:08
hokkaibun,北海道ニュースUHB,苫小牧市の岩倉博文市長 韓国から帰国 仁川国際空港で倒れ”一時重体”となるも手当を受け回復…治療のため苫小牧市内の病院へ搬送 現在は会話ができる状態,https://news.yahoo.co.jp/articles/115c0de2b9ab24cc56af372352ce8960cf622ebe,2023/11/17(金) 19:00
hokkaibun,北海道ニュースUHB,札幌三越に”ユニクロとジーユー”がオープン 買い物客「楽しみにしていた」「これからは利用する」大通りエリアにゆかりのある企業とのコラボ商品も,https://news.yahoo.co.jp/articles/59ad1ba546914a85836a6b305e336f411002ed01,2023/11/17(金) 18:45
hokkaibun,北海道ニュースUHB,【冬期間の自転車保管】 雪に埋もれてサビたらイヤという人は…札幌中心部にオープンした「屋内駐輪場」の利用がオススメ！ 11月17日から受付スタート,https://news.yahoo.co.jp/articles/55eb0043e46ffea7a38ae2bdb38a692153fec41f,2023/11/17(金) 18:28
hokkaibun,北海道ニュースUHB,"「日本の誇り」北海道民も歓喜！大谷選手は2度目の満票MVP受賞 メジャーリーグ初となる快挙 ""溺愛""の犬も話題に",https://news.yahoo.co.jp/articles/3db7e2d4c3031f6308a53a883485717731efa9e4,2023/11/17(金) 18:18
hokkaibun,北海道ニュースUHB,大雨の北海道 室蘭市では最大瞬間風速26.4メートル 登別市ではアパート外壁崩れる 小中学校など計89校休校に…18日明け方まで激しい雨続く見込み,https://news.yahoo.co.jp/articles/b9c3c687e28c4bf503bf7c488145e9a7ba980ab7,2023/11/17(金) 17:23
hokkaibun,北海道ニュースUHB,窓ガラスを割って”ホテルで1人暮らし”…休業中の”ラブホテル”に無断侵入 49歳無職男を逮捕 「寝るところがなかった…」北海道・苫小牧市,https://news.yahoo.co.jp/articles/2c1dea70d4af158549db6a37393fb803e1c1a880,2023/11/17(金) 15:42
hokkaibun,北海道ニュースUHB,漁業者もびっくり！『体長5メートル以上のクジラ』が漁港に迷い込む…潮をふく様子も 漁業への“被害なし” 北海道釧路町 老者舞漁港,https://news.yahoo.co.jp/articles/2c8402ca055cccef2f66b02072dfdf41b9b4bb25,2023/11/17(金) 12:20
hokkaibun,北海道ニュースUHB,『ユニクロとジーユー』札幌三越にオープン！大通にゆかりある企業とのコラボも…「来やすくなった」「これから利用したい」,https://news.yahoo.co.jp/articles/6a444b4e44b00847fdb6692e4b96925efd708b4b,2023/11/17(金) 12:20
hokkaibun,北海道ニュースUHB,号外に殺到！「額に入れて飾りたい」「日本の誇り」...2度目のア・リーグMVP 大谷翔平選手の快挙に道内でも歓喜＆祝福の声,https://news.yahoo.co.jp/articles/4c827d3ebb7b00de9b1e036c274b3b6a074cfe98,2023/11/17(金) 12:10
hokkaibun,北海道ニュースUHB,また…前日に焼けた住宅で火事 「建物の中から火が見える」早朝に近所の住民が通報 焼けたのは玄関の“布団” 警察と消防が関連性を調べる,https://news.yahoo.co.jp/articles/0592aec1efaeecfb512c3f204fcb7bcda56c7a4a,2023/11/17(金) 8:42
hokkaibun,北海道ニュースUHB,タイヤ脱輪で女児重体…涙ながらに語る車両の持ち主　運転していた元整備工は過失運転致傷容疑で送検　関係先を家宅捜索 誰がどんな改造を？ 事故との関連は？,https://news.yahoo.co.jp/articles/4a06bcbd82b80daa28fb50b0504d2f6901a98a85,2023/11/17(金) 6:40
hokkaibun,北海道ニュースUHB,「ハンドルにブレ…違和感あった」逮捕された男が供述…事故直前に改造車を整備したとみられる関係先を家宅捜索 事故と因果関係調べる 【脱輪タイヤ女児直撃】,https://news.yahoo.co.jp/articles/e243c6c0e95b8815f1705b2d4c5099cf785b7f31,2023/11/17(金) 6:00
hokkaibun,北海道ニュースUHB,「2030年万博」開催地が11月28日決定！3か国が最終候補に...誘致を目指す韓国の”思惑” 苦戦する2025大阪・関西万博に不安は？記者が現地取材,https://news.yahoo.co.jp/articles/3ba854b6b1a1164e051170759a1a830bc2144850,2023/11/16(木) 20:42
hokkaibun,北海道ニュースUHB,ついにボジョレ・ヌーボー解禁！今年の出来は「通好みの味」札幌のコンビニで開かれた”カウントダウンイベント”では試飲用ワインが振舞われる,https://news.yahoo.co.jp/articles/4ce6ca1e3364f4b435903fdbb04911c6508b1c83,2023/11/16(木) 20:30
hokkaibun,北海道ニュースUHB,「助けてと言われた」「ドンという音がした」札幌市で火災相次ぐ…豊平区では調理中の住宅で火災・清田区では店舗が焼ける…いずれもケガ人なし,https://news.yahoo.co.jp/articles/b48f44a6ff831806fc37234c2964de6143c292c5,2023/11/16(木) 20:30
hokkaibun,北海道ニュースUHB,【女児タイヤ直撃事故】警察が関係先を家宅捜索…事故直前に車を整備か…運転していた容疑者の元整備工は「車に違和感があった」 知人で車の所有者は泣きながら「今は心の余裕がない…被害にあった娘さんのことだけ」と話す,https://news.yahoo.co.jp/articles/b0fd13bfce0ec5e4405f93d9c20c7338c0bb3711,2023/11/16(木) 19:58
hokkaibun,北海道ニュースUHB,もうすぐ生後3か月！札幌の円山動物園で生まれた赤ちゃんゾウ「タオ」の夢中になっていることは…“落ち葉や水遊び”,https://news.yahoo.co.jp/articles/5cd7b8213a8f13e706597ad73d2f820f7d785b12,2023/11/16(木) 19:07
hokkaibun,北海道ニュースUHB,【独自】女児タイヤ直撃事故で警察が関係先を家宅捜索 資料押収…事故直前に改造四駆を整備か…運転していた元整備の49歳男は「車に違和感があった」と供述,https://news.yahoo.co.jp/articles/960e1a59c4a519cbf26fa106208e28abe74136d3,2023/11/16(木) 18:10
hokkaibun,北海道ニュースUHB,"スコーンとお茶の祭典「スコーンパーティ with TEA 2023」札幌で開催…国内外の約40点店舗が大集合 ""イベント限定スコーンや日替わり店舗""も",https://news.yahoo.co.jp/articles/8c4f59dbaa0edd542e3cb8e241debab1410eb4be,2023/11/16(木) 15:15
hokkaibun,北海道ニュースUHB,国の天然記念物タンチョウの死骸から…北海道内で今シーズン6例目の“高病原性鳥インフルエンザウイルス”確認 監視強化継続と感染対策の徹底呼びかける,https://news.yahoo.co.jp/articles/9d2342276a612a337be235207037797c34b3a9dc,2023/11/16(木) 14:33
hokkaibun,北海道ニュースUHB,『噴き上がる真っ赤な炎と煙』札幌市内で“火事”相次ぐ…豊平区と清田区で住宅や店舗焼ける いずれもケガ人なし,https://news.yahoo.co.jp/articles/0f74d994c2592994431d17d281d0b5b8897b8e30,2023/11/16(木) 12:38
hokkaibun,北海道ニュースUHB,「ハンドルのブレを感じていた」逮捕の男が供述…軽乗用車は知人名義 ”不具合”感じながら運転続けたか 女の子は現在も“意識不明の重体”,https://news.yahoo.co.jp/articles/2e519264bee800ca99b3d869a82bf32facc1eabd,2023/11/16(木) 12:26
hokkaibun,北海道ニュースUHB,ボジョレ・ヌーボー今年も解禁！フレッシュでフルーティーな味わい「通好みの味」コクと香りのバランス抜群,https://news.yahoo.co.jp/articles/6fdaf78e8d442ed35db4246474acabbd4d1379ce,2023/11/16(木) 12:04
hokkaibun,北海道ニュースUHB,【速報】激しく噴出する煙…2階建て住宅で火事 これまでに搬送者なし 「住宅から火が出ている」と目撃者から通報で消防隊11隊が出動 札幌市豊平区,https://news.yahoo.co.jp/articles/756ecd359412ab91c259b2b8b665fb86fb677b28,2023/11/16(木) 9:56
hokkaibun,北海道ニュースUHB,「空席をなるべく減らしていきたい」JR北海道 4つの特急列車を全席指定に…ネット事前予約で最大55%オフの割引制度も導入,https://news.yahoo.co.jp/articles/10545a17a1cf9e383bed8c3c3ba4a0f8c25d40db,2023/11/16(木) 7:00
hokkaibun,北海道ニュースUHB,タイヤの直撃を受けた”幼稚園に通う4歳の女の子” 依然意識が戻らず懸命の治療続く…脱輪タイヤのナットは5個とも外れていた事が判明 整備状況など調査,https://news.yahoo.co.jp/articles/44cea79ca7f94dd9248c49d4516fa54931c83536,2023/11/16(木) 6:30
hokkaibun,北海道ニュースUHB,車メディア編集長に聞く「札幌タイヤ脱輪事故」の問題点…知らないと違法改造に 加害者となる可能性も…冬タイヤ交換時期は脱輪が急増 しっかり点検を！,https://news.yahoo.co.jp/articles/aae3fc6e85ca49c66a01c68b6de43c907770a5d6,2023/11/16(木) 6:00
hokkaibun,北海道ニュースUHB,2030年冬季五輪 ”札幌招致断念”を受けて 市役所のPR掲示物を撤去…札幌ドームなどでも掲示物を撤去へ 秋元市長は2034年招致の可能性を模索,https://news.yahoo.co.jp/articles/97313e13d2e513b4df88e2a124c679295234bdbb,2023/11/15(水) 20:46
hokkaibun,北海道ニュースUHB,インフルエンザが異例の感染拡大 コロナ禍で子どもの免疫低下か…”咳止め”などクスリ不足も深刻化…打開策として「市販薬・残薬」の有効活用もアリ,https://news.yahoo.co.jp/articles/3a757f31fb7df841ccc638f0fa6e30c5ac976bd4,2023/11/15(水) 20:22
hokkaibun,北海道ニュースUHB,”廃虚ホテル”の解体準備がついにスタート 来年12月をメドにすべての建物を取り壊す予定 北海道東川町「天人峡温泉」,https://news.yahoo.co.jp/articles/6a0f87716729b0dfef87e4ea66a9c44b82d4d197,2023/11/15(水) 20:10
hokkaibun,北海道ニュースUHB,町道交差点で乗用車同士が衝突…双方の車を運転していた女性2人がケガをして病院に搬送 北海道音更町,https://news.yahoo.co.jp/articles/7096436d1aa6fb56a902e3443a34d0292480713d,2023/11/15(水) 19:38
hokkaibun,北海道ニュースUHB,事故直前にグルグル…不審な旋回なぜ？ 「他人名義」の改造4WDからタイヤが脱落して女児を直撃…ナット緩んで外れたか？ 車載工具で増し締めしていたら…,https://news.yahoo.co.jp/articles/867e8e3d88568cc7361a6a94ab59c199200bfe0a,2023/11/15(水) 19:19
hokkaibun,北海道ニュースUHB,数十万円のシャンパンを何本も……『ニュークラブ』のVIPルームに4時間滞在 約278万円分も”無銭飲食”…20歳の無職の男「逮捕は覚悟の上だった」,https://news.yahoo.co.jp/articles/e81df8db802eaa63b5250762805d481f7d2fc3ad,2023/11/15(水) 17:32
hokkaibun,北海道ニュースUHB,事故前に『不審な旋回』 タイヤが4歳くらいの女児に直撃...女児の“約70メートル手前”でタイヤ外れたか 女児は依然意識不明の重体,https://news.yahoo.co.jp/articles/625f26e711fbeb68d0df2d481d5fc5864e51de43,2023/11/15(水) 12:11
hokkaibun,北海道ニュースUHB,石油ストーブによる事故 北海道で『5年間で41件』発生...家庭に身近な製品の“事故防止”パネル展開催 暖房器具を使う前には事前点検を,https://news.yahoo.co.jp/articles/854c4120db2a41ac86885464ff97d135f5aba536,2023/11/15(水) 12:11
hokkaibun,北海道ニュースUHB,夢の舞台へ！『春の高校バレー北海道大会』開幕　男子37校 女子45校が4日間“熱戦”を繰り広げる 男女の上位2校が全国大会の切符,https://news.yahoo.co.jp/articles/ff39b4b652856443edef26fa2bceda6018185724,2023/11/15(水) 12:03
hokkaibun,北海道ニュースUHB,「3階から炎が出ている」共同住宅の一室が焼ける火事 窓から噴き出す火と煙 高齢の男性が死亡 警察が身元の確認を急ぐ 北海道旭川市,https://news.yahoo.co.jp/articles/511d2c29f99b5e642f859ad215c6a7f6b477eefe,2023/11/15(水) 6:54
hokkaibun,北海道ニュースUHB,83歳会社役員の男性が死亡 “自身で所有する乗用車”のそばで発見― 「ギア バックのまま」50メートルひきずられた跡も 温泉からの帰り道か,https://news.yahoo.co.jp/articles/559956f2f2afc815d6e236cd322fa1e4f9fa4e26,2023/11/15(水) 5:00
hokkaibun,北海道ニュースUHB,4歳とみられる女児にタイヤ直撃…重体 運転手の男「タイヤが外れ女の子にケガさせたことに間違いない」―父と姉との3人で歩道歩いている最中の事故,https://news.yahoo.co.jp/articles/47c9027b6ea5f0c742758ff91d118bc0f6907869,2023/11/14(火) 21:33
hokkaibun,北海道ニュースUHB,トイレに赤いスプレー 衣類とトイレットペーパー燃やされた跡も 公園でイタズラ相次ぐ 北海道釧路市,https://news.yahoo.co.jp/articles/1145a833c5baad42ac8138110ecfe0d3c1ca8030,2023/11/14(火) 21:14
hokkaibun,北海道ニュースUHB,"知床沖""KAZU1""沈没事故 乗客6人行方不明のまま…海保が行方不明者の捜索を再開も手がかり見つからず",https://news.yahoo.co.jp/articles/48c0c0418ca68cd139f49ea3b9bd87e43dac11f5,2023/11/14(火) 21:02
hokkaibun,北海道ニュースUHB,"米どころ北海道蘭越町""水蒸気噴出""米が売れない…農業被害の受付始まる 風評被害による営業損失など補償",https://news.yahoo.co.jp/articles/f09da8383c1490338900d8fac9441f13610c9a2b,2023/11/14(火) 21:02
hokkaibun,北海道ニュースUHB,刃物突きつけ女子高校生を脅しケガ  ”不同意性交等致傷”で49歳男逮捕 「私は何もやっていない」別の女性にも刃物で脅迫 北海道苫小牧市,https://news.yahoo.co.jp/articles/f32681f36e0ae88cc9ae3e7fd54dc3322529773c,2023/11/14(火) 20:00
hokkaibun,北海道ニュースUHB,"「許せるものじゃない」被告に怒り…""BB弾""で子どもとトラブル 事実確認に訪れた30代夫婦殺傷の男 起訴内容を否認 判決は12月1日 北海道旭川市",https://news.yahoo.co.jp/articles/252dc1b2c0e5c4fa519eb707cd73cb428746a1ba,2023/11/14(火) 19:50
hokkaibun,北海道ニュースUHB,北海道警の活動を公安委員らが審議 ”刑法犯認知件数””交通事故死者数”は増加傾向も「安心して暮らせる北海道を実現する」鈴木本部長が表明,https://news.yahoo.co.jp/articles/7f52af2bc57037ff061f4813085216ede4faf1e7,2023/11/14(火) 17:49
hokkaibun,北海道ニュースUHB,走行中の軽乗用車 左前輪タイヤ外れ“3歳ぐらいの女の子”直撃…意識不明 「オフロード仕様のタイヤ ボルトは5本外れていた」車高高く改造か,https://news.yahoo.co.jp/articles/2917ec0e30eab9ddef60597c0d56b93bbb9451c4,2023/11/14(火) 15:21
hokkaibun,北海道ニュースUHB,エスコンフィールド北海道で「大規模訓練」スタンド席に“猛毒のサリン”がまかれた想定で球団職員ら約300人が参加　北海道北広島市,https://news.yahoo.co.jp/articles/f1cc00b9ff763da42eeb9b3f35864c489471a115,2023/11/14(火) 13:04
hokkaibun,北海道ニュースUHB,札幌市南区も”雪景色” 4センチの積雪を観測  北海道内各地で冬型の事故が発生…小樽市ではワゴン車がスリップして横転,https://news.yahoo.co.jp/articles/ebff1f221fc1f5b014e0e53471a5770f1bd35b6f,2023/11/14(火) 12:57
hokkaibun,北海道ニュースUHB,”BB弾”で子どもとトラブルに…訪れた30代両親を刃物で切りつけ死傷させた男の初公判 「弁護士に一任している」起訴内容を否認 北海道旭川市,https://news.yahoo.co.jp/articles/7806088b0569c6d8a2dc575683ecf7434897c7dd,2023/11/14(火) 12:50
hokkaibun,北海道ニュースUHB,ニセコで清掃員として働くベトナム人2人を再逮捕 精巧に『偽造』した”在留カード”を所持「このカード見せないと新しい仕事に就けない…」 北海道倶知安町,https://news.yahoo.co.jp/articles/0812b9a44af5a5f1ff6e52177eb1943540284b83,2023/11/14(火) 10:12
hokkaibun,北海道ニュースUHB,「自宅が燃えています」家人から消防通報…住宅一時激しく炎上し男女2名病院搬送 約2時間後に鎮火 北海道小樽市,https://news.yahoo.co.jp/articles/786ec8e30864110b26d02710dceffcc36dab7f69,2023/11/14(火) 9:09
hokkaibun,北海道ニュースUHB,窓越しに”女性の体”盗撮…30分前には女性宅忍び込み現金23万円と下着31点の窃盗も  50歳男再逮捕に「なぜ逮捕されたか分からない」容疑を否認,https://news.yahoo.co.jp/articles/194071a1e86b9931483b1a15cee569487f652e6b,2023/11/14(火) 8:20
hokkaibun,北海道ニュースUHB,凍結路面で“スリップ”が原因か…軽乗用車とトラックが正面衝突事故 26歳の男性が死亡  雪降る国道でどちらかが対向車線にはみ出したか 北海道滝川市,https://news.yahoo.co.jp/articles/9f885a49135b59b1031e24c9d447b66cb43d964e,2023/11/14(火) 7:11
hokkaibun,北海道ニュースUHB,「酒を飲んで運転していた」周囲に話す…ススキノ暴走ひき逃げ 長崎勇道容疑者(23）”飲酒運転”の可能性…パトカー振り切り 横断中の女性2人をはね飛ばす,https://news.yahoo.co.jp/articles/e320dc50360387d0ce51e8357b8efaa0674711b0,2023/11/13(月) 22:30
hokkaibun,北海道ニュースUHB,衝突した車体から出火 運転席には男性が…パチンコ店従業員らが決死の救出劇 60代とみられる男性が助け出され病院に搬送されるも死亡確認 札幌市,https://news.yahoo.co.jp/articles/dd47940aab712499146648e5a606eefce9670e94,2023/11/13(月) 20:58
hokkaibun,北海道ニュースUHB,いよいよ本格的な冬到来…“ラク＆節約”がポイント！この冬オススメの除雪用具＆あったかグッズ,https://news.yahoo.co.jp/articles/72ee1e4ca8f4d4e947e2a0d71356c4a07fd2d55f,2023/11/13(月) 20:30
hokkaibun,北海道ニュースUHB,函館の若き画家・藤倉朱里さん(19) ＧＬＡＹ・ＴＥＲＵさん・長谷川匠さんと金森赤レンガ倉庫で3人展 11月14日まで,https://news.yahoo.co.jp/articles/d93ddf09534865cdcea4ae58c48fae90e5aec4a7,2023/11/13(月) 20:02
hokkaibun,北海道ニュースUHB,札幌市など北海道各地で初雪観測 幌加内町朱鞠内では早くも積雪63cm…住民は除雪にうんざり 海外からの観光客は大喜び,https://news.yahoo.co.jp/articles/59e68f6c9a0dc55e8218b5bf021f804230e5caa2,2023/11/13(月) 20:02
hokkaibun,北海道ニュースUHB,鈴木知事らが国に『クマ対策強化』を緊急要請…クマによる人身被害は過去最多ペース ”財政支援”だけでなく”駆除の必要性”への国民理解も求める,https://news.yahoo.co.jp/articles/cf9713c8402e62ae93b38247f9eb24524e57192b,2023/11/13(月) 19:56
hokkaibun,北海道ニュースUHB,トラックと正面衝突…軽乗用車を運転していた20代男性が死亡…路面は積雪で一部凍結 スリップした可能性も ”雪道運転”注意 北海道滝川市,https://news.yahoo.co.jp/articles/f44244515211dad0f02f5174ce5628503c7f7dfb,2023/11/13(月) 19:22
hokkaibun,北海道ニュースUHB,【速報】パチンコ店に軽乗用車が突っ込み車体から出火 ”決死の救出劇”…運転手の60代とみられる男性が救助されるも搬送先の病院で死亡確認 札幌市北区,https://news.yahoo.co.jp/articles/7c9505d34c98407b91a098776eda7e18ef3e9a2a,2023/11/13(月) 19:07
hokkaibun,北海道ニュースUHB,航空自衛隊のパイロット 練習機搭乗中に”私物スマホ”で風景パチリ…警戒任務怠ったとして「停職2日」懲戒処分に…訓練飛行中はスマホ所持の制限なし,https://news.yahoo.co.jp/articles/563a69eb06d8244491b56e9ca3ed143cc48088c4,2023/11/13(月) 18:51
hokkaibun,北海道ニュースUHB,ロシア旅客船が小樽港に...『北方領土色丹島の旅行会社』がウラジオストクから運航 乗客は”3人程度”   今後の予定について正式な協議は行われず,https://news.yahoo.co.jp/articles/0fe30aeea006179702ef365ceea15449d51cf1b3,2023/11/13(月) 12:27
hokkaibun,北海道ニュースUHB,『DJキッズ』が交通安全呼びかける「道路に飛び出してはいけませんよ」  11月13日から“冬の交通安全運動” 始まる　札幌市の小学生約15人,https://news.yahoo.co.jp/articles/e630ee4d2f7067dc61fc10f1e532ee2d5ee720a9,2023/11/13(月) 12:27
hokkaibun,北海道ニュースUHB,軽乗用車がトラックと正面衝突し20代男性が死亡... 事故当時雪が降っていて路面は一部凍結 事故の詳しい原因を捜査 北海道滝川市,https://news.yahoo.co.jp/articles/38071b4a16250ba9852b579b3144bbcfba5234d7,2023/11/13(月) 12:20
hokkaibun,北海道ニュースUHB,「万引きしようとしている人がいる」スーパーの総菜売場からサバの味噌煮万引き 台湾籍の女（52）…別件捜査中の警察官が現行犯逮捕 札幌市,https://news.yahoo.co.jp/articles/43e0d074cff203cb66cb367c75117cb137f7b2c9,2023/11/13(月) 11:20
hokkaibun,北海道ニュースUHB,「私が妻を殺害したことに間違いありません」93歳の夫を殺人容疑で逮捕 “冷たくなっていて意識と呼吸がない”自ら110番通報 首に外傷…警察が経緯調べる,https://news.yahoo.co.jp/articles/74b7c38757abc09954e9def0cb7fbe1e2edeff0e,2023/11/13(月) 7:20
hokkaibun,北海道ニュースUHB,タクシー運転手不足が深刻…札幌で”仕事体験会” 道内のタクシー運転手はコロナ前から24％減少,https://news.yahoo.co.jp/articles/3ca5b0c111fcfd43c5fa848c322a396f16101297,2023/11/12(日) 18:44
hokkaibun,北海道ニュースUHB,JR千歳線の恵庭駅で”架線カバー”垂れ下がる…快速エアポートなど55本が運休 雪の影響による運休も13本発生,https://news.yahoo.co.jp/articles/66247909b320f5bac33cb9d6ef48aae3911d7eb7,2023/11/12(日) 18:33
hokkaibun,北海道ニュースUHB,北海道北部で大雪 幌加内町朱鞠内では積雪58センチ 稚内では積雪路面でトラックと軽乗用車が衝突 3人ケガ,https://news.yahoo.co.jp/articles/1daba1382e280b5ce3fd06d979e22c4f6e48f5c8,2023/11/12(日) 18:33
hokkaibun,北海道ニュースUHB,「妻が冷たくなっていて意識と呼吸がない」と90代男性が通報 布団の上に高齢女性の遺体 警察は男性に事情聴く,https://news.yahoo.co.jp/articles/b508b47fc42de4e9ac3b7f1b30fd8aad5e13002b,2023/11/12(日) 18:18
hokkaibun,北海道ニュースUHB,「声を出すなよ」帰宅途中の女子高校生に刃物突きつけわいせつ行為 49歳の男を逮捕「私は何もやっていない」と容疑否認 北海道苫小牧市,https://news.yahoo.co.jp/articles/11b8b434a7b4ad51018cbc6027a5292e85aa9dc9,2023/11/12(日) 17:32
hokkaibun,北海道ニュースUHB,「妻が冷たくなっている…」住宅で “女性の遺体” 発見 80代妻と90代夫の2人暮らし 警察が“夫” から事情聞く,https://news.yahoo.co.jp/articles/e5dddaf8a6aa382c4ad9245829532660e16f2b6d,2023/11/12(日) 16:10
hokkaibun,北海道ニュースUHB,「こんなの初めて…異常気象だからしょうがない」北海道北部で大雪 幌加内町朱鞠内で積雪58センチ JRのダイヤも乱れる,https://news.yahoo.co.jp/articles/078a86a2f1ac0e517bfb8a0c65752da7b47c4b58,2023/11/12(日) 12:59
hokkaibun,北海道ニュースUHB,「建物の2階全体から煙が…」 火が出たアパート2階から飛び降りて負傷 北海道帯広市のアパートで火事 3人を病院搬送,https://news.yahoo.co.jp/articles/b58d543e88d9c617f9f826d464cdadac2b59856f,2023/11/12(日) 12:40
hokkaibun,北海道ニュースUHB,【速報】雪の影響でJR北海道に運休・遅れ,https://news.yahoo.co.jp/articles/3ff8c144fdaf45adae9800f195d980af7662cb86,2023/11/12(日) 10:08
hokkaibun,北海道ニュースUHB,「有名音楽グループのメンバーと会える…」北海道の40代女性が605万円だまし取られる SNSで知り合った“関係者”かたる人物から相次ぐ要求で,https://news.yahoo.co.jp/articles/d8e9742798f2d905d5d5db115a56102f34ffa825,2023/11/12(日) 9:23
hokkaibun,北海道ニュースUHB,野菜高騰！よい品買うための見分け方―「白菜は重いものを」「長ネギ 緑と白はっきりしたものが甘い」プロに聞いたトリセツ＆時短料理【ラクカジ】,https://news.yahoo.co.jp/articles/ad7913663128d45a9f6d118b77aa527ff8e9d9c5,2023/11/12(日) 8:30
hokkaibun,北海道ニュースUHB,"2023年も残りわずか… 干支「辰」の置物制作ピーク 注文に応じた""一点もの"" 北海道登別市",https://news.yahoo.co.jp/articles/1ef559ef43f680518bd7a82da114a51e1ff9694d,2023/11/11(土) 18:38
hokkaibun,北海道ニュースUHB,"動物保護の新たな拠点""札幌市動物愛護管理センター(あいまる・さっぽろ)"" 秋元札幌市長「動物が幸せに暮らせる札幌に」",https://news.yahoo.co.jp/articles/99e4dcc721b176cb6b07f6cbbce969f71a32fa75,2023/11/11(土) 18:27
hokkaibun,北海道ニュースUHB,"北海道 日本海側中心に降雪 札幌は平年より10日遅い""初雪""観測 路面凍結に注意必要",https://news.yahoo.co.jp/articles/f93b80d30658ae45bf4714d2f1ae29bbfb1454e2,2023/11/11(土) 18:27
hokkaibun,北海道ニュースUHB,「いまから飛び込もうと思う」転落直前に自ら110番通報か... 海中から60代とみられる男性救助も心肺停止状態　北海道苫小牧市,https://news.yahoo.co.jp/articles/70d2e17131078c1edeea82209f59af4a9dd13cb8,2023/11/11(土) 16:29
hokkaibun,北海道ニュースUHB,【速報】韓国で突然倒れた苫小牧市の岩倉市長 ”意思疎通”ができるまで回復したと苫小牧市が発表 帰国に向けて調整を始める,https://news.yahoo.co.jp/articles/ea1565f2480e4499bd9e22b27f78659efcaad075,2023/11/11(土) 15:33
hokkaibun,北海道ニュースUHB,千歳の歴史を知ってほしい…米軍が駐留した戦後の混乱期を描く「市民ミュージカル」が2日間にわたり開催 市民ら約40人が参加,https://news.yahoo.co.jp/articles/e9eb734c7c0d2d276c5ded3dae036e5677b67614,2023/11/11(土) 12:25
hokkaibun,北海道ニュースUHB,一面の『銀世界』に...札幌や函館などで”初雪”　札幌は平年よりも10日遅い観測　午後も寒さが続く見込み　体調管理や路面状況の変化に注意を,https://news.yahoo.co.jp/articles/10db45ec0334b7111719f38065a4090c2a31f5f2,2023/11/11(土) 12:25
hokkaibun,北海道ニュースUHB,【ひみちゅ。きかせて】イマドキ園児の本音～ママも知れないあまーいひみちゅ「おじいちゃんのおうちではアイス食べ放題」お兄ちゃんの部屋こっそり使いお勉強も,https://news.yahoo.co.jp/articles/72a98f501b892c72c490c34148c1871bed08ba97,2023/11/11(土) 8:30
hokkaibun,北海道ニュースUHB,「白タク」禁止の日本で”ライドシェア解禁論浮上” 業界団体は反対も運転手不足の地方は歓迎？ 公共交通が細る北海道の『切り札』になるか,https://news.yahoo.co.jp/articles/5eb4e96eecd4efbcbc8a6689e218eed433c7db10,2023/11/11(土) 8:08
hokkaibun,北海道ニュースUHB,ハーレーダビッドソン愛好家の『ハーレー警ら隊』が解散式 北海道洞爺湖サミットの警備支援やマラソン大会の先導も...メンバーの高齢化により,https://news.yahoo.co.jp/articles/e61a3668779c6d0b9a0aa4ae01d0bd95269125a3,2023/11/11(土) 7:46
hokkaibun,北海道ニュースUHB,「かまってちゃんのカバ」「赤ちゃんの独り立ち見守るチンパンジー一家」休園中の旭山動物園に潜入―冬の開園は11日から 動物たちの素顔お見せします,https://news.yahoo.co.jp/articles/81d35b43499a946116f4b3f74fa2675376841ff8,2023/11/10(金) 21:44
hokkaibun,北海道ニュースUHB,【札幌・ススキノひき逃げ事件】女性はねた現場“ブレーキ痕”なし 猛スピードで暴走し路線バスに衝突 「サイドミラーを見た時に…避ける間もなくぶつかった」,https://news.yahoo.co.jp/articles/20c7eba6e9ffc0cd4f269c60b19b5dc3d05de676,2023/11/10(金) 21:30
hokkaibun,北海道ニュースUHB,教室で銃を構える子どもたち―「実射訓練」「欧米のSNSはフェイク」 “ロシアの学びや”で広がるプロパガンダ教育のいま,https://news.yahoo.co.jp/articles/b1199f8241402df13c2163b2fac75bd4c62bc6f1,2023/11/10(金) 17:02
hokkaibun,北海道ニュースUHB,犬2頭を衰弱死させた20代の女2人に“罰金40万円”の略式命令…死んだ犬と飼育する虐待も 小樽簡裁,https://news.yahoo.co.jp/articles/d52a80ae52858a9859ecf3b41a908b537e126712,2023/11/10(金) 17:00
hokkaibun,北海道ニュースUHB,7時間に渡り10代女性を車で“誘拐”し“強制性交…自称・アルバイト従業員の23歳の男を逮捕 「未成年だと知っていた。無理やりではない」と一部容疑を否認,https://news.yahoo.co.jp/articles/5f743b7f08ac9c9e7bf694dc04807ea6acd979e7,2023/11/10(金) 12:59
hokkaibun,北海道ニュースUHB,師走はもうそこまで！ 高級魚「キンキのいずし」づくりピーク…“あぶら乗りよくうまみ強い”仕上がりに 北海道伊達市,https://news.yahoo.co.jp/articles/d7675bb9104cac579cf4c97b99397a85ae2730ef,2023/11/10(金) 12:30
hokkaibun,北海道ニュースUHB,「恋愛感情もっていた」SNSで親密になり女子生徒と自宅でいかがわしい行為…中学校26歳の男性教師を懲戒免職,https://news.yahoo.co.jp/articles/5205cff17f2f54c212b52659a997884cdef2430b,2023/11/10(金) 12:10
hokkaibun,北海道ニュースUHB,停車中のトラックにバイクが追突　運転していた男性が全身を強く打ち死亡 札幌市西区 午後10時30分ごろ 片側2車線の道道,https://news.yahoo.co.jp/articles/c065641d54e8df12ec1cf2180062019303da3238,2023/11/10(金) 8:09
hokkaibun,北海道ニュースUHB,木造2階建て住宅から出火…2人死亡 住人の高齢男女と連絡取れず 身元の確認急ぐ 北海道稚内市,https://news.yahoo.co.jp/articles/f7c4c9f33c12c4c99364efd2400a0581ba059429,2023/11/10(金) 7:39
hokkaibun,北海道ニュースUHB,「助けて」一言で電話切れる… “監禁” された20代女性が母親に連絡 車内で何度も殴った男（26）逮捕 別れ話のもつれか,https://news.yahoo.co.jp/articles/69199629ccf398e9cf8178d2c85e0cad4d21927b,2023/11/10(金) 6:30
hokkaibun,北海道ニュースUHB,「命をあきらめろ… 11月10日までに死ね」70代の姉に “脅迫電話” をかけた妹（68）逮捕 「私にとっては口げんか」,https://news.yahoo.co.jp/articles/243f8a6dbbfc005f8f957699121f17dd181f8ce8,2023/11/10(金) 6:00
hokkaibun,北海道ニュースUHB,【男女2人が死亡】木造2階建て住宅で火事 家の中から救出されるも死亡確認 帰宅した住人女性が119番通報 北海道稚内市,https://news.yahoo.co.jp/articles/73d29ddb81f42739cac224a0a6abe2758944bb27,2023/11/9(木) 22:06
hokkaibun,北海道ニュースUHB,"札幌⇔新千歳空港の『空港連絡バス』 約4年ぶりに値上げへ…""燃料費高騰の対応”と”乗務員の待遇改善”目指す 北都交通と北海道中央バス",https://news.yahoo.co.jp/articles/3432149ba6eef8bfd5e03779c9fe2599c4339ab2,2023/11/9(木) 21:15
hokkaibun,北海道ニュースUHB,【暴走車がひき逃げ】見えてきた“逃走経路” 無謀な運転で白昼のススキノ騒然 一方通行逆走に路線バス衝突 赤信号無視で韓国籍の女性2人はねる,https://news.yahoo.co.jp/articles/059f0526ace3e0f8d7404d3cabd6a2930d508e5c,2023/11/9(木) 20:39
hokkaibun,北海道ニュースUHB,遺体近くのクマの死骸…“消防隊員襲ったのと同一”と確認 喉元のナイフ刺し傷が「致命傷」に 現地調査で判明,https://news.yahoo.co.jp/articles/051c4554480a75ba721bc64b5e96f36b413bb365,2023/11/9(木) 19:56
hokkaibun,北海道ニュースUHB,北海道内外302の企業や団体が集結...注目の『ラピダス』も初参加！ 今年で37回目”北海道ビジネスエキスポ”アクセスサッポロで11月10日まで開催,https://news.yahoo.co.jp/articles/d3760ed81ab8b927a3ced009d374b68501c50857,2023/11/9(木) 19:56
hokkaibun,北海道ニュースUHB,世界遺産「知床」でガリガリに“痩せこけたクマ” 原因は餌不足…人里には“体重320キロ”の巨体現る いったい何が,https://news.yahoo.co.jp/articles/95d1cf1c969a7f0c541f3af95cd30548c589b434,2023/11/9(木) 19:40
hokkaibun,北海道ニュースUHB,渓流沿いに横たわる『クマの死骸』… 函館市の男子大学生を襲ったクマか　ナイフで”応戦”した消防署員も同行して現地調査が行われる 北海道福島町,https://news.yahoo.co.jp/articles/958aae76fc6ffd6c8a43c6fb458f830ac855ee53,2023/11/9(木) 15:03
hokkaibun,北海道ニュースUHB,「形はコンビニ 中身は相当特色あります」テレビ局UHBの1階に“セイコーマート”オープン― 店内外にキャラクターをデザイン 番組グッズも販売,https://news.yahoo.co.jp/articles/83d9f3c71d169e3a5ad6f87bea660518e5954770,2023/11/9(木) 12:31
hokkaibun,北海道ニュースUHB,男子大学生襲い消防隊員に反撃されたクマか…現地で死骸の調査始まる “応戦した隊員も同行し”状況を検証 北海道福島町,https://news.yahoo.co.jp/articles/7eee263dc59ed4ae13c191ae3f3dd6034a60425b,2023/11/9(木) 11:50
hokkaibun,北海道ニュースUHB,“猛スピードで走る車が防犯カメラ”に…女性2人ひき逃げし逮捕の23歳男運転か「歩行者とぶつかり逃げた」札幌市中央区,https://news.yahoo.co.jp/articles/8831c8f272b4d2c54acd01cefc5bff712c8434ab,2023/11/9(木) 11:38
hokkaibun,北海道ニュースUHB,新型コロナで収入減少…“うその申請”し給付金計65万円だまし取る 逮捕39歳男「正規の手続きだった」と容疑否認,https://news.yahoo.co.jp/articles/3e9c371a2a78871249c8c16f76ef76a814c93c8b,2023/11/9(木) 11:30
hokkaibun,北海道ニュースUHB,【札幌・暴走車ひき逃げ】出頭してきた溶接工の23歳男を逮捕…危険運転致傷とひき逃げの疑い 街中を暴走し女性2人を跳ね飛ばして逃走,https://news.yahoo.co.jp/articles/007417d2f2426d87e8b9f2adb4871088f70206c4,2023/11/9(木) 9:13
hokkaibun,北海道ニュースUHB,【ヒグマ襲撃】男子大学生が死亡した登山道で専門家ら調査隊が現地入り クマと戦った消防士も再び現場へ 消防隊員3人を襲った理由は? 北海道福島町大千軒岳,https://news.yahoo.co.jp/articles/0393b46db83ddb08d69a67e68fd2be6f24ab887f,2023/11/9(木) 8:51
hokkaibun,北海道ニュースUHB,フロントガラスが割れた車を発見・押収…白昼、街中で暴走車が歩行者の女性2人を跳ね飛ばしたまま逃走…”ひき逃げ”で捜査 札幌市,https://news.yahoo.co.jp/articles/15a43c36d4844c9e78dd091acabb0a4b6b2d0177,2023/11/9(木) 7:46
hokkaibun,北海道ニュースUHB,鈴木直道北海道知事が石狩管内3市町村を訪問 「しんしのつ天文台」を視察…地元住民と”地域づくり”考える,https://news.yahoo.co.jp/articles/9cb2c0e8555df9bb639d72ab2b18cdca92707fb7,2023/11/9(木) 7:35
hokkaibun,北海道ニュースUHB,【続報】フロントガラスに大きな”ひび” 事件に関与した車か... 白昼の札幌・ススキノで発生した『ひき逃げ事件』 外国人とみられる2人がはねられる,https://news.yahoo.co.jp/articles/940b7a33af2880647b82d5cce9d3e22b6fbeff2d,2023/11/8(水) 23:33
hokkaibun,北海道ニュースUHB,心室細動による不整脈の可能性…出張先の韓国で倒れた苫小牧市の岩倉市長　意識を回復するための治療に専念　当面は副市長が市長の職務を代理,https://news.yahoo.co.jp/articles/0995dcdd229aa796751441c16029edf3bbb8df19,2023/11/8(水) 21:22
hokkaibun,北海道ニュースUHB,死んだオオハクチョウから“2例目”…高病原性鳥インフルエンザ確認 今シーズン「5例目」に 北海道,https://news.yahoo.co.jp/articles/9958e05d74280fe4d8af1efcda0fb653a3bc7e8c,2023/11/8(水) 20:40
hokkaibun,北海道ニュースUHB,「実質26年据え置き」に限界…札幌市“路線バス値上げ”方針に困惑の声も 収支改善で運転手確保＆路線維持目指す,https://news.yahoo.co.jp/articles/c21666c2558c7c9313c446fc33d7d3a0088d203d,2023/11/8(水) 20:30
hokkaibun,北海道ニュースUHB,200円＆500円「2段階定額制」…札幌市“宿泊税”導入めぐり素案示す 北海道も検討中 「使い道を明確にして」要望や疑問相次ぐ,https://news.yahoo.co.jp/articles/6099411f4c77e1840eea12b249abd90e7890ddf5,2023/11/8(水) 20:15
hokkaibun,北海道ニュースUHB,まもなく始まる”スキー学習” 『新しく買う？』『借りる？』『再利用する？』 2023年度のレンタル・リサイクル事情　札幌市,https://news.yahoo.co.jp/articles/191cd43f3baa9cff626fc0f790085f2dddff823f,2023/11/8(水) 20:04
hokkaibun,北海道ニュースUHB,【黒色の暴走車がひき逃げ】白昼の札幌・ススキノで若い女性2人をはねる 「若い感じの20代から30代くらいの男」目撃者が一部始終を語る,https://news.yahoo.co.jp/articles/622be38ced81ea276de910236d91e689b3f08791,2023/11/8(水) 19:57
hokkaibun,北海道ニュースUHB,次世代半導体の“みらい”高校生が学ぶ出前講座 ラピダス進出で生徒のギモン「地元に経済効果は？」 専門家は北海道全体で波及効果が出ると予想,https://news.yahoo.co.jp/articles/d34652bbb048ec46ae52f808004efa03762fa3a2,2023/11/8(水) 19:46
hokkaibun,北海道ニュースUHB,年末年始の食卓に欠かせない食品 相次ぐ“値上げラッシュ”のカゲ…一方でお得な食材も イクラは「4～5年ぶり」の安値,https://news.yahoo.co.jp/articles/823677f3c5c193e0915cf777a9515c6a3292bbba,2023/11/8(水) 19:35
hokkaibun,北海道ニュースUHB,【速報】札幌中心部で「ひき逃げ」…女性2人はねられる 黒い乗用車 プリウスか…現場から逃走中 警察が行方を追う,https://news.yahoo.co.jp/articles/fdf4a76078d5789c16929ee06b88011a083bdc47,2023/11/8(水) 14:14
hokkaibun,北海道ニュースUHB,韓国の空港で倒れた岩倉博文・苫小牧市長（73） 呼吸と脈が戻るも現在も治療続く…以前にも心筋梗塞が原因で入院 10月の検査では異常なし 苫小牧市が会見,https://news.yahoo.co.jp/articles/0382fc02daeef1f119d9097b46b573a2b41d8fdc,2023/11/8(水) 13:59
hokkaibun,北海道ニュースUHB,「おりが小さく見える」体重320キロ “OSO18クラス”の大型ヒグマ 箱わなに…一部始終をカメラ記録 猟友会が駆除― 目撃が前年比7倍の北海道石狩市,https://news.yahoo.co.jp/articles/cbb9ae1f49599656f2a27d928bd5fa698e6b5121,2023/11/8(水) 13:32
hokkaibun,北海道ニュースUHB,北海道・苫小牧市の岩倉博文市長が出張先の韓国で倒れる…入国審査前の待機中に意識が無くなりICUへ,https://news.yahoo.co.jp/articles/166f3fb1f9c23741d34df629085959a190acd421,2023/11/8(水) 12:28
hokkaibun,北海道ニュースUHB,札幌市内「路線バス」運賃値上げへ  運転手不足によるバス減便が相次ぐなか”協議運賃”改定で運転手確保と路線維持目指す 来年1月以降決定へ,https://news.yahoo.co.jp/articles/288b0e62ba9c466cee38ce2b2c90cedcb360ec63,2023/11/8(水) 12:28
hokkaibun,北海道ニュースUHB,【なぜ人を襲った？】男子大学生を襲い消防隊員も襲撃か…遺体発見現場の近くで見つかったヒグマの死骸を徹底調査へ  傷の状態や体長・年齢など調べる,https://news.yahoo.co.jp/articles/f9e0aaf2a348d329de73d5896c8cae79b7809109,2023/11/8(水) 12:07
hokkaibun,北海道ニュースUHB,「これを見たら、そろそろ雪かな」札幌市の大通公園で”冬囲い”作業始まる ツツジやライラックなど約2300本の樹木対象に むしろなどで覆う,https://news.yahoo.co.jp/articles/ddc09efcb807bba9ecf7f80c177c77861c2e20a8,2023/11/8(水) 7:28
hokkaibun,北海道ニュースUHB,横断歩道を渡っていた40代女性  2回はねられる…右折車に…さらに別の直進車にも…骨折などの重傷か 札幌市南区の国道交差点,https://news.yahoo.co.jp/articles/b93e082264c80082d63b67c763eed6912927b829,2023/11/8(水) 6:51
hokkaibun,北海道ニュースUHB,天然記念物“タンチョウ”の死骸から致死率の高い「高病原性鳥インフルエンザ」―国内で2例目 北海道東部で発見「半径3キロ以内に養鶏場なし」,https://news.yahoo.co.jp/articles/244749075185eaa58deb0cb1db498f39216a2e0c,2023/11/7(火) 21:30
hokkaibun,北海道ニュースUHB,タンクローリーと鉄製の門の扉の間に…男性が心肺停止 「現場には勾配」“サイドブレーキ”かけ忘れたか,https://news.yahoo.co.jp/articles/0e0d8f05a09bab9125b38479facb4cfa1ce17bc7,2023/11/7(火) 21:18
hokkaibun,北海道ニュースUHB,“北海道大学”の構内に「こども用の図書施設」誕生へ…建築家 安藤忠雄さん設計 世界に発信できるような人材に,https://news.yahoo.co.jp/articles/263b568c76fee2fa5a1c8919e08c7f09c29e2f93,2023/11/7(火) 21:18
hokkaibun,北海道ニュースUHB,札幌の顔「大通公園」が大きく変わる 設備の老朽化が進み“大規模改修”へ…遊具を設置し実証実験 未来予想図は,https://news.yahoo.co.jp/articles/8785e3ad33a7008e197476d93fd4b5efe6dff76f,2023/11/7(火) 21:08
hokkaibun,北海道ニュースUHB,また高齢ドライバーによる事故…“道路横断中の女性”はねられ死亡 軽乗用車の80歳男を逮捕「前方の交差点見ながら走り 衝突するまで気付かなかった」,https://news.yahoo.co.jp/articles/dc04f6be0394d3e1e5ad6be45609330ed1b5ecb3,2023/11/7(火) 21:08
hokkaibun,北海道ニュースUHB,"ミニチュアホースの赤ちゃん6頭 ""猛烈アプローチ""―まるで犬！甘える姿が話題 かわいらしい表情にも注目",https://news.yahoo.co.jp/articles/3b8205d13499d701582888e32b22eb4e0d787d78,2023/11/7(火) 21:00
hokkaibun,北海道ニュースUHB,道路が川のように…冠水相次ぎ床下浸水も 北海道稚内市で記録的な大雨  JR特急4本を含む13本運休 8日明け方まで暴風・高波に警戒,https://news.yahoo.co.jp/articles/fb80a2e12068b9c5e8eae93d5b24f08d2e2b4ec1,2023/11/7(火) 20:44
hokkaibun,北海道ニュースUHB,寒さ強まる中“新酒の仕込み”本格化 12月ごろから店頭に 熟成させた日本酒も販売―北海道旭川市の酒蔵「男山」,https://news.yahoo.co.jp/articles/2f86b28d0352cdf5c9e41d7bdf73c23d83ba7530,2023/11/7(火) 20:31
hokkaibun,北海道ニュースUHB,民放連盟賞“優秀賞”UHBが「技術部門」で31年ぶり… 視聴率やSNS分析ツール開発 番組改善の作業効率向上に貢献,https://news.yahoo.co.jp/articles/834a4dbc8bbc670b0ad64ba196011145b06cd5cc,2023/11/7(火) 20:23
hokkaibun,北海道ニュースUHB,飲酒運転の疑いで職務質問した警察官を投げ飛ばし顔面を蹴る…　34歳自称会社員の男を逮捕　自宅に”立てこもる”も警察が窓を破壊して突入し取り押さえる,https://news.yahoo.co.jp/articles/0119870c880e1e7a37da1c1ddb981ceac8854c70,2023/11/7(火) 15:15
hokkaibun,北海道ニュースUHB,道内8日まで大気不安定 稚内では24時間に131.5ミリの雨が降り冠水や土砂がたまる被害 暴風・高波・土砂災害に警戒,https://news.yahoo.co.jp/articles/71f3be5b953f7e86ff00382f8862a22451e6a033,2023/11/7(火) 12:32
hokkaibun,北海道ニュースUHB,リチウム電池が燃えたか…大量の煙がもくもくと発生 “リサイクル工場”で積み上げられた鉄くずや廃材などが燃える 北海道石狩市,https://news.yahoo.co.jp/articles/89321410296c30577dcfe7aecc1a1168a06e65a8,2023/11/7(火) 11:59
hokkaibun,北海道ニュースUHB,首切断のネコに続いて“頭部がない”ハトの死骸が目撃される 歩道には羽が散乱し血のようなものが…警察が周辺の警戒を強める 北海道札幌市,https://news.yahoo.co.jp/articles/eeccafc047fb10008131566375c19f2cdeade37b,2023/11/7(火) 11:59
hokkaibun,北海道ニュースUHB,『登録者4000人』”自称ユーチューバー”の33歳の男 バイトで世話になった男性のキャッシュカードで3万4000円引き出し逮捕 「渡された」容疑否認,https://news.yahoo.co.jp/articles/a9a6727fb9cd18d47a75e04c895a2b5441d22cf2,2023/11/7(火) 9:53
hokkaibun,北海道ニュースUHB,【速報】北海道・石狩市のリサイクル工場で火災…灰色の煙が立ち上る…鉄くずなどの廃材から出火か,https://news.yahoo.co.jp/articles/35afaef47a658353b4a8948c8d1185fcad437906,2023/11/7(火) 8:17
hokkaibun,北海道ニュースUHB,旭川市役所の新庁舎で開庁セレモニー 一部フロアで業務開始 本格的に窓口業務がスタート 免震構造で震度6強の揺れにも対応,https://news.yahoo.co.jp/articles/39dbac765c4923caf278e88006d22593e36de4f6,2023/11/7(火) 8:08
hokkaibun,北海道ニュースUHB,【世界最高齢】推定65歳以上のシロテテナガザル ”オン”が死ぬ… 北海道の釧路市動物園で35年にわたり来園者に愛される,https://news.yahoo.co.jp/articles/450f24a82c722b1ea8fe09b521535145475a925d,2023/11/7(火) 7:36
hokkaibun,北海道ニュースUHB,【速報】北海道稚内市の中心部 JR駅周辺の道路が“冠水”…1時間で32ミリの激しい雨―「土砂災害警戒情報」を発表 低い土地の浸水や河川の氾濫に警戒を,https://news.yahoo.co.jp/articles/a9a185241c3765b4e9bdb876d8b403c9fbeee93a,2023/11/7(火) 0:33
hokkaibun,北海道ニュースUHB,住宅街の路上で“高齢の男性” 軽乗用車にはねられ頭から出血「重体」…警察 身元確認を急ぐとともに運転手の女性から事情聞く―北海道南部・北斗市,https://news.yahoo.co.jp/articles/5ba6621c6e9170de83bc549c5cf1c4bf4bc8145c,2023/11/6(月) 22:12
hokkaibun,北海道ニュースUHB,【北海道】あすにかけ雷ともなう激しい雨―24時間に予想される雨量 宗谷と日高で120ミリ 海は大しけ,https://news.yahoo.co.jp/articles/442ff5fc5cf1ab172bf1e070551fbee0ad4b4d0f,2023/11/6(月) 21:58
hokkaibun,北海道ニュースUHB,阪神タイガース38年ぶり優勝“アレのアレ”で北海道ファンも熱狂 函館で『気温10度のビールをかけ』 『告知なしの大セール』旭川では二日酔いで行列並ぶ姿,https://news.yahoo.co.jp/articles/2bc4cccd9af4788936ccb4412b11f06a73019b07,2023/11/6(月) 21:29
hokkaibun,北海道ニュースUHB,"本格的冬シーズンを前に…スタッドレスタイヤなど""20万円相当""なくなる 盗難か 北海道旭川市の自動車販売店で被害",https://news.yahoo.co.jp/articles/1c6b14b07844989f0cb697517674261886be1b81,2023/11/6(月) 21:29
hokkaibun,北海道ニュースUHB,今シーズン“過去最大予算”で臨む札幌市の除排雪…「きめ細かさ＆1オペ導入」も 持続可能な体制構築を模索,https://news.yahoo.co.jp/articles/67ef063d3b388d985f868f8906ec32d004a67417,2023/11/6(月) 21:08
hokkaibun,北海道ニュースUHB,“札幌駅周辺のバス乗り場”の除排雪は重点的に…「過去最大予算」で対応へ 背景に人件費・燃料費上昇も,https://news.yahoo.co.jp/articles/7c561a0f6423a9d5a8d048820541e0138eb788bf,2023/11/6(月) 21:08
hokkaibun,北海道ニュースUHB,“事故多発の秋”要注意 早朝の道央道でシカと衝突→3台の玉突き事故に 北海道千歳市,https://news.yahoo.co.jp/articles/7d182f27b81dca47dcd5c03b5bc53c5d21686976,2023/11/6(月) 21:08
hokkaibun,北海道ニュースUHB,「切断された可能性も」札幌市中央区の住宅街の歩道で ”頭部のないネコの死がい”見つかる,https://news.yahoo.co.jp/articles/d23f3e64803b9d11e62b9af6dfcded6c639d9abe,2023/11/6(月) 21:08
hokkaibun,北海道ニュースUHB,大千軒岳で発見の遺体は大学生 死因は“出血性ショック”…襲ったとみられるのは「駆除しないといけないクマ」 専門家が警鐘,https://news.yahoo.co.jp/articles/8e6915d609070f0488e80dd0b9f34d23aced8077,2023/11/6(月) 21:00
hokkaibun,北海道ニュースUHB,"フレンチシェフ考案！コースで仕立ての""ラーメン” 焼きおにぎり・味変調味料…デザートも！ フランス料理×中華麺が融合",https://news.yahoo.co.jp/articles/bf66cd3f7925e734cc0064c26629f0274ed5264b,2023/11/6(月) 20:41
hokkaibun,北海道ニュースUHB,「首のない猫の死がいがある」 札幌中心部の路上に”頭部のないネコの死がい”が放置される…警察は何者かが切断した可能性もあるとみて捜査,https://news.yahoo.co.jp/articles/5f638aab15278685061e782c4d3732a24d94bda4,2023/11/6(月) 15:49
hokkaibun,北海道ニュースUHB,北海道・陸別町で「低緯度オーロラ」 銀河の森天文台が撮影に成功 雲の隙間に”赤く染まった空”…太陽活動の活発化で来年にかけて観測チャンス増える見込み,https://news.yahoo.co.jp/articles/2d876b5388f6d83f9bcd7a75f7642566e5a9184d,2023/11/6(月) 15:24
hokkaibun,北海道ニュースUHB,防犯カメラが捉えた『悠然と歩く“親子グマ3頭”の姿』 札幌市西区の住宅裏庭で撮影される　母グマは約1.6メートル...被害は確認されず,https://news.yahoo.co.jp/articles/2a0f6ead4b013c9105de983c6cf97b5ed4e8c6bc,2023/11/6(月) 12:10
hokkaibun,北海道ニュースUHB,道央自動車道で『シカと衝突』か… 3台が絡む多重事故発生で3人が病院に搬送　恵庭IC＝千歳ICなどで約3時間通行止めに　北海道千歳市,https://news.yahoo.co.jp/articles/d4e5d7ea04ed1590487870be7a1d91f47613cace,2023/11/6(月) 12:10
hokkaibun,北海道ニュースUHB,自転車の20～30代の男性がはねられ“意識不明”の重体 40代女を逮捕 現場は信号機のある十字路交差点...どちらかが信号を見落としたか 北海道江別市,https://news.yahoo.co.jp/articles/e6cf556dd71cda9380fd88855856ecc8b1a495c8,2023/11/6(月) 12:02
hokkaibun,北海道ニュースUHB,【速報】自転車の20~30代男性が軽乗用車にはねられ意識不明の重体…北海道江別市の道道交差点 40代女を過失運転致傷の現行犯で逮捕,https://news.yahoo.co.jp/articles/5c3b774559558141d742b6386285e603eba30199,2023/11/6(月) 10:20
hokkaibun,北海道ニュースUHB,「世界津波の日」お笑いコンビ・アップダウンが”防災漫才” 北海道南西沖地震の語り部・三浦浩さんは「あの坂へいそげ」で高台避難訴え,https://news.yahoo.co.jp/articles/6b9cad3c5b11eb2023e29fc80c089ab6df546aa8,2023/11/5(日) 18:58
hokkaibun,北海道ニュースUHB,まるで”真っ赤なトンネル” 約200メートルのモミジ並木で最後の紅葉楽しむ 札幌・清田区の平岡樹芸センター,https://news.yahoo.co.jp/articles/008de8bc1396a750164840fc17c9e89f6001fa34,2023/11/5(日) 18:48
hokkaibun,北海道ニュースUHB,北海道120地点で”今シーズン最低気温” 函館で初霜・初氷 海は「けあらし」で幻想的な光景に,https://news.yahoo.co.jp/articles/79c33fbfbc35228c207add4c2f393429ccee4263,2023/11/5(日) 18:40
hokkaibun,北海道ニュースUHB,「信号感知センサー」の柱に軽乗用車が衝突 62歳の会社員男性が死亡 北海道小樽市,https://news.yahoo.co.jp/articles/eaae4e4c4d870ffa51d1014ec95204fae05af513,2023/11/5(日) 14:30
hokkaibun,北海道ニュースUHB,基準値８倍のアルコールを検出 深夜の繁華街から車で出てきた男を職務質問 49歳の男を道路交通法違反で逮捕 北海道釧路市,https://news.yahoo.co.jp/articles/68c36de47ae076f0a44ed488e1399d4d8c28cab8,2023/11/5(日) 14:16
hokkaibun,北海道ニュースUHB,交際相手に「殴られた」 早朝の路上で20代女性の腕を引っ張り地面に転倒させる 自称・飲食店経営の37歳男を逮捕,https://news.yahoo.co.jp/articles/5f8626f481027077d13185a08214b3e6270b641c,2023/11/5(日) 14:03
hokkaibun,北海道ニュースUHB,爆発音に大量の煙… ２階建てアパートで火事 気道熱傷の疑いで女性１人を病院搬送 火元は２階の部屋か 北海道旭川市,https://news.yahoo.co.jp/articles/b89899151de28ea0fc76ccad4cfb9d2304f10f26,2023/11/5(日) 12:37
hokkaibun,北海道ニュースUHB,クマに襲われたか…大千軒岳で見つかった遺体は22歳の男子大学生 死因は出血性ショック 道はクマの胃の内容物を調べる方針 北海道福島町,https://news.yahoo.co.jp/articles/8e9e1c0622588fb4ae9f971c8cdca4c4f68c53ae,2023/11/5(日) 12:20
hokkaibun,北海道ニュースUHB,【速報】２階建てアパートから激しい煙 早朝のアパート火災 住民の女性を病院搬送 北海道旭川市,https://news.yahoo.co.jp/articles/8cf93a6883693f5de742b8280baedc4458b40801,2023/11/5(日) 10:56
hokkaibun,北海道ニュースUHB,"「毎日入りたい」置き去りにされた""風呂困難者"" 銭湯復活「よかった」の一方で廃業したままの地域も… 北海道函館市",https://news.yahoo.co.jp/articles/f07129970a57a9427d4bc7a032cd6eafbfd78e48,2023/11/5(日) 6:00
hokkaibun,北海道ニュースUHB,クマに襲われたか 山中で発見された遺体 司法解剖し身元や死因を調べる 北海道福島町,https://news.yahoo.co.jp/articles/de17141701a75b061cac1ee6ad2103508eb06bb5,2023/11/4(土) 18:52
hokkaibun,北海道ニュースUHB,“シシャモ不漁”で名称変更…「秋の味覚まつり」開催…町内外の人 むかわの食を堪能 北海道むかわ町,https://news.yahoo.co.jp/articles/49c003a07ea164f5a072473f3952716a10f88169,2023/11/4(土) 18:45
hokkaibun,北海道ニュースUHB,“おたる将棋まつり” 小中学生69人が参加 優勝者が竜王戦の前夜祭で藤井八冠に花束贈る大役「光栄 自分でいいのかな」,https://news.yahoo.co.jp/articles/e16d022dd0f04a3019c40999a480834b9ee01aa4,2023/11/4(土) 18:38
hokkaibun,北海道ニュースUHB,3日の記録的暖かさから一変 北海道内では日中でも気温が上がらず 札幌市民は「風が冷えていた」「冷えました」,https://news.yahoo.co.jp/articles/69853fe52d714f82c0418cec24b67aca474bcafa,2023/11/4(土) 18:31
hokkaibun,北海道ニュースUHB,「プーチンカレンダー 2024年版」店頭に―上半身裸なし 兵器といっしょもなし “脱・タフ＆マッチョ路線” スーツ姿を多用しクールな大統領へイメチェン,https://news.yahoo.co.jp/articles/dce6c4028985c687006d36a28adce34a8c91bc5c,2023/11/4(土) 16:00
hokkaibun,北海道ニュースUHB,『サルビア』色鮮やかに花を咲かせる　札幌市の百合が原公園で展示会開催中　日中と朝晩の寒暖差が大きく色合い鮮やかに…5日まで,https://news.yahoo.co.jp/articles/ba0a6bcce3eb04e705fa0f8ab0ea955e9bf205bc,2023/11/4(土) 12:26
hokkaibun,北海道ニュースUHB,【速報】十字路交差点付近で乗用車と大型ダンプが衝突…成人女性が意識不明で病院搬送　乗用車の右側が”大破”北海道芽室町,https://news.yahoo.co.jp/articles/b3eac7e8869ab415d15bd5d7042cf3118ef9c637,2023/11/4(土) 9:31
hokkaibun,北海道ニュースUHB,11月13日オープンの動物愛護管理センター「あいまるさっぽろ」内覧会! 犬猫の体調管理を行える設備も導入,https://news.yahoo.co.jp/articles/78475d9fb6761a3f56e3b9317c0d503a58d737a3,2023/11/4(土) 8:00
hokkaibun,北海道ニュースUHB,【ひみちゅ。きかせて】“イマドキの園児”の頭の中～大人でもへこむ大失敗「ネックレスをこわしちゃった」―チャームポイントたずねるとちょっぴりおませな答え,https://news.yahoo.co.jp/articles/5ca33f9db7ea0747094a27b1257022da0caa0315,2023/11/4(土) 8:00
hokkaibun,北海道ニュースUHB,バス停を“交流＆生活支援の場”に…「カフェ＆生鮮食品」もそろえたスペース誕生 高齢化進む地方のモデルケースへ期待,https://news.yahoo.co.jp/articles/95ca451ce3bece56e2aa4003a510c547901b4578,2023/11/4(土) 6:00
hokkaibun,北海道ニュースUHB,高速道路で大型トラック×ヒグマ“衝突事故” 中央分離帯に横たわる 「死んだとみられるが暗くて確認できない」 車線を規制→安全確保後に回収予定― 道央道,https://news.yahoo.co.jp/articles/4b911815f21fa52688d3cd8df98d14b80453881d,2023/11/4(土) 0:42
hokkaibun,北海道ニュースUHB,3連休初日 札幌は20年ぶりの“11月20℃超え” 紅葉楽しむお出かけ日和に…旭山動物園ではライオンとの別れ惜しむ人,https://news.yahoo.co.jp/articles/7813a4623258f49b99c90199e919af6a6bad53b3,2023/11/3(金) 22:47
hokkaibun,北海道ニュースUHB,"ホタテ""禁輸""から2か月以上…現場から支援の「スピード感」に疑問の声も　3連休も消費拡大イベントで""串焼き""に大行列",https://news.yahoo.co.jp/articles/127c188ed419b7331708c6f5e3921e3d1b0f4d6f,2023/11/3(金) 22:39
hokkaibun,北海道ニュースUHB,「今までは沖縄だけだったけど今年は北海道でも選手見れる！」ファイターズ秋季キャンプに1万人超の長蛇の列,https://news.yahoo.co.jp/articles/f45ea6c521292f61caefbdad244221b75c2c98da,2023/11/3(金) 21:46
hokkaibun,北海道ニュースUHB,虐待防止願って街をオレンジ色に！展望台やアイスアリーナも　「一人で抱え込まないで」みんなで支援を　北海道苫小牧市,https://news.yahoo.co.jp/articles/cdebe5a9dd5078f8398b0133c6775c577e34f22a,2023/11/3(金) 21:27
hokkaibun,北海道ニュースUHB,「制限のないクリスマス楽しみ♪」“サッポロファクトリー” サンタランドから贈られたツリーの点灯式 高さ15メートル＆大量のLEDライトが輝く,https://news.yahoo.co.jp/articles/a65a1006e287b757b0d4ad37ef85b6e12411116c,2023/11/3(金) 21:20
hokkaibun,北海道ニュースUHB,“土かけられた男性とみられる遺体”付近で死んでいたクマ…消防隊員にナイフで反撃されたか 首に「刺し傷」確認,https://news.yahoo.co.jp/articles/39116f3baa70b6ddb29d9f85f708c083c9696794,2023/11/3(金) 21:05
hokkaibun,北海道ニュースUHB,【スキージャンプ】小林陵侑「熱いジャンプがしたい」＆高梨沙羅「W杯で活躍できるように」…“SNOW JAPAN”記者会見で今季の抱負,https://news.yahoo.co.jp/articles/162555a0afa30794a7ef31d6c6c31e09243e8a66,2023/11/3(金) 18:47
hokkaibun,北海道ニュースUHB,【続報】致命傷か 死んだクマの首に『刺し傷』見つかる 消防隊員がナイフで応戦したクマと登山中の男性を襲ったクマは”同一個体”の可能性,https://news.yahoo.co.jp/articles/f9c1591ec6df1720d998f37bc8404e95e2a7767f,2023/11/3(金) 12:17
hokkaibun,北海道ニュースUHB,『11月の観測史上一番』の暖かさ 北斗市で最高気温23.6℃ 札幌市も20℃まで上昇…夜にかけては“不安定” 強い雨や風に注意,https://news.yahoo.co.jp/articles/53689010e9bb67e504f39f276d692091fb84d7a1,2023/11/3(金) 12:17
hokkaibun,北海道ニュースUHB,『1串500円（1日1000串限定）』で北海道産ホタテの”串焼き”を販売！「赤れんがホタテ祭り」11月5日まで道庁前で開催中,https://news.yahoo.co.jp/articles/dc56fd2fc07e8e978e91f9d79a001d69e9c217fb,2023/11/3(金) 12:17
hokkaibun,北海道ニュースUHB,257円のクラッカー1点盗み…車で逃走 阻止しようとした女性警備員に暴行 万引きが事後強盗容疑に 逮捕された78歳の女「なんの事だかわからない」と否認,https://news.yahoo.co.jp/articles/3cb836b5c021889dc8f4b23085172b7053c8ba5e,2023/11/3(金) 7:44
hokkaibun,北海道ニュースUHB,7時間に渡り10代女性を車で“誘拐”し“強制性交”で逮捕 「未成年だと知っていた。無理やりではない」 自称アルバイト従業員の23歳の男…容疑を一部否認,https://news.yahoo.co.jp/articles/8ab07912ad2d744eeb224dc0f3b85cdb38b7f1af,2023/11/3(金) 7:39
hokkaibun,北海道ニュースUHB,「クマが全部食べてしまった」”すき焼き”たいらげ 肉やハム、ソーセージ、ベーコン、魚までも食い荒らす…ヒグマが小屋に侵入 冷蔵庫を押し倒し 台所を破壊,https://news.yahoo.co.jp/articles/12ed48bd3ab9110dc8995319e00e8b7cc5aaca87,2023/11/2(木) 21:52
hokkaibun,北海道ニュースUHB,死んだヒグマの近くで遺体発見 行方不明の20代男性か…損傷激しくクマに襲われた可能性…2日前には消防隊員3人もクマに襲われナイフで撃退 同一個体か？,https://news.yahoo.co.jp/articles/e0e570d9571ca99b0b86c445cebf23d1c5daa698,2023/11/2(木) 20:36
hokkaibun,北海道ニュースUHB,"「身体機能や認知機能の衰えが重大事故に」高齢ドライバーに""事故防止""呼びかけ運転に自信がない場合は相談を",https://news.yahoo.co.jp/articles/029f8f21fc870019ae096fcb8fef3d847afbf2c3,2023/11/2(木) 19:40
hokkaibun,北海道ニュースUHB,インフルエンザ 札幌・江別・室蘭で警報レベル 10月29日までの1週間で1医療機関あたり「36・5人」手洗いなど感染対策の徹底を,https://news.yahoo.co.jp/articles/509458d39b0af454b66d574547fc5e19820c7f35,2023/11/2(木) 19:17
hokkaibun,北海道ニュースUHB,介護事業 1億7000万円過大請求 東京の人材派遣会社の札幌支店の管理職らが運営費の水増し 鈴木知事「11月中に現地調査」,https://news.yahoo.co.jp/articles/c5ef13a69373bbeb1107a2a5e818c005f4ec0eb2,2023/11/2(木) 19:17
hokkaibun,北海道ニュースUHB,「補聴器に気を取られた」歩行者が70代男性の車にはねられる→頭などを強く打ち病院に搬送 北海道室蘭市,https://news.yahoo.co.jp/articles/6152432d99591fa22e15672cc0d880aa80065d73,2023/11/2(木) 19:07
hokkaibun,北海道ニュースUHB,消防隊員3人がヒグマに襲われナイフで応戦 撃退した山中でクマの死がいみつかる…さらに近くで行方不明だった20代男性とみられる遺体も発見…損傷激しくクマに襲われたか,https://news.yahoo.co.jp/articles/561a60b0d49e9d1f5e389ccfb78e3eb370f34dc4,2023/11/2(木) 16:51
hokkaibun,北海道ニュースUHB,消防隊員3人がヒグマに襲われナイフで撃退した山中でクマの死がい発見…さらに近くで行方不明だった20代男性とみられる遺体発見 損傷激しくクマに襲われたか,https://news.yahoo.co.jp/articles/8ffc0638934cd574d4f926f96e19b80823000825,2023/11/2(木) 14:57
hokkaibun,北海道ニュースUHB,"登山中に「行方不明」20代男性の捜索再開 携帯電話は留守電…同じ山で""消防隊員3人""ヒグマに襲われ2人ケガ",https://news.yahoo.co.jp/articles/90865b9e08f1e1ff252a17842c40de27f1d0f7cc,2023/11/2(木) 12:37
hokkaibun,北海道ニュースUHB,"14事業所で25人""不妊処置""受けていた…グループホーム『結婚希望の知的障害者に不妊提案』問題受け北海道が422施設に調査",https://news.yahoo.co.jp/articles/ee3d984a0f35a869cccf1e7c0d2dab21faf51f5d,2023/11/2(木) 12:37
hokkaibun,北海道ニュースUHB,“児童虐待の相談”北海道で年5930件― 毎年11月は『児童虐待防止月間』疑わしい場合は専用ダイヤル「189番（いちはやく）」へ,https://news.yahoo.co.jp/articles/a9303c90c37136d5f1626330a40cf501ffe3a9fd,2023/11/2(木) 12:37
hokkaibun,北海道ニュースUHB,【北海道の天気 11/2(木)】晴れても空気ひんやり…お出かけは寒さ対策を！3連休初日は強風・雷雨に注意！,https://news.yahoo.co.jp/articles/ce60a4d9ad3813188f955ae6d58154bce5769bf2,2023/11/2(木) 12:10
hokkaibun,北海道ニュースUHB,「歩行者をはねた覚えはありません」逮捕の75歳の女…容疑否認 92歳の女性を乗用車ではねそのまま立ち去ったひき逃げの疑い 防カメと服の痕跡などで特定,https://news.yahoo.co.jp/articles/148dffc0fa60f1a40ab866406db2e7b7aa973a89,2023/11/2(木) 7:18
hokkaibun,北海道ニュースUHB,【十勝】地方活性化へバス会社らの新事業“大空ローカルハブ” 「こんな良いものがあるとは」 バス停そばにカフェや生鮮食品 今後はバスで物流事業も開始へ,https://news.yahoo.co.jp/articles/4ec978a68c42d8f838252129eaebedc20d8d60ff,2023/11/2(木) 7:18
hokkaibun,北海道ニュースUHB,国内3例目「高病原性の鳥インフルエンザウイルス検出」釧路市内で見つかったオオハクチョウ1羽の死骸から…感染対策徹底を呼びかけ,https://news.yahoo.co.jp/articles/26fe73974beb4f450c30cbc0efedc0090a9d43f6,2023/11/2(木) 6:30
hokkaibun,北海道ニュースUHB,消防隊員3人がヒグマに襲われた登山道 20代男性が行方不明に…クマに襲われた可能性も…ハンター同行して捜索続く 人を襲うクマが徘徊 北海道,https://news.yahoo.co.jp/articles/58475aecaeb04a8dfc032825fb0a90717206ecf1,2023/11/2(木) 6:00
hokkaibun,北海道ニュースUHB,【北海道】函館では光る稲妻も…激しい雷雨・竜巻に注意 大気の状態が非常に不安定 低い土地の浸水や土砂災害などにも注意,https://news.yahoo.co.jp/articles/cff0cedacc3d66405e3150be05d3b7890dac2e24,2023/11/1(水) 21:29
hokkaibun,北海道ニュースUHB,介護事業の人材派遣会社「シグマスタッフ」が1億7千万円余りを過大請求…道からの指摘受け社内調査したところ判明,https://news.yahoo.co.jp/articles/5e31fa581e12f726a88eb959ed65005604ffec44,2023/11/1(水) 21:00
hokkaibun,北海道ニュースUHB,"""札幌のハロウィーンに密着"" 狸小路商店街は「家で楽しんで」と呼びかけ苦情はゼロ 一方、大通公園では柵の損壊…ごみ散乱",https://news.yahoo.co.jp/articles/e11365174002dacde91af26adf81c6f42a53b81e,2023/11/1(水) 20:21
hokkaibun,北海道ニュースUHB,行列ができる名店「カリーハウスコロンボ」 創業から50周年迎える…飲食店激戦区で人気を持続 支持され続ける3つの理由,https://news.yahoo.co.jp/articles/60b486657df4666073fb54305f434ffb17657230,2023/11/1(水) 19:59
hokkaibun,北海道ニュースUHB,教員から理不尽なパワハラ受けた学生自殺…第三者委で”パワハラ認定”されるも道は自殺との直接の因果関係を否定 知事はコメント避ける 道立江差高等看護学院,https://news.yahoo.co.jp/articles/d43d365a051797934b71cb851f62c4650765256f,2023/11/1(水) 19:34
hokkaibun,北海道ニュースUHB,港にサンマの大群が押し寄せる SNSなどでウワサを聞きつけた釣り人100人以上が集結 オホーツクのサンマは太って”脂乗り”も良し！ 北海道・網走港,https://news.yahoo.co.jp/articles/c9b66471450ae2c192b8774acff76514d79d6be1,2023/11/1(水) 18:45
hokkaibun,北海道ニュースUHB,「ナイフが刺さったまま逃げていった」ヒグマに襲われた仲間を救うため消防隊員がナイフで反撃…目元と喉元を狙いクマ撃退…近くでは20代男性が不明 北海道,https://news.yahoo.co.jp/articles/0bc3f23ad53fd128ba8da4080a8abf2f17c1b391,2023/11/1(水) 18:01
hokkaibun,北海道ニュースUHB,コンビニのトイレに「実弾入り拳銃」置き忘れ 巡査長を”戒告処分” 急な腹痛でトイレに駆け込み…約20分後に回収 北海道警,https://news.yahoo.co.jp/articles/5e8600619b3f34e2287b2e2bebd39530268c1717,2023/11/1(水) 16:26
hokkaibun,北海道ニュースUHB,陸自対戦車ヘリが”レーザー照射”受ける 夜行飛行訓練が中止に…「乗員や国民の生命脅かす非常に危険な行為」,https://news.yahoo.co.jp/articles/7a5feb24f5f7bc475062288133fca65d274cfe8b,2023/11/1(水) 15:07
hokkaibun,北海道ニュースUHB,“仮想通貨購入”SNS80人のグループでオススメ…偽アプリでは「利益1000％ 価値は2億円超」― 70代男性が2400万円だまし取られる,https://news.yahoo.co.jp/articles/cd49596ffca3090edb02f9ee8bf047877caf2d9e,2023/11/1(水) 12:51
hokkaibun,北海道ニュースUHB,球場のすぐそばで“初滑り”「スノーパーク」オープン！ 人工雪で早くも雪景色― ボールパークFビレッジ スキー体験,https://news.yahoo.co.jp/articles/8df57c67686b4b1bf15a7ad964417349b9cb7c5f,2023/11/1(水) 12:25
hokkaibun,北海道ニュースUHB,2024年の干支は「辰」 “年賀はがき”11月1日発売開始 北海道版のイラストは「エゾモモンガ」,https://news.yahoo.co.jp/articles/bc57fdcd345b96a253ddd7fde1560a1ebd1d2f4b,2023/11/1(水) 12:25
hokkaibun,北海道ニュースUHB,北海道陸上競技協会 「4年間に渡り預貯金1500万円水増し」 会計は実質職員1人が担当… 南部忠平記念大会中止も検討,https://news.yahoo.co.jp/articles/3edbee5e1171e595f4c2f3a0fd10ab1fd18e52d6,2023/11/1(水) 12:14
hokkaibun,北海道ニュースUHB,3人で登山中にクマに襲われる…ナイフで反撃し”撃退” 男性2人が首や足にケガも自力で下山　北海道は登山道を対象に『 ヒグマ注意報』発令　北海道福島町,https://news.yahoo.co.jp/articles/f90e3416a06ce438535d5be04b60810dc36408b6,2023/11/1(水) 7:57
hokkaibun,北海道ニュースUHB,【ナイフで応戦】ヒグマが登山中の男性3人を襲撃…このうち2人が負傷 自力下山し病院へ 北海道福島町の登山道 「ヒグマ注意報」を出して注意を呼びかけ,https://news.yahoo.co.jp/articles/4c345093d0303a270de353892efbe3b7d4b35808,2023/10/31(火) 23:07
hokkaibun,北海道ニュースUHB,【速報】乗用車が海に転落…運転手か”成人女性”心肺停止状態で病院搬送　釣り人が目撃し110番通報　車止めを乗り越えて海中転落か 北海道苫小牧市のふ頭,https://news.yahoo.co.jp/articles/86220150cb4bcdf54734253bd87fe6bda4c382b0,2023/10/31(火) 22:11
hokkaibun,北海道ニュースUHB,トラックがダンプに追突→弾みでトラックはクレーン車にも衝突→追突されたダンプ横転→それを避けようとして別のトラックが中央分離帯に…大型車4台が絡む多重事故 3人搬送 北海道苫小牧市,https://news.yahoo.co.jp/articles/80cd3e77ef6b909905b02170e1692275e8303b66,2023/10/31(火) 21:43
hokkaibun,北海道ニュースUHB,“81歳のアルバイト従業員の男”が介護サービスの車に最大80センチの傷をつけて逃走… 「勤務先のトラブルでイライラして腹いせでやった」2か月すぎて逮捕 被害総額は7万円,https://news.yahoo.co.jp/articles/2c12eefab49a80a851c77b3b3c8c3ada59e2bea9,2023/10/31(火) 21:02
hokkaibun,北海道ニュースUHB,ハロウィーン当日の札幌・狸小路の様子は？ 仮装している人もチラホラ…去年は迷惑行為多発で商店街は「集まらないで」 警備体制を強化,https://news.yahoo.co.jp/articles/aa06df1c2299f1a58c8f929701d3b8121b6f3139,2023/10/31(火) 20:34
hokkaibun,北海道ニュースUHB,原告の女性「私たち同性カップルにも人権の灯がともり続ける社会にしてほしいと願っています。」同性婚訴訟の控訴審が結審 判決は2024年3月14日,https://news.yahoo.co.jp/articles/b617206a0825c85beae73709226174a555846ad4,2023/10/31(火) 20:22
hokkaibun,北海道ニュースUHB,クマと列車が衝突 乗客が車内に7時間閉じ込められる…“恐怖の一夜”に一体何が 北海道では年間40件以上も発生,https://news.yahoo.co.jp/articles/711b787be3c3fb34ebfed38097e93850c3763e47,2023/10/31(火) 19:45
hokkaibun,北海道ニュースUHB,”最後に残った地場のデパート”1月に閉店した「藤丸」 2年後の再建を目指し地元特産品のギフトを復活　11月3日からお歳暮販売を再開 北海道帯広市,https://news.yahoo.co.jp/articles/e149f2caddf22eb620fe02932ff359b83bf98b4e,2023/10/31(火) 19:27
hokkaibun,北海道ニュースUHB,“ひかれた痕跡”が…道路に倒れた女性（92）発見…左足を骨折する重傷 現場から立ち去った白い車の行方追う 警察はひき逃げ事件で捜査 北海道当麻町,https://news.yahoo.co.jp/articles/223fed870faf29e18591ccf403a403f84fb57146,2023/10/31(火) 19:19
hokkaibun,北海道ニュースUHB,【ママドキュ】鮮魚店ママの時短レシピ “ほったらかし”で作るラクちん魚料理 原動力は子どもとお客さん “ラクなのに体に良い”時短アイテム続々！,https://news.yahoo.co.jp/articles/63927b6c910bff5c15fd6bcbe02a1f7189019b7b,2023/10/31(火) 19:07
hokkaibun,北海道ニュースUHB,高校で生徒会企画の”学校ハロウィーン”楽しむ 「みんな仮装がガチ」全校生徒の約半数と校長や先生までもが参加 北海道・大空町,https://news.yahoo.co.jp/articles/05769158ec7e532e46d2b88e7681448be7eb66ca,2023/10/31(火) 18:30
hokkaibun,北海道ニュースUHB,"100匹以上釣る人も…港に現れたサンマの大群　""入れ食い”状態 オホーツク沿岸への来遊は珍現象　海水温の高さが影響か",https://news.yahoo.co.jp/articles/56aa3f57c08b3317f1c2c596ecb88ed81b6526ac,2023/10/31(火) 18:18
hokkaibun,北海道ニュースUHB,札幌ススキノのホテルでみつかった男女の変死体　死亡したのは札幌市の10代女性と神奈川の40代男性 死因は「薬物中毒」と判明… 2人の関係は？,https://news.yahoo.co.jp/articles/5f4f8bc1f7b21af03b567d4437f3538570911334,2023/10/31(火) 17:59
hokkaibun,北海道ニュースUHB,ヒグマが「冷蔵庫」を押し倒し”牛肉や豚肉”を食い荒らす…けが人なし 北海道・八雲町の園芸センターの管理棟にクマが侵入 翌日 箱わなで捕獲され駆除,https://news.yahoo.co.jp/articles/98f4f20fe3ebb39980999c396a33584b61f786c8,2023/10/31(火) 16:05
hokkaibun,北海道ニュースUHB,【急増するクマ】 ”駆除”以外の対策はあるのか？…子グマは保護されたケースも…しかし受け入れには厳しい条件　電気柵や緩衝エリアで人とクマをすみわけ,https://news.yahoo.co.jp/articles/f901c1cd6e2fa8499bd005ad76e1996337e094ae,2023/10/31(火) 15:42
hokkaibun,北海道ニュースUHB,【お手柄わんちゃん】“シュナウザー”侵入者に気づき吠えて飼い主の男性起こす 1階リビングに忍び入った48歳男は約100メートル追跡されて取り押さえられる 「持ち金増やそうと思った」,https://news.yahoo.co.jp/articles/36420074a1e33b81affe1edb6ea3b3e13fd5abc7,2023/10/31(火) 15:15
hokkaibun,北海道ニュースUHB,「1分1秒争うような事件事故対応に向けて…」指差しで外国人らと意思疎通”コミュニケーション支援ボード”道警に寄贈,https://news.yahoo.co.jp/articles/62023edf5a40390cf99694d65931ffc4a569fa44,2023/10/31(火) 15:01
hokkaibun,北海道ニュースUHB,コンビニ北海道最大手のセコマ フジテレビ系列“UHB”の社屋にコラボ店― 11月9日オープン 8チャンネルにちなみ88円均一も,https://news.yahoo.co.jp/articles/e87b660aa52462da97fa4411404ad96e6dea0e88,2023/10/31(火) 14:01
hokkaibun,北海道ニュースUHB,「上の階から黒い煙が出ている」ススキノのビルで火災 出火元はビル1階のゴミ集積所― 40代女性が病院搬送,https://news.yahoo.co.jp/articles/ea3064f4353ea4cd6ac6c5b16952515ae90b8968,2023/10/31(火) 12:42
hokkaibun,北海道ニュースUHB,現場はホテルの駐車場―「金を出せ」 男が車に乗り込み男性に刃物突き付け約17万円を奪い逃走 男性がもみ合いで手首や指切られる 北海道帯広市,https://news.yahoo.co.jp/articles/0ef722fcfb6c73e7ebb728191b97c38c0aeef8ee,2023/10/31(火) 12:35
hokkaibun,北海道ニュースUHB,午後11時30分ごろ クマが1両編成の列車と衝突…暗闇でクマの生死や安全確認できず→乗客5人 夜が明ける午前6時30分ごろまで車内に待機,https://news.yahoo.co.jp/articles/e291e243b877293300993af1baf126320b40e287,2023/10/31(火) 12:11
hokkaibun,北海道ニュースUHB,【速報】早朝のススキノ雑居ビルで火事　40代の女性1人が病院搬送　9階建てビル1階のゴミの集積所付近から出火か 札幌市,https://news.yahoo.co.jp/articles/6ba94ae6e822e6698112bfcc5bcaeaa8aa7af0c7,2023/10/31(火) 8:46
hokkaibun,北海道ニュースUHB,【速報】JR根室線の最終列車がクマと衝突 安全確認できずその場で運行を停止　乗客5人が朝まで”約7時間”車内に閉じ込められる 野花南駅～富良野駅間,https://news.yahoo.co.jp/articles/3d41a7f4be9e9efa6bf6f2f3522f8607ba0a89ca,2023/10/31(火) 7:49
hokkaibun,北海道ニュースUHB,【寸借詐欺】「財布落として家に帰れない 来週の火曜日返します」通りすがりの男性にマイナカード見せ“2000円”借り返済せず…53歳無職男を逮捕 被害相談も多数,https://news.yahoo.co.jp/articles/6544cd493a67189256563ec274808d06410535e3,2023/10/31(火) 7:02
hokkaibun,北海道ニュースUHB,【悪質】温泉施設の脱衣場で「かご」に入っていた他人の財布盗む 別の温泉でサンダル窃盗容疑の男を再逮捕 警察の取り調べで余罪発覚 「金が欲しくて盗った」,https://news.yahoo.co.jp/articles/30dba9f7c33fd48e01991fe8360530301a571686,2023/10/31(火) 6:32
hokkaibun,北海道ニュースUHB,突然車に乗り込み刃物を突き付け...約17万円奪って逃走　男性（32）が手首や指に軽いケガ　強盗致傷事件として捜査　北海道帯広市,https://news.yahoo.co.jp/articles/a7cbc54ffc50314e53e83d6b08e0d7700197e993,2023/10/31(火) 6:32
hokkaibun,北海道ニュースUHB,「なぜ殺したのか。かわいそう」ヒグマの目撃・捕獲が過去最多の北海道 急増する苦情や批判の実態 「このままではハンターがいなくなってしまう」苦悩する現場,https://news.yahoo.co.jp/articles/53dc5943de5c58349e8fa95900e605f53d440a25,2023/10/31(火) 6:00
hokkaibun,北海道ニュースUHB,73歳男性 釣り場に向かう船から転落…その後 2時間以上に渡って泳ぎ自ら岩場にたどり着く ケガはないが低体温症 海保が決死の救出シーン 北海道函館市,https://news.yahoo.co.jp/articles/2362a1a6704c6d9f74956f6196ebd09b7716449d,2023/10/30(月) 22:43
hokkaibun,北海道ニュースUHB,【ノルディックスキー】W杯壮行飛行でジャンプ台記録の二階堂蓮「陵侑さんに食らいついていく」…大倉山ラージヒルジャンプ2連戦,https://news.yahoo.co.jp/articles/c4a655e42db12fcbb6efe5e6fd4fa7520e28130d,2023/10/30(月) 21:44
hokkaibun,北海道ニュースUHB,【汚い！】バス停で女性に突然”使用済ティッシュ”を手渡す 40歳くらいの不審な男が出没「これはゴミじゃない」…大量のティッシュが詰まったゴミ袋を両手に所持,https://news.yahoo.co.jp/articles/57bcfa4fc5634ed37a8c583d1889130def01828f,2023/10/30(月) 21:36
hokkaibun,北海道ニュースUHB,【クマの駆除】「やりたくてやっているわけではない」最前線の現場を悩ませる“相次ぐ批判”「道民の安全を考慮した上で駆除は必要」道外からの批判に理解訴え,https://news.yahoo.co.jp/articles/15cc6d54baf6288e46e81086f9e9e704a67cc595,2023/10/30(月) 21:17
hokkaibun,北海道ニュースUHB,韓国・梨泰院の雑踏事故 亡くなった女性の一周忌法要しめやかに…「犠牲者の命が無駄にならぬよう」 残された遺族の思い,https://news.yahoo.co.jp/articles/c97e1c0d0ec53e78246a96d7cbd2d06aee06371f,2023/10/30(月) 21:17
hokkaibun,北海道ニュースUHB,衝突死した選手集団の前方約2キロ“誘導車両”なし…「ツール・ド・北海道」 当時の状況を主催者が報告 安全対策を3月までに検討へ,https://news.yahoo.co.jp/articles/caa00902b21022c9b561c05655e706143c940aa2,2023/10/30(月) 21:10
hokkaibun,北海道ニュースUHB,ファイターズ新球場の横で雪上体験を…人工雪でスキー・そり遊び 楽しんで 北海道ボールパーク「Ｆビレッジ」に手ぶらで気軽に楽しめる”ゲレンデ”誕生,https://news.yahoo.co.jp/articles/01564deae95d3e9ca5013c7959f8b605011282d6,2023/10/30(月) 20:30
hokkaibun,北海道ニュースUHB,"北海道庁""チャットGPT""生成AI試行利用始まる 業務負担の軽減・住民サービスの向上に期待 2024年3月末まで検証",https://news.yahoo.co.jp/articles/bf2b0e1c32bff35464138e173440db2d39ad5f54,2023/10/30(月) 19:43
hokkaibun,北海道ニュースUHB,【ノルディックスキー】51歳の葛西紀明が大飛行…UHB杯ジャンプ,https://news.yahoo.co.jp/articles/cd4068dd67f89c6dd3896328cdea581644c605d5,2023/10/30(月) 19:33
hokkaibun,北海道ニュースUHB,札幌ススキノのホテルで男女2人の変死体発見…チェックアウト時間になっても出てこず従業員が室内で発見 10代後半～20代くらいの女性と中年男性か,https://news.yahoo.co.jp/articles/3a36a7c6036784782d7c7f22e2b14ed36a9c34ef,2023/10/30(月) 18:35
hokkaibun,北海道ニュースUHB,【大迷惑】「パチンコに負けて八つ当たりでやった」負けた腹いせで近所に住む他人の車に”ひっかき傷”つけた58歳会社員の男を逮捕　防カメで特定…余罪を追及,https://news.yahoo.co.jp/articles/98487c675a3b9b5bd907c55739af840039a29fc5,2023/10/30(月) 15:40
hokkaibun,北海道ニュースUHB,「結構身近なところにあるんだなと思った」中学生60人が地元の半導体工場見学― “ラピダス”建設進む北海道千歳市,https://news.yahoo.co.jp/articles/0cc83b21040d43fa29e8cb230022356f737c6ed5,2023/10/30(月) 12:35
hokkaibun,北海道ニュースUHB,原子力規制委 “泊原発の再稼働”に向け火山影響による地層の調査開始― 残る項目は津波想定やプラント施設の設計,https://news.yahoo.co.jp/articles/698fc0a53d6b716b7f4db90f06fdd86b9a6012f0,2023/10/30(月) 12:29
hokkaibun,北海道ニュースUHB,北海道内“出合い頭” の事故相次ぐ 衝突のはずみで…江別市で軽乗用車が路外に転落し女性2人搬送 札幌市東区では軽乗用車が横転,https://news.yahoo.co.jp/articles/ec88979d228b35e7a546429f10ef5b32b5b6cd1f,2023/10/30(月) 12:18
hokkaibun,北海道ニュースUHB,”2024年の開催は厳しい…” 「ツール・ド・北海道」の選手死亡事故を受け”安全のための検討会”開催,https://news.yahoo.co.jp/articles/7d2941a6305c0f64faf0c3696d80e0db6097c38f,2023/10/29(日) 18:36
hokkaibun,北海道ニュースUHB,「襲われないようにって言われました(笑)」小樽の堺町商店街にゾンビが… ”クオリティの高さ”に観光客驚く 北海道小樽市,https://news.yahoo.co.jp/articles/dc4b6b659adce810b2135c0224df15d93c29ec15,2023/10/29(日) 18:26
hokkaibun,北海道ニュースUHB,10月30日は「食品ロス削減の日」 札幌市でふぞろいの食材を販売 コンポストの販売や陶器の食器のリサイクルも,https://news.yahoo.co.jp/articles/8718db4e822d05c626f33cfa8c6dd5c3a86c5908,2023/10/29(日) 18:26
hokkaibun,北海道ニュースUHB,「すごい便利になる」札幌丘珠空港⇔中標津空港・秋田空港に定期便就航 セレモニーでは乗客に記念品贈呈,https://news.yahoo.co.jp/articles/94284998ed09c21037a9a8e0c83f9ab51e7b8baf,2023/10/29(日) 18:20
hokkaibun,北海道ニュースUHB,“お手柄シュナウザー”吠えて飼い主の男性起こす 男性は自宅に侵入した男を約100メートル追跡し取り押さえる 男は「持ち金増やそうと…」,https://news.yahoo.co.jp/articles/36bc20e83ca0bf3ec909ad8abf4f40fe0217e5a4,2023/10/29(日) 14:49
hokkaibun,北海道ニュースUHB,妻のスマホを４階ベランダから投げ捨てる 器物損壊容疑で陸上自衛官の男(50)を逮捕 札幌市東区,https://news.yahoo.co.jp/articles/ca1c7fc7404135a445615965c3fe74907f73ec9b,2023/10/29(日) 13:32
hokkaibun,北海道ニュースUHB,北海道苫小牧市の国道で５人死傷事故 乗用車同士が正面衝突 52歳の女性死亡 もう一方の車の６人のうち４人がケガ,https://news.yahoo.co.jp/articles/c0ea163f698f686dddf16f0f92a2b8bf38363b5e,2023/10/29(日) 12:36
hokkaibun,北海道ニュースUHB,「普段よりずっと安い」“食品ロス削減の日”を前にふぞろいの野菜・果物・海産物などを販売 サッポロさとらんどでイベント,https://news.yahoo.co.jp/articles/1c2bab3960a8a54ab6d8b70b94d5a776611061c0,2023/10/29(日) 12:29
hokkaibun,北海道ニュースUHB,食器を返却しに80代女性の家を訪れ同意なく性交等をした疑い 知人の67歳男を逮捕 北海道小清水町,https://news.yahoo.co.jp/articles/168e301cb1f7c8412eb60944e77c941d166761b4,2023/10/29(日) 9:21
hokkaibun,北海道ニュースUHB,開業まで約1か月に迫る「ココノススキノ」内部へ潜入…朝から夜まで楽しめる商業施設は新たな待ち合わせの定番にも,https://news.yahoo.co.jp/articles/6a20d68ee7663c64fa69a6001d9c9dae9596e880,2023/10/29(日) 9:00
hokkaibun,北海道ニュースUHB,UHB杯ジャンプ大会 小林陵侑と伊藤有希が優勝 ビッグジャンプに歓声 会場には体を動かせるアトラクションも,https://news.yahoo.co.jp/articles/920a6dbaa9dc5bd9ce50c8f97ea490a3b9b7bba3,2023/10/28(土) 22:21
hokkaibun,北海道ニュースUHB,七飯町から南幌町へ「カフェ移転物語」地域の人々の手を借りながら作り上げた古民家カフェに多くの人が訪れる,https://news.yahoo.co.jp/articles/5e5a57ee2e68aefda6626f953cf567f5ca3db6b0,2023/10/28(土) 19:00
hokkaibun,北海道ニュースUHB,「大谷選手と対戦できたら興奮する」ファイターズ上沢直之投手 メジャー挑戦を表明,https://news.yahoo.co.jp/articles/5ff3a975a0491e1e01b724e631a93b8f50eec1c3,2023/10/28(土) 18:48
hokkaibun,北海道ニュースUHB,「副業してみませんか」アプリ広告信じた20代男性…“登録費用名目”で約780万円だまし取られる ブログ立ち上げても収入得られず,https://news.yahoo.co.jp/articles/b4223fa9cf0c7ee75c7720f5cb68f15ea3b63a06,2023/10/28(土) 18:48
hokkaibun,北海道ニュースUHB,ボジョレ・ヌーボー新千歳空港に到着 11月16日解禁 コクと香りのバランスよい出来,https://news.yahoo.co.jp/articles/b6f167214ae5846938022c224cdfa577f8dfe09a,2023/10/28(土) 18:41
hokkaibun,北海道ニュースUHB,「1杯飲みませんか」しつこくナンパも拒否され女性の体触る…未明のススキノの路上 “40代くらいの細身の男”逃走中,https://news.yahoo.co.jp/articles/0fad4cac5e8eba8b832a625a725925d8ba10e1ef,2023/10/28(土) 17:00
hokkaibun,北海道ニュースUHB,子どもたちがフィンランドへ送った「サンタさんへの手紙」作品展開かれる…“ユーモア”も交えた48点 北海道旭川市,https://news.yahoo.co.jp/articles/a60a39024bdcc3cf0fe63810266d8aaf50add007,2023/10/28(土) 12:40
hokkaibun,北海道ニュースUHB,「すばらしいです」鮮やかなイチョウ並木に感動…北海道大学の“金葉祭”始まる 夜はライトアップも,https://news.yahoo.co.jp/articles/4a82f60fb79e6d3d9e967af87cb56a7df98e0592,2023/10/28(土) 12:25
hokkaibun,北海道ニュースUHB,公園で“ハンモック遊びやたき火”もOK…月1回の「プレーパーク」が大人気 自由な発想で成長を後押し,https://news.yahoo.co.jp/articles/615098abb2ceb2384b9ecc29a32aff9852c6e573,2023/10/28(土) 11:30
hokkaibun,北海道ニュースUHB,自宅で妻の顔面殴り逮捕の78歳男“容疑否認”その後死亡の妻の死因は「失血死」 背中などにも複数のキズ確認,https://news.yahoo.co.jp/articles/cd72badd2e78eaa870a4b9ac8160b7dd3b15b958,2023/10/28(土) 9:30
hokkaibun,北海道ニュースUHB,社会へつなぐ最後の“とりで”「自立援助ホーム」…児童養護施設や里親と違う「安全基地」 目標に向かい一歩ずつ進む若者たち,https://news.yahoo.co.jp/articles/f3ab2cc933609dbc3c48661138b36fb65215dc2f,2023/10/28(土) 8:00
hokkaibun,北海道ニュースUHB,イスラエル×ハマスの衝突利用…“自称・レバノン軍医”「政情不安だからお金預かって」 SNSで知り合った70代女性から計230万円だまし取る振り込め詐欺,https://news.yahoo.co.jp/articles/2208121880b1f7e09db4389df371f0dad415efd0,2023/10/27(金) 22:50
hokkaibun,北海道ニュースUHB,【バレーボール】「みなさんに勝利を届けたい」 トップリーグ昇格のヴォレアス北海道 ホーム開幕戦へ意気込み語る,https://news.yahoo.co.jp/articles/eeeafe894463bd2a8dd9242e5c5165bf3b87a087,2023/10/27(金) 21:55
hokkaibun,北海道ニュースUHB,韓国・ソウル 今年のハロウィーンは自粛ムード…梨泰院雑踏事故から間もなく1年 市民からは日本人犠牲者を悼む声,https://news.yahoo.co.jp/articles/85b49a140707566d9f3653570cbdefe69ac65b73,2023/10/27(金) 21:45
hokkaibun,北海道ニュースUHB,韓国・ソウル 梨泰院の雑踏事故から間もなく1年…留学中の愛娘を亡くした父親の思い 「毎日娘に話しかけている」,https://news.yahoo.co.jp/articles/5cfb5d510f45a903b156a1af66c77708276467c7,2023/10/27(金) 21:45
hokkaibun,北海道ニュースUHB,「いったん立ち止まり 開催の意義や効果を議論する必要ある」北海道の鈴木直道知事 “冬季五輪・パラ招致”探る秋元札幌市長へ発言― 活動にブレーキ,https://news.yahoo.co.jp/articles/8cf6378bceb2435f168542731bb7bcdcb3292512,2023/10/27(金) 21:19
hokkaibun,北海道ニュースUHB,6店のおすすめ 全部見せます！札幌市内の有名焼き芋店が大集結―「さっぽろ焼き芋テラス2023」始まる,https://news.yahoo.co.jp/articles/9a9ed33322307389656942d7ff017fd4c58b0cee,2023/10/27(金) 21:10
hokkaibun,北海道ニュースUHB,クレーンでつり上げた“重さ1.6トンの鉄板” フック外れ落下…作業員の頭部が下敷きとなり死亡 「縦6m 幅1.5m 厚さ2cm」敷くための鉄板出荷作業,https://news.yahoo.co.jp/articles/ec2939c8d61287fb1ebecd340288e22778afbe72,2023/10/27(金) 21:00
hokkaibun,北海道ニュースUHB,「札幌の街中 生乾きのような臭い」原因 雪虫の大量発生と関係が―― 白い綿のない“ケヤキフシアブラムシ” カメムシの仲間だった！ 11月上旬まで続く？,https://news.yahoo.co.jp/articles/91c7ba31daf56ca2fd22d385169a92028b88ef1a,2023/10/27(金) 21:00
hokkaibun,北海道ニュースUHB,札幌で「クマ出没を想定した訓練」― 北海道や猟友会の参加 “マニュアル”をつくり対策強化へ,https://news.yahoo.co.jp/articles/d9bcf120fb5000ce0a8fbc62fe69f7f41e3ef2e2,2023/10/27(金) 20:47
hokkaibun,北海道ニュースUHB,【速報】「開催の意義や効果を議論する必要ある」北海道の鈴木直道知事 “冬季五輪・パラ招致”探る秋元札幌市長へ発言 距離を置く,https://news.yahoo.co.jp/articles/902012a9d15f6fd766217343162412b4b1f3a913,2023/10/27(金) 16:52
hokkaibun,北海道ニュースUHB,「パンツを盗撮するため差し向けました」20代女性のスカート内にスマホ 商品選びのすきに女性の後ろにしゃがみこむ 33歳男逮捕―防犯カメラで特定,https://news.yahoo.co.jp/articles/f170e60917f904196cb0f066fba524aca6c77e4b,2023/10/27(金) 15:05
hokkaibun,北海道ニュースUHB,ホタテを全国の学校に『無償提供』へ　北海道森町で補正予算案が可決　町内の水産加工会社から「51万8333食分」のホタテを買い取る,https://news.yahoo.co.jp/articles/3eace3a6577332f6f062438a10a841e67db56fdf,2023/10/27(金) 12:36
hokkaibun,北海道ニュースUHB,"『黄金のアジアゾウ』特別展示…金箔”約2800枚”を使用 円山動物園で人気""赤ちゃんゾウ""誕生記念 札幌三越で「大黄金展」始まる",https://news.yahoo.co.jp/articles/44e57ec2de150c8f455d0d2bcd30075ac7305c6d,2023/10/27(金) 12:29
hokkaibun,北海道ニュースUHB,根室の海産物を札幌で販売! 1000円以上購入で『ホタテ無償提供』 サンマや花咲ガニ、北海シマエビも…「まるごと根室直送市」道庁赤れんが庁舎前庭で開催,https://news.yahoo.co.jp/articles/a88fa01967c015349981f0dba85b8213e482904c,2023/10/27(金) 12:12
hokkaibun,北海道ニュースUHB,"『来場者3万人達成』記念セレモニー開催! リアルな""水面の揺らぎ""と""金魚""を表現した『深堀隆介展』　週末は「金魚すくいイベント」も",https://news.yahoo.co.jp/articles/797e6c430a412ad4aeda13f3293ee1ea24245e26,2023/10/27(金) 12:12
hokkaibun,北海道ニュースUHB,【ドラフト】北海道日本ハムファイターズは東洋大学・細野晴希投手を1位指名 「素晴らしい左投手」新庄監督も期待 “剛速球が武器”アマチュア最速158キロ,https://news.yahoo.co.jp/articles/9a03fa9f51456aa51e0e15b3d9402404f2edd665,2023/10/27(金) 7:52
hokkaibun,北海道ニュースUHB,災害報道の充実や新技術活用など“放送サービスの充実”要請 北海道総合通信局が道内放送事業者に再免許交付…テレビ局・ラジオ局の社長など出席,https://news.yahoo.co.jp/articles/c8942671688ca30fa652fca795b0244347b4d171,2023/10/27(金) 7:15
hokkaibun,北海道ニュースUHB,「今までの復讐の始まりだ…やっぱり愛してるんだわ、殺したいくらい」元交際相手の50代女性に”脅迫メール”送った55歳の男を逮捕,https://news.yahoo.co.jp/articles/d893caa9d6b99cd31c6f3cb344d0ff7cca0067de,2023/10/26(木) 23:14
hokkaibun,北海道ニュースUHB,”闇バイト”など巧妙化犯罪の背景には暴力団が…排除に向けて札幌で決起集会　よしもと芸人による「暴排コント」も,https://news.yahoo.co.jp/articles/a03dc035c80b729f849ae8c3e6f4ca960249d3de,2023/10/26(木) 23:00
hokkaibun,北海道ニュースUHB,「これはゴミじゃない」バス停で女性に突然”使用済ティッシュ”を手渡す 40歳くらいの不審な男が出没…大量のティッシュが詰まったゴミ袋を両手に所持 警察が注意呼びかけ,https://news.yahoo.co.jp/articles/4d6929553efa07451f2f8c6a716397f45898b7c7,2023/10/26(木) 21:09
hokkaibun,北海道ニュースUHB,70代男性の車が暴走 丁字路交差点を突っ切り 縁石乗り越え 市営住宅の法面に突っ込む…「ブレーキ踏もうとしたら間違ってアクセルを踏んでしまった」,https://news.yahoo.co.jp/articles/1fcb23551b2afe14421243bccd1434b25df93f5d,2023/10/26(木) 20:53
hokkaibun,北海道ニュースUHB,"10月31日は「ハロウィーン」""グルメやイベント""で盛り上がる一方…""マナー""呼びかけ 狸小路商店街では警備員の数を増やす対応も",https://news.yahoo.co.jp/articles/0859a360396e3e099b91913a02ecc36bc7436442,2023/10/26(木) 20:18
hokkaibun,北海道ニュースUHB,軽乗用車に大型タンクローリー突っ込む…70代女性”心肺停止”状態で搬送…タンクローリーの44歳運転手の男を逮捕 北海道安平町の国道,https://news.yahoo.co.jp/articles/823e86abf4452e944e63f7fafdb4a6391b49f244,2023/10/26(木) 19:52
