media_en,media_jp,title_articles,link_articles,date_original
nikkeisty,THE NIKKEI MAGAZINE,がんばった女性へのご褒美はコレ！ トート・ショルダーウォレット…厳選4アイテム,https://news.yahoo.co.jp/articles/53785d94c6603b96fb565f45b03128807cae6995,1/15(月) 6:03
nikkeisty,THE NIKKEI MAGAZINE,がんばった男性へのご褒美はコレ！ 財布・手袋・サングラス…厳選8アイテム,https://news.yahoo.co.jp/articles/3b9857ffebd9c334c16a97ed258bab5439333053,1/14(日) 10:00
nikkeisty,THE NIKKEI MAGAZINE,シャンパーニュに異変？ 「マルチヴィンテージ」が存在感　背景に温暖化も,https://news.yahoo.co.jp/articles/7cb082f7bf2f98d8ce5b6ff7faf8824e2028960b,1/13(土) 10:00
nikkeisty,THE NIKKEI MAGAZINE,エルメス、ディオール、シャネル…メイクが楽しくなる8ブランドの美麗アイパレット,https://news.yahoo.co.jp/articles/f8925785bbbc7e8c9c73b50a21184465c71d49d4,1/12(金) 6:03
nikkeisty,THE NIKKEI MAGAZINE,エルメスのメタルジュエリー　「シェーヌ・ダンクル」「ケリー」以外も名品ぞろい,https://news.yahoo.co.jp/articles/4aa701121df24821d005787855eebde2508b8713,1/11(木) 6:04
nikkeisty,THE NIKKEI MAGAZINE,オフィスでも役立つミニバッグ、大人仕様のキャップ…おすすめの「ちょっといいもの」,https://news.yahoo.co.jp/articles/633544178c0972561261a1e0cf615af287a17e1c,1/10(水) 6:03
nikkeisty,THE NIKKEI MAGAZINE,2WAYワンピース、美脚パンツ、ピーコート…日常の装いに旬と上質を,https://news.yahoo.co.jp/articles/3280587f6016a2e5fd5817358a9e54d36b28ba75,1/9(火) 6:04
nikkeisty,THE NIKKEI MAGAZINE,「美の国・秋田」にモビリティーの歴史と未来を見た　美食・美景・美術も山盛り,https://news.yahoo.co.jp/articles/dc7faaaa3486df5d7a3c35310b3582cad2a1676d,1/8(月) 10:00
nikkeisty,THE NIKKEI MAGAZINE,バーバリー、ダンヒル…ビジネストートからスーツケースまで　厳選8ブランドの逸品,https://news.yahoo.co.jp/articles/329b4f1f656d7961f0d1f57247bc7dde8bc624d8,1/7(日) 10:00
nikkeisty,THE NIKKEI MAGAZINE,ロエベ、グッチ…一流ブランドのバッグ5選　自分へのご褒美、それとも？,https://news.yahoo.co.jp/articles/98b84f22dcf91069cb0fc86931c860ee7099a98b,1/6(土) 10:00
nikkeisty,THE NIKKEI MAGAZINE,メンズの高級コート対決　最新ダウンか、品格のチェスターフィールドか,https://news.yahoo.co.jp/articles/f7efc8b9317a0c9aafdcbc1c25bad88af356b5cb,1/5(金) 10:00
nikkeisty,THE NIKKEI MAGAZINE,冬のドレスアップは日本発ラグジュアリーから　「タエ アシダ」の洗練スタイル,https://news.yahoo.co.jp/articles/bab459e8dd9e6448b5fc3b1dd56ad4a5b08931ab,1/4(木) 6:04
nikkeisty,THE NIKKEI MAGAZINE,クロノグラフ、ダイバーズ、ドレス…いま、おすすめの「高級・本格」時計12選,https://news.yahoo.co.jp/articles/9577f9074d3da242388b88c329e4e9dbf7cb92fe,2023/12/28(木) 10:00
nikkeisty,THE NIKKEI MAGAZINE,12星座別・2024年の運勢　ビジネス面での開運ヒントも,https://news.yahoo.co.jp/articles/6eea827deded270664a16335ed5174c3349151d1,2023/12/27(水) 6:03
nikkeisty,THE NIKKEI MAGAZINE,オークラ東京のクロワッサン　朝食の王道、目指すのは「毎日食べたい」味,https://news.yahoo.co.jp/articles/bbe8172c5120b03ec0ced585b3d96b1fcbfd7ef4,2023/12/26(火) 6:03
nikkeisty,THE NIKKEI MAGAZINE,セーター×スラックスの上品コーデ　ザ・ロウで「クワイエットラグジュアリー」入門,https://news.yahoo.co.jp/articles/176503644a89b0fbb8f0826ba964d5d63f4d8ff6,2023/12/25(月) 6:04
nikkeisty,THE NIKKEI MAGAZINE,聖夜に贅沢「ジビエ」　気鋭のフランス料理2店で食す　通も初心者も大満足,https://news.yahoo.co.jp/articles/902ff01ebf7a3dff4a9121f700022d9cc3430613,2023/12/23(土) 10:04
nikkeisty,THE NIKKEI MAGAZINE,泊まらなくても…ホテルの楽しみ「ベーカリー」　パレスホテル東京の赤いフォカッチャ,https://news.yahoo.co.jp/articles/145f831e8088fc8248277358f9f1efed5f0a929e,2023/12/22(金) 6:05
nikkeisty,THE NIKKEI MAGAZINE,パテック フィリップの「ノーチラス」　待望の新作は小さめレディース仕様,https://news.yahoo.co.jp/articles/679951747d97e72fd398b1f50e0bbe0d94ff3cc2,2023/12/21(木) 6:04
nikkeisty,THE NIKKEI MAGAZINE,女優のジェニファー・ローレンスさん「気楽にシンプルに。頑張りすぎないのがエレガンス」,https://news.yahoo.co.jp/articles/091b085a6be47561f732fbeebf2249cf0b035e18,2023/12/20(水) 6:05
nikkeisty,THE NIKKEI MAGAZINE,ホリデーシーズン到来！　ジュエラーの美学が宿る　きらめく名品をギフトに,https://news.yahoo.co.jp/articles/8efd3382edd5e2f1f118a433de05fcd54d97e3dd,2023/12/19(火) 6:03
nikkeisty,THE NIKKEI MAGAZINE,目元周りのお悩みに、対策コスメ8選　眉メイクではつらつと,https://news.yahoo.co.jp/articles/e7b4a2df484c53669585caf3e2b227695c81874d,2023/12/18(月) 6:04
nikkeisty,THE NIKKEI MAGAZINE,バッグはブラウン系、ブーツはブラック　ハイブランドの逸品16選,https://news.yahoo.co.jp/articles/9f39eecdfba511da79d192e6ac87555445cc4a17,2023/12/17(日) 10:00
nikkeisty,THE NIKKEI MAGAZINE,目元周りのお悩みに、対策コスメ7選　最新アイケアで若々しく,https://news.yahoo.co.jp/articles/b89c79d771caac0e435021c44c43ed497996b8fe,2023/12/16(土) 10:00
nikkeisty,THE NIKKEI MAGAZINE,アウター使いのお手本はセレブ　脱・着ぶくれ、冬コーデのアレンジ技,https://news.yahoo.co.jp/articles/1a64cef3667cb01d4438a95625ff9cb570c7d6d4,2023/12/15(金) 6:04
nikkeisty,THE NIKKEI MAGAZINE,未来のダウンは植物素材　規格外の軽さ・暖かさ　カポックノット「エアリーコート」,https://news.yahoo.co.jp/articles/f9d3edb1cb957ae03ead296b10d10731dfbd3067,2023/12/14(木) 6:02
nikkeisty,THE NIKKEI MAGAZINE,自分へのご褒美に！ シャネル、ルイ・ヴィトン…7ブランドの厳選バッグ、シューズ、小物…,https://news.yahoo.co.jp/articles/3cd8dcfbdb0587218c035ba39dbd1bee274f516e,2023/12/13(水) 6:03
nikkeisty,THE NIKKEI MAGAZINE,メンズセーター対決　上品ハイゲージとカジュアルなローゲージ、コーデのコツは,https://news.yahoo.co.jp/articles/010be3a2e31063f51feb10a5c321c6407d5b6755,2023/12/12(火) 6:04
nikkeisty,THE NIKKEI MAGAZINE,ミック・ジャガー、永遠のロックスターの「セクシー＆やんちゃ」ファッション,https://news.yahoo.co.jp/articles/22aa99cdf5905b3ac0f15b736e3769337e01bae1,2023/12/11(月) 6:03
nikkeisty,THE NIKKEI MAGAZINE,選んだ色からビジネス運を診断【2023年12月】,https://news.yahoo.co.jp/articles/8dce510cd99c8459cf97cc21d30f3e4f3fb53080,2023/12/10(日) 10:00
nikkeisty,THE NIKKEI MAGAZINE,大人こそ「プラスワン・メイク」　肌の透明感・立体感を上げるコスメ,https://news.yahoo.co.jp/articles/322a122af7547ffbe30f5f99f22798927daf84b8,2023/12/9(土) 10:00
nikkeisty,THE NIKKEI MAGAZINE,ワインの味はグラスで変わる！　家飲み派必見　ワイングラス選びの基礎知識,https://news.yahoo.co.jp/articles/9e1e4db7d5ac4f0948d27e64f57c5dd3172e6f1e,2023/12/8(金) 6:04
nikkeisty,THE NIKKEI MAGAZINE,ひと味違うクリスマスに　イタリアの伝統菓子「パネットーネ」、日本で驚きの進化,https://news.yahoo.co.jp/articles/109ac040d159cc339d1643c4ae78a6fbf7eeb554,2023/12/7(木) 6:04
nikkeisty,THE NIKKEI MAGAZINE,クリスマスはホテルで…気分高まる演出・グルメを楽しむ　とっておき3選,https://news.yahoo.co.jp/articles/ee89aec6c874a50689f9e9b6481bdc578aa1e702,2023/12/6(水) 6:03
nikkeisty,THE NIKKEI MAGAZINE,パンツのコーデに新風　フェンディ流は多彩なアレンジ、ミニスカートとの組み合わせも,https://news.yahoo.co.jp/articles/f435c0c7d5bc8e441483039cb57b69bfd5bd3986,2023/12/5(火) 6:04
nikkeisty,THE NIKKEI MAGAZINE,英王室も愛用、「最高級カシミヤストールの代名詞」ジョンストンズ オブ エルガン,https://news.yahoo.co.jp/articles/9d3d7ca76e6f2ae72bb2d1f6c142b50e6b0fcdb4,2023/12/4(月) 6:05
nikkeisty,THE NIKKEI MAGAZINE,エイジングケアに焦点、最新コスメ11選　美肌つくる「攻めのスキンケア」,https://news.yahoo.co.jp/articles/bd8388e9c0ee4401767105f48248838e02508003,2023/12/3(日) 10:00
nikkeisty,THE NIKKEI MAGAZINE,シャネル、エルメス、ルイ・ヴィトン…ハイブランドのコート5選　大人の品格,https://news.yahoo.co.jp/articles/7709ebbb8c0485cd2ee3e91a77e79748ac385db4,2023/12/2(土) 10:03
nikkeisty,THE NIKKEI MAGAZINE,ダイヤモンドの王、ハリー・ウィンストンがつくった時計「エメラルド」 意外に手が届く!?,https://news.yahoo.co.jp/articles/7b8b4ab19b4f25d7830fd4f0e38c3e199e8409a3,2023/12/1(金) 6:05
nikkeisty,THE NIKKEI MAGAZINE,「令和のカリスマ店員、アプリで応援」バニッシュ・スタンダードCEOの小野里寧晃さん,https://news.yahoo.co.jp/articles/a9b3b669d583c35635248a6acb175f289502e3e9,2023/11/30(木) 6:04
nikkeisty,THE NIKKEI MAGAZINE,冬の主役になるコート5選　ひと目で納得の「上質・ラグジュアリー」,https://news.yahoo.co.jp/articles/e331df1f8103cbb18d706d129f54afdbc2c89c52,2023/11/29(水) 6:04
nikkeisty,THE NIKKEI MAGAZINE,「再生可能エネルギーのコスト、蓄電池で下げる」パワーエックス社長の伊藤正裕さん,https://news.yahoo.co.jp/articles/2d7d34d13d1870956c2efa97ce8c34814620f844,2023/11/28(火) 6:03
nikkeisty,THE NIKKEI MAGAZINE,新トレンド「クワイエット ラグジュアリー」　ディオール流、メンズのスタイリング,https://news.yahoo.co.jp/articles/ccf3b085b05f9d6b738cf00a2fc28bee786b2347,2023/11/27(月) 6:03
nikkeisty,THE NIKKEI MAGAZINE,日本酒も「年代物が尊い」時代に？ スイーツにも合う熟成酒の世界,https://news.yahoo.co.jp/articles/fcd7477760b9350848c18a57c6d0129d04defff0,2023/11/26(日) 10:00
nikkeisty,THE NIKKEI MAGAZINE,「セットアップにTシャツ、短い靴下」に喝！ ファッションのご意見番・石津祥介さんをしのぶ,https://news.yahoo.co.jp/articles/d8ede7fedf7c8a0404b1e93136255b3423ce3be8,2023/11/25(土) 10:00
nikkeisty,THE NIKKEI MAGAZINE,オンオフ万能、便利なセットアップ　着回しコーデのカギは「緊張度」,https://news.yahoo.co.jp/articles/6a0c8be464951469e03aa7aba8f42fcdc4c6f574,2023/11/24(金) 6:02
nikkeisty,THE NIKKEI MAGAZINE,「ライフスタイル、自分で編集する人がカッコいい」TSUTAYA創業者・増田宗昭さん,https://news.yahoo.co.jp/articles/3a9f2fc91ea1670c3240db4429274794b21553e9,2023/11/23(木) 10:02
nikkeisty,THE NIKKEI MAGAZINE,ロングブーツ復活の兆し　ドリス ヴァン ノッテン流、新しいスタイリングで大人使いに,https://news.yahoo.co.jp/articles/74ebf454fc6604ef745a3c9ed151aa8af7f4fab1,2023/11/22(水) 6:05
nikkeisty,THE NIKKEI MAGAZINE,マイペース実践で「いいサイクルに入った」 広瀬アリスさんが語った2023年とこれから,https://news.yahoo.co.jp/articles/0ab2aee44acff54fce8814f9a82c0ee46dc35aab,2023/11/21(火) 6:03
nikkeisty,THE NIKKEI MAGAZINE,ロングコート、やっぱり定番が重宝　オンオフ使い分けコーデのポイント,https://news.yahoo.co.jp/articles/0af9d054b6fc43ce5329bc8cdcd233056b307429,2023/11/20(月) 6:04
nikkeisty,THE NIKKEI MAGAZINE,トレンチ、ダッフル…ハイブランドの「基本コート」 装いを格上げする7着,https://news.yahoo.co.jp/articles/4b542c2af06c03cb80eb5645d723ec51150c93dc,2023/11/17(金) 6:04
nikkeisty,THE NIKKEI MAGAZINE,栗山英樹さん「僕はただ選手を愛しただけ」　WBCで貫いた監督像と装いの心得,https://news.yahoo.co.jp/articles/85f101e885fa0f4c8700c1d63a2b9cebb0da00b5,2023/11/16(木) 6:02
nikkeisty,THE NIKKEI MAGAZINE,WBC優勝の栗山英樹さん、広瀬アリスさんら5人を表彰　スーツ・オブ・ザ・イヤー 2023,https://news.yahoo.co.jp/articles/278b86f2c249291117a6497d25ae2b775a35be5f,2023/11/15(水) 17:04
nikkeisty,THE NIKKEI MAGAZINE,コーチ、ヴァレクストラ…厳選6ブランドのバッグ・財布　長く愛せる上質レザー,https://news.yahoo.co.jp/articles/6c2728d18dc5f2292c06213c1cb4d83000e02fd6,2023/11/15(水) 6:04
nikkeisty,THE NIKKEI MAGAZINE,軽やかな白いバッグ＆ラグジュアリーな黒い靴　秋の気分をアゲる厳選16アイテム,https://news.yahoo.co.jp/articles/752c2d60c6f6d0dc8e4dc9deb40982a021b2a4ba,2023/11/14(火) 6:03
nikkeisty,THE NIKKEI MAGAZINE,フェラーリ、紅の豚… イタリアの「赤」の謎、自動車・飛行機文化から読み解く,https://news.yahoo.co.jp/articles/23342ea3e9cdeb2e1ccf3c039c638454dd547ce7,2023/11/13(月) 6:04
nikkeisty,THE NIKKEI MAGAZINE,極上スパ・新感覚タイ料理で贅沢ステイ　アジアで人気の高級ホテル「デュシタニ京都」,https://news.yahoo.co.jp/articles/e5355b5d1f09110f3be2bcb42be6170c34d43b07,2023/11/12(日) 10:00
nikkeisty,THE NIKKEI MAGAZINE,つややかな肌、きらめく目元…大人の顔をアップデートしてくれる旬のメイクアイテム,https://news.yahoo.co.jp/articles/2417c281ef9fa24d3a46454d6137da7b594d8b46,2023/11/11(土) 10:00
nikkeisty,THE NIKKEI MAGAZINE,ブレゲ、ロンジン、セイコー、シチズン…定番時計をどう変えた？　新作9選,https://news.yahoo.co.jp/articles/dffdbca452c81d7b7768def0dc9fa968daf45592,2023/11/10(金) 6:03
nikkeisty,THE NIKKEI MAGAZINE,秋冬コーデの主役級メンズコート　ダウン・ダッフル・トレンチ…おすすめ6選,https://news.yahoo.co.jp/articles/e7ed880996c75615b24a8360574e7eb90fe3610c,2023/11/9(木) 6:04
nikkeisty,THE NIKKEI MAGAZINE,エルメス、シャネル…「仕事服」にしたい5ブランドのジャケット・セットアップ,https://news.yahoo.co.jp/articles/3337ad2607d09a9b77244bf3523a5890febd79ec,2023/11/8(水) 6:04
nikkeisty,THE NIKKEI MAGAZINE,夏の疲れを残さない新作コスメ！シワっぽい、髪がパサパサ＆ゴワゴワ…肌と髪の悩みを一掃,https://news.yahoo.co.jp/articles/a2541c7f54facdb9088f69fa90aa2c9eaaa141fd,2023/11/7(火) 17:00
nikkeisty,THE NIKKEI MAGAZINE,たこ焼きでカクテル！ 海外の高級3ホテルが大阪に、新名所の見どころは,https://news.yahoo.co.jp/articles/7f28384ae4d180a73ee1edb748ff4777e0e4200b,2023/11/7(火) 6:03
nikkeisty,THE NIKKEI MAGAZINE,世界の有名ワインを目隠しテストで撃破　おいしいのになぜか無名の産地発見,https://news.yahoo.co.jp/articles/7bf502940b092e770b64eed39cd678d98c3c38e9,2023/11/5(日) 10:00
nikkeisty,THE NIKKEI MAGAZINE,最新コート対決　機能性のダウンvs仕立てのいいクラシック…おすすめ6選,https://news.yahoo.co.jp/articles/04d32cd3b7204ebda52036b729303c294c922db9,2023/11/4(土) 10:03
nikkeisty,THE NIKKEI MAGAZINE,秋ゴルフ、重ね着スタイルで快適プレー　メンズ・レディース厳選おすすめウエア,https://news.yahoo.co.jp/articles/bd891a44488c0109ea38fc37c55caca486076180,2023/11/3(金) 10:02
nikkeisty,THE NIKKEI MAGAZINE,パリから逆輸入「幸せ触感ニット」　クワイエットラグジュアリーを実感する1着,https://news.yahoo.co.jp/articles/5578615c0a425d48d0b4d4ac02eb76c111752bdb,2023/11/2(木) 6:04
nikkeisty,THE NIKKEI MAGAZINE,あなたのビジネス運、選んだ色で診断します【2023年11月】,https://news.yahoo.co.jp/articles/d48c885e26adf1293b9a57e3f3729963d81ca087,2023/11/1(水) 6:03
nikkeisty,THE NIKKEI MAGAZINE,ネオンカラーがトレンド　初心者も安心のグリーン系セーター＆おしゃれコーデ,https://news.yahoo.co.jp/articles/f4bde9a6ece7f20bcaa70e356637c2c59e6add10,2023/10/31(火) 6:05
nikkeisty,THE NIKKEI MAGAZINE,スーツスタイルがトレンドに　クロエ、ジル サンダー…極上スーツ・コーデ7選,https://news.yahoo.co.jp/articles/1179f7179605710ffac18b11c13138c21b43c23d,2023/10/30(月) 6:04
nikkeisty,THE NIKKEI MAGAZINE,きちんと見える仕事服8選　シャツドレス、コンビネゾン…さりげないトレンド感,https://news.yahoo.co.jp/articles/536ac5eb149178f73387e73f342fc05657ff27be,2023/10/28(土) 10:03
nikkeisty,THE NIKKEI MAGAZINE,飾り立てないおしゃれ、クワイエットラグジュアリー　マックスマーラの「魔法コート」で,https://news.yahoo.co.jp/articles/b594f76e2058c66fff3066fd1298f63719173738,2023/10/27(金) 6:04
nikkeisty,THE NIKKEI MAGAZINE,『大奥』で俳優ブレイク　冨永愛さん、誰もがひれ伏すファッション界の「上様」,https://news.yahoo.co.jp/articles/80df6fad3d7b86a41dfbf7ea9f00f84e769fa939,2023/10/26(木) 6:04
nikkeisty,THE NIKKEI MAGAZINE,シャネル史上初、ガラスケースに入った究極の口紅「トランテアン ル ルージュ」誕生,https://news.yahoo.co.jp/articles/7ca4c280212529becd1df1ca2525ba24bcb9cdc4,2023/10/25(水) 6:04
nikkeisty,THE NIKKEI MAGAZINE,高級ブランドのジャケット6選　素材・仕立て…背筋も伸びる上質感,https://news.yahoo.co.jp/articles/df94dfb69f97dd59b1ceb787df6852cd935efb6a,2023/10/24(火) 6:02
nikkeisty,THE NIKKEI MAGAZINE,美脚に見える黒ブーツ・カーフレザーの上品バッグ…「ちょっといい小物」6選,https://news.yahoo.co.jp/articles/3182ae02f75553317f02af49adbada5dcdd4e14d,2023/10/23(月) 6:03
nikkeisty,THE NIKKEI MAGAZINE,「おしゃれなゴルフウエア」で勝ち組に　パーリーゲイツの魅力,https://news.yahoo.co.jp/articles/e5a883e663edeb95da4a68f3add0a7105ad48e4d,2023/10/20(金) 6:03
nikkeisty,THE NIKKEI MAGAZINE,パネライの新作時計、プラダとコラボ　女性の手首にフィットする小径,https://news.yahoo.co.jp/articles/5201fd6dbbc11a4598a919cbbc714fefcbec33f6,2023/10/19(木) 6:04
nikkeisty,THE NIKKEI MAGAZINE,コーチトピアってなに？　コーチの「循環型サブブランド」、日本でもスタート,https://news.yahoo.co.jp/articles/dd4e4844c43aa093ae436df4a357a94fc713831a,2023/10/18(水) 6:03
