media_en,media_jp,title_articles,link_articles,date_original
umatokuh,馬トク報知,【小倉記念】格上挑戦ヴェローナシチーは見せ場十分の４着　団野大成騎手「まだ休み明け感があった」,https://news.yahoo.co.jp/articles/3170760fafc60a561f1680b8645e6b91e90a8a2c,8/11(日) 16:53
umatokuh,馬トク報知,【小倉記念】トップハンデ５８・５キロのディープモンスターは３着　浜中俊騎手「最後は斤量のぶんだと思います」,https://news.yahoo.co.jp/articles/423947b5237c233983c89bbf442d5567c3a3a740,8/11(日) 16:51
umatokuh,馬トク報知,【小倉記念】コスタボニータは重賞２勝目に首差届かず２着も坂井瑠星騎手「すごくうまくいきました」,https://news.yahoo.co.jp/articles/1e530e1b309b3c26350452a69552ed5573682d2e,8/11(日) 16:49
umatokuh,馬トク報知,【札幌１１Ｒ・ＵＨＢ賞】プルパレイが約２年５か月ぶりの美酒　この日４勝目の武豊騎手「あのポジションを狙ってました」,https://news.yahoo.co.jp/articles/666b86512328a608a05b36a23cf758ab2e29d343,8/11(日) 16:27
umatokuh,馬トク報知,【関屋記念】トゥードジボンが米子Ｓに続く連勝で重賞初Ｖ　サマーマイルシリーズ制覇へ大きく前進,https://news.yahoo.co.jp/articles/12212ca2916bef9d508b7fa476e9ae3097b0040a,8/11(日) 15:57
umatokuh,馬トク報知,【小倉記念】リフレーミングが差し切りコースレコードで重賞初制覇　川田将雅騎手は昨年のエヒトに続く連覇,https://news.yahoo.co.jp/articles/4e00cbeefe7d2b7b7a45a78eef061ea74fc74b89,8/11(日) 15:45
umatokuh,馬トク報知,小牧太騎手は園田で再デビュー初日の１４日は５鞍　１５日も５鞍に騎乗　２０年ぶりに地方競馬に復帰,https://news.yahoo.co.jp/articles/19eb1a1da79adf4209c7e7988fa562ef59421c0e,8/11(日) 14:49
umatokuh,馬トク報知,【札幌８Ｒ・コスモス賞】アスクシュタインが７馬身差をつけて２連勝　北村友一騎手「力が違ったと思います」,https://news.yahoo.co.jp/articles/649738df3524dd2af22c84f514ad654dcff2ea80,8/11(日) 14:33
umatokuh,馬トク報知,藤田菜七子騎手、９２年ぶり銅メダルの馬術選手と笑顔２ショ！「いつか馬乗りを教えていただきたいです」,https://news.yahoo.co.jp/articles/887eda704371da87d95e0c70c18ad79f64256a1b,8/11(日) 14:30
umatokuh,馬トク報知,日曜メインレースの注目激走馬…中京１１Ｒ・小倉記念・Ｇ３,https://news.yahoo.co.jp/articles/eee175287d76dd2ce664e36e7cb120a5f580f11d,8/11(日) 14:24
umatokuh,馬トク報知,日曜新潟競馬場の注目激走馬…新潟１１Ｒ関屋記念・Ｇ３,https://news.yahoo.co.jp/articles/cf7551d34c849be3fde643a7656857ceb84ba052,8/11(日) 13:38
umatokuh,馬トク報知,【新潟５Ｒ・２歳新馬戦】マスカレードボール大外一気で快勝　マスクトディーヴァ半弟がデビューＶ,https://news.yahoo.co.jp/articles/5221a7d11b8598a3b539d169c9ed7bf2367c1fa0,8/11(日) 13:27
umatokuh,馬トク報知,【中京５Ｒ・２歳新馬】キタサンブラック配合のカムニャック完勝　川田将雅騎手「次につながるいい内容でした」,https://news.yahoo.co.jp/articles/cb510bc3fb96029e8a408617c8d3ac9cf9440a3a,8/11(日) 13:17
umatokuh,馬トク報知,【札幌５Ｒ・２歳新馬】イントゥミスチーフ産駒のマテンロウサンが４馬身差の完勝　横山和生騎手「いい内容で勝てた」,https://news.yahoo.co.jp/articles/91ac4dfb02de5e5ba977112ff5e5fbd4983c1995,8/11(日) 13:11
umatokuh,馬トク報知,【新潟３Ｒ・２歳未勝利】１番人気キョウエイボニータ初勝利　松岡正海騎手「普通に回ってくればと思っていた」,https://news.yahoo.co.jp/articles/30d6724483d4142be2e94142dd8fdcfcb6b8aba8,8/11(日) 12:34
umatokuh,馬トク報知,【中京３Ｒ・３歳未勝利】永島まなみ騎手が今年の２６勝目「しんどかったです」レディーヴァリューで逃げ切り,https://news.yahoo.co.jp/articles/0ca07a95046245f3b61c40e947e49c84d703e192,8/11(日) 11:42
umatokuh,馬トク報知,【中京１Ｒ・２歳未勝利】新種牡馬アドマイヤマーズの産駒が２戦目で初勝利　坂井瑠星騎手「初戦より反応も良かった」,https://news.yahoo.co.jp/articles/d7cef2605684e2da39371e9279b4a1133ff39453,8/11(日) 10:47
umatokuh,馬トク報知,【シャーガーＣ】世界選抜で参戦の藤田菜七子騎手、５戦して４着が最高「技術的にもまだまだだと痛感」,https://news.yahoo.co.jp/articles/55fe02e63001661e6d1066caa069420c84827472,8/11(日) 10:19
umatokuh,馬トク報知,２１歳・角田大河騎手が急死　競馬一家に育った３年目ホープ…父・晃一調教師「悲しみは癒えませんが…」,https://news.yahoo.co.jp/articles/b68ed4c7c8291dd6e71dae2c2075b091af253623,8/11(日) 6:00
umatokuh,馬トク報知,【小倉記念】前日単勝１番人気はリフレーミング４・６倍　ディープモンスター、シリウスコルトが僅差で続く,https://news.yahoo.co.jp/articles/6a35a2e190623d09101b5a4db374885d02d0c32b,8/10(土) 18:11
umatokuh,馬トク報知,【関屋記念】ジュンブロッサムが３・７倍で前日単勝１番人気　馬連１０倍以下は１通りのみの混戦ムード,https://news.yahoo.co.jp/articles/98689a865475e5883a0185e573dbdb537f534058,8/10(土) 17:54
umatokuh,馬トク報知,【札幌１１Ｒ・報知杯大雪Ｈ】カンピオーネが鮮やかなまくりでオープン入り　横山武史騎手「今が充実期かな」,https://news.yahoo.co.jp/articles/931cee56e65de3d380b36e9d1af911ab3a6bca42,8/10(土) 16:36
umatokuh,馬トク報知,【新潟１１Ｒ・ＢＳＮ賞】９番人気のブレイクフォースが大外から豪快差し切り　３連単は５４万円オーバーの波乱,https://news.yahoo.co.jp/articles/9cd7e936f53324b1266f95b6e44905229dbcc616,8/10(土) 16:32
umatokuh,馬トク報知,【中京１１Ｒ・関ケ原Ｓ】ドクタードリトルが完勝でオープン入り　松山弘平騎手「追い出しを我慢する余裕があった」,https://news.yahoo.co.jp/articles/877aac2f36a8e885ed32ff08df3f82bccba9fc08,8/10(土) 16:15
umatokuh,馬トク報知,三浦皇成騎手が新潟４Ｒ騎乗中に顔面を負傷　６鞍が乗り替わりに,https://news.yahoo.co.jp/articles/12e74867b0daaa8dafc108ad58f01d3b24a59910,8/10(土) 14:32
umatokuh,馬トク報知,土曜メインレースの注目激走馬…新潟１１Ｒ・ＢＳＮ賞（Ｌ）,https://news.yahoo.co.jp/articles/13c8c4ede380648ec83d6d13d08168dbf27061d7,8/10(土) 14:18
umatokuh,馬トク報知,幸英明騎手が中京３Ｒで史上２人目の通算２万４０００回騎乗を達成　武豊騎手を更新する史上最速、最年少記録,https://news.yahoo.co.jp/articles/fdb14638a3eceb9bc3f4f39167632d7dc64737fa,8/10(土) 14:12
umatokuh,馬トク報知,【新潟６Ｒ・２歳新馬】セナマリンが４馬身差の圧勝　戸崎圭太騎手「センスがある」,https://news.yahoo.co.jp/articles/1a5d1c274a8683df2e946f6217fcec11e989dc46,8/10(土) 13:52
umatokuh,馬トク報知,斎藤誠調教師が新潟２ＲでＪＲＡ通算５００勝達成「これからも厩舎一丸で」,https://news.yahoo.co.jp/articles/388e4731ddc20b8686343e13022f4d88922a7902,8/10(土) 13:51
umatokuh,馬トク報知,土曜札幌競馬場の注目激走馬…札幌１１Ｒ報知杯大雪ハンデキャップ,https://news.yahoo.co.jp/articles/1e0b5a38383d030d41c307b6cf7995c3bd483e78,8/10(土) 13:36
umatokuh,馬トク報知,【中京５Ｒ・２歳新馬】１番人気エイシンワンドが初陣Ｖ　幸英明騎手「調教通りのいいパフォーマンス」,https://news.yahoo.co.jp/articles/552ca6e96ebe61d1fa56367294fc2015bbfa0e84,8/10(土) 13:25
umatokuh,馬トク報知,【新潟５Ｒ・２歳新馬】秋華賞馬の孫ジーティーマンがデビューＶ　小栗調教師「クラシックを狙えたら」,https://news.yahoo.co.jp/articles/3ffe70722624a8bff99b29567dc35781f0584462,8/10(土) 13:23
umatokuh,馬トク報知,【札幌５Ｒ・２歳新馬】クリノメイが好位差し切り　佐々木大輔騎手「理想的な競馬ができたかなと」,https://news.yahoo.co.jp/articles/2bd0c88e4e13395389edf82fb2f0ae367888a208,8/10(土) 13:16
umatokuh,馬トク報知,【中京４Ｒ・障害オープン】田村太雅騎手が４年３か月ぶりＶ「すごく久しぶりです」テイエムタツマキで抜け出す,https://news.yahoo.co.jp/articles/37b2147e52e9d7b12079465e9c593529667b82c9,8/10(土) 12:37
umatokuh,馬トク報知,【中京２Ｒ・２歳未勝利】ブエナビスタのめい・アーデルリーベが５馬身差Ｖ　幸英明騎手「強いと思います」,https://news.yahoo.co.jp/articles/003d55a047dc7b6e723d3e02833c07175ee914d4,8/10(土) 12:33
umatokuh,馬トク報知,亡くなった角田大河騎手は２日午後から連絡取れず　ＪＲＡとして葬儀などの予定なし,https://news.yahoo.co.jp/articles/a78a35d4af7caaee8257bd1ef9bcac57ad550053,8/10(土) 11:44
umatokuh,馬トク報知,【小倉記念】トップハンデのディープモンスターは万全の仕上がり　８枠１１番にも陣営「競馬しやすいと思います」,https://news.yahoo.co.jp/articles/2d076c752ea607377249374b6ddfe1cf8b21add9,8/10(土) 11:23
umatokuh,馬トク報知,【小倉記念】最内枠のリフレーミングは好相性の川田将雅騎手を信頼　陣営「ジョッキーにお任せします」,https://news.yahoo.co.jp/articles/081f52567d91b650e43e63dd7d2257a751521ce8,8/10(土) 11:17
umatokuh,馬トク報知,【新潟１Ｒ・２歳未勝利】単勝１・１倍クライスレリアーナが５馬身差圧勝　ルメール騎手「ずっと余裕」,https://news.yahoo.co.jp/articles/85f290d472f3a525c786974e90ac429a7343810a,8/10(土) 10:59
umatokuh,馬トク報知,角田大河騎手２１歳の死去にネットも沈痛「早すぎる別れ」「この結末だけは避けてほしかった」「ただ、ただ悲しいです」,https://news.yahoo.co.jp/articles/899812d2e9326ff57ff1bf7db4d3922d88a2a259,8/10(土) 10:54
umatokuh,馬トク報知,【札幌１Ｒ・２歳未勝利】１番人気のテリオスララが逃げ切り　鮫島克駿騎手「いい時計で走れている」,https://news.yahoo.co.jp/articles/256ef2cd2b6b15fd53d5982d8166d11f311726d1,8/10(土) 10:45
umatokuh,馬トク報知,角田大河騎手の死去　遺族の意向によりＪＲＡは詳細公表せず,https://news.yahoo.co.jp/articles/f128368261e9570e7b5b227578821de9c1ba3f3d,8/10(土) 10:22
umatokuh,馬トク報知,【小倉記念】得意の中京で一発狙う格上挑戦のヴェローナシチーは好気配　佐々木調教師「申し分なし」,https://news.yahoo.co.jp/articles/db20058e0621d6c5730762eacd4511bf44e5e12b,8/10(土) 9:55
umatokuh,馬トク報知,「柳月杯第３６回ばんえいグランプリ」で夏祭りも楽しめます…北海道とかち青空レディとリッキーがＰＲ,https://news.yahoo.co.jp/articles/8b49131acf619a8276a2c3a78597bfe63eeb68e0,8/10(土) 9:39
umatokuh,馬トク報知,角田大河騎手の死去にＪＲＡ吉田理事長がコメントを発表「将来を嘱望される騎手の一人でした」,https://news.yahoo.co.jp/articles/872fe7e5b04b4e095baa45db0e5fb8c7bb89a57a,8/10(土) 9:19
umatokuh,馬トク報知,角田大河騎手の死去に父の角田晃一調教師「騎手人生をスタートさせたばかりで残念」,https://news.yahoo.co.jp/articles/6cde845a55115c72a50df8ad3d79449cb5e6e987,8/10(土) 9:13
umatokuh,馬トク報知,角田大河騎手死去に日本騎手クラブ会長の武豊騎手がコメントを発表「みんなで前を向いて歩んでいきたい」,https://news.yahoo.co.jp/articles/0051f80285e3942447ab1289311de0e3c047a697,8/10(土) 9:10
umatokuh,馬トク報知,角田大河騎手が死去　デビュー３年目２１歳　自動車侵入による芝コース損傷で８月３日からの騎乗停止中,https://news.yahoo.co.jp/articles/41641e1f83f4d389e0f2434d19b2b7529c83e76f,8/10(土) 9:03
umatokuh,馬トク報知,「泣くと思われていた」小牧太騎手、ＪＲＡラストで劇的勝利も涙封印「これで終わりじゃない」覚悟,https://news.yahoo.co.jp/articles/492e683dc1a42a19962b2a569dfbaa8700e5bc3d,8/9(金) 18:56
umatokuh,馬トク報知,【注目馬動向】昨年の３冠牝馬リバティアイランドが天皇賞・秋で復帰へ,https://news.yahoo.co.jp/articles/cec9d2bc11c09ccd723bd827bedb028201e6c0e4,8/9(金) 14:58
umatokuh,馬トク報知,木之前葵騎手が１０日放送の「うまＤＯＫＩ」に出演　中京をはじめメインレースの見解披露,https://news.yahoo.co.jp/articles/207cbc2a54616a1078f7a1e8c6f7a632326edb39,8/9(金) 14:23
umatokuh,馬トク報知,【注目馬動向】重賞２勝のヤマニンサルバムは毎日王冠での復帰が目標,https://news.yahoo.co.jp/articles/947592f6c841269bec1f54cbc76599a2a3a2f23e,8/9(金) 13:44
umatokuh,馬トク報知,プログノーシスの金鯱賞５馬身差圧勝が再評価されて上方修正…ロンジンワールドベストレースホースランキング,https://news.yahoo.co.jp/articles/111caf1b3ddc4df4cc8a7d355f64734a665bc22f,8/9(金) 13:16
umatokuh,馬トク報知,インターハイ優勝の栗東高校馬術部がトレセンを表敬訪問　日本一は「よっしゃーという感じでした」,https://news.yahoo.co.jp/articles/8fabad18ac14123644bdc0874818c326b5886239,8/9(金) 13:14
umatokuh,馬トク報知,【注目馬動向】重賞２勝のヴェルトライゼンデは毎日王冠から始動,https://news.yahoo.co.jp/articles/8015f13a20478404dd85257e0ba8d6c2633b4287,8/9(金) 12:34
umatokuh,馬トク報知,石橋脩騎手が１０日の新潟８Ｒで乗り替わり　調教師が斤量５５キロと思い込んだまま出馬投票　５３キロで乗れず,https://news.yahoo.co.jp/articles/7b358b1a1db23cd9c5029658d6f2cd76762c20d5,8/9(金) 12:13
umatokuh,馬トク報知,【ＷＡＳＪ】香港のティータン騎手が追加で出場「ワクワクしています」リサ・オールプレス騎手が落馬負傷で辞退,https://news.yahoo.co.jp/articles/dd0a7aadf5a785ee10055bcc88ddfca4720277fc,8/9(金) 11:54
umatokuh,馬トク報知,【ＰＯＧ】ソフトバンクの柳田悠岐選手がオーナーのゴッドヴァレーは８月２４日に中京で２戦目　馬主初勝利を狙う,https://news.yahoo.co.jp/articles/668057f090dc7f1bcde3b191e4f45194023db440,8/9(金) 11:00
umatokuh,馬トク報知,【注目馬動向】キタサンブラックの半弟シュガークンは菊花賞を見送り　清水久調教師「可能なら有馬記念を大目標に」,https://news.yahoo.co.jp/articles/e949b59dd8c29fbc8d85975bfb3eb06bfb4a0eae,8/9(金) 10:55
umatokuh,馬トク報知,【報知杯大雪Ｈ】レディーシスで挑む小林勝太騎手が連覇へ意欲「どんな競馬でもできそう」,https://news.yahoo.co.jp/articles/5594362cc498cd40959bd79bb3f93cfae910882c,8/9(金) 10:40
umatokuh,馬トク報知,【小倉記念】ラジオＮＩＫＫＥＩ賞２着のシリウスコルトは６枠７番　ディープモンスターは８枠１１番　枠順決定,https://news.yahoo.co.jp/articles/dfc31cfc3d2cbd1ae916071e51ee8b1c45936fb4,8/9(金) 10:36
umatokuh,馬トク報知,【報知杯大雪Ｈ】久々に武豊騎手とのコンビで挑むラニカイにチャンス到来　陣営「１７００のダートはいい」,https://news.yahoo.co.jp/articles/317a67adb031a375b9b665546db3664fe0b9790a,8/9(金) 10:35
umatokuh,馬トク報知,【関屋記念】アーリントンＣ制覇のディスペランツァは最内枠　パラレルヴィジョンは１０番　枠順確定,https://news.yahoo.co.jp/articles/59ba0456c5a8941aefc00ef33cde2d16e5b0e109,8/9(金) 10:28
umatokuh,馬トク報知,【ＵＨＢ賞】シュバルツカイザーはダートコースで元気いっぱい　大野拓弥騎手「状態は良さそう」,https://news.yahoo.co.jp/articles/e48597f9d992d4a22d1ac215728abac42755c55a,8/9(金) 10:27
umatokuh,馬トク報知,【報知杯大雪Ｈ】勢いに乗るエリカサファイアが一気の３連勝へ　佐々木大輔騎手「別格だと思います」,https://news.yahoo.co.jp/articles/2ca0b3cc5e2f2c60ee7a6d0f6556a98924ee2109,8/9(金) 10:15
umatokuh,馬トク報知,堀江貴文氏が１３年ぶりにＪＲＡ馬主免許再取得、馬名予想に「イツモドクゼツ」「フワエモン」などの声,https://news.yahoo.co.jp/articles/93f0ef19255d1d31549b0f1c11ed8208874b48a8,8/9(金) 8:42
umatokuh,馬トク報知,【小倉記念】「格上挑戦で７頭重賞Ｖ」佐々木厩舎のヴェローナシチー不気味,https://news.yahoo.co.jp/articles/461eccf4042db126323c6364203d8a5d524295c3,8/9(金) 7:00
umatokuh,馬トク報知,【ＰＯＧ】ドゥラメンテ最終世代の真打ち、マスカレードボール今週デビュー,https://news.yahoo.co.jp/articles/5b9dcc65e50a9bc44c885e8c8be7f65ec1741a73,8/9(金) 7:00
umatokuh,馬トク報知,岩田望来騎手がフランス遠征３戦目で初勝利　メイショウボヌールで力強く伸びて押し切った,https://news.yahoo.co.jp/articles/bb0ca97d7cfcb02e3939b8bffac9eae2f97273c4,8/8(木) 22:35
umatokuh,馬トク報知,【ＰＯＧ】母がジャパンＣ馬の良血が２戦目で勝利を目指す　池添謙一騎手「シュッと動けていました」,https://news.yahoo.co.jp/articles/f24f6f297025a051b609e833c4712ff6ac3b804b,8/8(木) 18:36
umatokuh,馬トク報知,ニュージーランドのリサ・オールプレス騎手が落馬し腰椎付近を骨折　ＷＡＳＪ出場は絶望的に,https://news.yahoo.co.jp/articles/dde18cdaab0a6226e35eba2e6e0d9337032ec549,8/8(木) 18:34
umatokuh,馬トク報知,３歳未勝利馬の「スリーアウト」を知っていますか？　初Ｖ目前の馬と陣営に迫る,https://news.yahoo.co.jp/articles/59e72bcdf6feb6dc0c94e07fdaf0fe76cacb112f,8/8(木) 17:19
umatokuh,馬トク報知,【ＰＯＧ】海外重賞４勝の母を持つディニテ　先々が楽しみなエピファネイア産駒,https://news.yahoo.co.jp/articles/48c29c2ea3267e65855ca3c24b3d5d552db6dd62,8/8(木) 16:35
umatokuh,馬トク報知,【注目馬動向】アルマヴェローチェは札幌２歳Ｓへ　上村調教師「（新馬戦は）遊びながら走っていた」,https://news.yahoo.co.jp/articles/cb288a64acca6e9c70e7f9f1d1e3d435e3ceef86,8/8(木) 16:31
umatokuh,馬トク報知,栗東トレセンで親子体験ツアー実施　友道調教師「馬を好きという気持ちを忘れずに」,https://news.yahoo.co.jp/articles/7451856ada0d1911317413fecf5a66f25abb1841,8/8(木) 14:29
umatokuh,馬トク報知,宝塚記念でＧ１初Ｖの菅原明良騎手が虫垂炎の手術から今週復帰「体の状態も良かった」,https://news.yahoo.co.jp/articles/fefb63806f58a5e69ca8a07b11e015ddeaf8ab34,8/8(木) 14:20
umatokuh,馬トク報知,津村明秀騎手が３週間の休養期間を経て今週から復帰「短期放牧から帰ってきました」,https://news.yahoo.co.jp/articles/def5f2eb6d2b8d2ffd531133dfdbb1b4a19590e4,8/8(木) 14:16
umatokuh,馬トク報知,【小倉記念】格上挑戦のヴェローナシチーが坂路で鋭い伸び　重賞初制覇へ佐々木調教師「重賞の方が絶対楽しい」,https://news.yahoo.co.jp/articles/c2018ec24ce9a15c206186820eb282a1af99ed98,8/8(木) 13:38
umatokuh,馬トク報知,【ＰＯＧ】母デグラーティアの良血馬ハイファイスピードは今週の中京でデビュー　宮本調教師「母に似てますね」,https://news.yahoo.co.jp/articles/5aa11f8c6dd711b0a31eda349364e376fb8c9f91,8/8(木) 12:55
umatokuh,馬トク報知,【注目馬動向】札幌で新馬快勝のアルテヴェローチェはサウジアラビアＲＣを視野,https://news.yahoo.co.jp/articles/c09cc365eb46188d92de8d651449bd3d1119e909,8/8(木) 11:32
umatokuh,馬トク報知,【ＰＯＧ】永島まなみ騎手も評価するコスモエンエン１０日・中京５Ｒ初陣　母は１０年のアイビスＳＤ勝ち馬,https://news.yahoo.co.jp/articles/3be7ef1464a1ccf2e76b00cf66aee8418469102e,8/8(木) 11:26
umatokuh,馬トク報知,【札幌記念】８月７日に帰厩したステラヴェローチェが馬場入りして調整　陣営「ノリさんに気に入ってもらえています」,https://news.yahoo.co.jp/articles/09dc19eaec9daba3ddb3fd75d53bc009545dbfa7,8/8(木) 9:26
umatokuh,馬トク報知,【関屋記念、小倉記念】国枝厩舎が重賞ダブル制覇狙う　パラレルヴィジョンは好反応　レッドランメルトは好時計,https://news.yahoo.co.jp/articles/9bee12615ccbfc6ed57adc83008661a8f112e152,8/8(木) 6:00
umatokuh,馬トク報知,【小倉記念】“善戦マン”返上へ坂路で抜群のスピード感　４走ぶりコンビの川田将雅騎手とも好相性,https://news.yahoo.co.jp/articles/ba65de0c3bbe9cffd057802ee732461a91e80a38,8/8(木) 6:00
umatokuh,馬トク報知,【関屋記念】木村厩舎が今年もＶへ　デビュー２戦目で重賞制覇の５歳牝馬が３頭併せで反応＆気合申し分なし,https://news.yahoo.co.jp/articles/818ffa0b30b64c1ede912fc9c517f4253520ee44,8/8(木) 6:00
umatokuh,馬トク報知,インダストリアが悪性リンパ腫のため安楽死の処置　昨年のダービー卿ＣＴを制覇,https://news.yahoo.co.jp/articles/3419031ea20b409d729523dd3f186773b6089eeb,8/7(水) 20:15
umatokuh,馬トク報知,【札幌記念】昨年Ｖのプログノーシスはラスト１ハロン１１秒０　陣営「今年も好結果が得られるように」,https://news.yahoo.co.jp/articles/1afc9e0c7e1aed449b548843bd4d44ca0fc6ccaa,8/7(水) 17:25
umatokuh,馬トク報知,両腕の疲労骨折も経験「気持ちだけでやってきた」決してくじけない２３歳女性騎手の不屈魂と気遣い,https://news.yahoo.co.jp/articles/0fc872a617b1642789ea39ed28246f004bc3c792,8/7(水) 16:10
umatokuh,馬トク報知,８月２４日の新潟１１Ｒ・朱鷺Ｓに「『佐渡島の金山』世界文化遺産登録記念」の副題が付与,https://news.yahoo.co.jp/articles/055261dfe19ea5d92ebe359f24efe5dda88610d9,8/7(水) 15:52
umatokuh,馬トク報知,【関屋記念】好気配コレペティトールに中竹調教師が太鼓判　「いい状態でレースに出せる」,https://news.yahoo.co.jp/articles/19ebddd4be0e4965a6f9f74e9dd16c668f9930e6,8/7(水) 15:28
umatokuh,馬トク報知,【ＰＯＧ】Ｇ１馬の半妹ラルガメンテが札幌・芝コースで古馬相手に併入　横山武史騎手「まだ走るフォームとか…」,https://news.yahoo.co.jp/articles/63d5db507aa2d2ee353810d36ac87fc9d79bc966,8/7(水) 14:13
umatokuh,馬トク報知,【注目馬動向】エルムＳ２着のドゥラエレーデは札幌記念へ　藤岡佑介騎手と新コンビ,https://news.yahoo.co.jp/articles/72a0e3e2aaa6b65c332abc7f1c30430b934839e8,8/7(水) 14:12
umatokuh,馬トク報知,【ＵＨＢ賞】洋芝巧者のエイシンフェンサーはダートコースでサラッと　川又賢治騎手「夏は調子がいいタイプ」,https://news.yahoo.co.jp/articles/03efb44bed0e12b89fe1dabbd9eeae86ed3b9fbc,8/7(水) 14:04
umatokuh,馬トク報知,【小倉記念】ファユエンは暑さも問題なし　勢司調教師「他の馬よりは利がある」,https://news.yahoo.co.jp/articles/41e0d12dfa549070686b3e2575684f7f6fc2ee72,8/7(水) 14:01
umatokuh,馬トク報知,【札幌記念】ノースブリッジは心身成長　岩田康誠騎手「バランスも良くなってきたし、精神的にも大人びてきた」,https://news.yahoo.co.jp/articles/a8c52d8b96926ac3b801c49965a473fa0e74b98b,8/7(水) 13:57
umatokuh,馬トク報知,【コスモス賞】アスクシュタインは函館の芝でシャフリヤールと併せ馬　北村友一騎手「使って良くなっています」,https://news.yahoo.co.jp/articles/bf5f1280e9744ce1a0acc7a39b43b9931777b7a2,8/7(水) 13:55
umatokuh,馬トク報知,【関屋記念】オニャンコポンは函館Ｗコースを単走　小島調教師「前走は明らかに距離が長かった」,https://news.yahoo.co.jp/articles/39463118be36f865db4666cd7b63da81ec610345,8/7(水) 13:54
umatokuh,馬トク報知,【注目馬動向】２２年の皐月賞馬ジオグリフは横山武史騎手との新コンビで札幌記念に参戦！,https://news.yahoo.co.jp/articles/30e9bf443fff7934598c98fa99c96c4bb3ea39da,8/7(水) 13:53
umatokuh,馬トク報知,【川崎のエース山崎・スマイル誠士】仕上がり途上のダガーリング（３Ｒ）は２戦目でさらに,https://news.yahoo.co.jp/articles/b31c20e93fae9c0729cfc7242ec0f845c43cc60d,8/7(水) 13:30
umatokuh,馬トク報知,【関屋記念】永野猛蔵騎手とともに人馬初タイトルへ　ロジリオンは僚馬に楽々併入で視界良好,https://news.yahoo.co.jp/articles/1d2f0816634fa2df8b1ad600f714534bf26b307c,8/7(水) 13:25
umatokuh,馬トク報知,【関屋記念】力強さを増したディオ　辻野調教師「段階を踏んでよくなっています」,https://news.yahoo.co.jp/articles/3c1cece7280d84c45862fc20aa6cbf8aa354cc3e,8/7(水) 13:00
umatokuh,馬トク報知,【小倉記念】リフレーミングが善戦マンを返上　陣営「うっぷんを晴らしたい」,https://news.yahoo.co.jp/articles/412d04119820258624cc3d548de5fc65234bdba6,8/7(水) 12:59
umatokuh,馬トク報知,【関屋記念】ディスペランツァは坂路でパワフルな動き　吉岡調教師「古馬との対戦ですが、斤量的には有利」,https://news.yahoo.co.jp/articles/4656cadb23ad5b343e2c999050f3fa55ffae1f4a,8/7(水) 12:04
umatokuh,馬トク報知,【札幌記念】シャフリヤールは武豊騎手とコンビ　オファー受け「『エッ』と」驚くも「結果で返したい」,https://news.yahoo.co.jp/articles/be9386dc6ceb951c46d785ad069e054587e569e1,8/7(水) 12:02
umatokuh,馬トク報知,【小倉記念】ディープモンスターが坂路で軽快　池江調教師「仕上がっているなという動き」,https://news.yahoo.co.jp/articles/1dd5447740c3208b3c649472ad50f1d123c4fa0c,8/7(水) 11:54
umatokuh,馬トク報知,【小倉記念】グランスラムアスクは永島まなみ騎手で小倉記念へ　陣営「ハンデも５２キロだし、頭数も手頃」,https://news.yahoo.co.jp/articles/4ed51743145e5b8a917470ee2b9ad5218313b1cc,8/7(水) 11:38
umatokuh,馬トク報知,【注目馬動向】キミノナハマリアはエリザベス女王杯に直行の予定　千田調教師「雨でも降ってくれれば」,https://news.yahoo.co.jp/articles/55b82877e08358dec9a06bb54a8fa11fbf765730,8/7(水) 11:34
umatokuh,馬トク報知,【注目馬動向】函館記念３着のアウスヴァールが古川吉洋騎手で札幌記念に参戦,https://news.yahoo.co.jp/articles/f0cc4c0883a514fc75a5df0927f8c1f3cbf4886c,8/7(水) 11:32
umatokuh,馬トク報知,【園田・人気ジョッキーは語る】エントラップメント（１１Ｒ）に好感触の鴨宮祥行騎手「攻め馬の動きもいい」,https://news.yahoo.co.jp/articles/66079581e0438d3f27c7a769b7c35776065ff286,8/7(水) 11:30
umatokuh,馬トク報知,【注目馬動向】エルムＳ２着のドゥラエレーデは札幌記念へ　陣営「レース後も大丈夫そう」,https://news.yahoo.co.jp/articles/b6ad8525bdc37ec45d2c6c646e659fe625d56926,8/7(水) 11:14
umatokuh,馬トク報知,【こちら日高支局です・古谷剛彦】重賞ウィナー輩出のセプテンバーセールに期待,https://news.yahoo.co.jp/articles/4e4f28bda2d3e8be99ca52effc9ce9e433f8a9f5,8/7(水) 10:30
umatokuh,馬トク報知,【小倉記念】「夏は牝馬」の格言通りに好調な舞台巧者が軽ハンデで激走気配,https://news.yahoo.co.jp/articles/c630617f9058a0cb1025275fe943523e26e4d928,8/7(水) 6:30
umatokuh,馬トク報知,【関屋記念】キャリア２０戦で掲示板外１度の実力馬　サマーマイルＳ制しソウルラッシュと兄弟対決狙う,https://news.yahoo.co.jp/articles/ea3998e0e8d9d6719f1e269618abb057391d646b,8/7(水) 6:15
umatokuh,馬トク報知,女性騎手歴代４位４７勝の２３歳は競馬も推し活も全力！　福山雅治のアクリルスタンドを手にミス”ガリレオ”アスクとツーショット,https://news.yahoo.co.jp/articles/768f1273550778ada244bbec3ad5b899836d0301,8/7(水) 6:00
umatokuh,馬トク報知,兵庫競馬に復帰の小牧太騎手　騎乗を開始する園田競馬・お盆シリーズをＰＲ「盛り上がってくれたらいいな」,https://news.yahoo.co.jp/articles/1798e7d3bfede88fc0b3d3032bc92f5b2c50fe77,8/6(火) 16:42
umatokuh,馬トク報知,【関屋記念】トゥードジボン、重賞初制覇＆シリーズ王者へ順調　四位調教師「地力をつけている」,https://news.yahoo.co.jp/articles/0e36e185aabe910aa1a8ea41950979e9949c1612,8/6(火) 15:19
umatokuh,馬トク報知,【ＵＨＢ賞】大舞台を見据えてキミワクイーンが必勝態勢　奥村武調教師「ここで何とか賞金を加算したい」,https://news.yahoo.co.jp/articles/5be0953f0419f4f65818433fcf6b01bc0cf438d8,8/6(火) 15:04
umatokuh,馬トク報知,【小倉記念】前走で変わり身を見せたレッドランメルトが重賞初Ｖ狙う　国枝調教師「楽しみはある」,https://news.yahoo.co.jp/articles/0ec689f0fdfb87ee39e9447cf431254954075926,8/6(火) 14:39
umatokuh,馬トク報知,【ＰＯＧ】ブエナビスタの孫・エデルクローネが１０日の新潟でデビュー　手塚調教師「フィエールマン産駒の大将格になれる」,https://news.yahoo.co.jp/articles/3c8aab8bd05ca5357d24c4cb68c45efe0bb1c5ff,8/6(火) 14:33
umatokuh,馬トク報知,【関屋記念】パラレルヴィジョンは左回りも問題なし「特に回りでどうこうはない。乗りづらい馬でもない」,https://news.yahoo.co.jp/articles/8a330272cb58592cdee830ec79cbd05f170fb6b2,8/6(火) 14:23
umatokuh,馬トク報知,【ＵＨＢ賞】シュバルツカイザーは昨夏の札幌でオープン勝ち　陣営「コーナーで惰性をつけられる札幌は歓迎」,https://news.yahoo.co.jp/articles/a9f38085005ddb2447b0a5eeda9257928a2771cd,8/6(火) 13:54
umatokuh,馬トク報知,【関屋記念】オニャンコポンは函館で調整中　陣営「温泉効果か、駐立も良くなっている」マイル戦に期待,https://news.yahoo.co.jp/articles/bfdde91039e87626b84a05feb8ac05f5102c2f72,8/6(火) 13:48
umatokuh,馬トク報知,【小倉記念】長欠明け叩き２走目のヴェローナシチーはハンデ５４キロも魅力　佐々木調教師「今は脚元の不安も全くない」,https://news.yahoo.co.jp/articles/4fa03a5a245ab1c05b865acb83dabe35af6bea0a,8/6(火) 13:42
umatokuh,馬トク報知,【川崎のエース山崎・スマイル誠士】２戦無敗のフォースゲイト（４Ｒ）は上を目指せる素材,https://news.yahoo.co.jp/articles/7e83d1b8235346c81dd38fddc270ad523cba8f10,8/6(火) 13:30
umatokuh,馬トク報知,【関屋記念】コレペティトールがＧ３で反撃　中竹調教師「メンバー的に戦いやすくなると思う」,https://news.yahoo.co.jp/articles/1a397c2512b00ec18ab89695acd68c9fb911f5df,8/6(火) 12:56
umatokuh,馬トク報知,【注目馬動向】アリスヴェリテがＢＣフィリー＆メアターフ挑戦へ　マーメイドＳで重賞初制覇,https://news.yahoo.co.jp/articles/6d0bec7b85ff7ad9c53e264ec8f75e78d345035f,8/6(火) 11:04
umatokuh,馬トク報知,【関屋記念】アーリントンＣ制した３歳牡馬が古馬と初激突　重賞２勝目へ陣営「レースで力を出し切れれば楽しみ」,https://news.yahoo.co.jp/articles/58d9a8202445c5163e2f2bad82c3f8718cbf22f5,8/6(火) 7:00
umatokuh,馬トク報知,【小倉記念】メンバー唯一の３歳馬が古馬撃破で重賞初制覇へ　前走ラジオＮＩＫＫＥＩ賞２着に宗像調教師「手応えを感じました」,https://news.yahoo.co.jp/articles/9a620e88e6fccb237eadf19e9fbd6c3b7c5509a4,8/6(火) 6:30
umatokuh,馬トク報知,小倉記念を唯一連覇したメイショウカイドウは現在、滋賀県で余生　滋賀や京都のお祭りに年１５回「出演」する人気者,https://news.yahoo.co.jp/articles/4bc90566c674a8a04600381e216458249e49af38,8/6(火) 6:05
umatokuh,馬トク報知,古巣に帰還の小牧太騎手が報知新聞東京本社に来社　１４日から園田競馬「お盆シリーズ」で復帰「ワクワクしている」,https://news.yahoo.co.jp/articles/d131ada958f405c238a766f78cdd4fc2e9696a0b,8/5(月) 18:11
umatokuh,馬トク報知,【関屋記念】ロジリオンが初コンビの永野猛蔵騎手と巻き返し図る「楽しみをもって競馬にいけます」,https://news.yahoo.co.jp/articles/3893324a73c6f4ab1b27ff86dddd3f9d04c4cbee,8/5(月) 14:45
umatokuh,馬トク報知,【関屋記念・水納の特注馬】米子Ｓ２着のディオ　半兄ソウルラッシュに続く重賞Ｖへ期待,https://news.yahoo.co.jp/articles/7ab5ef9093b3ddba14d33e7bbb7a3b3e70974ac8,8/5(月) 14:15
umatokuh,馬トク報知,田口貫太騎手の“仏デビュー戦”は逃げて３着　７月末から約２か月の武者修行中,https://news.yahoo.co.jp/articles/4b9c1f855cb991e399384717100db532bbe8d5c4,8/5(月) 14:14
umatokuh,馬トク報知,【小倉記念】ファユエンが２勝を挙げる得意舞台で重賞初Ｖ狙う　勢司調教師「夏は強い」,https://news.yahoo.co.jp/articles/90d21d6faf93de1b310ae058a09e9c891970a15d,8/5(月) 14:08
umatokuh,馬トク報知,【川崎のエース山崎・スマイル誠士】自在性ありそうなミスケイト（３Ｒ）で好勝負を,https://news.yahoo.co.jp/articles/3dba32d14409b251c70bb7800ee284669c9579a2,8/5(月) 13:30
umatokuh,馬トク報知,【関屋記念】ジュンブロッサムが本格化の兆し　重賞初Ｖへ友道調教師「今の新潟の馬場も合う」,https://news.yahoo.co.jp/articles/0030e89fe1d569de2d2775bb562b5d13c009ad19,8/5(月) 13:08
umatokuh,馬トク報知,【小倉記念】コスタボニータが反撃態勢整える　杉山佳調教師「夏に弱いイメージもない」,https://news.yahoo.co.jp/articles/74d1e52d349b1df539b2f29366c46c54fe17ccf0,8/5(月) 13:03
umatokuh,馬トク報知,昨年の菊花賞馬ドゥレッツァ出走の英インターナショナルＳの馬券発売を発表,https://news.yahoo.co.jp/articles/d6ad2952738324c88aaac76c50d74df714f9cc29,8/5(月) 11:55
umatokuh,馬トク報知,【小倉記念展望】得意の左回りで前進があれば勝機十分のコスタボニータ,https://news.yahoo.co.jp/articles/e1e313645f04ec87dedde3973c47cb92389978e5,8/5(月) 11:53
umatokuh,馬トク報知,【小倉記念・山下の特注馬】ひと叩きしたヴェローナシチーが変身　重賞で好走した力を見せる,https://news.yahoo.co.jp/articles/2d4526d7b69b8a2f7b3e7338cdbc51aabd101b18,8/5(月) 11:40
umatokuh,馬トク報知,【関屋記念・松末の特注馬】スムーズな競馬さえできれば３歳の素質馬ロジリオンが反撃,https://news.yahoo.co.jp/articles/fd0a35446c3e5eba9e94c9840b0b800ff4c9f074,8/5(月) 11:20
umatokuh,馬トク報知,【小倉記念・浅子の特注馬】昨夏の中京開幕週は逃げ・先行馬が活躍　前で運びそうなシリウスコルトに期待,https://news.yahoo.co.jp/articles/49566f419560845a692d8d9001ca3e38458e4d50,8/5(月) 11:00
umatokuh,馬トク報知,【レパードＳ】レモンポップ筆頭の田中博康厩舎から新たな砂の新星誕生　戸崎圭太騎手「能力を持っている馬」,https://news.yahoo.co.jp/articles/050e5355f21fd8a01ec5f317207c5e45de1af224,8/5(月) 6:10
umatokuh,馬トク報知,横山和生「完璧」首差勝ち　ペイシャエスを１年９か月ぶりの白星、重賞３勝目に導く,https://news.yahoo.co.jp/articles/d3dfb1fe4995cb5746c4e487069b8c2cb431971e,8/5(月) 6:00
umatokuh,馬トク報知,【関屋記念展望】今年のアーリントンＣ覇者ディスペランツァが中心,https://news.yahoo.co.jp/articles/8cb2dee0e5213ae9a158611fbed58d960fcbe15a,8/4(日) 21:03
umatokuh,馬トク報知,暑熱対策を実施した新潟競馬　４日間の合計は入場人員、売り上げともに前年から大幅増加,https://news.yahoo.co.jp/articles/416899dcce8b88ce7dae9b9ffe9962c85e53e082,8/4(日) 19:38
umatokuh,馬トク報知,【ダリア賞】プリティディーヴァがルメール騎手も絶賛の差し切り「すごくいい脚で瞬発力を見せてくれました」,https://news.yahoo.co.jp/articles/ba0e0daf64deee3f2dd51faf42ba07e37fa2ee9b,8/4(日) 18:39
umatokuh,馬トク報知,インターナショナルＳ出走のドゥレッツァが英国に到着　陣営「いつもと変わらない様子」,https://news.yahoo.co.jp/articles/785d399a37defe29f0a3cbdc60043d2fe78ba5cf,8/4(日) 17:35
umatokuh,馬トク報知,【エルムＳ】２番人気ナチュラルハイは８着に沈む　永野猛蔵騎手「この相手との力関係を痛感」,https://news.yahoo.co.jp/articles/6596d1c25ae893935abc9c5ae89ce31abeb33fe4,8/4(日) 17:12
umatokuh,馬トク報知,【エルムＳ】１１番人気ヴィクティファルスが後方から６着浮上　池添謙一騎手「ここ２戦できなかったことができた」,https://news.yahoo.co.jp/articles/0ebbecbc88365bf0166686fd9b1d823f9bf67d65,8/4(日) 17:10
umatokuh,馬トク報知,【レパードＳ】坂井瑠星騎手「できる走りはしてくれました」こちらのミッキーも健闘　ミッキークレスト３着,https://news.yahoo.co.jp/articles/e08ae02dea085c8ad4e0592b053dd914a5395d6f,8/4(日) 17:10
umatokuh,馬トク報知,【レパードＳ】サンライズソレイユは見せ場つくれず１２着　ルメール騎手「スピードが足りなかった」,https://news.yahoo.co.jp/articles/d9bb9ac9862d2892a2baaedcf9b2f483fb14abe0,8/4(日) 16:58
umatokuh,馬トク報知,【レパードＳ】「暑さの影響としか考えられない」川田将雅騎手騎乗のソニックスターは失速して９着,https://news.yahoo.co.jp/articles/b9e7005f931e209546dd3f79adc272f57376f22f,8/4(日) 16:57
umatokuh,馬トク報知,【レパードＳ】リズム良く運んだハビレは５着　三浦皇成騎手「これだけ頑張ってくれたので、精神的にも良かった」,https://news.yahoo.co.jp/articles/e44a84276cf8a590deea00202e25d3d477149a0e,8/4(日) 16:53
umatokuh,馬トク報知,【レパードＳ】ジーサイクロンは伸び欠いて７着　Ｍデムーロ騎手「ブレーキをかけるような形に…」,https://news.yahoo.co.jp/articles/582fb2711a582154cc2cff94ae7c538fc0ff433e,8/4(日) 16:53
umatokuh,馬トク報知,【エルムＳ】逃げたミトノオーは重賞連勝ならず５着　松山弘平騎手「もうひと押しでしたね」,https://news.yahoo.co.jp/articles/ae70cbda300bdf43a08478b2bc96abd641313994,8/4(日) 16:49
umatokuh,馬トク報知,【レパードＳ】ドバイ遠征帰りのバロンドールが４着　松永幹調教師「調教よりも実戦に行って良かった」,https://news.yahoo.co.jp/articles/4f0fa8562b85e13943e4a38efdfb145c10dae727,8/4(日) 16:47
umatokuh,馬トク報知,【レパードＳ】１１番人気サトノフェニックスが粘りを発揮して２着　和田竜二騎手「馬も良くなっていた」,https://news.yahoo.co.jp/articles/fdea712f57d1cf5066ac497f55ccd8b1226d2529,8/4(日) 16:45
umatokuh,馬トク報知,【エルムＳ】ホッカイドウ競馬シルトプレが追い上げ４着　石川倭騎手「来年こそですね」,https://news.yahoo.co.jp/articles/1670fd0d6f57124858e17aca384f578cbcc2bf2c,8/4(日) 16:44
umatokuh,馬トク報知,【エルムＳ】１０番人気テーオードレフォン３着で３連単８万６７１０円　丸山元気騎手「それでもパーフェクトな競馬」,https://news.yahoo.co.jp/articles/36d5ef53fbfa3c1eaabdab7dd657ad66e8223663,8/4(日) 16:42
umatokuh,馬トク報知,【エルムＳ】ドゥラエレーデは２着惜敗　武豊騎手「やりたいことができた。さすがＧ１ホース」,https://news.yahoo.co.jp/articles/0de01259d9d769a66c35b2252668a6b8a34f8445,8/4(日) 16:36
umatokuh,馬トク報知,【レパードＳ】ミッキーファイトが４戦目で重賞初勝利　戸崎圭太騎手「もっと、もっと活躍してくれる馬」,https://news.yahoo.co.jp/articles/cbb7d572ac354022df7de2f126b2131ea200bdfc,8/4(日) 16:26
umatokuh,馬トク報知,【レパードＳ】ミッキーファイトがデビュー４戦目で重賞初勝利　戸崎圭太騎手は歴代最多を更新する３勝目,https://news.yahoo.co.jp/articles/88090f7fe11bc1a52ee501175869bc3b6a15eac0,8/4(日) 15:54
umatokuh,馬トク報知,【エルムＳ】テン乗り武豊騎手のドゥラエレーデは１番人気で小差２着に敗れる,https://news.yahoo.co.jp/articles/9288108c28a273fb2eeb637743e3f3dea3f8b38e,8/4(日) 15:44
umatokuh,馬トク報知,【エルムＳ】「本当に具合が良くて、自信を持って臨めた」横山和生騎手騎乗のペイシャエスが重賞３勝目,https://news.yahoo.co.jp/articles/50b9be8caef323133909db5a4888dc805132c786,8/4(日) 15:43
umatokuh,馬トク報知,松山弘平騎手が８月１７、１８日の騎乗停止　航空券購入手続きの錯誤で札幌入りが遅れ、騎手変更となったため,https://news.yahoo.co.jp/articles/54c01dae1415eebbae4e5f1901f9c89c4f6e9e24,8/4(日) 15:28
umatokuh,馬トク報知,日曜メインレースの注目激走馬…新潟７Ｒレパードステークス・Ｇ３,https://news.yahoo.co.jp/articles/73005b46d38ebbcb202f98d6c5d9d1349eeacf14,8/4(日) 14:32
umatokuh,馬トク報知,日曜札幌競馬場の注目激走馬…札幌１１Ｒエルムステークス・Ｇ３,https://news.yahoo.co.jp/articles/b0c93a736dd27e146e339203a750e244af57bf23,8/4(日) 13:29
umatokuh,馬トク報知,「２０２４ワールドオールスタージョッキーズ」出場の海外６騎手決定　モレイラ騎手らが来日予定,https://news.yahoo.co.jp/articles/16640273db863a43b6de7bca67c773654641ad8b,8/4(日) 13:16
umatokuh,馬トク報知,【札幌５Ｒ・２歳新馬】アルマヴェローチェが逃げ切りＶ　横山武史騎手「センスだけで勝ち上がってくれました」,https://news.yahoo.co.jp/articles/4bed2ee9fb165643cc69c03fae93e75d4484d1bf,8/4(日) 12:50
umatokuh,馬トク報知,札幌４Ｒで３連単２８８万円超の大波乱！ホッカイドウの名手・石川倭騎手が９番人気ソルアマゾンで演出,https://news.yahoo.co.jp/articles/9e88908499f36220d5cf2ffeb35f1119ee5c27fc,8/4(日) 12:21
umatokuh,馬トク報知,伊藤大士調教師が札幌３ＲのスプリングデイでＪＲＡ通算２００勝「全ての馬に感謝です」,https://news.yahoo.co.jp/articles/298a2f38f73eb154e5472f2eadeb39b3c4b3efdb,8/4(日) 12:11
umatokuh,馬トク報知,【新潟３Ｒ・２歳新馬】３億円ホースのジェゼロが最速末脚で差し切りＶ　須貝調教師「まずはひとつ勝った」,https://news.yahoo.co.jp/articles/73d4d81270dc32bfb69df469c07af14da1b98959,8/4(日) 11:30
umatokuh,馬トク報知,【新潟２Ｒ・２歳新馬】ロードカナロア産駒のダンツエランが初陣Ｖ　団野大成騎手「これからが楽しみ」,https://news.yahoo.co.jp/articles/440140786784c265cdeab912bb562f7b228789af,8/4(日) 10:38
umatokuh,馬トク報知,【札幌１Ｒ・２歳未勝利】単勝１・１倍のベルベルコンパスが５馬身差Ｖ　北村友一騎手「いい勝ちっぷり」,https://news.yahoo.co.jp/articles/1849fccc9d4d8d23eb22e71dcd0c9efc59a6c0b7,8/4(日) 10:31
umatokuh,馬トク報知,【新潟１Ｒ・２歳未勝利】２番人気コスモイシュタルが競り合い制す　松岡正海騎手「特に課題はないし、能力は高い」,https://news.yahoo.co.jp/articles/03df87f3c759338e70e4216e34c7c7005e4130d5,8/4(日) 10:07
umatokuh,馬トク報知,レパードＳもエルムＳも前日１番人気馬は要注意？「この感じ続きますよ」先週の重賞で本命的中のジャンポケ斉藤,https://news.yahoo.co.jp/articles/feab512915ad1f583aafa5a54077eaa5d9832c6b,8/4(日) 9:12
umatokuh,馬トク報知,松山弘平騎手が早朝に札幌への空路で移動できず一部乗り替わり…札幌７Ｒのカフェノワールは西村淳也騎手に,https://news.yahoo.co.jp/articles/16ecfc7e7e99beae3193b3459b5ddb4cb2277eea,8/4(日) 9:05
umatokuh,馬トク報知,「ウマ娘」藤田晋オーナーの外国産馬２頭が新潟新馬戦をともに快勝,https://news.yahoo.co.jp/articles/18565da342591a80b101f949f4429ac6a13f577d,8/4(日) 7:30
umatokuh,馬トク報知,【レパードＳ】１番人気は３戦２勝のミッキーファイトで２・２倍　もう１頭の「ミッキー」は６番人気　　前日最終オッズ,https://news.yahoo.co.jp/articles/81e605e76e7c4477b36ee9b901d644d9a35c1cd6,8/3(土) 20:19
umatokuh,馬トク報知,【エルムＳ】前日最終オッズは武豊騎手騎乗のドゥラエレーデなど２頭が３倍台で１、２番人気に,https://news.yahoo.co.jp/articles/09a5ce6b5c25c133356c490339cb1834d3e79835,8/3(土) 19:45
umatokuh,馬トク報知,【新潟１０Ｒ・３歳未勝利】１１番人気のハッピーデービーが初勝利　ルーキー大江原比呂騎手は３勝目,https://news.yahoo.co.jp/articles/333399cd7fa2611e5625221e98cf3aac67345aef,8/3(土) 17:58
umatokuh,馬トク報知,【新潟９Ｒ・３歳未勝利】河原田菜々騎手がタガノディガーを初勝利に導く　今年ＪＲＡ７勝目,https://news.yahoo.co.jp/articles/5c8744ce64c3680d0f664666ea665aa61a26f592,8/3(土) 17:26
umatokuh,馬トク報知,【札幌１２Ｒ・３歳上１勝クラス】斎藤新騎手が復帰後初勝利「チャンスをくれたオーナー、厩舎関係者に感謝」,https://news.yahoo.co.jp/articles/5c6b6ea559d43a39c163fa73531cd24bf4e0a239,8/3(土) 17:01
umatokuh,馬トク報知,【新潟７Ｒ・新潟日報賞】１１番人気のシンティレーションがＶ　トロヴァトーレの追撃を首差振り切る,https://news.yahoo.co.jp/articles/0707f16162dca4c68496430c7ef556a0a9c83640,8/3(土) 16:35
umatokuh,馬トク報知,【札幌日経ＯＰ】６番人気のショウナンバシットが強気の競馬で押し切る　佐々木大輔騎手「折り合いがすごく良くなって」,https://news.yahoo.co.jp/articles/adee3d7b2916302887510b18abc1165e83dfe7cc,8/3(土) 16:27
umatokuh,馬トク報知,【新潟６Ｒ・柳都Ｓ】２番人気ゴールドバランサーが制してオープンへ　田辺裕信騎手「期待通りに走ってくれました」,https://news.yahoo.co.jp/articles/219207fa591cb219b9338e2fcb802d6474e7076d,8/3(土) 15:38
umatokuh,馬トク報知,土曜メインレースの注目激走馬…札幌１１Ｒ札幌日経オープン（Ｌ）,https://news.yahoo.co.jp/articles/573f4d1ecc077c756a1b1798895669a3c31f2940,8/3(土) 14:23
umatokuh,馬トク報知,土曜新潟競馬場の注目激走馬…新潟７Ｒ新潟日報賞,https://news.yahoo.co.jp/articles/a4a08aac2e45393ba013e1a0086660e8b373967d,8/3(土) 13:27
umatokuh,馬トク報知,【札幌５Ｒ・２歳新馬】カワキタマナレアが３馬身半差で完勝　鮫島克駿騎手「本当に強かった」,https://news.yahoo.co.jp/articles/cc41d9ccca5b4648e12d0f2a8249aa51da821bb6,8/3(土) 12:56
umatokuh,馬トク報知,【新潟４Ｒ・２歳新馬】「ウマ娘」藤田晋オーナー所有のシンフォーエバーがＶ　戸崎圭太騎手「フットワークが良くて軽い走り」,https://news.yahoo.co.jp/articles/1033a1dfe9ffb923092f060d67d781db44440c7a,8/3(土) 12:22
umatokuh,馬トク報知,【新潟３Ｒ・２歳新馬】シンビリーブが５馬身差Ｖ　４ＲもシンフォーエバーＶで森秀厩舎＆藤田晋オーナーが新馬戦連勝,https://news.yahoo.co.jp/articles/3b34a782b0fc03563805349c7be9c27865b07b1e,8/3(土) 11:28
umatokuh,馬トク報知,【新潟２Ｒ・２歳未勝利】アルレッキーノが衝撃の７馬身ぶっちぎりＶ　ルメール騎手「楽勝でした」,https://news.yahoo.co.jp/articles/781c3a169a2939c596c9b8811846f7f5d2180e6e,8/3(土) 10:43
umatokuh,馬トク報知,【札幌１Ｒ・２歳未勝利】１番人気のソロモンがデビュー２戦目で初Ｖ　重賞６勝馬メイケイエールの全弟,https://news.yahoo.co.jp/articles/8c689131b6f7b61e8f8ce878cf52c3d492fa6859,8/3(土) 10:40
umatokuh,馬トク報知,騎乗停止の角田大河騎手の未定だった乗り替わりが発表　エルムＳのベルダーイメルは富田暁騎手,https://news.yahoo.co.jp/articles/3d97bd05c9172b1da8ac596f401acbb31a13505d,8/3(土) 10:21
umatokuh,馬トク報知,【新潟１Ｒ・２歳未勝利】１番人気セルヴァンスが差し返してＶ　坂井瑠星騎手「スピードを生かしてよく頑張ってくれました」,https://news.yahoo.co.jp/articles/84eaadc5487c72eb4c108b5b9146eceaf05ab2be,8/3(土) 10:12
umatokuh,馬トク報知,【エルムＳ】ナチュラルハイが永野猛蔵騎手を背にして入念に最終調整　「枠は絶好ですよね」,https://news.yahoo.co.jp/articles/c39abec09756ab9cdd3f26adc38dee799ac2f232,8/3(土) 8:42
umatokuh,馬トク報知,【エルムＳ】実力派のドゥラエレーデが直前で上昇ムード　陣営「動きは軽くなったと思います」,https://news.yahoo.co.jp/articles/01afde9699781fd5d9857f2fdcee310ae9688053,8/3(土) 8:16
umatokuh,馬トク報知,角田大河騎手、花火大会見るため函館競馬場に自動車で侵入し芝コースを損傷　松若風馬騎手は酒気帯び運転で物損事故　ともに騎乗停止,https://news.yahoo.co.jp/articles/adfdb52989caf42378c97f89393f8476582d5d41,8/3(土) 6:45
umatokuh,馬トク報知,函館競馬場・芝コースに自動車で侵入の角田大河騎手…理由は花火大会を見るため　騎乗停止で１４鞍乗り替わり,https://news.yahoo.co.jp/articles/0cbac0540bf7dd2927ad089ca9593cc576ffc504,8/2(金) 17:23
umatokuh,馬トク報知,【ＰＯＧ】白毛のゴージャスがゲート試験に合格　四位調教師「週末に動かしてみて」,https://news.yahoo.co.jp/articles/73603322787db7350f523f5cb89b5cd6be11cc95,8/2(金) 17:17
umatokuh,馬トク報知,松若風馬騎手は前夜にビール２杯、ハイボールとチューハイ…酒気帯び運転で物損事故も自ら通報し新潟９鞍乗り替わり,https://news.yahoo.co.jp/articles/5e35726007de8ad50e7bc99e0929ca2aa664e159,8/2(金) 17:07
umatokuh,馬トク報知,【ＰＯＧ】藤田晋オーナーのセイキュートは１８日に坂井瑠星騎手でデビュー予定　四位調教師「まずはマイルから」,https://news.yahoo.co.jp/articles/a214241a10afc2e7b3f1b15e748e8b319f0bcc18,8/2(金) 16:51
umatokuh,馬トク報知,角田大河騎手が騎乗停止　函館競馬場の馬場内を自動車で走行し、芝コースを損傷,https://news.yahoo.co.jp/articles/460d93b4b9b5da0834a2d4c78254aeef70bb4820,8/2(金) 16:10
umatokuh,馬トク報知,松若風馬騎手が飲酒運転で物損事故　今週末の新潟で９鞍が乗り替わり,https://news.yahoo.co.jp/articles/38107e5f7e4436a1ba067938fdd31574e70f41ae,8/2(金) 16:03
umatokuh,馬トク報知,【レパードＳ】２連勝中のメイショウフウドウは暑さを考慮して軽めの調整　陣営「これで十分」,https://news.yahoo.co.jp/articles/8f5108263205f6c66afe7bdaea19abc5301e79cd,8/2(金) 15:52
umatokuh,馬トク報知,【札幌日経オープン】当舞台２戦２勝のディナースタ充実　陣営「本格化した」,https://news.yahoo.co.jp/articles/985bb7a4c25ad156088619f13c4feeaaedef0133,8/2(金) 15:17
umatokuh,馬トク報知,【札幌日経オープン】アドマイヤビルゴ３戦ぶり武豊騎手騎乗　陣営「乗り慣れた騎手が乗ってくれるのはいい」,https://news.yahoo.co.jp/articles/dd673416ad83656283c30aec8c77d973e1383560,8/2(金) 15:11
umatokuh,馬トク報知,シャーガーＣに藤田菜七子騎手が２度目の出場　レイチェル・キング騎手が主将の世界選抜の一員,https://news.yahoo.co.jp/articles/3f3b3f37470a31e0b76d69dbb964a129ad8a7b0b,8/2(金) 13:38
umatokuh,馬トク報知,【園田・人気ジョッキーは語る】ブリリアドロ（１１Ｒ）に鴨宮祥行騎手「昇級しても」と自信あり,https://news.yahoo.co.jp/articles/e82dbd5ffb41060a7c7e3e1eb11ebac7ccddac4c,8/2(金) 13:00
umatokuh,馬トク報知,【札幌日経オープン】８歳馬サトノエルドールが不気味　陣営「１回使って良くなっています」,https://news.yahoo.co.jp/articles/a0a8c6e11f45296ffd6a9bee3b89c571beb33f2f,8/2(金) 11:22
umatokuh,馬トク報知,【エルムＳ】重賞３勝目狙うミトノオーは５枠７番　武豊騎乗の実績馬ドゥラエレーデは６枠１０番　枠順決定,https://news.yahoo.co.jp/articles/bfdf91f081919dbb3bf52ff20299cea89d3fb243,8/2(金) 10:38
umatokuh,馬トク報知,藤田菜七子騎手は新潟で土日計４鞍　“キッズ”の木馬体験を指導「将来この仕事に携わってくれれば」,https://news.yahoo.co.jp/articles/b8130cc74dfd40cfcf91797068f156843c498b52,8/2(金) 10:28
umatokuh,馬トク報知,【レパードＳ】連勝中のソニックスターは５枠８番　ミッキーファイトは１枠１番　枠順決定,https://news.yahoo.co.jp/articles/094ed6707b06f75f2e36b84e85632dcd3db6848f,8/2(金) 10:23
umatokuh,馬トク報知,【エルムＳ】巻き返しを期すヴィクティファルスが札幌へ移動して調整　陣営「やれる能力はありそう」,https://news.yahoo.co.jp/articles/a1fe63213f30b1ceca923474e3365af2296659fb,8/2(金) 9:49
umatokuh,馬トク報知,「集中力が…」「暇」新潟競馬の長い昼休みに騎手戸惑い、今週も実施,https://news.yahoo.co.jp/articles/848e0ff2d7dded081febef395bbaf11a4ef12e2f,8/2(金) 7:00
umatokuh,馬トク報知,【ＰＯＧ】落札価格３億円の超良血馬ジェゼロが４日新潟でデビュー、１８年マイルＣＳ馬ステルヴィオの弟,https://news.yahoo.co.jp/articles/9788e452641c65a94a0ee7483ba9a59643ce73bb,8/2(金) 7:00
umatokuh,馬トク報知,【レパードＳ】野中「穴」太郎アラレタバシルで重賞初制覇だ、菜七子の“兄貴分”,https://news.yahoo.co.jp/articles/b5d8b76667e5d7da74d990e1f1733ce231ab57ae,8/2(金) 7:00
umatokuh,馬トク報知,「負けん気強い女の子」永島まなみ騎手が愛馬とほんわかショット,https://news.yahoo.co.jp/articles/84b28b90cf0990646779fd42d2d76572d154f41b,8/2(金) 7:00
umatokuh,馬トク報知,ミシェルがＪＲＡ騎手試験３度目の受験、１０月からは日本で４年ぶり騎乗へ,https://news.yahoo.co.jp/articles/59728565b8ceedeb47131e8d77d9657064618bae,8/2(金) 5:00
umatokuh,馬トク報知,【注目馬動向】アイビスＳＤ２着のウイングレイテストはスプリンターズＳ直行　松岡正海騎手とコンビ継続,https://news.yahoo.co.jp/articles/7b7820d13a65a3961958751a59cc08b0ca323b07,8/1(木) 19:49
umatokuh,馬トク報知,２０年ぶりに地方競馬に復帰した小牧太騎手「覚悟を持って臨む」園田競馬場で会見,https://news.yahoo.co.jp/articles/8a52e285465f59d4d14ec29889fc410e8db98c0f,8/1(木) 18:02
umatokuh,馬トク報知,総合馬術団体で銅メダルに大岩義明選手「やっとたどり着くことができました」最年長４８歳の願いとは,https://news.yahoo.co.jp/articles/81756d8a52152ff478810f23871fb33763b7dcf3,8/1(木) 16:00
umatokuh,馬トク報知,【ＰＯＧ】母と姉が交流重賞勝ち馬のレイナデアルシーラはかなりの逸材　西園正調教師「潜在能力はすごい」,https://news.yahoo.co.jp/articles/f2e89eebc4d604e5e5e3d0f0509d51ea1c6e12d8,8/1(木) 15:58
umatokuh,馬トク報知,【ＰＯＧ】アイルランド産馬のキングマン産駒クランドゥイユが坂井瑠星騎手でデビュー,https://news.yahoo.co.jp/articles/07d70ddce68d00afdab4e868178ac3dcfdb510ca,8/1(木) 15:14
umatokuh,馬トク報知,【ＰＯＧ】ロードカナロア産駒ダンツエランが新馬Ｖを狙う　本田調教師も団野大成騎手も「初戦から楽しみ」,https://news.yahoo.co.jp/articles/73c861feff8dda2e360616206841ee49bff873d3,8/1(木) 15:08
umatokuh,馬トク報知,【ＰＯＧ】武幸四郎厩舎の血統馬２頭　キズナ産駒とサートゥルナーリア産駒が札幌競馬場でゲート試験に合格,https://news.yahoo.co.jp/articles/7941b9ad59d79bd7de7e62680286da9b48f5b06c,8/1(木) 14:48
umatokuh,馬トク報知,【ＰＯＧ】経験馬相手に互角の動きを見せるトレヴィ　８・４新潟初陣へ陣営「粗削りだけど前向き」,https://news.yahoo.co.jp/articles/ce99e1f855c759fa390a3aa8a9ef0335fb0e3fb1,8/1(木) 14:30
umatokuh,馬トク報知,【ＰＯＧ】母は米Ｇ１馬　リアンベーレが好仕上がりで初陣へ　陣営「今から活躍してくれたら期待は大きい」,https://news.yahoo.co.jp/articles/c714bf6d3f19249a339a7a4497db3282b9d06bd3,8/1(木) 14:08
umatokuh,馬トク報知,【小倉記念】コスタボニータが初タッグ坂井瑠星騎手背に鋭伸　杉山佳調教師「感触をつかんでくれた」,https://news.yahoo.co.jp/articles/aa96df64e58347438ff04b9d546175e14c118332,8/1(木) 13:56
umatokuh,馬トク報知,【注目馬動向】アイビスＳＤ３着テイエムスパーダはセントウルＳへ　昨年に続く連覇を狙う,https://news.yahoo.co.jp/articles/fb6fcab3f72f3a7d6a948e49d6e3a57997765111,8/1(木) 12:24
umatokuh,馬トク報知,【関屋記念】ロジリオンが１週前追いでラスト１ハロン１１秒５　初コンタクトの永野猛蔵騎手が好感触,https://news.yahoo.co.jp/articles/04c190db1b4a16734bcdffff97994e04362e09f3,8/1(木) 12:23
umatokuh,馬トク報知,【園田・人気ジョッキーは語る】クリノカイザー（１１Ｒ）でメイン制覇狙う笹田知宏騎手「展開ひとつだと思う」,https://news.yahoo.co.jp/articles/2d6daf7e21fdfa3729fc2e330d3f90c4fab2da0f,8/1(木) 11:50
umatokuh,馬トク報知,さらば「ＪＲＡ騎手・小牧太」！栗東でラスト調教「スタンドで皆にあいさつに行こうかと思ったけど、泣いたらアカンと思って」,https://news.yahoo.co.jp/articles/7639aae0561bf0399492d64558b8a54cdb6f7ead,8/1(木) 7:00
umatokuh,馬トク報知,【レパードＳ】レモンポップなど抱える田中博厩舎の素質馬が豪快ラスト１１秒６　指揮官も「これからの馬ですが、能力は高い」,https://news.yahoo.co.jp/articles/80d81607a742697c2730b4ee095390820d8c0b7d,8/1(木) 6:30
umatokuh,馬トク報知,【エルムＳ】永野猛蔵騎手と人馬重賞初制覇へ、力みないナチュラルな動き　鞍上も「しっかりと手前を替えて楽に動けていた」,https://news.yahoo.co.jp/articles/0e005f52eba3cc3c6038eeb772761217e50655ab,8/1(木) 6:05
umatokuh,馬トク報知,武豊騎手＆坂井瑠星騎手が秋の米ブリーダーズＣ挑戦に意欲　大井競馬場でトークショー,https://news.yahoo.co.jp/articles/76580cd46faca4779a5bb736710b0560f9e21e8e,7/31(水) 20:48
umatokuh,馬トク報知,【注目馬動向】アーモンドアイの初子アロンズロッドが８・１１デビューを見送り　歩様に力感欠け放牧へ,https://news.yahoo.co.jp/articles/d160fcd7061b8abdc61feb607b13e60206c751bf,7/31(水) 19:04
umatokuh,馬トク報知,【レパードＳ】ミッキークレストは爪の不安なく万全の状態　大久保調教師「気合が乗っている」,https://news.yahoo.co.jp/articles/3fee98906cf589b4c941169cecabfca3efa96394,7/31(水) 16:54
umatokuh,馬トク報知,【注目馬動向】今年の福島牝馬Ｓ３着のウインピクシスが競走能力喪失で引退して繁殖入り,https://news.yahoo.co.jp/articles/a88a5a6818060dd948e57190c83c9ed550fb6621,7/31(水) 16:09
umatokuh,馬トク報知,【札幌記念】シャフリヤールが２週前追い切り　陣営「ちょうどいいぐらい。来週からびしっとやります」,https://news.yahoo.co.jp/articles/ac285993a0ade3fc87522e2126c40b7808108896,7/31(水) 14:25
umatokuh,馬トク報知,【ＪＲＡ】美浦トレセンで中学生が馬のお仕事体験　小島調教師「楽しみながら知ってもらえれば」,https://news.yahoo.co.jp/articles/754c7479443456b8d433fefd611f8b0bfd4bed8a,7/31(水) 14:06
umatokuh,馬トク報知,【エルムＳ】プロミストウォリアはソフトな最終追いも予定通り　野中調教師「しっかり乗り込んできた。底力に期待」,https://news.yahoo.co.jp/articles/8c4936f76d8476b4a12fb894daaa53b19339aac7,7/31(水) 13:53
umatokuh,馬トク報知,【注目馬動向】永島まなみ騎手が名付け親のスリールミニョンは新潟２歳Ｓで重賞初Ｖ狙う,https://news.yahoo.co.jp/articles/ba87cf44ce1b7dae758a59b6e538735b20dab546,7/31(水) 13:47
umatokuh,馬トク報知,【エルムＳ】大沼Ｓ５着のフルムはＷコースで軽快　水口優也騎手「キレがあって、すごくよく感じた」,https://news.yahoo.co.jp/articles/500d8972df79bbcae7933b4fa1cb45778a2b90cc,7/31(水) 13:06
umatokuh,馬トク報知,古巣の兵庫競馬へ移籍の小牧太騎手がＪＲＡ騎手としては最後の調教騎乗　中央での２１年は「早かったですね」,https://news.yahoo.co.jp/articles/5509e9618ff40e82775e8397c4645c9a417053ac,7/31(水) 13:05
umatokuh,馬トク報知,【レパードＳ】成長著しいジーサイクロンがＶ４狙う　陣営「折り合いもいいので、しっかり伸びてくれる」,https://news.yahoo.co.jp/articles/e950f0fb3d428261eeda5740503efd236a5ad02b,7/31(水) 13:04
umatokuh,馬トク報知,【注目馬動向】凱旋門賞参戦予定のシンエンペラーが栗東で馬場入りを再開　陣営「元気はありますね」,https://news.yahoo.co.jp/articles/8523ef8b120f361a107a7c12f8dbf9485652bdad,7/31(水) 13:02
umatokuh,馬トク報知,【ＰＯＧ】今週デビューのセレクト３億円馬ジェゼロが追走先着　須貝調教師「十分な動きですね」,https://news.yahoo.co.jp/articles/e0202d0581f6a0aaeff510e6740967c28b1dee66,7/31(水) 12:48
umatokuh,馬トク報知,【エルムＳ】ドゥラエレーデはパワフルな脚取り　陣営「走りも、前に沈むようになってきた」,https://news.yahoo.co.jp/articles/25824dc5002181a3923ad1966b55e4732f95bc89,7/31(水) 12:45
umatokuh,馬トク報知,【注目馬動向】中京記念を勝ったアルナシームは引き続き横山典弘騎手で富士Ｓへ　その後はマイルＣＳも視野に,https://news.yahoo.co.jp/articles/eac0b33b262aee183caaf8eee7f4bcdc31c05046,7/31(水) 12:38
umatokuh,馬トク報知,【レパードＳ】ブルーサンは坂路で軽快な動き　陣営「大人の体つきになってきた」今年７戦目も状態不安なし,https://news.yahoo.co.jp/articles/60467ca3cf18ab863c68ca54b4179663802a4c0f,7/31(水) 12:11
umatokuh,馬トク報知,【エルムＳ】重賞連勝を狙うミトノオーがきっちりと併入　牧調教師「いい動きでした」仕上がりは順調,https://news.yahoo.co.jp/articles/9ef8a5d9abf67556a21650ecb1efb8922612f7a7,7/31(水) 11:56
umatokuh,馬トク報知,【エルムＳ】連勝を狙うナチュラルハイは永野猛蔵騎手が好感触「変に力まず、楽に動けていました」,https://news.yahoo.co.jp/articles/f45e68151b7846066a4de182215d23b14d2bd3c4,7/31(水) 11:49
umatokuh,馬トク報知,【エルムＳ】ペイシャエスが横山和生騎手を背にしてきっちり先着「札幌のコース形態に悪いイメージはない」,https://news.yahoo.co.jp/articles/f87b4cba8dc2514173c1d1b5883654f426d1a472,7/31(水) 11:45
umatokuh,馬トク報知,【レパードＳ】アラレタバシルはラスト１ハロン１２秒０　根本調教師「中身が締まってきた」,https://news.yahoo.co.jp/articles/dfaa450343f9c29c8883ce0406cc3355e9dfcf86,7/31(水) 11:40
umatokuh,馬トク報知,右鎖骨骨折で手術を受けていた斎藤新騎手が今週の札幌から実戦復帰「何の違和感もなく大丈夫です」,https://news.yahoo.co.jp/articles/40445607e3ff5874fd9e524fc889f9f557d6c670,7/31(水) 11:33
umatokuh,馬トク報知,【園田・人気ジョッキーは語る】下原理騎手「展開が向いてほしい」プッシュユアセルフ（１１Ｒ）は昇級戦でも好勝負に,https://news.yahoo.co.jp/articles/25abc77ee97bbffa6f9401101faeddb98384af96,7/31(水) 11:30
umatokuh,馬トク報知,【レパードＳ】ミッキーファイトはラスト１１秒６　田中博調教師「馬具なりシチュエーションなりを考えて」力み修正,https://news.yahoo.co.jp/articles/a5d09253267e58a630a881ae531c2ba033b1c870,7/31(水) 11:26
umatokuh,馬トク報知,【こちら日高支局です・古谷剛彦】売り上げはレコード更新　セレクションセール初の３日間開催で出た課題とは,https://news.yahoo.co.jp/articles/0af6722ca49f5a19b7c0bd66219fc6e1b09f611b,7/31(水) 11:10
umatokuh,馬トク報知,【レパードＳ】底力は世代トップクラス「キャンターでも前進気勢がでている」アラレタバシル反撃態勢整った,https://news.yahoo.co.jp/articles/4d577b8be4dfe63572f6c8cf9ce07135b5ecfe21,7/31(水) 6:30
umatokuh,馬トク報知,競馬一家出身のルーキー大江原比呂騎手の素顔　体操選手目指した幼少期、マイブームは同期と行くボウリングとダーツ,https://news.yahoo.co.jp/articles/cb3fdd368b2871db6cf8e411c9dd52f1cb1a0b54,7/31(水) 6:00
umatokuh,馬トク報知,小牧加矢太騎手も総合馬術団体の銅メダル獲得を喜ぶ「これからもっと馬術界が盛り上がってくれたら」,https://news.yahoo.co.jp/articles/ff646e2b1ca6b9f3e9aa8c879699072a1e01ef0f,7/30(火) 15:53
umatokuh,馬トク報知,【エルムＳ】ヴィクティファルスは滞在効果で巻き返す　陣営「落ち着いています。変わってくれたら」,https://news.yahoo.co.jp/articles/015a86bc307b1b84a1fdd9f265c92a9f94e44e6a,7/30(火) 15:30
umatokuh,馬トク報知,【エルムＳ】重賞初制覇狙うユティタムは暑さ対策万全　陣営「もっと上で走ってほしい馬」,https://news.yahoo.co.jp/articles/94d06861f834c3f599cbd125d2cf7812bdd991ac,7/30(火) 15:29
umatokuh,馬トク報知,【エルムＳ】プロミストウォリアが１年１か月ぶりの復帰戦へ　陣営「いいときの感じにもなった」,https://news.yahoo.co.jp/articles/e9bf37baa7ada70a5ba221ce6b786a7d78f30274,7/30(火) 15:03
umatokuh,馬トク報知,【注目馬動向】クイーンＳ２着のボンドガールは秋華賞トライアルへ,https://news.yahoo.co.jp/articles/bb6675138cb1455b6bd75b3aecba749517bac0e4,7/30(火) 13:50
umatokuh,馬トク報知,【レパードＳ】逃げればしぶといブルーサン　陣営「同じ世代同士のレースなら」,https://news.yahoo.co.jp/articles/61c7ab980a6af9163faeb28873ed74de813e425d,7/30(火) 13:45
umatokuh,馬トク報知,【エルムＳ】平安Ｓに続き重賞連勝を狙うミトノオーは初の札幌も問題なし　牧調教師「苦にしないと思う」,https://news.yahoo.co.jp/articles/4e61dec6a3a9714161c2de8d50daeddb7967bd06,7/30(火) 13:32
umatokuh,馬トク報知,【レパードＳ】きっかけをつかみたいノットイナフ　浜田調教師「展開の助けがほしいですね」,https://news.yahoo.co.jp/articles/80c31df467a9a4f8e0193fe239ca43167f7fb54a,7/30(火) 13:31
umatokuh,馬トク報知,【レパードＳ】成長が見込めるサトノフェニックス　西園正調教師「海外に選ばれた馬。いい結果を出したい」,https://news.yahoo.co.jp/articles/62080aa36107fae881f6a712073eed79101a37ff,7/30(火) 13:30
umatokuh,馬トク報知,総合馬術団体で日本の銅メダル獲得に美浦トレセンも祝福ムード　尾形調教師は大岩義明と大学時代の同期,https://news.yahoo.co.jp/articles/ee070d6f5a416bfe1a177dadc646ec7991bb40cf,7/30(火) 13:07
umatokuh,馬トク報知,【レパードＳ】入念にゲート練習を消化したバロンドール　国内復帰初戦に松永幹調教師「良くなって戻ってきた」,https://news.yahoo.co.jp/articles/8e18763c2ecbabfd56f58e1c9b4c61d4f816c5eb,7/30(火) 13:06
umatokuh,馬トク報知,【レパードＳ】ミッキーファイトは坂路をパワフルに登坂　田中博調教師「体が少し厚くなった感じがします」,https://news.yahoo.co.jp/articles/505d6e1a04358b3b4e4a05e1f0acdb5b53a60c2d,7/30(火) 12:06
umatokuh,馬トク報知,地方通算５１０６勝の岡部誠騎手が６件の不適切行為で処分　合計開催８日の騎乗停止,https://news.yahoo.co.jp/articles/e4e47624945fb200e8a027245aa7f43b79dead16,7/30(火) 12:06
umatokuh,馬トク報知,武豊騎手が「イメージを変えた」と話した札幌芝コース　週中の気温、天気は要チェックだ,https://news.yahoo.co.jp/articles/43d4166c4cef5f2bb25de3f6ed297b86881d918a,7/30(火) 12:00
umatokuh,馬トク報知,「厳しくもありますが、優しい先生」森一馬騎手がパリ五輪総合馬術団体で銅メダル獲得の恩師を祝福,https://news.yahoo.co.jp/articles/a35c58875493d657376b6ea31ecbdc58d8aaf2de,7/30(火) 11:53
umatokuh,馬トク報知,【注目馬動向】クイーンＳ１２着のモリアーナは府中牝馬Ｓで反撃へ,https://news.yahoo.co.jp/articles/b68a7db0cead45f457b88b601ef9ad5a0fdac9e7,7/30(火) 11:53
umatokuh,馬トク報知,【注目馬動向】クイーンＳを勝ったコガネノソラは秋華賞に直行　菊沢調教師「だんだんと体が成長してきている」,https://news.yahoo.co.jp/articles/13b2d4a736d33c1cf6005793ebd46d25e36710e8,7/30(火) 11:36
umatokuh,馬トク報知,【注目馬動向】アイビスＳＤを勝ったモズメイメイはセントウルＳからスプリンターズＳへ　鞍上は引き続き国分恭介騎手,https://news.yahoo.co.jp/articles/f4a972e6722803c1298322339ed664e5cb9902f3,7/30(火) 11:32
umatokuh,馬トク報知,菱田裕二騎手が担当教官の快挙に感動　パリ五輪総合馬術団体で銅メダル「今回も応援していますとＬＩＮＥして…」,https://news.yahoo.co.jp/articles/24c8f3ed9118e8fcae1920706ee23ff156c9476e,7/30(火) 10:03
umatokuh,馬トク報知,【エルムＳ】芝も！ダートも！池添厩舎２頭で二刀流を究める―,https://news.yahoo.co.jp/articles/532ae342c71e4528e238fca19896422512932163,7/30(火) 6:30
umatokuh,馬トク報知,１０年ジャパンＣで２位入線から繰り上がりＶのあの馬の余生は…”ヴェルサイユのばら”,https://news.yahoo.co.jp/articles/8feb18cf5e851cda91acae93a193d0d4fe624953,7/30(火) 6:00
umatokuh,馬トク報知,【エルムＳ】重賞初Ｖ目指すサヴァは涼しい函館で好仕上がり　陣営「暑さにこたえている様子はない」,https://news.yahoo.co.jp/articles/654bc31b0f3620697fdf100557c50a544bfd346f,7/29(月) 14:14
umatokuh,馬トク報知,【エルムＳ】近２走２桁着順のヴィクティファルスが巻き返しへ　陣営「やれる能力はある」,https://news.yahoo.co.jp/articles/91f2fee3b527435d9a672fb5edbaecbcdf215e37,7/29(月) 14:11
umatokuh,馬トク報知,【レパードＳ】じっくりと立て直したサトノフェニックス　西園正調教師「掛かる馬じゃないから（距離は）こなせる」,https://news.yahoo.co.jp/articles/e3f8530f107947fed78bc234ca852a76ac3eb5c5,7/29(月) 14:00
umatokuh,馬トク報知,【エルムＳ】芝Ｇ１馬ドゥラエレーデ、武豊騎手とダート重賞初Ｖ目指す　陣営「結果は出したい」,https://news.yahoo.co.jp/articles/2fcf55f743402e25b2993d6f8fc7ad7b2825a04e,7/29(月) 13:47
umatokuh,馬トク報知,【レパードＳ】４連勝を目指すジーサイクロン　吉岡調教師「だいぶ収まって落ち着きが出てきました」,https://news.yahoo.co.jp/articles/6692b2e1f43a91be68f114a4f00eb672942879f5,7/29(月) 13:07
umatokuh,馬トク報知,【レパードＳ】アラレタバシルは抜群の気配　根本調教師「ひと追いごとに良くなっている」,https://news.yahoo.co.jp/articles/f56476b38390c314b2823732d6a874bcd5ba365e,7/29(月) 12:30
umatokuh,馬トク報知,【レパードＳ】ミッキーファイトは反撃へ虎視たんたん　田中博調教師「あの着順がこの馬の能力ではないです」,https://news.yahoo.co.jp/articles/514835423dde6880379eb497a9bf34e77063d3bb,7/29(月) 12:29
umatokuh,馬トク報知,【レパードＳ・西山の特注馬】まだ底をみせていないソニックスターが有力,https://news.yahoo.co.jp/articles/947dbd6c7f70242bea0c4efcc6e9ba768337ccfb,7/29(月) 12:05
umatokuh,馬トク報知,【レパードＳ・イシゴーの特注馬】砂１８００メートル連対率１０割　アラレタバシル面白い,https://news.yahoo.co.jp/articles/b56a52d17dd2d0b7fedb7f7f35ea64df96ef7456,7/29(月) 11:55
umatokuh,馬トク報知,【エルムステークス展望】ここに向け態勢を整えてきたプロミストウォリアが中心,https://news.yahoo.co.jp/articles/76ff76e811966dbd11f810c84758fc4cfeca2e80,7/29(月) 11:53
umatokuh,馬トク報知,【レパードＳ・ヤマタケの特注馬】古馬相手に厳しい展開の前走は度外視　ブルーサンが先行有利の新潟で復活する,https://news.yahoo.co.jp/articles/138a7a4535ae5868debf6697154608ef16772bb7,7/29(月) 11:45
umatokuh,馬トク報知,【エルムＳ・角田の特注馬】札幌ダートは先行天国！　ミトノオーの押し切りが濃厚だ,https://news.yahoo.co.jp/articles/361c07d6e5415f799cbb9e6d2b50d4c9d752b16d,7/29(月) 11:40
umatokuh,馬トク報知,【エルムＳ・水納の特注馬】テーオードレフォンが北海道３戦目で上昇気配　陣営「今回はいいと思う」,https://news.yahoo.co.jp/articles/6c19dd157842f4e13d57e8ba1fc29c74017c1413,7/29(月) 11:35
umatokuh,馬トク報知,【エルムＳ】オープン初勝利から連勝を狙うナチュラルハイがさらに上昇ムード　永野猛蔵騎手「むしろ良くなっている」,https://news.yahoo.co.jp/articles/8e76498af8faeefe26d74221ed1f27f27ee51f78,7/29(月) 9:27
umatokuh,馬トク報知,【アイビスＳＤ】モズメイメイＶ音無師“最後の夏”サンアディユ再現だ,https://news.yahoo.co.jp/articles/2c8e46f4de941787aed8ec04ce074697cf01645d,7/29(月) 7:00
umatokuh,馬トク報知,【クイーンＳ】４年ぶり５１キロの丹内祐次騎手とコガネノソラが逆襲Ｖ　牝馬３冠ラストの秋華賞に名乗り,https://news.yahoo.co.jp/articles/295c735cd27febdd84d2435872e3fb1304b042e4,7/29(月) 6:00
umatokuh,馬トク報知,【レパードステークス展望】前走のユニコーンステークスで３着のミッキーファイトが中心,https://news.yahoo.co.jp/articles/c7ebab8ba3a01e134f0d27cf988828ece6c14d8a,7/28(日) 21:25
umatokuh,馬トク報知,大井の笹川翼騎手が地元新潟でＪＲＡ初勝利　１２Ｒで達成に「遅くまで残っていただいて、ありがとうございます」,https://news.yahoo.co.jp/articles/7d0803a06ccc534acfd0eddfef97547223436a70,7/28(日) 19:06
umatokuh,馬トク報知,【アイビスＳＤ】松岡正海騎手が開催１日の騎乗停止　２着ウイングレイテストの騎乗でムチの過剰使用,https://news.yahoo.co.jp/articles/b7b4d83a4523a2c4b35cad0ea82f9099c60d184d,7/28(日) 17:47
umatokuh,馬トク報知,【クイーンＳ】見上愛が表彰式プレゼンター「初めての札幌競馬場がすてきな思い出になりました」,https://news.yahoo.co.jp/articles/168ce45292ffabc9b9b0ea2125789f84987530ee,7/28(日) 17:29
umatokuh,馬トク報知,【アイビスＳＤ】ファイアダンサーは失速して１６着　戸崎圭太騎手「早々に手応えがなくなってしまい…」,https://news.yahoo.co.jp/articles/c00ff8ee3b1c15bf104a1be874bdc2af2f20aebd,7/28(日) 17:13
umatokuh,馬トク報知,【アイビスＳＤ】結婚発表後の初重賞　マウンテンムスメの１１着に藤田菜七子騎手「最後はいっぱいになって…」,https://news.yahoo.co.jp/articles/c1018d0be8f9b4bb3a991b0ca0ffd10d43ab58a6,7/28(日) 17:08
umatokuh,馬トク報知,【アイビスＳＤ】２０キロ増の１番人気チェイスザドリームは９着　坂井瑠星騎手「最後は止まってしまった」,https://news.yahoo.co.jp/articles/a7795696c953fea734e8b08f06123f69bd79b202,7/28(日) 17:02
umatokuh,馬トク報知,【アイビスＳＤ】ディヴィナシオンはしぶとく伸びるも４着　松山弘平騎手「思った以上に勝ち馬が切れました」,https://news.yahoo.co.jp/articles/7a981715d73e56adc7c5e00bb7e1d8773b9f31c4,7/28(日) 16:59
umatokuh,馬トク報知,【クイーンＳ】伸び欠いて１番人気ウンブライル１０着　ルメール騎手も残念「広いワンターンの方が」,https://news.yahoo.co.jp/articles/5b45d47583a4d13e0798c89b2ca2ba746120bdcc,7/28(日) 16:56
umatokuh,馬トク報知,【クイーンＳ】最後に脚いろにぶりスタニングローズ６着　北村友一騎手「斤量差があったかな」,https://news.yahoo.co.jp/articles/5a820bbc61940fcc891f7b5a9d248c80dfdfd62e,7/28(日) 16:54
umatokuh,馬トク報知,【アイビスＳＤ】８番人気のテイエムスパーダが初直千で３着　酒井学騎手「いい状態に仕上げてくれた」,https://news.yahoo.co.jp/articles/640d9b58fc3688a94538b503c2c4299d900ccb26,7/28(日) 16:54
umatokuh,馬トク報知,【アイビスＳＤ】５９キロのウイングレイテストが首差２着　松岡正海騎手「勝ちたかったけど結果だけが残念」,https://news.yahoo.co.jp/articles/c3bc0c53151617c22c9305c4217a6d3b77d12a35,7/28(日) 16:52
umatokuh,馬トク報知,【クイーンＳ】逃げ粘るコンクシェル５着　横山武史騎手「あともうちょっとでした」,https://news.yahoo.co.jp/articles/20d912008422b6f9627a5b8d0c1b5b98ba0de1d9,7/28(日) 16:49
umatokuh,馬トク報知,【クイーンＳ】大外回して伸びるもドゥアイズ４着　直線逆手前が鮫島克駿騎手「もったいなかった」,https://news.yahoo.co.jp/articles/7f60fc89956cbe371e453961ef89976f79f3a2ac,7/28(日) 16:47
umatokuh,馬トク報知,【クイーンＳ】藤岡佑介騎手「勝てるポジションを取った」重賞初挑戦のアルジーヌあと一歩３着,https://news.yahoo.co.jp/articles/ddc6c682e33a88b4c2743339d46a0e0b343a5865,7/28(日) 16:45
umatokuh,馬トク報知,【クイーンＳ】直線豪脚ボンドガール頭差２着　武豊騎手“５１キロ”実らずも「あと２歩ぐらい」,https://news.yahoo.co.jp/articles/416b1c2a1d12fa7d67ed13485d1b704637fc9f4e,7/28(日) 16:41
umatokuh,馬トク報知,【アイビスＳＤ】モズメイメイがゴール前の激戦制して重賞３勝目　国分恭介騎手「結果を出せて本当に幸せ」,https://news.yahoo.co.jp/articles/663ccbe153ea44b76bbbb2f564ffcdeb1c21cb97,7/28(日) 16:29
umatokuh,馬トク報知,【クイーンＳ】今年も３歳馬！見た目以上に走るコガネノソラ重賞初制覇　丹内祐次騎手「自信がありました」,https://news.yahoo.co.jp/articles/78b8fd2ac0d05451c967ebe2135d19c534e15b03,7/28(日) 16:12
umatokuh,馬トク報知,【アイビスＳＤ】モズメイメイが重賞３勝目　５年連続で牝馬がＶ,https://news.yahoo.co.jp/articles/e598a9e11f52b6253d600c525401780f50087c36,7/28(日) 15:54
umatokuh,馬トク報知,【クイーンＳ】ボンドガール２着で初重賞制覇ならず　重賞１１年ぶり“５１キロ”武豊騎手の執念実らず,https://news.yahoo.co.jp/articles/952de54bb16391cea3bdba395930edb5a4c00ea6,7/28(日) 15:46
umatokuh,馬トク報知,【クイーンＳ】コガネノソラ重賞初制覇　２年連続３歳馬Ｖ,https://news.yahoo.co.jp/articles/4974ce288fce6ab16ea890125d6bdc53b446a64e,7/28(日) 15:45
umatokuh,馬トク報知,日曜メインレースの注目激走馬…新潟７Ｒアイビスサマーダッシュ・Ｇ３,https://news.yahoo.co.jp/articles/45ca8f80ad60d922daf1213a9932ceabcf75c93a,7/28(日) 14:23
umatokuh,馬トク報知,日曜札幌競馬場の注目激走馬…札幌１１Ｒクイーンステークス・Ｇ３,https://news.yahoo.co.jp/articles/766fd9fa8802dac4ec7011c06ca08ac6623f18db,7/28(日) 13:52
umatokuh,馬トク報知,【注目馬動向】レガレイラの秋初戦はローズＳに決定　登録している凱旋門賞は見送る方向,https://news.yahoo.co.jp/articles/1fff7720a8892c256f16fd6adeaf4ff2c8d0ac89,7/28(日) 13:11
umatokuh,馬トク報知,【札幌５Ｒ・２歳新馬】ファイアンクランツが快勝　佐々木大輔騎手「しまいしっかり反応。特に言うことはない」,https://news.yahoo.co.jp/articles/9dfb325e67d176c2b18f7c3269f6fab0b8119b48,7/28(日) 12:52
umatokuh,馬トク報知,【注目馬動向】ソールオリエンスは天皇賞・秋を視野に調整　今春の宝塚記念では２着,https://news.yahoo.co.jp/articles/13f0648c12b71f013d23fd1e7dea9cf4141bad59,7/28(日) 12:36
umatokuh,馬トク報知,【新潟４Ｒ・２歳新馬】プロクレイアが上がり３３秒８で差し切る　小林調教師「良い状態で競馬ができた」,https://news.yahoo.co.jp/articles/6bf85cb4face605ac5622325f0b0b0487e56d390,7/28(日) 11:59
umatokuh,馬トク報知,【新潟３Ｒ・２歳新馬】叔母にジェンティルドンナの良血ディアナザールが完勝　団野大成騎手「これからが楽しみ」,https://news.yahoo.co.jp/articles/300f4317e87adef377f6ed18272f71d3ecc88607,7/28(日) 11:12
umatokuh,馬トク報知,【札幌２Ｒ・３歳未勝利】古川奈穂騎手が骨折から復帰３戦目でＶ「これからも依頼をいただけるように頑張りたい」,https://news.yahoo.co.jp/articles/b5b9acbf8180e5c7acd58b6ca9c71b2156160c15,7/28(日) 11:03
umatokuh,馬トク報知,【新潟１Ｒ・２歳未勝利】坂井瑠星騎手「まだ余裕があった」アーリントンロウ２戦目は逃げ切る,https://news.yahoo.co.jp/articles/f340a69b6f31494ad393ba11fa363207ce2424e9,7/28(日) 10:15
umatokuh,馬トク報知,【キングジョージ】再び馬場に泣いた５着のオーギュストロダン、「行く予定だった」ジャパンＣ参戦が白紙に,https://news.yahoo.co.jp/articles/e8815fa6436733b9945174085ebcc5b820aee853,7/28(日) 10:00
umatokuh,馬トク報知,【キングジョージ】オーギュストロダン５着でリベンジならず…スミヨン騎手と初コンビの伏兵がＧ１初挑戦Ｖ,https://news.yahoo.co.jp/articles/529be7df4a2e82702aca0a613b231f4070c8f2e3,7/28(日) 8:26
umatokuh,馬トク報知,暑さ対策で新潟競馬２部制　約３時間半の“お昼休み”に「大歓迎」など反応様々　パドック開放は大盛況,https://news.yahoo.co.jp/articles/e455d4e046758334133921b8e05c709be51811bb,7/28(日) 6:30
umatokuh,馬トク報知,【新潟ジャンプＳ】ＪＲＡ有終Ｖの父に続きデビュー３年目騎手が重賞初制覇「これからも一つ一つ頑張っていきたい」,https://news.yahoo.co.jp/articles/f9a3b2df12468f4e2e0b93963eae4140ab7d9ff6,7/28(日) 6:10
umatokuh,馬トク報知,【クイーンＳ】武豊騎手騎乗の初タイトル狙う３歳馬が１番人気　前日最終オッズ,https://news.yahoo.co.jp/articles/de80f1b5cce802b833cef5135b97e04f81041483,7/27(土) 20:02
umatokuh,馬トク報知,【アイビスＳＤ】千直で２連勝を狙うロードカナロア産駒が３・４倍で単勝１番人気　前日最終オッズ,https://news.yahoo.co.jp/articles/a275cda2eed92653069e7404a56b34d803774930,7/27(土) 19:43
umatokuh,馬トク報知,【新潟ジャンプＳ】小牧太騎手が長男・加矢太騎手の重賞初Ｖを祝福「『ようやったやん』と声をかけたい」,https://news.yahoo.co.jp/articles/573acbd901e4b147c8878772847ad1bde48239ea,7/27(土) 18:24
umatokuh,馬トク報知,【新潟ジャンプＳ】小牧加矢太騎手がホッコーメヴィウスで重賞初制覇　父・太騎手の有終Ｖ翌週に息子も大きな勝利,https://news.yahoo.co.jp/articles/62c9498c7de9cf82435907ab6ffae79eac7122e2,7/27(土) 18:01
umatokuh,馬トク報知,名牝リスグラシューの初子シュヴェルトリリエが新潟４Ｒで競走中止　右第１趾骨骨折で予後不良に,https://news.yahoo.co.jp/articles/a72ad7270dab3b60e352589abf6252f005de2d4c,7/27(土) 17:04
umatokuh,馬トク報知,【新潟ジャンプＳ】ホッコーメヴィウスが復活の重賞４勝目　小牧加矢太騎手は初タイトル,https://news.yahoo.co.jp/articles/7c3e438a4f93f385d7dbc24ea1ec1102b9d7cc2f,7/27(土) 17:01
umatokuh,馬トク報知,【新潟７Ｒ・関越Ｓ】クルゼイロドスルがレコードＶ　川田将雅騎手「いい内容で勝つことができました」,https://news.yahoo.co.jp/articles/daac6f83f112d27b8696571ef62e5c10903985d6,7/27(土) 16:44
umatokuh,馬トク報知,【札幌１１Ｒ・ＳＴＶ賞】フェアエールングが内から差し切ってＶ　丹内祐次騎手「うまくさばけました」,https://news.yahoo.co.jp/articles/78bce1bd2457e439e647fc2dd5a112f08f8aab51,7/27(土) 16:05
umatokuh,馬トク報知,【札幌１０Ｒ・摩周湖特別】池添謙一騎手が粗暴な行為による騎乗停止明けで初勝利,https://news.yahoo.co.jp/articles/bb6d53b57d8b96c98bb471c152aa690d46247e15,7/27(土) 15:47
umatokuh,馬トク報知,土曜新潟競馬場の注目激走馬…新潟７Ｒ関越ステークス,https://news.yahoo.co.jp/articles/4ef9b2e5aa92aebc5f5a408242bc1870d4b15172,7/27(土) 14:18
umatokuh,馬トク報知,土曜札幌競馬場の注目激走馬…札幌１１Ｒ・ＳＴＶ賞,https://news.yahoo.co.jp/articles/3647ab174f173aba247a9989ca5dc7b167b5c5b6,7/27(土) 13:20
umatokuh,馬トク報知,【札幌５Ｒ・２歳新馬】武豊騎手「大物感がありますよ」１番人気アルテヴェローチェが快勝！,https://news.yahoo.co.jp/articles/43ddbfe433405d53050792767650b0a3376e7f3f,7/27(土) 13:04
umatokuh,馬トク報知,【札幌４Ｒ・３歳未勝利】古川奈穂騎手の復帰初戦は８着　「声をかけていただいてありがたい」,https://news.yahoo.co.jp/articles/244afaf3a868ee5cdb96c58720043bcf3a445b82,7/27(土) 12:28
umatokuh,馬トク報知,【新潟３Ｒ・２歳新馬】エコロアゼル逃げ切り２馬身半差完勝　戸崎圭太騎手「返し馬から乗り味が良かった」,https://news.yahoo.co.jp/articles/a2505ae5b6bf0cd9c0aed57eb2b999d33f424f7f,7/27(土) 11:28
umatokuh,馬トク報知,【新潟２Ｒ・２歳新馬】外国産馬ジャスパーディビネ鮮やか逃げ切り　松若風馬騎手「伸びしろしかない」,https://news.yahoo.co.jp/articles/c3aeb4f97aaef3eaee73fbcfd561bff51f7e5beb,7/27(土) 10:44
umatokuh,馬トク報知,【札幌１Ｒ・２歳未勝利】シマサンブラックが力強く抜け出してＶ　蛯名正調教師「ものすごい乗り味はいい」,https://news.yahoo.co.jp/articles/5a49386d7a5cebff5b4b63bd3883d901c49dd6a2,7/27(土) 10:31
umatokuh,馬トク報知,【新潟１Ｒ・２歳未勝利】開幕レースで新潟２歳戦最速を０秒９更新！復帰戦Ｖのルメール騎手「レコードだけど楽勝」,https://news.yahoo.co.jp/articles/fbf77f4ce8799ec381e32af8e4896d69d9585ece,7/27(土) 10:24
umatokuh,馬トク報知,「大井の帝王」的場文男騎手に４日間の騎乗停止処分「騎手同士の金銭上のトラブル」で謝罪し被害者側も受け入れ,https://news.yahoo.co.jp/articles/aa140693be986d2b66640c9900a57b411d7e47bc,7/26(金) 17:42
umatokuh,馬トク報知,【注目馬動向】マッドクールはスプリンターズＳに直行　昨年は鼻差の２着,https://news.yahoo.co.jp/articles/8b4aff3b108db56d31bc078ce9b1cf46bf908088,7/26(金) 15:47
umatokuh,馬トク報知,１８年の共同通信杯覇者オウケンムーンが競走馬登録を抹消　今後は地方競馬に移籍,https://news.yahoo.co.jp/articles/9517213d3638a768ea59beb5cf773ec4391a9522,7/26(金) 14:49
umatokuh,馬トク報知,【キングジョージ６世＆クイーンエリザベスＳ】ディープインパクト産駒オーギュストロダンなど９頭が出走,https://news.yahoo.co.jp/articles/7683d55c515242a4ff098acf65de20b0448e729a,7/26(金) 14:48
umatokuh,馬トク報知,【川崎のエース山崎・スマイル誠士】好感触のスコメッサ（５Ｒ）は勝ち負けに持ち込める,https://news.yahoo.co.jp/articles/a8f68e0eb984ccfacfd3977fdf9d8a0b239a8f7e,7/26(金) 13:30
umatokuh,馬トク報知,【園田・人気ジョッキーは語る】バーニングペスカ（１１Ｒ）に好感触の鴨宮祥行騎手「ゲートを決めて２番手以内で」,https://news.yahoo.co.jp/articles/18541d9c00f2c049c848c22404020619108bdada,7/26(金) 12:30
umatokuh,馬トク報知,【アイビスＳＤ】雨は大歓迎のファイアダンサーが昨年のリベンジへ　鈴木慎調教師「天気が味方しそう」,https://news.yahoo.co.jp/articles/f4066f2bbe5c93f183d481cf7a26b84ad8794c1a,7/26(金) 11:04
umatokuh,馬トク報知,【アイビスＳＤ】マウンテンムスメは結婚発表後、初重賞の藤田菜七子騎手とスピード生かす　天間調教師「菜七子も千直は得意」,https://news.yahoo.co.jp/articles/29bdafbb586393fce7015f03e694743d4dd4f79b,7/26(金) 11:02
umatokuh,馬トク報知,【アイビスＳＤ】ショウナンマッハが得意舞台で一発ムード　陣営「何せ具合がいい」,https://news.yahoo.co.jp/articles/966e78ee7cd941392366ca17346662d81dfe16bc,7/26(金) 10:59
umatokuh,馬トク報知,【アイビスＳＤ】大外１８番枠のメディーヴァルは良馬場を希望　寺島調教師「雨が降ると難しいレースになる」,https://news.yahoo.co.jp/articles/42a2dbebb254702ead13c11aa7847f7d83895467,7/26(金) 10:55
umatokuh,馬トク報知,【ＳＴＶ賞】シュバルツクーゲルが青葉賞１０着から反撃　陣営「うまく豊さんにリードしてもらえれば」,https://news.yahoo.co.jp/articles/4e096321cf14d68faf6ea6f144b8e78e6587ed42,7/26(金) 10:36
umatokuh,馬トク報知,【クイーンＳ】ルメール騎手が騎乗するウンブライルは１枠２番　武豊騎手のボンドガールは１枠１番　枠順決定,https://news.yahoo.co.jp/articles/3693640fe008d55aa79aaf2390173082cb050f66,7/26(金) 10:29
umatokuh,馬トク報知,【アイビスＳＤ】前走初の千直快勝のチェイスザドリームは７枠１３番　“千直女王”藤田菜七子騎手騎乗のマウンテンムスメは３枠５番　枠順決定,https://news.yahoo.co.jp/articles/16d6399901e8621d47ae6fd762f96b92be7a5439,7/26(金) 10:23
umatokuh,馬トク報知,藤田菜七子騎手は好相性の新潟でマウンテンムスメと重賞Ｖチャンス　「一番勝たせてもらっているし結果を出したい気持ちが強い」,https://news.yahoo.co.jp/articles/ee556281e961ea77392f11de9325794f826539cd,7/26(金) 10:11
umatokuh,馬トク報知,【クイーンＳ】スタニングローズは函館・Ｗコースで好ムード　陣営「手加減なく調整してこられた」,https://news.yahoo.co.jp/articles/a44a6ca52541065e031ea85a164e3dfd31351129,7/26(金) 9:45
umatokuh,馬トク報知,【クイーンＳ】新人最多１７勝ジョッキーが同期に「負けたくない」　モズゴールドバレルに手応え,https://news.yahoo.co.jp/articles/fda39b60e82375e37634379603d68f08d032d436,7/26(金) 6:00
umatokuh,馬トク報知,【札幌５Ｒ新馬戦】武豊騎手の手綱でデビューＶだ！水準以上のタイム叩き出したモーリス産駒の牡馬,https://news.yahoo.co.jp/articles/476e3a0c65124d9cf8bc5061b1cec8a48e04449f,7/26(金) 6:00
umatokuh,馬トク報知,【アイビスＳＤ】昨夏の短距離王が一変気配！団野大成騎手「使ったダメージもなく、良くなっている」,https://news.yahoo.co.jp/articles/8b5ace3976de8962117815540fa3ee9cbbc4e7aa,7/26(金) 5:30
umatokuh,馬トク報知,４７４５勝を挙げる兵庫競馬のレジェンド、田中学騎手がジンギの引退式に登場するも復帰は未定,https://news.yahoo.co.jp/articles/58d543ce2abf964a97884c3545241bf6bd4ae509,7/25(木) 19:31
umatokuh,馬トク報知,【注目馬動向】シャフリヤールは２年連続でＢＣターフ参戦へ　昨年３着のリベンジを目指す,https://news.yahoo.co.jp/articles/3acb15edf00bfd3acdae241693578203345992e0,7/25(木) 18:10
umatokuh,馬トク報知,【ＰＯＧ】愛ダービー馬の半弟アルハイルフォートが２７日札幌でデビュー　陣営「乗り手の言うことをよく聞く」,https://news.yahoo.co.jp/articles/bb5a1677825cbadfad23a4d5ea895aa46b0649ee,7/25(木) 15:40
umatokuh,馬トク報知,【ＰＯＧ】調教軽快なダンケルドが初陣から好ムード　鞍上は２週間の休養から復帰する川田将雅騎手,https://news.yahoo.co.jp/articles/7fc8aa5a8edc77ef7b4c4c41a5629fdd10d8cb4d,7/25(木) 14:13
umatokuh,馬トク報知,【川崎のエース山崎・スマイル誠士】上積み十分のテルケンユミカブト（２Ｒ）は好勝負可能,https://news.yahoo.co.jp/articles/e7670aaba77ce708d8df11d405166df6b95884d2,7/25(木) 13:30
umatokuh,馬トク報知,【ＰＯＧ】叔母にジェンティルドンナの良血ディアナザールは今週の新潟デビュー　斉藤崇調教師「フットワークがいい」,https://news.yahoo.co.jp/articles/5b8dc67d1770e5d5596d1236deb6c3eaf6f34bc3,7/25(木) 12:31
umatokuh,馬トク報知,【ＰＯＧ】アーモンドアイの初子アロンズロッドが２週前追いでラスト１ハロン１１秒６　国枝調教師「フットワークは相変わらずいい」,https://news.yahoo.co.jp/articles/f4140ad19dc4d12f0843cfbc06cbdfd9279b1f04,7/25(木) 12:09
umatokuh,馬トク報知,【レパードＳ】サトノフェニックスが坂路で力強い動き　西園正調教師「距離をこなせるか試金石の一戦」,https://news.yahoo.co.jp/articles/d3330c46da909df6e65d4ca46688de0204a16623,7/25(木) 12:06
umatokuh,馬トク報知,【レパードＳ】ミッキーファイトが１週前追いで抜群の伸び脚　田中博調教師「今までの過程と同じような感じ」,https://news.yahoo.co.jp/articles/e11f8a93ce144c8c2a69b38e5ec4223c8e93f414,7/25(木) 12:05
umatokuh,馬トク報知,【注目馬動向】オオバンブルマイはキーンランドＣで武豊騎手と再コンビ,https://news.yahoo.co.jp/articles/2af8adf2290ffe49de7003e7121acd2637b5bbe3,7/25(木) 11:27
umatokuh,馬トク報知,川田将雅騎手が調教騎乗を再開　今週末からレースにも復帰「戻ってくることができました」,https://news.yahoo.co.jp/articles/1d1f61cf7d7a7a8fe4c7ccf2e5175ecf40dc8e7e,7/25(木) 11:00
umatokuh,馬トク報知,【園田・人気ジョッキーは語る】ネネ（１１Ｒ）で意欲十分の大山龍太郎騎手「すんなり行きたい」,https://news.yahoo.co.jp/articles/61a41d452773c8ad22efbe87e976d8b8746be80f,7/25(木) 11:00
umatokuh,馬トク報知,くも膜下出血で入院していた吉田隼人騎手が退院 　兄の吉田豊騎手が現状を報告,https://news.yahoo.co.jp/articles/b1f9626307a4d7ce96d3c3712f787ec544675cd7,7/25(木) 9:44
umatokuh,馬トク報知,【アイビスＳＤ】福永祐一調教師の秘密兵器　６歳夏にして初めての芝でも不気味　小沢と重賞初Ｖ贈る,https://news.yahoo.co.jp/articles/fe5ddf70bab65698998b715560045454a0acc290,7/25(木) 6:30
umatokuh,馬トク報知,【クイーンＳ】札幌・芝１８００メートル３戦全連対の巧者が初タイトル奪取へ「かなりいい感触」,https://news.yahoo.co.jp/articles/9bfd2aecb3f8fc8aa7291ba0175b109824baf23e,7/25(木) 6:00
umatokuh,馬トク報知,【新潟ジャンプＳ】小牧加矢太騎手、兵庫復帰の父に重賞初Ｖ贈る「気合を入れすぎず冷静にいけたら」,https://news.yahoo.co.jp/articles/d88b22b8b8aecac1677befeb55b444223da09c4f,7/24(水) 16:26
umatokuh,馬トク報知,【ＰＯＧ】札幌で２８日にデビュー予定のブルクトーアが抜群の伸び　鮫島克駿騎手「いい動きでした」,https://news.yahoo.co.jp/articles/169ce0774717727cbd04b06548b0aade965348c8,7/24(水) 14:46
umatokuh,馬トク報知,【クイーンＳ】スタニングローズは強風にも負けない推進力　陣営「体も締まって、状態はいい」,https://news.yahoo.co.jp/articles/30f775ed16a38ff0b6ed75b0a4f849fdd746db03,7/24(水) 14:39
umatokuh,馬トク報知,小牧太騎手が７月３１日付でＪＲＡの騎手免許を取り消し　８月１日から兵庫競馬に復帰,https://news.yahoo.co.jp/articles/d3dc45bf4aa8c01f54afbe1ba0702fd4a56b0053,7/24(水) 14:27
umatokuh,馬トク報知,【クイーンＳ】アルジーヌの追い切りにキツネが乱入！　陣営「バランスが起きた。キツネ効果に期待」,https://news.yahoo.co.jp/articles/86384aa2e97d2775b52469abe4da868a2a44724b,7/24(水) 14:02
umatokuh,馬トク報知,地方競馬の騎手免許試験に合格した小牧太騎手　８月１４日の園田競馬で復帰予定,https://news.yahoo.co.jp/articles/ded8b983b284576a83116f1076514435dbfb10ae,7/24(水) 13:53
umatokuh,馬トク報知,【川崎のエース山崎・スマイル誠士】能力感じるバックビート（３Ｒ）は今度こそ,https://news.yahoo.co.jp/articles/5164538298ac78e7b2b70eaf7da19c30a414673a,7/24(水) 13:30
umatokuh,馬トク報知,【レパードＳ】３連勝中のジーサイクロン　新コンビのＭデムーロ騎手が１週前追い切りで好感触,https://news.yahoo.co.jp/articles/8b8421b46107a88969d41b21a391cc6184a58f14,7/24(水) 13:11
umatokuh,馬トク報知,【アイビスＳＤ】モズメイメイは意図的に控えめの５２秒８　音無調教師「前走はそれで結果が出ているから」,https://news.yahoo.co.jp/articles/b4f95c674dfa7efcbee294141eca6bc47a177088,7/24(水) 11:36
umatokuh,馬トク報知,【アイビスＳＤ】チェイスザドリームはしっかりと抑えが利いた５５秒７　陣営「メンタルの成長が感じられる」,https://news.yahoo.co.jp/articles/8a30a06d798f8b749c6513a84808280091bc6b03,7/24(水) 11:27
umatokuh,馬トク報知,【クイーンＳ】ウインピクシスはダートコースで単走追い　初コンビ横山和生騎手「非常に落ち着いていた」,https://news.yahoo.co.jp/articles/cfeadb0b23a8623261da048555d205db5f536a28,7/24(水) 11:26
umatokuh,馬トク報知,【クイーンＳ】モリアーナはダートコースを単走で素軽い動き　武藤雅騎手「馬自体は完成してきている」,https://news.yahoo.co.jp/articles/d66875c59a3ace849053e7f9138bc8ce928bf5fe,7/24(水) 11:06
umatokuh,馬トク報知,【こちら日高支局です・古谷剛彦】活況続くセレクションセール　２４日の最終日はライブ中継,https://news.yahoo.co.jp/articles/65314ec80b368a458853ffd67d7cd91734906caf,7/24(水) 11:05
umatokuh,馬トク報知,【アイビスＳＤ】アビッグチアは中１週でも元気いっぱい　水野調教師「変わらず順調」,https://news.yahoo.co.jp/articles/9de53a6e260a24f83b6f6d6de857fca14d7c043f,7/24(水) 11:03
umatokuh,馬トク報知,【アイビスＳＤ】ウイングレイテストがラスト１ハロン１１秒０　松岡正海騎手「思った通りの調整」,https://news.yahoo.co.jp/articles/85d70691e7af40ff09ed823662181e3315766fb3,7/24(水) 10:37
umatokuh,馬トク報知,【クイーンＳ】イフェイオンが芝で飛ぶような走り　杉山佳調教師「いい状態で向かえる」,https://news.yahoo.co.jp/articles/59778a7d895f49b032e59aa4cd96a5188aca2249,7/24(水) 10:34
umatokuh,馬トク報知,【アイビスＳＤ】藤田菜七子騎手、芝最多１２勝の得意舞台で結婚発表後“初重賞Ｖ”狙う,https://news.yahoo.co.jp/articles/4c6369d124203ee0a9c5a4bb6cf39b91de13ed65,7/24(水) 6:30
umatokuh,馬トク報知,【クイーンＳ】メンバー唯一のＧ１馬が意地見せる　１年９か月ぶり復活星へ調整順調,https://news.yahoo.co.jp/articles/a6635983a5d4539e12bdc9b0fafc9bed03f1c570,7/24(水) 6:15
umatokuh,馬トク報知,女性騎手史上２人目の１００勝達成した「まなみん」充実の４年目は「本当に幸せな人生を送れています」,https://news.yahoo.co.jp/articles/82e82726670589953a1bc55dcbf6a97c91b53f48,7/24(水) 6:00
umatokuh,馬トク報知,金沢競馬で単勝レコード４万５０８０円　１０頭立て最低人気が３戦連続２ケタ着順から激変Ｖ,https://news.yahoo.co.jp/articles/8b54993764f1db76116d8765bd2d4a1e79d37d06,7/23(火) 20:09
umatokuh,馬トク報知,【クイーンＳ】充実一途のアルジーヌが母子制覇狙う　陣営「気性、走り、全てが良くなりましたね」,https://news.yahoo.co.jp/articles/a1f713b5832252a325f5dfdc5c48d89806f12cc8,7/23(火) 14:58
umatokuh,馬トク報知,【クイーンＳ】３歳馬コガネノソラはオークス１２着から反撃へ　陣営「今回はフレッシュな状態でいいと思う」,https://news.yahoo.co.jp/articles/f356896cc426f379a6e33a7a98963bd2033c86a6,7/23(火) 14:31
umatokuh,馬トク報知,【ＰＯＧ】祖母は仏Ｇ１馬　パブリックビーナスは武豊騎手で８月１１日の札幌でデビュー　池江調教師「品がある」,https://news.yahoo.co.jp/articles/4db90b82b386187687d0d8bdbec6eab139da8194,7/23(火) 14:16
umatokuh,馬トク報知,胸椎骨折から６月末に復帰した鷲頭虎太騎手　二刀流再挑戦は諦めない,https://news.yahoo.co.jp/articles/72d63939e9187666b09e8e4d22eacf03694e23c9,7/23(火) 14:00
umatokuh,馬トク報知,【アイビスＳＤ】ファイアダンサーは昨年１８着から反撃Ｖへ陣営「いい状態を維持できています」,https://news.yahoo.co.jp/articles/22426679ccf16f0cd99fa39cdb18707a45cc7238,7/23(火) 13:58
umatokuh,馬トク報知,【アイビスＳＤ】千直でオープン勝ちがあるメディーヴァル　寺島調教師「前走は挟まれて度外視していい」,https://news.yahoo.co.jp/articles/3c0c4ea62918998c570fd79b51f1a70ecb1ff7a7,7/23(火) 13:58
umatokuh,馬トク報知,「読みがスゴイな」竹俣紅アナ、２７時間テレビ内で中継した中京記念を「見事なサイン馬券」で的中！,https://news.yahoo.co.jp/articles/2b1a2c3c6e4334207f3739f2f91b91bbe115c8ea,7/23(火) 13:55
umatokuh,馬トク報知,【アイビスＳＤ】藤田菜七子騎手とコンビ継続マウンテンムスメに陣営「頭がいい馬です」,https://news.yahoo.co.jp/articles/0427f0691875c121eb1a9e0fc4adacc97503a46c,7/23(火) 13:45
umatokuh,馬トク報知,【川崎のエース山崎・スマイル誠士】カナールショウヘイ（４Ｒ）は南関東同士なら巻き返し可能,https://news.yahoo.co.jp/articles/4401f120203235c9062afd765f1f92c9d9b6ebbd,7/23(火) 13:30
umatokuh,馬トク報知,【注目馬動向】しらかばＳ制覇ゾンニッヒはキーンランドＣが目標　池江調教師「ユタカマジックがさく裂したね」,https://news.yahoo.co.jp/articles/0e49944d879fb4324c55fe061de7c9a7c3fcd348,7/23(火) 13:27
umatokuh,馬トク報知,【クイーンＳ】唯一のＧ１馬スタニングローズが２２年秋華賞以来のＶ狙う　陣営「負けたくない」,https://news.yahoo.co.jp/articles/0e283199d565953a01b033d71ab85c0c765dbbf6,7/23(火) 13:21
umatokuh,馬トク報知,【クイーンＳ】イフェイオンは初の長距離輸送も難なくクリア　陣営「うまくいった」,https://news.yahoo.co.jp/articles/edc32b68e261948ba740b2e10859d9653c126338,7/23(火) 12:46
umatokuh,馬トク報知,【ＰＯＧ】サクソンウォリアー産駒のセラトーンが２７日札幌５Ｒにスタンバイ　陣営「いいスピードがある」,https://news.yahoo.co.jp/articles/bc155ed617ba08276a89617e51864319290d819b,7/23(火) 12:08
umatokuh,馬トク報知,【クイーンＳ】英Ｇ１馬の半妹・モズゴールドバレルが高杉吏麒騎手との初コンビで初の洋芝へ挑む,https://news.yahoo.co.jp/articles/0f6948bea49e48f4c398cce4530b02558e701cf9,7/23(火) 11:48
umatokuh,馬トク報知,顔面骨折から今週末復帰の古川奈穂騎手「骨もだいぶくっついている」バットマンマスクで調教騎乗,https://news.yahoo.co.jp/articles/0843ce8b46d72c119ab067775afc68624d86f709,7/23(火) 11:28
umatokuh,馬トク報知,【クイーンＳ】武豊騎手が５年９か月ぶりの軽斤量で３歳ボンドガール重賞初Ｖ導く「５５歳が５１キロに乗るのは面白いんじゃない」,https://news.yahoo.co.jp/articles/faea607a07e45b592b83ad5bbb1745f863018a57,7/23(火) 7:00
umatokuh,馬トク報知,２回新潟は暑熱対策で初の“２部制”に　３時間半の“昼休み”でメインは１５時４５分発走の７Ｒ,https://news.yahoo.co.jp/articles/42f18ee3b061bdcc6ac294934f7e70e58e07c013,7/23(火) 6:30
umatokuh,馬トク報知,【アイビスＳＤ】２３年スワンＳ覇者が直線競馬初参戦！持ち前のスピードで「新潟７Ｒ・千直王決定戦」制するぞ,https://news.yahoo.co.jp/articles/de6db1752757efa0ff982cb5178011981d494ac7,7/23(火) 6:05
umatokuh,馬トク報知,【アイビスＳＤ】モズメイメイは前走で脚質転換に成功　音無調教師「収穫のある内容だったと思う」,https://news.yahoo.co.jp/articles/6f3c20ce9cf9fafa796d2270700c92f24a23be20,7/22(月) 16:35
umatokuh,馬トク報知,【アイビスＳＤ】実績上位のテイエムスパーダが千直に初参戦　木原調教師「前から千直を使うという話はあった」,https://news.yahoo.co.jp/articles/f14c13429c49d3575ec819defee44ee57ce9c16b,7/22(月) 16:17
umatokuh,馬トク報知,【クイーンＳ】３歳馬イフェイオンが成長示す　杉山佳調教師「キ甲が抜けて、体が一回り大きくなった」,https://news.yahoo.co.jp/articles/5123f522864b9dcdd3f4356e8e45edd60254c64b,7/22(月) 16:14
umatokuh,馬トク報知,【クイーンＳ】コンクシェル５戦４勝の距離で重賞２勝目だ　清水久調教師「条件はいいと思う」,https://news.yahoo.co.jp/articles/70cc99339b0dd9c4ec96ef96dc9a817530b8752b,7/22(月) 16:13
umatokuh,馬トク報知,【クイーンＳ】Ｇ１馬スタニングローズが復活星目指す　高野調教師「いつもいい馬ですが、今回はよりいい」,https://news.yahoo.co.jp/articles/5df6a2ca1b78c8ebe895cd5a1bab95de234dee30,7/22(月) 15:55
umatokuh,馬トク報知,【セレクションセール２０２４】母はＪｐｎ１を勝利　テオレーマの２０２３は７８００万円で落札,https://news.yahoo.co.jp/articles/6ee76d6ac4f4b1d2e342a6dd0de37f5e4ac8fee3,7/22(月) 14:17
umatokuh,馬トク報知,【アイビスＳＤ・山下の特注馬】初の「千直」でテイエムスパーダが一発　重賞２勝の実績は侮れない,https://news.yahoo.co.jp/articles/b8fb9f3d78c538b2652e85e2646fa042472b4a58,7/22(月) 12:16
umatokuh,馬トク報知,【アイビスSD・戸田の特注馬】ジャスパークローネの前走大敗は度外視　昨夏のスプリント王者が意地見せる,https://news.yahoo.co.jp/articles/4450383f77ad2bd21e4e5e1b799383b200927f25,7/22(月) 12:15
umatokuh,馬トク報知,【クイーンステークス展望】重賞２勝目を狙うモリアーナが中心,https://news.yahoo.co.jp/articles/b21abc5541bddcd652b67b07349ea4904f19a002,7/22(月) 11:53
umatokuh,馬トク報知,【クイーンＳ】昨年２着のウインピクシスは現地で落ち着き十分　陣営「こういう馬場は合う」,https://news.yahoo.co.jp/articles/c23ada6c1f32051dba5d98e4dc336cd0c037f43c,7/22(月) 11:27
umatokuh,馬トク報知,【クイーンＳ】ウンブライルは入念な乗り込みで重賞初Ｖ狙う　木村調教師「小回りへの対応もポイント」,https://news.yahoo.co.jp/articles/c8c101e42789e2e179b2ca659d12f37b65461949,7/22(月) 11:24
umatokuh,馬トク報知,【アイビスＳＤ・西山の特注馬】昨年は１番人気で最下位　ファイアダンサーのリベンジに期待,https://news.yahoo.co.jp/articles/fb65e7377609954006c8cea5b19a21652cd48b14,7/22(月) 10:40
umatokuh,馬トク報知,【アイビスＳＤ・浅子の特注馬】ウイングレイテストが夏のスプリント王目指して千直へ　出来は申し分なし,https://news.yahoo.co.jp/articles/6347542b269d17453c3c75c3cc41a5c20c39c060,7/22(月) 10:30
umatokuh,馬トク報知,小牧太騎手まさに有終！ＪＲＡ最後の最後、小倉１２Ｒで６５８日ぶり勝利　来月から兵庫競馬復帰,https://news.yahoo.co.jp/articles/3e5c07f04fd3fe6c2c6b0031f4da148f314505eb,7/22(月) 6:30
umatokuh,馬トク報知,【中京記念】５６歳横山典弘騎手が自身のＪＲＡ重賞最年長Ｖ記録を更新　相棒の初タイトル導き「最高にうれしい！」,https://news.yahoo.co.jp/articles/6235fb430db2aebe8e2d5698c6d69d080644c9b5,7/22(月) 6:05
umatokuh,馬トク報知,【アイビスサマーダッシュ展望】前走の函館ＳＳで２着のウイングレイテストが中心,https://news.yahoo.co.jp/articles/0423403bd64ffa8628af951c2164cf9bac618864,7/21(日) 22:23
umatokuh,馬トク報知,地方騎手転身の小牧太騎手がセレモニー「もう１回試験を受けて中央に挑戦」ジョークも　息子の加矢太騎手も駆けつけた,https://news.yahoo.co.jp/articles/360aa90c41e2280dc5739731093f7b7351ee5905,7/21(日) 18:39
umatokuh,馬トク報知,夏コクのリーディングジョッキーは松山弘平騎手　２０２４年の小倉リーディングは鮫島克駿騎手,https://news.yahoo.co.jp/articles/bedea8c320ee174a2d90bc3df3ad8e600df21026,7/21(日) 18:01
umatokuh,馬トク報知,【中京記念】８番人気で６着のボーデンに団野大成騎手「いいところで運べましたが、荒れたところに入って馬場を気にしていた」,https://news.yahoo.co.jp/articles/7976d8a37bace40babc117ca2bc583315912d9e0,7/21(日) 17:33
umatokuh,馬トク報知,【中京記念】８月から兵庫競馬に復帰の小牧太騎手騎乗のワールドリバイバルは１１着「思った競馬はできました」,https://news.yahoo.co.jp/articles/88fba5ba38ed74882a4e6f53a348822a7eccc4f0,7/21(日) 17:23
umatokuh,馬トク報知,夏の福島開催リーディングは４年連続で戸崎圭太騎手　調教師部門は５勝の中舘英二調教師,https://news.yahoo.co.jp/articles/551ec828fbba2531d927be1d904721a56db79460,7/21(日) 17:16
umatokuh,馬トク報知,【中京記念】田口貫太騎手騎乗のニホンピロキーフは５着「忙しくなってしまいましたが、脚は使ってくれている」,https://news.yahoo.co.jp/articles/3254bc796b9c9e1687af0e1c2af7ead14cf9d5b9,7/21(日) 16:46
umatokuh,馬トク報知,【中京記念】大外を伸びたロングランが４着　松山弘平騎手「最後もよく来てくれていますし、強い競馬でした」,https://news.yahoo.co.jp/articles/57033a1a3713fb97989d2538f953bf85954ee6ed,7/21(日) 16:42
umatokuh,馬トク報知,小牧太騎手が小倉の最終レースで１２番人気Ｖ　２２年１０月以来のＪＲＡ勝利は３連単１３１万円超の波乱,https://news.yahoo.co.jp/articles/05ef3e96b606ba2b7775184c63f97ecc128e619e,7/21(日) 16:40
umatokuh,馬トク報知,【中京記念】西村淳也騎手「早く抜け出しすぎてしまった」トップハンデ５９キロのエルトンバローズは３着,https://news.yahoo.co.jp/articles/e816b82cf646991530e5b22e14381922d099fbb0,7/21(日) 16:34
umatokuh,馬トク報知,【中京記念】エピファニー末脚届かず首差２着　杉原誠人騎手は「やったと思いましたが…」,https://news.yahoo.co.jp/articles/1c6048be12275bc3636deb41e6c1393ec4fce9f4,7/21(日) 16:33
umatokuh,馬トク報知,【中京記念】横山典弘騎手「アルナシームと勝ててうれしいです」手塩にかけ仕上げた愛馬が待望の重賞初Ｖ,https://news.yahoo.co.jp/articles/23061c6c0d7459bca570c5fba52cc4e6887bc3c7,7/21(日) 16:23
umatokuh,馬トク報知,【ジュライＳ】メイショウテンスイが２０年以来のリステッド２勝目　吉田豊騎手「マイペースでいけた」,https://news.yahoo.co.jp/articles/4207cb647a46df633870a661845fbe834086251c,7/21(日) 16:18
umatokuh,馬トク報知,【しらかばＳ】武豊騎手騎乗のゾンニッヒが直線一気の末脚で差し切りＶ「北海道の１２００メートルは合う」,https://news.yahoo.co.jp/articles/033da2bb1c914289e2852dfdc1d629a41951f91d,7/21(日) 16:06
umatokuh,馬トク報知,【中京記念】アルナシームが重賞初制覇　横山典弘騎手は最年長重賞Ｖを更新,https://news.yahoo.co.jp/articles/a2946e71c7195108c9764f2fbfe3df26950be713,7/21(日) 15:43
umatokuh,馬トク報知,日曜メインレースの注目激走馬…小倉１１Ｒ中京記念・Ｇ３,https://news.yahoo.co.jp/articles/0952814212a2d2618d21b0a4f2ca22fb194fb2eb,7/21(日) 14:17
umatokuh,馬トク報知,【福島６Ｒ・２歳新馬】アブキールベイのレースセンスに石川裕紀人騎手が高評価「こちらの指示通り」,https://news.yahoo.co.jp/articles/30edc9fa08aa311c7b9d6a23c2b8d6872c8f6deb,7/21(日) 13:55
umatokuh,馬トク報知,日曜札幌競馬場の注目激走馬…札幌１１Ｒしらかばステークス,https://news.yahoo.co.jp/articles/0ff1efed00d2509141496a56e51d74cf2e902d56,7/21(日) 13:27
umatokuh,馬トク報知,藤岡健一調教師が札幌３ＲでＪＲＡ通算６００勝を達成！現役１８人目「競馬界全体に貢献できるように頑張りたい」,https://news.yahoo.co.jp/articles/b591b5cf8e4cef6ed99fd6cdf594b9565a529f87,7/21(日) 13:23
umatokuh,馬トク報知,九州競馬記者クラブ小倉ターフ賞を受賞した永島まなみ騎手「とても思い出のある競馬場です」,https://news.yahoo.co.jp/articles/457cd539aaf9d5b24deee77b0e5a4f9dd25e8ed7,7/21(日) 13:18
umatokuh,馬トク報知,【福島５Ｒ・２歳新馬】ブラックルビーが２馬身差で初陣飾る　戸崎圭太騎手「攻め馬通り走ってくれた」,https://news.yahoo.co.jp/articles/6e61ce63a5b41a78d30205e004ca9a5db8171f62,7/21(日) 13:12
umatokuh,馬トク報知,【小倉５Ｒ・２歳新馬】坂井瑠星騎手「すごく性格のいい馬」２番人気ブルーレースが抜け出す,https://news.yahoo.co.jp/articles/89e1acf4e978c4895665ace1c92a56f99fd1367c,7/21(日) 13:10
umatokuh,馬トク報知,【札幌５Ｒ・２歳新馬】キングスコールがソダシ超え２歳レコードで勝利　藤岡佑介騎手「いい方向へ成長してくれれば」,https://news.yahoo.co.jp/articles/8d7a5378a75215ffb4bc742f1739e688ffc58246,7/21(日) 13:04
umatokuh,馬トク報知,【船橋・森泰斗のタイトリスト】血統が魅力のインディスピュテブ（４Ｒ）は好勝負を期待,https://news.yahoo.co.jp/articles/0e5450904f9f12df3d153c310cbc709798ded214,7/21(日) 13:00
umatokuh,馬トク報知,【ばんえい・今井千尋のばんえい通信】障害が安定しているゴールドクイーン（１０Ｒ）,https://news.yahoo.co.jp/articles/706516fe640ff86885a36e3a1cbf73e36f9eeee2,7/21(日) 13:00
umatokuh,馬トク報知,【福島３Ｒ・２歳未勝利】石川裕紀人騎手の腹をくくった作戦が奏功　カガバベルが２戦目で初勝利,https://news.yahoo.co.jp/articles/8adf7778c00429ce34993654077cd8ed758c31c9,7/21(日) 11:51
umatokuh,馬トク報知,古川吉洋騎手が札幌２Ｒで１万１０００回騎乗を達成　現役２７人目,https://news.yahoo.co.jp/articles/de233c3c7c08d3539da93a2109eaee590346b002,7/21(日) 11:30
umatokuh,馬トク報知,【小倉１Ｒ・２歳未勝利】ジュエラーの近親ワンモアスマイルが２戦目で初勝利　松山弘平騎手「強い競馬でした」,https://news.yahoo.co.jp/articles/8fb4d0cc627011536ef5ffe5cdbf90b65fd08b9d,7/21(日) 10:40
umatokuh,馬トク報知,【札幌１Ｒ・２歳未勝利】ミッドナイトゲイルが初ダートで５馬身差の完勝！　小林勝太騎手「しっかり仕上げていただいた」,https://news.yahoo.co.jp/articles/667fb956bd6a723a68dec8e538f90a9128c3808a,7/21(日) 10:34
umatokuh,馬トク報知,札幌競馬が２０日開幕…初日から１万３５４７人が集まる大盛況,https://news.yahoo.co.jp/articles/2fb7c8cf0c1a87828df972badda187389a18f84c,7/21(日) 9:57
umatokuh,馬トク報知,【福島５Ｒ新馬戦】７馬身差ぶっちぎり！大物感漂うキタサンブラック産駒が初陣Ｖ　クラシックを十分意識できる良血馬,https://news.yahoo.co.jp/articles/fcdc829bc599781ef48fd2856359e5c2ae69c0ad,7/21(日) 6:00
umatokuh,馬トク報知,【ひまわり賞】出遅れて１０馬身以上の差を大逆転の差し切り！ケイテンアイジンがデビュー2連勝,https://news.yahoo.co.jp/articles/cafca85bb97bd0e5fda367641107cf1817dec1d1,7/21(日) 6:00
umatokuh,馬トク報知,【中京記念】３連単は１００倍未満なしの混戦ムード　単勝は田口貫太騎手のお手馬「１強」　前日最終オッズ,https://news.yahoo.co.jp/articles/8a8944e6aab838d69ed99b62ea48603c835cea74,7/20(土) 19:23
umatokuh,馬トク報知,来月から古巣の兵庫競馬に復帰の小牧太騎手は２戦とも着外「あしたも頑張ります」日曜は小倉で３鞍,https://news.yahoo.co.jp/articles/4ce070a9432c2d237c15a44364f6d89f30826281,7/20(土) 17:27
umatokuh,馬トク報知,武豊騎手が兵庫競馬に復帰する小牧太騎手へエール「その手があったか。頑張ってほしいですね」,https://news.yahoo.co.jp/articles/442491ccf835c37222948d8e0399f07caa194068,7/20(土) 17:12
umatokuh,馬トク報知,【福島１１Ｒ・ＴＵＦ杯】エスカルがスピード発揮の逃走Ｖ　３連勝でのＯＰ入りに松若風馬騎手「強いですね」,https://news.yahoo.co.jp/articles/849671c7bc4eeb556f5fb8d4a54f211f1617601b,7/20(土) 16:30
umatokuh,馬トク報知,【小倉１１Ｒ・テレＱ杯】マイネルメモリーが差し切ってＯＰ入り　２連勝に和田竜二騎手「昇級に泣く馬ではない」,https://news.yahoo.co.jp/articles/0296b2228944bef63d8d03db7252c76551cea8a2,7/20(土) 16:11
umatokuh,馬トク報知,【札幌１１Ｒ・ＴＶｈ賞】エイシンフェンサーが大外枠を克服しＯＰ入り　川又賢治騎手「上がっても通用する」,https://news.yahoo.co.jp/articles/dc0aa5b1b2f907e73576b083bf327fad6d567177,7/20(土) 16:04
umatokuh,馬トク報知,【小倉９Ｒ・ひまわり賞】２番人気ケイテンアイジンが直線一気！　永島まなみ騎手「馬の力に助けられました」,https://news.yahoo.co.jp/articles/72cd8fdedc3ba598ccc722007e8508cb26011361,7/20(土) 15:17
umatokuh,馬トク報知,土曜小倉競馬場の注目激走馬…小倉１１Ｒ・テレＱ杯,https://news.yahoo.co.jp/articles/040ab39827f998f2c7c1cfdf463ccffb15b51e1f,7/20(土) 14:30
umatokuh,馬トク報知,【福島６Ｒ・２歳新馬】ミーントゥビーが差し切りＶ　松岡正海騎手「上のクラスでもスピードは通用」,https://news.yahoo.co.jp/articles/963f587a9ffcc128758cb1b03c8225a0f52d173f,7/20(土) 13:44
umatokuh,馬トク報知,土曜札幌競馬場の注目激走馬…札幌１１Ｒ・ＴＶｈ賞,https://news.yahoo.co.jp/articles/9c606211384dbae586e9275a001fc75130f81fea,7/20(土) 13:44
umatokuh,馬トク報知,【福島５Ｒ・２歳新馬】ピコチャンブラックが流して７馬身差の圧逃　石橋脩騎手「自分はやることがなかった」,https://news.yahoo.co.jp/articles/8c152b297ea3215ddbfc2d94b2b6c2e122f3977e,7/20(土) 13:22
umatokuh,馬トク報知,【小倉５Ｒ・２歳新馬】サトノグランツの半弟ジュンライデンがデビュー勝ち　荻野極騎手「思った通りの走り」,https://news.yahoo.co.jp/articles/ee3ca955d46aad2a58a2759ac59e045a0f2b1ca4,7/20(土) 13:08
umatokuh,馬トク報知,【船橋・森泰斗のタイトリスト】位置取り自在のゲンパチルミナス（７Ｒ）で連勝を伸ばしたい,https://news.yahoo.co.jp/articles/87bd7aecf57819620db5a9e6553a29cd88a66bc1,7/20(土) 13:00
umatokuh,馬トク報知,【札幌５Ｒ・２歳新馬】ナチュラルライズが超抜タイムで圧勝！　横山武史騎手「大きいところを目指せる」,https://news.yahoo.co.jp/articles/d523bbfd6e66fa4f6d26d5e3099cc40813c46cec,7/20(土) 12:58
umatokuh,馬トク報知,【福島２Ｒ・２歳未勝利】８番人気ソルエパトリオットが逃げ切る　横山琉人騎手「ハナへ行こうと」作戦通り,https://news.yahoo.co.jp/articles/76611085719eeba25751a0433481a7f95e6586cf,7/20(土) 11:26
umatokuh,馬トク報知,【小倉２Ｒ・３歳未勝利】右足首骨折の柴田裕一郎騎手がナムライリスで復帰後初Ｖ「馬の上は最高ですね」,https://news.yahoo.co.jp/articles/f403f36e2832fdc8bcfa7a0fb5266df20b208264,7/20(土) 11:21
umatokuh,馬トク報知,【札幌１Ｒ・２歳未勝利】ポッドベイダーが札幌開幕戦を逃げ切りＶ　佐々木大輔騎手「気分良く走れていた」,https://news.yahoo.co.jp/articles/75b042597000b8a059cff1ef52cbc6aba3789e5e,7/20(土) 10:22
umatokuh,馬トク報知,【クイーンＳ】モリアーナが札幌競馬場のダートコースで１週前追い切り　武藤雅騎手「体が成長している」,https://news.yahoo.co.jp/articles/db4280973eac5d5f7b0ef677737f59d1a415605d,7/20(土) 8:23
umatokuh,馬トク報知,岩田康誠騎手が「同じ時期を過ごしたライバル」小牧太騎手の地方競馬復帰を祝福,https://news.yahoo.co.jp/articles/ebc06a30ad897c8cb7822c110635419358c3deb5,7/19(金) 15:41
umatokuh,馬トク報知,鼻骨、両頬骨折で手術の古川奈穂騎手が来週の札幌で復帰へ　「傷もなく、大丈夫です。万全の状態で乗れるように」,https://news.yahoo.co.jp/articles/fb0636511b02d8d724b891dcf5838353166d77fc,7/19(金) 14:48
umatokuh,馬トク報知,【注目馬動向】エトヴプレはキーンランドＣへ　モズゴールドバレルはクイーンＳで高杉吏麒騎手とコンビ,https://news.yahoo.co.jp/articles/7392e17c835577e29ea1428a1a56f4f1ac386cc1,7/19(金) 13:43
umatokuh,馬トク報知,【注目馬動向】鳴尾記念勝ちのヨーホーレイクは毎日王冠から始動へ,https://news.yahoo.co.jp/articles/43d8383952c17e3ae1dcdf3a917560f08a4a5b25,7/19(金) 13:39
umatokuh,馬トク報知,【注目馬動向】京都新聞杯１着のジューンテイク、２着のウエストナウは神戸新聞杯で復帰,https://news.yahoo.co.jp/articles/b8e2728209af5c7294acf427fe0fe0df50bdff41,7/19(金) 13:38
umatokuh,馬トク報知,【船橋・森泰斗のタイトリスト】タカラライナー（１１Ｒ）は発馬スムーズなら巻き返す,https://news.yahoo.co.jp/articles/e377e01911c0b38d9788d472a945acd9ad8dc219,7/19(金) 13:00
umatokuh,馬トク報知,【園田・人気ジョッキーは語る】スズヴァレット（１１Ｒ）に力が入る下原理騎手「十分戦えるはず」,https://news.yahoo.co.jp/articles/22fcd497d5f0896bebb2747ce7822a7fa5863f34,7/19(金) 12:30
umatokuh,馬トク報知,菅原明良騎手が虫垂炎の手術のため来週から２週間休養へ　８月１０日からの３回新潟開催から復帰する見込み,https://news.yahoo.co.jp/articles/e805285fd62f8956825daec290ac6954ad639994,7/19(金) 12:18
umatokuh,馬トク報知,橋口弘次郎ＪＲＡ元調教師が小牧太騎手の地方での再出発にエール　「私の目に腕の衰えは感じません」,https://news.yahoo.co.jp/articles/494203edff0e09c0cfcf1d08f206dc60474c46fa,7/19(金) 12:00
umatokuh,馬トク報知,笠松競馬で競馬関与停止処分を受けた元騎手２人が地方競馬騎手免許試験に合格　ＮＡＲ発表,https://news.yahoo.co.jp/articles/87bf84aabd96ee4d458e0a5855dc1eeb15a5adcc,7/19(金) 11:41
umatokuh,馬トク報知,小牧加矢太騎手が地方競馬の騎手免許試験に合格した父へコメント「さすが自分の父親。応援に行きたいです」,https://news.yahoo.co.jp/articles/3c8b010e5aadace2c18eff6271fb63f04985021e,7/19(金) 11:26
umatokuh,馬トク報知,小牧太騎手が地方競馬の騎手免許試験に合格　史上初の地方復帰に「身の引き締まる思い」,https://news.yahoo.co.jp/articles/eae29ce75654b4d20630deb8f3e242f65deede8f,7/19(金) 11:17
umatokuh,馬トク報知,小牧太騎手が地方競馬の騎手免許試験に合格　史上初の地方復帰で来月から古巣の兵庫所属に　ＮＡＲ発表,https://news.yahoo.co.jp/articles/bd13137f8a3d3d5ba613825f63f1fa5a1f41b857,7/19(金) 11:01
umatokuh,馬トク報知,先週結婚発表後初Ｖの藤田菜七子騎手は福島で土日計１２鞍　前走一変リオネラは「今回の方がゲートをもっと出るように」,https://news.yahoo.co.jp/articles/c09820f0ec242cbe4ee0b82eb7d25c3866df99c5,7/19(金) 10:56
umatokuh,馬トク報知,【中京記念】重賞２勝のエルトンバローズは５枠７番　小牧太騎手とコンビを組むワールドリバイバルは３枠４番,https://news.yahoo.co.jp/articles/f64adee7f5b821d81ccf3cdd13b6c27cb0a127a1,7/19(金) 10:48
umatokuh,馬トク報知,【テレＱ杯】ヴェローナシチーは１年半ぶりの復帰戦でも佐々木調教師が自信「バランスが良くなっている」,https://news.yahoo.co.jp/articles/b54305f307322d081263b8c944750c420628679d,7/19(金) 9:38
umatokuh,馬トク報知,【注目馬動向】新馬戦快勝のキタノクニカラは全姉キタウイングも制した新潟２歳Ｓへ,https://news.yahoo.co.jp/articles/da643be70e4489958526a0178d1657fd86ef7e12,7/19(金) 9:16
umatokuh,馬トク報知,【ＰＯＧ】母は米２歳Ｇ１勝ちの血統馬が２０日福島５Ｒで初陣　手塚調教師「気持ちが乗ってきた」,https://news.yahoo.co.jp/articles/f1c836d9c2e1b517b996bee1d182c41bca56a93d,7/19(金) 6:00
umatokuh,馬トク報知,【中京記念】折り合いぴったりＲｅａｄｙボーデン　栗東滞在効果で重賞初制覇目指す,https://news.yahoo.co.jp/articles/adbbb7debfd4453937a5ab5dea7d294e6fb55abc,7/19(金) 6:00
umatokuh,馬トク報知,札幌初参戦の若手騎手２人が抱負　永野猛蔵騎手「今まで以上に気を引き締めて」長浜鴻緒騎手「高杉くんより勝ちたい」,https://news.yahoo.co.jp/articles/513cc1356a7688e0de7f84f30c415eff52b3f8f9,7/18(木) 17:49
umatokuh,馬トク報知,永島まなみ騎手が「小倉ターフ賞」を受賞　２０２２年の今村聖奈騎手に続く女性３人目,https://news.yahoo.co.jp/articles/ab3c62e0d2f28b964dd5310e0610480cf22cb675,7/18(木) 17:04
umatokuh,馬トク報知,２３年の新潟記念Ｖノッキングポイントが右前繋部浅屈腱炎で引退　サンデーサラブレッドクラブが発表,https://news.yahoo.co.jp/articles/80bbaefa7e5d4053e0ea20497a796c33634291f9,7/18(木) 15:00
umatokuh,馬トク報知,【ＰＯＧ】２週続けてオープン馬に食い下がったヴィジョンメーカーは２０日初陣　母はローズＳ覇者,https://news.yahoo.co.jp/articles/16ec44eafbbc55424bc90f23be577420fc3d59b3,7/18(木) 13:42
umatokuh,馬トク報知,【中京記念】馬体絞れてパフォーマンス向上　ボーデンはＣＷコースで折り合いピタリ,https://news.yahoo.co.jp/articles/467f3cc111bbd32072e327e5b2ddd87285785361,7/18(木) 13:39
umatokuh,馬トク報知,【船橋・森泰斗のタイトリスト】コスタドラーダ（９Ｒ）はスムーズなエスコートで好勝負に,https://news.yahoo.co.jp/articles/868082830cba6d2d0f3930bcac4dbaec02e4fe79,7/18(木) 13:00
umatokuh,馬トク報知,【ＰＯＧ】兄はＧ２勝ち馬　福永厩舎の良血馬ルージュレアリーズは２８日新潟で「仕切り直し」の初陣,https://news.yahoo.co.jp/articles/911d8d6ef89af4a215046477ccf69d1f413003a7,7/18(木) 12:18
umatokuh,馬トク報知,「２０２４ワールドオールスタージョッキーズ」出場の国内８騎手決定　武豊騎手、横山典弘騎手ら,https://news.yahoo.co.jp/articles/9c2a86943898e589320addc79185f38fe7a20929,7/18(木) 12:00
umatokuh,馬トク報知,【注目馬動向】ソウルラッシュはマイルＣＳが秋の大目標　池江調教師「叩き良化型なので、１回使って」,https://news.yahoo.co.jp/articles/f3bd69074ab643f050bcf775bdbbd3b23a960b70,7/18(木) 11:43
umatokuh,馬トク報知,【中京記念】ＣＷコースを軽快に駆け抜けたアルナシーム　陣営「自分でハミを抜いてリラックスしていた」,https://news.yahoo.co.jp/articles/d7fe64af162e5a584fe023e252547c6eb641504c,7/18(木) 11:35
umatokuh,馬トク報知,【園田・人気ジョッキーは語る】キリンジ（１１Ｒ）でＶ意識の笹田知宏騎手「格好はつけたい」,https://news.yahoo.co.jp/articles/6efa4d73591a46052ff5a6eaa2f676a7121b059c,7/18(木) 10:30
umatokuh,馬トク報知,【ＰＯＧ】超良血馬アロンズロッドが豪華併せ馬でＷコース初時計マーク　国枝調教師「特に注文をつけるところはない」,https://news.yahoo.co.jp/articles/414657d2f142a3c450a85cf4e65f8385e3b92571,7/18(木) 8:58
umatokuh,馬トク報知,【中京記念】同舞台だった小倉大賞典１～４着馬がすべて参戦　大逃げで踏ん張った３着馬セルバーグが怖い,https://news.yahoo.co.jp/articles/0ac8ea43dc2792d404f4d98292b419cbf28e049e,7/18(木) 7:00
umatokuh,馬トク報知,【中京記念】今年の小倉大賞典Ｖ馬がキレキレ１０秒９　２走前と同じ舞台に杉原誠人騎手「（１年に）２度もあるのは運がいいなと思う」,https://news.yahoo.co.jp/articles/5ff88bd91f08a9e9d004cbbce354bcd43e41620c,7/18(木) 6:30
umatokuh,馬トク報知,【中京記念】２３年毎日王冠V馬が復活へ上昇ムード　杉山晴調教師「強いエルトンをお見せできるように」,https://news.yahoo.co.jp/articles/bdd2a538022407ff4462a5279dfb004f5bdaeb74,7/18(木) 6:05
umatokuh,馬トク報知,高杉吏麒騎手が７月２１日から２日間の騎乗停止　新幹線に乗り遅れ１６日の盛岡競馬で前検量に遅刻,https://news.yahoo.co.jp/articles/ec525b65c39be7584c373190b68d2e1298419224,7/17(水) 15:58
umatokuh,馬トク報知,【注目馬動向】ラジオＮＩＫＫＥＩ賞を勝ったオフトレイルは毎日王冠で始動　吉村調教師「距離を詰めたくない」,https://news.yahoo.co.jp/articles/34c77025d97144c5a459600b28e01cf8459629c2,7/17(水) 15:52
umatokuh,馬トク報知,【クイーンＳ】新馬Ｖの全妹に続け！　復活うかがうキタウイングは上々の雰囲気で北の大地へ,https://news.yahoo.co.jp/articles/917829d572f797d85af6777793d3d69d3a7663cd,7/17(水) 15:37
umatokuh,馬トク報知,【注目馬動向】ドゥレッツァは英インターナショナルＳ参戦へ　鞍上はクリストフ・ルメール騎手に依頼,https://news.yahoo.co.jp/articles/3c9d55321e9f1946a69b2b4c134454dd22134ff8,7/17(水) 15:11
umatokuh,馬トク報知,津村明秀騎手が左鎖骨のプレート除去手術を受ける　８月１０日からの３回新潟開催から復帰予定,https://news.yahoo.co.jp/articles/4be49ffe777c38962291b52a1fe7a035e37e3283,7/17(水) 15:03
umatokuh,馬トク報知,函館２歳Ｓで重賞初制覇の佐々木大輔騎手が札幌でも活躍を誓う「同じくらい勝てたら」,https://news.yahoo.co.jp/articles/3364c5c8a9e6b7fd07f0fa200c1fb040e8789fb2,7/17(水) 15:01
umatokuh,馬トク報知,【アイビスＳＤ】マウンテンムスメは藤田菜七子騎手とコンビ継続　天間調教師「前走はうまく乗ってくれた」,https://news.yahoo.co.jp/articles/0d30d11094de2245c22fea301fcf17ee857d4fc6,7/17(水) 14:43
umatokuh,馬トク報知,【注目馬動向】９か月ぶりの函館記念は１０着だったトップナイフは昨年２着の札幌記念へ,https://news.yahoo.co.jp/articles/8b46b3575c28f21cb6c58ed65ea059e27d1b9272,7/17(水) 14:26
umatokuh,馬トク報知,【しらかばＳ】仕上がり上々のコムストックロードが三度波乱を巻き起こす　武藤雅騎手「中身も息も良さそうだった」,https://news.yahoo.co.jp/articles/28d18c221b10013482ae77274824778f199b31c9,7/17(水) 14:23
umatokuh,馬トク報知,【中京記念】小倉大賞典Ｖエピファニー、同舞台で重賞２勝目へ杉原誠人騎手「この馬にとってベストの舞台」,https://news.yahoo.co.jp/articles/f7ec7e0bd66a08426efd505296ba471504bec9ac,7/17(水) 14:19
umatokuh,馬トク報知,【ＰＯＧ】叔父、叔母に素質馬ぞろいのカラマティアノスが７・２８デビューへ　奥村武調教師「かなりいいものを感じます」,https://news.yahoo.co.jp/articles/c440a24def05c68f03009a49d138b7a7fe72c9d7,7/17(水) 14:17
umatokuh,馬トク報知,【クイーンＳ】ドゥアイズは芝コース単走でスピード感あふれる動き　鮫島克駿騎手「前進気勢が強めだった」,https://news.yahoo.co.jp/articles/67ecded0e3417f8da3b6c2d5e6072c80fa2b8085,7/17(水) 14:08
umatokuh,馬トク報知,【中京記念】トップハンデのエルトンバローズは坂路でしまい重点　杉山晴調教師「いい時の動き」,https://news.yahoo.co.jp/articles/d56a0d6222663ad34553387fa43c66a97ea4bd59,7/17(水) 14:06
umatokuh,馬トク報知,【中京記念】田口貫太騎手＆大橋調教師で師弟Ｖ狙うニホンピロキーフは鋭い伸び「先生と重賞を勝てたらうれしい」,https://news.yahoo.co.jp/articles/654a3bd67b7df5d385e0a4b49bd2c8847d07d57c,7/17(水) 12:49
umatokuh,馬トク報知,【クイーンＳ】ＮＨＫマイルＣ１７着から巻き返しを狙うボンドガールが出来の良さアピール　手塚調教師「リベンジ」,https://news.yahoo.co.jp/articles/c27b63a974bd030155c19cbda0b18203cd586da6,7/17(水) 12:43
umatokuh,馬トク報知,【浦和・保園翔也　ｔａｋｅ　ｏｆｆ！】地力確かなカミヤガルーラ（１Ｒ）はスムーズなら,https://news.yahoo.co.jp/articles/3117b4fb03f0858c9852bf833bef90ef404144bb,7/17(水) 11:30
umatokuh,馬トク報知,【注目馬動向】ソダシの妹ママコチャはセントウルＳから始動　秋はスプリンターズＳ連覇目指す,https://news.yahoo.co.jp/articles/d4043fd1af283a6c7afca60025dd90f22a0a4f46,7/17(水) 10:51
umatokuh,馬トク報知,【園田・人気ジョッキーは語る】エイシンドップラー（１２Ｒ）に手応えありの下原理騎手「古馬相手でも」,https://news.yahoo.co.jp/articles/9b2d64350d900fd125d9ecbb5583bf6c26bfee1c,7/17(水) 10:30
umatokuh,馬トク報知,【こちら日高支局です・古谷剛彦】サトノカルナバルＶ　ノーザンファームミックスセール注目度上昇,https://news.yahoo.co.jp/articles/a8208beadd78e949acc2015753a24d7a0a3c67e2,7/17(水) 10:10
umatokuh,馬トク報知,藤田菜七子が結婚語った「彼は私のやりたいことを優先してくれる」,https://news.yahoo.co.jp/articles/271f8e96d0e3666adff38aae99e4d188a5bcb96e,7/17(水) 7:00
umatokuh,馬トク報知,【中京記念】仏修行直前の田口貫太、ニホンピロキーフで中央重賞初Ｖへ絶好機,https://news.yahoo.co.jp/articles/d613646979bd80bc75c9ddcfdf8f3d513bfd52e6,7/17(水) 7:00
umatokuh,馬トク報知,「怒ってました」新婚・藤田菜七子騎手、初勝利に導いたパートナー訪問報告に「お嫁さんに行ってしまったから」の声,https://news.yahoo.co.jp/articles/6842b663f896cc944d95e4caa08450ddd19958fd,7/16(火) 18:45
umatokuh,馬トク報知,【ＰＯＧ】Ｇ１戦線で活躍の半姉に負けない素質を秘める手塚厩舎の２歳馬が先週帰厩　手塚調教師「期待馬です」,https://news.yahoo.co.jp/articles/a0aaaab2308cbc1f25e6a2590c9e4da9f4dd77b1,7/16(火) 14:45
umatokuh,馬トク報知,【しらかばＳ】充実期を迎えるマメコは連闘明けでも万全の態勢　陣営「元気が良さそう」,https://news.yahoo.co.jp/articles/cafdc257048ab6facce50e6e3e1731d58778c1b5,7/16(火) 13:16
umatokuh,馬トク報知,ルメール騎手、名馬２頭が並ぶぬいぐるみのＳＮＳ投稿に「最強コンビ」「可愛さも神技級～」の反響,https://news.yahoo.co.jp/articles/836e539a91dc8b2ece02c869af039ebda077889d,7/16(火) 12:48
umatokuh,馬トク報知,【注目馬動向】函館２歳Ｓ３着のエンドレスサマーは小倉２歳Ｓやシンガポールターフクラブ賞などが選択肢に,https://news.yahoo.co.jp/articles/80a56d4780f848462fc2a0a62a1b47e769d78dbe,7/16(火) 12:41
umatokuh,馬トク報知,【中京記念】２連勝中のセオは坂路で６６秒３　上村調教師「（前走は）安心して見ていられた」,https://news.yahoo.co.jp/articles/ce4460d5e46712691b811af8062fbc1ed764028e,7/16(火) 12:37
umatokuh,馬トク報知,【中京記念】昨年の覇者セルバーグは同舞台の小倉大賞典が好内容３着　鈴木孝調教師「今回を逆算して使った」,https://news.yahoo.co.jp/articles/6f781f48cf0d6a517043b372e6b64e9538308554,7/16(火) 12:35
umatokuh,馬トク報知,【中京記念】小倉のＧ３で２着が光るタガノパッション　武幸調教師「色々かみ合えば」,https://news.yahoo.co.jp/articles/21ed4e1c267dd18279e7b1c69ce76a31e3b00649,7/16(火) 12:27
umatokuh,馬トク報知,【中京記念】ニホンピロキーフは小倉で３戦３勝　大橋調教師「体幹がしっかりしてきた」,https://news.yahoo.co.jp/articles/694c8cf6a08d01c453930fac83dd72210fdb2dd1,7/16(火) 12:25
umatokuh,馬トク報知,【しらかばＳ】ゾンニッヒは除外の影響なく完調ムード　陣営「手応えがうなっている」,https://news.yahoo.co.jp/articles/2beb48ccfbcc902880423b722f6981b8b311ca39,7/16(火) 12:22
umatokuh,馬トク報知,【浦和・保園翔也　ｔａｋｅ　ｏｆｆ！】はまった時は強い！ボビン（１Ｒ）は流れひとつ,https://news.yahoo.co.jp/articles/db815a76448d9337a14b397efb95403a88e447db,7/16(火) 11:30
umatokuh,馬トク報知,【ＰＯＧ】セラフィックコールの半妹テリオスララが２１日の札幌・芝１８００メートル予定　陣営「恥ずかしい競馬はしない」,https://news.yahoo.co.jp/articles/333601122a8434d66be4f8dcf6b343f8279efe0e,7/16(火) 10:07
umatokuh,馬トク報知,【注目馬動向】函館記念１２着のハヤヤッコは札幌のタイランドＣへ,https://news.yahoo.co.jp/articles/239401391c7a71d5d3dc4eed06dc4a99c79417f5,7/16(火) 8:40
umatokuh,馬トク報知,【中京記念】初タイトル狙う絶好調セオ、調整はすこぶる順調「負荷をかけたがしっかりと動けたし、余力も十分」,https://news.yahoo.co.jp/articles/2872a587528168092fe502a2b6e0dd39895a951c,7/16(火) 6:30
umatokuh,馬トク報知,【中京記念】地方復帰目指す小牧太騎手、２１日“ラスト重賞”で有終の美飾り「兵庫の真のレジェンド」になる,https://news.yahoo.co.jp/articles/6cafd355040c1169dffef4cf5a46fc6200735e0d,7/16(火) 6:00
umatokuh,馬トク報知,【マーキュリーＣ】実力馬クラウンプライドが貫禄Ｖ　代打で結果の横山武史騎手「ほっとしています」,https://news.yahoo.co.jp/articles/dcc9212740b3a99b6597c16a2a1fd0830672513a,7/15(月) 18:27
umatokuh,馬トク報知,【中京記念】トップハンデはエルトンバローズの５９キロ　エピファニーとカテドラルが５８キロ,https://news.yahoo.co.jp/articles/c6e6fd6a613b64307b7a09e0fa325b5ab65dcce5,7/15(月) 16:13
umatokuh,馬トク報知,ばんえい競馬「ＪＲＡジョッキーＤＡＹ」が５年ぶり開催　８月１９日に横山武史騎手ら９人が帯広集結,https://news.yahoo.co.jp/articles/9a65c2858b5b370ce7e5e327f17ce64112489734,7/15(月) 14:29
umatokuh,馬トク報知,【中京記念】マイルＣＳ４着のエルトンバローズがＧ３で巻き返しへ　陣営「状態は徐々にアップ」,https://news.yahoo.co.jp/articles/d64506d196435309fd22c31776344d9bf1da7702,7/15(月) 14:10
umatokuh,馬トク報知,【中京記念】アナゴサンはコーナー４つの競馬で先行力生かす　牧田調教師「小回りはいいと思う」,https://news.yahoo.co.jp/articles/ef92b2fb6efd85feea1d39aba178dee07d711e8f,7/15(月) 13:42
umatokuh,馬トク報知,【中京記念・戸田の特注馬】ニホンピロキーフが無敗の小倉で反撃　田口貫太騎手が重賞初Ｖの好機,https://news.yahoo.co.jp/articles/a0570c42f5d1edec5cd0467c9f4d02696fd93c65,7/15(月) 12:15
umatokuh,馬トク報知,【南相馬特別・西山の特注馬】初の芝レースで好走したヴェサリウスは２戦目でＶ圏内へ,https://news.yahoo.co.jp/articles/d44ae746684b959301d70ea532fdea5762e3af0c,7/15(月) 12:00
umatokuh,馬トク報知,【浦和・保園翔也　ｔａｋｅ　ｏｆｆ！】２連勝中のベニノエンゼル（１Ｒ）は逃げなくても対応可能,https://news.yahoo.co.jp/articles/06ec4114127ea2fda77dbb06991e9bc571a26f7e,7/15(月) 11:30
umatokuh,馬トク報知,【中京記念・山下の特注馬】アルナシームが今度こそ　小倉大賞典のリベンジマッチ,https://news.yahoo.co.jp/articles/be847bda128b64a484a7e85421e9fb40e3c0a9be,7/15(月) 11:30
umatokuh,馬トク報知,【中京記念】去勢効果で復活を遂げたボーデンは不気味な伏兵　上原佑調教師「力は出せる舞台」,https://news.yahoo.co.jp/articles/f7ccb718e3e8ac0f08ba607a6ab18dde79cc9f22,7/15(月) 11:00
umatokuh,馬トク報知,【札幌新馬戦・松末の特注馬】Ｇ１を２勝した母を持つ良血ショウナンサムデイ初戦から注目,https://news.yahoo.co.jp/articles/5877e6da9824a79f23c8e3d92a3536b294eec198,7/15(月) 11:00
umatokuh,馬トク報知,【中京記念】決め手鋭いロングランは気配上々　陣営「順調にいい感じ」,https://news.yahoo.co.jp/articles/b3f130927dfe53e7df5e724d5b7556a418a3cdf5,7/15(月) 10:58
umatokuh,馬トク報知,【中京記念】巻き返しを期すエピファニーは小倉大賞典の再現狙う　宮田調教師「理想的な競馬ができたと思います」,https://news.yahoo.co.jp/articles/bba9441548ebe1e75f83a1e291e9d753bf1a9dee,7/15(月) 10:48
umatokuh,馬トク報知,【南相馬特別・イシゴーの特注馬】充実ぶりうかがえるライクアフラワー　叩いた上積み加えてひと押し利く,https://news.yahoo.co.jp/articles/8fdc12709c6c79996384d7482f8548710f6c84a6,7/15(月) 10:30
umatokuh,馬トク報知,左手薬指に指輪キラリ　結婚発表後初勝利！藤田菜七子騎手をファン祝福「おめでとうございま～す！」,https://news.yahoo.co.jp/articles/25131ed71a4953832f7ad237fb8012f6f277e18c,7/15(月) 6:30
umatokuh,馬トク報知,【函館記念】昨年ダービーで健闘した逸材がついに素質開花　巴賞に続く連勝で重賞初制覇,https://news.yahoo.co.jp/articles/a68ddc28c0e9027256851b245e416876126719a0,7/15(月) 6:00
umatokuh,馬トク報知,【中京記念展望】毎日王冠でソングライン、シュネルマイスターを退けたエルトンバローズが中心,https://news.yahoo.co.jp/articles/68f28b262bb36adb6c31bafd3d8a68fc33198773,7/14(日) 21:46
umatokuh,馬トク報知,横山武史騎手が函館リーディング「兄貴と慕っている藤岡佑介さんにターフィーを渡していただけるように」札幌でも狙う,https://news.yahoo.co.jp/articles/0f5b4476857c4f4fef47e786615d1b0288d4e921,7/14(日) 18:21
umatokuh,馬トク報知,岡田結実が函館記念の表彰式プレゼンター　「競馬ファンとしても胸躍る１日」,https://news.yahoo.co.jp/articles/4aa5e64780855b353557a1d5ddd71934f87b0439,7/14(日) 17:46
umatokuh,馬トク報知,【函館記念】昨年の菊花賞以来のトップナイフは１０着　横山和生騎手「１回使って順調にいってくれれば」,https://news.yahoo.co.jp/articles/4296ec63f8e818139e8972251c2d6db3b598ea24,7/14(日) 17:16
umatokuh,馬トク報知,【函館記念】武豊騎手騎乗のデビットバローズは大差１６着「３コーナーで手応えがなくなってしまいました」,https://news.yahoo.co.jp/articles/c7d08680a21d97bae6c39853a3d571d377770ab3,7/14(日) 17:08
umatokuh,馬トク報知,【函館記念】２日連続重賞Ｖを狙った佐々木大輔騎手騎乗のチャックネイト６着「マークする馬を間違えました」,https://news.yahoo.co.jp/articles/ff6a1c0e4fff6af222348600c077a07989dc8033,7/14(日) 16:58
umatokuh,馬トク報知,【函館記念】「落ち着いていたのは成長」三浦皇成騎手騎乗のグランディアが２着「ここに来て良くなっています」,https://news.yahoo.co.jp/articles/134305c6e632cfeea518026c6ed5e77ab2a6529e,7/14(日) 16:56
umatokuh,馬トク報知,【函館記念】１４番人気アウスヴァール粘った３着　３連単は５７万９２３０円　古川吉洋騎手「単騎で行けたのは良かった」,https://news.yahoo.co.jp/articles/8ff06be93ff69fa6991e2a575eab4e178518fcbc,7/14(日) 16:55
umatokuh,馬トク報知,【函館記念】今週からレース復帰、池添謙一騎手騎乗のサヴォーナは４着「１番人気に応えられず申し訳ありません」,https://news.yahoo.co.jp/articles/cb0bb1e81cc4a1ab1ce97994c5027ab8249dae5c,7/14(日) 16:46
umatokuh,馬トク報知,【福島１１Ｒ・福島テレビオープン】伏兵の８歳馬カリボールが約２年３か月ぶりＶ　杉原誠人騎手「ビックリするくらい強かった」,https://news.yahoo.co.jp/articles/5d07e3e65cc94e10ab03d8844d997a9793fccc3a,7/14(日) 16:11
umatokuh,馬トク報知,【小倉１１Ｒ・佐世保Ｓ】連闘策が実りレッドヒルシューズが連勝　今週６勝目の松山弘平騎手「集中してくれた」,https://news.yahoo.co.jp/articles/e00589a8892cd7f29e1112ddb577a325e0d44302,7/14(日) 16:09
umatokuh,馬トク報知,【函館記念】早め先頭のホウオウビスケッツ重賞初制覇　岩田康誠騎手「後続に脚を使わせることができた」３連単は５７万９２３０円,https://news.yahoo.co.jp/articles/9802e285d1d7081bd25dcb89a5d326cd05f24f33,7/14(日) 15:54
umatokuh,馬トク報知,小倉５Ｒを勝った田口貫太騎手に過怠金１０万円　直線で外側に斜行　フランス遠征には影響なし,https://news.yahoo.co.jp/articles/e25c49dce96b461f30c314929e0c159eab433fdd,7/14(日) 14:35
umatokuh,馬トク報知,日曜メインレースの注目激走馬…函館１１Ｒ函館記念・Ｇ３,https://news.yahoo.co.jp/articles/c9b1ee223506aec4be4257350d393079ae75b927,7/14(日) 14:27
umatokuh,馬トク報知,日曜小倉競馬場の注目激走馬…小倉１１Ｒ佐世保ステークス,https://news.yahoo.co.jp/articles/ea933be77758157ef68820e3bb82109156586e51,7/14(日) 13:33
umatokuh,馬トク報知,【福島６Ｒ・２歳新馬】ケイアイマハナが力強く抜け出し初陣Ｖ　戸崎圭太騎手「乗り味が良かった。楽しみ」,https://news.yahoo.co.jp/articles/659e1fdec07991ef5c2979f29f06d396a36de10f,7/14(日) 13:28
umatokuh,馬トク報知,【小倉６Ｒ・２歳新馬】ラブカンプーの娘ラブアイミーがＶ　松山弘平騎手「お母さんと同じ軽い走りをします」,https://news.yahoo.co.jp/articles/ae7b443d9e4a65bee0740a1495c372b77d7dca57,7/14(日) 13:25
umatokuh,馬トク報知,【函館５Ｒ・２歳新馬】ドゥラメンテ産駒アスクシュタインが逃げ切り　北村友一騎手「しぶとく脚を使ってくれました」,https://news.yahoo.co.jp/articles/44a60487398e884e04608cc4cd3de314c1faf363,7/14(日) 13:10
umatokuh,馬トク報知,【福島５Ｒ・２歳新馬】ホウオウガイアが３馬身差の圧勝デビュー　丸田恭介騎手「強かったです」,https://news.yahoo.co.jp/articles/0970b1ddb26c1c0537992f1f5e81d88b51267ceb,7/14(日) 12:58
umatokuh,馬トク報知,【小倉５Ｒ・２歳新馬】７番人気トップオンザヒルが押し切る　田口貫太騎手「他馬に迷惑をかけてしまった」,https://news.yahoo.co.jp/articles/6c58ad0f960d2a9a061f3dcdd594768a69195433,7/14(日) 12:45
umatokuh,馬トク報知,【福島３Ｒ】中舘英二調教師がＪＲＡ通算２００勝「口うるさい調教師を支えてくれる従業員のおかげ」,https://news.yahoo.co.jp/articles/b65724c06ee7009fc1ef915eab869f915d5ab88e,7/14(日) 12:25
umatokuh,馬トク報知,藤田菜七子騎手が結婚発表後初Ｖ　福島４Ｒを逃げ切って今年５勝目　左手薬指には指輪が輝く,https://news.yahoo.co.jp/articles/710d51249ac6292eafa9b356d2c977a14c2e18a7,7/14(日) 12:09
umatokuh,馬トク報知,【福島２Ｒ・２歳未勝利】変わり身見せたコスモキャバリエ２戦目でＶ　菅原明良騎手「道中も余裕あった」,https://news.yahoo.co.jp/articles/2f8a5c3211c58673ffda9780072746fed9a5763d,7/14(日) 11:10
umatokuh,馬トク報知,【函館１Ｒ・２歳未勝利】武豊騎手とコンビのドゥアムールが３戦目で勝ち名乗り「やはり能力はありますね」,https://news.yahoo.co.jp/articles/6ae48ed2a1f0759e7981ce2277351e81d420c650,7/14(日) 10:41
umatokuh,馬トク報知,【福島１Ｒ・２歳未勝利】逃げ切ったナムラトロム２戦目勝ち上がり　丸田恭介騎手「最後はギリギリだったけど」,https://news.yahoo.co.jp/articles/7e9509554fa13fe3c5f5a8796f8d2e2666978cc1,7/14(日) 10:27
umatokuh,馬トク報知,【函館２歳Ｓ】武豊も絶賛する３年目騎手が１番人気馬を世代初の重賞Ｖに導く「直線の手応えは他の馬と違っていた」,https://news.yahoo.co.jp/articles/dfdd90e2a0cb6358dbdc6880f58989d6c33bb6e2,7/14(日) 6:30
umatokuh,馬トク報知,【函館記念】池添謙一騎手が騎乗するサヴォーナが前日単勝１番人気　３連単は全て万馬券の大混戦ムード,https://news.yahoo.co.jp/articles/10aea4aa81727f74c8484b24c386c2aff627d209,7/13(土) 17:48
umatokuh,馬トク報知,【福島１２Ｒ】田島俊明調教師がＪＲＡ通算２００勝達成「馬たちに携わってくれた方々が一生懸命頑張ってくれたおかげ」,https://news.yahoo.co.jp/articles/a20d9c2bfc6fe6c3765d093efa96cfe04524764f,7/13(土) 17:46
umatokuh,馬トク報知,【福島１１Ｒ・安達太良Ｓ】マニバドラが人気に応え圧勝　松山弘平騎手「距離が短くなればなるほど良さ」,https://news.yahoo.co.jp/articles/a0aadb5177114e1011ced73e316e951ae2d98a2f,7/13(土) 16:54
umatokuh,馬トク報知,【小倉１１Ｒ・宮崎Ｓ】単勝１２３倍！　１３番人気クレスコジョケツＶで３連単２６２万円超の大波乱に,https://news.yahoo.co.jp/articles/f36877295628d01effcdcd75b92144c7a56aa22a,7/13(土) 16:48
umatokuh,馬トク報知,【函館２歳Ｓ】ヤンキーバローズ追い上げ届かず４着　岩田康誠騎手「はまれば勝ち負けがあったかも」,https://news.yahoo.co.jp/articles/a87357ef03d23642623d56772605361e25db211e,7/13(土) 16:40
umatokuh,馬トク報知,【函館２歳Ｓ】２番人気エンドレスサマー３着　横山和生騎手「新馬と違う展開にも対応してくれた」,https://news.yahoo.co.jp/articles/345d2801905567393edbaf044583ce35310d509a,7/13(土) 16:39
umatokuh,馬トク報知,【函館２歳Ｓ】８番人気ニシノラヴァンダ果敢に逃げて２着　永野猛蔵騎手「勝った馬が強かったです」,https://news.yahoo.co.jp/articles/fe88ff8948edeee17f85d02bb920d0d42bfd3796,7/13(土) 16:38
umatokuh,馬トク報知,【函館２歳Ｓ】武豊騎手騎乗のリリーフィールドは上がり最速で伸び６着「外に出してから脚を使っていた」,https://news.yahoo.co.jp/articles/d348be63bac1269fdf60fe2343b47a6d377e622d,7/13(土) 16:36
umatokuh,馬トク報知,【函館２歳Ｓ】ラインパシオンで重賞初騎乗の大江原比呂騎手は１３着「４角までいい感じでしたが…」,https://news.yahoo.co.jp/articles/4881dc23773bd2b550ffa59d166cd97e9afd6a14,7/13(土) 16:30
umatokuh,馬トク報知,【函館２歳Ｓ】サトノカルナバルが世代最初の重賞Ｖ　佐々木大輔騎手も初タイトル「もっともっと重賞を勝てるように」,https://news.yahoo.co.jp/articles/13dca95a0061a0a85d8eab2d78409d734a2dca67,7/13(土) 15:33
umatokuh,馬トク報知,【福島４Ｒ・障害オープン】高田潤騎手がＪＲＡ通算２００勝達成「障害レースも応援していただけるとありがたい」,https://news.yahoo.co.jp/articles/054656a13c6032cc1fef3b4564dde469947952de,7/13(土) 14:50
umatokuh,馬トク報知,土曜メインレースの注目激走馬…函館１１Ｒ函館２歳ステークス・Ｇ３,https://news.yahoo.co.jp/articles/2ff8873df2e5c23dc7497e46f1337015aecb8f53,7/13(土) 14:31
umatokuh,馬トク報知,土曜小倉競馬場の注目激走馬…小倉１１Ｒ宮崎ステークス,https://news.yahoo.co.jp/articles/a8298c9f4222e5ce43be63f024b6276f77d77aec,7/13(土) 14:01
umatokuh,馬トク報知,【福島６Ｒ・２歳新馬】重賞２勝馬の全妹キタノクニカラが初陣飾る　杉原誠人騎手「まだまだ先がある」,https://news.yahoo.co.jp/articles/740a7dd0cea584c97bd6f68bbe5882d5f2b5646e,7/13(土) 13:49
umatokuh,馬トク報知,【小倉６Ｒ・３歳未勝利】河原田菜々騎手がロビンバローズで２か月ぶりの今年５勝目「よく踏ん張ってくれました」,https://news.yahoo.co.jp/articles/69bb656a232f0ab91450c339e924461ff51fa587,7/13(土) 13:38
umatokuh,馬トク報知,【福島５Ｒ・２歳新馬】グレーターロンドン産駒のニシノルプが逃げ切り　津村明秀騎手「長く脚を使う」,https://news.yahoo.co.jp/articles/a4fa972c79fd02319e13e5fac26d828b0576de51,7/13(土) 13:33
umatokuh,馬トク報知,【小倉５Ｒ・２歳新馬】マジカルフェアリーが初陣飾る　和田竜二騎手「瞬発力あるところをみせてくれた」,https://news.yahoo.co.jp/articles/6554f07ffaf0631612731748153c4cd908266d20,7/13(土) 12:58
umatokuh,馬トク報知,【函館１Ｒ・２歳未勝利】イガッチがデビュー２戦目で初勝利　浜中俊騎手「今日は完勝でした」,https://news.yahoo.co.jp/articles/83b2529c6ac1809103a89dad4f43cb9155d47a55,7/13(土) 11:10
umatokuh,馬トク報知,【小倉１Ｒ・２歳未勝利】アメリカンビキニが２歳日本レコードで完勝　吉村誠之助騎手「能力が２つ、３つ抜けていました」,https://news.yahoo.co.jp/articles/15bec5fa2bce19fb7310d6f4aaa957a4ad63a8b1,7/13(土) 10:31
umatokuh,馬トク報知,【ＰＯＧ】ドウデュースの半弟エンダードラゴンが函館競馬場で調教開始　陣営「ジャスティンミラノやマカヒキに似ている」,https://news.yahoo.co.jp/articles/540df11d3714df44e07232f51dd400fac6e20442,7/13(土) 8:54
umatokuh,馬トク報知,左肩脱臼骨折で手術の小林美駒騎手、１３日退院　順調なら今年秋に復帰へ,https://news.yahoo.co.jp/articles/76a3b83bfc7a8dc5b9616b66f2876ec265b59090,7/13(土) 6:00
