media_en,media_jp,title_articles,link_articles,date_original
isd,インサイド,可愛すぎるピクミンのマグネットが再販決定！『ピクミン4』で登場した氷ピクミン、ヒカリピクミン、オッチンも収録した全24種,https://news.yahoo.co.jp/articles/e2d3f98ab260c1a15ae67ac76e32d11a8acf0ab9,8/9(金) 14:45
isd,インサイド,「ガンダムSEED DESTINY」ミーア・キャンベルがネグリジェ姿で立体化！台座もフワフワで可愛さ満点,https://news.yahoo.co.jp/articles/813d09f4d22fa9cd4fd107aca29c034c49c427e1,8/9(金) 14:30
isd,インサイド,宇宙に俺のサウンドを響かせてやる！「マクロス7」ファイヤーバルキリーが1/72スケールでプラモ化―別売りのバサラと並べて劇中シーンを再現,https://news.yahoo.co.jp/articles/2709953ce45906f6540ce98d7aaeb55b3e91f287,8/9(金) 14:15
isd,インサイド,突飛なことをすると先生に怒られる…『魔導物語 フィアと不思議な学校』ではプレイヤーの行動で他キャラの対応が変化！交流システムなどの新情報公開,https://news.yahoo.co.jp/articles/eedf721601f0503c2208dcbf658b6381e036d302,8/9(金) 13:40
isd,インサイド,"1,500円ガシャポンに「RX-78-2ガンダム」GUNDAM BASE限定ver.が登場！特別なカラーリング仕様の全4種がラインナップ",https://news.yahoo.co.jp/articles/b5d64f434dff7ea5ce9de9d7f39574f70c0a30e7,8/9(金) 13:00
isd,インサイド,ベリアル、「肉感を強調してセクシーに」「ムッチリくいこみ！」と要望された水着を見事着こなす―『グラブルVSR』の設定画が話題,https://news.yahoo.co.jp/articles/3548ff6eaf0ebbfea73f0c547a33f48bc13ecdd8,8/9(金) 12:45
isd,インサイド,あくたんの思い出をいつまでも…ホロライブ・湊あくあの活動6周年記念グッズが予約受付中―フルセットには「直筆サイン」の特典付き,https://news.yahoo.co.jp/articles/ae86a4e0cb20bca6ee7b682363d30c9177f1b0fa,8/9(金) 12:30
isd,インサイド,「ポケモンキッズ」最新弾に「アニポケ」リコやテラパゴスが初登場！ニャローテやシャリタツなどパルデア地方の人気ポケモンがズラリ,https://news.yahoo.co.jp/articles/931f92799db7edfe77e7ae6959ccd8ac95326320,8/9(金) 12:20
isd,インサイド,美少女が架空の東京で銃を撃ちまくる2Dガンアクション『Nitro Express』2025年発売！SMGや対戦車ミサイルまで360度フリーエイムで大暴れ,https://news.yahoo.co.jp/articles/8270cd2ac82d8ab6177287cc49669816b39b61ca,8/9(金) 12:10
isd,インサイド,「デジモン」25年間の歴代主人公＆パートナーが、描き下ろしイラストで登場！デフォルメされたキュートな人気商品が再販,https://news.yahoo.co.jp/articles/551638cb9520e0e49a09dad4abe9942739edd039,8/9(金) 11:50
isd,インサイド,普段と違うニケたちの姿に注目…！『勝利の女神：NIKKE』TCG『ユニオンアリーナ』ブースターパックの再販分が抽選受付中,https://news.yahoo.co.jp/articles/bd86c48648cf04f94602b15221880a8a6643367e,8/9(金) 11:35
isd,インサイド,「コードギアス 新潔のアルマリア」よりナイトメアフレーム「鞠熾天」が立体化！右腕は3つの武装を換装可能ー「紅蓮聖天八極式」をコピーし改修強化した機体,https://news.yahoo.co.jp/articles/f7d102656fe0b756a006665ed5b9e6ae66fa0500,8/9(金) 11:20
isd,インサイド,日本で予定していた『VALORANT』eスポーツ国際大会がインドネシアへ開催地変更―配信環境や競技形式に制約、競技環境悪化のリスクを懸念,https://news.yahoo.co.jp/articles/175a3d620cc862d86b7f67874e0211f07915cb37,8/9(金) 11:07
isd,インサイド,2025年も「ちいかわ」で迎えよッ!! 巳年におめかししたぬいぐるみ、ブランケットなどお得すぎる“ハッピーバッグ”が予約受付中,https://news.yahoo.co.jp/articles/a55b43937f87989dcd1c767f1aa059d0efe0e1ab,8/9(金) 11:00
isd,インサイド,『8番出口』のPS5/PS4版が突如配信！名物キャラ「おじさん」の描き下ろしグッズを使用した“ポップアップショップ”も開催決定,https://news.yahoo.co.jp/articles/79f975b7859f7e33420d36506c4590b3358755d5,8/9(金) 10:40
isd,インサイド,「聖戦士ダンバイン」より「ビルバイン」が大型スタチューフィギュアに！腕パーツの差し替えでソードとライフル持ちが選択可能,https://news.yahoo.co.jp/articles/992ef0c2262cde4010c0957e29f01236cdcf1421,8/9(金) 10:35
isd,インサイド,「ガンダムビルドダイバーズ」公式外伝より「ガンダムストームブリンガー P.F.」が本日8月9日11時に予約受付開始！重装甲、重武装なシルエットがクール,https://news.yahoo.co.jp/articles/0d2af637c3b65a3dd912a7dfa854ad8e1c93a6b2,8/9(金) 10:00
isd,インサイド,【コスプレ】トウカイテイオーが凛々しくて可愛い！囲まれるほど人気の中国レイヤー・綺太郎が躍動【写真8枚】,https://news.yahoo.co.jp/articles/d3018b1c714ffd47881a5c5154237374cc26739d,8/9(金) 7:00
isd,インサイド,"1回14,000円の「ワンピース」一番くじ、いよいよ発売！ラインナップは超ハイクオリティな「カルガラ」フィギュア2種のみ",https://news.yahoo.co.jp/articles/e31f32dbf908635d40d2d682e35384e274df7a8b,8/9(金) 5:00
isd,インサイド,数量限定、PS5『アストロボット』デザインのDualSenseコントローラーが順次予約開始！タッチパッドの「目」が可愛い,https://news.yahoo.co.jp/articles/2fa022f2543dbc5feda6c251c77a8704b78e57b4,8/9(金) 0:10
isd,インサイド,マクドナルドのハッピーセットに『ポケモン』がやってくる！ニャオハの望遠鏡、モンスターボールコンパスなど全8種をラインナップ,https://news.yahoo.co.jp/articles/68df4a549e14af7f6cbc3ef59d761621be77add0,8/9(金) 0:00
isd,インサイド,『FGO』注目度急上昇の「紅閻魔」！“かわよ”から“つよかわ”進化でセイバー最優候補に─「アビゲイル」は〔恐怖〕特攻とNPチャージが追加,https://news.yahoo.co.jp/articles/3c776ae8d6cc1b09977b6a45a6e514d0f37dedbb,8/8(木) 21:10
isd,インサイド,小説版「アーマード・コア」より「ウィクトーリア」が、忠実な再現度を誇るプラモデルに！白いボディで駆ける主人公機が予約受付中,https://news.yahoo.co.jp/articles/9789d9ee7d652972de45acff210af145eae65232,8/8(木) 20:30
isd,インサイド,【コスプレ】8月8日は常闇トワの誕生日！時には甘く、時にはクールに小悪魔な微笑みで魅了する美女レイヤーたちのトワ様をお届け【写真47枚】,https://news.yahoo.co.jp/articles/d07dad28c0428f13805f8f78c239f210be265d8c,8/8(木) 20:00
isd,インサイド,「ドラゴンボール」が4対4のMOBAに！新作ゲーム『DRAGON BALL PROJECT : Multi』スマホ/Steam向けに発表,https://news.yahoo.co.jp/articles/0feabd3121f002639d1de1f309fe97b72d266f23,8/8(木) 19:15
isd,インサイド,伝説の“死にゲー”からワンダーな冒険まで名作が再誕！ 最大82％OFFで懐かしいゲームを遊び尽くせ【eショップ・PS Storeのお勧めセール】,https://news.yahoo.co.jp/articles/bbaaadb8c0222e67d150a9c8f7f3da51d376ff4b,8/8(木) 19:00
isd,インサイド,『モンハンワイルズ』ガンランスの紹介映像が公開！砲身内部がドリルに変形、モンスターに突き刺すとんでも新技も,https://news.yahoo.co.jp/articles/c6389ad65cdf753e1c69eb22bc73215b92ff6ec4,8/8(木) 18:30
isd,インサイド,「機動戦士ガンダム」45周年記念にROBOT魂「Gアーマー ver. A.N.I.M.E.」が豪華セットで登場！全7形態を再現するギミックを内蔵、多数のオプションが付属,https://news.yahoo.co.jp/articles/bf205890aeda4a6ccfee1160d63b2ff6e97f6de5,8/8(木) 18:20
isd,インサイド,TVアニメ「ポケットモンスター」が横浜のお菓子「ハーバー」とコラボ！パッケージに「キャプテンピカチュウ」が登場,https://news.yahoo.co.jp/articles/5a9e6790b993f24482f550e59571dcb8de684312,8/8(木) 18:00
isd,インサイド,「METAL BUILD ダブルオークアンタ フルセイバー」がイベント開催記念商品として登場！4本目の“GNブレイド”などで新たなシルエット構築が可能に,https://news.yahoo.co.jp/articles/62f265345c7cc7bc995712efcdfbdcf2622e5b45,8/8(木) 17:45
isd,インサイド,後ろ姿が気になる…！一番くじ『勝利の女神：NIKKE』第4弾よりフィギュア「レッドフード」「紅蓮」が先行公開―射撃姿勢と待機モーションを再現,https://news.yahoo.co.jp/articles/826fbccc5957b9c615644bb03d276e9281979c3e,8/8(木) 17:30
isd,インサイド,まるで鉄塊な極太の剣！「ベルセルク」ワールド全開な一番くじが登場―原作イラストや「ガッツ」フィギュアなど全ラインナップが公開,https://news.yahoo.co.jp/articles/73ce3ee84c5f318b42104d5f5d4a5a45578b599b,8/8(木) 17:00
isd,インサイド,『勝利の女神：NIKKE』新ニケ「ツバイ」実装！「マルチャーナ」先生の学生服姿にも衝撃走る,https://news.yahoo.co.jp/articles/c03fc11f0952ba3016db7d5104cb819b28567621,8/8(木) 16:50
isd,インサイド,デカい…！『FGO』セイバーオルタが1/4スケールで“現界”―圧倒的ボリュームで剣を持ち、凛々しく立つ姿が美しいフィギュアに,https://news.yahoo.co.jp/articles/e11ebb31cfafb75e73b9868a2c36b69330d99941,8/8(木) 16:35
isd,インサイド,「ファミチキは“ガチ”」eスポーツキャスターや声優も投稿…喉や唇の潤滑油？おすすめの声が上がる,https://news.yahoo.co.jp/articles/854d2480109c48bdb97c5c682f07c332ae81d571,8/8(木) 16:30
isd,インサイド,『UNDERTALE』サンズ、パピルスたちが「BATTLE」テーマの描き下ろしラバーマスコットに！Toby Fox氏総監修の全8種をラインナップ,https://news.yahoo.co.jp/articles/f4cdc8f9af4361c1c697d481f9156956f9f489fb,8/8(木) 16:00
isd,インサイド,『勝利の女神：NIKKE』が新コラボ開催を示唆―告知画像から「エヴァコラボ」を予想する声で盛り上がる,https://news.yahoo.co.jp/articles/6f5ad3d6c489367ba2f63f6bc68429ea94807563,8/8(木) 15:15
isd,インサイド,ホロライブ・大神ミオ、百鬼あやめ、獅白ぼたんが缶コーヒー「BOSS」＆麻雀「Mリーグ」と同時コラボ！特別な「ボス雀ジャン 」が当たる,https://news.yahoo.co.jp/articles/684950db5a6f077f7ee6048d226558ce2fea82b2,8/8(木) 15:00
isd,インサイド,2024年7月に最も視聴されたVTuberトップ3は兎田ぺこら、葛葉、叶―世界トップ10のうちホロライブが6名、にじさんじが2名を占める,https://news.yahoo.co.jp/articles/f7b955bbf0bd17567c293eea141fce95a3178fb8,8/8(木) 13:45
isd,インサイド,「よっ！トロピカルだねぇ！」『ヘブンバーンズレッドカフェ～2024 in 海の家～』フォトレポ―キャンサーパンケーキやナービィフルーツポンチなど夏真っ盛り！,https://news.yahoo.co.jp/articles/33dc6bff57e334bfb18c11aa0f24cfbcb1812f30,8/8(木) 13:15
isd,インサイド,『アークナイツ』『ブルアカ』などのYostarが新作モバイルゲームの開発チームを発足―「ゲーム本来の楽しさを提供する」べくディレクター候補を募集,https://news.yahoo.co.jp/articles/0009964363d53e5f077dc7b34610686f3cebf71d,8/8(木) 13:12
isd,インサイド,HD-2D版『ドラクエ3』では「オルテガ」の人柄や旅路がわかるエピソードを追加！勇ましいキャラクターイラスト＆担当声優も公開,https://news.yahoo.co.jp/articles/e90ac291e8a6d5cdfd1ff732ce2007ec570b3bef,8/8(木) 13:05
isd,インサイド,にじさんじEN「ヘックス へイワイヤー」が8月23日に卒業へ―所属するユニットは残ったメンバーで活動を継続,https://news.yahoo.co.jp/articles/872a953cefa926e133525f058f915222d3ed0227,8/8(木) 12:56
isd,インサイド,ピカチュウやヌオーにアクセサリーを預けられる！『ポケモン』ジュエリースタンドにもなるフィギュアが登場,https://news.yahoo.co.jp/articles/582eb89856fb87005a2e447f8a8bfa1557a31d72,8/8(木) 12:35
isd,インサイド,今年も「夏休み The k4sen」開催決定！SHAKA、葛葉、叶、ラプラスら総勢26人が3グループに分かれて“課題”に挑む,https://news.yahoo.co.jp/articles/e54d8f184fc7212439d9f00a846b388de75ce0d4,8/8(木) 12:25
isd,インサイド,ベルゼブブの二次元彩色フィギュアは必見！鳥山明原作「SAND LAND: THE SERIES」一番くじ全ラインナップが公開,https://news.yahoo.co.jp/articles/88ebc365036e3691f115cd193df26a865df84d11,8/8(木) 12:10
isd,インサイド,【コスプレ】コミックマーケット104開幕直前！「ホロライブ」が大躍進、『原神』『ブルアカ』から人気アニメまで1年前を振り返ろう,https://news.yahoo.co.jp/articles/3e3c552c3f16456d6a87c50776cfc640d409ace9,8/8(木) 12:00
isd,インサイド,星空の下で戯れるうさにゃん…！「mofusand」一番くじ全ラインナップ公開ー目玉のA賞はビックサイズな月のうさにゃんぬいぐるみ,https://news.yahoo.co.jp/articles/dc4c602fcefdd6a44475b83c4a5aad430fb94917,8/8(木) 11:45
isd,インサイド,「俺の歌を聴けー!!」バサラ＆ミレーヌが歌う、伝説のバンド「Fire Bomber」ライブシーンを再現したフィギュア登場,https://news.yahoo.co.jp/articles/91b63ee794c1c5eabcdba81eb35b13b208819534,8/8(木) 11:35
isd,インサイド,「マクロス7」より「HI-METAL R ファイヤーバルキリー」と一緒に飾れる「サウンドブースター」が商品化！オリジナルギミックでファイター形態への装着を実現,https://news.yahoo.co.jp/articles/433eaea0ea64bf5fed47b22965ff40fa1e1b6126,8/8(木) 11:20
isd,インサイド,めずらしい“スイクンの寝顔”！『ポケモンスリープ』に9月上旬登場―あくびをする仕草も可愛らしい,https://news.yahoo.co.jp/articles/5bccd286ea4bfa2120f900fdc3bd90e423b4d238,8/8(木) 11:00
isd,インサイド,モンスターボールを開けると指輪が！クワッスやタマザラシがちょこんと乗った「ポケモンリング」が、カプセルトイで登場,https://news.yahoo.co.jp/articles/fa26794b39c7f57da2f0de29142bc08affefd30b,8/8(木) 10:45
isd,インサイド,目からビーム！50周年の初代「メカゴジラ」がアクションフィギュア化―咆哮やミサイルなど可動＆発光ギミックがモリモリ,https://news.yahoo.co.jp/articles/343b1c4f0a56f181b40e0d66a95f26a6e19fa5d8,8/8(木) 10:35
isd,インサイド,「機動戦士Zガンダム」より「ジム・スナイパーカスタム （ジャブロー防衛隊仕様）」がROBOT魂で立体化！ハイパー・バズーカなど豊富な装備が付属,https://news.yahoo.co.jp/articles/8a77cd62057df52930c9779138dccabf9b3509ca,8/8(木) 10:25
isd,インサイド,HG初商品化の「ドラグナー3 リフター3装備タイプ」も！「機甲戦記ドラグナー」より3商品がプレバンに一挙登場,https://news.yahoo.co.jp/articles/c29ff1c6f1c36136c1218b69c2f92f1826697cb0,8/8(木) 10:10
isd,インサイド,マイティーストライクフリーダムが早くもゲームに！『ガンダムブレイカー4』の発売後無料アップデートで参戦決定,https://news.yahoo.co.jp/articles/357d13e3c68094685d636be8daebd85c7385663d,8/8(木) 8:30
isd,インサイド,【猫の日記念】ゼンゼロ、NIKKE、化物語…猫耳に魅了される美女コスプレはお好きですか？【写真38枚】,https://news.yahoo.co.jp/articles/b26fc79f5d3c4bda3bdbcbd682c0362a62671fe6,8/8(木) 7:00
isd,インサイド,『遊戯王』カードが、セブン‐イレブンでもらえる！先着順/全7種、このキャンペーンだけのオリジナルデザイン,https://news.yahoo.co.jp/articles/bf66e17b3d3af73be115453a6502d32363b9f99d,8/8(木) 5:00
isd,インサイド,今年も“夏ポケカ”がやってきた！ニャオハやピカチュウが当たる「プロモカードパック」をプレゼント,https://news.yahoo.co.jp/articles/457ec5510f68bbf4720aa7b954e743c75b16ad29,8/8(木) 0:30
isd,インサイド,「ちいかわ」人気カプセルトイのアクキーが再販！“寄生”や“カニ挨拶”まで集めるチャンス,https://news.yahoo.co.jp/articles/765e5c8e38c4452a777f5cb5410815720aae6016,8/8(木) 0:20
isd,インサイド,吉野家で『星のカービィ』コラボがスタート！限定フィギュア付きの「カービィ盛」や、受注生産の「カービィどんぶり」など見逃せない内容に,https://news.yahoo.co.jp/articles/44f58b0382c7e810844af733fdefd7da0ebf4ff0,8/8(木) 0:10
isd,インサイド,『ポケモンGO』“激レア”シャドウ色違いがやってくる！「アドベンチャーウィーク：占拠イベント」重要ポイントまとめ,https://news.yahoo.co.jp/articles/c415d0382973458676b11aeb70f7f54fb18206dc,8/8(木) 0:00
isd,インサイド,2024年 コスプレ界隈で人気のコンテンツは？3位『原神』、2位『NIKKE』―美女レイヤーを徹底調査【写真64枚】,https://news.yahoo.co.jp/articles/618eb1b6b8a4f3013b794bdcdaf5fa14fcf9b95f,8/7(水) 20:00
isd,インサイド,まさかの公式“ダサセーター”が爆誕…にじさんじ・花畑チャイカや月ノ美兎の顔面がそのまんま描かれた新グッズ発表―イブラヒムも「ほんまにダサい」と困惑,https://news.yahoo.co.jp/articles/285849ec2719c748bd7c81d70b184f00ba5bc5eb,8/7(水) 19:30
isd,インサイド,ホロライブ・博衣こより、獅白ぼたんらが“平成ファッション”に身を包む！可愛い×クールな新作グッズがHMVにて展開,https://news.yahoo.co.jp/articles/21f6aac3801c37241019e6c0640bc2aff3266208,8/7(水) 18:45
isd,インサイド,『モンハンワイルズ』操虫棍の紹介映像が公開！急襲突きらしきモーションや、エキスの色が分かるような演出も,https://news.yahoo.co.jp/articles/e7521e60f5c8a6cd4ebf10d3d5db97ea95fccb88,8/7(水) 18:20
isd,インサイド,「一番くじ ホロライブ vol.5」全ラインナップ公開！ホロメン10人の描き起こしビジュアルボードなどを用意,https://news.yahoo.co.jp/articles/24326273c4551783923aa63058ce7aa841706fe2,8/7(水) 18:10
isd,インサイド,『シャニマス』×【推しの子】コラボ第2弾で「MEMちょ」がプロデュース対象に！B小町と283プロが邂逅するシナリオは必見―第1弾も復刻中,https://news.yahoo.co.jp/articles/85471de8e61ee389c5b05ab97e0ce09e4d94ef98,8/7(水) 17:45
isd,インサイド,つぶらな瞳のチョコボがかわいい！モーグリやサボテンダーも描かれた『FF』のメガネケースが予約受付中,https://news.yahoo.co.jp/articles/d17a853e678b3bcb23d06a748adc3b70f644a065,8/7(水) 17:15
isd,インサイド,魅惑の金髪ギャル！『勝利の女神：NIKKE』より「ルピー」のフィギュアが予約開始―ショッピングバッグや輝くアサルトライフルまでしっかり再現,https://news.yahoo.co.jp/articles/02bd4790865f13fa57e3294ac4ac10339cc6deab,8/7(水) 17:00
isd,インサイド,オンラインは軒並み売り切れ…VTuber「しぐれうい」お面が付録の「コンプティーク 2024年9月号」公式X（旧Twitter）が書店利用を呼びかけー問い合わせのための雑誌コードも投稿,https://news.yahoo.co.jp/articles/f0143a5c65110b8ad0faf75e7b5bf72512e99ef6,8/7(水) 15:15
isd,インサイド,“まんぷくカービィ”のモチッと感がたまらない！ソフビ「星のカービィ ぷにぷにし隊」がカプセルトイに登場,https://news.yahoo.co.jp/articles/0bd186284a02e670895b1296ac806a0ebab611ff,8/7(水) 15:10
isd,インサイド,10年前の狩野英孝さんにそっくり？『Dead by Daylight』新キャラクターが話題で本人も反応―『悪魔城ドラキュラ』コラボで,https://news.yahoo.co.jp/articles/96afbfb55c582a0a785e31364ff1b17a0ec41959,8/7(水) 14:15
isd,インサイド,3人異議あり！候補デザインが濃すぎる…『逆転検事』の新作Tシャツに関するアンケートが実施中―オバチャンやタイホくん、そして“倒れた御剣”も案に,https://news.yahoo.co.jp/articles/84b1fdd5e4b0df02067448a5d94c0fee4bb2acc2,8/7(水) 13:55
isd,インサイド,『Gのレコンギスタ』より「メガファウナ」が立体化！精密ディテールの「コスモフリートスペシャル」に登場―格納庫ハッチは開閉状態も再現可能,https://news.yahoo.co.jp/articles/ae29290aaf22706626679b889de480031e5173e0,8/7(水) 13:45
isd,インサイド,「ワンピース」3本の刀を携えた“海賊狩りのゾロ”！男前すぎる造形のフィギュアが、“限定復刻版”として再登場,https://news.yahoo.co.jp/articles/93e8ab7c12d821b00c7ee9cc7b4fd74bc4b3bd2a,8/7(水) 13:35
isd,インサイド,「ロトの剣」と「ロトの盾」金属製キーホルダーがカッコいい！『ドラクエ』より重厚感のあるアイテムが受付中ー8月10日発売,https://news.yahoo.co.jp/articles/3b747cef7e0ae5ba1c8b66aac5991d89f7097837,8/7(水) 13:30
isd,インサイド,大きなスライムぬいぐるみは抱き心地もよさそう！『ドラクエ』より「スライムつむり」ビッグクリアフィギュアなど新作プライズが順次展開,https://news.yahoo.co.jp/articles/4430e8bb45ae2ecf05fbac0eee48068e126ae933,8/7(水) 12:30
isd,インサイド,ホロライブ・湊あくあ主演の恋愛ADV『あくありうむ。』完全新作ゲームが制作中止に…発売中の1作目は販売継続,https://news.yahoo.co.jp/articles/c6a8e02284b61541c75d4bb5c8de1740b421cc44,8/7(水) 12:29
isd,インサイド,『ポケモン』ウインクしたワンパチがキュート！大きくて触り心地の良さそうな新作ぬいぐるみがプライズにて続々展開,https://news.yahoo.co.jp/articles/16bc454f1b38bc4f68c4edc65b57985bd7c5b542,8/7(水) 12:15
isd,インサイド,ガンダムシリーズ永遠のヒロイン「セイラ」フィギュアが再販！銃を構えた凛々しくも美しい姿を立体化,https://news.yahoo.co.jp/articles/3fde952c1daa41ea5acf76c48758d387df687c5b,8/7(水) 12:10
isd,インサイド,ホロライブに初音ミク、ハルヒまで！コミケ開催が待ちきれない人向けに、昨年の美女レイヤーをプレイバック,https://news.yahoo.co.jp/articles/6a55c7b1fbf67057a81e4ebacd8f01499eb4693e,8/7(水) 12:00
isd,インサイド,アイルーやモンスターで自分好みにデザイン！ユニクロ「UTme!」に『モンハン』シリーズのスタンプが新たに登場,https://news.yahoo.co.jp/articles/c6b31362b2d058f968be97f7202ff1257513f07f,8/7(水) 11:40
isd,インサイド,インパクトばつぐんだ！『ポケモン』になりきれる着ぐるみと帽子がアベイルオンラインストアにて予約受付中,https://news.yahoo.co.jp/articles/c1fb1941c3b48cee02538644c6e88c272712f5aa,8/7(水) 11:15
isd,インサイド,ホロライブ卒業の「湊あくあ」、関連グッズの対応が案内―注文済み商品は発送、「ゲーミングチェア」のみ返金対応を受付,https://news.yahoo.co.jp/articles/4605b8385751e1a63655a050f4f0a18058426609,8/7(水) 11:05
isd,インサイド,俺と、結婚してくれ「水星の魔女」よりメカぐるみ「グエル」が立体化！目を輝かせた表情パーツなど付属ースレッタ、ミオリネも再販,https://news.yahoo.co.jp/articles/79867975953f35a91e8349a7dcca9b7c88e27795,8/7(水) 10:45
isd,インサイド,『原神』新キャラクター「★5 エミリエ」実装！燃焼状態に特化した草元素サブアタッカー、復刻祈願には「夜蘭」も,https://news.yahoo.co.jp/articles/99e5c925842699e6ada7965a5a9b5d84b8c060a5,8/7(水) 10:25
isd,インサイド,「ちいかわ」泣ける名シーン「ほめられリボン」など3種を立体化！テラリウムの中に愛らしい世界観がギッシリ,https://news.yahoo.co.jp/articles/7bf4485e031826e137944a72060295db7f4e5e7b,8/7(水) 10:10
isd,インサイド,「MG 1/100 ガンダムF90」と「RG 1/144 量産型ズゴック」が再販！本日8月7日11時よりプレバンにて予約受付開始,https://news.yahoo.co.jp/articles/76ba2b6fcfe1a9a944597d7e4a28fd0be8b8e119,8/7(水) 10:00
isd,インサイド,『機動戦士ガンダム 逆襲のシャア』より大型MA「α・アジール」がマシンビルド化！お値段4万超え、HGシリーズに合わせたバストアップモデル,https://news.yahoo.co.jp/articles/87f4aa0fe2214ab3ace5a39548e455b418cdb848,8/7(水) 9:40
isd,インサイド,【コスプレ】本日は「星川サラ」のお誕生日！VTuberの輝く1番星、元気いっぱいの笑顔が眩しい美女レイヤーまとめ【写真38枚】,https://news.yahoo.co.jp/articles/1fe564a8aecb6d28ac6b7c6ce68d92f73476cfe0,8/7(水) 7:00
isd,インサイド,ホロライブ・湊あくあが卒業へ…8月28日をもって活動終了、理由は「会社との方向性の違い」,https://news.yahoo.co.jp/articles/d335da91214220302cbbc6f444458691f729f8ff,8/6(火) 20:10
isd,インサイド,「FGOフェス2024」圧倒的な実在感を見せる公式コスプレイヤーの凄みに驚嘆！人気キャラ勢揃いの撮り下ろし写真まとめ【写真50枚】,https://news.yahoo.co.jp/articles/d18298ff4e5c3ab714349b3deea248633a9fcdde,8/6(火) 20:00
isd,インサイド,『FGO』「当たりしかない」9周年の最強福袋4選！ 新人＆復帰マスター必見、“ハズレナシの召喚”で戦力増強を狙え,https://news.yahoo.co.jp/articles/6cedeec1768867b71a2a1d338b90c17859ee4d9e,8/6(火) 19:10
isd,インサイド,ホロライブ・湊あくあの「大切なお知らせ（残念なほう）」にリスナー間で不安広がる…配信は本日8月6日20時から,https://news.yahoo.co.jp/articles/6395d77b884596ff5289df2e9d1ac1e1f0088698,8/6(火) 18:46
isd,インサイド,健康的なスタイルが夏らしい！『ドルウェブ』ユニフォーム姿でトレーニング中の「咲宮入華」が立体化―ボディにフィットする水着に釘付け,https://news.yahoo.co.jp/articles/08c5fade984a4240c92acbf1349035c7307fba30,8/6(火) 18:30
isd,インサイド,『モンハンワイルズ』ヘビィボウガンの紹介映像が公開！機関竜弾を彷彿とさせる「竜熱モード」が新登場,https://news.yahoo.co.jp/articles/2ac19d5ca32ab60714e0d1b7aa5ac4da414a4cc1,8/6(火) 17:50
isd,インサイド,“ちいかわ”たちがちょこんとお座り！「ちいかわ ぬいぐるみBIG4」が8月8日より再販,https://news.yahoo.co.jp/articles/7f7aa6ae89afd707ed37a4fbe89f8bfa73b7e620,8/6(火) 17:45
isd,インサイド,『ヘブバン』悪質な脅迫行為により公開生放送が急遽中止―警察と連携の上、法的措置をもって解決に取り組む,https://news.yahoo.co.jp/articles/686bea17c1180ad8b6362ccd24ddac920e886eea,8/6(火) 17:30
isd,インサイド,【うぽつ】全ての“ニコ厨”大歓喜！ニコニコ動画復活記念「レッツゴー！陰陽師」をヒャダインさんやZUN氏ら“レジェンド”が歌い踊って華々しく帰還,https://news.yahoo.co.jp/articles/b3850c3cb209fcc1f476f6b87081332547547e67,8/6(火) 17:10
isd,インサイド,『メダロットS』×「機動戦艦ナデシコ」コラボ決定！メダロットになった「ホシノ・ルリ」や「ブラックサレナ」を見よ,https://news.yahoo.co.jp/articles/bef628678e36440f2ca846dd75d0679448820582,8/6(火) 17:00
isd,インサイド,「ほおばりヘンケイ」で車になったカービィも！レトロでポップな置き型フィギュア「Kirby in Pop City!!」が11月18日発売,https://news.yahoo.co.jp/articles/fa559e594a8a5c2fd224369fcd508d32e7bb17f0,8/6(火) 16:30
isd,インサイド,『ポケモン』寄り添うヌオー＆ドオーに癒やされる！モンスターボール型テラリウム＆強く凛々しいカイリューたちのフィギュアが登場,https://news.yahoo.co.jp/articles/22fc51cf0fd4e0b1504e3206459fe59c1e2fe30f,8/6(火) 16:15
isd,インサイド,3Dプリンターでフィギュアを！？バンナムの新サービス「アソビストアラボ」第一弾となる『ミリマス』フィギュアが一部公開―モデルデータは「ミリアニ」のものを使用,https://news.yahoo.co.jp/articles/ddd17216ba6263e3d23794d143f6dd2d09a3a9fa,8/6(火) 15:00
isd,インサイド,“もうひとつの甲子園”に迫る！スポーツ雑誌「Number」×「にじさんじ甲子園」コラボ再び―舞元啓介と天開司の対談や五十嵐梨花への独占インタビューを掲載,https://news.yahoo.co.jp/articles/9e34dfd30142aa60c2263bb211a1c90b4b674a65,8/6(火) 14:00
isd,インサイド,「絶望の運命から救い出すために…」まどマギシリーズ新作『魔法少女まどか☆マギカ Magia Exedra』キャラクターPV「暁美ほむら」が公開,https://news.yahoo.co.jp/articles/40a3efb863e4f6f31fd8bef210596241385fe66d,8/6(火) 13:45
isd,インサイド,肉体美が素晴らしい…！『スト6』“バニーな春麗”が圧倒的な美脚＆筋肉でフィギュア化―オリジナル衣装は必見,https://news.yahoo.co.jp/articles/b2e9dbf45bbeca87d6cecb3f84a58dd09a64b39d,8/6(火) 13:30
isd,インサイド,どうして、それを選んだ！？ 何度でも見たいコミケの“ネタコス”11選【写真44枚】,https://news.yahoo.co.jp/articles/f4f9416f02e03931eca9983f2735407e8ab71d87,8/6(火) 13:10
isd,インサイド,ゲーム配信者コミュニティとも馴染み深い「VAULTROOM」実店舗が渋谷に！8月9日オープンへー来店抽選受付も実施中,https://news.yahoo.co.jp/articles/0648eb820fce46ccf3a9c2520f878a0d4bbd7401,8/6(火) 12:55
isd,インサイド,敵を見据える凛々しくも険しい表情にも注目！『FF7リバース』より「クラウド」がバスターソードを構えた勇ましい姿で立体化,https://news.yahoo.co.jp/articles/27330a13bc63fa5297e151bc1c525640ed521037,8/6(火) 12:20
isd,インサイド,“本物”すぎる…！桜井政博氏が「レゴ」で作る海外版ファミコン「NES」に挑戦―80年代を丸ごと再現したファン垂涎アイテム,https://news.yahoo.co.jp/articles/806a011fc8d6740f6ad11245104a555d0a63ebef,8/6(火) 12:00
isd,インサイド,風船を持ったカービィが可愛い！『星のカービィ』定番人気からイベント限定アイテムが揃う期間限定ショップが京王百貨店にて8月15日開催,https://news.yahoo.co.jp/articles/b384b5e957e72795dba3d1e7b0dadc3fdc9330da,8/6(火) 11:30
isd,インサイド,躍動感がたまらない…！「ワンピース」より今にも斬りかかりそうな「シャンクス」がプライズ向けにフィギュア化,https://news.yahoo.co.jp/articles/0982a63cbf6787975681408686b8df8e67306792,8/6(火) 11:05
isd,インサイド,太ももやお腹もこだわりの仕上がり！『ゼンレスゾーンゼロ』から「アンビー」が早くもフィギュア化―あみあみで予約開始,https://news.yahoo.co.jp/articles/9f66704a652bcd5427ff25522a40164869c3e6d7,8/6(火) 10:35
isd,インサイド,一度見ると忘れられない！「ちいかわ」より「イヤッ！」な“泣き顔”だけを集めたマスコットが登場,https://news.yahoo.co.jp/articles/9db0a2509df44ee94d9e1cb2a5d416179edd9191,8/6(火) 10:30
isd,インサイド,MGガンプラ「ガンダムF90」が盛り沢山！本体4機と専用ミッションパックなど全13商品が本日8月6日11時より予約受付開始,https://news.yahoo.co.jp/articles/185b248f8fe19f6614021988d2dad816aaa91813,8/6(火) 10:10
isd,インサイド,新作ガンプラ「MG F90IIIY クラスターガンダム」プレバンで予約実施！メガ・ビーム・バズーカ2挺を構える姿がカッコイイ,https://news.yahoo.co.jp/articles/ee180904c3b13b9c19557995c053d3065ca2095d,8/6(火) 9:40
isd,インサイド,【コスプレ】クールな『ブルアカ』ユウカが可愛い！注目レイヤー・えびせんべい【写真8枚】,https://news.yahoo.co.jp/articles/c7b13d94d0c2322cdf83ff85dc44224ef2b576fe,8/6(火) 7:00
isd,インサイド,『ゼルダの伝説 知恵のかりもの』ゲルド砂漠にゾーラ族の姿も！ハイラル各地やゼルダ姫の新アクションを紹介する最新映像公開,https://news.yahoo.co.jp/articles/221fd58bbc8f0c597682861d2494ce44792570ac,8/5(月) 22:44
isd,インサイド,【コスプレ】『FF7』ティファの再現度が凄すぎて、もはや本物！衣装からプロポーションまでこだわる人気レイヤー・mayu_ronne【写真9枚】,https://news.yahoo.co.jp/articles/c314a1d08637f097b850a4fa7e3e3aa07e817653,8/5(月) 20:00
isd,インサイド,『FGO』ディレクターレターで「アペンドスキルの今後の対応」が発表―解放済みスキルの切り替え機能、サーヴァントコインの復元などを実施へ,https://news.yahoo.co.jp/articles/cec7a7ebd5bebc66388c04b576bedd1e02fca982,8/5(月) 19:07
isd,インサイド,サロメ嬢「私も“そっち側”ってことですの？」―「にじさんじ」×「ビックリマン」コラボで“胡散臭い（良い意味で）トリオ”爆誕か,https://news.yahoo.co.jp/articles/d4a02619ee40aac0d0854732c580a7264775bb23,8/5(月) 18:30
isd,インサイド,『モンハンワイルズ』武器種別の紹介動画が公開！初日は「大剣」、新アクションの一部も確認可能,https://news.yahoo.co.jp/articles/e1edb13367df53e958e0d2a7eedea0104cbbd853,8/5(月) 18:15
isd,インサイド,絵柄が可愛すぎる…！中国・広州ファンフェスで公開の『FF14』三歌姫が登場する公式アニメが話題にー「シルクス・ツイニング」ダンスをする暁の血盟メンバーも,https://news.yahoo.co.jp/articles/b5816aa3d9d34070f802731e8aaaa0ea30632e92,8/5(月) 18:00
isd,インサイド,“絶対領域”に注目！『勝利の女神：NIKKE』優等生で2丁持ちな新ニケ「ツバイ」実装に、指揮官たちが大興奮―「太すぎて…」,https://news.yahoo.co.jp/articles/5c45bfffefeb90927cbe6a7c21eff583d4ee5173,8/5(月) 17:50
isd,インサイド,ガンプラ「RG RX-78-2 ガンダム Ver.2.0」が発売間近！新たな商品画像も一挙お披露目,https://news.yahoo.co.jp/articles/d9fb426026cd0a761d40f0940d93c99d7bdb627c,8/5(月) 17:40
isd,インサイド,ピカチュウたちを可愛くデザイン！普段使いしやすい『ポケモン』ハンカチ・雑貨が全国の百貨店などで発売中,https://news.yahoo.co.jp/articles/677755589d9a4639a8c8c065a0fbb31e4cae3bae,8/5(月) 17:15
isd,インサイド,ちいかわ、モモンガ達がきらびやかに輝く！キラッキラなラインストーンに彩られたキーホルダーがプライズで再登場,https://news.yahoo.co.jp/articles/3bc5e5fb22cb43d037439cb32665f115e39db277,8/5(月) 17:00
isd,インサイド,KONAMI「サマーセール Part.2」が開催中！最新作『桃鉄ワールド』や『メタルギア』『ときメモGS』各シリーズが対象に,https://news.yahoo.co.jp/articles/fdf2cdefb26850a9094b328d4f848e4cd2ac6593,8/5(月) 16:45
isd,インサイド,「VTuberと名乗ることに違和感」―ホロライブ・星街すいせいが“アイドルVTuber”から“バーチャルアイドル”へ自己紹介を変更,https://news.yahoo.co.jp/articles/76cac23169246796b59ae5ee28729a65bcb02d2c,8/5(月) 16:15
isd,インサイド,精密すぎる再現度！「メカゴジラ」“3式機龍”が、幅広い可動域で劇中シーンを生み出せるプラモデルに―再販分が予約受付中,https://news.yahoo.co.jp/articles/47b383fcb0f354f69ee76305c139bd734c2cea26,8/5(月) 15:00
isd,インサイド,ガンプラ「RG ブラストインパルス SpecII」のプレバン2次受注が延期―新たな予約開始は本日8月5日16時に,https://news.yahoo.co.jp/articles/6afab0be0af0675cb7fe0380dfb4adac36fd0bd9,8/5(月) 14:45
isd,インサイド,月ノ美兎やサロメ嬢などの姿も！「にじさんじ」×「ビックリマンチョコ」コラボ第2弾が決定―11月19日より東日本先行発売へ,https://news.yahoo.co.jp/articles/596858613cd5c71ee45fca63327111c8521d5062,8/5(月) 13:45
isd,インサイド,大人の色気ムンムン！ホロライブ・マリン船長が「三十路衣装Ver.」でフィギュア化―ゴージャスな彩色原型を初公開,https://news.yahoo.co.jp/articles/02cdc7854c9e954e32428b0940c80592caf1e37e,8/5(月) 13:00
isd,インサイド,イーブイもびっくり！『ポケモン』真夜中の不思議な屋敷で過ごすミミッキュたちが立体化ー全て組み合わせると大きな屋敷に,https://news.yahoo.co.jp/articles/b67b2083de95496a0062c902e0c789309f9e78a8,8/5(月) 12:45
isd,インサイド,“この中にキラがいる”「DEATH NOTE」人狼と「ヒロアカ」卒業アルバムをテーマとしたボードゲームが発売決定！,https://news.yahoo.co.jp/articles/ce9e6db64bd1265f958ca0c11d783ff5f74c158f,8/5(月) 12:30
isd,インサイド,『LoL』レジェンド「Faker」試合後に壁に頭を叩きつける映像が拡散しファンから心配の声―トップを維持するプレッシャーに懸念する意見も,https://news.yahoo.co.jp/articles/5089fff6ab391730137b596513eef8af0032fdfe,8/5(月) 12:15
isd,インサイド,「ちいかわ」ぷっくら半立体フォルムがキュート！“ラバーマスコット付きグミ”第3弾が登場―グミの形も可愛い,https://news.yahoo.co.jp/articles/2c2e86bbfc079786319ec3eb91098b1b05359acd,8/5(月) 11:45
isd,インサイド,モノリスソフトが「新作RPG」の開発スタッフを募集！『ゼノブレイド』シリーズの高橋哲哉総監督が手がける、挑戦的な作品に,https://news.yahoo.co.jp/articles/e4fdbb4527e6d37a85d7b85baf724a10cba2bc17,8/5(月) 11:35
isd,インサイド,太もももバッチリ再現！『ブルアカ』早瀬ユウカのfigma予約受付は8月7日まで,https://news.yahoo.co.jp/articles/60463df686d7546dbf8fcb7d7cb1f72fe9b8b672,8/5(月) 11:20
isd,インサイド,食べちゃダメー！『ピクミン』を捕食する原生生物「チャッピー」が、本物そっくりな“ねんどろいど”に,https://news.yahoo.co.jp/articles/74f52c8091c57e4f650a831ffaf209bd9ce32278,8/5(月) 11:10
isd,インサイド,セブン‐イレブンで『遊戯王』カードがもらえる！全7種のカードを先着順でプレゼントするキャンペーン8月8日から開催,https://news.yahoo.co.jp/articles/7b0ce3b0bde6b4ffe47afbdeac4e96fd334a4614,8/5(月) 11:05
isd,インサイド,トリダモノ氏による初音ミク「レーシングミク 2023Ver.」プラモが予約受付中！デカールや表情パーツでお好みにポージング,https://news.yahoo.co.jp/articles/33e3dc5905bcf2116e88389c461693e34131d40d,8/5(月) 11:00
isd,インサイド,スタイリッシュでカッコよすぎる！『ペルソナ5』アベイルに怪盗団のようにクールなアパレルや「モルガナ」グッズが登場,https://news.yahoo.co.jp/articles/fd91bd6cbe37d9be5155044a26f1ddd48dcdc742,8/5(月) 10:50
isd,インサイド,『ペルソナ3』コロマルになりきれるパーカがユニーク！アベイルにてアパレルやタオル、カー用品など新作グッズがズラリ,https://news.yahoo.co.jp/articles/8ad573defdb2c21ed307130f17d9d8c27a6ea2ff,8/5(月) 10:40
isd,インサイド,『ホロキュア』次回アプデで「兎田ぺこら」参戦！計9人の新キャラクターを追加する「Ver.0.7」が予告,https://news.yahoo.co.jp/articles/e89dd44cb3b035b7b9c4a4f46df225b8f86559ae,8/5(月) 10:35
isd,インサイド,『ポケモン』グッズがアベイルにて8月10日発売！ウッウ＆ピカチュウの長袖Tシャツやメタモンキャップなど、多数のアパレルがラインナップ,https://news.yahoo.co.jp/articles/a57039349649fd066576976139a83602074d7365,8/5(月) 10:20
isd,インサイド,ガンプラ「RG ストライクルージュ＋HG I.W.S.P.」が再販！プレバンで8月5日11時より予約開始,https://news.yahoo.co.jp/articles/6942748b5396b38ed326c0242bbf46959688c3bf,8/5(月) 9:40
isd,インサイド,RG基準のレールガンも付属！劇場版『ガンダムSEED』よりガンプラ「RG ブラストインパルス SpecII」が2次受注,https://news.yahoo.co.jp/articles/5c760c28bb234382871bf012e4d43eac9e7c3ab4,8/5(月) 9:15
isd,インサイド,「動いてないのに暑いよ～」を再現！『ブルアカ』“水着ホシノ”フィギュアの予約締切が迫る,https://news.yahoo.co.jp/articles/513e4809c418b1790e462403966ef33b05e5d224,8/5(月) 0:20
isd,インサイド,『ウマ娘』ナリタブライアンが勝負服でフィギュア化！引き締まったお腹も再現,https://news.yahoo.co.jp/articles/b1fa473dc96f8aa75534b495ba13f3604b40a667,8/5(月) 0:10
isd,インサイド,「Nintendo Switch サマーセール」が開催！『あつ森』『モンハンライズ』ら人気タイトルが最大75％オフ,https://news.yahoo.co.jp/articles/455b048071d87b3911c1d51a1b4fa0220f02d2c1,8/5(月) 0:00
isd,インサイド,【コスプレ】「こんこよ～！」水辺に佇む博衣こよりが可愛い！注目レイヤー・にゃろ【写真8枚】,https://news.yahoo.co.jp/articles/77f9573717d1b45bc4814a1d19e38ddc5f4890c5,8/4(日) 20:00
isd,インサイド,『FGO』毎晩「令呪3画」回復、アペンドスキルに「スキルリチャ減」追加！ 確定召喚の再天井設定など、9周年で新改修が続々,https://news.yahoo.co.jp/articles/08a9e5d3251711adbe18d333d1da44921c66e8e4,8/4(日) 19:15
isd,インサイド,『勝利の女神：NIKKE』に2度目の水着が来た!? エヌにギロチン、ココアやソーダ、トロニーも水着姿に─公式漫画「ニケすい」今なら全話無料,https://news.yahoo.co.jp/articles/e305b74940abcab2424ef8605d040eeaab184e4d,8/4(日) 19:00
isd,インサイド,『Fate/EXTRA Record』スイッチ/PS5/PS4/Steam向けに2025年発売決定！ゲームプレイを収めた最新映像も公開,https://news.yahoo.co.jp/articles/3c7227614a6795aa35e144914e3deb763ea6864b,8/4(日) 18:20
isd,インサイド,『FGO』「第2部 終章」は2025年に！「意外と早く、はないと思います」「イベント参加条件が上がる」などカノウ氏が発言,https://news.yahoo.co.jp/articles/00e2dfc8b2dfb51120492162052204cfa5971429,8/4(日) 18:10
isd,インサイド,『FGO』9周年サーヴァント「スペース・エレシュキガル」発表！水着エレちゃんがビーストクラス、さらに新要素「マスター好感度ゲージ」を引っさげて参戦,https://news.yahoo.co.jp/articles/e09b1b2753465a6715e357dec7b10b318e880ed1,8/4(日) 17:52
isd,インサイド,『FGO』「9周年記念福袋召喚」8月4日18時に開始！ ★4以上のサーヴァント確定＆★5業火100枚や1億QPもプレゼント,https://news.yahoo.co.jp/articles/c821b76632b28699638215f3b0639b626d6525b6,8/4(日) 17:41
isd,インサイド,「FGOフェス2024」の盛り上がりが凄すぎる！アトラクションからグッズ、会場限定フードまで9周年の集大成をフォトレポートでお届け,https://news.yahoo.co.jp/articles/ea4c2c27e4280903a9e12a72fa83dcf9aeedd05c,8/4(日) 16:45
isd,インサイド,「どうすればオベロンを理解できますか？」の問いに、奈須きのこ「僕もぜんぜん分かりません」─しかし奥深いコメントも提示、その全文を掲載,https://news.yahoo.co.jp/articles/29e7686c5d2a248d594fe985be049b828867f3fa,8/4(日) 16:25
isd,インサイド,繁体字版『乖離性ミリオンアーサー：リング』の配信日がついに決定！―次なるヒット作を探せ！日本未上陸の注目ゲームアプリ3選【2024年8月4日】,https://news.yahoo.co.jp/articles/193b50869b1b8057a7be1903563325a6216787a8,8/4(日) 15:00
isd,インサイド,「エヴァ新劇場版」より初号機のプラモデルが再販―各関節が可動するため、ポージングも自在,https://news.yahoo.co.jp/articles/2eddb773c035cd63388089877d1abf4c399082b1,8/4(日) 13:00
isd,インサイド,2024年8月発売おすすめタイトル5選！「聖剣伝説」や「ガンダムブレイカー」の最新作など発売前から“期待値高め”のタイトルが勢揃い,https://news.yahoo.co.jp/articles/28f7a73990c8544aea1fc68f93c450c58eb15eed,8/4(日) 11:30
isd,インサイド,『FGO』織田信長が、髪と軍服をなびかせて威厳あふれるフィギュアに！思わずひれ伏したくなる凛々しさ,https://news.yahoo.co.jp/articles/79914eeb0bd8910def8f7284dadc1a44aa8b15b2,8/4(日) 10:00
isd,インサイド,『FGO』サーヴァント“アルトリア・キャスター”が第三再臨の姿で堂々立体化！宝剣「神話礼装マルミアドワーズ」も細部まで再現,https://news.yahoo.co.jp/articles/de628c58d09c00b87b2ec65191b762661f8962b0,8/4(日) 9:30
isd,インサイド,【コスプレ】「ホロライブ」百鬼あやめの表情が爽やか！人気レイヤー・わらわら【写真8枚】,https://news.yahoo.co.jp/articles/4661a6e0f1479009d94e8ccfee573020ae1e5118,8/4(日) 7:00
isd,インサイド,『ゼンゼロ』青衣など3キャラ実装、エージェント操作で“街を探索”、零号ホロウに新モード、新ストーリーに自撮り機能も！【Ver.1.1最新情報まとめ】,https://news.yahoo.co.jp/articles/692604d731cac7689c4fbea305f4316e5f3d39ea,8/3(土) 22:55
isd,インサイド,『ゼンレスゾーンゼロ』Ver.1.1で「S級 青衣」「S級 ジェーン・ドゥ」「A級 セス・ローウェル」実装！3人の音動機や新ボンプも追加,https://news.yahoo.co.jp/articles/988144365bd03290a8cde463a98acbb319f16856,8/3(土) 21:15
isd,インサイド,【コスプレ】『NIKKE』に『崩スタ』『ロリポップチェーンソー』から『艦これ』までゲームコスが熱い！珠玉の美女レイヤー11選【写真50枚】,https://news.yahoo.co.jp/articles/5ac7d78bbb7f9ced4da50fe3e7ca1d7102fc2ae6,8/3(土) 20:00
isd,インサイド,『ゼンゼロ』「猫宮又奈」の“尊厳と誇り”に全人類が惚れるべき！ 気まぐれ？ わがまま？ そんなイメージを覆す魅力を見届けよ,https://news.yahoo.co.jp/articles/efb982678ba6b668f51bd9cb09a0e6f5df5dfbf9,8/3(土) 18:00
isd,インサイド,『FGO』9周年を記念した「新作アニメショート映像」全3編が公開！マスターとサーヴァントたちが日本、中国、アメリカ旅行を満喫,https://news.yahoo.co.jp/articles/37d568ff04bfc9f65f9aaa557cf8764d9cd50bd6,8/3(土) 17:00
isd,インサイド,「今日だけは家賃を超えても構わない」を堂々背負った声優・大久保瑠美、『FGO』ステージイベントに登壇,https://news.yahoo.co.jp/articles/6b86acf45964bb7b3ad2dcac6c6b54e543c644c9,8/3(土) 16:30
isd,インサイド,『FGO』この1年で最も多くLV100になった新サーヴァントは「トネリコ」！ ベスト10までランキングを公開,https://news.yahoo.co.jp/articles/a541660702e286392c953068d6ffdeafa3e8faa9,8/3(土) 15:40
isd,インサイド,『FGO』水着サーヴァント2024でまさかの「★5 シエル」発表！★4「ニキチッチ」「徐福」や水着霊衣も一挙公開,https://news.yahoo.co.jp/articles/26a1685d63d0c438ef79cc1cf394537a27c1a983,8/3(土) 15:28
isd,インサイド,「FGO 藤丸立香はわからない」シーズン2決定！ いち早く第1話・第2話をお披露目,https://news.yahoo.co.jp/articles/f03f7ed5a75e2a1c53cf525ba84cd76ed0a9eed3,8/3(土) 14:25
isd,インサイド,リマスター版『Fate/stay night』8月8日発売決定！そして続編『Fate/hollow ataraxia REMASTERED』も正式発表,https://news.yahoo.co.jp/articles/21daa3d85aee5008e60d41b25a745e5c1b7a8007,8/3(土) 14:10
isd,インサイド,「FGOフェス2024」開催！公式コスプレイヤーと着ぐるみが勢揃い、ビーチから宇宙まで冒険し尽くそう！,https://news.yahoo.co.jp/articles/d51de53792177eb54f78aa5e8ba486c7b4bfcfdc,8/3(土) 12:20
isd,インサイド,『FGO』9周年記念「英霊博装」全42枚が公開！1枚1枚を“大きい画像”で一挙紹介,https://news.yahoo.co.jp/articles/727000b834fbcf8911c9ec4a7028451412ab5431,8/3(土) 10:45
isd,インサイド,『銀河英雄伝説 Die Neue Saga（ノイサガ）』事前登録者数が3万人を突破！オリジナルグッズが当たる「シーズンゼロキャンペーン」も開催中,https://news.yahoo.co.jp/articles/302068f74914ecc276ed0c8ca26b321a95fb3b71,8/3(土) 9:30
isd,インサイド,FGO9周年記念美女コスプレイヤーまとめ！獅子王、アストルフォ、レディ・アヴァロン…全23キャラを一挙お届け【画像77枚】,https://news.yahoo.co.jp/articles/9cc4fef8703c148491b6ad8e0c7d22f00888b10a,8/3(土) 7:00
isd,インサイド,「転スラ」新作一番くじ発売！魔王ルミナスのフィギュアが初登場、揃えると対になるリムル＆ヒナタや美味しそうなスライムチャームも,https://news.yahoo.co.jp/articles/05a090907cfa5ceccce5e8f56d4fc94b77098708,8/3(土) 5:30
isd,インサイド,『ブルアカ』バニートキのフィギュア予約受付は8月5日まで！引き締まったスタイル、健康的な脚部までこだわりの作り込み,https://news.yahoo.co.jp/articles/b684d1972477846d3c51703cab28323de8ecefcb,8/3(土) 5:00
isd,インサイド,一番くじ「ゴジラ×コング」発売！A賞は大迫力フィギュア、持ち手がゴツい尻尾になったマグカップもユニーク,https://news.yahoo.co.jp/articles/ba13daed166bfab3806e3eab0d337f46fe1f8323,8/3(土) 0:30
isd,インサイド,「トムとジェリー」新作一番くじに注目！フィギュアやトム型のパンケーキが作れるフライパンなど,https://news.yahoo.co.jp/articles/064780aac50bb9499a5f6ef333e42a04dfd408b9,8/3(土) 0:20
isd,インサイド,「ちいかわ」×「アベイル」のカーアイテムが可愛い！車に乗ったハチワレたちのシートクッションなど,https://news.yahoo.co.jp/articles/68e19b1112e3fd029c388b560adaff03212e25c8,8/3(土) 0:10
isd,インサイド,【コスプレ】「ホロライブ」兎田ぺこらの人気は、コスプレ界でも絶大！注目レイヤー・苺花【写真8枚】,https://news.yahoo.co.jp/articles/0df60c5ac41c1b50ca4f43f8fdc3791aa82d5fdc,8/2(金) 20:00
isd,インサイド,『ポケモン』イーブイフレンズがカフェに大集合！“アフタヌーンティー”でブースターの炎のようなタルトなど見た目も味も高級スイーツが楽しめる,https://news.yahoo.co.jp/articles/4905513cf6226c288564109f462431e4f8682e41,8/2(金) 19:10
isd,インサイド,『ピクミン』デザインの「ビオレu」で体＆手洗いはバッチリ！ボディウォッシュと、泡が“花型”で出てくるスタンプハンドソープが発売,https://news.yahoo.co.jp/articles/85d2ea2fe812cec2331b23dc1e2ef86a750c264c,8/2(金) 19:00
isd,インサイド,『FGO』新作一番くじのフィギュア画像が公開！水着姿の「アルキャス」「メリュジーヌ」を魅力たっぷりに立体化,https://news.yahoo.co.jp/articles/c9cd5241118f9cc62845dedcb419a6c969608af6,8/2(金) 18:30
isd,インサイド,『FGO』9周年記念サーヴァントは誰だ！？『Fate』関連キャラや水着イベントも視野に入れて大予想,https://news.yahoo.co.jp/articles/252a5a32cf9211972eb95e446eb395bd39693f85,8/2(金) 18:00
isd,インサイド,にじさんじ・葛葉や魔界ノりりむが「しまむら」とコラボ！身だしなみからトイレまで“トータルコーディネート”できるグッズがズラリ,https://news.yahoo.co.jp/articles/19b32207688b512dbc57d17bfc66cec18a3ae765,8/2(金) 17:45
isd,インサイド,“一番くじ”でもバレーが熱い！劇場版大ヒットの「ハイキュー!!」新作くじは、描き下ろしモリモリのアニメ10周年記念ラインナップに,https://news.yahoo.co.jp/articles/9d6e97b8b763520cb2a38b7c1a4a6efede21c8e9,8/2(金) 17:25
