media_en,media_jp,title_articles,link_articles,date_original
piaeigat,‚Ò‚ ,“c’†Œ\A“Ş‚ço‰‰wMedicine ƒƒfƒBƒXƒ“xŠJ–‹@‰“úƒRƒƒ“ƒg••‘‘äÊ^ŒöŠJ,https://news.yahoo.co.jp/articles/6741dc8e6a6dbbcb646ae490157ed328c325de54,5/7(‰Î) 18:40
piaeigat,‚Ò‚ ,ƒ}[ƒNƒAƒ“ƒ\ƒj[Eƒ^[ƒlƒW‚ª—ˆ“úBuƒRƒ“ƒ|[ƒWƒAƒ€2024v‚ªŠJÃ,https://news.yahoo.co.jp/articles/a49cd6403fd0fcc964c48de6f15ad025d7fe98c0,5/7(‰Î) 18:01
piaeigat,‚Ò‚ ,w–¼’T’ãƒRƒiƒ“xV4@wÂt18~2xwƒoƒW[ƒmƒCƒYx‚ª‰“oêy‰f‰æ“®ˆõƒ‰ƒ“ƒLƒ“ƒOz,https://news.yahoo.co.jp/articles/e4129a3a3235290101d18aa7898397c0343a808c,5/7(‰Î) 15:20
piaeigat,‚Ò‚ ,’´“Á‹}AM!LK‚ço‰‰wEBiDAN THE LIVE CRUISE 2024xŠJÃŒˆ’è,https://news.yahoo.co.jp/articles/acf06716b00ab38599943866d9a848479a3129c9,5/7(‰Î) 14:40
piaeigat,‚Ò‚ ,—ˆêÒ‚Æ‹¤‚É‘¼Ò‚Æ‚ÌŠ´Šo‚Ìˆá‚¢‚ğ‹¤—L‚·‚éwŠ´Šo‚ğ‚ß‚®‚éƒŠƒT[ƒ`EƒvƒƒWƒFƒNƒgqŠ´Šo‚Ì“_Pr“W ƒvƒŒƒCƒxƒ“ƒgx5Œ19“ú‚©‚ç,https://news.yahoo.co.jp/articles/ada1cffa0eae7525b3a6e489cbdbe27ae474efb3,5/7(‰Î) 13:00
piaeigat,‚Ò‚ ,l¢sì¶š£Ÿ’Ç‘Pw–Ñ”²x‚Ù‚©ã‰‰uš£‹eÕŒÜŒ‘å‰Ì•‘ŠêvŠJ–‹ƒŒƒ|[ƒg,https://news.yahoo.co.jp/articles/f9cfe94c93358299dfeb59658ab0ab751e345df3,5/7(‰Î) 12:12
piaeigat,‚Ò‚ ,–k•Äƒ{ƒbƒNƒXƒIƒtƒBƒXAñˆÊ‚ÍwƒtƒH[ƒ‹ƒKƒCx,https://news.yahoo.co.jp/articles/8760e7f46a3064f4ff3b6a90a95f19a6e97177b9,5/7(‰Î) 12:01
piaeigat,‚Ò‚ ,ƒAƒ~ƒ…[ƒYƒ{[ƒCƒYƒI[ƒfƒBƒVƒ‡ƒ“AƒOƒ‰ƒ“ƒvƒŠ‚Í20Î‚Ì‰©’›–Á‚³‚ñ ƒvƒŒƒ[ƒ“ƒ^[‚Æ‚µ‚Ä—é–ØmA×“c‰À‰›‘¾‚ç‚à“o’d,https://news.yahoo.co.jp/articles/a9724df17062223f2a42ae03ef05d4f6570772bd,5/7(‰Î) 12:00
piaeigat,‚Ò‚ ,BBHFAVìEPwHere Comes The Icy Draugrx”zMƒŠƒŠ[ƒXŒˆ’è,https://news.yahoo.co.jp/articles/af7ad608a12dfebf1ede2b46902fcf4d5e954ba6,5/7(‰Î) 11:11
piaeigat,‚Ò‚ ,ŠÛR—²•½å‰‰•‘‘äwƒnƒUƒJƒCƒLx‚Ì‹^—¶”zM‚ªŒˆ’è,https://news.yahoo.co.jp/articles/5008607a16e49f8ce463dc1573973a6712872502,5/7(‰Î) 10:50
piaeigat,‚Ò‚ ,X‚ë‚Î‚Ì–â‘èìw_˜bA–é‚Ì‰Ê‚Ä‚ÌxƒrƒWƒ…ƒAƒ‹•ƒRƒƒ“ƒg‚ª“’…,https://news.yahoo.co.jp/articles/e7fdb24e6ae43daa51587e4d64504bf02b0e78d3,5/7(‰Î) 10:40
piaeigat,‚Ò‚ ,wŠÖS—ÌˆæxvlŒ‡”@‚Ì‹°‚ë‚µ‚³ccBƒAƒEƒVƒ…ƒrƒbƒc‹­§û—eŠ‚Ì—×‚Å•é‚ç‚·‰Æ‘°y‚¨‚Æ‚È‚Ì‰f‰æƒKƒCƒhz,https://news.yahoo.co.jp/articles/de48b37e1b5634928e842660d78a507e593854b8,5/6(Œ) 12:00
piaeigat,‚Ò‚ ,Œ€ê”Åw–¼’T’ãƒRƒiƒ“xƒRƒ‰ƒ{ƒOƒbƒY‚àI ƒ|ƒbƒvƒAƒbƒvƒVƒ‡ƒbƒv‚ª“Œ‹E‘åãE‰¡•l‚ÅŠJÃ,https://news.yahoo.co.jp/articles/35cf8fbecb0199d2f6936f0f4e10efd623a8d6cb,5/6(Œ) 10:01
piaeigat,‚Ò‚ ,Œ€’cl‹GAÅVƒIƒŠƒWƒiƒ‹ƒ~ƒ…[ƒWƒJƒ‹wƒS[ƒXƒg•ƒŒƒfƒBx–¾“úŠJ–‹,https://news.yahoo.co.jp/articles/f0138075367b0330b8bf79bcd85a94a920639e2b,5/5(“ú) 12:05
piaeigat,‚Ò‚ ,ƒT[ƒeƒBƒƒ“AƒEƒbƒfƒB‚ÆƒoƒYAƒjƒ‚‚È‚ÇƒsƒNƒT[l‹CƒLƒƒƒ‰¨‘µ‚¢‚ÌVìƒAƒCƒXƒP[ƒL”­”„,https://news.yahoo.co.jp/articles/d025e6b8beaa525f4fce16d296fde97c0ee0436d,5/5(“ú) 10:02
piaeigat,‚Ò‚ ,t•—’àˆê”V•ãAˆ¤‚·‚×‚«ålŒö‚ªŠˆ–ô‚·‚é–¼ì‚ğ˜A“úƒlƒ^o‚µwˆ¤‚·‚×‚«ƒoƒJ–ì˜Y‚½‚¿x,https://news.yahoo.co.jp/articles/f5feaa0745446695681e53700e2f9f8f741d2b9a,5/4(“y) 18:03
piaeigat,‚Ò‚ ,Rí•Œ«l‚Æõ’J«‘¾‚ªB‰e‚ğU‚è•Ô‚éw‰A—zt0xƒƒCƒLƒ“ƒOÊ^ŒöŠJ@ŠÄ“Â‚Æ’kÎ‚·‚éƒJƒbƒg‚à,https://news.yahoo.co.jp/articles/730fcf2ba91e47d853c41224c5723487eceb7e0f,5/4(“y) 12:06
piaeigat,‚Ò‚ ,WEST._R’q—må‰‰w”’•é‚ÌƒNƒƒjƒNƒ‹xÅ‹¶‚Ì“G–ğ‚Å¢ŒÃŒû—½‚ªo‰‰,https://news.yahoo.co.jp/articles/228d5a43b21dcb99a53f6be64764ce11d5bcf0a9,5/4(“y) 12:04
piaeigat,‚Ò‚ ,‹‚¢“ú‚Í‚±‚ê1–‡‚ÅOKI@ƒ[ƒNƒ}ƒ“uŒƒˆÀ—âŠ´ƒVƒƒƒcv‚ğƒsƒbƒNƒAƒbƒv,https://news.yahoo.co.jp/articles/dcf32eeb131751f681259b5de5b20fd41211b876,5/4(“y) 12:03
piaeigat,‚Ò‚ ,w‰‚Ì˜f¯^ƒLƒ“ƒOƒ_ƒ€xƒ[ƒ‹ƒhƒvƒŒƒ~ƒA‚ªŠJÃBŠÄ“Â‚Ì—ˆ“ú‚àŒˆ’è,https://news.yahoo.co.jp/articles/5045f6b429fb95f793b4004a6b71956fb528bd33,5/4(“y) 11:02
piaeigat,‚Ò‚ ,NIKO NIKO TAN TANAƒƒWƒƒ[1stƒAƒ‹ƒoƒ€wVŠìŒ€x”­”„Œˆ’è,https://news.yahoo.co.jp/articles/9bed36057ec84757e78f10ac600e025f06dcd33b,5/4(“y) 10:00
piaeigat,‚Ò‚ ,wƒ}ƒbƒhƒ}ƒbƒNƒXFƒtƒ…ƒŠƒIƒTxƒI[ƒXƒgƒ‰ƒŠƒAƒvƒŒƒ~ƒA‚ªŠJÃ,https://news.yahoo.co.jp/articles/cfecd60688997bb37c32db7d4755aeff02c74ebc,5/3(‹à) 21:40
piaeigat,‚Ò‚ ,MILLENNIUM PARADE‚ª‰¢•Ä‘åèƒŒ[ƒxƒ‹‚ÆŒ_–ñ@–{Ši¢ŠEio‚Ìˆê•à–Ú‚Æ‚È‚éV‹È‚Ì”zMƒŠƒŠ[ƒX‚ªŒˆ’è,https://news.yahoo.co.jp/articles/9dcb12de5d694e018bd9ad8c3f254106fc346d85,5/3(‹à) 18:03
piaeigat,‚Ò‚ ,ƒ‰ƒXƒAƒ‰ˆÀÄ—´‰îAƒOƒhƒ‚‹àœA^Œå‚ço‰‰‚Ì’e‚«Œê‚èƒCƒxƒ“ƒgwReal Good Time TogetherxŠJÃŒˆ’è,https://news.yahoo.co.jp/articles/92b51ee359c6a9a0a8dc0ef763a7c2a22ad9aa35,5/3(‹à) 18:02
piaeigat,‚Ò‚ ,™–ì—y—ºå‰‰ƒhƒ‰ƒ}wˆé•”ˆé•º‰q•¨Œêxƒƒo[ƒgHRAáÁ“‡G˜a‚ç‘SƒLƒƒƒXƒg”­•\,https://news.yahoo.co.jp/articles/2a6fdf96668c1d8f50f08c27507fc652ff7895b5,5/3(‹à) 17:03
piaeigat,‚Ò‚ ,wƒ{ƒuEƒ}[ƒŠ[FONE LOVExƒLƒ“ƒOƒYƒŠ[Eƒxƒ“ƒAƒfƒBƒ‹‚ğƒXƒ^ƒbƒt•ƒLƒƒƒXƒg‚ªâ^u‚ ‚ê‚Ù‚ÇŒ£g“I‚È–ğÒ‚ÍŒ©‚½‚±‚Æ‚È‚¢v,https://news.yahoo.co.jp/articles/846a990563191c7ac70b57e4d9c3c90c86de1e64,5/3(‹à) 17:02
piaeigat,‚Ò‚ ,ÄçƒRƒE‚Ì‰s‚¢Šá·‚µ‚ªŒõ‚éwÖ‚Ì“¹x‹¶‹C‚É–‚¿‚½ê–ÊÊ^ŒöŠJ,https://news.yahoo.co.jp/articles/5009ab11f90c1f0a6e144e7376b16379918d5e5c,5/3(‹à) 17:01
piaeigat,‚Ò‚ ,‘O“cŒö‹På‰‰‚ÅŠØ‘‚Ìl‹CƒRƒ~ƒbƒNwƒ~ƒZƒ“x‚ª‰ƒ~ƒ…[ƒWƒJƒ‹‰»,https://news.yahoo.co.jp/articles/f8df95035f644accba586d8af792b34d4d390f02,5/3(‹à) 13:11
piaeigat,‚Ò‚ ,“V™‹‘å‚ªˆâ‚µ‚½wŠC‚Ì“ö‚í‚¢@—¤‚ÌÃâ„Ÿ‚ß‚®‚èxBRŠCm‚ª‰‰‰‚Ì’nA–k‹ãB‚ÅƒŠEƒNƒŠƒG[ƒVƒ‡ƒ“‚É‚Ì‚¼‚Ş,https://news.yahoo.co.jp/articles/6d811f31df651e161305257cde436c3626c8437d,5/3(‹à) 11:02
piaeigat,‚Ò‚ ,‰f‰æwƒUEƒEƒHƒbƒ`ƒƒ[ƒYx‚±‚ª‚¯‚ñ‚ª“Á•Ê—\‚ÌƒiƒŒ[ƒVƒ‡ƒ“‚ğ’S“–@ŠÄ‹‚³‚ê‚éƒhƒbƒLƒŠ‰f‘œ‚àŒöŠJ,https://news.yahoo.co.jp/articles/d7a7acfa8227f48bcf5a2fd94148d4963de0d65f,5/3(‹à) 7:06
piaeigat,‚Ò‚ ,ƒ~ƒ…[ƒWƒJƒ‹w‚±‚Ì¢ŠE‚Ì•Ğ‹÷‚Éx‚±‚¤‚Ìj‘ã~©‰Ä”ü~‘åŒ´ŸNq~ƒAƒ“ƒWƒFƒ‰EƒAƒL‚ÌÀ’k‰ï‚ªÀŒ»,https://news.yahoo.co.jp/articles/1b9673a6f6173577011747ea4a5d03a85eb81886,5/3(‹à) 6:00
piaeigat,‚Ò‚ ,ƒJƒlƒˆƒŠƒ}ƒTƒ‹Akobore‚ç‚ªo‰‰‚·‚éƒ‰ƒCƒuƒCƒxƒ“ƒgwMAKE A BOOM #7 -evergreen-xŠJÃŒˆ’è,https://news.yahoo.co.jp/articles/7d003331bfbe3e0fefce3605ad840a1aa56f0a73,5/2(–Ø) 19:00
piaeigat,‚Ò‚ ,yƒ‰ƒCƒuƒŒƒ|[ƒgzimase‰‚Ì‘S‘ƒcƒA[uimase Tour 2024 gShikihv“Œ‹EZepp DiverCityŒö‰‰,https://news.yahoo.co.jp/articles/18c9eb2dfc04a63bdc048d4e7ceb814990817fc0,5/2(–Ø) 19:00
piaeigat,‚Ò‚ ,wUKFC on the Roadx¡”N‚Í‰‚Ì‘åã’P“ÆŠJÃI@WurtS‚ç‘æ1’eƒA[ƒeƒBƒXƒg”­•\,https://news.yahoo.co.jp/articles/9d5459ad6e0ed2cc47dcc8a900333f6a6af3d344,5/2(–Ø) 18:08
piaeigat,‚Ò‚ ,y‘Šv‘Šˆ¤‘Î’kzUlulU~‚¨‚Æ‚¬˜bu1”N‚É1‰ñ‚Í•K‚¸ˆê‚ÉƒcƒA[‚â‚Á‚½•û‚ª‚¢‚¢‚ñ‚¶‚á‚È‚¢‚©v,https://news.yahoo.co.jp/articles/a4c248e14c3a7aace785c9df7aa49a64e8ff6456,5/2(–Ø) 18:07
piaeigat,‚Ò‚ ,ƒEƒB[ƒ“­”N‡¥’c‚ª—ˆ“úI ƒWƒuƒŠ‹È‚âwƒpƒvƒŠƒJx‚à,https://news.yahoo.co.jp/articles/5b7a96fec43183d0c9e9a5596b68cf91af4ceb87,5/2(–Ø) 18:03
piaeigat,‚Ò‚ ,‰¡•lE‚Ì‹t“]3ˆÊ‚©? é‹ÊWK‚Ì16í‘SŸ‚©? ƒvƒŒ[ƒIƒt‘O‚É‰¡•lE‚Æé‹ÊWK‚ªŒƒ“Ë!,https://news.yahoo.co.jp/articles/0989b325bc431da77bfcc645c48318f7d44232a5,5/2(–Ø) 18:02
piaeigat,‚Ò‚ ,O‰YG‹K~ì•½œ‰p@ƒoƒŒƒG‚ªŒq‚®áÒ‚Æ˜Vl‚ÌlŠÔƒhƒ‰ƒ}Aƒ~ƒ…[ƒWƒJƒ‹wƒiƒrƒŒƒ‰x,https://news.yahoo.co.jp/articles/1f73026d1f96e8e7cb96281e2845df21bd64c9b9,5/2(–Ø) 18:02
piaeigat,‚Ò‚ ,yƒ‰ƒCƒuƒŒƒ|[ƒgzSPARK!!SOUND!!SHOW!!A15ü”NƒCƒ„[‚Ì–‹‚ğŠJ‚¯‚é“Œ‹ƒƒ“ƒ}ƒ“uƒƒƒE‚ÅƒOƒbƒh‚ÈƒƒƒfƒB‚Ì‹È‚ÍˆêØ‚â‚è‚Ü‚¹‚ñv,https://news.yahoo.co.jp/articles/52809e11640ae9847e6be3db6303c78bd33350f3,5/2(–Ø) 18:01
piaeigat,‚Ò‚ ,JIGDRESSƒcƒA[uDonft believe the hypev@‘Îƒoƒ“4l‚ªWŒ‹uŠÏ‚Ä”»’f‚µ‚Ä‚Æ‚©‚¶‚á‚È‚­‚ÄAâ‘Î‚É‚¢‚¢‚©‚ç—ˆ‚Äv,https://news.yahoo.co.jp/articles/8f92b20497657d2d12b6123bf270342b06418c4e,5/2(–Ø) 18:01
piaeigat,‚Ò‚ ,wƒrƒŠ[EƒGƒŠƒIƒbƒgxwƒs[ƒ^[Eƒpƒ“xw–¢—ˆ­”NƒRƒiƒ“xwƒnƒŠ[Eƒ|ƒbƒ^[‚Æô‚¢‚Ìqx‚Ìo‰‰Ò‚½‚¿‚ªu“ú”ä’JƒtƒFƒXƒeƒBƒoƒ‹2024v‚É“oê,https://news.yahoo.co.jp/articles/9d9b90237a43e5b61beef4456746c5331c061f20,5/2(–Ø) 17:12
piaeigat,‚Ò‚ ,ƒ~ƒ…[ƒWƒJƒ‹wVƒeƒjƒX‚Ì‰¤q—lxThe Fourth Stage 8ŒE9Œã‰‰Œˆ’è,https://news.yahoo.co.jp/articles/96ae1153271d87ebfc053390f631a3c9bede3352,5/2(–Ø) 12:31
piaeigat,‚Ò‚ ,10”N‚Ô‚è‚ÌŠJÃwƒlƒ‹ƒtƒFƒX 2024x o‰‰ƒ^ƒCƒgƒ‹‚È‚ÇÚ×”­•\•CMŒöŠJ,https://news.yahoo.co.jp/articles/6c0e59322c936fb6246154c3ec4c05cb35f2a50e,5/2(–Ø) 12:13
piaeigat,‚Ò‚ ,u“S‚Ì’Üv‚ª”|—{‰t‚É“ü‚ê‚ç‚ê‚Ä‚é‚Æv‚¢‚Ü‚·y‚İ‚¤‚ç‚¶‚ã‚ñ‚Ì‰f‰æƒ`ƒ‰ƒV•ú’kzwƒAƒCƒAƒ“ƒNƒ[xwƒCƒ“ƒtƒBƒjƒeƒBEƒv[ƒ‹x,https://news.yahoo.co.jp/articles/620433c769b4d1317dd99782e017e0acd8099dde,5/2(–Ø) 12:07
piaeigat,‚Ò‚ ,wƒAƒ“ƒ_[Eƒ†ƒAEƒxƒbƒhx—«‚Ö‚Ì˜c‚È·’…S‚ğ‰f‚µ‚½–{•Ò‰f‘œŒöŠJ,https://news.yahoo.co.jp/articles/de43281dedaca3122527f07289ce2f25fcca123a,5/2(–Ø) 12:06
piaeigat,‚Ò‚ ,‰f‰æwƒfƒfƒfƒfxŒãÍ‚ÌƒL[ƒ}ƒ“2l‚ÉƒtƒH[ƒJƒXAê–ÊÊ^6“_ŒöŠJ,https://news.yahoo.co.jp/articles/1699c8dbb158a211976d573675e28f423225db8b,5/2(–Ø) 12:05
piaeigat,‚Ò‚ ,ƒCƒ“ƒfƒB[ƒQ[ƒ€ƒCƒxƒ“ƒguBitSummit Driftv‚ª¡”N‚àŠJÃ,https://news.yahoo.co.jp/articles/bb12747fa2b54790ec9f4b064b32e23049c036c2,5/2(–Ø) 12:04
piaeigat,‚Ò‚ ,u’¹áÕ}v‚Å’m‚ç‚ê‚é‹g“c‰O˜Y‚Ì“W——‰ï‚ğ•{’†s”üpŠÙ‚ÅŠJÃ@g—‘z‰»‚³‚ê‚½•—Œih‚ğ•`‚¢‚½‘åŒ^‚Ì“÷•M’¹áÕ}‚È‚Ç‚ğ“W¦,https://news.yahoo.co.jp/articles/28552f5662202996790f7b37bf6db2d50e7a17f7,5/2(–Ø) 11:33
piaeigat,‚Ò‚ ,Œ»“_‚Å‚ÌÅ‚Œ†ìBƒLã‚Ì‹ó˜_wœ‚¯ÒiƒmƒPƒ‚ƒmj‚Í¢‚Ì“Å‚ğŠš‚İ‚ŞBxbOì@“ñì‚ß,https://news.yahoo.co.jp/articles/327105009af54aa3f37f3ea36b1e178913b7d1bb,5/2(–Ø) 11:01
piaeigat,‚Ò‚ ,•‘‘äw“]ƒXƒ‰x‘æ2’eŒö‰‰A‘¨14–¼‚ªWŒ‹‚µ‚½ƒƒCƒ“ƒrƒWƒ…ƒAƒ‹ŒöŠJ,https://news.yahoo.co.jp/articles/9480ab1d7d592a95f8d223b10daf144592f2eaa6,5/2(–Ø) 11:00
piaeigat,‚Ò‚ ,Œ€’c™VŠ´üw“Våj¯xBlu-ray”­”„Œˆ’è@“Á“T‰f‘œ‚ÉŒÃ“cV‘¾A‹v•Ûj—¢‚ç‚É‚æ‚éÀ’k‰ï‚ğû˜^,https://news.yahoo.co.jp/articles/98ffb0fa4dad97bdf9b766b42a2fcfafd4017f1e,5/2(–Ø) 11:00
piaeigat,‚Ò‚ ,‚©‚ç‚ ‚°•Ù“–AV‹Èu22vƒoƒ“ƒh‰‚Ì‰‰‘tƒV[ƒ“‚ğû‚ß‚½MVŒöŠJ,https://news.yahoo.co.jp/articles/10b3bd50b4a7d162edf73debb7da464800219162,5/1(…) 20:00
piaeigat,‚Ò‚ ,Œ»İAÅ‹­‚Ì‘g‚İ‡‚í‚¹‚É‚æ‚é“ñl‰ïw–ö‰Æ‹ª‘¾˜YEt•—’àˆê”V•ã “ñl‰ï `‚æ‚±‚Í‚Ü—Œê‰ï`x,https://news.yahoo.co.jp/articles/627a7a6829459f118b082d5edfb3b81d8bb218a3,5/1(…) 18:04
piaeigat,‚Ò‚ ,–ˆõŒä—çI@ƒoƒ“ƒhŒ‹¬10ü”NELucky KilimanjarouYAON DANCERS 2024v—“ú”ä’J–ìŠO‘å‰¹Šy“°yƒ‰ƒCƒuƒŒƒ|[ƒgz,https://news.yahoo.co.jp/articles/90be66615b01878d63e4251b36fa094fbf8d0ce9,5/1(…) 18:03
piaeigat,‚Ò‚ ,•Xì‚«‚æ‚µAƒfƒrƒ…[25ü”N‚ğ‹L”O‚µ‚½Œ€êƒRƒ“ƒT[ƒgƒcƒA[ŠJÃŒˆ’è,https://news.yahoo.co.jp/articles/80a59eb157fc9055af5b77d29d9a7bc991b03be2,5/1(…) 18:02
piaeigat,‚Ò‚ ,‘«‚è‚È‚¢‰¹‚Í‘z‘œ‚Åuduo 20th Anniversary Live ROLLY & ’JR_qv‚Ó‚½‚è‚¾‚¯‚ÌƒXƒe[ƒWyƒ‰ƒCƒuƒŒƒ|[ƒgz,https://news.yahoo.co.jp/articles/63009cfd08b7f314f44c10b8b85302ffe79374f6,5/1(…) 18:02
piaeigat,‚Ò‚ ,ƒtƒH[ƒŠƒ~åÃwYON FES 2024xChilli Beans.AKANA-BOON‚çÅIo‰‰ƒA[ƒeƒBƒXƒg”­•\,https://news.yahoo.co.jp/articles/40cb2ce961db3e19ef79b002f0dfb3a946cb4546,5/1(…) 18:01
piaeigat,‚Ò‚ ,wÂRŒå@hJ­”NƒtƒH[ƒGƒo[x–Ú•‹æ”üpŠÙ‚ÅŠJ–‹@‰Šú‚©‚çVì‚Ü‚Å‚ğ‘S12Í‚É‚í‚½‚è“W¦,https://news.yahoo.co.jp/articles/60d58987db3bd7a4d0096119c735095ae80cb495,5/1(…) 18:01
piaeigat,‚Ò‚ ,VŠ_Œ‹ˆß‚ÆŒ´ìƒLƒƒƒ‰‚Ì‹¤’Ê“_‚Æ‚ÍH@‰f‰æwˆá‘“ú‹LxV‚½‚Èê–ÊÊ^•ƒƒCƒLƒ“ƒOÊ^ŒöŠJ,https://news.yahoo.co.jp/articles/f0f02f9668480ccbd63e6137fa1c734f34a174d2,5/1(…) 17:04
piaeigat,‚Ò‚ ,‚Ğ‚Ñ‚Ì‚±‚Ã‚¦‚Ì‘¢Œ`“IƒRƒXƒ`ƒ…[ƒ€‚ªŠy‚µ‚¢A‹Éã‚Ìƒ_ƒ“ƒX‘ÌŒ±I@“Œ‹Œ|pŒ€ê‚ÅŠJÃATACTƒ_ƒ“ƒX,https://news.yahoo.co.jp/articles/23be36c489b8c8981e78651c7ab658ec84b2ceaf,5/1(…) 17:03
piaeigat,‚Ò‚ ,q‚Ç‚à˜A‚ê‚É‚±‚»ŠÏ‚Ä‚Ù‚µ‚¢A•¶ŠwÀŒö‰‰wƒAƒ‰ƒrƒAƒ“ƒiƒCƒgx,https://news.yahoo.co.jp/articles/5c2a0876c67beece8473068c08393cf0ff4045d3,5/1(…) 17:03
piaeigat,‚Ò‚ ,‰f‰æ‚Ìƒvƒ‚ª5ŒAÅ‚àŒ©‚½‚¢‰f‰æ‚ÍwŠÖS—ÌˆæxyŒƒCƒ`Ig‚Ò‚ ƒeƒ“hƒ‰ƒ“ƒLƒ“ƒOz,https://news.yahoo.co.jp/articles/cec9f8fb1c3fa7e8f1582bf1e91baac71bb3f3c3,5/1(…) 17:00
piaeigat,‚Ò‚ ,w—ö‚·‚éƒvƒŠƒeƒ“ƒ_[x‚Ó‚½‚è‚ÌãJ‚ª[‚Ü‚éƒV[ƒ“‚ğŒöŠJ@ƒVƒhƒj[EƒXƒEƒB[ƒj[‚ª‹ó’†‚Å–¼‹È‚ğ”M¥,https://news.yahoo.co.jp/articles/45fd0efa6494214a841df71439b82deca764ea6a,5/1(…) 15:00
piaeigat,‚Ò‚ ,w‚è‚ñ‚²‰¹ŠyÕ2024xo‰‰ƒA[ƒeƒBƒXƒg‘æ2’e”­•\@ˆÀ“¡—Tq‚ª‰“oê•ZAZEN BOYS‚ª‹vXQíŒˆ’è,https://news.yahoo.co.jp/articles/4b126571b7b566988c0067b0ac8b1dffa487b1ec,5/1(…) 14:30
piaeigat,‚Ò‚ ,ƒuƒ[ƒhƒEƒFƒCƒ~ƒ…[ƒWƒJƒ‹wƒCƒ“EƒUEƒnƒCƒcxƒƒCƒ“ƒrƒWƒ…ƒAƒ‹ŒöŠJ@ƒXƒyƒVƒƒƒ‹ƒCƒxƒ“ƒg‚ÌŠJÃ‚ªŒˆ’è,https://news.yahoo.co.jp/articles/dd809b38e2f03a9aeed71ae1c629a92d2ca6407c,5/1(…) 12:20
piaeigat,‚Ò‚ ,ƒLƒ€Eƒqƒ\ƒ“uƒ†EƒwƒWƒ“‚³‚ñ‚Æ‚Ì‹¤‰‰‚ğ’f‚él‚Í‚¢‚È‚¢vwƒ}ƒCEƒXƒC[ƒgEƒnƒj[xƒCƒ“ƒ^ƒrƒ…[ŒöŠJ,https://news.yahoo.co.jp/articles/21f3c09e5fe83b5fe2eb0fb00494d35d3e3f3c54,5/1(…) 12:06
piaeigat,‚Ò‚ ,‘íK„•’†ì‘åu‚ªŒê‚é•m‚Ì°u³’¼A–Ê“|‚­‚³‚¢iÎjB‚Å‚àA“²‚ê‚Í‚ ‚è‚Ü‚·v,https://news.yahoo.co.jp/articles/67340872f3f3e495501dfb11d0884f73f475235a,5/1(…) 12:06
piaeigat,‚Ò‚ ,uƒVƒAƒ^[ƒgƒ‰ƒ€EƒlƒNƒXƒgƒWƒFƒlƒŒ[ƒVƒ‡ƒ“v‰‰Œ€•”–åA‚­‚É‚æ‚µ‘gwƒPƒŒƒ“Eƒwƒ‰[x’†ˆäç¹A‘åê‚İ‚È‚İ‚ço‰‰Ò”­•\,https://news.yahoo.co.jp/articles/88540c8847bad2ec7f8d933d70b9c415ee3e3a0c,5/1(…) 12:04
piaeigat,‚Ò‚ ,“¡ˆä“¹lŠÄ“Â~“¹}x—C@‰f‰æŠE‚É¶‚Ü‚ê‚½V‚½‚ÈãJuº‚ğ‚©‚¯‚Ä‚­‚ê‚½‚ç‚Ç‚ñ‚È‚±‚Æ‚Å‚àè“`‚¢‚Ü‚·v,https://news.yahoo.co.jp/articles/a57b75f7e4c45dbae7ffd7c7968c5828a6d579fc,5/1(…) 12:04
piaeigat,‚Ò‚ ,wMUSIC FAIRx‚É“Œ•óƒ~ƒ…[ƒWƒJƒ‹Vì2ì•i‚ÌƒLƒƒƒXƒg‚ç‚ªo‰‰@RèˆçO˜Y‚Æ‚ÌƒRƒ‰ƒ{‚àÀŒ»,https://news.yahoo.co.jp/articles/ffee4aac16682edf6365089abf22adbc9b6be971,5/1(…) 11:42
piaeigat,‚Ò‚ ,u—x‚éƒvƒƒWƒFƒNƒgvVì‚Í“ñ•”ì‚ÅŒöŠJ@ºˆäTŸ‚ªÕŒ‚‚ÌˆêŒ¾‚ğ•ú‚ÂÅV—\ŒöŠJ,https://news.yahoo.co.jp/articles/2030128818eb3a6ebf57c60ea54daf931402d930,5/1(…) 11:11
piaeigat,‚Ò‚ ,ƒRƒŠƒ“Eƒtƒ@ƒŒƒ‹‚ÆƒeƒBƒ‹ƒ_EƒXƒEƒBƒ“ƒgƒ“‚ªVì‰f‰æ‚Å‹¤‰‰,https://news.yahoo.co.jp/articles/1c94f2a8c1ea66fc9f0e969eedc84422682f2d58,5/1(…) 11:00
piaeigat,‚Ò‚ ,JO1‚ÆFANTASTICS‚Í’‡‚ª—Ç‚·‚¬!? ‰f‰æw“¦‘–’†xB‰eŒ»êƒŒƒ|[ƒg@Vê–ÊÊ^•ƒƒCƒLƒ“ƒOÊ^7“_ŒöŠJ,https://news.yahoo.co.jp/articles/51fefd358165a964329eeb7de87b97bebfddba1e,4/30(‰Î) 20:03
piaeigat,‚Ò‚ ,a’JƒXƒNƒ‰ƒ“ƒuƒ‹Œğ·“_‚àƒ{ƒƒ{ƒ‚Éw‰‚Ì˜f¯^ƒLƒ“ƒOƒ_ƒ€x“Á•ÊƒrƒWƒ…ƒAƒ‹ŒöŠJ,https://news.yahoo.co.jp/articles/4ef27ae9ebd19c42cdda6da89d562a92689ad4b3,4/30(‰Î) 18:11
piaeigat,‚Ò‚ ,yƒ‰ƒCƒuƒŒƒ|[ƒgzƒtƒWƒƒbƒN‚ÌƒLƒbƒNƒIƒtƒCƒxƒ“ƒg‚É“c“‡‹M’j(Original Love)•betcover!!“oêuƒtƒWƒƒbƒN‚Å‰ï‚¢‚Ü‚µ‚å‚¤Iv,https://news.yahoo.co.jp/articles/e623ef3d6894489ab6a03e49e320c42115bf81c7,4/30(‰Î) 18:02
piaeigat,‚Ò‚ ,KroiA3rdƒAƒ‹ƒoƒ€wUnspoiledxƒŠƒŠ[ƒXŒˆ’è@‰¡•lÔƒŒƒ“ƒK‘qŒÉ‚Å–ìŠOƒtƒŠ[ƒ‰ƒCƒu‚ÌŠJÃ‚à”­•\,https://news.yahoo.co.jp/articles/cc37ac50e611f4f3ce3e887458e353ed7ac1ae9c,4/30(‰Î) 15:11
piaeigat,‚Ò‚ ,chilldspotA‰‚Æ‚È‚éƒ‰ƒCƒuƒAƒ‹ƒoƒ€w–Í—lx”zMƒŠƒŠ[ƒXŒˆ’è@uˆ¤ˆ£vƒ‰ƒCƒu‰f‘œ‚àŒöŠJ,https://news.yahoo.co.jp/articles/13c79eea9bde9230cfaab4adae9dfd9a9f13f48e,4/30(‰Î) 15:01
piaeigat,‚Ò‚ ,w–¼’T’ãƒRƒiƒ“x‚ªƒSƒWƒ‰•ƒRƒ“ƒO‚ğ‚©‚í‚µV3@wƒLƒ“ƒOƒI[ƒWƒƒ[x‚Í7ˆÊy‰f‰æ“®ˆõƒ‰ƒ“ƒLƒ“ƒOz,https://news.yahoo.co.jp/articles/05a4b44b38e36fdd95d83a6438d716bca0d85577,4/30(‰Î) 14:30
piaeigat,‚Ò‚ ,“úí‚ÌƒŠƒAƒ‹‚ğØ‚èæ‚éBƒ}[ƒ€‚ÆƒWƒvƒV[wDream a Dreamx,https://news.yahoo.co.jp/articles/b2355902a12334c841e89bb80332c85b9a323e8f,4/30(‰Î) 13:20
piaeigat,‚Ò‚ ,"RèˆçO˜YAƒAƒ‹ƒoƒ€wThe HandsomexƒŠƒŠ[ƒX‹L”OƒtƒŠ[ƒ‰ƒCƒu‚É1,500l‚ª”M‹¶ugƒ^ƒ_O˜Yh‚ğŠy‚µ‚ñ‚Åv",https://news.yahoo.co.jp/articles/7ac760cbd52057b6c970ef04c1b254666fe45261,4/30(‰Î) 13:11
piaeigat,‚Ò‚ ,‚MEAƒƒ“ƒo[‚Ìog’n‚ğŠMù‚·‚é‘S‘ƒcƒA[ŠJ–‹@ì’†q“ŞŒSA—é–Ø“µ”ü‚©‚ç‚ÌƒRƒƒ“ƒg“’…,https://news.yahoo.co.jp/articles/7b7567da2b13c339b75bf23a275c043067caa867,4/30(‰Î) 13:10
piaeigat,‚Ò‚ ,w‰Ì•‘Šê’¬‘å‰Ì•‘Šêx’†‘ºŠ¨‹ã˜Y‚ç‚ª‰Ì•‘Šê’¬‚Å‘å‚¨—û‚è••‘‘äˆ¥A‚ğÀ{uˆê¶‚Éˆê“x‚Å‚«‚é‚©‚Å‚«‚È‚¢‚©‚Ì‘ÌŒ±v,https://news.yahoo.co.jp/articles/73fd6362b82910617ec393746a93671df2ecaedf,4/30(‰Î) 12:20
piaeigat,‚Ò‚ ,ƒtƒ@ƒ“ƒL[‰Á“¡Aƒ\ƒ10ü”N‹L”Oƒƒ“ƒ}ƒ“ƒŒƒ|[ƒg@ƒxƒXƒgƒAƒ‹ƒoƒ€ƒŠƒŠ[ƒX•‘S‘ƒcƒA[‚à”­•\,https://news.yahoo.co.jp/articles/ba925fe226964b8735e56dcb8f60bf6a7e55d8df,4/30(‰Î) 12:11
piaeigat,‚Ò‚ ,King Gnu•\†wPMC Vol.32xA5/22”­”„I 5‘åƒh[ƒ€&ƒAƒWƒAƒcƒA[Œã‚ÌÅVƒCƒ“ƒ^ƒrƒ…[AƒŒƒ|&ŠÖŒWÒØŒ¾‚Ì‘å“ÁWB“ÇÒƒAƒ“ƒP[ƒg‹}•å!!,https://news.yahoo.co.jp/articles/5ebc9e5e049fb348f8095e0d91467e967e66c52b,4/30(‰Î) 12:01
piaeigat,‚Ò‚ ,Œ‹¬‚©‚çˆê”N‚ÌICExwSCRAMBLE PARTYIx’Ç‰ÁŒö‰‰ƒŒƒ|[ƒg ‰ß‚¬‚½ŠÔ‚Æ–¢—ˆ‚Ö‚Ì–ñ‘©‚ªgƒXƒNƒ‰ƒ“ƒuƒ‹h‚µ‚½ÅŒã‚Ìˆê–é,https://news.yahoo.co.jp/articles/11030c20a58afd5af09c97e5266348ba9b9ca470,4/30(‰Î) 12:00
piaeigat,‚Ò‚ ,THE YELLOW MONKEYA‹ê“ï‚Ì––‚É“’B‚µ‚½“Œ‹ƒh[ƒ€Œö‰‰wSHINE ONxƒIƒtƒBƒVƒƒƒ‹ƒŒƒ|[ƒg,https://news.yahoo.co.jp/articles/04a59d924a96ed36234ea7c94cd708ab1c99eb23,4/30(‰Î) 12:00
piaeigat,‚Ò‚ ,•U‰®@’BA’|“à²–PARŒûW‚ç‚ÌŒ¢‚Æ”L‚ğ‘èŞ‚Æ‚µ‚½–¼ì‚ª‘åW‡wy“Á•Ê“WzŒ¢”hH”L”hHxRí”üpŠÙ‚Å,https://news.yahoo.co.jp/articles/6164e9a294fdaaa840e4888189cc3578c6531035,4/30(‰Î) 11:31
piaeigat,‚Ò‚ ,ƒ‰ƒbƒZƒ‹EƒNƒƒE‚Æƒ‰ƒ~Eƒ}ƒŒƒbƒN‚ªVì‚Å‹¤‰‰,https://news.yahoo.co.jp/articles/d531d65592097963b46d1d7bab0d2df873748ed9,4/30(‰Î) 11:31
piaeigat,‚Ò‚ ,•‘‘äwƒnƒŠ[Eƒ|ƒbƒ^[‚Æô‚¢‚Ìqx•½•ûŒ³Šî‚Æ‹g‘ò—I‚Ìƒg[ƒNƒVƒ‡[‚ğÀ{@ƒzƒOƒ[ƒc–‚–@–‚pŠwZ‚ÌV“ü¶‚½‚¿‚É‚æ‚éƒ_ƒ“ƒX‚à,https://news.yahoo.co.jp/articles/a761c70f14c135a02587391390d8ac50ea8be1e9,4/30(‰Î) 11:30
piaeigat,‚Ò‚ ,‚è‚è‚ B‰‚Ìƒƒ“ƒ}ƒ“ƒcƒA[w–ñ‘©xŠJÃŒˆ’è,https://news.yahoo.co.jp/articles/f661e7b03a849add139e864fabf6ef8063e8b1cc,4/30(‰Î) 11:02
piaeigat,‚Ò‚ ,~‚Ü‚ç‚È‚¢ƒXƒs[ƒh‚Éæ‚Á‚ÄBUDDiiS‚ÍŸ‚ÌƒXƒe[ƒW‚Öu–l‚ç‚Ì‘z‚¢‚Í‚¢‚Â‚Å‚à‚İ‚ñ‚È‚Ì‹ß‚­‚Évƒz[ƒ‹ƒcƒA[ÅIŒö‰‰‚Ì–Í—l‚ğƒŒƒ|[ƒg,https://news.yahoo.co.jp/articles/53c38db2e5f5229ad865985e6c7cd96fba06833e,4/30(‰Î) 10:02
piaeigat,‚Ò‚ ,w–ˆ“ú‚ª‰ÄÕ‚è2024x‘æ4’eo‰‰ƒA[ƒeƒBƒXƒg”­•\,https://news.yahoo.co.jp/articles/795c96d5fed64dc9997376d424d397a6314d5b9d,4/30(‰Î) 10:01
piaeigat,‚Ò‚ ,OmoinotakeA‰‚ÌŠCŠOŒö‰‰‚ğŠÜ‚Şƒƒ“ƒ}ƒ“ƒcƒA[‚ªŒˆ’è,https://news.yahoo.co.jp/articles/8a62118c2fc8f12a2cafc2cf6c611aa5e3ebb244,4/30(‰Î) 10:00
piaeigat,‚Ò‚ ,•Ùà’à˜aò‚ªO—V’à”’’¹‚Ìw—Œê‚Ì‰¼–Êx‚ğÄ‰‰@‘ãŠ¯R—Œê–é™òu•Ùà’à˜aò ”’’¹”¶‚Ì‰ïv,https://news.yahoo.co.jp/articles/cc89b57c773b7f1a4b24bf103d6ef6dc65fa9efb,4/29(Œ) 18:02
piaeigat,‚Ò‚ ,ƒ~ƒ…[ƒWƒJƒ‹wƒrƒŠ[EƒGƒŠƒIƒbƒgx3‘ã–ÚƒrƒŠ[‚É‚æ‚é“Á•ÊƒpƒtƒH[ƒ}ƒ“ƒX”â˜I@Hibiya Festival 2024ƒCƒxƒ“ƒgƒŒƒ|[ƒg,https://news.yahoo.co.jp/articles/cc0cbfae1f68aae7e6862c5471bed707507f33ce,4/29(Œ) 15:10
piaeigat,‚Ò‚ ,‘Îƒoƒ“ƒCƒxƒ“ƒgwRESURRECTIONx‹à‘ò‚É‚ÄŠJÃŒˆ’è@ƒAƒ‹ƒRƒTƒCƒgAƒ‹ƒTƒ“ƒ`ƒ}ƒ“‚ç4‘g‚ªo‰‰,https://news.yahoo.co.jp/articles/8bc1795e82674f0d18cc2f28eadf7d61aeaf3f3e,4/29(Œ) 14:00
piaeigat,‚Ò‚ ,ƒ~ƒ…[ƒWƒJƒ‹wƒLƒƒƒbƒ`Eƒ~[EƒCƒtEƒ†[EƒLƒƒƒ“xŠâ–{Æå‰‰‚ÅÄ‰‰Œˆ’è@‹g“c‰hì‚ç‚à‘±“Š,https://news.yahoo.co.jp/articles/474e30fecfb7a69eaf27f8e0b87330d7acca3cf5,4/29(Œ) 13:01
piaeigat,‚Ò‚ ,XO’†E‘å“‡•ƒKƒ“ƒoƒŒƒ‹[ƒ„A–{‹C‚ÅƒA[ƒeƒBƒXƒg‚ğ–Úw‚·VƒvƒƒWƒFƒNƒgn“®,https://news.yahoo.co.jp/articles/2a6dc620dc71b9f936401e6734b019685802ada1,4/29(Œ) 12:04
piaeigat,‚Ò‚ ,w‚ ‚è‚Ó‚ê‚½‹³ºx—\‘z‚ğ’´‚¦‚½ÕŒ‚ìI‚±‚ê‚Í’N‚É‚Å‚à‹N‚±‚è‚¤‚éy‚¨‚Æ‚È‚Ì‰f‰æƒKƒCƒhz,https://news.yahoo.co.jp/articles/bfe06657a1b87bcc4bd6257fc9214ac84f339089,4/29(Œ) 12:00
piaeigat,‚Ò‚ ,Vì‚Ê‚¢‚®‚é‚İ‚Éƒ|[ƒ`AƒpƒXƒP[ƒX‚È‚Çuƒ_ƒbƒtƒB[vƒXƒyƒVƒƒƒ‹ƒOƒbƒY‚ª”­”„’†,https://news.yahoo.co.jp/articles/7b8225a7723d6de9609b93e79aa5d9814fd05d5c,4/29(Œ) 10:01
piaeigat,‚Ò‚ ,ƒtƒŒƒbƒVƒ…‚È“ñƒc–Ú‚©‚çd’Á‚Ü‚Å‚ª•L‚¢”N—î‘w‚ªo‰‰@u’kƒ{ƒ^ƒjƒJƒ‹u’j‚ªŒê‚é’j‚Ì¢ŠEv,https://news.yahoo.co.jp/articles/9c93c5d7d7b746e1a33103e18fb446cb656c00e9,4/28(“ú) 18:00
piaeigat,‚Ò‚ ,y˜a“cÊ‰Ô‚ÌƒA[ƒg‚³‚ñ‚Ûz‘å“s‰ï‚ÌƒA[ƒgƒXƒ|ƒbƒg‚Åƒpƒ[‚ğƒ`ƒƒ[ƒW„Ÿ„Ÿ‰ª–{‘¾˜Y‹L”OŠÙ,https://news.yahoo.co.jp/articles/a1cc3077e69a4963dbae7ef4abfe7cee178e89f4,4/28(“ú) 12:05
piaeigat,‚Ò‚ ,ƒEƒ‹ƒtƒ‹ƒYAƒz[ƒ‹ƒcƒA[wƒc[ƒc[ƒEƒ‰ƒEƒ‰ƒc[ ƒV[ƒYƒ“1xŠJÃ”­•\,https://news.yahoo.co.jp/articles/41f165c1d32c3374b5636142ed3aa0ce963a04dc,4/28(“ú) 12:04
piaeigat,‚Ò‚ ,¡‹B•A.B.C-Z‹´–{—Ç—º‚ªŒ†ìƒ~ƒXƒeƒŠ[‚É’§‚Ş@•‘‘äwSLEUTH^ƒXƒ‹[ƒXxã‰‰Œˆ’è,https://news.yahoo.co.jp/articles/97d683ec19e2a2f517230b83cd714bd6f959b584,4/28(“ú) 12:02
piaeigat,‚Ò‚ ,‹GßŒÀ’è‚Ì–¡“—ˆIuƒLƒ‹ ƒtƒF ƒ{ƒ“v‰‰Ä‚ÌVìˆê‹“‚²Ğ‰î,https://news.yahoo.co.jp/articles/346c5bd038696fa8e7daebeb2424ccbf548781a9,4/28(“ú) 12:00
piaeigat,‚Ò‚ ,ONE Nf ONLY‚ª 47“s“¹•{Œ§ƒcƒA[‚ğŠ®‘–Iu‚İ‚ñ‚È‚ªK‚¹‚É‚È‚ê‚éƒOƒ‹[ƒv‚ÉvÎŠç‚Å’÷‚ß‚­‚­‚Á‚½ƒpƒVƒtƒBƒR‰¡•lŒö‰‰ƒ‰ƒCƒuƒŒƒ|[ƒg,https://news.yahoo.co.jp/articles/129008d84e1e442ce0ba4240ebbf04b3b6fe68f4,4/28(“ú) 9:39
piaeigat,‚Ò‚ ,yƒ‰ƒCƒuƒŒƒ|[ƒgzuŒ´ˆö‚Í©•ª‚É‚ ‚éBv‚ÍV‚½‚È‚‚İ‚ÖB”Ş‚ç‚ª•`‚­w‰Ë‹ó‚ÌƒAƒEƒgƒ‰ƒCƒ“x‚Íi‰»‚Ì—\’›,https://news.yahoo.co.jp/articles/e9c9e1684ea3fbdf96ac0edb86094597748fa314,4/27(“y) 20:03
piaeigat,‚Ò‚ ,¼‰ª¹Gå‰‰w˜A‘±ƒhƒ‰ƒ}W –§‚Í‚¤‚½‚¤2x’‡‘ºƒgƒIƒ‹AŒË’ËË‘¾Aƒ}ƒLƒ^ƒXƒ|[ƒc‚çƒƒCƒ“ƒLƒƒƒXƒg”­•\,https://news.yahoo.co.jp/articles/0b4a5c4555673316a25596f85b4c608f5c85c00f,4/27(“y) 12:04
piaeigat,‚Ò‚ ,ƒ‰ƒ‰ƒ“ƒh ƒjƒVƒ_‚ğŠÄ‹‚¹‚æwƒUEƒEƒHƒbƒ`ƒƒ[ƒYxL‚ğ”w•‰‚Á‚ÄŠX‚Ö,https://news.yahoo.co.jp/articles/72342a7bcdf463ce161f10ad7f84947e4da0e18b,4/27(“y) 12:03
piaeigat,‚Ò‚ ,”æ‚ê‚É‚­‚¢‚Æl‹C‚Ìƒ[ƒNƒ}ƒ“uƒtƒB[ƒ‹ƒhƒTƒ“ƒ_ƒ‹ƒAƒhƒoƒ“ƒXvö‚ê‚È‚­‚ÄˆÀ‘S«‚àƒoƒbƒ`ƒŠ,https://news.yahoo.co.jp/articles/ecbeff673279bd32572badd457a314d6972bff75,4/27(“y) 12:00
piaeigat,‚Ò‚ ,¬‘òŒ’“ñAƒAƒ‹ƒoƒ€wLIFEx‚ÌÄŒ»ƒ‰ƒCƒuŠJÃŒˆ’è@“–‚ÌƒŒƒR[ƒfƒBƒ“ƒOƒƒ“ƒo[‚Æ‹@Ş‚Å‘S‹È‰‰‘t,https://news.yahoo.co.jp/articles/452dade43eae207d4d81463ff7a86434ae47ebf6,4/26(‹à) 21:30
piaeigat,‚Ò‚ ,Üâ—I‘¾A2”N8ƒJŒ‚Ô‚è‚ÌƒAƒ‹ƒoƒ€wô•¶x”­”„Œˆ’è@‘S‘8“ss‚ğ‚Ü‚í‚éƒz[ƒ‹ƒcƒA[‚à,https://news.yahoo.co.jp/articles/a34f7704d836ee2c778311868209ce075598a1d0,4/26(‹à) 21:01
piaeigat,‚Ò‚ ,ƒ„ƒ“ƒOƒXƒLƒj[A–¢“¥‚Ìƒ‰ƒCƒuƒnƒEƒX‚ğ„‚é‘Îƒoƒ“ƒcƒA[ŠJÃŒˆ’è,https://news.yahoo.co.jp/articles/0aa63a12f103ce55931a149de3a1f173f9fecdd4,4/26(‹à) 21:01
piaeigat,‚Ò‚ ,PK shampooåÃwPSYCHIC FES 2024xKALMAAMega Shinnosuke‚ç‘æ3’eƒA[ƒeƒBƒXƒg”­•\,https://news.yahoo.co.jp/articles/bfdc5277eb789a5b125b0331dc104bdfc451c4b2,4/26(‹à) 21:00
piaeigat,‚Ò‚ ,¼éG÷‚ço‰‰‚Ì‰f‰æwˆ¤‚Æ½xO•”ìA‰‚Æ‚È‚éƒfƒWƒ^ƒ‹”zM‚ªuƒvƒ‰ƒX¼’|v‚ÅƒXƒ^[ƒg,https://news.yahoo.co.jp/articles/c1f002ff297c48698a53c06e1d85d711eb0255b5,4/26(‹à) 19:31
piaeigat,‚Ò‚ ,IBERIs&@ƒƒWƒƒ[ƒfƒrƒ…[1ü”Nƒƒ“ƒ}ƒ“ƒ‰ƒCƒugMagic Hourh vol.3`UUUUU`ŠJÃIuŒÂX‚ğ–‚«A‚³‚ç‚É‘f“G‚È„‚½‚¿‚ğŒ©‚Ä‚Ù‚µ‚¢v,https://news.yahoo.co.jp/articles/ee37fdf199f13fba1f7b2cecee5e2e74e307ea82,4/26(‹à) 18:02
piaeigat,‚Ò‚ ,yƒ‰ƒCƒuƒŒƒ|[ƒgzego apartmentAâƒmã‰¹ŠyÕ‚É“oê@^‚ÁÂ‚È‹ó‚Ì‰º‚Å–¡‚í‚¤S–ô‚é‚—gŠ´,https://news.yahoo.co.jp/articles/a64dd58817e988b3fbaf3a38e1e751a896b4acee,4/26(‹à) 18:00
piaeigat,‚Ò‚ ,Vìƒ~ƒ…[ƒWƒJƒ‹wƒfƒBƒYƒj[ ‚­‚Ü‚Ìƒv[‚³‚ñx¡T––‚æ‚è,https://news.yahoo.co.jp/articles/0b40b92f080669d80cf94382feff46a5d2a0fc38,4/26(‹à) 17:04
piaeigat,‚Ò‚ ,wƒ}ƒCEƒXƒC[ƒgEƒnƒj[xålŒöƒ`ƒz‚ğ‰‰‚¶‚½ƒ†EƒwƒWƒ“ ƒCƒ“ƒ^ƒrƒ…[ŒöŠJ,https://news.yahoo.co.jp/articles/ba9c53b977777c30de2ddd3b61c92dd4887df30a,4/26(‹à) 17:03
piaeigat,‚Ò‚ ,‰‰oE™Œ´–M¶AKUNIO16wƒSƒh[‚ğ‘Ò‚¿‚È‚ª‚çxã‰‰Œˆ’è,https://news.yahoo.co.jp/articles/8d52faf80c48edb68621dd5ac8c82b4fc6908a3c,4/26(‹à) 17:00
piaeigat,‚Ò‚ ,a’J‚ÅƒeƒBƒ‰ƒm VS ƒMƒKƒmƒg’¸ãŒˆíI@GWP—áƒCƒxƒ“ƒgwDINO SAFARIiƒfƒBƒmƒTƒtƒ@ƒŠj2024x‚ªŠJ–‹,https://news.yahoo.co.jp/articles/6407480812c2fd64e2310b50d88eda5f5efb2232,4/26(‹à) 15:20
piaeigat,‚Ò‚ ,wƒiƒCƒgƒXƒCƒ€x‚ªŠÔ‚à‚È‚­ŒöŠJB–¼ì˜A”­‚Ìg•Ï‚È‰Æƒzƒ‰[h‚Æ‚ÍH,https://news.yahoo.co.jp/articles/bc5b2b1fe77a4115de9650f46b67eef4959797db,4/26(‹à) 15:01
piaeigat,‚Ò‚ ,ƒ~ƒ…[ƒWƒJƒ‹wƒrƒŠ[EƒGƒŠƒIƒbƒgxHibiya Festival 2024‚ÖQ‰ÁŒˆ’è,https://news.yahoo.co.jp/articles/42138d4ffe99e60421d5541ebd96f0ae172ae95a,4/26(‹à) 14:10
piaeigat,‚Ò‚ ,wƒtƒWƒƒbƒN'24xRAYEAƒgƒNƒ}ƒ‹ƒVƒ…[ƒS‚ç‘æ5’eƒ‰ƒCƒ“ƒiƒbƒv”­•\,https://news.yahoo.co.jp/articles/3e5f838ff5675fbe31251a68ab18d35f2a591dd2,4/26(‹à) 13:01
piaeigat,‚Ò‚ ,å‰‰Eâ–{¹s@ƒ~ƒ…[ƒWƒJƒ‹wOemx“Œ‹AL“‡A‘åã‚Åã‰‰Œˆ’è,https://news.yahoo.co.jp/articles/8db5a10e5f7d61502e66512b4b0dbc2ad0c70237,4/26(‹à) 12:52
piaeigat,‚Ò‚ ,wƒ}ƒbƒhƒ}ƒbƒNƒXxÅVìA“ú–{Œê”Å‘ÖƒLƒƒƒXƒg10–¼”­•\@ƒtƒ@ƒCƒ‹[ƒY‚ ‚¢A’Ã“cŒ’Ÿ˜Y‚Ù‚©ƒŒƒWƒFƒ“ƒhº—D‚ªWŒ‹,https://news.yahoo.co.jp/articles/6dc5d4f726c83490ce4609122a345056a8189e48,4/26(‹à) 12:52
piaeigat,‚Ò‚ ,JAL‚Ì‘Ûü•‘“àü‚ÅuPFFƒAƒ[ƒhvóÜì‚Ìã‰f‚ªƒXƒ^[ƒg,https://news.yahoo.co.jp/articles/aabb0a8bf6732001634ce4943f4964e113ef7dfd,4/26(‹à) 12:31
piaeigat,‚Ò‚ ,l‚Æˆ«–‚‚ª‘t‚Å‚é‹Éã‚Ì—Ö•‘‹ÈBg‰¹Šy‚Ìˆ«–‚h’†ìW‹³‚ª–£˜f‚·‚éƒ~ƒ…[ƒWƒJƒ‹wCROSS ROADx,https://news.yahoo.co.jp/articles/0f3cf931a5d8f0c8e53dd4eef1bce4e7f1e4e761,4/26(‹à) 12:30
piaeigat,‚Ò‚ ,w‚Ò‚ MUSIC COMPLEXV•·xA5/9ñ“sŒ—‚ÌƒZƒuƒ“]ƒCƒŒƒuƒ“AA!SMART‚Ù‚©‚Å”­”„IBABYMETAL•\†•ÅV“ÆèƒCƒ“ƒ^ƒrƒ…[ŒfÚ,https://news.yahoo.co.jp/articles/5c20f9a1426defc22e819eebae0efbb1b95d963f,4/26(‹à) 12:09
piaeigat,‚Ò‚ ,R“c®qŠÄ“ÂÅVìw‚«‚İ‚ÌFxƒAƒkƒV[‰f‰æÕ‚Ö‚Ì³®o•i‚ªŒˆ’è@ê–ÊÊ^11–‡‚àŒöŠJ,https://news.yahoo.co.jp/articles/a92cef59016eadcf6e1702857c244b7793e448a5,4/26(‹à) 12:08
piaeigat,‚Ò‚ ,u25AÔâ‚ÅvB‰eŒ»êƒŒƒ|[ƒgI ‹î–Øªˆ¨‘¿•VŒ´‘×—C‚ªg‚ ‚é‚à‚Ìh‚ğ‚ß‚®‚Á‚Ä‘åŒƒ˜_H,https://news.yahoo.co.jp/articles/9fda7aca91ccce2e8bf99a3bb5bcde1cdf36cb36,4/26(‹à) 12:08
piaeigat,‚Ò‚ ,‘å’Ë–¾•v‚ªuƒXƒ^[ƒ`ƒƒƒ“ƒlƒ‹vƒŠƒjƒ…[ƒAƒ‹ƒLƒƒƒ“ƒy[ƒ“‚ÌƒCƒ[ƒWƒLƒƒƒ‰ƒNƒ^[‚ÉA”C,https://news.yahoo.co.jp/articles/3324e383122841fbcb807eeb798b37a2eb594b08,4/26(‹à) 12:05
piaeigat,‚Ò‚ ,’‡“¹ˆè‘ã‚ª•`‚«o‚·Aƒx[ƒg[ƒ”ƒFƒ“‚ÆƒVƒ…[ƒxƒ‹ƒg‚Ì—‘z‚Æ–²,https://news.yahoo.co.jp/articles/a98b177561d4b51e1bc44a38cfd17c9b4c598ffd,4/26(‹à) 12:05
piaeigat,‚Ò‚ ,wKAGAYA@¯‹ó‚Ì¢ŠE@“V‹ó‚Ì‘¡‚è•¨x‚»‚²‚¤”üpŠÙ‚Å@16m‚Ì‘å‰æ–Ê‚Å”ü‚µ‚¢¯‹ó‚ğ‘ÌŠ´‚Å‚«‚é‰f‘œì•i‚ğ‰ŒöŠJ,https://news.yahoo.co.jp/articles/1cb693971e79ba2ec686d6dac388cc4cfed19320,4/26(‹à) 11:31
piaeigat,‚Ò‚ ,ƒWƒFƒjƒtƒ@[EƒAƒjƒXƒgƒ“‚ªw9‚©‚ç5‚Ü‚Åx‚ğƒŠƒu[ƒg,https://news.yahoo.co.jp/articles/e37f742f599962fcb79ba63e3884e52fb2baeb4f,4/26(‹à) 11:03
piaeigat,‚Ò‚ ,—Œêƒ_ƒ“ƒX“®•¨‰€I CHAiroiPLIN‚¨‚Ç‚é—Œêw‚ç‚­‚¾x,https://news.yahoo.co.jp/articles/63c35314c09155249f1385ad1187a437ebd26878,4/26(‹à) 11:01
piaeigat,‚Ò‚ ,wƒGƒCƒŠƒAƒ“x‚Ìg‚»‚ÌŒã‚Ì•¨Œêh‚ğ•`‚­ÅVìwƒGƒCƒŠƒAƒ“Fƒƒ€ƒ‹ƒXx“Á•ñ‰f‘œŒöŠJ,https://news.yahoo.co.jp/articles/4724dc7081162037fb1c37acc438459eaa637efc,4/26(‹à) 10:02
piaeigat,‚Ò‚ ,BUMP OF CHICKENA5”N‚Ô‚è‚ÌƒAƒ‹ƒoƒ€wIrisx”­”„•ƒh[ƒ€ƒcƒA[ŠJÃŒˆ’è,https://news.yahoo.co.jp/articles/78b4ae88a63b48fae270dad3de2310ef15ccb39e,4/26(‹à) 10:02
piaeigat,‚Ò‚ ,a’J“âç‚ª´…’ŠÄ“Âƒzƒ‰[‚Å‰f‰æ‰å‰‰Iw‚ ‚ÌƒR‚Í‚¾‚Ÿ‚êHx“Á•Ê‰f‘œgã‰f’†~verhŒöŠJ,https://news.yahoo.co.jp/articles/b0df464f71f48c3d64d2288fb1b476e2b1e5fcb6,4/26(‹à) 10:02
piaeigat,‚Ò‚ ,wƒfƒ…[ƒ“ »‚Ì˜f¯PART2x”zMƒXƒ^[ƒg@’¬“cŒ[‘¾‚ª–£—Í‚ğŒê‚éƒCƒ“ƒ^ƒrƒ…[‰f‘œŒöŠJ,https://news.yahoo.co.jp/articles/98dde9703d78e24284a9a1a4a7a5195d119f03c5,4/26(‹à) 0:00
piaeigat,‚Ò‚ ,ƒnƒ“ƒo[ƒg ƒnƒ“ƒo[ƒgAH‚ÌƒcƒA[wƒnƒ“ƒo[ƒg‰Æ‚ÌH‚ÌO–éxŠJÃŒˆ’è,https://news.yahoo.co.jp/articles/293445476ccf15ddc0f8dbf705043002169ffccc,4/25(–Ø) 21:30
piaeigat,‚Ò‚ ,‰ª“c—˜‹K•R“c˜a÷‚ª“Œ‹Œ|pŒ€ê‚ÌV‚½‚ÈŒ|pŠÄ“Â‚É@–ì“cG÷‚Í2026”N3Œ‚É‘Ş”C,https://news.yahoo.co.jp/articles/83e1a8020700175316d048fe7644877c7e7cc5be,4/25(–Ø) 19:30
piaeigat,‚Ò‚ ,‚±‚ê‚¼ŒâŠy‰f‰æ‚Ì‰¤“¹w—ö‚·‚éƒvƒŠƒeƒ“ƒ_[x‚Í–O‚«‚³‚¹‚È‚¢ƒhƒ^ƒoƒ^ƒRƒƒfƒB,https://news.yahoo.co.jp/articles/d8935416825f553b4011eccbb39a3893a3916ff0,4/25(–Ø) 18:06
piaeigat,‚Ò‚ ,ußt‚Æ‚µ‚Ä‰I@‘—§”\Šy“°‚Å‚Ì“Æ‰‰‰ïw’å‹¾™B`ˆê—´Ö’å‹¾‚Ğ‚Æ‚è‰ï`x,https://news.yahoo.co.jp/articles/bd8a680beadd1ad74da14f9f52926aa8edecf958,4/25(–Ø) 18:04
piaeigat,‚Ò‚ ,Nothingfs Carved In Stone‚ÌV‹È‚ªCMƒ^ƒCƒAƒbƒv‹È‚É@æs”zM‚àŒˆ’è,https://news.yahoo.co.jp/articles/5c10cf149bb81f52ed713be2d827df7477c03666,4/25(–Ø) 18:02
piaeigat,‚Ò‚ ,yFREAKY & GROOVY vol.4z•½•”‰ë—mireGretGirlj~’‡ìT”V‰îi‘¬36kmj‘Î’k,https://news.yahoo.co.jp/articles/92d2283593cff0f7eede5efac0d7ade7a814f643,4/25(–Ø) 18:01
piaeigat,‚Ò‚ ,—ÑãÄ‘¾A—é–Ø—½•½A—¯ˆË‚Ü‚«‚¹‚ª‰o‰‰ wCLUB SEVEN another placex‘SƒLƒƒƒXƒg”­•\,https://news.yahoo.co.jp/articles/6af21a8460e15883f4b7ab619c68ecb710820cb8,4/25(–Ø) 17:02
piaeigat,‚Ò‚ ,wO“‡Šì”ü‘ã\–¢—ˆ‚Ö‚Ì‹L‰¯x—û”n‹æ—§”üpŠÙ‚É‚Ä@Å‘å‹K–Í‚ÌƒCƒ“ƒXƒ^ƒŒ[ƒVƒ‡ƒ“s20¢‹I‚Ì‹L‰¯t‚È‚Ç‚Å70”N‚É‚í‚½‚é‘nì‚Ì‹OÕ‚ğ“WŠÏ,https://news.yahoo.co.jp/articles/126eb2199291a77f118e0a06cd23a60e648a88ea,4/25(–Ø) 15:00
piaeigat,‚Ò‚ ,ç”Ü‚İ‚äA¼‰ªL‘åA£“Ş‚¶‚ã‚ñ‚ço‰‰w‹ó’†ƒuƒ‰ƒ“ƒR‚Ì‚è‚ÌƒLƒLxƒƒCƒ“ƒrƒWƒ…ƒAƒ‹ŒöŠJ,https://news.yahoo.co.jp/articles/d1be54da830ef6682f2295a4e8f46cc0158cf0b2,4/25(–Ø) 14:40
piaeigat,‚Ò‚ ,‹´’ÜŒ÷AO‰Y—Á‰îA‰ª–{Œ\l‚ço‰‰@ƒŠ[ƒfƒBƒ“ƒOƒVƒAƒ^[wGOTT _xã‰‰Œˆ’è,https://news.yahoo.co.jp/articles/efdec700350f1a22cbf5b3abee6e22e1f3fa3d87,4/25(–Ø) 14:40
piaeigat,‚Ò‚ ,‘Û“I‚ÉŠˆ–ô‚·‚éƒsƒAƒjƒXƒgA‰Í‘º®q‚ª20ü”N‹L”OƒŠƒTƒCƒ^ƒ‹‚ğŠJÃ,https://news.yahoo.co.jp/articles/3f283144909b48e28b4ddd9e4793fbd504e12352,4/25(–Ø) 13:30
piaeigat,‚Ò‚ ,Î–ì‘ì‹…A‚­‚é‚èAXR’¼‘¾˜N‚ço‰‰wFUJI & SUNf24xƒ^ƒCƒ€ƒe[ƒuƒ‹”­•\,https://news.yahoo.co.jp/articles/61bc5e146d6bd3e1aa0d7212cbd9ac497a764d50,4/25(–Ø) 13:11
piaeigat,‚Ò‚ ,ƒ_ƒj[Eƒ{ƒCƒ‹Vì‚ÉƒŒƒCƒtEƒtƒ@ƒCƒ“ƒY‚ç‚ªo‰‰,https://news.yahoo.co.jp/articles/7df53d4a4b3b4c75ad081c21c9fd3b950b31a881,4/25(–Ø) 13:01
piaeigat,‚Ò‚ ,ƒS[ƒ‹ƒfƒ“ƒEƒB[ƒN‚ÍÃ‰ª‚Å‰‰Œ€‚ğIu‚Ó‚¶‚Ì‚­‚É‚¹‚©‚¢‰‰Œ€Õv,https://news.yahoo.co.jp/articles/98137d1f1788760e1b0a7268ad9ee14f64b4010a,4/25(–Ø) 13:00
piaeigat,‚Ò‚ ,V‘—§Œ€ê‚ÅŠÔ‚à‚È‚­ŠJ–‹BŒÃ‘ãƒCƒ“ƒh‚ª•‘‘ä‚ÌƒoƒŒƒGwƒ‰Eƒoƒ„ƒf[ƒ‹x‚Ì–£—Í,https://news.yahoo.co.jp/articles/7d4f1b835ad54e780cb874ac1b41f58f0ab1feb8,4/25(–Ø) 12:30
piaeigat,‚Ò‚ ,ƒCEƒCƒMƒ‡ƒ“A‰‚Ìƒtƒ@ƒ“ƒ~[ƒeƒBƒ“ƒO‚Ì’Ç‰ÁŒö‰‰‚ªŒˆ’è,https://news.yahoo.co.jp/articles/bb1b2d3db6a95137fe9a324393c40962a63cdd49,4/25(–Ø) 12:07
piaeigat,‚Ò‚ ,ƒAƒWƒJƒ“ˆÉ’n’m‚ç‚ÌVƒoƒ“ƒhEName the NightAV‹Èuƒ{ƒiƒpƒ‹ƒgv”zMƒŠƒŠ[ƒX•MVŒöŠJ,https://news.yahoo.co.jp/articles/21fcb552053748174bfe205c9d5677fba64011b0,4/25(–Ø) 12:01
piaeigat,‚Ò‚ ,‘åŠªLkA‰iR—SqA×ˆä”ü—T‚ª“ú”ä’JŒö‰€‚ÅƒCƒ“ƒXƒ^ƒŒ[ƒVƒ‡ƒ“‚ğ“WŠJ@uPlayground Becomes Dark Slowlyv4Œ27“ú‚©‚ç,https://news.yahoo.co.jp/articles/9ac0f01d76f5f55d1514c6e7c23ede36a71fee4e,4/25(–Ø) 11:03
piaeigat,‚Ò‚ ,‰i£—õå‰‰w—]–½ˆê”N‚Ì–l‚ªA—]–½”¼”N‚ÌŒN‚Æo‰ï‚Á‚½˜bBxƒtƒWƒtƒ@ƒuƒŠƒbƒNuáÒ‚Ì‚·‚×‚Äv‚ª—¬‚ê‚éƒeƒBƒU[‰f‘œŒöŠJ,https://news.yahoo.co.jp/articles/1d4fbc43b21752b5772f2af1147505a5cb7d5984,4/25(–Ø) 9:00
piaeigat,‚Ò‚ ,‚Æ‚½A—‚Ìq‚Ì–Ó–Ú“I‚È—öˆ¤‚ğ•`‚¢‚½u•ĞˆË‘¶vMVŒöŠJ,https://news.yahoo.co.jp/articles/cd9d5a819c4193ba3bf91d338c98c58aaefe0290,4/24(…) 21:01
piaeigat,‚Ò‚ ,DENIMSAƒjƒ…[ƒAƒ‹ƒoƒ€wRICORITAx”­”„•‘S‘ƒƒ“ƒ}ƒ“ƒcƒA[ŠJÃŒˆ’è,https://news.yahoo.co.jp/articles/42b14b2e7b9b86554975dc2ec434c63bba2c5810,4/24(…) 20:02
piaeigat,‚Ò‚ ,Bye-Bye-Hand‚Ì•û’ö®‚ğƒZƒNƒV[‚È“Xˆõ‚ª—U˜fI@V‹Èu‘MŒõ”zMvMVŒöŠJ,https://news.yahoo.co.jp/articles/84de6301ef557817095c639238ac1792469a5f95,4/24(…) 20:01
piaeigat,‚Ò‚ ,Lucky KilimanjaroA–{“ú”zMƒŠƒŠ[ƒX‚ÌV‹ÈuÀŠ´vMVŒöŠJ,https://news.yahoo.co.jp/articles/d2a2222999f5075350dc2aae12351f8adc14c823,4/24(…) 18:01
piaeigat,‚Ò‚ ,andropAŒ³yonawo‚Ìr’JãÄ‘å‚ğƒtƒB[ƒ`ƒƒƒŠƒ“ƒO‚ÉŒ}‚¦‚½V‹È”zM@ƒfƒrƒ…[15ü”N‹L”OƒcƒA[‚ªŒˆ’è,https://news.yahoo.co.jp/articles/03f8cc62a78e1bc4592ef891c5a06bdb9fd96bff,4/24(…) 18:01
piaeigat,‚Ò‚ ,wƒtƒŒƒ“ƒY‚ÌƒtƒŒƒ“ƒY‘åW‡IxÎè‚Ğ‚ã[‚¢ATEAM SHACHIç—ÇØACENT‚çƒQƒXƒgƒƒ“ƒo[”­•\,https://news.yahoo.co.jp/articles/afe7facdeb49618c60d2d83e851c4a2e39151f9a,4/24(…) 17:50
piaeigat,‚Ò‚ ,t•—’àˆê”V•ãƒvƒƒfƒ…[ƒX•o‰‰w‚¹‚½‚ª‚â ‰Ä‚¢‚¿‚ç‚­‚²xƒQƒXƒg”­•\,https://news.yahoo.co.jp/articles/d8cacafe384f0e5e7b056e55bde864095c8f03a3,4/24(…) 16:00
piaeigat,‚Ò‚ ,‰œ•½‘åŒ“A’Z•Ò‰f‰æwƒtƒŒƒCƒ‹x‚Ìå‰‰‚ğ’S“–,https://news.yahoo.co.jp/articles/b1b1fed32444b765caf0d3285f897fb2bfcaa68b,4/24(…) 14:50
piaeigat,‚Ò‚ ,ƒvƒŒ[ƒIƒt‚ÍŠÖŒW‚È‚¢A•{’†ƒ_[ƒr[‚Í÷‚ê‚È‚¢!ƒŠ[ƒOƒƒ“‘æ15ß‚ÅBL“Œ‹~“Œ‹SG‚ªŒƒ“Ë!!,https://news.yahoo.co.jp/articles/58be065acef54cfe0d6839c91112da48845a49ec,4/24(…) 13:01
piaeigat,‚Ò‚ ,ƒNƒŠƒGƒCƒeƒBƒu~ƒeƒNƒmƒƒW[‚ª‘no‚·‚éV‚µ‚¢•\Œ»‚âvl‚ğ‘ÌŒ±‚·‚éƒCƒxƒ“ƒguCCBT COMPASS 2024v@5Œ3“ú‚æ‚èŠJÃ,https://news.yahoo.co.jp/articles/e293722e22bdc9603359b7ef9297f2d7788bf8a5,4/24(…) 13:00
piaeigat,‚Ò‚ ,wƒSƒWƒ‰-1.0x‚ÌƒIƒŠƒWƒiƒ‹ƒXƒeƒbƒJ[‚àI ƒRƒ“ƒZƒvƒgƒOƒbƒYwƒLƒƒƒ‰‚ÚXx‚ªTOHOƒVƒlƒ}ƒY‚Å”­”„‚É,https://news.yahoo.co.jp/articles/f88bb784994044a341b4a9cefc516bc4851e4333,4/24(…) 12:52
piaeigat,‚Ò‚ ,‚‹´—DåÃƒtƒFƒXwH“cCARAVAN MUSIC FES 2024xSaucy DogAÄ“¡˜a‹`AŠX— ‚Ò‚ñ‚­‚ç‘æ1’eo‰‰Ò”­•\,https://news.yahoo.co.jp/articles/041ab361aac1b2043be909474f50138f0af9f37b,4/24(…) 12:00
piaeigat,‚Ò‚ ,w‚Ç‚¤‚Ô‚Â•SŒi ]ŒË“Œ‹”•¨ŠÙƒRƒŒƒNƒVƒ‡ƒ“‚æ‚èx4Œ27“ú‚©‚ç@‹ÑŠGA‘•ü•iA‹½“yŠß‹ï‚È‚Ç‚É“oê‚·‚é“®•¨‚½‚¿‚Ì‘½—l‚Èp‚ğĞ‰î,https://news.yahoo.co.jp/articles/fa1829a425fb2a7c017dd17dec6e82813506273b,4/24(…) 11:30
piaeigat,‚Ò‚ ,ŠÔ‚à‚È‚­ŠJ–‹Bƒ„ƒ“ƒOƒPƒAƒ‰[–â‘è‚É’…–Ú‚ÌK-BALLET OptowƒVƒ“ƒfƒŒƒ‰‚Ì‰Æx,https://news.yahoo.co.jp/articles/c6f6331f119c9fb8b5246823004af657f257476c,4/24(…) 11:01
piaeigat,‚Ò‚ ,ƒNƒŠƒXEƒRƒƒ“ƒoƒX‚ÌŸ‰ñìw–Ø—jElƒNƒ‰ƒux‚É‹‰ØƒLƒƒƒXƒg,https://news.yahoo.co.jp/articles/84f683731c8168d686a38ac4019293963fce6d8a,4/24(…) 11:00
piaeigat,‚Ò‚ ,DENIMSåÃwODD SAFARI vol.6xÅIo‰‰ƒA[ƒeƒBƒXƒg”­•\,https://news.yahoo.co.jp/articles/824ed3dd9ddd693c8bb3b0f161c94a3278a260db,4/23(‰Î) 20:02
piaeigat,‚Ò‚ ,’^”ü”hƒƒbƒNƒoƒ“ƒhEç”NCOMETSA–{Šin“®”­•\@7Œ‚É•œŠˆÕŠJÃ,https://news.yahoo.co.jp/articles/2f307b95e6e2aae72fd1ebbc6a56f2c9e85798a9,4/23(‰Î) 19:11
piaeigat,‚Ò‚ ,ˆäã“¹‹`AÅŒã‚ÌƒIƒyƒ‰‚Ísƒ‰Eƒ{ƒG[ƒ€t ƒ_ƒ“ƒT[XRŠJŸ‚ª‰‰o,https://news.yahoo.co.jp/articles/1beede1b864ba0e40cf160f0a0b79137c35a3244,4/23(‰Î) 19:00
piaeigat,‚Ò‚ ,w•s€gƒ‰ƒ”ƒ@[ƒYx—ö‚É—‚¿‚éuŠÔ‚ğ‘¨‚¦‚½ƒƒCƒLƒ“ƒO‰f‘œŒöŠJ@¼‹‘åŒåŠÄ“Â‚ª©‚ç•—‹N‚±‚µ‚·‚ép‚à,https://news.yahoo.co.jp/articles/206d1605ffb2b939b8bf6321535c97ff5abaeee5,4/23(‰Î) 18:20
piaeigat,‚Ò‚ ,w•s€gƒ‰ƒ”ƒ@[ƒYx–k‹‘Û‰f‰æÕƒIƒtƒBƒVƒƒƒ‹ƒŒƒ|[ƒg@¼‹‘åŒåŠÄ“Â‚ÌƒGƒsƒ\[ƒh‚É‰ïê‚ª•¦‚­,https://news.yahoo.co.jp/articles/8450117620f9d9cdcb21ef905f99e1d37bc439e7,4/23(‰Î) 18:10
piaeigat,‚Ò‚ ,“Á•Ê“Ww–@‘R‚Æ‹ÉŠyò“yx“Œ‹‘—§”•¨ŠÙ‚ÅŠJ–‹@ò“y@850”N‚Ì—ğj‚ğ“`‚¦‚é‘S‘‚Ì›•ó‚ªˆê“°‚É,https://news.yahoo.co.jp/articles/4a7f8f226e5181f90a6fd1ef88bc8eeea87789d1,4/23(‰Î) 18:00
piaeigat,‚Ò‚ ,‰¹Šyƒvƒƒfƒ…[ƒT[Aiobahn‰‚ÌåÉƒCƒxƒ“ƒg‚Éƒpƒ\ƒRƒ“‰¹ŠyƒNƒ‰ƒu‚ç‚ªo‰‰,https://news.yahoo.co.jp/articles/b53b3d273b328e94736eee699e5e7654813111d2,4/23(‰Î) 16:50
piaeigat,‚Ò‚ ,w–ˆ“ú‚ª‰ÄÕ‚è2024x‘æ3’e‚Å¼º­ÆAXèƒEƒBƒ“‚Ìo‰‰‚ªŒˆ’è,https://news.yahoo.co.jp/articles/5a6f70d32f43337f8774afb015ff72bc53a48f45,4/23(‰Î) 16:31
piaeigat,‚Ò‚ ,ƒhƒCƒcEƒOƒ‰ƒ‚ƒtƒHƒ“‚ªƒsƒAƒjƒXƒg’ÒˆäLs‚ÆƒOƒ[ƒoƒ‹ê‘®Œ_–ñ‚ğ”­•\,https://news.yahoo.co.jp/articles/ca4733acff1132903abfdfa3805f75425066a722,4/23(‰Î) 16:20
piaeigat,‚Ò‚ ,‰f‰æw‰‚Ì˜f¯^ƒLƒ“ƒOƒ_ƒ€xƒLƒƒƒXƒg•ŠÄ“Â‚ªŒ©‚Ç‚±‚ë‚ğŒê‚é“Á•Ê‰f‘œŒöŠJ,https://news.yahoo.co.jp/articles/e9b95f784b76e8c047b11085dd21959c7fe6dfd1,4/23(‰Î) 13:01
piaeigat,‚Ò‚ ,ƒAƒJƒfƒ~[ÜA—ˆ”N‚Ìƒ‹[ƒ‹‚É‘½­‚Ì•ÏX,https://news.yahoo.co.jp/articles/64bb0092398384503ca1ef4aa492196a4c617bba,4/23(‰Î) 13:00
piaeigat,‚Ò‚ ,ƒIƒ“ƒ‰ƒCƒ“—Œê‰ïwu‚ñ•ã‚Æ’‡ŠÔ‚½‚¿x4Œ30“ú”zM@ƒQƒXƒg‚Í‰¡•l‚É‚¬‚í‚¢ÀŠÙ’·E•z–Ú‰pˆê,https://news.yahoo.co.jp/articles/555a554306e373b1e196b068805e4b78159a4afc,4/23(‰Î) 12:59
piaeigat,‚Ò‚ ,‰f‰æwƒfƒbƒhƒv[ƒ‹•ƒEƒ‹ƒ”ƒ@ƒŠƒ“xƒ}ƒhƒ“ƒi‚Ì–¼‹È‚ª—¬‚ê‚é—\•Ò•ƒ|ƒXƒ^[ŒöŠJ,https://news.yahoo.co.jp/articles/5ea2e391ac0f66f90cdbf6c81c87ea6ebe8132a0,4/23(‰Î) 12:51
piaeigat,‚Ò‚ ,“¡“cr‘¾˜Y‚ª‰‰o‚ğè‚ª‚¯‚éwƒŠƒA‰¤‚Ì”ßŒ€x–ØêŸŒÈ‚ç‘SƒLƒƒƒXƒg”­•\,https://news.yahoo.co.jp/articles/f2fe9fa3e582c146ed093c5fd54d13babceb70b2,4/23(‰Î) 12:31
piaeigat,‚Ò‚ ,ƒ~ƒ…[ƒWƒJƒ‹wˆ¤‚Ì•s’…x“ú–{‰‰‰‚ÌƒLƒƒƒXƒg‘±“Š‚ÅÄ‰‰Œˆ’è,https://news.yahoo.co.jp/articles/c25de616266a7339d6bd2ef51f84bfec6f780f9a,4/23(‰Î) 12:31
piaeigat,‚Ò‚ ,—é–Ø—º•½‚ªŒf‚°‚éV‘ã‚Ì”o—D‚Ìáàu‰‰‹Z‚¾‚¯‚â‚Á‚Ä‚¢‚ê‚Î‚¢‚¢A‚Å‚Í‘«‚è‚È‚¢‘ã‚É—ˆ‚Ä‚¢‚év,https://news.yahoo.co.jp/articles/ab6fe2d4da92b0327ffe3f7e6b004e73776175d4,4/23(‰Î) 12:21
piaeigat,‚Ò‚ ,‰f‰æwƒ~ƒbƒVƒ“ƒOxo‰‰‚Ì¬–ì‰Ô—œ‚ğ‹g“cŒb•ãŠÄ“Â‚ªâ^uƒ`ƒ…[ƒjƒ“ƒO‚Ìd•û‚ª“VËIv,https://news.yahoo.co.jp/articles/82d78ccebf313c6ad539fb3280fc320e50de1bf0,4/23(‰Î) 12:04
piaeigat,‚Ò‚ ,‚«‚ç‚Ú‚µ‹âs‚Æ’†‰›‘åŠw‚ªƒ^ƒbƒOŒ‹¬BuƒXƒ|ƒ“ƒT[‚Å‚Í‚È‚­Aƒp[ƒgƒi[v,https://news.yahoo.co.jp/articles/ea3a21c132fcf580741ec315c7f16dd674ee4073,4/23(‰Î) 12:02
piaeigat,‚Ò‚ ,“Œ‹ƒoƒŒƒG’cAqã–ì‚ÌXƒoƒŒƒGƒzƒŠƒfƒC2024r‚Åw”’’¹‚ÌŒÎx‚ğã‰‰@gŠe‘‚Ì—x‚èh‚ªˆ³Šª‚Ì‘æ3–‹‚ğeq‚Å,https://news.yahoo.co.jp/articles/3c0af4e1c53c68e795f934f9974710c580ec7b2f,4/23(‰Î) 11:21
piaeigat,‚Ò‚ ,wƒIƒbƒyƒ“ƒnƒCƒ}[xŒöŠJ‹L”Oƒg[ƒNƒCƒxƒ“ƒgŠJÃ@•½–ìŒ[ˆê˜YuŒ»“_‚Å‚Ìƒm[ƒ‰ƒ“‚ÌW‘å¬v,https://news.yahoo.co.jp/articles/cd44d9e6e9bcb88377322980dae74da9fb89c4b6,4/23(‰Î) 10:40
piaeigat,‚Ò‚ ,Œ€’cl‹Gƒ~ƒ…[ƒWƒJƒ‹wƒIƒyƒ‰À‚Ì‰ölx‰¡•lŒö‰‰‚ª–{“úŠJ–‹,https://news.yahoo.co.jp/articles/51749bf94bf1f0f1a5de2b9d4fd5852204cbc427,4/23(‰Î) 10:20
piaeigat,‚Ò‚ ,áèƒA[ƒeƒBƒXƒg“¯m‚É‚æ‚é‘Îƒoƒ“ƒCƒxƒ“ƒgwGrasshopper vol.23x‚ÉWOLVEs GROOVYAƒSƒzƒEƒr‚ªo‰‰,https://news.yahoo.co.jp/articles/c75c9da41fb038fafb5e6654eb3d683b4cc74c98,4/23(‰Î) 10:20
piaeigat,‚Ò‚ ,Lucky KilimanjaroEŒF–ØKŠÛƒCƒ“ƒ^ƒrƒ…[u¡‚â‚è‚½‚¢‚±‚Æ‚Í‚·‚®‚É‚â‚ç‚È‚¢‚Æv,https://news.yahoo.co.jp/articles/92c1018fb4d93466ca5c661798b94ce9906e9b61,4/22(Œ) 20:20
piaeigat,‚Ò‚ ,•‘‘äu–ì‹…v”òs‹@‰_‚Ìƒz[ƒ€ƒ‰ƒ“AƒLƒƒƒXƒgV‚½‚ÉÄ‰‰Œˆ’è,https://news.yahoo.co.jp/articles/fdb091928dc3f4d7c4b1ea2ac334ea11ec4ef6ec,4/22(Œ) 19:40
piaeigat,‚Ò‚ ,yƒ‰ƒCƒuƒŒƒ|[ƒgzw.o.d.4Œ‚ÌP—áƒCƒxƒ“ƒgwTOUCH THE PINKMOONx‚ğ“Œ‹‚Æ’nŒ³‘åã‚ÅŠJÃI@“Œ‹Œö‰‰ƒQƒXƒg‚ÍTHE SPELLBOUND,https://news.yahoo.co.jp/articles/c54acc0b3b65050a223c2e13d2e137ce06478d50,4/22(Œ) 18:31
piaeigat,‚Ò‚ ,u‚à‚Á‚Æ—Œê‚ğM—p‚µ‚Ä—~‚µ‚¢ ”¶‚ÌŠ²‚Ì•”•ª‚ğ•`‚©‚È‚­‚¿‚ávO—V’à‰Ì“zƒCƒ“ƒ^ƒrƒ…[,https://news.yahoo.co.jp/articles/b42e73caed0538c2a8c8c23ae7da9b90876c75dd,4/22(Œ) 18:30
piaeigat,‚Ò‚ ,w–¼’T’ãƒRƒiƒ“x‚ªV2@wŒ€ê”Åƒuƒ‹[ƒƒbƒNx‚Í2ˆÊAw‰A—zt0x‚Í3ˆÊƒXƒ^[ƒgy‰f‰æ“®ˆõƒ‰ƒ“ƒLƒ“ƒOz,https://news.yahoo.co.jp/articles/1a07753e1b51416db73e9a3bcb0da7bf041e1f3e,4/22(Œ) 14:02
piaeigat,‚Ò‚ ,Œ´Œ^‚ÆŒ¾‚í‚ê‚Ä‚¢‚é‹Y‹È‚ÅA ‹g“c—r‚ªV‚½‚Èƒnƒ€ƒŒƒbƒg‚ğ‘n‚éwƒnƒ€ƒŒƒbƒgQ1x,https://news.yahoo.co.jp/articles/e8df5ed107f23f3e4c94d9b9d0c3c503398d705c,4/22(Œ) 12:30
piaeigat,‚Ò‚ ,˜b‘è‚ÌBLƒhƒ‰ƒ}‚Å‹¤‰‰I²“¡—Ú‰ë~âˆäãÄ‚Í‚Ç‚ñ‚È’j‚ÌqHuãÄ‚­‚ñ‚Íƒsƒ…ƒAƒ{[ƒC‚Å‚·v,https://news.yahoo.co.jp/articles/5b127409edc9928e3e5d0a25ce280d8f808ea388,4/22(Œ) 12:20
piaeigat,‚Ò‚ ,²X–Ø‘ ”V‰î~ã“c—³–ç‚ª‰‹¤‰‰ w”j–åƒtƒFƒfƒŠƒR`‚­‚½‚Î‚êI\šŒR`xã‰‰Œˆ’è,https://news.yahoo.co.jp/articles/c89a79a5b7dc4bb77329adb64a67f83a97832526,4/22(Œ) 12:20
piaeigat,‚Ò‚ ,‘íK„å‰‰wŒé”Õa‚èxA•m‚Ì•i«‚Æî”O‚ğdŒú‚É•`‚¢‚½‚·‚²‚¢‘ãŒ€y‚¨‚Æ‚È‚Ì‰f‰æƒKƒCƒhz,https://news.yahoo.co.jp/articles/ea79801ebe941754d827fc0a612efa42fd7314f9,4/22(Œ) 12:02
piaeigat,‚Ò‚ ,LOW IQ 01A7”N‚Ô‚è‚Æ‚È‚éuMASTER LOWv‚Æ‚µ‚Ä‚Ìƒƒ“ƒ}ƒ“ƒ‰ƒCƒu‚ªŒˆ’è,https://news.yahoo.co.jp/articles/ee81f01afc69c8182291a7bd58712e87352c4daa,4/22(Œ) 11:21
piaeigat,‚Ò‚ ,ƒ~ƒ…[ƒWƒJƒ‹wƒAƒj[x‰“ú‘O‰ïŒ©@•‘‘äÊ^•ƒLƒƒƒXƒgƒRƒƒ“ƒgŒöŠJ,https://news.yahoo.co.jp/articles/47b9896fa700c946c5e22cd0be51a9bb51b9a901,4/22(Œ) 11:02
piaeigat,‚Ò‚ ,gˆ«–‚h’†ìW‹³Ag“VËh‘Š—t—T÷•–Ø“àŒ’l‚ğƒƒCƒ“‚É—á‚¦‚éwCROSS ROAD`ˆ«–‚‚Ìƒ”ƒ@ƒCƒIƒŠƒjƒXƒg ƒpƒKƒj[ƒj`xŠJ–‹‚Ö,https://news.yahoo.co.jp/articles/e322106bb7722971166432efd807ac1b0232a572,4/22(Œ) 11:00
piaeigat,‚Ò‚ ,Œ€ê”ÅwƒgƒŠƒŠƒIƒ“ƒQ[ƒ€xƒX[ƒp[ƒeƒBƒU[ƒrƒWƒ…ƒAƒ‹•‰f‘œŒöŠJ@ƒnƒ‹‚ÆƒKƒN‚ª“ú–{‰‚ÌƒJƒWƒmƒŠƒ][ƒgŠJ”­‚É’§‚Ş,https://news.yahoo.co.jp/articles/d427728e95129bc4835692cf20969212323697d0,4/22(Œ) 11:00
piaeigat,‚Ò‚ ,–k•Äƒ{ƒbƒNƒXƒIƒtƒBƒXAñˆÊ‚ÍwCivil Warx,https://news.yahoo.co.jp/articles/bf3e6d86f5c5be44170210ebad0d3a554b51669a,4/22(Œ) 11:00
piaeigat,‚Ò‚ ,uâ‘ÎŠy‚µ‚¢ì•i‚É‚È‚éIv—ÑãÄ‘¾&º—´‘¾‹¤‰‰ƒ~ƒ…[ƒWƒJƒ‹wWHERE'S CHARLEYHƒ`ƒƒ[ƒŠ[‚Í‚Ç‚±‚¾Ix–{“úŠJ–‹,https://news.yahoo.co.jp/articles/fb8298399297c3e51fb7cbf0ea42e4553f93aa1e,4/22(Œ) 10:20
piaeigat,‚Ò‚ ,–ì“cG÷E‰iR‰l‘¾E’·àV‚Ü‚³‚İ‚à”F‚ß‚é¼–{‚ÌgƒZƒ“ƒ^[Š´h NODAEMAPVìw³OŠpŠÖŒWxƒCƒ“ƒ^ƒrƒ…[,https://news.yahoo.co.jp/articles/701f5db774825e25049e13d67cb067f341f97cad,4/21(“ú) 18:06
piaeigat,‚Ò‚ ,Gacharic SpinAŒ‹¬15ü”N‚ÉŒü‚¯‚ÄU‚ß‚Ìp¨‚Å’§‚ñ‚¾wAcexƒcƒA[ÅIŒö‰‰ƒŒƒ|[ƒg,https://news.yahoo.co.jp/articles/40cc6a212d6439b0a6398d3b07cb62a606b848eb,4/21(“ú) 15:49
piaeigat,‚Ò‚ ,w‰¤—lí‘àƒLƒ“ƒOƒI[ƒWƒƒ[ ƒtƒ@ƒCƒiƒ‹ƒ‰ƒCƒuƒcƒA[ 2024x‘åãƒXƒyƒVƒƒƒ‹Œö‰‰‚ğuuP!!!v‚Å¶”zM,https://news.yahoo.co.jp/articles/965306f2730033b83d97cf33ee9fb5f27a0ae90b,4/21(“ú) 14:10
piaeigat,‚Ò‚ ,BABYMETALA¢ŠE25ƒJ‘‚ğ„‚Á‚½ƒ[ƒ‹ƒhƒcƒA[‚ÌÅIŒö‰‰‚ğ‰f‰æ‰»@“Á•ñ‰f‘œŒöŠJ,https://news.yahoo.co.jp/articles/1839842cec394ac53c9fb5cec255bf74ca2657f6,4/21(“ú) 14:06
piaeigat,‚Ò‚ ,V‚½‚È‰‰o‚ÆƒLƒƒƒXƒg‚Å¶‚Ü‚ê•Ï‚í‚Á‚½ƒ~ƒ…[ƒWƒJƒ‹wCROSS ROAD`ˆ«–‚‚Ìƒ”ƒ@ƒCƒIƒŠƒjƒXƒg ƒpƒKƒj[ƒj`x‚Ü‚à‚È‚­ŠJ–‹,https://news.yahoo.co.jp/articles/20b518bf4fe77278891059b2d323724dfbe3dac0,4/21(“ú) 12:12
piaeigat,‚Ò‚ ,ŒÃ¡’àu‚ñ¼‚³‚ñA‚Å‚«‚½‚­‚ñ æ¶@‚²‚Ğ‚¢‚«Šè‚¢‚Ü‚·I,https://news.yahoo.co.jp/articles/1aa34a31af902ae48acbb7a6ced87597f144c985,4/21(“ú) 12:03
piaeigat,‚Ò‚ ,2‘åƒq[ƒ[‰f‰æuƒKƒbƒ`ƒƒ[ƒh•ƒuƒ“ƒuƒ“ƒWƒƒ[v7ŒŒöŠJŒˆ’è,https://news.yahoo.co.jp/articles/8173baf7f023c341650d93e47347bd7c63899d09,4/21(“ú) 9:55
piaeigat,‚Ò‚ ,‹âˆÇBOYZA‘S‘’e‚«Œê‚èƒcƒA[‚ÌƒgƒŒ[ƒ‰[‰f‘œŒöŠJ,https://news.yahoo.co.jp/articles/cba0cba58c7f558d8fea529596c0dc1bf745e59f,4/20(“y) 12:19
piaeigat,‚Ò‚ ,ƒEƒB[ƒ“•ú‘—Œğ‹¿Šy’cA‘ål‹CƒsƒAƒjƒXƒgŠp–ì”¹“l‚Æ‹¤‚É“ú–{ƒcƒA[ŠJÃ,https://news.yahoo.co.jp/articles/f442507f7103600720cd3dadc3228542de9233f8,4/20(“y) 12:06
piaeigat,‚Ò‚ ,‘–¯“Iƒ~ƒ…[ƒWƒJƒ‹wƒAƒj[xA4”N‚Ô‚è‚Ì‘Î–ÊƒI[ƒfƒBƒVƒ‡ƒ“‚ğŒo‚Ä‚¢‚æ‚¢‚æŠJ–‹,https://news.yahoo.co.jp/articles/957ae0b67bbf7aa1735146746005716ec1e23966,4/20(“y) 11:09
piaeigat,‚Ò‚ ,"MYTH & ROIDtƒcƒA[""VERDE""‰“úƒŒƒ|[ƒgu‚±‚ÌŠç‚ğŒ©‚é‚½‚ß‚È‚çA‰½‚¾‚Á‚Ä‚µ‚½‚¢v",https://news.yahoo.co.jp/articles/5ca532531d0fe6a37e3e87457560969c77651fab,4/19(‹à) 19:01
piaeigat,‚Ò‚ ,yƒ‰ƒCƒuƒŒƒ|[ƒgzSANABAGUN.~ƒtƒŒƒ“ƒYAƒRƒ‰ƒ{‚à”â˜I‚µ‚½ƒs[ƒXƒtƒ‹‚Èƒc[ƒ}ƒ“ƒ‰ƒCƒuu‰ƒvƒŠv,https://news.yahoo.co.jp/articles/296c2630abd3ba9d8737c0fcf562d61064add45d,4/19(‹à) 18:01
piaeigat,‚Ò‚ ,KANA-BOON‚ªƒ‰ƒCƒuŠˆ“®‚ğÄŠJ@5Œ‚É“Œ‹‚Æ‘åã‚Åƒƒ“ƒ}ƒ“Œˆ’è,https://news.yahoo.co.jp/articles/6f803ea62d0cddf5ce8b5aad2d15a89b0d30472e,4/19(‹à) 18:01
piaeigat,‚Ò‚ ,w•x]xw‚¤‚¸‚Ü‚«x‚Å’m‚ç‚ê‚é–Ÿ‰æ‰ÆEˆÉ“¡“ñ‰‚Ì‘å‹K–ÍŒÂ“WwˆÉ“¡“ñ“W@—U˜fx¢“c’J•¶ŠwŠÙ‚É‚ÄŠJÃ,https://news.yahoo.co.jp/articles/38f806f36d67d7f18cba1933d59109de38fe7e97,4/19(‹à) 18:00
piaeigat,‚Ò‚ ,SiMåÃƒtƒFƒXwDEAD POP FESTiVAL 2024xALIAano‚çÅIo‰‰Ò•o‰‰ƒXƒe[ƒW”­•\,https://news.yahoo.co.jp/articles/5e305c38f851b316b4c7a95eca482ceec99b8b9f,4/19(‹à) 17:08
piaeigat,‚Ò‚ ,•‘‘äwƒI[ƒ‰ƒ“ƒhx‹{‘ò‚è‚¦‚ª‰Q‰Á‚Æ‚È‚éŒIR–¯–ç‰‰oì•i‚É‚Â‚¢‚ÄŒê‚é,https://news.yahoo.co.jp/articles/784c991cacb76bcdf11231d34d4ae3217c4e9b8c,4/19(‹à) 17:05
piaeigat,‚Ò‚ ,ƒ”ƒF[ƒ‹‚ğ’E‚¢‚¾V‘—§Œ€êwƒfƒJƒ[ƒOxAŠJ–‹ƒŒƒ|[ƒg,https://news.yahoo.co.jp/articles/139ab19eb7e4ca0b25021b7f92885ca6df12abd3,4/19(‹à) 17:03
piaeigat,‚Ò‚ ,‰Æ“üƒŒƒIA¼–{‚Ü‚è‚©å‰‰ƒhƒ‰ƒ}wƒ~ƒXEƒ^[ƒQƒbƒgxå‘è‰Ì‚Ì”zMƒŠƒŠ[ƒX•MVƒvƒŒƒ~ƒAŒöŠJ‚ªŒˆ’è,https://news.yahoo.co.jp/articles/35ef359ae4a6ee1f157bb4b76c940a75cf8af0f4,4/19(‹à) 14:02
piaeigat,‚Ò‚ ,ƒTƒ“ƒ_ƒ“ƒX‰f‰æÕAŠJÃêŠ‚ğ•ÏXH,https://news.yahoo.co.jp/articles/936a6dce7038e43b1523d87aaa838d9fc488ae17,4/19(‹à) 13:01
piaeigat,‚Ò‚ ,GOOD BYE APRILAƒqƒOƒ`ƒAƒC‚ğƒtƒB[ƒ`ƒƒƒŠƒ“ƒO‚ÉŒ}‚¦‚½V‹È‚Ì”zMƒŠƒŠ[ƒX‚ªŒˆ’è@ƒeƒBƒU[‰f‘œŒöŠJ,https://news.yahoo.co.jp/articles/873d24d75c6b86a58ded707dda4617950544e85a,4/19(‹à) 12:08
piaeigat,‚Ò‚ ,wTBSƒhƒLƒ…ƒƒ“ƒ^ƒŠ[‰f‰æÕ2024xŠÏ‹qÜ”­•\@9ì•i‚ÌŠúŠÔŒÀ’èŒ©“¦‚µ”zM‚ªƒXƒ^[ƒg,https://news.yahoo.co.jp/articles/5f710337fb14468ef7a7c7a2af22d99cbdbee1cd,4/19(‹à) 12:06
piaeigat,‚Ò‚ ,yLiLiCo‚Ì‚±‚Ì‰f‰æA–„‚à‚ç‚³‚¹‚¿‚áƒ_ƒIzwˆÙl‚½‚¿x‚ğŠÏ‚ÄAº‚ªo‚È‚­‚È‚é‚Ù‚Ç–{‹C‚Å‘å‹ƒ‚«‚µ‚Ä‚µ‚Ü‚¢‚Ü‚µ‚½,https://news.yahoo.co.jp/articles/562261cbe2ff78a9e811b7acb9b7e416521a6977,4/19(‹à) 12:05
piaeigat,‚Ò‚ ,wƒtƒNƒƒE‚ÆŒÄ‚Î‚ê‚½’jx“c’†Ÿ¡‰‰‚¶‚égƒtƒBƒNƒT[h‚Ìê–ÊÊ^ŒöŠJ,https://news.yahoo.co.jp/articles/fded93fdaea555de0d40902ee7f64c8d5e63c772,4/19(‹à) 12:03
piaeigat,‚Ò‚ ,V‘—§Œ€êwƒfƒJƒ[ƒO1`10xy’†ˆä”ü•ä ‚ß‚­‚é‚ß‚­‰‰Œ€ƒ`ƒ‰ƒV‚Ì¢ŠEz,https://news.yahoo.co.jp/articles/a44223d9a58d66b920c461062b8ba957e48d5530,4/19(‹à) 11:50
piaeigat,‚Ò‚ ,—’‹kO˜Yw‰ÄÕ˜Q‰ÔŠÓx–¹‚ğ‚±‚ê‚Å‚à‚©‚Æ‚¢‚¶‚ß“|‚·änE‹`•½Ÿy¡Œ‚Ì‰Ì•‘ŠêÀA‚ ‚Ìl‚É’¼Œ‚!! “ÁW‚æ‚èz,https://news.yahoo.co.jp/articles/b61536bfa6d15681f994e7fb5168498a14d69b1e,4/19(‹à) 11:50
piaeigat,‚Ò‚ ,‚¨ğ‚Ì_—lA¼”ö‘åĞ‚Ì_•ó‚ğ‘åŒöŠJI@w¼”ö‘åĞ“W@‚İ‚â‚±‚Ì¼‚ÌçŒì_x‹“s•¶‰»”•¨ŠÙ‚Å4Œ27“ú‚©‚ç,https://news.yahoo.co.jp/articles/9fb04adced554cc7e7a876b3eb3754f8729ae7d9,4/19(‹à) 11:33
piaeigat,‚Ò‚ ,wTOKYO M.A.P.Sx’†‘º‰À•ä‚ÌƒQƒXƒgo‰‰‚ªŒˆ’è@ƒ^ƒCƒ€ƒe[ƒuƒ‹‚à”­•\,https://news.yahoo.co.jp/articles/ada1e56098fd93524d6395c06c8e92a7e26a285d,4/19(‹à) 11:02
piaeigat,‚Ò‚ ,“V“¶‚æ‚µ‚İ‚ªVŠé‰æuƒ”ƒHƒCƒXEƒXƒg[ƒŠ[ƒY On Classicv‚ğŠJÃ,https://news.yahoo.co.jp/articles/2d2bcbd1cc642c5e5f3ba6c5c81333da55df1c65,4/19(‹à) 11:00
piaeigat,‚Ò‚ ,˜N“ÇŒ€w‚Ş‚©‚µ‚Ş‚©‚µ‚ ‚é‚Æ‚±‚ë‚ÉA€‘Ì‚ª‚ ‚è‚Ü‚µ‚½BxŠJ–‹@“c‘º¡ŒáA‰Á“¡«AŒ’l‚ªo‰‰‚µ‚½‰“úŒö‰‰‚ÌƒŒƒ|[ƒg“’…,https://news.yahoo.co.jp/articles/05f5fb24c23fab266d02f85630bb03ec47238aa2,4/19(‹à) 10:54
piaeigat,‚Ò‚ ,EXILE NAOTO‚ª–£‚¹‚éV‚½‚ÈƒGƒ“ƒ^[ƒeƒCƒ“ƒƒ“ƒgu‹ğ’¼‚È‚Ü‚Å‚É^–Ê–Ú‚ÉAˆê¶Œœ–½‚ÉA‚Æ‚¢‚¤ƒe[ƒ}‚µ‚©‚È‚¢v,https://news.yahoo.co.jp/articles/2755600543a374c445d556e21ea54ab0ea21bba6,4/19(‹à) 10:07
piaeigat,‚Ò‚ ,w‰‚Ì˜f¯^ƒLƒ“ƒOƒ_ƒ€x’|“à—Í‚ª“G–ğ‚Ì“ú–{”Åº—D‚É@“Á•Ê‰f‘œ‚àŒöŠJ,https://news.yahoo.co.jp/articles/7e8116d2e24b0a3596599b1b41a261224274f87f,4/19(‹à) 10:07
piaeigat,‚Ò‚ ,ÄçƒRƒEA¼“‡Gr‚ço‰‰wÖ‚Ì“¹xƒƒCƒ“ƒrƒWƒ…ƒAƒ‹•—\•ÒŒöŠJ,https://news.yahoo.co.jp/articles/561f8813a07cad80276a08856e61d84fadacaab6,4/19(‹à) 10:06
piaeigat,‚Ò‚ ,ƒXƒJ[ƒg‚ªw•s€gƒ‰ƒ”ƒ@[ƒYxå‘è‰Ì‚ÌMVŒöŠJ@¼‹‘åŒåŠÄ“Â‚ª‰f‰æ‚Ì— ƒXƒg[ƒŠ[‚ğ•`‚­,https://news.yahoo.co.jp/articles/2b421779f0ac1f9cd4fd8df552c12bbea6d0a22e,4/19(‹à) 10:05
piaeigat,‚Ò‚ ,wƒgƒ‰ƒ“ƒXƒtƒH[ƒ}[^ONEx“ú–{ŒöŠJŒˆ’è@º—D‚É‚ÍƒNƒŠƒXEƒwƒ€ƒYƒ[ƒXAƒXƒJ[ƒŒƒbƒgEƒˆƒnƒ“ƒ\ƒ“‚ç‚ªWŒ‹,https://news.yahoo.co.jp/articles/c6a70720a8537dc7425e7eb7d3d8366c4c624e61,4/19(‹à) 10:05
piaeigat,‚Ò‚ ,INI‚Ì‘å‹K–Í“W——‰ïwDESTINED HORIZONSxB‚è‰º‚ë‚µƒrƒWƒ…ƒAƒ‹ŒöŠJ,https://news.yahoo.co.jp/articles/2e9c5445851bd518ed9221a1351e2d148639041a,4/19(‹à) 10:04
piaeigat,‚Ò‚ ,ƒXƒg6‚ÌƒKƒ`ƒ“ƒRƒoƒgƒ‹‚ªŒJ‚èL‚°‚ç‚ê‚éwABCƒQ[ƒ€xƒAƒ‹ƒs[ğˆä‚ç‘æ2’eo‰‰Ò”­•\,https://news.yahoo.co.jp/articles/44b1c70a5f73e9677bf201e2c156c7641260e163,4/18(–Ø) 18:04
piaeigat,‚Ò‚ ,w‚µ‚è‚ ‚ª‚è‚³‚ñ‚Æƒ^ƒCƒ€ƒgƒ‰ƒuƒ‹ ]ŒË~“Œ‹x“ú”ä’J}‘•¶‰»ŠÙ‚Å@‚µ‚è‚ ‚ª‚èõ‚ªç‘ã“c‹æ‚Ì•—Œi‚ğ•`‚¢‚½•‚¢ŠGƒpƒƒfƒB‚ÌVì‚ğ”­•\,https://news.yahoo.co.jp/articles/25081a61e3e1bdb69dd5bd964fdb4c464e732bf0,4/18(–Ø) 17:05
piaeigat,‚Ò‚ ,w•sv‹c‚Ì‘‚ÌƒAƒŠƒX“Wx‰¡•l‚“‡‰®‚ÅŠJ–‹@o”Å160ü”N‚ğ‹L”O‚µAƒJƒ‰[Œ´‰æ‚â‹Md‚È‘—¿‚È‚Ç–ñ250“_‚ğŒöŠJ,https://news.yahoo.co.jp/articles/3b4486120414c6aeef60ced920522e1ceb86d787,4/18(–Ø) 17:02
piaeigat,‚Ò‚ ,w–¼’T’ãƒRƒiƒ“x~wƒSƒWƒ‰xƒRƒ“ƒOxƒRƒ‰ƒ{ƒrƒWƒ…ƒAƒ‹•ƒ€[ƒr[ŒöŠJ,https://news.yahoo.co.jp/articles/6add5fcf17a980308b17b7da4936ac1be62d3f96,4/18(–Ø) 16:59
piaeigat,‚Ò‚ ,SABUŠÄ“ÂŠØ‘ƒfƒrƒ…[ìwƒAƒ“ƒ_[Eƒ†ƒAEƒxƒbƒhx˜c‚ñ‚¾ˆ¤î‚ÌŒ`‚ğ‘¨‚¦‚½ê–ÊÊ^ŒöŠJ,https://news.yahoo.co.jp/articles/2d4046083d88fab3308f9a5c52bc35fdb2fee519,4/18(–Ø) 13:02
piaeigat,‚Ò‚ ,wRl‰¹ŠyÕ2024xENTHAƒoƒbƒNƒhƒƒbƒvƒVƒ“ƒfƒŒƒ‰‚ç‘æ2’eƒA[ƒeƒBƒXƒg”­•\,https://news.yahoo.co.jp/articles/051ef65ee0fb666039860945bf9b228e352a0e48,4/18(–Ø) 12:30
piaeigat,‚Ò‚ ,Xá”Vå~Šİ’JŒÜ˜N‚É‚æ‚éƒIƒŠƒWƒiƒ‹ƒ~ƒ…[ƒWƒJƒ‹wSONG WRITERSx–ñ10”N‚Ô‚è‚Ìã‰‰Œˆ’è,https://news.yahoo.co.jp/articles/a65a3e6f5f21e0156af2b0e9e326457495a35a99,4/18(–Ø) 12:14
piaeigat,‚Ò‚ ,ˆÀ“cŒ°‚ªŠé‰æEƒvƒƒfƒ…[ƒX‚·‚é“ñlÅ‹w€‚Ì“Jx‚Å—ÑŒ­“s‚Æ‹¤‰‰@‹r–{‚ÍâŒ³—T“ñ‚ª‘‚«‰º‚ë‚µ,https://news.yahoo.co.jp/articles/1bfcdbda92b8bc71fe3c1b7abd873b81764d7721,4/18(–Ø) 12:13
piaeigat,‚Ò‚ ,’ç^ˆêA£ŒËNjA‘å“Œx‰îAó–ì˜a”V‚ç‚ªo‰‰@wA Number\”xwWhat If If Only\‚à‚µ‚à ‚à‚µ‚¹‚ß‚Äx2ì˜A‘±ã‰‰Œˆ’è,https://news.yahoo.co.jp/articles/857d55324d34c49051c54ef9414cd35f20fddf9f,4/18(–Ø) 12:12
piaeigat,‚Ò‚ ,ƒRƒ“ƒgƒ‰ƒoƒX1–{‚Å•`‚«o‚·‹†‹É‚Ì–³”º‘tu‘æ3‰ñ@–³”º‘t‚Ì¢ŠEv,https://news.yahoo.co.jp/articles/8ddef4e82fddb70c91d74d6e37478721e52b1f6e,4/18(–Ø) 12:06
piaeigat,‚Ò‚ ,’rã²‚ª‰f‰æ‚Å¢ŠE‚ğ‰ğàIwƒ~ƒZƒXEƒNƒ‹ƒiƒX vs. ƒWƒ‡[ƒWEWEƒuƒbƒVƒ…x„Ÿ„Ÿ‚±‚Ì‰f‰æ‚ğ—‰ğ‚·‚é‚½‚ß‚É’m‚é‚×‚«ƒOƒAƒ“ƒ^ƒiƒ‚Šî’n‚Ì‘¶İ,https://news.yahoo.co.jp/articles/276a2a6b7732924f224d6d233409f3284daa18b8,4/18(–Ø) 12:03
piaeigat,‚Ò‚ ,¼–{A’·àV‚Ü‚³‚İA‰iR‰l‘¾‚ª•‘‘ä‰‹£‰‰INODAEMAPVìw³OŠpŠÖŒWx3“ss‚Æƒƒ“ƒhƒ“‚Åã‰‰yƒRƒƒ“ƒg‚ ‚èz,https://news.yahoo.co.jp/articles/82fb97a7dc2fc4af7dc7691fbbe2f88ec79b662e,4/18(–Ø) 12:02
piaeigat,‚Ò‚ ,‚¨Î‚¢Œ|l‚Å–Ÿ‰æ‰Æ‚Ì–î•”‘¾˜Y‚ÌŒÂ“W‚ª—§ìEPLAY! MUSEUM‚Å@w‘å‰Æ‚³‚ñ‚Æ–lx‚ÌƒAƒNƒŠƒ‹‰æ–ñ100“_‚ğ‰ŒöŠJ,https://news.yahoo.co.jp/articles/14ad9f535a00aabb5fa5eda08b7e8a8b7f3242c7,4/18(–Ø) 11:31
piaeigat,‚Ò‚ ,ƒ^ƒ‰ƒ“ƒeƒB[ƒmAwThe Movie CriticxƒvƒƒWƒFƒNƒg‚ğæ‚è‚â‚ß,https://news.yahoo.co.jp/articles/e89c656f14f81cd13ffb6f1b0b7c056a687d6781,4/18(–Ø) 11:00
piaeigat,‚Ò‚ ,ƒ}ƒVƒ…[Eƒ‚ƒŠƒ\ƒ“‚ª•q˜r•ÙŒìmƒrƒŠ[EƒtƒŠƒ“–ğ@ƒ~ƒ…[ƒWƒJƒ‹wƒVƒJƒSx—ˆ“úŒö‰‰A–{“ú‘åã‚ÅŠJ–‹,https://news.yahoo.co.jp/articles/34d7f17a771c3fc6796c982d80d3549de1d19ea6,4/18(–Ø) 10:38
piaeigat,‚Ò‚ ,‰f‰æwŒ¾‚¦‚È‚¢”é–§x‹–{‘å‰ä~ŒÃì‹Õ‰¹‚ªÎŠç‚ğŒ©‚¹‚é‘æ2’eƒrƒWƒ…ƒAƒ‹•—\‰f‘œŒöŠJ,https://news.yahoo.co.jp/articles/85b75a2485e455994b118f226dbcbaeac0af6ba2,4/18(–Ø) 10:37
piaeigat,‚Ò‚ ,Snow Manƒ‰ƒE[ƒ‹å‰‰wÔ‰Hœq‚Ìƒ{ƒfƒBƒK[ƒhx“Á•ñ•ƒƒCƒLƒ“ƒO“®‰æŒöŠJ@ƒqƒƒCƒ“–ğ‚ÍoŒû‰ÄŠó,https://news.yahoo.co.jp/articles/818a81ea032b84e0d6127e3445fbc0efb6f9d56a,4/18(–Ø) 10:36
piaeigat,‚Ò‚ ,wƒWƒ…ƒ‰ƒVƒbƒNEƒ[ƒ‹ƒhx‚Ì»ìw‚É‚æ‚éƒAƒNƒVƒ‡ƒ“ƒAƒhƒxƒ“ƒ`ƒƒ[wƒcƒCƒXƒ^[ƒYx“ú–{ŒöŠJ‚ªŒˆ’è,https://news.yahoo.co.jp/articles/1e38760a9fb34b0ee35d7167d62d7af46e1641d2,4/18(–Ø) 10:36
piaeigat,‚Ò‚ ,–ğŠLiå‰‰‰f‰æw”ªŒ¢“`x”ÂŠ_—›ŒõlA…ãPiAŒIRç–¾‚çVƒLƒƒƒXƒg”­•\@“Á•ñ‰f‘œ‚àŒöŠJ,https://news.yahoo.co.jp/articles/5ecdd2cd9955023fdd424e62a1ab8d45cd91c858,4/18(–Ø) 10:35
piaeigat,‚Ò‚ ,‰f‰æwƒ{ƒuEƒ}[ƒŠ[FONE LOVExƒWƒƒƒpƒ“ƒvƒŒƒ~ƒAŠJÃŒˆ’è@À‚Ì‘§q‚©‚ç‚ÌƒƒbƒZ[ƒW‚ª“’…,https://news.yahoo.co.jp/articles/be59da7079e83104bbdde782dd59c26e26156581,4/18(–Ø) 10:34
piaeigat,‚Ò‚ ,ƒTƒoƒVƒXƒ^[wŠoŒå‚ğŒˆ‚ß‚ëIƒcƒA[x–é‚Ì–{‹Cƒ_ƒ“ƒXAyonige‚ç‘æ3’eƒQƒXƒg”­•\,https://news.yahoo.co.jp/articles/9e0a1ffcb895e666e0b65e0c33261a1965bbf98b,4/18(–Ø) 10:34
piaeigat,‚Ò‚ ,ƒAƒcƒLƒ^ƒPƒgƒ‚Aƒhƒ‰ƒ}w”ƒ‚í‚ê‚½’jxƒGƒ“ƒfƒBƒ“ƒOƒe[ƒ}‚Ì”zMƒŠƒŠ[ƒX‚ªŒˆ’è@ƒeƒBƒU[‰f‘œŒöŠJ,https://news.yahoo.co.jp/articles/0f50d0921c1ffdb0c4cec15350f202f3aa29535a,4/18(–Ø) 10:33
piaeigat,‚Ò‚ ,GLIM SPANKYANHK BSwƒ[ƒXƒ|~MLBxƒGƒ“ƒfƒBƒ“ƒOƒe[ƒ}‚Ì”zMƒŠƒŠ[ƒX‚ªŒˆ’è,https://news.yahoo.co.jp/articles/9b4fa2b18b0ee54ef3edb408f5f17e496cbc7773,4/18(–Ø) 10:32
piaeigat,‚Ò‚ ,‚è‚è‚ Bƒhƒ‰ƒ}wJK‚Æ˜Z–@‘S‘xå‘è‰Ìuéx‚³‚ê‚È‚¢‚©‚ç‚ËBv”zMƒŠƒŠ[ƒXŒˆ’è,https://news.yahoo.co.jp/articles/5062981b99dc26453756a663a1fbe6fb22609183,4/18(–Ø) 10:32
piaeigat,‚Ò‚ ,ƒ‚[ƒKƒ“EƒtƒŠ[ƒ}ƒ“‚ª•Ä‘‰‚Ì•líÔ‘à‚ğŒê‚éwƒuƒ‰ƒbƒNƒpƒ“ƒT[ƒYx“ú–{‰•ú‘—,https://news.yahoo.co.jp/articles/0cb98da947db6f424f3736ffa4442d96d19f2949,4/18(–Ø) 10:00
piaeigat,‚Ò‚ ,Laura day romance‚ª2024”N‘æ2’eƒVƒ“ƒOƒ‹‚ğƒŠƒŠ[ƒXu‚±‚ê‚¾I‚Á‚Äv‚Á‚½‚ñ‚Å‚·B‚±‚ê‚ªƒVƒ“ƒOƒ‹‚É‚È‚é‚ñ‚¾‚È‚Á‚Äv,https://news.yahoo.co.jp/articles/abaed0d30c6cb175f523534587d0c442615a8186,4/17(…) 18:04
piaeigat,‚Ò‚ ,„‰ñƒiƒV!@‹“s‚Å‚µ‚©Œ©‚é‚±‚Æ‚ª‚Å‚«‚È‚¢!@“Á•Ê“WwáM“`à\u‰æ¹v‚Ì’a¶\x“à——‰ïƒŒƒ|[ƒg,https://news.yahoo.co.jp/articles/f88c053f2d4de307aa49bdc311b65428a82e7c35,4/17(…) 18:00
piaeigat,‚Ò‚ ,‚±‚ê‚Í–²‚©Œ»‚©AˆÀ“cÍ‘å•¯‚·‚é•‚¢ŠGt‚ª•‘‘ä‚ğ‹ì‚¯„‚ég’É‰õƒtƒ@ƒ“ƒ^ƒW[‘ãŠˆŒ€hw‚ ‚Ì‚æ‚±‚Ì‚æxã‰‰’†,https://news.yahoo.co.jp/articles/82b430f442bb11c8feea9a72e5ce55b94ec76959,4/17(…) 17:29
piaeigat,‚Ò‚ ,wƒtƒWƒƒbƒN'24x‚ÌƒLƒbƒNƒIƒtƒCƒxƒ“ƒg‚É“c“‡‹M’jAbetcover!!‚ªo‰‰,https://news.yahoo.co.jp/articles/55b353b7ed5762617e42a7a7b8f36c346c841c79,4/17(…) 13:55
piaeigat,‚Ò‚ ,ƒŠƒu[ƒg”Åw—‡‚ÌeiƒKƒ“j‚ğ‚Â’jx‚Éƒpƒƒ‰EƒAƒ“ƒ_[ƒ\ƒ“‚ªo‰‰,https://news.yahoo.co.jp/articles/8ce53a3e590a7a32c9134554a825536aaabbb420,4/17(…) 13:01
piaeigat,‚Ò‚ ,ƒ‰ƒCƒAƒ“EƒŒƒCƒmƒ‹ƒY‚Ìü‚è‚É‚©‚í‚¢‚¢ƒLƒƒƒ‰‚ª‘åW‡I@‰f‰æwƒuƒ‹[ ‚«‚İ‚Í‘åä•vx–{ƒ|ƒXƒ^[ŒöŠJ,https://news.yahoo.co.jp/articles/826f5981c89d13d9cc275690b74c42eace44e9f4,4/17(…) 13:00
piaeigat,‚Ò‚ ,’†“c—T“ñ@2023”N‚ÌŠˆ“®‚ğ5–‡‘g‰f‘œì•i‚Æ‚µ‚ÄƒŠƒŠ[ƒX@u‚Ğ‚½‚·‚ç–³S‚É‚â‚Á‚Ä‚¢‚­‚Á‚Ä‚¢‚¤‚±‚Æ‚ª‘å–‚È‚ñ‚¾‚È‚Á‚Äv,https://news.yahoo.co.jp/articles/7572b5a8201cc3cd657bdfbeb29cb6c0f5e49396,4/17(…) 12:05
piaeigat,‚Ò‚ ,wƒVƒAƒXƒ^[EƒQƒCƒc“WFƒAƒtƒ–¯åYx4Œ24“ú‚©‚ç@¢ŠE‚ª’–Ú‚·‚éƒuƒ‰ƒbƒNEƒA[ƒeƒBƒXƒgA‘Ò–]‚Ì“ú–{‰ŒÂ“W,https://news.yahoo.co.jp/articles/15ea1c9e570c4003c20b74e74f7a6d523c1580f1,4/17(…) 11:30
piaeigat,‚Ò‚ ,‰f‰æwƒfƒfƒfƒfxŒãÍ‚Ì–{—\‰f‘œŒöŠJ@•¨Œê‚Í“{““‚ÌƒNƒ‰ƒCƒ}ƒbƒNƒX‚Ö,https://news.yahoo.co.jp/articles/4789700cd004446d3928f8fc632cb3536b2bce22,4/17(…) 11:02
piaeigat,‚Ò‚ ,Laura day romanceAV‹Èu“§–¾vƒXƒg[ƒŠ[d—§‚Ä‚ÌMVŒöŠJ,https://news.yahoo.co.jp/articles/7fe2c2e940f9d9c907ea72df07541e9a8daabba1,4/17(…) 10:57
piaeigat,‚Ò‚ ,ÎŒ´‚³‚Æ‚İu•ó•¨vu“]‹@‚¾‚ÆŒ¾‚¦‚éì•iv‚Æ“µ‚ğ‚Ü‚¹‚é@oYŒã‰‚Ìå‰‰ìwƒ~ƒbƒVƒ“ƒOxŠ®¬”â˜IÊ‰ï,https://news.yahoo.co.jp/articles/93a74b321b4d3daf3f3c186daf5ac21a3acb701a,4/17(…) 10:45
piaeigat,‚Ò‚ ,â“Œ‹ÊO˜Y‚Æt•—’à¬’©‚É‚æ‚éˆê–éŒÀ‚è‚Ìw‰Ì•‘ŠêÀ“Á•ÊŒö‰‰x‚ªŒˆ’è,https://news.yahoo.co.jp/articles/bc80e4816d90327b06cf2139a7204cdeade76c9f,4/17(…) 10:45
piaeigat,‚Ò‚ ,wOtomeshi Festival.2024xƒ^ƒCƒ€ƒe[ƒuƒ‹”­•\@CHEMISTRYANovelbrightA—D—¢‚ªƒgƒŠ,https://news.yahoo.co.jp/articles/719778be21563ec95713428e7f22311f34b6a639,4/17(…) 10:34
piaeigat,‚Ò‚ ,JO1ì¼‘ñÀA÷“c‚Ğ‚æ‚è‚ç‚ªwƒoƒW[ƒmƒCƒYx‚Ì–£—Í‚ğƒAƒs[ƒ‹@Š®¬”â˜IÊ‰ïŠJÃ,https://news.yahoo.co.jp/articles/8baac52472526857c61308797e94eb86a5699067,4/17(…) 10:30
piaeigat,‚Ò‚ ,‰ª‹{—ˆ–²A”OŠè‚Ìwƒƒ~ƒI&ƒWƒ…ƒŠƒGƒbƒgxo‰‰uˆ¤‚³‚ê‚éƒƒ~ƒI‚É‚È‚è‚½‚¢v,https://news.yahoo.co.jp/articles/4c1e81c98636fd5160345e1257702affaa44dfc1,4/17(…) 7:02
piaeigat,‚Ò‚ ,BABYMETALAMOMOMETAL‚Ìg¹’ah‚ğj‚¤ƒ‰ƒCƒuwLEGEND - MMx‚Ì‰f‘œ‰»•‰¹Œ¹‰»‚ªŒˆ’è,https://news.yahoo.co.jp/articles/e42b6def06a53dff2c14f1f1c1d72d51756a0ab3,4/16(‰Î) 18:01
piaeigat,‚Ò‚ ,‰æ‹SE‰Í“ç‹ÅÖ‚Æ‹SËE¼‰Y•l˜YA–¾¡Šú‚ÉŠˆ–ô‚µ‚½‚Ó‚½‚è‚É’–Ú‚·‚é“W——‰ï‚ªÃ‰Ã“°—ŠÛ‚Ì“à‚ÅŠJ–‹,https://news.yahoo.co.jp/articles/ff5aa6da3d28e9494f54a54a661358faeb48cfa2,4/16(‰Î) 18:01
piaeigat,‚Ò‚ ,ƒgƒj[ÜöÜ®‚Ì“Á•Ê”Ô‘gw‹–{‘å‰ä ƒnƒ[Eƒgƒj[IxƒrƒWƒ…ƒAƒ‹ŒöŠJ,https://news.yahoo.co.jp/articles/e1bbdf1bf01b040a778825abfb42e0634392ac2c,4/16(‰Î) 18:00
piaeigat,‚Ò‚ ,U-23“ú–{‘ã•\AƒpƒŠŒÜ—ÖÅI—\‘I‚Ö!,https://news.yahoo.co.jp/articles/12959ceb05749958ff20f3d217dbe93fe3db00ba,4/16(‰Î) 17:19
piaeigat,‚Ò‚ ,ƒtƒWƒƒbƒN‰ïêü•Ó‚Ì®”õ‚ÉQ‰Á‚Å‚«‚éwƒ{[ƒhƒEƒH[ƒNƒLƒƒƒ“ƒv vol.75x5ŒŠJÃ,https://news.yahoo.co.jp/articles/e4ff7c35e100a90bcce36b8cd0b4d197bf7bb0a8,4/16(‰Î) 15:06
piaeigat,‚Ò‚ ,“Sƒ~ƒ…‘æ6’ewƒnƒbƒs[ƒŒ[ƒ‹‘åìíxŒö‰‰Ú×•ƒƒCƒ“ƒrƒWƒ…ƒAƒ‹ŒöŠJ,https://news.yahoo.co.jp/articles/6534e9adb39556e2486bdd4d56c06e4a954046b7,4/16(‰Î) 14:35
piaeigat,‚Ò‚ ,MAD‚È¢ŠEŠÏ‚ªƒtƒ‹ƒXƒƒbƒgƒ‹Iwƒ}ƒbƒhƒ}ƒbƒNƒXFƒtƒ…ƒŠƒIƒTxVƒrƒWƒ…ƒAƒ‹ŒöŠJ,https://news.yahoo.co.jp/articles/2be92d6f89db5a021059bcc83b799e90c7ee0bd6,4/16(‰Î) 12:07
piaeigat,‚Ò‚ ,wƒfEƒLƒŠƒR“Wx4Œ27“ú‚©‚ç“Œ‹“s”üpŠÙ‚Å@Œ`§ãŠG‰æ‚©‚ç‘}ŠGA’¤‚Ü‚Å70”NˆÈã‚Ì‘nìŠˆ“®‚ğ–Ô—…‚·‚é‘å‰ñŒÚ“W,https://news.yahoo.co.jp/articles/bc22381d5dde57350b44c9a759c13715f3318abc,4/16(‰Î) 11:32
piaeigat,‚Ò‚ ,‰f‰æwRustxŒëË–Œ‚Ì•Ší’S“–Ò‚É’¦–ğ18ƒ–Œ,https://news.yahoo.co.jp/articles/cec5d42f2c52bb51cccbe4d574a3315018d3294a,4/16(‰Î) 11:03
piaeigat,‚Ò‚ ,wˆ£‚ê‚È‚é‚à‚Ì‚½‚¿xƒfƒWƒ^ƒ‹”zMŒˆ’è@ƒGƒ}EƒXƒg[ƒ“‚ª“Æ“Á‚Èƒ_ƒ“ƒX‚ğ—x‚é–{•Ò‰f‘œŒöŠJ,https://news.yahoo.co.jp/articles/3df2f1116043178824d10747729fc4d580c939f2,4/16(‰Î) 10:01
piaeigat,‚Ò‚ ,L£ƒAƒŠƒXå‰‰w˜A‘±ƒhƒ‰ƒ}W Š®‘S–³ßx“Á•ñ‚ªŒöŠJI ‰œ“c‰l“ñA–k‘º—L‹NÆ‚Ìo‰‰‚à,https://news.yahoo.co.jp/articles/54cea45e28b8c4d55755b3b23b4b2eb080ed5bc1,4/16(‰Î) 10:00
piaeigat,‚Ò‚ ,¬—Ñ„åÃƒCƒxƒ“ƒgwâ‘Î’†~‚É‚È‚éƒ‰ƒCƒuxo‰‰ƒA[ƒeƒBƒXƒg‘æ2’e”­•\,https://news.yahoo.co.jp/articles/71d37e4fb65ef80faa56c1238ca9bbc541d585cb,4/15(Œ) 19:00
piaeigat,‚Ò‚ ,u‚Ò‚ —Œê‚´‚ñ‚Ü‚¢vŒŠÔ‹’®‰ñ”ƒ‰ƒ“ƒLƒ“ƒO”­•\@–ö‰Æ ¬‚ï‚ñ‚Ìw”ß‚µ‚İ‚Íé‹Ê‚ÉŒü‚¯‚Äx‚ª1ˆÊ‚É,https://news.yahoo.co.jp/articles/4da76fdb0cf6c53f27436ee3d168c104428fe3e7,4/15(Œ) 18:11
piaeigat,‚Ò‚ ,Š‚ÉƒWƒƒƒ“ƒ‹‰f‰æ‚ÌƒIƒ}[ƒWƒ…‚ªU‚è‚Î‚ß‚ç‚ê‚½‰õìwƒLƒ‰[Eƒiƒ}ƒPƒ‚ƒmx,https://news.yahoo.co.jp/articles/fda80f1cb7296cc39f4a32978230ec8aedd1ae83,4/15(Œ) 18:05
piaeigat,‚Ò‚ ,u‹g“cCˆê‚³‚ñ‚©‚ç‚Ì’§íó‚¾‚Æv‚Á‚½v‰f‰æwŒÎ‚Ì—‚½‚¿xŒ´ì•ŠÄ“Â‚ÌƒRƒƒ“ƒg“’…,https://news.yahoo.co.jp/articles/cd606ecf738d3bddb695bba0f06dc7d3822e20cf,4/15(Œ) 18:01
piaeigat,‚Ò‚ ,Mrs. GREEN APPLE~RIIZE‚ªƒRƒ‰ƒ{wThe PerformancexƒŒƒ|[ƒg,https://news.yahoo.co.jp/articles/5569e0f108128ad233fb35e54881ba9ce5e68279,4/15(Œ) 17:54
piaeigat,‚Ò‚ ,ƒ~ƒ…[ƒWƒJƒ‹wƒq[ƒ[x“ú–{‰‰‰Œˆ’è@—LàV¾‘¾˜Y‚ªƒAƒƒRƒ~–Ÿ‰æ‰Æ–Úw‚·ålŒö‚É,https://news.yahoo.co.jp/articles/4aa3de73d942dd8cce73c10f8fc3ccd3879aaaf7,4/15(Œ) 17:11
piaeigat,‚Ò‚ ,–ì“c—mŸ˜YAƒ\ƒ‰‚ÌƒAƒ‹ƒoƒ€ wWONDER BOY'S AKUMU CLUBx¡HƒŠƒŠ[ƒXŒˆ’è,https://news.yahoo.co.jp/articles/491fdf0b85caf8e498b0cb1122fc3ebd2a4607ea,4/15(Œ) 17:08
piaeigat,‚Ò‚ ,R–{üŒÜ˜YŒ´ì‚Ì‘ãŒ€˜N“ÇŒ€w‚Ğ‚Æ‚²‚ë‚µxã‰‰Œˆ’è@–x]ˆêáÁA‰º’ß’¼KAO–{–Ø‘å•ã‚ç‚ªo‰‰,https://news.yahoo.co.jp/articles/b8e9a3a7bc9bd9af30d98b0e16da2d58501d74d9,4/15(Œ) 14:30
piaeigat,‚Ò‚ ,Travis Japan¼‘qŠC“l•ì“‡”@Œb—¯Wå‰‰‚Ì‰¹ŠyŒ€w’j‚½‚¿‚Ì”Ò‰Ìx‘SƒLƒƒƒXƒg”z–ğ••¯‘•ƒrƒWƒ…ƒAƒ‹ŒöŠJ,https://news.yahoo.co.jp/articles/ac39419a7e6a3afa9a249e058cd5592b495ca72d,4/15(Œ) 14:15
piaeigat,‚Ò‚ ,ƒ~ƒ…[ƒWƒJƒ‹wƒCƒUƒ{[xgÅˆ«‚Ì‰¤”Üh‚ğ‰‰‚¶‚½–]ŠC•—“l‚ÌƒCƒ“ƒ^ƒrƒ…[‚ª“’…,https://news.yahoo.co.jp/articles/f94cc846e35fe308ee98285134b928be03ec1bff,4/15(Œ) 14:00
piaeigat,‚Ò‚ ,w–¼’T’ãƒRƒiƒ“xÅVì‚ª‚Ô‚Á‚¿‚¬‚è‚Å‰“oê1ˆÊ‚Éy‰f‰æ“®ˆõƒ‰ƒ“ƒLƒ“ƒOz,https://news.yahoo.co.jp/articles/388206222538c4a12190dd2ff0c0e30dc798dcc8,4/15(Œ) 13:55
piaeigat,‚Ò‚ ,‹{“crÆiKis-My-Ft2jwƒuƒ‹[ ‚«‚İ‚Í‘åä•vx‚ÅƒnƒŠƒEƒbƒh‰f‰æ‘Ö‰’§í,https://news.yahoo.co.jp/articles/db11dbffc7eb8a543a22fff0b455c3d8936a78e5,4/15(Œ) 13:36
piaeigat,‚Ò‚ ,ƒJƒ‹ƒeƒbƒgEƒXƒsƒŠƒ^ƒX‚ªŒ‹¬20ü”N‹L”O“Á•Ê‰‰‘t‰ï‚ğŠJÃ,https://news.yahoo.co.jp/articles/7408c918836308df053fceae4ecf2ebc05dfd6ee,4/15(Œ) 12:06
piaeigat,‚Ò‚ ,w–ˆ“ú‚ª‰ÄÕ‚è2024x‘æ2’eo‰‰ƒA[ƒeƒBƒXƒg”­•\@Îè‚Ğ‚ã[‚¢AƒxƒŠ[ƒOƒbƒhƒ}ƒ“‚ç7‘g,https://news.yahoo.co.jp/articles/601d465b99c09d98a2765fbd6fad65e3e0df64f5,4/15(Œ) 12:05
piaeigat,‚Ò‚ ,¶“c“l^‚ª‹¶‹C‚Ìˆê–é‚ğccIw”’ ƒRƒ“ƒtƒFƒbƒVƒ‡ƒ“xê–ÊÊ^4“_ŒöŠJ@–{ƒ|ƒXƒ^[ƒrƒWƒ…ƒAƒ‹‚à,https://news.yahoo.co.jp/articles/b357ad750a93cdcead5766bebcd8cd270deb68f5,4/15(Œ) 12:04
piaeigat,‚Ò‚ ,—MŠó—ç‰¹‚ÌŒ|—ğ25ü”N‚ğ‹L”O‚µ‚½ƒ\ƒƒRƒ“ƒT[ƒg‚ªŒˆ’è@‰Á“¡˜a÷A–²ç‚Ë‚ËAˆäã–F—Y‚ç‚ª“ú‘Ö‚í‚è‚Åo‰‰,https://news.yahoo.co.jp/articles/cbe1a003f133484133e67c5dfd2d74f8bde0141a,4/15(Œ) 12:02
piaeigat,‚Ò‚ ,w‚è‚ñ‚²‰¹ŠyÕ2024xo‰‰ƒA[ƒeƒBƒXƒg‘æ1’e”­•\@BONNIE PINKAGLIM SPANKY‚ç‚ª‰Qí,https://news.yahoo.co.jp/articles/4e85b0c9a61f8e253c422c1ca8350f3f1e4bb8eb,4/15(Œ) 12:02
piaeigat,‚Ò‚ ,¢‘ã‚ğ’´‚¦‚Äh‚³‚éƒ‰ƒuƒXƒg[ƒŠ[‚ÌŒ†ìwÂt18~2 ŒN‚Ö‚Æ‘±‚­“¹xA‘ä˜pƒXƒ^[ ƒVƒ…[EƒOƒ@ƒ“ƒnƒ“‚Æ´Œ´‰Ê–ë‚ªWå‰‰y‚¨‚Æ‚È‚Ì‰f‰æƒKƒCƒhz,https://news.yahoo.co.jp/articles/3624b829912a67170910a196c4d5aaa6ccb4bb93,4/15(Œ) 12:00
piaeigat,‚Ò‚ ,“à“c—Y”nAƒA[ƒeƒBƒXƒgŠˆ“®5ü”N‚ğ’÷‚ß‚­‚­‚é•“¹ŠÙƒ‰ƒCƒuŠJÃu‚Ü‚½‚±‚ÌêŠ‚Å‰ï‚¦‚é‚æ‚¤‚Éˆê•à‚¸‚ÂŠæ’£‚è‚½‚¢v,https://news.yahoo.co.jp/articles/ace8cc98d278d7a0772f121d9e21ed6b7c031414,4/15(Œ) 11:40
piaeigat,‚Ò‚ ,–k•Äƒ{ƒbƒNƒXƒIƒtƒBƒXAñˆÊ‚ÍwCivil Warx,https://news.yahoo.co.jp/articles/81aef7e4056b96db79fc1986c9e3b07671647789,4/15(Œ) 11:02
piaeigat,‚Ò‚ ,•‘‘äwƒnƒŠ[Eƒ|ƒbƒ^[‚Æô‚¢‚Ìqx7Œ‚©‚ç‚ÌVƒLƒƒƒXƒg2–¼‚ğ’Ç‰Á”­•\,https://news.yahoo.co.jp/articles/a604e75df285ebb8e4e4ff186fc7a32241edbd8b,4/15(Œ) 10:00
piaeigat,‚Ò‚ ,¼“‡Gr•¼â“—›‚ªO’Jì•i‚É‰o‰‰wƒXƒIƒ~‚Ì˜b‚ğ‚µ‚æ‚¤xVƒLƒƒƒXƒg5–¼”­•\,https://news.yahoo.co.jp/articles/809f8e00ddd69ce005b6ee7ced4017e3659dc17b,4/15(Œ) 5:00
piaeigat,‚Ò‚ ,wƒfƒJƒ[ƒO1`4xŠJ–‹@Še•‘‘äÊ^•ƒLƒƒƒXƒgƒRƒƒ“ƒg“’…,https://news.yahoo.co.jp/articles/dc65adf13cf44365abb5578b4a50f8fd5cb7d85d,4/14(“ú) 12:29
piaeigat,‚Ò‚ ,ƒ~ƒbƒL[‚Æƒ~ƒj[‚Ì“Á•ÊƒfƒUƒCƒ“‚ª“oê@ƒfƒBƒYƒj[ƒ‰ƒ“ƒh‚Ì41ü”NƒAƒjƒo[ƒTƒŠ[ƒOƒbƒY‚ğ‚²Ğ‰î,https://news.yahoo.co.jp/articles/5c5f5c6712abfee6c93404e0434b244f844144e1,4/14(“ú) 10:01
piaeigat,‚Ò‚ ,yƒ‰ƒCƒuƒŒƒ|[ƒgz²X–Ø—º‰îA¬R“c‘s•½‚ğŒ}‚¦’e‚«Œê‚èƒc[ƒ}ƒ“‘æŒÜ–éŠJÃu‚Í‚Á‚«‚èŒ¾‚¤‚¯‚ÇA’§‚ñ‚Å‚Ü‚·v,https://news.yahoo.co.jp/articles/bb1fad1a01bd935ad0035a36d5725c9e5440fd67,4/13(“y) 21:01
piaeigat,‚Ò‚ ,a flood of circle²X–Ø—º‰îåÃw—‹‚æÃ‚©‚ÉŒ‚¯xA‘æ˜Z–é‚ÌƒQƒXƒg‚ÍŒä“k’¬‘ú,https://news.yahoo.co.jp/articles/6849462e805dc4c08fc1e4907882b3341eaea8ac,4/13(“y) 21:00
piaeigat,‚Ò‚ ,OmoinotakeA‘‚«‰º‚ë‚µ‹ÈuåQv‚ªTVƒAƒjƒw–l‚Ìƒq[ƒ[ƒAƒJƒfƒ~ƒAx‘æ7ŠúEDƒe[ƒ}‚É,https://news.yahoo.co.jp/articles/70c49bcd76d1f273a0929624670b6713b32a726c,4/13(“y) 18:03
piaeigat,‚Ò‚ ,—ÑŒ­“su¸ˆê”t‚Ì—Í‚Å’§‚İ‚½‚¢v ‘q—T‚ÌVìŒö‰‰w‹A‚ê‚È‚¢’jxŠJ–‹,https://news.yahoo.co.jp/articles/1a8b823dfdd8535b9282897ea3100509e352736a,4/13(“y) 17:02
piaeigat,‚Ò‚ ,w.o.d.A“Œ–¼ã‘Îƒoƒ“ƒcƒA[‚ÌƒQƒXƒg‚Égo!go!vanillasAƒLƒ^ƒjƒ^ƒcƒ„Aƒnƒ‹ƒJƒ~ƒ‰ƒCo‰‰Œˆ’è,https://news.yahoo.co.jp/articles/1325ce38947a27061f58eb08bf5fad833757c58e,4/13(“y) 15:34
piaeigat,‚Ò‚ ,BEYOOOOONDS•½ˆä”ü—tA2ndƒ\ƒÊ^Wwbe-liefx”­”„‹L”OƒCƒxƒ“ƒgŠJÃ,https://news.yahoo.co.jp/articles/04fa87ad71bccd228d4410cc7c992cbdbc0caec5,4/13(“y) 13:51
piaeigat,‚Ò‚ ,wblast ƒuƒ‰ƒXƒgIxMatt‚ªƒXƒyƒVƒƒƒ‹ƒTƒ|[ƒ^[‚ÉA”C,https://news.yahoo.co.jp/articles/d41aa58fd8a3a3c8449f8611a36c29277699fbb2,4/13(“y) 13:35
piaeigat,‚Ò‚ ,uƒ^ƒCƒtƒFƒXƒeƒBƒoƒ‹“Œ‹v‚ª¡”N‚àŠJÃBƒ^ƒCƒGƒ“ƒ^ƒ‚ªWŒ‹,https://news.yahoo.co.jp/articles/4b738323dd8e953832db9cec1b0136b49a33784b,4/13(“y) 12:06
piaeigat,‚Ò‚ ,u‰‰Œ€‚ÌŒ©—§‚Ä‚Ì‹†‹ÉŒ`‚É‚µ‚Ä—‘zŒ`vƒEƒ“ƒQƒcƒB[ƒtƒ@A–kŠC“¹‹Y‹ÈÜ‘åÜóÜ‚Ìw“®‚­•¨x‚ÆVìw—·‚Ìx“xx2–{“¯ã‰‰,https://news.yahoo.co.jp/articles/837d79d2778f9130dbcff16bdd0f6e490dd36745,4/13(“y) 12:04
piaeigat,‚Ò‚ ,Ÿ‚Ä‚ÎƒvƒŒ[ƒIƒt‚ÌBL“Œ‹Aƒ‚ƒEƒ“ƒK•sİ‚Ì’†_ŒËSŒ‚”j‚È‚é‚©?,https://news.yahoo.co.jp/articles/d072ef1fda84609334386104bcb61c36f290138e,4/13(“y) 12:00
piaeigat,‚Ò‚ ,‚”¨[Šó‚Æ‰ª“c«¶‚ª•v•w–ğ‚ğ‰‰‚¶‚éw1122 ‚¢‚¢‚Ó‚¤‚Óx“Á•ñ•ƒeƒBƒU[ƒrƒWƒ…ƒAƒ‹ŒöŠJ,https://news.yahoo.co.jp/articles/15049788ad41d44f81d1abc58fc4c11f22204af7,4/13(“y) 10:03
piaeigat,‚Ò‚ ,ƒsƒbƒ^ƒŠƒtƒBƒbƒg‚ÅƒfƒUƒCƒ“‚à@ƒŒƒCƒ“ƒu[ƒc‚Ì”Y‚İ‚ğƒ[ƒNƒ}ƒ“‚ª‰ğŒˆI,https://news.yahoo.co.jp/articles/2171b9cdf7c39573d93aee146993efb857be8425,4/13(“y) 10:00
piaeigat,‚Ò‚ ,ƒEƒBƒ‹EƒXƒ~ƒX‚Ìèñ‚Éèù‚ªIwƒoƒbƒhƒ{[ƒCƒY RIDE OR DIExƒ|ƒXƒ^[ŒöŠJ,https://news.yahoo.co.jp/articles/f67e1c212acdd37bccfaa5a6e9847b33cedc044c,4/12(‹à) 19:01
piaeigat,‚Ò‚ ,ƒtƒH[ƒŠƒ~åÃwYON FES 2024x10-FEETASaucy Dog‚ç‘æ2’eƒA[ƒeƒBƒXƒg”­•\,https://news.yahoo.co.jp/articles/dbee1e6b327b4a3cc8fcf0512f44cf490249b1e2,4/12(‹à) 19:00
piaeigat,‚Ò‚ ,µŠC‚Ğ‚ë‚«å‰‰•‘‘äwƒTƒCƒ{[ƒO009xŒ³•ó’Ë‰ÌŒ€’c‚Ì’j–ğƒXƒ^[E“V‰Ø‚¦‚Ü‚ªº‚Åo‰‰,https://news.yahoo.co.jp/articles/f034f703ad825718c021e9594b9718562937785f,4/12(‹à) 18:02
piaeigat,‚Ò‚ ,ApesA’j‚Ìî‚¯‚È‚³‚ÆŠ‹“¡‚ğ•`‚¢‚½V‹ÈuHow are you?vMVŒöŠJ,https://news.yahoo.co.jp/articles/f8269dc6bdeccc8fb51f9fef1fe523a68d268b28,4/12(‹à) 18:01
piaeigat,‚Ò‚ ,yƒŒƒ|[ƒgzwASEA 2024xStray KidsATXT‚çƒAƒWƒA‚ğ‘ã•\‚·‚éƒgƒbƒvƒA[ƒeƒBƒXƒg‚ª‰Ø—í‚ÈƒpƒtƒH[ƒ}ƒ“ƒX‚ğ”â˜I,https://news.yahoo.co.jp/articles/0090e93322c9b9c1b2eed6ccb9ad96462b615ff4,4/12(‹à) 18:01
piaeigat,‚Ò‚ ,wƒIƒbƒyƒ“ƒnƒCƒ}[x•½–ìŒ[ˆê˜Y‚Æ‘å“‡ˆç’ˆ‚É‚æ‚éƒg[ƒNƒCƒxƒ“ƒg‚ÌŠJÃ‚ªŒˆ’è,https://news.yahoo.co.jp/articles/0493c565c2e0439cc681d51c1197960713ea0a90,4/12(‹à) 18:01
piaeigat,‚Ò‚ ,Nothingfs Carved In StoneAVEPƒ^ƒCƒgƒ‹‚ªwBRIGHTNESSx‚É@Ú×•ƒcƒA[ƒ^ƒCƒgƒ‹‚àŒöŠJ,https://news.yahoo.co.jp/articles/a9c90069139ceae28f0fd28285c1b66db6d8bdf9,4/12(‹à) 18:00
piaeigat,‚Ò‚ ,u•S”NŒãŒ|pÕ|“à–[‘ƒA[ƒgƒtƒFƒXvƒŒƒ|[ƒg@’nˆæ«‚ª“`‚í‚éì•i‚ğƒsƒbƒNƒAƒbƒv‚µ‚ÄĞ‰î,https://news.yahoo.co.jp/articles/e6aeb1750d0f1a36c27466a9d6c86840df71981b,4/12(‹à) 17:02
piaeigat,‚Ò‚ ,‚Æ‚½A—‚Ìq‚Ì–Ó–Ú“I‚È—öˆ¤‚ğ‰Ì‚Á‚½V‹Èu•ĞˆË‘¶v”zMƒŠƒŠ[ƒXŒˆ’è,https://news.yahoo.co.jp/articles/7af94915c3843e3330026aa9d0100e87f25d1f2a,4/12(‹à) 17:01
piaeigat,‚Ò‚ ,"u‚Ò‚ —Œê‚´‚ñ‚Ü‚¢v”zM“®‰æ–{”‚ª2,000–{“Ë”jI@—ŒêŒ|p‹¦‰ïŠ‘®Œ|l‚Ì‚À‚àV‚½‚É’Ç‰Á",https://news.yahoo.co.jp/articles/52cdb5fb917f2c027c5bff2cbe2e32261c0e1ea9,4/12(‹à) 16:00
piaeigat,‚Ò‚ ,’†ì‘å•ãA”ª–Øä»‰ÂqA²“¡Š°‘¾A´‹{ƒŒƒC‚ç‚ªˆÓ‹C‚İ@wŠ›ìƒzƒ‹ƒ‚[Aƒƒ“ƒXƒ‚ƒAxŠJ–‹,https://news.yahoo.co.jp/articles/1b59c2dc8d26feb84cb3a0e4c4fab40b8644850c,4/12(‹à) 15:15
piaeigat,‚Ò‚ ,ƒ\ƒtƒBƒAEƒRƒbƒ|ƒ‰ŠÄ“Â2ì•iA109ƒVƒlƒ}ƒYƒvƒŒƒ~ƒAƒ€Vh‚Å35mmƒtƒBƒ‹ƒ€ã‰fŒˆ’è,https://news.yahoo.co.jp/articles/5b9487c418651c98a443a2734d3a1f2805538da7,4/12(‹à) 14:25
piaeigat,‚Ò‚ ,ƒOƒŒƒ“EƒpƒEƒGƒ‹‚ªƒŠƒu[ƒg”Åwƒoƒgƒ‹ƒ‰ƒ“ƒi[x‚Éå‰‰,https://news.yahoo.co.jp/articles/bd328e06c3ee2407363fd4f94da12f5075ce9548,4/12(‹à) 13:01
piaeigat,‚Ò‚ ,‰f‰æwƒ‰ƒXƒgƒ}ƒCƒ‹xÎŒ´‚³‚Æ‚İ‚çwƒAƒ“ƒiƒ`ƒ…ƒ‰ƒ‹xƒLƒƒƒXƒg9–¼o‰‰Œˆ’è,https://news.yahoo.co.jp/articles/b390b38d041cb1b93cccd1e40267b9de935925f9,4/12(‹à) 12:54
piaeigat,‚Ò‚ ,ƒ}ƒŠƒAEƒJƒ‰ƒX‚É’Ê‚¶‚é ‚Ì‹Z uƒIƒyƒ‰ŠE‚ÌV—‰¤vƒAƒXƒ~ƒNEƒOƒŠƒSƒŠƒAƒ“‚ª‚Ü‚à‚È‚­—ˆ“ú,https://news.yahoo.co.jp/articles/e43ede40250424b8c14a16624781c3575284ae1d,4/12(‹à) 12:07
piaeigat,‚Ò‚ ,imaseA©g‰‚ÌƒAƒWƒAƒcƒA[wimase 1st Asia Tour gShikihx‚ÉãŠCŒö‰‰‚ª’Ç‰Á,https://news.yahoo.co.jp/articles/9f0d80fc350709247c578c666ec6b661e7f73511,4/12(‹à) 12:05
piaeigat,‚Ò‚ ,AOI Pro.ƒRƒ“ƒgŒö‰‰w¬“Úvol.3x‚É‰FŠ_”ü—¢A–k–ì“ú“ŞqAV–ØG“TAƒRƒRƒŠƒR“c’†’¼÷‚ªo‰‰,https://news.yahoo.co.jp/articles/cc42f6aa0074b71e19e88bebbd66a475aa85e87c,4/12(‹à) 12:03
piaeigat,‚Ò‚ ,…“cq¶A’©‰Ä‚Ü‚È‚ÆA“n•Ó‚¢‚Á‚¯‚¢‚ªo‰‰@SF‹Y‹Èwƒƒ{ƒbƒgxƒmƒ]ƒGª¢‰‰o‚Åã‰‰Œˆ’è,https://news.yahoo.co.jp/articles/137826a14881cdc589a8466bcb9d83c5baf2d673,4/12(‹à) 12:02
piaeigat,‚Ò‚ ,¶“c“l^~’†‘º—Ï–ç‚ªƒoƒfƒB‚ğ‘g‚Ş@‚¢‚Ì‚¤‚¦‰Ì•‘ŠêwƒoƒTƒ‰ƒIxŒö‰‰ƒrƒWƒ…ƒAƒ‹ŒöŠJ,https://news.yahoo.co.jp/articles/0ffe0537a3b55499386c72b417ca42bcd20ce42c,4/12(‹à) 12:01
piaeigat,‚Ò‚ ,"Aile The ShotaAV‹ÈuVillains feat. edhiii boi,Novel CorevƒŠƒŠƒbƒNƒrƒfƒI‚ğ¡–éŒöŠJ",https://news.yahoo.co.jp/articles/7d3bfe9c5d436fad4fa66ecd6cf315d9948e3824,4/12(‹à) 12:00
piaeigat,‚Ò‚ ,‘åŠâƒIƒXƒJ[ƒ‹“Ww——¬‘ã‚Ì–ûƒ_ƒRx4Œ27“ú‚©‚ç@a’JƒqƒJƒŠƒGŠÙ“à‚ğ‰Ë‹ó‚Ì…¶¶•¨uƒIƒCƒ‹EƒIƒNƒgƒpƒXv‚ª•Y—¬H,https://news.yahoo.co.jp/articles/03113d7e3630e688f36079b2644483edaa0e88e5,4/12(‹à) 11:30
piaeigat,‚Ò‚ ,NetflixwŠñ¶b |ƒUEƒOƒŒƒC|x›“c«ô‚ª‰Eè‚ğ·‚µo‚·ê–ÊÊ^ŒöŠJ,https://news.yahoo.co.jp/articles/c53db6949cf4274201218c06e925a48713b2306e,4/12(‹à) 11:02
piaeigat,‚Ò‚ ,‰œR‘åjŠÄ“Âw‚Ú‚­‚Ì‚¨“ú‚³‚ÜxƒJƒ“ƒk‰f‰æÕu‚ ‚é‹“_v•”–å‚É“ú–{lŠÄ“ÂÅ”N­‚Å‘Io,https://news.yahoo.co.jp/articles/37d48d2a3785d82991ea206c20ee6cde16b0bf31,4/12(‹à) 10:20
piaeigat,‚Ò‚ ,ƒ~ƒ…[ƒWƒJƒ‹‚Ì‹àš“ƒw‰¤—l‚Æ„x‚ª–k‘ºˆê‹P‚Æ–¾“úŠC‚è‚¨‚Å‰Ø‚â‚©‚ÉŠJ–‹,https://news.yahoo.co.jp/articles/9bc37686e8b2a9b5e90faf9861fcd96b3a74135d,4/11(–Ø) 20:01
piaeigat,‚Ò‚ ,‰”N‚Ìƒqƒbƒg‹È‚Ì‹‰Ø‹¤‰‰I w‰¹s‰¹ÀxƒCƒxƒ“ƒgƒŒƒ|[ƒg,https://news.yahoo.co.jp/articles/51913c32309a1e97f9ab1a64b1779884c658c7a1,4/11(–Ø) 18:04
piaeigat,‚Ò‚ ,PEOPLE 1A‚Ò‚ ƒAƒŠ[ƒiMM’P“ÆŒö‰‰‚Ìã‰f‰ï‚ğ‘S‘6“ss‚Ì‰f‰æŠÙ‚ÅŠJÃ,https://news.yahoo.co.jp/articles/4d5ba25dff8e73d6ba7d2087ef406d8700215ffc,4/11(–Ø) 18:01
piaeigat,‚Ò‚ ,THE BACK HORNwKYO-MEI‘Îƒoƒ“ƒcƒA[x‚ÉAge FactoryAPK Shampoo‚ç‚ªƒQƒXƒgo‰‰,https://news.yahoo.co.jp/articles/9a76ec904c6be5519b92205eb7691b6f1c8c29f6,4/11(–Ø) 18:00
piaeigat,‚Ò‚ ,•½ò¬‚Ì‰å‰‰‰f‰æ‚ÉA‚¥! group²–ì»ÆA²“¡_s‚ç‚ªo‰‰ w–¾“ú‚ğ’Ô‚éÊ^ŠÙxê–ÊÊ^10“_ŒöŠJ,https://news.yahoo.co.jp/articles/dab640f3e8ca5014891fbb9f3d77a544024fbd99,4/11(–Ø) 17:02
piaeigat,‚Ò‚ ,ƒ~ƒ…ƒVƒƒ‚Ìì•i¢ŠE‚É–v“ü‚·‚é@ƒpƒŠ‚ÌƒOƒ‰ƒ“EƒpƒŒ‚ªèŠ|‚¯‚½VŠ´Šo‚Ì“W——‰ïwƒOƒ‰ƒ“EƒpƒŒEƒCƒ}[ƒVƒu ‰i‰“‚Ìƒ~ƒ…ƒVƒƒi‰¼Ìjx12ŒŠJÃŒˆ’è,https://news.yahoo.co.jp/articles/3bcda02c20c0a2b6b9b15f0a66373eaf2278dede,4/11(–Ø) 17:00
piaeigat,‚Ò‚ ,‹ß“¡—Ç•½~¼‰ª˜aq‚ªŒöŠJ‘Î’k@Œ|pŠÄ“ÂƒNƒƒXƒg[ƒNw–²‚Ìl‚Éˆ§‚¤x‘æ4’e‚ÌŠJÃ‚ªŒˆ’è,https://news.yahoo.co.jp/articles/0a35c7f9fc8eba070bc4d7dd301cba0989b6ad4c,4/11(–Ø) 16:50
piaeigat,‚Ò‚ ,wƒ_ƒCƒmƒWƒƒbƒNƒtƒFƒXx8”N‚Ô‚è‚ÉŠJÃŒˆ’è@WiennersABRADIO‚ç‘æ1’eo‰‰ƒA[ƒeƒBƒXƒg”­•\,https://news.yahoo.co.jp/articles/db3c8723a8bec649969213b3ffb0d9b454d6da9f,4/11(–Ø) 16:35
piaeigat,‚Ò‚ ,¼”öƒXƒYƒL‚ªå”C‚ğ–±‚ß‚éŠw‚ÑêwƒRƒN[ƒ“ ƒAƒNƒ^[ƒY ƒXƒ^ƒWƒIxŠJu®‚ÌƒŒƒ|[ƒg“’…,https://news.yahoo.co.jp/articles/cfc48609f71b54b4ccdd4111979ff363d9e79265,4/11(–Ø) 16:10
piaeigat,‚Ò‚ ,Rè‹MŠÄ“Â‚©‚ç‚Íu‚·‚²‚­‚æ‚©‚Á‚½B‚¸‚é‚¢Iv@w‰A—zt0x‰ïŒ©‚Éõ’J«‘¾•²“¡k–ƒqŠÄ“Â“o’d,https://news.yahoo.co.jp/articles/632a4ef2ebc6c0fdceedccb938b6cc63a62531ad,4/11(–Ø) 13:30
piaeigat,‚Ò‚ ,w‰‚Ì˜f¯^ƒLƒ“ƒOƒ_ƒ€x‰‚Ì‹ºˆĞ‚ªŠ´‚¶‚ç‚ê‚é“Á•Ê‰f‘œ•“ú–{”Åƒ|ƒXƒ^[ŒöŠJ,https://news.yahoo.co.jp/articles/ba7544f69ac2ff611964fdd9061ad3c0f8be6706,4/11(–Ø) 13:25
piaeigat,‚Ò‚ ,ƒnƒŠƒ\ƒ“Aƒ‹[ƒJƒXAƒXƒsƒ‹ƒo[ƒO‚Ì‹¤’Ê“_‚Æ‚ÍH wŒß‘O\‚Ì‰f‰æÕ14xŒË“c“Ş’Ãq‚É‚æ‚éƒg[ƒNƒCƒxƒ“ƒgŠJÃ,https://news.yahoo.co.jp/articles/37bb3c11fca8e6f375606d9499a88cc9d724678e,4/11(–Ø) 12:30
piaeigat,‚Ò‚ ,JO1ì¼‘ñÀ~÷“c‚Ğ‚æ‚èwƒoƒW[ƒmƒCƒYxŒğ·‚µ‚Ä‚¢‚­‘z‚¢‚ğ•`‚¢‚½ƒgƒŒ[ƒ‰[‰f‘œŒöŠJ,https://news.yahoo.co.jp/articles/611eb8f40f174df3d4c239aff1c5a62fcdaf1afb,4/11(–Ø) 12:30
piaeigat,‚Ò‚ ,ƒCƒMƒŠƒX‰¤º‚ä‚©‚è‚ÌƒIƒbƒNƒXƒtƒH[ƒhEƒtƒBƒ‹ƒn[ƒ‚ƒj[ŠÇŒ·Šy’c‰—ˆ“ú,https://news.yahoo.co.jp/articles/5e8e412ed78d3e9ac97aacd2d5a2e7a57ae2d603,4/11(–Ø) 12:05
piaeigat,‚Ò‚ ,wFUJI & SUNf24xV‚½‚ÉÄ“c‘qAHAPPY‚Ìo‰‰‚ªŒˆ’è@‘S32‘g‚ªo‘µ‚¤,https://news.yahoo.co.jp/articles/fdbf2350720808a6e6bdc91a398244b3602c1c16,4/11(–Ø) 12:02
piaeigat,‚Ò‚ ,w“¿ì”üpŠÙ“W ”ö’£“¿ì‰Æ‚ÌŠ•óx4Œ27“ú‚©‚ç@‘å–¼“¹‹ï‚ğ’Ê‚µ‚Ä”ö’£“¿ì‰Æ‚Ì—ğj‚Æ‰Ø‚â‚©‚È‘å–¼•¶‰»‚ğĞ‰î,https://news.yahoo.co.jp/articles/acb45d08e5a08ddeb0348a28d63ee3e38bdd891c,4/11(–Ø) 11:32
piaeigat,‚Ò‚ ,ƒAƒ“ƒ\ƒj[EƒzƒvƒLƒ“ƒX‚ªwMaryx‚Éo‰‰,https://news.yahoo.co.jp/articles/45090fedb5bfd3e9026f8fb7cb9d52299484f660,4/11(–Ø) 11:30
piaeigat,‚Ò‚ ,ƒ~ƒ…[ƒWƒJƒ‹wRENTx“ú•Ä‡“¯ƒLƒƒƒXƒg‚Åã‰‰Œˆ’è@R–{kj‚ªÄ‚Ñƒ}[ƒN–ğ‚É’§‚Ş,https://news.yahoo.co.jp/articles/1d69d95009ebcbe341e9482bca7d7ffb0b749833,4/11(–Ø) 9:00
piaeigat,‚Ò‚ ,‰f‰æwƒLƒ“ƒOƒ_ƒ€ ‘å«ŒR‚Ì‹AŠÒx—\‰f‘œŒöŠJ@‰¤‹R~à‹‚ª‚Â‚¢‚É‘ÎŒˆ,https://news.yahoo.co.jp/articles/6c1d422e64faf4fe6eb031d77cde00577a8161d8,4/11(–Ø) 5:00
piaeigat,‚Ò‚ ,ƒ}ƒJƒƒj‚¦‚ñ‚Ò‚ÂAƒƒ“ƒ}ƒ“ƒ‰ƒCƒuwTRIP INSIDEx“ú–{•“¹ŠÙ•‘åãéƒz[ƒ‹‚ÅŠJÃŒˆ’è,https://news.yahoo.co.jp/articles/d710845c7a3854ef114b2a7490a9d714a502c77c,4/10(…) 21:01
piaeigat,‚Ò‚ ,Mega Shinnosukeƒc[ƒ}ƒ“ƒcƒA[whello...xƒIƒtƒBƒVƒƒƒ‹ƒŒƒ|[ƒg@“Œ‹ƒ|ƒbƒvƒV[ƒ“Å‘Oü‚ğŠ_ŠÔŒ©‚½ˆê–é,https://news.yahoo.co.jp/articles/3eac33e6b8bb8951376a431badacedbcf25e856b,4/10(…) 21:01
piaeigat,‚Ò‚ ,“S•—“Œ‹A–{“ú”zMƒŠƒŠ[ƒX‚ÌV‹ÈuSing AlonevMVŒöŠJ,https://news.yahoo.co.jp/articles/3274c6f14082b5f0bafdb60be46b20167db0bed2,4/10(…) 20:01
piaeigat,‚Ò‚ ,‹î–Øªˆ¨‘¿•VŒ´‘×—C‚ÌƒgƒŠƒZƒcu˜b‚µ‚©‚¯‚Ä‚à‚¢‚¢H–Ù‚Á‚Ä‚¢‚½‚Ù‚¤‚ª‚¢‚¢Hv,https://news.yahoo.co.jp/articles/918248f2546ce57d1230dd6e836f5a337b8adf95,4/10(…) 18:02
piaeigat,‚Ò‚ ,‚à‚±‚¤AˆÉD‚à‚¦‚ç‚ªwƒXƒgƒŠ[ƒgƒtƒ@ƒCƒ^[6x‚Å‘ÎŒˆ@wABCƒQ[ƒ€x‘æ2’e‚ÌŠJÃ‚ªŒˆ’è,https://news.yahoo.co.jp/articles/c92900496ba6fab821e8b06ca9f412f1884328e5,4/10(…) 18:02
piaeigat,‚Ò‚ ,Helsinki Lambda Club‚ÌƒŠƒ~ƒbƒNƒXƒVƒŠ[ƒY‚ªn“®@‘æ1’e‚Ì”zMƒŠƒŠ[ƒX‚ªŒˆ’è,https://news.yahoo.co.jp/articles/3fc8ba748371c9355f44a2c30e5bfbc4152e21be,4/10(…) 18:01
piaeigat,‚Ò‚ ,ƒtƒŒƒfƒŠƒbƒNA‘Îƒoƒ“ƒcƒA[wUMIMOYASU 2024 -WAVE-xWurtSAƒLƒ^ƒjƒ^ƒcƒ„‚çƒQƒXƒg”­•\,https://news.yahoo.co.jp/articles/bebddc40497f0e9cad7b6c4350ed6b60655cd8a6,4/10(…) 18:01
piaeigat,‚Ò‚ ,‰Æ“üƒŒƒIAƒjƒ…[ƒVƒ“ƒOƒ‹wƒƒ‹ƒcxû˜^Ú×•ƒWƒƒƒPƒbƒgŒöŠJ,https://news.yahoo.co.jp/articles/397c40d1591955e4e38db23c967e7c453409a6fe,4/10(…) 18:01
piaeigat,‚Ò‚ ,wÂt18~2 ŒN‚Ö‚Æ‘±‚­“¹xƒVƒ…[EƒOƒ@ƒ“ƒnƒ“A´Œ´‰Ê–ëA“¹}x—C‚ç‚ÌƒLƒƒƒ‰ƒNƒ^[ƒrƒWƒ…ƒAƒ‹ŒöŠJ,https://news.yahoo.co.jp/articles/e91540f8140867a51766f58588d2fdb231167b87,4/10(…) 17:45
piaeigat,‚Ò‚ ,wƒEƒHƒ“ƒJx~w‚·‚İ‚ÁƒR‚®‚ç‚µx‚Ü‚¿‚ª‚¢‚³‚ª‚µ‚ªŠy‚µ‚ß‚éƒRƒ‰ƒ{ƒ|ƒXƒ^[ŒöŠJ,https://news.yahoo.co.jp/articles/7398060174f2e93a6f01d1aa715a809a0e90c887,4/10(…) 14:10
piaeigat,‚Ò‚ ,ƒ}ƒVƒ…[Eƒ{[ƒ“‚Ì–ìSìwƒƒ~ƒI{ƒWƒ…ƒŠƒGƒbƒgx–{“úŠJ–‹,https://news.yahoo.co.jp/articles/fd02cd70e623ec81c847345bc2193361bc97f52e,4/10(…) 14:05
piaeigat,‚Ò‚ ,wTOKYO M.A.P.Sxµ”ö—·lAMummy-DAXR’¼‘¾˜N‚ç’Ç‰ÁƒA[ƒeƒBƒXƒg”­•\,https://news.yahoo.co.jp/articles/4df1104b24eaf1d7d221372d197e5feb30784ac4,4/10(…) 14:05
piaeigat,‚Ò‚ ,’´™Ğ‰ï“IƒTƒ“ƒ_ƒ‹A‰‚Ì‘S‘—¬’Ê”Õw•Y™—¬xƒfƒWƒ^ƒ‹”zMƒXƒ^[ƒg,https://news.yahoo.co.jp/articles/a1bd2c2995321e2a7a167fc421d94a6ed1447c0f,4/10(…) 14:00
piaeigat,‚Ò‚ ,edhiii boiA‚Z¶ŠˆÅŒã‚Ì1”N‚ğŠy‚µ‚ŞŠé‰æuGOODBYE HIGH SCHOOL DAYSvn“®,https://news.yahoo.co.jp/articles/da9a13907f256b05d7b52d8b668fe0784dac2aa8,4/10(…) 12:15
piaeigat,‚Ò‚ ,ƒ~ƒ…[ƒWƒJƒ‹w9 to 5xã‰‰Œˆ’è@–¾“úŠC‚è‚¨A•½–ìˆ»A˜aŠó‚»‚ç‚ªƒZƒNƒnƒ‰Eƒpƒƒnƒ‰ãi‚ğ’¦‚ç‚µ‚ß‚é,https://news.yahoo.co.jp/articles/71a4544d3721941108268bfea19dfd76fcfd6441,4/10(…) 12:06
piaeigat,‚Ò‚ ,_–Ø—²”V‰îAR‰ºƒŠƒIAìã—F—¢‚ªo‰‰w‚¢‚«‚È‚è–{“Ç‚İI in O‰zŒ€êxŠJÃŒˆ’è,https://news.yahoo.co.jp/articles/764e7a776b66dac2786c9b7b66b6903979ba7cc5,4/10(…) 12:03
piaeigat,‚Ò‚ ,ƒ‰ƒbƒp‰®‘æ49‰ñŒö‰‰wµl‚Ì•æ—Fxã‰‰Œˆ’è@åÉE—é–Ø‘‚ÌƒRƒƒ“ƒg‚ª“’…,https://news.yahoo.co.jp/articles/92449f34a2f030a8c2d1cba6c45e10bb76c16fc1,4/10(…) 12:03
piaeigat,‚Ò‚ ,‰ª‘º˜a‹`A‰‚Ìƒoƒ‰[ƒh‹ÈuƒTƒ‚Æl‹›v”zMƒŠƒŠ[ƒX•MVŒöŠJŒˆ’è,https://news.yahoo.co.jp/articles/87256c440f958611e8237df4ba8e9945e9fffa6a,4/10(…) 12:00
piaeigat,‚Ò‚ ,‰f‰æwƒWƒ‡[ƒJ[FƒtƒHƒŠEƒAEƒhƒDx“Á•ñ‰f‘œŒöŠJ@ƒŒƒfƒB[EƒKƒK‚Íƒn[ƒŒƒCEƒNƒCƒ“‚ğ‰‰‚¶‚é,https://news.yahoo.co.jp/articles/67f3db2503dbf2b709e4aa5203d3d95ac4e264df,4/10(…) 12:00
piaeigat,‚Ò‚ ,ƒA[ƒc‘O‹´‚Åãp—Ç˜a‚Ì”üpŠÙ‰ŒÂ“W@ƒtƒ@ƒbƒVƒ‡ƒ“ƒvƒ‰ƒ“ƒhEƒŠƒgƒDƒ“ƒAƒtƒ^[ƒ[ƒY‚Ì•à‚İ‚ğĞ‰î,https://news.yahoo.co.jp/articles/6a206e547f9bb16ac366a66c6b74d3dc7b71b82a,4/10(…) 11:30
piaeigat,‚Ò‚ ,A‚¥! groupAƒfƒrƒ…[ƒVƒ“ƒOƒ‹usAtBEGINNINGvƒeƒBƒU[‰f‘œŒöŠJ,https://news.yahoo.co.jp/articles/d19ae7fd119b2c1c42cecceb47a627775d14872e,4/10(…) 11:15
piaeigat,‚Ò‚ ,wƒuƒŠƒWƒbƒgEƒWƒ‡[ƒ“ƒY‚Ì“ú‹Lx4ì–Ú‚Ì»ì‚ªŒˆ’è,https://news.yahoo.co.jp/articles/5a37976f197f6a8be5ffc470345330a999daec7d,4/10(…) 11:00
piaeigat,‚Ò‚ ,BialystocksAV‹Èu‹ß v”zMƒXƒ^[ƒg@MVƒeƒBƒU[‰f‘œŒöŠJ,https://news.yahoo.co.jp/articles/d3da54f867f215d91ec5b4f4ff005aded92306cc,4/10(…) 11:00
piaeigat,‚Ò‚ ,‰F‘½“cƒqƒJƒ‹AƒxƒXƒgƒAƒ‹ƒoƒ€wSCIENCE FICTIONx‚Ì”­”„‚ğ‹L”O‚µ‚½u25ü”N‚­‚Ü‚¿‚á‚ñARƒTƒCƒgv‚ªƒI[ƒvƒ“,https://news.yahoo.co.jp/articles/609a500781726b8fe31f6f4b95832cc841708813,4/10(…) 10:55
piaeigat,‚Ò‚ ,wEndless SHOCKx–¾“úŠJ–‹@“°–{Œõˆêuƒ‰ƒXƒg‚Æ‚¢‚¤Š´Šo‚Í‚È‚¢v²“¡Ÿ—˜u–{“–‚ÉŒõ‰hv,https://news.yahoo.co.jp/articles/fc47a6522636bf0e74817956431620ac9c9779e0,4/10(…) 10:11
piaeigat,‚Ò‚ ,‚³‚¾‚Ü‚³‚µAÅVƒg[ƒNƒAƒ‹ƒoƒ€w‰Ì‚Á‚Ä‚Í‚¢‚¯‚È‚¢CDx5ŒƒŠƒŠ[ƒXŒˆ’è,https://news.yahoo.co.jp/articles/08eeea7123e80e80f43ad9588378d03500e5f157,4/10(…) 10:00
piaeigat,‚Ò‚ ,V‚½‚ÈŠ´î‚½‚¿‚Ì“Á’¥‚ğ‘¨‚¦‚½wƒCƒ“ƒTƒCƒhEƒwƒbƒh2x“Á•ñ‰f‘œ•ƒeƒBƒU[ƒ|ƒXƒ^[ŒöŠJ,https://news.yahoo.co.jp/articles/4c9ba50feeefb623060bde5c21e9beb54fe7555e,4/10(…) 8:03
piaeigat,‚Ò‚ ,‰¡•l—¬¯‚ª‰f‰æw‘•óx‚É‹g‘ò—º‚Ìƒ‰ƒCƒoƒ‹–ğ‚Æ‚µ‚Äo‰‰,https://news.yahoo.co.jp/articles/a6b0fcbaf261c1decda70f985697c874f2537d1e,4/10(…) 5:00
piaeigat,‚Ò‚ ,Re:nameAV‹ÈuDonut Songv”zMƒXƒ^[ƒg@“Œã‚Åƒc[ƒ}ƒ“ƒ‰ƒCƒu‚ğŠJÃ,https://news.yahoo.co.jp/articles/ffe9e8f6fd45f7f9d3c7d9d572aed344acf238ef,4/10(…) 0:00
piaeigat,‚Ò‚ ,w— •\‘¾}‹Lx7Œ‰Ì•‘ŠêÀŒö‰‰‚Å43”N‚Ô‚è‚Éã‰‰@¼–{Kl˜YAsìõŒÜ˜YA¼–{”’ê_‚ç‚ªo‰‰,https://news.yahoo.co.jp/articles/024830d1717f45ff07266b64af3b5040a338e068,4/9(‰Î) 18:41
piaeigat,‚Ò‚ ,l—Ş‰‚ÌŒ–Ê’…—¤‚ÍƒŠƒAƒ‹‚©ƒtƒFƒCƒN‚©Hwƒtƒ‰ƒCEƒ~[EƒgƒDEƒUEƒ€[ƒ“x“ú–{ŒöŠJ“úŒˆ’è•—\•ÒŒöŠJ,https://news.yahoo.co.jp/articles/3b935a30445f5cfe5bd501f6b257d9941084d316,4/9(‰Î) 17:28
piaeigat,‚Ò‚ ,²–ì—E“lA6”N‚Ô‚è‚ÌÊ^W”­”„Œˆ’è@l¶‚Ì‹N“_‚Æ‚È‚Á‚½ƒjƒ…[ƒW[ƒ‰ƒ“ƒh‚ÅB‰e,https://news.yahoo.co.jp/articles/e42a949eb5fe67d43513a5dcb85987c79b104398,4/9(‰Î) 17:04
piaeigat,‚Ò‚ ,—¼—Y•À‚Ñ—§‚ÂwƒSƒWƒ‰xƒRƒ“ƒO V‚½‚È‚é’é‘xIMAXƒrƒWƒ…ƒAƒ‹ŒöŠJ,https://news.yahoo.co.jp/articles/b8adf24c2e08004eea2769ca0f3405a8de2916b7,4/9(‰Î) 16:24
piaeigat,‚Ò‚ ,•‘‘äw‚³‚é‚·‚×‚èxŠJ–‹@“n•Ó‚¦‚èŒÃ‹H‹L”O˜A‘±Œö‰‰wŒ~‚æI„‚Ìè‚Éæ‚êxw‚è‚Ú‚ñxã‰‰‚ªŒˆ’è,https://news.yahoo.co.jp/articles/9f709d49e77f8725e73a5476d01ae016a5dfbc38,4/9(‰Î) 16:20
piaeigat,‚Ò‚ ,‰¹ŠyƒtƒFƒXwThe Performancex‚Åƒ~ƒZƒXáˆä~RIIZE‚Ìˆê–éŒÀ‚è‚ÌƒRƒ‰ƒ{ƒXƒe[ƒW‚ªŒˆ’è,https://news.yahoo.co.jp/articles/ad6db62e248aa7446e5366e6451157c3f5236bfb,4/9(‰Î) 15:30
piaeigat,‚Ò‚ ,w‚à‚µ‚à“¿ì‰ÆN‚ª‘—‘åb‚É‚È‚Á‚½‚çxVƒLƒƒƒXƒg”­•\@ŠŒ´‘PA¬âÖç–L‚ç4–¼o‰‰Œˆ’è,https://news.yahoo.co.jp/articles/ea592819f8c6f8ad11a361a3c1692832235f91d5,4/9(‰Î) 13:05
piaeigat,‚Ò‚ ,º—D‚É‚æ‚é˜N“ÇŒ€w–ñ‘©‚Ì‰Ê‚ÄxŠJÃŒˆ’è@ŒÃ’J“OA‰º–ìhASnow Man²‹vŠÔ‘å‰î‚ç‚ªo‰‰,https://news.yahoo.co.jp/articles/257cbe2d760c34c465882a546eeadb5229593c66,4/9(‰Î) 12:55
piaeigat,‚Ò‚ ,GENIC–LFPITŒö‰‰ƒŒƒ|[ƒgu‰ü‚ß‚ÄAGENIC‚Ì‘æ2Í‚ÌŠJ–‹‚ğéŒ¾‚µ‚½‚¢‚Æv‚¢‚Ü‚·v,https://news.yahoo.co.jp/articles/eca1037cfb460b1f386d233371a6723a9ef4202b,4/9(‰Î) 12:50
piaeigat,‚Ò‚ ,•x“c–õq•¼‰ºŸ©•½ ‚±‚Ü‚ÂÀw•ê‚Æ•é‚¹‚ÎxÚ×”­•\•ƒRƒƒ“ƒg“’…,https://news.yahoo.co.jp/articles/6de9fb2f2343f97a82ce1a31e068001c36a64bd4,4/9(‰Î) 12:44
piaeigat,‚Ò‚ ,’‡–ì‘¾‰êå‰‰•‘‘äw“»‚Ì‰ä‚ª‰Æxã‰‰Œˆ’è@‹¤‰‰‚Í“ñŠK“°‚Ó‚İ,https://news.yahoo.co.jp/articles/5610ce55d84484687b116f1497d5a3e3b081d963,4/9(‰Î) 12:05
piaeigat,‚Ò‚ ,•‘ò´ŠÄ“ÂƒZƒ‹ƒtƒŠƒƒCƒNwÖ‚Ì“¹x‚É¼“‡GrAÂ–Ø’‚‚ªo‰‰,https://news.yahoo.co.jp/articles/9ee1bf289985d0884cf6b3cac2a9de49080ba4bc,4/9(‰Î) 12:00
piaeigat,‚Ò‚ ,w“a‚³‚Ü‚ÌƒXƒPƒbƒ`ƒuƒbƒNx‰iÂ•¶ŒÉ‚Å@×ìdŒ«‚É‚æ‚é‘½Ê‚È“®A•¨‚ÌÊ¶}‚ğ33”N‚Ô‚è‚ÉŒöŠJ,https://news.yahoo.co.jp/articles/46992f31c23e1a5f00e98dc82f380fab7b30be92,4/9(‰Î) 11:30
piaeigat,‚Ò‚ ,‹{–{‰À—Ñå‰‰•‘‘äwƒU™ƒAƒCƒhƒ‹Ixã‰‰Œˆ’è@1980”N‘ã‚Ì”„‚ê‚È‚¢ƒAƒCƒhƒ‹‚ª2024”N‚Éƒ^ƒCƒ€ƒXƒŠƒbƒv,https://news.yahoo.co.jp/articles/1a308c6a8da4b9a63121ce0b12afc23575d5d582,4/9(‰Î) 11:20
piaeigat,‚Ò‚ ,u“ú–{•¶ŠwƒVƒAƒ^[vƒVƒŠ[ƒY‘æ7’ew•v•wƒpƒ‰ƒ_ƒCƒXx9Œã‰‰Œˆ’è@”öã¼–çA‘ë“àŒö”ü‚ç‚ªo‰‰,https://news.yahoo.co.jp/articles/e3202de78cd3e5dc6c04a09406c234496bf05eea,4/9(‰Î) 11:14
piaeigat,‚Ò‚ ,ƒ~ƒ…[ƒWƒJƒ‹w‰¤—l‚Æ„x–{“úŠJ–‹@–k‘ºˆê‹P&–¾“úŠC‚è‚¨‚ğŒ}‚¦V‚½‚È‰‰o‚Å,https://news.yahoo.co.jp/articles/dea5fd7ec358552514d5ad7b324b08438afdc025,4/9(‰Î) 10:24
piaeigat,‚Ò‚ ,u‚½‚ñ‚¯‚ñg‚İ‚ç‚¢‚Ì‚ ‚»‚Ñ‚Ü‚È‚ÑhƒtƒFƒXv‚ªGW‚É–‹’£‚ÅŠJÃ,https://news.yahoo.co.jp/articles/0712e68b930f68cbc8cf2d901288d27abbcc71e8,4/9(‰Î) 7:03
piaeigat,‚Ò‚ ,²“¡Š°‘¾Aw•s€gƒ‰ƒ”ƒ@[ƒYx¼‹‘åŒåŠÄ“Â‚ÉƒCƒ“ƒXƒ^DM‚Åo‰‰g‹tƒIƒtƒ@[h,https://news.yahoo.co.jp/articles/76fb3eba6cf61ec99488e02b03d66e214cd964c6,4/8(Œ) 20:25
piaeigat,‚Ò‚ ,‘¬36km~reGretGirl‚ª‹£‰‰@ƒc[ƒ}ƒ“ƒCƒxƒ“ƒgwFREAKY & GROOVY vol.4xŠJÃŒˆ’è,https://news.yahoo.co.jp/articles/d31bb97c6956bf9fbe2903179720b6824bb4de9d,4/8(Œ) 20:02
piaeigat,‚Ò‚ ,DENIMSåÃwODD SAFARI vol.6x‘æ3’eo‰‰ƒA[ƒeƒBƒXƒg”­•\@ƒI[ƒvƒjƒ“ƒOƒAƒNƒg‚ÌŒö•å‚àŒˆ’è,https://news.yahoo.co.jp/articles/ec39601cb4e293c6e9eb22b0ad4ecea73a805789,4/8(Œ) 20:01
piaeigat,‚Ò‚ ,‚ä‚¸A¹’nE‰¡•lBUNTAI‚±‚¯‚ç—‚Æ‚µŒö‰‰ƒIƒtƒBƒVƒƒƒ‹ƒŒƒ|[ƒg,https://news.yahoo.co.jp/articles/9af6d837ea3d26e9fa60080233de9b9082ca6ae0,4/8(Œ) 18:24
piaeigat,‚Ò‚ ,uPFF ƒAƒ[ƒh 2024v‰•å”‚ª17”N‚Ô‚è‚É–ñ700–{‚É@á”N‘w‚Ì‰•å‚ª”{‘,https://news.yahoo.co.jp/articles/a33a785b445a3be34dceb626b73353f47be29ab7,4/8(Œ) 18:05
piaeigat,‚Ò‚ ,ˆÉ–ì”öŒd‚ª‰‚Ìƒ~ƒ…[ƒWƒJƒ‹o‰‰‚É’§‚Şwƒnƒlƒ€[ƒ“EƒCƒ“EƒxƒKƒXx–¾“úŠJ–‹,https://news.yahoo.co.jp/articles/314174db6621031f4e46694aa8cf22f903fc29b1,4/8(Œ) 17:03
piaeigat,‚Ò‚ ,V‘—§Œ€êƒtƒ‹ƒI[ƒfƒBƒVƒ‡ƒ“Šé‰æ‘æ7’ewÁ‚¦‚Ä‚¢‚­‚È‚ç’©x‘SƒLƒƒƒXƒgŒˆ’è,https://news.yahoo.co.jp/articles/e5f6e9f9a49c76c0a2f574bcb34c1d982047e599,4/8(Œ) 17:03
piaeigat,‚Ò‚ ,wƒA[ƒXƒfƒC“Œ‹2024@‘ãX–ØŒö‰€x‚Éˆä‰YVAÂ“c–ƒ—¢q‚ç‚ª“o’d,https://news.yahoo.co.jp/articles/cdb045c3707ca095d9ed7a47cfb5f6184cd52ef5,4/8(Œ) 15:49
piaeigat,‚Ò‚ ,Œ€’cONEOR8Vì•‘‘äw‚©‚ê‚±‚êA‚±‚ê‚©‚çxã‰‰Œˆ’è,https://news.yahoo.co.jp/articles/2c9a03192075b4386ef1ad00892fbc873e6296be,4/8(Œ) 14:44
piaeigat,‚Ò‚ ,‹­‚¢Iw•Ï‚È‰Æx‚ªV4@‰“oê‚Å‚ÍwƒI[ƒƒ“FƒUEƒtƒ@[ƒXƒgx‚ª8ˆÊ‚Éy‰f‰æ“®ˆõƒ‰ƒ“ƒLƒ“ƒOz,https://news.yahoo.co.jp/articles/2c3d74ac5cefa41462d255227a92f5e0e0712b6d,4/8(Œ) 13:55
piaeigat,‚Ò‚ ,’‹–é‚Æ‚à‚É‹‰ØŠç‡‚í‚¹I‰Ì•‘Šê‚Ì–£—Íˆì‚ê‚é‰Ì•‘ŠêÀulŒ‘å‰Ì•‘Šêvã‰‰’†,https://news.yahoo.co.jp/articles/bd2dbfba9fe70017dfb968405fd39618a40727ba,4/8(Œ) 13:11
piaeigat,‚Ò‚ ,àV“c‹óŠC—‚ªŒhˆ¤‚·‚éŒÃì–{•Ü‚Æ‹£‰‰@ƒc[ƒ}ƒ“ƒ‰ƒCƒuwè vol.1xƒIƒtƒBƒVƒƒƒ‹ƒŒƒ|[ƒg,https://news.yahoo.co.jp/articles/7af3bd286d8dd0db20f978f7e64c5ce7e1236770,4/8(Œ) 12:50
piaeigat,‚Ò‚ ,¬—Ñ‘”ü‚Ì‰ƒRƒ“ƒT[ƒgAWOWOW‚Å8Œ‚É•ú‘—E”zMŒˆ’è@ˆ¢•”ƒTƒ_ƒ’“oê‚Åƒfƒ…ƒGƒbƒg‚à”â˜I,https://news.yahoo.co.jp/articles/c6ccc2911f5c90d7506a57c963521237da020c49,4/8(Œ) 12:44
piaeigat,‚Ò‚ ,ƒNƒWƒ‰–é‚ÌŠXA‰‚Ìƒz[ƒ‹ƒƒ“ƒ}ƒ“ŠJÃ•ƒƒWƒƒ[2nd EP”­”„Œˆ’è,https://news.yahoo.co.jp/articles/542f218da824a33fb7dc1b066041aba6f5a32c69,4/8(Œ) 12:30
piaeigat,‚Ò‚ ,Mega ShinnosukeA‰‚ÌZepp’P“ÆŒö‰‰‚ğŠÜ‚Şƒƒ“ƒ}ƒ“ƒcƒA[ŠJÃŒˆ’è,https://news.yahoo.co.jp/articles/d61ef15c98dcda3423e23dcdf2c7bb0b91c2810f,4/8(Œ) 12:23
piaeigat,‚Ò‚ ,‹SËƒtƒBƒŠƒbƒvEƒŠƒhƒŠ[‚ÌˆêlÅ‹‚É‰i“c’l‚ª’§‚Şwƒ|ƒ‹ƒ^[ƒKƒCƒXƒgx“ú–{‰ã‰‰,https://news.yahoo.co.jp/articles/159bb4bb0307541d561353a48b8aa470f5f522ee,4/8(Œ) 12:14
piaeigat,‚Ò‚ ,w‚ ‚Ü‚ë‚Á‚­x•ƒE’ß•r‚ª20Î‚Ì”ü—‚ÆÄ¥!?@–ºE]Œû‚Ì‚è‚±‚Íccy‚¨‚Æ‚È‚Ì‰f‰æƒKƒCƒhz,https://news.yahoo.co.jp/articles/5f8988040cef46eb343ca2c5ae16c7a9126d78c8,4/8(Œ) 12:05
piaeigat,‚Ò‚ ,ƒAƒCƒiEƒWEƒGƒ“ƒhA“Œ‹QQQA¬—Ñ•j‚ç‚ªo‰‰w•sv‹c‚Èˆ¤‚È•x’Ã–¦xŠJÃ,https://news.yahoo.co.jp/articles/38a7a3567872bc081f666c96040b0e312a9d5e78,4/8(Œ) 12:03
piaeigat,‚Ò‚ ,“¡Šª—º‘¾‚ªƒ}ƒ“ƒXƒŠ[ƒc[ƒ}ƒ“Šé‰æ‚ğŠJÃ@chayAReiAŒã“¡³•¶‚ªƒQƒXƒgo‰‰,https://news.yahoo.co.jp/articles/6374d9effd87cc1d362bf98c91644640e52e12c1,4/8(Œ) 11:55
piaeigat,‚Ò‚ ,w‘–“DĞÄl@‘O‰q“©Œ|‚ª¶‚Ü‚ê‚½‘ãx‹e’rŠ°À‹L”O ’q”üpŠÙ‚Å@íŒã“ú–{‚Ì“©Œ|‚ğŒ¡ˆø‚µ‚½“©Œ|‰ÆW’c‚ÌŠˆ“®‚ğŒŸØ,https://news.yahoo.co.jp/articles/e1afdd77200b1063946c59604ae6577363390319,4/8(Œ) 11:32
piaeigat,‚Ò‚ ,WANIMAåÃ‚Ì‰¹ŠyƒtƒFƒXw1CHANCE FESTIVALx¡”N‚àŠJÃŒˆ’è,https://news.yahoo.co.jp/articles/a79d13a9ef0737a0b55bef72d18d241746f51bed,4/8(Œ) 11:30
piaeigat,‚Ò‚ ,‚ä‚¸AV‹È•ƒjƒ…[ƒAƒ‹ƒoƒ€”­”„Œˆ’è@‘S30Œö‰‰‚Ì‘å‹K–ÍƒAƒŠ[ƒiƒcƒA[‚àŠJÃ,https://news.yahoo.co.jp/articles/a567895dd88748e509b6b9b0adb0582510555bdb,4/8(Œ) 11:20
piaeigat,‚Ò‚ ,‚±‚Ü‚ÂÀ‰ã‰‰w–²‚ÌŸ£xŠJ–‹@•‘‘äÊ^•‰‰oEŒIR–¯–çAƒ‰ƒT[ƒ‹Îˆä‚çƒRƒƒ“ƒgŒöŠJ,https://news.yahoo.co.jp/articles/c952ab268d2fee09d6ca1fdf58631ef5a749c647,4/8(Œ) 11:11
piaeigat,‚Ò‚ ,–Ø‘ºƒJƒGƒ‰Aƒfƒrƒ…[20ü”N‚ğ‹L”O‚µ12”N‚Ô‚è‚Ì“ú–{•“¹ŠÙƒƒ“ƒ}ƒ“‚ğŠJÃ,https://news.yahoo.co.jp/articles/d75234dd206c8d845c5fc57448679a611de1ea82,4/8(Œ) 11:10
piaeigat,‚Ò‚ ,ƒŠƒ…ƒbƒNEƒxƒbƒ\ƒ“‚Ìwƒhƒ‰ƒLƒ…ƒ‰xAå—vƒLƒƒƒXƒg‚ªŒˆ’è,https://news.yahoo.co.jp/articles/b66a0f95ce795cd9a07edb890f493c84be643a91,4/8(Œ) 11:02
piaeigat,‚Ò‚ ,Œ€’cl‹GÅVƒ~ƒ…[ƒWƒJƒ‹wƒS[ƒXƒg&ƒŒƒfƒBxŒmŒÃ’†IŒöŠJŒmŒÃ•æŞ‰ïƒŒƒ|[ƒg,https://news.yahoo.co.jp/articles/0c4229cc3b11a02949cffb98b0c3bb618395ea58,4/8(Œ) 11:02
piaeigat,‚Ò‚ ,HYAŒ‹¬25ü”NƒxƒXƒgƒAƒ‹ƒoƒ€wLOVE STORY `HY BEST`x”­”„Œˆ’è@JOYSOUND‚Æ‚ÌƒRƒ‰ƒ{ƒLƒƒƒ“ƒy[ƒ“‚à,https://news.yahoo.co.jp/articles/0b229fa1c6b5a44727fd36b9dad069f3732d2c46,4/8(Œ) 11:00
piaeigat,‚Ò‚ ,²“¡Š°‘¾‚ª‰f‰æw•s€gƒ‰ƒ”ƒ@[ƒYx‚Å5–ğ‚ğ‰‰‚¶•ª‚¯‚é@‘å—±‚Ì—Ü‚ğ—¬‚·ê–ÊÊ^ŒöŠJ,https://news.yahoo.co.jp/articles/dd7708d587070967131ed8b78c93d521fae909b1,4/8(Œ) 9:00
piaeigat,‚Ò‚ ,w“¦‘–’† THE MOVIExJO1ì¼E–Ø‘SE‹àéAFANTASTICS²“¡E’†“‡E£Œû‚ªƒƒCƒ“ƒLƒƒƒXƒg‚Æ‚µ‚Äo‰‰,https://news.yahoo.co.jp/articles/53232a20a39cb1c0bfbab6414b3ff558f5157fe2,4/7(“ú) 21:02
piaeigat,‚Ò‚ ,ƒ~ƒ…[ƒWƒJƒ‹wVIOLETx‘Ò–]‚ÌÄ‰‰A–{“úŠJ–‹I,https://news.yahoo.co.jp/articles/4583fbe013f6ea99d973df9414375889bbebb26a,4/7(“ú) 8:03
piaeigat,‚Ò‚ ,Œ´“cáÁl~X’B–çwƒIƒbƒyƒ“ƒnƒCƒ}[x‚Ì–£—Í‚ğŒê‚é[[–{“–‚ÉL“‡E’·è‚ÌSó‚Í •`‚©‚ê‚Ä‚¢‚È‚¢‚Ì‚©H,https://news.yahoo.co.jp/articles/cc710f208c36a9b7bdde6484b912ded6fb2cfaca,4/6(“y) 20:04
piaeigat,‚Ò‚ ,sìš£\˜Ywš£‹eÕŒÜŒ‘å‰Ì•‘Šêx‚ÅP–¼Œã‰‚Ì’·•º‰q–ğ@–S‚«•ƒE\“ñ¢š£\˜Y‚©‚çÅŒã‚É‹³‚í‚Á‚½–ğ,https://news.yahoo.co.jp/articles/7fab1a75fc224a2371bdf9c14d604acdb263cca8,4/6(“y) 19:45
piaeigat,‚Ò‚ ,wƒJƒ‰ƒJƒ‰“V‹C‚ÆŒÜl‚Ìamx“Œ‹Œö‰‰‚ªŠJ–‹@’ç^ˆê•a’[~•½ƒRƒƒ“ƒg“’…,https://news.yahoo.co.jp/articles/840009b26cdea458ee47dc6ad9886ab1ccb8d0cc,4/6(“y) 19:30
piaeigat,‚Ò‚ ,åÃƒCƒxƒ“ƒgu¬—Ñ„‚ÌŒÜ“úŠÔvvol.3wâ‘Î’†~‚É‚È‚éƒ‰ƒCƒuxAvol.4w¬—Ñ„‚Æ‚¨‚Ü‚¢‚çxŠJÃŒˆ’è,https://news.yahoo.co.jp/articles/15c58fd31bd782c548d00ab4325c7510fd2c5f80,4/6(“y) 19:02
piaeigat,‚Ò‚ ,™–{‹±ˆêAŠÒ—ï‚Ìí¯‚ğƒuƒ`‰ó‚·ƒpƒ[‘SŠJ•‹ÉÊF‚Ìƒ‰ƒCƒuwKYO1KYO60xƒIƒtƒBƒVƒƒƒ‹ƒŒƒ|[ƒg,https://news.yahoo.co.jp/articles/de4e92d44ca97bcb727bdc1b6205f3f604c19972,4/6(“y) 15:09
piaeigat,‚Ò‚ ,‹g“c‘ñ˜YAƒxƒXƒgƒAƒ‹ƒoƒ€wAnother Side Of Takuro 25x6ŒƒŠƒŠ[ƒX@û˜^‹È•ƒWƒƒƒPƒbƒgŒöŠJ,https://news.yahoo.co.jp/articles/63ff09339fca5f40f8f37af0e14ac4e4b0eb4d19,4/6(“y) 14:34
piaeigat,‚Ò‚ ,‰¹ŠyŒ´ìƒvƒƒWƒFƒNƒgwƒAƒIƒyƒ‰ -aoppella!?-x•‘‘ä‰»Œˆ’è@ƒeƒBƒU[ƒrƒWƒ…ƒAƒ‹•ƒeƒBƒU[PVŒöŠJ,https://news.yahoo.co.jp/articles/86af3fbf492784c06bbf872c439763a05a11e794,4/6(“y) 14:30
piaeigat,‚Ò‚ ,wPURE ROCK JAPAN LIVE 2024xŠJÃŒˆ’è@25ü”N‹L”O‚ÅGALNERYUSASEX MACHINEGUNS‚ç4‘g‚ª‹£‰‰,https://news.yahoo.co.jp/articles/ab19c9d67e626dbfa3af800ff7d938576ab3dfb9,4/6(“y) 13:03
piaeigat,‚Ò‚ ,w\O‘ã–Ú sìš£\˜Y”’‰P–¼”â˜I„‹Æx‘S‘18ƒJŠ23Œö‰‰ŠJÃ,https://news.yahoo.co.jp/articles/d0316a5b4339e4acf985e95140b4e82d86b287a1,4/6(“y) 12:47
piaeigat,‚Ò‚ ,wl‘‚±‚ñ‚Ò‚ç‰Ì•‘Šê‘åÅ‹x¶”zMŒˆ’è@¼–{Kl˜Y‚ª•‘‘ä— ‚ğˆÄ“à‚·‚é“Á•ñ‰f‘œ•t‚«,https://news.yahoo.co.jp/articles/6fec0fa1deed30c9218b9d0b7ac444f65cb7867a,4/6(“y) 12:29
piaeigat,‚Ò‚ ,u‘æ8‰ñ‰¡•lƒgƒŠƒGƒ“ƒi[ƒŒv“W¦‚Ì–Í—l‚ğƒŒƒ|[ƒg@ƒA[ƒeƒBƒXƒg‚Ì‘½—l‚È‹“_‚©‚çA¶‚«‚Ã‚ç‚¢Œ»‘ã‚ğ¶‚«”²‚­•û–@‚ğ’T‚é,https://news.yahoo.co.jp/articles/6f632441d2aa69cc3cc83c7344b64781d3e022a6,4/6(“y) 12:06
piaeigat,‚Ò‚ ,wƒIƒbƒyƒ“ƒnƒCƒ}[x3ƒtƒH[ƒ}ƒbƒg§”eƒoƒXƒcƒA[ŠJÃŒˆ’è@ˆê“ú‚ÅIMAXADolby CinemaA35mm”Å‚ğ–Ô—…,https://news.yahoo.co.jp/articles/b249f51074f390b34c9ce975b6ebd9fb3014bc83,4/6(“y) 12:02
piaeigat,‚Ò‚ ,ƒAƒ“ƒZƒ‹EƒGƒ‹ƒS[ƒg•“n•ÓŒªAwTOKYO VICE Season2x‚Íu‰‰‚¶‚Ä‚¢‚é–l‚ç‚ª‹r–{‚ğ“Ç‚ñ‚Å‹Á‚¢‚½v,https://news.yahoo.co.jp/articles/121509f73b1c415de0a7df26f1133b7371fa3d1e,4/6(“y) 12:00
piaeigat,‚Ò‚ ,wGIRLFRIENDx‚Å‰‹¤‰‰‚ÌˆäàVI–ƒ‚Æ–ØŒ´—Ú¶A u“ñlƒ~ƒ…[ƒWƒJƒ‹v‚ÉŒü‚¯‚ÄƒRƒ“ƒrƒl[ƒVƒ‡ƒ“—ÇDI,https://news.yahoo.co.jp/articles/e4453ad0a9e46574b7236d5c74107d2d27c1d663,4/6(“y) 11:01
piaeigat,‚Ò‚ ,‰Á“¡˜a÷~¬–ì‘å•ã‚ªƒ‹[ƒc‚ğ’H‚éƒRƒ“ƒT[ƒgwTHE Roots2024xŠJÃŒˆ’è,https://news.yahoo.co.jp/articles/43f1535de7a4b106dc789269ca49495c7b78c9fe,4/6(“y) 7:03
piaeigat,‚Ò‚ ,ƒ~ƒ…[ƒWƒJƒ‹wSIXx“ú–{‰‰‰‚ªŒˆ’è@¢ŠE‚Å35‚ÌÜ‚ğóÜ‚µ‚½˜b‘èì,https://news.yahoo.co.jp/articles/15986fa361580b8a6bf75aa09dd3e67c45df27b7,4/6(“y) 0:00
piaeigat,‚Ò‚ ,ƒUEƒVƒXƒ^[ƒYƒnƒCAVìEPw’´ËŠJTwink‚éxƒŠƒŠ[ƒX‘S‘ƒcƒA[‚ÌƒQƒXƒg”­•\,https://news.yahoo.co.jp/articles/62cb5806e54a45ea93af1c397afcc8872086357b,4/5(‹à) 20:04
piaeigat,‚Ò‚ ,ƒhƒ‰ƒ}[’†”¨‘å÷A©g‚ª’@‚­syrup16gAtacicaAperidots‚Æj‚¤w’†”¨‘å÷50ÕxŠJÃ,https://news.yahoo.co.jp/articles/29e8ee9dfa05e05bcd4a1d4477773a7022163373,4/5(‹à) 19:01
piaeigat,‚Ò‚ ,indigo la EndAVƒVƒ“ƒOƒ‹uS•Ï‚í‚èv”zMƒŠƒŠ[ƒXŒˆ’è,https://news.yahoo.co.jp/articles/ade950ed034b0c06accc2db11e172f02a7010f77,4/5(‹à) 19:01
piaeigat,‚Ò‚ ,²“¡—²‘¾‚ç‚ª‘Pˆ«‚Ì’è‹`‚ğ–â‚¤wGOODx‚¢‚æ‚¢‚æŠJ–‹@ƒLƒƒƒXƒgƒRƒƒ“ƒg••‘‘äÊ^‚ª“’…,https://news.yahoo.co.jp/articles/01804b16cd109012d5d7560801f4b8690703c897,4/5(‹à) 18:15
piaeigat,‚Ò‚ ,“Á•Ê‹»s‚ğ’èÈ‚Ås‚¤ƒAƒCƒfƒA‚ª˜b‘è@ã–ì—é–{u¬–‚ñ‚Æ¬’©‚Ì‚½‚Á‚Õ‚èŠñÈv,https://news.yahoo.co.jp/articles/f08151621b17c03c028c8ce7c8be27684448444f,4/5(‹à) 18:05
piaeigat,‚Ò‚ ,¼‰ª[A’C–¤—Y‘åA„—ÍÊ‰è‚ço‰‰@`Œš“úq‚É‚æ‚é¬àwChange the Worldx•‘‘ä‰»Œˆ’è,https://news.yahoo.co.jp/articles/915e8b518ecc2056c3eb794bd0b1ea19eb24484b,4/5(‹à) 18:03
piaeigat,‚Ò‚ ,‰¹ŠyŒ€w‘ë—õ‘¾˜Y‚Ì—FlA‚Æ’ml‚Æ‚»‚Ì‘¼‚Ì”XxeqŠÏŒ€—D‘Òƒ`ƒPƒbƒg‚Ì”­”„‚ªƒXƒ^[ƒg,https://news.yahoo.co.jp/articles/71e49078869a7d005c748c276471fdac0b8f0b33,4/5(‹à) 18:02
piaeigat,‚Ò‚ ,TM NETWORK‚Ìƒfƒrƒ…[40ü”N‚ğ‹L”O‚µ‚½ƒgƒŠƒrƒ…[ƒgƒAƒ‹ƒoƒ€”­”„@”T–Øâ46ABfzA¼”C’J—RÀA–“‡‚Ğ‚©‚è‚ç‚ªQ‰Á,https://news.yahoo.co.jp/articles/821088fee00d377e616c00a9b188d929097ec378,4/5(‹à) 18:02
piaeigat,‚Ò‚ ,“Œ‹‰ŠúÕ“®AV‹Èu¸—ö‰ñ“]õivMV‚ğ¡–éƒvƒŒƒ~ƒAŒöŠJ@ŠÄ“Â‚Í‰Á“¡ƒ}ƒj,https://news.yahoo.co.jp/articles/6e4303edee22604d56438a3c80ecaace59f134af,4/5(‹à) 18:01
piaeigat,‚Ò‚ ,SOPHIAw‚à‚¤ˆê“xƒfƒrƒ…[x‚ğƒRƒ“ƒZƒvƒg‚É‚µ‚½30ü”NŠé‰æƒXƒ^[ƒg,https://news.yahoo.co.jp/articles/701f9a317dda05da2f7c1064910f30e64572fd13,4/5(‹à) 18:00
piaeigat,‚Ò‚ ,K-POPƒA[ƒeƒBƒXƒg‘WŒ‹wKCON JAPAN 2024x&TEAMAKep1erANiziU‚ç‚ªo‰‰,https://news.yahoo.co.jp/articles/9cec9389f4d124f31b7965dfbc0f615464e4f4d5,4/5(‹à) 17:31
piaeigat,‚Ò‚ ,wƒuƒ‰ƒ“ƒN[ƒV@–{¿‚ğÛ‚éxƒA[ƒeƒBƒ]ƒ“”üpŠÙ‚ÅŠJ–‹@ƒpƒŠ‚ÌƒAƒgƒŠƒG‚ğƒCƒ[ƒW‚µ‚½“W¦‹óŠÔ‚à,https://news.yahoo.co.jp/articles/d92ef9e9cfe0f389f34d44ca3a35ee36790a69c2,4/5(‹à) 17:01
piaeigat,‚Ò‚ ,wƒtƒWƒƒbƒN'24xèŒy‚ÉƒLƒƒƒ“ƒv‚ğŠy‚µ‚ß‚éVƒGƒŠƒA‚ª’a¶,https://news.yahoo.co.jp/articles/c0bb7ada9c4375e8c0b687e1daa7b12ce6c050bf,4/5(‹à) 14:51
piaeigat,‚Ò‚ ,w‚«‚Ü‚®‚êƒIƒŒƒ“ƒW™ƒ[ƒh 40ü”N‹L”O“Wx“Œ‹‚Æ‘åã‚ÅŠJÃŒˆ’è,https://news.yahoo.co.jp/articles/2e23f3ae838bd7339293b5a3af05b37439c6eb67,4/5(‹à) 14:15
piaeigat,‚Ò‚ ,NEWSA–ìŠOƒ‰ƒCƒuƒCƒxƒ“ƒgwMETROCK2024x‘åã‰ïê‚Éo‰‰Œˆ’è,https://news.yahoo.co.jp/articles/a02558cebba4f8ec3aaba330c10822e383cb5c16,4/5(‹à) 12:45
piaeigat,‚Ò‚ ,u–ì“‡–«ƒƒ‚ƒŠƒAƒ‹EƒRƒ“ƒT[ƒgv‰¡{‰ê‚ª¶‚ñ‚¾ˆÌ‘å‚ÈË”\‚ÉŒhˆÓ‚ğ•\‚·‚é2“úŠÔ,https://news.yahoo.co.jp/articles/80bc5f0ab65c2ded6a75ecd1c18a0258896212b4,4/5(‹à) 12:06
piaeigat,‚Ò‚ ,“ñlÅ‹wƒ{ƒN‚ÌŒŠA”Ş‚ÌŒŠBWxã‰‰Œˆ’è@ˆä”V˜eŠCAãìüìAŒE’Ëˆ¤—¬AÂŒ´—IL‚ªo‰‰,https://news.yahoo.co.jp/articles/38a19d2a3d8c13de9ee9af80ba00a14e41d43182,4/5(‹à) 12:05
piaeigat,‚Ò‚ ,ƒpƒŠŒÜ—ÖÅI—\‘I‚Ö’§‚Ş23–¼‚ªŒˆ’èI@‘åŠâŠÄ“Âuƒuƒ‰‚³‚¸—h‚é‚ª‚¸ˆêíˆêív,https://news.yahoo.co.jp/articles/7538a53d9f64f78e1b61a4ea10e5519590d829ad,4/5(‹à) 12:02
piaeigat,‚Ò‚ ,‹¤‰‰Ò‚àâ^wƒAƒCƒAƒ“ƒNƒ[xƒŠƒŠ[EƒWƒF[ƒ€ƒY“Á•Ê‰f‘œŒöŠJ,https://news.yahoo.co.jp/articles/753025f9c8bf97294087d8fa6e3f8682d92510ce,4/5(‹à) 12:01
piaeigat,‚Ò‚ ,Rí•Œ«lå‰‰w‰A—zt0xƒWƒƒƒpƒ“ƒvƒŒƒ~ƒAŠJÃ@BUMP OF CHICKEN‚©‚çƒƒbƒZ[ƒW‚à,https://news.yahoo.co.jp/articles/d5ae8a50b733d913195215afff7e189a3daa902f,4/5(‹à) 11:55
piaeigat,‚Ò‚ ,ƒ‹ƒJEƒOƒ@ƒ_ƒj[ƒm‚ÌŸ‰ñì‚ÉƒŒƒAEƒZƒhƒD‚ªo‰‰,https://news.yahoo.co.jp/articles/e4f4c89ed3b8173ace46d4ff030d34b163f77997,4/5(‹à) 11:50
piaeigat,‚Ò‚ ,wÂRŒå@hJ­”NƒtƒH[ƒGƒo[x–Ú•‹æ”üpŠÙ‚Å@–Ú•‹æogEİZ‚ÌŒ»‘ã”üp‰Æ‚É‚æ‚é”üpŠÙ‰ŒÂ“W,https://news.yahoo.co.jp/articles/645efed269b2154fd99fdbe63a1450da72a93c0d,4/5(‹à) 11:32
piaeigat,‚Ò‚ ,‰f‰æwƒ‰ƒXƒgƒ}ƒCƒ‹xˆ¢•”ƒTƒ_ƒ’‚çVƒLƒƒƒXƒg”­•\@wƒAƒ“ƒiƒ`ƒ…ƒ‰ƒ‹xwMIU404x‚ÌƒLƒƒƒ‰‚à“oê,https://news.yahoo.co.jp/articles/04ad444978658bbae7864e1d92b2dc75f5355ff5,4/5(‹à) 11:00
piaeigat,‚Ò‚ ,ƒCƒ“ƒXƒgƒoƒ“ƒhEYRIEAè’Ë¡’w‰Î‚Ì’¹xŒö®ƒAƒ‹ƒoƒ€‚ÅƒƒWƒƒ[ƒfƒrƒ…[,https://news.yahoo.co.jp/articles/a1b99d0c6a849050cd8527426fd04419bd0393ff,4/5(‹à) 10:01
piaeigat,‚Ò‚ ,‰f‰æwƒEƒBƒbƒVƒ…xgƒfƒBƒYƒj[jãÅ‹°‚Ìƒ”ƒBƒ‰ƒ“h‚Ì–£—Í‚ğŒê‚é‰f‘œ•–¢ŒöŠJƒV[ƒ“‚ªŒöŠJ,https://news.yahoo.co.jp/articles/8813e266cc6e99ba7d1661df7fffb2bca8b66721,4/5(‹à) 10:01
piaeigat,‚Ò‚ ,ƒAƒjƒwƒAƒXƒgƒƒmƒIƒgxBlu-rayBOX”­”„Œˆ’è@™“c’q˜a‚É‚æ‚é©‹s‚½‚Á‚Õ‚è‚ÈCM‰f‘œŒöŠJ,https://news.yahoo.co.jp/articles/c4a6220b1e6ff28fcfb9ebeec170292acdebdbb7,4/5(‹à) 10:00
piaeigat,‚Ò‚ ,TVƒVƒŠ[ƒYwƒEƒ‹ƒgƒ‰ƒ}ƒ“ƒA[ƒNx•ú‘—Œˆ’è@ƒgƒŒ[ƒ‰[‰f‘œŒöŠJ,https://news.yahoo.co.jp/articles/5d44ff3577f387893146a8fc4769770216af45ab,4/5(‹à) 7:06
piaeigat,‚Ò‚ ,á‘º–ƒ—R”üA‰ª–{Œ\lA‰ª–{Œ’ˆê‚ç‚ªo‰‰‚·‚éwLa Mre •êx–{“úŠJ–‹,https://news.yahoo.co.jp/articles/2374380202ff68182179cabd29ad36a2c2cd7a4f,4/5(‹à) 4:00
piaeigat,‚Ò‚ ,NIKO NIKO TAN TANAƒƒWƒƒ[ƒfƒrƒ…[‚ªŒˆ’è,https://news.yahoo.co.jp/articles/0d238e25bd5d0dc199cda9d902af7c110ac701cd,4/4(–Ø) 22:00
piaeigat,‚Ò‚ ,ƒTƒoƒVƒXƒ^[wŠoŒå‚ğŒˆ‚ß‚ëIƒcƒA[xƒJƒlƒˆƒŠƒ}ƒTƒ‹AFOMARE‚ç‘æ2’eƒQƒXƒg”­•\,https://news.yahoo.co.jp/articles/cc8d61da8d3122f67176fe3a676f24db636ebc77,4/4(–Ø) 20:02
piaeigat,‚Ò‚ ,^‰Ä‚ÌÕ“TƒtƒFƒXƒ^ƒTƒ}[ƒ~ƒ…[ƒU‚ª¡”N‚à7Œ––‚©‚ç,https://news.yahoo.co.jp/articles/81e13972a8ea328f784499bd5c3f9680b77ac88c,4/4(–Ø) 19:01
piaeigat,‚Ò‚ ,ŠCŠO‹Y‹ÈwULSTER AMERICANxã‰‰‚Ö@ƒnƒ‰ƒXƒƒ“ƒg‚Ì–{¿“I‚È–â‘è‚ğ‘i‚¦‚©‚¯‚éƒuƒ‰ƒbƒNƒRƒƒfƒB,https://news.yahoo.co.jp/articles/1da9679de43fa3396580e73398ac0ca2a884ca26,4/4(–Ø) 18:35
piaeigat,‚Ò‚ ,wƒƒ~ƒI+ƒWƒ…ƒŠƒGƒbƒgx‚Ü‚à‚È‚­ŠJ–‹ ƒzƒŠƒvƒƒOƒ‹[ƒv‰ï’· –x‹`‹M~ƒoƒŒƒGƒ_ƒ“ƒT[E”o—D ‹{”ör‘¾˜Y‚ªƒ}ƒVƒ…[Eƒ{[ƒ“ì•i‚Ì–£—Í‚É”—‚éI,https://news.yahoo.co.jp/articles/91a1a7ec0511ee45ccb9e2f18698ed1283687622,4/4(–Ø) 18:02
piaeigat,‚Ò‚ ,GLAYAƒfƒrƒ…[30ü”N‚ğ‹L”O‚µ‚½ƒ_ƒuƒ‹A–ÊƒVƒ“ƒOƒ‹wwhodunit/ƒVƒFƒAx”­”„Œˆ’è,https://news.yahoo.co.jp/articles/bc3895eb1fce0f6af46d1e818633b729f472d351,4/4(–Ø) 17:02
piaeigat,‚Ò‚ ,ŠØ‘‰f‰æwƒ}ƒCEƒXƒC[ƒgEƒnƒj[xƒ†EƒwƒWƒ“~ƒLƒ€Eƒqƒ\ƒ“‚Ì‰^–½“I‚Èo‰ï‚¢‚ğû‚ß‚½–{•Ò‰f‘œŒöŠJ,https://news.yahoo.co.jp/articles/fb404d10f9724c620a2d89578acdb0f861d8292c,4/4(–Ø) 17:02
piaeigat,‚Ò‚ ,ego apartmentA2”N‚Ô‚è‚Ìƒtƒ‹ƒAƒ‹ƒoƒ€wku ru ix”­”„•ƒŠƒŠ[ƒXƒp[ƒeƒB[ŠJÃŒˆ’è,https://news.yahoo.co.jp/articles/e9e52f229b6c00a320e3284bddaf6c6cf3ecaa1d,4/4(–Ø) 16:00
piaeigat,‚Ò‚ ,‰Á“¡˜a÷å‰‰w—‡‘«‚ÅU•àx2”N‚Ô‚è‚ÌÄ‰‰‚ªŒˆ’è,https://news.yahoo.co.jp/articles/87e1a8543119fbffe77ab76854107c404da72063,4/4(–Ø) 13:50
piaeigat,‚Ò‚ ,wƒSƒWƒ‰xƒRƒ“ƒO V‚½‚È‚é’é‘x”öã¼–çA‹{–ì^ç‚ç“ú–{Œê‘Ö”ÅƒLƒƒƒXƒg”­•\,https://news.yahoo.co.jp/articles/eabf1def18acd5501a17019ee06e9b99d948bb51,4/4(–Ø) 13:40
piaeigat,‚Ò‚ ,Snow Manƒ‰ƒE[ƒ‹‚ÌƒAƒNƒVƒ‡ƒ“ƒV[ƒ“‚àI ‰f‰æwÔ‰Hœq‚Ìƒ{ƒfƒBƒK[ƒhxŒ€ê—p–‹ŠÔ‰f‘œ•ƒRƒƒ“ƒg‰f‘œŒöŠJ,https://news.yahoo.co.jp/articles/ff3281ff9610ae7ce9873c1dd81398661befa5fe,4/4(–Ø) 12:07
piaeigat,‚Ò‚ ,‚—ÇŒ’Œáå‰‰‚Ì–â‘èì‚ğŠØ‘‚ÅƒŠƒƒCƒNI@wƒAƒ“ƒ_[Eƒ†ƒAEƒxƒbƒhx–{—\•ƒ|ƒXƒ^[‚ª‰ğ‹Ö,https://news.yahoo.co.jp/articles/912f8bade5f447c61fe7a2004fee6f4edef77c98,4/4(–Ø) 12:04
piaeigat,‚Ò‚ ,“ú–{‚Ì“`“•¶‰»‚ğ‘ÌŒ±‚Å‚«‚éu‹‡˜ in NAGOYAv‚ªŠJÃ’†,https://news.yahoo.co.jp/articles/dfb938945ab7176c075b97742b75139d4c2b4dfa,4/4(–Ø) 12:01
piaeigat,‚Ò‚ ,wƒ}ƒgƒŠƒbƒNƒXxVìŠé‰æ‚ªis’†,https://news.yahoo.co.jp/articles/a053183dfb4301ceb9669abdc0b58fc37130c9fa,4/4(–Ø) 11:32
piaeigat,‚Ò‚ ,w–¯åY MINGEI\”ü‚Í•é‚ç‚µ‚Ì‚È‚©‚É‚ ‚éx4Œ24“ú‚©‚ç@uˆßEHEZv‚Å—p‚¢‚ç‚ê‚Ä‚«‚½”ü‚µ‚¢–¯åY–ñ150Œ‚ğ“W¦,https://news.yahoo.co.jp/articles/6bf6e9c6aef1d0bf2db48849c65e8265265019c1,4/4(–Ø) 11:30
piaeigat,‚Ò‚ ,ƒiƒCƒƒ“100‚ÌVìŒö‰‰w]ŒË‘ã‚Ìv‚¢oxV‚½‚É‰œØŒb‚Ìo‰‰‚ªŒˆ’è,https://news.yahoo.co.jp/articles/585d5fdf0a2270408faabcc9268d36d608e6c7cc,4/4(–Ø) 10:35
piaeigat,‚Ò‚ ,ƒXƒ^ƒjƒXƒ‰ƒtEƒu[ƒjƒ“u‘S‘ƒcƒA[2024]2025v‚ªŠJÃŒˆ’è,https://news.yahoo.co.jp/articles/ef633d80bb1212ad416e9bce624a7d9d58a8df44,4/4(–Ø) 10:00
piaeigat,‚Ò‚ ,VŠ_Œ‹ˆßå‰‰wˆá‘“ú‹Lx–{ƒrƒWƒ…ƒAƒ‹•–{—\ŒöŠJ@ƒCƒ“ƒXƒpƒCƒAƒ\ƒ“ƒO‚à‰”â˜I,https://news.yahoo.co.jp/articles/7ac5eafc058bc87d9bdeb98b4df91f6184f21e1d,4/4(–Ø) 8:01
piaeigat,‚Ò‚ ,‰f‰æw‰A—zt0x•ûŒb”ü‚ªƒiƒŒ[ƒVƒ‡ƒ“‚ğ–±‚ß‚é“Á•ÊPVuôpÅ‹­•ÒvŒöŠJ,https://news.yahoo.co.jp/articles/669995de8df4bf07c6cfb512630af9aa134a4dff,4/4(–Ø) 7:03
piaeigat,‚Ò‚ ,‚È‚É‚í’jqE‘å¼—¬¯‚ª‰f‰æ‰å‰‰I w—ö‚ğ’m‚ç‚È‚¢–l‚½‚¿‚ÍxŒöŠJŒˆ’è,https://news.yahoo.co.jp/articles/70f3182dfad5e8b1a8246f27ac46d53573879f15,4/4(–Ø) 7:03
piaeigat,‚Ò‚ ,MARVEL~MAZZEL‚É‚æ‚é¤•i‰»ƒvƒƒWƒFƒNƒg‚ªn“®@ƒƒS•ƒAƒCƒRƒ“AƒeƒBƒU[‰f‘œ‚ªŒöŠJ,https://news.yahoo.co.jp/articles/e844f34daf3e76d36056cc37476893d2cd9c194a,4/4(–Ø) 4:00
piaeigat,‚Ò‚ ,Saucy DogAƒAƒjƒw‰G‚Íå‚ğ‘I‚Î‚È‚¢xOPƒe[ƒ}upoivMVƒvƒŒƒ~ƒAŒöŠJŒˆ’è,https://news.yahoo.co.jp/articles/7dc75e67e79feb3bdc96e85bdf0241090e91435f,4/3(…) 22:00
piaeigat,‚Ò‚ ,indigo la EndA‰‚Ì‰¡•lƒAƒŠ[ƒi’P“ÆŒö‰‰wƒgƒEƒ„ƒmƒ}ƒWƒbƒN vol.1xŠJÃŒˆ’è,https://news.yahoo.co.jp/articles/03f25988dcd3dbf80869f20621227d1b287ddac7,4/3(…) 22:00
piaeigat,‚Ò‚ ,‚³‚Æ‚¤‚à‚©~kiwano‚É‚æ‚éƒ†ƒjƒbƒggmoka & canonh‚ª–{ŠiÄn“®@V‹È”zM•ƒŠƒŠ[ƒX‹L”OƒCƒxƒ“ƒgŠJÃŒˆ’è,https://news.yahoo.co.jp/articles/7fe09cd91e85ed42e8d9839a4845200c4977157c,4/3(…) 20:03
piaeigat,‚Ò‚ ,wSATANIC CARNIVAL 2024xÅI”­•\‚ÅBRAHMAN‚ç7‘g‚ª’Ç‰Á,https://news.yahoo.co.jp/articles/e629682cf331ac10322acbcbbd4d836fdc6a6ca8,4/3(…) 19:03
piaeigat,‚Ò‚ ,’†“ˆƒCƒbƒLƒ…ƒE~R–{Š²@‚É‚æ‚éDäA2ndƒ~ƒjƒAƒ‹ƒoƒ€wMitaikenx”­”„Œˆ’è,https://news.yahoo.co.jp/articles/565cafbea3fd1627b963009194eb2c3b11352a32,4/3(…) 19:01
piaeigat,‚Ò‚ ,D–y‚ÌƒT[ƒLƒbƒgƒCƒxƒ“ƒgwIMPACT!xÅI”­•\‚ÅBiS‚Ìo‰‰‚ªŒˆ’è,https://news.yahoo.co.jp/articles/dee5f1532e88032bfb622528ce38e06aecade5f3,4/3(…) 19:00
piaeigat,‚Ò‚ ,KOTORIAƒjƒ…[ƒAƒ‹ƒoƒ€‚Ì‘Sû˜^‹È•ƒWƒƒƒPƒbƒgŒöŠJ@V‹Èu“Œ‹væs”zM‚àŒˆ’è,https://news.yahoo.co.jp/articles/89fe3374df9908b3caf273ce05f2b3e2a30e2be0,4/3(…) 18:03
piaeigat,‚Ò‚ ,wŒ€ê”Å —D‚µ‚¢ƒXƒsƒbƒc a secret session in ObihiroxƒpƒbƒP[ƒW”­”„‚ªŒˆ’è,https://news.yahoo.co.jp/articles/d4dd4ea0c46bacd96e9fdc3be19bf3d86549d9c9,4/3(…) 18:03
piaeigat,‚Ò‚ ,‰•‘‘äˆÈ—ˆ8”N‚Ô‚è‚Ì‘q—T‚Æ‚Ìƒ^ƒbƒO‚ÅA—ÑŒ­“s‚ª¡‚Ì©•ª‚Ì‚·‚×‚Ä‚ğ’‚¬‚ŞB,https://news.yahoo.co.jp/articles/c21b548042ddf36fed410a2a2379a1ac0c4698cc,4/3(…) 17:03
piaeigat,‚Ò‚ ,wTOKYOƒVƒeƒBƒ|ƒbƒv‰Ô‰Î2024x7Œ‚É“Œ‹‹£”nê‚ÅŠJÃ,https://news.yahoo.co.jp/articles/5219ab950ed5b6b7a5bd28b999fe1c00f36146e6,4/3(…) 17:01
piaeigat,‚Ò‚ ,ApesAƒƒWƒƒ[1st EPwWANDERSx”­”„Œˆ’è@V‹È—¬‚ê‚éƒeƒBƒU[‰f‘œŒöŠJ,https://news.yahoo.co.jp/articles/79b2e6d71a2308f3e8e4a203af4551d9ba84be2a,4/3(…) 16:15
piaeigat,‚Ò‚ ,wƒuƒ‹[ƒsƒŠƒIƒhxáÁ‰h“c‹½“Ö~‚‹´•¶Æ~”ÂŠ_—›Œõl~÷“c‚Ğ‚æ‚è‚ÅÀÊ‰f‰æ‰»Œˆ’è,https://news.yahoo.co.jp/articles/70062114b850b90dbbca228206ae6dc77a26c91a,4/3(…) 12:20
piaeigat,‚Ò‚ ,TENDREA‰‚Ì‘Îƒoƒ“ƒcƒA[ƒQƒXƒg‚ªKroiARyohu‚ÉŒˆ’è,https://news.yahoo.co.jp/articles/0ad2aa0e89f7e439eb315ef69657868a61661055,4/3(…) 12:06
piaeigat,‚Ò‚ ,The BirthdayAV‹ÈuI SAW THE LIGHTvMVŒöŠJ@ƒNƒnƒ‰Eƒqƒ‰ƒCEƒtƒWƒC‚ªwƒAƒ‰ƒoƒLx‰“ú‚ÉƒQƒXƒgo‰‰,https://news.yahoo.co.jp/articles/c2cca1b88aa837fd28b4202ea97813ba60559cba,4/3(…) 12:06
piaeigat,‚Ò‚ ,‰f‰æwƒWƒ‡[ƒJ[xƒVƒŠ[ƒYÅVì‚Ì“ú–{ŒöŠJ‚ªŒˆ’è@ƒzƒAƒLƒ“EƒtƒFƒjƒbƒNƒX~ƒŒƒfƒB[EƒKƒK‚ª‹¤‰‰,https://news.yahoo.co.jp/articles/868b8b037bc26aa0ee8dd5d6d1780186491b74df,4/3(…) 12:02
piaeigat,‚Ò‚ ,PSYCHIC FEVER‚ª¡ƒAƒc‚¢——Ru©•ª‚½‚¿‚à‘z‘œ‚µ‚Ä‚¢‚È‚©‚Á‚½ƒWƒƒƒ“ƒ‹‚É’§í‚Å‚«‚Ä‚¢‚év,https://news.yahoo.co.jp/articles/bca9ef17aed1f044df1fd2f254e26d2a9554ee4f,4/3(…) 12:02
piaeigat,‚Ò‚ ,¼–{Kl˜Yu–@‘R‚Ì‹³‚¦‚Í‘f’¼‚Éó‚¯~‚ß‚ç‚ê‚év@“Á•Ê“Ww–@‘R‚Æ‹ÉŠyò“yx‚Ì‰¹ºƒKƒCƒh‚ÅsìõŒÜ˜Y‚Æeq‹¤‰‰,https://news.yahoo.co.jp/articles/0ca1c90aa3bfc833754b25bedc2396f097272ea1,4/3(…) 12:02
piaeigat,‚Ò‚ ,•‘‘ä‚È‚ç‚Å‚Í‚Ì‘½Ê‚È•\Œ»‚ÉS’D‚í‚ê‚éA‰Ôã`‚Ü‚èE’JŒ´Í‰îo‰‰w‹âs‹­“‚É‚ ‚Á‚ÄÈ‚ªk‚ñ‚Å‚µ‚Ü‚Á‚½–Œx,https://news.yahoo.co.jp/articles/b61109cf094aa1859f628a056014e62904af97ad,4/3(…) 12:01
piaeigat,‚Ò‚ ,BREIMENAƒƒWƒƒ[1stƒAƒ‹ƒoƒ€wAVEANTINx‘S‹ÈƒgƒŒ[ƒ‰[‰f‘œ‚Íƒoƒ‰ƒGƒeƒB‚ ‚Ó‚ê‚é“à—e‚É,https://news.yahoo.co.jp/articles/8b09fc832b729f1d8c3a7c542da5245ae603b71b,4/3(…) 11:40
piaeigat,‚Ò‚ ,‰f‰æwŒN‚½‚¿‚Í‚Ç‚¤¶‚«‚é‚©x‚Ìƒ][ƒ“‚à“oê@4Œ12“ú‚æ‚èw‹à—jƒ[ƒhƒVƒ‡[‚ÆƒWƒuƒŠ“Wx‹“s“WŠJÃ,https://news.yahoo.co.jp/articles/e26794285562380ec20bba47dfeb0487aadd5486,4/3(…) 11:31
piaeigat,‚Ò‚ ,Saucy Dog‚ª”OŠè‚Ì‘S‘ƒAƒŠ[ƒiƒcƒA[Š®‘–@ÅIŒö‰‰‚ÌƒIƒtƒBƒVƒƒƒ‹ƒŒƒ|[ƒg‚ª“’…,https://news.yahoo.co.jp/articles/414490ffc6f72a305547e5e167a61ce018886052,4/3(…) 11:15
piaeigat,‚Ò‚ ,”o—DƒWƒ‡[Eƒtƒ‰ƒnƒeƒB‚ª€‹,https://news.yahoo.co.jp/articles/bc91def6fdf1a62bc488d91d20a171719d987bfe,4/3(…) 11:11
piaeigat,‚Ò‚ ,‰¬–ì–Ú—mqAuƒ_ƒ“ƒVƒ“ƒOEƒq[ƒ[vˆÈ—ˆ‚Ìƒ_ƒ“ƒXƒ`ƒ…[ƒ“uLetfs Shakev”zMƒŠƒŠ[ƒX•MVŒöŠJ,https://news.yahoo.co.jp/articles/3dca398f8d4af3cf188e631a5b11d02115f89bd4,4/3(…) 10:30
piaeigat,‚Ò‚ ,Ä“¡‘s”n•~”¦ˆ¤wƒAƒXƒgƒƒmƒIƒgxæsã‰f‰ï‚É“oê@ì•i‚Ì–£—Í‚â–ğì‚è‚ğŒê‚é,https://news.yahoo.co.jp/articles/f7d8c0a9e9f499c15ad607e413d6ae4f995398f4,4/3(…) 10:20
piaeigat,‚Ò‚ ,‰f‰æ‚Ìƒvƒ‚ª¡ŒAÅ‚àŒ©‚½‚¢‰f‰æ‚Íwˆ«‚Í‘¶İ‚µ‚È‚¢xwƒAƒCƒAƒ“ƒNƒ[xyŒƒCƒ`Ig‚Ò‚ ƒeƒ“hƒ‰ƒ“ƒLƒ“ƒOz,https://news.yahoo.co.jp/articles/21301738256a821bb544557cfe3d35a06a58cc0d,4/3(…) 8:02
piaeigat,‚Ò‚ ,BialystocksA‰Í‡—DÀ~â“Œ—´‘¿Wå‰‰wRoOT / ƒ‹[ƒgxOPƒe[ƒ}‚Ì”zMƒŠƒŠ[ƒX‚ªŒˆ’è,https://news.yahoo.co.jp/articles/fda1e5e24a18de2facebe2206600a90cf5897185,4/3(…) 1:00
piaeigat,‚Ò‚ ,DENIMSA‘Ogƒoƒ“ƒh‚ÌƒZƒ‹ƒtƒJƒo[u‚½‚è‚ç‚è‚çv–¾“ú”zMƒXƒ^[ƒg,https://news.yahoo.co.jp/articles/9059aae0694dfd7eec45edc5780322e5de1353ef,4/2(‰Î) 21:01
piaeigat,‚Ò‚ ,yƒŒƒ|[ƒgzìèc‹På‰‰ƒ~ƒ…[ƒWƒJƒ‹w’¬“c‚­‚ñ‚Ì¢ŠEx@S‚ª‰ğ‚«‚Ù‚®‚³‚ê‚éA‹Éã‚Ìƒq[ƒŠƒ“ƒO‘ÌŒ±,https://news.yahoo.co.jp/articles/9017ec36c352183ef9a678462107e10255c47cdc,4/2(‰Î) 20:00
piaeigat,‚Ò‚ ,‚æ‚İ‚¡‚ÌV‚½‚È–£—Í‚ğŠ¬”\Iƒtƒ‹ƒIƒP‚Æ‚ÌƒRƒ‰ƒ{ƒXƒe[ƒW,https://news.yahoo.co.jp/articles/801e961180e0ba6d46b7829c320618a8bbef592d,4/2(‰Î) 18:01
piaeigat,‚Ò‚ ,yƒƒ“ƒO“C’kccHz¬’r’å—˜ithe dadadadysj~‹´–{ŒOiHelsinki Lambda Clubj~ƒ‚ƒŠƒ^ƒiƒIƒqƒRiTENDOUJIj,https://news.yahoo.co.jp/articles/ef29086e2500e5f75544bc62a2b0b480c5f81389,4/2(‰Î) 18:00
piaeigat,‚Ò‚ ,‰z‰ª—T‹Må‰‰ƒ~ƒ…[ƒWƒJƒ‹wRUN TO YOUxƒƒCƒ“ƒrƒWƒ…ƒAƒ‹•“Á•Ê“®‰æŒöŠJ,https://news.yahoo.co.jp/articles/1b330f34efc78a5faa45df4c6772849fc12fdc1a,4/2(‰Î) 15:45
piaeigat,‚Ò‚ ,‚±‚Ìƒrƒ‹‚ÍŒ¾‚¤‚È‚ê‚ÎgƒLƒ‰[EƒGƒŒƒx[ƒ^[h‚Å‚·‚æy‚İ‚¤‚ç‚¶‚ã‚ñ‚Ì‰f‰æƒ`ƒ‰ƒV•ú’kzwƒGƒŒƒx[ƒ^[EƒQ[ƒ€xwƒzƒrƒbƒcƒxƒCx,https://news.yahoo.co.jp/articles/ea3212d6e4c9843f0c40684093c68e5fc2e966be,4/2(‰Î) 12:30
piaeigat,‚Ò‚ ,uƒI[ƒvƒ“ƒnƒEƒX`ƒTƒ“ƒgƒŠ[ƒz[ƒ‹‚Å—V‚Ú‚¤Iv¢ŠEÅ‚•ô‚ÌƒRƒ“ƒT[ƒgƒz[ƒ‹‚ğ’T–K‚·‚é,https://news.yahoo.co.jp/articles/ce1097e5a36c88aa897ff8ce7fc3c9a52b83344f,4/2(‰Î) 12:04
piaeigat,‚Ò‚ ,›“c«ôA©gÅ‘å‹K–Í‚ÌƒAƒŠ[ƒiƒ‰ƒCƒu‚ğ‘åã•“Œ‹‚ÅŠe2DAYSŠJÃ,https://news.yahoo.co.jp/articles/30bc973a23b83b22d99196ddbeb45a114c94c1ff,4/2(‰Î) 12:02
piaeigat,‚Ò‚ ,TOMORROW X TOGETHERwminisode 3: TOMORROWx‚ÌƒƒfƒBƒAƒVƒ‡[ƒP[ƒX‚ÅŒê‚Á‚½gVÍ‚Ö‚ÆŒü‚©‚¤‚½‚ß‚ÌW‘å¬h,https://news.yahoo.co.jp/articles/0bb437b5065b572e0837de1df9f12cb0cef4e586,4/2(‰Î) 12:00
piaeigat,‚Ò‚ ,w–|–ó‚Å‚«‚È‚¢ ‚í‚½‚µ‚ÌŒ¾—tx“Œ‹“sŒ»‘ã”üpŠÙ‚Å@u‚±‚Æ‚Îv‚ÉŠÖ‚í‚éì•i‚ğ”­•\‚·‚é5l‚ÌƒA[ƒeƒBƒXƒg‚É‚æ‚éƒOƒ‹[ƒv“W,https://news.yahoo.co.jp/articles/e2d10380a54f29857daa8c4c41f23662cf753135,4/2(‰Î) 11:30
piaeigat,‚Ò‚ ,ƒWƒFƒCƒNEƒMƒŒƒ“ƒz[ƒ‹‚Ìwƒ[ƒhƒnƒEƒXxA‹L˜^“Iƒqƒbƒg,https://news.yahoo.co.jp/articles/c7e28fa9230180b5316b181dec8e0f26440be623,4/2(‰Î) 11:00
piaeigat,‚Ò‚ ,ˆêF—m•½~¬‘ò“¹¬w‘Q‹ßüAd‚È‚êxƒQƒlƒvƒÊ^•ƒRƒƒ“ƒg“’…,https://news.yahoo.co.jp/articles/868638a2ff96f9c4f17763d51bcae319ee12fe43,4/2(‰Î) 10:01
piaeigat,‚Ò‚ ,–½‚ª‚¯‚ÅB‰e‚µ‚½ƒhƒLƒ…ƒƒ“ƒ^ƒŠ[wƒ}ƒŠƒEƒ|ƒŠ‚Ì20“úŠÔx“ú–{ŒöŠJŒˆ’è@—\•ƒ|ƒXƒ^[•ê–ÊÊ^ŒöŠJ,https://news.yahoo.co.jp/articles/8234a8161a76872fe6542f26c6c0d7f7355b8bd0,4/2(‰Î) 8:02
piaeigat,‚Ò‚ ,PK shampooåÃƒT[ƒLƒbƒgƒtƒFƒXwPSYCHIC FESx‘æ2’eo‰‰ƒA[ƒeƒBƒXƒg”­•\,https://news.yahoo.co.jp/articles/55c749e0eeef52531a9c9f2a80180c3f1c6804c0,4/1(Œ) 21:02
piaeigat,‚Ò‚ ,‰¹ŠyƒCƒxƒ“ƒgwOccasion!!x‘æ2’e•‘æ3’e‚ÌŠJÃ‚ªŒˆ’è@FuseeA¬R“c‘s•½‚ço‰‰Ò”­•\,https://news.yahoo.co.jp/articles/0fc2c0a9a83756a1d84ab0407d5719348bbd153c,4/1(Œ) 20:55
piaeigat,‚Ò‚ ,‚³‚Æ‚¤‚à‚©ANHK‰ªR•ú‘—‹Ç‚Ì”Ô‘gƒGƒ“ƒfƒBƒ“ƒOƒe[ƒ}‚ğ’S“–@ƒƒ“ƒ}ƒ“ƒ‰ƒCƒu‚ÌŠJÃ‚àŒˆ’è,https://news.yahoo.co.jp/articles/78349e62ff0e792177e8bed4b8959842a5afe4c0,4/1(Œ) 20:31
piaeigat,‚Ò‚ ,‚à‚àƒNƒAƒGƒr’†A‚Æ‚«é‚ç69–¼‚ª“o’dI@VƒvƒƒWƒFƒNƒgu–³ŒÀ‰ïĞƒXƒ^ƒvƒ‰v”­•\‰ï‚ÅˆÓ‹C‚İ‚ğŒê‚é,https://news.yahoo.co.jp/articles/2a388c4da3e5d1dc1ff304c4e9892421b9e7c90c,4/1(Œ) 19:53
piaeigat,‚Ò‚ ,Hana HopeATVƒAƒjƒw˜T‚Æh—¿xOPƒe[ƒ}u—·‚Ì‚ä‚­‚¦vƒVƒ“ƒOƒ‹”­”„Œˆ’è,https://news.yahoo.co.jp/articles/cd03e82ca489f85b62e7e7ad185492d1fdd4f187,4/1(Œ) 18:49
piaeigat,‚Ò‚ ,•Ÿ‰ªED–y‚àã‰fƒXƒ^[ƒgwTBSƒhƒLƒ…ƒƒ“ƒ^ƒŠ[‰f‰æÕx•‘‘äˆ¥AƒŒƒ|[ƒg,https://news.yahoo.co.jp/articles/34c1eca8239c9a17829129f9706d25d01bb630e8,4/1(Œ) 18:44
piaeigat,‚Ò‚ ,u‘æ7‰ñ@Šò•Œ‚Ì’nğ‚ÅŠ£”tv‚ª¡Œ14“ú‚ÉŠJÃ,https://news.yahoo.co.jp/articles/cf2ff66ab53f75530d2da768bc4a4139253e52df,4/1(Œ) 18:03
piaeigat,‚Ò‚ ,^Sƒuƒ‰ƒU[ƒY‚ªŠé‰æƒ‰ƒCƒu‚Å‰œ“c–¯¶A¬ò¡“úqAƒ†ƒjƒ]ƒ“Ö“¡G‰î‚Æ‹£‰‰,https://news.yahoo.co.jp/articles/28963256c742ef6dfd12464fc1969696f48687c1,4/1(Œ) 18:02
piaeigat,‚Ò‚ ,yƒ‰ƒCƒuƒŒƒ|[ƒgzPEDRO‚ÆMONO NO AWARE‚Ìƒc[ƒ}ƒ“‚ªÀŒ»@ƒ‰ƒCƒuƒnƒEƒXTOKIO TOKYO3ü”NƒCƒxƒ“ƒg,https://news.yahoo.co.jp/articles/d215519ed99ca8715a3663e4f5f9e42343988231,4/1(Œ) 18:02
piaeigat,‚Ò‚ ,5Œ11“úE12“ú‚ÉŠJÃ‚³‚ê‚éƒ‰ƒuƒVƒƒƒXƒvƒŠƒ“ƒO‚Ì–£—Í‚ğOŒ´Œ’iiƒtƒŒƒfƒŠƒbƒNjAƒrƒbƒPƒuƒ‰ƒ“ƒJAèR‘“u‚Æ‚Æ‚à‚É‘å‰ğ–U,https://news.yahoo.co.jp/articles/ccf0233b94875a81691ba982a74d7956691a0c3c,4/1(Œ) 18:00
piaeigat,‚Ò‚ ,ŠÛR—²•½uŒ|”\‹LÒ‚ÌƒCƒ[ƒW‚ª•Ï‚í‚Á‚½vVì•‘‘äwƒnƒUƒJƒCƒLxŠJ–‹,https://news.yahoo.co.jp/articles/02fec88958f504553a43955160c21fb95aa1168d,4/1(Œ) 17:02
piaeigat,‚Ò‚ ,SiMåÃƒtƒFƒXAo‰‰ƒA[ƒeƒBƒXƒg‘æ2’e”­•\@YOASOBIAAwich‚ç5‘g,https://news.yahoo.co.jp/articles/98fcd82f5f8c0d553af275948c9ee2f6520a17f3,4/1(Œ) 17:01
piaeigat,‚Ò‚ ,w˜Zl‚Ì‰R‚Â‚«‚È‘åŠw¶xR‰º”üŒA‘q—I‹M‚çVƒLƒƒƒXƒg”­•\@“oêl•¨‚Ì— ‚ÌŠç‚ªŠ_ŠÔŒ©‚¦‚éƒeƒBƒU[‰f‘œ‚àŒöŠJ,https://news.yahoo.co.jp/articles/45f567ae3e0ce3abf8ecf7425b2661d7e4377b6e,4/1(Œ) 16:18
piaeigat,‚Ò‚ ,’´”\—ÍímƒhƒŠƒAƒ“Aƒ~ƒjƒAƒ‹ƒoƒ€w‚¨‚¨‚¼‚çƒNƒ‹[ƒWƒ“ƒOxƒŠƒŠ[ƒXŒˆ’è,https://news.yahoo.co.jp/articles/d8ebcdf24067bbcab9684e93d1376eccbb6cf9cf,4/1(Œ) 15:20
piaeigat,‚Ò‚ ,wƒIƒbƒyƒ“ƒnƒCƒ}[xƒm[ƒ‰ƒ“ŠÄ“Â‚ç‚ªIMAXB‰e‚ğU‚è•Ô‚é“Á•Ê‰f‘œŒöŠJ,https://news.yahoo.co.jp/articles/7512a156f772c0fdbea2018b711c6fbf9fc5e26e,4/1(Œ) 15:01
piaeigat,‚Ò‚ ,’†“‡‚İ‚ä‚«A‰‚Æ‚È‚é‘å‹K–Í“W——‰ï‚ÌŠJÃ‚ªŒˆ’è wŒŠ§ƒJƒhƒJƒx•œ”Å‚Ì”­”„‚à,https://news.yahoo.co.jp/articles/6b83e7ccfa64f793d0e38d6206b327d162539b2a,4/1(Œ) 14:25
piaeigat,‚Ò‚ ,w•Ï‚È‰Æx‚ªV3@’–Ú‚ÌwƒIƒbƒyƒ“ƒnƒCƒ}[x‚Í4ˆÊAwƒS[ƒXƒgƒoƒXƒ^[ƒYxÅVì‚Í5ˆÊƒXƒ^[ƒgy‰f‰æ“®ˆõƒ‰ƒ“ƒLƒ“ƒOz,https://news.yahoo.co.jp/articles/e423065f4b00e114b0812687eb60a7b4d73cdd01,4/1(Œ) 13:45
piaeigat,‚Ò‚ ,Laura day romanceAVƒVƒ“ƒOƒ‹w“§–¾ / ƒŠƒOƒŒƒbƒgƒxƒCƒr[ƒYx”zMƒŠƒŠ[ƒXŒˆ’è,https://news.yahoo.co.jp/articles/e31cd00e1426888c486906d18a52b3b479277046,4/1(Œ) 13:34
piaeigat,‚Ò‚ ,TOHOƒVƒlƒ}ƒY‚ÌŠ„ˆøƒT[ƒrƒXuJERAƒTƒ“ƒfƒCvA‘S‘‚·‚×‚Ä‚ÌŒ€ê‚É‘ÎÛŠg‘å,https://news.yahoo.co.jp/articles/59f9966d8fb566e2ca1eaa528a85ba5d8041ebca,4/1(Œ) 12:44
piaeigat,‚Ò‚ ,–ì‘ºäİÖ‰‰ow”\ ‹¶Œ¾u‹S–Å‚Ìnvx‘åã‚ÌŒ€ê‚Å‚ÌÄ‰‰‚ªŒˆ’è,https://news.yahoo.co.jp/articles/87bf05d8e2e344d1a8a3079135f005fb65214b78,4/1(Œ) 12:40
piaeigat,‚Ò‚ ,GLIM SPANKYAƒƒWƒƒ[ƒfƒrƒ…[10ü”N‚ğ‹L”O‚µ‚½“ú”ä’J–ì‰¹ƒIƒtƒBƒVƒƒƒ‹ƒŒƒ|[ƒg,https://news.yahoo.co.jp/articles/bc85b5943cca6de45f129a44581bab7e342309e7,4/1(Œ) 12:16
piaeigat,‚Ò‚ ,w–ˆ“ú‚ª‰ÄÕ‚è2024xŠJÃŒˆ’è@ˆ¢•”^‰›A–îˆä“c“µ‚ç‘æ1’eƒA[ƒeƒBƒXƒg”­•\,https://news.yahoo.co.jp/articles/b599a08a1548d2b2bd3b6d9a62ef14275cb8ce49,4/1(Œ) 12:06
piaeigat,‚Ò‚ ,wƒvƒŠƒVƒ‰xƒGƒ‹ƒ”ƒBƒXEƒvƒŒƒXƒŠ[‚ğ—¸‚É‚µ‚½14Î­—‚ÌƒVƒ“ƒfƒŒƒ‰ƒXƒg[ƒŠ[y‚¨‚Æ‚È‚Ì‰f‰æƒKƒCƒhz,https://news.yahoo.co.jp/articles/c69d64834c317bb96b3b8c71fff7dd823bd65e26,4/1(Œ) 12:04
piaeigat,‚Ò‚ ,BABYMETALåÃƒtƒFƒXwFOX_FESTx’Ç‰Áo‰‰ƒA[ƒeƒBƒXƒg”­•\,https://news.yahoo.co.jp/articles/853bdc568aca703dd639d697a1f8c20bb9648cb8,4/1(Œ) 12:02
piaeigat,‚Ò‚ ,¬¼—É¶A–k‘º—ÈA‰¡“c—´‹V‚ço‰‰‚Ìƒ~ƒ…[ƒWƒJƒ‹w“S‘l‚ÌŸBx”z–ğ•ƒrƒWƒ…ƒAƒ‹ŒöŠJ,https://news.yahoo.co.jp/articles/54639f3f8f722c031f221fb147586ce8a5615c5d,4/1(Œ) 12:01
piaeigat,‚Ò‚ ,ƒŠ[ƒKƒ‹ƒŠƒŠ[Aƒoƒ“ƒhŒ‹¬10ü”N‚ğ‹L”O‚µ‚½‘S‘ƒcƒA[ŠJÃŒˆ’è,https://news.yahoo.co.jp/articles/c9f24dc04f164409ad1421aba510acfd8242b9a6,4/1(Œ) 11:53
piaeigat,‚Ò‚ ,¬‘òŒ’“ñ‚ÆƒXƒ`ƒƒƒ_ƒ‰ƒp[‚ª30”N‚Ô‚è‚ÉƒRƒ‰ƒ{‹È‚ğ”­•\@CD‚É‚Í30•ª‚Ìƒg[ƒN‚àû˜^,https://news.yahoo.co.jp/articles/b4e0ccb1a31cb76e76bece587390e6aa257b0e53,4/1(Œ) 11:40
piaeigat,‚Ò‚ ,w–@‘R‚Æ‹ÉŠyò“yx“Œ‹‘—§”•¨ŠÙ‚Å@ò“y@850”N‚Ì—ğj‚ğ‘•óAd—v•¶‰»à‚ğŠÜ‚Ş‹Md‚È–¼•ó‚Å‚½‚Ç‚é,https://news.yahoo.co.jp/articles/320a1cd9c54da5d06c230f0634f9014ab7a7df48,4/1(Œ) 11:30
piaeigat,‚Ò‚ ,Snow ManŠâ–{ÆA[àV’CÆA‹{ŠÚ—Á‘¾AgV‚½‚Èˆê•àh‚É•Òk‚¢I@V‹´‰‰•‘ê‚Åå‰‰E‰‰owÕ GALAxŠJ–‹,https://news.yahoo.co.jp/articles/93c44deff6f9b16168fc2042450cd2c305a10a84,4/1(Œ) 10:04
piaeigat,‚Ò‚ ,V–ØG“T~•Ğ‰ªç”V•‚ªWå‰‰‚Åƒgƒj[Ü§”eì•i‚É’§‚Ş@ÂtŒQ‘œŒ€wƒqƒXƒgƒŠ[ƒ{[ƒCƒYxã‰‰Œˆ’è,https://news.yahoo.co.jp/articles/5dc0fc8d663fa08a7058a9fc2ef873e102eb3977,4/1(Œ) 10:00
piaeigat,‚Ò‚ ,ƒAƒjƒwƒAƒXƒgƒƒmƒIƒgx’Ç‰ÁƒLƒƒƒXƒg•ƒƒCƒ“ƒrƒWƒ…ƒAƒ‹ŒöŠJ,https://news.yahoo.co.jp/articles/cfb454801203d2d1570e18600ac142df7a5a466b,4/1(Œ) 0:00
piaeigat,‚Ò‚ ,š¢¶‚Ì\”ª”Ôw•÷’šx‚ğ‘·’íqEO—V’àŒ“D‚ª‚À‚É‚©‚¯‚é@‘æ37‰ñwCOREDO—Œê‰ïx,https://news.yahoo.co.jp/articles/4cf7061a1b4a3a74ad18b9cac2685580eb02723d,3/31(“ú) 18:04
piaeigat,‚Ò‚ ,XèƒEƒBƒ“A‰‚Æ‚È‚éƒrƒ‹ƒ{[ƒhƒ‰ƒCƒuŒö‰‰wBBBxŠJÃŒˆ’è,https://news.yahoo.co.jp/articles/39abd47449b36b56196057e9d0e52cf102b6f908,3/31(“ú) 18:01
piaeigat,‚Ò‚ ,ƒ^ƒJ•ƒ†[ƒW‚ªƒN[ƒ‹‚Ée‚ğ\‚¦‚éw‚ ‚Ô‚È‚¢ŒY–xê–ÊÊ^4“_ŒöŠJ,https://news.yahoo.co.jp/articles/5d326283ec9c9c3f54d644c3dce28a287adf97cb,3/31(“ú) 12:06
piaeigat,‚Ò‚ ,‚Â‚¢‚É–Œ‚Ì^‘Š‚ÆÕŒ‚‚Ì”’‚ª‘Ò‚¿ó‚¯‚é\\ w˜A‘±ƒhƒ‰ƒ}W â‚Ìã‚ÌÔ‚¢‰®ªx–{“úÅI˜b•ú‘—I,https://news.yahoo.co.jp/articles/c725a979be9a87bd19cb60952ba5b277df9d46ca,3/31(“ú) 12:05
piaeigat,‚Ò‚ ,Œ‹–ØŸä¯AƒeƒŒƒr“Œ‹~WOWOW‹¤“¯»ìƒhƒ‰ƒ}wƒ_ƒuƒ‹ƒ`[ƒgxo‰‰Œˆ’è,https://news.yahoo.co.jp/articles/dc1c9264ddc090b36c6f3fe8e96f932c257a0305,3/31(“ú) 10:00
piaeigat,‚Ò‚ ,ƒnƒNBA–ˆ”NP—á‚Ì©åŠé‰æwƒnƒNB‚Ì“úxŠJÃ”­•\,https://news.yahoo.co.jp/articles/1cd43c0a73e573abc1991f36327329ea6cc4edd9,3/30(“y) 21:00
piaeigat,‚Ò‚ ,óˆäŒ’ˆêAƒ\ƒ–¼‹`‚É‚æ‚é“Œ–¼ãƒcƒA[ŠJÃ”­•\,https://news.yahoo.co.jp/articles/067427dc532a61324f9af2d4b3248bde58afcc1d,3/30(“y) 17:02
piaeigat,‚Ò‚ ,àV“c‹óŠC—A3rdƒVƒ“ƒOƒ‹wì‹ÈxƒŠƒŠ[ƒXŒˆ’è•MVŒöŠJ,https://news.yahoo.co.jp/articles/79a7c3b861c6930310c4ea3e76764b482bb19ee6,3/30(“y) 17:01
piaeigat,‚Ò‚ ,ƒXƒ^[ƒ_ƒXƒg™ƒŒƒrƒ…[Aƒjƒ…[ƒVƒ“ƒOƒ‹•“ú”ä’J–ì‰¹Œö‰‰‚ğû‚ß‚½ƒ‰ƒCƒu”Õ‚ğ“¯”­”„,https://news.yahoo.co.jp/articles/4f112837bac3a8ac3773a5ba07210c670856c3ad,3/30(“y) 14:00
piaeigat,‚Ò‚ ,‰f‰æwƒ~ƒbƒVƒ“ƒOxê–ÊÊ^ˆê‹“ŒöŠJ@ÎŒ´‚³‚Æ‚İAÂ–Ø’‚A’†‘º—Ï–ç‚ç‚ª‹Ù”—Š´‚ ‚é•\î‚ğŒ©‚¹‚é,https://news.yahoo.co.jp/articles/b4d7271b2df884eb8cc17677c963d74f8d478db6,3/30(“y) 13:00
piaeigat,‚Ò‚ ,40”NˆÈã‚Ì—ğj‚É–‹Iu‚±‚Ü‚ÎƒAƒSƒ‰Œ€êƒTƒˆƒiƒ‰Œö‰‰v,https://news.yahoo.co.jp/articles/6d8d5a885aa17071da742c98e087531fd62f2612,3/30(“y) 12:08
piaeigat,‚Ò‚ ,wRl‰¹ŠyÕ2024xl¯‹…ADragon AshAROTTENGRAFFTY‚ç‘æ1’eo‰‰ƒA[ƒeƒBƒXƒg”­•\,https://news.yahoo.co.jp/articles/461d9400b5855400eebd85a195f9780ca2c7d1a4,3/30(“y) 12:08
piaeigat,‚Ò‚ ,•ó’ËŒ‘gƒgƒbƒvŒé‚©‚È‚ÆEŠC”T”üŒƒRƒ“ƒr‚Ì‘Ş’cŒö‰‰‚ªŠJ–‹,https://news.yahoo.co.jp/articles/9fb41af45a296e7c52eec4c4031c78b14b205b44,3/30(“y) 10:01
piaeigat,‚Ò‚ ,300í—ŞˆÈã‚ÌƒfƒBƒYƒj[ƒOƒbƒY‚ª”ƒ‚¦‚éƒ|ƒbƒvƒAƒbƒv‚ª‘S‘„‰ñ’†@uÅVƒfƒBƒYƒj[ƒOƒbƒYvl‹Cƒ‰ƒ“ƒLƒ“ƒOTOP3‚ğ”­•\,https://news.yahoo.co.jp/articles/dd4c5ffb2cbcd926ad68cad8d5b6de52d32c0726,3/30(“y) 10:00
piaeigat,‚Ò‚ ,DEZERTAƒfƒWƒ^ƒ‹EPwThe Heart Tree `unplugged selection`x”zMƒŠƒŠ[ƒXŒˆ’è,https://news.yahoo.co.jp/articles/86e55531ad58ed443e3ac656be69211c24f4c82d,3/29(‹à) 21:01
piaeigat,‚Ò‚ ,Laika Came BackA’P“ÆŒö‰‰w•—‚Ì’†‚Åx5ŒŠJÃ@V‹È‚ğ¡t”zMƒŠƒŠ[ƒX,https://news.yahoo.co.jp/articles/0d69a7d44f97e593c9c7852458abc047ddd601f5,3/29(‹à) 20:05
piaeigat,‚Ò‚ ,THE KING OF ROOKIEA‘S‘ƒcƒA[w‰ó‚µ‚Ä•ï‚ñ‚Åˆ¤í‘ˆx‘æ1’eƒQƒXƒg”­•\,https://news.yahoo.co.jp/articles/efc3bb21c06de3942bf1b97da14a1b20f298dbb8,3/29(‹à) 20:01
piaeigat,‚Ò‚ ,THE CONVOY SHOW vol.43wONE DAY`Last Run! Run!! Run!!!`x2024”N‰ÄA“Œ–¼ã‚ÅŠJÃŒˆ’è,https://news.yahoo.co.jp/articles/cf7d37f28dc5de0f2fb75d8920d4a530179bb21b,3/29(‹à) 18:51
piaeigat,‚Ò‚ ,ƒƒ_ƒŠƒXƒg‚ª¨‘µ‚¢‚ÌƒAƒCƒXƒVƒ‡[wƒXƒ^[ƒYEƒIƒ“EƒAƒCƒXx–¾“úŠJ–‹@“ú–{lƒOƒ‹[ƒvƒiƒ“ƒo[Šy‹È‚àŒˆ’è,https://news.yahoo.co.jp/articles/505e31fd25d8ae53dc8b0bfad56b8e89717e133e,3/29(‹à) 18:05
piaeigat,‚Ò‚ ,ŒÃsƒR[ƒ^ƒ[Aƒ\ƒƒAƒ‹ƒoƒ€wDance Dance DancexÚ×”­•\@ƒIƒ“ƒ‰ƒCƒ“ƒCƒxƒ“ƒg‚ÌŠJÃ‚àŒˆ’è,https://news.yahoo.co.jp/articles/e34aeb8afa6a85615921df5f214ad7ebb45a1e67,3/29(‹à) 18:01
piaeigat,‚Ò‚ ,ƒQƒX‚Ì‹É‚İ‰³—A–ñ1”NU‚è‚Ìƒƒ“ƒ}ƒ“ƒcƒA[wƒiƒCƒgƒNƒ‰ƒrƒ“ƒOxŠJÃ”­•\,https://news.yahoo.co.jp/articles/3ce88e3311e1d49d140dd1aa8a35f40b0962abdb,3/29(‹à) 18:01
piaeigat,‚Ò‚ ,wƒtƒWƒƒbƒN'24x‘æ4’eƒ‰ƒCƒ“ƒiƒbƒv”­•\@AwichA‚­‚é‚è‚ç14‘g‚Ìo‰‰Œˆ’è,https://news.yahoo.co.jp/articles/20617b5340d2112dc7f5a9aa84d1ad0f39b05dc1,3/29(‹à) 16:49
piaeigat,‚Ò‚ ,Å‹­‚Ìg‚±‚Ô‚µh‚ğƒtƒB[ƒ`ƒƒ[‚µ‚½wƒiƒbƒNƒ‹ƒYxƒƒCƒ“ƒrƒWƒ…ƒAƒ‹ŒöŠJ,https://news.yahoo.co.jp/articles/fc7cd36cb2fcc56ee67ca6980f6b304f7cf9cff4,3/29(‹à) 16:44
piaeigat,‚Ò‚ ,‰f‰æwƒuƒ‹ƒbƒNƒŠƒ“‚ÅƒIƒyƒ‰‚ğx‚Í‚Ğ‚Æ‹Ø“ê‚Å‚Í‚¢‚©‚È‚¢!? @–£—Í‚ğŒê‚ès‚­‚·ƒg[ƒNƒCƒxƒ“ƒg‚ªŠJÃ,https://news.yahoo.co.jp/articles/bb2b179f81b297386c5fe71003621cb9dba988a5,3/29(‹à) 14:14
piaeigat,‚Ò‚ ,ƒiƒVƒ‡ƒiƒ‹EƒVƒAƒ^[Eƒ‰ƒCƒuwƒfƒBƒAEƒCƒ“ƒOƒ‰ƒ“ƒhxƒg[ƒNƒCƒxƒ“ƒg“®‰æŒöŠJ,https://news.yahoo.co.jp/articles/cf112baeb6048e2f77dd129c0e48566dae240eaa,3/29(‹à) 13:39
piaeigat,‚Ò‚ ,Œ€’cEXILE¬–ì’Ë—ElA•½R‰·òŠÏŒõ‹¦‰ï‚ÌPR“®‰æ‚Éo‰‰@’nŒ³ogEˆğ¶—I‚à“oê,https://news.yahoo.co.jp/articles/e69749144d762c001fc76d167e3346cef616e11f,3/29(‹à) 13:30
piaeigat,‚Ò‚ ,ƒQƒL~ƒVƒlw“Våj¯x•qGEKI~CINE 20th™Tourr“üêÒƒvƒŒƒ[ƒ“ƒg”z•zŒˆ’è,https://news.yahoo.co.jp/articles/e86f399add25df6910d47d81cef376c3b51c5c39,3/29(‹à) 13:07
piaeigat,‚Ò‚ ,ŠØ‘ƒ~ƒ…[ƒWƒJƒ‹ƒAƒ[ƒh‚ğ‘‚È‚ß‚É‚µ‚½wƒ‰ƒtƒwƒXƒg`c‚³‚ê‚½‚à‚Ìx“ú–{‰‰‰Œˆ’è,https://news.yahoo.co.jp/articles/92f60c4f78fbd966159cdfdc7c34501e200b0066,3/29(‹à) 12:25
piaeigat,‚Ò‚ ,ƒNƒWƒ‰–é‚ÌŠXAV‹Èu”ü—‚Æ–ìbv”zMƒŠƒŠ[ƒXŒˆ’è@ƒXƒgƒŠƒ“ƒOƒXƒAƒŒƒ“ƒW‚ğ‰Á‚¦‚½‘s‘å‚Èƒoƒ‰[ƒh,https://news.yahoo.co.jp/articles/5e3dc169af7f52b52925634e47e125cd088ce8c4,3/29(‹à) 12:15
piaeigat,‚Ò‚ ,‹{àV‚Ğ‚È‚½Ağ”N––‚Ì‰E‘«ñœÜ‚©‚ç•œ‹A! ‚È‚Å‚µ‚±E’r“cŠÄ“Âu‚â‚ê‚é‚±‚Æ‚ğ‘‚â‚·v,https://news.yahoo.co.jp/articles/508cc4b996e25d98b6a665fc8cbf2314d92598e9,3/29(‹à) 12:10
piaeigat,‚Ò‚ ,METALVERSEAgb•Ph‚ÌYº‚ªŒ‚­uNaked Princessvƒ‰ƒCƒuMVŒöŠJ,https://news.yahoo.co.jp/articles/b96f1923d93d0e7b56963febb9ff8b40fb35debc,3/29(‹à) 12:09
piaeigat,‚Ò‚ ,ƒLƒ^ƒjƒ^ƒcƒ„A—Î‰©FĞ‰ïAƒTƒoƒVƒXƒ^[‚ç14‘g‚ªo‰‰@V‚½‚È‰¹ŠyƒtƒFƒXwSign's Fest. 2024x’¹æ‚ÅŠJÃŒˆ’è,https://news.yahoo.co.jp/articles/51e1748bebab67af89daee519a05006fa89edfba,3/29(‹à) 12:09
piaeigat,‚Ò‚ ,yƒ‰ƒCƒuƒŒƒ|[ƒgzROTH BART BARONAƒcƒA[ƒtƒ@ƒCƒiƒ‹‚ÅTHEE MICHELLE GUN ELEPHANTu¢ŠE‚ÌI‚í‚èv‰‰‘t,https://news.yahoo.co.jp/articles/6c7d18e4e7bc18737a786e0ccfc24e89e5b01421,3/29(‹à) 12:09
piaeigat,‚Ò‚ ,•ŸŒ´—y•…ãPi‚ç‚ÌƒRƒƒ“ƒg“®‰æ‚ª“’…I@‰f‰æw‚ ‚Ì‰ÔxBD•DVD”­”„Œˆ’è,https://news.yahoo.co.jp/articles/7f7f2909f80b39a03a6fb8ccb605538185dc1195,3/29(‹à) 12:08
piaeigat,‚Ò‚ ,“ú–{Å‘å‹K–Í‚ÌƒAƒiƒƒOƒQ[ƒ€ƒCƒxƒ“ƒgwƒQ[ƒ€ƒ}[ƒPƒbƒg 2024tx‚ªŠJÃ,https://news.yahoo.co.jp/articles/a3eed893e1497eb09bf774ecc2be5cfff5d31dee,3/29(‹à) 12:06
piaeigat,‚Ò‚ ,‹½‚Ğ‚ë‚İ‚Æˆê‚É‰Ì‚¨‚¤I@’ÊZ110–‡–Ú‚ÌƒVƒ“ƒOƒ‹”­”„Œˆ’è,https://news.yahoo.co.jp/articles/aa938b3744a1a98d906bf0d67ddfb7fd2b1b26ce,3/29(‹à) 12:03
piaeigat,‚Ò‚ ,“d‹CƒOƒ‹[ƒ”AƒtƒBƒbƒVƒ…ƒ}ƒ“ƒY‚ç25‘g‚ªo‰‰ w’¸-ITADAKI- THE FINALx“úŠ„‚è”­•\,https://news.yahoo.co.jp/articles/28e2ccacbf7e2344969a5a80f4431b91e793a882,3/29(‹à) 12:01
piaeigat,‚Ò‚ ,ROTH BART BARONA‘S‘ƒcƒA[w8xƒtƒ@ƒCƒiƒ‹Œö‰‰‚ğƒm[ƒJƒbƒg‚Å”zM,https://news.yahoo.co.jp/articles/a52e63199f139abac0bd734ecd8d0d4bbe3fd3f0,3/29(‹à) 12:00
piaeigat,‚Ò‚ ,WurtS‚ª“Œ–¼ãƒz[ƒ‹ƒcƒA[Š®‘–@‰‚Ì“ú–{•“¹ŠÙŠJÃŒˆ’è,https://news.yahoo.co.jp/articles/47a9d2113ae2433c92314c270fdeb61f24f4aff1,3/29(‹à) 11:40
piaeigat,‚Ò‚ ,áM‚Ì‘•ó6Œ‚ğ‚·‚×‚Ä“W¦w“Á•Ê“W@áM“`à\u‰æ¹iƒJƒŠƒXƒ}jv‚Ì’a¶\x‹“s‘—§”•¨ŠÙ‚Å,https://news.yahoo.co.jp/articles/6a828e42cde524948ee579da252ece4ea7845e82,3/29(‹à) 11:32
piaeigat,‚Ò‚ ,wƒVƒ“ƒvƒ‹EƒtƒFƒCƒo[x‘±•ÒA’Ç‰ÁƒLƒƒƒXƒg‚ªŒˆ’è,https://news.yahoo.co.jp/articles/0301fe2a078260765a9af5b49f1a33fd42ab5849,3/29(‹à) 11:00
piaeigat,‚Ò‚ ,‚Æ‚ñ‚Ë‚é‚¸A29”N‚Ô‚è‚Ì‰¹Šyƒ‰ƒCƒu‚ğ“ú–{•“¹ŠÙ‚ÅŠJÃ,https://news.yahoo.co.jp/articles/dea742bdd1edbd8ce45712bc4c27680433628a37,3/29(‹à) 10:35
piaeigat,‚Ò‚ ,w‰A—zt0x“ŞAõ’J«‘¾A”ÂŠ_—›Œõl‚Ìê–ÊÊ^ŒöŠJ@Œ´ìÒ•ŠÄ“Â‚Í‘S‘‚ä‚©‚è‚Ì’n‚ğ„‚é,https://news.yahoo.co.jp/articles/cfa8333a1b02c0b9f4f50779238ab71033b58d6d,3/29(‹à) 10:21
piaeigat,‚Ò‚ ,–{“úŒöŠJwƒIƒbƒyƒ“ƒnƒCƒ}[xgƒAƒJƒfƒ~[ÜƒLƒƒƒXƒgh“Á•Ê‰f‘œ‚ª‰ğ‹Ö,https://news.yahoo.co.jp/articles/5ca967d6e6134689c652cf33d6a2ad60771f5708,3/29(‹à) 8:04
piaeigat,‚Ò‚ ,ƒGƒ}EƒXƒg[ƒ“~ƒˆƒ‹ƒSƒXEƒ‰ƒ“ƒeƒBƒ‚ƒXŠÄ“Â‚ªÄƒ^ƒbƒOI@‰f‰æw—÷‚ê‚İ‚Ì3Íx“ú–{ŒöŠJŒˆ’è,https://news.yahoo.co.jp/articles/03848414469ab847bb4e647c030035d393c0a391,3/29(‹à) 8:03
piaeigat,‚Ò‚ ,gVŠ´ŠolŠÔƒhƒ‰ƒ}h‚ªƒ~ƒ…[ƒWƒJƒ‹‚É@­”N”EÒEìí•c‹På‰‰w’¬“c‚­‚ñ‚Ì¢ŠEx–{“úŠJ–‹,https://news.yahoo.co.jp/articles/c0492b28feb8230ba43d9a5fefa96da602d8501d,3/29(‹à) 7:05
piaeigat,‚Ò‚ ,wƒ}ƒbƒhƒ}ƒbƒNƒXFƒtƒ…ƒŠƒIƒTx“ú–{ŒöŠJ“ú‚ªŒˆ’è@ÅV—\‰f‘œŒöŠJ,https://news.yahoo.co.jp/articles/b6a4604489843f31eec1a174f860883f3b815bba,3/29(‹à) 7:04
piaeigat,‚Ò‚ ,GRAPEVINE‚Ì10”N‚ª‹Ãk@–ì‰¹ƒ‰ƒCƒuwThe Decade Showx“Œã‚ÅŠJÃŒˆ’è,https://news.yahoo.co.jp/articles/5d2687d6fbc2a758e351c89f70d96017316e3a70,3/28(–Ø) 22:00
piaeigat,‚Ò‚ ,peanut buttersAVƒTƒ|[ƒgƒ{[ƒJƒ‹‚¨”â˜I–Úƒ‰ƒCƒu‚ğƒƒ“ƒRƒCƒ“‚ÅŠJÃ,https://news.yahoo.co.jp/articles/6b0fef72d80cfeebcdbe483fbbf34bf2017d7193,3/28(–Ø) 22:00
piaeigat,‚Ò‚ ,y˜a“cÊ‰Ô‚ÌƒA[ƒg‚³‚ñ‚Ûzu’r‘Üƒ‚ƒ“ƒpƒ‹ƒiƒXv‚É“±‚©‚ê‚Ä\\\”Â‹´‹æ—§”üpŠÙ,https://news.yahoo.co.jp/articles/9dc50508d52a0aa2a5674c5cf4d8bf634e6c14f3,3/28(–Ø) 18:01
piaeigat,‚Ò‚ ,ŠÏ‹q‚ğg‚»‚ÌuŠÔh‚É˜A‚ê‚Ä‚¢‚­BƒNƒŠƒXƒgƒtƒ@[Eƒm[ƒ‰ƒ“‚ªwƒIƒbƒyƒ“ƒnƒCƒ}[x‚Å•`‚«‚½‚©‚Á‚½‚à‚Ì,https://news.yahoo.co.jp/articles/ae2325abd2ab1c342e3b06f1fd691fd80f4af959,3/28(–Ø) 17:06
piaeigat,‚Ò‚ ,“ú–{Å‘å‹‰‚Ìƒhƒ‰ƒ@ƒOƒVƒ‡[wOPULENCE Volume4xŠJÃŒˆ’è,https://news.yahoo.co.jp/articles/4a22cac8751c6da7fc981d8aa3d31920a0e56be8,3/28(–Ø) 17:05
piaeigat,‚Ò‚ ,MEƒiƒCƒgEƒVƒƒƒ}ƒ‰ƒ“‚Ì–º‚ªŠÄ“Â‚ğ–±‚ß‚éƒzƒ‰[‰f‰æwƒUEƒEƒHƒbƒ`ƒƒ[ƒYx“ú–{”Åƒ|ƒXƒ^[ŒöŠJ,https://news.yahoo.co.jp/articles/975dcb2951e56c222cde7f710971dd19e5284a54,3/28(–Ø) 17:05
piaeigat,‚Ò‚ ,‰f‰æwƒuƒ‹ƒbƒNƒŠƒ“‚ÅƒIƒyƒ‰‚ğxƒAƒ“EƒnƒTƒEƒFƒC‚Ìƒvƒƒfƒ…[ƒT[‚Æ‚µ‚Ä‚Ìè˜r‚ÉŠÄ“Â‚ª‘¾ŒÛ”»,https://news.yahoo.co.jp/articles/a2ab6810852c0a34c3e1c59bd11e4d6f6cdb9667,3/28(–Ø) 17:04
piaeigat,‚Ò‚ ,‘—§¼—m”üpŠÙ‰‚ÌŒ»‘ã”üp“Ww‚±‚±‚Í–¢—ˆ‚ÌƒA[ƒeƒBƒXƒg‚½‚¿‚ª–°‚é•”‰®‚Æ‚È‚è‚¦‚Ä‚«‚½‚©Hx“W¦‚Ì–Í—l‚ğƒŒƒ|[ƒg,https://news.yahoo.co.jp/articles/00d61ff4e3d7ed122edf792522e3851224aeb665,3/28(–Ø) 17:03
piaeigat,‚Ò‚ ,â–{—´ˆê‚ª¶‘OÅŒã‚Éè‚ª‚¯‚½•‘‘äwTIMEx“ú–{‰‰‰‚ªˆêüŠõ‚ÉŠJ–‹@‚’Jj˜Yul¶‚à•‘‘ä‚àˆêŠúˆê‰ïv,https://news.yahoo.co.jp/articles/4bd6fa7d40e4af496939bb6b9cd5b70bbc654977,3/28(–Ø) 15:20
piaeigat,‚Ò‚ ,“¡“cr‘¾˜Y‰‰o‚Ì•‘‘äwTake Me OutxÄ‰‰Œˆ’è@ƒLƒƒƒXƒgƒI[ƒfƒBƒVƒ‡ƒ“‚àÀ{,https://news.yahoo.co.jp/articles/f237720b738bc521c9c9687eb56bda8281c470df,3/28(–Ø) 14:00
piaeigat,‚Ò‚ ,sìš£\˜Y‚ª13–ğ‚ğ‚Ğ‚Æ‚è‚Å‰‰‚¶‚éw¯‡¢\Oš£x‚ğµŒ‘å‰Ì•‘Šê‚Åã‰‰,https://news.yahoo.co.jp/articles/ce3064c909365b10b73124db072b8be6aa52f61f,3/28(–Ø) 13:01
piaeigat,‚Ò‚ ,¡”N‚Ìµ—[‚É‚Í‚È‚É‚©‚ª‹N‚±‚é!? u‘g‹Èu˜f¯v`ƒ{ƒCƒWƒƒ[ŠyÍ•t‚«v,https://news.yahoo.co.jp/articles/efac6770f304ae8ef3397341e0ee10da9e5d2445,3/28(–Ø) 12:05
piaeigat,‚Ò‚ ,wƒSƒbƒhƒ‰ƒ“ƒh^GODLANDxŠÄ“ÂƒCƒ“ƒ^ƒrƒ…[BuglŠÔ‚Æ‚µ‚Ä‹¤’Ê‚·‚éŠ´îh‚ğ•`‚­v,https://news.yahoo.co.jp/articles/c625767c4819e0b1f95f70bd843082929133e413,3/28(–Ø) 12:05
piaeigat,‚Ò‚ ,Mrs. GREEN APPLE‚Ì‘Îƒoƒ“ƒ‰ƒCƒu‚É”T–Øâ46AƒLƒ^ƒjƒ^ƒcƒ„Aimase‚ªo‰‰,https://news.yahoo.co.jp/articles/9ac7f4c18fbdcb1c8932f277f79541409aabff69,3/28(–Ø) 12:04
piaeigat,‚Ò‚ ,ƒz[Eƒc[ƒjƒFƒ“‚ÌŒÂ“W‚ª“Œ‹“sŒ»‘ã”üpŠÙ‚Å@‘“à‰ŒöŠJ‚ÌÅVì‚È‚Ç‚©‚ç—ğj“I’T‹‚Ì‹OÕ‚ğ’T‚é,https://news.yahoo.co.jp/articles/a2fbe6f0e15e84b919a1221d59f0b72a4ab6f2ab,3/28(–Ø) 11:30
piaeigat,‚Ò‚ ,ƒI[ƒXƒeƒBƒ“Eƒoƒgƒ‰[‚ªƒAƒƒmƒtƒXƒL[‚ÌŸ‰ñì‚Éå‰‰,https://news.yahoo.co.jp/articles/0e7931304576201bccf0e8946d04fd8c2c07d369,3/28(–Ø) 11:00
piaeigat,‚Ò‚ ,‚±‚ê‚ª‘S•”299‰~‚È‚ñ‚ÄI@‘å–‘«‚ÌuOKƒXƒgƒAvŒƒˆÀ•Ù“–11í—Ş‚ğ‚²Ğ‰î,https://news.yahoo.co.jp/articles/78440db59a35d92075010b5beca9615f6766c32c,3/28(–Ø) 7:03
piaeigat,‚Ò‚ ,çq–ğEì‰h—›“Ş‚Ì‰“ú‚ªŠJ–‹I wç‚Æçq‚Ì_‰B‚µxV‚½‚È•‘‘äÊ^ŒöŠJ,https://news.yahoo.co.jp/articles/5fad45e30c3ed545daa34ad24fd7710bf8642075,3/28(–Ø) 4:00
piaeigat,‚Ò‚ ,“S•—“Œ‹A”M‚­”R‚¦‚½‚¬‚éƒƒbƒZ[ƒW‚ª‹l‚Ü‚Á‚½V‹ÈuSing Alonev”zMƒŠƒŠ[ƒXŒˆ’è,https://news.yahoo.co.jp/articles/66f88b1f39ae91d03e0cd46bddaf73e480d4e794,3/27(…) 21:00
piaeigat,‚Ò‚ ,‰ÆåAƒ‰ƒCƒuƒcƒA[‚Ì’Ç‰ÁŒö‰‰‚ğ”­•\@ƒAƒ‹ƒoƒ€wÎ‚Ì‚æ‚¤‚È©—RxƒAƒiƒƒO”Õ‚Ì”­”„‚àŒˆ’è,https://news.yahoo.co.jp/articles/d33aba260b40897ebb7c13febf88c37cef8290ae,3/27(…) 19:09
piaeigat,‚Ò‚ ,—ŒêŠE‚Å¡Å‚à’–Ú‚ğW‚ß‚éŒj“ñ—t‚ª•Ÿ“‡‚É‰ã—¤u‘æ21‰ñ‚¢‚í‚«ƒAƒŠƒIƒX—Œê‰ï Œj“ñ—t“Æ‰‰‰ïv,https://news.yahoo.co.jp/articles/9b76400a9b7d51973fdacbf61c76b71ff065b94b,3/27(…) 18:03
piaeigat,‚Ò‚ ,‚‹´—DƒCƒ“ƒ^ƒrƒ…[uK‚¹‚¶‚á‚È‚¢‚©‚ç‰¹Šy‚ª‚ ‚Á‚Ä—Ç‚©‚Á‚½‚È‚Á‚Äv‚¦‚é‚Æ‚¢‚¤‚©B‚Å‚à‚Ç‚¤‚È‚ñ‚Å‚µ‚å‚¤‚ËBŠF‚³‚ñ‚Ív,https://news.yahoo.co.jp/articles/95e63dd95c3c71fc649c700b56e331e627b594f7,3/27(…) 18:01
piaeigat,‚Ò‚ ,w•S”NŒãŒ|pÕx¬—Ñ•j‚ÌƒIƒtƒBƒVƒƒƒ‹ƒCƒ“ƒ^ƒrƒ…[‚ª“’…@ŸNˆä˜aõA‹{–{_Ÿ‚ç‚ªo‰‰‚·‚éuLIVE ARTv‚ÌŒ©‚Ç‚±‚ë‚Æ‚ÍH,https://news.yahoo.co.jp/articles/33bda934029a10257b3005dbd1d2443fa72e2b7a,3/27(…) 16:05
piaeigat,‚Ò‚ ,‹gì—F~‰¹‰H”ü‰Âq‚ªWƒLƒƒƒXƒgw”MŠCEl–Œ`ƒ‚ƒ“ƒeƒJƒ‹ƒƒCƒŠƒ…[ƒWƒ‡ƒ“`xã‰‰Œˆ’è,https://news.yahoo.co.jp/articles/39c26c9e1c63ae2682ded7ceb96f569e9c238b04,3/27(…) 15:40
piaeigat,‚Ò‚ ,w‚©‚Ü‚¢‚½‚¿‚Ì–éx•‘‘ä‰»Œˆ’è@­”N”EÒ‚Ìƒ”ƒ@ƒTƒCƒFƒKÂ‚Æ–L“c—¤l‚ªo‰‰,https://news.yahoo.co.jp/articles/015585bfe524ea9b28b4d299b44af2a8d761cb44,3/27(…) 14:20
piaeigat,‚Ò‚ ,BABYMETALAƒ^ƒCŠJÃ‚ÌwSUMMER SONIC BANGKOK 2024x‚ÉSPƒQƒXƒg‚Æ‚µ‚Äo‰‰,https://news.yahoo.co.jp/articles/255c499f5eac14226219a7263278aa7cc2512a31,3/27(…) 14:10
piaeigat,‚Ò‚ ,‚Z¶4ƒs[ƒXƒoƒ“ƒhE‘O”¯‚Ï‚Á‚Â‚ñ­”NA1st e.p.wƒVƒCƒNƒŒƒbƒgƒAƒ“ƒ”ƒŒƒ‰ƒKƒAƒ‹x”zMƒŠƒŠ[ƒX,https://news.yahoo.co.jp/articles/078a032d8c027d957365880b18779a844dccc8ba,3/27(…) 13:00
piaeigat,‚Ò‚ ,wLuckyFes'24xƒEƒ‹ƒtƒ‹ƒYAedhiii boiASUPERšDRAGON‚ç‘æ2’eƒA[ƒeƒBƒXƒg•o‰‰“úŠ„‚è”­•\,https://news.yahoo.co.jp/articles/1a8230cbc955aaa5e0ea27a5d889e09759f72192,3/27(…) 12:40
piaeigat,‚Ò‚ ,–kŠC“¹‚Ì‚¨“yY‚ÆŒ¾‚¦‚ÎƒRƒRI@u˜Z‰Ô’àv”ƒ‚¤‚×‚«‚¨‰Ùq•ƒXƒC[ƒc7•i,https://news.yahoo.co.jp/articles/d71682c3cbecfdfd4161dc3fb64416db31767437,3/27(…) 12:04
piaeigat,‚Ò‚ ,áÁ–¼qVAEP‚©‚ç‚ÌæsƒVƒ“ƒOƒ‹‘æ2’euƒjƒ…[ƒAƒCƒYv”zMƒŠƒŠ[ƒX,https://news.yahoo.co.jp/articles/4ebc4fcc80ac2290e2dbd26adbe2368bcdf9d952,3/27(…) 12:01
piaeigat,‚Ò‚ ,ƒEƒBƒ‹EƒXƒ~ƒX‚ÌƒXƒNƒŠ[ƒ“•œ‹Aìwƒoƒbƒhƒ{[ƒCƒY RIDE OR DIEx“ú–{ŒöŠJ‚ªŒˆ’è,https://news.yahoo.co.jp/articles/b044de790d5ebd118b2626ef0f049d7f959af4ca,3/27(…) 11:35
piaeigat,‚Ò‚ ,wì£”b… —·‚Æ‹½D‚Ì•—Œix4Œ5“ú‚©‚ç@u—·îlv‚ÆŒÄ‚Î‚ê‚½–Ø”Å‰æ‰Æ‚Ì¶ŠU‚ğ–ñ150“_‚ÅĞ‰î,https://news.yahoo.co.jp/articles/b337954310afc9e290a62146f7e72e664f0b36a0,3/27(…) 11:30
piaeigat,‚Ò‚ ,wƒSƒWƒ‰xƒRƒ“ƒO V‚½‚È‚é’é‘xÅV—\ŒöŠJ@ƒ‚ƒXƒ‰‚ÌQí‚àŒˆ’è,https://news.yahoo.co.jp/articles/4448d487be5024d85fd728e3f291a1167f31abfa,3/27(…) 11:15
piaeigat,‚Ò‚ ,ƒWƒ…ƒŠƒAEƒƒo[ƒc‚ªƒ‹ƒJEƒOƒ@ƒ_ƒj[ƒm‚ÌVì‚Éå‰‰,https://news.yahoo.co.jp/articles/45077917d2ee25f64a4d6ea144daa0d179b78edc,3/27(…) 11:00
piaeigat,‚Ò‚ ,µŠC‚Ğ‚ë‚«‚çƒTƒCƒ{[ƒOím8–¼‚ªWŒ‹I@•‘‘äwƒTƒCƒ{[ƒO009x»ì”­•\‹LÒ‰ïŒ©ƒŒƒ|[ƒg,https://news.yahoo.co.jp/articles/c826e29ff19181dbeb1b07d24a672627ccf6c198,3/27(…) 11:00
piaeigat,‚Ò‚ ,‰f‰æw‰A—zt0xÅ‚‚ÌƒoƒfƒB’a¶‚ÌuŠÔ‚ğû‚ß‚½“Á•ÊPV‘æ3’eŒöŠJ,https://news.yahoo.co.jp/articles/edbf40447932c51d8c03ae9adfde27567a1679d4,3/27(…) 7:00
piaeigat,‚Ò‚ ,ƒ[ƒNƒ}ƒ“AƒfƒUƒCƒ“‚É‹@”\«ƒoƒcƒOƒ“‚Ìu2024”Nt‰ÄVìƒTƒ“ƒ_ƒ‹v4‘«‚ğ‚²Ğ‰î,https://news.yahoo.co.jp/articles/9e348bbde60b6cca10a5579e3b3003495fbbd7cf,3/27(…) 7:00
piaeigat,‚Ò‚ ,reGretGirlAŠˆ“®‰Šú‚ÌŠy‹Èu‹A‚è“¹vÄ˜^Ver”zMƒŠƒŠ[ƒXŒˆ’è•ƒƒ“ƒ}ƒ“ŠJÃ”­•\,https://news.yahoo.co.jp/articles/bd50c4acef52065361186fbc3f3f7c74aba8329f,3/26(‰Î) 21:30
piaeigat,‚Ò‚ ,Helsinki Lambda ClubA‰‚ÌƒCƒMƒŠƒXƒcƒA[ŠJÃŒˆ’è,https://news.yahoo.co.jp/articles/669560b271b10bfdb5f36b5eb8da02491a89449d,3/26(‰Î) 20:03
piaeigat,‚Ò‚ ,‚ß‚¢‚¿‚á‚ñ‚ª6Œ‚ÌƒAƒŠ[ƒiƒcƒA[‚ğ‚à‚Á‚ÄŠˆ“®‹x~‚Ö@CD2–‡‘g‚ÌVƒAƒ‹ƒoƒ€w‚â‚«‚»‚Îƒpƒ“x‚ğ7Œ‚É”­”„,https://news.yahoo.co.jp/articles/15a855fc7de8207436b4417b648747676f04752f,3/26(‰Î) 20:02
piaeigat,‚Ò‚ ,wƒ‹[ƒ‹`u\ŒÜ­”N•Y—¬‹Lv‚æ‚è`x5Œã‰‰Œˆ’è@rˆä“ÖjA‰Ã“‡—¤A•x‰hƒhƒ‰ƒ€‚ço‰‰,https://news.yahoo.co.jp/articles/107c7ffce735abaa6ec3ea36026ca8142e31c4de,3/26(‰Î) 18:30
piaeigat,‚Ò‚ ,u“S‚Ì’Üv‚ÉØ‚è—ô‚©‚ê‚½”ß‚µ‚«ˆê‰Æ‚Ì•¨ŒêwƒAƒCƒAƒ“ƒNƒ[x,https://news.yahoo.co.jp/articles/84fcdf370d97045549c17d643529df28666aa82f,3/26(‰Î) 18:06
piaeigat,‚Ò‚ ,‘åŠÑ–­q~RŒ·@‚Ü‚Á‚·‚®L‚Ñ‚é‰Ìº‚ª‹qÈ‚É‘u‚â‚©‚È•—‚ğ‘—‚è‚ñ‚¾uTOKYOtà£–Ÿ `–G‰è•Ò`vƒŒƒ|[ƒg,https://news.yahoo.co.jp/articles/90330148d02c0c6567189732bfcc6a7e4bc2d89e,3/26(‰Î) 18:05
piaeigat,‚Ò‚ ,THE BAWDIESAƒfƒrƒ…[15ü”N‹L”O“ú‚Éƒ‰ƒCƒuƒCƒxƒ“ƒguTHANKSGIVING!vŠJÃŒˆ’è,https://news.yahoo.co.jp/articles/02058432a95ce129cf5444ba4abe502486070f98,3/26(‰Î) 18:02
piaeigat,‚Ò‚ ,ŒöŠJ25ü”N‹L”OwƒXƒ^[EƒEƒH[ƒY ƒGƒsƒ\[ƒh1x‰‚Ì4Kã‰fŒˆ’è@“üêÒ“Á“T‚Æ‚µ‚ÄVƒ|ƒXƒ^[‚Ì”z•z‚à,https://news.yahoo.co.jp/articles/7a96148bdc055b76ed955360d650c71f23661087,3/26(‰Î) 17:02
piaeigat,‚Ò‚ ,ŒÇ“Æ‚ğ•ø‚¦‚½2l‚ªo‰ï‚¢Aä‚©‚ê‡‚¤wˆÙl‚½‚¿x –{•Ò‰f‘œŒöŠJ,https://news.yahoo.co.jp/articles/285a02163855094192dc5b574036ebd14b56e0db,3/26(‰Î) 17:00
piaeigat,‚Ò‚ ,“Œ‹‰ŠúÕ“®Aƒtƒ@ƒ“‚©‚çƒŠƒNƒGƒXƒg‹È‚ğ•å‚éw“Œ–¼ãƒŠƒNƒGƒXƒgƒAƒ[xŠJÃŒˆ’è,https://news.yahoo.co.jp/articles/1baf3ebd03b2a127fe61aa262f7b063a43e1e00a,3/26(‰Î) 15:05
piaeigat,‚Ò‚ ,w…’Jçdq‚Ì‰ƒƒWƒ‡ƒCƒ“ƒRƒ“ƒT[ƒgx‘S‘4“ss‚ÅŠJÃ@”‘½ÀŒö‰‰‚ÉŒäèiAäİ‚İ‚«‚¨‚ªƒQƒXƒgo‰‰,https://news.yahoo.co.jp/articles/79cb7bd0643100a37bee87ad9ee649eab7491d80,3/26(‰Î) 14:45
piaeigat,‚Ò‚ ,ê Œ´Œh”VADISH//AAwich‚ç‚ªo‰‰@¢ŠEˆêƒNƒŠ[ƒ“‚ÈƒtƒFƒX‚ğ‚ß‚´‚·wHY SKY Fes 2024 & ‘O–éÕxƒIƒtƒBƒVƒƒƒ‹ƒŒƒ|[ƒg,https://news.yahoo.co.jp/articles/11ebcebf92a1e39ae06a466861e465dc6195a535,3/26(‰Î) 14:30
piaeigat,‚Ò‚ ,•ó’Ëá‘gƒgƒbƒvƒXƒ^[Ê•—ç“Ş‚ÌƒŠƒTƒCƒ^ƒ‹‚ª‘S‘‚Ì‰f‰æŠÙ‚Å¶’†Œp,https://news.yahoo.co.jp/articles/8f4d6ba054d98c7a6feafa9b65dcf6c5b074e6b0,3/26(‰Î) 14:30
piaeigat,‚Ò‚ ,w’¸-ITADAKI- THE FINALx“d‹CƒOƒ‹[ƒ”A…ƒJƒ“AƒnƒiƒŒƒOƒ~‚çÅIo‰‰Ò”­•\,https://news.yahoo.co.jp/articles/138614f0d0358e8325684f70fd1dc05dfc27db44,3/26(‰Î) 12:04
piaeigat,‚Ò‚ ,’´™Ğ‰ï“IƒTƒ“ƒ_ƒ‹A‰‚Ì“Œ–¼ãƒcƒA[ŠJÃŒˆ’è@w•Y™—¬x”zMƒŠƒŠ[ƒX”­•\,https://news.yahoo.co.jp/articles/12f934c8ae60b28497035a2dc342d09933bb05bf,3/26(‰Î) 12:00
piaeigat,‚Ò‚ ,w–vŒã100”N@•x‰ª“SÖx‹“s‘—§‹ß‘ã”üpŠÙ‚Å@‘ã•\ì200“_ˆÈã‚Ì‚Ù‚©“SÖ‚Ì“úí‹óŠÔ‚ğÊ‚Á‚½‹Md‚È•iX‚àŒöŠJ,https://news.yahoo.co.jp/articles/e0dc11699cf47d2bd235d843248681dcffebc7e8,3/26(‰Î) 11:30
piaeigat,‚Ò‚ ,RèˆçO˜Y~Šô“c‚è‚ç‚Ìƒfƒ…ƒGƒbƒg‚ªÀŒ»I@V‹ÈuLIKEAd‚Ë‚Ä‚¢‚­v”zM•MVƒvƒŒƒ~ƒAŒöŠJŒˆ’è,https://news.yahoo.co.jp/articles/99ae3916fc73efe9007e1a181f780f58abe02f11,3/26(‰Î) 11:05
piaeigat,‚Ò‚ ,ƒC[ƒTƒ“EƒR[ƒGƒ“ŠÄ“ÂÅVìwƒhƒ‰ƒCƒuƒAƒEƒFƒCEƒh[ƒ‹ƒYx—V‚ÑS‚ ‚Ó‚ê‚é“ú–{”Å—\ŒöŠJ,https://news.yahoo.co.jp/articles/6095cac19ba783aaf6de6fa5a765b2c760ce562e,3/26(‰Î) 11:03
piaeigat,‚Ò‚ ,ƒfƒrƒbƒhEƒGƒA[‚ªwHeart of the Beastx‚ğŠÄ“Â,https://news.yahoo.co.jp/articles/f55bb8205dac77ef192707f07610791f68aa947c,3/26(‰Î) 11:01
piaeigat,‚Ò‚ ,‘åãE–¼ŒÃ‰®E‹“s‚Å‚à‚Â‚¢‚ÉŠJ–‹wTBSƒhƒLƒ…ƒƒ“ƒ^ƒŠ[‰f‰æÕx•‘‘äˆ¥AƒŒƒ|[ƒg,https://news.yahoo.co.jp/articles/457bd868be06e514a44575d77de76d6c9bbc7c66,3/26(‰Î) 11:00
piaeigat,‚Ò‚ ,”öã¼–çAƒVƒlƒ}‰Ì•‘Šêw“Œ•—•‘ Œ“Œ•‰‹Ëxg‚È‚ç‚Å‚Íh‚ÌŠy‚µ‚İ•û‚ğ“`ö,https://news.yahoo.co.jp/articles/0bac25beb973e1cae96095f85ca37269e0b0335f,3/26(‰Î) 10:29
piaeigat,‚Ò‚ ,X ‘åãÄ‚ªgi‰»h‚µ‚½p‚ğŒ©‚¹‚½@2ndƒcƒA[wˆ¤—ˆxÅIŒö‰‰‚ÌƒIƒtƒBƒVƒƒƒ‹ƒŒƒ|[ƒg“’…,https://news.yahoo.co.jp/articles/4f5e4150a6499daeda3beeb5f081a379de64d038,3/25(Œ) 21:02
piaeigat,‚Ò‚ ,•‘‘äwƒTƒCƒ{[ƒO009xƒƒCƒ“ƒrƒWƒ…ƒAƒ‹•ƒXƒ|ƒbƒg‰f‘œŒöŠJ,https://news.yahoo.co.jp/articles/86c4fad82dfbd080424859c2af601834d6e0c407,3/25(Œ) 20:00
piaeigat,‚Ò‚ ,ƒAƒ~ƒ…[ƒYŠ‘®”o—D22–¼‚É‚æ‚éwƒnƒ“ƒTƒ€ƒ‰ƒCƒuxƒŒƒ|[ƒgu‚±‚ê‚©‚ç‚àƒnƒ“ƒTƒ€‚½‚¿‚É‚Â‚¢‚Ä‚«‚Äv,https://news.yahoo.co.jp/articles/1d8c143f0d255d0f3c5fc326df7c967398a34ccd,3/25(Œ) 19:26
piaeigat,‚Ò‚ ,‹‘å‚ÈLED•‘‘ä‚Å•s‰Âv‹c¢ŠE‚ğ•\Œ»I NetflixwO‘ÌxƒƒCƒLƒ“ƒO‰f‘œŒöŠJ,https://news.yahoo.co.jp/articles/09c17cbc6e403eacdca5adfb0ffdbebbe6094656,3/25(Œ) 18:59
piaeigat,‚Ò‚ ,ƒAƒ†ƒjED—¦‚¢‚éPEDROA‘Îƒoƒ“ƒcƒA[w˜Q–ŸŠ£”t‰ïxƒQƒXƒg”­•\@ƒqƒgƒŠƒGAƒhƒ~ƒRAƒlƒNƒ‰ƒCƒg[ƒL[‚Ìo‰‰Œˆ’è,https://news.yahoo.co.jp/articles/e508d88c5d66be049b867a145cc67f1b92b74ed6,3/25(Œ) 18:21
piaeigat,‚Ò‚ ,yƒ‰ƒCƒuƒŒƒ|[ƒgzDannie MayAŒ‹¬“ú‚É5ü”NƒAƒjƒo[ƒTƒŠ[ƒ‰ƒCƒuŠJÃu5”N‘O‚©‚ç‚±‚±‚Ü‚Å‚İ‚ñ‚È‚ª‚Â‚È‚°‚Ä‚­‚ê‚½v,https://news.yahoo.co.jp/articles/7cec2f6f6897749bb3af8781117bfe908d63db64,3/25(Œ) 18:02
piaeigat,‚Ò‚ ,BEGINw‚¤‚½‚Ì“úƒRƒ“ƒT[ƒgx‚ÉMONGOL800A‹ÊéçtiKiroroj‚ç‚ªo‰‰Œˆ’è,https://news.yahoo.co.jp/articles/245df54e22a7ce02230abcf0f0b9b2f7b0bc8d45,3/25(Œ) 18:00
piaeigat,‚Ò‚ ,O‰YG‹K‚ªg¡h‚Å‚«‚é‘S‚Ä‚ğ”â˜I‚·‚éƒRƒ“ƒT[ƒgwMy Moment My DayxŠJÃŒˆ’è,https://news.yahoo.co.jp/articles/b658f078ad812c13e61a26aa0abfddb155cc1d4c,3/25(Œ) 18:00
piaeigat,‚Ò‚ ,ƒ[ƒ€ƒVƒAƒ^[‹“s2024”N“x©å–‹Æƒ‰ƒCƒ“ƒAƒbƒv”­•\@ƒe[ƒ}‚ÍuDŠïS‚Ì“üŒûA¢ŠE‚Ö‚ÌoŒûv,https://news.yahoo.co.jp/articles/1d79627abe599eab8e309e76efcb09066228b197,3/25(Œ) 17:50
piaeigat,‚Ò‚ ,TV‰•ú‘—‚Æ‚È‚éw‰ö•¨xw‹t“]‚Ìƒgƒ‰ƒCƒAƒ“ƒOƒ‹x‚à@WOWOW‰f‰æ 5Œ‚Ìƒ‰ƒCƒ“ƒiƒbƒv”­•\,https://news.yahoo.co.jp/articles/cb875854de9f03be4f0413d0b638659cee236321,3/25(Œ) 17:03
piaeigat,‚Ò‚ ,‰¡R‘ñ–çwƒGƒ_ƒjƒNx’†‘Œö‰‰•‘Î’kƒCƒxƒ“ƒgŠJÃŒˆ’è,https://news.yahoo.co.jp/articles/96a865b6b5b0a034917a978339702ae3b540e97b,3/25(Œ) 16:37
piaeigat,‚Ò‚ ,Ê‚Ì‘‚³‚¢‚½‚ÜŒ|pŒ€êEé‹Ê‰ïŠÙ@2024”N“xƒ‰ƒCƒ“ƒAƒbƒv”­•\,https://news.yahoo.co.jp/articles/d1fb18dc68ea9731fe75f2bd7a62ae616236d973,3/25(Œ) 14:21
piaeigat,‚Ò‚ ,w•Ï‚È‰Æx‚ªV2@wlŒ‚É‚È‚ê‚Î”Ş—‚Íx‚Í4ˆÊAwƒfƒfƒfƒfx‚Í7ˆÊƒXƒ^[ƒgy‰f‰æ“®ˆõƒ‰ƒ“ƒLƒ“ƒOz,https://news.yahoo.co.jp/articles/7c6344cac883e4fd57730b8c5595d8a9da7a4caf,3/25(Œ) 13:59
piaeigat,‚Ò‚ ,ƒƒbƒhEƒXƒ`ƒ…ƒ[ƒgA120•ªŠÔƒmƒ“ƒXƒgƒbƒv‚Åƒtƒ@ƒ“‚ğ–£—¹@–ñ15”N‚Ô‚è‚Ì—ˆ“úŒö‰‰wOne Last TimexƒIƒtƒBƒVƒƒƒ‹ƒŒƒ|[ƒg,https://news.yahoo.co.jp/articles/2cc6afb673e33f024142ae401f139b8a429fc13a,3/25(Œ) 13:00
piaeigat,‚Ò‚ ,ƒWEƒGƒ“ƒvƒeƒBAV‹ÈuƒEƒ‹ƒgƒ‰ƒƒ}ƒ“ƒeƒBƒbƒNv”zMƒŠƒŠ[ƒXŒˆ’è@•Ÿ‰ª•“Œ‹‚ÅƒCƒxƒ“ƒgŠJÃ,https://news.yahoo.co.jp/articles/ad775c9609433a279363cff1ae832984204950e4,3/25(Œ) 12:10
piaeigat,‚Ò‚ ,wƒfƒ…[ƒ“ »‚Ì˜f¯PART2xƒtƒ[ƒŒƒ“ƒXEƒsƒ…[‚Ì“Á•Ê‰f‘œŒöŠJ@ì•i‚ÆƒeƒBƒ‚ƒV[EƒVƒƒƒ‰ƒ‚Ö‚Ì‘z‚¢‚ğŒê‚é,https://news.yahoo.co.jp/articles/4292f959557a4be68824d4f7201ac03b1e399b75,3/25(Œ) 12:07
piaeigat,‚Ò‚ ,‰f‰æwƒR[ƒ‹EƒWƒF[ƒ“xŠÄ“ÂƒCƒ“ƒ^ƒrƒ…[BulŠÔ‚Í‚¨Œİ‚¢‚ÉÕ“Ë‚ğŒJ‚è•Ô‚·’†‚Å¬’·‚µ‚Ä‚¢‚­v,https://news.yahoo.co.jp/articles/1110068cf4807f83c772a76365465eeb40cc6cdd,3/25(Œ) 12:07
piaeigat,‚Ò‚ ,Œ€’cƒAƒ“ƒpƒTƒ“ƒh2024”NVìŒö‰‰A8Œã‰‰Œˆ’è@o‰‰Ò•Ú×”­•\,https://news.yahoo.co.jp/articles/63900388d417759ffeae4c2233dfaabc5a6ab551,3/25(Œ) 12:05
piaeigat,‚Ò‚ ,ƒ‰ƒ~ƒ“EƒJƒŠƒ€ƒ‹[A3”N‚Ô‚è‚Ì—ˆ“ú‚ÅwThe Reunionx ŠJÃŒˆ’è@é“c—DAVÈ¹q‚ç‹‰Øo‰‰w”­•\,https://news.yahoo.co.jp/articles/318f375a5d66ad6d532b6842fbab92b07221355e,3/25(Œ) 12:03
piaeigat,‚Ò‚ ,BABYMETALAƒ[ƒ‹ƒhƒcƒA[ƒtƒ@ƒCƒiƒ‹‚Æ‚È‚é‰«“ê2DAYS‚ğŠ®‹@“Á•Êƒo[ƒWƒ‡ƒ“‚Ìuƒƒ^ƒŠIIv‚à”â˜I,https://news.yahoo.co.jp/articles/13b11a7094c671252543f87939b52ebe9320fab5,3/25(Œ) 12:01
piaeigat,‚Ò‚ ,¢ŠE‚ª’–Ú‚·‚éwƒpƒXƒg ƒ‰ƒCƒuƒX^Ä‰ïx„Ÿ„Ÿg‰ï‚¢‚½‚©‚Á‚½h‚Æ‚¢‚¤‚Ğ‚Æ‚±‚Æ‚É‚ß‚ç‚ê‚½24”N‚Ì‘z‚¢By‚¨‚Æ‚È‚Ì‰f‰æƒKƒCƒhz,https://news.yahoo.co.jp/articles/20eae1f7f72364fbc8c5464529c3daa3e00c4e01,3/25(Œ) 12:01
piaeigat,‚Ò‚ ,NewspeakAƒƒWƒƒ[1stƒAƒ‹ƒoƒ€”­”„•ƒƒ“ƒ}ƒ“ƒ‰ƒCƒuŠJÃŒˆ’è,https://news.yahoo.co.jp/articles/ce1aeef2fc8bd42df6105cdf1617d54518fb68a1,3/25(Œ) 12:00
piaeigat,‚Ò‚ ,ƒTƒJƒŠEƒIƒ‰ƒ‚‚ª“Œ‹¿’èŠú‚É‰“oêBu’¹v‚Å‚Â‚È‚ª‚é‘å©‘R‚Ì’²‚×,https://news.yahoo.co.jp/articles/5b76d04183be79844d08662af0967540f2db0d38,3/25(Œ) 12:00
piaeigat,‚Ò‚ ,X ‘åãÄAV‚½‚Èƒƒ“ƒ}ƒ“ƒ‰ƒCƒu‚ğ’a¶“ú‚ÉŠJÃ,https://news.yahoo.co.jp/articles/64c6e53cbb187443f31b6297045e8ccd3f60d215,3/25(Œ) 11:55
piaeigat,‚Ò‚ ,ˆ§“c—œqA–ˆ”NP—á‚Ìƒo[ƒXƒf[ƒCƒxƒ“ƒgŠJÃŒˆ’è@¡”N‚Íƒ‰ƒCƒu‚Æƒg[ƒN‚Ì2•”\¬‚É,https://news.yahoo.co.jp/articles/15c97930e4e8bbf538e3eb24f152a4aa1e79eda5,3/25(Œ) 11:50
piaeigat,‚Ò‚ ,wt‚É’®‚«‚½‚¢ƒXƒsƒbƒcxû˜^‹È”­•\@1ˆÊ‚ÍL£‚·‚¸å‰‰‰f‰æ‚Ìå‘è‰Ì,https://news.yahoo.co.jp/articles/eaa07ec7cc0b2e024b7364fda3f4ee702c69050f,3/25(Œ) 11:35
piaeigat,‚Ò‚ ,‰F–ì˜±Šì—Ç‚Ì‰ß‹Å‘å‹K–Í‚ÌŒÂ“W‚ğ“Œ‹ƒIƒyƒ‰ƒVƒeƒB ƒA[ƒgƒMƒƒƒ‰ƒŠ[‚Å@1950”N‘ã‚ÌŠé‹ÆL‚©‚çÅVì‚Ü‚Å–ñ900“_A’Z•ÒƒAƒjƒ‚Ìã‰f‚à,https://news.yahoo.co.jp/articles/22c427c75ae9aca266f29fe9a6f7c357c0e0c390,3/25(Œ) 11:32
piaeigat,‚Ò‚ ,–k•Äƒ{ƒbƒNƒXƒIƒtƒBƒXAñˆÊ‚ÍwƒS[ƒXƒgƒoƒXƒ^[ƒYx,https://news.yahoo.co.jp/articles/af3eae2a5870bee62c41795d1829b2daecc6c0e5,3/25(Œ) 11:31
piaeigat,‚Ò‚ ,King GnuA‰‚Ì5‘åƒh[ƒ€ƒcƒA[Š®‘–@ƒtƒ@ƒCƒiƒ‹D–yŒö‰‰‚ÌƒIƒtƒBƒVƒƒƒ‹ƒŒƒ|[ƒg“’…,https://news.yahoo.co.jp/articles/b128f67cde896a39eee928773dd8113474384094,3/25(Œ) 11:10
piaeigat,‚Ò‚ ,ƒVƒh‚ªw•·–x‚Æ4“x–Ú‚Ìƒ^ƒbƒOI@V‹ÈuæÜßv‚ªw•·– -ŠñhŠwZ•Ò-x‚ÌƒGƒ“ƒfƒBƒ“ƒOƒe[ƒ}‚É,https://news.yahoo.co.jp/articles/5eaf01f9e33edd35545a9390d111e450d6d5ad4b,3/25(Œ) 10:35
piaeigat,‚Ò‚ ,“ä‘½‚«‘å«ŒRE—–ğ‚ÍV–Ø—DqwƒLƒ“ƒOƒ_ƒ€ ‘å«ŒR‚Ì‹AŠÒx@–ÒX‚µ‚­Œ•‚ğU‚è‚©‚´‚·ÅV‰f‘œŒöŠJ,https://news.yahoo.co.jp/articles/d04938db99b3491fa81967783aa0e024a80470d2,3/25(Œ) 5:00
piaeigat,‚Ò‚ ,‚‹´—DAV‹ÈuŒ»‰º‚ÌŠ…Ñv‚ªwOha!4 NEWS LIVEx‚ÌVƒe[ƒ}ƒ\ƒ“ƒO‚É@4Œ1“ú”Ô‘g“à‚Å¶”â˜I‚àŒˆ’è,https://news.yahoo.co.jp/articles/9420fe07991ba5a0173e54c51d55a907a6c27bbc,3/25(Œ) 4:30
piaeigat,‚Ò‚ ,ƒoƒJƒŠƒYƒ€Œ´ˆÄwƒmƒ“ƒŒƒ€‚Ì‘‹ 2024txƒLƒƒƒXƒg”­•\@‰““¡Œ›ˆêA–{‹½‘t‘½A¼á‘×q‚ç‚ªo‰‰,https://news.yahoo.co.jp/articles/6bc1d3f5bb2dfd063a16e2dec5594023f0d1baf9,3/24(“ú) 13:59
piaeigat,‚Ò‚ ,w•ê‚ÉŠ´Ó‚ÌƒRƒ“ƒT[ƒg2024 in TOKYOx•½Œ´ˆ»‚Ìo‰‰‚ªŒˆ’è@ƒXƒyƒVƒƒƒ‹ƒQƒXƒg‚ÅAI‚à“oê,https://news.yahoo.co.jp/articles/543ccd64d533f938d303db035922d7695ab2b00a,3/24(“ú) 12:05
piaeigat,‚Ò‚ ,w˜A‘±ƒhƒ‰ƒ}W â‚Ìã‚ÌÔ‚¢‰®ªx•—‰_‹}‚ğ‚°‚é‘æ4˜b‚ª–{“ú•ú‘—I@¹“Ş‚Í—¼e‚ğEŠQ‚µ‚½l•¨‚È‚Ì‚©\\,https://news.yahoo.co.jp/articles/905d84b5ff1e0da644654050a5ee5b3884eec684,3/24(“ú) 12:05
piaeigat,‚Ò‚ ,THE BACK HORNA6”N‚Ô‚è‚Ì‘Îƒoƒ“ƒcƒA[ŠJÃŒˆ’è@“ú”ä’J–ì‰¹ƒƒ“ƒ}ƒ“‚à”­•\,https://news.yahoo.co.jp/articles/279aca1ca27d8f658ea3309a50d4e644ee2e10d2,3/23(“y) 21:01
piaeigat,‚Ò‚ ,wƒEƒ}–º ƒvƒŠƒeƒB[ƒ_[ƒr[ ROAD TO THE TOPxŒ€ê—pÄ•ÒW”Å‚Æ‚µ‚Ä2TŠÔŒÀ’èŒöŠJ,https://news.yahoo.co.jp/articles/99aeb86a9833588a59e4dbb741aaf88ba60a6d4d,3/23(“y) 20:00
piaeigat,‚Ò‚ ,PEOPLE 1A‰‚Ìƒz[ƒ‹ƒcƒA[wafter darkxŠJÃŒˆ’è@‚Ò‚ ƒAƒŠ[ƒiMMŒö‰‰‚ÌBlu-ray”­”„‚à,https://news.yahoo.co.jp/articles/e6cdb752e1f86db552789c2e613865a04af771cb,3/23(“y) 18:03
piaeigat,‚Ò‚ ,áèU•t‰ÆƒmƒGEƒX[ƒŠƒG‚É‚æ‚éwThe Wavesx¡Œ“ú–{‰‰‰‚Ö,https://news.yahoo.co.jp/articles/f39d4b13ec38b4e4c4800a784bee6418d65dbdf4,3/23(“y) 13:39
piaeigat,‚Ò‚ ,wƒS[ƒXƒgƒoƒXƒ^[ƒYxÅVìA‘å—Ê‚Ìƒ~ƒjƒ}ƒVƒ…ƒ}ƒƒ}ƒ“‚ª“oê‚·‚é–{•Ò‰f‘œŒöŠJ,https://news.yahoo.co.jp/articles/4bcc69ab2586b678a7e23a9f34c78c42bc062287,3/23(“y) 12:08
piaeigat,‚Ò‚ ,ƒ~ƒjƒAƒ‹ƒoƒ€wVERDEx‚ğƒŠƒŠ[ƒX@tƒcƒA[‚ğT‚¦‚½MYTH & ROIDƒCƒ“ƒ^ƒrƒ…[u©•ª‚Ì’†‚ÌŠì‚Ñ‚ª‰Ì‚Éæ‚Á‚Ä“`‚í‚éA•ó•¨‚İ‚½‚¢‚ÈƒŒƒR[ƒfƒBƒ“ƒO‚É‚È‚è‚Ü‚µ‚½v,https://news.yahoo.co.jp/articles/cd726abd1b335b124e510c564b70860734901c5f,3/23(“y) 12:07
piaeigat,‚Ò‚ ,¡ˆä—ƒ‚ª“Á•Êo‰‰@ƒtƒ‰ƒƒ“ƒRŒö‰‰wGolpe 2024xŠJÃŒˆ’è,https://news.yahoo.co.jp/articles/6fc887269e0057e62a94abcddec269c86b0085d9,3/23(“y) 11:45
piaeigat,‚Ò‚ ,•‘‘äw‚­‚¿‚Ñ‚é‚É‰Ì‚ğxƒLƒƒƒXƒg‚Æ‹r–{‚ğˆê•”üV‚µ‚ÄÄ‰‰Œˆ’è,https://news.yahoo.co.jp/articles/4f7541e98b8f7d0b406877f3bb31f063a46c08da,3/23(“y) 11:39
piaeigat,‚Ò‚ ,uŒû‚©‚ç‚Å‚Ü‚©‚¹ŒnƒRƒƒfƒBinƒ”ƒFƒlƒcƒBƒAv@‰Á“¡Œ’ˆê––±Š‚Ì5ŒŒö‰‰w“ñl‚Ìål‚ğˆê“x‚É‚Â‚Æx,https://news.yahoo.co.jp/articles/ce3270eddab39e4fb9d7dafbb180815a32aff788,3/23(“y) 10:03
piaeigat,‚Ò‚ ,Œ€ê”ÅwƒEƒ}–ºx—\•ÒŒöŠJ@‘åÎ¹—Ç‚ªìŒì‹È‚ğè‚ª‚¯‚½å‘è‰Ì‚à,https://news.yahoo.co.jp/articles/362329db5f304767fd9bf510c2d25237fb752f1d,3/22(‹à) 20:01
piaeigat,‚Ò‚ ,‹Ê‰®2060%åÃw‹Ê‰®Õ2024xŠJÃŒˆ’è@‚Å‚ñ‚Ï‘gAƒiƒiƒ’ƒAƒJƒŠ‚ªo‰‰,https://news.yahoo.co.jp/articles/c59452036e3ab5bcda7cff6a8a7c28fe91d1774c,3/22(‹à) 20:00
piaeigat,‚Ò‚ ,V‘—§Œ€êwƒ‰Eƒoƒ„ƒf[ƒ‹xA‘¬…ÂŒå‚ª‰‚Ìƒ\ƒƒ‹–ğ’§í‚ğŒê‚é,https://news.yahoo.co.jp/articles/23f509aaaa1eb9348072e37b8e92167b65cd49a6,3/22(‹à) 18:31
piaeigat,‚Ò‚ ,SixTONES‹–{‘å‰ä‚ªw¶’†ŒpI‘æ77‰ñƒgƒj[ÜöÜ®xSPƒTƒ|[ƒ^[‚É,https://news.yahoo.co.jp/articles/32d8b0226e698a8831ad3be425536cb507210477,3/22(‹à) 18:03
piaeigat,‚Ò‚ ,˜N“ÇŒ€wá‚«ƒEƒFƒ‹ƒeƒ‹‚Ì”Y‚İxˆ§“c—œqA‘º£•àA”©’†—S‚ç‘SƒLƒƒƒXƒg”­•\,https://news.yahoo.co.jp/articles/e6d5c4b9ff3d4d42c3f13874d103cddb0b4520eb,3/22(‹à) 18:03
piaeigat,‚Ò‚ ,ƒ~ƒ…[ƒWƒJƒ‹wƒCƒ“ƒtƒ@ƒiƒ‹EƒAƒtƒFƒAxãŠC‚Å¢ŠE‰‰‰@‰‰oEU•t‚É’·’Jì”J,https://news.yahoo.co.jp/articles/cd57ad80e517dd976042f5cd8f3e941a000b4651,3/22(‹à) 17:00
piaeigat,‚Ò‚ ,’¬“cŒ[‘¾‚ªwƒfƒ…[ƒ“x‚Ì–£—Í‚ğ”M•ÙI@‚ä‚è‚â‚ñ‚ÍƒTƒ“ƒhƒ[ƒ€‚Éæ‚Á‚Ä“oê,https://news.yahoo.co.jp/articles/02db2721896152e95f3581431fca51848be6ac13,3/22(‹à) 16:25
piaeigat,‚Ò‚ ,ƒ\ƒtƒBƒAEƒRƒbƒ|ƒ‰ŠÄ“ÂÅVìwƒvƒŠƒVƒ‰x–{•Ò–`“ªƒV[ƒ“ŒöŠJ@ƒvƒŠƒVƒ‰EƒvƒŒƒXƒŠ[–{l‚àu‘f°‚ç‚µ‚¢v,https://news.yahoo.co.jp/articles/2fc40135f20ece4fe649e1ddcbd717d6ad1f993f,3/22(‹à) 15:00
piaeigat,‚Ò‚ ,‚½‚¿‚Ü‚¿d”Åi4üjŒˆ’èI Mrs. GREEN APPLE10ü”N‹L”O‰‚ÌŒö®–{wPMC‚Ü‚é‚²‚Æ1ûƒ~ƒZƒXxˆÙ—á‚Ìƒƒ“ƒOƒZƒ‰[‚É,https://news.yahoo.co.jp/articles/c0010da15e7b3a2c2afd8b801a732ebe211e91c2,3/22(‹à) 13:47
piaeigat,‚Ò‚ ,yLiLiCo‚Ì‚±‚Ì‰f‰æA–„‚à‚ç‚³‚¹‚¿‚áƒ_ƒIz¡”NŒ©‚½ƒAƒWƒA‰f‰æ‚Å‚Í„“Ib’èˆêˆÊ‚Å‚·wƒrƒj[ƒ‹ƒnƒEƒXx,https://news.yahoo.co.jp/articles/9ef59f6e4a6d7d9a08adfb582609e03aa30cfc7a,3/22(‹à) 12:03
piaeigat,‚Ò‚ ,¼”öƒXƒYƒLw‚Ó‚­‚·‚¯2024xŒö‰‰ƒrƒWƒ…ƒAƒ‹ŒöŠJ@ˆ¢•”ƒTƒ_ƒ’A•–Ø‰Ø‚ç‚Ì”z–ğ‚à,https://news.yahoo.co.jp/articles/691b2a6d21389261627cee8156f6c70488723bb8,3/22(‹à) 12:03
piaeigat,‚Ò‚ ,10ü”N‚ğŒ}‚¦‚½wƒrƒNƒ^[ƒƒbƒNÕ‚èx¡”N‚Í“Œ‹ƒK[ƒfƒ“ƒVƒAƒ^[‚ÅŠJÃ,https://news.yahoo.co.jp/articles/38b921b34451bca57f6e26a9403b1f3515f6bda0,3/22(‹à) 12:03
piaeigat,‚Ò‚ ,Œ€ê”Åw–¼’T’ãƒRƒiƒ“xÅVì‚ÌŒöŠJ‚ğ‹L”O‚µA‰ö“ƒLƒbƒh‚ª“ú–{’†‚ğƒWƒƒƒbƒN‚·‚éu1412Œv‰æv‚ªn“®,https://news.yahoo.co.jp/articles/a6713fad45ce7eb5d44f9cbf644a3680f83c8aad,3/22(‹à) 11:40
piaeigat,‚Ò‚ ,w–¢—ˆ‚Ì‚©‚¯‚ç: ‰ÈŠw‚ÆƒfƒUƒCƒ“‚ÌÀŒ±ºx21_21 DESIGN SIGHT‚Å@‰ÈŠw~ƒfƒUƒCƒ“‚Å¶‚Ü‚ê‚é–¢—ˆ‚ÌƒfƒUƒCƒ“‚É’–Ú,https://news.yahoo.co.jp/articles/25c646b16b590f3c7b8dafe2fdd89d8e1398f329,3/22(‹à) 11:33
piaeigat,‚Ò‚ ,wƒs[ƒL[Eƒuƒ‰ƒCƒ“ƒ_[ƒYx‰f‰æA–{Ši“I‚Én“®,https://news.yahoo.co.jp/articles/693e7b851f7f6554a1fcf0289dec30fc4e8d7d7d,3/22(‹à) 11:00
piaeigat,‚Ò‚ ,MAZZELA1stƒAƒ‹ƒoƒ€wParadex”­”„‹L”OƒCƒxƒ“ƒg‚ÌƒIƒtƒBƒVƒƒƒ‹ƒŒƒ|[ƒg‚ª“’…,https://news.yahoo.co.jp/articles/fea5808bd7a3c7168acb0fe8c4eeef6956165071,3/22(‹à) 10:50
piaeigat,‚Ò‚ ,Œé‚©‚È‚Æ•ŠC”T”üŒ‚Ì•ó’Ë‘åŒ€êƒ‰ƒXƒgƒXƒe[ƒW‚ğ‘S‘‚Ì‰f‰æŠÙ‚É¶’†Œp,https://news.yahoo.co.jp/articles/82f6bd25be8ab0a9ea787dbdbd9d31284cddc117,3/22(‹à) 10:30
piaeigat,‚Ò‚ ,‰f‰æwƒS[ƒXƒgƒoƒXƒ^[ƒY^ƒtƒ[ƒYƒ“EƒTƒ}[xŒ€’†‚É“oê‚·‚éECTO-1‚ªƒ|ƒbƒvƒR[ƒ“ƒ{ƒbƒNƒX‚É,https://news.yahoo.co.jp/articles/5dd363dd8be2a065a7aec67dd04200c0131ef873,3/22(‹à) 8:03
piaeigat,‚Ò‚ ,WiennersAƒfƒWƒ^ƒ‹ƒVƒ“ƒOƒ‹w‰½—l‚Ìƒ‰ƒvƒ\ƒfƒBx”zMƒŠƒŠ[ƒX•‘S‘ƒcƒA[w‰½—l‘åsi2024xŠJÃŒˆ’è,https://news.yahoo.co.jp/articles/6482e59b9e357126449ae2aa8da9d59aeb319063,3/21(–Ø) 21:30
piaeigat,‚Ò‚ ,ìè‘é–çA‘S‘15“ss‚ğ„‚éƒz[ƒ‹ƒcƒA[wˆ¤S -MANAGOKORO-xŠJÃŒˆ’è,https://news.yahoo.co.jp/articles/4422d71931ddf56a859a736e97979403e0009aae,3/21(–Ø) 21:00
piaeigat,‚Ò‚ ,ƒAƒ“ƒZƒ‹EƒGƒ‹ƒS[ƒgu“Œ‹‚Í‘æ“ñ‚ÌŒÌ‹½v@“n•ÓŒª‚Æ‚Æ‚à‚ÉwTOKYO VICE Season2x‚ğƒAƒs[ƒ‹,https://news.yahoo.co.jp/articles/d373bb0a00ab0344c5ab94ab272f435e557a61c5,3/21(–Ø) 20:20
piaeigat,‚Ò‚ ,wVh‰Ì•‘Šê’¬‘å‰Ì•‘ŠêÕxŠJÃŒˆ’è@w‰Ì•‘Šê’¬‘å‰Ì•‘Šêxo‰‰Ò‚É‚æ‚é‘å‚¨—û‚è‚È‚Ç‚ğÀ{,https://news.yahoo.co.jp/articles/f7279bff9d30fcad21eaf1c013b417ec1e31fc4f,3/21(–Ø) 18:40
piaeigat,‚Ò‚ ,—Œê“ñÈ‚Æ¡Œã‚É‚Â‚¢‚Ä‚Ìƒg[ƒN‚É’–Úu‘ãŠ¯R—Œê–é™ò —§ì‹gÎw¬l\‹ãxw‚­‚¶”ßŠìxv,https://news.yahoo.co.jp/articles/be7354ae925f3b8dbaf24ef84e30ad2bea2d3a8a,3/21(–Ø) 18:03
piaeigat,‚Ò‚ ,XR’¼‘¾˜Nw‘f°‚ç‚µ‚¢¢ŠExq”ÔŠO•Ñru‚½‚Á‚½¡‚Ìg“š‚¦h‚É‚½‚Ç‚è’…‚¢‚½‚»‚ÌuŠÔ‚ğ–l‚Íw‘f°‚ç‚µ‚¢¢ŠEx‚Æ–¼‚Ã‚¯‚Ü‚·v,https://news.yahoo.co.jp/articles/2863066bdc5796a370827965eb566c2b06b9af6d,3/21(–Ø) 18:02
piaeigat,‚Ò‚ ,pŠÔ”ü”¿ƒvƒƒfƒ…[ƒXuNEO-SYMPHONIC JAZZv‚Éƒ}ƒŠƒAEƒVƒ…ƒiƒCƒ_[‚ª“oê,https://news.yahoo.co.jp/articles/3d83ec7fb76e8e368df5c65c40c550c9eb04f959,3/21(–Ø) 18:00
piaeigat,‚Ò‚ ,L-PPISCHA“Œ–¼ãƒcƒA[wGreat EscapexŠJÃŒˆ’èuŠF‚ñ‚È‚Å‘å’E‘–‚µ‚ÄŠy‚µ‚İ‚Ü‚µ‚å‚¤v,https://news.yahoo.co.jp/articles/4fb9c32b23654d0b0f373a17ed00332cb6463e09,3/21(–Ø) 17:35
piaeigat,‚Ò‚ ,wSky Jamboree 2024x10-FEETASiM‚ç‘æ1’eƒA[ƒeƒBƒXƒg”­•\,https://news.yahoo.co.jp/articles/4a93394c05053042d16e3b43bce68536c439161d,3/21(–Ø) 17:30
piaeigat,‚Ò‚ ,ë–ì‰pFAƒ‰ƒ‰ƒ“ƒhƒT[ƒ„A‚³‚ç‚ÎX“c‚ç‚ª”Æl‚ğ„—@•‘‘äwAGASAx‘So‰‰Ò”­•\,https://news.yahoo.co.jp/articles/07dae6da5a706ffe14c1e7a5848ff235a37066dc,3/21(–Ø) 17:30
piaeigat,‚Ò‚ ,ƒ‰ƒuƒVƒƒƒXƒvƒŠƒ“ƒO‚Ì‘S–e‚ğ¶”zM”Ô‘g‚Å”­•\@èR‘“u‚É‚æ‚éƒXƒ^ƒWƒIƒ‰ƒCƒu‚à,https://news.yahoo.co.jp/articles/b69eb035c9861a4776f855f3a219f9f472af74a0,3/21(–Ø) 17:05
piaeigat,‚Ò‚ ,•¨Œê‚ÆƒŠƒAƒŠƒeƒB‚ÌŠÔ‚ÖBwƒIƒbƒyƒ“ƒnƒCƒ}[x‚Åƒm[ƒ‰ƒ“‚ªŒ©‚¹‚éIMAX‚ÌV‚½‚È‰Â”\«,https://news.yahoo.co.jp/articles/43b08e5e80d6470d9430a5ee5971ca60fd92bac0,3/21(–Ø) 17:05
piaeigat,‚Ò‚ ,ƒLƒXƒ}ƒC‰¡”öÂ‚ço‰‰‚Ì•‘‘äwƒsƒNƒgƒOƒ‰ƒ€xƒƒCƒ“ƒrƒWƒ…ƒAƒ‹ŒöŠJ,https://news.yahoo.co.jp/articles/b98e7ee48e264c434a89fcf3074cfd9a408c1282,3/21(–Ø) 15:00
piaeigat,‚Ò‚ ,Œ³CHAIo–…‚ÌV‚½‚Èƒ†ƒjƒbƒguMANAKANAv‚à“oêI wambient roomx‘æ2’e‚ÌŠJÃ‚ªŒˆ’è,https://news.yahoo.co.jp/articles/0045350ddeed36b3fe249e2397ac43d1d9badfb0,3/21(–Ø) 14:15
piaeigat,‚Ò‚ ,ƒmƒTƒJƒ‰ƒ{ _’Ã‹±‰îƒVƒŠ[ƒYw‚í‚ªˆê‚‘ã‚Ì”Æßx“Œ‹Œö‰‰ŠJ–‹@—ÑˆêŒhA¬‰€—½‰›‚ç‚ªˆÓ‹C‚İ‚ğŒê‚é,https://news.yahoo.co.jp/articles/d1501ec1ea6d314d27c787b081a030661d214df5,3/21(–Ø) 12:15
piaeigat,‚Ò‚ ,wPMC Vol.31x–{“ú”­”„IMAZZEL•\†&— •\†ƒWƒƒƒbƒN{46PBFANTASTICSARIIZE”Ô‘g–§’…Aƒ~ƒZƒXABABYMETALAMETALVERSE‚Ìƒ‰ƒCƒuƒŒƒ|‚Ù‚©,https://news.yahoo.co.jp/articles/ce1a778d8add065b48630dc42717791105177395,3/21(–Ø) 12:13
piaeigat,‚Ò‚ ,‰f‰æwƒ}ƒbƒhƒ}ƒbƒNƒXFƒtƒ…ƒŠƒIƒTx5ŒŒöŠJŒˆ’è•US”Å–{—\ŒöŠJ,https://news.yahoo.co.jp/articles/46401b49a6d7de5d2266a28b457ab7b95109b86a,3/21(–Ø) 12:09
piaeigat,‚Ò‚ ,t•—’à¸—r‚³‚ñA–ö‰Æ¬‚Ó‚Ë‚³‚ñ@‚²‚Ğ‚¢‚«Šè‚¢‚Ü‚·I,https://news.yahoo.co.jp/articles/4fe0cb5c2db8d61d01d82c8083846d1081ac399c,3/21(–Ø) 12:08
piaeigat,‚Ò‚ ,—«‚½‚¿‚ğ‹~‚¤‚½‚ß‚Ì“¹‹ï‚ÍƒJƒ{ƒ`ƒƒ!?@‰f‰æwƒR[ƒ‹EƒWƒF[ƒ“xV‚½‚Èê–ÊÊ^3“_ŒöŠJ,https://news.yahoo.co.jp/articles/876ef7ce15de0923383de6b06be30b4b4d035920,3/21(–Ø) 12:08
piaeigat,‚Ò‚ ,wFUJI & SUNf24xceroAƒyƒgƒ[ƒ‹ƒYAƒlƒoƒ„ƒ“‚ç‘æ4’eo‰‰ƒA[ƒeƒBƒXƒg•“úŠ„‚è”­•\,https://news.yahoo.co.jp/articles/8b5ca272792c3cddffcaa92d9c17e0bc9a9f3379,3/21(–Ø) 12:06
piaeigat,‚Ò‚ ,‚¢‚¢‚Ö‚ñ‚¶‚ÌVìŒö‰‰w—F’B‚¶‚á‚È‚¢xŠJ–‹@åÉE’†“‡ˆ²D‚©‚çƒRƒƒ“ƒg‚ª“’…,https://news.yahoo.co.jp/articles/dd09793aaf4eb51676b51a09b6de6aea15abb692,3/21(–Ø) 12:01
piaeigat,‚Ò‚ ,ƒgƒ‰ƒWƒƒµŒÜOŠ|—´–ç•‹gàVŠÕ–ç‚ªWå‰‰@ƒ~ƒ…[ƒWƒJƒ‹wƒ_ƒuƒŠƒ“‚Ìà‚Â‚«ƒJƒrlŠÔxã‰‰Œˆ’è,https://news.yahoo.co.jp/articles/aeb7f790767235901f3b6884f5f7a7442cbaa39d,3/21(–Ø) 11:46
piaeigat,‚Ò‚ ,20¢‹I’¤‚Ìæ‹ìÒƒuƒ‰ƒ“ƒN[ƒV‚Ì‘“à”üpŠÙ‰‚Ì‘å‹K–ÍŒÂ“Wwƒuƒ‰ƒ“ƒN[ƒV@–{¿‚ğÛ‚éxƒA[ƒeƒBƒ]ƒ“”üpŠÙ‚Å,https://news.yahoo.co.jp/articles/4aa691fe9ba76ef37ecc94c9ab5ea2a998726b5f,3/21(–Ø) 11:32
piaeigat,‚Ò‚ ,wƒlƒo[ƒGƒ“ƒfƒBƒ“ƒOEƒXƒg[ƒŠ[xÄ‰f‰æ‰»,https://news.yahoo.co.jp/articles/9ea85971c8c24546317de916e6d602c25b5bfb55,3/21(–Ø) 11:00
piaeigat,‚Ò‚ ,w‰f‰æ ƒ}ƒCƒz[ƒ€ƒq[ƒ[x‘åƒqƒbƒgŒä—ç•‘‘äˆ¥AƒŒƒ|[ƒg@²X–Ø‘ ”V‰î‚©‚çŠ´Ó‚Ì‘²‹ÆƒƒbƒZ[ƒW‚à,https://news.yahoo.co.jp/articles/bd37cb578377e2bacaea3a2d846b9a0024f6ea32,3/21(–Ø) 10:26
piaeigat,‚Ò‚ ,EXILE THE SECONDA–k—¤VŠ²ü•ŸˆäŠJ‹Æ‹L”OƒCƒxƒ“ƒg‚É5l‘µ‚Á‚Ä“oê,https://news.yahoo.co.jp/articles/b4b8107f7b9fb5afec883aa7fbe3b66aba3be4d1,3/21(–Ø) 10:14
piaeigat,‚Ò‚ ,"–]ŠC•—“lA3“x–Ú‚Ì‘S‘ƒcƒA[wHello,xŠJ–‹@u‰ïê‚Æˆê‘Ì‚É‚È‚Á‚Ä·‚èã‚ª‚ê‚ê‚Îv",https://news.yahoo.co.jp/articles/872049595c23c3e24738463ad55d4ea08f689e0f,3/21(–Ø) 10:02
piaeigat,‚Ò‚ ,”ü ­”NEŠâí•‘å¸‚ªƒOƒ‰ƒ“ƒhƒ~ƒ…[ƒWƒJƒ‹‰å‰‰I wƒjƒ…[ƒW[ƒYxÄ‰‰Œˆ’èu–l‚Ì‚Ä‚é—Í‚Ì‘S‚Ä‚ğ‚©‚¯‚Ä—Õ‚İ‚Ü‚·v,https://news.yahoo.co.jp/articles/d88c6d544ca1a0bc72611c2b647f18d65f7530ac,3/21(–Ø) 10:01
piaeigat,‚Ò‚ ,ˆ»£‚Í‚é‚©å‰‰wƒ‹[ƒg29x¡HŒöŠJŒˆ’è@ê–ÊÊ^EƒƒCƒLƒ“ƒOÊ^•ƒRƒƒ“ƒgŒöŠJ,https://news.yahoo.co.jp/articles/d90741d68d3f553073077287ec3eef13a51fc23e,3/21(–Ø) 7:03
piaeigat,‚Ò‚ ,ƒhƒŠƒJƒ€AV‹ÈuKaijuvƒTƒvƒ‰ƒCƒY”zM@wƒEƒ‰ƒƒ“xŠJÃ•‹g“c”ü˜a‚Ì’nŒ³‚ÅƒXƒyƒVƒƒƒ‹ƒCƒxƒ“ƒg‚à,https://news.yahoo.co.jp/articles/ffe117e1c599b4f78b06d0035a4b04e8f3f155e2,3/21(–Ø) 4:00
piaeigat,‚Ò‚ ,anoA‘S‘7ƒJŠ‚ğ‰ñ‚éƒƒ“ƒ}ƒ“ƒcƒA[wano TOUR 2024xŠJÃ”­•\,https://news.yahoo.co.jp/articles/cba9a05374c23d3555738e97db3470c5e6d3afdc,3/20(…) 21:01
piaeigat,‚Ò‚ ,wíê‹LÒx{‰êì‘ñŠÄ“Â~‘‹«‚È‚«ˆãt’c‚Ì”’ì—DqAg•ñ“¹‚Æˆã—Ãh‚ÌˆÓ‹`‚ğŒê‚é,https://news.yahoo.co.jp/articles/a6fc2f190b0f2cb28b03c0e00834989706a621e0,3/20(…) 20:59
piaeigat,‚Ò‚ ,–ØŒË‘å¹ER‰ºK‹PE¼Š_ E–L“c—T‘å‚ª‹¤“¯¶Šˆu‚İ‚ñ‚È’‡—Ç‚µ“¯‹‰¶‚Á‚ÄŠ´‚¶‚Å‚µ‚½v,https://news.yahoo.co.jp/articles/9171207bfc04e1498621abf628d0a62745f1dda9,3/20(…) 19:02
piaeigat,‚Ò‚ ,‚¿‚ ‚«‚È‚¨‚İAÅVƒRƒ“ƒZƒvƒgƒAƒ‹ƒoƒ€w‹â—äx–{“úƒŠƒŠ[ƒX,https://news.yahoo.co.jp/articles/78a71fe1e63300fe10714f98b2aef155de43e465,3/20(…) 15:00
piaeigat,‚Ò‚ ,RIIZE‚ªo‰‰‚·‚é‰¹Šyƒoƒ‰ƒGƒeƒB[”Ô‘g‚Ìû˜^‚É‰¹ŠyPMC‚ª–§’…B”Ô‘g‚Éo‰‰‚·‚éƒ~ƒZƒXáˆä‚É‚à’¼Œ‚I,https://news.yahoo.co.jp/articles/6fa40139081e4126a448a331a12589e2f06e23f9,3/20(…) 12:01
piaeigat,‚Ò‚ ,wƒAƒRƒ‰ƒCƒgx“ú•Ä“¯“Æè”zMŒˆ’è•“Á•ñEƒƒCƒ“ƒrƒWƒ…ƒAƒ‹ŒöŠJ@wƒXƒ^[EƒEƒH[ƒYxep1‚Ì100”N‘O‚ğ•`‚­,https://news.yahoo.co.jp/articles/4659c963099d9f6c5237bff771e3d8677791132e,3/20(…) 11:19
piaeigat,‚Ò‚ ,ÎŒ´‚³‚Æ‚İu‚±‚¤‚¢‚¤ì•i‚ª‚â‚è‚½‚©‚Á‚½Iv ‰f‰æwƒ~ƒbƒVƒ“ƒOx—\‰f‘œ•ƒ|ƒXƒ^[ŒöŠJ,https://news.yahoo.co.jp/articles/27d7aac7cf46db955d8aa1307727f016a36f60a2,3/20(…) 10:01
piaeigat,‚Ò‚ ,w“¦‘–’†x‰f‰æ‰»Œˆ’èI@l‹Cƒ{[ƒCƒYƒOƒ‹[ƒv‚ÌŠ_ª‚ğ‰z‚¦‚½‹£‰‰‚ªÀŒ»,https://news.yahoo.co.jp/articles/efc6e7b6e8b12a5c0805ed9fe2e5365b0ff2b709,3/20(…) 8:02
piaeigat,‚Ò‚ ,KroiA’¹R–¾Œ´ìwSAND LAND: THE SERIESxOPƒe[ƒ}‚ğ”zMƒŠƒŠ[ƒX@SNSƒVƒFƒAƒLƒƒƒ“ƒy[ƒ“‚àƒXƒ^[ƒg,https://news.yahoo.co.jp/articles/19ca6997642675b90f8df397122d602bcb5628d5,3/20(…) 0:00
piaeigat,‚Ò‚ ,wSATANIC CARNIVAL 2024x‘æ2’eo‰‰ƒoƒ“ƒh‚ÅROTTENGRAFFTYAƒTƒoƒVƒXƒ^[‚ç9‘g”­•\,https://news.yahoo.co.jp/articles/6acff13c69feb8d1ab4a3fca3ad9b576d5ccf7a5,3/19(‰Î) 19:03
piaeigat,‚Ò‚ ,King GnuA5‘åƒh[ƒ€ƒcƒA[ÅIŒö‰‰‚ÌƒA[ƒJƒCƒu”zM‚ªŒˆ’è,https://news.yahoo.co.jp/articles/65d633b30ca9073c51d6b77827bf0565dbf85046,3/19(‰Î) 18:41
piaeigat,‚Ò‚ ,ÅVìŒöŠJ‘O‚Éƒtƒ…ƒŠƒIƒT‚Ì—Yp‚ğ‚à‚¤ˆê“x@wƒ}ƒbƒhƒ}ƒbƒNƒX “{‚è‚ÌƒfƒXEƒ[ƒhxƒRƒŒƒNƒ^[ƒYEƒGƒfƒBƒVƒ‡ƒ“ƒŠƒŠ[ƒX,https://news.yahoo.co.jp/articles/19acaf232005c4a4477444bff1788ef87ce347fa,3/19(‰Î) 18:14
piaeigat,‚Ò‚ ,ƒLƒŠƒAƒ“Eƒ}[ƒtƒB[‚ªŒ´”š‚Ì•ƒ‚ğ”M‰‰@ˆ³“|“I‚È—ÕêŠ´‚Åä‚«‚Ü‚ê‚éwƒIƒbƒyƒ“ƒnƒCƒ}[x,https://news.yahoo.co.jp/articles/8ff53aae399336a97ea52d6d612616f7dd1414b0,3/19(‰Î) 18:04
piaeigat,‚Ò‚ ,GLAY‚ª30”NŠÔ‚Å”­•\‚µ‚½‘SCDƒWƒƒƒPƒbƒgEMV‚ğ“O’ê‰ğ–UI wGLAY CREATIVE COLLECTION 1994-2024x”­”„Œˆ’è,https://news.yahoo.co.jp/articles/b9c409098ea87f63756ab9a505f82df9849b9e6d,3/19(‰Î) 18:03
piaeigat,‚Ò‚ ,ğ‹GƒvƒŒ[ƒIƒtŒˆŸ‚ÌÄŒ»ES“Œ‹ƒxƒC~é‹ÊWK! â‘Î•s—˜‚ÌŠR‚Á‚Õ‚¿‚©‚ç‰¤Ò‚ÌŠª‚«•Ô‚µ‚È‚é‚©?,https://news.yahoo.co.jp/articles/6cea7c70c49aaae2b4c45f0da63e854e44816fe6,3/19(‰Î) 18:02
piaeigat,‚Ò‚ ,ƒtƒ‰ƒbƒh~‹à‘®ƒoƒbƒg‚É‚æ‚ég“ú–{‚Åˆê”ÔƒƒP‚Ì•ª‚©‚ç‚È‚¢–éh wKINZOKU Bat NIGHTxƒIƒtƒBƒVƒƒƒ‹ƒŒƒ|[ƒg,https://news.yahoo.co.jp/articles/747cf9971865a09071a1b498ba8e0312a273c67b,3/19(‰Î) 18:02
piaeigat,‚Ò‚ ,‰¡•l‚İ‚È‚Æ‚İ‚ç‚¢ƒz[ƒ‹25ü”N‰¹ŠyÕŠJ–‹‰ïŒ©B”½“c‹±•½‚ªv‚¢‚ğ–¾‚©‚·,https://news.yahoo.co.jp/articles/5a877329ad3f2a0df01bfee0836067205cd7b520,3/19(‰Î) 17:31
piaeigat,‚Ò‚ ,wƒ}ƒcƒIƒqƒƒ~“W `ƒŒƒgƒƒ‚ƒ_ƒ“ƒtƒ@ƒ“ƒ^ƒWƒA`x–í¶”üpŠÙ‚Å@‘åƒqƒbƒgìw•S‰İ“Xƒƒ‹ƒcx‚ÌuOg•S‰İ“XvÄŒ»“W¦‚à,https://news.yahoo.co.jp/articles/4f2bd36388003d81e33c640c0401622faaebb38a,3/19(‰Î) 17:04
piaeigat,‚Ò‚ ,˜AÚ15ü”N‚ğŒ}‚¦‚éw‹Å‚ÌƒˆƒixŒ³‹g—f‘×‰‰o‚Åƒ~ƒ…[ƒWƒJƒ‹‚Æ‚µ‚Äã‰‰,https://news.yahoo.co.jp/articles/009d691c5b11bfd375ba8276ff49e0f96cea216d,3/19(‰Î) 15:50
piaeigat,‚Ò‚ ,‰f‰æwRental FamilyiŒ´‘èjxå—v“ú–{lƒLƒƒƒXƒgŒˆ’è@•½Šx‘åA•¿–{–¾‚ªå‰‰ƒuƒŒƒ“ƒ_ƒ“EƒtƒŒƒCƒU[‚Æ‹¤‰‰,https://news.yahoo.co.jp/articles/50e4b18ed1e95e57a8f2b4df24caf9738c25f4e0,3/19(‰Î) 14:30
piaeigat,‚Ò‚ ,w“Œ‹ƒŒƒCƒ“ƒ{[ƒvƒ‰ƒCƒh2024x‚¿‚á‚ñ‚İ‚ÈA‘å•–€‹G‚ç‚É‚æ‚éƒ‰ƒCƒuƒpƒtƒH[ƒ}ƒ“ƒX‚ªŒˆ’è,https://news.yahoo.co.jp/articles/d4619129354d4477ee09d851fd723f0666b119ad,3/19(‰Î) 14:25
piaeigat,‚Ò‚ ,ƒtƒŠ[ƒ‰ƒCƒuƒCƒxƒ“ƒgwTOKYO M.A.P.SxKan SanoAMichael KanekoAOvall‚ç‘æ1’eƒA[ƒeƒBƒXƒg”­•\,https://news.yahoo.co.jp/articles/7f575d3b9ffde69044950b8d7c7bfbfdb401fcd1,3/19(‰Î) 14:25
piaeigat,‚Ò‚ ,ålŒö‚ÍºˆäTŸu—x‚éƒvƒƒWƒFƒNƒg‰f‰æÅVìv¡HŒöŠJŒˆ’è@ƒrƒWƒ…ƒAƒ‹•ƒX[ƒp[ƒeƒBƒU[‰f‘œŒöŠJ,https://news.yahoo.co.jp/articles/1fe1a637cf6d13be78d3b7f2a4f425e4cf341ac2,3/19(‰Î) 14:21
piaeigat,‚Ò‚ ,ƒ~ƒVƒFƒ‹Eƒtƒ@ƒCƒtƒ@[‚ªƒNƒŠƒXƒ}ƒX‰f‰æ‚Éå‰‰,https://news.yahoo.co.jp/articles/0203c53b54f6491998c2384c5050f93c0a3b1749,3/19(‰Î) 14:01
piaeigat,‚Ò‚ ,yƒŒƒ|[ƒgz–ìS“I‚Å‚ ‚è‚È‚ª‚ç‹C‚‚«³“”hƒ~ƒ…[ƒWƒJƒ‹wƒWƒ‡ƒWƒ‡‚ÌŠï–­‚È–`Œ¯ ƒtƒ@ƒ“ƒgƒ€ƒuƒ‰ƒbƒhx,https://news.yahoo.co.jp/articles/5ee1320d1e99f04fd7f7e7a458124f23c201c5be,3/19(‰Î) 12:06
piaeigat,‚Ò‚ ,ƒtƒ‹ƒI[ƒPƒXƒgƒ‰‚ÅwƒXƒ^[ƒEƒH[ƒYx‚ğŠy‚µ‚Şƒ`ƒƒƒ“ƒX“—ˆI,https://news.yahoo.co.jp/articles/8d5165a66e8d31b6e57dc013c1ad06840c4be372,3/19(‰Î) 12:04
piaeigat,‚Ò‚ ,w’¸-ITADAKI- THE FINALx‘æ2’eo‰‰Ò”­•\@EGO-WRAPPIN'Anever young beach‚ç10‘g‚ªo‰‰Œˆ’è,https://news.yahoo.co.jp/articles/b1abd34de279dede140c4a042230e93911254705,3/19(‰Î) 12:04
piaeigat,‚Ò‚ ,’©‘q–¢—ˆ‚Æ•½–{˜@‚ª‚Â‚¢‚ÉŒƒ“Ëw’´RIZIN.3xŠJÃŒˆ’è,https://news.yahoo.co.jp/articles/703d0e84e86e9501aba643cf184fd52f2336fcd4,3/19(‰Î) 12:01
piaeigat,‚Ò‚ ,wƒeƒ‹ƒ}ƒG“Wx4Œ6“ú‚©‚ç@u‚¨•—˜C•¶‰»v‚ğ’Ê‚µ‚ÄŒÃ‘ãƒ[ƒ}‚Ì•é‚ç‚µ‚ğĞ‰î,https://news.yahoo.co.jp/articles/b81c84704ee14e430558a1fb84fd89e3b6ab7b00,3/19(‰Î) 11:30
piaeigat,‚Ò‚ ,ÎƒmXÍ‘¾˜YwƒTƒCƒ{[ƒO009x‰‚Ì•‘‘ä‰»‚ªŒˆ’è@å‰‰‚ÍµŠC‚Ğ‚ë‚«u–{”Ô‚Íƒ}ƒbƒn3ˆÈã‚Å“®‚«‚½‚¢v,https://news.yahoo.co.jp/articles/f76e027cdc1bfefdd6e6636437f7cb17aac1a36c,3/19(‰Î) 11:15
piaeigat,‚Ò‚ ,u‚Ó‚¶‚Ì‚­‚É‚¹‚©‚¢‰‰Œ€Õv‚ÅˆÀ•”Œö–[w—F’BxA£ŒËR”üç‰‰ow“èRßlx‚È‚Ç,https://news.yahoo.co.jp/articles/79b1f17aa6bae72ca897dcc8523c95a9902b3ae6,3/19(‰Î) 11:01
piaeigat,‚Ò‚ ,ˆäã–F—Y~‹{àVƒGƒ}‚ªƒiƒrƒQ[ƒ^[‚ğ’S“– w‘æ77‰ñƒgƒj[ÜöÜ®xWOWOW‚Å¶’†Œp,https://news.yahoo.co.jp/articles/d9e09dbb2fa7dbd1999db5baeea99b12b997abc5,3/19(‰Î) 11:00
piaeigat,‚Ò‚ ,…‰ÄŠóA‰Á“¡«AH‘òŒ’‘¾˜N‚ço‰‰@ŠØ‘ƒIƒŠƒWƒiƒ‹‰‰o”ÅwHOPExŠJ–‹ƒŒƒ|[ƒg“’…,https://news.yahoo.co.jp/articles/effea0042315a6b0a5d31984d523519e1dc83e9c,3/19(‰Î) 10:50
piaeigat,‚Ò‚ ,‰f‰æwƒfƒBƒp[ƒeƒbƒhx‰‚Ì4KUHD‰»‚ªŒˆ’è@ƒXƒRƒZƒbƒVŠÄ“Â‚É‚æ‚é‰ñ‘z‚àV‚½‚Éû˜^,https://news.yahoo.co.jp/articles/02d7ce00dabf59c09735a5687b48254b804b874b,3/19(‰Î) 10:00
piaeigat,‚Ò‚ ,˜a—mŠyŠí¬¬ƒoƒ“ƒhNeo JapanesqueA4Œ–¼ŒÃ‰®Œö‰‰‚ÅSUGIZO‚ÆƒRƒ‰ƒ{,https://news.yahoo.co.jp/articles/16dd30435eab71b3e79943631a9c02065387df70,3/19(‰Î) 10:00
piaeigat,‚Ò‚ ,uJO1v–Ø‘SãÄ–ç•“à‘ºŒõ—ÇA‰f‰æwƒgƒ‰ƒyƒWƒEƒ€x‚Éo‰‰@–{—\•Ò•ƒAƒtƒŒƒR‰f‘œŒöŠJ,https://news.yahoo.co.jp/articles/d0c4ae10da29c25ddf47eb54781344ca1a0b1814,3/19(‰Î) 4:00
piaeigat,‚Ò‚ ,ROTH BART BARONåÃwBEAR NIGHT 5xLINE CUBE SHIBUYA‚ÅŠJÃŒˆ’è,https://news.yahoo.co.jp/articles/8c03da00d615160b958d1b3f838b309e2b5b2693,3/18(Œ) 21:02
piaeigat,‚Ò‚ ,‘æ5‰ñu‘å“‡ÜvóÜ‚ÌH“¡«—ºŠÄ“Âu‚±‚ê‚ÅI‚í‚Á‚Ä‚Í‚¢‚¯‚È‚¢v‚ÆŒˆˆÓV‚½,https://news.yahoo.co.jp/articles/54ac6d331410796d2ac25d7a2088cd65a1d2f3c2,3/18(Œ) 18:16
piaeigat,‚Ò‚ ,‹‹É‰Ä•FŒ´ìw“S‘l‚ÌŸBx‚ªƒ~ƒ…[ƒWƒJƒ‹‰»@ƒLƒƒƒXƒg‚Í‘Oìwé±é²‚Ì™¸x‚©‚ç‚Ì‘±“Š‚à,https://news.yahoo.co.jp/articles/070041b6556bfa2d00b69379113ec302e83359d2,3/18(Œ) 18:15
piaeigat,‚Ò‚ ,”~–_18th gREhSHOWwƒVƒƒƒbƒ^[EƒKƒCx’J“àL–çAˆ©‰®“úŠC‰Ä‚ç‘SƒLƒƒƒXƒg”­•\,https://news.yahoo.co.jp/articles/2d0a9d7f14eb97567008ed4570ddd915b38ec5f5,3/18(Œ) 18:01
piaeigat,‚Ò‚ ,44”N–Ú‚ğŒ}‚¦‚éƒuƒ[ƒhƒEƒFƒCƒ~ƒ…[ƒWƒJƒ‹wƒs[ƒ^[Eƒpƒ“xƒƒCƒ“ƒrƒWƒ…ƒAƒ‹•PVŒöŠJ,https://news.yahoo.co.jp/articles/c70f4c3bf9772de7f8db97f99d21c64d44068479,3/18(Œ) 17:00
piaeigat,‚Ò‚ ,wlŒ‚É‚È‚ê‚Î”Ş—‚Íxå‘è‰Ì’S“–‚Ì“¡ˆä•—‚ªŒ´ìÒ‚Æ‘Î’k@ƒƒƒfƒB‚Íu‹³‰ï‚Å‘‚©‚¹‚Ä‚¢‚½‚¾‚¢‚½v,https://news.yahoo.co.jp/articles/0fe828477123d48efd4e39ff67393a94ea62db3e,3/18(Œ) 16:09
piaeigat,‚Ò‚ ,wTBSƒhƒLƒ…ƒƒ“ƒ^ƒŠ[‰f‰æÕx‚¢‚æ‚¢‚æŠJ–‹I@Šeì•i‚Ì•‘‘äˆ¥A‚ª˜A“úŠJÃ,https://news.yahoo.co.jp/articles/f6115625ccff25767e0af1eeead37717b0920065,3/18(Œ) 16:02
piaeigat,‚Ò‚ ,w•Ï‚È‰ÆxñˆÊƒXƒ^[ƒg@•ÄƒAƒJƒfƒ~[ÜóÜŒø‰Ê‚ÅƒSƒWƒ‰‚ÆƒWƒuƒŠì•i‚ªÄ‚Ñƒ‰ƒ“ƒNƒCƒ“y‰f‰æ“®ˆõƒ‰ƒ“ƒLƒ“ƒOz,https://news.yahoo.co.jp/articles/b5681718c540265b792061ce59671d93087f9c13,3/18(Œ) 14:04
piaeigat,‚Ò‚ ,NOPPOis**t kingzjAŠG–{w‚¿‚®ƒnƒOxo”ÅŒˆ’è@‰‚ÌŒÂ“WŠJÃ‚à”­•\,https://news.yahoo.co.jp/articles/06f31ce9739f8625677bc6c110e66ec663c1332f,3/18(Œ) 14:00
piaeigat,‚Ò‚ ,“¡Œ´—³–çå‰‰w’†‘º’‡‘ xŠúŠÔŒÀ’è”zM‚ªŒˆ’è,https://news.yahoo.co.jp/articles/2b1b64d30e2cef0b635eef6fe21c7f22f055f61c,3/18(Œ) 13:10
piaeigat,‚Ò‚ ,KroiAV‹ÈuWater Carrierv‚ª’¹R–¾Œ´ìwSAND LAND: THE SERIESxOPƒe[ƒ}‚É,https://news.yahoo.co.jp/articles/70d663af10de9afaefbb995f3eea5d8cc65c0803,3/18(Œ) 13:06
piaeigat,‚Ò‚ ,wƒCƒmƒZƒ“ƒgEƒs[ƒvƒ‹ `Œ´”š‚ğì‚Á‚½’j‚½‚¿‚Ì65”N`xŠJ–‹@“úàV—Y‰îARŒû”n–Ø–çAì“‡ŠC‰×‚ç‚ÌƒRƒƒ“ƒg‚ª“’…,https://news.yahoo.co.jp/articles/169fdde3dbeb110daefde9d0c8e9e77f8a2e8497,3/18(Œ) 13:05
piaeigat,‚Ò‚ ,Œüˆä—å‰‰ƒhƒ‰ƒ}wƒ_ƒuƒ‹ƒ`[ƒgx“à“c—‰›AˆÉ“¡~j‚çƒŒƒMƒ…ƒ‰[ƒLƒƒƒXƒg”­•\,https://news.yahoo.co.jp/articles/e58dcb551cd01dc19af2ce832e0749ec710141aa,3/18(Œ) 12:21
piaeigat,‚Ò‚ ,]“ª2:50‚É‚æ‚éÎ‚¢‚Æ‰¹Šy‚ÌÕ“TwƒGƒKƒtƒFƒX2024xŠJÃŒˆ’è,https://news.yahoo.co.jp/articles/c4cab334756b0f7a69e687422308cc2a80d3cc29,3/18(Œ) 12:12
piaeigat,‚Ò‚ ,ƒ~ƒ…[ƒWƒJƒ‹wGIRLFRIENDx–{ƒrƒWƒ…ƒAƒ‹ŒöŠJ•ƒLƒƒƒXƒgƒRƒƒ“ƒg“’…,https://news.yahoo.co.jp/articles/c3d0094a1eed7d7c002488ede6d2e3f234f9fc61,3/18(Œ) 12:06
piaeigat,‚Ò‚ ,’rã²‚ª‰f‰æ‚Å¢ŠE‚ğ‰ğàIwƒIƒbƒyƒ“ƒnƒCƒ}[x„Ÿ„Ÿ“Œ¼—âí‘ãA‰Á‘¬‚·‚éŠj•ºŠíŠJ”­‹£‘ˆ‚Ì’†‚Å—h‚ê‚é•¨—ŠwÒ‚ÌŠ‹“¡‚â‹ê‚µ‚İ,https://news.yahoo.co.jp/articles/4d9d144c13fb78596f1aa905b6e1710be135a2f1,3/18(Œ) 12:04
piaeigat,‚Ò‚ ,‚©‚È‚èaV‚È gƒ^ƒCƒ€ƒ‹[ƒvh ‰f‰æ‚Ì“oêIwƒyƒiƒ‹ƒeƒBƒ‹[ƒvxy‚¨‚Æ‚È‚Ì‰f‰æƒKƒCƒhz,https://news.yahoo.co.jp/articles/472a7e458cbea56005b8e13cff748695508e5032,3/18(Œ) 12:02
piaeigat,‚Ò‚ ,wƒQƒL~ƒVƒlx‚ÆU-NEXT‚ªƒRƒ‰ƒ{@¶“c“l^A’†‘º—Ï–çå‰‰ì‚È‚Ç—ğ‘ã15ì•i‚ğ15T˜A‘±‚Å”zM,https://news.yahoo.co.jp/articles/b1d487a8913aa15d95e394fd3528803f2e11ee5b,3/18(Œ) 12:00
piaeigat,‚Ò‚ ,A‚¥! groupAƒfƒrƒ…[ƒVƒ“ƒOƒ‹”­”„•‘S‘ƒAƒŠ[ƒiƒcƒA[ŠJÃŒˆ’è@SUPER EIGHT‰¡R—T‚©‚ç‚ÌƒƒbƒZ[ƒW‚à,https://news.yahoo.co.jp/articles/4ecd9d9aa49e724e41b93d88272696ac77d60a7e,3/18(Œ) 11:40
piaeigat,‚Ò‚ ,V‚µ‚¢ŠwZ‚ÌƒŠ[ƒ_[ƒY‚ªwƒS[ƒXƒgƒoƒXƒ^[ƒYxÅVì‚ÌNYƒvƒŒƒ~ƒA‚ÉQ‰Á@ƒŒƒCEƒp[ƒJ[Jr.‚à“oê,https://news.yahoo.co.jp/articles/db87f671890ca98ffc229b6d50a1f66cf9b26dda,3/18(Œ) 11:40
piaeigat,‚Ò‚ ,–k•Äƒ{ƒbƒNƒXƒIƒtƒBƒXAwƒJƒ“ƒt[Eƒpƒ“ƒ_x‚ªñˆÊ‚ğƒL[ƒv,https://news.yahoo.co.jp/articles/86f16cdf8a85f4515dd8cbd582813d46e50855bd,3/18(Œ) 11:32
piaeigat,‚Ò‚ ,wŒ‰ª–F”N Œ•Spx4Œ3“ú‚©‚ç@Œ‚É‚¿‚È‚ñ‚¾•¨Œê‚ğ‘èŞ‚Æ‚µ‚½˜AìuŒ•Spv100“_‘S“_‚ğĞ‰î,https://news.yahoo.co.jp/articles/e9486a9f627b41f99a7f620bfec54e6381cfc3aa,3/18(Œ) 11:30
piaeigat,‚Ò‚ ,‰Æ“üƒŒƒIA¼–{‚Ü‚è‚©å‰‰ƒhƒ‰ƒ}‚Ìå‘è‰Ì‘‚«‰º‚ë‚µ@ƒVƒ“ƒOƒ‹ƒŠƒŠ[ƒX•‘S‘ƒcƒA[ŠJÃ‚àŒˆ’è,https://news.yahoo.co.jp/articles/4181e4aef557cc239e6c0b624088799153060959,3/18(Œ) 11:24
piaeigat,‚Ò‚ ,‰õiŒ‚‚ğ‘±‚¯‚é²–ì—E“l‚ªU‚è•Ô‚é‰ß‹‚Æ¡u‚½‚¾‚ª‚Ş‚µ‚á‚ç‚¾‚Á‚½v,https://news.yahoo.co.jp/articles/69045cf9990d2ba0c59c8799837629d6bf2be6d7,3/18(Œ) 8:04
piaeigat,‚Ò‚ ,¼‹‘åŒåŠÄ“ÂÅVìw•s€gƒ‰ƒ”ƒ@[ƒYxV‚½‚Èê–ÊÊ^ŒöŠJ@Œ´ìÒ‚ªŒ©ãˆ¤‚É‚©‚¯‚½Œ¾—t‚Æ‚ÍH,https://news.yahoo.co.jp/articles/a1a0365df380b5a740c0e77706db6ca6a567dcf0,3/17(“ú) 13:00
piaeigat,‚Ò‚ ,”ü‚µ‚­‚à˜c‚ñ‚¾–’†•v•w‚ª•¨Œê‚ğŒƒ“®‚Ì‰Q‚ÉIw˜A‘±ƒhƒ‰ƒ}W â‚Ìã‚ÌÔ‚¢‰®ªx‘æ3˜b‚ª–{“ú•ú‘—,https://news.yahoo.co.jp/articles/24b5509e20ac54cb1671ca5136d19d088d35929c,3/17(“ú) 12:03
piaeigat,‚Ò‚ ,‰ª‘º˜a‹`A‰‚ÌƒAƒiƒƒOì•iwI miss your fire/tA”’‘÷x”—ÊŒÀ’è‚ÅƒŠƒŠ[ƒXŒˆ’è,https://news.yahoo.co.jp/articles/cff798c8d4dc646dd8d139d06eb302fb030882ec,3/17(“ú) 12:02
piaeigat,‚Ò‚ ,“Œ‹ƒfƒBƒYƒj[ƒV[A‘åŒ^ƒOƒ‹ƒƒCƒxƒ“ƒgŠJÃ@ƒOƒbƒY‚ª‚à‚ç‚¦‚éƒ`ƒPƒbƒg‚âq‚Ç‚à‚Ö‚ÌƒvƒŒƒ[ƒ“ƒg‚È‚ÇƒCƒxƒ“ƒg·‚è‚¾‚­‚³‚ñI,https://news.yahoo.co.jp/articles/758e52479522979e3aeaad78f3987964c0bf46f6,3/17(“ú) 10:02
piaeigat,‚Ò‚ ,Œ€ê”Åw‚í‚ñ‚¾‚Ó‚é‚Õ‚è‚«‚ã‚ Ix9ŒŒöŠJŒˆ’è@ƒeƒBƒU[ƒrƒWƒ…ƒAƒ‹•“Á•ñ‰f‘œ‚à,https://news.yahoo.co.jp/articles/4082aab6d7e9628d2413b60acb0237863f8f418f,3/17(“ú) 9:02
piaeigat,‚Ò‚ ,yƒIƒtƒBƒVƒƒƒ‹ƒŒƒ|[ƒgz–¾“ú‚ğ¶‚«‚éƒGƒlƒ‹ƒM[‚Ì”­“dŠwGrasshopper vol.22x‚©‚ç‚ ‚°•Ù“–~ƒWEƒGƒ“ƒvƒeƒB~Atomic Skipper‚ªØáö‘ô–,https://news.yahoo.co.jp/articles/cdd07c95464236565a5481874b351a61c7cc6377,3/16(“y) 18:00
piaeigat,‚Ò‚ ,‘åŠÑ–­qAÅVƒ‰ƒCƒu‰¹Šy•‰f‘œì•iwTaeko Onuki Concert 2023xƒŠƒŠ[ƒXŒˆ’è,https://news.yahoo.co.jp/articles/89916045b95ee4f845efa5097a21e2e31a5c8692,3/16(“y) 16:00
piaeigat,‚Ò‚ ,¡HŠJÃu–kƒAƒ‹ƒvƒX‘ÛŒ|pÕ2024v@’·–ìŒ§‘å’¬s‚Ì5ƒGƒŠƒA‚ÅƒTƒCƒgƒXƒyƒVƒtƒBƒbƒN‚ÈƒA[ƒgì•i‚ª“WŠJ,https://news.yahoo.co.jp/articles/7b8b7992b6b1176068f562b440380bb77cea7ba5,3/16(“y) 14:42
piaeigat,‚Ò‚ ,‹kƒPƒ“ƒ`A•Ÿˆäs“Á•Ê1“ú‰w’·‚Æ‚µ‚Äw–k—¤VŠ²üxƒCƒxƒ“ƒg‚ÉoÈ@o”­®‚âƒe[ƒvƒJƒbƒg‚È‚Ç‚ğÀ{,https://news.yahoo.co.jp/articles/a1e30124923abb7d2a16a3affbb284f4ad187f03,3/16(“y) 14:35
piaeigat,‚Ò‚ ,w˜A‘±ƒhƒ‰ƒ}W â‚Ìã‚ÌÔ‚¢‰®ªxB‰eŒ»ê‚ğŒ´ìÒE^—œKq‚ª–K–â@u‹Ë’J‚³‚ñB‚¢‚â[A‚Â‚­‚Ã‚­¦‚¢–ğÒ‚³‚ñ‚¾‚Èv,https://news.yahoo.co.jp/articles/0e093cfd06c39078cfcf517af3cee8fc7bce7bd5,3/16(“y) 12:34
piaeigat,‚Ò‚ ,LiLiCoA“yˆä‘P°‚Éu‰½‚©‚²‹¦—Í‚ğIv@«—ˆ‚Ì–²‚ÍAŒÌ‹½‚ÅƒŒƒXƒgƒ‰ƒ“ŠJ‹Æ,https://news.yahoo.co.jp/articles/870d192776921b270960fc810739b1e24626ce11,3/16(“y) 12:25
piaeigat,‚Ò‚ ,¢ŠE‚ª’–Ú‚·‚ér‰pE¬—Ñˆ¤À‚ª“Œ‹Œ|pŒ€ê‚É“oê,https://news.yahoo.co.jp/articles/10515bfdbf0ac594cc3eed1dc20a12dd64b1686d,3/16(“y) 12:02
piaeigat,‚Ò‚ ,uƒ[ƒNƒ}ƒ“v‚Ìƒ‰ƒ“ƒjƒ“ƒOƒVƒ…[ƒYuƒ}ƒ“ƒ_ƒ€ƒtƒ‰ƒCƒMƒAƒhƒ‰ƒCƒ‰ƒ“ƒ`ƒƒ[vƒŒƒ|[ƒgBö‚ê‚È‚¢ã‚Ég’·‚à·‚ê‚éI,https://news.yahoo.co.jp/articles/108d66267a1e0f866622d262d6a8b18a3b4beaae,3/16(“y) 10:02
piaeigat,‚Ò‚ ,’†X–¾ØA36”N‘O‚Ì–¢”­•\‹ÈuHELLO MARY LOUv‚ğƒxƒXƒgƒAƒ‹ƒoƒ€‚Éƒ{[ƒiƒXƒgƒ‰ƒbƒN‚Æ‚µ‚Äû˜^,https://news.yahoo.co.jp/articles/005d7322f8c260b985241209ada5fe13fb8e2c1d,3/16(“y) 0:00
piaeigat,‚Ò‚ ,u©•ª‚¾‚¯‚Íâ‘Î‚ÉE‚³‚È‚¢‚ÅB‚»‚¤‚·‚ê‚ÎA‚±‚¤‚â‚Á‚Ä‚Ü‚½ƒ‰ƒCƒu‚Å‰ï‚¤‚±‚Æ‚ª‚Å‚«‚évcc‹âˆÇBOYZA18`19”N‚Ô‚è‚Ì‘S‘ƒcƒA[E•xRŒö‰‰ƒŒƒ|[ƒg,https://news.yahoo.co.jp/articles/2eb9a2feaa60131cafe85063ce042b40bd6b45d1,3/15(‹à) 22:01
piaeigat,‚Ò‚ ,ƒXƒJƒpƒ‰~“{”¯“V‚ª‹£‰‰ wMAZRI no MATSURIx5”N‚Ô‚è‚ÉŠJÃŒˆ’è,https://news.yahoo.co.jp/articles/1b91a8af095d7ce1d3a4380b4a4fbdb61f539953,3/15(‹à) 22:00
piaeigat,‚Ò‚ ,ROTH BART BARONAVƒAƒ‹ƒoƒ€û˜^‚ÌƒŠ[ƒh‹ÈuCloserv‚ÉƒŠƒ~ƒbƒNƒX2‹È’Ç‰Á‚µ‚½ƒVƒ“ƒOƒ‹–{“ú”zM,https://news.yahoo.co.jp/articles/aa9b8d2c4be597299f03ab25de3c6362dacc9dae,3/15(‹à) 21:02
piaeigat,‚Ò‚ ,“S•—“Œ‹‚Ì©åŠé‰æwFLYING SON FES 2024xw.o.d.Ayonige‚ç‘SƒA[ƒeƒBƒXƒg”­•\,https://news.yahoo.co.jp/articles/2e56b4d2ea53bd7d9f43b6cb96320b249be47234,3/15(‹à) 21:01
piaeigat,‚Ò‚ ,ƒm[ƒ‰ƒ“~Rè‹M‚ªwƒIƒbƒyƒ“ƒnƒCƒ}[x‚ğŒê‚é‘Î’k‰f‘œ‚ªŒöŠJ@“n•ÓŒª‚ç‚ÌƒRƒƒ“ƒg‚à“’…,https://news.yahoo.co.jp/articles/9ee1787455cc5c372e742d3721c9716a435223f9,3/15(‹à) 19:00
piaeigat,‚Ò‚ ,‰f‰æƒcƒE‚½‚¿‚ª‘I‚ñ‚¾2024”N2Œ‚ÌƒxƒXƒg‰f‰æ‚Íw–é–¾‚¯‚Ì‚·‚×‚Äxw—‰º‚Ì‰ğ–UŠwxyŒƒCƒ`Ig‚Ò‚ ƒeƒ“hƒ‰ƒ“ƒLƒ“ƒOz,https://news.yahoo.co.jp/articles/0b9d40851eb6fd4079049edb30cddd36fca7a62b,3/15(‹à) 18:40
piaeigat,‚Ò‚ ,uBOLERO-ÅIÍ-vƒƒCƒ“ƒrƒWƒ…ƒAƒ‹•Œö‰‰Ú×”­•\,https://news.yahoo.co.jp/articles/cdc9b377119257af8693a904726b537b899bf769,3/15(‹à) 18:17
piaeigat,‚Ò‚ ,‚ ‚¢‚İ‚å‚ñA–ñ5”N‚Ô‚è‚Ì‘Îƒoƒ“ƒcƒA[wƒ‰ƒuEƒR[ƒ‹2xŠJÃŒˆ’è@‘Îƒoƒ“ƒQƒXƒg‚ÍƒXƒsƒbƒcAXR’¼‘¾˜N‚ç‘S9‘g,https://news.yahoo.co.jp/articles/f6cc0531ff50c79523dcb469b182e50b3921af6a,3/15(‹à) 18:02
piaeigat,‚Ò‚ ,•‘‘äwƒI[ƒ‰ƒ“ƒhxƒƒCƒ“ƒrƒWƒ…ƒAƒ‹•ƒeƒBƒU[ƒ€[ƒr[ŒöŠJ@‹{‘ò‚è‚¦‚çƒLƒƒƒXƒg‚©‚ç‚ÌƒRƒƒ“ƒg“®‰æ‚à,https://news.yahoo.co.jp/articles/0582a564e3682763525d2f374643ca3785fe5eb7,3/15(‹à) 17:00
piaeigat,‚Ò‚ ,©‰Ä”üE‘åŒ´ŸNq~ŠC•ó’¼lE‘ºˆä—Ç‘åw‚±‚Ì¢ŠE‚Ì•Ğ‹÷‚Éx‚·‚¸–ğ&üì–ğƒLƒƒƒXƒgÀ’k‰ï ƒ~ƒ…[ƒWƒJƒ‹”Å‚Å‘å–‚É‚µ‚½‚¢‚±‚Æ,https://news.yahoo.co.jp/articles/1eeae174afdda5652c9ac7ed38d7b5ec998e000c,3/15(‹à) 17:00
piaeigat,‚Ò‚ ,ƒ|ƒ‹ƒmV“¡°ˆêƒvƒƒfƒ…[ƒX‚Ìƒ~ƒ…[ƒWƒJƒ‹wƒ”ƒ@ƒOƒ‰ƒ“ƒgxBlu-ray”­”„Œˆ’è,https://news.yahoo.co.jp/articles/0afc584102934b7a1439bbe6e255605cd099cb2d,3/15(‹à) 15:01
piaeigat,‚Ò‚ ,wƒtƒWƒƒbƒN'24x‰“ú‚Ìƒwƒbƒhƒ‰ƒCƒi[‚ªSZA‚ÉŒˆ’è,https://news.yahoo.co.jp/articles/d360ae0313b788bc8730eedfdc056eae4dfc763a,3/15(‹à) 13:35
piaeigat,‚Ò‚ ,‰f‰æwƒ{ƒuEƒ}[ƒŠ[FONE LOVEx‚Ó‚½‚Â‚Ì–¼‹È‚ª—¬‚ê‚é“ú–{ƒIƒŠƒWƒiƒ‹—\•ÒŒöŠJ,https://news.yahoo.co.jp/articles/0c05841b797ebb0151685731c057a5afca0d743e,3/15(‹à) 13:05
piaeigat,‚Ò‚ ,EXILE SHOKICHI‚ª•êZ‚Ì¬Šw¶‚ÆŒğ—¬@“Ï¬–qs‚Ìƒ[ƒƒJ[ƒ{ƒ“‘£iPR“®‰æ‚Éo‰‰,https://news.yahoo.co.jp/articles/6f1812a38dd68ee4bb5a6822ccccfb9e5b15d361,3/15(‹à) 13:00
piaeigat,‚Ò‚ ,_¹‚©‚Ü‚Á‚Ä‚¿‚á‚ñA‘Îƒoƒ“ƒcƒA[wAthenaÅ‘OüxƒQƒXƒgŒˆ’è,https://news.yahoo.co.jp/articles/b64de97e5dca673b84132f8477f252d3c10ead11,3/15(‹à) 12:30
piaeigat,‚Ò‚ ,‰¹ŠyŒ€w‹ó’†ƒuƒ‰ƒ“ƒR‚Ì‚è‚ÌƒLƒLx‘SƒLƒƒƒXƒg•ƒT[ƒJƒXƒA[ƒeƒBƒXƒg”­•\,https://news.yahoo.co.jp/articles/7bfc4469d3e5c19da5be567bf8702f21fa51a9b4,3/15(‹à) 12:09
piaeigat,‚Ò‚ ,‹{¢—®–í~Œ´Ø”T‰Ø‚ªŒê‚éƒZƒ‹ƒtƒ‰ƒuu©ŒÈm’èŠ´‚ğˆÓ¯‚µ‚·‚¬‚È‚¢‚Ù‚¤‚ª‚¢‚¢v,https://news.yahoo.co.jp/articles/f5d0002dc35a8dc65bfd84d3070a808e6ab1eee2,3/15(‹à) 12:09
piaeigat,‚Ò‚ ,Laura day romanceA‰‚Ìƒrƒ‹ƒ{[ƒhƒ‰ƒCƒuŒö‰‰‚ÌŠJÃ”­•\,https://news.yahoo.co.jp/articles/c32ea9fab42f6874a8e0881864ec9cd72c993cd7,3/15(‹à) 12:05
piaeigat,‚Ò‚ ,‰^–½‚ğ‚©‚¯‚½Œˆí‚ª‚¢‚´Ã‰ª‚ÅŠJ–‹BƒpƒŠŒÜ—Ö‘ã•\‚ÌÀ‚ğè‚É‚·‚é‚Ì‚Í’N‚©H,https://news.yahoo.co.jp/articles/a474a9ea4894ade41e9e6749f920b4ae9478aa54,3/15(‹à) 12:05
piaeigat,‚Ò‚ ,–k’©‘N‚Æ‚Ìƒz[ƒ€&ƒAƒEƒFƒC2˜Aí‚ÉŒü‚¯‚ÄAX•ÛŠÄ“Âuˆêí•KŸBÅ‘P‚Ì€”õ‚ğ‚µ‚ÄŸ‚Âv,https://news.yahoo.co.jp/articles/e9d88e00d1b5aea7db975a2ade561e7e53c2a68b,3/15(‹à) 12:03
piaeigat,‚Ò‚ ,w‚è‚ñ‚²‰¹ŠyÕ2024xo‰‰‚ğ‚©‚¯‚½ƒ‰ƒCƒuƒI[ƒfƒBƒVƒ‡ƒ“Šé‰æuRINGOOO A GO-GOv‰•åó•tƒXƒ^[ƒg,https://news.yahoo.co.jp/articles/c6aea047f6cb93ebb44057f4a66d39703206d43a,3/15(‹à) 12:00
piaeigat,‚Ò‚ ,‘å–Ø—T”VwƒAƒuƒXƒgƒ‰ƒNƒgŒ ‰»x3Œ16“ú‚©‚ç@‰ïŠú’†A“W¦‹óŠÔ‚â\¬‚ªƒAƒbƒvƒf[ƒg‚³‚ê‚éisŒn“W——‰ï,https://news.yahoo.co.jp/articles/c6c0e44f129e567a8a72da6f09bf84cdb74e2a4b,3/15(‹à) 11:34
piaeigat,‚Ò‚ ,ƒ}ƒCƒ‹ƒYEƒeƒ‰[‚ÆƒGƒŠƒUƒxƒXEƒIƒ‹ƒZƒ“‚ª—öˆ¤‰f‰æ‚Å‹¤‰‰,https://news.yahoo.co.jp/articles/84719600bfa791b11601e5feb93d2fb08b177a02,3/15(‹à) 11:30
piaeigat,‚Ò‚ ,Juice=JuiceÎRç—ÇAƒtƒ@[ƒXƒgÊ^Wwç—Çx‚É‘¾ŒÛ”»uv‚¢•`‚¢‚½100“_‚Ìì•iv,https://news.yahoo.co.jp/articles/1e59a2079e18ca630f2c8c03477aecc36583b514,3/15(‹à) 11:20
piaeigat,‚Ò‚ ,ƒ{ƒ“EƒWƒ‡ƒ”ƒBAV‹È‚ªR‰º’q‹vå‰‰ƒhƒ‰ƒ}‚Ìå‘è‰Ì‚É@4”N‚Ô‚è‚ÌƒAƒ‹ƒoƒ€‚à”­”„Œˆ’è,https://news.yahoo.co.jp/articles/98c86740ab589a9015d4b785b9408b3796cd8774,3/15(‹à) 11:15
piaeigat,‚Ò‚ ,WEST.‚ÌCDƒfƒrƒ…[10ü”N‹L”OƒVƒ“ƒOƒ‹wƒn[ƒg/ FATEx”­”„Œˆ’è@MV‚ÌƒvƒŒƒ~ƒAŒöŠJ‚à,https://news.yahoo.co.jp/articles/00e353a41cf821492101a4c3a0cfce81ec600bf7,3/15(‹à) 11:00
piaeigat,‚Ò‚ ,wSHOGUN «ŒRx^“cL”V‚Ìd–‚Ô‚è‚ğ‘¨‚¦‚½ƒƒCƒLƒ“ƒO‰f‘œŒöŠJ,https://news.yahoo.co.jp/articles/e37a0c525604238a0080164b704463101f6def07,3/15(‹à) 10:01
piaeigat,‚Ò‚ ,”ª‘ãˆŸ‹I‚Ì–¼‹È‚ªƒI[ƒPƒXƒgƒ‰‚Ì¶‰‰‘t‚Æ‚Æ‚à‚É‘h‚é@’Ç“‰ƒRƒ“ƒT[ƒg‚É¬—ÑKqA“V“¶‚æ‚µ‚İ‚ç‚ªo‰‰,https://news.yahoo.co.jp/articles/bd6880b32cf5508657ac03f4ad0ddf8e5199edd9,3/15(‹à) 10:01
piaeigat,‚Ò‚ ,‰œ’qÆ•Â–Ø’‚‚ªk‚µ‚½g‚ ‚Ìˆêshul¶‚Å‚¢‚¿‚Î‚ñu‚«‚ğ‚µ‚Ü‚µ‚½iÎjv,https://news.yahoo.co.jp/articles/2af058a1a016a7a0f932a53ebf087603d32ed44a,3/15(‹à) 8:02
piaeigat,‚Ò‚ ,—é–Ø•Û“Ş”üA›¼‘ñl‚ço‰‰w“¦–z­‘–xƒƒCƒ“ƒrƒWƒ…ƒAƒ‹ŒöŠJ,https://news.yahoo.co.jp/articles/6cb2ec5b3ffcdfcb7dacd3c8427c9a4b0955e4e7,3/15(‹à) 8:02
piaeigat,‚Ò‚ ,R“c•—‘¾˜Y‚É‚æ‚é¬àw”ªŒ¢“`xÀÊ‰f‰æ‰»@–ğŠLiA“à–ì¹—zA“y‰®‘¾–PAˆé‘º—E“l‚ç‚ªo‰‰,https://news.yahoo.co.jp/articles/e2904451b60155e1094d3345a890df1565b2ecf5,3/15(‹à) 7:05
piaeigat,‚Ò‚ ,Rí•Œ«l‚ª”ü‚µ‚­•‘‚¤w‰A—zt0xƒAƒNƒVƒ‡ƒ“‚Ì•‘‘ä— ‚ğû‚ß‚½“Á•Ê‰f‘œŒöŠJ,https://news.yahoo.co.jp/articles/7b396148b46504ebcd4fd14fb4b711367532128b,3/15(‹à) 7:04
piaeigat,‚Ò‚ ,u‚Ò‚ —Œê‚´‚ñ‚Ü‚¢vŒŠÔ‹’®‰ñ”ƒ‰ƒ“ƒLƒ“ƒO”­•\@O—V’à‰Ì“z‚Ìwˆ¢•¼x‚ª1ˆÊ‚É,https://news.yahoo.co.jp/articles/963ef4939b6de38de43a56d654c62ef4e22866ea,3/14(–Ø) 19:59
piaeigat,‚Ò‚ ,wƒSƒWƒ‰xƒRƒ“ƒO V‚½‚È‚é’é‘xÅVƒ|ƒXƒ^[‰ğ‹ÖI@6‚Â‚Ìƒ‰[ƒWƒtƒH[ƒ}ƒbƒgã‰f‚àŒˆ’è,https://news.yahoo.co.jp/articles/2e445bffc027c12f196f646da55b0c6ef01e5c27,3/14(–Ø) 19:30
piaeigat,‚Ò‚ ,ƒiƒVƒ‡ƒiƒ‹EƒVƒAƒ^[Eƒ‰ƒCƒuwƒfƒBƒAEƒCƒ“ƒOƒ‰ƒ“ƒhxå‰‰ƒWƒ‡ƒZƒtEƒtƒ@ƒCƒ“ƒY‚É‚æ‚éV‚½‚È“®‰æ‚ªŒöŠJ,https://news.yahoo.co.jp/articles/12a3b83c592f22a6d5fe7a880474a8026b18b03c,3/14(–Ø) 18:25
piaeigat,‚Ò‚ ,ƒhƒDƒjEƒ”ƒBƒ‹ƒk[ƒ”‚ªˆ³“|“I¢ŠEŠ´‚ğ‘n‚èã‚°‚½‰ïS‚Ìˆêìwƒfƒ…[ƒ“ »‚Ì˜f¯PART2x,https://news.yahoo.co.jp/articles/81a97bbdf41ef3a60270b732fbe8f4507c497eac,3/14(–Ø) 18:07
piaeigat,‚Ò‚ ,Sexy ZoneA‰‚Ì3‘åƒh[ƒ€ƒcƒA[‚ğ‰f‘œì•i‰»@‰‰ñ”Õ‚É‚Í2023”N‰¡•lƒAƒŠ[ƒiŒö‰‰‚àû˜^,https://news.yahoo.co.jp/articles/f99cee93ce3e703a7f8ce93d47da68fe247abf6e,3/14(–Ø) 18:03
piaeigat,‚Ò‚ ,‘å’ÎƒPƒ“ƒa~‚İ‚¤‚ç‚¶‚ã‚ñ~ƒnƒ„ƒVƒqƒƒ†ƒLiPOLYSICSj‚É‚æ‚é”ZŒú‚È2ŠÔ”¼uƒI[ƒPƒ“‚Ì‚Ù‚Ù‚ñŠwZw¡‚Ì‚±‚Æ‚µ‚©‘‚©‚È‚¢‚ÅxƒXƒyƒVƒƒƒ‹EƒiƒCƒgIvƒŒƒ|[ƒg,https://news.yahoo.co.jp/articles/0d2b5436cd703397d87d5f4ef2b5884cee1794b5,3/14(–Ø) 18:01
piaeigat,‚Ò‚ ,SiMåÃƒtƒFƒXwDEAD POP FESTiVAL 2024xHYDEALiSAASaucy Dog‚ç‘æ1’eƒA[ƒeƒBƒXƒg”­•\,https://news.yahoo.co.jp/articles/ecc471bf6773f5fce7a6443570bc8a0fc2a0cff2,3/14(–Ø) 17:20
piaeigat,‚Ò‚ ,ƒfƒWƒ^ƒ‹‚ğg‚í‚¸‚ÉŠjÀŒ±‚Ì‹Šo‰»‚É’§íIwƒIƒbƒyƒ“ƒnƒCƒ}[x‚ÉŒ©‚éƒm[ƒ‰ƒ“‘g‚Ì•ÀX‚È‚ç‚Ê‚±‚¾‚í‚è,https://news.yahoo.co.jp/articles/bc80ca869c553b887bf0b70503aa5a0ba3fcda9e,3/14(–Ø) 17:03
piaeigat,‚Ò‚ ,ƒCƒ‹ƒ~ƒl[ƒVƒ‡ƒ“ÅVìwFLYI^ƒtƒ‰ƒCIx»ìw‚ª–{•¨‚ÌƒJƒ‚‚ğŠÏ@I@ŠÄ“Â‚ª‚±‚¾‚í‚è‚ğ–¾‚©‚·,https://news.yahoo.co.jp/articles/156b2ff95da62b3b979ea074e48542ef1c55a744,3/14(–Ø) 17:01
piaeigat,‚Ò‚ ,XV‘¾˜Y‚ªˆäã–F—YA“ì‘ò“Ş‰›‚ç‚ğâ^I Vì•‘‘äwƒƒfƒBƒA/ƒCƒAƒ\ƒ“xŠJ–‹,https://news.yahoo.co.jp/articles/91c2926079f065637da28d069188ee71723d1732,3/14(–Ø) 16:50
piaeigat,‚Ò‚ ,ƒm[ƒ‰ƒ“ŠÄ“Â‚Ì’·•Òƒfƒrƒ…[ìwƒtƒHƒƒEƒBƒ“ƒOxHDƒŒƒXƒgƒA”Å‚ÌŒöŠJ‚ªŒˆ’è,https://news.yahoo.co.jp/articles/de83f5469be437edeba676a0a47b45f0cd9d629e,3/14(–Ø) 15:00
piaeigat,‚Ò‚ ,w‰‚Ì˜f¯^ƒLƒ“ƒOƒ_ƒ€x•¨Œê‚ÌƒJƒM‚ğˆ¬‚éƒƒCƒ“ƒLƒƒƒ‰‚Ìƒ|ƒXƒ^[ŒöŠJ,https://news.yahoo.co.jp/articles/e346e989296bbdf7462d7a2325c37ab078718355,3/14(–Ø) 14:15
piaeigat,‚Ò‚ ,BABYMETALAƒ^ƒC‚Ì—L–¼ƒA[ƒeƒBƒXƒg‚Æ‚ÌƒgƒŠƒvƒ‹ƒRƒ‰ƒ{‹ÈuLEAVE IT ALL BEHINDv”zMƒXƒ^[ƒg•MVŒöŠJ,https://news.yahoo.co.jp/articles/fffa743ef85ddfb9a19b45a1440b8c160ba1e91f,3/14(–Ø) 14:01
piaeigat,‚Ò‚ ,‘‚È‚¬„å‰‰wŒé”Õa‚èxƒIƒ“ƒ‰ƒCƒ“Ê•ƒTƒƒ“À{Œˆ’èI@gé“`•”ˆõh‚Ì•åWƒXƒ^[ƒg,https://news.yahoo.co.jp/articles/329366c020c2d9780fa4dd639b80068f9d5fb3f1,3/14(–Ø) 12:06
piaeigat,‚Ò‚ ,4‰ñ‚ß‚ÌŠJÃ‚Ü‚à‚È‚­‚ÌuTBSƒhƒLƒ…ƒƒ“ƒ^ƒŠ[‰f‰æÕvB¡”N‚Ì•KŒ©ì‚ğLiLiCo‚ªŒê‚é,https://news.yahoo.co.jp/articles/31d8c3c612c844c9add1601649aebf4d18631c5f,3/14(–Ø) 12:06
piaeigat,‚Ò‚ ,wô‰…x‚Ìr—Y‚­‚ñƒTƒCƒh‚©‚çŒê‚éƒXƒg[ƒŠ[‚Æ‚¢‚¤‚±‚Æ‚àl‚¦‚ç‚ê‚Ü‚·y‚İ‚¤‚ç‚¶‚ã‚ñ‚Ì‰f‰æƒ`ƒ‰ƒV•ú’kzw•Ï‚È‰ÆxwDOGMAN ƒhƒbƒOƒ}ƒ“x,https://news.yahoo.co.jp/articles/8f79d863dc76c3169701ac536c4e0b84059233c0,3/14(–Ø) 12:01
piaeigat,‚Ò‚ ,ì“‡G–¾“WwStreamx3Œ23“ú‚©‚ç@l¶‚Ì—¬‚ê‚ğŠ´‚¶‚éAV‚½‚È“WŠJ‚ÌVìƒyƒCƒ“ƒeƒBƒ“ƒO‚ğŒöŠJ,https://news.yahoo.co.jp/articles/7756ea17cdb43f48b30d821b40d2b28ce536ba30,3/14(–Ø) 11:31
piaeigat,‚Ò‚ ,ƒWƒFƒjƒtƒ@[EƒK[ƒi[‚Æƒ|[ƒ‹EƒEƒHƒ‹ƒ^[EƒnƒEƒU[‚ª•v•w–ğ‚Å‹¤‰‰,https://news.yahoo.co.jp/articles/c456646088fb135291cd65c2783b15d8bdcd3e10,3/14(–Ø) 11:00
piaeigat,‚Ò‚ ,•Ÿm‘“‘¿‚Æ¼–{‚Ü‚è‚©‚ª…’†‚ÅB‰eI@‰f‰æwŒÎ‚Ì—‚½‚¿x ƒ|ƒXƒ^[•–{—\ŒöŠJ,https://news.yahoo.co.jp/articles/8ea45cddbc80d26786527aa1736923c6842c7a71,3/14(–Ø) 8:02
piaeigat,‚Ò‚ ,•‘‘äwç‚Æçq‚Ì_‰B‚µx2024”NŒö‰‰ŠJ–‹I VƒLƒƒƒXƒgE•Ÿ’n“q‚ª‘Sg‚Åçq‚ğ•\Œ»,https://news.yahoo.co.jp/articles/a67565002390eb1fdc96341962b6a21c9aa674e4,3/13(…) 21:35
piaeigat,‚Ò‚ ,betcover!!A‚Ì‰E˜rAGlans‚ª‹£‰‰wcalm&composed vol.2xŠJÃŒˆ’è,https://news.yahoo.co.jp/articles/031340c002953a1ddf21481473bbe4a568329f71,3/13(…) 21:00
piaeigat,‚Ò‚ ,‘¾“cŒõ‚ªƒ‰ƒbƒp[g÷‚Ì¶‰Ì‚ÉŠ´“® wTBSƒhƒLƒ…ƒƒ“ƒ^ƒŠ[‰f‰æÕ2024xŠJÕéŒ¾ƒCƒxƒ“ƒgŠJÃ,https://news.yahoo.co.jp/articles/d31b6f044a56b59066ab534e497fe1fb6c53092d,3/13(…) 20:20
piaeigat,‚Ò‚ ,‚Â‚µ‚Ü‚İ‚êAŒ‹¬25ü”NƒcƒA[wƒoƒ“ƒh‚Í…•¨xƒQƒXƒg”­•\,https://news.yahoo.co.jp/articles/3b93c6f006c470955e0a1b370836018b01e24f4d,3/13(…) 20:02
piaeigat,‚Ò‚ ,”öã‹e”V•••Ğ‰ªˆ¤”V•A‰Ì•‘ŠêÀ‚Å2ƒ–Œ˜A‘±‹¤‰‰u‚©‚È‚è‚ÌƒvƒŒƒbƒVƒƒ[vug‚É—]‚éŒõ‰hv,https://news.yahoo.co.jp/articles/bb3a4e97b4342852ea0cc252490fc3e6a0d42934,3/13(…) 20:00
piaeigat,‚Ò‚ ,wSYNCHRONICITYf24xƒ^ƒCƒ€ƒe[ƒuƒ‹•ÅI’Ç‰ÁƒA[ƒeƒBƒXƒg”­•\@ƒgƒŠ‚ÍKIRINJIAa‚³’m‚çƒYƒI[ƒPƒXƒgƒ‰,https://news.yahoo.co.jp/articles/4f84314c3a1f1388b7364aad2ea44dfa61fa2151,3/13(…) 19:06
piaeigat,‚Ò‚ ,ƒ†ƒjƒR[ƒ“A‰f‰æw‚ ‚Ü‚ë‚Á‚­xå‘è‰ÌMV‚Éx‰Í‘¾˜Y‚ªo‰‰@ƒƒ“ƒo[‚à‚Ü‚³‚©‚ÌƒV[ƒ“‚Å“oê,https://news.yahoo.co.jp/articles/f4bb8e4932e5da134be3e9e24a48ad553e490776,3/13(…) 19:03
piaeigat,‚Ò‚ ,‚³‚Æ‚¤‚à‚©AV‹ÈuEverydayv”zMƒŠƒŠ[ƒXŒˆ’è@ƒXƒgƒŒƒ“ƒW‚Åƒ[ƒtƒ@ƒC‚Èƒ|ƒbƒvƒ\ƒ“ƒO,https://news.yahoo.co.jp/articles/960b8805bb92ee8d89795f739da0e5c48e6a932c,3/13(…) 19:00
piaeigat,‚Ò‚ ,‘¨43–¼‚ª“o’dI@V‘—§Œ€êwƒfƒJƒ[ƒO1`10x§ì”­•\‰ïŒ©,https://news.yahoo.co.jp/articles/0883b01e2be1c21b5d3cbc93fc85cd35d154b7e1,3/13(…) 18:08
piaeigat,‚Ò‚ ,w‚ ‚Ô‚È‚¢ŒY–x‚à‰¡•l‚ÌÅVŒ€ê‚ÉŠú‘Ò‚ÌƒRƒƒ“ƒg@‰f‰æŠÙuSTYLE-S ‚İ‚È‚Æ‚İ‚ç‚¢v—ˆŒƒI[ƒvƒ“,https://news.yahoo.co.jp/articles/d156ea8dcc380c204e28a5e33ab37ccf74e48ae0,3/13(…) 18:03
piaeigat,‚Ò‚ ,ƒtƒŒƒ“ƒYAƒAƒ‹ƒoƒ€wƒ†[ƒgƒsƒAƒ“xƒŠƒŠ[ƒXƒcƒA[ŠJ–‹uÅ‚‚Ìv‚¢o‚É‚µ‚Ü‚µ‚å‚¤Ivyƒ‰ƒCƒuƒŒƒ|[ƒgz,https://news.yahoo.co.jp/articles/13aef5ad5b61e3897523ae5a80abf50674141561,3/13(…) 18:03
piaeigat,‚Ò‚ ,ƒtƒH[ƒŠƒ~åÃwYON FES 2024xƒ}ƒCƒwƒAAƒI[ƒ‰ƒ‹AƒTƒnƒVƒXƒ^[‚ç‘æ1’eƒA[ƒeƒBƒXƒg13‘g”­•\,https://news.yahoo.co.jp/articles/c178928b59fbface8e32754b0bd290fdb7b1bd25,3/13(…) 18:02
piaeigat,‚Ò‚ ,‰f‰æwƒS[ƒ‹ƒfƒ“ƒJƒ€ƒCxŒ´ìÒE–ì“cƒTƒgƒ‹‚Ì•`‚«‰º‚ë‚µƒA[ƒgƒ{[ƒh‚ğ‘S‘30–œl‚É”z•z,https://news.yahoo.co.jp/articles/fb4278df26c9fb4f8b1586803d43712950432841,3/13(…) 18:01
piaeigat,‚Ò‚ ,w•‘‘äu“Œ•—•‘vS“` ‚Â‚¯‚½‚èŠïæ‚Ì‘–”n“”xVƒLƒƒƒXƒg•Œö‰‰PVŒöŠJ,https://news.yahoo.co.jp/articles/23efb3028f1a2ec87701f2863d6998b00497b4dc,3/13(…) 18:01
piaeigat,‚Ò‚ ,™–ì—y—º‚ª¢‹I‚Ìƒ_ƒlŠÔ‚ÉIwˆé•”ˆé•º‰q•¨ŒêxWOWOW‚Åƒhƒ‰ƒ}‰»Œˆ’è,https://news.yahoo.co.jp/articles/8177a324cae7c208999bb6635d31c8f291291b16,3/13(…) 17:02
piaeigat,‚Ò‚ ,ƒiƒVƒ‡ƒiƒ‹EƒVƒAƒ^[Eƒ‰ƒCƒuwƒtƒ‰ƒ“ƒPƒ“ƒVƒ…ƒ^ƒCƒ“xƒg[ƒN•t‚«“Á•Êã‰f‚ªŒˆ’è,https://news.yahoo.co.jp/articles/f81c355ce751c5d4ce37763af23b41b569a2655e,3/13(…) 14:35
piaeigat,‚Ò‚ ,Rí•—æ“Ş~“‡‘¾¯Wå‰‰ƒ~ƒ…[ƒWƒJƒ‹wãß‚ÌŒ`xCS‰q¯Œ€ê‚ÅƒeƒŒƒr‰•ú‘—,https://news.yahoo.co.jp/articles/4fd24a85dc74b92e6b29336050e21daa58fe9564,3/13(…) 14:35
piaeigat,‚Ò‚ ,‘ãX–ØŒö‰€‚ÌƒtƒŠ[ƒtƒFƒXwSpring Love t•— 2024x¡T––ŠJÃ,https://news.yahoo.co.jp/articles/ace12be1bd3983538c4d98d5df3304c6b85450e4,3/13(…) 12:15
piaeigat,‚Ò‚ ,ƒJƒ‰ƒtƒ‹ƒ_ƒCƒ„ƒ‚ƒ“ƒh‰‚ÌƒhƒLƒ…ƒƒ“ƒ^ƒŠ[‰f‰æ‚ªŠ®¬I@LiLiCo‚Æ‚Ì‘Î’k‚ÅŠì‚Ñ‚ğŒê‚éI,https://news.yahoo.co.jp/articles/76d3ffb4a7c8138ebcbd7f2fff6c70f05621aae9,3/13(…) 12:07
piaeigat,‚Ò‚ ,’r’J‚Ì‚Ô‚¦‚ª“Ç”„‰‰Œ€‘åÜ‚ÅÅ—DG——DÜ‚ğóÜ‚µ‚½•‘‘äw–³‘Ê‚È’ïRxƒeƒŒƒr‰•ú‘—‚ªŒˆ’è,https://news.yahoo.co.jp/articles/c9d46e6427d2103ed29b24501c3bf805ad335556,3/13(…) 11:40
piaeigat,‚Ò‚ ,w–k‰¢‚Ì_”éxSOMPO”üpŠÙ‚Å@ƒmƒ‹ƒEƒF[AƒXƒEƒF[ƒfƒ“AƒtƒBƒ“ƒ‰ƒ“ƒh‚ÌŠG‰æŒ|p‚ÉÅ“_‚ğ‚ ‚Ä‚½“W——‰ï,https://news.yahoo.co.jp/articles/b236df2926ad7dd8181085573e1f65a475e53424,3/13(…) 11:32
piaeigat,‚Ò‚ ,‰Ì•‘ŠêÀw‰—õ‹v¼F“Ç”Ìxw_“cÕx“Á•ÊƒrƒWƒ…ƒAƒ‹ŒöŠJ@•Ğ‰ªm¶‰q–å‚Æâ“Œ‹ÊO˜Y‚ªˆÙ‚È‚é–£—Í‚Ì2ì•i‚Å‹¤‰‰,https://news.yahoo.co.jp/articles/aa5db069f346197e21116d23a5be1e48a76d7f54,3/13(…) 11:05
piaeigat,‚Ò‚ ,•xmR‚ğÅ‚•ô‚Ì‰Ô‰Î‚ªÊ‚éwâŒi‰Ô‰Îx‚ª‚Ó‚é‚³‚Æ”[Å‚Ì•Ô—ç•i‚É,https://news.yahoo.co.jp/articles/c6dae2700a0fd5862af6a24a4051af56d7d774ee,3/13(…) 11:04
piaeigat,‚Ò‚ ,ƒVƒ…ƒƒ‹ƒcƒFƒlƒbƒK[‚ªƒNƒŠƒXƒ}ƒX‰f‰æ‚Éå‰‰,https://news.yahoo.co.jp/articles/d80eea19265755abc4d7b8c712611e9711206442,3/13(…) 11:00
piaeigat,‚Ò‚ ,PEDROA‰‚Ì‘Îƒoƒ“ƒcƒA[w˜Q–ŸŠ£”t‰ïxŠJÃŒˆ’è,https://news.yahoo.co.jp/articles/915e6d4d36aebbc690e481af823d1288e942850f,3/13(…) 10:45
piaeigat,‚Ò‚ ,wƒWƒ‡ƒ“EƒŒƒmƒ“@¸‚í‚ê‚½T––x“ú–{ŒöŠJŒˆ’è@“ú–{”Åƒ|ƒXƒ^[•ê–ÊÊ^ŒöŠJ,https://news.yahoo.co.jp/articles/796391d1f900f5ffa6e8a381caa42817d8ca12bf,3/13(…) 10:00
piaeigat,‚Ò‚ ,›“c«ôå‰‰wCloud ƒNƒ‰ƒEƒhx‰œ•½‘åŒ“A‰ªR“V‰¹AŒE“c³F‚çƒƒCƒ“ƒLƒƒƒXƒg”­•\,https://news.yahoo.co.jp/articles/a1fbe16b4967401b3ae01982fa44ee81109a46a2,3/13(…) 7:00
piaeigat,‚Ò‚ ,WENDYAV‹ÈuHollywoodv–{“ú”zMƒŠƒŠ[ƒX•Music VideoŒöŠJ,https://news.yahoo.co.jp/articles/b1a2997ac72f1c760c89ff6021934ede3981bd82,3/13(…) 0:01
piaeigat,‚Ò‚ ,a flood of circleAƒAƒWƒJƒ“Œã“¡³•¶ƒvƒƒfƒ…[ƒX‹È‚ÌMVŒöŠJ@²X–Ø—º‰î‚ªáR‚ğ‚à‚ª‚«‚È‚ª‚ç•à‚­,https://news.yahoo.co.jp/articles/212ff1167d1ce1456aacaa57d8eb92a4654c1c6a,3/12(‰Î) 21:01
piaeigat,‚Ò‚ ,ExWHYZ~Seiho‚ÌƒXƒvƒŠƒbƒgƒcƒA[wSeihoWHYZx“Œ‹Œö‰‰‚ÌYouTube¶”zM‚ªŒˆ’è,https://news.yahoo.co.jp/articles/ba4a86947417ad4863f3b5f5bf302e46557e8b50,3/12(‰Î) 21:01
piaeigat,‚Ò‚ ,South PenguinA‚Ü‚ñ‚¶‚ã‚¤‘å’é‘‚ªo‰‰‚·‚éutigervMVŒöŠJ,https://news.yahoo.co.jp/articles/2d32ed54cd48e6f736c2d6790d4172e015506fc3,3/12(‰Î) 19:03
piaeigat,‚Ò‚ ,GRAPEVINE~“c“‡‹M’jiOriginal LovejA‚’m‚ÅÄ‰ïƒ‰ƒCƒuŠJÃŒˆ’è,https://news.yahoo.co.jp/articles/4c955b36736e0cd9065fa71d19d1fb3d7018bc2c,3/12(‰Î) 19:03
piaeigat,‚Ò‚ ,ƒqƒOƒŒƒmƒ\ƒ‰ƒjAƒhƒ~ƒmƒ“ƒXƒgƒbƒvAƒjƒAƒtƒŒƒ“ƒYAƒƒ“ƒ_ƒtƒ‹•ú‘—‹Ç‚É‚æ‚éƒGƒlƒ‹ƒMƒbƒVƒ…‚Èˆê–éyGrasshopper WEST vol.2 ƒIƒtƒBƒVƒƒƒ‹ƒŒƒ|[ƒgz,https://news.yahoo.co.jp/articles/c43698c514b0c454d77f27ca4d494285cd2f8303,3/12(‰Î) 19:00
piaeigat,‚Ò‚ ,TM NETWORKA‘S‘ƒz[ƒ‹ƒcƒA[wSTAND 3 FINALxƒIƒtƒBƒVƒƒƒ‹ƒŒƒ|[ƒg‚ª“’…,https://news.yahoo.co.jp/articles/9b44c25f2b4d46174f0e02f59a0646d532c3639c,3/12(‰Î) 18:02
piaeigat,‚Ò‚ ,áÁ–¼qVAV‹Èuƒ‰ƒCƒŠ[ƒXƒg[ƒ“vMVƒvƒŒƒ~ƒAŒöŠJŒˆ’è,https://news.yahoo.co.jp/articles/3328d69773161a77cc88ef25362f5e95d5623520,3/12(‰Î) 18:02
piaeigat,‚Ò‚ ,gH‚Ì–¢—ˆhW‚Ü‚éƒCƒxƒ“ƒgu‚±‚ê‚©‚ç‚ÌH‘ì“Wv‚ªŠJÃ,https://news.yahoo.co.jp/articles/5eafb9216da9c8b1d16c025a05afbba198d1eb20,3/12(‰Î) 18:00
piaeigat,‚Ò‚ ,’†‘ºŠ@twˆÉ¨‰¹“ª—öQnx’‡‹–œ–ì D‚«‚È’j‚ğ‚Æ‚±‚Æ‚ñ‚¢‚¶‚ß‚é—y¡Œ‚Ì‰Ì•‘ŠêÀA‚ ‚Ìl‚É’¼Œ‚!! “ÁW‚æ‚èz,https://news.yahoo.co.jp/articles/ea56d783df69849c5c6d5cfca8da86fa4acef838,3/12(‰Î) 17:02
piaeigat,‚Ò‚ ,w‰“‹——£Œ»İ Universal / Remotex‘—§V”üpŠÙ‚ÅŠJ–‹@‚Ó‚½‚Â‚Ì‹“_‚©‚çƒRƒƒi‰Ğ‚ğU‚è•Ô‚èA–¢—ˆ‚ÆŒü‚«‡‚¤,https://news.yahoo.co.jp/articles/4bfe74d67a2d2a06f06ebaec48aedfa9349904af,3/12(‰Î) 17:00
piaeigat,‚Ò‚ ,ƒRƒ€ƒhƒbƒg‘‡ƒvƒƒfƒ…[ƒX‚ÌƒCƒxƒ“ƒgwCreator Dream Fes 2024x‚ªŠJÃŒˆ’è,https://news.yahoo.co.jp/articles/04a1cff73f27f1af116f03876c407e0c97858e00,3/12(‰Î) 17:00
piaeigat,‚Ò‚ ,•‘—xŒö‰‰wDiscover NIHONBUYO \“ú–{•‘—x‚Ö‚Ì‚¢‚´‚È‚¢\x‘—§”\Šy“°‚ÅŠJÃŒˆ’è,https://news.yahoo.co.jp/articles/3f0e819c064396d23a242562870542a6a30ea2ee,3/12(‰Î) 15:41
piaeigat,‚Ò‚ ,‘¾ŒÛŒ|”\W’cuŒÛ“¶vAó‘“Á•ÊŒö‰‰2024w‚Æ‚±‚µ‚¦xŠJÃŒˆ’è,https://news.yahoo.co.jp/articles/817ec316cd646cc79781ac3b757cba3f6b93e0ea,3/12(‰Î) 14:36
piaeigat,‚Ò‚ ,w‘å‹gŒ´“Wx3Œ26“ú‚©‚ç@‹gŒ´—VŠf‚É‚¨‚¯‚é]ŒË‚Ì•¶‰»‚ÆŒ|p‚ğŒŸØ‚µ‚»‚Ì‘S–e‚É”—‚é,https://news.yahoo.co.jp/articles/b65d06cd874bc0dea451d3ff3530b941b992fe8d,3/12(‰Î) 11:34
piaeigat,‚Ò‚ ,ƒIƒXƒJ[öÜ®”Ô‘gA‹’®—¦‚Í‘O”N‚æ‚èŒüã,https://news.yahoo.co.jp/articles/baf0ce6855ad0aa968d85d481267493f6ca235f4,3/12(‰Î) 11:00
piaeigat,‚Ò‚ ,‰Á“¡˜a÷Aƒ~ƒjƒAƒ‹ƒoƒ€wLiberation BOXxÚ×”­•\@15ü”Nƒ‰ƒCƒu‰f‘œ‚àŒöŠJ,https://news.yahoo.co.jp/articles/53bb554d95209ca5dafa29410852edd4807b80f7,3/12(‰Î) 10:30
piaeigat,‚Ò‚ ,ƒ}ƒCƒPƒ‹Eƒ}ƒ“ŠÄ“Â~ƒAƒ_ƒ€Eƒhƒ‰ƒCƒo[å‰‰wƒtƒFƒ‰[ƒŠx7ŒŒöŠJB“Á•ñ‰f‘œ‚ª‰ğ‹Ö,https://news.yahoo.co.jp/articles/7bec2572ddbb7bdbe02ba80098ef42328748d94c,3/12(‰Î) 10:00
piaeigat,‚Ò‚ ,‘“c‹M‹vå‰‰Aƒ~ƒ…[ƒWƒJƒ‹ƒRƒƒfƒBw20¢‹I†‚Éæ‚Á‚Äx–{“úŠJ–‹,https://news.yahoo.co.jp/articles/673a5a2eabadf7f8504fe7598b8856221b085904,3/12(‰Î) 7:03
piaeigat,‚Ò‚ ,€ŒYú–ğ‚É’§í‚µ‚½‹´–{—Ç—ºuì‚èè‚âó‚¯è‚Ì—\‘z‚ğ’´‚¦‚ÄAˆ³“|‚Å‚«‚é‘¶İ‚É‚È‚Á‚Ä‚¢‚«‚½‚¢v,https://news.yahoo.co.jp/articles/ad797fbcc907a4782a6db1f9ffc6b371e285773b,3/11(Œ) 17:00
piaeigat,‚Ò‚ ,TRIPLANEAƒfƒrƒ…[20ü”N‹L”OƒxƒXƒgƒAƒ‹ƒoƒ€‚ğˆø‚Á’ñ‚°47“s“¹•{Œ§ƒcƒA[ŠJÃ,https://news.yahoo.co.jp/articles/a132335f9295481047ff0d0f68b2488051458bd9,3/11(Œ) 16:47
piaeigat,‚Ò‚ ,w‘æ37‰ñ“Œ‹‘Û‰f‰æÕ^TIFFCOM2024xŠJÃ“úŒˆ’è,https://news.yahoo.co.jp/articles/6074c03e01a47a4d21172630f7e72a5a6a764e50,3/11(Œ) 14:34
piaeigat,‚Ò‚ ,¼–{K‘å~£ŒË‚©‚¸‚â‚ªo‰‰@w‚»‚ê‚ğŒ¾‚Á‚¿‚á‚¨I‚¢x‚ğƒhƒ‰ƒ}ƒŠ[ƒfƒBƒ“ƒO‚Æ‚µ‚Äã‰‰,https://news.yahoo.co.jp/articles/77b4283b0c83a7adcb71d5a9bdfd2c7303106d4f,3/11(Œ) 13:55
piaeigat,‚Ò‚ ,wŒ€ê”ÅƒnƒCƒLƒ…[!!x‚ªƒhƒ‰‚¦‚à‚ñ‚ğ—}‚¦ñˆÊ’DŠÒ@w‰f‰æ ƒ}ƒCƒz[ƒ€ƒq[ƒ[x‚Í‰“oê3ˆÊy‰f‰æ“®ˆõƒ‰ƒ“ƒLƒ“ƒOz,https://news.yahoo.co.jp/articles/075df7b3b6901a78022aa278b54c0f95edb55fda,3/11(Œ) 13:49
piaeigat,‚Ò‚ ,WOWOWw–F—Y‚Ìƒ~ƒ…[x‚Éƒ~ƒ…[ƒWƒJƒ‹wVIOLETxƒ`[ƒ€‚ªƒQƒXƒgo‰‰,https://news.yahoo.co.jp/articles/65bd3d9d4f69de0764cd61947c656bd1cfb16ad3,3/11(Œ) 13:45
piaeigat,‚Ò‚ ,“c’†“NiAˆÀ’B—SÀA‚Å‚ñ‚Å‚ñ‚ço‰‰@Ô–x‰ëHƒvƒƒfƒ…[ƒXwƒ{ƒCƒ‰[ƒ}ƒ“x¶”zM‚ªŒˆ’è,https://news.yahoo.co.jp/articles/45ccb499de61ce6d5b9267b402dde13bde8ecf5a,3/11(Œ) 12:41
piaeigat,‚Ò‚ ,y‘æ96‰ñƒAƒJƒfƒ~[ÜzwƒIƒbƒyƒ“ƒnƒCƒ}[x‚ªì•iÜ‚Í‚¶‚ß7Š¥AwŒN‚½‚¿‚Í‚Ç‚¤¶‚«‚é‚©xwƒSƒWƒ‰-1.0x‚à‰õ‹“,https://news.yahoo.co.jp/articles/c8db956c0666d388d1ca58430777f8c528adad88,3/11(Œ) 12:39
piaeigat,‚Ò‚ ,“ú–{‚Ìƒ`ƒFƒŠE‚Ì¡‚ğ’m‚éAâD‚Ìƒ`ƒƒƒ“ƒX“—ˆI,https://news.yahoo.co.jp/articles/534049fe4156bf479ddfe6487448546a5f962b28,3/11(Œ) 12:07
piaeigat,‚Ò‚ ,ˆä‰YVA“Œo¹‘å‚ª‰õ‰‰I‰ö‰‰HwÂtƒWƒƒƒbƒN ~‚ß‚ç‚ê‚é‚©A‰´‚½‚¿‚ğ2x‰f‰æ‚É“q‚¯‚½Âty‚¨‚Æ‚È‚Ì‰f‰æƒKƒCƒhz,https://news.yahoo.co.jp/articles/d8eea7058ba5aea554d26d21fdc1309435ac4c80,3/11(Œ) 12:05
piaeigat,‚Ò‚ ,–k•Äƒ{ƒbƒNƒXƒIƒtƒBƒXAñˆÊ‚ÍwƒJƒ“ƒt[Eƒpƒ“ƒ_4x,https://news.yahoo.co.jp/articles/08e94e4dbe110b498c46162ac964137a40581e99,3/11(Œ) 11:32
piaeigat,‚Ò‚ ,wƒX[ƒ‰[ƒWƒ…‚ÆX“cq—´x•ºŒÉŒ§—§”üpŠÙ‚Å@u‰æ‰Æv‚Æu‘‰Æv‚Ìo‰ï‚¢‚ÆŒğ—¬‚ğ–ñ50“_‚Å•R‰ğ‚­,https://news.yahoo.co.jp/articles/a6ffe040b1a4228d6571867ad646de42504e81ca,3/11(Œ) 11:30
piaeigat,‚Ò‚ ,ƒ~ƒ…[ƒWƒJƒ‹wƒXƒEƒB[ƒj[Eƒgƒbƒhx5“x–Ú‚ÌŠJ–‹@‹{–{˜±–åAs‘º³eA‘å’|‚µ‚Ì‚Ô‚ªˆÓ‹C‚İ‚ğŒê‚é,https://news.yahoo.co.jp/articles/12d8d2bc7d93c9b9fe4e5bba87859befbad231ae,3/11(Œ) 11:30
piaeigat,‚Ò‚ ,“ƒ~ƒ…VìŒö‰‰w—¤‰œˆê˜@xŠJ–‹u‚±‚ê‚ªƒ~ƒ…[ƒWƒJƒ‹w“Œ•—•‘x‚¾A‚Æ©M‚ğ‚Á‚ÄŒ¾‚¦‚éì•iv,https://news.yahoo.co.jp/articles/276fc50caee3a59e64f70116a77ea1b844a0fb74,3/11(Œ) 10:53
piaeigat,‚Ò‚ ,•‘‘äwã’ƒyƒ_ƒ‹xVìŒö‰‰‚Ìã‰‰‚ªŒˆ’è,https://news.yahoo.co.jp/articles/57bf6fc8e41189557df417f4062447a17a2f281e,3/11(Œ) 10:35
piaeigat,‚Ò‚ ,y‚Ò‚ ˜AÚ^‘S13‰ñzˆÉ¨³O^ƒƒƒfƒB[‚ÍŠC•—‚Éæ‚Á‚Äi‘æ13‰ñjƒˆ‚È—~‹,https://news.yahoo.co.jp/articles/2710b55d8c5e87041482085dfb41e615474a43c2,3/11(Œ) 10:00
piaeigat,‚Ò‚ ,ƒ}ƒJƒƒj‚¦‚ñ‚Ò‚Â‚Ì”üŠwu‰‰‘t‚µ‚Ä‚¢‚ép‚ª•‚‚©‚Ô‚æ‚¤‚È‰¹‘œ‚Év,https://news.yahoo.co.jp/articles/fa4ecaf0704c9cbfae067518c89d3b789711c94f,3/11(Œ) 8:03
piaeigat,‚Ò‚ ,‹{¢—®–í~jŒ[‰i‚ªƒ{[ƒCƒYƒg[ƒNIuD‚«‚È—‚Ìq‚Ì‚½‚ß‚È‚ç‚¢‚Â‚Å‚à‰ï‚¢‚És‚­H@s‚©‚È‚¢Hv,https://news.yahoo.co.jp/articles/81cbfb8285eb7cf4857f898de5cff1eee7f04299,3/11(Œ) 8:03
piaeigat,‚Ò‚ ,wƒIƒbƒyƒ“ƒnƒCƒ}[xjã‰ƒgƒŠƒvƒ‹uTOKYOƒvƒŒƒ~ƒAvŠJÃŒˆ’è@IMAXA35mmƒtƒBƒ‹ƒ€ADolby Cinema‚ÅÀ{,https://news.yahoo.co.jp/articles/c801e44ec5c6e83fcbb4b49c818572483f19f7d0,3/11(Œ) 7:04
piaeigat,‚Ò‚ ,ƒ}ƒJƒƒj‚¦‚ñ‚Ò‚Â‚ÌV‹Èu–YƒŒƒi‰Sv‚ª—¬‚ê‚éw–Y‹pƒoƒbƒeƒŠ[xƒAƒjƒPVŒöŠJ,https://news.yahoo.co.jp/articles/bc601032adbc32a17d8e07300a10e73d80824798,3/10(“ú) 15:30
piaeigat,‚Ò‚ ,²“¡’|‘PAƒ\ƒƒfƒrƒ…[30ü”N‚ğ‹L”O‚µ‚½“Œ–¼ãZeppƒcƒA[ŠJÃŒˆ’è,https://news.yahoo.co.jp/articles/931ce9f66a6f288d54142cf717de59bdc4798fe0,3/10(“ú) 12:08
piaeigat,‚Ò‚ ,‹Ë’JŒ’‘¾A‘q‰ÈƒJƒi‚ç‹‰Ø‚ÈƒLƒƒƒXƒg‚ªƒ_[ƒNƒ~ƒXƒeƒŠ[‚ğÊ‚éIw˜A‘±ƒhƒ‰ƒ}W â‚Ìã‚ÌÔ‚¢‰®ªx‘æ2˜b‚ª–{“ú•ú‘—,https://news.yahoo.co.jp/articles/bb1514394ec7c6c360403148c6003841d79695ef,3/10(“ú) 12:07
piaeigat,‚Ò‚ ,ƒLƒ‹ ƒtƒF ƒ{ƒ“A{‚Ìƒtƒ‹[ƒc‚ğg‚Á‚½ƒ^ƒ‹ƒg‚È‚Çt‚ÌVì9í‚ğ‚²Ğ‰î,https://news.yahoo.co.jp/articles/789d9483d342c8f3060a5d80a0dd9d1136896844,3/10(“ú) 10:03
piaeigat,‚Ò‚ ,PK shampoo‚ªƒc[ƒ}ƒ“Šé‰æwFIRE WALL Vol.2x‚ÅchelmicoA¬R“c‘s•½‚Æ‹£‰‰,https://news.yahoo.co.jp/articles/de99a1930af196172efb2f40ec8abef79bc3c2e4,3/9(“y) 20:03
piaeigat,‚Ò‚ ,ƒuƒ[ƒhƒEƒFƒCEƒ~ƒ…[ƒWƒJƒ‹wƒvƒŠƒeƒBƒE[ƒ}ƒ“x‰—ˆ“úŒˆ’è,https://news.yahoo.co.jp/articles/0f8a84a7625574856b6e324a07a766a5f838afda,3/9(“y) 14:24
piaeigat,‚Ò‚ ,ƒVƒ‡[ƒ“Eƒz[ƒ€ƒY~’i“cˆÀ‘¥wƒŠƒA‰¤xŠJ–‹@•‘‘äÊ^•ƒLƒƒƒXƒgƒRƒƒ“ƒg“’…,https://news.yahoo.co.jp/articles/6ac34475274ad1ed63a7917ba037b519cc807605,3/9(“y) 14:14
piaeigat,‚Ò‚ ,HakubiAƒ~ƒjƒAƒ‹ƒoƒ€wthrowx‚Ì‰ïêŒÀ’è”ÕƒŠƒŠ[ƒX‚ğ”­•\,https://news.yahoo.co.jp/articles/0ec023bae158ed721e24b399173f6c72eafff338,3/9(“y) 11:58
piaeigat,‚Ò‚ ,Å‹­ƒ^ƒbƒO‚ª¶‚ñ‚¾gÅ‹°‚Ìƒzƒ‰[EƒGƒ“ƒ^[ƒeƒCƒ“ƒƒ“ƒgh@ƒ~ƒ…[ƒWƒJƒ‹wƒXƒEƒB[ƒj[Eƒgƒbƒhx–{“úŠJ–‹,https://news.yahoo.co.jp/articles/1646e15cd602726eaa9401b24a48009186bfdc80,3/9(“y) 10:02
piaeigat,‚Ò‚ ,ƒ[ƒNƒ}ƒ“t‰ÄV»•i‚ÌƒCƒ`ƒIƒVƒAƒCƒeƒ€uƒV[ƒ“ƒŒƒXƒuƒ‰ƒEƒXv“™‚ğÊ^‚Å‚²Ğ‰î,https://news.yahoo.co.jp/articles/0c28d502cc37a989afe85eb5358e9c902ca37c9c,3/9(“y) 10:01
piaeigat,‚Ò‚ ,‹´–{—Ç—º‚ÌB‰eŒ»ê‚ÉµŒÜOŠ|—´–ç‚ªö“üI wâ‚Ìã‚ÌÔ‚¢‰®ªxƒTƒvƒ‰ƒCƒY“®‰æŒöŠJ,https://news.yahoo.co.jp/articles/eeda6d35c566a996facd0e605dda9c21366afd75,3/9(“y) 8:03
piaeigat,‚Ò‚ ,y‘æ47‰ñ“ú–{ƒAƒJƒfƒ~[ÜzwƒSƒWƒ‰|1.0xˆ³ŸI@Å—DGì•iÜ‚ğ‚Í‚¶‚ßA8Š¥’B¬@Å—DGŠÄ“ÂÜ‚Íƒ”ƒBƒ€Eƒ”ƒFƒ“ƒ_[ƒX,https://news.yahoo.co.jp/articles/5df8b8d6c88aba246cb1c775182a54d2bdbdef64,3/8(‹à) 23:15
piaeigat,‚Ò‚ ,KroiAuHyperv‚ÌƒXƒ^ƒWƒIƒZƒbƒVƒ‡ƒ“‰f‘œŒöŠJ,https://news.yahoo.co.jp/articles/41bf20de51c853778e66013273afbb1cc0c667f9,3/8(‹à) 23:01
piaeigat,‚Ò‚ ,Mr.ChildrenA‘S22Œö‰‰‚ÌƒAƒŠ[ƒiƒcƒA[ŠJÃŒˆ’è@ƒgƒŒ[ƒ‰[‰f‘œŒöŠJ,https://news.yahoo.co.jp/articles/1f8bedd57da7eb778b97910232fb58d60a550522,3/8(‹à) 22:01
piaeigat,‚Ò‚ ,ƒtƒŒƒ“ƒY‚©‚çŠÖŒû—Û‚ª‘²‹Æ@Œ»‘Ì§ƒ‰ƒXƒgƒ‰ƒCƒu•V‘Ì§‚ÅwƒtƒŒƒ“ƒY‚ÌƒtƒŒƒ“ƒY‘åW‡IxŠJÃŒˆ’è,https://news.yahoo.co.jp/articles/2578634c834178efcd1fb916f07eef1ee38cd1e3,3/8(‹à) 21:30
piaeigat,‚Ò‚ ,’´Šw¶AƒQ[ƒ€ƒZƒ“ƒ^[‚ÆƒRƒ‰ƒ{w’´Šw¶~GiGO`‚Í‚½‚ç‚­’´Šw¶`xŠJÃŒˆ’è,https://news.yahoo.co.jp/articles/c6e557939a62bcbd229eeacf4e48007bb1300f4a,3/8(‹à) 19:31
piaeigat,‚Ò‚ ,Lucky KilimanjaroAPEOPLE 1ATele‚ª‹£‰‰@PLAYLIST presentsgƒwƒbƒhƒtƒHƒ“‚ğŠO‚µ‚Ä vol.7h ƒ‰ƒCƒuƒŒƒ|[ƒg,https://news.yahoo.co.jp/articles/315a1bef94e24e7549b1a47f30a055193bbce4aa,3/8(‹à) 19:00
piaeigat,‚Ò‚ ,‚­‚é‚èA‘S‘22ƒJŠ23Œö‰‰‚ğ‰ñ‚éƒ‰ƒCƒuƒnƒEƒXƒcƒA[ŠJÃ”­•\,https://news.yahoo.co.jp/articles/7870a17bce3ed187ca7032da55321d0af43af881,3/8(‹à) 19:00
piaeigat,‚Ò‚ ,‹»•±‚ğ—U‚¤ˆê‘å–`Œ¯ŠˆŒ€I 5l‚ÌƒLƒƒƒXƒg‚ª–ô“®‚·‚éwƒƒfƒBƒA/ƒCƒAƒ\ƒ“xŒmŒÃ‚©‚çŒ©‚¦‚Ä‚«‚½V‚½‚ÈƒMƒŠƒVƒƒ”ßŒ€,https://news.yahoo.co.jp/articles/5e2c179fd6e9bd24fec41736fa9ca64cd6bdf5b7,3/8(‹à) 18:15
piaeigat,‚Ò‚ ,ƒoƒ“ƒNƒV[AƒJƒEƒY‚ç¢ŠE‚ÌƒA[ƒoƒ“ƒA[ƒg‚ªWŒ‹@ƒeƒŒƒr’©“úŠJ‹Ç65ü”N‹L”OwMUCA“W xA‚¢‚æ‚¢‚æ“Œ‹‚ÅŠJÃ,https://news.yahoo.co.jp/articles/bd79eb1483b1044c18b604b904294c529dc14f2c,3/8(‹à) 18:07
piaeigat,‚Ò‚ ,BunkamuraåÃA‰‰Œ€‚ÌŠw‚ÑêwƒRƒN[ƒ“ ƒAƒNƒ^[ƒY ƒXƒ^ƒWƒIxq“Á•Êƒ[ƒNƒVƒ‡ƒbƒvr’Ç‰Áut‚ÉŠâè‚¤‘å(‚©‚à‚ß‚ñ‚½‚é)A‘åªmAJAE,https://news.yahoo.co.jp/articles/e828b866135df6d46e27ab73aa87d8c9b9c956c4,3/8(‹à) 18:04
piaeigat,‚Ò‚ ,Lucky KilimanjaroAƒjƒ…[ƒVƒ“ƒOƒ‹wÀŠ´xƒŠƒŠ[ƒXŒˆ’è@‘S‘9“ss‚ğ‚Ü‚í‚éƒcƒA[‚à”­•\,https://news.yahoo.co.jp/articles/4d3331b2a939ab4ac3cfe9c172d075a528af08f3,3/8(‹à) 18:00
piaeigat,‚Ò‚ ,“à“c^—ç•Ä“¡‘s”n‚ª‰Ì‚¤EDƒe[ƒ}‚à@ƒAƒjƒwƒAƒXƒgƒƒmƒIƒgxƒƒCƒ“PV‘æ2’eŒöŠJ,https://news.yahoo.co.jp/articles/8bc91f4e7b9c3cf66cdcd02d7221c9cc562063c4,3/8(‹à) 18:00
piaeigat,‚Ò‚ ,wƒfƒfƒfƒfx“oêƒLƒƒƒ‰ƒNƒ^[‚ªŒ´ìÒ‚ä‚©‚è‚Ì’n‚Åì•i‚ğPR@ƒCƒ\ƒx‚â‚ñ‚Ìˆ¤‚­‚é‚µ‚¢ƒrƒWƒ…ƒAƒ‹‚Él‚¾‚©‚è,https://news.yahoo.co.jp/articles/734c278b2ca55339e609710e36263ea34703d304,3/8(‹à) 17:01
piaeigat,‚Ò‚ ,Šâí•‘å¸~“ß{—Y“o~‹àwˆê¢wƒgƒ“ƒJƒcƒƒbƒNxB‚è‰º‚ë‚µƒrƒWƒ…ƒAƒ‹ŒöŠJ,https://news.yahoo.co.jp/articles/5d351c3fa125add9e0c75a1a7f1440bc81ba9365,3/8(‹à) 17:00
piaeigat,‚Ò‚ ,‘“àŠO‚Ì‹‰ØƒXƒP[ƒ^[‚ªWŒ‹I@¢ŠEÅ‚•ô‚ÌƒAƒCƒXƒVƒ‡[wƒXƒ^[ƒYEƒIƒ“EƒAƒCƒXx‘åãE‰¡•l‚ÅŠJÃ,https://news.yahoo.co.jp/articles/1096259e3327e63df8923d204a82cca60e5a14ec,3/8(‹à) 15:05
piaeigat,‚Ò‚ ,Ä“¡—R‹M‚ªcŒ^ƒwƒA‚Ì“ä‘½‚«‹M•wl‚É wTTFF2023xƒOƒ‰ƒ“ƒvƒŠ‹L”Oìw—§‚Ä”¯‹M•wlxŒöŠJ,https://news.yahoo.co.jp/articles/e0a84846f060c7440dc8c3e91306b4c85b2f9451,3/8(‹à) 15:05
