media_en,media_jp,title_articles,link_articles,date_original
awire,Aviation Wire,防衛省、新田原に臨時F-35B飛行隊新設,https://news.yahoo.co.jp/articles/3e132375a141db97a8d032a660330f52e3a36cbf,12/23(土) 14:15
awire,Aviation Wire,防衛省、海自の新哨戒ヘリSH-60L運用開始へ　SH-60K後継の能力向上型完成,https://news.yahoo.co.jp/articles/a47fdcd7b190df913a55505bb4de4bee233c509d,12/23(土) 11:50
awire,Aviation Wire,国交省、JALエンジニアリングに業務改善勧告,https://news.yahoo.co.jp/articles/1d338f37a548cc164f5a54a58bc95e46afa4b097,12/22(金) 23:55
awire,Aviation Wire,ジェットスター・ジャパン、パイロットがスト実施も22日は通常運航　年末年始に影響も,https://news.yahoo.co.jp/articles/095ba639d1da59b2d6ff8775fe2862e3c20b7bdd,12/22(金) 20:03
awire,Aviation Wire,コロナ5類後初の年末年始、ハワイ・アジア予約好調　国内線は9割弱に回復,https://news.yahoo.co.jp/articles/341a62e7a800d5cc3b0bc1623fae068896ed5e55,12/22(金) 19:03
awire,Aviation Wire,シンガポール航空、ガトウィック24年6月就航　週5往復,https://news.yahoo.co.jp/articles/eaf8fb98e738b0cee222df05033822d26be896bd,12/22(金) 18:27
awire,Aviation Wire,カタール航空、羽田－ドーハ4月から運休　JAL便就航で、成田・関空は継続,https://news.yahoo.co.jp/articles/f37bc92d67cbd0ff6fa9ebb7827acd575de0a162,12/22(金) 13:12
awire,Aviation Wire,ANA、羽田にグラハンEV急速充電器　脱炭素化へ,https://news.yahoo.co.jp/articles/353bfecf3dbb2d3ebe3d55f3de109a5754ad3b82,12/22(金) 12:16
awire,Aviation Wire,成田空港の年末年始予測、国際線114万人　コロナ前8割超,https://news.yahoo.co.jp/articles/26f440e49c0d0e18345ebb28b79b8095ff68c514,12/22(金) 9:36
awire,Aviation Wire,エア・ドゥ、CA募集　3月・7月入社,https://news.yahoo.co.jp/articles/ccb1d165e0bb87316ed1a58f77e3c5c5889066f1,12/21(木) 23:43
awire,Aviation Wire,JALサーチャージ、引き下げ　欧米往復8.7万円、ハワイ5.6万円に＝24年2-3月分,https://news.yahoo.co.jp/articles/0730310ff62e130fd0240082a4bf2071bb44fc34,12/21(木) 16:31
awire,Aviation Wire,ANA、国際線ファースト・ビジネスのアメニティ刷新　英ETTINGERのポーチ、廃プラ削減も,https://news.yahoo.co.jp/articles/49562336cdaed5596b51943113f628e109121e6d,12/21(木) 15:11
awire,Aviation Wire,ラタム航空、787を5機追加発注　南米初GEエンジン選択,https://news.yahoo.co.jp/articles/f88564f507276715b2cb5b7337ecdf2c7dd51bb5,12/21(木) 13:53
awire,Aviation Wire,トランサヴィア航空、A321neo初号機受領　エアバス機への移行始まる,https://news.yahoo.co.jp/articles/d4fc99f900f5476ed7673097d97fa699039732b6,12/21(木) 12:32
awire,Aviation Wire,11月の訪日客、200万人超え6カ月連続,https://news.yahoo.co.jp/articles/bc2c9eb631c391c47f98edec2119f8a6888c4b1c,12/21(木) 9:19
awire,Aviation Wire,エア・ドゥ、737-700後継は新造機も　鈴木社長、CO2削減や定時性「効果高い」,https://news.yahoo.co.jp/articles/001faf8a176d08aac7b3a002caa28bf8091c79a6,12/20(水) 17:59
awire,Aviation Wire,JAL、ジャルセールス吸収合併　4月にソリューション営業強化で,https://news.yahoo.co.jp/articles/75fb2cd7f80a9b74a0466730d2e5013dea4bfeb3,12/20(水) 17:18
awire,Aviation Wire,福岡空港、国内線にスマートレーン12台　1月から順次,https://news.yahoo.co.jp/articles/a683ee7bfe0542982a3db022296ff86ebd82d6d2,12/20(水) 16:57
awire,Aviation Wire,エア・ドゥ、就航25周年で歴代制服フライト　サロペット制服も,https://news.yahoo.co.jp/articles/9b392c9515671e859c920c18d206a94d791bdfc6,12/20(水) 15:54
awire,Aviation Wire,ANAの機内食、カプセルトイに　ハンバーグやドリアなど10種、通販200万食突破記念,https://news.yahoo.co.jp/articles/4d1fe42bf0c3cb3a60fb608375f6ff5399636383,12/20(水) 14:53
awire,Aviation Wire,ルフトハンザ、A220-300を40機発注　来夏就航の新会社へ,https://news.yahoo.co.jp/articles/5035e29a0723c3c789e3bafdba9fdd284c592342,12/20(水) 13:11
awire,Aviation Wire,ルフトハンザ、737MAX初発注　27年に初号機、運航会社未定,https://news.yahoo.co.jp/articles/d3a572910898f3781ab9723c7c4437923e040880,12/20(水) 12:24
awire,Aviation Wire,JALとDHL、767貨物機で協業　東アジア強化,https://news.yahoo.co.jp/articles/06be14d9f586ddddc412fef28614db4e6117914c,12/20(水) 10:52
awire,Aviation Wire,関空の年末年始予測、国際線コロナ前8割超に回復　80.9万人予測、1位は韓国12.9万人,https://news.yahoo.co.jp/articles/8dc79abbfc83163f5a223866147611a798ab9db8,12/20(水) 9:55
awire,Aviation Wire,イージージェット、A320neoとA321neo追加発注　確定157機と購入権100機分,https://news.yahoo.co.jp/articles/4782c647612df9b5012b563a7dcdb64a57d0ccc4,12/20(水) 8:20
awire,Aviation Wire,大韓航空、札幌－ソウル1/13増便　1日2往復に,https://news.yahoo.co.jp/articles/74308b678fc344c4f86e704d0eb07302978889e7,12/19(火) 18:03
awire,Aviation Wire,ルフトハンザ、イスラエル3カ月ぶり再開　グループ3社週20往復、1/8から,https://news.yahoo.co.jp/articles/941119773bad5cb197a0b684820a35f8e8fc06d1,12/19(火) 16:40
awire,Aviation Wire,スプリング・ジャパン、全線でクリスマスセール　国内1980円、国際2020円から,https://news.yahoo.co.jp/articles/f09c9a4d5ed90b29131eaba1c89f8c41fe42fabc,12/19(火) 13:49
awire,Aviation Wire,成田－トルクメニスタン、直行便就航可に　航空協議で枠組み新設,https://news.yahoo.co.jp/articles/daa73948c5a4823c98f52dda5cfad30dccdb0e93,12/19(火) 12:43
awire,Aviation Wire,ピーチ、国内線700万人突破　24路線対象、クリスマスセールで“恩返し”,https://news.yahoo.co.jp/articles/7ecec8b1b32336a30707a30d3358ab82d5a7a983,12/19(火) 11:14
awire,Aviation Wire,スカイマーク、11月利用率83.4％　羽田発着は87.8％,https://news.yahoo.co.jp/articles/89bae0e4dc70fef4c36f325b976bbc930941682b,12/19(火) 10:14
awire,Aviation Wire,米空軍、B-2ステルス爆撃機受領から30周年,https://news.yahoo.co.jp/articles/bc028df335405b4dec643e498bb8621862cb7043,12/18(月) 23:44
awire,Aviation Wire,JALベルスター、お台場と羽田空港で演奏会　23-25日,https://news.yahoo.co.jp/articles/0a4ba4d45b813a985151a74f25fb000c480734f8,12/18(月) 22:15
awire,Aviation Wire,JAL、国内線・国際線の予約開始360日前に統一　3/26から,https://news.yahoo.co.jp/articles/4bb6565ab9dde04ef148aa37e1a90a2eec3d1d81,12/18(月) 18:26
awire,Aviation Wire,北京首都航空、関空－合肥－石家荘12/23就航,https://news.yahoo.co.jp/articles/8b3bb85b2b4c84f9afad24d37238094819012b0a,12/18(月) 17:43
awire,Aviation Wire,カンタス航空、緑色のA220初号機受領　717後継,https://news.yahoo.co.jp/articles/fab5b986a2565c015e5f70eea4815bc9102424f7,12/18(月) 12:02
awire,Aviation Wire,個室内で完結する足もと広々ビジネスクラス　特集・JAL新旗艦機A350-1000（2）,https://news.yahoo.co.jp/articles/d57c72b2a836efe0d75313062def8b0e76cd8928,12/18(月) 8:50
awire,Aviation Wire,ANA、羽田国際線ラウンジのスタッフ募集,https://news.yahoo.co.jp/articles/7476c3d9a73a81e802ac2cb8f946495c9396f99b,12/17(日) 22:29
awire,Aviation Wire,ヤマトのクロネコ貨物機が新規登録　国交省航空機登録11月分,https://news.yahoo.co.jp/articles/3b6cf2930a75271ffeebf8948d14fb1337cc9f24,12/17(日) 21:51
awire,Aviation Wire,JALのA350-1000、2号機も納入間近　3号機は最終組立大詰め,https://news.yahoo.co.jp/articles/f5573267046c7f7649df639e38e0a2d6d79f6b4c,12/16(土) 10:33
awire,Aviation Wire,ターキッシュ、エアバス機220機追加発注　A350-1000やA350Fなど,https://news.yahoo.co.jp/articles/a93a12e61e3a06e64000f3f96ec17b782b772f31,12/16(土) 9:06
awire,Aviation Wire,JAC、機長経験者募集,https://news.yahoo.co.jp/articles/cac38e37f847a3fbf351e45ccd0c5e907b4b157f,12/15(金) 22:27
awire,Aviation Wire,エミレーツ航空、羽田便の無料送迎再開　ファーストとビジネス,https://news.yahoo.co.jp/articles/47f3b9240cdc57cc4a4ea47da842e4db4e208bf3,12/15(金) 21:50
awire,Aviation Wire,ダブルベッドも可能な個室ファーストクラス　特集・JAL新旗艦機A350-1000（1）,https://news.yahoo.co.jp/articles/a1633a8e76df469015869b7a16c5f5364ad10022,12/15(金) 19:50
awire,Aviation Wire,ジェットスター・ジャパン、旭川就航　国内LCC初、成田から1日1往復,https://news.yahoo.co.jp/articles/45356df28495bacfe46553c73e830b13939f1265,12/15(金) 18:44
awire,Aviation Wire,JALのA350-1000、羽田に初号機着　旗艦機19年ぶり刷新、1/24就航,https://news.yahoo.co.jp/articles/286ecaf37231a01a485ae7a1ca4f1d740eaa1ea8,12/15(金) 14:37
awire,Aviation Wire,JAL、A350-1000初号機が羽田へ翼振り出発　19年ぶり旗艦機刷新,https://news.yahoo.co.jp/articles/bcefb50ee3bb4595bdd4e18b2cbcd2bee9e17199,12/14(木) 22:18
awire,Aviation Wire,ANA、11年連続で5つ星　英SKYTRAX調査,https://news.yahoo.co.jp/articles/d7bdcbb836744cc680b0b690b9d9958859b7cd8b,12/14(木) 18:14
awire,Aviation Wire,スターラックス航空、IATAに正式加盟,https://news.yahoo.co.jp/articles/f2651bd6ffc24f329f94eb9be957d19be5bcee98,12/14(木) 17:06
awire,Aviation Wire,成田－サウジアラビア、就航可に　航空協議で枠組み新設,https://news.yahoo.co.jp/articles/93b68fad215e22e2a6b8ae079d17910a2848a406,12/14(木) 15:55
awire,Aviation Wire,JAL、株主向けA350-1000見学会　1/16に羽田格納庫,https://news.yahoo.co.jp/articles/5f35d48e6628dfb251451f96f9f46e7a171827a6,12/14(木) 8:38
awire,Aviation Wire,JAL、新旗艦機A350-1000初公開　個室ファーストは天井広々、羽田－NY 1/24就航,https://news.yahoo.co.jp/articles/78b12174b0b0ca42fdfd15aa1a31ce444376aeab,12/14(木) 3:50
awire,Aviation Wire,ターキッシュエア、関空－イスタンブール再開　週4往復,https://news.yahoo.co.jp/articles/0e3b3de7c74abc0873129f48852868cbcfabe5b4,12/13(水) 19:15
awire,Aviation Wire,777X、エミレーツ航空から大型受注　737MAX納入回復＝ボーイング11月実績,https://news.yahoo.co.jp/articles/738f5f05ccc3cfdf8a575c3fd972ecb9fc6a92a2,12/13(水) 18:08
awire,Aviation Wire,AirJapan、2号機はANA787初号機　JA801A前倒し導入,https://news.yahoo.co.jp/articles/f789c5d6ceeee8df4e70c7ed14d67469d2c019a5,12/13(水) 15:11
awire,Aviation Wire,アボロン、737MAXを40機追加発注へ,https://news.yahoo.co.jp/articles/ef85e26166baa7b9c356cbb34ff6b06cd015bea9,12/13(水) 12:42
awire,Aviation Wire,アボロン、A321neoを100機追加発注,https://news.yahoo.co.jp/articles/59df49fd6b7b3c032c50441662a62ea036ae09a7,12/13(水) 12:22
awire,Aviation Wire,ANA新ブランドAirJapan、成田－バンコク4/30増便　1日1往復に,https://news.yahoo.co.jp/articles/709d7d9a1e10a202a1104b5640966d321019d5fd,12/13(水) 11:34
awire,Aviation Wire,JALの777-200ER、3号機も離日　11機すべて日本から姿消す,https://news.yahoo.co.jp/articles/501398ee60509ba535f8bdb3a917f5c522634f57,12/12(火) 23:38
awire,Aviation Wire,ヤマトのクロネコ貨物機、羽田から成田へ　訓練初日,https://news.yahoo.co.jp/articles/effdd44da8d3ab8c722db55b8c54d23a66101640,12/12(火) 17:27
awire,Aviation Wire,ヤマトのA321貨物機、羽田に初飛来　来夏就航,https://news.yahoo.co.jp/articles/dfb38a4dc890877d0c59e560d0e68aeeaefeee22,12/12(火) 13:26
awire,Aviation Wire,ANA、国際線旅客60万人超え2カ月ぶり　利用率78.0％＝10月実績,https://news.yahoo.co.jp/articles/cf472444956b231b4504977e362fd59e44c9fc38,12/12(火) 8:56
awire,Aviation Wire,ANA、仮想空間で旅行や買い物　マイルがたまるアプリ「GranWhale」,https://news.yahoo.co.jp/articles/655a68bf20f361800dd048be64ebb508196ae7d8,12/11(月) 23:56
awire,Aviation Wire,スカイマーク、神戸発着で富士山遊覧ピカチュウジェットチャーター,https://news.yahoo.co.jp/articles/310bfc7b20a2a8db75660bf9ad7e391e18870688,12/11(月) 21:36
awire,Aviation Wire,ピーチ、楽天ペイで決済可に　楽天ポイントで航空券も,https://news.yahoo.co.jp/articles/d851f2eb73bd7974da8737122c1d2c05a6081a2b,12/11(月) 18:36
awire,Aviation Wire,タイ国際航空、シルク不使用「ジム・トンプソン」アメニティー,https://news.yahoo.co.jp/articles/e1adb2151ca5bddf78e059090f51d0f2600fe9d0,12/11(月) 17:39
awire,Aviation Wire,JAL、廃棄ライフベストでバッグ2種類　トート・ショルダー数量限定,https://news.yahoo.co.jp/articles/3f31d3c3c820608096362133ffa16c9de8184bf1,12/11(月) 16:03
awire,Aviation Wire,ANA、非航空サービス利用でマイル上級会員　搭乗実績に上乗せ,https://news.yahoo.co.jp/articles/f29af686b9627f5ce94985b69043e16206b501ee,12/11(月) 15:38
awire,Aviation Wire,中部空港、採用直結型の合同説明・選考会12/19開催　グラハンや保安・警備,https://news.yahoo.co.jp/articles/f98b7a50a93a717aa4a2a2d210f761c7b1437cdf,12/11(月) 14:31
awire,Aviation Wire,JAL、新旗艦機A350-1000が1/24就航　2路線目はダラス,https://news.yahoo.co.jp/articles/e788ee3b604658a325db73075430d44db9e281f2,12/11(月) 10:42
awire,Aviation Wire,ヘリで初日の出フライト　スペースアビエーション、国内4カ所で,https://news.yahoo.co.jp/articles/b511eccec52ec78a7ea8e507368584bbb619722c,12/11(月) 7:51
awire,Aviation Wire,トキエア、2号機を那覇へフェリー　冬季運航の準備,https://news.yahoo.co.jp/articles/fe8484596447bae6e059f6e84f3a1dd45e977037,12/11(月) 7:09
awire,Aviation Wire,ユーロファイター、GPS強化　BAE製アンチジャムレシーバー,https://news.yahoo.co.jp/articles/2e9d7bb0e9e8c660d6e2dc78e147eee7f93e28e3,12/9(土) 18:47
awire,Aviation Wire,中部空港、LUXURY FLIGHTが航空グッズ専門店　ボーイングストア跡地に出店,https://news.yahoo.co.jp/articles/e6db1124d90cc02d80921dc1b55d32840744b190,12/9(土) 10:46
awire,Aviation Wire,スターラックス航空、台中就航へ　24年上期,https://news.yahoo.co.jp/articles/31b14212cada58d55e4d206844e11834641151ae,12/9(土) 9:02
awire,Aviation Wire,高松空港、国際線施設利用料を3月導入,https://news.yahoo.co.jp/articles/8d697156e5294d8eba7a20c08f0359cfb7be4c4c,12/8(金) 19:53
awire,Aviation Wire,ANAの空港接客コンテスト、新千歳の樽澤さん優勝,https://news.yahoo.co.jp/articles/659548957ec54cb578c5aea468645b7ddbd53fef,12/8(金) 19:20
awire,Aviation Wire,JAC、創立40周年で全機に記念ロゴ　航空券プレゼントも,https://news.yahoo.co.jp/articles/39bfff1a76b3fe86d8a79bfb8a5ac5ce2c289866,12/8(金) 18:57
awire,Aviation Wire,キャセイ、A350F貨物機を6機発注　747F後継,https://news.yahoo.co.jp/articles/8f8496f2f56ffcac560878e04c15657da543ced3,12/8(金) 17:36
awire,Aviation Wire,羽田空港、国際線5倍超957万人　総旅客58.6％増4000万人超え＝23年度上期,https://news.yahoo.co.jp/articles/37f50d6abcc9d97015c8269b9f14ae8a95686dc4,12/8(金) 11:09
awire,Aviation Wire,JAL、関東中部の空港接客No.1に成田・東さん　6月に決勝戦,https://news.yahoo.co.jp/articles/72fc7cafe257067e3447b5053bbc01e6af9ceea0,12/8(金) 8:50
awire,Aviation Wire,HACの雪ミク特別機、12/19で終了,https://news.yahoo.co.jp/articles/b2c77f91e840e533096d87b3e7eec8b8e6311ea5,12/7(木) 22:34
awire,Aviation Wire,LOTポーランド航空、サウジ6月就航　ワルシャワ－リヤド週3往復,https://news.yahoo.co.jp/articles/2513f483be2559fc203944a0f50df98814569f56,12/7(木) 18:38
awire,Aviation Wire,米軍、オスプレイ全機の運用停止　機体不具合の可能性も,https://news.yahoo.co.jp/articles/e031107f0f9d6ff83b5488b13f5c0841629a7fce,12/7(木) 17:34
awire,Aviation Wire,A350、エミレーツ航空から15機　A220、エア・バルティック追加発注＝エアバス11月実績,https://news.yahoo.co.jp/articles/c4d18e000c732ad5a8ef216751cd8b821ed77d04,12/7(木) 17:11
awire,Aviation Wire,JAL、羽田－ドーハ3/31就航　アフリカ・南米へ接続、日系初の中東直行便,https://news.yahoo.co.jp/articles/e5ce820269c7a7bed813d362bcc01a21eacadfb6,12/7(木) 13:49
awire,Aviation Wire,ZIPAIR、アジア4路線毎日運航＝24年夏ダイヤ,https://news.yahoo.co.jp/articles/ce94c86e36d5d2c5c8f19691acfcf9f5467658b8,12/7(木) 12:57
awire,Aviation Wire,関空、黒字転換4期ぶり　水際完全撤廃で回復＝23年4-9期,https://news.yahoo.co.jp/articles/f073633c3d4efbbd93dec59484d91996fafe379e,12/7(木) 11:47
awire,Aviation Wire,JALふるさと納税、1500万円で仙台発着チャーター　6万円で空港見学,https://news.yahoo.co.jp/articles/df7c0bb569f98ade7ab5da32f9f1dd1403802654,12/6(水) 23:12
awire,Aviation Wire,IATA事務総長「PWエンジン問題は25年も影響」世界の航空会社、24年は過去最高の総収入に,https://news.yahoo.co.jp/articles/884d55f4298ee01c6736235279ef50df7794ab54,12/6(水) 21:50
awire,Aviation Wire,ANA、A380を成田－ホノルル全便投入　1日2往復スタート,https://news.yahoo.co.jp/articles/288dffa4f93f51eeca949c34a803d2cc42b12e7e,12/6(水) 18:32
awire,Aviation Wire,JAL、CA・地上係員志望者向け入門スクール　2月から短期集中,https://news.yahoo.co.jp/articles/33110100a7bd28bcc164333212e504f4b742fdf9,12/6(水) 18:21
awire,Aviation Wire,737-10の型式証明、24年にずれ込み　NMA開発「進捗なし」777Xは25年中ごろ,https://news.yahoo.co.jp/articles/edf3e7c6e2e00f588aafa4f89a341822b555a682,12/6(水) 14:57
awire,Aviation Wire,元ヴァージン・オービットの747、モハベで極超音速試験母機に　巨大双胴機のストラト社保有,https://news.yahoo.co.jp/articles/b8f58a6ab48a2ee6d9ba9ef7be8b237013800771,12/6(水) 13:56
awire,Aviation Wire,関空、国際線新出国エリア開業　山谷社長「コンパクトで気持ちいい空港目指す」,https://news.yahoo.co.jp/articles/5ceee8cb6051dff2c3d763305e0b2f110ce0aa8a,12/5(火) 18:43
awire,Aviation Wire,大韓航空、大分5年ぶり再開　1/20から週3往復,https://news.yahoo.co.jp/articles/ccf98b01b9946d87b1554f665d928f1204ccb09f,12/5(火) 16:28
awire,Aviation Wire,ポーター航空、E195-E2を25機追加発注,https://news.yahoo.co.jp/articles/864de506253238ba07902c17f516fd088184b94d,12/5(火) 15:20
awire,Aviation Wire,3分で水素充填、羽田空港で燃料電池フォークリフト試用　空港施設がJAL・ANA貸出,https://news.yahoo.co.jp/articles/f7cfb3a63c0c812491a4f91fb700a468f9fa97c0,12/5(火) 10:41
awire,Aviation Wire,エア・ドゥとソラシド持株会社、純利益48億円　23年4-9月期,https://news.yahoo.co.jp/articles/04f565f65118f30279d7974bedebdf2784018fa4,12/5(火) 9:53
awire,Aviation Wire,韓国空軍、新輸送機にC-390選定　アジア初、7カ国に,https://news.yahoo.co.jp/articles/28318e82673adf578d5e6b150628ce3fa9b024ed,12/5(火) 7:17
awire,Aviation Wire,関空、旅の最後に”日本”感じる新出国エリア　国内最大級の回遊型免税店も,https://news.yahoo.co.jp/articles/fa0ca2522f74f02de99e5cd8ae4baa6b62ac2967,12/4(月) 23:57
awire,Aviation Wire,エア・ドゥ、最終黒字2期連続　23年4-9月期,https://news.yahoo.co.jp/articles/a252aa65a9f8e8db6558fc2ce29f5b4bf26f596c,12/4(月) 19:22
awire,Aviation Wire,ソラシド23年4-9月期、最終黒字2期連続　通期営業収入を上方修正,https://news.yahoo.co.jp/articles/85c5d8eccea0dfd4c58acfbe63a0f3a873753a4c,12/4(月) 18:34
awire,Aviation Wire,スカイマーク、羽田－札幌・福岡・鹿児島臨時便　年末年始など48便,https://news.yahoo.co.jp/articles/e73fcf9e621f61765c03eb473d80182b7d249dc7,12/4(月) 18:19
awire,Aviation Wire,成田－UAE、貨物専用便の運航可に　25年夏ダイヤから、航空協議で枠組み新設,https://news.yahoo.co.jp/articles/19bdfab275d909a8ae5dd5f0ccee124e6b904e23,12/4(月) 12:45
awire,Aviation Wire,成田空港、4期ぶり黒字転換　需要回復も通期据え置き＝23年4-9月期,https://news.yahoo.co.jp/articles/91b15e04652f9e2cc3d33eafb685c696ec5c1f71,12/4(月) 9:22
awire,Aviation Wire,アラスカ航空、ハワイアン航空を19億ドルで買収　統合後もワンワールド加盟,https://news.yahoo.co.jp/articles/b23077e8734d977e74555aa79f5d8cac06c3208e,12/4(月) 8:46
awire,Aviation Wire,セイコーとANA、787イメージ腕時計　395本限定,https://news.yahoo.co.jp/articles/7cfda6c868c317aafea2445894e213bc1db6eab8,12/3(日) 18:21
awire,Aviation Wire,トキエア、羽田で佐渡島PR　12/7-8に恒例イベント,https://news.yahoo.co.jp/articles/829231a570b815ece3bd958d6f1f06023e39a555,12/3(日) 13:37
awire,Aviation Wire,次期多用途ヘリMH-139A、米空軍に初期生産機を24年初納入へ　UH-1後継,https://news.yahoo.co.jp/articles/78987413dee89daedd695f3d356c065951ba0f8e,12/2(土) 11:27
awire,Aviation Wire,JAL系JAC、総合職と整備士の1日インターン　12月と1月開催,https://news.yahoo.co.jp/articles/b509ed7af803f65be64d13c5e7fc4e0a4ac04a6d,12/2(土) 10:50
awire,Aviation Wire,ピーチ助言で地域課題解決へ　東京農大、”北海道の厄介者”モクズガニ試食会,https://news.yahoo.co.jp/articles/ef17f5cb90df726e9b7829a61ed51961ebf228b7,12/2(土) 9:38
awire,Aviation Wire,カナダ、P-8A選定　最大16機導入へ,https://news.yahoo.co.jp/articles/42dcd9ce7ac5a75c73e04c56466e213e1b933ef9,12/1(金) 23:25
awire,Aviation Wire,スターフライヤー、ペット同伴サービス国内全路線に拡大　1/15から,https://news.yahoo.co.jp/articles/682f247958105432e2bed9be58de8a89dcb9a2e5,12/1(金) 22:07
awire,Aviation Wire,ZIPAIR、成田－サンフランシスコ増便　1日1往復に＝24年夏ダイヤ,https://news.yahoo.co.jp/articles/1003072b8c313eea4654bef33e9222a7e49d9b94,12/1(金) 18:36
awire,Aviation Wire,ピーチ、客室乗務員70人募集　経験不問、5月以降入社,https://news.yahoo.co.jp/articles/f97b4d4b4e6b36421ccecfa8bd64dcdff19eeffb,12/1(金) 13:48
awire,Aviation Wire,JAL、767貨物機2月就航　成田・中部から上海ソウル台北へ,https://news.yahoo.co.jp/articles/6284f3cdca39c3b6d66dc1e09a4f2e484561d0cb,12/1(金) 11:43
awire,Aviation Wire,福岡空港、国際線北側コンコース延伸部分が開業　搭乗橋増設、滑走路眺めて食事も,https://news.yahoo.co.jp/articles/9917063a45755e584a16d8e1996dfeb97cf60539,12/1(金) 11:03
awire,Aviation Wire,成田空港、訪日客コロナ前上回る　総旅客2カ月ぶり300万人台に＝10月実績,https://news.yahoo.co.jp/articles/cf86780157e0b076a14ea53042db6968a3fa3e0a,12/1(金) 9:33
awire,Aviation Wire,リムジンバス、バス停に初の副名称　新宿駅西口「京王百貨店前」併記,https://news.yahoo.co.jp/articles/26669b261339470e1b5b9cba5e4b607ae82a4b0a,11/30(木) 17:21
awire,Aviation Wire,羽田－金浦就航20周年、JAL・ANAらCA歴代制服で彩り　日韓4社で架け橋に,https://news.yahoo.co.jp/articles/de803d75df72b2ba9ac0a0c5911fca963f3afc20,11/30(木) 15:46
awire,Aviation Wire,NATO、次期早期警戒管制機にE-7選定　31年までに運用開始,https://news.yahoo.co.jp/articles/8c58b944bb73f39c3f45bfcc766804d6f7406f9e,11/30(木) 8:29
awire,Aviation Wire,横田基地のオスプレイ、屋久島沖に墜落　防衛省は「不時着水」,https://news.yahoo.co.jp/articles/16f2f723d4b695ea70ad2411b385cd86153a6577,11/30(木) 0:19
awire,Aviation Wire,トキエア、仙台就航は最短24年4月　長谷川社長「2カ月くらい必要」,https://news.yahoo.co.jp/articles/f4089fc06b8236986dbcd6a5abeb2b1e4f143f8b,11/29(水) 23:46
awire,Aviation Wire,吉祥航空、中部－南京12/22再開　3年10カ月ぶり,https://news.yahoo.co.jp/articles/8049a59dd4f5f8516da23fef9be74f20717c1bf1,11/29(水) 19:15
awire,Aviation Wire,ピーチ、チタン製ファンブレード限定販売　A320から取り下ろし,https://news.yahoo.co.jp/articles/b34ad1404ac2560afcbf06c074bcb88b612264f5,11/29(水) 17:34
awire,Aviation Wire,英ヴァージン、100％SAFで大西洋横断　787-9でNYへ,https://news.yahoo.co.jp/articles/90d65adb5360094c20dd4d70ba85da0162e6aed4,11/29(水) 14:33
awire,Aviation Wire,JTA、機体廃材活用の小物販売　整備士手作り、空自イベントで数量限定,https://news.yahoo.co.jp/articles/13b270d87d6a44eabd87f788da7617fe6d447f65,11/29(水) 12:43
awire,Aviation Wire,［会見更新］トキエア、1/31就航　新潟－札幌丘珠を週4日,https://news.yahoo.co.jp/articles/5b6387ea6aefaae027a5f84547a258b640dbd2e7,11/29(水) 10:25
awire,Aviation Wire,KC-46A、米空軍から15機追加受注　第10ロット分、153機に,https://news.yahoo.co.jp/articles/382f0eb37127b2293f87dba6e077a7f6b56fde6a,11/29(水) 9:27
awire,Aviation Wire,JAL、ミャクミャクJET就航　E190で地方にも大阪万博PR,https://news.yahoo.co.jp/articles/18bb052e573a6ed2b03c976bcd8f3cdff8cede80,11/29(水) 8:58
awire,Aviation Wire,トキエア、就航見通しを11/29発表,https://news.yahoo.co.jp/articles/984dc71a86ed5b6fc64a7f3f9218a7a75be6eb1b,11/28(火) 19:49
awire,Aviation Wire,上海航空、福岡初就航　12/28から、中国東方系週17往復に,https://news.yahoo.co.jp/articles/21f19c1b0ef5d8fe9c4650c8c94c20510d353458,11/28(火) 19:02
awire,Aviation Wire,JAL、ホノルル限定タイムセール　往復7.7万円から、国際線就航70周年記念,https://news.yahoo.co.jp/articles/14c147287b52ab5f6a167bd2b6fcbc177864eb24,11/28(火) 14:47
awire,Aviation Wire,中部空港、手荷物受取場でデカ食品サンプル　ターンテーブルで名古屋めしPR,https://news.yahoo.co.jp/articles/b75f6af101ae5d3a18ade218838fa8f614bdb507,11/28(火) 13:18
awire,Aviation Wire,JAL、大阪万博「ミャクミャクJET」お披露目　ジェイエアが25年まで運航,https://news.yahoo.co.jp/articles/b9f29d0de2e7217619abb8842cd88ebb807ed2a8,11/28(火) 12:57
awire,Aviation Wire,福岡空港、運動会で異業種交流　満足度アップで従業員定着へ,https://news.yahoo.co.jp/articles/02961f5bd20e667089645915dbafb16d17d62beb,11/28(火) 11:02
awire,Aviation Wire,中部空港、旅客数2カ月ぶり80万人超え　国際線5倍超27万人＝10月実績,https://news.yahoo.co.jp/articles/95b49152f4c6daa45de72b9266cd880bf46da69a,11/28(火) 9:08
awire,Aviation Wire,JALふるさと納税、マイル払いとAmazon Pay対応　クラファンも,https://news.yahoo.co.jp/articles/34133ba64cd1a2c9aa58ef13d09b401c403383e0,11/28(火) 7:29
awire,Aviation Wire,JAL、森伊蔵をマイル会員限定販売　25周年記念、長期熟成250本,https://news.yahoo.co.jp/articles/9c657290c0a04ece1f94b9199be6e6de18d5c334,11/27(月) 17:43
awire,Aviation Wire,ORCのQ200、退役2号機が11/29離日　残り1機に,https://news.yahoo.co.jp/articles/f6c19feeb731521f9872bf694bac4791d65e1f27,11/27(月) 16:05
awire,Aviation Wire,関空の訪日客、初のコロナ前超え　日本人客との差鮮明に＝10月実績,https://news.yahoo.co.jp/articles/d0c31b3fcfbb7e96f40e5a408b076593a416f318,11/27(月) 13:39
awire,Aviation Wire,シンガポール航空とスクート、燃料5％をSAFに　脱炭素加速、2030年目標,https://news.yahoo.co.jp/articles/dae75c0e4a493775db57e4f8dbf5186d503bf730,11/27(月) 11:59
awire,Aviation Wire,メルキュール羽田が開業　クルー専用ラウンジも,https://news.yahoo.co.jp/articles/51a5a7c36b0ce7d87dd43668462e966aadf48861,11/26(日) 22:53
awire,Aviation Wire,神戸空港、12月に滑走路ナイトウォークツアー　ふたご座流星群観賞も,https://news.yahoo.co.jp/articles/05ef77cb4954f9d0bb3e9641596bcd16081112d8,11/25(土) 23:26
awire,Aviation Wire,JALミャクミャクJET、初便は伊丹→出雲　11/28からジェイエア運航,https://news.yahoo.co.jp/articles/b18f4c1e8b84c1af9b269fab94a9c3aac3256192,11/25(土) 22:37
awire,Aviation Wire,ATR、豪華内装「ハイライン」販売強化　全席ビジネス、VIP仕様など富裕層向け,https://news.yahoo.co.jp/articles/79a2eed7e9178e2f291751831e0757273355a1cc,11/25(土) 12:09
awire,Aviation Wire,ジェットスター・アジア航空、関空再開　シンガポールからマニラ経由,https://news.yahoo.co.jp/articles/fd684bf9622669ac47f58cd7388684fc4aea59e1,11/24(金) 23:31
awire,Aviation Wire,ANAとJAL、グラハン業務資格を相互承認へ　地方10空港、垣根越え協力深化,https://news.yahoo.co.jp/articles/c7e06df56b499754f97d8aea5fc0f0ef55e88331,11/24(金) 17:02
awire,Aviation Wire,IBEX、楽天デカール新デザイン機12/17就航　球団キャラ3体採用、左右非対称,https://news.yahoo.co.jp/articles/1155347bac27507b4d67d9899b200390dc66c666,11/24(金) 13:35
awire,Aviation Wire,福岡空港にコスタコーヒー　国際線12/1開業、九州初,https://news.yahoo.co.jp/articles/1cce8fa072b11ffa4732d90f36f0ba6b26bc7b8b,11/24(金) 12:50
awire,Aviation Wire,エミレーツ航空のA380、100％SAFデモ飛行　エンジン1基に給油,https://news.yahoo.co.jp/articles/8392f472e6d646d2b96f1a4161d236934ab0e059,11/24(金) 12:09
awire,Aviation Wire,ANAのECサイト、黒金セールでマイル最大9倍　限定機内食や提携ポイントも,https://news.yahoo.co.jp/articles/577924a269545da8b55a4ca1aed47882d816abbb,11/24(金) 11:47
awire,Aviation Wire,ヤマトのA321P2F貨物機、北九州も訓練開始　関空経由の三角運航,https://news.yahoo.co.jp/articles/2f176684620bbe5e5d6265877d6bfad6e8e43a3b,11/23(木) 21:21
awire,Aviation Wire,9月の有償旅客、コロナ前9.5割超え回復続く＝IATA実績,https://news.yahoo.co.jp/articles/32cabc5ecb2aea982fe22a6513b7e517fd8f1ebe,11/23(木) 14:41
awire,Aviation Wire,最大の737MAX「737-10」認証飛行試験始まる　FAAが許可,https://news.yahoo.co.jp/articles/c7dce55d56cbafd3c997c6e2424d65d3bf19a6aa,11/23(木) 12:28
awire,Aviation Wire,ZIPAIR、ホノルル片道1.5万円から　黒金セール,https://news.yahoo.co.jp/articles/98eeeeb83a835c394fc8903dcbce6859eba86d13,11/22(水) 23:52
awire,Aviation Wire,ANA系avatarin、遠隔操作ロボットで空港の生産性向上　国交省が採択,https://news.yahoo.co.jp/articles/a2cce7a25e2a1a6d5654741d95ceae80a30a281c,11/22(水) 18:43
awire,Aviation Wire,JAL、ブラックフライデー11/24から　24年2月国内線セール、初日の出招待も,https://news.yahoo.co.jp/articles/166a13c16c56e44d3a5c32188dc0450bcec4a660,11/22(水) 17:00
awire,Aviation Wire,三菱重工、ドバイ空港のAPM保守更新,https://news.yahoo.co.jp/articles/bf7861ae8dc160331e675e8348f9319c41088225,11/22(水) 13:53
awire,Aviation Wire,ベトナム航空、鹿児島県・HISと連携協定　定期便就航目指す,https://news.yahoo.co.jp/articles/308fe985e66877102f41e614e8a0e9deb42bf55d,11/22(水) 12:24
awire,Aviation Wire,JAL、新旗艦機A350-1000就航延期　年明けに,https://news.yahoo.co.jp/articles/db3c394c811af4c4f8f2b1c5cb10c643ffb1bae1,11/22(水) 11:20
awire,Aviation Wire,ヤマトのA321P2F貨物機、関空へ初の訓練飛行　JAL系スプリングJが運航,https://news.yahoo.co.jp/articles/85d1b0e5d7c400785d816769452c0c4448286e22,11/22(水) 9:24
awire,Aviation Wire,JAL、長崎空港で運用時間外チャーター　12/10に富士山・日の出観賞,https://news.yahoo.co.jp/articles/daaa49a2447df8e13e6e6c6272a6d75ccb445d4e,11/21(火) 23:51
awire,Aviation Wire,エア・ドゥ、札幌行きでも初日の出フライト　富士山周遊は3回目,https://news.yahoo.co.jp/articles/6c5866cf8ca02e64335e322c4cafd34a9e55ff48,11/21(火) 19:18
awire,Aviation Wire,SMBCアビエーションキャピタル、A320neoファミリー60機追加発注,https://news.yahoo.co.jp/articles/6ed0832b7a173025da7fbb4ecbd4b5d6e43f7ff5,11/21(火) 18:08
awire,Aviation Wire,中部空港に駄菓子屋店　11/30オープン、あまのや繁田商店,https://news.yahoo.co.jp/articles/54e9550971a1fab6ee1ebf953c20977a4b4ad1dc,11/21(火) 17:14
awire,Aviation Wire,大韓航空、CA募集4年ぶり再開　24年2月以降入社、契約社員で30人採用,https://news.yahoo.co.jp/articles/1bfbb83efa230526bea7d5ee84882abe19e68350,11/21(火) 16:29
awire,Aviation Wire,ANA、大阪から北海道へ冷凍弁当　保冷コンテナで一貫、輸送時間短縮,https://news.yahoo.co.jp/articles/45a046d9abb0379e421253a7c7fbefe810890ca8,11/21(火) 13:31
awire,Aviation Wire,ヤマトのA321P2F貨物機、羽田に深夜早朝乗り入れ　札幌と北九州,https://news.yahoo.co.jp/articles/9519c8f828aa0f2550907e8db2209f959fc35e07,11/21(火) 12:27
awire,Aviation Wire,伊ITAエアウェイズ、大韓航空とコードシェア　日本路線も対象,https://news.yahoo.co.jp/articles/b74893ca93e027ef5d88bd36f2dc031b31233fb2,11/21(火) 11:35
awire,Aviation Wire,アストンマーティン仕様のエアバスヘリACH130、富士スピードウェイに初飛来,https://news.yahoo.co.jp/articles/6d26a48727be98771ed31b3134a4864948e582b9,11/20(月) 23:26
awire,Aviation Wire,ヤマトのA321P2F貨物機、JALの787やスプリング737と成田で並ぶ　24年4月就航,https://news.yahoo.co.jp/articles/2175aed67fa5d02e2070f329d21718bbe4f7e105,11/20(月) 21:47
awire,Aviation Wire,トキエア、ATR72初号機を台湾で整備　那覇経由で台南へ,https://news.yahoo.co.jp/articles/62b85bad28c930f6c85f68eed3fd4fc4b795ec69,11/20(月) 15:22
awire,Aviation Wire,ヤマトとJALのクロネコ貨物機A321P2F、成田でお披露目　4/11就航へ,https://news.yahoo.co.jp/articles/d96b01cc0dfbb0fd9ff25ab81b0da166c5dcb6af,11/20(月) 11:04
awire,Aviation Wire,JAL最後の777-200ER「JA703J」見学会　コックピット見学や機体洗浄体験,https://news.yahoo.co.jp/articles/28f7c5e6eafb9b7bdb84bf4112ec4ce92cf65224,11/19(日) 23:32
awire,Aviation Wire,ボーイング系オーロラ、混合翼の高速VTOL機を設計へ　27年までに初飛行,https://news.yahoo.co.jp/articles/4007c7344465a098d90fd6b6cac724855d6804d9,11/18(土) 22:07
awire,Aviation Wire,HAC ATR42 4号機やピーチA320neoが新規登録　国交省航空機登録10月分,https://news.yahoo.co.jp/articles/be1ac4488d856a39895ba336ad58fe9f6dc77d47,11/18(土) 19:09
awire,Aviation Wire,JAC、衛星使う新着陸方式「LPV」悪天候時の離島就航率向上も,https://news.yahoo.co.jp/articles/30295decb889ee0c7804db58b2ec6d639af5535d,11/18(土) 17:19
awire,Aviation Wire,エア・ドゥ、就航25周年ベア・ドゥや歴代制服マグネット,https://news.yahoo.co.jp/articles/4f0ac3cd2b51f8de48dd83dfa2094460c94d265f,11/17(金) 23:02
awire,Aviation Wire,アシアナ航空、仙台－ソウル毎日運航　24年元日から増便,https://news.yahoo.co.jp/articles/0826fd39ffcc83e7f501b5e714c07c1a61fce84c,11/17(金) 22:12
awire,Aviation Wire,国交省、整備士養成の無利子奨学金　ANA・JALと産官学連携、年50万円貸与,https://news.yahoo.co.jp/articles/ed0388a5e845d1892882056cf2aeaf8e358fda40,11/17(金) 18:59
awire,Aviation Wire,JAL、羽田初日の出に3年連続A350　成田は787、中部はJTA＝24年元日,https://news.yahoo.co.jp/articles/32b2ca12a4eaf9aa56a0a86f6c75b80ad7b35dad,11/17(金) 17:02
awire,Aviation Wire,ZIPAIR、CAを120人採用　24年入社,https://news.yahoo.co.jp/articles/4e503bd0ce540efccbcab7e76c7521b7dd52050d,11/17(金) 16:51
awire,Aviation Wire,スプリング・ジャパン、成田－札幌1日最大5往復　広島は2往復継続＝24年1月以降,https://news.yahoo.co.jp/articles/347dcf32891437be6489b32005572e6a0e9ff475,11/17(金) 14:14
awire,Aviation Wire,E190-E2とE195-E2、シンガポールで型式証明取得　LCCスクート運航,https://news.yahoo.co.jp/articles/1d0eea9f814e1c2187504b6d6a49ad7ea9cd7efc,11/17(金) 13:36
awire,Aviation Wire,ロイヤル・ヨルダン航空、787-9追加発注,https://news.yahoo.co.jp/articles/cf82586b48703cd85f5177164d999b197f99c2d6,11/17(金) 13:15
awire,Aviation Wire,スターフライヤー、北九州空港で初日の出フライト,https://news.yahoo.co.jp/articles/2c0abb881e432c9f435d40b5859c360385627751,11/17(金) 12:42
awire,Aviation Wire,久米島－下地島で実証チャーター　FDAが2月運航、沖縄観光の長期滞在化に,https://news.yahoo.co.jp/articles/411a21d8461f405a9d0f0af4503dadeb29b12a50,11/17(金) 12:09
awire,Aviation Wire,マレーシア航空、737MAX初号機受領　26年までに25機,https://news.yahoo.co.jp/articles/fa4f57f20940023ffa01469ea6f493cfebecd00f,11/17(金) 11:27
awire,Aviation Wire,FPG傘下オンリーユーエア、ホンダジェット機長を追加募集　24年春からプライベート機事業,https://news.yahoo.co.jp/articles/e4c51aa493c2b4c4795efaf0ceb6850907a9903a,11/16(木) 23:05
awire,Aviation Wire,ジェイエア、CA経験者採用　3月以降入社,https://news.yahoo.co.jp/articles/93ad1206d5ea97dd241a26121d3359edb12f5983,11/16(木) 22:12
awire,Aviation Wire,エミレーツ航空、A350-900を15機追加発注　65機に,https://news.yahoo.co.jp/articles/a3cbe3b95588b2577cc41739f795f2cd63178cca,11/16(木) 21:39
awire,Aviation Wire,JAL、水素機新興と協業　国内導入へ知見、米独3社と,https://news.yahoo.co.jp/articles/77afeb0e90ce0d12eb1e29c8fe43b382c88b770c,11/16(木) 19:04
awire,Aviation Wire,エチオピア航空、A350追加発注へ,https://news.yahoo.co.jp/articles/a72345bc833976d14c1f2d924fa3d75baf56ba51,11/16(木) 17:23
awire,Aviation Wire,「上昇推力の大きさ気をつけました」特集・JAL機長が語る777-200ER国内線運航,https://news.yahoo.co.jp/articles/590eb39cec79bb22732c2f1c45df003fe51f7560,11/16(木) 16:10
awire,Aviation Wire,JAL、国際線70周年の復刻ツアー　初便たどりホノルル・サンフランシスコへ,https://news.yahoo.co.jp/articles/47b7160cee856682c08af44b018df0a4a0f05c22,11/16(木) 13:24
awire,Aviation Wire,ANA、A380でホノルル往復7.6万円セール　ピーチポイント付与も,https://news.yahoo.co.jp/articles/2012573fd08f2029e5a1a42cf5dd6693dbc44fec,11/16(木) 12:17
awire,Aviation Wire,10月の訪日客、初のコロナ前超え　3年9カ月ぶり250万人上回る,https://news.yahoo.co.jp/articles/4cc0662a6759475d2ec3c012da9efc63b2cfcd4e,11/16(木) 11:17
awire,Aviation Wire,福岡空港、国際線に搭乗橋増設　ターミナルから直接機内へ、北側コンコース延伸,https://news.yahoo.co.jp/articles/ce81a5feeb46a0880685044d10b8b606238433a1,11/15(水) 19:27
awire,Aviation Wire,JALベルスター、初の経験者CAのみ編成　メンバー初の羽田公演も,https://news.yahoo.co.jp/articles/e7cd3c92838596dc53de218df2b16f8c8dcd2bac,11/15(水) 18:40
awire,Aviation Wire,関空・伊丹に新太陽光発電　ターミナルへ供給、オリックス主体で25年春,https://news.yahoo.co.jp/articles/ff008010908a7c23741fc6f5e329c1cc538daa61,11/15(水) 17:51
awire,Aviation Wire,AirJapan、2路線目は成田－ソウル　24年2月就航、ANA新ブランドで週5往復,https://news.yahoo.co.jp/articles/33eb9c9e1abe992ca7e677e7810144a4db837513,11/15(水) 16:43
awire,Aviation Wire,通算1000機目の787、シンガポール航空が受領　787-10の20機目,https://news.yahoo.co.jp/articles/7a992c0200de48d70ce4d7d44d44d000839a3f06,11/15(水) 15:40
awire,Aviation Wire,737MAX、サウスウエスト航空から大量受注　納入は低調続く＝ボーイング10月実績,https://news.yahoo.co.jp/articles/b5616f182a2ec32e4a272458b38d7b1ad3e605ea,11/15(水) 14:07
awire,Aviation Wire,JAL、国内線搭乗で東京ディズニーシー招待　5月にファンタジースプリングス体験,https://news.yahoo.co.jp/articles/cd1c4ec660286671211846745f86804e910b1b55,11/15(水) 13:55
awire,Aviation Wire,エチオピア航空、787と737MAX最大67機追加発注へ,https://news.yahoo.co.jp/articles/4d4d080a0cf7c4187e68701a620e896df6666646,11/15(水) 12:19
awire,Aviation Wire,ジェットスター航空、関空－シドニー24年4月就航　週3往復、唯一のLCC直行便,https://news.yahoo.co.jp/articles/1f52e87e3f2c85fd056b0b5451fc84dc96e20cdf,11/15(水) 11:43
awire,Aviation Wire,JAC、進路相談付きパイロット職業体験会　12月に鹿児島空港,https://news.yahoo.co.jp/articles/c4f383f19b2c3c8a9f49ee68fbd11355c9c9ed7b,11/14(火) 23:26
awire,Aviation Wire,JAL、非航空系利用でも上位会員「JGC」入会　24年1月から新制度、FLY ONも継続,https://news.yahoo.co.jp/articles/a37b9b393d4062365c2c0398df0cec33094dabea,11/14(火) 19:35
awire,Aviation Wire,エジプト航空、A350を10機発注,https://news.yahoo.co.jp/articles/70f3832194f3e40e8763c4e9b71e1ef4ab09f4ee,11/14(火) 17:48
awire,Aviation Wire,FDA、機体にメッセージ記入できる見学会　静岡空港で12/3,https://news.yahoo.co.jp/articles/7e35182f043ae3687b00c6bd2200f70fea3ddb08,11/14(火) 17:13
awire,Aviation Wire,ANA、羽田24回目の初日の出フライト　成田は4回目,https://news.yahoo.co.jp/articles/694b31e9b48b806449f83df9f33230644e729f60,11/14(火) 14:52
awire,Aviation Wire,エア・バルティック、A220追加発注　欧州最大の顧客に,https://news.yahoo.co.jp/articles/c1870398c71d0ef4d5f12e012a815fa7186d5f0b,11/14(火) 13:33
awire,Aviation Wire,トルコのサンエクスプレス、737MAXを最大90機追加発注へ　ルフトハンザ合弁,https://news.yahoo.co.jp/articles/3861ec55cd02c66fbd8eb0112ceb364fbf741b96,11/14(火) 13:14
awire,Aviation Wire,スプリング・ジャパン、上海3年8カ月ぶり再開　12/8から,https://news.yahoo.co.jp/articles/ae0e699137ec3219ae7c45b1829845451fbf3ea9,11/14(火) 12:17
awire,Aviation Wire,フライドバイ、787-9を30機導入へ　初の双通路機、26年に初号機,https://news.yahoo.co.jp/articles/4662fe6abe4046312b9c5dafb924373e88f8197f,11/14(火) 10:52
awire,Aviation Wire,エミレーツ航空、777Xを90機追加発注　787-10も,https://news.yahoo.co.jp/articles/96c2855052f0a5546a2f06beda28a0064b78f012,11/13(月) 23:26
awire,Aviation Wire,スカイマーク23年4-9月期、事業収益が過去最高520億円　純利益22.7％増33億円,https://news.yahoo.co.jp/articles/ea5d3fe0c0db24d5679e137a810b005b6017d1cd,11/13(月) 22:01
awire,Aviation Wire,スカイマーク、737MAX「計画通り」,https://news.yahoo.co.jp/articles/f170ac4fd7edd5f09ed93858ecf1eaad9ca85f7e,11/13(月) 20:18
awire,Aviation Wire,スカイマーク洞社長、ANAとの関係「大きく変わることない」鈴与が筆頭株主,https://news.yahoo.co.jp/articles/c623c1552ec2ce56795de64c38763c123c40ea55,11/13(月) 19:29
awire,Aviation Wire,スターラックス航空、徳島へ訪日チャーター　11/13から,https://news.yahoo.co.jp/articles/64f0061887443876a9486ebd0423596154d32739,11/13(月) 11:34
awire,Aviation Wire,JAL、777-200ER定期便終了　21年の歴史に幕、”幸せの黄色いコンテナ”最終便運ぶ,https://news.yahoo.co.jp/articles/d1b208cb78840ee13f5a728420f6203bd21451b2,11/13(月) 9:45
awire,Aviation Wire,羽田空港、国際線旅客177万人　過去最高2カ月連続＝8月実績,https://news.yahoo.co.jp/articles/a1ce50fdbd8a1692c0d93e67b3a0df91d37001d9,11/13(月) 9:34
awire,Aviation Wire,JALの777-200ERと-300ER、羽田2機種並びも最後　駐機場に鶴丸鏡映し,https://news.yahoo.co.jp/articles/36b463382f2be7c281d0e5c3c38d1775af3d39c9,11/12(日) 19:26
awire,Aviation Wire,JALの777-200ER、定期便最終日始まる　フルフラット・クラスJで人気,https://news.yahoo.co.jp/articles/3d0fd0c7612bfc4a1438885edb2cfec7a93e105d,11/12(日) 10:09
awire,Aviation Wire,米空軍、B-21次期ステルス爆撃機が初飛行　B-2やB-52置き換え,https://news.yahoo.co.jp/articles/7f79c960bc4942552705a716a278f666927b8af6,11/11(土) 18:31
awire,Aviation Wire,伊ITAエアウェイズ、A321neo初受領　全機エアバス機,https://news.yahoo.co.jp/articles/ca9a5352cd9996ef14e2a2d2a2fdef0ddb4bc628,11/11(土) 12:11
awire,Aviation Wire,JAC、奄美格納庫で元ちとせさんライブ　12/10に創立40周年記念フェスティバル,https://news.yahoo.co.jp/articles/9e8ece60e045f8f0ac2ad86580e459a239b647b9,11/11(土) 10:57
awire,Aviation Wire,JAL、学生向けCA体験ツアー　12月開催,https://news.yahoo.co.jp/articles/c95ed84f8b77c2e769695ad5f648b32716b0a03b,11/10(金) 19:58
awire,Aviation Wire,JAL、737に空気抵抗低減の特殊加工　胴体下部に拡大、CO2削減へ実証実験,https://news.yahoo.co.jp/articles/e715d9cf2352ba2f525664929f7c76ea262bf208,11/10(金) 17:21
awire,Aviation Wire,トキエア、耐空証明2機とも更新済み　初号機も取得,https://news.yahoo.co.jp/articles/64cda6bd7177bfe5fe68531eb96530c340dd1925,11/10(金) 13:52
awire,Aviation Wire,春秋航空、中部－大連11/20就航　2路線目はLCCターミナルに,https://news.yahoo.co.jp/articles/bd075543226d9343fbc870e5de579e204a5374c6,11/10(金) 13:25
awire,Aviation Wire,エバー航空、A350-1000とA321neo初導入へ　経年機置き換え、A321退役,https://news.yahoo.co.jp/articles/a05e7164c7c917f1fa10f6b7683088e1797cff03,11/10(金) 11:54
awire,Aviation Wire,次世代練習機T-7A、エドワーズ空軍基地に到着　飛行試験開始,https://news.yahoo.co.jp/articles/50627abd6b08299ce41bf39cd51fc50598c38049,11/10(金) 10:23
awire,Aviation Wire,ANA、国際線旅客3カ月ぶり50万人台　利用率77.6％＝9月実績,https://news.yahoo.co.jp/articles/4833be52c1a403ab5c11305a1c9afd8777f0bfeb,11/10(金) 9:12
awire,Aviation Wire,ピーチ、24年夏ダイヤ航空券を早期販売　国内・国際14路線,https://news.yahoo.co.jp/articles/b4b1910cb18bb9752835644a4ee5567c79515dd8,11/9(木) 18:35
awire,Aviation Wire,ニュージーランド航空、PWエンジン余波で国際線運休　ソウルと豪ホバート,https://news.yahoo.co.jp/articles/033cb75b8395c409c5cd4b37d1a0429f2407147d,11/9(木) 17:15
awire,Aviation Wire,大韓航空、コロナ前12空港に再就航　小松12/28再開、青森も24年1月,https://news.yahoo.co.jp/articles/3810bab7760dfbd6f7392cac8ccff8524f8d6d37,11/9(木) 13:52
awire,Aviation Wire,エアバス、A350増産へ　純利益21％増、最終黒字続く＝23年7-9月期,https://news.yahoo.co.jp/articles/74074167f76bf8ee852e6383ddf11933efb7cb93,11/9(木) 12:11
awire,Aviation Wire,ANA系avatarinと中部空港、遠隔操作ロボットで案内業務の実証実験,https://news.yahoo.co.jp/articles/8658c7d9484be332f4c67352733626e5aba80fbe,11/9(木) 11:17
awire,Aviation Wire,ANAの23年度上期、国際線搭乗率78.5％　国内線68.9％,https://news.yahoo.co.jp/articles/d3d9ec7456172be9bca5bb25684b87cb786061df,11/9(木) 9:21
awire,Aviation Wire,上海航空、中部－上海12/1再開　1週間で運休、1日1往復に増便,https://news.yahoo.co.jp/articles/a6dd6efae573df6ce8bbd33d4d38933866cf3fd7,11/8(水) 19:58
awire,Aviation Wire,中国国際航空、中部－上海再開延期　12/22に,https://news.yahoo.co.jp/articles/eca7a0bc4b7df4ae1960c715f5223c06a1e0b77a,11/8(水) 18:52
awire,Aviation Wire,23年4-6月期定時性、スプリング・ジャパン首位奪還　欠航もゼロ＝国交省情報公開,https://news.yahoo.co.jp/articles/38dbe4594f18925e74f53dbfb507f3aa0cb819c4,11/8(水) 17:38
awire,Aviation Wire,ZIPAIR、成田－バンクーバー24年3月就航　日系LCC初、8号機は1月,https://news.yahoo.co.jp/articles/aca8059bf686f2df555379a518bb037e51366b2c,11/8(水) 14:01
awire,Aviation Wire,A350、匿名顧客から10機　納入11機増71機＝エアバス10月実績,https://news.yahoo.co.jp/articles/695d09d5895e80b7e9ca8ad7f44b58cb61788735,11/8(水) 13:04
awire,Aviation Wire,ジェットスター・ジャパン、成田－上海12/18再開　週4往復、3年10カ月ぶり,https://news.yahoo.co.jp/articles/dc187c66f6ffaa145ef647479941349d3c674b14,11/8(水) 11:58
awire,Aviation Wire,エア・カナダ、関空－バンクーバー再開前倒し　24年5月から,https://news.yahoo.co.jp/articles/74902fbec681757f55f39199072559674bd6b741,11/8(水) 10:55
awire,Aviation Wire,JAL、国内線6600円から　タイムセールで年始需要喚起,https://news.yahoo.co.jp/articles/7474dee20852f3525420a475fdf0cf11476b1801,11/8(水) 9:25
awire,Aviation Wire,スカイマーク、顧客満足2年連続No.1　スターフライヤーも同率首位＝JCSI調査,https://news.yahoo.co.jp/articles/ab46cf79d7d3045855beeeafa6dbce132060ee55,11/7(火) 20:14
awire,Aviation Wire,スカイマーク、鈴与が筆頭株主に　ANAは2位,https://news.yahoo.co.jp/articles/c02fbc35f2600444d9169756889620d7615a0319,11/7(火) 19:01
awire,Aviation Wire,ANA、利用者の関心予測し広告配信　企業向けに新サービス、サイバーエージェントと,https://news.yahoo.co.jp/articles/fb4430c3dbe331190a5199507414a65198512dc9,11/7(火) 16:25
awire,Aviation Wire,ANA、モハベで退役機再会ツアー　パーツ加工品販売も,https://news.yahoo.co.jp/articles/beb6bc540d8217410b612437ca4989e8f093407f,11/7(火) 15:17
awire,Aviation Wire,三菱重工、PWエンジン補償は200億円弱負担　通期予想は据え置き,https://news.yahoo.co.jp/articles/9f9261b583f53d5b5864c6c5a60eaed62f466cf3,11/7(火) 12:44
awire,Aviation Wire,広島空港、夜のJAL機見学ツアー　開港30周年記念,https://news.yahoo.co.jp/articles/15882d58359e98e6230a726008bfb42896e8c0fc,11/6(月) 18:32
awire,Aviation Wire,川重、福岡市に消防防災ヘリ納入　BK117 D-3初,https://news.yahoo.co.jp/articles/0eb2a93587dfc4e6b673ce1618fc6145c42f1395,11/6(月) 16:17
awire,Aviation Wire,マレーシア航空、機内Wi-Fi無料提供　全クラスで無制限、A350と一部A330,https://news.yahoo.co.jp/articles/bdc2ea79cc05301058f3e708e83f60a279517895,11/6(月) 14:03
awire,Aviation Wire,三宅島空港、施設変更の公聴会取り消し,https://news.yahoo.co.jp/articles/5897e21d2123c5879e867339ec2ec32af23d0997,11/6(月) 12:14
awire,Aviation Wire,大韓航空、成田－ホノルル24年4月再開　777で毎日,https://news.yahoo.co.jp/articles/9e1f6d77a6797bd914cf93eb1e7961a5e930a243,11/6(月) 12:07
awire,Aviation Wire,アシアナ航空、羽田深夜便24年1月再開　仁川から1日1往復,https://news.yahoo.co.jp/articles/6fcbd1727d215c04b6a553e2d84727772b42a2a4,11/6(月) 11:33
awire,Aviation Wire,JTA、9月利用率58.9％　旅客32.5％増19万人,https://news.yahoo.co.jp/articles/f81c09e0c1816ad283a54beadf9d0aa01c68bde6,11/6(月) 9:26
awire,Aviation Wire,JALとヤマトのクロネコ貨物機、成田到着　A321P2Fをスプリング運航、長距離トラック補完,https://news.yahoo.co.jp/articles/2a7d992b9fab62987f6a53f65695272b081a750e,11/6(月) 8:46
awire,Aviation Wire,JAL、使用済みコーヒー粉でタンブラー　食品廃棄物や廃プラ削減,https://news.yahoo.co.jp/articles/41cac61f986ffb6a2852b0e56d7a5758e2755452,11/5(日) 22:07
awire,Aviation Wire,ブリュッセル航空、A320neo初受領　非PWエンジン,https://news.yahoo.co.jp/articles/0c800d5f89201ec9a2a3b51f14302c69045ae2df,11/5(日) 9:30
awire,Aviation Wire,"スターフライヤー、進撃の巨人ジェット就航　巨大""フライトタグ""外し出発祝う",https://news.yahoo.co.jp/articles/05838677cf8a41d7995074ff7afbda6b140d3034,11/4(土) 21:03
awire,Aviation Wire,9月の空港定時出発率、羽田20位圏外続く＝英Cirium調査,https://news.yahoo.co.jp/articles/311244d85ac93b7474f0844c2595f88aa539dbd3,11/4(土) 10:06
awire,Aviation Wire,JALどこかにマイル、札幌発着を追加　新千歳と丘珠,https://news.yahoo.co.jp/articles/25a21c49c21578ebd5e58a24a3c86eb1000134ec,11/4(土) 9:45
awire,Aviation Wire,9月の定時到着率、日系トップ10返り咲き　JALは7位、ANAが8位＝英Cirium調査,https://news.yahoo.co.jp/articles/242907c5310861e391000820f728f6f8daaf3833,11/3(金) 23:54
awire,Aviation Wire,トキエア、2号機が耐空証明書取得,https://news.yahoo.co.jp/articles/b03ba963421aa4cf18bc6d358508f4585beefc09,11/3(金) 13:12
awire,Aviation Wire,JAL 9月実績、国際線利用率79.8％　旅客50万人超え7カ月連続,https://news.yahoo.co.jp/articles/f56d5b694264732e2e16e018bc4ddba3089d0d00,11/3(金) 12:01
awire,Aviation Wire,JAL、CA志望者向けスクール　1月からレギュラー講座,https://news.yahoo.co.jp/articles/72a3359824ec03c900874f105fa0912fdab4bb70,11/2(木) 23:45
awire,Aviation Wire,マカオ航空、成田12/15増便　週6往復に,https://news.yahoo.co.jp/articles/49cdfab72bf3f70ef83ef24b1403827ef4274c33,11/2(木) 16:18
awire,Aviation Wire,【独占】ANA「空飛ぶウミガメ」はこうして組み立てられた　特集・ハンブルクにそろう三機三様のA380製造工程,https://news.yahoo.co.jp/articles/2787d3a62ab421e93f2e20d7508c4f33b228581f,11/2(木) 14:38
awire,Aviation Wire,スターフライヤー、韓国アイドル「SEVENTEEN」デザイン機　就航17周年でコラボ,https://news.yahoo.co.jp/articles/17aafc738f6460e02c8ca243a6cdda6826ec6a3d,11/2(木) 14:02
awire,Aviation Wire,タイ国際航空、女性CAの制服刷新　民族衣装にリサイクル素材,https://news.yahoo.co.jp/articles/8343d902a7c73dd1fe2495f0f2ad125bc4872437,11/2(木) 13:01
awire,Aviation Wire,エア・ドゥ、初のパイロット自社養成　2030年問題に対処,https://news.yahoo.co.jp/articles/9341e0e5c962136d12e49266d7c88ab932ca2985,11/2(木) 11:28
awire,Aviation Wire,トキエア、初号機を鹿児島から新潟へフェリー　耐空検査の一環,https://news.yahoo.co.jp/articles/7e283162863abc506a56c067d99d8eadd8d9baac,11/2(木) 9:49
awire,Aviation Wire,JAL、ホノルル往復7.7万円　サンフランシスコ9.7万円、国際線70周年記念セール11/9まで,https://news.yahoo.co.jp/articles/3bb32449bad27b1200f49d4177d5189b9fac38c3,11/1(水) 23:28
awire,Aviation Wire,JAL、国際線初便たどるチャーター便　就航70周年でキャンペーン,https://news.yahoo.co.jp/articles/59c7b300be240e6eb386ca606214686328587b5c,11/1(水) 19:58
awire,Aviation Wire,JAL、グアム1-3月追加運航　中国本土は週54往復継続＝冬ダイヤ,https://news.yahoo.co.jp/articles/00ecf019030236cc42eef4f068f5f3bbfcc6c743,11/1(水) 18:43
awire,Aviation Wire,JALの23年4-9月期、EBITがコロナ前超え912億円　通期予想は上方修正,https://news.yahoo.co.jp/articles/38d8d582eef0ad95bcdaeb8c4615d4a491f57701,11/1(水) 14:07
awire,Aviation Wire,ANAの23年4-9月期、営業益が過去最高1297億円　5期ぶり復配,https://news.yahoo.co.jp/articles/4a19156b703592e4cfd0703726c6fc7eb292cb18,11/1(水) 12:57
awire,Aviation Wire,エア・ドゥ、就航25周年で記念便　歴代制服のCA搭乗、12/20に羽田－札幌,https://news.yahoo.co.jp/articles/d080713fe246875407fe8114a024fa8603836724,11/1(水) 12:41
awire,Aviation Wire,ANA、PWエンジン減便最多は2月　1-3月に22路線2412便,https://news.yahoo.co.jp/articles/ba3bb7d587e972eb098db9a49edf801e9aa45307,11/1(水) 12:05
awire,Aviation Wire,ANAアプリ、予約便を一画面表示に　スクロール不要、スワイプに刷新,https://news.yahoo.co.jp/articles/c0649b127b0d7e17aaeadff1990898e3bdb3b7af,11/1(水) 11:27
awire,Aviation Wire,PWエンジン問題で高圧系ディスク交換　ANA機14％、国内他社影響なし,https://news.yahoo.co.jp/articles/5c7d69cb496e2cc7e836fb1bd2e180a44152fa42,11/1(水) 11:16
awire,Aviation Wire,ANA、12-24年1月分サーチャージ引き上げ　欧米往復8.2万円、ハワイ5.3万円,https://news.yahoo.co.jp/articles/595186a63170932b41f47a07ed425e2556aba371,11/1(水) 9:23
awire,Aviation Wire,FDA、会員限定ファンイベント　小牧で12/24、遊覧飛行や格納庫見学,https://news.yahoo.co.jp/articles/84b24c7211a947ea6ee12dd2eacf2ade68e31604,10/31(火) 17:38
awire,Aviation Wire,JAL、A350-1000就航日を11月上旬発表へ　個室ファーストとビジネス初導入,https://news.yahoo.co.jp/articles/6312d5f486ff000f0fdbb896d251be8fbe23e99f,10/31(火) 17:28
awire,Aviation Wire,ANA、PWエンジン問題で2412便欠航へ　A320neoとA321neo全33機が点検対象,https://news.yahoo.co.jp/articles/12fa5f341d15679d631b044901694ac95c9b36b9,10/31(火) 16:07
awire,Aviation Wire,エンブラエル、民間機納入50％増15機　受注残は291機＝23年7-9月,https://news.yahoo.co.jp/articles/ed09e1c38780ea3e4b0a772d6f4ae6a87745a0d8,10/31(火) 12:59
awire,Aviation Wire,ANA、ビジネスクラスでオリジナルショコラ　日本発便で,https://news.yahoo.co.jp/articles/e0c4b2987ddeaf54111a1e6f7a050cd752da98a0,10/31(火) 12:15
awire,Aviation Wire,大韓航空、A321neoを20機追加発注,https://news.yahoo.co.jp/articles/03c405544c5d604cef96367b1a6edc380d38d7f3,10/31(火) 10:52
awire,Aviation Wire,JALの23年度上期、国際線利用率79.3％　国内線75.4％,https://news.yahoo.co.jp/articles/bda1e16871b0f36555e1bedcfc223af311295bab,10/31(火) 9:16
awire,Aviation Wire,スターフライヤー、台北－北九州チャーター　24年2月に現地発,https://news.yahoo.co.jp/articles/7246ce737a0da4846f2e9b35872104170f392368,10/31(火) 9:11
awire,Aviation Wire,JAL、CA志望者向けオープンカンパニー　11月から開催,https://news.yahoo.co.jp/articles/5ffc48fc9908c1af031105f5c5b5f7e4f963ee84,10/31(火) 8:45
awire,Aviation Wire,JAL、A350-1000の機内画像公開　360度パノラマで座席・設備,https://news.yahoo.co.jp/articles/9b48bfd55795afda863494a894d31637d19b3d2a,10/30(月) 19:16
awire,Aviation Wire,JALの777、2機種が羽田に並ぶ　777-300ER国内線投入、200ERは11/12最終運航,https://news.yahoo.co.jp/articles/963e0f1096ab3e3692e70be4e0050033daba0c4c,10/30(月) 16:09
awire,Aviation Wire,路線増える札幌丘珠空港、HAC武村社長「保安検査2レーン化課題」2030年に滑走路1800m化へ,https://news.yahoo.co.jp/articles/e6bd611b72108851b043c3d9d9b8186e2eb18804,10/30(月) 11:19
awire,Aviation Wire,トキエア、カウンター設置も就航未定　冬ダイヤ初日の丘珠空港,https://news.yahoo.co.jp/articles/244de4afcf3e07289207e86cba15309dfa555fa9,10/30(月) 9:25
awire,Aviation Wire,成田空港、国際線200万人超え続く　訪日客コロナ前水準目前に＝9月実績,https://news.yahoo.co.jp/articles/b4c8786ac24268a1a40bdb818ef89ac83221e807,10/30(月) 9:17
awire,Aviation Wire,ハワイアン航空、羽田－コナ3年7カ月ぶり再開　羽田初便ほぼ満席、記念品で祝う,https://news.yahoo.co.jp/articles/4d465a3be5f3cefad70cca1aecd5af1ecdc531a0,10/29(日) 18:43
awire,Aviation Wire,HAC、札幌丘珠－根室中標津・秋田2路線開設　JALグループ12年ぶり国内新規就航,https://news.yahoo.co.jp/articles/3dd42fd3e654e8c605122d6ee7787c0d2b33101d,10/29(日) 16:03
awire,Aviation Wire,ANA、成田－パース再開　週3往復、3年7カ月ぶり,https://news.yahoo.co.jp/articles/7bf05cf6b771eb9bbbbaecc7bd6a57ee9941f4fa,10/29(日) 12:39
awire,Aviation Wire,ANA、羽田－青島就航　1日1往復、3年7カ月遅れ,https://news.yahoo.co.jp/articles/2a6cd0ed24bd913635f5a7575cf4f8a2a58ef4e8,10/29(日) 12:28
awire,Aviation Wire,HAC、札幌丘珠空港で初の4機勢ぞろい　就航したての4号機も,https://news.yahoo.co.jp/articles/eb0b4ff98e9d377eed437a1b152687de9b695596,10/29(日) 8:11
awire,Aviation Wire,中部空港の国際線、増便続く　前年2倍超＝冬ダイヤ計画,https://news.yahoo.co.jp/articles/78e5c4e3bbe537ecf60c5b503d5e0ad2c4b0ced7,10/28(土) 18:10
awire,Aviation Wire,成田空港、国際線コロナ後初1000万人超え　訪日客9割近く回復＝23年度上期,https://news.yahoo.co.jp/articles/159f246aec98ecdaaed8a414aafcda9730f625b3,10/28(土) 16:12
awire,Aviation Wire,トキエア、耐空検査飛行10/30に延期　新潟悪天候で,https://news.yahoo.co.jp/articles/28939271d40c2cbfc6f8261da88b3a1c5839fef7,10/28(土) 13:36
awire,Aviation Wire,JALの777-200ER、セントレア最後の離陸　羽田－中部の投入終了,https://news.yahoo.co.jp/articles/d4433477c0f8826b9af5daa4dfd57c25208e60e9,10/28(土) 13:05
awire,Aviation Wire,スターフライヤー、副操縦士募集　24年4月入社,https://news.yahoo.co.jp/articles/8f522f38fde29417b2304887dc1eaed29cb2406b,10/28(土) 12:32
awire,Aviation Wire,成田－パプアニューギニア間、パラオ寄港可に　航空協議で枠組み新設,https://news.yahoo.co.jp/articles/7f073a655305ab520d3b23d8562425767391903d,10/28(土) 11:31
awire,Aviation Wire,JAL最後の777-200ER、中部に最終飛来　駐機場から着陸見学,https://news.yahoo.co.jp/articles/3b35fb06aa674d9523bf7f0a092116d4cfb745d4,10/28(土) 9:01
awire,Aviation Wire,トキエア、就航は「整備規程の修正後」準備に注力、新たな就航日明言なし,https://news.yahoo.co.jp/articles/4b842669a7e8eae45e4aac204e179da87497c3ca,10/27(金) 16:35
awire,Aviation Wire,トキエア、11/10に2機耐空検査終了へ　就航日は未定,https://news.yahoo.co.jp/articles/827cb4b8a8410da31a2a3df0a6e1383270624002,10/27(金) 13:08
awire,Aviation Wire,ピーチ、パスポート写真無料撮影で海外旅行サポート　大阪でイベント,https://news.yahoo.co.jp/articles/d37acb65dc2138cd86393a6ee5d9c7fbb8c7ccea,10/27(金) 12:54
awire,Aviation Wire,サウスウエスト航空、737MAXを108機追加発注,https://news.yahoo.co.jp/articles/5e13a1cfaaa8c9110fc773fbe8a6af855ec0bade,10/27(金) 9:15
awire,Aviation Wire,関空国際線、コロナ前7割超に回復　長距離も再開進む＝23年冬ダイヤ計画,https://news.yahoo.co.jp/articles/832ded3320670d82442570f5fd610806f4d56f57,10/26(木) 19:12
awire,Aviation Wire,スターフライヤー、羽田－福岡・北九州11月臨時便　下旬に10便,https://news.yahoo.co.jp/articles/d0fef7ee68c3e0427aacbc8b1956a474648640cd,10/26(木) 16:23
awire,Aviation Wire,成田空港舞台に短編映画『空の港のありがとう』24年夏公開,https://news.yahoo.co.jp/articles/9d6af4dd6ce6c5c6546a12cdb90e7b3f9376b5fa,10/26(木) 14:46
awire,Aviation Wire,スプリング・ジャパン、成田－ハルビン・天津増便　冬ダイヤ毎日運航,https://news.yahoo.co.jp/articles/a66b6633588f09ee47ba4b1dbd4606287e61dcef,10/26(木) 14:07
awire,Aviation Wire,エルアル・イスラエル航空、成田運休　24年3月まで、軍事衝突で,https://news.yahoo.co.jp/articles/ae7b4538ea4488a5f401c3cb4ebcdf166c72a08d,10/26(木) 12:57
awire,Aviation Wire,737MAX、納入目標引き下げ　5四半期連続赤字＝ボーイング23年7-9月期,https://news.yahoo.co.jp/articles/29bb5385f90370bf42e60a88f6ed5c1f408d2998,10/26(木) 11:28
awire,Aviation Wire,中部空港、総旅客435万人　コロナ前6割に回復＝23年度上期,https://news.yahoo.co.jp/articles/e1cf7201c2cd257131f9d200af27e55546620dc2,10/26(木) 10:23
awire,Aviation Wire,関空の旅客数、コロナ前7割超えに回復　3倍超1185万人＝23年度上期,https://news.yahoo.co.jp/articles/a0b662ec679a8065ca4805bb57022c63d0e4a213,10/26(木) 9:22
awire,Aviation Wire,スターラックス航空、日本人CA募集　東京・大阪60人、24年4月から訓練,https://news.yahoo.co.jp/articles/e378c47b655c8ac35a0930a6dc99c00db01f3fc6,10/25(水) 18:28
awire,Aviation Wire,ANA/JAL共同離島事業、協議会設立　5社連携強化、九州コードシェア継続,https://news.yahoo.co.jp/articles/64f72d7364d5f7b03f7bbefc994ad0cdc6c06b67,10/25(水) 16:40
awire,Aviation Wire,ANAのQ400、就航20周年　11/1に伊丹で記念イベント,https://news.yahoo.co.jp/articles/5c8fd963f0eab4aedabf49d042df3d823c5126d9,10/25(水) 14:05
awire,Aviation Wire,JAL、A350-1000初飛行の写真・動画公開　羽田－NY年内就航へ,https://news.yahoo.co.jp/articles/bbae506a6c471928be11ec49cee54f8348c0283a,10/25(水) 14:01
awire,Aviation Wire,トキエア、耐空検査で初号機フェリー　鹿児島へ,https://news.yahoo.co.jp/articles/44f0bc1b394d0ec87010b8dfdf9e66cb6ca280e6,10/25(水) 12:12
awire,Aviation Wire,ターキッシュエア、787-9と737MAX追加導入　エアキャップがリース、24-26年受領,https://news.yahoo.co.jp/articles/709b835a059f0bdb6882d73c3f2fd4b31a080abc,10/25(水) 11:37
awire,Aviation Wire,ANA、年末年始の羽田－伊丹8000円から　10/29に国内線セール,https://news.yahoo.co.jp/articles/a1b1959aef88c13fbdae44b0ed182f96c3b8ef19,10/25(水) 10:54
awire,Aviation Wire,セブパシフィック航空、成田発便でSAF　40％混合、CO2を44％削減,https://news.yahoo.co.jp/articles/60243b1c78519a8f468690db2b2ff820c0b33827,10/24(火) 18:56
awire,Aviation Wire,ソラシド、羽田－那覇11月臨時便　3連休など8便、元日に宮崎発羽田行きも,https://news.yahoo.co.jp/articles/0d9301735be7fff7a6ea77767d0a938f43c81549,10/24(火) 18:33
awire,Aviation Wire,ベトナム航空、札幌へ11月チャーター便　北東部ヴァンドンで北海道イベント,https://news.yahoo.co.jp/articles/741f530eae722a3d6a4f75fd093d462e0b4acb65,10/24(火) 17:24
awire,Aviation Wire,HAC、札幌地下街で中標津就航PR　ANAらと共同イベント、10/27-28,https://news.yahoo.co.jp/articles/ddd6c8fcefc9855429842d13945a6d0c3a2c1438,10/24(火) 16:07
awire,Aviation Wire,JALの777-200ER、最後の1機も売却便チャーター　退役3号機“飛行機の墓場”ローパス,https://news.yahoo.co.jp/articles/569e88691fe4c45df4497a6b9c1c1bf1e44c45a8,10/24(火) 14:01
awire,Aviation Wire,カタール航空、バクルCEOが11月退任　27年間で世界的エアラインに,https://news.yahoo.co.jp/articles/1f83367b506c3dd1ca94ee44575422549bd2c5c5,10/24(火) 13:11
awire,Aviation Wire,JAL、選べる777と767シミューレーター体験　22枠に増枠、12月から24年3月まで,https://news.yahoo.co.jp/articles/cebe525355bf83f9665f407a31137ad5b2e9b689,10/24(火) 11:41
awire,Aviation Wire,8月の国際線旅客、コロナ前7割超え続く　国交省月例経済,https://news.yahoo.co.jp/articles/6f73bfbf1b39f1ac97164c25eeb06837c7bc8921,10/24(火) 9:24
awire,Aviation Wire,ANA、緑のQ400就航　”安全のしおり”はホタテの貝殻活用,https://news.yahoo.co.jp/articles/699eb37f3863b868a5dd337807f83d4128ddfe7e,10/23(月) 22:14
awire,Aviation Wire,中部空港のボーイングストア、10/31閉店　初の米国外店舗,https://news.yahoo.co.jp/articles/2bc854737ed776d4425f64b4c6d0b04463432353,10/23(月) 20:51
awire,Aviation Wire,JAL、A350-1000が初飛行　個室ファーストとビジネス新旗艦機,https://news.yahoo.co.jp/articles/c142ebd9b6529920c5153ed91b8cdfc30f72f18e,10/23(月) 20:21
awire,Aviation Wire,HAC、ATR4号機10/25就航　29日に丘珠－中標津・秋田新設、4機体制に,https://news.yahoo.co.jp/articles/0f28473fbadcb9da6f292367a25df0bc8ca62130,10/23(月) 18:01
awire,Aviation Wire,福岡空港、10分無料の乗降場　短時間利用を想定、国内線南側に,https://news.yahoo.co.jp/articles/f50ce1e60658dfd311ec5bf69b96ed2ae5c231f1,10/23(月) 16:17
awire,Aviation Wire,ジンエアー、成田－釜山10/29就航　1日1往復、ソウル減便,https://news.yahoo.co.jp/articles/3f78d55dc11cdd875ae41b7b6d505fa480383450,10/23(月) 12:13
awire,Aviation Wire,アメリカン航空、E175を4機追加発注　Eシリーズ150機超に,https://news.yahoo.co.jp/articles/cd4b74f271cc375949ce49def001b483410c921d,10/23(月) 11:21
awire,Aviation Wire,個室ファーストクラスも準備万端　特集・3年越しのANA A380 3号機就航,https://news.yahoo.co.jp/articles/6da69f8a41b0aba10b068da861b46b503ebbe320,10/23(月) 7:56
awire,Aviation Wire,空港施設、半蔵門駅近くに販売用物件　セットアップ賃貸,https://news.yahoo.co.jp/articles/02e4f1ba375f288de4f117a2599fae5235450c7a,10/23(月) 7:17
awire,Aviation Wire,ぱっちりまつげとオレンジが映える　特集・ANA A380 3号機 ロールアウトから就航まで,https://news.yahoo.co.jp/articles/72fb11deecc6fda4b6699a0e1ffa2627da343ebc,10/22(日) 12:50
awire,Aviation Wire,中部空港、空の日エアポートフェスタ10/28開催,https://news.yahoo.co.jp/articles/fae3ba2dea92cd95ed02f8641d78bc3bc853c352,10/21(土) 23:44
awire,Aviation Wire,ANAのA380 3号機、ホノルル発も初便出発,https://news.yahoo.co.jp/articles/c410ef890dfcb0a3ec0d674ea971a4d85fd94393,10/21(土) 11:11
awire,Aviation Wire,JALの777-200ER、ラスト3日間は札幌・那覇2路線　最後の1機、11/12最終定期便,https://news.yahoo.co.jp/articles/d32b29a4d46ecf400d3ac3ae8391b02305a5e845,10/21(土) 8:52
awire,Aviation Wire,ANAのA380、ホノルルに3号機初便到着　緑の2号機が出迎え,https://news.yahoo.co.jp/articles/6f66b2da60b6e19ff1b50f6962a990a760bbf976,10/21(土) 5:40
awire,Aviation Wire,ANAのA380、オレンジ3号機就航　日本到着から2年、3機出そろう,https://news.yahoo.co.jp/articles/a1d850cbe053e82fa7a8bb44754a1b64f43362ea,10/20(金) 23:12
awire,Aviation Wire,KC-390、初のNATO仕様がポルトガル空軍就役,https://news.yahoo.co.jp/articles/126ad4775ca8932906b86bfae48285e7b90c2a2b,10/20(金) 22:12
awire,Aviation Wire,航空大学校、操縦教官募集,https://news.yahoo.co.jp/articles/0bae9022e2a55bb867d1ea6511b0c7469a67fdf7,10/20(金) 20:49
awire,Aviation Wire,ANAのA380、成田に3機並ぶ　オレンジ3号機、今晩就航,https://news.yahoo.co.jp/articles/d7bdbaa6be161150df0ada05fb7d7f75f203d69a,10/20(金) 17:59
awire,Aviation Wire,スカイマーク、ピカチュウジェットで富士山遊覧　12月に神戸発着,https://news.yahoo.co.jp/articles/3d6b69a37902a5c3de2a1d8b1b1a35198ed85514,10/20(金) 15:17
awire,Aviation Wire,ANA、シートカバーのアップサイクルバッグ　747ビジネスクラスや採用検討生地,https://news.yahoo.co.jp/articles/c3a4e4577fc047751758d6aa895db6e7c64df1cb,10/20(金) 13:22
awire,Aviation Wire,成都航空、茨城へ初乗り入れ　福州から連続チャーター,https://news.yahoo.co.jp/articles/a5cbb575e1d744a93e0b2a2ce4b3afca23c5cacf,10/20(金) 11:59
awire,Aviation Wire,JALサーチャージ、大幅引き上げ　欧米往復9.4万円、ハワイ6.1万円に＝12-24年1月分,https://news.yahoo.co.jp/articles/7998f9ccea98d1a8365287cec4514face6c51edf,10/20(金) 10:41
awire,Aviation Wire,三宅島空港、施設変更で11月に公聴会,https://news.yahoo.co.jp/articles/65437e3e8450cf25bb98699648924d9c2029a54d,10/20(金) 10:26
awire,Aviation Wire,ANA、A380オレンジ3号機初の機内清掃「きれいな機体さらにピカピカに」10/20就航,https://news.yahoo.co.jp/articles/946fbacc79c9b3836bfb11265783ccdb466a99f1,10/19(木) 17:34
awire,Aviation Wire,JAL最後の777-200ER、羽田で見学ツアー　機体洗浄など「非日常」テーマ、11月に3回,https://news.yahoo.co.jp/articles/cfc41a72d06f781b915d10ae532c82c9bb0ece0a,10/19(木) 15:25
awire,Aviation Wire,ANAホヌのキーホルダー、オレンジのラーも発売　A380 3号機就航記念、3体出そろう,https://news.yahoo.co.jp/articles/bcf834235706d1f2bcac76c3c436a4b525eeb779,10/19(木) 14:38
awire,Aviation Wire,JAL、新旗艦機A350-1000ロールアウト　年内就航、羽田－NYに,https://news.yahoo.co.jp/articles/03ca172c8cf46fc8f6376943722045234571d9e0,10/19(木) 13:43
awire,Aviation Wire,スカイマーク、整備士の既卒募集　16人採用,https://news.yahoo.co.jp/articles/1f99b82436ef686b0d31ce222735b100762732b7,10/19(木) 12:14
awire,Aviation Wire,ブラジル空軍C-390、1万飛行時間に到達　就航4年で,https://news.yahoo.co.jp/articles/1ab2baee6bb67ae11d4b0c20b45baef35db3778a,10/19(木) 11:44
awire,Aviation Wire,ANA、洋食メニューにトマトムースと鮎提案　機内食レシピコンテスト,https://news.yahoo.co.jp/articles/59de69f1ece46ea2d4ddab64c0d1f9859641f4a7,10/19(木) 9:50
awire,Aviation Wire,新千歳空港、BJ専用施設12/8オープン　富裕層の来道強化,https://news.yahoo.co.jp/articles/bc8f1f5ba08cc68005821ffc00eedf0d20369501,10/18(水) 18:08
awire,Aviation Wire,9月の訪日客、コロナ前ほぼ同等に回復　出国日本人、100万人超え2カ月連続,https://news.yahoo.co.jp/articles/b4a95c91a8214be14388e63e4c3d8bb1882e8895,10/18(水) 17:22
awire,Aviation Wire,スターアライアンス、シャルル・ド・ゴール空港に新ラウンジ,https://news.yahoo.co.jp/articles/c329ec00cadde67595090fe198e6e2a1264bfeac,10/18(水) 13:16
awire,Aviation Wire,エンブラエル、ロイヤル・ヨルダン航空と修理サービス締結　E2シリーズ2機種,https://news.yahoo.co.jp/articles/81792382a1c900c30da97ed6967202440aa9dc33,10/18(水) 11:52
awire,Aviation Wire,ボジョレーヌーボー初荷、羽田に3.2トン着　ANA便3年連続,https://news.yahoo.co.jp/articles/9c23b312e6251d0588d2fdffcbfcbd2c2cfdb29e,10/18(水) 10:03
awire,Aviation Wire,8月の有償旅客、コロナ前9.5割超に回復＝IATA旅客実績,https://news.yahoo.co.jp/articles/a8f4a95b6f7eb3a4401b86c8ab172e3357713c62,10/18(水) 9:41
awire,Aviation Wire,チェコ国防省、次期中型輸送機にC-390選定へ,https://news.yahoo.co.jp/articles/0d1f539bbda6b606ecbb4428de84b6e2e8571f0e,10/18(水) 8:48
awire,Aviation Wire,エア・ドゥ、仙台就航15周年で記念品,https://news.yahoo.co.jp/articles/d0ee2dd0f5d3ddc4e4cd05cebc084a7615979839,10/17(火) 17:09
awire,Aviation Wire,ピーチ、初の第二新卒採用　総合職15人、24年4月入社,https://news.yahoo.co.jp/articles/0ac22391f3249994db4a72a684709e62d216c401,10/17(火) 16:01
awire,Aviation Wire,南紀白浜空港、滑走路の点検自動化へ実証　ドラレコ撮影をAI解析、NECらと,https://news.yahoo.co.jp/articles/1f766ca3718c40e38e3deb25d57cb727053c5d97,10/17(火) 14:07
awire,Aviation Wire,エアアジア、日本9路線セール　諸費用込み片道1.4万円から,https://news.yahoo.co.jp/articles/251e4191324bc752e2b0536b7ba6e4cb34d789ae,10/17(火) 12:24
awire,Aviation Wire,ホンダジェット、新型機「エシュロン」に　米大陸横断可のライト機、26年初飛行へ,https://news.yahoo.co.jp/articles/675e0741c7ef80ba2c0790fb44c45b42b5c597ab,10/17(火) 10:55
awire,Aviation Wire,737MAXのビジネスジェット、客室セミオーダー化で低コスト短納期　BBJ 737-7向け,https://news.yahoo.co.jp/articles/62382f69d1db3e172a68994d6b3432f673225c97,10/17(火) 10:46
awire,Aviation Wire,JAL、那覇空港の制限区域バスツアー　第2滑走路横や格納庫も,https://news.yahoo.co.jp/articles/a50be3125182e11e9ba45821cb90345203030719,10/16(月) 23:57
awire,Aviation Wire,JAL、タンチョウの採食地整備ボランティア　冬のエサ確保へ草移植、野鳥の会と,https://news.yahoo.co.jp/articles/403ddbb2e7ce43a540fa5a9883f209a89fabb683,10/16(月) 19:09
awire,Aviation Wire,ANA系エアージャパン、機長経験者募集　2月からAirJapan便就航,https://news.yahoo.co.jp/articles/16e8913b14f439ebdcf7b5f34f9e535fd1df6670,10/16(月) 17:20
awire,Aviation Wire,ANA FESTA、予約商品を店舗受け取り　羽田など4空港で新サービス,https://news.yahoo.co.jp/articles/c89e323a9a22133b5d15c278b7868bbcbd9031ac,10/16(月) 14:01
awire,Aviation Wire,ジェットスター・ジャパン、最終赤字80億円　前期比41億円圧縮＝23年6月期,https://news.yahoo.co.jp/articles/f1272939bc21482467b640dd0c58ea72f795f9b6,10/16(月) 13:31
awire,Aviation Wire,イージージェット、A320neoファミリー追加発注　最大257機、A319更新,https://news.yahoo.co.jp/articles/cb72473349ba2afbb437970cbb352052c790399e,10/16(月) 12:49
awire,Aviation Wire,防衛省、大阪で防衛産業参入促進展　10/26から,https://news.yahoo.co.jp/articles/e990a592af16216695a263f90d4c4a178d959df8,10/16(月) 9:21
awire,Aviation Wire,A330 MRTT、F-15に自動空中給油　夜間も成功,https://news.yahoo.co.jp/articles/3b49a87ab4378b067fd809545812d295ac45ac2a,10/15(日) 22:28
awire,Aviation Wire,防衛省、日米防衛産業の交流展示会　渋谷で10/19から,https://news.yahoo.co.jp/articles/a550d41a4bc02f81305760957edb83adb504542b,10/15(日) 19:01
awire,Aviation Wire,ANA 787-9やピーチA320neoが新規登録　国交省航空機登録9月分,https://news.yahoo.co.jp/articles/b593d6a6f148f967c8f56747722ced3ebd6081f0,10/14(土) 20:43
awire,Aviation Wire,FDAとHAC、丘珠乗り継ぎキャンペーン,https://news.yahoo.co.jp/articles/29aae501e6640d1c23c7bd514057e667d1c4043b,10/14(土) 12:56
awire,Aviation Wire,ボーイング、SAFの“すす”737MAXで検証　NASAのDC-8「実験室」が後追い飛行,https://news.yahoo.co.jp/articles/9f6c9001105570dfc61b2f267f112d264d890e4b,10/13(金) 16:20
awire,Aviation Wire,エア・ドゥ、札幌－熊本チャーター　24年2月に2往復、8年5カ月ぶり,https://news.yahoo.co.jp/articles/d5d4f9de772514984da487172cf46e9c970b92a7,10/13(金) 14:47
awire,Aviation Wire,「A380はあと4-5年運航」特集・エティハド航空ネベスCEOインタビュー,https://news.yahoo.co.jp/articles/252a1f4faf448b6c388d89ec86be70ede2e290ea,10/13(金) 12:48
awire,Aviation Wire,スカイマーク、24年度入社の新卒募集　総合職2コース16人,https://news.yahoo.co.jp/articles/5621f1f3aee85b8bd6d44d9be23be77bcdb7284e,10/13(金) 11:38
awire,Aviation Wire,JAL、丘珠活用で北東北との交流促進　個人向け観光訴求、HAC秋田就航で,https://news.yahoo.co.jp/articles/b299235247bb6dd8fe6f1522aa6fc20b8dd0bb15,10/13(金) 10:48
awire,Aviation Wire,チャイナエアライン、那覇－高雄24年1月再開　台北は増便,https://news.yahoo.co.jp/articles/9af6215320075e2f845a80118ed89869470ea6d0,10/12(木) 17:50
awire,Aviation Wire,エアアジアX、札幌－クアラルンプール12月再開,https://news.yahoo.co.jp/articles/41d5822b0df63bdcbbacefd6b16c589bb0993f5a,10/12(木) 17:13
awire,Aviation Wire,中国国際航空、中部－上海11/15再開　3年9カ月ぶり,https://news.yahoo.co.jp/articles/feb47701f444f4ca7d6bb3941c6e284763301cfc,10/12(木) 16:12
awire,Aviation Wire,アメリカン航空、羽田－ニューヨーク申請　デルタ返上枠を活用,https://news.yahoo.co.jp/articles/dfc34abc645f88609cbbe037ad8f20ec400f1126,10/12(木) 12:59
awire,Aviation Wire,ルクスエア、E195-E2を最大9機導入,https://news.yahoo.co.jp/articles/2cd6a4fe4c4af7a9b2c8ed6c0c579211ebcd912c,10/12(木) 12:57
awire,Aviation Wire,STOL型ATR42-600Sのエンジン、カナダ当局から型式証明,https://news.yahoo.co.jp/articles/b3d1d933c0fd2b0dc8c660582a8cefb208ed9cf6,10/12(木) 11:20
awire,Aviation Wire,737MAX、納入低調も大量受注＝ボーイング9月実績,https://news.yahoo.co.jp/articles/5f8ace45c0610b83b99de1b2b4ce7261dd48f36b,10/12(木) 9:12
awire,Aviation Wire,長崎空港24時間化へ、ソラシド12月も早朝・夜間便,https://news.yahoo.co.jp/articles/2c78148d3dac0b80fe67fb75fd4ffb2cefa19597,10/11(水) 18:27
awire,Aviation Wire,DHL×シンガポール航空塗装の777F、中部経由で米国貨物便,https://news.yahoo.co.jp/articles/283155860ddcc8ad08e1274aa8a22479e52a10c0,10/11(水) 17:47
awire,Aviation Wire,JAL、福岡－札幌1日3往復に　増便分はジェイエア運航、10/29から,https://news.yahoo.co.jp/articles/82a317f7288e2d8b6b018db684859abf5273ed95,10/11(水) 16:39
awire,Aviation Wire,JAL、パイロットと企画職のインターン募集,https://news.yahoo.co.jp/articles/040ce6fc6fdeea3d620f1356f4935debbb8c026d,10/11(水) 15:32
awire,Aviation Wire,ボーイング、納入11四半期ぶり前年割れ　737MAX・787は受注好調＝23年7-9月期,https://news.yahoo.co.jp/articles/450add74c518b256dfb9fa5f010fe2c0c523165b,10/11(水) 13:51
awire,Aviation Wire,HAC、札幌丘珠－秋田10/29就航　1日2往復、ジェイエアから移管,https://news.yahoo.co.jp/articles/89cf51b7e63c0f507798ffbaf71772a3bf97b3f4,10/11(水) 11:42
awire,Aviation Wire,JAL最後の777-200ER、定期便ラストは11/12　退役チャーターも検討中,https://news.yahoo.co.jp/articles/f9c02eb67a9694e4f210f6c5572cf3e41facf43e,10/11(水) 11:25
awire,Aviation Wire,ANA、国際線旅客60万人超え2カ月連続　利用率80.2％＝8月実績,https://news.yahoo.co.jp/articles/1409d396bb75ce8d4a3ada8902585a8f6e16a72a,10/11(水) 9:19
awire,Aviation Wire,航大卒業生のマイクロジェット、ビジネスジェット事業開始　元SKY西久保氏が会長,https://news.yahoo.co.jp/articles/b3cf6e7754a172eff0dbe0f391f54ff7e6c8d4e0,10/10(火) 18:41
awire,Aviation Wire,TAAGアンゴラ航空、787を4機発注,https://news.yahoo.co.jp/articles/9b592f94ddc2e9ab22144f70df47da48c051d1a7,10/10(火) 18:23
awire,Aviation Wire,スターフライヤー、CA希望者対象のエアライン講座　11/26のみ、20人限定,https://news.yahoo.co.jp/articles/db7cf1e33fc384533a50c082b23a84f3e594b23f,10/10(火) 17:44
awire,Aviation Wire,JAL系スプリング・ジャパン、公式キャラ名「飛翠」に,https://news.yahoo.co.jp/articles/c09da3408c0f2068a1388d989e06e462bfba5bd1,10/10(火) 16:13
awire,Aviation Wire,小松は「歌舞伎のまち」JAL、航空祭で地上係員がPR,https://news.yahoo.co.jp/articles/62c96e3625f5781c5ed079a41f36590e290be227,10/10(火) 14:58
awire,Aviation Wire,エア・インディア、新デザイン実機公開　A350が初号機、12月から,https://news.yahoo.co.jp/articles/b562c38d846efc332645ebb79f0b5b4124d20ca2,10/10(火) 13:52
awire,Aviation Wire,A330neoとA350、受注好調　納入2割増172機＝エアバス23年7-9月期,https://news.yahoo.co.jp/articles/f990e877d154b834fcaf9cdb8f2b110a74e09aa2,10/10(火) 12:08
awire,Aviation Wire,日本、ICAO加盟70周年　加盟3年後から理事国に,https://news.yahoo.co.jp/articles/08f70eb25f8512d910cb76362c68a3d144f84ea4,10/10(火) 10:14
awire,Aviation Wire,小松基地、航空祭に5万人　4年ぶり制限なし、エアレース室屋さんもアクロ披露,https://news.yahoo.co.jp/articles/26f6f8073ffab9d5a2849dd28da635c4294e6120,10/9(月) 15:44
awire,Aviation Wire,8月の空港定時出発率、羽田20位圏外に＝英Cirium調査,https://news.yahoo.co.jp/articles/fed7e0b9a3fc216a3f033fb285d2555e221283da,10/9(月) 9:47
awire,Aviation Wire,8月の定時到着率、日系トップ10社から陥落　“LCC”も3カ月ぶり首位逃す＝英Cirium調査,https://news.yahoo.co.jp/articles/0a1fbb301eb19a6461c5a69f9d2f9e2ed3bc5f63,10/8(日) 11:57
awire,Aviation Wire,ボーイング、150機目の737-800BCF納入　改修工程の動画公開,https://news.yahoo.co.jp/articles/3392736ccede0eaf09ef9149a76ba51aa7a5a155,10/7(土) 18:48
awire,Aviation Wire,空港の旅客・ランプ係員、採用数の半数離職　国交省調査、受託料引上が課題,https://news.yahoo.co.jp/articles/ba51d09147030ad0cbda71bd120152e4d9a21bbe,10/7(土) 9:11
awire,Aviation Wire,JAL、航空機廃材活用の小物販売　大阪高島屋で10/11から,https://news.yahoo.co.jp/articles/504914808f87e95c32c1421bc55c29cac8d728bb,10/6(金) 16:40
awire,Aviation Wire,カンタス航空、羽田－シドニー往復8.9万円から　11/26から1日2往復、増便記念セール,https://news.yahoo.co.jp/articles/742d3e521145c193274aa686524d1ce3a17b50f0,10/6(金) 15:50
awire,Aviation Wire,JALと米REGENT、電動水上グライダーで提携,https://news.yahoo.co.jp/articles/ca7139f9295b95a02b61449aeb94ab9449dc51ff,10/6(金) 12:48
awire,Aviation Wire,ニデックとエンブラエル、空飛ぶクルマのモーター合弁会社始動,https://news.yahoo.co.jp/articles/d499a65164226a95cf99803c3bf7b0a195a7ba05,10/6(金) 11:30
awire,Aviation Wire,羽田空港、国際線旅客が過去最高　170万人超＝7月実績,https://news.yahoo.co.jp/articles/54ea3f3d6dba61dc72f6d81bbca5ad6df81240f3,10/6(金) 11:08
awire,Aviation Wire,JAL、宮崎－福岡が10/16就航60周年　東亜航空が開設,https://news.yahoo.co.jp/articles/4e67641db9edc9206460ebbf6f4b97246eb31d22,10/6(金) 9:24
awire,Aviation Wire,広島空港、ANA・JALと開港30周年ペアマグカップ,https://news.yahoo.co.jp/articles/55bebbd75c356235453cfc7a11c9f7cd14be0b83,10/5(木) 23:35
awire,Aviation Wire,ANA、国内線タイムセール7700円から　10/6-12に12月搭乗分,https://news.yahoo.co.jp/articles/73318d48f2a4c827b33e6e42aa0bccbbfe51720e,10/5(木) 18:50
awire,Aviation Wire,タイガーエア台湾、高知・秋田チャーター週2往復ずつ　台北18路線に＝冬ダイヤ日本路線,https://news.yahoo.co.jp/articles/5ec6b9a2aa1a2e49bcc8bba3e4017b59bce2e684,10/5(木) 17:52
awire,Aviation Wire,新旗艦機A350、JALはなぜ個室ファーストクラスを用意するのか　乗らないとわからないビジネスとの差,https://news.yahoo.co.jp/articles/dbba791c66e599b4d4fcdddfc441b0bfa0844726,10/5(木) 17:12
awire,Aviation Wire,ANA FESTA、羽田店舗刷新で通販エリア併設　大型バッグなど実物陳列,https://news.yahoo.co.jp/articles/77dd4de727e1f18400779958ca853af13c71d280,10/5(木) 12:52
awire,Aviation Wire,米海軍、E-2Dのコックピット近代化改修　29年配備へ,https://news.yahoo.co.jp/articles/872df307a9900a305ee4f0eacda880eb03ba4652,10/5(木) 11:40
awire,Aviation Wire,JAL、国内線タイムセール10/6まで　7700円から、12月搭乗分,https://news.yahoo.co.jp/articles/1a1d03ea0c3b5577964da698d9135642f1f80e85,10/5(木) 10:37
awire,Aviation Wire,空港施設、浜町駅近くに販売用物件　家具付きオフィス,https://news.yahoo.co.jp/articles/ec61f2062740f15600947a29d2da864168af3d1c,10/5(木) 8:59
awire,Aviation Wire,エールフランス-KLM、スカンジナビア航空と資本業務提携へ,https://news.yahoo.co.jp/articles/9a90c6d43a43200af040972b93d584fc7a6d5d19,10/4(水) 23:53
awire,Aviation Wire,スカンジナビア航空、スカイチーム加盟へ　スターアライアンス発足5社初の脱退,https://news.yahoo.co.jp/articles/7c780f39c8f9893bbb76127e176ad093f3aad8ef,10/4(水) 23:03
awire,Aviation Wire,スターフライヤー、就航前「進撃の巨人」機お披露目ツアー　11/4に北九州格納庫,https://news.yahoo.co.jp/articles/099b3024dc133855939827b1f0b5c66dc06124c3,10/4(水) 18:49
awire,Aviation Wire,ANA、緑色のQ400再び　10/23就航、5年7カ月ぶり,https://news.yahoo.co.jp/articles/47133bfa51645985d7f65a2f2ba8f828920c0914,10/4(水) 17:41
awire,Aviation Wire,チャイナエアライン、成田－台北1日最大4往復に　日本4路線増便＝冬ダイヤ,https://news.yahoo.co.jp/articles/1f537f582d7d0f66aeef5a5f3c7cc3fabf649612,10/4(水) 14:43
awire,Aviation Wire,ニュージーランド航空、日本支社長に永原氏　24年1月1日付、前フィンエアー支社長,https://news.yahoo.co.jp/articles/e42483b88602eeecf4cb8e7389bff87b8f8efac9,10/4(水) 12:24
awire,Aviation Wire,PW、MD-90“極薄主翼”実証機にGTFエンジン　NASA・ボーイング「X-66A」へ参画,https://news.yahoo.co.jp/articles/90e681b59b71e03d0d469735cfbf048753103dbc,10/4(水) 11:24
awire,Aviation Wire,ユナイテッド航空、110機追加発注　787-9を50機、A321neoは60機,https://news.yahoo.co.jp/articles/7f0f23b83ea4403c22ae501a6dcb1f85112f4374,10/4(水) 9:19
awire,Aviation Wire,シルクウェイ・ウエスト航空、777Fを初受領,https://news.yahoo.co.jp/articles/a2bf13043897fb803d3bffb40d82f353f259801d,10/3(火) 23:47
awire,Aviation Wire,関空、期限切れ搭載水を消防用水に　年100万リットル削減,https://news.yahoo.co.jp/articles/ee68051813b56f140f13f3408cdecf46a02a108b,10/3(火) 18:37
awire,Aviation Wire,チェジュ航空、広島－ソウル増便　10/29から1日1往復に,https://news.yahoo.co.jp/articles/36935597e0c7a45fd00cc640cd2f0b9ead303778,10/3(火) 16:32
awire,Aviation Wire,FPGエア、新社名オンリーユーエアに変更　24年春にホンダジェット就航,https://news.yahoo.co.jp/articles/c3e99332582b30403596761f8dd93d3089c39457,10/3(火) 15:31
awire,Aviation Wire,ターキッシュ、三笠宮記念財団と協定　トルコ遺跡発掘で連携,https://news.yahoo.co.jp/articles/cbaef265c738b0991487cb6bcc1af0dd5e69fe9f,10/3(火) 13:44
awire,Aviation Wire,ラタム航空、A321neo初受領　13機追加発注も,https://news.yahoo.co.jp/articles/530ba86c2e39861e2c3d2bc1ec86ac06c089a4fa,10/3(火) 12:41
awire,Aviation Wire,IBEX、楽天デカール機のデザイン変更　3案で人気投票、12月就航,https://news.yahoo.co.jp/articles/d9356bc684bb8804c3b74a069a2b3e1883ab53d4,10/3(火) 11:21
awire,Aviation Wire,エティハド航空、関空－アブダビ就航　787に国旗掲げ初便出発,https://news.yahoo.co.jp/articles/ec54a52281c874354ad8d4aaedaf7e4112b7796c,10/2(月) 23:58
awire,Aviation Wire,JAL、ビーガンのコース機内食　ラウンジで手入れコーヒー、A350-1000就航で新サービス,https://news.yahoo.co.jp/articles/436c615249c59621045c23f1e8618692795dabd2,10/2(月) 17:39
awire,Aviation Wire,エアバス、国産SAF有志団体「ACT FOR SKY」加盟,https://news.yahoo.co.jp/articles/49d5a8bc630434b146a19ed22168e33a30f519f7,10/2(月) 17:11
awire,Aviation Wire,JAL、新旗艦機A350-1000年内就航　個室ビジネス、ファーストは6席,https://news.yahoo.co.jp/articles/e4b17f42817880e1e5e0e8a521f647dde183c863,10/2(月) 11:24
awire,Aviation Wire,JAL、ピンクの貨物コンテナで乳がん予防啓発　A350で沖縄へ,https://news.yahoo.co.jp/articles/b7f341358a890ba417f2f1de1f20284f6de082bb,10/1(日) 22:46
awire,Aviation Wire,空港店舗「JAL PLAZA」羽田からスタート　JALのBLUE SKY、60年で刷新,https://news.yahoo.co.jp/articles/6948bbcd5f936d738438eaf19aee7f429eefd46a,10/1(日) 20:20
awire,Aviation Wire,ANA、24年度入社の内定式　井上社長「どうせやるなら明るく楽しく」,https://news.yahoo.co.jp/articles/a58291db3793f92d37a5c9b6b86144bc1a902f70,10/1(日) 18:09
awire,Aviation Wire,JAL、787のビジネスクラス中古シート販売　シェルフラットネオ,https://news.yahoo.co.jp/articles/3c0bbc27a8bf8edbb82a807129dce00a5ffcb0ee,10/1(日) 8:57
awire,Aviation Wire,JTA、国内初の石垣国際チャーター　台北へジンベエジェット,https://news.yahoo.co.jp/articles/c17c37e577f4d5b26093d5a2954f4f2aee1660ac,9/30(土) 18:26
awire,Aviation Wire,空自、虎ノ門ヒルズに宇宙協力オフィス　民間技術の活用加速,https://news.yahoo.co.jp/articles/d570663c35407bb7552cbebd3aa3ddbd2eeee6d0,9/30(土) 11:50
awire,Aviation Wire,JAL、国際線利用率82.3％　旅客数は60万人目前続く＝8月実績,https://news.yahoo.co.jp/articles/ac3b73bd957cde325018c203dd0e9c6e8c694e21,9/30(土) 11:28
awire,Aviation Wire,キャセイ、A320neo系32機追加発注　64機に倍増,https://news.yahoo.co.jp/articles/f37a7332908b0c3aa0ec2c64f1490245c4dc7074,9/29(金) 23:58
awire,Aviation Wire,エミレーツ航空、成田にA380新仕様機　プレエコ12月導入,https://news.yahoo.co.jp/articles/9e3993fb872e4575178cb8336b43d262b42efbe6,9/29(金) 23:32
awire,Aviation Wire,JAL、空港店舗BLUE SKYを「JAL PLAZA」10月刷新　マイル積算率向上,https://news.yahoo.co.jp/articles/2786dde15bc012423e0f3bd0b3d28124b9c6e5da,9/29(金) 18:54
awire,Aviation Wire,スプリング・ジャパン、成田－寧波継続　冬ダイヤも1日1往復,https://news.yahoo.co.jp/articles/0e0d27e1ab6cecd3853a4ca8051c20da62f7f818,9/29(金) 17:59
awire,Aviation Wire,ANA、ルフトハンザ・ユナイテッド航空との貨物共同事業停止　事業再編で,https://news.yahoo.co.jp/articles/6c9ded4fbe179ebdfd2f63609beeeb3038acbb70,9/29(金) 15:49
awire,Aviation Wire,エアアジア持株会社、ガルーダ・インドネシア航空と提携　傘下LCCとインターライン,https://news.yahoo.co.jp/articles/eaefa6870b725dec4cfaf0941e3bb0f20c0720fe,9/29(金) 15:18
awire,Aviation Wire,タイ国際航空、札幌・福岡増便　日本6路線1日9往復に＝冬ダイヤ計画,https://news.yahoo.co.jp/articles/22850ad2184ea618a9a8c8738070ca55d624addc,9/29(金) 12:28
awire,Aviation Wire,佐賀酒乾杯条例、10周年で記念イベント　10/1「日本酒の日」に,https://news.yahoo.co.jp/articles/0b8c905c39231e6741bcb69a7a99af3bd569ae8d,9/29(金) 11:56
awire,Aviation Wire,成田空港、総旅客300万人超え　3年7カ月ぶり、訪日客コロナ前9割超に＝8月実績,https://news.yahoo.co.jp/articles/1c95a2d3b9187ce2f6e528a8a680a7436cb12678,9/29(金) 9:29
awire,Aviation Wire,スカイマーク、羽田－神戸臨時便　10/22と12/9,https://news.yahoo.co.jp/articles/e57bb6d364e92e4c0044bc9c4eac5e4265049c49,9/28(木) 18:31
awire,Aviation Wire,エンブラエル、スクートと修理サービス締結　E190-E2、24年から導入,https://news.yahoo.co.jp/articles/8340e3a2cf69eb0ef1bc93931511b1b56b370db2,9/28(木) 17:40
awire,Aviation Wire,関空、12/5に国際線新エリア　出国審査場を集約、回遊型免税店も,https://news.yahoo.co.jp/articles/073ad62d3cb0b1155b57ff8722cf492d85e37f1d,9/28(木) 15:43
awire,Aviation Wire,大韓航空、地方3路線も再開　15路線1日最大32往復に＝冬ダイヤ日本路線,https://news.yahoo.co.jp/articles/3c8a2f2ca453a648d72a3935906136cad1c7cf78,9/28(木) 13:33
awire,Aviation Wire,JAL、旬の食材「空からお届け」　産直アプリ社と連携第1弾、フルーツ高速鮮度輸送,https://news.yahoo.co.jp/articles/34b927053f5566873487ec71424684f41145785f,9/28(木) 11:41
awire,Aviation Wire,ANAのA380、オレンジ3号機初の機体洗浄　10/20就航前に2年の汚れ落とす,https://news.yahoo.co.jp/articles/4a080075a93bb021125fdc1a37cacb0060b7849a,9/28(木) 8:09
awire,Aviation Wire,日本とルクセンブルク、旅客・貨物便運航で合意,https://news.yahoo.co.jp/articles/dcbec5adec403ea95a473b3e8a56c1446ab7a0b3,9/27(水) 23:51
awire,Aviation Wire,JAL、国内線タイムセール7700円から　9/28-29に11月搭乗分,https://news.yahoo.co.jp/articles/7fc01bddebc901bd1111e0712fa14a89ccfb6ba6,9/27(水) 18:24
awire,Aviation Wire,空港満足度、中部が大規模部門トップ　中規模は神戸＝J.D.パワー調査,https://news.yahoo.co.jp/articles/1600f4f29c1af71cd9d9c9eb4b0ee1557f3bc4c7,9/27(水) 17:41
awire,Aviation Wire,デルタ航空、羽田－ポートランド開設断念　発着枠返上、ユナイテッドが2路線申請,https://news.yahoo.co.jp/articles/e15bd068627ab9d7585dc275a7b938590a80019a,9/27(水) 14:30
awire,Aviation Wire,KLMオランダ航空、A350初導入へ　A330・777置き換え、26年から,https://news.yahoo.co.jp/articles/03ec7938588d52ffe271b10082abbf66a9b900f3,9/27(水) 12:03
awire,Aviation Wire,ピーチ、関空にback numberコラボグッズ店舗　9/30から2日間,https://news.yahoo.co.jp/articles/94ef788559a598dfa522ad95259cb0d8d30829be,9/26(火) 22:55
awire,Aviation Wire,タイベトジェット、関空－バンコク9/27就航　台北経由便,https://news.yahoo.co.jp/articles/592d5de4a1b38bfa5617498bd06af72ce33b62e0,9/26(火) 21:12
awire,Aviation Wire,中部空港、LCCターミナル連絡バス継続　5月から10万人利用,https://news.yahoo.co.jp/articles/3a9d5a20d22946254958a32b56aefc0580e932fe,9/26(火) 19:54
awire,Aviation Wire,ANA、NCA子会社化延期　24年2月予定,https://news.yahoo.co.jp/articles/85bf8359eea01255cf7b063e09015c906e26ff74,9/26(火) 17:36
awire,Aviation Wire,ANA、赤い羽根共同募金に協力　62回目,https://news.yahoo.co.jp/articles/ca040ff6f0fa3f1755c498154ffa0c76f47b0040,9/26(火) 11:34
awire,Aviation Wire,関空の旅客数、200万人超え2カ月連続　国際線は7割超えに＝8月実績,https://news.yahoo.co.jp/articles/65cfe8f81e3740286722515d6a8144098898c1d0,9/26(火) 9:34
awire,Aviation Wire,エア・カナダ、787-10を最大30機発注　25年に初受領,https://news.yahoo.co.jp/articles/0993cfef7755c9389fc9904bf88da281c0e85a11,9/26(火) 0:07
awire,Aviation Wire,JALの777-200ER、中部空港に10/27最終飛来　駐機場で見学イベント,https://news.yahoo.co.jp/articles/8af285effce7441c2c3f405f6bba743c85048d0c,9/25(月) 16:58
awire,Aviation Wire,ZIPAIR、搭乗者数100万人突破　2年11カ月で,https://news.yahoo.co.jp/articles/fa03e77652e0456446082f7352b9db3adc4b11d1,9/25(月) 15:31
awire,Aviation Wire,スターフライヤー、顧客満足度で首位　サービスなど4項目でトップ＝J.D.パワー調査,https://news.yahoo.co.jp/articles/f42d8cc0a33852d1bc75d98babe0e959a080cf3e,9/25(月) 12:45
awire,Aviation Wire,JALはなぜ使用済みコーヒー粉でジンを作ったのか　羽田で年1.8トン、香り付けに,https://news.yahoo.co.jp/articles/3cdaac504293adb1bc409e784d807d04fd3dd6c3,9/25(月) 12:22
awire,Aviation Wire,奄美宇検村とJALら、環境保全や地域振興で連携,https://news.yahoo.co.jp/articles/a90c40b74e3bdda3eb5ee7cd52f8db045e298963,9/25(月) 9:01
