media_en,media_jp,title_articles,link_articles,date_original
nallabout,All About,「個人情報をどこから……」校長が保護者に刑事告発され、書類送検されたわけ,https://news.yahoo.co.jp/articles/29336e4bd3700a45d31f4d7ee67d24d9a15cc4c1,12/20(水) 20:55
nallabout,All About,LINE「フォント」が選べるようになった！ ユルいフォントから硬いフォントまで14種類がそろう,https://news.yahoo.co.jp/articles/a0c9b83d87719a069f31b2b77f82e762bba3e09f,12/20(水) 20:50
nallabout,All About,なぜ日本のおじさんはZ世代の「自由な働き方」を嫌がるのか。背景にあるのは「日本人の仕事嫌い」？,https://news.yahoo.co.jp/articles/4162445a3bd07c72cf6398c843e0cabb898da7d3,12/20(水) 20:45
nallabout,All About,「集団登校」って意味ある？ 面倒で脱落者も相次ぐ小学生の登校、子どもや保護者はどう感じているのか,https://news.yahoo.co.jp/articles/18ee511c7644d2a2ab7e90396c336fba4f9195e3,12/20(水) 20:35
nallabout,All About,2024年に日本発着クルーズも！ 10日間1800ドル～「ノルウェージャン・ジュエル」の船内レポ,https://news.yahoo.co.jp/articles/df61b30075e31383790e97e224d90abbeedf8716,12/20(水) 20:15
nallabout,All About,LINEで画像や動画を送受信する際、データ使用量を抑える方法ってあるの？ 【専門家が解説】,https://news.yahoo.co.jp/articles/ba9430d67af16d5ebe5c01aeece17911f915f64f,12/19(火) 21:45
nallabout,All About,【中学受験】「合格可能性50％」の学校に希望は持てる？「合格可能性30％」はあきらめるべき!?,https://news.yahoo.co.jp/articles/1dc72625cffab19fb4dad9c140260bfd0be4cd84,12/19(火) 21:15
nallabout,All About,【無印良品】限定パッケージがかわいすぎる……クリスマスにぴったりの「お菓子3選」を元社員が解説,https://news.yahoo.co.jp/articles/4ffb425bed4ef85d1e1c1593f2863a10c6124aa5,12/19(火) 21:05
nallabout,All About,メルカリでの売上金を「メルカード」の支払いに充てることも！ アプリと組み合わせて使ってみると…,https://news.yahoo.co.jp/articles/889c66df566b7d9aa81dcde3e216b3ba5b31f3b5,12/19(火) 20:50
nallabout,All About,「正直、失敗したなと……」日本の家はやけに寒い!? 外国人が不思議がる、日本人の冷暖房事情,https://news.yahoo.co.jp/articles/7322f1f2dadd403f4b5dbf2ddf6a1e8f6f5705ce,12/19(火) 20:15
nallabout,All About,家に着いたらiPhoneの「モバイルデータ通信」が自動的にオフになる設定の仕方,https://news.yahoo.co.jp/articles/0224d21c49a12927063f37c97a238597f58a5df7,12/19(火) 19:45
nallabout,All About,メルカリでハンドメイド商品を販売したい！ ユーザーの目にとまる工夫を教えてください 【メルカリのプロが解説】,https://news.yahoo.co.jp/articles/158af43f69a8863c03c77d141ed1a8d70af79516,12/19(火) 10:30
nallabout,All About,掃除機の「強」「弱」どう使い分けるのが正解？【家電のプロが解説】,https://news.yahoo.co.jp/articles/1ea08a1457c195700408c70388c4fd979b18ca73,12/18(月) 21:45
nallabout,All About,実はかなりの親日国ポーランド！ 現地の観光地を巡りながら「日本の印象」を聞いてみた,https://news.yahoo.co.jp/articles/9a86b3e60eea9a3342c05c639b9bcca81393184b,12/18(月) 21:35
nallabout,All About,“JALのCA”が絶賛する大人気スイーツ、限定商品もある！「那覇空港」で買いたい沖縄土産6選,https://news.yahoo.co.jp/articles/45c990eff9ae3a02a93aeb8da691a1b8d20b08b0,12/18(月) 21:15
nallabout,All About,「あとどれくらい吸える？」が分かりやすい！ ディスプレイ搭載の加熱式たばこ「glo hyper pro」,https://news.yahoo.co.jp/articles/270901c2feafc3c2b0e16da53aaaeee41552dcb3,12/18(月) 20:50
nallabout,All About,iPhoneですばやく「単位換算」する方法！ 通貨も距離もサクッと変換【アプリ不要】,https://news.yahoo.co.jp/articles/1e2cc3d83352bdfab9ebd64e7a3979adac3e44b3,12/18(月) 20:25
nallabout,All About,【パーティー券問題を分かりやすく解説】そもそも政治資金パーティーでは何が行われているのか,https://news.yahoo.co.jp/articles/92933bc3698768805d0f938bf19c8a61776a4fee,12/18(月) 20:15
nallabout,All About,掃除機は「押す」「引く」どちらが効率が良い？【家電のプロが解説】,https://news.yahoo.co.jp/articles/41f4fbabf07b93091685c25b23c2faedbfc02049,12/17(日) 21:25
nallabout,All About,現行の1円玉が「65万円」に大化け！ 平成18年の新しいコインが「65万倍」になったカラクリとは,https://news.yahoo.co.jp/articles/3fdf49971f7980ee812b34b2867644fd17d090c4,12/16(土) 21:50
nallabout,All About,掃除機で虫を吸い込むのはやっぱりダメ？ 吸い込んだらどうなる？【家電のプロが解説】,https://news.yahoo.co.jp/articles/371919ac86947171a307d3cf8e6c6eecdaa3bff5,12/16(土) 21:25
nallabout,All About,経営コンサルタントが振り返る「2023年不祥事対応」ワースト5！2位「旧ジャニ性加害」、1位は…,https://news.yahoo.co.jp/articles/8e3d5bce093edda3361588c2a72b432aaf4fea68,12/16(土) 21:15
nallabout,All About,『どうする家康』松本潤着用の甲冑がモデルのプラモニュメントも！ 静岡市の観光スポット＆名物グルメ,https://news.yahoo.co.jp/articles/9c22295ef0165a22e14d89957418290f1e1d56ed,12/16(土) 21:05
nallabout,All About,イルミネーションの写真を美しく撮るコツ！ iPhoneで撮影方法をカスタマイズしてみよう,https://news.yahoo.co.jp/articles/2921e236eef3246dfbc1a4ec7155317a0102c1e0,12/16(土) 20:50
nallabout,All About,価格にびっくり！トンボ鉛筆に聞く、高級シャーペン「モノグラフファイン」に託した“中高生”への思い,https://news.yahoo.co.jp/articles/9ec2da58d72635a0ee4d554eab27e2e039151006,12/16(土) 20:25
nallabout,All About,iPhoneに登録した交通系ICカードの「残高不足」を未然に防ぐ方法【図説つきで解説】,https://news.yahoo.co.jp/articles/45dca488d275d1f9831575b425194938dbc21d4b,12/16(土) 20:15
nallabout,All About,捕れたて茹でたてのカニをお腹いっぱい食べても6000円台！ 北陸の絶景＆おいしい“穴場”スポット,https://news.yahoo.co.jp/articles/8aab6dcd012813b80d10f66ace2747bf3159b15b,12/16(土) 19:45
nallabout,All About,2023年の食べ納め「ローソン×GODIVA」コラボスイーツ！ 自分へのプチご褒美にもぴったり,https://news.yahoo.co.jp/articles/73c80bb003ec63f57014e92638d9b062f64b23d0,12/16(土) 12:05
nallabout,All About,メルカリに出品した商品の値下げタイミングはいつがベスト？【メルカリのプロが解説】,https://news.yahoo.co.jp/articles/085aafbd30583ca09cd02311b27bf3db271e42de,12/16(土) 9:30
nallabout,All About,【鉄道博物館】保存中の元“お召列車”専用機にオリエント急行のヘッドマークを装着展示（～12月28日）,https://news.yahoo.co.jp/articles/53858c5cbd8755fc2a1a3e9d65863673dafdd7dd,12/15(金) 22:20
nallabout,All About,「横浜ベイエリア」で“混雑しない”イルミネーションスポット3選！ 夜景を一望できる穴場スポットも,https://news.yahoo.co.jp/articles/23bcffa9ef87a84747afbb64bfa6d40cd4b732eb,12/15(金) 22:10
nallabout,All About,「優秀」だけではNG。職場での居心地を良くしたいなら、「替えのきかない人材」になるべき理由,https://news.yahoo.co.jp/articles/564fd8eb6ffd8e4035f71bd2e12af2d514be0ed3,12/15(金) 21:15
nallabout,All About,掃除機の寿命は何年？ 買い替えを検討するべきサインはある？【家電のプロが解説】,https://news.yahoo.co.jp/articles/266d96b720f31452569400aa473892ca344757cb,12/15(金) 21:05
nallabout,All About,返礼品以外にも活用できる！「ふるさと納税」で飼い主のいない猫を応援するクラウドファンディングも,https://news.yahoo.co.jp/articles/1f67ed6e391b64019832965208075f3eb1b4dfb1,12/15(金) 20:50
nallabout,All About,旅行業界は元に戻らない？ コロナ前後の海外旅行で「変わったこと」と「変わらないこと」,https://news.yahoo.co.jp/articles/57a6eddfdca83451017b300e9f3256fb12226535,12/15(金) 20:25
nallabout,All About,ずるずる続けがちなスマホゲーム。「時間が来たらプレイ終了」させる方法は？【iPhone活用術】,https://news.yahoo.co.jp/articles/8b47298ecd3821f0511faac318b24419391c2bbc,12/15(金) 19:45
nallabout,All About,とろける食感で連日売り切れ！ 横浜で人気の生ドーナツのテイクアウト専門店「UNI DONUTS」がオープン,https://news.yahoo.co.jp/articles/2baa341b86cc6400aba268ee85aafe4da6145424,12/15(金) 18:55
nallabout,All About,会社にクラウドストレージがない場合、機密情報はどう送れば良い？ 【専門家が解説】,https://news.yahoo.co.jp/articles/d95ed16430569a3bcf79962bf9a2841058a9dda5,12/14(木) 21:05
nallabout,All About,逆に電気代が上がる可能性も？ 実は節電にならない暖房NG使用法【家電のプロが解説】,https://news.yahoo.co.jp/articles/c1a4733f7bffaad17a35b0171594cd434b2d5d83,12/14(木) 20:50
nallabout,All About,【iPhone】バッテリー残量が減ったら自動で低電力モードに切り替える方法,https://news.yahoo.co.jp/articles/615a9aa50e20fd53ae9912d801d3a205ba12e238,12/14(木) 20:25
nallabout,All About,幼児レベルから、わずか半年で英語の原書を読むまでに！ 高槻中学高等学校の「多読多聴」な英語授業,https://news.yahoo.co.jp/articles/8f94c5f15bcb0c102c5085ba065f55d24b885308,12/13(水) 22:10
nallabout,All About,「被害金は必ず回収できる」を信じた人の末路、詐欺被害者はなぜ“カモリスト”に掲載されたのか,https://news.yahoo.co.jp/articles/754d1228de9be086af5ed3da4a8a8840919b7994,12/13(水) 21:50
nallabout,All About,パスワード付きZIPファイルは情報漏洩のリスクがある？ 安全なファイル共有方法は？ 【専門家が解説】,https://news.yahoo.co.jp/articles/cf8e7f0dc3c28f775910f37ad60e15bb2ad7fa4d,12/13(水) 21:25
nallabout,All About,隣人がうるさくて眠れない！ もう我慢の限界なんですが「騒音トラブル」にどう対処したらいいですか？,https://news.yahoo.co.jp/articles/2fd6d0beaa48e73dbe419102e03bbb4463710329,12/13(水) 21:15
nallabout,All About,【崎陽軒】お正月に食べたい！ 蟹が白飯にたっぷりのった、冬ならではの「松花堂弁当 ～蟹ごはん～」,https://news.yahoo.co.jp/articles/bd46326f2d359078e336c0e3feaa027a8b88f0cb,12/13(水) 21:05
nallabout,All About,年末年始の体調管理に！ 2023年に大ヒットしたキリン「免疫ケア」シリーズをグルメライターが実食,https://news.yahoo.co.jp/articles/deb66bf6c25c3e4f587de96bfd79b437d2a5e4e1,12/13(水) 20:50
nallabout,All About,子どもに持たせるのに最適！ 10GBの「使い切りSIMカード」のレビュー,https://news.yahoo.co.jp/articles/c0cfaf8c7b94939fad54f506bc092424310b3b3c,12/13(水) 20:25
nallabout,All About,LINEの怪しいグループの正体は？「投資型詐欺」でカモにされる日本人、数百万を失った人も…,https://news.yahoo.co.jp/articles/20a2f8470ea2db3a65c1e7da3a3e58d7b9ddc0d5,12/12(火) 21:50
nallabout,All About,管理職の打診は受けるべき？ 結婚、出産も諦めたくないけど……【専門家が解説】,https://news.yahoo.co.jp/articles/b3bee7133f76eeaa1d0ffdfea59abff7c8e6f479,12/12(火) 21:25
nallabout,All About,高齢猫の飼い主が気にしておきたい「お金」の話！ 食事や生活環境面、健康診断にはいくらかかる？,https://news.yahoo.co.jp/articles/ef20fa555da08964b6379bc802c40a0e07872445,12/12(火) 20:50
nallabout,All About,「寒暖差疲労」には何をすればいい？ 休息のコツとおすすめ家電をパナソニックに聞いた,https://news.yahoo.co.jp/articles/b14155408a15fc83d682356399c680e65c8e3e09,12/12(火) 20:15
nallabout,All About,横浜スタジアムでイルミネーションイベント「ボールパークファンタジア」開催！ テーマは「おもちゃ」,https://news.yahoo.co.jp/articles/356e7236bdc0d56868b614d139f1f676072aed19,12/12(火) 18:30
nallabout,All About,崎陽軒「おべんとう冬」は帆立ごはんが主役！ 「シウマイ」も味わえる、お値打ち価格のお弁当を食リポ,https://news.yahoo.co.jp/articles/b1354e503232de07106e45b265b96d523cdce0b0,12/11(月) 22:10
nallabout,All About,【実録】あの手この手で給料を削ってくる！ 巧みな（？）“とんでも労働条件”スリー,https://news.yahoo.co.jp/articles/b957a073b7b02c4fff7159d9314780c749783270,12/11(月) 21:50
nallabout,All About,年末年始の旅行で穴場はどこ？「年末でも価格が同じ宿」もあるってホント？【専門家が解説】,https://news.yahoo.co.jp/articles/d3a402e4d496d33863413782a9c906f202626b26,12/11(月) 21:45
nallabout,All About,食器洗いはすすぎゼロ、髪を洗うのは「週1でいい」……日本人が絶句するヨーロッパの汚（？）習慣,https://news.yahoo.co.jp/articles/9879940ea31f99d16fdde5da6940283c5fb70393,12/11(月) 21:25
nallabout,All About,高そうなイメージだけど…「ドバイの物価」、実は日本より安いもの・高いもの【2024最新版】,https://news.yahoo.co.jp/articles/177e741202e7ead87f9143e97df7cc95e733bac3,12/11(月) 20:50
nallabout,All About,子どもにiPhoneを貸す前に…設定アプリからすぐできる「セキュリティ対策」のすすめ,https://news.yahoo.co.jp/articles/373d5592b96acbf7baf832e74d290577bbec4525,12/11(月) 19:45
nallabout,All About,iPhoneでChatGPTを使う方法！ プロンプト（質問文）の書き方のコツも紹介【例文あり】,https://news.yahoo.co.jp/articles/490a38e1070ffa853ec0ec5f7affc2d6bfa1c572,12/10(日) 20:50
nallabout,All About,スーパーで発見！ クリスマス菓子をアレンジした「生シュトーレン」はしっとり食感のパウンドケーキ風,https://news.yahoo.co.jp/articles/81c11d7e9498bf86c8103b1c057c01dbeb1eeedf,12/10(日) 20:15
nallabout,All About,旅行先でコロナやインフルエンザを発症したらどうする？ 【専門家が解説】,https://news.yahoo.co.jp/articles/fdb8796a7bb709e8577c02e960cf1aadd45ba054,12/9(土) 21:25
nallabout,All About,【チーズ好き必見】恵比寿に「BAGEL＆BAGEL」と「Kiri」のコラボカフェが常設で誕生！ 早速行ってみた,https://news.yahoo.co.jp/articles/5a983190bee7cbf22836d97c5ee56f05544a997d,12/9(土) 21:05
nallabout,All About,横浜・八景島で圧巻のドローンショー！ 『ウルトラマン』『エヴァ』『鬼滅の刃』…夜空に動くキャラが,https://news.yahoo.co.jp/articles/3b8bb2862042f3d00b5c8241e59acf9fa118d2a5,12/9(土) 20:55
nallabout,All About,【2023年】横浜クリスマスイルミネーション＜横浜駅～みなとみらい～山手＞おすすめ22スポット,https://news.yahoo.co.jp/articles/692f32ff0b3a92d7d74278eee98c5ac62481f0f4,12/9(土) 20:50
nallabout,All About,「逆輸入ラーメン」の超人気店がラー博にカムバック！ 最新版「無垢ラーメン」の味とは？,https://news.yahoo.co.jp/articles/d55e8b64116a0cedcc549472708d2a76c184a3be,12/8(金) 22:10
nallabout,All About,LINEのセキュリティーを強化するにはどうすればいいですか？ 【専門家が解説】,https://news.yahoo.co.jp/articles/da8922d660e930a5697e0b82b3dd4ff1d646fd56,12/8(金) 21:45
nallabout,All About,「雨の日は濡れたまま旗を…」冷え込む朝の「旗当番」が大変すぎる問題。埼玉県在住・3児の母が抱える葛藤,https://news.yahoo.co.jp/articles/92f9e71171ce01d1bf5e169c93499e23c3ecf8da,12/8(金) 21:25
nallabout,All About,レトロなローカル列車から眺める日向灘の絶景！ 九州南東部を走る、風光明媚な「JR日南線」の旅,https://news.yahoo.co.jp/articles/7f97f8bedd074c8d47ad58d2e52cdf734a2d454f,12/8(金) 21:15
nallabout,All About,手頃な価格の折りたたみスマホ「motorola razr 40」、操作性は？ ソフトバンク版は12月8日発売,https://news.yahoo.co.jp/articles/341483ec37179709385c2475ac21c6ff8f84ce90,12/8(金) 20:45
nallabout,All About,【元社員が選ぶ】無印で「2023年買ってよかった」食品3選！ 年末年始用にストック買い必須!?,https://news.yahoo.co.jp/articles/4a36ef226e7944b09ccf64e03772e4763e934ee1,12/8(金) 20:15
nallabout,All About,世界初の“固体電池”ポータブル電源！「B2000 SST」 は災害時の給電＆EV充電におすすめ,https://news.yahoo.co.jp/articles/59ceb0a4fb014893315db842f8c1c1d366c9c364,12/8(金) 19:45
nallabout,All About,麻布台ヒルズ、虎ノ門ヒルズetc…東京に新オープンした“4大スポット”の「クリスマス2023」にうっとり,https://news.yahoo.co.jp/articles/0bd1c1fc4a5bf9a467cb8001d973ad229f9c4e1d,12/7(木) 21:45
nallabout,All About,「ONU」と「ルーター」は何が違うの？ 実際どのように接続されている？ 【専門家が解説】,https://news.yahoo.co.jp/articles/0f7d1f7974129954aff05565649d492759c49ac1,12/7(木) 21:25
nallabout,All About,【元社員が選ぶ】無印で「2023年買ってよかった」家電3選！ 手頃なサーキュレーターから白物家電まで!?,https://news.yahoo.co.jp/articles/ab42a01891d4eb23a5886dd254ecbbf4bb46dec1,12/7(木) 21:05
nallabout,All About,東京・ラグジュアリーホテルの「クリスマスプラン」がますます豪華に！ 驚きの中身と金額は…？,https://news.yahoo.co.jp/articles/847cf7db41f6a906eef52a8035e5fe38c18a8949,12/7(木) 20:45
nallabout,All About,iPhoneを「MacのWebカメラ」として利用するには？ 設定方法を画像つきで解説,https://news.yahoo.co.jp/articles/18b1fdc4c852d97644dc3357e47eb3568977e859,12/7(木) 20:25
nallabout,All About,ホテルが満室でも予約が取れる方法はある？ キャンセルが出るタイミングは？ 【専門家が解説】,https://news.yahoo.co.jp/articles/44b017fc68c713d9a3e4ed44370229c6c1cd66f3,12/6(水) 21:45
nallabout,All About,アプリで急な雨に備えよう！ 豊富な情報と使いやすいデザインが魅力の「Yahoo!天気」活用術,https://news.yahoo.co.jp/articles/8e0e382515803ead13ff790c1631853db2db5c91,12/6(水) 21:15
nallabout,All About,横浜の実物大“動くガンダム”が『ガンダムSEED』と冬季特別演出でコラボ！ バラードver.は胸キュン,https://news.yahoo.co.jp/articles/8e3a011b5ca351f0ea5074b8dd38b9351a288d65,12/6(水) 21:05
nallabout,All About,バッテリー寿命は最大500日＆防水にも対応！ Galaxyの紛失防止タグ「SmartTag2」,https://news.yahoo.co.jp/articles/a0670d9c945da23890e06b76cab157706fd0f8ae,12/6(水) 20:15
nallabout,All About,メルカリの取引で悪い評価をつけられた！ 相手に文句を言ってもいい？【メルカリのプロが解説】,https://news.yahoo.co.jp/articles/dc63b9a0e82e72d3dbd2c99235a64f25bae37f56,12/6(水) 12:40
nallabout,All About,毎年人気の「アートリンク」が横浜赤レンガ倉庫に出現！ 今年のアートは指で描いた女の子たちが躍動,https://news.yahoo.co.jp/articles/4f356c0c2b8eb4cf4414c3765435c92737823d25,12/5(火) 22:10
nallabout,All About,海外で人気のスマホグリップ「Popsockets」に「MagSafe対応アイテム」が登場！ 気になる使い心地は？,https://news.yahoo.co.jp/articles/672cd3c67e11e97165037452fbe9313c92d41724,12/5(火) 21:50
nallabout,All About,「男女の年収格差」ってどのくらいあるの？ 年収格差が少ない職種とは？ 【専門家が解説】,https://news.yahoo.co.jp/articles/e0d374b19b6daa69ee0db8b6010111a06be83d9c,12/5(火) 21:45
nallabout,All About,iPhoneのカメラで撮影した動画を「スロー」や「タイムラプス」に編集する方法,https://news.yahoo.co.jp/articles/ac96c1812dc9a9b51ebee7ce805380b2d3c582af,12/5(火) 21:15
nallabout,All About,メルカリで月収30万円は稼げる？ 生計を立てることは可能？ 【メルカリのプロが解説】,https://news.yahoo.co.jp/articles/a41b355956beb7b03e112d5a752df5b448e0c8c2,12/5(火) 7:50
nallabout,All About,2023年に横浜に新開業した「デートスポット」ランキング！ 2位「ザ・ワーフハウス 山下公園」、1位は？,https://news.yahoo.co.jp/articles/63ca166b61a2fa5f2dee8e7a4a79295ce9ffc02d,12/4(月) 22:10
nallabout,All About,ディズニー・クリスマスの注目はデコレーション！ クリスマスの妖精“リルリンリン”はどこにいる？,https://news.yahoo.co.jp/articles/b5798a69bef8aa9b9247978af19e383becc7a9ee,12/4(月) 21:50
nallabout,All About,年末年始の旅行は「ツアー」「個別手配」どちらがおすすめ？ お得なのは？【専門家が解説】,https://news.yahoo.co.jp/articles/25883a11ba9d139d3c328a9620281c82107196c1,12/4(月) 21:25
nallabout,All About,冬にうれしいあったかグルメ！ 新宿中村屋の「冷凍ドリア＆グラタン」は本格派のおいしさ【実食レポ】,https://news.yahoo.co.jp/articles/30e319a72ee31620aa82c214a48f5366f7658e52,12/4(月) 21:15
nallabout,All About,こんなカラフルな山下公園、見たことない！ 「イルミーヌ・ヨコハマ2023」は圧巻のイルミネーション,https://news.yahoo.co.jp/articles/0c552f1af67ebcfa54904a7ca625c6157c1e9b8c,12/4(月) 20:15
nallabout,All About,“遊園地王”が選ぶUSJ「NO LIMIT！ クリスマス 2023」フード＆グッズのおすすめベスト5,https://news.yahoo.co.jp/articles/35d7382c9cb1146e6a4bcb560ea8a1d8d9b19534,12/4(月) 20:15
nallabout,All About,【横浜】2023年新オープンの「行ってみたいスポット」ランキング！ 2位「Kアリーナ横浜」、1位は？,https://news.yahoo.co.jp/articles/39388fe462a17b59fc70cda4eda7c2a5a5831a96,12/4(月) 14:30
nallabout,All About,年末年始の旅行に「全国旅行支援」が使えるところはある？ 地域独自のキャンペーンも【専門家が解説】,https://news.yahoo.co.jp/articles/d03dc82121a2dd2f470784fd2075fb674e21cf73,12/3(日) 21:25
nallabout,All About,エアコン節電テクニックも伝授！ 快適と節電を両立した最新家電についてパナソニックに聞いた,https://news.yahoo.co.jp/articles/511edabe9576c8cc59b294c960905904904d1595,12/2(土) 21:50
nallabout,All About,睡眠時のエアコンは「つけっぱなし」と「小まめに消す」のでどちらが節電？【家電の専門家が解説】,https://news.yahoo.co.jp/articles/540d44edda15b5aad68279e472d062eaa468da21,12/2(土) 21:25
nallabout,All About,メルカリ出品者が押さえておきたい「アピール機能」とは？ 使い方と注意点を分かりやすく解説,https://news.yahoo.co.jp/articles/a37fd8f132883227a1f1d8ef8fc5ab620752e1d8,12/2(土) 21:15
nallabout,All About,「Wi-Fi 6」と「Wi-Fi 5」は何が違う？ 導入するメリットは？ 【専門家が解説】,https://news.yahoo.co.jp/articles/702fffafabcf8efdd8a3898c667344b60a5017f3,12/1(金) 21:25
nallabout,All About,日本一のイルミネーション！ ハウステンボス「光の街のクリスマス」を楽しむ5つのポイント,https://news.yahoo.co.jp/articles/3ed9add3219de111a5117ad7cff1c54259e5b0f5,12/1(金) 21:15
nallabout,All About,プロ直伝！ iPhoneで紅葉を美しく撮影するテクニックを解説,https://news.yahoo.co.jp/articles/5f1d014e60e707148f3e3524d1926d25d1c1532c,12/1(金) 20:45
nallabout,All About,これで3度目？ 「LINE情報流出」問題を時系列順に振り返る。日本人にとっての「重大なリスク」とは何か,https://news.yahoo.co.jp/articles/3b5ece67560a55c387e124dbe090ae5be8d0bbae,12/1(金) 20:35
nallabout,All About,無印良品限定「横浜銘菓」が再販！ 神奈川37店舗＋オンラインでしか買えないスイーツを実べてみた,https://news.yahoo.co.jp/articles/b84dff774cb28951593aad2a8673172891db4ed5,11/30(木) 22:10
nallabout,All About,「完乗」に認定機関やルールはあるのか？ 鉄道ファンの憧れ、「全線完乗」のトリセツ,https://news.yahoo.co.jp/articles/e6f45435d0ef14f48c5e9cfc1fb5f07477cea6a1,11/30(木) 21:50
nallabout,All About,「義務教育は無償」なはずでは？ 保護者から徴収したPTA会費で「学校に物品寄贈」の問題点,https://news.yahoo.co.jp/articles/a33aca49984eeedaafad4cc5f716e05a7d3a2516,11/30(木) 21:45
nallabout,All About,外出時の暖房は「つけっぱなし」と「小まめに消す」のでどちらが省エネ？【家電の専門家が解説】,https://news.yahoo.co.jp/articles/b07dd30571b73e9f9f795e2e3aaa746673ef2076,11/30(木) 21:25
nallabout,All About,メルカリの「値下げ」は自動化できる！ 毎日100円ずつ価格を下げる「自動価格調整」の使い方,https://news.yahoo.co.jp/articles/2f02491caae428c44ba6cd22f6dea376b6c7f242,11/30(木) 21:15
nallabout,All About,「紙の表」をExcelに取り込みたい…iPhoneのカメラを使ったスキャン方法を解説！,https://news.yahoo.co.jp/articles/accd727b81013355f9610cc9ba57e98e74215915,11/30(木) 20:45
nallabout,All About,人気すぎて連日行列の鎌倉銘菓「クルミッ子」、いつどこで買える？ 横浜駅エリアの入荷状況を調査した,https://news.yahoo.co.jp/articles/08e51291d8f5684797e9a59ffab1663c778b90f1,11/30(木) 18:30
nallabout,All About,【崎陽軒】クリスマスカラーの「シウマイ」がゴロゴロ出てくる！ 予約でしか買えない「巨大シウマイ」,https://news.yahoo.co.jp/articles/c4e3a2898758e6366eb494e33e7d49fcf3cab94c,11/29(水) 22:10
nallabout,All About,2023年8月末開業「BRTひこぼしライン」乗車リポ！ 列車からバスに対面で乗り換え、線路跡の専用道へ,https://news.yahoo.co.jp/articles/73a25f2d950a158a9381bdcb86279be892bc9ee1,11/29(水) 21:25
nallabout,All About,ヒトを恐れない「危険なクマ」を増やす可能性も…身近なレジャーに潜む無意識のNG行為,https://news.yahoo.co.jp/articles/42982446cd17438da8a36961c2807ee3c80b9ba1,11/29(水) 21:15
nallabout,All About,暖房は何度設定にするのが省エネ？ 湿度によって「快適さ」が変わる？【家電の専門家が解説】,https://news.yahoo.co.jp/articles/c127d484c49129f77119eca82ddbf0eb904d1648,11/29(水) 21:05
nallabout,All About,メルカリで商品写真が「20枚まで」載せられるようになった！ 出品者にとってのメリットは？,https://news.yahoo.co.jp/articles/fc45c0b5fa37cc7ce7624d7263dab604f198a8f9,11/29(水) 20:45
nallabout,All About,iPhoneに交通系ICカードを登録する方法とは？ 利用手順も分かりやすく解説,https://news.yahoo.co.jp/articles/d3bfe370288a5f66827a77cb30b20a6f8bc2d450,11/29(水) 20:25
nallabout,All About,色や光で街全体が躍動！ 横浜ベイエリアが一斉に輝くイルミネーションショー「ヨルノヨ」始まる,https://news.yahoo.co.jp/articles/c261fdb5f5dfc7089cf660f0c4bdeac21abc567f,11/29(水) 20:15
nallabout,All About,「業務上横領」って何ですか？ 会社のペンや付せんを自宅に持ち帰って使うのはNG？【弁護士が解説】,https://news.yahoo.co.jp/articles/73979425e4229bed0be25b556dffc2b02e72dbd8,11/28(火) 21:15
nallabout,All About,横浜赤レンガ倉庫「クリスマスマーケット」2023年は過去最大規模に！ 見どころをリポート,https://news.yahoo.co.jp/articles/9d7854af44e6450100af97a020565b6637e30b3e,11/28(火) 20:15
nallabout,All About,グリーン車の利用価値は上がる？ 東海道新幹線で「モバイルオーダーサービス」を使ってみた,https://news.yahoo.co.jp/articles/939d568880e08d685b680aa7eeee17586fa949a7,11/28(火) 18:30
nallabout,All About,“糸引きマフィン”騒動に学ぶ、個人商店が問題を起こしたときに「絶対やってはいけない」こと,https://news.yahoo.co.jp/articles/bb0b292eff99a42f62f46aed076240db6ca64d55,11/27(月) 22:05
nallabout,All About,人気の冷凍和菓子！ 井村屋「チョコクリーム大福」はレンチン10秒→アイスのように食べてもおいしい,https://news.yahoo.co.jp/articles/9879227c00634d74d8bd6450f47828e7b10446ac,11/27(月) 21:50
nallabout,All About,崎陽軒から「トマトチーズまん」が登場！トマトソースに彩り野菜とチーズがゴロゴロ【実食レポ】,https://news.yahoo.co.jp/articles/fe333791c4cd1e504229c7a2934119797e444471,11/27(月) 20:15
nallabout,All About,冷房と比べて暖房の電気代が高くなりがちなのはなぜ？【家電の専門家が解説】,https://news.yahoo.co.jp/articles/ab98d25a495eb302a2d853445ccb412d471efdbb,11/26(日) 21:25
nallabout,All About,暖房費用を節約するには、エアコンとヒーター、電気ストーブどれが良い？ 【家電の専門家が解説】,https://news.yahoo.co.jp/articles/6d75cc93e04aaa4c3cf783d7581dae02f61f9815,11/25(土) 21:25
nallabout,All About,JTの新しい加熱式たばこ「Ploom X ADVANCED」は何が違う？ 3つの進化ポイントとは,https://news.yahoo.co.jp/articles/f3fe5d1f05d541e048ec442d61df2326eff8500a,11/25(土) 21:15
nallabout,All About,パン好きならぜひ食べてみて！ 新名所「麻布台ヒルズ」で注目のパン5選【11月24日開業】,https://news.yahoo.co.jp/articles/5162fca3e4cfb03d23751e458e0cafee764bc878,11/25(土) 9:05
nallabout,All About,置き方によって効果が低下、カビの原因にも…加湿器で「やってはいけない」NG使用法とは,https://news.yahoo.co.jp/articles/d006cba7187d592aab501d3320825d8c2721e41f,11/24(金) 21:50
nallabout,All About,横浜元町発祥「ポンパドウル」が創業祭！ 人気定番パン5品が感謝価格に＆パン柄タオルハンカチも発売,https://news.yahoo.co.jp/articles/4127d052f82af25c13281c0f0640d6f6a41d5b85,11/24(金) 21:45
nallabout,All About,3分で分かる！ “日本一のビル”もある大スケールの街「麻布台ヒルズ」の歩き方【11月24日開業】,https://news.yahoo.co.jp/articles/40b9009a550b595c9e47d5cb0bbe2f01cf859e80,11/24(金) 21:15
nallabout,All About,誕生日ケーキに顔を突っ込む!? 電気・水道トラブルは日常茶飯事…「メキシコ」に移住して驚いたこと,https://news.yahoo.co.jp/articles/b38382a0a2b15bc4f6d8508446f037c209172268,11/23(木) 21:50
nallabout,All About,【鯖江市西山動物園】人気のレッサーパンダは何が大好物なの？ 動物園の飼育担当に聞いてみた,https://news.yahoo.co.jp/articles/a80c4fe55b54e6c4793b9aabf4c57a6b9812ade8,11/23(木) 21:15
nallabout,All About,日本人が「韓国」に移住して驚いたこと5選！ 肝が冷える爆速の乗り物、意外なキッチンツールが大活躍,https://news.yahoo.co.jp/articles/8bd703e8977b642d54343137aa4d950f2f6ac4a8,11/22(水) 21:50
nallabout,All About,銀座・並木通りのホテルでゆっくりランチ。子連れに優しい「休日ランチブッフェ」発見！,https://news.yahoo.co.jp/articles/da1b274c2f65ac69d69a68d07bb422878ef0e0f7,11/22(水) 21:25
nallabout,All About,「入場料無料で動物園を運営するのは大変では？」鯖江市西山動物園にFPが聞いてみた→心温まる回答が,https://news.yahoo.co.jp/articles/9b64aec183a7390a3084ac24c82bf2e894e05fbb,11/22(水) 20:50
nallabout,All About,iPhoneのカメラで月をキレイに撮る方法！ アプリを使った撮影手順をわかりやすく解説,https://news.yahoo.co.jp/articles/0d39a6be84e2dbafe629633a292807a0189c153f,11/22(水) 20:25
nallabout,All About,朝は“コーヒーだけ”が多い「ギリシャの朝ごはん」事情、実はチーズパイや濃厚ヨーグルトもおいしい,https://news.yahoo.co.jp/articles/305c123dec5680f9860ddc0299091c8511730c71,11/22(水) 7:15
nallabout,All About,小売・飲食業で「スタッフの髪型、ヘアカラー自由化」が相次ぐ中で“懸念点”がないとは言えないワケ,https://news.yahoo.co.jp/articles/49d2b7c67d53b2a1661e9b22f249fbbd63fe667d,11/21(火) 21:50
nallabout,All About,20代で転職は早すぎる？ 気を付けるべき“3つのポイント”とは【転職のプロが解説】,https://news.yahoo.co.jp/articles/eb5d2e7053bf8c61a0b74af37a4f080d592b36aa,11/21(火) 21:25
nallabout,All About,葬儀にジーンズで参列、お墓の前で歌って飲んで団らん。メキシコ首都在住の日本人が見た「葬式事情」,https://news.yahoo.co.jp/articles/94051e8a31d28da0d627a55332efd051c49dccaf,11/21(火) 21:15
