media_en,media_jp,title_articles,link_articles,date_original
marisol,Marisol,年末年始イベントに着たい！40代に似合う「華見えワンピース」,https://news.yahoo.co.jp/articles/c12598eebb59c968e304d0f38f96288d4a603943,12/25(月) 8:40
marisol,Marisol,“もみの木”コーデ＆あえてのノーアクセでデコレーション待ち【40代明日のコーデ】,https://news.yahoo.co.jp/articles/9e6c599d379966ba449dd86ebc920d86ccbf37e5,12/25(月) 8:30
marisol,Marisol,【40代のショートヘア月間ランキングTOP5】ハンサムからフェミニンまで,https://news.yahoo.co.jp/articles/e6b8475744cd3f393a6161ff469a4e8db5661107,12/25(月) 8:10
marisol,Marisol,フェミニンなジレからお気楽デニムまで【40代の1週間コーデ】,https://news.yahoo.co.jp/articles/336707700b79ca8162c63c322376a4cdb2c182e1,12/25(月) 8:01
marisol,Marisol,食卓に並べて自由に使い分け「ぽん酢Barのススメ」【40代お家ごはん】,https://news.yahoo.co.jp/articles/6d92cee6717a340b6ddf8f3a6edb4d0eb5e8dd69,12/23(土) 22:30
marisol,Marisol,冬の買い足し服はユニクロで！春まで使えるメンズニット【40代おしゃれコスパ論】,https://news.yahoo.co.jp/articles/a9886e1bc28f46366ad0d39210dc229a3ac191c1,12/23(土) 22:00
marisol,Marisol,講習会のあとに女友達とお茶。気楽なデニムコーデで【40代明日のコーデ】,https://news.yahoo.co.jp/articles/2a723fb932171e314cfa66408418362fd9ec131b,12/23(土) 21:30
marisol,Marisol,男性に誘われて夕食へ。ふわもこジレで可愛らしく【40代明日のコーデ】,https://news.yahoo.co.jp/articles/11863c691cd36021a776105dd17b930734be2e62,12/23(土) 12:07
marisol,Marisol,【おしゃれプロはどう着てる？】コート・ワンピ・ニット、冬の着こなし,https://news.yahoo.co.jp/articles/6e72f55711328a093b39696db2a54bbbc92df0b4,12/22(金) 22:01
marisol,Marisol,姪のヴァイオリンの発表会。裏方として華やか黒コーデで【40代明日のコーデ】,https://news.yahoo.co.jp/articles/4e991dd81a1cad998d1a8cf6072c3e6152ecbcee,12/22(金) 21:30
marisol,Marisol,40代の冬コーデを格上げ！トレンドあったか冬小物,https://news.yahoo.co.jp/articles/6d33258b27914bef262476d86466f0fd47a67824,12/22(金) 19:02
marisol,Marisol,意気投合してランチへ。シックな雰囲気のワンピで【40代明日のコーデ】,https://news.yahoo.co.jp/articles/4fbe998e308c2a5e4d1bf255e0628b1cc3ea7dfd,12/22(金) 18:31
marisol,Marisol,40代、“生まれつき美しいまぶた”の持ち主になれる!? 名品「アイシャドーペン」,https://news.yahoo.co.jp/articles/62d3363aac42e18d7c7d1eb51d564837274476d4,12/22(金) 18:00
marisol,Marisol,ふわもこポケットで癒されて【40代明日のコーデ】,https://news.yahoo.co.jp/articles/41ab46d4cc68c82e69d226f9cfac9b27bad83b3b,12/22(金) 15:11
marisol,Marisol,拒否感が強い人ほど実はハマりやすい!? クセ強シューズ「タビ」の魅力,https://news.yahoo.co.jp/articles/25e025f376bb4acf795501c80c8ab73292bf9ec5,12/18(月) 22:00
marisol,Marisol,世代の違うリアルな声を聞いて事業の参考に【40代明日のコーデ】,https://news.yahoo.co.jp/articles/a84433dd61b0e7e8073349f1cdf5e53971a2c058,12/18(月) 21:30
marisol,Marisol,【40代カジュアルコートコーデ】フェミニンなアイテム選びでヘルシーに女っぽく！,https://news.yahoo.co.jp/articles/4a7bf68dc14439c9e006ee523d47aa16058a5c19,12/17(日) 22:00
marisol,Marisol,写真を撮る日はレフ板効果のある白ジャケットで【40代明日のコーデ】,https://news.yahoo.co.jp/articles/474ea73de15fd00e0fdad60521ed395ee069adfd,12/17(日) 21:30
marisol,Marisol,ツヤ感は大人ヘアに必須！【40代のためのロングヘア月間ランキングTOP5】,https://news.yahoo.co.jp/articles/76a78e8bf5a9bd80d56c6d56dece0eaad5e1becf,12/17(日) 21:02
marisol,Marisol,レディなジャケットからフェミニンジレまで【40代の1週間コーデ】,https://news.yahoo.co.jp/articles/c5bb902e561f34071c39201d1a8e3a3d7014609e,12/17(日) 20:30
marisol,Marisol,この冬は寝具を一新！がんばった1日を癒す「ふわふわ」な組み合わせ,https://news.yahoo.co.jp/articles/8518c7d23e90d216db3a0f269e15f67e8c831570,12/16(土) 22:30
marisol,Marisol,イベントシーズンの12月！大人が華やぐ冬の「ピンク」【40代おしゃれコスパ論】,https://news.yahoo.co.jp/articles/55274b54a07aca9015e23517bf1af5772736c2fa,12/16(土) 22:00
marisol,Marisol,旬のポンチョ＆歩きやすいブーツでお散歩へ【40代明日のコーデ】,https://news.yahoo.co.jp/articles/10a196cd1a09308a2a03fea31e30a2bbf0f17701,12/16(土) 21:30
marisol,Marisol,きれいめコートはトレンドを受け止める救世主！【40代コートコーデ】,https://news.yahoo.co.jp/articles/5de678e17a3c9653725dd421960b499460e9ddd6,12/15(金) 22:00
marisol,Marisol,社長の仕事の極意を盗み見で習得。シックなモノトーンコーデで【40代明日のコーデ】,https://news.yahoo.co.jp/articles/98346752a5add8773bbba67ce0401e06c7c26645,12/15(金) 21:30
marisol,Marisol,ジャケットにベルトONでスタイルUP！社長の講演会に同行【40代明日のコーデ】,https://news.yahoo.co.jp/articles/c2a6c54676c541219270c2c0bf187f1068be0d77,12/14(木) 21:30
marisol,Marisol,アラフォーが無理なくかわいくなれる！ふわもこアイテム11選,https://news.yahoo.co.jp/articles/c0e5b5f13fb1ec723af4054de0f07d304f46fe51,12/13(水) 22:00
marisol,Marisol,お得意様へのご挨拶回りに同行。膝が隠れるロングスカートで【40代明日のコーデ】,https://news.yahoo.co.jp/articles/33733dc64ab386e52c52bb02c6ed4f49e91362e4,12/13(水) 21:30
marisol,Marisol,温活・美活の「コスパ下着」＆化粧品認定の「寝具」4選【40代きれいになる活】,https://news.yahoo.co.jp/articles/d56e21afb205558c16c06b75bc3597a9392f9bf2,12/12(火) 22:00
marisol,Marisol,焼肉へ行く日はシンプルニット×パンツのカジュアルコーデで【40代明日のコーデ】,https://news.yahoo.co.jp/articles/363a16343b383d4ba0c1ff55547793f3b9d097d4,12/12(火) 21:30
marisol,Marisol,ヨガのティーチャートレーニングの最終日に向けて準備【SHIHO's Flow Life】,https://news.yahoo.co.jp/articles/c418eed107763954eabee8f77e105af11ad615ca,12/11(月) 22:00
marisol,Marisol,リラクシーワンピはジレを重ねてお仕事仕様に【40代明日のコーデ】,https://news.yahoo.co.jp/articles/148ede51c3f17b89355996aa6392f6851b0e3d17,12/11(月) 21:30
marisol,Marisol,人気エディター×信頼ブランドコラボアイテム着こなし【40代ファッション】,https://news.yahoo.co.jp/articles/ceeb687436473e2ca9e079cedc9d1a9ca309f760,12/10(日) 22:00
marisol,Marisol,事業承継する前に社長のカバン持ちとしてお仕事体験【40代明日のコーデ】,https://news.yahoo.co.jp/articles/31c113de502ad4bc79cee1c15bf4fe2101b5215c,12/10(日) 21:30
marisol,Marisol,スタイリッシュ＆モダンな大人のレイヤーボブスタイル【40代のボブヘア】,https://news.yahoo.co.jp/articles/feb5a4401ad17a16ce0358ee1019eedac08ff7b2,12/10(日) 21:01
marisol,Marisol,ふわもこカーディガンから抜け感テーラードジャケットまで【40代の1週間コーデ】,https://news.yahoo.co.jp/articles/47ee17b409d0367237ccbbfc8a9a837cdbcfa332,12/10(日) 20:31
marisol,Marisol,温故知新！温泉の聖地「別府」奇跡のような湯治文化を持ち帰る【40代 国内旅】,https://news.yahoo.co.jp/articles/c7e30d9ede48b5947dc9dea830b12b0c10019a98,12/9(土) 22:30
marisol,Marisol,年末イベントコーデはこれで解決！冬の最強「白」スカート【40代おしゃれコスパ論】,https://news.yahoo.co.jp/articles/fa206b314b926a73936d0d0e1a57691f510fbcc6,12/9(土) 22:00
marisol,Marisol,足もとにシルバーパンプスを合わせて洗練買い物コーデ【40代明日のコーデ】,https://news.yahoo.co.jp/articles/b0d54931b08e1bddeb385d21da2705c87eca679e,12/9(土) 21:30
marisol,Marisol,40代、大人カジュアル派も照れずに着られる「理想のテーラードジャケット」,https://news.yahoo.co.jp/articles/4ae740666da711a2764e2e0d5e735b531566c58c,12/8(金) 22:00
marisol,Marisol,夜景クルーズは冷えないようにふわもこカーデで可愛く防寒【40代明日のコーデ】,https://news.yahoo.co.jp/articles/8bce8e629e2e5d70a42175743ae1a3fe95ca1e82,12/8(金) 21:30
marisol,Marisol,事業承継をすると心に決めて。社長のところへご挨拶【40代明日のコーデ】,https://news.yahoo.co.jp/articles/a0c35b8de51f9d7d92442bb82521d264a2735d2f,12/7(木) 21:30
marisol,Marisol,40代、今っぽカーデの着こなし3選！着映えも着回し力もNo.1【冬トレンド】,https://news.yahoo.co.jp/articles/322122cca364829b7af4365231b55f160c5288b9,12/6(水) 22:00
marisol,Marisol,家族で食事へ。みんなで日頃のお疲れをいたわって【40代明日のコーデ】,https://news.yahoo.co.jp/articles/4201182f652856d96abe767251c1924996232d15,12/6(水) 21:30
marisol,Marisol,40代のきれいに貢献する「おいしいお茶」4選【腸活・温活・リラックス】,https://news.yahoo.co.jp/articles/c20be334b956a0d9f48a947c5d089b8a8521d915,12/5(火) 22:00
marisol,Marisol,手に職をつけられるかもと職業訓練校の説明会へ【40代明日のコーデ】,https://news.yahoo.co.jp/articles/ce7b379ac575d8f86ed3c462d42bdbebf5e92b6b,12/5(火) 21:30
marisol,Marisol,温度調整とおしゃれを同時にかなえる！クセあり巻きもの【40代の冬小物】,https://news.yahoo.co.jp/articles/78dc4060bbaa40428e9364aeb04137d0faf0e148,12/4(月) 22:00
marisol,Marisol,お客さまのお家へ訪問する日は作業しやすいジャンプスーツで【40代明日のコーデ】,https://news.yahoo.co.jp/articles/9ce5905b142b63c06dbc9815fc21ebe82f69d8e7,12/4(月) 21:30
marisol,Marisol,おしゃれプロ×人気ブランドコラボ！着こなしサンプル【40代大人カジュアル】,https://news.yahoo.co.jp/articles/943290f3590577b853acb1ca42ffbec8100691ef,12/3(日) 22:00
marisol,Marisol,ピアノのリサイタルへ。チュールスカートでおめかし【40代明日のコーデ】,https://news.yahoo.co.jp/articles/9d5ea951082c5b40f4cfdaf167b88b86bfc93fb5,12/3(日) 21:30
marisol,Marisol,【40代のためのミディアムヘア月間ランキングTOP5】スタイリングで印象自由自在,https://news.yahoo.co.jp/articles/f378d2fd6055e82b3f2f21588fa571c4994cd9da,12/3(日) 21:02
marisol,Marisol,旬のふわふわカーディガンからフェザー刺繍のブラウスまで【40代の1週間コーデ】,https://news.yahoo.co.jp/articles/d952337c9f6e042cc6e97d6f8af188cc5e2004ed,12/3(日) 20:31
marisol,Marisol,コスパの高いおしゃれ手袋！「3way」で使える【40代の冬小物】,https://news.yahoo.co.jp/articles/cd782177cffb5c2b3fec454d8d8f6298d213d7f7,12/2(土) 22:30
marisol,Marisol,1点だけでセンスUP！冬の「モコモコ」アイテム【40代おしゃれコスパ論】,https://news.yahoo.co.jp/articles/7ac2d38a346d28ea7bf4369739de6d76a2ea6064,12/2(土) 22:00
marisol,Marisol,同窓会に出席する日はきれいめデニムコーデ【40代明日のコーデ】,https://news.yahoo.co.jp/articles/69a36a1bb4ca7ac921031e832c780d4ff447acbb,12/2(土) 21:30
marisol,Marisol,40代、年末のあらゆるシーンに活躍！優秀アイテム「ボウタイブラウス」,https://news.yahoo.co.jp/articles/04d96595606a334d446934ff0a3aa70e805ba7ab,12/1(金) 22:00
marisol,Marisol,熱っぽいので薬局に寄って、おとなしく家で寝ることにする【40代明日のコーデ】,https://news.yahoo.co.jp/articles/5b590fff360f4025f69a5f9f3ada25359e2655ee,12/1(金) 21:30
marisol,Marisol,メガネ君にネックレスのお見立てを頼まれて銀座へ【40代明日のコーデ】,https://news.yahoo.co.jp/articles/9dc6e17c3a4868d4f6476a6da4075d2e911a6efd,11/30(木) 21:30
marisol,Marisol,40代の本気で使える「プチプラ名品」ユニクロ・ZARA・GUで最旬の着こなし,https://news.yahoo.co.jp/articles/8c85b5914db87fb85376bfaab1cd8969380b083d,11/29(水) 22:00
marisol,Marisol,家政婦の仕事のヘルプ。清潔感のあるニットinシャツコーデで【40代明日のコーデ】,https://news.yahoo.co.jp/articles/2aa45545d3941fc951194267b2fee6e6429b5815,11/29(水) 21:30
marisol,Marisol,フランス発のフレグランスブランド旗艦店が東京・蔵前にオープン！,https://news.yahoo.co.jp/articles/b4677b10eb82eac9b25d232c05b71df48a7afd6f,11/28(火) 22:00
marisol,Marisol,首にできたイボイボをとるために、タートルネックで皮膚科へ【40代明日のコーデ】,https://news.yahoo.co.jp/articles/f277c1bc38eeb9346e777a66d178175b976853c0,11/28(火) 21:30
marisol,Marisol,【おしゃれプロお気に入り】毎日着たい！軽くてラクで、こなれて見えるコート,https://news.yahoo.co.jp/articles/8f48d73a05731bbc66d791643fd0603abb3a7658,11/27(月) 22:00
marisol,Marisol,人間ドックには、清潔感を感じさせるラフコーデで【40代明日のコーデ】,https://news.yahoo.co.jp/articles/d1a0e205e9645d50b6b7377c9db6e6d18a319595,11/27(月) 21:30
marisol,Marisol,「バランス悪い？」はこれで解決！40代に似合う「秋冬デニム」選び方,https://news.yahoo.co.jp/articles/89b66c66adf7d0adff01dc27ae1a52cea0b5d76a,11/26(日) 22:00
marisol,Marisol,インテリアショップの面接へ。ジャンプスーツでこなれ感を【40代明日のコーデ】,https://news.yahoo.co.jp/articles/1c87117c930fbce0f7b0da84aa239be9f1c2917c,11/26(日) 21:30
marisol,Marisol,【40代のショートヘア】クセ毛をいかしたフォルムでつくる洗練ショート,https://news.yahoo.co.jp/articles/4af65dc7647a31e217d0b816aac358c9fd129e2b,11/26(日) 21:20
marisol,Marisol,優しい雰囲気のベビーピンクからブルーコーデまで【40代の1週間コーデ】,https://news.yahoo.co.jp/articles/b87802744bf3ccc276573263ad6adbc8a6ca9064,11/26(日) 21:02
marisol,Marisol,秋を堪能！至福のモンブランスイーツ&専門店の和栗食パン【40代の秋グルメ】,https://news.yahoo.co.jp/articles/02fe07f5df3bbddcbeb73517811763ba9a8146f9,11/25(土) 22:30
marisol,Marisol,今の気候にぴったり！40代に似合う「ライトなアウター」13選,https://news.yahoo.co.jp/articles/06aba78d3c5b7e4d98cf2e65d7f31cd36f4049c0,11/25(土) 22:00
marisol,Marisol,母と湘南ドライブ。見晴らしのよいテラス席で優雅なひと時を【40代明日のコーデ】,https://news.yahoo.co.jp/articles/50bed24a68568a4a6c77011c084db6953c7e3b1a,11/25(土) 21:30
marisol,Marisol,公式初来日！話題のライジングスター「リョウンさん」インタビュー【韓国エンタメ】,https://news.yahoo.co.jp/articles/a37136175e3fe66702a7e05891d1471e26af2a58,11/24(金) 22:00
marisol,Marisol,母の様子を見に実家へ。力仕事もできるようにデニムで【40代明日のコーデ】,https://news.yahoo.co.jp/articles/1fd3a260c2fefdb2f5eaf84b4e6fa744e9ce93bc,11/24(金) 21:30
marisol,Marisol,当選金を受け取りに。カーキトレンチで目立たず＆きれいめに【40代明日のコーデ】,https://news.yahoo.co.jp/articles/94b6022c4a4eeb63f6c0162eb2cac2eac58da901,11/23(木) 21:30
marisol,Marisol,ふわもこイエローでハッピー感！家族の愛情で心が満たされる【40代明日のコーデ】,https://news.yahoo.co.jp/articles/b26aa6c8ad627fb1d9456698df4c2da9894076cf,11/23(木) 18:01
marisol,Marisol,さりげなく今っぽくなれる！「グレー」アイテムに夢中【40代トレンドファッション】,https://news.yahoo.co.jp/articles/ebb5ef9a6eb3e7f42e196981df866c32ad30d82e,11/23(木) 13:30
marisol,Marisol,「背中のケア」がぐっと簡単になる！お役立ちアイテム傑作選【40代のボディケア】,https://news.yahoo.co.jp/articles/5dc26eda792e1f37c864f262e7f5eddfd3a783fb,11/23(木) 13:01
marisol,Marisol,妹の家にお泊まり。リラックスできる楽ちんギャザースカートで【40代明日のコーデ】,https://news.yahoo.co.jp/articles/b7f5f5c5972d1a53ab9c020efc0937b9c622067e,11/23(木) 12:50
marisol,Marisol,40代、小柄さんにうれしい！ベストなバランスの「ショート丈アウター」,https://news.yahoo.co.jp/articles/910eede0eff734d3403439930689f9451a90a1dc,11/20(月) 22:00
marisol,Marisol,ボスから相談があると呼びだされた日は柔らかな印象のニットで【40代明日のコーデ】,https://news.yahoo.co.jp/articles/f250ee4e9c6c8bf5f4716e11eb6bb7706d92e3e2,11/20(月) 21:30
marisol,Marisol,1000円台の衝撃的な神コスパ！話題沸騰のスキンケアブランド新作,https://news.yahoo.co.jp/articles/b7e0762872fd61190ab133da56cc1c6dd9a36d45,11/19(日) 22:30
marisol,Marisol,本命ダウンはこれに決めた！投資すべき大人の1着【40代おしゃれコスパ論】,https://news.yahoo.co.jp/articles/3b16444c3fcbbb82d0d0a05290ae1110dea62362,11/19(日) 22:00
marisol,Marisol,年齢の壁を痛感した求職活動。でも諦めない【40代明日のコーデ】,https://news.yahoo.co.jp/articles/4cf0c1b99d2d97cf3785412cb701bf1a96dc7c4f,11/19(日) 21:30
marisol,Marisol,品格と少しのモード感を！【40代のヘアスタイル月間ランキングTOP5】,https://news.yahoo.co.jp/articles/fedaa0eefc30c1d0ae340164cad8fc20f1fc4dfe,11/19(日) 21:10
marisol,Marisol,きれいめジャンプスーツから女性らしいカーキトレンチまで【40代の1週間コーデ】,https://news.yahoo.co.jp/articles/c55b7a939a350cd150f834afec72f2f96becc2ae,11/19(日) 21:02
marisol,Marisol,110円で買えるダイソーの2024年カレンダーが便利！3選【40代のライフスタイル】,https://news.yahoo.co.jp/articles/db82d612e33240f9e072538a6bf0afc545b10bd2,11/18(土) 22:30
marisol,Marisol,40代、大人だって「ふわもこカーデ」に包まれたい！【編集部スタッフの自腹買い】,https://news.yahoo.co.jp/articles/3d57cf27af36e774a2fddcf0321de720ab4a4f71,11/18(土) 22:00
marisol,Marisol,肉体労働した次の日は、マッサージ屋でボディメンテナンス【40代明日のコーデ】,https://news.yahoo.co.jp/articles/d0ca95eb1746118f607508edb571cc64bbb0b6a2,11/18(土) 21:30
marisol,Marisol,プチプラ韓国コスメの名品も！乾燥トラブルを忘れる殿堂入りリップケア【40代美容】,https://news.yahoo.co.jp/articles/3fb7e17869a170fdc2a0c159cde711e79f8303d3,11/17(金) 22:00
marisol,Marisol,作業がしやすいきれいめジャンプスーツでお手伝いへ【40代明日のコーデ】,https://news.yahoo.co.jp/articles/59e91a6817a48985f33b0989ac639a83fbe3f4dd,11/17(金) 21:30
marisol,Marisol,仕事運や発展運を高める！淡いブルートーンコーデ【40代明日のコーデ】,https://news.yahoo.co.jp/articles/c41fcd25eb7375321b57e5b09ac3b6086ffdeb49,11/16(木) 21:30
marisol,Marisol,ボリュームがポイント！秋冬トレンドを完成させるシューズ3選【40代ファッション】,https://news.yahoo.co.jp/articles/2ad8a3b6d4743765aa0ff721337fc3ca3279bf52,11/15(水) 22:30
marisol,Marisol,香りは大人の癒し！「香りを愉しむ」おすすめ2023クリスマスコフレ傑作選,https://news.yahoo.co.jp/articles/9a9d525207c52530254fc2f15ec78fae3a1b5680,11/15(水) 22:00
marisol,Marisol,ぽっこりおなかを隠す！トレンド感あるキャミソールづかい【40代明日のコーデ】,https://news.yahoo.co.jp/articles/65628cce9147e4656b9cf04d76a73a364e288550,11/15(水) 21:30
marisol,Marisol,無職1日目はハローワークへ。何色にも染まれるように白系で【40代明日のコーデ】,https://news.yahoo.co.jp/articles/36035459dd3363f850a7c2c8c758e015262d05da,11/14(火) 23:00
marisol,Marisol,ファッションが楽しい秋！40代カジュアル派のリアルスカートコーデ,https://news.yahoo.co.jp/articles/ada892eeee718d3fb2f6410c1b27b4ff906616fe,11/13(月) 22:00
marisol,Marisol,出社最終日。お世話になったみんなには、お礼の言葉を添えて【40代明日のコーデ】,https://news.yahoo.co.jp/articles/0d02b3e7bc77580461566bd9f505471b0c469298,11/13(月) 21:30
marisol,Marisol,選び方で大きな差！ 地味に見えない、40代のための「黒タックパンツ」,https://news.yahoo.co.jp/articles/4f2231aa45b45cd59667d7a86ef34f4215c8c389,11/13(月) 8:40
marisol,Marisol,会社帰りにプチギフトを買いに銀座へ【40代明日のコーデ】,https://news.yahoo.co.jp/articles/94e55a5b16e065b7047327f8791d1835f741e9b3,11/13(月) 8:30
marisol,Marisol,スタイリングで印象自由自在。黒髪ミディアム【40代のミディアムヘア】,https://news.yahoo.co.jp/articles/a2b25799a16d8fea844d3c82e341a71484db6e04,11/13(月) 8:20
marisol,Marisol,着映え力抜群ジャケットからきれいめジャンプスーツまで【40代の1週間コーデ】,https://news.yahoo.co.jp/articles/3de6b2efb8bdbc03433caa0aa1efa8ae64fae69a,11/13(月) 8:10
marisol,Marisol,働く40代のためのバックパックを「レスポートサック」で発見！,https://news.yahoo.co.jp/articles/c3ba3fea1e57d07d8dca335282ebbadf41f02e37,11/13(月) 8:02
marisol,Marisol,まさかの宝くじ当選！期待していなかった分喜び倍増【40代明日のコーデ】,https://news.yahoo.co.jp/articles/6695f076f97d3272b4f28ac106401bef79c491f7,11/13(月) 0:10
marisol,Marisol,40代小柄さんにピッタリ！デザイン＆クオリティに納得の「ジャケット」,https://news.yahoo.co.jp/articles/39049ea2763cecc191720bcd20a9770ea76dd402,11/13(月) 0:00
marisol,Marisol,「年齢を感じさせない肌」を目指す40代のための美容液＆エステ,https://news.yahoo.co.jp/articles/fcfe0ee00fc21d11c07c5fc7b97e76e40bfd65b1,11/10(金) 22:00
marisol,Marisol,厄祓いをしに行く日はジャケット着用でほんのりフォーマルを【40代明日のコーデ】,https://news.yahoo.co.jp/articles/8c8006ee96a4bca46b3ff8c5520a08bd56fa8b2e,11/10(金) 21:30
marisol,Marisol,どん底気分を味わった翌日は、すっきりVニットでエレガントに【40代明日のコーデ】,https://news.yahoo.co.jp/articles/aac205a0c4a15c0fc8d11bb9902e8426dcc773e2,11/9(木) 21:30
marisol,Marisol,秋から冬まで着倒せる！40代のための「ロングワンピ」＆「テーラードジャケット」,https://news.yahoo.co.jp/articles/076ec5eb4376c3a603b831e63183a3df696b6c63,11/8(水) 22:30
marisol,Marisol,便利すぎるクッションファンデ！40代におすすめ最新＆名品ブランド7選,https://news.yahoo.co.jp/articles/c371e1d5d57e39e3476a909a7c3552a4b1d6527e,11/8(水) 22:00
marisol,Marisol,有休消化のため家でのんびり、のはずが自己嫌悪で落ち込んで【40代明日のコーデ】,https://news.yahoo.co.jp/articles/2c95efb295c490c0b71f72b9e4915bcd934b3a37,11/8(水) 21:30
marisol,Marisol,食事をしようと誘われた日はフェミニンなピンクを肩がけして【40代明日のコーデ】,https://news.yahoo.co.jp/articles/4b126b90d4c3ae0422e7aa2fa4363b72d22c746b,11/7(火) 21:30
marisol,Marisol,40代、季節をまたいで使える「ちょい太ストレートデニム＆Vネックカーディガン」,https://news.yahoo.co.jp/articles/ccc49f1e831492d7d5c53d45cb81744122a7505b,11/6(月) 22:00
marisol,Marisol,甘さのあるドット柄を大人っぽく着こなすためにクールな黒を【40代明日のコーデ】,https://news.yahoo.co.jp/articles/1c337cf4691161d63f84a0510b9003cbecc5e51b,11/6(月) 21:30
marisol,Marisol,冷え性のアラフォーが頼るべきはインナーケア【悩み別 サプリ4選】,https://news.yahoo.co.jp/articles/675826891a310587ff7e3140e7cd2952328e5016,11/5(日) 22:30
marisol,Marisol,40代、「足もと」こそがおしゃれの決め手！目を引く「秋足」の作り方,https://news.yahoo.co.jp/articles/f673f303f148fdbafaf7d6e77e14d86c45f0573a,11/5(日) 22:00
marisol,Marisol,引き継ぎを兼ねた挨拶回りも終盤。ネイビージレで有終の美を【40代明日のコーデ】,https://news.yahoo.co.jp/articles/90f8da022cbd60e07157e1f5544ce4b1cde0e2bd,11/5(日) 21:30
marisol,Marisol,髪のクセやボリュームはパーマで解決【40代のショートヘア】,https://news.yahoo.co.jp/articles/7af945b60eb40e1a18092d70dc84ac0fe9525ffa,11/5(日) 21:20
marisol,Marisol,大人の上質ジレから抜け感Vネックニットまで【40代1週間コーデ】,https://news.yahoo.co.jp/articles/510deb552cb74322a7b0da38517551d6913219aa,11/5(日) 20:50
marisol,Marisol,定番お菓子が「チョコ倍増し」になって続々登場！【40代おやつ時間】,https://news.yahoo.co.jp/articles/3337e9c7cbef6852484a18fd072a2f30bdae741d,11/4(土) 22:30
marisol,Marisol,40代、「シャツワンピ＆チュールスカート」秋から冬まで着回し！,https://news.yahoo.co.jp/articles/14fe3f3144941c0a91c1509cc380f4282755b6ef,11/4(土) 22:00
marisol,Marisol,母の退院手続き。動きやすいTシャツ＆MA-1ジャケットで【40代明日のコーデ】,https://news.yahoo.co.jp/articles/2d4b993c9778f4e4bd2658a6101e2dc54be57d0f,11/4(土) 21:30
marisol,Marisol,季節のめぐりの中で見つけた「しなやかに生きるためのヒント」【40代ライフ】,https://news.yahoo.co.jp/articles/4f3ad2b7dc65b0f1fc8d25354f09035082699d68,11/3(金) 22:00
marisol,Marisol,ひとりで悩んでいるとウジウジしそうなのでテラス席で日光浴【40代明日のコーデ】,https://news.yahoo.co.jp/articles/ab79739535a60ef73214dcd4be0d186f6a542eda,11/3(金) 21:30
marisol,Marisol,顔がむくんだ日はVネック＆引き締めカラーでスッキリと【40代明日のコーデ】,https://news.yahoo.co.jp/articles/91237e840736212aa0a65c8b0fd20ac02e32d599,11/2(木) 21:30
marisol,Marisol,プチプラだけど「きちんと感＆高見え」ユニクロ＆GUで40代お仕事コーデ,https://news.yahoo.co.jp/articles/b0a847929045f917ab858b6ae26c8b6be267ed90,11/1(水) 22:30
marisol,Marisol,パッと美肌に！「40代が頼れるデパコス」4選,https://news.yahoo.co.jp/articles/9cca059c0af55a9fcda484a504408e1a84c4950b,11/1(水) 22:00
marisol,Marisol,流行りのジレをはおり、気合いを入れて！身の振り方を模索【40代明日のコーデ】,https://news.yahoo.co.jp/articles/68b6a2044c661fda5a03e8c0696c1e75625c3773,11/1(水) 21:30
marisol,Marisol,店舗責任者の話がまさかの白紙に！身を清めるために白に頼る【40代明日のコーデ】,https://news.yahoo.co.jp/articles/17e773bd42fae3d547d7c7559e6b70235eab3bc3,10/31(火) 21:30
marisol,Marisol,【40代の長く使えるトレンド服】ボウタイブラウス＆ジャンパースカート,https://news.yahoo.co.jp/articles/58d8e4059639c9a937e5561ba26dc9134f71e087,10/30(月) 22:00
marisol,Marisol,イエローニットとパイソンブーツで一攫千金を狙う！【40代明日のコーデ】,https://news.yahoo.co.jp/articles/d361b481bc9de8f988f89c7c888e20b67798900d,10/30(月) 21:30
marisol,Marisol,無敵の秋冬肌をつくる！新進気鋭の発酵スキンケア【40代美容】,https://news.yahoo.co.jp/articles/2daa2b475ffb0d7eeee69c3fc625fe3c4c739760,10/29(日) 22:30
marisol,Marisol,暑いし寒いし毎日悩む！ そんな時に役立つ「コート未満」の軽アウター【40代秋服】,https://news.yahoo.co.jp/articles/b98f3521cf3a40e8e03592aae729479ede949b42,10/29(日) 22:00
marisol,Marisol,ホテルでモーニング。着映えが狙える花柄スカートで【40代明日のコーデ】,https://news.yahoo.co.jp/articles/c9ad876f6a2803828991b4284b9a9d5e1e50ad01,10/29(日) 21:30
marisol,Marisol,短くてもフェミニンな印象【40代のためのショートヘア月間ランキングTOP5】,https://news.yahoo.co.jp/articles/dec5fc2d6095d6a11121b7d85c08f634b1875c6e,10/29(日) 21:10
marisol,Marisol,シックなボウタイブラウスからシャープなVネックニットまで【40代の1週間コーデ】,https://news.yahoo.co.jp/articles/5604f9bbe22e1bade80b2f3212a180f656a01a79,10/29(日) 21:02
marisol,Marisol,品質はもちろん「見た目も重視」思わずニッコリ、40代愛用のハンドクリーム,https://news.yahoo.co.jp/articles/e4faa5fce2aafd9266d64c6c403549195e1f0f19,10/28(土) 22:30
marisol,Marisol,シェアラウンジでお勉強。キャップは目深にかぶり情報を遮断【40代明日のコーデ】,https://news.yahoo.co.jp/articles/15a4ba710f953a9d2afc7feb1d6865f5523d21f0,10/28(土) 22:00
marisol,Marisol,【40代のお仕事名品】オフの日も着映える！サテンブラウス＆5㎝パンプス,https://news.yahoo.co.jp/articles/8778dc99c95631aa7274c9a0b8443c10e6361f71,10/28(土) 21:30
marisol,Marisol,食欲の秋を満たす東京グルメ。話題のおしゃれレストランへ【40代グルメ】,https://news.yahoo.co.jp/articles/42da8402323a524d2c5ac914ebe6d833ca9e0e8e,10/27(金) 22:00
marisol,Marisol,ライブバーで待ち合わせ。シックなボウタイブラウスで艶っぽく【40代明日のコーデ】,https://news.yahoo.co.jp/articles/f5a7f7f8c615f34381a7a3c379ff82720bbb1d0c,10/27(金) 21:30
marisol,Marisol,同期が送別会を企画してくれて胸熱。小花柄スカートで華やかに【40代明日のコーデ】,https://news.yahoo.co.jp/articles/966a93cf60e43a1ebdc0a685613a0c8bd0630cb3,10/26(木) 21:30
marisol,Marisol,40代、オンもオフも自分らしく！“脱・無難”ジャケット＆ジャンスカ,https://news.yahoo.co.jp/articles/65e39e67c293ed01a7f7fd1c03f5efd548d2dd6a,10/25(水) 22:30
marisol,Marisol,つま先の冷えを一発解消！40代、冬の温活に役立つ「最新あたためグッズ」5選,https://news.yahoo.co.jp/articles/798eeb923ff5d1203b5ccd7093d3439a5797b6de,10/25(水) 22:00
marisol,Marisol,グローバル婚活もありなんじゃないかと気合いを入れてみる【40代明日のコーデ】,https://news.yahoo.co.jp/articles/a1522792fb78da6cd6093507468665b7e023ba1a,10/25(水) 21:30
marisol,Marisol,気になる丸顔は深Vネックのニットで解決！【40代明日のコーデ】,https://news.yahoo.co.jp/articles/5b276c8a935ee1e5adc99382b5631cfaded44749,10/24(火) 21:30
marisol,Marisol,40代に大人気！モコモコ小物、おしゃれバッグ&シューズ,https://news.yahoo.co.jp/articles/aab254794fca371cbe200036375cb3ba3d2ad3fc,10/23(月) 22:00
marisol,Marisol,目が腫れてしまった日は、ボウタイで視線を顔からずらす作戦を【40代明日のコーデ】,https://news.yahoo.co.jp/articles/c33231a64162751030b6044ee5bf24f4af1768bd,10/23(月) 21:30
marisol,Marisol,シミの元を追い出す！ターンオーバーを促す名品コスメ【40代美容】,https://news.yahoo.co.jp/articles/457a217c4a46d5882ea5f9d6d548a50ed71af9da,10/22(日) 22:30
marisol,Marisol,40代、おしゃれに見える「リュック」選び方＆コーデ【40代おしゃれコスパ論】,https://news.yahoo.co.jp/articles/920b48700c5477b01519ae5b5cc36dffe4fc0aae,10/22(日) 22:00
marisol,Marisol,ユニークなニットベストは大きめチョイスが正解【40代明日のコーデ】,https://news.yahoo.co.jp/articles/44a967857fbff7ade52270e1cf8280b9bc4cdb93,10/22(日) 21:31
marisol,Marisol,【40代のショートボブ】首もとすっきり、小顔効果も期待！,https://news.yahoo.co.jp/articles/82aad0221f50e427949d729a6cc401b0a77c2d53,10/22(日) 21:20
marisol,Marisol,休日の都会的コーデから大人のピンク花柄まで【40代の1週間コーデ】,https://news.yahoo.co.jp/articles/74ba864671034de39cf39e9318abeb7dc6fee6c0,10/22(日) 21:01
marisol,Marisol,【40代 ヌン活】フラっと空いた時間に、おひとりさまで。お気に入りスポット,https://news.yahoo.co.jp/articles/7399a468bdd71db5b83bca62b3a68040d31e4718,10/21(土) 22:30
marisol,Marisol,40代に人気のおしゃれプロが選んだ「絶対使える!」最旬アイテム7選,https://news.yahoo.co.jp/articles/5895cb83331aa1c38e20bbb9ef37971fc7c7b556,10/21(土) 22:00
marisol,Marisol,目の保養にと誘われたプロレスラーのサイン会はワイドデニムで【40代明日のコーデ】,https://news.yahoo.co.jp/articles/01afef5871e39088f6090f22bb96dc5d788f67d6,10/21(土) 21:30
marisol,Marisol,「両手が使えるエコバッグ」使ってみると目からウロコ！【40代コスパ小物】,https://news.yahoo.co.jp/articles/171ec0126820586c65bff341ce1e9de70e9d84c6,10/20(金) 22:00
marisol,Marisol,高濃度ビタミンCを注射してもらうためクリニックへ【40代明日のコーデ】,https://news.yahoo.co.jp/articles/efa14623834d41e172aa695b0794cbebd42f9e38,10/20(金) 21:30
marisol,Marisol,引き継ぎなかなか終わらず。有休消化できずに退社の予感【40代明日のコーデ】,https://news.yahoo.co.jp/articles/a8c7dd400e7db016dfb6a06a7480da9d6cb94794,10/19(木) 21:30
marisol,Marisol,40代、秋のしゃれ見えモノトーンコーデの作り方「女っぷりアイテム1点投入！」,https://news.yahoo.co.jp/articles/9d4bdd8cee2e6ada1ea51e1ffc25ee66f52853f9,10/18(水) 22:30
marisol,Marisol,ブレイクの予感「ビオセボン」で買えるオーガニックコスメ【40代美容】,https://news.yahoo.co.jp/articles/80f1ab5498232e38079b9e6e98bb12f1d238bfc9,10/18(水) 22:00
marisol,Marisol,退社までのカウントダウン！ピンクのニットで気分をあげて【40代明日のコーデ】,https://news.yahoo.co.jp/articles/02d91e0960262dd35be29a8e817392b895b060a7,10/18(水) 21:30
marisol,Marisol,仕事の引き継ぎで挨拶回り。歩きやすいフラットブーツで【40代明日のコーデ】,https://news.yahoo.co.jp/articles/c9618703749b07f362c53b089bc3fee6330efc76,10/17(火) 21:30
marisol,Marisol,【40代 最旬秋コーデ5】大人気エディターコラボ服着こなし,https://news.yahoo.co.jp/articles/c27e6264bc063ba9c725dd8f7afc2be816ec435b,10/16(月) 22:00
marisol,Marisol,ペプラム効果でぽっこりおなかもカバーして【40代明日のコーデ】,https://news.yahoo.co.jp/articles/548c16b2798bc9ec14b5fe26dd825647a4dbb249,10/16(月) 21:30
marisol,Marisol,着るだけで女優級！絶対に欲しいトレンチコート【40代おしゃれコスパ論】,https://news.yahoo.co.jp/articles/a2184ac82a01603d5717ee480b7441f391dc1c1e,10/15(日) 22:00
marisol,Marisol,業務に没頭。無の境地に至るためベーシックカラーで【40代明日のコーデ】,https://news.yahoo.co.jp/articles/ea60c782bf3c76bd5c8337f10c83b23a817df384,10/15(日) 21:30
marisol,Marisol,抜け感のあるゆるやかな丸みを楽しむ【40代のロングヘア月間ランキングTOP5】,https://news.yahoo.co.jp/articles/9d8f1da217265862493c990471fbb194a9442bba,10/15(日) 21:10
marisol,Marisol,カジュアルなサテンパンツからきれいめデニムまで【40代の1週間コーデ】,https://news.yahoo.co.jp/articles/05c489ae66d35b4a7f16343fcddba9e7b45478bf,10/15(日) 20:50
marisol,Marisol,アラフォーが選ぶ、おしゃれで美味しい！話題の朝食4選【40代朝活】,https://news.yahoo.co.jp/articles/7594360d4ad9c88bae28a9465baeb1ad1b558a28,10/14(土) 22:30
marisol,Marisol,通勤に、旅行に、ママバッグとして。サスティナブルなバッグが活躍！,https://news.yahoo.co.jp/articles/3f8f932c14b5009910a6e94f10535742adda540f,10/14(土) 22:00
marisol,Marisol,【40代 一生もの名品】直感を信じて投資した「究極の黒いバッグ」,https://news.yahoo.co.jp/articles/f765ef52e1d05b3b13af5881a54e50938b7b9ae7,10/13(金) 22:00
marisol,Marisol,姪のお誕生日をお祝い！サテン素材でキレイめを意識【40代明日のコーデ】,https://news.yahoo.co.jp/articles/38d895a85b154baa857cf3d48645fbb7feba869a,10/13(金) 21:30
marisol,Marisol,母の代理で宝塚観劇へ。初めての出待ち体験は白グラデコーデで【40代明日のコーデ】,https://news.yahoo.co.jp/articles/41c80e64877cfcc9a51698039e230b2ed5ad5eb7,10/13(金) 0:27
marisol,Marisol,情報通の同期にふるさと納税について教えてもらうためランチへ【40代明日のコーデ】,https://news.yahoo.co.jp/articles/20d916f8d64027d7e6a722340c1b6f88c0f1f4ef,10/12(木) 21:30
marisol,Marisol,“意識の高いアラフォー女性”が注目している「サスティナブルな素材のバッグ」,https://news.yahoo.co.jp/articles/b1f2e199de323ca8c9b7aab35d1890842c8812fc,10/11(水) 22:30
marisol,Marisol,保存＆メモ必須！「アラフォー肌」を助ける3大コスパ・タイパコスメ,https://news.yahoo.co.jp/articles/01eb0377bf09442f8256c9af034bc61dd72d6419,10/11(水) 22:00
marisol,Marisol,会社のロッカーにある私物の山を運び出して【40代明日のコーデ】,https://news.yahoo.co.jp/articles/d2f3e37d050c1fccec8c06ef678e490f57112b52,10/11(水) 21:30
marisol,Marisol,浮かれ気分をグレーで隠して控えめな印象を【40代明日のコーデ】,https://news.yahoo.co.jp/articles/2a5e96353658df30f434f80e21a022852ca270ad,10/10(火) 21:30
marisol,Marisol,秋のおしゃれ始めはこの一本から！40代の「きれいめチノパン」,https://news.yahoo.co.jp/articles/bdb678276134b0670b2c6e24febeb3217b703a1a,10/9(月) 22:00
marisol,Marisol,退職願を提出。意志の強さを首もとのビッグリボンで表現して【40代明日のコーデ】,https://news.yahoo.co.jp/articles/93ed0bccb032ee9f98e96f31bbd32383c58d18c5,10/9(月) 21:30
marisol,Marisol,40代、重ね着センスが上がる「Vネックニット」ラクなのにしっかりきれい見え！,https://news.yahoo.co.jp/articles/ebaabf6b0c64234d2dbe0844244b3cb092b8aa77,10/8(日) 22:00
marisol,Marisol,病院へダッシュ！スーツにもフィットするスニーカーが味方【40代明日のコーデ】,https://news.yahoo.co.jp/articles/f61cace3c2722f6d3eb362ea4123759293cc2ef4,10/8(日) 21:30
marisol,Marisol,しゃれ感と立体感を両立【40代ミディアムヘア人気ランキングTOP5】,https://news.yahoo.co.jp/articles/cbb46d07fd9d21d338333023048e30b6b352c300,10/8(日) 21:20
marisol,Marisol,大人のスクール風コーデからカジュアルジャケットまで【40代の1週間コーデ】,https://news.yahoo.co.jp/articles/9ee471c8147a144e8f6b7f85f8dda40b42752090,10/8(日) 20:50
marisol,Marisol,注目ドラマ『最悪の悪』チ・チャンウク、ウィ・ハジュン、イム・セミ来日インタビュー,https://news.yahoo.co.jp/articles/0e3632ab25077475cef440a03795dca1451c4635,10/7(土) 22:30
marisol,Marisol,40代の目利きが飛びついた！ユニクロ・ZARA・GUの秋アイテム3選,https://news.yahoo.co.jp/articles/0a0f55aebc661eae63882e32335a8386b790b17f,10/7(土) 22:00
marisol,Marisol,母のピンチヒッターでオークションへ。気品のあるワンピで出席【40代明日のコーデ】,https://news.yahoo.co.jp/articles/db5c3f1a1b10fb039115842aacc498fe897f5bae,10/7(土) 21:30
marisol,Marisol,神々しい美しさを誇るジオパーク「隠岐諸島」アイランドホッピング【40代 国内旅】,https://news.yahoo.co.jp/articles/822720faf7235d87f22d201c43aadf2652144a8f,10/6(金) 22:00
marisol,Marisol,テニスルックを意識した爽やかコーデで気分を上げて【40代明日のコーデ】,https://news.yahoo.co.jp/articles/ce85d483679954f4a137d968629a1b8b588c14d3,10/6(金) 21:31
marisol,Marisol,相談を受ける日は、親近感あるコーデで心の距離感を縮めて【40代明日のコーデ】,https://news.yahoo.co.jp/articles/31d18efc65a50dc26be6625e75eb494a3aee3cc4,10/5(木) 21:30
marisol,Marisol,合わせ方によって表情が変わる！名品「トップス＆ワンピ」をアラフォーが着回し,https://news.yahoo.co.jp/articles/9ac99041e5e32e3fa42a539d0d80d12d39f441c9,10/4(水) 22:30
marisol,Marisol,各国で100以上のビューティアワードを受賞！注目ブランド日本初上陸【40代美容】,https://news.yahoo.co.jp/articles/8d8d07bff3aa7a03ebe8297d83c82e4f41164e08,10/4(水) 22:00
marisol,Marisol,トラブル発生！慌てふためかないように気持ちを落ち着かせて【40代明日のコーデ】,https://news.yahoo.co.jp/articles/2ed744169d1255c14493d9cc2968b105fae74231,10/4(水) 21:30
marisol,Marisol,誤解されたらまず誠意を見せて。怒りを静めるお菓子を探しに【40代明日のコーデ】,https://news.yahoo.co.jp/articles/425d9d860187e704f0f7bd41f2538b6878a6b8db,10/3(火) 21:30
marisol,Marisol,小柄さんのための「タックパンツ」大人に似合う赤味ブラウン,https://news.yahoo.co.jp/articles/f72ef8b79fb932bf1e1e9b929d03bb6ea25819c2,10/2(月) 22:00
marisol,Marisol,上司との面談。ノーカラージャケットで礼儀正しく【40代明日のコーデ】,https://news.yahoo.co.jp/articles/bce1beae72262053d43ad55d9ff6d2036b427208,10/2(月) 21:30
marisol,Marisol,筋肉痛になった日は軽いウォーキングで体内の血液をめぐらせて【40代明日のコーデ】,https://news.yahoo.co.jp/articles/648ee7bd9479be9c623f3d513ea710dfa51b5ccf,10/1(日) 21:30
marisol,Marisol,デニム＆キャップのコーデから爽やかなカレッジカーデまで【40代の1週間コーデ】,https://news.yahoo.co.jp/articles/b3ea5ea9f7f604d60dcbdd5e7f4f5d021484ab15,10/1(日) 20:00
marisol,Marisol,【40代 小柄コーデ】長め丈で鮮度アップ！自慢のニットスカート,https://news.yahoo.co.jp/articles/8503cf0f2650dbd9f59fc2dceaa0f200f108f329,10/1(日) 19:00
marisol,Marisol,秋メイクに役立つ40代の「ドラバラコスメ」4選！今月はこれが買い,https://news.yahoo.co.jp/articles/4e190a782cff49626ff89ef5aecd243a90eb7682,9/30(土) 22:30
marisol,Marisol,【40代の失敗しないトレーナー選び方】シンプルだからセンスが出る！,https://news.yahoo.co.jp/articles/fcbd4ec2db790550c25fe2a8f2adb76d3c57e36b,9/30(土) 22:00
marisol,Marisol,秋の味覚きのこ狩りツアーへ参加。旬のマウンテンパーカで【40代明日のコーデ】,https://news.yahoo.co.jp/articles/b6837ce05f748140bfea8a0c584ef0ff0e2196e2,9/30(土) 21:30
marisol,Marisol,40代バイヤー＆スタッフがイチオシ！「まずこれを買う！」きれいめアイテム3選,https://news.yahoo.co.jp/articles/0ae382603346702ca668db84c64ddb8440dd6317,9/29(金) 22:00
marisol,Marisol,週末は美容デー。深爪でも似合うマグネットネイルを【40代明日のコーデ】,https://news.yahoo.co.jp/articles/caf8de2e2f704b4b4d3eb896d74082bafb214f1d,9/29(金) 21:30
marisol,Marisol,シャカパンにはニットツイードをプラスしてクラス感UP【40代明日のコーデ】,https://news.yahoo.co.jp/articles/db1360dd175d210caddefaa29889b30f745b2a12,9/28(木) 21:31
marisol,Marisol,気になる講師のプライベートレッスン！仕事はさっさと片づけて【40代明日のコーデ】,https://news.yahoo.co.jp/articles/be72521aed7849e6bdf0c921c7ea5d3f3c640485,9/27(水) 21:30
marisol,Marisol,「いい人＝どうでもいい人」からの脱却！強気な美人に憧れて【40代明日のコーデ】,https://news.yahoo.co.jp/articles/830ef6e4589836239893c85ba1ec102cb723f3f9,9/26(火) 21:30
marisol,Marisol,「首のシワ、本気で消したい？」予算とスピードで選ぶ、40代のシワケアアイテム4,https://news.yahoo.co.jp/articles/fadeb2290fb53e706b17f319da5b6116792823cc,9/26(火) 20:04
marisol,Marisol,40代、小柄さんに似合う絶妙なサイズ感！秋冬新作カーディガン,https://news.yahoo.co.jp/articles/a8edf3b56fc5ff29d113b7989a0b69a53cfbea6b,9/25(月) 22:00
marisol,Marisol,英語脳を鍛え直したい！英会話スクールへ再入学【40代明日のコーデ】,https://news.yahoo.co.jp/articles/5a07e1e2708b0f25c8569a2c41504a81358b3dd1,9/25(月) 21:30
marisol,Marisol,部下のおかげで社長賞受賞！チーム長の私が表彰されることに【40代明日のコーデ】,https://news.yahoo.co.jp/articles/2d4b05d9f871d13e5152652274460cd42a3c0de9,9/24(日) 21:30
marisol,Marisol,【40代1週間コーデ】ふわりと軽いワンピースからシャカシャカトレパンコーデまで,https://news.yahoo.co.jp/articles/95b8b534e608e740ae8bbfe82a4b28d80f1bb72b,9/24(日) 20:00
marisol,Marisol,きれい色やシアー素材、個性強めのお仕事服【40代のお仕事コーデSNAP】,https://news.yahoo.co.jp/articles/50dd67a91d6e47843a549bbdf7abb13fccadb78b,9/24(日) 19:00
marisol,Marisol,髪にツヤ＆まとまり、たるんだ目もともすっきり!? メリットだらけな「マンタ」,https://news.yahoo.co.jp/articles/96d5bd5fdda436cbd1ad4ef9218483042381756c,9/23(土) 22:30
marisol,Marisol,ラク、きれい、おしゃれ、合わせやすい…1枚にぜんぶ詰まった「本当のコスパ服」,https://news.yahoo.co.jp/articles/80bf45ae743fd2a6fb07d47d0bb14acf11b91467,9/23(土) 22:00
marisol,Marisol,ラグビー観戦！大きめラガーシャツで華奢見えを狙って【40代明日のコーデ】,https://news.yahoo.co.jp/articles/286e9ca670c2d01ba95c71e88ecad4392270e589,9/23(土) 21:30
marisol,Marisol,【40代お仕事コーデSNAP】フェミニンなスカートやワンピで、テンションアップ！,https://news.yahoo.co.jp/articles/e3403c17d309e91de6d940a9114bcdf91b838911,9/22(金) 22:00
marisol,Marisol,神輿の担ぎ手たちの雄姿を拝む。行脚するためスニーカーで【40代明日のコーデ】,https://news.yahoo.co.jp/articles/750858b947c06d140a41390236a4a0d5f1c65d5b,9/22(金) 21:30
marisol,Marisol,お座敷で宴会の日は脱ぎ履きしやすいローファースリッパで【40代明日のコーデ】,https://news.yahoo.co.jp/articles/f748015f4692337d6566048dfa847bc235f1f7df,9/21(木) 21:30
marisol,Marisol,最近ランチ難民になってきたので明日はお弁当を作って【40代明日のコーデ】,https://news.yahoo.co.jp/articles/2f45ae86fc56ca5e1655b1d48b95c9312a1455cf,9/20(水) 21:30
marisol,Marisol,知人がレストランをOPEN！華やかにお祝いにかけつけて【40代明日のコーデ】,https://news.yahoo.co.jp/articles/07e8f8f093021e145d665cd44e5ac250b4d2d773,9/19(火) 21:30
marisol,Marisol,40代「青いエイジングケア」でかなえる幸せ肌！,https://news.yahoo.co.jp/articles/a85f9fbcb7e1d0df8a003b987b5721f2aa9f38e2,9/19(火) 20:01
marisol,Marisol,40代のヒットアイテム秋コーデ【カーゴパンツ・ボウタイブラウス】,https://news.yahoo.co.jp/articles/550ffad92a5bb9c28bf8931b2f789f88faaeb377,9/18(月) 22:00
marisol,Marisol,【40代明日のコーデ】定期券を拾って交番へ。カチッとしたシャツできちんと見え,https://news.yahoo.co.jp/articles/45ea9ea69250aa93bd756903dbe08cde92803136,9/18(月) 21:30
marisol,Marisol,【40代明日のコーデ】スケートリンクでお稽古見守り。寒さ防止にボアベストを,https://news.yahoo.co.jp/articles/9f967ab9fe7c19aff9fe69079f882d9b8a94f7a3,9/17(日) 21:30
marisol,Marisol,SENSAIの最高峰ラインで夏の肌ダメージを払拭【40代スキンケア】,https://news.yahoo.co.jp/articles/4b1f9c02979994292c092c4d4f75360417e8141b,9/17(日) 20:50
marisol,Marisol,【40代の1週間コーデ】ロング＆リーンのほっそりコーデからふわふわボアベストまで,https://news.yahoo.co.jp/articles/fd014abb310f6a4fc8ae48ab61666bb9716af2f1,9/17(日) 20:01
marisol,Marisol,冷え＆夏の疲れは「金木犀」香る入浴剤で癒す【40代ライフスタイル】,https://news.yahoo.co.jp/articles/1e332dfb276836edf9377b7343da4e7a276b2143,9/16(土) 22:30
marisol,Marisol,暑さの残る9月は夏物OK？秋っぽく見えるコツ【40代おしゃれコスパ論】,https://news.yahoo.co.jp/articles/06a69af3722a8d6931ed01989379745fc54b4464,9/16(土) 22:00
marisol,Marisol,町内会のお祭りに。カジュアルコーデで売り子を任されてもOK！【40代明日のコーデ】,https://news.yahoo.co.jp/articles/96a86de919661f15c37c0eda0d830d839db4bf45,9/16(土) 21:30
marisol,Marisol,「秋はまずこれを買う！」40代のカジュアルファッション新作3選,https://news.yahoo.co.jp/articles/c5043352049f0dd807ac48eb6cb848054f42c66d,9/15(金) 22:00
marisol,Marisol,東京ドームへコンサートに。両手はフリーが鉄則【40代明日のコーデ】,https://news.yahoo.co.jp/articles/63c0869a64ed0069f019dbde347a12dde68ad08e,9/15(金) 21:30
marisol,Marisol,今季のトレンドは丈感で着替える！エディター東原妙子さんコラボ「ニット＆パンツ」,https://news.yahoo.co.jp/articles/3c2ac63f59cc4f84d048e8a8d0a1028cac49bc73,9/14(木) 22:00
marisol,Marisol,【40代明日のコーデ】ショートパンツ＆ロングブーツの絶対領域見せでヘルシー美人,https://news.yahoo.co.jp/articles/769ea8243f3fb53018ea1d3453039c848302aca5,9/14(木) 21:31
marisol,Marisol,秋にも活躍！40代のヒットアイテム【Tシャツ＆スカート】,https://news.yahoo.co.jp/articles/d21c77f2ec4244a3aa5ba0b4fb1d6fa8abfe41c0,9/14(木) 20:50
marisol,Marisol,40代、この秋の本命アイテム「ボウタイブラウス」名品が復刻,https://news.yahoo.co.jp/articles/ac6f2c80c8fb9b6376fd53f40d87f11cefc168fa,9/13(水) 22:30
marisol,Marisol,【40代お仕事コーデ】きちんと感にはやっぱりジャケット。ジレも大活躍！,https://news.yahoo.co.jp/articles/e743ea9cdb0e7e4ed48f051b407d78a60386366f,9/13(水) 22:00
marisol,Marisol,ビルの屋上で満月鑑賞。映えスカートでフェミニンに【40代明日のコーデ】,https://news.yahoo.co.jp/articles/4d494a9b4d1800a88ece6932e5ac66726f5f9504,9/13(水) 21:30
marisol,Marisol,男友達とディナー。清潔感ある白パンツでハンサムに【40代明日のコーデ】,https://news.yahoo.co.jp/articles/3ba39b214067d5256b2659ed2b058f6dfe1df0f7,9/12(火) 21:30
marisol,Marisol,ファッションも味方に！責任が増えるアラフォーの「登壇服」【お仕事コーデ】,https://news.yahoo.co.jp/articles/f578a57f3eeb889395c0a4262621c55ebc2c49f1,9/12(火) 20:50
marisol,Marisol,夏にためこんだ角質をオフ！すべすべ柔肌に【40代のための最新ボディケア3選】,https://news.yahoo.co.jp/articles/2e4cbc0f6b0c47d71750bbb73b306ce704da67cb,9/12(火) 20:01
marisol,Marisol,整理整頓好きにはたまらない?!「多ポケットバッグ」仕事の効率も気分も上がる,https://news.yahoo.co.jp/articles/d6f99854a6b6e35cb862aacf9f2eea9720c0d4fe,9/11(月) 22:00
marisol,Marisol,【40代明日のコーデ】かぶりがちな白シャツワンピは「ロングジレ」で差をつけて,https://news.yahoo.co.jp/articles/1a543c644f8e2552a0705efc9dda7d228a84f19f,9/11(月) 21:30
marisol,Marisol,東京・大井町、ミシュランシェフの韓国料理店【40代グルメ】,https://news.yahoo.co.jp/articles/88f96f5ade174cb1042e0a521c177840cf75cda7,9/10(日) 22:30
marisol,Marisol,無限着回し！地味に見えない「ロングTシャツ」【40代おしゃれコスパ論】,https://news.yahoo.co.jp/articles/71d08fd1bff62469f0715b9bd04c71c956741140,9/10(日) 22:00
marisol,Marisol,【40代明日のコーデ】この会社も残りわずか。みんなに優しく接しようと初心に戻る,https://news.yahoo.co.jp/articles/aa0a65a465c8b60b706653ffd2c87b5a9b82278f,9/10(日) 21:30
marisol,Marisol,アラフォーからのヘアサロン探し。頼れるサロンを複数もつ,https://news.yahoo.co.jp/articles/fb391819cebfedf2ba06b4c015a246055838d771,9/10(日) 20:51
marisol,Marisol,【40代の1週間コーデ】着こなし自在ハリ感ワンピから大人のショートパンツまで,https://news.yahoo.co.jp/articles/2159e8375415955b61bd7aecfd5a3cc186359167,9/10(日) 20:01
marisol,Marisol,瀬戸内の絶景を巡る旅！しまなみ海道【40代国内旅】,https://news.yahoo.co.jp/articles/9b1e4a25031fc2f395f5fd3ec0efb6c1540d53f2,9/10(日) 19:30
marisol,Marisol,【40代 小柄バランスコーデ術】着回しもおしゃれも叶う新作カーデ＆スカート,https://news.yahoo.co.jp/articles/56ebe130c3edf1295cbb623e9dc262cf48494329,9/10(日) 19:01
marisol,Marisol,開店と同時に行列！静岡・浜松の隠れ名店へ【40代グルメ】,https://news.yahoo.co.jp/articles/9ee3ade8e8c1c1ffe5a2c153c4d1a0d891d954cc,9/9(土) 22:30
marisol,Marisol,足もとから秋のムードを取り入れる！靴下ファッション【おしゃれコスパ論】,https://news.yahoo.co.jp/articles/34b3e5d9d3915811b381f60fc1cb8523f855f63e,9/9(土) 22:00
marisol,Marisol,【40代明日のコーデ】転職経験のある友人からアドバイスをもらうため会食へ,https://news.yahoo.co.jp/articles/bf8526414b617a97957d9e0792c372e5fad6e36e,9/9(土) 21:30
marisol,Marisol,40代、硬めでしっかりした直毛タイプの「洗練大人ショートボブ」,https://news.yahoo.co.jp/articles/ce731fa6b3eddd0ba1efef73369f3f8d16fd818e,9/9(土) 20:50
marisol,Marisol,【40代 通勤バッグ】サスティナブルな「サボテンレザー」トートに注目,https://news.yahoo.co.jp/articles/51382a0798611b3ebad30c3c5f070c27313372f0,9/9(土) 20:02
marisol,Marisol,40代「名品お仕事パンプス」 ヒール高”アラウンド5㎝”3選,https://news.yahoo.co.jp/articles/92250e2af56451736036a0a8ffee995fa1b25837,9/9(土) 19:02
marisol,Marisol,レディな気分な秋、”王道フェミニン”なアイテムを手に入れて【40代ファッション】,https://news.yahoo.co.jp/articles/c8a9b4bca1e726fa22df4fcbd2f21dbd46e866ad,9/8(金) 22:00
marisol,Marisol,【40代明日のコーデ】敵情視察。アーユルヴェーダの施設を自分の体で徹底体感,https://news.yahoo.co.jp/articles/ade392058b93fab04b9c19652911c63fae5cd5c4,9/8(金) 21:30
marisol,Marisol,40代「ちょい甘フェミニンブラウス」気になる部分は隠して魅せる,https://news.yahoo.co.jp/articles/1ad34790102c0264e012bcd50291f3c067548b77,9/8(金) 20:50
marisol,Marisol,40代の清潔な頭皮＆美髪を叶える「ヘッドスクラブ」名品【40代ヘアケア】,https://news.yahoo.co.jp/articles/78dbf5b8d7f28b6a46a8fe26c9b972bd553ba66e,9/8(金) 20:00
marisol,Marisol,40代高身長さんは「ワントーン配色のフェミニン柄スカート」がおすすめ！,https://news.yahoo.co.jp/articles/e51e618447f0e259728bcd04c7154c3d69211ff3,9/7(木) 22:00
marisol,Marisol,【40代明日のコーデ】人生が変わるかもしれない不安＜期待に胸が高鳴って,https://news.yahoo.co.jp/articles/048d82f037d2bb97d357e929d71ea4b8b8d80b24,9/7(木) 21:30
marisol,Marisol,パンプスの概念が変わる！美脚＆快適をかなえる「マシュマロトゥ」【40代お仕事靴】,https://news.yahoo.co.jp/articles/5671b3eecdd54fda689917581535c5cfa0e2b446,9/7(木) 20:50
marisol,Marisol,フェミニンな「チュールスカート」で気分を盛り上げる！【40代秋ファッション】,https://news.yahoo.co.jp/articles/087173dce22ea06bcb3d96c163e80c797788ae08,9/6(水) 22:30
marisol,Marisol,40代に「クラシックなストラップつきシューズ」レディな佇まいで大人の可愛さを,https://news.yahoo.co.jp/articles/b75246146ab80c132efc20bfe9057d7ef1994e35,9/6(水) 22:00
marisol,Marisol,【40代明日のコーデ】諦めかけていた転職活動に希望の光が！条件を聞きに行く,https://news.yahoo.co.jp/articles/4be17051df37a661c2c2d51497cfb499c1215eed,9/6(水) 21:30
marisol,Marisol,【40代明日のコーデ】焼いたネギを首に巻いていることがばれないようにスカーフを,https://news.yahoo.co.jp/articles/c73625adc04c664552665677e6902c8814465339,9/5(火) 21:30
marisol,Marisol,この秋、40代が狙うべきは「自立系」ミニバッグ！特別な存在感,https://news.yahoo.co.jp/articles/3b773ffb4f4b770bb0f1783e1c91be66344b8398,9/5(火) 20:50
marisol,Marisol,通称「飲むエルメス」から続けられる腸活まで！40代のインナーケア,https://news.yahoo.co.jp/articles/00dcfe9614bbddf8c9a6a1f85fc63e46d227cad6,9/5(火) 20:01
marisol,Marisol,【40代 高身長さん】「ワイドパンツ」を着るなら素材感＆シルエットがカギ！,https://news.yahoo.co.jp/articles/4d1ea4e552df7ca615c8da87ae7a2f36ce5c48fb,9/4(月) 22:00
marisol,Marisol,会社を休んで病院へ。薄手コートで体を守って【40代明日のコーデ】,https://news.yahoo.co.jp/articles/ffd0f0498fbc9cd8acf650831aba17207ffeb76f,9/4(月) 21:30
marisol,Marisol,初秋、「メッシュニット」が優秀！使える理由がありすぎる【40代おしゃれコスパ論】,https://news.yahoo.co.jp/articles/c3bd85076a86f21a47fb0228c30bcd6fa9eb30f5,9/3(日) 22:00
marisol,Marisol,冷えたオフィスでの会議もジャケットONでキレイに防寒【40代明日のコーデ】,https://news.yahoo.co.jp/articles/b4325c840719eba03f4978168a90c12481ae10a2,9/3(日) 21:30
marisol,Marisol,髪悩みもプラスに！【40代のヘアスタイル月間ランキングTOP5】,https://news.yahoo.co.jp/articles/50a4e9a2701e1df1b298e52eed06ed60205568b2,9/3(日) 20:50
marisol,Marisol,アウトドアコーデから気持ち高まる花柄スカートまで【40代の1週間コーデ】,https://news.yahoo.co.jp/articles/8ebc78dfd45254046305e0f433c271602cc17ebf,9/3(日) 20:01
marisol,Marisol,ディフューザーをDIYできる！体験型香りのストアが誕生【40代ライフ】,https://news.yahoo.co.jp/articles/b6b53e48fde9d24c350eecc51b7afae07e0eb9a7,9/3(日) 19:31
marisol,Marisol,「氷」そのもののおいしさを楽しめる！絶品「かき氷」【40代グルメ】,https://news.yahoo.co.jp/articles/f0dcbee7cdba976ef60e270dd59a882faaaaaf99,9/2(土) 22:01
marisol,Marisol,真夜中のクワガタ獲りへ！華やかアノラックパーカを主役に【40代明日のコーデ】,https://news.yahoo.co.jp/articles/44011dfadfe9f66b7c66d6d86cd662c364f3989a,9/2(土) 21:30
marisol,Marisol,【40代のボブヘア】「内巻きボブ」が急上昇！洗練見え＆髪悩みカバー,https://news.yahoo.co.jp/articles/622318359e91e9a6852899cee0d62e70523a73f4,9/2(土) 20:50
marisol,Marisol,バランス良く見えて最高！「コンパクト丈ノースリTシャツ 」【40代ファッション】,https://news.yahoo.co.jp/articles/01ea16eee795690a0e120151c66cf5c0247ac228,9/2(土) 20:02
marisol,Marisol,「乳がんで得たもの＆失ったもの」【40代 乳がん闘病記】,https://news.yahoo.co.jp/articles/01345daeaa1090fea4e711cdef4b540e4a81fa77,9/2(土) 19:31
marisol,Marisol,40代、スタイリングが一気に華やぐ！主役級「映え靴」【秋ファッション】,https://news.yahoo.co.jp/articles/f4fa17727479269451b9daeaa5e5a0f12fdb5dff,9/1(金) 22:00
marisol,Marisol,週末は山籠り。赤いキャップでうっすら存在感をアピール【40代明日のコーデ】,https://news.yahoo.co.jp/articles/913ae6524c043c404c984749986bb9d93f9d897b,9/1(金) 21:30
marisol,Marisol,2000円台から！「優秀ビタミンCコスメ」4選【40代美容】,https://news.yahoo.co.jp/articles/a2f14eff6ed8af5d39195e1af9d5713becdc95fd,9/1(金) 20:02
marisol,Marisol,軽さ&モードな遊び心を添える「シャレ感ナイロンバッグ」【40代秋トレンド】,https://news.yahoo.co.jp/articles/9b5c2198c3dca21cf5831478f84feac6a9684288,8/31(木) 22:00
marisol,Marisol,せっかくの代休は有意義に！ネイルのメンテナンスで自分磨き【40代明日のコーデ】,https://news.yahoo.co.jp/articles/4e79ec0ef7c8492cf4686e843d09b6df616b8368,8/31(木) 21:30
marisol,Marisol,着てみて納得！40代「オールインワン」初心者のためのキレイめのアイテム,https://news.yahoo.co.jp/articles/0f108eb36b385d1c766d6a104719341d56b9a321,8/30(水) 22:00
marisol,Marisol,転職エージェントからいいお返事がこなくて意気消沈【40代明日のコーデ】,https://news.yahoo.co.jp/articles/e54ed33a4c1de94d3502d8ea6b86c2dbeb894848,8/30(水) 21:30
marisol,Marisol,仕事帰りにホテルのビアガーデンへ！ほんのりきれいめに【40代明日のコーデ】,https://news.yahoo.co.jp/articles/b1a6b94e010420f58e2be922b2545298b1a3862b,8/29(火) 21:30
marisol,Marisol,【40代高身長さん】カジュアルワンピースは「Iラインシルエット」がイチオシ！,https://news.yahoo.co.jp/articles/9a7b2c7e633bde59200646a05eec68bd76d40623,8/29(火) 20:51
marisol,Marisol,40代の使い切りコスメ「ビタミンC美容液」4選,https://news.yahoo.co.jp/articles/8d993120c95d373eda1f4c6802d4ea7ac06709a7,8/29(火) 20:02
marisol,Marisol,【40代 小柄さんのボトムス選び】バランスよくフェミニンスカートを着回し！,https://news.yahoo.co.jp/articles/afb335ced6f0c81dd7761c9f44e1e53f2adf8a96,8/28(月) 22:00
marisol,Marisol,出社する人が少ない日はいつもより豪勢に長めのランチ【40代明日のコーデ】,https://news.yahoo.co.jp/articles/80b0a9bbf0d1a3d672dfccf3c17368f636bc940f,8/28(月) 21:30
marisol,Marisol,高田馬場・広東省順徳名物「お粥のしゃぶしゃぶ」【40代の中華巡り】,https://news.yahoo.co.jp/articles/cb9b06bc614a83f626af21a143f9026e56fd4020,8/27(日) 22:30
marisol,Marisol,40代、コスパ抜群「黒スカート」で晩夏のモノトーンコーデ,https://news.yahoo.co.jp/articles/e79e4946aa3445fac34dffc7a7c7b3916c02c459,8/27(日) 22:01
marisol,Marisol,食べすぎてもオーバーシルエットワンピなら気にならない【40代明日のコーデ】,https://news.yahoo.co.jp/articles/cd0ee20f0c1144b0d4bbf54a3d9ed4c7a1d0dffe,8/27(日) 21:30
marisol,Marisol,【40代のショートヘア月間TOP5】加齢による髪のうねりもポジティブに変えて,https://news.yahoo.co.jp/articles/998d3e0ccd91ef56bd43d8af0f623f20b07a7829,8/27(日) 20:51
marisol,Marisol,【40代の1週間コーデ】着心地抜群ワンピから華やかシアーツイードトップスまで,https://news.yahoo.co.jp/articles/9034524718558e6625bb6cd665584b7af1081fc2,8/27(日) 20:01
marisol,Marisol,夏に行きたい！北海道「穴場スポット」【40代国内旅】,https://news.yahoo.co.jp/articles/98de5cee3a322c9f1adbf9a2ec77bd98440b0f14,8/27(日) 19:31
marisol,Marisol,今から秋まで着回し！40代のユニクロ「タックワイドパンツ」コーデ6選,https://news.yahoo.co.jp/articles/358d720a5980db8af6f54dcc76289530f06de55d,8/27(日) 19:02
marisol,Marisol,子連れ沖縄旅行、悪天候でも楽しめるスポット3【40代国内旅】,https://news.yahoo.co.jp/articles/4aca7925cadef3802960f4a75f981a36100ba8ed,8/26(土) 22:30
marisol,Marisol,あると便利！3COINSの「トラベルグッズ」【40代旅】,https://news.yahoo.co.jp/articles/574471a884a53a9b78ed66ac8a523b0dbb38af03,8/26(土) 22:00
marisol,Marisol,銀座でギフト選び。Tシャツ感覚で着られる華やかトップスで【40代明日のコーデ】,https://news.yahoo.co.jp/articles/d690fdb821c3dba4d721d14b9a9889e8438b6e09,8/26(土) 21:30
marisol,Marisol,【40代のロングヘア】つぶれやすいヘアは、 Aラインフォルム×エアウェーブで解決,https://news.yahoo.co.jp/articles/93af1e060e9a6be7beeb0c5869e273db430546b7,8/26(土) 20:51
marisol,Marisol,40代、高身長さんが可愛く着こなすなら「ボリュームスカート」が正解！,https://news.yahoo.co.jp/articles/c7b88f85c4dbad97e38eb837a214bc715ffa5f91,8/26(土) 20:01
marisol,Marisol,大自然と美味しいものの楽園「チェジュ島」へ再び！【40代 韓国旅】,https://news.yahoo.co.jp/articles/bdb99a1d03beee38bb99ff47dea53c177d41912c,8/26(土) 19:30
marisol,Marisol,【40代小柄さんパンツ選び】こなれ感＆スタイルアップは「ゆるめテーパードパンツ」,https://news.yahoo.co.jp/articles/95564acd88edec4d3497d3a9a194b9f704eebf55,8/26(土) 19:02
marisol,Marisol,丈を気にせず着られる！すそ絞り「カーゴパンツ」【40代高身長さんのボトムス】,https://news.yahoo.co.jp/articles/d0929f22f47efac9fbe466651074e97e5781845b,8/25(金) 22:00
marisol,Marisol,週末はドライブへ。ランチは海辺のテラス席を予約して【40代明日のコーデ】,https://news.yahoo.co.jp/articles/bfafe47b4de18900ec7571198e51c46fdadd066b,8/25(金) 21:30
marisol,Marisol,【スタイリストが解説】40代小柄さんの「ワンピース」の着こなしテク,https://news.yahoo.co.jp/articles/6a3b2886cad5588f556e4224c99bbc200a2e043f,8/25(金) 20:50
marisol,Marisol,簡単に美肌が作れる名品！新作ベースメイク5【40代コスメ】,https://news.yahoo.co.jp/articles/6ed217be65d365326a55e602e550b248ced15ebb,8/25(金) 20:01
marisol,Marisol,夜のおでかけ＆旅行「40代の夏イベント」コーデの正解【おしゃれプロが解説】,https://news.yahoo.co.jp/articles/5725081d33883a3904c2e6cdb716041e5b24e37e,8/24(木) 22:00
marisol,Marisol,友人のお祝いで集まる日はシアーツイードトップスで華やかに！【40代明日のコーデ】,https://news.yahoo.co.jp/articles/8f7aacd1cb8a81f2d6da4a4429a55e1da9b7dd5c,8/24(木) 21:30
marisol,Marisol,涼やかな「とろみ素材ワンピ」で仕事中もリラクシーに【40代お仕事服】,https://news.yahoo.co.jp/articles/537905a3cfdcc608cffc6173269f67d57a1eaa23,8/24(木) 20:50
marisol,Marisol,40代小柄さんが「ロングスカート」を着るなら、メリハリコーデでバランスアップ！,https://news.yahoo.co.jp/articles/97681a58f2ab033bde833df96a69648a04c7ea2b,8/23(水) 22:30
marisol,Marisol,40代、猛暑でもラクにしゃれ見えしたい「ウォッシャブルなパンツ」5選,https://news.yahoo.co.jp/articles/0c45bb07d2435c3c5859a97e88a2b8bb0b69f038,8/23(水) 22:00
marisol,Marisol,ジャケットは着たくないけどきちんと感は出したい！ジレが活躍【40代明日のコーデ】,https://news.yahoo.co.jp/articles/00ce3ecbeb96151c8d4b6a110ad8126ff0febe97,8/23(水) 21:30
marisol,Marisol,貫禄を見せつけるのに最適な御意見番コーデはロングジレ【40代明日のコーデ】,https://news.yahoo.co.jp/articles/b6041fbba87deb3126413ce49b886b577d39347e,8/22(火) 21:30
marisol,Marisol,【40代 夏のお仕事服】見た目さわやか着ると涼やかトップス5選,https://news.yahoo.co.jp/articles/4c1caa1cc2da640d63f2d13c0cdb4f782e876078,8/22(火) 20:50
marisol,Marisol,夏老け回避！40代の肌悩みに届く「エイジングケア美容液厳選3品」,https://news.yahoo.co.jp/articles/2e08b3bb79596f85a4e54d0bb1a415aa9daef555,8/22(火) 20:00
marisol,Marisol,今買い足して秋まで着られる！40代の「ユニクロコーデ」4選,https://news.yahoo.co.jp/articles/22da5beaaf1806c0ff87a41739859e90d280f6bd,8/21(月) 22:00
marisol,Marisol,転職エージェントと面談。怪しまれないようカジュアルコーデで【40代明日のコーデ】,https://news.yahoo.co.jp/articles/6844005cc3a2e7bea470ed78f52bfabae6f2b3f6,8/21(月) 21:30
marisol,Marisol,「乳がんあるある」仲間と話して盛り上がったこと【40代 乳がん闘病記】,https://news.yahoo.co.jp/articles/80ac58ad28b0c07c518cb14661744fc90f60381d,8/20(日) 22:30
marisol,Marisol,夏旅のトランクはこれだけ！ムダなく着回す7日間コーデ【40代おしゃれコスパ論】,https://news.yahoo.co.jp/articles/4055031d92dcc8b51bc2a99867f531e6810832e3,8/20(日) 22:00
marisol,Marisol,いつもどおりに出社。ばれないよう水面化で転職の準備を【40代明日のコーデ】,https://news.yahoo.co.jp/articles/ab70e1dfa31e2537af495ba55fe455df48cfefdb,8/20(日) 21:30
marisol,Marisol,【40代のロングヘア月間ランキングTOP5】トレンドエッセンスをプラス！,https://news.yahoo.co.jp/articles/44893ad5b1962e1d19482956952be1257baae2fe,8/20(日) 20:51
marisol,Marisol,スタイルアップ見えワンピからメリハリジャケットまで【40代1週間コーデ】,https://news.yahoo.co.jp/articles/f7104a5d708aa5f3b0e34b424c4c4290243427cc,8/20(日) 20:02
marisol,Marisol,ビールも料理も抹茶づくし！一味違う「抹茶ビアガーデン」【40代グルメ】,https://news.yahoo.co.jp/articles/6e0a3f6876d1b20b3a4388600f0dfdeac5baa9af,8/20(日) 19:31
marisol,Marisol,40代、秋冬ファッション先取り！昨年即完売「SACRAのボアジレ」,https://news.yahoo.co.jp/articles/6d7d5bdd5d70b3d69ac07947c080929fc1a6f7f5,8/20(日) 19:00
marisol,Marisol,【40代 グルメ旅】夏の北海道おすすめは「積丹の雲丹」,https://news.yahoo.co.jp/articles/1d9e91e4de714c873d0bd82a286d40cbae85dcc6,8/19(土) 22:30
marisol,Marisol,まるでテーマパーク。東京駅が楽しい！今どき「東京みやげ」【40代グルメ】,https://news.yahoo.co.jp/articles/dc5589ebba5fb0674edfe39320edbec03ab70b89,8/19(土) 22:00
marisol,Marisol,不動産管理会社から入居者決定の連絡。思わず焼肉パーティ開催【40代明日のコーデ】,https://news.yahoo.co.jp/articles/351f50661f2589a51cbf4ebf758a7f649d3d361e,8/19(土) 21:30
marisol,Marisol,【40代のミディアムヘア】極ゆるタテ落ちパーマで動き＆華やかさを,https://news.yahoo.co.jp/articles/dd475fc2484748cc12b73467daecc9e98bbbea0c,8/19(土) 20:50
marisol,Marisol,上質素材の「シンプルなシャツワンピ」が結局一番使える！【40代秋トレンド】,https://news.yahoo.co.jp/articles/f00920143944fb60b9cd4d97426d1277d7de8480,8/19(土) 20:03
marisol,Marisol,暑い夏、自宅で手軽に生ビール！「会員制ビールサーバー」【40代ライフスタイル】,https://news.yahoo.co.jp/articles/265567cf53ebd4d9c6846758b5bd87b1098cbb37,8/19(土) 19:31
marisol,Marisol,【40代 Sサイズさんコーデ】美脚になれる「丈詰め不要」パンツを味方に,https://news.yahoo.co.jp/articles/95e64c6cc21d3052886708d39f93760edc359d6d,8/19(土) 19:02
marisol,Marisol,40代、夏こそ大活躍「スニーカー」コーデ8選！旅行やお仕事にも,https://news.yahoo.co.jp/articles/55ec3259a528528a546410093db1da3edb9cb846,8/18(金) 22:00
marisol,Marisol,彼と縁が切れて安堵。自分磨きのために高級エステへ【40代明日のコーデ】,https://news.yahoo.co.jp/articles/f67e2a1070e9c36a2cb2c418ede7a2ee67ab965b,8/18(金) 21:30
marisol,Marisol,40代、いま手に入れるべき秋新色・デパコス8選！完売間近のアイテムも,https://news.yahoo.co.jp/articles/740bc2e98f01bfc9d775f58044ce271607bb7b23,8/18(金) 20:03
marisol,Marisol,【40代 骨格ストレート】「Iラインシルエットのシンプルワンピ」がベスト！,https://news.yahoo.co.jp/articles/8f5839d4af821a8102dec968f93519f27eee5b9a,8/17(木) 22:00
marisol,Marisol,コンペで競合他社に勝利。チームのみんなとランチでお祝い【40代明日のコーデ】,https://news.yahoo.co.jp/articles/a44d7c530531aeabdaff50de4a49776a48cfed36,8/17(木) 21:30
marisol,Marisol,【40代 骨格ナチュラル】「自然素材のゆったりマキシ丈ワンピ」がベスト！,https://news.yahoo.co.jp/articles/263b5bd9f71ba85ddaa5f126b60ef60132c4d006,8/16(水) 22:30
marisol,Marisol,仕事は好きなのに人間関係が面倒なことに。転職しちゃおうかな【40代明日のコーデ】,https://news.yahoo.co.jp/articles/bb9e6cd0f39e10f3e13410b5e6c743fce026ca02,8/16(水) 21:30
marisol,Marisol,社内警察ごっこをするときはオールネイビーに身を包んで【40代明日のコーデ】,https://news.yahoo.co.jp/articles/86fe135e1a61177654f5c9d2d1a5ffbc12c687eb,8/15(火) 21:30
marisol,Marisol,【40代 骨格ウェーブ】「柔らか素材のハイウエストワンピース」がベスト！,https://news.yahoo.co.jp/articles/757ff005272ac1ea7011d7584dd5bb3dbfe795ed,8/15(火) 20:51
marisol,Marisol,40代、夏のノースリーブコーデ5選！楽して体型カバーするテク,https://news.yahoo.co.jp/articles/6e49709813cddf7d6e984d30e01b23638335e65f,8/14(月) 22:00
marisol,Marisol,マウントをとってくる後輩から自分を守るため仕事に没頭【40代明日のコーデ】,https://news.yahoo.co.jp/articles/d9d4fd7258d32eabe43245dd0bdbfeec14ff7388,8/14(月) 21:30
marisol,Marisol,「パレスホテル東京」新アフターヌーンティーで優雅なひととき【40代グルメ】,https://news.yahoo.co.jp/articles/d5fd9b472bd9d80a0033a5d56db62dd0efffb36b,8/13(日) 22:30
marisol,Marisol,コツをおさえてセンス爆上がり！長く使える「秋色ワンピ」コーデ【40代おしゃれコスパ論】,https://news.yahoo.co.jp/articles/c842cbaf700a16601da1fa2ca34fc7bd4b0ae61f,8/13(日) 22:00
marisol,Marisol,リフレッシュしてお肌つやつや！白Tに白スカートで夏ワンピ風に【40代明日のコーデ】,https://news.yahoo.co.jp/articles/8d43afb85384d851c680894ed3ffa398b09ca622,8/13(日) 21:30
marisol,Marisol,アイ＆リップの新作ラッシュ！40代に“やさしい”2023秋新色コスメ4ブランド,https://news.yahoo.co.jp/articles/4a458127b287e23036b0f271702f705a9b40feb6,8/13(日) 20:51
marisol,Marisol,ヘルシー＆上品肌見せから優秀お仕事服コーデまで【40代1週間コーデ】,https://news.yahoo.co.jp/articles/a867c0cd2d77838f158821254a0986c4ac495b0a,8/13(日) 20:01
marisol,Marisol,40代からの「3カ月チャレンジ」マウスピース矯正を体験,https://news.yahoo.co.jp/articles/415540ffeed688e5408b393ecf8a9fc9f5c9c4b5,8/13(日) 19:31
marisol,Marisol,40代が狙うべき「秋イチ服」ジレ＆袖ボリュームTが最強コンビ！,https://news.yahoo.co.jp/articles/ce2fcce5caa3335efffc3bc02c8b3e1d5372ff00,8/13(日) 19:01
marisol,Marisol,夏は「ロゴ入りジュートバッグ」でコーデに抜け感【40代おしゃれコスパ論】,https://news.yahoo.co.jp/articles/fddfdf1292f4deefd4c29d3ebfe37d6600b39d50,8/12(土) 22:00
marisol,Marisol,クルージングに招待された日は中に水着を仕込んで【40代明日のコーデ】,https://news.yahoo.co.jp/articles/56a1c2d3e25af4a45421f37b05b176376b973ee0,8/12(土) 21:30
marisol,Marisol,パーマなし＆毛先1カールでボリュームアップ【40代のミディアムヘア】,https://news.yahoo.co.jp/articles/3025f67f3fcf4fdf1ec69b1f8d423e4e8659862d,8/12(土) 20:51
marisol,Marisol,40代、8月の買い足しトップスは「細見えカーブ袖Tシャツ」を！,https://news.yahoo.co.jp/articles/a512a5551bd3e07d0035f8792a3e969a55172c92,8/12(土) 20:01
marisol,Marisol,もはや食べるアート！進化が止まらない東京のかき氷おすすめ3店【40代グルメ】,https://news.yahoo.co.jp/articles/682799e88e6d8352ac808646775ead4732af85d0,8/12(土) 19:31
marisol,Marisol,きれいな顔してラバーソールって最高！これぞ40代理想のサンダル,https://news.yahoo.co.jp/articles/dbf134c1507969a2d9488e3348e7dc50e1cb7871,8/11(金) 22:00
marisol,Marisol,新幹線で隣の人と意気投合！ご縁なので観光案内することに【40代明日のコーデ】,https://news.yahoo.co.jp/articles/637f3d336338dcdacae395ef422df044e23df2b7,8/11(金) 21:30
marisol,Marisol,40代、「無敵の黒パンツコーデ」3選！楽にスタイルアップが叶う,https://news.yahoo.co.jp/articles/21a21d8bfc4eb7f73bdcb8f6fb43282c699ac4fc,8/10(木) 22:00
marisol,Marisol,視察で大阪に日帰り出張。座りジワが気にならない優秀パンツで【40代明日のコーデ】,https://news.yahoo.co.jp/articles/f594c12b84ea174c74fd41e6a247b36322da24a7,8/10(木) 21:30
marisol,Marisol,40代、大人フェミニンコーデに使える【GUアイテム厳選2】,https://news.yahoo.co.jp/articles/7b33307c162431ee47fcc7591afdaac496f89039,8/10(木) 20:50
marisol,Marisol,【40代 夏イベントコーデ】水際＆アウトドアの着こなし正解,https://news.yahoo.co.jp/articles/ad14c5a21486cedb1dd6a3d607b83df389ff129e,8/9(水) 22:30
marisol,Marisol,シンプルコーデを引き立てる！おしゃれなメガネ【40代ファッション】,https://news.yahoo.co.jp/articles/a6b8304a0efb43d5bb1ebd5d5797b711b6cc48d7,8/9(水) 22:00
marisol,Marisol,給湯室で秘密の会話。声の主が気になる【40代明日のコーデ】,https://news.yahoo.co.jp/articles/6a838591cd04a19bbdde3c7a0c69dc43c3aae127,8/9(水) 21:30
marisol,Marisol,やたらとマウントを取りたがる後輩が出現【40代明日のコーデ】,https://news.yahoo.co.jp/articles/19187bb9b9aaf4b69b4480a2cfda4c92b8ea31ad,8/8(火) 21:30
marisol,Marisol,40代のシンプルコーデに遊び心をプラス！「ひと癖アイテム」着回し3選,https://news.yahoo.co.jp/articles/a46e7be76b94dec2c6557338664eeee3fcc0c94b,8/8(火) 20:51
marisol,Marisol,季節を先取り！40代に人気ブランドの秋色リップ＆最新ファンデを解説,https://news.yahoo.co.jp/articles/5bf0a330939a59e445d5544a1d9de129d8c82bed,8/8(火) 20:01
marisol,Marisol,ウエストインなし！40代、体型カバー夏コーデ6選,https://news.yahoo.co.jp/articles/cbf4f810e52507eaf0b439e588ea2db4bf502a9a,8/7(月) 22:00
marisol,Marisol,残業の日はNO下着派。締めつけから解放されて仕事に没頭【40代明日のコーデ】,https://news.yahoo.co.jp/articles/494556082b212730d46230ce492efcb1f5ce1f9b,8/7(月) 21:30
marisol,Marisol,備えあれば憂いなし！実際に使った入院時の持ち物リスト【40代 乳がん】,https://news.yahoo.co.jp/articles/e467de3952627e53e57b778766f82a1fb10c390c,8/6(日) 22:30
marisol,Marisol,マンネリコーデにきく「シアーニット」を夏の買い足し服に【40代おしゃれコスパ論】,https://news.yahoo.co.jp/articles/02f47bc6b92ffe39c30377b6c6d1f6d564f99896,8/6(日) 22:00
marisol,Marisol,機能素材のブラウスで残業日でもキレイをキープ！【40代明日のコーデ】,https://news.yahoo.co.jp/articles/b10314d72fc9a9ddd6d7be7ab35e83e5d31d1dcd,8/6(日) 21:30
marisol,Marisol,話題の酸熱トリートメントを体験！自分的くせ毛指数が減った話【40代ヘアケア】,https://news.yahoo.co.jp/articles/fa4024686ca128cdd96c5e01260a59025276932f,8/6(日) 20:50
marisol,Marisol,【40代の1週間コーデ】夏の日差しに負けないカラーから優しい色合いのコーデまで,https://news.yahoo.co.jp/articles/1b07fb12f529184c74156d7298bded4144541909,8/6(日) 20:01
marisol,Marisol,「香らない・価格が見える」斬新オーガニックブランド全6品を解説,https://news.yahoo.co.jp/articles/7f74ea3840733ca2817846b225b7ba0f60352834,8/6(日) 19:31
marisol,Marisol,40代は「似合う」も「好き」も欲張りに！骨格診断との上手な付き合い方,https://news.yahoo.co.jp/articles/ac75695c39a8d7b6625c7066c4ecd4093be591c7,8/6(日) 19:03
marisol,Marisol,2023年最新！酷暑を乗り切る「ひんやりコスメ」傑作選,https://news.yahoo.co.jp/articles/941338269d8afb65427650c77578e0e1e6b50a70,8/5(土) 22:30
marisol,Marisol,100均で買える！暑い毎日が楽しくなる「氷」づくりアイテム【40代ライフスタイル】,https://news.yahoo.co.jp/articles/9ae7de869d50dc9f4e1ae0f282313144055f4953,8/5(土) 22:00
marisol,Marisol,付き合う前から嫉妬されると冷めてしまう私はクールすぎる？【40代明日のコーデ】,https://news.yahoo.co.jp/articles/75c04cd1abf5f49a0aeb43a87089ffa00b39be2e,8/5(土) 21:30
marisol,Marisol,【40代のミディアムヘア】黒髪派の抜け感演出に！さりげないくびれシルエット,https://news.yahoo.co.jp/articles/c4c605d54e2bbc43755ea2016ba0f60d5ec9cf6b,8/5(土) 20:50
marisol,Marisol,デニムを更新！アラフォーに似合う夏のきれいめカジュアルコーデ,https://news.yahoo.co.jp/articles/2e807486fdd517ebcb879a81fc4e47d6f451588a,8/5(土) 20:03
marisol,Marisol,2023年最新版！日本の夏に心地よく香るおすすめサマーフレグランス5選,https://news.yahoo.co.jp/articles/7a4021544a6e6d2ccbce267a03805d1834e980bf,8/5(土) 19:31
marisol,Marisol,40代、秋カジュアルは「艶カーゴパンツ」で女っぷりを上げて,https://news.yahoo.co.jp/articles/b25f39926562db912f5568df1385bc8c22b8bccf,8/5(土) 19:00
marisol,Marisol,SALEで賢くゲット！シルバーアクセサリー×白コーデ【40代ファッション】,https://news.yahoo.co.jp/articles/93888c0ce02eceeea3f5a8cad5a6d9289bdd2168,8/4(金) 22:00
marisol,Marisol,テラス席でランチをごちそうする日はUV対策も万全に【40代明日のコーデ】,https://news.yahoo.co.jp/articles/60dd47f79fd1029a04509a7c4e2ffdca34d2fd73,8/4(金) 21:30
marisol,Marisol,40代、小学生ママのリアル夏休みコーデはプチプラMIXで,https://news.yahoo.co.jp/articles/2cf204d65ff7cf15f271e842e5f99c9688f65e51,8/4(金) 20:50
marisol,Marisol,消化器系の病気が引き起こす40代の「腹痛」ストレスが原因のことも,https://news.yahoo.co.jp/articles/486d0deb8e0168cd680dee836c46767bdcd2f662,8/4(金) 20:03
marisol,Marisol,【3万円台で探す40代ご褒美ジュエリー】上半期、頑張った自分へのご褒美に,https://news.yahoo.co.jp/articles/d86d1e2aabc5403d925f307a34266330a814f07e,8/3(木) 22:00
marisol,Marisol,エアコンが壊れたあの部屋に帰りたくないから飲みに行く【40代明日のコーデ】,https://news.yahoo.co.jp/articles/9a9dde4c0bfccc047d264ef8c2924d8d256fc083,8/3(木) 21:30
marisol,Marisol,今買って秋まで着られる！GU高見え「サテンスカート」【40代プチプラコーデ】,https://news.yahoo.co.jp/articles/b4122f78a03bd9846a9088b6505bc152e33539d7,8/3(木) 20:51
marisol,Marisol,華やか「フラワー柄スカート」が主役！秋トレンドを先取り【40代最旬ファッション】,https://news.yahoo.co.jp/articles/ae5099f46d4563f41214da21b1168581277a8a68,8/2(水) 22:30
marisol,Marisol,真夏の今なら手に入る！秋の本命シューズ「黒＆白」6選【40代の秋ファッション】,https://news.yahoo.co.jp/articles/44e0251e6662c0c71a7af261f22c0ebb89896847,8/2(水) 22:00
marisol,Marisol,お世話になった先輩生誕祭へ。主役を立てる控えめコーデで【40代明日のコーデ】,https://news.yahoo.co.jp/articles/737339f82cbd8bb1b1582e637dd0e08c80374f6a,8/2(水) 21:30
marisol,Marisol,猛暑の日には上品シアーシャツで涼やかに【40代明日のコーデ】,https://news.yahoo.co.jp/articles/a4f7fc1c30f5e72592d6a6ecf5994156a29d8a8f,8/1(火) 21:30
marisol,Marisol,フランス老舗傘ブランドの「晴雨兼用傘」がお気に入り【40代のUV対策】,https://news.yahoo.co.jp/articles/574703453d91d282c488ede8e883a6d0f811b484,8/1(火) 20:51
marisol,Marisol,肌も骨格も美しく魅せる！「コスメデコルテ」の新作アイシャドウ【40代秋コスメ】,https://news.yahoo.co.jp/articles/e777152464a44171fd04f46d4b92900e1696a547,8/1(火) 20:02
marisol,Marisol,5カ月振りに「ユニクロ」で購入したのはVネックカーディガン【40代プチプラ】,https://news.yahoo.co.jp/articles/31c20a979d7a8e62e8336c198373b593b6e5d097,7/31(月) 22:00
marisol,Marisol,姪のお迎えへ。ウエストリボンの技ありブラウスで【40代明日のコーデ】,https://news.yahoo.co.jp/articles/56bfb9a899f609afe488403364cc925684d0489a,7/31(月) 21:30
marisol,Marisol,ギターブランド「フェンダー」世界初の旗艦店が表参道・原宿にオープンし行ってきた！,https://news.yahoo.co.jp/articles/fc9ef2a3813836f057e22c2107779674b6f72491,7/30(日) 22:30
marisol,Marisol,猛暑の朝「時短コーデ」のコツ！毎日着る服に悩まない【40代おしゃれコスパ論】,https://news.yahoo.co.jp/articles/d451b57f0795d53ca341ca51470b0d8c546cf761,7/30(日) 22:00
marisol,Marisol,ロゴTをスカートに合わせ「フレンチカジュアル」スタイル【40代明日のコーデ】,https://news.yahoo.co.jp/articles/2ef5e93cfe7e77a507e61fff3afe27f8ef72d55d,7/30(日) 21:30
marisol,Marisol,40代、真夏から秋までずっと活躍！「ルナソル」の秋新色第1弾は大人のゴールド,https://news.yahoo.co.jp/articles/4bec3986233d4d88e29f1c02227a3eb321f80b15,7/30(日) 20:51
marisol,Marisol,大人の水際コーデからシンプルでベーシックな黒コーデまで【40代の1週間コーデ】,https://news.yahoo.co.jp/articles/677bb214f31317728c85b69f20f10a107bfa8f9d,7/30(日) 20:01
marisol,Marisol,【星野リゾート滞在記】暑い日に食べたい！メロンをそのまま削ったかき氷,https://news.yahoo.co.jp/articles/eee8a5dd0495fa52980f34d173551788768e4597,7/30(日) 19:31
marisol,Marisol,【40代 シルバーアクセBEST7】ALL5万円以下！さりげなく旬を添えてくれる,https://news.yahoo.co.jp/articles/de07758f074319acffe722dae83596f1db6f1b9b,7/30(日) 19:02
marisol,Marisol,【神戸グルメ】甘じょっぱい珈琲ゼリーのレトロな魅力【40代の休日】,https://news.yahoo.co.jp/articles/d99ec34fd8033f280930bad092dbd093a2beb44f,7/29(土) 22:30
marisol,Marisol,「ユニクロの黒ポロシャツ」スポーツにも普段着にも！【40代のおしゃれコスパ論】,https://news.yahoo.co.jp/articles/bce58598fe8d7a9d97ed6c8967f791f596ba7ac0,7/29(土) 22:00
marisol,Marisol,留学生の観光アテンドを頼まれてパン屋巡りへ【40代明日のコーデ】,https://news.yahoo.co.jp/articles/2e12c5da4987b6b32ff495a78ae6cd043e4c7c3a,7/29(土) 21:30
marisol,Marisol,幅広くアレンジできる「ボブ」顔まわりレイヤーがポイント【40代のボブヘア】,https://news.yahoo.co.jp/articles/e13fc8fd9f7638daa14143d4aee76fcb58480d91,7/29(土) 20:50
marisol,Marisol,40代、美バストをつくる！高いホールド力＆着心地抜群「ブラキャミ」3選,https://news.yahoo.co.jp/articles/75a2e0264dabb26d0690ec16dd60453e1296a366,7/29(土) 20:01
marisol,Marisol,ロイホの冷凍ミールが便利で美味しい！3品お試し【40代の暮らし】,https://news.yahoo.co.jp/articles/0dbb89824d73b858271981b5dfe455dae6351880,7/29(土) 19:31
marisol,Marisol,40代、凛と華やぐ！「シルバージュエリー」注目2ブランド,https://news.yahoo.co.jp/articles/82e239bbdb15e0fc84c812d2ca7eca717e8388ad,7/29(土) 19:03
marisol,Marisol,「GU」高見えサマーニットを着回し！【40代のプチプラコーデ】,https://news.yahoo.co.jp/articles/59863c21ed675ebc1805fd09db951aefb2cbef55,7/28(金) 22:00
marisol,Marisol,きれい色をON！夏の太陽を意識した大人カジュアルコーデ【40代明日のコーデ】,https://news.yahoo.co.jp/articles/88d5e2ddd510b46df9b684a9b5d96aedb5b76f9a,7/28(金) 21:30
marisol,Marisol,暑さ対策とおしゃれのバランスは、頼れるブラックワンピースで【40代夏コーデ】,https://news.yahoo.co.jp/articles/643ab24593a5c425ae1fe95a9e1aa51da861ea57,7/28(金) 20:50
marisol,Marisol,夏バテ対策に「青パパイヤ酵素」ダイエットにもプチ不調にも【40代ヘルスケア】,https://news.yahoo.co.jp/articles/7061e06432e8819ca62b8d00adc1510485d111ef,7/28(金) 20:05
marisol,Marisol,シンプル合わせで「キマっちゃう」トップス＆華やか柄スカート【40代夏コーデ】,https://news.yahoo.co.jp/articles/8ffcbbb9583d82e81ead68b93fb43a9d33015027,7/27(木) 22:30
marisol,Marisol,40代しゃれ見えブラキャミ3選！下着以上洋服未満、華奢ストラップが女っぽい,https://news.yahoo.co.jp/articles/90a777e452e5a62c53262c280914044a055f68d9,7/27(木) 22:00
marisol,Marisol,珍事件続きで落ち込んでいたらスピリチュアルバーに誘われて【40代明日のコーデ】,https://news.yahoo.co.jp/articles/fb9f2caf6eb3906fdf75bd9809337f6c826447f1,7/27(木) 21:30
marisol,Marisol,【40代のお仕事バッグ】大きめトートバッグに回帰！エシカルなものをチョイス,https://news.yahoo.co.jp/articles/c4d0634f1e426d40696c0d99003deec97785838b,7/27(木) 20:51
marisol,Marisol,40代の「定番」愛され力抜群！今買えるティファニーのタイムレス・シルバー,https://news.yahoo.co.jp/articles/bbbbde65f8610243f93df4ebba8411050bc92329,7/26(水) 22:00
marisol,Marisol,あやうく“うっかり失効”しそうに！ 運転免許試験場へ【40代明日のコーデ】,https://news.yahoo.co.jp/articles/eb9bbc71ff0f77a65fb9c4ccb324a2bbc58f7ac1,7/26(水) 21:31
marisol,Marisol,見えそうで見えない“大人の肌見せ”はさりげなく【40代明日のコーデ】,https://news.yahoo.co.jp/articles/ff4251518d72bc1b8e10829ac981b574773bdbcf,7/25(火) 21:30
marisol,Marisol,【40代最新インナー事情】リピーター続出、美フォルムな上質ブラキャミ3選,https://news.yahoo.co.jp/articles/4b5b390dd4e9092d1214e5d4e6049dc74709639e,7/25(火) 20:50
marisol,Marisol,40代の肌悩みすべてに！「ポーラの最高峰美容液」はやっぱり凄かった,https://news.yahoo.co.jp/articles/2fc64f45f6e5bf99abb05a42daf969e41855685e,7/25(火) 20:00
marisol,Marisol,「THE ROW」定番CLASSICベルトの取り入れ方【40代おしゃれプロ】,https://news.yahoo.co.jp/articles/8b2f3b818b16ee0e87f4c51f8621dbe4f00fb13b,7/24(月) 22:00
marisol,Marisol,ついつい声をかけてしまうお世話グセをサングラスで遮断して【40代明日のコーデ】,https://news.yahoo.co.jp/articles/c93ead2be8085418cc43f0fcd42df0dc4966cb45,7/24(月) 21:30
marisol,Marisol,40代、ごわつきやインナードライが気になる夏こそ「オイル美容」に頼りたい,https://news.yahoo.co.jp/articles/b9e47c40c4f77e0e8c2924120cb4a477ee7480a2,7/23(日) 22:30
marisol,Marisol,こんなに買っても1万円台！セールで作る夏のコーデ【40代おしゃれコスパ論】,https://news.yahoo.co.jp/articles/a72717aef8eb4644ea3cc5d9769b6e7fcd786092,7/23(日) 22:00
marisol,Marisol,“手洗いOK”な優秀ジャケットでリフレッシュ通勤【40代明日のコーデ】,https://news.yahoo.co.jp/articles/8fc747fa55d23f50d58febb70340bccd370ca3a7,7/23(日) 21:30
marisol,Marisol,ファッションとも調和しやすい【40代のミディアムヘア月間ランキングTOP5】,https://news.yahoo.co.jp/articles/ab1296352dc2d9936fee72b7cbcb855cf909ea3c,7/23(日) 20:51
marisol,Marisol,プリントワンピからリボンがゆれるフェミニンブラウスまで【40代1週間コーデ】,https://news.yahoo.co.jp/articles/c84e6a275086e29b1261e3d64da4b2b65c35e7d0,7/23(日) 20:01
marisol,Marisol,行ってよかった世界の絶景！自然の宝庫「アイスランド」【40代海外旅行】,https://news.yahoo.co.jp/articles/0ee3097b0d2dfde562282c9d941b10bb691883c6,7/23(日) 19:31
marisol,Marisol,【40代 骨格ウェーブさん】Tシャツ選び「ブラウスっぽいTシャツ」が正解,https://news.yahoo.co.jp/articles/1cf39435897db79af53f0596c1cc143d7063509c,7/23(日) 19:00
marisol,Marisol,乳がんを人に伝えるメリットとデメリットを考える【40代 乳がん闘病記】,https://news.yahoo.co.jp/articles/661425166eff2186d828107bf40f5f641d7221b0,7/22(土) 22:30
marisol,Marisol,夏はカレーが食べたい！おすすめレトルト3選【40代グルメ】,https://news.yahoo.co.jp/articles/64b6c4724fc8a15a7544b8d99fb54dcd0a6aaa03,7/22(土) 22:00
marisol,Marisol,休日は空き部屋をDIY！作業しやすいデニムパンツで【40代明日のコーデ】,https://news.yahoo.co.jp/articles/3d26f2d228a97422314ec009426887fb8a342ec4,7/22(土) 21:31
marisol,Marisol,【40代のボブヘア】幅広いアレンジが可能なボブは、顔まわりレイヤーがポイント！,https://news.yahoo.co.jp/articles/5f2fb7d11cec3338cbdd1b57c9c00e850b19a224,7/22(土) 20:50
marisol,Marisol,モニター映え！かつ即出社もOK「白フェミニントップス」【40代のお仕事服】,https://news.yahoo.co.jp/articles/2031d06da48c9cfd6fcdeedceb495e5de3375849,7/22(土) 20:01
marisol,Marisol,修善寺の人気ブリュワリー兼ビアバー！クラフトビールを堪能【40代国内旅】,https://news.yahoo.co.jp/articles/b53bbc434cb78804b42628bf383ef0231fa7536a,7/22(土) 19:31
marisol,Marisol,【40代 骨格ナチュラルさん】Tシャツ選び「抜け感重視」が正解,https://news.yahoo.co.jp/articles/efae7226010fa039d90ec6feec49a450c7564ce6,7/22(土) 19:03
marisol,Marisol,【40代 骨格ストレートさん】Tシャツ選び「小さすぎず大きすぎない正統派」が正解,https://news.yahoo.co.jp/articles/dde24b0f8bd8806904320943d44691523b8dcc74,7/21(金) 22:00
marisol,Marisol,ビーチではアンニュイな雰囲気を漂わせつつ美脚を見せつけて【40代明日のコーデ】,https://news.yahoo.co.jp/articles/5da5d700e56a382c7abf0258d4c762244472fcfe,7/21(金) 21:30
marisol,Marisol,【40代 脱リモートお仕事服】「きれいめセンタープレスパンツ」でシャキッと！,https://news.yahoo.co.jp/articles/d7e84fb74d480f4687fc4516981d0375c1930428,7/21(金) 20:50
marisol,Marisol,【40代の腹痛】注意が必要な「腹痛」泌尿器系の病気3つ,https://news.yahoo.co.jp/articles/83b7e0b42b91c9ae6633fc579065c3f497525b51,7/21(金) 20:02
marisol,Marisol,【40代の名品ジュエリー】「エルメス」のアイコニック・シルバー3,https://news.yahoo.co.jp/articles/49452298a68a39846fa8ef2197d40fd5565531fb,7/20(木) 22:00
marisol,Marisol,たまにはデートらしいデートでもしてみようかとピンクを選んで【40代明日のコーデ】,https://news.yahoo.co.jp/articles/decb4740b177609d56823760a32fcea74257e56c,7/20(木) 21:30
marisol,Marisol,40代、ビーチでおしゃれを楽しみたい！リゾート旅を盛り上げる名品小物7,https://news.yahoo.co.jp/articles/74c3b5498499b86f4ed9875f719fe6b733f9f4c9,7/20(木) 20:50
marisol,Marisol,40代、「小柄でもきれい見えする」丈短ノースリT＆ボリューム袖ワンピ,https://news.yahoo.co.jp/articles/5f9c4f9e10cacad3110da244ad35c540b4a243c9,7/19(水) 22:30
marisol,Marisol,40代、夏らしさ満点「カフタンワンピース」おしゃれプロ愛用4選,https://news.yahoo.co.jp/articles/ac806947e3e4bbbf6a877e7b460444e0ea1c6750,7/19(水) 22:00
marisol,Marisol,リモート復活、上司と顔を合わせにくかったからタイミングよし【40代明日のコーデ】,https://news.yahoo.co.jp/articles/5fcf953ea5384e5a84999f623b4ae321dc72d384,7/19(水) 21:30
marisol,Marisol,始末書を書く日はきれいめダーク系で反省している感を【40代明日のコーデ】,https://news.yahoo.co.jp/articles/bfafb121fff86e2ba154b1eff1c001e6746fd5a2,7/18(火) 21:30
marisol,Marisol,40代のリゾート旅を盛り上げる小物7選【スイムウェア、帽子etc.】,https://news.yahoo.co.jp/articles/b8e36b74df3de97c2dd495924d65679fe7ca7ca7,7/18(火) 20:51
marisol,Marisol,本物の花びら入りコスメ！40代の夏肌をレスキュー,https://news.yahoo.co.jp/articles/978d2736c97392889adf13df6518169f8e9815fe,7/18(火) 20:02
marisol,Marisol,ひとクセあるエスニック柄で話題殺到！ギリシャ発の注目ブランド【おしゃれプロ】,https://news.yahoo.co.jp/articles/ffc8b88e30d16ac00d65667710b6243e0e554f08,7/17(月) 22:00
marisol,Marisol,お酒が抜けない日はばれないように清涼感ある淡いブルーで【40代明日のコーデ】,https://news.yahoo.co.jp/articles/39b7b17640f920a461265f0639c2eded170ed4fc,7/17(月) 21:30
marisol,Marisol,40代のUVケアは、プチプラ・便利・高機能で！人気の 「プロ・業務用」コスメ3選,https://news.yahoo.co.jp/articles/59c7e7af67d445569c6416cd532baef5102f4a76,7/16(日) 22:30
marisol,Marisol,夏のおでかけ服No.1！ドレスのようなセットアップ【40代おしゃれコスパ論】,https://news.yahoo.co.jp/articles/ab098c118e6429877e1f018419a49e3db42adeec,7/16(日) 22:00
marisol,Marisol,酒豪クライアントの接待はカーゴパンツで乗り切って【40代明日のコーデ】,https://news.yahoo.co.jp/articles/09e1f8ceb7755864f8f004d3672c37ac861717cd,7/16(日) 21:30
marisol,Marisol,夏らしさ満点「カフタンワンピース」おしゃれプロ愛用4選【40代ファッション】,https://news.yahoo.co.jp/articles/4c80df02f38b41726fed70e5a50f17fa6ee4a651,7/16(日) 20:50
marisol,Marisol,シックなモノトーンデニムからふんわりイエローワンピまで【40代1週間コーデ】,https://news.yahoo.co.jp/articles/416e5520e5dbfa62d6d078705bac6a613e36f540,7/16(日) 20:01
marisol,Marisol,日本初進出「voco大阪セントラル」町歩き食べ歩きにも！【40代 国内旅】,https://news.yahoo.co.jp/articles/013794ec213fbc205d43859bb9e35f1ba7e07567,7/16(日) 19:31
marisol,Marisol,一点勝負の「主役ワンピース」5選！涼しくて気分が上がる【40代 夏ファッション】,https://news.yahoo.co.jp/articles/f2f985fd68d58295bcbbd9af39376f7fbd783296,7/16(日) 19:00
marisol,Marisol,吉祥寺の人気店ビストロ＆ベーカリー。まるでパリのような雰囲気【40代グルメ】,https://news.yahoo.co.jp/articles/fbfa6df9baa599fba78c7a9374fddf5f537fd26c,7/15(土) 22:30
marisol,Marisol,40代もメインで使える！プチプラ雑貨店で見つけた「おしゃれロゴトートバッグ」,https://news.yahoo.co.jp/articles/18261738ffc46ba5e3f65d2d4403920035aecba8,7/15(土) 22:00
marisol,Marisol,気恥ずかしく顔を直視できない時は、カンカン帽が役に立つ【40代明日のコーデ】,https://news.yahoo.co.jp/articles/8917df24eb93ccaf9cb068b0822d0d28f185e8b8,7/15(土) 21:30
marisol,Marisol,洗練されたボブは、いつでもトレンドの最前線に【40代のボブヘア】,https://news.yahoo.co.jp/articles/8983e16b67db2d5662ba38631bdfce3f3f62d40a,7/15(土) 20:50
marisol,Marisol,着やせ効果アリ！40代の名品黒ワンピ着回し3スタイル,https://news.yahoo.co.jp/articles/ba7bddeb75b4aaae99fecbd4312069b3d13cb474,7/15(土) 20:02
marisol,Marisol,【初夏の箱根旅】有形文化財の宿「塔の沢一の湯本館」へ,https://news.yahoo.co.jp/articles/8c7b916f7376a0c35fc50be4331a921a6b0000cc,7/15(土) 19:32
marisol,Marisol,「秋色」Tシャツワンピはオフィスでも活躍！40代に似合う着回し3スタイル,https://news.yahoo.co.jp/articles/bf2483b43210e7fbd31b38155c4a9c7e9e174936,7/15(土) 19:01
marisol,Marisol,「着ると上品なムードに決まる」おしゃれプロから支持されるブランド,https://news.yahoo.co.jp/articles/50c9f06b00f5266f7b59d0c1ceda29b6f817fb1e,7/14(金) 22:00
marisol,Marisol,映画館には冷房対策用にデニムジャケットを持参して【40代明日のコーデ】,https://news.yahoo.co.jp/articles/6db0bf26d34ee796a75b5f3b7738badcc9ecf2ac,7/14(金) 21:30
marisol,Marisol,40代、トップスの裾アウトするなら「デザイン＆丈感」が重要！【夏ファッション】,https://news.yahoo.co.jp/articles/322b06b7197fceaa333810281b59ac5e28f5e06e,7/14(金) 20:51
marisol,Marisol,髪のニオイが気になる！ 頭皮すっきり「夏シャンプー」4選【40代ヘアケア】,https://news.yahoo.co.jp/articles/66164dfc92ad0115f6b9fcd6597ee645e8033430,7/14(金) 20:02
marisol,Marisol,即完売の人気アイテム！松村純子さんコラボのカフタンワンピ【40代夏ファッション】,https://news.yahoo.co.jp/articles/826163476f43bf154c01478efd5161d61e5e0c0f,7/13(木) 22:00
marisol,Marisol,一緒にホタルを見ようと誘われた日は薄軽ブルゾンで虫除け対策【40代明日のコーデ】,https://news.yahoo.co.jp/articles/cab03cbd4d7eeabf50bc4767a32dceac0260450a,7/13(木) 21:30
marisol,Marisol,40代のヘビロテ服の筆頭！「カットソーワンピース」着こなし【夏ファッション】,https://news.yahoo.co.jp/articles/6dbfb5fd52a540f90556466ad2a3e9a4ba3821cb,7/13(木) 20:50
marisol,Marisol,人気スタイリストコラボ・2大名品が40代に似合うワケ【夏ファッション】,https://news.yahoo.co.jp/articles/98bad7ded4cd37aa7dda5801b7885ba7bfa869f4,7/12(水) 22:30
marisol,Marisol,40代のしゃれ感アップなら「キャミワンピース」を！【おしゃれプロのレコメンド】,https://news.yahoo.co.jp/articles/8188d0e439383781860d5a82159e205bf095dea8,7/12(水) 22:00
marisol,Marisol,巻き爪でぺたんこ靴でも脚長見えパンツで【40代明日のコーデ】,https://news.yahoo.co.jp/articles/234a8ceb0ff70e211c5b1877cfd42279494acba9,7/12(水) 21:30
marisol,Marisol,誰よりも早く出社し余裕を見せたいから時短コーデで【40代明日のコーデ】,https://news.yahoo.co.jp/articles/bb5c4ca85bb710a4f9d84fd1880b0db6ecb3e588,7/11(火) 21:30
marisol,Marisol,40代に似合うこだわりが満載！名品ワンヒース【夏ファッション】,https://news.yahoo.co.jp/articles/ed30ffd343dcfbe1cf2bc95cc5820ebd629130a1,7/11(火) 20:51
marisol,Marisol,スーパーフード「ごま」がたっぷり！ ギルトフリースイーツが食べられるカフェ,https://news.yahoo.co.jp/articles/fff2d3ef9e4329447bf45ff4e76fac9ef41fd19b,7/11(火) 20:01
marisol,Marisol,雨の日も気分が上がる！オシャレで機能的な服【40代梅雨コーデ】,https://news.yahoo.co.jp/articles/93d840363abd6c1b4eb40592995f7335459ec2cf,7/10(月) 22:00
marisol,Marisol,宴会では優しい印象の華やかコーデで和ませて【40代明日のコーデ】,https://news.yahoo.co.jp/articles/3ddcb8b0dbf9b2d5ee64aa888259225880ed6dbc,7/10(月) 21:30
marisol,Marisol,【台湾旅行】季節限定オープンのかき氷屋さんで絶品マンゴーを食す！,https://news.yahoo.co.jp/articles/fd6397c0cb916875df75318fd50adc30999c9763,7/9(日) 22:30
marisol,Marisol,おしゃれな「ロゴTシャツ」失敗しない選び方【40代おしゃれコスパ論】,https://news.yahoo.co.jp/articles/a7c6a07795b023eda06a5bc534fb8651c03b112e,7/9(日) 22:00
marisol,Marisol,寝坊してもほんのりモードなジレできちんと感を出して【40代明日のコーデ】,https://news.yahoo.co.jp/articles/9674dc0c812293103d0b603ec75870ac88a45e8d,7/9(日) 21:30
marisol,Marisol,40代にちょうどいいと話題！アメリカ発のパックTシャツ【40代ファッション】,https://news.yahoo.co.jp/articles/d8f0456a04a0946d4681f85d72b2b2a2380ee29c,7/9(日) 20:51
marisol,Marisol,ひらひら袖ブラウスから清潔感白シャツワンピまで【40代1週間コーデ】,https://news.yahoo.co.jp/articles/66cfea3cff643f42a9c3a315f93baff5c169ff3e,7/9(日) 20:01
marisol,Marisol,絶品ネパールカレーとビリヤニランチ。吉祥寺の人気店レポ【40代グルメ】,https://news.yahoo.co.jp/articles/46ca88cdfe67e89096cec184b4c8eaafb8327c3b,7/9(日) 19:30
marisol,Marisol,週3着たい！「とろみセットアップ」通勤にも学校行事にも【40代夏ファッション】,https://news.yahoo.co.jp/articles/8963233f789b231a850173cadc4c89484bb64b96,7/9(日) 19:02
marisol,Marisol,沖縄を満喫！最高の非日常感を味わうホテルステイ【40代の国内旅】,https://news.yahoo.co.jp/articles/ef467fae5aac1b5ca58d68ffa0ec9fab3f104913,7/8(土) 22:30
marisol,Marisol,素足をキレイに！かかとの「角質ケア」に欠かせないアイテム【40代ボディケア】,https://news.yahoo.co.jp/articles/808b7417bf8bf4156a53d50a8e9b4c5695c613df,7/8(土) 22:00
marisol,Marisol,念願のパスポートを受け取る日は、リゾート気分先取りコーデ【40代明日のコーデ】,https://news.yahoo.co.jp/articles/9d929a196237775dfb02c8e685a2b2cd5bc2448c,7/8(土) 21:30
marisol,Marisol,【40代のボブヘア】髪のツヤアップに効く、華やかなピンクベージュの髪色に,https://news.yahoo.co.jp/articles/b9a5bef2129fbd273a9a8b279120a1b4f1c8972d,7/8(土) 20:50
marisol,Marisol,40代、印象チェンジできる「シャツワンピース」4選！おしゃれプロがレコメンド,https://news.yahoo.co.jp/articles/bf75b5c87c4ecfaa0842b969d69d46f1bfe54558,7/8(土) 20:01
marisol,Marisol,40代のお肌に「レッドライトセラピー」体験談,https://news.yahoo.co.jp/articles/56d698d1b40787f4cf7cbe7a8e66131ca139cf7e,7/8(土) 19:31
marisol,Marisol,おしゃれプロの「これ買っちゃいました」40代に人気の注目ブランド,https://news.yahoo.co.jp/articles/04b98b215e66d2f9503f01fafbfbb46125059d99,7/8(土) 19:01
marisol,Marisol,40代の女っぷりコーデに欠かせない旬ジュエリー8選,https://news.yahoo.co.jp/articles/17a979fb18306d151973c3a122ed83075ebbc695,7/7(金) 22:00
marisol,Marisol,ひとり反省会をしてしまいそうな日はデニムで砂浜を歩いて【40代明日のコーデ】,https://news.yahoo.co.jp/articles/39cadf26e4298b8dc2b88beee3ffb85a36c0a510,7/7(金) 21:30
marisol,Marisol,1着あればコーデが映える！大人のための「花柄スカート」着こなし,https://news.yahoo.co.jp/articles/a3db083b866de85466baead402a9d628a63ea7cb,7/7(金) 20:50
marisol,Marisol,頑張らなくても結果が！プチプラから名品まで。40代のヘアケアアイテム4品,https://news.yahoo.co.jp/articles/dab9e0dbe80fd0b1ccbb4f9339acc7e22e037511,7/7(金) 20:02
marisol,Marisol,40代、真夏コーデをクールダウン！「真っ白×シルバーアクセ」,https://news.yahoo.co.jp/articles/3f6a31b6d9d946c8517141a97aec34d9db3d2e67,7/6(木) 22:00
marisol,Marisol,SPの彼と初デート。清潔感のある白ワンピで【40代明日のコーデ】,https://news.yahoo.co.jp/articles/fbac382482c617024a873ceaa14d55696fb027b2,7/6(木) 21:30
marisol,Marisol,厳選！40代が買ってよかったサイズ別【夏バッグ3選】,https://news.yahoo.co.jp/articles/041e303c021d8c4ae2cc8973d6f9fbd682074606,7/6(木) 20:50
marisol,Marisol,「それどこの？」聞かれるのはやっぱりこれ！おしゃれな”スポサン”3選,https://news.yahoo.co.jp/articles/682bed7905bba32354955faaa13fb60bc68af63c,7/5(水) 22:30
marisol,Marisol,旅行先にも、学校行事にも「ふたつ折りして持ち運べる」バレーシューズが活躍！,https://news.yahoo.co.jp/articles/be1e55de15e162b6e1405811027ca22555e7fa74,7/5(水) 22:00
marisol,Marisol,安定した仕事ぶりを見せたい日は大地を感じるアースカラーで【40代明日のコーデ】,https://news.yahoo.co.jp/articles/911ffde259652aef6ba127df14dff1ea15e2041e,7/5(水) 21:30
marisol,Marisol,誹謗中傷を受けた日は仕事で汚名返上！ひたすら仕事に没頭【40代明日のコーデ】,https://news.yahoo.co.jp/articles/124c7ec7cf307b19a7dd4677fbbe69bdc3a85dd3,7/4(火) 21:30
marisol,Marisol,【40代のGUコーデ】楽ちん高見えサンダルを3色イロチ買い,https://news.yahoo.co.jp/articles/2a1f12c947eb3c35e751c094e73b451edea572df,7/4(火) 20:51
marisol,Marisol,40代に多い婦人科系の「腹痛」原因となりやすい病気4つ,https://news.yahoo.co.jp/articles/3f245fcbcf2f7583cdb8abbbd4899a21efc2f2ae,7/4(火) 20:01
marisol,Marisol,40代が痛く見えない「ロゴT」3選！欲しいのはレトロライクなこなれ感,https://news.yahoo.co.jp/articles/97511d092999f80db53d76a2fb7738f8b38241c5,7/3(月) 22:00
marisol,Marisol,ハッとするネオンオレンジを効かせて新しい私をアピール【40代明日のコーデ】,https://news.yahoo.co.jp/articles/17e6945547f8aa96487f4eddd8ec108abc3bffde,7/3(月) 21:30
marisol,Marisol,「乳がんを誰にどこまで伝えるか」【40代 乳がん闘病記】,https://news.yahoo.co.jp/articles/5226849e92283f981b94380253189a8292ec65b5,7/2(日) 22:30
marisol,Marisol,サンダルに飽きたら「サマーブーツ」美脚＆あか抜ける本命シューズ【40代コーデ】,https://news.yahoo.co.jp/articles/ab7d3d5b42ad968cb83d421ebae9643e67339173,7/2(日) 22:00
marisol,Marisol,ヘアスタイルがうまくまとまらない！仕事終わりに美容室へ【40代明日のコーデ】,https://news.yahoo.co.jp/articles/8fe9a34f6d6c400557d28c1409ed095133c5e981,7/2(日) 21:30
marisol,Marisol,【40代のショートヘア人気ランキングTOP5】重さと軽さをMIX！,https://news.yahoo.co.jp/articles/0e79bca49caf00d939e8346693194694d826fe0b,7/2(日) 20:50
marisol,Marisol,品良く見えるピンクワンピからアクティブな黒パンツまで【40代1週間コーデ】,https://news.yahoo.co.jp/articles/1c188fec7255ecde67e3d3a4726d1f6be9e893c7,7/2(日) 20:02
marisol,Marisol,人生で一度は見たい！トマムの大自然が織りなす絶景スポット【40代国内旅】,https://news.yahoo.co.jp/articles/35699cecfa9e72a5bf8b6fea348a97772f822fe1,7/2(日) 19:31
marisol,Marisol,はき心地＆しゃれ見えを両立！40代のための「涼ボトム」5選,https://news.yahoo.co.jp/articles/9b2409583c7f89f7dddbc14e9bb7945758a21891,7/2(日) 19:02
marisol,Marisol,『海街チャチャチャ』人気俳優キム・ソンホさん、待望の初ファンミーティングレポ,https://news.yahoo.co.jp/articles/5191b0d56438ab8a2b66c46127556d6b0434b3fe,7/1(土) 22:30
marisol,Marisol,カラフルな自家製ピクルスで梅雨の「どんより」を乗り切る【40代ライフスタイル】,https://news.yahoo.co.jp/articles/74dab30c40cf037af0f66997ee10032c2a22aba3,7/1(土) 22:00
marisol,Marisol,お花と甘いケーキを手みやげに実家訪問【40代明日のコーデ】,https://news.yahoo.co.jp/articles/fd6f8938ea237b7c10e098059525a999f81ba089,7/1(土) 21:30
marisol,Marisol,【40代のボブヘア】短すぎないからトライしやすい！夏向け「ミニボブ」スタイル,https://news.yahoo.co.jp/articles/d345c539ed53a8e17380b42e28c759090e55cfd0,7/1(土) 20:50
marisol,Marisol,40代に似合う夏色「着映えグリーン」で鮮度3割増し！【40代ファッション】,https://news.yahoo.co.jp/articles/3e1488f8988c042026be12df080e9ad3a3062b7b,7/1(土) 20:02
marisol,Marisol,【鎌倉グルメ】四川麻婆豆腐が都内で味わえる行列店「かかん」,https://news.yahoo.co.jp/articles/f33f788d6a251125143de1a3acf44fa52f84e584,7/1(土) 19:31
marisol,Marisol,おしゃれプロのバッグは十人十色！自分らしさで選ぶが正解【40代ファッション】,https://news.yahoo.co.jp/articles/b8985c7db8cb0206bc16183008688f312367ccdd,7/1(土) 19:03
marisol,Marisol,突然のストライプブーム到来！おしゃれプロの2023春夏「これ買っちゃいました！」,https://news.yahoo.co.jp/articles/90a73322cba3182c458c7d13c459b7ecdb939061,6/30(金) 22:00
marisol,Marisol,ゴルフレッスンで出会った彼にキュン。空を飛んでる気分【40代明日のコーデ】,https://news.yahoo.co.jp/articles/59dea11ff4feb369ec3bfcfafc074d2923d0c3d8,6/30(金) 21:30
marisol,Marisol,勇気を出してトップスイン！アウトするならデザインを吟味【40代コーデ】,https://news.yahoo.co.jp/articles/683121de866ab121659daf1d811494ea299a4a98,6/30(金) 20:50
marisol,Marisol,40代、夏肌の悩みがすべて吹っ飛ぶ山田養蜂場「RJ」のコスメ,https://news.yahoo.co.jp/articles/beda388c6d93865a91940a5adcebe2eec6c1f57b,6/30(金) 20:03
marisol,Marisol,人気拡大中「ジレ」がいよいよ定番化！おしゃれプロが選ぶ【40代のジレ3選】,https://news.yahoo.co.jp/articles/23440075c7b54b43933b76bccde40461b8033ebd,6/29(木) 22:00
marisol,Marisol,仕事帰りに手ぶらでインドアゴルフスクールに初参戦！【40代明日のコーデ】,https://news.yahoo.co.jp/articles/47a75a757f64f88b8ebdbc19ee289315836a0775,6/29(木) 21:30
marisol,Marisol,梅雨の寒さ対策！持ってて良かったシンプルシャツ【40代ユニクロコーデ】,https://news.yahoo.co.jp/articles/740432a163a454e0a3fe921be779818b90fef7fb,6/29(木) 20:50
marisol,Marisol,40代「無地Tシャツの選び方」体型をデザインでカバー！おしゃれプロが解説,https://news.yahoo.co.jp/articles/bb8c5e7adb4c278babcc1bcaf3f1004fcfafc040,6/28(水) 22:30
marisol,Marisol,40代、地味見えしない「黒サンダル」＆カジュアルすぎない「ぺたんこサンダル」,https://news.yahoo.co.jp/articles/e7816f77e26ea9732b55cbce4cf12b4498aba047,6/28(水) 22:00
marisol,Marisol,健康診断の日は脱ぎ着しやすいようにペタンコサンダルで【40代明日のコーデ】,https://news.yahoo.co.jp/articles/e5d8a19c01070dde9633087475fb814e2b733daa,6/28(水) 21:30
