media_en,media_jp,title_articles,link_articles,date_original
raditopi,ƒ‰ƒWƒgƒs@ƒ‰ƒWƒIŠÖ¼ƒgƒsƒbƒNƒX,o–…“ssEo–…“Xetc@©‚È‚ºgo–…hH@gŒZ’íh‚Å‚È‚¢——R‚Æ‚ÍH@u“ú–{Œê‚É–³‚¢ŠT”Ov‚Æ—L¯Ò,https://news.yahoo.co.jp/articles/989280bfd9a913e7137ddfb9af15bdc6ed7bba03,4/15(Œ) 12:30
raditopi,ƒ‰ƒWƒgƒs@ƒ‰ƒWƒIŠÖ¼ƒgƒsƒbƒNƒX,y_ŒËsz“üê–³—¿‚Ìƒ`ƒƒƒŠƒeƒB[ƒtƒFƒXuCOMING KOBE24v‚ª20ü”N@5Œ19“úŠJÃ,https://news.yahoo.co.jp/articles/060fd85a98d5cd0f9732a7e3f24cdbbea55f6a5a,4/15(Œ) 11:00
raditopi,ƒ‰ƒWƒgƒs@ƒ‰ƒWƒIŠÖ¼ƒgƒsƒbƒNƒX,ƒSƒ‹ƒt—ûKê‚Åˆ¤Œ¢‚Ì‚µ‚Â‚¯H@uŠwEHEƒAƒNƒeƒBƒrƒeƒBvŠ‚¤{İ‚ª‘±X@_ŒË‚ÌV‚½‚È’–ÚƒXƒ|ƒbƒg,https://news.yahoo.co.jp/articles/2f63fd9e0122e992231be7027fa240b716145482,4/15(Œ) 7:00
raditopi,ƒ‰ƒWƒgƒs@ƒ‰ƒWƒIŠÖ¼ƒgƒsƒbƒNƒX,uÀ—Íd‹‚ÌƒAƒCƒhƒ‹–Úw‚µ‚½‚¢v@‚—ä‚Ì‚È‚Å‚µ‚±@—ÁŠCE‹´–{‚ªŒê‚ég¡Œã‚Ì–Ú•Wh‚Æ‚Í,https://news.yahoo.co.jp/articles/43ee500530af797ece645e974ac710b6c4966d58,4/14(“ú) 19:00
raditopi,ƒ‰ƒWƒgƒs@ƒ‰ƒWƒIŠÖ¼ƒgƒsƒbƒNƒX,10l‘gƒAƒCƒhƒ‹E‚—ä‚Ì‚È‚Å‚µ‚±@2Œ‚ÉƒƒWƒƒ[ƒfƒrƒ…[@—ÁŠCE‹´–{‚ªV‹È‚Ì’®‚«‚Ç‚±‚ëĞ‰î,https://news.yahoo.co.jp/articles/ffd49038b35338c3c05d34de18f8d82d17a8e9e7,4/14(“ú) 18:00
raditopi,ƒ‰ƒWƒgƒs@ƒ‰ƒWƒIŠÖ¼ƒgƒsƒbƒNƒX,‹“s‚ÌƒpƒtƒFê–å“X‚É–éŒÀ’è‚Ìƒ`ƒ‡ƒRƒŒ[ƒgƒpƒtƒF“oêI@2í‚Ìƒ`ƒ‡ƒRƒAƒCƒX‚È‚Ç8í‚ÌHŞ‹l‚ß‡‚í‚¹,https://news.yahoo.co.jp/articles/2f0ba75256e6a0ace25dd06f1e4c6c1ec6a94a35,4/14(“ú) 12:00
raditopi,ƒ‰ƒWƒgƒs@ƒ‰ƒWƒIŠÖ¼ƒgƒsƒbƒNƒX,•ºŒÉŒ§—\Z@áÒ¢‘ã‚ğ‰‰‡@‚Z¶‚ÉuŠCŠO•ÒCsvƒvƒƒWƒFƒNƒg@Ö“¡•ºŒÉŒ§’m–,https://news.yahoo.co.jp/articles/d946c7a5c0f63ea3b43bf0a82ed6737b51f2b104,4/14(“ú) 7:00
raditopi,ƒ‰ƒWƒgƒs@ƒ‰ƒWƒIŠÖ¼ƒgƒsƒbƒNƒX,ŠJ”­‚µ‚½ƒtƒŒ[ƒo[‚Í520í—ŞI@u‚ ‚ñ‚±‚Ì‰Â”\«v‚ğ’Ç‹‚·‚é_ŒË‚Ì˜V•Ü»éQŠ‚ÉÅV–î‚ğ•·‚­,https://news.yahoo.co.jp/articles/8d618e16e38687b7db7b33f2c278b691f8702c26,4/14(“ú) 7:00
raditopi,ƒ‰ƒWƒgƒs@ƒ‰ƒWƒIŠÖ¼ƒgƒsƒbƒNƒX,‘åãEŠÖ¼–œ” ŠJ–‹‚Ü‚Å1”N _ŒË‚ÌƒGƒLƒXƒ|EƒEƒIƒbƒ`ƒƒ[‚ªŒê‚éhƒŒƒKƒV[iˆâYjh‚Æ‚ÍH,https://news.yahoo.co.jp/articles/5ad5104a55f2b60ba8697287d75cca47d236f3b0,4/14(“ú) 6:00
raditopi,ƒ‰ƒWƒgƒs@ƒ‰ƒWƒIŠÖ¼ƒgƒsƒbƒNƒX,u30”N•ª‚Ì‚ ‚è‚ª‚Æ‚¤‚ğ‹l‚ß‚ñ‚¾vTRFƒfƒrƒ…[‹L”OBOX‚Ì‹‰Ø“à—e‚ğDJ KOO‚ªĞ‰î,https://news.yahoo.co.jp/articles/245520a5c7dd90de9314e6b041eb7879731f3709,4/13(“y) 19:00
raditopi,ƒ‰ƒWƒgƒs@ƒ‰ƒWƒIŠÖ¼ƒgƒsƒbƒNƒX,uƒgƒCƒŒ‚É“ü‚é‚Ì‚ÉˆÃØ”Ô†!?v@‹Á‚«‚ÆÅ‚èc‚È‚ñ‚Å‚â‚Ë‚ñ!?@——R‚ğ•·‚¢‚Ä‚İ‚½,https://news.yahoo.co.jp/articles/fb62b84eb060ad4773ddbc875fcff488117ca2ee,4/13(“y) 19:00
raditopi,ƒ‰ƒWƒgƒs@ƒ‰ƒWƒIŠÖ¼ƒgƒsƒbƒNƒX,u‹L‰¯”ò‚ñ‚Å‚évƒAƒeƒl‚Ì‹ê‚¢ŒoŒ±¨–k‹‚Å‹àƒƒ_ƒ‹@ÁÜæ‚è‰z‚¦‚ç‚ê‚½——R@Œ³ƒ\ƒtƒgƒ{[ƒ‹“ú–{‘ã•\,https://news.yahoo.co.jp/articles/256280075b669fce1f3e6de86ae07c55f00faba7,4/13(“y) 18:00
raditopi,ƒ‰ƒWƒgƒs@ƒ‰ƒWƒIŠÖ¼ƒgƒsƒbƒNƒX,_ŒËƒ}ƒ‰ƒ\ƒ“@Q‰Áƒ‰ƒ“ƒi[‰‰‡ŠG‰æ‚ğ•åW@‰•å‘Ši‚Íu•ºŒÉŒ§‚ª‘åD‚«v‚Å‘å‰ï‚ğ‰‰‡‚·‚é¬Šw¶ˆÈã,https://news.yahoo.co.jp/articles/6fbefc68e4d6ef34e43898dfffd8af71f4bdfd72,4/13(“y) 12:00
raditopi,ƒ‰ƒWƒgƒs@ƒ‰ƒWƒIŠÖ¼ƒgƒsƒbƒNƒX,sJR•Ÿ’mRü’Eü–ŒÌ‚©‚ç19”Nt•‰Ò‚Ìv‚¢“`‚¦‚éw‹óF‚Ìxx‰ï‚¢‚És‚­lA—ˆ‚élc‚Â‚È‚®t,https://news.yahoo.co.jp/articles/f689f67a7ad548f424a72899e3bd61758ca3ad89,4/13(“y) 8:00
raditopi,ƒ‰ƒWƒgƒs@ƒ‰ƒWƒIŠÖ¼ƒgƒsƒbƒNƒX,ƒ`[ƒ€ƒ‰ƒ{ ƒ{ƒ^ƒjƒJƒ‹ƒK[ƒfƒ“ ‘åãAŒõ‚è‹P‚­ƒlƒ‚ƒtƒBƒ‰ŒöŠJ’†@4Œ’†{‚ÉŒ©‚²‚ëA5Œ19“ú‚Ü‚Å,https://news.yahoo.co.jp/articles/20184650769800ee5547a6c7caa04910b80027fb,4/13(“y) 7:30
raditopi,ƒ‰ƒWƒgƒs@ƒ‰ƒWƒIŠÖ¼ƒgƒsƒbƒNƒX,u”_‹Æ‚ª•ø‚¦‚é—lX‚È–â‘è‚ğg…kÍ”|h‚Å‰ğŒˆ‚µ‚½‚¢v@_ŒË‚Ì‰ïĞ‚ª‘åŠw‚Æ‚Ì‹¤“¯Œ¤‹†i‚ß‚é,https://news.yahoo.co.jp/articles/e750498538c8a0f8f63ebe9c229e41f9b0934286,4/13(“y) 7:00
raditopi,ƒ‰ƒWƒgƒs@ƒ‰ƒWƒIŠÖ¼ƒgƒsƒbƒNƒX,‘åãEŠÖ¼–œ” ŠJ–‹‚Ü‚Å1”N _ŒË‚Ì‘åŠw¶AhEXPO'70‚©‚ç2025‚ÖhƒhƒLƒ…ƒƒ“ƒ^ƒŠ[§ì,https://news.yahoo.co.jp/articles/9f2d439714f90869dd3545a4af171e557f011238,4/13(“y) 6:45
raditopi,ƒ‰ƒWƒgƒs@ƒ‰ƒWƒIŠÖ¼ƒgƒsƒbƒNƒX,‘åãEŠÖ¼–œ” ŠJ–‹‚Ü‚Å1”NuˆÓŒ©‚³‚Ü‚´‚ÜA‚Å‚àŠÔ‚É‡‚¤v ƒPƒ‹ƒPƒ“ƒcƒFƒXEBIE––±‹Ç’·‚ªŒê‚é,https://news.yahoo.co.jp/articles/be24f705e9d296bb5b8b5654436ef737e91ed091,4/13(“y) 5:00
raditopi,ƒ‰ƒWƒgƒs@ƒ‰ƒWƒIŠÖ¼ƒgƒsƒbƒNƒX,ã‹}‚¤‚ß‚¾~ƒtƒ@ƒ~ƒŠƒA‘å‹K–ÍƒRƒ‰ƒ{I@24“ú‚©‚ç@ƒtƒFƒCƒ‰[AƒAƒ“ƒeƒvƒŠƒ}‚ç‘“àŠO15ƒuƒ‰ƒ“ƒh‚Æ,https://news.yahoo.co.jp/articles/5f1b5d41fa6d1835d240b4108301b6bb5c39b892,4/12(‹à) 18:30
raditopi,ƒ‰ƒWƒgƒs@ƒ‰ƒWƒIŠÖ¼ƒgƒsƒbƒNƒX,ƒ^ƒ“ƒ^ƒ“‚ÉÅŒã‚Ì‚¨•Ê‚ê‚ğ@5Œ10“úA_ŒËs—§‰¤q“®•¨‰€‚Å’Ç“‰®‚ğŠJÃ@ˆê”ÊQ—ñÒ–ñ100l•åW,https://news.yahoo.co.jp/articles/b331a6c9e1d1e6883e59e050e7f14ec9869cefee,4/12(‹à) 18:00
raditopi,ƒ‰ƒWƒgƒs@ƒ‰ƒWƒIŠÖ¼ƒgƒsƒbƒNƒX,’·”¯‚Í”½R‚Æ’j—•½“™‚ÌÛ’¥‚¾‚Á‚½cº˜a‰Ì—wAº˜aƒ|ƒbƒvƒX‚©‚çŠ´‚¶‚éƒWƒFƒ“ƒ_[ˆÓ¯‚Ì•Ï‰»,https://news.yahoo.co.jp/articles/11e3b3f2a0f86dbad5b8f2d84c252ee84101dff7,4/12(‹à) 17:00
raditopi,ƒ‰ƒWƒgƒs@ƒ‰ƒWƒIŠÖ¼ƒgƒsƒbƒNƒX,©‘REƒOƒ‹ƒE‰·ò@S‚ÆƒJƒ‰ƒ_‚ÉŠğ‚µ‚¢–£—Í‚½‚Á‚Õ‚èw‰ªRE”üì‘x@H‚É‚ÍŒ|pÕ‚àŠJÃ—\’èI,https://news.yahoo.co.jp/articles/db0b1bf8b867bb5c9e01c664134aa54474b83a40,4/12(‹à) 15:50
raditopi,ƒ‰ƒWƒgƒs@ƒ‰ƒWƒIŠÖ¼ƒgƒsƒbƒNƒX,º˜a‚ÍŒ‚Á‚Ï‚ç‚¤‚±‚Æ‚ªƒJƒbƒR‚æ‚©‚Á‚½Hˆù‚İƒjƒP[ƒVƒ‡ƒ“Hº˜a‰Ì—w‚©‚ç‚Ğ‚à‚Æ‚­“ú–{‚Ìˆùğ•¶‰»‚Æ‚Í,https://news.yahoo.co.jp/articles/84a0a473ebd664dd4fdb4b7478c419b949411579,4/12(‹à) 12:00
raditopi,ƒ‰ƒWƒgƒs@ƒ‰ƒWƒIŠÖ¼ƒgƒsƒbƒNƒX,ƒzƒXƒeƒ‹‚Ì—«ƒI[ƒi[‚ªŠCŠO•¶‰»‚ğæ‚è“ü‚ê‚½u•Ûˆç{İvŒv‰æ’†@p‚ğ•Ï‚¦‚é_ŒËEVŠJ’n‚Ìg‚¢‚Üh,https://news.yahoo.co.jp/articles/70d1c8a29f0e4fce643d338ca59b10b6efc3586a,4/12(‹à) 11:55
raditopi,ƒ‰ƒWƒgƒs@ƒ‰ƒWƒIŠÖ¼ƒgƒsƒbƒNƒX,ƒƒbƒeƒŠƒA~‚·‚İ‚ÁƒR‚®‚ç‚µ@ŠúŠÔŒÀ’èƒZƒbƒg@ƒy[ƒp[ƒNƒ‰ƒtƒgAƒTƒRƒbƒVƒ…‚È‚Ç‘I‚×‚é“Á“T3í‚Â‚«,https://news.yahoo.co.jp/articles/01364e17b2248e65c6e8c80118b8dd67e6e30da2,4/12(‹à) 11:45
raditopi,ƒ‰ƒWƒgƒs@ƒ‰ƒWƒIŠÖ¼ƒgƒsƒbƒNƒX,’©H‚Égƒ`ƒ‡ƒRƒŒ[ƒg‚Ì‚Ó‚è‚©‚¯h‚ªƒ}ƒXƒg!?@ŠÃ“}‚Ğ‚µ‚ß‚­‘EƒIƒ‰ƒ“ƒ_‚ÌŒÂ«“I‚ÈH•¶‰»‚Æ‚Í,https://news.yahoo.co.jp/articles/f4c0ed6e19becd5c198ae4848f4fa7c8ee1e453b,4/12(‹à) 7:00
raditopi,ƒ‰ƒWƒgƒs@ƒ‰ƒWƒIŠÖ¼ƒgƒsƒbƒNƒX,ŠG–{ì‰Æ‚ª–Ÿ‰æ‰Æu–]‚ÌƒŠƒXƒi[‚ÉƒAƒhƒoƒCƒX@u‘±‚¯‚é‚±‚Æ‚ª•K—vv@ƒŠƒXƒi[‚Ìw‚Í‚¶‚ß‚Ìˆê•àxĞ‰î,https://news.yahoo.co.jp/articles/6addde0403fffbe6c4acb881ce67072537086c55,4/12(‹à) 7:00
raditopi,ƒ‰ƒWƒgƒs@ƒ‰ƒWƒIŠÖ¼ƒgƒsƒbƒNƒX,J1_ŒË@‘å”—•‰A‘Oìo’â‚ÅŒ}‚¦‚éñˆÊ’¬“c‚Æ‚Ì‘—§Œˆí@’–Ú‚Í‘Oü‚ÌŠ¾‚©‚«–ğ‚Æ“¬u‚ ‚Ó‚ê‚éGK,https://news.yahoo.co.jp/articles/e8d2ddef336db5e55cddb928f45f3dbd24a88fd6,4/11(–Ø) 17:00
raditopi,ƒ‰ƒWƒgƒs@ƒ‰ƒWƒIŠÖ¼ƒgƒsƒbƒNƒX,ŠC‚Ì»‚ÅŠG–{‚ğ•`‚­ì‰Æ@ÅVìw‚¾‚¢‚¶‚È‚ ‚È‚½x‚É‚ß‚½v‚¢@uŠG–{‚ğ’Ê‚¶‚ÄŠ´Ó‚Ì‚±‚Æ‚Î‚ğv,https://news.yahoo.co.jp/articles/0aefb741b0479ee80d2cbdba993960113be8dc4e,4/11(–Ø) 13:00
raditopi,ƒ‰ƒWƒgƒs@ƒ‰ƒWƒIŠÖ¼ƒgƒsƒbƒNƒX,YOSHIKI~ƒLƒeƒBuyoshikittyv‚Ì–ÚŠo‚Ü‚µŒvA—\–ñŠJnI@B‚è‚¨‚ë‚µƒ{ƒCƒX“ü‚è,https://news.yahoo.co.jp/articles/c4ccfdf429267b26401cccfbbf35e8a2c406adc8,4/11(–Ø) 11:30
raditopi,ƒ‰ƒWƒgƒs@ƒ‰ƒWƒIŠÖ¼ƒgƒsƒbƒNƒX,u‚Ù‚ÚƒJƒj_ĞvA_ŒË˜ZƒAƒCEƒJƒlƒeƒcƒfƒŠƒJƒt[ƒY“à‚É’a¶@lS‚ÉŠñ‚è“Y‚¤‹³‚¦ug‚Ù‚Úh‚Å‚¢‚¢v,https://news.yahoo.co.jp/articles/50d7598c387749d71b2f86311db0b77b37e3f9ed,4/11(–Ø) 7:00
raditopi,ƒ‰ƒWƒgƒs@ƒ‰ƒWƒIŠÖ¼ƒgƒsƒbƒNƒX,SNS‚ÅƒoƒY‚è’†I@‚Ğ‚Á‚Ï‚Á‚ÄL‚Î‚·Ô‚¿‚á‚ñlŒ`wƒAƒOƒŠ[ƒxƒCƒr[ƒYx@ƒŠƒAƒ‹‚ÈŠç‚ÆŠ´G‚ªƒNƒZ‚É,https://news.yahoo.co.jp/articles/d39a9caa31e42fe12294bf11f0411319c7b7392c,4/11(–Ø) 6:55
raditopi,ƒ‰ƒWƒgƒs@ƒ‰ƒWƒIŠÖ¼ƒgƒsƒbƒNƒX,‰¹Šy‚âƒ_ƒ“ƒX‚Å‚Ü‚¿‚ğ‚É‚¬‚â‚©‚É@uKOBE‚Ü‚¿‚È‚©ƒpƒtƒH[ƒ}ƒ“ƒXv§“x‚Í‚¶‚Ü‚é@49‘g‚ª“o˜^,https://news.yahoo.co.jp/articles/a99ccb9a54bc664e308f37cd9f325f479a96cce4,4/10(…) 18:30
raditopi,ƒ‰ƒWƒgƒs@ƒ‰ƒWƒIŠÖ¼ƒgƒsƒbƒNƒX,‚ ‚È‚½‚Ìw‘²‹Æ‚Å‚«‚È‚¢‚à‚Ìx‚ÍH@u¥Šˆƒp[ƒeƒB[vuƒ_ƒCƒGƒbƒg’†‚ÌƒRƒ“ƒrƒjƒXƒC[ƒcv,https://news.yahoo.co.jp/articles/5982a4073df1e732a308d46bf94badada360d239,4/10(…) 18:00
raditopi,ƒ‰ƒWƒgƒs@ƒ‰ƒWƒIŠÖ¼ƒgƒsƒbƒNƒX,ƒXƒEƒF[ƒfƒ“‚©‚çu“ú–{‚Ìƒ‰ƒWƒI’®‚±‚¦‚½‚æv‚Æƒ‰ƒWƒI‹Ç‚ÉóM•ñ@’·‹——£‚Å“d”g‚ª“Í‚¢‚½—vˆö‚Æ‚Í,https://news.yahoo.co.jp/articles/7dfce58d175109419fde8ecf73c749f14f95aa1a,4/10(…) 16:55
raditopi,ƒ‰ƒWƒgƒs@ƒ‰ƒWƒIŠÖ¼ƒgƒsƒbƒNƒX,“ú–{‰‚Ì…‘°ŠÙ‚Í_ŒËs‚É‚ ‚Á‚½I@gƒXƒ}ƒXƒCh‚Ì90”N‘O‚ÉŠJİ‚³‚ê‚½u˜a“c–¦…‘°ŠÙv‚Æ‚Í,https://news.yahoo.co.jp/articles/256f0c09638dce8e5a81828e2ef0552821b8a5fe,4/10(…) 13:38
raditopi,ƒ‰ƒWƒgƒs@ƒ‰ƒWƒIŠÖ¼ƒgƒsƒbƒNƒX,ŠÖ¼‚Å‚à‹H­I103Œn‚ªp‚ğ•Ï‚¦‚ÄŒ³‹C‚É‘–‚é@‰ÁŒÃìü@ƒŠƒ|[ƒg‘O•Òiw‰ÁŒÃìx`w¼˜esxj,https://news.yahoo.co.jp/articles/9ffcbb2a164aef54a0112fc126c134ead62d911d,4/10(…) 12:30
raditopi,ƒ‰ƒWƒgƒs@ƒ‰ƒWƒIŠÖ¼ƒgƒsƒbƒNƒX,_ŒËE’j™ˆâŠü@•êe‚ç‚«‚å‚¤‚¾‚¢4lAŠQ’v€—e‹^‚Å‹N‘i@EˆÓ‚Ì—§Ø¢“ï@_ŒË’nŒŸ,https://news.yahoo.co.jp/articles/07015872aef4b7f4d70b2a2c2d524787ecb46044,4/10(…) 11:55
raditopi,ƒ‰ƒWƒgƒs@ƒ‰ƒWƒIŠÖ¼ƒgƒsƒbƒNƒX,w‰Hˆß“V—x‘‚Ìd—v•¶‰»à‚É@_ŒË‚Å‰ï‚¦‚é‚Ì‚Í8Œ‚©‚ç@•ºŒÉŒ§—§”üpŠÙ,https://news.yahoo.co.jp/articles/05e7d0663987c1f54f6672fb301c86d4a5ba78e5,4/10(…) 7:00
raditopi,ƒ‰ƒWƒgƒs@ƒ‰ƒWƒIŠÖ¼ƒgƒsƒbƒNƒX,u–¼’T’ãƒRƒiƒ“~FILAvƒRƒ‰ƒ{¤•i“oêI@“à‘¤‚É”é–§‚ÌƒfƒUƒCƒ“@ƒg[ƒgƒoƒbƒOAƒ|[ƒ`‚È‚Ç,https://news.yahoo.co.jp/articles/6761fa553d42e497643de3c909bc2a3983049b3e,4/10(…) 7:00
raditopi,ƒ‰ƒWƒgƒs@ƒ‰ƒWƒIŠÖ¼ƒgƒsƒbƒNƒX,“Æ©‚Ìg‘g‚İ‡‚í‚¹h’²¸@uƒpƒtƒF‚ÉéLqvuHƒpƒ“‚É”[“¤vu‚¶‚á‚ªƒoƒ^[‚ÉƒCƒJ‚Ì‰–hv,https://news.yahoo.co.jp/articles/47dbb0a124b95e51ca77b66258c6d0981c2f1891,4/10(…) 6:55
raditopi,ƒ‰ƒWƒgƒs@ƒ‰ƒWƒIŠÖ¼ƒgƒsƒbƒNƒX,ã‹}‚¤‚ß‚¾–{“XŒÀ’èu‚¨‚³‚Â‚Ç‚«‚Áv10“ú”­”„I@1.5”{ŒúØ‚è~”ZŒúƒoƒ^[ƒpƒEƒ_[‚Ì•²‚Ü‚İ‚êI,https://news.yahoo.co.jp/articles/169a15d47f7ddadc7e9983ba19add42f315c4167,4/9(‰Î) 18:30
raditopi,ƒ‰ƒWƒgƒs@ƒ‰ƒWƒIŠÖ¼ƒgƒsƒbƒNƒX,gƒhƒ‰ƒbƒOh‚¶‚á‚È‚¢@l‹Cƒhƒ‰ƒ@ƒOƒNƒC[ƒ“‚ª˜b‚·Šî‘b’m¯@Šï”²ƒƒCƒN‚Ì‹ÉˆÓ@À‚Í—L–¼è•it‚Ì–º‚à,https://news.yahoo.co.jp/articles/6cd765bf37bf0f3a855be64b564d56df572e8c45,4/9(‰Î) 18:00
raditopi,ƒ‰ƒWƒgƒs@ƒ‰ƒWƒIŠÖ¼ƒgƒsƒbƒNƒX,‚È‚Å‚µ‚±ƒWƒƒƒpƒ“AƒAƒƒŠƒJ‚ÉÉ”s‚àŒÜ—Ö‚ÖŒü‚¯‚ÄûŠn‚ ‚è@OGu‚·‚²‚­‚¢‚¢‹­‰»‚É‚È‚Á‚½‚Ì‚Å‚Ív,https://news.yahoo.co.jp/articles/ba6a46e917b2ae75995d576a5386efda178ed4ad,4/9(‰Î) 17:15
raditopi,ƒ‰ƒWƒgƒs@ƒ‰ƒWƒIŠÖ¼ƒgƒsƒbƒNƒX,•P˜Hé‚Í¢ŠEˆâY“o˜^‚©‚ç30ü”N@R‚ ‚èŠC‚ ‚è—£“‡‚ ‚è‚Ì•P˜H‚Íu•ºŒÉ‚Ìk}v@´Œ³G‘×s’·,https://news.yahoo.co.jp/articles/a278f37a8a457be5e2a3c53a8a7a045e2fdb6113,4/9(‰Î) 17:15
raditopi,ƒ‰ƒWƒgƒs@ƒ‰ƒWƒIŠÖ¼ƒgƒsƒbƒNƒX,•ºŒÉ‚¾‚¯‚ÌŠJÃIƒtƒ‰ƒ“ƒXŒ»‘ãŠG‰æ‚Ì‹ ‚Æ–L‰ªog‚Ì¢ŠE“I‘‰Æ‚Ì2l“W@uƒX[ƒ‰[ƒWƒ…‚ÆX“cq—´v,https://news.yahoo.co.jp/articles/ae8550cdd9ae7b8864c36e5a61461327066e732f,4/9(‰Î) 17:00
raditopi,ƒ‰ƒWƒgƒs@ƒ‰ƒWƒIŠÖ¼ƒgƒsƒbƒNƒX,100”N‘O‚Ì–¡‚ğÄŒ»‚µ‚½¶ƒr[ƒ‹uƒAƒTƒqƒNƒ‰ƒVƒbƒNv@–¡‚í‚¦‚é‚Ì‚Í100ü”N‚Ìã_bq‰€‹…ê‚¾‚¯,https://news.yahoo.co.jp/articles/11422903d72f2d7d7d1d483d5df201a0633cd8f1,4/9(‰Î) 12:00
raditopi,ƒ‰ƒWƒgƒs@ƒ‰ƒWƒIŠÖ¼ƒgƒsƒbƒNƒX,_ŒËã‹}‚Åu‰p‘ƒtƒFƒAv10“ú‚©‚çŠJÃ@5‚Â¯ƒzƒeƒ‹‚ÌƒXƒR[ƒ“A‘S‰p1ˆÊ‚ÌƒtƒBƒbƒVƒ…&ƒ`ƒbƒvƒX‚à,https://news.yahoo.co.jp/articles/d00f40b1185dc6fd4ebf09e022d52562bc60e198,4/9(‰Î) 11:30
raditopi,ƒ‰ƒWƒgƒs@ƒ‰ƒWƒIŠÖ¼ƒgƒsƒbƒNƒX,–¾Î•¶‰»”uƒGƒ‹ƒ}[‚Ì‚Ú‚¤‚¯‚ñ“Wv@“ú–{‰ŒöŠJ‚ÌŒ´‰æ‚ª–ñ130“_I@g‚Ú‚¤‚¯‚ñh‘ÌŒ±ƒR[ƒi[‚à,https://news.yahoo.co.jp/articles/d60a8bebbb0bab2a374830eac5da9bfb49f45723,4/9(‰Î) 7:30
raditopi,ƒ‰ƒWƒgƒs@ƒ‰ƒWƒIŠÖ¼ƒgƒsƒbƒNƒX,yƒ‰ƒ“ƒhƒZƒ‹z¡ƒhƒL‚ÌgƒgƒŒƒ“ƒhFh‚Æ‚ÍH@‚©‚Â‚Ä•Ô‚ª’è”Ô‚Æ‚³‚ê‚½‚Ì‚Í‚È‚ºH@ ƒ[ƒJ[‚É•·‚­,https://news.yahoo.co.jp/articles/18c24367b1562bf8c932ddff2006b5cabf475ad0,4/9(‰Î) 7:00
raditopi,ƒ‰ƒWƒgƒs@ƒ‰ƒWƒIŠÖ¼ƒgƒsƒbƒNƒX,‰ÆŒv’²¸‚Å4”N‚Ô‚è‚É1ˆÊ‚ğ’DŠÒ@`’¬E_ŒË‚Å‚æ‚­”ƒ‚í‚ê‚égHh‚Æ‚Í,https://news.yahoo.co.jp/articles/d6ddd8861a7757203dbf77a078d5bd1cef486af5,4/9(‰Î) 7:00
raditopi,ƒ‰ƒWƒgƒs@ƒ‰ƒWƒIŠÖ¼ƒgƒsƒbƒNƒX,‘åãEŠÖ¼–œ”  ƒVƒ“ƒ{ƒ‹u‘å‰®ªƒŠƒ“ƒOv8Š„Š®¬ ŠJ–‹‚Ü‚Å1”N‚ğ‘O‚ÉƒƒfƒBƒAŠÖŒWÒ‚ÉŒöŠJ,https://news.yahoo.co.jp/articles/04ba5f34f1bb4df2a54158dc438e5c538693579b,4/9(‰Î) 5:30
raditopi,ƒ‰ƒWƒgƒs@ƒ‰ƒWƒIŠÖ¼ƒgƒsƒbƒNƒX,ƒAƒjƒuƒ`ƒFƒ“ƒ\[ƒ}ƒ“v~ƒX[ƒp[ƒJƒbƒv@ŠúŠÔŒÀ’èƒRƒ‰ƒ{@ƒ|ƒ`ƒ^‚ÌƒCƒ‰ƒXƒg“ü‚èƒXƒs[ƒJ[“–‚½‚é,https://news.yahoo.co.jp/articles/1ee78bdf6220882ff08de4b5c1e95ee9e0eebd20,4/8(Œ) 18:00
raditopi,ƒ‰ƒWƒgƒs@ƒ‰ƒWƒIŠÖ¼ƒgƒsƒbƒNƒX,â–ÅŠëœœíƒAƒ}ƒ~ƒgƒQƒlƒYƒ~‚Ìˆê”ÊŒöŠJn‚Ü‚é@_ŒË‚Ç‚¤‚Ô‚Â‰¤‘@ƒoƒbƒNƒ„[ƒh‚Å–ñ5”NŠÔA”ˆç”ÉB,https://news.yahoo.co.jp/articles/78ab839189aa08a5e254d9374f1a5ac05830ce6d,4/8(Œ) 17:15
raditopi,ƒ‰ƒWƒgƒs@ƒ‰ƒWƒIŠÖ¼ƒgƒsƒbƒNƒX,LUSH‚ª•ê‚Ì“úŒÀ’èuƒ}ƒU[ƒYƒfƒCƒRƒŒƒNƒVƒ‡ƒ“v@ƒoƒXƒ^ƒCƒ€ƒAƒCƒeƒ€‘S40í‚ğ“WŠJ,https://news.yahoo.co.jp/articles/fd62c6f61fca3824821fa66055f19d18d9e57cdd,4/8(Œ) 17:00
raditopi,ƒ‰ƒWƒgƒs@ƒ‰ƒWƒIŠÖ¼ƒgƒsƒbƒNƒX,V‚µ‚¢‹“s“yYuè‚Ã‚­‚èƒnƒ€ƒXƒ^[ƒ‚ƒiƒJ–•’ƒv@éQ‚Æ‹à•½“œ‚Í©•ª‚Å@R‰È‚Ì˜V•Ü˜a‰Ùq“X‚ª“WŠJ,https://news.yahoo.co.jp/articles/a61812bc5ca341b395ce6f11a71ea85c3b232a34,4/8(Œ) 12:30
raditopi,ƒ‰ƒWƒgƒs@ƒ‰ƒWƒIŠÖ¼ƒgƒsƒbƒNƒX,ƒxƒgƒiƒ€l’j«Aƒgƒ‰ƒuƒ‹‚©Hn•¨‚Åh‚³‚ê€–S “¯‹‚Ì’j‚ğEl—e‹^‚Å‘ß•ß •ºŒÉEˆÉ’O,https://news.yahoo.co.jp/articles/109d16e6683a91170d1f0722cb09bd0c5a3f2736,4/8(Œ) 11:07
raditopi,ƒ‰ƒWƒgƒs@ƒ‰ƒWƒIŠÖ¼ƒgƒsƒbƒNƒX,u‘S‘R‘åä•vvu‘S‘R—Ç‚¢v‚ÍŠÔˆá‚¢‚©H@–¼‚¾‚½‚é•¶‹‚àg‚Á‚½g‘S‘Rh{m’èŒê@³Œë‚ğ—L¯Ò‚É•·‚­,https://news.yahoo.co.jp/articles/6dbcbfdce0f0f83f0e7207736a85ea16f3b2bf32,4/8(Œ) 8:30
raditopi,ƒ‰ƒWƒgƒs@ƒ‰ƒWƒIŠÖ¼ƒgƒsƒbƒNƒX,Œ»–ğÅŒÃ‚Ì–Ø‘¢  •ºŒÉE¼‹{w‘åŠÖğ‘¢ ¡’Ã“”‘äxˆÚİA]ŒËŠú‚Ìïc‚µÄ“_“”u‚»‚±‚É’M‰ô‘D‚ªcv,https://news.yahoo.co.jp/articles/a01d6fcdad2fd1a2fca0d6703adac62f3ccb4470,4/8(Œ) 5:00
raditopi,ƒ‰ƒWƒgƒs@ƒ‰ƒWƒIŠÖ¼ƒgƒsƒbƒNƒX,y‘åãzâ•iŠØ‘ƒh[ƒiƒc‚ÉƒCƒ`ƒSƒƒjƒ…[ŠúŠÔŒÀ’è‚Å“oêI@ƒJƒ‰ƒtƒ‹‚ÈƒsƒXƒ^ƒ`ƒI‚È‚Ç‘g‚İ‡‚í‚¹4í,https://news.yahoo.co.jp/articles/d7361c71bc68d9622aad22b6f2b73e0e36d23ec1,4/7(“ú) 12:00
raditopi,ƒ‰ƒWƒgƒs@ƒ‰ƒWƒIŠÖ¼ƒgƒsƒbƒNƒX,ƒTƒ“ƒ}ƒ‹ƒNƒJƒtƒF~ƒTƒNƒ}»‰Ù@ŠúŠÔŒÀ’èƒƒjƒ…[“oêI@ƒLƒ‰ƒLƒ‰‚Ìƒgƒbƒsƒ“ƒOæ‚¹ƒNƒƒƒbƒTƒ“‚à,https://news.yahoo.co.jp/articles/c0d7b3ddeec298593bd88aed544c8e022121c0dd,4/7(“ú) 7:30
raditopi,ƒ‰ƒWƒgƒs@ƒ‰ƒWƒIŠÖ¼ƒgƒsƒbƒNƒX,Ô’†”‘‚ÍAu–°‚ê‚È‚¢vu‚µ‚ñ‚Ç‚¢vu‚È‚ñ‚©‚Â‚ç‚¢vcæ”y‚ÌƒAƒhƒoƒCƒX‚ğ•·‚¢‚ÄƒŠƒxƒ“ƒW‚µ‚Ä‚İ‚½,https://news.yahoo.co.jp/articles/7ea1e21a0bfcf0e3468e4b0cff1060d34e52bba3,4/6(“y) 19:00
raditopi,ƒ‰ƒWƒgƒs@ƒ‰ƒWƒIŠÖ¼ƒgƒsƒbƒNƒX,yß–ñƒŒƒVƒsz‚¾‚µ‚ª‚¨‚¢‚µ‚¢Iu‚¨‚Å‚ñv@‰B‚µ–¡‚ÍÄ‚«“÷‚Ìƒ^ƒŒ@—]‚Á‚½‚¾‚µ‚Í†‚«‚İ‚²”Ñ‚ÉŠˆ—p‚à,https://news.yahoo.co.jp/articles/f798ebdef3f15136f1f04625dfc37b8c838a6017,4/6(“y) 12:00
raditopi,ƒ‰ƒWƒgƒs@ƒ‰ƒWƒIŠÖ¼ƒgƒsƒbƒNƒX,y_ŒËsz‘S‘ƒgƒbƒvƒŒƒxƒ‹‚Ì–h’ª’ç@u‘S’·60ƒLƒ‚ ‚é‚ç‚µ‚¢v@’nŒ³‚Z¶‚Æg‚¤‚í‚³h‚ÅPR,https://news.yahoo.co.jp/articles/303c076139c3c2870a0c2774eb3f7aca1a82834d,4/6(“y) 6:55
raditopi,ƒ‰ƒWƒgƒs@ƒ‰ƒWƒIŠÖ¼ƒgƒsƒbƒNƒX,ƒXƒPƒbƒ`ƒƒ[ƒY~uThe Rolling StonesvƒRƒ‰ƒ{‘æ2’eI@’è”Ôgƒxƒhƒ}[ƒN‚ğ”z’u,https://news.yahoo.co.jp/articles/c1dfd67ada9bb5f615bb99005d04c1c1766aa0a2,4/5(‹à) 18:00
raditopi,ƒ‰ƒWƒgƒs@ƒ‰ƒWƒIŠÖ¼ƒgƒsƒbƒNƒX,•ºŒÉŒ§ƒRƒƒi’è“_‚ ‚½‚èT4.19lŠ´õ@‘OT‚æ‚èŒ¸­@3Œ25“ú`31“ú,https://news.yahoo.co.jp/articles/7ff4792c1319b280e9cc7bca224f46a1a0ee4ba2,4/5(‹à) 18:00
raditopi,ƒ‰ƒWƒgƒs@ƒ‰ƒWƒIŠÖ¼ƒgƒsƒbƒNƒX,_ŒË‚©‚ç”íĞ’nE”\“o”¼“‡‚ÖƒG[ƒ‹Iu‹à‘òƒ}ƒ‰ƒ\ƒ“vPRA_ŒËƒ}ƒ‰ƒ\ƒ“‚©‚çx‰‡‚Ì—Ö,https://news.yahoo.co.jp/articles/1735f4fa2be15c00c96c21a8d354f69bfa57bd6c,4/5(‹à) 12:15
raditopi,ƒ‰ƒWƒgƒs@ƒ‰ƒWƒIŠÖ¼ƒgƒsƒbƒNƒX,y{ƒŒƒVƒszŠÃ‚İ‚ğŠy‚µ‚ŞuV‹Ê‚Ë‚¬‚½‚Á‚Õ‚è‚Ìƒ|ƒeƒgƒTƒ‰ƒ_v@‚©‚ç‚İ‚ğ—}‚¦‚éƒRƒc‚àĞ‰î,https://news.yahoo.co.jp/articles/e14eae367e949270e171a3cc8c6d69d67b87c6c1,4/5(‹à) 12:00
raditopi,ƒ‰ƒWƒgƒs@ƒ‰ƒWƒIŠÖ¼ƒgƒsƒbƒNƒX,uƒ‰ƒ“ƒ`ƒpƒbƒN~ŠÖ¼„“Sv4¤•i@ŠúŠÔŒÀ’è‚Å“oê@‚İ‚½‚ç‚µ”­Ë‚Ì’nE‰ºŠ›_Ğ‚É‚¿‚È‚ñ‚¾ƒTƒ“ƒh‚à,https://news.yahoo.co.jp/articles/d966672d12590f28087c9d89e03a431bc78c14d6,4/5(‹à) 7:00
raditopi,ƒ‰ƒWƒgƒs@ƒ‰ƒWƒIŠÖ¼ƒgƒsƒbƒNƒX,_ŒË‚Ü‚Â‚è‚Ì‰ØuƒTƒ“ƒov‚Ì‰œ[‚¢¢ŠE@ƒuƒ‰ƒWƒ‹‚Í”M—Ê‚ªŒ…ˆá‚¢I‘I‚Î‚ê‚µl‚Ì‚İ‚ª’…‚é“Á•Êˆß‘•‚ª‘¶İ,https://news.yahoo.co.jp/articles/bd74c18e8aa72cfee2782c9756de8c9bc95c7634,4/5(‹à) 6:55
raditopi,ƒ‰ƒWƒgƒs@ƒ‰ƒWƒIŠÖ¼ƒgƒsƒbƒNƒX,‘¢•¼‹Çu÷‚Ì’Ê‚è”²‚¯v‚İ‚ñ‚È‚Égth‚ª—ˆ‚½I@‚—îÒEá‚ª‚¢Òµ‚«A‚Ğ‚Æ‘«‘‚¢ŠÏ÷‰ï,https://news.yahoo.co.jp/articles/e0d2301daec92b0af94b02121a54ff2712e6e011,4/5(‹à) 5:00
raditopi,ƒ‰ƒWƒgƒs@ƒ‰ƒWƒIŠÖ¼ƒgƒsƒbƒNƒX,ƒ~ƒbƒL[‚ªƒpƒ“‰®‚³‚ñ‚É@ƒpƒ“ƒ‚ƒ`[ƒt‚ÌƒAƒCƒeƒ€‚ªƒfƒBƒYƒj[ƒXƒgƒA‚È‚Ç‚Å5“ú”­”„@ƒpƒ“•¿‚ÌHŠí‚à,https://news.yahoo.co.jp/articles/3a5052e23a591fe3af9a6ab79ce14db3000373bf,4/4(–Ø) 18:00
raditopi,ƒ‰ƒWƒgƒs@ƒ‰ƒWƒIŠÖ¼ƒgƒsƒbƒNƒX,ƒoƒŒ[V2—q‚ÅŠ®‘S—DŸ’B¬@ƒ”ƒBƒNƒgƒŠ[ƒi•P˜H@’·‚­ƒ`[ƒ€‚ğŒ¡ˆø‚µ‚½Œ³å«‚ÆAŒ³‘ã•\‚ªŒ»–ğˆø‘Ş,https://news.yahoo.co.jp/articles/dbab9061955769a5b013e1c69efdbea7c476fc6d,4/4(–Ø) 17:15
raditopi,ƒ‰ƒWƒgƒs@ƒ‰ƒWƒIŠÖ¼ƒgƒsƒbƒNƒX,Œ‹˜I‚µ‚Ä‚éc‘åä•vHuƒpƒbƒN‚²”Ñv‚ğ‚¨‚¢‚µ‚­H‚×‚é‚½‚ß‚Ì•Û‘¶•û–@@3‚Â‚Ìƒ|ƒCƒ“ƒg,https://news.yahoo.co.jp/articles/f72d48b2b55921f753f5bb3f4755c13e8b644eb8,4/4(–Ø) 11:55
raditopi,ƒ‰ƒWƒgƒs@ƒ‰ƒWƒIŠÖ¼ƒgƒsƒbƒNƒX,4Œ4“ú‚Í‚Ç‚ç‚â‚«‚Ì“úI@ã_”~“c–{“X‚Åu‚Ç‚ç‚â‚«ƒtƒFƒXvŠJÃ@3“ú‚©‚ç@‚¢‚¿‚²A‚³‚­‚çg—p‚à,https://news.yahoo.co.jp/articles/1400d1ee9160c6ac5c60d66047605601555d0443,4/4(–Ø) 7:00
raditopi,ƒ‰ƒWƒgƒs@ƒ‰ƒWƒIŠÖ¼ƒgƒsƒbƒNƒX,‘ål‹CI@‚Ü‚é‚ÅgH–Œ»êh‚Èuq‚Ç‚à—pƒn[ƒlƒXv@“Æ“ÁƒfƒUƒCƒ“‚ÌƒƒP@lˆÄÒ‚Ìƒ}ƒ}‚É•·‚¢‚Ä‚İ‚½,https://news.yahoo.co.jp/articles/b4daebfbe462c5aa08e1f4c166f80e39e6206268,4/4(–Ø) 6:55
raditopi,ƒ‰ƒWƒgƒs@ƒ‰ƒWƒIŠÖ¼ƒgƒsƒbƒNƒX,y_ŒËsz—]‚Á‚½H•i‚ğŠñ•tuƒt[ƒhƒhƒ‰ƒCƒuv‚ÅH•iƒƒXíŒ¸‚Ö@2022”N“x‚Í23.8ƒgƒ“‰ñû‚à,https://news.yahoo.co.jp/articles/822d7f4ef3930d5ef31fb0be6793c269473f4dbb,4/4(–Ø) 6:55
raditopi,ƒ‰ƒWƒgƒs@ƒ‰ƒWƒIŠÖ¼ƒgƒsƒbƒNƒX,ˆê”ÊŒöŠJ‚ªŒ2‰ñ‚É@_ŒËw–©ìè©“¹x@‘“o˜^—LŒ`•¶‰»à‚Ì‰Íìƒgƒ“ƒlƒ‹@uS‚ä‚­‚Ü‚Å‹óŠÔ–¡‚í‚Á‚Äv,https://news.yahoo.co.jp/articles/e40661f947a71aed3ca8d270ffc64c26551c9a1d,4/3(…) 18:00
raditopi,ƒ‰ƒWƒgƒs@ƒ‰ƒWƒIŠÖ¼ƒgƒsƒbƒNƒX,u‚ª‚ñƒTƒoƒCƒo[v‚ª–¾‚©‚·AŒµ‚µ‚¢“¬•a¶Šˆ‚Å‚Ì‹C‚Ã‚«u‚Â‚ç‚¢‚È‚©‚É‚à•K‚¸•Ï‰»‚Í‚ ‚év,https://news.yahoo.co.jp/articles/330e187572cf46e11feef5e4fff410a40538d284,4/3(…) 18:00
raditopi,ƒ‰ƒWƒgƒs@ƒ‰ƒWƒIŠÖ¼ƒgƒsƒbƒNƒX,ƒJƒ‹ƒfƒBut‚ÌƒR[ƒq[ƒoƒbƒOv1“ú”­”„@3í‚ÌƒR[ƒq[“¤‚ªƒZƒbƒg‚É@2F‚©‚ç‘I‚×‚éƒ~ƒjƒg[ƒg•t‚«,https://news.yahoo.co.jp/articles/d79937b1384aaf8e35a8e2ef5f89d112e2c7f5dc,4/3(…) 11:45
raditopi,ƒ‰ƒWƒgƒs@ƒ‰ƒWƒIŠÖ¼ƒgƒsƒbƒNƒX,ŠÖ¼‚Å‚Í4Œ‚Ì_ŒË‚Ì‚İIuDEATH NOTEv‘S‘3‚©Š‚Å3Œ‚©‚ç‡Ÿƒ|ƒbƒvƒAƒbƒv@’Š‘I‰ï‚ ‚è,https://news.yahoo.co.jp/articles/5dd19862c27eddbcb8327c725189b4bc8b575555,4/3(…) 7:00
raditopi,ƒ‰ƒWƒgƒs@ƒ‰ƒWƒIŠÖ¼ƒgƒsƒbƒNƒX,NMB48@‘åãEŠÖ¼–œ”ƒXƒyƒVƒƒƒ‹ƒTƒ|[ƒ^[A”Cu¢ŠE’†‚©‚ç’–ÚA‚İ‚È‚³‚ñ‚ÉŠy‚µ‚Ş‚«‚Á‚©‚¯‚ğv,https://news.yahoo.co.jp/articles/1e1f00c99a6def721f765e6902fe38a1ba108dd3,4/3(…) 5:30
raditopi,ƒ‰ƒWƒgƒs@ƒ‰ƒWƒIŠÖ¼ƒgƒsƒbƒNƒX,ŠÑ˜\‚Ì2ƒAƒVƒXƒg‚ÅŸ—˜‚ÉvŒ£@INAC_ŒËFW“c’†”ü“ì@‚È‚Å‚µ‚±OG‚ªÌ^uŠi‚Ìˆá‚¢Œ©‚¹‚Â‚¯‚½v,https://news.yahoo.co.jp/articles/411449ce85c22da421957c76b6ad7b5166e3d37d,4/2(‰Î) 17:30
raditopi,ƒ‰ƒWƒgƒs@ƒ‰ƒWƒIŠÖ¼ƒgƒsƒbƒNƒX,‰ö’kì‰Æ‚ª–¾‚©‚·@‹°•|‘ÌŒ±‚ğ‚µ‚½q‚Ç‚à‚ÌˆÓŠO‚È”½‰uÅ‹ß‚Ìq‚Í—H—ì‚ğŒ©‚Ä‚àƒN[ƒ‹v,https://news.yahoo.co.jp/articles/8016a4a74c779be59a631446c09aa8939deea272,4/2(‰Î) 17:00
raditopi,ƒ‰ƒWƒgƒs@ƒ‰ƒWƒIŠÖ¼ƒgƒsƒbƒNƒX,_ŒËs–k•”‚Å‰@q‚Ç‚à‚Ì‹x“úE–éŠÔ‚Ì‰‹}f—Ã{İ‚ª4Œ4“úƒI[ƒvƒ“@uÏ¶‰ï•ºŒÉŒ§•a‰@v“à‚É,https://news.yahoo.co.jp/articles/a14e79bb81952cfdd30041c15e258fd3b1cfdf43,4/2(‰Î) 17:00
raditopi,ƒ‰ƒWƒgƒs@ƒ‰ƒWƒIŠÖ¼ƒgƒsƒbƒNƒX,–ñ1”N‚Ô‚è‚ÌŒö®í‚Å‘¶İŠ´”­Šö@J1_ŒË‚Ì”M‚«DF‹e’r—¬”¿u‚±‚±‚©‚çvŒ£‚Å‚«‚é‚æ‚¤‚Év,https://news.yahoo.co.jp/articles/833b40eab030adead449ddf9a55265c3e02db85e,4/2(‰Î) 16:30
raditopi,ƒ‰ƒWƒgƒs@ƒ‰ƒWƒIŠÖ¼ƒgƒsƒbƒNƒX,ƒTƒ“ƒŠƒI50ƒLƒƒƒ‰ƒNƒ^[‚ªƒnƒ[ƒLƒeƒB‚É•ÏgI@50ü”N‹L”OƒfƒUƒCƒ“4“ú‚©‚ç”­”„@ECƒTƒCƒg‚È‚Ç,https://news.yahoo.co.jp/articles/07a1df5e231f126540d100e575e220e2c3f276b6,4/2(‰Î) 12:00
raditopi,ƒ‰ƒWƒgƒs@ƒ‰ƒWƒIŠÖ¼ƒgƒsƒbƒNƒX,yÀ•z’czl‚·‚İ‚Ìu‚Ó‚³v‚Í‰½‚Ì‚½‚ß‚É‚ ‚éH@u‘OŒãv‚ª‚ ‚é‚Á‚Äƒzƒ“ƒgH@‹“s‚Ì˜V•Ü“X‚É•·‚­,https://news.yahoo.co.jp/articles/f552347b0889a2139d6993009435dfe5e30ff213,4/2(‰Î) 11:55
raditopi,ƒ‰ƒWƒgƒs@ƒ‰ƒWƒIŠÖ¼ƒgƒsƒbƒNƒX,¬—Ñ»–òEgƒTƒvƒŠ–â‘è@Çó‚ÉuŒ‘‘ÓŠ´A”A‚ÌˆÙív“ú–{t‘ŸŠw‰ïE47—á‚Ì“Æ©’²¸‚Å”»–¾,https://news.yahoo.co.jp/articles/68962ee4a557402a60129e10dc9dd459b5942fcc,4/2(‰Î) 11:30
raditopi,ƒ‰ƒWƒgƒs@ƒ‰ƒWƒIŠÖ¼ƒgƒsƒbƒNƒX,_ŒËE‰¤q“®•¨‰€ ƒWƒƒƒCƒAƒ“ƒgƒpƒ“ƒ_uƒ^ƒ“ƒ^ƒ“v“V‘‚Ö ”íĞ’nE_ŒË‚ÉÎŠç‚ğU‚è‚Ü‚«24”N,https://news.yahoo.co.jp/articles/7fe8a6c089dd21fb57671c281dd0a389270a671d,4/2(‰Î) 10:58
raditopi,ƒ‰ƒWƒgƒs@ƒ‰ƒWƒIŠÖ¼ƒgƒsƒbƒNƒX,ƒvƒŠƒLƒ…ƒAE‚¨ƒWƒƒ–‚—EƒNƒŠƒBƒ~[ƒ}ƒ~c4Œ‚©‚ç‘åã‚Åh‘ålŒü‚¯–{Ši‚È‚è‚«‚èŠß‹ïhƒ|ƒbƒvƒAƒbƒv,https://news.yahoo.co.jp/articles/4f85bd837dd49c929c1127deb27238881bd7a284,4/2(‰Î) 7:00
raditopi,ƒ‰ƒWƒgƒs@ƒ‰ƒWƒIŠÖ¼ƒgƒsƒbƒNƒX,ƒ‰ƒWƒI‘Ì‘€‚Íg‘Ì‚ğu“®‚©‚¹‚Î‚¢‚¢‚Á‚Ä‚à‚Ì‚¶‚á‚È‚¢v@ƒCƒ“ƒXƒgƒ‰ƒNƒ^[‚ªŒê‚é–{¿‚Æ‚Í,https://news.yahoo.co.jp/articles/e8bd80d8edf811d114a5e0e7697c28aac456d33a,4/1(Œ) 20:00
raditopi,ƒ‰ƒWƒgƒs@ƒ‰ƒWƒIŠÖ¼ƒgƒsƒbƒNƒX,u‹†‹É‚Ì‘Sg‰^“®v@ƒ‰ƒWƒI‘Ì‘€ƒCƒ“ƒXƒgƒ‰ƒNƒ^[uƒ‰ƒW‚Ë‚¦Bv‚ªŒê‚éAwƒ‰ƒWƒI‘Ì‘€x‚Ì–£—Í,https://news.yahoo.co.jp/articles/4f3bd8a55e920fa468e137478b784a96d83ba2e7,4/1(Œ) 19:30
raditopi,ƒ‰ƒWƒgƒs@ƒ‰ƒWƒIŠÖ¼ƒgƒsƒbƒNƒX,‹L‰¯¸‚¤‘å–ŒÌ‚©‚çŒÜ—Öoê@ƒA[ƒeƒBƒXƒeƒBƒbƒNƒXƒCƒ~ƒ“ƒOŒ³“ú–{‘ã•\@u•ê‚ª‚¢‚½‚©‚ç‹­‚­‚È‚ê‚½v,https://news.yahoo.co.jp/articles/3966d825f9aaffcfcf749bce21549656466d4b09,4/1(Œ) 19:00
raditopi,ƒ‰ƒWƒgƒs@ƒ‰ƒWƒIŠÖ¼ƒgƒsƒbƒNƒX,’·‚ç‚­ƒIƒŠƒbƒNƒXˆ¤‚à‚ÂŒ³ƒtƒWƒeƒŒƒrƒAƒi@“Æ—§‚ÉƒƒfƒBƒA‚Ö–²‚ ‚©‚·‚Æu‹LÒ‚ª15•b‚­‚ç‚¢–³Œ¾‚Év,https://news.yahoo.co.jp/articles/42c6548308ccb35b65f6b3d5ceaa5e1ec5f53592,4/1(Œ) 17:35
raditopi,ƒ‰ƒWƒgƒs@ƒ‰ƒWƒIŠÖ¼ƒgƒsƒbƒNƒX,•s“ñ‰Æ‚ªwƒƒ“ƒs[ƒXx‚ÆƒRƒ‰ƒ{I@2“ú‘æˆê’e”­”„@ƒyƒR‚¿‚á‚ñ•—ƒ‹ƒtƒB‚½‚¿‚ÌŒÀ’èƒpƒbƒP[ƒW‚ª“oê,https://news.yahoo.co.jp/articles/559509b17b2ca8f9be4bc6305565e8ddbcfb81b6,4/1(Œ) 17:30
raditopi,ƒ‰ƒWƒgƒs@ƒ‰ƒWƒIŠÖ¼ƒgƒsƒbƒNƒX,†•¼ˆêV‚Ì”N@81l‚ªV‚½‚È•à‚İ@V“üĞˆõuí‚Éw‹‚ß‚éSx•ø‚«¸iv@•P˜HEƒOƒ[ƒŠ[Š”®‰ïĞ,https://news.yahoo.co.jp/articles/a261ae2dfb2c3d6edb588a42ffd792f5086f9867,4/1(Œ) 15:00
raditopi,ƒ‰ƒWƒgƒs@ƒ‰ƒWƒIŠÖ¼ƒgƒsƒbƒNƒX,y‘¬•ñz_ŒËE‰¤q“®•¨‰€‚Ìƒpƒ“ƒ_uƒ^ƒ“ƒ^ƒ“v€–S,https://news.yahoo.co.jp/articles/33451554733e34addec2aab646ec214ac146a912,4/1(Œ) 14:52
raditopi,ƒ‰ƒWƒgƒs@ƒ‰ƒWƒIŠÖ¼ƒgƒsƒbƒNƒX,‚Ü‚é‚ÅŠG–{Iu‚±‚×‚Á‚±ƒ‰ƒ“ƒh‰ˆüƒ}ƒbƒv v@_ŒËE˜a“c–¦‚Ì‚Ü‚¿‚ğq‚Ç‚à–Úü‚Åƒe[ƒ}ƒp[ƒN‚ÉŒ©—§‚Ä,https://news.yahoo.co.jp/articles/d4779d59a97c698f7d9ed87b5a94cb15d29d24e1,4/1(Œ) 11:45
raditopi,ƒ‰ƒWƒgƒs@ƒ‰ƒWƒIŠÖ¼ƒgƒsƒbƒNƒX,t‚È‚ç‚Å‚Í‚ÌƒtƒŒ[ƒo[u÷–¡v@‚»‚à‚»‚à‰½‚Ì–¡‚È‚ñH@³‘Ì‚ğ‚Â‚«‚Æ‚ß‚é‚×‚­ŠÇ—‰h—{m‚É•·‚¢‚½,https://news.yahoo.co.jp/articles/65892b75744551ac7fca2f41a9b84c8fc258a91b,4/1(Œ) 7:30
raditopi,ƒ‰ƒWƒgƒs@ƒ‰ƒWƒIŠÖ¼ƒgƒsƒbƒNƒX,uLINE‚Åw¡“ú‰½‚µ‚Ä‚éHx‚Í¢‚év@æ”y‚©‚ç—U‚í‚ê‚½c‚ ‚È‚½‚È‚ç‚Ç‚¤‚·‚é!?@Œã”y‚Ì–{‰¹‘±X,https://news.yahoo.co.jp/articles/8304ed2da505cd127be77fb333b2e97747003703,3/31(“ú) 19:00
raditopi,ƒ‰ƒWƒgƒs@ƒ‰ƒWƒIŠÖ¼ƒgƒsƒbƒNƒX,y‘åãE˜aòz‹xk’n‚ğƒ~ƒcƒoƒ`”ò‚Ôƒ_ƒŠƒA”¨‚ÉI@Šó­‚È“V‘R‚Í‚¿‚İ‚Âì‚è‚Éx‰‡ŒÄ‚Ñ‚©‚¯,https://news.yahoo.co.jp/articles/392eef12070057cee00553bfd380e993608e4e2d,3/31(“ú) 18:00
raditopi,ƒ‰ƒWƒgƒs@ƒ‰ƒWƒIŠÖ¼ƒgƒsƒbƒNƒX,ƒŠƒjƒ…[ƒAƒ‹‚µ‚½X‰iƒAƒCƒXuƒpƒLƒVƒGƒ‹v‚ÉuƒRƒWƒRƒWvƒpƒbƒP[ƒW‚ª“oêI@4Œ1“ú‚©‚çŠúŠÔŒÀ’è,https://news.yahoo.co.jp/articles/176e0d326f1fccf1c6c2d281058c467cf1df68e8,3/31(“ú) 12:00
raditopi,ƒ‰ƒWƒgƒs@ƒ‰ƒWƒIŠÖ¼ƒgƒsƒbƒNƒX,ƒNƒEƒF[ƒgA“ú–{‚Ì–œ”o“W‚Í1970”NˆÈ—ˆ ‘åãEŠÖ¼–œ”ƒpƒrƒŠƒIƒ“uæŒ©‚Ì–¾‚©‚èvF‚Æ‚è‚Ç‚è,https://news.yahoo.co.jp/articles/ff7854953b3f84e910d8f7024fc515948faabab8,3/31(“ú) 8:00
raditopi,ƒ‰ƒWƒgƒs@ƒ‰ƒWƒIŠÖ¼ƒgƒsƒbƒNƒX,¶¬AI“‹Úu•ú‘—ƒAƒiƒEƒ“ƒX‰¹Œ¹ì¬ƒT[ƒrƒXv@_ŒË‚ÌŠé‹Æ‚ªŠJ”­@ÅV‹@”\‚Æ—L—p«‚ğ’S“–Ò‚É•·‚­,https://news.yahoo.co.jp/articles/c60ecc0771d1fc4afa7c98e22f72ecc2ce4b4545,3/31(“ú) 7:00
raditopi,ƒ‰ƒWƒgƒs@ƒ‰ƒWƒIŠÖ¼ƒgƒsƒbƒNƒX,Œš’zEŒšİ‹ÆŠE‚ÌƒCƒ[ƒW•Ï‚¦‚éæ‚è‘g‚İ@—«ƒAƒXƒŠ[ƒg‚ÌƒLƒƒƒŠƒAx‰‡@Œ¹‚ÍuŠy‚µ‚İ‚È‚ª‚çd–‚ğv,https://news.yahoo.co.jp/articles/019b87f53b8a910d07d49c6b6c4ca5cf4e678fb7,3/30(“y) 19:00
raditopi,ƒ‰ƒWƒgƒs@ƒ‰ƒWƒIŠÖ¼ƒgƒsƒbƒNƒX,wLUUPx‹¤“¯‘n‹ÆÒ‚ªŒê‚é@Ÿ¢‘ãƒCƒ“ƒtƒ‰’è’…‚Ö‚Ì“¹‚Ì‚è‚ÆAƒ‰ƒCƒhƒVƒFƒA•‹y‚Ì‚½‚ß‚ÌƒJƒM,https://news.yahoo.co.jp/articles/15d04cad6c31aa6df8b654aea352dd29f53c497b,3/30(“y) 17:00
raditopi,ƒ‰ƒWƒgƒs@ƒ‰ƒWƒIŠÖ¼ƒgƒsƒbƒNƒX,ŒƒƒŒƒAA•¨‚â“V‘R‹L”O•¨‚É‰ï‚¦‚éI@ŠC•Ó‚Ì’¬E“ß”gƒm‰Y@–£—Í‹L‚µ‚½gMAPh‚àŠ®¬@y•ºŒÉE‘Š¶z,https://news.yahoo.co.jp/articles/078edf5277cc1da4c9f570169d502b642add40e2,3/30(“y) 15:00
raditopi,ƒ‰ƒWƒgƒs@ƒ‰ƒWƒIŠÖ¼ƒgƒsƒbƒNƒX,DOD‚ÌƒEƒTƒM‚ªƒtƒBƒMƒ…ƒA‚É‚È‚Á‚ÄƒKƒVƒƒƒ|ƒ“©”Ì‹@‚É“oêI@‘S’·14.5ƒZƒ“ƒ`‚ÌƒJƒ}ƒ{ƒRƒeƒ“ƒg‚à,https://news.yahoo.co.jp/articles/544ac017813b520e70b18363ea7322b6cc0aa0de,3/30(“y) 7:30
raditopi,ƒ‰ƒWƒgƒs@ƒ‰ƒWƒIŠÖ¼ƒgƒsƒbƒNƒX,–éŠÔ‚à—L—¿‚Éu_ŒËEƒn[ƒo[ƒnƒCƒEƒFƒCv4Œ‚©‚çETC“±“ü@–€–ë‘å‹´‚Í–³—¿‰»@10Œ‚É‚Í’lã‚°‚à,https://news.yahoo.co.jp/articles/9216c6d389457f4af7e473652f520bf1fc1fc529,3/30(“y) 7:00
raditopi,ƒ‰ƒWƒgƒs@ƒ‰ƒWƒIŠÖ¼ƒgƒsƒbƒNƒX,ƒR[ƒv‚±‚¤‚×@_ŒËs“à‚Ì0Î™‚É‚¨oŠ|‚¯ƒOƒbƒY‚ğƒvƒŒƒ[ƒ“ƒg@s‚Æqˆç‚ÄŠÂ‹«‚Ã‚­‚è‚Ì˜AŒg‹¦’è‚ğ’÷Œ‹,https://news.yahoo.co.jp/articles/648e34a97cc97b85264cb685f90eb045ed7a0721,3/29(‹à) 19:30
raditopi,ƒ‰ƒWƒgƒs@ƒ‰ƒWƒIŠÖ¼ƒgƒsƒbƒNƒX,‚¢‚æ‚¢‚æ_ŒË‚ÅI@5Œ17“ú‚ÉŠJ–‹@¢ŠEÅ‚•ô‚Ìƒpƒ‰—¤ã‘å‰ï@ƒJƒEƒ“ƒgƒ_ƒEƒ“ƒCƒxƒ“ƒg‚à,https://news.yahoo.co.jp/articles/b9abbb341297feed2e59fdd677059899c8034dec,3/29(‹à) 17:30
raditopi,ƒ‰ƒWƒgƒs@ƒ‰ƒWƒIŠÖ¼ƒgƒsƒbƒNƒX,¬—Ñ»–òEgƒTƒvƒŠ–â‘è Œ´ˆö•¨¿‚Íƒvƒxƒ‹ƒ‹_‚©uƒJƒr—R—ˆA”Û’è‚Å‚«‚È‚¢v5l€–SA114l“ü‰@,https://news.yahoo.co.jp/articles/2ecdd2b58fafbf07df919216aadfdda2d8ea08cf,3/29(‹à) 17:10
raditopi,ƒ‰ƒWƒgƒs@ƒ‰ƒWƒIŠÖ¼ƒgƒsƒbƒNƒX,ŠÔ‹{Ë‘¾˜NE²“¡“ñ˜NEì‰h—›“Ş‚ª’Ç‚¤w•Ï‚È‰Æx‚Ì“ä‚Æ‚ÍH@ƒRƒ‚­‚È‚¢‚¯‚Çgƒ]ƒƒ]ƒh‚­‚éI,https://news.yahoo.co.jp/articles/a194784f9f7d9cd1ab64f1254b25851762623db3,3/29(‹à) 13:30
raditopi,ƒ‰ƒWƒgƒs@ƒ‰ƒWƒIŠÖ¼ƒgƒsƒbƒNƒX,‚½‚±Ä‚«‚»‚Á‚­‚è‚Èuƒ`ƒ‡ƒRÄ‚«ƒpƒCv“oê@V‘åã‰w\“à‚Åæs”Ì”„@Œ©‚½–Ú‚Æ–¡‚ÌƒMƒƒƒbƒv‚É‹Á‚«,https://news.yahoo.co.jp/articles/faf4189bd5208fd790b639d3a86d4767632444e0,3/29(‹à) 7:00
raditopi,ƒ‰ƒWƒgƒs@ƒ‰ƒWƒIŠÖ¼ƒgƒsƒbƒNƒX,•ó’Ë‰ÌŒ€AŒ€’cˆõ‹}€u‚·‚×‚Ä‚ÌÓ”CA‰ÌŒ€’c‚Évƒpƒƒnƒ‰14Œ”F‚ßÓß‰ïŒ©u‘Ó–A–³—‰ğA–³”z—¶v,https://news.yahoo.co.jp/articles/e7a0a28cf526aa70b15cead1e403fecc1a65a0f5,3/29(‹à) 3:00
raditopi,ƒ‰ƒWƒgƒs@ƒ‰ƒWƒIŠÖ¼ƒgƒsƒbƒNƒX,ƒAƒCƒhƒ‹ECANDY TUNE@ƒfƒrƒ…[1ü”NƒcƒA[@u–LFPIT‚ğg‚ ‚ß‚¿‚á‚ñh‚Å‚¢‚Á‚Ï‚¢‚Év,https://news.yahoo.co.jp/articles/6586e661524dbfb40f7971e4311c66075f1ad552,3/28(–Ø) 19:00
raditopi,ƒ‰ƒWƒgƒs@ƒ‰ƒWƒIŠÖ¼ƒgƒsƒbƒNƒX,ƒVƒ“ƒK[ƒ\ƒ“ƒOƒ‰ƒCƒ^[EŒ´“c^“ñ@u¢ŠE‚ÌŒ»ó‚à‚Á‚Æ’m‚Á‚Äv@•½˜a‘i‚¦‚éƒ‰ƒCƒuŠˆ“®‚ÌˆÓ–¡‚Æ‚Í,https://news.yahoo.co.jp/articles/8d7f3f44d884dd7425b8133df53a8a5c035d0f3b,3/28(–Ø) 18:00
raditopi,ƒ‰ƒWƒgƒs@ƒ‰ƒWƒIŠÖ¼ƒgƒsƒbƒNƒX,u‹g–ì‰Æ~ƒNƒƒ~‚¿‚á‚ñvƒLƒƒƒ“ƒy[ƒ“ŠJÃI@˜¥‚É“ü‚Á‚½ƒNƒƒ~‚¿‚á‚ñ‚È‚ÇŒÀ’èƒfƒUƒCƒ“‚Ì“Á“T‚à‚ç‚¦‚é,https://news.yahoo.co.jp/articles/6b6ffb0d7fb88730aa3d669e2d61b1ff8fbd72c5,3/28(–Ø) 17:30
raditopi,ƒ‰ƒWƒgƒs@ƒ‰ƒWƒIŠÖ¼ƒgƒsƒbƒNƒX,y‘¬•ñz•ºŒÉŒ§ƒRƒƒi’è“_‚ ‚½‚èT4.25lŠ´õ@‘OT‚æ‚èŒ¸­@3Œ18“ú-24“ú,https://news.yahoo.co.jp/articles/b656b8a50b0194a86cfeb74d2273d910bbd5c270,3/28(–Ø) 17:20
raditopi,ƒ‰ƒWƒgƒs@ƒ‰ƒWƒIŠÖ¼ƒgƒsƒbƒNƒX,G’·‚â–öàV‚ç‚ªéå‚ÌŒSRéÕ‚È‚Ç‚ª•‘‘ä@“Ş—ÇE‘å˜aŒSR‚¨é‚Ü‚Â‚è@“`“s–u”’ŒÏ“nŒäv‚Æ‚Í,https://news.yahoo.co.jp/articles/a063f43bf42e25baa510f41b9eeadd8b50c8a549,3/28(–Ø) 17:00
raditopi,ƒ‰ƒWƒgƒs@ƒ‰ƒWƒIŠÖ¼ƒgƒsƒbƒNƒX,•Ä‚Ê‚©@©‚¨”§‚É•K—v‚Èƒrƒ^ƒ~ƒ“ŒQ‚â–û•ª‚ª‚½‚Á‚Õ‚èI@æl‚Ì’mŒb‚ª¶‚ñ‚¾u‚Ê‚©‘Üv‚Å”ü”§‚ÌƒXƒXƒ,https://news.yahoo.co.jp/articles/96f2f65f1481d33652bcb97f5f80d639b1edb3ab,3/28(–Ø) 17:00
raditopi,ƒ‰ƒWƒgƒs@ƒ‰ƒWƒIŠÖ¼ƒgƒsƒbƒNƒX,‚¨Î‚¢Œ|lE‚Rƒgƒ‚ƒqƒ@‰¶t‚É35”N—ˆ‚ÌÓß‚ÌƒƒP@•s‹`—‹–‚·77Î‚ÌŒ¾—t‚ªug‚Éõ‚İ‚½v,https://news.yahoo.co.jp/articles/97db2008fecc50c6e58656a6b1e283be2f8b2664,3/28(–Ø) 14:30
raditopi,ƒ‰ƒWƒgƒs@ƒ‰ƒWƒIŠÖ¼ƒgƒsƒbƒNƒX,yŠÈ’PƒŒƒVƒsz‚¨•Ù“–‚Ì‚¨‚©‚¸‚É‚Ò‚Á‚½‚èuƒJƒŒ[–¡‚ÌŒ{ƒXƒeƒBƒbƒNv@•Ğè‚ÅƒpƒNƒb‚Æ‚¨‚Â‚Ü‚İ‚É‚à,https://news.yahoo.co.jp/articles/23abb52e2c454cc2469cf3fc768c2d0ef2e908a5,3/28(–Ø) 12:00
raditopi,ƒ‰ƒWƒgƒs@ƒ‰ƒWƒIŠÖ¼ƒgƒsƒbƒNƒX,‘æ2ƒ{ƒ^ƒ“‚Í‚à‚¤ŒÃ‚¢!?uƒCƒ}ƒhƒL‘²‹Æ®•¶‰»v@ƒeƒBƒAƒ‰AƒnƒbƒVƒ…ƒ^ƒO‚È‚Çgƒ}ƒXƒgƒAƒCƒeƒ€h‘±X,https://news.yahoo.co.jp/articles/3a6cd0ac878d225babc999dd4fbfe93ad61f8c0b,3/28(–Ø) 11:45
raditopi,ƒ‰ƒWƒgƒs@ƒ‰ƒWƒIŠÖ¼ƒgƒsƒbƒNƒX,‚Â‚ñ‚­‰‚Ìl•¿¨’¼’k”»‚ğ‰õ‘øI@‹‚èÛƒXƒ}[ƒgA•ÔM‚à‚·‚®c“¯‚¢”N‚Ì‚¨Î‚¢Œ|l‚ª–¾‚©‚·,https://news.yahoo.co.jp/articles/2f7ee9bc1e6683ff11b3df8185e646f38490de5a,3/28(–Ø) 11:45
raditopi,ƒ‰ƒWƒgƒs@ƒ‰ƒWƒIŠÖ¼ƒgƒsƒbƒNƒX,ƒ`ƒLƒ“ƒ‰[ƒƒ“‚ÌƒpƒbƒP[ƒWA‚Ğ‚æ‚±‚¿‚á‚ñ‚ªG‰İ‚ÉIuƒTƒ“ƒLƒ…[ƒ}[ƒgv‚Å‡Ÿ”­”„@‘S17¤•i,https://news.yahoo.co.jp/articles/90e47483b5a4498c07ba2ca06fcf864e15a3d987,3/28(–Ø) 7:30
raditopi,ƒ‰ƒWƒgƒs@ƒ‰ƒWƒIŠÖ¼ƒgƒsƒbƒNƒX,Œ³—¤ã‘Iè‚Ìˆ×––‘å‚³‚ñ‚ç‚É‚æ‚é3‰ñ˜A‘±‚Ìu‰‰‰ï‚ğŠJÃ@i”n—É‘¾˜Y‹L”OŠÙ@4`6ŒAæ’…152l,https://news.yahoo.co.jp/articles/e630160ee59c137841079a4d7520abf151f54903,3/28(–Ø) 7:30
raditopi,ƒ‰ƒWƒgƒs@ƒ‰ƒWƒIŠÖ¼ƒgƒsƒbƒNƒX,•ºŒÉ”­E“Æ©‹Zp‚ÌƒpƒEƒ_[ƒr[ƒY‚ğg‚Á‚½‘Sg—p‚Ü‚­‚ç‚ª—İŒv”Ì”„1–œŒÂ“Ë”j@‡–°‚Ì‘Ì‚Ö‚Ì•‰’SŒyŒ¸,https://news.yahoo.co.jp/articles/a0090452ed073dba3eb5b97c6c8c0c5cff1f1048,3/28(–Ø) 7:00
raditopi,ƒ‰ƒWƒgƒs@ƒ‰ƒWƒIŠÖ¼ƒgƒsƒbƒNƒX,yº˜a‚Ì‚¨•ƒ‚³‚ñz˜rŒv‚ÅƒJƒŒƒ“ƒ_[‚ªŒ©‚ç‚ê‚é!?@º˜a‘ã‚Í“–‚½‚è‘O‚Ì•Ö—˜ƒOƒbƒY,https://news.yahoo.co.jp/articles/9df438fb8b96198b712701feab48df2650756718,3/28(–Ø) 6:55
raditopi,ƒ‰ƒWƒgƒs@ƒ‰ƒWƒIŠÖ¼ƒgƒsƒbƒNƒX,ŠÖ¼ƒtƒBƒ‹AŠÖ¼‚Ìáè‰‰‘t‰Æ”­Œ@Iuƒ‰ƒCƒWƒ“ƒOƒXƒ^[EƒvƒƒWƒFƒNƒgv“¡‰ªK•vƒ}ƒGƒXƒgƒ‚àŠú‘Ò,https://news.yahoo.co.jp/articles/9d355d871f308af7f9ee381bce514163a2b548e2,3/28(–Ø) 6:00
raditopi,ƒ‰ƒWƒgƒs@ƒ‰ƒWƒIŠÖ¼ƒgƒsƒbƒNƒX,o‰ï‚¢‚Ìtcƒ|ƒbƒL[h‚æ‚¤‚±‚»h‚¢‚Á‚Ï‚¢I ]èƒOƒŠƒRuWelcome PockyvƒLƒƒƒ“ƒy[ƒ“,https://news.yahoo.co.jp/articles/eaf02c863ec4ca6513338b7e3427f0a017518799,3/28(–Ø) 5:30
raditopi,ƒ‰ƒWƒgƒs@ƒ‰ƒWƒIŠÖ¼ƒgƒsƒbƒNƒX,‘åãŒÀ’èuƒNƒŒƒˆƒ“‚µ‚ñ‚¿‚á‚ñvƒOƒbƒY‘±X“oêI@ŠÖ¼‚Ì‰w‚È‚Ç@‚½‚±Ä‚«‚ğ”í‚Á‚½‚µ‚ñ‚¿‚á‚ñƒfƒUƒCƒ“,https://news.yahoo.co.jp/articles/b0e2a1250f8faeeec4c7f65b6c5e359b2ca23cf0,3/27(…) 19:00
raditopi,ƒ‰ƒWƒgƒs@ƒ‰ƒWƒIŠÖ¼ƒgƒsƒbƒNƒX,Šˆ“®25ü”NƒCƒ„[‚Ì—é–ØˆŸ”ü‚ªŒã“¡^Šó‚Æ‚Ìƒg[ƒNƒVƒ‡[‚ğŠJÃ@uƒ}ƒ}—F‚İ‚½‚¢v‚È2l‚Å,https://news.yahoo.co.jp/articles/77472d2ae6d1e5fc72266eb80b18907378e61cc8,3/27(…) 18:00
raditopi,ƒ‰ƒWƒgƒs@ƒ‰ƒWƒIŠÖ¼ƒgƒsƒbƒNƒX,‚¨‘•Ï‚í‚é‚Æcu‘S‘R‚¿‚ª‚¤‚â‚ñIv@‚Æv‚¢‚«‚âAu“¯‚¶‚Æ‚±‚à‚ ‚é!?v@ƒAƒƒŠƒJ‚Ì‚Z‚Ì‘²‹Æ®,https://news.yahoo.co.jp/articles/08ad49401b1c45de0225c73eb215b2b3a43c3d51,3/27(…) 17:00
raditopi,ƒ‰ƒWƒgƒs@ƒ‰ƒWƒIŠÖ¼ƒgƒsƒbƒNƒX,ƒK[ƒhƒŒ[ƒ‹‚Í”’©RŒûŒ§‚Íg‰©Fh‚Å‚·@“Áê‚ÈƒJƒ‰[ƒŠƒ“ƒO‚Ì——R‚ÍuŒ§‚Ì“ÁY•iv‚É‚ ‚Á‚½,https://news.yahoo.co.jp/articles/fed34d69a10efadc236d510e3cb62415017b2a8c,3/27(…) 11:45
raditopi,ƒ‰ƒWƒgƒs@ƒ‰ƒWƒIŠÖ¼ƒgƒsƒbƒNƒX,‚æ[‚¶‚âƒJƒtƒFu‚æ‚¶‚±ƒ‹ƒ“ƒ‹ƒ“A‚¨‰ÔŒ©‚És‚­vt‚ÌƒXƒC[ƒc3í@25“ú”­”„@‚Ü‚é‚Å÷‚à‚¿‚Ì–¡‚í‚¢,https://news.yahoo.co.jp/articles/31f386a1d1276f5dcb7da1c494fbac553a0ae15b,3/27(…) 11:30
raditopi,ƒ‰ƒWƒgƒs@ƒ‰ƒWƒIŠÖ¼ƒgƒsƒbƒNƒX,‚Î‚ñ‚Î‚Ğ‚ë‚Ó‚İ@ƒ‰ƒWƒIÅI‰ñ‚Å•a‚ğ”’@‰Á—î«“ï’®‚ÅƒXƒe[ƒWŠˆ“®‹x~‚àu‰¹Šy‚ÆŒü‚«‡‚Á‚Ä‚¢‚­v,https://news.yahoo.co.jp/articles/d1216743a2dbb3f4b4dfc94d3982f4fa2316977e,3/27(…) 11:00
raditopi,ƒ‰ƒWƒgƒs@ƒ‰ƒWƒIŠÖ¼ƒgƒsƒbƒNƒX,‚ ‚Ì‚Ë‚Ì‚Ëƒfƒrƒ…[50ü”NI@uŒ´“cL˜Y‘“Wv‘åãEã_•S‰İ“X‚Å27“ú‚©‚ç@ƒg[ƒN‚âƒTƒCƒ“‰ï‚à,https://news.yahoo.co.jp/articles/c9b95b4533bfa3c99ebebffbeadfc3011dc2776e,3/27(…) 7:00
raditopi,ƒ‰ƒWƒgƒs@ƒ‰ƒWƒIŠÖ¼ƒgƒsƒbƒNƒX,WEƒŠ[ƒO‚Å4‡˜A‘±Š®••Ÿ—˜AñˆÊƒL[ƒv‚ÌINAC_ŒË@‚È‚Å‚µ‚±OG‚Í•sU’E‚µ‚½á‚«FW‚É’–Ú,https://news.yahoo.co.jp/articles/dc06bdf01751405bc9d0bf3ac60813aa819818b2,3/27(…) 7:00
raditopi,ƒ‰ƒWƒgƒs@ƒ‰ƒWƒIŠÖ¼ƒgƒsƒbƒNƒX,kĞ‚Å‚Ì‘S‰óŒoŒ±@•ƒ‚ª‘¼ŠE‚µ23Î‚Å“X‚ğŒp³@’nŒ³ƒvƒƒXƒ|[ƒc‘Iè‚É‚àˆ¤‚³‚ê‚é_ŒËE{–‚ÌÄ“÷“X,https://news.yahoo.co.jp/articles/5bbbe8dc3b94baceb7ec1cd0bf56bfa1d456aa2b,3/27(…) 6:55
raditopi,ƒ‰ƒWƒgƒs@ƒ‰ƒWƒIŠÖ¼ƒgƒsƒbƒNƒX,ƒfƒrƒ…[25ü”N‚Ì—é–ØˆŸ”ü@u‚±‚ê‚Ü‚Å‚ğ—á‚¦‚é‚È‚çg‰Ô‰Îhv@‰ÌèAƒ^ƒŒƒ“ƒgADJcŠˆ“®U‚è•Ô‚é,https://news.yahoo.co.jp/articles/eed18c155168f06d18a7215375726fd9c2b69530,3/26(‰Î) 18:00
raditopi,ƒ‰ƒWƒgƒs@ƒ‰ƒWƒIŠÖ¼ƒgƒsƒbƒNƒX,ƒ‚ƒXƒo[ƒK[@VìƒXƒC[ƒc&ƒhƒŠƒ“ƒN27“ú”­”„@–kŠC“¹Y‚ä‚Å‚ ‚¸‚«ƒgƒbƒsƒ“ƒO‚Ì‚Ó‚í‚Ó‚íƒpƒ“ƒP[ƒL,https://news.yahoo.co.jp/articles/eaffe86695d3201facc3ee6c61bf75697be43c0b,3/26(‰Î) 17:30
raditopi,ƒ‰ƒWƒgƒs@ƒ‰ƒWƒIŠÖ¼ƒgƒsƒbƒNƒX,•ºŒÉ¤l‚ÌĞŒğêu‹Œ‰ª•û‹äŠy•”v‚ğd—v•¶‰»à‚É@“¯‹äŠy•”‚Åu‰‰‰ï@í‘O‚Ì’¬•À‚İÊ‚éq‹óÊ^‚à“W¦,https://news.yahoo.co.jp/articles/e3a6a38eff1fe55c18e016fd0a6255cea2f2ea72,3/26(‰Î) 17:00
raditopi,ƒ‰ƒWƒgƒs@ƒ‰ƒWƒIŠÖ¼ƒgƒsƒbƒNƒX,yß–ñƒŒƒVƒsz˜a•—‚Ì–¡‚Â‚¯‚É–O‚«‚½‚çu‚±‚ñ‚É‚á‚­‚Æƒx[ƒRƒ“‚Ìàu‚ß‚à‚Ìv@ƒJƒƒŠ[T‚¦‚ßƒƒjƒ…[,https://news.yahoo.co.jp/articles/f78cb4a53085f6f975c34c8e9082e2de6d50a887,3/26(‰Î) 12:00
raditopi,ƒ‰ƒWƒgƒs@ƒ‰ƒWƒIŠÖ¼ƒgƒsƒbƒNƒX,„‚µŠˆ—p‚Ë‚±‚Ë‚±Hƒpƒ““oêIw„‚µŠˆ‚µ‚É‚á‚¢Hx‚¢‚¿‚²Aƒuƒ‹[ƒxƒŠ[‚È‚Çg—p@‘S5Fƒ‰ƒCƒ“ƒAƒbƒv,https://news.yahoo.co.jp/articles/14c873efe0a22754cef6c584ec9dfdcdab6e1b9b,3/26(‰Î) 7:00
raditopi,ƒ‰ƒWƒgƒs@ƒ‰ƒWƒIŠÖ¼ƒgƒsƒbƒNƒX,÷‚Ì—t‚â‰Ô‚É‚Í“Å‚ª‚ ‚éI@‚¾‚Á‚½‚ç÷–İ‚ÍH‚×‚Ä‚à‘åä•vH@©ê–å‰Æu“Å‚Í¶‘¶í—ª‚©‚Â‚è‚Ì¬•ªv,https://news.yahoo.co.jp/articles/5f9bc2e08b44c778f2190788087c2992af961c20,3/26(‰Î) 7:00
raditopi,ƒ‰ƒWƒgƒs@ƒ‰ƒWƒIŠÖ¼ƒgƒsƒbƒNƒX,’m‚Á‚Ä‚½H@wƒr[ƒ`ƒTƒ“ƒ_ƒ‹x‚Í_ŒËE’·“c‹æ”­Ë@‹æ–ğŠ‚Å‚Íƒr[ƒTƒ“oĞ‚âƒfƒUƒCƒ“ƒRƒ“ƒeƒXƒg‚à,https://news.yahoo.co.jp/articles/c8e09ced61cb8a7c33d797c6631362b342877342,3/26(‰Î) 6:55
raditopi,ƒ‰ƒWƒgƒs@ƒ‰ƒWƒIŠÖ¼ƒgƒsƒbƒNƒX,‹‚Ìƒ‰ƒ“ƒhƒ}[ƒNwƒjƒfƒbƒN‹“sƒ^ƒ[x‚ÖI–½–¼Œ æ“¾  2024”NA_ŒËE‘åãE‹“sƒ^ƒ[V‘ã,https://news.yahoo.co.jp/articles/8c2630954575d186db2a65b9b8f0918625db5157,3/26(‰Î) 6:00
raditopi,ƒ‰ƒWƒgƒs@ƒ‰ƒWƒIŠÖ¼ƒgƒsƒbƒNƒX,ƒI[ƒXƒgƒ‰ƒŠƒAu‘¾—z‚Ì‘å’n‚Öv‘½—l«”F‚ß‡‚¤ ‘åãEŠÖ¼–œ”ƒpƒrƒŠƒIƒ“ ƒRƒ“ƒZƒvƒg”­•\A’…H‚Ö,https://news.yahoo.co.jp/articles/fd85774976eff701c81b590d3a19d092aa7f1720,3/26(‰Î) 5:00
raditopi,ƒ‰ƒWƒgƒs@ƒ‰ƒWƒIŠÖ¼ƒgƒsƒbƒNƒX,‘‰Æ‘Ši‚Ì•s“®YŠÓ’èm@ê–å‰Æ‚Íu‚¢‚ç‚È‚­‚È‚éE‹Æ‚©‚àv‚Æ”ßŠÏ@‘Šiæ“¾‚Å“¾‚½‚à‚Ì‚Æ‚Í,https://news.yahoo.co.jp/articles/12b67e4e6aba99e62aafa47c7c5ee598c2e7dfe3,3/25(Œ) 19:30
raditopi,ƒ‰ƒWƒgƒs@ƒ‰ƒWƒIŠÖ¼ƒgƒsƒbƒNƒX,y’¹æzŠC‚Ì¶‚«•¨‚Æ‚Ó‚ê‚ ‚¤…‘…‚ğVİ‚µ‚½‚¢I@…‘°ŠÙ‚ªƒNƒ‰ƒtƒ@ƒ“‚Åx‰‡‚ğŒÄ‚Ñ‚©‚¯,https://news.yahoo.co.jp/articles/2242473140cae4b34d154db1c3769864265a1d20,3/25(Œ) 19:00
raditopi,ƒ‰ƒWƒgƒs@ƒ‰ƒWƒIŠÖ¼ƒgƒsƒbƒNƒX,ì“ˆ‚ ‚¢‚ª‰ñŒÚ@“Œ“ú–{‘åkĞ@”íĞ’n‚Å‚Ó‚ê‚ ‚Á‚½q‚Ç‚à‚½‚¿‚Æ‚Ìu–Y‚ê‚ç‚ê‚È‚¢vƒGƒsƒ\[ƒh,https://news.yahoo.co.jp/articles/8a19c97fe834490e65d65f0fd6043c787e3e2d38,3/25(Œ) 19:00
raditopi,ƒ‰ƒWƒgƒs@ƒ‰ƒWƒIŠÖ¼ƒgƒsƒbƒNƒX,‹“s‚Ì˜V•Ü‚ ‚ß‰®‚ªì‚éI@ƒLƒ‰ƒLƒ‰Œõ‚ğW‚ß‚éuƒJƒƒCƒC‹ˆ¹v@}ŠÓŒ^‚Ì‚©‚í‚¢‚¢ƒpƒbƒP[ƒW‚Å“oê,https://news.yahoo.co.jp/articles/9c8e62eb377282804e0d5f65b90f55385690a1fb,3/25(Œ) 18:30
raditopi,ƒ‰ƒWƒgƒs@ƒ‰ƒWƒIŠÖ¼ƒgƒsƒbƒNƒX,ƒTƒ“ƒŠƒIE‚¨ƒWƒƒ–‚—‚Ç‚ê‚İ‚Ì–{ŠiƒRƒXƒ‚ª‘S‘ƒKƒVƒƒƒ|ƒ“©”Ì‹@‚Å”­”„’†I4Œ‚Í¯‚ÌƒJ[ƒrƒB‚à“oê,https://news.yahoo.co.jp/articles/3df16ed7d671de1ac38324b47d3fefbbd5fb46a0,3/25(Œ) 18:30
raditopi,ƒ‰ƒWƒgƒs@ƒ‰ƒWƒIŠÖ¼ƒgƒsƒbƒNƒX,¢ŠE’†‚Å””N‚É1“xu1•bv’²®‚·‚éu‚¤‚é‚¤•bv@‚»‚à‚»‚à‰½H@”p~‚Æ‚È‚é——R‚ÍH,https://news.yahoo.co.jp/articles/a2ca853697d8c7f684cb806feff59549cdaaaf86,3/25(Œ) 17:00
raditopi,ƒ‰ƒWƒgƒs@ƒ‰ƒWƒIŠÖ¼ƒgƒsƒbƒNƒX,R-1jã‰ƒAƒ}ƒ`ƒ…ƒAŒˆŸio@‚Ç‚­‚³‚¢ƒXƒCƒbƒ`Šé‰æ‚Ìƒvƒ‰ƒCƒx[ƒguÈ‚Í10Î‰º‚Å‘åŠì—˜‹­‚¢v,https://news.yahoo.co.jp/articles/0dcf6fa601164782a33d0072a887e5add1f25f97,3/25(Œ) 6:55
raditopi,ƒ‰ƒWƒgƒs@ƒ‰ƒWƒIŠÖ¼ƒgƒsƒbƒNƒX,‹U‹qE‹Usˆ×‚Ì‚±‚Æ‚ğuƒTƒNƒ‰v‚ÆŒÄ‚Ô‚Ì‚Íƒiƒ[H@ƒTƒNƒ‰‚Íß‚É–â‚í‚ê‚éH@’²¸‚µ‚Ä‚İ‚½,https://news.yahoo.co.jp/articles/d2ec560eb6e7845fba53c779a5e667d4eb86867f,3/25(Œ) 6:55
raditopi,ƒ‰ƒWƒgƒs@ƒ‰ƒWƒIŠÖ¼ƒgƒsƒbƒNƒX,ƒXƒCƒXƒpƒrƒŠƒIƒ“ ‘åãEŠÖ¼–œ”‚ÅÅŒy—Ê450‡sI5‚Â‚Ì‹…‘Ì g¢ŠE‚ÅÅ‚àŠvV“I‚È‘hƒAƒs[ƒ‹,https://news.yahoo.co.jp/articles/c4e51c0aa4c3fc1d97235f2e0d543cd31a487bd2,3/24(“ú) 9:00
raditopi,ƒ‰ƒWƒgƒs@ƒ‰ƒWƒIŠÖ¼ƒgƒsƒbƒNƒX,ƒTƒ“ƒLƒ…[ƒ}[ƒguƒ|ƒbƒg•vlvuƒtƒ‰ƒ“ƒ_[v‚È‚ÇƒvƒŠƒ“ƒZƒX‚Ì‘Š–_‚½‚¿‚ÌƒAƒCƒeƒ€”­”„I@‘S25¤•i,https://news.yahoo.co.jp/articles/9a441eeb885903f5241b225f475e64241e797ad7,3/24(“ú) 7:30
raditopi,ƒ‰ƒWƒgƒs@ƒ‰ƒWƒIŠÖ¼ƒgƒsƒbƒNƒX,y’W˜H“‡”­z‰h—{‰¿‚àƒAƒbƒvH@ƒNƒ‰ƒVƒbƒN‚ğ’®‚¢‚Äˆç‚Á‚½‹‚©‚çï‚Á‚½uƒ‚[ƒcƒ@ƒ‹ƒg‹“ûv,https://news.yahoo.co.jp/articles/bf829cdc2a35f4c2392f407679b978cc49bfdedd,3/24(“ú) 7:00
raditopi,ƒ‰ƒWƒgƒs@ƒ‰ƒWƒIŠÖ¼ƒgƒsƒbƒNƒX,‚İ‚ñ‚È‚Ì‚­‚¶‚ÉwƒnƒCƒLƒ…[xƒƒ“ƒo[“oêI@22“ú”­”„@“úŒüãÄ—zA‰eR”ò—Y‚ÌƒtƒBƒMƒ…ƒA‚»‚ë‚¤,https://news.yahoo.co.jp/articles/2b3e84bf45d2bdc48400b22c863a6d34f54b3c07,3/23(“y) 7:30
raditopi,ƒ‰ƒWƒgƒs@ƒ‰ƒWƒIŠÖ¼ƒgƒsƒbƒNƒX,•ºŒÉŒ§ŒxE‹@“®‘àˆõ©E@˜a‰ğ¬—§u–½‚ğ‚©‚¯‚½‘§q‚Övƒpƒƒnƒ‰”F‚ßAˆâ‘°‚ÖÓß‚à@9”N‚Ìí‚¢IŒ‹,https://news.yahoo.co.jp/articles/b30d3462d0e63b0117c523ca1503bd4fbf37eea2,3/23(“y) 5:00
raditopi,ƒ‰ƒWƒgƒs@ƒ‰ƒWƒIŠÖ¼ƒgƒsƒbƒNƒX,ƒv[ƒ}~uƒƒ“ƒs[ƒXvƒRƒŒƒNƒVƒ‡ƒ“23“ú”­”„I@Vlc‚ÌƒVƒ…[ƒY‚Ù‚©ƒp[ƒJ[ATƒVƒƒƒc‚È‚Ç‚»‚ë‚¤,https://news.yahoo.co.jp/articles/689c9156954131038eb7350f794f0b96183e73f8,3/22(‹à) 18:00
raditopi,ƒ‰ƒWƒgƒs@ƒ‰ƒWƒIŠÖ¼ƒgƒsƒbƒNƒX,ˆÉ‰êEb‰ê‚ÌƒŠƒAƒ‹”EÒ‚ª‘åãéŒö‰€‚ÉWŒ‹I@23E24“ú@‘ÌŒ±ƒR[ƒi[‚Å‚Íè— Œ•‘Å‚¿AË“I‚àI,https://news.yahoo.co.jp/articles/9a6c6c050bee953cb202edec4e1ac862507e0642,3/22(‹à) 17:30
raditopi,ƒ‰ƒWƒgƒs@ƒ‰ƒWƒIŠÖ¼ƒgƒsƒbƒNƒX,y‘¬•ñz•ºŒÉŒ§ƒRƒƒi’è“_‚ ‚½‚èT4.60lŠ´õ@5T‚Ô‚è‘‰Á@3Œ11“ú-17“ú,https://news.yahoo.co.jp/articles/d1835424ea33ba277cfd6126b5228197a4a29b45,3/22(‹à) 17:24
raditopi,ƒ‰ƒWƒgƒs@ƒ‰ƒWƒIŠÖ¼ƒgƒsƒbƒNƒX,uƒ`ƒ‹‚¢vuƒ`ƒ‹ƒXƒ|ƒbƒgvuƒ`ƒ‹—Fv@‚»‚à‚»‚àgƒ`ƒ‹h‚Á‚Ä‚È‚ñ‚È‚ñH@‹ß‚²‚ë‚ÌáÒ•¶‰»‚ğĞ‰î,https://news.yahoo.co.jp/articles/12aa7be0b6eb9f8fb3d17f5de887fd44ecbf8568,3/22(‹à) 12:00
raditopi,ƒ‰ƒWƒgƒs@ƒ‰ƒWƒIŠÖ¼ƒgƒsƒbƒNƒX,…ˆä‰Ã’j@_ŒËE˜ZƒAƒC‚Å˜b‘è‚ÌƒAƒNƒeƒBƒrƒeƒB‚É’§í‚àAƒ^ƒCƒ€‚Íu’´l‚Å‚Í‚È‚©‚Á‚½v@Äí‚ÉˆÓ—~,https://news.yahoo.co.jp/articles/cfee76c07a774653ac7b6c50e4cfc530f215ac3a,3/22(‹à) 11:45
raditopi,ƒ‰ƒWƒgƒs@ƒ‰ƒWƒIŠÖ¼ƒgƒsƒbƒNƒX,‘î”z‹ÆÒ‚ªÄ”z’B‚ª‘½‚¢‚Æu‚Ö‚±‚Şv——RuŠ®—¹‚µ‚È‚¢‚Æ‚¨‹à‚ğ‚¢‚½‚¾‚¯‚È‚¢v,https://news.yahoo.co.jp/articles/3eb3ee65a491328225a8b873f26034aa7fc6d81e,3/22(‹à) 11:30
raditopi,ƒ‰ƒWƒgƒs@ƒ‰ƒWƒIŠÖ¼ƒgƒsƒbƒNƒX,y•ºŒÉE–¾Îzƒhƒ[ƒ“B‰e“®‰æ‚ÅŠX‚Ì–£—Í‚ğ”­MI@İ—§32”N@s–¯’c‘Ì‚ÌŠˆ“®‚Æv‚¢,https://news.yahoo.co.jp/articles/fecfaea11d5f0ce98bdb948aedf0156886730f6d,3/22(‹à) 6:55
raditopi,ƒ‰ƒWƒgƒs@ƒ‰ƒWƒIŠÖ¼ƒgƒsƒbƒNƒX,‘åãEŠÖ¼–œ”@ƒJƒiƒ_ƒpƒrƒŠƒIƒ“AŒšİŒv‰æ‚Íu‡’²Ivƒp[ƒc‚Í§ì’†A–²F‚Å‘g‚İ—§‚Ä‚Ö,https://news.yahoo.co.jp/articles/5ac1d585f070d836f9961336fe7868e42d230f81,3/22(‹à) 5:00
raditopi,ƒ‰ƒWƒgƒs@ƒ‰ƒWƒIŠÖ¼ƒgƒsƒbƒNƒX,“Œ‹“d—ÍE•Ÿ“‡‘æˆêŒ´”­–ŒÌ‘i× _ŒË’nÙA‘‚Ì”…Ó”C”F‚ß‚¸u’·Šú•]‰¿vZã‰ñ‚é Œ´‚çT‘i‚Ö,https://news.yahoo.co.jp/articles/a6865a87bfc9d9f2754288d192bd5a715fb889b4,3/22(‹à) 3:00
raditopi,ƒ‰ƒWƒgƒs@ƒ‰ƒWƒIŠÖ¼ƒgƒsƒbƒNƒX,u—öˆ¤‚Ì^À‚ğ’Ç‹‚·‚éì•iv@²“¡Œ’E’·àV‚Ü‚³‚İEXµØ‚ª–a‚®ƒXƒg[ƒŠ[@wlŒ‚É‚È‚ê‚Î”Ş—‚Íx,https://news.yahoo.co.jp/articles/558d79b70afb9042bbcf155eb764e08945c557d4,3/21(–Ø) 19:30
raditopi,ƒ‰ƒWƒgƒs@ƒ‰ƒWƒIŠÖ¼ƒgƒsƒbƒNƒX,uX‰i»‰Ù~ƒRƒƒ_àÛàè“XvƒRƒ‰ƒ{5í“oêI@ƒVƒƒmƒ[ƒ‹‚â¬‘qƒg[ƒXƒg‚ª¬}Aƒ`ƒ‡ƒRƒ{[ƒ‹‚ÉI,https://news.yahoo.co.jp/articles/57fa8bd3eddc8064da5c1e1497b58266e08b3d8b,3/21(–Ø) 18:00
raditopi,ƒ‰ƒWƒgƒs@ƒ‰ƒWƒIŠÖ¼ƒgƒsƒbƒNƒX,‚í‚´‚í‚´–K‚ê‚½‚¢I@’O”gÂR‚ÌŠ•˜‚«ŒÃ–¯‰Æ‚Å–¡‚í‚¤u‚Ú‚½‚ñ“çv@–Ú—˜‚«“XåŒµ‘I‚ÌHŞ‚ğˆÍ˜F— ’[‚Å,https://news.yahoo.co.jp/articles/e6c29ec7e4fea7e159a0f8f6aa21c4265b514a51,3/21(–Ø) 18:00
raditopi,ƒ‰ƒWƒgƒs@ƒ‰ƒWƒIŠÖ¼ƒgƒsƒbƒNƒX,•ºŒÉE’––¼ì’¬‚ÍŒ’N’·õ‚Ì‚Ü‚¿@ƒvƒƒ|[ƒY‚Íg—öl‚Ì¹’nh‚Å@`‰ª–{Mi’¬’·,https://news.yahoo.co.jp/articles/b7a710853af682c914b326502b8a53f358209298,3/21(–Ø) 17:15
raditopi,ƒ‰ƒWƒgƒs@ƒ‰ƒWƒIŠÖ¼ƒgƒsƒbƒNƒX,uƒAƒoƒ^[Ú‹q‚ÍS‚ªƒI[ƒvƒ“‚É‚È‚év@ƒAƒoƒ^[Šˆ—p‚ÅĞ‰ï‰Û‘è‚ğ‰ğŒˆ,https://news.yahoo.co.jp/articles/5aecaf99dd6c8abc2a130bb152e24c9b1821b34f,3/21(–Ø) 13:00
raditopi,ƒ‰ƒWƒgƒs@ƒ‰ƒWƒIŠÖ¼ƒgƒsƒbƒNƒX,_ŒËs‰c’n‰º“SAŠJ‹ÆˆÈ—ˆ‰‚ÌgŠÛô‚¢h@‘S‰w‚ğ“Á•Ê´‘|@Œğ’Ê‹Çu–¾‚é‚­‚È‚Á‚½‚ÆŠ´‚¶‚Ä‚à‚ç‚¦‚½‚çv,https://news.yahoo.co.jp/articles/255e5e39ae65b076a17b1f67ac0c448670451cde,3/21(–Ø) 12:00
raditopi,ƒ‰ƒWƒgƒs@ƒ‰ƒWƒIŠÖ¼ƒgƒsƒbƒNƒX,_ŒË‚ÌƒVƒeƒBƒzƒeƒ‹@ƒGƒOƒ[ƒNƒeƒBƒuƒtƒƒA‚ªƒŠƒjƒ…[ƒAƒ‹@ƒTƒEƒi•t‚«ƒXƒC[ƒg‚È‚ÇV‚½‚È–£—Í‚à,https://news.yahoo.co.jp/articles/a9335005ff66afbc92fe3315e096ccf6797712e4,3/21(–Ø) 11:15
raditopi,ƒ‰ƒWƒgƒs@ƒ‰ƒWƒIŠÖ¼ƒgƒsƒbƒNƒX,‹Gß‚Ì•Ï‚í‚è–Úu”§ƒgƒ‰ƒuƒ‹vŒ´ˆö‚Æ‘Îˆ@‰»Ï•i‚Í–{Šig—p‘O‚Ì‚µg‚¢‚Å‰ñ”ğ@“úí‹C‚ğ•t‚¯‚½‚¢“_‚Í,https://news.yahoo.co.jp/articles/da74c208e95b9f015258eca0be27493ffdf0a573,3/21(–Ø) 7:00
raditopi,ƒ‰ƒWƒgƒs@ƒ‰ƒWƒIŠÖ¼ƒgƒsƒbƒNƒX,‰Œ‹‚Ñwo‰_‘åĞx@’m‚Á‚Ä‚¨‚«‚½‚¢Q”q•û–@@‚²—˜‰vƒAƒbƒv‚Ì‚½‚ß‚Ìu»ŒğŠ·v‚Æ‚ÍH,https://news.yahoo.co.jp/articles/9c5336e62dd41d88101a2c7718f40a6f995b926a,3/21(–Ø) 6:55
raditopi,ƒ‰ƒWƒgƒs@ƒ‰ƒWƒIŠÖ¼ƒgƒsƒbƒNƒX,—İŒv”„ã1.8‰­ŒÂˆÈãI@wƒLƒ“ƒPƒVx‚Ì’a¶”é˜b‚É”—‚é@ƒ|[ƒY‚Ì——R‚ÍH@Á‚µƒSƒ€‚Å‚Í‚È‚¢H,https://news.yahoo.co.jp/articles/3b53fb85d64a4ac47c64b38e7e73b4c545e48a75,3/21(–Ø) 6:55
raditopi,ƒ‰ƒWƒgƒs@ƒ‰ƒWƒIŠÖ¼ƒgƒsƒbƒNƒX,‰Æ‹ÆŒp³‚Ì‚½‚ß‚É@•ºŒÉŒ§“à‚ÌáèŒãŒpÒ‚ª“Æ©‚ÌV‹K–‹Æ”­•\@‚İ‚È‚Æ‹âs‚ªè‚ª‚¯‚éx‰‡ƒvƒƒOƒ‰ƒ€‚Å,https://news.yahoo.co.jp/articles/2a0f75b4337f4093c60759e1e06a064c458cfcf4,3/21(–Ø) 6:55
raditopi,ƒ‰ƒWƒgƒs@ƒ‰ƒWƒIŠÖ¼ƒgƒsƒbƒNƒX,‘åŠÛSÖ‹´“Xw˜a†…TƒVƒƒƒcx‚Å‚¨‘|œƒvƒƒWƒFƒNƒg ‘åãEŠÖ¼–œ” TEAM EXPO 2025,https://news.yahoo.co.jp/articles/8ccd71753ee61c72cabc113f968807e7fc205e8a,3/21(–Ø) 5:00
raditopi,ƒ‰ƒWƒgƒs@ƒ‰ƒWƒIŠÖ¼ƒgƒsƒbƒNƒX,–œ”‹L”OŒö‰€‚Å‰Ô‰ÎƒCƒxƒ“ƒg23“úŠJÃ@‰¹ŠyAÆ–¾AƒŒ[ƒU[‚ÆƒVƒ“ƒNƒI@ƒQ[ƒ€‚Ì¢ŠEŠÏ‚ğ‰‰o,https://news.yahoo.co.jp/articles/f5ff1f5787368d9636a51aeea003710fe6828b15,3/20(…) 17:00
raditopi,ƒ‰ƒWƒgƒs@ƒ‰ƒWƒIŠÖ¼ƒgƒsƒbƒNƒX,ƒ„ƒ“ƒL[‚Ìæ”y‚©‚ç‚ÌŒxu’ä‚è‚İ‚ÍŠoŒå‚µ‚Ä‚â‚ê‚æIv@‚Å‚È‚¢‚Æc«—ˆƒnƒQ‚éƒ]!?,https://news.yahoo.co.jp/articles/a28f14155a45dd27552ebdf3950815a6d45376d3,3/20(…) 17:00
raditopi,ƒ‰ƒWƒgƒs@ƒ‰ƒWƒIŠÖ¼ƒgƒsƒbƒNƒX,uGap~—L–¼ƒA[ƒeƒBƒXƒgvƒRƒ‰ƒ{TƒVƒƒƒc”­”„@ƒjƒ‹ƒ”ƒ@[ƒi‚ÌƒXƒ}ƒCƒŠ[AƒŒƒbƒ`ƒŠ‚ÌƒƒS‚È‚Ç5í,https://news.yahoo.co.jp/articles/52aa0c30bfd7ba77c67ff3797929d35fdfaa4471,3/20(…) 12:00
raditopi,ƒ‰ƒWƒgƒs@ƒ‰ƒWƒIŠÖ¼ƒgƒsƒbƒNƒX,”–`‚­Ä‚¢‚½‹Êq‚ªâ•iISNS‚ğ‘›‚ª‚·‹†‹É‚Ì‰¤“¹ƒIƒ€ƒ‰ƒCƒX@_ŒË‚Ìl‹C—mH“X@ƒVƒFƒt‚Í˜V•Ü‚ÅC‹Æ,https://news.yahoo.co.jp/articles/c3b4bc63c83805ee623fd9efd2f6447d0611109d,3/20(…) 11:45
raditopi,ƒ‰ƒWƒgƒs@ƒ‰ƒWƒIŠÖ¼ƒgƒsƒbƒNƒX,ñü‚è‚É‘åªEƒWƒƒƒKƒCƒ‚!?@‰«“ê‚Å‚Í‘²‹Æ®‚ÉuƒŒƒCv‘¡‚é‚Ì‚ª’è”Ô‚Á‚Ä–{“–H@’nŒ³ê–å“X‚É•·‚¢‚½,https://news.yahoo.co.jp/articles/2bb61c196bf4c574a14d27a284267725a204f10f,3/20(…) 7:00
raditopi,ƒ‰ƒWƒgƒs@ƒ‰ƒWƒIŠÖ¼ƒgƒsƒbƒNƒX,ã_“dÔwbq‰€•S”N«“TxÔ—¼‚ª20“ú“oê@’†’İ‚èL‚ğbq‰€‹…ê100”N‚Ì—ğj•R‰ğ‚­Œ¾—t‚ªÊ‚é,https://news.yahoo.co.jp/articles/16f1ff7fa908cc37f09fbba90b7dff1c3ef4b8c8,3/20(…) 6:55
raditopi,ƒ‰ƒWƒgƒs@ƒ‰ƒWƒIŠÖ¼ƒgƒsƒbƒNƒX,‘åŠÛ_ŒË“Xu_ŒËsi‚¢‚¿jvŠJÃ@20“ú‚©‚ç@‚Ë‚¸‚İ‚ÌƒVƒ…[ƒNƒŠ[ƒ€A‚Ï‚­‚Ü‚é“V‚È‚Ç_ŒËƒOƒ‹ƒ‚à,https://news.yahoo.co.jp/articles/5cb194344b2350a77ba0b34f5bc56648c4ce17c4,3/19(‰Î) 19:00
raditopi,ƒ‰ƒWƒgƒs@ƒ‰ƒWƒIŠÖ¼ƒgƒsƒbƒNƒX,‘“¹‚Ì”Ô†‚Í‚Ç‚¤‚â‚Á‚ÄŒˆ‚ß‚Ä‚éH@“ú–{‚ÅÅ‚à’Z‚¢‘“¹‚ÍH@w‘“¹‚ÌƒAƒŒƒRƒŒx‚ğ’²‚×‚Ä‚İ‚½,https://news.yahoo.co.jp/articles/10369171c1dc2a8dfcd6cbdaf8ee05091e276656,3/19(‰Î) 18:00
raditopi,ƒ‰ƒWƒgƒs@ƒ‰ƒWƒIŠÖ¼ƒgƒsƒbƒNƒX,u‰½–‚àí‚Éƒtƒ@ƒ“ƒtƒ@[ƒXƒg‚Åv@Œ‹¬9ü”NƒAƒCƒhƒ‹E‚í[‚·‚½@œAìE¼“cgd–‚Æ‚ÌŒü‚«‡‚¢•ûh,https://news.yahoo.co.jp/articles/58ba0f2ad2c20764ae972f96c12f80f8ffcf6ebb,3/19(‰Î) 18:00
raditopi,ƒ‰ƒWƒgƒs@ƒ‰ƒWƒIŠÖ¼ƒgƒsƒbƒNƒX,‚È‚Å‚µ‚±¨‚ç²‚É•±“¬‚Ğ‚©‚éINAC_ŒË@ñˆÊˆÛ‚ÆD’²‚àAW‹q‹êí@J1_ŒË‚Æ‚Ì‹¤Ã‚ÅŒ©‚¦‚½Œ»À,https://news.yahoo.co.jp/articles/79c0389cebec99e5b325f99a4575e59ba8385674,3/19(‰Î) 17:30
raditopi,ƒ‰ƒWƒgƒs@ƒ‰ƒWƒIŠÖ¼ƒgƒsƒbƒNƒX,‘ã•\ì‚©‚çV”­Œ©ìAÊ¶’Ÿ‚Ü‚Å‰æ‹Æ‚ğˆê–]@“ú–{‰æ‰ÆE•Ÿ“c•½”ª˜Y‚Ì‘å‹K–Í‚È‰ñŒÚ“W@‘åã’†”V“‡”üpŠÙ,https://news.yahoo.co.jp/articles/8c7ad1ac361c9fbf86535c252eeaa7dc4bfeacdc,3/19(‰Î) 17:00
raditopi,ƒ‰ƒWƒgƒs@ƒ‰ƒWƒIŠÖ¼ƒgƒsƒbƒNƒX,]ŒË‘ã‚©‚ç‘±‚­•ºŒÉ–Á‰ÙE•P˜Hu”dB‚©‚è‚ñ‚Æ‚¤v@ˆê”Ê‚Æˆá‚¤»–@‚Å“Æ©‚ÌHŠ´‚É@ã•i‚ÈŠÃ‚³‚àl‹C,https://news.yahoo.co.jp/articles/eaee653fa9fd7870a763c770277e33e9aa871d5d,3/19(‰Î) 12:00
raditopi,ƒ‰ƒWƒgƒs@ƒ‰ƒWƒIŠÖ¼ƒgƒsƒbƒNƒX,‚Šz•i‚Å‚Ìw¸”s’kx@u8læ‚è4WDÔ”ƒ‚Á‚½‚ªˆê“x‚àæ‚ç‚¸vu‚‹‰PC‚ªŒÌá‘±‚«‚Å–ˆ‰ñ5–œcv,https://news.yahoo.co.jp/articles/2a05711c43c6b5a8cd95ee5cbb4f0086053a9611,3/19(‰Î) 12:00
raditopi,ƒ‰ƒWƒgƒs@ƒ‰ƒWƒIŠÖ¼ƒgƒsƒbƒNƒX,_ŒË‚ÌŠX‚ğ‚¨‰Ùq‚ÅÄŒ»@Œ©—§‚Äì‰ÆE“c’†’B–çuƒ~ƒjƒ`ƒ…ƒAƒ‰ƒCƒt“Wv_ŒËã‹}‚ÅŠJÃ’†@4Œ1“ú‚Ü‚Å,https://news.yahoo.co.jp/articles/8e14ec632bfcbcc62c10077e4828ec6ef64b68fc,3/19(‰Î) 11:45
raditopi,ƒ‰ƒWƒgƒs@ƒ‰ƒWƒIŠÖ¼ƒgƒsƒbƒNƒX,‘å©‘R‚Ì–ìŠO”•¨ŠÙ@u’O”g’nˆæ‹°—³‰»ÎƒtƒB[ƒ‹ƒgƒ~ƒ…[ƒVƒAƒ€v‚ª‚Â‚È‚®‘¾ŒÃ‚Æ–¢—ˆ,https://news.yahoo.co.jp/articles/967786aafcc49bf26ec6edb5af242492c59dfe5f,3/19(‰Î) 7:30
raditopi,ƒ‰ƒWƒgƒs@ƒ‰ƒWƒIŠÖ¼ƒgƒsƒbƒNƒX,uƒRƒAƒ‰‚Ìƒ}[ƒ`~ƒnƒ[ƒLƒeƒBv19“ú”­”„@ƒ}ƒ}‚Ìì‚Á‚½ƒAƒbƒvƒ‹ƒpƒC‚ğƒCƒ[ƒW@ŠG•¿‚Í‘S36íI,https://news.yahoo.co.jp/articles/8254e6d36c0597320764a8b73085a59c9438c179,3/19(‰Î) 7:00
raditopi,ƒ‰ƒWƒgƒs@ƒ‰ƒWƒIŠÖ¼ƒgƒsƒbƒNƒX,ƒrƒbƒOƒ‚[ƒ^[Œ³“X’·‚ğ‘—Ş‘—ŒŸuœ‘Üg‚Á‚½‚çcv•ºŒÉŒ§ŒxA“X•Ü‘O‚ÌŠX˜H÷ŒÍ€–â‘è@Ší•¨‘¹‰ó—e‹^,https://news.yahoo.co.jp/articles/cac8f56e2116365bcdc8864324cb580f3776dc37,3/19(‰Î) 5:00
raditopi,ƒ‰ƒWƒgƒs@ƒ‰ƒWƒIŠÖ¼ƒgƒsƒbƒNƒX,V¶Šˆ‚ÉIuƒtƒ‰ƒCƒ“ƒOƒ^ƒCƒK[vƒAƒjƒ}ƒ‹&ƒtƒ‰ƒ[ƒVƒŠ[ƒY@q‚Ç‚àŒü‚¯û”[ƒAƒCƒeƒ€Aƒoƒ‹[ƒ“‚à,https://news.yahoo.co.jp/articles/20cee026f9f842bf3b7d45ba4e6d498eff982950,3/18(Œ) 19:00
raditopi,ƒ‰ƒWƒgƒs@ƒ‰ƒWƒIŠÖ¼ƒgƒsƒbƒNƒX,‘æ“ñ’eIuƒtƒ@ƒ~ƒŠƒA~ƒjƒ…[ƒGƒ‰veq‚Åg‚¦‚éƒLƒƒƒbƒvAƒVƒ“ƒvƒ‹ƒfƒUƒCƒ“‚ÌƒoƒbƒO4í@19“ú”­”„,https://news.yahoo.co.jp/articles/cfe748fb36db141a8f55632118cb6e6eca111578,3/18(Œ) 17:45
raditopi,ƒ‰ƒWƒgƒs@ƒ‰ƒWƒIŠÖ¼ƒgƒsƒbƒNƒX,u_ŒËƒƒCƒ“v–‹Æ‚ğ”’’ßğ‘¢‚ªŒp³‚Ö@_ŒË”_­ŒöĞ‚Æ‹¦‹cn‚ß‚é@»‘¢İ”õ‚Ì˜V‹€‰»‚È‚Ç”wŒi,https://news.yahoo.co.jp/articles/75736ade8a2bc5e45c744e8fcb3886824ddd8602,3/18(Œ) 17:00
raditopi,ƒ‰ƒWƒgƒs@ƒ‰ƒWƒIŠÖ¼ƒgƒsƒbƒNƒX,ŠÖ¼–¼•¨w551–H—‰x“Ø‚Ü‚ñAˆê•””Ì”„ÄŠJu‚æ‚©‚Á‚½Iv ˆÙ•¨¬“ü‚Å”Ì”„’†~ ‰ñû‘ÎÛ30–œŒÂ‚É,https://news.yahoo.co.jp/articles/23812832fc6a63ff80b8ec799725e8682beacb19,3/18(Œ) 11:40
raditopi,ƒ‰ƒWƒgƒs@ƒ‰ƒWƒIŠÖ¼ƒgƒsƒbƒNƒX,u•sR‚È“d˜b‚É‚Ío‚È‚¢‚ÅIv@“Áê¼‹\‚Ì‘ã•\“I‚È3‚Â‚ÌèŒû@•ºŒÉŒ§‚Å‚Í‹ï‘Ì“I‘Îô‚É•â•‹à‚à,https://news.yahoo.co.jp/articles/e92fe45419ba968a599788e14af5d1d040c8370b,3/18(Œ) 7:30
raditopi,ƒ‰ƒWƒgƒs@ƒ‰ƒWƒIŠÖ¼ƒgƒsƒbƒNƒX,y‘²‹Æ®z§•‚Ì‹¹ƒ{ƒ^ƒ“‚ğ‚È‚º–á‚¤H@‚È‚ºu‘æ2vH@”­Ë’T‚Á‚½‚ç‚ß‚¿‚á‚­‚¿‚áØ‚È‚¢•¨Œê‚¾‚Á‚½I,https://news.yahoo.co.jp/articles/8a8cf7f3f99213dfaf4463012524045cb1bf728f,3/18(Œ) 6:55
raditopi,ƒ‰ƒWƒgƒs@ƒ‰ƒWƒIŠÖ¼ƒgƒsƒbƒNƒX,ƒyƒR‚¿‚á‚ñ‚ÌŒC‰º“oêI@‘S–Êƒ~ƒ‹ƒL[•¿AƒyƒR‚¿‚á‚ñh‚µ‚ã‚¤‚È‚Ç4í@Tabio“X•ÜAECƒXƒgƒA‚Å,https://news.yahoo.co.jp/articles/737874e18dd42b9afb7baa47297f875aad143da6,3/16(“y) 12:00
raditopi,ƒ‰ƒWƒgƒs@ƒ‰ƒWƒIŠÖ¼ƒgƒsƒbƒNƒX,_ŒËƒuƒ‰ƒ“ƒhƒRƒ‰ƒ{uƒtƒ@ƒ~ƒŠƒA~ƒsƒIƒkƒ“ƒiƒ‹v@ŠØ‘“`“¶’n‚Ìƒg[ƒgƒoƒbƒO‚È‚Ç18í@26“ú”­”„,https://news.yahoo.co.jp/articles/100efa55ca4e669eed97a9ef7ef193593168ce90,3/16(“y) 11:45
raditopi,ƒ‰ƒWƒgƒs@ƒ‰ƒWƒIŠÖ¼ƒgƒsƒbƒNƒX,_ŒËE•ºŒÉ‚Ì•¶‰»àu‰ª•û‹äŠy•”v@‰üC‘OÅŒã‚Ìˆê”ÊŒöŠJ@u‰‰‰ï‚â‹Md‚È‹óBÊ^“W¦‚à@20“ú‚©‚ç,https://news.yahoo.co.jp/articles/59abe1c198645e1cbea2831a4a25b76ab33acfd1,3/16(“y) 7:00
raditopi,ƒ‰ƒWƒgƒs@ƒ‰ƒWƒIŠÖ¼ƒgƒsƒbƒNƒX,u‚½‚Ü‚²‚Á‚¿‚Ì‚¨‚İ‚¹v15“úƒI[ƒvƒ“y‘åãE”~“cz‰‘ã‚½‚Ü‚²‚Á‚¿‚Ì‰¢•Ä”Å16í‚ÌƒfƒUƒCƒ“‚»‚ë‚¤,https://news.yahoo.co.jp/articles/ac5f883d939f46b146ff9f1b913d3b06a3928d41,3/15(‹à) 18:30
raditopi,ƒ‰ƒWƒgƒs@ƒ‰ƒWƒIŠÖ¼ƒgƒsƒbƒNƒX,BEAMS JAPANƒvƒƒfƒ…[ƒXuƒƒŠƒPƒ“ƒp[ƒNƒtƒFƒXƒeƒBƒoƒ‹v@3Œ16E17“úŠJÃ,https://news.yahoo.co.jp/articles/571e21ab9cea512149eb26e7532348c5cc34cd59,3/15(‹à) 18:00
raditopi,ƒ‰ƒWƒgƒs@ƒ‰ƒWƒIŠÖ¼ƒgƒsƒbƒNƒX,ˆê‘«æ‚ÉAV…‘°ŠÙ‚ğ–‹iI@u_ŒË{–ƒV[ƒ[ƒ‹ƒhvŠJ‹Æ‘O‚És–¯500l–³—¿µ‘Ò@–‘O‰•å‚Ì’Š‘I,https://news.yahoo.co.jp/articles/fc4503a6b539d37d972c668637704c010c5e24ec,3/15(‹à) 17:00
raditopi,ƒ‰ƒWƒgƒs@ƒ‰ƒWƒIŠÖ¼ƒgƒsƒbƒNƒX,‘S‘‰AĞŠQ‚Ì‹A‘î¢“ïÒ‚ğƒXƒ}ƒz‚Å”ğ“ï{İ‚É“±‚­ƒVƒXƒeƒ€‚ğŠJ”­@_ŒËs@4Œ‚©‚ç‰^—pŠJn,https://news.yahoo.co.jp/articles/ec05b2892e9264898a45e861f5dff85db8602797,3/15(‹à) 12:15
raditopi,ƒ‰ƒWƒgƒs@ƒ‰ƒWƒIŠÖ¼ƒgƒsƒbƒNƒX,yƒwƒ‹ƒV[ƒŒƒVƒszƒ_ƒCƒGƒbƒg‚É‚à‚¨‚·‚·‚ßu“¤•…‚Æ‚«‚Ì‚±‚Ì‚ ‚ñ‚©‚¯‚²”Ñv@‹ï‘òR‚È‚Ì‚É’áƒJƒƒŠ[,https://news.yahoo.co.jp/articles/f2fa5f902302c435ad56b9edd7ef89371c16e87d,3/15(‹à) 12:00
raditopi,ƒ‰ƒWƒgƒs@ƒ‰ƒWƒIŠÖ¼ƒgƒsƒbƒNƒX,y_ŒËszsƒoƒXE’n‰º“S‚Ì’èŠúŒ”w“ü@WEB—\–ñ‚Ì—˜—pŒÄ‚Ñ‚©‚¯‚Å¬GŠÉ˜a‚Ö,https://news.yahoo.co.jp/articles/bb13192dae4ac7e32ceffa69f184c73e6b0d980d,3/15(‹à) 12:00
raditopi,ƒ‰ƒWƒgƒs@ƒ‰ƒWƒIŠÖ¼ƒgƒsƒbƒNƒX,ƒtƒ‰ƒ[ƒhƒŒƒXƒfƒUƒCƒi[—tØ÷‰Ôq‚ÌK‚¹‚ ‚Ó‚ê‚éƒhƒŒƒX‚Æ‰ÔŒ¾—t‚Ì¢ŠE@•óí€s—§•¶‰»Œ|pƒZƒ“ƒ^[,https://news.yahoo.co.jp/articles/86f4ee449f66d3c25328e92e51d6849a8501c234,3/15(‹à) 10:00
raditopi,ƒ‰ƒWƒgƒs@ƒ‰ƒWƒIŠÖ¼ƒgƒsƒbƒNƒX,u‚í‚½‚µ‚É–¼‘O‚ğ‚Â‚¯‚ÄIv@ƒRƒAƒ‰‚ÌÔ‚¿‚á‚ñˆ¤Ì•åW@’W˜Hƒtƒ@[ƒ€ƒp[ƒN@ƒCƒ“ƒOƒ‰ƒ“ƒh‚Ì‹u,https://news.yahoo.co.jp/articles/a1bc2b4b80414cb8ed158c9d7083e0b11f51bc38,3/15(‹à) 7:00
raditopi,ƒ‰ƒWƒgƒs@ƒ‰ƒWƒIŠÖ¼ƒgƒsƒbƒNƒX,Hêö“üƒŒƒ|I@‚Ü‚é‚Å‹}{‚ÅŸ¹‚ê‚½‚æ‚¤@–{Ši”hƒyƒbƒgƒ{ƒgƒ‹—Î’ƒ‚Íg‹‘å‚È‚â‚©‚ñh‚Åì‚ç‚ê‚Ä‚¢‚½,https://news.yahoo.co.jp/articles/3b8c7c1f5836692e3042d1894f0dfd02cda1810f,3/15(‹à) 7:00
raditopi,ƒ‰ƒWƒgƒs@ƒ‰ƒWƒIŠÖ¼ƒgƒsƒbƒNƒX,uƒ}ƒŠƒƒbƒRv‚ÌƒEƒFƒA15“ú”­”„I@’è”ÔƒEƒjƒbƒRA‰Ôƒ‚ƒ`[ƒt‚Ìƒwƒ‰ƒbƒJAƒRƒ‹ƒ~ƒbƒR‚È‚ÇVì‚à“oê,https://news.yahoo.co.jp/articles/3f9e3f79adb684373a27f390b2efa1b8b0a5a4d1,3/14(–Ø) 19:30
raditopi,ƒ‰ƒWƒgƒs@ƒ‰ƒWƒIŠÖ¼ƒgƒsƒbƒNƒX,V‚µ‚¢¢ŠE‚Ö’§í‚·‚éƒJƒ‚I@ƒWƒƒƒ}ƒCƒJ–Úw‚µ’¿“¹’†@Î‚¢Eƒhƒ^ƒoƒ^EŠ´“®‚Ì–`Œ¯ƒRƒƒfƒB[ƒAƒjƒ,https://news.yahoo.co.jp/articles/a7909754ff88ca0fffc58137aa3b6e4bba4f51a0,3/14(–Ø) 19:00
raditopi,ƒ‰ƒWƒgƒs@ƒ‰ƒWƒIŠÖ¼ƒgƒsƒbƒNƒX,y•ºŒÉE“òèzs“à‰ƒXƒP[ƒgƒ{[ƒhƒp[ƒNİ’u‚Éx‰‡‚ğŒÄ‚Ñ‚©‚¯@áÒ‚Æs­‚ªƒ^ƒbƒO‘g‚Ş,https://news.yahoo.co.jp/articles/698c91a9987d29946f996a5327131e13800de484,3/14(–Ø) 18:00
raditopi,ƒ‰ƒWƒgƒs@ƒ‰ƒWƒIŠÖ¼ƒgƒsƒbƒNƒX,ˆùH“X‚È‚Ç‚©‚ço‚é”pH—p–û‚ª‘D‚ğ‘–‚ç‚¹‚éH@ŠÂ‹«‚É”z—¶‚µ‚½g‘“à‰E’n‹…‚É‚â‚³‚µ‚¢”R—¿h‚Æ‚Í,https://news.yahoo.co.jp/articles/d3b0726af56d97071b97a2b0bb6ad95713930c33,3/14(–Ø) 17:00
raditopi,ƒ‰ƒWƒgƒs@ƒ‰ƒWƒIŠÖ¼ƒgƒsƒbƒNƒX,y‘¬•ñz•ºŒÉŒ§ƒRƒƒi’è“_‚ ‚½‚èT4.43lŠ´õ@5T˜A‘±Œ¸@3Œ4“ú-10“ú,https://news.yahoo.co.jp/articles/c6e6fc2da7ff2280f26552139ee7a47279797a23,3/14(–Ø) 16:47
raditopi,ƒ‰ƒWƒgƒs@ƒ‰ƒWƒIŠÖ¼ƒgƒsƒbƒNƒX,‘åãEŠÖ¼–œ”u‘å‰®ªƒŠƒ“ƒOv•Â–‹Œã‚ÌÄ—˜—p‚Ö’ñˆÄ20Œ  ˆê•”‚ğ“W–]‘ä‚Æ‚µ‚Ä‰ïê‚Öc‚·ˆÄ‚à,https://news.yahoo.co.jp/articles/dcc5a1c87284c0096567df185684e4d56f041c7b,3/14(–Ø) 16:45
raditopi,ƒ‰ƒWƒgƒs@ƒ‰ƒWƒIŠÖ¼ƒgƒsƒbƒNƒX,J1_ŒËGK‘Oì‘á–çA“ú–{‘ã•\ƒƒ“ƒo[“ü‚è@3Œ‚Ì–k’©‘N‘ã•\‚Æ‚Ì2‡uŠoŒå‚ÆÓ”C‚ğ‚Á‚Äí‚¤v,https://news.yahoo.co.jp/articles/3cc2feb22b42836c5f0ba5776db7cde3fc503a9f,3/14(–Ø) 16:30
raditopi,ƒ‰ƒWƒgƒs@ƒ‰ƒWƒIŠÖ¼ƒgƒsƒbƒNƒX,u‘@×‚³‚ñv‚ÆŒÄ‚Î‚ê‚élX‚Ì¶‚«‚Ã‚ç‚³x‰‡@”ñ‘Î–ÊE”ñÚGƒJƒtƒF@¤•i‚ğ“n‚·‚Ì‚Íg‚ ‚é“®•¨‚Ìèh,https://news.yahoo.co.jp/articles/4f18d8c48c4b73242b85a03f6d503a962c45210a,3/14(–Ø) 12:00
raditopi,ƒ‰ƒWƒgƒs@ƒ‰ƒWƒIŠÖ¼ƒgƒsƒbƒNƒX,y‚¨èŒyƒŒƒVƒsz–ìØ‚½‚Á‚Õ‚èu“Ø`v@Š¦‚¢“ú‚Ì‚¨‚Æ‚à‚É@‹“û‰Á‚¦‚ÄuƒNƒŠ[ƒ€ƒpƒXƒ^vƒAƒŒƒ“ƒW‚à,https://news.yahoo.co.jp/articles/3550d6d405b1b062b2d53604acbeed19d33a4f70,3/14(–Ø) 12:00
raditopi,ƒ‰ƒWƒgƒs@ƒ‰ƒWƒIŠÖ¼ƒgƒsƒbƒNƒX,ƒ‰ƒbƒVƒ…‚É‚µ‚©Œ©‚ç‚ê‚È‚¢uã‹}8200ŒnvTƒVƒƒƒc“oêI@˜Hü}‚ª¯‹ó‚É@¼‹{ã‹}‚Åæs”Ì”„,https://news.yahoo.co.jp/articles/f5a232855855d6e5274e6dac91e29bd271fc6601,3/14(–Ø) 11:30
raditopi,ƒ‰ƒWƒgƒs@ƒ‰ƒWƒIŠÖ¼ƒgƒsƒbƒNƒX,ƒnƒ‹ƒJƒXEŒ³‹…ê‘OEŒÃ•­ŒQEƒuƒhƒE‰€‚ğ‹·‹O‚Å¾‘–¨Š€Œ´_‹{‚Ö@‹ß“SÅŒÃ‚Ì˜Hüu“ì‘åãüv–£—Í’T–K,https://news.yahoo.co.jp/articles/42f1594f5bc8032e3a579955f906cd014884eaa5,3/14(–Ø) 10:20
raditopi,ƒ‰ƒWƒgƒs@ƒ‰ƒWƒIŠÖ¼ƒgƒsƒbƒNƒX,—«‚ªœëŠ³‚µ‚â‚·‚¢u“û‚ª‚ñv@—Ü‚Å”­Œ©‚·‚éŒ¤‹†i‚Ş@Ğ‰ïÀ‘•‚ÉŒü‚¯–z‘–‚·‚é_ŒË‘åŠw”F’èƒxƒ“ƒ`ƒƒ[,https://news.yahoo.co.jp/articles/e8c034d3e2d3162a6dd7652bcbb21f62a1a25165,3/14(–Ø) 6:55
raditopi,ƒ‰ƒWƒgƒs@ƒ‰ƒWƒIŠÖ¼ƒgƒsƒbƒNƒX,ƒŒƒgƒƒCƒ“ƒeƒŠƒAwƒ‚ƒUƒCƒNƒ^ƒCƒ‹x@º˜a‚ÌZ‘î‚Å‚Í•K‚¸Œ©‚©‚¯‚½H@•—˜CêEô–Ê‘ä‚Ì’è”ÔƒAƒCƒeƒ€,https://news.yahoo.co.jp/articles/e2cb6d201993c1624b94d4ca83179a77bdce2550,3/14(–Ø) 6:55
raditopi,ƒ‰ƒWƒgƒs@ƒ‰ƒWƒIŠÖ¼ƒgƒsƒbƒNƒX,‚¢‚Á‚½‚¢’N‚ªc‘åãEŠÖ¼–œ”‚ÌŠçuƒ~ƒƒƒNƒ~ƒƒƒNv‚É@‘åãs–ğŠ‘O@‘åã•{ŒxAŠí•¨‘¹‰ó—e‹^‚Å‘{¸,https://news.yahoo.co.jp/articles/0f59885db0130d6eb89aed402909bc36b4666059,3/14(–Ø) 5:00
raditopi,ƒ‰ƒWƒgƒs@ƒ‰ƒWƒIŠÖ¼ƒgƒsƒbƒNƒX,‘åã‚È‚Ç4‰ïê‚Åuƒ‰ƒvƒ“ƒcƒFƒ‹vƒJƒtƒFŠúŠÔŒÀ’èƒI[ƒvƒ“I@’·‚¢”¯ƒCƒ[ƒW‚ÌƒpƒXƒ^Aƒ‚ƒ“ƒuƒ‰ƒ““oê,https://news.yahoo.co.jp/articles/5f1844d2d0d8e0ab4b4cbfc4b470143c5ade37a2,3/13(…) 18:30
raditopi,ƒ‰ƒWƒgƒs@ƒ‰ƒWƒIŠÖ¼ƒgƒsƒbƒNƒX,’·ˆø‚­l’Ê‚è‚ÌŒ¸­@’nˆæ‚Æ˜AŒg‚ğæ‚è‚È‚ª‚çu–¡‘X‚¾‚êv‚ÉŠˆ˜H@_ŒË‚ÌˆùH“X‚Ì¡‚ğ˜V•Ü“X“Xå‚É•·‚­,https://news.yahoo.co.jp/articles/8430b49736f850fcbb45d1f1a84b26e75f4dd085,3/13(…) 18:00
raditopi,ƒ‰ƒWƒgƒs@ƒ‰ƒWƒIŠÖ¼ƒgƒsƒbƒNƒX,Œ‹¬9ü”N‚ÌƒAƒCƒhƒ‹ƒOƒ‹[ƒvE‚í[‚·‚½@œAìE¼“c‚ª–¾‚©‚·@uƒAƒCƒhƒ‹–Úw‚µ‚½‚«‚Á‚©‚¯‚Ícv,https://news.yahoo.co.jp/articles/e9f6a82a7d6febd7bf87714f19c39f06331c5a00,3/13(…) 17:30
raditopi,ƒ‰ƒWƒgƒs@ƒ‰ƒWƒIŠÖ¼ƒgƒsƒbƒNƒX,âŒi‚ğˆê–]I@‚İ‚È‚Æ_ŒË‚Ì“Á“™È‚Åƒkƒ“Šˆ@g‚±‚±‚É‚µ‚©‚È‚¢hŠí‚ÅŠy‚µ‚Ş‚±‚¾‚í‚èƒXƒC[ƒc‚Ì”X,https://news.yahoo.co.jp/articles/f3e1974006c2ebbf1937b7e48f4d411ef3fd7361,3/13(…) 17:15
raditopi,ƒ‰ƒWƒgƒs@ƒ‰ƒWƒIŠÖ¼ƒgƒsƒbƒNƒX,–öàV“üé300”N‚Ì“Ş—ÇE‘å˜aŒSR@ƒVƒ“ƒ{ƒ‹‚Ìu‹à‹›v‚ÆuévAu÷v‚Ì—ğj‚ğ11‘ã“–å‚É•·‚­,https://news.yahoo.co.jp/articles/69acef48ccb94bb018a4e613b12bb2caa0fa9079,3/13(…) 17:00
raditopi,ƒ‰ƒWƒgƒs@ƒ‰ƒWƒIŠÖ¼ƒgƒsƒbƒNƒX,ƒcƒbƒpƒŠAƒ„ƒ“ƒL[‚Ì‘ã‚©‚ç‘±‚­ƒwƒAƒXƒ^ƒCƒ‹@Œ»İ‚Ìuƒpƒ`ƒLi’ä‚è‚İjv–î‚ÉØ‚è‚ñ‚Å‚İ‚½,https://news.yahoo.co.jp/articles/28bae1469a8a4a8efc4dbcb8e559c839ab388d01,3/13(…) 17:00
raditopi,ƒ‰ƒWƒgƒs@ƒ‰ƒWƒIŠÖ¼ƒgƒsƒbƒNƒX,ƒXƒRƒAƒŒƒX‚ÌI”Õ‚ÉƒCƒ“ƒ^ƒrƒ…[’S“–‚Ì‚½‚ßˆÚ“®¨AT‚É‹}“WŠJ@ƒTƒbƒJ[‰ğàÒ‚ª–¾‚©‚·Œ»ê‚Ìó‹µ,https://news.yahoo.co.jp/articles/3bf78226212c180fd421977623168377ee48f70e,3/13(…) 16:55
raditopi,ƒ‰ƒWƒgƒs@ƒ‰ƒWƒIŠÖ¼ƒgƒsƒbƒNƒX,‰¤q—lŒnƒAƒCƒhƒ‹‚ÌŒ³‘c‚ÍO“c–¾H ‘ò“cŒ¤“ñA‹½‚Ğ‚ë‚İA“°–{Œõˆê‚Ö‚Æ‘±‚­”ü­”N‚ÌŒn•ˆ,https://news.yahoo.co.jp/articles/993aa272381a373bbb577387fd203e8b17a176d3,3/13(…) 16:45
raditopi,ƒ‰ƒWƒgƒs@ƒ‰ƒWƒIŠÖ¼ƒgƒsƒbƒNƒX,u_ŒË{–ƒV[ƒ[ƒ‹ƒhv6Œ1“úƒI[ƒvƒ“@gƒXƒ}ƒXƒChÕ’n‚É@ƒzƒeƒ‹‚à“¯“úŠJ‹ÆA—\–ñ‚Í13“ú‚©‚ç,https://news.yahoo.co.jp/articles/6b64b26cea6d974f20a68e88ff319fd2d1cd081d,3/13(…) 13:15
raditopi,ƒ‰ƒWƒgƒs@ƒ‰ƒWƒIŠÖ¼ƒgƒsƒbƒNƒX,ƒXƒ^ƒo@t‚ÌVìƒTƒ“ƒh•ƒOƒbƒY‘æˆê’e@13“ú”­”„@ƒ{ƒŠƒ…[ƒ€UP&‹ïŞ‚¬‚Á‚µ‚èIƒ{ƒgƒ‹‚ÍVŒ`ó‚à,https://news.yahoo.co.jp/articles/1aaa0b11b3269e956f54fc8cc8ddb5bae395f15d,3/13(…) 7:15
raditopi,ƒ‰ƒWƒgƒs@ƒ‰ƒWƒIŠÖ¼ƒgƒsƒbƒNƒX,3Œu©E‘Îô‹­‰»ŒŠÔv”Y‚İA‚Ğ‚Æ‚è‚Å•ø‚¦‚È‚¢‚Åc gƒQ[ƒgƒL[ƒp[h‚Ì•K—v«‚àŒÄ‚Ñ‚©‚¯ •ºŒÉŒ§,https://news.yahoo.co.jp/articles/a9f7810130f1b41225a590bcc34332cd0a1966bc,3/13(…) 7:00
raditopi,ƒ‰ƒWƒgƒs@ƒ‰ƒWƒIŠÖ¼ƒgƒsƒbƒNƒX,ƒSƒWƒ‰‚à’S“–I‰öb‘¢Œ`ŠE‚ÌƒŒƒWƒFƒ“ƒh‚ª‰ŠÄ“Âì•i‚ğŒê‚é@‰~’J‚ÌŒO“©ó‚¯AO‘D‚©‚ça‚ç‚ê‚½ˆí˜b‚à,https://news.yahoo.co.jp/articles/0fc620851afb86221957c2c7dbae62c086f4a233,3/13(…) 7:00
raditopi,ƒ‰ƒWƒgƒs@ƒ‰ƒWƒIŠÖ¼ƒgƒsƒbƒNƒX,Œö‰€“à‚Å‚àOKI@s‚ªÏ‹É“I‚É‹¦—Í‚·‚éÂXŒ§O‘òs‚Ì’è”Ôu‚¨‰ÔŒ©BBQv‚Á‚Ä‚Ç‚ñ‚È‚à‚ÌH,https://news.yahoo.co.jp/articles/4e7356ff04a6b8ebc9eaaa3d9eae3997f35fa92c,3/13(…) 7:00
raditopi,ƒ‰ƒWƒgƒs@ƒ‰ƒWƒIŠÖ¼ƒgƒsƒbƒNƒX,‘Šìµ£‚ªÔ—‡X”’@‘åƒqƒbƒgƒfƒrƒ…[‹È‚Å‚ÌŠ‹“¡@v‚¢”Y‚ñ‚¾30‘ã@u–¾“ú‚ğ•Ï‚¦‚½‚¢‚È‚çcv,https://news.yahoo.co.jp/articles/98e6bd967a9e66df670854414940cefac013b8f7,3/13(…) 6:55
raditopi,ƒ‰ƒWƒgƒs@ƒ‰ƒWƒIŠÖ¼ƒgƒsƒbƒNƒX,‰¡’f•à“¹–ñ1–œ‚©Š‚ğ“h‚è’¼‚µ@‹Ù‹}ƒvƒƒWƒFƒNƒg‚ğÀ{uq‚Ç‚à‚â‚—îÒ‚çç‚é‚½‚ßvÖ“¡•ºŒÉŒ§’m–,https://news.yahoo.co.jp/articles/17b99596d55f66665e41f342786bb0ec703b5aa0,3/12(‰Î) 18:00
raditopi,ƒ‰ƒWƒgƒs@ƒ‰ƒWƒIŠÖ¼ƒgƒsƒbƒNƒX,‚©‚Á‚Ïõi~u‚í‚ñ‚¾‚Ó‚é‚Õ‚è‚«‚ã‚ IvƒRƒ‰ƒ{ŠJÃ@14“ú‚©‚ç@‚«‚ç‚«‚çƒn[ƒg“ü‚èƒ`ƒƒ[ƒ€‘S5í,https://news.yahoo.co.jp/articles/9b7a3fdd6e7762263c7a1c2b44b1436c03dcffeb,3/12(‰Î) 17:30
raditopi,ƒ‰ƒWƒgƒs@ƒ‰ƒWƒIŠÖ¼ƒgƒsƒbƒNƒX,yƒJ[ƒeƒ“•°z©—R‚È‘g‡‚¹E‰®ŠO‚ğ‰‰o‚Å‚«‚éƒJ[ƒyƒbƒgEAI‘€ì@ÅVƒgƒŒƒ“ƒh‚ğê–å‰Æ‚É•·‚¢‚½,https://news.yahoo.co.jp/articles/a6e8b17b925b2bef54a5500150ee242e1de64763,3/12(‰Î) 17:00
raditopi,ƒ‰ƒWƒgƒs@ƒ‰ƒWƒIŠÖ¼ƒgƒsƒbƒNƒX,•ºŒÉ‰I@_ŒËã‹}‚Å“c’†’B–çuƒ~ƒjƒ`ƒ…ƒAƒ‰ƒCƒt“Wv13“ú‚©‚çŠJÃ@ƒ†[ƒ‚ƒA‚ ‚Ó‚ê‚éŒ©—§‚Ä‚Ì¢ŠE,https://news.yahoo.co.jp/articles/4d05c6c2cbe2af5821cf2f3708f0a58758b334df,3/12(‰Î) 17:00
raditopi,ƒ‰ƒWƒgƒs@ƒ‰ƒWƒIŠÖ¼ƒgƒsƒbƒNƒX,–¾Îs‚Æ‚Ì‹¦’è‚ª•ºŒÉŒ§“à‰‚¾‚Á‚½ƒƒP@–hĞ‚É‹­‚¢‚Æ’–Ú‚ÌLPƒKƒX@‹¦‰ïx•”’·‚ªŒê‚éæ‚è‘g‚İ‚ÆŒ»ó,https://news.yahoo.co.jp/articles/7f3b69c9786aa7afbe809987e407bc8dee1b84ba,3/12(‰Î) 12:40
raditopi,ƒ‰ƒWƒgƒs@ƒ‰ƒWƒIŠÖ¼ƒgƒsƒbƒNƒX,ŠG‚¾‚©‚ç“`‚í‚é¶‚«•¨‚Ì–£—ÍI@“Á•Ê“Wu©‘Rj‚ÌƒCƒ‰ƒXƒgƒŒ[ƒVƒ‡ƒ“v@‘åãs—§©‘Rj”•¨ŠÙ,https://news.yahoo.co.jp/articles/b99f76cf1fac88a5c755eeaf2d61318b57fd6d5e,3/12(‰Î) 12:00
raditopi,ƒ‰ƒWƒgƒs@ƒ‰ƒWƒIŠÖ¼ƒgƒsƒbƒNƒX,yƒXƒM‰Ô•²Çz“ú–{l‚É‘½‚¢‚Ì‚Í‚È‚ºH@g‘–¯•ah‚Æ‚È‚Á‚½Œ´ˆö‚ÍuíŒã‚ÌR’n•œ‹Œ‘Îôv‚Æê–å‰Æ,https://news.yahoo.co.jp/articles/492f961535d13f7844590bc0863bb19e15e15369,3/12(‰Î) 8:00
raditopi,ƒ‰ƒWƒgƒs@ƒ‰ƒWƒIŠÖ¼ƒgƒsƒbƒNƒX,u‹È…‚Ì‰ƒv•½ˆÀ‹M‘°‚Ì‰Ì—V‚Ñ Ä‹»15‰ñA‰pŒê‚Åg–S‚«•ê‘z‚¢hŠ¿‚ğ‰r‚Şl‚à ‹“sE–k–ì“V–‹{,https://news.yahoo.co.jp/articles/6666f7d45f607ea71376cdb3442a8e259af93501,3/12(‰Î) 8:00
raditopi,ƒ‰ƒWƒgƒs@ƒ‰ƒWƒIŠÖ¼ƒgƒsƒbƒNƒX,M-1ƒtƒ@ƒCƒiƒŠƒXƒgE‚©‚ç‚µ˜@ª‚Æ“Œ‹ƒzƒeƒCƒ\ƒ“@‹«‹ö–\˜I@u‰^–½•ª‚¯‚½VŒ^ƒRƒƒiƒEƒCƒ‹ƒXv!?,https://news.yahoo.co.jp/articles/0671b3abca136c79171b2af5e0f907cff257a0cf,3/12(‰Î) 6:55
raditopi,ƒ‰ƒWƒgƒs@ƒ‰ƒWƒIŠÖ¼ƒgƒsƒbƒNƒX,óŒ±¶‚ğ’†S‚É’–Ú@wƒuƒhƒE“œx@“¾‚ç‚ê‚éŒø‰Ê‚âÛæ‚Ì’ˆÓ“_‚ÍH@‰h—{m‚É•·‚­,https://news.yahoo.co.jp/articles/3e7a5a4faf13cdbc27a8190cc146de4fc49ef762,3/12(‰Î) 6:55
raditopi,ƒ‰ƒWƒgƒs@ƒ‰ƒWƒIŠÖ¼ƒgƒsƒbƒNƒX,J1_ŒË‚Ì‘¿–ØA˜]œœÜ‚Æ‹C‹¹‚Å‘S¡6`8TŠÔ‚ÌŒ©‚İ@”í‚Å•‰@O–Ø’J‰ï’·‚à—ã‚Ü‚µ‚ÌƒRƒƒ“ƒg,https://news.yahoo.co.jp/articles/a538680f0c5de06dcaa418e66f64a50509989d32,3/11(Œ) 17:35
raditopi,ƒ‰ƒWƒgƒs@ƒ‰ƒWƒIŠÖ¼ƒgƒsƒbƒNƒX,‚“‡‰®‘åã“X‚Åuƒ~ƒbƒtƒB[ƒvƒ‰ƒUvŠJÃ@13“ú‚©‚ç@ƒIƒ‰ƒ“ƒ_‚ğƒe[ƒ}‚É‚µ‚½ƒtƒHƒgƒXƒ|ƒbƒg’a¶I,https://news.yahoo.co.jp/articles/f9db974861dcccf60f26064798345e82940c2dca,3/11(Œ) 17:30
raditopi,ƒ‰ƒWƒgƒs@ƒ‰ƒWƒIŠÖ¼ƒgƒsƒbƒNƒX,ƒCƒJƒiƒS‹™u[‚È•s‹™v—\‘ª’Ê‚è@‰’lAğ”N‚Ì2”{‚É‚“«@”d–“å‚Å‰“ú‚ÉI‹™‚Ö@‘åã˜p‚Í©å‹x‹™,https://news.yahoo.co.jp/articles/1a6b0e83337ab2ddd9e4b7a4f9f03840363fe00f,3/11(Œ) 16:52
raditopi,ƒ‰ƒWƒgƒs@ƒ‰ƒWƒIŠÖ¼ƒgƒsƒbƒNƒX,‘åè‰Ùqƒ[ƒJ[Eƒƒbƒe‚ªug‚¢Ì‚ÄƒJƒCƒv‚È‚ºH@ŠJ”­‚©‚ç”Ì”„‚Ü‚Å‚Ì”é˜b‚ğL•ñ‚É•·‚¢‚½,https://news.yahoo.co.jp/articles/73d846e64669f7f699022b1ab180293af48a29b7,3/11(Œ) 12:30
raditopi,ƒ‰ƒWƒgƒs@ƒ‰ƒWƒIŠÖ¼ƒgƒsƒbƒNƒX,‚Ç‚¤‚·‚éHuˆê¶ƒ‚ƒm‚Ìƒvƒƒ|[ƒYv@ˆê¢ˆê‘ã‚Ì—E‹C‚ğŒã‰Ÿ‚·A‹~¢å“Igx‰‡ƒT[ƒrƒXh‚ª‚ ‚Á‚½I,https://news.yahoo.co.jp/articles/b65cd85564a6b4c5a5396230947988a1e61b30d4,3/11(Œ) 12:00
raditopi,ƒ‰ƒWƒgƒs@ƒ‰ƒWƒIŠÖ¼ƒgƒsƒbƒNƒX,‚¨‰ÔŒ©‚Ì‚¨‹Ÿ‚É@u“ú•Ä—FD‚Ì÷•¨Œêv“`‚¦‚é÷ƒXƒC[ƒc@¡”N‚àˆÉ’Os“à‚Å”Ì”„ƒXƒ^[ƒg,https://news.yahoo.co.jp/articles/706f5f29b4217fa6f12de0b3b2ede9729c49586a,3/11(Œ) 11:00
raditopi,ƒ‰ƒWƒgƒs@ƒ‰ƒWƒIŠÖ¼ƒgƒsƒbƒNƒX,s“Œ“ú–{‘åkĞ13”Nt”ğ‚¯‚ç‚ê‚ÊA’nk‘å‘E“ú–{‚Ì’Ã”g”íŠQ‚ğ‚Ç‚¤–h‚®H”\“o’nk‚Æ‚Ì”äŠr‚©‚ç,https://news.yahoo.co.jp/articles/7f8a5402081e367a7001c7834b309815297c732d,3/11(Œ) 3:00
raditopi,ƒ‰ƒWƒgƒs@ƒ‰ƒWƒIŠÖ¼ƒgƒsƒbƒNƒX,_ŒËƒƒŠƒPƒ“ƒp[ƒNEƒJƒtƒFƒx[ƒJƒŠ[‚Ég‚¢‚¿‚²ƒpƒ“h4í“oêI@‚¢‚¿‚²~ƒ`ƒ‡ƒR‚Ìƒƒƒ“ƒpƒ“‚à,https://news.yahoo.co.jp/articles/eb973711b7479b61b4b4946b7b81c488630ef39d,3/10(“ú) 18:30
raditopi,ƒ‰ƒWƒgƒs@ƒ‰ƒWƒIŠÖ¼ƒgƒsƒbƒNƒX,¡‚Ü‚Å‚É‚È‚¢uƒNƒƒƒbƒTƒ“~ƒVƒ…[ƒNƒŠ[ƒ€v‹“s‚É10“úƒI[ƒvƒ“@‰·‚©‚­‚Ä—â‚½‚¢AƒTƒNƒTƒNHŠ´I,https://news.yahoo.co.jp/articles/3278fd65b41f0967f44b8f72eabc68a9168b482d,3/10(“ú) 12:00
raditopi,ƒ‰ƒWƒgƒs@ƒ‰ƒWƒIŠÖ¼ƒgƒsƒbƒNƒX,•ºŒÉŒ§‰o“X‚Å’–ÚI@_ŒË‚ÉƒXƒC[ƒc‚Ì¢ŠE“I‹ ‚Ìƒuƒ‰ƒ“ƒh“oêuƒsƒG[ƒ‹EƒGƒ‹ƒv‚Á‚Ä‚Ç‚ñ‚ÈlH,https://news.yahoo.co.jp/articles/5cad1b318b0495f58a93cc98be667312e3392f0b,3/10(“ú) 7:00
raditopi,ƒ‰ƒWƒgƒs@ƒ‰ƒWƒIŠÖ¼ƒgƒsƒbƒNƒX,”öè—TÆA‰¹ŠyŠˆ“®‚Å‘åØ‚É‚·‚é‚Ì‚Íuƒtƒ@ƒ“‚Æ‚Ì‚Â‚È‚ª‚èv,https://news.yahoo.co.jp/articles/c8c5ae27d74c681294560b55ddf0ff04408416ab,3/9(“y) 12:00
raditopi,ƒ‰ƒWƒgƒs@ƒ‰ƒWƒIŠÖ¼ƒgƒsƒbƒNƒX,y_ŒËzu”\“o”¼“‡‰‰‡ƒRƒ“ƒT[ƒgvƒƒŠƒPƒ“ƒp[ƒN‚Å20“úŠJÃ@©‰q‘àAŒ§ŒxAÁ–h‚Ì3‰¹Šy‘à‡“¯‚Å,https://news.yahoo.co.jp/articles/01502223e19f42b8ded5f3a7ceafa39bfdaa0573,3/9(“y) 11:00
raditopi,ƒ‰ƒWƒgƒs@ƒ‰ƒWƒIŠÖ¼ƒgƒsƒbƒNƒX,‚Æ‚ñ‚©‚Â‚ğ‚¤‚Ü‚­—g‚°‚éƒRƒc@ƒ|ƒCƒ“ƒg‚Íu¬”•²‚Ì•t‚¯•ûv@—g‚°‚½Œã‚ÌNGs“®‚Æ‚ÍH@ƒvƒ‚É•·‚¢‚½,https://news.yahoo.co.jp/articles/5226267d25f5235bba734c8781604a872838a619,3/9(“y) 9:00
raditopi,ƒ‰ƒWƒgƒs@ƒ‰ƒWƒIŠÖ¼ƒgƒsƒbƒNƒX,“ú–{‘Š–o‹¦‰ïŠÄCuŒ³‘c‚¿‚á‚ñ‚±•Ù“–vƒVƒŠ[ƒYÅVìA‘å‘Š–otêŠE‰“ú‚É”­”„I_ŒË‚Ì˜V•ÜE’W˜H‰®,https://news.yahoo.co.jp/articles/f92ff1fd80b3b24cf74b8c391b590e4db2e4fef4,3/9(“y) 8:00
raditopi,ƒ‰ƒWƒgƒs@ƒ‰ƒWƒIŠÖ¼ƒgƒsƒbƒNƒX,ƒA[ƒjƒƒ‚ª‘åãE“ì`‚É‚â‚Á‚Ä‚«‚½IuwSPY~FAMILYx‚í‚­‚í‚­ƒp[ƒNvŠJÃ@‹Md‘—¿‚à“W¦,https://news.yahoo.co.jp/articles/97e81259e3121ef6296a63d02d79257a0dafe8e5,3/9(“y) 7:45
raditopi,ƒ‰ƒWƒgƒs@ƒ‰ƒWƒIŠÖ¼ƒgƒsƒbƒNƒX,‚¤‚Á‚·‚çg”’‚¢hƒ|[ƒgƒ^ƒ[‚ğƒoƒbƒN‚ÉAƒzƒƒCƒgƒf[‚Ì‹L”OB‰e‚ğI_ŒËEƒƒŠƒPƒ“ƒp[ƒN,https://news.yahoo.co.jp/articles/f4732e65e178478e8b55213d9984e36bbfeb312e,3/9(“y) 5:30
raditopi,ƒ‰ƒWƒgƒs@ƒ‰ƒWƒIŠÖ¼ƒgƒsƒbƒNƒX,_ŒË‚Å˜A“ús—ñ‚Ìl‹Cƒnƒ“ƒo[ƒO“X‚ª‘åã‚É‰o“XI@_ŒË‹100“g—pAŠó­•”ˆÊEƒ^ƒ“Œ³ƒXƒe[ƒL‚à,https://news.yahoo.co.jp/articles/cb8078357adb894feb0ed4e473aa2df06a14e805,3/8(‹à) 18:30
raditopi,ƒ‰ƒWƒgƒs@ƒ‰ƒWƒIŠÖ¼ƒgƒsƒbƒNƒX,u7”N˜A‘±ˆÚZÒ‘v‚ÌOdŒ§@—U’v‚Ìæ‚è‘g‚İ‚ª‘tŒ÷@YouTube‚Å‚à“WŠJƒXƒ^[ƒg@’S“–Ò‚É•·‚­,https://news.yahoo.co.jp/articles/6e7ebafe69870fd76b179d40e901e6720ee18f2e,3/8(‹à) 18:30
raditopi,ƒ‰ƒWƒgƒs@ƒ‰ƒWƒIŠÖ¼ƒgƒsƒbƒNƒX,”öè—TÆ‚ªŒê‚éƒ~ƒ…[ƒWƒVƒƒƒ“‚Æ‚µ‚Ä‚Ì‹ê”Yu©•ª‚É‚Â‚¢‚Ä‰Ì‚¢‚½‚¢v@‰Á“¡“o‹Iq‚©‚ç‚ÌˆêŒ¾‚É”[“¾,https://news.yahoo.co.jp/articles/e2919ecc58c853e93d6f50b92d1a91877c98a1cb,3/8(‹à) 17:30
raditopi,ƒ‰ƒWƒgƒs@ƒ‰ƒWƒIŠÖ¼ƒgƒsƒbƒNƒX,ƒAƒhƒoƒCƒU[‚ªŒê‚éuRƒR[ƒq[v‚Ì‹ÉˆÓ@gS‚Å–¡‚í‚¤h@•ºŒÉE’A”n‚ÅƒIƒXƒXƒ‚ÌR‚Íéè‰·ò‹ß‚­‚É,https://news.yahoo.co.jp/articles/f75f8f5598b86d451a57ae615f21270c935e1430,3/8(‹à) 17:15
raditopi,ƒ‰ƒWƒgƒs@ƒ‰ƒWƒIŠÖ¼ƒgƒsƒbƒNƒX,–ÚŒ‚Ò‚Ì­”NVSƒTƒCƒRƒpƒXEl”Æ@‰H‘ºm¬‚Æ‰ª“c«¶‚Æ‚Ì‚É‚ç‚İ‡‚¢‚É‘§ˆù‚Ş@wƒS[ƒ‹ƒhEƒ{[ƒCx,https://news.yahoo.co.jp/articles/68fbfc9f864693f32e4a560dca5dfa746050002f,3/8(‹à) 12:30
raditopi,ƒ‰ƒWƒgƒs@ƒ‰ƒWƒIŠÖ¼ƒgƒsƒbƒNƒX,_•PƒoƒXVŒ^Ô—¼‚¨”â˜I–ÚƒCƒxƒ“ƒg@JR•P˜H‰w‘O‚Å9“úŠJÃ@ƒOƒbƒY”Ì”„‚âƒLƒƒƒ‰‚Æ‚ÌÊ^B‰e‚àI,https://news.yahoo.co.jp/articles/5057a9621d1e4aa93497707a0ae2c9ed955561b9,3/8(‹à) 12:00
raditopi,ƒ‰ƒWƒgƒs@ƒ‰ƒWƒIŠÖ¼ƒgƒsƒbƒNƒX,‰ƒRƒ‰ƒ{IuƒnƒŠ[Eƒ|ƒbƒ^[~ƒAƒtƒ^ƒk[ƒ“ƒeƒB[EƒŠƒrƒ“ƒOv4‚Â‚Ì—¾‚Ì–äÍ‚ğƒfƒUƒCƒ“‚µ‚½HŠí‚à,https://news.yahoo.co.jp/articles/83d9c9ae74ce83fe74bdec9baec0046bb73d73e1,3/8(‹à) 11:30
raditopi,ƒ‰ƒWƒgƒs@ƒ‰ƒWƒIŠÖ¼ƒgƒsƒbƒNƒX,‚È‚Å‚µ‚±ŒÜ—ÖoêŒˆ’è’¼Œã‚ÌWEñˆÊU–hí‚ÅŠÏ‹q”2101l@OGuƒ`ƒƒƒ“ƒX‚È‚Ì‚Éc‚à‚Á‚Æé“`‚ğv,https://news.yahoo.co.jp/articles/27a116d86156948879550fc6ef31a71116a7b6c4,3/8(‹à) 7:30
raditopi,ƒ‰ƒWƒgƒs@ƒ‰ƒWƒIŠÖ¼ƒgƒsƒbƒNƒX,•ºŒÉ‚ä‚©‚è‚Ì“`“•“¹u‚È‚¬‚È‚½v@’†Šw‚Ìö‹Æ‚Å‚àÀ{@ˆÉ’Os‚É[‚¢ŠÖ‚í‚è‚ª‚ ‚é——R‚Æ‚ÍH,https://news.yahoo.co.jp/articles/1c8e4c81758cbea37dd168bb479a7452496301de,3/8(‹à) 7:00
raditopi,ƒ‰ƒWƒgƒs@ƒ‰ƒWƒIŠÖ¼ƒgƒsƒbƒNƒX,ƒrƒ^ƒ~ƒ“C–L•xI@‚Ó‚ñ‚í‚è‚İ‚¸‚İ‚¸‚µ‚¢tƒLƒƒƒxƒc@ŠÃ–¡‚ğŠy‚µ‚Ş‚È‚ç—t‚ğ‚³‚Á‚Æ‚ä‚ª‚«ƒTƒ‰ƒ_d—§‚Ä‚É,https://news.yahoo.co.jp/articles/55034eb098a5b21caefca25fcc4718a62bcb3f37,3/8(‹à) 7:00
raditopi,ƒ‰ƒWƒgƒs@ƒ‰ƒWƒIŠÖ¼ƒgƒsƒbƒNƒX,ƒ^ƒŒƒ“ƒg‚Ì™–{Ê‚³‚ñA“òès‚Ì‚Z¶‚ç‚ªˆÓŒ©ŒğŠ·@u•ÛŒìŒ¢‚Ì–¢—ˆvl‚¦‚éƒg[ƒNƒZƒbƒVƒ‡ƒ“ŠJÃ,https://news.yahoo.co.jp/articles/238c28899781d8d8146ffdbc5a192d1ba0c5aab3,3/7(–Ø) 18:00
raditopi,ƒ‰ƒWƒgƒs@ƒ‰ƒWƒIŠÖ¼ƒgƒsƒbƒNƒX,‰pŒ‚àè‚ª‚¯‚é15Î‚ÌV¯@ƒVƒ“ƒK[ƒ\ƒ“ƒOƒ‰ƒCƒ^[Lay@u‘f’¼‚È‹C‚¿‚ğ‹È‚Év@¡Œã‚Ì“W–]‚ÍH,https://news.yahoo.co.jp/articles/b16a5d5bf501c638d0b235538390736a2b96087c,3/7(–Ø) 18:00
raditopi,ƒ‰ƒWƒgƒs@ƒ‰ƒWƒIŠÖ¼ƒgƒsƒbƒNƒX,uwI LOVE YOUx‚ÍŒŒ‚ª’Ê‚Á‚½‚à‚Ìv@•ƒE”öè–L‚ÌŠy‹È‚ğ‰Ì‚¤v‚¢A’·’jE”öè—TÆ‚ª–¾‚©‚·,https://news.yahoo.co.jp/articles/a390d163cd056676e2adee86a570a5e0dd3cb04c,3/7(–Ø) 17:30
raditopi,ƒ‰ƒWƒgƒs@ƒ‰ƒWƒIŠÖ¼ƒgƒsƒbƒNƒX,y‘¬•ñz•ºŒÉŒ§ƒRƒƒi’è“_‚ ‚½‚èT4.74lŠ´õ@4T˜A‘±Œ¸@2Œ26“ú-3Œ3“ú,https://news.yahoo.co.jp/articles/ccae6cc1927556d1b36396d2459f9a7751d84632,3/7(–Ø) 17:18
raditopi,ƒ‰ƒWƒgƒs@ƒ‰ƒWƒIŠÖ¼ƒgƒsƒbƒNƒX,ƒ”ƒBƒNƒgƒŠ[ƒi•P˜H@V2—q16‡‘SŸ’†‚àƒtƒ@ƒCƒiƒ‹‚Ö•sˆÀ˜I’æ@’|‰º‰À]‚à¶šBŒƒ—ã,https://news.yahoo.co.jp/articles/7ff78dba8d6b429f5d4913024b98ea396f1b8e15,3/7(–Ø) 17:15
raditopi,ƒ‰ƒWƒgƒs@ƒ‰ƒWƒIŠÖ¼ƒgƒsƒbƒNƒX,ƒzƒƒCƒgƒf[ŒÀ’èIu_ŒËƒoƒjƒ‰ƒtƒƒ}[ƒWƒ…v‚È‚Ç_ŒËE‹“s‚Ìl‹CƒXƒC[ƒc‚ÉƒI[ƒiƒƒ“ƒg•t‚«“oê,https://news.yahoo.co.jp/articles/5be97cd2507757262ce2a07be872d8166a71f9cf,3/7(–Ø) 17:00
raditopi,ƒ‰ƒWƒgƒs@ƒ‰ƒWƒIŠÖ¼ƒgƒsƒbƒNƒX,w‰f‰æƒhƒ‰‚¦‚à‚ñxƒVƒŠ[ƒYjã‰@g‰¹Šyh‚ğƒe[ƒ}‚É‘å–`Œ¯@‘N‚â‚©‚È‰f‘œ‚Æ‰¹ŠyAº—Dw‚à‹‰ØI,https://news.yahoo.co.jp/articles/513b6a4e35c09563d50d552cfad259fd53543cba,3/7(–Ø) 12:30
raditopi,ƒ‰ƒWƒgƒs@ƒ‰ƒWƒIŠÖ¼ƒgƒsƒbƒNƒX,“V‹óƒfƒBƒXƒRA’nã300‚ƒXƒŠƒŠƒ“ƒO‹óŠÔAŠJ‹ÆˆÈ—ˆ‰‚Ì‘İØ‚àc10ü”NE‚ ‚×‚Ìƒnƒ‹ƒJƒX“W–]‘ä,https://news.yahoo.co.jp/articles/e2c840fccec2b2638bcbf567ad1cd727c02f3b4f,3/7(–Ø) 11:23
raditopi,ƒ‰ƒWƒgƒs@ƒ‰ƒWƒIŠÖ¼ƒgƒsƒbƒNƒX,w‚ ‚×‚Ìƒnƒ‹ƒJƒXx°‚ê‚Î‚êAŠJ‹Æ10ü”N@—İŒv“üŠÙÒ3‰­7ç–œlI‚‚³2”Ô–ÚA‚Ç‚±‚©–¯“Ic,https://news.yahoo.co.jp/articles/c68c7c97647f24b658e9bc96aa4b0387ecd78f43,3/7(–Ø) 11:20
raditopi,ƒ‰ƒWƒgƒs@ƒ‰ƒWƒIŠÖ¼ƒgƒsƒbƒNƒX,‚½‚Â‚Ìs‚ÌwƒZƒCƒoƒ“x‚ªVŠJ”­@ƒpƒCƒiƒbƒvƒ‹‚Ì—t‚©‚çì‚Á‚½g’n‹…‚É‚â‚³‚µ‚¢ƒ‰ƒ“ƒhƒZƒ‹h,https://news.yahoo.co.jp/articles/e6cf2fd4c2c4207b8cef90bc5d88859cc8f59a4d,3/7(–Ø) 8:00
raditopi,ƒ‰ƒWƒgƒs@ƒ‰ƒWƒIŠÖ¼ƒgƒsƒbƒNƒX,uƒwƒr‰»Œ»Ûv‚Á‚Ä‚Ç‚¤‚¢‚¤ƒRƒgH@gD‚«h‚ğ•\‚·áÒŒ¾—t‚ª„‚µŠˆESNS‚ğƒtƒbƒN‚É‘½—l‰»,https://news.yahoo.co.jp/articles/371982cfd4cd99127be92b10510f0073554fd6bc,3/7(–Ø) 7:00
raditopi,ƒ‰ƒWƒgƒs@ƒ‰ƒWƒIŠÖ¼ƒgƒsƒbƒNƒX,ƒAƒm‹â‚Ì—±X‚ªÄƒu[ƒ€wm’Ox@º˜a‚ÌƒTƒ‰ƒŠ[ƒ}ƒ“•K{ƒAƒCƒeƒ€@áÒ‚ª’–Ú@—ß˜a‚Égƒfƒrƒ…[h‚à,https://news.yahoo.co.jp/articles/1c8bfedaf12b156440e40c45e2d5f123b8a07d5e,3/7(–Ø) 6:55
raditopi,ƒ‰ƒWƒgƒs@ƒ‰ƒWƒIŠÖ¼ƒgƒsƒbƒNƒX,J1_ŒËA’nŒ³‚Å‚Ì¡‹G‰w@Šú‘Ò‚ÆS”z‚Æ‰Â”\«@ƒz[ƒ€ƒQ[ƒ€æŞ‹Li2024 J1 ‘æ2ßj,https://news.yahoo.co.jp/articles/ee1a2a5f2e65046c9d8cb7782fc3d63c23e9854a,3/6(…) 21:00
raditopi,ƒ‰ƒWƒgƒs@ƒ‰ƒWƒIŠÖ¼ƒgƒsƒbƒNƒX,JROƒm‹{‰wV‰wƒrƒ‹‚Ì‹NH®‚ğŠJÃ@JR¼“ú–{Ğ’·A_ŒËs’·‚ç‚ª‚­‚í“ü‚ê@‚SŒˆÈ~AH–‚É’…è,https://news.yahoo.co.jp/articles/1e811d2e74b942f2d465bcb5416bd0cff79dc670,3/6(…) 19:15
raditopi,ƒ‰ƒWƒgƒs@ƒ‰ƒWƒIŠÖ¼ƒgƒsƒbƒNƒX,u‹S–Å‚ÌnvƒfƒUƒCƒ“‚Ì‚Ó‚è‚©‚¯AƒŒƒgƒ‹ƒgƒJƒŒ[ŠúŠÔŒÀ’è”­”„I@ƒLƒ‰ƒLƒ‰Œõ‚éƒIƒŠƒWƒiƒ‹ƒV[ƒ‹•t‚«,https://news.yahoo.co.jp/articles/422bea6e35b5b6ef41baafe6b7f36a5997aa3cf5,3/6(…) 18:00
raditopi,ƒ‰ƒWƒgƒs@ƒ‰ƒWƒIŠÖ¼ƒgƒsƒbƒNƒX,ƒrƒbƒNƒŠƒ}[ƒNwIx‚Ì“¹˜H•W¯‚Í—H—ìƒXƒ|ƒbƒg!?@“ss“`à‚É”—‚é‚×‚­AŒ»ê‚És‚Á‚Ä‚İ‚½,https://news.yahoo.co.jp/articles/ff6f68cd7ae9d5ebc724213ca7350c990031ca19,3/6(…) 17:00
raditopi,ƒ‰ƒWƒgƒs@ƒ‰ƒWƒIŠÖ¼ƒgƒsƒbƒNƒX,ˆ°‰®‚Ì‚‹‰¸“÷“X‚É‚Å‚«‚é’·‚¢s—ñ‚Ì——R‚Æ‚ÍH@‹“÷‚ª‘åD‚«‚Ès–¯‚Ì‚±‚¾‚í‚è,https://news.yahoo.co.jp/articles/1b465ce0c0271fb5c2ef4a0ddceb971eaac96f6e,3/6(…) 12:20
raditopi,ƒ‰ƒWƒgƒs@ƒ‰ƒWƒIŠÖ¼ƒgƒsƒbƒNƒX,ƒrƒWƒlƒX‚ÉŒ‡‚©‚¹‚È‚¢uŠvŒCv@’·‚¿‚³‚¹‚é‚É‚ÍH@ƒtƒ‹ƒI[ƒ_[ŒCEl‚Éƒƒ“ƒeƒiƒ“ƒX•û–@‚ğ•·‚¢‚½,https://news.yahoo.co.jp/articles/efc4fb3203db85158f89317ec401c6b7175281d5,3/6(…) 12:00
raditopi,ƒ‰ƒWƒgƒs@ƒ‰ƒWƒIŠÖ¼ƒgƒsƒbƒNƒX,y‹{éŒ§zu”L”èv•Û—L”“ú–{ˆêI@g”L‚Ì’¬hŠÛX’¬‚Æ‚ÍH@‚»‚à‚»‚à”L”è‚Á‚ÄƒiƒjH@ŠÏŒõˆÄ“à‚É•·‚­,https://news.yahoo.co.jp/articles/9d757560c4c3f03cabf66712b38e301b3a98be17,3/6(…) 7:00
raditopi,ƒ‰ƒWƒgƒs@ƒ‰ƒWƒIŠÖ¼ƒgƒsƒbƒNƒX,ƒ~ƒXƒ^[ƒh[ƒiƒc~‚·‚İ‚ÁƒR‚®‚ç‚µƒRƒ‰ƒ{¤•i3Œã{”­”„@‚Ä‚Ì‚èƒTƒCƒYh‚à[‚¿‚à‚¿h‚Ê‚¢‚®‚é‚İ‚à,https://news.yahoo.co.jp/articles/d3ac1f6613b7b0028717733cc0c8a7aaf99cb269,3/6(…) 7:00
raditopi,ƒ‰ƒWƒgƒs@ƒ‰ƒWƒIŠÖ¼ƒgƒsƒbƒNƒX,w‹­‰^ƒGƒsƒ\[ƒhx•·‚¢‚Ä‚İ‚½@ugƒCƒ“ƒ{ƒ‰h‚ÅƒAƒbƒvƒOƒŒ[ƒhvuƒgƒ‰ƒbƒN‚©‚í‚µ‚Ä‹ã€‚Éˆê¶v,https://news.yahoo.co.jp/articles/214d39a99f36214622579e63ab1ffa41a3a535e0,3/6(…) 6:55
raditopi,ƒ‰ƒWƒgƒs@ƒ‰ƒWƒIŠÖ¼ƒgƒsƒbƒNƒX,ƒvƒŒƒ~ƒAƒ€uŠ®‘SƒƒVv’a¶I‚ ‚×‚Ìƒnƒ‹ƒJƒX‚Æ‚Æ‚à‚ÉŠJ‹Æ10ü”NE‘åãƒ}ƒŠƒIƒbƒg“sƒzƒeƒ‹~“ú´H•i,https://news.yahoo.co.jp/articles/bf92d7a7c8dfbc40ef84d41f8a850c564aa710dc,3/6(…) 5:00
raditopi,ƒ‰ƒWƒgƒs@ƒ‰ƒWƒIŠÖ¼ƒgƒsƒbƒNƒX,wC—…êxŒoŒ±Ò‚Í55“’´@u•Ê‚ê˜b‚ª‚±‚¶‚ê—qƒgƒCƒŒ‚É“¦‚°‚ñ‚¾vuƒ„ƒ“ƒL[ŒR’c‚ÉUŒ‚‚³‚ê‚½v,https://news.yahoo.co.jp/articles/c4dca31f0bebf49558f2554a1051fd764fd2e18b,3/5(‰Î) 18:00
raditopi,ƒ‰ƒWƒgƒs@ƒ‰ƒWƒIŠÖ¼ƒgƒsƒbƒNƒX,“ú–{‰ƒvƒŠƒ“ê–åECƒ‚[ƒ‹u‚Æ‚«‚ß‚­IƒvƒŠƒ“v‚ªã_”~“c–{“X‚ÉI@‘S34í‚ª‚»‚ë‚¤@14“ú‚Ü‚Å,https://news.yahoo.co.jp/articles/0d9beb597716d76115de12b5155f98204cebb0ad,3/5(‰Î) 17:30
raditopi,ƒ‰ƒWƒgƒs@ƒ‰ƒWƒIŠÖ¼ƒgƒsƒbƒNƒX,”\“o’nk”íĞ’n‚Å‚àv‘¬•œ‹Œ@g3‚Â‚Ì“Á«h‚ÅĞŠQ‚É‹­‚¢‚Æ‚³‚ê‚éLPƒKƒX@˜ZbRã‚Ì¬ŠwZ‚à“±“ü,https://news.yahoo.co.jp/articles/1fa1fc2864ad8a5cb790e3f63d2dc5fc7d4d0f25,3/5(‰Î) 17:00
raditopi,ƒ‰ƒWƒgƒs@ƒ‰ƒWƒIŠÖ¼ƒgƒsƒbƒNƒX,˜a‰ÌRŒ§‚ÌuƒŒƒA”ò‚Ñ’nv@‚È‚º’¿‚µ‚¢H@‚È‚º”­¶‚µ‚½H@600”N‚Ì—ğj‚©‚ç•R‰ğ‚­,https://news.yahoo.co.jp/articles/98f1d66d2d0e7cb08895d7fbf5b1c3c937162a2e,3/5(‰Î) 17:00
raditopi,ƒ‰ƒWƒgƒs@ƒ‰ƒWƒIŠÖ¼ƒgƒsƒbƒNƒX,tƒV[ƒYƒ““—ˆIu“V‹ó‚Ìév¡”N‚àŠJR@’©—ˆE’|“céÕ‚ÅŠJR®,https://news.yahoo.co.jp/articles/0cc4bba9c93cfe5fc1211bc472f19bb658a61177,3/5(‰Î) 12:00
raditopi,ƒ‰ƒWƒgƒs@ƒ‰ƒWƒIŠÖ¼ƒgƒsƒbƒNƒX,•ºŒÉE’O”g‚ÌƒX[ƒp[ƒXƒ^[I@“ÁY‚ÌgŒIE•‘å“¤E‘å”[Œ¾¬“¤h‚ğƒtƒ‹Šˆ—pu‚¨‚Í‚¬ì‚è‘ÌŒ±v,https://news.yahoo.co.jp/articles/bf0abc77360006fae65efa5dd0cf84a0c8adb529,3/5(‰Î) 7:30
raditopi,ƒ‰ƒWƒgƒs@ƒ‰ƒWƒIŠÖ¼ƒgƒsƒbƒNƒX,ƒJƒ‹ƒfƒBu‚¢‚¿‚²ƒoƒbƒOv8“ú”—ÊŒÀ’è”­”„I@‚¢‚¿‚²ƒhƒŠƒ“ƒN‚âƒNƒbƒL[A— ’n‚ª‚©‚í‚¢‚¢ƒTƒRƒbƒVƒ…‚à,https://news.yahoo.co.jp/articles/74b6379611336cffb1523db4ea3d92ca8fb4b27b,3/5(‰Î) 7:00
raditopi,ƒ‰ƒWƒgƒs@ƒ‰ƒWƒIŠÖ¼ƒgƒsƒbƒNƒX,gƒ~ƒƒƒNƒ~ƒƒƒNh –¼•t‚¯e‚Æ‘Î–Êu‚µ‚Á‚Û‚ª‰Âˆ¤‚¢Iv‘åãEŠÖ¼–œ” ‹L”Od‰İ‘æ2’e»‘¢ ‘¢•¼‹Ç,https://news.yahoo.co.jp/articles/dc50fa7c887ced3d1e23966deb4cf3e67cc9db13,3/5(‰Î) 5:30
raditopi,ƒ‰ƒWƒgƒs@ƒ‰ƒWƒIŠÖ¼ƒgƒsƒbƒNƒX,‰“W¦10“_Aƒ‚ƒl‚ÌgˆÓŠO‚ÈhƒpƒXƒeƒ‹ì•i‚à@R‰¤”üpŠÙuˆóÛ”h“Wv@ŠJŠÙ15ü”N‚ğ‹L”O,https://news.yahoo.co.jp/articles/335d28ff0babbd03d045b04aafcc9947e3e464b1,3/4(Œ) 18:30
raditopi,ƒ‰ƒWƒgƒs@ƒ‰ƒWƒIŠÖ¼ƒgƒsƒbƒNƒX,uÅˆ«‚Èó‹µ‚àAÅ‚‚Èo—ˆ–‚É•Ï‚í‚év@g7–{w‚ÌƒsƒAƒjƒXƒgh¼ìŒå•½‚ÌŒoŒ±‚¢‚©‚µ‚½ƒ‚ƒbƒg[,https://news.yahoo.co.jp/articles/78b0c03e9bb2eb94fd35d21cc1dc6dd6359b8f77,3/4(Œ) 18:00
raditopi,ƒ‰ƒWƒgƒs@ƒ‰ƒWƒIŠÖ¼ƒgƒsƒbƒNƒX,_ŒËE‹Œ‹—¯’n‚ÌƒJƒtƒF‚É‚¢‚¿‚²ƒXƒC[ƒc•ƒhƒŠƒ“ƒN“oêI@5“ú‚©‚ç@‚¢‚¿‚²~ƒsƒXƒ^ƒ`ƒI‚ÌƒpƒtƒF‚È‚Ç,https://news.yahoo.co.jp/articles/f3f27b10d0731b905ad938fc0f598fc8093e9e28,3/4(Œ) 17:45
raditopi,ƒ‰ƒWƒgƒs@ƒ‰ƒWƒIŠÖ¼ƒgƒsƒbƒNƒX,3Œ‚ÅI”„—\’è‚Ìwƒ`ƒFƒ‹ƒV[x@•” ‚Ì——R@uƒXƒJƒbƒ`v‚Á‚Ä‰½HCMƒ\ƒ“ƒO—ğ‘ã‰Ì‚¢è‚Í20‘gˆÈã,https://news.yahoo.co.jp/articles/2221edd125a1db8241815c371fdffa184790c77c,3/4(Œ) 17:30
raditopi,ƒ‰ƒWƒgƒs@ƒ‰ƒWƒIŠÖ¼ƒgƒsƒbƒNƒX,_ŒË‚Ì’´—L–¼‚È—mH“X@—\–ñ•K{‚Ì“Á•Êƒƒjƒ…[‚ÉˆÓŠO‚ÈHŞ@u–{“–‚É‚¨‚¢‚µ‚¢Iv‚ÆƒCƒ“ƒXƒ^ƒOƒ‰ƒ}[,https://news.yahoo.co.jp/articles/a85cdf4f64ad53bc9dcc9a8ccfa631fd1fd3044a,3/4(Œ) 12:00
raditopi,ƒ‰ƒWƒgƒs@ƒ‰ƒWƒIŠÖ¼ƒgƒsƒbƒNƒX,uƒ}ƒ“ƒ}vu‚¨‚¿‚á‚©‚Èv‚È‚Ç—c™Œêg—p‚Íˆ«‚µ‚«KŠµH@q‚Ç‚à‚É‚Æ‚Á‚Ä‚Ìg‘P‚µˆ«‚µh‚ğê–å‰Æ‚ª‰ğà,https://news.yahoo.co.jp/articles/f4abd770743ee78d183aa37e1b9cfa9aded56a93,3/4(Œ) 12:00
raditopi,ƒ‰ƒWƒgƒs@ƒ‰ƒWƒIŠÖ¼ƒgƒsƒbƒNƒX,3Œ20“ú‚Íƒ~ƒjƒIƒ“‚Ì“úIuƒ‚ƒi‰¤vƒ~ƒjƒIƒ“ƒpƒbƒP[ƒWŠúŠÔŒÀ’è”­”„@ƒoƒjƒ‰A‰F¡–•’ƒ‚Ì2í‘S6•¿,https://news.yahoo.co.jp/articles/8ac137553234efc4895598a4d3845ec7af1f032a,3/4(Œ) 11:00
raditopi,ƒ‰ƒWƒgƒs@ƒ‰ƒWƒIŠÖ¼ƒgƒsƒbƒNƒX,“‚Ìß‹åwt“‰ïx’r–VêDEŸŠú‰ÆŒ³‚ªŒ£‰Ø u‹GßŠ´d‚ñ‚¶‚éA“ú–{‚Ì•¶‰»‚ğv‹“sEO\OŠÔ“°,https://news.yahoo.co.jp/articles/05eeed7a3ba54a0c0f17c0dcbacf410d8b5bb801,3/3(“ú) 16:30
raditopi,ƒ‰ƒWƒgƒs@ƒ‰ƒWƒIŠÖ¼ƒgƒsƒbƒNƒX,‘å—Ê”pŠü‚Ìo‚éHŞ‚ğ¶‚©‚µ‚ÄgV‚½‚ÈH•ih‚Ö@u‚©‚ ‚¿‚á‚ñ‚¸v‚ªƒ`ƒƒƒŒƒ“ƒW‚·‚éæ‚è‘g‚İ‚Æ‚ÍH,https://news.yahoo.co.jp/articles/d4018647968b3ad8725f87f4556546a2958505dc,3/3(“ú) 9:00
raditopi,ƒ‰ƒWƒgƒs@ƒ‰ƒWƒIŠÖ¼ƒgƒsƒbƒNƒX,“ú–{‰—A“üI@ƒgƒƒsƒJƒ‹‚È–¡‚Æ‚è‚ÌuƒCƒ“ƒhƒlƒVƒAYƒXƒyƒVƒƒƒ‹ƒeƒBƒR[ƒq[v@dŠ|l‚ªŒê‚év‚¢,https://news.yahoo.co.jp/articles/45e38c4db19ed0e021fa1700bcd9f9c1cdd92e61,3/3(“ú) 7:00
raditopi,ƒ‰ƒWƒgƒs@ƒ‰ƒWƒIŠÖ¼ƒgƒsƒbƒNƒX,wƒtƒGƒL‚­‚ñx‘åã–¼•¨ƒ~ƒbƒNƒXƒWƒ…[ƒX•—ƒWƒFƒ‰[ƒgŒÀ’è”Ì”„IŠJ‹Æ10ü”NE‘åãƒ}ƒŠƒIƒbƒg“sƒzƒeƒ‹,https://news.yahoo.co.jp/articles/afd9ab9a815e36186ef44a8d8bcd1c506fb2a4e7,3/3(“ú) 6:00
raditopi,ƒ‰ƒWƒgƒs@ƒ‰ƒWƒIŠÖ¼ƒgƒsƒbƒNƒX,’À‘İƒ}ƒ“ƒVƒ‡ƒ“ŠeŒË‚É‚à”ñíHƒZƒbƒgİ’u@‘åkĞ”íĞŒoŒ±‚Ì‚ ‚é•ºŒÉE_ŒË‚Ì˜a“c‹»Y@3Œ‚©‚ç‡Ÿ,https://news.yahoo.co.jp/articles/f8c6d38b17815387b70902111560b665911594b4,3/2(“y) 11:30
raditopi,ƒ‰ƒWƒgƒs@ƒ‰ƒWƒIŠÖ¼ƒgƒsƒbƒNƒX,g–¢—ˆ‚ÌO‹{h@•`‚¢‚½P‚Ì‘İoƒvƒƒWƒFƒNƒgn‚Ü‚é@_ŒËs‚Æ‘åŠÛAã‹}•S‰İ“XAƒAƒCƒJƒT‚ªƒ^ƒbƒO,https://news.yahoo.co.jp/articles/67a876b0bc80b6d7cde5aeae84064b4f767ac647,3/2(“y) 8:00
raditopi,ƒ‰ƒWƒgƒs@ƒ‰ƒWƒIŠÖ¼ƒgƒsƒbƒNƒX,—A“ü‘‚Ìƒmƒ“ƒJƒtƒFƒCƒ“’ƒwƒ‹ƒCƒ{ƒXƒeƒB[x’j«l‹C‚àã¸@qˆç‚ÄA‚±‚Á‚Ä‚è—¿—‚Æ‚ÌD‘Š«‚ğ”wŒi‚É,https://news.yahoo.co.jp/articles/8d581eead890e6a8cdc3dc21d7e9d8061d278e73,3/2(“y) 7:00
raditopi,ƒ‰ƒWƒgƒs@ƒ‰ƒWƒIŠÖ¼ƒgƒsƒbƒNƒX,2016”N‚Ì€‘ÌˆâŠü–Œ —e‹^Ò‚Ì’jA‘—Ş‘—ŒŸ •ºŒÉŒ§Œx‚ªg‘ã—ˆ”±h‹‚ß‚é ’†‘‚Å–³Šú’¦–ğ”»Œˆ,https://news.yahoo.co.jp/articles/1311ef175260aabeb6bbebe63869f41af3dce4b6,3/2(“y) 3:00
raditopi,ƒ‰ƒWƒgƒs@ƒ‰ƒWƒIŠÖ¼ƒgƒsƒbƒNƒX,“ï•aEƒp[ƒLƒ“ƒ\ƒ“•a‚ªƒe[ƒ}w‚¢‚Üƒ_ƒ“ƒX‚ğ‚·‚é‚Ì‚Í’N‚¾x@ŠÄ“Âu•`‚«‚½‚¢‚Ì‚ÍƒŠƒAƒ‹‚È¶‚«‚´‚Üv,https://news.yahoo.co.jp/articles/81b2fbd4bc822e46148768d836378aa2fda4cf88,3/1(‹à) 18:30
raditopi,ƒ‰ƒWƒgƒs@ƒ‰ƒWƒIŠÖ¼ƒgƒsƒbƒNƒX,G.G.²“¡‚³‚ñu©•ª‚ğ‹–‚¹‚È‚©‚Á‚½vŒÜ—Ö2“x‚Ì—‹…¨l¶D“]‚ÌŒ_‹@‚Æ‚È‚Á‚½–ì‘º–ç‚³‚ñ‚ÌŒ¾—t,https://news.yahoo.co.jp/articles/39f666b39be4898a82d8893ae2bca773cf6776b0,3/1(‹à) 18:00
raditopi,ƒ‰ƒWƒgƒs@ƒ‰ƒWƒIŠÖ¼ƒgƒsƒbƒNƒX,“½–¼‚Åu“¯—»‹³öAŠw¶‚ÉƒZƒNƒnƒ‰v‚Æ‹•‹U‚Ì•¶‘‘—‚è•t‚¯c•ŒÉì—q‘åEy‹³ö‚Ì’j‘ß•ß@•ºŒÉŒ§Œx,https://news.yahoo.co.jp/articles/a62b811aabbbfdd3b3ada06927ffbf15cb8dc367,3/1(‹à) 13:15
raditopi,ƒ‰ƒWƒgƒs@ƒ‰ƒWƒIŠÖ¼ƒgƒsƒbƒNƒX,‚Ç‚ñ‚Å‚ñ•Ô‚µ‚Ì˜A‘±‚Éƒnƒ‰ƒnƒ‰‚ª~‚Ü‚ç‚È‚¢I@‹KŠiŠO‚ÌƒXƒpƒC‰f‰æwARGYLLE^ƒA[ƒKƒCƒ‹x,https://news.yahoo.co.jp/articles/c1cbe44aa39bb88ad9f0edc267b8a1e6ee365a8b,3/1(‹à) 12:00
raditopi,ƒ‰ƒWƒgƒs@ƒ‰ƒWƒIŠÖ¼ƒgƒsƒbƒNƒX,3Œ‚Íu©E‘Îô‹­‰»ŒŠÔv@‘S‘Še’n‚Åæ‚è‘g‚İ@•ºŒÉŒ§‚à–³—¿‘Š’k‘‹Œûİ’u@ƒnƒ[ƒ[ƒN‚Å“WŠJ‚à,https://news.yahoo.co.jp/articles/03ee20523182b0252f8978a045f2aee05f3da2b2,3/1(‹à) 7:00
raditopi,ƒ‰ƒWƒgƒs@ƒ‰ƒWƒIŠÖ¼ƒgƒsƒbƒNƒX,•P˜H‘åŠw‚ªá‚ª‚¢‚Ö‚Ì—‰ğ‘£i‚Ì‚½‚ßA“Œ‹‚ÌŠé‹Æ‚Æ˜AŒg‹¦’è‚ğ’÷Œ‹,https://news.yahoo.co.jp/articles/fdaa389175e6b93df6b9c7682a33719deb794640,3/1(‹à) 7:00
raditopi,ƒ‰ƒWƒgƒs@ƒ‰ƒWƒIŠÖ¼ƒgƒsƒbƒNƒX,ƒCƒ“ƒhƒlƒVƒA  ‘åãEŠÖ¼–œ”ƒpƒrƒŠƒIƒ“u‘Dv‚ğƒ‚ƒ`[ƒt‚É ƒTƒXƒeƒiƒuƒ‹‚ÈŠC—m‘‰ÆAñ“sˆÚ“]PR,https://news.yahoo.co.jp/articles/f19c7eaa7264226547c2fdd1f0e204c33495f71f,3/1(‹à) 5:00
raditopi,ƒ‰ƒWƒgƒs@ƒ‰ƒWƒIŠÖ¼ƒgƒsƒbƒNƒX,JR•P˜H‰w–¼•¨u‚Ü‚Ë‚«‚Ì‚¦‚«‚»‚Îv“X•ÜƒŠƒjƒ…[ƒAƒ‹ ŒÀ’èŠé‰æAŠC˜V“V‚É‹à”“‚Ìw‚¦‚«‚»‚Îx‚àI,https://news.yahoo.co.jp/articles/c43a6b70b559d6652e3f9921658ffdfa4df0ed2f,3/1(‹à) 3:00
raditopi,ƒ‰ƒWƒgƒs@ƒ‰ƒWƒIŠÖ¼ƒgƒsƒbƒNƒX,y‘¬•ñz•ºŒÉŒ§ƒRƒƒi’è“_‚ ‚½‚èT5.17lŠ´õ@3T˜A‘±Œ¸@2Œ19“ú-25“ú,https://news.yahoo.co.jp/articles/5a2a35ae1105da5120e0b2476150fab8d8cd9876,2/29(–Ø) 17:47
raditopi,ƒ‰ƒWƒgƒs@ƒ‰ƒWƒIŠÖ¼ƒgƒsƒbƒNƒX,‘åãE¼”~“cuƒh[ƒ`ƒJv‚Éƒ‚ƒ“ƒ`ƒbƒ`oŒ»I@‰Ô‚æ‚è’cq‚ÈƒtƒHƒgƒXƒ|ƒbƒgA“°“‡ƒ`ƒJ‚¿‚á‚ñ‚ÆƒRƒ‰ƒ{‚à,https://news.yahoo.co.jp/articles/9b262aade1782025e12fa3f72144cbd3f8a2d1a5,2/29(–Ø) 17:45
raditopi,ƒ‰ƒWƒgƒs@ƒ‰ƒWƒIŠÖ¼ƒgƒsƒbƒNƒX,u·‚ê‚¸E‰f‚¦‚¸EŠÔ§ŒÀƒAƒŠv@gƒ‹[ƒ‹‘½”h‚ÌSNSƒAƒvƒŠ‚ª‚È‚ºl‹CH@ƒŠƒAƒ‹ƒ†[ƒU[‚É•·‚­,https://news.yahoo.co.jp/articles/72226c121cb05551f15261676321de468a7f8beb,2/29(–Ø) 17:00
raditopi,ƒ‰ƒWƒgƒs@ƒ‰ƒWƒIŠÖ¼ƒgƒsƒbƒNƒX,u”º‘–Ò‚Ì‚æ‚¤‚ÈŠÖŒW‚Å‚ ‚è‚½‚¢v@Œ|p•¶‰»ŠÏŒõê–åE‘åŠw•‹³‚Ìv‚¢,https://news.yahoo.co.jp/articles/e15d73521ce4ba01a7852887673f6f2d5e87a901,2/29(–Ø) 13:00
raditopi,ƒ‰ƒWƒgƒs@ƒ‰ƒWƒIŠÖ¼ƒgƒsƒbƒNƒX,ŠÖ¼‰o“XI@ƒpƒXƒeƒ‹ƒJƒ‰[‚ÌƒƒŒƒ“ƒQ‰ÙquƒvƒeƒBƒŠƒGv‘åŠÛ”~“c“X‚É“oê@ƒTƒNƒzƒHŠ´‚ğŠy‚µ‚ß‚é,https://news.yahoo.co.jp/articles/c2bbc93a4222804d00d68e92ec3a98598ea87541,2/29(–Ø) 12:00
raditopi,ƒ‰ƒWƒgƒs@ƒ‰ƒWƒIŠÖ¼ƒgƒsƒbƒNƒX,—™‚Ì–³•a‘§Ğ‚ğŠè‚¤‹C‚¿‚ª‚ß‚ç‚ê‚½g‚³‚³‚â‚©‚È—lŒ`h@Ã‰ªŒ§EˆÉ“¤‚Ìw‚Â‚é‚µü‚èx‚Æ‚ÍH,https://news.yahoo.co.jp/articles/06ca5e1bb47768b72eea91316ac0a86c57593967,2/29(–Ø) 8:00
raditopi,ƒ‰ƒWƒgƒs@ƒ‰ƒWƒIŠÖ¼ƒgƒsƒbƒNƒX,w‚é‚é‚Ô~HachiƒRƒ‰ƒ{ƒJƒŒ[x“Œ‹E¬Š}Œ´YƒpƒbƒVƒ‡ƒ“ƒtƒ‹[ƒcg—pgƒ`ƒLƒ“ƒJƒŒ[h“oêI,https://news.yahoo.co.jp/articles/8bd01d2e0b6f29806061c15487a04ab9fe82d583,2/29(–Ø) 7:30
raditopi,ƒ‰ƒWƒgƒs@ƒ‰ƒWƒIŠÖ¼ƒgƒsƒbƒNƒX,ã‹}‘åã”~“c‰w‚»‚Î@íİ‚ÌŒğ—¬ƒCƒxƒ“ƒgƒXƒy[ƒX’a¶‚Ö@ã‹}ã_HD‚Ìã‹}ã_•s“®Y‚ª‰^‰c,https://news.yahoo.co.jp/articles/99bd2301b810a0cf1cbb641fe75939e486ae32cb,2/29(–Ø) 7:00
raditopi,ƒ‰ƒWƒgƒs@ƒ‰ƒWƒIŠÖ¼ƒgƒsƒbƒNƒX,º˜a‚Ìwƒ‰ƒCƒ^[x‚¢‚­‚Â‚í‚©‚éH@ƒƒ“ƒ\ƒ“AƒAƒhƒjƒXAZippoc‘ã‚Æ‚Æ‚à‚ÉƒgƒŒƒ“ƒh‚ª‚ ‚Á‚½,https://news.yahoo.co.jp/articles/e54f58d53f3cf31b1ba7268d13c0973437bf59b7,2/29(–Ø) 6:55
raditopi,ƒ‰ƒWƒgƒs@ƒ‰ƒWƒIŠÖ¼ƒgƒsƒbƒNƒX,‚ë‚¤‚»‚­‚Ì“” –é‹ó‚É¯‚ª‹P‚­‚æ‚¤‚Ècw¯‹Ÿi‚Ù‚µ‚­jx‚»‚ê‚¼‚ê‚ğ“±‚­¯‚É‹F‚è‚ğ ‹“sEOç‰@,https://news.yahoo.co.jp/articles/ea86afa5562296db90b9d51b27c02b7762366466,2/29(–Ø) 5:30
raditopi,ƒ‰ƒWƒgƒs@ƒ‰ƒWƒIŠÖ¼ƒgƒsƒbƒNƒX,‚È‚ºŠwZ‚Å‹³‚í‚ç‚È‚­‚È‚Á‚½HJ-POP‚ÌŒ´•—ŒiA“ú–{‚Ì“¶—wE¥‰Ì‚Ì–£—Í‚É‚¹‚Ü‚é,https://news.yahoo.co.jp/articles/60e47d4075c0d50011cb65077a8ec373b05a0030,2/28(…) 19:00
raditopi,ƒ‰ƒWƒgƒs@ƒ‰ƒWƒIŠÖ¼ƒgƒsƒbƒNƒX,ƒRƒbƒN–Xp‚ÌƒlƒREƒ}ƒCƒL[‚ª“oêIyƒŠƒTEƒ‰[ƒ\ƒ“~ƒpƒeƒBƒXƒŠ[ƒLƒnƒ`zƒnƒ“ƒJƒ`Aƒ|[ƒ`•t‚«‚È‚Ç,https://news.yahoo.co.jp/articles/5f34b4bd08169c1ccc45e26005ac14a91cd2a473,2/28(…) 18:30
raditopi,ƒ‰ƒWƒgƒs@ƒ‰ƒWƒIŠÖ¼ƒgƒsƒbƒNƒX,w”g‚æ•·‚¢‚Ä‚­‚êx‚Ìg”gh‚Á‚ÄH@ƒ‰ƒWƒI‚ÌuƒtƒF[ƒfƒBƒ“ƒOvŒ»Û‚Æ‚Í,https://news.yahoo.co.jp/articles/7e89247366c43ddce058ab80e23c17da0d7bfa97,2/28(…) 18:30
raditopi,ƒ‰ƒWƒgƒs@ƒ‰ƒWƒIŠÖ¼ƒgƒsƒbƒNƒX,À‹Æ‰ÆEwlŞˆç¬‰Æx‚Ì’ÒŒh‘¾‚³‚ñ@ƒrƒWƒlƒX‚Íglh‚ ‚è‚«uŠñ‚è“Y‚¤‚±‚Æ‚ğ‘å–‚É‚µ‚Ä‚¢‚év,https://news.yahoo.co.jp/articles/caebbdd0e2c32e56e6401bb62f80c5b9fb26cac8,2/28(…) 18:00
raditopi,ƒ‰ƒWƒgƒs@ƒ‰ƒWƒIŠÖ¼ƒgƒsƒbƒNƒX,yl–zƒOƒ[ƒŠ[Š”®‰ïĞi•ºŒÉŒ§•P˜Hsj,https://news.yahoo.co.jp/articles/7bfa1415d8a61cd522ca6db13c580020ea20a6b2,2/28(…) 17:15
raditopi,ƒ‰ƒWƒgƒs@ƒ‰ƒWƒIŠÖ¼ƒgƒsƒbƒNƒX,ƒtƒH[ƒGƒo[“yŠÇI@ƒAƒQƒCƒ““yŠÇI@ƒŠƒoƒCƒoƒ‹“yŠÇI@Ì‚Í‹ó‚«’nEŒö‰€‚É‚ ‚Á‚½‚Ì‚Éc,https://news.yahoo.co.jp/articles/d3401568a97bc9d6263eaef73f0b54a362a94416,2/28(…) 17:00
raditopi,ƒ‰ƒWƒgƒs@ƒ‰ƒWƒIŠÖ¼ƒgƒsƒbƒNƒX,ƒ‰ƒCƒu‰f‰æwƒ`ƒFƒbƒJ[ƒY 1987 GO TOUR at’†–ìƒTƒ“ƒvƒ‰ƒUx@‰‰‘t‹È‚©‚ç–£—Í‚ğ’T‚é,https://news.yahoo.co.jp/articles/93406c7c5be13ce5ee3bdc378aba5d6ff1fd154a,2/28(…) 16:45
raditopi,ƒ‰ƒWƒgƒs@ƒ‰ƒWƒIŠÖ¼ƒgƒsƒbƒNƒX,¬Šw¶ŒZ’í€–S •ºŒÉEˆî”ü’¬•ú‰ÎEl–Œ €ŒY‹ŒY‚Ì_ŒË’nŒŸ•P˜Hx•”AT‘iu’¦–ğ30”N‚É•s•v,https://news.yahoo.co.jp/articles/0f43c9ab10468a8b04de0ae670273ce1c8f3625e,2/28(…) 13:31
raditopi,ƒ‰ƒWƒgƒs@ƒ‰ƒWƒIŠÖ¼ƒgƒsƒbƒNƒX,_ŒËEO‹{‚Ì’n‰ºŠXu‚³‚ñ‚¿‚©2”ÔŠXvƒŠƒjƒ…[ƒAƒ‹ƒI[ƒvƒ“@•ºŒÉ‰o“X‚Ì“X‚à@2Œ29“ú‚©‚ç,https://news.yahoo.co.jp/articles/a81d72786947780439a62a6f8d5f8293e011d257,2/28(…) 12:30
raditopi,ƒ‰ƒWƒgƒs@ƒ‰ƒWƒIŠÖ¼ƒgƒsƒbƒNƒX,yŠÈ’PƒŒƒVƒsz‚¨’ƒ’Ğ‚¯‚Ì‘f‚ÅŠÈ’P–¡•t‚¯Iu†‚«‚İ‚²”Ñv@‚²‚Ü–û‚Å‚¨‚±‚°‚àèŒy‚Éì‚ê‚¿‚á‚¤,https://news.yahoo.co.jp/articles/6fdcf463d9cc7e338aef943a62667d8c83a3e2d5,2/28(…) 12:00
raditopi,ƒ‰ƒWƒgƒs@ƒ‰ƒWƒIŠÖ¼ƒgƒsƒbƒNƒX,‚©‚í‚¢‚·‚¬‚éIyƒ|[ƒ‹•ƒWƒ‡[~‚·‚İ‚ÁƒR‚®‚ç‚µzƒRƒ‰ƒ{G‰İ28“ú”­”„@‚·‚İ‚ÁƒR‚½‚¿‚ª‰Ô‚©‚çƒ`ƒ‰ƒŠ,https://news.yahoo.co.jp/articles/ac1d1e54445105a20372bc760735577854b704a6,2/28(…) 11:30
raditopi,ƒ‰ƒWƒgƒs@ƒ‰ƒWƒIŠÖ¼ƒgƒsƒbƒNƒX,•ó’Ë‰ÌŒ€ Œ€’cˆõ‹}€–â‘è ˆê“]ƒpƒƒnƒ‰”F‚ß‚é‚à”F¯‚É‚¸‚êcu•ó’Ë‚¾‚©‚ç‹–‚³‚ê‚é‚±‚Æ‚È‚Ç‚È‚¢v,https://news.yahoo.co.jp/articles/aee5de82289ad67217d3f0c8923a07fe12d8e56b,2/28(…) 11:22
raditopi,ƒ‰ƒWƒgƒs@ƒ‰ƒWƒIŠÖ¼ƒgƒsƒbƒNƒX,_ŒËƒ|[ƒgƒ^ƒ[ t‚ÌƒŠƒjƒ…[ƒAƒ‹ƒI[ƒvƒ“‘Ò‚Ä‚È‚¢I “úw’èƒ`ƒPƒbƒgA”NŠÔƒpƒXƒ|[ƒg‚È‚Ç‘½Ê‚É,https://news.yahoo.co.jp/articles/435fd18a5fd9b9e8ae1f8c203793f80b9b247c35,2/28(…) 5:30
raditopi,ƒ‰ƒWƒgƒs@ƒ‰ƒWƒIŠÖ¼ƒgƒsƒbƒNƒX,‚È‚Å‚µ‚±A28“ú‚ÍŒÜ—Öoê‚©‚¯‚Ä–k’©‘N‚ÆŒˆí@20”N‘O’m‚éOG‚ªŒÄ‚Ñ‚©‚¯u‚º‚Ğ‘—§‚Å‰‰‡‚ğIv,https://news.yahoo.co.jp/articles/13c92994b2e72e854afd6dfb32ab5218698bc55e,2/27(‰Î) 20:20
raditopi,ƒ‰ƒWƒgƒs@ƒ‰ƒWƒIŠÖ¼ƒgƒsƒbƒNƒX,c@”t—DŸ‚ÌINAC_ŒË@3Œ‚©‚ç‚ÌWEƒŠ[ƒOíA“ñŠ¥’B¬‚ÉŒü‚¯‚ÄŒˆ‹N‰ï@s–¯‚âƒTƒ|‚ç‚ÆŒğ—¬,https://news.yahoo.co.jp/articles/3417d3c1a788292d34c20d69dd07752a493fe63b,2/27(‰Î) 20:20
raditopi,ƒ‰ƒWƒgƒs@ƒ‰ƒWƒIŠÖ¼ƒgƒsƒbƒNƒX,y_ŒËsz“ú–{Å‘å‹K–Í‚Ì”üpŒö•å“Wu“ú“Wv@“ú–{‰æE—m‰æE’¤c“W¦‘”538“_@3Œ24“ú‚Ü‚Å,https://news.yahoo.co.jp/articles/2027fc2ddf48a271206db18fc1328a88ed2c01fb,2/27(‰Î) 18:30
raditopi,ƒ‰ƒWƒgƒs@ƒ‰ƒWƒIŠÖ¼ƒgƒsƒbƒNƒX,—š‚«•û‚Í3’Ê‚èI@YouTuberE‚ ‚¢‚É‚á‚ñƒfƒUƒCƒ“uƒ~ƒj[ƒ}ƒEƒXvƒ‚ƒ`[ƒt‚Ìƒ[ƒtƒ@[”­”„,https://news.yahoo.co.jp/articles/6d142d8437018425aa3319407a460af373295788,2/27(‰Î) 17:45
raditopi,ƒ‰ƒWƒgƒs@ƒ‰ƒWƒIŠÖ¼ƒgƒsƒbƒNƒX,Œ£‘Ì‚Ìˆâœ‚ğ6”N”¼•ú’uuŠÇ—‘Ì§A‚¸‚³‚ñv•ºŒÉˆã‰È‘å‚É”…–½‚¶‚é _ŒË’nÙ,https://news.yahoo.co.jp/articles/e68533a1bf7f37d0b6f58b2baf071db320be4440,2/27(‰Î) 16:15
raditopi,ƒ‰ƒWƒgƒs@ƒ‰ƒWƒIŠÖ¼ƒgƒsƒbƒNƒX,ƒCƒJƒiƒS‹™u”ñí–‘Ôv‘åã˜p‚Å‰‚Ì‹x‹™A”d–“å‚Å‚Í3Œ9“ú‚©‚ç@8”N˜A‘±•s‹™—\‘ªgÅ’áƒŒƒxƒ‹h,https://news.yahoo.co.jp/articles/06ac2b5a852d1edb2a0f21a9732a71393f241c1e,2/27(‰Î) 11:45
raditopi,ƒ‰ƒWƒgƒs@ƒ‰ƒWƒIŠÖ¼ƒgƒsƒbƒNƒX,_ŒËE‚³‚ñ‚¿‚©‚ÉuƒtƒFƒCƒ‰[vƒMƒtƒgƒVƒ‡ƒbƒv@29“úƒI[ƒvƒ“I@_ŒËƒ^[ƒ^ƒ“‚Ìƒnƒ“ƒJƒ`AŒÀ’è”­”„,https://news.yahoo.co.jp/articles/86f25aeaf2616653ad894bd61651817af3a06438,2/27(‰Î) 11:30
raditopi,ƒ‰ƒWƒgƒs@ƒ‰ƒWƒIŠÖ¼ƒgƒsƒbƒNƒX,gˆê¡–@tg‚ÍŠÖ¼l‚Äƒzƒ“ƒg!?@“ä‚ğ•R‰ğ‚­ƒJƒM‚Íu‘åã‚Ì—L–¼_Ğv‚ÆuÌ‚Î‚È‚µv‚ÌˆÓŠO‚ÈŠÖŒW,https://news.yahoo.co.jp/articles/89a2f6a6596fc6e0a988665c04abb94132bc90e4,2/27(‰Î) 7:00
raditopi,ƒ‰ƒWƒgƒs@ƒ‰ƒWƒIŠÖ¼ƒgƒsƒbƒNƒX,y_ŒËsz‘Šúóf‚ğx‰‡u”F’mÇ_ŒËƒ‚ƒfƒ‹v@65ÎˆÈã‚Ìs–¯‚Í©ŒÈ•‰’Sƒ[ƒ‚Åóf‰Â”\,https://news.yahoo.co.jp/articles/ca520ad50e03876f53ca511b230dec4bee0d09a5,2/27(‰Î) 6:55
raditopi,ƒ‰ƒWƒgƒs@ƒ‰ƒWƒIŠÖ¼ƒgƒsƒbƒNƒX,ŒÃ‘ãƒƒLƒVƒR‚ğ‘ÌŠ´@‰ŒöŠJuÔ‚Ì—‰¤v‚à@uŒÃ‘ãƒƒLƒVƒR \ƒ}ƒ„EƒAƒXƒeƒJEƒeƒIƒeƒBƒƒJƒ“v,https://news.yahoo.co.jp/articles/6181da61bd8dfdd0a83732f00bce34be6e12e72a,2/27(‰Î) 6:55
raditopi,ƒ‰ƒWƒgƒs@ƒ‰ƒWƒIŠÖ¼ƒgƒsƒbƒNƒX,–¾F‰»Ï•i ””üŠç…‚Å‡Šiw”üŠç… ‡Ši•ñƒLƒƒƒ“ƒy[ƒ“x óŒ±¶‚ÌƒCƒ“ƒXƒ^ƒOƒ‰ƒ€“Še•åW,https://news.yahoo.co.jp/articles/f01fa7f6ff624b91ca3c0abf187b98e2bf7d49bf,2/27(‰Î) 6:00
raditopi,ƒ‰ƒWƒgƒs@ƒ‰ƒWƒIŠÖ¼ƒgƒsƒbƒNƒX,_ŒËƒXƒg[ƒNƒXE¼èŒ«l‚ª¡‹GŒÀ‚è‚Å‚ÌŒ»–ğˆø‘Ş‚ğ”­•\u1“ú‚Å‚à’·‚­A1‡‚Å‚à‘½‚­‰ß‚²‚µ‚½‚¢v,https://news.yahoo.co.jp/articles/2dc497d2a27aa8bc0c9ce2357a072f571fe80d28,2/27(‰Î) 5:00
raditopi,ƒ‰ƒWƒgƒs@ƒ‰ƒWƒIŠÖ¼ƒgƒsƒbƒNƒX,ŠÖ“Œ‚Ål‹C‚Ìƒ`[ƒYƒXƒC[ƒc‚ªŠÖ¼‘Û‹ó`‘“àü‚ÉŠúŠÔŒÀ’è‚Åo“XI@ƒ`[ƒY~ƒ`ƒ‡ƒR‚Ìƒ^ƒ‹ƒgƒP[ƒL‚à,https://news.yahoo.co.jp/articles/d492c7a44ad24239888d64e757051d5a711edc18,2/26(Œ) 18:30
raditopi,ƒ‰ƒWƒgƒs@ƒ‰ƒWƒIŠÖ¼ƒgƒsƒbƒNƒX,ƒTƒbƒJ[Œ³“ú–{‘ã•\FW‰ªèTiAŒ»–ğˆø‘Ş‚ğ”­•\@•ºŒÉE•ó’Ëog@3“x‚ÌW”t‚Éoê,https://news.yahoo.co.jp/articles/6a5d2ed67aa7cbec074c86a601b4d0c86e5ce3a9,2/26(Œ) 18:10
raditopi,ƒ‰ƒWƒgƒs@ƒ‰ƒWƒIŠÖ¼ƒgƒsƒbƒNƒX,ŠÖ¼l‚Ìƒ\ƒEƒ‹ƒt[ƒhH@w•²‚à‚Ìx‚¨‚©‚¸‚É”’‚²”Ñ@u—Ê“I‚É–³—v©‚È‚µ”h‚©‚ç‚ÍŒ»À“I‚ÈˆÓŒ©‚à,https://news.yahoo.co.jp/articles/694575818a5b8db0cd7dd29b77ba732a41c5989f,2/26(Œ) 18:00
raditopi,ƒ‰ƒWƒgƒs@ƒ‰ƒWƒIŠÖ¼ƒgƒsƒbƒNƒX,‘åãE‚¤‚ß‚¾ã‹}u‘æ7‰ñƒNƒbƒL[‚Ì–£—Ív28“ú‚©‚ç3Œ11“ú‚Ü‚Å@‘S‘l‹C‚Ì‰–ƒNƒbƒL[‚âŒÀ’è•i‚à,https://news.yahoo.co.jp/articles/d9cb23de0d6cb8910ad0142d326cf793768b06a4,2/26(Œ) 17:30
raditopi,ƒ‰ƒWƒgƒs@ƒ‰ƒWƒIŠÖ¼ƒgƒsƒbƒNƒX,—qƒTƒbƒJ[‚ÌINAC_ŒËAŒo‰c÷“n‚ğ“dŒ‚”­•\@VƒI[ƒi[‚Í_ŒË‚ÌŠÂ‹«ŠÖ˜A–‹Æ‰ïĞ,https://news.yahoo.co.jp/articles/c1481e70f2c5204230d56d2d49f50d5d31a4237f,2/26(Œ) 16:08
raditopi,ƒ‰ƒWƒgƒs@ƒ‰ƒWƒIŠÖ¼ƒgƒsƒbƒNƒX,“ú–{‚Å—BˆêI]ŒË‘ã‚Ì“S–C’b–è‰®•~‚ªg—ğjŠÙh‚Æ‚µ‚Ä3Œ3“úƒI[ƒvƒ“@‘åã•{äs@–ñ120“_ŒöŠJ,https://news.yahoo.co.jp/articles/67a701da5a15e5baf52b58ca1702d2238c2d8a9c,2/26(Œ) 12:00
raditopi,ƒ‰ƒWƒgƒs@ƒ‰ƒWƒIŠÖ¼ƒgƒsƒbƒNƒX,•ó’Ë‰ÌŒ€AŒ€’cˆõ‹}€–â‘è ‰ÌŒ€’c‘¤Aˆê“]ƒpƒƒnƒ‰”F‚ß‚é ã‹}ã_HDEŠp˜a•v‰ï’·A—–‘Ş”C‚Ö,https://news.yahoo.co.jp/articles/0f31ebd4cecda0aefb4203ff31a3647a0ee9dd96,2/26(Œ) 11:49
raditopi,ƒ‰ƒWƒgƒs@ƒ‰ƒWƒIŠÖ¼ƒgƒsƒbƒNƒX,‘ç‚«‚Ì”~AŒ|•‘‹W‚ªU‚é•‘‚¤’ƒ‰ï ›Œ´“¹^‚Ìˆâ“¿‚µ‚Ì‚Ñu”~‰ÔÕv‹“sE–k–ì“V–‹{,https://news.yahoo.co.jp/articles/f3adfc251a61800291286e9ac189fb5fda2079d6,2/26(Œ) 11:45
raditopi,ƒ‰ƒWƒgƒs@ƒ‰ƒWƒIŠÖ¼ƒgƒsƒbƒNƒX,uƒRƒŠƒ‰ƒbƒNƒ}v20ü”N‹L”O‚Ê‚¢‚®‚é‚İ@ECƒTƒCƒg‚È‚Ç‚É“oê@‚¢‚¿‚²A‚¨‰Ô”¨ƒJƒ‰[‚Ù‚©‘S6F,https://news.yahoo.co.jp/articles/52f60fa58f91f6560363edc82a5cd2a7a7862fff,2/26(Œ) 11:45
raditopi,ƒ‰ƒWƒgƒs@ƒ‰ƒWƒIŠÖ¼ƒgƒsƒbƒNƒX,•ºŒÉŒ§ŒxE‹@“®‘àˆõ©E–â‘è@˜a‰ğ‚Ö@—¼e‚Ö‚ÌÓß‚à@•ºŒÉŒ§A•â³—\ZˆÄ‚É˜a‰ğ‹à·‚è‚Ş,https://news.yahoo.co.jp/articles/4b0a6c2acdf3866819038b34bf44497b4ecb07bb,2/26(Œ) 11:36
raditopi,ƒ‰ƒWƒgƒs@ƒ‰ƒWƒIŠÖ¼ƒgƒsƒbƒNƒX,•Ù“–‚âõi‚Å‚¨‚È‚¶‚İu‹›Œ^‚Ìİ–û—eŠív@–¼‘O‚Í‚È‚ñ‚Ä‚¢‚¤H@‚È‚º‹›‚ÌƒJƒ^ƒ`H@ŠJ”­Œ³‚É•·‚¢‚Ä‚İ‚½,https://news.yahoo.co.jp/articles/a9d1052ab399410180cd97e0d077090c216ddec6,2/26(Œ) 8:30
raditopi,ƒ‰ƒWƒgƒs@ƒ‰ƒWƒIŠÖ¼ƒgƒsƒbƒNƒX,“Ş‚ªAƒRƒxƒ‹ƒR_ŒËƒXƒeƒB[ƒ‰[ƒY‚ÌƒzƒXƒgƒQ[ƒ€‚É“oê@ƒg[ƒNƒVƒ‡[‚àŠJÃ@3Œ24“úE‰Ô‰€Lí,https://news.yahoo.co.jp/articles/7897252aa4097c6968ddde65fdaf741d9ea1c84b,2/25(“ú) 15:00
raditopi,ƒ‰ƒWƒgƒs@ƒ‰ƒWƒIŠÖ¼ƒgƒsƒbƒNƒX,3Œ1“ú‚ÍuƒŠƒgƒ‹ƒ~ƒCv‚Ì“úIuƒŠƒgƒ‹ƒ~ƒCƒtƒFƒAv3Œ10“ú‚Ü‚ÅŠJÃ@“úíg‚¢‚Å‚«‚éƒAƒCƒeƒ€‚à,https://news.yahoo.co.jp/articles/b3b451296c8fc4285e7bc0c3d08e9002d4940edf,2/25(“ú) 11:30
raditopi,ƒ‰ƒWƒgƒs@ƒ‰ƒWƒIŠÖ¼ƒgƒsƒbƒNƒX,s’·A”CŒã‚µ‚Î‚ç‚­‚Íu‚Ù‚Ú‘ƒXƒJƒ“v¨–¾Î‚ğ–£—Í‚ ‚é‚Ü‚¿‚É@ò–[•ä‚ªqˆç‚Ä­ô‚É‚±‚¾‚í‚Á‚½——R,https://news.yahoo.co.jp/articles/433c3c03e57f286d62b7a2d4811707ef25431e94,2/25(“ú) 10:00
raditopi,ƒ‰ƒWƒgƒs@ƒ‰ƒWƒIŠÖ¼ƒgƒsƒbƒNƒX,sƒEƒNƒ‰ƒCƒiŒR–NU2”Ntu•½˜aA•K‚¸æ‚è–ß‚·vƒLƒƒƒ“ƒhƒ‹1000ŒÂ‚Ì“”A‹]µÒ‚Ö–Ù“˜•ù‚°‚é,https://news.yahoo.co.jp/articles/f99a13bcc358da6dfde252fa2d80354707ba14b9,2/25(“ú) 5:00
raditopi,ƒ‰ƒWƒgƒs@ƒ‰ƒWƒIŠÖ¼ƒgƒsƒbƒNƒX,l‹CƒQ[ƒ€uƒXƒvƒ‰ƒgƒD[ƒ“3v‚ÌƒRƒWƒƒƒP‚ª“ü—Ü‚ÉI@‘S7í‚Ìƒ}ƒXƒRƒbƒg“oê@26“ú‚©‚ç‘S‘”­”„,https://news.yahoo.co.jp/articles/a77d38770c3937ab8a56b4e31a19fbcb1b80ed34,2/24(“y) 17:30
raditopi,ƒ‰ƒWƒgƒs@ƒ‰ƒWƒIŠÖ¼ƒgƒsƒbƒNƒX,_ŒËE’·“c‚Å‚¨ğ‚Ægsê‚Ì–¡h‚ğŠy‚µ‚ŞƒCƒxƒ“ƒg@‚»‚Ì–¼‚àusBARv@‹q‚ª¶‚ñ‚¾ƒAƒCƒfƒA¤•i‚à,https://news.yahoo.co.jp/articles/469f65d62c34d0cd70ecf90df06ed1dbcf69d19f,2/24(“y) 12:00
raditopi,ƒ‰ƒWƒgƒs@ƒ‰ƒWƒIŠÖ¼ƒgƒsƒbƒNƒX,INAC_ŒË‚Ìc@”t§”e‚ÉvŒ£¨‚È‚Å‚µ‚±‚Ì‘åˆê”Ô‚É’Ç‰ÁµW@–kì‚Ğ‚©‚é‚ÉOG‚âƒTƒ|‚àŠú‘Ò‚Ìº,https://news.yahoo.co.jp/articles/f484314318d43fbf78a98d23b4b7433cdf8aa647,2/24(“y) 7:00
raditopi,ƒ‰ƒWƒgƒs@ƒ‰ƒWƒIŠÖ¼ƒgƒsƒbƒNƒX,uŠÔŠ„‚Í©•ª‚ÅŒˆ‚ß‚év@q‚Ç‚à‚ªå‘Ì“I‚ÉŠw‚ÔƒAƒtƒ^[ƒXƒN[ƒ‹‚ª4ŒŠJZ@•ºŒÉE•P˜H,https://news.yahoo.co.jp/articles/1dc6edfe80a8cb624d2fb6781b17fb53f23f629a,2/24(“y) 7:00
raditopi,ƒ‰ƒWƒgƒs@ƒ‰ƒWƒIŠÖ¼ƒgƒsƒbƒNƒX,sƒEƒNƒ‰ƒCƒiŒR–NU2”Ntu‚±‚Ì“ú–{‚ÅAˆêl–º‚Æˆê‚ÉŒ©‚Â‚ß‚é«—ˆv•ê‚Æ‚µ‚ÄAƒfƒUƒCƒi[‚Æ‚µ‚Äc,https://news.yahoo.co.jp/articles/8040f76067b65562dbf7d8386e40bb333e446aa9,2/24(“y) 5:00
raditopi,ƒ‰ƒWƒgƒs@ƒ‰ƒWƒIŠÖ¼ƒgƒsƒbƒNƒX,¬X‚Ü‚È‚İuâ‘Î–Y‚ê‚ç‚ê‚È‚¢vã_’W˜H‘åkĞ@‚»‚µ‚Äƒ‰ƒWƒI‚É‘—‚Á‚½ƒG[ƒ‹@ƒ‰ƒWƒƒjƒAÅŒã‚Ìo‰‰‚Å,https://news.yahoo.co.jp/articles/3d7876bcbc8a6faba98804f9b5a79a6449dd50fb,2/23(‹à) 23:02
raditopi,ƒ‰ƒWƒgƒs@ƒ‰ƒWƒIŠÖ¼ƒgƒsƒbƒNƒX,¬X‚Ü‚È‚İ@16”N‚Ô‚èuÂtƒ‰ƒWƒƒjƒAvo‰‰@ÅŒã‚ÌƒxƒXƒgƒAƒ‹ƒoƒ€Œê‚é@ƒTƒvƒ‰ƒCƒY‚ÈÄ‰ï‚ÉŠ´—Ü‚à,https://news.yahoo.co.jp/articles/2ba3a10e1b2868cd220aeadeb802b6624139dc28,2/23(‹à) 23:00
raditopi,ƒ‰ƒWƒgƒs@ƒ‰ƒWƒIŠÖ¼ƒgƒsƒbƒNƒX,_ŒËEƒA[ƒ‹ƒOƒŒƒCê–å“X‚ÌuƒVƒ…[ƒNƒŠ[ƒ€~ƒJƒkƒŒv@TBS‚ÅĞ‰î‚³‚ê‚½‚¨‚ß‚´‚ÌƒCƒxƒ“ƒg‚Éo“X’†,https://news.yahoo.co.jp/articles/0257e37b8106d0b0cd240853c1add7cd1fa7fc05,2/23(‹à) 18:00
raditopi,ƒ‰ƒWƒgƒs@ƒ‰ƒWƒIŠÖ¼ƒgƒsƒbƒNƒX,‚è‚Íuƒtƒ@ƒbƒVƒ‡ƒ“Š´Šov‚ÅŠy‚µ‚Ş@ƒJƒXƒ^ƒ}ƒCƒY‚ÅƒIƒŠƒWƒiƒ‹ƒtƒŒƒOƒ‰ƒ“ƒX‚ªì‚ê‚éƒT[ƒrƒX‚ª˜b‘è‚É,https://news.yahoo.co.jp/articles/dc68e7840f8d504d6e4965d91d64c7e2dfd88c20,2/23(‹à) 17:00
raditopi,ƒ‰ƒWƒgƒs@ƒ‰ƒWƒIŠÖ¼ƒgƒsƒbƒNƒX,yƒ‰ƒOƒr[zƒRƒxƒ‹ƒR_ŒËƒXƒeƒB[ƒ‰[ƒY@2/17‚©‚ç‘æ7ßƒXƒ^[ƒgI@‚±‚±‚©‚ç‚ÌŠª‚«•Ô‚µ‚ÉŠú‘Ò,https://news.yahoo.co.jp/articles/907c29e699aad11b8ba12b37be9a69cec3ad17d2,2/23(‹à) 15:00
raditopi,ƒ‰ƒWƒgƒs@ƒ‰ƒWƒIŠÖ¼ƒgƒsƒbƒNƒX,”~ƒXƒC[ƒc‚É—˜‚«”~ğA–œ”‹L”OŒö‰€‚Éƒ`ƒ‡[ƒ„”~ğ‚ªIuCHOYA‘åã”~‚Ìw2024v,https://news.yahoo.co.jp/articles/feaf0a1d4ce3a3c55835c35bea3e97e81a5ac668,2/23(‹à) 13:03
raditopi,ƒ‰ƒWƒgƒs@ƒ‰ƒWƒIŠÖ¼ƒgƒsƒbƒNƒX,ƒTƒbƒJ[‹³º‚â–K–âö‹Æcc@”t—DŸ‚ÌINAC_ŒË‚ªs–¯‚ÆŒğ—¬@24“ú‚É˜ZƒAƒC‚ÅƒCƒxƒ“ƒg‚à,https://news.yahoo.co.jp/articles/c17f819b06efb119ff9ecaad89b5f70ee111500c,2/23(‹à) 12:00
raditopi,ƒ‰ƒWƒgƒs@ƒ‰ƒWƒIŠÖ¼ƒgƒsƒbƒNƒX,ƒSƒfƒBƒo@t‚ÌƒXƒC[ƒc‘S10í‚ªƒ‰ƒCƒ“ƒAƒbƒvI@¡‚µ‚©‚È‚¢yƒ`ƒ‡ƒRƒŒ[ƒg~‚¢‚¿‚²z‚Ì‘g‚İ‡‚í‚¹,https://news.yahoo.co.jp/articles/2cbbb29f34729cff3eaa2f8123f3ea7a1146bb35,2/23(‹à) 7:30
raditopi,ƒ‰ƒWƒgƒs@ƒ‰ƒWƒIŠÖ¼ƒgƒsƒbƒNƒX,ƒCƒ„ƒzƒ“–î@ƒƒCƒ„ƒŒƒX”h‚ª90“’´‚¦©u—‚Æ‚·S”z‚Ì‚È‚¢ñ‚©‚¯ƒ^ƒCƒv‚ğˆ¤—pv,https://news.yahoo.co.jp/articles/985d13fb18a16dce0509d2a2f99fcaa0cc7c4f60,2/23(‹à) 6:55
raditopi,ƒ‰ƒWƒgƒs@ƒ‰ƒWƒIŠÖ¼ƒgƒsƒbƒNƒX,g¢ŠEÅãhƒTƒbƒJ[ƒ`[ƒ€‚ÌÀ˜bI@u©•ª‚ç‚µ‚³vuK‚¹‚Ì‚©‚½‚¿v‚ªˆì‚ê‚éƒXƒg[ƒŠ[‚É‹¹”M‚­‚È‚é,https://news.yahoo.co.jp/articles/7a80da6c42f523b60e45562aa2eb71613fe18680,2/22(–Ø) 23:00
raditopi,ƒ‰ƒWƒgƒs@ƒ‰ƒWƒIŠÖ¼ƒgƒsƒbƒNƒX,c@”t—DŸ‚ÌINAC_ŒË@Œ‹‘©‚ÌÛ’¥‚ÍgVamos equipo!h@–Úw‚·‚ÍWEƒŠ[ƒO‚Æ‚Ì“ñŠ¥,https://news.yahoo.co.jp/articles/b3b2b335371982600e70c01df848bf5863c16033,2/22(–Ø) 19:00
raditopi,ƒ‰ƒWƒgƒs@ƒ‰ƒWƒIŠÖ¼ƒgƒsƒbƒNƒX,•ºŒÉEˆÉ’O‚Ì‚¨D‚İÄ“X‚ÅƒKƒXƒ{ƒ“ƒx”š”­A—«‹q€–S “S”Â‚Ìã‚ÉƒJƒZƒbƒgƒRƒ“ƒAŒ³E“Xå‚ğ‘—Ş‘—ŒŸ,https://news.yahoo.co.jp/articles/13f189f7655fb7aee25dfadc10151f6557d3b045,2/22(–Ø) 18:35
raditopi,ƒ‰ƒWƒgƒs@ƒ‰ƒWƒIŠÖ¼ƒgƒsƒbƒNƒX,ƒAƒXƒŠ[ƒg‚ÌƒZƒJƒ“ƒhƒLƒƒƒŠƒA@uƒ[ƒ‹ƒ‚ƒfƒ‹‚É‚È‚Á‚ÄV‚µ‚¢“¹‚ğì‚è‚½‚¢v@Œ³ƒŒƒXƒŠƒ“ƒO“ú–{‘ã•\,https://news.yahoo.co.jp/articles/b0417afa7bd6d1ffeace62e76ea8498c6c232e15,2/22(–Ø) 18:00
raditopi,ƒ‰ƒWƒgƒs@ƒ‰ƒWƒIŠÖ¼ƒgƒsƒbƒNƒX,y‘¬•ñz•ºŒÉŒ§ƒRƒƒi’è“_‚ ‚½‚èT6.04lŠ´õ@3Š„ˆÈãŒ¸@2Œ12“ú-18“ú,https://news.yahoo.co.jp/articles/244ea70413e412a2689ee24378c01d17ef6f30c2,2/22(–Ø) 17:44
raditopi,ƒ‰ƒWƒgƒs@ƒ‰ƒWƒIŠÖ¼ƒgƒsƒbƒNƒX,yŠÈ’PƒŒƒVƒszŠ¦‚¢–é‚É‚Ò‚Á‚½‚èu‚ ‚ñ‚©‚¯—‘‚¤‚Ç‚ñv@‚Ó‚í‚Ó‚í—‘ƒX[ƒv‚ÉŒ{“÷‚Ì‚¤‚Ü‚İ‚½‚Á‚Õ‚è,https://news.yahoo.co.jp/articles/d04d182710d3e16c65c2ecaa16dfd515868fc341,2/22(–Ø) 12:00
raditopi,ƒ‰ƒWƒgƒs@ƒ‰ƒWƒIŠÖ¼ƒgƒsƒbƒNƒX,SNS‚Å˜b‘èI@g¢ŠE‚Éˆê‚Âh‚Ìuqˆç‚Ä•„‚µŠˆƒOƒbƒYv@Å‘å41–œ’Ê‚è‚Ì‘g‡‚¹‚à@•ºŒÉE¼‹{”­,https://news.yahoo.co.jp/articles/763a2b3e23f6eab85fa5b3063acd4cb8cd4dab79,2/22(–Ø) 11:45
raditopi,ƒ‰ƒWƒgƒs@ƒ‰ƒWƒIŠÖ¼ƒgƒsƒbƒNƒX,yƒtƒ@ƒ~ƒŠƒAzƒ‹ƒNƒAƒC[ƒŒ“X@3Œ1“úƒI[ƒvƒ“I@‹L”Oƒg[ƒgƒoƒbƒOAƒNƒbƒL[ŠÊ‚ª”—ÊŒÀ’è‚Å”­”„,https://news.yahoo.co.jp/articles/81fe9072bd71efd9b4f608ce2c0fc57f74100861,2/22(–Ø) 11:00
raditopi,ƒ‰ƒWƒgƒs@ƒ‰ƒWƒIŠÖ¼ƒgƒsƒbƒNƒX,‚¢‚Å“’‚Æé‚Æ•¶Šw‚ÌŠX‚ğ‚ß‚®‚é˜H–Ê“dÔ@ˆÉ—\“S“¹As“à“dÔ‚ğs‚­,https://news.yahoo.co.jp/articles/82da98a88b9b3c783fdfc1c69f03370c78807591,2/22(–Ø) 10:20
raditopi,ƒ‰ƒWƒgƒs@ƒ‰ƒWƒIŠÖ¼ƒgƒsƒbƒNƒX,aV‚È‚İ‚ª˜b‘è@_ŒË{–wj•~“V–‹{x@—´_Ğ‚âVƒI[ƒvƒ“—\’è‚Ì…‘°ŠÙ‚É‚¿‚È‚ñ‚¾Œäéˆó‚àI,https://news.yahoo.co.jp/articles/55cdc381f70b7f7ceda04ee2e496856c52c222d4,2/22(–Ø) 9:00
raditopi,ƒ‰ƒWƒgƒs@ƒ‰ƒWƒIŠÖ¼ƒgƒsƒbƒNƒX,g—â‚â‚µ•¶‰»h‚ÌƒƒbƒJERŒ`Œ§‚ÉV–¼•¨’a¶@‰Ä‹GŒÀ’èu—â‚â‚µƒVƒƒƒ“ƒv[v‚Á‚ÄƒiƒjH@”­ˆÄÒ‚É•·‚­,https://news.yahoo.co.jp/articles/7e7618e3e55f8f5576f903bba447d4db08784bae,2/22(–Ø) 8:00
raditopi,ƒ‰ƒWƒgƒs@ƒ‰ƒWƒIŠÖ¼ƒgƒsƒbƒNƒX,ŒÎ‚É‚½‚¾‚æ‚¤”’’¹Œ^‚Ì‘DwƒXƒƒ“ƒ{[ƒgx@º˜a‚Ì‰ù‚©‚µƒ{[ƒg@—ß˜a‚Å‚ÍƒCƒ“ƒoƒEƒ“ƒh‚©‚ç‘ål‹C!?,https://news.yahoo.co.jp/articles/dfebf9633b27d5d0b6d5e2a9e21bfdf6e851fb48,2/22(–Ø) 6:55
raditopi,ƒ‰ƒWƒgƒs@ƒ‰ƒWƒIŠÖ¼ƒgƒsƒbƒNƒX,uŒN‚Ìl¶‚ÍAŒN‚ªå–ğv@ƒ{ƒNƒVƒ“ƒOŒ³¢ŠEƒ`ƒƒƒ“ƒsƒIƒ“E’|Œ´T“ñ@áÒ‚Ö‘—‚éƒG[ƒ‹,https://news.yahoo.co.jp/articles/ac850c0dba7c7032b991ec8673d3e3d91ee4674e,2/21(…) 18:00
raditopi,ƒ‰ƒWƒgƒs@ƒ‰ƒWƒIŠÖ¼ƒgƒsƒbƒNƒX,SNS‚à“ö‚í‚¹‚½gg’ƒ‚É‰–h˜_‘ˆ@u‰–ƒoƒ^[ƒLƒƒƒ‰ƒƒ‹‚Ì‚æ‚¤‚É”ZŒúv‚É‚È‚é‹Á‚«‚Ì‚¨‚·‚·‚ßƒŒƒVƒs,https://news.yahoo.co.jp/articles/ce5f4d9f7f0151765522d873a7de7147736bee39,2/21(…) 17:30
raditopi,ƒ‰ƒWƒgƒs@ƒ‰ƒWƒIŠÖ¼ƒgƒsƒbƒNƒX,‚Ó‚½‚½‚Ñ‹ó‚ÉŒ»‚ê‚½I@’C”N‚Ìƒhƒ‰ƒSƒ“w—´‰_x@¡“x‚Í—´‚ÌŠç‚ªƒhƒAƒbƒv‚É!?,https://news.yahoo.co.jp/articles/6caf0797bc9fa163d2985aa2f65833194bba0e0a,2/21(…) 17:00
raditopi,ƒ‰ƒWƒgƒs@ƒ‰ƒWƒIŠÖ¼ƒgƒsƒbƒNƒX,•ó’Ë‰ÌŒ€AŒ€’cˆõ‹}€–â‘è@ã‹}ã_HDEŠp˜a•v‰ï’·Aˆâ‘°‚ÖÓß‚ÌˆÓŒü¦‚·@uŠÇ—Ó”C”F‚ß‚év,https://news.yahoo.co.jp/articles/e87d1f5a3ea8cc5ba7be008171fdc0bc8cea1bbc,2/21(…) 12:35
raditopi,ƒ‰ƒWƒgƒs@ƒ‰ƒWƒIŠÖ¼ƒgƒsƒbƒNƒX,u‡˜@v‚ğ‚Í‚¶‚ß‚Æ‚·‚é–ñ70“_‚Ìƒ‚ƒls‚­‚µI ‘åã’†”V“‡”üpŠÙuƒ‚ƒl ˜Aì‚ÌîŒiv 5Œ6“ú‚Ü‚Å,https://news.yahoo.co.jp/articles/bddaeb2131fc41f9799bca633de264dbceb664c8,2/21(…) 12:30
raditopi,ƒ‰ƒWƒgƒs@ƒ‰ƒWƒIŠÖ¼ƒgƒsƒbƒNƒX,Œ|p‰Æ‚Ì—U‰û‚ªŠª‚«‹N‚·ƒXƒg[ƒŠ[@ƒXƒJƒb‚ÆŠ´‚ª‚½‚Ü‚ç‚È‚¢@Netflix‰f‰æwLift/ƒŠƒtƒgx,https://news.yahoo.co.jp/articles/8848b65d455ee68bf5afafb02ea261d4526aa09a,2/21(…) 12:00
raditopi,ƒ‰ƒWƒgƒs@ƒ‰ƒWƒIŠÖ¼ƒgƒsƒbƒNƒX,gŒ¶hŠâ’Ã‚Ë‚¬‚Í¡‚ª{It‚Í“V‹ó‚ÌéŠJR@•ºŒÉE’©—ˆs@“¡‰ªs’·u“s‰ï‚Æ‚Ì‹——£Š´‚ª‚¿‚å‚¤‚Ç‚¢‚¢v,https://news.yahoo.co.jp/articles/59522898eef57bee56439426ac4871d4d434f0c4,2/21(…) 11:45
raditopi,ƒ‰ƒWƒgƒs@ƒ‰ƒWƒIŠÖ¼ƒgƒsƒbƒNƒX,y‚Ë‚±‚Ì“úŠÔ‹ßzƒtƒ@ƒ~ƒŠ[ƒ}[ƒg@‚Ë‚±¤•i‘S19í@“÷‹…Œ^‚Ìƒpƒ“Aƒtƒ@ƒ~ƒ}ƒJƒtƒFŒÀ’èƒJƒbƒv‚à“oê,https://news.yahoo.co.jp/articles/498f71d23eb4c995d93b111d979acc750f144841,2/21(…) 7:00
raditopi,ƒ‰ƒWƒgƒs@ƒ‰ƒWƒIŠÖ¼ƒgƒsƒbƒNƒX,‚È‚ºH@—â‘ ŒÉ‚ÌgÅ‰º’ih‚É–ìØº@u‘ã‚Ìƒj[ƒYEH‚Ì•Ï‰»‚É‡‚í‚¹‚½Œ‹‰Êv‚Æ‰Æ“dƒ[ƒJ[,https://news.yahoo.co.jp/articles/68edeb455ec295192a0143ed1550deaf367561e5,2/21(…) 7:00
raditopi,ƒ‰ƒWƒgƒs@ƒ‰ƒWƒIŠÖ¼ƒgƒsƒbƒNƒX,•vEŠQ‚Ì—e‹^‚É–â‚í‚ê‚½ƒxƒXƒgƒZƒ‰[ì‰Æ@•v•w‚ÌˆÅ‚ğ‚ß‚®‚é–@’ìŒ€@ƒJƒ“ƒk‰f‰æÕÅ‚ÜóÜì,https://news.yahoo.co.jp/articles/27cfbfb1f4d9109cbe435b67d9f3c6f613cf4333,2/20(‰Î) 19:30
raditopi,ƒ‰ƒWƒgƒs@ƒ‰ƒWƒIŠÖ¼ƒgƒsƒbƒNƒX,V2—qƒŒƒMƒ…ƒ‰[R‚Å1ˆÊŠm’è‚Ì•P˜H@’|‰º‰À]‚ªŒê‚é’–Ú‘Ièi2j@Š®‘S•œ‹AŠÔ‹ß‚Ì“ú–{‘ã•\,https://news.yahoo.co.jp/articles/f9b70994f8f9db8eaa0ffeae254e25755acb132c,2/20(‰Î) 18:05
raditopi,ƒ‰ƒWƒgƒs@ƒ‰ƒWƒIŠÖ¼ƒgƒsƒbƒNƒX,10”N‰z‚µ‚Ì‰¹Œ¹‰»I@ƒVƒ“ƒK[ƒ\ƒ“ƒOƒ‰ƒCƒ^[‹ß“¡‰Äq@q‚Ç‚à‚Ö‚Ìˆ¤’Ô‚Á‚½w‚±‚Ì¢‚ÉŒN‚ª¶‚Ü‚ê‚Äx,https://news.yahoo.co.jp/articles/07f02c68bcea8561e1b972074fbd7c82ea292faa,2/20(‰Î) 18:00
raditopi,ƒ‰ƒWƒgƒs@ƒ‰ƒWƒIŠÖ¼ƒgƒsƒbƒNƒX,V2—qƒŒƒMƒ…ƒ‰[R‚Å1ˆÊŠm’è‚Ì•P˜H@’|‰º‰À]‚ªŒê‚é’–Ú‘Ièi1j@Šˆ–ôŒõ‚éƒŠƒŠ[ƒtƒT[ƒo[,https://news.yahoo.co.jp/articles/ad195d79ba87cb45748906f37d88d2242bbe92a1,2/20(‰Î) 18:00
raditopi,ƒ‰ƒWƒgƒs@ƒ‰ƒWƒIŠÖ¼ƒgƒsƒbƒNƒX,d—Ê”ä‚È‚ñ‚Æ–ñ3”{@‘å‚«‚ÈuƒpƒC‚ÌÀv2í‚Ì“‚Ìƒ^ƒ‹ƒg@6000ŒÂŒÀ’èAECƒXƒgƒA‚Å”­”„ŠJn,https://news.yahoo.co.jp/articles/0a6ae30782dcdeb92891cbac6c2914731b1753fd,2/20(‰Î) 17:45
raditopi,ƒ‰ƒWƒgƒs@ƒ‰ƒWƒIŠÖ¼ƒgƒsƒbƒNƒX,wƒuƒ‹[ƒƒbƒNxw‘’‘—‚ÌƒtƒŠ[ƒŒƒ“x‚È‚Ç”‘½‚ÌŒø‰Ê‰¹§ì@l‘‚ª‹’“_@ƒtƒH[ƒŠ[ƒA[ƒeƒBƒXƒg‚Æ‚Í,https://news.yahoo.co.jp/articles/bd4f8e2a886d653af612a44e1b3bac8f14d4af87,2/20(‰Î) 17:00
raditopi,ƒ‰ƒWƒgƒs@ƒ‰ƒWƒIŠÖ¼ƒgƒsƒbƒNƒX,ƒr[ƒ€ƒX~uƒWƒbƒvƒƒbƒNvƒŠƒ{ƒ“ƒfƒUƒCƒ“‚ÌƒRƒ‰ƒ{ƒAƒCƒeƒ€”­”„I@‹“s‚Åƒ|ƒbƒvƒAƒbƒvƒCƒxƒ“ƒgŠJÃ,https://news.yahoo.co.jp/articles/1c7285843ad1ab767ce0c9f3fbed1b1a890045ba,2/20(‰Î) 11:00
raditopi,ƒ‰ƒWƒgƒs@ƒ‰ƒWƒIŠÖ¼ƒgƒsƒbƒNƒX,•ºŒÉE_ŒË”­I@^ì‚ğg‚Á‚½ƒAƒNƒZƒTƒŠ[èì‚è‘ÌŒ±@^ì‚Ål‚Æ’nˆæ‚ğ‚Â‚È‚®ƒvƒƒOƒ‰ƒ€,https://news.yahoo.co.jp/articles/b8b5a49387c8110fc8a95d61c7c9ffcf17118da9,2/20(‰Î) 7:00
raditopi,ƒ‰ƒWƒgƒs@ƒ‰ƒWƒIŠÖ¼ƒgƒsƒbƒNƒX,2Œ22“úu”L‚Ì“úvŒÀ’è f2024w•¼”’­ ƒlƒRƒ_ƒXƒPxŸ‰ñƒ‰ƒxƒ‹‚Ìƒ‚ƒfƒ‹Hˆ¤”L‚ÌÊ^‚à•åW,https://news.yahoo.co.jp/articles/4d981a393d45712b3d08ea8e7875ded2fc34663a,2/20(‰Î) 6:00
raditopi,ƒ‰ƒWƒgƒs@ƒ‰ƒWƒIŠÖ¼ƒgƒsƒbƒNƒX,£ŒË“à‚Égth‚°‚éƒCƒJƒiƒSA8”N˜A‘±u•s‹™v—\‘ª@2024”NAg‚Ù‚Ú‹™ŠlŒ©‚Ü‚ê‚¸h,https://news.yahoo.co.jp/articles/1080ddd4e4fc71a86eb6fb53dbc6f9bfd6311d40,2/20(‰Î) 5:00
raditopi,ƒ‰ƒWƒgƒs@ƒ‰ƒWƒIŠÖ¼ƒgƒsƒbƒNƒX,wƒR[ƒq[2050”N–â‘èx@ƒEƒGƒVƒ}ƒR[ƒq[ƒt[ƒYŒ³Ğ’·‚ªŠëœœ@u’n‹…‰·’g‰»‚Å“¤‚ª‚Æ‚ê‚È‚­‚È‚év,https://news.yahoo.co.jp/articles/0736988e730bab10f65c6816b72d9dbb1d96a997,2/19(Œ) 18:00
raditopi,ƒ‰ƒWƒgƒs@ƒ‰ƒWƒIŠÖ¼ƒgƒsƒbƒNƒX,s§70ü”N‚Ì•ºŒÉE•ó’Ës@s–¼‚Ì—R—ˆ‚ÍuŒÃ•­‰¡‚ÅE‚Á‚½‚¨•óv‚¾‚ñ‚¶‚è‚à”M‚¢I`Rè°Œbs’·,https://news.yahoo.co.jp/articles/da5c325bb425da375c36f77e3ddd950d99a9f716,2/19(Œ) 16:45
raditopi,ƒ‰ƒWƒgƒs@ƒ‰ƒWƒIŠÖ¼ƒgƒsƒbƒNƒX,uƒVƒƒƒlƒ‹vuƒCƒuEƒTƒ“ƒ[ƒ‰ƒ“v‚È‚Ç‚Ì‹Uƒuƒ‰ƒ“ƒhE887“_–§—A ƒxƒgƒiƒ€l•v•w‚ğ”­ _ŒËÅŠÖ,https://news.yahoo.co.jp/articles/fbccf2aff012ac13e6a61eefff2d731625fbee17,2/19(Œ) 12:45
raditopi,ƒ‰ƒWƒgƒs@ƒ‰ƒWƒIŠÖ¼ƒgƒsƒbƒNƒX,s–¢‰ğŒˆ–Œt_ŒËs{–‹æ —«‹­“El–Œ‚©‚ç21”N •v‚ª–â‚¤uˆâ‘°‚ÌºA“Í‚¢‚Ä‚¢‚é‚©v,https://news.yahoo.co.jp/articles/2c5d4f5ccedccf9beac5c033b68e2672a0288cac,2/19(Œ) 12:20
raditopi,ƒ‰ƒWƒgƒs@ƒ‰ƒWƒIŠÖ¼ƒgƒsƒbƒNƒX,ò–[•ä‚ª­¡‚ğu‚µ‚½Œ´“_@‰¶t‚Ì•Œ¾‚Æ’nŒ³ˆ¤@u–¾Îs’·‚É‚È‚Á‚½‚Ì‚Í–Ú“I‚Å‚Í‚È‚­è’iv,https://news.yahoo.co.jp/articles/1456f6ade5475170ca32f7e7ccbefa8c4dcfb9f9,2/19(Œ) 12:00
raditopi,ƒ‰ƒWƒgƒs@ƒ‰ƒWƒIŠÖ¼ƒgƒsƒbƒNƒX,‚È‚Å‚µ‚±A–k’©‘Ní‚Í—qƒTƒbƒJ[‚Ì–¢—ˆ‚ª‚©‚©‚éŒˆí@OG‚ªŒê‚éuŒÜ—Ö‚ğ“¦‚·‚í‚¯‚É‚Í‚¢‚©‚È‚¢v——R,https://news.yahoo.co.jp/articles/7a3c4e2657d9628a4b37b1348e109b1415cac7fa,2/19(Œ) 11:45
raditopi,ƒ‰ƒWƒgƒs@ƒ‰ƒWƒIŠÖ¼ƒgƒsƒbƒNƒX,ƒ_ƒJ[ƒ‹ƒ‰ƒŠ[Š®‘–IƒIƒtƒ[ƒhƒ‰ƒCƒ_[E’r’¬‰À¶@’nŒ³E_ŒË‚Ì‚æ‚³‚Íu“Œ¼“ì–k‚ª©‘R‚É‚í‚©‚év,https://news.yahoo.co.jp/articles/da90dda3f08ce2406a51634b994a0d772da6a8e3,2/19(Œ) 11:30
raditopi,ƒ‰ƒWƒgƒs@ƒ‰ƒWƒIŠÖ¼ƒgƒsƒbƒNƒX,A•¨«–û‚Ì—eŠí‚ÉuƒRƒŒƒXƒeƒ[ƒ‹0v‚Ì‹LÚ@‚È‚ºH@©À‚Íg‚í‚´‚í‚´h‚¾‚Á‚½I,https://news.yahoo.co.jp/articles/47f138b35f325d061c2c6d9236860d93798ef067,2/19(Œ) 6:55
raditopi,ƒ‰ƒWƒgƒs@ƒ‰ƒWƒIŠÖ¼ƒgƒsƒbƒNƒX,u¶‚Ü‚ê•Ï‚í‚Á‚½”\“o‚ÉA‚Ü‚½—ˆ‚Ä‚Ù‚µ‚¢cv”\“o’nk”íĞ’n‚Å•ºŒÉŒ§ŒxEŒx@Š¯‚ªv‚í‚¸—Ü,https://news.yahoo.co.jp/articles/512e19ee1023a61efe124201818c3ca517bcc644,2/19(Œ) 5:00
raditopi,ƒ‰ƒWƒgƒs@ƒ‰ƒWƒIŠÖ¼ƒgƒsƒbƒNƒX,_ŒË‚Ål‹C@“y“úŒÀ’èu‹ğ‰®‚Ìƒ‚[ƒjƒ“ƒOv•ºŒÉ‚Ì–¼•i‚à•À‚Ôƒrƒ…ƒbƒtƒF‚ÉgH‚×‰ß‚¬’ˆÓ•ñh”­—ß!?,https://news.yahoo.co.jp/articles/0f61e0f1be48f131e8ffed3a3ee25a461fcfb70d,2/18(“ú) 7:00
raditopi,ƒ‰ƒWƒgƒs@ƒ‰ƒWƒIŠÖ¼ƒgƒsƒbƒNƒX,“V’Ã–Ø‘º‚ª‚¨‚·‚·‚ß@ŠâèE“~‚ÌŠÏŒõƒXƒ|ƒbƒg2‘IuL‘å‚È”_ê‚ª“~‰»Ïvu”ñ“úí‚ğ‘ÌŒ±‚Å‚«‚év,https://news.yahoo.co.jp/articles/c41328237a3421548eac52b091f1d1b78f9124dc,2/17(“y) 12:00
raditopi,ƒ‰ƒWƒgƒs@ƒ‰ƒWƒIŠÖ¼ƒgƒsƒbƒNƒX,y•ºŒÉ‰zu‚¢‚Â‚Å‚àƒXƒC[ƒcv•P˜H‚ÉƒI[ƒvƒ“I@ƒP[ƒLŠÊA‚¨‚Ş‚·‚ÑƒP[ƒL‚È‚Ç˜b‘è‚ÌƒXƒC[ƒc‚»‚ë‚¤,https://news.yahoo.co.jp/articles/04497a6bf71799ee80b4e8caf9d3318f8f682827,2/17(“y) 11:00
raditopi,ƒ‰ƒWƒgƒs@ƒ‰ƒWƒIŠÖ¼ƒgƒsƒbƒNƒX,ƒXƒ^ƒCƒŠƒbƒVƒ…‰ß‚¬‚Æ˜b‘è‚Ì_ŒË‚Ì“¤•…“X@‘åƒ{ƒŠƒ…[ƒ€‚Ì’©‚²‚Í‚ñ‚Él‹CƒCƒ“ƒXƒ^ƒOƒ‰ƒ}[u‘å–‘«Iv,https://news.yahoo.co.jp/articles/41f360faead52a098a96db7b21f4b50e3834c39e,2/17(“y) 7:15
raditopi,ƒ‰ƒWƒgƒs@ƒ‰ƒWƒIŠÖ¼ƒgƒsƒbƒNƒX,“V’Ã–Ø‘º@Šâèƒ‰ƒCƒt‚ğ–‹i’†u–{“–‚ÉZ‚İ‚â‚·‚¢vu‚Ü‚¾‚Ü‚¾Œ©‚Ç‚±‚ë‚Í‚½‚­‚³‚ñ‚ ‚éB‘S‘R–O‚«‚È‚¢v,https://news.yahoo.co.jp/articles/200ce5a63c245458d3eaa197d5bd7f4973619709,2/17(“y) 7:00
raditopi,ƒ‰ƒWƒgƒs@ƒ‰ƒWƒIŠÖ¼ƒgƒsƒbƒNƒX,ˆã—ÃE‚âÚ‹q‹Æc‘½‚­‚Ìd–‚Å‹‚ß‚ç‚ê‚éuŠ´î˜J“­v@¸_‰Èˆã‚ª‹³‚¦‚é@g‚ç‚µ‚³h‚Æ‚Ì•t‚«‡‚¢•û,https://news.yahoo.co.jp/articles/14e4864cd8f26b910b958dce6c8d86b69edc3427,2/17(“y) 6:55
raditopi,ƒ‰ƒWƒgƒs@ƒ‰ƒWƒIŠÖ¼ƒgƒsƒbƒNƒX,¸_‰Èˆã‚É•·‚­@©•ª‚Ì•a‹C‚âƒRƒ“ƒvƒŒƒbƒNƒX‚ğ“`‚¦‚é‚×‚«H@Œ¾—t‚É‚Å‚«‚È‚¢”Y‚İ‚ğ“`‚¦‚é•û–@‚Æ‚Í,https://news.yahoo.co.jp/articles/79d738d8963dd9b343886a77d2fc0da43f0e37c1,2/17(“y) 6:55
raditopi,ƒ‰ƒWƒgƒs@ƒ‰ƒWƒIŠÖ¼ƒgƒsƒbƒNƒX,uƒRƒWƒ“v‚ÌuƒIƒNƒŠƒ‚ƒmv‚ğĞ‰î@•ºŒÉ“©Œ|”üpŠÙu—ß˜a‚ÌVû‘ •i“Wv@yRƒ~ƒ…[ƒWƒAƒ€Eƒg[ƒNz,https://news.yahoo.co.jp/articles/f3c0d044795be76d7da96cb4b17796bd7b9233d1,2/16(‹à) 17:30
raditopi,ƒ‰ƒWƒgƒs@ƒ‰ƒWƒIŠÖ¼ƒgƒsƒbƒNƒX,“V’Ã–Ø‘º@Šâè‚ÅÄ”F¯‚µ‚½–ŸË‚Ì‘çŒí–¡‚ÆAƒRƒ“ƒru“V’ÃvŠˆ“®‚Ö‚Ìv‚¢,https://news.yahoo.co.jp/articles/7993d3ba2d718d5e80eeb914c2475e850f9ed7c5,2/16(‹à) 17:00
raditopi,ƒ‰ƒWƒgƒs@ƒ‰ƒWƒIŠÖ¼ƒgƒsƒbƒNƒX,_ŒËƒƒŠƒPƒ“ƒp[ƒN‚Åá—V‚Ñ‘ÌŒ±ƒCƒxƒ“ƒg@17E18“úŠJÃ@•ºŒÉE”ü’¬‚ÆƒRƒ‰ƒ{@ƒOƒ‹ƒ‚âƒ‰ƒCƒu‚à,https://news.yahoo.co.jp/articles/c91d13146913d44254d058e27ed30501cd34b317,2/16(‹à) 12:15
raditopi,ƒ‰ƒWƒgƒs@ƒ‰ƒWƒIŠÖ¼ƒgƒsƒbƒNƒX,ˆÙF‚ÌƒRƒ‰ƒ{Iu“ú–{ğ~˜a‰Ùqvã_”~“c–{“X‚ÅƒCƒxƒ“ƒgŠJÃ@16“ú‚©‚ç@‘S30í‚Ì“ú–{ğ‚ª‚»‚ë‚¤,https://news.yahoo.co.jp/articles/88330e3c308f2fbd95a13afcee62a74a08a919c4,2/16(‹à) 11:30
raditopi,ƒ‰ƒWƒgƒs@ƒ‰ƒWƒIŠÖ¼ƒgƒsƒbƒNƒX,FDAA_ŒË•Ö—˜—p‹q‚Éƒ|[ƒgƒ‰ƒCƒi[•Ğ“¹æÔŒ”ƒvƒŒƒ[ƒ“ƒg@æ’…1500lŒÀ’è@2E16‚©‚ç,https://news.yahoo.co.jp/articles/f7b2bd4afa78bc11accf0851a7c2913b58e41a5a,2/16(‹à) 7:00
raditopi,ƒ‰ƒWƒgƒs@ƒ‰ƒWƒIŠÖ¼ƒgƒsƒbƒNƒX,ƒtƒŒ[ƒ€‘S12íIu‚¿‚¢‚©‚ívƒvƒŠ‹@‚Æ‰ƒRƒ‰ƒ{I@‘ÎÛ2‹@í‚Éƒnƒ`ƒƒŒA‚¤‚³‚¬‚È‚Ç‚ÌƒtƒŒ[ƒ€“oê,https://news.yahoo.co.jp/articles/bd9e8db22f4d090ab565e00477d013de886856ac,2/16(‹à) 7:00
raditopi,ƒ‰ƒWƒgƒs@ƒ‰ƒWƒIŠÖ¼ƒgƒsƒbƒNƒX,y•ºŒÉE–¾Îz“~‚Ì–¡Šo•‚²“–’nƒOƒ‹ƒ‚ªWŒ‹I@w–¾ÎŒö‰€“~‚ÌHO–†s2024x@100‰~‚Ó‚®`‚à,https://news.yahoo.co.jp/articles/b4b5a0fe6688c06605e44884e155f8469f3d474b,2/16(‹à) 6:55
raditopi,ƒ‰ƒWƒgƒs@ƒ‰ƒWƒIŠÖ¼ƒgƒsƒbƒNƒX,¬Šw¶ŒZ’í€–S •ú‰ÎEl–Œuq‚Ç‚à‚ç‚É•ñ‚Å‚«‚È‚¢v€ŒY‹ŒY‚Ì”Œ•ƒ‚É’¦–ğ30”N”»ŒˆAˆâ‘°—’_,https://news.yahoo.co.jp/articles/61747c5f0f1f332e0615ed6db547ba869da08d40,2/16(‹à) 5:00
raditopi,ƒ‰ƒWƒgƒs@ƒ‰ƒWƒIŠÖ¼ƒgƒsƒbƒNƒX,y_ŒËzƒAƒWƒA‚Ìq‚Ç‚à‚½‚¿‚ÌŠG“ú‹L“W@O‹{‚Å20“ú‚Ü‚ÅŠJÃ@153“_“W¦@•ºŒÉŒ§‚Ì3l‚Ìì•i‚à,https://news.yahoo.co.jp/articles/36da9099a0664f980407d41757a854adbaa59942,2/15(–Ø) 19:00
raditopi,ƒ‰ƒWƒgƒs@ƒ‰ƒWƒIŠÖ¼ƒgƒsƒbƒNƒX,•ºŒÉŒ§‚ª2023”N“x2Œ•â³—\ZˆÄ”­•\@‘‚¦‚éŒğ’Ê–ŒÌ‘Îô‚âAá•s‘«‚Ì‰e‹¿ó‚¯‚éƒXƒL[êx‰‡‚È‚Ç,https://news.yahoo.co.jp/articles/34fa948eb2cf69a9003fb35e345eab190052e2ed,2/15(–Ø) 18:00
raditopi,ƒ‰ƒWƒgƒs@ƒ‰ƒWƒIŠÖ¼ƒgƒsƒbƒNƒX,“V’Ã–Ø‘º‚ªŒê‚éAˆÚZ‚Ì’nEŠâè‚Ì–£—Íug3–{’Œh‚ª‚·‚²‚­‘¾‚¢v@ƒ‰ƒWƒIo‰‰‚Å‚Íƒnƒvƒjƒ“ƒO‚à,https://news.yahoo.co.jp/articles/36aa8473f729f3f3d56974c6b4c737a97762f5a7,2/15(–Ø) 18:00
raditopi,ƒ‰ƒWƒgƒs@ƒ‰ƒWƒIŠÖ¼ƒgƒsƒbƒNƒX,y‘¬•ñz•ºŒÉŒ§ƒRƒƒi’è“_‚ ‚½‚èT9.14lŠ´õ@3‚©Œ‚Ô‚èŒ¸­@2Œ5“ú-11“ú,https://news.yahoo.co.jp/articles/41c24f27fdbefe1108707e702b98a5db8fab4689,2/15(–Ø) 17:47
raditopi,ƒ‰ƒWƒgƒs@ƒ‰ƒWƒIŠÖ¼ƒgƒsƒbƒNƒX,ƒˆƒbƒNƒ‚ƒbƒN‚ÌtŒÀ’èuƒhƒD[ƒuƒ‹ ƒVƒ‡ƒRƒ‰ ƒIƒD ƒTƒNƒ‰v”­”„@÷–ŠJ‚ÌƒpƒbƒP[ƒW‘S3í‚ª‚»‚ë‚¤,https://news.yahoo.co.jp/articles/856f65f2beb408cb9b58a166db40bae5788c60e6,2/15(–Ø) 17:45
raditopi,ƒ‰ƒWƒgƒs@ƒ‰ƒWƒIŠÖ¼ƒgƒsƒbƒNƒX,y•ºŒÉE‘½‰Â’¬zu“ú–{ğƒtƒFƒXƒ^v23“úŠJÃ@16‘ 43–Á•¿ˆù‚İ”ä‚×@ƒOƒ‹ƒƒu[ƒX‚â’Š‘I‰ï‚È‚Ç‚à,https://news.yahoo.co.jp/articles/5fcf760c9c743860395d0cd9d0a801e7e74ccc35,2/15(–Ø) 17:00
raditopi,ƒ‰ƒWƒgƒs@ƒ‰ƒWƒIŠÖ¼ƒgƒsƒbƒNƒX,¬Šw¶ŒZ’í€–S •ºŒÉEˆî”ü’¬•ú‰ÎEl–Œ ”Œ•ƒ‚É’¦–ğ30”N”»Œˆu€ŒY‚â‚Ş‚ğ“¾‚¸‚Æ‚Í‚¢‚¦‚È‚¢v,https://news.yahoo.co.jp/articles/6c9d6f25c884eeb2df98ad78b5735c98762d1873,2/15(–Ø) 15:15
raditopi,ƒ‰ƒWƒgƒs@ƒ‰ƒWƒIŠÖ¼ƒgƒsƒbƒNƒX,ƒhƒ~ƒmƒsƒUA•ºŒÉE“òè‚Ì“X•Ü‚ÅgƒoƒCƒgƒeƒh“®‰æ@‰ğŒÙ‚Ì]‹Æˆõ‚Ö–@“I‘[’u‚àŒŸ“¢uŒã‰÷‚µ‚Ä‚¢‚écv,https://news.yahoo.co.jp/articles/342330ff5be1cf34c54769b58cd1ed1b349a4b8c,2/15(–Ø) 14:10
raditopi,ƒ‰ƒWƒgƒs@ƒ‰ƒWƒIŠÖ¼ƒgƒsƒbƒNƒX,u‚Ç‚±‚É‚Å‚à‚ ‚éŠXv‚É‚µ‚È‚¢‚½‚ß‚É@ŠÏŒõ’n‚Ì‰Û‘è‚ğg‰Â‹‰»h‚·‚éŠÏŒõ’n—Šw,https://news.yahoo.co.jp/articles/afc9a546e8ce79d01feeaaffb52bf6086b51f8f0,2/15(–Ø) 13:00
raditopi,ƒ‰ƒWƒgƒs@ƒ‰ƒWƒIŠÖ¼ƒgƒsƒbƒNƒX,yŠÈ’PƒŒƒVƒszg‘Ì‚É—D‚µ‚¢u”~ƒJƒcƒIƒLƒƒƒxƒcv@ƒpƒpƒb‚ÆŠ®¬@•›Ø•‚¨•Ù“–‚Ì‚¨‚©‚¸‚É,https://news.yahoo.co.jp/articles/da123b4639c881138f2cec52d28ce574255f0837,2/15(–Ø) 12:00
raditopi,ƒ‰ƒWƒgƒs@ƒ‰ƒWƒIŠÖ¼ƒgƒsƒbƒNƒX,‰Í“¶‚ÌƒKƒWƒƒEg”­Œ©h‚©‚ç10ü”N‚Ì•ºŒÉE•Ÿè’¬@¤H‹Æ‚à·‚ñ‚Å–L‚©‚È©‘R‚à–£—Í`”öè‹g°’¬’·,https://news.yahoo.co.jp/articles/9273649d67953225ac3bfc4ba91bdd30cf216b8e,2/15(–Ø) 11:30
raditopi,ƒ‰ƒWƒgƒs@ƒ‰ƒWƒIŠÖ¼ƒgƒsƒbƒNƒX,u•sv‹c‚Ì‘‚ÌƒAƒŠƒXv‚ğƒCƒ[ƒW‚µ‚½g‚ä‚ß‚©‚íhƒXƒC[ƒc4•i@•ºŒÉŒ§¼‹{‚ÌƒJƒtƒF‚É“oêI,https://news.yahoo.co.jp/articles/bd6da07996df8803c1aa1ff290b076eeb7e4714b,2/15(–Ø) 7:15
raditopi,ƒ‰ƒWƒgƒs@ƒ‰ƒWƒIŠÖ¼ƒgƒsƒbƒNƒX,ƒŒƒR[ƒh”Õ‚ÌƒJƒ^ƒ`‚ª˜b‘è@g’®‚­ƒL[ƒzƒ‹ƒ_[h‚Á‚Ä‚È‚ÉH@V‚½‚È‰¹Šy‚ÌŠy‚µ‚İ•û‚ğŠJ”­Œ³‚É•·‚¢‚½,https://news.yahoo.co.jp/articles/47fc3fdd3cea60b388d2cd82ab6ea463088e9e08,2/15(–Ø) 7:00
raditopi,ƒ‰ƒWƒgƒs@ƒ‰ƒWƒIŠÖ¼ƒgƒsƒbƒNƒX,ƒ|ƒ“ƒ|ƒ“•t‚«ƒjƒbƒg–X@–¼‚Íu³‚¿‚á‚ñ–Xv@‘å³‘ã‚É‰ƒu[ƒ€@º˜a‚ÌÄl‹C‚Ì”wŒi‚ÉƒT[ƒtƒBƒ“!?,https://news.yahoo.co.jp/articles/a68b641056f8519da527aac3027268aa26270779,2/15(–Ø) 6:55
raditopi,ƒ‰ƒWƒgƒs@ƒ‰ƒWƒIŠÖ¼ƒgƒsƒbƒNƒX,_ŒË‚Ì¸_‰È•a‰@@—«€–S@u7“úŠÔ‚Ìg‘ÌS‘©A•K—v‚¾‚Á‚½‚Ì‚©vˆâ‘°‚ª‘¹ŠQ”…‹‚ß’ñ‘i@_ŒË’nÙ,https://news.yahoo.co.jp/articles/cce8573b90f2461a79c8a5853b5311c90b89a03e,2/15(–Ø) 5:00
raditopi,ƒ‰ƒWƒgƒs@ƒ‰ƒWƒIŠÖ¼ƒgƒsƒbƒNƒX,•P˜Hs‚ª2024”N“x“–‰—\ZˆÄ‚ğ”­•\@q‚Ç‚àˆã—Ã”ï‚ğŠ®‘S–³‰»Asà­‰üŠv‚ÅÎo3‰­1ç–œ‰~íŒ¸,https://news.yahoo.co.jp/articles/9fc41531b2ae85b70255df2e94a3945fff52b467,2/14(…) 20:00
raditopi,ƒ‰ƒWƒgƒs@ƒ‰ƒWƒIŠÖ¼ƒgƒsƒbƒNƒX,_ŒËs‚ª1’›9270‰­‰~‚Ì2024”N“x“–‰—\ZˆÄ‚ğ”­•\@O‹{Ä®”õAáÒ‚âqˆç‚Ä¢‘ã‚Ìd“_x‰‡‚à,https://news.yahoo.co.jp/articles/89cf72460874f62a81ae8c341cf1111bd856b944,2/14(…) 19:00
raditopi,ƒ‰ƒWƒgƒs@ƒ‰ƒWƒIŠÖ¼ƒgƒsƒbƒNƒX,yƒT[ƒeƒBƒƒ“‚Ì‚Ğ‚È‚Ü‚Â‚èz‚·‚İ‚ÁƒR‚®‚ç‚µ‚Ì‚Ğ‚È‚¾‚ñ“oêI@‚¨‚«‚ª‚¦ƒsƒbƒN‚ÅƒfƒRƒŒ[ƒVƒ‡ƒ“‚àI,https://news.yahoo.co.jp/articles/bd211c988dcc328a256119df180f63328885e96c,2/14(…) 17:30
raditopi,ƒ‰ƒWƒgƒs@ƒ‰ƒWƒIŠÖ¼ƒgƒsƒbƒNƒX,y‚È‚ºHz@Š¦‚¢‚Æ‚‚­A‹‚¢‚Æ’á‚­‚È‚éwºx@ê–å‰Æ‚É•·‚¢‚Ä‚İ‚½©“ä‚ğ‰ğ‚­Œ®‚Íg‹Ø“÷h‚É‚ ‚é!?,https://news.yahoo.co.jp/articles/97f81611bb8d64d71c5c287ff910380c6a1a1c3c,2/14(…) 17:00
raditopi,ƒ‰ƒWƒgƒs@ƒ‰ƒWƒIŠÖ¼ƒgƒsƒbƒNƒX,y’·–ìŒ§zˆê”Ê“I‚Èè’ ‚ğ—½‚®l‹C@5–œ•””„‚ê‚½uŒ§–¯è’ v‚Á‚ÄƒiƒjH@–£—Í‚Ì”é–§‚ğ“Œv‹¦‰ï‚É•·‚­,https://news.yahoo.co.jp/articles/843c37cfd85936d298422ed98e7bb7cf633be5cd,2/14(…) 13:00
raditopi,ƒ‰ƒWƒgƒs@ƒ‰ƒWƒIŠÖ¼ƒgƒsƒbƒNƒX,uƒRƒAƒ‰‚Ìƒ}[ƒ`v~uƒnƒCƒLƒ…[vwƒnƒCƒLƒ…[‚Ìƒ}[ƒ`xŒÀ’è2000ƒZƒbƒg@14“ú”­”„ŠJn,https://news.yahoo.co.jp/articles/90df29f213ce6f658063750b4fa2294e5c21fbfb,2/14(…) 11:00
raditopi,ƒ‰ƒWƒgƒs@ƒ‰ƒWƒIŠÖ¼ƒgƒsƒbƒNƒX,è‚ÉŒŠ‚ªIu‰iˆäGK ‚Æ‚Ñ‚¾‚·I‚Ó‚µ‚¬‚È‚RDƒA[ƒg‚Ì¢ŠEv•ó’Ës—§•¶‰»Œ|pƒZƒ“ƒ^[,https://news.yahoo.co.jp/articles/524e4e259c4d9a9b1d6c65537df4987a4919427a,2/14(…) 8:00
raditopi,ƒ‰ƒWƒgƒs@ƒ‰ƒWƒIŠÖ¼ƒgƒsƒbƒNƒX,140”N‘O‚Ì‘n‹Æ‚ÍgÈ‚Ö‚Ìˆ¤h  ƒoƒŒƒ“ƒ^ƒCƒ“•ƒzƒƒCƒgƒf[‚Éˆ¤‚ğ“`‚¦‚éƒLƒƒƒ“ƒy[ƒ“ “’J‡“VŠÙ,https://news.yahoo.co.jp/articles/a612aa8c4110c7f013389ab40e8576098c17c9e2,2/14(…) 5:00
raditopi,ƒ‰ƒWƒgƒs@ƒ‰ƒWƒIŠÖ¼ƒgƒsƒbƒNƒX,u•ºŒÉŒ§‚ÌŒ§’¹‚Í‰½Hv@‰‚ß‚Ä‚Ìu•ºŒÉŠwŒŸ’èv‚É220l‚ª’§í,https://news.yahoo.co.jp/articles/4cffd55ad6ffbff61e4bd34d60ab6cb56b3029b6,2/13(‰Î) 19:00
raditopi,ƒ‰ƒWƒgƒs@ƒ‰ƒWƒIŠÖ¼ƒgƒsƒbƒNƒX,‘åãEŠÖ¼–œ”@Œö®ƒ‰ƒCƒZƒ“ƒX¤•i‚ª‘±X“oêI@ƒyƒ“Œ^‚Ì‚Ó‚è‚©‚¯H@“~•¿ƒpƒbƒP[ƒW‚Ìƒ~ƒjƒ`ƒ‡ƒR‚à,https://news.yahoo.co.jp/articles/8f4ddc2e25922e14e37864985d4c54643d0faf22,2/13(‰Î) 18:30
raditopi,ƒ‰ƒWƒgƒs@ƒ‰ƒWƒIŠÖ¼ƒgƒsƒbƒNƒX,u‚¨‚Á‚Æ‚Á‚Æv‚ªuƒ³‚²‚Ü–ûv‚ÆƒRƒ‰ƒ{I@‚¨‚Â‚Ü‚İ‚É@13“ú‚©‚ç‘S‘‚ÌƒRƒ“ƒrƒjA‰w”„“X‚ÅŠúŠÔŒÀ’è,https://news.yahoo.co.jp/articles/c6b473348fd66f22f5fe0de72e55544e992e834f,2/13(‰Î) 17:30
raditopi,ƒ‰ƒWƒgƒs@ƒ‰ƒWƒIŠÖ¼ƒgƒsƒbƒNƒX,Šy‚µ‚İ‚È‚ª‚çŠÂ‹«•Û‘S‚ğŠw‚Ú‚¤I@17“úAƒR[ƒv‚±‚¤‚×‚ªƒŠƒTƒCƒNƒ‹ƒCƒxƒ“ƒg@uƒƒPƒgƒ“v‚à“oê,https://news.yahoo.co.jp/articles/76763eb24ee22bcb8a60a8e2fa3c03124c095869,2/13(‰Î) 12:30
raditopi,ƒ‰ƒWƒgƒs@ƒ‰ƒWƒIŠÖ¼ƒgƒsƒbƒNƒX,“Ş—Ç‚Å9Š„‚ÌƒVƒFƒA@‘å˜aŒSRY‚¢‚¿‚¶‚­@ƒƒCƒ“‚âƒ\[ƒX‚È‚Ç‰ÁH•i‚à@·‚ñ‚ÉÍ”|‚³‚ê‚½”wŒi‚Æ‚Í,https://news.yahoo.co.jp/articles/c2cc06f6e7e9bdb904b9f763ff13ed0d170e0dc4,2/13(‰Î) 12:00
raditopi,ƒ‰ƒWƒgƒs@ƒ‰ƒWƒIŠÖ¼ƒgƒsƒbƒNƒX,‚È‚Å‚µ‚±‚Ì–k’©‘NíŒã‚ÉÄŠJ@ƒTƒbƒJ[EWEƒŠ[ƒO@ŒÃ‘ƒ•œ’²‚ÉŠú‘Ò‚ÌOG@—q‘Iè‚É‘½‚¢‚¯‚ª‚ğ—J—¶,https://news.yahoo.co.jp/articles/9d4f6963bdb8a254642c615d248b66c77ea29082,2/13(‰Î) 11:00
raditopi,ƒ‰ƒWƒgƒs@ƒ‰ƒWƒIŠÖ¼ƒgƒsƒbƒNƒX,y‚¨D‚İÄ‚«zŒ´Œ^ì‚Á‚½‚Ì‚ÍˆÓŠO‚·‚¬‚éˆÌl‚¾‚Á‚½I@–¼‚¾‚½‚é•«’B‚É‰e‹¿‚ğ—^‚¦‚½g‚»‚Ìlh‚Æ‚ÍH,https://news.yahoo.co.jp/articles/d6b7d3e3a4d3526f90ce7f0f00eb6c5cf72d9919,2/13(‰Î) 7:00
raditopi,ƒ‰ƒWƒgƒs@ƒ‰ƒWƒIŠÖ¼ƒgƒsƒbƒNƒX,ƒCƒ“ƒtƒ‰‹ÆŠE‚ÌlŞ•s‘«–â‘è@‰Û‘è‚Æ’ñˆÄ@Œo‰cÒuÀî‚ÆƒCƒ[ƒW‚É·‚ ‚èB‰¿’l‚Ì‚‚¢d–‚Æ’m‚Á‚Äv,https://news.yahoo.co.jp/articles/f80eefd87951c24816e5f56147938722f4ae63ad,2/13(‰Î) 6:55
raditopi,ƒ‰ƒWƒgƒs@ƒ‰ƒWƒIŠÖ¼ƒgƒsƒbƒNƒX,u‚æ[‚¶‚âv‹“sˆÉ¨’O“X@13“úVƒtƒƒA‚ÉƒI[ƒvƒ“I@200ŒÂŒÀ’èEƒoƒbƒO•t‚«ƒPƒA—p•iƒZƒbƒg“oê,https://news.yahoo.co.jp/articles/58149c8307c4fd28d6dfebc8d2e90c55b61ad6ef,2/12(Œ) 19:00
raditopi,ƒ‰ƒWƒgƒs@ƒ‰ƒWƒIŠÖ¼ƒgƒsƒbƒNƒX,“¯“úƒI[ƒvƒ“I@y‰¼–Êƒ‰ƒCƒ_[•ƒNƒŒƒˆƒ“‚µ‚ñ‚¿‚á‚ñz‘åŠÛ”~“c“X‚ğƒWƒƒƒpƒ“ƒJƒ‹ƒ`ƒƒ[‚Å–„‚ßs‚­‚·,https://news.yahoo.co.jp/articles/93ea89ccbac11d1a2c1f4c69b1a1c59efb3e7331,2/12(Œ) 17:30
raditopi,ƒ‰ƒWƒgƒs@ƒ‰ƒWƒIŠÖ¼ƒgƒsƒbƒNƒX,y‰Á¼R“c‹Ñ ‚Ğ‚Æ•¨Œê2024z–¢—ˆ‚Ö‚Ìğ•Ä‚Ã‚­‚è@1‚Â‚Ì“c‚ñ‚Ú‚©‚ç1‚Â‚Ìğ‚ğ@—¢Rˆç‚ŞŠˆ“®‚à,https://news.yahoo.co.jp/articles/b96cbbad573b4487a3299f974b45bf3e8989bb70,2/12(Œ) 12:00
raditopi,ƒ‰ƒWƒgƒs@ƒ‰ƒWƒIŠÖ¼ƒgƒsƒbƒNƒX,ƒoƒŒƒ“ƒ^ƒCƒ“‚Å’–Ú“xUPuƒRƒXƒŒ^ƒ`ƒ‡ƒRv@g‚²–J”üŒnh‚Ål‹C@—«‚ÌS‚Â‚©‚ñ‚¾ƒtƒ‰ƒ“ƒX‚Ì—V‚ÑS,https://news.yahoo.co.jp/articles/9b616a5e141102d0e3bd90ff8ba94fac38596853,2/12(Œ) 11:00
raditopi,ƒ‰ƒWƒgƒs@ƒ‰ƒWƒIŠÖ¼ƒgƒsƒbƒNƒX,1–œl–ÚE100–œl–Ú‚È‚Çg‹L”O—ˆêÒhj‚¤{İ‚Í‚¢‚©‚Ù‚Ç‘¶İ‚·‚éH@•S‰İ“X‚â‹L”OŠÙ‚É•·‚¢‚Ä‚İ‚½,https://news.yahoo.co.jp/articles/3b16935ca193c789b9dc64d98b9adb021fd8aa68,2/12(Œ) 8:30
raditopi,ƒ‰ƒWƒgƒs@ƒ‰ƒWƒIŠÖ¼ƒgƒsƒbƒNƒX,_ŒË‚É‘åŒ^ƒXƒ|[ƒcƒGƒ“ƒ^ƒ{İ@3Œ1“úŠJ‹Æ@ƒoƒ‰ƒGƒeƒB”Ô‘g‚Ì‚æ‚¤‚ÈƒAƒNƒeƒBƒrƒeƒB‚ª22í“oêI,https://news.yahoo.co.jp/articles/71f45a6bfe4714871aa4efdaaccc4dcb6bd201d9,2/12(Œ) 7:00
raditopi,ƒ‰ƒWƒgƒs@ƒ‰ƒWƒIŠÖ¼ƒgƒsƒbƒNƒX,_ŒËE“ì‹’¬wtßÕx—E‘s‚È‚q•‘AŠˆ‹C‚Æ‚É‚¬‚í‚¢‰^‚Ô t‚Í‚à‚¤‚·‚®I_ŒË‚©‚ç”\“o‚ÖƒG[ƒ‹‚à,https://news.yahoo.co.jp/articles/11cabbe206d58dd70f601d7e75b23445d167289e,2/11(“ú) 16:30
raditopi,ƒ‰ƒWƒgƒs@ƒ‰ƒWƒIŠÖ¼ƒgƒsƒbƒNƒX,y‰Á¼R“c‹Ñ ‚Ğ‚Æ•¨Œê2024zŠCŠOƒRƒ“ƒN[ƒ‹‚Å˜A‘±óÜ‚Ìğ‘ @‰Á¼‚Å‚µ‚©ø‚¹‚È‚¢ƒ•Äğ‚ğ,https://news.yahoo.co.jp/articles/31d8127d76ff3eda7b9f060f72d06f3674961397,2/11(“ú) 12:00
raditopi,ƒ‰ƒWƒgƒs@ƒ‰ƒWƒIŠÖ¼ƒgƒsƒbƒNƒX,¸—ç‚ÈŒã”yA“{‚ê‚È‚¢”h‚ª‘½”@u“{‚Á‚Ä‚¢‚é‚Æ—Ü‚ªo‚»‚¤‚É‚È‚évu–é‚È–é‚Èô‚Á‚Ä‚¢‚év‚Æ‚¢‚¤l‚à,https://news.yahoo.co.jp/articles/baf0024f2c1d8c6d52d4044832c5c72b547e40c0,2/11(“ú) 12:00
raditopi,ƒ‰ƒWƒgƒs@ƒ‰ƒWƒIŠÖ¼ƒgƒsƒbƒNƒX,‹Šoá‚ª‚¢ƒPƒA‚Ìî•ñ’ñ‹Ÿ‚âg“­‚«•ûh‚ğ”­M@_ŒËƒAƒCƒZƒ“ƒ^[EƒrƒWƒ‡ƒ“ƒp[ƒNi•ºŒÉŒ§_ŒËsj,https://news.yahoo.co.jp/articles/79d0a68f097bb166ff719cc0d8fda1e6e73392c1,2/11(“ú) 9:00
raditopi,ƒ‰ƒWƒgƒs@ƒ‰ƒWƒIŠÖ¼ƒgƒsƒbƒNƒX,‹“suˆÉ“¡‹v‰E‰q–åvƒ~ƒjƒ`ƒ…ƒAƒtƒBƒMƒ…ƒA‘S8í@12“ú”­”„@ƒpƒtƒF‚È‚Ç–•’ƒƒXƒC[ƒc‚â“¹‹ï—Ş¸I‚É,https://news.yahoo.co.jp/articles/f8768bc0a1519c1a81930b7e83de06767a25e1dc,2/11(“ú) 7:00
raditopi,ƒ‰ƒWƒgƒs@ƒ‰ƒWƒIŠÖ¼ƒgƒsƒbƒNƒX,uƒZƒTƒ~ƒXƒgƒŠ[ƒg~ƒAƒƒŠƒJƒ“ƒzƒŠƒbƒNv‰ƒRƒ‰ƒ{I@ƒXƒEƒFƒbƒg‚È‚Ç‘S7í@ECƒTƒCƒg‚È‚Ç‚Å”­”„,https://news.yahoo.co.jp/articles/1eaf60006e023c501ea011c66377a42c864aa9b2,2/10(“y) 18:30
raditopi,ƒ‰ƒWƒgƒs@ƒ‰ƒWƒIŠÖ¼ƒgƒsƒbƒNƒX,y‰Á¼R“c‹Ñ ‚Ğ‚Æ•¨Œê2024zˆç‚Ä‚½•Ä‚Ìğ‚ªŠCŠO‚Å•\²u–º‚ªƒ~ƒXƒ†ƒjƒo[ƒX‚Å—DŸ‚µ‚½‹C•ªv,https://news.yahoo.co.jp/articles/5a7aaa9a8c3e33b5cfb9b3cf1be37fbd0fd57e18,2/10(“y) 12:00
raditopi,ƒ‰ƒWƒgƒs@ƒ‰ƒWƒIŠÖ¼ƒgƒsƒbƒNƒX,uƒ‰ƒNƒ_v‚ªwVIVANTx‚Å‚Ì–¼‰‰‚Å˜b‘èI@ƒRƒu‚Í_‚ç‚©‚¢?!@’†g‚Íu…v‚Å‚Í‚ ‚è‚Ü‚¹‚ñ,https://news.yahoo.co.jp/articles/75eb5f83e4b90e19b85b0cd9c2d3833d4638a064,2/10(“y) 10:30
raditopi,ƒ‰ƒWƒgƒs@ƒ‰ƒWƒIŠÖ¼ƒgƒsƒbƒNƒX,WHO‚à”F‚ß‚éw¨‚Â‚ÚŒ’N–@x‚ğ‰Æ’ë‚Å@˜’ÉEŒ¨‚±‚è‚È‚Ç‚ÉŒø‰Ê‚ªŠú‘Ò‚Å‚«‚é‚Â‚Ú‚ğê–å‰Æ‚ª‰ğà,https://news.yahoo.co.jp/articles/e05f60cacbcf29b4e625090b76f4655c17ea11fc,2/10(“y) 10:00
raditopi,ƒ‰ƒWƒgƒs@ƒ‰ƒWƒIŠÖ¼ƒgƒsƒbƒNƒX,ƒsƒ“ƒN‚Ìƒ|[ƒgƒ^ƒ[‚ğƒoƒbƒN‚ÉAƒn[ƒg‚ªIƒoƒŒƒ“ƒ^ƒCƒ“•ƒzƒƒCƒgƒf[ _ŒËEƒƒŠƒPƒ“ƒp[ƒN,https://news.yahoo.co.jp/articles/2564c33bb302c4adb7701f90a2403c2d0ffe6ced,2/10(“y) 5:30
raditopi,ƒ‰ƒWƒgƒs@ƒ‰ƒWƒIŠÖ¼ƒgƒsƒbƒNƒX,uƒ}ƒŠƒƒbƒRv‚ÌƒƒS‚ª‘S–Ê‚ÉI@ƒlƒCƒr[~ƒzƒƒCƒg‚ª‚¨‚µ‚á‚ê‚ÈVìƒAƒCƒeƒ€‘S6í@“ú–{ŒÀ’è‚Å”­”„,https://news.yahoo.co.jp/articles/82ae917ba7eb52bd335937fa1e0eef28ed1716f1,2/9(‹à) 19:00
raditopi,ƒ‰ƒWƒgƒs@ƒ‰ƒWƒIŠÖ¼ƒgƒsƒbƒNƒX,y•ºŒÉŒ§z©“]Ôƒwƒ‹ƒƒbƒgw“ü‰‰‡@3Œ’†{‚Ü‚Å\¿ó•t‰„’·@Å‘å4000‰~•ª‚ğƒ|ƒCƒ“ƒg‚Å‹‹•t,https://news.yahoo.co.jp/articles/2d2a0957dc644ca79f02b0c70c784b20da9796c7,2/9(‹à) 17:30
raditopi,ƒ‰ƒWƒgƒs@ƒ‰ƒWƒIŠÖ¼ƒgƒsƒbƒNƒX,–¾‘¾q‚Ì|–¡‚ªŒø‚¢‚Ä‚éI@ƒn[ƒgŒ`ƒRƒƒbƒP‚È‚ÇƒoƒŒƒ“ƒ^ƒCƒ“ŒÀ’è¤•i2í@_ŒËƒRƒƒbƒP‚©‚ç“oê,https://news.yahoo.co.jp/articles/7d670f57bb50f5ff85b41c90b9e4b1cd9fa48eaa,2/9(‹à) 17:30
raditopi,ƒ‰ƒWƒgƒs@ƒ‰ƒWƒIŠÖ¼ƒgƒsƒbƒNƒX,y‰Á¼R“c‹Ñ ‚Ğ‚Æ•¨Œê2024z70”N—]‚ÌŒoŒ±‚ª¦‚·‹t“]‚Ì”­‘z@û—Ê‚æ‚è‚àˆî‚É—D‚µ‚¢“c‚ñ‚Ú‚Ã‚­‚è,https://news.yahoo.co.jp/articles/adba9794b523067db4d11ad4eac406c3839488d3,2/9(‹à) 12:00
raditopi,ƒ‰ƒWƒgƒs@ƒ‰ƒWƒIŠÖ¼ƒgƒsƒbƒNƒX,“ú–{‚Ì^ìY‹Æ‚Ì‹’“_E_ŒËu“ú–{^ì‰ïŠÙvÕ’n‚ª¶‚Ü‚ê•Ï‚í‚éI’nã13ŠKE’n‰º1ŠK‚Ì•¡‡ƒrƒ‹‚É,https://news.yahoo.co.jp/articles/114961fd407fba198343e20b34f50b00c5a056e5,2/9(‹à) 11:50
raditopi,ƒ‰ƒWƒgƒs@ƒ‰ƒWƒIŠÖ¼ƒgƒsƒbƒNƒX,“ú–{’ƒ‚Ì–¡‚í‚¢uƒ‹ƒbƒNvuƒJƒ“ƒgƒŠ[ƒ}ƒAƒ€v‹GßŒÀ’è‚Å“oêI@Œµ‘I“ú–{’ƒ‚Ìƒ`ƒ‡ƒR‘S3í‚ğH‚×”ä‚×,https://news.yahoo.co.jp/articles/87d827a60d9e519e38dd0c0d36f764eb7e5cb0f7,2/9(‹à) 11:30
raditopi,ƒ‰ƒWƒgƒs@ƒ‰ƒWƒIŠÖ¼ƒgƒsƒbƒNƒX,´ğ”­Ë‚Ì‚Ü‚¿•ºŒÉEˆÉ’O‚Í]ŒË‘ã‚Ìğ‘ c‚éu•à‚¢‚ÄŠy‚µ‚¢‚Ü‚¿vVğ‚Ì‹Gß‚É‘ ‚Ü‚Â‚è`“¡Œ´s’·,https://news.yahoo.co.jp/articles/bb2d2cc535bb4c38e8b6e7b0629224ece4b48167,2/9(‹à) 6:30
raditopi,ƒ‰ƒWƒgƒs@ƒ‰ƒWƒIŠÖ¼ƒgƒsƒbƒNƒX,á‚¢¢‘ã‚Ìx‰‡‹­‰»@24”N“x—\ZˆÄ@áÒZ¢‘ã‰‰‡@§Šw‹à•ÔÏ•â•Šg[‚È‚Ç@Ö“¡•ºŒÉŒ§’m–,https://news.yahoo.co.jp/articles/9ae25ac30f9d6375def055212195ee059b5ffb07,2/9(‹à) 0:40
raditopi,ƒ‰ƒWƒgƒs@ƒ‰ƒWƒIŠÖ¼ƒgƒsƒbƒNƒX,Šˆ“®5ü”N‚Ìƒnƒ‰ƒ~‚¿‚á‚ñuAI‚³‚ñ‚Ìl•¿‚ÍƒsƒJƒCƒ`v@”X‚ÌƒA[ƒeƒBƒXƒg‚Æ‚ÌƒRƒ‰ƒ{‚ğU‚è•Ô‚é,https://news.yahoo.co.jp/articles/5cf777e204d87ee4d39060e6ce4012573ebbf3a0,2/8(–Ø) 18:00
raditopi,ƒ‰ƒWƒgƒs@ƒ‰ƒWƒIŠÖ¼ƒgƒsƒbƒNƒX,yV”­Œ©zG‹g‚Ì‰Ÿ‚µ‚Ì‹­‚³•¨Œê‚éè†Œ©‚Â‚©‚é@O–Ø‡í‚È‚Ç‚ÉŠÖ‚·‚é35’Ê@•ºŒÉŒ§—§—ğ”‚Å4ŒŒöŠJ,https://news.yahoo.co.jp/articles/176d360778b1aa4ac7e0a3fcb42f3f0256313a23,2/8(–Ø) 17:00
raditopi,ƒ‰ƒWƒgƒs@ƒ‰ƒWƒIŠÖ¼ƒgƒsƒbƒNƒX,•ºŒÉŒ§‚ª24”N“x“–‰—\ZˆÄ‚ğ”­•\@Ö“¡’m–uáÒEZ¢‘ã‰‰‡—\Zv,https://news.yahoo.co.jp/articles/e4f8cee583ae7a4fdb6b990d0b172080c3f9460f,2/8(–Ø) 16:00
raditopi,ƒ‰ƒWƒgƒs@ƒ‰ƒWƒIŠÖ¼ƒgƒsƒbƒNƒX,y‘¬•ñz•ºŒÉŒ§ƒRƒƒi’è“_‚ ‚½‚èT10.86lŠ´õ@11T˜A‘±‘@1Œ29“ú-2Œ4“ú,https://news.yahoo.co.jp/articles/cfaab106563a8d3c50694d25877d241b7f39e44e,2/8(–Ø) 15:20
raditopi,ƒ‰ƒWƒgƒs@ƒ‰ƒWƒIŠÖ¼ƒgƒsƒbƒNƒX,ƒXƒ^ƒow‰ÔŒ©‚¾‚ñ‚² ƒtƒ‰ƒyƒ`[ƒmx ‚È‚ÇSAKURAƒV[ƒYƒ“‘æ1’e@15“úƒXƒ^[ƒg@AR‘ÌŒ±‚à,https://news.yahoo.co.jp/articles/f0527966576fec960ab0102130d5504fefe23601,2/8(–Ø) 12:50
raditopi,ƒ‰ƒWƒgƒs@ƒ‰ƒWƒIŠÖ¼ƒgƒsƒbƒNƒX,r‚ê‚½’I“c‚ğ‚Ô‚Ç‚¤”¨‚ÉÄ¶@‘åã–k•”‰‚ÌƒƒCƒiƒŠ[ŠJİ‚Öx‰‡‚ğŒÄ‚Ñ‚©‚¯@‘åãE–L”\’¬,https://news.yahoo.co.jp/articles/84a5311ef6f1f0896bc9f2ab55492793db382d31,2/8(–Ø) 12:00
raditopi,ƒ‰ƒWƒgƒs@ƒ‰ƒWƒIŠÖ¼ƒgƒsƒbƒNƒX,•ºŒÉE“Œ”d–‚Æ–k”d–‚ÅuƒTƒCƒNƒŠƒ“ƒOƒtƒHƒgƒRƒ“ƒeƒXƒg•ƒXƒ^ƒ“ƒvƒ‰ƒŠ[v@Ü•i‚ ‚è@3Œ15“ú‚Ü‚Å,https://news.yahoo.co.jp/articles/f7ed84f2da5b7bddf7820d266202df41d66a6e92,2/8(–Ø) 11:30
raditopi,ƒ‰ƒWƒgƒs@ƒ‰ƒWƒIŠÖ¼ƒgƒsƒbƒNƒX,y•P˜Hszs’·‚ç‚ªŒê‚é–£—Í‚Æ“W–]@ƒXƒ|[ƒc‚Å’nˆæŠˆ«‰»@H•¶‰»‚â­q‰»‘Îô@–œ”ŠÖ˜A‚Ìæ‚è‘g‚İ‚à,https://news.yahoo.co.jp/articles/2f5fa7db4cb2ef65762fbbfe181c6df02c8afa76,2/8(–Ø) 10:00
raditopi,ƒ‰ƒWƒgƒs@ƒ‰ƒWƒIŠÖ¼ƒgƒsƒbƒNƒX,yƒ^ƒŠ[ƒYƒR[ƒq[~uƒgƒ€‚ÆƒWƒFƒŠ[vz÷‚Æ‚¢‚¿‚²‚ª‚éAƒhƒŠƒ“ƒN2íƒIƒŠƒWƒiƒ‹ƒJƒbƒv‚Å“oêI,https://news.yahoo.co.jp/articles/931d348aef63ebd43d1e089036d78db85a5ddfa5,2/8(–Ø) 7:00
raditopi,ƒ‰ƒWƒgƒs@ƒ‰ƒWƒIŠÖ¼ƒgƒsƒbƒNƒX,y_ŒËsz‚¨“¾‚Èƒ`ƒPƒbƒg‚ÅH‚×•à‚«I@uKOBE BALv@ƒpƒu‚âƒXƒC[ƒc‚à@2Œ12“ú‚Ü‚Å,https://news.yahoo.co.jp/articles/909c70500cd1d0e36ed4f6bd5181b73fa99b8245,2/8(–Ø) 7:00
raditopi,ƒ‰ƒWƒgƒs@ƒ‰ƒWƒIŠÖ¼ƒgƒsƒbƒNƒX,ôÜ‚Å–ìØ‚ğô‚¤!?@º˜a‘ã‚Ì“–‚½‚è‘Oc——R‚â“–‚Ìó‹µ‚É‚Â‚¢‚Ä•·‚¢‚Ä‚İ‚½,https://news.yahoo.co.jp/articles/b0b6ddf83acee2acdec336f833fa436d18320f9a,2/8(–Ø) 6:55
raditopi,ƒ‰ƒWƒgƒs@ƒ‰ƒWƒIŠÖ¼ƒgƒsƒbƒNƒX,y–kŠC“¹zß•ª‚Ìg“¤‚Ü‚«h‚Éu‘å“¤v‚Íg‚¢‚Ü‚¹‚ñI@©ˆê‘Ìƒiƒj‚ğ‚Ü‚¢‚Ä‚é‚ÌH@Œ¤‹†Ò‚É^‘Š‚ğ•·‚­,https://news.yahoo.co.jp/articles/f15b2a207ddda9f07ce4550713b91f82e492d301,2/8(–Ø) 6:55
raditopi,ƒ‰ƒWƒgƒs@ƒ‰ƒWƒIŠÖ¼ƒgƒsƒbƒNƒX,‘åãEŠÖ¼–œ”@‰„ŠúA’†~˜_‚É”——‰ï‹¦‰ïE\‘q‰ï’·u”\“o’nk”íĞ’n•œ‹»‚Éxá‚È‚µ@—\’è’Ê‚è‚Év,https://news.yahoo.co.jp/articles/0ce436ccbd50c9a63649dc9ceca83f5037e17d06,2/8(–Ø) 6:00
raditopi,ƒ‰ƒWƒgƒs@ƒ‰ƒWƒIŠÖ¼ƒgƒsƒbƒNƒX,¬Šw¶ŒZ’í€–S@•ºŒÉEˆî”ü’¬•ú‰ÎEl–Œ@”Œ•ƒA–]‚ñ‚¾€ŒY‹ŒY‚ÉuŒ¾‚¤‚±‚Æ‚Í‚ ‚è‚Ü‚¹‚ñv,https://news.yahoo.co.jp/articles/3714c0e87e888d2bcb76176d7dc41df2693f7078,2/8(–Ø) 5:30
raditopi,ƒ‰ƒWƒgƒs@ƒ‰ƒWƒIŠÖ¼ƒgƒsƒbƒNƒX,¼‘º–k“lEã”’Î–G‰¹ƒ_ƒuƒ‹å‰‰@u¶‚«‚Ã‚ç‚³v‚ğ•ø‚¦“úí‚ğ‘—‚é’j—‚É‰è¶‚¦‚½•sv‹c‚ÈŠÖŒW«‚Æ‚Í,https://news.yahoo.co.jp/articles/874ffb220f55fe43756ceeefb70ba5762cce04b3,2/7(…) 19:30
raditopi,ƒ‰ƒWƒgƒs@ƒ‰ƒWƒIŠÖ¼ƒgƒsƒbƒNƒX,_ŒËw¢ŠEƒpƒ‰—¤ãxŠJ–‹‚Ü‚Å100“ú@‘“c–¾”ü‚ª–£—Í‚Æ’–Ú‘Iè3l‚ğĞ‰îu‚½‚­‚³‚ñŠÏ‚É—ˆ‚ÄIv,https://news.yahoo.co.jp/articles/f8eaa929cbf27d6ef4f3a87da7c22c2feafa7482,2/7(…) 18:40
raditopi,ƒ‰ƒWƒgƒs@ƒ‰ƒWƒIŠÖ¼ƒgƒsƒbƒNƒX,ƒnƒ‰ƒ~‚¿‚á‚ñ@‘S‘47“s“¹•{Œ§ƒcƒA[‚ğ‰ñ‘z@ƒ^ƒPƒJƒƒ†ƒLƒqƒf‚Æ‰‹¤‰‰@—¼e‚âg‚¨•Ä‚³‚ñh‚ÉŠ´Ó‚à,https://news.yahoo.co.jp/articles/42c5fbcc4f7cdb1f9d8c39cf110ad7a2a8eccd1b,2/7(…) 18:00
raditopi,ƒ‰ƒWƒgƒs@ƒ‰ƒWƒIŠÖ¼ƒgƒsƒbƒNƒX,_ŒËs‚Ìê–å‘Š’k‘‹Œûu_ŒË‚Ğ‚«‚±‚à‚èx‰‡ºv@ğ”N“x‚Í3000Œ‘Î‰@u—¦’¼‚È”Y‚İ‚ğŠñ‚¹‚Äv,https://news.yahoo.co.jp/articles/99f6539ea8f33c07c03f1b03538381037e30db3d,2/7(…) 18:00
raditopi,ƒ‰ƒWƒgƒs@ƒ‰ƒWƒIŠÖ¼ƒgƒsƒbƒNƒX,‚È‚É‚±‚Ì“®•¨!?@Œ©Šo‚¦‚Ì‚È‚¢Œã‚ëp‚É‚Ñ‚Á‚­‚è@u‚à‚µ‚©‚µ‚ÄVíHv,https://news.yahoo.co.jp/articles/c15c032432b0b6a59e4f5080591d2dba466ef1df,2/7(…) 17:00
raditopi,ƒ‰ƒWƒgƒs@ƒ‰ƒWƒIŠÖ¼ƒgƒsƒbƒNƒX,12“ú‚Íi”n—É‘¾˜Y‚³‚ñ‚Ì–½“úuØ‚Ì‰ÔŠõv@‹L”OŠÙ‚Æü•Ó‚ÉØ‚Ì‰Ô•À‚Ô@3ŒAP—á‚Ì—Œê‰ï‚àŠJÃ,https://news.yahoo.co.jp/articles/cde4b33c23bf2394e08c1e8005633f8e4ac2f124,2/7(…) 16:00
raditopi,ƒ‰ƒWƒgƒs@ƒ‰ƒWƒIŠÖ¼ƒgƒsƒbƒNƒX,¬Šw¶ŒZ’í€–S •ºŒÉEˆî”ü’¬•ú‰ÎEl–Œ ŒŸ@‘¤A”Œ•ƒ‚É€ŒY‹ŒYuc‹sA—â“A”ñl“¹“IAˆ«¿v,https://news.yahoo.co.jp/articles/cc8eebd8976e74ac1dea72169bafc5a318770035,2/7(…) 14:25
raditopi,ƒ‰ƒWƒgƒs@ƒ‰ƒWƒIŠÖ¼ƒgƒsƒbƒNƒX,‘åãEŠÖ¼–œ” ‰^‰c”ï1.4”{‘A1160‰­‰~‚É uÔšo‚È‚¢‚æ‚¤vƒ`ƒFƒbƒN‰ï‹c‚ÅŒµŠi‚É,https://news.yahoo.co.jp/articles/3eb65d954c3dbf07b7c8367a5ba47b8a4f548655,2/7(…) 12:35
raditopi,ƒ‰ƒWƒgƒs@ƒ‰ƒWƒIŠÖ¼ƒgƒsƒbƒNƒX,yß–ñƒŒƒVƒsz‚²‚Í‚ñ‚ª‚·‚·‚ŞA–¡‚ª‚µ‚İ‚µ‚İ‚Ìu“Øƒoƒ‰‘åªv@”éŒ‚Í•Ä‚Ì‚Æ‚¬`‚Å‚Ì‰º‚ä‚Å‚É‚ ‚èI,https://news.yahoo.co.jp/articles/d6af500c2c436327c4bc5978637a890e08abc41f,2/7(…) 12:00
raditopi,ƒ‰ƒWƒgƒs@ƒ‰ƒWƒIŠÖ¼ƒgƒsƒbƒNƒX,u‰¼–Êƒ‰ƒCƒ_[ƒ[ƒƒmƒXvƒXƒj[ƒJ[“oêIw‰´‚Í‚©[‚È[‚èA‹­‚¢Ix‚Ì‰pŒê“ü‚è@’Š‘Ió•t13“ú‚Ü‚Å,https://news.yahoo.co.jp/articles/c6358d98ac4afa68f8a2069bf1ee7add8080dbf3,2/7(…) 11:30
raditopi,ƒ‰ƒWƒgƒs@ƒ‰ƒWƒIŠÖ¼ƒgƒsƒbƒNƒX,“Œ‹‚Å˜b‘è‚ÌƒsƒXƒ^ƒ`ƒIƒXƒC[ƒcê–å“X‚ª_ŒËã‹}‚ÉI@ƒUƒNƒUƒNHŠ´‚ÌƒNƒ‰ƒ“ƒ`ƒ`ƒ‡ƒR‚à@14“ú‚Ü‚Å,https://news.yahoo.co.jp/articles/e3289b4121f7a0ed7ac82da9e5d6c92bd6d01e1b,2/7(…) 7:00
raditopi,ƒ‰ƒWƒgƒs@ƒ‰ƒWƒIŠÖ¼ƒgƒsƒbƒNƒX,–¼Y•iECƒTƒCƒgw–¾Îƒƒ‹ƒJ[ƒgx@uWebƒOƒ‰ƒ“ƒvƒŠvƒAƒNƒZƒVƒrƒŠƒeƒBÜƒOƒ‰ƒ“ƒvƒŠ‚ğóÜ,https://news.yahoo.co.jp/articles/cb8d3db15934dbaaee18192c7f40bc4198c6e38d,2/7(…) 6:55
raditopi,ƒ‰ƒWƒgƒs@ƒ‰ƒWƒIŠÖ¼ƒgƒsƒbƒNƒX,2Œ‚¾‚©‚çIƒJƒm[ƒvƒX‚ğ’T‚µ‚Ä‚İ‚æ‚¤@2024”N2Œu¯‹óU•àv,https://news.yahoo.co.jp/articles/64566fa48a52df9bf2f202f528de632dfd6f75a3,2/7(…) 6:53
raditopi,ƒ‰ƒWƒgƒs@ƒ‰ƒWƒIŠÖ¼ƒgƒsƒbƒNƒX,uÅ‚‚ÌƒAƒƒŠƒJ‚ğv‘H”ï37‰­‰~IhŒ‚ÌÎhAoŒ»‚·‚é‚©cH‘åãEŠÖ¼–œ” ƒAƒƒŠƒJƒpƒrƒŠƒIƒ“,https://news.yahoo.co.jp/articles/250a8ba8755d50ab417044840b78b1746e4dda5f,2/7(…) 5:30
raditopi,ƒ‰ƒWƒgƒs@ƒ‰ƒWƒIŠÖ¼ƒgƒsƒbƒNƒX,J1_ŒËA‰—DŸ‚ÌŒ´“®—ÍEƒG[ƒXFW‘å”——E–ç‚ª2026”N‚Ü‚ÅŒ_–ñ‚ğ‰„’·I,https://news.yahoo.co.jp/articles/755dca9fa1cda34c0f4ff5a993a56a8695dc5fa2,2/6(‰Î) 20:00
raditopi,ƒ‰ƒWƒgƒs@ƒ‰ƒWƒIŠÖ¼ƒgƒsƒbƒNƒX,u_ŒË‚Ì‘—Í‚ğŒ‹W‚µ‚½vƒIƒyƒ‰A¢ŠE“I‘tÒ‚Ìo‰‰‚à@_ŒËs–¯•¶‰»U‹»à’c@2024”N“x‚ÌŒö‰‰”­•\,https://news.yahoo.co.jp/articles/22ad06e3d0c2fe51269b013b79531499206380e7,2/6(‰Î) 18:00
raditopi,ƒ‰ƒWƒgƒs@ƒ‰ƒWƒIŠÖ¼ƒgƒsƒbƒNƒX,ƒ}ƒlƒLƒ“‚Ì©ìƒ_ƒ~[ƒwƒbƒh‚Åû˜^@“úí‰¹‚ğ‚Ù‚Ú–ˆ“ú”zM@’–ÚW‚ß‚éw—§‘Ì‰¹‹¿ƒNƒŠƒGƒCƒ^[x‚Ì¢ŠE,https://news.yahoo.co.jp/articles/370b34fe9195d8bbe29aec9e71deb784374c4ba8,2/6(‰Î) 17:00
raditopi,ƒ‰ƒWƒgƒs@ƒ‰ƒWƒIŠÖ¼ƒgƒsƒbƒNƒX,yƒtƒFƒCƒ‰[zw‚¨‚µ‚á‚êƒLƒƒƒbƒgxƒ}ƒŠ[‚ª‚·‚Ü‚µŠç‚ÅƒpƒŠ‚ğU•à@ƒnƒ“ƒJƒ`‚È‚Ç12¤•i@7“ú”­”„,https://news.yahoo.co.jp/articles/eeadc8734b27f89218eff91ca2a139b1ce45dd99,2/6(‰Î) 11:30
raditopi,ƒ‰ƒWƒgƒs@ƒ‰ƒWƒIŠÖ¼ƒgƒsƒbƒNƒX,bq‰€100ü”N‹L”Oƒ€[ƒr[‚É‚àQ‰ÁI@‰‰‘t‚Å‹…™‚½‚¿‚É”M‚¢ƒG[ƒ‹‚ğ‘—‚és—§“òè‚Z‘tŠy•”,https://news.yahoo.co.jp/articles/22d41640549baa51aa5390363345b684592cde09,2/6(‰Î) 7:30
raditopi,ƒ‰ƒWƒgƒs@ƒ‰ƒWƒIŠÖ¼ƒgƒsƒbƒNƒX,2/11ŠJÃu¢ŠEˆâY•P˜Héƒ}ƒ‰ƒ\ƒ“2024v@•P˜H‚Ì–¼Š‹ŒÕ‚â–L‚©‚È©‘R‚Ì’†‚ğ‹ì‚¯‚Ê‚¯‚éI,https://news.yahoo.co.jp/articles/bb12d43a8ad8b1c549a923c017d1c35179961118,2/6(‰Î) 7:00
raditopi,ƒ‰ƒWƒgƒs@ƒ‰ƒWƒIŠÖ¼ƒgƒsƒbƒNƒX,ˆÓŠO‚Æ’m‚ç‚È‚¢u•\‚Æ— v@©•z‚âŠC‘Û‚É‚à‘¶İ@ƒeƒBƒbƒVƒ…‚Í‚¿‚å‚Á‚Æ“Á•Ê@Œ©•ª‚¯•û‹³‚¦‚Ü‚·,https://news.yahoo.co.jp/articles/6e2727a8888bd0da8b0759bdc073ab7af75eda52,2/6(‰Î) 7:00
raditopi,ƒ‰ƒWƒgƒs@ƒ‰ƒWƒIŠÖ¼ƒgƒsƒbƒNƒX,q‚Ç‚à‚Ì ‚ÌwŠ¨ˆá‚¢xƒGƒsƒ\[ƒh‘±X@u‹È‚Ìg‚³‚í‚èh‚ÍAgƒCƒ“ƒgƒh‚¶‚á‚È‚¢!?v,https://news.yahoo.co.jp/articles/117fcb80e6e9360277873967a9f60c21ebf34903,2/6(‰Î) 6:55
raditopi,ƒ‰ƒWƒgƒs@ƒ‰ƒWƒIŠÖ¼ƒgƒsƒbƒNƒX,‚«‚ê‚¢c‚Å‚à‚¿‚å‚Á‚Æ•sv‹c@Œ»À‚Æ‹•\‚Ì‚¤‚Â‚ë‚¢‚ğ•`‚­u‰²’O–õ‰À“Wv@s—§ˆÉ’Oƒ~ƒ…[ƒWƒAƒ€,https://news.yahoo.co.jp/articles/c8fc325bbc0ef121d197ec0d67689fbac3949064,2/6(‰Î) 6:55
raditopi,ƒ‰ƒWƒgƒs@ƒ‰ƒWƒIŠÖ¼ƒgƒsƒbƒNƒX,’Ê“VŠt‚É2024”N‰ÄAhŒƒ“I‹óŠÔuDive•Walkv“oêI  ’nã40‚‚©‚çƒ_ƒCƒuA‹ó’†U•à‚à,https://news.yahoo.co.jp/articles/957c6c039b059f43684c3965bfaa557ff7784b82,2/6(‰Î) 6:00
raditopi,ƒ‰ƒWƒgƒs@ƒ‰ƒWƒIŠÖ¼ƒgƒsƒbƒNƒX,ƒNƒX‚Á‚ÆÎ‚¦‚éw‘æ10‰ñŒ»êì–öxóÜì”­•\@‘åÜ‚Í‹ZpÒ‚ ‚é‚ ‚é@SNS‚ÉuƒŒƒxƒ‹‚‚¢v‚Ìº,https://news.yahoo.co.jp/articles/f701c2c1928299b58c80e7392611d1f3be01ce02,2/5(Œ) 17:30
raditopi,ƒ‰ƒWƒgƒs@ƒ‰ƒWƒIŠÖ¼ƒgƒsƒbƒNƒX,yƒŠ[ƒKƒƒCƒ„ƒ‹ƒzƒeƒ‹‘åãz uƒ‚ƒl ˜Aì‚ÌîŒivƒtƒFƒAŠJÃ@‚Ü‚é‚ÅŠG‰æ‚ÈƒXƒC[ƒc3•iƒZƒbƒg‚à,https://news.yahoo.co.jp/articles/1ed588986735a8215723e25d36cefad39df7635e,2/5(Œ) 17:30
raditopi,ƒ‰ƒWƒgƒs@ƒ‰ƒWƒIŠÖ¼ƒgƒsƒbƒNƒX,—L—¿‰»‚³‚ê‚Ä‚Í‚â3”N‚ÌgƒŒƒW‘Üh@’a¶‚Ì‚«‚Á‚©‚¯‚ÍuƒiƒVë‚èv‚Æuƒ~ƒjƒXƒJ[ƒgv‚Á‚Äƒzƒ“ƒgH,https://news.yahoo.co.jp/articles/4965eedd5cd0c40ad347973c1a6fec5188ab1df9,2/5(Œ) 12:30
raditopi,ƒ‰ƒWƒgƒs@ƒ‰ƒWƒIŠÖ¼ƒgƒsƒbƒNƒX,_ŒËE’j™ˆâŠü@ElE€‘ÌˆâŠü—e‹^‚Å‘ß•ß‚Ì‚«‚å‚¤‚¾‚¢4lA‚³‚ç‚É2‚©ŒŠÓ’è—¯’u‰„’·‚Ö@_ŒË’nŒŸ,https://news.yahoo.co.jp/articles/50a59ad4662bf98f81a86d96905429abdb484b59,2/5(Œ) 11:42
raditopi,ƒ‰ƒWƒgƒs@ƒ‰ƒWƒIŠÖ¼ƒgƒsƒbƒNƒX,y‘åãzuƒRƒŠƒ‰ƒbƒNƒ}•ƒ`ƒƒƒCƒƒCƒRƒOƒ}v‚ÌŠúŠÔŒÀ’èƒJƒtƒF@3’i‚ÌƒAƒtƒ^ƒk[ƒ“ƒeƒB[ƒZƒbƒg“oê,https://news.yahoo.co.jp/articles/e21d9fff6565d8be867bbc7a067966af1921c768,2/5(Œ) 11:30
raditopi,ƒ‰ƒWƒgƒs@ƒ‰ƒWƒIŠÖ¼ƒgƒsƒbƒNƒX,WEST.o‰‰ƒ‰ƒWƒI”Ô‘gw‚à‚¬‚½‚ÄŠÖƒWƒ…[ƒXx3Œ––‚Å‚Ì”Ô‘gI—¹‚ğ”­•\,https://news.yahoo.co.jp/articles/acf65c1c9c9d3590533ec17178b7a639088902b7,2/4(“ú) 23:00
raditopi,ƒ‰ƒWƒgƒs@ƒ‰ƒWƒIŠÖ¼ƒgƒsƒbƒNƒX,wƒhƒ‰ƒ}x‚ğŒ©‚é‚È‚çAˆê‹CŒ©orˆê˜b‚¸‚ÂH@uŠy‚µ‚İ‚ª‚¿‰z‚¹‚év©ˆê˜b‚¸‚Â”h,https://news.yahoo.co.jp/articles/d1712e476704dd930d6045ee2110ec87c6073ac5,2/4(“ú) 6:55
raditopi,ƒ‰ƒWƒgƒs@ƒ‰ƒWƒIŠÖ¼ƒgƒsƒbƒNƒX,u•Ÿ‚Í`“àIv•ó’ËE’†R›@P—áwß•ª‰ïx‚É7000l@‹‰õ‚ÈŠ|‚¯º‹¿‚«A•Ÿ“¤ö‚©‚é,https://news.yahoo.co.jp/articles/d1cf90708b37eda925aefac6082faf6f2d7c8c04,2/4(“ú) 5:45
raditopi,ƒ‰ƒWƒgƒs@ƒ‰ƒWƒIŠÖ¼ƒgƒsƒbƒNƒX,‚Õ‚è‚Á‚Õ‚è‚Ì‰²åy‚Æ{‚Ì–ìØ@_ŒË’†‰Ø‚Ì–¼“X‚Ì“~‹GŒÀ’èƒƒjƒ…[@–ˆ”N–K‚ê‚é’nŒ³‹q‚ª‚·‚·‚ß‚éH‚×•û‚à,https://news.yahoo.co.jp/articles/93250298f417d0fd3592b7068bd7561cc093aee0,2/3(“y) 18:00
raditopi,ƒ‰ƒWƒgƒs@ƒ‰ƒWƒIŠÖ¼ƒgƒsƒbƒNƒX,ŒÃŠóŒ}‚¦‚égƒuƒ‹[ƒXƒLƒ“ƒOh–Ø‘º[Šö‚ÌÊ^W”­•\‚Ö@Ê^‰Æ‚ªƒNƒ‰ƒtƒ@ƒ“‚Åx‰‡‚ğŒÄ‚Ñ‚©‚¯,https://news.yahoo.co.jp/articles/cfb2f5517433b699b57b305474cd5e1aa04c4bb0,2/3(“y) 9:00
raditopi,ƒ‰ƒWƒgƒs@ƒ‰ƒWƒIŠÖ¼ƒgƒsƒbƒNƒX,Ü–¡ŠúŒÀ‚ÆÁ”ïŠúŒÀ@©ˆá‚¢‚ğƒLƒ`ƒ“‚Æ•ª‚©‚Á‚Ä‚Ü‚·‚©H@ç‚Á‚ÄH‚×‚ê‚ÎŠÂ‹«”z—¶‚É‚àŒq‚ª‚é‚Á‚Ä–{“–H,https://news.yahoo.co.jp/articles/c55aef9e5024175b61c457e4e013555413b1a156,2/3(“y) 7:30
raditopi,ƒ‰ƒWƒgƒs@ƒ‰ƒWƒIŠÖ¼ƒgƒsƒbƒNƒX,_ŒË”­@SNS‚Å˜b‘è‚Ìƒh[ƒiƒc@g‰f‚¦h‘_‚¢ƒiƒV‚Åu–ˆ“ú‚Å‚àH‚×‚½‚¢Iv‚Æl‹CƒCƒ“ƒXƒ^ƒOƒ‰ƒ}[,https://news.yahoo.co.jp/articles/3f4131cb115c21a2374320ed41d6ae5933682acc,2/3(“y) 7:30
raditopi,ƒ‰ƒWƒgƒs@ƒ‰ƒWƒIŠÖ¼ƒgƒsƒbƒNƒX,’†‘A’|‚ğ—p‚¢‚½ƒ_ƒCƒiƒ~ƒbƒN‚Å—§‘Ì“I‚Èg’|‚Ì‘ŠÈh  ‘åãEŠÖ¼–œ”AÅ‘å‹K–Í‚ÌƒpƒrƒŠƒIƒ“’…H,https://news.yahoo.co.jp/articles/bc1dba60937cb876ee288df7374038f27e2b380c,2/3(“y) 7:00
raditopi,ƒ‰ƒWƒgƒs@ƒ‰ƒWƒIŠÖ¼ƒgƒsƒbƒNƒX,26Îˆãt©EAŠÔŠO200ŠÔ’´uˆãt‚ğ‰ß˜J€‚©‚ç‹~‚Á‚Äcvˆâ‘°A_ŒË‚Ì•a‰@‚Ö‘¹ŠQ”…‹‚ß’ñ‘i,https://news.yahoo.co.jp/articles/b3549fd0ef67b590c82ef74ad10fc4f88e9f58ee,2/3(“y) 6:00
raditopi,ƒ‰ƒWƒgƒs@ƒ‰ƒWƒIŠÖ¼ƒgƒsƒbƒNƒX,ƒvƒŠƒLƒ…ƒAVƒVƒŠ[ƒYu‚í‚ñ‚¾‚Ó‚é‚Õ‚è‚«‚ã‚ vƒXƒ^[ƒgI@‚Ó‚è‚©‚¯AƒJƒŒ[ƒpƒEƒ`‚È‚Ç5¤•i”­”„,https://news.yahoo.co.jp/articles/aea0e353cc26f5b75eddc629cb3b78a85ca5ffed,2/2(‹à) 18:00
raditopi,ƒ‰ƒWƒgƒs@ƒ‰ƒWƒIŠÖ¼ƒgƒsƒbƒNƒX,ß•ª‚ÌŠª‚«õi@1–œ5ç–{‚ğ100l‘Ì§‚Å@‘S‘‚Éƒtƒ@ƒ“‚Â•ºŒÉE‘½‰Â’¬‚Ìl‹C“X‚àì‹Æƒs[ƒN,https://news.yahoo.co.jp/articles/9bdf721c8d8ca6b2804fc265b0293ffe8a5eeac6,2/2(‹à) 17:00
raditopi,ƒ‰ƒWƒgƒs@ƒ‰ƒWƒIŠÖ¼ƒgƒsƒbƒNƒX,u‚É‚¶‚³‚ñ‚¶vƒvƒƒfƒ…[ƒXw‚É‚¶TxƒOƒbƒY“oêI@3“ú10”­”„@ƒAƒNƒXƒ^AƒJ[ƒh31í¨‚¼‚ë‚¢,https://news.yahoo.co.jp/articles/933947a4db15724a0d8aa3a49b99bd897264849c,2/2(‹à) 11:30
raditopi,ƒ‰ƒWƒgƒs@ƒ‰ƒWƒIŠÖ¼ƒgƒsƒbƒNƒX,SNS‚Åg‹tÊ^¼‹\h‚Æ˜b‘è@uŠÖ¼Å‘å‹‰‚Ìƒ~ƒ‹ƒtƒB[ƒ†v‚ª•ºŒÉE•P˜H‚É@Ì‚È‚ª‚ç‚Ì‹i’ƒ“X‚És—ñ,https://news.yahoo.co.jp/articles/0ccc5b0ef4a3c92731fa5e221410a1ca71fb1f6a,2/2(‹à) 6:55
raditopi,ƒ‰ƒWƒgƒs@ƒ‰ƒWƒIŠÖ¼ƒgƒsƒbƒNƒX,y‘¬•ñz•ºŒÉŒ§ƒRƒƒi’è“_‚ ‚½‚èT10.56lŠ´õ@10T˜A‘±‘@1Œ21“ú-28“ú,https://news.yahoo.co.jp/articles/ee1f5108a9a08d1cede5321b27e144798080aab0,2/1(–Ø) 18:05
raditopi,ƒ‰ƒWƒgƒs@ƒ‰ƒWƒIŠÖ¼ƒgƒsƒbƒNƒX,y‘åãzƒ|ƒ`ƒƒƒbƒR‚ÌƒJƒtƒFA2“úƒI[ƒvƒ“I@ƒoƒiƒi•—–¡‚ÌƒJƒŒ[@ƒ|ƒ`ƒƒƒbƒR‚ÌD•¨8í‚¨–ÚŒ©‚¦,https://news.yahoo.co.jp/articles/e5746c972610229d05408f1d652c59431e024e62,2/1(–Ø) 17:30
raditopi,ƒ‰ƒWƒgƒs@ƒ‰ƒWƒIŠÖ¼ƒgƒsƒbƒNƒX,•½‹Ï”N—î61Î‚Ì•ºŒÉ”­ƒAƒCƒhƒ‹u‚à‚à‚¢‚ëƒNƒ‚¨‚Î‚ Zv@–{‰Æu‚à‚àƒNƒv‚Æƒ‰ƒCƒu‚ÅƒRƒ‰ƒ{,https://news.yahoo.co.jp/articles/8b2fe84f4d6e3e428e259cdb90a2016a4c73c790,2/1(–Ø) 13:00
raditopi,ƒ‰ƒWƒgƒs@ƒ‰ƒWƒIŠÖ¼ƒgƒsƒbƒNƒX,”—ÊŒÀ’è ‚µ‚Ú‚è‚½‚Äw•¼”’­ ‰Ô‚Ğ‚ç‚­ ƒ•Ä¶ğ ‚à‚¿l’idxt‚Í‚à‚¤‚·‚®c 2Œ13“ú”­”„,https://news.yahoo.co.jp/articles/bf0ad396286211f757a2d42c96dc5ad34342ce6c,2/1(–Ø) 12:30
raditopi,ƒ‰ƒWƒgƒs@ƒ‰ƒWƒIŠÖ¼ƒgƒsƒbƒNƒX,yŠÈ’PƒŒƒVƒsz—â‘ ŒÉ‚Ì‚ ‚Ü‚è–ìØ‚ÅuŒº•Ä‚ÌÄ‚«”Ñv@‚Ó‚í‚Æ‚ë—‘‚Ì‚¹‚ÅŒº•Ä‚ª‹êè‚Èl‚É‚à,https://news.yahoo.co.jp/articles/e55588621dcaf3f0b7dc043e701e890768cdc75f,2/1(–Ø) 12:00
raditopi,ƒ‰ƒWƒgƒs@ƒ‰ƒWƒIŠÖ¼ƒgƒsƒbƒNƒX,Œ€’cl‹GwƒoƒPƒ‚ƒm‚ÌqxƒLƒƒƒXƒg‚ªW‡Ig•Ÿh‚ß‚Ä“¤‚Ü‚«uƒpƒ[”­M‚·‚é‚ÅIv ‘åãE’Ê“VŠt,https://news.yahoo.co.jp/articles/81f9ce301d2c6c180cedb4c0000d096e19d1389a,2/1(–Ø) 11:45
raditopi,ƒ‰ƒWƒgƒs@ƒ‰ƒWƒIŠÖ¼ƒgƒsƒbƒNƒX,”püÕE–kÛƒjƒ…[ƒ^ƒEƒ“E—ğj‚ ‚éŠX•À‚İ‚ğ’­‚ß‚È‚ª‚çcJR•ó’ËüwVO“cx`w“òèxæÔƒŠƒ|[ƒg,https://news.yahoo.co.jp/articles/0c16d202feb868c80ec8e7245c47065208d28baa,2/1(–Ø) 10:20
raditopi,ƒ‰ƒWƒgƒs@ƒ‰ƒWƒIŠÖ¼ƒgƒsƒbƒNƒX,•P˜HM—p‹àŒÉ@23”N12ŒŠúuŒi‹µƒŒƒ|[ƒgv@—ˆŠúDI‚Íˆ«‰»‚ÌŒ©’Ê‚µ‚àA’·Šú“I‚É‚Í‹Æ‹µ‰ü‘P‚Ì’›‚µ,https://news.yahoo.co.jp/articles/c220985c956a9c752b7fbafa3d6e521a25642b4f,2/1(–Ø) 10:00
raditopi,ƒ‰ƒWƒgƒs@ƒ‰ƒWƒIŠÖ¼ƒgƒsƒbƒNƒX,ŠØ‘ƒAƒCƒhƒ‹‚ªƒu[ƒ€‚Ì‰Î•t‚¯H@Z¢‘ã’–Ú‚ÌMBTIf’f@¡‚âAŠˆ‚ÉŒ‡‚©‚¹‚Êu©ŒÈ•ªÍƒc[ƒ‹v‚É,https://news.yahoo.co.jp/articles/5452ac8b1b982a7ea655a817fe4b1a4dd3975369,2/1(–Ø) 7:00
raditopi,ƒ‰ƒWƒgƒs@ƒ‰ƒWƒIŠÖ¼ƒgƒsƒbƒNƒX,’m‚Á‚Ä‚½H@ƒˆ[ƒOƒ‹ƒg‚É‚Â‚¢‚Ä‚«‚½g‚ ‚Ìh»“œ©³®–¼wƒtƒƒXƒgƒVƒ…ƒK[x@ˆÓŠO‚ÈŠˆ—p–@‚à,https://news.yahoo.co.jp/articles/9997b046b387d4e9555c91855d94a87727086f3f,2/1(–Ø) 6:55
raditopi,ƒ‰ƒWƒgƒs@ƒ‰ƒWƒIŠÖ¼ƒgƒsƒbƒNƒX,_ŒËE“ì‹’¬utßÕv2Œ10`12“úŠJÃ@G‹ZA‚q•‘AƒRƒ‰ƒ{¤•i”Ì”„A”\“o’nk”íĞ’n‚Ö•å‹à‚à,https://news.yahoo.co.jp/articles/adc899901d2a28ef00177b6e074b6ab3e80a19c5,2/1(–Ø) 6:00
raditopi,ƒ‰ƒWƒgƒs@ƒ‰ƒWƒIŠÖ¼ƒgƒsƒbƒNƒX,g7–{w‚ÌƒsƒAƒjƒXƒgh¼ìŒå•½@Šè‚¢‚ğŒ¾—t‚É‚·‚é‘åØ‚³Œê‚éu‚ ‚«‚ç‚ß‚½‚çƒAƒJƒ“v,https://news.yahoo.co.jp/articles/f4719b230c4d7de7124a2d47fbf91ae39d3ac26a,1/31(…) 19:30
raditopi,ƒ‰ƒWƒgƒs@ƒ‰ƒWƒIŠÖ¼ƒgƒsƒbƒNƒX,uƒRƒRƒX~ƒnƒCƒLƒ…[vƒRƒ‰ƒ{Šé‰æ2Œ1“úŠJnI@ŒÀ’èƒƒjƒ…[‘S6íE“Á“TƒNƒŠƒAƒtƒ@ƒCƒ‹“oê,https://news.yahoo.co.jp/articles/65105508d83d67a7c57ff89efed4d092e46877dc,1/31(…) 17:30
raditopi,ƒ‰ƒWƒgƒs@ƒ‰ƒWƒIŠÖ¼ƒgƒsƒbƒNƒX,y‚È‚ºHz‰w‚Ìƒz[ƒ€‚Åü˜H‚É”w‚ğŒü‚¯‚Äİ’u‚³‚ê‚½ƒxƒ“ƒ`@u90“x‚È‚ç’m‚Á‚Ä‚é‚¯‚Çccv,https://news.yahoo.co.jp/articles/0202808b4127b140c772ffddc644861e01b91a49,1/31(…) 17:00
raditopi,ƒ‰ƒWƒgƒs@ƒ‰ƒWƒIŠÖ¼ƒgƒsƒbƒNƒX,‚Î‚ñ‚Î‚Ğ‚ë‚Ó‚İ@©g’S“–ƒ‰ƒWƒII—¹‚ğ”­•\@kĞ‚©‚ç29”NŠÔA_ŒË‚ğÆ‚ç‚µ‘±‚¯‚½g‘’©‚Ì[–é”Ô‘gh,https://news.yahoo.co.jp/articles/6d2d7a308ada3a6f02bb78369fff56f06987ad3f,1/31(…) 13:00
raditopi,ƒ‰ƒWƒgƒs@ƒ‰ƒWƒIŠÖ¼ƒgƒsƒbƒNƒX,y•ºŒÉEÔ•äz’z140”N‚ÌŒÃ–¯‰ÆƒJƒtƒF@“Xå‚ğ–£—¹‚µ‚½g—ğj‚ÌŒê‚è•”h@lX‚ªŒe‚¤‚â‚·‚ç‚¬‚Ìê‚É,https://news.yahoo.co.jp/articles/d39eb0f93489d2001822a930804b04d0ed0ebf5e,1/31(…) 12:00
raditopi,ƒ‰ƒWƒgƒs@ƒ‰ƒWƒIŠÖ¼ƒgƒsƒbƒNƒX,–İ‚Â‚«‹Ö~‚Á‚Äƒzƒ“ƒg!?@˜a‰ÌRŒ§‚É‘¶İ‚·‚ég–İ‚Â‚©‚Ê—¢h‚Ì“`à‚Æ‚Í@’nŒ³‚Ìl‚É•·‚¢‚Ä‚İ‚½,https://news.yahoo.co.jp/articles/b11d214a75e1cdc792b9ebc800afba3146035509,1/31(…) 10:00
raditopi,ƒ‰ƒWƒgƒs@ƒ‰ƒWƒIŠÖ¼ƒgƒsƒbƒNƒX,y•ºŒÉEO“czÔ‚¢‚·‚Ìl‚à‘ÌŒ±‚Å‚«‚é‚¢‚¿‚²ë‚è@u‚¢‚¿‚²ë‚è‚ğ’Ê‚µ‚ÄS–L‚©‚É‚È‚Á‚Äv,https://news.yahoo.co.jp/articles/eb7880f4b0eb08dd8d33a99654fc8fae7119adaa,1/31(…) 6:55
raditopi,ƒ‰ƒWƒgƒs@ƒ‰ƒWƒIŠÖ¼ƒgƒsƒbƒNƒX,uƒRƒ“ƒr‚ğì‚é‚Æ‚«‚ÉAƒcƒbƒRƒ~“¯m‚Å‚Â‚­‚é‚±‚Æ‚à‚ ‚é‚ÌHváèŒ|l‚É‘f–p‚È‹^–â‚ğ•·‚¢‚Ä‚İ‚½,https://news.yahoo.co.jp/articles/2add22a7d8c3b39875a163697fca7a96d30a4c4d,1/30(‰Î) 19:00
raditopi,ƒ‰ƒWƒgƒs@ƒ‰ƒWƒIŠÖ¼ƒgƒsƒbƒNƒX,‚¢‚Ü‚Ç‚«u‚Ç‚¤‚â‚Á‚Äƒlƒ^‚ğì‚Á‚Ä‚¢‚é‚ÌHv@áèŒ|l‚É‘f–p‚È‹^–â‚ğ•·‚¢‚Ä‚İ‚½,https://news.yahoo.co.jp/articles/de6042e118fa604155c0267420e2c6605db6c603,1/30(‰Î) 18:05
raditopi,ƒ‰ƒWƒgƒs@ƒ‰ƒWƒIŠÖ¼ƒgƒsƒbƒNƒX,c@”t—DŸ‚ÌINAC_ŒË@“y’dê‚Å‚ÌPK“¯“_’e‚Ì— ‘¤•ƒƒbƒJ[ƒ‹[ƒ€”é˜b‚ğĞ’·‚ª–¾‚©‚·,https://news.yahoo.co.jp/articles/4329e8b02778add64fc1e46ed19b0ded8a5dd012,1/30(‰Î) 18:00
raditopi,ƒ‰ƒWƒgƒs@ƒ‰ƒWƒIŠÖ¼ƒgƒsƒbƒNƒX,USJ@ŠúŠÔŒÀ’èu‹S–Å‚ÌnvVRƒWƒFƒbƒgƒR[ƒXƒ^[‰^s@2Œ1“ú‚©‚ç@—ù–ƒt[ƒhEƒXƒC[ƒc‚à,https://news.yahoo.co.jp/articles/81b0abf3c8f3491057901231056c19cc6b209fde,1/30(‰Î) 18:00
raditopi,ƒ‰ƒWƒgƒs@ƒ‰ƒWƒIŠÖ¼ƒgƒsƒbƒNƒX,‰¹ŠyƒNƒŠƒGƒCƒ^[‚Æ˜b‚·A”ƒ‚¤A„‚·c@4”N‚Ô‚è‚ÉŠJÃ@‘åã‚Ìw‰¹Œnx“¯l‘¦”„‰ï‚És‚Á‚Ä‚«‚½I,https://news.yahoo.co.jp/articles/f7f52601768527b8ed5270f27884d2aef2453355,1/30(‰Î) 17:00
raditopi,ƒ‰ƒWƒgƒs@ƒ‰ƒWƒIŠÖ¼ƒgƒsƒbƒNƒX,‹à‹›‚ğ‘åØ‚Éˆç‚Ä‚éƒ|ƒCƒ“ƒg‚ÍHw‹à‹›‚Ì‚Ü‚¿x“Ş—ÇE‘å˜aŒSR‚Ì‹à‹›Œnƒ†[ƒ`ƒ…[ƒo[‚É•·‚¢‚Ä‚İ‚½,https://news.yahoo.co.jp/articles/e86af27a876f67f2a3767e10ea7709ecaf3b2439,1/30(‰Î) 16:45
raditopi,ƒ‰ƒWƒgƒs@ƒ‰ƒWƒIŠÖ¼ƒgƒsƒbƒNƒX,wƒgƒCƒŒ‚ÌƒhƒAx@‰ß”¼”‚ªu1l‚Ì‚Æ‚«‚ÍŠJ‚¯‚½‚Ü‚Üv@u“d‹C‚à‚Â‚¯‚È‚¢v‚Æ‚¢‚¤‹­Ò‚à,https://news.yahoo.co.jp/articles/c9f075bd467b108e917494f7c5f82ba4be24e056,1/30(‰Î) 12:00
raditopi,ƒ‰ƒWƒgƒs@ƒ‰ƒWƒIŠÖ¼ƒgƒsƒbƒNƒX,‘åã‰I@ƒ_ƒCƒ\[‚È‚Ç3ƒuƒ‰ƒ“ƒh•¡‡“XƒI[ƒvƒ“@Standard Products‚Í100“X•Ü–Ú,https://news.yahoo.co.jp/articles/778b02ad683c9105ef3c4e7ef54b6908856a1257,1/30(‰Î) 11:30
raditopi,ƒ‰ƒWƒgƒs@ƒ‰ƒWƒIŠÖ¼ƒgƒsƒbƒNƒX,uƒXƒvƒŠƒ“ƒO8v«”\ƒAƒbƒv‚Ö@‹P“x100”{A2029”N“x‚Ì‰Ò“®–Úw‚·@•ºŒÉE²—p’¬,https://news.yahoo.co.jp/articles/90f251eece99ee16cc11844859a06805a1f80bab,1/30(‰Î) 8:00
raditopi,ƒ‰ƒWƒgƒs@ƒ‰ƒWƒIŠÖ¼ƒgƒsƒbƒNƒX,‘åãEŠÖ¼–œ”@ˆê”ÊQ‰ÁÃ–ƒGƒ“ƒgƒŠ[500Œ’´Aˆ¤’m–œ”‚Ì2”{‚Éu‚±‚ÌŠúŠÔ‚É‚â‚è‹‚°‚½‚¢v,https://news.yahoo.co.jp/articles/7c29e05b97224272cba0e56739191e23df2f925f,1/30(‰Î) 7:30
raditopi,ƒ‰ƒWƒgƒs@ƒ‰ƒWƒIŠÖ¼ƒgƒsƒbƒNƒX,3–{ü‚É‚ÍˆÓ–¡‚ª‚ ‚é!?u‰·òƒ}[ƒNv‚Ìƒqƒ~ƒc@‹NŒ¹‚ÍA‘’Ã‚¶‚á‚È‚¢ŒQ”nŒ§‚Ì‰·ò’n‚Æ‚Ìà‚ª—L—Í,https://news.yahoo.co.jp/articles/48135a089e951cd3bd991652001bd2e6f76adcd5,1/30(‰Î) 7:00
raditopi,ƒ‰ƒWƒgƒs@ƒ‰ƒWƒIŠÖ¼ƒgƒsƒbƒNƒX,_ŒËs‚ª‰Æ’ëŒü‚¯ÈƒGƒlŠé‰æ@¬‰Ê‚É’Š‘I‚ÅÜ•i‚à@u¶Šˆ‚Å”ro‚³‚ê‚é‰·ºŒø‰ÊƒKƒX‚Ì—Ê‚ğ’m‚Á‚Äv,https://news.yahoo.co.jp/articles/74bbcca2ed44e036e0dae1442ad61ca562218b31,1/30(‰Î) 6:55
raditopi,ƒ‰ƒWƒgƒs@ƒ‰ƒWƒIŠÖ¼ƒgƒsƒbƒNƒX,w‚¨ğ‚ÆƒƒfƒBƒAx”ül‰æA’ñ“”AŠÅ”Â‚àc‰œ[‚¢“ú–{ğL‚Ì—ğj‚ª‚±‚±‚É@”’­‹L”Oğ‘¢”•¨ŠÙ,https://news.yahoo.co.jp/articles/92e8c680f9161a8073ec5ee3043f3310f411a275,1/30(‰Î) 6:00
raditopi,ƒ‰ƒWƒgƒs@ƒ‰ƒWƒIŠÖ¼ƒgƒsƒbƒNƒX,u”\“o’nkA•œ‹»‚Ì–W‚°‚É‚È‚ç‚Ê‚æ‚¤v‘åãEŠÖ¼–œ”Ã–ŒŸ“¢‰ï‹cA‰„ŠúE’†~‹‚ß‚éº‚É,https://news.yahoo.co.jp/articles/cb7701a22f86d6e77645e026fbd2a2eece937ae5,1/30(‰Î) 5:30
raditopi,ƒ‰ƒWƒgƒs@ƒ‰ƒWƒIŠÖ¼ƒgƒsƒbƒNƒX,gˆç‚Ä‚Ìeh‘åè—mA‘åãEŠÖ¼–œ”ƒAƒ“ƒoƒTƒ_[E¼–{lu‚³‚ñŠˆ“®‹x~‚Éu‰“‚­‚©‚çŠñ‚è“Y‚¤cv,https://news.yahoo.co.jp/articles/cfc2d6cca376acae65302605ba84c7b9736b043f,1/30(‰Î) 5:00
raditopi,ƒ‰ƒWƒgƒs@ƒ‰ƒWƒIŠÖ¼ƒgƒsƒbƒNƒX,g‚ ‚È‚®‚èh‚Å‚Í‚È‚­u‚µ‚»‚¤v‚Å‚·I•ºŒÉE³ˆ¾‚ÌX‚Í–ü‚µ‚ÌŒø‰Ê@X—ÑƒZƒ‰ƒs[‚Å‚à’–Ú`•ŸŒ³s’·,https://news.yahoo.co.jp/articles/6e69cf49fafde5b9b348f260008edc7c6558bc5c,1/29(Œ) 17:00
raditopi,ƒ‰ƒWƒgƒs@ƒ‰ƒWƒIŠÖ¼ƒgƒsƒbƒNƒX,‚±‚±‚Å–k‘O‘D‚ª…—g‚°‚µ‚Ä‚¢‚½Iu•ºŒÉ’Ãv‚É•W’Œİ’u@’nŒ³‚Ì”MˆÓ‚ÅÀŒ»@uƒVƒ“ƒ{ƒ‹‚Å‚«‚Ä‚¤‚ê‚µ‚¢v,https://news.yahoo.co.jp/articles/c789be3d16740c1713bc2f9f837f2a3f28614057,1/29(Œ) 16:00
raditopi,ƒ‰ƒWƒgƒs@ƒ‰ƒWƒIŠÖ¼ƒgƒsƒbƒNƒX,—ˆ‚½‚êI‘åãEŠÖ¼–œ”‚ÌgŠçh  2–œl‚Ìƒ{ƒ‰ƒ“ƒeƒBƒA•åWƒXƒ^[ƒg 4Œ30“ú‚Ü‚Å,https://news.yahoo.co.jp/articles/855075dd0673cbdef84efa3c86f7195d7494353c,1/29(Œ) 14:50
raditopi,ƒ‰ƒWƒgƒs@ƒ‰ƒWƒIŠÖ¼ƒgƒsƒbƒNƒX,w_ŒËƒ‹ƒ~ƒiƒŠƒGx—ˆêÒ229–œ8000l ã_E’W˜H‘åkĞ30”N‚Ìß–Ú‚ÉŒü‚¯V‚½‚È–Íõ‚Ö,https://news.yahoo.co.jp/articles/4e080df11e3f14fa2247a813e2c00598b4ac3415,1/29(Œ) 14:40
raditopi,ƒ‰ƒWƒgƒs@ƒ‰ƒWƒIŠÖ¼ƒgƒsƒbƒNƒX,w’è–ìØ‚É’Ç‰Á‚³‚ê‚½ƒuƒƒbƒRƒŠ[@gŒ{‚Ş‚Ë“÷h‚Æ‚Ì‘g‚İ‡‚í‚¹‚ªƒƒWƒƒ[‚È‚Ì‚Íƒiƒ[H@‰h—{m‚É•·‚­,https://news.yahoo.co.jp/articles/ef44e042480384358391dade6c0662a120b77616,1/29(Œ) 6:55
raditopi,ƒ‰ƒWƒgƒs@ƒ‰ƒWƒIŠÖ¼ƒgƒsƒbƒNƒX,uƒ^ƒCƒ„‹K§‚ÅR‰A‚©‚ç‹A‚ê‚¸vuŒ³’Uƒzƒeƒ‹‚©‚ç‹‚Á‚½”Ş—vcV”N‘X‹N‚±‚Á‚½hƒgƒzƒzhƒGƒsƒ\[ƒh,https://news.yahoo.co.jp/articles/c269e2556c79f7891637c22958a091198ca5904a,1/29(Œ) 6:55
raditopi,ƒ‰ƒWƒgƒs@ƒ‰ƒWƒIŠÖ¼ƒgƒsƒbƒNƒX,ÅVƒfƒUƒCƒ“ƒgƒŒƒ“ƒhwƒVƒmƒƒYƒŠx@ŠCŠOƒZƒŒƒu‚à’–Ú‚Å—¬sŠg‘å@ƒCƒ“ƒeƒŠƒA‚Ìƒvƒ‚ª–£—Í‚ğ‰ğà,https://news.yahoo.co.jp/articles/afc1a604d7c895517d4e2659e04972cb7d2d37f5,1/29(Œ) 6:55
raditopi,ƒ‰ƒWƒgƒs@ƒ‰ƒWƒIŠÖ¼ƒgƒsƒbƒNƒX,ƒRƒXƒvƒŒƒCƒxƒ“ƒgu•PCON2024v•ºŒÉE•P˜H‚Å3ŒŠJÃ@–¼ŠŠe’n‚ª•‘‘ä@¢ŠE‘å‰ï‘ã•\‘Il‰ï‚à,https://news.yahoo.co.jp/articles/6d21192c2fcce4137569b08b847619c32a86a014,1/28(“ú) 17:30
raditopi,ƒ‰ƒWƒgƒs@ƒ‰ƒWƒIŠÖ¼ƒgƒsƒbƒNƒX,yˆ»‘é~uSPY~FAMILYvzƒLƒƒƒ“ƒy[ƒ“ŠJÃI@ƒIƒŠƒWƒiƒ‹ƒ|[ƒ`‚âLINEƒXƒ^ƒ“ƒv‚È‚Ç“oê,https://news.yahoo.co.jp/articles/c49c5329792dc6eeb26c1bf43732d1b564ea938f,1/28(“ú) 7:30
raditopi,ƒ‰ƒWƒgƒs@ƒ‰ƒWƒIŠÖ¼ƒgƒsƒbƒNƒX,g‘YƒLƒƒƒrƒAh‚ğèŒy‚ÉI@HŠ´E|‚İEŠÃ‚¶‚å‚Á‚Ï‚³‚ªaV‚ÈuƒLƒƒƒrƒAƒAƒCƒXv‚Æ‚Í@‰ªRŒ§EVŒ©,https://news.yahoo.co.jp/articles/3e41a26cc8c8e385a3f7f2e19a50e5067687416b,1/28(“ú) 7:00
raditopi,ƒ‰ƒWƒgƒs@ƒ‰ƒWƒIŠÖ¼ƒgƒsƒbƒNƒX,‹C‚É‚È‚éI@ƒGƒXƒJƒŒ[ƒ^[‚Ìè‚·‚è‚ªƒXƒeƒbƒv‚æ‚è‚à‘¬‚¢ƒƒP@‹ÆŠE’c‘Ìu“¯ˆê‘¬“x‚É‚Í‚Å‚«‚È‚¢v,https://news.yahoo.co.jp/articles/062b27232b7485088e7e33dbb325d790389e8d3c,1/27(“y) 10:30
raditopi,ƒ‰ƒWƒgƒs@ƒ‰ƒWƒIŠÖ¼ƒgƒsƒbƒNƒX,yDEAN & DELUCAzß•ªŒb•ûŠª3í@2Œ3“ú”­”„I@6í‚ÌŠC‘N“ü‚èƒ[ƒXƒgƒr[ƒt“ü‚è‚à,https://news.yahoo.co.jp/articles/3315937cdc78b0f38242db3818bb2d2520d7c722,1/27(“y) 7:30
raditopi,ƒ‰ƒWƒgƒs@ƒ‰ƒWƒIŠÖ¼ƒgƒsƒbƒNƒX,ã_E’W˜H‘åkĞ‚©‚çĞŠQ‘Î‰—Í‚ğ—{‚¤@_ŒËs‚ÅBOUSAI‘ÌŒ±ƒcƒA[À{@2E3Œ‚ÌŠe17“ú,https://news.yahoo.co.jp/articles/e19d4c255990b87c4b6b848bee15f9ca712cb1e7,1/27(“y) 7:00
raditopi,ƒ‰ƒWƒgƒs@ƒ‰ƒWƒIŠÖ¼ƒgƒsƒbƒNƒX,4Œ26“úƒŠƒjƒ…[ƒAƒ‹ƒI[ƒvƒ“I@_ŒËƒ|[ƒgƒ^ƒ[@‰®ŠOƒGƒŠƒAVİA_ŒËs–¯ŒÀ’è‚Ì’a¶“úŠ„ˆø‚à,https://news.yahoo.co.jp/articles/5cb0231e37f61cac855860cecdcbcb44ea27b8d8,1/26(‹à) 18:00
raditopi,ƒ‰ƒWƒgƒs@ƒ‰ƒWƒIŠÖ¼ƒgƒsƒbƒNƒX,“Ş—Çu‘æ21‰ñ ‘å˜aŒSR –~”~“Wv@2Œ3“ú‚©‚çŒSRéÕ‚ÅŠJÃ@‘S‘‚Å‚à’¿‚µ‚¢‚â‚®‚ç“à‚Å‚Ì“W¦‚à,https://news.yahoo.co.jp/articles/e8777e42f828dda46af9f57a8b16e14756eff02b,1/26(‹à) 17:30
raditopi,ƒ‰ƒWƒgƒs@ƒ‰ƒWƒIŠÖ¼ƒgƒsƒbƒNƒX,hDOKI DOKI iƒhƒLƒhƒLjh‚Æ‚«‚ß‚«‚ÆŒÛ“® ‘åãEŠÖ¼–œ” ƒ‹ƒNƒZƒ“ƒuƒ‹ƒNEƒpƒrƒŠƒIƒ“,https://news.yahoo.co.jp/articles/1f716d5001b9e056dd42e3fff4b5b9f34b1ed8e9,1/26(‹à) 17:20
raditopi,ƒ‰ƒWƒgƒs@ƒ‰ƒWƒIŠÖ¼ƒgƒsƒbƒNƒX,yƒwƒ‹ƒV[ƒŒƒVƒsz‚¨‚©‚ç‚ÌƒXƒC[ƒcu‚¨‚©‚çƒ`ƒ‡ƒRƒNƒbƒL[v@‚Æ‚ë`‚èƒ`ƒ‡ƒR“ü‚è‚ÅƒoƒŒƒ“ƒ^ƒCƒ“‚É‚à,https://news.yahoo.co.jp/articles/246bf62acb98054b7d850eb624e9fa59184e4f38,1/26(‹à) 12:00
raditopi,ƒ‰ƒWƒgƒs@ƒ‰ƒWƒIŠÖ¼ƒgƒsƒbƒNƒX,uiŒ‚‚Ì‹lvƒIƒ“ƒ‰ƒCƒ“‚­‚¶”­”„I@26“ú‚©‚ç@ƒuƒ‰ƒ“ƒPƒbƒgATƒVƒƒƒc‚È‚Ç•`‚«‚¨‚ë‚µƒOƒbƒY“oê,https://news.yahoo.co.jp/articles/91027ecdd8cb8598052565ea6410fb9c126bc0c1,1/26(‹à) 11:30
raditopi,ƒ‰ƒWƒgƒs@ƒ‰ƒWƒIŠÖ¼ƒgƒsƒbƒNƒX,u‚¨ƒn[ƒu‚Å‚·‚ív©ˆÓ–¡‚í‚©‚éH@—¬sŒê‚Éƒ‰ƒ“ƒNƒCƒ“@¡ƒhƒL‚Ìg‚¨ì—l‚±‚Æ‚Îh‚Á‚ÄƒiƒjH,https://news.yahoo.co.jp/articles/2719f3962e15e764cb9e51850de095e2ef62dc6b,1/26(‹à) 7:00
raditopi,ƒ‰ƒWƒgƒs@ƒ‰ƒWƒIŠÖ¼ƒgƒsƒbƒNƒX,‚‹´•¶Æ‚Æ–x“c^—R‚Ì‹¤‰‰ƒV[ƒ“‚É’|“à—Á^‚àv‚í‚¸‹¹ƒLƒ…ƒ“I@˜b‘è‚Ìƒ]ƒ“ƒrƒAƒNƒVƒ‡ƒ“ƒhƒ‰ƒ}‹‚ÉŠ®Œ‹,https://news.yahoo.co.jp/articles/a8d627d6a5959231d31d1a5a844b13cce535cc47,1/25(–Ø) 19:00
raditopi,ƒ‰ƒWƒgƒs@ƒ‰ƒWƒIŠÖ¼ƒgƒsƒbƒNƒX,y•ºŒÉEéèz“ú–{O‘åì‚ ‚ç‚µw‰~Rìx‚ğ‹qº‚©‚ç@“~‚Ì–¡Šo‚Æ‚»‚¼‚ë•à‚«‚ğŠy‚µ‚ñ‚Å,https://news.yahoo.co.jp/articles/879b3bac5d8788e42399e8dffcd60ad7f9084112,1/25(–Ø) 18:30
raditopi,ƒ‰ƒWƒgƒs@ƒ‰ƒWƒIŠÖ¼ƒgƒsƒbƒNƒX,uƒWƒFƒ‰[ƒg ƒsƒP~ƒX[ƒp[ƒ}ƒŠƒIvƒRƒ‰ƒ{‘S41ƒAƒCƒeƒ€“oêI@ƒ}ƒŠƒI‚âƒNƒbƒp‚ÌƒJ[ƒfƒBƒKƒ“‚à,https://news.yahoo.co.jp/articles/eec9635ee7a911123e071fa3329ad8af050b61f4,1/25(–Ø) 18:00
raditopi,ƒ‰ƒWƒgƒs@ƒ‰ƒWƒIŠÖ¼ƒgƒsƒbƒNƒX,‘f‘«‚É‹C‚¿‚¢‚¢–³CŞƒtƒ[ƒŠƒ“ƒO@è“ü‚ê‚Í‚Ç‚¤‚·‚ê‚Î‚¢‚¢H@¨u…@‚«”ğ‚¯‚Äv‚Æˆ°‰®‚Ìê–åŠé‹Æ,https://news.yahoo.co.jp/articles/f5abe8d9980ab7d56d3ce185ee5a8b89b6cbb304,1/25(–Ø) 17:00
raditopi,ƒ‰ƒWƒgƒs@ƒ‰ƒWƒIŠÖ¼ƒgƒsƒbƒNƒX,"“ú–{‚Ì‚Ö‚»@•ºŒÉE¼˜es‚ÍuFBIv? @gŒ’K“ss""‚âSDGs‚Ìæ‚è‘g‚İ‚Å‚à•]‰¿ •ĞRÛOs’·",https://news.yahoo.co.jp/articles/a169682a2cacb1e63fd933e458047b12c9d7d7bf,1/25(–Ø) 17:00
raditopi,ƒ‰ƒWƒgƒs@ƒ‰ƒWƒIŠÖ¼ƒgƒsƒbƒNƒX,y‘¬•ñz•ºŒÉŒ§ƒRƒƒi’è“_‚ ‚½‚èT9.20lŠ´õ@‘OT”ä1.4”{@9T˜A‘±‘@1Œ15“ú-21“ú,https://news.yahoo.co.jp/articles/c027525455ec681c7af55c5d295fcba51c03afd7,1/25(–Ø) 16:57
raditopi,ƒ‰ƒWƒgƒs@ƒ‰ƒWƒIŠÖ¼ƒgƒsƒbƒNƒX,_ŒËs‚ªã_‘åkĞ‚ğŒoŒ±‚µ‚½OBEˆõ‚ğ”\“o‚Ö”hŒ­@60`80‘ã‚Ì6lAæŒ­‘à‚Æ‚µ‚Ä30“ú‚©‚ç,https://news.yahoo.co.jp/articles/dbeb17014f9382e01048d9d613dcfaad4197852f,1/25(–Ø) 16:00
raditopi,ƒ‰ƒWƒgƒs@ƒ‰ƒWƒIŠÖ¼ƒgƒsƒbƒNƒX,¬Šw¶ŒZ’í€–S •ºŒÉEˆî”ü’¬•ú‰ÎEl–Œ ”Œ•ƒA‹N‘i“à—e”F‚ß‚éu–…•v•w‚É¦‚İvŒŸ@‘¤w“E,https://news.yahoo.co.jp/articles/ec193f296ea210af31adf21b3b1282c0eb4e663a,1/25(–Ø) 13:58
raditopi,ƒ‰ƒWƒgƒs@ƒ‰ƒWƒIŠÖ¼ƒgƒsƒbƒNƒX,uTartineiƒ^ƒ‹ƒeƒBƒ“jvƒoƒŒƒ“ƒ^ƒCƒ“ŒÀ’èƒIƒ“ƒ‰ƒCƒ“”Ì”„@26“úŠJn@’è”Ô¤•i‚ÉV–¡“oêI,https://news.yahoo.co.jp/articles/891a1a4fd580867d028034506db798b444bca107,1/25(–Ø) 11:30
raditopi,ƒ‰ƒWƒgƒs@ƒ‰ƒWƒIŠÖ¼ƒgƒsƒbƒNƒX,u©g‚Ìg–³ˆÓ¯‚Ì“–‚½‚è‘Oh‚ğl‚¦’¼‚µ‚Äv@‰ÁŒÃìs‚Ì“¡–{‚³‚ñ@’†Šw¶lŒ ì•¶ƒRƒ“ƒeƒXƒg‚ÅóÜ,https://news.yahoo.co.jp/articles/457b73830e55629ab6af7712ad9bb2147d200e75,1/25(–Ø) 7:00
raditopi,ƒ‰ƒWƒgƒs@ƒ‰ƒWƒIŠÖ¼ƒgƒsƒbƒNƒX,‘Œê‹³‰È‘‚Ì— ˜b@wƒXƒCƒ~[xw‚²‚ñ‚¬‚Â‚Ëx‚È‚Ç3¢‘ã‚É‚í‚½‚Á‚Ä’è”Ô@”N‘ã•ÊŒfÚì•iî•ñƒTƒCƒg‚à,https://news.yahoo.co.jp/articles/db6756fd6eaca841f62e156b2ee3577bed1aae3e,1/25(–Ø) 6:55
raditopi,ƒ‰ƒWƒgƒs@ƒ‰ƒWƒIŠÖ¼ƒgƒsƒbƒNƒX,JA‹¤Ï˜A•ºŒÉA117–œ‰~‚ğŒ§‚ÉŠñ•t@u©•E‹¤•v‚Ì‘åØ‚³”­M‚·‚é“®‰æ‚Ì§ì”ï‚ÉŠˆ—p,https://news.yahoo.co.jp/articles/2065d564a3aba59f230e8bd6039c72f702d677a2,1/25(–Ø) 6:00
raditopi,ƒ‰ƒWƒgƒs@ƒ‰ƒWƒIŠÖ¼ƒgƒsƒbƒNƒX,_ŒË“¿F‰ï•a‰@ ƒJƒe[ƒeƒ‹¡—ÃŒã‚ÌŠ³Ò€–S ”íŠQÒ‹~Ï•ÙŒì’cu•¡”‚ª’²¸‘ÎÛŠOHv‰Â”\«w“E,https://news.yahoo.co.jp/articles/ebbbc87cecd6d7fd482c50073ad2cf835af24043,1/25(–Ø) 5:30
raditopi,ƒ‰ƒWƒgƒs@ƒ‰ƒWƒIŠÖ¼ƒgƒsƒbƒNƒX,uƒqƒƒCƒ“‚ğ–Ú‚Ì‰œ10ƒZƒ“ƒ`‚ÅŒ©‚Äv@ŠÄ“Â‚Ì“ï‘è‚É‰‚¦‚½R“c—Á‰î@•l•Ó”ü”g‹¤‰‰wƒTƒCƒŒƒ“ƒgƒ‰ƒux,https://news.yahoo.co.jp/articles/d22e75650c1bcfa2b37a8ef962296637a88522fc,1/24(…) 20:30
raditopi,ƒ‰ƒWƒgƒs@ƒ‰ƒWƒIŠÖ¼ƒgƒsƒbƒNƒX,¼â‘å•ã‚ç–¼‘Iè‚ğ”yo@‰¡•l‚Œ³ŠÄ“ÂgÀ‰E‚Ì–Áh‚É‚ß‚½v‚¢u–Ú•W‚ª‚»‚Ì“ú‚»‚Ì“ú‚ğx”z‚·‚év,https://news.yahoo.co.jp/articles/b1d73725db7bc1b0e574b3f0fc2531e6ff5f8ac0,1/24(…) 18:00
raditopi,ƒ‰ƒWƒgƒs@ƒ‰ƒWƒIŠÖ¼ƒgƒsƒbƒNƒX,Awesome City ClubEPORIN@u—Ç‚¢‹C‚ğ„‚ç‚¹‚é‚½‚ßv‚Ìƒ‹[ƒeƒBƒ“–¾‚©‚·,https://news.yahoo.co.jp/articles/c36be454b6df58984a1d191b68934b783182e454,1/24(…) 18:00
raditopi,ƒ‰ƒWƒgƒs@ƒ‰ƒWƒIŠÖ¼ƒgƒsƒbƒNƒX,uƒsƒUƒnƒbƒg~“V‰ºˆê•iv‚±‚Á‚Ä‚èƒ‰[ƒƒ“‚ğÄŒ»I@ˆÙF‚ÌƒRƒ‰ƒ{ƒsƒU‚ªŠ®¬@22“ú‚©‚çŠúŠÔŒÀ’è,https://news.yahoo.co.jp/articles/237a5bb8c1a704977cdc8b780860a9d4b5500349,1/24(…) 17:30
raditopi,ƒ‰ƒWƒgƒs@ƒ‰ƒWƒIŠÖ¼ƒgƒsƒbƒNƒX,ˆê‘Ì‚È‚º!?@uƒŠƒ‚ƒRƒ“‚Ì“d’r‚ğƒNƒ‹ƒNƒ‹‰ñ‚·‚Æ•œŠˆ‚·‚év©ƒ[ƒJ[‚É•·‚¢‚Ä‚İ‚½,https://news.yahoo.co.jp/articles/2f1b2a1992824b2ebc4f573f72f9a7bdd9c38502,1/24(…) 17:00
raditopi,ƒ‰ƒWƒgƒs@ƒ‰ƒWƒIŠÖ¼ƒgƒsƒbƒNƒX,•ºŒÉŒ§ŒxELˆæ‹Ù‹}‰‡•‘àAÎìŒ§—Ö“‡s‚ÖŒx”õ•”‘à”hŒ­@”\“o’nk”íĞ’nAˆÀ”Û•s–¾Ò‘{õ‚Ö,https://news.yahoo.co.jp/articles/70b837877c216e98e0ca453a72e8cc29d5c3db36,1/24(…) 12:40
raditopi,ƒ‰ƒWƒgƒs@ƒ‰ƒWƒIŠÖ¼ƒgƒsƒbƒNƒX,‚·‚¸‚ç‚ñ“”‚Éƒ‚ƒ_ƒ“ƒK[ƒ‹Aoª•ºm‚Ìp‚à@_ŒËEŒ³’¬¤“XŠX‚ÅuŒ³’¬ƒA[ƒJƒCƒuÊ^“Wv@28“ú‚Ü‚Å,https://news.yahoo.co.jp/articles/06e1f399cc0ec658d79e801371da587b402ad35a,1/24(…) 12:30
raditopi,ƒ‰ƒWƒgƒs@ƒ‰ƒWƒIŠÖ¼ƒgƒsƒbƒNƒX,ˆ°‰®‚ÌƒoƒŒƒ“ƒ^ƒCƒ“‚ÍƒVƒƒƒ“ƒpƒ“‚ÌƒZƒbƒg‚à!?@ƒVƒ‡ƒRƒ‰ƒeƒBƒG‚É•·‚­uƒr[ƒ“ƒgƒDƒo[ƒ`ƒ‡ƒRv‚Ì–£—Í,https://news.yahoo.co.jp/articles/c795c05d575b869aa44d62d485727a81a1237494,1/24(…) 12:05
raditopi,ƒ‰ƒWƒgƒs@ƒ‰ƒWƒIŠÖ¼ƒgƒsƒbƒNƒX,V‚µ‚¢_ŒËƒ}ƒ‰ƒ\ƒ“‚Ö@«—ˆ\‘zŒŸ“¢ˆÏ‚ª’ñŒ¾‚Ü‚Æ‚ß‚é@ƒtƒBƒjƒbƒVƒ…’n“_•ÏXAÔ‚¢‚·í–Ú‚ÌVİ‚È‚Ç,https://news.yahoo.co.jp/articles/8ae8230bcb64cb168c310958b024c2629c38b75d,1/24(…) 12:00
raditopi,ƒ‰ƒWƒgƒs@ƒ‰ƒWƒIŠÖ¼ƒgƒsƒbƒNƒX,y_ŒË•—Œ“°zƒoƒŒƒ“ƒ^ƒCƒ“EƒVƒ‡ƒRƒ‰ƒTƒ“ƒh@‘S8ƒtƒŒ[ƒo[“oê@‚“‡‰®4‚©ŠEƒIƒ“ƒ‰ƒCƒ“ŒÀ’è‚Å,https://news.yahoo.co.jp/articles/1f9f49ac2386dba71f2d7776412be485cb69727d,1/24(…) 11:00
raditopi,ƒ‰ƒWƒgƒs@ƒ‰ƒWƒIŠÖ¼ƒgƒsƒbƒNƒX,ƒp[ƒgƒi[‚ÉƒXƒ}ƒzŒ©‚¹‚ç‚ê‚éH©66“‚ªNG@ulŠÔŠÖŒW‚É•¶‹å‚Â‚¯‚ç‚ê‚½vuQ‚Ä‚éŠÔ‚Éw–ä”FØv,https://news.yahoo.co.jp/articles/0256b1cad34cc71938c3ff3c597b412c43e97df1,1/24(…) 6:55
raditopi,ƒ‰ƒWƒgƒs@ƒ‰ƒWƒIŠÖ¼ƒgƒsƒbƒNƒX,‚¢‚ë‚¢‚ë‚È•¨Œê‚ªì•i‚Ì’†‚É@•ºŒÉŒ§—§”üpŠÙƒRƒŒƒNƒVƒ‡ƒ““W‡V@u¶’a180”N‹L”O Œà¹×‚Ì¢ŠEv‚à,https://news.yahoo.co.jp/articles/4cf3caa61c139f1cb51c56304ede686179561375,1/24(…) 6:55
raditopi,ƒ‰ƒWƒgƒs@ƒ‰ƒWƒIŠÖ¼ƒgƒsƒbƒNƒX,u‚±‚ñ‚È‚É‘å•Ï‚È‚Ì‚ÉA‘OŒü‚«‚Å‰·‚©‚­‚Äcv”\“o’nk”íĞ’n‚ÖA•ºŒÉŒ§ŒxEŒx@Š¯‚ªŠ´‚¶‚½wŠñ‚è“Y‚¢x,https://news.yahoo.co.jp/articles/cf6a1636d15bcef96b73e9562f2976fe4b065664,1/24(…) 5:00
raditopi,ƒ‰ƒWƒgƒs@ƒ‰ƒWƒIŠÖ¼ƒgƒsƒbƒNƒX,JƒŠ[ƒO“ú’ö”­•\@J1‰¤Ò‚Ì_ŒËAŠJ–‹í‚Í2E24‚É@¡”N‚à‘—§ƒz[ƒ€ƒQ[ƒ€‚ğ—\’è,https://news.yahoo.co.jp/articles/6da03f0aef0105c1ace927fe533445f29b44ddf0,1/23(‰Î) 19:10
raditopi,ƒ‰ƒWƒgƒs@ƒ‰ƒWƒIŠÖ¼ƒgƒsƒbƒNƒX,uƒ|ƒPƒ‚ƒ“ƒŠƒ][ƒgvŠJÃI@‘S‘ƒ|ƒPƒ‚ƒ“ƒZƒ“ƒ^[‚Å20“ú‚©‚ç@ƒRƒ_ƒbƒN‚ª“oêE“Á“T•t‚«ƒNƒCƒY‚à,https://news.yahoo.co.jp/articles/436e658fcc6427eaa1057b80ac6cb2257f55205c,1/23(‰Î) 18:00
raditopi,ƒ‰ƒWƒgƒs@ƒ‰ƒWƒIŠÖ¼ƒgƒsƒbƒNƒX,_ŒËã‹}@ƒoƒŒƒ“ƒ^ƒCƒ“ƒ`ƒ‡ƒRƒŒ[ƒg”——‰ï@24“ú‚©‚ç@ƒiƒJƒ€ƒ‰ƒ`ƒ‡ƒRƒŒ[ƒg‚È‚Ç‘S78ƒuƒ‰ƒ“ƒh,https://news.yahoo.co.jp/articles/c105340af1f8b2d5ece3e1942b0413a2226b4eb3,1/23(‰Î) 17:30
raditopi,ƒ‰ƒWƒgƒs@ƒ‰ƒWƒIŠÖ¼ƒgƒsƒbƒNƒX,INAC_ŒËAc@”t‚Å2”N˜A‘±ŒˆŸio@‚È‚Å‚µ‚±OG‚ª‘I‚ÔMIP‚ÍuéGX‚Æ‚µ‚Ä‚¢‚évƒ{ƒ‰ƒ“ƒ`,https://news.yahoo.co.jp/articles/ddf2cce122da32c87dfc2a14e7d8b6a5dd7bbc19,1/23(‰Î) 16:30
raditopi,ƒ‰ƒWƒgƒs@ƒ‰ƒWƒIŠÖ¼ƒgƒsƒbƒNƒX,‘Œ¹‰ñûƒXƒe[ƒVƒ‡ƒ“‚ÅŒ’N‹³º@ƒŠƒTƒCƒNƒ‹‚ÆŒ’NˆÛ‚ğ–Úw‚·@_ŒËs‚Æƒ„ƒNƒ‹ƒg‚ª–‹Æ˜AŒg‹¦’è,https://news.yahoo.co.jp/articles/de708360040cffeb46a1297b1b19044adccb25fa,1/23(‰Î) 14:00
raditopi,ƒ‰ƒWƒgƒs@ƒ‰ƒWƒIŠÖ¼ƒgƒsƒbƒNƒX,uƒNƒbƒs[ƒ‰ƒ€ƒlvƒXƒ}[ƒgƒtƒHƒ“ƒP[ƒX”­”„@ƒŒƒgƒƒtƒ@ƒ“ƒV[‚ÈƒfƒUƒCƒ“4í@100‹@íˆÈã‚É‘Î‰,https://news.yahoo.co.jp/articles/9cfb07b5aa963f228103553fdc8329dae9dc37ee,1/23(‰Î) 12:00
raditopi,ƒ‰ƒWƒgƒs@ƒ‰ƒWƒIŠÖ¼ƒgƒsƒbƒNƒX,yƒrƒWƒlƒXè’ z‚È‚ºŒ—jn‚Ü‚èH@“ú–{‚ÅÅ‰‚Ég‚Á‚½‚Ì‚Í•Ÿ‘ò—@‹gH@—ğj‚©‚ç“ä‚ğ•R‰ğ‚¢‚Ä‚İ‚½,https://news.yahoo.co.jp/articles/070de0abd03891996c707433188c37fbda1a03bb,1/23(‰Î) 7:00
raditopi,ƒ‰ƒWƒgƒs@ƒ‰ƒWƒIŠÖ¼ƒgƒsƒbƒNƒX,©•ª‚ÌƒAƒoƒ^[A–¢—ˆ‚Ìp‚àI‘åãEŠÖ¼–œ” —‡—zˆêƒvƒƒfƒ…[ƒXƒpƒrƒŠƒIƒ“u‚¢‚Ì‚¿‚ğ–‚­v,https://news.yahoo.co.jp/articles/e34a4c6e4061d9b400d8d9f48a7596fa2a3d27f0,1/23(‰Î) 6:00
raditopi,ƒ‰ƒWƒgƒs@ƒ‰ƒWƒIŠÖ¼ƒgƒsƒbƒNƒX,yDEAN & DELUCAzuƒnƒEƒXƒ`ƒ‡ƒRƒŒ[ƒgv‚ÌƒtƒHƒ“ƒ_ƒ“ƒVƒ‡ƒRƒ‰Eƒzƒbƒgƒ`ƒ‡ƒRƒŒ[ƒg“oê,https://news.yahoo.co.jp/articles/aae545d6a6772708720e804251e2cb43adfc848b,1/22(Œ) 19:00
raditopi,ƒ‰ƒWƒgƒs@ƒ‰ƒWƒIŠÖ¼ƒgƒsƒbƒNƒX,TVƒAƒjƒwy„‚µ‚Ìqzx‚Ì‚­‚¶ˆø‚«“oêI@ƒXƒgƒŠ[ƒgƒtƒ@ƒbƒVƒ‡ƒ“p‚ÌƒAƒNƒAEƒ‹ƒr[‚ÌƒAƒNƒXƒ^‚à,https://news.yahoo.co.jp/articles/d048f098ec114c2bb28e90197dbaa8ade7cb9650,1/22(Œ) 18:00
raditopi,ƒ‰ƒWƒgƒs@ƒ‰ƒWƒIŠÖ¼ƒgƒsƒbƒNƒX,‘z‘œã‚Ì¶‚«•¨uƒŠƒ…ƒEv‚Ì‘½Ê‚È•W–{I@Vtƒ~ƒj“W¦u’C”N“Wv@‘åãs—§©‘Rj”•¨ŠÙ,https://news.yahoo.co.jp/articles/98eecdffb7683165765e72cdf55c32c0d2ab58c3,1/22(Œ) 16:00
raditopi,ƒ‰ƒWƒgƒs@ƒ‰ƒWƒIŠÖ¼ƒgƒsƒbƒNƒX,ƒsƒJƒ`ƒ…ƒEEƒjƒƒƒIƒn‚ª“oêI@ƒ|ƒPƒ‚ƒ“‹‰Ùq3í@”—ÊŒÀ’è@22“úæsƒIƒ“ƒ‰ƒCƒ“E2Œ“X“ª”­”„,https://news.yahoo.co.jp/articles/4a6acdea6801e789cf3dd77cb5a9eb19a56f6635,1/22(Œ) 12:00
raditopi,ƒ‰ƒWƒgƒs@ƒ‰ƒWƒIŠÖ¼ƒgƒsƒbƒNƒX,y_ŒËz’z100”N‚ÌƒŠƒmƒx’·‰®‚Éƒnƒ“ƒo[ƒK[ƒJƒtƒF@‚±‚¾‚í‚è‚Ìw—‘x‚Í‘\‘c•ƒ‚©‚çˆø‚«Œp‚¢‚¾—ğj,https://news.yahoo.co.jp/articles/907ae29e6ae0a71ecbd0aeb9976f466cbf523b69,1/22(Œ) 11:30
raditopi,ƒ‰ƒWƒgƒs@ƒ‰ƒWƒIŠÖ¼ƒgƒsƒbƒNƒX,ŠC—VŠÙ 34”N–Ú‚Å‘“à…‘°ŠÙ‰A8500–œl“üŠÙI–kŠC“¹‚©‚ç8Î‚Ì’j‚Ìquƒyƒ“ƒMƒ“‚É‰ï‚¢‚Écv,https://news.yahoo.co.jp/articles/2ba78bb6769e115b820a7ea87814ed7731cff2d0,1/22(Œ) 10:48
raditopi,ƒ‰ƒWƒgƒs@ƒ‰ƒWƒIŠÖ¼ƒgƒsƒbƒNƒX,y¬™‰Èz‰½Î‚Ü‚Å‚©‚©‚é‚±‚Æ‚ª‚Å‚«‚éH@uó‹µ‚É‚æ‚Á‚Ä‚Í‘ål‚ğf‚éƒP[ƒX‚à‚ ‚év‚Æˆãt,https://news.yahoo.co.jp/articles/f84e6ed21f75157d5b3da5e8ad330258e1ab34ae,1/22(Œ) 6:55
raditopi,ƒ‰ƒWƒgƒs@ƒ‰ƒWƒIŠÖ¼ƒgƒsƒbƒNƒX,“~‚É‚¨‚¢‚µ‚¢I@uŠØ‘‚Ì“ç•ƒX[ƒvv@|‚İ‚½‚Á‚Õ‚è‚Ì’è”Ô—¿—‚Æ‚Æ‚à‚ÉAŠy‚µ‚İ•û‚Ü‚ÅĞ‰î,https://news.yahoo.co.jp/articles/64108dd3a854761ea963b003f1d8832ec26c9ef8,1/21(“ú) 11:30
raditopi,ƒ‰ƒWƒgƒs@ƒ‰ƒWƒIŠÖ¼ƒgƒsƒbƒNƒX,y”~“czƒJƒ‰ƒtƒ‹I@ƒtƒ‹[ƒc‚Ìƒ`ƒ‡ƒRƒŒ[ƒgEG‰İ‚ªWŒ‹@‚¢‚¿‚²ƒpƒtƒF‚ğƒ`ƒ‡ƒRƒŒ[ƒg‚ÅÄŒ»,https://news.yahoo.co.jp/articles/eed719b58f5c934ceec6c885ce3fe342f6443fea,1/21(“ú) 7:30
raditopi,ƒ‰ƒWƒgƒs@ƒ‰ƒWƒIŠÖ¼ƒgƒsƒbƒNƒX,VŠ´Šo3l‘gƒAƒCƒhƒ‹wƒGƒCƒAƒCƒJx‚ª18“ún“®@ƒfƒWƒ^ƒ‹‚ÆƒAƒiƒƒO‚Ì‹·ŠÔ!?@•ºŒÉogƒƒ“ƒo[‚à,https://news.yahoo.co.jp/articles/7d630563d19f28d46cf683094cb302138aaa0b2b,1/20(“y) 19:00
raditopi,ƒ‰ƒWƒgƒs@ƒ‰ƒWƒIŠÖ¼ƒgƒsƒbƒNƒX,yæ]•ñzwƒrƒoIƒ^ƒJƒ‰ƒWƒFƒ“ƒkxƒp[ƒ\ƒiƒŠƒeƒB‚ğ43”N@¬R”T—¢q‚³‚ñ€‹@82Î,https://news.yahoo.co.jp/articles/2226954bea2276b333185045406288423c65577e,1/20(“y) 19:00
raditopi,ƒ‰ƒWƒgƒs@ƒ‰ƒWƒIŠÖ¼ƒgƒsƒbƒNƒX,uƒ|ƒ“ƒWƒ…[ƒXvƒfƒUƒCƒ“ƒAƒCƒeƒ€‚ªƒKƒVƒƒƒ|ƒ“‚ÉI@ƒg[ƒgƒoƒbƒOEƒ|[ƒ`‚È‚Çg‚¦‚éƒOƒbƒY‘S5í,https://news.yahoo.co.jp/articles/433f13391a78c596a137b2e601cd3c76ff62b9c9,1/20(“y) 7:00
raditopi,ƒ‰ƒWƒgƒs@ƒ‰ƒWƒIŠÖ¼ƒgƒsƒbƒNƒX,w_ŒËƒ‹ƒ~ƒiƒŠƒGxŒõ‚Ì’¤A4”N‚Ô‚è‚ÌÄŠJ u’Á°A•œ‹»‚Ö‚ÌŠó–]cvŒ´“_‚É—§‚¿•Ô‚è1ŒŠJÃ‚É,https://news.yahoo.co.jp/articles/a9f4a8c54d0728c71610793d634565ba2aa9d81e,1/20(“y) 3:00
raditopi,ƒ‰ƒWƒgƒs@ƒ‰ƒWƒIŠÖ¼ƒgƒsƒbƒNƒX,uŠïÕ“I‚Èo‰ï‚¢‚Í‚³‚Ü‚´‚Ü‚ÈêŠ‚É‚ ‚év@ŠÛ‰ª‚¢‚¸‚İ‚ª–¾‚©‚·A‚Â‚ç‚¢Šú‚ğæ‚è‰z‚¦‚½Œ¾—t‚½‚¿,https://news.yahoo.co.jp/articles/b3c51c0f929ef7bba688bd8543c471f1caf92f44,1/19(‹à) 19:30
raditopi,ƒ‰ƒWƒgƒs@ƒ‰ƒWƒIŠÖ¼ƒgƒsƒbƒNƒX,y•ºŒÉEÔ•äz‚©‚«‚È‚Ç”Ì”„‚·‚éâ‰z‚Ì“yY•¨“X@–k‘O‘D‚Ì—ğj‚Éª·‚µ‚½“X‚Ã‚­‚è‚ÅŒ»‘ã‚ÌgŠñ`’nh‚É,https://news.yahoo.co.jp/articles/5279e97f410499917d717c2d8d62a8e0309d483c,1/19(‹à) 18:30
raditopi,ƒ‰ƒWƒgƒs@ƒ‰ƒWƒIŠÖ¼ƒgƒsƒbƒNƒX,yƒtƒ@ƒ~ƒŠƒA~ƒ†[ƒnƒCƒ€z”—ÊŒÀ’èƒnƒ“ƒJƒ`•t‚«ƒXƒC[ƒcƒZƒbƒg“oêI@ã‹}‚¤‚ß‚¾–{“XE20“ú‚©‚ç,https://news.yahoo.co.jp/articles/1425ea02d3f6a42ffda6982dfd4d88c88adc6c0f,1/19(‹à) 17:00
raditopi,ƒ‰ƒWƒgƒs@ƒ‰ƒWƒIŠÖ¼ƒgƒsƒbƒNƒX,y_ŒË“d“SEƒf101z@ƒfƒrƒ…[100ü”N‚ÉŒü‚¯Œ»–ğ‘ã‚Ì—Ypæ‚è–ß‚¹I@—Lu’c‘Ì‚ªx‰‡ŒÄ‚Ñ‚©‚¯,https://news.yahoo.co.jp/articles/780421110df2474efa27317746dd6da7087f8513,1/19(‹à) 15:00
raditopi,ƒ‰ƒWƒgƒs@ƒ‰ƒWƒIŠÖ¼ƒgƒsƒbƒNƒX,uƒnƒ[ƒLƒeƒB~BABY-Gv50ü”N‹L”Oƒ‚ƒfƒ‹’a¶I@50‘Ì‚ÌƒLƒeƒB‚ªŒv‚ğ–„‚ßs‚­‚·,https://news.yahoo.co.jp/articles/14b209c0b80f5f05e199fef96e7b50060ee22070,1/19(‹à) 11:30
raditopi,ƒ‰ƒWƒgƒs@ƒ‰ƒWƒIŠÖ¼ƒgƒsƒbƒNƒX,u_ŒËƒ‹ƒ~ƒiƒŠƒGvÊ‚éƒCƒxƒ“ƒg‚Å‚à”­“dƒGƒlƒ‹ƒM[‚ÉŠˆ—p@”pH—p–û‚©‚çì‚éƒoƒCƒIƒfƒB[ƒ[ƒ‹”R—¿‚Ì¡,https://news.yahoo.co.jp/articles/e0e1b3bd36eb98192f966aa35fe20681ce421af8,1/19(‹à) 7:05
raditopi,ƒ‰ƒWƒgƒs@ƒ‰ƒWƒIŠÖ¼ƒgƒsƒbƒNƒX,ZƒKƒj‚âŠâ’Ã‚Ë‚¬‚È‚Ç•ºŒÉ‚Ì“~‚Ì‚¤‚Ü‚¢‚à‚ñ‚ğŠ¬”\‚Å‚«‚éƒtƒFƒA@_ŒËO‹{‚Å2/12‚Ü‚ÅI,https://news.yahoo.co.jp/articles/ca3efcd746268a5393b30efcc61429ff67b84d7b,1/19(‹à) 7:00
raditopi,ƒ‰ƒWƒgƒs@ƒ‰ƒWƒIŠÖ¼ƒgƒsƒbƒNƒX,“ú–{‚ÍgŠOhAŠCŠO‚Íg“àh@wŒºŠÖ”à‚ÌŠJ‚­•ûŒüx‚È‚ºˆá‚¤H©å‚È——R‚Í3‚Â@ê–å‰Æ‚É•·‚¢‚½,https://news.yahoo.co.jp/articles/f9a59a9d5acf299a5cd0fb09dd6502bd0d5651a7,1/19(‹à) 6:55
raditopi,ƒ‰ƒWƒgƒs@ƒ‰ƒWƒIŠÖ¼ƒgƒsƒbƒNƒX,Â‹SEÔ‹S ¼–¾‚©‚´‚µˆÃˆÅ‚Ì•‘“¥  ç”N‘±‚­Vt‹V—çAĞŠQ•œ‹»‹F‚éuC³‰ïv •P˜HE‘ÊR‰~‹³›,https://news.yahoo.co.jp/articles/d1708509c7f0c31cf490e42f7af204ee9ad353ef,1/19(‹à) 5:00
raditopi,ƒ‰ƒWƒgƒs@ƒ‰ƒWƒIŠÖ¼ƒgƒsƒbƒNƒX,y‚ ‚×‚Ìƒnƒ‹ƒJƒXz‚³‚í‚â‚©‚È’ƒ—t‚éuƒeƒB[ƒWƒFƒ‰[ƒgv‚È‚Çg’ƒƒXƒC[ƒc“oê@2Œ14“ú‚Ü‚Å,https://news.yahoo.co.jp/articles/a832a8aa64e393dd032222e9fa7bf81df4eef13a,1/18(–Ø) 19:00
raditopi,ƒ‰ƒWƒgƒs@ƒ‰ƒWƒIŠÖ¼ƒgƒsƒbƒNƒX,uƒrƒA[ƒhƒpƒp~X‰i»‰ÙvƒRƒ‰ƒ{‰Ùq“oêI@ƒoƒjƒ‰‚éƒxƒCƒNƒhƒ`ƒ‡ƒREƒKƒŒƒbƒgƒTƒ“ƒh‚È‚Ç4í,https://news.yahoo.co.jp/articles/bc87c6b6304762ea64f06a0f9b1a7307478321f5,1/18(–Ø) 17:00
raditopi,ƒ‰ƒWƒgƒs@ƒ‰ƒWƒIŠÖ¼ƒgƒsƒbƒNƒX,2024”NƒgƒŒƒ“ƒh‚Éƒ‰ƒ“ƒNƒCƒ“@gd‘‚ƒA[ƒgh‚ğ‚â‚Á‚Ä‚İ‚½@¨‘|œ‚Ì’è”ÔƒAƒCƒeƒ€‚ª‘f“Gì•i‚ÉI,https://news.yahoo.co.jp/articles/873587bd8a1931b7807f7d2f31a6328d9b65ba0f,1/18(–Ø) 17:00
raditopi,ƒ‰ƒWƒgƒs@ƒ‰ƒWƒIŠÖ¼ƒgƒsƒbƒNƒX,y‘¬•ñz•ºŒÉŒ§ƒRƒƒi’è“_‚ ‚½‚èT6.58lŠ´õ@‘OT”ä1.35”{@8T˜A‘±‘‰Á@1Œ8“ú-14“ú,https://news.yahoo.co.jp/articles/a3095eb056bd51e70f85174300ad7e4c23f987a4,1/18(–Ø) 16:34
raditopi,ƒ‰ƒWƒgƒs@ƒ‰ƒWƒIŠÖ¼ƒgƒsƒbƒNƒX,à­–î‚Å‚¾‚ñ‚¾‚ñ¬‚³‚­c]ŒË‘ã‚Ì¬”»9í‚ª‚¸‚ç‚è@•ºŒÉŒ§—§—ğj”•¨ŠÙuŒÃ‘KEŒÃD‚ğŠy‚µ‚Şv,https://news.yahoo.co.jp/articles/a5b3a2d13a9c7107d4fa48667c90538a77ac3596,1/18(–Ø) 16:00
raditopi,ƒ‰ƒWƒgƒs@ƒ‰ƒWƒIŠÖ¼ƒgƒsƒbƒNƒX,“~‚Ìg–ï‰îÒh‚ğŠÏŒõ‘Œ¹‚Æ‚µ‚ÄŠˆ—p@‰ªRE•fR‚Œ´wá—ö‚Ü‚Â‚èx@2Œ‚ÉŠJÃ@‹‘å‚©‚Ü‚­‚ç‚à“oê,https://news.yahoo.co.jp/articles/b2a2c8a54a529e62d40a7539fc802c8b5723c76e,1/18(–Ø) 13:00
raditopi,ƒ‰ƒWƒgƒs@ƒ‰ƒWƒIŠÖ¼ƒgƒsƒbƒNƒX,•ºŒÉ”­EŸ¢‘ãŠÏŒõ‚ğÆ‚ç‚·ƒJƒM‚Í’nˆæ‚Ì¶‘¶í—ª@{İÄ¶‚ÌƒGƒLƒXƒp[ƒgu‰Â”\«’T‚µŠy‚µ‚¢v,https://news.yahoo.co.jp/articles/572d73c9bfda1ce75febc45feb77df4ec7e0f482,1/18(–Ø) 13:00
raditopi,ƒ‰ƒWƒgƒs@ƒ‰ƒWƒIŠÖ¼ƒgƒsƒbƒNƒX,yƒwƒ‹ƒV[ƒŒƒVƒszH‚×‚·‚¬‚½‚¨³ŒŒã‚ÉuŒ{‚Ì‰–Ä‚«v@‚Ş‚Ë“÷‚Å‚³‚Á‚Ï‚èƒJƒƒŠ[ƒIƒtI,https://news.yahoo.co.jp/articles/dcb83307c9364e822f6c5e8115c06c437db2b957,1/18(–Ø) 13:00
raditopi,ƒ‰ƒWƒgƒs@ƒ‰ƒWƒIŠÖ¼ƒgƒsƒbƒNƒX,RèŒ«lA10ƒLƒ‘—Ê‚µ‹Øœ—²X‚ÈålŒö‚ğ”M‰‰I@l‹C–Ÿ‰æwƒS[ƒ‹ƒfƒ“ƒJƒ€ƒCx‚Â‚¢‚ÉÀÊ‰»,https://news.yahoo.co.jp/articles/831f0558e9ea81523e41beff3ab063c88a5c2cbe,1/18(–Ø) 12:00
raditopi,ƒ‰ƒWƒgƒs@ƒ‰ƒWƒIŠÖ¼ƒgƒsƒbƒNƒX,ƒIƒŠƒbƒNƒXŠú‘Ò‚Ìáè‚ª–Úw‚·–¢—ˆ}u“ú–{‘ã•\‚É‘I‚ñ‚Å‚à‚ç‚¦‚é‚æ‚¤‚È‘Iè‚ÉvuGGÜ‚Æ“—Û‰¤‚ğv,https://news.yahoo.co.jp/articles/4fe258baa5f103a95fde943cfce2215396047a03,1/18(–Ø) 11:30
raditopi,ƒ‰ƒWƒgƒs@ƒ‰ƒWƒIŠÖ¼ƒgƒsƒbƒNƒX,ƒgƒŒƒ“ƒhAƒŒƒA‚©‚ç“`“‚ÌÄ‚«‰Ùq‚Ü‚Å@ƒCƒ^ƒŠƒAƒ“ƒXƒC[ƒc‚Æ{‚Ì‚¢‚¿‚²‚ÌƒRƒ‰ƒ{@_ŒË‚Ìƒzƒeƒ‹‚ÅŠ¬”\,https://news.yahoo.co.jp/articles/e8c36c10b07ceefed44bb36b72d005fa02790d81,1/18(–Ø) 11:15
raditopi,ƒ‰ƒWƒgƒs@ƒ‰ƒWƒIŠÖ¼ƒgƒsƒbƒNƒX,_ŒËÅŠÖ@ƒ~ƒiƒg‚ÆŠX‚ğÆ‚ç‚·ƒ‰ƒCƒgƒAƒbƒvAƒŒƒgƒ‚È’†’ëE–éŠÔ“Á•ÊŒöŠJ@_ŒËƒ‹ƒ~ƒiƒŠƒG‚Æ“¯ŠJÃI,https://news.yahoo.co.jp/articles/3d0f10810e29fe7b3b20b1357cc3895e5b102008,1/18(–Ø) 10:45
raditopi,ƒ‰ƒWƒgƒs@ƒ‰ƒWƒIŠÖ¼ƒgƒsƒbƒNƒX,‚©‚Â‚Ä“ú–{‚ÌƒgƒCƒŒ‚Å‘åŠˆ–ôwƒ`ƒŠ†x@“–‚Ì•Ê‚ÌŒÄ‚Ñ•û‚Éu‚È‚é‚Ù‚Çv@¡‚Å‚Í—lX‚ÈƒV[ƒ“‚ÅŠˆ—p,https://news.yahoo.co.jp/articles/45024eb77772026003967b11506f282042bd5692,1/18(–Ø) 6:55
raditopi,ƒ‰ƒWƒgƒs@ƒ‰ƒWƒIŠÖ¼ƒgƒsƒbƒNƒX,sã_E’W˜H‘åkĞ29”Ntg•œ‹»‚µ‚½`‚Ìp‚ğch_ŒËƒƒŠƒPƒ“ƒp[ƒNƒIƒŠƒGƒ“ƒ^ƒ‹ƒzƒeƒ‹“”‘äEŒöŠJ,https://news.yahoo.co.jp/articles/ba1e264a4f6a95a57f06ab75b88182697f5869c5,1/18(–Ø) 5:30
raditopi,ƒ‰ƒWƒgƒs@ƒ‰ƒWƒIŠÖ¼ƒgƒsƒbƒNƒX,sã_E’W˜H‘åkĞ29”Nt–€–ëR‚©‚ç’Ç“‰‚ÌàA_ŒË‚Æ”\“o‚Öuv‚¢o‚· “|‰óA’nŠ„‚êA’f…AŠ¦‚³v,https://news.yahoo.co.jp/articles/2604cbd4dd2f22ef46e28ca552661adfeb8e07fd,1/17(…) 18:30
raditopi,ƒ‰ƒWƒgƒs@ƒ‰ƒWƒIŠÖ¼ƒgƒsƒbƒNƒX,ã_ƒ^ƒCƒK[ƒX‚ÌƒTƒEƒiƒOƒbƒY“oêI@ƒ‰ƒbƒL[Eƒgƒ‰ƒbƒL[‚Ì¨•t‚«ƒTƒEƒiƒnƒbƒg‚âƒXƒpƒoƒbƒO‚à,https://news.yahoo.co.jp/articles/feae8185441868c7b74bf9d7240572053f9d3146,1/17(…) 17:45
raditopi,ƒ‰ƒWƒgƒs@ƒ‰ƒWƒIŠÖ¼ƒgƒsƒbƒNƒX,—ğ‘ã‘—‘åb‚ª•`‚©‚ê‚½g“’“Û‚İh©Šç‚ª‚¢‚Á‚Ï‚¢‚É‚È‚Á‚½‚ç‚Ç‚¤‚È‚éH@x—¦ƒAƒbƒv‚Å”„‚èã‚°‘,https://news.yahoo.co.jp/articles/20e5e89f8f2c48c324de9f6c7fc2fd400c8cbd63,1/17(…) 17:00
raditopi,ƒ‰ƒWƒgƒs@ƒ‰ƒWƒIŠÖ¼ƒgƒsƒbƒNƒX,J1‰¤Ò‚Ì_ŒË‚ªV‘Ì§‰ïŒ©@˜A”e•ƒAƒWƒAƒiƒ“ƒo[1‚Öu‰ßè‚Æ‚àv‚¦‚é‚­‚ç‚¢‚Ì‘w‚ÌŒú‚³vÀŒ»‚Ö,https://news.yahoo.co.jp/articles/980130c0f0fa3580fa59a107e74fd02414611d2f,1/17(…) 17:00
raditopi,ƒ‰ƒWƒgƒs@ƒ‰ƒWƒIŠÖ¼ƒgƒsƒbƒNƒX,sã_E’W˜H‘åkĞ29”Ntu‚¨‚¶‚¢‚¿‚á‚ñAŒ³‹C‚¾‚æ@‚Ü‚½—ˆ”N‰ï‚¨‚¤‚Ëcv¼‹{kĞˆÔ—ì”è‚Å¾‚¤—«,https://news.yahoo.co.jp/articles/9a16d81f7f83cd4982c5464c75291af3df7aa16b,1/17(…) 11:35
raditopi,ƒ‰ƒWƒgƒs@ƒ‰ƒWƒIŠÖ¼ƒgƒsƒbƒNƒX,ŠÃh—‘‚Æ‚¶‚ª‚¨‚¢‚µ‚¢g˜¥‚Ì’è”ÔEƒJƒc˜¥h@©R—œ‚Å‚Í—‘‚ğg‚í‚È‚¢‚Á‚Ä–{“–H@ˆê‘Ì‚Ç‚ñ‚È—¿—H,https://news.yahoo.co.jp/articles/73824cf401b6949e6176169c6e09f419f4c7b330,1/17(…) 11:00
raditopi,ƒ‰ƒWƒgƒs@ƒ‰ƒWƒIŠÖ¼ƒgƒsƒbƒNƒX,”L‚ÌƒCƒ‰ƒXƒg‚ª–ÚˆóIuƒ†[ƒnƒCƒ€~ƒŠƒTEƒ‰[ƒ\ƒ“vƒRƒ‰ƒ{¤•i”­”„@9í‚ÌƒNƒbƒL[ƒAƒ\[ƒg‚È‚Ç,https://news.yahoo.co.jp/articles/68104a11db3d1ae3b9cca2c637bbe903ec4f6f2b,1/17(…) 11:00
raditopi,ƒ‰ƒWƒgƒs@ƒ‰ƒWƒIŠÖ¼ƒgƒsƒbƒNƒX,sã_E’W˜H‘åkĞ29”Nt“”âÄ‚Å•‚‚©‚Ñã‚ª‚éu‚Æ‚à‚Év‚Ì•¶š@”­¶‚É–Ù‚Æ‚¤@_ŒËE“Œ—V‰€’n,https://news.yahoo.co.jp/articles/8a55ae456de5705d2f79f64af70ee6ad20d205cd,1/17(…) 9:55
raditopi,ƒ‰ƒWƒgƒs@ƒ‰ƒWƒIŠÖ¼ƒgƒsƒbƒNƒX,YŠ¯Šw˜AŒg‚ÅwV‚µ‚¢–hĞ‹³ˆçx@q‚Ç‚àŒü‚¯‚ÉARƒAƒvƒŠ‚âƒhƒ[ƒ“Šˆ—p@u©•ª–‚É‚·‚é‚±‚Æ‚ªd—vv,https://news.yahoo.co.jp/articles/0addfa75be5723bb1436a6abd9f4c1f3a1b7638b,1/17(…) 7:00
raditopi,ƒ‰ƒWƒgƒs@ƒ‰ƒWƒIŠÖ¼ƒgƒsƒbƒNƒX,sã_E’W˜H‘åkĞ29”NtkĞ‚ğ’m‚ç‚È‚¢¢‘ãu–¢—ˆ‚Ì_ŒËA‘n‚è‚½‚¢v‘]“c‚İ‚È‚İ‚³‚ñER–{¬ŒÎ‚³‚ñ,https://news.yahoo.co.jp/articles/4ecfb53ba6ba9de30d74eec186155ab72f705b2a,1/17(…) 5:00
raditopi,ƒ‰ƒWƒgƒs@ƒ‰ƒWƒIŠÖ¼ƒgƒsƒbƒNƒX,sã_E’W˜H‘åkĞ29”Nt1.17 Î”è‚ªŒê‚éu–¢—ˆ‚Ö‚ÌŒxv`„‚½‚¿‚ª–¢—ˆ‚Ö‚Â‚È‚®‰Û‘è‚Æ‚Í,https://news.yahoo.co.jp/articles/ce4edf9726700ec7f7db357c6b70685646d4295f,1/17(…) 3:00
raditopi,ƒ‰ƒWƒgƒs@ƒ‰ƒWƒIŠÖ¼ƒgƒsƒbƒNƒX,yƒtƒFƒCƒ‰[z“y‰®Š“ƒ‰ƒ“ƒhƒZƒ‹ƒuƒ‰ƒ“ƒhugrirosev‚ÆƒRƒ‰ƒ{ŒÀ’èƒnƒ“ƒJƒ`”­”„@17“ú—\–ñŠJn,https://news.yahoo.co.jp/articles/c7072181fec0ca3b6a1c35e6abc5c76b0f6fcc8b,1/16(‰Î) 19:00
raditopi,ƒ‰ƒWƒgƒs@ƒ‰ƒWƒIŠÖ¼ƒgƒsƒbƒNƒX,ƒTƒbƒJ[Œ³“ú–{‘ã•\‚ÆŒ³JƒŠ[ƒK[‚ªáè‚É’ñŒ¾@Å‰‚Ì3”NŠÔ‚Íu•K€‚Å‹£‹Z‚Ì‚±‚Æ‚¾‚¯‚ğl‚¦‚ÄIv,https://news.yahoo.co.jp/articles/22316984caf7c578fed95c37f49bdc469e9bd036,1/16(‰Î) 18:00
raditopi,ƒ‰ƒWƒgƒs@ƒ‰ƒWƒIŠÖ¼ƒgƒsƒbƒNƒX,Š´‚¶‚½h‰·‚©‚¢“’‚Ì‚ ‚è‚ª‚½‚İh@–L‰ª…ŠQ‚àŠˆ–ôwLPƒKƒXx@‘ÌˆçŠÙ‚É“±“ü‚Å”ğ“ï¶Šˆ‚ÌŒüã‚ğ,https://news.yahoo.co.jp/articles/94ae7c59e72130384d74a335a227cb6f38e454bd,1/16(‰Î) 17:30
