media_en,title_articles,link_articles,date_original
allreview,「現代最後のカオス」の生き生きとした姿が、これでもかと詰め込まれた記録文学―高野 秀行『イラク水滸伝』中島 京子による書評,https://news.yahoo.co.jp/articles/071236aa2d6271223395264bd960d71a52e2779b,10/29(日) 6:00
allreview,同じ家庭の二十年後の食卓を追跡調査、きわめて本質的な社会の問題を考えさせてしまう―岩村 暢子『ぼっちな食卓-限界家族と「個」の風景』養老 孟司による書評,https://news.yahoo.co.jp/articles/f121454748dbf3c8435243f7e256d1788e846886,10/28(土) 6:00
allreview,＜原爆の図＞の丸木夫妻が手掛け、大江健三郎が瞠目した小さな絵本とは―丸木位里『『ピカドン』/『ピカドン』とその時代』(琥珀書房),https://news.yahoo.co.jp/articles/a7a57bdef8f981a14f3fa01bef81b12f7e944406,10/27(金) 6:00
allreview,"最終的に産業革命はオランダではなくイギリスで起こったのは何ゆえなのか？―マーク・コヤマ,ジャレド・ルービン『「経済成長」の起源: 豊かな国、停滞する国、貧しい国』鹿島 茂による書評",https://news.yahoo.co.jp/articles/af0b4c043f69397348b98d065112599f7a382363,10/27(金) 6:00
allreview,ジェンダー問題を取材し続ける著者が探しあてた、大物政治家が失言を繰り返す理由―小川 たまか『たまたま生まれてフィメール』武田 砂鉄による書評,https://news.yahoo.co.jp/articles/829e335d7ebf9518ee8febcafa072cd8954faaed,10/26(木) 6:00
allreview,古代博物学者プリニウスの観察によって究めようとする知性と心性、劇画でありありと―ヤマザキ マリ/とり・みき『プリニウス12』本村 凌二による書評,https://news.yahoo.co.jp/articles/0716cb0eeac044e1b58705e3aba4e36a9d708a61,10/25(水) 6:00
allreview,異文化の真の共存とはどういうことか、日本から豪州に移民した少年の物語三部作完結編―岩城 けい『M』鴻巣 友季子による書評,https://news.yahoo.co.jp/articles/2b6cdc7c79a9fbab23160e4ffb449f6f9b7d6fd7,10/24(火) 6:00
allreview,元・当事者が依存症の歴史を描き出した野心的著作―カール・エリック・フィッシャー『依存症と人類――われわれはアルコール・薬物と共存できるのか』斎藤 環による書評,https://news.yahoo.co.jp/articles/5c279faeb9c58ddfb52aa376f46da5c25d6d1f48,10/23(月) 6:00
allreview,短命ながら後世の日本に絶大な影響を与えた幕府海軍、誕生と内戦投入、解体を丹念に―金澤 裕之『幕府海軍-ペリー来航から五稜郭まで』磯田 道史による書評,https://news.yahoo.co.jp/articles/eb8c9ff9e65ba47bd0b01f1550ae607e28b2094e,10/22(日) 6:00
allreview,クラシック音楽の語り部・吉田秀和の出発点、批評家として独自の世界切り開く―吉田 秀和『音楽家の世界: クラシックへの招待』村上 陽一郎による書評,https://news.yahoo.co.jp/articles/dc0a8235108add130bedb52f134c5ba7b54745b8,10/21(土) 6:00
allreview,【第59回谷崎賞受賞作】年の差姉妹と取り巻く人々の40年、助け合いが輪舞のように―津村 記久子『水車小屋のネネ』永江 朗による書評,https://news.yahoo.co.jp/articles/39ca2890c447340dd5e92589989139f9b01e5534,10/20(金) 11:00
allreview,それは自然か、人工か？里山や里湖にみる「人の手の加わった自然」への問いかけ―佐野 静代『外来植物が変えた江戸時代: 里湖・里海の資源と都市消費』,https://news.yahoo.co.jp/articles/52781ff0c3c9c97864f903cd803d676fced7e8ca,10/20(金) 6:00
allreview,イエズス会が刊行した文法書を読む―カルロス アスンサン『天草版ラテン文典 巻一全釈』,https://news.yahoo.co.jp/articles/6ebd52ac67602c0cfec8334fedb49d61e703421e,10/20(金) 6:00
allreview,言葉は自分がつくりだしたものではない。だから拾うのだ。本の海の響きに耳を傾ける。―管 啓次郎『本と貝殻: 書評/読書論』堀江 敏幸による書評,https://news.yahoo.co.jp/articles/3317e7f5a083678766464bf6e5cd314b188d5a8b,10/19(木) 6:00
allreview,書きたかったのは、ひたすら笑える愉快な小説―田中 啓文『落語少年サダキチ（ご）』,https://news.yahoo.co.jp/articles/b3effe18cb591fc4358ced4cbd0651bc754caacc,10/18(水) 9:00
allreview,ありふれているけれど特別、清潔だけど忌み嫌われる、白―ニーナ・エドワーズ『白の服飾史:人はなぜ「白」を着るのか』,https://news.yahoo.co.jp/articles/cf63cd5b66c677793d440ef74d6e5ed31048b866,10/18(水) 6:00
allreview,「なぜ父は出自を語らなかったのか」、フォトジャーナリストの自分のルーツを探す旅―安田 菜津紀『国籍と遺書、兄への手紙――ルーツを巡る旅の先に』中島 京子による書評,https://news.yahoo.co.jp/articles/617a71eaf6728bba322f8a5e397de7f5bbac98a7,10/18(水) 6:00
allreview,意外な関係におどろき、生態の多様性、合理性に目からうろこの誰でも楽しめるカラー図鑑！―サミ・ベイリー『共生する生きもの図鑑』,https://news.yahoo.co.jp/articles/ced9656cbaaefaa544b2847baa670af460fefafc,10/17(火) 6:00
allreview,ハヤブサが超高層ビルに暮らし、ツバメの巣を乗っ取るスズメも！都会の鳥の驚くべき姿―唐沢 孝一『都会の鳥の生態学-カラス、ツバメ、スズメ、水鳥、猛禽の栄枯盛衰』永江 朗による書評,https://news.yahoo.co.jp/articles/d0a4128f9784419c42409c3e9cc7b2f244b4faa6,10/17(火) 6:00
allreview,健康や安全は個人の「自由」なのか？ 没入型取材で描かれる驚愕のアメリカの姿―マシュー・ホンゴルツ・ヘトリング『リバタリアンとトンデモ医療が反ワクチンで手を結ぶ話:コロナ禍に向かうアメリカ、医療の自由の最果ての旅』,https://news.yahoo.co.jp/articles/eb7ee95e451b64a654b5592d155027fe89bdcdc9,10/16(月) 6:00
allreview,理念を語る言葉の見つけ方を手取り足取りガイド。企業はいま、そこまで意義があやふやなのか―佐宗 邦威『理念経営2.0 ── 会社の「理想と戦略」をつなぐ7つのステップ』橋爪 大三郎による書評,https://news.yahoo.co.jp/articles/603ffaf9936933ee8bcb92258864e928a0689117,10/16(月) 6:00
allreview,スターリン時代に獄死した奇妙な作家の作品集、理性を超えた不条理の感覚が再評価―ダニイル・ハルムス『ハルムスの世界』沼野 充義による書評,https://news.yahoo.co.jp/articles/20b8c21e564fb309f8db0c3d0838f0940b1e37d9,10/15(日) 6:00
allreview,「精神の働きはコンピュータにおける情報処理と同じ」なのか―西田 洋平『人間非機械論 サイバネティクスが開く未来』中村 桂子による書評,https://news.yahoo.co.jp/articles/a41e57140d0f947a9fe80dc523c16b29032ca821,10/14(土) 6:00
allreview,「小沢昭一の小沢昭一的こころ」の絶妙な口演には、放浪芸が昇華している―鈴木聖子『掬われる声、語られる芸: 小沢昭一と『ドキュメント 日本の放浪芸』』松原 隆一郎による書評,https://news.yahoo.co.jp/articles/b4bfa4a74c2e5e8b9dcd6ccbf1a906f1cc29168d,10/13(金) 6:00
allreview,なぜ北欧の巨匠のデザインは、日本でこれほどに支持されるのか？アアルトの人間性に迫る―ヘイッキ・アアルト=アラネン『アイノとアルヴァ アアルト書簡集』,https://news.yahoo.co.jp/articles/dd50462621ccbe7ead1f794c8e43bbfaef318fa5,10/12(木) 6:00
allreview,植民地時代の日本語文学から邱永漢、中上健次、現代台湾作家まで、台湾の文学表象―垂水 千恵『台湾文学というポリフォニー 往還する日台の想像力』張 競による書評,https://news.yahoo.co.jp/articles/6527e492efc16f34e7946f33ce7eb98b61b6607b,10/12(木) 6:00
allreview,《「老い」を老いずに生き》よう。高齢化社会は生物進化の到達点―小林武彦『なぜヒトだけが老いるのか』橋爪 大三郎による書評,https://news.yahoo.co.jp/articles/f0661cacd9004439417d75068503fef58025573d,10/11(水) 6:00
allreview,日常に奇跡を起こす秘訣とは？――『奇跡はこうしてやってくる――パズるの法則』ひすいこたろう×吉武大輔,https://news.yahoo.co.jp/articles/c711caff41261756e7ec2dd4bc88698f87f46653,10/10(火) 6:00
allreview,明治以来の先駆者たちの生き方と著作から、西洋史学の誕生を跡付ける良書―土肥 恒之『日本の西洋史学 先駆者たちの肖像』本村 凌二による書評,https://news.yahoo.co.jp/articles/0491057515894d00109f920be07e34c321f07594,10/10(火) 6:00
allreview,戦地に同行する「従軍通訳者」を対象に、通訳者の倫理と責任と保護について深く論じる―武田 珂代子『通訳者と戦争犯罪』鴻巣 友季子による書評,https://news.yahoo.co.jp/articles/ddc3789c74944da0e6b8af66c12116493f1450a9,10/9(月) 6:00
allreview,"なぜ人間だけが言語を持つのか、オノマトペと記号設置問題を入り口に言語の本質を探る―今井 むつみ,秋田 喜美『言語の本質-ことばはどう生まれ、進化したか』武田 砂鉄による書評",https://news.yahoo.co.jp/articles/963da9d368bcd1ace42e22c79060f1222ba7debb,10/8(日) 6:00
allreview,柄谷行人が主張する「交換様式D」の到来とは何か―柄谷行人ほか『柄谷行人『力と交換様式』を読む』斎藤 環による書評,https://news.yahoo.co.jp/articles/582bd0db883142a03f1c1c4ea81b006f99a6aa57,10/7(土) 6:00
allreview,移民、テロ・暴動問題との対峙、国家・国民について考える最適のたたき台―山口 昌子『パリ日記―特派員が見た現代史記録1990-2021 第5巻 オランド、マクロンの時代 2011.10-2021.5』鹿島 茂による書評,https://news.yahoo.co.jp/articles/8f33d70a5c00dac8830bfe7e73e7d2364dffb685,10/6(金) 6:00
allreview,「水上交通」に着目、日本列島の国家形成を論じた意欲作―田中 裕『古代国家形成期の社会と交通』磯田 道史による書評,https://news.yahoo.co.jp/articles/8a3d5eaaa71998b3854f8fd6a758de12e43cfd50,10/5(木) 6:00
allreview,「パラダイム」概念の生みの親。待望の新訳登場。―トマス・S・クーン『科学革命の構造 新版』村上 陽一郎による書評,https://news.yahoo.co.jp/articles/a7cfee18e722eabb3d669934cb2aa2902bdfe56b,10/4(水) 6:00
allreview,オールド・ニューヨークの社交界が舞台、男女の物語に時代の変化くっきり―イーディス・ウォートン『無垢の時代』若島 正による書評,https://news.yahoo.co.jp/articles/d7f7a5e6dd2539ece10af89253b417eb5515ca88,10/3(火) 6:00
allreview,AIの発達などで、人心操作は今後ますます巧妙になるだろう。―大治 朋子『人を動かすナラティブ なぜ、あの「語り」に惑わされるのか』永江 朗による書評,https://news.yahoo.co.jp/articles/a62de2b357c175c7673f3103376ba2e2a3e0723a,10/2(月) 6:00
allreview,一瞬のプレーの美しさを理解するには時間が必要である。観る側も「待たねばならない」―虫明 亜呂無『むしろ幻想が明快なのである ――虫明亜呂無レトロスペクティブ』堀江 敏幸による書評,https://news.yahoo.co.jp/articles/9d4ba9d7073b7841d69db7519c4fb18a84e52ab3,10/1(日) 6:00
allreview,激変していく現代都市・新宿で幻の「大久保文士村」を発掘して―茅原 健『文士村散策: 新宿・大久保いまむかし』,https://news.yahoo.co.jp/articles/f25897c565d2d894214608b8ab23f5bde799e734,9/30(土) 6:00
allreview,母語ほど大切なものはないという意識のもと、日本語を土台にした英語教育を提唱する。―山口 仲美『日本語が消滅する』中村 桂子による書評,https://news.yahoo.co.jp/articles/05032f08211041a730b6d923a54f95bcee6d88cd,9/29(金) 6:00
allreview,高精細カラー画像から読みとく古文書の奥深さ―前田育徳会尊経閣文庫『尊経閣古文書纂 社寺文書 4』,https://news.yahoo.co.jp/articles/7f1aea62278f5b07d9d4af7d33d1329521028e1b,9/28(木) 6:00
allreview,近代イギリス経済史で繰り返されてきた外生説と内生説の対立を歴史から振り返る。―金井 雄一『中央銀行はお金を創造できるか―信用システムの貨幣史―』松原 隆一郎による書評,https://news.yahoo.co.jp/articles/190267ec87ec7f2772c15e5d7e8bbfd8aa09c59d,9/28(木) 6:00
allreview,蘇る石版・銅版印刷の世界。明治期「牧野植物画」の真髄を完全復刻！―牧野富太郎『オリジナル普及版 牧野日本植物圖説集』,https://news.yahoo.co.jp/articles/f23e10efbd60e6ed89c6d4c676eaf0982eb00d55,9/27(水) 6:00
allreview,文字だけで読者に体の奥まで、そして奥を突き抜けて世界の果てまで旅をさせてくれる―小田 雅久仁『禍』中島 京子による書評,https://news.yahoo.co.jp/articles/6fba7e443d3980717f4b4f970dfed8d4b3a9cf98,9/27(水) 6:00
allreview,ムササビと全身で付き合ってきた哺乳類学者による台湾の自然史―押田 龍夫『台湾動物記: 知られざる哺乳類の世界』養老 孟司による書評,https://news.yahoo.co.jp/articles/a4e21da06ce76e5769268caf059b5e71e8d0b1e1,9/26(火) 6:00
allreview,十六歳で謎の死を遂げたメディチ家の娘。その結末には限りない希望と悲しみが交錯する―マギー・オファーレル『ルクレツィアの肖像』鴻巣 友季子による書評,https://news.yahoo.co.jp/articles/32d03e3c5816be4c4bcc9b73dd027c766395fe6b,9/25(月) 6:00
allreview,歌詞の音響が生み出す効果や機能や意味を解析的に明らかにする―木石 岳『歌詞のサウンドテクスチャー：うたをめぐる音声詞学論考』栗原 裕一郎による書評,https://news.yahoo.co.jp/articles/61a48dece15be6387164960d727171a109feed4f,9/23(土) 6:00
allreview,資本主義の終わりは想像しにくい。ならば＜その先＞を考えよう。―大澤 真幸『資本主義の〈その先〉へ』橋爪 大三郎による書評,https://news.yahoo.co.jp/articles/c39e999a348c79da9a1c6b9529ff20c78f941a98,9/21(木) 6:00
allreview,古今東西の歴史に精通する博覧強記の歴史家による読書案内―山内 昌之『歴史を知る読書』本村 凌二による書評,https://news.yahoo.co.jp/articles/fc490258839e8b0c246096f6d10472a2cf57dcb4,9/19(火) 6:00
allreview,恐ろしいのは忘却。人はすぐに忘れる。忘れると、同じようなことを起こす。―辻野 弥生『福田村事件 関東大震災・知られざる悲劇』武田 砂鉄による書評,https://news.yahoo.co.jp/articles/a751994f08e0070b7ff3f351be7a3dce15a053af,9/14(木) 6:00
allreview,売り込みや報奨では人は動かない。抵抗の解消が鍵―ロレン・ノードグレン『「変化を嫌う人」を動かす: 魅力的な提案が受け入れられない4つの理由』,https://news.yahoo.co.jp/articles/ef23a83b102c232e77fbb1ba522f86af3ccaf4c1,9/5(火) 6:00
allreview,時代に早すぎた異能の人、本邦初評伝―四方田 犬彦『大泉黒石: わが故郷は世界文学』沼野充義による書評,https://news.yahoo.co.jp/articles/0495f470e2f83d8cca1c149723f9bea2213cf4f8,9/2(土) 11:30
allreview,エッセイには文芸への入り口を広げる力がある。―酒井 順子『日本エッセイ小史 人はなぜエッセイを書くのか』永江朗による書評,https://news.yahoo.co.jp/articles/0ea0388959f522f5e9273609ea86f7e1fd7edc6d,9/1(金) 18:30
allreview,漢文を学ぶための格好の入門教材「故事成語」の魅力とは―樋口 敦士『故事成語教材考』,https://news.yahoo.co.jp/articles/a8c6b784596245f9917763c3420c221078ff86bb,9/1(金) 6:00
allreview,神への畏怖と闇への恐怖がファンタジーへ昇華する―ボリア・サックス『図説 世界の神獣・幻想動物:ファンタジーの誕生』,https://news.yahoo.co.jp/articles/93386229f654c4034936e1eef48e1a526fa9076a,8/30(水) 6:00
allreview,大和王権の列島支配と国造―鈴木 正信『日本古代の国造と地域支配』,https://news.yahoo.co.jp/articles/092b5b276a5841c52848fcda2fdcca1aa15717db,8/29(火) 6:00
allreview,北欧神話が基本からわかる！―マーティン・J・ドハティ『［ヴィジュアル版］北欧神話物語百科』,https://news.yahoo.co.jp/articles/018b7467ebf979fa20e41646e571ffd89d613dd8,8/29(火) 6:00
allreview,持続可能な農業システムは崩壊寸前。いま肥料が危ない―ダン・イーガン『肥料争奪戦の時代:希少資源リンの枯渇に脅える世界』,https://news.yahoo.co.jp/articles/12acc0fdcf883ebc0591bc77e5c12c14567baef6,8/28(月) 6:00
allreview,『ぐりとぐら』のかすてらに見える “おいしさの根源”―なかがわ りえこ『ぐりとぐら [ぐりとぐらの絵本]』,https://news.yahoo.co.jp/articles/f5ff941dbd367fb0d9bdbd662c5feb9c6d6fc949,8/25(金) 9:00
allreview,女性史がひらくフェミニズムのかたち―山家悠平『生き延びるための女性史: 遊廓に響く〈声〉をたどって』,https://news.yahoo.co.jp/articles/4c56c0ce32e62072cbf36bdd00cf9c29fb1ca99b,8/25(金) 6:00
allreview,『書評家人生』刊行記念！ 鹿島茂が、40年にわたる自らの「書評家人生」を振り返る―鹿島 茂『書評家人生』,https://news.yahoo.co.jp/articles/2fbce77b29de437537396f6abde233a808b43dee,8/18(金) 6:00
allreview,専門的知見で寺子屋の実像に迫る―八鍬 友広『読み書きの日本史』張競による書評,https://news.yahoo.co.jp/articles/c9fbf16553ea3bef4de9551a99309c4ed5b9c6d8,8/17(木) 11:45
allreview,蚊との戦いは人類誕生と同時に始まっていた―ティモシー・ワインガード『蚊が歴史をつくった: 世界史で暗躍する人類最大の敵』鹿島茂による書評,https://news.yahoo.co.jp/articles/8ccc8d3a82f27b490a888ca476f4e5bb5b9b7248,8/16(水) 11:00
allreview,子どもまで巻き込んだ沖縄戦！ 悲劇の背景を学校や教育の視点から分析する―川満 彰『沖縄戦の子どもたち』,https://news.yahoo.co.jp/articles/a34f438182c5626505931b1e1f504f798600cba7,8/15(火) 6:00
allreview,いまを思索する、世界的水準の仕事―東浩紀『観光客の哲学 増補版』橋爪大三郎による書評,https://news.yahoo.co.jp/articles/6231f22c11c22b5ef141541e83e2ed3fb65b1122,8/14(月) 7:00
allreview,"言語の起源に接近した知的刺激に満ちた一冊。本年度の新書大賞の有力候補―グレゴリー・ベイトソン『精神の生態学へ(上)』、今井 むつみ,秋田 喜美『言語の本質』―鹿島 茂による読書日記",https://news.yahoo.co.jp/articles/2791d06cb457008d877a06daa923f446bc1cfe08,8/11(金) 17:30
allreview,なぜ、あの「語り」に惑わされるのか―大治 朋子『人を動かすナラティブ なぜ、あの「語り」に惑わされるのか』,https://news.yahoo.co.jp/articles/ff7a68a70eed4fe6b245011d8bd1da38408f7404,8/7(月) 6:00
allreview,「鉄道好きな人」みな早口？ 京大院卒芸人が考える「〇〇キャラ」呪縛―九月『走る道化、浮かぶ日常』,https://news.yahoo.co.jp/articles/696eb8eda6e2bb2c6983ead2f587a1a73e61b3e2,8/3(木) 17:00
allreview,草双紙を知らないなんてもったいない！―叢の会『江戸の絵本読解マニュアル: 子どもから大人まで楽しんだ草双紙の読み方』,https://news.yahoo.co.jp/articles/9cd272d58a0d06bc6cdb343346a4bcb93a64ab5b,7/31(月) 6:00
allreview,"NHK朝ドラ「らんまん」のモデル牧野富太郎と土佐人キャラクターの魅力―谷 是,谷村 鯛夢『らんまんの笑顔 「人間・牧野富太郎」伝』",https://news.yahoo.co.jp/articles/06f65f9f7565d3c6bfbbaf9660dc9ac8fa31f13d,7/27(木) 6:00
allreview,なぜ数学者には黒板が必要なのか？―ジェシカ・ワイン『数学者たちの黒板』,https://news.yahoo.co.jp/articles/3b787c2ce3d5e00a58d54bf741715fd983d54c17,7/26(水) 6:00
allreview,LGBT・スキャンダル・恋愛小説…。歴史学が「恋」の世界を熱く語る！―『日本歴史』編集委員会『恋する日本史』,https://news.yahoo.co.jp/articles/144d43f8b9fd763f756cd14783608b5714e144eb,7/26(水) 6:00
allreview,食べ物と心の相関関係が最新研究で明らかに！―メアリー・ベス・オルブライト『こころを健康にする食事の科学』,https://news.yahoo.co.jp/articles/57e0c7c7567f4301a497a03ca65fdcd5cac448ce,7/26(水) 6:00
allreview,私たちは、ホラー小説の何が怖いのか―風間 賢二『ホラー小説大全 完全版』,https://news.yahoo.co.jp/articles/6e5eacb6a8c1feecec42368c66aff6ee7ed70b0e,7/26(水) 6:00
allreview,絵と詩で生まれたおばけ園の世界―山崎 るり子『おばけえんは すぐそこです』,https://news.yahoo.co.jp/articles/7434431e424851e5f96d7861e4822a287a707084,7/25(火) 9:00
allreview,いつの時代でも、どんな場所でも、ダンスは存在する―ロバート・ヒルトン『［ヴィジュアル版］ダンスの歴史:宮廷ダンスからブレイキンまで』,https://news.yahoo.co.jp/articles/a47cae8242f5b578232878292e2ecb2422f58fb5,7/25(火) 6:00
allreview,食材と献立、調理から眺めると意外なほど豊かな中世の日々が見えてくる―ハンネレ・クレメッティラー『［図説］食材と調理からたどる中世ヨーロッパの食生活:王侯貴族から庶民にいたる食の世界、再現レシピを添えて』,https://news.yahoo.co.jp/articles/3c3609c99b3519476293ca418803b42b056e82e6,7/24(月) 6:00
allreview,なんでこんなものを書いたのか？ヘンテコリンな志怪の世界―佐野 誠子『怪を志す―六朝志怪の誕生と展開―』,https://news.yahoo.co.jp/articles/e770aac5c1e100b348b309539af4758c0db75d15,7/21(金) 6:00
allreview,『出雲国造北嶋家文書』新出文書の発見と翻刻―井上 寛司ほか『出雲国造北嶋家文書』,https://news.yahoo.co.jp/articles/21305501bd5158588b36dd482d08a3cffa61b915,7/21(金) 6:00
allreview,日本の木造民家はなぜ長持ちするのか。耐久性を克服する知られざる秘訣とは―中村 琢巳『生きつづける民家: 保存と再生の建築史』大場 修による書評,https://news.yahoo.co.jp/articles/10c97699b6b13b6e41446fe6165a801efe56f614,7/20(木) 6:00
allreview,「どこか族」と「どこでも族」―河野真太郎『この自由な世界と私たちの帰る場所』,https://news.yahoo.co.jp/articles/e7e78bc1a6aafcee20712dd0e58819a2a5c793b5,7/20(木) 0:00
allreview,チベットから世界に出るべき作家の神髄を、ご堪能あれーラシャムジャ『路上の陽光』長瀬 海による書評,https://news.yahoo.co.jp/articles/f9a83c614c576738f87de9124b4fa4284d297b18,7/14(金) 12:00
allreview,―河野真太郎『この自由な世界と私たちの帰る場所』青土社による書評,https://news.yahoo.co.jp/articles/4d7ae0fe68f6b6bd87673b922901bc18cb054497,7/13(木) 0:00
allreview,―河野真太郎『この自由な世界と私たちの帰る場所』青土社による書評,https://news.yahoo.co.jp/articles/d0520bf7a463d728167fbf191fa826e003b4e033,7/13(木) 0:00
allreview,"「失われた30年」はこのまま続く。経済成長なき時代を生き抜くための異色対談―養老 孟司,藻谷 浩介『日本の進む道 成長とは何だったのか』",https://news.yahoo.co.jp/articles/f3ef7459da56b9c874126c1a20002e7f2483e6d1,7/10(月) 6:00
allreview,OLが2000万円超を稼ぐ副業“民泊” はじめるために必要な6つのステップとは？―ぽんこつ鳩子『民泊1年生の教科書――未経験、副業でもできる！』,https://news.yahoo.co.jp/articles/1b66f5304d002e84cd6a7e2d5a55a30e083145e5,7/4(火) 6:00
allreview,中国が私を拘束した狙いは何だったのか―鈴木 英司『中国拘束2279日 スパイにされた親中派日本人の記録』,https://news.yahoo.co.jp/articles/6b4530942c9df363fe36da113faad9522613b8d6,7/3(月) 6:00
allreview,誰もが知る放送の意義と意味とは―岩田 重則『「玉音」放送の歴史学: 八月一五日をめぐる権威と権力』,https://news.yahoo.co.jp/articles/bd47a3f01513275b706aaff1b7007b3c0ae5e336,6/30(金) 21:00
allreview,小さな蚊が人類史に及ぼした大きな影響とは―ティモシー・ワインガード『蚊が歴史をつくった: 世界史で暗躍する人類最大の敵』,https://news.yahoo.co.jp/articles/f9fce4ca0cbc3bd8a33275481fcaa843d7097b73,6/30(金) 6:00
allreview,人類は何を生み出し、そこにどんな問題が生じ、いかに解決してきたのか―フィリップ・コガン『経済の流れと仕組みでわかる人類の1万年史』,https://news.yahoo.co.jp/articles/5654e1f9a92aa59d48a108b18b7cc66d9ec59954,6/28(水) 6:00
allreview,世界外交の要、混沌の時代の「灯台」を一望する―本間 圭一『アメリカ国務省:世界を動かす外交組織の歴史・現状・課題』,https://news.yahoo.co.jp/articles/cb41e5b51cdc9252d75d02d2004249aaea869549,6/27(火) 6:00
allreview,私たちはいかにマンガのなかの物語を読みとっているのか―細馬 宏通『フキダシ論: マンガの声と身体』,https://news.yahoo.co.jp/articles/cdb7ed660eb4207c457a16a132237b3ca976b8b6,6/26(月) 7:00
allreview,海に浮遊する微小生物のドラマ―エリック・ホイト『［フォトミュージアム］プランクトンの世界:地球の生態系を支える海中の奇妙な宝石たち』,https://news.yahoo.co.jp/articles/105fa3968490282260b2e8acaa8cac85fc4dead3,6/26(月) 6:00
allreview,人間がいなくなれば、自然は新生する 驚愕の環境ドキュメント―カル・フリン『人間がいなくなった後の自然』,https://news.yahoo.co.jp/articles/ac9df57a9516813cad92f8ad583ac61e6780f2a4,6/22(木) 6:00
allreview,貯金箱はお金が好き！？―山下 篤『ブニーとブールド』,https://news.yahoo.co.jp/articles/baddb0d024e2f498b5a3fe07aa9152a68f085020,6/21(水) 9:00
allreview,石牟礼道子にとって〈古典〉とは何だったのか―野田 研一『石牟礼道子と〈古典〉の水脈: 他者の声が響く』,https://news.yahoo.co.jp/articles/4aa1be848957993f5f595b34827c8b044279ce71,6/21(水) 6:00
allreview,「大化の改新」の主導者は、中大兄ではなかった！？ 不十分に終わった改革の真相とは―仁藤 敦史『東アジアからみた「大化改新」』森 公章による書評,https://news.yahoo.co.jp/articles/f0396017a0b4487c400bf48eeda1b68ff3598305,6/21(水) 6:00
allreview,なぜ話を聞けなくなり、どうすれば話を聞けるようになるのか―東畑 開人『聞く技術 聞いてもらう技術』由井 緑郎による書評,https://news.yahoo.co.jp/articles/51cb47bbbf154a51858e6e32471d9687b2e4f68e,6/15(木) 11:30
allreview,糖尿病で苦しんだ古代人？ 当時の献立や調理法からわかった食と病の関係とは―『古代の食を再現する―みえてきた食事と生活習慣病』,https://news.yahoo.co.jp/articles/eed5e1c5ca20a5aec01e6a7d7b35c7b166728cac,6/13(火) 6:00
allreview,江戸時代のリアルな借金事情と、禁じられた土地売買―荒木 仁朗『江戸の借金: 借りてから返すまで』,https://news.yahoo.co.jp/articles/d072a539ff17070b96f2b31ed70a6c6d2954ef81,6/9(金) 6:00
allreview,骨董通りの名付親が青山・表参道の交差点に立って思うこと―中島 誠之助『俳句エッセイ 達者でお暮らしよ』,https://news.yahoo.co.jp/articles/18b9d06915e28720259803d6a349331662c48616,6/8(木) 6:00
allreview,思わせぶりな縄文時代を読むために―望月 昭秀ほか『土偶を読むを読む』,https://news.yahoo.co.jp/articles/628e0f573843e786115533987aa81c24854a5c2f,5/31(水) 6:00
allreview,エスノグラフィーがひらくケアのかたちとは？―石岡 丈昇『タイミングの社会学: ディテールを書くエスノグラフィー』,https://news.yahoo.co.jp/articles/37a4d0b84bf7b8096dcdc231fbbb4815e775701a,5/31(水) 6:00
allreview,ジャズミュージシャンのジェンダー分析―マリー・ビュスカート『女性ジャズミュージシャンの社会学: 音楽性・女性性・周縁化』,https://news.yahoo.co.jp/articles/5723bb6889e837501f1aa1b10f1b66c723d55608,5/30(火) 6:00
allreview,杉浦康平と〈写研〉、両者のコラボがもたらした紙媒体の〈革命〉とは―阿部 卓也『杉浦康平と写植の時代: 光学技術と日本語のデザイン』鹿島 茂による書評,https://news.yahoo.co.jp/articles/4aff1c0d72f300cbc1e36d7aeb46008854355de2,5/26(金) 11:30
allreview,合戦するのに米が足りない！？ 勝敗を左右したモノとカネの「戦争経済」とは―久保 健一郎『戦国大名の兵粮事情』橋本 雄による書評,https://news.yahoo.co.jp/articles/3480dd60db1695b457488858fdda5677f251f8eb,5/26(金) 6:00
allreview,杉浦康平と写研との歴史的な共鳴がどのようなものだったか―阿部 卓也『杉浦康平と写植の時代: 光学技術と日本語のデザイン』,https://news.yahoo.co.jp/articles/9ff30b2302587d890c6eeb799adcb3de343c55b8,5/24(水) 18:30
allreview,人類の移動から世界史を見渡す―フィリップ・パーカー『世界の移民歴史図鑑』,https://news.yahoo.co.jp/articles/1d665bc49eb9a2e9a8f4501e74cf831a3e57f24f,5/23(火) 6:00
allreview,服飾から読み解くジェンダー、価値観、アイデンティティーの変遷―キンバリー・クリスマン=キャンベル『スカートと女性の歴史』,https://news.yahoo.co.jp/articles/7d7d245c586cb509ec145cd51fdf9f8d55159c4b,5/22(月) 6:00
allreview,日本神話の舞台「古代出雲」の地誌『出雲国風土記』。その原本の姿を探る―島根県古代文化センター『出雲国風土記: 校訂・注釈編』,https://news.yahoo.co.jp/articles/70d4142fd9fcc9147d8aaa0267ada612fe72f2c7,5/19(金) 6:00
allreview,おじいちゃんのくしゃみは世界一！？―阿部 結『おじいちゃんのくしゃみ』,https://news.yahoo.co.jp/articles/0c10e36e647cdcf4f7b20b1ac4e5d810fef77a77,5/18(木) 6:00
allreview,格差・責任・民族…近代の袋小路に挑み続ける著者がパリ第八大学で説いてきた知の方法論とは―小坂井 敏晶『矛盾と創造 自らの問いを解くための方法論』,https://news.yahoo.co.jp/articles/3cc9469cce00f1ef40d57ad2bd3e07c4fed5bc73,5/9(火) 6:00
allreview,なぜ禰豆子と玉壺は箱や壺に入るのか？その意外なルーツ―久保 華誉『なぜ炭治郎は鬼の死を悼むのか: 昔話で読み解く『鬼滅の刃』の謎』,https://news.yahoo.co.jp/articles/2cacb9f33f3cb859ee1109bca83f9ff057679498,5/8(月) 6:00
