media_en,title_articles,link_articles,date_original
dempad,東芝が独に新技術拠点「リジェネラティブ・イノベーションセンター」　欧州の中核、CNや循環経済に貢献,https://news.yahoo.co.jp/articles/7f564e093cb6e11887f641967b353ad27b54e29d,9/21(木) 7:30
dempad,東芝、「TOB成立見通し」と発表　年内にも上場廃止へ,https://news.yahoo.co.jp/articles/a0f04761e2f0deae91fad0e7527b387819522a08,9/20(水) 21:11
dempad,米インテルが新型のAI半導体発表　3Dチップレット採用も,https://news.yahoo.co.jp/articles/c60bab3a497315fae29cdf44dd36b49023d08dd9,9/20(水) 20:31
dempad,テレビ放送と動画配信をセットで提供　JCOMが10月から新サービス、パラマウント＋も提供,https://news.yahoo.co.jp/articles/77011a65c3f42d43ecb2117e960430656e26dc19,9/20(水) 20:00
dempad,「生成AIで企業のイノベーション推進を」　日立の小島社長が講演で強調,https://news.yahoo.co.jp/articles/64437c8fb7f2ac0221726d3b30457fe03a3de727,9/20(水) 19:40
dempad,3連休の家電量販店、優勝セールや「敬老の日」好適品に動き,https://news.yahoo.co.jp/articles/02972e3f7aa5bed98710d9bba5a8d0ed7d4158ed,9/19(火) 20:02
dempad,インテル、CPU基板をガラスに　AIなどで高性能化、20年代後半から,https://news.yahoo.co.jp/articles/b71647a1e31920c769c005f3db94e4f7df7c1290,9/19(火) 19:01
dempad,米マイクロソフト最高製品責任者が退社　アマゾンへ転身か,https://news.yahoo.co.jp/articles/7d4b2e200bc7ad568b52358e3fd9931f9a3e5dce,9/19(火) 18:40
dempad,EMOハノーバー開幕　工作機械などの最新トレンド一堂　生成AIにも注目,https://news.yahoo.co.jp/articles/2c63c2feac8a39b53befc58d4f238600bf9195f7,9/18(月) 18:00
dempad,政府、自動運転レーンを一般道にも拡大　デジタルライフライン整備で方針,https://news.yahoo.co.jp/articles/8db9024ab98df1c39b4c52bc8ff8849c730afc28,9/16(土) 17:02
dempad,パナソニック インダストリー、業界初のAI搭載サーボシステム発表　熟練の技を実現,https://news.yahoo.co.jp/articles/c1aae16cb9f6d403ce5d4299d9a6d845fbf0f932,9/16(土) 11:24
dempad,スタートアップ向け拠点を米シリコンバレーに　政府が海外進出後押し,https://news.yahoo.co.jp/articles/d34c0158a9ed9508d97b1c6083c2895a3ae5eeee,9/16(土) 10:49
dempad,JR西日本とソフトバンク　自動運転と隊列走行技術を用いたBRTの公道での実証実験,https://news.yahoo.co.jp/articles/7d2a751b759ef1a29482570b9bcad79fc1501b66,9/15(金) 21:10
dempad,「IBC2023」が蘭アムステルダムで開幕　メディアの未来を見据えた技術紹介,https://news.yahoo.co.jp/articles/c4260b34fbb26f572d63d6784b69e58672a5b943,9/15(金) 20:30
dempad,夜間店舗を自販機に　NRIが「ロボットコンビニ」の実験公開,https://news.yahoo.co.jp/articles/2130d99b4d7f93af789b490fde1a2c9c9120c731,9/15(金) 19:50
dempad,パナソニック静岡工場が操業50周年　洗濯文化に大きく貢献,https://news.yahoo.co.jp/articles/1f0d2b53335b47e6364a7a0034e81b10e8fff08f,9/15(金) 8:00
dempad,台湾のスタートアップが日本で集結　あすまで「サミット」,https://news.yahoo.co.jp/articles/ccfdf786750c156c2c37e76b2bdecc3096a74f1c,9/14(木) 21:02
dempad,河野デジタル相、「変化を実感してもらえるように」　就任会見で一体改革に意欲,https://news.yahoo.co.jp/articles/ddfc2a3e61103be5564e5ed88998ce886276cdd2,9/14(木) 19:50
dempad,家庭用インドア製品を白に統一　黄色でおなじみのケルヒャーが方針転換　〝魂〟の高圧洗浄機は対象外,https://news.yahoo.co.jp/articles/9fde9e8a4d147514867547ca049dec93495ed99d,9/14(木) 18:20
dempad,カルテック　クラファンで好評の小型除菌脱臭機を一般発売,https://news.yahoo.co.jp/articles/32c402c0bb2b9c54696068732198f75ca93ff77e,9/13(水) 20:20
dempad,家族の暮らし支援サービス普及に意欲、サブスクを大幅値下げ　パナソニックHDの松岡執行役員,https://news.yahoo.co.jp/articles/569377fd20e2402e75d7234bf707e75ebcf6d8aa,9/13(水) 19:51
dempad,米国では7割がファクシミリを利用　CIAJ調査,https://news.yahoo.co.jp/articles/c826e33c3509a34a757f71a51ce33eb281a2dbe5,9/13(水) 19:21
dempad,24年問題テーマに国際物流総合展が開幕　東京ビッグサイトで最大規模の400社出展,https://news.yahoo.co.jp/articles/c759a5e8c3beca4a2ba62199c7fc392bcf71a550,9/13(水) 16:00
dempad,TSMC、アームに出資　最大1億ドル　インテル傘下のIMSにも,https://news.yahoo.co.jp/articles/829d294c82fb2613bb7ed98ff6ec64d8192a2ec4,9/13(水) 13:10
dempad,5層構造で〝毛布いらず〟　TENTIAL初の掛布団を10月発売,https://news.yahoo.co.jp/articles/5a792820ad9ea3761271ba768e3f5ea2c541d00d,9/12(火) 21:02
dempad,ガバメントクラウド調達　企業の共同提案可能に、12日に公募開始,https://news.yahoo.co.jp/articles/64cf92d0369cbb9dbb748618005ea666d0c10160,9/12(火) 20:31
dempad,アイロボットが初の空気清浄機を10月発売　ロボット掃除機で培ったAI技術活用,https://news.yahoo.co.jp/articles/58d8901277fcc8fdfc4435e9a3e4bf07de074ded,9/12(火) 19:32
dempad,道路の「ポットホール」、AIで検知　東芝などがソリューション,https://news.yahoo.co.jp/articles/162a725a69b86e2229d1e85ebcad28d0911bb3ac,9/12(火) 11:50
dempad,大阪・関西万博　日本政府館起工式　「いのちと、いのちの、あいだに」がテーマ,https://news.yahoo.co.jp/articles/9656146e1ea5c1c36fc3077fe6435270e313dfc6,9/11(月) 21:01
dempad,各地域電器店、キャッシュレス決済の多様化進む,https://news.yahoo.co.jp/articles/b95295e5eeddf5d7dbb9b24d926e4e6065872826,9/11(月) 20:01
dempad,26年度で1750校に導入へ、カシオが教育事業を強化,https://news.yahoo.co.jp/articles/8be286060057bb4548fe8ef035f81b5a23d0bb44,9/11(月) 19:40
dempad,オムロン、株式公開買付によりJMDCを子会社化へ,https://news.yahoo.co.jp/articles/051d0c00ccb2d410e41b7a1a6500050cfcc9f341,9/11(月) 18:40
dempad,エヌビディアと東京工科大学、デジタルツインやメタバース人材育成へ協定締結,https://news.yahoo.co.jp/articles/e94a913d1e400d9b662a885315bde0e2a9ea7e30,9/11(月) 17:30
dempad,データ侵害コスト過去最高更新　IBM調査、AIや自動化で対策呼び掛け,https://news.yahoo.co.jp/articles/f7721dcb6d1bc927da9c0e6eade472fed6e5f972,9/11(月) 15:30
dempad,AI医療機器のアイリスが優勝　スタートアップワールドカップ東京予選　日本初の独創力を世界に示す,https://news.yahoo.co.jp/articles/0f2b258517a816045c55fe53c74a7bd7227d0a85,9/9(土) 15:00
dempad,TSMCの3ナノでチップ開発　メディアテック、主力のSoC,https://news.yahoo.co.jp/articles/8ebcd1fe4cb50157746ef0512d36f1c5e94e66ff,9/8(金) 17:15
dempad,生成AIも使い大統領選に介入か　マイクロソフトが中国のデジタルでレポート,https://news.yahoo.co.jp/articles/71c0c911e4712e228a5c8197eaa8505dff0fc93e,9/8(金) 16:41
dempad,自治体システムの標準化、移行期限遅れを容認　閣議決定,https://news.yahoo.co.jp/articles/8108dedd13ce34fad56098f409446f38d0126af1,9/8(金) 16:03
dempad,ホンダ、テスラの充電規格採用　2025年北米発売EVから,https://news.yahoo.co.jp/articles/58f163ec9134d69628bc0d88e1d31857e93e4616,9/8(金) 15:31
dempad,家電新興のSANKA、新潟・三条の加工技術生かしたUVスチーム加湿器発売,https://news.yahoo.co.jp/articles/d17a231eb40ca4d51eb911880b06aef1e22bb511,9/8(金) 15:04
dempad,日本ケーブルテレビ大賞番組アワード　都内で開催,https://news.yahoo.co.jp/articles/bf1442c7670690775918270a4dd7a2cd8b410b84,9/7(木) 20:20
dempad,パナソニックHD、HD-PLCのブランドを「Nessum」に変更,https://news.yahoo.co.jp/articles/a569a307e3ab858a18b439b371a914f3781e6a3c,9/7(木) 19:31
dempad,「AI同様、ARは日用品に」　中国XREAL共同創業者インタ　市場浸透の展望語る,https://news.yahoo.co.jp/articles/22608aa30377abf1759c6759f297bb6382492b54,9/7(木) 18:11
dempad,EVなど全固体電池に新技術　AGCが硫化物固定電解質で,https://news.yahoo.co.jp/articles/b46999f80f93bb67fd49d17db7ca3961487bcb8c,9/6(水) 21:00
dempad,デジタル教科書の活用促進へ協議会設立　閲覧サービス提供,https://news.yahoo.co.jp/articles/c8680a74be5fb1b1ff822e9c3957b60b24af69ae,9/6(水) 20:11
dempad,電力調達のコスト課題解決　オムロンGがソリューション,https://news.yahoo.co.jp/articles/e9bafa65f7271be18c8285183da16ec98fd34d7e,9/6(水) 19:02
dempad,光電融合導入や半導体超微細化に注力　新会社「NTTイノベーティブデバイス」が事業説明,https://news.yahoo.co.jp/articles/0139276069f61bddb0cc79b25723f25b825236a7,9/6(水) 18:30
dempad,富士フイルムがチェキフィルム増産、主力工場に約45億円追加投資,https://news.yahoo.co.jp/articles/2ebcaa33f2608d9cda6990385a7b52c75e8e6156,9/6(水) 17:41
dempad,JASIS2023開幕　ヒトゲノム解読20年で特別企画,https://news.yahoo.co.jp/articles/0a515346cb3772df747be9d02f294a476f5d0467,9/6(水) 13:20
dempad,GaNパワーデバイスへOKIと信越化学がタッグ　「縦型」実現の新技術,https://news.yahoo.co.jp/articles/21c61a91d0c2119920ed793e5a888d985b29d867,9/5(火) 21:30
dempad,中国からのインバウンド、医療でも　アリババが「ツーリズム」の新事業,https://news.yahoo.co.jp/articles/57611d2ad26c3df30cce631b1aba90c24fb290b3,9/5(火) 21:02
dempad,AIと専門家がダイエット支援、継続性を徹底追求　issinが新サービス提供,https://news.yahoo.co.jp/articles/efa4383c8a154ed71499a899049d35582373001b,9/5(火) 20:20
dempad,NPOのデジタル化を支援　テック大手4社が協力,https://news.yahoo.co.jp/articles/1b0192a171503fb409f7acd9bf4ba73e8b5d143f,9/5(火) 19:31
dempad,「日本の半導体、冬の時代」から再生めざす　ラピダス、記者会見などで展望,https://news.yahoo.co.jp/articles/7d45e8970e42f1d975370d16c4511f2c51daa590,9/4(月) 21:20
dempad,位置情報ゲーム「信長の野望」に採用　デジタル地図訴求のマップボックス,https://news.yahoo.co.jp/articles/719231ed29b037b43f5ab7bd800fd04ad18fb3d3,9/4(月) 20:40
dempad,各家電量販店、防災・防犯に「備える」アイテム充実,https://news.yahoo.co.jp/articles/d6312e7f4111273f4b149b7723a0fdd9a98d0d8a,9/4(月) 20:30
dempad,欧州有数の見本市「IAAモビリティー」、5日からベルリンで　BYDなどに注目,https://news.yahoo.co.jp/articles/420c7dc3da489ca5239e28a7f277f60340ab1874,9/2(土) 14:01
dempad,原発処理水の放出に起因したサイバー攻撃に警戒、ラックが注意喚起,https://news.yahoo.co.jp/articles/e3c0424c72f8529c4ef23379b0a25ed04470a6ef,9/2(土) 13:09
dempad,韓国SKオン、最高級のイオン伝導度の電解質　EV電池の性能向上へ,https://news.yahoo.co.jp/articles/9e45c4615aab078fbb7bdd34108e5065158df2cb,9/2(土) 11:40
dempad,先端半導体のラピダス、北海道千歳市で開発・生産拠点の起工式　世界で地位確立へ,https://news.yahoo.co.jp/articles/44245b278eca489c2cce0aa192df356f20409948,9/1(金) 23:46
dempad,ビックカメラ聖蹟桜ヶ丘駅店がコジマ×ビックカメラへ 理美容や知育玩具の品ぞろえ拡大,https://news.yahoo.co.jp/articles/7c4b46387d4c32c752e6dc9790adcbbb77e8de1e,9/1(金) 21:00
dempad,デジタル庁、行政手続きの専門家と連携　処理の迅速化を推進,https://news.yahoo.co.jp/articles/56da084808f5ee3e9bd291521f50c6651bcbbac7,9/1(金) 20:31
dempad,海外パビリオンの建設を急ぐ　万博協会の石毛事務総長が定例会見,https://news.yahoo.co.jp/articles/1e4fa4655dfaf49119ea552fd2a2aa2d232f076e,9/1(金) 19:50
dempad,東大阪の町工場がバーに　盛光SCMで「Co-Bar」,https://news.yahoo.co.jp/articles/2dd4c354d41b6b291a6f48d6c7c0967fbebe4d43,9/1(金) 19:41
dempad,子どもたちが産業用ロボットを身近に体感　三菱電機が兵庫県三田市の小学校で「ロボットキャラバン」,https://news.yahoo.co.jp/articles/f130745993e82726d425601eb34dfc094e5c1d0b,9/1(金) 15:30
dempad,ツインバード、自社ブランドのリアル店舗　25年度までに開設へ,https://news.yahoo.co.jp/articles/4d3be3fb5c5bbbded7483b584038c5e448bf6a10,8/31(木) 20:00
dempad,上下水道使わず水を再生・循環　WOTAが住宅で実証実験開始　日本の水道問題解決に新たな一手,https://news.yahoo.co.jp/articles/92e55822ce2ee798ffd62f7754e62a7f9ab20984,8/31(木) 19:12
dempad,「発電するガラス」実証実験　パナソニックのペロブスカイト太陽電池　経済安保の柱の一つにも,https://news.yahoo.co.jp/articles/f81be4bf0050331fbaa77c5aca422023e86f9223,8/31(木) 17:02
dempad,業界初、定点で電源不要のサーモカメラ　NBKマーケティングが本格展開,https://news.yahoo.co.jp/articles/a628e75786a76833c85b66c2e98aa2e736ef7572,8/30(水) 21:31
dempad,AIで製造業の脱炭素化を支援　日立ソリューションズがソフト提供,https://news.yahoo.co.jp/articles/c45704487f8d54638bb911e77c2b08fc9de7ff2e,8/30(水) 20:30
dempad,米グーグル、日本語検索に生成AI組み込む　新サービスの試験運用開始,https://news.yahoo.co.jp/articles/455b00abd97c6c69aeb229ad11c1a576a285de1b,8/30(水) 19:00
dempad,auスマホと衛星が直接通信へ　KDDIとスペースX、24年内目指す,https://news.yahoo.co.jp/articles/53e3d1288f291140e3e5fdc4027bfbc8e5e2c7c6,8/30(水) 16:01
dempad,NECプラットフォームズ掛川新工場が本格稼働　ローカル5Gでロボ制御　生産効率30％向上,https://news.yahoo.co.jp/articles/7e65a192b1f426ea4a56602d8af27ac6f847bbfe,8/30(水) 12:30
dempad,薬の服用の検知などで高齢者見守り　福島・会津若松で実証事業、SMKなど参画,https://news.yahoo.co.jp/articles/4170db74e7e4f44379215646eab338e930202bfd,8/29(火) 20:03
dempad,米EMSの中国事業、BYD傘下に　3200億円　スマホなど電子部品強化か,https://news.yahoo.co.jp/articles/5f836efdb891e108a2223c9fb31cbabbde335e29,8/29(火) 19:31
dempad,大阪で「中国遼寧省輸出商品展示会」　31日まで開催,https://news.yahoo.co.jp/articles/b0f461d4e88bc005cffc606a1286e671dcc23c38,8/29(火) 18:51
dempad,米キーサイト、AIや次世代車で展望　ダナセカランCEOが来日,https://news.yahoo.co.jp/articles/8daf8478a43ccf63719476c3be620fc92bdc0a96,8/29(火) 18:30
dempad,電子部品メーカー主要40社の第1四半期決算(4～6月)、厳しい内容に　8割の企業が営業減益または営業赤字を計上,https://news.yahoo.co.jp/articles/24c26bdce37877076d18307e20f7b5fca0e2a0ec,8/29(火) 17:31
dempad,教員の働き方改革へ生成AI(人工知能)　中教審が提言　ICT活用や実証事業も,https://news.yahoo.co.jp/articles/f76e6618b385864c0fa44db5ea1ee6ea0099df15,8/28(月) 21:30
dempad,東大、カルテックなど　光触媒でイヌ・ネコアレルゲン分解に成功,https://news.yahoo.co.jp/articles/4f7c2db050bec4a180dbbb271e546d879c0a02d1,8/28(月) 21:01
dempad,各自治体で進む省エネ家電購入補助金、販売促進にも一役,https://news.yahoo.co.jp/articles/46baa438375080ba428f078f0ab9c47452bb19c2,8/28(月) 19:01
dempad,全固体電池の高エネルギー密度化　ソフトバンクとエンパワー　300Wh／kg達成,https://news.yahoo.co.jp/articles/1090aff4525666c1ddac40b5828fb0de6fa433b3,8/26(土) 12:00
dempad,米メタが生成AI公開　商用向けに無償で　米テック大手がそろう,https://news.yahoo.co.jp/articles/97f177a2f9c45cde79e39d97a0df60a03b79312a,8/26(土) 11:50
dempad,アナログ規制の見直しで2.9兆円のコスト削減効果　デジタル庁が推計,https://news.yahoo.co.jp/articles/15096e193b4b429c1c128ca7d0d944f34b28468e,8/25(金) 22:20
dempad,ヨドバシ子会社の登山家、7708メートルのティリチミールの未踏の北壁登頂を報告,https://news.yahoo.co.jp/articles/8412fa31e075d218dc146889c43d488e26123995,8/25(金) 22:20
dempad,富士フイルムが写真展をパッケージ化　新サービスの提供開始,https://news.yahoo.co.jp/articles/fe57aafa9425adfb5db021ce4468d297397d2b6e,8/25(金) 22:00
dempad,LLMと画像分析で被災状況把握　NECが初動支援で新技術,https://news.yahoo.co.jp/articles/3dd19abfe77f5ab55ee03026e476886b02ff1782,8/25(金) 21:51
dempad,大学の研究テーマを一堂に　「ビッグサイトで「見本市」　300シーズ披露,https://news.yahoo.co.jp/articles/20daf0bb39622db9d7995c002685a8f0bdab4ab2,8/24(木) 20:30
dempad,シャープが新構造の空気清浄機を日本初投入　「加湿なし」製品の販売構成4割めざす,https://news.yahoo.co.jp/articles/bae249d03d77e0aa50fd707b803a0507a8515076,8/24(木) 20:03
dempad,訪日外国客数が回復、家電量販店ではインバウンド需要に対応　多言語対応や日本文化を感じてもらえる売り場へ,https://news.yahoo.co.jp/articles/b64a270bbedf62b2151a6dc0aa27509547bdf0e4,8/24(木) 12:20
dempad,メタが多言語翻訳のAIモデル　シームレス訴求　一般公開へ,https://news.yahoo.co.jp/articles/4fdba5a2be349cd4d14d03e895e34ab17b73c736,8/23(水) 20:31
dempad,町工場の技術を結集　COBAが高級システムキッチン　人と環境に優しい製品に,https://news.yahoo.co.jp/articles/4b4194e8f8fb994eb0f162259599b46388b04578,8/23(水) 20:00
dempad,大平洋金属とマイクロ波化学、マイクロ波を利用したニッケル精練技術を共同開発　化石燃料からの脱却図る,https://news.yahoo.co.jp/articles/d1de315e7f6fa741aaeeacb01eb6dff7e5817ba4,8/23(水) 19:40
dempad,HIOKI、新工場開設へ土地建物を取得　脱炭素の流れで需要拡大、生産力増強へ,https://news.yahoo.co.jp/articles/4d479b7ebbc4271a332982a0be5622ed974fe378,8/23(水) 19:32
dempad,電動ドライバーのバッテリーでスマホも充電　中国ライトリーが日本市場に参入　共通電池で動く電動工具シリーズを10月発売へ,https://news.yahoo.co.jp/articles/894a42f4ae634baaf13765cd2bb66cf8cc45ccba,8/23(水) 15:30
dempad,メタバースで快適オフィス提案、三菱が10月から商談時に導入,https://news.yahoo.co.jp/articles/dba81c2c46904bb09af0d162d42c799c14034327,8/22(火) 20:01
dempad,通信料値下げの影響脱却し反転攻勢へ　携帯電話大手3社23年4～6月決算,https://news.yahoo.co.jp/articles/dad9e740dcec35d30210243655d6e69cebc275c6,8/22(火) 19:11
dempad,サムスン電子がサムスンセキュリティ技術フォーラム開催,https://news.yahoo.co.jp/articles/a1b8c162e8df8b697c13d09fa0bbba4bbba3fdd9,8/22(火) 18:31
dempad,銀座にベルギーのチョコブランド「ブノワ・ニアン」国内1号店9月16日オープン　カネカのグループ会社が展開,https://news.yahoo.co.jp/articles/49654792bb846b51229678ab28bae6951d7fbd04,8/22(火) 16:40
dempad,生成AI、「雇用の破壊より補完の可能性」　ILOがリポート、女性事務層などに懸念,https://news.yahoo.co.jp/articles/21c316b81cbb06a84b0d30ba9da69cb6f3390ca6,8/22(火) 13:02
dempad,ホンダの電動三輪スクーターがスタイリッシュに大変身　広島のオーエイプロトがフルカスタマイズ品を限定生産,https://news.yahoo.co.jp/articles/94bd333a4d86d2a64fa7e107a614fba6c4e9ad8a,8/22(火) 12:02
dempad,攻めのDX、ソリューションサービス市場を引き続きけん引　JEITA調査,https://news.yahoo.co.jp/articles/d2de16be47a2a2ce166a77d8bbaaf6a00b6ae141,8/21(月) 20:02
dempad,アドビ共同創業者ワーノック氏が死去　82歳、「机上出版に革命」,https://news.yahoo.co.jp/articles/1652cfca493841ab1267b219164b4d4a58d5a42a,8/21(月) 19:41
dempad,サンフランシスコでロボタクシー本格稼働　アルファベット傘下ウェイモなど、全米のモデルになるか,https://news.yahoo.co.jp/articles/1ad831813ae3cb9cd967afe56fedf0324c77ac8d,8/21(月) 19:21
dempad,「ハムフェア2023」が盛況　2日間で延べ4万人以上来場,https://news.yahoo.co.jp/articles/db2a94eac31b1ab758ae246c553abc3144cefcda,8/21(月) 12:01
dempad,韓国SKオンがフォードと合弁　カナダでEV電池材料　1200億円投資,https://news.yahoo.co.jp/articles/f206539d2d31229d3ded99a481c1acbbafa3ac24,8/19(土) 12:05
dempad,マスク氏が9年ぶり来日　アジア訪問は今年2度目,https://news.yahoo.co.jp/articles/f3618fae6c5eed42b66613c105c21d963c8b2491,8/19(土) 11:40
dempad,高齢者や障害者も家電使いやすく　韓国LGがユニバーサルのキット,https://news.yahoo.co.jp/articles/74ce4504fb39843cc99e78c4428399e5c6ab57d8,8/19(土) 11:22
dempad,回復するインバウンド需要　訪日客の支援サービスも存在感,https://news.yahoo.co.jp/articles/6da75c834cb54b5bbe3e158d122e8aaecc0642ae,8/18(金) 20:40
dempad,東芝ESSと関電、EV電池の長寿命化で連携　劣化診断技術など活用,https://news.yahoo.co.jp/articles/b749417c7da7e1d94604509201899a2203b56e73,8/18(金) 20:00
dempad,生成AI巡り権利者4団体が共同声明　「著作権保護の検討不十分」,https://news.yahoo.co.jp/articles/e9ae182fe88680882e2cad46986988752b2b4ef2,8/18(金) 17:00
dempad,ハワイ・マウイの山火事　アマゾンなども支援　通信や物資輸送など,https://news.yahoo.co.jp/articles/6944592e127a3fa90fa7465b50ed6dee30e360e4,8/18(金) 13:01
dempad,ハムフェア2023　19・20日東京ビッグサイトで開催,https://news.yahoo.co.jp/articles/da2cdc088a9d41ecdf11e04b6f0d3bc5ba7fd298,8/18(金) 12:00
dempad,【工事現場ルポ】街の電器店のある日　15年前取り付けたエアコンと再会　コウモリミイラにネズミも……,https://news.yahoo.co.jp/articles/b4511f49fd1764238d82fff87466a9917ac52235,8/17(木) 13:01
dempad,デジタル庁、政府クラウドの選定要件緩和へ　国産の参入後押し,https://news.yahoo.co.jp/articles/fe1395915132508a3af89644c757c6f781e8b7f9,8/16(水) 17:50
dempad,独インフィニオン　マレーシアに追加投資50億ユーロ　半導体誘致激しく,https://news.yahoo.co.jp/articles/71228ceaa35b839e4ce97433b2212c2e16d50594,8/16(水) 15:02
dempad,半導体製造装置各社　生成AI向け需要に高まる期待　市場拡大へ生産・開発投資活発,https://news.yahoo.co.jp/articles/88f06a47d851fafe212a4bce946a4e83f6b3ef19,8/15(火) 19:32
dempad,台湾・鴻海　4～6月は減収も生成AIやEVで手応え,https://news.yahoo.co.jp/articles/a763f6d65c69727696b04c7877cd910550f26f91,8/15(火) 17:01
dempad,河野デジタル相、閣僚給与3カ月分を自主返納　マイナンバーを巡る問題で,https://news.yahoo.co.jp/articles/1fa2ef31b6b897d4714b6865e1569af68bcfd2f9,8/15(火) 16:10
dempad,各地域電器店、残暑のなか秋商戦へ　エコキュート、エアコンに照準,https://news.yahoo.co.jp/articles/341278cecd04eac000d20eb8f3309add8770dd27,8/15(火) 7:50
dempad,TDK、世界陸上オフィシャルパートナー40周年,https://news.yahoo.co.jp/articles/15ecaf4312a31fdd33dfe1c0fa0473a0deb3da8e,8/14(月) 20:01
dempad,アップルが日本市場進出40周年　「日本の匠」リスペクト　コラボ企業に異例の言及も,https://news.yahoo.co.jp/articles/e63afcc882d7a524c573aeca92b8f8bd2be515cd,8/14(月) 19:31
dempad,6G・脱炭素・パワー半導体・・・　テクノフロンティアのセミナーで最新動向に迫る,https://news.yahoo.co.jp/articles/41f898e5c903df29aaf43c45b8c29a4022d7f9a9,8/14(月) 19:11
dempad,米TI社がフィリピンで半導体投資　10億ドルで拠点拡張,https://news.yahoo.co.jp/articles/83e529f3e34233cd9d1a567cc09a38d43bd7de9d,8/14(月) 18:00
dempad,中国市場に熱い視線　電子部品の大型展示会で米・台の企業も,https://news.yahoo.co.jp/articles/c90df5d2a0d5a6fc61810e5f696b289e6cdc2e4d,8/10(木) 21:31
dempad,米で半導体法署名成立から1年　補助7兆円に投資計画460件　大統領もXにコメント,https://news.yahoo.co.jp/articles/08cb4e2ffc5edc3bb1428f974bd102ea894fca05,8/10(木) 20:20
dempad,家電量販店5社の4～6月決算　消費行動の変化で全社減益,https://news.yahoo.co.jp/articles/75a5db03ab18bc09ede9525cfeb8259f8fcc1dab,8/10(木) 8:01
dempad,量子コンピューター、必須の部品で国産支える　日本の「ものづくり」力、産総研や理研も期待,https://news.yahoo.co.jp/articles/811ab6435f6f58f0c8b48448a782fed4e5dac859,8/9(水) 20:12
dempad,政府保有のNTT株売却、甘利氏発言「感謝したい」　島田社長、NTT法見直しにも言及,https://news.yahoo.co.jp/articles/be94f5f154304c1142c62b9147446b4a6d175893,8/9(水) 19:29
dempad,台湾TSMCがドイツ進出計画発表　ボッシュやインフィニオン、NXPと合弁　27年生産開始めざす,https://news.yahoo.co.jp/articles/e0842d66f7e1eb4aaed3750e7f1c74310c52ed72,8/8(火) 21:14
dempad,「わかりすい字幕表示システム」京セラが製品化　コミュニケーション支援,https://news.yahoo.co.jp/articles/784d9a29706f9741192c5b4402f2882734098d82,8/8(火) 17:31
dempad,東レ、世界最高レベルの薄膜・軽量ミリ波吸収フィルムを開発　5G関連機器のノイズ低減と軽量化に貢献,https://news.yahoo.co.jp/articles/f4721351bf852a1d49311ee758f8fa348a7eb7e0,8/8(火) 14:00
dempad,地域電器店のお盆、顧客対応と休暇取得の両立図る,https://news.yahoo.co.jp/articles/ebf1e11990c8c2c3ce53db51f74be379b4d9fc48,8/8(火) 8:03
dempad,「超自動化」でサステナブルな生産　オムロンの電子部品事業、中国の現場に迫る,https://news.yahoo.co.jp/articles/ffda858734d7176ea7094455b2b32b2cc8340286,8/7(月) 20:31
dempad,ルネサスが仏シーカンスを買収　セルラーIoT製品加わる,https://news.yahoo.co.jp/articles/64eb6d20e91fe44a100995c29fd5ae58373ebac2,8/7(月) 19:50
dempad,「未来の科学者」に特別授業　「世界唯一」の統合分子構造解析拠点　東大、分析装置3社など参画,https://news.yahoo.co.jp/articles/a728bad008f284cb1b40824297521949c56ab694,8/7(月) 19:32
dempad,世田谷区烏山北小学校で　子供達とISSとの交信イベント開催,https://news.yahoo.co.jp/articles/40e4433ec30f0f2fbc3d29d74dac37abb5290efd,8/7(月) 12:30
dempad,電子部品メーカー大手8の第1四半期（4～6月）決算、7社が営業減益か営業赤字転落　ICT関連や産機関連を中心に調整局面が続く,https://news.yahoo.co.jp/articles/ab49dfb3c3bac3a911a009ce89cc27b75ee9a90b,8/5(土) 12:17
dempad,半導体大手がRISC-Vで新会社　クアルコムやNXPなど、アームと競合も,https://news.yahoo.co.jp/articles/f9c8f7ef94f9d7f37d1361e4c90c44fdb1edd82d,8/5(土) 11:41
dempad,政府、「AI国際戦略推進チーム」立ち上げ　生成AIを巡る議論主導,https://news.yahoo.co.jp/articles/6d0ed04e0fe7a88771e77b7cf4135463084ee2e0,8/4(金) 21:40
dempad,ソフトバンク、生成AIで新会社　大規模言語モデルなど研究開発,https://news.yahoo.co.jp/articles/9c2684f16b32923e309b6bb1f46ec692040ecf03,8/4(金) 19:14
dempad,京セラ、法人向け通信事業を強化　機器やソフトも　法人向け新スマホ発表,https://news.yahoo.co.jp/articles/d98a3792b8c1f522251dfe32ca39928e4d6441a4,8/3(木) 20:30
dempad,JDIが鳥取工場で液晶パネル生産終了へ　事業は継続、雇用維持,https://news.yahoo.co.jp/articles/5985552809a4fd1fedab36aabc56662f3a1b291b,8/3(木) 8:03
dempad,伊藤忠、情報システム子会社にTOB　最大3876億円で非公開化,https://news.yahoo.co.jp/articles/8bc079804d858ff1b38b5ecdb43ebd38d68b8914,8/2(水) 20:32
dempad,KDDI　スマホ解体教室　リサイクルの重要性を学ぶ,https://news.yahoo.co.jp/articles/100501d74960b80532c70dbb2f09e1f93f67b114,8/2(水) 19:21
dempad,コメ生産者の環境貢献を「Jークレジット」で支援　NTTコムとヤンマーマルシェ,https://news.yahoo.co.jp/articles/22b97aedf55ef3c313a6be29a384b2ce21611158,8/2(水) 18:00
dempad,パナソニック 空質空調社、千葉ロッテと野球チェコ代表交流プログラムのオフィシャルスポンサーに,https://news.yahoo.co.jp/articles/c0255783543e10d01ec604a88628ab270a903fa5,8/2(水) 17:03
dempad,アンカーが「最高峰の充電器」、新ブランド立ち上げ,https://news.yahoo.co.jp/articles/f1a2713534553dd7f318ae44ee53e92f37dcd23f,8/2(水) 12:10
dempad,「イノベーションボックス税制」具体化へ　経産省の研究会が試案　半導体やEVなど後押しか,https://news.yahoo.co.jp/articles/141fff9113941415679a0db0122c5a200c019528,7/31(月) 20:40
dempad,米AMDがインドに半導体で4億ドル投資　年次の会議でモディ首相もアピール,https://news.yahoo.co.jp/articles/de4910db336b377038e3af419f3f60085f7fb161,7/31(月) 20:02
dempad,各家電量販店　エアコン需要が依然高水準、理美容品にも動き,https://news.yahoo.co.jp/articles/c8d4c8ec0a67fd9885c0cb53630f520d418e3341,7/31(月) 20:01
dempad,キヤノンが「リケジョ」向け企業訪問　半導体装置・計測器の宇都宮事業所、県内の女子中高生に,https://news.yahoo.co.jp/articles/826f6a227350a566fb1c43188320869439b1dbf6,7/31(月) 19:32
dempad,TSMCのR&D拠点が完成　先端半導体の研究開発、台湾で引き続き,https://news.yahoo.co.jp/articles/d1b9d935d3d7f4bef1372c65c5e450c08698acc6,7/29(土) 17:02
dempad,東芝へのTOB開始、8月中にずれ込む　手続き影響,https://news.yahoo.co.jp/articles/1733dc5bf37cf5d200723821a2f748e38fb4e09e,7/29(土) 16:00
dempad,屋外用「ルンバ」同様のロボ、豊和工業が発売へ　佐吉翁ゆかりの老舗がロボ新興ZMPとタッグ,https://news.yahoo.co.jp/articles/fa587df4c37339dca6a94af4a5dc80226a8c331d,7/28(金) 21:31
dempad,大阪シティ信用金庫　中小企業の万博出展を支援,https://news.yahoo.co.jp/articles/481f40ae5fd0cacd7b00607c5b072fff294e119f,7/28(金) 20:00
dempad,ノベルクリスタルが9.5億円調達　新規に三菱電機など出資,https://news.yahoo.co.jp/articles/34c9bc308faba13a19b31843fdcb82ce0ef4b476,7/28(金) 19:21
dempad,テックランド　イオンスタイル赤羽店がグランドオープン　ダイエー赤羽店が移転　売り場面積拡大で品ぞろえ2倍　リフォームコーナーも,https://news.yahoo.co.jp/articles/606af1fb70714b996ae12515966b7febef62612d,7/28(金) 18:11
dempad,ペルチェ式冷却プレート搭載ハンディファンとミストスプレーがセット　カルテックが発売　併用で体感温度を低下させる効果,https://news.yahoo.co.jp/articles/ab677fd237d49d18c08e08410bbdb89f88f7711c,7/28(金) 8:11
dempad,マイクロソフト、生成AI技術の提供を日本政府に提案　自民党PTの会合で,https://news.yahoo.co.jp/articles/247cdb39c93c4854d57a76ea24edd4e7849df224,7/27(木) 21:11
dempad,上海でエレクトロニカなど大型展示会相次ぐ　日本勢も訴求、ゼロコロナ明け,https://news.yahoo.co.jp/articles/429f6bbe15ecbc98a338d901a1cce7bba7f7009e,7/27(木) 20:00
dempad,装着した姿はサイボーグ　購入ハードル上げた眼鏡　スタートアップが開発,https://news.yahoo.co.jp/articles/e89cc00ca8cb51949d2d43642997f17bd3971192,7/27(木) 19:21
dempad,マイナカード巡るコンビニ誤交付問題　「マネジメントが機能しなかった」富士通幹部が陳謝,https://news.yahoo.co.jp/articles/173b9368d2d53ecc0b63038546fa72565a8d3d11,7/27(木) 18:54
dempad,パナソニック　理美容家電の体験施設、28日にオープン　銀座から表参道へ移転,https://news.yahoo.co.jp/articles/e0615c00f16decdd3b05eabcb1c03d841cd62cc9,7/27(木) 18:31
dempad,マイク不要の「会議音響システム」公開　独ゼンハイザーなど3社が共同,https://news.yahoo.co.jp/articles/dcfa1b7948b8f8bf804a6593d16a7ce088e9ff78,7/27(木) 15:30
dempad,TSMC誘致へ独政府から補助　サムスンなどと2ナノ競争の中,https://news.yahoo.co.jp/articles/284d1ba2308b71eef35af12ef810c04d73ea96bb,7/26(水) 21:31
dempad,KDDI　脱炭素の体感イベント　ARグラス使い没入感、28日から,https://news.yahoo.co.jp/articles/6273a5f257c9603fc2560b754d6e47d8613e59d0,7/26(水) 21:00
dempad,中国のホテル、宅配の最後はロボットで　電動バイクからバトンタッチ,https://news.yahoo.co.jp/articles/9ab07bfb4dc70c62b3dce62fd3b2153eecd9c99c,7/26(水) 19:01
dempad,低騒音化技術で掃除中の不快音低減　シャープがコードレス掃除機を8月発売,https://news.yahoo.co.jp/articles/832192b375a89ad457ed9a632506522c739cce09,7/26(水) 17:00
dempad,「健康経営」、オムロンなど100以上の企業・団体がタッグ　データドリブンめざす「アライアンス」,https://news.yahoo.co.jp/articles/218e7d71e080b9ae33a0b679de0ce2614ad8469f,7/25(火) 21:30
dempad,TDLのおひざ元で「路面」発電など　NEDO事業で実証実験　テーマパークへ普及図る,https://news.yahoo.co.jp/articles/c8c889dbe586017e659b105eab90bdf57796e130,7/25(火) 21:03
dempad,メタバースで入院患者と触れ合う　日本IBMと順天堂大が面会アプリを共同開発,https://news.yahoo.co.jp/articles/a07b53af526234753350ac27e9984ae7a84599cd,7/25(火) 20:40
dempad,LiBリサイクル現場に迫る　EVに必須、地政学でレアメタル注目の中,https://news.yahoo.co.jp/articles/b41acb4f68624ee30b9eb50d5048042b34c6d5d5,7/24(月) 21:00
dempad,各地域電器店　経験生かし、顧客に災害への備え促す,https://news.yahoo.co.jp/articles/9e54c8d1b66ae3e927f2f85b60762eaae3c7b953,7/24(月) 20:31
dempad,中国半導体産業、包囲網の中で「自給」図る　新規上場、欧米から投資も,https://news.yahoo.co.jp/articles/cc3aa96375737f9f9866b2c80901c1df2576b5da,7/22(土) 9:01
dempad,生成AIの国内開発加速へ　経産省、有識者委員会立ち上げ　支援策を検討,https://news.yahoo.co.jp/articles/e68c6cb87536035dc68bd90f169ad264c55ee3ad,7/21(金) 21:00
dempad,日立、ジョブ型インターンの受け入れ人数を拡大　4年で6倍に,https://news.yahoo.co.jp/articles/74304091d22b7ef940a1244071973fc3fe630626,7/20(木) 20:31
dempad,ASML、増収増益　半導体製造装置が堅調、対中規制の影響否定,https://news.yahoo.co.jp/articles/e7e147ffabc6b37233e3651c75deb6742c8e79dd,7/20(木) 20:00
dempad,ケーブルコンベンション／ケーブル技術ショー開幕　21日まで東京国際フォーラムで,https://news.yahoo.co.jp/articles/34ae5d2fed2fda53aed8721dead5a9524f371e26,7/20(木) 19:00
dempad,5番目は炊飯器、パナソニックが「ビストロ」シリーズ拡充　25年に売り上げ200億円以上へ,https://news.yahoo.co.jp/articles/07c877d0e6ca20d1d3db15101d8eae64cf32e376,7/20(木) 17:01
dempad,メタとマイクロソフト、生成AIで連携　オープンソース化で企業利用後押し,https://news.yahoo.co.jp/articles/7a50cafd659b05fcc77b423b8b827465927ca569,7/19(水) 20:00
dempad,ワーナー・ミュージック、TikTokと契約　SNS収益化,https://news.yahoo.co.jp/articles/16a3fd6a61291ac3c1c7bb38481db128191fe252,7/19(水) 19:21
dempad,白井データセンター2期棟を公開　IIJ、AI需要の急拡大に対応,https://news.yahoo.co.jp/articles/519f577b3484ba2d9670b763f1e031a987598f5a,7/19(水) 18:31
dempad,各家電量販店　ボーナス商戦、実績を手堅く確保,https://news.yahoo.co.jp/articles/58b5f227fe64f7271f5df69ff089fa5776a881ea,7/18(火) 20:30
dempad,KDDI、舞鶴市など　丹後とり貝のスマート漁業開始　データ化で安定供給目指す,https://news.yahoo.co.jp/articles/2404f5984f07dfc40b63bbb794ed92fac22e3bdf,7/18(火) 19:30
dempad,米半導体工業会、対中規制追加を懸念の声明　エスカレーション避け「対話を」,https://news.yahoo.co.jp/articles/aaa37b7c69e78fc8dfc9a25304ac41db0878440e,7/18(火) 13:30
dempad,フェイク画像に「来歴情報」で対抗　アドビ、画像データに編集履歴付与,https://news.yahoo.co.jp/articles/3ba6b883a1cccf55d3e719c3a8acccf3650f10ca,7/18(火) 13:02
dempad,韓国LGエレ、「スマートライフソリューション企業」めざす　30年に売上高100兆ウォンへ,https://news.yahoo.co.jp/articles/95df234eff49ddae6250b8042478ae4feeee74ce,7/17(月) 17:01
dempad,太陽誘電、積層セラミックコン増強　中国拠点に工場完成,https://news.yahoo.co.jp/articles/d824bc00efa5e3f6ad3a44e4c6a262f939352c1b,7/17(月) 13:30
dempad,NXPと印マヒンドラが車載半導体技術などで提携、次世代Eモビリティーを推進,https://news.yahoo.co.jp/articles/0043a1b03073e4edd1d64d981fe64ae97393bc65,7/15(土) 17:06
dempad,コジマ×ビックカメラ有明ガーデン店がオープン　コンサート客など取り込み狙う,https://news.yahoo.co.jp/articles/cd63bd81360f9f1529b8fe080b5eccf0cfb73d99,7/14(金) 16:30
dempad,SUMCOに最大750億円　経済安保の半導体支援で　経産省,https://news.yahoo.co.jp/articles/593be68f5adfed2e5bd63b5c011b16d7f8924c97,7/14(金) 15:02
dempad,アイコムがVHF～SHFのアマチュア帯でオールモード運用可能なトランシーバー 「IC-905(XG)」を発売,https://news.yahoo.co.jp/articles/2e263f76aadaa8cc02689eef52fd7e42d03fb989,7/14(金) 13:01
dempad,米アプライドが新プラットフォーム　AIなど活用、半導体製造を効率化,https://news.yahoo.co.jp/articles/933d890f3c421ebed8b29d344c5fd0ed93d09add,7/13(木) 20:20
dempad,近畿大学病院　DX化によるスマートホスピタル構想,https://news.yahoo.co.jp/articles/b0516898c33e495a7345b9dcc55a3809327f0206,7/13(木) 20:02
dempad,キヤノン　プラの高精度選別法開発　計測制御技術応用して再利用促進,https://news.yahoo.co.jp/articles/f74de7c315b0010903a3ccf8929b3fffe431831a,7/13(木) 19:51
dempad,古河電工・森平社長　需要回復を捕捉、新分野も開拓,https://news.yahoo.co.jp/articles/36794fb926f107b01c0437d8b79e128cb271cae0,7/12(水) 21:30
dempad,関西放送機器展開幕　カメラ比較体験も,https://news.yahoo.co.jp/articles/3d334b33dd1701d10a317b7953672fc451655e1d,7/12(水) 20:00
dempad,パナソニックHDが大阪・関西万博パビリオン起工式　「解き放たれる」体験を提供する場,https://news.yahoo.co.jp/articles/9938d1bb6bf38af30b3e4a61da1c12a5b8cbb7d3,7/12(水) 19:32
dempad,立命館など主催の大規模ピッチイベント　起業家らが3分間で熱弁,https://news.yahoo.co.jp/articles/86a88e99f4c57a5434e39c892002284ddc505922,7/11(火) 21:02
dempad,高エネ密度で長寿命のCo・Niフリー電池材料　横浜国大やパナソニック エナジーなど,https://news.yahoo.co.jp/articles/9bc33081a0e47ec52992c126e3ffba52b0cd3534,7/11(火) 19:31
dempad,テスラの充電規格、普及へ動き　米充電大手や独メルセデスが対応,https://news.yahoo.co.jp/articles/2dc079c046e881bbef52e761fce786434327cb3a,7/11(火) 13:02
dempad,台湾DRAM大手ナンヤ、減収で赤字　2Q決算、設備投資も下方修正,https://news.yahoo.co.jp/articles/5ed8cb3e2eee674e43295df0a71dad3fe509bcae,7/11(火) 11:50
dempad,イヤホンによる耳のトラブル急増中、コロナ禍前の3倍　NTT子会社が都内で対策セミナー,https://news.yahoo.co.jp/articles/6ed87143711fe3195205d8839eb0b13e1585f65d,7/10(月) 20:40
dempad,先週末の量販店　夏物家電の需要堅調、ボーナス商戦が本格化,https://news.yahoo.co.jp/articles/70e3902f77d84382d5a00adb7da7eb51297b0799,7/10(月) 19:40
dempad,河野デジタル相、「マイナ保険証」の必要性を国民にあらためて訴える　都内で講演,https://news.yahoo.co.jp/articles/1c6d123d5e2c582f8a164be96b64dff79e5f7753,7/10(月) 19:00
dempad,アフターコロナへ中国市場戦略は　DXやGXなどTDK総経理に聞く,https://news.yahoo.co.jp/articles/512f75361b876ee435647abe0cbc50caaa557a0f,7/10(月) 13:30
dempad,世界の半導体売上高、5月は前月比1.7%増　米業界団体のSIAまとめ　下期には市場回復か,https://news.yahoo.co.jp/articles/dca7a41d4d7b42174688a123713c557074535f40,7/10(月) 12:30
dempad,韓国サムスンの4～6月暫定、大幅な営業減益　半導体やスマホ低迷,https://news.yahoo.co.jp/articles/a78742e3c1e946a5e150939ff2b2ac21e43b9ce4,7/7(金) 18:04
dempad,旭硝子元社長・門松正宏氏が死去,https://news.yahoo.co.jp/articles/ea87632adb38304021dbf097aa970c8ec756ec79,7/7(金) 14:01
dempad,化学メーカー各社、新中期経営計画を相次ぎ発表,https://news.yahoo.co.jp/articles/af5af64be6ec2c4a53262f34441b180ad4155a69,7/6(木) 20:03
dempad,SEAJが半導体製造装置の需要予測　23年度23％減、24年度30％増と回復,https://news.yahoo.co.jp/articles/5b25939efc2b076e82ddf32569331aa40e22a9d3,7/6(木) 19:31
dempad,オムロンとウェザーニューズが気象の小型センサー　企業などの災害対応DX支援,https://news.yahoo.co.jp/articles/6f2a4d31efb934a8888a0f8932cfc1b3db4f4141,7/6(木) 15:01
dempad,SBIが台PSMCと半導体生産へ　日本に工場、車載など,https://news.yahoo.co.jp/articles/3a09a9f67dbe66ef03ee73e152c55b77ab0659fd,7/6(木) 11:49
dempad,白くまくん COOL PARK　エアコンに関心持ってもらい身近に省エネを学ぶ機会に　ゆうちゃみとぺこぱ登場　渋谷キャストで,https://news.yahoo.co.jp/articles/b41ee66425ebdf49a1ec7d63d32b849ad01e279a,7/5(水) 20:03
dempad,大阪市、NTTドコモなど　産学官連携教育プログラム発表　中学生が企業のテーマに対して研究成果を披露,https://news.yahoo.co.jp/articles/c176a76c0d58d6f3a45b0e98e787deefbde85799,7/5(水) 19:32
dempad,サムスンがゲーム専門オンラインストア　製品やコンテンツをワンストップで,https://news.yahoo.co.jp/articles/191bbb2cf6bac18e4cf8c4f1ee1585f5eef5810d,7/5(水) 18:31
dempad,「国産」生成AIの開発競争過熱　NICT、日本語特化モデル試作,https://news.yahoo.co.jp/articles/9b179bad72f81721a8efeab115173c9437f469b1,7/4(火) 19:40
dempad,シャープがウォーターオーブン「ヘルシオ」3機種を発売　過熱水蒸気で食材本来の味を生かし、ジューシーに調理,https://news.yahoo.co.jp/articles/34e2b31eb8347cce96ee343fbefe72a8717e6e23,7/4(火) 17:50
dempad,メタがツイッター対抗のアプリ 「Threads」　顧客や広告取り込みへ,https://news.yahoo.co.jp/articles/10c229c0ce8cc7eb0c712e43960977d71928b6e6,7/4(火) 17:00
dempad,量販店でボーナス商戦スタート　エアコン、冷蔵庫、大型テレビが活況,https://news.yahoo.co.jp/articles/dd11630eba27ee9d07e44f49f906866fd60bc074,7/3(月) 20:31
dempad,パナソニック コネクト　顔認証で存在感、認証回数が30万回以上に,https://news.yahoo.co.jp/articles/f25ea272fd1d00e680bd99739f895e4a6ecd9877,7/3(月) 20:03
dempad,大規模言語モデルの開発支援　AWS、日本企業向けに独自プログラム,https://news.yahoo.co.jp/articles/7d9b9bd71713c5bf477ce737820240fd5cfcd5ab,7/3(月) 18:30
dempad,泉北高速新車両、エネルギー効率の高い機器を導入　消費電力は旧車両と比べ50%低減,https://news.yahoo.co.jp/articles/deaf12ce730ef066b787c66ff17dd165e630a8d1,6/30(金) 22:30
dempad,TSMCが技術発表会　2ナノメートル製品開発「8割以上達成」,https://news.yahoo.co.jp/articles/1f107ad90ca2800b2387d20e923e075337bc633c,6/30(金) 19:41
dempad,JX金属が東大発新興と連携　3億円出資、半導体素子の高性能化めざす,https://news.yahoo.co.jp/articles/c5baeeec3d19459685b76fc97ab618e5de6c13d6,6/30(金) 19:00
dempad,韓国サムスン、ファウンドリー強化 2ナノメートル進行、GaNも開始　TSMCを追う,https://news.yahoo.co.jp/articles/9435f9605ac5937b91c95780e66d7c0fa856e58f,6/30(金) 16:30
dempad,航空電子、山形で新棟完成　国内でのコネクター生産強化,https://news.yahoo.co.jp/articles/c1b8a5ca3750e5239d4a419b2ad2106a9791ea1a,6/30(金) 15:30
dempad,東芝株主総会　TOB実施、島田社長が株主に理解求める,https://news.yahoo.co.jp/articles/48904ea6a10f4c80ea5356ed47d759cd874d3974,6/29(木) 20:31
dempad,NTTデータ、生成AIのグローバル展開を推進　主力のソフト開発に適用,https://news.yahoo.co.jp/articles/5ca41bee3e9516a709abb2cf304532d05b9f9168,6/29(木) 19:41
dempad,「アメイジング」な吸引力　エンジニアも驚く最強のスティック掃除機　ダイソンが発売,https://news.yahoo.co.jp/articles/9e9c245f2048daa1e1b32d5aaea54c0b59f8e9b9,6/29(木) 19:31
dempad,三井化学が子会社再編　半導体関連などのICT事業会社と包装関連会社に,https://news.yahoo.co.jp/articles/56e7a5381d792e30e6a844f1ec079cbf1d0cb53c,6/29(木) 17:50
dempad,ASMLとアイメックが最先端EUVで覚書　AIなどの需要拡大に対応,https://news.yahoo.co.jp/articles/da9f1bcb1b44cb483843a02ab14571880fd75953,6/29(木) 17:01
dempad,パナソニック コネクト、「自社特化AI」の試験運用へ　業務の生産性向上につなげる,https://news.yahoo.co.jp/articles/5bfd97bbafa426c85b773596ee7bf1a069dee4d2,6/28(水) 21:02
dempad,AGCや大陽日酸など、アンモニアを燃料にガラス製造　世界初の実証に成功、NEDOプロジェクトで,https://news.yahoo.co.jp/articles/437426ea238f6def0651e5171047cf40931c5849,6/28(水) 20:21
dempad,ARグラスのXreal、充電しながらスマホ映像をグラスに投影、新たなリモコン型機器を7月発売,https://news.yahoo.co.jp/articles/f251c7a86f37c3503d4f6a427023b3f2f9154413,6/28(水) 19:41
dempad,アクア　食べこぼし吸って拭く　水拭きフロアクリーナー7月発売,https://news.yahoo.co.jp/articles/630e72f80c6e2151f6f2303a72ee85c065d757d1,6/28(水) 16:30
dempad,COMNEXT、東京ビッグサイトで開幕　初の展示会に210社出展,https://news.yahoo.co.jp/articles/1271aaff70de393a9b7079e4074dd2655522cfef,6/28(水) 15:30
dempad,魚介類の陸上養殖にAIやIoT活用　NTTがベンチャーと新会社設立,https://news.yahoo.co.jp/articles/1f68b4c53dc8cd17cdf32d1c1aaa6c0b3ac58dd7,6/27(火) 20:21
dempad,生成AI巡り米で合従相次ぐ　エヌビディアは協業、データブリックスは買収,https://news.yahoo.co.jp/articles/5d2f3ef32c3f1bdfc17cba37e7ea896e989b292d,6/27(火) 19:41
dempad,「免許不要」の電動キックボード　長谷川工業が19.8万円で7月1日発売,https://news.yahoo.co.jp/articles/98bb7aeba4d7de56ed2b622f0848c07bcf4a6edd,6/27(火) 18:00
dempad,シャープ、株主総会を開催「開源節流を徹底し、黒字化を必達する」,https://news.yahoo.co.jp/articles/8691b7b8c51e63cbdded2db894a26734ac699c81,6/27(火) 17:02
dempad,JARL新会長に森田氏,https://news.yahoo.co.jp/articles/4c349a1491dfaa11ba9230018b5c415264659f19,6/27(火) 12:01
dempad,「生成AIを霞が関の働き方改革に」視察した河野デジタル相がワークショップで意欲,https://news.yahoo.co.jp/articles/7a521aa43d56311466f8733548cc54400207fd85,6/26(月) 21:50
dempad,家電量販店、高齢者には「負担の少ない」商品提案,https://news.yahoo.co.jp/articles/b7ec5804910bd9f56a46ab8df95007516c25afe9,6/26(月) 20:01
dempad,米印が半導体や量子、AIで協力強化　アプライドやラムリサーチもインドへ投資,https://news.yahoo.co.jp/articles/019bbcfc4d7f504d2d1d2300e3a451960deb5a51,6/26(月) 20:00
dempad,住友電工の蓄電池、豪州で再エネ促進に一役　独自技術の「レドックスフロー」,https://news.yahoo.co.jp/articles/e302cb824eb69f08648613d138c53e6c52ee605e,6/26(月) 19:11
dempad,JSR、産業革新投資機構傘下へ　TOB受け入れ表明　さらなる業界再編も,https://news.yahoo.co.jp/articles/04a7ca6d89f94bb0106889df3a5b2bd85ed2128b,6/26(月) 18:40
dempad,世界初、リアルタイムにCOなど3種以上測定　東芝　CO資源化などに貢献,https://news.yahoo.co.jp/articles/ceb570e7ce67082a3e27df1c1a777d17a8f68e6e,6/26(月) 12:31
dempad,OTOTEN開幕、高級オーディオ試聴会にファン殺到,https://news.yahoo.co.jp/articles/96173abd9ebc20032137bd6f5aa0133e3d24abf1,6/24(土) 20:11
dempad,産業革新投資機構による買収検討を表明　JSR、上場廃止も　26日に決定へ,https://news.yahoo.co.jp/articles/481c5dc05a403156e5c6baf73ba72846436448a5,6/24(土) 19:51
dempad,インドを半導体拠点に　米マイクロンが工場建設へ、総投資4000億円弱,https://news.yahoo.co.jp/articles/b227ea901469dc40adc1c3a1f0bdf822f3ae9eb9,6/23(金) 20:00
dempad,ヤマダが埼玉最大の店舗、狭山市にオープン,https://news.yahoo.co.jp/articles/088ed82ed0e0076aa615b18a566303dc35833b57,6/23(金) 18:04
dempad,米半導体大手のAMD、アイルランドでAIなど研究　約200億円を新規投資,https://news.yahoo.co.jp/articles/a1f0a9feb6cdd3ef0318feb63d3e5b41872711b6,6/22(木) 21:02
dempad,政府一丸で「マイナンバー」トラブル再発防止へ　コロナ対応並みの臨戦態勢で、総点検本部始動,https://news.yahoo.co.jp/articles/9adca1e82eb654ef28b896d5164c55320404914a,6/22(木) 20:30
dempad,住友電工・古河電工など海底直流ケーブルでNEDO事業　再エネ向上めざす,https://news.yahoo.co.jp/articles/d5a7f11c313df5d3c6cc9e88f10e650e6c645f1c,6/22(木) 20:00
dempad,部材不足解消、円安プラス影響で市場規模拡大　5G基地局は低迷、22年度の通信機械生産・輸出入概況,https://news.yahoo.co.jp/articles/3c7b1bd4f29b9a0bf72d8201e6e5e8a2ea85d96e,6/22(木) 18:30
dempad,日立株主総会、製造効率化で半導体産業を支援　経営陣が表明,https://news.yahoo.co.jp/articles/61a5d0296e1bab1a8db4e35c838a48941318949c,6/22(木) 13:01
dempad,オーディオで自分の世界作るのは文化　長野県のオーディオコア,https://news.yahoo.co.jp/articles/5a3e1e93f3cf0863828466b102211723c6ca653f,6/22(木) 12:30
dempad,顔認証決済の自販機登場　23日まで「日本ものづくりワールド」展,https://news.yahoo.co.jp/articles/d0577390a432cb7d5f6991d9957e6f7d88b89a30,6/22(木) 12:20
dempad,病院給食の省人化へ前進　パナコネクトなどが自動化システム,https://news.yahoo.co.jp/articles/1e09a0ce933f16b6b986a00e05678273171ab3f2,6/21(水) 17:31
dempad,シチズン・システムズ、初のブルートゥース機能搭載電子体温計を発売　測定結果をアプリでかんたん管理,https://news.yahoo.co.jp/articles/ef0cdc34c739fdccb48bb29a96aa878d044b850b,6/21(水) 15:10
dempad,EUが経済安保で新戦略　AIや量子技術など流出防ぐ　「保護主義ではない」強調も,https://news.yahoo.co.jp/articles/039644794d66bfacab7b05577c0826eac9236273,6/21(水) 13:02
dempad,アマゾン、欧州で難民5千人雇用へ　米国での5千人に続き、各社で取り組み,https://news.yahoo.co.jp/articles/ae12a2682126c04d1cfcac12df1478a8e57f2df9,6/21(水) 12:30
dempad,米インテル、ドイツで半導体工場に4.6兆円　イスラエルでも投資,https://news.yahoo.co.jp/articles/254465d8f4d85bfffe39f960ea6e7c382b4fa106,6/20(火) 21:02
dempad,政府、コンビニ交付サービスの一斉点検終了、公金口座誤登録防止へ近く対応も,https://news.yahoo.co.jp/articles/3a8675318f4c925c963a594db5eae4b3d80db9d9,6/20(火) 19:51
dempad,土やコンポストからも発電の「超小集電」　トライポッド・デザインが実装本格化,https://news.yahoo.co.jp/articles/b7379dedb731580b456df68f150806726be2a149,6/19(月) 20:51
dempad,各地域電器店、商品券や助成を“隠し玉”に　国・自治体の補助金を活用,https://news.yahoo.co.jp/articles/90b8c3c62fdfc690ec374cf5c20a2f78dce786c3,6/19(月) 20:01
dempad,ペロブスカイト普及へ東京都庁が一役　マクニカや京大発ベンチャーのエネコートと協定,https://news.yahoo.co.jp/articles/80bdd4c187cd4206043ccbea84b790654a55d179,6/19(月) 19:51
dempad,ソニー、映像機器やソリューションを訴求する内見会開催,https://news.yahoo.co.jp/articles/38c3c295931cd739f169476542bcaa51d1f40dd3,6/19(月) 19:31
dempad,サムスンディスプレイ　HMIのデジタル化をリード、スマホ向けノウハウを車載市場へ,https://news.yahoo.co.jp/articles/88eb2f18a84eb8c958c4c372b347ab18eb192c8d,6/19(月) 18:02
dempad,炊飯器も全自動家電に〝仲間入り〟、パナソニックが業界初の製品を一般販売へ,https://news.yahoo.co.jp/articles/14b14bd1db3ecf743c3358efd5b7cb74ea01c324,6/19(月) 15:20
dempad,政府がアプリストアで規制方針　開放義務や決済制限禁止など　アップル・グーグルを念頭に,https://news.yahoo.co.jp/articles/e55909570300230349a04dd249a59532c20b5057,6/17(土) 13:00
dempad,米インテルがポーランドに半導体工場　6500億円投資、雇用2000人,https://news.yahoo.co.jp/articles/85564d63c1229febc62ac131ceff7e61255884a7,6/17(土) 12:40
dempad,23日から夏の秋葉原電気街まつり開催　小野会長「ボーナス商戦盛り上げたい」,https://news.yahoo.co.jp/articles/a99a5bfb29396eeffa5e060be8ac25b2349b8a35,6/16(金) 21:02
dempad,トヨタの蓄電池や半導体を補助　生成AIや初の工作機械関連も　経済安保で政府,https://news.yahoo.co.jp/articles/6b92bfe2f241eaad0b7f8b4c764f16c0a7e0496e,6/16(金) 19:00
dempad,メルセデス・ベンツにチャットGPT　米でテスト、自動車で初の実装,https://news.yahoo.co.jp/articles/99c841035159e8f3d0fcfa9f70c0eeb11d845540,6/16(金) 18:03
dempad,宇宙線ミュー粒子で地下でもナビゲーション　東大やNECなど,https://news.yahoo.co.jp/articles/2f57a85f2c1ef582342e23fbc47a8269e02ecc6d,6/16(金) 0:10
dempad,シャープ　「チン!するレストラン」in大阪に全面協力,https://news.yahoo.co.jp/articles/34051809546677cccb706a34f41dc78e40ce41d2,6/15(木) 19:00
dempad,機能面の進化は“ゼロ”　富士フイルム、こだわりのクラシックデザインで勝負する新型チェキ,https://news.yahoo.co.jp/articles/15b23922cb94e662333e6e8bc49cd780a87c6fda,6/15(木) 16:31
dempad,米セールスフォース　生成AIのリスク減のサービス、CRMと連動,https://news.yahoo.co.jp/articles/747b58fccf65b9e5b6b44587e0a7f77be6be661d,6/14(水) 21:31
dempad,携帯市場、半導体の状況は改善か　モトローラ、ワイモバイルとタッグで新製品展開,https://news.yahoo.co.jp/articles/11f6782f8e7f9258d346bdb2f826006ef7cc9373,6/14(水) 21:01
dempad,KDDI　万願寺甘とうの生産にIoTシステムでサポート　安定生産を目指す,https://news.yahoo.co.jp/articles/017ea5a2dcc241ef56cc68a44040d3d4fef70117,6/14(水) 20:31
dempad,富士通子会社、AIガバナンスの体制構築を支援　多様なリスクに対応,https://news.yahoo.co.jp/articles/fdb7301959202b9c3e853477fca0a933a46d6aed,6/14(水) 20:20
dempad,リフォーム事業、さらに強化　ヤマダ役員、全館での態勢　ショールーム的に体感訴求,https://news.yahoo.co.jp/articles/a53a40b3ec1c84100b33367a09342bd9675ff8a6,6/14(水) 20:00
dempad,米AMDがエヌビディアに対抗へ　生成AI向け半導体を年内に投入,https://news.yahoo.co.jp/articles/51a36f9dc32b7d87b2953dc21b1b890044d0b4e3,6/14(水) 19:32
dempad,238層のメモリー量産開始　韓国SK「4D NAND」技術　世界最高層,https://news.yahoo.co.jp/articles/b4ea6b37b1152bb275cf29a5dafb33afa042b0bf,6/13(火) 20:00
dempad,新たな暗号規格へ移行支援　日本IBM、「耐量子」の取り組み加速,https://news.yahoo.co.jp/articles/a54cbed4ec7f3bacff1711d0912e05a14e954ee9,6/13(火) 19:21
dempad,NIMSと米WDが連携　「ストレージフロンティアセンター」設置,https://news.yahoo.co.jp/articles/aaa153b0cbc1a73d1649406575b76b95fad2d8fb,6/12(月) 20:31
dempad,各家電量販店、ポイントカード特典で会員取り込み,https://news.yahoo.co.jp/articles/3358b045f5937acf3c88e90423ac5e4240370a07,6/12(月) 19:31
dempad,シリコン量子コンピューター実用化へ一歩、日立が新たな制御方式を提案,https://news.yahoo.co.jp/articles/ebebe072f50b63f25cc105822f5604d558bf87c8,6/12(月) 19:00
dempad,JAMSATがシンポジウムを開催,https://news.yahoo.co.jp/articles/86ec92b9c89379849f3778dcdbdead8dd44e4637,6/12(月) 12:40
dempad,生成AI時代の知財保護へ方策検討　政府が推進計画,https://news.yahoo.co.jp/articles/5523c0b2db86a7571f0a3fbff3f30d8dbc229102,6/9(金) 18:42
dempad,古河電工、車載光ハーネス量産へ　アルミWHのメキシコ生産も表明,https://news.yahoo.co.jp/articles/87841da930eef43a3a5f6c41f38ead3a770ea282,6/9(金) 11:50
dempad,TSMCが3Dのパッケージング・テスト工場開設　先端半導体で,https://news.yahoo.co.jp/articles/116c6a8520e9d9bac5b13cbef86b6e1e7442e2b6,6/9(金) 11:15
dempad,マイナ給付金の受取口座、総点検で家族名義13万件など判明　問われる信頼確保,https://news.yahoo.co.jp/articles/c53b50dbac02818e15ba5a34cc42b1f083160164,6/8(木) 20:17
dempad,東芝、国内連合TOBで株主に応募推奨決議　買収成立へ前進,https://news.yahoo.co.jp/articles/f2b103be95aeee4da29786940e2be131cc603df0,6/8(木) 19:32
dempad,電子部品メーカー業績　23年度は一時的な踊り場、減益予想企業が6割超に,https://news.yahoo.co.jp/articles/8fdde8b31090f9a3c0d8ca258029be90bf0966ea,6/7(水) 20:02
dempad,東レエンジニアリングDソリューションズと大成建設、3Dプリントでコンクリ施工　精度10倍、省力化・工期短縮に期待,https://news.yahoo.co.jp/articles/599f70e7919688acd41c4274b895797e2a547c6c,6/7(水) 19:32
dempad,ハイアール　スリムで着せ替えできる冷凍冷蔵庫,https://news.yahoo.co.jp/articles/85d615a3f6d9d4a3934c8b386ec877471950fb5c,6/7(水) 19:21
dempad,パナソニック、フードプロセッサーをリコール　スライス・せん切りカッターの刃がかける恐れ,https://news.yahoo.co.jp/articles/7db410827806956ff07c5ce75e49b2be8ec8319e,6/7(水) 17:11
dempad,世界の半導体市場、2024年は2年ぶり増へ　11.8%増、80兆円,https://news.yahoo.co.jp/articles/b9ca6200a77133fce604beae0ce01c9bbee797a0,6/7(水) 13:10
dempad,NEDOプロジェクト、廃食用油などから航空燃料　規格適合の国内初「SAF」,https://news.yahoo.co.jp/articles/0338ab7778b1845f3182b6a2766b2b82a1913dba,6/7(水) 11:55
dempad,ニデックとルネサス、Eアクスルで協業　市場トップをめざす,https://news.yahoo.co.jp/articles/062368a85587b4c3b2e0fb3ac244673c3fa6c5cb,6/6(火) 21:02
dempad,モバイルワーカーの強力な味方が登場　1台2役の「レッツノート」新モデル,https://news.yahoo.co.jp/articles/3ea768dac09af5fc3f289a45e17e45a7ec3cc210,6/6(火) 19:32
dempad,26年中に次期マイナカード導入　政府がデジタル化の重点計画に盛り込む,https://news.yahoo.co.jp/articles/22708299e204431aa39aad06db5395c0241d1036,6/6(火) 19:01
dempad,22年は地球25周分、ソーダストリームが新型炭酸水メーカーでペットボトル削減加速へ,https://news.yahoo.co.jp/articles/2c51f9f949c282ffe1cd50efeb0e7239ebe99e10,6/6(火) 18:01
dempad,米オンセミ、ドイツのTier1企業に半導体長期契約　約2660億円の契約,https://news.yahoo.co.jp/articles/508e37f36af5cba34ec52508895f644eee2fdbbc,6/6(火) 13:30
dempad,STとGFが仏の半導体工場で合意、投資1.1兆円　政府支援も,https://news.yahoo.co.jp/articles/b1ebbd439dd6567c686b1edda889880a3fd84627,6/6(火) 12:12
dempad,米アップルのアップストア、開発者の売り上げ29％増の1.1兆ドル　小規模事業者にも商機,https://news.yahoo.co.jp/articles/95dfba085d86727ab312da9a1fe422b8fea85224,6/5(月) 19:32
dempad,各地域店、電気代高騰、省エネを商機に　最新家電へ買い替え訴求,https://news.yahoo.co.jp/articles/12968a317d67e2963a8c5a0ec17166a1ed1a9cbb,6/5(月) 19:31
dempad,独自の生成AIを開発、提供へ　NEC,https://news.yahoo.co.jp/articles/0dd9a56a8e5c44fb06e6adb0b735071b197d34f2,6/5(月) 15:20
dempad,SBD内蔵のSiC-MOSFET新技術 三菱電機、サージ電流の仕組み解明で,https://news.yahoo.co.jp/articles/338d63d2d12674c9bf3e7e05253c18c507cac549,6/3(土) 18:00
dempad,マイナカード信頼確保へ、デジタル庁が定例会　対策徹底に全力,https://news.yahoo.co.jp/articles/8732687674ce787986e061daaae8ca182b8f4c86,6/3(土) 16:00
dempad,東大阪でオープンファクトリー「こーばへ行こう！」盛り上がる　盛光SCMの草場寛子社長に聞く,https://news.yahoo.co.jp/articles/a96da37d37f60052b9bc4163b962580a452372a3,6/2(金) 20:40
dempad,パナソニックが事業会社戦略説明会開催　7重点事業で利益成長を図る,https://news.yahoo.co.jp/articles/9421f4cf41748efb8b6548463e460dc3327522a0,6/2(金) 20:00
dempad,EVや自動運転、韓国Tear1も変革急ぐ 現代自動車と取引のDIC,https://news.yahoo.co.jp/articles/54859d27d2439c376f19e5734a6ff04a2148a429,6/2(金) 19:31
dempad,「日本最大級」ヤマダの「LABI」が藤沢にオープン　品ぞろえとサービスで重点拠点の神奈川強化,https://news.yahoo.co.jp/articles/278c9946ad558fe5354445774c80461ff192ff22,6/2(金) 15:30
dempad,アニメ産業で輸出増めざす　フィリピン業界、日本などに熱視線,https://news.yahoo.co.jp/articles/420585ee99554ec729deedfb08a95402d0f4c80a,6/2(金) 11:32
dempad,生成AI、半導体は支え手から前面へ　エヌビディア好調、DC需要も,https://news.yahoo.co.jp/articles/41ac70d906eaf3377761f7e5e0933b1c08218b0d,6/1(木) 21:11
dempad,EBITDA、27年度に2000億円へ　パナソニック コネクトが打ち出す,https://news.yahoo.co.jp/articles/89fda8bdf4e5d89853365ebd5c31229fbeaf2ae5,6/1(木) 20:41
dempad,日立アステモ新社長にホンダ取締役の竹内氏　コッホ社長は欧州法人の会長に,https://news.yahoo.co.jp/articles/fcd72f130871580997b83f7345fd8180a6c17782,6/1(木) 19:50
dempad,1日は「電波の日」、全国各地で記念式典　「情報通信月間」のイベントも,https://news.yahoo.co.jp/articles/74eec544c17c2948f28d0f510a64b6897685277d,6/1(木) 17:40
dempad,JEITA新会長に小島氏　生成AIや半導体、広範な企業の取り組み促進,https://news.yahoo.co.jp/articles/78f2bf40870b3e756a83fe09347cee03c2c37291,6/1(木) 16:00
dempad,日清紡HDが日立国際を子会社化　DX強化、370億円投じ,https://news.yahoo.co.jp/articles/4ca9ae603ac20d89a49f05c870d319b3b17978d8,5/31(水) 21:30
dempad,「技研公開2023」が1日に開催　NHKの最新研究成果を披露,https://news.yahoo.co.jp/articles/2d533fd265a26fcd6a06756bf1914a084b950db1,5/31(水) 17:40
dempad,シャープ、PCI技術で脳活性が起こる可能性を確認,https://news.yahoo.co.jp/articles/4533759be428eade0fa9e157d8d03b572b837412,5/30(火) 20:41
dempad,パナソニック ナノイーの真菌不活化機序の一部解明,https://news.yahoo.co.jp/articles/6272ffab839c8cb3320fdcffe5ee35d2bed12f10,5/30(火) 20:02
dempad,タイガー、100周年記念モデルの電気圧力鍋を来月発売,https://news.yahoo.co.jp/articles/65ea721bbfa085d8da031076203d976204e7c335,5/30(火) 19:51
dempad,デバイス事業で積極投資　三菱電機、SiC比率3割以上に,https://news.yahoo.co.jp/articles/83052d81a9b934bdd37a6883cf00676852b56e5d,5/30(火) 19:00
dempad,経産省、データセンターの分散立地促進へ支援、生成AIの産業政策にも力点,https://news.yahoo.co.jp/articles/802e6cf9e7055eea41bb6985a8910dacfd8d19d8,5/30(火) 18:20
dempad,コンピュテックス開幕、AI時代に求められる高性能サーバーに注目,https://news.yahoo.co.jp/articles/84e2b08049257f1f5ec2c40243e1bc852a31a3f8,5/30(火) 17:20
dempad,オリンパスが「グローバル・メドテックカンパニー」で経営戦略　中国事業も強化,https://news.yahoo.co.jp/articles/ad9931de9cdff7e5f68f58d6e7880cefa0be89a7,5/30(火) 12:21
dempad,生成AI登場でHPCも新時代　NVIDIA創業者が「コンピュテックス」で講演,https://news.yahoo.co.jp/articles/1cfe3c1824b3067083e19e4f1be453fbf3b4958a,5/29(月) 20:00
dempad,西日本が梅雨入り、夏物家電の動きも本格化　各地の家電量販店,https://news.yahoo.co.jp/articles/c0fe1fd341bb6ad4e5e6daf0ad31ed3c17a9797c,5/29(月) 19:41
dempad,米エヌビディアとSB協業　次世代プラットフォーム、生成AIなど後押しのDC,https://news.yahoo.co.jp/articles/1d47bc89d5b78096bcf850a7b90c3845a837888b,5/29(月) 19:20
dempad,営業利益率10%とROE10%達成に注力　三菱電機・漆間社長CEOが経営戦略説明,https://news.yahoo.co.jp/articles/81499da572ccd86640c7bc1e9605b2cc8722ba4c,5/29(月) 17:25
dempad,NECフィールディング、新社長に形山副社長,https://news.yahoo.co.jp/articles/91718e8f5d13c7af73c37c927b92975d962b6e76,5/29(月) 17:00
dempad,半導体やAI、量子で日米連携　閣僚会合で声明、次世代半導体やバイオ,https://news.yahoo.co.jp/articles/d9799c442483b21a609e38bfde4676889fe92611,5/27(土) 12:12
dempad,韓国の現代自とLGが米で車載電池工場　約6000億円投資、25年稼働へ,https://news.yahoo.co.jp/articles/2ce77d6aed7e651baf7de01d6ecbd6fdcfdeae0f,5/27(土) 11:51
dempad,三菱電機、米社と共同でSiC基板開発へ　大口径化でパワー半導体需要に対応,https://news.yahoo.co.jp/articles/bd6fbdda0f236517c3b3db5cf3f5ec544f5602ee,5/27(土) 11:41
dempad,口座を別人のマイナンバーにひも付け登録　14自治体で20件　デジタル庁中心に再点検,https://news.yahoo.co.jp/articles/7c508f67fd1c0b172155b7022d834ef5cecdd19e,5/26(金) 20:31
dempad,NECファシリティーズの新社長に橋谷顧問,https://news.yahoo.co.jp/articles/ae15c8143ab95ea7d1ba4195c52e9a752afc8f25,5/26(金) 16:10
dempad,最新のICT機器など一堂　「e-messe kanazawa2023」開幕　金沢市の石川県産業展示館3号館で27日まで,https://news.yahoo.co.jp/articles/d54c6991182495c7d3d5565aec29d45ae90221d1,5/26(金) 15:01
dempad,「空気神社」とのコラボを深化　パナソニック 空質空調社と山形県朝日町　環境配慮製品を導入,https://news.yahoo.co.jp/articles/ff36a0a3f3716a34edc81bbb899ae6f5821bbd08,5/25(木) 20:02
dempad,KITA・具会長、日韓の未来志向の関係へ　展示・商談会など通じ,https://news.yahoo.co.jp/articles/7d347610ff38eb0c6e40d21226d1baf3acfb79fc,5/25(木) 19:51
dempad,電子部品各社、東北に重点投資　アルプスアルパインが新拠点　次期社長、ジョブズとの縁も披露,https://news.yahoo.co.jp/articles/1be1c7e10d0d495a159b529a5ae0ef2f72dbdd84,5/25(木) 19:11
dempad,デジタル上に人格を再現　オルツが革新サービスでAI市場に新風,https://news.yahoo.co.jp/articles/a34ac414f70512264134e834684460f270ad39e2,5/25(木) 18:11
dempad,新しいモビリティー社会実現へ　「空と道がつながる愛知モデル2030」の連携協定締結式,https://news.yahoo.co.jp/articles/36ebfda34f640c8cf068f0925919ba579750fa3b,5/25(木) 16:31
dempad,米ウーバーがアルファベット傘下企業と提携　配達や配車で自動運転利用へ,https://news.yahoo.co.jp/articles/60a9128021bf4fdaa4d6636a281d21434ab15c20,5/25(木) 15:40
dempad,量販店2社目に選んだのはヨドバシ、マクアケがAkibaと梅田に出店,https://news.yahoo.co.jp/articles/b684b4898faed2b1ad7254ea68e5f6fc421042ed,5/25(木) 12:11
dempad,富士フイルムが東京・南青山にデザイン・IT開発拠点開設　イノベーション加速へ,https://news.yahoo.co.jp/articles/8a7d656debac6e4928cd5b6acc1561a268a17993,5/24(水) 21:40
dempad,金融犯罪の資金の流れを絶つ　ラックが不正口座のAI検知技術を開発,https://news.yahoo.co.jp/articles/4e2489df10763a7dc2dc3c9be95334bc1b731f91,5/24(水) 20:53
dempad,富士フイルムがVlog狙った新型ミラーレス、製品フォーカスと背景ぼかしを動画で簡単に,https://news.yahoo.co.jp/articles/067a2fac8148e73e6ef2103f884cd9ae1d7386fe,5/24(水) 19:10
dempad,富士通が新中期計画、コンサル人材1万人に増強　冒頭コンビニ交付の不具合謝罪,https://news.yahoo.co.jp/articles/af403e8277e261a2bcdef425b2989ea366789c3d,5/24(水) 19:00
dempad,半導体製造装置大手がシリコンバレーにセンター　米アプライド、最先端半導体に,https://news.yahoo.co.jp/articles/fa948110a7eebd20cc48e89cc0e766ee1fbbbc95,5/24(水) 18:10
dempad,北陸の産業DX支援　産総研が拠点　スマートテキスタイルや金属3Dプリンター,https://news.yahoo.co.jp/articles/f7553c339c5fe4f5718ae828660fe06cbe3e8c65,5/23(火) 19:32
dempad,キレイな空気を吸いながら音楽を　ダイソンが初の空清搭載ヘッドホン　23日発売,https://news.yahoo.co.jp/articles/078cf3be4812dc58e0288165ca8ce6e17dfeb754,5/23(火) 15:30
dempad,自民党、デジタル政策で提言申し入れ IT産業の構造転換へ,https://news.yahoo.co.jp/articles/3e7f41967cbcad36c2368ba785469a7cf1d117e7,5/22(月) 21:20
dempad,JFEスチール、高級電磁鋼板でインドの地元鉄鋼大手と合弁　再エネや自動車電動化で需要増,https://news.yahoo.co.jp/articles/c422de57dba82c9bec1cad5cd7f6eb3b2e951098,5/22(月) 20:20
dempad,ポリプロピレングリコールで協力　三洋化成工業と三井化学,https://news.yahoo.co.jp/articles/7d271686e8ea16beca43b5a04be6048271a42c41,5/22(月) 19:32
dempad,スパコン世界ランク、「富岳」が2部門で7連覇　計算速度は3期連続2位,https://news.yahoo.co.jp/articles/249e5e6273bc634b8064a56dde4a4dc79498908d,5/22(月) 16:10
dempad,韓国SDIが米イマジン社買収　VR向け超小型ディスプレー強化,https://news.yahoo.co.jp/articles/29d8f27fbe3dc3b18e60d30650c010e2173044e3,5/20(土) 18:01
dempad,中国BYD、日本市場の展開は　乗用車に進出、電池なども重視,https://news.yahoo.co.jp/articles/caa8472f11c3c30242fea015346dd6f775d1fbe6,5/20(土) 12:48
dempad,将来は「動くロボットに」　自動運転に取り組む韓国新興「SUM」、内外との連携も,https://news.yahoo.co.jp/articles/a5023391655d5d18b2162824962682c1a2a1758e,5/20(土) 12:03
dempad,LGエレ、18日からマクアケでマルチ空気清浄機先行発売中　サイドテーブルと置くだけスマホ充電も,https://news.yahoo.co.jp/articles/b0152195cbbed90cac4c0cbfa1f3673c7d8fb90a,5/19(金) 21:31
dempad,インテルと理研、AIや量子コンで共同研究　ファウンドリー連携、「ゼタ」へ飛躍,https://news.yahoo.co.jp/articles/898eff14d646f21ec6674141e236eb667abc8f2e,5/19(金) 20:31
dempad,IoT活用の謎解きイベントに熱視線　東芝未来科学館で開催,https://news.yahoo.co.jp/articles/69b00da938ee759f4c2b89fbf1fba479e675669f,5/19(金) 20:00
dempad,TSMCやサムスン、アプライドも日本拡大 半導体で西側の供給網強化,https://news.yahoo.co.jp/articles/361f7f89a98c95c2ad055da0312c4067c04f3b98,5/19(金) 13:30
dempad,米メタ、AI半導体を独自開発 推論などでFBのおすすめも,https://news.yahoo.co.jp/articles/e1d0b65e2b7139b13a8e4cddc6d552432c456f77,5/19(金) 12:31
dempad,日立と東芝、台湾に最先端の新幹線車両輸出　1240億円で受注,https://news.yahoo.co.jp/articles/ed802c1829ef5c34687d298d7d2e7559ee0b1c0d,5/18(木) 21:02
dempad,NTTとJERA、再生エネ開発のGPI買収　3000億円規模で　洋上風力発電の普及も,https://news.yahoo.co.jp/articles/e0f9ef11c6ef50b00481a064417c92ad091912d4,5/18(木) 20:32
dempad,次世代スパコン「TSUBAME4.0」始動へ 富岳に次ぐ精度、HP側などと構築,https://news.yahoo.co.jp/articles/ff00fb07165fa119bc2b6d7dc3b14aee162058dc,5/18(木) 18:02
dempad,変革めざす産総研　ソリューション実装の子会社や、「本気」の産学連携,https://news.yahoo.co.jp/articles/2a0a6379716df326e170956bdaa967e2adb214b4,5/18(木) 17:01
dempad,カーエレ進化を図る韓国企業　サムスン、LG…各社の取り組みは,https://news.yahoo.co.jp/articles/62f06b2f9bc1dd5303d776de3f14840cac3aaa45,5/18(木) 16:31
dempad,富士フイルム、海外で半導体関連強化　先端材料で台湾工場など,https://news.yahoo.co.jp/articles/cf8527eb95b8ed2560e12f5e1a36296a7303571b,5/18(木) 14:30
dempad,米半導体大手エヌビディアのAI　商社のマクニカが導入後押し,https://news.yahoo.co.jp/articles/f3e2328eb58b8ae5d14b39cb59ca5e7301c7d194,5/18(木) 13:30
dempad,IOWN（アイオン）でスマホ充電は年1回も　半導体新会社ラピダスとの連携など　NTT副社長,https://news.yahoo.co.jp/articles/9555ba3fa80edb86bafb033360d21bebe29e15aa,5/18(木) 12:10
dempad,人の声だけ届けるスピーカー、NTT子会社が発売,https://news.yahoo.co.jp/articles/5ca620902017839ed93a2142629379bbd011279c,5/17(水) 17:01
dempad,ヨドバシ仙台 6月2日オープン　東北最大級2.2万平方メートルの売り場,https://news.yahoo.co.jp/articles/579ac7bf37d4c56855ccb9e7191b65d216457409,5/16(火) 21:11
dempad,G7広島サミットで電波監視体制強化　中国総通局が重要無線通信妨害対策実施本部を設置,https://news.yahoo.co.jp/articles/b3ada086af44fc1f661db8a55863ed6c14f43914,5/16(火) 20:56
dempad,テキサス・インスツルメンツ　SiCゲートドライバー、損失改善でEV距離延伸,https://news.yahoo.co.jp/articles/cb213b459f8ee545e7074938aaa0a31a6f7e8da7,5/16(火) 18:00
dempad,新幹線貸し切ってウエアラブルデバイス体験会　日本Nreal、新幹線2例目,https://news.yahoo.co.jp/articles/9373baf1a4291c3727f9f1d487198439fd48bd2f,5/16(火) 17:00
dempad,米半導体大手がアイルランドに追加投資　アナログ・デバイセズ、約1000億円,https://news.yahoo.co.jp/articles/1e02922151fb5380ce98312b7ab33b3175d424d6,5/16(火) 13:30
dempad,週末の家電量販店　エアコンの動き活発、母の日の贈答品需要も,https://news.yahoo.co.jp/articles/bc91cf9ca62a78c9a273e61e4102486bd06fe697,5/16(火) 8:03
dempad,業界初の「MIPI A-PHY」規格搭載カメラモジュール登場　日本ケミコンが開発を発表,https://news.yahoo.co.jp/articles/cd83ca98b9e9b8a33e98cad71bf94a92c24ec414,5/15(月) 19:40
dempad,生成AIの活用、社内外で促進　日立が新組織設立、コンサルサービスも,https://news.yahoo.co.jp/articles/fc073e8905b653c7c6af3cacbe391cde836daf55,5/15(月) 19:00
dempad,アイコムがアマチュア無線用、デュアルバンドデジタルトランシーバー 「ID-50」を発売,https://news.yahoo.co.jp/articles/16eada7009a1c572292b29c001cc61b4d28878c3,5/15(月) 13:01
dempad,ベトナムのEVビンファストが米上場へ　SPACとの合併通じ　企業価値3.6兆円,https://news.yahoo.co.jp/articles/200c1793856790f7010389c3797b8916de609096,5/15(月) 12:02
dempad,ツイッター、マスク氏の後任に米メディア大手幹部迎える　スーパーアプリ「X」目指す,https://news.yahoo.co.jp/articles/4b4c2be6fbcec3a98b396aa5cad286901e2fe53c,5/15(月) 11:10
dempad,東芝の3月期連結、営業利益3割減　HDDの市況悪化など響く,https://news.yahoo.co.jp/articles/61e92b8acae7b74eebb7d0a53d105c6df40ee897,5/12(金) 20:30
dempad,ソニー、空間再現ディスプレーを大画面化　高精細な立体映像表現が可能,https://news.yahoo.co.jp/articles/3603edacfbe239c3464a703e8860439ce104cc7b,5/12(金) 19:00
dempad,オリンパスが中国・蘇州に工場新設へ　中国戦略の一環、国産品を供給,https://news.yahoo.co.jp/articles/ed6ca4f94d6baf1e0a75791a06ce8d5cf1cdb674,5/12(金) 18:40
dempad,東芝ライテックが6年ぶりトップ人事　西原常務が社長に　平岡社長は退任,https://news.yahoo.co.jp/articles/df41f2a1025af174e70ddcd4c8f38a3934f12f5f,5/12(金) 18:20
dempad,エイブリック社長に田中執行役員　石合社長は会長に　ミネベアミツミGでアナログ半導体成長,https://news.yahoo.co.jp/articles/ecbb23ada76feb884af3b8ee61a2ea7ae7122981,5/12(金) 18:03
dempad,発売から1年半、バルミューダがスマホから撤退,https://news.yahoo.co.jp/articles/a228de1baa6a5ea7fb9bd9fea3e1934ef1b61088,5/12(金) 17:03
dempad,"富士通ゼネラルが“冷える""ビジネス用バックパック開発、夏場の通勤も快適に",https://news.yahoo.co.jp/articles/42b69a07df2e12d253a51fe5f07110d7c10931ac,5/12(金) 14:30
dempad,政府のAI戦略会議が初会合、岸田首相「幅広い分野の早急な検討」指示,https://news.yahoo.co.jp/articles/7cc5f11005d13673b5dfe27ba5640e0101a8342c,5/11(木) 21:51
dempad,FUJI新社長に五十棲取締役　曽我会長兼社長は会長に,https://news.yahoo.co.jp/articles/180e89f7b4dbf09e8ce6d327c69489be9eb83164,5/11(木) 21:10
dempad,住友電工、英にケーブル工場新設　洋上風力などに対応、GX需要取り込み,https://news.yahoo.co.jp/articles/b7e67761efddb89d43c7cb62f76918b5fcdea8f3,5/11(木) 20:51
dempad,三菱ガス化学、タイで半導体材料の生産倍増 市場シェア4割でトップ級,https://news.yahoo.co.jp/articles/702fd44a192bb3fb4cc6d6443a928ee4c78fcade,5/11(木) 20:31
dempad,電子部品メーカー、半導体関連部品の増産投資が活発化　新工場建設や既存工場拡張相次ぐ,https://news.yahoo.co.jp/articles/85224dc95a2dd52858c00a96bfd92936c26bca3c,5/11(木) 19:40
dempad,キヤノンが6年ぶりの家庭用ビデオカメラ、初のVlogカメラを6月下旬発売,https://news.yahoo.co.jp/articles/11a3b70fbbcf28383a526b44e9d4661ee92e6487,5/11(木) 19:32
dempad,JX金属が上場へ　エネオスHDが方針　半導体材料など強み,https://news.yahoo.co.jp/articles/ef1cbc896a0749b0ec40529511ba5c21ecc070a8,5/11(木) 15:30
dempad,HIOKIとマクニカ、自動運転EVバス運行で実証実験　夏に上田市で公道走行,https://news.yahoo.co.jp/articles/3db4eb4a09d0d2f39538b06c30e8a63eb09c99df,5/11(木) 15:01
dempad,台湾TSMC、4月も減収　テック系顧客の半導体需要低迷で,https://news.yahoo.co.jp/articles/a229a438babd4d6333e891ffa6b344f093b7348a,5/11(木) 13:11
dempad,家電量販店5社決算出そろう　3社減収、非家電やEC、店舗DXが鍵,https://news.yahoo.co.jp/articles/49898f6d15eadecdcf453f343a05880767899f72,5/11(木) 12:10
dempad,「中食」製造、ロボティクスやAI、量子コンでDX　人手不足に対応、合理化図る,https://news.yahoo.co.jp/articles/1d67ce552b5edc4f9eb26c999d2365409a16206f,5/11(木) 8:03
dempad,マイナカード機能をスマホに搭載、デジタル庁が11日サービス開始,https://news.yahoo.co.jp/articles/38a35bfdae0052aedf3d5c58a7cb5a738619adaf,5/10(水) 21:02
dempad,米IBMが新しいAIプラットフォーム　チャットGPTなど関心に対応,https://news.yahoo.co.jp/articles/4bd63b84e2dddc0dd513116482eb16fd22a7ac33,5/10(水) 20:11
dempad,デンソー・USJCのIGBT出荷　車両電動化向けのパワー半導体,https://news.yahoo.co.jp/articles/e81cfa5a342e7cb22b9b166d6ddddc6f5d63abd6,5/10(水) 19:40
dempad,EV向けSiC半導体巡り独・台で連携　インフィニオンが鴻海と覚書,https://news.yahoo.co.jp/articles/e567fc91259d20ced0b5205736795ceea5d42301,5/10(水) 14:00
dempad,JSR、ジョンソンCEOが社長に　川橋社長、小柴名誉会長は退任へ,https://news.yahoo.co.jp/articles/0eba99dcf991412178943d8f6a0c8aaf6d6db445,5/10(水) 13:02
dempad,コンビニ証明書交付で不具合　デジ庁が富士通Japanに再点検要請,https://news.yahoo.co.jp/articles/4d6aaae175cd082bb8619e0079304f17ba0615ed,5/9(火) 19:31
dempad,“調理を失敗しない”ガスコンロ　ノーリツが8月に発売,https://news.yahoo.co.jp/articles/9085bc488dfbfaf07befa5d5f208241a8a6df6bd,5/9(火) 17:30
dempad,ウクライナとデジタル分野で相互協力　副首相兼デジ相から日本へ謝意,https://news.yahoo.co.jp/articles/9b2bde9b0663e0945d79e69ff83ea9c1961c28dd,5/9(火) 16:01
dempad,クアルコムがイスラエルのスタートアップ買収　V2X半導体のオートトークス,https://news.yahoo.co.jp/articles/fe4107b3e4a9f495c64a1049016257bc74240a9c,5/9(火) 15:01
dempad,米ウエスタンデジタル、1～3月は減収赤字　メモリーなど市況影響,https://news.yahoo.co.jp/articles/90bfa0acb81e077a8de9201d3e9ddd6d6a75f508,5/9(火) 14:50
dempad,連休の家電量販店　エアコンやゲームに動き、インバウンド需要も,https://news.yahoo.co.jp/articles/18cfc2ebbf3ffb0424267289431d7a675cbf2b6f,5/9(火) 8:00
dempad,タムラ製作所がルーマニアに生産子会社　電子部品需要に対応、地理的分散も,https://news.yahoo.co.jp/articles/6a47fc98fab5f7a89762cb3b493c5401fb935062,5/8(月) 20:30
dempad,米クアルコム、減収も車載は堅調　スナップドラゴンで協業推進,https://news.yahoo.co.jp/articles/ff6add06d5e92e394aafd85637f94aed58db635b,5/8(月) 17:02
dempad,独半導体大手インフィニオン1～3月増収増益　車載など堅調,https://news.yahoo.co.jp/articles/c267446eb815bb52b1e2010aba92a2f691d37399,5/6(土) 11:41
dempad,「責任あるAI」で行動計画　米政権、各社トップとの協議も,https://news.yahoo.co.jp/articles/bf957beebdfd140c96c6953cdc3a215f2632238e,5/6(土) 11:41
dempad,半導体世界市場、1～3月はマイナスも3月持ち直しか　米SIAまとめ,https://news.yahoo.co.jp/articles/eea88f0e61824f74041aa4045a9dd661a213a188,5/4(木) 16:00
dempad,米アップルとグーグル、不正な位置追跡防止で協業　年内の実装めざす,https://news.yahoo.co.jp/articles/ee40e0e8818e066f3ffedeedc1e1b6fb0407e987,5/4(木) 15:01
dempad,AIの「ゴッドファーザー」グーグル退社　ヒントン博士、「危険語るため」,https://news.yahoo.co.jp/articles/ed2113bfc82307b8b3c8ccd4b56a549845666450,5/4(木) 11:33
dempad,ドイツ半導体大手インフィニオンの工場起工　過去最高の50億ユーロ投資、公的支援2割,https://news.yahoo.co.jp/articles/de4d42256d17cb9b8bb2024ca6180f3d8fe27e3a,5/4(木) 11:05
dempad,大型連休に楽しむ「メタバースイオン」誕生　テーマパーク感覚で満喫,https://news.yahoo.co.jp/articles/c17b484553c9d64a7952e0c2f51e9e376cf858d0,5/2(火) 21:31
dempad,中国CATLが新型電池技術発表　モビリティーなど向け「密度2倍」,https://news.yahoo.co.jp/articles/3c4bb2809ca23956acf4ae0e4efc35a84f3941c0,5/2(火) 20:31
dempad,経済安保、10件で2410億円支援　蓄電池や半導体、今後も磁石など,https://news.yahoo.co.jp/articles/df2d2cd079cf18ace5faf39f55a2a62fc3032a2b,5/2(火) 20:11
dempad,「ガンマ波」サウンドの脳刺激で認知症に取り組み　塩野義や落合陽一氏ら,https://news.yahoo.co.jp/articles/ec6dc9cc017a79f4cb0d5fe40ec1488ed0cad497,5/2(火) 19:50
dempad,各地域店　自治体補助活用し、省エネ家電を積極提案,https://news.yahoo.co.jp/articles/ed145d2bc097c0a4a3e84457f01e4f9f32a79757,5/2(火) 8:00
dempad,電子部品大手5社決算、業績の拡大基調続く,https://news.yahoo.co.jp/articles/be5df03f18ffedd6ee770b46b9def2a21624c64e,5/1(月) 18:02
dempad,ヨドバシ初の旅行会社、アウトドア需要狙い1日から始動,https://news.yahoo.co.jp/articles/1471dbe6ce3eff512d0bf610af6ea9c6e264491e,5/1(月) 15:30
dempad,アリババ創業者マー氏、東大の客員教授に　中国当局との対立で動静注目,https://news.yahoo.co.jp/articles/41711e9e6a147e801eb358603617885fc0ebce29,5/1(月) 14:30
dempad,英アームの上場申請発表　ハースCEOはソフトバンクG取締役候補に,https://news.yahoo.co.jp/articles/fa630cdc91a1252bbcdc6cc50c1cf210a270e5b6,5/1(月) 14:10
dempad,半導体業界、グリーン化に力　製造プロセス見直しや再エネなど,https://news.yahoo.co.jp/articles/ceb16fe0494a43f76f19d3d74869597a78141fb1,5/1(月) 14:01
dempad,スマートホーム体験施設が歌舞伎町玄関口に　リビングテック協会などが開設,https://news.yahoo.co.jp/articles/b37ff8f2c81f337d1d97c41b7dfcf0bf71733888,4/28(金) 20:32
dempad,パナソニック空質空調社がIoT、クラウド、AI技術の開発強化　大阪・梅田に開発拠点を新設,https://news.yahoo.co.jp/articles/47efde98e96dfc552e33b8f05492244910daddf3,4/28(金) 19:31
dempad,河野氏ら3大臣そろい踏み　G7デジタル・技術相会合へ向け,https://news.yahoo.co.jp/articles/d58faa38412ed03248c0e609f66a70cd3b9d74c2,4/28(金) 18:32
dempad,アルプスアルパイン新社長に泉常務　栗山社長は会長に　ハード・ソフト融合を強化,https://news.yahoo.co.jp/articles/f39a7de144228d194ee7b4f57b26eea9b93ba3f9,4/28(金) 18:03
dempad,月額賃金平均10％アップ、新卒数年で1000万超も　富士通が報酬制度見直し,https://news.yahoo.co.jp/articles/c2bfc1a170f5bfabab7433e9569abe856e92e9f5,4/28(金) 16:00
dempad,センサー、GPS、分析ツールなど連携しバス利用者を分析　村田製作所など北九州市で,https://news.yahoo.co.jp/articles/6a51750be7cc74faa9ccd6943c9e40faefc59836,4/28(金) 15:01
dempad,メトロウェザー　風の見える化の実証実験　ドップラー・ライダーを活用して,https://news.yahoo.co.jp/articles/8026cd58f079d8e4f43ae4c4fc3d35d5e9c75008,4/27(木) 20:11
dempad,ルネサスエレクトロニクス　23年1～3月期決算、自動車向け堅調で上振れ,https://news.yahoo.co.jp/articles/15da2865e7847465f9ed8c8d918eb3ec06f3ccfe,4/27(木) 19:00
dempad,サムスン電子、減収減益　半導体不調など響く,https://news.yahoo.co.jp/articles/a1d11a1f084e0849eb262c0ad55ffbe07d9c0bfb,4/27(木) 16:02
dempad,西洋化が進む明治時代を「時間旅行」　江戸東京博物館から新ゲームアプリ登場,https://news.yahoo.co.jp/articles/d20fec290579c6ec6626a4f545c5b88b42d8eb96,4/26(水) 20:31
dempad,水中ドローンや通信…　海から日本の強み支えるOKIグループ　特機事業強化,https://news.yahoo.co.jp/articles/3a50dce6ccff6981276b7927473871a820390163,4/26(水) 19:31
dempad,タムラ製作所　創業家の田村会長が退任へ　長男が新任取締役に　6月予定,https://news.yahoo.co.jp/articles/72db98f773e72a64e0f8acf2a924a5a8a4ecee4c,4/26(水) 16:01
dempad,中国から栃木へ　日立がエアコン国内回帰　18日から生産開始,https://news.yahoo.co.jp/articles/8257bc9ccc1665ec4d08c90621a8dcad77c0bdde,4/26(水) 14:30
dempad,生成AI、エヌビディアが「誤作動」対策追加　半導体業界、安全も軸に競争進む,https://news.yahoo.co.jp/articles/3a41e175084e2491762759a84e65a2eb893fc1c2,4/26(水) 14:00
dempad,グーグル親会社のアルファベット　1Q決算は増収　広告厳しく,https://news.yahoo.co.jp/articles/6996241489a4d145d2f04f5578ba29435bab398c,4/26(水) 13:20
dempad,米MSの1Q決算、増収増益　クラウド鈍るもAIで成長,https://news.yahoo.co.jp/articles/7948b946fda9de9ce02e0e5aa590b7b0519b94ba,4/26(水) 13:11
dempad,半導体新会社・ラピダスに2600億円　さらなる追加支援も　経産省,https://news.yahoo.co.jp/articles/c9ef7295c702538b26ff92d63799d1826c79e9e6,4/25(火) 13:02
dempad,各量販店、省エネエアコンやロボット掃除機など夏家電に注力,https://news.yahoo.co.jp/articles/922b24a04caec439c7428b4e7e0842e41a284f19,4/25(火) 8:30
dempad,政府、業務に生成AI活用へ戦略チームを始動　課題も議論,https://news.yahoo.co.jp/articles/52d1f9324769fa76c0c1bfb5cf13e52d31ce1839,4/24(月) 21:00
dempad,三菱電機、自動車機器事業を分社化へ　採算厳しく　カーナビ関連は終息,https://news.yahoo.co.jp/articles/9ed6df8099702ef1eda4121f55521865783fb255,4/24(月) 20:20
dempad,独VW、カナダに大型電池工場　2兆円規模事業、同国最大のEV関連投資,https://news.yahoo.co.jp/articles/a2dda763402fe359db34527f9b551110726ff1ff,4/22(土) 15:40
dempad,AIで「似合う」を見つける　東京・原宿にパウダールーム誕生,https://news.yahoo.co.jp/articles/d1074552b77a5542bc251a05881fc5ab2965fbc4,4/22(土) 15:20
dempad,英国発ドライブレコーダーNEXTBASE、日本市場参入　自動SOS機能が特長,https://news.yahoo.co.jp/articles/c0c7df0920e4c9b1f5f6610cdc6b75c4f67a4d29,4/21(金) 20:31
dempad,米アップル、電池や回路基板の環境配慮一段と　100％リサイクルのコバルトなど,https://news.yahoo.co.jp/articles/58d28d511c7934a8264fb2db2ae86bf100a7dd87,4/21(金) 20:11
dempad,米グーグル、AI部門を統合　アルファ碁の「ディープマインド」と一体に,https://news.yahoo.co.jp/articles/ad3b5701b82acb520d2502e093ffe9a548cf9ed2,4/21(金) 19:32
dempad,127量子ビットの量子コン稼働へ　北米以外で初、国内最高性能　日本IBMと東大,https://news.yahoo.co.jp/articles/b031f99112e1ab75aaa90050eee256c281f9539c,4/21(金) 18:02
dempad,OKIが海洋事業強化　「国内唯一」の施設もリニューアル,https://news.yahoo.co.jp/articles/18d7291dba0c02084b3fdedad6a49e8a7ed3b3e2,4/21(金) 16:01
dempad,米アプライドが半導体パターニング装置　1回のEUVステップで高密度配線,https://news.yahoo.co.jp/articles/a945fa206c0ff582b7a71a936a32987ed7b56585,4/20(木) 19:31
dempad,「ラピダス版」の2ナノめざす　半導体新会社を率いる小池社長、人材など手応え,https://news.yahoo.co.jp/articles/a70475c1d4b921c56bf577d0e32662a4f37e91db,4/20(木) 19:02
dempad,日立、400億円規模のCVCファンド新設　Web3や生成AIを商機に,https://news.yahoo.co.jp/articles/49412215d263265b4f4b7b5abc28b6bb2916b3c9,4/20(木) 18:40
dempad,RFIDで物流DX支援　帝人がソリューション展開　供給網のESG支援も,https://news.yahoo.co.jp/articles/f301ed5d1096ea4d3915b7e7ed3a87d0200c3934,4/20(木) 18:10
dempad,蘭ASMLの1～3月決算　売上高1.9倍、純利益2.8倍　半導体製造装置が好調,https://news.yahoo.co.jp/articles/0cc4eec2354f883da05d5357cfd2522bf6fb179d,4/20(木) 17:31
dempad,先端AIプラットフォームを無償公開　富士通、技術進化へ利用者と共創,https://news.yahoo.co.jp/articles/d15bd5eec4146a3f303e6a7352d398d4e38300c3,4/20(木) 15:30
dempad,アンカーが北海道に初の直営店、USBタイプCの新プロジェクトも始動,https://news.yahoo.co.jp/articles/6da08486f20ceff838bb46d813acaf4d218b4a44,4/19(水) 20:20
dempad,「ガンマ波サウンド」聴けるテレビスピーカー発売,https://news.yahoo.co.jp/articles/44049064f505e262824d860996a061c7d35b1ed7,4/19(水) 19:32
dempad,ラピダスの小池社長、千歳の拠点ではファブ4棟前後検討 「IIM」（イーム）で展開,https://news.yahoo.co.jp/articles/e31b7425823445d6bdc3e43f7978c042ca50dfe5,4/19(水) 15:30
dempad,アップルが普通預金サービス提供 米でカード利用者向け 金利4%超,https://news.yahoo.co.jp/articles/c4d00d5d2a77cc9cbcf3fec6b7d2b283c4a17aab,4/19(水) 12:30
dempad,パナソニックHDが大阪・門真市に新オフィス拠点　5月8日開設　地域や環境と共生,https://news.yahoo.co.jp/articles/5190f0d993b59c69908bcbf3c1aaf5f3a98b3cbd,4/18(火) 19:40
dempad,国境を越えたリモート勤務　三菱電機が導入　世界規模で人材最適化,https://news.yahoo.co.jp/articles/8514cb3c9b2dd3ef419809f9fa3c03d737e37378,4/18(火) 19:00
dempad,脱炭素に絞ったCVC　旭化成が水素などに5年で1億ドルの投資枠,https://news.yahoo.co.jp/articles/3e52660399df3927a60ce3314a56affb327c40e4,4/18(火) 18:40
dempad,各量販店、連休控えレジャー、アウトドア家電を積極展開,https://news.yahoo.co.jp/articles/fe43114a8630ee0d27859eb8bef691c5b64a6fad,4/18(火) 8:01
dempad,大阪関西万博会場周辺で自律航行船の検証　大阪湾では初めての試み,https://news.yahoo.co.jp/articles/973749ab069b0c35a205aefcddc984fbdd93cd4c,4/17(月) 19:31
dempad,ユニディが埼玉・熊谷に6年ぶりの新店　コストココーナーが人気,https://news.yahoo.co.jp/articles/fe2c72424f8efaa13024c677607103434510a5df,4/17(月) 12:30
dempad,マスク氏がAIの新興企業　チャットGPTに対抗へ　FT報道,https://news.yahoo.co.jp/articles/d2ac7b99d30e0359955f9fdf0e1a1b2caff52ea6,4/15(土) 17:31
dempad,経産省、量子コンピューター活用のクラウドサービスへの支援決定、42億円助成,https://news.yahoo.co.jp/articles/da7898afc82e86f009d31987e9981f5cf23dfe5c,4/14(金) 20:11
dempad,ロジャー・エーベルハルト氏の作品と空気に関する技術コラボ　パナソニックが「京都国際写真祭 2023」協賛,https://news.yahoo.co.jp/articles/cfc14aea1aa371bd6d64b7ce9b3ffb62c44370c0,4/14(金) 20:00
dempad,ヤマダ、50年で578倍　創業の地に超大型店オープン,https://news.yahoo.co.jp/articles/07a4720015b810758aab844b6108c071cca5565e,4/14(金) 19:31
dempad,パナソニックやベネッセが「GPT」活用　安全配慮、DX加速へ　BtoC視野も,https://news.yahoo.co.jp/articles/d3ca0a9492a30d9197f1d5a491ac4229b19fab35,4/14(金) 18:50
dempad,STと独ZFが複数年供給契約 車載向けSiCデバイス,https://news.yahoo.co.jp/articles/a580a303fc65f1efd9bb4db55136a1b22dba1681,4/14(金) 18:00
dempad,AIで働き方改革を　河野デジタル相がアイデア発掘を指示,https://news.yahoo.co.jp/articles/09f3b9a31da46193068c1485eab7dcab992b4cff,4/14(金) 17:20
dempad,温度を一定に保ち鮮度保持　アクアが冷蔵庫新シリーズを19日発売,https://news.yahoo.co.jp/articles/b4fbec78603898fa54682945bdf637844622cf68,4/14(金) 16:30
dempad,アマゾンが生成AI事業参入　クラウド経由で提供,https://news.yahoo.co.jp/articles/499591e9700ad4d6c1887ff381561d9f718240b2,4/14(金) 12:30
dempad,インテルとアームがSoC生産で協業　スマホから車載なども視野,https://news.yahoo.co.jp/articles/961d94b5e2d90c2459f6c92eeebef91af0f1549c,4/14(金) 12:20
dempad,長崎市科学館で企画展 「三種の神器」など昭和家電の進化たどる 来月28日まで,https://news.yahoo.co.jp/articles/d4261c195293cf63f54d96bf57882f1549729302,4/14(金) 12:06
dempad,虫のような軟らかいロボット、電通大ら開発　電子回路など微細環境での作業の応用期待,https://news.yahoo.co.jp/articles/140567cd973f73fa8c8d0ab7e23f6fed51ccf495,4/13(木) 19:51
dempad,米政府、新たな排ガス規制でEV後押しへ　対応求められる各社,https://news.yahoo.co.jp/articles/396e2dd953307fb8ae71704df9d19790ca0af9ae,4/13(木) 13:02
dempad,仙台発で研究開発や人材確保強化、電子部品大手アルプスアルパインが新施設,https://news.yahoo.co.jp/articles/2ffe6b5a303329fa82ce69af54c1aea553e0716d,4/13(木) 12:20
dempad,ミネベアミツミがマスクの生産・販売終了　高性能部品生産のノウハウ活用で人気,https://news.yahoo.co.jp/articles/5a9621714722cd2f0f64a78e9b2f7b1e746a8456,4/12(水) 12:20
dempad,米アマゾン、模倣品排除600万件　ビデオチャットやMLも活用,https://news.yahoo.co.jp/articles/d9336fd8daf3aa0b7a023b36f31d3c1cbb4b04e2,4/11(火) 20:20
dempad,キャッシュレス決済など小売りのDX　日本市場に海外勢が熱視線,https://news.yahoo.co.jp/articles/170e067ab00cae399d40f19520a4629337d3b5e2,4/11(火) 19:31
dempad,各地域電器店　エアコン、冷蔵庫など梅雨や夏到来見据えて提案,https://news.yahoo.co.jp/articles/46560a8c30bd8c3f999bce527a18e08f33ac4a93,4/11(火) 8:30
dempad,XRで「富岳」の飛沫シミュレーション結果を見える化、JSOLが成功,https://news.yahoo.co.jp/articles/dbedc878bd19bf78e1df9eef1dccd1ed5d2cb9a8,4/10(月) 20:11
dempad,JDI、中国ディスプレー大手のHKCと戦略提携　先端製品量産めざす,https://news.yahoo.co.jp/articles/32d285c0a3589f3d04d0856cc682209378c28d2d,4/10(月) 18:01
dempad,フィルム型デバイスで物流DX　京セラグループが今月から本格展開,https://news.yahoo.co.jp/articles/2de5779670efe70ae625f7ef98f5be9f01ea8527,4/10(月) 13:01
dempad,福岡大が「メタバース入学式」　ゴリけんさんら“福大あるある”語るトークショーも,https://news.yahoo.co.jp/articles/8d2f3c08ab14964fa8d382a8c7205cb60b38320f,4/8(土) 17:30
dempad,ドイツで車載用LiBリサイクルのR&D設備　JX金属グループ,https://news.yahoo.co.jp/articles/df7c90ff58daa6570e4de8136c8299372dc01da7,4/7(金) 20:31
dempad,サンケン電気が新潟に生産子会社　パワー半導体強化　JSファンダリ活用,https://news.yahoo.co.jp/articles/99fec06e3eb8d775737594d499ee0cfdf0cf4530,4/7(金) 19:31
dempad,米Shokzが「骨伝導じゃない」イヤホン開発　初の完全ワイヤレスでもオープンイヤー型追求,https://news.yahoo.co.jp/articles/2febdc3b45f46ba870b93fb3a25dea63d9f29d09,4/7(金) 18:03
dempad,キャッシュレス決済、初の100兆円超え　「非接触」生活浸透,https://news.yahoo.co.jp/articles/c664969996eaf219490bf08beea326ca9c4482aa,4/7(金) 16:01
dempad,韓国サムスン、過去14年で最悪　1～3月業績予測　メモリーチップ価格下落で,https://news.yahoo.co.jp/articles/5c03bdd1263a97a73dc294d52d1fd644be04596d,4/7(金) 15:01
dempad,木星の氷衛星で生命可能性など探る　JAXAやNICT参画、アリアンで打ち上げへ,https://news.yahoo.co.jp/articles/865c891aeee832d24e478989a2a33245be8f9c1b,4/6(木) 20:41
dempad,「スマートソーラーチャージ」機能搭載　パナソニックがエコキュート新製品,https://news.yahoo.co.jp/articles/87082343ad35d45850cbfe2951cec489d706f4bd,4/6(木) 20:00
dempad,サトーホールディングス、新社長に小沼氏,https://news.yahoo.co.jp/articles/0d40d1359bc4a2fc3085c73a14c43247f96a1bdf,4/6(木) 19:21
dempad,通信文化協会が「第68回前島密賞」贈呈式,https://news.yahoo.co.jp/articles/da0bfb2ebc080e1f27fa15ea1872b5de69db9a3e,4/6(木) 19:00
dempad,酸化ガリウムSBD搭載で回路の動作確認　ノベルクリスタル　「国内初」の高出力,https://news.yahoo.co.jp/articles/dd8c71e4f3ed150d3b3e9137cc1e62564d8f0fa3,4/6(木) 16:01
dempad,PFU、リコーブランドで初の新商品　スキャナー2機種の販売開始,https://news.yahoo.co.jp/articles/97aee3fa9c6ce7547615d9fc19c87250c05ad780,4/6(木) 14:19
dempad,OKIグループが手掛ける超小型モーター　多指多関節ロボットを容易に,https://news.yahoo.co.jp/articles/392a87d3a737eaee24d710fca10d68de2edf7420,4/5(水) 20:40
dempad,睡眠不足を解消するガス給湯器、ノーリツが7月に発売,https://news.yahoo.co.jp/articles/f6514985ba9d5e7225230ff6eda049e654940f78,4/5(水) 20:31
dempad,エレ・電子部品各社、新人に注力　研修は対面中心に、待遇アップも,https://news.yahoo.co.jp/articles/0772d33bb382778345485a4af58c405fa3070451,4/5(水) 19:31
dempad,若田宇宙飛行士が会見　民間の宇宙参画に期待　日本製品の高性能さ実感も,https://news.yahoo.co.jp/articles/ef97d407a7e76b80253220d08d890571202769c6,4/5(水) 18:30
dempad,Japan IT Week、東京ビッグサイトで開幕　メタバース加わり11専門展、750社出展,https://news.yahoo.co.jp/articles/aaf9eaaa5378f46e7e572736aae294337716bb4e,4/5(水) 15:01
dempad,ラピダス、imecのコアパートナープログラムに参加　先端半導体へ関係強化,https://news.yahoo.co.jp/articles/308ecf68efb0cd8e0adc2fef40d3d72b1884078e,4/4(火) 20:11
dempad,英、エネルギー投資で新政策　再エネやCO回収技術など　ロシアの侵略背景に安保打ち出す,https://news.yahoo.co.jp/articles/57bd1b544a2e2700ebc651e66bc0ee5b228970ec,4/4(火) 19:30
dempad,産総研の新会社に元TDK常務、NEDOトップは元IHI社長　政府系研究機関に民間出身者,https://news.yahoo.co.jp/articles/c38dab636b12dceb58ce3b6441250f6f02491bf9,4/4(火) 19:11
dempad,「一番身近な宇宙」感じる製品を展示　b8ta JapanがJAXAとコラボイベント,https://news.yahoo.co.jp/articles/57dc8b36b185ad4d44c9f67cd256295db0bac59d,4/4(火) 15:20
dempad,NECプラットフォームズ、新社長に河村氏,https://news.yahoo.co.jp/articles/ccc16566d9750b3550b3bee7e7720d1e864765ea,4/4(火) 12:11
dempad,新生活家電が好調な動き　各地の家電量販店,https://news.yahoo.co.jp/articles/978a6ae01df670b5f1205aab879976d2804a733d,4/4(火) 8:01
dempad,ガンバ大阪の選手からエール　パナソニックがパナソニックスタジアム吹田で入社式,https://news.yahoo.co.jp/articles/2b1d5ee4237b3447a891825c16c771787351e9a9,4/3(月) 20:00
dempad,自動車安全技術の国際会議、20年ぶり日本で　横浜で「ESV」,https://news.yahoo.co.jp/articles/8fd8436ffaf0c0e019eb9ec2058c4bb12f23b9e4,4/3(月) 19:50
dempad,「運動会ハッカソン」の入社式で交流　VRやチャットGPTなどの中、逆張り？の独ボッシュ,https://news.yahoo.co.jp/articles/cd8c852f477d27c92b6898bffd610fdefe2e72aa,4/3(月) 19:20
dempad,SiC半導体のインバータ―　デンソーが開発、BEVの航続距離延伸,https://news.yahoo.co.jp/articles/663d8eb15d4863c9367821ed290a32aaafdce814,4/1(土) 11:11
dempad,NEC通信システム、新社長に源氏,https://news.yahoo.co.jp/articles/d241d7d0533ff0987170dff02ed142c60e9c389e,4/1(土) 0:40
dempad,グーグルの広告削除は5割増　グローバルで昨年52億件　監視逃れへの体制も強化,https://news.yahoo.co.jp/articles/a5283bea86b16c4037865497c12082e204d01086,3/30(木) 20:51
dempad,JFEとヒューリックが京浜地区でまちづくり　先端素材の研究開発拠点構想,https://news.yahoo.co.jp/articles/fa0c13743f5d3a974b10c48dd30e915acc8dc715,3/30(木) 20:00
dempad,日立アステモ、IPO視野に株主構成変更　投資会社が出資、日立とホンダ対等に,https://news.yahoo.co.jp/articles/82cd8a27d6507d6157c701a6a0ae36205d265010,3/30(木) 19:06
dempad,毎秒1.44テラビット無線伝送に成功、6G実現へ弾み　NTT、サブテラヘルツ帯で世界初,https://news.yahoo.co.jp/articles/17390b4b3421b4ebb1bedc92c38fb828df71a015,3/30(木) 17:40
dempad,NECがサイバーセキュリティー専門の新会社 「NECセキュリティ」4月1日発足,https://news.yahoo.co.jp/articles/146f216668ec1e578cf1dfc1c647c7d02790ec33,3/30(木) 15:01
dempad,42型モノクロ電子ペーパーディスプレーを4月発売　シャープが高い省エネ性実現,https://news.yahoo.co.jp/articles/978413e59fe2f912f8ead7a2c5e8085f9f2f69f8,3/29(水) 19:51
dempad,秋葉原駅にXR体験施設登場　NTTコノキュー、最新のバーチャルデバイス用意,https://news.yahoo.co.jp/articles/dfecc7029706a9c2836facbea29910aeeba3096f,3/28(火) 20:51
dempad,Web3技術で世界最古のバチカン図書館を支援、NTTデータが実証実験で成果,https://news.yahoo.co.jp/articles/cde8ed17b14d4c589e301e4cabc75683b1b9f064,3/28(火) 19:51
dempad,独ボッシュ、日本でも地産地消の体制強化　自動車部品やSDVにも力,https://news.yahoo.co.jp/articles/a81c455a7aa5d5e07a1fa0cd4c7940f2c2d4173e,3/28(火) 19:31
dempad,次世代量子デバイス材料研究へ　住友化学、東大・東工大・理研と　メモリーなどに期待,https://news.yahoo.co.jp/articles/d244295a5d99f7960224d9e7224c4eaad28bcdf5,3/28(火) 18:40
dempad,新たな「匂いビジネス」創出へ、NTTデータと阪大発ベンチャーが連携　光計算機を駆使,https://news.yahoo.co.jp/articles/87e98eb1a74fa9313b6365494ddfeef29fd061da,3/27(月) 22:01
dempad,「先の長いレースの始まり」、量子コンピューター国産初号機の稼働で,https://news.yahoo.co.jp/articles/532d6111f2d696ee59bab933fd3ee356afda811e,3/27(月) 21:40
dempad,各地域電器店、設置環境踏まえ創蓄システムなど提案,https://news.yahoo.co.jp/articles/1c2c15c2067f2ad2241588723362a78dff653f1d,3/27(月) 21:11
dempad,ゴードン・ムーア氏死去　ティム・クック氏らが追悼,https://news.yahoo.co.jp/articles/900b7201ec2576af70fd7fe19cd4d72f8a8ceacb,3/27(月) 19:00
dempad,東大が「メタバースラウンジ」　産学連携で研究や実装図る,https://news.yahoo.co.jp/articles/c800add0a09611c011f80cc40bd7863d01b14d1b,3/27(月) 18:11
dempad,半導体「ムーアの法則」のゴードン・ムーア氏、94歳で死去　「テックで世界の生活向上」,https://news.yahoo.co.jp/articles/588ff2b8b344bae8774897a78e0c831f7a637761,3/25(土) 18:30
