media_en,media_jp,title_articles,link_articles,date_original
dospo,道新スポーツ,軽度肉離れだった札幌FW大森真吾が完全合流 「ちょっとずつ試合勘は戻ってくる」,https://news.yahoo.co.jp/articles/9cc981f214ea9c95e509a2f98b97c53a9f3abcb0,4/26(金) 0:06
dospo,道新スポーツ,ルール不適合の低反発バットは北海道内の高校で140本配布　42本該当の札幌支部は抽選会場で回収開始,https://news.yahoo.co.jp/articles/857671ff18e21f7ee7f50330cc813d7260bb6afe,4/23(火) 22:35
dospo,道新スポーツ,野外音楽フェス「SORAON」出演アーティスト最終発表！ KREVAや土屋アンナらが出演　6月22、23日開催,https://news.yahoo.co.jp/articles/ea6750bab56c3f347f5546378a8601733363ba00,4/15(月) 22:09
dospo,道新スポーツ,台湾中学チームと交流ある恵庭リトルシニア　震災被害の義援金24万円を届ける,https://news.yahoo.co.jp/articles/bfef612666364483d58a9a7dc1c976f4bc36657e,4/15(月) 22:02
dospo,道新スポーツ,2大ドーム効果で北海道高野連が黒字決算　北海道大会の集客増で収益V字回復,https://news.yahoo.co.jp/articles/1503de3a008cecaee5a5f32a08053446d75a7f51,4/12(金) 18:20
dospo,道新スポーツ,伊藤大海　12日のオリックス戦に先発　警戒する打者は「セデーニョ選手」,https://news.yahoo.co.jp/articles/22e0727c1dfc5b79d6e6adb36398250aba4da3c0,4/11(木) 20:43
dospo,道新スポーツ,現役ドラフトで新加入の日本ハム・水谷瞬が古巣戦でプロ初の1軍昇格,https://news.yahoo.co.jp/articles/1cff9c27d28942f1df94c29250a0293c2c1ee41c,4/8(月) 6:03
dospo,道新スポーツ,日本ハム・中島卓也が今季初打席で快音 「打席よりも守備機会があったので緊張した」,https://news.yahoo.co.jp/articles/e2829cda9230d965c910466c98de316cae903357,4/7(日) 21:52
dospo,道新スポーツ,6日G大阪戦　札幌の大森真吾がFW陣のゴール1号いただく「前線が取って勢いづけないと」,https://news.yahoo.co.jp/articles/b99b245a7dd94c39a27e1e392ff78486e95569d0,4/5(金) 20:58
