media_en,media_jp,title_articles,link_articles,date_original
getsuv,ŒŠ§ƒoƒŒ[ƒ{[ƒ‹,yƒoƒŒ[zƒpƒiƒ\ƒjƒbƒN@V‹M—T‚Ì“ŒƒŒ‚ÖŠúŒÀ•t‚«ˆÚĞ‚ğ”­•\,https://news.yahoo.co.jp/articles/8bd8783d8b0698b01a629b26203f62f94ed48ce3,5/1(…) 15:43
getsuv,ŒŠ§ƒoƒŒ[ƒ{[ƒ‹,yƒoƒŒ[zƒfƒ“ƒ\[@’†Œ³“ì‚Ìˆø‘Ş‚Æ‰¡“c^–¢A‰¡“cÑ½‚ç‚Ì‘Ş’c‚ğ”­•\,https://news.yahoo.co.jp/articles/9a7d4cdabc3725c274af8454103975e1d75c7331,5/1(…) 12:37
getsuv,ŒŠ§ƒoƒŒ[ƒ{[ƒ‹,yƒoƒŒ[zg’·190‡pƒJƒ‹ƒeƒbƒg“oê‚È‚é‚© t‚˜A”e‚Ìx‘äŠw‰€‚‚ª2“x–Ú‚Ì•˜hŠø‚Ö,https://news.yahoo.co.jp/articles/bf82de15f4bfdf066e78ea677f2899035b21c833,5/1(…) 11:59
getsuv,ŒŠ§ƒoƒŒ[ƒ{[ƒ‹,yƒoƒŒ[zKUROBE@îà‹´ˆ¤–¢‚ÌŒ»–ğˆø‘Ş‚Æ²“¡Ê”TA²“¡êt‚Ì‘Ş’c‚ğ”­•\,https://news.yahoo.co.jp/articles/ecfabe29cf5b99252ebe15a1c3e88a2891e27aa9,4/30(‰Î) 19:38
getsuv,ŒŠ§ƒoƒŒ[ƒ{[ƒ‹,yƒoƒŒ[z‘å•ªOD@VVƒŠ[ƒOQí«‘Ş‚µ‹x•”‚Ö,https://news.yahoo.co.jp/articles/82b0d81cea9725752265b293290391541d3dba82,4/30(‰Î) 18:23
getsuv,ŒŠ§ƒoƒŒ[ƒ{[ƒ‹,yƒoƒŒ[zîà‹´—•‚Ìƒ‚ƒ“ƒcƒ@‚ÍƒZƒŠƒGA€—DŸ@ƒ~ƒ‰ƒm‚Í3ˆÊ‚ÅÎì—SŠó‚ÍMVP‚ÌŠˆ–ô yŠCŠOƒŠ[ƒOŠ‘®’jq“ú–{‘ã•\‘IèE4/27`/29z,https://news.yahoo.co.jp/articles/018b81188a4878ffc40c348d83135d4d8b4b5577,4/30(‰Î) 17:11
getsuv,ŒŠ§ƒoƒŒ[ƒ{[ƒ‹,yƒoƒŒ[zƒpƒiƒ\ƒjƒbƒN@‰i–ìŒ’‚ÌŒ»–ğˆø‘Ş‚ğ”­•\,https://news.yahoo.co.jp/articles/2eacb1768de296b94f74db5ca202385327b80f1d,4/30(‰Î) 15:42
getsuv,ŒŠ§ƒoƒŒ[ƒ{[ƒ‹,yƒoƒŒ[z’†Šw¶ƒNƒ‰ƒuuƒtƒŒƒ“ƒYv‚ªåÃ‘å‰ï‚Å•å‹àŠˆ“®B”\“o”¼“‡’nk‚Ì”íĞ’n‚Ö‘Iè‚Ì”­ˆÄ‚Å,https://news.yahoo.co.jp/articles/f945f8c05569395dc82f76abff0f07361bb105aa,4/30(‰Î) 13:30
getsuv,ŒŠ§ƒoƒŒ[ƒ{[ƒ‹,yƒoƒŒ[z23-24ƒV[ƒYƒ“‚ÍgŠé‰æƒ†ƒjƒtƒH[ƒ€Œ³”Nh‚¾‚Á‚½!? VƒŠ[ƒO’jq‚ÌaVƒfƒUƒCƒ“3‘Ik“ŒƒŒƒAƒ[ƒYl,https://news.yahoo.co.jp/articles/5b4b9f8af843c813caab2879dc1a57b9e2ae3965,4/29(Œ) 8:10
getsuv,ŒŠ§ƒoƒŒ[ƒ{[ƒ‹,yƒoƒŒ[z23-24ƒV[ƒYƒ“‚ÍgŠé‰æƒ†ƒjƒtƒH[ƒ€Œ³”Nh‚¾‚Á‚½!? VƒŠ[ƒO’jq‚ÌaVƒfƒUƒCƒ“3‘Ikƒpƒiƒ\ƒjƒbƒNƒpƒ“ƒT[ƒYl,https://news.yahoo.co.jp/articles/5b8e40e1b0b27474f5a26fd84d1b98986ceb9b77,4/28(“ú) 8:10
getsuv,ŒŠ§ƒoƒŒ[ƒ{[ƒ‹,yƒoƒŒ[z23-24ƒV[ƒYƒ“‚ÍgŠé‰æƒ†ƒjƒtƒH[ƒ€Œ³”Nh‚¾‚Á‚½!? VƒŠ[ƒO’jq‚ÌaVƒfƒUƒCƒ“3‘IkƒTƒ“ƒgƒŠ[ƒTƒ“ƒo[ƒYl,https://news.yahoo.co.jp/articles/c18d6f3aefa1c08470933bf3de987c3d785a3f72,4/27(“y) 8:10
getsuv,ŒŠ§ƒoƒŒ[ƒ{[ƒ‹,yƒoƒŒ[zVC’·–ì@‰ºì—È‚Ì‘Ş’c‚ğ”­•\,https://news.yahoo.co.jp/articles/afcd8c5d6a50cc1bd32786eb5bb5eeb45f853e06,4/26(‹à) 20:20
getsuv,ŒŠ§ƒoƒŒ[ƒ{[ƒ‹,yƒoƒŒ[zé‹Êã”ö@—é–Ø“úˆ¨AÂ–ö‹ŒÃA‹Tˆä”üq‚ç3‘Iè‚ÆA”nê‘å‘ñƒR[ƒ`‚ª‘Ş’c,https://news.yahoo.co.jp/articles/79f259a8f44881dfdaaac873267fd9fd70769fe4,4/26(‹à) 19:46
getsuv,ŒŠ§ƒoƒŒ[ƒ{[ƒ‹,yƒoƒŒ[z“ú—§Astemo@âV“¡‰Á“Şq‚ÌŒ»–ğˆø‘Ş‚Æ“nç²Ê‚Ì‘Ş’c‚ğ”­•\,https://news.yahoo.co.jp/articles/ddd35aef39332568b5607292679184785d2ce0f0,4/26(‹à) 17:34
getsuv,ŒŠ§ƒoƒŒ[ƒ{[ƒ‹,yƒoƒŒ[zÎì—SŠó‚Ìƒ~ƒ‰ƒm‚Í3ˆÊ‚Ö‰¤è@îà‹´—•‚Ìƒ‚ƒ“ƒcƒ@‚Íƒtƒ@ƒCƒiƒ‹‚Å2”s–Ú yŠCŠOƒŠ[ƒOŠ‘®’jq“ú–{‘ã•\‘IèE4/23`/25z,https://news.yahoo.co.jp/articles/c64a7df0ba5db3487f2d8bc09a4bfbd0c7fa4c35,4/26(‹à) 17:10
getsuv,ŒŠ§ƒoƒŒ[ƒ{[ƒ‹,yƒoƒŒ[z‰ªR@ì“‡ˆŸˆË”üA‹{‰º—yA‘O“c–¾—¢A‰““¡Ê–G‚Ì—E‘Ş‚ğ”­•\,https://news.yahoo.co.jp/articles/ff6b4f23829f709233fb851456d3653cfa4c9cdf,4/26(‹à) 15:25
getsuv,ŒŠ§ƒoƒŒ[ƒ{[ƒ‹,yƒoƒŒ[z‹vŒõ@‰Ôˆä–G—¢‚ªˆø‘ŞAíî¼–¾“ú‚ç‘Iè3–¼‚ÆÀˆÀƒR[ƒ`‚ª‘Ş’c,https://news.yahoo.co.jp/articles/a2dd6eed76a4a8308432d54577bbbbdd267c4e23,4/26(‹à) 13:22
getsuv,ŒŠ§ƒoƒŒ[ƒ{[ƒ‹,yƒoƒŒ[z—q“ú–{‘ã•\‚ªƒl[ƒVƒ‡ƒ“ƒYƒŠ[ƒO‚ÉŒü‚¯‚Äo‘ ‰í‚Ì¢ŠE1ˆÊƒgƒ‹ƒRí‚ÖŒÃ‰êƒLƒƒƒvƒeƒ“u©M‚ğ‚Á‚Ä“ü‚ê‚é‚æ‚¤‚Év,https://news.yahoo.co.jp/articles/db2cd432622326aade908182b15492d2ecb4203b,4/25(–Ø) 20:34
getsuv,ŒŠ§ƒoƒŒ[ƒ{[ƒ‹,yƒoƒŒ[zJT—q@–àˆä‚ ‚«A¬Rˆ¤ÀA‚‹´ää»“Ş‘Iè3–¼‚Ì‘Ş•”‚ğ”­•\,https://news.yahoo.co.jp/articles/35996766dd49c770466f42c2e3361cf9c305f070,4/25(–Ø) 20:02
getsuv,ŒŠ§ƒoƒŒ[ƒ{[ƒ‹,yƒoƒŒ[zƒTƒ“ƒgƒŠ[@R‘ºG‘¾ŠÄ“Â‚Ì—E‘Ş‚ğ”­•\,https://news.yahoo.co.jp/articles/0fc294125739230b4bc5b762c4c1c15174db3eef,4/25(–Ø) 18:08
getsuv,ŒŠ§ƒoƒŒ[ƒ{[ƒ‹,yƒoƒŒ[zƒWƒFƒCƒeƒNƒg@•ŸR‘¿ˆê‚ÌŒ»–ğˆø‘Ş‚Æ“¡’†—D“l‚Ì‘Ş’c‚ğ”­•\,https://news.yahoo.co.jp/articles/691fbc6c2f221e2bc78c6b6d95f82ecf856be0ef,4/25(–Ø) 10:31
getsuv,ŒŠ§ƒoƒŒ[ƒ{[ƒ‹,yƒoƒŒ[z“ú“SäBZ@”—“cŠsu‚Ì‘Ş’c‚ğ”­•\,https://news.yahoo.co.jp/articles/e280effb2532e15e5f157ec74be24908db77dc7e,4/24(…) 17:30
getsuv,ŒŠ§ƒoƒŒ[ƒ{[ƒ‹,yƒoƒŒ[z‰i˜IŒ³‹H‚ÌƒAƒ^ƒbƒN‚â…’¬‘×“m‚ÌƒgƒX‚ÉŠ½ºBWD–¼ŒÃ‰®‚ªƒ`ƒƒƒŠƒeƒB[g”’í‚ğÀ{,https://news.yahoo.co.jp/articles/979804e53b357f130d16c00f91fd89b974598c9c,4/24(…) 15:34
getsuv,ŒŠ§ƒoƒŒ[ƒ{[ƒ‹,yƒoƒŒ[z…’¬‘×“m‚ªƒr[ƒ`‚É–{ŠiQí@ƒXƒƒxƒjƒA‚ÅC‹Æ‚µ9Œ‚Ì–¼ŒÃ‰®‘å‰ïoê‚ğ–Úw‚·,https://news.yahoo.co.jp/articles/a179f8def2581474dff473ce4fe62d0cbe005889,4/24(…) 12:32
getsuv,ŒŠ§ƒoƒŒ[ƒ{[ƒ‹,yƒoƒŒ[z”ƒæ‘å‹g ƒoƒŒ[ƒ{[ƒ‹ƒl[ƒVƒ‡ƒ“ƒYƒŠ[ƒO2024 •Ÿ‰ª‘å‰ïƒ`ƒPƒbƒgî•ñ 4Œ24“ú‚©‚çˆê”Ê”Ì”„ŠJn,https://news.yahoo.co.jp/articles/7f1f9a66ecced336358a0a47afadf895fe2adb2a,4/24(…) 12:07
getsuv,ŒŠ§ƒoƒŒ[ƒ{[ƒ‹,yƒoƒŒ[z’jq“ú–{‘ã•\@ƒ~ƒhƒ‹ƒuƒƒbƒJ[‚Ì‹S–Ø˜B‚ğ’Ç‰Á“o˜^,https://news.yahoo.co.jp/articles/0e6044a145d01f121524b7ecb6073c528825ed49,4/22(Œ) 20:12
getsuv,ŒŠ§ƒoƒŒ[ƒ{[ƒ‹,yƒoƒŒ[zJTL“‡@ˆäãq‚Ì‘Ş•”‚ğ”­•\,https://news.yahoo.co.jp/articles/ae1364420dc9761bd691c11318295529e135160c,4/22(Œ) 18:58
getsuv,ŒŠ§ƒoƒŒ[ƒ{[ƒ‹,yƒoƒŒ[z“ú“SäBZ@oãÎ“cŒh‚Ìˆø‘Ş‚Æç—ti–çŠÄ“ÂA”~–{—é‘¾˜Y‚Ì‘Ş’c‚ğ”­•\,https://news.yahoo.co.jp/articles/3342db3a974a786055765a890bf96bc9d712ef26,4/22(Œ) 18:36
getsuv,ŒŠ§ƒoƒŒ[ƒ{[ƒ‹,yƒoƒŒ[z—q“ú–{‘ã•\@ƒl[ƒVƒ‡ƒ“ƒYƒŠ[ƒO2024ƒGƒ“ƒgƒŠ[ƒƒ“ƒo[30–¼‚ªŒˆ’è@‹{•”ˆ¤‰è¢‚ç6–¼‚ğ’Ç‰Á“o˜^,https://news.yahoo.co.jp/articles/d70c5a18363fd4812147a9efe1ce4b843ad42c80,4/19(‹à) 20:02
getsuv,ŒŠ§ƒoƒŒ[ƒ{[ƒ‹,yƒoƒŒ[z“ŒƒŒ—q@‘åí•‹Õ–¢‚ç‘Iè5–¼‚ÆƒXƒ^ƒbƒt3–¼‚Ì‘Ş’c‚ğ”­•\,https://news.yahoo.co.jp/articles/5fcb12459d59938bafad9b72100075934138e92b,4/19(‹à) 17:38
getsuv,ŒŠ§ƒoƒŒ[ƒ{[ƒ‹,yƒoƒŒ[zƒfƒtƒoƒŒ[ƒ{[ƒ‹¢ŠE‘IèŒ 2024‰«“ê‘å‰ï@’j—”hŒ­‘Iè‚ªŒˆ’è,https://news.yahoo.co.jp/articles/fbb44b862def08f3744880915d1cc5ab50eea2b0,4/19(‹à) 10:59
getsuv,ŒŠ§ƒoƒŒ[ƒ{[ƒ‹,yƒoƒŒ[zƒ”ƒHƒŒƒAƒX@Œã“¡–œŸ‚ÌŒ»–ğˆø‘Ş‚ğ”­•\,https://news.yahoo.co.jp/articles/1b3119f354d086a3ea305ed59d95652e516aaf5f,4/18(–Ø) 19:19
getsuv,ŒŠ§ƒoƒŒ[ƒ{[ƒ‹,yƒoƒŒ[zSVƒŠ[ƒO‚Í—q14A’jq10ƒ`[ƒ€‚ÅƒXƒ^[ƒg@2024-25ƒV[ƒYƒ“‚ÌƒŠ[ƒO•Ò¬‚ªŒˆ’è,https://news.yahoo.co.jp/articles/83398fc4c57696189840a0cd2856a147cbb63bdc,4/18(–Ø) 18:09
getsuv,ŒŠ§ƒoƒŒ[ƒ{[ƒ‹,yƒoƒŒ[z2024 VEƒTƒ}[ƒŠ[ƒO—q‘å‰ï‚ÌŠJÃŒˆ’è@VƒŠ[ƒOn“®‚É”º‚¢43”N‚Ì—ğj‚É–‹,https://news.yahoo.co.jp/articles/5a61e6094b8f40639344e05edcaeae6f7477613d,4/18(–Ø) 17:07
getsuv,ŒŠ§ƒoƒŒ[ƒ{[ƒ‹,yƒoƒŒ[zPFU@îà‘Š‚İ‚È‚İAR‰º—y‚ç‘Iè8–¼‚ÆƒXƒ^ƒbƒt4–¼‚Ì‘Ş’c‚ğ”­•\,https://news.yahoo.co.jp/articles/cd2e90c61750efc21ab53b920dc56f6067e64c34,4/18(–Ø) 16:38
getsuv,ŒŠ§ƒoƒŒ[ƒ{[ƒ‹,yƒoƒŒ[z2024ƒoƒŒ[ƒ{[ƒ‹’jq“ú–{‘ã•\‘Ûe‘P‡ “ú–{B‘ÎƒhƒCƒciŠâè‘å‰ïjƒ`ƒPƒbƒgî•ñ,https://news.yahoo.co.jp/articles/d5c3e6790fc55728b02357b4ceaa70f7966d7e38,4/16(‰Î) 20:22
getsuv,ŒŠ§ƒoƒŒ[ƒ{[ƒ‹,yƒoƒŒ[zîà‹´—•@ƒ`[ƒ€‚ğŸ—˜‚É“±‚­Šˆ–ô‚ğŒ©‚¹A“ú–{l2l–Ú‚Æ‚È‚éƒZƒŠƒGAŒˆŸ‚Öio yŠCŠOƒŠ[ƒOŠ‘®’jq“ú–{‘ã•\‘IèE4/10`/15z,https://news.yahoo.co.jp/articles/bc03fcc38ed1c2382ff6cfff9c5b5846eaf13e1d,4/16(‰Î) 17:32
getsuv,ŒŠ§ƒoƒŒ[ƒ{[ƒ‹,yƒoƒŒ[z“ú“SäBZ@Ô¯Lé‚Ì‘Ş’c‚ğ”­•\,https://news.yahoo.co.jp/articles/2484b33cc289a053d32e007fce2614a9c0e75bfb,4/16(‰Î) 16:04
getsuv,ŒŠ§ƒoƒŒ[ƒ{[ƒ‹,yƒoƒŒ[zNEC@àV“c—R‰À‚ÌŒ»–ğ•œ‹A‚ğ”­•\,https://news.yahoo.co.jp/articles/2679fe90cb73ccf1603c8972c7f563e4cd3349cc,4/15(Œ) 19:02
getsuv,ŒŠ§ƒoƒŒ[ƒ{[ƒ‹,yƒoƒŒ[z“Œ‹GB@–ö’¬ˆí‘¾‚Ì‘Ş’c‚ğ”­•\,https://news.yahoo.co.jp/articles/ad1d47bc832c7c2beb97a0c98851c22ffa5889ac,4/15(Œ) 17:37
getsuv,ŒŠ§ƒoƒŒ[ƒ{[ƒ‹,yƒoƒŒ[zƒpƒiƒ\ƒjƒbƒN@™Z‹ÊN¬‚ÆˆÉ“¡—FŒ’‚ÌŒ»–ğˆø‘Ş‚ğ”­•\,https://news.yahoo.co.jp/articles/451b17e3ef837a98c4f284eca38354fa869fbb06,4/15(Œ) 15:16
getsuv,ŒŠ§ƒoƒŒ[ƒ{[ƒ‹,yƒoƒŒ[z¬Šw¶24ƒ`[ƒ€‚ªg“²‚ê‚Ìh“Œ‹‘ÌˆçŠÙ‚ÅƒvƒŒ[ “Œ‹™ˆêƒNƒ‰ƒu‚ªu‚İ‚ñ‚È1”Ô‘å‰ïv‚ğŠJÃ,https://news.yahoo.co.jp/articles/3dcffd5671bd28a7679a51503f61e22f93abc44d,4/12(‹à) 12:07
getsuv,ŒŠ§ƒoƒŒ[ƒ{[ƒ‹,yƒoƒŒ[z“Œ‹GB@ƒ‰ƒtƒ@ƒGƒ‹EƒAƒ‰ƒE[ƒWƒ‡‚Ì‘Ş’c‚ğ”­•\,https://news.yahoo.co.jp/articles/cb469b389c05856d58596edf34cc34649df7aa96,4/11(–Ø) 15:08
getsuv,ŒŠ§ƒoƒŒ[ƒ{[ƒ‹,yƒoƒŒ[z“ú“SäBZ@”óŒû—TŠó‚Ì‘Ş’c‚ğ”­•\,https://news.yahoo.co.jp/articles/1dfa4c3f7eb8246ee8ad2804fed71280ad52799c,4/11(–Ø) 14:11
getsuv,ŒŠ§ƒoƒŒ[ƒ{[ƒ‹,yƒoƒŒ[zîà‹´‚ÍMVPŠl“¾AÎì‚Í10“¾“_‚à‰÷‚µ‚¢2”s–Ú@ƒtƒ@ƒCƒiƒ‹io‚ÉŒü‚¯‚Ä‚Æ‚à‚É³”Oê yŠCŠOƒŠ[ƒOŠ‘®’jq“ú–{‘ã•\‘IèE4/6`/7z,https://news.yahoo.co.jp/articles/5605b57c80672347484c3fabe9afa7f2583c205f,4/11(–Ø) 10:40
getsuv,ŒŠ§ƒoƒŒ[ƒ{[ƒ‹,yƒoƒŒ[z“ú—§Astemo@ƒ^ƒbƒgƒ_ƒIEƒkƒNƒWƒƒƒ“‚Ì‘Ş’c‚ğ”­•\,https://news.yahoo.co.jp/articles/b360b396953c8176d950076bf6e4bdf7659c9be7,4/9(‰Î) 19:21
getsuv,ŒŠ§ƒoƒŒ[ƒ{[ƒ‹,yƒoƒŒ[z‘æ72‰ñ•˜hŠø‘S“ú–{’j—‘I”²‘å‰ï‚ÌƒOƒ‹[ƒví‘g‚İ‡‚í‚¹‚ªŒˆ’è,https://news.yahoo.co.jp/articles/d545433f67404e74f0736e569542c68e7952f0f9,4/9(‰Î) 17:08
getsuv,ŒŠ§ƒoƒŒ[ƒ{[ƒ‹,yƒoƒŒ[zGSS“Œ‹ƒTƒ“ƒr[ƒ€ƒY‚Ì‰^‰c•ê‘Ì‚ªŠ”®÷“n@ƒ`[ƒ€–¼‚Í“Œ‹ƒTƒ“ƒr[ƒ€ƒY‚É•ÏX,https://news.yahoo.co.jp/articles/fd45c0ee736ee94a08d5b8e28b25d466eec7ee5b,4/8(Œ) 19:13
getsuv,ŒŠ§ƒoƒŒ[ƒ{[ƒ‹,yƒoƒŒ[zV1—qV Cup@ƒfƒ“ƒ\[‚ªƒtƒ‹ƒZƒbƒg‚ÌÚí‚ğ§‚µ—DŸ,https://news.yahoo.co.jp/articles/bd7b1992b9c75b5de3222fad324a6811fc562043,4/8(Œ) 18:37
getsuv,ŒŠ§ƒoƒŒ[ƒ{[ƒ‹,yƒoƒŒ[z•P˜H@’å•ï—¢•äA¬—ÑƒGƒ“ƒWƒFƒŠ[ƒi—D•P‚Ìˆø‘Ş‚ÆŒÃs—œ”T‚ç4–¼‚Ì‘Ş’c‚ğ”­•\,https://news.yahoo.co.jp/articles/315d41be6e49bf3c52099463338e2df363d8633e,4/8(Œ) 18:31
getsuv,ŒŠ§ƒoƒŒ[ƒ{[ƒ‹,yƒoƒŒ[zƒ”ƒHƒŒƒAƒX@ğˆäx‚ÌŒ»–ğˆø‘Ş‚ğ”­•\,https://news.yahoo.co.jp/articles/21f5c13d0f5b264fcb9a7721bde60ae53c21f9f2,4/8(Œ) 11:37
getsuv,ŒŠ§ƒoƒŒ[ƒ{[ƒ‹,yƒoƒŒ[zWD–¼ŒÃ‰®‘Ş’c‚ÌƒNƒŒƒN‚ª¶˜r‚É‚ñ‚¾ƒ^ƒgƒD[‚Ì³‘ÌBuŠo‚¦‚Ä‚¨‚«‚½‚©‚Á‚½v‚Æ–¾‚©‚·gv‚¢o‚ÌØ‚µh‚Æ‚Í,https://news.yahoo.co.jp/articles/83383125448c56308cd359032810caf4279e9e7d,4/6(“y) 8:11
getsuv,ŒŠ§ƒoƒŒ[ƒ{[ƒ‹,yƒoƒŒ[zKUROBE@ƒsƒ“ƒsƒ`ƒƒƒ„EƒRƒNƒ‰ƒ€‚Ì‘Ş’c‚ğ”­•\,https://news.yahoo.co.jp/articles/05f8a194bde45edef2eb3cc7199fb7b56d8249cb,4/5(‹à) 20:29
getsuv,ŒŠ§ƒoƒŒ[ƒ{[ƒ‹,yƒoƒŒ[z–ƒ–ìŒ˜“l‚ªƒCƒ^ƒŠƒA‚©‚ç‹A‘@ƒZƒŠƒGAEƒ~ƒ‰ƒm‚Ì—ûK¶‚Æ‚µ‚ÄƒƒZƒ‹•Îì‚©‚çhŒƒ,https://news.yahoo.co.jp/articles/ac4a60ea1a5f5d194f8ba79122e8a637198b6950,4/5(‹à) 19:39
getsuv,ŒŠ§ƒoƒŒ[ƒ{[ƒ‹,yƒoƒŒ[záÁ“çŠÄ“Âuƒl[ƒVƒ‡ƒ“ƒYƒŠ[ƒO‰í‚©‚çƒXƒ^[ƒgƒ_ƒbƒVƒ…‚ğ‚«‚év@ƒpƒŠƒIƒŠƒ“ƒsƒbƒNoê‚ÉŒü‚¯‚ÄƒoƒŒ[ƒ{[ƒ‹—q“ú–{‘ã•\‚ª‰ïŒ©,https://news.yahoo.co.jp/articles/5eb8578aa62e7a9d9169676c293508aaa91b4812,4/5(‹à) 19:29
getsuv,ŒŠ§ƒoƒŒ[ƒ{[ƒ‹,yƒoƒŒ[zƒAƒ‰ƒ“ƒ}[ƒŒ@ƒƒ\ƒ}ƒ`EƒIƒPƒPƒAƒ‹‚Ì‘Ş’c‚ğ”­•\,https://news.yahoo.co.jp/articles/71a25f04fec94aa6f83f0fd8ac146c8a9f53a443,4/5(‹à) 18:53
getsuv,ŒŠ§ƒoƒŒ[ƒ{[ƒ‹,yƒoƒŒ[z”ƒæ‘å‹g ƒoƒŒ[ƒ{[ƒ‹ƒl[ƒVƒ‡ƒ“ƒYƒŠ[ƒO2024 •Ÿ‰ª‘å‰ïƒ`ƒPƒbƒgî•ñ 4Œ10“ú‚æ‚èæs”Ì”„‚Å“Á•Ê‘ÌŒ±ƒvƒ‰ƒ“‚à,https://news.yahoo.co.jp/articles/335c9b6415b265c64a5c4337871d0571b562edce,4/5(‹à) 17:19
getsuv,ŒŠ§ƒoƒŒ[ƒ{[ƒ‹,yƒoƒŒ[z“ŒƒŒ’jq@Â“cŠÄ“ÂA^qN—C‚Ì—E‘Ş‚Æ•õ‘º—Y‘åA™‚Ì‘Ş’c‚ğ”­•\,https://news.yahoo.co.jp/articles/449e33fbf029fb03cd5c303a21cbf6a643c0476c,4/4(–Ø) 18:20
getsuv,ŒŠ§ƒoƒŒ[ƒ{[ƒ‹,yƒoƒŒ[zPFU@â–{«NŠÄ“Â‚Ì‘Ş”C‚ğ”­•\,https://news.yahoo.co.jp/articles/5260f6a57889a4ddf045459392b26dca97a09a77,4/4(–Ø) 16:59
getsuv,ŒŠ§ƒoƒŒ[ƒ{[ƒ‹,yƒoƒŒ[zJT—q@‹gŒ´’mqŠÄ“Â‚Ì‘Ş•”‚ğ”­•\,https://news.yahoo.co.jp/articles/195504573514f69508d86702b90bde346db413c2,4/4(–Ø) 16:28
getsuv,ŒŠ§ƒoƒŒ[ƒ{[ƒ‹,yƒoƒŒ[zVC’·–ì@’Ö‰è‹v‚ç4‘Iè‚Ì‘Ş’c‚ğ”­•\,https://news.yahoo.co.jp/articles/d921848eb9c827d3954b1dbeb41b77441fe24994,4/4(–Ø) 11:41
getsuv,ŒŠ§ƒoƒŒ[ƒ{[ƒ‹,yƒoƒŒ[zWD–¼ŒÃ‰®@¬ì’q‘åAŸ‰ª«“lA’†–ì˜`A“¡–{ƒAƒiƒŠƒXƒg‚Ì‘Ş’c‚ğ”­•\,https://news.yahoo.co.jp/articles/d712abff6dc1643cd15e32ee461ef89bb277cf84,4/4(–Ø) 10:34
getsuv,ŒŠ§ƒoƒŒ[ƒ{[ƒ‹,yƒoƒŒ[zJVA‚ªƒGƒ“ƒuƒŒƒ€‚ğüV‚µVƒXƒ[ƒKƒ“‚Æ’†’·ŠúŒo‰cŒv‰æ‚ğ”­•\ ¼“cuƒVƒ“ƒvƒ‹‚Å‚©‚Â‚í‚©‚è‚â‚·‚¢v,https://news.yahoo.co.jp/articles/a4f1bc327351613e52d4fa97097a5417735f7e66,4/3(…) 16:24
getsuv,ŒŠ§ƒoƒŒ[ƒ{[ƒ‹,yƒoƒŒ[zV1—qV Cup‚Ì—\‘Iƒ‰ƒEƒ“ƒh‚ªI—¹@ƒfƒ“ƒ\[A‰ªRA“ú—§AstemoAJT‚ªƒtƒ@ƒCƒiƒ‹ƒ‰ƒEƒ“ƒh‚Éio,https://news.yahoo.co.jp/articles/1c6602b9a708c815cc6bbd4bc4a48d169c5d31b6,4/2(‰Î) 11:57
getsuv,ŒŠ§ƒoƒŒ[ƒ{[ƒ‹,yƒoƒŒ[zVƒŠ[ƒOV1’jq@ƒTƒ“ƒgƒŠ[ƒTƒ“ƒo[ƒY‚ª2”N‚Ô‚è10‰ñ–Ú‚Ì—DŸ@ÅI‡ˆÊ‚ÆŒÂlÜ‚ªŒˆ’è,https://news.yahoo.co.jp/articles/af967ae72e23fe47bdba33639163fd316cbc4a14,4/1(Œ) 21:12
getsuv,ŒŠ§ƒoƒŒ[ƒ{[ƒ‹,yƒoƒŒ[zƒ”ƒHƒŒƒAƒX@Š~‘º‘åm‚Æ•Ä‘ºP‹P‚ÌƒŒƒ“ƒ^ƒ‹ˆÚĞŠúŠÔ‚ªI—¹,https://news.yahoo.co.jp/articles/c6075cd61c704876b81e8c6f9150deff33041834,4/1(Œ) 20:53
getsuv,ŒŠ§ƒoƒŒ[ƒ{[ƒ‹,yƒoƒŒ[z‘S‘‚Z‘I”²’j—ƒ`[ƒ€‚ªŠCŠO‰“ª‚ÉŒü‚¯‚½‘æOŸ‡h‚ğÀ{,https://news.yahoo.co.jp/articles/23739cf94aaa6be6c4ff2f6787ac2644e4f1d8a4,4/1(Œ) 20:24
getsuv,ŒŠ§ƒoƒŒ[ƒ{[ƒ‹,yƒoƒŒ[z“ŒƒŒ’jq@îà‹´Œ’‘¾˜YA•x“c«”n‚Ì‘Ş’c‚ğ”­•\,https://news.yahoo.co.jp/articles/141fc1738a5b0b5aa567b03d0e046fee38e758b1,4/1(Œ) 17:59
getsuv,ŒŠ§ƒoƒŒ[ƒ{[ƒ‹,yƒoƒŒ[zƒWƒFƒCƒeƒNƒg@‚‹´Œc”¿‚Ì‘Ş’c‚ğ”­•\,https://news.yahoo.co.jp/articles/97d602019c171df5cde6e96a98bc5a8e0ee70076,4/1(Œ) 17:52
getsuv,ŒŠ§ƒoƒŒ[ƒ{[ƒ‹,yƒoƒŒ[zV1’jqƒtƒ@ƒCƒiƒ‹@ƒTƒ“ƒgƒŠ[‚ªƒpƒiƒ\ƒjƒbƒN‚ğƒXƒgƒŒ[ƒg‚Å‰º‚µ2”N‚Ô‚è‚Ì—DŸ,https://news.yahoo.co.jp/articles/ab19a9f6d9565c9700695d5941592557c08b6b29,3/31(“ú) 17:38
getsuv,ŒŠ§ƒoƒŒ[ƒ{[ƒ‹,yƒoƒŒ[zVƒŠ[ƒOV1’jq@ƒtƒ‹ƒZƒbƒg‚ÌŒƒí‚ğ§‚µ‚½“ŒƒŒ‚ª3ˆÊ,https://news.yahoo.co.jp/articles/5a3b6e2aca9ce4040859b8a9b6c15fc51647f554,3/31(“ú) 10:06
getsuv,ŒŠ§ƒoƒŒ[ƒ{[ƒ‹,yƒoƒŒ[z¸ƒZƒbƒg0‚Åx‘äŠw‰€‚ª—DŸ ‚³‚­‚çƒoƒŒ[2024’jqÅI“úŒ‹‰Ê,https://news.yahoo.co.jp/articles/54b284740cba393ef2cb0947d9fdc99256c33e3a,3/29(‹à) 19:21
getsuv,ŒŠ§ƒoƒŒ[ƒ{[ƒ‹,yƒoƒŒ[z‰º–k‘ò¬“¿‚ª13”N‚Ô‚è‚Ì—DŸ ‚³‚­‚çƒoƒŒ[2024—qÅI“úŒ‹‰Ê,https://news.yahoo.co.jp/articles/7fc462a66a59eabd22a9ca97558f87ceba898f4d,3/29(‹à) 19:15
getsuv,ŒŠ§ƒoƒŒ[ƒ{[ƒ‹,yƒoƒŒ[z‹¤‰hŠw‰€‚ªƒxƒXƒg8io@‚³‚­‚çƒoƒŒ[2024—q2“ú–ÚŒ‹‰Ê,https://news.yahoo.co.jp/articles/6966386abc01d608a942a0d3d9d6e6603feedd51,3/28(–Ø) 20:36
getsuv,ŒŠ§ƒoƒŒ[ƒ{[ƒ‹,yƒoƒŒ[z—Œ“ì‚ª€XŒˆŸ‚Ö@‚³‚­‚çƒoƒŒ[2024’jq2“ú–ÚŒ‹‰Ê,https://news.yahoo.co.jp/articles/96c7f3a1769b9b53eeca23d8fdc983b6f0eec102,3/28(–Ø) 20:30
getsuv,ŒŠ§ƒoƒŒ[ƒ{[ƒ‹,yƒoƒŒ[zVƒŠ[ƒOV2’jq‚Í–kŠC“¹YS‚Ì‰—DŸ‚Å•Â–‹@Å‚êŒM‘IèÜ‚ÍR“cŸä‘¾,https://news.yahoo.co.jp/articles/a1df8be0a5dffbce625ab6479c26dcac756fc943,3/28(–Ø) 18:11
getsuv,ŒŠ§ƒoƒŒ[ƒ{[ƒ‹,yƒoƒŒ[z“ŒƒŒ’jq@ƒNƒŠƒXƒeƒBƒAƒ“Eƒpƒ_ƒ‹‚Ì‘Ş’c‚ğ”­•\,https://news.yahoo.co.jp/articles/aabe7c4ecc5692a6c9e5ee1000ef65b73c276f9f,3/28(–Ø) 12:22
getsuv,ŒŠ§ƒoƒŒ[ƒ{[ƒ‹,yƒoƒŒ[z‚³‚­‚çƒoƒŒ[2024—q1“ú–ÚŒ‹‰Ê,https://news.yahoo.co.jp/articles/381bf8a9c0d08a24164ee1ae7f451363b3d631fe,3/27(…) 18:50
getsuv,ŒŠ§ƒoƒŒ[ƒ{[ƒ‹,yƒoƒŒ[z‚³‚­‚çƒoƒŒ[2024’jq‰“úŒ‹‰Ê,https://news.yahoo.co.jp/articles/3d6c7d6e3095a08ae680e1c542a5f4634cc9b408,3/27(…) 18:40
getsuv,ŒŠ§ƒoƒŒ[ƒ{[ƒ‹,yƒoƒŒ[zŒ»–ğ‚Z¶‚ªƒvƒŒ[‚µ‚½VƒŠ[ƒO ‹ß‹EƒNƒ‰ƒu‚Åƒfƒrƒ…[‚µ‚½‘åã‚Ì3‘Iè‚ªˆÓ‹C‚İ,https://news.yahoo.co.jp/articles/4a5a6d30eec1658a0c25eb77a14b3987cd187691,3/27(…) 12:48
getsuv,ŒŠ§ƒoƒŒ[ƒ{[ƒ‹,yƒoƒŒ[zJTL“‡@ƒA[ƒƒ“Eƒ‰ƒbƒZƒ‹A]ìAƒ‰ƒEƒ‹EƒƒTƒmŠÄ“Â‚Ì‘Ş•”‚ğ”­•\,https://news.yahoo.co.jp/articles/9fbcf0a2323d6590b803aa97fd74da0e5ae2d95c,3/26(‰Î) 20:10
getsuv,ŒŠ§ƒoƒŒ[ƒ{[ƒ‹,yƒoƒŒ[z’jq‚Ít‚˜A”e‚Ìx‘äŠw‰€‚‚ğ²‚É—DŸ‘ˆ‚¢y‚³‚­‚çƒoƒŒ[2024z,https://news.yahoo.co.jp/articles/97f16126115e24c08b9478301fa220c86800eb1b,3/26(‰Î) 18:34
getsuv,ŒŠ§ƒoƒŒ[ƒ{[ƒ‹,yƒoƒŒ[z—q‚Í‹à—–‰ï‚A‰º–k‘ò¬“¿‚‚ç3”N¶‚ÉˆíŞ‚¼‚ë‚¢y‚³‚­‚çƒoƒŒ[2024z,https://news.yahoo.co.jp/articles/89bcd7b9eab2092f1c934382ce552be0a5604289,3/26(‰Î) 18:20
getsuv,ŒŠ§ƒoƒŒ[ƒ{[ƒ‹,yƒoƒŒ[z’jq“ú–{‘ã•\Bƒ`[ƒ€‚ªƒhƒCƒc‘ã•\‚Æ‚Ìe‘P‡‚ğÀ{,https://news.yahoo.co.jp/articles/d9f9b4b487478975b809aa1b6ac0e040479e35d6,3/26(‰Î) 18:02
getsuv,ŒŠ§ƒoƒŒ[ƒ{[ƒ‹,yƒoƒŒ[zVƒŠ[ƒOV3’jq@VƒŠ[ƒO‰Qí‚ÌF­™“‡‚ª—DŸ,https://news.yahoo.co.jp/articles/917edbcd84dd223e83378a9ef2b829e87f7fe3ac,3/26(‰Î) 14:47
getsuv,ŒŠ§ƒoƒŒ[ƒ{[ƒ‹,yƒoƒŒ[zVƒŠ[ƒOV2—q@•P˜H‚ªŠ®‘S—DŸ‚Å§”e,https://news.yahoo.co.jp/articles/1bc3cfb79614e57c3c31b00d8298a4c599f14784,3/26(‰Î) 13:13
getsuv,ŒŠ§ƒoƒŒ[ƒ{[ƒ‹,yƒoƒŒ[zVƒŠ[ƒOV1’jq@ƒpƒiƒ\ƒjƒbƒN‚ÆƒTƒ“ƒgƒŠ[‚ªƒtƒ@ƒCƒiƒ‹‚Ö,https://news.yahoo.co.jp/articles/5eb586917150e0f3c7ab1d9d92fdc0f6c4463964,3/25(Œ) 17:33
getsuv,ŒŠ§ƒoƒŒ[ƒ{[ƒ‹,yƒoƒŒ[z’†Šw‘I”²‚Ìg–ì‰Ô•à‚ÍuƒoƒŒ[‚ªŒ™‚¢‚¾‚Á‚½vB190‡p‚Ì—L–]‘Iè‚ğ•Ï‚¦‚½“ú‚ÌŠÛ‚Å‚ÌŒoŒ±‚Æ‚Í,https://news.yahoo.co.jp/articles/ca058e0665ceeaf6e01e34bbd53fddc14a67967d,3/23(“y) 12:00
getsuv,ŒŠ§ƒoƒŒ[ƒ{[ƒ‹,yƒoƒŒ[zJVL@VƒŠ[ƒO‚ÉŒü‚¯‚½ƒNƒ‰ƒuƒ‰ƒCƒZƒ“ƒX”»’èŒ‹‰Ê‚Ì‘æ1’e‚ğ”­•\,https://news.yahoo.co.jp/articles/217dc988b6150fea89a7d54781be9cec794e48a5,3/22(‹à) 19:18
getsuv,ŒŠ§ƒoƒŒ[ƒ{[ƒ‹,yƒoƒŒ[z“ú“SäBZ@‹­‰»—ûK¶‚Ìˆêğ‘¾‰ÃŠÛ‚ª‘Ş’c,https://news.yahoo.co.jp/articles/03e725974eb77f34c15db5ed8aa9b2f608b2d676,3/22(‹à) 9:49
getsuv,ŒŠ§ƒoƒŒ[ƒ{[ƒ‹,yƒoƒŒ[zƒWƒFƒCƒeƒNƒg@ƒeƒBƒlEƒEƒ‹ƒiƒEƒg‚Ì‘Ş’c‚ğ”­•\,https://news.yahoo.co.jp/articles/911edf7c365cdcfa92ef9718a15bd88572231da4,3/19(‰Î) 18:58
getsuv,ŒŠ§ƒoƒŒ[ƒ{[ƒ‹,yƒoƒŒ[z‰º–k‘ò¬“¿‚‚ª‘S‘“ñŠ¥‚Ìj‰ê‰ï “ààV–¾–¢‘OƒLƒƒƒvƒeƒ“u‘å‚«‚ÈàY‚Év,https://news.yahoo.co.jp/articles/d1bd1a9fb930b5a01009622d6967897d342575e6,3/19(‰Î) 18:00
getsuv,ŒŠ§ƒoƒŒ[ƒ{[ƒ‹,yƒoƒŒ[zVƒŠ[ƒOV3’jq@ƒtƒ@ƒCƒiƒ‹ƒXƒe[ƒWioÅŒã‚Ì1˜g‚Í’·–ìGR‚ÉŒˆ’è,https://news.yahoo.co.jp/articles/521b47ec3f53c09d3cf52dd4e293a842c1b9a5a3,3/19(‰Î) 14:42
getsuv,ŒŠ§ƒoƒŒ[ƒ{[ƒ‹,yƒoƒŒ[z’jq“ú–{‘ã•\@Îì—SŠó‚ªå«@ƒfEƒAƒ‹ƒ}ƒX ƒAƒ‰ƒCƒ“A“nç³W—ÚA¼–{Œ\Œá‚ç‚ª‰‘Io,https://news.yahoo.co.jp/articles/f1bd3fe3ad1e85a31c6b89bc0f32aa00a55b17eb,3/19(‰Î) 13:30
getsuv,ŒŠ§ƒoƒŒ[ƒ{[ƒ‹,yƒoƒŒ[zV1’jq@—L–¾‰ïê‚ÅŠÏ‹qA‘IèAŠÖŒWÒŒü‚¯‚Ì‘õ™ƒT[ƒrƒX‚ğ’ñ‹Ÿ,https://news.yahoo.co.jp/articles/9338942615405bfae33ded76aa5dffffb383397a,3/19(‰Î) 12:57
getsuv,ŒŠ§ƒoƒŒ[ƒ{[ƒ‹,yƒoƒŒ[zVƒŠ[ƒOV2’jq@–kŠC“¹YS‚ªV2’jq‚ğ‰§”e,https://news.yahoo.co.jp/articles/42b8ca6d917a8646d038aa6dcb61f7921e9acdfa,3/19(‰Î) 12:54
getsuv,ŒŠ§ƒoƒŒ[ƒ{[ƒ‹,yƒoƒŒ[zVƒŠ[ƒOV1’jq@VEƒŒƒMƒ…ƒ‰[ƒ‰ƒEƒ“ƒhI—¹@‚µ—ó‚È‘ˆ‚¢‚ğ§‚µ“ú“SäBZA“ŒƒŒ‚ªVEƒtƒ@ƒCƒiƒ‹ƒXƒe[ƒW‚Ö,https://news.yahoo.co.jp/articles/8d20bb86f17ff6afa69a372f0ecb5b6859effed5,3/18(Œ) 20:29
getsuv,ŒŠ§ƒoƒŒ[ƒ{[ƒ‹,yƒoƒŒ[zu‚Ü‚½¬’·‚ğŠ´‚¶‚½‚¢v’‰Šè›ä»÷‚ª–¾‚©‚·A‚Ç‚ñ‚æ‚­‚ä‚¦‚Ì‹ê”Y ]ŒZ’í‚ÍŒ»–ğVƒŠ[ƒK[,https://news.yahoo.co.jp/articles/42f2612527708d6ba14b01d0da59bdf55511c542,3/16(“y) 11:30
getsuv,ŒŠ§ƒoƒŒ[ƒ{[ƒ‹,yƒoƒŒ[z¬’·‘±‚¯‚é¼R‘åãÄiƒpƒiƒ\ƒjƒbƒNj‚ğŒ©ç‚éŒZ‹M•ª ƒg[ƒ}ƒXEƒWƒFƒXƒL[u©•ª‚Ìá‚¢‚Æ‚«‚Æ—‚Ä‚¢‚ÄA’í‚Ì‚æ‚¤v,https://news.yahoo.co.jp/articles/101a330dc1b669eca5573a47b021bd9f149c165e,3/15(‹à) 18:02
getsuv,ŒŠ§ƒoƒŒ[ƒ{[ƒ‹,yƒoƒŒ[zJT—q@ƒAƒ“ƒhƒŒƒAEƒhƒ‹[ƒY‚Ì‘Ş•”‚ğ”­•\,https://news.yahoo.co.jp/articles/57504c323c8ad857ac044c38f8112afad8051498,3/15(‹à) 16:58
getsuv,ŒŠ§ƒoƒŒ[ƒ{[ƒ‹,yƒoƒŒ[z“Œ‹‚ÌŒö—§Z‚©‚ç“ú‚ÌŠÛ‚ÖB’†Šw‘I”²—q ‹gˆä”ü÷‚ÌŠw‚Ñ‚ÆƒCƒ^ƒŠƒA‚Å‚Ìo‰ï‚¢u‚±‚±‚É—§‚Á‚Ä‚¢‚é‚±‚Æ‚ÉŠ´Ó‚µ‚Äv,https://news.yahoo.co.jp/articles/42010e743706321a5b0085cdfbcb1fefd4bdae6b,3/15(‹à) 12:00
getsuv,ŒŠ§ƒoƒŒ[ƒ{[ƒ‹,yƒoƒŒ[zŒx‹’¡‚ªVƒŠ[ƒK[‚Æ‚µ‚ÄÅŒã‚ÌƒQ[ƒ€‚ÖBu—LI‚Ì”ü‚ğü‚è‚½‚¢v,https://news.yahoo.co.jp/articles/d6a983c679108b4e6add69abf7a7a85a86884772,3/14(–Ø) 18:01
getsuv,ŒŠ§ƒoƒŒ[ƒ{[ƒ‹,yƒoƒŒ[zw“±Œ»ê‚É•Ï‰»!? ’†Šw¶ˆç¬–‹Æ‚Å‚ÌV‚½‚Èæ‚è‘g‚İ‚Æ¡Œã‚Ö‚ÌŠú‘Ò,https://news.yahoo.co.jp/articles/d4b280c38321093a45615b4deeb48aca93a09d22,3/14(–Ø) 11:31
getsuv,ŒŠ§ƒoƒŒ[ƒ{[ƒ‹,yƒoƒŒ[zŒ³E“ú–{‘ã•\‚ÌV“ç—¹‚³‚ñA“à£ŒË^À‚³‚ñ‚ªƒT[ƒuƒŒƒV[ƒu“Á‰»Œ^­l”ƒoƒŒ[ƒ{[ƒ‹‹³º‚ğŠJÃ,https://news.yahoo.co.jp/articles/457b34ea7ed029f7e592dbbfc6feb71c49d23172,3/13(…) 18:52
getsuv,ŒŠ§ƒoƒŒ[ƒ{[ƒ‹,yƒoƒŒ[zîà‹´—•@MVP‚ÌŠˆ–ô‚Åƒ‚ƒ“ƒcƒ@‚ğ˜AŸ‚É“±‚­ yŠCŠOƒŠ[ƒOŠ‘®’j—“ú–{‘ã•\‘IèE3/7`3/12z,https://news.yahoo.co.jp/articles/02048483c82069bea70b535aee6841528ae67504,3/13(…) 18:33
getsuv,ŒŠ§ƒoƒŒ[ƒ{[ƒ‹,yƒoƒŒ[z“ŒƒŒ’jq@“n•Ór‰î‚ª•˜hŠø‚ğÅŒã‚É‘Ş’c‚·‚é‚±‚Æ‚ğ”­•\,https://news.yahoo.co.jp/articles/1d06c25bbbcaaaf07a73786cc1ba8b210165d40c,3/13(…) 16:46
getsuv,ŒŠ§ƒoƒŒ[ƒ{[ƒ‹,yƒoƒŒ[zWD–¼ŒÃ‰®@ƒoƒ‹ƒgƒVƒ…EƒNƒŒƒN‚Ì¡ƒV[ƒYƒ“‚©‚¬‚è‚Å‚Ì‘Ş’c‚ğ”­•\,https://news.yahoo.co.jp/articles/abe9ce71fa67a661ef3118d9124ac58c63bbaae9,3/13(…) 15:29
getsuv,ŒŠ§ƒoƒŒ[ƒ{[ƒ‹,yƒoƒŒ[z’†Šw¶‚½‚¿‚Ì”­M—Í‚ª‚‚Ü‚Á‚Ä‚¢‚é——R‚Í? ‘I”²–‹Æ‚Å‚ÌŒõŒi‚ÉŒ©‚½ŠwZ‹³ˆç‚Æ‚Ì‘ŠŒİŠÖŒW,https://news.yahoo.co.jp/articles/0982a487e3c81ff94013d04b3ce66d297dece43e,3/13(…) 12:00
getsuv,ŒŠ§ƒoƒŒ[ƒ{[ƒ‹,yƒoƒŒ[zƒfƒtƒoƒŒ[ƒ{[ƒ‹—q“ú–{‘ã•\‚ª–¡‚Ì‘fNTC‚Å‡h‚ğÀ{,https://news.yahoo.co.jp/articles/00466c218c293ebbc857c05bc008c1da5f87bce6,3/12(‰Î) 19:01
getsuv,ŒŠ§ƒoƒŒ[ƒ{[ƒ‹,yƒoƒŒ[z‘å•ªOD‚ÌOD”ƒI[ƒi[Œ“•”’·‚ªÀ‹,https://news.yahoo.co.jp/articles/19cef53a7a297393807c01b2560e04fd53b46d70,3/12(‰Î) 18:14
getsuv,ŒŠ§ƒoƒŒ[ƒ{[ƒ‹,yƒoƒŒ[zu”ƒæ‘å‹gv‚ªƒoƒŒ[ƒ{[ƒ‹ƒl[ƒVƒ‡ƒ“ƒYƒŠ[ƒO2024•Ÿ‰ª‘å‰ï‚ÌŠ¥ƒXƒ|ƒ“ƒT[‚ÉŒˆ’è,https://news.yahoo.co.jp/articles/c2cc79412cb9e5d2586da9c0a71cb598cf233fde,3/12(‰Î) 14:48
getsuv,ŒŠ§ƒoƒŒ[ƒ{[ƒ‹,yƒoƒŒ[zVƒŠ[ƒOV3’jq@F­™“‡‚ÌVEƒŒƒMƒ…ƒ‰[ƒ‰ƒEƒ“ƒh1ˆÊ’Ê‰ß‚Æ‘å“¯“Áê|‚Ìƒtƒ@ƒCƒiƒ‹ƒXƒe[ƒWio‚ªŠm’è,https://news.yahoo.co.jp/articles/394237b94bd89b1f074cf6293174878306535578,3/11(Œ) 17:34
getsuv,ŒŠ§ƒoƒŒ[ƒ{[ƒ‹,yƒoƒŒ[zVƒŠ[ƒOV2—q@•P˜H‚ªVEƒŒƒMƒ…ƒ‰[ƒ‰ƒEƒ“ƒh‚ğ‘SŸ‚Åƒtƒ@ƒCƒiƒ‹ƒXƒe[ƒW‚Ö,https://news.yahoo.co.jp/articles/f513ee93733d3f9a9e38e66489e4664bfada2a35,3/11(Œ) 16:44
getsuv,ŒŠ§ƒoƒŒ[ƒ{[ƒ‹,yƒoƒŒ[zV1—qV Cup‚ªŠJ–‹@áè‚à–ô“®‚Ìƒ`ƒƒƒ“ƒX,https://news.yahoo.co.jp/articles/bc3ab0a145bd395bb8d36396f1747e8ef4716eb3,3/11(Œ) 12:56
getsuv,ŒŠ§ƒoƒŒ[ƒ{[ƒ‹,yƒoƒŒ[zVƒŠ[ƒOV1’jq@ƒpƒiƒ\ƒjƒbƒN‚ªVEƒŒƒMƒ…ƒ‰[ƒ‰ƒEƒ“ƒhñˆÊ’Ê‰ß‚ğŠm’è,https://news.yahoo.co.jp/articles/abef1139bee8757ce916285e240e74880f78f810,3/11(Œ) 12:26
getsuv,ŒŠ§ƒoƒŒ[ƒ{[ƒ‹,yƒoƒŒ[zƒAƒWƒAƒoƒŒ[ƒ{[ƒ‹˜A–¿@NEC‚ªoê—\’è‚ÌƒAƒWƒAƒNƒ‰ƒu‘IèŒ ‘å‰ï‚Ì‰„Šú‚ğ”­•\,https://news.yahoo.co.jp/articles/2f83a9f245a69b2ed97a9f0aa563a19176387fd3,3/8(‹à) 18:45
getsuv,ŒŠ§ƒoƒŒ[ƒ{[ƒ‹,yƒoƒŒ[zWD–¼ŒÃ‰®@ã—Ñ’¼Ÿ‚Ì“ü’c‚ğ”­•\,https://news.yahoo.co.jp/articles/6ad47fce26f9bd509b3453417ce3af44838addab,3/8(‹à) 18:08
getsuv,ŒŠ§ƒoƒŒ[ƒ{[ƒ‹,yƒoƒŒ[zŒF’JmˆË“Şi’}”g‘åj‚ç—q‘åŠw¶‚½‚¿‚ª‹­‰»‡h‚ğÀ{,https://news.yahoo.co.jp/articles/8686c0a5f858a032ee0a4e5a0018c8ea95819e12,3/7(–Ø) 18:04
getsuv,ŒŠ§ƒoƒŒ[ƒ{[ƒ‹,yƒoƒŒ[z“Œ‹GB@ŒIR‰p”V‚Ìˆø‘Ş‚ğ”­•\,https://news.yahoo.co.jp/articles/70a2e2a167c404aba7e48a2ce3ebb15fa0cbb2f5,3/7(–Ø) 13:05
getsuv,ŒŠ§ƒoƒŒ[ƒ{[ƒ‹,yƒoƒŒ[zŠe’n‚©‚ç‘S9‘åŠw‚ª•Ÿ‰ª‘å‚ÉWŒ‹ ‘æ9‰ñ‘S‘ƒuƒƒbƒN‘åŠw’jqƒoƒŒ[ƒ{[ƒ‹ƒ`ƒƒƒ“ƒsƒIƒ“ƒ}ƒbƒ`ŠJÃ,https://news.yahoo.co.jp/articles/253308d18c82c31f3267340fae71352234e4539a,3/7(–Ø) 12:31
getsuv,ŒŠ§ƒoƒŒ[ƒ{[ƒ‹,yƒoƒŒ[zƒ~ƒ‰ƒm‚ÌÎì‚ªƒvƒŒ[ƒIƒt‰íƒT[ƒrƒXƒG[ƒX‚ÅŸ—˜‚É“±‚­ iŠCŠOƒŠ[ƒOŠ‘®’j—“ú–{‘ã•\‘IèE2/28`3/6j,https://news.yahoo.co.jp/articles/002a5eab7923470886d3b07110bd60a7f7969a0e,3/7(–Ø) 12:16
getsuv,ŒŠ§ƒoƒŒ[ƒ{[ƒ‹,yƒoƒŒ[zVƒŠ[ƒOV1’jq@“Œ‹GB‚ªƒz[ƒ€‚Å˜AŸ‚µƒtƒ@ƒCƒiƒ‹ƒXƒe[ƒWio‘ˆ‚¢‚Í¬í‚ğ‹É‚ß‚é,https://news.yahoo.co.jp/articles/9aad154f7c9c4c478d28deff1544d5c98c807872,3/5(‰Î) 18:12
getsuv,ŒŠ§ƒoƒŒ[ƒ{[ƒ‹,yƒoƒŒ[zå«‚ÍŒÃ‰êÑ—“ßA•Œãˆ¤‚ª‘ã•\•œ‹A 2024”N“x—q“ú–{‘ã•\“o˜^ƒƒ“ƒo[,https://news.yahoo.co.jp/articles/b7403d0126ce0ff751ab70e3d71a923e6571c3dc,3/5(‰Î) 13:23
getsuv,ŒŠ§ƒoƒŒ[ƒ{[ƒ‹,yƒoƒŒ[z“Œ‹ƒOƒŒ[ƒgƒxƒA[ƒY V. LEAGUE MENÅ‘½‚Ì8749l‚ª”M‹¶I –ö“c«—m‚Í˜AŸ‚Éuƒz[ƒ€‚Ì—Í‚ğŠ´‚¶‚½2“úŠÔv,https://news.yahoo.co.jp/articles/63b6b4a6b46d798640279f4b18ad1d9415bac53e,3/4(Œ) 18:11
getsuv,ŒŠ§ƒoƒŒ[ƒ{[ƒ‹,yƒoƒŒ[zVƒŠ[ƒOV1—q@NEC‚ª2”N˜A‘±8“x–Ú‚Ì—DŸ@ÅI‡ˆÊ‚ÆŒÂlÜ‚ªŒˆ’è,https://news.yahoo.co.jp/articles/636d0acbea25533f91e88693e842bd9b2769b1db,3/4(Œ) 14:53
getsuv,ŒŠ§ƒoƒŒ[ƒ{[ƒ‹,yƒoƒŒ[zV1—qƒtƒ@ƒCƒiƒ‹@–³”sJT‚ğ‰º‚µ‚½NEC‚ª2”N˜A‘±‚Å“ñŠ¥‚ğ’B¬,https://news.yahoo.co.jp/articles/dc32172b417e11ecfa243f008bf9ce9bb3b714d0,3/3(“ú) 17:59
getsuv,ŒŠ§ƒoƒŒ[ƒ{[ƒ‹,yƒoƒŒ[zVƒŠ[ƒOV1—q@ƒgƒˆƒ^Ô‘Ì‚ğ‰º‚µ‚½é‹Êã”ö‚ª3ˆÊ,https://news.yahoo.co.jp/articles/a68083f296c04c9fd52825c8ed0a872cc10592da,3/3(“ú) 9:40
getsuv,ŒŠ§ƒoƒŒ[ƒ{[ƒ‹,yƒoƒŒ[z’‰Šè›ä»÷‚ªMVP ‘S’†‘I”²—q‚ªƒCƒ^ƒŠƒA‚Ì‘Û‘å‰ï‚Å—DŸ Œ»’n‚ÅÎì—SŠó‚Æ‘Î–Ê‚à,https://news.yahoo.co.jp/articles/7f9043a43dee78f055c354f56e0223e8298aebd4,2/29(–Ø) 18:10
getsuv,ŒŠ§ƒoƒŒ[ƒ{[ƒ‹,yƒoƒŒ[zƒWƒFƒCƒeƒNƒg@²“¡xˆê˜Y‚Ì‘Ş’c‚ğ”­•\,https://news.yahoo.co.jp/articles/99f15c2dd16ab304e9a8c12397b02173fb72427b,2/29(–Ø) 14:25
getsuv,ŒŠ§ƒoƒŒ[ƒ{[ƒ‹,yƒoƒŒ[zU18’jq“ú–{‘ã•\Œó•â‚½‚¿‚ª‹­‰»‡h‚ğÀ{,https://news.yahoo.co.jp/articles/6cb9072c25ee756cb60b8fa851d1e6e93f66442f,2/28(…) 19:29
getsuv,ŒŠ§ƒoƒŒ[ƒ{[ƒ‹,yƒoƒŒ[zƒ~ƒ‰ƒm‚ÌÎì‚ªç”õ‚Å‘¶İŠ´‚ğ”­Šö@îà‹´‚Íƒ`ƒƒƒŒƒ“ƒWƒJƒbƒv€—DŸ yŠCŠOƒŠ[ƒOŠ‘®“ú–{‘ã•\‘IèE2/21`27z,https://news.yahoo.co.jp/articles/ead99bfcb74fd9b46d3eca4181a76d8c900903e8,2/28(…) 19:10
getsuv,ŒŠ§ƒoƒŒ[ƒ{[ƒ‹,yƒoƒŒ[zƒWƒFƒCƒeƒNƒg@–{ŠÔ—²‘¾‚ª2023-24ƒV[ƒYƒ“ŒÀ‚è‚Åˆø‘Ş,https://news.yahoo.co.jp/articles/3e5be6fa9ef6fb621754eec37c2b6a6dcd6d6cab,2/28(…) 12:12
getsuv,ŒŠ§ƒoƒŒ[ƒ{[ƒ‹,yƒoƒŒ[zVƒŠ[ƒOV3—q@ÅIß‚Å’¼Ú‘ÎŒˆ‚ğ§‚µ‚½‘q•~‚ª‰‘ã—‰¤,https://news.yahoo.co.jp/articles/6d38ebc228277147ea8529ac93c49fd6f156cb91,2/28(…) 11:38
getsuv,ŒŠ§ƒoƒŒ[ƒ{[ƒ‹,yƒoƒŒ[zVƒŠ[ƒOV2—q@ƒ‹[ƒgƒCƒ“‚ÌVEƒtƒ@ƒCƒiƒ‹ƒXƒe[ƒWio‚ªŒˆ’è,https://news.yahoo.co.jp/articles/1f3c042e75358bbb7ec08fa5cba439e94280f7f6,2/28(…) 10:46
getsuv,ŒŠ§ƒoƒŒ[ƒ{[ƒ‹,yƒoƒŒ[z‘ˆî“c‘å1”N‚Ì–ƒ–ìŒ˜“l‚ªƒCƒ^ƒŠƒAEƒZƒŠƒGA‚Ìƒ~ƒ‰ƒm‚Ö,https://news.yahoo.co.jp/articles/0e32c7bd125bccc0cff98eb49a01918dc7a7e5f8,2/27(‰Î) 20:16
getsuv,ŒŠ§ƒoƒŒ[ƒ{[ƒ‹,yƒoƒŒ[zVƒŠ[ƒOV1’jq@JTL“‡‚ÌVEƒtƒ@ƒCƒiƒ‹ƒXƒe[ƒWio‚ªŒˆ’è,https://news.yahoo.co.jp/articles/9581fe923d7a054cee7433a6c2881781b38da790,2/26(Œ) 19:11
getsuv,ŒŠ§ƒoƒŒ[ƒ{[ƒ‹,yƒoƒŒ[zU18AU20—q“ú–{‘ã•\Œó•â‚É‚æ‚é‡“¯‹­‰»‡h‚ğÀ{,https://news.yahoo.co.jp/articles/f7b2396645f1fc42f24924ef03714280d62001df,2/26(Œ) 17:56
getsuv,ŒŠ§ƒoƒŒ[ƒ{[ƒ‹,yƒoƒŒ[zVƒŠ[ƒOV1—q@VEƒŒƒMƒ…ƒ‰[ƒ‰ƒEƒ“ƒh–³”s‚ÌJT‚Æ˜A”e‚ğ‘_‚¤NEC‚ªƒtƒ@ƒCƒiƒ‹‚Ö,https://news.yahoo.co.jp/articles/14240159c97b1749594ac9020a742a7a4b5ece2c,2/26(Œ) 15:42
getsuv,ŒŠ§ƒoƒŒ[ƒ{[ƒ‹,yƒoƒŒ[zu‰‚ß‚ÄŒ¾‚¢‚Ü‚·‚ªcvŠ}ˆä‹G—‚ÌŒõ‚Æ‰e ‘å’JãÄ•½‚Ì‚æ‚¤‚ÈƒoƒŒ[ŠE‚Ìæ‹ìÒ‚ÖyŠ}ˆä~‰ª–{—SqŠÄ“Âiˆ®ìÀ‚j‘Î’k‡Bz,https://news.yahoo.co.jp/articles/057e6bd49fec2b697a9db3c07455babe214d08cf,2/22(–Ø) 12:09
getsuv,ŒŠ§ƒoƒŒ[ƒ{[ƒ‹,yƒoƒŒ[zuÀ‹Æ‚Í‹­‚¢v‚ÆØ–¾‚·‚é‚½‚ß‚É Œø—¦‚æ‚­ƒoƒŒ[‚Éæ‚è‘g‚ŞæÌ‘I‘ğyŠ}ˆä‹G—~‰ª–{—SqŠÄ“Âiˆ®ìÀ‚j‘Î’k‡Az,https://news.yahoo.co.jp/articles/e6469cf402d92820f996fe57457b163ef01d1d73,2/21(…) 18:02
getsuv,ŒŠ§ƒoƒŒ[ƒ{[ƒ‹,yƒoƒŒ[zƒAƒ‰ƒ“ƒ}[ƒŒ@ƒƒ\ƒ}ƒ`EƒIƒPƒPƒAƒ‹‚ªƒiƒCƒWƒFƒŠƒA‘ã•\‚Æ‚µ‚ÄƒpƒŠƒIƒŠƒ“ƒsƒbƒN—\‘Ioê‚Ì‚½‚ßV CupŒ‡ê,https://news.yahoo.co.jp/articles/fc4f1f58a8cf16cc2a48c11b6d971cd71330d8a6,2/21(…) 17:37
getsuv,ŒŠ§ƒoƒŒ[ƒ{[ƒ‹,yƒoƒŒ[z2024”N“xt‹GŠÖ“Œ‘åŠw’j—1•”ƒoƒŒ[ƒ{[ƒ‹ƒŠ[ƒOí‚Ì“ú’ö‚Æ‘g‚İ‡‚í‚¹,https://news.yahoo.co.jp/articles/4f5b351d56df46e58d5c1c262476a164e9048908,2/21(…) 16:41
getsuv,ŒŠ§ƒoƒŒ[ƒ{[ƒ‹,yƒoƒŒ[zˆ®ìÀ‚i–kŠC“¹j@“Ê‰šƒ`[ƒ€‚ªt‚—qƒxƒXƒg4 ”s‚ê‚½€ŒˆŸ‚ÍuW‘å¬‚ÌƒQ[ƒ€vyŠ}ˆä‹G—~‰ª–{—SqŠÄ“Â‘Î’k‡@z,https://news.yahoo.co.jp/articles/64fc3308f6bdc763f5f1970eee5c0d34559568e5,2/21(…) 12:05
getsuv,ŒŠ§ƒoƒŒ[ƒ{[ƒ‹,yƒoƒŒ[zƒhƒŠ[ƒ€ƒ}ƒbƒ`‚Å«—ˆ«–L‚©‚È‘Iè‚½‚¿‚ª”Mí,https://news.yahoo.co.jp/articles/15e2815b7187407867870c67b9b191bf4fe10515,2/20(‰Î) 18:00
getsuv,ŒŠ§ƒoƒŒ[ƒ{[ƒ‹,yƒoƒŒ[z“ŒƒŒ—q@ŠCŠO’§í‚ğŒ©˜‚¦‚½ŠÖØX–¤‚Ì‘Ş’c‚ğ”­•\,https://news.yahoo.co.jp/articles/7fd1d313aca6783ac3c8ff1c031514b872c29f55,2/20(‰Î) 17:58
getsuv,ŒŠ§ƒoƒŒ[ƒ{[ƒ‹,ƒpƒŠ‚Ì‹{‰Y‚ª¡‹G8“x–Ú‚ÌMVP@ƒ~ƒ‰ƒm‚ÌÎì‚Í14“¾“_ yŠCŠOƒŠ[ƒOŠ‘®“ú–{‘ã•\‘IèE2/17`19z,https://news.yahoo.co.jp/articles/32da294e6a484cb7b989c7e9d722c0c1d7c35967,2/20(‰Î) 16:45
getsuv,ŒŠ§ƒoƒŒ[ƒ{[ƒ‹,yƒoƒŒ[zƒWƒƒƒpƒ“ƒfƒtƒoƒŒ[ƒ{[ƒ‹ƒJƒbƒv•Â–‹@–LéÍ‰ïiˆ¤’mj‚Ætortoisei‘åãj‚ª—DŸ,https://news.yahoo.co.jp/articles/134ed31dd488536757bd0c399e25c941c257c565,2/20(‰Î) 13:54
getsuv,ŒŠ§ƒoƒŒ[ƒ{[ƒ‹,yƒoƒŒ[z“ú–{lƒR[ƒ`İĞ‚ÌƒLƒG[ƒŠ‚ÍƒJƒbƒvíƒxƒXƒg4 ƒRƒlƒŠƒA[ƒm‚ªƒRƒbƒpƒCƒ^ƒŠƒA§”e,https://news.yahoo.co.jp/articles/0e55d53fd8ff2d1c75f16c238b49eacafbbe5cd7,2/20(‰Î) 12:43
getsuv,ŒŠ§ƒoƒŒ[ƒ{[ƒ‹,yƒoƒŒ[zVƒŠ[ƒOV1’jq@WD–¼ŒÃ‰®‚ÌVEƒtƒ@ƒCƒiƒ‹ƒXƒe[ƒWio‚ªŒˆ’è,https://news.yahoo.co.jp/articles/4cc3831733f88689c953bcc5b1c82d78cfcf89e4,2/19(Œ) 18:48
getsuv,ŒŠ§ƒoƒŒ[ƒ{[ƒ‹,yƒoƒŒ[zVƒŠ[ƒOV2—q@•P˜H‚ªVEƒtƒ@ƒCƒiƒ‹ƒXƒe[ƒWioŒˆ’è,https://news.yahoo.co.jp/articles/b0ca9b0819cc5e55c9341941b9f605fac254e549,2/19(Œ) 18:22
getsuv,ŒŠ§ƒoƒŒ[ƒ{[ƒ‹,yƒoƒŒ[z“ú“SäBZ ¼–{Œc•F‚ª‘Ol–¢“‚ÌVƒŠ[ƒO’ÊZ500‡oê,https://news.yahoo.co.jp/articles/2a8160f2e963be269c03d0e035469f67bc4cdbf3,2/19(Œ) 15:28
getsuv,ŒŠ§ƒoƒŒ[ƒ{[ƒ‹,yƒoƒŒ[zƒ”ƒHƒŒƒAƒX@‘ˆî“c‘å‚Ìr”ö—å‰¹‚Ì“ü’c‚ğ”­•\,https://news.yahoo.co.jp/articles/2c31ce880829cf2520c6c6bf42920ccd951afbb1,2/19(Œ) 15:08
getsuv,ŒŠ§ƒoƒŒ[ƒ{[ƒ‹,yƒoƒŒ[zPFU@VƒAƒŠ[ƒi‚Å—q“ú–{‘ã•\‚ÆƒI[ƒvƒjƒ“ƒOƒCƒxƒ“ƒg‚ğŠJÃ,https://news.yahoo.co.jp/articles/06a0bd54f831d6de49209068a28ebfe31ccfb900,2/16(‹à) 17:51
getsuv,ŒŠ§ƒoƒŒ[ƒ{[ƒ‹,yƒoƒŒ[zƒWƒƒƒpƒ“ƒfƒtƒoƒŒ[ƒ{[ƒ‹ƒJƒbƒvìè‚ÅŠJ–‹ ÅI“ú‚Í”zM‚àÀ{,https://news.yahoo.co.jp/articles/313848f74827376c70eab2c45d675e8bfe84f3f3,2/16(‹à) 16:40
getsuv,ŒŠ§ƒoƒŒ[ƒ{[ƒ‹,yƒoƒŒ[zV1—q12ƒ`[ƒ€‚ª—DŸ‚ğ‘ˆ‚¤V Cup@ƒtƒ@ƒCƒiƒ‹ƒ‰ƒEƒ“ƒh‚Ì‡‰ïê‚Æ‡ŠJnŠÔ‚ªŒˆ’è,https://news.yahoo.co.jp/articles/100dd77884a7f34a35278c9578259257894f4717,2/15(–Ø) 17:01
getsuv,ŒŠ§ƒoƒŒ[ƒ{[ƒ‹,yƒoƒŒ[zƒTƒ“ƒgƒŠ[‚ÌƒfEƒAƒ‹ƒ}ƒX ƒAƒ‰ƒCƒ“‚ª“ú–{‘Ğ‚ğæ“¾,https://news.yahoo.co.jp/articles/960f59ec575b20c02704d6df9eae603da94de411,2/14(…) 18:01
getsuv,ŒŠ§ƒoƒŒ[ƒ{[ƒ‹,yƒoƒŒ[zVƒŠ[ƒOV1’jq@ƒTƒ“ƒgƒŠ[‚ªVEƒtƒ@ƒCƒiƒ‹ƒXƒe[ƒWioŒˆ’è,https://news.yahoo.co.jp/articles/defa9c410ad289c077b6ac9afc1214e8fe2bee9f,2/13(‰Î) 20:05
getsuv,ŒŠ§ƒoƒŒ[ƒ{[ƒ‹,VƒŠ[ƒOV1—q@JT‚ªVEƒŒƒMƒ…ƒ‰[ƒ‰ƒEƒ“ƒh‘SŸ—DŸ‚ÅVEƒtƒ@ƒCƒiƒ‹ƒXƒe[ƒW‚Ö,https://news.yahoo.co.jp/articles/475f6e4b41477da436e57439efb6a0e140bea53b,2/13(‰Î) 18:39
getsuv,ŒŠ§ƒoƒŒ[ƒ{[ƒ‹,yƒoƒŒ[z“ú“SäBZ “nç³W—Ú‚ª‘æ58‰ñƒX[ƒp[ƒ{ƒEƒ‹‚ğ‘å—\‘z! ‚ ‚Ì‰Ì•P‚ª‰f‚é‚Ì‚ªŒ™‚¾‚©‚çƒ`[ƒtƒX‚ÍŒ™‚¢H,https://news.yahoo.co.jp/articles/1b86d997c1650463c1ebcb92cf0adb928d7f7a8b,2/11(“ú) 12:07
getsuv,ŒŠ§ƒoƒŒ[ƒ{[ƒ‹,yƒoƒŒ[zƒ~ƒ‰ƒmÎì—SŠóAƒ‚ƒ“ƒcƒ@îà‹´—•‚Ì‡‚ğƒtƒWƒeƒŒƒrCS•ú‘—‚Å¶’†Œp,https://news.yahoo.co.jp/articles/c1fe1516c34d005ac008e16601b1b8bc8fb78f83,2/9(‹à) 15:36
getsuv,ŒŠ§ƒoƒŒ[ƒ{[ƒ‹,yƒoƒŒ[zVƒŠ[ƒOV1’jq@ñˆÊƒpƒiƒ\ƒjƒbƒN‚ª2ˆÊƒTƒ“ƒgƒŠ[‚É˜AŸ,https://news.yahoo.co.jp/articles/0ccac13d3d7fdda343a833cfb71451126aafca66,2/7(…) 18:21
getsuv,ŒŠ§ƒoƒŒ[ƒ{[ƒ‹,yƒoƒŒ[zƒTƒ“ƒgƒŠ[@îà‹´Œ‹l‚Ì—E‘Ş‚ğ”­•\,https://news.yahoo.co.jp/articles/17f53567f82d5ffa24757549712e78baa4d7002f,2/7(…) 17:00
getsuv,ŒŠ§ƒoƒŒ[ƒ{[ƒ‹,yƒoƒŒ[zJVL‚ÌŒj“c—²s—–‚ªkĞ‚É‚æ‚èÀ‹,https://news.yahoo.co.jp/articles/411e377f2274fcdbd945a892b39920d0cf5ac6df,2/7(…) 13:34
getsuv,ŒŠ§ƒoƒŒ[ƒ{[ƒ‹,yƒoƒŒ[z“ú“SäBZ@“ú–{‘Ì‘å‚Ìˆêğ‘¾‰ÃŠÛ‚ÌŠúŒÀ•t‚«‰Á“ü‚ğ”­•\,https://news.yahoo.co.jp/articles/c84d93d5e58b0007531e25a88bdbb5cbf6b8bc76,2/6(‰Î) 18:01
getsuv,ŒŠ§ƒoƒŒ[ƒ{[ƒ‹,yƒoƒŒ[z•xm’Ê‚Ì‰ª‘º‹`˜Y‚ªVƒŠ[ƒO230‡oê‚ğ’B¬,https://news.yahoo.co.jp/articles/5b6583387f5eaeeff5af539de37864a3157a9dfd,2/6(‰Î) 11:49
getsuv,ŒŠ§ƒoƒŒ[ƒ{[ƒ‹,yƒoƒŒ[zƒgƒˆƒ^©“®Ô‚Ì•Ÿ“‡F‹P‚ªVƒŠ[ƒO230‡oê‚ğ’B¬,https://news.yahoo.co.jp/articles/ace42aa00b5230bfc045462e4c768f53ddb95ec6,2/5(Œ) 19:04
getsuv,ŒŠ§ƒoƒŒ[ƒ{[ƒ‹,yƒoƒŒ[zVƒŠ[ƒOV1—q@–³”sJT‚ÌVEƒŒƒMƒ…ƒ‰[ƒ‰ƒEƒ“ƒh—DŸ‚ªŠm’è@ƒfƒ“ƒ\[Aƒgƒˆƒ^Ô‘Ì‚Ìƒtƒ@ƒCƒiƒ‹ƒXƒe[ƒWioŒˆ’è,https://news.yahoo.co.jp/articles/bccd13846af973fd2c69941ba62fec4775b47afd,2/5(Œ) 17:02
getsuv,ŒŠ§ƒoƒŒ[ƒ{[ƒ‹,yƒoƒŒ[zVƒŠ[ƒO‚Æƒqƒ…ƒ“ƒƒ‹‚ªƒŒƒtƒFƒŠ[ƒEƒGƒAƒp[ƒgƒi[Œ_–ñ‚ğ’÷Œ‹,https://news.yahoo.co.jp/articles/926a4b65158bfb943ca2674d22cf2a97f137186b,2/2(‹à) 18:57
getsuv,ŒŠ§ƒoƒŒ[ƒ{[ƒ‹,yƒoƒŒ[zV Cup‚ÍVƒR[ƒgƒŒƒCƒAƒEƒg‚ÅÀ{@ƒxƒ“ƒ`‚ÍåR‘¤‚É,https://news.yahoo.co.jp/articles/c392aac9fc961d0c770223042f6d719b6ec0cb82,2/2(‹à) 18:52
getsuv,ŒŠ§ƒoƒŒ[ƒ{[ƒ‹,yƒoƒŒ[zVNL2024‚Ì—\‘Iƒ‰ƒEƒ“ƒh‘ÎíƒXƒPƒWƒ…[ƒ‹‚ª”­•\‚³‚ê‚é “ú–{‚Í—q‚ªƒgƒ‹ƒRA’jq‚ÍƒAƒ‹ƒ[ƒ“ƒ`ƒ“‚Æ‰í,https://news.yahoo.co.jp/articles/00d8b7597af5bf3bce2016b2f1d7e2f3eecca1b8,2/2(‹à) 18:24
getsuv,ŒŠ§ƒoƒŒ[ƒ{[ƒ‹,yƒoƒŒ[zƒl[ƒVƒ‡ƒ“ƒYƒŠ[ƒO’j—“ú–{‘å‰ï‚ÌŠJÃ’n‚ª•Ÿ‰ªŒ§–k‹ãBs‚ÉŒˆ’è,https://news.yahoo.co.jp/articles/a8d7ec28ecaefd13b4a92e17eae6acb5b27d83b5,1/31(…) 11:40
getsuv,ŒŠ§ƒoƒŒ[ƒ{[ƒ‹,yƒoƒŒ[z2024‘S“ú–{ƒWƒ…ƒjƒAƒI[ƒ‹ƒXƒ^[ƒhƒŠ[ƒ€ƒ}ƒbƒ`oê‘Ièy’jqz,https://news.yahoo.co.jp/articles/59a1de0f362898d05bcf87754559724ef1899c5a,1/30(‰Î) 20:48
getsuv,ŒŠ§ƒoƒŒ[ƒ{[ƒ‹,yƒoƒŒ[z2024‘S“ú–{ƒWƒ…ƒjƒAƒI[ƒ‹ƒXƒ^[ƒhƒŠ[ƒ€ƒ}ƒbƒ`oê‘Ièy—qz,https://news.yahoo.co.jp/articles/57cdfe7051be5ed804f7b753b1a5a568f7c3a09d,1/30(‰Î) 20:48
getsuv,ŒŠ§ƒoƒŒ[ƒ{[ƒ‹,yƒoƒŒ[zKUROBE@ƒfƒ‹ƒ„Eƒ[ƒxƒWƒI[ƒ‹‚Ì‘Ş’c‚ğ”­•\,https://news.yahoo.co.jp/articles/7fab0002a61a3a2fc9c84bffdbb8a7b7301d849e,1/30(‰Î) 15:06
getsuv,ŒŠ§ƒoƒŒ[ƒ{[ƒ‹,yƒoƒŒ[zVƒŠ[ƒOV1—q@NEC‚ª2ˆÊ‚É•‚ã‚·‚é‚È‚Ç‡ˆÊ‘ˆ‚¢‚ªŒƒ‰»,https://news.yahoo.co.jp/articles/2960091e58bce83a2c224eaca13fdea4e11088cd,1/29(Œ) 18:25
getsuv,ŒŠ§ƒoƒŒ[ƒ{[ƒ‹,yƒoƒŒ[zVƒŠ[ƒOV1’jq@15˜AŸ‚Ìƒpƒiƒ\ƒjƒbƒN‚ªƒtƒ@ƒCƒiƒ‹ƒXƒe[ƒWioŒˆ’è,https://news.yahoo.co.jp/articles/1073fc17b3bbd8c5a127f88e38a8d44e3bbefc80,1/29(Œ) 17:49
getsuv,ŒŠ§ƒoƒŒ[ƒ{[ƒ‹,yƒoƒŒ[z“ŒƒŒ@ˆäã“ŞXé‚ª¡‹GŒÀ‚è‚Å‚ÌŒ»–ğˆø‘Ş‚ğ”­•\,https://news.yahoo.co.jp/articles/63b16198d7a78a7d3fefb422c696708781df5047,1/26(‹à) 16:26
getsuv,ŒŠ§ƒoƒŒ[ƒ{[ƒ‹,yƒoƒŒ[zîà‹´—•‚ª•‰@ƒpƒŠ‚Ì‹{‰YŒ’l‚ÍƒJƒbƒví‚ÅMVP  yŠCŠOƒŠ[ƒOŠ‘®“ú–{‘ã•\‘IèE1/23A24z,https://news.yahoo.co.jp/articles/7385fc7af66c515a2d0e24fabe62d651afcc95bd,1/25(–Ø) 18:53
getsuv,ŒŠ§ƒoƒŒ[ƒ{[ƒ‹,yƒoƒŒ[zƒl[ƒVƒ‡ƒ“ƒYƒŠ[ƒO  “ú–{‚ÌŠJÃ’n‚ªç—t¨–¢’è‚É,https://news.yahoo.co.jp/articles/4213da9ac2cd8f4365800f39a07d96dda5f7439b,1/25(–Ø) 16:45
getsuv,ŒŠ§ƒoƒŒ[ƒ{[ƒ‹,yƒoƒŒ[zWD–¼ŒÃ‰®@’ÖR—³‰î‚ÌŒ»–ğˆø‘Ş‚ğ”­•\,https://news.yahoo.co.jp/articles/ffc1b783773a6c5bac62b6d5d23723ef12eac8db,1/25(–Ø) 10:16
getsuv,ŒŠ§ƒoƒŒ[ƒ{[ƒ‹,yƒoƒŒ[zÎì—SŠó‚Ìƒ~ƒ‰ƒm‚Íƒ‹[ƒx‚ÉÉ”s@îà‹´—•‚ÍCEVƒ`ƒƒƒŒƒ“ƒWƒJƒbƒv€ŒˆŸio yŠCŠOƒŠ[ƒOŠ‘®“ú–{‘ã•\‘IèE1/17`21z,https://news.yahoo.co.jp/articles/cb8204330e65761feea4e409810c44592c1c47ef,1/24(…) 12:23
getsuv,ŒŠ§ƒoƒŒ[ƒ{[ƒ‹,y‘S“ú–{ƒCƒ“ƒJƒŒ—q—DŸ‹L”Oz’}”g‘å3”N¶‘Î’ku©•ª‚½‚¿‚È‚è‚Ì‹­‚¢ƒ`[ƒ€‚ğv@–å“cŒÎ“s~’†‘º —I,https://news.yahoo.co.jp/articles/0790c463c2ed679663041463d1e2403ddd080e49,1/24(…) 12:04
getsuv,ŒŠ§ƒoƒŒ[ƒ{[ƒ‹,y‘S“ú–{ƒCƒ“ƒJƒŒ’jq—DŸ‹L”Oz‘ˆî“c‘å1”N¶ƒCƒ“ƒ^ƒrƒ…[uŒoŒ±‚ğŠÒŒ³‚µ‚Ä‘ˆî“c‘å‚ÌƒoƒŒ[ƒ{[ƒ‹‚ğ‚¢‚¢‚à‚Ì‚Év–ƒ–ìŒ˜“l,https://news.yahoo.co.jp/articles/c8da836718f57bf3aee737ed5d54f59b7ee4c5cd,1/23(‰Î) 12:07
getsuv,ŒŠ§ƒoƒŒ[ƒ{[ƒ‹,y‘S“ú–{ƒCƒ“ƒJƒŒ—q—DŸ‹L”Oz’}”g‘å2”N¶ƒCƒ“ƒ^ƒrƒ…[u‰ºè‚­‚»‚ÈƒCƒ[ƒW‚ğ•¥@‚µ‚½‚¢v–{“c ê£,https://news.yahoo.co.jp/articles/11d4451eb92d35b6fb3f811324e7cd3c2bb24d2d,1/22(Œ) 18:10
getsuv,ŒŠ§ƒoƒŒ[ƒ{[ƒ‹,yƒoƒŒ[zVƒŠ[ƒOV1—q@ñˆÊJT‚É‘±‚¢‚Ä‹vŒõAé‹Êã”öANEC‚ªƒtƒ@ƒCƒiƒ‹ƒXƒe[ƒWioŒˆ’è,https://news.yahoo.co.jp/articles/b8e870f09d56a83c867106d2b6b14048468e189c,1/22(Œ) 17:18
getsuv,ŒŠ§ƒoƒŒ[ƒ{[ƒ‹,yƒoƒŒ[zVƒŠ[ƒOV1’jq@ãˆÊ4ƒ`[ƒ€‚ª˜AŸAVEƒtƒ@ƒCƒiƒ‹ƒXƒe[ƒWio‘ˆ‚¢‚ÍŒƒ‰»,https://news.yahoo.co.jp/articles/9d2e967d057e84ce468ea9256d5c135747ea55fa,1/22(Œ) 16:35
getsuv,ŒŠ§ƒoƒŒ[ƒ{[ƒ‹,yƒoƒŒ[z“Œ‹GBŒã“¡—¤ãÄ‚ª‹ß‹E‘å‚Å’…‚¯‚½”w”Ô†u11v‚Ì”é˜bBWD–¼ŒÃ‰®‚Ì‚ ‚Ìæ”y‚Éu‚à‚ç‚Á‚½‚ñ‚Å‚·‚æB‚­‚¾‚³‚¢A‚Á‚Äv,https://news.yahoo.co.jp/articles/d069c6c0f90f97152220d06139bfa77ffbc31c3e,1/22(Œ) 12:06
getsuv,ŒŠ§ƒoƒŒ[ƒ{[ƒ‹,y‘S“ú–{ƒCƒ“ƒJƒŒ’jq—DŸ‹L”Oz‘ˆî“c‘å2”N¶‘Î’kuæ“ª‚É—§‚Á‚Äƒ`[ƒ€‚ğˆø‚Á’£‚év@‘O“c—½Œá~”¨ ŒÕ‘¾˜Y,https://news.yahoo.co.jp/articles/4a8a667b9593055adf3a99d80ba4f9c9d09c9a0a,1/21(“ú) 12:11
getsuv,ŒŠ§ƒoƒŒ[ƒ{[ƒ‹,yƒoƒŒ[z¢ŠEƒNƒ‰ƒu‘IèŒ ƒTƒ“ƒo[ƒY•±“¬‹L4,https://news.yahoo.co.jp/articles/319a3733e36520db883334c7e344bb08484289bd,1/20(“y) 18:04
getsuv,ŒŠ§ƒoƒŒ[ƒ{[ƒ‹,y‘S“ú–{ƒCƒ“ƒJƒŒ—q—DŸ‹L”Oz’}”g‘å1”N¶‘Î’kug4”N¶‚Ì‚½‚ß‚Éh“ú–{ˆê‚ğü‚é‚±‚Æ‚ª‚Å‚«‚Ä‚¤‚ê‚µ‚¢v@ˆ¢•”–¾‰¹~ŒF’JmˆË“Ş~‘ëàVê£”T,https://news.yahoo.co.jp/articles/20ff8b1356329590088be27c2f959a34f3066fac,1/20(“y) 12:12
getsuv,ŒŠ§ƒoƒŒ[ƒ{[ƒ‹,yƒoƒŒ[zu‚±‚¤‚¢‚¤‚Æ‚«‚¾‚©‚ç‚±‚»·‚èã‚ª‚é‡‚ğv“ú—§Astemo“nç²Ê‚ªÎìŒ§ŠJÃ‚ÌVƒŠ[ƒO‚Ö¾‚¢B“Œ–kogƒAƒXƒŠ[ƒg‚Æ‚µ‚Ä,https://news.yahoo.co.jp/articles/2fdfc874f99ea948abafca5d40ce04eb027a21fc,1/19(‹à) 20:12
getsuv,ŒŠ§ƒoƒŒ[ƒ{[ƒ‹,yƒoƒŒ[z¢ŠEƒNƒ‰ƒu‘IèŒ ƒTƒ“ƒo[ƒY•±“¬‹L3,https://news.yahoo.co.jp/articles/81ee4b3657b8b85d77d3c136be6727e8c10edb2c,1/19(‹à) 18:06
getsuv,ŒŠ§ƒoƒŒ[ƒ{[ƒ‹,yƒoƒŒ[zJOC”t‚Å•ºŒÉ—q‚Ì_–ì‰Øê£‚Æ•Ÿˆä—q‚Ì]ŠÔS”ü‚ªŒğ‚í‚µ‚½—Fî ƒ`[ƒ€‚ÌŠ_ª‚ğ‰z‚¦‚Ä,https://news.yahoo.co.jp/articles/abb7f5ec3eb936a852663aa328ec16e7dad416b2,1/19(‹à) 12:05
getsuv,ŒŠ§ƒoƒŒ[ƒ{[ƒ‹,yƒoƒŒ[zu‰ªRƒV[ƒKƒ‹ƒY‚É‚Æ‚Á‚Ä‚Ì–‹ŠJ‚¯vV‰Á“ü‚Ì¬¼Œ´ê£‚ª‚à‚½‚ç‚·ƒoƒbƒNƒAƒ^ƒbƒN‚Æ‚¢‚¤UŒ‚‚Ì‘I‘ğˆ,https://news.yahoo.co.jp/articles/4a4d5cbeb1f1bc94bb7d25d9f6cff9406b8c79a8,1/18(–Ø) 18:31
getsuv,ŒŠ§ƒoƒŒ[ƒ{[ƒ‹,yƒoƒŒ[z¢ŠEƒNƒ‰ƒu‘IèŒ ƒTƒ“ƒo[ƒY•±“¬‹L2,https://news.yahoo.co.jp/articles/35eeea90ec5ea405dba371d43bbc1210e47de22c,1/18(–Ø) 18:04
getsuv,ŒŠ§ƒoƒŒ[ƒ{[ƒ‹,yƒoƒŒ[z‘S‘’†Šw¶‘I”²‚Ì’j—Še12–¼‚ª¡”N2Œ‚ÌƒCƒ^ƒŠƒA‰“ª‚ÖŒü‚¯‚Ä‡h‚ğÀ{,https://news.yahoo.co.jp/articles/a3be13bc79b7c6c92f6191a9f749c021dc42d305,1/18(–Ø) 12:08
getsuv,ŒŠ§ƒoƒŒ[ƒ{[ƒ‹,yƒoƒŒ[zVƒŠ[ƒO‰¤Ò‚ğŒˆ‚ß‚éVEƒtƒ@ƒCƒiƒ‹ƒXƒe[ƒWiV1’j—j‚Ì‡‰ïê‚Æ‡ŠJnŠÔ‚ªŒˆ’è,https://news.yahoo.co.jp/articles/2e0fb8589dd780fb4112e07f698d7579557adda4,1/17(…) 19:00
getsuv,ŒŠ§ƒoƒŒ[ƒ{[ƒ‹,"Îì—SŠó‚Ìƒ~ƒ‰ƒm‚Íƒ`ƒXƒeƒ‹ƒi‚ÉƒXƒgƒŒ[ƒg‚ÅŸ—˜ yŠCŠOƒŠ[ƒOŠ‘®“ú–{‘ã•\‘IèE1/13,14z",https://news.yahoo.co.jp/articles/d2c03a55f8c3e70ea6e08e2a042dc9cde3915dfd,1/17(…) 18:21
getsuv,ŒŠ§ƒoƒŒ[ƒ{[ƒ‹,yƒoƒŒ[z¢ŠEƒNƒ‰ƒu‘IèŒ ƒTƒ“ƒo[ƒY•±“¬‹L1,https://news.yahoo.co.jp/articles/6c3b7c0aa25a51cc2d7de6c3634e8164f60ab24f,1/17(…) 18:04
getsuv,ŒŠ§ƒoƒŒ[ƒ{[ƒ‹,yƒoƒŒ[zt‚˜A”e‚Ìx‘äŠw‰€‚‚Æ‰ª’JH‚‚ªVC’·–ì‚Ìƒz[ƒ€ƒQ[ƒ€‚ÅƒGƒLƒVƒrƒVƒ‡ƒ“ƒ}ƒbƒ`,https://news.yahoo.co.jp/articles/ca61197a797304dc09926945ba31206d22fcfa05,1/16(‰Î) 19:00
getsuv,ŒŠ§ƒoƒŒ[ƒ{[ƒ‹,yƒoƒŒ[zƒfƒtAƒVƒbƒeƒBƒ“ƒO‚È‚ÇƒoƒŒ[ƒ{[ƒ‹3ƒJƒeƒSƒŠ[‚Ìƒgƒbƒv‘Iè‚ªŒê‚é–¢—ˆ TOKYO2020ƒŒƒKƒV[“W ‘æ2‰ñƒAƒXƒŠ[ƒgƒg[ƒNƒVƒ‡[,https://news.yahoo.co.jp/articles/950de1925b2c86dbecd8ebe784c6484cf449cda1,1/16(‰Î) 18:28
getsuv,ŒŠ§ƒoƒŒ[ƒ{[ƒ‹,yƒoƒŒ[zƒAƒ‰ƒ“ƒ}[ƒŒ@ì’Ş“Ş’Ã‚ÆƒCƒ“ƒfƒBƒOƒEƒF ƒVƒ“ƒfƒB ç‘z–²‚Ì“à’è‚ğ”­•\,https://news.yahoo.co.jp/articles/44ee46ad3117d22baa65c4b40ca559f2f3e3cc06,1/16(‰Î) 17:42
getsuv,ŒŠ§ƒoƒŒ[ƒ{[ƒ‹,yƒoƒŒ[zPFU@ƒ_ƒŠEƒTƒ“ƒ^ƒi ƒOƒgƒD‚Ì‘Ş’c‚ğ”­•\,https://news.yahoo.co.jp/articles/8e3c6234f6651816a29680cbb09f232eb08f2d4f,1/16(‰Î) 16:39
getsuv,ŒŠ§ƒoƒŒ[ƒ{[ƒ‹,yƒoƒŒ[zVƒŠ[ƒOV1—q@JT‚ª15˜AŸ‚ÅVEƒtƒ@ƒCƒiƒ‹ƒXƒe[ƒWioŒˆ’è,https://news.yahoo.co.jp/articles/23881a3432be8951bf21d544daa37bf115cfaab4,1/15(Œ) 18:26
getsuv,ŒŠ§ƒoƒŒ[ƒ{[ƒ‹,yƒoƒŒ[zVƒŠ[ƒOV1’jq@ƒTƒ“ƒgƒŠ[2“ú˜A‘±‚Ì‹t“]Ÿ‚¿@ñˆÊƒpƒiƒ\ƒjƒbƒN‚Í11˜AŸ,https://news.yahoo.co.jp/articles/50444adf7b611b7f4b8f1d2aa4142954bf5cae1b,1/15(Œ) 18:07
getsuv,ŒŠ§ƒoƒŒ[ƒ{[ƒ‹,yƒoƒŒ[zJT‚Ì“c’†‹H‚ªVƒŠ[ƒO230‡oê‚ğ’B¬,https://news.yahoo.co.jp/articles/a84d7d576b2aadf4b70034180ac0c956f0cfe57a,1/15(Œ) 10:59
getsuv,ŒŠ§ƒoƒŒ[ƒ{[ƒ‹,yƒoƒŒ[zã—Ñ’¼Ÿu‚â‚Á‚Ï‚èƒoƒŒ[‚ªD‚«v@RŒ`Œ§‘I”²‚Å‚Ì‘‘Ì‚ª‚«‚Á‚©‚¯‚Å’jq“ú–{‘ã•\áè—L–]‘Iè‡h‚Ö,https://news.yahoo.co.jp/articles/79197559d561d9602ee24f1d7c9a99bcb1ebb0ed,1/11(–Ø) 17:11
getsuv,ŒŠ§ƒoƒŒ[ƒ{[ƒ‹,yƒoƒŒ[zt‚˜A”e‚ğ’B¬‚µ‚½x‘äŠw‰€@‹T‰ª¹¬‚ª1”N‘O‚ÉŒˆˆÓ‚µ‚½‚±‚ÆuŒµ‚µ‚­‚·‚×‚«‚Æ‚±‚ë‚Í‚µ‚Ä‚¢‚©‚È‚¢‚ÆvkŒƒoƒŒ2023”N3Œ†ƒvƒŒ[ƒoƒbƒNl,https://news.yahoo.co.jp/articles/874308d1d367d0b0449b3d7810b7232cb191685d,1/10(…) 17:10
getsuv,ŒŠ§ƒoƒŒ[ƒ{[ƒ‹,yƒoƒŒ[zt‚€V‚Ì•ŸˆäH‘å••Ÿˆä‚‚ª’…—p‚µ‚½ƒJƒ‰ƒtƒ‹ƒ†ƒj‚Ì³‘ÌB‚¢‚Â‚à‚ÌgACƒ~ƒ‰ƒ“h•—‚Å‚Í‚È‚¢!?,https://news.yahoo.co.jp/articles/42207eb515e106beff5426da53671fdf5ad97a73,1/10(…) 12:01
getsuv,ŒŠ§ƒoƒŒ[ƒ{[ƒ‹,yƒoƒŒ[zWD–¼ŒÃ‰®@™B“c—º‘¾‚ªVƒŠ[ƒO230‡oê‚ğ’B¬,https://news.yahoo.co.jp/articles/d0c677697c45abe532d1551b74c0aacf38adf944,1/9(‰Î) 18:26
getsuv,ŒŠ§ƒoƒŒ[ƒ{[ƒ‹,yƒoƒŒ[z—q‘å‰ï‘S51‡Œ‹‰ÊAŒÂlÜóÜ‘Ièˆê——yt‚2024z,https://news.yahoo.co.jp/articles/1422845a8e442370b1d264056a53a798c7d721e6,1/8(Œ) 19:52
getsuv,ŒŠ§ƒoƒŒ[ƒ{[ƒ‹,yƒoƒŒ[z’jq‘å‰ï‘S51‡Œ‹‰ÊAŒÂlÜóÜ‘Ièˆê——yt‚2024z,https://news.yahoo.co.jp/articles/7808e753f29392d263dac23260aaaac8e2170bed,1/8(Œ) 19:20
getsuv,ŒŠ§ƒoƒŒ[ƒ{[ƒ‹,yƒoƒŒ[z‰º–k‘ò¬“¿‚ÌOŠ¥‚ğ‘j~‚µAÀ‚ª2‘å‰ï‚Ô‚è‚Ì‰hŠ¥yt‚2024z,https://news.yahoo.co.jp/articles/8c450d6243aa97834ec518dbe0a96e068251605a,1/8(Œ) 17:29
getsuv,ŒŠ§ƒoƒŒ[ƒ{[ƒ‹,yƒoƒŒ[zx‘äŠw‰€‚ª•ŸˆäH‘å••Ÿˆä‚ğ‰º‚µ‘å‰ï˜A”e@ƒCƒ“ƒ^[ƒnƒC‚Æ‚Ì“ñŠ¥‚ğ’B¬yt‚2024z,https://news.yahoo.co.jp/articles/597f2db2d7ca63195538295adeeade4877b4e009,1/8(Œ) 14:25
getsuv,ŒŠ§ƒoƒŒ[ƒ{[ƒ‹,yƒoƒŒ[zŒˆŸio‚ğŒœ‚¯‚½‹­‹Z‚ÌŒƒí@‘å‰ï4“ú–Úi1/7j‚Ì’j—€ŒˆŸŒ‹‰Êyt‚2024z,https://news.yahoo.co.jp/articles/635ef64bcf7ca07a8d47feb40c316ab7467cfc90,1/7(“ú) 20:12
getsuv,ŒŠ§ƒoƒŒ[ƒ{[ƒ‹,yƒoƒŒ[zˆ®ìÀ‚ğ‰º‚µ‚Ä‰º–k‘ò¬“¿‚ªOŠ¥‚É‰¤èyt‚2024z,https://news.yahoo.co.jp/articles/2d42847aed6cbb7bc95c8a46cc22f8c01aa57059,1/7(“ú) 19:51
getsuv,ŒŠ§ƒoƒŒ[ƒ{[ƒ‹,yƒoƒŒ[z‘å‰ï˜A”e‚É’§‚Şx‘äŠw‰€‚ª¸—z‚ğ‰º‚µ‚ÄŒˆŸ‚Öyt‚2024z,https://news.yahoo.co.jp/articles/a8b4c5df81c36e9331726b78e4b3a69cc8847c9e,1/7(“ú) 14:25
getsuv,ŒŠ§ƒoƒŒ[ƒ{[ƒ‹,yƒoƒŒ[zŒˆŸio‚ğŒœ‚¯‚ÄŒƒ“Ë@‘å‰ï4“ú–Úi1/7j‚Ì’j—€ŒˆŸ‚ğĞ‰îyt‚2024z,https://news.yahoo.co.jp/articles/c56d19695bd4413d4a5a5628cab4dbe684845b9e,1/6(“y) 21:05
getsuv,ŒŠ§ƒoƒŒ[ƒ{[ƒ‹,yƒoƒŒ[zOŠ¥–Úw‚·‰º–k‘ò¬“¿‚âAÀ‚È‚Ç‚ªƒxƒXƒg4‚Éio@—q‘å‰ï3“ú–Úi1/6j‚Ì3‰ñíA€XŒˆŸ‡Œv12‡‚ÌŒ‹‰Êyt‚2024z,https://news.yahoo.co.jp/articles/ba460cac263e42d5021c488030ed6de3199e9cd4,1/6(“y) 20:31
getsuv,ŒŠ§ƒoƒŒ[ƒ{[ƒ‹,yƒoƒŒ[z˜A”e‚ğ‘_‚¤x‘äŠw‰€A‘O‰ñ€—DŸ‚Ì’Á¼‚È‚Ç‚ª€ŒˆŸ‚Ö@’jq‘å‰ï3“ú–Úi1/6j‚Ì3‰ñí‚Æ€XŒˆŸ‚Ì‘S12‡Œ‹‰Êyt‚2024z,https://news.yahoo.co.jp/articles/929afd15303b99e58038b0f2f1b62adb8e2208b9,1/6(“y) 19:54
getsuv,ŒŠ§ƒoƒŒ[ƒ{[ƒ‹,yƒoƒŒ[zx‘äŠw‰€‚ª‚ìŠw‰€‚Æ‚ÌŒƒí‚ğ§‚µ‚Ä€XŒˆŸ‚Öyt‚2024z,https://news.yahoo.co.jp/articles/800faed85d3c6e851051e8b7c6b20941dc446f3f,1/6(“y) 16:11
getsuv,ŒŠ§ƒoƒŒ[ƒ{[ƒ‹,yƒoƒŒ[zƒxƒXƒg4ioƒ`[ƒ€‚ªŒˆ’è‚·‚é’jq3“ú–Úi1/6j‚Ì‘S12‡‚ğĞ‰îyt‚2024z,https://news.yahoo.co.jp/articles/0c6f2c30d8356cd2a438c966f84959709a9e220a,1/5(‹à) 20:48
getsuv,ŒŠ§ƒoƒŒ[ƒ{[ƒ‹,yƒoƒŒ[zğ”N‰¤Òx‘äŠw‰€‚â’Á¼‚È‚Ç‚ªƒxƒXƒg16‚Éio@’jq‘å‰ï2“ú–Úi1/5j‚Ì2‰ñí‘S16‡‚ÌŒ‹‰Êyt‚2024z,https://news.yahoo.co.jp/articles/67c32c6abfc5c39175529007831949d824f82063,1/5(‹à) 20:24
getsuv,ŒŠ§ƒoƒŒ[ƒ{[ƒ‹,yƒoƒŒ[z“ú–{q‹ó‚ªŒ€“I‘å‹t“]‚Åì“à¤H‚ğ‰º‚µ‚Ä2‰ñí“Ë”jyt‚2024z,https://news.yahoo.co.jp/articles/3e674e533049b8093d56250164f1ab5a9497f4d3,1/5(‹à) 20:12
getsuv,ŒŠ§ƒoƒŒ[ƒ{[ƒ‹,yƒoƒŒ[zƒxƒXƒg4io‚ğŒœ‚¯‚ÄŒƒ“Ë@—q3“ú–Úi1/6j‚Ì‘S12‡‚ğĞ‰îyt‚2024z,https://news.yahoo.co.jp/articles/8ecac3538327bd96352ba411c0215883666a4b16,1/5(‹à) 19:29
getsuv,ŒŠ§ƒoƒŒ[ƒ{[ƒ‹,yƒoƒŒ[z‘O‰ñ‘å‰ï—DŸ‚ÌŒÃìŠw‰€‚È‚Ç‚ª3‰ñí‚Ö@—q‘å‰ï2“ú–Úi1/5j‚Ì2‰ñí‘S16‡‚ÌŒ‹‰Êyt‚2024z,https://news.yahoo.co.jp/articles/3d401848678d93e66851478ca8e5be6c72742ae1,1/5(‹à) 18:04
getsuv,ŒŠ§ƒoƒŒ[ƒ{[ƒ‹,yƒoƒŒ[z‘åŠA“ú‘O“ú‚ÉŠJÃ‚³‚ê‚½VƒŠ[ƒOB“Œ‹ GB–ö“c«—m‚ç‚ªŒê‚é‹»s‚Æ‚µ‚Ä‚ÌƒoƒŒ[ƒ{[ƒ‹‚Ì‰Â”\«,https://news.yahoo.co.jp/articles/eb696a6c0fed51a428dc99eb7eb7651cacb81704,1/5(‹à) 12:48
getsuv,ŒŠ§ƒoƒŒ[ƒ{[ƒ‹,yƒoƒŒ[z“ñŠ¥—‰¤E‰º–k‘ò¬“¿‚ªŒSR—‘å•‚ğƒXƒgƒŒ[ƒg‚Å‰º‚·yt‚2024z,https://news.yahoo.co.jp/articles/d087061d488d79a70ab953e5349d6c71f3c0d788,1/5(‹à) 11:24
getsuv,ŒŠ§ƒoƒŒ[ƒ{[ƒ‹,yƒoƒŒ[zOŠ¥‚ğ–Úw‚·‰º–k‘ò¬“¿‚ª“oê@—q2“ú–Úi1/5j‚Ì‘S16‡‚ğĞ‰îyt‚2024z,https://news.yahoo.co.jp/articles/13192f98820920fcb1c27118aa86f284ba33cefe,1/4(–Ø) 23:05
getsuv,ŒŠ§ƒoƒŒ[ƒ{[ƒ‹,yƒoƒŒ[z‘‘Ì€—DŸ‚Ì‹à—–‰ï‚È‚Ç‚ª2‰ñí‚Ö@—q‘å‰ï‰“úi1/4j‚Ì1‰ñí‘S20‡‚ÌŒ‹‰Êyt‚2024z,https://news.yahoo.co.jp/articles/d4400acad5bb7501bf950e9628231c443b570910,1/4(–Ø) 22:42
getsuv,ŒŠ§ƒoƒŒ[ƒ{[ƒ‹,yƒoƒŒ[z˜A”e‚ğ‘_‚¤x‘äŠw‰€‚ª“oê@’jq2“ú–Úi1/5j‚Ì‘S16‡‚ğĞ‰îyt‚2024z,https://news.yahoo.co.jp/articles/c14f97ae3df8fcf0b08b1b942058c96ed7e690d5,1/4(–Ø) 22:13
getsuv,ŒŠ§ƒoƒŒ[ƒ{[ƒ‹,yƒoƒŒ[z‰oê‚Ì•l¼CŠwÉ‚È‚Ç‚ª2‰ñí‚Éio@’jq‘å‰ï‰“úi1/4j‚Ì1‰ñí‘S20‡‚ÌŒ‹‰Êyt‚2024z,https://news.yahoo.co.jp/articles/3214083197571dffd74c81ab48ce3fda61594768,1/4(–Ø) 21:50
getsuv,ŒŠ§ƒoƒŒ[ƒ{[ƒ‹,yƒoƒŒ[z‹“s‹k‚ª‚‚³‚ğ¶‚©‚µé“ì‚ğŒ‚”jA2‰ñíioŒˆ‚ß‚éyt‚2024z,https://news.yahoo.co.jp/articles/10d819b7bf5f6c7de0a435b1c47859060f3a8457,1/4(–Ø) 16:37
getsuv,ŒŠ§ƒoƒŒ[ƒ{[ƒ‹,yƒoƒŒ[z‘‘Ì‰¤ÒE‚ìŠw‰€‚ª¯é‚Z‚ğƒtƒ‹ƒZƒbƒg‚Å”j‚éyt‚2024z,https://news.yahoo.co.jp/articles/8990e45853d4d6ad388ef54de23f890cb4c44b60,1/4(–Ø) 13:28
getsuv,ŒŠ§ƒoƒŒ[ƒ{[ƒ‹,yt‚ƒoƒŒ[z˜A”e‚ğ‘_‚¤‹T‰ª¹¬‚â2”N¶ƒG[ƒX’†ã—ó‚ç¡‘å‰ï•KŒ©‚Ì10li’jqj,https://news.yahoo.co.jp/articles/49c03bfb757e6fb19200220c1c25f73d4014449a,1/3(…) 12:10
getsuv,ŒŠ§ƒoƒŒ[ƒ{[ƒ‹,u‚Ç‚¿‚ç‚©‚ª€‚Ê‚Ü‚ÅvƒRƒ“ƒrŒp‘±@×“cŠw‰€‚‚Ìƒxƒeƒ‰ƒ“ƒ^ƒbƒO‚ª•`‚­w“±Ò‚Æ‚µ‚Ä‚Ìp yˆÉ“¡Œ‰”üŠÄ“Â~¬ì—Ç÷ƒGƒOƒ[ƒNƒeƒBƒuƒAƒhƒoƒCƒU[‘Î’k‡Bz,https://news.yahoo.co.jp/articles/5231328f8622986e68d62b71a61e0f1aa40767e6,1/3(…) 12:08
getsuv,ŒŠ§ƒoƒŒ[ƒ{[ƒ‹,yt‚ƒoƒŒ[z“ú–{‘ã•\‚ÌH–{”ü‹ó‚â‘S‘OŠ¥‚ğ–Úw‚·ƒCƒF[ƒ‚ƒ“ƒ~ƒƒ‚çŠˆ–ô‚ÉŠú‘Ò‚Ì10‘Iè‚ğƒ`ƒFƒbƒNi—qj,https://news.yahoo.co.jp/articles/999fd5da3cdc8af37d462ca2ea9cae804d7f876f,1/2(‰Î) 12:10
getsuv,ŒŠ§ƒoƒŒ[ƒ{[ƒ‹,yƒoƒŒ[zu—q‚ÍƒŒƒV[ƒuv ŒÅ’èŠÏ”O‚ğ•¢‚·ƒuƒƒbƒN‰üŠv ¬‚³‚¢ƒ`[ƒ€‚É‚à‚Å‚«‚é‚±‚Æy×“cŠw‰€‚ ˆÉ“¡Œ‰”üŠÄ“Â~¬ì—Ç÷ƒGƒOƒ[ƒNƒeƒBƒuƒAƒhƒoƒCƒU[‘Î’k‡Az,https://news.yahoo.co.jp/articles/5dcc7d017cbc7383ea8d7bcc51a10ee9c0207590,1/2(‰Î) 12:00
getsuv,ŒŠ§ƒoƒŒ[ƒ{[ƒ‹,yƒoƒŒ[zH–{”ü‹ói‹¤‰hŠw‰€‚j VtƒCƒ“ƒ^ƒrƒ…[ U19“ú–{‘ã•\‚Å‚ÌŠw‚ÑA‚»‚µ‚Ät‚‚Ö‚ÌŒˆˆÓu‰º–k‘ò¬“¿‚‚ğ“|‚µ‚Ä“ú–{ˆêv,https://news.yahoo.co.jp/articles/b7205f75b772930e20e6ebe5df7dc4a5a3326140,1/1(Œ) 12:10
getsuv,ŒŠ§ƒoƒŒ[ƒ{[ƒ‹,yƒoƒŒ[z×“cŠw‰€‚‚Ìƒxƒ“ƒ`‚É‰º–k‘ò¬“¿‚‚Ì¬ì—Ç÷‘OŠÄ“Â u‚à‚¤ƒoƒŒ[‚Í‚È‚¢‚©‚Èv‚©‚çA”C‚ÉŠ‚é‚Ü‚ÅyˆÉ“¡Œ‰”üŠÄ“Â~¬ìƒGƒOƒ[ƒNƒeƒBƒuƒAƒhƒoƒCƒU[‘Î’k‡@z,https://news.yahoo.co.jp/articles/8233d683a17a9f84961eb9769fb1e35ad38f53b6,1/1(Œ) 12:01
getsuv,ŒŠ§ƒoƒŒ[ƒ{[ƒ‹,yƒoƒŒ[zx‘äŠw‰€‚ V1’jqWD–¼ŒÃ‰®‚ÉŒ’“¬ ˜A”e‚ªŒœ‚©‚ét‚’¼‘O‚É“¾‚½h‘èyt‚oêZ‚Ì“VcEc@”t‡Bz,https://news.yahoo.co.jp/articles/7966d3fa500a13c0d38b44737f41dfc84afa5a90,2023/12/31(“ú) 12:11
getsuv,ŒŠ§ƒoƒŒ[ƒ{[ƒ‹,yƒoƒŒ[z¸—z‚ “ŒˆŸ‘å‚É‹à¯¡‘O Œğ‘ã‘Iè‚ªd–‚ğ‰Ê‚½‚µt‚‚Ö’e‚İyt‚oêZ‚Ì“VcEc@”t‡Az,https://news.yahoo.co.jp/articles/f2aafd8cc0bf2d6207d5dd214507e97835c4677f,2023/12/30(“y) 12:10
getsuv,ŒŠ§ƒoƒŒ[ƒ{[ƒ‹,yƒoƒŒ[z‹à—–‰ï‚ ƒAƒEƒgƒTƒCƒhƒqƒbƒ^[‚Éˆäã–¢—B“Ş!?@t‚–{í‚àuƒ`[ƒ€‚Ì‚½‚ß‚Évyt‚oêZ‚Ì“VcEc@”t‡@z,https://news.yahoo.co.jp/articles/9c68b603f7e794c5e01c7bd4557684f92ae2e4d0,2023/12/29(‹à) 12:10
getsuv,ŒŠ§ƒoƒŒ[ƒ{[ƒ‹,yƒoƒŒ[z—q‚Í‘åã–kA’jq‚Í•Ÿ‰ª‚ª—DŸyJOCƒWƒ…ƒjƒAƒIƒŠƒ“ƒsƒbƒNƒJƒbƒvz,https://news.yahoo.co.jp/articles/2b0da2a5482aa89ce71a6a96e0c5f5a73a063a20,2023/12/29(‹à) 10:41
getsuv,ŒŠ§ƒoƒŒ[ƒ{[ƒ‹,yƒoƒŒ[z‘O‰ñ—DŸ‚Ì“Œ‹‚ğ‰º‚µ‚½L“‡‚ªƒxƒXƒg4ioyJOCƒWƒ…ƒjƒAƒIƒŠƒ“ƒsƒbƒNƒJƒbƒv’jqz,https://news.yahoo.co.jp/articles/80a7ad7f6574a52fbb5ff2b21de2923d4504b390,2023/12/28(–Ø) 10:52
getsuv,ŒŠ§ƒoƒŒ[ƒ{[ƒ‹,yƒoƒŒ[z‘O‰ñ‘å‰ï—DŸ‚Ì“Œ‹AŠJÃ’n‚Ì‘åã–k‚È‚Ç‚ª€ŒˆŸ‚ÉioyJOCƒWƒ…ƒjƒAƒIƒŠƒ“ƒsƒbƒNƒJƒbƒv—qz,https://news.yahoo.co.jp/articles/c21cd114df4f08d253caa62e1cf2321d42c9cc82,2023/12/28(–Ø) 10:36
getsuv,ŒŠ§ƒoƒŒ[ƒ{[ƒ‹,yƒoƒŒ[z“Œ‹ŠwŒ|‘åŠw‘å‰ï‚ÅƒfƒtƒoƒŒ[ƒ{[ƒ‹’j—‘ã•\ƒ`[ƒ€‚à–ô“®,https://news.yahoo.co.jp/articles/e754ecfc99002694d95a4b61b812e149f05fa06e,2023/12/27(…) 12:06
getsuv,ŒŠ§ƒoƒŒ[ƒ{[ƒ‹,yƒoƒŒ[zU16—q“ú–{‘ã•\‚Ì’‰Šè›ä»÷‚ğ—i‚·‚é‘å•ª‚È‚Ç32ƒ`[ƒ€‚ªŒˆŸƒg[ƒiƒƒ“ƒg‚ÖyJOCƒWƒ…ƒjƒAƒIƒŠƒ“ƒsƒbƒNƒJƒbƒv—qz,https://news.yahoo.co.jp/articles/633a778060d307d6d4e30f06742d80031cade6ac,2023/12/26(‰Î) 22:10
getsuv,ŒŠ§ƒoƒŒ[ƒ{[ƒ‹,yƒoƒŒ[z‘O‰ñ—DŸ‚Ì“Œ‹‚ç‚ªŒˆŸƒg[ƒiƒƒ“ƒg‚ÉioyJOCƒWƒ…ƒjƒAƒIƒŠƒ“ƒsƒbƒNƒJƒbƒv’jqz,https://news.yahoo.co.jp/articles/ca000dcceb8ca0b6cbbc73c36af10b75f39650cb,2023/12/26(‰Î) 21:44
getsuv,ŒŠ§ƒoƒŒ[ƒ{[ƒ‹,yƒoƒŒ[z“¡“ˆ•A‘¾i“ú–{Šw‰€‚j ‰õiŒ‚‚Ì1”N‚Í—Ü‚Ì–‹Ø‚ê uƒoƒŒ[‚ğ‚µ‚Ä‚¢‚È‚©‚Á‚½‚çâ‘Î‚ÉŒoŒ±‚Å‚«‚È‚¢‚±‚Æv,https://news.yahoo.co.jp/articles/2fe68b766286f719633ba3e51783719e0491dc62,2023/12/26(‰Î) 12:12
getsuv,ŒŠ§ƒoƒŒ[ƒ{[ƒ‹,yƒoƒŒ[zWD–¼ŒÃ‰®@R“cãù‘¢‚ªVƒŠ[ƒO230‡oê‚ğ’B¬,https://news.yahoo.co.jp/articles/b4442edd0b9e2adb04af4aaed72bad671f8b36a0,2023/12/25(Œ) 18:42
getsuv,ŒŠ§ƒoƒŒ[ƒ{[ƒ‹,yƒoƒŒ[z“ŒƒŒ@—›”‚ªVƒŠ[ƒO230‡oê‚ğ’B¬,https://news.yahoo.co.jp/articles/77e621adf9ebddccf9d13b5b2b58d85cfcf93192,2023/12/25(Œ) 18:04
getsuv,ŒŠ§ƒoƒŒ[ƒ{[ƒ‹,yƒoƒŒ[z‘åŠw“ú–{ˆê‚Ì…’¬‘×“m‚ªuÅŒã‚­‚ç‚¢Œ©‚É—ˆ‚â‚Ÿv‚Æ—U‚Á‚½e—F ’J•’¿‚ª–¾‚©‚·gŒ¶‚Ì‘ÎŒˆh‚Æ–Ú‚É‚µ‚Ä‚«‚½p,https://news.yahoo.co.jp/articles/049f1137f513adfe1d6409cba738249b36556f80,2023/12/23(“y) 12:10
getsuv,ŒŠ§ƒoƒŒ[ƒ{[ƒ‹,yƒoƒŒ[z‰Ô‘º’mÆi“ŒR‚jt‚‚ğ“¦‚µ‚Ä‚à‹¹‚ğ’£‚ê‚é3”NŠÔ u’nŒ³‚Ì‚Z‚ÉiŠw‚µ‚æ‚¤v‚©‚çŒZA‚»‚µ‚Ägt h‚ğ’Ç‚Á‚Ä¬’·,https://news.yahoo.co.jp/articles/344734b1ecea9782aff5be1d3a6b52b096224109,2023/12/22(‹à) 12:21
getsuv,ŒŠ§ƒoƒŒ[ƒ{[ƒ‹,yƒoƒŒ[z2024”NH‚©‚ç‚ÌƒoƒŒ[ƒ{[ƒ‹VƒŠ[ƒO@V1’j—‘Sƒ`[ƒ€‚ªÅ‚•ôƒŠ[ƒOQ‰Á‘Ši‚ğ\¿,https://news.yahoo.co.jp/articles/acec3874debb98880f3a13f558d332fc906341a5,2023/12/21(–Ø) 19:59
getsuv,ŒŠ§ƒoƒŒ[ƒ{[ƒ‹,yƒoƒŒ[z’jqU18“ú–{‘ã•\Œó•â‘Iè‚ª­™“‡‚Å‡h‚ğÀ{,https://news.yahoo.co.jp/articles/98af16192baf264b25a38c4a3b17c845b73c2cb1,2023/12/21(–Ø) 13:19
getsuv,ŒŠ§ƒoƒŒ[ƒ{[ƒ‹,yƒoƒŒ[zPFU ã‘ºˆÇØ‚Ì“à’è‚ğ”­•\,https://news.yahoo.co.jp/articles/73757e7cba8f43b81de56df8a4a68703f25e8048,2023/12/21(–Ø) 11:34
getsuv,ŒŠ§ƒoƒŒ[ƒ{[ƒ‹,yƒoƒŒ[zJTL“‡@“ŒŠC‘å‚Ì‚–ØŒ[m˜Y‚Ì“à’è‚ğ”­•\,https://news.yahoo.co.jp/articles/72becd2109faeb9493ddad05810f9d8981b0a04f,2023/12/20(…) 18:35
getsuv,ŒŠ§ƒoƒŒ[ƒ{[ƒ‹,yƒoƒŒ[zt‚‚ğ“¦‚µ‚½—š³Ğ‚‚ÌU19“ú–{‘ã•\ƒRƒ“ƒr Ä‚Ñ“ú‚ÌŠÛ‚ğ‚Â‚¯‚é‚Æ‚«‚ğ–Úw‚µ‚Ä,https://news.yahoo.co.jp/articles/6f13e8e99c1e9c78f80c2d78312641837cb553f7,2023/12/20(…) 18:10
getsuv,ŒŠ§ƒoƒŒ[ƒ{[ƒ‹,yƒoƒŒ[zƒvƒ‚Æ‚µ‚Ä‚ÌŠoŒå‚Æƒ~ƒhƒ‹‚Æ‚µ‚Ä‚Ì–ğŠ„  `ŠØ‘VƒŠ[ƒOQí‚Ì‘å’|ˆëÂ`,https://news.yahoo.co.jp/articles/7db148c5a5d2a0d7ed4bbbd1c8dac34f6622f20b,2023/12/20(…) 12:12
getsuv,ŒŠ§ƒoƒŒ[ƒ{[ƒ‹,yƒoƒŒ[z‹vŒõ [àV‚ß‚®‚İ‚ª“Œ‹‘ÌˆçŠÙ‚Å—§‚Ä‚é¾‚¢B–³ŠÏ‹q‚Å‚Ìt‚—DŸ‚©‚ç2”NAu‚â‚Á‚Ï‚èŠy‚µ‚¢v‚¯‚ê‚Çc,https://news.yahoo.co.jp/articles/01b9150f3c54dc6b02ddc2d94c8762d4e9e461c1,2023/12/20(…) 12:10
getsuv,ŒŠ§ƒoƒŒ[ƒ{[ƒ‹,yƒoƒŒ[zU16“ú–{‘ã•\‚Ì•Ÿ“‡—È‚ªŒ³EVƒŠ[ƒK[‚Ì•ƒ‚©‚çö‚©‚é‘å–‚ÈŒ¾—t‚Æ‚ÍBJOC”tˆ¤’mŒ§‘I”²“ü‚è,https://news.yahoo.co.jp/articles/8357686d77f1e7d59e8adcb6b5aed17e2d032156,2023/12/19(‰Î) 17:30
getsuv,ŒŠ§ƒoƒŒ[ƒ{[ƒ‹,yƒoƒŒ[zƒfƒ“ƒ\[@“ú–{‘Ì‘å‚ÌÎ‘q¹•P‚Ì“ü’c‚ğ”­•\,https://news.yahoo.co.jp/articles/64aa63331ae11ccc582e15e15e2985cae4a92ff9,2023/12/19(‰Î) 16:15
getsuv,ŒŠ§ƒoƒŒ[ƒ{[ƒ‹,yƒoƒŒ[zVC’·–ì@“ú–{‘Ì‘å‚Ìîà•—Y‘å˜Y‚Ì“ü’c‚ğ”­•\,https://news.yahoo.co.jp/articles/2da23cb3dc55940c85a5db096719bf43182b4858,2023/12/18(Œ) 17:59
getsuv,ŒŠ§ƒoƒŒ[ƒ{[ƒ‹,yƒoƒŒ[z—q‚ÍNEC‚ª˜A”e‚ğ’B¬A’jq‚Íƒpƒiƒ\ƒjƒbƒN‚ª5‘å‰ï‚Ô‚è‚É—DŸ@“Vc”tEc@”t‘S“ú–{‘IèŒ ,https://news.yahoo.co.jp/articles/f904f41a48cc92fefb4c7f44ba48c77b927d7eec,2023/12/17(“ú) 19:57
getsuv,ŒŠ§ƒoƒŒ[ƒ{[ƒ‹,yƒoƒŒ[z“Vc”tEc@”t‘S“ú–{‘IèŒ ƒtƒ@ƒCƒiƒ‹ƒ‰ƒEƒ“ƒh€ŒˆŸŒ‹‰Ê@˜A”e‚ğ‘_‚¤NEC‚ªŒˆŸio,https://news.yahoo.co.jp/articles/9a973a0e47337addc061e7c983e7d0649f0422ad,2023/12/16(“y) 21:57
getsuv,ŒŠ§ƒoƒŒ[ƒ{[ƒ‹,yƒoƒŒ[z“ú–{ˆê‚É‚àu©•ªA‰½‚à‚µ‚Ä‚È‚¢v‚Æ’Q‚¢‚½…’¬‘×“m‚ÍŠ®‘S”RÄ‚Å‚«‚½‚Ì‚©H Šw¶¶ŠˆÅŒã‚É–¡‚í‚Á‚½g‚ ‚ÌŠ´Šoh,https://news.yahoo.co.jp/articles/81e9ed452460c87d4880ab70a111f16e0c1e070f,2023/12/15(‹à) 17:30
getsuv,ŒŠ§ƒoƒŒ[ƒ{[ƒ‹,yƒoƒŒ[z‹vŒõ@ˆäã–¢—B“Ş‚Æ‚‹´ˆ¨‚Ì“ü’cŒˆ’è‚ğ”­•\,https://news.yahoo.co.jp/articles/1c3e5c9529af1b49657d46fbf75624c5147594af,2023/12/14(–Ø) 13:38
getsuv,ŒŠ§ƒoƒŒ[ƒ{[ƒ‹,yƒoƒŒ[z‘S‘ƒxƒXƒg4‚ÌˆÀ“cŠw‰€’†’jq‚ª‰wü‚é “Œ‹“sVl‘å‰ï‚Å—DŸ,https://news.yahoo.co.jp/articles/f3a87440e0646a176057dda48440972d2159feca,2023/12/13(…) 18:26
getsuv,ŒŠ§ƒoƒŒ[ƒ{[ƒ‹,yƒoƒŒ[zƒNƒ‰ƒu¢ŠEˆê‚ÌŠÄ“Â‚ªŒû‚É‚µ‚½Îì—SŠó‚Ö‚Ìˆ¤î‚É—‚½v‚¢Buƒ†ƒEƒL‚Í„‚Ìcv,https://news.yahoo.co.jp/articles/389e80c86d12c2e5fc5393b96d29cdc62496ebe1,2023/12/12(‰Î) 18:31
getsuv,ŒŠ§ƒoƒŒ[ƒ{[ƒ‹,yƒoƒŒ[z”ü­—ƒLƒƒƒ‰‚ğƒ†ƒjƒtƒH[ƒ€‚ÉÌ—p‚µ‚½F­™“‡BƒCƒ^ƒŠƒA‚Å‚Í“ú–{‚Ìg‚ ‚Ì‘–¯“IƒLƒƒƒ‰h‚ª“oê‚µ‚½‚±‚Æ‚à,https://news.yahoo.co.jp/articles/ccff90a08af872521a253e90306a7c4b9818aa22,2023/12/12(‰Î) 17:31
getsuv,ŒŠ§ƒoƒŒ[ƒ{[ƒ‹,yƒoƒŒ[z“ŒƒŒ—q@ì•›‰ØÎA¼‰ª‰è¶‚Ì“à’è‚ğ”­•\,https://news.yahoo.co.jp/articles/8320d7ca0a029dd9cb164a450aab7de3427c416e,2023/12/12(‰Î) 15:53
getsuv,ŒŠ§ƒoƒŒ[ƒ{[ƒ‹,yƒoƒŒ[zƒl[ƒVƒ‡ƒ“ƒYƒŠ[ƒO2024‚Ì“ú’ö‚Æ—\‘Iƒ‰ƒEƒ“ƒh‚ÌŠJÃ’n‚ªŒˆ’è@“ú–{‚Å‚Í’j—‚Æ‚àç—t‚ÅŠJÃ,https://news.yahoo.co.jp/articles/c6e1be00408171e08d9c497edd90dd1bfa308080,2023/12/12(‰Î) 13:28
getsuv,ŒŠ§ƒoƒŒ[ƒ{[ƒ‹,yƒoƒŒ[zPFU@ƒCƒ“ƒJƒŒ3ˆÊE•Ÿ‰ª‘å‚Ìì“Y”ü—D‚Ì“à’è‚ğ”­•\,https://news.yahoo.co.jp/articles/8a3248473c094216724a27670c972055893f565b,2023/12/11(Œ) 17:47
getsuv,ŒŠ§ƒoƒŒ[ƒ{[ƒ‹,yƒoƒŒ[z›Ri‹Œ©E‹{–{jŒb”üq‚³‚ñÀ‹@“Œ‹ƒIƒŠƒ“ƒsƒbƒN‹àƒƒ_ƒ‹‚Ì“Œ—m‚Ì–‚—,https://news.yahoo.co.jp/articles/0cada9facb0554d769a69428e3f4d9f28bda7604,2023/12/11(Œ) 13:31
getsuv,ŒŠ§ƒoƒŒ[ƒ{[ƒ‹,yƒoƒŒ[zƒTƒ“ƒgƒŠ[‚Íƒnƒ‹ƒNƒoƒ“ƒN‚É‹t“]Ÿ—˜‚Å“ºƒƒ_ƒ‹‚ğŠl“¾@’jq¢ŠEƒNƒ‰ƒu‘IèŒ ,https://news.yahoo.co.jp/articles/c09316290d072aeee689e10ad454e924a8f27139,2023/12/11(Œ) 10:17
getsuv,ŒŠ§ƒoƒŒ[ƒ{[ƒ‹,yƒoƒŒ[z“Vc”tEc@”t‘S“ú–{‘IèŒ ƒtƒ@ƒCƒiƒ‹ƒ‰ƒEƒ“ƒh€XŒˆŸŒ‹‰Ê@“ŒƒŒ’jq‚ª‘O‰ñ‰¤ÒƒWƒFƒCƒeƒNƒg‚ğ‰º‚µ‚ÄƒxƒXƒg4io,https://news.yahoo.co.jp/articles/a956b6b755fda72f844c9cc11fcaf28a1ea1a2d9,2023/12/10(“ú) 19:23
getsuv,ŒŠ§ƒoƒŒ[ƒ{[ƒ‹,yƒoƒŒ[zƒTƒ“ƒgƒŠ[‚Íƒ~ƒiƒX‚Éƒtƒ‹ƒZƒbƒg‚Ì––‚É”s‚ê3ˆÊŒˆ’èí‚Ö@’jq¢ŠEƒNƒ‰ƒu‘IèŒ ,https://news.yahoo.co.jp/articles/23c9ef7312627794208b12773048a620d9d4cfe4,2023/12/10(“ú) 10:25
getsuv,ŒŠ§ƒoƒŒ[ƒ{[ƒ‹,yƒoƒŒ[z“Vc”tEc@”t‘S“ú–{‘IèŒ ƒtƒ@ƒCƒiƒ‹ƒ‰ƒEƒ“ƒh2‰ñíŒ‹‰Ê@˜A“úV1Œ‚”j‚Ì‹ß‹E‘å‚ª€XŒˆŸ‚Ö,https://news.yahoo.co.jp/articles/6dff81e31e3d96fae0303af0bfa432bad0300e61,2023/12/9(“y) 20:41
getsuv,ŒŠ§ƒoƒŒ[ƒ{[ƒ‹,yƒoƒŒ[zƒTƒ“ƒgƒŠ[‚ÍƒNƒ‹ƒ[ƒCƒ‚Éƒtƒ‹ƒZƒbƒg‚ÌÉ”s‚à—\‘I“Ë”j‚ªŠm’è@’jq¢ŠEƒNƒ‰ƒu‘IèŒ ,https://news.yahoo.co.jp/articles/7516d94da20a4e3dd4df50d769fca7ebd19ff68b,2023/12/8(‹à) 21:06
getsuv,ŒŠ§ƒoƒŒ[ƒ{[ƒ‹,yƒoƒŒ[z“Vc”tEc@”t‘S“ú–{‘IèŒ ƒtƒ@ƒCƒiƒ‹ƒ‰ƒEƒ“ƒh‚ªŠJ–‹@Šw¶‚ç‚à–ô“®,https://news.yahoo.co.jp/articles/6b06e8b9ba29e1166432d28038f2ee582fa3f7ea,2023/12/8(‹à) 20:05
getsuv,ŒŠ§ƒoƒŒ[ƒ{[ƒ‹,yƒoƒŒ[zƒgƒˆƒ^Ô‘Ì@‹g‰i—LŠóAŠ}ˆä‹G—‚Ì“à’è‚ğ”­•\,https://news.yahoo.co.jp/articles/84e401fac31899bf211c9e148a035fc29535358d,2023/12/7(–Ø) 18:15
getsuv,ŒŠ§ƒoƒŒ[ƒ{[ƒ‹,yƒoƒŒ[zJVA‚ª‚Â‚È‚ª‚è‚Ì‘åØ‚³‚ğŠw‚ÔeqQ‰ÁŒ^‹³ˆçƒvƒƒOƒ‰ƒ€u‚Â‚È‚®ƒXƒN[ƒ‹v‚ğŠJn,https://news.yahoo.co.jp/articles/34a540a16a7bc3f1540a93afe433adc26dd54eb2,2023/12/7(–Ø) 17:52
getsuv,ŒŠ§ƒoƒŒ[ƒ{[ƒ‹,yƒoƒŒ[z–ìŒû‘×O‚³‚ñÀ‹@ƒ~ƒ…ƒ“ƒwƒ“ƒIƒŠƒ“ƒsƒbƒN‹àƒƒ_ƒŠƒXƒg,https://news.yahoo.co.jp/articles/d63878361677b52df4bbc4f47317e6de3ecb5db8,2023/12/7(–Ø) 14:00
getsuv,ŒŠ§ƒoƒŒ[ƒ{[ƒ‹,yƒoƒŒ[z’jq¢ŠEƒNƒ‰ƒu‘IèŒ ŠJ–‹@ƒTƒ“ƒgƒŠ[‚ªƒnƒ‹ƒNƒoƒ“ƒN‚ÉƒXƒgƒŒ[ƒg‚ÅŸ—˜,https://news.yahoo.co.jp/articles/221285a2859054159efe840c31d89fff321b2121,2023/12/6(…) 23:17
getsuv,ŒŠ§ƒoƒŒ[ƒ{[ƒ‹,yƒoƒŒ[zVC’·–ì@“ŒŠC‘å‚Ì”Ñ“cF‰ë‚Ì“à’è‚ğ”­•\,https://news.yahoo.co.jp/articles/561ffa47acebe0410a74cdb15c445e550a462093,2023/12/6(…) 19:25
getsuv,ŒŠ§ƒoƒŒ[ƒ{[ƒ‹,yƒoƒŒ[zJT—q@‘S“ú–{ƒCƒ“ƒJƒŒÅ—DG‘IèÜ‚Ì‘åR—Éi’}”g‘åj‚ÆŠ¸“¬‘IèÜ‚Ì‹{•”ˆ¤‰è¢i“ŒŠC‘åj‚Ì“à’è‚ğ”­•\,https://news.yahoo.co.jp/articles/e9f2fd1da8ceda8733d96c87ba8db2686b07a892,2023/12/6(…) 18:38
getsuv,ŒŠ§ƒoƒŒ[ƒ{[ƒ‹,yƒoƒŒ[zKUROBE@“cç³ÊµA‘å‹v•Û^”ü‚Ì“à’è‚ÆHdáØ‚ÌƒCƒ“ƒ^[ƒ“‰Á“ü‚ğ”­•\,https://news.yahoo.co.jp/articles/1437b3d30c757efde8031f570cfe10d16fad4d33,2023/12/6(…) 18:38
getsuv,ŒŠ§ƒoƒŒ[ƒ{[ƒ‹,yƒoƒŒ[z¢ŠEˆê‚ğŒˆ‚ß‚æ‚¤BƒTƒ“ƒgƒŠ[ƒTƒ“ƒo[ƒY‚ª—Õ‚Ş¢ŠEƒNƒ‰ƒu‘IèŒ ‚ÌŒ©‚Ç‚±‚ë‚ÍH ’¹l‚½‚¿‚Ì‹£‰‰‚É‚à’–Ú,https://news.yahoo.co.jp/articles/fa7c38175f89989f3576084845290df4102e7370,2023/12/5(‰Î) 19:32
getsuv,ŒŠ§ƒoƒŒ[ƒ{[ƒ‹,yƒoƒŒ[zPFU@’·—F^—R‚ç5l‚Ì“à’è‚ğ”­•\,https://news.yahoo.co.jp/articles/90bb08a59bcc721a5f52aafbe961115df8af386c,2023/12/5(‰Î) 18:01
getsuv,ŒŠ§ƒoƒŒ[ƒ{[ƒ‹,ƒCƒ^ƒŠƒAEƒZƒŠƒGA@Îì—SŠóŒ‡ê‚Åîà‹´—•‚Æƒlƒbƒg‚ğ‹²‚ñ‚Å‚Ì‘ÎŒˆ‚ÍÀŒ»‚¹‚¸,https://news.yahoo.co.jp/articles/ded217c07537100b1b262dd393852a711d571b91,2023/12/5(‰Î) 13:54
getsuv,ŒŠ§ƒoƒŒ[ƒ{[ƒ‹,yƒoƒŒ[zPFU@‘åŒF‹I–­‚Ì‰Á“ü‚ğ”­•\,https://news.yahoo.co.jp/articles/fe5103f19d11b8d232e062f0a064d07e1e4d7c51,2023/12/5(‰Î) 12:02
getsuv,ŒŠ§ƒoƒŒ[ƒ{[ƒ‹,yƒoƒŒ[zVƒŠ[ƒOV1’jq@VC’·–ì‚ªˆö‰‚Ì‘ÎŒˆ‚ÅŒƒ“¬‚Ì––‚É¡‹G‰Ÿ—˜,https://news.yahoo.co.jp/articles/bfc5b59215d0d4781572aa0aca773f3793b6e919,2023/12/5(‰Î) 11:35
getsuv,ŒŠ§ƒoƒŒ[ƒ{[ƒ‹,yƒoƒŒ[z“ú“SäBZ@ã‘º—®”T‰î‚Ì‰Á“ü‚ğ”­•\,https://news.yahoo.co.jp/articles/2a818c408006c1ba938de9538547b8ae173ea160,2023/12/5(‰Î) 10:29
getsuv,ŒŠ§ƒoƒŒ[ƒ{[ƒ‹,yƒoƒŒ[zt‚Ì‚ZƒoƒŒ[ ‘g‚İ‡‚í‚¹‚ªŒˆ’è@‘æ1ƒV[ƒh‚Í’jqx‘äŠw‰€‚A—qŒÃìŠw‰€‚,https://news.yahoo.co.jp/articles/c27f2a4e6aee1d844ac8d990e56033f76f2d6b2d,2023/12/4(Œ) 17:08
getsuv,ŒŠ§ƒoƒŒ[ƒ{[ƒ‹,yƒoƒŒ[zV1—q‚Ì‰ªR@‹“s‹k‘å‚Ì¬¼Œ´ê£‚Æ’·è‘Û‘å‚Ì“àR—Dˆß‚Ì“à’è‚ğ”­•\,https://news.yahoo.co.jp/articles/e2fdac1317ee7a9e1f8144111bfe625ee5920681,2023/12/4(Œ) 16:08
getsuv,ŒŠ§ƒoƒŒ[ƒ{[ƒ‹,yƒoƒŒ[zNEC@—q“ú–{‘ã•\‚Ì²“¡i”T‚ç4l‚Ì“à’è‚ğ”­•\,https://news.yahoo.co.jp/articles/cbc377b27ac1f4476e0a36784e5e996b8ea2b8c5,2023/12/4(Œ) 15:25
getsuv,ŒŠ§ƒoƒŒ[ƒ{[ƒ‹,yƒoƒŒ[zƒAƒ“ƒ_[ƒGƒCƒWƒJƒeƒSƒŠ[—q“ú–{‘ã•\Œó•â‚ª‡“¯‹­‰»‡h‚ğÀ{,https://news.yahoo.co.jp/articles/490426397dca3114f2c1fb68c8581a44737bf162,2023/12/4(Œ) 11:51
getsuv,ŒŠ§ƒoƒŒ[ƒ{[ƒ‹,yƒoƒŒ[z‘S“ú–{ƒCƒ“ƒJƒŒ—q@’}”g‘å‚ª4”N‚Ô‚è9“x–Ú‚Ì—DŸ,https://news.yahoo.co.jp/articles/a20af8cd520293f7461c06b16cf5c2e4a83ef080,2023/12/3(“ú) 22:04
getsuv,ŒŠ§ƒoƒŒ[ƒ{[ƒ‹,yƒoƒŒ[z‘S“ú–{ƒCƒ“ƒJƒŒ’jq@‘ˆî“c‘å‚ª2”N‚Ô‚è10“x–Ú‚Ì—DŸ‚Å¡”N“xlŠ¥‚ğ’B¬,https://news.yahoo.co.jp/articles/8f7c8f3d8180c30abcfbfa42d0ad8428c50aec07,2023/12/3(“ú) 22:00
getsuv,ŒŠ§ƒoƒŒ[ƒ{[ƒ‹,yƒoƒŒ[zuƒXƒ|[ƒc‚ğ‚µ‚Ä‚¢‚é’‡ŠÔ‚Æ‚Æ‚à‚Él¶‚ğÊ‚è–L‚©‚Év@–Ø‘º¹D‚³‚ñ‚ªNTTSportict‚ÌAI©“®B‰eƒ‰ƒCƒu”zMí—ª”­•\‰ï‚É“oê,https://news.yahoo.co.jp/articles/0cd1f00a458ed6551f94d3bf2464f37eff18df51,2023/12/2(“y) 19:10
getsuv,ŒŠ§ƒoƒŒ[ƒ{[ƒ‹,yƒoƒŒ[z‘S“ú–{ƒCƒ“ƒJƒŒ’j—@ŒˆŸ‚ÌƒJ[ƒh‚Í’jq‘ˆî“c‘å‘Î‡“V“°‘åA—q’}”g‘å‘Î“ŒŠC‘å‚ÉŒˆ’è,https://news.yahoo.co.jp/articles/dc891b2b0d7cb4a9d70e52b5ddd56083df746d5b,2023/12/2(“y) 18:55
getsuv,ŒŠ§ƒoƒŒ[ƒ{[ƒ‹,yƒoƒŒ[z‘S“ú–{ƒCƒ“ƒJƒŒ’jq€XŒˆŸ@‘O‰ñ‘å‰ï€—DŸ‚Ì“ŒŠC‘åA‘O‰ñ‰¤Ò’}”g‘å‚ğ‰º‚µ‚½“ú–{‘Ì‘å‚È‚Ç‚ªƒxƒXƒg4‚Éio,https://news.yahoo.co.jp/articles/95336cc2b277164163d5ee2a47d178e9a3a72f71,2023/12/1(‹à) 18:27
getsuv,ŒŠ§ƒoƒŒ[ƒ{[ƒ‹,yƒoƒŒ[z‘S“ú–{ƒCƒ“ƒJƒŒ—q€XŒˆŸ@‘å‰ï˜A”e‘_‚¤“ŒŠC‘åAŠò•Œ‹¦—§‘å‚È‚Ç‚ª€ŒˆŸ‚Ö,https://news.yahoo.co.jp/articles/b286c13faff62c90fad225ac48fde25af439cf7f,2023/12/1(‹à) 18:23
getsuv,ŒŠ§ƒoƒŒ[ƒ{[ƒ‹,yƒoƒŒ[z‘S“ú–{ƒCƒ“ƒJƒŒ’jq3‰ñí‚ªI—¹@¼“ú–{ƒCƒ“ƒJƒŒ€—DŸ‚Ì‹ß‹E‘å‚â“ú–{‘Ì‘å‚È‚Ç‚ª€XŒˆŸ‚Ö,https://news.yahoo.co.jp/articles/54350239dedf7562ddb0c360dd11348ae52bd6c6,2023/11/30(–Ø) 18:56
getsuv,ŒŠ§ƒoƒŒ[ƒ{[ƒ‹,yƒoƒŒ[z‘S“ú–{ƒCƒ“ƒJƒŒ—q@“Œ“ú–{ƒCƒ“ƒJƒŒ—‰¤‚Ì“ú–{‘Ì‘å‚ğ‰º‚µ‚½–¾ŠC‘å‚â“ŒŠC‘å‚È‚Ç‚ªƒxƒXƒg8‚Éio,https://news.yahoo.co.jp/articles/590b9e9c405fe94813f344ba6e4bbb7a766a5cb2,2023/11/30(–Ø) 18:22
getsuv,ŒŠ§ƒoƒŒ[ƒ{[ƒ‹,yƒoƒŒ[z‘S“ú–{ƒCƒ“ƒJƒŒ—q2‰ñíŒ‹‰Ê@˜A”e‚ğ–Úw‚·“ŒŠC‘å‚â’}”g‘å‚È‚Ç‚ª3‰ñí‚Ö,https://news.yahoo.co.jp/articles/76cbca9744cc257e11c948759dd1304172fda335,2023/11/29(…) 18:19
getsuv,ŒŠ§ƒoƒŒ[ƒ{[ƒ‹,yƒoƒŒ[z‘S“ú–{ƒCƒ“ƒJƒŒ’jq2‰ñí@lŠ¥‚ğ‘_‚¤‘ˆî“c‘åA‘O‰ñ‘å‰ï‰¤Ò’}”g‘å‚È‚Ç‚ªƒxƒXƒg16‚Éio,https://news.yahoo.co.jp/articles/495a324b1872e098c814b48e45ab2d07b4534efe,2023/11/29(…) 17:37
getsuv,ŒŠ§ƒoƒŒ[ƒ{[ƒ‹,yƒoƒŒ[z‘S“ú–{ƒCƒ“ƒJƒŒ’jq@‘ˆî“c‘åA“ú–{‘Ì‘å‚È‚Ç‚ªŸ‚¿ã‚ª‚èA¼“ú–{ƒCƒ“ƒJƒŒ‰¤Ò‚Ìˆ¤’mŠw‰@‘å‚ÍŒcœä‹`m‘å‚É”s‚ê‚é,https://news.yahoo.co.jp/articles/95ba97e7311d92bc8629de784cd826dacf6f84d5,2023/11/28(‰Î) 21:29
getsuv,ŒŠ§ƒoƒŒ[ƒ{[ƒ‹,yƒoƒŒ[z‘S“ú–{ƒCƒ“ƒJƒŒ—q1‰ñí‚ªI—¹@’}”g‘åA“ŒŠC‘å‚È‚Ç‚ÌƒV[ƒhZ‚ªŸ‚¿ã‚ª‚é,https://news.yahoo.co.jp/articles/8f8290c415687bc1f821d637c2897f66589d964a,2023/11/28(‰Î) 20:39
getsuv,ŒŠ§ƒoƒŒ[ƒ{[ƒ‹,yƒoƒŒ[zƒUƒ€ƒXƒg‚ªV1—q‚Ìé‹Êã”ö‚Æƒp[ƒgƒi[ƒVƒbƒvŒ_–ñ‚ğ’÷Œ‹,https://news.yahoo.co.jp/articles/52a6444542211fd060e50ffc2ef168e36a5d38bb,2023/11/28(‰Î) 16:47
getsuv,ŒŠ§ƒoƒŒ[ƒ{[ƒ‹,yƒoƒŒ[zVƒŠ[ƒO@V3—q‚ªŠJ–‹‚µAV‹KQ“ü‚Ì‘q•~‚ÆƒJƒmƒA‚ª˜AŸ,https://news.yahoo.co.jp/articles/e74fde10f5c53ec4aee9a16d774354690f6ee824,2023/11/28(‰Î) 15:59
getsuv,ŒŠ§ƒoƒŒ[ƒ{[ƒ‹,yƒoƒŒ[zîà‹´—•‚ªŠˆ–ô‚µ‚½‡‚Å•‰@Œy“x‚Ì‹Ø“÷‘¹‚Å10“ú’ö“x‚Ì‹x—{‚ª•K—v,https://news.yahoo.co.jp/articles/be330beb26e0571b410052a057ee3c9f487669ec,2023/11/28(‰Î) 14:34
getsuv,ŒŠ§ƒoƒŒ[ƒ{[ƒ‹,yƒoƒŒ[zVƒŠ[ƒOV1—q@ñˆÊU–hí‚ÍJT‚ª‹vŒõ‚ÉŸ—˜,https://news.yahoo.co.jp/articles/4f5f43e286e776a580fe76005e82a74986bb18ca,2023/11/28(‰Î) 11:51
getsuv,ŒŠ§ƒoƒŒ[ƒ{[ƒ‹,yƒoƒŒ[zVƒŠ[ƒOV1’jqA@ñˆÊƒTƒ“ƒgƒŠ[‚ª˜AŸ‚ÅñˆÊ‚ğƒL[ƒv,https://news.yahoo.co.jp/articles/ec431f1364d865053e17bee579f7400549ca17c2,2023/11/28(‰Î) 11:50
getsuv,ŒŠ§ƒoƒŒ[ƒ{[ƒ‹,yƒoƒŒ[z230‡oê‹L”OƒCƒ“ƒ^ƒrƒ…[ Â–ö‹ŒÃié‹Êã”öƒƒfƒBƒbƒNƒXj,https://news.yahoo.co.jp/articles/f225f1d7d182b1f283f1c7785fb02dabd6ea78b8,2023/11/28(‰Î) 11:04
getsuv,ŒŠ§ƒoƒŒ[ƒ{[ƒ‹,y‘S“ú–{ƒCƒ“ƒJƒŒ2023ƒvƒŒƒrƒ…[z’jq‚Í‘ˆî“c‘å‚ğ²‚É¬í‚Ì—\Š´B—q‚Í“ŒŠC‘å‚Æ’}”g‘å‚ğ’†S‚Æ‚µ‚½‘ˆ‚¢‚©HyƒoƒŒ[z,https://news.yahoo.co.jp/articles/494f0ea306df7fa90254245a7d5d9f026919dd58,2023/11/28(‰Î) 9:56
getsuv,ŒŠ§ƒoƒŒ[ƒ{[ƒ‹,Îì—SŠó‚Ìƒ~ƒ‰ƒm‚ÍCEVƒJƒbƒv‰í‚ÉŸ—˜Aîà‹´‚ÍƒsƒAƒ`ƒFƒ“ƒcƒ@‚ÉŸ—˜yŠCŠOƒŠ[ƒOŠ‘®“ú–{‘ã•\‘IèE11/20`26z,https://news.yahoo.co.jp/articles/1a2f8591612bd42a7a6849235a996808ca66ae97,2023/11/27(Œ) 19:24
getsuv,ŒŠ§ƒoƒŒ[ƒ{[ƒ‹,yƒoƒŒ[z“ú—§Astemo@îà‹´ê£‚Æ‰ª•”‰¹‚Ì‰Á“ü‚ğ”­•\,https://news.yahoo.co.jp/articles/63ea1b183d537f2f87343a40043f40132220c667,2023/11/27(Œ) 16:16
getsuv,ŒŠ§ƒoƒŒ[ƒ{[ƒ‹,yƒoƒŒ[zu‚Ü‚¾I‚í‚Á‚Ä‚È‚¢v--‹{•”—•—œ‚ª2”N‘O‚Ì‘S•Ä‘åŠw‘IèŒ ‚Å”­‚µ‚½Œ¾—t‚Ì^ˆÓB‘S“ú–{ƒCƒ“ƒJƒŒ‚ª27“úŠJ–‹,https://news.yahoo.co.jp/articles/5d1681840bb74564066fab411da9f2d41ae8a104,2023/11/27(Œ) 11:40
getsuv,ŒŠ§ƒoƒŒ[ƒ{[ƒ‹,yƒoƒŒ[z’jq‚Í¯éA—q‚Í‰oê‚Ì¡¡¸‰Ø‚È‚Ç‚ª–{íoê@t‚Ì‚ZƒoƒŒ[—\‘I‚ª‚·‚×‚ÄI—¹y11/23EoêZˆê——z,https://news.yahoo.co.jp/articles/807813168ba76cd8b1519dd5c6b6ae068580556a,2023/11/25(“y) 8:10
getsuv,ŒŠ§ƒoƒŒ[ƒ{[ƒ‹,yƒoƒŒ[zu‚±‚Ì“ú‚Ì‚½‚ß‚É‚â‚Á‚Ä‚«‚½v—Œ“ì‚‚ª5”N‚Ô‚è‚Ì—DŸ ‘S‘€—DŸ2“x‚Ì“ŒR‚‚Í—Ü‚Ì”s‘Şy‹“s•{t‚—\‘IŒˆŸi’jqjƒŒƒ|[ƒgz,https://news.yahoo.co.jp/articles/f323a1dd96f232024bdbdc5968bce5fe43e29681,2023/11/24(‹à) 18:32
getsuv,ŒŠ§ƒoƒŒ[ƒ{[ƒ‹,yƒoƒŒ[zU17—q“ú–{‘ã•\Œó•â‚ª‹­‰»‡h‚ğÀ{@ƒAƒWƒAU16—qMVP‚Ì”nê—MŠó‚ç18l‚ªQ‰Á,https://news.yahoo.co.jp/articles/6161fa43bd49315a21c04bf668813e4397613551,2023/11/24(‹à) 17:31
getsuv,ŒŠ§ƒoƒŒ[ƒ{[ƒ‹,yƒoƒŒ[z–²‚Ì•‘‘ä@¢ŠE‚É‹¿‚«“n‚éHIKOƒR[ƒ‹ `ƒ`ƒFƒRƒŠ[ƒO‰’§í‚Ì¡‘º‹M•F`,https://news.yahoo.co.jp/articles/ed28f7b8801137d07b2902db8365ff106675c23f,2023/11/23(–Ø) 12:08
getsuv,ŒŠ§ƒoƒŒ[ƒ{[ƒ‹,yƒoƒŒ[zƒAƒWƒA‚ğ§‚µ‚½ƒTƒ“ƒgƒŠ[‚ªoê‚·‚é¢ŠEƒNƒ‰ƒu’jq‘IèŒ  12Œ6“úŠJ–‹,https://news.yahoo.co.jp/articles/83c04ac7f2a9ffb93222eca93dbe1ef712ea8068,2023/11/22(…) 21:08
getsuv,ŒŠ§ƒoƒŒ[ƒ{[ƒ‹,yƒoƒŒ[zWD–¼ŒÃ‰®@…’¬‘×“m‚Ì‰Á“ü‚ğ”­•\,https://news.yahoo.co.jp/articles/30ca33d8e9e9a674092c5f441023a4bada26d8ad,2023/11/22(…) 20:53
getsuv,ŒŠ§ƒoƒŒ[ƒ{[ƒ‹,yƒoƒŒ[zƒWƒFƒCƒeƒNƒg@–{ŠÔ—²‘¾‚ªVƒŠ[ƒO230‡oê‚ğ’B¬,https://news.yahoo.co.jp/articles/0eac1c1371e344773f69cdcd1940b29b7809ce07,2023/11/21(‰Î) 20:36
getsuv,ŒŠ§ƒoƒŒ[ƒ{[ƒ‹,yƒoƒŒ[zVƒŠ[ƒOV1—q é‹Êã”ö‚·‚×‚ÄƒXƒgƒŒ[ƒg‚Å6˜AŸ,https://news.yahoo.co.jp/articles/f14defb4723efa8178e636d035769863ad10e03d,2023/11/21(‰Î) 17:30
getsuv,ŒŠ§ƒoƒŒ[ƒ{[ƒ‹,yƒoƒŒ[zVƒŠ[ƒO@V1’jq‚Íƒ”ƒHƒŒƒAƒX‚ªV1‰Ÿ—˜‚ÉŠ½Šì,https://news.yahoo.co.jp/articles/065cb9cec2e9b32abbfc055672a8b7bef6d3e8c2,2023/11/21(‰Î) 12:26
getsuv,ŒŠ§ƒoƒŒ[ƒ{[ƒ‹,yƒoƒŒ[zt‚Ì‚ZƒoƒŒ[—\‘I‚ÍI”Õí‚Ö ’jq‚Í—Œ“ì‚âIH—DŸ‚Ìx‘äŠw‰€A—q‚Í‰p–¾‚âŒ»İ“ñŠ¥‚Ì‰º–k‘ò¬“¿‚È‚Ç‚ª–{íoê‚ğŒˆ‚ß‚é yoêZˆê——E11/13`11/19z,https://news.yahoo.co.jp/articles/571a35dd8fbd4abe551e190c920afc3f98dc7163,2023/11/21(‰Î) 11:10
getsuv,ŒŠ§ƒoƒŒ[ƒ{[ƒ‹,yƒoƒŒ[zx‘äŠw‰€‚ “Vc”tŠÖ“ŒƒuƒƒbƒNƒ‰ƒEƒ“ƒh“Ë”j‚Ì—§–ğÒ ì–ì‘ô–~–x“à°ãÄu‚±‚Ì‘å‰ï‚ÅŸ‚Ä‚½‚Ì‚Í‚±‚ê‚©‚çæ‚Ì•ó•¨‚Év,https://news.yahoo.co.jp/articles/fd2d6d9f941227eb2a897d3066764f5fabf44800,2023/11/18(“y) 12:30
getsuv,ŒŠ§ƒoƒŒ[ƒ{[ƒ‹,yƒoƒŒ[z‰º–k‘ò¬“¿‚2”N¶ƒG[ƒX‘Î’k ƒCƒF[ƒ‚ƒ“ ƒ~ƒƒ~Œã“¡ƒrƒrƒAƒ“ˆ¤‰¹@‘S‘“ñŠ¥‚É‚à–S‚Í‚È‚µ,https://news.yahoo.co.jp/articles/db6c24a54f454b524d4aec5a6faa3d296b87983a,2023/11/18(“y) 11:53
getsuv,ŒŠ§ƒoƒŒ[ƒ{[ƒ‹,yƒoƒŒ[z‘S‘€—DŸ2“x‚Ì“ŒR‚vs.‹­—Íƒ_ƒuƒ‹ƒG[ƒX‚ğ—i‚·‚é—Œ“ì‚ ’jqŒˆŸ‚Í‘S‘‹üw‚ÌƒnƒCƒŒƒxƒ‹‚Èí‚¢‚Éy‹“s•{t‚—\‘Ii’jqjz,https://news.yahoo.co.jp/articles/45584ec9d4ff4448fb3120a08f0d65ace8e055d8,2023/11/18(“y) 9:44
getsuv,ŒŠ§ƒoƒŒ[ƒ{[ƒ‹,yƒoƒŒ[zŸ‚Á‚Ä‚à¸Ši‚Ì‚È‚¢VƒŠ[ƒOB2•”ƒ`[ƒ€‚ª—Õ‚Ş¡‹G‚ÌÅ“_‚Æ–¾‚©‚µ‚½‹¹‚Ì“à‚Ì”X,https://news.yahoo.co.jp/articles/475f139cf0a52ddfbd404d8da8db9f2ea9c4e9eb,2023/11/17(‹à) 17:30
getsuv,ŒŠ§ƒoƒŒ[ƒ{[ƒ‹,yƒoƒŒ[z‘S‘“ñŠ¥‚Ö ‘‘Ì‰¤Ò‚Ì‚ìŠw‰€‚‚ªu‚Ù‚Ú100“_v‚Ì—\‘I“Ë”jyRŒûŒ§t‚—\‘Ii’jqjŒˆŸƒŒƒ|[ƒgz,https://news.yahoo.co.jp/articles/1a3ff1146e6358cf2686541824bceeab6421aec0,2023/11/16(–Ø) 17:01
getsuv,ŒŠ§ƒoƒŒ[ƒ{[ƒ‹,yƒoƒŒ[zƒCƒ“ƒ^[ƒnƒC—\‘I”s‘Ş‚Ì“Œ•Ÿ‰ª‚‚ªƒŠƒxƒ“ƒW ‘S‘8‹­‚Ì•Ÿ‰ª‘å•‘åŠ‚Í–{íoê‚È‚ç‚¸y•Ÿ‰ªŒ§t‚—\‘Ii’jqjŒˆŸƒŒƒ|[ƒgz,https://news.yahoo.co.jp/articles/f261b0cf9cd8e54b437c8ebd1c95e69022a174c6,2023/11/16(–Ø) 11:55
getsuv,ŒŠ§ƒoƒŒ[ƒ{[ƒ‹,‘S“ú–{ƒCƒ“ƒJƒŒ‹LÒ”­•\@…’¬‘×“mi‘ˆî“c‘åj‚ç4”N¶‚ªƒ^ƒCƒgƒ‹‚ÖˆÓ‹C‚İ,https://news.yahoo.co.jp/articles/78c4dde37b5147e7465b36b33904f79ba726adc8,2023/11/15(…) 20:31
getsuv,ŒŠ§ƒoƒŒ[ƒ{[ƒ‹,yƒoƒŒ[zƒWƒFƒCƒeƒNƒg@–@­‘å‚Ì‚‹´Œc”¿A’†‰›‘å‚Ì“¡Œ´’¼–ç‚Ì‰Á“ü‚ğ”­•\,https://news.yahoo.co.jp/articles/b9ef7dfddf4b66701a93a1199431fb6ca8aba587,2023/11/15(…) 17:32
getsuv,ŒŠ§ƒoƒŒ[ƒ{[ƒ‹,yƒoƒŒ[zt‚Ì‚ZƒoƒŒ[—\‘IŠJÃ’† ’jq‚Í‰ª’JHA“Œ•Ÿ‰ªA—q‚ÍAÀA½‰p‚È‚Ç‚ª–{íoê‚ğŒˆ‚ß‚é yoêZˆê——E11/6`11/12z,https://news.yahoo.co.jp/articles/e97ee444df2c07e3b99c43da3cee85a4793aa4d8,2023/11/15(…) 16:26
getsuv,ŒŠ§ƒoƒŒ[ƒ{[ƒ‹,yƒoƒŒ[zVƒŠ[ƒOƒWƒ…ƒjƒA‘IèŒ ‘å‰ï@—DŸ‚Í’jqWOLFDOGS–¼ŒÃ‰®U-14A—qƒeƒBƒ‹ƒ}[ƒŒƒWƒ…ƒjƒA,https://news.yahoo.co.jp/articles/57b2f88d10244529aa8c8d09a7cead0d8923ca90,2023/11/15(…) 14:27
getsuv,ŒŠ§ƒoƒŒ[ƒ{[ƒ‹,yƒoƒŒ[zƒoƒŒ[ƒ{[ƒ‹‚ğn‚ß‚é“K³”N—î‚ÍH “Œ‹GBŠÄ“Â‚Æƒpƒhƒ”ƒ@‚Ìˆç¬ƒR[ƒ`‚ªŒê‚éá”N‘w‚Ö‚Ìw“±˜_,https://news.yahoo.co.jp/articles/55dc814835c1cd0b5da0bc897e58bf2f1d5c0477,2023/11/14(‰Î) 17:46
getsuv,ŒŠ§ƒoƒŒ[ƒ{[ƒ‹,yƒoƒŒ[zVƒŠ[ƒO@V1’jq‚ÍWD–¼ŒÃ‰®‚ÆJTL“‡‚ª˜AŸ,https://news.yahoo.co.jp/articles/bd0603c9bf85e3cdaca01ad5a057d5f2b86ec852,2023/11/13(Œ) 17:39
getsuv,ŒŠ§ƒoƒŒ[ƒ{[ƒ‹,yƒoƒŒ[zVƒŠ[ƒOV1—q ‰õ‘–‚·‚éJT‚ªŠJ–‹‚©‚ç‚Ì˜AŸ‚ğ8‚É,https://news.yahoo.co.jp/articles/48a54637a78c4d4e45c350dd36ea950aa0334957,2023/11/13(Œ) 17:13
getsuv,ŒŠ§ƒoƒŒ[ƒ{[ƒ‹,yƒoƒŒ[zÎì—SŠó‚Ìƒ~ƒ‰ƒm‚ª¡‹G‰Ÿ—˜@îà‹´—•A‹{‰YŒ’l‚ÍMVPŠl“¾ yŠCŠOƒŠ[ƒOŠ‘®“ú–{‘ã•\‘IèE11/7`12z,https://news.yahoo.co.jp/articles/1ab85be5001aaec1a2f3b386cf5282cdc651f761,2023/11/13(Œ) 12:26
getsuv,ŒŠ§ƒoƒŒ[ƒ{[ƒ‹,yƒoƒŒ[z•Ÿ‰ª‘å•‘åŠ‚‚ªƒCƒ“ƒ^[ƒnƒCŒ§—\‘I‚É‘±‚­—DŸ‚©A“Œ•Ÿ‰ª‚‚ÌƒŠƒxƒ“ƒW‚© Œƒí•KŠ‚Ì•Ÿ‰ªŒ§t‚—\‘IŒˆŸ,https://news.yahoo.co.jp/articles/3f4d449b77e8f3dbb8041f745c1af970690c6354,2023/11/11(“y) 9:45
getsuv,ŒŠ§ƒoƒŒ[ƒ{[ƒ‹,yƒoƒŒ[zgƒr[ƒXƒgƒ‚[ƒhh‘SŠJ! ƒ”ƒHƒŒƒAƒX’£ˆçè‚ª‰‚ÌV1‚Å•ø‚­v‚¢u‚±‚±‚É‚¢‚ç‚ê‚é‚Ì‚ªK‚¹‚Å‚·v,https://news.yahoo.co.jp/articles/703a5876bb9335f9edbef07a7b3a5e403c7fd0ed,2023/11/10(‹à) 17:10
getsuv,ŒŠ§ƒoƒŒ[ƒ{[ƒ‹,yƒoƒŒ[zt‚Ì‚ZƒoƒŒ[@‘S‘Še’n‚Å—\‘IŠJÃ’†yoêZˆê——E10/30`11/5z,https://news.yahoo.co.jp/articles/e66a162f382b6e4602bf7900360df2f92835e3c6,2023/11/10(‹à) 15:16
getsuv,ŒŠ§ƒoƒŒ[ƒ{[ƒ‹,yƒoƒŒ[z‘S“ú–{ƒCƒ“ƒJƒŒ‘g‚İ‡‚í‚¹‚ªŒˆ’è@‘æ1ƒV[ƒh‚Í’jq‚ª‘ˆî“c‘åA—q‚Í’}”g‘å,https://news.yahoo.co.jp/articles/435b0c4a4bcd2260e4f24a112b00d29467fba136,2023/11/9(–Ø) 18:09
getsuv,ŒŠ§ƒoƒŒ[ƒ{[ƒ‹,yƒoƒŒ[zîà‹´—•‚Ìƒ‚ƒ“ƒcƒ@‚ªƒ‚ƒfƒi‚ğƒXƒgƒŒ[ƒg‚Å‰º‚· yŠCŠOƒŠ[ƒOŠ‘®“ú–{‘ã•\‘IèE10/30`11/6z,https://news.yahoo.co.jp/articles/b3075f6c063d104fd48660078599e47faa8d4b7f,2023/11/7(‰Î) 19:49
getsuv,ŒŠ§ƒoƒŒ[ƒ{[ƒ‹,yƒoƒŒ[zVƒŠ[ƒO@V3’jq‚ªŠJ–‹@V‰Á“üF­™“‡‚ª˜AŸ,https://news.yahoo.co.jp/articles/75461cd492b33950a5db8e2b97a72011a0b9d7b4,2023/11/7(‰Î) 16:52
getsuv,ŒŠ§ƒoƒŒ[ƒ{[ƒ‹,yƒoƒŒ[zVƒŠ[ƒO@V2’jq‚ªŠJ–‹@ƒz[ƒ€‚Ì–kŠC“¹YS‚Æé‹Ê‚ª‚Æ‚à‚É˜AŸƒXƒ^[ƒg,https://news.yahoo.co.jp/articles/53cd436d081769b3c82a807938db7d947179d3bc,2023/11/7(‰Î) 16:41
getsuv,ŒŠ§ƒoƒŒ[ƒ{[ƒ‹,yƒoƒŒ[zVƒŠ[ƒO@V2—q‚ÍŒF–{‚ªƒz[ƒ€ƒQ[ƒ€‚Å¡‹G‰Ÿ—˜,https://news.yahoo.co.jp/articles/dd932381d24885234a018bea47a5e0de507283d4,2023/11/7(‰Î) 16:31
getsuv,ŒŠ§ƒoƒŒ[ƒ{[ƒ‹,yƒoƒŒ[z‘å•ªOD@‹v•Û“c‰ël‚ªVƒŠ[ƒO‰h—_Ü‚Ì•\²Šî€‚É“’B,https://news.yahoo.co.jp/articles/789b55606d9a88f4a0e274bad20563e708fba592,2023/11/6(Œ) 17:05
getsuv,ŒŠ§ƒoƒŒ[ƒ{[ƒ‹,VƒŠ[ƒO@V1—q‚ÍJT‚ªŠJ–‹6˜AŸA‹vŒõ‚ÆNEC‚ª1”s‚Å‘±‚­,https://news.yahoo.co.jp/articles/3584980c0348c0dbe04d8143722ee0a9904aac75,2023/11/6(Œ) 15:14
getsuv,ŒŠ§ƒoƒŒ[ƒ{[ƒ‹,yƒoƒŒ[zVƒŠ[ƒO@V1’jq‚Íƒpƒiƒ\ƒjƒbƒN‚ªŠJ–‹6˜AŸ‚ÅñˆÊ,https://news.yahoo.co.jp/articles/43637f9d70ac432f565bb60368f1eff8beb8d45b,2023/11/6(Œ) 15:01
getsuv,ŒŠ§ƒoƒŒ[ƒ{[ƒ‹,yƒoƒŒ[z—ß˜a5”N“x“Vc”tEc@”t‘S“ú–{‘IèŒ ‘å‰ïƒtƒ@ƒCƒiƒ‹ƒ‰ƒEƒ“ƒh‚Ìoêƒ`[ƒ€‚Æ‘g‚İ‡‚í‚¹‚ªŒˆ’è,https://news.yahoo.co.jp/articles/ad989b5af3f348a803ced5e9011ab6b9ce03b470,2023/11/5(“ú) 8:30
