media_en,media_jp,title_articles,link_articles,date_original
nikkeisty,THE NIKKEI MAGAZINE,越後妻有と佐渡島、新潟の2つの芸術祭に注目！アートを介して地域の文化に浸る,https://news.yahoo.co.jp/articles/7ea8047811919e7d48f65f0e88478f582cd210d3,9/21(土) 10:02
nikkeisty,THE NIKKEI MAGAZINE,ジャケット、ニューヨーク流でオン・オフ自在に　マイケル・コース コレクションから,https://news.yahoo.co.jp/articles/1c30451d46d019dc216bf6509eae967bac6f7613,9/20(金) 6:03
nikkeisty,THE NIKKEI MAGAZINE,「ハウスチェック」でおなじみ、英王室愛用のダックス　130周年で記念アイテムも,https://news.yahoo.co.jp/articles/ff4ebf68495e7c631dcc5a0716e105a4f8d1e947,9/19(木) 6:03
nikkeisty,THE NIKKEI MAGAZINE,「2足目」の革靴、Uチップ・厚底がおすすめ　パラブーツやフラテッリ ジャコメッティの逸品,https://news.yahoo.co.jp/articles/aa531a2792ef1b2f9bb2c24b5c5ef57293921b0d,9/18(水) 6:03
nikkeisty,THE NIKKEI MAGAZINE,最高の蜂蜜とレモンで作るカクテル、シンプルにおいしさ追求　ザ・リッツ・カールトン東京,https://news.yahoo.co.jp/articles/7edf9cb780c045a23dc63bbc997c83310ea33e4b,9/17(火) 6:02
nikkeisty,THE NIKKEI MAGAZINE,フォーシーズンズホテル大阪、圧巻は水の都の眺望　トマトメインの広東料理レストランも,https://news.yahoo.co.jp/articles/fa5da8e8687a653136486451f46c19ab96a5a4ce,9/13(金) 6:03
nikkeisty,THE NIKKEI MAGAZINE,あなたの会社は何色？ コーポレートカラーに込めた願い　主流は赤・青、緑が急伸,https://news.yahoo.co.jp/articles/982d135c1ef1bfcc6d4062b64531fe73874266be,9/12(木) 6:03
nikkeisty,THE NIKKEI MAGAZINE,マックスマーラ、アディアム…旅に出張に万能セットアップはニットで　美フォルムの7選,https://news.yahoo.co.jp/articles/6b36107674f5f29cb12347d2aa590012e69db28f,9/11(水) 6:03
nikkeisty,THE NIKKEI MAGAZINE,ルイ・ヴィトンの時計、新作「エスカル」は美しいシンプル3針　匠の技で輝く,https://news.yahoo.co.jp/articles/823584b76ad7146cfaf263083aa437d0ae51f57a,9/10(火) 6:04
nikkeisty,THE NIKKEI MAGAZINE,「ロエベ」の巧みなスタイル、服とバッグのマリアージュ　職人技に浸る,https://news.yahoo.co.jp/articles/84f3ac268128bf4ce9432b29bf1c41382daa6f7d,9/9(月) 6:02
nikkeisty,THE NIKKEI MAGAZINE,世界で人気のカクテル「ネグローニ」　和風にしてみたら…外国人にも大好評　ザ・キャピトルホテル東急,https://news.yahoo.co.jp/articles/1f3eca4d2dff7b5802230b35697b2521cfcbf9ac,9/5(木) 6:04
nikkeisty,THE NIKKEI MAGAZINE,大人気！ハリー・ウィンストンの「リリークラスター」で考える　ダイヤモンドコーデの正解,https://news.yahoo.co.jp/articles/b30db1f6b6b0cda61a847346d0c551d9cd965326,9/4(水) 6:04
nikkeisty,THE NIKKEI MAGAZINE,トゥミのカジュアルバッグがすごい　注目はロードバイク用、テニス用やヨガ用も,https://news.yahoo.co.jp/articles/675b59c157e7d394153ae0c00504077a787fb41a,9/3(火) 6:00
nikkeisty,THE NIKKEI MAGAZINE,中国産の高級ワイン、その実力は？ 濃厚な赤には「ボルドー級」の評価も,https://news.yahoo.co.jp/articles/46b15efc2e6d00ce6fd0abf37c4bf7f97b40dfcb,9/2(月) 6:02
nikkeisty,THE NIKKEI MAGAZINE,ディオールがメンズ向けイベント　「仕立て」に焦点、セミオーダー受注も,https://news.yahoo.co.jp/articles/31f495c54ba513695e4b8a01274303530cd5b53e,8/31(土) 10:04
nikkeisty,THE NIKKEI MAGAZINE,「日本車王国」タイに迫る中国EVの影　カフェ文化も独特、バンコク探訪記,https://news.yahoo.co.jp/articles/64fb556d982519d2759e4570ad65f629125c2175,8/30(金) 6:04
nikkeisty,THE NIKKEI MAGAZINE,阿部一二三、本当の「おしゃれ好き」が伝わる着こなし　柔道もファッションも一本勝ち,https://news.yahoo.co.jp/articles/6e05d0b8fe208343116ccf056c1032bec1faa099,8/29(木) 6:03
nikkeisty,THE NIKKEI MAGAZINE,エッグベネディクトは米ヒルトン発祥、ではナポリタンは？ 「元祖」の3ホテル探訪,https://news.yahoo.co.jp/articles/1ff143bd1962f46bf070d0a05631a38f7fd363a2,8/28(水) 6:03
nikkeisty,THE NIKKEI MAGAZINE,2024-25年秋冬ファッション、キーワード6選　きちんと感×遊び心がコーデのカギ,https://news.yahoo.co.jp/articles/07881c92651097735af9ccd1298c1571c3cc6193,8/27(火) 6:05
nikkeisty,THE NIKKEI MAGAZINE,夏肌にクールビューティーのススメ！　清涼感で快適に＆ひんやりタイプも,https://news.yahoo.co.jp/articles/401dc984ad8e402da99f36327ef36123f14cc6b7,8/26(月) 12:03
nikkeisty,THE NIKKEI MAGAZINE,膝上ショートパンツのビジネスコーデ　パンプスやジャケットを合わせてドレッシーに,https://news.yahoo.co.jp/articles/31a1b3b2ea4ea5fc4f7739b2e2feac196e1bb1cd,8/26(月) 6:04
nikkeisty,THE NIKKEI MAGAZINE,シャネル「プルミエール サウンド」　時計でネックレスで…イヤホン！ 9月に限定販売,https://news.yahoo.co.jp/articles/359edf3e6f02825fa0aa84831674a6e7fa44c756,8/25(日) 10:00
nikkeisty,THE NIKKEI MAGAZINE,大人気ジレはこう着こなす！残暑が続く時期に大活躍　お仕事服ならベージュやブラウンを,https://news.yahoo.co.jp/articles/be1ab4722f62068362f814a0b2676cb0151aa946,8/23(金) 6:04
nikkeisty,THE NIKKEI MAGAZINE,手土産におすすめ…幸せ運ぶクリームパン、大きさにびっくり！ ザ・キャピトルホテル東急,https://news.yahoo.co.jp/articles/52210f6cf49c1398a414095feb9bba71e9b010f2,8/22(木) 6:03
nikkeisty,THE NIKKEI MAGAZINE,グッチのアイコン「バンブーバッグ」、人間国宝が手がけたら…銀座でユニーク展覧会,https://news.yahoo.co.jp/articles/05a5eef285a4081c5c43b5b5f4c008e762b9dbc3,8/21(水) 6:03
nikkeisty,THE NIKKEI MAGAZINE,話題のホテルで極上ランチ　パリ三つ星小林圭シェフのフレンチやテラスで楽しむグリル,https://news.yahoo.co.jp/articles/eb9ae82c5fbb2d0578b506a6acafd8bdab9d6d70,8/20(火) 6:04
nikkeisty,THE NIKKEI MAGAZINE,イメージカラーで振り返る都知事選　緑・紫は寄り添い示す複合色,https://news.yahoo.co.jp/articles/207291abb4f5e2cc57750abd4ec5a04bc9b96a19,8/19(月) 6:02
nikkeisty,THE NIKKEI MAGAZINE,フレグランス、エシカルでクリーンな香りが新潮流に　サステナビリティーも重視,https://news.yahoo.co.jp/articles/68b8b798e395016656d0f84c3fb8dc2186be111b,8/16(金) 6:02
nikkeisty,THE NIKKEI MAGAZINE,パリ気分を満喫！ディオール、シャネル、エルメス…秋冬向け最新小物,https://news.yahoo.co.jp/articles/2a4f27300f428211482b84769032c5f3d1249d79,8/15(木) 6:03
nikkeisty,THE NIKKEI MAGAZINE,ビジネスシーンに無地Tシャツ　おしゃれな黒一色コーデ、コットンは卒業,https://news.yahoo.co.jp/articles/c10c8bd0b28a48564c689081a84ad17007f2dd6c,8/14(水) 6:02
nikkeisty,THE NIKKEI MAGAZINE,桜の名所・御殿山で生まれた「日本のカクテル」 東京マリオットホテル,https://news.yahoo.co.jp/articles/07911a6505e3451b5aaf4222b8686166a317cd71,8/13(火) 6:03
nikkeisty,THE NIKKEI MAGAZINE,猛暑に食べたいひんやりテリーヌ　ハモ、アワビ…「断面萌え」も食欲刺激,https://news.yahoo.co.jp/articles/f1709ec401c632c6a7df407e55119897cd3b463c,8/12(月) 6:00
nikkeisty,THE NIKKEI MAGAZINE,四角いクロワッサンの秘密、美味クリームとサクサク食感を両立　東京マリオットホテル,https://news.yahoo.co.jp/articles/387f0f9b418a29c0ddb983f36e9346a1c0aedb7e,8/11(日) 10:00
nikkeisty,THE NIKKEI MAGAZINE,カシオ、おしゃれな電子キーボード　コンパクトなのに広音域76鍵盤,https://news.yahoo.co.jp/articles/745bbd719a245668251b3881d2fc6c8fffae9fe4,8/10(土) 10:03
nikkeisty,THE NIKKEI MAGAZINE,中国発ジュエリー「キーリン」　東西融合のワクワク感、パンダやひょうたんがモチーフ,https://news.yahoo.co.jp/articles/c00430438306875e63dc3b38a40e0a92cbdd53a5,8/9(金) 6:04
nikkeisty,THE NIKKEI MAGAZINE,ひらまつ、星野リゾート、温故知新…涼とグルメを楽しむラグジュアリーな宿3選,https://news.yahoo.co.jp/articles/307fed676e73418868d70aacb9820688b66df7ef,8/8(木) 6:05
nikkeisty,THE NIKKEI MAGAZINE,シャネルの時計、新作は「クチュール＝仕立て」の世界観　遊びゴコロにワクワク,https://news.yahoo.co.jp/articles/73c82f5a89754fbebd9badec66f6fe20ddc120b3,8/7(水) 6:04
nikkeisty,THE NIKKEI MAGAZINE,「シャツイチ」をカッコよく　生地の風合い・色が決め手、カラーボタンはNG,https://news.yahoo.co.jp/articles/dc57142302c95ff0ba39dddd45ae3a43eed10a98,8/6(火) 6:04
nikkeisty,THE NIKKEI MAGAZINE,パリ五輪で注目　美食の館「トゥールダルジャン」、大改装でモダンに,https://news.yahoo.co.jp/articles/e5811dd13d56afd45857ac5dfb17c66dbd074cd7,8/5(月) 6:03
nikkeisty,THE NIKKEI MAGAZINE,サボン、シスレー…上質ハンドケア　時計が引き立つ美しい手元に,https://news.yahoo.co.jp/articles/e302d7ff8cc5d357d304cdc5b45cff7b4770fc69,8/4(日) 11:04
nikkeisty,THE NIKKEI MAGAZINE,マスクメロンづくし、天然氷のぜいたくかき氷　ホテルニューオータニ,https://news.yahoo.co.jp/articles/0214aec49000f7a9a30410d9b8e4778da90becd8,8/4(日) 10:00
nikkeisty,THE NIKKEI MAGAZINE,カリフォルニアワイン、サステナビリティー最先端の取り組み　環境でワイン離れ防ぐ,https://news.yahoo.co.jp/articles/e6e166e1e6640cea56455ebc02c52cb97446e665,8/3(土) 10:00
nikkeisty,THE NIKKEI MAGAZINE,ショパール、オメガ、ウブロ、ブライトリング…新作時計10選　文字盤の個性鮮烈,https://news.yahoo.co.jp/articles/9854a6e253f58263da2a6eb7714a9d616e7862d7,8/2(金) 6:04
nikkeisty,THE NIKKEI MAGAZINE,ロレックス、グランドセイコー、エルメス…新作時計6選　ドレス系に小径・薄型化の波,https://news.yahoo.co.jp/articles/b06d3d731064d2ccc95c199d34b060e1c73cc730,8/1(木) 6:03
nikkeisty,THE NIKKEI MAGAZINE,世界の高級・ユニークホテルが加盟する「ルレ・エ・シャトー」　高品質にお墨付きの秘密,https://news.yahoo.co.jp/articles/94a8d21bc6d04142f0c4b5c2d6c62fdbedfa19a3,7/31(水) 6:03
nikkeisty,THE NIKKEI MAGAZINE,パリ五輪開幕　フランス選手団が見せた「正装の美」　ベルルッティの職人技が支え,https://news.yahoo.co.jp/articles/f84560be840654d732bddb826401c9963148e1a1,7/30(火) 11:01
nikkeisty,THE NIKKEI MAGAZINE,ポロシャツ、ビジネスシーンに合うのは…「いつもの鹿の子」ではない選択,https://news.yahoo.co.jp/articles/efe6ef759af6cbb61fe040b4276d04906ab56f61,7/30(火) 6:04
nikkeisty,THE NIKKEI MAGAZINE,パリ五輪・パラ、公式計時のオメガ　阿部一二三選手ら日本人6選手がアンバサダーに,https://news.yahoo.co.jp/articles/dd5b2d69583af14db793838c36e6644df4756220,7/29(月) 17:50
nikkeisty,THE NIKKEI MAGAZINE,小池栄子、王道アメカジがカッコいい　「新宿野戦病院」のデニムファッションに注目,https://news.yahoo.co.jp/articles/6b660e181cb659159fcab8781a71cf9cafca18e1,7/29(月) 6:03
nikkeisty,THE NIKKEI MAGAZINE,復刻・原点回帰で注目の時計　ゼニス、カルティエ、ロンジン…老舗の「遺産」生かす,https://news.yahoo.co.jp/articles/172250dbf756cf85f167903aef499ddbfdf7bde3,7/28(日) 10:00
nikkeisty,THE NIKKEI MAGAZINE,強烈な紫外線、汗、皮脂…髪や地肌に過酷な季節でも負けない！　最新ヘアケアアイテム,https://news.yahoo.co.jp/articles/087e3798634838a61b23282103c4fd65f9963349,7/27(土) 10:00
nikkeisty,THE NIKKEI MAGAZINE,オールブラック時計の傑作5選　クールな存在感、ハイテクで実現,https://news.yahoo.co.jp/articles/050bd92537c5aa7dbc5c4db071e76c2438cae431,7/26(金) 6:04
nikkeisty,THE NIKKEI MAGAZINE,夏こそシックに…黒でまとめるコーデ　おすすめはざっくりニットとシアーシャツ,https://news.yahoo.co.jp/articles/f7f8ab0463b97a668aa786548fc97534a83880b6,7/25(木) 6:03
nikkeisty,THE NIKKEI MAGAZINE,パナマハット、サンダル、サングラス…夏を彩るおすすめ小物5選,https://news.yahoo.co.jp/articles/d1470ddb0539ef797f49c9bb25846cbe30663400,7/24(水) 6:03
nikkeisty,THE NIKKEI MAGAZINE,ヴァンクリ、シャネル、カルティエ…5ブランドの美しい「アイコン」ジュエリー,https://news.yahoo.co.jp/articles/d0bf6195e5363c57ba9ef6256e48ce02ac5d25ab,7/23(火) 6:02
nikkeisty,THE NIKKEI MAGAZINE,NY発「トム ブラウン」のトラッドは脱・常識　ひと味違うお仕事ルックに注目,https://news.yahoo.co.jp/articles/1040a9dbb3d6d0e274f0ca257efd3d5b11e28531,7/22(月) 6:03
nikkeisty,THE NIKKEI MAGAZINE,夏こそ…肌ケアで「結果を出す」コスメ　おすすめ洗顔料・ボディーケアアイテムも,https://news.yahoo.co.jp/articles/b617f897316b841b9317da4ea4a11e35e6e77780,7/21(日) 10:00
nikkeisty,THE NIKKEI MAGAZINE,旅を快適＆スタイリッシュに！ グッチやプラダ…おすすめスーツケース7選,https://news.yahoo.co.jp/articles/d425b7e9eac5cfc9d6c464469effae7cb36b92b4,7/20(土) 10:00
nikkeisty,THE NIKKEI MAGAZINE,伊豆・あさば、箱根・強羅花壇…憧れの高級旅館はどこが違う？　目指すは「一流の極み」,https://news.yahoo.co.jp/articles/2bd840e8791ab18326f4b7c3126039cbf25a481c,7/19(金) 6:05
nikkeisty,THE NIKKEI MAGAZINE,朝ドラ『虎に翼』、寅子の着物はなぜ「黄×赤」？　キャラの色には意味がある,https://news.yahoo.co.jp/articles/40801bee8bc3714384d9a9493322a3681a4cf717,7/18(木) 6:03
nikkeisty,THE NIKKEI MAGAZINE,レザーのiPhoneケースで躍進　イタリアの「ボナベンチュラ」、シンプルな洗練,https://news.yahoo.co.jp/articles/5683fdfb419218dc03293f5279066a378d2ad4da,7/17(水) 6:02
nikkeisty,THE NIKKEI MAGAZINE,TASAKI、エルメス、グッチ、ダミアーニ…夏の視線集める「主役級」ジュエリー,https://news.yahoo.co.jp/articles/aebd8c016cd73788b6e48b4450c08f9c965073c9,7/16(火) 6:02
nikkeisty,THE NIKKEI MAGAZINE,ブレゲ、フランクミュラー、ジャガー・ルクルト…夏コーデに加えたい時計8選,https://news.yahoo.co.jp/articles/e1638a03fb61a9d60ca0c6c4aa7e237df7b2ebbb,7/15(月) 10:00
nikkeisty,THE NIKKEI MAGAZINE,シアスター・ゲイツ「アフロ民藝」、フィリップ・パレーノ「この場所、あの空」　2つの個展,https://news.yahoo.co.jp/articles/d962a65908af3feb9f0be1cdb0d07b92bb0dc807,7/14(日) 10:00
nikkeisty,THE NIKKEI MAGAZINE,ファンデ、コンシーラー…最新ベースメイク18選　たちまち肌が見違える,https://news.yahoo.co.jp/articles/16c01c71d0556b0daa4430d523c4ed33a1fe2f59,7/13(土) 10:00
nikkeisty,THE NIKKEI MAGAZINE,「紳士の証し」エッティンガーの革小物　スマートさと品格、英国王のお墨付き,https://news.yahoo.co.jp/articles/dda10c5b63ec22468d6b50e0a94fbbbe976734a4,7/12(金) 6:04
nikkeisty,THE NIKKEI MAGAZINE,トロピカルカクテルの女王「マイタイ」の元祖は…答えはホテルニューオータニにあった！,https://news.yahoo.co.jp/articles/86e620da7e788923c035a1ca323756b3bbcf6c44,7/11(木) 6:03
nikkeisty,THE NIKKEI MAGAZINE,「世の中を変える服」　3つの柱を軸にBコープ認証も取得、CFCLのニットウエア革命,https://news.yahoo.co.jp/articles/2eee9a5e9c3eddce904e47b6df072753d00114f0,7/10(水) 6:04
nikkeisty,THE NIKKEI MAGAZINE,オフィスに夏ワンピ、甘さ封じる着こなしで涼しく　テイラー・スウィフトもお手本に,https://news.yahoo.co.jp/articles/76edfb5607dbfbe6ae6c55e861291a5151424d05,7/9(火) 6:03
nikkeisty,THE NIKKEI MAGAZINE,エルメス、フェラガモ、トッズ…上質レザーサンダルで夏の足元を「格上げ」,https://news.yahoo.co.jp/articles/3550fe552a7f3af98eceabc3dddeab6bb275178f,7/8(月) 6:01
nikkeisty,THE NIKKEI MAGAZINE,エルゴポック、アニアリ…夏の旅行に連れて行きたい 新作バッグ3選,https://news.yahoo.co.jp/articles/e00fdf7a5102d488384dbe5f72fa3c7abc446980,7/7(日) 10:00
nikkeisty,THE NIKKEI MAGAZINE,ワインの「国際資格」、もうソムリエだけのものじゃない　難関に挑戦する人々,https://news.yahoo.co.jp/articles/0906a64099f0ea00793692da1d98665497186476,7/6(土) 10:02
nikkeisty,THE NIKKEI MAGAZINE,セットアップ、「簡単にキマる」はずが…サイズ・インナー選びとコーデの落とし穴,https://news.yahoo.co.jp/articles/63af9428bb7add21b2e0634a962590bf778c63e1,7/5(金) 6:03
nikkeisty,THE NIKKEI MAGAZINE,人気のジュエリー、バランス誕生の秘密　TASAKI社長「真珠のタブーは気にしない」,https://news.yahoo.co.jp/articles/c1cadcae6a4a5bf3a2a54e26d554373eb9a9e513,7/4(木) 6:03
nikkeisty,THE NIKKEI MAGAZINE,鈴木亮平、『シティーハンター』で見せた衣装へのこだわりと原作愛　役作りは「デ・ニーロ流」,https://news.yahoo.co.jp/articles/c83bb7c01e4047a4b27b9e9abc9617b2036fd2b5,7/3(水) 6:03
nikkeisty,THE NIKKEI MAGAZINE,北海道・エスコンフィールドへ極上旅行　「大谷＆ダルビッシュ」特別ルームで野球観戦も,https://news.yahoo.co.jp/articles/d99137b49db360d32ec9f559e92e494adbe1115c,7/2(火) 6:03
nikkeisty,THE NIKKEI MAGAZINE,「オンオフ兼用」で選ぶ…初夏の軽量ジャケット　相性のいいレインコートも紹介,https://news.yahoo.co.jp/articles/13e4e7dc4e256dcdde7e8ed043dfcec2703e889e,7/1(月) 6:03
nikkeisty,THE NIKKEI MAGAZINE,それは「うるツヤ肌」の仕上がり　SUQQU、コスメデコルテ…先進の洗顔料8選,https://news.yahoo.co.jp/articles/180a2e2905aea676e009a33212c9fa3106cf3841,6/30(日) 10:00
nikkeisty,THE NIKKEI MAGAZINE,ヴァンクリとポメラートの「日常」ジュエリー　ダイヤモンド＆ゴールド輝くリング・ブレスレット…,https://news.yahoo.co.jp/articles/a5ab6c6cf5bbdf2bc8f54d12e47e24dd0aef9626,6/29(土) 10:00
nikkeisty,THE NIKKEI MAGAZINE,ぜいたくカレーパン、まるで「肉料理」　ホテルニューオータニ総料理長 自慢の1品,https://news.yahoo.co.jp/articles/984321860d1226f0f350746c8d9d3867542caac4,6/28(金) 6:03
nikkeisty,THE NIKKEI MAGAZINE,オメガ、ゼニス、ブレゲ…夏に映えるスポーティーな時計　新作8選,https://news.yahoo.co.jp/articles/dd898a257e83d61f91bdc64ac2d3226d55c99064,6/27(木) 6:04
nikkeisty,THE NIKKEI MAGAZINE,ビズスタイルが決まる　涼しげなジャケットとおしゃれなレインコート,https://news.yahoo.co.jp/articles/9088d638eae7056095b8b3037b89792e1df551f7,6/26(水) 6:02
nikkeisty,THE NIKKEI MAGAZINE,蒸し厚い時期にさらりと着たい　英ジョン スメドレーの「世界最高峰」ニット,https://news.yahoo.co.jp/articles/770316a7cd31879f532f95ac4cee76db4d093fe7,6/25(火) 6:04
nikkeisty,THE NIKKEI MAGAZINE,セリーヌ、トム フォード… 男女サングラス、個性を演出する旬の4本,https://news.yahoo.co.jp/articles/2a95bdc78de0ba9aa2eb75df93937f74984fa27a,6/24(月) 6:04
