media_en,title_articles,link_articles,date_original
saninchuo,【新型コロナ速報】出雲の児童施設でも、島根で新たにクラスター５件相次ぐ　３１日,https://news.yahoo.co.jp/articles/74a7bdb56b6585a1feb94b3abd63adccdbfbe90d,7/31(月) 18:39
saninchuo,ビデオレンタルショップを全裸で歩いた疑い、４６歳男を現行犯逮捕　警察到着時は着衣していたが・・・,https://news.yahoo.co.jp/articles/752c307b242a7cb14d934df87f6f7b184c248997,7/31(月) 18:27
saninchuo,高速道トンネルで追突事故、死亡男性の身元が判明,https://news.yahoo.co.jp/articles/f2cf678043600f4531d1a2624077b2d9a9ee451c,7/31(月) 18:14
saninchuo,【新型コロナ速報】鳥取の医療機関で新たに10人集団感染、31日,https://news.yahoo.co.jp/articles/2a75f1ddf6e211777171f08da08d75d4d68ad3a5,7/31(月) 17:27
saninchuo,鳥取市で火災　出火から４時間たっても鎮火せず,https://news.yahoo.co.jp/articles/6eda3d14658f52e5dcdf7a354c285e2753040ae2,7/30(日) 22:54
saninchuo,鳥取道で1人死亡　停車中に追突され,https://news.yahoo.co.jp/articles/debe4bdb3f55586a14e4b2b4e67953fd09bf2edd,7/30(日) 22:32
saninchuo,軽トラックと軽自動車が正面衝突　１人死亡　島根県奥出雲町の国道４３２,https://news.yahoo.co.jp/articles/35ab5b7dc270dc57ed77f97db148327b5d939db7,7/30(日) 20:40
saninchuo,「エンジンをかけたら火を噴き・・・」　係留中の遊漁船が全焼状態　鳥取県境港市,https://news.yahoo.co.jp/articles/485ee53207c3514880e409b3ffd67da39eef9561,7/30(日) 14:45
saninchuo,「９波といえば、９波にある」丸山島根知事、コロナ感染拡大で防止徹底を呼び掛け,https://news.yahoo.co.jp/articles/0eb935b77a74df7c02fa8029a9047d72d4eaae29,7/30(日) 6:00
saninchuo,子グマと特急列車が接触、線路わきに…,https://news.yahoo.co.jp/articles/ebff3b4bb2fc44e9ae5b914b1aa093e27eaea72c,7/30(日) 6:00
saninchuo,食べやすくなった高級マグロ　食卓を豊かに、知られざる調査員たちの奮闘,https://news.yahoo.co.jp/articles/2d1fe6609ab937cd13b695c0ce6734230b1a0bc9,7/30(日) 6:00
saninchuo,地盤軟弱で複合商業施設の開業延期　無印良品など入店　松江のキャスパル跡,https://news.yahoo.co.jp/articles/0412cffad4599ef3bae244b1f0981ebb36f83468,7/29(土) 11:55
saninchuo,落雷による停電　ＪＲ山陰線、倉吉－伯耆大山駅間の運転取り止め,https://news.yahoo.co.jp/articles/a4d9f40e19d8c9ba9cea4696ce30961fb76f0099,7/28(金) 23:06
saninchuo,山陰道安来－東出雲IC間の全線通行止め解除,https://news.yahoo.co.jp/articles/cff795f99903ae4a26bedab1a54bb188b2262111,7/28(金) 22:30
saninchuo,山陰道安来－東出雲ＩＣ間が全面通行止め,https://news.yahoo.co.jp/articles/1bc8b0e2b42c2b971ec7db9de5025534bdf281b0,7/28(金) 20:16
saninchuo,特殊詐欺防止のスペシャリストは超人気芸人の弟　警察がたたえる手腕,https://news.yahoo.co.jp/articles/b1016dd2a83410fdb17dad79da2d2937c981f547,7/28(金) 18:00
saninchuo,【新型コロナ速報】島根で新たにクラスター３件相次ぐ　２７日,https://news.yahoo.co.jp/articles/122d078b0dbd9c6cbe50b6ca4bf239c8f10003a7,7/27(木) 19:41
saninchuo,【新型コロナ速報】鳥取で新たに集団感染、倉吉の施設で１０人が　２７日,https://news.yahoo.co.jp/articles/5c806fda7fd090e4a518032e1ad67514101dbf4a,7/27(木) 19:39
saninchuo,高速道で高架下にワゴン車が転落、死亡した運転手の身元が判明,https://news.yahoo.co.jp/articles/15c424e8793acf73894b312688a81745d6dc986d,7/27(木) 18:52
saninchuo,島根の事務所で連続窃盗事件　宮崎と広島の男が関与、なぜ島根で　理由が・・・,https://news.yahoo.co.jp/articles/d229031ea07d1e2c469218e53943ac0c7a5b6d4e,7/27(木) 18:08
saninchuo,高速出口付近、ワゴン車が壁を乗り越え高架下に転落　1人が死亡,https://news.yahoo.co.jp/articles/a554d782265edfd85d96a378e008201b212e3134,7/27(木) 10:51
saninchuo,包丁を突きつけ「首を絞めるより、刺して殺した方が早いわ」と母親を脅した疑い、３９歳の男を逮捕,https://news.yahoo.co.jp/articles/28e1aa63833dbe26f6ab5c9265176e957db253a4,7/26(水) 21:55
saninchuo,【新型コロナ速報】医療機関で計３０人、鳥取で新たに４件の集団感染　　２６日,https://news.yahoo.co.jp/articles/490b77f208aa69372ecca5bedb8f5eda0d165b8f,7/26(水) 18:51
saninchuo,【新型コロナ速報】島根で新たにクラスター２件、医療機関でも　２６日,https://news.yahoo.co.jp/articles/f3d15542280b585584a0e6e06aaceebec9f5e5ac,7/26(水) 18:45
saninchuo,【続報】山陰道で車が転落、運転手は死亡　鳥取・赤碕中山IC付近,https://news.yahoo.co.jp/articles/b0bd6efbd98e30e62f7319aa200556ebc4b858a0,7/26(水) 15:01
saninchuo,立正大淞南１１年ぶりＶ　高校野球島根大会,https://news.yahoo.co.jp/articles/9d3491db41cd74c249cf947fc17cde6044145863,7/26(水) 14:27
saninchuo,【新型コロナ速報】鳥取で集団感染６件相次ぐ　保育園、こども園で相次ぐ　25日,https://news.yahoo.co.jp/articles/a79c245240d3045d03ad82229a77dc32ab901077,7/26(水) 7:20
saninchuo,【新型コロナ速報】島根で新たにクラスター4件　施設で16人　25日,https://news.yahoo.co.jp/articles/924c0bd5c8feb4efc4e3a370fb7a185bddb447af,7/26(水) 7:16
saninchuo,島根県江津市で民家全焼　隣家に類焼も,https://news.yahoo.co.jp/articles/69b20b414c0bc4755979e43313920ab9e299107f,7/25(火) 20:47
saninchuo,ガンダム描いたマンホールカード　松江市が２８日に無料配布,https://news.yahoo.co.jp/articles/4795abeed091e2c9dc58eb9509cf98ac299fa6ca,7/25(火) 19:17
saninchuo,【新型コロナ速報】鳥取で新たに集団感染５件、医療機関で１５人　２４日,https://news.yahoo.co.jp/articles/953dcea3c31a44c6529808337a99069a7a90d434,7/24(月) 22:38
saninchuo,【新型コロナ速報】島根の施設で５人クラスター　２４日,https://news.yahoo.co.jp/articles/f7248d22247f2e9b834cb5d4bdcf5d7d480af2d2,7/24(月) 22:35
saninchuo,夏の松江城下にかけ声響く　天神さん夏祭り,https://news.yahoo.co.jp/articles/f232c509be2c4a86b2097e80e1cf306dc11a6736,7/24(月) 21:30
saninchuo,「令和の怪物」伯桜鵬に地元から大声援　１０９年ぶり快挙逃すも「倉吉を一つにしてくれる宝だ」,https://news.yahoo.co.jp/articles/f35f45d7e6a2812ff9bf311ada15032ff31f6834,7/23(日) 20:15
saninchuo,「絶対に失うことがあってはならない」ローカル線の危機に元大手出版社の編集者動く　ここまでするか、唯一無二の鉄道風景を残すために考えたこと,https://news.yahoo.co.jp/articles/44397bf02d1337e34b24a146442458c730047179,7/23(日) 6:00
saninchuo,チャットGPTは夏休みの宿題に向かない、生徒が実証？,https://news.yahoo.co.jp/articles/5a0b3ec484a444313254556ba1b75dee580fd4a6,7/23(日) 6:00
saninchuo,マイナンバーを誤ってひも付け「数百件と認識」市長が陳謝　鳥取,https://news.yahoo.co.jp/articles/6beba53da6e8de471bcce833ed0d8696baba884a,7/23(日) 0:13
saninchuo,死者・行方不明者１０７人「５８豪雨」から４０年　次世代が教訓受け継ぐ,https://news.yahoo.co.jp/articles/e3f701a3f5072db7464ee6bb9ba1509440dc6c3f,7/22(土) 19:56
saninchuo,【新型コロナ速報】学校の部活動で８人、島根で新たにクラスター３件続く　２１日,https://news.yahoo.co.jp/articles/454dfb28df98657d3e2a8ac16317925264ee5f8c,7/21(金) 19:45
saninchuo,初タイトル戦の大森北斗「一瞬で試合を終わらせる」　王者撃破に自信、一気に頂点に駆け上がれるか,https://news.yahoo.co.jp/articles/46d53128b31520257635885ebc6cead854f8c931,7/21(金) 18:22
saninchuo,全日本プロレス「三冠戦」　２２日に松江市で　国内最高権威のタイトルマッチ,https://news.yahoo.co.jp/articles/3e19ecfed081f08457b7a22b01e37dec78787964,7/21(金) 18:03
saninchuo,【速報】美保基地に米軍機が着陸、米子空港の民間機に遅れ,https://news.yahoo.co.jp/articles/58694ceadfe117e0f2520c5b73b95d7858c026d4,7/21(金) 15:57
saninchuo,【速報】平井鳥取県議を再逮捕、詐欺の疑い,https://news.yahoo.co.jp/articles/d40268cae166ad525295d93c2a7d455c2a3de8df,7/21(金) 14:56
saninchuo,出雲・大社湾クルーズがスタート　国引き神話の舞台を海から眺望,https://news.yahoo.co.jp/articles/464bbe938016d6515ac05a6c0702721a97f47c7b,7/20(木) 19:42
saninchuo,女性の留守電に「しばき殺すぞ」と吹き込む、３４歳無職の男を逮捕,https://news.yahoo.co.jp/articles/fd89a67fd37a4fc5e02f7678b66034f3f7c9f28e,7/20(木) 19:11
saninchuo,【新型コロナ速報】島根で新たに２件クラスター相次ぐ　２０日,https://news.yahoo.co.jp/articles/89e42ddec82ea490468bef56b4b28e588df2a1c6,7/20(木) 18:58
saninchuo,大雨でコースが崩落　「日本一過酷」石段マラソンが中止に,https://news.yahoo.co.jp/articles/a4dc5275f8251cb3285364cdfc4ec13bd9b3773c,7/20(木) 11:51
saninchuo,【新型コロナ速報】島根でクラスター4件続く、鳥取でも集団感染３件　医療機関で１０人感染も　１９日,https://news.yahoo.co.jp/articles/439909c12f67b55c8466d4ef4d1617cab9ed814b,7/19(水) 20:29
saninchuo,背中でトロッコ列車ラストランＰＲ　ＪＲ西、沿線自治体職員らが図柄入りポロシャツ着用,https://news.yahoo.co.jp/articles/acdc7e88aea2ee3c902b67f3a8564d8c597d1bac,7/19(水) 19:17
saninchuo,島根スサノオマジック選手が児童に夢追う大切さ語る,https://news.yahoo.co.jp/articles/27b0c58d4d2b70f331834bf584ed5202ea698b49,7/19(水) 18:53
saninchuo,運転手が複数コロナ感染、路線バスが20日に減便へ,https://news.yahoo.co.jp/articles/37b06a66c75ff3a4300a4fda4023d0bb9ab436e6,7/18(火) 22:38
saninchuo,【新型コロナ速報】鳥取県で２件の集団感染　こども園で１６人　１８日,https://news.yahoo.co.jp/articles/cb8badfa528a46cc84478c9e6b15b0d4d7af9be5,7/18(火) 20:21
saninchuo,【新型コロナ速報】島根で新たにクラスター4件、部活動でも　18日,https://news.yahoo.co.jp/articles/5ca1b49ff3fb6316c75948febb87feec4ce53071,7/18(火) 20:18
saninchuo,口に包丁を食わえ、両手とポケットにも刃物？　「妻とけんかした」３７歳の無職男を逮捕,https://news.yahoo.co.jp/articles/8d92709b226f4232370b3cd3f091ddb85e781373,7/18(火) 16:01
saninchuo,「ハラハラドキドキ」人間タワーにデス（死）ホイール　世界のトップパフォーマーのサーカスが開幕,https://news.yahoo.co.jp/articles/0352b51a2543c3e00adc966e755480dd0e2fc8a4,7/18(火) 14:15
saninchuo,海で浮いている我が子救助の男性、おぼれて死亡　家族で海水浴中、子ども２人は意識あり　島根・出雲、稲佐の浜,https://news.yahoo.co.jp/articles/b63944c8df53932614b2a51942c1216a870ecf2e,7/16(日) 23:02
saninchuo,島根・鳥取両県10地点で猛暑日　鳥取・米子は37度　熱中症で1人重症,https://news.yahoo.co.jp/articles/860857ccbf4af5a00757acde2737aafb22fbc725,7/16(日) 22:03
saninchuo,総距離183km「鉄人レース」に1078人、体力の限界に挑む　トライアスロン発祥の地、鳥取・米子で4年ぶり通常規模　皆生大会,https://news.yahoo.co.jp/articles/07e707f2068579dd1c030431f8dd52dcd25a16e7,7/16(日) 21:16
saninchuo,水木しげるロード、誕生30周年で記念式典　妖怪ブロンズ像は6体→177体に増加　鳥取・境港,https://news.yahoo.co.jp/articles/8fe1f08afc5cac7ec7800eb4e128cf0ac3f35d83,7/16(日) 20:47
saninchuo,４年ぶり「天然クーラー」公開　出雲市の八雲風穴,https://news.yahoo.co.jp/articles/dda6115ab87db2f28601233411861019c9c7743b,7/16(日) 10:53
saninchuo,島根、鳥取で特殊詐欺が多発　目立つ高額被害　手口は・・・,https://news.yahoo.co.jp/articles/c79cebc1f00808d193196d7a403b4491cfe861d6,7/15(土) 20:15
saninchuo,【交通情報】ＪＲ山陰線が正午以降に運行再開,https://news.yahoo.co.jp/articles/f43b60a1e4593c5ceee4ea6f1828341b16f4030c,7/15(土) 10:30
saninchuo,豪雨の影響続く　１４日の鳥取県東部,https://news.yahoo.co.jp/articles/a38f4b52c8532ee2a0cc93e7fde602e0b321504d,7/14(金) 21:36
saninchuo,次なる任務はＰＲ　島根の警察犬「シャイン号」,https://news.yahoo.co.jp/articles/fb575d13299da1ba75f5db238a2363cbf9d50094,7/14(金) 19:53
saninchuo,【新型コロナ速報】島根で新たにクラスター3件続く　学校でも　14日,https://news.yahoo.co.jp/articles/e528c491285deb00b89c07b8bb4afd723b943df5,7/14(金) 19:11
saninchuo,【交通情報】ＪＲ山陰線で一部運転見合わせ　１５日,https://news.yahoo.co.jp/articles/9127ac79bc8f2dd9a735019fe8af1834e8ab1049,7/14(金) 18:17
saninchuo,【速報】昨夏甲子園ベスト１６の浜田敗れる　夏の高校野球1回戦,https://news.yahoo.co.jp/articles/e8e236b8f66f3dd9dad9db2bd5f310d1db0941e9,7/14(金) 16:59
saninchuo,海岸の男性遺体、身元が判明　事件事故両面で捜査,https://news.yahoo.co.jp/articles/83460079656445539a0eebddeb354424a1d0b997,7/14(金) 11:59
saninchuo,乳牛の鼻や首付近を足で蹴る、２６歳男を起訴　動画がSNSで拡散,https://news.yahoo.co.jp/articles/ba9214a9acc6c3ad3ab7b89b3cb0078ea337167e,7/14(金) 11:54
saninchuo,【交通情報】ＪＲ山陰線 鳥取ー倉吉駅間は終日運転取りやめ　１４日,https://news.yahoo.co.jp/articles/f54f16badf1a86c54dedc961bbebf80c1b38d351,7/14(金) 11:08
saninchuo,観測史上最大の豪雨　鳥取県東部　総合病院は断水,https://news.yahoo.co.jp/articles/97b01c69fede44565fb4a3699c7abeb24cb384fa,7/13(木) 22:11
saninchuo,あご野焼きの名店が破産　松江市・長岡屋　負債額５億円超,https://news.yahoo.co.jp/articles/b5c6293b13b6fd9c35ba58111cc6a89e72edf713,7/13(木) 21:06
saninchuo,【交通情報】ＪＲ山陰線、因美線の一部で運転見合わせ　１４日運転計画,https://news.yahoo.co.jp/articles/ba347ae3d2bd447b5d99f6f28a1b531ee5483d3c,7/13(木) 19:26
saninchuo,晴れてレンジャーに　厳しい訓練を克服　陸上自衛隊米子駐屯地,https://news.yahoo.co.jp/articles/c152202a2bec668f1014342d3b98a1af9c2efc1a,7/13(木) 17:30
saninchuo,時間雨量が観測史上最大に　鳥取東部で豪雨、病院が浸水で給水ポンプ停止　鳥取市と岩美町に避難指示,https://news.yahoo.co.jp/articles/a5c3a2c619cb5876dae56373ad2752deb8acfeeb,7/13(木) 12:21
saninchuo,【交通情報】ＪＲが島根県内で運行再開　鳥取県では終日運転取りやめも,https://news.yahoo.co.jp/articles/156267bc6dee06adcb0c46dd04ea0d7d31a38c7f,7/13(木) 11:23
saninchuo,「第８波に相当」の恐れ　島根で新たにクラスター７件、３日間で２９件相次ぐ,https://news.yahoo.co.jp/articles/0d9c675fc8632a6b08961458668c8a81529b1699,7/12(水) 21:06
saninchuo,【新型コロナ速報】鳥取で4校が学級閉鎖　高校2校でも　12日,https://news.yahoo.co.jp/articles/928525c1de6e8cbaa58cb01913310410b4bddaa0,7/12(水) 20:57
saninchuo,【新型コロナ速報】鳥取市内で学級閉鎖３校　高校で１１人　１１日,https://news.yahoo.co.jp/articles/914b3dc7b996266f8ad940bc38bc2d8c30c15294,7/11(火) 22:17
saninchuo,【新型コロナ速報】島根で新たに過去最多のクラスター１４件、１２８人が感染　１１日,https://news.yahoo.co.jp/articles/4e86cec56b7b5f55d3e33b4170af71378ffd67b0,7/11(火) 21:48
saninchuo,島根スサノオマジック本拠地改修　26年秋完成目指す,https://news.yahoo.co.jp/articles/b5c885a7f09187b9df931f2aee292a6f9205e183,7/11(火) 17:30
saninchuo,７月１カ月分の雨が週末に　住宅被害は４７件、１人が死亡　島根大雨,https://news.yahoo.co.jp/articles/d1023a5460245302965ef62d74b301061325aa97,7/10(月) 22:09
saninchuo,【新型コロナ速報】鳥取で集団感染２件　保育所で１０人　１０日,https://news.yahoo.co.jp/articles/662ef9a9cc63bf4470e08086c0e29a469ba5b4da,7/10(月) 20:58
saninchuo,【新型コロナ速報】島根でクラスター８件相次ぐ　出雲の学校で１５人　１０日,https://news.yahoo.co.jp/articles/909a4c4831bed7ab8992099ef89143f64e27e5c0,7/10(月) 20:50
saninchuo,【交通情報】山陰道琴浦東ー大栄東伯インターチェンジ間の上り線通行止め解除,https://news.yahoo.co.jp/articles/858b333ccc10b789a0541384925d7833209a96fa,7/10(月) 19:16
saninchuo,駅構内で「組のもん呼んでぶっ飛ばしてやろうか」と脅迫した疑い、組員の男を逮捕　運賃でトラブルか,https://news.yahoo.co.jp/articles/24d09fd1719fd37bbbc9d36156d6e346889a90f3,7/10(月) 18:12
saninchuo,宍道湖に浮いていた人、身元が判明　死亡を確認,https://news.yahoo.co.jp/articles/7a29b6abfa26e14637ac10e29ba39ca3fa1f34ba,7/10(月) 15:10
saninchuo,ＪＲ山陰線が運行再開へ,https://news.yahoo.co.jp/articles/08ea2c2afce47a57fd9eb193a25f43cd01b35918,7/10(月) 12:41
saninchuo,【速報】宍道湖に人が浮いていると通報　身元確認急ぐ,https://news.yahoo.co.jp/articles/d0bd479553b99ef746c21d1e1b6a9253672955ff,7/10(月) 12:09
saninchuo,城下町に奇抜な「巨大テント」が出現　正体は？,https://news.yahoo.co.jp/articles/7babce991bef304f4ebebd5b64fb961218cd927c,7/10(月) 7:00
saninchuo,山陰道出雲多伎ＩＣ－大田中央・三瓶山ＩＣ間を全面通行止め,https://news.yahoo.co.jp/articles/559070dcf8025d0b2b8b1f3804610f0ebf04f574,7/10(月) 2:18
saninchuo,1人が依然、安否が不明　住宅地で崖崩れ、50戸が断水　島根大雨,https://news.yahoo.co.jp/articles/231dce2fb4776f2aa9ca978be37b19e4b8ddc868,7/9(日) 21:23
saninchuo,青木元官房長官の地元でお別れの会、小渕優子氏「政治の混乱を見事に収めた」,https://news.yahoo.co.jp/articles/677d13c5035d20b2664eb50268e008ae31751ecd,7/9(日) 18:24
saninchuo,ＪＲ山陰線など１０日も部分運休,https://news.yahoo.co.jp/articles/d8f7455ba760d940a1b2aa4617fddaf6a4732a72,7/9(日) 16:45
saninchuo,９日も断続的に激しい雨　川に車で転落の１人、安否不明のまま　島根県内,https://news.yahoo.co.jp/articles/c5b30663f899061098e06cb711636992b0767b08,7/9(日) 14:18
saninchuo,出雲市長、豪雨被害でアルメニアへの出張を取り止め,https://news.yahoo.co.jp/articles/b510ae73e7cdb55aad44b6a1a7c79c1a7367eb0c,7/9(日) 13:04
saninchuo,【続報】増水した川に転落の車を引き上げ、運転手は発見されず　島根・出雲,https://news.yahoo.co.jp/articles/ef1cb2c88e029a4c190e2c0bbcdcaf7c380d631d,7/9(日) 10:42
saninchuo,島根県東部で浸水被害相次ぐ　「ずっと一人で怖い思いをしていた」と避難住民,https://news.yahoo.co.jp/articles/bcd92571eb84fc8055c2b6b6c6e135f6fbbb5c71,7/9(日) 0:24
saninchuo,車１台が川に転落、出雲市　運転手の安否不明　島根県・大雨関連,https://news.yahoo.co.jp/articles/9d50acf58d69174c0b9ec06be14dd4df6f091675,7/8(土) 18:12
saninchuo,世界で大人気・柴犬の原点は人口1600人の山里　ルーツ突き止めた女性の執念、住民も乗っかった,https://news.yahoo.co.jp/articles/c82fd4bd4e16355fa89b857339b49c2c4e8bba33,7/8(土) 7:00
saninchuo,軽自動車とミニバイクが出合い頭に衝突、ミニバイクの男性が意識不明の重体,https://news.yahoo.co.jp/articles/748d5cd3878c4670ee47722a1e8070e44e334c7f,7/7(金) 22:44
saninchuo,【交通情報】ＪＲ山陰線で８日始発から部分運休,https://news.yahoo.co.jp/articles/72fdaa0a4dfcf61be4a7b5e180de67421c88eeaa,7/7(金) 16:05
saninchuo,浜辺で身元不明の男性の遺体、１６０㎝位で着衣や頭髪はなし,https://news.yahoo.co.jp/articles/cb09cfe75be39631e1346f46f208271e0a6e313a,7/7(金) 13:30
saninchuo,【速報】ＦＤＡ　出雲ー仙台、静岡便を休止へ　来年１月,https://news.yahoo.co.jp/articles/8eb8c12fe137018738fda33018ffea92a7a44059,7/7(金) 10:03
saninchuo,未明の飲食店　寝ていた５０代女性に抱きつき、胸を触った疑い　22歳の男を逮捕　「抱きついたが、胸をもんだりなどはしていない」と一部否認,https://news.yahoo.co.jp/articles/ac012068f62a61983d79d5d79659ed3bf44229a6,7/6(木) 22:11
saninchuo,【新型コロナ速報】出雲の学校で２６人クラスター発生　６日,https://news.yahoo.co.jp/articles/01a2cd19eca873826f736630aa89d7e16130acf6,7/6(木) 19:46
saninchuo,「ハーレーを燃やしたる」と会社役員を脅した疑い、３８歳無職の男を逮捕,https://news.yahoo.co.jp/articles/5e641d52cde181e836c24de4edd3861e11a57d9d,7/6(木) 18:27
saninchuo,「サタンの考えだ」と頬ぶたれる　宗教2世「苦しみは私たちの代で終わりに」,https://news.yahoo.co.jp/articles/2a3b82beac453b72984d891919bdf3156ae68498,7/6(木) 7:00
saninchuo,女子高校生のスカートの中を撮影した疑い、５２歳会社員の男を逮捕,https://news.yahoo.co.jp/articles/f4fbc3baee52c9e650ad329dd0c9d7e0b866de71,7/5(水) 20:39
saninchuo,離島のラーメン店、あべのハルカスに出店　店主は「えびそば」の創始者,https://news.yahoo.co.jp/articles/236aafd5b6d15c38ae4d0e0cae438d2b2b92923f,7/5(水) 20:11
saninchuo,Ｏ１５７集団感染、新たに１１人を確認　計５６人に、１人が重症,https://news.yahoo.co.jp/articles/06a68449b590da40f7f0feb11adc2aa4ae3cc756,7/5(水) 19:56
saninchuo,【新型コロナ速報】島根で新たにクラスター発生　高齢者施設で５人　５日,https://news.yahoo.co.jp/articles/5b8bfbba6e40e57f8de957a68c7272aabec040be,7/5(水) 18:06
saninchuo,島根スサノオマジック本拠地を大改修　２千席増　新Ｂ１基準適合へ松江市方針,https://news.yahoo.co.jp/articles/8ddbf57eeb0a2a67c5dd14df155644c05ce0a4d3,7/5(水) 11:30
saninchuo,児童ポルノのＤＶＤを複製・販売　自衛隊員2人を停職処分に,https://news.yahoo.co.jp/articles/7adccf1e1484f6e37f87a72d89e1c8833625c610,7/4(火) 18:23
saninchuo,【新型コロナ速報】島根で新たにクラスター５件相次ぐ　４日,https://news.yahoo.co.jp/articles/202da1e69bdac20a36b6442cc2fffa246aa6c4be,7/4(火) 18:02
saninchuo,小学生女児に暴行、電子たばこのデバイスを投げつける　24歳、漁師の男を逮捕,https://news.yahoo.co.jp/articles/4bb39ef034f7ba54780b1f9241e8e8733e64bb2b,7/4(火) 11:11
saninchuo,【新型コロナ速報】島根で新たにクラスター４件相次ぐ　学校でも発生　３日,https://news.yahoo.co.jp/articles/a4d4e6f71ccb1beb16c1998d4d85ee0fde025b3a,7/3(月) 19:48
saninchuo,【新型コロナ速報】高齢者施設と保育所で集団感染　鳥取　３日,https://news.yahoo.co.jp/articles/3616f46486e206acaa2499ca9678a19405c9acfa,7/3(月) 19:28
saninchuo,路線バスと出会い頭に衝突、ミニバイクの男性が死亡,https://news.yahoo.co.jp/articles/8631eb428794a0c2d50afb887a09ecdd53d13a93,7/3(月) 18:55
saninchuo,米子ーソウル便の定期運航再開へ　１０月２５日から週３便,https://news.yahoo.co.jp/articles/f4b3687ca07053636bd45ce67b468b08399b7a48,7/3(月) 18:42
saninchuo,【続報】「イライラを解消したかった」と供述　乳牛に暴行、元社員と農場を書類送検,https://news.yahoo.co.jp/articles/95203e218248a2dedf585dcebf963f044d940846,7/3(月) 16:12
saninchuo,小学生女児2人が沖合20メートルに流される、発見した一家３人が連携プレーで,https://news.yahoo.co.jp/articles/a372c325a2d3f0cf88d28c6593bd0b5a62cd1b13,7/3(月) 11:56
saninchuo,女性客の胸元にスマホを向けた疑い、４１歳の男を逮捕　スマホに動画が残っていた,https://news.yahoo.co.jp/articles/c67e12b23d9d448fe7ebd5231c3b252bd2a6491c,7/3(月) 11:40
saninchuo,２０１５年以来８年ぶり　出雲市内の児童福祉施設でＯ１５７の集団感染　幼児３０人が感染,https://news.yahoo.co.jp/articles/fe8a335ed606c74736ff3e300d1a32df7f2971b5,7/2(日) 20:58
