media_en,media_jp,title_articles,link_articles,date_original
yogajol,ヨガジャーナルオンライン,【そのお腹！鍛えるだけでは痩せないって知ってる？】伸ばしてスッキリお腹を手に入れる「5つの方法」,https://news.yahoo.co.jp/articles/e9f02c8f4d0f8921e25ad25e0b32fc6f7770d491,5/16(木) 21:30
yogajol,ヨガジャーナルオンライン,ガチガチ股関節をゆるめれば内もも・お尻も引き締まる！股関節をほぐして深めるスクワットエクサ,https://news.yahoo.co.jp/articles/bb28533e5027979a6a6b0fd8f6434e1f89e90de4,5/16(木) 21:10
yogajol,ヨガジャーナルオンライン,寝ながら膝を倒すだけ【ガチガチ股関節をほぐす】股関節のインナーマッスル「深層外旋六筋」ストレッチ,https://news.yahoo.co.jp/articles/8dba83b790e400718f33138c4c986dea5dbbfb13,5/16(木) 20:30
yogajol,ヨガジャーナルオンライン,たった8分間怒るだけで、心臓発作や脳卒中のリスクが高まる！？【研究結果が示唆】,https://news.yahoo.co.jp/articles/839d377f0cba5cc586b0716b14f559f5faee005f,5/16(木) 20:00
yogajol,ヨガジャーナルオンライン,【じめじめした季節に】空気中の有害物質を除去！特に空気清浄効果に優れた「優秀プランツ」５選,https://news.yahoo.co.jp/articles/73c6680bbac61e11823b7785256d1b68890c9938,5/16(木) 6:10
yogajol,ヨガジャーナルオンライン,「おにぎり」と「サンドイッチ」糖質が多いのはどっち？管理栄養士が比較して解説！,https://news.yahoo.co.jp/articles/3c8ca765cb1cb412817871d32de44df68d1aa028,5/16(木) 6:00
yogajol,ヨガジャーナルオンライン,【腸活の誤解】あなたも間違えているかも。実は…腸内環境を悪化させる３つの食習慣｜管理栄養士が解説,https://news.yahoo.co.jp/articles/8b2c8cdcbcbe05292e71523c553fb0a7df58132c,5/16(木) 5:50
yogajol,ヨガジャーナルオンライン,ぽっこりお腹の原因はインナーマッスルの衰えにあり！大腰筋を鍛えてお腹を引き締める寝たままエクサ,https://news.yahoo.co.jp/articles/d3ac572f4580db2bc4221f4219e4754b5879e042,5/15(水) 22:15
yogajol,ヨガジャーナルオンライン,股関節と内ももの硬さ＆疲れを和らげるゆるストレッチ「寝る前にたった1分行うだけで違う」,https://news.yahoo.co.jp/articles/9dba1baaf1ede09f9d7212b2f966807c92f2a74f,5/15(水) 21:30
yogajol,ヨガジャーナルオンライン,【座りっぱなし生活で猫背・下腹ぽっこりの人へ】たった3分で姿勢を改善「椅子に座ったまま体幹トレ」,https://news.yahoo.co.jp/articles/1adfefd912a40816e7d313c296517fc691f12439,5/15(水) 21:20
yogajol,ヨガジャーナルオンライン,【精神科医も納得！】なぜか人生がうまくいっている人が自然とやっている習慣3選！,https://news.yahoo.co.jp/articles/3c50d39b59a492005676506d30145578c672a500,5/15(水) 20:00
yogajol,ヨガジャーナルオンライン,【大根】「加熱」「生食」「切り干し」どれが一番栄養価が高い？管理栄養士が、比較して解説！,https://news.yahoo.co.jp/articles/2001f94bd94b3970a456a0ef85600da9111e2491,5/15(水) 19:40
yogajol,ヨガジャーナルオンライン,【アスパラガス】立てて保存をすると長持ちする？管理栄養士が教える、おいしい選び方と賢い保存方法,https://news.yahoo.co.jp/articles/d1b052d5f6fe296ba554bf9d9ffc9b5058cd6c53,5/15(水) 19:15
yogajol,ヨガジャーナルオンライン,【ひじき】鉄分の吸収率を上げるには食べ合わせが大事！管理栄養士が教える「最強の組み合わせ食材」,https://news.yahoo.co.jp/articles/0e62803de139fbdeb40c4f5b846808b8f29231f4,5/15(水) 18:50
yogajol,ヨガジャーナルオンライン,「死ぬまで働くしかない…」のは自己責任？中高年シングル女性の調査から見えた「生きづらさ」の実態,https://news.yahoo.co.jp/articles/73ae0ae2509ce67821283bbad219f037a855f319,5/14(火) 21:35
yogajol,ヨガジャーナルオンライン,痩せたい人がコンビニで買ってはいけないNG食品とは？管理栄養士が解説,https://news.yahoo.co.jp/articles/981467ba03b42dfaa802709003dd5984d20bf300,5/14(火) 21:15
yogajol,ヨガジャーナルオンライン,【40代、50代の膝痛解消法】痛みを引き起こす「膝下歩き」を改善！おうちで出来る歩き方矯正,https://news.yahoo.co.jp/articles/32de5bd3b340b3b8951678ca8588fe474ab9c1e1,5/14(火) 20:45
yogajol,ヨガジャーナルオンライン,日本人の3人に1人が脂肪肝。痩せていても注意！？脂肪肝の人が今日からすべき運動と食事｜医師が解説,https://news.yahoo.co.jp/articles/cae457944d30ac682ed63af2c35d74d02482d296,5/14(火) 20:20
yogajol,ヨガジャーナルオンライン,「ニラ、冷凍するだけで栄養価が大幅にアップするって本当？」→管理栄養士が正しいやり方を解説,https://news.yahoo.co.jp/articles/6f82a3edcf345d17c81e1810f5415b442c8a0c92,5/14(火) 20:20
yogajol,ヨガジャーナルオンライン,驚きの肉体改造が話題に！ジョディ・フォスター（61歳）が語る50代の苦悩と60代からの進化,https://news.yahoo.co.jp/articles/5d592384eaacde9e666e411e370b28ef22b791e3,5/14(火) 20:10
yogajol,ヨガジャーナルオンライン,「大切なペットが亡くなり、ペットロスから立ち直れない…どうしたら？」→グリーフケアの専門家が回答,https://news.yahoo.co.jp/articles/8276ec0c6e0ed3089dfe5c90bba2867570b5a3be,5/14(火) 20:05
yogajol,ヨガジャーナルオンライン,"「目元がなんとなくダル重い…」スキンケアしながら""顔の上半分""を整える簡単リンパマッサージ",https://news.yahoo.co.jp/articles/de391dada004be0742518528e42e4b7b9a8980f4,5/13(月) 21:45
yogajol,ヨガジャーナルオンライン,意外と知らない「ねぎ」「しょうが」「みょうが」「わさび」「しそ」薬味の役割と効果を栄養士が解説,https://news.yahoo.co.jp/articles/b88edff48330ebd8d4b339b36fbbf11c941bf9e5,5/13(月) 21:30
yogajol,ヨガジャーナルオンライン,股関節の痛みや硬さは【足首の硬さ】が原因かも！足首と股関節をまとめてほぐすストレッチ,https://news.yahoo.co.jp/articles/85b41c3fe04caabc731d62ed1d28f3797157184f,5/13(月) 20:45
yogajol,ヨガジャーナルオンライン,【梅干し】疲れたときこそ食べるべき！クエン酸、ミネラルが多く疲労回復に効く「梅干の健康効果」とは,https://news.yahoo.co.jp/articles/4b695af45e9b4f5669089d36f5f622da9c19d9bf,5/13(月) 20:35
yogajol,ヨガジャーナルオンライン,長いお休みの後は股関節が硬くなりがち【たった5回ずつ】ガチガチ股関節をほぐすパタパタエクササイズ,https://news.yahoo.co.jp/articles/d747a8df022a82f37b38a832cf4193e1c795754c,5/12(日) 21:45
yogajol,ヨガジャーナルオンライン,「肥満」や「糖尿病」を防ぎ、健康寿命を伸ばす、身近な２つの「食材」とは？,https://news.yahoo.co.jp/articles/3e93335ad657a1ba1b9ffb644fa3298e5cc5170e,5/11(土) 21:45
yogajol,ヨガジャーナルオンライン,「あぐらで膝が浮いちゃう…」ガチガチ股関節を柔らかくし、あぐらが楽になる「カンタン股関節ほぐし」,https://news.yahoo.co.jp/articles/d242ca0cb1ddaeb388c4b227c6edde747a584812,5/11(土) 21:30
yogajol,ヨガジャーナルオンライン,交友関係、恋愛、仕事にも影響。人と食事をするのが怖い「会食恐怖症」との向き合い方【専門家が解説】,https://news.yahoo.co.jp/articles/7305a6cfa58622e725371acce9b467fcfd0d46a5,5/11(土) 21:15
yogajol,ヨガジャーナルオンライン,〈いかり肩の人は損してる〉首が長く見え、デコルテがきれいになる「脇腹エクササイズ」,https://news.yahoo.co.jp/articles/e48d91398b02f270d99e3cae7d6e9949db524997,5/11(土) 21:05
yogajol,ヨガジャーナルオンライン,作り置きの注意点｜あたたかくなってきた今、気をつけたいことは？栄養士が教える食中毒を防ぐポイント,https://news.yahoo.co.jp/articles/682e3aab720c69fd0eb264d85a614910e582dd32,5/10(金) 21:05
yogajol,ヨガジャーナルオンライン,めまい、疲れ、肌荒れ。実は鉄分不足が原因かも？レバーだけじゃない！【鉄を摂取しやすい食材】3選,https://news.yahoo.co.jp/articles/3e02b58204ebd20291a9473e705beefb08b7af26,5/10(金) 20:20
yogajol,ヨガジャーナルオンライン,「パカーン＆ペターンの開脚前屈」に近づく！伸ばしたいところが楽に伸ばせる膝立ち内転筋ストレッチ,https://news.yahoo.co.jp/articles/b44e5c8039445c5883099cd74b1c2e7d7fd21467,5/10(金) 20:05
yogajol,ヨガジャーナルオンライン,「だるい…眠たい…」【更年期の5月病】原因とストレスをケアする3つの対策,https://news.yahoo.co.jp/articles/aeba805db5949ec31a66efe21489e4afeebaf68f,5/10(金) 19:40
yogajol,ヨガジャーナルオンライン,【セロリの茎、どこまで食べられる？】茎と葉の栄養価と「調理・保存法」の違いとは？,https://news.yahoo.co.jp/articles/9e978a4cd97b7cf0b06eeebfddad0360e7645428,5/10(金) 6:05
yogajol,ヨガジャーナルオンライン,【しゃがんだとき股関節に詰まり感が…】原因は筋肉の硬さ！座ったままできる「大腿直筋ストレッチ」,https://news.yahoo.co.jp/articles/e61d40b31b9c657b63e6bb62b069e2303565bd97,5/9(木) 21:20
yogajol,ヨガジャーナルオンライン,【40代、50代向けの下半身強化トレ】毎日１分！100年歩ける体を維持する「ノーマルスクワット」,https://news.yahoo.co.jp/articles/0c4bc8dfb206215e3400d290d3de793b6583d140,5/9(木) 21:05
yogajol,ヨガジャーナルオンライン,【ヘルシーと思って食べていたら落とし穴…】知っておきたい「糖質の多い」野菜3選,https://news.yahoo.co.jp/articles/54c8af6977427a80881873a37d050b7c847999f7,5/9(木) 20:30
yogajol,ヨガジャーナルオンライン,【SNSデトックスのヒント】ハリウッド大物女優５人があえてSNSと距離を置く“ワケ”とは？,https://news.yahoo.co.jp/articles/028b68a974cb4332506544f845dccc5ad7527dbf,5/9(木) 20:10
yogajol,ヨガジャーナルオンライン,【にんじん】「加熱」と「生食」どちらが栄養価が高い？ 管理栄養士が比較して解説,https://news.yahoo.co.jp/articles/88d43e618f5495cadc68e890a5f703e0cdd0a872,5/9(木) 19:40
yogajol,ヨガジャーナルオンライン,不足すると高血圧や動脈硬化の原因にも？栄養士が教える「カルシウムの摂取」におすすめの食材3選,https://news.yahoo.co.jp/articles/04634a5d4d1cd70bd29e7bd1fef55b1660cd907e,5/9(木) 18:10
yogajol,ヨガジャーナルオンライン,40代のダイエット【キーワードは柔らか股関節！】メリットしかない！寝たまま簡単ストレッチ,https://news.yahoo.co.jp/articles/78f6aa8d78f89bcc7c54f1fe26efdcdcad79c0c9,5/8(水) 21:55
yogajol,ヨガジャーナルオンライン,「アボカドを夜に食べていたら…太った？」管理栄養士が教える、痩せ効果が高まる〈アボカドの食べ方〉,https://news.yahoo.co.jp/articles/a6d1ceb8e868f4beb3a54a53cf1e60e02fa04ded,5/8(水) 21:50
yogajol,ヨガジャーナルオンライン,【カップ味噌】味噌にピッタリくっついている薄くて白い紙や小袋は、捨てる？捨てない？栄養士が回答,https://news.yahoo.co.jp/articles/8c2f92046c23645d4ea977919d09d2a0dcdad9b0,5/8(水) 21:15
yogajol,ヨガジャーナルオンライン,脚パカ運動は実は危険！？〈40代・50代向け〉更年期世代のための「正しい下半身痩せストレッチ」,https://news.yahoo.co.jp/articles/67582d60e0f9d144f39e72c92fc626e796c39b93,5/8(水) 21:00
yogajol,ヨガジャーナルオンライン,【春キャベツ】軽いもの、重いもの、どちらを選ぶべき？おいしい選び方と調理のコツを管理栄養士が解説,https://news.yahoo.co.jp/articles/d850a324f6c3ea1cdb2969828e6d03197ee58b0d,5/8(水) 18:50
yogajol,ヨガジャーナルオンライン,背中で手を組んだとき、手首同士をつけられる？できない人ぜひやって→【効果絶大】猫背解消ワーク,https://news.yahoo.co.jp/articles/cf2669b1fd94db9add91e1f65eff5fe5355819b9,5/7(火) 22:30
yogajol,ヨガジャーナルオンライン,〈更年期太り対策に〉40代50代の初心者向け！自宅で痩せるための「ピラティスの基本ポーズ」,https://news.yahoo.co.jp/articles/dfce7a2e1a14425362c924d4e63e0aa9c3b01ac4,5/7(火) 22:05
yogajol,ヨガジャーナルオンライン,フェイスラインのたるみが…「消える？」たった２分でイイ！〈首しわ・たるみ改善ストレッチ〉,https://news.yahoo.co.jp/articles/29416da6302f33b33fcffaa4f55e6c2282e8141a,5/7(火) 21:55
yogajol,ヨガジャーナルオンライン,夜遅くに食べると太るのは本当？太りにくい「夜食」のポイントを管理栄養士が解説,https://news.yahoo.co.jp/articles/dbe1cea34c35e49a03d6cb9e90dd8233e7057f7b,5/7(火) 21:40
yogajol,ヨガジャーナルオンライン,「許してくれるはずだと思い込む」DV加害者たちと、逃げられない被害者心理とは｜専門家に聞く,https://news.yahoo.co.jp/articles/e724669b858a5483025f7eba04e442fd42f4cbcf,5/6(月) 22:00
yogajol,ヨガジャーナルオンライン,上下に動かすだけでお腹＆二の腕に効果抜群のタオルエクササイズ｜40代以上で運動不足の人向け！,https://news.yahoo.co.jp/articles/66b793604d70751bc7e7dcd673ccc3bd9364572e,5/6(月) 21:45
yogajol,ヨガジャーナルオンライン,〈40代からの痩せ体質作り〉バランスよくキレイに痩せる効果抜群体幹トレーニング３選,https://news.yahoo.co.jp/articles/175afb838cda44cb5df6586ae45f5fd2f207b591,5/6(月) 21:40
yogajol,ヨガジャーナルオンライン,【二の腕の脂肪が落ちなくなる理由】座ったままできる！40代からの「二の腕が引き締まる」簡単トレ,https://news.yahoo.co.jp/articles/82368342b2af832afb56fdeb1f85575103ed6a23,5/6(月) 21:30
yogajol,ヨガジャーナルオンライン,忙しい人はぜひやって【40代の下半身太りに】お尻と太ももが自然にほっそりする「３つのポーズ」,https://news.yahoo.co.jp/articles/a19aa3dd51a877c032ec4994ba9f6e325508e1f0,5/6(月) 21:05
yogajol,ヨガジャーナルオンライン,【40代50代の運動したいけど…やる気が出ない人限定】100年歩ける足腰を作る「下半身強化トレ」,https://news.yahoo.co.jp/articles/bfe6e781e30c2e9c8618f876414fd0f460428d6e,5/5(日) 22:00
yogajol,ヨガジャーナルオンライン,1日のうちで「座っている時間が長い人」ほど、脳が衰える可能性？【研究から明らかに】,https://news.yahoo.co.jp/articles/bb8ebeacdb31fae72c2265f6a01b2706b1c42ad8,5/5(日) 22:00
yogajol,ヨガジャーナルオンライン,【カカオ】実は腸にいい！組み合わせで、もっと腸がととのう「チョコレート」の食べ方,https://news.yahoo.co.jp/articles/6b3f365021e352f5bc4701233050596b547ce393,5/5(日) 21:25
yogajol,ヨガジャーナルオンライン,顔がたるんで、もたついてきたら…スキンケア中にできる「顔の下半身」リンパマッサージのやり方,https://news.yahoo.co.jp/articles/872a28f7f27be5a24be79caca82b290a71864688,5/5(日) 21:20
yogajol,ヨガジャーナルオンライン,【アスパラガス】にオスとメスがあるって知ってる？美味しいアスパラガスの見分け方・食べ方,https://news.yahoo.co.jp/articles/6f50b56c4fff405f068e387c137f5e4f36e84510,5/5(日) 9:20
yogajol,ヨガジャーナルオンライン,痩せたい40・50代は必見！管理栄養士が教える〈朝に飲むべきもの〉〈朝、避けるべき飲み物〉とは？,https://news.yahoo.co.jp/articles/ab15ccbba006cf7e8c5296b249487f7a2d6f60b0,5/5(日) 9:10
yogajol,ヨガジャーナルオンライン,バランス力には「足」を鍛えるべし！理学療法士が教える、タオルギャザー&ショートフットエクサ,https://news.yahoo.co.jp/articles/0e3c18279bf1ce9955eaec1f0351177bca10aff7,5/4(土) 22:45
yogajol,ヨガジャーナルオンライン,むくみが流れて脚が軽くなる！股関節を深く曲げる股関節はめ込みエクサ,https://news.yahoo.co.jp/articles/8ada11f87abeb289d5273b42032122ffb861ef11,5/4(土) 22:30
yogajol,ヨガジャーナルオンライン,【自宅で簡単！Ｏ脚改善法】憧れの「まっすぐスラリ脚」をつくるポーズ２選,https://news.yahoo.co.jp/articles/12622f42e2ae6fdf9ef0deb3e0659d1f146a6cdb,5/4(土) 22:15
yogajol,ヨガジャーナルオンライン,ピーマンのわたと種、食べても大丈夫？捨てた方がいい？管理栄養士が回答,https://news.yahoo.co.jp/articles/a1935b496815ed48ca4a57307fbbcf2678f1559a,5/4(土) 21:15
yogajol,ヨガジャーナルオンライン,「地味だけど効く」下腹ぽっこり解消！お腹の奥からへこませる！下腹インナーマッスルエクササイズ,https://news.yahoo.co.jp/articles/98fc136d6a0bedc6d1c227ad82efd5a1112d1f0f,5/4(土) 21:05
yogajol,ヨガジャーナルオンライン,意外と知らない、かまぼこの栄養｜豊富に含まれている栄養は？食べ過ぎるとどうなる？管理栄養士が解説,https://news.yahoo.co.jp/articles/3eb37bc92e19b54d4ae5c678931eb2e423839c85,5/3(金) 21:15
yogajol,ヨガジャーナルオンライン,足裏ほぐしが効く！【ストレスによる胃の痛み・食欲不振に】１回30秒でOK！誰でもできる簡単足もみ,https://news.yahoo.co.jp/articles/1bb86e641670b009a01f659bf73f21bc1157007f,5/3(金) 21:10
yogajol,ヨガジャーナルオンライン,【40代からの下半身トレーニング】衰えやすい下肢の筋力アップ！ひざの曲げ伸ばしエクササイズ,https://news.yahoo.co.jp/articles/f7edd178f0f006fc034e2ef0b65103ac91fca9c2,5/3(金) 20:50
yogajol,ヨガジャーナルオンライン,【精神科医が教える】「空気を読める人」と「空気を読めない人」の大きな違いとは？,https://news.yahoo.co.jp/articles/70643477bbb3a58b645c35276f7774144a9c5d2c,5/3(金) 20:00
yogajol,ヨガジャーナルオンライン,【バナナ】足すだけでもっと腸がととのう！腸活効果がアップする食べ方を管理栄養士が解説,https://news.yahoo.co.jp/articles/f8839b8b3b3aa4a4f63a117150febd942d183404,5/3(金) 18:45
yogajol,ヨガジャーナルオンライン,朝食は何時がベスト？ 8時までに朝食を摂るとリスクが低下する病気とは【最新研究が示唆】,https://news.yahoo.co.jp/articles/7382ff1f5e7498bde29510e47d1190975487e98f,5/3(金) 6:45
yogajol,ヨガジャーナルオンライン,歩くだけでも気になる【ギシギシ股関節のきしみ・つまり感】運動しやすい体になる「脚クルクル運動」,https://news.yahoo.co.jp/articles/6832d9edbda06e3369e6a65d68db8abfb60bafd4,5/2(木) 21:30
yogajol,ヨガジャーナルオンライン,「常に眠い」「寝過ぎてしまう」…大丈夫？それとも病気？心の専門家が教える原因と対処法,https://news.yahoo.co.jp/articles/2db97e2323638ae760bf5926de79fc7f4d1a3612,5/2(木) 21:15
yogajol,ヨガジャーナルオンライン,一日中座りっぱなしの人の股関節は超危険！ガチガチ股関節がほぐれる、寝たままストレッチ,https://news.yahoo.co.jp/articles/65166568a8ed39058ea35b14847a63ed894df8f0,5/2(木) 21:05
yogajol,ヨガジャーナルオンライン,下半身痩せにもなる！股関節の痛みや詰まりをほぐす１分エクサ【床に座って体をねじるだけ】,https://news.yahoo.co.jp/articles/7289af8da83b9cea4ef2e297d36ba210946c0d98,5/2(木) 20:40
yogajol,ヨガジャーナルオンライン,【生姜の効能】「加熱」と「生」どちらがおすすめ？使い分けの秘訣は？管理栄養士が比較して解説,https://news.yahoo.co.jp/articles/672928b5c173819c6f822ec80b11c31240bd9808,5/2(木) 18:40
yogajol,ヨガジャーナルオンライン,ラーメンの種類【塩、醤油、味噌、豚骨】でカロリーはどれくらい違う？管理栄養士が比較して解説,https://news.yahoo.co.jp/articles/a8447dcaa6af74f31f7dd056522cd21014f9f9a6,5/2(木) 17:45
yogajol,ヨガジャーナルオンライン,内ももの筋肉を柔らかくし脂肪を燃焼！誰もが知っている「開脚屈伸」の正しいやり方,https://news.yahoo.co.jp/articles/bed7fb8cf2550a3fa37a8e16ecafabe14543c1bf,5/1(水) 21:30
yogajol,ヨガジャーナルオンライン,【四角いお尻、垂れ尻、ぺちゃんこ尻がキュッ！】お尻にくっきり境目を作る「寝ながらヒップアップ」,https://news.yahoo.co.jp/articles/d1953fd58ff0b20031dd24af8e7bba8cdd31e2e9,5/1(水) 21:15
yogajol,ヨガジャーナルオンライン,寝たままストレッチ【前ももと脚の付け根の詰まり感がみるみる解消する】仰向けの英雄のポーズ,https://news.yahoo.co.jp/articles/3056f095bad531871f214e5df8b41544fe9e7a1a,5/1(水) 20:30
yogajol,ヨガジャーナルオンライン,しっとりパサつかない、スーパーの安いお肉も劇的にやわらかく美味しくなる「３つの裏技」とは？,https://news.yahoo.co.jp/articles/f58072b1bd28e7bf95111ce56b28f8b641a38173,5/1(水) 19:15
yogajol,ヨガジャーナルオンライン,ぐっすり眠るためには食事が鍵？「睡眠の質を改善する食べ方」３つのポイント｜管理栄養士が解説,https://news.yahoo.co.jp/articles/452c6e6fb4936741ee423281ff2fdf946d1b26e3,4/30(火) 23:00
yogajol,ヨガジャーナルオンライン,【溜め込んだ老廃物をデトックス】寝たままできる！排出力がアップする「股関節ほぐし」,https://news.yahoo.co.jp/articles/c698ee3cffd1e2973fa478d123f013f383eb1cf2,4/30(火) 22:10
yogajol,ヨガジャーナルオンライン,【記憶力も改善！？神経学者や睡眠のエキスパートが推奨】睡眠に役立つ「ピンクノイズ」とは？,https://news.yahoo.co.jp/articles/9467c50dc37ee0c7e377e5ed4338ac4e4099e46b,4/30(火) 22:00
yogajol,ヨガジャーナルオンライン,＜ぬいぐるみを愛する人々の物語＞を描く著者が語る「大人もハマる、ぬいぐるみの持つパワー」,https://news.yahoo.co.jp/articles/bc3639980379695e81869d3fbe667b68a29e428e,4/30(火) 21:40
yogajol,ヨガジャーナルオンライン,【40代、50代で膝が痛くて階段が辛い人へ】一生歩ける体を作る習慣。「振り出し歩き」で膝痛を解消,https://news.yahoo.co.jp/articles/aeba6f15d5cdb63e5f5f1a0954465b7cdb1a388e,4/30(火) 21:30
yogajol,ヨガジャーナルオンライン,【夜遅い食事でも太りにくいコツ】遅い時間の夕食…コンビニでの賢い選び方とは？,https://news.yahoo.co.jp/articles/19a18c0a5d56779f10454bf185e7aae9ec5b3100,4/30(火) 21:10
yogajol,ヨガジャーナルオンライン,【更年期女性の不眠問題】眠れない…夜中目が覚める…どうすれば？睡眠専門医が教える「不眠解消法」,https://news.yahoo.co.jp/articles/2851538ae6f1d3267893bceda2dae03058c215d4,4/29(月) 23:00
yogajol,ヨガジャーナルオンライン,3分で効果を感じる！前屈がグッと深まる「アクセル筋」と体の使い方【体が硬い人のための練習法】,https://news.yahoo.co.jp/articles/5ce9cbd3e510c758bd4d126f9258254ae3893fbf,4/29(月) 22:30
yogajol,ヨガジャーナルオンライン,【50代の膝痛に】原因となる歩き方を変えるだけで痛みが楽に！股関節から歩くための「片脚振り子」,https://news.yahoo.co.jp/articles/973f54330640aab026d82e56455b6005c90917aa,4/29(月) 22:20
yogajol,ヨガジャーナルオンライン,【婦人科医に聞く】PMSの症状…眠気、食欲増加、ニキビ・吹き出物の対策は？,https://news.yahoo.co.jp/articles/fe69de49b0c1087d13411ebbbc2ebd8c76e94132,4/29(月) 22:10
yogajol,ヨガジャーナルオンライン,そのまま食べるのは損？ヨーグルトに足すだけで痩せ体質を目指せる３つの食べ物｜管理栄養士が解説,https://news.yahoo.co.jp/articles/97c9d22948d0c2da170d352e0c54d51eea75d440,4/29(月) 5:55
yogajol,ヨガジャーナルオンライン,「災害ですべて失い、絶望的な気持ちに…これからどうしたら？」【グリーフケアの専門家が回答】,https://news.yahoo.co.jp/articles/f846b37f4c41dfb5dce126948bfa5660051648ff,4/28(日) 22:30
yogajol,ヨガジャーナルオンライン,【薄着になる前の二の腕痩せ】たるんだ二の腕に集中的に効かせる座ったままエクサ,https://news.yahoo.co.jp/articles/322fc92211190daf192ebf6de1bdf4833352ebf4,4/28(日) 22:15
yogajol,ヨガジャーナルオンライン,【病院に行くべき異常なおりもの】は白い？黄色い？泡立ちアリ？専門医が見分け方を解説,https://news.yahoo.co.jp/articles/8654f38a0e53a797128bcaf5dadfb82c3b1e4dd0,4/28(日) 21:15
yogajol,ヨガジャーナルオンライン,〈健康診断〉受けただけで満足していませんか？薬剤師が教える、年代別・女性が必ず受けたい検査項目,https://news.yahoo.co.jp/articles/623860538e0283615e2040df83e6aa8ba7e4eabc,4/28(日) 19:50
yogajol,ヨガジャーナルオンライン,〈古くなったキムチの消費におすすめ〉キムチ＋調味料2つで作る「簡単エビチリ」管理栄養士が提案,https://news.yahoo.co.jp/articles/5a8f2562df930b44fc7c5733aef6e3e15fb31b52,4/28(日) 18:30
yogajol,ヨガジャーナルオンライン,「シュークリーム」と「どら焼き」、糖質が多いのはどっち？管理栄養士が比較して解説,https://news.yahoo.co.jp/articles/16d5a057d7859a692defcd67ec43ee11c889c574,4/28(日) 18:10
yogajol,ヨガジャーナルオンライン,更年期の「イライラ」「落ち込み」実は更年期症状ではなく、うつ病かも？見分け方や違いは｜医師が解説,https://news.yahoo.co.jp/articles/f7ccec00d4ea850cc026fd3b29899b7bb1872ebb,4/27(土) 23:30
yogajol,ヨガジャーナルオンライン,座ったままでも体幹深部を鍛えられる！体が硬い人にこそおすすめの「真珠貝のポーズ」,https://news.yahoo.co.jp/articles/fda5399f9bf50c8c106858e75f6fea18e8fe3a80,4/27(土) 23:00
yogajol,ヨガジャーナルオンライン,痩せにくくなった40代必見！脂肪をガンガン落とす効果絶大ポーズ,https://news.yahoo.co.jp/articles/324b8888cb230831d4bd7d4e4187286059ab2254,4/27(土) 20:15
yogajol,ヨガジャーナルオンライン,【今が旬「三つ葉」】実は栄養たっぷり！工夫次第で傷みにくい「上手な保存法」と意外な活用法とは,https://news.yahoo.co.jp/articles/84cdf21c2842e91d6e9b706270023f984808077b,4/27(土) 19:45
yogajol,ヨガジャーナルオンライン,【レタス】種類によって栄養価が８倍も異なる？管理栄養士が教える、レタスの選び方＆おすすめの食べ方,https://news.yahoo.co.jp/articles/132a347bf0b9fc74acbc9f5e7544134e2b3cd4e7,4/27(土) 19:15
yogajol,ヨガジャーナルオンライン,【効果絶大】40代以降の更年期太りを解消！タプタプたるみやすい脇腹を引き締めるエクササイズ,https://news.yahoo.co.jp/articles/f0d55df7e5ff20b10e692ad9cea86fb281a0f165,4/26(金) 21:50
yogajol,ヨガジャーナルオンライン,腸腰筋をゆるめて→縮めるだけ！「たった10回」もも前の張り・下半身太りを解消する簡単エクサ,https://news.yahoo.co.jp/articles/8fa2728975e8a0e03c9f888ba299e1330118f596,4/26(金) 21:35
yogajol,ヨガジャーナルオンライン,〈衝撃〉日本人の9割がストレートネック？前側を伸ばすだけ！どこでも簡単「首位置を戻すストレッチ」,https://news.yahoo.co.jp/articles/753595286125f65e2777d1fa81444b5c19904dd8,4/26(金) 20:30
yogajol,ヨガジャーナルオンライン,お腹が痩せる＆姿勢もきれいに整える！寝たまま腹直筋を鍛える「お手軽大の字エクササイズ」,https://news.yahoo.co.jp/articles/bbf79ee9dd7ab02db4bdca77f9bf9a9ac4fe2654,4/26(金) 20:15
yogajol,ヨガジャーナルオンライン,5人に1人が経験…恋人間で起こる暴力に気づくための「デートDVチェッカー」どんな行為が該当？,https://news.yahoo.co.jp/articles/a2f19c5efb8769881e6e5e815cb1395f7f19313a,4/26(金) 19:50
yogajol,ヨガジャーナルオンライン,股関節の「つまり感」ほぐしエクササイズ｜ギシギシきしむように感じる股関節がなめらかに！,https://news.yahoo.co.jp/articles/26c18c76f64e3503e857840b3e6d1d0ca9c6055b,4/25(木) 21:05
yogajol,ヨガジャーナルオンライン,目の疲れと首のコリがスーッとラクになる！後頭下筋群ほぐし｜デスクワーカー必見のセルフケア,https://news.yahoo.co.jp/articles/3eed7d2b14dee749c3757771ddfb979db571e20f,4/25(木) 20:40
yogajol,ヨガジャーナルオンライン,間違えてない？【春キャベツ】美味しさと栄養を守る「正しい保存方法」とは｜管理栄養士が解説,https://news.yahoo.co.jp/articles/9e4bb355b31009d237868c3e09812b2eddfeae53,4/25(木) 20:30
yogajol,ヨガジャーナルオンライン,管理栄養士が勧めたい「更年期の不調対策に食べるべき意外な缶詰」３つ,https://news.yahoo.co.jp/articles/765a7304b81e6974d1b9121d0289589ab4f14b37,4/25(木) 19:45
yogajol,ヨガジャーナルオンライン,【健康診断】中性脂肪が高い人へ、下げるために意識したい食事のポイントとは｜管理栄養士が紹介,https://news.yahoo.co.jp/articles/a947075152f57067d35b77ba9c60780f6fb7e00f,4/24(水) 21:40
yogajol,ヨガジャーナルオンライン,だるい・無気力・眠いのは季節のせいかも？そんな時期を軽く乗り越えるリンパヨガ,https://news.yahoo.co.jp/articles/8b2d407b5d8ee68ef41f7a2834279695b713fef9,4/24(水) 21:30
yogajol,ヨガジャーナルオンライン,管理栄養士が勧めたい、ブロッコリーの栄養を効率よく摂れる調理法｜茹でている人は損しているかも,https://news.yahoo.co.jp/articles/bdb3aeacd84c869096b8c90d32b9803661826ce8,4/24(水) 21:15
yogajol,ヨガジャーナルオンライン,巻き肩・猫背・肩こりの原因は胸椎の硬さかも？背骨の硬さを改善する伸び伸びエクササイズ,https://news.yahoo.co.jp/articles/9ac961949f10945b2ce795bfbe33c99781ca39e5,4/24(水) 21:05
yogajol,ヨガジャーナルオンライン,意外と多い「くしゃみでぎっくり腰」そうなる前にやろう！揺らして伸ばす腰痛予防お尻ストレッチ,https://news.yahoo.co.jp/articles/82eea90aff8908dc57e88696bee959a00a57aa36,4/24(水) 20:50
yogajol,ヨガジャーナルオンライン,運動なし！みぞおちを優しくほぐすだけ！【肩こり解消や安眠につながる】リラックス横隔膜マッサージ,https://news.yahoo.co.jp/articles/c2124ad5a24daf0ce9825346e7a6532da85e38e4,4/23(火) 21:50
yogajol,ヨガジャーナルオンライン,【背中の脂肪をそぎ落とす】40代50代、老け見えの原因は背中！美背中を手に入れるエクササイズ３選,https://news.yahoo.co.jp/articles/5c3015cc61807fa9c91ef5e70ddf996252dbe8db,4/23(火) 21:10
yogajol,ヨガジャーナルオンライン,【更年期世代のおとな咳…原因は粘膜の潤い低下？！】咳をラクにする対策と「ツボ押しケア」,https://news.yahoo.co.jp/articles/7318f433c55ae35b3bf02df4b112c816201c2ef9,4/23(火) 20:40
yogajol,ヨガジャーナルオンライン,ごま油の健康効果を高める使い方とは？ミョウガと合わせて簡単アンチエイジング【春色レシピ】,https://news.yahoo.co.jp/articles/872a57cbe5f70dd84c244a74302ae2553b346009,4/23(火) 18:40
yogajol,ヨガジャーナルオンライン,【研究から明らかに】食料危機を救う？“竹の芽”に、牛乳のタンパク質に似たタンパク質が見つかる,https://news.yahoo.co.jp/articles/bdb8e4c67cf4df8e48e879b80876ae9ad14fee24,4/23(火) 18:30
yogajol,ヨガジャーナルオンライン,【更年期世代、おりものの変化に注意】洗い過ぎはNG！産婦人科医が勧める“おりもの”のニオイ対策,https://news.yahoo.co.jp/articles/68b57d7dd415e2fcec701ad48488b743ca8589db,4/22(月) 22:10
yogajol,ヨガジャーナルオンライン,「薬物を使ったことを後悔していない」回復者が語る依存症の実態と「だらしない人」という誤解,https://news.yahoo.co.jp/articles/3659ca50d20389a3b084c98072feb479572dec74,4/22(月) 22:00
yogajol,ヨガジャーナルオンライン,あなたが疲れやすいのは「三段腹」のせい！「三段腹」を解消して疲れも取れる30秒ストレッチ,https://news.yahoo.co.jp/articles/cba72a960b4bddf9f313fdb25d9aa876684d4d29,4/22(月) 21:40
yogajol,ヨガジャーナルオンライン,【赤玉ねぎ・レッドキャベツ】普通の玉ねぎ・キャベツとどう違う？栄養を逃さない食べ方と保存法を解説,https://news.yahoo.co.jp/articles/704b70bcced8f3cb5cbf50e50f4fdecb6b029151,4/22(月) 19:00
yogajol,ヨガジャーナルオンライン,【40代、50代の運動が続かない人限定】臀筋を強化。長時間歩ける体を維持する「かかと階段上り」,https://news.yahoo.co.jp/articles/c89e2b7910ef53a07c1271f8d13bdeda17a2159d,4/20(土) 21:30
yogajol,ヨガジャーナルオンライン,めっちゃ気持ちいい！体の左右差や歪みが無理なくととのう〈セルフ整体ストレッチ〉３選,https://news.yahoo.co.jp/articles/b785171cc160c2d8bda19e76ba6c250c13817cb9,4/20(土) 21:15
yogajol,ヨガジャーナルオンライン,〈お腹痩せ・くびれ作りが同時に叶う〉お腹の脂肪がごっそり消える！「腹斜筋」に効く２つのエクサ,https://news.yahoo.co.jp/articles/135ebb4dd92ce1b67268a1314d49fcff77d137de,4/20(土) 21:00
yogajol,ヨガジャーナルオンライン,45分で700カロリー燃焼する、ジェニファー・アニストンも続けるワークアウトとは,https://news.yahoo.co.jp/articles/e4ee93f083a4ac9dc2d9cda948e49b9f6da81c4e,4/20(土) 20:45
yogajol,ヨガジャーナルオンライン,【めんつゆと白だし】の違いは？代用や使い分けについて栄養士が解説,https://news.yahoo.co.jp/articles/1bd24f088a3f9eaca56f0d92ee7c72e448132287,4/20(土) 20:40
yogajol,ヨガジャーナルオンライン,【脚が勝手に痩せる！】血行改善、代謝アップ、疲労回復！メリットしかないカンタン「足指回し」,https://news.yahoo.co.jp/articles/5ba828f1cc510a8cdec82403429c42d09a1e456e,4/19(金) 21:45
yogajol,ヨガジャーナルオンライン,疲れた日にこそ全身をストレッチしよう【運動量ゼロ】姿勢も心も整える仰向けゆるストレッチ,https://news.yahoo.co.jp/articles/ef0d5eaad2555a3485443b6210d229f65f94a4ae,4/19(金) 21:15
yogajol,ヨガジャーナルオンライン,糖尿病予備軍といわれた人が気をつけるべき〈食べ方〉とは？「予備軍だから」と油断できない理由,https://news.yahoo.co.jp/articles/554d7c44155af166decd2a29cff0eddc7f568f5e,4/19(金) 21:05
yogajol,ヨガジャーナルオンライン,隙間時間に30秒！股関節の詰まりをほどく「大腿直筋ストレッチ」【開脚ポーズがみるみる上達】,https://news.yahoo.co.jp/articles/45657e474c7bfa8820594e9967363463686e965e,4/19(金) 20:30
yogajol,ヨガジャーナルオンライン,根は切る？袋のまま？知っておきたい【豆苗】の賢い保存方法と再収穫のコツ,https://news.yahoo.co.jp/articles/e1fc3e561d0cfa23ea0879ddb2830ea3a4e21a3a,4/19(金) 20:15
yogajol,ヨガジャーナルオンライン,都会に暮らす人は、食物繊維の消化能力が低下していることが判明！対処法は？【最新研究結果】,https://news.yahoo.co.jp/articles/17510b24a8b9724de67953a7ac966f5e7cd5e368,4/19(金) 20:00
yogajol,ヨガジャーナルオンライン,【旬のたけのこ】シャキシャ歯ごたえそのままに「おすすめ冷凍法」を管理栄養士が解説,https://news.yahoo.co.jp/articles/b1e84fac93f97c3305ec11f930c2d48f2a3e5282,4/18(木) 22:20
yogajol,ヨガジャーナルオンライン,脚の疲れや重さがスーッと楽になる【下半身のむくみ改善にも】壁をつかった脚上げポーズ,https://news.yahoo.co.jp/articles/97f4d3d5bc33c26a3a009c19d1159184fe66c259,4/18(木) 21:35
yogajol,ヨガジャーナルオンライン,じゃがいもを切ったら中に穴が！食べられる？穴が空いてないじゃがいもを選ぶコツは｜管理栄養士が解説,https://news.yahoo.co.jp/articles/fc462878c4164c834efef0e83eee471c20e94a4c,4/18(木) 20:30
yogajol,ヨガジャーナルオンライン,赤身肉やレバーだけじゃない「鉄分が豊富な野菜」３選｜管理栄養士が解説,https://news.yahoo.co.jp/articles/a736969079dbb341f054644725208123e76cf600,4/18(木) 19:40
yogajol,ヨガジャーナルオンライン,実は老ける原因になってしまう？朝イチで飲まないほうが良いNG飲み物３つ｜管理栄養士が解説,https://news.yahoo.co.jp/articles/a0bcf65cef8fe1769a1c32e38d18b69b707e6881,4/18(木) 6:10
yogajol,ヨガジャーナルオンライン,靴下の跡がくっきり残る人は試してみて【むくみのないほっそり脚を目指す】３分でできる立ったままヨガ,https://news.yahoo.co.jp/articles/9f18b8277dcb36834f5b0659e59b3538c212a874,4/17(水) 21:35
yogajol,ヨガジャーナルオンライン,【鍛え抜かれたボディを披露】48歳のデビッド・ベッカムが実践するエクササイズ「スナッキング」とは,https://news.yahoo.co.jp/articles/bfe0c8247b7d8e0a0d73ed623ff06bc4d3c024ed,4/17(水) 21:25
yogajol,ヨガジャーナルオンライン,精神科医が教える【断るのがラクになる、上手な断り方】断ることに罪悪感を抱いてしまう人に伝えたい,https://news.yahoo.co.jp/articles/aa117220b1794e238f7e56af77d7ab3f85c704a6,4/17(水) 20:15
yogajol,ヨガジャーナルオンライン,「ダイエット目的だったのに…プロテインを飲んだら太った！」管理栄養士が教える、肥満を防ぐ飲み方,https://news.yahoo.co.jp/articles/b657e43aec15e908d66e59b9f9d152d45cfb7685,4/17(水) 20:05
yogajol,ヨガジャーナルオンライン,【全力3分で下半身を引き締める】キツイけど効く。美脚・美尻・美ウエストをつくる「HIITトレ」,https://news.yahoo.co.jp/articles/a9e8673888b7d3d8cfcab168d874cccede1c1e0b,4/16(火) 22:15
yogajol,ヨガジャーナルオンライン,牛乳や小魚だけじゃない…野菜からも補給できる！カルシウムが豊富な野菜３選【管理栄養士が解説】,https://news.yahoo.co.jp/articles/b9c51b586310fb85eb38d9b67d51293144b7c238,4/16(火) 21:55
yogajol,ヨガジャーナルオンライン,話題の「８時間ダイエット」は心血管死リスクを91％も上昇させる！？【アメリカ心臓協会が警鐘】,https://news.yahoo.co.jp/articles/f128ee52b892264e7980d0faca385168389bf3a0,4/16(火) 21:35
yogajol,ヨガジャーナルオンライン,椅子に座る時間が長い人は股関節が疲れ気味。今から始めたい、股関節を労わる習慣＆ストレッチのやり方,https://news.yahoo.co.jp/articles/d5b4124c5a59d938847ba3a950c734de8be46d24,4/16(火) 19:10
yogajol,ヨガジャーナルオンライン,健康診断で「血圧が高い」と言われた…改善するために食事で対処できることは？管理栄養士が解説,https://news.yahoo.co.jp/articles/bf71127ab33906aefcade5237ad97dbfa311714f,4/16(火) 6:10
yogajol,ヨガジャーナルオンライン,更年期世代の「不眠」とコーヒーの関係｜年齢を重ねるごとにコーヒーで眠れなくなるのは本当？,https://news.yahoo.co.jp/articles/020d0f2523e4bc758d458f7b8a60f44a39c13717,4/15(月) 23:20
yogajol,ヨガジャーナルオンライン,なかなか眠れない人はぜひやって。寝つきを良くする！背中のコリをゆるめて快眠30秒ストレッチ,https://news.yahoo.co.jp/articles/27ecf18b98d9be6264957c78845030af1eef6717,4/15(月) 22:10
yogajol,ヨガジャーナルオンライン,首こりを放置すると不調が次々やってくるので危険！首こりが一発でスッキリする簡単ストレッチ,https://news.yahoo.co.jp/articles/25905b2f5ce1f6a23330f49b37cb6c883115baa3,4/15(月) 21:40
yogajol,ヨガジャーナルオンライン,ぷよんとした浮き輪肉に効果テキメン【簡単ネジるだけ】頑固な浮き輪肉をスルッと落とす３段階エクサ,https://news.yahoo.co.jp/articles/4bd9941c5be9288181afe3e6028a24a43703b4a6,4/15(月) 21:25
yogajol,ヨガジャーナルオンライン,たるんだ二重顎、ぼやけた顔の輪郭をシュッと引き締め！顎下の広頚筋ストレッチ,https://news.yahoo.co.jp/articles/fa37e67ef29bdca078c620ebb2f1e833178b340d,4/15(月) 21:10
yogajol,ヨガジャーナルオンライン,体幹を鍛える＆ガチガチもも裏をゆるめて丸い背中を伸ばす「杖のポーズ」【壁の前に座るだけ】,https://news.yahoo.co.jp/articles/3df74d35891df188e9f14ba4df98d20ad5078aa2,4/15(月) 19:50
yogajol,ヨガジャーナルオンライン,【なす】アクを抜かなくてもよい場合もある？管理栄養士が教える、なすの簡単な下処理の仕方,https://news.yahoo.co.jp/articles/89b051f7663b5cd8156e5bf50932ac220cd73e67,4/15(月) 18:50
yogajol,ヨガジャーナルオンライン,結婚前は「良い人」の仮面を被っている。 殴る・蹴るだけじゃない「DV」…モラハラとの違いは？,https://news.yahoo.co.jp/articles/37ce071bbe59978ed1e8ec7b1cb8dd05decdce9b,4/14(日) 21:40
yogajol,ヨガジャーナルオンライン,【股関節の詰まり・違和感を解消！】カチカチの股関節が30秒でゆるむ！「腸腰筋ストレッチ」,https://news.yahoo.co.jp/articles/999a815c15825c1c559da8911d18f8e2b4fcc48a,4/14(日) 20:45
yogajol,ヨガジャーナルオンライン,小松菜「黄色に変色」を防ぎたい…管理栄養士がおすすめしたい、小松菜の保存方法｜しっかり栄養も残る,https://news.yahoo.co.jp/articles/f97707153c360f7bad50a8c7a5d96fb7d030aebd,4/14(日) 18:30
yogajol,ヨガジャーナルオンライン,更年期の「汗が止まらない」、実はバセドウ病の可能性も？更年期症状との見分け方や違いは｜医師が解説,https://news.yahoo.co.jp/articles/dbf6cf331080ab16a7f0144936dc55cb5c1c8559,4/14(日) 8:20
yogajol,ヨガジャーナルオンライン,【旬の新じゃが】に加えるだけ！一緒に摂ると栄養吸収が高まる「ちょい足し食材」管理栄養士が解説,https://news.yahoo.co.jp/articles/508a7c01fd5af130804783eac1c5d9911303501e,4/14(日) 8:00
yogajol,ヨガジャーナルオンライン,マッサージに行ってもすぐぶり返す肩こりに効く【筋膜リリース】椅子に座ったままできて全くきつくない,https://news.yahoo.co.jp/articles/61cd541f33e7b93617e4c5682097f0a624cc50d0,4/13(土) 20:15
yogajol,ヨガジャーナルオンライン,だるい、眠い、気持ちが晴れない…胸を開いて体も心も上向きに！【春先の倦怠感に効くポーズ】,https://news.yahoo.co.jp/articles/3b5993aa5f7c94e268ec40f65c7df912154c247d,4/13(土) 19:50
yogajol,ヨガジャーナルオンライン,お酒をよく飲む人に不足しがちな栄養とは？お酒を健康的に楽しみたい人が「意識して食べるべき食材」,https://news.yahoo.co.jp/articles/a2e2e1ff72f54afec607b2a22780dffd622dd927,4/13(土) 19:05
yogajol,ヨガジャーナルオンライン,【腰痛予防に効果あり】硬くなったお尻と太ももの裏が気持ちよくほぐれるストレッチ,https://news.yahoo.co.jp/articles/ea0900ae6883dfbb69efb612c4aec14d7450d7ac,4/13(土) 18:50
yogajol,ヨガジャーナルオンライン,ふくらはぎは第二の心臓！血流も代謝もバランスもアップする超簡単ふくらはぎエクササイズ,https://news.yahoo.co.jp/articles/e150d9c46a2eb137bb39952340db8647f46b2281,4/12(金) 20:45
yogajol,ヨガジャーナルオンライン,「水をたくさん飲むべき人」とは？管理栄養士が教える、水をたくさん飲んだ方がいい人の特徴３つ,https://news.yahoo.co.jp/articles/57c9dbe1556c2ecbb35dba4795f936da86b45763,4/12(金) 20:30
yogajol,ヨガジャーナルオンライン,毎日食べているけど…もしかしてあなたも「新型栄養失調」？気をつけたい食事のポイント｜栄養士が解説,https://news.yahoo.co.jp/articles/fa70bffd11f5f6ee620a489d35f5db0f901dc1c9,4/12(金) 20:10
yogajol,ヨガジャーナルオンライン,つらい肩こり…それはガチガチの肩甲骨のせい！背骨と肩甲骨の間をゆるめる〈菱形筋ほぐしストレッチ〉,https://news.yahoo.co.jp/articles/dcddd74a1d63707a2c362e889b74c7eef67fc703,4/12(金) 19:50
yogajol,ヨガジャーナルオンライン,「たんぱく質だけ」と思っていない？「鶏のむね肉」を食べるメリット【管理栄養士が解説】,https://news.yahoo.co.jp/articles/9d41e2bc6d751956954da30fb63ab5a0f917cdce,4/12(金) 19:05
yogajol,ヨガジャーナルオンライン,アボカドの黒い部分、食べても大丈夫？食べごろを見分ける３つのポイントとは｜管理栄養士が解説,https://news.yahoo.co.jp/articles/b583d2e742182d380570f81e428b1775bfcd7e2c,4/12(金) 17:40
yogajol,ヨガジャーナルオンライン,ぽっこりお腹が引き締まり体幹が強くなる「HIITトレ」【40代向け！全力3分で痩せ体質に】,https://news.yahoo.co.jp/articles/6b35d8c48464e5438e218454cef9b579f584fe44,4/11(木) 22:00
yogajol,ヨガジャーナルオンライン,知ってた？【脚が太く見えるのは太ももの前側が硬いせい】自然にすらっとした美脚になるヨガストレッチ,https://news.yahoo.co.jp/articles/f8936e268c8eb593692496d74faad1a08e85dfe8,4/11(木) 21:45
yogajol,ヨガジャーナルオンライン,内ももの衰えが下半身太りの原因！【たった10回】寝たまま内ももを鍛えられる下半身痩せエクサ,https://news.yahoo.co.jp/articles/2497b0ee87f1c1e6b04ce11300d993de112c6881,4/11(木) 21:40
yogajol,ヨガジャーナルオンライン,月1回以上セックスしている60代は2割。中高年も性を楽しむヒントとは【専門医に聞いた】,https://news.yahoo.co.jp/articles/096ee3c6d99202697d2cda597e0e7abb57e523e2,4/11(木) 21:20
yogajol,ヨガジャーナルオンライン,いびきで友達と旅行できない…眠りが浅い…【睡眠専門医が教える】「いびき」の治し方,https://news.yahoo.co.jp/articles/8501cfb28a69d66d119552d913370f3dd9ddd787,4/11(木) 21:15
yogajol,ヨガジャーナルオンライン,肋骨を整体し見違えるほど姿勢が良くなる！【猫背を根本から改善】タオルを使った美姿勢エクササイズ,https://news.yahoo.co.jp/articles/a91af4afb289e22efdb17970ed70e3fac7297323,4/10(水) 21:30
yogajol,ヨガジャーナルオンライン,【たった10回で老廃物スッキリ】むくみ解消股関節ストレッチ｜春はデトックスに最適な季節！,https://news.yahoo.co.jp/articles/6d3b664b93b1806e397e2df34ef6953deaa91b91,4/10(水) 20:15
yogajol,ヨガジャーナルオンライン,頭と目の「どよ～んとした疲れ」を改善！頭を揺らすだけでいい・スッキリする30秒のタオルほぐし,https://news.yahoo.co.jp/articles/aec089deeaaedbd4b9a10abf5f2c321ea7066e00,4/10(水) 19:45
yogajol,ヨガジャーナルオンライン,〈春キャベツと豚肉のオイスター炒め〉で代謝アップ！1品でできるスローダイエット｜管理栄養士監修,https://news.yahoo.co.jp/articles/193a53df0de582f9be6ef663843646428cbeba19,4/10(水) 19:20
yogajol,ヨガジャーナルオンライン,中が赤いごぼうは食べても大丈夫？ごぼうが赤くなる原因と正しい保存法は｜管理栄養士が徹底解説,https://news.yahoo.co.jp/articles/693758074da50111c6c4ca6515ef12d868dfbb09,4/10(水) 19:10
yogajol,ヨガジャーナルオンライン,【春の山菜】は食べないと損！山菜の知られざる栄養効果と「アク抜きをなしにできる調理法」栄養士解説,https://news.yahoo.co.jp/articles/d3f836eeb7dafd452d7b99e957dcbbaa6c259e6f,4/10(水) 18:50
yogajol,ヨガジャーナルオンライン,〈猫背改善〉曲がった背中は「反らしポーズ」で元通り！背骨の動きをスムーズにするポーズ２選,https://news.yahoo.co.jp/articles/a80bdc581ee3197e4e9f89eae891c7acfcde45a0,4/9(火) 22:20
yogajol,ヨガジャーナルオンライン,バキバキ肩甲骨がゆるゆるに。タオルを使った簡単ストレッチ｜上半身も引き締まる！,https://news.yahoo.co.jp/articles/2ec23ace4f6ad720e43e14abaa56c5db82301075,4/9(火) 22:05
yogajol,ヨガジャーナルオンライン,【翌朝のお通じスッキリ！】仰向けで体を左右にねじるだけ「腸活ヨガ」でデトックス,https://news.yahoo.co.jp/articles/27c9b5a633ea9bbde5c1ee3ef7ffe664d6b0e223,4/9(火) 21:50
yogajol,ヨガジャーナルオンライン,健康診断でコレステロール値が高めといわれた…どうすれば良い？食事での対策を管理栄養士が解説,https://news.yahoo.co.jp/articles/0b330aed15e3bab5467f5312e396bdc80c1d2d6c,4/9(火) 21:35
yogajol,ヨガジャーナルオンライン,〈唐揚げに大根おろし〉美味しいだけじゃない。一緒に食べることで得られる効果とは？管理栄養士が解説,https://news.yahoo.co.jp/articles/88090b4bd9ae5b66d7e9fd986cf54257a592a183,4/9(火) 21:20
yogajol,ヨガジャーナルオンライン,たるんだ脇腹は伸ばして引き締める！立ったままどこでもできる「くびれ復活」簡単タオルストレッチ,https://news.yahoo.co.jp/articles/fdae8e37e9bfd9b624c31dada5b5b757aa1273c7,4/8(月) 21:30
yogajol,ヨガジャーナルオンライン,80年代にアイドル的人気を誇ったアリッサ・ミラノ（51歳）の現在｜SNSで美腹筋を大胆披露！,https://news.yahoo.co.jp/articles/78eba1bfddf3f3e0a48d143c645b0a079bd93e05,4/7(日) 22:05
yogajol,ヨガジャーナルオンライン,更年期の動悸、実は更年期症状ではない場合も？命に関わるような病気の可能性もある。違いは｜医師解説,https://news.yahoo.co.jp/articles/76866676f9719cdb99085293eef4719831cc8640,4/7(日) 21:30
yogajol,ヨガジャーナルオンライン,中高年のセックスの実態とは？60代から“最高のセックス”をするために必要なこと【専門医に聞く】,https://news.yahoo.co.jp/articles/3364313da11eb3e011d51d56aa21f30380996b6f,4/7(日) 21:15
yogajol,ヨガジャーナルオンライン,お腹の脂肪をごっそり落とす！椅子に座ってインナーマッスルを鍛える脚上げエクサ【たった５回でいい】,https://news.yahoo.co.jp/articles/3b97bc7ecdce4f064e84a59b0bbb4c330e699be7,4/7(日) 20:45
yogajol,ヨガジャーナルオンライン,【緑の野菜を毎日食べたほうがよい理由】緑色野菜に含まれるスーパーミネラルとは？,https://news.yahoo.co.jp/articles/2f7680aa54d49ecae90bc68277e19727f0d65e5d,4/7(日) 20:15
yogajol,ヨガジャーナルオンライン,【疲労や老廃物をリリース】緊張で硬くなりがちな背中がほぐれるエクサ｜上にまっすぐ伸ばすだけ！,https://news.yahoo.co.jp/articles/d42c6eef4fa91e10569fddf37e07fa644d31a845,4/7(日) 19:50
yogajol,ヨガジャーナルオンライン,肉や魚、大豆を思い浮かべがちだけど…意外とたんぱく質が多い食べ物とは？管理栄養士が解説,https://news.yahoo.co.jp/articles/9b38b994c2d9f1d5a969fd1df1a19e6a57fea3a2,4/7(日) 19:45
yogajol,ヨガジャーナルオンライン,「炭酸水」そのまま飲んだら損！足すだけで痩せ体質を目指せる意外なモノとは？管理栄養士が提案,https://news.yahoo.co.jp/articles/06efac4ae1ec861157e728638a259e9c7f37d669,4/7(日) 7:25
yogajol,ヨガジャーナルオンライン,お風呂上がりにすぐ！で痩せやすい体に「ゴールデンタイム簡単ストレッチ」【40代50代にぴったり】,https://news.yahoo.co.jp/articles/09c4c3c102cbec26bb6160476ce7a835b92a9c7f,4/6(土) 21:30
yogajol,ヨガジャーナルオンライン,【足の裏をもむだけで痩せ体質に】毎日たった3分！アロマを使った「足もみ」,https://news.yahoo.co.jp/articles/7f795688ec0516f594728fa2a9906b86d7ff4e40,4/6(土) 21:15
yogajol,ヨガジャーナルオンライン,ムリなく力まず前屈がスルッと深まる！股関節・もも裏・肩に効かせる〈船漕ぎストレッチ〉,https://news.yahoo.co.jp/articles/2bcec412a3c3b531c162c8968a6bfd6029292aa5,4/6(土) 21:10
yogajol,ヨガジャーナルオンライン,「糖尿病予備軍」といわれた人が食べた方がいいもの・食べない方がいいものは？管理栄養士が解説,https://news.yahoo.co.jp/articles/2c192a83dd53e5836ab5bb1bdba31405fe8f7aa2,4/6(土) 20:50
yogajol,ヨガジャーナルオンライン,もも裏が硬いと腰痛・垂れ尻の原因に…！硬いハムストリングスをじわじわ伸ばす３ステップエクサ,https://news.yahoo.co.jp/articles/aeab4219356a7186ece158646aadc64f937d67eb,4/5(金) 21:20
yogajol,ヨガジャーナルオンライン,ガニ股ポーズをするだけで【内腿のたるみ】がすっきり！キュッと細い太ももを手にいれる簡単ストレッチ,https://news.yahoo.co.jp/articles/a93a91acf797932a9e56ffed3926224e3df22ce2,4/5(金) 20:15
yogajol,ヨガジャーナルオンライン,〈損する食べ合わせ〉わかめとネギ、実は一緒に食べない方がいい？管理栄養士の回答は,https://news.yahoo.co.jp/articles/3a162a84b22a8843c7f825e40887b44732c31c7c,4/5(金) 20:05
yogajol,ヨガジャーナルオンライン,〈ダイエットの落とし穴〉低カロリー食材「こんにゃく」を取り入れるときの注意点は？管理栄養士が解説,https://news.yahoo.co.jp/articles/f0ccf506c0f1ca94d94106d05073996badca1599,4/5(金) 19:05
yogajol,ヨガジャーナルオンライン,キムチのダイエット効果を上げるには朝と夜どっちに食べるべき？管理栄養士の提案は,https://news.yahoo.co.jp/articles/84bf3c99ebf12b035da3ae11508c598a290d5fd8,4/5(金) 6:05
yogajol,ヨガジャーナルオンライン,【健康診断】肝臓の数値が高いといわれた…下げるために意識すべき食事のポイントは｜管理栄養士が解説,https://news.yahoo.co.jp/articles/8ddd679a0270d4b0db976a35629bfa87873a2abb,4/5(金) 5:50
yogajol,ヨガジャーナルオンライン,更年期世代の頭痛、実は高血圧が原因？更年期の頭痛と高血圧との見分け方や違い｜医師が解説,https://news.yahoo.co.jp/articles/d36c58cf59909f7c2b0ee6f7bafb12fecdf8b44f,4/4(木) 21:35
yogajol,ヨガジャーナルオンライン,【肩こり・腰痛の原因】無自覚「巻き肩」の人が急増中！？壁を使ってできる「肩の位置を戻すほぐし技」,https://news.yahoo.co.jp/articles/97b82c162f120eb889a617e7f057b5bc212d4b2e,4/4(木) 21:30
yogajol,ヨガジャーナルオンライン,"お腹まわりに特化した３つの""効く""エクサ【一度つくとなかなか取れない40代のしつこい浮き輪肉に】",https://news.yahoo.co.jp/articles/765482ac7073b6c3de9790cc0a75e20e0c38d76d,4/4(木) 21:15
yogajol,ヨガジャーナルオンライン,股関節とお尻が硬いと不調につながりやすい。股関節とお尻を伸ばしてほぐす壁を使った4の字ストレッチ,https://news.yahoo.co.jp/articles/d01c2a54d1fbefdfbd058b4fa34b73bd6e6688d7,4/4(木) 19:50
yogajol,ヨガジャーナルオンライン,にんじんを切ったら穴が…！穴の開いたにんじんは食べられる？管理栄養士が回答,https://news.yahoo.co.jp/articles/0b6adc653923929886357d78bc4ce5de0a8a111f,4/4(木) 19:15
yogajol,ヨガジャーナルオンライン,「ラーメンに酢を入れる」美味しいだけじゃない？意外な効果は｜管理栄養士が解説,https://news.yahoo.co.jp/articles/0267c41b0e13d03de7e21702f1c17261a7807103,4/4(木) 18:50
yogajol,ヨガジャーナルオンライン,〈新じゃが〉「皮ごと食べていい」と言われるけど…皮についた土、どこまで落とすべき？栄養士が解説,https://news.yahoo.co.jp/articles/be7577d2f9aadf8fb8784be1e82aead4bced5c15,4/4(木) 17:50
yogajol,ヨガジャーナルオンライン,【40代からの、もたつくお腹まわりに効かせる】たった10回キュッと引き締め、くびれエクササイズ,https://news.yahoo.co.jp/articles/4f9db869cd4a3c66ed02de0e936399e815e47dd4,4/3(水) 22:45
yogajol,ヨガジャーナルオンライン,血圧が上がる原因かも…実はやりがちだけど入浴後に飲まない方が良い飲み物は？管理栄養士が解説,https://news.yahoo.co.jp/articles/1fec2cbb97eeef9d4d06d25f704c5317120e1a75,4/3(水) 22:20
yogajol,ヨガジャーナルオンライン,〈干し芋〉ダイエットに有効？あの濃厚な甘みの正体は？栄養価とおすすめの取り入れ方,https://news.yahoo.co.jp/articles/421a75aabe45d0f1828dec0257b2097460a7957a,4/3(水) 22:05
yogajol,ヨガジャーナルオンライン,全力3分で腹横筋を鍛え上げる！お腹の脂肪を一気に燃やす「HIITトレ」【40代からの下腹部痩せ】,https://news.yahoo.co.jp/articles/aac390c9caf8adb5504576d3d97c0f0835b50faf,4/3(水) 21:50
yogajol,ヨガジャーナルオンライン,【メンタルが強い人の考え方】ストレスに負けない！精神科医が教える「強い心」を作るための３つの秘訣,https://news.yahoo.co.jp/articles/23c9b90d30cad8e5766bf65be0c1c8978a378b84,4/3(水) 19:30
yogajol,ヨガジャーナルオンライン,ガチガチに硬い股関節に効く！みるみる股関節が柔らかくなる【クッション使ったゆるほぐしストレッチ】,https://news.yahoo.co.jp/articles/fc3b4752eb8009222f9d90aba1f2066fb4726c9c,4/2(火) 21:15
yogajol,ヨガジャーナルオンライン,【下半身が爆痩せ！】血行改善が鍵！股関節を動かし、むくみも脂肪も撃退「スリーエクササイズ」,https://news.yahoo.co.jp/articles/4b541247f3211db67a7ac9a12b1d354e2686acbe,4/2(火) 21:05
yogajol,ヨガジャーナルオンライン,痩せていても要注意！病気のリスクを高める〈内臓脂肪〉食事でも減らせる？管理栄養士が解説,https://news.yahoo.co.jp/articles/641b9106ff5b37fec5c346384eb0af65fc7078ec,4/2(火) 20:30
yogajol,ヨガジャーナルオンライン,40代からの〈お腹の脂肪〉がごっそり消える｜キツくないのに効果抜群「ヒールアップレッグレイズ」,https://news.yahoo.co.jp/articles/ac96f3490a18e921fd150ce49e9f2f7b5908675b,4/2(火) 20:10
yogajol,ヨガジャーナルオンライン,たんぱく質は「食べるタイミング」が重要！効率よく吸収できるのは朝食？夕食？管理栄養士が回答,https://news.yahoo.co.jp/articles/b9d83f50509a84101967b7b3283888093b216afb,4/2(火) 17:55
yogajol,ヨガジャーナルオンライン,お肉たっぷりの背中を最短でスッキリさせる「ローイングエクサ」【40代以降の浮き輪肉に効く】,https://news.yahoo.co.jp/articles/a1d616bd6038687e81e51fbe7c4449b7ea34eeb1,4/1(月) 22:10
yogajol,ヨガジャーナルオンライン,わき腹のたるみ脂肪がすっきり！たった１分「かんぬきのポーズ」【ストレッチ初心者におすすめ】,https://news.yahoo.co.jp/articles/e73bf7081714ec7ab3412d3d4a5c0f544d2da563,4/1(月) 21:45
yogajol,ヨガジャーナルオンライン,「良かれと思ってやっていたのに」ダイエットや腸活にとって悪影響な〈NG食習慣〉とは？栄養士が解説,https://news.yahoo.co.jp/articles/8b3123a6ec9379af22c36160ee623ab99b9183b9,4/1(月) 21:30
yogajol,ヨガジャーナルオンライン,腹筋の効果がソッコー爆上がり「筋膜硬いのもったいない！」くびれにつながるお腹の筋膜リリース,https://news.yahoo.co.jp/articles/08fd2de6482cf9538ce87ce475c629f0b615f0a2,4/1(月) 20:20
yogajol,ヨガジャーナルオンライン,妊娠すると貧血になりやすいのはなぜ？貧血予防におすすめの食材＆食べ方とは｜管理栄養士が解説,https://news.yahoo.co.jp/articles/0864752a8ee283bb87da6ed9cbfc3b8fb053c81d,4/1(月) 20:15
yogajol,ヨガジャーナルオンライン,股関節がみるみる柔らかくなる「らくらくピラティスエクサ」仰向けで5分！股関節の詰まり感を解消,https://news.yahoo.co.jp/articles/8e1925ed904f00ea48f9e487434fea341e13da80,3/31(日) 21:15
yogajol,ヨガジャーナルオンライン,更年期の膝痛のカギは太ももの裏だった？ハムストリングス強化エクサ【簡単１分】,https://news.yahoo.co.jp/articles/8e8bfe74861658a6dbf7b57275c0ecb08e28bbf1,3/31(日) 20:45
yogajol,ヨガジャーナルオンライン,【50代からのラクして腹筋】お腹まわりと下半身を一度に引き締める！きつくない「ピラティスエクサ」,https://news.yahoo.co.jp/articles/493d40212dadf9aa5daa8b0e0db13975a6b87b11,3/31(日) 20:05
yogajol,ヨガジャーナルオンライン,認知症と間違えやすい〈高齢者のうつ〉。認知症との大きな違いは？予防法は？精神科医が解説,https://news.yahoo.co.jp/articles/50fbfbc249442f14deb9e1a982a61bf4f71c8d1c,3/31(日) 19:40
yogajol,ヨガジャーナルオンライン,人にうつるイボとうつらないイボ、何が違う？「たかがイボ」と放置してはいけない理由とは｜医師が解説,https://news.yahoo.co.jp/articles/f969f2c9f9813450c9926ea2658acea3aa60e521,3/31(日) 18:50
yogajol,ヨガジャーナルオンライン,【キャベツ】に加えると、もっと腸が整う！キャベツの腸活効果がアップする食べ方を栄養士が提案,https://news.yahoo.co.jp/articles/1f0abdb33dc603faf80850a45e6206859d7cd821,3/31(日) 17:00
yogajol,ヨガジャーナルオンライン,「寝つけない」「何度も目がさめる」不眠に悩む人やってみて！スーッと眠れる〈大腰筋ストレッチヨガ〉,https://news.yahoo.co.jp/articles/6fa11a5710d4fbd5854aefaf9093c0546b871ba4,3/30(土) 22:40
yogajol,ヨガジャーナルオンライン,〈じゃがいも〉一緒に保管するだけで芽を出にくくする意外な果物とは？管理栄養士が解説,https://news.yahoo.co.jp/articles/a3665ec34b37ef503113dd35162139eb48de58d5,3/30(土) 21:30
yogajol,ヨガジャーナルオンライン,「股関節の動きに違和感がある」「硬さが気になる」ガチガチ股関節の動きをなめらかにする股関節ワーク,https://news.yahoo.co.jp/articles/d7e544b17803cca38df55831a21887c3e6ba7d0f,3/30(土) 21:15
yogajol,ヨガジャーナルオンライン,流産の過去や飲酒を辞めた経験を告白したアン・ハサウェイが語る、健康のために「やめたこと」,https://news.yahoo.co.jp/articles/8d2912a336b66230d839b53ad0e8960d902062c4,3/30(土) 21:05
yogajol,ヨガジャーナルオンライン,【卵かけご飯にちょい足しするだけ】旨味＆栄養価がUPする「意外な食材」って？管理栄養士が提案,https://news.yahoo.co.jp/articles/82dca9f1643969859cd8790a810be0617e14a0f7,3/30(土) 7:30
yogajol,ヨガジャーナルオンライン,「太っていない40代」はすでに知っている〈スローダイエット〉について管理栄養士が教えます！,https://news.yahoo.co.jp/articles/b756b749c8a48db9fbc884c9543e19630f4be50b,3/30(土) 7:00
yogajol,ヨガジャーナルオンライン,「夫とのセックスが楽しくない…でも恥ずかしくで言えない。話し合いのコツは？」性の専門家が回答,https://news.yahoo.co.jp/articles/16d3ceb53e0c54773b4edb1340435e803755f708,3/29(金) 23:00
yogajol,ヨガジャーナルオンライン,ウォーキングやランニング、有酸素運動の後に食べるべきものは？管理栄養士が教えるダイエット,https://news.yahoo.co.jp/articles/44b57f323767cd3b84b633659a77311411a59f42,3/29(金) 20:50
yogajol,ヨガジャーナルオンライン,50歳からの「お尻たるみ」解消！寝たままできるヒップリフトエクササイズ〈橋のポーズの進化型〉,https://news.yahoo.co.jp/articles/93a935bb54b7aa439a83ce5bfe7cb14e0a9598be,3/29(金) 20:45
yogajol,ヨガジャーナルオンライン,痩せにくくなった50代がダイエットを成功させるコツ３選とおすすめの背中ほぐし,https://news.yahoo.co.jp/articles/ce3d3a695339910c8915cf9641bf39de09488acc,3/29(金) 20:10
yogajol,ヨガジャーナルオンライン,【アボカド】に加えるだけで、もっと腸が整う「意外な食材」とは？管理栄養士が提案,https://news.yahoo.co.jp/articles/be27a35c7b3900d357c914ae8fe809714d713d32,3/29(金) 20:05
yogajol,ヨガジャーナルオンライン,〈大根の葉っぱ、捨てないで！〉根より栄養が多い「葉の栄養価」と「大根の長期保存法」を栄養士が解説,https://news.yahoo.co.jp/articles/9d7c41311cd1ca31ef65f026a5a0ab3e047014a6,3/29(金) 19:30
yogajol,ヨガジャーナルオンライン,〈タンパク質クイズ〉カマンベールチーズとクリームチーズ、タンパク質が多いのはどっち？,https://news.yahoo.co.jp/articles/dc45b4786c73b9007ff2fbf6fd03eb36638f6a42,3/29(金) 19:20
yogajol,ヨガジャーナルオンライン,3～4時間の睡眠に匹敵する？Google CEOも実践する「NSDR」とは【睡眠不足の人に朗報】,https://news.yahoo.co.jp/articles/7f6615a082ddd9b86f9f9554b38b3fd33df91e26,3/28(木) 21:55
yogajol,ヨガジャーナルオンライン,〈ひとつのポーズで全身に効く〉姿勢の悪さからくる肩こりも軽くなる！膝曲げダウンドッグ,https://news.yahoo.co.jp/articles/dab16dfd431ee804eddf33acf90fc7926c254736,3/28(木) 20:20
yogajol,ヨガジャーナルオンライン,野菜くずを捨てないで！管理栄養士が教える、野菜を無駄なく摂取できる「べジブロス」の作り方,https://news.yahoo.co.jp/articles/a6b54e7f352963cb71d206dd3f74a6cd7c7ae165,3/28(木) 19:55
yogajol,ヨガジャーナルオンライン,〈旬のいちご〉冷蔵より「冷凍」のほうが栄養価が落ちない？おすすめの冷凍法とあわせて栄養士が解説,https://news.yahoo.co.jp/articles/bc17d9a8d874b13974bd67496a2b2ffb01a0244c,3/28(木) 19:30
yogajol,ヨガジャーナルオンライン,誰にも訪れる死を森づくりに。「循環葬 」CEOに聞く、多死社会における死と葬法の選択肢の重要性,https://news.yahoo.co.jp/articles/ea7482147871dd5b3b4d31b82d5aec693beae3f9,3/28(木) 18:20
yogajol,ヨガジャーナルオンライン,春のアスパラガス、栄養価は冬の７倍！効率よく栄養吸収できる組み合わせ食材とは｜管理栄養士が解説,https://news.yahoo.co.jp/articles/b6ddc7a3ccc0a29e781da9b8bef5401ba116e3cc,3/28(木) 18:00
yogajol,ヨガジャーナルオンライン,〈下半身が痩せない40代〉を救う！全力3分の筋トレ×有酸素運動でみるみる細くなる「HIITトレ」,https://news.yahoo.co.jp/articles/b7c224abbad695e04b992dfd3d2c2300fe16fece,3/27(水) 21:40
yogajol,ヨガジャーナルオンライン,更年期世代はぜひやって！膝と股関節を守るための３つの内転筋エクササイズ,https://news.yahoo.co.jp/articles/fc595099529f55cb32dd70a8b65f50332ee968b0,3/27(水) 21:15
yogajol,ヨガジャーナルオンライン,痛風や尿酸値が気になる人は知っておきたい！プリン体が意外と少ない食べ物とは｜管理栄養士が解説,https://news.yahoo.co.jp/articles/6eb434c8aecae307e295c7cfac68f46d6846eb23,3/27(水) 21:05
yogajol,ヨガジャーナルオンライン,更年期の不正出血を放置してはいけない理由｜実は深刻な病気の可能性もある？医師が解説,https://news.yahoo.co.jp/articles/b74de3158a4eb002dff593f6e6d761f6af8d3f32,3/27(水) 20:40
yogajol,ヨガジャーナルオンライン,「動かない人」はもも裏と股関節まわりが硬い。硬さをゆるめてむくみも解消、仰向けタオルストレッチ,https://news.yahoo.co.jp/articles/bd15e726e7884018d528c4f31749227c398e728c,3/27(水) 20:15
yogajol,ヨガジャーナルオンライン,パスタとラーメン、太るのはどっち？カロリーや脂質、塩分量…管理栄養士が比較して解説,https://news.yahoo.co.jp/articles/372613aa58c43834ea9552a0646699c1e99f15e8,3/27(水) 19:30
yogajol,ヨガジャーナルオンライン,お肉だけじゃない！管理栄養士が教える「たんぱく質が豊富な野菜」ベスト3,https://news.yahoo.co.jp/articles/e429142a7890b7ff7bceb2da58c6141f96681787,3/27(水) 18:05
yogajol,ヨガジャーナルオンライン,ダイエット中でも安心＆ダイエット中こそ食べたい！腸がととのう「おやつ」とは｜管理栄養士が提案,https://news.yahoo.co.jp/articles/b703b11e72009a0b950b701b553b03d6efd50c6e,3/27(水) 17:10
yogajol,ヨガジャーナルオンライン,ぽっこりお腹・脇腹のたるみ解消！腹筋運動が苦手でもできる〈うつ伏せで脚パタパタエクサ〉,https://news.yahoo.co.jp/articles/019236a1bc2d75fb6c0f37758e9186502c5bc4c0,3/26(火) 22:20
yogajol,ヨガジャーナルオンライン,【1日の終わりのストレスリセットに】自律神経を整え、眼精疲労にも効く「ウサギのポーズ」,https://news.yahoo.co.jp/articles/01625e879ca9ee0c98c4186855644851e4ee37a8,3/26(火) 22:10
yogajol,ヨガジャーナルオンライン,「環境の変化に弱い…」精神科医が教える予防と対策法「自己効力感」を育てるコツとは,https://news.yahoo.co.jp/articles/822a39a2d26672efb213dfe8f172b9434e0c5aac,3/26(火) 21:45
yogajol,ヨガジャーナルオンライン,腸が乱れると血糖値が上がる？ダイエットに「腸」が大切な理由｜腸の乱れは「血糖値の乱れ」,https://news.yahoo.co.jp/articles/d18448aa544d021f4d82e84721fd4799988ce264,3/26(火) 21:40
yogajol,ヨガジャーナルオンライン,ドライアイ「マイボーム腺機能不全( M G D )」に目薬以外の選択肢、新治療「IPL」とは？,https://news.yahoo.co.jp/articles/baed95abcf8e5d8362d8ce0e6d0195f58b91f3e2,3/26(火) 20:10
yogajol,ヨガジャーナルオンライン,【旬の春キャベツ】切り方の違いで「ふわふわ」にも「シャキシャキ」にも！ポイントを栄養士が解説,https://news.yahoo.co.jp/articles/2d145d97e662f1aae3ee93a6fd499ef3833b5372,3/26(火) 20:00
yogajol,ヨガジャーナルオンライン,疲れた日に食べるべきものとは？スーパーやコンビニで買える３つの食べ物｜管理栄養士が解説,https://news.yahoo.co.jp/articles/8898230025f0a6318ac490564b9dc3d88e6c115c,3/26(火) 19:45
yogajol,ヨガジャーナルオンライン,座りっぱなしからくる腰痛の予防や緩和に【1分で楽に伸ばす】椅子を使った「深く曲げない前屈」,https://news.yahoo.co.jp/articles/b8cb79ceb84de2554d1fe7d4b14a0a38d70811ea,3/25(月) 21:30
yogajol,ヨガジャーナルオンライン,ジェニロペ、デュア・リパ も！セレブ大絶賛の「オリーブオイルを飲む健康法」…効果のほどは？,https://news.yahoo.co.jp/articles/3c18399d16794343284440b586219d130843d881,3/25(月) 20:45
yogajol,ヨガジャーナルオンライン,【夕方、靴下の跡がくっきり】そのむくみ足首の硬さが原因かも…足トラブルを解消「足首ストレッチ」,https://news.yahoo.co.jp/articles/df50fdde53d0ed5f3fcd3a10503c1254df4aa216,3/25(月) 19:50
yogajol,ヨガジャーナルオンライン,ベビーリーフのベストな洗い方「ザルだと汚れが取りきれない」「洗うとぐちゃぐちゃに…」解決策は？,https://news.yahoo.co.jp/articles/f1aa8b179c49017f7bec6d12039acab8d6cfd78e,3/25(月) 19:10
yogajol,ヨガジャーナルオンライン,【旬のスナップエンドウ】茹で方次第で食感が変わる！スナップエンドウの正しいゆで方,https://news.yahoo.co.jp/articles/f266305c3c8184f5cced7c7a8be4539d1512996f,3/25(月) 17:15
yogajol,ヨガジャーナルオンライン,「うどん」と「パン」どっちが太る？カロリー、糖質、栄養バランス…管理栄養士が比較して解説,https://news.yahoo.co.jp/articles/0608b29a422c5e2579e8e22306f251e3073a9bdb,3/25(月) 6:05
yogajol,ヨガジャーナルオンライン,〈グレープフルーツ〉ホワイトとルビー、美容や健康に気を使う場合はどちらがおすすめ？栄養士が解説,https://news.yahoo.co.jp/articles/4b1f6d057de654bb18c36cedc7f1885fee33ce2a,3/25(月) 5:50
yogajol,ヨガジャーナルオンライン,【40代ズボラさん向け脚痩せ】全力3分！たるんだ太腿がすっきり見違える「HIITトレ」,https://news.yahoo.co.jp/articles/f9df3c014dde20d89c3bc61be44cfab424be2898,3/24(日) 22:30
yogajol,ヨガジャーナルオンライン,冬が終わっても冷えは続くよ…【冷えによる腰痛に悩める人に】ポカポカ下半身ストレッチ,https://news.yahoo.co.jp/articles/38eed4ae2436092d5083f8f5516f819ae4b49d44,3/24(日) 22:10
yogajol,ヨガジャーナルオンライン,「福祉に頼りながら生きるのも自立」という考え方に学んだこと【発達障がい漫画作者インタビュー】,https://news.yahoo.co.jp/articles/80edde141c6457bc1305df3061abede3ff00dc19,3/24(日) 21:40
yogajol,ヨガジャーナルオンライン,「ちょっと歩いただけですぐにグッタリ…」それは歳のせいじゃない！疲れにくい体を作るストレッチ2選,https://news.yahoo.co.jp/articles/882207731020e7fe439708c1a856faf5dda4b821,3/24(日) 21:10
yogajol,ヨガジャーナルオンライン,健康診断の前日の食事は何時まで？当日の朝食は絶対にNG？知っておくべき食事の注意点｜栄養士が解説,https://news.yahoo.co.jp/articles/4a965497c8efe0e2e3e7101cd0fe0f4dffcd4ba0,3/24(日) 19:10
yogajol,ヨガジャーナルオンライン,万年肩こりの新習慣。肩がこったらまずやろう！隙間時間でOK〈肩の緊張をゆるめるストレッチ〉,https://news.yahoo.co.jp/articles/ccd8cc660a21f0ac39114b7356b7861b436acb64,3/24(日) 17:50
yogajol,ヨガジャーナルオンライン,〈サニーレタス・グリーンリーフ・サラダ菜〉特徴を知ってもっと美味しく！使い分けのポイントは？,https://news.yahoo.co.jp/articles/209db38200df29bcc2e9198d85a18c0d74d53772,3/24(日) 8:00
yogajol,ヨガジャーナルオンライン,本格的な運動なして脚痩せを目指せる！【引き締めたい人はこれやって】内ももすっきり膝パタパタ運動,https://news.yahoo.co.jp/articles/14a00cfe6e2c26ebfef0f9a2fb046793cb69f21b,3/24(日) 7:40
yogajol,ヨガジャーナルオンライン,〈ヨーグルト〉組み合わせるともっと腸がよろこぶ「意外な食材」とは｜管理栄養士が提案,https://news.yahoo.co.jp/articles/370c03a02fec3a9a5209c013ffd2077071028afe,3/24(日) 7:15
yogajol,ヨガジャーナルオンライン,溜まった老廃物スッキリ「キャットアンドカウ」のポーズ〈ガンコな便秘解消に！〉,https://news.yahoo.co.jp/articles/98e167848f5981f2e77c70c93b8a9776d895b918,3/23(土) 22:45
yogajol,ヨガジャーナルオンライン,静かなる警告？最新研究結果で全てのヒト胎盤からマイクロプラスチックが見つかる,https://news.yahoo.co.jp/articles/2588c12247e923f3d9bbed1c0dec16d9c90735cd,3/23(土) 22:15
yogajol,ヨガジャーナルオンライン,もんでまわして気持ちいい「第二の心臓・ふくらはぎストレッチ」【腰痛改善】にも効果あり！,https://news.yahoo.co.jp/articles/47022af0d5384bfa3863c4e59c864cc9c5186ce4,3/23(土) 22:10
yogajol,ヨガジャーナルオンライン,たった2分で寝落ち確定！バキバキの背中を気持ちよくゆるめるほぐしワザ,https://news.yahoo.co.jp/articles/8ceed04581a369f2f5d8c4d787db2bdf6b18922e,3/23(土) 21:50
yogajol,ヨガジャーナルオンライン,「走った後にご褒美」で食べてしまいがち。有酸素運動した後に食べないほうがいいものは？栄養士が解説,https://news.yahoo.co.jp/articles/0fad629732f1559e8797fd7cabee5f3354152f0b,3/23(土) 21:35
yogajol,ヨガジャーナルオンライン,40代からの運動不足解消【たった30秒で効く】座ったまま脚上げエクササイズ,https://news.yahoo.co.jp/articles/4dc17560cca0340e83b00e350a0d8d779005f152,3/23(土) 21:20
yogajol,ヨガジャーナルオンライン,54歳、SNSで眩しいビキニ姿を披露したヘザー・グラハム、若さを保つ秘訣…驚きの「睡眠法」とは？,https://news.yahoo.co.jp/articles/a388e5bc33b0a83ef293528c8c3ad9e8ea858c75,3/22(金) 22:15
yogajol,ヨガジャーナルオンライン,生活習慣病を招く「内臓脂肪」増える原因と摂取カロリーを抑える6つのポイントは,https://news.yahoo.co.jp/articles/d45369c27b745082a436c41dd46f443f9acf20d3,3/22(金) 21:50
yogajol,ヨガジャーナルオンライン,一緒に食べるだけ！女性に必須の【鉄分】吸収率をアップさせる栄養素・食材とは？,https://news.yahoo.co.jp/articles/d48769d43a78a682aad6d932daa1a5f9944eb21c,3/22(金) 21:45
yogajol,ヨガジャーナルオンライン,もみもみするだけで辛い肩こりが楽になる！今すぐできる〈たった１分・脇の下ほぐし〉,https://news.yahoo.co.jp/articles/2f4e430f6591eaf32fad77695556d411ba3e9053,3/21(木) 22:15
yogajol,ヨガジャーナルオンライン,ふくらはぎのポンプ作用を働かせてむくみとり！華奢な足首になる基本の足首ストレッチ〈毎日20回〉,https://news.yahoo.co.jp/articles/0b7b72f863a97ac999ff201bc534583eafd71fe3,3/21(木) 22:00
yogajol,ヨガジャーナルオンライン,〈鮭フレークと焼き鮭〉栄養価は同じ？鮭フレークでも魚を食べてるとカウントしてもいい？栄養士が回答,https://news.yahoo.co.jp/articles/086c5280a2f4b476e50177cb7f11665f79ef7213,3/21(木) 21:55
yogajol,ヨガジャーナルオンライン,さやえんどう・スナップエンドウ・グリーンピース…何が違う？管理栄養士が解説,https://news.yahoo.co.jp/articles/ca01d375c9aeabe97d87eadbd8be861dfb3226be,3/21(木) 21:35
yogajol,ヨガジャーナルオンライン,"カッコ悪い「スマホ首」はもう卒業！""体のプロ""理学療法士によるスマホ首解消ワーク3選",https://news.yahoo.co.jp/articles/d57da2721af1bca3483728a8344a43728397ebd1,3/20(水) 20:30
yogajol,ヨガジャーナルオンライン,〈じゃがいも〉冷蔵する？しない？水にさらす？さらさない？気になる疑問に管理栄養士が回答,https://news.yahoo.co.jp/articles/ad7a659a4989ab58849d0d853159290b428dad65,3/20(水) 20:10
yogajol,ヨガジャーナルオンライン,スルッと開脚できるようになる！股関節だけに効かせる「壁ひざパカ」エクササイズ,https://news.yahoo.co.jp/articles/1ccdf409d3a6bc7c42152719b8afa17c32739bb1,3/19(火) 22:40
yogajol,ヨガジャーナルオンライン,太もも裏とお尻が硬いのはメリットゼロ！不調を寄せ付けない体を作るタオルストレッチ｜硬さをほぐす,https://news.yahoo.co.jp/articles/750db9b3e4564ba358e1496195fe5fdc774503d7,3/19(火) 22:15
yogajol,ヨガジャーナルオンライン,〈キャベツ〉せっかくの栄養が…「キャベツ」の残念な食べ方とは？管理栄養士が解説,https://news.yahoo.co.jp/articles/6bb8b36800d5dd2f1503bf2164f305a6695f29e3,3/19(火) 12:30
yogajol,ヨガジャーナルオンライン,うつ病を併発することも…意外と知らない「パニック障害」原因と治療法｜精神科医が解説,https://news.yahoo.co.jp/articles/9160c247d4813bd1c3c4908efe19ab2ec74bc5f3,3/19(火) 12:15
yogajol,ヨガジャーナルオンライン,〈納豆に刻んだネギ〉定番の組み合わせは理に適っている？得られる栄養効果とは｜管理栄養士が解説,https://news.yahoo.co.jp/articles/4ea66fa919efd0ece7073ea08574f4f3150ab08d,3/18(月) 22:00
yogajol,ヨガジャーナルオンライン,意外と知られていない！海藻がもつ、肌に嬉しい4つのパワーとは？,https://news.yahoo.co.jp/articles/e7841defb23b96a01cbebbb3caf5bc763b51382e,3/18(月) 21:45
yogajol,ヨガジャーナルオンライン,「紅茶」はそのまま飲んだら損？紅茶に足すだけで痩せ体質を目指せる意外なモノ3つ｜管理栄養士が解説,https://news.yahoo.co.jp/articles/806ca7320993a0407eafeb201ab3fc593e92fec2,3/18(月) 21:35
yogajol,ヨガジャーナルオンライン,【40代からの姿勢矯正】無自覚な人も多い「猫背」！背骨を本来のS字カーブに戻す「胸椎ほぐし」,https://news.yahoo.co.jp/articles/95892c3da55e4fd77badc637f7301ed97a8f5c15,3/18(月) 21:20
yogajol,ヨガジャーナルオンライン,ヨーグルトの賞味期限には要注意！「これはもう食べちゃダメ」なサインとは？管理栄養士が回答,https://news.yahoo.co.jp/articles/4f9b5cc3cca2748013b4d20b3e9dd9856d8ae3c0,3/18(月) 21:10
yogajol,ヨガジャーナルオンライン,キム・カーダシアンも絶賛する栄養の宝庫「米のとぎ汁」を使ったヘアケア法…専門家による意見は？,https://news.yahoo.co.jp/articles/f15657e15738112e1331c803cc41256f05164280,3/17(日) 22:10
yogajol,ヨガジャーナルオンライン,更年期世代、衰えるのは体力や筋力だけではない！骨密度の低下を防ぐための「椅子のポーズ」のアレンジ,https://news.yahoo.co.jp/articles/eeb39741b85c295af97cb3335f81e53871bd3e37,3/17(日) 22:00
yogajol,ヨガジャーナルオンライン,リンパを流せば脚痩せが叶う？【ポイントは膝裏】かたまった膝裏を柔らかくほぐす３分ストレッチ,https://news.yahoo.co.jp/articles/e2b600b2629e0c5df526daa2302ea70eda4f35da,3/17(日) 20:15
yogajol,ヨガジャーナルオンライン,【春が旬のいちご】ポイントは3つ！「甘いいちご」の選び方を管理栄養士が解説,https://news.yahoo.co.jp/articles/0a7af6a61869d620f79b627b0710381a40923774,3/17(日) 12:20
yogajol,ヨガジャーナルオンライン,緑茶を飲むのは1日何杯までが適量？飲みすぎるとどうなる？管理栄養士が解説,https://news.yahoo.co.jp/articles/0bf949bdb8a1ed1f1feeaffd0cc53280ec005061,3/16(土) 22:15
yogajol,ヨガジャーナルオンライン,意外と知らない〈エナジードリンクの糖質量〉血糖値への影響は？管理栄養士が解説,https://news.yahoo.co.jp/articles/8b8a2724863541bcf7b9ffb8292d333d4fb25ae6,3/16(土) 22:00
yogajol,ヨガジャーナルオンライン,【トマト】栄養吸収率がグッと上がる「組み合わせると最強な食材」を管理栄養士が解説,https://news.yahoo.co.jp/articles/bba62ccfe3b1c182e35204833753169e656c8c24,3/16(土) 21:45
yogajol,ヨガジャーナルオンライン,〈メリットしかないタオル回し〉巻き肩＆猫背改善、バストアップ、二の腕痩せ…超簡単な万能肩エクサ,https://news.yahoo.co.jp/articles/fe7f26f7f0020d6879a6903fc7851e77675c3c52,3/16(土) 21:30
yogajol,ヨガジャーナルオンライン,〈垂れ乳に悩む40代必見〉下垂バストにストップ！ハードだけど胸の張りが戻る「HIITトレ」,https://news.yahoo.co.jp/articles/14b28de0100c2772568e971e8605e4617ef3739a,3/16(土) 21:10
yogajol,ヨガジャーナルオンライン,どんどん入らなくなるパンツに悩める40代50代必見！【お腹の脂肪が燃焼する】その場ウォーキング,https://news.yahoo.co.jp/articles/e2c1192829743e369b2c72833ff5b78c6fbb8e40,3/15(金) 21:15
yogajol,ヨガジャーナルオンライン,食塩無添加＝食塩ゼロじゃない？意外と知らない【塩】に関する表示の違いと塩分量｜管理栄養士が解説,https://news.yahoo.co.jp/articles/0dc2460d0e921336e21a68d668aad4a3ad766825,3/15(金) 18:30
yogajol,ヨガジャーナルオンライン,悪玉コレステロールは食べ物で減らせる？健康診断が気になる人に、管理栄養士がおすすめしたい食べ物,https://news.yahoo.co.jp/articles/29e136f762c51719d33cdaad78133614df4968b3,3/15(金) 9:05
yogajol,ヨガジャーナルオンライン,生卵・ゆで卵・たまご焼きで食べ方による卵の栄養の違いはある？管理栄養士が解説,https://news.yahoo.co.jp/articles/4b412bfdc5519fc2b5df7f8d7bb648b07f750c2a,3/15(金) 6:15
yogajol,ヨガジャーナルオンライン,肩の可動域が劇的に変わる！鎖骨を回して動かす肩のエクササイズ,https://news.yahoo.co.jp/articles/aea2ae4792a99c36aa813d1bf3368a7aa626f147,3/14(木) 23:00
yogajol,ヨガジャーナルオンライン,植物ベースの食生活を送るといびきが減る？その理由とは【オーストラリアの最新研究が示唆】,https://news.yahoo.co.jp/articles/f5a34293c24d6fad3aa70019682c6d94a01ca595,3/14(木) 22:30
yogajol,ヨガジャーナルオンライン,〈スクワット〉両脚より片脚で行う方が効果的？その理由とおうちで続けやすい片脚スクワットのやり方,https://news.yahoo.co.jp/articles/e0e575f689d0a0d231b61ca619982fecfa5e679e,3/14(木) 22:10
yogajol,ヨガジャーナルオンライン,股関節の詰まりをするりと解消！寝たままできる股関節をゆるめる「ちょいストレッチ」,https://news.yahoo.co.jp/articles/9dc90798d7029967efe9b1bb7dbc558938dba42d,3/14(木) 21:55
yogajol,ヨガジャーナルオンライン,〈背中で合掌できる？〉巻き肩やガチガチ肩こりも解消する「肩甲骨ほぐし」と「肩ストレッチ」,https://news.yahoo.co.jp/articles/062d43011ac08a0706f538be64bc02cae161b9f7,3/13(水) 22:00
yogajol,ヨガジャーナルオンライン,【40代背中のはみ肉を撃退】バタ足×有酸素運動で背中・腿裏・お尻 の脂肪を燃やす「HIITトレ」,https://news.yahoo.co.jp/articles/3693da0a7d76af08fb2ff1a52eaae67c06b4a88a,3/13(水) 21:40
yogajol,ヨガジャーナルオンライン,「豚汁」に足すだけで〈痩せ効果〉が上がる意外な食材3つ｜管理栄養士が提案,https://news.yahoo.co.jp/articles/309e0a0d7df9219baf6047d7fadae89ff3e15426,3/13(水) 18:40
yogajol,ヨガジャーナルオンライン,【玄米、もち麦、雑穀米】特徴・栄養価の違いは？管理栄養士が教える使い分けガイド,https://news.yahoo.co.jp/articles/b7ba265817d2971720756d41d29c692d319e0c36,3/13(水) 16:00
yogajol,ヨガジャーナルオンライン,【ゆで卵】ひと工夫で栄養満点！卵の栄養素と「組み合わせ最強食材」を管理栄養士が解説,https://news.yahoo.co.jp/articles/ba17e227105ecace1aaf6de6f59d76da95876d79,3/13(水) 15:00
yogajol,ヨガジャーナルオンライン,「何をやっても痩せない…」50代からの痩せ体質作り｜体幹部の筋肉を変える「スケーターランジ」,https://news.yahoo.co.jp/articles/fd3c1a5d72b66a0719380eecac98de6ca1179675,3/12(火) 22:20
yogajol,ヨガジャーナルオンライン,【無自覚な人が多い巻き肩】まっすぐ立った時、耳より前に肩が出てない？肩の位置を戻す寝たままほぐし,https://news.yahoo.co.jp/articles/2a96257e62e1b738f9e365ea226cf503bfc821b4,3/12(火) 20:45
yogajol,ヨガジャーナルオンライン,仰向けで膝を抱えるだけ【ぽっこりお腹を引っ込めたい人に】背筋と腹筋のバランスを整える寝たままヨガ,https://news.yahoo.co.jp/articles/8d343e17adc30210acd85b9f8bc9dc241e0cf988,3/12(火) 20:30
yogajol,ヨガジャーナルオンライン,「納豆×かつお節」意外と美味しい…だけじゃない。得られる栄養効果とは？管理栄養士が解説,https://news.yahoo.co.jp/articles/637e2264c858507ee453200316db44b64b343f24,3/12(火) 19:50
yogajol,ヨガジャーナルオンライン,「野菜嫌いな人」が積極的に食べるべき４つの食材は？管理栄養士が解説,https://news.yahoo.co.jp/articles/8c0a473e22e9fa251ba520f7804cc8af169f598d,3/11(月) 23:10
yogajol,ヨガジャーナルオンライン,辛味が気になる〈春大根〉辛味をなくす簡単な方法と時短で味を染みさせる裏ワザ｜管理栄養士が解説,https://news.yahoo.co.jp/articles/7b6d4d668dd58be2b4fd9d760eca1f42567b7bff,3/11(月) 20:50
yogajol,ヨガジャーナルオンライン,〈エコノミークラス症候群〉避難所や飛行機以外でもなり得る…リスクが高まる状況とは？医師が解説,https://news.yahoo.co.jp/articles/17139833793f1a3873177b33db51110baafe96af,3/11(月) 20:40
yogajol,ヨガジャーナルオンライン,〈キャベツの芯…捨てないで！〉葉より栄養価が多い？芯の意外な魅力と美味しい食べ方を栄養士が解説,https://news.yahoo.co.jp/articles/3733319388cae379a59e0d3c0c95e2a6fae1cbf7,3/11(月) 19:00
yogajol,ヨガジャーナルオンライン,【40代からのお腹のたるみに効く！】たった3分！お腹にきれいな縦線を刻む「HIITトレ」,https://news.yahoo.co.jp/articles/b020daef5d405b2d60f42909a3b856773c3d30cd,3/10(日) 21:45
yogajol,ヨガジャーナルオンライン,あなたの発熱や咳、もしかして加湿器が原因かも？呼吸器内科医が教える、加湿器肺炎の症状と対策,https://news.yahoo.co.jp/articles/6c7e2c6d7054dd7f2a074013012be39894a1f3dc,3/10(日) 21:40
yogajol,ヨガジャーナルオンライン,【ストレス軽減からパフォーマンス向上まで】精神科医が推奨する「昼寝」のメリットと効果的な方法3選,https://news.yahoo.co.jp/articles/6c47e304546c03cf5628681a9cf86fe58bee66bb,3/10(日) 11:30
yogajol,ヨガジャーナルオンライン,食物繊維の「黄金比」がカギ？腸がきれいになる食べ方とは？管理栄養士が解説,https://news.yahoo.co.jp/articles/995044c72f39c364fba7051129335a653f04a704,3/10(日) 9:40
yogajol,ヨガジャーナルオンライン,脇腹・背中・内もものたるみをまとめて解消！ひねりながら引き締める四つ這いストレッチエクサ,https://news.yahoo.co.jp/articles/e4854dbafcae54363b69f2c3f118812b1d5da60f,3/9(土) 22:35
yogajol,ヨガジャーナルオンライン,「やった人だけ得をする！」硬くなりがちなもも裏を柔らかくする【たった2つのワーク】,https://news.yahoo.co.jp/articles/f16233a85e0fea4534132dc6a13dfebe3702e40b,3/9(土) 22:15
yogajol,ヨガジャーナルオンライン,【更年期世代】の猫背、浮き輪肉、垂れ尻を美姿勢に変える方法｜1万5千人をリハビリした専門家が伝授,https://news.yahoo.co.jp/articles/c146bef225d5b946beebbe2cfc1a0175a2b74130,3/9(土) 22:00
yogajol,ヨガジャーナルオンライン,【旬の新玉ねぎ】のすごい健康パワーとは？「組み合わせると最強な食材」とあわせて管理栄養士が解説,https://news.yahoo.co.jp/articles/ae83ace4bc2f3edcfb3506323db77e506aee3444,3/9(土) 17:50
yogajol,ヨガジャーナルオンライン,幸せホルモン「セロトニン」が増える！３つの材料でできるバナナを使った「朝食レシピ」,https://news.yahoo.co.jp/articles/ca51680a62fd8190d0bb6a327dea0a619f117601,3/9(土) 7:30
yogajol,ヨガジャーナルオンライン,痩せたい人の塩おにぎりが簡単すぎた！〈代謝アップ・筋トレ・腸活・不眠に〉管理栄養士が教えます,https://news.yahoo.co.jp/articles/2bcea3d30a6e290b7b3819d2cbbc0ba27a619674,3/9(土) 6:55
yogajol,ヨガジャーナルオンライン,閉経後の性生活のお悩み「セックスが痛い」を解決するには？婦人科形成医のアドバイス,https://news.yahoo.co.jp/articles/16f580d8f63dccedddfe8f3b7c3cb63139dc37d7,3/8(金) 22:40
yogajol,ヨガジャーナルオンライン,奇跡の60代ジュリアン・ムーアも大絶賛！今ハリウッドで人気の「赤外線ライトによるLED美容」とは,https://news.yahoo.co.jp/articles/c72cd0bb8fe7d8b7d48af43e4b3cda1a735b5819,3/8(金) 22:15
yogajol,ヨガジャーナルオンライン,1日6時間以上座りっぱなしの人はぜひやって！ガチガチな股関節まわりをすっきりさせる方法,https://news.yahoo.co.jp/articles/ce5bbc7665ce9e6786b71b98135496834247dc0d,3/8(金) 21:55
yogajol,ヨガジャーナルオンライン,【女性の加齢臭】40代以降から要注意！更年期からの匂いの原因と10の対策,https://news.yahoo.co.jp/articles/2446251cf2aa9c0e82cac3e56e66f62dee35865f,3/8(金) 21:40
yogajol,ヨガジャーナルオンライン,生理が止まるだけじゃない…女性アスリートが抱える健康課題とは？,https://news.yahoo.co.jp/articles/8bc7d7edccdddd63299816d05426521d281ba65a,3/8(金) 21:25
yogajol,ヨガジャーナルオンライン,悩んでる人はやってみて！簡単にできておもしろいほど出るようになる【腸絞り便秘解消エクササイズ】,https://news.yahoo.co.jp/articles/3063602af6a12f5b517c37be8188634cafdbca54,3/7(木) 21:50
yogajol,ヨガジャーナルオンライン,「胸痩せせずキレイに痩せるには？」バストアップしつつダイエットを成功させる方法,https://news.yahoo.co.jp/articles/bf5e84313e4aecf2ed27727d01d4ac6ee20697e1,3/7(木) 21:30
yogajol,ヨガジャーナルオンライン,〈高齢期の食事〉筋力低下を防ぐために食べた方が良いものは？今からできる予防法｜管理栄養士が解説,https://news.yahoo.co.jp/articles/6c7711027abf40065eb8c7b1b4fd7141e54b1660,3/7(木) 21:20
yogajol,ヨガジャーナルオンライン,前もも痩せにはコツがあった！パンパンに張った太ももがスッキリ！前ももほぐし３選,https://news.yahoo.co.jp/articles/65f85cabdb2dbdef56e4a8903f08b69ee0934e47,3/7(木) 21:10
yogajol,ヨガジャーナルオンライン,〈ただ、揺らすだけ〉股関節が劇的に柔らかくなる！3ステップあぐらストレッチ,https://news.yahoo.co.jp/articles/68c995d75de484bca4ac9c079616ad5bff5fe481,3/6(水) 20:15
yogajol,ヨガジャーナルオンライン,〈プリン体クイズ〉鶏肉と牛肉、どっちが多い？尿酸値が気になる人が知っておきたい意外な回答,https://news.yahoo.co.jp/articles/f4bf9865b9e17404eebade316cc69e8acb1a401e,3/6(水) 19:50
yogajol,ヨガジャーナルオンライン,倦怠感、頭痛、なんとなく調子が出ないのは花粉症のせいかも？悪循環に陥る前に対処したいストレスケア,https://news.yahoo.co.jp/articles/bbc0b2c3859b670480bc4612ab2a8fe1d11427f5,3/6(水) 19:15
yogajol,ヨガジャーナルオンライン,カレーとチャーハン、太るのはどっち？カロリー、糖質、栄養バランス…管理栄養士が比較して解説,https://news.yahoo.co.jp/articles/956d1f4a024112925a119b39e068321354d47436,3/6(水) 18:45
yogajol,ヨガジャーナルオンライン,古くなってブヨブヨになった大根…捨てないで！大根を復活させる方法｜管理栄養士が解説,https://news.yahoo.co.jp/articles/35d696db0d4337d97ac70ea30fec34b0d0e18134,3/6(水) 17:45
yogajol,ヨガジャーナルオンライン,疲れを感じる肩&背中まわりの筋肉に効かせる【夜におすすめ】姿勢別・肩入れストレッチ,https://news.yahoo.co.jp/articles/34a18019832eca825b8dcdec47ee8580e944cecf,3/5(火) 22:10
yogajol,ヨガジャーナルオンライン,40代・50代のつまずき対策に【足首を柔らかくする２ポーズ】すっきり！ふくらはぎとすねほぐし,https://news.yahoo.co.jp/articles/9f0caf6cc02ed6b9629db1bbb62b7964aa406efb,3/5(火) 21:55
yogajol,ヨガジャーナルオンライン,40～50代からの下半身太り対策｜たった10回！股関節と腿の前をほぐす下半身痩せストレッチ,https://news.yahoo.co.jp/articles/8e2a9a0080f52fef757992258d3adf6e6ec01dcb,3/5(火) 21:45
yogajol,ヨガジャーナルオンライン,【りんご】食感が悪い…古くなったりんごをおいしく食べるアイデア｜管理栄養士が提案,https://news.yahoo.co.jp/articles/60ad5c0e703e12cbf00eb3feb5e0f3dccd79a2e1,3/5(火) 21:30
yogajol,ヨガジャーナルオンライン,ツライ花粉…アレルギー症状を抑えるには茶色の穀物が有効？内側から免疫をケアする食べ方｜医師が解説,https://news.yahoo.co.jp/articles/056125f82f555c3ff33be3ed05ef832fa72d60a1,3/5(火) 19:40
yogajol,ヨガジャーナルオンライン,腸活でダイエットを成功させる7つの方法｜おすすめのサプリやエクササイズも紹介｜薬剤師が解説,https://news.yahoo.co.jp/articles/c116a948db04d40784b3e10f0346fd9dcc99dade,3/4(月) 21:15
yogajol,ヨガジャーナルオンライン,【シュッと締まった、若々しい後ろ姿に】一発で見た目も変わる、肩コリ&巻き肩解消ストレッチ,https://news.yahoo.co.jp/articles/11df258f113b795c25140d01c8e64fc952fb3582,3/4(月) 21:05
yogajol,ヨガジャーナルオンライン,腰まわりの疲れや重だるさがスッキリ！腰から背中をねじって伸ばす、座ったままストレッチ,https://news.yahoo.co.jp/articles/9269d9aaee9e36de1498569734db8f5c9ccb4b57,3/4(月) 20:35
yogajol,ヨガジャーナルオンライン,スーパーでは赤玉の方が高いけれど…『赤玉』と『白玉』の栄養の違いはある？管理栄養士が解説,https://news.yahoo.co.jp/articles/8fb02cfd30e4d1d4c8086bad95aad0991d71194e,3/4(月) 19:20
yogajol,ヨガジャーナルオンライン,形が違うだけじゃない！トマト缶の「ホール」と「カット」は何が違う？使い分け方は？管理栄養士が解説,https://news.yahoo.co.jp/articles/038b1faa13d47315afed433e335575078251f5ba,3/4(月) 18:15
yogajol,ヨガジャーナルオンライン,安眠できないのは「胸椎の硬さ」が原因かも？仰向けで肩が浮く人必見「寝たまま胸椎ストレッチ」,https://news.yahoo.co.jp/articles/88e29314f9fae1ab39ad1f4f022e64e00a5e6da7,3/3(日) 22:10
yogajol,ヨガジャーナルオンライン,死亡率・生活習慣病に影響？健康な長寿者の食生活に学ぶ【発酵性食物繊維】の摂り方とおすすめ食材,https://news.yahoo.co.jp/articles/bf12113a9f29f24ac8b72271f5dd9f44ddd6934a,3/3(日) 21:50
yogajol,ヨガジャーナルオンライン,郵便物やチラシ、どうしたらたまらない？プロが教える、散らかりにくい仕組みを作るポイント,https://news.yahoo.co.jp/articles/105b4eaa1ef285239682c6fa39ac6b24db28c09c,3/3(日) 19:10
yogajol,ヨガジャーナルオンライン,【お味噌汁】一流料理家に学ぶ、加えるだけでコクと旨味、栄養がグンと上がる「意外な調味料」とは？,https://news.yahoo.co.jp/articles/4d9e3df488ea33aa7b621c69cdf6ccbfbe6f04c1,3/3(日) 18:45
yogajol,ヨガジャーナルオンライン,太って見える巻き肩を解消！【30秒さするだけ】座ってできる肩ほぐし,https://news.yahoo.co.jp/articles/73b94e27468aae81fdf0c41f87e4237c448ece9d,3/2(土) 21:15
yogajol,ヨガジャーナルオンライン,【太もも痩せの決定版】こまめなほぐしがカギ！憧れの引き締まった脚が手に入る「厳選ストレッチ３選」,https://news.yahoo.co.jp/articles/4fe4437e7efc4530a4ab8f2f2298a013a1acf0c5,3/2(土) 20:40
yogajol,ヨガジャーナルオンライン,「やっぱり気になるお腹まわり」しぶとい浮き輪肉を撃退！3つの腹筋を意識したトレーニング３選,https://news.yahoo.co.jp/articles/c1403a7ecdb947cbd04145457a5799e02aad0ef3,3/2(土) 20:15
yogajol,ヨガジャーナルオンライン,閉経が早い人の特徴とは？30代で閉経してしまう「早期閉経」とそのデメリット｜婦人科専門医が解説,https://news.yahoo.co.jp/articles/b654435a432ffa5d62fc3ce5f5abc08dc0a3421d,3/2(土) 20:05
yogajol,ヨガジャーナルオンライン,小松菜はどう洗うのが正解？根元に残りがちな土までキレイに落とす方法,https://news.yahoo.co.jp/articles/f025f8134e60f04b3c71969c7b2a9510007bc7af,3/2(土) 19:45
yogajol,ヨガジャーナルオンライン,「しなびてしまった…」古くなったほうれん草を美味しく復活させるには？管理栄養士が解説,https://news.yahoo.co.jp/articles/313c0eb999f0ef6b845047b0c929931f44b2aaa6,3/2(土) 18:30
yogajol,ヨガジャーナルオンライン,【サバ×トマトの組み合わせが最強？】サバの旨味&栄養をアップする食べ方、調理のヒントを解説,https://news.yahoo.co.jp/articles/c9f6776c6c87410a443d26433d1caccb618bf9e7,3/2(土) 17:30
yogajol,ヨガジャーナルオンライン,翌朝のドバドバが習慣になる！【40代・50代向け寝る前腸活】手軽にできるタイ古式マッサージ,https://news.yahoo.co.jp/articles/1849a656e770808a25ff9414af4ef64359c092c9,3/1(金) 21:55
yogajol,ヨガジャーナルオンライン,「もったいないので賞味期限の切れたサプリを飲んでいます。問題ないでしょうか？」管理栄養士が回答,https://news.yahoo.co.jp/articles/df142ff1d4c8c9b7a46f2115c674088ecf227130,3/1(金) 21:05
yogajol,ヨガジャーナルオンライン,【ヨーグルト】意外と知らない…乳酸菌とビフィズス菌の違いは？食べ過ぎは体に悪い？1日の目安量は？,https://news.yahoo.co.jp/articles/e4d7cc5b9926b54300a8509f6190661cab37f3f6,3/1(金) 20:35
yogajol,ヨガジャーナルオンライン,質の良い睡眠取れてる？【ぐっすり眠れて寝起きが良くなる】リラックス股関節ほぐしヨガ,https://news.yahoo.co.jp/articles/9b7535c9ee2b838acc5ab749270d557f3c034830,3/1(金) 20:30
yogajol,ヨガジャーナルオンライン,【実録！二の腕ヤセに成功】肩の位置がポイント！自宅でできる「上半身ストレッチ」,https://news.yahoo.co.jp/articles/b16b3a3bea817a967cdcffd05bffefdd3d58477a,3/1(金) 20:15
yogajol,ヨガジャーナルオンライン,腰痛対策｜意外と知らないストレッチのメカニズム｜効果が高まり腰がよく伸びる背面ストレッチのやり方,https://news.yahoo.co.jp/articles/fde5073bea582c3893f7c1d909b5f426466954a6,3/1(金) 20:05
yogajol,ヨガジャーナルオンライン,ガチガチ背中がふにゃふにゃに！理学療法士推奨「座ったままできる背中ストレッチ」,https://news.yahoo.co.jp/articles/bf6cb8a682453b37c3e12e1eaa0a0cb3c10c149c,2/29(木) 21:20
yogajol,ヨガジャーナルオンライン,【パンパンな前もも、実は使い過ぎが原因？】張りすぎた前ももをスッキリさせるヨガポーズ３選,https://news.yahoo.co.jp/articles/616ecfa198737ae5256a6693b13578198df2bdd0,2/29(木) 20:05
yogajol,ヨガジャーナルオンライン,〈更年期世代の背中痩せ〉分厚い背中をゆるめて引き締める背中ストレッチ３ステップ,https://news.yahoo.co.jp/articles/906d1a2da4225b6e298d3951ac61a11611ff75a0,2/29(木) 19:45
yogajol,ヨガジャーナルオンライン,【わかめ】組み合わせに気を付けて！「栄養吸収が上がる食材」と「栄養吸収を阻害する食材」とは？,https://news.yahoo.co.jp/articles/0bb66b914c1ec60ebbe0fc78e92989c757f176e8,2/29(木) 19:35
yogajol,ヨガジャーナルオンライン,旬の〈菜の花〉ゆですぎはNG？調理のポイントと鮮度を見分けるポイント｜管理栄養士が解説,https://news.yahoo.co.jp/articles/535097e9f9581c66a427df0d2889aa753e776241,2/29(木) 12:30
yogajol,ヨガジャーナルオンライン,普通の玉ねぎより傷みやすい〈新玉ねぎ〉ひと工夫で長持ちする賢い保存方法とは？管理栄養士が解説,https://news.yahoo.co.jp/articles/1b24bff10080692ee9e06af909248eb54d6d1a10,2/29(木) 12:10
yogajol,ヨガジャーナルオンライン,肥満、中性脂肪、老化が気になる人に〈納豆〉を勧めたい理由｜管理栄養士が解説,https://news.yahoo.co.jp/articles/fdd677a83a8aedde39d73bd3007199a277f532c4,2/29(木) 7:10
yogajol,ヨガジャーナルオンライン,〈トマトジュース〉混ぜるだけで栄養効果が高まる「おすすめの組み合わせ３選」管理栄養士が提案,https://news.yahoo.co.jp/articles/ff9d88cb07628a711f701913b6b2bc7235e59a27,2/29(木) 6:15
yogajol,ヨガジャーナルオンライン,〈トーストにプラスするだけ〉忙しい朝におすすめ！「栄養満点トーストレシピ」管理栄養士が提案,https://news.yahoo.co.jp/articles/167b41de940faf2ffda706a5b8c2737b54df8e63,2/29(木) 5:50
yogajol,ヨガジャーナルオンライン,春は〈目のたるみ・シワ・クマ〉が加速する季節？今日からできる、目元が若返るセルフほぐし術,https://news.yahoo.co.jp/articles/70bb3c6b3a8ed6bd16f2948eaeacbb369c653775,2/28(水) 22:45
yogajol,ヨガジャーナルオンライン,マッサージに行く前に！〈つらい肩こりがあっという間に軽くなる〉簡単２ステップストレッチ,https://news.yahoo.co.jp/articles/1d6e0a403cfd7ce3eebc7a5f94668580505e7d6b,2/28(水) 22:30
yogajol,ヨガジャーナルオンライン,セックスした時「腟の奥が痛い」を放置してはいけない理由｜婦人科形成医が教える,https://news.yahoo.co.jp/articles/facbc46ff14a18086709f5c13d75f2ec44149e74,2/28(水) 22:15
yogajol,ヨガジャーナルオンライン,肩を回すだけ！？爆痩せの秘密〈ダイエット細胞〉を活性化させる肩ストレッチ,https://news.yahoo.co.jp/articles/8cd9d9aa58e46efe99e274685f6183b7e385adba,2/28(水) 22:05
yogajol,ヨガジャーナルオンライン,精神科医が教える、職場での「スルースキル」の高め方,https://news.yahoo.co.jp/articles/d49cf34b1dabe37de578df7faabbfa2e2e3d1fcf,2/28(水) 21:55
yogajol,ヨガジャーナルオンライン,〈50歳からの尻トレ〉恥骨を突き出すだけ！横広がりのお尻＆たれ尻を寄せて上げる簡単トレーニング,https://news.yahoo.co.jp/articles/a03f154fb78018fb855b7ecb02d04dcf131491e1,2/27(火) 22:35
yogajol,ヨガジャーナルオンライン,〈レモン〉果汁の量が３倍アップする切り方とは？管理栄養士が解説,https://news.yahoo.co.jp/articles/2cbc95c3dba9dc581dfef61aeb1df8fd4efd60e6,2/27(火) 21:40
yogajol,ヨガジャーナルオンライン,「歩くと足が痛い…」加齢が原因じゃない？心臓や脳など重い合併症につながる閉塞性動脈硬化症とは,https://news.yahoo.co.jp/articles/85cdd8ba34280fa063a47fbd37770ce4a8e559c0,2/27(火) 21:25
yogajol,ヨガジャーナルオンライン,〈実録〉「辞めたらみるみる痩せた！」痩せやすい身体になった３つの習慣とほぐしワザ,https://news.yahoo.co.jp/articles/3caad83fc3ea18b9b7cfcd981cee20a9be523b49,2/27(火) 21:05
yogajol,ヨガジャーナルオンライン,世界で一番「睡眠時間」が短い日本人｜良質な睡眠のために食べるべき意外な果物とは？管理栄養士が解説,https://news.yahoo.co.jp/articles/4fbe92bb5e5e62258313ab0341de8a30d64b0acd,2/27(火) 20:55
yogajol,ヨガジャーナルオンライン,〈ブロッコリー〉ビタミンCを流出させない調理法｜「茹でる」よりラクな「塩蒸し」とは？栄養士が解説,https://news.yahoo.co.jp/articles/498332bdce760478439c24cb3b94e7a22a6193f1,2/27(火) 19:15
yogajol,ヨガジャーナルオンライン,納豆に「ニンニク」をプラス。得られる栄養効果は？美味しいだけじゃないメリット｜管理栄養士が解説,https://news.yahoo.co.jp/articles/15ea5521e598253054f7c4297ff1de996bf82913,2/27(火) 12:20
yogajol,ヨガジャーナルオンライン,〈50歳からの、きつくない脇腹痩せ〉座ったまま伸ばすだけ！筋トレ要らずの脇腹引き締めストレッチ,https://news.yahoo.co.jp/articles/64556e5353e45d4a3013481deea4011003d5aa72,2/26(月) 22:00
yogajol,ヨガジャーナルオンライン,激しさゼロなのに効果抜群！ぽっこり下腹痩せエクササイズ【運動苦手な人でもできる】,https://news.yahoo.co.jp/articles/658fe811ffef65a1d9551012c94e9f47e55cb9da,2/26(月) 21:30
yogajol,ヨガジャーナルオンライン,腰痛は現代人に急増中の「姿勢」が原因かも…〈スウェイバック改善〉腰痛が軽くなるストレッチ,https://news.yahoo.co.jp/articles/658c61d3947d6fdb86744fa503456145233ad332,2/26(月) 21:25
yogajol,ヨガジャーナルオンライン,嫌いな人も多い、生卵の〈カラザ〉取ってしまうのは実はもったいない！その理由は｜管理栄養士が解説,https://news.yahoo.co.jp/articles/0c15d7c76f60bc17e1f3129725fef508a0b38993,2/26(月) 21:10
yogajol,ヨガジャーナルオンライン,〈HSP（繊細さん）と更年期問題〉感受性が強い人が「心の疲れ」と上手に付き合うコツとは？,https://news.yahoo.co.jp/articles/7929be3df78c01b0e67c5e7ef070d3f995915b60,2/26(月) 19:55
yogajol,ヨガジャーナルオンライン,靴下の跡がくっきりつく人必見｜マッサージも筋トレも不要！むくんだ脚が１回でスッキリ簡単むくみとり,https://news.yahoo.co.jp/articles/43ffee9b8bdf0c5ece334b0212a59ab9294b3127,2/25(日) 21:15
yogajol,ヨガジャーナルオンライン,感染症流行シーズンの「こまめな水分補給」の必要性とは？「水分量の目安」と合わせて医師が解説,https://news.yahoo.co.jp/articles/b3286a7da4005a65963645e03a28bc98f6d8c906,2/25(日) 20:30
yogajol,ヨガジャーナルオンライン,〈電子レンジで加熱しないほうが良い食べ物〉って？加熱中に発火する原因と発火した際の対処法・予防法,https://news.yahoo.co.jp/articles/ccb4f1bacb2e59554ad4ecaeb0e3212712b97eba,2/25(日) 20:05
yogajol,ヨガジャーナルオンライン,女性に多い〈反り腰〉の予防＆改善に｜ちょいキツだけど効果大のロールオーバーエクササイズ,https://news.yahoo.co.jp/articles/2605e45d307abaa82af1ed95870912dd9c3fcea5,2/25(日) 19:50
yogajol,ヨガジャーナルオンライン,【TikTokで6.9億回再生で今話題沸騰中のマグネシウム】睡眠の質を上げる「ミネラル」とは？,https://news.yahoo.co.jp/articles/732633d845d71dbc736ce52ddf73ed8b45ba6dc0,2/25(日) 19:35
yogajol,ヨガジャーナルオンライン,最強の腸活フード【納豆】の驚くべき効果とは？加熱しても効果がある？苦手な人向けの食べ方も紹介,https://news.yahoo.co.jp/articles/c7678762985388aec760ea5f78800adfa4bb60f0,2/24(土) 20:45
yogajol,ヨガジャーナルオンライン,〈若見えのカギは内もも〉丸まり腰の人は絶対やるべき姿勢改善内ももストレッチ｜不調改善にも効果的！,https://news.yahoo.co.jp/articles/924ccc260782385079661bdf19a9e1c2f26dde74,2/24(土) 20:15
yogajol,ヨガジャーナルオンライン,全身引き締め効果抜群の最強の時短エクサ「膝つき腕立て伏せ＆プランク」のコツ【初心者向け】,https://news.yahoo.co.jp/articles/5e8fa1dfd07211b66411689e66d8f4b08a01effd,2/24(土) 19:50
yogajol,ヨガジャーナルオンライン,【さつまいも】保存方法は「冷凍」「冷蔵」どちらが正解？旨味を損なわない保存法を解説,https://news.yahoo.co.jp/articles/595fd2d2ad0101c98660012bbbc3f2de5007bedc,2/24(土) 19:15
yogajol,ヨガジャーナルオンライン,「牛乳は太る？」1日に何杯まで飲んで良い？管理栄養士が教える〈健康的な牛乳の飲み方〉,https://news.yahoo.co.jp/articles/0b4b8434488e70e5f1a8304d1b556a8c4afc7c27,2/24(土) 18:15
yogajol,ヨガジャーナルオンライン,見た目も激変＆首・肩も軽くなる！〈片側1分半でOK〉巻き肩解消ほぐし,https://news.yahoo.co.jp/articles/a19d107f03495ef2b54b05d9e8ad3e38255b6ee5,2/23(金) 21:10
yogajol,ヨガジャーナルオンライン,〈危険〉発泡ポリスチレン製容器にMCTオイルやえごま油を入れてはいけない理由,https://news.yahoo.co.jp/articles/9af08d906a3f395f84f1c74399ff5b5627be6492,2/23(金) 20:20
yogajol,ヨガジャーナルオンライン,かかとをおろしたまましゃがめない人、やってみて！寸胴足首をキュッと引き締める〈足首ケア〉3選,https://news.yahoo.co.jp/articles/59ec620e93fb5dd7b7ef176cac65d751774d6559,2/23(金) 19:50
yogajol,ヨガジャーナルオンライン,【冬の腰痛対策】脚を組むだけで痛みがみるみる緩和！椅子に座ったまま３分でできる腰痛改善ワーク,https://news.yahoo.co.jp/articles/df0a510bb43913b836bd1a50ed4339e5350c1e9f,2/23(金) 18:40
yogajol,ヨガジャーナルオンライン,美肌・美髪を乾燥から守る「ビタミンC」たっぷり大根もちレシピ【皮も一緒に食べるのがポイント】,https://news.yahoo.co.jp/articles/2fc43768ed2484fc46308b89aa79dbd260f3d860,2/23(金) 17:25
yogajol,ヨガジャーナルオンライン,〈2/22は頭痛の日〉辛口審査員サイモンが、仕事に支障をきたすほどの偏頭痛に有効と語った方法,https://news.yahoo.co.jp/articles/1ddac7698827d53ebcdf6d5b5c002567a23101e6,2/22(木) 20:20
yogajol,ヨガジャーナルオンライン,疲れの原因は甘いもの？スイーツ好きは知っておきたい「ビタミンB1」不足にならないためのポイント,https://news.yahoo.co.jp/articles/6cf11836202d9cbec8e981cfb73f900cd4017c86,2/22(木) 20:05
yogajol,ヨガジャーナルオンライン,40代目前で10kg減量に成功した料理研究家・牛尾理恵さんに聞く「40代、体と心のトリセツ」,https://news.yahoo.co.jp/articles/3275f639f1c303bb0dbdc809855dab97f8f88932,2/22(木) 18:50
yogajol,ヨガジャーナルオンライン,【カルシウムクイズ】ヨーグルトと牛乳、どちらが吸収がいい？管理栄養士が解説,https://news.yahoo.co.jp/articles/9a18f2bd500f17e22be750fb9e45a88326b7b24c,2/22(木) 17:55
yogajol,ヨガジャーナルオンライン,肩こり解消の鍵は…やっぱり肩甲骨！ふにゃふにゃ肩甲骨になる「簡単ストレッチ」2選,https://news.yahoo.co.jp/articles/0bf01673dce317c7e278a92e77b4847fe2ddf17b,2/21(水) 22:10
yogajol,ヨガジャーナルオンライン,肩甲骨を動かして肩コリ・背中コリ知らずに【座ったままできる】菱形筋ほぐしエクササイズ,https://news.yahoo.co.jp/articles/3bf00b0d2fcef26e36061a056bd90eb27ee60ec4,2/21(水) 21:20
yogajol,ヨガジャーナルオンライン,〈更年期世代が陥りやすいトラブル〉何もないのにつまずく原因と対策「脚のすねのトレーニング方法」,https://news.yahoo.co.jp/articles/fee8ffd56c5cf89375bfbf323a8565d44b0f1b31,2/21(水) 21:05
yogajol,ヨガジャーナルオンライン,頭の重さ、目のかすみ、顔のむくみが一度ですっきり！【10秒でできる側頭筋ほぐし】,https://news.yahoo.co.jp/articles/2649ec36a3ad624ca9d884bf5821e8582afcf11e,2/21(水) 20:30
yogajol,ヨガジャーナルオンライン,【わかめ】もっと腸がよろこぶ「食品の組み合わせ」は？管理栄養士が提案,https://news.yahoo.co.jp/articles/326a16bf2db59572b4d271f36718dd31935a95aa,2/21(水) 20:15
yogajol,ヨガジャーナルオンライン,〈ニラ〉どこから切ってる？実は間違えている人が多い〈ニラの切り方〉栄養士が教える正解とは,https://news.yahoo.co.jp/articles/2c9be950c4e52d2c9c4fd8b9fadc8af09dcb72b3,2/21(水) 20:05
yogajol,ヨガジャーナルオンライン,朝なのに疲れている、動くのが億劫、気分がのらない…【ウインターブルー】を解消する「ゆる朝ヨガ」,https://news.yahoo.co.jp/articles/6832c3308f1a6901675869224fd2aa02ac39a726,2/21(水) 7:30
yogajol,ヨガジャーナルオンライン,とれない疲れ、繰り返すむくみ…【リンパの流れが悪くなってるせいかも】不調改善リンパストレッチ,https://news.yahoo.co.jp/articles/972a9f1d123e4c8d6fa94a3e24f5e948021d2702,2/20(火) 21:15
yogajol,ヨガジャーナルオンライン,〈50歳からのお腹痩せ〉地味だけど効く！膝を浮かせるだけでぽっこりお腹解消できる四つ這いエクサ,https://news.yahoo.co.jp/articles/cda64a17646b61f5d16964d909f57b6456875381,2/20(火) 20:55
yogajol,ヨガジャーナルオンライン,ミスが多い人に共通する4つの特徴とは？ミスを防ぐ5つの方法【臨床心理士が解説】,https://news.yahoo.co.jp/articles/fba7a80ac045eb40ce2bc674344ee1fec6b75279,2/20(火) 20:35
yogajol,ヨガジャーナルオンライン,更年期世代の「なかなか痩せない体」を効率よく刺激する！お腹痩せケア＆ストレッチ,https://news.yahoo.co.jp/articles/56707775afc5865faac3b94d78e9c2f6ebe444dd,2/20(火) 20:05
yogajol,ヨガジャーナルオンライン,管理栄養士が「納豆にしょうがをちょい足し」をお勧めしたい理由,https://news.yahoo.co.jp/articles/06fb99291d1dc7703c01f3c60984d299622bc294,2/20(火) 19:55
yogajol,ヨガジャーナルオンライン,【旬のぶり】食べ方によって栄養が変わる？一緒に食べると栄養の吸収率を上げる「意外な食材」とは,https://news.yahoo.co.jp/articles/1f1e7eb3570380694222a319252984f8d44d1906,2/20(火) 19:45
yogajol,ヨガジャーナルオンライン,たった２ポーズで効果アリ！まっすぐ脚になれる【おうちでできるO脚改善エクサ決定版】,https://news.yahoo.co.jp/articles/cf34cd1ea07163288f6eb3752a4b8f1919321347,2/19(月) 23:00
yogajol,ヨガジャーナルオンライン,ほぐすべきは腰じゃなくてお尻【ツラい腰痛がみるみる楽になる】ゴロゴロ腰痛改善ストレッチ,https://news.yahoo.co.jp/articles/94c7bfbbbcda7268308fb729d9c7ede4b685cd4f,2/19(月) 20:45
yogajol,ヨガジャーナルオンライン,「脚がなかなか痩せない」のは足裏が硬いから？脚が細くなる足裏ほぐし３選,https://news.yahoo.co.jp/articles/025e1b4144d80039e54824315df5e90536d8fc37,2/19(月) 20:25
yogajol,ヨガジャーナルオンライン,事実婚、同性カップル…結婚に“正解”はない。「誰かと生きていく」選択を応援するゼクシィの決断,https://news.yahoo.co.jp/articles/18ef536974e8cb831920c1942096892173b8c5e7,2/19(月) 20:10
yogajol,ヨガジャーナルオンライン,「風邪を引いた日はおかゆ」実は消化に悪い？管理栄養士が教える、身体に負担なくおかゆを食べる方法,https://news.yahoo.co.jp/articles/be212283565f335c7921b00facf9b439ff482c81,2/19(月) 19:50
yogajol,ヨガジャーナルオンライン,一見そうは見えないけど…「隠れ栄養失調」になりやすい人の特徴｜管理栄養士が解説,https://news.yahoo.co.jp/articles/1d836020d724ec738ef46e174deaed3d9231822c,2/18(日) 21:05
yogajol,ヨガジャーナルオンライン,ジェシカ・アルバが、4歳から愛してやまない「健康食品」【肥満予防にも効果あり？】,https://news.yahoo.co.jp/articles/b2922e4bd96de1329e6f4aaeac87364d005cc50f,2/18(日) 20:00
yogajol,ヨガジャーナルオンライン,【味噌】「水が出てきた」「表面に白いものが」食べられる？賞味期限＆正しい保存方法｜栄養士が解説,https://news.yahoo.co.jp/articles/3530a1305757a6d3504fc66b3ee4e39daa5b5074,2/18(日) 19:20
yogajol,ヨガジャーナルオンライン,「いちご」と一緒に食べると栄養がアップ！意外な食材の組み合わせ【管理栄養士が解説】,https://news.yahoo.co.jp/articles/dae3b4efb820c335afbc46980970c4d7381d3293,2/18(日) 15:30
yogajol,ヨガジャーナルオンライン,パンパンふくらはぎとサヨナラ！ほぐして流す簡単むくみケア3選【自分の脚やお尻で楽々ほぐし！】,https://news.yahoo.co.jp/articles/824fa6c6e074384d09d19b1eedac4f6d8da58bcd,2/17(土) 21:15
yogajol,ヨガジャーナルオンライン,「HSP」と「発達障がい」の違いとある共通点とは？【精神科医が解説】,https://news.yahoo.co.jp/articles/541ddf822e93bb34d38cf2eb51def6a8e7ff3b4e,2/17(土) 21:00
yogajol,ヨガジャーナルオンライン,〈ふくらはぎが細くなる〉たった１分伸ばすだけ！みるみる脚がスッキリする時短ストレッチ,https://news.yahoo.co.jp/articles/ef3a2483bfc7204839a7ad134c1c337c3790138f,2/17(土) 20:15
yogajol,ヨガジャーナルオンライン,元祖スーパーモデルのシンディ・クロフォード（57歳）体型を保ち続けるために欠かせない運動法とは？,https://news.yahoo.co.jp/articles/f23722c06455b750203a4a31c464ccf4d99b4221,2/17(土) 19:50
yogajol,ヨガジャーナルオンライン,〈硬いお肉が箸で切れるように〉一緒につけ込むだけで肉が劇的に柔らかく…管理栄養士が教える裏ワザ,https://news.yahoo.co.jp/articles/0f2169439f6ced856c1df4f4832d27cb2724dab0,2/17(土) 19:35
yogajol,ヨガジャーナルオンライン,【いちご】1日に必要なビタミンCを摂るには何粒が目安？効果的な食べ方とあわせて管理栄養士が解説,https://news.yahoo.co.jp/articles/238dfe673fbd7b81f980d146ca68c715bf7d1b5b,2/17(土) 12:15
yogajol,ヨガジャーナルオンライン,肩コリの人がほぐすべき肩以外の場所とは？〈ガチガチの肩、軽くなる〉簡単脇ほぐし,https://news.yahoo.co.jp/articles/cd1433f3d5abf8118a61756bd885aa5ec10e75b1,2/16(金) 22:45
yogajol,ヨガジャーナルオンライン,〈カフェインクイズ〉紅茶と緑茶、カフェインが多いのはどっち？管理栄養士が教える、意外な結果,https://news.yahoo.co.jp/articles/4dc689fb795e9591bbdece41cdbc806ae7ef7d60,2/16(金) 22:30
yogajol,ヨガジャーナルオンライン,股関節の詰まり感や硬さを感じる人は「お尻の深層筋」をほぐそう！深層外旋六筋をゆるめる簡単エクサ,https://news.yahoo.co.jp/articles/ccda34ec67e215e7dbc8ca4420362e9564e444c4,2/16(金) 20:50
yogajol,ヨガジャーナルオンライン,食材の鮮度がアップする「魔法の洗い方」って？効果を高める【正しいやり方】管理栄養士が解説,https://news.yahoo.co.jp/articles/371573f720162e303f2a8cad06dda6566c700eb7,2/16(金) 20:10
yogajol,ヨガジャーナルオンライン,【さやいんげん】の意外な栄養！一緒に食べると栄養価がアップする食材とは？管理栄養士が解説,https://news.yahoo.co.jp/articles/329ac4a7d2928bf4c0f13f968def7eec7c2753d3,2/16(金) 19:50
yogajol,ヨガジャーナルオンライン,股関節の詰まり感や違和感を解消！ぐるぐるエクササイズ〈仰向けでたった5回動かすだけ〉,https://news.yahoo.co.jp/articles/1f749387da5ce8752012278a9744f74b94905414,2/15(木) 22:30
yogajol,ヨガジャーナルオンライン,ちょっとキツイけどお尻と太ももがみるみる境目くっきり！【垂れ尻対策】３ステップ美尻エクサ,https://news.yahoo.co.jp/articles/b728999077c3695cd29f4aef874e2726fedb7fbc,2/15(木) 22:15
yogajol,ヨガジャーナルオンライン,〈素うどん〉栄養バランスをととのえるなら何を足す？管理栄養士おすすめのトッピング＆食べ方,https://news.yahoo.co.jp/articles/7a8691e4b640c84226695d5e2c5be76861318b21,2/15(木) 22:10
yogajol,ヨガジャーナルオンライン,【紅茶】カフェインの摂り過ぎに注意！1日に飲んでも良い目安は？おすすめの組み合わせとあわせて解説,https://news.yahoo.co.jp/articles/1d29cf3ea3313eb6b9fd65950537d8a50a53be1a,2/15(木) 22:00
yogajol,ヨガジャーナルオンライン,〈50歳からの体幹強化〉バランスよく痩せるポイントは体幹！壁を使うからキツくない体幹エクサ,https://news.yahoo.co.jp/articles/a517d7f2310a4f8bea074b3136436e11b5a7a0a4,2/15(木) 20:50
yogajol,ヨガジャーナルオンライン,ヨガしてたら突然…三毛猫がとった愛くるしすぎる行動とは？,https://news.yahoo.co.jp/articles/f5d9306045461de947f38a7b5761505647fadc3b,2/15(木) 17:56
yogajol,ヨガジャーナルオンライン,〈ぽっこり下腹〉〈脇腹のたるみ〉解消のカギは内ももです！寝たまま内腿をギュッとするだけ腹筋エクサ,https://news.yahoo.co.jp/articles/76a8f622d964e42ca3d9cb8bd946db7cda75958b,2/14(水) 20:45
yogajol,ヨガジャーナルオンライン,人知れず悩んでいる人が多い〈更年期の尿もれ問題〉予防に役立つ！夜の骨盤まわりストレッチ,https://news.yahoo.co.jp/articles/3b5a20a34b5d2392fbb448d0c7c77c0d0738e265,2/14(水) 20:25
yogajol,ヨガジャーナルオンライン,傷みやすい【水菜】をひと手間で２倍長持ちさせる方法,https://news.yahoo.co.jp/articles/34a3663bc948ebaf4fe876f02f516fab77feb957,2/14(水) 20:05
yogajol,ヨガジャーナルオンライン,チョコレートが好きな人でも意外と知らない「チョコレートを食べる時の注意点」とは？管理栄養士が解説,https://news.yahoo.co.jp/articles/14ba1845ea330820617f45524cec18dd781fcfdf,2/14(水) 18:55
yogajol,ヨガジャーナルオンライン,〈太りにくい体質になる〉下半身の筋力アップ！たった10回で効く「膝立ちでらくらくスクワット」,https://news.yahoo.co.jp/articles/bde4059df7fc9b00d3b3f9ab61c855a8160ec34d,2/13(火) 22:20
yogajol,ヨガジャーナルオンライン,【股関節の詰まりが気になる人は試してみて】スルスルと動く股関節を作る！中臀筋トレ,https://news.yahoo.co.jp/articles/17c43cb022ecc75c0e450b002a69f41e3e240b69,2/13(火) 22:10
yogajol,ヨガジャーナルオンライン,〈究極のお腹ヤセ〉ねじるだけでお腹がスッキリする「半分の魚の王様のポーズ」,https://news.yahoo.co.jp/articles/cd2124ea359e4df58d427585c0bffb8b4658859f,2/13(火) 21:35
yogajol,ヨガジャーナルオンライン,〈慢性的な腰痛〉病院に行くべき？放置しても良い？腰痛専門医の見解は,https://news.yahoo.co.jp/articles/ddc381b6d359412f3a7d540b8f4cc211b3e3031e,2/13(火) 21:30
yogajol,ヨガジャーナルオンライン,〈体力や筋力が落ちてきたら…やろう！〉全身に効率よく効かせて引き締められるワイドスクワット,https://news.yahoo.co.jp/articles/29902fcb22c061fa31204a0a381c05b9e4682e8c,2/13(火) 21:15
yogajol,ヨガジャーナルオンライン,【納豆】そのまま食べるともったいない？栄養も旨味も増す「ちょい足し食材」5選｜管理栄養士が提案,https://news.yahoo.co.jp/articles/ed91b3bb265c82b4c482aecec700816baaf04226,2/13(火) 21:05
yogajol,ヨガジャーナルオンライン,日本では600万人もの患者がいる「ぜんそく」40～50代で突然発症することも…症状と発作の対処法,https://news.yahoo.co.jp/articles/3d10c1890be0072278a0c8291c8e71cfc301452a,2/12(月) 21:45
yogajol,ヨガジャーナルオンライン,足首が太い人は「アキレス腱が斜めになっている」かも？足首をキュッと引き締めるスゴ技ほぐし,https://news.yahoo.co.jp/articles/e5cafdfeda05d8031cbc55ddbe0ae3b917a75cf6,2/12(月) 21:15
yogajol,ヨガジャーナルオンライン,ひとり暮らし50歳以上の人はペットを飼うと認知症リスクが低下！研究結果で明らかになった理由とは,https://news.yahoo.co.jp/articles/1f82211da14ec436f2611f9cabed46488415e4cd,2/12(月) 21:05
yogajol,ヨガジャーナルオンライン,寒さでガチガチな背中をユルユルにする肩甲骨はがしエクササイズ｜たった10回でOK！,https://news.yahoo.co.jp/articles/cf0b0137f12f744b77af148c61ebe165918f3fd7,2/12(月) 20:40
yogajol,ヨガジャーナルオンライン,閉経後の腟トラブル…イガイガ、ヒリヒリの最新治療法とは？フェムケア専門の女性泌尿器科医が解説,https://news.yahoo.co.jp/articles/1fb67ee6c1e0b4ad776244fc761d9ff9120a3584,2/12(月) 20:30
yogajol,ヨガジャーナルオンライン,カフェインを摂りすぎるとどうなる？意外と知らないカフェイン過剰摂取の影響｜管理栄養士が解説,https://news.yahoo.co.jp/articles/0812cf1f20d43eef3be5912349ef82bc84feac1e,2/12(月) 20:10
yogajol,ヨガジャーナルオンライン,お正月だけじゃもったいない！【黒豆】の栄養と効能,https://news.yahoo.co.jp/articles/6711713b80ce3a940cfbbdf65ab3a2f0528f3965,2/12(月) 19:40
yogajol,ヨガジャーナルオンライン,「このまま独り？休日になると孤独感に押しつぶされそう」【専門家に聞く「悲嘆」との向き合い方】,https://news.yahoo.co.jp/articles/e8bd27293bd751315a76caedb397163b76e14314,2/12(月) 18:15
yogajol,ヨガジャーナルオンライン,〈痩せる？チョコムースの作り方〉濃厚なのにめっちゃヘルシー！材料５つ、混ぜて冷やすだけ簡単レシピ,https://news.yahoo.co.jp/articles/4f346b0c95c11d8aa7230eb527c49ed3cbba5419,2/11(日) 8:05
yogajol,ヨガジャーナルオンライン,小顔になるために柔らかくするべきなのは首＆デコルテ！大顔の原因・首まわりのコリをほぐすストレッチ,https://news.yahoo.co.jp/articles/ee597cbf030f5442a7276f9ae51a802f9d363f68,2/11(日) 7:35
yogajol,ヨガジャーナルオンライン,ADHD（注意欠如・多動症）の子どもが避けたほうが良い「４つの食品」【専門家が警鐘】,https://news.yahoo.co.jp/articles/776d60d2130392a4afbe1d2ae686c3415180a9fd,2/11(日) 7:20
yogajol,ヨガジャーナルオンライン,上を向くだけ！わずか2ステップで首凝り、むくみ顔を解消する「首ストレッチ」,https://news.yahoo.co.jp/articles/936e3162bcf3e9d557ff705f51a46c8a61f31941,2/10(土) 21:30
yogajol,ヨガジャーナルオンライン,「猫背は太る？」「座りっぱなしは太る？」姿勢を整えて痩せ体質になれる【姿勢調整ストレッチ】,https://news.yahoo.co.jp/articles/77cceeb7148087d4d0b5dde2c98b8920e83542cb,2/10(土) 21:15
yogajol,ヨガジャーナルオンライン,“糖尿病寸前”との診断から18キロの減量！超スリムになった歌姫ケリー・クラークソンの減量法とは,https://news.yahoo.co.jp/articles/2c423f81262e79018b3082c173c9f3a21d5ee325,2/10(土) 19:55
yogajol,ヨガジャーナルオンライン,なると厄介な〈顎関節症〉「もしかして…」と思ったらやってはいけないこと３つ｜歯科医に聞いた,https://news.yahoo.co.jp/articles/2c9424cb99c7df2a56d203707782f894228c63c3,2/10(土) 19:45
yogajol,ヨガジャーナルオンライン,パセリは飾りじゃない！管理栄養士が教える「パセリを食べた方が良い理由」,https://news.yahoo.co.jp/articles/0cb26d236277b8cf031525a4059310a3be2ffce2,2/10(土) 7:30
yogajol,ヨガジャーナルオンライン,自然と痩せる体になりたい人は「朝、ふくらはぎを動かそう」寝たままできるふくらはぎエクサ3選,https://news.yahoo.co.jp/articles/e2e7a07a71ddbd518fddff084e3b39fbee318e35,2/10(土) 7:15
yogajol,ヨガジャーナルオンライン,【下半身痩せ】冷えもむくみも解消する股関節ほぐし｜寝ながら10秒ゴロゴロするだけ！,https://news.yahoo.co.jp/articles/3c08b50631856a065cdac3781017e47bd172f4bf,2/9(金) 21:15
yogajol,ヨガジャーナルオンライン,感じの良い人が無意識でやっている「７つの行動」【精神科医が考察】,https://news.yahoo.co.jp/articles/f06ebe3e8f4fdfb04dc771947f47cd83853866fa,2/9(金) 20:10
yogajol,ヨガジャーナルオンライン,プリン体クイズ｜かずのことたらこ、どっちが多い？尿酸値が高い人が知るべき意外な事実｜栄養士が解説,https://news.yahoo.co.jp/articles/eb0ae01e2f6bedb5540e90f98cacf6214a2c76d5,2/9(金) 19:30
yogajol,ヨガジャーナルオンライン,どうして食べ過ぎてしまうの？ストレスと暴飲暴食の関係と今日からできること｜臨床心理士が解説,https://news.yahoo.co.jp/articles/dc042222be5b72617b8a4d1cc40e70861fa83704,2/9(金) 18:45
yogajol,ヨガジャーナルオンライン,リンゴの種には毒がある？種を食べてしまったらどうなる？管理栄養士が解説,https://news.yahoo.co.jp/articles/9a3d24b2e0dde9cc4a827b0a8e40afc3fabc8377,2/9(金) 18:10
yogajol,ヨガジャーナルオンライン,「しゃがむとかかとが浮く」意外な原因は…スネ？きっとあなたも病みつきになるスネほぐし2選,https://news.yahoo.co.jp/articles/8173a593c591dca079c3fdef3c37ab2ed0c31e46,2/8(木) 21:20
yogajol,ヨガジャーナルオンライン,「更年期の女性は性欲が増す」本当？専門医が解説する更年期女性の性欲と体のメカニズム,https://news.yahoo.co.jp/articles/a3600c6b580b34b20781d24ae31679c4717fb48c,2/8(木) 21:05
yogajol,ヨガジャーナルオンライン,〈塩分クイズ〉オイスターソースとウスターソース、塩分量が多いのはどっち？管理栄養士が解説,https://news.yahoo.co.jp/articles/532656dd13e4d1c8ac41c22b7af4c128d13c8b98,2/8(木) 20:45
yogajol,ヨガジャーナルオンライン,摂り過ぎていない？コーヒーとの組み合わせに注意！日常に潜むカフェインを含む食品4選,https://news.yahoo.co.jp/articles/0bb72665b5684cb1936f1b3e24c816dfaea9bf12,2/8(木) 19:20
yogajol,ヨガジャーナルオンライン,「加熱用の牡蠣を生で食べてしまった…」大丈夫？食中毒の心配は？管理栄養士が解説,https://news.yahoo.co.jp/articles/86f1e5d676d34cd78330d8dd11b53044878ee56e,2/8(木) 18:15
yogajol,ヨガジャーナルオンライン,【40代からのゆる体幹トレ】身体全体が引き締まる「木のポーズ」効果を高めるやり方,https://news.yahoo.co.jp/articles/6649e3f63e6c0f665bd469938527c74351789809,2/7(水) 21:15
yogajol,ヨガジャーナルオンライン,バキバキの背中は〈顔〉もたるませる？背中から不良姿勢を整えるほぐしエクササイズ,https://news.yahoo.co.jp/articles/6d0fd9d32553a1bbd294c6a8bee8d564cce7f1a7,2/7(水) 20:40
yogajol,ヨガジャーナルオンライン,「しっかり焼いたはずの鶏肉が生焼けだった…うっかり食べてしまったけど大丈夫？」管理栄養士が解説,https://news.yahoo.co.jp/articles/183b49fa3f2bff869ec2395cf5714e165ec99c10,2/7(水) 20:10
yogajol,ヨガジャーナルオンライン,【元お騒がせセレブ】リンジー・ローハン（37歳）、産後半年で美ボディを披露！体型を戻した秘策とは,https://news.yahoo.co.jp/articles/efa28b6960f6f680b584ea7c20b24b97d576a73e,2/7(水) 19:45
yogajol,ヨガジャーナルオンライン,禁酒したいなら「ノンアルコールビール」は逆効果？管理栄養士が考える、お酒との付き合い方,https://news.yahoo.co.jp/articles/9f22404fa98512af8611e3cae0d5fd045d9357e8,2/7(水) 19:20
yogajol,ヨガジャーナルオンライン,【にんじん】に加えるだけ！一緒に摂ると栄養が吸収が高まる「ちょい足し食材」管理栄養士が解説,https://news.yahoo.co.jp/articles/78577fff6f5493fc117fb731cdd3d482b0bb115a,2/7(水) 18:20
yogajol,ヨガジャーナルオンライン,コーヒーと緑茶、カフェインが多いのはどっち？カフェインを摂取するとどうなる？管理栄養士が解説,https://news.yahoo.co.jp/articles/2d847ecbce39b45163f5a81776ce021c7eacc68f,2/7(水) 12:20
yogajol,ヨガジャーナルオンライン,〈ぷよ腹＆垂れ尻の人は歩き方に共通点〉弱った筋肉に◎お腹とお尻をまとめて引き締め！シーソーエクサ,https://news.yahoo.co.jp/articles/f46b14cb4d3db13aef01f9f4dba5ca91704e16d2,2/6(火) 22:10
yogajol,ヨガジャーナルオンライン,さすって伸ばすだけ！【座ったままできる】浮き輪肉をごっそり落とす30秒体側ストレッチ,https://news.yahoo.co.jp/articles/d99531d2cd878ce350fa050181d5338ec3777db3,2/6(火) 21:35
yogajol,ヨガジャーナルオンライン,〈塩分クイズ〉醤油とソース、塩分が多いのはどっち？意外と知らない調味料の塩分｜管理栄養士が解説,https://news.yahoo.co.jp/articles/5ade9fa632a7feb28e2ef68879647cd23d800efa,2/6(火) 21:30
yogajol,ヨガジャーナルオンライン,歯磨きするたび歯茎から出血しているあなたが用意すべきものと３つのポイント｜歯科医が解説,https://news.yahoo.co.jp/articles/66bcec07b63ba469e16f4c1f52941ac3db6d608c,2/6(火) 21:15
yogajol,ヨガジャーナルオンライン,白いこんにゃくと黒いこんにゃくは何が違う？どちらが健康的？管理栄養士が解説,https://news.yahoo.co.jp/articles/11b94a5705542d5d7e2633343805d9baa296419a,2/6(火) 21:05
yogajol,ヨガジャーナルオンライン,10分で効果を実感！いつまでもたっても体が硬い人向け「開脚ストレッチ」,https://news.yahoo.co.jp/articles/a05d81ddb17c71d3a332a993d9fcf6f080cd4e94,2/6(火) 21:00
yogajol,ヨガジャーナルオンライン,意外な落とし穴も？糖尿病専門医が教える〈プリン体が多い食べ物・少ない食べ物〉,https://news.yahoo.co.jp/articles/cdcabdc6a515de47d05ce04add321f2a3907b744,2/6(火) 20:30
yogajol,ヨガジャーナルオンライン,【ブロッコリー】茹でると損する？「ブロッコリーの栄養を逃さない調理法」管理栄養士が解説,https://news.yahoo.co.jp/articles/b44df0652100d917c2a7a1fa8b3ecbb74337fbbf,2/6(火) 12:20
yogajol,ヨガジャーナルオンライン,老けない人の野菜の食べ方がシンプルすぎた！管理栄養士が教える、40代からの〈がんばらない食事〉,https://news.yahoo.co.jp/articles/c1d34369523162710d512dd0915943173853f4fc,2/5(月) 21:10
yogajol,ヨガジャーナルオンライン,〈疲れがたまった背中に〉腰～首までグーンと伸びる「座ったままでバキバキ背中解消ストレッチ」,https://news.yahoo.co.jp/articles/dbe6a90e42378d62d4d95da813274a7a3e4e7a36,2/5(月) 20:15
yogajol,ヨガジャーナルオンライン,〈運動嫌いな60代でも無理なく整う〉ガチガチ肩こりが一気にほぐれる「ゴムバンド肩ストレッチ」,https://news.yahoo.co.jp/articles/617b925ccd09d1522ccde6e1aa58c5b50f79cb30,2/5(月) 19:40
yogajol,ヨガジャーナルオンライン,もしかして更年期？【基礎体温で知る】更年期のはじまり・閉経のサイン,https://news.yahoo.co.jp/articles/9614aced6df8e97f03ad9f2549fb724d49c98c6c,2/5(月) 19:30
yogajol,ヨガジャーナルオンライン,今が旬！「小松菜の栄養がすごい」栄養を逃さない調理法、簡単レシピを管理栄養士が解説,https://news.yahoo.co.jp/articles/795bab47daeebae92e185bf33a9f57b6756e66de,2/5(月) 18:15
yogajol,ヨガジャーナルオンライン,「ぽっこりしない下腹」をキープしたい人はやって！べッドでできる習慣トレで「もう2度と悩まない」,https://news.yahoo.co.jp/articles/db4a3a8eae983ef41e2c669366461f1418169a23,2/4(日) 21:35
yogajol,ヨガジャーナルオンライン,「男性主体の性」への疑問から生まれた「セクシャルウェルネスブランド」創始者が語る、女性の性の課題,https://news.yahoo.co.jp/articles/1d32913be0dd10ab41cc409d5ba53cceee5576cb,2/4(日) 21:05
yogajol,ヨガジャーナルオンライン,40代以降の〈骨盤底筋のゆるみ〉に効く！ぽっこりお腹も改善できる一石二鳥エクササイズ,https://news.yahoo.co.jp/articles/81d6f821e611818896932bb93791cc17349011fd,2/4(日) 20:40
yogajol,ヨガジャーナルオンライン,ドロドロ血液と腰痛の意外な関係｜腰痛専門クリニック栄養士が教える血流を良くするための食事,https://news.yahoo.co.jp/articles/1d08ecf1852bda863775bbaffd3d3604f571e158,2/4(日) 20:30
yogajol,ヨガジャーナルオンライン,【プリン体クイズ】赤味噌と白味噌の味噌汁、どっちが多い？尿酸値が高い人が知るべき意外な事実,https://news.yahoo.co.jp/articles/919239acf7719eaf46b7d43ab74aa511d68060c3,2/4(日) 20:15
yogajol,ヨガジャーナルオンライン,【納豆】に加えるだけで、もっと腸がととのう「意外な薬味」管理栄養士が提案,https://news.yahoo.co.jp/articles/bb5876f87b6a52b918c270fb8cb91314f2b49b85,2/4(日) 19:55
yogajol,ヨガジャーナルオンライン,口内炎を何度もくり返す人が疑うべき原因は疲れやビタミン不足ではない…根本的な原因は？歯科医が提言,https://news.yahoo.co.jp/articles/d806bf1c7b7317e87369c943bc993a2e4165b3f8,2/4(日) 19:40
yogajol,ヨガジャーナルオンライン,【更年期世代のイライラ・プチ鬱対策に】気持ちよく開いて自律神経を整える「股関節ストレッチ」,https://news.yahoo.co.jp/articles/98be629f492c5485649c794c6c81335f70bb4817,2/3(土) 22:15
yogajol,ヨガジャーナルオンライン,更年期世代の腟、ヒリヒリしたり臭いが強くなるのはなぜ？婦人科形成医が教える【原因と対処法】,https://news.yahoo.co.jp/articles/8e6ad7eb5c80e8d8c1a6f4ff3c0589d84fb7ba1a,2/3(土) 21:55
yogajol,ヨガジャーナルオンライン,40代・50代、更年期世代の背中のお肉撃退法【背中がみるみる痩せるバッタのポーズ】,https://news.yahoo.co.jp/articles/e8e579106f0e3d287e7251bae794b4ab8e9c1b6c,2/3(土) 20:30
yogajol,ヨガジャーナルオンライン,【大根おろし】辛くなる理由とは？大根おろしの辛みを抑える４つの裏ワザ｜管理栄養士が解説,https://news.yahoo.co.jp/articles/cdc91a77a50de4c4c907f13f1368b49d4a9ec2d0,2/3(土) 20:15
yogajol,ヨガジャーナルオンライン,カロリー高め「オムライス」偏りがちな栄養バランスを整えるには？管理栄養士が勧めたいオムライス献立,https://news.yahoo.co.jp/articles/1ffae97218c7fdd6cc635c01fde1ea95279c3e94,2/3(土) 19:55
yogajol,ヨガジャーナルオンライン,〈ぽっこり下腹が自然と痩せる〉ビックリするほどラクなのに効果抜群！もも裏×腹横筋アプローチエクサ,https://news.yahoo.co.jp/articles/e8e11f4d150f731f3d24db2d7fd55ce4f4a3ff28,2/2(金) 21:30
yogajol,ヨガジャーナルオンライン,【大顔・たるみ・ほうれ線が気になる人に】顔が引き上がる！１回１分のフェイスライン引き締めケア,https://news.yahoo.co.jp/articles/35ed84eea54af7d1c733c940b62576c002821c76,2/2(金) 21:15
yogajol,ヨガジャーナルオンライン,60代からの体力維持｜ゆるまない体幹を作り、はつらつと動ける体を手に入れる「小さな舟のポーズ」,https://news.yahoo.co.jp/articles/776de1d0394d45e297cb1ecb20bb5732b6d2d93e,2/2(金) 21:15
yogajol,ヨガジャーナルオンライン,鏡で見てギョッ…「私の背中こんなに丸まってた？」見た目年齢も上げる猫背を改善！寝たまま腸腰筋トレ,https://news.yahoo.co.jp/articles/6b05e87b9e7cab99784705920a02156a0af73a83,2/2(金) 21:10
yogajol,ヨガジャーナルオンライン,【体験談】「苦しまない方法でも貯金はできる！」外食や推し活を楽しみつつも、お金を貯めるコツ,https://news.yahoo.co.jp/articles/ee9bd626c9f22005266504680c09ebf9e4455b07,2/2(金) 20:45
yogajol,ヨガジャーナルオンライン,「大切なのは、自分がどうしたいか」40歳ロリータモデル・青木美沙子さんが語る、老いとの向き合い方,https://news.yahoo.co.jp/articles/ad226bfd4eea241dde8057a690272cbc9de6d8d3,2/2(金) 20:15
yogajol,ヨガジャーナルオンライン,精神科医が教える【冬季うつの対策】幸せホルモン「セロトニン」を増やす方法,https://news.yahoo.co.jp/articles/ff8c406e5839d4dbbfa549a0b02379a310cf09fa,2/2(金) 19:45
yogajol,ヨガジャーナルオンライン,健康診断で「脂質異常症」との診断結果が…。控えるべき食べ物とは？管理栄養士が解説,https://news.yahoo.co.jp/articles/06e87095725b17723d47a2805d7bf327594c942a,2/2(金) 18:10
yogajol,ヨガジャーナルオンライン,ヨーグルトに足すだけ！もっと腸がととのう「意外な食材」管理栄養士が提案,https://news.yahoo.co.jp/articles/8e3fee79fabc0a3a8d8f5d967a7e72c194eb8fb6,2/2(金) 18:05
yogajol,ヨガジャーナルオンライン,高カロリーの代表食「カレー」罪悪感なく食べるためにプラスしたいおかずは？管理栄養士アドバイス,https://news.yahoo.co.jp/articles/47335d3b8e2422a9d2f18f79fb92f085b17944d5,2/1(木) 20:45
yogajol,ヨガジャーナルオンライン,【プリン体クイズ】そばとうどん、どっちが多い？尿酸値が高い人が知るべき意外な事実｜栄養士が解説,https://news.yahoo.co.jp/articles/14eb3c898ab7b0c29d69220a4d455bd5ea6477b9,2/1(木) 20:15
yogajol,ヨガジャーナルオンライン,【日本人女性の６割が悩んでいる「便秘」】腸が目覚めてお腹もスッキリ「立ったままツイスト」,https://news.yahoo.co.jp/articles/9838c65bbd07d296ae605582301375d25623570b,2/1(木) 19:50
yogajol,ヨガジャーナルオンライン,【食べすぎた日の対処法】浮き輪肉になる前に！なかったことにできる「お手軽お腹ほぐし」,https://news.yahoo.co.jp/articles/90f8a575a7ee5f2d2cac7fa4084caa7ce9d97298,1/31(水) 21:55
yogajol,ヨガジャーナルオンライン,セルフプレジャーグッズを誰にもバレないで買う方法、捨てる方法はある？【性の専門家が回答】,https://news.yahoo.co.jp/articles/02de8f606f7f634ddefd36cafcfa0238ee67253d,1/31(水) 21:30
yogajol,ヨガジャーナルオンライン,「年相応のファッションなんてない」ロリータモデル・青木美沙子さんの「好き」を貫く生き方,https://news.yahoo.co.jp/articles/eca916cf0562afa1d22389c3ed4fec33d8df7e9c,1/31(水) 21:05
yogajol,ヨガジャーナルオンライン,何となくたるんだ感じの体に〈きつくない〉じんわりと効かせて筋肉を刺激、立ったまま体幹トレーニング,https://news.yahoo.co.jp/articles/7bce15de473f3ab06d13595e6fff9692040d6299,1/31(水) 20:40
yogajol,ヨガジャーナルオンライン,【内ももが硬いと1日の消費カロリーが大幅にダウン】痩せ体質に変わる「座ったまま内ももほぐし」,https://news.yahoo.co.jp/articles/3165637f2dfa669b06fff0b525b51718c1bccad2,1/31(水) 20:00
yogajol,ヨガジャーナルオンライン,生のトマトとトマト缶、栄養に違いはある？加熱した場合は？管理栄養士が解説,https://news.yahoo.co.jp/articles/5130bf601b952e93c0da4088bfa59b630d817ce9,1/31(水) 19:40
yogajol,ヨガジャーナルオンライン,歯周病を放置すると糖尿病が悪化する？意外と知らない〈歯周病と糖尿病の関係〉歯科医師が解説,https://news.yahoo.co.jp/articles/e137636f58387cd181148ef3c472b7a41080c91a,1/31(水) 18:40
yogajol,ヨガジャーナルオンライン,【キャベツと芽キャベツ】実は…ビタミンCが4倍違う？その他、違いを管理栄養士が解説,https://news.yahoo.co.jp/articles/6ad1d1c1811f82c869a7faa462b63a78dec9951c,1/30(火) 21:45
yogajol,ヨガジャーナルオンライン,行為中、自分のデリケートゾーンが臭い気がして気になる…確かめる方法や改善策は？性の専門家が回答,https://news.yahoo.co.jp/articles/0823629bc4158eab97992a9dcb1012be0a329650,1/30(火) 21:35
yogajol,ヨガジャーナルオンライン,下半身だけ痩せない…そんな人に絶対勧めたい〈股関節ほぐし〉股関節に詰まり感を感じる時にも◎,https://news.yahoo.co.jp/articles/8c327c0c44e80700adc63b08457c298ee5925f06,1/30(火) 21:20
yogajol,ヨガジャーナルオンライン,砂糖とがん、添加物とがん…どう考える？外科医で免疫学者・漢方医でもある医師の考えは,https://news.yahoo.co.jp/articles/1a3bdb3b37d57bb7c981df6bc4be61c2d83237bc,1/30(火) 21:15
yogajol,ヨガジャーナルオンライン,〈減塩〉塩味が落ちないのに減塩できる&今日からできる裏ワザ「下味レモン」とは？管理栄養士が解説,https://news.yahoo.co.jp/articles/ba117f8cf5bc5f4bd9c3d52f9da6fbe6692d2279,1/30(火) 18:15
yogajol,ヨガジャーナルオンライン,寝ている間に固まったガチガチ肩甲骨をほぐす！ベッドの上でできる肩甲骨ほぐし【朝ヨガ】,https://news.yahoo.co.jp/articles/221994ca0d0b7c7e4c9f7606bd3b408b9d12d7fb,1/30(火) 6:05
yogajol,ヨガジャーナルオンライン,「照明をつけたまま眠る」NGな理由とは？研究結果が示唆する〈夜間の照明〉がもたらす健康リスク,https://news.yahoo.co.jp/articles/a1f5fef84c576ef09ea00391461cc862b9fe5790,1/29(月) 23:00
yogajol,ヨガジャーナルオンライン,【実録】くびれゼロだった私が、くびれをラク～に手に入れた！お腹エクササイズ３つの方法,https://news.yahoo.co.jp/articles/37878b81b8727ec4910acb1e4da386041c881acc,1/29(月) 22:40
yogajol,ヨガジャーナルオンライン,動かずにはいられない、声を出さずにはいられない…トゥレット症とはどのような病気？医師が解説,https://news.yahoo.co.jp/articles/f89dac1b4ea04eedeb4448f317c0fd00e23c277a,1/29(月) 22:20
yogajol,ヨガジャーナルオンライン,【きついけど1分で効く】体幹に効かせて”浮き輪肉”を撃退「片脚立ちのツイスト」,https://news.yahoo.co.jp/articles/07b0b7c18f780017c6bf48469c3d8272cf68438a,1/29(月) 22:00
yogajol,ヨガジャーナルオンライン,【ぐるぐる回すだけのズボラ体操】背中の贅肉すっきり！肩こりが軽くなる！一石二鳥の肩甲骨回し,https://news.yahoo.co.jp/articles/6c3f7d2c8017ccfd7dfef31d7707eb98cf513762,1/28(日) 21:45
yogajol,ヨガジャーナルオンライン,「子宮がない」約4500人に1人とも言われるロキタンスキー症候群を知っていますか？医師が解説,https://news.yahoo.co.jp/articles/72c557fb02c058454b4eca525ff3ee95f8edbe14,1/28(日) 21:30
yogajol,ヨガジャーナルオンライン,かゆみ、尿もれ、性交痛…今、注目の「GSMケア」とは？フェムケアの専門医師からアドバイス,https://news.yahoo.co.jp/articles/e1eda9872445ce3ffc6a32e8daf13344caa2835a,1/28(日) 21:20
yogajol,ヨガジャーナルオンライン,実は、なくても困りません。手放したら家事がラクになった４つのもの｜整理収納アドバイザーの実体験,https://news.yahoo.co.jp/articles/b3d81b8861f7450797c937b16eb16b6d282a385d,1/28(日) 19:45
yogajol,ヨガジャーナルオンライン,放っておくと危険！【お尻の冷えがもたらす悪影響】お尻の深いところまで効く「あぐら前屈ストレッチ」,https://news.yahoo.co.jp/articles/18a6c453dc305457fc16085b7667161bc8fcaec4,1/27(土) 22:10
yogajol,ヨガジャーナルオンライン,〈疲れないエクササイズ〉でお腹ほっそり！キツい運動をしたくないズボラさん向け上半身クルクル運動,https://news.yahoo.co.jp/articles/1354f1acfc5545b26ed5081d42fa5e31af0e4d81,1/27(土) 21:45
yogajol,ヨガジャーナルオンライン,「前屈が苦手」な私がやっていること【1日たった1分】「前屈が得意」になる魔法のポーズ,https://news.yahoo.co.jp/articles/489bc0a7123831971d53c7259b1f8f14a84cdc55,1/27(土) 21:15
yogajol,ヨガジャーナルオンライン,ラクしてお腹やせ！〈逆腹筋〉運動したくないけどお腹を凹ませたい人は絶対やるべき簡単エクササイズ,https://news.yahoo.co.jp/articles/3c48f70dbbb29c492f769d763de6a8249b771132,1/27(土) 20:45
yogajol,ヨガジャーナルオンライン,冷え性を改善！あっという間にポカポカ温まる、両手を上下に動かすだけ【ふにゃふにゃ肩甲骨ほぐし】,https://news.yahoo.co.jp/articles/49cdf5fe5eeb804b5020561120a6ed6a58b498e3,1/27(土) 20:30
yogajol,ヨガジャーナルオンライン,たった１ポーズで脚痩せが叶う！【太さもむくみも疲れもすっきり】マスターしたい「トカゲのポーズ」,https://news.yahoo.co.jp/articles/66d8fc845add497b23db6f69bca2e726e2771ecb,1/27(土) 20:00
yogajol,ヨガジャーナルオンライン,「疲れやすい…」の原因「自律神経」を整える｜理学療法士が教える「ON・OFFの呼吸」,https://news.yahoo.co.jp/articles/29d49ec24b55bbb80dab073282deb5b2963b97c2,1/27(土) 19:45
yogajol,ヨガジャーナルオンライン,硬いお肉を柔らかくする「簡単ひと手間」劇的にジューシーに！管理栄養士が勧めたい裏ワザ,https://news.yahoo.co.jp/articles/908f406a301254b9dbee97111da9a285e13de511,1/27(土) 18:15
yogajol,ヨガジャーナルオンライン,肩こりに関係ないようで関係大アリの体側ストレッチ｜立ったままサクッとやってみよう,https://news.yahoo.co.jp/articles/ed525c94cd5dab908040dba13169449c68aeb333,1/26(金) 22:10
yogajol,ヨガジャーナルオンライン,現在76歳、ボディビルのレジェンドでもあるアーノルド・シュワルツェネッガーが実践する食事ルール,https://news.yahoo.co.jp/articles/1abd0bb4c579b55a08c81eaaddc5a7add6a3b733,1/26(金) 21:50
yogajol,ヨガジャーナルオンライン,大根は部位によって味が違う？丸ごと1本をおいしく長持ちさせる保存方法｜管理栄養士が解説,https://news.yahoo.co.jp/articles/7ead914ccc44ee118e2b62ac1ef558e7b54e2462,1/26(金) 21:35
yogajol,ヨガジャーナルオンライン,反り腰さんのためのストレッチ｜使わずに硬くなってしまった腸腰筋を柔らかくするたったひとつのポーズ,https://news.yahoo.co.jp/articles/8636d317f46e32cf4328b7a0158ca89d9df8164e,1/25(木) 22:40
yogajol,ヨガジャーナルオンライン,確実にお腹をへこませたい人に【ちょっときついけど劇的効果】冬のぽっこりお腹をリセットする３ポーズ,https://news.yahoo.co.jp/articles/8ae7ef6d90ae63b8e719a58aa12d78d11fff22d7,1/25(木) 22:20
yogajol,ヨガジャーナルオンライン,〈浮き輪肉対策にも〉お腹引き締めたいなら内もも鍛えて！1日2分で変わるヨガポーズ,https://news.yahoo.co.jp/articles/bc6387859ba2f5eb71b9c42e4c95bdffccfde318,1/25(木) 22:05
yogajol,ヨガジャーナルオンライン,あなたは大丈夫？精神科医が教える「過眠症」のサイン,https://news.yahoo.co.jp/articles/cc0a7de8b1b050cf67fab422f83e663623a4be95,1/25(木) 21:55
yogajol,ヨガジャーナルオンライン,甘いみかんはヘタを見ればわかる？おいしいみかんの選び方,https://news.yahoo.co.jp/articles/e6bc52f3fbbe2ac763279485fd76d07898b1d7cc,1/25(木) 21:15
yogajol,ヨガジャーナルオンライン,【性のこと、どこまで正直に話すべき？】性の情報を扱う葛藤と「セクシャルウェルネス」の重要性,https://news.yahoo.co.jp/articles/a6c198f249c2b0ba10163012ae6eebda5dce2b2b,1/24(水) 21:15
yogajol,ヨガジャーナルオンライン,長時間の座りっぱなし生活の悪影響…ガチガチの腰に効く「寝たまま引っ張りストレッチ」,https://news.yahoo.co.jp/articles/00c262dc487ff6f7a8519ada6a981de190911043,1/24(水) 21:10
yogajol,ヨガジャーナルオンライン,〈50・60代の膝痛・腰痛対策に〉痛みの原因「硬い腿裏」がゆるゆるになる「ハムストリングほぐし」,https://news.yahoo.co.jp/articles/8d0f5f8feac27e7ee9322d05a63d0bf3e8a69af6,1/24(水) 20:40
yogajol,ヨガジャーナルオンライン,体の不調は【姿勢の悪さ】にあり｜筋トレ不要・柔軟性不要「寝ながら姿勢改善ストレッチ」,https://news.yahoo.co.jp/articles/f29090795117c3980c6277e3c25822280b8214d0,1/24(水) 20:15
yogajol,ヨガジャーナルオンライン,40代以降の浮き輪肉に◎たった10回ギュッと縮めてしっかり伸ばす！お腹引き締めエクササイズ,https://news.yahoo.co.jp/articles/6c33a2d623dd2a2698a60805bb412bc989bac848,1/24(水) 19:55
yogajol,ヨガジャーナルオンライン,【寝てもとれない疲れに効く】筋肉に溜まった疲労物質を流す「ふにゃふにゃ肩甲骨ほぐし」,https://news.yahoo.co.jp/articles/31882abe6c2a5a23c7371223f7ed0d3aa1f34dbf,1/23(火) 21:15
yogajol,ヨガジャーナルオンライン,もも裏が硬いと腰に負担がかかる？下半身のむくみや腰痛を解消「寝ながらお手軽タオルストレッチ」,https://news.yahoo.co.jp/articles/cb96f2d3f228807fd7a9f3fa26aedb687a8c00b8,1/23(火) 20:35
yogajol,ヨガジャーナルオンライン,【お正月太りが気になる方必見】ぽっこりお腹と脚のたるみを同時に解消する！舟のポーズ,https://news.yahoo.co.jp/articles/2c351606d22228d680c0fa3b10d073b102c96bc1,1/23(火) 20:05
yogajol,ヨガジャーナルオンライン,お寿司は本当にヘルシー？お寿司の栄養価と栄養バランスを整えるプラス１メニュー｜管理栄養士が解説,https://news.yahoo.co.jp/articles/9506ada574e611db1e43b55c169275ca754fd240,1/23(火) 19:15
yogajol,ヨガジャーナルオンライン,いつも不機嫌な人の「フキハラ」臨床心理士が教える対処法,https://news.yahoo.co.jp/articles/0f974dd532144db131047003978f1d243f58c005,1/23(火) 18:30
yogajol,ヨガジャーナルオンライン,〈お正月太り対策〉20秒揺れるだけ！くっきりくびれを作るラテラルラインエクササイズ,https://news.yahoo.co.jp/articles/16b417d86efb34e4e2067ddac6034e46b8d7b2f5,1/22(月) 21:35
yogajol,ヨガジャーナルオンライン,〈50代からの腹筋の正解〉首や肩を痛めない！下腹と脇腹を同時に引き締めるトゥタッチ腹筋エクサ,https://news.yahoo.co.jp/articles/dd0f62cb03f5e0863dc76f963137c7252a6fd117,1/22(月) 20:15
yogajol,ヨガジャーナルオンライン,〈足首痩せの極意〉足首が引き締まると美脚に見える効果アリ！ベッドでできる「足首ほぐし」,https://news.yahoo.co.jp/articles/d946228cf08f757321829e8dbb12d3f20b6bbb5b,1/22(月) 20:00
yogajol,ヨガジャーナルオンライン,免疫維持・生活習慣病予防にも！医学博士が教える、毎日でも食べてほしい「栄養価が高い最強野菜」3選,https://news.yahoo.co.jp/articles/69af4d79e044d2728c8ebf32932ca1868b408503,1/22(月) 19:55
yogajol,ヨガジャーナルオンライン,ほくほく？ねっとり？管理栄養士が教えるおいしい焼き芋の選び方・見分け方,https://news.yahoo.co.jp/articles/9674ac715e2287cca71364c9eb46ed9feb3f5c50,1/22(月) 19:30
yogajol,ヨガジャーナルオンライン,【Z世代が語る「性のホンネ」】十人十色！人に話しづらい性の悩みをわたしはどうやって解決してきたか,https://news.yahoo.co.jp/articles/19f29b66a655d6f370e3acd4be92c81e2d8ba30a,1/21(日) 22:05
yogajol,ヨガジャーナルオンライン,【障がいのある人の「きょうだい」が抱える孤独】きょうだい会の活動内容と繋がりで得られる変化とは,https://news.yahoo.co.jp/articles/c57cd230cb265420ed2b52cca275fe17334ba754,1/21(日) 21:30
yogajol,ヨガジャーナルオンライン,運動不足でバキバキの上半身に【座ったままできる】胸・背中が軽く柔らかくなるツイストストレッチ,https://news.yahoo.co.jp/articles/e888b716e741b41581b5e92d599683f230e010b6,1/21(日) 20:40
yogajol,ヨガジャーナルオンライン,内ももが硬い人は姿勢も悪い？カチカチになりやすい部分をほぐして伸ばす「針の糸通し」アレンジポーズ,https://news.yahoo.co.jp/articles/1edcb3821d6e47a95ed7981fdafea5368091c366,1/21(日) 20:05
yogajol,ヨガジャーナルオンライン,カチカチ・パンパンの太ももが…みるみるスッキリ！前ももが劇的に変わる、魔法のストレッチ,https://news.yahoo.co.jp/articles/a20037a1ab9b35f20b087e1f49c7de6985180ce5,1/21(日) 19:50
yogajol,ヨガジャーナルオンライン,【味噌汁】1日に何杯飲むのが体に良い？塩分は大丈夫？健康・美容によい食べ方を管理栄養士が解説,https://news.yahoo.co.jp/articles/a028199401a2d843a61cade6fd9ba02c5c333d96,1/21(日) 18:45
yogajol,ヨガジャーナルオンライン,〈納豆のにおいを抑える裏ワザ調理〉ちょい足しするだけ！納豆の風味が変わる「納豆アレンジレシピ」,https://news.yahoo.co.jp/articles/7b512cf27db068771f41fb58ba5feb48dae3e5fc,1/21(日) 18:15
yogajol,ヨガジャーナルオンライン,大切な人を失った…やり場のないこの気持ち、どうすれば？頼ってほしい相談機関は｜心の専門家が解説,https://news.yahoo.co.jp/articles/47312bad0cccc36e5b4026aae9f3f634b0058e74,1/21(日) 17:45
yogajol,ヨガジャーナルオンライン,【転がるだけでお腹が痩せる？】つらい腹筋エクサにさようなら！肩や首を痛めない新しい腹筋法,https://news.yahoo.co.jp/articles/2fd5f9686eac2fdbbfdb18b46d5ae1763150303a,1/20(土) 22:15
yogajol,ヨガジャーナルオンライン,てんかんとはどのような病気？発症タイミングは？発作に対して周りの人ができることは｜医師が解説,https://news.yahoo.co.jp/articles/32e65bd84a5ee68f3d43e824c1832b7614ff78dd,1/20(土) 21:50
yogajol,ヨガジャーナルオンライン,【実録！姿勢改善で痩せた】姿勢が良いと痩せる理由と、効果があった「楽にやせるほぐし技」,https://news.yahoo.co.jp/articles/c4877af13e8636efb41e6cfb22fe174b1f2bef04,1/20(土) 21:00
yogajol,ヨガジャーナルオンライン,更年期世代に多い【靴下の痕が消えない問題】 脚のむくみを解消するたった５分の「内もも」ほぐし,https://news.yahoo.co.jp/articles/7c052c1faf0aa4d6136342b59cc79e3f8fc863c9,1/20(土) 20:25
yogajol,ヨガジャーナルオンライン,睡眠離婚が夫婦円満の秘訣？キャメロン・ディアス「夫婦別々に寝るのが一般的になるべき！」と主張,https://news.yahoo.co.jp/articles/6dc47d36fc87af65d9093ceda10e60dbd3f985e9,1/20(土) 19:30
yogajol,ヨガジャーナルオンライン,ガチガチ肩をゆるめ、深い呼吸と共に【脳疲労】を和らげる「身体と脳を休めるおやすみヨガ」,https://news.yahoo.co.jp/articles/9a2507dc75f67a834bf0df08561b4aecd60b98f0,1/19(金) 21:30
yogajol,ヨガジャーナルオンライン,〈長引くぽっこりお腹に〉少しキツイ。だから効果大！脚を上げるだけ腸腰筋エクササイズ,https://news.yahoo.co.jp/articles/7100c47a5786eeb98ceabbebe991e201979f5bd2,1/19(金) 21:15
yogajol,ヨガジャーナルオンライン,「なかなか痩せない、ポッコリお腹がフラットにならない…」は骨盤が原因かも？股関節・骨盤調整エクサ,https://news.yahoo.co.jp/articles/6c44ad3d027fd18d80afda161734bfbcd06bc441,1/19(金) 20:50
yogajol,ヨガジャーナルオンライン,40歳からの【脱・老け見え】座ったまま伸ばすだけ！もも裏伸ばしストレッチ,https://news.yahoo.co.jp/articles/8008fb66b6c36d96121b1fc47ad32d5848b54238,1/19(金) 20:15
yogajol,ヨガジャーナルオンライン,【認知症のリスクを減らし脳を6歳若返らせる？】古代中国の「太極拳」の健康効果とは｜研究結果が示唆,https://news.yahoo.co.jp/articles/1683f28541330c01ee92defad72045ead4a6c6c1,1/19(金) 19:55
yogajol,ヨガジャーナルオンライン,80代では100％発症する？誰もがかかる〈白内障〉今、知っておきたい知識と対処法｜医師が解説,https://news.yahoo.co.jp/articles/ea920593b18999b64141477d3db1782fa7df18a9,1/19(金) 18:20
yogajol,ヨガジャーナルオンライン,"「レタス〇個分の食物繊維」一体どれぐらい？管理栄養士が指摘するレタスの""実際の""食物繊維量",https://news.yahoo.co.jp/articles/28760afe5bf3ba7e4c1c0ed98a2417b582f841f9,1/19(金) 18:15
yogajol,ヨガジャーナルオンライン,〈50歳以上は要注意〉認知症じゃないのに認知機能が低下する？心配症とは何か｜精神科医が解説,https://news.yahoo.co.jp/articles/f89830821c23cd64f5b20e319a79142ecbf9140c,1/18(木) 22:30
yogajol,ヨガジャーナルオンライン,【肩甲骨はセルフでここまでほぐれる】360°どこからみられても自信満々に！後ろ姿美人の背中トレ,https://news.yahoo.co.jp/articles/78033bbd259f3103a9fd179895e47eaf951ee8c7,1/18(木) 21:20
yogajol,ヨガジャーナルオンライン,むくみは脂肪へと変わる…だから【ドバドバ排出】老廃物をスッキリ流す！股関節エクササイズ,https://news.yahoo.co.jp/articles/97769e45e95c8fe9e8ddfb311e26a4ac60a2cd66,1/18(木) 21:10
yogajol,ヨガジャーナルオンライン,【股関節がみるみる緩む】足首をもむだけ！今度こそ180度開脚が成功する「開脚を深めるヨガ」,https://news.yahoo.co.jp/articles/bea672da47a5fee9b330c71077844623b68d9f1f,1/18(木) 21:00
yogajol,ヨガジャーナルオンライン,54歳にしてスレンダーな体型を保ち続ける、ジェニファー・アニストンが毎朝必ず食べているものとは？,https://news.yahoo.co.jp/articles/22a51f0f7b5cf03dfab8486f9ee02077c27b05b8,1/18(木) 20:50
yogajol,ヨガジャーナルオンライン,加齢とともに溜め込んだ脇肉の撃退法【40代から対策を!】浮き輪肉すっきりポーズ3選,https://news.yahoo.co.jp/articles/6753c2f0c1695306cbde6c9a168b23fe4f11715b,1/18(木) 20:30
yogajol,ヨガジャーナルオンライン,精神科医が教える「気がきく人」に近づくための2つの方法,https://news.yahoo.co.jp/articles/3b3b7ff5fc88a3eb79e31d469e2d02254ac58e5c,1/17(水) 22:05
yogajol,ヨガジャーナルオンライン,ガチガチな肩甲骨がほぐれ、巻き肩を解消する〈バンザイ→肩甲骨寄せ〉エクサ｜1日たった3分！,https://news.yahoo.co.jp/articles/034ea86eb4c63f966cfd7e66804dcdf2573f9e5a,1/17(水) 21:10
yogajol,ヨガジャーナルオンライン,股関節を動かして骨盤まわりの筋肉をゆるめる！腰痛対策にも◎〈90/90ストレッチ〉,https://news.yahoo.co.jp/articles/398eb6c0aeeb9961a176af5a3ae33181c83165af,1/17(水) 20:05
yogajol,ヨガジャーナルオンライン,赤や黒に変色したれんこんは食べられる？シャキシャキとホクホクの見分け方は？【れんこん豆知識】,https://news.yahoo.co.jp/articles/94280d2a4a22ae9cf18252d5025530f657d8b486,1/17(水) 19:55
yogajol,ヨガジャーナルオンライン,〈朝習慣〉出勤前にぜひやろう！仕事の効率がアップする股関節エクササイズ4選,https://news.yahoo.co.jp/articles/4fe8af2d83dd8fbc170c74349fe3815ab821fcfc,1/17(水) 6:35
yogajol,ヨガジャーナルオンライン,【医師が教える】内臓が休まり摂取カロリーも半分に！連続5日間「動物性食品カット」食事術のメリット,https://news.yahoo.co.jp/articles/6dcf265a9d907103737157f43fde3e523a26fbf7,1/16(火) 22:05
yogajol,ヨガジャーナルオンライン,〈ダル重い脚〉運動不足でむくみやすくなった脚を軽やかにする簡単ストレッチ,https://news.yahoo.co.jp/articles/55542d91402ddc7ba0bd7ac92794d49970745712,1/16(火) 21:30
yogajol,ヨガジャーナルオンライン,「イライラしない人」の特徴とは？臨床心理士が教える、イライラの原因と対処法をご紹介,https://news.yahoo.co.jp/articles/c669a60489cd53c85c02296ff0515a82522cf1f4,1/16(火) 21:15
yogajol,ヨガジャーナルオンライン,〈気合いはいらない〉ゴロゴロ寝たままできる「体幹エクササイズ」超簡単3STEPで体幹を鍛えよう,https://news.yahoo.co.jp/articles/bb12821e37a01edb11a7d55589bf8dbc8e278245,1/16(火) 21:10
yogajol,ヨガジャーナルオンライン,【座りっぱなしや運動不足で「お尻が硬い人」は要注意】腰回りがぽかぽかになる１分お尻ほぐし,https://news.yahoo.co.jp/articles/71bbb658b2b343197c752bc9e14cd54e95a8607f,1/16(火) 20:30
yogajol,ヨガジャーナルオンライン,脚が太い・むくみやすい原因【パンパンに張った前腿】を解消するながらエクサ,https://news.yahoo.co.jp/articles/8efeadfc996ed67971101162d20e73dd9635ff5f,1/15(月) 21:30
yogajol,ヨガジャーナルオンライン,管理栄養士がすすめたい〈栄養豊富な冬野菜TOP3〉含まれている栄養素のはたらきもご紹介,https://news.yahoo.co.jp/articles/0b0392615c8181de37169e9de7be0d03ac49bb84,1/15(月) 21:15
yogajol,ヨガジャーナルオンライン,溜め込んだお腹のお肉を流す！〈ちょっとキツイけど効く〉デトックス効果抜群の「三角のポーズ」,https://news.yahoo.co.jp/articles/9bf7b4ee00b2cc0c168ba425751c83f61f429da4,1/15(月) 21:05
yogajol,ヨガジャーナルオンライン,【開脚がグッと深まる】体が硬い人でも股関節の可動域が変わる「開脚前のプレワーク」,https://news.yahoo.co.jp/articles/9de506d922d1b530d3c1fd525651ed903c4db1c9,1/15(月) 20:30
yogajol,ヨガジャーナルオンライン,ガチガチの背中や肩甲骨まわりに効く〈カクタスアームストレッチ〉効果を高めるやり方は？,https://news.yahoo.co.jp/articles/ea421d52c13569eef0f79925993082803f128123,1/15(月) 20:25
yogajol,ヨガジャーナルオンライン,〈2週間運動不足が続いている人に〉ちょうどよく体がほぐれる！あぐらで座ったままストレッチ,https://news.yahoo.co.jp/articles/1921cd27b8ea1b3a387809585c6b5f223c10833d,1/14(日) 21:30
yogajol,ヨガジャーナルオンライン,【運動量ゼロ！】休んでリラックスするだけなのに体にも効果がある“何もしない”ヨガポーズ2選,https://news.yahoo.co.jp/articles/638ba1e924aebae72130c786908d9bd0927657d0,1/14(日) 21:15
yogajol,ヨガジャーナルオンライン,【股関節がみるみる緩む】「たたく」と「もみほぐす」で内腿を柔らかくする「開脚を深めるほぐし技」,https://news.yahoo.co.jp/articles/5bd5262ab9fa2f0edbbef40b190dd245d24a52ff,1/14(日) 21:05
yogajol,ヨガジャーナルオンライン,【医学博士が教える】子宮頸がんの発症リスクを抑える可能性のある「最強野菜」トップ３,https://news.yahoo.co.jp/articles/43a9e816855788d4245b8fe3889d3ce570798c6c,1/14(日) 20:30
yogajol,ヨガジャーナルオンライン,PMSより深刻…生理前に起こる心の不安やイライラ「PMDD」を改善する方法｜専門医がアドバイス,https://news.yahoo.co.jp/articles/6c452755b1165b83793969ef59b111e9c67a57a1,1/14(日) 19:45
yogajol,ヨガジャーナルオンライン,"「キムチ」に足すだけで、もっと腸がととのう""意外な食材""とは？管理栄養士が解説",https://news.yahoo.co.jp/articles/f7c33f57ed22a7a8b496a3fdbcf811c56d73ca80,1/14(日) 18:40
yogajol,ヨガジャーナルオンライン,ゴリゴリ股関節は寝たままほぐす！〈朝習慣〉「ぐるぐる→ふぅ～」の簡単股関節ストレッチ,https://news.yahoo.co.jp/articles/179e51cabe7c1eccea6c060414e53b3adf1b7f3a,1/14(日) 8:25
yogajol,ヨガジャーナルオンライン,【運動以外でヤセ体質に】更年期太りを解消「基礎代謝アップ５つの方法」,https://news.yahoo.co.jp/articles/87ba271c4ba8c090bece1bdfcf231c0eea9138e8,1/13(土) 22:15
yogajol,ヨガジャーナルオンライン,「コーヒーかす」に含まれる成分が認知症やパーキンソン病を救う可能性が？最新の研究から明らかに,https://news.yahoo.co.jp/articles/b3b45d0d828c1adc8fdaedc7278dc030e0a3f901,1/13(土) 22:10
yogajol,ヨガジャーナルオンライン,膵臓が溶ける事態も？急性膵炎・慢性膵炎とはどんな病気？膵炎になりやすい人12の特徴｜薬剤師が解説,https://news.yahoo.co.jp/articles/ec13c13a956ca751a65f65a53956d7ab2a38e481,1/13(土) 21:40
yogajol,ヨガジャーナルオンライン,足首が硬くて「しゃがめない人」はやってみて！理学療法士による「足首パタパタ体操」,https://news.yahoo.co.jp/articles/71ec05e0eb71735a5a08774b7a1e63c1b0ca45be,1/13(土) 21:30
yogajol,ヨガジャーナルオンライン,股関節や内ももの硬さが気になる人でも気持ち良く伸ばせる開脚前屈【壁を使う＆立位だからやりやすい】,https://news.yahoo.co.jp/articles/704855f04d3ea6636ec82b3dd55e1924cac6fcde,1/13(土) 21:15
yogajol,ヨガジャーナルオンライン,食べ過ぎた日は試して！【胃のムカムカや不快感がスッキリ】消化を助ける押し上げのポーズ,https://news.yahoo.co.jp/articles/fe4cda6dee8b1680f0d8f9453f2a0b6d8ab81c3d,1/13(土) 21:10
yogajol,ヨガジャーナルオンライン,【慢性的な首凝りに】手のひらで首元を温めて緩めるだけ！道具いらず即効性アリ「温感ほぐし」,https://news.yahoo.co.jp/articles/6315e325531dfbf11cd594a6de2cd0c5de5333ff,1/13(土) 21:00
yogajol,ヨガジャーナルオンライン,管理栄養士が教える〈血糖値の上昇を抑える正しい食べ方〉あなたの「ベジファースト」間違っているかも,https://news.yahoo.co.jp/articles/65ea5361629ae7018585fc7887f5fe0a09b99502,1/13(土) 18:55
yogajol,ヨガジャーナルオンライン,【肩甲骨はがし】毎日たった1分で見た目年齢も変わる「肩甲骨ふにゃふにゃストレッチ」,https://news.yahoo.co.jp/articles/551211117aab3234dfc7bb8b3556622d7e15af47,1/12(金) 22:25
yogajol,ヨガジャーナルオンライン,お尻と太腿の境目がぼんやりしている人はぜひやって！垂れたお尻が上がるお尻＆腿裏エクサ,https://news.yahoo.co.jp/articles/2514ff573f2e6e200c9641aa306de8f24c8c4d5d,1/12(金) 22:05
yogajol,ヨガジャーナルオンライン,【身体と脳を休める】寝る前3分でぐっすり眠れる「仰向けの合せきポーズ」,https://news.yahoo.co.jp/articles/14f02f86c4d5307c222b5b080f4610068c0ddf1b,1/12(金) 21:55
yogajol,ヨガジャーナルオンライン,精神科医が教える、ストレスにうまく対処する「効果的なやり方」,https://news.yahoo.co.jp/articles/d28852211b9694c6d8fa55d3333d0ebd72f3f4e4,1/12(金) 20:05
yogajol,ヨガジャーナルオンライン,ズボンがスルッと履けるようになる〈たった１分〉ぽっこり下腹に効くエクササイズ,https://news.yahoo.co.jp/articles/f1798c10f4a9060f58af0cfda84bde020c295d48,1/11(木) 20:35
yogajol,ヨガジャーナルオンライン,【お正月のデトックス対策】腸をもみほぐし便秘、ストレス疲労を緩和。毒だしに効く「腸マッサージ」,https://news.yahoo.co.jp/articles/7424077a87ce653e4c3599e91e4f96d524dd84ad,1/11(木) 20:30
yogajol,ヨガジャーナルオンライン,年末年始でガチガチになった上半身をほぐす！ゆったりした動きでほぐれていく〈上半身回しストレッチ〉,https://news.yahoo.co.jp/articles/6c30f15ae751d26fce96582537c9ebc9728f3ec0,1/11(木) 20:10
yogajol,ヨガジャーナルオンライン,加熱しても死滅しない？冬の食中毒「ウェルシュ菌」気をつけたいポイントは｜管理栄養士が解説,https://news.yahoo.co.jp/articles/0c3b25c9db8f9e39ac9e2219c457a86e15b8ebf0,1/11(木) 19:40
yogajol,ヨガジャーナルオンライン,〈ウォーキングは、体重増加、乳がんや認知症の予防に有効〉ジム・屋外どちらがよい？,https://news.yahoo.co.jp/articles/4f12d9d37c4427db15da4ec115d54d21d959c498,1/11(木) 19:10
yogajol,ヨガジャーナルオンライン,精神科医が教える、「心配性な人」がすべきたったひとつのこと,https://news.yahoo.co.jp/articles/978d360782de3d5a1f9043d36539c71313991344,1/10(水) 23:05
yogajol,ヨガジャーナルオンライン,「背中と腰の張りがツライ…」　たった30秒で硬くなった背面がスッキリ軽く　「脊柱起立筋ほぐし」,https://news.yahoo.co.jp/articles/1b17702f33a224a5874dfb583084fc549fee7129,1/10(水) 22:00
yogajol,ヨガジャーナルオンライン,18キロ減で注目を浴びる、69歳オプラ・ウィンフリー　痩せた生活習慣、減量薬の使用について語る,https://news.yahoo.co.jp/articles/61645648ac64a075e67334a222decd22f0151865,1/10(水) 21:55
yogajol,ヨガジャーナルオンライン,【重だるい体をリセット】年末年始の食べ過ぎ&ストレス疲労で弱った胃腸を回復！「キャット&カウ」,https://news.yahoo.co.jp/articles/777c5b0118cad434d19f0634968f13328d79bea3,1/10(水) 21:30
yogajol,ヨガジャーナルオンライン,〈3分の1は死に至る病）冬に起こりやすいクモ膜下出血の警告サインとは？専門家が解説,https://news.yahoo.co.jp/articles/b48b72b4ac7b3f33312090c43d89d23755ec06a8,1/10(水) 21:05
yogajol,ヨガジャーナルオンライン,たった30秒で脚が圧倒的に軽くなる〈股関節のつまり感を解消！〉8の字エクサ,https://news.yahoo.co.jp/articles/6a5974f7050186363be2786ad85868a9b4bbe2af,1/10(水) 20:30
yogajol,ヨガジャーナルオンライン,30代セレーナ・ゴメス「顔が変わって誰だかわからない」ファン嘆きの声に対する反応は,https://news.yahoo.co.jp/articles/40b8a1d2b7016eef1a7d4172d46976cd02c1b27b,1/10(水) 19:45
yogajol,ヨガジャーナルオンライン,煮込み料理だからといって油断できない…〈冬の食中毒〉注意したい食品は？管理栄養士が解説,https://news.yahoo.co.jp/articles/a34d24f2a59dd328bcfe746d03bec37cc65f99b6,1/10(水) 19:40
yogajol,ヨガジャーナルオンライン,〈実録ダイエット〉面倒くさがりの私が実際に続けられた！寝たまま◎太ももマイナス3cmトレーニング,https://news.yahoo.co.jp/articles/a31beb0f298693aa84608729b493ef44f2ff2a14,1/9(火) 22:05
yogajol,ヨガジャーナルオンライン,親指を握るクセがあると太りやすくなる？12kg減量の成功者が語る「無意識のクセ」がもたらす悪影響,https://news.yahoo.co.jp/articles/e75f4467468cab4865bdc9ed407de98a18236948,1/9(火) 21:15
yogajol,ヨガジャーナルオンライン,【たった1分でお正月太り解消】ちょっときついけど”浮き輪肉”がごっそり落ちる「脚上げの体幹トレ」,https://news.yahoo.co.jp/articles/4fa4168d07d8bce8695da4e21974fe1d28fb04b9,1/9(火) 20:30
yogajol,ヨガジャーナルオンライン,「どうしようもなくさびしい…」　冬に強まる〈孤独感〉なぜ？　心の専門家が教える、原因と解消方法,https://news.yahoo.co.jp/articles/b40895015022e16d949262c86b3304641a728252,1/9(火) 20:15
yogajol,ヨガジャーナルオンライン,〈ツナ缶〉主流は「マグロ」ではなく「カツオ」？栄養や味に違いはある？ない？管理栄養士が解説,https://news.yahoo.co.jp/articles/193fc3975d7779ecf80fa8b581a3a4568d0f9bd2,1/9(火) 19:10
yogajol,ヨガジャーナルオンライン,身近な食品から感染することも…冬も注意【カンピロバクター食中毒】特徴や予防法は｜管理栄養士が解説,https://news.yahoo.co.jp/articles/ec25b75d2529c8d96457d6b377e98ca0c14fa92a,1/8(月) 22:05
yogajol,ヨガジャーナルオンライン,【お正月うつ対処法】新年なのにやる気が出ない…気分がシャキッとし心が安定する「8カウント呼吸法」,https://news.yahoo.co.jp/articles/98668b96de03d6f2ed5a3eb572af9693842a198a,1/8(月) 22:00
yogajol,ヨガジャーナルオンライン,12kg減量に成功したダイエットコンサルが教える「自然と痩せる入浴法」長風呂は逆効果？痩せる入浴,https://news.yahoo.co.jp/articles/d20dec7c82e505b319d7435efb662b18afa05b4e,1/8(月) 21:35
yogajol,ヨガジャーナルオンライン,【Z世代が考える「性の健康」】わたしが「性」について発信するようになった理由,https://news.yahoo.co.jp/articles/e6f65e5e14a2ca3dfda09cbd65127e6d09704447,1/8(月) 21:20
yogajol,ヨガジャーナルオンライン,お正月太り対策に【たった５回で内腿とお尻がキュッと引き締まる】すきま時間にできる「女神のポーズ」,https://news.yahoo.co.jp/articles/fe94cb8696aee5cb1458432e21889128f6befdf4,1/8(月) 20:30
yogajol,ヨガジャーナルオンライン,【今が旬！水菜と最強の食べ合わせ】実は栄養たっぷりな水菜、一緒に食べると効果が高まる食材とは,https://news.yahoo.co.jp/articles/f169e0efbdd70c743938a117abc73c0c81c9a3b8,1/8(月) 17:40
yogajol,ヨガジャーナルオンライン,【精神科医も推奨！】朝の過ごし方で変わる！朝から上機嫌な人がやっている「３つの朝習慣」,https://news.yahoo.co.jp/articles/b62b4d52167fbf252c284cd3b7eec9d412bb71ec,1/8(月) 6:30
yogajol,ヨガジャーナルオンライン,【正月明けのお腹痩せ】キツイけど効く！ぽっこりお腹が凹む四つ這い運動｜呼吸と合わせて動くのがコツ,https://news.yahoo.co.jp/articles/5f1ed9b4c522418c6a94abb2245bb30904cb8f21,1/7(日) 21:55
yogajol,ヨガジャーナルオンライン,〈ダイエット〉全身痩せに効果あり！ガチガチ肩甲骨・股関節を同時にほぐして代謝をあげるヨガエクサ,https://news.yahoo.co.jp/articles/00bf06bd5b8a2364a18721b7bbaa4ed77380ed08,1/7(日) 21:15
yogajol,ヨガジャーナルオンライン,「食べるとすぐ太る人」が食べるべきものとは？ダイエットコンサルが教える、痩せる食べ物の共通点,https://news.yahoo.co.jp/articles/2e24978313dc99daced3ad4c22ecc70b5d6b3b34,1/7(日) 21:05
yogajol,ヨガジャーナルオンライン,【冷え性の人はやってみて】自分の体重をかけるだけ！下半身の冷えとむくみをとる「ふくらはぎほぐし」,https://news.yahoo.co.jp/articles/f7bfdff96627c7b40a3bcfb4c09d781f9788987f,1/7(日) 20:30
yogajol,ヨガジャーナルオンライン,【老けない食べ方】医学博士が教える、肌の老化スピードを遅らせる「最強野菜」トップ3,https://news.yahoo.co.jp/articles/9b613bd4cd14a9f4c6c25318ad09994884fdda27,1/6(土) 21:30
yogajol,ヨガジャーナルオンライン,「下腹だけぽっこり」を解消して自信が持てる身体に！骨盤まわりから体をととのえる簡単エクササイズ,https://news.yahoo.co.jp/articles/cdb72b1ed180b3ab05c81daa2c6d54bbbaa8963a,1/6(土) 21:30
yogajol,ヨガジャーナルオンライン,頑固な腰痛にはコレが効く！股関節・腰・お尻をまとめてほぐす「下半身ストレッチ」,https://news.yahoo.co.jp/articles/40d90d347345c0726d76bcf93cfc4bac98d19df9,1/6(土) 21:15
yogajol,ヨガジャーナルオンライン,あなたが痩せられない意外すぎる理由とは？12kg減量の成功者が教える、痩せたい人が改善すべきクセ,https://news.yahoo.co.jp/articles/b7fd711dd08bded291b4b373d15945612e8265a9,1/6(土) 21:15
yogajol,ヨガジャーナルオンライン,「骨盤を立てる」できない人は絶対やって！〈ダイエットにも有効〉後ろ向きお尻歩きエクササイズ,https://news.yahoo.co.jp/articles/d6aae9a1d8ac60dc401dbed4172d796d23449afa,1/6(土) 18:45
yogajol,ヨガジャーナルオンライン,【カリフラワー】低糖質＆ビタミンCはブロッコリーより多い万能食材！実は生食の方が良い…って本当？,https://news.yahoo.co.jp/articles/a568cdbdc7838110705a57118911f636a9a1733d,1/6(土) 18:05
yogajol,ヨガジャーナルオンライン,身体も脳も休めて睡眠の質を劇的にアップ！ガチガチの背中がゆるむ背中ストレッチ,https://news.yahoo.co.jp/articles/2ab6bd6a251560082ae76fd3e0866b0a236c5c48,1/5(金) 22:45
yogajol,ヨガジャーナルオンライン,ガチガチ股関節がスルスル動くようになる【片脚10回まわすだけ】下半身すっきりエクサ,https://news.yahoo.co.jp/articles/aac6a5af31a62d006634794fc5d70a4a8f294a52,1/5(金) 22:10
yogajol,ヨガジャーナルオンライン,【年末年始、座りっぱなしの人は要注意！】腰痛を予防し骨盤のゆがみを整える「3分お尻ほぐし」,https://news.yahoo.co.jp/articles/eb3120a37f2b6eb2465ca8cdb982dfe35caa42df,1/5(金) 21:20
yogajol,ヨガジャーナルオンライン,「野菜は最初に食べるべき」ホント？ダイエットコンサルタントが教える、食事の量を変えずに痩せるコツ,https://news.yahoo.co.jp/articles/09ea28b61cd6d095c43c6c46058e207acb35fd9b,1/5(金) 20:30
yogajol,ヨガジャーナルオンライン,二の腕のもたつきに【寝たままできる】二の腕と姿勢、同時に効かせる！一石二鳥〈痩せ見え〉エクサ,https://news.yahoo.co.jp/articles/c9b15f08d9b733d70e73516a8abec6dc33dcebee,1/5(金) 20:10
yogajol,ヨガジャーナルオンライン,おでんは栄養が偏りがち？管理栄養士がおすすめする【おでんに合わせたい副菜】と【控えたい食材】は,https://news.yahoo.co.jp/articles/5e81a23a70ac3658dae1d3ae8ab0800fbeffbfd1,1/5(金) 18:10
yogajol,ヨガジャーナルオンライン,【タオル・雑巾でながら筋トレ】内ももを鍛えて脚をひと回り細くする「床拭きエクサ」,https://news.yahoo.co.jp/articles/ba35aedcf6d659f24d61a5ec23162347041e870f,1/4(木) 21:40
yogajol,ヨガジャーナルオンライン,【休み明けに誰にも会いたくない…】心を軽くし「お正月うつ」から回復するための対処法,https://news.yahoo.co.jp/articles/4332001ea72111ee9b5667bb4c4a418376187f57,1/4(木) 21:30
yogajol,ヨガジャーナルオンライン,大切な人を亡くした人に、私たちができること。そして、してはいけない行動｜臨床心理士が解説,https://news.yahoo.co.jp/articles/da562cddd5ff5e2a3327576c30c6a4c336293251,1/4(木) 21:10
yogajol,ヨガジャーナルオンライン,年々増加傾向にある【肺がん】喫煙だけじゃない？肺がんになる意外な原因は｜医師が解説,https://news.yahoo.co.jp/articles/7c33d83bb949312eafb7984c6534e4fb3687ebb2,1/4(木) 20:05
yogajol,ヨガジャーナルオンライン,冬に悪化しやすい首＆肩のこりがほぐれる【片側たった5呼吸】座ったまま伸ばすだけ首肩ストレッチ,https://news.yahoo.co.jp/articles/39ca20ad9bb72e5621876cfd12f995f43b8a0e12,1/4(木) 19:50
yogajol,ヨガジャーナルオンライン,ねぎの【白い部分】と【青い部分】栄養価が全然違うって本当？栄養を損なわない調理法は｜栄養士が解説,https://news.yahoo.co.jp/articles/4c655e0debfee3336c5efe46c145fa35ca878976,1/4(木) 18:40
yogajol,ヨガジャーナルオンライン,カビが生えたお餅、カビの部分を取り除けば食べられる？長くて数か月…お餅が長持ちする保存方法も解説,https://news.yahoo.co.jp/articles/7c2e8ca859c481e7e2d0477bdf57b59bd606bfd8,1/4(木) 7:30
yogajol,ヨガジャーナルオンライン,【お正月太り解消】実は冬は痩せやすい！朝やることで痩せスイッチがオンに「代謝アップストレッチ」,https://news.yahoo.co.jp/articles/4cae70907ca5dce9ed1572dfcadffa9761c99699,1/4(木) 6:15
yogajol,ヨガジャーナルオンライン,上白糖、グラニュー糖、三温糖って何が違う？それぞれの特徴とおすすめの使い分け｜管理栄養士が解説,https://news.yahoo.co.jp/articles/ff6c40b6b77579d9de14d8693611f2e46ff6ec68,1/3(水) 23:00
yogajol,ヨガジャーナルオンライン,僧帽筋と胸鎖乳突筋を伸ばす！首まわりの筋肉の硬さをゆるめて血行促進｜肩＆首コリ解消ストレッチ,https://news.yahoo.co.jp/articles/704a89cf97f70bda0ffc724d051c8a75cbec7bd9,1/3(水) 21:55
yogajol,ヨガジャーナルオンライン,空腹状態で運動、実はNG？【専門家が明言】減量と筋肉増強にこそ、運動前に食事をとるべき理由とは,https://news.yahoo.co.jp/articles/2d5c3a01fffdd206342147f983472be4fe97b963,1/3(水) 21:40
yogajol,ヨガジャーナルオンライン,【冬こそ食中毒に注意】感染力が強く患者数が多い「ノロウイルス」の特徴と対策｜管理栄養士が解説,https://news.yahoo.co.jp/articles/e30658e7d4f3fb469de083f8df1bbbf14ae95506,1/3(水) 21:35
yogajol,ヨガジャーナルオンライン,「愛って他人から貰う必要ありますか？」毒親サバイバーの漫画家が行き着いた実感「私は私を愛せる」,https://news.yahoo.co.jp/articles/ca5f971cbfdf08c778373d87cb9b211db55a8867,1/3(水) 20:00
yogajol,ヨガジャーナルオンライン,風邪じゃない？熱のでないインフルエンザがある…医師が教える「隠れインフルエンザ」の見分け方,https://news.yahoo.co.jp/articles/6c417f562f54fd3467bcaa6280f4aa40691b513c,1/2(火) 21:10
yogajol,ヨガジャーナルオンライン,人は背中から老けていく…背中の脂肪やぜい肉をすっきり落とす！たった10秒の広背筋ストレッチ,https://news.yahoo.co.jp/articles/1aeecb9b399ba0b817ba5f4ee2e8c9448218b8a4,1/2(火) 20:20
yogajol,ヨガジャーナルオンライン,検索するほど不安に…。不安な時に思い出したい、焦って行動するより大事なこと｜心の専門家が解説,https://news.yahoo.co.jp/articles/d7eec68bab7762bddc5367d13f5a75e478abe492,1/2(火) 20:05
yogajol,ヨガジャーナルオンライン,納豆は夜食べるのが◎その理由は？たんぱく質豊富！相性抜群の食材で作る「納豆おつまみ」,https://news.yahoo.co.jp/articles/2f224edc275ba0d6caebc2627ea5f7ca9b48b22b,1/2(火) 19:45
yogajol,ヨガジャーナルオンライン,「たかが、めまい」とあなどってはいけない理由｜医師が教える【めまい】症状別の原因と予防法,https://news.yahoo.co.jp/articles/1c311bc858a1dd207c2d555fe7bef10da8709fb6,1/1(月) 20:10
yogajol,ヨガジャーナルオンライン,買いすぎた納豆…冷凍しても大丈夫？保存や解凍の際に気をつけたいポイントは｜管理栄養士が解説,https://news.yahoo.co.jp/articles/cdaf7ebac9cea9f9db7e503eb2fe991fd77fd299,1/1(月) 19:50
yogajol,ヨガジャーナルオンライン,【里芋】かゆみを抑えるには？加熱の方法によって仕上がりが変わる？下ごしらえのポイントを解説,https://news.yahoo.co.jp/articles/a95d952d65bb780aabf0517b014d401ac271d5ae,1/1(月) 9:30
yogajol,ヨガジャーナルオンライン,【腰痛の原因】は縮こまった腸腰筋にあり！椅子を使った腰痛改善簡単ストレッチ,https://news.yahoo.co.jp/articles/db203705ab2a1f3ddc7692ee8cb7621851641d00,2023/12/31(日) 22:20
yogajol,ヨガジャーナルオンライン,〈筋肉量は40代から低下〉つまづく人、転びやすい人はぜひやって！下半身強化＆転倒予防エクサ３選,https://news.yahoo.co.jp/articles/44e1d98b553443a8b55c1729d6eb266c2b435768,2023/12/31(日) 21:10
yogajol,ヨガジャーナルオンライン,【つらい肩のこりや痛みに効く】ガチガチの肩甲骨をほぐす「座ってできる肩こり改善ストレッチ２選」,https://news.yahoo.co.jp/articles/0dcb665a8858cf053dbd050db60e7adf25df96ca,2023/12/31(日) 20:30
yogajol,ヨガジャーナルオンライン,【納豆は今が旬！】加熱すると成分が失われるって本当？管理栄養士が教える「栄養を効率的に摂る方法」,https://news.yahoo.co.jp/articles/55c829080775dd8f7c8026da1ce2002a64b1ae3e,2023/12/31(日) 18:55
yogajol,ヨガジャーナルオンライン,白砂糖と黒砂糖のちがいって？管理栄養士が教える【砂糖の豆知識】おすすめの使い分け方も,https://news.yahoo.co.jp/articles/d21b1c384d567698be0c3390e2d985f20d28b645,2023/12/31(日) 7:45
yogajol,ヨガジャーナルオンライン,〈40代・50代 中年の危機〉ミッドライフクライシスと男性更年期のメンタルを守る2つの対策,https://news.yahoo.co.jp/articles/37abacb89ab367f16a58de319575d0b2c1d4af9e,2023/12/30(土) 22:05
yogajol,ヨガジャーナルオンライン,【50歳からのお腹痩せ筋トレ】腹横筋と腹斜筋に効かせる〈立ったままラクチン〉腹筋エクサ,https://news.yahoo.co.jp/articles/67297365d7588591ace50d17ccec01a51ff81a7e,2023/12/30(土) 22:00
yogajol,ヨガジャーナルオンライン,【体調不良】吐いてしまった→熱がある。水を飲んでも良い？飲まないほうが良い？専門家が解説,https://news.yahoo.co.jp/articles/b118b8a22abc43502ad244e5b83461484672a5f8,2023/12/30(土) 21:45
yogajol,ヨガジャーナルオンライン,40代・50代「更年期太り」からの脱出！寝ながらインナー筋を鍛える「超簡単バスタオル腹筋」,https://news.yahoo.co.jp/articles/9111d6323f0312f4584eda3513b68bacf110173c,2023/12/30(土) 21:10
yogajol,ヨガジャーナルオンライン,飲みすぎた日の翌朝…味噌汁に入れたいおすすめの具は？管理栄養士が教える【リカバリー味噌汁】,https://news.yahoo.co.jp/articles/fd26172e6b7ed207ce128a539bf96f0ef20cdff9,2023/12/30(土) 8:05
yogajol,ヨガジャーナルオンライン,【冬の丸まった背中に警告！】背筋の伸びた美姿勢を維持するための「体幹強化ヨガポーズ」,https://news.yahoo.co.jp/articles/d6b444208a36b26f69ee0d42beb862b8d63fa19e,2023/12/29(金) 22:50
yogajol,ヨガジャーナルオンライン,「20代の頃と比べて別人」SNSの声に、ジェニファー・ラブ・ヒューイット（44歳）が怒りの告白,https://news.yahoo.co.jp/articles/ed1b65e03065bfa4c5525848b08d2c5d6108a6ea,2023/12/29(金) 22:35
yogajol,ヨガジャーナルオンライン,気になるぽっこりお腹とたるみ太ももがまとめて引き締まる【脚を伸ばすだけ】下半身エクササイズ,https://news.yahoo.co.jp/articles/d7b96cc7972975bc2f84743103c7c8dfc734a9df,2023/12/29(金) 21:45
yogajol,ヨガジャーナルオンライン,「気持ち悪くて吐いてしまった…」胃腸炎？それとも食中毒？医師が教える見分け方,https://news.yahoo.co.jp/articles/88166e6d4b4e4cb0ede32bd7d77c24bd5cdaef54,2023/12/29(金) 21:30
yogajol,ヨガジャーナルオンライン,知ってる？ソーセージとウインナーの違い｜管理栄養士が教える〈意外な定義〉,https://news.yahoo.co.jp/articles/5341274bce4fc81a44998e885db541d1c87aebf4,2023/12/29(金) 19:40
yogajol,ヨガジャーナルオンライン,ポッコリお腹を引き締めて、腰上のたるみ肉も削ぎ落とす！座ってできる腹筋エクササイズ,https://news.yahoo.co.jp/articles/b98de766d7ac07393751f63b44505f957e238b96,2023/12/28(木) 22:05
yogajol,ヨガジャーナルオンライン,【腰痛】座り時間が長い人は上半身と下半身をつなぐ腸腰筋が硬い。腸腰筋を伸ばす腰痛対策ストレッチ,https://news.yahoo.co.jp/articles/a4a57837fa0159de3297cb02440ad6b06e60a643,2023/12/28(木) 21:45
yogajol,ヨガジャーナルオンライン,【50代・60代のスマホ老眼に】眼精疲労を和らげて目元をすっきり！「目の疲れを緩和するワーク」,https://news.yahoo.co.jp/articles/4c488eee0b680cdadb9ee7049756e4857cf2663d,2023/12/28(木) 21:30
yogajol,ヨガジャーナルオンライン,【四つ這い→腕を大きく回すだけ！】僧帽筋をほぐす肩こり解消リラックスストレッチ,https://news.yahoo.co.jp/articles/3050a78eeab130fead81a26114eae0ae8df03dd2,2023/12/28(木) 21:05
yogajol,ヨガジャーナルオンライン,スティング（72歳）、夫婦円満と若さの秘密はセクシュアリティを超えたセックスライフにあり？,https://news.yahoo.co.jp/articles/0be99ae1fb9a0261b418d44e9a4ca43041fa37a8,2023/12/28(木) 20:50
yogajol,ヨガジャーナルオンライン,内ももの筋肉は弱りやすい…だから！〈寝たまま引き締め〉内もも＆骨盤底筋同時に効かせる4の字エクサ,https://news.yahoo.co.jp/articles/84411728949f6c39abb50162d257e1b43ed3f84e,2023/12/28(木) 20:30
yogajol,ヨガジャーナルオンライン,命に関わることもある〈狭心症〉や〈心筋梗塞〉なりやすい人の特徴とは？薬剤師が解説,https://news.yahoo.co.jp/articles/1ada83b89eec0b24a4ee029627aca8f467af3fc0,2023/12/28(木) 20:15
yogajol,ヨガジャーナルオンライン,【小松菜】実は栄養たっぷり最強野菜！小松菜と一緒に食べると効果が高まる食材とは？管理栄養士が解説,https://news.yahoo.co.jp/articles/0eb9d94634e1eac3d316e3620ba6e1d0b8c8e6f9,2023/12/28(木) 19:30
yogajol,ヨガジャーナルオンライン,冬は眼精疲労になりやすい？毎日の疲れ目ケアと今すぐできる目のツボ押し,https://news.yahoo.co.jp/articles/9d944b8abe5c8ac5534b05443353f0c05099d818,2023/12/27(水) 22:05
yogajol,ヨガジャーナルオンライン,【腕を10回まわすだけ】背中や二の腕の脂肪をスッキリ落とす！脂肪がつきにくい体を作る簡単エクサ,https://news.yahoo.co.jp/articles/5780dedaba6a7bc89ef55bc4176a4084110e697d,2023/12/27(水) 21:45
yogajol,ヨガジャーナルオンライン,頭皮にできるイボの正体とは？とったほうがいい？放置してもOK？医師が解説,https://news.yahoo.co.jp/articles/d665d9a9716e941581a22aefbb67d3ca261259bd,2023/12/27(水) 21:35
yogajol,ヨガジャーナルオンライン,「帰省は無理にしなくていい」毒親サバイバーの漫画家が語る「家族愛」の抑圧からの解放,https://news.yahoo.co.jp/articles/d1511054d5e86e561306073cf809ffc07dad110b,2023/12/27(水) 20:00
yogajol,ヨガジャーナルオンライン,木綿豆腐と絹ごし豆腐、何が違う？使い分け方は？意外と知らない豆腐の違い｜管理栄養士が解説,https://news.yahoo.co.jp/articles/c74af91ca973dafc75709012fe28692283f18900,2023/12/27(水) 19:15
yogajol,ヨガジャーナルオンライン,痛風の痛みは、ある日突然やってくる…【患者数は125万人】あなたの痛風危険度は？薬剤師が解説,https://news.yahoo.co.jp/articles/3e2e986ca0e26e80a017ce8df1f840c3dec22fc2,2023/12/26(火) 21:20
yogajol,ヨガジャーナルオンライン,【自然と痩せる】体幹を鍛えて常に「脂肪が燃焼する体」になる！初心者でもできる体幹トレーニング3選,https://news.yahoo.co.jp/articles/a5c8d258783025d7884b215ed7dade899c55364a,2023/12/26(火) 21:10
yogajol,ヨガジャーナルオンライン,【肩甲骨で鉛筆挟めますか？】40代の垂れ胸＆たるんだ背肉をまとめて改善！肩甲骨エクサ,https://news.yahoo.co.jp/articles/6d9971fb719c4a4bc765538e39dbbaa37b6c6364,2023/12/26(火) 20:50
yogajol,ヨガジャーナルオンライン,【ねぎ】切り方によって味が変わる？部位・切り方とおすすめ調理法は？管理栄養士が解説,https://news.yahoo.co.jp/articles/74bfca2bd291c7614f13d2c3bd3b8c581d9a0794,2023/12/26(火) 19:45
yogajol,ヨガジャーナルオンライン,【もやし】加熱して食べるのが一般的だけど…生のまま食べるとどうなる？管理栄養士が解説,https://news.yahoo.co.jp/articles/b2559d223fac38d7418fa1c4f5c842d72d9bf937,2023/12/26(火) 6:35
yogajol,ヨガジャーナルオンライン,【長ねぎの青い部分】を捨てている人は損してる。なぜ？管理栄養士が解説,https://news.yahoo.co.jp/articles/61e1dc5ebdd934747783451a45c6c4ce2e52ec14,2023/12/26(火) 6:10
yogajol,ヨガジャーナルオンライン,精神科医が教える「メンタル強者」がやらない3つのこと,https://news.yahoo.co.jp/articles/82250bda807300b5e296b17e639ce9bc285473a4,2023/12/25(月) 21:50
yogajol,ヨガジャーナルオンライン,一度悪くすると回復がむずかしい臓器「腎臓」に悪い影響をもたらす飲み物とは？管理栄養士が解説,https://news.yahoo.co.jp/articles/dc6df1449253452e6ed624e2c9ff9fd8aa6b04dc,2023/12/25(月) 21:35
yogajol,ヨガジャーナルオンライン,【小顔に見せるスッキリ長首の作り方】大顔の原因は「埋もれ首」かも!?５分でできるあぐらストレッチ,https://news.yahoo.co.jp/articles/ee1a7768c4350ef5a1682ba53804f84f4714d4dd,2023/12/25(月) 21:30
yogajol,ヨガジャーナルオンライン,「親との死別後、後悔ばかりで自分を責めてしまいます…」【グリーフケアの専門家が回答】,https://news.yahoo.co.jp/articles/c3cab268cac456115b4e7d8a899bd93b15499528,2023/12/25(月) 21:00
yogajol,ヨガジャーナルオンライン,【自然と痩せる体に】代謝を上げて脂肪を燃やそう！地味だけど効く肩甲骨を動かす２つのエクササイズ,https://news.yahoo.co.jp/articles/06f52c995b2288affda22bbb77fb1afa7744d72c,2023/12/25(月) 20:25
yogajol,ヨガジャーナルオンライン,脚の曲げ伸ばしだけで基礎代謝がグングン上がる「自然と痩せる体」を作る腹筋トレ,https://news.yahoo.co.jp/articles/46b578b341a1ddd37a63a81a5e1134ec3d26ac67,2023/12/24(日) 21:40
yogajol,ヨガジャーナルオンライン,意外な食材も？大腸がんのリスクが高まる３つの食事とは｜管理栄養士が解説,https://news.yahoo.co.jp/articles/fbdb90b1e028b2b15fbefc4eae9a62aab185f662,2023/12/24(日) 20:30
yogajol,ヨガジャーナルオンライン,【カメ首に要注意！】首・肩こりはストレートネックが原因！？どこでもできる首位置を戻すストレッチ,https://news.yahoo.co.jp/articles/343b9acba94fe795bbf96ab7ebe5eb92ec510114,2023/12/24(日) 20:15
yogajol,ヨガジャーナルオンライン,【医療用大麻がついに解禁】今さら聞けない、大麻と医療用大麻は何が違う？薬剤師が解説,https://news.yahoo.co.jp/articles/9c8ad8b1cecfcab2d2e07c31ab4d6e81da6fb6f5,2023/12/24(日) 20:05
yogajol,ヨガジャーナルオンライン,【皮がパリパリ！クリスマスチキン】フライパンで20分！簡単なのに絶品｜栄養士が教える焼き方のコツ,https://news.yahoo.co.jp/articles/4245d0348592fa2cebb66027b36b4369485ecae8,2023/12/24(日) 10:30
yogajol,ヨガジャーナルオンライン,【寝つきが悪い時におすすめ】お休み前の1分でカチコチの体の後面を緩める！片脚伸ばし前屈,https://news.yahoo.co.jp/articles/6f11b214b2007163d959d1c6aee162646ea3f9af,2023/12/23(土) 23:30
yogajol,ヨガジャーナルオンライン,「セックスでイク」という感覚がイマイチわからない…イクってどういう感覚なの？性の専門家が回答,https://news.yahoo.co.jp/articles/25427ebc7dd203f34950a90ee5aebd156bca755c,2023/12/23(土) 23:15
yogajol,ヨガジャーナルオンライン,夫と長い間セックスレス。話し合おうとしても相手にされない場合どうしたら？【性の専門家が回答】,https://news.yahoo.co.jp/articles/94d607b61023ee160970651fb5ccdbc497ceee8a,2023/12/23(土) 22:45
yogajol,ヨガジャーナルオンライン,【40代・50代のお腹痩せ】たった10回膝にタッチするだけ！ぽっこりお腹を解消する簡単腹筋エクサ,https://news.yahoo.co.jp/articles/40b1a9e41a22658096d4763ed4b2fea1f5c24a25,2023/12/23(土) 20:50
yogajol,ヨガジャーナルオンライン,【デカ尻卒業】股関節をしっかり動かせば下半身痩せが叶う！秘密の簡単ストレッチ,https://news.yahoo.co.jp/articles/fce272900eb18c2c0d4de3931a3134a818197fea,2023/12/23(土) 20:10
yogajol,ヨガジャーナルオンライン,冬に気になる「むくみ」を解消！余分な塩分・水分を排出する「カリウム」が豊富な食べ物５選,https://news.yahoo.co.jp/articles/3bdb87a48614e8feda51fdcfb28447590850f76d,2023/12/23(土) 19:35
yogajol,ヨガジャーナルオンライン,野菜の切り方でカロリーや塩分が変わる！【知らない人は損してる】ヘルシーサラダを作るスゴい裏ワザ,https://news.yahoo.co.jp/articles/0b3da218afad54c1a2cd9520e5d978fcbd2fe30e,2023/12/23(土) 18:40
yogajol,ヨガジャーナルオンライン,「昔はいい子だったのに」思春期の子供とうまくいかないのはなぜ？専門家が教える、親子の距離の取り方,https://news.yahoo.co.jp/articles/b2ad23953f30a86f5de681ccdc5ac05861db1393,2023/12/23(土) 16:30
yogajol,ヨガジャーナルオンライン,【二日酔いの日の食事】飲み過ぎた翌日に避けたほうがよいものとは？管理栄養士のアドバイス,https://news.yahoo.co.jp/articles/10d267254e54455a920c731b82006a98ebc454f0,2023/12/23(土) 12:40
yogajol,ヨガジャーナルオンライン,【顔のシワ・たるみ予防に効果】頭皮をほぐして表情筋引上げ！－５歳若見えを叶える「頭皮マッサージ」,https://news.yahoo.co.jp/articles/7606f3360e6e69c5a042643970b4e02bf1b65bdc,2023/12/22(金) 21:30
yogajol,ヨガジャーナルオンライン,【みかん】皮と白い筋、食べていない人が知らない意外な事実とは…みかんの栄養素とおすすめの食べ方,https://news.yahoo.co.jp/articles/a6474442642773df68c07a75d7dc2e6a2b71e541,2023/12/22(金) 21:25
yogajol,ヨガジャーナルオンライン,【50代のための腰痛改善ストレッチ】1日1分ねじるだけ｜寝たままできる「ワニのポーズ」,https://news.yahoo.co.jp/articles/bcd53a149e0d4d9355e021e316ba1688b2a6004c,2023/12/22(金) 21:15
yogajol,ヨガジャーナルオンライン,ただれやザラザラ…舌にできたできものの正体。これは口内炎？舌がん？それとも…医師が教える見分け方,https://news.yahoo.co.jp/articles/2a4093221d348a0fcc388c9aa205dc013b3df2f7,2023/12/22(金) 21:05
yogajol,ヨガジャーナルオンライン,カラー診断やスタイリング指南を受けても自信がつかない本当の理由｜人気パーソナルスタイリストが語る,https://news.yahoo.co.jp/articles/db712d9d176785c4483bbc17c360fb6ad663fa2f,2023/12/22(金) 20:50
yogajol,ヨガジャーナルオンライン,冬は夏より脚がむくみやすい？バスタオルに座るだけのむくみ改善ストレッチ,https://news.yahoo.co.jp/articles/fbd732ac686caf15502b5f070aebc535ff30c885,2023/12/22(金) 20:40
yogajol,ヨガジャーナルオンライン,発酵と腐敗って何が違うの？意外と知らない発酵と熟成、腐敗と食中毒との違いとは｜管理栄養士が解説,https://news.yahoo.co.jp/articles/9be967d44e152df2257b2cc1f153997f90b14bb9,2023/12/22(金) 5:50
yogajol,ヨガジャーナルオンライン,【硬い足首は腰痛の原因】かかとをつけてしゃがめない人にやってほしい、仰向けでできる足首ストレッチ,https://news.yahoo.co.jp/articles/acdbec8acce4035113a333664c568d59a318912c,2023/12/21(木) 22:15
yogajol,ヨガジャーナルオンライン,【60代からのラクラク体力維持】呼吸が変わると持久力が見違える！心肺機能を上げる「ねじりワーク」,https://news.yahoo.co.jp/articles/80c997c4d1cca7696cffbe28b50d2ce980f6ecd2,2023/12/21(木) 22:10
yogajol,ヨガジャーナルオンライン,脂肪がつきやすい内もも、痩せたいならぜひやって！【たるみがみるみるスッキリ】タッチするだけ運動,https://news.yahoo.co.jp/articles/5c9068d47e48bd22e1dbdf2d0eff27f83ef0548e,2023/12/21(木) 22:05
yogajol,ヨガジャーナルオンライン,知ってた？鮭とサーモンの違い。同じと思っていた人がきっと驚く意外な事実とは｜管理栄養士が解説,https://news.yahoo.co.jp/articles/27f9f505ad80b3cac797bf80e479106b4a81b09d,2023/12/21(木) 20:55
yogajol,ヨガジャーナルオンライン,意外と賞味期限が長い豆乳、開封後いつまで飲める？日持ちの目安と傷んだサインを管理栄養士が教えます,https://news.yahoo.co.jp/articles/013aa3e834fce160969564b930dab01206eec7cd,2023/12/21(木) 20:45
yogajol,ヨガジャーナルオンライン,眠れないのは背中のせい？仰向けがラクになってぐっすり眠れる！抱きしめストレッチ,https://news.yahoo.co.jp/articles/1cf2d5e946cf8dd57016887a1bbe43faf874e13f,2023/12/20(水) 23:00
yogajol,ヨガジャーナルオンライン,【PC＆スマホを長時間使う人】ガチガチの首の後ろ＆背中上部の筋肉をゆるめる２つのストレッチ,https://news.yahoo.co.jp/articles/f4a1e3998db951be8c70c2bd65229ddff5bdcd37,2023/12/20(水) 21:55
yogajol,ヨガジャーナルオンライン,老けて見える原因【巻き肩】【カメ首】を改善！たった30秒で代謝も上がるストレッチ,https://news.yahoo.co.jp/articles/377a84befd9c9842b2666ce3b68490a2a8621229,2023/12/20(水) 21:20
yogajol,ヨガジャーナルオンライン,呼吸困難に陥る場合も…【薬の副作用】起こしやすい人の特徴は？薬剤師が教える、薬の副作用と対処法,https://news.yahoo.co.jp/articles/6ef1c70cc1e2eef3a0beb38adf8b2574dd8a34d2,2023/12/20(水) 19:40
yogajol,ヨガジャーナルオンライン,インフルエンザにかかった…何を食べれば良い？食欲の有無別おすすめの食べ物・避けたい食べ物とは,https://news.yahoo.co.jp/articles/1c8b5ce3931e45b8e9135dab06909d7c855061a5,2023/12/20(水) 18:10
yogajol,ヨガジャーナルオンライン,【切り落とし肉 VS こま切れ肉】何が違うの？使い分けのポイントを管理栄養士が解説,https://news.yahoo.co.jp/articles/37073e7dd81f8ada75dc67050cc6b3eb3f3346fe,2023/12/20(水) 13:05
yogajol,ヨガジャーナルオンライン,たった5分で効く【座ったままできる首・肩・背中のこり解消法！肩甲骨周りのストレッチ】,https://news.yahoo.co.jp/articles/5f3b518705f97facd968aa39980aa2de228afa34,2023/12/19(火) 21:30
yogajol,ヨガジャーナルオンライン,【二の腕と背中の引き締めが同時に叶う】たった30秒！座ったままできる楽々両腕ストレッチ,https://news.yahoo.co.jp/articles/491647746799579997e8326201a3453217dc0495,2023/12/19(火) 21:00
yogajol,ヨガジャーナルオンライン,パワフルな60代！女優ミシェル・ヨー（61歳）若々しさを保つための３つのシンプルな健康ルール,https://news.yahoo.co.jp/articles/7c01c0a041bcc6ede102494c91ea5da21e913084,2023/12/19(火) 20:15
yogajol,ヨガジャーナルオンライン,【実は危険？ポジティブ思考の落とし穴】精神科医が解説、楽観的すぎる事で起こるメンタルへの悪影響,https://news.yahoo.co.jp/articles/1454907b4aea86b6d41907df5f9809c2b42e0d2b,2023/12/19(火) 20:00
yogajol,ヨガジャーナルオンライン,〈50歳からの浮き輪肉対策〉腹斜筋を鍛えてくびれを作る！腰にやさしい椅子エクサ｜まずは10回！,https://news.yahoo.co.jp/articles/c9143d93e4cc3c35afb8366c751c672b7765d011,2023/12/18(月) 21:45
yogajol,ヨガジャーナルオンライン,心配事があると腹痛→下痢に…人口の約15％が発症している「過敏性腸症候群」なりやすい人の特徴は？,https://news.yahoo.co.jp/articles/2360e1a94028aa6b0c44c13fa11551f48245544d,2023/12/18(月) 21:40
yogajol,ヨガジャーナルオンライン,体に良さそうなものも…実は病み上がりに食べないほうがいい、意外な食べ物３つ｜管理栄養士が解説,https://news.yahoo.co.jp/articles/1970e967a4a226c239d6e936ccdd733363689026,2023/12/18(月) 19:45
yogajol,ヨガジャーナルオンライン,ダマにならない！「水溶き片栗粉」でとろみをつける時の、意外と知らないコツ｜管理栄養士が解説,https://news.yahoo.co.jp/articles/2345e7e5475c7044cc81deeb0a4e47f74e2b98cc,2023/12/18(月) 17:50
yogajol,ヨガジャーナルオンライン,切り方にコツがある【鶏むね肉】お肉が劇的にやわらかくなる裏ワザ｜管理栄養士が解説,https://news.yahoo.co.jp/articles/6c19ae680360a3d32a7b3fc43747321d90d0421e,2023/12/18(月) 15:20
yogajol,ヨガジャーナルオンライン,りんごは冷蔵保存と常温保存だとどちらが長持ちする？りんごを長持ちさせる保存方法｜管理栄養士が解説,https://news.yahoo.co.jp/articles/a7d48adbc2fd4e9ece5d081f243faced79bb98ff,2023/12/18(月) 15:20
yogajol,ヨガジャーナルオンライン,閉経を迎えた女性がかかりやすい「３つの病気」医師が解説,https://news.yahoo.co.jp/articles/d32fc9ed03de7f36764cc0a130eb6e051c901c54,2023/12/17(日) 21:15
yogajol,ヨガジャーナルオンライン,バキバキ肩甲骨がふにゃふにゃになる！【1日3分】背中上部のコリがしっかりほぐれる簡単ストレッチ,https://news.yahoo.co.jp/articles/0ec1e92630342366bb7a55f68ae616b7ca67b998,2023/12/17(日) 20:50
yogajol,ヨガジャーナルオンライン,産後の夫婦危機…どこまでが尊重でどこからが隔絶？出産後に夫と話し合って気づいたこと【経験談】,https://news.yahoo.co.jp/articles/71b4e5aeb2438a92723532f5d8ac91dee4fd7dd8,2023/12/17(日) 20:30
yogajol,ヨガジャーナルオンライン,脚がつる人ぜひやって！第二の心臓「ふくらはぎ」をほぐして伸ばす2ステップの簡単四つ這いストレッチ,https://news.yahoo.co.jp/articles/5aee0b4519691a17118c0be6a5a7633d8a6e26fc,2023/12/17(日) 20:10
yogajol,ヨガジャーナルオンライン,「どんどん買ってしまう」のに「いくら買っても満足できない…」もしかしたら買い物依存？心理師が解説,https://news.yahoo.co.jp/articles/8a8db25b1d7ba8259a9b94212d78bc72b4859c9a,2023/12/17(日) 19:10
yogajol,ヨガジャーナルオンライン,ビタミンC豊富なじゃがいも、相性の良い食材は？美味しいじゃがいもの見分け方はは？栄養士が解説,https://news.yahoo.co.jp/articles/fb869ebc5c7b8236b6edca8190ca964a134c1fef,2023/12/17(日) 10:30
yogajol,ヨガジャーナルオンライン,【ぽっこりお腹注意報】寒い冬こそ運動を！アウター＆インナーマッスル、どちらも鍛えるお腹痩せエクサ,https://news.yahoo.co.jp/articles/f3a02d58d44f81f3b5381cf25d1952239044e13d,2023/12/17(日) 8:05
yogajol,ヨガジャーナルオンライン,【冷凍シーフード】解凍せずに調理に使う人は損している？その理由を管理栄養士が解説,https://news.yahoo.co.jp/articles/6c205c63c1f90930d5148d4c6812c69b4a6ecb2c,2023/12/17(日) 7:45
yogajol,ヨガジャーナルオンライン,【ツナ缶の油】あなたは切って使う？切らずに使う？管理栄養士が教えるツナ缶油のメリットとデメリット,https://news.yahoo.co.jp/articles/e83d6b8c58bb740c045bfb347c0b3aa24faa0cd8,2023/12/17(日) 7:05
yogajol,ヨガジャーナルオンライン,【冬は腰痛が起こりやすい】腰痛予防の鍵「背中の大きな筋肉」を鍛えて！仰向けでできる腰痛予防エクサ,https://news.yahoo.co.jp/articles/7a3a4cc3427e34fa25288801940ee3677712647a,2023/12/16(土) 22:30
yogajol,ヨガジャーナルオンライン,1日1回のワイドスクワットで代謝爆上げ！老化防止にもなる痩せやすく太りにくい体作り,https://news.yahoo.co.jp/articles/ae73fedd4844abe4d6c2cd247b0466c0d1c1bb0e,2023/12/16(土) 22:05
yogajol,ヨガジャーナルオンライン,胃もたれ、胸焼け、胃痛…年末に多い胃腸トラブル｜症状別・胃腸薬の選び方とセルフケア｜薬剤師が解説,https://news.yahoo.co.jp/articles/1d27a07cb521b6a8ebcae7cc1e775af085ffa17b,2023/12/16(土) 21:40
yogajol,ヨガジャーナルオンライン,【あぐらで股関節がツライ、膝が浮く人必見】長時間あぐらがかけて「腰痛改善」にもなるお尻ほぐし,https://news.yahoo.co.jp/articles/5275b89262528cacfd72a3815662252421db080d,2023/12/16(土) 21:30
yogajol,ヨガジャーナルオンライン,【瞑想、夜の洗顔…】大坂なおみ、エマ・ワトソン…一流セレブたちが実践する「ストレス発散方法」,https://news.yahoo.co.jp/articles/e98b9223962a4ddcc829b5749531ffbbd41a3499,2023/12/16(土) 21:00
yogajol,ヨガジャーナルオンライン,【体験談】「粉ミルクは母親失格、母乳じゃなきゃダメ」産後、母乳信仰にとらわれた経験から学んだこと,https://news.yahoo.co.jp/articles/f2f36e210a4c8a5250c419b14bbb555903a0bfa1,2023/12/16(土) 20:30
yogajol,ヨガジャーナルオンライン,【腸内環境を整える腸活フード】白菜１玉買ったら作ってみて！発酵食品「酸菜」簡単な作り方と活用法,https://news.yahoo.co.jp/articles/0ed66b6ad89580bbbf871a93cd68cf5cc4381aef,2023/12/16(土) 7:05
yogajol,ヨガジャーナルオンライン,寝る前にやってみて！スーッと眠りを誘う【寝ながら、だら～んとストレッチほぐし】,https://news.yahoo.co.jp/articles/e87ffe1df275b56f76d16043847ed6f8cdd5874b,2023/12/15(金) 22:45
yogajol,ヨガジャーナルオンライン,「酢を飲むと体が柔らかくなる」なぜ言われるようになったの？管理栄養士が伝えたい、酢の本当のチカラ,https://news.yahoo.co.jp/articles/d8cb536d70c011c92ff0ddd25beae8290128b21a,2023/12/15(金) 21:10
yogajol,ヨガジャーナルオンライン,肩こりさんはむくみ顔＆太い首になりやすい！胸鎖乳突筋を動かしてほっそり首になる気分爽快ストレッチ,https://news.yahoo.co.jp/articles/3ae95be57420f2c937b8f924e4cbc6279fd5331d,2023/12/15(金) 20:30
yogajol,ヨガジャーナルオンライン,胃のポリープはなぜできる？胃がんに進行する？胃ポリープができやすい人の特徴とは｜医師が解説,https://news.yahoo.co.jp/articles/92f6835391f57d1dfe95d9a6580e1286bf78dfcd,2023/12/15(金) 20:10
yogajol,ヨガジャーナルオンライン,【更年期】「夫の実家への帰省が憂鬱…ただでさえしんどいのに」帰省前後・帰省中にできる対処法,https://news.yahoo.co.jp/articles/b06319b9ef3dab5bee2d47c007cc55bb7e5d602c,2023/12/15(金) 19:45
yogajol,ヨガジャーナルオンライン,女性約2500人の性生活調査｜変化する女性の性、世代によって異なる「セックスの最優先事項」 とは,https://news.yahoo.co.jp/articles/5586f391bcbf2848bdd2e86785a3b2b26b63fa79,2023/12/14(木) 23:00
yogajol,ヨガジャーナルオンライン,尻トレあるある「お尻を鍛えるつもりが腰を痛めた…」お尻に直接効かせる！失敗知らずの股関節ワーク,https://news.yahoo.co.jp/articles/caa6809a663658f0e1f54963b946a2833b3f2ee6,2023/12/14(木) 21:45
yogajol,ヨガジャーナルオンライン,切り干し大根の戻し汁、捨てている人は損しているかも…その理由と戻し汁の活用方法｜管理栄養士が解説,https://news.yahoo.co.jp/articles/1dd03a74f357045ad63f8b0c1da684db0e0a610c,2023/12/14(木) 21:35
yogajol,ヨガジャーナルオンライン,舌にしこり、口から異臭がする…もしかして舌がんかも？舌がんになりやすい人の特徴は｜医師が解説,https://news.yahoo.co.jp/articles/1a91337d67b054527e8da0654adb09a6522e95b5,2023/12/14(木) 21:30
yogajol,ヨガジャーナルオンライン,腸活のカギは消化力？腸活の土台となる【胃腸の働き】を活性化する「ねじりストレッチ」,https://news.yahoo.co.jp/articles/767e125e07ff06e07031f903ae9d7f91e5bd7864,2023/12/14(木) 21:00
yogajol,ヨガジャーナルオンライン,【背骨の詰まりをじんわりほぐす】緊張からくるガチガチ背中や腰のコリを解消する「陰ヨガストレッチ」,https://news.yahoo.co.jp/articles/bd9edee1f6efb9fe124e362b052c34cdfb9fa6ab,2023/12/13(水) 22:00
yogajol,ヨガジャーナルオンライン,【ストレッチしているのに股関節の詰まり感が取れないという人に】簡単だけど効く！脚を振るだけエクサ,https://news.yahoo.co.jp/articles/521012ca93ef582f0d54c740b1a2da30d0999ff6,2023/12/13(水) 22:00
yogajol,ヨガジャーナルオンライン,【肝臓からのSOS】飲酒で肝臓が疲れたときに出るサインとは？適度な飲酒量や飲み過ぎたときの対処法,https://news.yahoo.co.jp/articles/0904b44579c26ca6a78ecc338fa54b1a68fdef2d,2023/12/13(水) 21:40
yogajol,ヨガジャーナルオンライン,【ガチガチ股関節、やわやわに】垂れ尻の原因は股関節？みるみる柔軟性がアップ＆美尻になれるエクサ,https://news.yahoo.co.jp/articles/45f09cf33aa011b100963ed0a51ba1196d5aed38,2023/12/13(水) 21:30
yogajol,ヨガジャーナルオンライン,【怒りやすい・イライラが抑えられない！人へ】精神科医が教える、今すぐ心を落ち着ける２つの方法,https://news.yahoo.co.jp/articles/057793c7f9e14ef22d2787fa11413feec40809c3,2023/12/13(水) 20:30
yogajol,ヨガジャーナルオンライン,【市販の傷口用消毒液】開封してからの使用期限はどのぐらい？正しい保管方法は｜薬剤師が解説,https://news.yahoo.co.jp/articles/efe6c5000c2251c5c6c67bd8975cf7fd370900ce,2023/12/13(水) 20:20
yogajol,ヨガジャーナルオンライン,楽しみにしていたはずなのに…同棲直前に嫌になる「同棲ブルー」なぜ？対策は｜臨床心理士が解説,https://news.yahoo.co.jp/articles/4297b043c9bbfa10b8cd18bdcf40f64a7c7e01ff,2023/12/13(水) 18:30
yogajol,ヨガジャーナルオンライン,お尻の筋肉は硬くなりやすくそれが腰痛や冷えの原因に。だから、寝ながら解消！お尻ほぐしストレッチ,https://news.yahoo.co.jp/articles/3ae2374e091265dde4a7a89c85bd34f8eb49fbeb,2023/12/12(火) 22:00
yogajol,ヨガジャーナルオンライン,パンパンに張った太ももに効く！脚を伸び縮みさせるだけ【下半身】がすっきりする脚トレ,https://news.yahoo.co.jp/articles/d685e19bedf8efb609e3896aa1417f58f0d4919e,2023/12/12(火) 21:40
yogajol,ヨガジャーナルオンライン,骨盤が立たない人にもできる！【股関節がみるみる柔らかくなる】やさしいねじりのポーズ,https://news.yahoo.co.jp/articles/01abdcf709340c6bea4e9c228c794df83851de34,2023/12/12(火) 21:30
yogajol,ヨガジャーナルオンライン,酒粕が入った料理、子どもや妊婦が食べても大丈夫？運転前に食べても良い？【管理栄養士が解説】,https://news.yahoo.co.jp/articles/a3cf07a39ab707c2f2655f3603026f04b81bcc63,2023/12/11(月) 21:10
yogajol,ヨガジャーナルオンライン,筋力ゼロの40代・50代でもできる体幹トレーニング【痩せやすい身体になる】たった３つのポーズ！,https://news.yahoo.co.jp/articles/3f83cc6f012ca0fb76ea0dd6b35f501696ef97a9,2023/12/11(月) 21:00
yogajol,ヨガジャーナルオンライン,不織布マスクの使用期限、知ってる？どこに保管するのが正解？薬剤師がわかりやすく解説,https://news.yahoo.co.jp/articles/f8e83df0d999c540c3fb9e51961a3de1cd917053,2023/12/11(月) 20:55
yogajol,ヨガジャーナルオンライン,50歳を迎えたスーパーモデル、タイラ・バンクスが「50代の美の秘訣はプラス体重」と語る理由,https://news.yahoo.co.jp/articles/27c30ac65410580a53375ef208718a198b19e4b8,2023/12/11(月) 19:45
yogajol,ヨガジャーナルオンライン,【更年期の睡眠トラブルを解決】疲れを残さず翌朝すっきり「寝る前のほぐし」とナイトルーティン,https://news.yahoo.co.jp/articles/0cd712b335eaab9644b6a05d92593a079780bcaf,2023/12/10(日) 23:45
yogajol,ヨガジャーナルオンライン,「生理前、つらい」女性の約8割。［頭痛、胸、おなか・腰］痛みをケアするには？産婦人科医からの提言,https://news.yahoo.co.jp/articles/1603c54205a28aacd4916e2a3f03df85aeb0c249,2023/12/10(日) 22:15
yogajol,ヨガジャーナルオンライン,【感染症の季節】9割の人が正しく使えていない？アルコール消毒薬の適量と正しい使い方｜薬剤師が解説,https://news.yahoo.co.jp/articles/5e120a8693edf25057074fb5dd57bd59cdac0636,2023/12/10(日) 21:50
yogajol,ヨガジャーナルオンライン,【キツイけど確実に効く】食べ過ぎ飲み過ぎで気づいたらお腹がぽっこり…を回避するお腹引き締めエクサ,https://news.yahoo.co.jp/articles/be43640c52b849f88f70d41b9c8b6501fc6895ce,2023/12/10(日) 21:40
yogajol,ヨガジャーナルオンライン,太白ごま油、普通のごま油と何が違う？なぜ人気？管理栄養士が解説,https://news.yahoo.co.jp/articles/252b0acf2f584b5b07647d3ce6b22f9a974ba3a5,2023/12/10(日) 7:40
yogajol,ヨガジャーナルオンライン,朝ヨガで痩せ体質にチェンジ！【極上の目覚めと前向き気分も手に入る】モーニングルーティンヨガ,https://news.yahoo.co.jp/articles/b16a747c85caeb022e16c66f03e6c8260b52f938,2023/12/10(日) 7:25
yogajol,ヨガジャーナルオンライン,大腸の腸管粘膜の一部がイボ状に膨れあがる【大腸ポリープ】できやすい人の特徴とは？医師が解説,https://news.yahoo.co.jp/articles/52e3840e7e9e793aee8e8cbe5575d77b519bfeba,2023/12/9(土) 21:15
yogajol,ヨガジャーナルオンライン,老け見え姿勢の原因「倒れた骨盤」を起こす！姿勢改善のための深層筋トレ＆伸びストレッチ,https://news.yahoo.co.jp/articles/e3753fb984f0f79c6766fc95092d37c35851d778,2023/12/9(土) 20:05
yogajol,ヨガジャーナルオンライン,電子レンジ加熱で栄養は壊れる？壊れない？電子レンジ加熱による変化とは｜管理栄養士が解説,https://news.yahoo.co.jp/articles/5ea263f860957c830fbf8c4e221de58e08f0b454,2023/12/9(土) 18:15
yogajol,ヨガジャーナルオンライン,【ガス溜まり・便秘解消とお腹痩せを同時に】ひじと膝をタッチするだけ！椅子に座ってできる簡単エクサ,https://news.yahoo.co.jp/articles/640e93843a059b9d6d91d66dec35baa41a68e568,2023/12/8(金) 23:05
yogajol,ヨガジャーナルオンライン,ピキッと走る激しい痛み【ぎっくり腰】なりやすい人の特徴とは？若者も注意が必要な理由｜医師が解説,https://news.yahoo.co.jp/articles/1602bfd69b2ce103ca241fb67e80dfb4f86be490,2023/12/8(金) 21:15
yogajol,ヨガジャーナルオンライン,【巻き肩に悩む人はやってみて！】たった1回で変わる！猫背・巻き肩がみるみる改善「胸ほぐし」,https://news.yahoo.co.jp/articles/b43476b700fbf3c5f4d8eac8d31867cd2d09848a,2023/12/8(金) 21:00
yogajol,ヨガジャーナルオンライン,肩こりが嘘のようにすっきり軽くなる！運動苦手な人でも簡単な【座ったまま肩甲骨はがし】,https://news.yahoo.co.jp/articles/730fddc5338d98b50183c409e659d7ede6725590,2023/12/8(金) 20:15
yogajol,ヨガジャーナルオンライン,サバ缶の汁は切ってから使う？それとも切らずに使う？サバ缶汁を使うデメリットは？管理栄養士の見解,https://news.yahoo.co.jp/articles/ab327878c310f003f418f5a7627ae315507e2a4e,2023/12/8(金) 19:30
yogajol,ヨガジャーナルオンライン,【舞茸】ちょい足しするだけで旨味アップ＆栄養満点！管理栄養士考案の「舞茸おつまみ」,https://news.yahoo.co.jp/articles/b90721af698088a3d604ab49df236d9c3e87d3b6,2023/12/8(金) 18:15
yogajol,ヨガジャーナルオンライン,痩せるためにコーヒーを飲んだ方がいいのか、飲まない方がいいのか？管理栄養士の見解は,https://news.yahoo.co.jp/articles/c0e65fded0ffd33fbd76a51b9f64df5108771e92,2023/12/8(金) 6:15
yogajol,ヨガジャーナルオンライン,【１日５分で柔軟性アップ】ガチガチに体が硬い人が最短で前屈が得意になる！効果バツグン練習法,https://news.yahoo.co.jp/articles/44ed7deb4ec589c2a71325dcc1d611b8f52dcd7d,2023/12/7(木) 22:00
yogajol,ヨガジャーナルオンライン,【ペタンコお腹になれる魔法の呼吸】椅子に座ったままたった10回！ぽっこりお腹が凹む簡単エクサ,https://news.yahoo.co.jp/articles/a57504e422d86eb96c0bd3b76cf036f043972def,2023/12/7(木) 21:05
yogajol,ヨガジャーナルオンライン,美容整形はあり？なし？女優ドリュー・バリモア（48歳）が絶対に整形に手を出さないワケ,https://news.yahoo.co.jp/articles/139b6f08f240c32ab070b3f5a20d44acfc1d2102,2023/12/7(木) 21:00
yogajol,ヨガジャーナルオンライン,"血管の中にできる""血の塊""血栓ができやすい人の特徴とは？医師が解説",https://news.yahoo.co.jp/articles/0b8b61c7dd0352f8f6fddcd31e2c3e2bb0d379ee,2023/12/7(木) 20:45
yogajol,ヨガジャーナルオンライン,30代で余命宣告を受けた写真家・幡野広志さんが「幸せになるために『損得勘定』は必須」と語る理由,https://news.yahoo.co.jp/articles/20b89be7fd39fbe85005cc0b3f945d1673446bf0,2023/12/6(水) 21:35
yogajol,ヨガジャーナルオンライン,【歯磨き時間に毎日やるだけで激変】太ももで挟むだけで脚がみるみる引き締まる「骨盤底筋トレ」,https://news.yahoo.co.jp/articles/42eba2ca245efd31e922a5eed4f03cf01f941dc1,2023/12/6(水) 21:00
yogajol,ヨガジャーナルオンライン,ガチガチ股関節の原因はお尻のコリ！ゆっくり10秒キープするだけでお尻の奥まで届くストレッチ,https://news.yahoo.co.jp/articles/d9acc6c214ecfdd235a9b76a93b078450eb7622b,2023/12/6(水) 20:45
yogajol,ヨガジャーナルオンライン,"グウィネス・パルトロウ（51歳）が今興味を持っている""全然一般的じゃない""健康法＆美容法",https://news.yahoo.co.jp/articles/15e71bef6314cf33184efdfdfe70a8d3436d6b9a,2023/12/6(水) 19:15
yogajol,ヨガジャーナルオンライン,オリーブオイル VS バター、比較してヘルシーなのは…意外な結果とその理由｜管理栄養士が解説,https://news.yahoo.co.jp/articles/62aee6186007b957c1e38583d9a8a191efb491bc,2023/12/6(水) 18:50
yogajol,ヨガジャーナルオンライン,【いちご】ヘタを取ってから洗うのはなぜNG？いちごをおいしく食べるための「正しい洗い方」って？,https://news.yahoo.co.jp/articles/2102472308d05e370a339c6e5045efb3d755a6f6,2023/12/6(水) 6:10
yogajol,ヨガジャーナルオンライン,ふくらはぎが硬いと腰痛に？【腰がスーッと楽になる】お尻・もも裏・ふくらはぎを伸ばす足踏みエクサ,https://news.yahoo.co.jp/articles/97a59da2a84862ddc38a28b6fcae91c3f3df4a24,2023/12/5(火) 21:20
yogajol,ヨガジャーナルオンライン,お腹が内側からみるみる引き締まる！お腹の深～いところにある深層筋にめっちゃ効く仰向け×呼吸エクサ,https://news.yahoo.co.jp/articles/b2b3d53184ccbb595602a57b457257bc6e6a2db5,2023/12/5(火) 21:10
yogajol,ヨガジャーナルオンライン,【日本人の4人に1人】冬場は特に気をつけたい高血圧、家庭でできる血圧管理の仕方って？薬剤師が解説,https://news.yahoo.co.jp/articles/143c32db879d33f36c933106c00d619bd15fefd0,2023/12/5(火) 20:05
yogajol,ヨガジャーナルオンライン,紫がかっているブロッコリー…傷んでいる？それとも食べられる？管理栄養士の回答は,https://news.yahoo.co.jp/articles/65007e3b2ff7fb614ecd3eca9a0c1f9d9dc5ad78,2023/12/5(火) 17:50
yogajol,ヨガジャーナルオンライン,50歳からのぽっこりお腹解消！【寝たままできるからキツくない】深呼吸と合わせて動く簡単エクサ,https://news.yahoo.co.jp/articles/ea3a9132f73a71029db639f78c1f6e4fef0cc003,2023/12/4(月) 22:05
yogajol,ヨガジャーナルオンライン,【専門家に聞く】ワーカホリック（仕事中毒）と依存症の関連性。予防と回復に必要なものとは,https://news.yahoo.co.jp/articles/377993624386021ada7b0c5da2b23bf871a8d296,2023/12/4(月) 21:45
yogajol,ヨガジャーナルオンライン,【肩こりにすぐ効くよく効く】簡単ワンポーズで肩甲骨をまんべんなく刺激！カチコチ肩回りのストレッチ,https://news.yahoo.co.jp/articles/95bced8d297a29556a434dcaebf62aae52c80d3c,2023/12/4(月) 21:35
yogajol,ヨガジャーナルオンライン,【意外】手のコリがほぐれると首や肩までスッキリする！座ってできる手・指・手首ストレッチ,https://news.yahoo.co.jp/articles/9d4623f601c4ae073c327aaec4907066cd182c6a,2023/12/4(月) 21:00
yogajol,ヨガジャーナルオンライン,痩せにくい・肌荒れ・冷えむくみ…原因は【リンパの詰まり】かも！溜まった老廃物を流すストレッチ,https://news.yahoo.co.jp/articles/34fdfba658184c75d42cedef439a1e4fe96ad0f9,2023/12/3(日) 23:00
yogajol,ヨガジャーナルオンライン,足だけ痩せないのは足首が硬いせい。美脚になりたい人必見の足首ストレッチ,https://news.yahoo.co.jp/articles/91176f0645cba1da9aa38701b1ff4b2d60df32be,2023/12/3(日) 21:15
yogajol,ヨガジャーナルオンライン,「依存症」の根幹にある社会構造、「男らしさの呪縛」が及ぼす影響【ソーシャルワーカーに聞く】,https://news.yahoo.co.jp/articles/24be4acb004c5ea0595800fa9581922b96144b52,2023/12/3(日) 20:50
yogajol,ヨガジャーナルオンライン,50歳からの【重力に負けない体づくり】抗重力筋を鍛えて凛とした姿勢をキープする膝立ちスクワット,https://news.yahoo.co.jp/articles/da10ca4d72507930aa4b590a1cf6edc2d65989d5,2023/12/3(日) 20:10
yogajol,ヨガジャーナルオンライン,【せやすく太りにくい体質を手に入れる方法】日本人の9割がもつ「痩せ菌」を育てる食べ方とは？,https://news.yahoo.co.jp/articles/a9b035400520371ad597439a01c601ea4e0408b7,2023/12/3(日) 19:40
yogajol,ヨガジャーナルオンライン,肩こり解消のカギとなる筋肉「前鋸筋」「肋間筋」をゆるめる【寝たまま】ストレッチ,https://news.yahoo.co.jp/articles/918cb64e52fd29383e25aa20d49623be0232d911,2023/12/3(日) 8:25
yogajol,ヨガジャーナルオンライン,【ぽっこりお腹を最速で凹ませる方法】「腸腰筋」を鍛えてお腹ヤセ「簡単1分！膝上げエクサ」,https://news.yahoo.co.jp/articles/6efc5e2e26b9b29c768fe7c014c6e6886f747730,2023/12/1(金) 20:05
yogajol,ヨガジャーナルオンライン,【精神科医が解説】ストレスに負けない！「メンタルが強い人」の5つの共通点とは？,https://news.yahoo.co.jp/articles/4d094996ec6c8a0a2d5097f511b129a545e0af5b,2023/12/1(金) 20:00
yogajol,ヨガジャーナルオンライン,意外と捨てる部分が多い【りんご】管理栄養士が教える、無駄のない切り方「スターカット」,https://news.yahoo.co.jp/articles/0d5a914abc9940f4f6e75176db364bd7f15bd2a5,2023/12/1(金) 19:20
yogajol,ヨガジャーナルオンライン,【全身引き締まる万能エクササイズ】ヨガマットの長さぶん歩くだけで効果あり！お尻歩きエクササイズ,https://news.yahoo.co.jp/articles/2872a1718fa54fdcd542458eba46ec227c2909a5,2023/11/30(木) 22:30
yogajol,ヨガジャーナルオンライン,美しい姿勢を保つには「腸腰筋」がカギ！美姿勢が1日中キープできる、座って10回超簡単腸腰筋エクサ,https://news.yahoo.co.jp/articles/ae88a6501fc30113e2a6c30e423f9d3dd6c61399,2023/11/30(木) 22:10
yogajol,ヨガジャーナルオンライン,【体が硬い人にやってほしい】手の位置を変えるだけ！無理をしない開脚前屈と効果アップのポイント,https://news.yahoo.co.jp/articles/abc80d0b2fff03061e542043b6716b86bb7113a1,2023/11/30(木) 21:40
yogajol,ヨガジャーナルオンライン,親指で肩甲骨を触れる？ガチガチ肩がふにゃふにゃになる！肩甲骨がみるみる浮き出る発掘ストレッチ,https://news.yahoo.co.jp/articles/c066e0ac84a6f0e5152c68c49978ae6e1654b0c0,2023/11/30(木) 21:30
yogajol,ヨガジャーナルオンライン,腰痛や脚のむくみにたった30秒【メリットしかない】不調知らずの体を作るお尻ほぐしエクササイズ,https://news.yahoo.co.jp/articles/a769736452b0275076d082fdf024e19776cad1d9,2023/11/29(水) 21:45
yogajol,ヨガジャーナルオンライン,ウィリアム皇太子もビックリ！キャサリン皇太子妃が愛するちょっと変わった健康ルーティン,https://news.yahoo.co.jp/articles/89e5aa5a9ab185c5ef1a268dcce5a5b13c734d40,2023/11/29(水) 21:00
yogajol,ヨガジャーナルオンライン,【ウォーキングの効果を高める方法】理学療法士が推奨！ウォーキング改善エクササイズ4選,https://news.yahoo.co.jp/articles/95c0349b546823dc9485ed8c2664c84d9780094c,2023/11/29(水) 20:35
yogajol,ヨガジャーナルオンライン,【薬味の豆知識】チューブタイプの「本わさび」と「生わさび」って何が違うの？管理栄養士が解説,https://news.yahoo.co.jp/articles/a08a0ecfe3bcced246e4eaa2c84ea85c168e7883,2023/11/29(水) 20:15
yogajol,ヨガジャーナルオンライン,心の専門家が「不用意にテレビをつける」習慣をやめて起きた変化とは｜情報を制限して見えてきたもの,https://news.yahoo.co.jp/articles/b646f715948ef0d69076a233ecc085fc73da9ac3,2023/11/28(火) 21:30
yogajol,ヨガジャーナルオンライン,【更年期の睡眠問題】「夜寝てるのに、昼間に眠くて仕方がない…」原因と眠気を和らげる３つの対処法,https://news.yahoo.co.jp/articles/3336784aa22026acd953d058134c2f9c670abb93,2023/11/28(火) 21:20
yogajol,ヨガジャーナルオンライン,【正解は、ひとつじゃない】ヨガ、バンライフの実践者が「変わりたいけど変われない人に伝えたいこと」,https://news.yahoo.co.jp/articles/2ceea380cf676d5b98780c9a5d7d03bdc6715daf,2023/11/28(火) 19:55
yogajol,ヨガジャーナルオンライン,冬は腰痛に悩む人が増加！腰痛の予防法と意外と知らない湿布薬の正しい選び方・使い方｜薬剤師が解説,https://news.yahoo.co.jp/articles/c019228ee12b376aab0f7460b5f23163a7980bad,2023/11/28(火) 19:35
yogajol,ヨガジャーナルオンライン,【疲れを感じる夜に】股関節・太もも・お腹を一挙に伸ばせる！血行促進&疲労回復ストレッチ,https://news.yahoo.co.jp/articles/12ac33363df26ca8778db2049feb6f0eff2b9cbb,2023/11/27(月) 21:55
yogajol,ヨガジャーナルオンライン,座っていると自然と膝が開く人は内ももがタプタプ？仰向けだからラク、だけど効果大の引き締め運動,https://news.yahoo.co.jp/articles/c1342d1868d79e071a4b4bd9787f213410d7fe04,2023/11/27(月) 20:45
yogajol,ヨガジャーナルオンライン,開脚すると太ももの内側がピキーンと突っ張る人、必ずやって！【30秒で開脚が変わる】縫工筋ほぐし,https://news.yahoo.co.jp/articles/9fc44f22fcd5bfece4001d111a807335b48b0634,2023/11/27(月) 20:05
yogajol,ヨガジャーナルオンライン,【冬のほうれん草】食べなきゃ損！ビタミンCが3倍？栄養や効能、効果を高める組み合わせを紹介,https://news.yahoo.co.jp/articles/e46ebdc8b49b8ef235e99d1155e09180d609ee72,2023/11/27(月) 18:10
yogajol,ヨガジャーナルオンライン,【大根の葉を捨てないで！】食品ロスを防ぐ！緑黄色野菜の栄養たっぷりレシピ「大根葉のふりかけ」,https://news.yahoo.co.jp/articles/51ff841dd2ee0b13c514837b0162354093eb7281,2023/11/27(月) 16:15
yogajol,ヨガジャーナルオンライン,【実録！浮き輪肉が消えた】50代女性に実際に効果があった腰肉ほぐし2選,https://news.yahoo.co.jp/articles/ad3f110cb7e8cd2eb36bc59a96e8bf8a47c7fbfb,2023/11/26(日) 20:30
yogajol,ヨガジャーナルオンライン,【意外と多い相談】更年期女性が悩む「夫の無理解」イライラする時はどうすれば良いのか？,https://news.yahoo.co.jp/articles/f48f564b364e736ef2dedfd2232e7f1fba53e00a,2023/11/26(日) 20:20
yogajol,ヨガジャーナルオンライン,管理栄養士おすすめのかさまし食材【わかめ】栄養価も満足度もアップ！かさまし食材の使いこなし方,https://news.yahoo.co.jp/articles/073bd4fb8412842e9965de32484a7be10c8f6e43,2023/11/26(日) 8:05
yogajol,ヨガジャーナルオンライン,唾液力が低下すると起こる生活習慣病、感染症、うつ、肌老化…原因と対策は？唾液の専門家からの警告,https://news.yahoo.co.jp/articles/4eef62cdc99cec303f07706efbbc6d0f388b31da,2023/11/26(日) 7:40
yogajol,ヨガジャーナルオンライン,運動嫌いさんでもコレなら続く【３分うつ伏せで転がるだけ】巻き肩・肩こり・背中こり解消ストレッチ,https://news.yahoo.co.jp/articles/740d1afc75f62c3c08dcadabb82a2a2d1118e00e,2023/11/25(土) 21:30
yogajol,ヨガジャーナルオンライン,乗り物酔いする人の特徴とは？乗りもの酔いを防ぐ7カ条と酔い止め薬の使い方｜薬剤師が解説,https://news.yahoo.co.jp/articles/4334809e6e1832c50812c42fb09110cab7e49dd8,2023/11/25(土) 21:05
yogajol,ヨガジャーナルオンライン,【日本人女性の9人に1人が疾患リスク】医学博士が教える、乳がんを予防する「最強野菜」トップ3,https://news.yahoo.co.jp/articles/8a3bf5f3164c0bcba0a92b17676fa7c4d3f22228,2023/11/25(土) 20:40
yogajol,ヨガジャーナルオンライン,ストレートネックで顔が大きくなる？お顔肥大化の原因を解消！お風呂でできる首ほぐしタオルストレッチ,https://news.yahoo.co.jp/articles/6eb9b9ad3aaa5bdf7e05239c4fe02d1400bfe62f,2023/11/25(土) 20:20
yogajol,ヨガジャーナルオンライン,【砂糖・はちみつ・みりん】栄養素と効能の違いを管理栄養士が解説！「甘味料」使い分けガイド,https://news.yahoo.co.jp/articles/14413c69afcde360e5a45e0e65912356ea5a0b88,2023/11/25(土) 7:25
yogajol,ヨガジャーナルオンライン,管理栄養士が「おから」を勧めたい理由｜おからにはどんな栄養が含まれている？おすすめの食べ方とは,https://news.yahoo.co.jp/articles/97eeac7ababa06ccb22f4ee25a79dacbc9301296,2023/11/25(土) 7:05
yogajol,ヨガジャーナルオンライン,【手足の末端が寒くて我慢できない…！】冬の冷え性を助ける「簡単ツイスト」で全身ポカポカ！,https://news.yahoo.co.jp/articles/bf5afdd1e2371276330e1a33fd37f70f9347ff68,2023/11/24(金) 23:35
yogajol,ヨガジャーナルオンライン,【寝る前の一石二鳥ストレッチ】腰痛対策とぐっすり眠る準備が整う「簡単わき腹伸ばし」,https://news.yahoo.co.jp/articles/005d6f5bec8802e49bdf0334e1e6c5ee1885e178,2023/11/24(金) 22:15
yogajol,ヨガジャーナルオンライン,「若さを追いかけるのはもう終わり！」ブルック・シールズ（58歳）大人のスタイルで抜群の美脚を披露,https://news.yahoo.co.jp/articles/e40a448be18171b9b1ff85b022cc464a491d7ca0,2023/11/24(金) 22:00
yogajol,ヨガジャーナルオンライン,【50代以降の方におすすめ】硬くなった「内もも」の筋肉ほぐして歩行をスムーズにするストレッチ,https://news.yahoo.co.jp/articles/a3ad6070700ff0923ff4bec1d4cdac854110504b,2023/11/24(金) 21:50
yogajol,ヨガジャーナルオンライン,「もしかしたら〇〇が起きるかもしれない…」未来への不安に悩む人に臨床心理士が伝えたい6つの対処法,https://news.yahoo.co.jp/articles/777376c8a648c49cab63fdd29c886b2792ff0227,2023/11/24(金) 21:45
yogajol,ヨガジャーナルオンライン,便秘体質がみるみる改善【たった3ポーズ】ぽっこりお腹にも効く！腸活ヨガ,https://news.yahoo.co.jp/articles/ad2c331ceaf7c2b7f659523ed0228e4bd6ea597d,2023/11/24(金) 21:30
yogajol,ヨガジャーナルオンライン,【どうしても眠れない夜に】精神科医が推奨、ベッドの上ですぐにできる「入眠テクニック」2選,https://news.yahoo.co.jp/articles/86605d596720483f5bc77445982801d8a36b89ef,2023/11/23(木) 22:00
yogajol,ヨガジャーナルオンライン,1分で前屈が驚くほど変わる＆楽になる！【タオルを使うから効果的】筋膜リリース＆ヨガストレッチ,https://news.yahoo.co.jp/articles/057ca620fb56af2360c81dfe30b90fa4c3d1054f,2023/11/23(木) 21:45
yogajol,ヨガジャーナルオンライン,バッキバキの背中が30秒でほぐれる【魔法のほぐし技】誰でもできる「背中の張り解消ストレッチ」,https://news.yahoo.co.jp/articles/e1a5cbe68957f777678995c7c97621c73959b488,2023/11/23(木) 21:30
yogajol,ヨガジャーナルオンライン,絶対やった方がいい！【冬に肩こりがひどくなる人に】寒さ肩こりをほぐす１ポーズストレッチ,https://news.yahoo.co.jp/articles/f4314715956da57120c558193cf79f5ab6e01430,2023/11/23(木) 21:10
yogajol,ヨガジャーナルオンライン,ダイエット中なら必見！女優ジェニファー・ガーナーも絶賛の「パスタの代わりになる」ズードルとは？,https://news.yahoo.co.jp/articles/005f3508b378b94119d6675704f544bde7be54d3,2023/11/23(木) 20:45
yogajol,ヨガジャーナルオンライン,【背骨年齢が若返る！】背骨をほぐしてインナーマッスルを鍛える簡単「お辞儀エクサ」,https://news.yahoo.co.jp/articles/acd65d9d28f36adf737a29d9f58af5dddc58e841,2023/11/23(木) 20:30
yogajol,ヨガジャーナルオンライン,【生りんご VS 加熱りんご】栄養価はどっちが高い？管理栄養士が解説,https://news.yahoo.co.jp/articles/5c35954d1d13862939cc15153eb63abddb8911df,2023/11/23(木) 16:35
yogajol,ヨガジャーナルオンライン,【生卵・半熟卵・ゆで卵】加熱の仕方で消化が変わる？管理栄養士が胃腸に負担をかけない食べ方を解説,https://news.yahoo.co.jp/articles/b86b66d290cfb5fd721dfbc90bfadeb75786992f,2023/11/23(木) 7:40
yogajol,ヨガジャーナルオンライン,【春雨】ダイエットに効果的なのは本当？春雨だけを食べている不足する栄養とは？管理栄養士が解説,https://news.yahoo.co.jp/articles/62d83ca44d860f6c3df3ff0f12896e8523029dc3,2023/11/23(木) 7:35
yogajol,ヨガジャーナルオンライン,【40代からのぽっこりお腹に】たった30秒・ちょっとキツいけど効果大！骨盤底筋を鍛えるドローイン,https://news.yahoo.co.jp/articles/44575089ce4e7948cb6c227230f5d2dc37724e5d,2023/11/22(水) 22:10
yogajol,ヨガジャーナルオンライン,心がしんどいときにやってみて。臨床心理士が勧めたい、心を安定させる身体へのアプローチ４つ,https://news.yahoo.co.jp/articles/fc5cfa81301657b12a4c72b027215f93acb00211,2023/11/22(水) 21:50
yogajol,ヨガジャーナルオンライン,更年期の不調と介護が重なった時、あなたが優先すべきことは｜経験者でもある私が伝えたいこと,https://news.yahoo.co.jp/articles/9ef56726439f920a54c8d5d832b4f1b2eb497cf9,2023/11/22(水) 21:20
yogajol,ヨガジャーナルオンライン,やっている人は要注意【お尻が横に広がる人のクセとは】3秒で効く！中臀筋引き締めエクサ,https://news.yahoo.co.jp/articles/961f8a6c1f7899a5b2c7a65d9bf237a450e107cd,2023/11/22(水) 20:55
yogajol,ヨガジャーナルオンライン,【寝相がいい人は要注意】ベッドでできる｜ぐっすり眠れてすっきり起きる「頑張らない」入眠準備,https://news.yahoo.co.jp/articles/21a2d34dad05b69b302de1853b5bba8a6ba30390,2023/11/21(火) 23:45
yogajol,ヨガジャーナルオンライン,【ガチガチ背中を根本から撃退！】背中のコリの原因は多裂筋？効果抜群セルフストレッチ,https://news.yahoo.co.jp/articles/1820e88e12bbf521d65ef10e3f6b832626d1c034,2023/11/21(火) 22:10
yogajol,ヨガジャーナルオンライン,腰のお肉の原因は骨盤にあり？【30秒・寝たまま足を揺らすだけ】くびれができる簡単エクサ,https://news.yahoo.co.jp/articles/cc8c00fcc28006ecdc9e6d1f4bef654913f5cfac,2023/11/21(火) 21:45
yogajol,ヨガジャーナルオンライン,分解できるのは日本人だけ？専門家が教える最新の腸活法「シンバイオティクス」鍵となる海藻の食べ方は,https://news.yahoo.co.jp/articles/1119c3ab895470a5816bfb77c61a7a05e896063d,2023/11/21(火) 21:40
yogajol,ヨガジャーナルオンライン,ガチガチの股関節と背中を同時にゆるめてスッと眠る！睡眠の質をアップする【寝る前1分ストレッチ】,https://news.yahoo.co.jp/articles/85fce096ddb731b5a7c410c399bbe91d638482fd,2023/11/21(火) 21:20
yogajol,ヨガジャーナルオンライン,疲れているから寝たい、なのに眠れない夜に【仰向けのままできる】スッと寝れる魔法の呼吸法,https://news.yahoo.co.jp/articles/1236d2834b5481dd1aeb2ac104a5ec301c5ac749,2023/11/20(月) 23:45
yogajol,ヨガジャーナルオンライン,【体が硬い人向けの股関節ストレッチ】下半身の冷えとむくみをとる初心者のための「トカゲのポーズ」,https://news.yahoo.co.jp/articles/38fdcff403804e713e8fc3cad8ede7af818fafc1,2023/11/20(月) 21:30
yogajol,ヨガジャーナルオンライン,【40代50代からの美尻作り】ペタンコ尻が丸くなる！股関節内に潤いを与える「ストレッチ＆エクサ」,https://news.yahoo.co.jp/articles/9d08daed0645ccb0456db04214c086b22ee93f47,2023/11/20(月) 21:30
yogajol,ヨガジャーナルオンライン,【ひと手間で3週間も長持ち】みかんを最後までおいしく食べ切る保存のポイント｜管理栄養士が解説,https://news.yahoo.co.jp/articles/819672dd8c71c27f2176dbdba4e83d0ff29afd9e,2023/11/20(月) 21:15
yogajol,ヨガジャーナルオンライン,【女性の髪の悩み座談会】憂鬱な白髪・薄毛問題「隠す、生かす」それぞれのつき合い方を本音でトーク,https://news.yahoo.co.jp/articles/87e1acddd2ec748c91a3836273937f5fa1c40ecf,2023/11/20(月) 21:05
yogajol,ヨガジャーナルオンライン,50歳からのお尻トレーニング｜ちょっときついけどたった10回◎お尻を引き上げる椅子エクサ,https://news.yahoo.co.jp/articles/b2d8bade8c712b64310eccfb5854ff6df5fd808b,2023/11/20(月) 20:50
yogajol,ヨガジャーナルオンライン,食べ物による窒息、半数は餅が原因。では残りの半数は？喉に詰まりやすい食べ物と予防策を栄養士が解説,https://news.yahoo.co.jp/articles/b8a7506ea8b7449751093d13fb5ae955ba3210b5,2023/11/20(月) 6:20
yogajol,ヨガジャーナルオンライン,丸く広がった背中をシュッとさせる！寝たままできてかなり効く美背中ゆるトレ3選,https://news.yahoo.co.jp/articles/70a193dc58abc67a3ade106da0b389ebf0dfd3a1,2023/11/19(日) 21:15
yogajol,ヨガジャーナルオンライン,ジェニファー・アニストン、ミランダ・カーetc.セレブたちのご自慢プロテインシェイクレシピ,https://news.yahoo.co.jp/articles/cbb4ab84694f5fee517d21ecca9b36ac5fa27c46,2023/11/19(日) 20:45
yogajol,ヨガジャーナルオンライン,ほんとに風邪？【意外と知らない風邪と肺炎の見分け方】肺炎に罹りやすい人の特徴は？薬剤師が解説,https://news.yahoo.co.jp/articles/73a47065e141419d0a5b9e59e48af4ac43b2e0e1,2023/11/19(日) 20:15
