media_en,media_jp,title_articles,link_articles,date_original
kurumans,くるまのニュース,自分の駐車場から「タイヤはみ出し」は違反？ タイヤ1個は？ SNS「警察署から注意を受けた」声も!? 道交法の答えは,https://news.yahoo.co.jp/articles/db345b983505b9ec1444cd0953984c96d0728f53,7/22(月) 9:10
kurumans,くるまのニュース,1200万円のトヨタ新「どこでも車中泊仕様」初公開！ 2階建“豪華”ホテル!? 斬新内装の「アストラーレGX4」とは,https://news.yahoo.co.jp/articles/48eb12d6fcfbbcc99f12407ef8e54622363f5533,7/22(月) 8:25
kurumans,くるまのニュース,ホンダが新型「スゴいSUV」初公開！ 4連六角形グリル×コの字ライト採用!? 新たな「パスポート」25年米国で発売,https://news.yahoo.co.jp/articles/69b19051fc91fee099a00061d383e3815d7ff665,7/22(月) 8:10
kurumans,くるまのニュース,茨城の高速道路「新路線」計画スタートに反響多数!?「渋滞すごいから助かる」「早く作って」日本最大級の臨海工業地域に直結「鹿行南部道路」のスゴさとは,https://news.yahoo.co.jp/articles/6d499e72e8c7c115128ac4d2d8fb7bac0f68597a,7/22(月) 7:40
kurumans,くるまのニュース,トヨタ新型「ルーミー」はいつ発売？ 全長3.7m級「背高＆スライドドア」採用で次期型に何を期待？ 「まもなく」と「27年」の噂… 販売店に寄せられる声は,https://news.yahoo.co.jp/articles/1d123813ba485949723e676ecfc8fd06776b2865,7/22(月) 7:10
kurumans,くるまのニュース,マツダ新型「“超幅広”SUV」公開！ トヨタ製「ハイブリッド」搭載で40％以上“燃費向上”!? 専用デザインもある「CX-50 H」加に登場,https://news.yahoo.co.jp/articles/de17df76aed6dbd4a37ac2da9e31c745111a5d1e,7/22(月) 6:40
kurumans,くるまのニュース,全長4.1m！ アンダー200万円のスズキ「コンパクト8人乗りミニバン」に反響多数!? 「こういうのでイイ」「日本で出して！」 質素すぎる「APV」に熱視線,https://news.yahoo.co.jp/articles/1480f6f5cb6b7b52eb4c88b473ce4a65faf168e2,7/22(月) 6:10
kurumans,くるまのニュース,三菱自動車と博報堂がタッグ！ アウトドアに特化したプラットフォームビジネスを行う新会社「NOYAMA」を設立,https://news.yahoo.co.jp/articles/7d204285c7029c32f1633f280468bd461303e4c5,7/22(月) 5:10
kurumans,くるまのニュース,「道路の白線」って何メートル？ 実は一般道路と高速道路で長さが違う！ 納得の理由とは？,https://news.yahoo.co.jp/articles/95cb4cb7783cc09b75a0148a75f300dc6e049948,7/21(日) 21:10
kurumans,くるまのニュース,トヨタ新「“3ドア”ハッチバック」実車展示！ 「画期的なユニット」搭載＆大迫力“専用エアロ”！  超進化した「GRヤリス 」イギリスで公開！,https://news.yahoo.co.jp/articles/fb045ef0aa78e7025d77196fe601195ae14e1c36,7/21(日) 20:10
kurumans,くるまのニュース,「おおお！危ない！」目の前でトラックが制御不能に!? NEXCOの衝撃映像に反響「どうしてこうなる」「すごいタイミング」なぜこんな事故が起きた？,https://news.yahoo.co.jp/articles/15bdd7c0cd0cd7ecf451d0b6c4432a3751ec99c7,7/21(日) 19:10
kurumans,くるまのニュース,小型ミニバン「シエンタ」「フリード」どっちがいい？ 価格や装備がかなり違う!? 「ライバル車」ベストな選び方とは,https://news.yahoo.co.jp/articles/14dc6764af7abb0d0094bbacbafda8027a093592,7/21(日) 18:10
kurumans,くるまのニュース,ダイハツ斬新「軽バン」がスゴイ！ “フラットフロア”に「車中泊好き」オジサンも大歓喜！ “タフなデザイン”も魅力的な「アトレー」とは？,https://news.yahoo.co.jp/articles/f3aa1d266687a04a235f5e05aa9a4b65711e3af2,7/21(日) 17:10
kurumans,くるまのニュース,トヨタ「新型ハイエース」登場する!? 20年目の「大人気“商用バン”」に「そのままでいい」声も！ 「超静音モデル化」には「賛否」アリ,https://news.yahoo.co.jp/articles/6fc9bbf9b3eb669e603880560202db53344cf528,7/21(日) 16:10
kurumans,くるまのニュース,日産の新型「スポーツハッチバック」初公開！ 「ダブル真紅」が鮮烈な「激スポーティ装備」発表！ 3年ぶり大幅改良の「ノートオーラNISMO」専用NISMOパーツ発売,https://news.yahoo.co.jp/articles/e278027a339e4732bed6ec232dc963783109b150,7/21(日) 15:10
kurumans,くるまのニュース,三菱「新型“最小級”SUV」発表！ 顔面刷新の「RVR後継機」！ 美麗ボディのコンパクトSUV「ASX」独に登場,https://news.yahoo.co.jp/articles/62f70f3d04be7710d15260a807f3506c24c95ef7,7/21(日) 14:10
kurumans,くるまのニュース,200万円台！ 日産が「新型“コンパクト”ミニバン」初公開！ 4.4m級ボディに3列7人乗仕様の「バネット」登場,https://news.yahoo.co.jp/articles/764ade678282c3d53997ff85513f8969fe31ddd1,7/21(日) 13:10
kurumans,くるまのニュース,何が変わった？ レクサスが「味を磨く」って！ 見た目は同じも中身は違う試作車？ レクサスが目指すモノとは,https://news.yahoo.co.jp/articles/a31da425795ec902ad6c0573e11bd54f521d55cb,7/21(日) 12:00
kurumans,くるまのニュース,マツダの「フェラーリ“軽”」!? ガルウィング＆MRの「和製スーパーカー」！ 旧車デザインの「LB40」とは,https://news.yahoo.co.jp/articles/9c932059e68cf45d6aea4848f5efdeecdc616041,7/21(日) 11:10
kurumans,くるまのニュース,「アルファード」サイズの新型「3列シートミニバン」発表！ 全長4.9m超え「超シンプルデザイン」がカッコイイ！ ながーーい「EQT」がドイツで登場,https://news.yahoo.co.jp/articles/e6c01689323c6f3f11348915e572dc6e2d2987a8,7/21(日) 10:10
kurumans,くるまのニュース,「シフトレバーにレジ袋」はダメ？ ゴミ箱代わりが「車の誤操作」の原因に？ レジ袋が危険な理由とは,https://news.yahoo.co.jp/articles/16bf68058ed57abd2b27a546b1ad29e0c0bcb792,7/21(日) 9:10
kurumans,くるまのニュース,トヨタ新型「“ヤリス”SUV」発表！ めちゃ速い「新ハイブリッド」搭載！ オシャグリーン＆専用デザインの新「プレミアムE」英に登場,https://news.yahoo.co.jp/articles/b89f7e2f22dfd86a0c4e6b542b875a21f8e22d1a,7/21(日) 8:25
kurumans,くるまのニュース,全長約3.7m！ スズキの「小さなSUV」何が魅力？ 軽より“ちょいデカ”「クロスビー」どんなモデル？,https://news.yahoo.co.jp/articles/d6cae39e2a4c1a1c3cfdbfdeb080dff8efc4b98a,7/21(日) 8:10
kurumans,くるまのニュース,トヨタ新「商用バン」がスゴい！ 斬新大口顔×6速MTもアリ!? アルファードとは違う!? 「プロエース」とは？ 日本人の反響は？,https://news.yahoo.co.jp/articles/1e748589814f93d1cf65d4741126900037ea7048,7/21(日) 7:40
kurumans,くるまのニュース,「謎のネコ耳」なんの意味がある？ タンクローリー車に付いている「角」の正体は？ 超重要な部品だった！,https://news.yahoo.co.jp/articles/78b67125e20737c952c360be42437d8514e93e78,7/21(日) 7:10
kurumans,くるまのニュース,スズキの衝撃作「ステーション“クーペ”ワゴン」に反響多数!?「可愛い」「欲しい」異色のフェンダーミラー＆ハイテク仕様の「WAKUスポ」がすごい,https://news.yahoo.co.jp/articles/b0e8a298d2703d26b275445b84ff376959a32c25,7/21(日) 6:10
kurumans,くるまのニュース,付けたら「ダサい？」 オーストラリア政府公認の「日本ナンバー」存在！ 漢字で「車」書かれることも… 現地の反響は？,https://news.yahoo.co.jp/articles/ac24a4c0e8d889ceaf587824abcf4e6ecbc96061,7/20(土) 21:10
kurumans,くるまのニュース,日産「新型スポーツコンパクト」初公開！ 俊敏さは“ポルシェ”級!? 新型「ノートオーラ“NISMO”」の進化点とは,https://news.yahoo.co.jp/articles/91f4267726fc121d7ef3b8c3436e146e1f6765da,7/20(土) 20:10
kurumans,くるまのニュース,レクサスが「新型スポーツカー」発表！ “6速MT”搭載×パワフルな「爆速ターボ」採用！ ド迫力の“304馬力”発揮する「新型MORIZO RR」とベース車「LBX」の違いとは！,https://news.yahoo.co.jp/articles/cfe53c0adfcc19288327d3f040081b6331ada38b,7/20(土) 19:10
kurumans,くるまのニュース,スズキ新「2階建てジムニー5ドア」実車初公開！ 大人４名で「快適車中泊」可能!? 斬新仕様を展示した理由とは,https://news.yahoo.co.jp/articles/1354795db81bf3e1e351828bdffee6a51e523f8d,7/20(土) 18:10
kurumans,くるまのニュース,ダイハツ 斬新「軽バン“車中泊仕様”」初公開に大反響！ “大人2人余裕”の巨大ベッド＆テレビも搭載！ オシャ内装の「バンテック・ルネッタ」に熱視線！,https://news.yahoo.co.jp/articles/3761349a10177f3c2954445a6c03491a94bc6b83,7/20(土) 17:10
kurumans,くるまのニュース,アンダー210万円！ ホンダ「新型エントリーSUV」登場！「ちょうどイイサイズ」にめちゃ広い室内がスゴい!? 新型「WR-V」どんなモデル？,https://news.yahoo.co.jp/articles/334b28c00afb2ce6f7678c18874192f778fc2b3c,7/20(土) 16:10
kurumans,くるまのニュース,新型「スタイリッシュSUV」発表！  美麗クーペボディ＆芸術的内装がカッコイイ！ 高級感マシマシの「408」登場,https://news.yahoo.co.jp/articles/797dae9cba60aa5f10f02c4f40cbd6423d95a92e,7/20(土) 15:10
kurumans,くるまのニュース,声援や歓声で「罰金5万円!?」なぜ？ 大黒埠頭の「違法ドリフト」問題、ギャラリーも罰則あり!? 実態は？,https://news.yahoo.co.jp/articles/8ba58ff547243bb3e492e9679c23e1ee92359de7,7/20(土) 14:10
kurumans,くるまのニュース,マツダ11年ぶり「ロータリー搭載車」復活！ 「2ドアクーペ」ライクな流麗ボディ＆“画期的なユニット”搭載！ “全長4.4m”のコンパクトな「MX-30」とは？,https://news.yahoo.co.jp/articles/2688456b981a5c98987afc7742165c06ecf38e62,7/20(土) 13:10
kurumans,くるまのニュース,トヨタ「爆速スポーツワゴン」再臨か!? “激アツ”高性能ターボ×4WDの「GT-FOUR」に待望の声！ 次期「カルディナ」復活では“GRブランド”導入の可能性も!?,https://news.yahoo.co.jp/articles/767038d07f1743f3d7ce4ce0b1aee1b33e50e94a,7/20(土) 11:10
kurumans,くるまのニュース,115万円から！ 日産「新型コンパクトSUV」発表に大反響！ 日産“唯一”の生き残りに称賛の声！ MTあり＆全長4m以下の「新GEZA」印での登場に反響アリ,https://news.yahoo.co.jp/articles/3cdc32225e28f0d74f4d8a977f9c0d5e708a1da4,7/20(土) 10:10
kurumans,くるまのニュース,なぜキャンプ場で「車中泊」お断り？ オートキャンプとの違いは？ 利用者トラブルは減った？ 現状いかに,https://news.yahoo.co.jp/articles/58a8bd969772599f86569c9d6723006bb21a43c2,7/20(土) 9:10
kurumans,くるまのニュース,スバルが新型「4ドアセダン」世界初公開！ 真っ黒ボディの「プロジェクトミッドナイト」がめちゃスゴい！ “最速マシン”英で爆走,https://news.yahoo.co.jp/articles/c7df1b60cbbeabc5420f9050198d2dace0838f9a,7/20(土) 8:10
kurumans,くるまのニュース,軽で“4人”寝られる!? ダイハツ「2階建て軽トラ」実車展示！ 「めちゃ広＆快適」な車中泊出来るハッピーなクルマとは,https://news.yahoo.co.jp/articles/b37eecba0e21aa9b5abde0f1d842e069f47239bd,7/20(土) 7:40
kurumans,くるまのニュース,「ダメ、ぜったい！」 暑い日の車内に「置きっぱなし」は超危険！ 「爆発」の可能性も…！ 放置したらいけないものとは？,https://news.yahoo.co.jp/articles/f1141bd98975573e21a1ca02cae0776eaceb1fa3,7/20(土) 7:10
kurumans,くるまのニュース,5速MTあり！ 約130万円のダイハツ「5ドアコンパクトカー」実車公開！ 全長3.8m切り＆めちゃ「スタイリッシュボディ」採用！ 精悍「AYLA」インドネシアで展示,https://news.yahoo.co.jp/articles/b128f8aebe460c1b97e9e3760cafb6b89896e178,7/20(土) 6:10
kurumans,くるまのニュース,日産が「”新”SUV」発表！ 美麗ボディの「スカイライン“クロスオーバー”クーペ」!? 豪華内装も超カッコイイ「QX55」米に登場,https://news.yahoo.co.jp/articles/8ae40334a51179908992f3ffed4dd7bfe2907913,7/19(金) 22:10
kurumans,くるまのニュース,「縁起の良い数字」のナンバープレートとは？ “13種類”の人気番号ってなに？ 「358」の気になる意味は？,https://news.yahoo.co.jp/articles/6708acbc0bc308526d9810bdd262610952650034,7/19(金) 21:10
kurumans,くるまのニュース,三菱が「新型アウトランダー」を初公開へ!? 3年ぶり「マイナーチェンジ」実施か！ 「威風堂々」な「新型SUV」マドリードで公開へ,https://news.yahoo.co.jp/articles/3848cebe63162d640513af5e0275b153f8d4919d,7/19(金) 20:25
kurumans,くるまのニュース,トヨタが新型「FRスポーツカー」発表！ 特別な「グリーン×タン内装」がカッコいい！ めちゃ上品な「“緑”ハチロク」特別モデルで復活！,https://news.yahoo.co.jp/articles/a229834c5a10edeccf886571a63193433f8bfdd3,7/19(金) 20:10
kurumans,くるまのニュース,日産の新型「コンパクトミニバン」に大反響！ “220万円台”から＆「斬新メーター」採用！ “車中泊仕様”や“商用バン仕様”もスゴイ「NV200バネット」発表,https://news.yahoo.co.jp/articles/68afa4bfa144aa47a12f7e9d573a7b6c5cb330d7,7/19(金) 19:10
kurumans,くるまのニュース,トヨタ「“次期型ハイエース”」どうなる!? 「新型に期待」「そろそろ？」の声多数!? デビュー20年目の「大人気“商用バン”」全面刷新するのか,https://news.yahoo.co.jp/articles/3fd3d5d4aa7479f8671eef9eb61ee257404ecec4,7/19(金) 18:10
kurumans,くるまのニュース,スズキが「新型“コンパクトSUV”」を公開！ 全長4.3m級ボディ＆「斬新シフト」採用！ 2025年に「日本発売」も予定の「eVX」尼で展示,https://news.yahoo.co.jp/articles/b89d34d56b89dfc53c0eb2ea20c6724424863892,7/19(金) 17:40
kurumans,くるまのニュース,スズキ「ジムニー」販売終了!? 900台限定「ホライゾン」が最後の仕様に？ 衝撃発表がドイツで、今後はどうなる？,https://news.yahoo.co.jp/articles/64f0cefba6e5c25b518b62654cc9e87109dd4177,7/19(金) 17:10
kurumans,くるまのニュース,調布＆多摩から夢の「国道16号直結」実現近し!? 4車線＆立体交差化「南多摩尾根幹線」最後の「未開通区間」はどうなっているのか,https://news.yahoo.co.jp/articles/5eb1866a008380f990685228576155c62929c8fb,7/19(金) 16:40
kurumans,くるまのニュース,マツダの新型「MAZDA3“スポーツ”」公開に反響多数!? 迫力リアウィングが超カッコイイ！ 「初代アテンザスポーツっぽい」声もある「セダン」登場へ,https://news.yahoo.co.jp/articles/e0d18a7a9381f7979252b033d267c1e434ec843c,7/19(金) 16:10
kurumans,くるまのニュース,トヨタ「“新型”パンダトレノ」実車公開！ 伝説の「AE86」完全再現した“スゴイハチロク”登場！ どんなモデル？,https://news.yahoo.co.jp/articles/02bd560c518a41a20156ff25459be9fd2c78f211,7/19(金) 15:10
kurumans,くるまのニュース,なぜ停止線のずっと手前で「止まる人」存在？ 「前空いてますよ…」 あえてスペースを空ける理由は？,https://news.yahoo.co.jp/articles/7efe70bbb56351bc755a35b72ff829a96424a4cb,7/19(金) 14:50
kurumans,くるまのニュース,日産「新型コンパクトミニバン」初公開！ 「“斬新”メーター」新搭載＆「車中泊」仕様も設定！ 商用バン仕様もある新型「NV200バネット」約223万円から発売,https://news.yahoo.co.jp/articles/7e6b7449834bcff07784ab4bf037561e053a7283,7/19(金) 14:00
kurumans,くるまのニュース,マツダ“新”「小さな高級SUV」発表！ 全長4.4m級「ちょうどイイサイズ」に上質内装採用！ 新型「CX-30」機能向上し発売,https://news.yahoo.co.jp/articles/1e8060732253776cae15def378cdc487cf5f0e96,7/19(金) 13:10
kurumans,くるまのニュース,ホンダ新型「“小さい”ミニバン」登場！ 4WD性能も大進化 ＆ 3列目の乗り心地も「GOOD！」 “FF VS 4WD”実際どうなのか？,https://news.yahoo.co.jp/articles/afba4a117516683c8f50510cd6a85b0a545a56f8,7/19(金) 12:50
kurumans,くるまのニュース,スズキ新型「アルト」まもなく登場!? “超”軽量化で「600kg以下」に？ めちゃ楽しそうな「ウルトラライト軽」誕生か,https://news.yahoo.co.jp/articles/dc7c8693c6700ffe8f01726f7e3cff5a0a933020,7/19(金) 12:30
kurumans,くるまのニュース,新たな日産「R34 スカイライン GT-R」誕生！ 究極のRB26搭載×ボルト1本までカスタム!?  5500万超えの最強モデルとは,https://news.yahoo.co.jp/articles/ab44e5a2df8180569b8fddb715b32f98231fb9ee,7/19(金) 12:10
kurumans,くるまのニュース,スズキ新型「SUV」発表！ 4.3m級ボディ＆MT設定あり！ 約470万円の“SX4後継機“！ 安全装備も進化の「エスクロス」西に登場,https://news.yahoo.co.jp/articles/ee5f50d943734673649b47432986e89597e7360b,7/19(金) 11:50
kurumans,くるまのニュース,ホンダ「小さな高級車」がスゴい！ 全長4m級“ちょうどいいサイズ”に「クラス超えた豪華内装」採用！ めちゃ上質な「フィット」はどんなモデル？,https://news.yahoo.co.jp/articles/6c920f3b2e5d5c36bfa8df714c4c7d2361a8837a,7/19(金) 11:10
kurumans,くるまのニュース,6速MT搭載！ トヨタが新型「FRスポーツカー」公開！ 2.0Lエンジン廃止の「2ドアクーペ」！ 大排気量“直6”搭載の「スープラ」米で今秋発売,https://news.yahoo.co.jp/articles/91d8f1f2cb9a0cf418b0eea5a8ae9cc590a0ca87,7/19(金) 10:10
kurumans,くるまのニュース,なぜ「月極」は「駐車場」だけに使う？他業種で 「つきぎめ」が用いられない理由は？ 最近は減っている？,https://news.yahoo.co.jp/articles/0c4192eb40c780b0a31e40b0c917540bcaf49656,7/19(金) 9:10
kurumans,くるまのニュース,330万円！ スバル新型「SUV」公開！ “黒”増した「アーバンS」！ スポーティな“水平対向エンジン”搭載の「フォレスター」に販売店でも反響アリ,https://news.yahoo.co.jp/articles/8da5db7f6dfcc174883908eb35e95b467047bacc,7/19(金) 8:40
kurumans,くるまのニュース,ホンダ新型「“スゴイ”軽バン」実車公開！ 斬新1人乗り＆2人乗りも設定もある「走る電源」!? 「N-VAN e：」登場,https://news.yahoo.co.jp/articles/ec8f1355609588467464811d200d6983065bbbef,7/19(金) 8:10
kurumans,くるまのニュース,「PAで花火鑑賞やめてください」異例の「閉鎖措置」へ!? 会場見下ろす“穴場スポット”で長時間占拠が問題に 愛知,https://news.yahoo.co.jp/articles/df11e5e11bb502a4383b07d6ee022adea561385c,7/19(金) 7:40
kurumans,くるまのニュース,日産「唯一の4ドアセダン」どんな人が買う？ 手組みエンジン搭載で「最強仕様」も話題に！ まもなく70周年の「スカイライン」の現状,https://news.yahoo.co.jp/articles/56f130ea1a56b0e83abc4967db717da6fb9d9724,7/19(金) 7:10
kurumans,くるまのニュース,スズキ新型「ジムニー5ドア」まもなく実車初展示！ 大人2名が寝れる「快適スペース」追加した“広々モデル”に反響あり！ ルーフが「パカッ」と開く“快適仕様”とは,https://news.yahoo.co.jp/articles/530b2eb7f0a91cf97e1af53304868924334c516e,7/19(金) 6:40
kurumans,くるまのニュース,トヨタ新型「“タフ”ミニバン」発表に大反響！ 斬新“大口顔”が「超カッコイイ」と話題に！ MT＆アンダー320万円設定ありの「プロエース“シティ”」墨に登場,https://news.yahoo.co.jp/articles/451328f4761bac5f21acf5fa3af67625d85917c7,7/19(金) 6:10
kurumans,くるまのニュース,「休憩したいのに停められない…」「中で寝てるクルマ多すぎ！」高速道路SA／PAでの「車中泊」は迷惑行為？ では「しっかり眠りたい」時はどうすれば良い？,https://news.yahoo.co.jp/articles/6071cc8230474c9e2025cb0f4a45d69063e26670,7/19(金) 5:50
kurumans,くるまのニュース,美しすぎる新型「爆速スポーツカー」世界初公開！ 専用開発の「V型10気筒エンジン」搭載で“1200馬力”を発揮！ まさに公道を走る“戦闘マシン”新型「RB17」とは,https://news.yahoo.co.jp/articles/d1a119f7895b312074e4fb5b09007ee4254b5069,7/18(木) 22:10
kurumans,くるまのニュース,トヨタが本気で「寝ること」を考えたシートを開発!? 理想の睡眠を求めた「TOTONE」で実際に”寝落ち”体験してみた,https://news.yahoo.co.jp/articles/ae97c26db6a6705885e42fe3a5aee33cf8624e5a,7/18(木) 21:25
kurumans,くるまのニュース,2000万円の「超高級ミニバン」が信じられない姿に!? 納車2週間で起きた“悲報”に「クルマがかわいそう…」の声も 人気YouTuberラファエルが事故を報告,https://news.yahoo.co.jp/articles/b0bed0b16c1f1d73ef1ebe83b8c523c756c041ea,7/18(木) 21:10
kurumans,くるまのニュース,横浜ゴム「アドバン」の4アイテムがさらに探しやすくなった「ADVANラインアップ・スペシャルサイト」がプレオープン！,https://news.yahoo.co.jp/articles/f4bd39b7089e85e6a95d6a65c729f1fdafc729d5,7/18(木) 20:40
kurumans,くるまのニュース,ホンダが新型「スゴいSUV」発売！ 日本初の“画期的システム”新採用した「新型CR-V」登場！ ギラッと輝く「メッキ仕様」の純正アクセサリー発売！,https://news.yahoo.co.jp/articles/73fc5988cf6145193329d1208ec863222c04bcb2,7/18(木) 20:25
kurumans,くるまのニュース,レクサス国内初「“6速MT”スポーツカー」に大反響！ 300馬力オーバーの「爆速ターボ」＆豪華インテリア採用！ 新型「LBX MORIZO RR」発表に熱視線,https://news.yahoo.co.jp/articles/8e0d20b380ae6658e0b228fda9782e35f4fc71f7,7/18(木) 20:10
kurumans,くるまのニュース,ホンダ新型「スゴいSUV」に反響多数!? 「ついに」「デザインが好き」 2年ぶり復活で「画期的ユニット」採用！ 新型「CR-V e：FCEV」発売,https://news.yahoo.co.jp/articles/d919f748a654e49ead76c511ab78743feae05d23,7/18(木) 19:40
kurumans,くるまのニュース,トヨタ新型「“2階建て”ハイラックス」実車公開！ 3人用の「快適空間」を“完全一体化”！「ルーフテント」や「シェル」搭載車とは違う「めちゃ凄いモデル」とは！,https://news.yahoo.co.jp/articles/1244629575d70a4ef919b63beedf04e37c7c5bc9,7/18(木) 19:10
kurumans,くるまのニュース,全長4.9m！ ダイハツの「最大・最高級車」なぜ生産終了？ 23年の歴史を持つ「フラッグシップ」消滅に驚きの声！ カッコいい「正統派セダン」の姿とは,https://news.yahoo.co.jp/articles/7cdaf1a9747697485645085594a5070c256e490f,7/18(木) 18:10
kurumans,くるまのニュース,相模湖IC～橋本直結!? 夢の短絡ルート「津久井広域道路」どこまで進んだのか 小仏も八王子JCTも全部スルー!?「保土ヶ谷バイパス直結」実現可能性は,https://news.yahoo.co.jp/articles/c98b180206b52d9794403ebaf891d80e4b94f5f8,7/18(木) 17:40
kurumans,くるまのニュース,ホンダが「“赤い”新型プレリュード」実車展示！ 22年ぶり復活「2ドア“スペシャリティ”クーペ」25年に登場！ 流麗すぎな「斬新モデル」英国で披露,https://news.yahoo.co.jp/articles/6f6e72dd035d0da9d9ca5ffb9f69c1fff948a46f,7/18(木) 17:10
kurumans,くるまのニュース,日産「新型 オーラNISMO」初公開！ まるで”国産ポルシェ”な「小さい高級車」！ GT-Rチューンな4WDも新搭載の「すごいノート」の実力とは,https://news.yahoo.co.jp/articles/2a77144a18f3567f8771bb6d471d6c358cf4a554,7/18(木) 16:40
kurumans,くるまのニュース,ニッサン新型「ノートオーラ“NISMO”」初公開！ 俊足「スポーツハッチ」に“4WD”新設定！ マイチェンでどこが「変わった」？,https://news.yahoo.co.jp/articles/adc1eec1809672c90bc0235cdffba46e8da5edd7,7/18(木) 16:00
kurumans,くるまのニュース,三菱が新型「“2階建て”SUV」公開!? タフ感高めた「車中泊仕様」！ 6速MTもある「トライトン」のオーバーランドスタイル泰で登場,https://news.yahoo.co.jp/articles/a3cc305a393b5f402589dbc4c8789ec375110e7e,7/18(木) 15:10
kurumans,くるまのニュース,クルマのミラーにある「謎の突起物」なんの意味？ 触って大丈夫？ なにが起きる？ いつも目にする出っ張りの正体,https://news.yahoo.co.jp/articles/4b442b0ce8ae196d51d2f621e95994d51318dc07,7/18(木) 14:50
kurumans,くるまのニュース,トヨタ新型「スポーツコンパクト」初公開！ 全長4.3m以下ボディに「オシャグリーン」採用！ 豪華「ベージュ内装」もイイ「GR86」登場,https://news.yahoo.co.jp/articles/b532adc81701ea20d5a190f247e9ed5698775192,7/18(木) 14:10
kurumans,くるまのニュース,走りが全然違う！ レクサスが新型「LBX MORIZO RR」発表！ 高級車の概念を変える隠し玉!? 試乗した印象は,https://news.yahoo.co.jp/articles/240f600ad0eef5d305e750b6a67d98524df2fd20,7/18(木) 13:45
kurumans,くるまのニュース,6速MTあり！ レクサスが「新型LBX “スポーツ仕様”」発表！ 304馬力「爆速ターボ＆4WD」×クラス超え「上質インテリア」採用！ 特別な「MORIZO RR」8月発売,https://news.yahoo.co.jp/articles/58343c3b88d3a10856137667ad259d2ebae91b6c,7/18(木) 13:30
kurumans,くるまのニュース,もう我慢の限界！ ついに始まった「江の島封鎖」に反響多数!?「英断です」「検挙すべき」騒音など被害収まらず「ゲート閉門」夜間に無期限実施,https://news.yahoo.co.jp/articles/d2b547c4b29580809f30ab0d269b8e24cb1bea90,7/18(木) 12:50
kurumans,くるまのニュース,斬新「“むき出し”すぎ運転席」採用！ ホンダ「1人乗りスポーツカー」に「ワクワクする」の声！ V4エンジン搭載の「Project 2&4」に反響集まる,https://news.yahoo.co.jp/articles/2365963a650a939162fdc46ca8ade1d2ddf62516,7/18(木) 12:30
kurumans,くるまのニュース,トヨタ「ゴツい2人乗りマシン」公開！ 屋根なし＆オフタイヤの斬新見た目！ 同時にレクサス「“ミニ”LX」にも熱視線！ どんな特徴が？,https://news.yahoo.co.jp/articles/b361f71c7395767be2e3845052f2c19a4e6e9c64,7/18(木) 12:10
kurumans,くるまのニュース,ダイハツ「“爆速”軽ハッチバック」がヤバい！ 5速MT＆「スポーツカー用ターボエンジン」搭載！ “本気（マジ）仕様”のめちゃ速そうな「ミライース」 とは？,https://news.yahoo.co.jp/articles/8b652c68b25bbe0e1b40e6d0447741695fcf9513,7/18(木) 11:50
kurumans,くるまのニュース,「暑い車内」”爆速“で冷やしたい！ 「最速でクルマを冷やす」方法は？ 「夏の車内」は”1時間“でどれほど熱くなる？ クルマ×猛暑の実験結果とは,https://news.yahoo.co.jp/articles/4bdfcb7625ddf2aea6a54177d5004d93d1202a72,7/18(木) 11:30
kurumans,くるまのニュース,ホンダ新型「スゴイSUV」発表！ 日本初の“画期的ユニット”搭載！ “2年ぶり復活”の「CR-V」発売へ,https://news.yahoo.co.jp/articles/cd55dacda39866c580f6a399fdd02c00ef518b48,7/18(木) 11:00
kurumans,くるまのニュース,スズキの「新型パワートレイン」初公開！ 次期型「アルト」に「ジムニーEV」も登場か!? 期待高まる「10年先を見据えた技術戦略」発表,https://news.yahoo.co.jp/articles/60b10ba1d55f7096bd3d57bdd2bfd058598cfd8d,7/18(木) 10:40
kurumans,くるまのニュース,トヨタ新型「ハチロク “箱根エディション”」登場！ めちゃカッコいい「グリーンカラー×ブロンズホイール」採用！ 新型「GR86」米国で発売へ,https://news.yahoo.co.jp/articles/15241048838ce3eeb47c47f33ad4b09a057cbe7a,7/18(木) 10:10
kurumans,くるまのニュース,トヨタ「ヴェルファイア」を超簡単にパワーアップ！ HKS「Power Editor」登場,https://news.yahoo.co.jp/articles/c462f775dd568a2f340d1cc21221bc5fde4de956,7/18(木) 9:40
kurumans,くるまのニュース,シートベルトに付いてる「謎のボタン」何の意味？ 「大切なモノ」だった？ 意外と知らない役割とは,https://news.yahoo.co.jp/articles/2170d919653a2167f3263570da6a0067df2668a4,7/18(木) 9:10
kurumans,くるまのニュース,“よゐこ”濱口の愛車「斬新・2階建て軽トラ」実車公開！ オシャレすぎ「ベージュ＆カーキ」がカッコイイ！ めちゃ画期的な「スゴい軽トラ」を披露,https://news.yahoo.co.jp/articles/48b8a0c0fa43aacbc784186ac0f67225bfc74da8,7/18(木) 8:25
kurumans,くるまのニュース,トヨタ「クラウン“軽”」公開に大反響！ シリーズ初の「軽」は斬新ボディ＆“画期的”な素材を採用！ 「ランクル“軽”」にも熱視線！,https://news.yahoo.co.jp/articles/f6ad7ff40bb33266f1aa5dfba36bedf2904c00f2,7/18(木) 8:10
kurumans,くるまのニュース,衝撃の大改革!? 高速道路の「新・深夜割引」開始まで「あと9か月」に決定!?「爆走で距離稼いでも損するだけ」条件増えたその中身とは,https://news.yahoo.co.jp/articles/cbbd625dc6920363f11876fd1951db0df8bd726c,7/18(木) 7:40
kurumans,くるまのニュース,日産の「斬新コンパクトミニバン」が凄い！ トヨタ・ホンダに対抗!? 「ベッド仕様」に注目！ 「小さな3列車」どんな人が買う？,https://news.yahoo.co.jp/articles/b3add1d51cafa2d985c347fd42399c13e5b219e6,7/18(木) 7:10
kurumans,くるまのニュース,4人乗りの日産「最上級セダン」存在していた!? クラス超え「豪華インテリア」×“画期的”すぎる技術採用！ 「バブル真っ最中」に披露されたモデルとは,https://news.yahoo.co.jp/articles/e1397400921180c8b57727651dea7a2827e262f5,7/18(木) 6:40
kurumans,くるまのニュース,トヨタ「商用バン」爆売れ中!? 半年で「シェア圧倒的No.1」も！ さらに人気拡大の「プロエース」シリーズがポーランドで好調,https://news.yahoo.co.jp/articles/fcb3d551934ee369469b34eee09b03d7cb5212d2,7/18(木) 6:10
kurumans,くるまのニュース,暑いと「ガソリンが“腐る”」って本当？「激臭」を放つ“謎現象”の対策とは！ 放置すると「クルマの損傷」引き起こす可能性も,https://news.yahoo.co.jp/articles/dca90b920c575fae415d5e2f374e8780a797a7a6,7/18(木) 5:50
kurumans,くるまのニュース,5速MTのみ！ 新型「小さなスポーツカー」発表！ 全長4m以下の「小型ボディ」にパワフルな「ターボ」搭載！ 衝撃の「本格スポーツ仕様」は695最後のモデル,https://news.yahoo.co.jp/articles/8a0228ecda8fae62ae9445b1aa39ac9e3ec8824b,7/17(水) 22:10
kurumans,くるまのニュース,ホンダ新型「シビック」公開に反響多数!?「かっこいい」「素直に良いクルマ」パワー強化で精悍デザインに大変貌「2025年モデル」米で発表,https://news.yahoo.co.jp/articles/31e7da0f85fa9697bc601eb985e7d3c7ca15cceb,7/17(水) 21:10
kurumans,くるまのニュース,全高2m超え!? スズキ新型「“2階建て”ジムニー5ドア」開発！ 大人2名の「快適スペース」を追加で拡張！ まもなく「実車」お披露目へ,https://news.yahoo.co.jp/articles/9fc8d31fab9cdf1ad1aa7996c2ccefdaaabcf21a,7/17(水) 20:10
kurumans,くるまのニュース,トヨタ「クラウン“オープン”」実車展示！ ピッカピカに輝くド派手ボディがスゴい！斬新すぎる「彫刻仕様」どんなモデル？,https://news.yahoo.co.jp/articles/e9f1bcd8b703e0d0df44f50cedda471d95e48d6a,7/17(水) 19:10
kurumans,くるまのニュース,トヨタとスバルの「兄弟スポーツカー」同じ車体＆エンジンなのに何が違う？ 新型「GR86／BRZ」速攻乗り比べ！ “走りの差”はいかに？,https://news.yahoo.co.jp/articles/999f47b64e093eb55dd9632383a118d2167e19b5,7/17(水) 18:40
kurumans,くるまのニュース,マツダが新「凄いハッチバック」実車展示！ 迫力エアロ装着で「マツダ3」市販化も!? 「MAZDA SPIRIT RACING 3」が長野に,https://news.yahoo.co.jp/articles/c7a1ae3ab9679452b2e5f011efb16999a757fa6c,7/17(水) 18:10
kurumans,くるまのニュース,スバル新型「BRZ」登場！ MT車に新設定の「SPORTモード」がスゴい！ 自由自在に操れる“ふたつの個性”とは？,https://news.yahoo.co.jp/articles/59096940a611f8db23257be218b3cc6ffafe4677,7/17(水) 17:30
kurumans,くるまのニュース,トヨタが「新型GR86」発表！ 「走りの変化」が凄い！ 「登場“3年目”の改良」で何が変わった？,https://news.yahoo.co.jp/articles/0eecfabe6c7c2d301c1062462a76af5db9e52144,7/17(水) 17:00
kurumans,くるまのニュース,「見づらいんですが…」 一時停止“超えての停止”は違反？ どうやって通行すべき？ 警察も呼びかける「正しい方法」とは,https://news.yahoo.co.jp/articles/92b391c63f227c15b6c789d38d049e802f7cd9bc,7/17(水) 16:40
kurumans,くるまのニュース,ホンダ新型「セダン」登場！ 史上最も“パワフル”な「スポーティセダン」！ 顔面刷新で“ド迫力顔”になった「シビック」加で生産開始,https://news.yahoo.co.jp/articles/c6985a2c71180c81174f9b103d0c60170ee0c1df,7/17(水) 16:10
kurumans,くるまのニュース,【試乗】グッドイヤーの新世代オフロードタイヤ「ラングラー デュラトラック RT」登場！ 実用域から非日常域まで体験,https://news.yahoo.co.jp/articles/bc204d7bee1d0ecfe43f48da0f48cc3905604519,7/17(水) 15:40
kurumans,くるまのニュース,「言うな！」妻に内緒でトヨタ新型「ランクル250」購入!? 極楽とんぼ「山本圭壱」の“ヒミツ”をスタッフが暴露,https://news.yahoo.co.jp/articles/f14fe873983635d5aa08c3dd91eedd185c8e44d4,7/17(水) 15:10
kurumans,くるまのニュース,「覆面パトカー」どう見分けてる？ 「すぐわかる」「クルマの動き」意見多数!? 一般車との「決定的な違い」に反響の声,https://news.yahoo.co.jp/articles/587b1ec2952623ed921a73860280b523322e7661,7/17(水) 14:50
kurumans,くるまのニュース,トヨタ「“12人乗り”アルファード」を発見!? “全長7ｍ超”ボディ＆豪華な「独立シート」装備！ 「大型テレビ」も搭載のスゴイ贅沢な「カスタムコースター」とは？,https://news.yahoo.co.jp/articles/d326d4879879c013755a814808b152b0fde771f3,7/17(水) 14:10
kurumans,くるまのニュース,トヨタ新型「“2階建て”ハイラックス」公開！ 家族3人が「車中泊」OK!? ゴツ顔キャンパー「FTポーター」お披露目,https://news.yahoo.co.jp/articles/a0429cde05653f0a13392dc19d2cd5624eacbade,7/17(水) 13:10
kurumans,くるまのニュース,「ちょっとクルマ貸してよ」実は破滅の危険も!? 自動車保険「持ち主以外が運転」の落とし穴とは!? どういう契約だと「他人に貸して事故」も補償されるの？,https://news.yahoo.co.jp/articles/a18a01e69c2ab352bf87ec0c1bdd33163d4fe60c,7/17(水) 12:50
kurumans,くるまのニュース,全長4.2m級のマツダ「”4人乗り”スポーツカー」!? 豪華ソファシート＆”斬新”ハンドル採用！ 画期的ユニット搭載の「リューガ」とは,https://news.yahoo.co.jp/articles/6f7dc85e221e7077629f3cf048246c38196b2dd5,7/17(水) 12:30
kurumans,くるまのニュース,ホンダ「ライフ」復活!? 軽から小型車で「既視感ある見た目」 手動サイドも採用!? 現状は？ 中国で展開,https://news.yahoo.co.jp/articles/437487dc6e2ce316ebf562e96989df6c5bc42be3,7/17(水) 12:10
kurumans,くるまのニュース,トヨタ新型「クラウン“カブリオレ”」!? 2ドア化した「美麗ボディ」が超カッコイイ！ ド迫力「スポーツ“オープン”モデルCG」の現実性とは,https://news.yahoo.co.jp/articles/008c287b347b093e8351bccdf313ed3d39a21b23,7/17(水) 11:50
kurumans,くるまのニュース,スズキが“新たな”「技術戦略」公開！ “10年先” 見据えた画期的「計画」とは,https://news.yahoo.co.jp/articles/73f70be1d8e98c612cdefe077206635cce754407,7/17(水) 11:30
kurumans,くるまのニュース,6速MT搭載！ 新型「4ドアスポーツカー」に反響多数!? 「乗りたい！」「買います！」 「匠の手作り」ボディ×“旧車風”丸目4灯の「M55 C」とは,https://news.yahoo.co.jp/articles/264d41d8320512418ad639ead3ef18802fd48edb,7/17(水) 11:10
kurumans,くるまのニュース,5速MT搭載！ トヨタが「超スゴい86」を初公開！ 伝説の“パンダトレノ”ボディに「画期的エンジン」採用!? 「GRトレノ」な「強強マシン」を披露,https://news.yahoo.co.jp/articles/b1ce72c4ea2a1404b01534200a67e8236bb2741a,7/17(水) 10:10
kurumans,くるまのニュース,クルマの原価50％以上をソフトウェアが占める時代に？ メカ製品”だけじゃない”デンソーが戦うための戦略とは,https://news.yahoo.co.jp/articles/ea036c889d5e9e4f83e1aaa5e7445d03eb65a7f0,7/17(水) 9:40
kurumans,くるまのニュース,コンビニの「前向き駐車」なぜ呼びかけ？ 無視すると違反？ 罰則は？ そもそも「なぜ前向き」なの？ バック駐車がダメな理由,https://news.yahoo.co.jp/articles/bb1e2f1f6bfb3b69ab4083c3e4f851cc36910ece,7/17(水) 9:10
kurumans,くるまのニュース,110万円で5人乗り！ 全長3.2mのスズキ「超小型ミニバン」がスゴい！ “軽より小さい”旧車ボディ×めちゃシンプル装備!? 割り切りすぎたスズキ「パキスタン製バン」とは,https://news.yahoo.co.jp/articles/5530ed4895b75e5e4cb73c3e86dcb6325050819a,7/17(水) 8:25
kurumans,くるまのニュース,ニッサン新型「“車中泊”バン」初公開！ 斬新「堂々マスク」もはや“次期エルグランド”!? 広大「寝床」搭載の新型「インタースター」ドイツで展示,https://news.yahoo.co.jp/articles/8fe1481b19e6e7c2ad6b1b2c592bc84ebda65a88,7/17(水) 8:10
kurumans,くるまのニュース,“地獄渋滞”名神の救世主「名岐道路」に反響多数!?「一刻も早く開通して」悪名高い「一宮JCT」スルー！ 名古屋高速を「東海北陸道」へ延伸,https://news.yahoo.co.jp/articles/391ac370d374466090de9eb544b66855124c984e,7/17(水) 7:40
kurumans,くるまのニュース,ホンダが斬新タテ目の「新型スポーティSUV」24年発売！エックスフェイス×カクカクデザイン採用!? 「S7」スペック新公開！ 中国に投入へ,https://news.yahoo.co.jp/articles/a988ed3f26fa9c4b94c9057372c83ea588792f53,7/17(水) 7:10
kurumans,くるまのニュース,スバル新型「爆速スポーツセダン」発表に反響多数！ 「欲しい」「MTあるの!?」の声！ 特製STIチューン＆水平対向エンジン搭載の「WRX tS」米国で登場,https://news.yahoo.co.jp/articles/4f9469dcab16426cb4191a39faf973e3af501dfd,7/17(水) 6:40
kurumans,くるまのニュース,トヨタ新型「FF最大・最上級セダン」公開！ “顔面ほぼグリル”な「プロナード」後継機！ 顔面刷新の「アバロン」中国に登場,https://news.yahoo.co.jp/articles/217a6867d17a954ab08409ad43fdb2a5e33ef53c,7/17(水) 6:10
kurumans,くるまのニュース,日産が「新型スポーツSUV」発表！ 赤エアロ×超静音の電撃“クロスオーバー”近日発売!? NISMO復活で欧州歓喜!?,https://news.yahoo.co.jp/articles/2a81b101a3a6bfa62a06b5241308cba521bdb7e4,7/17(水) 5:50
kurumans,くるまのニュース,700馬力超え！ 新型「V8スポーツ“セダン”」公開！ “FRモード”ありでめちゃ楽しそう！ ド迫力な専用エアロも超カッコイイ「M5」独で発表,https://news.yahoo.co.jp/articles/b2f69172ce913041b1ea12bd820fcb719506c965,7/16(火) 22:10
kurumans,くるまのニュース,2024全日本ラリーRd.6「ARKラリー・カムイ」は、新井・松尾組が全ステージベストで完全勝利！,https://news.yahoo.co.jp/articles/bae10c3c7cd3f26d29100ce3f0f23396bff10dd6,7/16(火) 21:25
kurumans,くるまのニュース,狭い道での「すれ違い」どちらが優先？ 「もうちょい寄せて！」 お互い不安状態に… 接触はどちらが悪い？ 寄せるコツは？,https://news.yahoo.co.jp/articles/3d27c017d0781f421c878b3e3ef085c1f392ff1a,7/16(火) 21:10
kurumans,くるまのニュース,60万…！ トヨタ「ランクル“パトカー”」販売!? 白紺ツートン＆デカ“赤色灯”の特別仕様！ “謎のプライスボード”を掲げた「プラド」実車展示！,https://news.yahoo.co.jp/articles/8b86f79026d5f9437dc95b24b69a7175f06ea9a8,7/16(火) 20:25
kurumans,くるまのニュース,6MTのみ！ 超硬派なトヨタ「新型スポーツカー」発売！ 後輪駆動に「専用ロールケージ」採用した本気の「走り仕様」は約350万円！,https://news.yahoo.co.jp/articles/a1931651864106f25c1501249209a9dd11bf15bc,7/16(火) 20:10
kurumans,くるまのニュース,スバル「新型SUV」発表に大反響！ 最安価な「コンビニエンス」登場！ 6年ぶり全面刷新のタフ顔＆上質内装がカッコイイ「フォレスター」カナダで登場し話題に,https://news.yahoo.co.jp/articles/1e14f9b2fa0a19e7e0aa5a2bbec971318463ee70,7/16(火) 19:40
kurumans,くるまのニュース,スバルの「斬新オープンカー」に熱視線！ めちゃ車高アップで「悪路」も走行可能！「AWD×水平対向×オープン」実現したユニークすぎる「B9S」に反響あり！,https://news.yahoo.co.jp/articles/277c421da384c40b47f2c248fe017bf85dfc4e3c,7/16(火) 19:10
kurumans,くるまのニュース,日産が新型「NISMO」世界初公開へ！ 赤アクセントがめちゃスポーティ!? 「楽しみ！」「これは熱い！」期待する声続々！,https://news.yahoo.co.jp/articles/394c5c78209e734dcd1f52a7a9f85f3fb1b1d6c9,7/16(火) 18:10
kurumans,くるまのニュース,トヨタ新型「“巨大”ハイラックス」世界初公開へ！ タフデザインの“2階建て”仕様!? 「車中泊」もできる「アストラーレGX4」発表,https://news.yahoo.co.jp/articles/191bc619740df15e6e3921c04b1b2a2e6dafbf19,7/16(火) 17:40
kurumans,くるまのニュース,トヨタが「新・レビン」発売!? 「ハチロクじゃない…」 謎の4ドアセダン！ 販売される中国の現状,https://news.yahoo.co.jp/articles/f7121900b4dd162c9dc69261d473aef31c9e1d71,7/16(火) 17:10
kurumans,くるまのニュース,高速道路で「突然Uターン」そして逆走…!? NEXCOの衝撃映像が話題に！「免許返納して」「なぜ!?」の声も 何が起きたのか,https://news.yahoo.co.jp/articles/cc6b09fa08ae677b565c876e7526adfa632819af,7/16(火) 16:40
kurumans,くるまのニュース,待望の「ロータリーエンジン」復活！ マツダがコツコツ継続しているユニークな技術がスゴい！ 一体どんなもの？,https://news.yahoo.co.jp/articles/7fde3224f584a617948be96f93f1fff50fa8d1eb,7/16(火) 16:10
kurumans,くるまのニュース,なぜ新型車は「同じ顔」採用している？ 「上級車種」から「普及モデル」まで「統一デザイン」が多し… ブランド内で「デザインテーマ」採用するワケ,https://news.yahoo.co.jp/articles/71ef3f0439d64f6b689958ce072838f97f61589e,7/16(火) 15:40
kurumans,くるまのニュース,トヨタ・スバルが新型「スポーツカー」初公開！ 見た目変わらず“中身”がめちゃ進化!? 新型「GR86／BRZ」がスゴい！,https://news.yahoo.co.jp/articles/66b2d5d655c2f831d5fcea7c0d1467bdf8913066,7/16(火) 15:10
kurumans,くるまのニュース,スズキ「新型コンパクトSUV」先行公開！ 美麗すぎる「クーペスタイルSUV」日本に爆誕!? 凱旋の“高評価モデル”今秋に発売に向け「新情報」登場,https://news.yahoo.co.jp/articles/95274432b234f004cc8e6f63a7a6e9d88d52ffcc,7/16(火) 14:50
kurumans,くるまのニュース,マツダが“白い”新型「和製スポーツカー」実車公開！ 「ロータリー」搭載の「ISP」なぜホワイトに？ デザインも異なる「内装なしモデル」の正体とは,https://news.yahoo.co.jp/articles/7cdc559ecfe28007a2d4bc84ce9aebba4dc3f915,7/16(火) 14:10
kurumans,くるまのニュース,ホンダ新型「すごいSUV」登場に大反響！ 日本初の”超進化”で悲願の「国内復活」果たす！ 夏に発売の「CR-V」中国で実車公開,https://news.yahoo.co.jp/articles/1498ce82ca4c1adb995bf34ee51b7de1cd725b43,7/16(火) 13:10
kurumans,くるまのニュース,日産「新型スポーツコンパクト」初公開へ!? “赤いライン”際立つ「爆速ハッチバック」！ 期待の「新NISMO」まもなく公開,https://news.yahoo.co.jp/articles/207c0a4ca8496ab4b40d3c83012dd7c15e531273,7/16(火) 12:50
kurumans,くるまのニュース,狭い道で「ドアミラー」をぶつけて鏡が割れてしまいました… なるべく修理費を抑えたいのですが、自分で交換できますか？,https://news.yahoo.co.jp/articles/6e566bae6c03ca84ed48dac782aa95dbb4a77c97,7/16(火) 12:30
kurumans,くるまのニュース,トヨタ新型「4人乗りアルファード」公開へ！ 斬新「後ろ向きシート」×専用“2トーン”がスゴい！ めちゃ画期的な「スギ内装」を名古屋で披露,https://news.yahoo.co.jp/articles/3670b47f49e5b339e4a35d73b865b8e8bcb3cc3c,7/16(火) 12:10
kurumans,くるまのニュース,トヨタ「ルミオン」復活！ “5速MT”あり＆「3列7人乗り」シート！ 8年ぶり蘇る「カローラじゃない!?」コンパクトミニバン！ 南アフリカに登場！,https://news.yahoo.co.jp/articles/3b25dfb8b376dc8daf31a997d24eeded41bd682e,7/16(火) 11:50
kurumans,くるまのニュース,「カーテン閉めて運転」は違反？ 「着色フィルム」も要注意！ “取り締まられる”NGなケースとは？,https://news.yahoo.co.jp/articles/74034b232eae78954daa7cff7d20143bfe84dada,7/16(火) 11:10
kurumans,くるまのニュース,“トランプ前大統領”銃撃!? バイデン氏も「暴力許されず」コメント！ 2人も乗った大統領専用車「ビースト」とはどんなクルマ？,https://news.yahoo.co.jp/articles/c74e60f603ee02ebe127faee50f9dd156372e15d,7/16(火) 10:40
kurumans,くるまのニュース,“鉄仮面グリル”がスゴイ！ トヨタの斬新「ヴェルファイア」実車公開！ 迫力エアロもめちゃスポーティな「アクセル仕様」とは,https://news.yahoo.co.jp/articles/7d61ddb1c51294d0d27981a9c453866a9b1b8657,7/16(火) 10:10
kurumans,くるまのニュース,ひと晩で「高級車9台」盗難！ トヨタ・レクサスやメルセデス等が被害も「72時間」で無事発見なぜ？ 被害受けた民間駐車場が語る理由とは,https://news.yahoo.co.jp/articles/d504adc27f21d3a26b6dbbc4a9756237e8c8a0a8,7/16(火) 9:10
kurumans,くるまのニュース,アンダー400万円！ ホンダ新型「V8搭載モデル」がスゴい！ 5.0Lエンジン×全高2m超え“精悍シルバー”がカッコイイ！ 新たな「フラッグシップマシン」の「BF350」とは,https://news.yahoo.co.jp/articles/429693258fc4e0123222d2e068676533be7b26e1,7/16(火) 8:25
kurumans,くるまのニュース,まさかの「“次期型”シルビア」!? 日産「2ドア小型スポーツカー」登場していた!? FR駆動×1.6Lターボでめちゃ楽しそう！ イマ登場待たれる「IDx」とは,https://news.yahoo.co.jp/articles/55aececb05bd54e177e87c8995324af3c27f1e7d,7/16(火) 8:10
kurumans,くるまのニュース,福井～茨城が“最短距離”に!? 夢の東西ネットワーク「松本佐久連絡道路」がすごい 北陸新幹線より「100km短縮」も!?,https://news.yahoo.co.jp/articles/e8ebf28f53ef0d84481f7dd6a88abc976d93ec91,7/16(火) 7:40
kurumans,くるまのニュース,街に溢れるトヨタ「アルファード」みんなどうやって買ってるの!? 日本の平均年収458万円でも手が届く？ 「たくさん走ってる」不思議！ 手軽に購入できる「プラン」が存在？,https://news.yahoo.co.jp/articles/d214888be48800b4a129801f0bf90d84e04ab2bb,7/16(火) 7:10
kurumans,くるまのニュース,スバル新型「本格“2ドア”スポーツカー」発表！ 6MTのみ＆ガチガチボディで「超スポーティ」！ 走行性能強化の「BRZ」登場,https://news.yahoo.co.jp/articles/9509649b0aa7b1e681d0edda567771cc9de77960,7/16(火) 6:40
kurumans,くるまのニュース,旧車デザインのダイハツ「軽バン」実車展示！ 「車中泊」もできる超オシャ仕様！ 木目内装＆”チビー”なグリルがアメリカンな「ハイゼット」登場,https://news.yahoo.co.jp/articles/55ff95939470b362cc711b7001756f2f3ede4f48,7/16(火) 6:10
kurumans,くるまのニュース,どの道が「国道」なの？ 意外と知らない「道路の見分け方」とは！ 覚えて便利な「県道・都道・市道」などの違いを解説！,https://news.yahoo.co.jp/articles/d0900f0fe7e2443be196a1626503768bc415ea68,7/16(火) 5:50
kurumans,くるまのニュース,新型“ロードスター”「テンダー」初公開に大反響！ レトロな“旧車デザイン”に「カッコイイ」の声！ 「1956年式名車」イメージの「新モデル」独で発表,https://news.yahoo.co.jp/articles/3442cf3d587d9adb351500c04b77f94105a23b76,7/15(月) 21:10
kurumans,くるまのニュース,トヨタ「ノア」よりも「めちゃ人気」!? 精悍顔が“超スゴイ”と話題に！ 海外で支持される「ミドルクラスミニバン」とは,https://news.yahoo.co.jp/articles/14584b1800f3f9bac316e04d96beb093390d1388,7/15(月) 20:10
kurumans,くるまのニュース,なぜ「斬新な信号」ジワジワと増加中？ 「うっかり発進」で違反検挙される場合も！ 事故減少に期待も「万能」と言えないワケ,https://news.yahoo.co.jp/articles/7c0ad289e52a6a9c91dae872feb4fef6052c5b01,7/15(月) 19:10
kurumans,くるまのニュース,三菱の新型「パジェロ“ミニ”」登場!? 斬新「ゴツゴツボディ」＆超タフ顔！ 伝説的「“軽SUV”」11年ぶりに復活か？,https://news.yahoo.co.jp/articles/d5af2e7854bf831a151c6532bb97102e7d39ea3e,7/15(月) 18:10
kurumans,くるまのニュース,MTあり！ 3年ぶり“復活”のトヨタ「ヴィッツ」に反響多数!? 「サイズがいい」「見た目が好き」 145万円で全長3.7m級の「最新モデル」南アで躍進,https://news.yahoo.co.jp/articles/7152bc6c197808e33cb9c408ce94a680ef95a4a9,7/15(月) 17:10
kurumans,くるまのニュース,トヨタ新型「スノーホワイト」公開!? 斬新”大口顔”＆オシャ白ボディの「ヤリス”デカ”」！ 全長4.1m級の「新モデル」タイに登場,https://news.yahoo.co.jp/articles/12d3954b142bae92985bd88548819bb2e5bddf44,7/15(月) 16:10
kurumans,くるまのニュース,三菱「新型デリカ」まもなく発表? 斬新「SUVミニバン」公開に期待大！ 25年にも発表が噂される「D：X」市販版はどうなる!?,https://news.yahoo.co.jp/articles/ea0d431a04a925e5594151f59eb9fcbbd3b5778b,7/15(月) 15:10
kurumans,くるまのニュース,トヨタ新型「アクア」発表で大反響！ “上質内装”採用でまさに「小さな高級車」！ 斬新2トーンもオシャレな「新ラフィネ」に販売店でも話題に,https://news.yahoo.co.jp/articles/d477efafeba04760cc755470b8c80584f9e3f559,7/15(月) 14:10
kurumans,くるまのニュース,トヨタの「“2階建て”トラック」実車公開！ 荷台で「車上泊」できる!? 斬新スタイルの新型「ハイラックスチャンプ」がスゴい！,https://news.yahoo.co.jp/articles/d72756b36e4df59ba9ab5bec90bb495b4b3cff73,7/15(月) 13:30
kurumans,くるまのニュース,スズキが新型「“上質”SUV」を実車公開！ 斬新「777テールライト」でコンパクト「“流麗クーペ”ボディ」採用！ 今秋発売の「フロンクス」浜松駅に登場,https://news.yahoo.co.jp/articles/919b8473139fc2d80d9e4c7a8aaf310891c02d18,7/15(月) 13:10
kurumans,くるまのニュース,「ドライブスルー恐怖症」どう克服？「ぶつけそう」「手が届かない」繊細な”運転テクニック”必要な店舗システムの「攻略法」とは,https://news.yahoo.co.jp/articles/cddf22f419dadef638410655e5c8960c5bdd3b99,7/15(月) 12:10
kurumans,くるまのニュース,トヨタ新型「“ミニ”RAV4」!? タフ顔「コンパクトSUV」の正体はダイハツ「ロッキー」＆「ライズ」＆「レックス」!? 「KLC仕様」の正体とは,https://news.yahoo.co.jp/articles/915637e51c4cc284de65c9d245a1ca8e3bc93c5a,7/15(月) 11:10
kurumans,くるまのニュース,謎の「青いイカ」に「ビックリ車」!? 多すぎるメーターの「警告灯」何を示す？ 色ごとの “意味合い”とは 「初めて聞いた」と反響も,https://news.yahoo.co.jp/articles/19a40570cfb38ed0d19245b0454cf1f626a1d1b8,7/15(月) 10:30
kurumans,くるまのニュース,日産が新「セフィーロ」公開！ 斬新「内外装」＆“29個”のギミック搭載！ 「くうねるあそぶ」の「多機能セダン」復活!?,https://news.yahoo.co.jp/articles/5cdfc5bc8c75c8e106228a439fe0329179af43d9,7/15(月) 10:10
kurumans,くるまのニュース,なぜ「車検ステッカー」の貼付場所が変わった？ 罰則もあり!? 最新「“ミニ”車検証」でできる裏ワザとは？,https://news.yahoo.co.jp/articles/b9c22f48b5a752aeb0a400c2456ae4679b417791,7/15(月) 9:10
kurumans,くるまのニュース,ダイハツ「新・軽バン」初公開！ 「大人2人寝れる」車中泊仕様!? オシャ内装採用の「バンテック・ルネッタ」発表へ,https://news.yahoo.co.jp/articles/8a6de36014ac4a4a2ace9413861dfb0eae032705,7/15(月) 8:25
kurumans,くるまのニュース,日産「新型2ドアクーペ」発表で大反響！ オシャグリーン内装＆「匠の手組みエンジン」がイイ！ ド迫力フェンダーも採用の「Takumi Edition」米登場に「夢のある車」の声,https://news.yahoo.co.jp/articles/cdcc49e4583df21a204bd38a818f1e31fac2e199,7/15(月) 8:10
kurumans,くるまのニュース,約2500万円のトヨタ「アルファード」が売れてる!? 「クラウンミニバン」も設定!? 競合多い「高級ミニバン」 中国の現状は？,https://news.yahoo.co.jp/articles/5222593e0b916eb4edd09d63b05bbee4cbf5513d,7/15(月) 7:40
kurumans,くるまのニュース,「有料道路になります」異例の看板出現に反響多数!?「渋滞緩和楽しみ」「無料のままがいい」福岡の「八木山バイパス」4車線化いよいよ秒読み段階へ,https://news.yahoo.co.jp/articles/01443c1bb3ef1d2646e89dc381fddc3aff6aff2a,7/15(月) 7:10
kurumans,くるまのニュース,トヨタの新「プリウス“モンスター”」発表に反響多数！ 「ド迫力で最高」「まさにスーパーカー」の声！ ワイドボディに「6本出しマフラー」の「シャコタン仕様」発売,https://news.yahoo.co.jp/articles/6077d457d3195d5cfeea76b4a41d19bc51e5ea02,7/15(月) 6:10
kurumans,くるまのニュース,「電気自動車」はタイヤが減りやすい？ 重い「バッテリー搭載」による噂の真相とは！ 最適な「EV専用タイヤ」は存在するの？,https://news.yahoo.co.jp/articles/6ce2bf7bed5cc3ee8da01c583a3ae54e75e18c5d,7/14(日) 22:10
kurumans,くるまのニュース,ホンダが新型「SUV」まもなく発売！ 人気モデルが1年半ぶりに復活！ 画期的すぎる新型「CR-V」何がスゴい？,https://news.yahoo.co.jp/articles/eb19d02e39ddece13fee8095f937ae0f24694255,7/14(日) 21:10
kurumans,くるまのニュース,「洗車のタイミング」いつがベスト？ 「年に1回」「汚れたら洗う」はNG!? 早めのお手入れが必要な理由とは,https://news.yahoo.co.jp/articles/74cee618fd4af81265719e0d44be92fe85923f91,7/14(日) 20:10
kurumans,くるまのニュース,“日本一売れてるクルマ”ホンダが2年ぶり首位陥落!? スズキ「軽ワゴン」なぜ“単月トップ”に躍進？ 王者N-BOXがピンチに陥ったワケ,https://news.yahoo.co.jp/articles/72a291350d809cca7a9d44c98ed3438c675d76a9,7/14(日) 19:10
kurumans,くるまのニュース,車の“免許証”「12桁の謎数字」意味はナニ？ 「学科試験の成績」がわかるって本当？ 「番号」変わることもある？ 知られざる「法則」とは,https://news.yahoo.co.jp/articles/1890bfa15d0047118c9c3f6b0e38d78d5a1126c5,7/14(日) 18:10
kurumans,くるまのニュース,トヨタが「クラウン“軽”」公開！ まさかの“斬新デザイン×驚愕素材”採用!?  「ランクル“軽”」も話題に,https://news.yahoo.co.jp/articles/26b544d41a588c0178573d7db1cc133f3ee5762c,7/14(日) 17:10
kurumans,くるまのニュース,全長3.7mで「7人乗り」って最高！ トヨタ「シエンタ」よりも小さい「超極小ミニバン」が凄い！ “取り回し最強”のミニマム「国産3列モデル」とは,https://news.yahoo.co.jp/articles/4153acd5b6910983acb4e2343d75f9f148ae0bee,7/14(日) 16:10
kurumans,くるまのニュース,マツダ「新型SUV」公開！ エンジンは“トヨタ”製!?な「ハイブリッドモデル」アリ！ 全幅1.9m超え“ワイドボディ”が超カッコイイ「CX-50」米で登場,https://news.yahoo.co.jp/articles/83283730f8740641e62d0ba133dd164579a1a93f,7/14(日) 15:10
kurumans,くるまのニュース,トヨタの最強「小さな高級車」登場！ 3L直6ツインターボ＆“5速MT”搭載！ 羊の皮を被った“狼”な「コンパクトセダン」とは？,https://news.yahoo.co.jp/articles/e178f9e9b44fee44bf13296228da5b9e5b353fa5,7/14(日) 14:10
kurumans,くるまのニュース,トヨタ「プロボックス “SUV仕様”」実車公開!? ド迫力「黒すぎ顔」×「上質ブラウン内装」が超カッコイイ！“タコマ顔”に顔面刷新の「商用車」とは,https://news.yahoo.co.jp/articles/4cbd77e43ca152b25895b7053b2d7631cfe4731c,7/14(日) 13:10
kurumans,くるまのニュース,駐車場で「ドアミラーを畳む行為」に反響あり！ 日本ならではの事情が存在!? あえて“畳まない人”の理由とは？,https://news.yahoo.co.jp/articles/cb2eb950433eabf2fb8372db0901284fb3b371eb,7/14(日) 12:10
kurumans,くるまのニュース,全長4.9m！ トヨタ新型「FF最大・最上級セダン」が凄い！ 最新「クラウン顔」採用した“新・大型セダン”「新型カムリ」米登場した姿とは,https://news.yahoo.co.jp/articles/76c75eda63179473d0a9fc46322e6c6427fc6282,7/14(日) 11:10
kurumans,くるまのニュース,「コストコ」で買える「カー用品」何がオススメ？ 「ファイバークロス」だけじゃない「“使える”アイテム」とは,https://news.yahoo.co.jp/articles/f000cdd09cf2bb02ca904696dfafeb0d4e76f428,7/14(日) 10:30
kurumans,くるまのニュース,トヨタ新型「和製スーパーカー」まもなく登場!? “超ロングノーズ”にV10搭載も!? “開発進捗中”目される「GR GT3」とは,https://news.yahoo.co.jp/articles/a7836fea49544230be296dbaffc81af27f033e12,7/14(日) 10:10
kurumans,くるまのニュース,直進もOKな「道なりカーブ」に要注意!? 「ウインカー」は出すべき？ 気になる進み方＆「道交法的」に正しいのは？,https://news.yahoo.co.jp/articles/157519a043edaf61ade8c5d3d6e61c4e5f470598,7/14(日) 9:10
kurumans,くるまのニュース,ホンダ「“2列6人乗り”ミニバン」に大反響！ “全長4.3m”小柄ボディに「前席3人シート」って実際どうなの？ 斬新な「エディックス」に熱視線！,https://news.yahoo.co.jp/articles/eb425049edf86b7ea97327f28428137c1cb091e8,7/14(日) 8:10
kurumans,くるまのニュース,「カローラ」より小さい！ トヨタの「小型クーペ”セダン”」実車公開！斬新“大口顔”が超カッコイイ「ヤリス“エイティブ”」泰に登場,https://news.yahoo.co.jp/articles/3b151b0c7310fb0b410cf882dd4b82c51292ab48,7/14(日) 7:40
kurumans,くるまのニュース,京奈和道の「ほぼ完成形」ついに出現！ 大阪方面へ「信号ゼロ」大和高田バイパスとの“直結ランプ”工事大詰め 国道24号の“地獄渋滞”緩和に期待,https://news.yahoo.co.jp/articles/7d3de6f69f8c32786f04ca239a44836d2dcc9431,7/14(日) 7:10
kurumans,くるまのニュース,スズキ新型「クルーズ」発表に反響多数！ MT設定＆精悍エアロ仕様に熱望の声！ 全長4.3m級の“コンパクトミニバン”「エルティガH」尼で登場,https://news.yahoo.co.jp/articles/7e0583f231eeed9d13d3b663da79d94ab2d4af16,7/14(日) 6:10
kurumans,くるまのニュース,最速の新型「小さな高級車」世界初公開！ 333馬力“直4”搭載の「900万円超えモデル」！ デザイン刷新遂げた「ゴルフ“R”」独で発表,https://news.yahoo.co.jp/articles/c104e1f1875f405a9971d7a7254162721cfb1d3b,7/13(土) 21:10
kurumans,くるまのニュース,1年で7万台売れた！ ホンダの激売れ「シビックSUV」“走る姿がカッコいい！”と好評に!? 「ZR-V」への反響は？,https://news.yahoo.co.jp/articles/4eb7ae7f7c9fadd57258acb53826eae2ce9ae883,7/13(土) 20:10
kurumans,くるまのニュース,スズキ「“黒レトロ”軽バン」実車展示！  旧車顔の「“超小型”車中泊」モデル！ めちゃ「丸目」なアメリカン軽1BOXバン公開,https://news.yahoo.co.jp/articles/3adea7f59fe84593f4654b93d0beb7c57bc77557,7/13(土) 19:10
kurumans,くるまのニュース,青信号“気づかない”前車に「プーッ！」 違反になることも!? なぜ「催促クラクション」はNG？ 正しい「警音器」の使い方とは,https://news.yahoo.co.jp/articles/16550f57f47eb50fed4ae181149e72ac84c9186a,7/13(土) 18:10
kurumans,くるまのニュース,800万円超えの日産「新型5ドアスポーツカー」登場へ！ 430馬力×「GT-Rの技術」搭載！ 最強“フラッグシップ”「アリアNISMO」に大反響,https://news.yahoo.co.jp/articles/de8cf67e4581dd24011d02963e8b50efb89570b8,7/13(土) 17:40
kurumans,くるまのニュース,トヨタ斬新「シエンタ“車中泊仕様”」実車展示！ 「オシャレなベッド」装備＆“DIY”カンタン取付可能！ すぐ爆睡できて超便利な「ベッドキット仕様」に熱視線！,https://news.yahoo.co.jp/articles/3101a1445f27b40825839a160b5a6a5607d4bdda,7/13(土) 17:10
kurumans,くるまのニュース,日産の「車中泊ミニバン スポーツ仕様」がスゴい！ 専用カスタム×めちゃ“巨大ベッド”搭載 「走って寝られるセレナ」 市販化なるか,https://news.yahoo.co.jp/articles/36cb1ccd322472e9fa811223bff23a85069dd743,7/13(土) 16:10
kurumans,くるまのニュース,ホンダ新型「スポーティ“セダン”」公開！ 精悍エアロ+無限ホイール装備の「迫力仕様」！ 4本出しマフラーもカッコイイ「アコード」泰に登場,https://news.yahoo.co.jp/articles/e9f755fc4ba674f9b0d927eb0daad50456f0504f,7/13(土) 15:10
kurumans,くるまのニュース,スズキの“新”「スペーシア“スポーツ”」公開!? 黒すぎ顔化＆迫力エアロ採用で超カッコイイ！ 「カスタム」の「カスタム仕様」登場,https://news.yahoo.co.jp/articles/05d37b9a38e1ec5c2a4401b1583ce9198733bb87,7/13(土) 14:10
kurumans,くるまのニュース,新型「コンパクトミニバン」発表！ アウトドアデザイン×2列3列採用!? ホンダ「フリード」とトヨタ「シエンタ」を比較した人の声とは,https://news.yahoo.co.jp/articles/3dabd0296f09737b921d72beecc0fdeb5a3cfedb,7/13(土) 13:10
kurumans,くるまのニュース,最新「スピード取り締まり」に驚きの声！ 恐怖の「おいでおいで作戦」がスゴイ！ 「気付いたら“一網打尽”」に反響集まる,https://news.yahoo.co.jp/articles/6e70065234c12c28ecca709df0fcef636fcdbe95,7/13(土) 12:10
kurumans,くるまのニュース,トヨタが新型「マジェスティ」実車公開！ 全長5m超え＆ギラ顔がイイ！ “超豪華”内装の「プレミアム“バン”」泰に登場,https://news.yahoo.co.jp/articles/12ae1f9d521a089ee3036f3884071a42d279d5a2,7/13(土) 11:10
kurumans,くるまのニュース,スバル新型「BRZ」発表！ 伝統の「水平対向エンジン」搭載したピュア「FRスポーツカー」が進化！ ド迫力のサウンド＆性能アップに反響多数！,https://news.yahoo.co.jp/articles/63372cfdd59882ae827fe30b239939a8c6bed359,7/13(土) 10:10
kurumans,くるまのニュース,「誰のクルマ…？」 “無断駐車”されたらどうすればいい？ 気になる対処法と予防策は？,https://news.yahoo.co.jp/articles/2c847dd8e1bfc77079e9fc612b9a0cfb4f37c56e,7/13(土) 9:10
kurumans,くるまのニュース,ミシュランタイヤ4種類を雨の中で一挙にテスト！ 試乗の中で体感した「サステナブル性能」とは？,https://news.yahoo.co.jp/articles/7c7e1acd4c358e225631dcdd2e4319000e86a2e7,7/13(土) 8:25
kurumans,くるまのニュース,約110万円！ 三菱の新型「軽トラック」発表に大反響！ “5MT”＆オシャグリーン設定アリ！ 「みのり」も用意の「ミニキャブトラック」が販売店でも話題に,https://news.yahoo.co.jp/articles/a618804da14e384b03790bd47cc3ff3c6853987b,7/13(土) 8:10
kurumans,くるまのニュース,スズキ新型「軽SUV」登場！ 斬新“黒顔”の「ワイルド仕様」がカッコいい！ 本格四駆スタイルも存在!? 新型「ハスラー」どんなモデル？,https://news.yahoo.co.jp/articles/b809172110aa8b95a47103f6abdce510ffe7ba8b,7/13(土) 7:40
kurumans,くるまのニュース,「標識見えない」の反論は警察に通用する？ 枝葉で見えず標識無視して違反!? 違反切符切られる？ 元警察官が解説,https://news.yahoo.co.jp/articles/2a302ef804ffe3fae51ce6b434e719f3228f6c3a,7/13(土) 7:10
kurumans,くるまのニュース,日産 新型「“3列”ミニバン」公開！ 全長“5m”級ボディの「エヴァリア」！大開口スライドドアもイイ「ヨーロピアンモデル」日本導入は？,https://news.yahoo.co.jp/articles/3e164d22c9a1b66bebdb97b246d016b6ace2487b,7/13(土) 6:10
kurumans,くるまのニュース,1180万超え!? 新型「高級2ドアクーペ＆高級オープンカー」発表！ 精悍ライトに進化の流麗スタイル「4シリーズ」BMWから日本上陸,https://news.yahoo.co.jp/articles/808e81113102f2a532b45140e55f209d3b45369f,7/12(金) 22:10
kurumans,くるまのニュース,強制撤去のボロボロ「不法放置バス」その後どうなった？ 川崎市の損害「158万円」差し押さえもできず!? 未曾有の「車両放置事件」の顛末は,https://news.yahoo.co.jp/articles/803b3528b15422176144d4d5d57e95dac15eaf0a,7/12(金) 21:10
kurumans,くるまのニュース,トヨタの「ハイラックス“ダイナ”」実車公開!? “商用トラック”合体させた迫力モデル！ 唯一無二な「本格派」登場,https://news.yahoo.co.jp/articles/77f7d52ceba83d1898206bb802e3948bfa48b599,7/12(金) 20:25
kurumans,くるまのニュース,ホンダ新型「“軽”SUV」まもなく登場!? 超人気「軽スーパーハイトワゴン」に“待望”の「タフモデル」はいつ？ 新型「N-BOX“クロスター”」誕生か,https://news.yahoo.co.jp/articles/0df98f7f25c5dfbcb170477e87a5582c80853a39,7/12(金) 20:10
kurumans,くるまのニュース,22年落ち日産「スカイライン」が約「6000万円」!? 新車価格の“約9倍”！ もはや伝説級の「オシャ“グリーン”」採用した最終型「Mスぺ“Nur”」香港で落札,https://news.yahoo.co.jp/articles/0d52937ca11aaf68115178c476d174aff1f367a9,7/12(金) 19:10
kurumans,くるまのニュース,トヨタ新型「GR86」初公開に大反響！ 新色「“オシャ”グリーン」＆ブラウンレザーの限定車も同時発表！ よりスポーティに進化した人気「2ドアスポーツカー」発売に熱視線,https://news.yahoo.co.jp/articles/d4a2d4167ad8fcfd87889ffb809aa2ee2e221214,7/12(金) 18:10
kurumans,くるまのニュース,ホンダ新型「“赤い”和製スポーツカー」初公開へ！ 2025年頃“登場”の「美麗すぎ“2ドア”クーペ」！ 22年ぶり復活の「プレリュード」欧州にも導入へ,https://news.yahoo.co.jp/articles/a72fe8088b946c4352233ac9cd1c4de082c1d2e6,7/12(金) 17:40
kurumans,くるまのニュース,トヨタの新「クラウンマジェスタ」登場！ 5年ぶりに復活も「セダン」じゃない！ 最高級な「マジェスタ」とは？,https://news.yahoo.co.jp/articles/f2906e40cb3dad3157e8213e8ee9ac524a7da14d,7/12(金) 17:10
kurumans,くるまのニュース,福井～高山「無料で信号ゼロ」新高速道路が「工事大詰め」!? 中部縦貫道“大野油坂道路”の「最終工区」どこまで完成したのか,https://news.yahoo.co.jp/articles/84c4bed45a5d959f1e5fcb44b844dce4f2c811c1,7/12(金) 16:40
kurumans,くるまのニュース,約2年ぶりに今夏復活！ ホンダ「“すごい”SUV」まもなく発売！ スポーティな「RS」＆「ハイブリッド」の新型「CR-V」追加導入の可能性とは,https://news.yahoo.co.jp/articles/05c39cdabc3f14b912a8b02878b7928ce471590f,7/12(金) 16:10
kurumans,くるまのニュース,アイス性能が大きく進化！ トーヨータイヤからサステナブル素材採用のスタッドレスタイヤ「OBSERVE GIZ3」8月発売,https://news.yahoo.co.jp/articles/9e100b1cdd46f93a7e2ba2bbcf8b86210566747d,7/12(金) 15:40
kurumans,くるまのニュース,スバルの400馬力「斬新スポーツクーペ」！ 超パワフルな「ターボ×水平対向6気筒」搭載したモデルが凄い！ めちゃ美しい「観音開きドア」採用した「B11S」に反響あつまる！,https://news.yahoo.co.jp/articles/40d1289789e28df07e404a99948c76017c018a5a,7/12(金) 15:10
kurumans,くるまのニュース,道路で遊んだら「罰金5万円!?」 路上で“球遊びやローラースケート”は違反？ SNSで話題となった行為… 元警察官が解説,https://news.yahoo.co.jp/articles/c66a9c1c02f259ac9d206dc705e8da21b1d9f333,7/12(金) 14:50
kurumans,くるまのニュース,荷台が“伸びる”ダイハツ「斬新軽トラ」がスゴい！ “画期的”発想の「超ロングボディ仕様」存在！ まさかの「実車化」果たした衝撃のモデルとは,https://news.yahoo.co.jp/articles/49d946e112f32dc2fe39c50e57940a3b9c638198,7/12(金) 14:10
kurumans,くるまのニュース,トヨタ“新型スポーツコンパクト”「GR86」公開！ オシャな「グリーン外装×ブラウン内装」仕様も登場！ 走行性能も強化の「快速クーペ」発売へ,https://news.yahoo.co.jp/articles/3fbe3497d5743aa52bb031245f54e05d41f1d823,7/12(金) 13:30
kurumans,くるまのニュース,トヨタの新「カローラ“GT1”」誕生!? ド迫力リアスポ×4本出しマフラー採用！ 「GRモデル」専用の“パフォーマンスエアロ”発売,https://news.yahoo.co.jp/articles/4a6285e602a2a670198d8f8025c562884026efe4,7/12(金) 13:10
kurumans,くるまのニュース,“新車で買える“三菱「最新型ランサー」あった!? ダイナミック顔の「スポーティセダン」！ “ピニンファリーナ”デザインの「“グランド”ランサー」とは,https://news.yahoo.co.jp/articles/dbccc5372a619c369b9d838a54eef0693f6b4a08,7/12(金) 12:50
kurumans,くるまのニュース,420馬力の日産「最強スポーツセダン」“爆速モード”追加！ 加速感スゴいNISMOチューンの「スカイラインNISMO」登場！,https://news.yahoo.co.jp/articles/2eb010c9b8496212b1dfecc80e37c47874e6075b,7/12(金) 12:30
kurumans,くるまのニュース,まさかのトヨタ「新型プリウス“クーペ”」!? 「インテグラ」ベースで「ド迫力ワイドボディ」×“斬新サメ顔”採用！ GAUS学生による「650vision」 公開半年後の姿とは,https://news.yahoo.co.jp/articles/5211564e3c1b46c44d6a6945466601a3f37c0b75,7/12(金) 12:10
kurumans,くるまのニュース,縮尺おかしい「フェラーリのような何か」出現！ アンダー100万円の「激レア謎マシン」！ 憧れが止まらない…「ニセ・エンツォ」とは,https://news.yahoo.co.jp/articles/de5426aa6b01f9cbce4972a064b1f5ecad7f5fc3,7/12(金) 11:50
kurumans,くるまのニュース,ダイハツの「“ランクル”軽トラ」初公開!? オシャベージュ＆黒顔化で超カッコイイ！ 軽トラSUVな「HARD CARGO コンプリートS」実車登場,https://news.yahoo.co.jp/articles/24aa4b3588ffd7a80ce0842ab103bc43a7e7e5de,7/12(金) 11:20
kurumans,くるまのニュース,MTあり！ スバル新型「スポーツカー」発表！ 走行性能アップ＆高揚感ある“サウンド”採用の新型「BRZ」登場,https://news.yahoo.co.jp/articles/ec7623fe681ec3a405d367edc583bb092c46a1ad,7/12(金) 11:00
kurumans,くるまのニュース,歩行者の「お先にどうぞ」に要注意！ 邪魔してなくても違反に!? 横断歩道での“正しいルール”とは？,https://news.yahoo.co.jp/articles/e5a8361ec6a75163d3dfdfca8e568cd73470613c,7/12(金) 10:40
kurumans,くるまのニュース,レクサス最小「小さな高級車」登場！ 全長4.2m以下の小型ボディに「プレミアム内装」採用！ 新型「LBX」何がスゴい？,https://news.yahoo.co.jp/articles/e60d7f83d9b4ce12edbce42493d833a041022613,7/12(金) 10:10
kurumans,くるまのニュース,【解説】スバル「レヴォーグ」ってどんなクルマ？ サイズやエクステリア＆インテリアの特徴は？ グレード・価格はどうなっている？,https://news.yahoo.co.jp/articles/f64bb419c7c64d220df9144c8e9777d046b1a913,7/12(金) 9:40
kurumans,くるまのニュース,なぜ「洗車機NG？」 ミニバンは？ 輸入車は？ 「損害賠償請求されるケースも」 洗えない“クルマの条件”は？ 洗車機メーカーに聞いてみた！,https://news.yahoo.co.jp/articles/86aa977f8a90e0eb38acf14f5c1a37c42e8b56f6,7/12(金) 9:10
kurumans,くるまのニュース,60万円！ “めちゃ細”ボディの「新型車」登場！ 鮮烈レッドの「豪華内装」採用した斬新「新型コンパクトカー」が凄い！,https://news.yahoo.co.jp/articles/0977eaed89d734006fbca9d220382ab8d4ecc75b,7/12(金) 8:25
kurumans,くるまのニュース,斬新「カクカクSUV」登場！ なぜ「シンプルさ」求める？ ジムニー、ランクルなど人気に… 理由は？,https://news.yahoo.co.jp/articles/279cf3b3f92b9ac1f7681d775e4cf351963027c8,7/12(金) 8:10
kurumans,くるまのニュース,神奈川県警が怒りの“完全封鎖”へ!?「江ノ島大橋」夜間に「ゲート閉門」措置を決定 住民の騒音被害が解決せず,https://news.yahoo.co.jp/articles/9d8cdbc4c4181732be7f7e39f652e79df9c77c19,7/12(金) 7:40
kurumans,くるまのニュース,トヨタが「新たなクラウン」を発表！ 斬新“幾何学グリル”採用「ラージSUVワゴン」！ 「上質内装」が超カッコイイ！ 新型「ESTATE」発売はいつ？ 展示も続々,https://news.yahoo.co.jp/articles/97508b209dc1da55796677456c57736115858a8b,7/12(金) 7:10
kurumans,くるまのニュース,SUV顔負け！ 三菱の斬新「オフロードミニバン」実車公開！ 巨大タイヤ＆“10cm超”リフトアップ！ “めちゃタフ仕様”な「デリカD：5」登場！,https://news.yahoo.co.jp/articles/dab5efa5e8b8cf64b6f2b5e67b05700677bef1db,7/12(金) 6:40
kurumans,くるまのニュース,約150万円！ トヨタ新型「プロボックス」発表に「トヨタの最高傑作！」の声！ 最新“ハイテク機能”搭載した「商用バンの皇帝」 22年目の進化とは,https://news.yahoo.co.jp/articles/3f73133678d3744a741bff3efa3eb908ac740e69,7/12(金) 6:10
kurumans,くるまのニュース,「家族でご飯食べただけなのに…」駐車料金がまさかの“超高額”に!?「つるの剛士」になぜ”悲劇“起きたのか,https://news.yahoo.co.jp/articles/4ad4fa8e07456c8d144267fa1a6efacb09201931,7/11(木) 22:10
kurumans,くるまのニュース,「助手席で爆睡」で大ゲンカも!? 運転手のために「起きておく」のが絶対重要なワケ 心がけは「敏腕マネージャー」に学ぼう,https://news.yahoo.co.jp/articles/12f8dc559bd36c56cdad2259bb29d59cb5cd85c1,7/11(木) 21:25
kurumans,くるまのニュース,「全長“3.7m”×4.7LV8」の爆速すぎる「コンパクトカー」！ “めちゃワイドボディ”＆極太マフラーの「本気（マジ）仕様」！ グッドウッドを駆けた超高級「V8シグネット」とは？,https://news.yahoo.co.jp/articles/ddfefff58d5dc578b641501c9cd7a02f463079f5,7/11(木) 21:10
kurumans,くるまのニュース,ホンダ最新型「爆売れ国民車」実車公開に反響多数!?「正直欲しい」「いいじゃんコレ」MTありで160万円！最小＆最安コンパクトカー「ブリオ」尼に登場,https://news.yahoo.co.jp/articles/7e1a88abc992165b7e65a6fcdb4ecece8688a6e6,7/11(木) 20:25
kurumans,くるまのニュース,大口顔の“新”「スカイラインGT-R」発表!? “650馬力”エンジン搭載で復活か!? 迫力エアロがカッコイイ“Built By Legends”のリフレッシュモデルとは,https://news.yahoo.co.jp/articles/e002d05875b47cad288aebe978a6e8c6ca90ba83,7/11(木) 20:10
kurumans,くるまのニュース,トヨタ新型「ヤリス“SUV”」発表！ “めちゃ速”新ハイブリッドに「注目」！ オシャグリーンも新設定の「ヤリスクロス」ポーランド登場に反響集まる,https://news.yahoo.co.jp/articles/b8100252ff1b614599f455a84d7bf05e8fc735c2,7/11(木) 19:10
kurumans,くるまのニュース,「逮捕」まであと3日!? 警視庁の連載“猫マンガ”がSNSで話題に 「ペダル付き電動バイク」違法走行に警告！「7日後に捕まるモペ」最終回は日曜に,https://news.yahoo.co.jp/articles/4ff1cc478b8ccdedd62cfe612858f4d75f169fb0,7/11(木) 18:40
kurumans,くるまのニュース,ホンダ“新”「フィット」発表！ “最も燃費がイイ”「ハイブリッドモデル」!? デザイン異なる“独自モデル”に安全性高めた「新仕様」台湾で登場,https://news.yahoo.co.jp/articles/6b349e2d8bb595235149e4ed1158386f9a2e42fc,7/11(木) 18:10
kurumans,くるまのニュース,マツダ“新型”「MAZDA 2」まもなく登場!? 超“精悍顔”化＆ロータリー搭載？ デビュー10年目の「小さな高級車」どうなるのか,https://news.yahoo.co.jp/articles/c51d8b3db5608b8c1d1fcad43df18219483c8726,7/11(木) 17:40
kurumans,くるまのニュース,トヨタ新型「ハイエース」まもなく登場!? デビュー20年目「大人気“商用バン”」の進化に期待大！「超静音モデル化」実現か,https://news.yahoo.co.jp/articles/4cb76de62228c73d61bd12aed778068a2e6fbc28,7/11(木) 17:10
kurumans,くるまのニュース,圏央道「横浜湘南トンネル」上り線がいよいよ貫通へ!? 湾岸線直結まで「最後の未開通部」工事進行中「まずは対面通行で暫定開通して」の声も!?,https://news.yahoo.co.jp/articles/5c7f383eeab4577842d25cf9a22d83ca8d4d40fd,7/11(木) 16:40
kurumans,くるまのニュース,全長2.5m切りのトヨタ「斬新2シーターモデル」に反響多数!? 「これで十分」「シンプルなのでイイ」 100万円台で画期的な「おふたりさま向けマシン」とは,https://news.yahoo.co.jp/articles/e70966ea3e63f6f63b68c21db38d7c0ef7499d91,7/11(木) 16:10
kurumans,くるまのニュース,スバルが新たな「SUV」発表！ 黒グリルが都会的＆精悍な「“特別な”フォレスター」330万円からの“格安プライス”で登場！,https://news.yahoo.co.jp/articles/571008baa2cc9aea0d9d8e909d99aae4353fdfd0,7/11(木) 15:10
kurumans,くるまのニュース,140万円以下！ ダイハツの「コンパクトミニバン」がめちゃ人気!? 全長4.1m級×3列で5速MT設定もある「シグラ」インドネシアで活躍,https://news.yahoo.co.jp/articles/d238ba4d46180e201e79c5b446ce7fba18aa7658,7/11(木) 14:50
kurumans,くるまのニュース,トヨタ「“ちょっと大きい”ヤリス」実車公開！ 斬新“大口顔”の「コンパクトモデル」！ 全長4.1m級ボディ＆赤内装の「プレミアムS」バンコクで披露,https://news.yahoo.co.jp/articles/b961d21e7ec3b9a495925f52db5da46624b2fb93,7/11(木) 14:10
kurumans,くるまのニュース,トヨタ新型「ライズ」まもなく発表!? 全長4m以下「超小型SUV」！ 26年にも”登場”期待の「次期ロッキー／ライズ」どうなる？,https://news.yahoo.co.jp/articles/2c95d3bf9f8cad074934358385bfbd6893c98fb3,7/11(木) 13:10
kurumans,くるまのニュース,マツダ「“爆速”ロードスター」公開！ 高出力「2リッター直4」＆専用エアロ装備！ “超スパルタ仕様”のソフトトップモデル「スピリットRS」実車展示！,https://news.yahoo.co.jp/articles/2999f1d72fdab1350f6ec8d8308e71865c07f231,7/11(木) 12:50
kurumans,くるまのニュース,トヨタ斬新「スターレット」登場！ 「5ドアハッチボディ」＆巨大ウイング装備！ “超スパルタ仕様”の「懐かしいモデル」が南アフリカを爆走！,https://news.yahoo.co.jp/articles/55653d2ce65d3b2c81c38be8d208ec152a232a23,7/11(木) 12:30
kurumans,くるまのニュース,ホンダ新型「Z2000」!? 15年ぶり復活な「2シーターオープン」!? 斬新顔＆超静音モデル化の“現代版S2000”のCGに反響集まる,https://news.yahoo.co.jp/articles/0a2c32fea90e196ee8dbaf59e4b7dfd9b610ce9c,7/11(木) 12:10
kurumans,くるまのニュース,ホンダ新型「プレリュード」実車公開！ めちゃスポーティな2ドアクーペ＆鮮烈レッドボディで登場！ 欧州で販売へ！,https://news.yahoo.co.jp/articles/192bf2257401c390291b8ee883b52525f2a098ef,7/11(木) 11:50
kurumans,くるまのニュース,ついに自衛隊に!? 迷彩ボディカラーのトヨタ「1／2t トラック」登場？ 人気「ランクル70」が制式化なるか,https://news.yahoo.co.jp/articles/3b9b9c23481e067cb46992fdb02409c90ef371ac,7/11(木) 11:30
kurumans,くるまのニュース,えっ…！「車検」通らないかも!? 24年秋から施行の「新制度」って何？ ユーザーも知っておきたい「OBD検査」の正体とは,https://news.yahoo.co.jp/articles/10ce9c1ffcdc7e627608b05c7d86ddf2fe094e9b,7/11(木) 11:10
kurumans,くるまのニュース,「“背の低い”ミニバン」なぜ消えた？ 今は「“背の高い”ミニバン」が定番に！ ユーザーは「ミニバン」に何を求めるのか？,https://news.yahoo.co.jp/articles/e38c866b62b1147afb8cb6975f9da831ffca7b8d,7/11(木) 10:25
kurumans,くるまのニュース,209万円！ ホンダの小さな「新型SUV」何が人気？ カクカクデザインのスクエアモデル！ WR-Vに寄せられる声とは,https://news.yahoo.co.jp/articles/a13647b1d16fab7df374be30cc074cfcda9382d7,7/11(木) 10:10
kurumans,くるまのニュース,「知らないなら免許返納を…！」の声も!? 道路にある「謎の斜線ゾーン」どんな意味？ 誤進入した場合の罰則とは,https://news.yahoo.co.jp/articles/52d00462e726105ed28f5ec767c7f81d344706e6,7/11(木) 9:10
kurumans,くるまのニュース,スバルが新型「爆速セダン」世界初公開！ 680馬力＆漆黒ボディの「モンスター仕様」!? 史上最速「WRX」英でお披露目,https://news.yahoo.co.jp/articles/426846993fb291cd0b244cc34378eed22f108301,7/11(木) 8:25
kurumans,くるまのニュース,約50万円で「3人」乗れる！ “公道走行”も可能な「新型モデル」登場！ 日常で大活躍する「斬新トライク」はクルマとバイクの“良いとこ取り”！,https://news.yahoo.co.jp/articles/a8de3094c0f5b024a3902be5f91c4710c172447b,7/11(木) 8:10
kurumans,くるまのニュース,国交省ガチ警告!?「バスに急ブレーキ踏ませるな！」キックボードや自転車も…実験で“後頭部強打”衝撃映像も,https://news.yahoo.co.jp/articles/1832593f5a75a05a4fb3afbb426347ea510b5b27,7/11(木) 7:40
kurumans,くるまのニュース,トヨタ新型「商用バン」発表！ 6速MT設定アリ＆斬新“大口顔”がカッコイイ！ 最も売れてる「プロエース“シティ”」に「日本でも！」と熱望の声も…仏に登場,https://news.yahoo.co.jp/articles/b15a2f47b370152067a4937ba268b40562eadb66,7/11(木) 7:10
kurumans,くるまのニュース,ホンダ高級「“スポーティ”SUV」実車公開！ 超“精悍”な「スタイリッシュモデル」！ 迫力エアロが超カッコイイ「CR-Vモデューロ」バンコクで展示,https://news.yahoo.co.jp/articles/a5c0ab34bc6bef8361ca693052dcdad0c28f2cea,7/11(木) 6:40
kurumans,くるまのニュース,トヨタが「高級コンパクトミニバン」実車公開！ 全長4.5m級“ちょうどイイ”サイズ×上質内装採用！ 斬新“6角形グリル”採用の「ヴェロズ」タイで披露,https://news.yahoo.co.jp/articles/f0782f7027bb5f193db5b4f4b20632cd8c7dca60,7/11(木) 6:10
kurumans,くるまのニュース,5速MTあり！ ホンダ新型「斬新4輪モデル」発表！ 100万円台価格でスポーティ「4WD」×超タフデザイン採用！ めちゃ楽しそうな「ATV」米で発売,https://news.yahoo.co.jp/articles/4ef474054ae91b67c0ff4b8ace43fc160fcb0858,7/11(木) 5:50
kurumans,くるまのニュース,まじ？ ブレーキダストやタイヤまで環境規制の対象に！ 欧州排ガス規制「EURO7」が日本車に与える影響とは,https://news.yahoo.co.jp/articles/02dff5929e81a997e94eb6e5f01030b83eedbc83,7/10(水) 23:10
kurumans,くるまのニュース,日向坂46「富田鈴花」の愛車「ジムニーシエラ」登場！ 購入後初の“手洗い洗車”の様子に「ジムニー愛が素晴らしい」「クルマ楽しんでるって伝わる」と絶賛の声,https://news.yahoo.co.jp/articles/34b8d0fda8c92f1640209a99798c1d045bcb7182,7/10(水) 22:10
kurumans,くるまのニュース,“旧車デザイン”の新型「本格4WD」公開！ 「ジムニー」のような「箱型」デザインがカッコイイ！ アルファ新型「ORYX」米で発表,https://news.yahoo.co.jp/articles/ad7892c8a62bd2dc91986958f0818c5e5cd15b30,7/10(水) 21:25
kurumans,くるまのニュース,灼熱の“真夏の道路”でクルマの「タイヤ」は溶ける？ ゴムは「高温の影響」を受けないの？「気になる疑問」をタイヤメーカーに聞いた,https://news.yahoo.co.jp/articles/ca3bad2c167a82b11b25aa09a75264c5e7cbdb34,7/10(水) 21:10
kurumans,くるまのニュース,三菱が「新型“コンパクト”SUV」発表！ 全長4.3m級×クラス超え「上質内装」採用！  斬新「T字ライト」採用の「新型Xフォース」フィリピンで発売,https://news.yahoo.co.jp/articles/0f29ecca5bd1da8d3ef8724a9e0e41dc260def55,7/10(水) 20:25
kurumans,くるまのニュース,ホンダが新型「ビート」初公開！ めちゃスポーティ＆開放的な「2シーター仕様」復活に大反響！ ファン待望の“名車”を継ぐ「新型二輪モデル」尼で見せた姿とは,https://news.yahoo.co.jp/articles/837252be4964976029f744c323dcc1b64bd530a4,7/10(水) 20:10
kurumans,くるまのニュース,警視庁ブチギレ!? 反則金バックレ違反者「292名逮捕」怒りの「逃げ得は許さない！」追跡捜査強化で“一網打尽”,https://news.yahoo.co.jp/articles/ec9fe006517ea1182a1418b1ef196e183b2d2bee,7/10(水) 19:40
kurumans,くるまのニュース,なぜパトカーは「白黒」になった？ 最初は“ほぼ一般車”そのままだった!? 知られざる「パトカーの歴史」とは,https://news.yahoo.co.jp/articles/39a1580ed38688ddc601796d05d80b47e94d39bb,7/10(水) 19:10
kurumans,くるまのニュース,ホンダが「スポーティSUV」実車公開！ 精悍デザインの「RSモデル」登場！ めちゃカッコいい「CR-V」タイで披露,https://news.yahoo.co.jp/articles/9100688a215c840d1d7ef2604424cceedf77fbba,7/10(水) 18:10
kurumans,くるまのニュース,ホンダが斬新デザイン「SUV」を次々発表！ 4ドアスポーツセダンも登場予定!? 攻勢続く中国市場のイマ,https://news.yahoo.co.jp/articles/691b3caffdd2c26fea09b65f78f2e5fcfe051347,7/10(水) 17:40
kurumans,くるまのニュース,トヨタ新型「スポーツ”SUV”」世界初公開！ めちゃ速な「4座仕様」！ 斬新エアロが超カッコイイ「ハイパーF」バンコクで披露,https://news.yahoo.co.jp/articles/70c147512daf7fb0a9249dc3f4af96648c926257,7/10(水) 17:10
kurumans,くるまのニュース,「左折時は必ず一時停止」全国のトラック運転手に徹底指導へ 徳島の「横断歩道巻き込み」児童死亡事故をうけ 「先に通過できると思った」「見えなかった」撲滅めざす,https://news.yahoo.co.jp/articles/c12534ad26e286822cbedeeee892e2bd80745bac,7/10(水) 16:40
kurumans,くるまのニュース,マツダ新型「“ユーノス”なロードスター」登場!? レトロ風「ブラック×ゴールド」に「上質レッド内装」採用!? 期待される「35周年記念車」の姿とは,https://news.yahoo.co.jp/articles/f490a9891bb0d0fb1ede7b01ac9ea310f5bb9cab,7/10(水) 16:10
kurumans,くるまのニュース,全長約4m！ 斬新すぎる「小さい“アメ車”」がスゴい！ 中身はトヨタの小型SUV!? 428万円で買える「Havana」とは？,https://news.yahoo.co.jp/articles/7740d45fd13fd7b0937acbd1f4e025d11d93f9ad,7/10(水) 15:10
kurumans,くるまのニュース,トヨタが新「“超すごい”GRヤリス」実車公開へ！ “画期的ユニット”搭載の「進化版」！ 迫力フェイスの「H2 C」英に登場へ,https://news.yahoo.co.jp/articles/ad77c1f34b0997c0c3a74802de1cb86a1787ebc3,7/10(水) 14:50
kurumans,くるまのニュース,HKSがフェアレディZ（RZ34）用「CARBON BRACE」をラインナップに拡充！ 新設計リアブレースで上質な乗り心地と高級感を実現,https://news.yahoo.co.jp/articles/d57c30aaf5745ad9324fcacb1086172556303c58,7/10(水) 14:25
kurumans,くるまのニュース,「カーエアコン寒い！」「いや暑い！」どう対応？ 夏のドライブの「肌感覚」違うとトラブルに！意外と大事な「温度調整」以外のエアコン使用法とは,https://news.yahoo.co.jp/articles/1e61d2d42294caf7a70ee7bab56dbcef0908feae,7/10(水) 14:10
kurumans,くるまのニュース,ホンダ新型「小型ミニバン」“無限カスタム”初公開！登場！ めちゃスポーティ＆精悍スタイルの新型「フリード」とは？,https://news.yahoo.co.jp/articles/01ad6d08a54e65a268accceae8e898e2a65381e1,7/10(水) 13:10
kurumans,くるまのニュース,“旧車デザイン”採用！ トヨタの新「ハイエース」発表！ タフ感高めの“名車顔”が超カッコイイ！ オシャグリーン似合う「顔面刷新化」約43万円,https://news.yahoo.co.jp/articles/177d78a97a311c7f9e444b79cffb3aef4fae49c6,7/10(水) 12:30
kurumans,くるまのニュース,1000馬力“4.1リッターV6”搭載！ 新「GT-R“R36”」まもなく登場！ 「旧型風デザイン」採用した「和製スーパーカー」に期待の声！,https://news.yahoo.co.jp/articles/5598645c16d754a1a06d98bf0536e3ea018d924b,7/10(水) 12:10
kurumans,くるまのニュース,トヨタ新型「ランクル70“軽”」に再び反響殺到！ 歴代初の「軽」爆誕!? “斬新ボディ”にビックリ！ 超カッコイイ「ナナマル」に熱視線！,https://news.yahoo.co.jp/articles/ce7877fb5ec0bbf47c91af9f8d31ebeb113dcb19,7/10(水) 11:50
kurumans,くるまのニュース,6000万円超え！ いすゞ「超スゴい“精悍モデル”」登場！ 画期的な「段差なし・静音仕様」!? 70人乗りの「新型エルガEV」藤沢工場で運行開始,https://news.yahoo.co.jp/articles/067b41141d8e67873f5dd7aa63d5037e2352e140,7/10(水) 11:30
kurumans,くるまのニュース,車の「ヘッドライト」なぜ“黄ばむ”？ 「テールライト」は変色しないのに… 前後の「ライト」劣化が異なる理由とは？,https://news.yahoo.co.jp/articles/a833a539807f49abb21be39bf7cc049736337502,7/10(水) 11:10
kurumans,くるまのニュース,トヨタが「“デカい”ヤリスクロス」実車公開！ 斬新「ミニRAV4顔」×上質内装の「高級独自仕様」!? 全長4.3m級の「最新モデル」タイで披露,https://news.yahoo.co.jp/articles/9f12811b1fa647fe10a3d1994c06b44eecf012cd,7/10(水) 10:10
kurumans,くるまのニュース,免許更新の一部がオンライン化！ 「家で出来るのサイコー」 対象・条件は？ 誰でも出来る？ 24年度末には全国で,https://news.yahoo.co.jp/articles/fb2d066c638ff66fcd31ab57c131528d314fa267,7/10(水) 9:10
kurumans,くるまのニュース,三菱が新型「コンパクト“ミニバン”」実車公開！ 全長4.4m級ボディの「3列7人乗り」仕様！  SUV並みの“走行性能”有する「エクスパンダー」タイで実車展示,https://news.yahoo.co.jp/articles/400c0197632c9204c17a4bcbf67952a12162da3b,7/10(水) 8:25
kurumans,くるまのニュース,日産が新型「軽ハイトワゴン」発表！ 打倒「N-BOX」めざす「新・背高モデル」がカッコいい！ もはや「小さな高級車」な“新型ルークス”に驚きの声！,https://news.yahoo.co.jp/articles/3a7d030ea1609266d04f9a318fd163f1c6520a2c,7/10(水) 8:10
kurumans,くるまのニュース,ホンダの“超レトロ”な斬新「軽トラ」がスゴイ！ ターボとMT搭載した「農道最強」モデル！ まさかのスポーツ商用車「T880」とは！,https://news.yahoo.co.jp/articles/27b2b7434e19cae7a86a3343b26148c2d8825598,7/10(水) 7:40
kurumans,くるまのニュース,日産「新型スカイライン」発売へ 歴代最強の「匠“手組み”エンジン」×「旧車風デザイン」採用！ 「スゴく特別なスカイライン」今夏登場,https://news.yahoo.co.jp/articles/6da39da049108595cf3940fb42c1ce0ed44783d6,7/10(水) 7:10
kurumans,くるまのニュース,「絶対ライトつけないマン」なぜ存在？ 日没後「非点灯」は違反！ 「自分勝手なドライバー」が増えた理由とは,https://news.yahoo.co.jp/articles/6aed489221881631d8fa5558a49985b7fc137b99,7/10(水) 6:40
kurumans,くるまのニュース,トヨタ新型「コンパクト“SUV”ミニバン」初公開！ 全長4.4m級の「3列仕様」！ タフ顔＆オシャベージュの「ヴェロズ」泰で登場,https://news.yahoo.co.jp/articles/103cefe2731e6650ca5a7f6b2ca59a19ecc2b07a,7/10(水) 6:10
kurumans,くるまのニュース,金属の質感にこだわったマフラー！ HKS「Super Turbo Muffler URBAN MATTE EDITION」にGRヤリス、スカイラインGT-R（BNR32／34）用が登場！,https://news.yahoo.co.jp/articles/77059a288be310d39cc4d009a8ecdadab53b861b,7/10(水) 5:50
kurumans,くるまのニュース,超コンパクトな新型「ホンダ四駆」公開！ めちゃ楽しそうな「本格オフロード車」！ デザイン変更＆積載性向上の「ルビコン」米に登場,https://news.yahoo.co.jp/articles/b47b07374eaf5a678e36fcd9d65baa63ae61c9e5,7/9(火) 22:10
kurumans,くるまのニュース,新型「“超スゴイ”SUV」初公開！ 3列シート×V8エンジン搭載！ 電撃＆煙幕攻撃もできちゃう“カクカクSUV”「アーセナル」米で発表,https://news.yahoo.co.jp/articles/acf7f73fddfab13eedd0be106a77da5cfd994a61,7/9(火) 21:10
kurumans,くるまのニュース,愛車の「ローダウン」に要注意！ 車高を落とす「定番カスタム」のメリット／デメリットとは？「下げすぎNG」なトラブル事例も！,https://news.yahoo.co.jp/articles/8fb99c133d10e24d4c866c0ba8e1f5abb74096d6,7/9(火) 20:25
kurumans,くるまのニュース,トヨタ新型「カローラクロス」実車公開！ “レクサス”級に超カッコイイ！ 4年ぶり顔面刷新の「新“コンパクト”SUV」バンコクで披露,https://news.yahoo.co.jp/articles/2739a608d2c9ce42e913d459bf6530b9c3ed0fbd,7/9(火) 20:10
kurumans,くるまのニュース,余計な119番通報「ガチャ切り」します！ 東京消防庁がついに「最終宣告」 熱中症急増で電話が「パンク状態」!? 出動件数は「過去最多レベル」に到達,https://news.yahoo.co.jp/articles/900cb2ca0829bcdece9a6336c3e980487d0a5fe3,7/9(火) 19:40
kurumans,くるまのニュース,三菱“12年ぶり”復活の「新型4WD」が人気すぎ!? 全長5.3m超ボディで500万円級！ 新型「トライトン」が爆売れ,https://news.yahoo.co.jp/articles/99cb95bd201f0e197a93d4c8fde1ae3730b34e34,7/9(火) 19:10
kurumans,くるまのニュース,スズキ新型「ステーションワゴン」発表に反響多数!?「こういうの欲しい」の声！ 新登場の「速度違反防止システム」にも反響!?「ぜひ義務化して」 新「スウェイス」英国で登場,https://news.yahoo.co.jp/articles/dcd01a0d7f236c13819504029d8cee973e2aa6a3,7/9(火) 17:40
kurumans,くるまのニュース,トヨタ新型「プリウス“クーペ”」に大反響!? ド迫力“ワイドボディ”の「２ドア“ワゴン”」！ 2本出しマフラーも超カッコイイ「シューティングブレーク版CG」とは,https://news.yahoo.co.jp/articles/27ad67524c933ccbcb6fcec6e887374e28a3f07c,7/9(火) 17:10
kurumans,くるまのニュース,スバル新型「2ドアスポーツクーペ」発表に反響多数!?「黄金ホイールすごい」「素晴らしい車」 爆速2代目の“最終限定版”「BRZ」独に登場,https://news.yahoo.co.jp/articles/a3c46ca58d516cbd31f7b0f9cd2b6761657dbbd8,7/9(火) 16:40
kurumans,くるまのニュース,トヨタ「ランクル “スポーツ”」公開!? ド迫力「リアウイング」×「精悍エアロ」がカッコイイ！ 存在感ある「フルカスタム仕様」発売,https://news.yahoo.co.jp/articles/c58d1669ddd889ee72dfd3d1dd5dd18976572384,7/9(火) 16:10
kurumans,くるまのニュース,日産が斬新「黒すぎ顔SUV」初公開！ ゴツすぎデザイン採用!?  「Rock Creek」今夏後半発売！ 新型ローグ、米国に登場,https://news.yahoo.co.jp/articles/71e9cd2c05d76ba141119f1c99ecc6c357597ed6,7/9(火) 15:10
kurumans,くるまのニュース,トヨタの老舗ブランド「カローラ」なぜ複数モデルを展開する？ セダン・ワゴン・SUVにかつてはミニバンも存在!? “シリーズ化”のメリットとは？,https://news.yahoo.co.jp/articles/0473347dbce9edbf1457380381b5aefefaa71cfd,7/9(火) 14:50
kurumans,くるまのニュース,広島～廿日市の“湾岸線”4車線化いよいよ大詰め!? 臨海部バイパスの「広島はつかいち大橋」2本目が橋桁工事開始,https://news.yahoo.co.jp/articles/fdde38a6fd8aaa1580a3750e8292b04063422387,7/9(火) 14:10
kurumans,くるまのニュース,ニッサン新型「3列SUV」発表！ タフな「“デカ”エクストレイル」に“お買い得仕様”復活！ 上品内装も超カッコイイ「パスファインダー」オーストラリアに登場,https://news.yahoo.co.jp/articles/6f2298a49aa551c33e476fbec78d832ead66d2c4,7/9(火) 13:10
kurumans,くるまのニュース,「“2列6人乗り”ミニバン」がスゴイ！ 「前列3人シート」って便利!? “クセ強”な座席のクルマ3選,https://news.yahoo.co.jp/articles/87cb1da3374f511abed61631188f9b15de7c3260,7/9(火) 12:50
kurumans,くるまのニュース,コスパ最高！ 全長2.5mの新型「めちゃ小さなクルマ」実車展示！ レトロな“丸目二灯”採用した「新型ミボット」8月に受注開始へ,https://news.yahoo.co.jp/articles/54e12285e044946c34c0f6c52b175f9e4a4df062,7/9(火) 12:30
kurumans,くるまのニュース,ホンダが赤い新型「プレリュード」初公開！  美麗すぎる「スペシャリティクーペ」登場!? HV25年記念で欧州で復活,https://news.yahoo.co.jp/articles/6e40201faa8489c7e71969c7160677ea45a12522,7/9(火) 12:10
kurumans,くるまのニュース,トヨタ新型「ハリアー」!? 人気の「高級感SUV」は“斬新サメ顔”に顔面刷新？ 期待高まる「新モデル」予想CGが公開,https://news.yahoo.co.jp/articles/b724faf0ca5bd3b1029b5a64f970174d3f811049,7/9(火) 11:50
kurumans,くるまのニュース,スズキ新型「クーペSUV」登場！ 24年秋発売の新型「フロンクス」に大反響！「カッコいい！」「期待してる！」の声多数！,https://news.yahoo.co.jp/articles/236819ec30c23826598a4eb9091ed00ff3e98df8,7/9(火) 11:30
kurumans,くるまのニュース,クルマに付いた「砂ぼこり」 気になっても「乾拭き」は絶対NG！さらに「濡れたクロス」も要注意!? ではオススメの洗車方法とは！,https://news.yahoo.co.jp/articles/f61682c708abeea65dc4ddc9272d9f9768b5b2a2,7/9(火) 11:10
kurumans,くるまのニュース,スバルが新型「4ドアセダン」世界初公開へ!? スゴイ「黒ボディ」の「プロジェクトミッドナイト」！ めちゃ速そうな「新モデル」英に登場,https://news.yahoo.co.jp/articles/c547310c48642788ee212a9ca1a8d46e24314caa,7/9(火) 10:10
kurumans,くるまのニュース,炎天下の車内に「サンシェード」ホントに意味ある？ “最速で冷やす”最も効果的な方法が判明！ すぐ出来るコツは？,https://news.yahoo.co.jp/articles/22507f4437137c199224f9f46bb9c6e6f00719c9,7/9(火) 9:10
kurumans,くるまのニュース,「洗車機は“キズ”がつく」は「古い常識」ってマジ!? 謎の「スゴイ洗車機」増加中？ 意外と知らない“正しい”洗車機の使い方とは,https://news.yahoo.co.jp/articles/4c3b97abfbf06ae4effd4a54806eabc9b57acbe3,7/9(火) 8:25
kurumans,くるまのニュース,ホンダが「新型シティ」実車公開！ ド迫力の「RS仕様」がカッコいい！ 超スポーティに“進化”した「新型モデル」を泰で披露！,https://news.yahoo.co.jp/articles/6addbb9ef36f18a0aa4402d6b363f9b16cbcce49,7/9(火) 8:10
kurumans,くるまのニュース,謎の「白バイコスプレおじさん」 は違反？ 警察”風”の白バイク×青ユニフォームで話題に…現状は？ 法律的にはセーフ？ 元警察官が解説,https://news.yahoo.co.jp/articles/4d7138a611edbc69fc2822ba5aa28d7a8ad779d3,7/9(火) 7:40
kurumans,くるまのニュース,トヨタ新型「ハイラックスチャンプ」発売は？ 「200万円台」なら爆売か!? ゴツ顔×車中泊仕様も展示！ 注目の1台とは,https://news.yahoo.co.jp/articles/7d352f99b0124b4f73e75ea935ab49eaeba1b123,7/9(火) 7:10
kurumans,くるまのニュース,ホンダ新型「ミニバン」登場！ 最高級＆フル装備の新型「フリード」一体いくら？ オプション“モリモリ”仕様の全貌は？,https://news.yahoo.co.jp/articles/5bb63e283f656ded2854f1ee307b06a738d968b5,7/9(火) 6:40
kurumans,くるまのニュース,650万円!? トヨタ「高級SUVミニバン」実車公開！ ド迫力”ヘキサグリル”採用のタフモデル！ ヒンジドアの「イノーバ ゼニックス」タイで登場,https://news.yahoo.co.jp/articles/b2c3047fbaf965af7081dd28b3e13f7eb7e08de0,7/9(火) 6:10
kurumans,くるまのニュース,「えっ…！超かっこいい！」 4×4エンジニアリングがランドクルーザー250に装着可能な3種類のホイールを紹介！,https://news.yahoo.co.jp/articles/9bbcddd027f3342e247a2f725c13a52370e5b6e2,7/9(火) 5:50
kurumans,くるまのニュース,ノブコブ吉村「マクラーレン」のセカンドカーに「レクサスLM」お買い上げ!? 「ゴルフの足に…」購入？ めちゃリッチな「2台目選び」の様子を公開,https://news.yahoo.co.jp/articles/4e35e7680fa88e06be88e6d0fba580a7c4f1e4e1,7/8(月) 22:10
kurumans,くるまのニュース,ついに「空飛ぶクルマ」飛び回る!? JR九州エリアで「送迎、遊覧飛行」に期待!? スズキ工場発の「SD-05」とは,https://news.yahoo.co.jp/articles/9a70b5d7e85333bc5a0b8098c9fea6a80d86e8ba,7/8(月) 21:25
kurumans,くるまのニュース,日産「キャラバン“爆睡仕様”」実車展示に大反響！ 「巨大ベッド」搭載で“車中泊”めちゃ快適！ 利便性もバッチリの 「マルチベッド」に釣り人から熱視線,https://news.yahoo.co.jp/articles/2acc6cf4b2684d3297c437526e1c806aed762bf9,7/8(月) 21:10
kurumans,くるまのニュース,マジ？ 絶対「速度出せない装置」導入！ 日本はどうなる？どんな影響があるの？  欧州で始まる！,https://news.yahoo.co.jp/articles/0995c3f932bd3b549f4e46894cce9e65c674ce47,7/8(月) 20:25
kurumans,くるまのニュース,なぜトヨタ「ランクル」は3タイプも用意？ 最上級「豪華モデル」からめちゃ“タフ仕様”まで展開 バリエーションが増えた理由とは,https://news.yahoo.co.jp/articles/114ed71d678b6e8ae3c7c584c685ffaaf14589b0,7/8(月) 20:10
kurumans,くるまのニュース,日産が新型「小さな高級SUV」発表！ “街乗り”から「アウトドア」まで使える上級モデル！ めちゃ豪華な新型「ノートSUV」に販売店の反響とは,https://news.yahoo.co.jp/articles/abdb63a73f61d76f45646a61aba0af6207952533,7/8(月) 19:10
kurumans,くるまのニュース,低燃費で雨にも強い！ グッドイヤーの新ハイパフォーマンスタイヤ「イーグル F1 アシメトリック 6」に替えると走りはどう変わる？,https://news.yahoo.co.jp/articles/7c5f40a42b0e8a5e9e03b1362d4a9051ba44b4a8,7/8(月) 18:40
kurumans,くるまのニュース,いすゞ「新型“3列”SUV」初公開！ めちゃスポーティな「RS」もアリ！ 4年ぶり顔面刷新の「ミューエックス」何が変わった？ タイで登場したド迫力モデルとは,https://news.yahoo.co.jp/articles/5b3f350cf5944e11b217f48b2b6a2d8a057edb2d,7/8(月) 18:10
kurumans,くるまのニュース,300馬力超え!? トヨタ新型「すごいヤリス」登場！ 爆速仕様の新型「GRヤリス」スペインで発売　約825万円から,https://news.yahoo.co.jp/articles/28d6754b09b3aa1d7260dc62ae60113f5af3d0ea,7/8(月) 17:40
kurumans,くるまのニュース,トヨタ新型「カローラFX」発表に反響多数!? 「復活!?」「気になる」の声！ 1987年モデルへの「敬意」盛り込んだ”スポーティセダン”！米国に登場,https://news.yahoo.co.jp/articles/78d3364cdb1b3fb6c5b81df44fc16cd663bdd209,7/8(月) 17:10
kurumans,くるまのニュース,日産の「ハイブリッド」何が「スゴイ」？ トヨタ式ハイブリッドとの「違い」って!? 窮地を救った独自の「技術」とは,https://news.yahoo.co.jp/articles/49bd96f7579687dfd5ad9dfa7785c7e656ddcfef,7/8(月) 16:40
kurumans,くるまのニュース,「軽トラ」の荷台で「広々サウナ」を楽しめる！ めちゃ“ととのう”ダイハツ「ハイゼット」実車公開！ 斬新すぎる「プライベートサウナ」が発売！,https://news.yahoo.co.jp/articles/ba5e4865bc4d6bedd6a93f2c6aa77019a654a716,7/8(月) 16:10
kurumans,くるまのニュース,トヨタ「“超すごい”ハイエース」初公開！ 車中泊できる「5人乗りワゴン」登場！ 万能すぎる「ステルス仕様」を実車展示,https://news.yahoo.co.jp/articles/9864b932e70e93c9aa8ee9b48bf67768183ba453,7/8(月) 15:10
kurumans,くるまのニュース,新型「“MR”スポーツカー」公開！ 「旧車デザイン」が超カッコイイ「3.0リッターV6搭載モデル」！ アンダー1500kgの「イコーナ＆レッジェンダ」登場,https://news.yahoo.co.jp/articles/33975f7ae600932c6016660f6fdd5e79bbc375e7,7/8(月) 14:50
kurumans,くるまのニュース,どう見ても緑なのに「青信号」なぜ!? 理由は「日本独自の価値観」にあった！ 欧米とは全然違う「歴史と信号色の深い話」,https://news.yahoo.co.jp/articles/6b3fff9e872318a5e1e87512e6d432566be438b3,7/8(月) 14:10
kurumans,くるまのニュース,日産「“新型”小さな高級車」発表！ 3年ぶり刷新でクラス超え「豪華内装」も進化！ 「斬新ストライプ」×めちゃ高級シートの「ノートオーラ」特別モデルとは,https://news.yahoo.co.jp/articles/f00d5916d423bdb2a3fc55c83db185effc671495,7/8(月) 13:10
kurumans,くるまのニュース,一番売れている「軽自動車の“王様”」はどれ？「23ヵ月連続ナンバーワン」も！ 2024年「“軽”販売ランキング」トップ3,https://news.yahoo.co.jp/articles/b73000a48b26f735ed6a58f84bd928be6318c4a3,7/8(月) 12:50
kurumans,くるまのニュース,マツダ新型「コンパクト“SUV”」発表！ 新エンジン搭載＆6速MT設定アリ！ “小さな高級車”な上品内装もイイ「シーエックス サーティー」独に登場,https://news.yahoo.co.jp/articles/4af4c263fd264e37348f4730dc287d3594fee57b,7/8(月) 12:30
kurumans,くるまのニュース,トヨタ新型「ハイラックスチャンプ」実車公開！ 「どこでもキャンプ仕様」展示！ 発売は？ ゴツレトロ顔の特徴とは,https://news.yahoo.co.jp/articles/aea6ae24481137cfc2a2c040a495868ea9b74c09,7/8(月) 12:10
kurumans,くるまのニュース,ホンダ新型「“デカい”SUV」に大反響！ 斬新な「シンプルデザイン」＆高級感マシマシ！  超カッコいい「プロローグ」に熱視線,https://news.yahoo.co.jp/articles/47816f47c62b47a2b7e01849f2d64ef7428b9e43,7/8(月) 11:50
kurumans,くるまのニュース,全長2.6m!? めちゃ小さいマツダ「ミニ・ロードスター」が凄い！ 屋根なし“常時フルオープン”の斬新すぎる「ND型」正体は？,https://news.yahoo.co.jp/articles/2a90207f5b8b04ad4b6e8f7e4b7bd9feefde29e6,7/8(月) 11:30
kurumans,くるまのニュース,軽自動車の「黄色い車検ステッカー」なぜ廃止？ 登録車と同じ「ブルー」に統一！ “別々やめた”納得の理由とは？,https://news.yahoo.co.jp/articles/01ce7f2e41a183d32670fb33bdb53b6f4f7e5cd1,7/8(月) 11:10
kurumans,くるまのニュース,ホンダ新型「フリード」VSトヨタ「シエンタ」“どっち”を選ぶべき？ 大人気「コンパクトミニバン」の“使い勝手”は「どう違う」のか,https://news.yahoo.co.jp/articles/4a3d05d0d8f3e44fef75c9a6f227c923929800aa,7/8(月) 10:10
kurumans,くるまのニュース,警察官は「免許証」の何を見てる？ 「12桁の数字」で犯罪歴は分かるの？ 隠された意味、元警察官が解説,https://news.yahoo.co.jp/articles/17487d5c14a8eb5dd9d2ef9c82390f0aab8918b5,7/8(月) 9:10
kurumans,くるまのニュース,全長2.7m！ 49万円のスズキ「めちゃ小さいクルマ」が凄い！ 軽量ボディに「5速MT」も搭載！ 一番スズキらしい「挑戦的モデル」に熱視線,https://news.yahoo.co.jp/articles/fccd188f66bdeb07d9785143ac2a212de102e843,7/8(月) 8:25
kurumans,くるまのニュース,ホンダ新型「すごい軽バン」登場！ まさかの運転席のみ“おひとりさま専用モデル”アリ!? 新型「N-VAN e：」どんな人に適してる？,https://news.yahoo.co.jp/articles/6030ebfc152b6825716e7227d6768c615a27e628,7/8(月) 8:10
kurumans,くるまのニュース,「マジ…？」有料道路が無料化！ いつもの道がタダに？ 直近＆来年に「無料開放された路線」とは,https://news.yahoo.co.jp/articles/1c7d8a04b594fbda24df795ab9999358f95697d9,7/8(月) 7:40
kurumans,くるまのニュース,スズキが新「ジムニー“XL”」発表！ “旧車風デザイン”の「カクカクSUV」 レトロ仕様＆素仕様の5ドアも!? 日本販売は？ 海外事情とは,https://news.yahoo.co.jp/articles/c2ef828a12c85fe8ba34bbb502fb6b5c9ecd5902,7/8(月) 7:10
kurumans,くるまのニュース,スバルの新型「“黒顔”SUV」初お披露目！ タフ感高すぎる「AXIS GEAR」！ 市販化検討の「クロストレック用パーツ」実車展示,https://news.yahoo.co.jp/articles/c6258b9f5206a29b29e3940fc34494ac54da431e,7/8(月) 6:40
kurumans,くるまのニュース,スズキ新「ビート」発表に大反響！ タフ感高めな「コンパクトSUV」！ MT設定アリ＆4.1m級ボディの「ビターラ」豪に登場し「欲しい」の声,https://news.yahoo.co.jp/articles/ccbbcdc7e082875223fbcf974cd0d6f278905d2a,7/8(月) 6:10
kurumans,くるまのニュース,「TOYOTA GAZOO Racing GR86/BRZ Cup」でも使用可能！ ブリヂストンからハイグリップスポーツタイヤ「POTENZA RE-10D」が登場,https://news.yahoo.co.jp/articles/fa7a9839a0df0cc7e8827ec91441fce525b0c525,7/7(日) 22:10
kurumans,くるまのニュース,新型「２ドア“クーペ”」世界初公開！ V8エンジン＋4WD搭載！斬新“オタマジャクシ型”ヘッドライト採用の「コンチネンタルGTS」登場,https://news.yahoo.co.jp/articles/3ee61918760ecdb9f51a4ff574f3ac97e4cfecf7,7/7(日) 21:10
kurumans,くるまのニュース,いま乗ってるクルマを「オープンカー」に改造したい！ ズバッと「屋根を切れば」完成する!? 手作り「DIYオープンカー」の問題点とは,https://news.yahoo.co.jp/articles/f05c8012f54e0dbea2ed8f1e7c60808bb3db1b3a,7/7(日) 20:30
kurumans,くるまのニュース,トヨタ新「コンフォート＋」発表に大反響！ 約700万円の斬新「サメ顔モデル」に「日本にも」と熱望の声も！ 4.3m級の「コンパクトSUV」波に登場,https://news.yahoo.co.jp/articles/4262fe38a5ac27312674d7b7aa31504e01f2d638,7/7(日) 20:10
kurumans,くるまのニュース,4人寝られる!? ダイハツの「“2階建て”軽トラ」実車公開！ 4人乗り＆「めちゃ広」な快適「車中泊」仕様「JP STAR Happy1＋ City」登場,https://news.yahoo.co.jp/articles/df5fe31d530d180792fe5406d4000c9947fc3aa1,7/7(日) 19:10
kurumans,くるまのニュース,日産「斬新コンパクトSUV」実車展示！ 「“次期型”ジューク」なスゴいデザイン採用！ “チクチク”インテリアの「Hパンク」銀座で披露,https://news.yahoo.co.jp/articles/1af3e06f6700282ab41659dc0e57a96b784519c7,7/7(日) 18:10
kurumans,くるまのニュース,ホンダ「フィット」を買うのが夢なんです。ローンを月々いくら払えば購入できるのでしょうか？「最も安いモデル」で良いのですが,https://news.yahoo.co.jp/articles/23aec537c3f4b2a2805c75c359ae7b0e7ca1537f,7/7(日) 17:10
kurumans,くるまのニュース,三菱「新型トライトン」の“走行性能”高すぎ!? まさに新型「パジェロ」な「本格4WD」！ “三菱ラリーアート仕様”の実力とは,https://news.yahoo.co.jp/articles/76f324c1864f340ade687070e88f7a7835b5d96d,7/7(日) 16:10
kurumans,くるまのニュース,「サンキューハザード」に「賛否」あり!? 時には「イラッ」とさせることも？ どう使うのが「正しい」のか,https://news.yahoo.co.jp/articles/27832ed73957ba5f991318cfb27b3afd79ec8b71,7/7(日) 14:10
kurumans,くるまのニュース,新型「“V10”クーペ」初公開！ 全長4.5m級の「うすうすボディ」が超カッコイイ！ 斬新な「速すぎベルトーネ」モナコに登場,https://news.yahoo.co.jp/articles/e4dbf94e59686c09ec0c07b5ec6b86a400cc04f4,7/7(日) 13:10
kurumans,くるまのニュース,高梨沙羅の「最上級SUV」運転姿に反響多数!?「女優さんみたい」「峠道走って」 スバル「アウトバック」で欧州を華麗に走る,https://news.yahoo.co.jp/articles/ed835d9ed9acf4d7a43e748f42fe7a1076300b9a,7/7(日) 12:10
kurumans,くるまのニュース,「愛車がゲームボーイで盗まれました。」  物理対策×電波遮断カンペキのはず… なぜ？ 一方で「ランクル」発見出来た例も 盗難前後にやるコトは？,https://news.yahoo.co.jp/articles/6821388be6fc6cfb57ef63b5c2f627e87e56ef1d,7/7(日) 11:50
kurumans,くるまのニュース,トヨタ新型「RAV4」まもなく登場か!? マッチョボディ＆めちゃデカタイヤ装備！ デビュー6年目の「超人気SUV」の販売状況は？,https://news.yahoo.co.jp/articles/759cbed90b2bbb909043cf5741ce9d98767abe73,7/7(日) 11:10
kurumans,くるまのニュース,スズキ「最上級SUV」実車公開！ 超カッコイイ精悍“3灯”ライトに注目集まる！ ハイブリッドSUV「グランドビターラ」インドネシアに登場で反響の声,https://news.yahoo.co.jp/articles/88a161c1f7fef12e58ccc14891f5529ac8f9caac,7/7(日) 10:10
kurumans,くるまのニュース,なんで？ 違反しても“ゴールド免許”に影響ナシ!? 点数付かない違反行為… 5項目の内容とは,https://news.yahoo.co.jp/articles/fd9d77b4c3204f133aea02db7a026db278cc10bf,7/7(日) 9:10
kurumans,くるまのニュース,103万円！ スズキ「“超格安”小型ミニバン」が大人気！ 全長3.7m以下で「3列」!? 謎のロングセラーモデル「イーコ」がインドで支持される理由とは,https://news.yahoo.co.jp/articles/7428c9033a3de451efe96380875a8b9139f243a7,7/7(日) 8:10
kurumans,くるまのニュース,トヨタの新型「FJクルーザー」!? 丸目な「旧車デザイン」に反響多数!? 「これいいね！」「ゴツい！」など称賛の声！ 「本格4WD」大胆予想CGに「復活希望」さらに沸騰!?,https://news.yahoo.co.jp/articles/fb6c79ab43f768e60f7e3825ae31dad7cafeed56,7/7(日) 7:40
kurumans,くるまのニュース,「えっ、ETCゲートが開かない!?」うっかり車載器に「ETCカード」挿し忘れ！ やりがちトラブルの「正しい対処方法」とは,https://news.yahoo.co.jp/articles/891d70ddffab8f24151fa99026f93293f83b62e2,7/7(日) 7:10
kurumans,くるまのニュース,全長6m超え！ トヨタ新型「マックス」発表！ 465万円の“最大級”「商用バン！ 迫力顔も超カッコイイ「プロエース」伊に登場,https://news.yahoo.co.jp/articles/c4f1e543a9648605bcc727166916892761171752,7/7(日) 6:10
kurumans,くるまのニュース,SUVでも参加OK！ コスパ最高の”価値あり”イベント「マツダ スピリットレーシング ジムカーナ エクスペリエンス」を体験,https://news.yahoo.co.jp/articles/d8afdceda0f8c0f84dc2aa7dae7a740f9754c993,7/6(土) 22:10
kurumans,くるまのニュース,500馬力超え！ 日本専用の「新型スーパーカー」発表！ 鮮烈レッドの「V8エンジン」をミッドシップ搭載！ 情熱の“炎” モチーフの「レッドフレイム」とは,https://news.yahoo.co.jp/articles/54f5b6c9cc6f96110262ecef9708de680d3ce0ed,7/6(土) 21:10
kurumans,くるまのニュース,中古車で「修復歴アリ」の事故車を検討しています。買っても大丈夫なのでしょうか？ またチェックするポイントはあるのでしょうか？,https://news.yahoo.co.jp/articles/017a9e4dc6a9a781d8c6f3048d50d413860716fa,7/6(土) 20:30
kurumans,くるまのニュース,約300万円！ 日産「“2ドア”コンパクトカー」登場！ “旧車デザイン”が超カッコイイ！ 豪華レトロ＆ホワイト内装の「フィガロ」米で落札,https://news.yahoo.co.jp/articles/35849935bffd5251561f110d5e19541faf73a5ce,7/6(土) 20:10
kurumans,くるまのニュース,トヨタが新型「ランクル70ナロー」発売!? 2人乗り＆フェンダー無し仕様、実車公開！ 日本復活でアンダー400万円もあり得る？,https://news.yahoo.co.jp/articles/06165a0b57239153dcbb7fcfc9e2efedf42a2812,7/6(土) 19:30
kurumans,くるまのニュース,トヨタエンジン搭載の「“自家製”フェラーリ」!? 7億円超えスーパーカーを「気合」で再現！ もはやホンモノな「DIY ラ・フェラーリ」とは,https://news.yahoo.co.jp/articles/74ffc56b867135327e223a45828b2c6e99afad2a,7/6(土) 19:10
kurumans,くるまのニュース,何もしてないのに「バッテリー上がり」した！ 真夏の「突然のトラブル」どう防ぐ？ いつか起こり得る「エンジンかからない」どう対処するのがOKか,https://news.yahoo.co.jp/articles/b4947843d15e5efd9964f122d17425d41c09f78f,7/6(土) 18:10
kurumans,くるまのニュース,トヨタ新型「シエンタ“車中泊仕様”」初公開に反響多数!?「これ欲しい」「秘密基地ですね」オシャカワ木匠内装の自然派「VANLIFE ROOMKIT」実車展示,https://news.yahoo.co.jp/articles/b27f983ff0c577f5480a4ff69b9c024c8af575ec,7/6(土) 17:10
kurumans,くるまのニュース,【解説】スバル「フォレスター」ってどんなクルマ？サイズやエクステリア＆インテリアの特徴は？ グレード・価格はどうなっている？,https://news.yahoo.co.jp/articles/6963bcd26749877fe6751ce95354525c46636590,7/6(土) 16:10
kurumans,くるまのニュース,知らないと「うっかり交通違反」!? 謎の「黄色ちょうちょマーク」の意味とは「知らなかった」「気を付けよう」の声も 見かけたらまず注意すべきこととは,https://news.yahoo.co.jp/articles/0fcf8ed621a64326a7c27acbde7172fb3fc890b8,7/6(土) 14:10
kurumans,くるまのニュース,“150万円台”から！ トヨタ最新「コンパクトカー」月々いくらで買える？ リッター35キロ超え「“日本イチ”の低燃費仕様」も！ 「ヤリス」の「イチバン安い＆高い」モデルとは？,https://news.yahoo.co.jp/articles/eee0ae0ac558ed05e4276041997d3c568e79745b,7/6(土) 13:10
kurumans,くるまのニュース,日本の中古車相場が「ロシア」の影響で下落!? 厳しい「輸出規制」のなかで「売れている」クルマも？ 意外な“ロシア行き日本車”とは,https://news.yahoo.co.jp/articles/d8c1e386bb4554cbc8d04ee0260163710d375116,7/6(土) 12:10
kurumans,くるまのニュース,トヨタが「“凄い”セリカ」を実車展示！ 「私をスキーに連れてって」仕様に“オジサン世代”がマジ歓喜!? そして復活の噂も？,https://news.yahoo.co.jp/articles/e16a9969887dadcec3f10973911d7d0ce7760498,7/6(土) 11:10
kurumans,くるまのニュース,スズキが新型「コンパクトSUV」発表へ！ 人気のトヨタ「ライズ」対抗馬!? 低価格「200万円級SUV」が”激戦区”に突入する理由とは,https://news.yahoo.co.jp/articles/74a7fb2acf850967093cbb31967a7cc4bcd675cb,7/6(土) 10:10
kurumans,くるまのニュース,短時間でも「子どもの“車内放置”」絶対ダメ！ 「カーエアコン」稼働でも「車内で熱中症」のリスクがある「理由」とは,https://news.yahoo.co.jp/articles/7f5aa9411c599c10839357b87a1e4caa9a787cdd,7/6(土) 9:10
kurumans,くるまのニュース,約2年ぶり復活！ ホンダ“新型”「スゴいSUV」今夏登場へ！ 超スタイリッシュボディ＆「画期的ユニット」採用の「新型CR-V」に反響アリ,https://news.yahoo.co.jp/articles/ce1e5013a3b4fdefbb4e05441955d8181644ff4e,7/6(土) 8:10
kurumans,くるまのニュース,日産新型「セレナ“ミニ”」登場は？ シエンタ＆フリード対抗の「小型ミニバン」は？ 実はあった「小さな3列車」 ユーザーの声いかに,https://news.yahoo.co.jp/articles/50803ccf75665a5fb6e13b71502442d74e95554d,7/6(土) 7:40
kurumans,くるまのニュース,「高速降りずに寝れるのサイコー！」 1泊3000円で「サービスエリア」に泊まれる？ 車中泊よりも快適な「謎のハイウェイホテル」とは？,https://news.yahoo.co.jp/articles/9b21dbe49b40710b6e72cf0cb375a90f59b9e906,7/6(土) 7:10
kurumans,くるまのニュース,“新車”のトヨタ「2000GT」に大反響！ 「5ナンバー」ボディ＆クーペとオープン設定！ “ホンモノ志向”レプリカモデル「ロッキー2000GT」実車展示に熱視線,https://news.yahoo.co.jp/articles/2805bae08b7f39582b9bb7e804bb3e5e5478e7d1,7/6(土) 6:10
kurumans,くるまのニュース,斬新「超コンパクト“タクシー”」!? まさかの“アルファロメオ製”！ 全長4m級ボディに3列＆スライドドアを詰め込んだ「NYタクシー」とは,https://news.yahoo.co.jp/articles/5614992a9a0080c7826d268ecbdd38c93717f244,7/5(金) 22:10
kurumans,くるまのニュース,全長3.6mの新型「スポーツカー」発表！ レトロデザインに斬新「タテ出しマフラー」採用した小さなスポーツカー「ペッレ」登場！,https://news.yahoo.co.jp/articles/2038940188568f94df6d57d9355859f7fb13f139,7/5(金) 21:25
kurumans,くるまのニュース,全長4.2m！ レクサスが新型「小さな高級スポーツカー」を実車公開！ 304馬力「ターボ4WD」にクラス超え「上質インテリア」がカッコイイ！ 「LBX RR」世田谷で展示,https://news.yahoo.co.jp/articles/ec64c7edb4bcf43f5d0f7c965804425ffb552763,7/5(金) 21:10
kurumans,くるまのニュース,「日本一売れたクルマ」が交代！ 唯一の“10万台”超えで「王座」を奪取！ 超人気の「背高モデル」根強い支持の理由とは,https://news.yahoo.co.jp/articles/5151980fe596f0359917b86f4f4473529c5a1fc0,7/5(金) 20:25
kurumans,くるまのニュース,トヨタの斬新「86ワゴン」に大反響！ まさかの「スポーティワゴン」に進化！ 実用的な「ハチロク」実車展示に熱視線,https://news.yahoo.co.jp/articles/20f4f4bfd6131e5d5cdef75d5a96be52519274bc,7/5(金) 20:10
kurumans,くるまのニュース,日産「新型コンパクトSUV」発表！ 超スタイリッシュな斬新“デザイン”が「カッコイイ」！ 6速MTアリ＆鮮烈イエロー復活の「ジューク」オーストラリア登場で反響集まる,https://news.yahoo.co.jp/articles/d3d0dc6aaff55d709e2f2b7d9668e39493481cb0,7/5(金) 19:50
kurumans,くるまのニュース,“爆速ターボ”も搭載!? マツダ新型「最強ハッチバック」実車公開！ ド迫力＆シャコタンな「MAZDA3」登場,https://news.yahoo.co.jp/articles/fcee6d9a22faa44d4f0b97aa4df88c135803c916,7/5(金) 18:10
kurumans,くるまのニュース,トヨタの「“最強”ライトバン」登場20年超でもなぜ売れ続ける？ 使い勝手最強の“営業マン”マシン「プロボックス」一体何がスゴい？,https://news.yahoo.co.jp/articles/6b023b31b67dbe7c527cb144a07c547f3bf86b18,7/5(金) 17:40
kurumans,くるまのニュース,ホンダが新型「軽バン」発表！ 斬新“1人乗り＆前後2人乗り”設定も!? 一方で「交換式軽バン」発売は？ N-VAN同士で何が違うのか,https://news.yahoo.co.jp/articles/43cf2fd6bdbb9e8e9c8f26a966fb04eee3f1894c,7/5(金) 17:10
kurumans,くるまのニュース,有名な“廃道”も消滅!? 静岡の「大崩海岸」また崩壊「復旧断念して作った新トンネル」が早くも通行止めに　静岡,https://news.yahoo.co.jp/articles/538aaaf8444f25ed253358df01627561b2156e46,7/5(金) 16:40
kurumans,くるまのニュース,レクサス新型「高級SUV」公開！ 精悍ブラック＆「オシャな“サンド”カラー」が超カッコイイ！ 新型「NX」アウトドアショーで実車展示,https://news.yahoo.co.jp/articles/2e86f5614c67d8b35acada24a833e334753905bc,7/5(金) 16:10
kurumans,くるまのニュース,「すげえ」巨大アーチ橋が超高速でニョキニョキ!? 新東名の工事現場「迫力映像」が話題に 圧巻の「日本最大級」建設進む“最後の未開通区間”,https://news.yahoo.co.jp/articles/1708e6aae5153c62705ed7e2a09dcaf8b05bc840,7/5(金) 15:10
kurumans,くるまのニュース,トヨタが「“新たな”クラウン」を発表!? 斬新“幾何学グリル“の「大きなSUV」！ 上質すぎる新型「SIGNIA」は日本でも今夏登場へ？,https://news.yahoo.co.jp/articles/226e8b26c99db3e0b83a8d9399d22cee68d09899,7/5(金) 14:50
kurumans,くるまのニュース,シートベルトに付いてる「謎の丸ボタン」何のため？ 無いと困る「便利アイテム」！ 意外と知らない「正式名称」も判明!?,https://news.yahoo.co.jp/articles/2f56fbaf98cec13d099ea9e41e5edb3814766d86,7/5(金) 14:10
kurumans,くるまのニュース,いすゞ「新型”7人乗り”SUV」実車公開！ 精悍「ブラック顔」採用のめちゃ”スポーティ”な「RS」登場！ 新型「MU-X」タイで披露,https://news.yahoo.co.jp/articles/f845a5cbb19f9d5e7b3d0419ae67e3f1218a3ca9,7/5(金) 13:10
kurumans,くるまのニュース,「えっ…！」ライバル同士ではない？ 一緒にクルマを作り上げた「共同開発車」3選,https://news.yahoo.co.jp/articles/94a1d7d96401e9f8ff3fcc38809e714b45884c90,7/5(金) 12:50
kurumans,くるまのニュース,日産の「”最上級”フェアレディZ」実車公開に反響多数！「さらにイケメン」「私も見たい」ド迫力進化の”4本出しマフラー”「フェアレディZ IMPUL」登場,https://news.yahoo.co.jp/articles/a42f6a2ffe03998cef0c5c9fe1ef6e141605632a,7/5(金) 12:30
kurumans,くるまのニュース,トヨタ「プリウス“SUV”!?」 24年内に2台発売!? トヨタとBYD共同開発のサメ顔「新型SUV」 中国市場の現状は？,https://news.yahoo.co.jp/articles/889b9847872359408e89c878d484f33759f112ee,7/5(金) 12:10
kurumans,くるまのニュース,マツダ新型「ステーションワゴン」!? 美麗スタイルで「マツダ6“ワゴン”」後継モデル誕生？ 登場熱望の「EZ-6ワゴン」予想CGに反響アリ,https://news.yahoo.co.jp/articles/b6386fba3b20cda68f061feafd9573452585f2d3,7/5(金) 11:50
kurumans,くるまのニュース,「うわああ！」目の前で大クラッシュ…NEXCOの衝撃映像に反響多数!? 「怖い」「呆れる」雨の日のオーバースピードで制御不能「タイヤの擦り減り」も!?,https://news.yahoo.co.jp/articles/9126ebb78d96ca18b83db6e170f345b781b543ee,7/5(金) 11:10
kurumans,くるまのニュース,「コスパ最高！」 “200万円台”から＆「8人乗り」シートがイイ！ 標準“5ナンバーボディ”の日産「セレナ」ってどんなクルマ？,https://news.yahoo.co.jp/articles/f41c50b9854811a0a7a55b92053b759a2fa6e76f,7/5(金) 10:10
kurumans,くるまのニュース,「知らないとヤバい…免許返すべき？」 道路にある「謎の斜線ゾーン」通って良い？ どんな意味ある？ 元警察官が解説,https://news.yahoo.co.jp/articles/6c136145a9e041d64bfa74b86ce2ff6915fdf61f,7/5(金) 9:10
kurumans,くるまのニュース,全長4m級！ 日産新型「小さな高級車」登場！ 斬新すぎるデザイン＆新色グリーン採用も「実物はカッコいい！」の声!? 新型「オーラ」本当はどう？,https://news.yahoo.co.jp/articles/16c1192a918f56412b7356e68e99abf62d45da1c,7/5(金) 8:25
kurumans,くるまのニュース,マツダ新型「軽トラック」発表に反響あり！「ぬかるみ脱出助かる」「ついに窓が自動化!?」悪路走行も強化「新スクラムトラック」約106万円から登場,https://news.yahoo.co.jp/articles/be431886716a0dd44fa8c13645f667028c28fa48,7/5(金) 8:10
kurumans,くるまのニュース,マツダ新型「小さな高級車」発表！ MT設定＆美麗デザインの”ハッチバック”！ “クレバー”になった「マツダ3」480万円超えで独に登場,https://news.yahoo.co.jp/articles/df167f46244404327472d92cd18886ec6060d17d,7/5(金) 7:40
kurumans,くるまのニュース,4980万円！ 新型「和製スーパーカー」実車公開！ 全長4.6mの近未来モデル発売!? 限定50台の国産車「VEGA」とは,https://news.yahoo.co.jp/articles/c8e4924351964d6f461fddba0f3bc828647b1276,7/5(金) 7:10
kurumans,くるまのニュース,トヨタ「アルファード“スポーツ”」発表！ ド迫力「60万円超えホイール」×精悍「メッキアクセント」がカッコイイ！ 高性能化する「トムスパーツ」9月に登場,https://news.yahoo.co.jp/articles/d709c592a8f55845a1745b6bc3a13b53d6af0353,7/5(金) 6:10
kurumans,くるまのニュース,トヨタの「“丸目2灯”カローラ」を公開！ レトロ顔が超カッコイイ！ イワイガワ「ジョニ男」の愛車とは,https://news.yahoo.co.jp/articles/2f7159330d4f9681be3840917b97413f3b0bb9c7,7/4(木) 22:10
kurumans,くるまのニュース,「免許証だけで借入OK」一体なぜ？ 車の運転だけじゃない“使い道”があった!? 免許の「12桁の数字」で何が分かるのか,https://news.yahoo.co.jp/articles/a5276e91edfc400beff84363e6c2278fb834c3f1,7/4(木) 21:30
kurumans,くるまのニュース,ホンダ 新型「コンパクトSUV」実車公開！ 全長4.3m級で「車中泊」もできる!? 美麗デザイン×タフ加飾の新型「ヴェゼル ハントP」登場,https://news.yahoo.co.jp/articles/c5f1a7e46e3c261810e6e6e341a45567dff99027,7/4(木) 21:10
kurumans,くるまのニュース,三菱「新型アウトランダー」発表へ!? デビュー3年目の“マイチェン”実施か？ 公開された「モメンタム2030」に反響集まる！ 米での発表に期待大,https://news.yahoo.co.jp/articles/f3bd7b21104952b929712dbfb07141011102c2ee,7/4(木) 20:40
kurumans,くるまのニュース,“2.8L直6”搭載！ トヨタ「高級2ドアクーペ」実車展示！ 今や「800万円級」の “ オジサン世代”が憧れたモテ車「ソアラ」とは？,https://news.yahoo.co.jp/articles/a78d45789024cb949c6669b6560e3b4e1a158b18,7/4(木) 20:10
kurumans,くるまのニュース,2024年上半期「“日本一”売れたクルマ」はナニ？ 「軽・SUV」人気変わらず!? 「納期長すぎ問題」は解決も「不正」で順位も変動… 販売台数発表,https://news.yahoo.co.jp/articles/052fb5e0c389a0b5585e13fe355b018de3cb9124,7/4(木) 19:40
kurumans,くるまのニュース,全長4mで6速MT搭載！ マツダ「3ドアスポーツカー」あった！ 「斬新ドア」×ガラス張り天井採用！ めちゃ楽しそうな「KABURA」とは,https://news.yahoo.co.jp/articles/b60cbb48c2ba36efb26d906a03dfbc1000ac6051,7/4(木) 19:10
kurumans,くるまのニュース,スズキ最新型「バレーノ」実車公開！ 全長4m以下ボディ＆5速MT設定あり！ 精悍＆豪華さマシマシの「コンパクトカー」インドネシアに登場,https://news.yahoo.co.jp/articles/dd8a490746e67d8b4eac8c9bd6582b6b316f7826,7/4(木) 18:10
kurumans,くるまのニュース,“150万円台”から！ マツダ「軽自動車」に大反響！ “鼓動”感じる「ターボエンジン」＆めちゃ広っ車内空間！ 軽ハイトワゴン「フレアワゴン」に熱視線,https://news.yahoo.co.jp/articles/ef4b85a116e520205dfe0e85ebf58ceacee76aaa,7/4(木) 17:40
kurumans,くるまのニュース,マツダの「すごい“クーペ”SUV」 斬新スタイリッシュデザイン採用!? 「欲しかった…」声も  次期モデルは？ 「中国・CX-4」とは,https://news.yahoo.co.jp/articles/b20709472f3cbc8305c4723f2acafa8080bbf890,7/4(木) 17:10
kurumans,くるまのニュース,「房総半島の南端部」まで4車線化早く！ 千葉県が国へ”要望開始” 「渋滞多発」富津館山道路の「全線4車線化」強く求める,https://news.yahoo.co.jp/articles/867a7e2274335320dea3a0aa393669f0735a3604,7/4(木) 16:40
kurumans,くるまのニュース,ホンダ新型「RS」今秋登場！ 6速MT×ターボの「“スポーティ”シビック」に反響あり！ デビューに期待する声多数！,https://news.yahoo.co.jp/articles/368d8e814fedf2721e9313a82d1c9b50a7abd092,7/4(木) 16:10
kurumans,くるまのニュース,急坂もスイスイ進む力強さ！ 電気で走る小型トラック「eキャンター」試乗で感じたEV活躍の場,https://news.yahoo.co.jp/articles/f40eeb7205b26413ce952c4087dce5265a41e5db,7/4(木) 15:40
kurumans,くるまのニュース,ダイハツ新型「“FR”スポーツカー」登場する!? “旧車デザイン”の「大きなコペン」市販化は？ 軽規格超えの「Vコペン」は何を示すのか,https://news.yahoo.co.jp/articles/2e293ccc27375dad9a1dbc9e7a2e41249077605a,7/4(木) 15:10
kurumans,くるまのニュース,スズキ新型「コンパクト“SUV”」発表！ 全長4.1級ボディでMT設定も!? 顔面刷新で“超タフ顔”になった「ビターラ」スペインに登場,https://news.yahoo.co.jp/articles/41214acb3940a3988f92d4cf1665dac63597b05b,7/4(木) 14:50
kurumans,くるまのニュース,日産が「次世代のエンジニア」を育てる!? 高校・専門学校・企業による産学連携で未来に繋げる育成プログラム実施へ,https://news.yahoo.co.jp/articles/9fd48e7c0e6523b501a56e07ab56c1aa521696dc,7/4(木) 14:20
kurumans,くるまのニュース,「ウインカー」どっちに出すのが正解？ 迷う「”斜め接続”道路」の合図 左右の判断方法はあるのか,https://news.yahoo.co.jp/articles/513cfef35b3be7a0ae00a79b08d622938e13d948,7/4(木) 14:10
kurumans,くるまのニュース,「パリダカ」よりも厳しい!? チーム「三菱ラリーアート」がAXCRに参戦へ！ “車両開発”へのフィードバックとは,https://news.yahoo.co.jp/articles/94a3d86b46ea2461071de90a854f664dc9a34d60,7/4(木) 13:30
kurumans,くるまのニュース,マツダが“白い”新型「和製スポーツカー」実車公開！ 「ポルシェ」級スペックの「ロータリー」搭載車に熱望の声！ “市販化”進む「アイコニックSP」に反響集まる,https://news.yahoo.co.jp/articles/19ac0d0e594bba5d9f18875e98c49e42e69dde81,7/4(木) 13:10
kurumans,くるまのニュース,ホンダ「“2列6人乗り”ミニバン」がスゴイ！ 「前列に3人座れる」斬新シート＆“全長4.3m”の小柄ボディ！ めちゃ“クセ強”な「エディックス」とは？,https://news.yahoo.co.jp/articles/8325d179fd031fdf486c411a1240e9005d65fe66,7/4(木) 12:50
kurumans,くるまのニュース,日産「“新型”小さな高級SUV」発表！ “真一文字テール”がカッコイイ！ 「斬新ストライプ」×クラス超え「豪華内装」装備の「新キックス」登場,https://news.yahoo.co.jp/articles/af61d567e1cb2eac5b8d04515a2be135726fd8bf,7/4(木) 12:30
kurumans,くるまのニュース,トヨタ斬新「MR-S GR」投稿!? 大開口グリルが印象的なミッドシップマシンに！ インスタに現れた実物車とは,https://news.yahoo.co.jp/articles/4c56cfd84c112a4c0ade3b15179bc2abc8645ffb,7/4(木) 12:10
kurumans,くるまのニュース,トヨタの新型「プリウス“スーパーカー”」発表!? ６本出しマフラー＆ド迫力ワイドボディ採用！ 585万円の「完全仕様」発売,https://news.yahoo.co.jp/articles/1e67816781f713e54a40d8d219a0fe69f111bef6,7/4(木) 11:50
kurumans,くるまのニュース,全長9mのいすゞ「新型モデル」発表！ 6速AMT搭載で「精悍顔」がカッコイイ！ 2000万円級「新ガーラミオ」に反響,https://news.yahoo.co.jp/articles/1b064a23339de1c05950c1d03fc99505ad103401,7/4(木) 11:30
kurumans,くるまのニュース,えっ！「車検」通らなくなる!? “2026年夏”から始まる「ロービーム検査」って何？ “延命処置中“に考えたい対策とは,https://news.yahoo.co.jp/articles/39bd98b73ab2c7e43b2a4dda782b1a1b53569d79,7/4(木) 11:10
kurumans,くるまのニュース,打倒「トヨタ ルーミー」！ 全長3.8m以下のスズキ「小型ハイトワゴン」に大反響！ 4人で乗るなら十分すぎる「ソリオ」の魅力とは？,https://news.yahoo.co.jp/articles/0397a597058159773280ff1545cbca0e1d906613,7/4(木) 10:10
kurumans,くるまのニュース,なぜ免許証とマイナカード「24年度末」までに一体化？ 紛失したら運転できない？ 国民にメリットあるのか,https://news.yahoo.co.jp/articles/e5607c343da214bca4e93144d653e929d1e0e332,7/4(木) 9:10
kurumans,くるまのニュース,全長4m以下！ 約170万円のトヨタ「小さいSUV」が人気沸騰!? 販売再開した「ライズ」一体どんな人が購入してる？,https://news.yahoo.co.jp/articles/d43c54760afa8ec19b157a2f616132055b2b1f5e,7/4(木) 8:40
kurumans,くるまのニュース,スズキの軽SUV「ハスラー」に“斬新クーペ仕様”あった！ 悪路も走る「スポーツ軽自動車」に反響あり！ 新ジャンル「ハスラークーペ」がカッコいい,https://news.yahoo.co.jp/articles/3647d58046e4eae68170d7f2752ad8fceb47fae2,7/4(木) 8:10
kurumans,くるまのニュース,都心～川越直結「和光富士見バイパス」早く全通させて！埼玉県が国へ”直訴” 川越街道の「地獄渋滞」もうウンザリ!? 予算確保に”協力要望”,https://news.yahoo.co.jp/articles/da81fd3a7aa2de368060f22188b432bd506b44ab,7/4(木) 7:40
kurumans,くるまのニュース,トヨタから新型「ミニランクル」登場か!? 名前は「ランドクルーザーFJ」か？ 250系に続く新モデルはレトロデザイン？ いつ発売？,https://news.yahoo.co.jp/articles/15fe966a36bcdd64efbe5b7c7b78382633d1407b,7/4(木) 7:10
kurumans,くるまのニュース,マツダが超パワフルな「爆速ターボ」搭載の「新型ホットハッチ」実車公開！ スポーティな「2.5リッターターボ」装備した「すごいコンパクトカー」の正体とは,https://news.yahoo.co.jp/articles/2d357879996f3d01a5a9a09bc999cc437ff2adf0,7/4(木) 6:40
kurumans,くるまのニュース,トヨタ「超スポーティ”セダン”」実車公開！ 精悍”黒すぎボディ”×ド迫力ウイングの「アルティス”GRS”」!? 全長4.6m級の「カローラ カスタム」がタイで披露,https://news.yahoo.co.jp/articles/525b1deb286db421b8c4069284bb207524fb6e9f,7/4(木) 6:10
kurumans,くるまのニュース,MTあり！ スズキの「斬新4輪モデル」がスゴい！ 高性能「4WD」×めちゃタフデザインで超楽しそう！ 鮮烈「スズキイエロー」も設定の「ATV」が“偉業”達成,https://news.yahoo.co.jp/articles/566030d5bfead3246c9b17f35b0152dac9b79b1d,7/4(木) 5:50
kurumans,くるまのニュース,約550万円！ トヨタ新型「86」特別モデルに予約殺到！「戦艦」モチーフの“斬新デザイン”がカッコイイ！ 予想を超えた「驚きの声」とは,https://news.yahoo.co.jp/articles/f7234e41825943fb296a08d0fb0bd7063bca5ee9,7/3(水) 22:10
kurumans,くるまのニュース,レーシングカーのマフラー音をBGMに睡眠！？ サーキット内常設キャンプ場「RECAMP 富士スピードウェイ」を一足早く“体験”,https://news.yahoo.co.jp/articles/dad24e41257421716835cde70b10749f6874589a,7/3(水) 21:40
kurumans,くるまのニュース,新型「“R36”GT-R」まもなく登場!? 「4.1リッターV6」搭載で1000馬力発揮!? 旧車デザイン採用の「和製スーパーカー」生産状況を公開に「楽しみ！」と話題に,https://news.yahoo.co.jp/articles/92a62e71735ab2dafdd5dad55877255d37d1f782,7/3(水) 21:10
kurumans,くるまのニュース,「中古車」を買ったのですが、外装だけの確認で購入してしまい後悔しています…。一体どこをチェックすれば良かったのでしょうか？,https://news.yahoo.co.jp/articles/7b3e544bc15fe2fca6c38678e523f806ca5756c7,7/3(水) 20:10
kurumans,くるまのニュース,全長3.1m!? 軽より短い「すごいホンダ四駆」が存在!? 悪路最強＆めちゃ楽しそうな「本格オフロード車」が米で人気！ どんなモデル？,https://news.yahoo.co.jp/articles/3ee504cb65cce90842ef369085d23a0785dae8c6,7/3(水) 19:40
kurumans,くるまのニュース,日産が“奇妙”な「新型コンパクトSUV」初公開へ！ 顔は「最新」でボディは「旧車」!? 新型「ミニ・エクストレイル」衝撃の“進化”を中国で披露,https://news.yahoo.co.jp/articles/648e57a581082999a5c5b9ac053211884db69709,7/3(水) 19:10
kurumans,くるまのニュース,ご当地”図柄入りナンバー”「第4弾」が検討開始へ「自治体から強い希望の声」沖縄・広島などに続き,https://news.yahoo.co.jp/articles/c3ce7fabd08787012b5494c8b3664c1b120500ee,7/3(水) 18:40
kurumans,くるまのニュース,アンダー200万円から！ トヨタ新型「最小ミニバン」登場！ 「“新”シエンタ」一体何が変わった？,https://news.yahoo.co.jp/articles/54658d7b196b1ff704866cb037f32c58049d1e1c,7/3(水) 18:10
kurumans,くるまのニュース,トヨタ斬新「スポーツミニバン」現る!? 5速MT＆MRレイアウト採用!? 「天才タマゴ」なエスティマ発見、反響は？,https://news.yahoo.co.jp/articles/381a1d204e9159bfb5a6c6489a9adc19042d0ed8,7/3(水) 17:40
kurumans,くるまのニュース,660ccの新型「小さな高級車」公開！ 日産の“軽”に「ラグジュアリーすぎ」の声も!? 新型「セレナ“ミニ”」なルークス「アーバンクロム」発売に反響集まる,https://news.yahoo.co.jp/articles/c961a84d72b82594a0acd023c07784b9aca58ebb,7/3(水) 17:10
kurumans,くるまのニュース,最新「スピード取り締まり」がヤバい！ パトカー見える前に“一網打尽”!? 恐怖の「おいでおいで作戦」＆「いないいない作戦」の正体とは！,https://news.yahoo.co.jp/articles/b665d42a1e1ab18885271c1a16cd3c8fe5a041e0,7/3(水) 16:40
kurumans,くるまのニュース,ホンダ新型「ヴェゼル “アーバンS”」初公開！ 斬新「黒×メッキ」アクセントが超オシャ！ 美麗スタイルが超美しい「コンパクトSUV」とは,https://news.yahoo.co.jp/articles/77b6f60ca459d36d55e27fdc5613b2875b46c644,7/3(水) 16:10
kurumans,くるまのニュース,ビーチで小型冷蔵庫やかき氷機に電力供給も！ BYDが東京アウトドアショー2024で見せた魅力的なアウトドアライフ,https://news.yahoo.co.jp/articles/3c9dfae11def3837c5b8eed13a3aac03a717c071,7/3(水) 15:40
kurumans,くるまのニュース,スバル「上質SUV」“STI仕様”がスポーティすぎる！ 伝統の「スバルサウンド」も魅力!? 「レイバック」STIパーツ装着車の印象は？,https://news.yahoo.co.jp/articles/45e1778824220d165aecd12f6b62c8991d9f2612,7/3(水) 14:50
kurumans,くるまのニュース,悪天候じゃないのに「リアフォグランプ点灯」違反になる？ まぶしい光で後続車は迷惑!? 晴天時に使用するリスクとは,https://news.yahoo.co.jp/articles/eb8fecd24202a9e4f3013575801366e121edfad7,7/3(水) 14:10
kurumans,くるまのニュース,新型モデルを「5台同時」発表！ 全面刷新の小型SUV＆大型ワゴン登場！ VWが攻めの戦略展開へ,https://news.yahoo.co.jp/articles/01d3ea789724b75788f54c533be6653de29cd34e,7/3(水) 13:30
kurumans,くるまのニュース,ホンダ新型「フリード」発表！ 8年ぶり“全面刷新”に先行受注殺到！ 「“一番人気”のモデル」とは？ 気になる納期は？ 6月28日発売,https://news.yahoo.co.jp/articles/fdd52fa223800b18a8e6f0344b119426010b7489,7/3(水) 13:10
kurumans,くるまのニュース,“全長5m”超！ 「2000万円級」のクルマもあり！ 存在感バツグンな「大きな国産車」3選！,https://news.yahoo.co.jp/articles/320a288a5257d451ea97276ce2c44247c624d0b8,7/3(水) 12:50
kurumans,くるまのニュース,全長4m切りのマツダ「小さな高級車」実車公開へ！ クラス超え「上質内装」×オシャレデザインがカッコイイ！ 登場20年の「ベリーサ」とは,https://news.yahoo.co.jp/articles/ea27a45cdd83c289a95c68c83e9becacafee17e2,7/3(水) 12:30
kurumans,くるまのニュース,トヨタ製「フェラーリ」がスゴかった!? 斬新丸テール×Tマーク採用！ 謎のMRマシンの正体とは,https://news.yahoo.co.jp/articles/e82980b1cedeeb665ee27679c10a8762c847dbb9,7/3(水) 12:10
