media_en,media_jp,title_articles,link_articles,date_original
jnn,TBS NEWS DIG Powered by JNN,ŒšİŒ»ê‚ÅƒVƒ‡ƒxƒ‹ƒJ[‚ª‰¡“]@‰º•~‚«‚É‚È‚Á‚½50‘ã’j«1l€–S@‚Ù‚©‚É‚à’j«1l‚¯‚ª@“Œ‹E¢“c’J‹æ,https://news.yahoo.co.jp/articles/99a703dc2703e9207d4ee3c03e6a667475cd034a,No date found
jnn,TBS NEWS DIG Powered by JNN,ƒEƒNƒ‰ƒCƒi‚Ö‹Ÿ—^ŠJn‚ÌuF16í“¬‹@vq‹óƒVƒ‡[‚à@ƒCƒMƒŠƒX‚Å¢ŠEÅ‘å‹K–Í‚ÌŒR—p‹@ƒCƒxƒ“ƒg,https://news.yahoo.co.jp/articles/441698a6c1f08aea6fd8091799e341dda5d4f44b,No date found
jnn,TBS NEWS DIG Powered by JNN,y20“úE‹lƒXƒ^ƒƒ“z‰ª–{˜a‚Í4”ÔƒŒƒtƒg ‘åé‘ì5”Ôƒtƒ@[ƒXƒg â–{6”ÔƒT[ƒh ƒVƒ‡[ƒg‚ÍòŒû æ”­EƒOƒŠƒtƒBƒ“ •ßè‚ÍŠİ“c7”Ô,https://news.yahoo.co.jp/articles/5cb95d1d6197c4fe9d4704033ed41dde00b5a4fe,No date found
jnn,TBS NEWS DIG Powered by JNN,y20“úE’†“úƒXƒ^ƒƒ“z’†“c4”Ô ‰ª—ÑA”ÂR‚Íƒxƒ“ƒ` ƒJƒŠƒXƒe1”ÔƒZƒ“ƒ^[ “c’†2”Ô Œã“¡6”Ôƒ‰ƒCƒg R–{7”Ô æ”­ƒƒqƒA •ßè‚Í‰Á“¡ ,https://news.yahoo.co.jp/articles/7beee13054a19d978df06bf72038d983d82d89e8,No date found
jnn,TBS NEWS DIG Powered by JNN,ƒ‰ğœ„y“y»ĞŠQŒx‰úî•ñzH“cŒ§E‘åŠÙs,https://news.yahoo.co.jp/articles/af5ffeeb71ce417f163227e51aa6123f7b72caa0,No date found
jnn,TBS NEWS DIG Powered by JNN,ŠâèŒ§‚ÅÅ‘åk“x1‚Ì’nk@ŠâèŒ§E“ñŒËsA”ª”¦•½s,https://news.yahoo.co.jp/articles/dd404e0e918ac8ab0470190b28da182da60ad8e8,No date found
jnn,TBS NEWS DIG Powered by JNN,yOKAMOTOfSzƒnƒ}EƒIƒJƒ‚ƒg‚³‚ñ•œ‹AŒˆ’è@9Œ1“úŠJnEƒfƒrƒ…[15ü”N‹L”OƒcƒA[‚©‚ç,https://news.yahoo.co.jp/articles/25fbcf9ce61feedeb9f0e10e4614b0dc868f793b,No date found
jnn,TBS NEWS DIG Powered by JNN,y7Œ20“ú¡“ú‚Ì“V‹Cz‘S‘“I‚ÉŒƒ‚µ‚¢—‹‰J‚É’ˆÓ@Œµ‚µ‚¢‹‚³‘±‚­@‰J‚ª~‚é“ú–{ŠC‘¤‚Å‚à^‰Ä“ú‚Æ‚È‚é—\‘z,https://news.yahoo.co.jp/articles/6e2935b8fd3d088dddaea4415fab3bea99e96370,No date found
jnn,TBS NEWS DIG Powered by JNN,“ß”eAŠÏ‘ªjãÅ‚‹C‰·‚Ì36“x‚ğŠÏ‘ªi19“ú’‹‰ß‚¬j@¡“úA–¾“ú‚à–Ò‹“ú‚Ì—\‘z,https://news.yahoo.co.jp/articles/8ecde6a3152e48295cffd6063e135fc38235595d,No date found
jnn,TBS NEWS DIG Powered by JNN,ŒšİŒ»ê‚ÅƒNƒŒ[ƒ“Ô‚ª‰¡“]@‹²‚Ü‚ê‚½50‘ã’j«1l‚ªˆÓ¯•s–¾‚©@‹‰¤“d“SEù’Ë‰w‚©‚ç–ñ300‚‚ÌZ‘îŠX‚Å@“Œ‹E¢“c’J‹æ,https://news.yahoo.co.jp/articles/3ff99366046865e89dd4f8ec49fe97265025a123,No date found
jnn,TBS NEWS DIG Powered by JNN,"y‚¢‚µ‚¾ˆë¬z""‚»‚êƒXƒm"" “oê‚Ì•”¯‚ğƒL[ƒv@ƒX[ƒcp‚Åu¡“ú‚àˆ¤‚ğ‚ß‚ÄBvƒtƒHƒƒ[‚©‚çDƒŠƒvƒ‰ƒC",https://news.yahoo.co.jp/articles/f4076d49cf03dad2d4a75e947d2c7e1bc24e83fe,No date found
jnn,TBS NEWS DIG Powered by JNN,WindowsƒVƒXƒeƒ€áŠQ@NYƒ^ƒCƒ€ƒYƒXƒNƒGƒA‚Åˆê•”L‚ª•\¦‚³‚ê‚¸cƒAƒƒŠƒJ‚Å‚ÍŒ»İ‚à•¡”‚Ì‹ó`•Â½@–ñ3000•Ö‚ªŒ‡q,https://news.yahoo.co.jp/articles/18028c4e455d500692d1bbdeee5f5ffe25ee820a,No date found
jnn,TBS NEWS DIG Powered by JNN,ˆïéEŠ}ŠÔs‚ÌŒ§“¹‚Å‚Ğ‚«“¦‚°‚©@70‘ã—«‚ªˆÓ¯•s–¾‚Ìd‘Ì,https://news.yahoo.co.jp/articles/0e953f45718bdd412a5cc35d6912468bb32b1db8,No date found
jnn,TBS NEWS DIG Powered by JNN,”M’†ÇŒx‰úƒAƒ‰[ƒgA¡”NÅ‘½30’nˆæ‚É@ŠÖ“Œ‚È‚ÇL”ÍˆÍ‚Å–Ò‹“ú‚É,https://news.yahoo.co.jp/articles/e03e42fc413f4158d926b35205f6e3693fc95dff,No date found
jnn,TBS NEWS DIG Powered by JNN,––±ŠŠÖŒWÒ‚©‚ç“T‚Ìˆá–@«w“E‚©@–xˆäŠwO‰@‹cˆõ@”é‘‚ç’Ê‚µ‚Ä’nŒ³—LŒ Ò‚É“T“n‚µ‚½ŒöE‘I‹“–@ˆá”½‚Ì‹^‚¢,https://news.yahoo.co.jp/articles/5e52bcdb513d374fd59aedfe13459272f0e9e267,No date found
jnn,TBS NEWS DIG Powered by JNN,S‘Ÿ‚Ì’†‚Ìîá‡cu”S‰tîv‚ÌŠëŒ¯«‚Æ‚Í?`wƒuƒ‰ƒbƒNƒyƒAƒ“xŠÄCƒhƒNƒ^[‚ª‰ğà vol.23`,https://news.yahoo.co.jp/articles/06e70b01844ad8b1f371bb19ea34500ca9229982,No date found
jnn,TBS NEWS DIG Powered by JNN,©–¯“}A‘Ù‘IŠÇ—ˆÏˆõ‰ï‚ğ26“ú‚É‘I’èAˆ§‘òˆê˜YO‰@‹cˆõ‚ªˆÏˆõ’·‚ÉA”CŒ©’Ê‚µ,https://news.yahoo.co.jp/articles/f7432c0a0741873443f6c4d60fd783c79fb2efa6,No date found
jnn,TBS NEWS DIG Powered by JNN,ƒoƒh“ú–{‘ã•\ g€‚ÌƒOƒ‹[ƒvh‚É“ü‚Á‚½’jqƒ_ƒuƒ‹ƒX•Û–Ø•¬—Ñu‚È‚©‚È‚©–Ê”’‚¢‘g‚İ‡‚í‚¹v“Œ‹ŒÜ—Ö‹à•‹â‚Æ“¯‘g‚É,https://news.yahoo.co.jp/articles/bb2f89697424ef621e62ac348184fba92af570e6,No date found
jnn,TBS NEWS DIG Powered by JNN,y“y»ĞŠQŒx‰úî•ñzH“cŒ§E‘åŠÙs‚É”­•\,https://news.yahoo.co.jp/articles/97d558536a65baa53783eec3a231ae2a31cf81f3,No date found
jnn,TBS NEWS DIG Powered by JNN,y‘å‰JŒx•ñzH“cŒ§E­ŠpsA¬â’¬‚É”­•\,https://news.yahoo.co.jp/articles/39ce33df9913b8ac61e4238e633c064aaf7bb3a1,No date found
jnn,TBS NEWS DIG Powered by JNN,îà“c‰„•F‚³‚ñ@S–[×“®‚ÅuS‘ŸƒAƒuƒŒ[ƒVƒ‡ƒ“èpv‚ğó‚¯‘Ş‰@u„‚à“ñ“x–Ú‚ª‚ ‚é‘z’èv,https://news.yahoo.co.jp/articles/7bcd1f2370ea15719039fa0f52cd8edc39c0f5b0,No date found
jnn,TBS NEWS DIG Powered by JNN,ƒuƒŠƒ“ƒPƒ“’·Š¯uƒS[ƒ‹ƒ‰ƒCƒ“‚Öi‚ñ‚Å‚¢‚évƒKƒUí“¬‚ß‚®‚éƒCƒXƒ‰ƒGƒ‹Eƒnƒ}ƒXŒğÂ,https://news.yahoo.co.jp/articles/b7a28f9cc6b3d30981e12faedf526d88b80ec02c,No date found
jnn,TBS NEWS DIG Powered by JNN,y‘å‰JŒx•ñzH“cŒ§E‘åŠÙsA–kH“cs‚É”­•\,https://news.yahoo.co.jp/articles/2a73a6b1bcd034d77653ee89646996e6855c7561,No date found
jnn,TBS NEWS DIG Powered by JNN,ƒ‰ğœ„y“y»ĞŠQŒx‰úî•ñzRŒûŒ§E‰ºŠÖsA”‹sA’·–ås,https://news.yahoo.co.jp/articles/f8b4fb6a5fcdd60eb7488bbb07387ad846c6785d,No date found
jnn,TBS NEWS DIG Powered by JNN,ƒ[ƒŒƒ“ƒXƒL[‘å“—Ì‚Æƒgƒ‰ƒ“ƒv‘O‘å“—Ì‚ª‰ï’k@ƒgƒ‰ƒ“ƒvuŸŠú‘å“—Ì‚Æ‚µ‚Ä‘½‚­‚Ì–½‚ğ’D‚Á‚½í‘ˆ‚ğI‚í‚ç‚¹‚év,https://news.yahoo.co.jp/articles/c5e9d1fd1e0645f417fb1a570cedcda3f4f7ad89,No date found
jnn,TBS NEWS DIG Powered by JNN,–¯å“}‹cˆõ37lAƒoƒCƒfƒ“‚É‘å“—Ì‘I‚Ì“P‘Ş—v‹‚àu—ˆT‚©‚ç‘I‹“Šˆ“®ÄŠJv–{l‚Í“P‘Ş‹‘”Û‚Ìp¨•Ï‚í‚ç‚¸,https://news.yahoo.co.jp/articles/039fde768f35cc996dd8835310075bf74c4e6c66,No date found
jnn,TBS NEWS DIG Powered by JNN,–¯å“}‹cˆõ12l‚ªƒoƒCƒfƒ“‚Ö‘å“—Ì‘I‚Ì“P‘Ş—v‹@ˆê“ú‚Æ‚µ‚Ä‚ÍÅ‘½,https://news.yahoo.co.jp/articles/094e9fa4537ffbcd01d7b9ba3c6b6e0546ca7634,No date found
jnn,TBS NEWS DIG Powered by JNN,ì‚ÍŠÉ‚â‚©‚Å‚àAó‚­‚Ä‚à–û’f‹Ö•¨@“M‚ê‚½‚çg•‚‚¢‚Ä‘Ò‚Âh !uº‚ğo‚·vuè‚ğ‚ ‚°‚év‚ÍNG,https://news.yahoo.co.jp/articles/c7eb04bb7b6aeb0d1090baf838e1f1db73b5b21f,No date found
jnn,TBS NEWS DIG Powered by JNN,ƒoƒ“ƒOƒ‰ƒfƒVƒ…‚ÅŠw¶ƒfƒ‚Œƒ‰»‘S“y‚ÉŠOo‹Ö~—ß@75l€–S@Œö–±ˆõÌ—p‚Ì—D‹ö‘[’u‚É‹­‚¢”½”­,https://news.yahoo.co.jp/articles/f536fcd5cb481d36002c127ddc8c850bec44fd7f,No date found
jnn,TBS NEWS DIG Powered by JNN,ƒoƒhƒ~ƒ“ƒgƒ““ú–{‘ã•\AƒpƒŠ‚ÉŒü‚¯o”­@—qƒVƒ“ƒOƒ‹ƒXRŒûˆ©uˆêŠÛ‚Æ‚È‚Á‚Ä¸ˆê”tŠæ’£‚è‚½‚¢v,https://news.yahoo.co.jp/articles/771c5c740411a46175bc7fe79c6b59beff190626,No date found
jnn,TBS NEWS DIG Powered by JNN,yAEE“]EŠó–]Ò •KŒ©!zƒXƒ^[ƒgƒAƒbƒvŠé‹Æ‚ÅÌ—p‚³‚ê‚él•¨‘œ‚Æ‚Í?,https://news.yahoo.co.jp/articles/47b038a6f23b6cc42402a508f555461c1ddd4d70,No date found
jnn,TBS NEWS DIG Powered by JNN,y‘å‰JŒx•ñzRŒûŒ§Eˆ¢•’¬‚É”­•\,https://news.yahoo.co.jp/articles/4793f6a2748a97b2e4dacb43ac264c25d9463d20,No date found
jnn,TBS NEWS DIG Powered by JNN,USƒXƒ`[ƒ‹”ƒû‚Ì“ú–{»“S‚Ég‹­—Í‰‡ŒRh‚©@ƒgƒ‰ƒ“ƒv­Œ ‚Ì‘–±’·Š¯Eƒ|ƒ“ƒyƒI‚ªƒAƒhƒoƒCƒU[A”C@Œ»’nƒƒfƒBƒA,https://news.yahoo.co.jp/articles/d3bd6d8017a3ed1dd7a34020611b66cf31947e67,No date found
jnn,TBS NEWS DIG Powered by JNN,–D‡‚Æ…Œ‹‚ÑcŠO‰Èˆã‚É‚Æ‚Á‚Äd—v‚È‹Zp`wƒuƒ‰ƒbƒNƒyƒAƒ“xŠÄCƒhƒNƒ^[‚ª‰ğà vol.22`,https://news.yahoo.co.jp/articles/d9206cec039cbcdf74ffb7809e56725613e81863,No date found
jnn,TBS NEWS DIG Powered by JNN,y“y»ĞŠQŒx‰úî•ñzRŒûŒ§E”‹s‚É”­•\,https://news.yahoo.co.jp/articles/62bb65b75ed1c08d13c632d0a98b74b3914fd581,No date found
jnn,TBS NEWS DIG Powered by JNN,uŒÕ‚É—ƒv‚ÍgƒXƒ“ƒbh‚Æ‚¹‚´‚é‚ğ“¾‚È‚¢l‚½‚¿‚É‚àƒXƒ|ƒbƒg`4ŒŠúƒhƒ‰ƒ}À’k‰ï`y’²¸î•ñƒfƒWƒ^ƒ‹z,https://news.yahoo.co.jp/articles/d57f1b3b816bf78814ff8e3f54052b3970773782,No date found
jnn,TBS NEWS DIG Powered by JNN,y‘å‰JŒx•ñz•xRŒ§E“ì“vs‚É”­•\,https://news.yahoo.co.jp/articles/99240af7056719ba3070fba9115561eae64b0e11,No date found
jnn,TBS NEWS DIG Powered by JNN,y‘å‰JŒx•ñzH“cŒ§E”\‘ãsAOí’¬‚É”­•\,https://news.yahoo.co.jp/articles/65b427fe13d090f909cfd12bbe95ab1c7a1e3d11,No date found
jnn,TBS NEWS DIG Powered by JNN,y^…Œx•ñzÎìŒ§E‹à‘òsA¬¼sA–ìXss‚É”­•\,https://news.yahoo.co.jp/articles/b0d1a0c6ba337e95855b347c8647a870f5f1e3b5,No date found
jnn,TBS NEWS DIG Powered by JNN,y‘å‰JŒx•ñzRŒûŒ§E”‹s‚É”­•\,https://news.yahoo.co.jp/articles/99900a115b780a8179e3373efe79a82a135aca8a,No date found
jnn,TBS NEWS DIG Powered by JNN,yŒ³E•ó’Ë‰Ô‘gz—MŒõi‚ä‚¸‚©E‚ê‚¢j‚³‚ñ@ƒXƒ^[ƒ_ƒXƒgƒvƒƒ‚[ƒVƒ‡ƒ“‚ÉŠ‘®‚ğŒö•\,https://news.yahoo.co.jp/articles/ba9de4bbe900a170684b3ba98e79060cfa95b8e6,No date found
jnn,TBS NEWS DIG Powered by JNN,”L‚ÉŒÀ‚ç‚¸u“®•¨‚Í‚İ‚ñ‚È”Lãv”M‚¢‚à‚Ì‚ªH‚×‚ç‚ê‚È‚¢‚Ì‚Íuãv‚Ìg‚¢•û‚Ì‚¹‚¢‚¾‚Á‚½ u”Lãv‚ğ•‚·‚é•û–@,https://news.yahoo.co.jp/articles/92672f5ce3e733729ae647ce41ad436f2482586f,No date found
jnn,TBS NEWS DIG Powered by JNN,y‘å‰JŒx•ñzÂXŒ§EÂXs‚É”­•\,https://news.yahoo.co.jp/articles/c23c8644804db768d705963fdcb0d6e9f98ec4dc,No date found
jnn,TBS NEWS DIG Powered by JNN,y^…Œx•ñzÎìŒ§E—Ö“‡sAŒŠ…’¬A”\“o’¬‚É”­•\,https://news.yahoo.co.jp/articles/9bba6342653ce44ee527a5349b03297d6c055caf,No date found
jnn,TBS NEWS DIG Powered by JNN,y“y»ĞŠQŒx‰úî•ñzRŒûŒ§E’·–ås‚É”­•\,https://news.yahoo.co.jp/articles/33e8eaf0103bd3d0a2a197609fe75d0ef044ad8d,No date found
jnn,TBS NEWS DIG Powered by JNN,‘S‘“I‚ÉŒƒ‚µ‚¢—‹‰J‚É’ˆÓ@¡”NÅ‘½30’nˆæ‚É”M’†ÇŒx‰úƒAƒ‰[ƒg@—ˆT‚Í‰«“ê‚É‘ä•—‚ª‹ß‚Ã‚­‚¨‚»‚ê,https://news.yahoo.co.jp/articles/8be5e48914698036de9c4a6cd43fbca1bc60f634,No date found
jnn,TBS NEWS DIG Powered by JNN,y‘å‰JŒx•ñzÎìŒ§E‹à‘òsA‚©‚Ù‚­s‚É”­•\,https://news.yahoo.co.jp/articles/6b66e9bac834f96830c2788af3076206ed74e2d0,No date found
jnn,TBS NEWS DIG Powered by JNN,u‚¢‚­‚Â‚Å‚àA‚¨“š‚¦‚­‚¾‚³‚¢v‚É‚Ç‚¤“š‚¦‚é‚©`TBS‚Ìê–å‰Æ‚ª•ªÍuƒf[ƒ^‚©‚ç‚İ‚¦‚é¡“ú‚Ì¢‘Šv`y’²¸î•ñƒfƒWƒ^ƒ‹z,https://news.yahoo.co.jp/articles/c464dd2900a71d2b82c9f233ded20aa809576b76,No date found
jnn,TBS NEWS DIG Powered by JNN,ƒpƒŒƒXƒ`ƒi©¡‹æ‚Ö‚Ìè—Ì­ô‚Íu‘Û–@ˆá”½vICJ‚ªŠ©“IˆÓŒ©@ƒCƒXƒ‰ƒGƒ‹‘¤‚Íu©•ª‚½‚¿‚Ì“y’nv‚Æ”½”­,https://news.yahoo.co.jp/articles/d135ed0e9c98ba7a6b3f24119081399abd2ada2d,No date found
jnn,TBS NEWS DIG Powered by JNN,‰H“c‹ó`‚â¬“c‹ó`‚Å‘Ûü’†S‚ÉŒ‡q•Ö‚â’x‰„•Ö‚à@¢ŠE“IƒVƒXƒeƒ€áŠQ‚Ì‰e‹¿,https://news.yahoo.co.jp/articles/cd725fed5febf84f7df57e0fd123ac1519fdc670,No date found
jnn,TBS NEWS DIG Powered by JNN,Windows–â‘èA•¡”‚Ì•Ä‹ó`•Â½‹Ù‹}’Ê•ñ‚É‚àáŠQ@ƒpƒŠŒÜ—Ö‚Ì‹–‰ÂØ”­s‚É‰e‹¿,https://news.yahoo.co.jp/articles/210bef38380774e827d079e4b412159772a414f3,No date found
jnn,TBS NEWS DIG Powered by JNN,•Ä‘å“—Ì‘I@V‚½‚É‹cˆõ10l‚ªƒoƒCƒfƒ“‚Ì“P‘Ş‹‚ß‚é,https://news.yahoo.co.jp/articles/4c21ae3ec8b6f830f7d5a2a28c1d95f3f75d1ebc,No date found
jnn,TBS NEWS DIG Powered by JNN,Windows¢ŠE‹K–ÍƒVƒXƒeƒ€áŠQ@Œ´ˆö‚ÍƒZƒLƒ…ƒŠƒeƒBƒ\ƒtƒg,https://news.yahoo.co.jp/articles/3a1741747c0dd999d5bd9daee09afb53bf4bb437,No date found
jnn,TBS NEWS DIG Powered by JNN,y“y»ĞŠQŒx‰úî•ñzRŒûŒ§E‰ºŠÖs‚É”­•\,https://news.yahoo.co.jp/articles/33734d6a24995aec66b091b9d2c7e1ac5047be71,No date found
jnn,TBS NEWS DIG Powered by JNN,y‘å‰JŒx•ñzRŒûŒ§E‰ºŠÖsA’·–ås‚É”­•\,https://news.yahoo.co.jp/articles/ef371f66050d7dfef4b8e4a7b0715dfb6a887e82,No date found
jnn,TBS NEWS DIG Powered by JNN,y^…Œx•ñzÎìŒ§Eµ”ösAu‰ê’¬‚É”­•\,https://news.yahoo.co.jp/articles/53841cafd6cf4a1083815e4961e669ff18f304ba,No date found
jnn,TBS NEWS DIG Powered by JNN,y‘å‰JŒx•ñzÎìŒ§Eµ”ösA—Ö“‡sAu‰ê’¬AŒŠ…’¬A”\“o’¬‚É”­•\,https://news.yahoo.co.jp/articles/7af6fd4e1717ca5ab6ac30b30adc13a00195c6b8,No date found
jnn,TBS NEWS DIG Powered by JNN,ƒƒVƒA‚ÅS‘©‘±‚­•Ä‹LÒ‚É’¦–ğ16”N‚Ì”»Œˆ@ƒXƒpƒCß‚Å,https://news.yahoo.co.jp/articles/a701d11c8c38b2de68bcb1054ceb596789884925,No date found
jnn,TBS NEWS DIG Powered by JNN,Œo’c˜A@Œ´”­Šˆ—p‚È‚Ç‚ğ·‚è‚ñ‚¾’ñŒ¾‚ğ­•{‚É’ño@Œyˆä‘òE‰Ä‹GƒtƒH[ƒ‰ƒ€,https://news.yahoo.co.jp/articles/8103418b715c2a429f9f2b35b1571fa0297a43f4,No date found
jnn,TBS NEWS DIG Powered by JNN,–k’©‘NE‹à³‰¶‘‘‹L‚ªƒƒVƒA‘–hŸŠ¯‚Æ‰ï’kuŒR–‹¦—Í‚Ìd—v«‚É‚Â‚¢‚Ä”F¯‹¤—Lv,https://news.yahoo.co.jp/articles/07a10057c35309b98d4a0f60b472139b0d39f92a,No date found
jnn,TBS NEWS DIG Powered by JNN,’†‘‹¤Y“}uV¿¶Y—Ív‚Ì”­“WuƒTƒvƒ‰ƒCƒ`ƒF[ƒ“‚Ì‹­‰»v‚Éd“_,https://news.yahoo.co.jp/articles/9ffe4fe34391de8e2b35cd6943e5fd17e4bb379f,No date found
jnn,TBS NEWS DIG Powered by JNN,‘Š–ÍŒ´E’†‰›‹æ‚Ì‘Š–Íì‚Å’†2’jq¶“ki14j‚ª—¬‚³‚ê€–S@“¯‹‰¶3l‚Åì—V‚Ñ‚ÌÅ’†‚É,https://news.yahoo.co.jp/articles/9c49eedb9a7a6e4ef19aa8fde107a55ad19630a5,No date found
jnn,TBS NEWS DIG Powered by JNN,yDeNAz—‘Åí§‚µÄ‚Ñ’™‹à5IƒI[ƒXƒeƒBƒ“‚ªŸ‚¿‰z‚µ’eŠÜ‚Ş1‡2”­ ŠŒ´‚ªæ§‘ÅŠÜ‚Ş3ˆÀ‘Å3‘Å“_ R–{•“x‰ï‚à–Ò‘ÅÜ,https://news.yahoo.co.jp/articles/55d8cdad7cf501097fb265236a0a878be1e58edf,No date found
jnn,TBS NEWS DIG Powered by JNN,yƒ„ƒNƒ‹ƒgz‹t“]•‰‚¯ 3˜AŸ‚È‚ç‚¸..“Šèw‚Í17ˆÀ‘Å8¸“_ ƒI[ƒXƒeƒBƒ“‚É2”­Œ£ã ‘ºã‚Ìƒgƒbƒvƒ^ƒC16†‚à‹ó–C 9‰ñ‚Ì–ÒU‚à‹y‚Î‚¸,https://news.yahoo.co.jp/articles/db8eaf0b37519a5ffed01ef479eec657e768942e,No date found
jnn,TBS NEWS DIG Powered by JNN,Šİ“c‘—uŒoÏ‚à–œ”‚à‘å‚¢‚É”M—Ê‚ğã‚°‚Ä‚¢‚«‚½‚¢v,https://news.yahoo.co.jp/articles/ef34229fed099eedfb3837205100ae78fbae7f94,No date found
jnn,TBS NEWS DIG Powered by JNN,­•{A¡Œ’†‚ÉzŠÂŒ^ŒoÏ„i‚Ì‚½‚ß‚ÌŠÖŒWŠt—»‰ï‹c‚ğ‰‚ß‚ÄŠJÃ‚Ö,https://news.yahoo.co.jp/articles/94f628c56fd0087aa79198305f3a7b9bec675d51,No date found
jnn,TBS NEWS DIG Powered by JNN,Windows–â‘èAƒ}ƒCƒNƒƒ\ƒtƒg‚ÍuƒNƒ‰ƒEƒhƒXƒgƒ‰ƒCƒNv‚Ìƒ\ƒtƒgƒEƒFƒAXV‚ªŒ´ˆö‚Æ–¾‚ç‚©‚É,https://news.yahoo.co.jp/articles/7e4cde5c4604bb82b0c9a612feee341631df0d32,No date found
jnn,TBS NEWS DIG Powered by JNN,¢ŠE“IƒVƒXƒeƒ€áŠQ@‚Ü‚à‚È‚­ŠJÃ‚ÌƒpƒŠŒÜ—Ö‚É‚à‰e‹¿,https://news.yahoo.co.jp/articles/669e1a83e94d42f4d3bfe6f4bcd54e1d911abf22,No date found
jnn,TBS NEWS DIG Powered by JNN,uƒAƒz\ƒƒ“vuƒzƒƒCƒgƒKƒEv‘S‘‚²“–’nƒ‰[ƒƒ“183í—Ş‚ğ”­•\@©‘î‚Å‚à‘Ü–Ë‚Å’nŒ³‚Ì–¡‚ğÄŒ»yNƒXƒ^‰ğàz,https://news.yahoo.co.jp/articles/66f9cf96dc8b886af214459421da84a791a6c170,No date found
jnn,TBS NEWS DIG Powered by JNN,u‘‰‚¹‚â‚·‚­‚È‚éƒ^ƒ“ƒpƒN¿v”­Œ©@«—ˆ‚ÍH–§ŒÀ‚È‚µ‚Ì”ì–¡—Ã‚à‰Â”\‚ÉyNƒXƒ^‰ğàz,https://news.yahoo.co.jp/articles/6cfd455d2e4a83d1b23690683c23cb503497440c,No date found
jnn,TBS NEWS DIG Powered by JNN,’r]—‰ÔquŠÈ’P‚¶‚á‚È‚¢“¹‚Ì‚è‚Å‚Í‚ ‚Á‚½v‘Ş‰@Œã‚©‚ç–Ú•W‚ÉŒf‚°‚Ä‚«‚½ƒpƒŠŒÜ—Ö@100mƒoƒ^‚Ö‚ÌŒˆˆÓŒê‚éyŒöŠJ—ûKz,https://news.yahoo.co.jp/articles/e5e7e3366e663c291ea7e49610f4ffa70c75d022,No date found
jnn,TBS NEWS DIG Powered by JNN,ç—tŒ§‚ÅÅ‘åk“x1‚Ì’nk@ç—tŒ§Eç—t‰ÔŒ©ì‹æAç—tˆî–Ñ‹æAç—t—Î‹æ,https://news.yahoo.co.jp/articles/4961314da375eb917dfc6b7ce7c637faf9e48fb8,No date found
jnn,TBS NEWS DIG Powered by JNN,u–¡‚ª‚È‚¢v…‚ªˆù‚ß‚È‚¢q‚Ç‚à‚ª‘‰Á@”wŒi‚ÉƒRƒƒi‰Ğ‚ª‰e‹¿?ê–å‰ÆuĞŠQ‚ÉŒü‚¯g•h‚ğvyNƒXƒ^‰ğàz,https://news.yahoo.co.jp/articles/8d0e68d49d4c81e49f8b405074dc30394e7c8ac1,No date found
jnn,TBS NEWS DIG Powered by JNN,y‘¬•ñzƒxƒgƒiƒ€Å‚w“±Ò‚Ìƒ`ƒ‡ƒ“‘‹L’·i80j‚ª€‹‘‰cƒƒfƒBƒAu˜VŠ‚Æd•a‚Ì‚½‚ßv,https://news.yahoo.co.jp/articles/62f302b2e40f42b6d196605c35d91e3780894347,No date found
jnn,TBS NEWS DIG Powered by JNN,ƒeƒ‹ƒAƒrƒu‚Åƒhƒ[ƒ“UŒ‚@5l€@ƒt[ƒV”h‚ª”Æsº–¾,https://news.yahoo.co.jp/articles/9d97123ea869d1b7aa7157d7bc248f43641bcb39,No date found
jnn,TBS NEWS DIG Powered by JNN,yL“‡zŠ®••Ÿ‚¿ 7Œ8“úˆÈ—ˆ‚ÌñˆÊ’Dæ ’™‹à6I°“c‚ª7‰ñ–³€–—Û‚Ìƒsƒ“ƒ`‚ğ—½‚¬ƒZEƒgƒbƒv9Ÿ–Ú ƒVƒƒƒCƒi[‚ª2í˜A‘±‚ÌŒˆŸ‘Å,https://news.yahoo.co.jp/articles/5996e0d72e77e355ab7f9e8f9fb0babd0bb6278f,No date found
jnn,TBS NEWS DIG Powered by JNN,JAL@—\–ñƒVƒXƒeƒ€áŠQ‚©‚ç•œ‹Œ@Windows–â‘è‚Æ‚ÌŠÖ˜A‚Í•s–¾,https://news.yahoo.co.jp/articles/6bcc9287dc255fae654cb246c7a15a2dd5cceed4,No date found
jnn,TBS NEWS DIG Powered by JNN,yã_z3˜A”s ¡‹G12“x–Ú‚Ì—ë”s‚Å’™‹à1‚É...7‰ñ‚Ì3˜A‘Å‚Ì–³€–—Û‚©‚çâ–{‚ª•¹E‘Å –Ø˜Q‚à–}‘Ş ‘ºã‚Í8‰ñ1¸“_‚ÉD“Š‚à7”s–Ú,https://news.yahoo.co.jp/articles/cd4a484110225687d291ea44f1412473c6f5e7e0,No date found
jnn,TBS NEWS DIG Powered by JNN,yƒƒbƒez“ú–{ƒnƒ€‚É‹Í·‚Å”síc¬“‡‚ª7‰ñ‚Ü‚Åƒm[ƒqƒbƒg“Š‹…‚à8‰ñÎˆä‚É3†ƒ\ƒ 9‰ñŒSi‚É8†ƒ\ƒ ‘Åü‚Í‚ ‚Æ1•à“Í‚©‚¸,https://news.yahoo.co.jp/articles/29e1d24f7dc1bc73414d65915678f79f88e5a93d,No date found
jnn,TBS NEWS DIG Powered by JNN,VŒ^ƒRƒƒig‘æ11”gh‚©@u–ò‘ã‚ª‚‚­•—p‚ğ’f‚éŠ³Ò‚àvŒŸ¸‚â–ò‚È‚Ç‚Ì”ï—p‚Í‚¢‚ÜyNƒXƒ^‰ğàz,https://news.yahoo.co.jp/articles/53fd04d12852e0431ce049e937ad7600c70da965,No date found
jnn,TBS NEWS DIG Powered by JNN,u104v“d˜b”Ô†ˆÄ“àƒT[ƒrƒXI—¹‚ÖA‚ ‚È‚½‚Íu’m‚Á‚Ä‚¢‚½Hvu‚Ç‚¤g‚Á‚Ä‚¢‚½HvŠX‚Å‚İ‚ñ‚È‚ÌƒRƒG‚ğ•·‚«‚Ü‚µ‚½I,https://news.yahoo.co.jp/articles/20314308d70672f60dd9dfebe4aa048416c01e7f,No date found
jnn,TBS NEWS DIG Powered by JNN,u‚¢‚Â‚à‚Æˆá‚Á‚Ä‚¨‚¢‚µ‚¢vƒCƒ^ƒŠƒA“W‚Å‹ ƒRƒ‰ƒ{u—\–ñ‚µ‚È‚¢‚Æ‚¢‚¯‚È‚¢“X‚ªˆê“x‚ÉŠy‚µ‚ß‚év23“ú‚Ü‚Å,https://news.yahoo.co.jp/articles/0b61af8d6a9471f026772c9f43b84429543a7f1a,No date found
jnn,TBS NEWS DIG Powered by JNN,y’†“úzŠ®••Ÿ‚¿3˜A”s‚Å~‚ß‚éIîà‹´G‚ª8‰ñ‚ğ¡‹GÅ‘½12KE–³¸“_‚Ì‰õ“Š‚Å7Ÿ–Ú ‹K’è“Í‚©‚¸‚à–hŒä—¦0.52 ×ì‚ªŒˆŸ12†ƒ\ƒ,https://news.yahoo.co.jp/articles/56bd437b4fadc97b0efcbcf9a7c57931170c18c2,No date found
jnn,TBS NEWS DIG Powered by JNN,y‹lz‹…’cƒ[ƒXƒgƒ^ƒC‚Ì¡‹G15“x–Ú‚Ì—ë”s‚ÅñˆÊŠ×— ŒË‹½‚ª×ì‚Éˆê”­—‚Ñ‚é ‘Åü‚Íîà‹´G‚©‚ç12OU U”­4ˆÀ‘Å‚ÅO—Û“¥‚ß‚¸,https://news.yahoo.co.jp/articles/21aa5a2bfe332000ea7931df5ff7457b7a379985,No date found
jnn,TBS NEWS DIG Powered by JNN,©–¯Ed¼‰ÀKŒ³]“Œ‹æ‹c‚ğ—ª®‹N‘i@]“Œ‹æ’·‘I‹“‚ÅŒË•Ê–K–â‚µ“Š•[ŒÄ‚Ñ‚©‚¯‚½‹^‚¢‚Å‘—Ş‘—ŒŸ@“Œ‹‹æŒŸ,https://news.yahoo.co.jp/articles/b98c77a0a20ed66cb17a98c1e9162edab815580d,No date found
jnn,TBS NEWS DIG Powered by JNN,y„—ÍÊ‰èzuˆ¤‚ÉŒq‚ª‚Á‚Ä‚¢‚Á‚½‚çŠğ‚µ‚¢v å‰‰‰f‰æu„‚ª‰´‚Ìl¶!?vŒöŠJ,https://news.yahoo.co.jp/articles/e2716f0aa290261ce2ed151f93185cfb43387616,No date found
jnn,TBS NEWS DIG Powered by JNN,‘“à‰ß‹Å‘½‚ÌŠoÁÜ‰Ÿû—Ê@–ñ37ƒLƒ‚ğ–§—A‚µ‚æ‚¤‚Æ‚µ‚½ƒJƒiƒ_‘Ğ‚Ì’j2l‚ğ‘ß•ß,https://news.yahoo.co.jp/articles/872d8cdc0733104fb46537f7d6b52c87d82986ab,No date found
jnn,TBS NEWS DIG Powered by JNN,ƒJƒXƒnƒ‰‘Îô‚ğŠé‹Æ‚É‹`–±•t‚¯@Œú˜JÈŒŸ“¢‰ï‚Ì•ñ‘ˆÄ@–@‰ü³‚ÉŒü‚¯‹c˜_‚Ö,https://news.yahoo.co.jp/articles/6dd81bd0281df645f101cfb41b82a1b975582864,No date found
jnn,TBS NEWS DIG Powered by JNN,ƒWƒFƒbƒgƒXƒ^[@‘S‘‚Ì‰^q‚µ‚Ä‚¢‚é‹ó`‚ÅƒVƒXƒeƒ€ƒgƒ‰ƒuƒ‹@ŒßŒã6Œ»İ‚Å–ñ20•Ö‚ªŒ‡q@Windowsƒgƒ‰ƒuƒ‹‚Æ‚ÌŠÖ˜A‚È‚Ç’²¸’†,https://news.yahoo.co.jp/articles/5a67e1d6199babc125f55ecdeb4c7565e74bb833,No date found
jnn,TBS NEWS DIG Powered by JNN,ˆŸ”M‘Ñ‚Å‚Â‚­‚é‘ä˜pƒEƒCƒXƒL[uKAVALANv‚ªl‹C@í¯‚ğ•¢‚·u’ZŠún¬v,https://news.yahoo.co.jp/articles/de3bb1cd3e688046b9ffa3aae7a10d6be625cb58,No date found
jnn,TBS NEWS DIG Powered by JNN,ŠCã•ÛˆÀ’¡‚ÅqŠC“ú“–‚Ì•s³ó‹‹‚ª”­Šo@²¢•ÛŠCã•ÛˆÀ•”‚Ì„‹’ø‚È‚Ç5Ç@‘S‘411Ç‘ÎÛ‚É’²¸i‚ß‚é,https://news.yahoo.co.jp/articles/22dac53d663e631173d7be8d0864d6d73c168251,No date found
jnn,TBS NEWS DIG Powered by JNN,“È–ØE‰F“s‹{s‚ÅÔ‚Æ©“]Ô‚Ì–ŒÌ@©“]Ô‚Ì—«i81j‚ÆÔ‰^“]‚Ì’j«i74jd,https://news.yahoo.co.jp/articles/d9c39ecf246e06f80fe82c87964b50d80b239de9,No date found
jnn,TBS NEWS DIG Powered by JNN,y7Œ20“úŠÖ“Œ‚Ì“V‹CzŒßŒã‚©‚ç—‹‰J‚Ì‚¨‚»‚ê,https://news.yahoo.co.jp/articles/5d6b8acbabfcd48bba6df4a1bc278a4e95164962,No date found
jnn,TBS NEWS DIG Powered by JNN,ƒgƒ‰ƒ“ƒv‚Æƒ[ƒŒƒ“ƒXƒL[‚ª19“ú‚É“d˜b‰ï’k‚©@CNN•ñ“¹,https://news.yahoo.co.jp/articles/790873e38dd38d0b07029f393981fa05cbc9ecb8,No date found
jnn,TBS NEWS DIG Powered by JNN,­•{‚ªu¥Šˆvx‰‡‚Ö@‚±‚Ç‚à‰Æ’ë’¡‚ÅWG‚Ì‰‰ï‡,https://news.yahoo.co.jp/articles/b84b278570577c8c9b80dc4f3deb9097a827cefa,No date found
jnn,TBS NEWS DIG Powered by JNN,ƒgƒ‰ƒ“ƒv‚ÌÄ‘I‚ÉŒoÏŠE‚©‚çŒœ”O‚Ìº@ŠÖÅˆø‚«ã‚°‚È‚ç‰e‹¿‚à,https://news.yahoo.co.jp/articles/7af166b335b00e867d468c4f5eac0e7cea9c8644,No date found
jnn,TBS NEWS DIG Powered by JNN,•ºŒÉŒ§EÖ“¡’m–‚ß‚®‚éƒpƒƒnƒ‰‹^˜f‚Å•SğˆÏ@Œ³Š²•”‚ªc‚µ‚½‰¹ºƒf[ƒ^ŒöŠJ,https://news.yahoo.co.jp/articles/9fb093612b33e4dd104a3a9603fb46c00aa50dec,No date found
jnn,TBS NEWS DIG Powered by JNN,‰H“c‹ó`‚àˆê•”‚ÅƒVƒXƒeƒ€ƒgƒ‰ƒuƒ‹@Windows–â‘è‚Ì‰e‹¿‚©,https://news.yahoo.co.jp/articles/b4aedeef1bd2bbde0b4af24c708ed13f838a0ae8,No date found
jnn,TBS NEWS DIG Powered by JNN,ŠâèŒ§‚ÅÅ‘åk“x1‚Ì’nk@ŠâèŒ§E‹{ŒÃsA‘å’Æ’¬,https://news.yahoo.co.jp/articles/85d62b3b3bcad0002da5b46ed05f0b9ed6f93ead,No date found
jnn,TBS NEWS DIG Powered by JNN,ˆäŒË“c‚³‚ñ@‚í‚ªq‚É‰ï‚¢‚ÉƒJƒu‚ğ‘–‚ç‚¹@’†“ú‚à‰‰‡uƒhƒ‰ƒSƒ“ƒY‚Ì‰pË‹³ˆçv,https://news.yahoo.co.jp/articles/d49961de372ac9e15e5128f9dfd39d99d91a2426,No date found
jnn,TBS NEWS DIG Powered by JNN,Windows‚Åg‹­§Ä‹N“®h‚È‚Çƒgƒ‰ƒuƒ‹”­¶@“ú–{ƒ}ƒCƒNƒƒ\ƒtƒgA‹K–ÍEŒ´ˆö‚Íu’²¸’†v,https://news.yahoo.co.jp/articles/76ecc1bada1f2777647b4b60e11383423a31d282,No date found
jnn,TBS NEWS DIG Powered by JNN,Windows–â‘è@¢ŠE’†‚Å¬—@‹ó`‚â•a‰@‚ÅáŠQ@’†‘EŠØ‘E•ÄEƒhƒCƒc‚È‚Ç,https://news.yahoo.co.jp/articles/07e1958f9dae0fecc8d589f63fb79ac8c4d72e83,No date found
jnn,TBS NEWS DIG Powered by JNN,y‘¬•ñz‘Š–Íì‚Å…“ï–ŒÌ@’†Šw¶‚ª—¬‚³‚ê‚½‚©@u’†Šw2”N‚Ì’jq¶“k3l‚ªì‚Å—V‚ñ‚Å‚¢‚½v,https://news.yahoo.co.jp/articles/75892a90303fc4ea968e5d0d0a3e04ffbb6c00a3,No date found
jnn,TBS NEWS DIG Powered by JNN,ŠëŒ¯‚È‹‚³‚Æ“V‹C‚Ì‹}•Ï‚É’ˆÓ@25’n“_‚É”M’†ÇŒx‰úƒAƒ‰[ƒg”­•\,https://news.yahoo.co.jp/articles/4ce5caad56325fec08064d2e0d6aa7ba939aa022,No date found
jnn,TBS NEWS DIG Powered by JNN,ƒgƒ‰ƒ“ƒvAeŒ‚–Œ‚©‚ç‰‚Ì‰‰à‚Å•Ï‚í‚ç‚Êgƒgƒ‰ƒ“ƒvßh‚à,https://news.yahoo.co.jp/articles/fbf09930d7599e65d0921f879073a64bbb4d2f39,No date found
jnn,TBS NEWS DIG Powered by JNN,‰H“c‹ó`‚Ì‘Ûü‚Å‚àƒgƒ‰ƒuƒ‹@Windows–â‘è‚Æ‚ÌŠÖ˜A‚Í•s–¾,https://news.yahoo.co.jp/articles/a698fa935181b27a170da2a8f635aa658962a5bd,No date found
jnn,TBS NEWS DIG Powered by JNN,USJ‚Å‚àƒVƒXƒeƒ€áŠQ‚ª”­¶@‘S“X‚Å‰c‹Æ’â~@Windows–â‘è‚Ì‰e‹¿‚©,https://news.yahoo.co.jp/articles/74e19e3823b9851cb3578e97d057770f0a63d363,No date found
jnn,TBS NEWS DIG Powered by JNN,ƒgƒ‰ƒ“ƒv‚Ö‚ÌeŒ‚–ŒŒãA¨‚¢‚Ã‚­‹¤˜a“}@–¯å“}‚ÍƒoƒCƒfƒ“‚Ì“P‘Ş˜_‚ªû‚Ü‚ç‚¸,https://news.yahoo.co.jp/articles/b606d17a72d72677bb34899cfdcef4c9ed20579d,No date found
jnn,TBS NEWS DIG Powered by JNN,"Windows‚Å""‹­§Ä‹N“®""‚È‚Çƒgƒ‰ƒuƒ‹”­¶@¢ŠE‹K–Í‚ÌáŠQ‚©",https://news.yahoo.co.jp/articles/2740b178d23ca5391becf1962af0f27103f52aa8,No date found
jnn,TBS NEWS DIG Powered by JNN,ux‚µ‚Ä‚­‚ê‚½l‚à‚»‚¤‚Å‚È‚¢l‚àvƒgƒ‰ƒ“ƒv ‰‰à‚©‚çŒ©‚¦‚½u–³“}”h‘wv‚Ö‚ÌƒƒbƒZ[ƒW@ƒoƒCƒfƒ“‘å“—Ì‚Ö‚Ìg’¼Ú”á”»hT‚¦‚½——RyƒAƒƒŠƒJ‘å“—Ì‘Iz,https://news.yahoo.co.jp/articles/01a90065d7c81ffa42bd1aa87dfe43158ebc3953,No date found
jnn,TBS NEWS DIG Powered by JNN,Æƒm•xmA–³‚Ì6˜AŸ‚Å’P“ÆñˆÊƒL[ƒvI‘‚­‚à1”s—Ím‚ªÁ‚¦‚éA10“x–Ú—DŸ‚Ö‘Oiy‘å‘Š–o–¼ŒÃ‰®êŠz,https://news.yahoo.co.jp/articles/44b06128674ef469a75026c6c895265c267f3a9d,No date found
jnn,TBS NEWS DIG Powered by JNN,"y’·B—Í••“¡Œhiz""70‰ß‚¬‚Ä“÷‚ğ1kg"" ‹ÁˆÙ‚Ìƒ‰ƒ“ƒ`‚É ""šø‚ç‚³‚ê‚½"" ""Œ³‹C‚È–ê‚³‚ñ"" ƒCƒWƒŠ‚Ì‰V‚ÉƒtƒHƒƒ[‚Ù‚Á‚±‚è",https://news.yahoo.co.jp/articles/1661fcfad55efb7fe7f8d045695c8032488ce6dd,No date found
jnn,TBS NEWS DIG Powered by JNN,‚Â‚Î‚³‚Ì“}‚Ì‘ã•\‚ç3l‚ğŒö‘I–@ˆá”½‚Ìß‚Å3‰ñ–Ú‚Ì‹N‘i@“Œ‹’nŒŸ,https://news.yahoo.co.jp/articles/bd48316c6d45e55436f82812e4f9eddbe0ebe076,No date found
jnn,TBS NEWS DIG Powered by JNN,MUFG‚ªŒo‰cw‚Ì•ñVŒ¸Šz‚ğ”­•\@ŒÚ‹qŠé‹Æ‚Ì”ñŒöŠJî•ñ‚ğ–³’f‚Å‹¤—L‚µ‚Ä‚¢‚½–â‘è‚Å,https://news.yahoo.co.jp/articles/2a057c3cabe2de0734d26edb0b63bb76d5eb5743,No date found
jnn,TBS NEWS DIG Powered by JNN,JAL‚ÌƒEƒFƒuƒTƒCƒg‚ÅƒVƒXƒeƒ€ƒgƒ‰ƒuƒ‹@‘Ûü‚Ì—\–ñEw“ü‚Å‚«‚¸@Windows‚ğ‚ß‚®‚é–â‘è‚Æ‚ÌŠÖ˜A‚Í’²¸’†,https://news.yahoo.co.jp/articles/a5c98e06b7e483026e4e4460574f89877c214175,No date found
jnn,TBS NEWS DIG Powered by JNN,y19“úEƒ„ƒNƒ‹ƒgƒXƒ^ƒƒ“z’·‰ª1”Ô•Â–Ø2”Ôƒ‰ƒCƒg ‹{–{3”Ô ‘ºã4”Ô ƒIƒXƒi5”Ô R“c7”Ô ŠÛR˜a8”ÔƒZƒ“ƒ^[ æ”­‹g‘º •ßè‚Í’†‘º,https://news.yahoo.co.jp/articles/f6c3d9b594ea1eb0525bf79ce332d01630fed253,No date found
jnn,TBS NEWS DIG Powered by JNN,y19“úEDeNAƒXƒ^ƒƒ“z“x‰ï8”Ôƒ‰ƒCƒg ŠŒ´1”ÔƒZƒ“ƒ^[ ƒI[ƒXƒeƒBƒ“2”Ô ²–ì3”ÔƒŒƒtƒg ƒVƒ‡[ƒg‹“c æ”­ƒWƒƒƒNƒ\ƒ“ •ßè‚ÍR–{,https://news.yahoo.co.jp/articles/b85bf0e99a47e142180e844a04a59fcb6dd19c32,No date found
jnn,TBS NEWS DIG Powered by JNN,146l‚ªu”M’†Çv‚Ì‹^‚¢‚Å”À‘—@ŠÖ“Œ‚Ì1“s5Œ§‚Å,https://news.yahoo.co.jp/articles/bb8b6ffe50f58724b652a66520f32c1946143d2e,No date found
jnn,TBS NEWS DIG Powered by JNN,–h‰qÈE©‰q‘à@V‚½‚É‘ß•ßÒ‚àuŒö•\‚¹‚¸v–ØŒ´‘åb‚àğ–é‚Ü‚Å”cˆ¬‚¹‚¸,https://news.yahoo.co.jp/articles/682412e4a87b55a3d5f5bfe533dce581a7b505a4,No date found
jnn,TBS NEWS DIG Powered by JNN,y19“úE‹lƒXƒ^ƒƒ“z‰ª–{˜a‚Í4”Ôƒtƒ@[ƒXƒg •ßèE‘åé‘ì‚ª5”Ô â–{6”ÔƒT[ƒh ‰ª“c7”ÔƒŒƒtƒg ƒVƒ‡[ƒg‚ÍòŒû8”Ô æ”­EŒË‹½,https://news.yahoo.co.jp/articles/37375a516f29b8eb5ac7929231870fde37cdc8d9,No date found
jnn,TBS NEWS DIG Powered by JNN,y‘¬•ñzƒfƒ‹ƒ^q‹óo”­•Ö‚Ì‰^s’â~@Windows‚ß‚®‚é–â‘è‚Æ‚ÌŠÖ˜A’²‚×‚é,https://news.yahoo.co.jp/articles/8b785db74d087a659e9495bc6dc8bc4e1ea6acc3,No date found
jnn,TBS NEWS DIG Powered by JNN,y19“úE’†“úƒXƒ^ƒƒ“z’†“c4”Ôƒtƒ@[ƒXƒg ‰ª—Ñ‚Íƒxƒ“ƒ` ƒJƒŠƒXƒe1”Ô Œã“¡2”Ôƒ‰ƒCƒg ”ÂR6”ÔƒZƒJƒ“ƒh æ”­Eîà‹´G •ßè‚Í‰Á“¡ ,https://news.yahoo.co.jp/articles/5b2b804050fd33601e4f0100013240ebc7a1e81f,No date found
jnn,TBS NEWS DIG Powered by JNN,y‘¬•ñz5Î‚Ì’j™‚ª—V‰j’†‚É“M‚ê‚Ä€–S@•ºŒÉŒ§E’W˜H“‡,https://news.yahoo.co.jp/articles/229979670dd7b92b6e9ac9df16492c8978cb5a9c,No date found
jnn,TBS NEWS DIG Powered by JNN,y19“úEL“‡ƒXƒ^ƒƒ“zƒVƒƒƒCƒi[‚Í8”Ôƒtƒ@[ƒXƒg –ìŠÔ3”Ô ¬‰€4”Ô ’†‘º‹M5”ÔƒŒƒtƒg •ßèEâ‘q‚ª6”Ô ‹e’r7”Ô æ”­E°“c,https://news.yahoo.co.jp/articles/c3085c8819c744b851c9697e23b918cd9d902873,No date found
jnn,TBS NEWS DIG Powered by JNN,y19“úEã_ƒXƒ^ƒƒ“z‹ß–{1”Ô•’†–ì2”Ô X‰º3”Ôƒ‰ƒCƒg ²“¡‹P4”Ô ‘åR5”Ô –ìŒû6”ÔƒŒƒtƒg ƒVƒ‡[ƒg–Ø˜Q æ”­E‘ºã •ßè‚Íâ–{,https://news.yahoo.co.jp/articles/7e82fe7b9d24cbc278b2952d01302628d45bf03f,No date found
jnn,TBS NEWS DIG Powered by JNN,y•S“c‰ÄØqz13”N‚Ô‚è‚É“oê‚Ì‘Œ©‚ ‚©‚è‚³‚ñ‚É‰ü‚ß‚ÄŠ´Óu‚à‚¤ˆê“xˆê‚ÉƒXƒe[ƒW‚É—§‚Á‚Ä‚­‚ê‚Ä‚ ‚è‚ª‚Æ‚¤v,https://news.yahoo.co.jp/articles/c7ef0a4c2e56b769a97740bc8043e42235a5ecda,No date found
jnn,TBS NEWS DIG Powered by JNN,“Ë‘Rg“Š‘ƒOƒ‹[ƒv‚ÌLINEh‚Éµ‘ÒcSNSŒ^“Š‘¼‹\‚Å¼‹\G‚Ì’j1l‚ğV‚½‚É‘ß•ß@”íŠQ‘Šz‚Í‘S‘‚Å5‰­‰~’´‚©@Œx‹’¡,https://news.yahoo.co.jp/articles/29bf24945c8817f2ed2ecfdd4216b795f254bddd,No date found
jnn,TBS NEWS DIG Powered by JNN,ÂXŒ§‚ÅÅ‘åk“x1‚Ì’nk@ÂXŒ§E”ªŒËsAŒÜŒË’¬AÂX“ì•”’¬AŠKã’¬,https://news.yahoo.co.jp/articles/cd3a3d20d1036bfea43f0dea4357370575f92a1b,No date found
jnn,TBS NEWS DIG Powered by JNN,ìŒûƒ}ƒ“ƒVƒ‡ƒ“”š”­‚ÌuŠÔ‚ªƒhƒ‰ƒŒƒR‚É@Zl‚©‚çu‚à‚¤Z‚ß‚È‚¢v‚Ìº‚à,https://news.yahoo.co.jp/articles/27242a03c94402e1f9bc8f71b4582b0e0ca704cc,No date found
jnn,TBS NEWS DIG Powered by JNN,ˆãt‚Ìg–½‚Æ‚Í?‹êí‚·‚éŠO‰Èˆã‚Ì‹³ˆç`wƒuƒ‰ƒbƒNƒyƒAƒ“xŠÄCƒhƒNƒ^[‚ª‰ğà vol.21`,https://news.yahoo.co.jp/articles/a05bf60640af37a10d6fa521833bc84dad1c64a4,No date found
jnn,TBS NEWS DIG Powered by JNN,ƒtƒBƒW[ñ‘Š‚ªŒê‚ég’†‘‚Ì‘¶İh@JNN‚Ì’P“ÆƒCƒ“ƒ^ƒrƒ…[‚É,https://news.yahoo.co.jp/articles/1a02a6d0c7ea1a6fdfb631d462ccfa76c05844a8,No date found
jnn,TBS NEWS DIG Powered by JNN,uˆ«‚¢•¨‰¿ã¸vÄ”R@—ğj“I‚È‰~ˆÀ‚â“d‹CEƒKƒX‘ãƒAƒbƒv‚Å,https://news.yahoo.co.jp/articles/a68181991b4d95892fcb0cac04e2af6d624c1628,No date found
jnn,TBS NEWS DIG Powered by JNN,ƒgƒ‰ƒ“ƒvAeŒ‚Œã‚É‰‰‰àu¡”Ó‚±‚±‚É‚¢‚é‚Í‚¸‚Å‚Í‚È‚©‚Á‚½vxÒ‚ç‚Íu_‚É‚æ‚Á‚Äç‚ç‚ê‚½v,https://news.yahoo.co.jp/articles/9be5d9690ebe2f3a7838a3606851a1dab0c3c6f9,No date found
jnn,TBS NEWS DIG Powered by JNN,ŒÃ‰êÑ—“ßƒLƒƒƒvƒeƒ“u‚¢‚æ‚¢‚æ‚¾‚È‚Æ‚¢‚¤Š´‚¶vƒoƒŒ[ƒ{[ƒ‹—q“ú–{‘ã•\ ƒtƒ‰ƒ“ƒX‚Å—ûKŒöŠJ,https://news.yahoo.co.jp/articles/3a8c11dd2a547ac65acdd82a7d275921fc528bfa,No date found
jnn,TBS NEWS DIG Powered by JNN,ƒtƒ‰ƒ“ƒNƒtƒ‹ƒg‚ª800‰~!•¨‰¿‚“«‚Åg‰Ä‚Ì•—•¨h‰Ô‰Î‘å‰ï‚ÉˆÙ•Ïy‚Ğ‚é‚¨‚Ñz,https://news.yahoo.co.jp/articles/c59668c9f7349a62addb610decbff541fc2b2e97,No date found
jnn,TBS NEWS DIG Powered by JNN,y‘¬•ñzzŠÂŒ^ŒoÏ‚ÌŠÖŒWŠt—»‰ï‹cA¡Œ’†‚É‰‰ï‡‚Ö@Šİ“c‘—‚ª•\–¾,https://news.yahoo.co.jp/articles/4648e350c56e859666d619c8c28f35901efe74af,No date found
jnn,TBS NEWS DIG Powered by JNN,y‘¬•ñz¬“c‹ó`‚ÅƒWƒFƒbƒgƒXƒ^[‚Ìƒ`ƒFƒbƒNƒCƒ“ƒVƒXƒeƒ€g‚¦‚¸@Windowsƒgƒ‰ƒuƒ‹‚Æ‚ÌŠÖ˜A‚È‚Ç’²¸’†,https://news.yahoo.co.jp/articles/b77a97b9f8c2f33326f122931b3ca4682f5b9a0b,No date found
jnn,TBS NEWS DIG Powered by JNN,g…‚ªˆù‚ß‚È‚¢q‚Ç‚àh‘‰Á u–¡‚ª‚µ‚È‚¢vuˆù‚ñ‚¾‚±‚Æ‚ª‚È‚¢vƒRƒƒiE”M’†Ç‚ªŒ´ˆö‚©y‚Ğ‚é‚¨‚Ñz,https://news.yahoo.co.jp/articles/9a4390853161eb1d98516e822a3c9aacdb63f139,No date found
jnn,TBS NEWS DIG Powered by JNN,ƒ}ƒNƒhƒiƒ‹ƒh‚ÅuƒŒƒW‚Ì•s‹ï‡v‘±‚­@•œ‹Œ‚Ìƒƒh‚½‚½‚¸@3Š„‚Ì“X•Ü‚Å‰c‹Æ‹x~‚È‚Ç,https://news.yahoo.co.jp/articles/1f2bf694f2d4bdb58202ec9db8f873230c88b97e,No date found
jnn,TBS NEWS DIG Powered by JNN,ŠJ‰ï®‚ğs‚¤ƒZ[ƒkì‚Ì•t‹ß‚Å’Ês‹K§@ƒpƒŠƒIƒŠƒ“ƒsƒbƒN,https://news.yahoo.co.jp/articles/6d8aa777eb900b59fb161045c98ff2265a5432bf,No date found
jnn,TBS NEWS DIG Powered by JNN,•Ÿ“‡Œ§‚ÅÅ‘åk“x2‚Ì’nk@•Ÿ“‡Œ§E“c‘ºs,https://news.yahoo.co.jp/articles/6ae84f282098f6c56580a0815a3fefd7608fe4cb,No date found
jnn,TBS NEWS DIG Powered by JNN,y‘¬•ñz“Œ‹“s“à‚Å’j—23l‚ª”M’†Ç‚Ì‹^‚¢‚Å”À‘—@ŒßŒã3Œ»İ@“Œ‹Á–h’¡,https://news.yahoo.co.jp/articles/929c58da31aa574c3e70324b0462768d4a0e3c3e,No date found
jnn,TBS NEWS DIG Powered by JNN,ìŒût“Ş‚³‚ñ@ƒAƒ“ƒjƒ…ƒC‚È•\î‚ÅƒZƒsƒAÊ^ŒöŠJ@u—_—l‚İ‚½‚¢!vu”’•Ê^‚Å‚à“`‚í‚é”ü‚µ‚³v,https://news.yahoo.co.jp/articles/6bf985004e7e44a435be90d341ea11fbd376a97c,No date found
jnn,TBS NEWS DIG Powered by JNN,y‘¬•ñzƒ}ƒCƒNƒƒ\ƒtƒguWindowsvŸè‚ÉÄ‹N“®‚È‚Ç‚Ìƒgƒ‰ƒuƒ‹”­¶@‹K–Í‚âŒ´ˆöŠm”F’†,https://news.yahoo.co.jp/articles/b9e1ba594d32876f0b38061b9a25296f6d94d045,No date found
jnn,TBS NEWS DIG Powered by JNN,ƒpƒ\ƒRƒ“‰æ–Ê‚ÉuƒgƒƒC‚Ì–Ø”n‚ÉŠ´õ‚µ‚½vƒEƒCƒ‹ƒXœ‹ƒTƒ|[ƒg¼‹\‚ÌgŒûÀ‰®h‘ß•ß@”íŠQ’j«‚Ìƒlƒbƒgƒoƒ“ƒNŒûÀ‚ğ‰“Šu‘€ì‚µ–ñ49–œ‚ğ•s³‚É‘—‹à‚µ‚½‚©@Œx‹’¡,https://news.yahoo.co.jp/articles/8efcb472b6a061c6d0542ee3a7e6a1225d283a95,No date found
jnn,TBS NEWS DIG Powered by JNN,Ö“¡•ºŒÉŒ§’m–‚Ìƒpƒƒnƒ‰‹^˜f‚È‚Ç‚ğ’²¸‚·‚é•SğˆÏˆõ‰ï@€–S‚µ‚½Œ³Š²•”‚Ì‰¹ºƒf[ƒ^‚â’Âq‘‚È‚ÇŒöŠJ,https://news.yahoo.co.jp/articles/7dfa9de00b060822dd8a99676d0b7853f463b430,No date found
jnn,TBS NEWS DIG Powered by JNN,uˆê’è‚Ì•iˆÊ‚ğ•Û‚Â‹K’è‚ğİ‚¯‚é•K—v‚ª‚ ‚év©–¯EŒö–¾—¼“}‚ÍŒöE‘I‹“–@‚Ì‰ü³‚ğ–Úw‚·•ûj‚ğŠm”F@“s’m–‘Ig‘I‹“ŠÖŒW‚Ì‚È‚¢ƒ|ƒXƒ^[h–â‘è‚Å,https://news.yahoo.co.jp/articles/2600148f8ff2e10c417b2cdff3e85f6ef093adea,No date found
jnn,TBS NEWS DIG Powered by JNN,u30Œ‚©‚ç40Œ‚­‚ç‚¢“D–_‚µ‚½v_“ŞìŒ§•½’Ës‚Ì’†ŒÃ”ƒ‚¢æ‚è”Ì”„“X‚ÉN“ü‚µƒXƒ}ƒz45‘ä‚ğ“‚ñ‚¾‹^‚¢‚Å’j‚ç2l‚ğ‘ß•ß@Œn—ñ“X‚Å‚à“¯—l‚Ì”íŠQ‚©@_“ŞìŒ§Œx,https://news.yahoo.co.jp/articles/c3e35d51b22419d9d7a4f0fa7d3a0048fa52423d,No date found
jnn,TBS NEWS DIG Powered by JNN,"y‚ª‚ñ“¬•az¼ŠÛ—Dq‚³‚ñ ""–ˆ“ú‚ÌƒXƒg[ƒŠ[ƒY”­M‚Í‚¢‚Á‚½‚ñI‚í‚è"" R‚ª‚ñÜŠ®—¹‚Å‘Ì’²‚àˆÀ’è ¡Œã‚Ì“Še‚Í ""‰½‚©‚ ‚Á‚½‚Æ‚«""",https://news.yahoo.co.jp/articles/1495445caa0a1f2c1241bf22906311f50db5d593,No date found
jnn,TBS NEWS DIG Powered by JNN,u’©‚²‚Í‚ñv‚Å‘Ì“àŒvƒŠƒZƒbƒg@gŸ•‰ƒƒVh‚É‚Í‚ ‚é‚à‚Ì‚ğƒvƒ‰ƒX!?3•ª‚Å‚Å‚«‚é’©HƒŒƒVƒsy‚Ğ‚é‚¨‚Ñz,https://news.yahoo.co.jp/articles/1112635a099a513579c80dde18cc3823dfbf1934,No date found
jnn,TBS NEWS DIG Powered by JNN,ƒ†ƒjƒZƒt‚ª–k’©‘N‚Éq‚Ç‚à‚â”D•wŒü‚¯ƒƒNƒ`ƒ“‚ğ’ñ‹Ÿ@ƒRƒƒi‚Ì‰e‹¿‚ÅİŒÉ•s‘«‚©,https://news.yahoo.co.jp/articles/24a00e00f273ec7bed879774353e9a0d691c91e1,No date found
jnn,TBS NEWS DIG Powered by JNN,•Œ©Œú˜J‘åb‚ª’†‘•ÛŒ’‰q¶“–‹Çƒgƒbƒv‚Æ‰ï’k@ˆã—ÃE‰îŒì‚È‚Ç‚Ì‹¦—Í‹­‰»‚Åˆê’v@Št—»‚Ì–K’†‚Í‹”N4ŒˆÈ—ˆ,https://news.yahoo.co.jp/articles/c5011334d1ee7181b1f92ea650deed74984cdf64,No date found
jnn,TBS NEWS DIG Powered by JNN,‘Ì‘€—qE•âŒ‡‚Ì™Œ´ˆ¤q‚ÍŒJ‚èã‚ª‚è‚È‚ç‚¸uŒ»“_‚Åi’c‘Ìí‚Íj4–¼‚Åí‚í‚´‚é‚ğ“¾‚È‚¢v‹{“câ™qå«‚Ìoê«‘Ş‚à,https://news.yahoo.co.jp/articles/f9a841179d6a865def62ae3f4e4b48cef03f51e1,No date found
jnn,TBS NEWS DIG Powered by JNN,VŒ^ƒRƒƒiŠ³Ò”@‘OT”ä1.39”{‚Å10T˜A‘±‘@‹”N“¯Šúã‰ñ‚é,https://news.yahoo.co.jp/articles/5db276a98300702f3e31047a9187785a6fc18dbc,No date found
jnn,TBS NEWS DIG Powered by JNN,ŠâèŒ§‚ÅÅ‘åk“x4‚Ì‚â‚â‹­‚¢’nk@ŠâèŒ§E“ñŒËs,https://news.yahoo.co.jp/articles/6722d1eec073be3afdaff4b2a9e3225b4fceeae1,No date found
jnn,TBS NEWS DIG Powered by JNN,“ú–{‚ğã‰ñ‚ég’´­q‰»h‚ÌŠØ‘@­•{‹@ŠÖ‚ªˆÉ“¡’‰¤–‚Ìu’©Œ^‹Î–±v‚ğ‹@,https://news.yahoo.co.jp/articles/b2a8dfb8cd3c8675648447d50e4be6015a0ba680,No date found
jnn,TBS NEWS DIG Powered by JNN,‰Ì•‘Šê’¬‚ÌƒRƒ“ƒJƒtƒF3“X•Ü‚ğ“E”­@–¢¬”N‚ğ“­‚©‚¹‚Ä‚¢‚½“X‚à@Œx‹’¡,https://news.yahoo.co.jp/articles/296361b11483e46ae99893b4788a92b20eeae0a9,No date found
jnn,TBS NEWS DIG Powered by JNN,ƒXƒ}[ƒgƒtƒHƒ“‚É“úí“I‚È‹s‘Ò‚ğ‚¤‚©‚ª‚í‚¹‚é‚â‚è‚Æ‚è@•êe‚Æ“à‰‚Ì•v‚ğ‘ß•ß@ˆ¤’mEŒ¢Rs,https://news.yahoo.co.jp/articles/2da0739005140bfea7ba05a1db9dc666a39a33a0,No date found
jnn,TBS NEWS DIG Powered by JNN,u[‚È–‘Ôv–h‰qÈE©‰q‘à‚Å•sË–‚ª‘ŠŸ‚¬‘å—Êˆ•ª@—^–ì“}‚ÍOQ‚»‚ê‚¼‚ê‚ÌˆÏˆõ‰ï‚Å•Â‰ï’†R¸‚ğŠJ‚­‚±‚Æ‚Å‡ˆÓ,https://news.yahoo.co.jp/articles/95ebab932d174278a8cc147955f80a4ea4020657,No date found
jnn,TBS NEWS DIG Powered by JNN,‘Ì‘€—qE‹{“câ™qA‹i‰Œ‹y‚Ñˆùğ”­Šo‚ÅƒpƒŠŒÜ—Öoê«‘Şu–À‚ªŠm”F‚Å‚«‚½v•âŒ‡‚Ì™Œ´ˆ¤q‚ÍŒJ‚èã‚ª‚è‚È‚ç‚¸,https://news.yahoo.co.jp/articles/9c685286de374bdffa2f44b1ae6892d71db06c2e,No date found
jnn,TBS NEWS DIG Powered by JNN,T––‚É‚©‚¯‚ÄŒµ‹‚Æ‹}‚È—‹‰J‘±‚­@“y“ú‚Í35ˆÈã‚Ì–Ò‹“ú‘±o,https://news.yahoo.co.jp/articles/7b5f0e7dc664b3d93f15ada8cb06101e4906c938,No date found
jnn,TBS NEWS DIG Powered by JNN,¡”N“x‚ÌGDPŒ©’Ê‚µˆø‚«‰º‚°1.3“¨0.9“@‰~ˆÀE•¨‰¿‚‚È‚Ç‚ÅŒÂlÁ”ï‚Ì’á–À‚Â‚Ã‚­@“àŠt•{,https://news.yahoo.co.jp/articles/a9fb8dac935750a8c1e39fb77add7bcd79fa6a89,No date found
jnn,TBS NEWS DIG Powered by JNN,—é–Øà–±‘åbu”­Œ¾‚ÍTd‚Å‚ ‚Á‚Ä‚Ù‚µ‚¢v‰Í–ìƒfƒWƒ^ƒ‹‘åb‚Ìg“ú‹â‚É—˜ã‚°‹‚ß‚éh”­Œ¾‚ß‚®‚è,https://news.yahoo.co.jp/articles/19899e65a30f7ccbd1f2c51b6c2f515f52b63359,No date found
jnn,TBS NEWS DIG Powered by JNN,y‰Á“¡’ƒE‰Á“¡ˆ»ØzŒ‹¥14”N‚ğ2S‚Å•ñuƒhƒŠƒt‚Í•óvuˆê‚É•é‚ç‚µ‚Ä16”N–Ú“Ë“üv,https://news.yahoo.co.jp/articles/f1f7d4e9a9ba54db962fd24067bc1f632f06915a,No date found
jnn,TBS NEWS DIG Powered by JNN,yUšH–zu‚ ‚è‚ª‚Æ‚¤ƒMƒ‡[ƒU‚¢‚Ü‚µ‚½v’nŒ³E“È–Ø‚ğPR,https://news.yahoo.co.jp/articles/c7e7c58bac4f5d310f3822dfaa3aa6fe0435ab70,No date found
jnn,TBS NEWS DIG Powered by JNN,y‘¬•ñz“Œ‹E™•À‹æ‚Ì•ê–º€–S–ŒÌ@‰ß¸‰^“]’v€‚Ìß‚É–â‚í‚ê‚½’j‚É‹Öçü3”N‚ÌÀŒY”»Œˆ@“Œ‹’nÙ,https://news.yahoo.co.jp/articles/d26c14276cbc33e053404e833709afbc89a81831,No date found
jnn,TBS NEWS DIG Powered by JNN,u–h‰qÈE©‰q‘à‚Í–ÒÈ‚ğvŠC©‚È‚Ç‚Ì“Á’è”é–§˜R‚¦‚¢‚ß‚®‚è‚sŒoÏˆÀ•Û’S“–‘åb,https://news.yahoo.co.jp/articles/eef0c3b476196591b98a35d2e9985401321b40b4,No date found
jnn,TBS NEWS DIG Powered by JNN,–k’©‘N‚Ì‚²‚İ•—‘D‚É‘ÎR‚µŠØ‘ŒR‚ªÄ‚Ñé“`•ú‘—‚ğÀ{,https://news.yahoo.co.jp/articles/09b2869624397a33cea63cc32aaba5b6887f06ba,No date found
jnn,TBS NEWS DIG Powered by JNN,–ñ70‰­‰~‚Å—D@uƒXƒeƒSƒTƒEƒ‹ƒX‚Ì‰»Îv@‰»Î‚Å‚ÍjãÅ‚Šz,https://news.yahoo.co.jp/articles/27ab623631f35a447121749b1eb41c62a88dc478,No date found
jnn,TBS NEWS DIG Powered by JNN,yÎ•Ÿ’à’ß•rzhŒ¾‚¤‚½‚çƒAƒJƒ“‚±‚Æ‚ğŒ¾‚¤•a‹C‚â‚Ë‚ñh ƒTƒvƒ‰ƒCƒYƒP[ƒL‚Éƒ|ƒƒŠ”­Œ¾,https://news.yahoo.co.jp/articles/1a237f6c401a1da524de675e36d0c16ee1177270,No date found
jnn,TBS NEWS DIG Powered by JNN,ƒgƒ‰ƒ“ƒv‘O‘å“—Ì‚ÌˆÃE–¢‹–Œ@—e‹^Ò‚ªŒg‘Ñ“d˜b‚Å–¯å“}‚Ì‘S‘‘å‰ï‚Ì“ú’ö‚È‚Ç‚ğ’²‚×‚Ä‚¢‚½@•ÄƒƒfƒBƒA‚ª•ñ‚¶‚é,https://news.yahoo.co.jp/articles/4176882183f2c4b014f630663a17cc5c35576b22,No date found
jnn,TBS NEWS DIG Powered by JNN, ‚³‚ñ@30Î‚Ì’a¶“ú‚ğ•ñ@u­‚µ‚¸‚ÂŠZ‚ğŠO‚µ‚Ä‚¢‚«‚Ü‚·vƒƒCƒN‚â©g‚Ì20‘ã‚É‚Â‚¢‚Ä’·•¶’Ô‚é,https://news.yahoo.co.jp/articles/278441e92c70f4a8922cdf9d1be6076464db53ae,No date found
jnn,TBS NEWS DIG Powered by JNN,uƒoƒCƒfƒ“‘å“—Ì‚ª¡T––‚É‚à‘å“—Ì‘I‹“‚©‚ç‚Ì“P‘Ş‚ğŒˆ’f‚·‚év‚Æ‚Ì–¯å“}Š²•”‚ÌŒ©•û@•ÄƒƒfƒBƒA‚ª•ñ‚¶‚é,https://news.yahoo.co.jp/articles/f8b815e64a8625908653039b7d4b159500033f80,No date found
jnn,TBS NEWS DIG Powered by JNN,u[‚È–‘Ôv–h‰qÈE©‰q‘à‚Ì•sË–‚ß‚®‚è•Â‰ï’†R¸ŠJÃ‚Å—^–ì“}‡ˆÓ,https://news.yahoo.co.jp/articles/ee096804e09d74efb491418568b3b5bfa200d1f2,No date found
jnn,TBS NEWS DIG Powered by JNN,ˆïéE…ŒËs‚ÅŒx@Š¯2l‚ªh‚³‚ê‚é@ƒ^ƒNƒV[‰^’À‚ß‚®‚éƒgƒ‰ƒuƒ‹‚ÅE–±·s’†@æ‹q‚Ì’ji66j‚ğŒ»s”Æ‘ß•ß,https://news.yahoo.co.jp/articles/fc802174175dae9ab5d01a7dbc8057b48b9f1bfb,No date found
jnn,TBS NEWS DIG Powered by JNN,u“|Y‚µ‚Ä‚µ‚Ü‚¤vˆïé‚Ì˜V•Ü”[“¤‹ÆÒ‚ª‰aH‚É@’†¬Šé‹ÆM•A‚Ì— ‚ÅcpÁ‚µ‚½ˆ«¿‹ÆÒ‚ğ’¼Œ‚y’²¸•ñ“¹z,https://news.yahoo.co.jp/articles/d2495e194f82e04a52b56b7987bdaf6272e0af92,No date found
jnn,TBS NEWS DIG Powered by JNN,ƒ}ƒNƒhƒiƒ‹ƒh‚ÅƒŒƒW‚Ì•s‹ï‡‚ª”­¶@–ñ3Š„‚Ì“X•Ü‚Å‰c‹Æ‚ğ’â~‚·‚é–‘Ô@ƒE[ƒo[ƒC[ƒc”z’Bˆõ‚àu”„ã‚É‹¿‚¢‚¿‚á‚¤cv,https://news.yahoo.co.jp/articles/27a05b266d720383bd49c9109825aa71dc753227,No date found
jnn,TBS NEWS DIG Powered by JNN,y‘¬•ñzŠİ“c‘—A‘S‚Ä‚Ì‘—§Œö‰€u¢ŠE…€‚ÌƒiƒVƒ‡ƒiƒ‹ƒp[ƒN‰»ÀŒ»‚ğv•\–¾@ŠO‘lŠÏŒõ‹qŒÄ‚Ñ‚İ‚Å,https://news.yahoo.co.jp/articles/0eb277c22a7e56422331bd57f3a4068f468dbe0b,No date found
jnn,TBS NEWS DIG Powered by JNN,u„‚½‚¿‚ÌĞ‰ï‚É‚¨‚¯‚é•s˜a‚Æ•ª’f‚Í–ü‚³‚ê‚È‚¯‚ê‚Î‚È‚ç‚È‚¢vƒgƒ‰ƒ“ƒv‚Ìw–¼ó‘ø‰‰àn‚Ü‚é@•ï—e—Í‚Ì‚ ‚éƒŠ[ƒ_[‚Ö‚ÌƒCƒ[ƒWƒ`ƒFƒ“ƒW‚ğ}‚é,https://news.yahoo.co.jp/articles/3d5a9c45ee7087cb103ae7d79502f397fe4412f2,No date found
jnn,TBS NEWS DIG Powered by JNN,”š”­‰¹‚Æ‚Æ‚à‚ÉƒKƒ‰ƒX‚Ì”j•Ğ‚È‚Ç”ò‚ÑU‚écƒ}ƒ“ƒVƒ‡ƒ“ˆêº‚ª”š”­‚·‚éuŠÔ‚Ì‰f‘œ@ZlŠÜ‚ß6l‚ª‚¯‚ª@Zl‚ªƒKƒX[–‚³‚¹‚½‚©@é‹ÊEìŒûs,https://news.yahoo.co.jp/articles/fdb7afda472d50b66d7bc30fd89d3b60586cf5c8,No date found
jnn,TBS NEWS DIG Powered by JNN,“dÔ“à‚Å‚í‚¢‚¹‚Â‚µ‚Äü˜H‚ğ“¦‘–c‹à–Ô‚æ‚¶“o‚èc@’²—t‚Ì’ji54j‘ß•ß@“Œ‹EJR‘åè‰w@Œx‹’¡,https://news.yahoo.co.jp/articles/fd53d253faa8a5388571906149004b36c8edb410,No date found
jnn,TBS NEWS DIG Powered by JNN,•ºŒÉŒ§’m–‚Ìƒpƒƒnƒ‰‹^˜f‚È‚Ç‚ğ”­‚µ€–S‚µ‚½Œ³Š²•”‚ªc‚µ‚Ä‚¢‚½‰¹ºƒf[ƒ^‚È‚Ç@Œ§‹c‰ï‚ÌˆÏˆõ‰ï‚ªæ‚èˆµ‚¢‚ğŒŸ“¢,https://news.yahoo.co.jp/articles/09cef89e43df219bd5391fe53a14ebac71759eee,No date found
jnn,TBS NEWS DIG Powered by JNN,u— ‹à‚ª“T‚É‚Ü‚í‚Á‚½‰Â”\«‚‚¢v—§Œ›EˆÀZ‘‘ÎˆÏˆõ’·@–xˆäŠw‹cˆõ‚É­—ÏR‚Å‚Ì•Ù–¾—v‹,https://news.yahoo.co.jp/articles/7999eb9b0320806b8852856d7c0607e512156981,No date found
jnn,TBS NEWS DIG Powered by JNN,u”š”­‰¹‚ª‚µ‚Ä‰Œ‚ªŒ©‚¦‚év–kŠC“¹EÎës‚ÌƒoƒCƒIƒ}ƒX”­“dŠ‚Å”š”­@]‹Æˆõ1l‚ª‚â‚¯‚Ç,https://news.yahoo.co.jp/articles/94b36c30e88a59e598dcb7e5ea60ef55c9e0ab70,No date found
jnn,TBS NEWS DIG Powered by JNN,S‘ŸŠO‰Èˆã‚Æ‚µ‚Ä‚Ì”»’f—Í‚ª‚³‚ê‚écƒxƒXƒg‚È¡—Ã•ûj‚Æ‚Í?`wƒuƒ‰ƒbƒNƒyƒAƒ“xŠÄCƒhƒNƒ^[‚ª‰ğà vol.34`,https://news.yahoo.co.jp/articles/022d8940688b6a4ed99c58c6fe3c64fc442e3161,No date found
jnn,TBS NEWS DIG Powered by JNN,y“Æ©ze‘°‚Ì‘’‹V‚Åì¬‚Ì“T’ ‚ğ‚à‚Æ‚É”z•zw¦‚©@–xˆäŠwO‰@‹cˆõ@”é‘‚ç’Ê‚µ‚Ä’nŒ³—LŒ Ò‚É“T“n‚µ‚½ŒöE‘I‹“–@ˆá”½‚Ì‹^‚¢,https://news.yahoo.co.jp/articles/2c4d7f2d4b81d9286ca52511df32fe4cf21edcc7,No date found
jnn,TBS NEWS DIG Powered by JNN,–ØŒ´–h‰q‘åbu“KØ‚Èî•ñ”­M‚ªo—ˆ‚Ä‚¢‚È‚©‚Á‚½v‚Æ’ÂÓ@ŠCã©‰q‘àg•s³ó‹‹h‚ß‚®‚è4l‘ß•ß‚ğ”ñŒö•\‚É,https://news.yahoo.co.jp/articles/7efcd6154fe0cb45cd1ccb7d1e63690f67a37f5d,No date found
jnn,TBS NEWS DIG Powered by JNN,ƒAƒƒŠƒJ‹¤˜a“}‚Ì‘S‘‘å‰ïÅI“ú@ƒgƒ‰ƒ“ƒv‘O‘å“—Ì‚Ì‰‰à‚É‘S•Ä‚ª’–Ú@—\’è‚µ‚Ä‚¢‚½‰‰à‚Ì“à—e‚ğ©‚ç‘S–Ê“I‚É‘‚«Š·‚¦,https://news.yahoo.co.jp/articles/41533b6c964e868550d8d6715db26e225b2469d4,No date found
jnn,TBS NEWS DIG Powered by JNN,ySixTONES ƒWƒFƒV[zŒÂl‰ïĞİ—§uƒOƒ‹[ƒvŠˆ“®‚ğ²‚É V‚µ‚¢•ª–ì‚Ö‚Ì’§í‚àv,https://news.yahoo.co.jp/articles/f8d9ab456d9e2af0b8eca70415ee21affc6aecd4,No date found
jnn,TBS NEWS DIG Powered by JNN,–K“úŠO‘l—·sÒ”‚ªã”¼Šú‰ß‹Å‘½1778–œl@”NŠÔ3500–œl‚à‹–ì@4`6Œ‚ÌÁ”ïŠz‚à3‚©ŒŠÔ‚Å‰ß‹Å‚‚ğ‹L˜^,https://news.yahoo.co.jp/articles/6924456286cee37ab0821c0988b1296420603af7,No date found
jnn,TBS NEWS DIG Powered by JNN,u—‹?vu‰_‚Í‚È‚¢vƒeƒjƒX’†‚ÉƒJƒƒ‰‚ª‘¨‚¦‚½Œ‰¹cé‹ÊEìŒûs‚Ìƒ}ƒ“ƒVƒ‡ƒ“‚ÅŒ´ˆö•s–¾‚Ì”š”­@’j«1l”À‘—@“dÔ‚É‰e‹¿‚àynews23z,https://news.yahoo.co.jp/articles/115e43be73e5c637f7f9b4357a926d1b2f4a7429,No date found
jnn,TBS NEWS DIG Powered by JNN,uRŒûŒ§‚ÌƒVƒeƒB[ƒK[ƒ‹‚Í‘ºdv‘ºdˆÇ“Ş‚³‚ñAƒvƒ‰ƒCƒx[ƒg‚Åu‰ä‚ª’nŒ³ RŒûv‚ğ‚ß‚®‚éÊ^“ŠeuRŒû‚Ì¯‚¾‚Ëvu‚Ç‚±‚É‹‚Ä‚à‰Æ‘°‚â’nŒ³‚ğ‘å–‚É‚µ‚Ä‚év,https://news.yahoo.co.jp/articles/f7c0e4e6a8cfece9b0f9feb2235f993bdaf50177,No date found
jnn,TBS NEWS DIG Powered by JNN,—ÑŠ¯–[’·Š¯u‚Å‚«‚éŒÀ‚èÚ‚µ‚­Œö•\‚·‚é‚×‚«‚¾‚Á‚½vŠCã©‰q‘àg•s³ó‹‹h‚ß‚®‚è4l‘ß•ß‚ğ”ñŒö•\‚É,https://news.yahoo.co.jp/articles/99fab11ff91bd223ecbc43d0b104ff7ba0cce823,No date found
jnn,TBS NEWS DIG Powered by JNN,y‘¬•ñzl‘‚ª”~‰J–¾‚¯@•½”N‚æ‚è2“ú’x‚­A‹”N‚æ‚è3“ú’x‚¢@¼“ú–{`“Œ“ú–{‚Í20“ú’‹‘O‚É‚©‚¯‚Ä——‹‚â‹Ç’n“I‚ÈŒƒ‚µ‚¢‰J‚È‚Ç‚É’ˆÓ,https://news.yahoo.co.jp/articles/36efe26fc6a7104754cd438931a47b00ad5ba727,No date found
jnn,TBS NEWS DIG Powered by JNN,‘å’JãÄ•½‚ªŠ‘®‚ÌƒhƒWƒƒ[ƒXA¡‰iE—é–Ø‚ç‚ÌƒJƒuƒX‚Æ—ˆ‹G“Œ‹D‚ÅŠJ–‹í!“ú–{l‘ÎŒˆ‚ª“ú–{‚ÅÀŒ»‚Ö,https://news.yahoo.co.jp/articles/d4c36aeb3f3ccbaf824391fea35cdb7463206ae6,No date found
jnn,TBS NEWS DIG Powered by JNN,“Æ©“üè‰f‘œ@ƒgƒ‰ƒ“ƒv‚ÍgŒ’İƒAƒs[ƒ‹h@xÒ‚Íg‰E¨ƒK[ƒ[h‚Å˜A‘ÑŠ´?@ƒoƒCƒfƒ“‚ÍVŒ^ƒRƒƒi‚Å‰‰àæ‚è‚â‚ßcu“P‘Ş˜_v‚àÄ”Rynews23z,https://news.yahoo.co.jp/articles/41bb44f679b96b5a5106b0f621b88e66d2c3cdcf,No date found
jnn,TBS NEWS DIG Powered by JNN,ƒ}ƒNƒhƒiƒ‹ƒh‚ÅƒŒƒW‚Ì•s‹ï‡‚ª”­¶@–ñ3Š„‚Ì“X•Ü‚Å‰c‹Æ’â~‚Ì–‘Ô‚É,https://news.yahoo.co.jp/articles/fb2b083a62ff6aad40421a73077d5b5368289ca6,No date found
jnn,TBS NEWS DIG Powered by JNN,ƒgƒ‰ƒ“ƒv‘O‘å“—ÌA‹¤˜a“}‚Ì‘S‘‘å‰ï‚Å‰‰à‚Ö@ƒgƒ‰ƒ“ƒv©‚çƒMƒŠƒMƒŠ‚Ü‚ÅŒ´e‚ğŠm”F,https://news.yahoo.co.jp/articles/e7b11d092d93347dcb7248358786bacb6d104d90,No date found
jnn,TBS NEWS DIG Powered by JNN,ƒyƒƒVŒ³‰º‰@‹c’·uƒoƒCƒfƒ“‚ª‹ß‚­‘å“—Ì‘I‚©‚ç‚Ì“P‘Ş‚ğŒˆ’f‚·‚é‰Â”\«v‚Æ‚ÌŒ©•û¦‚µ‚½‚Æ‚Ì•ñ“¹@–¯å“}“à‚ÅƒoƒCƒfƒ“‘å“—Ì‚Ì“P‘Ş˜_‚‚Ü‚é,https://news.yahoo.co.jp/articles/22007b810b79d349e5173959597a23bc7490ed6b,No date found
jnn,TBS NEWS DIG Powered by JNN,6Œ‚Ì‘S‘‚ÌÁ”ïÒ•¨‰¿w”2.6%ã¸,https://news.yahoo.co.jp/articles/7420e7313378e052df8c863bab4503b2cdb1c7d1,No date found
jnn,TBS NEWS DIG Powered by JNN,‚²‚­‹H‚É‹N‚±‚è‚¤‚éS‘Ÿ“à‚ÌŠ´õÇcŠ´õ«S“à–Œ‰Š`wƒuƒ‰ƒbƒNƒyƒAƒ“xŠÄCƒhƒNƒ^[‚ª‰ğà vol.20`,https://news.yahoo.co.jp/articles/269d307bb5e7e959a339002d8b423f70b7c6ee15,No date found
jnn,TBS NEWS DIG Powered by JNN,"2024”Nƒqƒbƒg—\‘ª‚Ìu—{B‹›vcg‘ã—e—{Bh‚©‚çƒCƒ`ƒS‚Åˆç‚ÂƒT[ƒ‚ƒ“‚Ü‚Åu—¤ã—{Bv‚ªí‘‘ã‚É“Ë“üyTHE TIME,z",https://news.yahoo.co.jp/articles/d733b9b60224e9b689dd603bd8c4b537ad93d9d9,No date found
jnn,TBS NEWS DIG Powered by JNN,EU‹c‰ï@ƒtƒHƒ“ƒfƒAƒ‰ƒCƒGƒ“ˆÏˆõ’·‚Ì‘±“Š‚ğ³”F,https://news.yahoo.co.jp/articles/27867a9da8bd51e5ce2704b6a75fe736baf55980,No date found
jnn,TBS NEWS DIG Powered by JNN,ƒCƒMƒŠƒX‚Åuƒˆ[ƒƒbƒp­¡‹¤“¯‘Ìv‰ï‡ŠJÃ@‘ÎƒƒVƒA‚â•s–@ˆÚ–¯‘Îô‚ğ‹¦‹cuƒƒVƒA‚Ì‹ºˆĞ‚Íƒˆ[ƒƒbƒp‘S“y‚Év‰pñ‘Š‚ª˜AŒg‘i‚¦,https://news.yahoo.co.jp/articles/e7a624144fe1f3e8806e151f2a49b863a27edf5e,No date found
jnn,TBS NEWS DIG Powered by JNN,ƒoƒ“ƒOƒ‰ƒfƒVƒ…‚ÅŠw¶ƒfƒ‚Œƒ‰»g32l€–S1000lˆÈã•‰h@Œö–±ˆõÌ—p‚Ì—D‹ö‘[’u‚É‹­‚¢”½”­,https://news.yahoo.co.jp/articles/09b6e2f8284f08aaa27e3204e8321ff0cc0e9f18,No date found
jnn,TBS NEWS DIG Powered by JNN,ƒpƒŠEƒVƒƒƒ“ƒ[ƒŠƒ[’Ê‚è‚ÅŒx@Š¯‚ªh‚³‚êd,https://news.yahoo.co.jp/articles/5ebf5161e3f9f8cf3c412c8aed1738aadd5c5238,No date found
jnn,TBS NEWS DIG Powered by JNN,“ú–{ŠC‘¤‚Í‰J‚â—‹‰J@‘¾•½—m‘¤‚Í°‚ê‚Ä‚à“V‹C‹}•Ï‚É’ˆÓ@Œµ‚µ‚¢‹‚³‘±‚­,https://news.yahoo.co.jp/articles/1ae1244ce0e2ac68ba46a7414f27d9d800a2535c,No date found
jnn,TBS NEWS DIG Powered by JNN,ƒAƒƒŠƒJ‘å“—Ì‘I‹“@ƒoƒCƒfƒ“‘å“—Ì‚Ì“P‘Ş˜_@ƒIƒoƒ}Œ³‘å“—Ì‚àu^Œ•‚ÉŒŸ“¢‚·‚×‚«vƒƒVƒ“ƒgƒ“Eƒ|ƒXƒg•ñ“¹,https://news.yahoo.co.jp/articles/33f6df1779d249f533efcd1a49c795840c93c323,No date found
jnn,TBS NEWS DIG Powered by JNN,ŠCã©‰qŠ¯‚É‚æ‚éö…è“–‚Ì•s³ó‹‹‚ß‚®‚è@Œ³©‰qŠ¯4l‚Ì‘ß•ß–¾‚©‚·@–h‰qÈ,https://news.yahoo.co.jp/articles/a22a8cbff55ae8c10e9808e9cbdbc707300d4f8a,No date found
jnn,TBS NEWS DIG Powered by JNN,—ˆT‚É”—‚Á‚½ƒpƒŠŒÜ—ÖŠJ‰ï®@ƒeƒ‘Îô‚ÅƒZ[ƒkìü•Ó‚Ì—§‚¿“ü‚è§ŒÀ,https://news.yahoo.co.jp/articles/59eb2e9952a7d2902a48cdd302c6407b6e1a82f8,No date found
jnn,TBS NEWS DIG Powered by JNN,ƒgƒ‰ƒ“ƒv‘O‘å“—Ì‚ª‚«‚å‚¤‘S•Ä’–Ú‚Ì‰‰à‚Ö@ˆÃE–¢‹–Œó‚¯u‘‚Ì’cŒ‹v‘i‚¦‚é‚©,https://news.yahoo.co.jp/articles/721fd70c3c5c9f15998a3a61c452ea365e080bec,No date found
jnn,TBS NEWS DIG Powered by JNN,y¼•zƒhƒ‰ƒtƒg1ˆÊ •“à‰Äô ˆê‘«‘‚¢ƒo[ƒXƒf[ƒTƒvƒ‰ƒCƒYu‚±‚ñ‚ÈƒP[ƒL‚ğ–á‚Á‚½‚Ì‚Í‰‚ß‚Äv22Îƒ‰ƒXƒg“o”Â‚ÍuŸ‚¿‚½‚¢v,https://news.yahoo.co.jp/articles/107ac7b1e4c6eeac104ee67272117775fa5ec275,No date found
jnn,TBS NEWS DIG Powered by JNN,7Î—™€–S@•êe‚Æ“à‰‚Ì•v‚ğ‘ß•ß@•a‰@‚©‚çu•¡”‚Ì‚ ‚´‚ª‚ ‚év‚Æ˜A—@ˆ¤’mEŒ¢Rs,https://news.yahoo.co.jp/articles/0244d377abeafd3b64ebebd4ad3734ae667f62bc,No date found
jnn,TBS NEWS DIG Powered by JNN,ƒgƒ‰ƒ“ƒv‘O‘å“—ÌˆÃE–¢‹–ŒA—e‹^Ò‚ÌŒŸõ—š—ğ‚Ég–¯å“}‘S‘‘å‰ï‚Ì“ú’öh‚âgƒCƒMƒŠƒX‰¤º‚Ìƒƒ“ƒo[‚Ì‰æ‘œhCNN•ñ“¹,https://news.yahoo.co.jp/articles/33f1fdd44953868de1d6f0d4cf048b15853d4f5d,No date found
jnn,TBS NEWS DIG Powered by JNN,“d˜b”Ô†ƒT[ƒrƒXu104”Ôv—ˆ”N“x––‚ß‚Ç‚ÅI—¹‚Ö,https://news.yahoo.co.jp/articles/09048923fd69013ed85424e34526c06ae1d64777,No date found
jnn,TBS NEWS DIG Powered by JNN,LINE‚ÌƒOƒ‹[ƒvƒ`ƒƒƒbƒgg‚¢”z•zw¦‚©@–xˆäŠwO‰@‹cˆõ@”é‘‚ç’Ê‚µ‚Ä’nŒ³—LŒ Ò‚É“T“n‚µ‚½ŒöE‘I‹“–@ˆá”½‚Ì‹^‚¢,https://news.yahoo.co.jp/articles/9edb8009a259533e743bfe656c7da5480be9a370,No date found
jnn,TBS NEWS DIG Powered by JNN,ƒxƒ‰ƒ‹[ƒV‰¢B35‚©‘‚ÉƒrƒU–Æœ“±“ü@¼‘¤‚Æ‚Ì‹Ù’£ŠÉ˜a‘_‚¢‚©,https://news.yahoo.co.jp/articles/5198c72c3e0b79dd876788bc70742184f538c711,No date found
jnn,TBS NEWS DIG Powered by JNN,uƒRƒƒiŠ³Ò‚Å–°v‰«“ê‚Å‚ÍVŒ^ƒRƒƒi‚ÌŠ´õŠg‘å‚Åˆã—Ã‚Ğ‚Á”—@•a‰@‚Å‚ÍŠ³Ò‚Ìó‚¯“ü‚ê§ŒÀ‚àcynews23z,https://news.yahoo.co.jp/articles/d62ed0901d21a7599aee7de6a389864e1bbfd0ec,No date found
jnn,TBS NEWS DIG Powered by JNN,ˆïéŒ§A“È–ØŒ§Aç—tŒ§‚ÅÅ‘åk“x2‚Ì’nk@ˆïéŒ§EŠ}ŠÔsA“y‰YsAæèsA‚Â‚­‚ÎsA’}¼sAâ“Œs,https://news.yahoo.co.jp/articles/5ab9e00d59e98d704eb3ffd888ae2b3a2d9cc235,No date found
jnn,TBS NEWS DIG Powered by JNN,Šİ“c‘—g‰ä‚ªˆÓ‚ğ“¾‚½‚èh@—«‹cˆõ‚©‚çu­ô“I‚È¸“_‚È‚¢v‚ÆŒ¾‚í‚ê,https://news.yahoo.co.jp/articles/4596cfb998f0535842d3826b191acac981d81a1b,No date found
jnn,TBS NEWS DIG Powered by JNN,’nˆÊ‹¦’è‚ğŒ©’¼‚»‚¤‚Æ‚·‚é‚Æc“ú•ÄŠÖŒW‚Í‘å•Ï‚È‚±‚Æ‚É‚È‚éc‚ç‚µ‚¢y•ñ“¹1930z,https://news.yahoo.co.jp/articles/ad0f8403fdbb4d84fccaf630dc68f639a749e570,No date found
jnn,TBS NEWS DIG Powered by JNN,jã4l–ÚƒƒWƒƒ[”eÒEŒÃ]Ê‰À‚ª‹A‘uƒtƒH[ƒX‚Ì‚¨‚©‚°‚©‚àv@ƒpƒŠŒÜ—Ö‘ã•\‚Ìù¶—D‰Ô‚Íuƒƒ_ƒ‹Šl‚è‚½‚¢v,https://news.yahoo.co.jp/articles/cf86446d24bba017b05d721961a179ec3c4ffa83,No date found
jnn,TBS NEWS DIG Powered by JNN,­™“‡Œ§‚ÅÅ‘åk“x1‚Ì’nk@­™“‡Œ§E­™“‡\“‡‘º,https://news.yahoo.co.jp/articles/60e47a35eb48ea990111c763cb95a1996e8214ee,No date found
jnn,TBS NEWS DIG Powered by JNN,ƒJƒbƒgƒtƒ‹[ƒcsêŠg‘å’†AˆêŒûƒTƒCƒYŠ„‚‚Å‚à”š”„‚êAƒXƒCƒJ1‹Ê‚©‚ç20ƒpƒbƒN!ƒhƒŠƒbƒv‚ªo‚É‚­‚¢•ií‚àyNƒXƒ^‰ğàz,https://news.yahoo.co.jp/articles/fa18e8408561dd94cce5f6a6faec52a42695349c,No date found
jnn,TBS NEWS DIG Powered by JNN,O•HUFJFG@Š²•”‚ç•ñVŒ¸Šzˆ•ª‚Ö@‚ ‚·‚É‚à‹à—Z’¡‚É‹Æ–±‰ü‘PŒv‰æ’ño‚Ì•ûj,https://news.yahoo.co.jp/articles/b962a360a2c7b1aff8c154dde71b85a2ddf24e6d,No date found
jnn,TBS NEWS DIG Powered by JNN,“ú•ÄŠØ‚Ì§•‘gƒgƒbƒv‚ª‰ï’k@ƒ’©‚ÌŒR–‹¦—Í‚ğ”ñ“ï,https://news.yahoo.co.jp/articles/2dedb8917bd5de536140cce8b04e687e9930f2cd,No date found
jnn,TBS NEWS DIG Powered by JNN,uƒAƒƒŠƒJ‚ğÄ‚ÑˆÌ‘å‚Évƒgƒ‰ƒ“ƒv‚ªŒ’İ‚Ô‚èƒAƒs[ƒ‹AJNN‚ª‰f‘œ‚ğ“Æ©“üèyNƒXƒ^‰ğàz,https://news.yahoo.co.jp/articles/42b524d8bec279f66b22993f0c39328d92854c97,No date found
jnn,TBS NEWS DIG Powered by JNN,ŠC©‚Ìè“–•s³ó‹‹–â‘è@Œ³©‰qŠ¯4l‘ß•ß‚³‚ê‚Ä‚¢‚½‚±‚Æ‚ª”­Šo,https://news.yahoo.co.jp/articles/3917c99f25e9f16dd12f4aaeb1490b8a0f68a377,No date found
jnn,TBS NEWS DIG Powered by JNN,ƒvƒ‚ª“`ö!^‰Ä‚Ì—â‘ ŒÉgŠˆ—pphAƒgƒŒƒC‚Ì‚Ü‚Ü‚¨“÷—â“€‚ÍNG?–¡‘X‚Í—â‘ ŒÉor—â“€ŒÉ?yNƒXƒ^‰ğàz,https://news.yahoo.co.jp/articles/4747adf9a401640d16a07aba26c7c6a57a61f06c,No date found
jnn,TBS NEWS DIG Powered by JNN,y’†ìãÄqzŠG‚ğ•`‚¢‚Ä‚¬‚Á‚­‚è˜@l¶‰‘ÌŒ±‚Éu–{“–‚É‚µ‚ñ‚Ç‚¢v,https://news.yahoo.co.jp/articles/e35e37a1a305201d16182ff4ee82283172b93935,No date found
jnn,TBS NEWS DIG Powered by JNN,ƒ}ƒ}Š´Œƒ!q‚Ç‚à‚Ì‚¨‚Â‚©‚¢ƒfƒrƒ…[‚ğƒTƒ|[ƒgA˜b‘è‚ÌƒT[ƒrƒXu‚Í‚¶‚ß‚Ä‚¿‚á‚ê‚ñ‚¶vyƒQƒL„‚µ‚³‚ñz,https://news.yahoo.co.jp/articles/b84b756bb5d6e792bf02ac02d7e4cfd3b5a06bd9,No date found
jnn,TBS NEWS DIG Powered by JNN,"–x‚¿‚¦‚İ‚³‚ñu•‚à•Œs‚à‚Ç‚±‚à–â‘è‚È‚µBvã‚ª‚ñ ""Š®¡"" Œã‚ÌŒ’Nƒ`ƒFƒbƒN‚É—]”O‚È‚µ",https://news.yahoo.co.jp/articles/e053efc882c155d9e780d14e7b114bea8a2c1ee2,No date found
jnn,TBS NEWS DIG Powered by JNN,ƒ\ƒj[uƒuƒ‰ƒrƒAv‚È‚Ç98»•i‚ğ’lã‚°@8Œ‚©‚ç,https://news.yahoo.co.jp/articles/dc4b42fae2758e1867cc13e7d8c35cceabeb0c3b,No date found
jnn,TBS NEWS DIG Powered by JNN,—ˆTg10”N‚Éˆê“x‚Ì‹‚³h‚©A‹L˜^“I‚È‹‚³‚Ég§•‚ğ•ÏXhƒ|ƒƒVƒƒƒc•ƒn[ƒtƒpƒ“ƒc“±“ü‚ÌŠwZ‚àyNƒXƒ^‰ğàz,https://news.yahoo.co.jp/articles/ce2a8e865eb063a338e6de933cae59ebdcfe7375,No date found
jnn,TBS NEWS DIG Powered by JNN,’¹æŒ§A“‡ªŒ§‚ÅÅ‘åk“x1‚Ì’nk@’¹æŒ§E‹«`sA’¹æ“ì•”’¬A’¹æ“ú–ì’¬A“‡ªŒ§E¼]sAˆÀ—ˆs,https://news.yahoo.co.jp/articles/fbf7e113a5982adf47ddc691f6b9752ac9d0f86e,No date found
jnn,TBS NEWS DIG Powered by JNN,ˆ¤•QŒ§A‚’mŒ§A‘å•ªŒ§A‹{èŒ§‚ÅÅ‘åk“x1‚Ì’nk@ˆ¤•QŒ§E‰F˜a“‡sAˆ¤“ì’¬A‚’mŒ§Eh–Ñs,https://news.yahoo.co.jp/articles/8d74b3c0f316dd2c87be603e264b0c52cff9a375,No date found
jnn,TBS NEWS DIG Powered by JNN,“Œ‹“s‚ÅÅ‘åk“x3‚Ì’nk,https://news.yahoo.co.jp/articles/57882180d217cc1491c2c0650d9dabccc5695a9b,No date found
jnn,TBS NEWS DIG Powered by JNN,é‹ÊEìŒûs‚Ìƒ}ƒ“ƒVƒ‡ƒ“3ŠK‚Ì•”‰®‚Å”š”­@Zl‚Ì’j«1l‚¯‚ª@‹ß—×Z–¯u—‹‚Ì‚æ‚¤‚Èƒh[ƒ“‚Æ‚¢‚¤‰¹vü•Ó‚ÉƒKƒ‰ƒX‚Ì”j•ĞU—,https://news.yahoo.co.jp/articles/dae3f71c0629c9af15cb742a8ba4c4c87354c5d9,No date found
jnn,TBS NEWS DIG Powered by JNN,gŠëŒ¯‚È‹‚³hc—ˆTu10”N‚Éˆê“xƒŒƒxƒ‹‚Ì‚‰·v’ˆÓASNS‚Å˜b‘èu•Xƒ^ƒ“ƒtƒ‹vyNƒXƒ^‰ğàz,https://news.yahoo.co.jp/articles/1fee09488553b71750b8f720f83964b2f44a41a9,No date found
jnn,TBS NEWS DIG Powered by JNN,ua’JƒTƒNƒ‰ƒXƒe[ƒWv7Œ25“úŠJ‹ÆA100”N‚Éˆê“x‚ÌÄŠJ”­a’J‚Í‚Ç‚¤•Ï‰»H,https://news.yahoo.co.jp/articles/562ed27bf88b519cdae38ca3f752e0820fa6b53b,No date found
jnn,TBS NEWS DIG Powered by JNN,ƒxƒgƒiƒ€‹¤Y“}ƒgƒbƒv‚Ìƒ`ƒ‡ƒ“‘‹L’·i80jg¡—Ã‚Éê”Ohƒiƒ“ƒo[2‚ªE–±‘ãs@ŸŠú“}‘å‰ï‚ÅŒğ‘ã‚Ì‰Â”\«‚à,https://news.yahoo.co.jp/articles/c8a63f6cdefa1297a003c2468a6461081d036a06,No date found
jnn,TBS NEWS DIG Powered by JNN,L––—Áq‚³‚ñ@44Î‚Ì’a¶“ú‚É@u”Šm‚©‰‚ß‚Ä‚ÌB‰e‚Ì“úv@ƒfƒrƒ…[‚ÌÊ^ƒAƒbƒv@u‚¨j‚¢ƒƒbƒZ[ƒW@‚ ‚è‚ª‚Æ‚¤‚²‚´‚¢‚Ü‚·v@ƒtƒ@ƒ“ƒNƒ‰ƒu‚àŠJİ,https://news.yahoo.co.jp/articles/29c9d93a3c7f54e3b31384850b9bd1631d25a349,No date found
jnn,TBS NEWS DIG Powered by JNN,‘S‹â‹¦E•Ÿ—¯‰ï’·u‘å•Ï\‚µ–ó‚È‚¢vO•HUFJ‹âs‚È‚Ç3Ğ‚Ö‚Ì‹Æ–±‰ü‘P–½—ßó‚¯‚Ä,https://news.yahoo.co.jp/articles/a49b91c275d16f4db2b92d74df873935a2e0059d,No date found
jnn,TBS NEWS DIG Powered by JNN,R–{”üŒ‚³‚ñ@u‘c•ƒ‚Ì‰Æ‚És‚Á‚Ä‚¨‚è‚Ü‚µ‚½!v@‘å©‘R‚ğ–‹i@u—c‚¢ ‚©‚ç‘åD‚«‚ÈêŠv,https://news.yahoo.co.jp/articles/b2836ea799a6a9cb5490c212ec692a3673b9f11e,No date found
jnn,TBS NEWS DIG Powered by JNN,©–¯“}A‘I‘ğ“I•v•w•Ê©‚Ìƒ[ƒLƒ“ƒOƒ`[ƒ€‚ğÄŠJ@3”N‘O‚Éİ’u‚à‹x–°ó‘Ô,https://news.yahoo.co.jp/articles/151c476b0a753983afe40e43724820eb6cdf3580,No date found
jnn,TBS NEWS DIG Powered by JNN,u–Ê¯‚Ì‚È‚¢’j‚ª•~’n“à‚ÉcvˆïéEí‘s‚ÅÔ‚Ì®”õ’†‚Ì’j«i30j‚ªn•¨‚Åh‚³‚ê‚ég–ì‹…–Xp‚Ì’jh‚ÍŒ»İ‚à“¦‘–’†,https://news.yahoo.co.jp/articles/b3c214a07620d1218250fdaefb79ae0bcbff9bd1,No date found
jnn,TBS NEWS DIG Powered by JNN,VŒ^ƒRƒƒiƒƒNƒ`ƒ“@‚—îÒ‚È‚Ç‘ÎÛ‚Ìu’èŠúÚív‚Í10Œ1“ú‚©‚ç,https://news.yahoo.co.jp/articles/de4a6946a27b1c39011a1452919882c4eaaabec6,No date found
jnn,TBS NEWS DIG Powered by JNN,y‘¬•ñzu2029”N‚Ü‚Å‚É’†‘®Œ»‘ã‰»‚Ì‰üŠv‚ğŠ®—¹v3’†‘‰ï•Â–‹,https://news.yahoo.co.jp/articles/eb809739ab2c106842ccf8d9645778a64c658be4,No date found
jnn,TBS NEWS DIG Powered by JNN,y7Œ19“úŠÖ“Œ‚Ì“V‹Czg”~‰J–¾‚¯\“úh‰z‚¦‚Ä–Ò‹‚©,https://news.yahoo.co.jp/articles/a4bf79f7091760e7649c2a673e38aea31b0271bb,No date found
jnn,TBS NEWS DIG Powered by JNN,ƒxƒgƒiƒ€l‚Ì—«‚É”„t‚³‚¹‚½‹^‚¢‚Å‘ß•ß‚Ì’j«‚ğ•s‹N‘i@“Œ‹’nŒŸ,https://news.yahoo.co.jp/articles/572c161d2352158370bb385ebd170cb3f5e452cf,No date found
jnn,TBS NEWS DIG Powered by JNN,a’J‚Ì‘å‹K–ÍÄŠJ”­@ƒ‰ƒXƒgƒs[ƒX‚Æ‚³‚ê‚é‚‘wƒrƒ‹uShibuyaSakuraStagev‚ğŒöŠJ@7Œ25“ú‚ÉŠJ‹Æ,https://news.yahoo.co.jp/articles/970263d6fd8b244977737cea7e2911e8236b2746,No date found
jnn,TBS NEWS DIG Powered by JNN,y”üìŒ›ˆêz@60ü”N‹L”O@V‹È‚ÍBfz¼–{FO•GLAY TAKURO‚ªƒRƒ‰ƒ{@u2l‚Æ‚à‘f°‚ç‚µ‚¢v,https://news.yahoo.co.jp/articles/a46dea5436ff694bfb540e19028fe9fd88976d8b,No date found
jnn,TBS NEWS DIG Powered by JNN,’†‘ElìÈ‚Ì•S‰İ“X‚Å‰Î–A16l€–S@ˆê75lˆÈã‚ªŒš•¨‚Éæ‚èc‚³‚ê‚é,https://news.yahoo.co.jp/articles/d80baca1a68ad51ae48a1bb5263078dc49dab394,No date found
jnn,TBS NEWS DIG Powered by JNN,–k’©‘N‚ªÄ‚Ñ‚²‚İ•—‘D”ò‚Î‚µ‚½‚©@ŠØ‘ŒR‡“¯Q–d–{•”‚ª”­•\@‚±‚ê‚Å8‰ñ–Ú,https://news.yahoo.co.jp/articles/cccd3f4d1168c2e1c33ff0724a44e846877363b3,No date found
jnn,TBS NEWS DIG Powered by JNN,ƒgƒ‰ƒ“ƒvˆÃE–¢‹@ƒV[ƒNƒŒƒbƒgƒT[ƒrƒX‚ª–Œ”­¶1ŠÔˆÈã‘O‚É—e‹^Ò‚ğu•sRl•¨v‚Æ”F¯‚àAŒ©¸‚¤@•Ä•ñ“¹,https://news.yahoo.co.jp/articles/25d87635261a94b25b908f83298faa8e2100e2c1,No date found
jnn,TBS NEWS DIG Powered by JNN,y‘¬•ñzŠİ“c‘—u‹­‚¢Šë‹@Š´‚ğ‚Á‚Ä­¡‚ÌM—Š‰ñ•œ‚É“w‚ß‚év–xˆäŠwO‰@‹cˆõ‚Ì‹­§‘{¸ó‚¯,https://news.yahoo.co.jp/articles/75524e4a515735f128dd85daa432bb7989850608,No date found
jnn,TBS NEWS DIG Powered by JNN,ƒgƒ‰ƒ“ƒv‘O‘å“—Ì‚Ìƒhƒ‹ˆÀuŒü”­Œ¾¨2“úŠÔ‚Åu–ñ3‰~v‰~‚‚É@–ñ1‚©Œ‚Ô‚è‚Ì‰~‚…€‚àŠ”®sê‚Å‚Ígd‰×h‚É,https://news.yahoo.co.jp/articles/074eb25925521c36f46a0d1de669fda075a48711,No date found
jnn,TBS NEWS DIG Powered by JNN,’†‘‹¤Y“}u3’†‘‰ïv`„‘OŠO‘Š‚Ìu’†‰›ˆÏˆõv‚ğ‰ğ”CA—›‘O‘–h‘Š‚Ì“}Ğ‚Í‚­’D‚ğ³”F,https://news.yahoo.co.jp/articles/7e814e7d7ffe765ac34b641212ee0d31c9fc5e67,No date found
jnn,TBS NEWS DIG Powered by JNN,ŠÖ“Œ1“s6Œ§‚Å”M’†Ç‹^‚¢‚Ì132l‚ª‹~‹}”À‘—@é‹Ê‚Å‚Í–Ò‹“ú‚Ì‚Æ‚±‚ë‚à,https://news.yahoo.co.jp/articles/ad69e6ea3d41b1fdef25b4e1de83f8a28c0729f3,No date found
jnn,TBS NEWS DIG Powered by JNN,y—vzuƒ}ƒbƒ`ƒ‡‰»v‰æ‘œ‚ğƒAƒbƒv@‹Øœƒ€ƒLƒ€ƒL@ƒAƒvƒŠg—p‚ÅuŒg‘Ñ‚àƒ€ƒLƒ€ƒL‚É‚È‚è‚Ü‚µ‚½v,https://news.yahoo.co.jp/articles/a65b4717fa0868ebd4cb3199db47ec7bcfe3b63a,No date found
jnn,TBS NEWS DIG Powered by JNN,Œğ’Ê–ŒÌ‚ª‘‰Á‚·‚ég‰Ä‹x‚İ‘OhcƒXƒ^ƒ“ƒgƒ}ƒ“‚ªuƒwƒ‹ƒƒbƒg–¢’…—pvu‚È‚ª‚ç‰^“]v‚Ì©“]Ô–ŒÌ‚ğÄŒ»@‚Z¶600l‚É’ˆÓŠ«‹N@Œx‹’¡•iì,https://news.yahoo.co.jp/articles/281d898816ada856dee8d098b4e5701f2b752e47,No date found
jnn,TBS NEWS DIG Powered by JNN,u’kĞEŒ³Ğˆõ‚Ì‚â‚è‚È‚¨‚µÙ”»@Ä‚Ñ—Lß”»Œˆ@”í‚Ì•êeuq‚Ç‚à‚½‚¿‚É¡“ú‚Ì–‚ğ‚Ç‚¤•ñ‚µ‚½‚ç‚¢‚¢‚©v,https://news.yahoo.co.jp/articles/f69e6dfddbb9cee19698dfab717773deb7d32c04,No date found
jnn,TBS NEWS DIG Powered by JNN,"y’†”ö–¾Œcz""ŒÀ‚ç‚ê‚½ŠÔ‚ğ‘åØ‚É""@‘§q‚Ì¬’·‚ğ‚µ‚İ‚¶‚İ‘ÌŠ´",https://news.yahoo.co.jp/articles/9d570b6137b2cda623e88bb185b3b89fdda38efd,No date found
jnn,TBS NEWS DIG Powered by JNN,Še’n‚Å–Ò‹‚ÉŒx‰ú@“ú–{ŠC‘¤‚Í—‹‰J‚à,https://news.yahoo.co.jp/articles/9da8c873f8df5c463383af9c81825808284a86ff,No date found
jnn,TBS NEWS DIG Powered by JNN,2ŠKŒš‚Ä–Ø‘¢Z‘î‚ª‘SÄÄ‚¯Õ‚©‚ç2lˆâ‘Ì70‘ã‚Ì•v•w‚©‚³‚¢‚½‚ÜE–k‹æ,https://news.yahoo.co.jp/articles/060ab078e50d9f5ff88c447fb4c43e3570a9c990,No date found
jnn,TBS NEWS DIG Powered by JNN,JR“Œ“ú–{‚ª‰Ëüƒgƒ‰ƒuƒ‹‚©‚ç‚Ì•œ‹ŒŒP—û‚ğ‰ŒöŠJ@’â“d‚É‚æ‚èVŠ²ü‚Ì‰^“]Œ©‡‚í‚¹‚ğ‘z’è,https://news.yahoo.co.jp/articles/edde420337048e8f10ab17a477720cb92c6c5c7e,No date found
jnn,TBS NEWS DIG Powered by JNN,uŒ¾Œê“¹’f‚¾vŒö‘I–@ˆá”½‚Ì‹^‚¢‚Å‰Æ‘î‘{õ‚Ì–xˆä‹cˆõ‚É–ì“}‚ªˆêÄ‚É”á”»,https://news.yahoo.co.jp/articles/815d152b4a0496f198d86f8e1164c2d0ec753309,No date found
jnn,TBS NEWS DIG Powered by JNN,‘¾•½—mE“‡ƒTƒ~ƒbƒgñ”]éŒ¾Ì‘ğ@Šİ“c‘—u—Í‚É‚æ‚éˆê•û“I‚ÈŒ»ó•ÏX‚Ì‚İv‚Ö‚Ì”½‘Î‚ğ“‡‘‚Æ‹¤—L,https://news.yahoo.co.jp/articles/60b0e2392db1d781d18c55aa2028ac54778e7c40,No date found
jnn,TBS NEWS DIG Powered by JNN,‰Æ‚Íì‚É•‚‚©‚Ô‘DIHƒpƒŠEƒZ[ƒkì‚ÉZ‚Şl@u–{“–‚Éâ‚µ‚¢vŒÜ—ÖŠJ‰ï®‚Ì‚½‚ß‚É2TŠÔ‚Ì‚¨ˆø‰z‚µ,https://news.yahoo.co.jp/articles/81650ae7eb9168a88e9ee8b49f3ace210099ece9,No date found
jnn,TBS NEWS DIG Powered by JNN,y‘¬•ñzEl‚Ìß‚Å7l‚ğ‹N‘i@“È–ØE“ß{’¬•ó“‡‚³‚ñ•v•wEŠQ–Œ@“Œ‹’nŒŸ,https://news.yahoo.co.jp/articles/11dd09bf214a6caad7e7d5d99980d6c9607e990a,No date found
jnn,TBS NEWS DIG Powered by JNN,ŠØ‘2“ú”¼‚Å~…—Ê–ñ640ƒ~ƒŠ‚Ì‘å‰J@–k’©‘N‚ÍŠØ‘‚É’Ê‚È‚µ‚Åƒ_ƒ€•ú—¬‚©,https://news.yahoo.co.jp/articles/561d7dfc18e52c16ba0d00c068c1f0b927c48c0d,No date found
jnn,TBS NEWS DIG Powered by JNN,ƒ}ƒCƒiƒ“ƒo[ƒJ[ƒh‚ÌŠøU‚è–ğE‰Í–ì‘¾˜Y‘åb@gƒ}ƒCƒi”½”­h‚ğæ‚è‰z‚¦uƒ|ƒXƒgŠİ“cv‚Æ‚µ‚Ä‚ÌM—Š“¾‚ç‚ê‚é‚©,https://news.yahoo.co.jp/articles/fb425657f6c9cb312585fdfa1fb0791095cec48a,No date found
jnn,TBS NEWS DIG Powered by JNN,uŒŸ@Š¯‚Ì”­Œ¾‚ÍlŠiŒ ‚ğNŠQ‚µˆá–@v‚Æ”…”F‚ß‚é”»Œˆ@ŒŸ–‚ªuƒKƒLv”­Œ¾‘”…‘i×@“Œ‹’nÙ,https://news.yahoo.co.jp/articles/e5ae468fdfcdec2e18368bba654bc34d075a34a9,No date found
jnn,TBS NEWS DIG Powered by JNN,é‹ÊŒ§Œx’•ƒ‚Ì„¸•”’·‚Ì’j‚ª’ml’j«‚Éî•ñ˜R‚¦‚¢‚Å‘ß•ß@’ml’j«‚Æ‹à‘Kƒgƒ‰ƒuƒ‹•ø‚¦‚Ä‚¢‚½l•¨‚ÌŒÂlî•ñ‚ğ•s³“üè‚©,https://news.yahoo.co.jp/articles/279595ea5653bccdbb79c7f100538d2a0cd5a81c,No date found
jnn,TBS NEWS DIG Powered by JNN,—ˆŒg—p•ª‚Ì“d‹C‘ã1000‰~’ö“x’l‰º‚ª‚è‚Ö@­•{•â•‹àÄŠJ‚Å,https://news.yahoo.co.jp/articles/b217cc1f641caffac88e73c75d9aaeadc2786203,No date found
jnn,TBS NEWS DIG Powered by JNN,•ó“‡‚³‚ñ•v•w‚Ì’·—i31j‚ğ€‘ÌˆâŠüE‘¹‰ó‚Ì‹^‚¢‚ÅÄ‘ß•ß@“È–ØE“ß{’¬•v•wˆâ‘Ì–Œ,https://news.yahoo.co.jp/articles/c5174f003bb439fcffa063923d3d3e74dcd6ef28,No date found
jnn,TBS NEWS DIG Powered by JNN,9Œ‚É¬”N‚ğŒ}‚¦‚é—Im‚³‚Ü@‘åŒMˆÊ‹e‰Ô‘åøÍ‚Í—ˆ”N‚Ì¬”N®‚Åö—^‚ÌŒ©’Ê‚µ@‹{“à’¡’·Š¯,https://news.yahoo.co.jp/articles/dd76052ade77fbe178ac86887b175cb7381eaa64,No date found
jnn,TBS NEWS DIG Powered by JNN,¡”N1Œ‚ÌVŠ²ü’â“d–ŒÌ•œ‹Œì‹Æ‚µ‚Ä‚¢‚½’j«ì‹Æˆõ‚ª‘Sg‚â‚¯‚Ç‚Ìd@50‘ã‚ÌŒ»êÓ”CÒ‚ğ‹Æ–±ã‰ß¸ŠQ—e‹^‚Å‘—Ş‘—ŒŸ@é‹ÊŒ§Œx,https://news.yahoo.co.jp/articles/163306ad99c466f02e28d9f087447cebb1ca826b,No date found
jnn,TBS NEWS DIG Powered by JNN,è‚è‚ã‚¤’eŒP—û’†‚Ì€–S–ŒÌ@—¤©‚ª’²¸Œ‹‰Ê‚ğ”­•\@g‚ğç‚éˆÊ’uEp¨‚É–â‘è,https://news.yahoo.co.jp/articles/e222dd7f3d0eeb270ff001eced85b44ba893701b,No date found
jnn,TBS NEWS DIG Powered by JNN,U20¢ŠE—¤ã‚É800m“ú–{‹L˜^•ÛÒE‹v•Û™zAU20ƒAƒWƒA—‰¤‚Ìƒhƒ‹[ƒŠ[é‰l—¢‚ª‘ã•\“ü‚è ‘S40l”­•\yˆê——z,https://news.yahoo.co.jp/articles/daf4c37efbb0df57189aff7a502ca0d0e22c5da6,No date found
jnn,TBS NEWS DIG Powered by JNN,y‘¬•ñz“Œ‹“s“à‚Å’j—22l‚ª”M’†Ç‚Ì‹^‚¢‚Å”À‘—@ŒßŒã3Œ»İ@“Œ‹Á–h’¡,https://news.yahoo.co.jp/articles/55a77a4fbd4249ab87589e395bc7fd78391251fb,No date found
jnn,TBS NEWS DIG Powered by JNN,’£–{’q˜au–l‚½‚¿‚È‚ç’c‘Ì‚Åƒƒ_ƒ‹æ‚ê‚éA’‡ŠÔ‚ğM‚¶‚Ä‚â‚é‚¾‚¯v‘ì‹…“ú–{‘ã•\‚ªƒpƒŠ‚ÖŒü‚¯o‘,https://news.yahoo.co.jp/articles/ab1bca92ac579a38b9c9c8c91f6b7d5591bd77e1,No date found
jnn,TBS NEWS DIG Powered by JNN,y“Æ©zƒgƒ‰ƒ“ƒv‚ªgˆÙ—á‚Ìˆ¥Ah‚ÅŒ’İ‚Ô‚èƒAƒs[ƒ‹uƒAƒƒŠƒJ‚ğÄ‚ÑˆÌ‘å‚Év‹¤˜a“}‘å‰ï‚ÌƒCƒxƒ“ƒg@JNN‚ª‰f‘œ‚ğ“Æ©“üè,https://news.yahoo.co.jp/articles/725cc4752639061e8c1a944639fb0c2b9e542cbb,No date found
jnn,TBS NEWS DIG Powered by JNN,“ú–{‘åŠwd—Ê‹“•”‚Ì•s³’¥û@10”N‚Å”íŠQŠz‚Í–ñ4000–œ‰~@‘åŠw‚ÍŠ²•”‚ÌŒY–”­‚ğŒŸ“¢@—á”N3`5l‚Ì§Šw¶‚É‚¤‚»‚ğ“`‚¦‚Ä‚¢‚½,https://news.yahoo.co.jp/articles/87b563a9f76232a8252db5c34ff0eb07a1c2fa98,No date found
jnn,TBS NEWS DIG Powered by JNN,ƒCƒ`ƒ[A¼ˆäGŠìA¼â‘å•ã‚ª‹‰Ø‹¤‰‰Iu“¯‚¶ƒ†ƒjƒtƒH[ƒ€‚ğ’…‚Ü‚·v‚Z–ì‹…—q‘I”²‚Æ‚ÌƒGƒLƒVƒrƒVƒ‡ƒ“ƒ}ƒbƒ`‚ª“Œ‹D‚Å9ŒŠJÃ,https://news.yahoo.co.jp/articles/7c0ed61ea45e73b0bfd984cdfcae6b98c0a39f2b,No date found
jnn,TBS NEWS DIG Powered by JNN,Œö–¾“}@ŒöE‘I‹“–@‰ü³‚ğŒŸ“¢‚·‚éƒvƒƒWƒFƒNƒgƒ`[ƒ€‚Ì‰‰ï‡@“Œ‹“s’m–‘I‚Å•s“KØ‚Èƒ|ƒXƒ^[‚ª“\‚ç‚ê‚½–â‘è‚È‚Çó‚¯,https://news.yahoo.co.jp/articles/5c87fe5912ea75cb18ed004a9bb674578a5b3788,No date found
jnn,TBS NEWS DIG Powered by JNN,u‚±‚Ì‘‚ÉÙ”»‚Í‚È‚¢‚±‚Æ‚É‚È‚évEŠQ‚Ìß‚É–â‚í‚ê‚½u’kĞŒ³Ğˆõ‚É’¦–ğ11”N—Lß”»Œˆ@“Œ‹‚Ù‚Ì‚â‚è’¼‚µÙ”»@”í‚ÍˆêŠÑ‚µ‚Ä–³ßå’£,https://news.yahoo.co.jp/articles/330f3a350a393b118ba87653a6771efbd03cc78b,No date found
jnn,TBS NEWS DIG Powered by JNN,"™‰Y‘¾—z‚³‚ñ@1,800–œ‰~‚Ìuƒ}ƒCƒ{[ƒg‘¾—z†‚Åv@ŠC’Ş‚èŠ¬”\@—Fl‚½‚¿‚Æ‘å•¨ƒQƒbƒg‚Å‚²–‰x",https://news.yahoo.co.jp/articles/6ccf7640f52e7c81be15cdaa4d8468fda5fdf0b0,No date found
jnn,TBS NEWS DIG Powered by JNN,y’†ğ‚ ‚â‚İz@“Áê‚Èƒ}ƒCƒ‹[ƒ‹@uƒGƒŒƒx[ƒ^[‚É•Â‚¶‚ß‚ç‚ê‚½‚ç‚Ç‚¤‚µ‚æ‚¤v@‹LÒ‚É‚àg‚ÌˆÀ‘S‚ğŒÄ‚Ñ‚©‚¯,https://news.yahoo.co.jp/articles/8809cf1c3445b2af941d42415a06fd3df0d65497,No date found
jnn,TBS NEWS DIG Powered by JNN,ƒAƒƒŠƒJ‘å“—Ì‘I‚É‚©‚ç‚Ş—vl”­Œ¾‚ÅŒßŒã‚àŠ”‰¿ˆê900‰~ˆÀ@”¼“±‘ÌŠ”‚É”„‚è’•¶‚ªE“,https://news.yahoo.co.jp/articles/c2b66b3bfe1cbc8b03245b0570824021e5e9f6ff,No date found
jnn,TBS NEWS DIG Powered by JNN,ƒoƒ“ƒX•›‘å“—ÌŒó•â@w–¼ó‘ø‰‰àu‰äX‚É‚Íƒgƒ‰ƒ“ƒv‘å“—Ì‚ª•K—v‚¾v‹¤˜a“}‚ÌŒ‹‘©‚ğ‘i‚¦‚é@ƒAƒƒŠƒJ‘å“—Ì‘I‹“,https://news.yahoo.co.jp/articles/f1c20b52f441222b70c0eee6d4f77960543d15a8,No date found
jnn,TBS NEWS DIG Powered by JNN,u“Á•Êˆµ‚¢‚Í‚µ‚Ä‚¢‚È‚¢v_“ŞìŒ§“à‚Å”­¶‚µ‚½ƒAƒƒŠƒJŒRŠÖŒWÒ‚É‚æ‚é«”Æß@2Œ”ñŒö•\@_“ŞìŒ§Œx,https://news.yahoo.co.jp/articles/33c5c2bcf949cf7df95444d53e97563015045e01,No date found
jnn,TBS NEWS DIG Powered by JNN,ySnow ManEˆ¢•”—º•½zh­‚µ‚Î‚©‚è‚Ì‰^–½‚ğŠ´‚¶‚Ä‚¢‚éh@Œö®ƒAƒ“ƒoƒTƒ_[A”C‚ÉŠì‚Ñ,https://news.yahoo.co.jp/articles/a2a94fa68f00975326de71979aa06df4e48b2169,No date found
jnn,TBS NEWS DIG Powered by JNN,y‚Â‚é‚Ì„mz17ÎŸ—‚Æ‚Ì2SŒöŠJu‚±‚Ìq‚ª‚ ‚Á‚Æ‚¢‚¤ŠÔ‚É‚±‚ñ‚È–º‚É‚È‚è‚Ü‚µ‚½v3o–…+ƒpƒp‚Ì4S‚à”â˜I,https://news.yahoo.co.jp/articles/a9cd101da05ee528de5290d0e588f837f6db70b6,No date found
jnn,TBS NEWS DIG Powered by JNN,ˆá–@ƒGƒAƒKƒ“‚ğƒI[ƒNƒVƒ‡ƒ“ƒTƒCƒg‚Å”Ì”„‚µ‚Ä‚¢‚½’ji56j‚ğ‘—Ş‘—ŒŸ@uˆĞ—Í‚Ì‚‚¢ƒGƒAƒKƒ“”„‚ê‚Î‹à‚É‚È‚év@w“ü‚µ‚½’j«8l‚à‘—Ş‘—ŒŸ@Œx‹’¡,https://news.yahoo.co.jp/articles/bb9939e60115a7bb48dab61249064e79c82c7dbc,No date found
jnn,TBS NEWS DIG Powered by JNN,–¾¡u‚«‚Ì‚±‚ÌRvu‚½‚¯‚Ì‚±‚Ì—¢v‚È‚Ç’lã‚°‚â“à—e—Ê‚Ì•ÏX‚É‚æ‚éÀ¿’lã‚°‚Ö@9Œ‚æ‚è‡Ÿ128•i–Ú@ƒJƒJƒI“¤‚“«‚â•¨—¬ƒRƒXƒgã¸‚È‚Ç‚Å,https://news.yahoo.co.jp/articles/5b016e99cc2b0838b1b26e14870de004a9b9b592,No date found
jnn,TBS NEWS DIG Powered by JNN,ƒgƒ‰ƒ“ƒv‘O‘å“—ÌˆÃE–¢‹–Œ‚ß‚®‚èu‘I‹“‰^“®‚Å‚ÌŒxŒì‚Í’Êí‚ÌŒxŒì‚É”ä‚×‚ÄŠi’i‚ÉŠëŒ¯“x‘‚·Œ»À‚ğ“Ë‚«•t‚¯‚ç‚ê‚½vŒx@’¡’·Š¯‚ªŠë‹@Š´¦‚·,https://news.yahoo.co.jp/articles/1523f74fb48157e9de155bd3074d78f8ba7b5884,No date found
jnn,TBS NEWS DIG Powered by JNN,yG““EoèpzRŒû‘å’n‚³‚ñ@u–¢‚¾…‚ğˆù‚Ş‚Ì‚àŒƒ’É‚Å‚·v@‘Ş‰@‚ğ•ñ@u’©4‚É’É‚İ‚Å‹N°v,https://news.yahoo.co.jp/articles/209c5ba8b55f1453ae2abdd94490967ae4b12e5f,No date found
jnn,TBS NEWS DIG Powered by JNN,y‘¬•ñz©–¯“}‚ª–xˆäŠwO‰@‹cˆõ‚Ì—£“}“Í‚ğó—@’nŒ³—LŒ Ò‚É”é‘’Ê‚¶“T‚ğ“n‚·@Œö‘I–@ˆá”½‚Ì‹^‚¢‚Å‰Æ‘î‘{õ,https://news.yahoo.co.jp/articles/7b87b3b36747743cbde4ccdcdb5d99c3b3254a7d,No date found
jnn,TBS NEWS DIG Powered by JNN,ƒgƒ‰ƒ“ƒvgÄ‘Ih‚È‚çu‰~ˆÀvuŒõ”M”ïvu’Àã‚°ƒ€[ƒhv‚Í?gŠmƒgƒ‰h‚Å„‚½‚¿‚Ì•é‚ç‚µ‚Í‚Ç‚¤‚È‚é?•Ä‘å“—Ì‘Iynews23z,https://news.yahoo.co.jp/articles/6128fd8d01c400ba811ecefc336e4277b70046dd,No date found
jnn,TBS NEWS DIG Powered by JNN,ŠÖ“ŒbME“ŒŠC‚Å”~‰J–¾‚¯@—ˆT‚É‚©‚¯‚ÄŠe’n‚Å–Ò‹‚É,https://news.yahoo.co.jp/articles/2345f20733a8743b00f763f2c96c9a112892fed5,No date found
jnn,TBS NEWS DIG Powered by JNN,2024”N‚Ìã”¼Šú–fˆÕûx3’›2345‰­‰~‚ÌÔš@6Œ‚Ì–fˆÕûx‚Í3‚©Œ‚Ô‚è‚Ì•š@”¼“±‘Ì»‘¢‘•’u‚È‚Ç—AoL‚Ñ,https://news.yahoo.co.jp/articles/c8e00d48a1d6d31cd2e45a528cd8b853173e8140,No date found
jnn,TBS NEWS DIG Powered by JNN,uƒnƒ“ƒhƒ‹‘€ì‚ğŒë‚Á‚½v‰¡•ls‚ÌZ‘îŠX‚Å‰^s’†‚Ì˜HüƒoƒX‚ª“d’Œ‚É‚Ô‚Â‚©‚é–ŒÌ@æ‹q‚¨‚ç‚¸‚¯‚ªl‚È‚µ@_“ŞìŒ§Œx,https://news.yahoo.co.jp/articles/93a8cdfe2ee05da45ec337b3bcae69e545bf3dc4,No date found
jnn,TBS NEWS DIG Powered by JNN,u—û”nŒ–‰Ü‰ïv–¼æ‚ég–\‘–‘°ƒOƒ‹[ƒvh­”N5l“E”­@Ös‰^“]‚âL‚ª‚è‘–scŒx‰ú’†ƒpƒgƒJ[‚Ìi˜H–WŠQ‚©Œx‹’¡,https://news.yahoo.co.jp/articles/c897f950b17b8d1be59581dd172d70bb694b60a5,No date found
jnn,TBS NEWS DIG Powered by JNN,¼Ré‚Ì“y»•ö‚ê¼Rs‚Æ•¶‰»’¡‚É”F¯‚Ì‚¸‚ê@suH–‚É‚Í•¶‰»’¡‚Ì‹–‰Â•K—vv•¶‰»’¡u‹Ù‹}‚Í‹–‰Â•K—v‚È‚­‘Š’k‚¾‚¯‚Å”F‚ß‚évˆ¤•Q,https://news.yahoo.co.jp/articles/9bffd53a797f93ee362af8868e31e9977ab2490a,No date found
jnn,TBS NEWS DIG Powered by JNN,7Î—™‚Ì• •”‚É‚¯‚ª‚³‚¹€–S‚³‚¹‚½‚©@•êe‚Æ“à‰‚Ì•v‚Æ‚İ‚ç‚ê‚é’j‘ß•ß@‚»‚ê‚¼‚êŠQ’v€‚Æ•ÛŒìÓ”CÒˆâŠü’v€‚Ì‹^‚¢@ˆ¤’mEŒ¢Rs,https://news.yahoo.co.jp/articles/ddfec4fb07155d5e1d3b66eef5f130d956cb9988,No date found
jnn,TBS NEWS DIG Powered by JNN,u‘¾•½—mE“‡ƒTƒ~ƒbƒgvÅI“ú@‘S‘Ì‰ï‡@‹CŒó•Ï“®–â‘è‚â’†‘”O“ª‚ÉŠC—m‚ÌˆÀ‘S•Ûá‚È‚Ç‚É‚Â‚¢‚Ä,https://news.yahoo.co.jp/articles/ba5e3580e57fb786a991871fe63ac15d3aef77d4,No date found
jnn,TBS NEWS DIG Powered by JNN,“úŒo•½‹ÏŠ”‰¿ˆê1000‰~‹ß‚­‰º—@‚¯‚ñˆø–ğ‚Ì”¼“±‘ÌŠÖ˜AŠ”‚ÉˆÃ‰_@ˆê•û‹}‘¬‚É‰~‚i‚Şˆê1ƒhƒ‹155‰~‘ä‚É,https://news.yahoo.co.jp/articles/18755250f4013cee897985b4a5048058a8cc6c8e,No date found
jnn,TBS NEWS DIG Powered by JNN,‰¤ˆÊí‘æ2‹Ç2“ú–Ú@“¡ˆä‘‘¾µŠ¥‚ªŸ—˜‚·‚é‚Ì‚©“n•Ó–¾‹ã’i‚ªƒ^ƒC‚É–ß‚·‚Ì‚©@‚¨‚â‚Â‚Í—¼Ò‚Æ‚à”ŸŠÙ‚Ìuƒ`[ƒYƒIƒ€ƒŒƒbƒgv,https://news.yahoo.co.jp/articles/9dcae38255b149fa4dc32431c4246cf9efb6fedf,No date found
jnn,TBS NEWS DIG Powered by JNN,‘ì‹…“ú–{‘ã•\‚ªƒpƒŠ‚ÉŒü‚¯o‘A‰oêE‘“c‚Ğ‚Èuƒ`[ƒ€ˆêŠÛ‚Æ‚È‚Á‚Äv•½–ì”ü‰Fu©M‚ğ‚Á‚Ä—Õ‚Şv,https://news.yahoo.co.jp/articles/ac3b91f5376ffbf37700a29113cc75a7b48cf845,No date found
jnn,TBS NEWS DIG Powered by JNN,‹“sƒAƒjƒ[ƒVƒ‡ƒ“•ú‰Î–Œ‚©‚ç5”N@36l‚ª€–S‚µ‚½ƒXƒ^ƒWƒIÕ’n‚Å’Ç“‰®uƒtƒ@ƒ“‚Æ‚µ‚Äo—ˆ‚é‚Ì‚Í‚¸‚Á‚Æì•i‚ğD‚«‚Å‚¢‚é‚±‚Æv,https://news.yahoo.co.jp/articles/eec12da619c9aebf0a02fc25da674aa778eed4e4,No date found
jnn,TBS NEWS DIG Powered by JNN,y‘¬•ñzu–Ù”éŒ ‚Ì•Ûá‚Ìï|‚É”½‚·‚év‚Æ”…”F‚ß‚é”»Œˆ@ŒŸ–‚ªuƒKƒLv”­Œ¾‘”…‘i×@“Œ‹’nÙ,https://news.yahoo.co.jp/articles/0fa8dd1cf4a077576a391db3658d5b75e47197ef,No date found
jnn,TBS NEWS DIG Powered by JNN,ƒoƒCƒfƒ“‘å“—Ì@“P‘Ş•ïˆÍ–Ô‚³‚ç‚É‹·‚Ü‚é@–¯å“}ã‰º—¼‰@ƒgƒbƒv‚ªu“P‘ŞiŒ¾v‚Æ•ñ“¹VŒ^ƒRƒƒiŠ´õ‚à”»–¾,https://news.yahoo.co.jp/articles/062ab4e64b91e761f571522b2f870ab587cdf681,No date found
jnn,TBS NEWS DIG Powered by JNN,ƒgƒ‰ƒ“ƒvˆÃE–¢‹@ƒV[ƒNƒŒƒbƒgƒT[ƒrƒX‚Í–Œ‚Ì1ŠÔˆÈã‘O‚É—e‹^Ò‚ğu•sRl•¨v‚Æ”F¯‚µ‚½‚ªŒ©¸‚Á‚Ä‚¢‚½,https://news.yahoo.co.jp/articles/cc0782343710ca0e720e2521ea4958d3905b7146,No date found
jnn,TBS NEWS DIG Powered by JNN,•›‘å“—ÌŒó•â‚Éw–¼‚³‚ê‚½ƒoƒ“ƒXã‰@‹cˆõ‚ªw–¼ó‘ø‰‰à@‹¤˜a“}‘å‰ï@‚±‚ê‚Éæ—§‚¿ƒgƒ‰ƒ“ƒvuƒAƒƒŠƒJ‚ğÄ‚ÑˆÌ‘å‚Év,https://news.yahoo.co.jp/articles/c3db422225406510e1611e49bdf9eefdac196e3f,No date found
jnn,TBS NEWS DIG Powered by JNN,¬•”‰®‚É“ü‚ê‚ç‚ê–³—‚â‚èèp‚ğc‹Œ—D¶•ÛŒì–@‘i×‚ÌŒ´‚ç‚É‘—‚ªÓß@–Ê‰ï‚ğI‚¦‚½Œ´u“¯‚¶‚±‚Æ‹N‚±‚³‚È‚¢‚Åvynews23z,https://news.yahoo.co.jp/articles/6b74cdfef573dbb3ff7468484e0f2f044a0477be,No date found
jnn,TBS NEWS DIG Powered by JNN,u‹³ˆç‚ÉŒŠ‚ª‚ ‚­v@[‰»‚·‚ég–¢”z’u‹³ˆõh–â‘è@­‚È‚­‚Æ‚à4000l@•a‹C‚Å‹x‚Ş‹³ˆõ‚Ì‘ã‘ÖÒ‚ªŒ©‚Â‚©‚ç‚È‚¢ƒP[ƒX‚ª‹”N‚Ì–ñ3”{‚É,https://news.yahoo.co.jp/articles/be63bad56669c38a8d9b8cd86776542e5d4620c5,No date found
jnn,TBS NEWS DIG Powered by JNN,—ÑŠ¯–[’·Š¯uˆêlˆêl‚Ì­¡‰Æ‚ª“K³‚É‘Î‰‚·‚×‚«‚à‚Ìv–xˆäŠwO‰@‹cˆõ‚É‰Æ‘î‘{õ‚Å,https://news.yahoo.co.jp/articles/d5b314a093f6a51caa34bd35ae63c18178fd7974,No date found
jnn,TBS NEWS DIG Powered by JNN,L––—Áq‚³‚ñ@ƒtƒ@ƒ“ƒNƒ‰ƒu‚ªŠJİ@u–{“úAŠJİ‹L”Oƒ‰ƒCƒu”zMv‚ğs‚¤‚±‚Æ‚à’m,https://news.yahoo.co.jp/articles/7f477b46018f02c56f70ad8077a3716978422fc3,No date found
jnn,TBS NEWS DIG Powered by JNN,yîà“c‰„•FzuS‘ŸƒAƒuƒŒ[ƒVƒ‡ƒ“èpvÈEŒüˆäˆŸ‹I‚³‚ñB‰e‚ÌÊ^‚Å•ñuãŠ¥62Î!‚Ü‚¾‚Ü‚¾s‚­‚º[v,https://news.yahoo.co.jp/articles/be4a1c9816af9e1ae86249efe35b46870e2f31ce,No date found
jnn,TBS NEWS DIG Powered by JNN,U23“ú–{‘ã•\AŒÜ—ÖŠJÃ‘‚Ìƒtƒ‰ƒ“ƒX‚Æ1[1‚Ìˆø‚«•ª‚¯@“¡“c÷—Úƒ`ƒ}‚ªæ§ƒS[ƒ‹y‘Ûe‘P‡z,https://news.yahoo.co.jp/articles/5b5587cbcf1b7c1dca7c615f9d8b5d47e7d243fd,No date found
jnn,TBS NEWS DIG Powered by JNN,y‘¬•ñzŠÖ“ŒbME“ŒŠC‚ª”~‰J–¾‚¯@•½”N‚æ‚è1“ú‘‚¢@18“ú‚Í‘S‘“I‚É‚‰·—\‘z@”M’†Ç‚ÉŒx‰ú‚ğ,https://news.yahoo.co.jp/articles/8ea9cd0d75ad2e69239521f025bde8f4a034f674,No date found
jnn,TBS NEWS DIG Powered by JNN,’ÒŠó”ü‚³‚ñ@u•‚ğ‰½–{‚©”²‚¢‚Äv@’·’j‚ªu‚ß‚¿‚á‚­‚¿‚á’É‚¢v•‚Ì‹¸³‚ğó‚¯‚é‚±‚Æ‚ğŒö•\,https://news.yahoo.co.jp/articles/bf4532b708e02bfb2b37abb88b263c9a317aa4a0,No date found
jnn,TBS NEWS DIG Powered by JNN,©–¯“}E–xˆäŠwO‰@‹cˆõ‚Ì‹cˆõ‰ïŠÙ––±Š‚È‚Ç‚É‰Æ‘î‘{õ@”é‘‚ç’Ê‚µ‚Ä’nŒ³—LŒ Ò‚É“T“n‚µ‚½ŒöE‘I‹“–@ˆá”½‚Ì‹^‚¢@“Œ‹’nŒŸ“Á‘{•”,https://news.yahoo.co.jp/articles/3331238123e21fdba6bdca57d1971f92d21866e0,No date found
jnn,TBS NEWS DIG Powered by JNN,ƒgƒ‰ƒ“ƒvˆÃE–¢‹@—e‹^Ò‚ª‚¢‚½Œš•¨@’nŒ³Œx@ulˆõ•s‘«‚ÅƒpƒgƒJ[”z”õ‚Å‚«‚È‚¢v‚ÆƒV[ƒNƒŒƒbƒgƒT[ƒrƒX‚É“`‚¦‚Ä‚¢‚½,https://news.yahoo.co.jp/articles/3dc1caf2d45a7e88659812419ade275ce4f235c6,No date found
jnn,TBS NEWS DIG Powered by JNN,y‘å‰JŒx•ñzRŒ`Œ§E¯“à’¬‚É”­•\,https://news.yahoo.co.jp/articles/64ddc92821538ca89f729c507f63290e5cb46d1c,No date found
jnn,TBS NEWS DIG Powered by JNN,“úŒo•½‹Ïˆê900‰~ˆÈã’l‰º‚ª‚è•ÄƒnƒCƒeƒNŠ”ˆÀ‚â‰~‚is‚Å,https://news.yahoo.co.jp/articles/43e196acdec3772bc7efb09c244fca5f7aeab5f5,No date found
jnn,TBS NEWS DIG Powered by JNN,y‘å‰JŒx•ñzRŒ`Œ§Eğ“cs‚É”­•\,https://news.yahoo.co.jp/articles/f7c7190d5e76ceb3ae8425a4612b157e5544eb74,No date found
jnn,TBS NEWS DIG Powered by JNN,‰~‚i‚Ş@‰~‘Šêˆê1ƒhƒ‹155‰~40‘K‘ä”¼‚Î‚Ü‚Å@1‚©Œ‚Ô‚è‚’l@ƒAƒƒŠƒJ‚Í—˜‰º‚°@“ú–{‚Í—˜ã‚°‚ªˆÓ¯‚³‚ê‚é,https://news.yahoo.co.jp/articles/623406fbf1d032d91c572a6ab68d21d6417bf23b,No date found
jnn,TBS NEWS DIG Powered by JNN,70‘ã‚Ì•v•w‚ª“¦‚°’x‚ê‚©@2ŠKŒš‚Ä–Ø‘¢Z‘î‚ª‘SÄ@‚³‚¢‚½‚ÜsE–k‹æ,https://news.yahoo.co.jp/articles/d41dfdc92058901c28a2d3b8b81d04e7275241cc,No date found
jnn,TBS NEWS DIG Powered by JNN,•ÄƒoƒCƒfƒ“‘å“—Ì‚ªVŒ^ƒRƒƒi—z«@•@…‚âŠP‚ÌÇó@‘¼l‚Æ‚ÌÚG‚ğ”ğ‚¯E–±‚É”»–¾’¼‘O‚ÉƒŒƒXƒgƒ‰ƒ“‚Å‹q‚Æ‰ï˜bEÊ^B‰e,https://news.yahoo.co.jp/articles/d15c99b6356fcfc837879cfcfcc03462c744ff8d,No date found
jnn,TBS NEWS DIG Powered by JNN,NYƒ_ƒE•½‹ÏŠ”‰¿4–œ1198ƒhƒ‹@3“ú˜A‘±‚ÅjãÅ‚’l‚ğXV,https://news.yahoo.co.jp/articles/680839c2adf299b8ce217a5880b4df4eac44cdb0,No date found
jnn,TBS NEWS DIG Powered by JNN,“ú–{ƒnƒ€EˆäìĞ’·‚ª—§‚¿Œü‚©‚¤ ”—‚è‚­‚éu‚½‚ñ‚Ï‚­¿ƒNƒ‰ƒCƒVƒXvyBizƒXƒNƒGƒAz,https://news.yahoo.co.jp/articles/e8d0891ade721637fc3fafb420bd6c4e40e5711d,No date found
jnn,TBS NEWS DIG Powered by JNN,•½¬–Œj@íŒãÅ‘å‚Ì‘‰ï‰®–Œi14j[‘åèV•·Ğ‚Ìu‘O‘Å‚¿•ñ“¹v‚É“Á‘{•”’·‚ÍŒƒ“{c‹LÒ‚ÆŒŸ@gˆÙí‚È‹Ù’£Š´h,https://news.yahoo.co.jp/articles/086689514f71c4587e75f0a9f19effb0d09cca4f,No date found
jnn,TBS NEWS DIG Powered by JNN,•Ÿ“‡Œ§‚ÅÅ‘åk“x2‚Ì’nk@•Ÿ“‡Œ§E“è—t’¬A‘åŒF’¬,https://news.yahoo.co.jp/articles/9585ed5ea4ca5d20be2f8e644e475dae9f960f0c,No date found
jnn,TBS NEWS DIG Powered by JNN,‚«‚å‚¤‚É‚àŠÖ“ŒbM‚È‚Ç”~‰J–¾‚¯‚Ö@“ú·‚µ‚Æ–Ò‹‚ª•œŠˆ@35’´‚à‘½‚­”M’†Ç‚ÉŒx‰ú,https://news.yahoo.co.jp/articles/393337a7dd67bb7627af19032a131d52c8daff50,No date found
jnn,TBS NEWS DIG Powered by JNN,yL“‡zVˆäÑ”zƒYƒoƒŠ ñˆÊE‹l‚É1·ƒsƒ^ƒŠIƒVƒƒƒCƒi[‚ª“Œ‚©‚çŒˆŸ3ƒ‰ƒ“ –³€“ñEO—Û‚©‚ç2€Œã‚ÌŒƒ’e X‰º7‰ñ–³¸“_7Ÿ–Ú,https://news.yahoo.co.jp/articles/3793e711d8f7bf3508749fbe3efe563c2fec3d28,No date found
jnn,TBS NEWS DIG Powered by JNN,ulˆõ•s‘«‚ÅƒpƒgƒJ[”z”õ‚Å‚«‚È‚¢v—e‹^Ò‚ª‚¢‚½Œš•¨‚É‚Â‚¢‚Ä’nŒ³Œx@‚ª–‘O‚É’Ê@ƒgƒ‰ƒ“ƒvˆÃE–¢‹–Œ,https://news.yahoo.co.jp/articles/a5a1b37c0be04eb7c58be380f3ae8ff2f50aad90,No date found
jnn,TBS NEWS DIG Powered by JNN,•Ä–¯å“}@ƒoƒCƒfƒ“‚Ì“P‘Ş˜_‚ªÄ”R@—L—Í‰º‰@‹cˆõ‚ª“P‘Ş—v‹,https://news.yahoo.co.jp/articles/e4b1d7df02c6d6528fe2be76e40033822eb3d4ac,No date found
jnn,TBS NEWS DIG Powered by JNN,—ˆTŠJ–‹‚ÌƒpƒŠŒÜ—Ö‘O‚É…¿‰ü‘PƒAƒs[ƒ‹@ƒpƒŠs’·‚ªƒZ[ƒkì‚Å‰j‚®,https://news.yahoo.co.jp/articles/9195f4d2cb84f254d2788d592dc84788ebf126b5,No date found
jnn,TBS NEWS DIG Powered by JNN,ƒgƒ‰ƒ“ƒvˆÃE–¢‹–Œ“–“ú‚ÌƒV[ƒNƒŒƒbƒgƒT[ƒrƒXŒx”õ‘Ô¨‚É‚Â‚¢‚Ä’²¸ŠJn@ƒAƒƒŠƒJ‘“yˆÀ‘S•ÛáÈ,https://news.yahoo.co.jp/articles/3afde4fd060f98337b841417a93270264718d3fe,No date found
jnn,TBS NEWS DIG Powered by JNN,Š™‘q‚Ì–é‹ó‚É2500”­‚Ì‰Ô‰Î@“y—j“ú‚©‚çÄ‚ÑŠëŒ¯‚È‹‚³‚©c“Œ‹‚Å5“ú˜A‘±u–Ò‹“úv—\‘z‚àynews23z,https://news.yahoo.co.jp/articles/9d1e0c87d4389443f63fc35df18a86e5378ea518,No date found
jnn,TBS NEWS DIG Powered by JNN,Œ»ê‚É‚Íè‚Â‚©‚¸‚Ìƒ^ƒC•—ƒ`ƒƒ[ƒnƒ“cƒoƒ“ƒRƒN‚‹‰ƒzƒeƒ‹‚Å6l€–S@ƒeƒB[ƒJƒbƒv‚È‚Ç‚©‚ç–Ò“Å‚ğŒŸo@“ú–{‚Å‚Ì•a‰@Œšİ“Š‘‚Åƒgƒ‰ƒuƒ‹‚©ynews23z,https://news.yahoo.co.jp/articles/16cade3c474be589e7bee760978ddb05f78f0779,No date found
jnn,TBS NEWS DIG Powered by JNN,ƒEƒNƒ‰ƒCƒiNUŒã65–œlˆÈã‚ÌƒƒVƒAl‚ªo‘‚µ‚½‚Ü‚Ü‹A‘‚¹‚¸@“®ˆõ‚â’eˆ³‚ğ”ğ‚¯‚é‚½‚ß@“Æ—§ŒnƒƒfƒBƒA’²¸,https://news.yahoo.co.jp/articles/dc626f9d3ffbdeb52350fcc012b3e6a5327c6f98,No date found
jnn,TBS NEWS DIG Powered by JNN,ƒgƒ‰ƒ“ƒv@‘å“—Ì‘I‘O‚Ì—˜‰º‚°u‚·‚×‚«‚Å‚È‚¢vFRB‚ğ‚¯‚ñ§,https://news.yahoo.co.jp/articles/d5437be1c820567131c41e10273572864f76e0be,No date found
jnn,TBS NEWS DIG Powered by JNN,y‘¬•ñzƒGƒ~[Ü‚É^“cL”V‚³‚ñƒvƒƒfƒ…[ƒXEå‰‰‚ÌuSHOGUN«ŒRvƒmƒ~ƒl[ƒg,https://news.yahoo.co.jp/articles/421ba7ba7869bc9839e0c66b92ea74397569263d,No date found
jnn,TBS NEWS DIG Powered by JNN,ƒ‹[ƒ}ƒjƒA‚Ì’“ƒƒVƒAŒög‚ª–k•û—Ì“y‚ğŠÏŒõ–Ú“I‚Å–K–â@ƒƒVƒAƒƒfƒBƒA•ñ“¹@EU‰Á–¿‘‚ÌŠOŒğŠ¯–K–â‚ÍˆÙ—á,https://news.yahoo.co.jp/articles/28229aab7d0e05250d6f9ba113aedfbd43893204,No date found
jnn,TBS NEWS DIG Powered by JNN,­™“‡Œ§‚ÅÅ‘åk“x2‚Ì’nk@­™“‡Œ§E­™“‡\“‡‘º,https://news.yahoo.co.jp/articles/2874bc3beb2ed6baeebe74863b6de9421ae6ce4c,No date found
jnn,TBS NEWS DIG Powered by JNN,ˆ¤’mŒ§‚ÅÅ‘åk“x1‚Ì’nk@ˆ¤’mŒ§EˆÀésAíŠŠsA“ŒŠCsA’m‘½sA‚•lsAˆ¢‹v”ä’¬,https://news.yahoo.co.jp/articles/5e5589e7d51a32f754957f341f459cff31f9ab78,No date found
jnn,TBS NEWS DIG Powered by JNN,’†‘EV”O“ª‚Éu—LŠQ‚Å”ñsê“I‚È‰ßè¶Y‚É‘ÎˆvG7–fˆÕ‘åb‰ï‡‚Å‹¤“¯º–¾,https://news.yahoo.co.jp/articles/95f6a08ec5edefa3924cbaf179542eb24b5842f6,No date found
jnn,TBS NEWS DIG Powered by JNN,‰pƒ`ƒƒ[ƒ‹ƒY‘‰¤@ƒXƒ^[ƒ}[V­Œ ‚Ìg{­•ûjh‰‰àuŒoÏ¬’·‚ÌÀŒ»‚ªªŒ¹“Ig–½v,https://news.yahoo.co.jp/articles/4612d9ecaabe893d527143dbe4b49f6ad5d03485,No date found
jnn,TBS NEWS DIG Powered by JNN,y^…Œx•ñzVŠƒŒ§E‘ºãs‚É”­•\,https://news.yahoo.co.jp/articles/3aed5f93f63cdc8226a69fa7749715790f6e88e8,No date found
jnn,TBS NEWS DIG Powered by JNN,ƒ^ƒC‚Ì‚‹‰ƒzƒeƒ‹‚ÅŠO‘l6l€–Su–S‚­‚È‚Á‚½6l‚Ì’†‚É”Æl‚ª‚¢‚é‰Â”\«‚ª‚‚¢v’nŒ³Œx@‚ª–¾‚ç‚©‚É,https://news.yahoo.co.jp/articles/db706995655dd8c4dceb1df34b8e3817513d0e5f,No date found
jnn,TBS NEWS DIG Powered by JNN,y‘•ª‘¾ˆêz@Šé‹ÆŒü‚¯ƒZƒ~ƒi[‚É“o’d@u¸”s‚ğŒ©‚¹‚é‚±‚Æ‚Á‚ÄA‚©‚Á‚±ˆ«‚¢‚±‚Æ‚¶‚á‚È‚­A‚©‚Á‚±—Ç‚¢‚±‚Æv,https://news.yahoo.co.jp/articles/bc3035d58ad52ffbdc85d7fd3d391feaf8e9106f,No date found
jnn,TBS NEWS DIG Powered by JNN,u‚½‚¾‘‚«‘±‚¯‚é‚Æ‚¢‚¤‚±‚Æ‚É’§í‚µ‚Ä‚¢‚«‚½‚¢v‘æ171‰ñŠHìÜE’¼–ØÜóÜÒ‚ªŒê‚Á‚½‚±‚Æ,https://news.yahoo.co.jp/articles/a4d0fb65f34c968ec7e51dc6aa2223623be3fdd9,No date found
jnn,TBS NEWS DIG Powered by JNN,uo‰ï‚¢Œnv‚ÌŒ³‘c?@`ƒeƒŒƒNƒ‰•¨Œêi1985”NjyTBSƒA[ƒJƒCƒu”é˜^z,https://news.yahoo.co.jp/articles/51f503e19e3cca0d600c322ab55f7440fe4b585a,No date found
jnn,TBS NEWS DIG Powered by JNN,ƒXƒPƒoƒ“ŒY–u•—ŠÔOo–…vWŒ‹@ó—B‚³‚ñu3l‚ÅƒXƒe[ƒW‚É—§‚Ä‚é–‚ÍK‚¹‚È‚±‚Æv@‘å¼Œ‹‰Ô‚³‚ñ@’†‘º—R^‚³‚ñ‚Æ3ƒVƒ‡ƒbƒg,https://news.yahoo.co.jp/articles/5063294ac8add8f5b2b881e768352cd824fe7a02,No date found
jnn,TBS NEWS DIG Powered by JNN,¡”N‚ÌƒJƒcƒI‰‚Ì‚èÅ‚A{‚Å‚Í‚È‚¢Šú‚É‚È‚º?”ü–¡‚µ‚¢ƒJƒcƒI‚Ì‘I‚Ñ•ûcŒ©‚½–Ú‚Å•ª‚©‚é‘N“x‚Ìˆá‚¢yNƒXƒ^‰ğàz,https://news.yahoo.co.jp/articles/feb95c00ea5f2e21ec0b75c4414643997ec66cba,No date found
jnn,TBS NEWS DIG Powered by JNN,Ô‚Ì®”õ’†‚Ì’j«i30j‚ª’j‚É”w’†‚ğh‚³‚ê‚é@’j«‚ÍˆÓ¯‚ ‚è@”Æl‚Í‚¢‚Ü‚à“¦‘–’†@ˆïéEí‘s,https://news.yahoo.co.jp/articles/4b5c4dd5dd821c1821e1ac1afde4129e9fed31a4,No date found
jnn,TBS NEWS DIG Powered by JNN,u–º‚ğE‚µ‚½‚±‚Æ‚ÉŠÔˆá‚¢‚ ‚è‚Ü‚¹‚ñv_“ŞìŒ§“¡‘òs‚Ìƒ}ƒ“ƒVƒ‡ƒ“‚Å54Î‚Ì—«‚ªˆâ‘Ì‚ÅŒ©‚Â‚©‚Á‚½–Œ@“¯‹‚·‚é78Î‚Ì•êe‚ğEl‚Ì‹^‚¢‚Å‘ß•ß@_“ŞìŒ§Œx,https://news.yahoo.co.jp/articles/f22a87813b3c57087f300e671f615782aea479eb,No date found
jnn,TBS NEWS DIG Powered by JNN,yƒƒbƒezƒ\ƒtƒgƒoƒ“ƒN‚É‹t“]•‰‚¯‚Å2˜A”sc“Šèw‚ªb”ã‚É5‘Å“_‹–‚· ²“¡‚Éæ§‘Å ƒ|ƒ‰ƒ“ƒR‚É12†ƒ\ƒ ‰ª‚É6†ƒ\ƒ‚à,https://news.yahoo.co.jp/articles/4d2958ba8d79050fc431a7ce9b05708f14de2cc1,No date found
jnn,TBS NEWS DIG Powered by JNN,7Œ17“ú‚Íu“Œ‹‚Ì“úviŠw‚âAEc‰^–½‚Ìl‚Æ‚Ìo‰ï‚¢‚â–²‚ğŠ‚¦‚é‚½‚ßã‹‚àuƒAƒiƒ^‚Í‚È‚º“Œ‹‚ÖHv,https://news.yahoo.co.jp/articles/5e59b8723b91b13147f615fb90d3a31d44dc7b72,No date found
jnn,TBS NEWS DIG Powered by JNN,yã_z‹l‚É‹t“]•‰‚¯‚Å2˜A”s 2ƒJ[ƒh˜A‘±•‰‚¯‰z‚µ‚ÅñˆÊ‚É2.5·c ‘Åü‚Í2‰ñ‚Éæ§‚à6‰ñˆÈ~’¾–Ù ‘å’|‚ª5‰ñ“r’†4¸“_‚Å5”s–Ú,https://news.yahoo.co.jp/articles/7a4ae874c72aecb6afa7456d3a1cc940a211cc6e,No date found
jnn,TBS NEWS DIG Powered by JNN,y‹lzã_‚É‹t“]Ÿ—˜‚Å2˜AŸIñˆÊŒ˜ç&¡‹GÅ‘½ƒ^ƒC’™‹à7 ‰ª–{˜a‚ªŒˆŸ‘Å ˆäã5‰ñ“r’†3¸“_KO‚à‹~‰‡5“Šè‚ª–³¸“_ƒŠƒŒ[,https://news.yahoo.co.jp/articles/329ceb7f0cbfdcf442bf22a6186c45a594191704,No date found
jnn,TBS NEWS DIG Powered by JNN,u7“‚¾‚Á‚½‚çd•û‚È‚¢v‹˜¥ƒ`ƒF[ƒ“¼‰®‚ªg[–é—¿‹àh‚ğ–{Ši“I‚É“±“ü@lŒ”ï‚ğ‰¿Ši‚É“]‰ÅyNƒXƒ^‰ğàz,https://news.yahoo.co.jp/articles/2e2b0f3600a5024ace4c040eda1dedb8ebde068a,No date found
jnn,TBS NEWS DIG Powered by JNN,yDeNAzL“‡‚ÉŠ®•••‰‚¯c“Œ‚Í7‰ñ3¸“_‚Ì—Í“Š‚à¡‹G‰•¯ ƒVƒƒƒCƒi[‚É3ƒ‰ƒ“—‚ÑŠJ–‹8˜AŸ‚ÅƒXƒgƒbƒv ‘Åü‚ÍD‹@‚à1–{o‚¸,https://news.yahoo.co.jp/articles/f5c19954be732e1c1bb2e64bb3e24a284b32193e,No date found
jnn,TBS NEWS DIG Powered by JNN,OˆäZ—FƒJ[ƒh‚Æƒ}ƒl[ƒtƒHƒ[ƒh‚ª‹Æ–±’ñŒg@ƒ}ƒl[ƒtƒHƒ[ƒh‚ÌŒÂlŒü‚¯–‹Æ‚ğ•ª—£‚µV‰ïĞİ—§,https://news.yahoo.co.jp/articles/9f36f8d7d2bf243d6404e1e4bedcad2c9191d786,No date found
jnn,TBS NEWS DIG Powered by JNN,‹CÛ’¡‚ª’ˆÓŠ«‹N18“ú‚©‚çL‚¢”ÍˆÍ‚Å–Ò‹’ˆÓAˆÙ—á‚Ì‹‚³‚Å’–ÚcŒ240‰~u”M’†Ç•ÛŒ¯vyNƒXƒ^‰ğàz,https://news.yahoo.co.jp/articles/2b759cb321ba86aa34e3b64da5b49675cd18a978,No date found
jnn,TBS NEWS DIG Powered by JNN,u3”N4”N‚Æè‰–‚É‚©‚¯‚½A•¨v”íŠQÒ‚ª“{‚èI–h”ÆƒJƒƒ‰‚ª‚Æ‚ç‚¦‚½‘½“÷A•¨‚ğŞ“‚ÌuŠÔ,https://news.yahoo.co.jp/articles/7fc99df17bbf7a249ed55c72cb959a23f1f5daee,No date found
jnn,TBS NEWS DIG Powered by JNN,“Œ‹ƒ^ƒ[‚É‘ä˜p‚Ì–ésƒOƒ‹ƒ‚ªWŒ‹I‡F‚ÌƒVƒƒƒŠƒVƒƒƒŠ‚©‚«•XuƒpƒIƒpƒIƒsƒ“v‚Æ‚ÍH,https://news.yahoo.co.jp/articles/f2a877f20848b677bcb4159cd2a33308ef7e7e97,No date found
jnn,TBS NEWS DIG Powered by JNN,Œƒhƒ`ƒbƒvƒX1–‡‚Å‘Ì’²•s—Ç?u‘z’èˆÈã‚É‘½‚­‚Ì‚±‚Æ‚ª‹N‚±‚Á‚Ä‚¢‚évf@‚µ‚½ˆãt‚ªÚ×Œê‚éyNƒXƒ^‰ğàz,https://news.yahoo.co.jp/articles/7b25885f6071749bbe8522898eec3a73a5c156c9,No date found
jnn,TBS NEWS DIG Powered by JNN,uŠë‚È‚¢IŠë‚È‚¢IŠë‚È‚¢v–Ú‚Ì‘O‚Å‘åƒNƒ‰ƒbƒVƒ…I‘ŠŸ‚®ƒhƒ‰ƒŒƒR‚ª‘¨‚¦‚½g‚Ü‚³‚©‚ÌuŠÔh,https://news.yahoo.co.jp/articles/082c8af42b9a5f713cc1f773c93b2d3ce9c51e66,No date found
jnn,TBS NEWS DIG Powered by JNN,u•|‚­‚Äo‚ç‚ê‚¸‚ÉŒ©‚Ä‚¢‚½vŒºŠÖ‘O‚É“Ë‘RŒ©’m‚ç‚Êl•¨‚ªc–h”ÆƒJƒƒ‰‚ª‘¨‚¦‚½©“]ÔŞ“‚ÌuŠÔ,https://news.yahoo.co.jp/articles/a199335c99fffd1cc0639389fe2510e99f4268d3,No date found
jnn,TBS NEWS DIG Powered by JNN,“Œ‹ƒKƒX‚Ìq‰ïĞ‚É•s³ƒAƒNƒZƒX@–ñ416–œl•ª‚ÌŒÂlî•ñ‚ª—¬o‚Ì‰Â”\«,https://news.yahoo.co.jp/articles/4708c9bb2bca04b9c718c067f881aece0238eaa5,No date found
jnn,TBS NEWS DIG Powered by JNN,ƒgƒ‰ƒ“ƒveŒ‚–Œ@ƒCƒ‰ƒ“ŠO–±È‚ªº–¾‚ÅŠÖ—^”Û’è,https://news.yahoo.co.jp/articles/f78eeb9a9e19d66af7a45550ad25592b91d60e5e,No date found
jnn,TBS NEWS DIG Powered by JNN,“Vcc@—¼•Ã‰º@‘¾•½—mE“‡ƒTƒ~ƒbƒgoÈ‚ÌŠe‘ñ”]‚ç‚Æ§’k@c‹‚Ì’ƒ‰ï‚ÉHÂ‹{‚³‚Ü‚Æ‰Àq‚³‚Ü‚à“¯È,https://news.yahoo.co.jp/articles/1d118b88a508e5394db6cd71fa696708cc08c81e,No date found
jnn,TBS NEWS DIG Powered by JNN,u‚¤‚ê‚µ‚©‚Á‚½‚ª—D¶èp‚³‚ê‚½‚±‚Æ‚Í–Y‚ê‚ç‚ê‚È‚¢v‹Œ—D¶•ÛŒì–@‘i×‚ÌŒ´‚ç‚ª‘—‚Æ‚Ì–Ê‰ïŒê‚é,https://news.yahoo.co.jp/articles/d7d5af499d25a31c2aff170c68abaca7f61cb533,No date found
jnn,TBS NEWS DIG Powered by JNN,u—Fl‚ªì‚É”ò‚Ñ‚ñ‚Å—¬‚³‚ê‚½v‹“ssE‰ê–Îì‚Åì—V‚Ñ‚ğ‚µ‚Ä‚¢‚½’jq‚Z¶‚ª—¬‚³‚êS”x’â~,https://news.yahoo.co.jp/articles/2ee527115b02644a341b6e7c64174efc2667be5a,No date found
jnn,TBS NEWS DIG Powered by JNN,ƒgƒ‰ƒ“ƒv‘O‘å“—Ì‚ª‰~ˆÀEƒhƒ‹‚‚ÉŒœ”O@–ñ1‚©Œ‚Ô‚è‚Ì‰~‚…€1ƒhƒ‹156‰~‘ä‘O”¼‚É,https://news.yahoo.co.jp/articles/61a984a978e50fcd1648f407ef7c77fcce158b4b,No date found
jnn,TBS NEWS DIG Powered by JNN,ƒXƒyƒCƒ“‚Ì‚‘¬“¹˜H‚Å‘åŒ^ƒoƒX‚Ì–ŒÌ@‚Ù‚Ú‚’¼‚Éƒgƒ“ƒlƒ‹“ü‚èŒû‚ğ‚Ó‚³‚®,https://news.yahoo.co.jp/articles/6e2456f8b7cedc7ca3b3685520c98f51cf2405f4,No date found
jnn,TBS NEWS DIG Powered by JNN,u“ú–{‚ÌĞ‰ï‚ğç‚é‚±‚ÆvÄ“¡‘Œğ‘åb@gŒğ’Ê‹ó”’’nh‚Ì‰ğÁ‚ÉŒü‚¯‘Îô‚ğ‹c˜_@ƒ‰ƒCƒhƒVƒFƒA‚Ì•‹y‚ğ’Œ‚É,https://news.yahoo.co.jp/articles/ef2371490a684172b917570ce3dcd9e768c16804,No date found
jnn,TBS NEWS DIG Powered by JNN,yŒ³-ute–î“‡•‘”üz‘æ1q’a¶u„‚½‚¿‚ÌŒ³‚É—ˆ‚Ä‚­‚ê‚½‚±‚Ì–½‚ğ‘åØ‚Éç‚Á‚Ä‚¢‚«‚Ü‚·v•v‚Í”o—D‚Ì–¡•û—Ç‰î‚³‚ñ,https://news.yahoo.co.jp/articles/b4a9e6e313699e9aa678b0c86c7b17b8e093dfee,No date found
jnn,TBS NEWS DIG Powered by JNN,ô‚Ìã‚ÌŠi“¬‹Zg‹£‹Z‚©‚é‚½bq‰€hcÅŒã‚Ì‰Ä‚É’§‚Ş‚Z¶‚½‚¿‚ÌÂtyƒQƒL„‚µ‚³‚ñz,https://news.yahoo.co.jp/articles/d6df8e8f4d01596d6d179ef38ef5a1d3dc245584,No date found
jnn,TBS NEWS DIG Powered by JNN,’¼–ØÜ‚Éˆê•äƒ~ƒ`‚³‚ñi46j‚Ìuƒcƒ~ƒfƒ~ƒbƒNv@ˆê•ä‚³‚ñ‚Í3‰ñ–Ú‚Ìƒmƒ~ƒl[ƒg‚ÅóÜ,https://news.yahoo.co.jp/articles/8d0b31c5667ab9d81b0f209e9df6f07434d2e782,No date found
jnn,TBS NEWS DIG Powered by JNN,ƒAƒtƒKƒjƒXƒ^ƒ““Œ•”‚Å‘å‰JE‹­•—‚Ì”íŠQ‘ŠŸ‚®@40l€–S–ñ350l•‰,https://news.yahoo.co.jp/articles/0b65042a043d16e903fda13e9e0442ea90ddcbe3,No date found
jnn,TBS NEWS DIG Powered by JNN,y7Œ18“úŠÖ“Œ‚Ì“V‹Cz‚Â‚¢‚É‰Ä–{”Ô!?–Ò‹Ä‚Ñ,https://news.yahoo.co.jp/articles/9bdd4de12da3361ce594bf7e45387b48acf5f9b4,No date found
jnn,TBS NEWS DIG Powered by JNN,y‘¬•ñz‘æ171‰ñŠHìÜ‚ÌóÜì•i”­•\@’©”ä“ŞH‚³‚ñi43j‚Ì@uƒTƒ“ƒVƒ‡ƒEƒEƒI‚Ìl\‹ã“úv‚Æ¼‰iKO‘ ‚³‚ñi44j‚ÌuƒoƒŠRsv,https://news.yahoo.co.jp/articles/1af95da5ce5ccd92018c629a1c87f772cf0df4b7,No date found
jnn,TBS NEWS DIG Powered by JNN,ŠÖ“Œ‚â“ŒŠC‚àA‘‚¯‚ê‚Î‚ ‚·‚É‚à”~‰J–¾‚¯‚ÌŒ©’Ê‚µ@35“xˆÈã‚Ì–Ò‹“ú‚ÉŒx‰ú,https://news.yahoo.co.jp/articles/a2c07e6ffb78af26edcfb434187954b00992d380,No date found
jnn,TBS NEWS DIG Powered by JNN,y‘å’Ë ˆ¤z‰‚ÌŒÂ“W‚Éu“{‚ç‚ê‚½‚ç‚Ç‚¤‚µ‚æ‚¤vu‚½‚­‚³‚ñ‚Ìl‚É‹¦—Í‚µ‚Ä’¸‚«AŠ´Ó‚Å‚¢‚Á‚Ï‚¢v§ìŠúŠÔ ”¼”N‚Ìì•i‚à,https://news.yahoo.co.jp/articles/9acb84b340e05535d3398f4fd7f5b40221ea5632,No date found
jnn,TBS NEWS DIG Powered by JNN,ƒyƒ‹[‚ÅŠR‚©‚çƒoƒX‚ª“]—@26l€–S@“¯‚¶“¹˜H‚Å5Œ‚É‚àƒoƒX–ŒÌ,https://news.yahoo.co.jp/articles/2b6f590cdb7c96cae54390f703c29e39c8d803de,No date found
jnn,TBS NEWS DIG Powered by JNN,ƒTƒbƒJ[“ú–{‘ã•\‘Ièg•s“¯ˆÓ«Œğ‚Ì‹^‚¢h‚Å‘ß•ßu‚ ‚Ì²–ì‚­‚ñ‚ª‚»‚ñ‚Ècvº‚Â‚Ü‚ç‚¹‚é—«‚à@30‘ã—«‚É“s“àƒzƒeƒ‹‚Å«“I–\s‚©@Œx‹’¡,https://news.yahoo.co.jp/articles/162e0f9e57e479441861a205d0f9e9939b8db5cf,No date found
jnn,TBS NEWS DIG Powered by JNN,u¶‚Ì—‘‘ƒ—‘ŠÇ‘S‚ÄØœvèpæ‚è‰z‚¦@ƒ‚ƒfƒ‹E“n•Ó‰Á˜a‚³‚ñ@”DP‚ğ”­•\@u•sˆÀ‚ª‚½‚­‚³‚ñ‚Å‚µ‚½vuŠğ‚µ‚­‚ÄŠğ‚µ‚­‚Ä–ˆ“ú—Ü‚ªo‚Ü‚·v,https://news.yahoo.co.jp/articles/e164c4be282450780b8d40a74558417f34068cda,No date found
jnn,TBS NEWS DIG Powered by JNN,y²–ì—E“lzAQ‚Ìƒ‹[ƒeƒBƒ“”’@g“ú‹L‚ğ‘‚¢‚ÄA–Ø‚½‚¢‚ÄAƒXƒgƒŒƒbƒ`h,https://news.yahoo.co.jp/articles/fc6547d87b053cc561c79535cf37092eba568b97,No date found
jnn,TBS NEWS DIG Powered by JNN,u‚»‚Ì‚Ü‚Ü‚É‚µ‚Ä‚¢‚Ü‚µ‚½v©‘îƒ}ƒ“ƒVƒ‡ƒ“‚Ì•”‰®‚É’í‚Ìˆâ‘Ì‚ğˆâŠü‚µ‚½‹^‚¢‚Å“¯‹‚Ìo‚ğ‘ß•ß@€Œã3‚©Œ‚ÍŒo‰ß‚©@_“ŞìŒ§Œx,https://news.yahoo.co.jp/articles/640deb5960518de9a5dfd9e4921e38e11907355f,No date found
jnn,TBS NEWS DIG Powered by JNN,—¤ã’jq10000m‘ã•\E‘¾“c’q÷‚ª‘ss‰ï‚ÅŒˆˆÓu­‚µ‚Å‚à—Ç‚¢‡ˆÊ‚ÅƒS[ƒ‹‚µ‚½‚¢v,https://news.yahoo.co.jp/articles/a35f473bde702c73965e3676ce9f27118382c1e7,No date found
jnn,TBS NEWS DIG Powered by JNN,“Œ“ú–{‚©‚ç‰«“ê‚Å–Ò‹@T––‚Í‚³‚ç‚É‹‚­@”M’†Ç‚É’ˆÓEŒx‰ú,https://news.yahoo.co.jp/articles/98aa9b9a8050302bb0056a4cbf38f8c1ec7fe79e,No date found
jnn,TBS NEWS DIG Powered by JNN,ƒNƒŒƒJ¢ŠEÅ‘åèuVisav“ú–{–@l‚ÉŒöæ‚ª—§‚¿“ü‚èŒŸ¸@“Æè‹Ö~–@ˆá”½‚Ì‹^‚¢,https://news.yahoo.co.jp/articles/a96a6d89d3294c4ca7557e4823cd5b2b6d9b33e5,No date found
jnn,TBS NEWS DIG Powered by JNN,u–{“–‚É‚â‚è‚½‚¢d–‚Å‚¨‹à‚ğ‰Ò‚¢‚Å‚©‚Á‚±‚¢‚¢p‚ğvl‹CYouTuberE‚Î‚ñ‚Î‚ñ‚´‚¢‰Ä‹x‚İ‘O‚Ì‚Z3”N¶300l‚ÉgˆÅƒoƒCƒgh‚Ö‚Ì’ˆÓŠ«‹N@Œx‹’¡–Ú•,https://news.yahoo.co.jp/articles/c0973ec4464ffa11aba90216d51f403a74885f61,No date found
jnn,TBS NEWS DIG Powered by JNN,‹¬Vç—t‰w‹ß‚­‚ÅŠ¥…@…“¹ŠÇ‚©‚ç…‚ ‚Ó‚ê‚éu“¹˜Hã‚É‚Ğ‚ÑŠ„‚ê‚ª‚ ‚èA’ƒF‚¢…‚ª•¬‚«o‚µ‚Ä‚¢‚év‚Æ’Ê•ñ,https://news.yahoo.co.jp/articles/2a9197469cd533593aaba7dfe7c3b437d9432237,No date found
jnn,TBS NEWS DIG Powered by JNN,y17“úE‹lƒXƒ^ƒƒ“zâ–{‚ª6”ÔƒT[ƒh ‰ª–{˜a‚Í4”ÔƒŒƒtƒg•‘åé‘ì5”Ôƒtƒ@[ƒXƒg ƒVƒ‡[ƒg–å˜e æ”­Eˆäã •ßè‚ÍŠİ“c7”Ô,https://news.yahoo.co.jp/articles/a15f1bb6ecd33b0c488d22fbb62243d1d633c57d,No date found
jnn,TBS NEWS DIG Powered by JNN,y17“úEã_ƒXƒ^ƒƒ“z‹ß–{‚Æ’†–ì‚ªƒxƒ“ƒ` –ìŒû1”Ôƒ‰ƒCƒg•A“c2”ÔƒZƒ“ƒ^[ “nç³3”ÔƒZƒJƒ“ƒh –L“c6”ÔƒŒƒtƒg æ”­‘å’| •ßè‚Íâ–{,https://news.yahoo.co.jp/articles/6650a97675336000e397194ced8538d51b90b427,No date found
jnn,TBS NEWS DIG Powered by JNN,y17“úEDeNAƒXƒ^ƒƒ“z“x‰ï‚Í7”Ôƒ‰ƒCƒg ŠŒ´1”ÔƒZƒ“ƒ^[•ƒI[ƒXƒeƒBƒ“2”Ô ²–ì3”ÔƒŒƒtƒg ƒVƒ‡[ƒg‘å˜a æ”­E“Œ •ßè‚ÍR–{,https://news.yahoo.co.jp/articles/dbf54f09d1f1ab3bda007e073b4e240ea954cb1b,No date found
jnn,TBS NEWS DIG Powered by JNN,y17“úEL“‡ƒXƒ^ƒƒ“zæ”­EX‰º‚ª8”Ô •ßèE˜ğàV‚Í9”Ô ƒVƒƒƒCƒi[‚Í7”Ôƒtƒ@[ƒXƒg –î–ì2”Ô ã–{3”ÔƒŒƒtƒg ¬‰€4”Ô –ìŠÔ5”Ô,https://news.yahoo.co.jp/articles/d0b17efde8d4d132c60b06b2d36f70fcfc49ec1c,No date found
jnn,TBS NEWS DIG Powered by JNN,HPVƒƒNƒ`ƒ“uƒLƒƒƒbƒ`ƒAƒbƒvÚív‚Í¡”N“x‚Ü‚Å@‘åŠw¶‚ğ‘ÎÛ‚Éü’mƒLƒƒƒ“ƒy[ƒ“,https://news.yahoo.co.jp/articles/0d946d7918a7aa5dc30c1ed8922ba71ecba75ab4,No date found
jnn,TBS NEWS DIG Powered by JNN,uƒ}ƒ“ƒzƒ‹ƒ‚ƒ“v`–ì—²Œõ‚³‚ñi35j€‹@‘Š•ûE¬“c‹Ë—Y–‚³‚ñu`–ì‚³‚ñ‚Ì•ª‚Ü‚Å‚¨Î‚¢‚ğŠæ’£‚év,https://news.yahoo.co.jp/articles/7304b7a93f3bede390cabf651f5d4f2b94c966d3,No date found
jnn,TBS NEWS DIG Powered by JNN,eŒ‚–ŒˆÈ~A‘–¯‚Éu’cŒ‹v‚ğŒÄ‚Ñ‚©‚¯‚éƒgƒ‰ƒ“ƒv@xÒ‚©‚ç‚Íu¡Œã‚à•ª’f‚Í‘±‚­v‚Æ‚Ìº‚à,https://news.yahoo.co.jp/articles/8bf3234fbbef099f7d2cc2fcb8ae0383007dba14,No date found
jnn,TBS NEWS DIG Powered by JNN,u’cŒ‹‚Ì–¼‚Ì‰º‚É‰‰àvƒgƒ‰ƒ“ƒv‘O‘å“—ÌA—\”õ‘I‚Å‘ˆ‚Á‚½ƒwƒCƒŠ[Œ³‘˜A‘åg‚Ì‰‰à‚ğŒ©ç‚èA“}‚Ì’cŒ‹‚ğƒAƒs[ƒ‹,https://news.yahoo.co.jp/articles/4bbff951482454f20ce2933332a20749ec3e2875,No date found
jnn,TBS NEWS DIG Powered by JNN,ƒTƒbƒJ[“ú–{‘ã•\E²–ì—e‹^Ò‘ß•ß@ˆÚĞæ‚ÌƒhƒCƒc1•”ƒ`[ƒ€u“ú–{‚Ì•ñ“¹‚É‹Á‚©‚³‚ê‚½v,https://news.yahoo.co.jp/articles/3413e9be3805f7d365f668fd4cdde97acc58a0de,No date found
jnn,TBS NEWS DIG Powered by JNN,y^…Œx•ñzH“cŒ§E“’‘òs‚É”­•\,https://news.yahoo.co.jp/articles/ad32cd79d3de1afb7335c388f0fc802e3303a6a8,No date found
jnn,TBS NEWS DIG Powered by JNN,y‘å‰JŒx•ñz ‰êŒ§E‘½‰ê’¬‚É”­•\,https://news.yahoo.co.jp/articles/c3d41a32a0da43770e79c28039f68e5c252ac614,No date found
jnn,TBS NEWS DIG Powered by JNN,ƒvƒ–ì‹…ƒI[ƒ‹ƒXƒ^[ƒvƒ‰ƒXƒƒ““Š•[”­•\!ƒZ‚Íƒhƒ‰1ƒ‹[ƒL[DeNAE“x‰ï—²‹P ƒp‚ÍŒğ—¬íMVP“ú–{ƒnƒ€E…’Ju‚ª‘Io,https://news.yahoo.co.jp/articles/b1414c101929f88c49e6de1534e5086cf30e7f48,No date found
jnn,TBS NEWS DIG Powered by JNN,_“ŞìŒ§“à‚ÅƒQƒŠƒ‰‹‰J‚ª”­¶@ŠÖ“Œ’n•û‚Å‘å‹C‚ª•sˆÀ’è‚Èó‘Ô,https://news.yahoo.co.jp/articles/53ae633b5ef678a374ca601751919d43d3985921,No date found
jnn,TBS NEWS DIG Powered by JNN,ƒO[ƒOƒ‹ƒ}ƒbƒv‚Égˆ«¿‚ÈƒNƒ`ƒRƒ~hˆãt‚ç63l‚ªƒO[ƒOƒ‹Ğ‚ğ’ñ‘i@‘æˆê‰ñŒû“ª•Ù˜_‚ÅƒT[ƒrƒX‚Ì‹@”\‰ü‘P‹‚ß‚é,https://news.yahoo.co.jp/articles/e634c1ce12c23f9ab5873ce1bd01f8538f2a809d,No date found
jnn,TBS NEWS DIG Powered by JNN,ˆïéŒ§‚ÅÅ‘åk“x1‚Ì’nk@ˆïéŒ§Eí—¤‘¾“cs,https://news.yahoo.co.jp/articles/cf622283c9905b1f6abede2a183c22264c189ac6,No date found
jnn,TBS NEWS DIG Powered by JNN,u­•{‚ğ‘ã•\‚µ‚ÄÓßv‹Œ—D¶•ÛŒì–@‘i×‚Å­•{uœËŠúŠÔvå’£æ‚è‰º‚°‚Ö@Šİ“c‘—‚ª•\–¾,https://news.yahoo.co.jp/articles/6e5bb8446a6d9cafb09ce2e0b76b9a664cdd1c5e,No date found
jnn,TBS NEWS DIG Powered by JNN,ŠØ‘ŒRu–k’©‘NAŒR–‹«ŠEü‚Ì‹ß‚­‚Å”–œŒÂ‚Ì’n—‹–„İv”š”­–ŒÌ‚à10‰ñˆÈã”­¶A”M’†Ç‚Ì•ºm‚àŠm”F,https://news.yahoo.co.jp/articles/ba6265c778b53e208421fd32e83ba4f99296304f,No date found
jnn,TBS NEWS DIG Powered by JNN,•Ÿ“‡Œ§‚ÅÅ‘åk“x2‚Ì’nk@•Ÿ“‡Œ§Ew}Šò‘º,https://news.yahoo.co.jp/articles/7634d32f14b5934315be6a6413003ea1a831ae1f,No date found
jnn,TBS NEWS DIG Powered by JNN,uƒ}ƒ“ƒzƒ‹ƒ‚ƒ“v`–ì—²Œõ‚³‚ñi35j€‹@Œğ’Ê–ŒÌ‚Ì‚½‚ß,https://news.yahoo.co.jp/articles/c140c513ed6266831c33fa13db8bc92ad42c60b3,No date found
jnn,TBS NEWS DIG Powered by JNN,ƒ}ƒXƒNuƒXƒy[ƒXXvuXv–{Ğ‚ğƒJƒŠƒtƒHƒ‹ƒjƒAB‚©‚çƒeƒLƒTƒXB‚ÉˆÚ“]‚·‚éˆÓŒü‚ğ•\–¾,https://news.yahoo.co.jp/articles/43c3698b076d73f705978de99fb8a9ff4830b857,No date found
jnn,TBS NEWS DIG Powered by JNN,y‘å‰JŒx•ñzH“cŒ§E“’‘òs‚É”­•\,https://news.yahoo.co.jp/articles/8a68ddba8ef1d03de6e53abaf4af668526510029,No date found
jnn,TBS NEWS DIG Powered by JNN,y‘å‰JŒx•ñz‹“s•{E•Ÿ’mRs‚É”­•\,https://news.yahoo.co.jp/articles/682adac1972de64607957ab3679ef905a321ddf9,No date found
jnn,TBS NEWS DIG Powered by JNN,Î•Ÿ’à’ß•r‚³‚ñ@“·’…p‚ÅuƒXƒgƒŠ[ƒgƒtƒ@ƒCƒ^[vƒLƒƒƒ‰‚ÆÎŠç@u‰´‚æ‚èA‚¨“¾‚Èƒlƒ^‚É‰ï‚¢‚És‚­Bv@ƒXƒVƒ[EƒRƒ‰ƒ{ƒCƒ‰ƒXƒg‚É”½‹¿,https://news.yahoo.co.jp/articles/834f3a1fdd958c84bc6966f814e8f0abe49c7bd2,No date found
jnn,TBS NEWS DIG Powered by JNN,§ŒÀ‚ğ’´‚¦‚é‰×•¨‚ğÏ‚ñ‚¾u‰ßÏÚÔ—¼v‚ğæ‚è’÷‚Ü‚è@ƒ_ƒ“ƒv‚È‚Ç5‘ä‚ğ“E”­@ˆïéŒ§Œx,https://news.yahoo.co.jp/articles/8cb9d367d91ee98d9f5c0ddc0a6a5c41c93c379c,No date found
jnn,TBS NEWS DIG Powered by JNN,ƒ^ƒC‚Ì‚‹‰ƒzƒeƒ‹‚ÅŠO‘l6l€–SA“ÅE‚©@ƒeƒB[ƒJƒbƒv‚©‚ç–Ò“ÅuƒVƒAƒ“‰»•¨vŒŸo@“Š‘‚ß‚®‚è‹à‘Kƒgƒ‰ƒuƒ‹‚©,https://news.yahoo.co.jp/articles/bdf7b70c0d6f62facb0e0d846aa2a55eb783487c,No date found
jnn,TBS NEWS DIG Powered by JNN,ƒAƒp[ƒg‚É‰Ÿ‚µ“ü‚è—«‚É«“I–\s‚µ‚Ä‹­“‚©@’ji36j‘ß•ß@–Ê¯‚ ‚é—«‚ğ‹Ù”›‚µc“Œ‹E¬•½s@Œx‹’¡,https://news.yahoo.co.jp/articles/b95c1d9208c066f99bbd326323e986d99b5895b0,No date found
jnn,TBS NEWS DIG Powered by JNN,yÎŠÛŠ²“ñz@60‘ã‚É‹ß‚Ã‚«@uƒ`ƒƒƒbƒvƒŠƒ“‚³‚ñ‚ªŒ¾‚¢‚½‚¢‚±‚Æ‚ğ‚æ‚è—‰ğ‚Å‚«‚év@ ‰¹ŠyŒ€ wƒ‰ƒCƒ€ƒ‰ƒCƒgx,https://news.yahoo.co.jp/articles/d4ec65d07431d7683a04e43e34ccb5a56954fe38,No date found
jnn,TBS NEWS DIG Powered by JNN,ƒXƒYƒL@’E’Y‘f‰»‚ğŒ©˜‚¦Œy—Ê‰»‚ğ„iuƒAƒ‹ƒgv‚Í100ƒLƒ‚ÌŒy—Ê‰»‚à,https://news.yahoo.co.jp/articles/1ff204c205dbdd2fdf5524b603b1c8ceef70c8b8,No date found
jnn,TBS NEWS DIG Powered by JNN,˜a‰ÌRŒ§‚ÅÅ‘åk“x1‚Ì’nk@˜a‰ÌRŒ§E—L“cs,https://news.yahoo.co.jp/articles/800976ae8a31a98eb8a00e38ed420547f23b197a,No date found
jnn,TBS NEWS DIG Powered by JNN,“¯‹‚·‚éŒğÛ‘Šè‚Ìq‚Ç‚à‚ğ–\s‚©@‰îŒìEˆõ‚Ì’ji47j‘ß•ß@ˆïéE“ß‰Ïs,https://news.yahoo.co.jp/articles/db2a5ca8c6f507ee23560f5e0e3da918066d3ec7,No date found
jnn,TBS NEWS DIG Powered by JNN,yˆ¢²ƒ–’Jo–…z@“n•Ó]—¢q‚³‚ñ@52Î‚Ì’a¶“ú‚É@uwd–ƒfƒL‚¨‚Î‚³‚ñx‚É1mm‚Å‚à‹ß‚Ã‚¯‚é‚æ‚¤v,https://news.yahoo.co.jp/articles/28aa7c6fdb1c3c8076350d16e0ddabeed6673771,No date found
jnn,TBS NEWS DIG Powered by JNN,u’ÊMw—ßv‚Æu–³ü’Ê˜bv‹Zp‹£‚¤‘å‰ïŠJÃ@Œx‹’¡,https://news.yahoo.co.jp/articles/4d7433ab1ea0f5cfb7f303e945f1b22753677fd7,No date found
jnn,TBS NEWS DIG Powered by JNN,yˆÉŒ´˜Z‰ÔzˆÓŠO‚É–¯“IuÜ–¡ŠúŒÀ‚É‚àƒ‰ƒbƒL[v,https://news.yahoo.co.jp/articles/b226b780df8fd1b0ee34356890f9fbeeddd6f80a,No date found
jnn,TBS NEWS DIG Powered by JNN,60‘ã’jAs–ğŠ‚Ån•¨‚ğU‚è‰ñ‚·@“”–û‚Ì‚æ‚¤‚È‰t‘Ì‚©‚Ô‚è©‚ç‰Î‚ğ‚Â‚¯‘Sg‚É‚â‚¯‚Ç@”[ÅŠz‚ğ‚ß‚®‚ès‚Æƒgƒ‰ƒuƒ‹,https://news.yahoo.co.jp/articles/b490bdc6e3cb8afa104a0f6b907bdf5ccdd25313,No date found
jnn,TBS NEWS DIG Powered by JNN,•ìƒ_ƒ€‚ÉŒyæ—pÔ‚ª“]—@‰^“]‚µ‚Ä‚¢‚½—qŠw¶‚ª€–S@‹~•‚ÉŒü‚©‚Á‚½’j«‚ªs•û•s–¾@’·–ìE–Ø‘]’¬,https://news.yahoo.co.jp/articles/46d4224c4fe00db96643231bd0a394675607bd43,No date found
jnn,TBS NEWS DIG Powered by JNN,ˆïéŒ§‚ÅÅ‘åk“x1‚Ì’nk@ˆïéŒ§EŠ}ŠÔs,https://news.yahoo.co.jp/articles/c290464c11582b20863614c70ab133b08cba1ec9,No date found
jnn,TBS NEWS DIG Powered by JNN,ƒRƒƒ`ƒL¼–ì‚³‚ñ@—«500l‚ª‘I‚Ô‰‰‡‚Å‚«‚È‚¢Œ|l1ˆÊ@ué‹Ê‘å‰ï‚Éoê‚µ‚Ü‚·!v,https://news.yahoo.co.jp/articles/8561de547e7ea905118bd31c8ac4055d054a85a9,No date found
jnn,TBS NEWS DIG Powered by JNN,¡‰i¸‘¾ 1‰ñŠ®‘S‚à‘å’J‚ÌHR‚Éu‚¿‚å‚Á‚ÆƒWƒFƒ‰ƒV[v•êe‚É‚Íuƒ‰ƒbƒ`ƒ}ƒ“‘Iè‚ÍƒXƒCƒ“ƒO‚µ‚Ä‚È‚¢‚ñ‚¶‚á‚È‚¢v‚ÆŒµ‚µ‚¢•]‰¿‚ğ—\‘z,https://news.yahoo.co.jp/articles/63cf4770b2ff76f647c9d5fbc41a6f8d37eb8fba,No date found
jnn,TBS NEWS DIG Powered by JNN,‘Ê‰Ùq‰®‚ÉƒJƒtƒF‚ÉŒä—p•·‚«@d‚¢’m“IáŠQ‚ª‚ ‚él‚ª’Ê‚¢A“­‚­¶Šˆ‰îŒì–‹ÆŠuITSUMOv,https://news.yahoo.co.jp/articles/0401c73f0308b3bec3fef9b127f4ec1c6194a7c3,No date found
jnn,TBS NEWS DIG Powered by JNN,u–¾‚ç‚©‚És‚«‰ß‚¬‚½‰~ˆÀv“ú–{–fˆÕ‰ïEˆÀ‰i‰ï’·‚ª‰ß“x‚È‰~ˆÀ‚É,https://news.yahoo.co.jp/articles/a97b87d6ae9c8d3f2d7c37d1eab2431f080c7826,No date found
jnn,TBS NEWS DIG Powered by JNN,ƒXƒKƒVƒJƒI‚³‚ñ@u“ï’®‚Ì¡—Ã‚Í‘S•”I‚í‚Á‚½‚Ì‚ÅA­‚µ¨‚ğ‹x‚Ü‚¹‚éƒŠƒtƒŒƒbƒVƒ…‹x‰Év@ó‹µ–¾‚©‚·,https://news.yahoo.co.jp/articles/e03634bceb349eb2bf94a02694a6151542415396,No date found
jnn,TBS NEWS DIG Powered by JNN,y’†“‡Œ’lzhV‚½‚ÈƒXƒ^[ƒgh‚ğŒ}‚¦@–Ú•W‚Íu‘“àŠO‚Åƒ‰ƒCƒuƒpƒtƒH[ƒ}ƒ“ƒXv,https://news.yahoo.co.jp/articles/85fdcb0a161eaa7ee8b47bcb89e266b108694cda,No date found
jnn,TBS NEWS DIG Powered by JNN,‘å’JãÄ•½A‡‘O‚ÌƒŒƒbƒhƒJ[ƒyƒbƒg‚ÉÈE^”üq‚³‚ñ‚ÆQ‰Á@ƒtƒ@ƒ“u´‘^‚ÅŒõ‚Á‚Ä‚Ü‚µ‚½‚æv@MLBƒI[ƒ‹ƒXƒ^[ƒQ[ƒ€,https://news.yahoo.co.jp/articles/049b279ed53d94367d7f8510b901a7a4b24282c2,No date found
jnn,TBS NEWS DIG Powered by JNN,‘å’JãÄ•½AMLBƒI[ƒ‹ƒXƒ^[ƒQ[ƒ€‚Å‚Í©g‰‚ÌHR@ƒtƒ@ƒ“uƒ‚ƒ_ƒ“ƒx[ƒuEƒ‹[ƒX‚¾‚æv,https://news.yahoo.co.jp/articles/fd908f60c0f06a4b46241bdf36e1b9ef109bb9e9,No date found
jnn,TBS NEWS DIG Powered by JNN,‰Ä‹x‚İ‘O‚ÉcL‚ª‚éŠ´õÇ@è‘«Œû•a‚ª‚±‚ÌŠú‚Æ‚µ‚Ä‰ß‹10”N‚ÅÅ‘½@VŒ^ƒRƒƒiŠ³Ò‚à9T˜A‘±‘‰Áynews23z,https://news.yahoo.co.jp/articles/5cf11a6f2568716c33760fb82fad82f034e77a9d,No date found
jnn,TBS NEWS DIG Powered by JNN,‘å’JãÄ•½u©•ª‚É‚Æ‚Á‚Ä‚Í“Á•Ê‚ÈuŠÔvƒI[ƒ‹ƒXƒ^[‚Å“ú–{l‘Iè‰ò‰z‚¦Aˆ¤Œ¢ƒfƒRƒsƒ“‚Ì•sQ‰Á‚ÍuƒgƒCƒŒ‚Å‚à‚µ‚½‚ç‚¿‚å‚Á‚Æ¢‚év,https://news.yahoo.co.jp/articles/58bf6428f2e173ec1aa1ff68982a2fd1a0c1e707,No date found
jnn,TBS NEWS DIG Powered by JNN,yƒnƒ“ƒo[ƒOt EˆäŒË“cz‘æ1q’j™’a¶‚ÉƒRƒƒ“ƒgu‰œ‚³‚ñƒo[ƒO‚É‚Æ‚É‚©‚­Š´Ó‚¾[v,https://news.yahoo.co.jp/articles/76d015c15cd7d226c74d4d7be794f0b5019f5bd7,No date found
jnn,TBS NEWS DIG Powered by JNN,•ºŒÉEÖ“¡’m–‚Ìƒpƒƒnƒ‰‹^˜f”­uƒR[ƒq[ƒ[ƒJ[ó‚¯æ‚èvw“E‚ÌŠ²•”EˆõAˆÏˆõ‰ï‚ÉoÈ‚àÚ×à–¾”ğ‚¯‚é,https://news.yahoo.co.jp/articles/b66c17008d3b81881462f19d2ba351cd79047887,No date found
jnn,TBS NEWS DIG Powered by JNN,‹“sE‹_‰€Õ‚ÌƒNƒ‰ƒCƒ}ƒbƒNƒXuR–g„svÅ‘å‚ÌŒ©‚¹êu’Ò‰ñ‚µv‚È‚Ç”â˜I‚³‚ê‚é,https://news.yahoo.co.jp/articles/0740f98d96433117f914e1c4b5fd88b6c99d96eb,No date found
jnn,TBS NEWS DIG Powered by JNN,u‹ãB“ì•”‚ª”~‰J–¾‚¯@‘¼‚Ì’nˆæ‚Ì”~‰J–¾‚¯‚ÍHvT––ˆÈ~‚Í10”N‚É1“xƒŒƒxƒ‹‚Ì’˜‚µ‚¢‚‰·,https://news.yahoo.co.jp/articles/3fdee6d4c981bb326b6b3772a26e31b71ea16ff9,No date found
jnn,TBS NEWS DIG Powered by JNN,ƒgƒ‰ƒ“ƒvgeŒ‚’jh‘O“ú‚ÉËŒ‚—ûK@’¼‘O‚É’e–òE‚Í‚µ‚²‚ğw“ü‚µ€”õ‚©@•›‘å“—ÌŒó•âƒoƒ“ƒXA‰ß‹‚Éuƒgƒ‰ƒ“ƒv‚ÍŒ™‚¢v‚Æ”á”»‚àcynews23z,https://news.yahoo.co.jp/articles/c53a606889b6da429a7cc80992d8413eefa2a531,No date found
jnn,TBS NEWS DIG Powered by JNN,²–ìœ‹I‚³‚ñ@uq‹Ÿ’B‚Ì‘O‚Å@‚Ò‚Á‚©‚è“Š–@‚ğ”â˜I‚·‚évu¶“Š‚°‚Å‚Ò‚Á‚©‚è“Š–@‚Í@‘å‚«‚È–Ú•Wv@¡”N5Œ‚É‰E˜rØ’fèp,https://news.yahoo.co.jp/articles/3f09eb17a44fe500b440c9ae6aff1b2fa19970df,No date found
jnn,TBS NEWS DIG Powered by JNN,y—é–ØÑ—“Ş‚³‚ñz@u‚Ç‚ñ‚Ç‚ñ‰E–Ú‚ª‚‚ê‰º‚ª‚Á‚Äv@ŠááÙ‰º‚‚ğŒö•\,https://news.yahoo.co.jp/articles/5a2ceb2f101630695712d40305f4185a18b15b1c,No date found
jnn,TBS NEWS DIG Powered by JNN,“Á’è”é–§˜R‚¦‚¢A‰ü‘PŠ©—v¿‚É–ØŒ´–h‰q‘åbuM—Š‰ñ•œ‚É“w‚ß‚év,https://news.yahoo.co.jp/articles/25184d59a9ee82a0fefa69bc926c475138d31ccc,No date found
jnn,TBS NEWS DIG Powered by JNN,g18‹ÖŒƒhƒ`ƒbƒvƒXh‚Å‚Z¶14l‚ªW’c”À‘—@‚¿‚ñ‚¾’jq¶“kuŒZ‚ª”ƒ‚Á‚½‚à‚Ì‚ğ‚Á‚Ä‚«‚½vŒx‹’¡,https://news.yahoo.co.jp/articles/903f8b3f175e462aebdc61b6fa4462e8be612ccf,No date found
jnn,TBS NEWS DIG Powered by JNN,•êei37j‰^“]‚ÌÔ‚É‚Ğ‚©‚ê2Î—™€–S@Z‘î‚Ì’“Ôê‚Å@•Ÿ“‡E‘å‹Ê‘º,https://news.yahoo.co.jp/articles/8de23a650bb562060b911932ce548b44ab76a8e9,No date found
jnn,TBS NEWS DIG Powered by JNN,yˆäŒË“cE–I’JåŠCz‘æ1q’j™‚ª’a¶uƒnƒ“ƒo[ƒOƒxƒr[v@—\’è“ú‚æ‚è20“ú‘O‚àu•êq‹¤‚ÉŒ’Nv,https://news.yahoo.co.jp/articles/9269475e27cf8cdfd812fafdf4809c3e5577d35e,No date found
jnn,TBS NEWS DIG Powered by JNN,ˆÉ“¡ŠÂ‹«‘åbu‰ü‚ß‚Ä[‚­‚¨‚í‚Ñv”­Œ¾“r’†‚Åƒ}ƒCƒNØ‚Á‚½–â‘è‚ß‚®‚è@VŠƒ…–“•a‚Ì”íŠQÒ’c‘Ì‚Æ§’k‚Å,https://news.yahoo.co.jp/articles/b494471fd5ef371e2bf315993c9af5e1c04b26e0,No date found
jnn,TBS NEWS DIG Powered by JNN,“¡ˆä‘‘¾µŠ¥vs“n•Ó–¾‹ã’i@‰¤ˆÊí7”ÔŸ•‰A‘æ2‹Çn‚Ü‚é@Ÿ”s‚Í18“ú–é‚ÉŒˆ‚Ü‚éŒ©’Ê‚µ,https://news.yahoo.co.jp/articles/9e1cbd4dd2ecb31d93ba13b74a4c1c11ec20c585,No date found
jnn,TBS NEWS DIG Powered by JNN,y^…Œx•ñz‰«“êŒ§E‰«“êsA‚¤‚é‚Üs‚É”­•\,https://news.yahoo.co.jp/articles/11af5cf69e69b11e340060a1291a335e29750081,No date found
jnn,TBS NEWS DIG Powered by JNN,Šİ“c‘—A“‡ƒTƒ~ƒbƒg‚ÅŠe‘ñ”]‚Æ‘ŠŸ‚¬‰ï’k@ˆ—…‚ÌŠC—m•úo‚Åu¡Œã‚àˆÀS‚ğ‚‚ß‚Ä‚¢‚­v,https://news.yahoo.co.jp/articles/97fd03a083809c48fc1ed96122144530fafee589,No date found
jnn,TBS NEWS DIG Powered by JNN,‹‚ß‚µ•À·400‰~¨460‰~‚Éc¼‰®‚Åu[–é—¿‹àv“±“ü@–Ú“I‚ÍlŒ”ï‚Ì‰¿Ši“]‰Å@’Àã‚°‘±‚­ŠØ‘‚Å‚Í‚»‚Ìg•›ì—ph‚àynews23z,https://news.yahoo.co.jp/articles/1f8132322eb58c52ca1e62637508efd815cbd30e,No date found
jnn,TBS NEWS DIG Powered by JNN,‘å’JãÄ•½ “ú–{l‘Iè‰‚Ìò‰z‚¦ƒz[ƒ€ƒ‰ƒ“A¡‰i1‰ñƒp[ƒtƒFƒNƒg‚àƒiEƒŠ[ƒO”síAMVP‚ÍRƒ\ƒbƒNƒXEƒfƒ…ƒ‰ƒ“,https://news.yahoo.co.jp/articles/d084fb0bf65c830d09ccb57b58252a15acd918c9,No date found
jnn,TBS NEWS DIG Powered by JNN,ƒgƒ‰ƒ“ƒvˆÃE–¢‹–Œ‘O‚ÉgƒCƒ‰ƒ“‚ªˆÃEŠé‚Äh‚Æ‚Ìî•ñ@Œx”õ‹­‰»‚µ‚Ä‚¢‚½,https://news.yahoo.co.jp/articles/20adf73eff3dcda54245d6e4c0ace83f2a7cb836,No date found
jnn,TBS NEWS DIG Powered by JNN,ƒgƒ‰ƒ“ƒvA—\”õ‘I‚Ìƒ‰ƒCƒoƒ‹EƒwƒCƒŠ[‚Æ’cŒ‹ƒAƒs[ƒ‹@•Ä‘å“—Ì‘IE‹¤˜a“}‘å‰ï2“ú–Ú,https://news.yahoo.co.jp/articles/8f30e527d8ff0fd9864abc1a207cf6bb2fa844bf,No date found
jnn,TBS NEWS DIG Powered by JNN,ƒTƒbƒJ[“ú–{‘ã•\E²–ìŠCM—e‹^Òi23j‚ğ‘ß•ß@30‘ã—«‚Ö‚Ì«“I–\s‚Ì‹^‚¢@­“‡ƒtƒ@ƒ“uƒXƒeƒbƒvƒAƒbƒv‚µ‚Ä‚¢‚­‘Iè‚¾‚Æcv,https://news.yahoo.co.jp/articles/39b75e5f9c389cdb7db189220fd8b0982aa67d42,No date found
jnn,TBS NEWS DIG Powered by JNN,“Á’è”é–§˜R‚¦‚¢‚ÅŠ©‚Ö@î•ñ•Û‘S‰ü‘P‚ğO‰@Eî•ñŠÄ‹R¸‰ï‚ª‹c’·’Ê‚¶–h‰q‘åb‚É,https://news.yahoo.co.jp/articles/5e8ae9057f6107cb5bf7dd988d53bc173f050f43,No date found
jnn,TBS NEWS DIG Powered by JNN,ƒtƒBƒŠƒsƒ“‚Å“ú–{l4lS‘©“ú–{‚©‚ç‘ß•ßóƒJƒ“ƒ{ƒWƒA‹’“_‚Ì¼‹\ƒOƒ‹[ƒv‚©,https://news.yahoo.co.jp/articles/a070163c7f5999a90e94eac8e2cd7779b8243241,No date found
jnn,TBS NEWS DIG Powered by JNN,y‘¬•ñz‹ãB“ì•”‚ª”~‰J–¾‚¯@•½”N‚æ‚è2“ú’x‚­A‹”N‚æ‚è8“ú‘‚¢,https://news.yahoo.co.jp/articles/e9e4a502dc5ef55c4430208578c535e0cc0a2349,No date found
jnn,TBS NEWS DIG Powered by JNN,y‘¬•ñz‘å–ƒ‘–ñ2000–{A5‰­‰~‘Š“–‚ğÍ”|‚©‘“àÅ‘å‹K–Í‚Ìu‘å–ƒÍ”|Hêv“E”­–§”„G‚Ìƒxƒgƒiƒ€l6l‘ß•ßé‹ÊŒ§Œx,https://news.yahoo.co.jp/articles/cba9b69b55fea593ce512ee14ecc6e8033be8e59,No date found
jnn,TBS NEWS DIG Powered by JNN,¡‰i¸‘¾ ‰ƒI[ƒ‹ƒXƒ^[‚Å1ƒCƒjƒ“ƒO15‹…‚Åƒp[ƒtƒFƒNƒgAƒIƒŠƒI[ƒ‹ƒY‚Ìƒ‰ƒbƒ`ƒ}ƒ“‚©‚ç’DOU,https://news.yahoo.co.jp/articles/f0f214bbc3fd1edb29be27c402b0079a2db9272d,No date found
jnn,TBS NEWS DIG Powered by JNN,NYƒ_ƒE•½‹ÏŠ”‰¿@2“ú˜A‘±‚ÅjãÅ‚’lXV@‘O“ú”ä742.76ƒhƒ‹‚Ì‘å•’lã‚ª‚è,https://news.yahoo.co.jp/articles/df66ca2bc38db7c6e74ecf25368e1ec81f0a3922,No date found
jnn,TBS NEWS DIG Powered by JNN,uƒ^ƒoƒXƒR‚Ì200”{‚Ìh‚³‚Ì“‚hqg—pvgŒƒhƒ`ƒbƒvƒXh‚Å‚Z¶14l”À‘—@ˆãtuH“¹‚âˆİA’°‚Ì”S–Œ‚©‚çoŒŒ‚«‚½‚·‚±‚Æ‚àvynews23z,https://news.yahoo.co.jp/articles/22051c00d117994d1da8c8e8a4f99d0cd6e5b119,No date found
jnn,TBS NEWS DIG Powered by JNN,y‘å‰JŒx•ñzVŠƒŒ§E–­‚sAã‰zs‚É”­•\,https://news.yahoo.co.jp/articles/20b6e602cf601fc1b17b55de11337e1a20e085b6,No date found
jnn,TBS NEWS DIG Powered by JNN,n•¨‚ğ‚Á‚Ä‹ß‚Ã‚¢‚Ä‚«‚½ƒz[ƒ€ƒŒƒX‚ğŒx@Š¯‚ªËE@Œµ‰ú‘Ô¨‚Ì‹¤˜a“}‘å‰ï@‰ïê‹ß‚­‚Å,https://news.yahoo.co.jp/articles/bbb35c7c5ba4a4e620f1da5915ef2ac8053da384,No date found
jnn,TBS NEWS DIG Powered by JNN,ƒƒVƒAŠO‘Š‚ª‹c’·‚Ì‘˜AˆÀ•Û—‚Å•Äƒ‚ª”ñ“ï‰V,https://news.yahoo.co.jp/articles/c9eb097a932e192a50975c6bcd653a5b67bc6d72,No date found
jnn,TBS NEWS DIG Powered by JNN,‰õ‹“I‘å’JãÄ•½ “ú–{ljã‰‚ÌƒI[ƒ‹ƒXƒ^[ƒQ[ƒ€‚ÅƒtƒFƒ“ƒXƒI[ƒo[‚Ì1†A‚Ü‚½ƒƒWƒƒ[‚Ì—ğj‚É–¼‚ğ‚Ş,https://news.yahoo.co.jp/articles/4125c8372dbb6eaf54317b450348e4403910ee38,No date found
jnn,TBS NEWS DIG Powered by JNN,ƒgƒ‰ƒ“ƒvˆÃE–¢‹–Œ@—e‹^Ò‚Ì’ju‚â‚é‚±‚Æ‚ª‚ ‚év–Œ“–“ú‚Ì‹x‰É‚ğŠè‚¢o‚Ä‚¢‚½,https://news.yahoo.co.jp/articles/988ea18de3e3c1604dfb3193d73c25ae348de540,No date found
jnn,TBS NEWS DIG Powered by JNN,‘å’JãÄ•½ 4”N˜A‘±4“x–Ú‚ÌƒI[ƒ‹ƒXƒ^[‘æ1‘ÅÈ‚Íl‹…‚Åo—ÛA3”N˜A‘±3ŒÂ–Ú‚Ìl‹…,https://news.yahoo.co.jp/articles/46dc3dafa0dce52a42a4f32692143c36f32a39dc,No date found
jnn,TBS NEWS DIG Powered by JNN,y‘¬•ñz‹Œ—D¶•ÛŒì–@‘i×‚Å­•{uœËŠúŠÔvå’£æ‚è‰º‚°’²®@Šİ“c‘—‚ª•\–¾‚Ö,https://news.yahoo.co.jp/articles/ba883444cfafc05e4290f44d7b1648aea8a18d18,No date found
jnn,TBS NEWS DIG Powered by JNN,•Ä‹¤˜a“}‘å‰ï@gƒ‰ƒCƒoƒ‹hƒwƒCƒŠ[Œ³‘˜A‘åg‚ª“}‚Ì’cŒ‹‘i‚¦‚Ö@ƒgƒ‰ƒ“ƒv‘O‘å“—Ì‚à‰ïê‚Ö,https://news.yahoo.co.jp/articles/70729e36d8b5ddc6b066e9e1a14567bcb7595f56,No date found
jnn,TBS NEWS DIG Powered by JNN,y‘å‰JŒx•ñz ‰êŒ§E‘½‰ê’¬‚É”­•\,https://news.yahoo.co.jp/articles/879aa7c8114f07fc55af00f8dbf4c811f65b969c,No date found
jnn,TBS NEWS DIG Powered by JNN,y‘¬•ñzƒTƒbƒJ[“ú–{‘ã•\²–ìŠCM—e‹^Òi23j•s“¯ˆÓ«Œğ‚Ì‹^‚¢‚Å‘ß•ß@“Œ‹E•¶‹‹æ‚Ìƒzƒeƒ‹‚Å30‘ã—«‚É«“I–\s‚©,https://news.yahoo.co.jp/articles/7d0cdf1a6d000f21c554fb6fda41796da5d8cc38,No date found
jnn,TBS NEWS DIG Powered by JNN,"u’É‚¢E•|‚¢E’Ê‚¢‚½‚­‚È‚¢v‘ã‚ÌIàcd“x‚Ì•ü•a‚Å‚àg”²‚©‚È‚¢EØ‚ç‚È‚¢hV‹Zp‚Ég1“ú‚ÅI‚í‚é–³’É’•¡—Ãh‚Ü‚Å•‰È¡—Ã‚ÌVí¯yTHE TIME,z",https://news.yahoo.co.jp/articles/97473e3977e711014597f3733e849d4bc6f320bf,No date found
jnn,TBS NEWS DIG Powered by JNN,uƒCƒ‰ƒ“‚ªƒgƒ‰ƒ“ƒvˆÃE‚ğŒv‰æv‚Æ‚Ìî•ñ‚ÅŒxŒì‘Ô¨‹­‰»‚µ‚Ä‚¢‚½,https://news.yahoo.co.jp/articles/bed7fa2772fb8eda9429c2380bd261c3ebdd0e44,No date found
jnn,TBS NEWS DIG Powered by JNN,y‘å‰JŒx•ñz ‰êŒ§E•FªsA•ÄŒ´s‚É”­•\,https://news.yahoo.co.jp/articles/88a168179237a088d19f87d35c548e2a17e81b64,No date found
jnn,TBS NEWS DIG Powered by JNN,"ƒtƒ‰ƒ“ƒX­¡•sˆÀ‚Å""‰¢BŠë‹@""Ä‚Ñ?“ú–{¨‚Ì""25’›‰~""‚Ç‚¤‚È‚é?ƒgƒ‰ƒ“ƒv‚ÌÄ‘I‚ÅX‚È‚é‰e‹¿‚à",https://news.yahoo.co.jp/articles/332dc5b40fdc4dbca83c8ab1a660430ede60c372,No date found
jnn,TBS NEWS DIG Powered by JNN,ƒhƒ‹‰~—‚‰ºEŠ”‚‘±‚­@¡‰Ä‚Ì“ú•Ä‹à—Z­ô‚Í‚Ç‚¤‚È‚é?yBizƒXƒNƒGƒAz,https://news.yahoo.co.jp/articles/9efa91c710f5b6897b2390ef8df4e6e73bd512ff,No date found
jnn,TBS NEWS DIG Powered by JNN,2“ú˜A‘±‚Ìˆ×‘Ö‰î“ü‚Å‡Œv5’›‰~‹K–Í‚ğ“Š“ü‚©@­•{E“ú‹â,https://news.yahoo.co.jp/articles/16c91a211700be04e2cb3fe5063f5e46e1f3d3cd,No date found
jnn,TBS NEWS DIG Powered by JNN,‘Oü–kã‚Å‰J‚Ì’†S‚Í“Œ“ú–{‚â“Œ–k‚Ö@Œƒ‚µ‚¢—‹‰J‚ÌŠ‚à@“y»ĞŠQ‚È‚Ç‚ÉŒx‰ú@°‚ê‚éŠ‚Í‹‚³Œµ‚µ‚­,https://news.yahoo.co.jp/articles/5180fe7fe910295f1d9cd99c9d224cc4617ba808,No date found
jnn,TBS NEWS DIG Powered by JNN,•½¬–Œj@íŒãÅ‘å‚Ì‘‰ï‰®–Œi13j[u‰‚ß‚Ä‚ÌŠ”å‘‰ï‚È‚Ì‚ÅA‚æ‚ë‚µ‚­‚¨Šè‚¢‚µ‚Ü‚·v¼Vh‚ÌgƒQƒXƒgƒnƒEƒXh‚Å‰½‚ª,https://news.yahoo.co.jp/articles/00005acb8782648ec8115e1c72d8e3c90a85450d,No date found
jnn,TBS NEWS DIG Powered by JNN,ƒtƒ‰ƒ“ƒXgÅ”N­hƒAƒ^ƒ‹“àŠt‚ª‘«E@ŸŠúñ‘Š‚ªŒˆ‚Ü‚é‚Ü‚Åb’è“I‚ÉE–±‘±s,https://news.yahoo.co.jp/articles/ddb7a0e19abe884ad7fea61b3421e0212054a017,No date found
jnn,TBS NEWS DIG Powered by JNN,ƒX[ƒ_ƒ““àí‚Å1000–œl”ğ“ï@”¼”‚Íq‚Ç‚à,https://news.yahoo.co.jp/articles/f457ef3bef0ac9c4d74b62c47d56fccc5312a2ba,No date found
jnn,TBS NEWS DIG Powered by JNN,‘å’JãÄ•½ u©•ª‚Ìˆ¤Œ¢‚ÌF‚Åv’ƒF‚ÌƒX[ƒc‚Å— ’n‚É‚Íˆ¤Œ¢‚ÌƒfƒRƒsƒ“‚ÌƒCƒ‰ƒXƒgIƒŒƒbƒhƒJ[ƒyƒbƒg‚Å^”üq•vl‚ğƒGƒXƒR[ƒg,https://news.yahoo.co.jp/articles/afd42cd19ba701cf68a3ef179ef031a82431952b,No date found
jnn,TBS NEWS DIG Powered by JNN,ƒCƒXƒ‰ƒGƒ‹ŒRAƒKƒU’†•”‚ÌŠwZ‚ğ‹ó”š23l€–S,https://news.yahoo.co.jp/articles/c92546db7181224b293a4bdfa0d986d1281f69a4,No date found
jnn,TBS NEWS DIG Powered by JNN,ƒ^ƒCEƒoƒ“ƒRƒN‚Ì‚‹‰ƒzƒeƒ‹‚Å’j—6l€–S@“ÅE‚Ì‰Â”\«‚à,https://news.yahoo.co.jp/articles/cc63eed1c9c74e6e1139aa2ee0146c6ac2ebcbff,No date found
jnn,TBS NEWS DIG Powered by JNN,y^…Œx•ñzç—tŒ§E’¶qs‚É”­•\,https://news.yahoo.co.jp/articles/53c335b6c3abb56079664b6e53ffde5b1127bb2a,No date found
jnn,TBS NEWS DIG Powered by JNN,u‰Î‚¾‚é‚Ü‚É‚È‚Á‚½vEˆõ‚ªØŒ¾@ˆ¤’mE‚•ls–ğŠ‚ÉŒ»‚ê‚½’j@g‚È‚½h‚Ì‚æ‚¤‚Èn•¨‚¿“”–û‚Ü‚¢‚½‚©,https://news.yahoo.co.jp/articles/252acfeb562b5b960cce51185c65dac480a7f430,No date found
jnn,TBS NEWS DIG Powered by JNN,ƒ^ƒCEƒoƒ“ƒRƒN‚Ì‚‹‰ƒzƒeƒ‹‚Å6l€–S@“Å•¨‚ğÛæ‚Æ‚Ìî•ñ‚à,https://news.yahoo.co.jp/articles/64bd79baa554132c05779018ce913e68870e0964,No date found
jnn,TBS NEWS DIG Powered by JNN,y‘å‰JŒx•ñzç—tŒ§E’¶qs‚É”­•\,https://news.yahoo.co.jp/articles/1a07db7ec8647c4706d69ebaff724d042ee01864,No date found
jnn,TBS NEWS DIG Powered by JNN,ƒ‰ğœ„y“y»ĞŠQŒx‰úî•ñzŠò•ŒŒ§E‘½¡Œ©s,https://news.yahoo.co.jp/articles/d189aeb7bc82ec208666f664ce5c661e3fb7ac05,No date found
jnn,TBS NEWS DIG Powered by JNN,ˆïéŒ§‚ÅÅ‘åk“x1‚Ì’nk@ˆïéŒ§E÷ìs,https://news.yahoo.co.jp/articles/5ff04ff5013bf19b2a65d50b374e9573f4d9d1cd,No date found
jnn,TBS NEWS DIG Powered by JNN,Šİ“c‘—A“‡ƒTƒ~ƒbƒg‚ÅŠe‘ñ”]‚Æ‘ŠŸ‚¬‰ï’k@ˆ—…‚ÌŠC—m•úo‚Åu¡Œã‚àˆÀS‚ğ‚‚ß‚Ä‚¢‚­v,https://news.yahoo.co.jp/articles/25ef0bcc1425f81ba939b5539ceb72dfd8731735,No date found
jnn,TBS NEWS DIG Powered by JNN,—â‚â‚µ’†‰Ø‚Éƒ}ƒˆƒl[ƒYA‚ ‚è”h?‚È‚µ”h?“ŒŠC’n‹æ‚Å‚Í6Š„ˆÈã‚ªg‚©‚¯‚éh——RyNƒXƒ^‰ğàz,https://news.yahoo.co.jp/articles/8919b898f19c904a269169589dc4c31549b6293a,No date found
jnn,TBS NEWS DIG Powered by JNN,y‘å‰JŒx•ñzˆïéŒ§E…ŒËs‚É”­•\,https://news.yahoo.co.jp/articles/1aa4dff4a4b4bfea8f4d258875aa3b46523908d9,No date found
jnn,TBS NEWS DIG Powered by JNN,ˆïéŒ§A“È–ØŒ§‚ÅÅ‘åk“x3‚Ì’nk@ˆïéŒ§E…ŒËsAŠ}ŠÔsA¬”ü‹ÊsAé—¢’¬A“y‰YsAæèsA‚Â‚­‚Îs,https://news.yahoo.co.jp/articles/c861856487628a097d5fd10bd9550668c001e95f,No date found
jnn,TBS NEWS DIG Powered by JNN,yGACKTzuÔ‘^‚ÌŸ‚É‚µ‚á‚×‚é‚Ì‚Íƒn[ƒhƒ‹‚ª‚‚¢!v@ˆÌl‚È‚è‚«‚èƒg[ƒN‚É‹‰ØƒLƒƒƒXƒgw¢˜f,https://news.yahoo.co.jp/articles/de2d3b91e3125e03013fce92fa478de1d518601c,No date found
jnn,TBS NEWS DIG Powered by JNN,y‘å‰JŒx•ñzÃ‰ªŒ§EÀ’Ãs‚É”­•\,https://news.yahoo.co.jp/articles/721ea322961a7d9331c53820627c5b2e3ac6fe5c,No date found
jnn,TBS NEWS DIG Powered by JNN,yŠy“Vz‰„’·‚Ì––“ú–{ƒnƒ€‚ÉƒTƒˆƒiƒ‰•‰‚¯... 10‰ñ‚É“c‹{‚É‘¥–{‘Å‚½‚ê‚é Ÿ—¦‚Í5Š„‹t–ß‚è•˜AŸ4‚Å~‚Ü‚é  ˆ¢•”3†Aó‘º8†‚à‹ó–C,https://news.yahoo.co.jp/articles/78690d07fb807f248c03d501c5aa2bb2db348189,No date found
jnn,TBS NEWS DIG Powered by JNN,y“ú–{ƒnƒ€zŒ€“IƒTƒˆƒiƒ‰Ÿ‚¿‚ÅŸ—¦5Š„‚É•œ‹AI“c‹{‚ª‘¥–{‚©‚ç10‰ñ2€“ñ—Û ŒˆŸ‘Å‚ğ•ú‚Â ƒŒƒCƒGƒX‚ª7‰ñ‚ÉˆêA‹t“]‚Ì8†3ƒ‰ƒ“,https://news.yahoo.co.jp/articles/d001c35c6f4d3ebae05b011d4ae28816ba6f3891,No date found
jnn,TBS NEWS DIG Powered by JNN,‚â‚è“Š‚°—ûK’†‚É‚â‚è‚ª’jq¶“k‚Ìñ‚Éh‚³‚é@”À‘—AˆÓ¯‚ ‚è@ŠâèŒ§E·‰ª¤‹Æ‚Z,https://news.yahoo.co.jp/articles/561b00e53a8899566e5c50b4d1117de268985b52,No date found
jnn,TBS NEWS DIG Powered by JNN,•¨‰¿‚‚âlŒ”ï‚“«‚Å‰Ô‰Î‘å‰ï‚Ì’†~Ek¬‘ŠŸ‚®@V‚½‚ÈàŒ¹‚Ìg’Œh‚Å—L—¿È‚Í‚Ç‚¤‚È‚é?yNƒXƒ^‰ğàz,https://news.yahoo.co.jp/articles/7f4764c1171f459ffbf04dbc6c90f6c435d169ac,No date found
jnn,TBS NEWS DIG Powered by JNN,•›‘å“—ÌŒó•â‚Ìƒoƒ“ƒX‚Íu—L”\‚©‚Â‚¸‚éŒ«‚¢v‹¤˜a“}‘å‰ï‚Éƒgƒ‰ƒ“ƒv‚ªoÈ@–Œ‚Ì‰e‹¿‚ÍyNƒXƒ^‰ğàz,https://news.yahoo.co.jp/articles/c37fa8151091e149c8e228747b2b068f4ff8ba03,No date found
jnn,TBS NEWS DIG Powered by JNN,¡ŒãŒµ‚µ‚¢‹‚³—\‘ª‚àc‚ ‚È‚½‚Ìg‰Ä‚Ì”Y‚İh‚ÍHƒN[ƒ‰[À‰Æ‚Åug‚¢‚Ã‚ç‚¢vŠ¾‚ÌƒjƒIƒC‚É”é‹Zgô‘ó2“xô‚¢h‚à,https://news.yahoo.co.jp/articles/bfade865e38844a5647d693e03400a829151ce25,No date found
jnn,TBS NEWS DIG Powered by JNN,y‘å‰JŒx•ñzŠò•ŒŒ§E‰º˜Cs‚É”­•\,https://news.yahoo.co.jp/articles/9cb914f2d038e4905249c0c3358a6c153889df2a,No date found
jnn,TBS NEWS DIG Powered by JNN,ƒ‰ğœ„y“y»ĞŠQŒx‰úî•ñzŠò•ŒŒ§E”ò‘Ës,https://news.yahoo.co.jp/articles/a58096be9a455196ef81a494affbb57fe1b449f9,No date found
jnn,TBS NEWS DIG Powered by JNN,yã_zŸ‚Ä‚ÎñˆÊ‚Ìˆêí‚Å‹£‚è•‰‚¯‚é...Ë–Ø‚ªƒvƒÅ‘½133‹…‚Ì”M“Š ‰‰ñ2¸“_‚ÅŠ®“Š•‰‚¯3”s–Ú “ñ—Û‘–ÒE–ìŒû‚ª’É¦‚ÌŒ¡§€,https://news.yahoo.co.jp/articles/05cad78143f432a574c9c2117457770bf6825a56,No date found
jnn,TBS NEWS DIG Powered by JNN,y‹lzã_‚Æ‚ÌÚí§‚µñˆÊƒL[ƒvI ˜A”s2‚Å~‚Ü‚é ‰‰ñ‚É‰ª–{˜aA‘åé‘ì‚Ì˜A‘±“K‘Å‚ªŒˆŸ“_ Rí•ˆÉ‚ª7‰ñ128‹…”M“Š‚Å7Ÿ–Ú,https://news.yahoo.co.jp/articles/3d7dcd134e85945cd9f1d180008666e277654d30,No date found
jnn,TBS NEWS DIG Powered by JNN,yƒ„ƒNƒ‹ƒgz’†“ú‚É‹t“]Ÿ—˜‚µ2˜AŸI‘ºã‚É“G¸—U‚¤Ÿ‚¿‰z‚µ‘Å•ŠÛR˜a‚ª“¯“_‘Å R–ì‚ª•Ÿ‰iA×ì‚É2Ò˜A‘±”í’e—‚Ñ‰‰ñ3¸“_‚à,https://news.yahoo.co.jp/articles/fdf37af1754b43ed54e3fdc403c2e56bd5cc017b,No date found
jnn,TBS NEWS DIG Powered by JNN,y’†“úz’É¦‹t“]•‰‚¯‚Å3˜A”s&Å‘½Ø‹à7 ƒƒhƒŠƒQƒX‚Ì“K¸ô‚ªŒˆŸ“_‚Éc •Ÿ‰iA×ì‚Ì2Ò˜A”­‚Å‰‰ñ3“_‚àA¬Š}Œ´‚ª3¸“_KO,https://news.yahoo.co.jp/articles/99a0cf559628354ad3e606bdd9fb8347b1cc3a22,No date found
jnn,TBS NEWS DIG Powered by JNN,yƒƒbƒezƒ\ƒtƒgƒoƒ“ƒN‚É˜AŸ‚È‚ç‚¸cƒƒ‹ƒZƒfƒX‚ªRì‚É3ˆÀ‘Å—‚Ñ‚é‚È‚Ç5‰ñ3¸“_ 7‰ñ2€‚©‚çˆÀ“c‚Ì“K“ñ—Û‘Å‚Å1“_•Ô‚·‚à,https://news.yahoo.co.jp/articles/5c3c0856041d298d9dc7387d0931c804a8f7f385,No date found
jnn,TBS NEWS DIG Powered by JNN,y‘å‰JŒx•ñz ‰êŒ§E•FªsA•ÄŒ´s‚É”­•\,https://news.yahoo.co.jp/articles/55eb934d997dc3f93dda1fb44b874b511d93dc8f,No date found
jnn,TBS NEWS DIG Powered by JNN,ìèdH‚Æ‚ÌŠC©ö…ŠÍ‚ÌC—Œ_–ñ‚ÉŠÖ‚·‚é‹^˜f‚Å–h‰qÈ‚ªu“Á•Ê–h‰qŠÄ@vŠJn,https://news.yahoo.co.jp/articles/ace32b82253234dcc448147be00d42139196c9f0,No date found
jnn,TBS NEWS DIG Powered by JNN,y“y»ĞŠQŒx‰úî•ñzŠò•ŒŒ§E‘½¡Œ©s‚É”­•\,https://news.yahoo.co.jp/articles/c0b1cf92c58c721478ca5ade4086753b9d9d3999,No date found
jnn,TBS NEWS DIG Powered by JNN,y^…Œx•ñzŠò•ŒŒ§E”ü”Z‰Á–ÎsA‰Â™sAâj’¬‚É”­•\,https://news.yahoo.co.jp/articles/c66295b6a60dec8bff829685d3e177f1bb90f473,No date found
jnn,TBS NEWS DIG Powered by JNN,y^…Œx•ñzˆ¤’mŒ§Et“úˆäs‚É”­•\,https://news.yahoo.co.jp/articles/c3fbc4dd5cfe4b0b655b6a263853ba0fa8cf02a9,No date found
jnn,TBS NEWS DIG Powered by JNN,u‹ó`‚Ìlè•s‘«v‰ğŒˆ‚ÌØ‚èD‚É!@“ú–{‰‚Ìg–³l©“®‰^“]hANA‚ªÀØÀŒ±,https://news.yahoo.co.jp/articles/5456a1dd4e1fedc0d939b9941b9919c8a85b0964,No date found
jnn,TBS NEWS DIG Powered by JNN,y‘å‰JŒx•ñzˆ¤’mŒ§Et“úˆäs‚É”­•\,https://news.yahoo.co.jp/articles/226beea155da2a17a5191cb7642e5c3b210fc357,No date found
jnn,TBS NEWS DIG Powered by JNN,”~‰J–¾‚¯‚Í‚¢‚Â?–¾‚¯‚½‚ç¡“x‚Íu–Ò‹‚â‘ä•—ƒV[ƒYƒ“‚Ì‘å‰JE–\•—‚É’ˆÓvyNƒXƒ^‰ğàz,https://news.yahoo.co.jp/articles/0b5c79c5eace26b67163ec187e2fa64dceeff33a,No date found
jnn,TBS NEWS DIG Powered by JNN,y‘å‰JŒx•ñzŠò•ŒŒ§E‘½¡Œ©sAŠÖsA’†’ÃìsA˜QsAŒb“ßsA”ü”Z‰Á–Îs‚È‚Ç‚É”­•\,https://news.yahoo.co.jp/articles/7023439734654bc7a380b6f465443277eac8fb1b,No date found
jnn,TBS NEWS DIG Powered by JNN,Å‘å‹K–Í‚Ì180í—Ş‚ªW‡uƒAƒCƒXƒNƒŠ[ƒ€–œ”vŠJÃ’†IƒoƒEƒ€ƒN[ƒwƒ“gŠÛ‚²‚Ææ‚¹h•R—œu‹j[MŒº–İƒAƒCƒXv‚à“oê,https://news.yahoo.co.jp/articles/ed61c81ae17c9dae3a1b4a54fb4d6d937e3be5ba,No date found
jnn,TBS NEWS DIG Powered by JNN,y’¹‰Hüì‚³‚ñz@æ“ú‚Ìu“û—c™Eq‚Ç‚àOKv“Še‚É@’Ç‰Á‚Ì•\–¾u‚İ‚ñ‚È‚ª—‰ğ‚µ‚Ä”z—¶‚µ‚ÄŒ‹‰Ê’N‚É‘Î‚µ‚Ä‚àƒnƒbƒs[‚¾‚Æ‚¢‚¢‚È‚Á‚Ävu–l‚ç‚à‘S—Í‚Åv,https://news.yahoo.co.jp/articles/3d7221f257d94a271f10d8b2f71cdf1fca1cb3e9,No date found
jnn,TBS NEWS DIG Powered by JNN,y^…Œx•ñzç—tŒ§Eç—ts‚É”­•\,https://news.yahoo.co.jp/articles/049df0502e10394095bba1ce710276d7d7c33b2a,No date found
jnn,TBS NEWS DIG Powered by JNN,‘“à‹ó`‚Åq‹ó”R—¿•s‘«@ƒCƒ“ƒoƒEƒ“ƒh‚Ì‘«‚©‚¹‚É@ƒWƒFƒbƒg”R—¿‚Ì‘Y‚È‚Ç·‚è‚ñ‚¾s“®Œv‰æ‚ğ­•{‚ªŒö•\,https://news.yahoo.co.jp/articles/108bcd8c8075d7833534e5c285a2657d84b53c06,No date found
jnn,TBS NEWS DIG Powered by JNN,•ºŒÉŒ§EÖ“¡’m–‚Ìƒpƒƒnƒ‰‹^˜f”­@«E‰ü‚ß‚Ä”Û’ègƒƒCƒ“Ã‘£‹^˜fh‚ÉuŒ»“_‚Å‰ñ“š‚Å‚«‚È‚¢v,https://news.yahoo.co.jp/articles/dc1175adea060ec55008762283476483029a4020,No date found
jnn,TBS NEWS DIG Powered by JNN,ƒgƒ‰ƒ“ƒveŒ‚‚©‚ç2“ú‹¤˜a“}‚Ì‘å“—ÌŒó•â‚É³®w–¼@ˆê•ûg”½ƒgƒ‰ƒ“ƒvhW‰ï‚à,https://news.yahoo.co.jp/articles/ba27f0173c66d9bcd391b5ff404b8abd917fc593,No date found
jnn,TBS NEWS DIG Powered by JNN,gŒƒhƒ|ƒeƒgƒ`ƒbƒvƒXhH‚×‘Ì’²•s—Ç@ˆãtuH“¹‚È‚Ç‚Ì”S–Œ‚©‚çoŒŒ‚ğ‚«‚½‚·‚±‚Æ‚àv‚Z¶14l•a‰@”À‘—,https://news.yahoo.co.jp/articles/a484955ff3e6aca94d33b81d6346d5e673ed26e0,No date found
jnn,TBS NEWS DIG Powered by JNN,y^…Œx•ñz ‰êŒ§Eb‰êsAŒÎ“ìs‚É”­•\,https://news.yahoo.co.jp/articles/97ca6a94f4a16043dafb47bfb9dc00eaf65d86df,No date found
jnn,TBS NEWS DIG Powered by JNN,uè‘«Œû•av‚±‚ÌŠú‚Å‚Í‰ß‹10”N‚ÅÅ‘½@15T˜A‘±‘@1ˆã—Ã‹@ŠÖ‚ ‚½‚è11.46l,https://news.yahoo.co.jp/articles/50ff388936c55067013ad78fc4bd6550b7ffbdad,No date found
jnn,TBS NEWS DIG Powered by JNN,y“y»ĞŠQŒx‰úî•ñzŠò•ŒŒ§E”ò‘Ës‚É”­•\,https://news.yahoo.co.jp/articles/757ba8e2e77222fa89e914a69bc7b9d2b9434a69,No date found
jnn,TBS NEWS DIG Powered by JNN,‘å’Ë»–ò‚ª11Œ‚©‚ç’lã‚°uƒ|ƒJƒŠƒXƒGƒbƒgv162‰~¨184‰~iÅ‚İjuƒIƒƒiƒ~ƒ“Cv130‰~¨146‰~iÅ‚İj,https://news.yahoo.co.jp/articles/a7b03ae4e380883eb1e9344213addd35b1707ede,No date found
jnn,TBS NEWS DIG Powered by JNN,y7Œ17“úŠÖ“Œ‚Ì“V‹Cz16“ú–é‚Í——‹E“Ë•—‚É’ˆÓ,https://news.yahoo.co.jp/articles/b7118dde7739d0305ec8772f815de809dc399738,No date found
jnn,TBS NEWS DIG Powered by JNN,‹“sE‹_‰€ÕuªRvŒ}‚¦‚½ŠX’†‚Í‚É‚¬‚í‚¢•àsÒ“V‘‚É@‚ ‚·ƒNƒ‰ƒCƒ}ƒbƒNƒXuR–g„sv,https://news.yahoo.co.jp/articles/514114b7da05da28dad60d7457bf9624fc7c9b30,No date found
jnn,TBS NEWS DIG Powered by JNN,y‘å‰JŒx•ñz ‰êŒ§Eb‰êsAŒÎ“ìsA—³‰¤’¬‚É”­•\,https://news.yahoo.co.jp/articles/f5133e93a33adf7ac8208f5cb994f8ce58f84606,No date found
jnn,TBS NEWS DIG Powered by JNN,y‘å‰JŒx•ñz ‰êŒ§E“Œ‹ß]sA“ú–ì’¬‚É”­•\,https://news.yahoo.co.jp/articles/99050c674f122a43c8ad79b441d0caea55bfc366,No date found
jnn,TBS NEWS DIG Powered by JNN,ƒgƒˆƒ^©“®Ô@”FØ•s³‚Å¶Y’â~’†‚Ì3Ôí@—ˆŒ––‚Ü‚Å¶Y’â~Œp‘±@ƒ}ƒcƒ_‚Í¶YÄŠJ‚Ö,https://news.yahoo.co.jp/articles/eca62c9b7e333bae6744fd53c1ab6f008273f532,No date found
jnn,TBS NEWS DIG Powered by JNN,ƒgƒ‰ƒ“ƒv‚ª•›‘å“—ÌŒó•â‚Éw–¼ƒoƒ“ƒXã‰@‹cˆõi39j’†¼•”uƒ‰ƒXƒgƒxƒ‹ƒgvog‚Ì‹ê˜Jl,https://news.yahoo.co.jp/articles/92efaafb87fd2bcb45724b462a52510dd35e48c1,No date found
jnn,TBS NEWS DIG Powered by JNN,”o—DE•Ÿ“c–ƒ—Rq‚³‚ñ@Œ|”\––±Šuƒtƒ‰[ƒ€v‚ğ‘ŞŠ@ugŒy‚Å‘f’¼‚È©•ª‚ÅA‚±‚ê‚©‚ç‚ğ¶‚«‚Ä‚İ‚½‚¢v,https://news.yahoo.co.jp/articles/3d51671eea68f7e096335caa216898160ec54882,No date found
jnn,TBS NEWS DIG Powered by JNN,¤•i‚É‚Íu18Î–¢–‚Ì•û‚ÍH‚×‚È‚¢‚ÅcvgŒƒhƒ|ƒeƒgƒ`ƒbƒvƒXhH‚×‘Ì’²•s—Ç@‚Z¶14l•a‰@”À‘—,https://news.yahoo.co.jp/articles/18e2629cd173c52a26ca384dde0c5e25ea4c6d82,No date found
jnn,TBS NEWS DIG Powered by JNN,­•{E“ú‹âA12“ú‚à2’›‰~‹K–Í‚Ìˆ×‘Ö‰î“ü‚©@11“ú‚É‘±‚«2“ú˜A‘±‚Ì‰Â”\«,https://news.yahoo.co.jp/articles/6b4343e4958ab06ec9be0a6dd23629e62e9623bd,No date found
jnn,TBS NEWS DIG Powered by JNN,ˆ¤’mE‚•ls–ğŠ‚Ån•¨’j‚ª‰Î‚Â‚¯‚éu€‚ñ‚Å‚â‚év‚ÆŒ¾‚¢‰t‘Ì‚ğ‚©‚Ô‚é“”–û‚©ˆÈ‘O‚©‚çƒgƒ‰ƒuƒ‹‚à,https://news.yahoo.co.jp/articles/1b36a7dafd8036f61a0ecf4b125b237fc6286871,No date found
jnn,TBS NEWS DIG Powered by JNN,ç—tŒ§‚ÅÅ‘åk“x1‚Ì’nk@ç—tŒ§E’¶qsA“Œ‹àsA’·“ì’¬,https://news.yahoo.co.jp/articles/8c43986714ec246f13305518d6a9eb8d7c6a17a8,No date found
jnn,TBS NEWS DIG Powered by JNN,y16“úEƒ„ƒNƒ‹ƒgƒXƒ^ƒƒ“z’·‰ª1”Ô•‘“c2”Ôƒ‰ƒCƒg ‹{–{3”Ô ‘ºã4”Ô ƒIƒXƒi5”Ô R“c7”Ô ŠÛR˜a8”Ô æ”­ER–ì •ßè‚Í’†‘º,https://news.yahoo.co.jp/articles/6a7939d4c33ada5f960d7f76805aa867c009b1e0,No date found
jnn,TBS NEWS DIG Powered by JNN,”—‚é”~‰J–¾‚¯u10”N‚Éˆê“xƒŒƒxƒ‹‚Ì‚©‚È‚è‚Ì‚‰·v“—ˆ‚Ö,https://news.yahoo.co.jp/articles/202d4b25ec7f7dbeff9613d30ab0fc6e668ef929,No date found
jnn,TBS NEWS DIG Powered by JNN,y‘å‰JŒx•ñzŠò•ŒŒ§E‚RsA”ò‘Ës‚É”­•\,https://news.yahoo.co.jp/articles/0098bd303ee6012e72afd3d11107df9c9aaa154f,No date found
jnn,TBS NEWS DIG Powered by JNN,"ƒf[ƒ‚ƒ“Št‰º@""‘Šú‚ª‚ñ”­Œ©Eèp""‚©‚ç@uŒ»ê•œ‹Av‚ğ•ñ@u‰¹ŠyƒXƒ^ƒWƒI‚É‚Ä‰Ì‚Á‚½‚è‚µA’²®‚ğn‚ß‚Ä‚¢‚év",https://news.yahoo.co.jp/articles/044b473a025b1e7076895a79ad3a910fa6038f0b,No date found
jnn,TBS NEWS DIG Powered by JNN,y16“úEL“‡z‰J“V’†~ L“‡‚Í8“x–ÚADeNA‚Í2“x–Ú —\æ”­‚ÍL“‡E‹Ê‘º DeNAEÎ“c—T‚¾‚Á‚½ ƒXƒ^ƒƒ“‚ª”­•\Œã‚Ì’†~,https://news.yahoo.co.jp/articles/5380e8daf7f2733756b0b9db54f3f1262b9f7cc1,No date found
jnn,TBS NEWS DIG Powered by JNN,y16“úE’†“úƒXƒ^ƒƒ“z‰ª—Ñ1”Ô•“c’†2”Ô  ƒJƒŠƒXƒe3”Ô •Ÿ‰i4”ÔƒT[ƒh ×ì5”Ô ÎìV6”Ôƒtƒ@[ƒXƒg æ”­E¬Š}Œ´ •ßè‚Í–Ø‰º,https://news.yahoo.co.jp/articles/52c42f2453561fc398f3df8a6f50bc3cec078e2d,No date found
jnn,TBS NEWS DIG Powered by JNN,‘¾•½—mƒNƒƒ}ƒOƒ‹™Šl˜g1.5”{‚Å‡ˆÓ@‘Œ¹—Ê‚Í2010”N‚©‚ç10”{ˆÈã‚É‰ñ•œ,https://news.yahoo.co.jp/articles/65751b60d6c877cef93ecee4deb5562efc448550,No date found
jnn,TBS NEWS DIG Powered by JNN,ŠØ‘‚©‚ç‚Ìƒrƒ‰U•z‚É‹à—^³‚ª‹­d‚È‘[’u‚ğ¦´u‘±‚¯‚Î‘Î‰•û®‚Ì•Ï‰»—]‹V‚È‚­‚³‚ê‚év,https://news.yahoo.co.jp/articles/53e36a932bacfa353b9ac1243e47c0dc8260b121,No date found
jnn,TBS NEWS DIG Powered by JNN,y16“úE‹lƒXƒ^ƒƒ“z‰ª“c‚ª“o˜^‘¦7”ÔƒŒƒtƒg ‰ª–{˜a4”ÔƒT[ƒh ‘åé‘ì5”Ôƒtƒ@[ƒXƒg •ßèEŠİ“c6”Ô ƒVƒ‡[ƒg–å˜e æ”­ERí•ˆÉ,https://news.yahoo.co.jp/articles/1bcb7ff1708bb00ef58e929c69fbf217b59e5e60,No date found
jnn,TBS NEWS DIG Powered by JNN,y16“úEã_ƒXƒ^ƒƒ“z‹ß–{1”Ô•’†–ì2”Ô –ìŒû3”Ôƒ‰ƒCƒg ²“¡‹P4”Ô ‘åR5”Ô ‘Oì6”ÔƒŒƒtƒg ƒVƒ‡[ƒg¬”¦ æ”­EË–Ø •ßè‚Í”~–ì,https://news.yahoo.co.jp/articles/63fab9decfcbc4de6fc21dc8614afb47bb8d36c0,No date found
jnn,TBS NEWS DIG Powered by JNN,ŠØ‘Å’á’À‹à‚ª‰‚ß‚Ä‹‹1–œƒEƒHƒ“‚Ìg‘å‘äh“Ë”j@lŒ”ï‚“«‚Å–³l“X•Üg‹}‘h,https://news.yahoo.co.jp/articles/87afba2749173bccfd412d4af58d9e2277403c78,No date found
jnn,TBS NEWS DIG Powered by JNN,yViVi‘•ó‹‰ƒCƒPƒƒ“ƒ‰ƒ“ƒLƒ“ƒOz@”ª–Ø—Eª‚³‚ñiFANTASTICSj@NOW•”–å‚Å2“x–Ú‚ÌñˆÊA“a“°“ü‚è@y2024”Nã”¼Šúz,https://news.yahoo.co.jp/articles/79cc59a55710b6e8b07ae8d943822e193f833f64,No date found
jnn,TBS NEWS DIG Powered by JNN,‘½–€ìƒX[ƒcƒP[ƒXEl€‘ÌˆâŠü–Œ@”íŠQÒ‚Ì’j«‚ÌŒûÀ‚©‚çŒ»‹à–ñ20–œ‰~‚ğ“‚ñ‚¾‚Æ‚µ‚ÄŒ³ŒğÛ‘Šè‚Ì—‚ğÄ‘ß•ß@_“ŞìŒ§Œx@,https://news.yahoo.co.jp/articles/b64983ec49409e00250cd7f0208f18d52a6fb7fc,No date found
jnn,TBS NEWS DIG Powered by JNN,yé“‡–Îz•Ÿ“‡Œ§‚Ö‚Ì‘z‚¢ hu•‚¯‚æ‚¤v‚Æ‚¢‚¤Š´Šo‚Å‚Í‚È‚¢h 13”N–Úu‚Ó‚­‚µ‚Üƒvƒ‰ƒCƒhBvVCM‚ğPR,https://news.yahoo.co.jp/articles/52b68cba4be0788a3e4dbe5b72a14f169132ea4f,No date found
jnn,TBS NEWS DIG Powered by JNN,”F’mÇ‚Ì‚—î—«‚ÉƒAƒp[ƒgw“ü‚³‚¹1400–œ‰~‚ğ¼æ‚©@Œ³•s“®Y‰ïĞ‚Ì’j3l‚ğÄ‘ß•ß,https://news.yahoo.co.jp/articles/7c5ccb63517e0fd7b30d117e21f95806bd443942,No date found
jnn,TBS NEWS DIG Powered by JNN,HÂ‹{‚³‚Ü‹ŠoáŠQ‚ª‚ ‚é‘Iè‚Ìè‚ğ‚Æ‚Á‚ÄŒƒ—ã‚ÌŒ¾—t@‚²•vÈ‚ÅƒpƒŠƒpƒ‰ƒŠƒ“ƒsƒbƒN“ú–{‘ã•\‘Iè’c‚ÌŒ‹’c®‚ÉoÈ,https://news.yahoo.co.jp/articles/da2d617148f9025a2afb7dda9dfe71b304c18e41,No date found
jnn,TBS NEWS DIG Powered by JNN,y‚ä‚¤‚¿‚á‚İE‚ä‚¢‚¿‚á‚İz ’°“àŒŸ¸‚Å¶ŠˆKŠµ‚ ‚ç‚í‚É@o‚Ìğ•È‚É–…E‚ä‚¢‚¿‚á‚İ‚ÍƒNƒŒ[ƒ€u‚È‚¨‚µ‚Ä‚­‚êv,https://news.yahoo.co.jp/articles/90ea28dd7ed736c30496abae046f1859e0af59c5,No date found
jnn,TBS NEWS DIG Powered by JNN,“È–ØE“úŒõs‚ÌRŠÔ•”‹­“–Œƒxƒgƒiƒ€l‚Ì’j2lÄ‘ß•ß@’·–ìEŒQ”n‚È‚ÇRŠÔ•”Z‘î‹­“‚àŠÖ—^‚©,https://news.yahoo.co.jp/articles/e63b2aada912e601b5c0e50d2ece170c55a712c4,No date found
jnn,TBS NEWS DIG Powered by JNN,u‘¾•½—mE“‡ƒTƒ~ƒbƒgvŠJ–‹18‚Ì“‡‘E’nˆæƒgƒbƒv“Œ‹WŒ‹@“ú–{‚Ígˆ—…h•úo‚ğà–¾‚Ö,https://news.yahoo.co.jp/articles/b8b2ed1158fc6296d3f8793293e8a49ed5594ebb,No date found
jnn,TBS NEWS DIG Powered by JNN,ƒAƒTƒqƒr[ƒ‹EƒLƒŠƒ“ƒrƒoƒŒƒbƒW‚ªgƒr[ƒ‹ˆÈŠOh‚ÅH•vg•X“_‰º‚¨‚µ‚Ú‚èh‚Å–Ò‹‚Ì’†‚Å‚àÁ”ï‚ğ,https://news.yahoo.co.jp/articles/a620a457aaa44688db116ef6a43d4f0be43e8843,No date found
jnn,TBS NEWS DIG Powered by JNN,©–¯“}E”‹¶“c“s˜A‰ï’·‚ª«”C•\–¾@“s‹c•â‘I2Ÿ6”s‚ÉgwŠö‚ğ·‚Á‚½„‚ÌÓ”C‚Í‘å‚«‚¢h,https://news.yahoo.co.jp/articles/4129489a183e45487eba2a1cc8f152183951674e,No date found
jnn,TBS NEWS DIG Powered by JNN,ƒWƒƒƒj[Šì‘½ì‚Ì«‰ÁŠQu‘‹Œû‚Ö‚Ì\Ò”v1000l‚ğ’´‚¦‚éuSMILE-UP.v‚ª”­•\,https://news.yahoo.co.jp/articles/5e447f2b3237ef702d411d73e77c7b9c241f0545,No date found
jnn,TBS NEWS DIG Powered by JNN,y‘å‰JŒx•ñz’·–ìŒ§E”ÑRsA–ì‘ò‰·ò‘º‚É”­•\,https://news.yahoo.co.jp/articles/cd6083cc5e6a8fe78d8c318ef58ab7af11e2d7d7,No date found
jnn,TBS NEWS DIG Powered by JNN,ƒpƒŠƒpƒ‰ƒŠƒ“ƒsƒbƒNAƒXƒ[ƒKƒ“‚Í‘Iè“Š•[‚Åg’§‚ßA©•ªjã Å‹­Bh‚ÉŒˆ’è ! ‡Œ¾—t‚Ì‚æ‚¤‚Ég‚Á‚Ä—~‚µ‚¢yŒ‹’c®z,https://news.yahoo.co.jp/articles/2ddb1ac5ee38f87117f0bb12d759d8c90cac58d3,No date found
jnn,TBS NEWS DIG Powered by JNN,uŒƒhƒ|ƒeƒgƒ`ƒbƒvƒXv‚ğH‚×‚Ä‘Ì’²•s—Ç@14l‚ğ•a‰@‚É”À‘—@“Œ‹“s—§˜Z‹½H‰È‚“™ŠwZ@“Œ‹E‘å“c‹æ,https://news.yahoo.co.jp/articles/ce146b6711dad68078e3bdb2629b622f240050dc,No date found
jnn,TBS NEWS DIG Powered by JNN,ySMILE-UP.zŒÌƒWƒƒƒj[Šì‘½ì‚É‚æ‚é«‰ÁŠQ@\Ò”u1001lv@•â‹à‚Ìx•¥Ò”u466lv,https://news.yahoo.co.jp/articles/b9f56b232b969752e1634a0e9980b53b7bae5524,No date found
jnn,TBS NEWS DIG Powered by JNN,3l€–S‚Ì“y»•ö‚ê@R’¸•t‹ß‚Ì“¹˜H‹T—ô‚Æ‚Ìˆö‰ÊŠÖŒW‚ğ’²¸‚Ö@ˆ¤•QE¼Rs,https://news.yahoo.co.jp/articles/6f28d8591525e8c6c4bc49b9864eacba75d13079,No date found
jnn,TBS NEWS DIG Powered by JNN,uƒXƒ}ƒzƒQ[ƒ€‚µ‚Ä‚¢‚½v‚Æ¬Šw¶‚©‚çw“E‚Ì’¬‹c‚É‹ß‚­u«EŠ©Œˆ‹cˆÄv’ño‚Ö@‹{éE‘å‰ÍŒ´’¬,https://news.yahoo.co.jp/articles/40875c311693077ecade2b3d3ddca8ea0b5776cf,No date found
jnn,TBS NEWS DIG Powered by JNN,y‘¬•ñz“úŒo•½‹ÏI’l4–œ1275‰~@æT––‚æ‚è84‰~‚@ƒgƒ‰ƒ“ƒvÄ‘IƒVƒiƒŠƒID‚è‚ñ‚¾”ƒ‚¢’•¶L‚ª‚é,https://news.yahoo.co.jp/articles/c480bd12308182d53372d99d34e3d7357185dce6,No date found
jnn,TBS NEWS DIG Powered by JNN,•ºŒÉŒ§EÖ“¡’m–gƒpƒƒnƒ‰E‚¨‚Ë‚¾‚è‰¹ºƒf[ƒ^h‚ÉuÚ×‚ğ³’m‚µ‚Ä‚¢‚È‚¢‚Ì‚Å‰ñ“š‚Å‚«‚È‚¢v‰ïŒ©‚Å«E‰ü‚ß‚Ä”Û’è,https://news.yahoo.co.jp/articles/4e5b3f02540affe3012a1f36010989ed7491651a,No date found
jnn,TBS NEWS DIG Powered by JNN,y‘å‰JŒx•ñzVŠƒŒ§E–­‚sAã‰zs‚É”­•\,https://news.yahoo.co.jp/articles/c02dc241f12e57cbe741d55345052ffb8c28994c,No date found
jnn,TBS NEWS DIG Powered by JNN,•xm’ÊAI‚Å¶Yƒ‰ƒCƒ“‚ÌˆÙí‚ğŒŸ’m@‘¹¸‚ÌZo‚â‰ü‘Pô‚à’ñˆÄ,https://news.yahoo.co.jp/articles/62d5980a022e9eea1efcd6ecac8c55c353dd8cd4,No date found
jnn,TBS NEWS DIG Powered by JNN,“¯‹‰¶‚©‚çu€‚Ëvu’n–‚É—‚¿‚ëv‚È‚Ç‚Æ‘‚©‚ê‚½•¶Í@—q™“¶g‚¢‚¶‚ß‚Å“]Zh@s‚Ì‘Î‰‚Ì’x‚ê‚ğ‚ß‚®‚è•ÛŒìÒ‚ç‚ª‘i‚¦@•ºŒÉEˆ°‰®s,https://news.yahoo.co.jp/articles/60819f61c6b52d31cec3efe224337ea77971b4c4,No date found
jnn,TBS NEWS DIG Powered by JNN,gˆÃE–¢‹h’¼Œãcƒgƒ‰ƒ“ƒv‘O‘å“—Ì‚Ì“÷ºAu‚¢‚¶‚ß‚ç‚ê‚ÁqvËE‚³‚ê‚½—e‹^Ò‚Ì‘fŠç‚Í?—e‹^Ò‚ÌTƒVƒƒƒc‚Ée‚Ö‚ÌŠÖS?ynews23z,https://news.yahoo.co.jp/articles/912a0e63c776a90cf86cff406d842aceba12b274,No date found
jnn,TBS NEWS DIG Powered by JNN,u‰Ò‚°‚é‚©‚ç‚â‚Á‚½vƒƒ“ƒYƒGƒXƒe13‚©Š‚Ågˆá–@‚È«“IƒT[ƒrƒX’ñ‹Ÿh–ñ4‰­‰~”„‚èã‚°‚©@“Œ‹E–Ú•‹æ‚È‚Ç@Œo‰cÒ‚Ì’j‘ß•ß@Œx‹’¡,https://news.yahoo.co.jp/articles/bb8d3362cfcfea805ca0924fc9322f8bee1bd3e7,No date found
jnn,TBS NEWS DIG Powered by JNN,R”V“à‚·‚¸‚³‚ñ@uƒeƒBƒtƒ@ƒj[‚ÌƒŠƒ“ƒO”r…Œû‚Ì‰œ‚ÉÁ‚¦‚Ä‚Á‚½vu”š‹ƒ‚«‚µ‚Ä‚év@•KŠ‚Ì‘{õ‚ÅcuUš‚ÌŠ‚É‹‚½v,https://news.yahoo.co.jp/articles/2f28084b5d9e86b3621928d412d66d1b89f16311,No date found
jnn,TBS NEWS DIG Powered by JNN,‹à³‰¶‘‘‹L‚Ì•\²ó–á‚Á‚½ŠOŒğŠ¯‚ª’E–k@ŠØ‘‘åè†•ñ‚¶‚éu–¢—ˆ‚Ö‚Ì”ßŠÏ‚ª’E–k‚ğ”Y‚Ş‚æ‚¤‚É‚È‚Á‚½o”­“_v,https://news.yahoo.co.jp/articles/a2646c65a8fb300be4f77bd10c4f3dffc9841a33,No date found
jnn,TBS NEWS DIG Powered by JNN,u‘å“—Ì‚Ìƒgƒ‰ƒ“ƒv”á”»‚ª‰e‹¿‚µ‚½v‚Æ‚Ìw“E‚ÉƒoƒCƒfƒ“”½˜_,https://news.yahoo.co.jp/articles/43ca0534f14a29b4beeca21436b5b6e393afa64b,No date found
jnn,TBS NEWS DIG Powered by JNN,y‘¬•ñzgŒƒhƒ|ƒeƒgƒ`ƒbƒvƒXhH‚×‚½“s—§‚Z¶33l‚Ì‚¤‚¿14l‚ª‘Ì’²•s—Ç‚Å‹~‹}”À‘—‚Ö@“Œ‹E‘å“c‹æ@—Fl“¯m‚Å•ª‚¯‡‚Á‚ÄH‚×‚½,https://news.yahoo.co.jp/articles/ff41097435428a4394df3b051af6f84c9cf5ac10,No date found
jnn,TBS NEWS DIG Powered by JNN,y‘¬•ñz’j«3læ‚Á‚½ƒ{[ƒg‚ª“]•¢@30‘ã’j«s•û•s–¾@‘åãE—„ìu’Ş‚è‚Ì‚½‚ß‹“sE”ª”¦s‚©‚çƒ{[ƒg‚Éæ‚Á‚½v,https://news.yahoo.co.jp/articles/6233b1e9d7acecd5943e1896a8583b066b474ed8,No date found
jnn,TBS NEWS DIG Powered by JNN,‚Z2”N¶E‹v•Û™z‚ª800m‚Å1•ª59•b93‚Ì“ú–{V!u«—ˆ‚Í800m‚Å“ú–{‹L˜^v“ú–{—q‰1•ª‘ä‚ğƒ}[ƒN‚µ—LŒ¾Às,https://news.yahoo.co.jp/articles/0c4a2e74c0fa5773f11de632d98afc664c498f95,No date found
jnn,TBS NEWS DIG Powered by JNN,yˆäãçŠyz@‘¾”û’ä‚Á‚Äul¶‚ª•Ï‚í‚Á‚½v@ƒCƒƒ`ƒFƒ“¬Œ÷‚Åu•Ï‰»‚Í¬’·v‚ÆƒG[ƒ‹,https://news.yahoo.co.jp/articles/2ef3d00f1fc9627cfa20e41aa9084da5e9d89b8c,No date found
jnn,TBS NEWS DIG Powered by JNN,H–{O‰@‹cˆõ‚Ì‰Œö”»11Œ25“ú‚ÉŒˆ‚Ü‚é@ó‘õû˜dß‚È‚Ç‚Å“Œ‹’nŒŸ“Á‘{•”‚ª‹N‘i@“Œ‹’nÙ,https://news.yahoo.co.jp/articles/699458bbb1aa5110c83548753c226decda622dd4,No date found
jnn,TBS NEWS DIG Powered by JNN,y‹}«‚·‚¢‰Šz¡—Ã’†E‹ø“cƒAƒLƒ‰‚³‚ñ@u”ƒ—ó ‚Ì ”ğˆäˆêŒ\ ‚³‚ñ‚ª‚¨Œ©•‘‚¢‚É—ˆ‚Ä‚­‚ê‚Ü‚µ‚½!vu‰´‚ÍŠæ’£‚ê‚é—E‹C‚ğ‚à‚ç‚Á‚½v,https://news.yahoo.co.jp/articles/5ca9c880528448b9ec445915bdef445f9f37554e,No date found
jnn,TBS NEWS DIG Powered by JNN,uE”\—Í‚ÍŒe‚Ì5”{vƒgƒ‰ƒ“ƒveŒ‚‚Ég—pgAR15ƒ‰ƒCƒtƒ‹h ÀØÀŒ±‚©‚çŒ©‚él‘Ì‚Ö‚Ìƒ_ƒ[ƒW,https://news.yahoo.co.jp/articles/3e9db6e3b8a1ca34d49e7d28006cc5e54163a841,No date found
jnn,TBS NEWS DIG Powered by JNN,–h‰qÈ‚ª©–¯“}‰ï‡‚Åg‘å—Êˆ•ªh•ñ@‹cˆõ‚©‚ç‚Í“Á’è”é–§•ÛŒì–@‚â‘Ì§‚Ì‚ ‚è•û–â‚¤º‚à,https://news.yahoo.co.jp/articles/490f4a676bfaf7598fc159926680591c76b073f8,No date found
jnn,TBS NEWS DIG Powered by JNN,y‘¬•ñz©–¯E”‹¶“c“s˜A‰ï’·‚ª«”C‚ğ•\–¾@“s‹c•â‘I‚Å2Ÿ6”s,https://news.yahoo.co.jp/articles/8d8b7e8c39398d6da1ea22b575218e0f551dd851,No date found
jnn,TBS NEWS DIG Powered by JNN,–h‰qÈg218l‚Ì‘å—Êˆ•ªh‚ğ©–¯“}‰ï‡‚Å•ñ@©–¯E¬–ì›ˆÀ•Û’²¸‰ï’·‚Íuö…ŠÍ‰^—p‚»‚Ì‚à‚Ì‚É‰e‹¿v‚Æw“E,https://news.yahoo.co.jp/articles/ad256f8c98e3ed9e4f0822389f1ebe774f56c7cc,No date found
jnn,TBS NEWS DIG Powered by JNN,y’·’Jì‹qz@“¡ˆä•—‚³‚ñw—·˜Hx@‰^“]‚µ‚È‚ª‚çŒû‚¸‚³‚Şp‚ğŒöŠJ,https://news.yahoo.co.jp/articles/5648c3847693a8c64899f04cf1b485c52d7348d2,No date found
jnn,TBS NEWS DIG Powered by JNN,ƒC[ƒƒ“Eƒ}ƒXƒN@–ˆŒ71‰­‰~‚ğƒgƒ‰ƒ“ƒv‘O‘å“—Ìx‰‡‚ÉŒ£‹à‚·‚éˆÓŒü¦‚·@•Ä•ñ“¹,https://news.yahoo.co.jp/articles/04f972dfae051012686da88ac44534f6273654d0,No date found
jnn,TBS NEWS DIG Powered by JNN,VhE‰Ì•‘Šê’¬uƒg[‰¡v‚ÅˆêÄ•â“±@14Î‚©‚ç17Î‚Ì­”N­—21l@•ÛŒìÒ‚Ì“¯ˆÓ‚ğ“¾‚¸[–é‚ÉŠOo‚È‚Ç,https://news.yahoo.co.jp/articles/e408004ccaca4014c6c14eee2f23177ba723cefb,No date found
jnn,TBS NEWS DIG Powered by JNN,“Œ“ú–{E¼“ú–{‚Í‹Ç’n“I‚É”ñí‚ÉŒƒ‚µ‚¢‰J@“y»ĞŠQ‚â‰Íì‚Ì‘…E”Ã—”‚È‚Ç‚ÉŒx‰ú,https://news.yahoo.co.jp/articles/06b209de9d44bb7c08b460698d7b5d3c79735ed0,No date found
jnn,TBS NEWS DIG Powered by JNN,”‘½‰w‘OƒXƒg[ƒJ[El–Œ@ŒŸ@E•ÙŒì‘¤‘o•ûT‘i‚¹‚¸@’¦–ğ20”N‚Ì1R”»Œˆ‚ªŠm’è,https://news.yahoo.co.jp/articles/8cc460c80a4e488f0ff81840c34a38297eeeb251,No date found
jnn,TBS NEWS DIG Powered by JNN,uº‚ğã‚°‚ç‚ê‚È‚¢”íŠQÒ‚ğ‹~‚¢‚½‚¢v‹Œ—D¶•ÛŒì–@‚ß‚®‚é‘S‘ˆêÄ‚Ì–³—¿‘Š’k‰ï@“d˜bEFAX‚Åó‚¯•t‚¯uˆÀS‚µ‚Ä‚²‘Š’k‚¢‚½‚¾‚«‚½‚¢vŒßŒã4‚Ü‚Å,https://news.yahoo.co.jp/articles/3f81b2f6af102f6699ec821b03c2ba5bdc2afb3a,No date found
jnn,TBS NEWS DIG Powered by JNN,‘å’JãÄ•½‚ÌŠè‚¢“Í‚­ Œƒ—ã••Œ¾‚ÅT.ƒwƒ‹ƒiƒ“ƒfƒX‚ªŠJŠáA–{l‹Á‚«‚Ì—DŸ!ƒhƒWƒƒ[ƒXjã‰‚ÌHRƒ_[ƒr[ƒ`ƒƒƒ“ƒsƒIƒ“’a¶,https://news.yahoo.co.jp/articles/767b279d95433578c28854850ee20defb13346f3,No date found
jnn,TBS NEWS DIG Powered by JNN,€–S‚µ‚½Œ³Š²•”Eˆõ‚ªc‚µ‚½g‹^˜f‚Ì‰¹ºƒf[ƒ^hŒ§‹c‰ï‚ªæ‚èˆµ‚¢ŒŸ“¢@Ö“¡•ºŒÉŒ§’m–gƒpƒƒnƒ‰‹^˜fh,https://news.yahoo.co.jp/articles/4384e8c4680296ab0177b640f5005c1ebbf73bbd,No date found
jnn,TBS NEWS DIG Powered by JNN,“úŒo•½‹ÏŠ”‰¿ˆê300‰~ˆÈã’lã‚ª‚è@ƒgƒ‰ƒ“ƒvÄ‘IŠú‘Ò‚Å@NYƒ_ƒE‚Í–ñ2‚©Œ‚Ô‚èÅ‚’lXV,https://news.yahoo.co.jp/articles/0d0b420b98fcc8f11983feca1c537e52a0630f2d,No date found
jnn,TBS NEWS DIG Powered by JNN,Œx‰úƒŒƒxƒ‹5‚Ìu‹Ù‹}ˆÀ‘SŠm•Ûv‚«‚å‚¤Œß‘O6‚É‰ğœ@ˆ¤•QE¼Rs@œëĞØ–¾‘‚Ì\¿‚Ìó‚¯•t‚¯‚ğŠJn,https://news.yahoo.co.jp/articles/db6277f0b23be928b44d707638faf76ddbbd7a39,No date found
jnn,TBS NEWS DIG Powered by JNN,‚«‚å‚¤–¢–¾‘å‰J‚ÌÃ‰ªEŠ|ìs@ˆêu‹Ù‹}ˆÀ‘SŠm•Ûv”­—ß@Œ»İ‰ğœ‚àˆø‚«‘±‚«“y»ĞŠQ‚È‚Ç‚ÉŒx‰ú,https://news.yahoo.co.jp/articles/f5ea34894295f70ec86f81ce19145a6a662c61e7,No date found
jnn,TBS NEWS DIG Powered by JNN,eŒ‚‚©‚ç2“ú@ƒgƒ‰ƒ“ƒvpŒ©‚¹Œ’İƒAƒs[ƒ‹@‹¤˜a“}‘å‰ï‚Ì‰ïê•¦‚­@•›‘å“—ÌŒó•â‚Í39Îƒoƒ“ƒXã‰@‹cˆõ,https://news.yahoo.co.jp/articles/e0ca97b9b79396d75a9b24ab265b7deca750a71a,No date found
jnn,TBS NEWS DIG Powered by JNN,ƒgƒ‰ƒ“ƒvˆÃE–¢‹–Œ@ƒNƒ‹ƒbƒNƒX—e‹^Ò@–Œ‘O“ú‚É’nŒ³‚Ìƒ‰ƒCƒtƒ‹ËŒ‚ê‚Ö@–Œ”ŠÔ‘O‚É’e–ò50”­‚ğw“ü,https://news.yahoo.co.jp/articles/77d0f03903efa5ba065eccd550c52104c70b6494,No date found
jnn,TBS NEWS DIG Powered by JNN,Dream Aya‚³‚ñ@‘æ1q”DP‚ğ•ñu“V‚É‹F‚è‚È‚ª‚ç‰Æ‘°‚İ‚ñ‚È‚Å‘Ò‚Á‚Ä‚¢‚Ü‚µ‚½Bv,https://news.yahoo.co.jp/articles/4f418f8ce62871811289d80294cbb0357ac2e3ce,No date found
jnn,TBS NEWS DIG Powered by JNN,uŠX“ª‰‰àêŠü•Ó‚ÌŒx‰ú“O’ê‚ğv‘S‘‚ÌŒx@‚Éw¦@—ÑŠ¯–[’·Š¯@ƒgƒ‰ƒ“ƒvˆÃE–¢‹–Œ‚Å,https://news.yahoo.co.jp/articles/805c0f4034362c6d3db041f14e7350f098bcb5ef,No date found
jnn,TBS NEWS DIG Powered by JNN,•s–@‘Øİ‚Ì‹^‚¢ƒ^ƒC‚ÅS‘©‚³‚ê‚½“ú–{l‚Ì’j‚ğ‹­§‘—ŠÒ@“s“à‚Å’j«‚ğŠÄ‹Ö‚µ‚½‚È‚Ç‚Ì‹^‚¢‚Å’j‚ğ‘ß•ß‚Ö@Œx‹’¡,https://news.yahoo.co.jp/articles/ab6b5aee10061de97ffe08f3958a02e13ce48458,No date found
jnn,TBS NEWS DIG Powered by JNN,L––—Áq‚³‚ñ@ƒtƒ@ƒ“ƒNƒ‰ƒuİ—§‚ğ•ñ@‘Šú“ü‰ï“Á“T‚ÅuÀ•¨‰ïˆõØv‚ğƒvƒŒƒ[ƒ“ƒg,https://news.yahoo.co.jp/articles/d9031c8a83f7e563a658255b371cce0e4b39ecb4,No date found
jnn,TBS NEWS DIG Powered by JNN,“ìƒVƒiŠC‚Å’†‘‚ÆƒƒVƒA‚ªˆÙ—á‚Ì‡“¯ŒR–‰‰K@ƒAƒƒŠƒJ‚ğ‚¯‚ñ§‚©,https://news.yahoo.co.jp/articles/a0f0466013ef7f460339ea6b15b8939fbf202647,No date found
jnn,TBS NEWS DIG Powered by JNN,ç‘ã“c‹æ’k‡–Œ‚ÅŒ³‹æ‹c‚É—Lß”»Œˆ@’¦–ğ2”N6‚©Œ·s—P—\4”NuĞ‰ï‚ÌM—Š‚ğ‘¹‚È‚¤ˆ«¿‚È”Æsv“Œ‹’nÙ,https://news.yahoo.co.jp/articles/56a7f5a43759ff4d610ed30e501d6641ccbb315c,No date found
jnn,TBS NEWS DIG Powered by JNN,”½ƒgƒ‰ƒ“ƒv‘å‹K–ÍW‰ï@‹¤˜a“}E‘S‘‘å‰ïŠJÃ‚Ìƒ~ƒ‹ƒEƒH[ƒL[‚Å@ƒAƒƒŠƒJ‘å“—Ì‘I‹“,https://news.yahoo.co.jp/articles/380094fdf64c69cba6c96f0e0ccae40ddc15e9b3,No date found
jnn,TBS NEWS DIG Powered by JNN,39Îƒoƒ“ƒXã‰@‹cˆõ‚ª‹¤˜a“}•›‘å“—ÌŒó•â‚É@Œ³ì‰Æ@Š‘Ş‚µ‚½H‹Æ’n‘Ñuƒ‰ƒXƒgƒxƒ‹ƒgv‚Ì“úí•`‚¢‚½ì•i‚ÍƒxƒXƒgƒZƒ‰[,https://news.yahoo.co.jp/articles/47083063203403b6126e3e6e6a16b5fec4bd0f18,No date found
jnn,TBS NEWS DIG Powered by JNN,y‘¬•ñzˆïéE‚Â‚­‚Îs‚ÅZ‘î‚ª‘SÄ‚·‚é‰ÎĞ@2l‚Ìˆâ‘Ì”­Œ©@Zl‚Ì70‘ã•ê‚Æ40‘ã‘§q‚©@ˆïéŒ§Œx,https://news.yahoo.co.jp/articles/3e5e9b58645234bd10efb3f89e9acd54c785d850,No date found
jnn,TBS NEWS DIG Powered by JNN,ƒ‰ğœ„y“y»ĞŠQŒx‰úî•ñzÃ‰ªŒ§EŠ|ìsA‘Üˆäs,https://news.yahoo.co.jp/articles/a83ccf6c0922bc77bd95973fe108259d63830283,No date found
jnn,TBS NEWS DIG Powered by JNN,¡‰i¸‘¾u‚±‚Ìê‚É—§‚Á‚Ä‚¢‚é‚±‚Æ‚ÉŒÖ‚è‚ğ‚Á‚ÄŠæ’£‚évƒƒWƒƒ[1”N–Ú‚Å‹…‰ƒ‚ÖA•êe‚ÍuŒ¢‚Ì–Ê“|‚İ‚é‚©‚çs‚©‚È‚¢v,https://news.yahoo.co.jp/articles/6eeb3670431f7d0bbd137e05d543edbf8383ab7d,No date found
jnn,TBS NEWS DIG Powered by JNN,‘å’JãÄ•½u©•ª‚Ì‚Å‚«‚éƒpƒtƒH[ƒ}ƒ“ƒX‚ğ‚µ‚Á‚©‚è”­Šö‚·‚évg2”ÔEDHh‚ÅƒXƒ^ƒƒ“AHRƒ_[ƒr[‚ÍuƒeƒI‚ÉŸ‚Á‚Ä‚Ù‚µ‚¢v,https://news.yahoo.co.jp/articles/3c313cecee151955550b2aba303074d916ab2c0c,No date found
jnn,TBS NEWS DIG Powered by JNN,ƒgƒ‰ƒ“ƒv‚ª³®‚É‹¤˜a“}‚Ì‘å“—ÌŒó•â‚É@•›‘å“—ÌŒó•â‚ÍJEDEƒoƒ“ƒX,https://news.yahoo.co.jp/articles/b9305cdde899d2333628947f4a0d7d76ba116672,No date found
jnn,TBS NEWS DIG Powered by JNN,¼`“Œ“ú–{‚Í”~‰J‹ó@‹Ç’n“I‚ÉŒƒ‚µ‚¢‰J‚à@“y»ĞŠQ‚È‚Ç‚ÉŒx‰ú,https://news.yahoo.co.jp/articles/44dcee85b6aa016b8007991b87f21841242cfaf8,No date found
jnn,TBS NEWS DIG Powered by JNN,y‘¬•ñzƒ_ƒE•½‹ÏŠ”‰¿4–œ211ƒhƒ‹@–ñ2‚©Œ‚Ô‚è‚ÉjãÅ‚’l‚ğXV,https://news.yahoo.co.jp/articles/dc64777a1b7b263a26069fe4b6ab791ca683c120,No date found
jnn,TBS NEWS DIG Powered by JNN,•½¬–Œj:íŒãÅ‘å‚Ì‘‰ï‰®–Œi12j[u¡“ú‚ÌŒßŒãA“c•£‚ğ„‚ª’²‚×‚Ü‚·v“Á‘{•”•›•”’·‚Ìg–\‘–h,https://news.yahoo.co.jp/articles/b8615c85db8cb979b270da6323e2d51f55e22074,No date found
jnn,TBS NEWS DIG Powered by JNN,•ÄƒI[ƒ‹ƒXƒ^[ƒQ[ƒ€‚ ‚·ŠJ–‹‘å’J‘Iè‚ÌŠˆ–ô‚Í‹…ê‚Éƒtƒ@ƒ“‚Ìp,https://news.yahoo.co.jp/articles/0deadf796cd31dc09d319328843c3a0f9bb0a89a,No date found
jnn,TBS NEWS DIG Powered by JNN,y‘¬•ñzÃ‰ªEŠ|ìs‚Ìã“y•û’n‹æ‚É‹Ù‹}ˆÀ‘SŠm•Û,https://news.yahoo.co.jp/articles/f61808ace34deb8338d55187718113c596d846c8,No date found
jnn,TBS NEWS DIG Powered by JNN,y^…Œx•ñzÃ‰ªŒ§E‘ÜˆäsA‹eìs‚É”­•\,https://news.yahoo.co.jp/articles/36ada7feba7adb176f7b417763990c9d6d3d13dc,No date found
jnn,TBS NEWS DIG Powered by JNN,y“y»ĞŠQŒx‰úî•ñzÃ‰ªŒ§EŠ|ìsA‘Üˆäs‚É”­•\,https://news.yahoo.co.jp/articles/0cbb290f4fdb0a6c8ca239870e05e62efbf6adfd,No date found
jnn,TBS NEWS DIG Powered by JNN,y‘¬•ñzƒgƒ‰ƒ“ƒv‘O‘å“—Ì‚ª³®‚É‹¤˜a“}‚Ì‘å“—ÌŒó•â‚É,https://news.yahoo.co.jp/articles/4d90dc9979de3b7b84613c8dc8a2f9f2a25e2777,No date found
jnn,TBS NEWS DIG Powered by JNN,‰¡•ls—Î‹æ‚Ì‘“¹‚Åæ—pÔ‚ª•àsÒ‚ğ‚Í‚Ë‚é–ŒÌ@84Î’j«‚ª€–S@_“ŞìŒ§Œx,https://news.yahoo.co.jp/articles/ded146ae45cd3810ad1fce2161cf77aaf8c6080e,No date found
jnn,TBS NEWS DIG Powered by JNN,y‘¬•ñz‹¤˜a“}‚Ì•›‘å“—ÌŒó•â‚ÉJEDEƒoƒ“ƒXã‰@‹cˆõ@ƒgƒ‰ƒ“ƒv‘O‘å“—Ì‚ª”­•\,https://news.yahoo.co.jp/articles/026721b50564fe6e1ab2e32e868e12345985ebef,No date found
jnn,TBS NEWS DIG Powered by JNN,ƒgƒ‰ƒ“ƒvˆÃE–¢‹–Œ@—e‹^Ò‚Ì’jg–Œ‚Ì”ŠÔ‘O‚É’e–ò50”­w“üh,https://news.yahoo.co.jp/articles/69e7d802ddcc75dd1262490e898cacf4b4cfdb27,No date found
jnn,TBS NEWS DIG Powered by JNN,y^…Œx•ñzÃ‰ªŒ§E”Ö“csAŠ|ìs‚É”­•\,https://news.yahoo.co.jp/articles/e362ca901a8420e84b81b14baed748a1b57f5aad,No date found
jnn,TBS NEWS DIG Powered by JNN,y‘å‰JŒx•ñzÃ‰ªŒ§E‘Üˆäs‚É”­•\,https://news.yahoo.co.jp/articles/6b4489766d781e792b00316b3bc0d69a796c98e6,No date found
jnn,TBS NEWS DIG Powered by JNN,y‘å‰JŒx•ñzÃ‰ªŒ§E”Ö“csAŠ|ìs‚É”­•\,https://news.yahoo.co.jp/articles/af05f0f478df3502806eaa5184a9909970f7ed02,No date found
jnn,TBS NEWS DIG Powered by JNN,_“ŞìE‰¡{‰ê‚Åæ—pÔ‚ÆƒoƒCƒN‚Ì–ŒÌ@ƒAƒƒŠƒJŠCŒR‰¡{‰êŠî’nŠ‘®‚Ì’j«‚ª€–S,https://news.yahoo.co.jp/articles/651a2fdedd6fac893fd6f92b24652b3e3cc54a7b,No date found
jnn,TBS NEWS DIG Powered by JNN,y^…Œx•ñz“Ş—ÇŒ§E¶‹îs‚É”­•\,https://news.yahoo.co.jp/articles/bb87929124afcb5c7257f20e76dd4cef329a1982,No date found
jnn,TBS NEWS DIG Powered by JNN,y‘¬•ñz_“ŞìEŒú–Øs‚Ì’c’n‚Å‚—î—«‚Ìˆâ‘ÌŒ©‚Â‚©‚é@Œö–±·s–WŠQ‚Ì‹^‚¢‚Å“¯‚¶’c’n‚ÉZ‚Ş30Î’j‚ğŒ»s”Æ‘ß•ß@—«‚Ì€–S‚Æ‚ÌŠÖ˜A‚ğTd‚É‘{¸@_“ŞìŒ§Œx,https://news.yahoo.co.jp/articles/d7b1f50a1ef42b2e90c77e34834a1985d0637dd9,No date found
jnn,TBS NEWS DIG Powered by JNN,y‘å‰JŒx•ñz‘åã•{E“Œ‘åãs‚É”­•\,https://news.yahoo.co.jp/articles/7ec388a642aa4103e26483e06a5d6bcccf7f9053,No date found
jnn,TBS NEWS DIG Powered by JNN,ƒwƒCƒŠ[Œ³‘˜A‘åg‚à‹}‚«‚åQ‰Ác‹——£‚ğ’u‚¢‚Ä‚¢‚½l‚àƒgƒ‰ƒ“ƒv‚Æg˜A‘Ñh•\–¾@‹¤˜a“}“à‚Ìˆê‘ÌŠ´‚‚Ü‚é,https://news.yahoo.co.jp/articles/024f58c9876729ac5ace8b7c4c56b769309b050f,No date found
jnn,TBS NEWS DIG Powered by JNN,uËŒ‚‚ª‰ºè‚ÅŠëŒ¯v‚Z‚ÌËŒ‚•”g“ü•”‹‘”Ûh•ñ“¹‚àcƒNƒ‹ƒbƒNƒX—e‹^Ò‚È‚º”Æs‚ÉHƒgƒ‰ƒ“ƒvˆÃE–¢‹–Œ,https://news.yahoo.co.jp/articles/d124f92f03c7403156e62c719824c472dc37431c,No date found
jnn,TBS NEWS DIG Powered by JNN,‚²‚İÌ‚Äê‚ÉØ’fˆâ‘Ì@‘ß•ß‚Ì’ji33jg42l‚Ì—«EŠQh‚ğ‹Ÿq@Å‰‚Ì”íŠQÒ‚Í©•ª‚ÌÈ‚©@ƒPƒjƒA,https://news.yahoo.co.jp/articles/101f8dd299305b0defaf4306ae806690859d147c,No date found
jnn,TBS NEWS DIG Powered by JNN,‘S‘ˆêÄ‚Ì‹Œ—D¶•ÛŒì–@‘Š’k‰ï16“úŒß‘O10‚©‚ç“d˜bEFAX‚ÅÀ{@“ú•Ù˜A‚â‘S‘Še’n‚Ì•ÙŒìm‰ïåÃ,https://news.yahoo.co.jp/articles/836bb71bed71523cd4ff0213186e7c816134c735,No date found
jnn,TBS NEWS DIG Powered by JNN,ƒgƒ‰ƒ“ƒvu‹@–§•¶‘‚¿o‚µv‚Ì‹N‘i‚ğŠü‹p@ƒtƒƒŠƒ_B‚Ì˜A–M’nÙ,https://news.yahoo.co.jp/articles/7297a9ea6ee4ee5094d1125cb9a160b1b9c1957f,No date found
jnn,TBS NEWS DIG Powered by JNN,y‘å‰JŒx•ñz‘åã•{E‘åãsAäs‚É”­•\,https://news.yahoo.co.jp/articles/ecfd7391f49ee095a2e1a941179f917a570e0fe9,No date found
jnn,TBS NEWS DIG Powered by JNN,ƒ‰ğœ„y“y»ĞŠQŒx‰úî•ñzŠò•ŒŒ§E”ò‘Ës,https://news.yahoo.co.jp/articles/48ae5d71ef2a6dd94d94cee0cd92308a18c443a7,No date found
jnn,TBS NEWS DIG Powered by JNN,ŠC‚Ì“ú‚ÉŠC‚Å•·‚­!‚ ‚È‚½‚ÌuŠC‚Ìv‚¢ov‚Í?‚İ‚È‚³‚ñ‚Ì”ßŠì‚±‚à‚²‚à•·‚¢‚¿‚á‚¢‚Ü‚µ‚½!,https://news.yahoo.co.jp/articles/43378729ff375765efe21ad93ec1f00d33c75935,No date found
jnn,TBS NEWS DIG Powered by JNN,ÎìŒ§‚ÅÅ‘åk“x1‚Ì’nk@ÎìŒ§Eu‰ê’¬,https://news.yahoo.co.jp/articles/125d85dad0873d65530632764c022f76a2796327,No date found
jnn,TBS NEWS DIG Powered by JNN,‚¨•Ä‚Ì‚“«‚É©¡‘Ì‚à‘Îô@‹‚³‚É‹­‚¢•iíu•x•x•xv‚ÌÍ”|–ÊÏ‚ğg1.5”{h‚ÉŠg‘å‚Ö@•xRŒ§yNƒXƒ^‰ğàz,https://news.yahoo.co.jp/articles/a1de281dbe910980bdee00ad492b22ffd304842f,No date found
jnn,TBS NEWS DIG Powered by JNN,u“ú–{‚Å‚µ‚©è‚É“ü‚ç‚È‚¢vƒJƒŒ[ƒpƒ“A‚È‚ºŠO‘lŠÏŒõ‹q‚Él‹C?ƒ`[ƒY“ü‚èƒJƒŒ[ƒpƒ“‚Éu„‚ÌS‘Ÿ‚Í‚–Â‚Á‚½vyNƒXƒ^‰ğàz,https://news.yahoo.co.jp/articles/49dbf3dbffeb91c0c79ac18e2dd1ee238d8eafb8,No date found
jnn,TBS NEWS DIG Powered by JNN,ƒAƒ†’Ş‚è‘å‰ï‚ÌŠÄ‹ˆõ‚ğ‚µ‚Ä‚¢‚½74Î’j«@ì‚É—¬‚³‚ê€–S@Ã‰ªEˆÉ“¤s,https://news.yahoo.co.jp/articles/95358cceed7322abb56831f302ac5da68577a49b,No date found
jnn,TBS NEWS DIG Powered by JNN,ƒgƒ‰ƒ“ƒveŒ‚‚Å‹¤˜a“}‚ªŒ‹‘©‚©@ê–å‰Æge‹K§hul‚¦•Ï‚¦‚é‰Â”\«‚Ù‚Ú‚È‚¢v@ƒoƒCƒfƒ“‘å“—Ì‚Í‚Ç‚¤‚·‚é?yNƒXƒ^‰ğàz,https://news.yahoo.co.jp/articles/1d57b607f56c0ee60cc10f6dae3875ebd85fd136,No date found
jnn,TBS NEWS DIG Powered by JNN,yƒTƒbƒJ[zƒRƒpEƒAƒƒŠƒJ@ƒƒbƒV•‰Œğ‘ã‚Å†‹ƒ‚à—DŸ‚ÅÎŠç‚É@ƒAƒ‹ƒ[ƒ“ƒ`ƒ“2‘å‰ï˜A‘±jãÅ‘½16“x–Ú‚Ì—DŸ,https://news.yahoo.co.jp/articles/e78a3251b3cde4c1b42c2f23591ca56f19f83fe5,No date found
jnn,TBS NEWS DIG Powered by JNN,u‚±‚Ì‚Ü‚Ü‚¾‚ÆÄ’lã‚°v‚¨‚É‚¬‚è360‰~¨430‰~‚É@–Ò‹‰e‹¿g1“™h‚Ì‚¨•Ä‚ª‚“«@2“™•Ä‚Íg‘†‚«h‚Å‚¨‚¢‚µ‚­yNƒXƒ^‰ğàz,https://news.yahoo.co.jp/articles/7c6303dd1da82ff2b78137fc627f89caeb15060e,No date found
jnn,TBS NEWS DIG Powered by JNN,ƒgƒ‰ƒ“ƒvˆÃE–¢‹AŒx”õ‚É–â‘è‚Í?eŒ‚”Æ‚Æ‚İ‚ç‚ê‚é’j‚ğ–ÚŒ‚‚µ‚½lu’j‚ª‚æ‚¶“o‚Á‚Ä‚¢‚­‚Ì‚É‹C‚Ã‚¢‚½vyNƒXƒ^‰ğàz,https://news.yahoo.co.jp/articles/e3f3974eb457896099bda4bfc3c23f57a13f5ffd,No date found
jnn,TBS NEWS DIG Powered by JNN,‹£‰jƒƒ“ƒhƒ“ŒÜ—Ö‹âE“ü]—Ë‰îu…‚Ì–ŒÌ‚ª–³‚­‚È‚é‚æ‚¤‚ÉS‚©‚çŠè‚¢‚½‚¢v“ú–{ƒ‰ƒCƒtƒZ[ƒrƒ“ƒO‹¦‰ï‚Æ‹­—Íƒ^ƒbƒO !,https://news.yahoo.co.jp/articles/6db5321b5c74a94782ce2d45bbeb0d10999d9d5d,No date found
jnn,TBS NEWS DIG Powered by JNN,yL“‡z‘å”s 2˜AŸ‚Å~‚Ü‚è3ˆÊ‚É“]—...ƒAƒhƒDƒ‚ª4‰ñ‚Ü‚Å–ˆ‰ñ¸“_‚Ì10ˆÀ‘Å6¸“_ ‘Åü‚Í4ˆÀ‘Å‚Å“G¸‚Ì1“_ à_Œû‚ÉŠ®“ŠŸ—˜‚ğŒ£ã,https://news.yahoo.co.jp/articles/d6c295dabe2fe36a87192c569f20c5b63510c3b2,No date found
jnn,TBS NEWS DIG Powered by JNN,y‚È‚É‚í’jqE‘å¼—¬¯zƒrƒr‚è‚Èˆê–Ê–¾‚©‚·@”üpƒXƒ^ƒbƒt‚Éƒhƒ“ˆø‚«‚³‚ê‚é,https://news.yahoo.co.jp/articles/ebf2f525df1d1c192480e5f2fc92d13f7d363a0e,No date found
jnn,TBS NEWS DIG Powered by JNN,yDeNAz2˜AŸ‚Å‹l‚ÉƒQ[ƒ€·0‚Ì2ˆÊ•‚ãI4‰ñ‚Ü‚Å–ˆ‰ñ‚Ì6“¾“_ –q2í˜A”­‚Ì13†•’ÊZ300‘Å“_ à_Œû‚ª9‰ñ©Ó0‚ÅŠ®“ŠŸ—˜,https://news.yahoo.co.jp/articles/9c1c64fa7236f990a75978a7318e034c5b573714,No date found
jnn,TBS NEWS DIG Powered by JNN,yƒ„ƒNƒ‹ƒgz’†“ú‚É‹£‚èŸ‚¿8˜A”s‚Å~‚ß‚éI’†‘ºAR“c‚Ì“K‘Å‚È‚Ç2‰ñ‚É3“_æ§ 8‰ñ ‘ºã‚Ì“ñ“‚©‚ç’†‘º“K‘Å ƒ„ƒt[ƒŒ5Ÿ–Ú,https://news.yahoo.co.jp/articles/dc76926e97a32dded3ef172d4b6900e78fb4ea6e,No date found
jnn,TBS NEWS DIG Powered by JNN,y’†“úz8˜A”s’†ƒ„ƒNƒ‹ƒg‚É”’¯Œ£ã 2˜A”s‚ÅØ‹à6... ”~’Ã7‰ñ3¸“_‚Ì—Í“Š‚à6”s–Ú 8‰ñ‘ã‘ÅEÎìV‚à•¹E‘Å 5ˆÀ‘Å‚Å‚í‚¸‚©1“¾“_,https://news.yahoo.co.jp/articles/cd59d123b2e72cfa1bb72fc5ae0ea281fac7debc,No date found
jnn,TBS NEWS DIG Powered by JNN,y‘å‰JŒx•ñz ‰êŒ§Eb—Ç’¬‚É”­•\,https://news.yahoo.co.jp/articles/933aef84ce14603fda0ffb57eb0203c97724e374,No date found
jnn,TBS NEWS DIG Powered by JNN,”òŠE‰ƒƒ_ƒ‹‚Ö ‹Êˆä—¤“l uŒÜ—Ö‚Å‚Íƒm[ƒXƒvƒ‰ƒbƒVƒ…vƒpƒŠŒÜ—Ö‘OÅŒã‚ÌÀí‚Åè‰‚¦,https://news.yahoo.co.jp/articles/01604b89ccdb8c61b709589227f38b26bf2bf5c1,No date found
jnn,TBS NEWS DIG Powered by JNN,u——Dƒ‰ƒCƒg‚ª‚ ‚éŒÀ‚èŠæ’£‚évg1l‚ÅhÅ‘å8‘äA•¡”‚ÌƒoƒX‚ğ“¯‚ÉˆÄ“àƒŠƒ‚[ƒgƒoƒXƒKƒCƒh@‚Ç‚¤ˆÄ“à?yƒQƒL„‚µ‚³‚ñz,https://news.yahoo.co.jp/articles/23ee0a413b83f7f4667fdd054996c3d5a069806e,No date found
jnn,TBS NEWS DIG Powered by JNN,u5—ŞˆÚsŒãÅ‘å‚Ì”gvVŒ^ƒRƒƒiŠ³Ò9T˜A‘±‚Å‘‰Á^‰Ä‚Ì—¬s‚É‚Ç‚¤‘ÎˆH,https://news.yahoo.co.jp/articles/f69d46404727f3fa38e4d4f99e24e4dd28ce0d90,No date found
jnn,TBS NEWS DIG Powered by JNN,“sS‚Å‘‚¦‚éƒEƒ~ƒlƒRuƒjƒƒ[ƒjƒƒ[v‘å‰¹—Ê‚Ì–Â‚«º‚ÉZ–¯¢˜fAƒrƒ‹‚Ì‰®ã‚Å‘ƒì‚èc‘Îô”ï—p100–œ‰~‚à,https://news.yahoo.co.jp/articles/05f308533bfa788c383ac5950e031a6b74954012,No date found
jnn,TBS NEWS DIG Powered by JNN,y‘å‰JŒx•ñz ‰êŒ§Eˆ¤‘‘’¬A‘½‰ê’¬‚É”­•\,https://news.yahoo.co.jp/articles/a2e6cbe415d49df35505eacd21ffefa16ef699a4,No date found
jnn,TBS NEWS DIG Powered by JNN,ƒgƒ‰ƒ“ƒv‰‰à“à—e‚ğ‘S–Ê‘‚«Š·‚¦•Ä•ÛçŒnƒƒfƒBƒA“`‚¦‚é,https://news.yahoo.co.jp/articles/e87efe97e847cada7ce9b032c3cc8ef9a2cb93e9,No date found
jnn,TBS NEWS DIG Powered by JNN,y‘å‰JŒx•ñz ‰êŒ§E‘å’Ãs“ì•”A‹ß]”ª”¦sA‘’ÃsAŒI“ŒsA–ìFsAŒÎ“ìs‚È‚Ç‚É”­•\,https://news.yahoo.co.jp/articles/b56896ec0147825daae9c522def55d3bce789a87,No date found
jnn,TBS NEWS DIG Powered by JNN,y‚Â‚ñ‚­‰z‘wŠö–±‚ß‚éuTOKYOÂt‰f‰æÕv4‰ñ–ÚŠJÃ‚ÉŠì‚Ñu“–‰‚ÍŠwÕ‚ÌƒmƒŠ‚ª‚±‚ñ‚È—§”h‚È‰f‰æÕ‚Év,https://news.yahoo.co.jp/articles/5cb57dcf7b9aa513db0e6ef95c12430fd0af3c9b,No date found
jnn,TBS NEWS DIG Powered by JNN,y7Œ16“úŠÖ“Œ‚Ì“V‹Cz16“ú‚à‹ó–Í—l‚Í‚²‹@Œ™Î‚ß,https://news.yahoo.co.jp/articles/2fa99084e6e5a3c98066c4c4053c20e66ce9f635,No date found
jnn,TBS NEWS DIG Powered by JNN,ƒgƒ‰ƒ“ƒvˆÃE–¢‹–Œ@—e‹^Ò‚ÍE”\—Í‚‚¢uAR15vƒ‰ƒCƒtƒ‹‚Å”­–C‚©cgËŒ‚ƒNƒ‰ƒu‰ïˆõh•ñ“¹‚à,https://news.yahoo.co.jp/articles/69417597be4e3e2b1f5d6e839f704d674726db00,No date found
jnn,TBS NEWS DIG Powered by JNN,y^…Œx•ñz‹“s•{E“ì’Os‚É”­•\,https://news.yahoo.co.jp/articles/afe9312e912978d02f698d33b151769d9e0a3d31,No date found
jnn,TBS NEWS DIG Powered by JNN,y‘å‰JŒx•ñz•xRŒ§E•xRsA“ì“vsA—§R’¬‚É”­•\,https://news.yahoo.co.jp/articles/b0c41672f20ff6cc1219a0c0c587bc6071975087,No date found
jnn,TBS NEWS DIG Powered by JNN,¼‰®u‹‚ß‚µv•À·400‰~¨430‰~‚É’lã‚°‚Ö@[–é—¿‹à‚à–{Ši“±“ü@ŒßŒã10`Œß‘O5‚Ü‚Å7“‘OŒããæ‚¹,https://news.yahoo.co.jp/articles/0c99fb589fc89224a4554f3797551361d15d24df,No date found
jnn,TBS NEWS DIG Powered by JNN,yNissyz¼“‡—²O‚³‚ñ@”íĞ’n‚Öx‰‡•¨‘‚ğ“Í‚¯‚é@u­‚µ‚Å‚àx‰‡‚Ì—Ö‚ªL‚ª‚é–‚ğŠè‚¢‚Ü‚·v@y”\“o”¼“‡’nkz,https://news.yahoo.co.jp/articles/98f03238a4bc7c26180baddd43fc24a59d1e83c2,No date found
jnn,TBS NEWS DIG Powered by JNN,y‘å‰JŒx•ñz ‰êŒ§E‚“‡s‚É”­•\,https://news.yahoo.co.jp/articles/0544d0adad2b861ccb35ff840838b30cea19a47e,No date found
jnn,TBS NEWS DIG Powered by JNN,y“y»ĞŠQŒx‰úî•ñzŠò•ŒŒ§E”ò‘Ës‚É”­•\,https://news.yahoo.co.jp/articles/548e8c1c13db1cb80ae97d1acaa63b5405417a48,No date found
jnn,TBS NEWS DIG Powered by JNN,“c’†‚ê‚¢‚È‚³‚ñ@Œ‹¥•‘æ1q”DP‚ğ”­•\u­‚µ•sˆÀ‚à‚ ‚è‚Ü‚·‚ªAƒƒNƒƒN‚·‚é‹C‚¿‚Å‚¢‚Á‚Ï‚¢‚Å‚·v,https://news.yahoo.co.jp/articles/11cd313ee541bb324de298fdd143ae9c60ad7678,No date found
jnn,TBS NEWS DIG Powered by JNN,“Œ–¼‚‘¬iã‚èjˆ»£SIC•t‹ß‚Åa‘Ø24ƒLƒ@3˜A‹xÅI“ú‚Íñ“sŒ—‚Ì‚‘¬“¹˜HEã‚è‚Åa‘Øƒs[ƒN@Å‘å30ƒLƒ—\‘ª‚àyŒßŒã5”¼Œ»İz,https://news.yahoo.co.jp/articles/8ccfa9b4d31433b883cbddfeccc0c2bc57bf00ec,No date found
jnn,TBS NEWS DIG Powered by JNN,‚ ‚·‚à”~‰J‹ó‘±‚­@¼“ú–{E“Œ“ú–{‚ÍA“Ë‘R‚ÌŒƒ‚µ‚¢‰J‚Æƒ€ƒV‹‚³‚ÉŒx‰ú,https://news.yahoo.co.jp/articles/03ebf1709a1788040a8857fb3cb009e9fdc2829e,No date found
jnn,TBS NEWS DIG Powered by JNN,y‘å‰JŒx•ñz‹“s•{E“ì’OsA‹’O”g’¬‚É”­•\,https://news.yahoo.co.jp/articles/25ce8156f3b5c7b32a243b1ada49ee57618ba1e3,No date found
jnn,TBS NEWS DIG Powered by JNN,y’†ìãÄqzˆê‚ÉŒ‚És‚«‚½‚¢‚Ì‚Íu‘å’JãÄ•½vŒ»’n‚Å28†ƒz[ƒ€ƒ‰ƒ“‚ğB‰e‚µ‚Ä‘å‹»•±,https://news.yahoo.co.jp/articles/f9b9cc463546d6fb6d61d2cd2e927aa1f4c6bec9,No date found
jnn,TBS NEWS DIG Powered by JNN,Å‘åd—Ê3ƒgƒ“‚Ì‘åŒ^”š’e@ƒƒVƒAŒR‚ªƒEƒNƒ‰ƒCƒiŒR––Ú•W‚Ö‚Ì“Š‰º‰f‘œŒöŠJ,https://news.yahoo.co.jp/articles/f942e814085f706ad1de8da1cfa263f3c5f39add,No date found
jnn,TBS NEWS DIG Powered by JNN,y15“úEƒ„ƒNƒ‹ƒgƒXƒ^ƒƒ“zƒTƒ“ƒ^ƒi‚Í–•Á ŠÛR˜a1”Ô•’·‰ª2”Ô ‹{–{3”Ô ‘ºã4”Ô R“c7”Ô à_“c8”Ô æ”­Eƒ„ƒt[ƒŒ •ßè‚Í’†‘º,https://news.yahoo.co.jp/articles/a1ca55908efb3af9f225d3e532c8cacda5d1d0bf,No date found
jnn,TBS NEWS DIG Powered by JNN,y‘å‰JŒx•ñzŠò•ŒŒ§E”ò‘Ës‚É”­•\,https://news.yahoo.co.jp/articles/1877cfdb53f6fa96e5fdcd697c43beab78ab9ba2,No date found
jnn,TBS NEWS DIG Powered by JNN,135ƒ[ƒgƒ‹—£‚ê‚½Œš•¨‰®ã‚©‚çuAR15vƒ‰ƒCƒtƒ‹‚Å”­–C‚©c‰îŒì{İ‹Î–±‚ÌƒNƒ‹ƒbƒNƒX—e‹^Ò@‚Z‚Åu•‘•‚©‚ç‚©‚í‚ê‚Ä‚¢‚½vƒgƒ‰ƒ“ƒvˆÃE–¢‹–Œ,https://news.yahoo.co.jp/articles/8cb71678b18a1600577f51d1310ecacf69b64e3e,No date found
jnn,TBS NEWS DIG Powered by JNN,y15“úE’†“úƒXƒ^ƒƒ“z”ÂR1”ÔƒZƒJƒ“ƒh•‰ª—Ñ2”ÔƒZƒ“ƒ^[ ƒJƒŠƒXƒe3”ÔƒŒƒtƒg ‚‹´ü5”Ô ×ì6”Ôƒ‰ƒCƒg æ”­E”~’Ã •ßè‚Í‰Á“¡ ,https://news.yahoo.co.jp/articles/00f77dd09b2461b6b9f8069dcb221e55988eecfe,No date found
jnn,TBS NEWS DIG Powered by JNN,u’j«‚ª•‚‚¢‚Ä‚¢‚évŠâŒ©ì‚ÅƒTƒNƒ‰ƒ}ƒX’Ş‚è‚ğ‚µ‚Ä‚¢‚½‚Æ‚İ‚ç‚ê‚é60‘ã’j«€–S@H“cs,https://news.yahoo.co.jp/articles/365521d90cc05f9948d7b6e8f0ee4591a8a24e51,No date found
jnn,TBS NEWS DIG Powered by JNN,y15“úEDeNAƒXƒ^ƒƒ“zƒI[ƒXƒeƒBƒ“‚Íƒxƒ“ƒ` “x‰ï2”Ôƒ‰ƒCƒg ²–ì3”ÔƒŒƒtƒg ‹“c7”Ôƒtƒ@[ƒXƒg ƒVƒ‡[ƒgXŒh æ”­à_Œû •ßè‚ÍR–{,https://news.yahoo.co.jp/articles/ffb7fcf98fc020ed86d1c348fcc854d4304d7102,No date found
jnn,TBS NEWS DIG Powered by JNN,“Œ–¼‚‘¬iã‚èjˆ»£SIC•t‹ß‚Åa‘Ø22ƒLƒ@3˜A‹xÅI“ú‚Íñ“sŒ—‚Ì‚‘¬“¹˜HEã‚è‚Åa‘Øƒs[ƒN@Å‘å30ƒLƒ—\‘ª‚àyŒßŒã4”¼Œ»İz,https://news.yahoo.co.jp/articles/edfe2869e9e934606ed0df21f71c7b2cd56e885a,No date found
jnn,TBS NEWS DIG Powered by JNN,y15“úEL“‡ƒXƒ^ƒƒ“zƒVƒƒƒCƒi[‚ª8”Ôƒtƒ@[ƒXƒg –ìŠÔ2”Ô ã–{3”ÔƒŒƒtƒg ¬‰€4”ÔƒT[ƒh •ßèEÎŒ´5”Ô ‹e’r6”Ô æ”­EƒAƒhƒDƒ,https://news.yahoo.co.jp/articles/c6427fb208cbd4e8391084247fe836f3289d4816,No date found
jnn,TBS NEWS DIG Powered by JNN,y‹lz2‡˜A‘± ¡‹G14“x–ÚŠ®•••‰‚¯ ã_‚Æ0.5·‚Ék‚Ü‚é...“V“GEƒr[ƒYƒŠ[‚É5ˆÀ‘Å‚à–³“¾“_ Ô¯‚Í‘åR‚ÉŒˆŸ‘Å‚ğ—‚Ñ‚Ä6”s–Ú,https://news.yahoo.co.jp/articles/ace8311c2fe659c7842ed1e433e36511c6aab400,No date found
jnn,TBS NEWS DIG Powered by JNN,yã_z¡‹G15“x–Ú‚ÌŠ®••Ÿ‚¿ 2˜AŸ‚Å‹l‚É0.5·Iƒr[ƒYƒŠ[‚ª6‰ñ–³¸“_4Ÿ–Ú ‹Ë•~‚ªD‹~‰‡ ƒQƒ‰‚ª10S ‘åR‚ªŒˆŸ2“_“K‘Å,https://news.yahoo.co.jp/articles/0b449446486e8405dd63717b3016637f0f65b34d,No date found
jnn,TBS NEWS DIG Powered by JNN,uŒi‹C‚ª—Ç‚­‚È‚¢‚©‚çß–ñn‚ß‚Ü‚µ‚½v’†‘@¡”Nã”¼Šú‚¾‚¯‚Å100–œ“X‚ª•Â“X@áÒ‚Íg‚—îÒH“°h‚É,https://news.yahoo.co.jp/articles/447e2dd98c05317fe18b39a95279a5b18740ab46,No date found
jnn,TBS NEWS DIG Powered by JNN,y^…Œx•ñz‰ªRŒ§EŸ‰›’¬‚É”­•\,https://news.yahoo.co.jp/articles/760da770165d5ac0aa9f02c51e8d06a4f1d7b417,No date found
jnn,TBS NEWS DIG Powered by JNN,y^…Œx•ñz‹“s•{E‹’O”g’¬‚É”­•\,https://news.yahoo.co.jp/articles/30e0f1adc24b57a45d9fb26183be22dae0d1b825,No date found
jnn,TBS NEWS DIG Powered by JNN,‘¾•½—m18‚Ì“‡‘ƒgƒbƒv‚ª“Œ‹‚ÉWŒ‹u‘¾•½—mE“‡ƒTƒ~ƒbƒgv‘¶İŠ´‚ğ‹­‚ß‚é’†‘@“ú–{‚Ì‘_‚¢‚Æ‚Í,https://news.yahoo.co.jp/articles/133efc397eb433e4534ab047dcc947a0ee0ec58d,No date found
jnn,TBS NEWS DIG Powered by JNN,y^…Œx•ñz ‰êŒ§E•Fªs‚É”­•\,https://news.yahoo.co.jp/articles/c8c19003c96dcb0cc9eaf8106d22c8e09925f8e3,No date found
jnn,TBS NEWS DIG Powered by JNN,y^…Œx•ñz‰ªRŒ§E’ÃRs‚É”­•\,https://news.yahoo.co.jp/articles/4db90caf78e0c2d405ddd71bf126d550c9897bfe,No date found
jnn,TBS NEWS DIG Powered by JNN,¼–ìƒJƒi‚³‚ñ@V‹ÈMVƒhƒŒƒXp@ƒIƒtƒVƒ‡ƒbƒgŒöŠJu‘S•”ƒGƒ‚‚¢A‘¶İ‚ª‹~‚¢v@yŠˆ“®ÄŠJŒã100–œ‰ñÄ¶z,https://news.yahoo.co.jp/articles/64d26846dc795963f25dafe4130baf591e58f537,No date found
jnn,TBS NEWS DIG Powered by JNN,“Œ–¼‚‘¬iã‚èjˆ»£SIC•t‹ß‚Åa‘Ø22ƒLƒ@3˜A‹xÅI“ú‚Íñ“sŒ—‚Ì‚‘¬“¹˜HEã‚è‚Åa‘Øƒs[ƒN@Å‘å30ƒLƒ—\‘ª‚àyŒßŒã3”¼Œ»İz,https://news.yahoo.co.jp/articles/37fdacf03483af9d9eb00e1f8ab6c51dadb60a73,No date found
jnn,TBS NEWS DIG Powered by JNN,y‘å‰JŒx•ñz‰ªRŒ§E’ÃRs‚É”­•\,https://news.yahoo.co.jp/articles/14c2e213dedb8a2ef049a4b00c50c6ee1f25f071,No date found
jnn,TBS NEWS DIG Powered by JNN,y‘å‰JŒx•ñz’¹æŒ§Eá÷’¬‚É”­•\,https://news.yahoo.co.jp/articles/2c7e3849836a0871471c1fd57d0b1b00f2b03417,No date found
jnn,TBS NEWS DIG Powered by JNN,y‘å‰JŒx•ñz ‰êŒ§E•Fªs‚É”­•\,https://news.yahoo.co.jp/articles/81da8d156ed51b519ad1b1119151d1e438be95d4,No date found
jnn,TBS NEWS DIG Powered by JNN,y‘¬•ñz“Œ‹“s“à‚Å’j—10l‚ª”M’†Ç‚Ì‹^‚¢‚Å”À‘—@ŒßŒã3Œ»İ@“Œ‹Á–h’¡,https://news.yahoo.co.jp/articles/b8bed83c1c43824de3e53edd2423591603c6a285,No date found
jnn,TBS NEWS DIG Powered by JNN,y‘¬•ñz”ÑRs‚Æ–ì‘ò‰·ò‘º‚É‘å‰JŒx•ñ@16“ú–¾‚¯•û‚Ü‚Å“y»ĞŠQ‚ÉŒx‰ú‚ğ,https://news.yahoo.co.jp/articles/4b6fd343167c34c69377de14ac908d77a637a054,No date found
jnn,TBS NEWS DIG Powered by JNN,ƒtƒ@ƒ~ƒ}–{•”Ğˆõ‚ç‚ª‚ ‚·‚©‚çƒTƒ}[ƒ^ƒCƒ€À{@I‹ÆŠÔ‚ÍŒßŒã430•ª‚Én‹ÆŠÔ‚à1ŠÔ‘O“|‚µ,https://news.yahoo.co.jp/articles/c2a0267a5c790b8ee99ecac7c45d39ad4b5927c1,No date found
jnn,TBS NEWS DIG Powered by JNN,y‘å‰JŒx•ñz’·–ìŒ§E”ÑRsA–ì‘ò‰·ò‘º‚É”­•\,https://news.yahoo.co.jp/articles/dae34b8bdf30d0b2e747204af681b96f0f8dcd7e,No date found
jnn,TBS NEWS DIG Powered by JNN,3˜A‹xÅI“ú‚‘¬“¹˜Ha‘Ø’†‰›“¹E¬•§ƒgƒ“ƒlƒ‹•t‹ß‚Å19ƒLƒ@‚È‚Ç”­¶yŒßŒã230•ªŒ»İz,https://news.yahoo.co.jp/articles/9f988c71423215826807b874d171f694a04f10e1,No date found
jnn,TBS NEWS DIG Powered by JNN,ÎìŒ§‚ÅÅ‘åk“x1‚Ì’nk@ÎìŒ§E—Ö“‡sAŒŠ…’¬,https://news.yahoo.co.jp/articles/e636a232159d18d631c3eb9a2d7346126ccb8d97,No date found
jnn,TBS NEWS DIG Powered by JNN,y™‰Y‘¾—z•’ÒŠó”üz@q‚Ç‚à•sİ‚Ì‰ß‚²‚µ•û‚Íu–ìØƒf[ƒgv@ƒCƒxƒ“ƒg‚Åu‚½‚Ÿ‚­‚ñvu‚Ì‚ñv‚ÆŒÄ‚Ñ‡‚¤,https://news.yahoo.co.jp/articles/4e85dca4b47c42d92f0c9d9be405eaa1a8dc3bc0,No date found
jnn,TBS NEWS DIG Powered by JNN,ŠÏŒõ’nuŠ„‚Ì‘êv‚Ì—V•à“¹‚Å22l‚ªˆêæ‚èc‚³‚ê‚é@ì‚Ì‘…‚Ì‰e‹¿@ŒQ”nEÀ“cs,https://news.yahoo.co.jp/articles/177367bb1d00007201aa3aa6e7e2856e265be79b,No date found
jnn,TBS NEWS DIG Powered by JNN,ƒ‰ğœ„y“y»ĞŠQŒx‰úî•ñz­™“‡Œ§Eˆ¢‹vªsAo…sAF–€ì“às,https://news.yahoo.co.jp/articles/6e191ada7918780fb621c48e4aa49860dd535699,No date found
jnn,TBS NEWS DIG Powered by JNN,uƒRƒƒivuè‘«Œû•av‚ª–ÒˆĞ u”M’†Çv‚Æ“¯”­Ç‚à@g‚Ì‚Ç‚ÌÇóh‚É—v’ˆÓy‚Ğ‚é‚¨‚Ñz,https://news.yahoo.co.jp/articles/2feb7db8951576a922656fa6f7d9efaf300710fa,No date found
jnn,TBS NEWS DIG Powered by JNN,¼Ré“y»•ö‚ê”­¶4“ú–Ú“y»‚Ì“P‹ì‹Æ‘±‚­‚à‰J‚Å“ïq@¼Rs‚ ‚·‚©‚çu‚èĞØ–¾‘v”­só•t,https://news.yahoo.co.jp/articles/353731ec20a32305c476d2f5e2450628760f167a,No date found
jnn,TBS NEWS DIG Powered by JNN,•ºŒÉŒ§EÖ“¡’m–‚Ìƒpƒƒnƒ‰‹^˜f”­@€–S‚µ‚½Œ§Eˆõˆâ‘°‚ª‰¹ºƒf[ƒ^E’Âq‘‚ğ’²¸ˆÏ‚É’ño,https://news.yahoo.co.jp/articles/5068eff3670af539d8dee1deec305c7ff044467b,No date found
jnn,TBS NEWS DIG Powered by JNN,y‘å‰JŒx•ñzRŒûŒ§E”‹s‚É”­•\,https://news.yahoo.co.jp/articles/53e6589162cd3069f687089fa2fd8964b2075bf9,No date found
jnn,TBS NEWS DIG Powered by JNN,y15“úE‹lƒXƒ^ƒƒ“zâ–{‚Í3í˜A‘±ƒxƒ“ƒ` ‰ª–{˜a4”ÔƒT[ƒh ‘åé‘ì5”Ôƒtƒ@[ƒXƒg ²X–Ø8”ÔƒŒƒtƒg æ”­EÔ¯ •ßè‚ÍŠİ“c6”Ô,https://news.yahoo.co.jp/articles/7fb857f713e9d5f0a641640d4b1746ab22ce27f6,No date found
jnn,TBS NEWS DIG Powered by JNN,y15“úEã_ƒXƒ^ƒƒ“z‹ß–{1”Ô•’†–ì2”Ô –ìŒû3”Ôƒ‰ƒCƒg ²“¡‹P4”Ô ‘åR4”Ô ‘Oì6”Ô ƒVƒ‡[ƒg¬”¦ æ”­ƒr[ƒYƒŠ[ •ßè‚Í”~–ì,https://news.yahoo.co.jp/articles/e9645c8f22a0b8b9191d40a86749fcccc5d705ac,No date found
jnn,TBS NEWS DIG Powered by JNN,y‘¬•ñz’†‘‹¤Y“}u3’†‘‰ïvn‚Ü‚é@’·Šú“IŒoÏ­ô‚ğ‹c˜_Œi‹C’á–ÀE­q‚—î‰»‚É—LŒø‚Èè—§‚Ä‘Å‚Ä‚é‚©‚ªÅ“_,https://news.yahoo.co.jp/articles/598d3402e4e0cac4d8d19036c9970908a8757a1d,No date found
jnn,TBS NEWS DIG Powered by JNN,y‘å‰JŒx•ñzVŠƒŒ§E–­‚s‚É”­•\,https://news.yahoo.co.jp/articles/1cffc67d57b1a3416a48a005b5f4aab024c2e417,No date found
jnn,TBS NEWS DIG Powered by JNN,•–ö“Oq‚³‚ñ@u„A‚Ü‚¾‚Ü‚¾•‚‚¯‚é!v@ƒv[ƒ‹‚Åu…’†ƒˆƒKv‚ğ”â˜I@u‹C‚¿—Ç‚¢‚í‚æ!v,https://news.yahoo.co.jp/articles/e36ef9801aa1616499acac4225e32d46f386ff0e,No date found
jnn,TBS NEWS DIG Powered by JNN,‹ãB‚Í“y»ĞŠQ‚ÉŒµdŒx‰ú@‚ ‚·‚É‚©‚¯‚Ä“Œ–k‚©‚ç‹ãB‚É‚©‚¯‚Ä”~‰J‹ó‘±‚­@Œƒ‚µ‚¢—‹‰J‚ÌŠ‚à,https://news.yahoo.co.jp/articles/a119d24dfe659c89b4332a45dd9146263d282e06,No date found
jnn,TBS NEWS DIG Powered by JNN,uÔ2‘ä‚ª‚Ô‚Â‚©‚èì‚É—‚¿‚½vŒyƒgƒ‰ƒbƒN‚Ææ—pÔ‚ªÕ“Ë‚µ2‘ä‚Æ‚àì‚É“]—@æ—pÔ‚Ì2l‚ªŒ»ê‚©‚ç—§‚¿‹‚é@“È–Øs,https://news.yahoo.co.jp/articles/ef30aa430ea7c4fccb243028352f34eee0363363,No date found
jnn,TBS NEWS DIG Powered by JNN,3˜A‹xÅI“ú‚‘¬“¹˜Ha‘Ø—\‘ª—[•û`–é‚Ìã‚è‚ªƒs[ƒNŠÖ‰z“¹E‚âSA•t‹ß‚ÅÅ‘å35ƒLƒ,https://news.yahoo.co.jp/articles/5b477e1659130f10f2f68d13ea62c5dbc6b402d4,No date found
jnn,TBS NEWS DIG Powered by JNN,‰«“êE“ß”e‚ÍÅ‚‹C‰·35“x—\‘z‚Å”M’†ÇŒx‰úuŠCAÅ‚Iv’©‘‚­‚©‚çŠC…—‚ğŠy‚µ‚Şp‚à,https://news.yahoo.co.jp/articles/22a3cdb280fff9767a46eee2bdb659c42bb1f862,No date found
jnn,TBS NEWS DIG Powered by JNN,“Œ‹‘ÛƒNƒ‹[ƒYƒ^[ƒ~ƒiƒ‹‚ÅŠCã•ÛˆÀ’¡‚Ì‘ª—Ê‘D‚È‚Ç‘ÌŒ±æ‘D‚Å‚«‚éƒCƒxƒ“ƒgŠJÃeq‚ÅŠy‚µ‚Şp,https://news.yahoo.co.jp/articles/428bf32398577d6d740f2e5e5a68b97c97acb254,No date found
jnn,TBS NEWS DIG Powered by JNN,”\“o”¼“‡’nk‚Å•ö—‹à‘òsE‰œ‰K’CR•æ’nŒö‰€‚ÅV–~‚ÌŠú‚É‡‚í‚¹—Õ‚ÌŒ£‰ÔŠİ’u,https://news.yahoo.co.jp/articles/96420fb9a539f9bdcca79f275fd9cf5b231abb5f,No date found
jnn,TBS NEWS DIG Powered by JNN,ƒjƒbƒ`ƒF@]ãŒhq‚³‚ñ@3Î‘§q‚ªw‘«‚ª’É‚¢xw•à‚¯‚È‚¢xw—§‚Â‚±‚Æ‚ào—ˆ‚È‚¢x@f’fŒ‹‰Ê–¾‚©‚·,https://news.yahoo.co.jp/articles/6ad974a51443ddb5fb9d6fd82d1f4959ee1980f8,No date found
jnn,TBS NEWS DIG Powered by JNN,“ú–{‰ƒ‰ƒuƒXƒg[ƒŠ[‚Ì”­Ë’n@’¹æE”’“eŠCŠİ‚Å5”N‚Ô‚èŠC…—êŠJİ@‚¯‚³‚©‚ç‚Í50l‚ªˆêÄ´‘|,https://news.yahoo.co.jp/articles/c29a1498c7bf05eadf3e0ed9b7e160ec95adf839,No date found
jnn,TBS NEWS DIG Powered by JNN,“ú–{Å–k’[‚Ì“”‘äE@’J–¦“”‘ä@ŠC‚Ì“ú‚É”N‚Éˆê“x‚Ìˆê”ÊŒöŠJ@•’i“ü‚ê‚È‚¢“W–]º‚ÌŒ©Šw‚È‚Ç‰Â”\,https://news.yahoo.co.jp/articles/00dce4535d75c3ae06c74cffc9bc4306d70371bc,No date found
jnn,TBS NEWS DIG Powered by JNN,yÚ•ñzuŠëŒ¯Œx•ñvVİ‚¾‚¯‚ªƒ|ƒCƒ“ƒg‚Å‚Í‚È‚¢@‹CÛ‚ÉŠÖ‚·‚é–hĞî•ñ‚Í2”NŒãA‚±‚¤•Ï‚í‚é@‘æ3‰ñgl‚ğ“®‚©‚·î•ñ‚ğ–Úw‚µ‚Äh,https://news.yahoo.co.jp/articles/11b1e36ca52c9dc3a8e609e12191f46cfc2a9121,No date found
jnn,TBS NEWS DIG Powered by JNN,”‘½‹_‰€RŠ}@ƒtƒBƒi[ƒŒü‚é’Ç‚¢RŠ}‚ªs‚í‚ê‚é—E‘s‚Èäl‚«RŠ}‚ª‘’©‚ÌŠX‚ğ‹ì‚¯”²‚¯‚é,https://news.yahoo.co.jp/articles/e65934883567406b113116706d77a67f9097c9f0,No date found
jnn,TBS NEWS DIG Powered by JNN,‹ãBVŠ²ü‘å‰J‰e‹¿‚Ån”­‚©‚çŒF–{`­™“‡’†‰›‚Å‰^“]Œ©‡‚í‚¹@‹CÛ‘ä“y»ĞŠQŒx‰úŒÄ‚Ñ‚©‚¯,https://news.yahoo.co.jp/articles/8a7f9484d9e4b293f1dc8cc6b29e6875daf90bd3,No date found
jnn,TBS NEWS DIG Powered by JNN,’†‘¡”N‚S`6ŒGDP{4.7%@1Œ`3Œ5.3%‚©‚çŒ¸‘¬@‹¤Y“}‚Ìd—v‰ï‹cu3’†‘‰ïvn‚Ü‚é,https://news.yahoo.co.jp/articles/09da8ca196dc59d8e4dd939869e20f081c119227,No date found
jnn,TBS NEWS DIG Powered by JNN,ƒCƒXƒ‰ƒGƒ‹ŒR‚ªƒKƒU’†•”‚ÌŠwZUŒ‚17lˆÈã€–S80l‚¯‚ªƒpƒŒƒXƒ`ƒil€Ò‚Í–ñ3–œ9çl‚É,https://news.yahoo.co.jp/articles/8c7daa5ccc351a648a2cd9fc093674f901e58ba8,No date found
jnn,TBS NEWS DIG Powered by JNN,ƒgƒ‰ƒ“ƒvˆÃE–¢‹–Œ@ƒNƒ‹ƒbƒNƒX—e‹^Ò@Œ„‚ğ“Ë‚¢‚Ä”­–C‚©@‚Z“¯‹‰¶u”Ş‚Í‚¢‚¶‚ß‚ç‚ê‚Ä‚¢‚Äcv,https://news.yahoo.co.jp/articles/6b191d5156b25a76de50cce850c57e2c8cdbb964,No date found
jnn,TBS NEWS DIG Powered by JNN,‘å‰J‰e‹¿’·ès‚Å7ƒ[ƒgƒ‹‚Ì“d’Œ‚ªÜ‚ê“¹˜H‚Ó‚³‚®ü•ÓZ‘î120ŒË‚ª–ñ2ŠÔ’â“d,https://news.yahoo.co.jp/articles/9efd51a0a6a1a20c49b3e6a07926c648c5c9068c,No date found
jnn,TBS NEWS DIG Powered by JNN,ƒgƒ‰ƒ“ƒvˆÃE–¢‹–Œ‚©‚çˆê–é‹¤˜a“}‘å‰ï‚ÉŒü‚¯‚ÄŒ»’n“ü‚è‹ó`“’…‚É‚Í‰Eè“Ë‚«ã‚°,https://news.yahoo.co.jp/articles/81a3874f83e341f5cfe83a470ac128f627667284,No date found
jnn,TBS NEWS DIG Powered by JNN,y‘¬•ñz’†‘¡”N4`6ŒGDP+4.7%‚Æ”­•\@1`3Œ5.3%‚©‚çŒ¸‘¬@•s“®Y‹Æ‚Ì’á–À‚ªŒ´ˆö‚©,https://news.yahoo.co.jp/articles/666c22c918e89e47b46ad566fb82263038410e1e,No date found
jnn,TBS NEWS DIG Powered by JNN,‰pEƒLƒƒƒTƒŠƒ“”Ü‚ªƒeƒjƒXEƒEƒBƒ“ƒuƒ‹ƒhƒ“ŠÏí@‚ª‚ñ¡—Ã’†‚Å–ñ1‚©Œ‚Ô‚èŒö‚Ìê‚Ép,https://news.yahoo.co.jp/articles/8fa07e87cb0b2b6db3e271b048077cc7cefae21a,No date found
jnn,TBS NEWS DIG Powered by JNN,ƒgƒ‰ƒ“ƒvˆÃE–¢‹–Œ‚©‚ç1“úueŒ‚Ò‚É—\’è‚ğ•ÏX‚³‚¹‚È‚¢vƒgƒ‰ƒ“ƒvƒ^ƒ[‘O‚É‘å¨‚ÌxÒ,https://news.yahoo.co.jp/articles/9adfeceaa2569207473293200b3f20f8ad39105d,No date found
jnn,TBS NEWS DIG Powered by JNN,ƒ‰ğœ„y“y»ĞŠQŒx‰úî•ñz•Ÿ‰ªŒ§E’}‡–ìsA“ß‰Ïìs,https://news.yahoo.co.jp/articles/e2d8647b391c4a59a41e7ecddf8e84308a2720f8,No date found
jnn,TBS NEWS DIG Powered by JNN,ƒXƒ|[ƒcƒNƒ‰ƒCƒ~ƒ“ƒO“ú–{‘ã•\EXHÊAW”tƒŠ[ƒh‚Å—DŸ ! ƒpƒŠŒÜ—Ö‚Å‚Ìƒƒ_ƒ‹Šl“¾‚É’e‚İ,https://news.yahoo.co.jp/articles/fd106ec2aa660ffe82eca9e4134c3e8b18ebc3ff,No date found
jnn,TBS NEWS DIG Powered by JNN,y‘å‰JŒx•ñz•Ÿ“‡Œ§E¬–ì’¬‚É”­•\,https://news.yahoo.co.jp/articles/5979333245632b281f3c947e33d23031ebbb3e10,No date found
jnn,TBS NEWS DIG Powered by JNN,y‘å‰JŒx•ñz•Ÿ“‡Œ§E‚¢‚í‚«s‚É”­•\,https://news.yahoo.co.jp/articles/020f8a73e3c81ec2f2f1405068deea465dba8e6e,No date found
jnn,TBS NEWS DIG Powered by JNN,y‘å‰JŒx•ñz‘å•ªŒ§E’†’ÃsA‰F²sA‹ãd’¬A‹èì’¬‚É”­•\,https://news.yahoo.co.jp/articles/5b6d31bb1200633c506c595d603679a7e2d8f1ad,No date found
jnn,TBS NEWS DIG Powered by JNN,‹e’r—Y¯ 5‰ñ“r’†7¸“_A4‰ñ‚Ü‚Å–³¸“_‚ÌD“Š‚à5‰ñ‚É4l€‹…‚Æ‘å—’²A7“_ƒŠ[ƒhç‚ê‚¸1‚©Œ‚Ô‚è‚Ì”’¯‚È‚ç‚¸,https://news.yahoo.co.jp/articles/ecf7aebc5ae428791b542a6129d711c0a2e9662a,No date found
jnn,TBS NEWS DIG Powered by JNN,y‘å‰JŒx•ñz•Ÿ‰ªŒ§E’©‘qsA“Œ•ô‘º‚É”­•\,https://news.yahoo.co.jp/articles/3e0b92f2bad77f2da923c3a3d2ab9bbc4ba0bbce,No date found
jnn,TBS NEWS DIG Powered by JNN,y^…Œx•ñz­™“‡Œ§E­™“‡sA‚¢‚¿‚«‹ø–Ø–ìs‚É”­•\,https://news.yahoo.co.jp/articles/5dc5896c17db31d47f5e1ec73d6afbf691e4887a,No date found
jnn,TBS NEWS DIG Powered by JNN,—qƒSƒ‹ƒtEŒÃ]Ê‰À‚ªƒƒWƒƒ[‰§”e ! ÅI18”ÔAƒC[ƒOƒ‹ƒtƒBƒjƒbƒVƒ…‚Å“ú–{¨4l–Ú‚Ì‰õ‹“’B¬,https://news.yahoo.co.jp/articles/36211cbb6edd9b0ba1fd486f6cc2bc3cd60f9d5e,No date found
jnn,TBS NEWS DIG Powered by JNN,y‘å‰JŒx•ñz“‡ªŒ§E•l“csA]’Ãs‚É”­•\,https://news.yahoo.co.jp/articles/b7298cb7415b4942bd98d16272699950c37e1c9c,No date found
jnn,TBS NEWS DIG Powered by JNN,y‘å‰JŒx•ñz­™“‡Œ§E“ì‚³‚Â‚ÜsA“ì‹ãBs‚É”­•\,https://news.yahoo.co.jp/articles/1b37d0923311edf3b61e91c72a155e88d140a905,No date found
jnn,TBS NEWS DIG Powered by JNN,y‘å‰JŒx•ñz•Ÿ‰ªŒ§E¬ŒSs‚É”­•\,https://news.yahoo.co.jp/articles/4f1e3c4331ddacc9290a5b7fd2dd47aba0fc3f8c,No date found
jnn,TBS NEWS DIG Powered by JNN,‹ãB–k•”’n•ûA‚«‚å‚¤‚àŒß‘O’†‚É‚©‚¯AÄ‚Ñüó~…‘Ñ”­¶‚·‚é‚¨‚»‚ê@‹CÛ‘ä‚Í“y»ĞŠQ‚È‚ÇŒµd‚ÈŒx‰úŒÄ‚Ñ‚©‚¯,https://news.yahoo.co.jp/articles/6d6c758600711b0a8e6289d64eb5dc9174b84da5,No date found
jnn,TBS NEWS DIG Powered by JNN,y“y»ĞŠQŒx‰úî•ñz•Ÿ‰ªŒ§E’}‡–ìs‚É”­•\,https://news.yahoo.co.jp/articles/a9f5a9bdd0a2c96c9c2b85fd8978227b0a8a9fae,No date found
jnn,TBS NEWS DIG Powered by JNN,y‘å‰JŒx•ñz•Ÿ‰ªŒ§E’}‡–ìs‚É”­•\,https://news.yahoo.co.jp/articles/08d76075a3f6774cf96d2944bb535ac43ddfcea9,No date found
jnn,TBS NEWS DIG Powered by JNN,‹ãB–k•”‚Åüó~…‘Ñ”­¶‚Ì‚¨‚»‚ê@TŒã”¼‚Í‘±X‚Æ”~‰J–¾‚¯‚Ö,https://news.yahoo.co.jp/articles/f69acf08e5a647774e8f9565952ddfdb162d203a,No date found
jnn,TBS NEWS DIG Powered by JNN,y‘å‰JŒx•ñz²‰êŒ§E²‰êsA’¹²sA_ésA‹g–ìƒ–—¢’¬AŠîR’¬Aã•ô’¬‚È‚Ç‚É”­•\,https://news.yahoo.co.jp/articles/39102dd8a28da3322acc6df08f2ce0448e24b7c0,No date found
jnn,TBS NEWS DIG Powered by JNN,"•½¬–Œj@íŒãÅ‘å‚Ì‘‰ï‰®–Œi11j[w“ü‚µ‚½ŠG‰æ‚ğu‚»‚Ì‚Ü‚Ü‘qŒÉ‚É•ÛŠÇv@ŠG‰æ‘ä’ ‚©‚ç“Ç‚İ‰ğ‚­g— ‹àh3‰­2,000–œ‰~‚Ì“ä",https://news.yahoo.co.jp/articles/eb9d01484272b22555e4b534e36f1479e069fcde,No date found
jnn,TBS NEWS DIG Powered by JNN,yEURO2024ŒˆŸzƒXƒyƒCƒ“‚ª‘å‰ïjãÅ‘½4“x–Ú‚Ì—DŸIƒCƒ“ƒOƒ‰ƒ“ƒh‚ğ2-1‚ÅŒ‚”j‚µA3‘å‰ï‚Ô‚è‚Ì‰hŠ¥,https://news.yahoo.co.jp/articles/15d3946d05a347164268144cb29ce619427f767d,No date found
jnn,TBS NEWS DIG Powered by JNN,y“y»ĞŠQŒx‰úî•ñz•Ÿ‰ªŒ§E“ß‰Ïìs‚É”­•\,https://news.yahoo.co.jp/articles/8f051d5fe429e15dea6a1beb1fc7c6ba34b89742,No date found
jnn,TBS NEWS DIG Powered by JNN,Ô‚ªŒ§“¹‚í‚«‚Ì¬‰®‚É“Ë‚Á‚İ‘SÄ@2l€–SA1l‚¯‚ª@ÂXEO‘òs,https://news.yahoo.co.jp/articles/0beebddd9a76a935edf4dfbbbbc7636e26657e10,No date found
jnn,TBS NEWS DIG Powered by JNN,ƒgƒ‰ƒ“ƒv‚ÌˆÃE–¢‹ó‚¯AƒoƒCƒfƒ“‘å“—ÌA—e‹^Ò‚É‚Â‚¢‚ÄuŸè‚É“®‹@‚ğŒˆ‚ß‚Â‚¯‚È‚¢‚Åv—e‹^Ò‚ÌÔ‚©‚ç‚Í•¡”‚Ì”š”­•¨@–Œó‚¯AŒx@’¡‚ª‘S‘‚É—vlŒxŒì‚Ì‚³‚ç‚È‚é“O’êw¦,https://news.yahoo.co.jp/articles/391b28d9b77433c709ef313df81435c5ec8f06b6,No date found
jnn,TBS NEWS DIG Powered by JNN,y‘å‰JŒx•ñz•Ÿ‰ªŒ§E“ß‰Ïìs‚É”­•\,https://news.yahoo.co.jp/articles/1f50abca60d7091d45a4f42f9d76ef48f9b73d6e,No date found
jnn,TBS NEWS DIG Powered by JNN,‘å’JãÄ•½ ¡‹G36“x–Ú‚Ìƒ}ƒ‹ƒ`ƒqƒbƒgAƒ}ƒGƒPƒ“‚Í’†Œp‚¬‚ÅD“Š ƒhŒR‚Í‚Ü‚³‚©‚Ì2‡˜A‘±ƒTƒˆƒiƒ‰•‰‚¯,https://news.yahoo.co.jp/articles/637cacd6f8e2b112d0d4de0bf74db723845a8e10,No date found
jnn,TBS NEWS DIG Powered by JNN,y‘å‰JŒx•ñzVŠƒŒ§E–­‚s‚É”­•\,https://news.yahoo.co.jp/articles/0d3b84a7fed455d5b399371f95578fd503437f16,No date found
jnn,TBS NEWS DIG Powered by JNN,y‘å‰JŒx•ñz­™“‡Œ§E‚¢‚¿‚«‹ø–Ø–ìs‚É”­•\,https://news.yahoo.co.jp/articles/cab97ef38588b914fc30cfd8a6bff0a74f827339,No date found
jnn,TBS NEWS DIG Powered by JNN,y‘å‰JŒx•ñzŒF–{Œ§E‘Š—Ç‘º‚É”­•\,https://news.yahoo.co.jp/articles/ae2f6b1cabf9a7867587ba126fdef49a8b052886,No date found
jnn,TBS NEWS DIG Powered by JNN,ƒgƒ‰ƒ“ƒv‘O‘å“—Ì‚ÌˆÃE–¢‹–Œ@ƒoƒCƒfƒ“‘å“—ÌA—e‹^Ò‚Ì“®‹@‚É‚Â‚¢‚ÄuŸè‚É“®‹@‚ğŒˆ‚ß‚Â‚¯‚È‚¢‚Å‚Ù‚µ‚¢v,https://news.yahoo.co.jp/articles/60b497c13d00a0bb915017661adbb253d4be5736,No date found
jnn,TBS NEWS DIG Powered by JNN,y“y»ĞŠQŒx‰úî•ñz­™“‡Œ§EF–€ì“às‚É”­•\,https://news.yahoo.co.jp/articles/844f961b96cd53f5e6355935d8f38df01986a85c,No date found
jnn,TBS NEWS DIG Powered by JNN,y‘å‰JŒx•ñzŒF–{Œ§El‹gsA‰FésA‹Ñ’¬AR]‘ºA‹…–‘º‚É”­•\,https://news.yahoo.co.jp/articles/c4ece8132029fc0d5fd0e5c85d226cde3977dce5,No date found
jnn,TBS NEWS DIG Powered by JNN,ŠïPUŒ‚ñ–d‚Ìƒnƒ}ƒXŒR–•”–åŠ²•”‚ğEŠQ@ƒKƒU‘S“y‚ÅŒƒ‚µ‚¢UŒ‚‘±‚­,https://news.yahoo.co.jp/articles/404a7225bebbcb0c2bef1da55e93c92529741cb6,No date found
jnn,TBS NEWS DIG Powered by JNN,y‘å‰JŒx•ñz­™“‡Œ§E’·“‡’¬‚É”­•\,https://news.yahoo.co.jp/articles/9f705ca147cfa73b6be17706e5b99617cdb042a9,No date found
jnn,TBS NEWS DIG Powered by JNN,“Œ‹“s‚ÅÅ‘åk“x1‚Ì’nk@“Œ‹“sE”ªä’¬,https://news.yahoo.co.jp/articles/a88ee4f596b82fd04b774b75c166b0af7a4593f9,No date found
jnn,TBS NEWS DIG Powered by JNN,y^…Œx•ñzÎìŒ§Eµ”ös‚É”­•\,https://news.yahoo.co.jp/articles/3fc0840481519cdc52f83d5681bed61d702b061d,No date found
jnn,TBS NEWS DIG Powered by JNN,y‘å‰JŒx•ñzŒF–{Œ§E—è–k’¬‚É”­•\,https://news.yahoo.co.jp/articles/297b3928058d4e2c7be31f811be72264bc811114,No date found
jnn,TBS NEWS DIG Powered by JNN,Œ»‹à–ñ60–œ‰~‚ğ’D‚Á‚½‚¤‚¦•v•w‚É‚¯‚ª‚ğ‚³‚¹‚½‰ïĞˆõ‚Ì’j‚ğ‘ß•ß@“È–ØE‰F“s‹{s,https://news.yahoo.co.jp/articles/1673a8468dd7fc0bcc1dea936aea56b84a9bcc96,No date found
jnn,TBS NEWS DIG Powered by JNN,‹•l‹}sƒoƒX‚ªƒoƒX’â•t‹ß‚Å50`60‘ã‚Ì’j«‚ğ‚Ğ‚­€–S–ŒÌ@_“ŞìE‰¡{‰ês,https://news.yahoo.co.jp/articles/bc96553ee2c87c8eca9f88e141d55b49993b1c36,No date found
jnn,TBS NEWS DIG Powered by JNN,y“y»ĞŠQŒx‰úî•ñz­™“‡Œ§Eˆ¢‹vªsAo…s‚É”­•\,https://news.yahoo.co.jp/articles/01455aa8a8219874039b0de6dad5004c4f4c94a2,No date found
jnn,TBS NEWS DIG Powered by JNN,‚ª‚ñ¡—Ã’†‚ÌƒLƒƒƒTƒŠƒ“”Ü‚ªƒEƒBƒ“ƒuƒ‹ƒhƒ“ŠÏí,https://news.yahoo.co.jp/articles/e389c870f4bf4c9a08ed9e15109bb7f1325bb1e1,No date found
jnn,TBS NEWS DIG Powered by JNN,3˜A‹xÅI“ú@‚‘¬“¹˜Hã‚è‚Ìa‘Øƒs[ƒN@Å‘å‚Å35ƒLƒ‚Ìa‘Ø—\‘ª‚à,https://news.yahoo.co.jp/articles/71222b8a9f78868a464a756a087e805c6ffa5103,No date found
jnn,TBS NEWS DIG Powered by JNN,ƒgƒ‰ƒ“ƒv‘O‘å“—Ì‚ÌˆÃE–¢‹–Œ@•ÄƒƒfƒBƒAu—e‹^Ò‚ÌÔ‚©‚ç•¡”‚Ì”š”­•¨Œ©‚Â‚©‚év‚Æ•ñ‚¶‚é‚àAˆË‘R‚Æ‚µ‚Ä“®‹@•s–¾@–Œó‚¯AŒx@’¡‚ª‘S‘‚É—vlŒxŒì‚Ì‚³‚ç‚È‚é“O’êw¦,https://news.yahoo.co.jp/articles/1c20ff77eb562f26daea64ccd0dc57e2204319cf,No date found
jnn,TBS NEWS DIG Powered by JNN,‹ãB–k•”’n•û‚Í‚«‚Ì‚¤‚É‘±‚«A‚«‚å‚¤‚àŒß‘O’†‚É‚©‚¯üó~…‘Ñ”­¶‚Ì‰Â”\«‚ ‚è@‹CÛ‘ä‚Í“y»ĞŠQ‚È‚ÇŒµd‚ÈŒx‰úŒÄ‚Ñ‚©‚¯,https://news.yahoo.co.jp/articles/f6efb4266e8855e792a988f4d9a69788e64f0834,No date found
jnn,TBS NEWS DIG Powered by JNN,y‘å‰JŒx•ñz’·èŒ§E’·èsA²¢•Ûsi‰F‹v’nˆæ‚ğœ‚­jAæ|‘sA‘å‘ºsAŒÜ“‡sA¼ŠCsi]“‡E•½“‡‚ğœ‚­j‚È‚Ç‚É”­•\,https://news.yahoo.co.jp/articles/4b0867b8dc18188eb0c57b689ac0f679b011d306,No date found
jnn,TBS NEWS DIG Powered by JNN,ˆ¤•QŒ§A‚’mŒ§‚ÅÅ‘åk“x1‚Ì’nk@ˆ¤•QŒ§Eˆ¤“ì’¬A‚’mŒ§Eh–Ñs,https://news.yahoo.co.jp/articles/a5e82256d7987d788247457b932c1a5acda1f14b,No date found
jnn,TBS NEWS DIG Powered by JNN,ue’e’Ê‰ß‚ÌuŠÔvNYT‚ªÊ^‚ğŒöŠJ,https://news.yahoo.co.jp/articles/c23bae822a5a036ab1b5cf0b4e533e893530ecc4,No date found
jnn,TBS NEWS DIG Powered by JNN,uƒgƒ‰ƒ“ƒv‚Ì‹­‚³¦‚·‚à‚ÌveŒ‚’¼Œã‚Ìƒgƒ‰ƒ“ƒv‘O‘å“—Ì‚ÆƒAƒƒŠƒJ‘Šø‚ÌÊ^SNS‚ÅŠgU@‘å“—Ì‘I‚Ì“®Œü‚É‚à‰e‹¿‚©,https://news.yahoo.co.jp/articles/78da979c86a1d2ed9abaf9a1b873842946f1da16,No date found
jnn,TBS NEWS DIG Powered by JNN,ˆÈ‘O‚©‚ç”z’B‚Éƒgƒ‰ƒuƒ‹‚©@—X•Ö‹Çˆõ‚Ì’j«‚Ì“ª‚ğ–Ø“‚Å‰£‚Á‚½64Î‚Ì’j‚ğEl–¢‹—e‹^‚ÅŒ»s”Æ‘ß•ß@ç—tE‘D‹´s,https://news.yahoo.co.jp/articles/d863b9b28f6bf332c0736c804e472801607ff250,No date found
jnn,TBS NEWS DIG Powered by JNN,ƒEƒNƒ‰ƒCƒi@ƒnƒ‹ƒLƒEB‚Ì“S“¹{İ‚ÉƒƒVƒAŒR‚É‚æ‚éUŒ‚@2l€–S@20lˆÈã‚¯‚ª,https://news.yahoo.co.jp/articles/df111f2e1f8981b5b10bdbde13e4c8d8d4284459,No date found
jnn,TBS NEWS DIG Powered by JNN,ƒpƒŠŒÜ—ÖŠJ–‹–Ú‘O@ƒtƒ‰ƒ“ƒXŠv–½‹L”O“ú‚É‡‚í‚¹A¹‰ÎƒŠƒŒ[‚ªƒpƒŠs“à‚ğ‹ì‚¯”²‚¯‚é@ƒpƒŠ‚Íˆê‹C‚ÉƒIƒŠƒ“ƒsƒbƒNƒ€[ƒh,https://news.yahoo.co.jp/articles/5b07bc39269da64d54220e6bcbd017103f0cc1f7,No date found
jnn,TBS NEWS DIG Powered by JNN,¬òiŸ˜YŒ³ŠÂ‹«‘åb@M—Š‰ñ•œ‚É‚Ş‚¯u‰½‚ª‚Å‚«‚é‚©l‚¦‚½‚¢v_“Şì‘Io‹cˆõ‚©‚çuƒ|ƒXƒgŠİ“cv‚Ö‚ÌƒG[ƒ‹‚à,https://news.yahoo.co.jp/articles/0474a3522d81df546d3f7dfab01f9c460f462d76,No date found
jnn,TBS NEWS DIG Powered by JNN,ƒgƒ‰ƒ“ƒv@‹¤˜a“}‘å‰ï‚ÉoÈ‚Ö@eŒ‚‚©‚çˆê–é–¾‚¯SNS‚ğXV,https://news.yahoo.co.jp/articles/bc6f1b4846972274c2395d216aaf6026e1094cac,No date found
jnn,TBS NEWS DIG Powered by JNN,y‘å‰JŒx•ñz­™“‡Œ§E“ì‹ãBs‚É”­•\,https://news.yahoo.co.jp/articles/b3686645bf7e460c8d8e10caff5f5fd28f0edf2b,No date found
jnn,TBS NEWS DIG Powered by JNN,y‘å‰JŒx•ñz­™“‡Œ§E­™“‡sA‚…s‚É”­•\,https://news.yahoo.co.jp/articles/0d79cdd025be794698666e5d3efccdd415431c87,No date found
jnn,TBS NEWS DIG Powered by JNN,ƒƒVƒA‘å“—Ì•ñ“¹Š¯gƒoƒCƒfƒ“­Œ ‚ªƒgƒ‰ƒ“ƒvUŒ‚‚Ì•µˆÍ‹C‚ğì‚èo‚µ‚½h,https://news.yahoo.co.jp/articles/7b736a0856b7381ced1a38bdc94bac4f9ec06ffe,No date found
jnn,TBS NEWS DIG Powered by JNN,ƒgƒ‰ƒ“ƒv‘O‘å“—Ì‚ÌˆÃE–¢‹–Œ@—e‹^Ò‚Íƒyƒ“ƒVƒ‹ƒxƒjƒAB‚ÉZ‚Ş20Î‚Ì’jAu‹¤˜a“}ˆõv‚Æ•ñ‚¶‚ç‚êA“®‹@‚È‚Ç‚í‚©‚ç‚¸@ƒgƒ‰ƒ“ƒvA‹¤˜a“}‘å‰ï‚É—\’è’Ê‚èQ‰Á‚Ö,https://news.yahoo.co.jp/articles/a27c540314262c39f38226626486e8001b962115,No date found
jnn,TBS NEWS DIG Powered by JNN,y‚‹´‚İ‚È‚İz•õŠİ‚İ‚È‚İ‚³‚ñoY‚ğ‚¨j‚¢uƒtƒH[ƒeƒB[ƒGƒCƒg!!!!v,https://news.yahoo.co.jp/articles/7e345c1abde61d7c46f3d9632520a37ab7e78c25,No date found
jnn,TBS NEWS DIG Powered by JNN,y‚ª‚ñ“¬•az¼ŠÛ—Dq‚³‚ñuè‘«‚Ìáƒ‚êv”’@‰Ä‚Ì‚¨‹C‚É“ü‚èƒAƒCƒeƒ€‚àĞ‰î,https://news.yahoo.co.jp/articles/fb376bdeebadd18da7232a41dbf127bf71948687,No date found
jnn,TBS NEWS DIG Powered by JNN,–k’©‘N‚ªŠØ‘‘¤‚©‚ç‚Ìƒrƒ‰‚ğŒöŠJ@‹à—^³u‘ãŠoŒå‚ğv,https://news.yahoo.co.jp/articles/f4d88a9ce77843fe0cd9e937cc30cb5f6f30185a,No date found
jnn,TBS NEWS DIG Powered by JNN,Ô‚Ì“V‘RF‘fug‰Ôv‚ğg‚Á‚½“`“‚Ì‰ÁH‹Zp‚ğæŞySUNƒgƒsz,https://news.yahoo.co.jp/articles/8de33856d7d30e94f929feffdd121a2f9be43e80,No date found
jnn,TBS NEWS DIG Powered by JNN,ƒgƒ‰ƒ“ƒv‚ÌeŒ‚‚É’†‘EK‹ß•½‘‰ÆåÈu‚¨Œ©•‘‚¢‚ğ\‚µã‚°‚év,https://news.yahoo.co.jp/articles/3518287ff519fee1b2ff9dfa13a5a3fb37c5dcd4,No date found
jnn,TBS NEWS DIG Powered by JNN,ŠC…—ê‚Å…“ï–ŒÌ@40‘ãE’j«‚ª€–S@H“csEŒj•lŠC…—ê,https://news.yahoo.co.jp/articles/c1851f19263e6926ce09254d7348334f8e3e8bcf,No date found
jnn,TBS NEWS DIG Powered by JNN,3l€–S‚Ì¼Rs‚Ì“y»•ö‚ê@ˆ¤•QŒ§‚Å‚Í15“ú‚É‚©‚¯‘å‹C‚ª•sˆÀ’è‚É‚È‚éŒ©‚İ,https://news.yahoo.co.jp/articles/a2883a7f271eb75915c82078fe291fa31489d89c,No date found
jnn,TBS NEWS DIG Powered by JNN,Ô‚ª¬‰®‚É“Ë‚Á‚İ‘SÄ@3l‚ª€@ÂXŒ§O‘òs,https://news.yahoo.co.jp/articles/2612423000f3933744c382465b71d02021320a37,No date found
jnn,TBS NEWS DIG Powered by JNN,•xmR‚Å‘˜“ï‚ª‘ŠŸ‚®@Ã‰ª‘¤‚Å‚Ì€Ò‚Í4l–Ú,https://news.yahoo.co.jp/articles/45bd94a0426b192bddc9a0af855481015be87fa2,No date found
jnn,TBS NEWS DIG Powered by JNN,”o—DE’†‘º–õ“ú‚³‚ñ@€‹@51Î@‹}«S•s‘S‚Ì‚½‚ß@u–¢‚¾Œ»À‚ğó‚¯~‚ß‚é‚±‚Æ‚ª‚Å‚«‚È‚¢vuÎ‚ğd‚Ë‚Ä‚«‚Ä‚à´‚­“§–¾Š´‚ª‚ ‚é‹H—L‚È‘¶İ‚Ì–ğÒ‚Å‚µ‚½v,https://news.yahoo.co.jp/articles/0bb2e349eb43d73b242a34326caee3c4899428b2,No date found
jnn,TBS NEWS DIG Powered by JNN,’·èŒ§ŒÜ“‡‚Éüó~…‘Ñ‚ª”­¶@‹ãB–k•”’n•û‚Å‚Í15“úEŒß‘O’†‚É‚©‚¯üó~…‘Ñ‚ª”­¶‚·‚é‰Â”\«‚à,https://news.yahoo.co.jp/articles/05c1457c42094649a6c72ad34b37a8c8ada2ec7a,No date found
jnn,TBS NEWS DIG Powered by JNN,‘åŠÖw‰“ú•¯‚Ì”g—...VŠÖ˜e‘å‚Ì—¢‚àŒä›ÔŠC‚É”s‚ê‚éAÆƒm•xm‚Í”’¯‚Åg‘•ö‚êh‘j~y‘å‘Š–o–¼ŒÃ‰®êŠz,https://news.yahoo.co.jp/articles/5d9345808883b591b501f434cd459953ca4213a5,No date found
jnn,TBS NEWS DIG Powered by JNN,‹ƒAƒj–Œ‚ğ“`‚¦‚é”è‚ªŠ®¬u–S‚­‚È‚Á‚½ƒXƒ^ƒbƒt‚Ìv‚¢‚ª¶‚«‘±‚¯‚é‚±‚Æ‚ğv,https://news.yahoo.co.jp/articles/5cdd5a21b4c7559a01464c8febb8cb0aadc928df,No date found
jnn,TBS NEWS DIG Powered by JNN,ƒgƒ‰ƒ“ƒv‚ÌeŒ‚–Œ@ËE‚³‚ê‚½’j(20)‚Í‹¤˜a“}ˆõ‚Æ‚µ‚Ä“o˜^‚©,https://news.yahoo.co.jp/articles/d2b3778d193164d12664b3622890c8ab9f256c97,No date found
jnn,TBS NEWS DIG Powered by JNN,ƒgƒ‰ƒ“ƒvAeŒ‚Œã‚Éu„‚ÍŒˆ‚µ‚Ä‹ü‚µ‚È‚¢v‚Æ‚Ìƒ[ƒ‹‚ğx‰‡Ò‚É”zM,https://news.yahoo.co.jp/articles/263ff2245ee3f10ddb196f17bcdaac4708de4c27,No date found
jnn,TBS NEWS DIG Powered by JNN,ƒgƒ‰ƒ“ƒv‘O‘å“—Ì‚ÌˆÃE–¢‹–Œ@ê–å‰Æu–Œ‚Å‹¤˜a“}‚Íˆê’v’cŒ‹A–¯å“}‚Í•ª—ôŒƒ‚µ‚­v,https://news.yahoo.co.jp/articles/419d16a32e52b8b3a806ee2bb2f6dada7d27a8e4,No date found
jnn,TBS NEWS DIG Powered by JNN,yMrs. GREEN APPLEz‘åXŒ³‹M‚³‚ñ “Ë‘R‚Ì•ÏŠç‚É”½‹¿@u‰¹Šy‚Ì“úv‚Ìˆß‘•,https://news.yahoo.co.jp/articles/59c76cd1fbb9cc08cb86072625443959bb1c126b,No date found
jnn,TBS NEWS DIG Powered by JNN,ƒgƒ‰ƒ“ƒveŒ‚ó‚¯@Œx@’¡‚ª‘S‘‚É—vlŒxŒì‚Ì‚³‚ç‚È‚é“O’êw¦@’®OƒGƒŠƒA‚ÌŠO‚ğŠÜ‚ß‚ÄŒx‰ú‹‚ß‚é,https://news.yahoo.co.jp/articles/e3d389ed86ddb456ee7f69851e0998fa03b12504,No date found
jnn,TBS NEWS DIG Powered by JNN,15“ú‚ÌŒß‘O’†‚É‚©‚¯‹ãB–k•”’n•û‚Åüó~…‘Ñ‚ª”­¶‚·‚é‚¨‚»‚ê@“y»ĞŠQ‚âì‚Ì”Ã—”‚É‚È‚Ç—vŒx‰ú,https://news.yahoo.co.jp/articles/ee0145e5cf6ca4c7ca8052042ecd3ea2963e0673,No date found
jnn,TBS NEWS DIG Powered by JNN,y’†“úz‰„’·‚Ì––—Ís‚«ã_‚É3ƒ^ƒe‚È‚ç‚¸...10‰ñ‹´–{AŠâ›½‚ªˆ«–²‚Ì5¸“_ ‘Šèã‰ñ‚é10ˆÀ‘Å‚à‚í‚¸‚©2“_ •Ÿ‰i17‹…‚Ì”S‚è‚àÀ‚ç‚¸,https://news.yahoo.co.jp/articles/b3ca1fcc9bf45fea525b710465b74656077cef3a,No date found
jnn,TBS NEWS DIG Powered by JNN,yã_z‰„’·í‚Ì–– 3ƒ^ƒe‚ğ‘j~ ñˆÊE‹l‚É1.5·I‘ã‘ÅEŒ´Œû‚ª10‰ñ‚ÉŒˆŸ‘Å ¬”¦‚Ì‹]‘Å¸”s‚ğ‹~‚¤ “Šèw‚ÍÄO‚ÌŠë‹@‚ğ—½‚®,https://news.yahoo.co.jp/articles/dbeda2fc11724277e9cee642912a5f38908da814,No date found
jnn,TBS NEWS DIG Powered by JNN,‹Ë¶ËGu“ú–{‹L˜^o‚¹‚ÎA‹àƒƒ_ƒ‹‹âƒƒ_ƒ‹‚Í“Í‚­”ÍˆÍv‚Æ“Œ‹ŒÜ—Ö‚ÌáJ‚Ö íÉ“c‘å‹Pu2‘–‚Í–l‚Ì‹æŠÔvy—¤ã4~100mƒŠƒŒ[z,https://news.yahoo.co.jp/articles/295da71bafd3476751c091a3667fcd05d6f27e02,No date found
jnn,TBS NEWS DIG Powered by JNN,’†ìãÄq‚³‚ñ@u‚­‚¿‚Ñ‚é‚ª5”{‚Éî‚ê‚½v@ƒAƒŒƒ‹ƒM[”­Ç‚ÌŒoˆÜ‚ğ–¾‚©‚·@uŒŸ¸‚â‚Á‚ÄA¡AŒ‹‰Ê‘Ò‚¿vu‚Ü‚³‚©©•ª‚ª‚Á‚Ä‚¢‚¤Š´‚¶‚¾‚Á‚½v,https://news.yahoo.co.jp/articles/1043fec856cd7ba5f72a48860baff5e87209cee5,No date found
jnn,TBS NEWS DIG Powered by JNN,•õŠİ‚İ‚È‚İ‚³‚ñ@‘æˆêqoY‚ğ•ñ@u‰Âˆ¤‚¢–º‚ÆA–º‚É‚¼‚Á‚±‚ñ‚È•v‚ÆA3l‚Åè‚ğæ‚è‡‚Á‚Ä‚æ‚èˆê‘w‰·‚©‚¢‰Æ’ë‚ğ’z‚¢‚Ä‚¢‚«‚½‚¢v,https://news.yahoo.co.jp/articles/4a0dd891a0145de726d65063b0c0474a01403ebe,No date found
jnn,TBS NEWS DIG Powered by JNN,dÇ‚É‚È‚é‚±‚Æ‚àcuƒGƒRƒmƒ~[ÇŒóŒQv‚È‚Ç‚ÉŒ©‚éŒŒ‰t‚ÌzŠÂ`wƒuƒ‰ƒbƒNƒyƒAƒ“xŠÄCƒhƒNƒ^[‚ª‰ğà vol.19`,https://news.yahoo.co.jp/articles/376b1ebe117fec71d85f47b6c1986f66f3f3b603,No date found
jnn,TBS NEWS DIG Powered by JNN,51Î—«‚ª€–S‚ÌŒğ’Ê–ŒÌ@æ—pÔ‚ğ‰^“]‚µ‚Ä‚¢‚½71Î‚Ì–³E’j‚ğ‰ß¸‰^“]’v€‚Ì‹^‚¢‚Å‘ß•ß@‚³‚¢‚½‚Üs–k‹æ,https://news.yahoo.co.jp/articles/00f8277fe035c88f09b2ff36cc37772f6fa17cf6,No date found
jnn,TBS NEWS DIG Powered by JNN,üó~…‘Ñg”¼“ú‘Oh—\‘ªî•ñ@RŒûŒ§ŠÜ‚Ş‹ãB–k•”’n•û6Œ§‚Ö‚Ì”­•\Œp‘±@–¾“ú‚ÌŒß‘O’†‚É‚©‚¯‚Äüó~…‘Ñ”­¶‚Ì‚¨‚»‚ê,https://news.yahoo.co.jp/articles/bc08ccc2d070f85c6092335f8ea80fd0835cc791,No date found
jnn,TBS NEWS DIG Powered by JNN,yDeNAz‰õŸ‚Å3ƒ^ƒe‚Í‘j~ ñˆÊE‹l‚É1·I“dŒõÎ‰Î‚ÌUŒ‚‚Å›–ì‚©‚ç‰‰ñ‚É4“¾“_ –q•‹{è‚ª’ÇŒ‚’e ƒPƒC•Rè‚ÅŠ®••ƒŠƒŒ[,https://news.yahoo.co.jp/articles/8ed6f728081f98dfb1cb783f26f55b0d38b21eb5,No date found
jnn,TBS NEWS DIG Powered by JNN,y‹lz¡‹G13“x–Ú‚ÌŠ®•••‰‚¯‚Å8˜AŸ‚È‚ç‚¸ ñˆÊƒL[ƒv‚à‘Åü‚í‚¸‚©2ˆÀ‘Å‚Æ’¾–Ù...3ƒ^ƒe‚à“¦‚· ›–ì‚ª‰‰ñ’É¦4¸“_‚Å2”s–Ú,https://news.yahoo.co.jp/articles/ee1fea9e72952cc51149dce66597d7761e9c85c2,No date found
jnn,TBS NEWS DIG Powered by JNN,ƒ‰ğœ„y“y»ĞŠQŒx‰úî•ñz­™“‡Œ§Eˆ¢‹vªsAo…s,https://news.yahoo.co.jp/articles/a87f27aa9e9df6092d467a24c4c2b311e87a7841,No date found
jnn,TBS NEWS DIG Powered by JNN,yWEST.z‹ËRÆj‚³‚ñ@¶‘«•‰‚ğ•ñ@u‘–‚Á‚½‚èAŒƒ‚µ‚­—x‚Á‚½‚èA‚ª’†XŒµ‚µ‚¢ó‹µ‚Å‚·vuŠF—l‚É‚Í–{“–‚É\‚µ–ó‚È‚¢‹C‚¿‚Å‚¢‚Á‚Ï‚¢v,https://news.yahoo.co.jp/articles/2eeeb61f6f03b9d3c8347c0e3215f706a3d7af34,No date found
jnn,TBS NEWS DIG Powered by JNN,y¼•z¡‹G3“x–Ú 3‚©Œ˜A‘±‚Ì8˜A”s  7Œ‚Í–¢‚¾1Ÿ‚ÅØ‹à32‚É–c’£...‹÷“c‚ª8‰ñ‚É¬‹½‚ÉŒˆŸ2ƒ‰ƒ“‚ğ”í’e ‘Åü‚Í9ˆÀ‘Å‚Å2“¾“_,https://news.yahoo.co.jp/articles/69a51e573421be7251fa9977d56e3c85ee4e01e0,No date found
jnn,TBS NEWS DIG Powered by JNN,ŠØ‘E›š‘å“—Ìu‹°‚ë‚µ‚¢­¡–\—Í‚ÉÕŒ‚‚ğ‹Ö‚¶“¾‚È‚¢vƒgƒ‰ƒ“ƒv‚ÌeŒ‚–Œ‚É‚Â‚¢‚Ä,https://news.yahoo.co.jp/articles/b43419576ad55cebc1f24459936da1c93537a78b,No date found
jnn,TBS NEWS DIG Powered by JNN,ƒgƒ‰ƒ“ƒv‚ÌeŒ‚–ŒAËE‚³‚ê‚½’j‚Íƒg[ƒ}ƒXEƒ}ƒVƒ…[EƒNƒ‹ƒbƒNƒX—e‹^Ò(20)FBI‚ª”­•\,https://news.yahoo.co.jp/articles/13205c4e07099ef4a9500909723952cf220d6ae7,No date found
jnn,TBS NEWS DIG Powered by JNN,‹vœ‹ÅqƒAƒi@u30Î‚É‚È‚è‚Ü‚µ‚½v@‚¨j‚¢ƒVƒ‡ƒbƒgŒöŠJ@u20‘ã‚ğU‚è•Ô‚é‚Æd–‚Éƒvƒ‰ƒCƒx[ƒg‚É”Z‚·‚¬‚é‚Ù‚Ç”Z‚¢10”NŠÔ‚Å‚µ‚½vu30‘ã‚Í20‘ã‚æ‚èŠy‚µ‚¢‚æv,https://news.yahoo.co.jp/articles/9104089e82a176e147050c3ae1697377506f8b6f,No date found
jnn,TBS NEWS DIG Powered by JNN,“P‘Ş‚Ç‚¤‚È‚é?uƒoƒCƒfƒ“‘å“—Ì‚Í‚±‚±””NA‘¤‹ß‚Æ‚µ‚©Ú‚µ‚Ä‚È‚©‚Á‚½vy•ñ“¹1930z,https://news.yahoo.co.jp/articles/c390a814cb325898fb1e623ec800f71adb1d219b,No date found
jnn,TBS NEWS DIG Powered by JNN,Îì—SŠóu‹àƒƒ_ƒ‹‚ğ‚à‚Á‚Ä‹A‚Á‚Ä‚±‚ê‚é‚æ‚¤v52”N‚Ô‚è‚Ì‹àƒƒ_ƒ‹Šl“¾‚ÖA’j—ƒTƒbƒJ[‘ã•\‚ÆƒpƒŠŒÜ—Ö‚Öo”­,https://news.yahoo.co.jp/articles/1533a5148b29a86215284b9fbc9f466d33417ecd,No date found
jnn,TBS NEWS DIG Powered by JNN,ƒgƒ‰ƒ“ƒv‚ÌeŒ‚–Œu—e‹^Ò‚Íƒyƒ“ƒVƒ‹ƒxƒjƒAB‚Ì20Î‚Ì’jv‚ÆAP’ÊM‚ª•ñ‚¶‚é,https://news.yahoo.co.jp/articles/bf83dfd40ddf1e28ed5e642f85b3f3e2eebdae60,No date found
jnn,TBS NEWS DIG Powered by JNN,ƒoƒCƒfƒ“‘å“—Ì‚Ég“P‘Ş˜_h‰Á‘¬‚àu“}‘å‰ï‚Å„‚É’§í‚µ‚ëvgŒó•â·‚µ‘Ö‚¦h‚ÌƒVƒiƒŠƒI‚Í?yƒTƒ“ƒf[ƒ‚[ƒjƒ“ƒOz,https://news.yahoo.co.jp/articles/06fa443d3a15d4bda043ca9205ebb8dce29e50da,No date found
jnn,TBS NEWS DIG Powered by JNN,"u""Ì‚ÄÎ""‚É‚³‚ê‚év‘ŠŸ‚®ƒAƒƒŠƒJ•º‚Ì«“I–\s–Œ‚É—h‚ê‚é‰«“ê‚ğ‘Vê‹MqƒLƒƒƒXƒ^[‚ªŒ»’næŞ@y•—‚ğ‚æ‚ŞzƒTƒ“ƒf[ƒ‚[ƒjƒ“ƒO",https://news.yahoo.co.jp/articles/345c5d367191b7b4461c5cef2896b340f577dfca,No date found
jnn,TBS NEWS DIG Powered by JNN,JR‘ãX–Ø‰w‘O‚ÌŒğ·“_‚ÅƒpƒgƒJ[‚Æ©“]Ô‚ªÕ“Ë@©“]Ô‚Éæ‚Á‚Ä‚¢‚½—q‘åŠw¶‚ªŒy,https://news.yahoo.co.jp/articles/8ab1f5860ddcd612a215d38e64a1dd13399d67be,No date found
jnn,TBS NEWS DIG Powered by JNN,ŒÑ“cÊ‰ï‚³‚ñ@Œ©’m‚ç‚Ê’j«‚Éu“ª•‚Å‚ç‚ê‚Ä‚½v@“dÔ“à‚Å‚³‚ê‚½u•s‰õv‚Èsˆ×–¾‚©‚·@u‚æ‚­‚ ‚é’sŠ¿‚Å‚Í‚È‚¢‚©‚çAº‚Í‚ ‚°‚É‚­‚¢vu‚Å‚à•s‰õ!!v,https://news.yahoo.co.jp/articles/91359843db5b32a1905961a8d69887d49a4b6166,No date found
jnn,TBS NEWS DIG Powered by JNN,y‘¬•ñzuƒgƒ‰ƒ“ƒv‘O‘å“—Ì‚ÌˆÃE–¢‹–Œ‚Æ‚µ‚Ä‘{¸vƒAƒƒŠƒJ‚Ì‘{¸“–‹Ç‚ª‰ïŒ©‚Å–¾‚ç‚©‚É,https://news.yahoo.co.jp/articles/a1bdb18f67c7361c312aff5a8306024046f2b608,No date found
jnn,TBS NEWS DIG Powered by JNN,gƒg[‰¡h‚Ì–¢¬”N‚Éƒ^ƒoƒR‚Æ‹U‚è‘å–ƒ‹z‚í‚¹‚½‚©@‘å–ƒæ’÷–@ˆá”½‚Å44Î‚Ì’j‘ß•ß@—q’†Šw¶u•à‚¯‚È‚­‚È‚Á‚½‚è‹ó‚ª—Î‚ÉŒ©‚¦‚½‚èŒ¶Šo‚ªŒ©‚¦‚½v,https://news.yahoo.co.jp/articles/b51c9618ba6b2d1a4a13b2100754957fb7c5febe,No date found
jnn,TBS NEWS DIG Powered by JNN,y14“úE‹lƒXƒ^ƒƒ“zâ–{‚Íƒxƒ“ƒ` ‰ª–{˜a4”ÔƒT[ƒh ‘åé‘ì5”Ôƒtƒ@[ƒXƒg á—Ñ6”ÔƒŒƒtƒg ƒVƒ‡[ƒg–å˜e æ”­E›–ì •ßè‚Í¬—Ñ,https://news.yahoo.co.jp/articles/3e3f475e2f2301a16ca85419cd5f96b016f1ebe6,No date found
jnn,TBS NEWS DIG Powered by JNN,y14“úEDeNAƒXƒ^ƒƒ“zŠŒ´1”Ôƒ‰ƒCƒg•ƒI[ƒXƒeƒBƒ“2”Ô ²–ì3”ÔƒŒƒtƒg •ßèER–{6”Ô ŒKŒ´7”Ô ƒVƒ‡[ƒgXŒh æ”­EƒPƒC,https://news.yahoo.co.jp/articles/cede0567bd591c51258642f410b71c72707a1215,No date found
jnn,TBS NEWS DIG Powered by JNN,y14“úE’†“úƒXƒ^ƒƒ“zR–{2”ÔƒVƒ‡[ƒg ƒJƒŠƒXƒe3”Ô •Ÿ‰i4”Ôƒtƒ@[ƒXƒg ×ì5”Ô ‚‹´ü6”ÔƒT[ƒh ”ÂR7”Ô æ”­E¼—t •ßè‚Í–Ø‰º,https://news.yahoo.co.jp/articles/5c280518781eea2dea01ff5415eaa5a6800eb4d3,No date found
jnn,TBS NEWS DIG Powered by JNN,y14“úEã_ƒXƒ^ƒƒ“z‹ß–{1”Ô•’†–ì2”Ô –ìŒû3”Ôƒ‰ƒCƒg ²“¡‹P4”Ô ‘åR5”Ô ‘Oì6”ÔƒŒƒtƒg ƒVƒ‡[ƒg¬”¦ æ”­E¼—E •ßè‚Í”~–ì,https://news.yahoo.co.jp/articles/4c17b9ac9104447a53cdda98ba860f8477f02a7c,No date found
jnn,TBS NEWS DIG Powered by JNN,uƒ~ƒX“Œ‘åvƒ^ƒŒƒ“ƒgE_’J–¾Ñ‚³‚ñ@u–…‚Æ‚¨d–‚Åƒeƒ“ƒVƒ‡ƒ“‚ ‚ª‚Á‚¿‚á‚Á‚½v@SNS‚Å•ñ@æ“ú‚Í4o–…ƒVƒ‡ƒbƒg‚à˜b‘è‚É,https://news.yahoo.co.jp/articles/f96dc6ff1d6583c6b4eabce02a4345c67cf23c63,No date found
jnn,TBS NEWS DIG Powered by JNN,ƒ‰ğœ„y“y»ĞŠQŒx‰úî•ñz’·èŒ§E’·èsA²¢•Ûsi‰F‹v’nˆæ‚ğœ‚­jA¼ŠCsi]“‡E•½“‡‚ğœ‚­j,https://news.yahoo.co.jp/articles/493bbb5267bdb73dd2fb5267e88bf43e60858f08,No date found
jnn,TBS NEWS DIG Powered by JNN,y14“ú‚Ì“V‹Cz’·èŒ§‚Åüó~…‘Ñ‚ª”­¶@‹ãB‚Å”ñí‚ÉŒƒ‚µ‚¢‰J‚ª~‚è‘±‚«AĞŠQ‚ª”­¶‚·‚éŠëŒ¯‚à,https://news.yahoo.co.jp/articles/7b8864052c8f03cbf19e4bdb004e7431803e7bbc,No date found
jnn,TBS NEWS DIG Powered by JNN,y‘å‰JŒx•ñz­™“‡Œ§EˆÉ²sA‚³‚Â‚Ü’¬‚É”­•\,https://news.yahoo.co.jp/articles/d3a7285dbbce882b6ef76db2d64f7d02100f00f1,No date found
jnn,TBS NEWS DIG Powered by JNN,y‚¦‚È‚±zu¡”N‚Ì—ˆß‚ÍÂ‚É‚µ‚½‚æv@“Še‚ÉƒtƒHƒƒ[”½‹¿u—Á‚µ‚°‚Å‚¢‚¢‚Å‚·‚Ëv,https://news.yahoo.co.jp/articles/a3a9dfddd6725e51557833725a1ad47d99cddcb8,No date found
jnn,TBS NEWS DIG Powered by JNN,ƒ‰ğœ„y“y»ĞŠQŒx‰úî•ñz²‰êŒ§E•—YsA­“‡sAŠğ–ìs,https://news.yahoo.co.jp/articles/d2d24069317c22cd18998a9b2e49ea2fdd2155c3,No date found
jnn,TBS NEWS DIG Powered by JNN,èp‚Æ‚ÍŒ|pcˆãŠwx‰‡ƒƒ{ƒbƒg‚É‚æ‚éˆã—Ã‚Ì–¢—ˆ`wƒuƒ‰ƒbƒNƒyƒAƒ“xŠÄCƒhƒNƒ^[‚ª‰ğà vol.18`,https://news.yahoo.co.jp/articles/339daa30fbd6ced896461bad6ad1eea726b4448b,No date found
jnn,TBS NEWS DIG Powered by JNN,y^…Œx•ñz­™“‡Œ§Eˆ¢‹vªsAo…s‚É”­•\,https://news.yahoo.co.jp/articles/b21ca87155f589958678ab553f1976e7ce2d0dbe,No date found
jnn,TBS NEWS DIG Powered by JNN,ƒgƒ‰ƒ“ƒv‚ª‘I‹“W‰ï’†‚ÉeŒ‚@‰E¨‚©‚çoŒŒ‚©@eŒ‚‚µ‚½l•¨‚Í€–S‚ÆƒV[ƒNƒŒƒbƒgƒT[ƒrƒX‚ª–¾‚ç‚©‚É,https://news.yahoo.co.jp/articles/10ce8d3921116b674c1ab423c15510a9c5ed2b51,No date found
jnn,TBS NEWS DIG Powered by JNN,’·èŒ§EŒÜ“‡‚Éüó~…‘Ñ”­¶î•ñ@1ŠÔ‚É85.5ƒ~ƒŠ‚Ì–Ò—ó‚È‰J‚ğŠÏ‘ª,https://news.yahoo.co.jp/articles/89ba507678eb21728cac869e041fec9ad329a373,No date found
jnn,TBS NEWS DIG Powered by JNN,ƒgƒ‰ƒ“ƒv‚ÌeŒ‚‚ÉƒoƒCƒfƒ“‘å“—Ìu‚±‚¤‚µ‚½–\—Í‚Í‹–‚³‚ê‚È‚¢vgƒhƒiƒ‹ƒhh‚ÆŒÄ‚Ñ‘Ì’²‚ğ‹CŒ­‚¤,https://news.yahoo.co.jp/articles/f6bae7d1c6fb490516570687c1e66126c6ae410b,No date found
jnn,TBS NEWS DIG Powered by JNN,y3˜A‹x‚Ì“V‹C—\•ñz‹ãB‚Å”ñí‚ÉŒƒ‚µ‚¢‰J@‚ ‚·15“ú‚à“ú–{ŠC‘¤‚ğ’†S‚É—‹‰J‚Æ‚È‚éŠ‚à,https://news.yahoo.co.jp/articles/79b5b8dba9b17e1e1d661515b62253846d06d882,No date found
jnn,TBS NEWS DIG Powered by JNN,y“y»ĞŠQŒx‰úî•ñz­™“‡Œ§Eo…s‚É”­•\,https://news.yahoo.co.jp/articles/2ec6994e70146dca6d2602a07e3d2db7df8d1ef3,No date found
jnn,TBS NEWS DIG Powered by JNN,y‘å‰JŒx•ñzŒF–{Œ§EŒF–{sAã“V‘sA‰FésA“V‘sA‹Ê“Œ’¬‚É”­•\,https://news.yahoo.co.jp/articles/e33602a70784bba766559a634fc68037550b6a42,No date found
jnn,TBS NEWS DIG Powered by JNN,y‹}«‚·‚¢‰Šz¡—Ã’†E‹ø“cƒAƒLƒ‰‚³‚ñ@yƒLƒ““÷ƒ}ƒ“zìÒE‚ä‚Å‚½‚Ü‚²u“ˆ“c—²i æ¶‚ª–{“–‚É—ˆ‚½‚ñ‚¾vu”—Fîƒpƒ[vu”‰Î–ê‚ÌƒNƒ\—Ív,https://news.yahoo.co.jp/articles/0f79190949223de55a4600145377276b41231475,No date found
jnn,TBS NEWS DIG Powered by JNN,y“y»ĞŠQŒx‰úî•ñz­™“‡Œ§Eˆ¢‹vªs‚É”­•\,https://news.yahoo.co.jp/articles/ab5cdd5a50544c2ef4c05e3b25df1f82964b05de,No date found
jnn,TBS NEWS DIG Powered by JNN,y‘å‰JŒx•ñzŒF–{Œ§EŒF–{sAã“V‘sA‰FésA“V‘sA‹Ê“Œ’¬‚É”­•\,https://news.yahoo.co.jp/articles/935ea6c4548fc00cae46b81673efb53fe3cdd748,No date found
jnn,TBS NEWS DIG Powered by JNN,’ÒŠó”ü‚³‚ñ@u•|‚·‚¬‚é‚ñ‚¾‚¯‚Çv@¡‚Ü‚Å‚É‚È‚©‚Á‚½u–°‹C‚ª‚â‚Î‚¢v@•sˆÀ–¾‚©‚·@u‰½‚ª‹N‚«‚Ä‚é‚ñ‚¾‚ë—ÜBv,https://news.yahoo.co.jp/articles/8b88fe9e8887980508843432685c5aa34ea93f28,No date found
jnn,TBS NEWS DIG Powered by JNN,y14“úEL“‡z‰J“V’†~ L“‡‚Í¡‹G7“x–ÚAƒ„ƒNƒ‹ƒg‚Í4“x–Ú —\æ”­‚ÍL“‡E‹ã—¢ ƒ„ƒNƒ‹ƒgER–ì‚¾‚Á‚½ ƒ}ƒcƒ_‚Ì‰í‚Í7í‘SŸ,https://news.yahoo.co.jp/articles/ad6b0fc899b8ca7f87967f80a555bd51c8b7a97a,No date found
jnn,TBS NEWS DIG Powered by JNN,y‹}«‚·‚¢‰Šz¡—Ã’†E‹ø“cƒAƒLƒ‰‚³‚ñ@yƒLƒ““÷ƒ}ƒ“zìÒE‚ä‚Å‚½‚Ü‚²u’†ˆä‹`‘¥ æ¶‚ª‚¨Œ©•‘‚¢‚É—ˆ‚Ä‚­‚¾‚³‚¢‚Ü‚µ‚½!vu”—Fîƒpƒ[v,https://news.yahoo.co.jp/articles/a54f098799af8797d56d86653c55e036e3910668,No date found
jnn,TBS NEWS DIG Powered by JNN,˜Hã‚ğ•à‚¢‚Ä‚¢‚½50‘ã‚©‚ç60‘ã‚­‚ç‚¢‚Ì—«@Ô‚É‚Ğ‚©‚ê€–S@‚³‚¢‚½‚Üs–k‹æ,https://news.yahoo.co.jp/articles/e9f1e835035b519a4d0ef10b75ed0cab22a428ec,No date found
jnn,TBS NEWS DIG Powered by JNN,ƒ‰ğœ„y“y»ĞŠQŒx‰úî•ñz’·èŒ§EŒÜ“‡s,https://news.yahoo.co.jp/articles/0ec0de3b1ab7573f607d4a859500106caf6097c1,No date found
jnn,TBS NEWS DIG Powered by JNN,’·ès‚Éu”ğ“ïw¦v,https://news.yahoo.co.jp/articles/faf5021f7cb7af62cd509b96609f809eafb49134,No date found
jnn,TBS NEWS DIG Powered by JNN,•ÄÀ‹Æ‰Æ‚ÌƒC[ƒƒ“Eƒ}ƒXƒN@ƒgƒ‰ƒ“ƒveŒ‚–Œó‚¯‚Äx‚ğ‘N–¾‚É,https://news.yahoo.co.jp/articles/563511248e1c88ad70cd8f0d4f561ee37dd1ff9d,No date found
jnn,TBS NEWS DIG Powered by JNN,²–ìœ‹I‚³‚ñ@uŠF‚³‚ñ‚à©•ª©g‚ğ‘å–‚É‚µ‚Ä‚­‚¾‚³‚¢BƒƒV‚İ‚½‚¢‚É‚È‚ç‚È‚¢‚æ‚¤‚Év@S‹«‚ğ–¾‚©‚·@¡”N5Œ‚É‰E˜rØ’fèp,https://news.yahoo.co.jp/articles/959df3deea88b00e2d4f14e6687e16bf5401d85b,No date found
jnn,TBS NEWS DIG Powered by JNN,y‘å‰JŒx•ñz’·èŒ§E“‡Œ´sAæ|‘sA‘å‘ºsA‰_åsA“ì“‡Œ´sA“Œ”Ş‹n’¬‚É”­•\,https://news.yahoo.co.jp/articles/272aafbab3cf9f4251fa6ba180216963c3903abc,No date found
jnn,TBS NEWS DIG Powered by JNN,y‘å‰JŒx•ñz’·èŒ§E“‡Œ´sAæ|‘sA‘å‘ºsA‰_åsA“ì“‡Œ´sA“Œ”Ş‹n’¬‚É”­•\,https://news.yahoo.co.jp/articles/562d374387d9b9a5e79abbc6f2dafed85c44973f,No date found
jnn,TBS NEWS DIG Powered by JNN,y‘¬•ñzŠİ“c‘—u–¯åå‹`‚É’§í‚·‚é–\—Í‚É—§‚¿Œü‚©‚í‚È‚¯‚ê‚Îvƒgƒ‰ƒ“ƒv‚ÌW‰ï‰ïê‚ÅeŒ‚ó‚¯,https://news.yahoo.co.jp/articles/c18fee4348ffde1f4681c8d636532eb47ea1765f,No date found
jnn,TBS NEWS DIG Powered by JNN,ö…’øEƒpƒ‰ƒOƒ‰ƒCƒ_[EƒtƒFƒŠ[‘İ‚µØ‚èc‚±‚ñ‚È‚à‚Ì‚Ü‚Åg‚Á‚ÄB‰e‚·‚éu¢ŠEˆâYvy¢ŠEˆâY/ƒVƒ…ƒ“ƒhƒ‹ƒ{ƒ“iƒoƒ“ƒOƒ‰ƒfƒVƒ…jz,https://news.yahoo.co.jp/articles/52b91b2ab63d1522fce129c178ee5c72e29428a1,No date found
jnn,TBS NEWS DIG Powered by JNN,y‘å‰JŒx•ñz’·èŒ§Eì’I’¬A”g²Œ©’¬‚É”­•\,https://news.yahoo.co.jp/articles/f1616d1df62504919de38062391f0e9b112358b2,No date found
jnn,TBS NEWS DIG Powered by JNN,y‘å‰JŒx•ñz²‰êŒ§E”’Î’¬‚É”­•\,https://news.yahoo.co.jp/articles/b3f5f9696adc916ef8f9a5de700b63ee3fb663e7,No date found
jnn,TBS NEWS DIG Powered by JNN,y“y»ĞŠQŒx‰úî•ñz²‰êŒ§E­“‡s‚É”­•\,https://news.yahoo.co.jp/articles/e41a4d478e56955b0b005bde697c665dda939a19,No date found
jnn,TBS NEWS DIG Powered by JNN,ue‚ğŒ‚‚Á‚½l•¨€–SW‰ïQ‰ÁÒ‚à€–Sv‚ÆƒAƒƒŠƒJƒƒfƒBƒA@ƒgƒ‰ƒ“ƒv‘O‘å“—Ì‚Ì‰‰à’†‚É•¡”‰ñ‚Ìe‚Ì”­–C‰¹,https://news.yahoo.co.jp/articles/75c044fd04a27c7366f74ec2f96f7bab564033bd,No date found
jnn,TBS NEWS DIG Powered by JNN,y“y»ĞŠQŒx‰úî•ñz’·èŒ§E’·èsA²¢•Ûsi‰F‹v’nˆæ‚ğœ‚­jA¼ŠCsi]“‡E•½“‡‚ğœ‚­j‚É”­•\,https://news.yahoo.co.jp/articles/2c66014158ab37559e5e9859156bdff8c6ea33f2,No date found
jnn,TBS NEWS DIG Powered by JNN,y“y»ĞŠQŒx‰úî•ñz²‰êŒ§E•—YsAŠğ–ìs‚É”­•\,https://news.yahoo.co.jp/articles/23a62919f8d93f4456b2a7013dbf3ee8d908d625,No date found
jnn,TBS NEWS DIG Powered by JNN,y“y»ĞŠQŒx‰úî•ñz’·èŒ§E’·èsA²¢•Ûsi‰F‹v’nˆæ‚ğœ‚­jA¼ŠCsi]“‡E•½“‡‚ğœ‚­j‚É”­•\,https://news.yahoo.co.jp/articles/436525279927ff73a8043882e1a2164b0fdf532d,No date found
jnn,TBS NEWS DIG Powered by JNN,ƒgƒ‰ƒ“ƒv‚ª•‰‚©@‰‰à’†‚É•¡”‚Ì”­–C‰¹@”ğ“ï‚ÌÛAŠÏ‹q‚É‰Eè‚ğ“Ë‚«ã‚°‚é,https://news.yahoo.co.jp/articles/a7d29982e0c8933024823ce2c8602c830d5cebdb,No date found
jnn,TBS NEWS DIG Powered by JNN,y‘å‰JŒx•ñz’·èŒ§E²¢•Ûsi‰F‹v’nˆæ‚ğœ‚­jA¼ŠCsi]“‡E•½“‡‚ğœ‚­j‚É”­•\,https://news.yahoo.co.jp/articles/9c11e05c868adb9ffba2ca443e1fce85bc283e84,No date found
jnn,TBS NEWS DIG Powered by JNN,y‘å‰JŒx•ñz’·èŒ§E²¢•Ûsi‰F‹v’nˆæ‚ğœ‚­jA¼ŠCsi]“‡E•½“‡‚ğœ‚­j‚É”­•\,https://news.yahoo.co.jp/articles/66abce22349ef7fc2e6b71c3a76007f0658f866f,No date found
jnn,TBS NEWS DIG Powered by JNN,y‘å‰JŒx•ñz•Ÿ‰ªŒ§E–k‹ãBsAs‹´sA@‘œsA’©‘qsA…“‡sA…Šª’¬‚È‚Ç‚É”­•\,https://news.yahoo.co.jp/articles/da11acd2b46673b1aaea5a21f707c600e31db6ee,No date found
jnn,TBS NEWS DIG Powered by JNN,y“y»ĞŠQŒx‰úî•ñz’·èŒ§EŒÜ“‡s‚É”­•\,https://news.yahoo.co.jp/articles/4313a0b1c5ac3e4b31ff50a737aa9eae60dc2f2e,No date found
jnn,TBS NEWS DIG Powered by JNN,y‘å‰JŒx•ñz‘å•ªŒ§E’†’ÃsA“ú“csA’|“csA–LŒã‚“csA‹n’zsA‰F²s‚È‚Ç‚É”­•\,https://news.yahoo.co.jp/articles/cd56a8efb006cc7b0d10214c8283cc86e6551f04,No date found
jnn,TBS NEWS DIG Powered by JNN,y‘å‰JŒx•ñz²‰êŒ§E²‰êsA•—YsA­“‡sAŠğ–ìsA—L“c’¬A‘¾—Ç’¬‚É”­•\,https://news.yahoo.co.jp/articles/a2a68a167319928396ad8d7a04c3911cbf9faa2a,No date found
jnn,TBS NEWS DIG Powered by JNN,‘ål‚Æ‚Í‚Ü‚Á‚½‚­‚Ì•Ê•¨c¬™zŠÂŠí‚ÆƒJƒe[ƒeƒ‹¡—Ã`wƒuƒ‰ƒbƒNƒyƒAƒ“xŠÄCƒhƒNƒ^[‚ª‰ğà vol.17`,https://news.yahoo.co.jp/articles/506c9fedd80333a7966e180cf82e7a48a8c251d0,No date found
jnn,TBS NEWS DIG Powered by JNN,’·èŒ§ŒÜ“‡‚Éuüó~…‘Ñ”­¶î•ñv”­•\,https://news.yahoo.co.jp/articles/4d0e4f09d7882ddb376836a333e0ce2d26a5e037,No date found
jnn,TBS NEWS DIG Powered by JNN,y‘¬•ñzƒgƒ‰ƒ“ƒv‚Ì‘I‹“W‰ï‚Å•¡”‚Ì”­–C‰¹ƒgƒ‰ƒ“ƒv‚Í”ğ“ï‚µu–³–v,https://news.yahoo.co.jp/articles/abb538130626f1a0552cf824fc1b6ab0588b9796,No date found
jnn,TBS NEWS DIG Powered by JNN,y^…Œx•ñz’·èŒ§EŒÜ“‡s‚É”­•\,https://news.yahoo.co.jp/articles/8abb54bb1e65d29a476d70b9e8da4cdb3d9f365f,No date found
jnn,TBS NEWS DIG Powered by JNN,u2020”N‚ÌƒoƒCƒfƒ“‚Æ‚Íˆá‚¤vƒnƒŠƒEƒbƒh‚Ì‘å•¨‚ª“Ë‚«‚Â‚¯‚½g“P‘Şh—v¿@‘I‹“‘‹àW‚ß‚É[‰e‹¿‚àŒœ”OyƒAƒƒŠƒJ‘å“—Ì‘I‹“z,https://news.yahoo.co.jp/articles/4960f671d0c68aee0e6a55e880b8c90657e1dd84,No date found
jnn,TBS NEWS DIG Powered by JNN,•ºm‚ª—Ü‚È‚ª‚ç‚Éu‚ ‚è‚ª‚Æ‚¤v í‰º‚ÌƒEƒNƒ‰ƒCƒi‚Å“ú–{lwŠöÒ‚ªŒö‰‰u•K—v‚Æ‚³‚ê‚Ä‚¢‚éêŠ‚É‰¹Šy‚ğv —ˆ”N‚É‚Í—ˆ“úŒö‰‰‚ğ—\’è,https://news.yahoo.co.jp/articles/b15983dcce08924d420bb48870fb0bb1334bda1b,No date found
jnn,TBS NEWS DIG Powered by JNN,ƒCƒXƒ‰ƒGƒ‹ŒRƒnƒ}ƒXŠ²•”•W“I‚ÉŒƒ‚µ‚¢‹ó”šƒKƒU“ì•”‚Å­‚È‚­‚Æ‚à90l‚ª€–SA300l‚ª‚¯‚ª@ƒlƒ^ƒjƒ„ƒtñ‘Šuƒnƒ}ƒXw“±Ò‘Sˆõ‚ğ’Ç‚¢‹l‚ß‚év‚Æ‹­’²,https://news.yahoo.co.jp/articles/5ff6392ab142a8a69c741e14805e3f602a7f7d1c,No date found
jnn,TBS NEWS DIG Powered by JNN,Šİ“c‘—‚ª‹A‘@ƒˆ[ƒƒbƒp”‘‚ÆˆÀ•Û‹¦—Í‘£i@ˆê•ûA‘“à‚Å‚ÍˆÀ•Û–Ê‚Å‚ÌŒœ”O–¾‚é‚İ‚É,https://news.yahoo.co.jp/articles/47509ff4853f11322f1d3a9ddc8b5b4e51fb52e9,No date found
jnn,TBS NEWS DIG Powered by JNN,ƒpƒŠŒÜ—Ö‚Ü‚Å2TŠÔ@ƒXƒ|[ƒc‘Š‚ªƒZ[ƒkì—V‰j‚ÅˆÀ‘S«ƒAƒs[ƒ‹,https://news.yahoo.co.jp/articles/a496f1938e263abe64671b5b5bcfb59bdf3f9160,No date found
jnn,TBS NEWS DIG Powered by JNN,•½¬–Œj@íŒãÅ‘å‚Ì‘‰ï‰®–Œi10j[u‚¢‚Á‚½‚¢A‚¢‚Â‚Ü‚Å‘Ò‚½‚¹‚é‚ñ‚Å‚·‚©!vØŒ”‹ÆŠE‚ÌƒŠ[ƒfƒBƒ“ƒOƒJƒ“ƒpƒj[‚ª‘‰ï‰®‚É“n‚µ‚½gŒ»ƒiƒ}h‚ÌÕŒ‚,https://news.yahoo.co.jp/articles/2f902168711b83816a78b4728dfcb4b7eb204ba5,No date found
jnn,TBS NEWS DIG Powered by JNN,üó~…‘Ñ”­¶‚Ì‚¨‚»‚ê@”~‰J––Šú‚Ì‘å‰JĞŠQ‚ÉŒµdŒx‰ú@3˜A‹x2“ú–Ú‚Í¼`“Œ“ú–{‚Å‘å‹C”ñí‚É•sˆÀ’è,https://news.yahoo.co.jp/articles/cebd5c554832aac21ed4e3d461295c22fc43bc8c,No date found
jnn,TBS NEWS DIG Powered by JNN,‘å’JãÄ•½ 29†‚Å“ú–{l‰ƒƒWƒƒ[’ÊZ200†Iæ§AŸ‚¿‰z‚µA’Ç‰Á“_‚Æ—vŠ‚Å“¾“_‚É—‚ŞŠˆ–ô‚àƒhŒR’É¦‚ÌƒTƒˆƒiƒ‰•‰‚¯,https://news.yahoo.co.jp/articles/4a6a2e2a0bb681bbd7d1d9fcaef01e0faaa4dd00,No date found
jnn,TBS NEWS DIG Powered by JNN,y‘å‰JŒx•ñz­™“‡Œ§Eˆ¢‹vªsAo…s‚É”­•\,https://news.yahoo.co.jp/articles/ab2c25512c70265c7bce0acf7bc17cbc970a1ae3,No date found
jnn,TBS NEWS DIG Powered by JNN,]‚Ì“‡‘å‹´‚ğ•Â½@–éŠÔ‰ü‘¢Ô—¼‚Ì‘›‰¹‹êî‚ğó‚¯ƒQ[ƒg‚Å’Ês~‚ß‚É@ŒßŒã10‚©‚çŒß‘O5AŠúŠÔ‚Íu“––Ê‚ÌŠÔv@–éŠÔ•Â½‚Í28”N‚Ô‚è,https://news.yahoo.co.jp/articles/dd11f31f470c82ee8d7d2024ac7a1fe99f55ea86,No date found
jnn,TBS NEWS DIG Powered by JNN,¼Ré‚Å”­¶‚Ì“y»•ö‚ê@Œ»ê‚Å‚İ‚Â‚©‚Á‚½’j—3l‚Ìˆâ‘Ì‚ÍAs•û•s–¾‚É‚È‚Á‚Ä‚¢‚½eq‚Æ”»–¾,https://news.yahoo.co.jp/articles/7a933a8b3bb65bb75180bd6ae158510805bf72fe,No date found
jnn,TBS NEWS DIG Powered by JNN,y‘å‰JŒx•ñz­™“‡Œ§EF–€ì“àsAF–€ì“às™“‡‚É”­•\,https://news.yahoo.co.jp/articles/5b6ce9b53bc6a70d790f4bbb12a50681cc8003a3,No date found
jnn,TBS NEWS DIG Powered by JNN,‰õ‹“I‘å’JãÄ•½A“ú–{l‰‚ÌƒƒWƒƒ[200†’B¬AƒLƒ“ƒO“Æ‘–29†A6‡24‘ÅÈ‚Ô‚è‚Ì‹‰õƒA[ƒ`,https://news.yahoo.co.jp/articles/6a263d4b55c34e47a012dc8a674f1a8c20290daa,No date found
jnn,TBS NEWS DIG Powered by JNN,“Œ‹‚©‚ç‘åã‚ğŒ‹‚ÔƒnƒCƒLƒ“ƒOƒ[ƒhu“ŒŠC©‘R•à“¹vŠJ’Ê50”N‚Å‹L”O®“T@ƒCƒ“ƒoƒEƒ“ƒh‹q‚©‚ç‚à’–Ú’nˆæŒoÏ‚ÌŠˆ«‰»‚ÉŠú‘Ò,https://news.yahoo.co.jp/articles/8da5183b51e1a621dc046e4eb547e167b367afee,No date found
jnn,TBS NEWS DIG Powered by JNN,ƒCƒXƒ‰ƒGƒ‹ŒRƒKƒU“ì•”‚ÉŒƒ‚µ‚¢‹ó”š­‚È‚­‚Æ‚à71l‚ª€–SA289l‚ª‚¯‚ª@ƒnƒ}ƒXŒR–•”–åƒgƒbƒv‘_‚Á‚½‚©ƒCƒXƒ‰ƒGƒ‹ƒƒfƒBƒA,https://news.yahoo.co.jp/articles/ff398401f36ecf01da692dde058166ba9d0423bc,No date found
jnn,TBS NEWS DIG Powered by JNN,“Œ‹“s“à‚Å’j—34l‚ª”M’†Ç‚Ì‹^‚¢‚Å”À‘—@ŒßŒã9Œ»İ@“Œ‹Á–h’¡,https://news.yahoo.co.jp/articles/8843f76258590f2c61a78fd402577c54f6c2592d,No date found
jnn,TBS NEWS DIG Powered by JNN,ƒ‰ƒOƒr[“ú–{‘ã•\A23]25‚ÅƒWƒ‡[ƒWƒA‚ÉÉ”s@‘Şêˆ•ª‚Å1l­‚È‚¢14l‚Åí‚¤‚à—Í‹y‚Î‚¸ƒeƒXƒgƒ}ƒbƒ`‰”’¯‚È‚ç‚¸,https://news.yahoo.co.jp/articles/ca7dccc568178975edacd846eeee6425b8ba6695,No date found
jnn,TBS NEWS DIG Powered by JNN,y‚—ä‚Ì‚È‚Å‚µ‚±zƒcƒA[ÅI“ú ¼–{ˆÉ‘ã‚Æu‰Âˆ¤‚­‚Ä‚²‚ß‚ñvƒRƒ‰ƒ{ ƒqƒƒ~‚Æ‚à‹¤‰‰Šó–],https://news.yahoo.co.jp/articles/24be443dea7a6733d42c097ff749896f9cf467a6,No date found
jnn,TBS NEWS DIG Powered by JNN,çŒ´ƒWƒ…ƒjƒA‚³‚ñyFIATƒ€ƒ‹ƒeƒBƒvƒ‰z50”N‘ã‚Ì‹ŒÔ‚ğ3”N‘Ò‚¿‚Å”[Ôu‚ß‚¿‚á‚ß‚¿‚á‚¦‚¦‚È!v,https://news.yahoo.co.jp/articles/53d2fac830e1e6b2ccc3b18f739dced382ec6fc9,No date found
jnn,TBS NEWS DIG Powered by JNN,ƒpƒŠŒÜ—Öoê‚ÌŠ’‘ò˜a‰À“Ş‚ª3000m‚Å©ŒÈVAŒã“¡–²‚à“ú–{¨2ˆÊ‚Å’e‚İ‚ğ‚Â‚¯‚éy—¤ãEƒzƒNƒŒƒ“ƒfƒBƒXƒ^ƒ“ƒXz,https://news.yahoo.co.jp/articles/6e2a644dec510da397741fe415e6d42b9b79cf87,No date found
jnn,TBS NEWS DIG Powered by JNN,yƒ„ƒNƒ‹ƒgzL“‡‚ÉƒTƒˆƒiƒ‰•‰‚¯c8˜A”s•Ø‹àÅ‘½14‚É “cŒû‚ªÎŒ´‚ÉV’e—‚Ñ‚é ‹~‰‡w‚ª”S“Š‚à‘Åü‚Í3ˆÀ‘Å ‘ºã‚Í5OU‚ÆU‚é‚í‚¸,https://news.yahoo.co.jp/articles/14ab0e9ae0c0ec76cec18d73a6a02081c5115b7d,No date found
jnn,TBS NEWS DIG Powered by JNN,”~‘ò•x”ü’j‚³‚ñuV‚µ‚¢ƒgƒ‰ƒbƒN‚Å‚·!v‰^“]‘ä‚©‚çˆĞ•—“°X,https://news.yahoo.co.jp/articles/99056f63817dece2ac4beff32a60cf24ef75a337,No date found
jnn,TBS NEWS DIG Powered by JNN,“Æ‚è‚Åí‚¢A¶‚«”²‚¢‚½\\‡€ˆÀŠy€‡‚µ‚½“ú–{l—«@•a‚É‚æ‚é‘Ï‚¦“ï‚¢‹ê’É‚ÆA—Š‚é‚±‚Æ‚ğ‚Å‚«‚È‚­‚µ‚½‰Æ’ëŠÂ‹«,https://news.yahoo.co.jp/articles/a88d59ffbeaa3f735f777d37a61a777f132df3d1,No date found
jnn,TBS NEWS DIG Powered by JNN,yL“‡zŒ€“IƒTƒˆƒiƒ‰Ÿ‚¿‚Å2˜AŸ ñˆÊE‹l‚É1·‚Åƒsƒ^ƒŠIÎŒ´‚ª0-0‚Ì‰„’·11‰ñ ŒˆŸ’e‚Ì3†ƒ\ƒ‚ğƒŒƒtƒgƒXƒ^ƒ“ƒh‚Ö’@‚«‚Ş,https://news.yahoo.co.jp/articles/4feb70e60211b5e00881cd4cfb66750bb1780189,No date found
jnn,TBS NEWS DIG Powered by JNN,y’†“úz‘å—í§‚· 3“_·‚ğ‚Ğ‚Á‚­‚è•Ô‚· 2˜AŸI¡‹G2“x–Ú2ƒPƒ^“¾“_ —Oˆä‚Ì‹Ù‹}~”Â ‘Sˆõ‚Å”Ò‰ñ “¡“ˆ‚ªƒvƒ‰‘Å“_“K‘Å‚ÉD‹~‰‡,https://news.yahoo.co.jp/articles/47be15f0028a54b3dbc59c6c5cbe33cb7b1926d5,No date found
jnn,TBS NEWS DIG Powered by JNN,yã_z‘å—í‚Å‹t“]•‰‚¯ 2˜A”s‚ÅñˆÊE‹l‚Æ2.5·...3“_ƒŠ[ƒh‚à½Œ´A•l’n‚ª‰Šã‚µ5¸“_‚Å10¸“_ 9‰ñ1€“ñEO—Û‚Å1–{o‚¸,https://news.yahoo.co.jp/articles/dce4824598af4128fb3ec17b4271d72ecf3289f7,No date found
jnn,TBS NEWS DIG Powered by JNN,7Œ13“úi“yj‚ ‚·‚Ì“V‹C@“Œ–k“ì•”‚©‚ç‹ãB‚Í”~‰J‘Oü‚Ì‰e‹¿‚ÅL‚­‰J@‹ãB–k•”‚Å‚Í‘å‰J‚Æ‚È‚é‚¨‚»‚ê‚ª‚ ‚èAüó~…‘Ñ‚ª”­¶‚·‚é‰Â”\«‚à,https://news.yahoo.co.jp/articles/7483cca466f39feb2ba7fb7df915d6488eb8d2e0,No date found
jnn,TBS NEWS DIG Powered by JNN,“à‘ºéD‘¾‚³‚ñi­”N”EÒjŠˆ“®ÄŠJ‚ğŒö•\uSg‹¤‚É‰ñ•œŒXŒü‚É‚ ‚èAê–åˆã‚©‚ç‚à³‘øv,https://news.yahoo.co.jp/articles/150afd47770a743dee82400b641276f843581f7f,No date found
jnn,TBS NEWS DIG Powered by JNN,90‘ã‚Ì•v‚Æ80‘ã‚ÌÈ‚ªˆâ‘Ì‚Å”­Œ©@È‚Íì‚É“]—‚ÌŒyƒgƒ‰ƒbƒNÔ“à‚ÅA•v‚Í1ƒLƒ‚Ù‚Ç‰º—¬‚ÅŒ©‚Â‚©‚é@H“c,https://news.yahoo.co.jp/articles/a8a2fa9d3b1ed23e278b1966112199729d77beed,No date found
jnn,TBS NEWS DIG Powered by JNN,ƒCƒ“ƒhEƒAƒWƒAƒgƒbƒv‚Ì‘å•x‹‚Ì‘§q‚ÌŒ‹¥®@”ï—p‚Í900‰­‰~’´H@ƒZƒŒƒu‚ç‚ª‘½”Q—ñ‚Ö,https://news.yahoo.co.jp/articles/e07b1aee86fe4578911cae5f6e801970e0ade86d,No date found
jnn,TBS NEWS DIG Powered by JNN,¼Ré‚Å”­¶‚Ì“y»•ö‚ê@Œ»ê‚Å‚İ‚Â‚©‚Á‚½’j—3l‚Ì€–S‚ğŠm”F@gŒ³‚ÌŠm”F‚·‚·‚ß‚é,https://news.yahoo.co.jp/articles/3589f9eb99c9b0e61e986cf54a7c4cc14bb6d481,No date found
jnn,TBS NEWS DIG Powered by JNN,‚È‚Å‚µ‚±ƒWƒƒƒpƒ“AƒK[ƒi‚É4-0‚Åˆ³ŸIŒã”¼ˆê‹“4“¾“_‚ÅƒpƒŠŒÜ—Ö‘O‘“àƒ‰ƒXƒgƒ}ƒbƒ`‚ğ”’¯‚Åü‚éy‘Ûe‘P‡z,https://news.yahoo.co.jp/articles/0f0ee3e861b0427bb5ee8acc94e85187cb83907e,No date found
jnn,TBS NEWS DIG Powered by JNN,©–¯EÎ”jŒ³Š²–’·u©–¯“}‚ÍŒª‹•‚Å³’¼‚È“}‚Æ‚µ‚ÄÄo”­‚ğv,https://news.yahoo.co.jp/articles/226b8994e66f28e47f58ecfe65aff723b6594b59,No date found
jnn,TBS NEWS DIG Powered by JNN,‘m–X•Ù•Â½•s‘SÇ‚ÌŒ´ˆö‚Ì‚Ğ‚Æ‚ÂcuŠ´õ«S“à–Œ‰Šv‚Æ‚Í`wƒuƒ‰ƒbƒNƒyƒAƒ“xŠÄCƒhƒNƒ^[‚ª‰ğà vol.16`,https://news.yahoo.co.jp/articles/e416a43dcc8bc37e71ff2eb589bf855ec2c7b314,No date found
jnn,TBS NEWS DIG Powered by JNN,yDeNAz‹l‚É2˜A”scƒI[ƒXƒeƒBƒ“‚É12†ƒ\ƒ‚à”½Œ‚‚È‚ç‚¸ ¼–{—½‚ª4¸“_‚Æ‘Å‚¿‚Ü‚ê‚é ƒvƒ‰“o”Â‰æ”­‚Ì‹g–ì‚Í5‰ñ2¸“_,https://news.yahoo.co.jp/articles/3cfe21eef00dd1ea0e2be161551cd6ab9f56b791,No date found
jnn,TBS NEWS DIG Powered by JNN,y‹lz3”N‚Ô‚è‚Ì7˜AŸ ¡‹GÅ‘½’™‹à7‚ÅñˆÊŒ˜I‰ª–{˜a‚ªæ§‘ÅA‹gì‚ª’ÇŒ‚’e –å˜e‚ªƒ_ƒ‰Ÿ‚µ‘Å ƒOƒŠƒtƒBƒ“‚Í7‰ñ1¸“_‚Å4Ÿ–Ú,https://news.yahoo.co.jp/articles/475d187751e84da3f3577f18d8e7c92305c3cf80,No date found
jnn,TBS NEWS DIG Powered by JNN,ãc‚²•vÈ@Œ‹¥60”N‚ğ‹L”O‚µ‚Äì‹È‚³‚ê‚½‡¥‹Èu‹F‚è‚Ì‰Ô‘©v‚ğŠÓÜ@‰¡•l‚İ‚È‚Æ‚İ‚ç‚¢ƒz[ƒ‹,https://news.yahoo.co.jp/articles/7a0ff816e1c0158cd408374f62aeb73fdd5f60da,No date found
jnn,TBS NEWS DIG Powered by JNN,“Œ‹E¢“c’J‹æ‘ã“c‚Å‰Î–@’j«2l‚¯‚ª@‰Î‚Í–ñ1ŠÔ”¼Œã‚ÉÁ‚µ~‚ß‚ç‚ê‚é,https://news.yahoo.co.jp/articles/536d2055384dceee3504cae4ab7740fe4d63f6c7,No date found
jnn,TBS NEWS DIG Powered by JNN,üó~…‘Ñg”¼“ú‘Oh—\‘ªî•ñ@RŒûŒ§ŠÜ‚Ş‹ãB–k•”’n•û6Œ§‚É”­•\@–¾“ú‚ÌŒß‘O’†‚©‚çŒßŒã‚É‚©‚¯‚Äüó~…‘Ñ”­¶‚Ì‚¨‚»‚ê,https://news.yahoo.co.jp/articles/27354e6a320a2f2206eccf58eba4ef08c1b39b07,No date found
jnn,TBS NEWS DIG Powered by JNN,“¡‘òs‚Ìƒ}ƒ“ƒVƒ‡ƒ“‚©‚ç54Î‚Ì—«‚Ìˆâ‘Ì@70‘ã‚Ì•êe‚Æ‚İ‚ç‚ê‚é—«‚ª•a‰@‚É‰^‚Î‚ê‚é@Œx@‚ªTd‚É‘{¸,https://news.yahoo.co.jp/articles/081467c4742402f10850a37c259415b769d58cdc,No date found
jnn,TBS NEWS DIG Powered by JNN,g]‚Ì“‡‘å‹´‚ğ•Â½‚¹‚æhc–éŠÔA‰ü‘¢Ô—¼‚Ì‘›‰¹‹êî‚ğó‚¯ƒQ[ƒg‚Å’Ês~‚ß‚É@ŒßŒã10`Œß‘O5AŠúŠÔ‚Íu“––Ê‚ÌŠÔv–éŠÔ•Â½‚Í28”N‚Ô‚è,https://news.yahoo.co.jp/articles/0c9712095bb5b7e8cb0655070064e038dd017a98,No date found
jnn,TBS NEWS DIG Powered by JNN,y^–Ø‚æ‚¤qzŒ»ê‚Å_•—‚ğ‚©‚¹‚é@‹ß‰YŠÄ“Âu^–Ø‚³‚ñ‚¾‚©‚ço—ˆ‚½v,https://news.yahoo.co.jp/articles/e92bcf0a8c9be09398b0ba19d69c1e7196b61730,No date found
jnn,TBS NEWS DIG Powered by JNN,y‘¬•ñz“Œ‹“s“à‚Å’j—24l‚ª”M’†Ç‚Ì‹^‚¢‚Å”À‘—@ŒßŒã3Œ»İ@“Œ‹Á–h’¡,https://news.yahoo.co.jp/articles/73f778416c26473ffdef59640bfe35d37508395d,No date found
jnn,TBS NEWS DIG Powered by JNN,•ÄITƒƒ^@ƒgƒ‰ƒ“ƒv‘O‘å“—Ì‚ÌƒAƒJƒEƒ“ƒg§ŒÀ‚ğ‰ğœ@‹¤˜a“}‘å‰ï‚ğ‘O‚É,https://news.yahoo.co.jp/articles/80ca95c5cc1a94713728f37bd703eb2dc9f217a3,No date found
jnn,TBS NEWS DIG Powered by JNN,„‚Í¶‚«‚é‚±‚Æ‚ğ’ú‚ß‚½\\ gˆÀŠy€h‚ğ‘I‘ğ‚µ‚½’j«A‘Ï‚¦“ï‚¢Œƒ’É‚Ì“úX@º‚ğ‚ ‚°‚Ä‹ƒ‚­–…‚Öu‹­‚­¶‚«‚Äv,https://news.yahoo.co.jp/articles/6aa9781271af5e5121a2c83cb4ace01425184e22,No date found
jnn,TBS NEWS DIG Powered by JNN,4Î‚ª’E–ÑƒTƒƒ“‚É’Ê‚¤@‚«‚Á‚©‚¯‚Í•Ûˆç‰€‚ÅŒ¾‚í‚ê‚½‰½‹C‚È‚¢ˆêŒ¾@u•sˆÀ‚ğæ‚èœ‚«‚½‚¢v‚Æ‚¢‚¤e‚Ìv‚¢@#—ß˜a‚Ìq,https://news.yahoo.co.jp/articles/d5d5a3aed6fdd45f000ba817eabdb1a3d4bbfb56,No date found
