media_en,media_jp,title_articles,link_articles,date_original
ycreatp,Yahoo! JAPAN クリエイターズプログラム,「やっぱり諦めないことにした。」日本の司法に絶望した弁護士が、公共訴訟で目指す社会変革#令和の人権,https://news.yahoo.co.jp/articles/29e77809c3b89eb3c8be1cbefa408f105c924942/images/000,10/6(日) 9:05
ycreatp,Yahoo! JAPAN クリエイターズプログラム,隠すのも見せるのも苦しい――脱毛症の女性ダンサーが語る、かつらの下の葛藤と解放への道のり#病とともに,https://news.yahoo.co.jp/articles/1f526566963a817df602d50a464c2ccf26d41552/images/000,9/8(日) 17:02
ycreatp,Yahoo! JAPAN クリエイターズプログラム,「母語がえり」で施設に入居できないことも――認知症の在日外国人高齢者が直面する壁,https://news.yahoo.co.jp/articles/2cbe830adf4ac9a3658a4054bf4548ae6482013f/images/000,9/7(土) 9:11
ycreatp,Yahoo! JAPAN クリエイターズプログラム,「残ったのは借金1億円」能登半島地震で被災した料理人が直面する復興のジレンマ#災害に備える,https://news.yahoo.co.jp/articles/681b947659347ada97ab9cb7a0db9b1236bc32fa/images/000,9/1(日) 9:46
ycreatp,Yahoo! JAPAN クリエイターズプログラム,亡き娘は「重心医ケア児」_親の負担を減らすためデイサービス施設を立ち上げた夫婦の思い#病とともに,https://news.yahoo.co.jp/articles/0cf410f547cf3e3a06a6a6432ab31738b2cebd53/images/000,8/31(土) 15:06
ycreatp,Yahoo! JAPAN クリエイターズプログラム,「消滅」が危ぶまれる町で生活できるか――地方移住したシングルマザーが目指す自立 #令和に働く,https://news.yahoo.co.jp/articles/bf37b4d5b5707913c0a1a47af1d06f5d72ababd4/images/000,8/29(木) 10:11
ycreatp,Yahoo! JAPAN クリエイターズプログラム,過激パフォーマンスで米兵に愛された沖縄ロックのレジェンド 女性写真家が見つめた素顔 #戦争の記憶,https://news.yahoo.co.jp/articles/dc02dbb2f1a9d26348601d977e0774b129d141ca/images/000,8/12(月) 9:23
ycreatp,Yahoo! JAPAN クリエイターズプログラム,「ヘルプマークは心の安定剤」原因不明の病を抱えるシンガーが普及活動を行う理由#病とともに,https://news.yahoo.co.jp/articles/190c102fa684b591d42d5ceddae45eeae515f7be/images/000,7/20(土) 9:06
ycreatp,Yahoo! JAPAN クリエイターズプログラム,"戦後最大の人権侵害 ""優生保護法""と闘った弁護士と被害者女性 なぜ悪法は放置されたのか？#令和の人権",https://news.yahoo.co.jp/articles/380e0d22f07d43f8fc06678fb553dccabecbce57/images/000,7/17(水) 16:25
ycreatp,Yahoo! JAPAN クリエイターズプログラム,「絶滅寸前の種類ほど燃える」ーー日本初の野生生物保全の施設で挑む、白い希少生物の繁殖 #ydocs,https://news.yahoo.co.jp/articles/f093fdf27049bd0e60c8403c0d2fd0e171e80fe1/images/000,7/15(月) 12:04
ycreatp,Yahoo! JAPAN クリエイターズプログラム,生産性が低いと働くことはできないのか？発達障害を抱えながらアートを仕事にする #ydocs,https://news.yahoo.co.jp/articles/2bcc6b9535830b77c3f8e9b0af9b5413df48aa02/images/000,6/30(日) 9:27
ycreatp,Yahoo! JAPAN クリエイターズプログラム,「自分らしい生活をしたい」47歳のALS患者があえて独居生活に踏み切った理由　#病とともに,https://news.yahoo.co.jp/articles/fe33a4a9492473f6d41a6a727d9af51762eacca6/images/000,6/21(金) 10:15
ycreatp,Yahoo! JAPAN クリエイターズプログラム,「机の概念を壊す新しい商品を」 日本一の家具産地で唯一生き残る机専門メーカー3代目の挑戦＃ydocs,https://news.yahoo.co.jp/articles/a4b666ff0e68a08f5316ce89f0edb3b32951f913/images/000,6/15(土) 11:50
ycreatp,Yahoo! JAPAN クリエイターズプログラム,有名シェフの“不倫騒動”で揺らいだ村のレストラン その舞台裏で育んだ若きシェフと村民の絆 #ydocs,https://news.yahoo.co.jp/articles/d839c8c0bd47abb2efcd1d989cdba639e894d601/images/000,6/9(日) 9:10
ycreatp,Yahoo! JAPAN クリエイターズプログラム,最高の「いい顔」を死後に残す――残された家族の拠り所「遺影写真」を撮り続ける写真家の軌跡#ydocs,https://news.yahoo.co.jp/articles/f2623d1a5da15962328808bf0476e7eccdc6c3d9/images/000,3/31(日) 9:39
ycreatp,Yahoo! JAPAN クリエイターズプログラム,まるで「らんまん」主人公？絶滅寸前の希少植物の解明に奮闘する、科博研究員の仕事とは ＃ニュースその後,https://news.yahoo.co.jp/articles/d063f8a2b90987948388a11d40139d9b4757e728/images/000,3/24(日) 11:20
ycreatp,Yahoo! JAPAN クリエイターズプログラム,人口減少に相次ぐ破産ーー津波が襲った宮古市が取り組む、海の「色」を使った復興―― 戦略とは #知り続ける,https://news.yahoo.co.jp/articles/cddf688ffd43e943d6935f0ba05f3a48a0a2ccfd/images/000,3/10(日) 9:08
ycreatp,Yahoo! JAPAN クリエイターズプログラム,「買えなくなって困っていたの」地元住民の要望に応え継承した福島県川俣町のローカル納豆事業#知り続ける,https://news.yahoo.co.jp/articles/3cce90f9a98913e4715bb82af756c432e99caf6e/images/000,3/9(土) 9:11
ycreatp,Yahoo! JAPAN クリエイターズプログラム,「女性器を切らないで」自分が苦しんだ伝統から娘を守る母の戦い変わりゆく儀式へ初の潜入取材#性のギモン,https://news.yahoo.co.jp/articles/5ac13a9b3b44a078ba3ac04c2999f73e24987f81/images/000,3/8(金) 9:18
ycreatp,Yahoo! JAPAN クリエイターズプログラム,被爆後も常におびえて暮らしていた―黒い雨浴びた8歳の少女に、長年つきまとった戦争の影 #戦争の記憶,https://news.yahoo.co.jp/articles/eb068066024a2041bd1ab875e526d623eca6fdde/images/000,3/3(日) 15:43
ycreatp,Yahoo! JAPAN クリエイターズプログラム,「原発事故があった福島だからこそ、環境にやさしいコットンを」風評被害乗り越え届ける茶綿 #知り続ける,https://news.yahoo.co.jp/articles/1906212a0d02f763497d0e20a2c9a2eb15befc86/images/000,2/25(日) 14:07
ycreatp,Yahoo! JAPAN クリエイターズプログラム,家で泣いたつらい日々を経てーー障がいのあるラッパーのメッセージに沸いた会場,https://news.yahoo.co.jp/articles/04d94b490395361c54a3c8a82647cd9bff9de461/images/000,2/24(土) 9:06
ycreatp,Yahoo! JAPAN クリエイターズプログラム,引きこもりスタッフが大活躍――接客ロボットの操縦が切り開く新たな働き方,https://news.yahoo.co.jp/articles/c53bae07c378c911390687f6b23df70099b8c1e8/images/000,2/4(日) 10:46
ycreatp,Yahoo! JAPAN クリエイターズプログラム,「介護は日常の延長」 慢性的な人材不足に喘ぐ介護業界で、楽ワザ介護術が変える現場力 #老いる社会,https://news.yahoo.co.jp/articles/1006b6f58484b9bbef4da481cf7531b4d6e941b0/images/000,2/3(土) 15:22
ycreatp,Yahoo! JAPAN クリエイターズプログラム,刑務所の中にチャンスをつくるーー受刑者向け求人誌が立ち向かう現実と願い,https://news.yahoo.co.jp/articles/acea32a6c252a7290351631b2a4da31bc2274d12/images/000,1/20(土) 9:05
ycreatp,Yahoo! JAPAN クリエイターズプログラム,「辞世の句」がたくさん出来る――肺がん・ステージ4「俳優・小倉一郎」流の終活とは #病とともに,https://news.yahoo.co.jp/articles/baf4027f0b6c2aff839ea36cd0a0dff273ca4881/images/000,2023/12/30(土) 16:06
ycreatp,Yahoo! JAPAN クリエイターズプログラム,「必要なのは情報」難病ALSでも生きる喜びをーー母を思う19歳の決意＃病とともに,https://news.yahoo.co.jp/articles/5f9be2a96e7c2128d774562b9bf1be4b75c00f92/images/000,2023/12/21(木) 11:20
ycreatp,Yahoo! JAPAN クリエイターズプログラム,43歳で認知症に――絶望からの転機と当事者だからこそ伝えたい思い #病とともに,https://news.yahoo.co.jp/articles/7f967e19585ac7941e8bc0a224c89c5c43a43352/images/000,2023/12/14(木) 15:18
ycreatp,Yahoo! JAPAN クリエイターズプログラム,「お金がないと人は動かん」ーーカネの問題に苦心した64歳の元銀行員が故郷の海でゼロからかなえる夢,https://news.yahoo.co.jp/articles/7c564211f5cb37d4b8eb9fca26179172e31f5a79/images/000,2023/12/14(木) 12:50
ycreatp,Yahoo! JAPAN クリエイターズプログラム,「侵略者の子孫」と言われて――インドネシア社会に残る占領の傷と向き合う、残留日本兵の孫 #戦争の記憶,https://news.yahoo.co.jp/articles/6fa600e8be929674bf35f143a20040916603b4cb/images/000,2023/12/10(日) 9:07
ycreatp,Yahoo! JAPAN クリエイターズプログラム,「目が見えない人でも自由にお酒を飲んで電車に乗れるようにしたい」全盲男性自ら手がけるAI アプリ開発,https://news.yahoo.co.jp/articles/df036d3f1ebfaca1e4b6419a905bc7c4c07eb96a/images/000,2023/12/9(土) 10:27
ycreatp,Yahoo! JAPAN クリエイターズプログラム,障がい者の作る商品は安い？「常識」を変えるモノづくりに挑む女性,https://news.yahoo.co.jp/articles/478fde46d58c6628a713c187f65becdfa8da9291/images/000,2023/12/3(日) 10:26
ycreatp,Yahoo! JAPAN クリエイターズプログラム,「子どもを育てるように手がかかる」希少な古代小麦のパン ミシュラン2つ星レストランのテクニック,https://news.yahoo.co.jp/articles/41ae4c58323e74680f9205b7f47e9e4288504f06/images/000,2023/12/1(金) 13:41
ycreatp,Yahoo! JAPAN クリエイターズプログラム,「もうあんな思いはしたくない」一粒に込められた想いを届ける創業98年の老舗米屋 #昭和98年,https://news.yahoo.co.jp/articles/61b1eab1bfd5333d73fd1c7b0d7fdeed71cb5949/images/000,2023/10/29(日) 9:06
ycreatp,Yahoo! JAPAN クリエイターズプログラム,前身は新日鉄釜石　地元密着チームの課題と「選手兼事務局員」26歳ラガーマンの奮闘,https://news.yahoo.co.jp/articles/39a32f97eb1ec88b055a794f50aff8b143dabf64/images/000,2023/10/1(日) 12:12
ycreatp,Yahoo! JAPAN クリエイターズプログラム,山修行に線状降水帯の恐怖――すれ違う僧侶の父と息子の心を変えた過酷な4日間とは,https://news.yahoo.co.jp/articles/a73553a8d5c5c9ffcf3aa569c7108125fb9fcce9/images/000,2023/9/23(土) 9:49
ycreatp,Yahoo! JAPAN クリエイターズプログラム,「日本一の里山」守りたい　国蝶・オオムラサキの飼育を通し子どもたちに託す未来,https://news.yahoo.co.jp/articles/fd17909813490e7a9de8bdf6aa7e3836898570fd/images/000,2023/9/10(日) 9:37
ycreatp,Yahoo! JAPAN クリエイターズプログラム,「無理して学校にいかないで」生きるため不登校に　動画につづった母の言葉#今つらいあなたへ,https://news.yahoo.co.jp/articles/6c9062074857eaa79b800e6d58e3091c6d99de70/images/000,2023/9/9(土) 9:09
ycreatp,Yahoo! JAPAN クリエイターズプログラム,教え子に書かせた親の戦争体験　反戦訴える教師だった父が残した50年前の本 #戦争の記憶,https://news.yahoo.co.jp/articles/4a7ed865a18d8859c37240a07a38a468fe9b2eaf/images/000,2023/8/27(日) 9:27
ycreatp,Yahoo! JAPAN クリエイターズプログラム,「香りが生活に活力やメリハリを与えてくれる」香りをダウンロードできるプラットフォーム事業への挑戦,https://news.yahoo.co.jp/articles/fd613486384e75f9a73766ef635730bf2accdd40/images/000,2023/8/26(土) 9:07
ycreatp,Yahoo! JAPAN クリエイターズプログラム,育児疲れや困難を抱える親子に“寄り添って”サポートする‐‐訪問型支援とは？,https://news.yahoo.co.jp/articles/914fbc3ddf63f49fa19e64a2cef3665e5e4984c9/images/000,2023/8/20(日) 17:03
ycreatp,Yahoo! JAPAN クリエイターズプログラム,「奇跡のまちづくり」ガーデニングの聖地・恵庭を生んだ1人の主婦の挑戦,https://news.yahoo.co.jp/articles/6ddfd70ad64fb5e600b5378ccc74f0d8dc35227b/images/000,2023/8/13(日) 13:10
ycreatp,Yahoo! JAPAN クリエイターズプログラム,「自分たちの海は、自分たちで守る」伊豆大島・高校生ライフセーバーの挑戦,https://news.yahoo.co.jp/articles/6a1c65429de9e895c684b946393aa289de3587a2/images/000,2023/8/12(土) 9:20
ycreatp,Yahoo! JAPAN クリエイターズプログラム,カメラを頭に乗せて川を渡るーー軍の圧政下のミャンマー、ジャーナリストが命をかけて伝えたいこと,https://news.yahoo.co.jp/articles/5f5b5eda7412f6a7a17d0f590606f21c1594a236/images/000,2023/8/11(金) 9:09
ycreatp,Yahoo! JAPAN クリエイターズプログラム,カメラを頭に乗せて川を渡るーー軍の圧政下のミャンマー、ジャーナリストが命をかけて伝えたいこと,https://news.yahoo.co.jp/articles/5ec833a62bb6748a3f91ce76b5de177f856caa21/images/000,2023/8/11(金) 9:08
ycreatp,Yahoo! JAPAN クリエイターズプログラム,「革命的な変化」掃除当番や学級会ーー日本の学校の「特別活動」にエジプト人が熱視線,https://news.yahoo.co.jp/articles/b46b47def7a864cac8c8ba5d92e5edf792fafaf3/images/000,2023/7/20(木) 10:10
ycreatp,Yahoo! JAPAN クリエイターズプログラム,買い手がつかずに大量廃棄 「捨てられる着物を救いたい」3児の母の挑戦,https://news.yahoo.co.jp/articles/423e03ebf3dfc40b5d172be7c48d90c07c266b95/images/000,2023/7/13(木) 9:12
ycreatp,Yahoo! JAPAN クリエイターズプログラム,ITの最先端サンフランシスコで大人気のドーナツ店　経営者は日本人女性,https://news.yahoo.co.jp/articles/3d2abe4fbbcff9fe1a101b83c474245eccd08a6c/images/000,2023/5/28(日) 9:20
ycreatp,Yahoo! JAPAN クリエイターズプログラム,ITの最先端サンフランシスコで大人気のドーナツ店　経営者は日本人女性,https://news.yahoo.co.jp/articles/cdf55d8f3731482126249c7c1a1650522b86e804/images/000,2023/5/28(日) 9:19
ycreatp,Yahoo! JAPAN クリエイターズプログラム,「なくした友達の代わりはない」14歳がカメラで映し出した被災後のトルコ,https://news.yahoo.co.jp/articles/5944d60583daca69a49d712dea37e975167a99bf/images/000,2023/5/27(土) 9:24
ycreatp,Yahoo! JAPAN クリエイターズプログラム,「九州で最も早くに栄え、衰退に直面する都市」高齢化率No.1の北九州市で描く高齢者雇用の理想,https://news.yahoo.co.jp/articles/9fce2d060a042e2c1ce331cd11dfe772885e4854/images/000,2023/4/9(日) 9:03
ycreatp,Yahoo! JAPAN クリエイターズプログラム,トンボは街と人を繋げる意識変換装置―サイクリング道路で彩られた整備道具トンボ掛けが作る未来,https://news.yahoo.co.jp/articles/47a816153646d69ad77495bf9d116647dcdc5aaa/images/000,2023/4/2(日) 17:03
ycreatp,Yahoo! JAPAN クリエイターズプログラム,「反骨精神のようなもの」40年前の活気をもう一度、地元のあつれきと戦いながら商店街の活性化に挑むわけ,https://news.yahoo.co.jp/articles/079c83df1ea99a32ad366347ceed3bdfa90bb6fe/images/000,2023/3/26(日) 10:02
ycreatp,Yahoo! JAPAN クリエイターズプログラム,「渋谷の生ゴミを循環の出発点にできないか」―生ゴミからサーキュラーエコノミーの仕組みづくりに挑む,https://news.yahoo.co.jp/articles/cd59f544aa7d2cbb519c23deb06ca5f5f82aa263/images/000,2023/3/18(土) 9:08
ycreatp,Yahoo! JAPAN クリエイターズプログラム,「また津波がきたとしても大丈夫」と言えるようにーー将来を決めあぐねていた兼業漁師の覚悟 ＃知り続ける,https://news.yahoo.co.jp/articles/9a5ec39d8496960e70e7d58115f8c0703a943b71/images/000,2023/3/12(日) 9:07
ycreatp,Yahoo! JAPAN クリエイターズプログラム,「原発事故さえなければ」窯元を廃業した陶芸師 12年たっても続く苦渋の選択 #知り続ける,https://news.yahoo.co.jp/articles/e52969dd27bbb807d71e8867c0628cf815bba6f9/images/000,2023/3/8(水) 13:12
ycreatp,Yahoo! JAPAN クリエイターズプログラム,テレビから消えて10年ー　マジシャン・セロが今考える自身の存在意義とは,https://news.yahoo.co.jp/articles/7faf8c2e7090c441af8884bcba4bd378bd550a6e/images/000,2023/3/5(日) 9:58
ycreatp,Yahoo! JAPAN クリエイターズプログラム,人はどのように愛する者の死を受け止めるのか 12年間の記録の意味 #知り続ける,https://news.yahoo.co.jp/articles/4a11499f56132e9e7382d0de82b10f0eeb1dfd85/images/000,2023/3/4(土) 10:15
ycreatp,Yahoo! JAPAN クリエイターズプログラム,我が子との最初で最後の別れ　死産の赤ちゃんを包む「エンジェルドレス」制作の想い,https://news.yahoo.co.jp/articles/ef14f14f3d7c5dbe92e7be8337a9c52953460066/images/000,2023/2/26(日) 17:48
ycreatp,Yahoo! JAPAN クリエイターズプログラム,我が子との最初で最後の別れ　死産の赤ちゃんを包む「エンジェルドレス」制作の想い,https://news.yahoo.co.jp/articles/2838d784fcfd3ccf58c9e761cd10ce7f506f0050/images/000,2023/2/26(日) 17:47
ycreatp,Yahoo! JAPAN クリエイターズプログラム,林業は木を切り育てるだけじゃない ――「負の遺産」と呼ばれた山でマウンテンバイカーと始めた取り組み,https://news.yahoo.co.jp/articles/5c81edc91b56e1c963a45f7fcbbafef5969292ea/images/000,2023/2/23(木) 9:45
ycreatp,Yahoo! JAPAN クリエイターズプログラム,「死んだら国籍も民族も関係ない」 99.99%が火葬される日本で、京都の寺が土葬を受け入れる理由とは,https://news.yahoo.co.jp/articles/0a96fb5e70417d3f12d83ec7bc88655fb9d11ebc/images/000,2023/2/19(日) 10:03
ycreatp,Yahoo! JAPAN クリエイターズプログラム,「こんな僕でも出来る」大切な人たちに贈りたい日本一の称号――サウナを熱くする若手熱波師の恩返し,https://news.yahoo.co.jp/articles/a6864bfb94ae512c65f7f5415970a0bc2f63bd93/images/000,2023/2/12(日) 10:04
ycreatp,Yahoo! JAPAN クリエイターズプログラム,「君に子どもはできない」20歳でがんを患い絶望 寛解した男性が取り組む「がん教育」,https://news.yahoo.co.jp/articles/d90c892033d6aad94ae5a2e293781d7683f7ad98/images/000,2023/2/4(土) 11:14
ycreatp,Yahoo! JAPAN クリエイターズプログラム,同意のない性交が犯罪にならない現実――13万の署名と共に刑法改正に挑む当事者たち,https://news.yahoo.co.jp/articles/440cd458b5acf1433260354f5efb3c44d56863c9/images/000,2023/1/28(土) 9:42
ycreatp,Yahoo! JAPAN クリエイターズプログラム,「ALSの親友と一緒に日本料理を楽しみたい」　誰もが一緒に楽しめる箸の開発秘話,https://news.yahoo.co.jp/articles/d356e3d970ea9dac0b72a9783409a310d808680b/images/000,2022/12/30(金) 9:16
ycreatp,Yahoo! JAPAN クリエイターズプログラム,認知症になっても何も諦めない――「その人らしい生活を送れる」介護への挑戦,https://news.yahoo.co.jp/articles/68a21f138e3c22ae81e28e9709101cf85f6cfce9/images/000,2022/12/29(木) 17:08
ycreatp,Yahoo! JAPAN クリエイターズプログラム,「貧困から脱出できる選択肢を作りたい」ナイジェリアサッカーチームが国際大会目前に流した涙,https://news.yahoo.co.jp/articles/e712f7e2a8da61f6e187bc85d57c83f010e322fa/images/000,2022/12/22(木) 15:24
ycreatp,Yahoo! JAPAN クリエイターズプログラム,「障がい者なんだから」の言葉に奮起　1つ300円の卵を作る事業所の哲学,https://news.yahoo.co.jp/articles/979aa0c41788a061b548181b80bd18221bdf00ce/images/000,2022/12/15(木) 14:43
ycreatp,Yahoo! JAPAN クリエイターズプログラム,「死ぬかもしれない」眠れぬ夜をこえて 骨髄移植の厚い壁を越えるために動く妻と、見守る夫の葛藤,https://news.yahoo.co.jp/articles/8f17da7adef44916381fc1423b321d5a07ad5e9b/images/000,2022/12/8(木) 12:24
ycreatp,Yahoo! JAPAN クリエイターズプログラム,「未利用国産羊毛を原料にものづくりをしたい」20年以上放置されてきた国産ウール活用への挑戦,https://news.yahoo.co.jp/articles/747ca6c65e5c2746ce0904fc0d46aae20b65ba71/images/000,2022/11/26(土) 10:50
ycreatp,Yahoo! JAPAN クリエイターズプログラム,亡き師匠から引き継ぐその想いーー33歳で借金を背負いビール天国静岡で「クラフトビール」に賭けるわけとは。,https://news.yahoo.co.jp/articles/5ebf0d9ee2888ee15a986681216058ec59d1c89b/images/000,2022/10/2(日) 9:02
ycreatp,Yahoo! JAPAN クリエイターズプログラム,「ワンピースに出るのが夢」ウクライナから声優を目指して来日した22歳の青年が挑戦する初仕事,https://news.yahoo.co.jp/articles/8e159a5a8405d312d17c0ce0e9e8c0ef04c2adee/images/000,2022/10/1(土) 9:24
ycreatp,Yahoo! JAPAN クリエイターズプログラム,沖縄県知事選で見た、選挙ライター・畠山理仁の独特のスタンス,https://news.yahoo.co.jp/articles/975f98185212ec09c965c7f1df0b1206fbdac7b3/images/000,2022/9/24(土) 9:11
ycreatp,Yahoo! JAPAN クリエイターズプログラム,「実家の鏡が怖い」30年間恐怖映画を作り続ける監督が作り出す恐怖の源とは,https://news.yahoo.co.jp/articles/d1a7abfd3e8ee64c4442957a6c741e9e726d97ad/images/000,2022/9/17(土) 9:28
ycreatp,Yahoo! JAPAN クリエイターズプログラム,釣り人のゴミ見て見ぬ振りできず　年間1万個のルアーを回収し、補修しリサイクル販売するダイバーの挑戦,https://news.yahoo.co.jp/articles/127e4d6c7d05fce5d1666fd6fde5ce78af079ec4/images/000,2022/9/11(日) 9:09
ycreatp,Yahoo! JAPAN クリエイターズプログラム,病室からの帰り道は涙があふれた…姉を亡くした妹が「歌詞を作るWS」で言葉にならない思いを共有する理由,https://news.yahoo.co.jp/articles/688ac2ece379c5027b120bda1e5c6659ac3537b8/images/000,2022/9/10(土) 9:14
ycreatp,Yahoo! JAPAN クリエイターズプログラム,誰も金払ってまで育てへんーー平均年齢70歳超えの漁師を説得し、県外からの若手漁師を育てる挑戦,https://news.yahoo.co.jp/articles/afdc057cb2a72489f05f0048e9af2b7b5f642181/images/000,2022/8/30(火) 11:32
ycreatp,Yahoo! JAPAN クリエイターズプログラム,「手放すことで見えてくる、あなたにとって本当に大切なもの」死の体験旅行を通した僧侶と参加者の物語,https://news.yahoo.co.jp/articles/82e831918c038356fd81e7404bc2a2754bd3e991/images/000,2022/8/28(日) 9:34
ycreatp,Yahoo! JAPAN クリエイターズプログラム,「この世の終わりだった」熱海の土石流で自宅を失った中国人と、彼に寄り添った被災者の一年＃災害に備える,https://news.yahoo.co.jp/articles/369b999a5c1fc0965cead7666fa0b79eb0a46b46/images/000,2022/8/27(土) 9:31
ycreatp,Yahoo! JAPAN クリエイターズプログラム,「この世の終わりだった」熱海の土石流で自宅を失った中国人と、彼に寄り添った被災者の一年＃災害に備える,https://news.yahoo.co.jp/articles/4cac8097ba0f9f83eefba060cb491d8a8c61feba/images/000,2022/8/27(土) 9:30
ycreatp,Yahoo! JAPAN クリエイターズプログラム,「もう限界…」20年以上選挙取材を続けるライター畠山理仁　候補者34人全員取材の超ハードな18日間,https://news.yahoo.co.jp/articles/5210a2763000cc1fe18937a7dba3090eae054d0e/images/000,2022/8/24(水) 14:50
ycreatp,Yahoo! JAPAN クリエイターズプログラム,「もう限界…」20年以上選挙取材を続けるライター畠山理仁　候補者34人全員取材の超ハードな18日間,https://news.yahoo.co.jp/articles/ffe43534e11915c257465858f883f8af534db970/images/000,2022/8/24(水) 14:49
ycreatp,Yahoo! JAPAN クリエイターズプログラム,「孤独死を危惧し部屋を貸してくれない」高齢者に終の住み処を クリニック併設の多世代交流型住宅の挑戦,https://news.yahoo.co.jp/articles/ba67d31e232a02ea15b0c83b2d7654816cc0e9c2/images/000,2022/8/23(火) 9:13
ycreatp,Yahoo! JAPAN クリエイターズプログラム,娘は「9トリソミーモザイク」――医師の宣告に世界が一転、未知の障害がある娘を持つ両親の絶望と再起,https://news.yahoo.co.jp/articles/a9b6fea2738528e153496c1129e426a041a8e851/images/000,2022/8/16(火) 10:16
ycreatp,Yahoo! JAPAN クリエイターズプログラム,すべての戦没者を家族のもとに～遺骨返還に向けてDNA鑑定を求め闘う異色の公務員～ #戦争の記憶,https://news.yahoo.co.jp/articles/de56d289f537fdded7b81f5c2bcfed5191dd23d1/images/000,2022/8/14(日) 9:28
ycreatp,Yahoo! JAPAN クリエイターズプログラム,「銃で殴られた母の姿は忘れられない」 日本軍に抑留されたオランダ人女性が、憎しみを手放す時　#戦争の記憶,https://news.yahoo.co.jp/articles/608cca8035cacd91e2100e70ef7f73accfbc77cd/images/000,2022/8/11(木) 9:15
ycreatp,Yahoo! JAPAN クリエイターズプログラム,ショパンの国に押し寄せるウクライナ難民　日本人ピアニストが語るショパンの「戦争への怒り」,https://news.yahoo.co.jp/articles/f575b0726430d40970a279dedead475071c7b384/images/000,2022/8/7(日) 9:28
ycreatp,Yahoo! JAPAN クリエイターズプログラム,自分らしく生きたい。「男・女らしさ」の固定概念を疑い続けて見えてきたこと #性のギモン,https://news.yahoo.co.jp/articles/c5fb86abdc84acd4adcb160357f66649e7494604/images/000,2022/7/31(日) 9:10
ycreatp,Yahoo! JAPAN クリエイターズプログラム,「もう実験ができない」ーー脳梗塞で半身まひになった発明家が、絶望の淵から見るYouTuberの夢,https://news.yahoo.co.jp/articles/71b3b95a08ff22bb21316c76eebbd43aa5f55e6e/images/000,2022/7/24(日) 9:10
ycreatp,Yahoo! JAPAN クリエイターズプログラム,故郷で産みたい、でも母国は国境閉鎖ーーサハラ砂漠出身の店主が、出産する妻を電話で励まし臨む再開店,https://news.yahoo.co.jp/articles/900673d9f16a1cf52282a8dcd86fae5d23929599/images/000,2022/7/23(土) 9:03
ycreatp,Yahoo! JAPAN クリエイターズプログラム,「ずっと孤立無援だった」海の砂漠化“磯焼け“に立ち向かう海士の20年の闘い,https://news.yahoo.co.jp/articles/69035e3e01057647ce56df0c74705ca56398c1fa/images/000,2022/7/18(月) 9:16
ycreatp,Yahoo! JAPAN クリエイターズプログラム,「独立してからが勝負」江戸時代から受け継がれてきた浮世絵文化を守る親方 弟子に託す思いとは,https://news.yahoo.co.jp/articles/6aee037b4586b84b9b5a673513111d4436a874f1/images/000,2022/7/17(日) 9:21
ycreatp,Yahoo! JAPAN クリエイターズプログラム,リハビリ室で知る平和の意味　戦場から来た小さな犠牲者を支える日本人作業療法士,https://news.yahoo.co.jp/articles/0ce996bfea885d7e78264d3cfc3a3a66a91c7c2b/images/000,2022/7/16(土) 10:41
ycreatp,Yahoo! JAPAN クリエイターズプログラム,千年先も震災を語り継ぐ庭を―建設費4億…73歳、孤高の庭師が10年かけて挑む鎮魂の境地 #知り続ける,https://news.yahoo.co.jp/articles/511eb543b6f7054d1f3c7fb81ff7d93c8cccbd37/images/000,2022/7/2(土) 9:10
ycreatp,Yahoo! JAPAN クリエイターズプログラム,高齢化が進む東京・檜原村 持続的な林業再生で途絶えた子供の声を呼び戻す挑戦,https://news.yahoo.co.jp/articles/558552f227935ba06d71adc572b55f5d07612613/images/000,2022/6/18(土) 9:02
ycreatp,Yahoo! JAPAN クリエイターズプログラム,「サーファーマー」ライフスタイルで「家業」をアップデートするショウガ農家,https://news.yahoo.co.jp/articles/d7e911a93ddb19a2eaaa6a108908e2f72c1ae1f5/images/000,2022/6/11(土) 9:16
ycreatp,Yahoo! JAPAN クリエイターズプログラム,「水産業には関わるな」 遺言に背き起業“未利用魚のサブスク”事業とは,https://news.yahoo.co.jp/articles/3b60861462489127d411183e4157d63b2dd20b2a/images/000,2022/6/5(日) 9:09
ycreatp,Yahoo! JAPAN クリエイターズプログラム,「歴史を善悪で判断しない」女性研究者が続けるウクライナ難民支援の覚悟と慟哭,https://news.yahoo.co.jp/articles/9cfe0d7718a22ecc4ef109c6ee9d95e4173fc268/images/000,2022/5/29(日) 9:25
ycreatp,Yahoo! JAPAN クリエイターズプログラム,交通事故多発の絶滅危惧種カンムリワシに「非常事態宣言」発出、島で苦闘する獣医師「もう限界」,https://news.yahoo.co.jp/articles/387a56f603802fe55d00f5ae263cc37f0aa7e39b/images/000,2022/5/28(土) 9:15
ycreatp,Yahoo! JAPAN クリエイターズプログラム,「私は最後の血の一滴まで戦う」ウクライナの音楽プロデューサーが対ロシアの戦場に立つまで,https://news.yahoo.co.jp/articles/5b586150103785d5131bededde407eb29efba9d8/images/000,2022/5/22(日) 9:57
ycreatp,Yahoo! JAPAN クリエイターズプログラム,「私は最後の血の一滴まで戦う」ウクライナの音楽プロデューサーが対ロシアの戦場に立つまで,https://news.yahoo.co.jp/articles/a3994a6735a55fa881a0409bf935013bdcbdd8e3/images/000,2022/5/22(日) 9:56
ycreatp,Yahoo! JAPAN クリエイターズプログラム,「昔、引きこもり。今、日本代表」自閉症・発達障害の代表選手がフットサルスクールで子どもに寄り添う理由,https://news.yahoo.co.jp/articles/c46c9e46f8cf4d9c49e444abccf38d2e6acd2c71/images/000,2022/5/21(土) 9:14
ycreatp,Yahoo! JAPAN クリエイターズプログラム,25歳タクシー運転手「いま幸せ」　“空白地“の福島・飯舘村、よみがえる亡き父との思い出,https://news.yahoo.co.jp/articles/c8cf938c39d1eade61db4b1f45c05a0ea9ee9c68/images/000,2022/5/7(土) 9:27
ycreatp,Yahoo! JAPAN クリエイターズプログラム,長野県の食文化を世界に！女子高生が提唱する昆虫食「ざざむしふりかけ」降臨,https://news.yahoo.co.jp/articles/467537f369fa50fbf0a0b425d25429ac7842d14e/images/000,2022/5/3(火) 9:17
ycreatp,Yahoo! JAPAN クリエイターズプログラム,「見本のないパズル」熊本地震から6年 “守り神”阿蘇神社の楼門を修復する21歳宮大工の想い,https://news.yahoo.co.jp/articles/c2f7095d7a6f2c26ce377baae0e2462cb347c909/images/000,2022/4/16(土) 9:28
ycreatp,Yahoo! JAPAN クリエイターズプログラム,1日売上約60万円…料理の鉄人で活躍した洋菓子界重鎮、「天職」から退いた訳,https://news.yahoo.co.jp/articles/8df1eff8818d078d2f9a9da046eea5d354b68b1d/images/000,2022/4/9(土) 9:19
ycreatp,Yahoo! JAPAN クリエイターズプログラム,先輩騎手の不祥事に「移籍考えた」笠松競馬の20歳女性騎手、レースにかける思い,https://news.yahoo.co.jp/articles/4a3b83bb6a3a22aa08db9f4c5410ebf7abc2812e/images/000,2022/4/3(日) 9:13
ycreatp,Yahoo! JAPAN クリエイターズプログラム,「精神的には野宿の方が楽」――大阪・西成の“最後の砦”、生活保護の先どう支える,https://news.yahoo.co.jp/articles/912018982b2f5e5b32182292bd8b789bab564573/images/000,2022/3/21(月) 9:24
ycreatp,Yahoo! JAPAN クリエイターズプログラム,本人は死刑を望んでいるのか――オウム真理教による弁護士一家殺害　元同僚“死刑反対“揺れ続けた信念,https://news.yahoo.co.jp/articles/297441e61766f952c657096cdad54e4467d70102/images/000,2022/3/20(日) 9:14
ycreatp,Yahoo! JAPAN クリエイターズプログラム,DIYでソーラーキッチンカーを作った男の覚悟と過去「失敗を失敗で終わらせないために」,https://news.yahoo.co.jp/articles/54ef4a79655a4d5ac7c51aa1354cbbfa739bc9ff/images/000,2022/3/13(日) 10:23
ycreatp,Yahoo! JAPAN クリエイターズプログラム,「子どもを空腹にさせない」　“悪魔のような国“ベネズエラから亡命した父、危険な国境を越え再会した家族,https://news.yahoo.co.jp/articles/85db24206ebc982c1a6a0c4620086ae0d2b4ded4/images/000,2022/3/12(土) 9:20
ycreatp,Yahoo! JAPAN クリエイターズプログラム,“ゴミ”から作る革靴　靴職人が追い求める「美しい生活」,https://news.yahoo.co.jp/articles/512426ea178763d94c6071ac9418cca76dd775c9/images/000,2022/3/6(日) 9:23
ycreatp,Yahoo! JAPAN クリエイターズプログラム,家族も無事だった自分が…津波を語り継ぐ防災ガイド　恐怖の海が「癒しの海」と思えるまで　#知り続ける,https://news.yahoo.co.jp/articles/92b120ee0582cdbc18f22c67dec0d49db997392f/images/000,2022/3/5(土) 9:11
ycreatp,Yahoo! JAPAN クリエイターズプログラム,「つぶれたらどうしよう…」震災復興を支えた宿が10年目で強いられる激変と、挑む再出発 #知り続ける,https://news.yahoo.co.jp/articles/6f5c463134d170f56ee17f4b7519478498ac285c/images/000,2022/2/26(土) 9:28
ycreatp,Yahoo! JAPAN クリエイターズプログラム,“遍路待つ　時が知る一日”ーー140年続く俳句茶屋、77歳店主が守る愛しき人の遺言,https://news.yahoo.co.jp/articles/3ed33c35c239e5c2fe20c08b768b5e565fe7a4f8/images/000,2022/2/23(水) 9:32
ycreatp,Yahoo! JAPAN クリエイターズプログラム,「贅沢してないだけやねん」　18年 “橋” が職場、路上販売を続ける男性の軌跡,https://news.yahoo.co.jp/articles/59078fec4e580d7c17574936f0492613527250c4/images/000,2022/2/13(日) 9:21
ycreatp,Yahoo! JAPAN クリエイターズプログラム,樒（シキミ）と山守 変わる社会のなかで山と家業を守る,https://news.yahoo.co.jp/articles/4139fe75e8166cf494ab04385abd03de76f16514/images/000,2022/2/11(金) 10:26
ycreatp,Yahoo! JAPAN クリエイターズプログラム,「ATMでお金おろせなかった」発達障害の世界的ダンサー、“遅咲き“までの道のり,https://news.yahoo.co.jp/articles/8464eb936d8cc0bd6d33b6f5ab0ca738acb65145/images/000,2022/1/23(日) 9:15
ycreatp,Yahoo! JAPAN クリエイターズプログラム,東京大会より厳格「管理」 コロナ禍2度目の五輪、北京の選手村は,https://news.yahoo.co.jp/articles/9e2937b241c8def8fefc6ab11eac05ed0fc22e1a/images/000,2022/1/22(土) 9:27
ycreatp,Yahoo! JAPAN クリエイターズプログラム,「若い子たちにどう響かせれば」お坊さんの熱き“法話バトル”　新たな旋風を巻き起こすか,https://news.yahoo.co.jp/articles/4533ddbb05c07834d530a427cc2a81433637f6fd/images/000,2022/1/2(日) 9:14
ycreatp,Yahoo! JAPAN クリエイターズプログラム,「将来どうなるんだろう」終わりの見えない妹の介護　声を上げづらいヤングケアラー,https://news.yahoo.co.jp/articles/9e12ed1418665713e77a65a0df5df2f677287bdb/images/000,2021/12/26(日) 10:16
ycreatp,Yahoo! JAPAN クリエイターズプログラム,命の選択迫られる難病ALS患者の“生きる”を支える「仙人ヘルパー」,https://news.yahoo.co.jp/articles/028c9e881d920277aedef882b6f8da297bd54cb1/images/000,2021/12/23(木) 10:18
ycreatp,Yahoo! JAPAN クリエイターズプログラム,10歳少年の夢は「ホームラン打つこと」　立ちはだかる“障がい”への周囲の無理解,https://news.yahoo.co.jp/articles/68e45a9de0d45cbc675aeb4ebfc30eea9931af59/images/000,2021/12/16(木) 9:14
ycreatp,Yahoo! JAPAN クリエイターズプログラム,「最後は神様仏様」ーー技術発達した令和の時代、300年続く“踊り”で大漁祈る漁師たち,https://news.yahoo.co.jp/articles/8ec32e3f074a0d6029cae118e0da5796a6ad13d4/images/000,2021/12/12(日) 10:13
ycreatp,Yahoo! JAPAN クリエイターズプログラム,介護施設は介護だけかーー過疎化に高齢化、耕作放棄地が広がる故郷で畑を再生する介護士,https://news.yahoo.co.jp/articles/4c8a291ba91cf83942a2cd23937eb8e6b898f29d/images/000,2021/12/9(木) 10:47
ycreatp,Yahoo! JAPAN クリエイターズプログラム,消えゆく高知の伝統食材が「タコス」によって救われた訳とは。アメリカ帰りの男性が仕掛ける新「高知名物」,https://news.yahoo.co.jp/articles/952286c1be4e3354c6165ee71b8f08b239472a3d/images/000,2021/12/5(日) 11:40
ycreatp,Yahoo! JAPAN クリエイターズプログラム,牡蠣不毛と思われた海で「あまべ牡蠣」を産んだ男の挑戦,https://news.yahoo.co.jp/articles/be36b44b391f39eab512bfaa9fed620328f6f911/images/000,2021/11/28(日) 10:00
ycreatp,Yahoo! JAPAN クリエイターズプログラム,「このままではタリバンに殺される」ーー亡命求めるサッカー選手、踏みとどまる医師 アフガン女性のいま,https://news.yahoo.co.jp/articles/b6ae4d85a71262610bc31c20b7ad893d03936228/images/000,2021/11/27(土) 9:00
ycreatp,Yahoo! JAPAN クリエイターズプログラム,「牛肉のおいしさは1つじゃない」ネットで30分で完売、凄腕牛肉卸が“光の当たらない牛”に見出す可能性,https://news.yahoo.co.jp/articles/2da5c999e17f497738bfe5e40e866414bc4d5e3b/images/000,2021/11/23(火) 12:02
ycreatp,Yahoo! JAPAN クリエイターズプログラム,ロボットが鼻粘膜をぬぐう　人海戦術からハイテクへと進化する中国の新型コロナ対策,https://news.yahoo.co.jp/articles/a244e67887d680c475e05e8c5cded38a15e3842c/images/000,2021/11/13(土) 9:26
ycreatp,Yahoo! JAPAN クリエイターズプログラム,世界遺産の島の若き教会守　東京から五島列島に移り住んだ青年が「よそもの」でなくなる日,https://news.yahoo.co.jp/articles/67b66f769f98ef30e94ae42140640acc0a558067/images/000,2021/11/6(土) 11:02
ycreatp,Yahoo! JAPAN クリエイターズプログラム,「答えなき葛藤つづく」――スマホもSNSもOK Jリーガー26人輩出の興国高校、型破りな指導法,https://news.yahoo.co.jp/articles/fd54c55dd07ec53df8c0c83b1d617e75a70de98c/images/000,2021/10/17(日) 9:20
ycreatp,Yahoo! JAPAN クリエイターズプログラム,琉球ガラスに革命を起こした父を超えたい――売上減、材料減のコロナ禍で2代目が挑む「常識外れ」のグラス,https://news.yahoo.co.jp/articles/1f765fd1d851492e7c93488ab2debec5bda70dfd/images/000,2021/10/16(土) 9:15
ycreatp,Yahoo! JAPAN クリエイターズプログラム,「どれだけ困難でも歩み止めない」クーデター、新型コロナ…ミャンマーで姉妹が見る希望,https://news.yahoo.co.jp/articles/c0d64ab25f9664abb0d88bfa538863fff6d7cc91/images/000,2021/10/2(土) 9:19
ycreatp,Yahoo! JAPAN クリエイターズプログラム,レンガに取りつかれた男　SDGsを先取りする建築とは,https://news.yahoo.co.jp/articles/a2263b33b00908ef5185fbd329b66ac185332199/images/000,2021/9/26(日) 9:31
ycreatp,Yahoo! JAPAN クリエイターズプログラム,「サラリーマンで嫌々仕事するのも何か嫌」――脱サラしてカリブ海の楽器作る39歳,https://news.yahoo.co.jp/articles/ccbe82bb4dc4347d2453b3da16cc669447285c8f/images/000,2021/9/19(日) 10:07
ycreatp,Yahoo! JAPAN クリエイターズプログラム,徳之島を「世界最北端のコーヒ豆生産地」に――失敗と試練の40年、挑戦を続ける76歳,https://news.yahoo.co.jp/articles/dbdf9a213495e98d6e278cf7efed5cd5bbf56347/images/000,2021/9/18(土) 10:47
ycreatp,Yahoo! JAPAN クリエイターズプログラム,徳之島を「世界最北端のコーヒ豆生産地」に――失敗と試練の40年、挑戦を続ける76歳,https://news.yahoo.co.jp/articles/e0120363dd78b7e1355b7f84c9632676c39d990c/images/000,2021/9/18(土) 10:45
ycreatp,Yahoo! JAPAN クリエイターズプログラム,市販薬などの過剰摂取“オーバードーズ”ーー「誰にも言えなかったけど」チャットで救う命　#今つらいあなたへ,https://news.yahoo.co.jp/articles/9e68d2e330c674c8125444f7be71ef25ca091f5a/images/000,2021/9/12(日) 9:31
ycreatp,Yahoo! JAPAN クリエイターズプログラム,「ブンデスリーガに絶対行ける」――若者4人で共同生活、ウィーンの「トキワ荘」から追いかける夢,https://news.yahoo.co.jp/articles/ae770e4fb54125c09e948cdcc170b996375a6c3d/images/000,2021/9/11(土) 9:30
ycreatp,Yahoo! JAPAN クリエイターズプログラム,「昨日家が流された」気候変動に揺れるバングラデシュ貧困層、気候難民の深刻さ,https://news.yahoo.co.jp/articles/9b879e0e9c44560ec6e328c51e48d6ba518144ad/images/000,2021/9/5(日) 10:17
ycreatp,Yahoo! JAPAN クリエイターズプログラム,「客の人生背負っている」ーー滝下り “キャニオニング“のリスクに向き合いつづけるガイド,https://news.yahoo.co.jp/articles/d59416004b04046f484adbee04553017521c939a/images/000,2021/9/4(土) 9:16
ycreatp,Yahoo! JAPAN クリエイターズプログラム,「障がい者と健常者が一緒にプレーできるほうが楽しい」――車椅子ソフトボールが実現する「共生」,https://news.yahoo.co.jp/articles/39dc15d8e1bbbdb9160f61b2b5b1f0bead58fb47/images/000,2021/8/29(日) 10:13
ycreatp,Yahoo! JAPAN クリエイターズプログラム,「街が面白くなくなった」――五輪を開催した東京で、建築家と芸術家が提案する新しい風景,https://news.yahoo.co.jp/articles/aa309747dcd1726bc3885dec515a5788908154ad/images/000,2021/8/28(土) 10:13
ycreatp,Yahoo! JAPAN クリエイターズプログラム,「街が面白くなくなった」――五輪を開催した東京で、建築家と芸術家が提案する新しい風景,https://news.yahoo.co.jp/articles/29203deefaf044f3d495cd76b693a5bdee512cab/images/000,2021/8/28(土) 10:12
ycreatp,Yahoo! JAPAN クリエイターズプログラム,『1964年の成功を再び』は害毒をもたらすのではないか？―現代美術家・会田誠が今の東京に捧げた「城」,https://news.yahoo.co.jp/articles/ecf056f76899f691cb0f657d1bf80e223eedca28/images/000,2021/8/22(日) 10:15
ycreatp,Yahoo! JAPAN クリエイターズプログラム,「映画を見ることで子どもたちの心に強さが宿る」途上国で活動する移動映画館の役割とは,https://news.yahoo.co.jp/articles/f3ddee1d15dc6aee5c9b2a6a71325a359d06ac34/images/000,2021/8/21(土) 12:47
ycreatp,Yahoo! JAPAN クリエイターズプログラム,「死を覚悟していても、命は大事」――特攻隊員だった画家が絵に託した平和への思い,https://news.yahoo.co.jp/articles/bb43ee3e94b372df76f089af200a43332d74b8a6/images/000,2021/8/14(土) 9:11
ycreatp,Yahoo! JAPAN クリエイターズプログラム,「若手医師を育てて、格差をなくす」――内視鏡の“ゴッドハンド”が変える離島医療,https://news.yahoo.co.jp/articles/ad0972cd581c4895d1da9bf4c9fabfce45a25213/images/000,2021/7/18(日) 9:18
ycreatp,Yahoo! JAPAN クリエイターズプログラム,「生まれ育った家に住み続けたい」――独居の高齢者を支えるプライマリ・ケア医の奮闘,https://news.yahoo.co.jp/articles/54bea65c0290efef3ca7b9339069e86f5deed30d/images/000,2021/6/27(日) 10:43
ycreatp,Yahoo! JAPAN クリエイターズプログラム,日本で平和に暮らす弟と、難民キャンプの兄――引き裂かれたロヒンギャの兄弟、それぞれの今,https://news.yahoo.co.jp/articles/b3afd9ebdd5e6c72e790a958d4f8d757aae05967/images/000,2021/6/26(土) 18:07
ycreatp,Yahoo! JAPAN クリエイターズプログラム,「その人らしいまま最期を迎えるために」――当たり前にとらわれない介護の挑戦,https://news.yahoo.co.jp/articles/96b02abe158797fd1949ca2213c0c160970309f6/images/000,2021/5/29(土) 10:26
ycreatp,Yahoo! JAPAN クリエイターズプログラム,「外のことを教えてくれる先生が必要」――中国最貧困地区に暮らす少数民族の願い,https://news.yahoo.co.jp/articles/df119448b7a5cc8cdb424e8bfda2e6bd6b740cb0/images/000,2021/5/16(日) 10:15
ycreatp,Yahoo! JAPAN クリエイターズプログラム,「仕事はゼロ。これから増えていくしかない」――昭和に消えた「馬搬」で起業した夫、生活が不安な妻,https://news.yahoo.co.jp/articles/0f70c670bf5f97443ffa353b06f7adf4f5fa9ee8/images/000,2021/4/29(木) 9:29
ycreatp,Yahoo! JAPAN クリエイターズプログラム,一度は断った娘の入社「泥舟には乗せられない」老舗製本会社が家族で挑む新規ビジネス,https://news.yahoo.co.jp/articles/938145d29d23d95c9ca160be27c9a723130df620/images/000,2021/4/24(土) 9:04
ycreatp,Yahoo! JAPAN クリエイターズプログラム,東京で「儲かる林業」は実現するか――森の管理、木材のブランド化に取り組む若者たち,https://news.yahoo.co.jp/articles/877c652bea549ec542a2cc40701528f74ca6173b/images/000,2021/4/17(土) 9:50
ycreatp,Yahoo! JAPAN クリエイターズプログラム,「ソフトボールより夢中になれるものはたぶんない」――インターハイ中止、進路に悩んだ高校生の1年,https://news.yahoo.co.jp/articles/4250a2f19af71844adc88e501419bc1bcf1b269b/images/000,2021/4/10(土) 10:25
ycreatp,Yahoo! JAPAN クリエイターズプログラム,「夫のために、真実を知りたい。私にできることは裁判」―「森友学園問題」で夫を亡くした赤木雅子さんの今,https://news.yahoo.co.jp/articles/c8ea89314fca48312b2bfee9d135fdda92e5aa3f/images/000,2021/3/28(日) 10:05
ycreatp,Yahoo! JAPAN クリエイターズプログラム,「女川町で1人目のコロナ感染者に」売り上げ80％減、移動販売ラーメン店の苦悩と挑戦【＃これから私は】,https://news.yahoo.co.jp/articles/36e6c3560e4abecaf5008542601f4986870d7d2b/images/000,2021/3/21(日) 9:14
ycreatp,Yahoo! JAPAN クリエイターズプログラム,「立ち向かえる職業だから、できることを」――コロナ禍に病院を開業した町医者,https://news.yahoo.co.jp/articles/0de52fdab314fff16ffa443b8b4e5290431f7790/images/000,2021/3/20(土) 9:35
ycreatp,Yahoo! JAPAN クリエイターズプログラム,「楽しみながら災害時に役立つ力を」――四輪バギーで被災地支援に駆けつける僧侶【＃これから私は】,https://news.yahoo.co.jp/articles/47d0de429c86dc21299a0550fffb069ecd8537e0/images/000,2021/3/13(土) 10:08
ycreatp,Yahoo! JAPAN クリエイターズプログラム,「楽しみながら災害時に役立つ力を」――四輪バギーで被災地支援に駆けつける僧侶【＃これから私は】,https://news.yahoo.co.jp/articles/f2f77e0162e80b574a794454470212ce248d8814/images/000,2021/3/13(土) 10:06
ycreatp,Yahoo! JAPAN クリエイターズプログラム,「楽しみながら災害時に役立つ力を」――四輪バギーで被災地支援に駆けつける僧侶【＃これから私は】,https://news.yahoo.co.jp/articles/63d40e319344e486baa0dafcba3fcd5fc42c36b5/images/000,2021/3/13(土) 10:02
ycreatp,Yahoo! JAPAN クリエイターズプログラム,「最期の様子を聞けただけでも…」――震災から10年。家と祖母、父を失った親友に聞く【＃あれから私は】,https://news.yahoo.co.jp/articles/52e061a04549c1415b608f21ecaf23e4c9d935d3/images/000,2021/3/7(日) 10:01
ycreatp,Yahoo! JAPAN クリエイターズプログラム,10年前、被災地で撮影した8歳少年の今は――親子と米国写真家がオンラインで再会　#あれから私は,https://news.yahoo.co.jp/articles/307f88a5b1932ae2511ba7739705ac6af8e9097f/images/000,2021/3/7(日) 9:25
ycreatp,Yahoo! JAPAN クリエイターズプログラム,「大川小学校」の訴訟に挑んだ2人の弁護士――判決後も原告遺族と向き合う理由　【＃あれから私は】,https://news.yahoo.co.jp/articles/04ab11cf8d4e3a61ada6aef706f0734d48cd79f9/images/000,2021/3/6(土) 9:49
ycreatp,Yahoo! JAPAN クリエイターズプログラム,悪名高き禁断の酒「アブサン」造り　日本人バーテンダーの飽くなき探究,https://news.yahoo.co.jp/articles/f45771431cd035030aa04564076eae078aeeeb3f/images/000,2021/2/20(土) 10:46
ycreatp,Yahoo! JAPAN クリエイターズプログラム,「聞こえる世界が“普通”ではない」――ろう者の俳優が描く「カラフル」な世界,https://news.yahoo.co.jp/articles/5e8dbf14acbb985c865d0cb568e1466d0b6bfcce/images/000,2021/2/9(火) 11:49
ycreatp,Yahoo! JAPAN クリエイターズプログラム,ベトナム人技能実習生を「幸せにする」――建設会社社長が掲げる「帰国後」の目標,https://news.yahoo.co.jp/articles/7b68929af46eb194643ba2a19fda1bcefd9a2d6f/images/000,2021/1/26(火) 12:02
ycreatp,Yahoo! JAPAN クリエイターズプログラム,「故郷の一次産業を守りたい」　コロナ禍で苦境の生産者を「自動販売機」が救うか,https://news.yahoo.co.jp/articles/5222cf2d561945b312f94bbb15cc9c29df7372f9/images/000,2021/1/23(土) 10:11
ycreatp,Yahoo! JAPAN クリエイターズプログラム,首里城で生まれた琉球古典音楽　伝統を継承し若者に広めたいと挑戦する女子学生の思い,https://news.yahoo.co.jp/articles/08267ad574dbcd301a7409dd076b0fafd169b646/images/000,2021/1/16(土) 9:46
ycreatp,Yahoo! JAPAN クリエイターズプログラム,感染で重症化の恐れも　電動車椅子サッカー　コロナ禍でW杯出場に挑む葛藤,https://news.yahoo.co.jp/articles/daf0764e62b91b3001e83f68f30a692b9e8d8e5c/images/000,2021/1/9(土) 10:03
ycreatp,Yahoo! JAPAN クリエイターズプログラム,コロナ禍で加速する無人化計画　アフターコロナに突き進む中国の無人物流・交通革命,https://news.yahoo.co.jp/articles/d99a93e1e893eb5da65300a7d100f57189c30a99/images/000,2021/1/3(日) 9:57
ycreatp,Yahoo! JAPAN クリエイターズプログラム,「元テロリストを受け入れる」紛争地ソマリアで、イスラム過激派を更生させる日本人の若者,https://news.yahoo.co.jp/articles/30b2d6857cc7ee176bc8ee8d2e4379d3506b3e6e/images/000,2020/12/26(土) 9:46
ycreatp,Yahoo! JAPAN クリエイターズプログラム,「BLMデモに希望を感じている」――トゥシューズを絵の具で染める、黒人バレリーナの思い,https://news.yahoo.co.jp/articles/316c2a0555eb38fa76b4f1e345c72ef638ffa161/images/000,2020/12/19(土) 10:31
ycreatp,Yahoo! JAPAN クリエイターズプログラム,食料不足を救う？　「毎日食べても飽きない」ダチョウ肉に挑む,https://news.yahoo.co.jp/articles/24eec39e8e593cecff89d140bd1ac666cfeb5479/images/000,2020/11/28(土) 9:19
ycreatp,Yahoo! JAPAN クリエイターズプログラム,アイヌの娘とアイヌじゃない父 アイヌ語復興への確執と葛藤,https://news.yahoo.co.jp/articles/1ee21248f7c4e33c885281d53dd5d3da51dd3516/images/000,2020/11/14(土) 9:41
ycreatp,Yahoo! JAPAN クリエイターズプログラム,男でも女でもないワタシ「自分の力で社会は変えられる」22歳、ホンネの音楽,https://news.yahoo.co.jp/articles/722c87da902f2349c512db91b4152132eb9d3761/images/000,2020/11/7(土) 9:39
ycreatp,Yahoo! JAPAN クリエイターズプログラム,首里城地下に眠る戦跡　司令官の孫が祖父の足跡を追うと決めた「長い宿題」,https://news.yahoo.co.jp/articles/a96bf55d377515d70a6b08c96629f679f743a100/images/000,2020/11/5(木) 17:12
