media_en,media_jp,title_articles,link_articles,date_original
asmasahi,AERA STYLE MAGAZINE,頑張っているのに痩せないのはなぜ？お正月太りの早めのリセットに効く思考法。,https://news.yahoo.co.jp/articles/e8a41fbb3a19e7a240ec36d18e412cb57a8beedb,1/6(土) 11:02
asmasahi,AERA STYLE MAGAZINE,今年こそ男磨きを習慣に！ビジネスパーソンの美容意識に見る、みんなのメンズ美容。,https://news.yahoo.co.jp/articles/5405c725c6663d53e926baee3164a223e16d2d39,1/4(木) 11:01
asmasahi,AERA STYLE MAGAZINE,お正月太りでついてしまった脂肪は早く落としたほうがいい？身体のメカニズムを解説。,https://news.yahoo.co.jp/articles/05789b3bd55fb104f04cfbad7ebbe2e09bf05fe9,1/3(水) 16:00
asmasahi,AERA STYLE MAGAZINE,忙しい日常に疲れてしまった人にこそ観てほしい。世界中で絶大な人気を博すホームドラマ。,https://news.yahoo.co.jp/articles/a254874d6ddddfb18977c2f533a184a7c3dbd655,1/1(月) 20:00
asmasahi,AERA STYLE MAGAZINE,肌と体調には密接な関係が！ ハリや若々しさを保つための身体全体へのアプローチとは。,https://news.yahoo.co.jp/articles/7dddf569d1a1bf7ebe82114c7752c86879105992,2023/12/30(土) 20:30
asmasahi,AERA STYLE MAGAZINE,世界的なメンズファッションの祭典「ピッティ・イマージネ・ウオモ」。【前編】,https://news.yahoo.co.jp/articles/bac09b364c0fbcf9ae28432ae11258433181edfe,2023/12/29(金) 20:03
asmasahi,AERA STYLE MAGAZINE,男心をくすぐる、メカニカルでクールな美容ガジェットを見つけて、美容の三日坊主を卒業しよう！,https://news.yahoo.co.jp/articles/da3056ad99d183694e994d1056428795d3c77a8f,2023/12/29(金) 18:06
asmasahi,AERA STYLE MAGAZINE,アーモンドとバターの香りがたまらない。年末年始の手土産にしたい絶品焼き菓子。,https://news.yahoo.co.jp/articles/546b98c31e5dbf745d2b6ea459c1370719bd995f,2023/12/25(月) 11:30
asmasahi,AERA STYLE MAGAZINE,ドイツのウェッツラーで華麗にデビューした、ライカ Watchの最新モデル！,https://news.yahoo.co.jp/articles/0ecd32c7401e9dd063fcb6ba8e1a6591cc1af9bb,2023/12/24(日) 19:30
