media_en,media_jp,title_articles,link_articles,date_original
rkckochi,RKC‚’m•ú‘—,Œj•l‚Å‰“ú‚Ìo V”N‚ğj‚¤‘å¨‚Ìl‚Å“ö‚í‚¤y‚’mz,https://news.yahoo.co.jp/articles/1e63c0631de209d161d7266d5b30c2f9c18a22e3,1/1(Œ) 14:29
rkckochi,RKC‚’m•ú‘—,‘å‚İ‚»‚©“ú—js“ö‚í‚¤,https://news.yahoo.co.jp/articles/768326a1d16c9f637cff6de74fe049234fbb416e,2023/12/31(“ú) 16:32
rkckochi,RKC‚’m•ú‘—,Ô“¯m‚ª³–ÊÕ“Ë ºŒËs‚Ì‘“¹‚Å€–S–ŒÌy‚’mz,https://news.yahoo.co.jp/articles/d93be9978da309e66d7bdaa9b0329c5a80b5728f,2023/12/30(“y) 17:15
rkckochi,RKC‚’m•ú‘—,”N––”Nn‚ÌHŞ’T‚µI‚’ms’†‰›‰µ”„sê‚Å”N––P—á‘å”„o‚µy‚’mz,https://news.yahoo.co.jp/articles/24a3ea96e72f9bd6b34000f3cad7465cd90ef73d,2023/12/30(“y) 17:11
rkckochi,RKC‚’m•ú‘—,Œ§“àYƒjƒ‰‚©‚çÍ”|“K—pŠO‚Ì”_–ò¬•ª‚ğŒŸo@Œ’N”íŠQ‚Ì‚¨‚»‚ê‚Í‚È‚µy‚’mz,https://news.yahoo.co.jp/articles/3050a032d7c09ef26150cdfc53c9e5c0e607c7bb,2023/12/29(‹à) 18:15
rkckochi,RKC‚’m•ú‘—,”N––”Nn‚ğŒÌ‹½‚âsŠy’n‚Å‰ß‚²‚·l‚½‚¿‚Ì‹AÈƒ‰ƒbƒVƒ…‚ªn‚Ü‚éy‚’mz,https://news.yahoo.co.jp/articles/43019dae6adbe360a1cc81693df40fa65f76ff20,2023/12/29(‹à) 11:52
rkckochi,RKC‚’m•ú‘—,‘S‘‚ZƒTƒbƒJ[@‚’mŒ§‘ã•\‚Ì–¾“¿‹`m‚Í‹­‹EÃ‰ªŠw‰€‚É”s‚ê‰í“Ë”j‚È‚ç‚¸y‚’mz,https://news.yahoo.co.jp/articles/a1da11e83a26b6e1530b61f8f204542f6c363af4,2023/12/29(‹à) 0:00
rkckochi,RKC‚’m•ú‘—,—‚¿‚»‚¤‚Å—‚¿‚È‚¢‚±‚Æ‚©‚çóŒ±¶‚É‚àl‹C‚¾‚Á‚½‚’ms‚ÌƒSƒgƒSƒgÎ‚ª‚¢‚½‚¸‚ç‚³‚ê“®‚©‚È‚­‚È‚Á‚Ä‚¢‚½–Œ‚ÅŒŸ@‚ª‘åŠw¶6l‚ğ—ª®‹N‘iy‚’mz,https://news.yahoo.co.jp/articles/3b5ae9bd8361f4cf1805320a08d5ee05f2f320bd,2023/12/28(–Ø) 17:39
rkckochi,RKC‚’m•ú‘—,‘S‘‚ZƒTƒbƒJ[‘IèŒ ŠJ–‹ ŠJ‰ï®‚Å‚’mŒ§‘ã•\‚Ì–¾“¿‹`m‚ª–Âq‚ğè‚ÉŒ³‹C‚æ‚­siy‚’mz,https://news.yahoo.co.jp/articles/f6017bf4b9775049ad09953e9f5b6c2e5a89df69,2023/12/28(–Ø) 14:54
rkckochi,RKC‚’m•ú‘—,Œ§’¡‚È‚ÇŠ¯Œö’¡‚Í12Œ28“úd–”[‚ß Eˆõ‚ª¡”NÅŒã‚Ì‹Æ–±‚Éæ‚è‘g‚Şy‚’mz,https://news.yahoo.co.jp/articles/770414674dd1937eb2ca2767a99ed418c131d83c,2023/12/28(–Ø) 11:55
rkckochi,RKC‚’m•ú‘—,uŒ§ŒoÏ‚Ì‰ñ•œ‚ª‹O“¹‚Éæ‚èƒRƒƒi‘O‚É–ß‚éŠ‚Ü‚Å—ˆ‚ê‚½v íî“c’m–‚ª¡”Nˆê”N‚ğU‚è•Ô‚éy‚’mz,https://news.yahoo.co.jp/articles/cfb777dffcef31d4b4e07971f73f508e9a8a8cd8,2023/12/27(…) 17:50
rkckochi,RKC‚’m•ú‘—,ºŒË‰«‚ÌŠCã‚ÅŠCŠOƒRƒ“ƒeƒi‘D‚Ì‹@ŠÖ’·‚ª• ’É‚ğ‘i‚¦‚é ‚’mˆã—ÃƒZƒ“ƒ^[‚Ìˆãt‚ÆŠÅŒìt‚ªŒ»ê‚Öy‚’mz,https://news.yahoo.co.jp/articles/e8f08b1cbfe666b948e3c14a4a9b2dcde8f42be6,2023/12/27(…) 16:25
rkckochi,RKC‚’m•ú‘—,•¨‰¿‚“«‘Îô‚È‚Ç‘Šz307‰­‰~‚ ‚Ü‚è‚Ìˆê”Ê‰ïŒv•â³—\ZˆÄ‚ğ‘S‰ïˆê’v‚Å‰ÂŒˆ ‚’mŒ§‹c‰ï•Â‰ïy‚’mz,https://news.yahoo.co.jp/articles/b2b5c83ac8c59abe54f90ac47eee9575e0b4fa5f,2023/12/27(…) 16:16
rkckochi,RKC‚’m•ú‘—,Œ•“¹ŠØ‘‘ã•\‚Ì’†‚¶ ‚’mŒ§“à‚Ì­”NŒ•m‚Æ’|“‚ğŒğ‚¦‚½Œğ—¬}‚éy‚’mz,https://news.yahoo.co.jp/articles/57b1a24e3a4d8f12f21eea10c2c867f7fb7665ce,2023/12/27(…) 11:55
rkckochi,RKC‚’m•ú‘—,11Œ‚Ì‚’mŒ§“à‚Ì—LŒø‹l”{—¦1.13”{A2‚©Œ˜A‘±‚ÌŒ¸­y‚’mz,https://news.yahoo.co.jp/articles/e487d5c9098abba5a186a028fe17ed84e5711d87,2023/12/27(…) 11:55
rkckochi,RKC‚’m•ú‘—,Œx@‚ª’nˆæ‚ÉoŒü‚«Z–¯‚Ì‘Š’k‚ğó‚¯•t‚¯ ˆÚ“®Œğ”Ô‚¨”â˜I–Úy‚’mz,https://news.yahoo.co.jp/articles/894de387519f1f844e6d9ccfc863ae13f1ecedb5,2023/12/26(‰Î) 17:53
rkckochi,RKC‚’m•ú‘—,l‘‘ì‹…ƒEƒBƒ“ƒ^[ƒXƒN[ƒ‹ Œ³“ú–{‘ã•\ƒR[ƒ`‚ªá‚¢‘Iè‚½‚¿‚Éw“±y‚’mz,https://news.yahoo.co.jp/articles/61c0b8f3d59d857aaee92bce1f3a7411227df0b8,2023/12/26(‰Î) 17:52
rkckochi,RKC‚’m•ú‘—,ñ“sŒ—‚É”ü–¡‚µ‚³E–£—Í‚ğ“Í‚¯‚½‚¢I“Œ‹‚Å‚’mŒ§Y‚Ì—L‹@–ìØ‚ğg‚Á‚½—¿—‚ğŠy‚µ‚Ş”Ó`‰ïŠJ‚©‚ê‚éy‚’mz,https://news.yahoo.co.jp/articles/de812fd2718bf164fbfc64206132d1861bfc5a5b,2023/12/26(‰Î) 11:28
rkckochi,RKC‚’m•ú‘—,ƒhƒŠƒ“ƒN‚ğ”ƒ‚Á‚Ä‚æ‚³‚±‚¢‚ğÕ‚è‚ğ‰‰‡IuƒRƒJEƒR[ƒ‰ƒ{ƒgƒ‰[ƒYƒWƒƒƒpƒ“v‚ªÕ‚èx‰‡‚Ì©”Ì‹@‚ğ‘S‘‚Å‰‚ß‚Ä‚’m‚Éİ’uy‚’mz,https://news.yahoo.co.jp/articles/7f932815a6e3c6d31ef184e6d1d4da2d449e00ac,2023/12/26(‰Î) 11:24
rkckochi,RKC‚’m•ú‘—,u–ì‹…‚µ‚æ‚¤‚ºIv ‘å’JãÄ•½‘Iè‚ÌƒOƒ[ƒu ‚’mŒ§“à‚É‚à“Í‚«n‚ß‚éy‚’mz,https://news.yahoo.co.jp/articles/3fbef45c6f246cb6724deba48f7269385ae18d47,2023/12/25(Œ) 17:59
