media_en,title_articles,link_articles,date_original
ignjapan,wƒTƒCƒo[ƒpƒ“ƒN2077x‚æ‚èA‚ ‚È‚½‚Ìu‹†‹É‚Ìƒ`ƒ…[ƒ}v‚É‚È‚éƒLƒƒƒ‰‚ğ’T‚¹‚éf’fŠé‰æ‚ªŒöŠJ,https://news.yahoo.co.jp/articles/88f0ef9b08dbf04edba77435d14711389c0265d0,9/7(–Ø) 17:09
ignjapan,TVƒAƒjƒwSCARLET NEXUSxˆê•”˜b”‚ªYouTube‚É‚ÄŠúŠÔŒÀ’è‚Å–³—¿ŒöŠJ,https://news.yahoo.co.jp/articles/038e684458b60ffafb763b905c6563c4e7258463,9/7(–Ø) 17:09
ignjapan,ƒgƒbƒhEƒnƒ[ƒhAwStarfieldx‚ªXbox“Æè‚Å‚ ‚é‚±‚Æ‚ÌƒƒŠƒbƒg‚ğŒê‚éuƒ[ƒ‹ƒ_v‚ÆSwitch‚ÌŠÖŒW«‚É‚àŒ¾‹y,https://news.yahoo.co.jp/articles/0b16f5b066505768d2a1a8ac58eeb395d8d55c33,9/7(–Ø) 16:09
ignjapan,“Œ‘å¶253l‚ª‘I‚ñ‚¾u“ú–{‚Ì–¢—ˆ‚ğ•Ï‚¦‚é“VËvƒ‰ƒ“ƒLƒ“ƒO‚ÅƒXƒ}ƒuƒ‰‚Ì÷ˆä­”‚ª10ˆÊ‚Éƒ‰ƒ“ƒNƒCƒ“,https://news.yahoo.co.jp/articles/55a798397c4c092d562fd926ca37bfb54d14904a,9/7(–Ø) 15:09
ignjapan,À‹µ”zM‚Ål‹C‚ÌwOnly Upx‚ª‹ßXSteam‚Å”Ì”„’â~‚Ö ŒÂlŠJ”­‚ÅƒXƒgƒŒƒX‚ª‚½‚Ü‚Á‚Ä‚¢‚½‚ç‚µ‚­AŸ‚ÌƒQ[ƒ€‚É’—Í,https://news.yahoo.co.jp/articles/89fc2eec1003759523e47e07869737feea61d808,9/7(–Ø) 15:09
ignjapan,‹{èxŠÄ“Â‚ÌÅVìwŒN‚½‚¿‚Í‚Ç‚¤¶‚«‚é‚©x‚Ì—\•Ò‚ª‚Â‚¢‚É‰ŒöŠJ ŠCŠO‚Ìƒvƒƒ‚[ƒVƒ‡ƒ“‰f‘œ‚É‚Ä,https://news.yahoo.co.jp/articles/4a4c8e174bf20f1f085254d3ac1d37e03601ce3c,9/7(–Ø) 14:09
ignjapan,ƒgƒbƒhEƒnƒ[ƒhAuƒCƒ“ƒfƒBEƒWƒ‡[ƒ“ƒYv‚ÌƒQ[ƒ€‚É‚Â‚¢‚Ä2024”N‚É‚Íî•ñ‚ğo‚¹‚é‰Â”\«‚ğ‚Ù‚Ì‚ß‚©‚·,https://news.yahoo.co.jp/articles/35d459d06b7bc07aebff57b7e1ebaebf909b1966,9/7(–Ø) 13:09
ignjapan,wƒXƒ^[EƒEƒH[ƒYFƒAƒ\[ƒJx‚Åƒ}ƒƒbƒN‚Ì³‘Ì‚ª–¾‚ç‚©‚É ƒtƒ@ƒ“‚½‚¿‚Ì”ƒJŒ‚É‚í‚½‚é˜_‘ˆ‚ÉI~•„,https://news.yahoo.co.jp/articles/77ddb76c204d35acfc59b460cfe07d850b5d583f,9/7(–Ø) 13:09
ignjapan,‰f‰æwƒ~ƒ…[ƒ^ƒ“ƒgEƒ^[ƒgƒ‹ƒYFƒ~ƒ…[ƒ^ƒ“ƒgEƒpƒjƒbƒNIx‚ÌƒQ[ƒ€‰»‚ªŒˆ’è,https://news.yahoo.co.jp/articles/a7815848644fa06f86c5858e5b3165b2dceb6009,9/7(–Ø) 10:09
ignjapan,‰ß‹‚ÉuSkyrimv‚âuFalloutv‚ÌŠJ”­‚ÉŒg‚í‚Á‚½‚ªiÕ‚Ö‚Æ“]g‚µ‚½ƒ‰ƒCƒ^[AwStarfieldx‚Ì@‹³ŠÖ˜A‚ÌƒeƒLƒXƒg‚ğ·•M‚·‚é‚½‚ß•œ‹A‚µ‚Ä‚¢‚½,https://news.yahoo.co.jp/articles/d1a6057971cc151eedae4bee7098fa335dd4851b,9/7(–Ø) 9:09
ignjapan,‰f‰æwƒƒ{ƒRƒbƒvx‚ğƒx[ƒX‚É‚µ‚½VìƒAƒNƒVƒ‡ƒ“ƒQ[ƒ€wRoboCop: Rogue Cityx‚ÌPS5”Å‚ª11Œ30“ú”­”„Œˆ’èIwƒƒ{ƒRƒbƒv2x‚Æwƒƒ{ƒRƒbƒv3x‚ğ‚Â‚È‚®ƒIƒŠƒWƒiƒ‹ƒXƒg[ƒŠ[,https://news.yahoo.co.jp/articles/4137bc6a38db669f0bfd2f5ea33989866ddc5896,9/7(–Ø) 9:09
ignjapan,‘æ“ñŸ¢ŠE‘åíRTSwCompany of Heroesx‚ÌSwitchˆÚA”Å‚ªH‚É”­”„‚Ö ƒmƒ‹ƒ}ƒ“ƒfƒB[ã—¤ìí‚È‚Ç‚ğ•`‚­–¼ì,https://news.yahoo.co.jp/articles/5f88ae605ceb1a5a78a5bb619043975f9aa11a09,9/6(…) 19:09
ignjapan,ƒXƒ[ƒ‰ƒCƒtƒQ[ƒ€w“ú–{‚Ì“cÉ‚®‚ç‚µx‚ª9Œ15“ú‚ÉApple Arcade‚É‚Ä”zM‚Ö ©‹‹©‘«¶Šˆ‚âA‚Ì‚ñ‚Ñ‚è‚µ‚½ƒAƒNƒeƒBƒrƒeƒB‚ª‚½‚Ì‚µ‚ß‚é,https://news.yahoo.co.jp/articles/6b587d508627b3dc95e79642169b72d41c008617,9/6(…) 19:09
ignjapan,ÀÊ”ÅwONE PIECEx‚Ì‹’®ƒf[ƒ^‚ªŒöŠJ ƒAƒjƒ‚ÌÀÊ‰»ì•i‚Æ‚µ‚ÄwƒJƒEƒ{[ƒCƒrƒoƒbƒvx‚æ‚è‚Í‚é‚©‚ÉD’²‚ÈŠŠ‚èo‚µ‚É,https://news.yahoo.co.jp/articles/35eaf944b7b27b940a7017381a8c077abb5ec6ad,9/6(…) 19:09
ignjapan,wAlone in the Darkx‚ª2024”N1Œ‚É”­”„‰„Šú •i¿Œüã‚É‰Á‚¦wMarvel's Spider-Man 2x‚È‚Ç‚Ìl‹Cƒ^ƒCƒgƒ‹‚ğ”ğ‚¯‚é‚½‚ß,https://news.yahoo.co.jp/articles/86e41ae2a8f7f0937efd36757ef8665770ec5c8a,9/6(…) 17:09
ignjapan,wƒXƒgƒŠ[ƒgƒtƒ@ƒCƒ^[6x‚É‚Äu‚«‚Ì‚±vs‚½‚¯‚Ì‚±v‚Ì“Š•[ƒCƒxƒ“ƒg‚ªÀ{‚Ö uƒXƒvƒ‰ƒgƒD[ƒ“v‚Å‚Í1Ÿ1”s‚¾‚Á‚½ƒoƒgƒ‹,https://news.yahoo.co.jp/articles/5a2f3477fc8d702ba163adc6e10b47cf8c2ee216,9/6(…) 16:09
ignjapan,‚“ïˆÕ“xƒJƒ“ƒt[ƒAƒNƒVƒ‡ƒ“wt•ƒ\Sifu\x‚ğ50“ƒIƒt‚Å”ƒ‚¦‚éPS Store‚Ìu¡T‚Ì1–{vƒZ[ƒ‹‚ªŠJÃ 9Œ13“ú‚Ü‚Å,https://news.yahoo.co.jp/articles/1b42f09e6f7dc9131eec60811f68f80d9f309fde,9/6(…) 15:09
ignjapan,ƒXƒgƒ‰ƒCƒL‚Ì‰e‹¿‚É‚æ‚èƒ[ƒi[Eƒuƒ‰ƒU[ƒXEƒfƒBƒXƒJƒoƒŠ[‚Ì‘¹¸‚ÍÅ‘å‚Å5‰­ƒhƒ‹‚É‚È‚é‚Æ—\‘z‚³‚ê‚é,https://news.yahoo.co.jp/articles/0a85b6703c6c5daabffe593adae177b3046e020e,9/6(…) 15:09
ignjapan,wStarfieldx‚ª–{“ú‚©‚çGame Pass‚Å³®”zMIwLies of Px‚È‚Ç‚à”zM‚³‚ê‚éGame Pass‚Ì9Œƒ‰ƒCƒ“ƒAƒbƒv‘æ1’e‚ª”­•\,https://news.yahoo.co.jp/articles/4d9e79a8a539aff5935c5f2fa87ee63a0b0ec7c4,9/6(…) 14:09
ignjapan,HYPER REAL‚ÌTGS2023o“Wî•ñ‚ªŒöŠJ ‹l‚Ì­—‚Æ¬l‚ÌŠï–­‚È“úí‚ğ‘ÌŒ±‚·‚éƒrƒWƒ…ƒAƒ‹ƒmƒxƒ‹wSAEKO: Giantess Dating Simx‚ÌƒpƒuƒŠƒbƒVƒ…‚àŒˆ’è,https://news.yahoo.co.jp/articles/6339739f50e1aeda6f3aa8fbc9a42503d8b60bb7,9/6(…) 13:09
ignjapan,”L‚É‚È‚Á‚ÄƒTƒCƒo[ƒpƒ“ƒN“ss‚ğ–`Œ¯‚·‚éADVwStrayx‚ÌƒAƒjƒ‰f‰æ‰»‚ª”­•\,https://news.yahoo.co.jp/articles/e53b618c613655bc2adceec86f768c88fcb59b6a,9/6(…) 10:09
ignjapan,wStarfieldx‚Ì¢ŠE‚Å‚Íƒ‰ƒuƒ‰ƒh[ƒ‹EƒŒƒgƒŠ[ƒo[‚Íâ–Å‚µ‚Ä‚¢‚é ƒQ[ƒ€“àƒAƒCƒeƒ€‚ÌƒeƒLƒXƒg‚©‚ç,https://news.yahoo.co.jp/articles/27cbbcf9670b862e3138faa344f77c44cff78e4b,9/6(…) 9:09
ignjapan,wStarfieldx‚Å2–œŒÂ‚ÌƒWƒƒƒKƒCƒ‚‚ğ‹l‚ß‚ñ‚¾ƒRƒbƒNƒsƒbƒg‚Ì”à‚ğŠJ‚¯‚é‰f‘œ‚ª˜b‘è‚Éu•¨—‰‰Z‚ª‚·‚²‚¢v,https://news.yahoo.co.jp/articles/7352a5ac0cb15c5b93658afbe065e72ef060435f,9/6(…) 9:09
ignjapan,TGS2023Œö®”Ô‘g‚Ìƒ^ƒCƒ€ƒe[ƒuƒ‹‚ªŒöŠJ ƒXƒNƒGƒj‚ç‘åèƒ[ƒJ[‚Ì‚Ù‚©Aƒ‚ƒoƒCƒ‹RPGwƒŠƒo[ƒXF1999x‚È‚Ç‚Ì”Ô‘g‚à,https://news.yahoo.co.jp/articles/83132dcb0dd39de293386219c18de2dc1a77031c,9/5(‰Î) 19:09
ignjapan,—qƒSƒ‹ƒtƒAƒjƒŒ´ì‚ÌƒQ[ƒ€wBIRDIE WING -Golf Girls' Story- Golf Venusx‚ª“Œ‹ƒQ[ƒ€ƒVƒ‡ƒE2023‚É—Vo“W‚Ö,https://news.yahoo.co.jp/articles/a92578d78c06ff3dbdba4068f4ec904ab4fc0f03,9/5(‰Î) 19:09
ignjapan,wStarfieldx‚Å‚Í•Ê‚Ì˜f¯‚Ü‚Å’¼Ú”ò‚ñ‚Ås‚­‚±‚Æ‚à‰Â”\ ‚½‚¾‚µŠÔ‚ª‚©‚©‚éãA”q”²‚¯‚·‚éŒ‹‰Ê‚ª‘Ò‚Á‚Ä‚¢‚é,https://news.yahoo.co.jp/articles/0c0fca812d0e85ee71f076ba984f4a61a90a3382,9/5(‰Î) 18:09
ignjapan,wƒR[ƒq[ƒg[ƒNx‚ª40%ƒIƒtAuƒR[ƒq[ƒg[ƒN ƒGƒsƒ\[ƒh2v‚ª20%ƒIƒtIƒCƒ“ƒfƒB[ƒQ[ƒ€‚ÌƒZ[ƒ‹‚ªPS Store‚ÅŠJÃ’†,https://news.yahoo.co.jp/articles/26b12e62d7092f35ee51739d960d8b51905b0256,9/5(‰Î) 18:09
ignjapan,wStarfieldxA‘ŠúƒAƒNƒZƒX‚Ìù—v‚Å³®ƒŠƒŠ[ƒX‘O‚©‚ç”„ãƒ`ƒƒ[ƒg‚Ìƒgƒbƒv‚É,https://news.yahoo.co.jp/articles/a688b3525b71d4d02a689d6a938871f7934a6ee6,9/5(‰Î) 16:09
ignjapan,uƒCƒiƒYƒ}ƒCƒŒƒuƒ“v‚âuƒtƒ@ƒ“ƒ^ƒW[ƒ‰ƒCƒtv‚ÌVì‚ª—Vo“WŒˆ’èIƒŒƒxƒ‹ƒtƒ@ƒCƒu‚Ì“Œ‹ƒQ[ƒ€ƒVƒ‡ƒE2023o“Wî•ñ‚ª”­•\,https://news.yahoo.co.jp/articles/a5da2d4a7872c5a7144903b85de226ef7829d196,9/5(‰Î) 16:09
ignjapan,ƒKƒCƒhƒuƒbƒNu‚é‚é‚Ô“Á•Ê•ÒW ”­Œ©Iƒ|ƒPƒ‚ƒ“ƒ[ƒJƒ‹Actsv‚ªƒIƒ“ƒ‰ƒCƒ“‚Å–³—¿ŒöŠJI„‚µƒ|ƒPƒ‚ƒ“‚ğ’Ê‚¶‚Ä’nˆæ‚Ì–£—Í‚ğ”­M,https://news.yahoo.co.jp/articles/483a0c5eabf07af915ae9a26b83208fafbe3b8cf,9/5(‰Î) 15:09
ignjapan,•Ä”C“V“°‚Ìƒ_ƒOEƒoƒEƒU[Ğ’·A6”N”¼Œo‚Á‚Ä‚àNintendo Switch‚Ìù—v‚ª‚‚¢——R‚ğŒê‚é,https://news.yahoo.co.jp/articles/84dd50aeecd622c2bcb50b307544519bc0e4ec9e,9/5(‰Î) 13:09
ignjapan,ƒGƒŠƒUƒxƒXEƒIƒ‹ƒZƒ“‚ªuƒXƒJ[ƒŒƒbƒgEƒEƒBƒbƒ`ˆÈŠO‚ÌƒLƒƒƒ‰ƒNƒ^[‚ğ‰‰‚¶‚é‚±‚Æ‚Åƒoƒ‰ƒ“ƒX‚ğæ‚è‚½‚¢v‚ÆŒê‚é,https://news.yahoo.co.jp/articles/20f5b47164c4791fa7ad322caa53ce3b33e7c928,9/5(‰Î) 9:09
ignjapan,wAgatha: Darkhold Diariesx‚âwEchoxwƒzƒƒbƒgEƒCƒtcHxwX-Men '97x‚È‚Çƒ}[ƒxƒ‹ì•i‚ÌƒŠƒŠ[ƒX“ú•ÏX‚ª•ñ‚¶‚ç‚ê‚é,https://news.yahoo.co.jp/articles/4eedcdf8c379604814067b622845e8f2dfe93d8b,9/5(‰Î) 9:09
ignjapan,u—´‚ª”@‚­‚VŠO“`v‚âwƒyƒ‹ƒ\ƒi3 ƒŠƒ[ƒhx‚ªTGS‚É—Vo“WŒˆ’è ƒZƒK‚ÆƒAƒgƒ‰ƒX‚Ì“Œ‹ƒQ[ƒ€ƒVƒ‡ƒE2023o“Wî•ñ‚ªŒöŠJ,https://news.yahoo.co.jp/articles/97eb9833a028dc4967485fde488f67ed691dc2ce,9/4(Œ) 20:09
ignjapan,wƒTƒCƒo[ƒpƒ“ƒN2077x‚Ì–³—¿ƒAƒbƒvƒf[ƒg2.0‚Å‚Í‰ü‘P‚³‚ê‚½Œx@ƒVƒXƒeƒ€‚ª“±“üI“¹˜H••½‚µ‚ÄålŒö‚Ì“¦–S‚ğ‘j~‚·‚éŒxŠ¯‚ª“oê,https://news.yahoo.co.jp/articles/1423e030bd4f43c4270921c810c29045dbe96d5e,9/4(Œ) 20:09
ignjapan,_–Ø—²”V‰î‚â•l•Ó”ü”g‚È‚ÇƒLƒƒƒXƒgw‚à‚ ‚«‚ç‚©‚É ‰f‰æwƒSƒWƒ‰-1.0x‚ÌÅV—\‰f‘œ‚ªŒöŠJ,https://news.yahoo.co.jp/articles/fb16cf05a20a780809c42b30b3a8d436e7295077,9/4(Œ) 18:09
ignjapan,ƒxƒZƒXƒ_‚ÍwRedfallx‚ğ’ú‚ß‚Ä‚Í‚¢‚È‚¢ wFallout 76x‚ğ—‚½—á‚Æ‚µ‚Ä‹“‚°AÅI“I‚É‚Í‚¢‚¢ƒQ[ƒ€‚É‚È‚é‚¾‚ë‚¤‚ÆƒRƒƒ“ƒg,https://news.yahoo.co.jp/articles/cb7fadcc7da2faeefdfdd7a3ec7f8ee8578ec6dc,9/4(Œ) 18:09
ignjapan,PS5”Åw•ö‰óFƒXƒ^[ƒŒƒCƒ‹xAwƒ[ƒ“ƒŒƒXƒ][ƒ“ƒ[ƒx‚ª—Vo“WIwŒ´_xƒu[ƒX‚È‚Ç‚à‚ ‚éHoYoverse‚ÌTGS2023o“Wî•ñ‚ªŒöŠJ,https://news.yahoo.co.jp/articles/490f45bb81526d2f3b63a58f2edaaa13d1c3bb2c,9/4(Œ) 17:09
ignjapan,wƒXƒ^[ƒI[ƒVƒƒƒ“ ƒZƒJƒ“ƒhƒXƒg[ƒŠ[ Rx‚ª—Vo“WIƒXƒNƒEƒFƒAEƒGƒjƒbƒNƒX‚Ì“Œ‹ƒQ[ƒ€ƒVƒ‡ƒE2023o“Wî•ñ‚ªŒöŠJ,https://news.yahoo.co.jp/articles/5c8c9401656073f097d919815335cf86fc517877,9/4(Œ) 16:09
ignjapan,wARMORED CORE VI FIRES OF RUBICONx‚Ìƒ|ƒXƒgƒJ[ƒh”z•zƒLƒƒƒ“ƒy[ƒ“‚ªa’JPARCO‚ÌTORCH TORCH‚ÅŠJÃ’†,https://news.yahoo.co.jp/articles/2b19cab3456e0dd70a8bb3815eeee440fca969ba,9/4(Œ) 15:09
ignjapan,wƒtƒ@ƒCƒiƒ‹ƒtƒ@ƒ“ƒ^ƒW[XVIx‚Ì—L—¿DLC2í—Ş‚ªŠJ”­’†‚Å‚ ‚é‚±‚Æ‚ª–¾‚ç‚©‚É PC”Å‚ÌŠJ”­ƒXƒ^[ƒg‚àŒö®”­•\,https://news.yahoo.co.jp/articles/35b753f3a95c5a42b353cdd6c3528f54b584d034,9/4(Œ) 12:09
ignjapan,‹{–{–ÎAwƒX[ƒp[ƒ}ƒŠƒIƒuƒ‰ƒU[ƒY ƒƒ“ƒ_[x‚Ìƒ]ƒEƒ}ƒŠƒI‚É‰s‚¢w“E‚ğ‚µ‚Ä‚¢‚½ ‰ŠúƒfƒUƒCƒ“‚Éu‚±‚ê‚ÍAƒ}ƒŠƒI‚ÌƒLƒƒƒ‰ƒNƒ^[‚¶‚á‚È‚¢‚æ‚Ëv,https://news.yahoo.co.jp/articles/aa924a8c79f19a6e8e9c51f96b2706fbbd5c3209,9/2(“y) 20:09
ignjapan,‰f‰æwƒGƒNƒ\ƒVƒXƒg M‚¶‚éÒx‚Ì–k•ÄŒöŠJ“ú‚ª1TŠÔ‘O“|‚µ‚É ——R‚ÍƒeƒCƒ‰[EƒXƒEƒBƒtƒg‚ğ”ğ‚¯‚é‚½‚ß‚Ì‚æ‚¤‚¾,https://news.yahoo.co.jp/articles/c650de8220f4a926d47dd13c33d02d39bb5edea6,9/2(“y) 20:09
ignjapan,•Ä”o—D‘g‡‚ª‘åèƒrƒfƒIƒQ[ƒ€‰ïĞ‚É‘Î‚·‚éƒXƒgƒ‰ƒCƒL‚Ì³”F‚ğ‹‚ß‚é ‰f‰æEƒeƒŒƒr‹ÆŠE‚Å‚Ì“®‚«‚É‘±‚¢‚Ä,https://news.yahoo.co.jp/articles/6e4e2094079f67e3a353bba7feafbb3d40c449c6,9/2(“y) 17:09
ignjapan,wƒEƒH[ƒLƒ“ƒOEƒfƒbƒhxƒ_ƒŠƒ‹‚ğålŒö‚Æ‚µ‚½ƒXƒsƒ“ƒIƒtƒhƒ‰ƒ}‚Ì§ì‚ªÄŠJ‚Ö AMC‚Æ”o—D‘g‡‚Ìb’è‡ˆÓ‚ğó‚¯‚Ä,https://news.yahoo.co.jp/articles/08d67ee1c44e12122209aeb2d64ee2c85a0921e5,9/2(“y) 16:09
ignjapan,ÀÊ”ÅwONE PIECEx‚ÌƒoƒM[‚ªƒ_[ƒN‚ÈƒLƒƒƒ‰ƒNƒ^[‚É‚È‚Á‚½——R‚ğŠÄ“Â‚ªà–¾,https://news.yahoo.co.jp/articles/5e8fc3fce97a66244db321ebe505af950a2bf761,9/2(“y) 14:09
ignjapan,wStarfieldx‚ÌƒoƒO‚É‚Â‚¢‚ÄƒxƒZƒXƒ_Š²•”‚ªŒ¾‹yu‰äX‚ÍƒJƒIƒX‚ğó‚¯“ü‚ê‚Ä‚¢‚Ü‚·v‚ÆŒê‚é,https://news.yahoo.co.jp/articles/7b37b1aa7681c246f36cb7dfd91ddf51bc249b42,9/2(“y) 12:09
ignjapan,Netflix‚ÌÀÊ”ÅwONE PIECEx‚ÍŒ´ì‚ÌuSBSvƒR[ƒi[‚à“O’ê“I‚É’²‚×‚Äì‚ç‚ê‚½ ƒVƒ‡[ƒ‰ƒ“ƒi[‚ª•‘‘ä— ‚ğŒê‚é,https://news.yahoo.co.jp/articles/4459137f1f88623de821d4c3da0e98ae0aabf422,9/1(‹à) 22:09
ignjapan,uMETAL GEAR SOLIDv‚ÌƒRƒŒƒNƒVƒ‡ƒ“‚âu“‘¾˜Y“d“Sƒ[ƒ‹ƒhv‚ª—Vo“WIKONAMI‚ÌTGS2023o“W‚ªŒˆ’è,https://news.yahoo.co.jp/articles/16821708bc4c51d54a3abb0d562eb1e0b849920e,9/1(‹à) 21:09
ignjapan,wƒTƒCƒo[ƒpƒ“ƒN2077x‚ÌŠg’£ƒpƒbƒN‚ğ1‚Â‚¾‚¯‚É‚µ‚½‚Ì‚Íu‹Zp“I‚È”»’fv‚¾‚ÆCD PROJEKT RED‚ªŒê‚é,https://news.yahoo.co.jp/articles/0066a602af1997337ba1e6c8ff662751d07443a8,9/1(‹à) 20:09
ignjapan,wƒC[ƒXX -NORDICS-x‚ª“Œ‹ƒQ[ƒ€ƒVƒ‡ƒE2023‚Éo“WŒˆ’è —V‚Å‚Í“Á»ƒAƒ‹ƒ~ƒ{ƒgƒ‹‚ªƒvƒŒƒ[ƒ“ƒg,https://news.yahoo.co.jp/articles/04c73cde907e3cb7b2c2a96b14e8926ca5bba7b2,9/1(‹à) 20:09
ignjapan,ƒAƒ_ƒ€Eƒhƒ‰ƒCƒo[‚ªAmazon‚âNetflix‚È‚Ç‚Ì‘åŠé‹Æ‚ğ”á”» ƒXƒgƒ‰ƒCƒL’†‚Ì”o—D‚É‚æ‚é—v‹‚É‰‚¦‚Ä‚¢‚È‚¢‚Æ‚µ‚Ä,https://news.yahoo.co.jp/articles/c37370792e72c11abe014b4964e2f6f1e0f91097,9/1(‹à) 19:09
ignjapan,wStarfieldx‚ÌSteam‚É‚¨‚¯‚é‰“®‚ª‚·‚²‚¢ æsƒAƒNƒZƒXƒvƒŒƒCƒ„[‚Ì‚İAT––‚ğ‘Ò‚½‚¸‚µ‚Ä‚ÌD’²ƒXƒ^[ƒg,https://news.yahoo.co.jp/articles/86aa852abeae95edf92790e138c22ff9f33a33c6,9/1(‹à) 18:09
ignjapan,ƒ^ƒNƒeƒBƒNƒXRPGw—é—–‚ÌŒ•F‚±‚Ì•½˜a‚È¢ŠE‚Ì‚½‚ß‚Éx‚ª“Œ‹ƒQ[ƒ€ƒVƒ‡ƒE2023‚É—Vo“W‚Ö,https://news.yahoo.co.jp/articles/f9b4f7553ec2aea0ac786db37afafc1ed0af6f26,9/1(‹à) 17:09
ignjapan,wAlan Wake 2x‚Å‚ÍƒAƒ‰ƒ“‚ªˆ«–²‚Ì‚È‚©‚É‚ ‚éƒjƒ…[ƒˆ[ƒN‚Åí‚Á‚Ä‚¢‚­ ˆ«–²‚Ì‹óŠÔ‚ÉŠÖ‚·‚éŠJ”­‰f‘œ‚ªŒöŠJ,https://news.yahoo.co.jp/articles/3eb0fd3722dba284ad361949b4a435952dd7ae22,9/1(‹à) 17:09
ignjapan,ƒ{ƒNƒVƒ“ƒOƒGƒNƒTƒTƒCƒYÅVìwFit Boxing feat. ‰‰¹ƒ~ƒN -ƒ~ƒN‚Æ‚¢‚Á‚µ‚å‚ÉƒGƒNƒTƒTƒCƒY-x‚ª2024”Nt‚É”­”„Œˆ’è,https://news.yahoo.co.jp/articles/41d7462d81ad475551aadae80a90ff8156a8d2a6,9/1(‹à) 15:09
ignjapan,uƒZƒCƒ“ƒcƒƒEvƒVƒŠ[ƒY‚ÌŠJ”­ƒXƒ^ƒWƒIVolition‚ª•Â½ e‰ïĞEmbracer Group‚ÌÄ•Ò‚Å,https://news.yahoo.co.jp/articles/b3d554c8e74fe004ed4ed8a2fbd65477e0c9a859,9/1(‹à) 14:09
ignjapan,PS5—pƒŠƒ‚[ƒg’[––uPlayStation Portal ƒŠƒ‚[ƒgƒvƒŒ[ƒ„[v‚Ì”­”„“ú‚ª11Œ15“ú‚ÉŒˆ’è,https://news.yahoo.co.jp/articles/6757e097b000338ede4f68cb831ffb3561336c9c,9/1(‹à) 13:09
ignjapan,•ÄMax‚Å”zM‚ªŠJn‚³‚ê‚½wƒUEƒtƒ‰ƒbƒVƒ…xA‹’®Ò”‚Íwƒuƒ‰ƒbƒNƒAƒ_ƒ€x‚ğ‰º‰ñ‚é”š‚É,https://news.yahoo.co.jp/articles/c15c3d9382c9d1e1851ff6301bf1130e5f23788f,9/1(‹à) 9:09
ignjapan,wƒTƒCƒo[ƒpƒ“ƒN2077xŠJ”­ƒ`[ƒ€‚Ì‘å•”•ª‚ÍŠg’£ƒpƒbƒNu‰¼‰‚ß‚Ì©—Rv‚Ì”­”„ŒãAuƒEƒBƒbƒ`ƒƒ[v‘æ4ì‚ÖˆÚs‚³‚¹‚é•ûj,https://news.yahoo.co.jp/articles/ada653bf117ca68b9766371bbc383b96ca0cb0d7,9/1(‹à) 9:09
ignjapan,wƒXƒ^[EƒEƒH[ƒYFƒAƒ\[ƒJx‘æ3˜b‚É‚Ü‚é‚ÅuƒNƒ[ƒ“EƒEƒH[ƒYv‚»‚Ì‚Ü‚Ü‚Ì‚æ‚¤‚ÈƒV[ƒ“‚ª‚ ‚èƒtƒ@ƒ“‚ªŠ½Šì,https://news.yahoo.co.jp/articles/2e3eae5c9a392cfc85515f11a12f892f5529db8a,9/1(‹à) 8:09
ignjapan,ƒƒ“ƒ_[AƒoƒbƒWAƒpƒ[ƒAƒbƒv ƒX[ƒp[ƒ}ƒŠƒIƒuƒ‰ƒU[ƒY ƒƒ“ƒ_[ Direct 2023.8.31‚Å–¾‚ç‚©‚É‚È‚Á‚½ƒ|ƒCƒ“ƒg,https://news.yahoo.co.jp/articles/71eaa978648d93aa66b37a3241e654bdac39df08,9/1(‹à) 1:09
ignjapan,wƒX[ƒp[ƒ}ƒŠƒIƒuƒ‰ƒU[ƒY ƒƒ“ƒ_[x‚Å‚ÍA‚ä‚é‚¢ƒIƒ“ƒ‰ƒCƒ“ƒvƒŒƒC‚ª–Ú‹Ê‚Ì‚Ğ‚Æ‚Â‚É,https://news.yahoo.co.jp/articles/91e757a842ff12326b718f7c496fb3a73ef6c45c,9/1(‹à) 0:09
ignjapan,ƒCƒ}ƒWƒ“Eƒhƒ‰ƒSƒ“ƒY‚ªwStarfieldxŒö®‚ÌƒRƒ‰ƒ{Šy‹ÈuChildren of the Skyv‚ğƒŠƒŠ[ƒX,https://news.yahoo.co.jp/articles/a9c654475bf3163643fa535ae225b9a3c1183f47,8/31(–Ø) 23:08
ignjapan,wƒhƒ‰ƒSƒ“ƒYƒhƒOƒ} 2x‚ª“Œ‹ƒQ[ƒ€ƒVƒ‡ƒE2023‚Å¢ŠE‰‚Ì—Vo“WIƒJƒvƒRƒ“‚ÌTGS2023o“Wî•ñ‘æ2’e‚ªŒöŠJ,https://news.yahoo.co.jp/articles/b4d8dfc4e21126938aeeceb9ed3859e28df67f2a,8/31(–Ø) 19:08
ignjapan,Switch”Åw\O‹@•º–h‰qŒ—x‚ª50%ƒIƒt‚É‚È‚éƒZ[ƒ‹‚ªƒXƒ^[ƒgI‘S¢ŠE”„‚èã‚°‚ª100–œ–{‚ğ“Ë”j‚µ‚½‚±‚Æ‚à•ñ,https://news.yahoo.co.jp/articles/1f801bb2e9b29dbd833a7bf2bf33d3cd155a1665,8/31(–Ø) 18:08
ignjapan,Switch‚Ì–{ŠiƒGƒNƒTƒTƒCƒYƒQ[ƒ€wFit Boxingx‚ª11Œ30“ú‚ğ‚à‚Á‚Ä”Ì”„I—¹,https://news.yahoo.co.jp/articles/6976567f083144ace022bd16abec12cbccd27266,8/31(–Ø) 17:08
ignjapan,PS Plus9Œ‚ÌƒtƒŠ[ƒvƒŒƒCƒ^ƒCƒgƒ‹‚ª”­•\wSaints Rowx‚âwBlack Desert: Traveler Editionx‚È‚Ç3ƒ^ƒCƒgƒ‹‚ªƒ‰ƒCƒ“ƒAƒbƒv,https://news.yahoo.co.jp/articles/4bdaaa2bd907ade9d1c35fb763bf97a089afc93b,8/31(–Ø) 17:08
ignjapan,•—ŠÔ—‹‘¾‚É‚æ‚éwƒyƒ‹ƒ\ƒi‚R ƒŠƒ[ƒhx‚ÌƒCƒ‰ƒXƒg‚ªŒöŠJITGS‚Å‚Íwƒyƒ‹ƒ\ƒi5 ƒ^ƒNƒeƒBƒJx‚Æ‹¤‚É—Vo“WŒˆ’è,https://news.yahoo.co.jp/articles/49868d8b8a065815d5d6aabaf0070340bddce0f1,8/31(–Ø) 15:08
ignjapan,wƒfƒBƒAƒuƒ IVx‚ÌƒZ[ƒ‹‚ªƒXƒ^[ƒgIPC’Êí”Å‚Í22%ƒIƒt‚Ì7640‰~,https://news.yahoo.co.jp/articles/7bc530f5a456e5268fdb4f59b02b7faae8d2c1ca,8/31(–Ø) 14:08
ignjapan,wƒXƒgƒŠ[ƒgƒtƒ@ƒCƒ^[6x“Åg‚¢‚ÌVƒLƒƒƒ‰ƒNƒ^[uA.K.I.v‚ª9Œ27“ú‚æ‚è”zMŠJnI,https://news.yahoo.co.jp/articles/94e3ffa794c8e438927576e837d1a1ec3f3235cd,8/31(–Ø) 14:08
ignjapan,ƒ\ƒj[‚ªPS Plus‚Ìu12ƒ–Œ—˜—pŒ v‚ğ‘Sƒvƒ‰ƒ“‚Å’lã‚°‚Ö 9Œ6“ú‚©‚ç,https://news.yahoo.co.jp/articles/207f2f5c73b5922d917bf383090dfd4a63b9906d,8/31(–Ø) 13:08
ignjapan,ÀÊ”Å‰f‰æwFive Nights at Freddy'sx‚Ì—\•Ò‘æ2’e‚ªŒöŠJ •s‹C–¡‚ÈƒAƒjƒ}ƒgƒƒjƒNƒX‚½‚¿‚ªP‚¢‚©‚©‚ép‚ğŠm”F‚Å‚«‚é,https://news.yahoo.co.jp/articles/09a05296b11e0a6c426f0e4ba2b0a18dbf5f5351,8/31(–Ø) 12:08
ignjapan,ƒ|ƒPƒ‚ƒ“Œ´ˆÄ‚ÌÀÊƒhƒ‰ƒ}wƒ|ƒPƒbƒg‚É–`Œ¯‚ğ‚Â‚ß‚±‚ñ‚Åx‚ª”­•\ 10Œ19“ú‚æ‚è•ú‘—ŠJn,https://news.yahoo.co.jp/articles/7858d45a7cb102f1870bc6a890b1834c99388541,8/31(–Ø) 11:08
ignjapan,wThe Elder Scrolls VIx‚ª³®‚ÉŠJ”­‰Šú’iŠK‚É“ü‚é ‚½‚¾‚µ‚·‚®‚É‘±•ñ‚Ío‚È‚¢,https://news.yahoo.co.jp/articles/8aa58f1ddae647ff38132c7610da98daf6399f6b,8/31(–Ø) 9:08
ignjapan,ww—Ö•¨Œêx‚ª‘èŞ‚Ì‹¦—ÍŒ^ƒTƒoƒCƒoƒ‹ƒNƒ‰ƒtƒgwThe Lord of the Rings: Return to Moriax‚Å‚Íƒhƒ[ƒt‚ÌŠXƒ‚ƒŠƒA‚ğ’Ê‚è”²‚¯‚é‚Ì‚É2ŠÔˆÈã‚©‚©‚é,https://news.yahoo.co.jp/articles/b8c824a3705e57eb24174b40cf33b2edda2570ad,8/31(–Ø) 9:08
ignjapan,wƒXƒ^[EƒEƒH[ƒYFƒAƒ\[ƒJx‘æ1˜b‚Ì‹’®Ò”‚ÍwƒLƒƒƒVƒAƒ“EƒAƒ“ƒh[x‚Æ“¯’ö“x wƒIƒrƒƒ“EƒPƒm[ƒrx‚©‚ç‚Í50“Œ¸,https://news.yahoo.co.jp/articles/0be8ebc8a98c61e2992f666c6af3ff9515fcc275,8/30(…) 21:08
ignjapan,ƒfƒ”ƒBƒbƒhEƒtƒBƒ“ƒ`ƒƒ[ŠÄ“ÂÅVìwƒUEƒLƒ‰[x‚Ì—\•Ò‚ªŒöŠJ uƒqƒbƒgƒ}ƒ“v‚ğv‚í‚¹‚é•µˆÍ‹C‚É,https://news.yahoo.co.jp/articles/7e2b83c4b5d1fda64181c4bde380f47e97eb78e6,8/30(…) 20:08
ignjapan,wStarfieldxƒŠ[ƒN‰f‘œ‚ğŒ©‚½ƒtƒ@ƒ“‚©‚ç˜f¯’Tõ‚É‚Â‚¢‚Ä‹^–â‚ª•¬o ˆê•û‚ÅƒŒƒrƒ…ƒA[‚ÍˆÙ˜_‚ğ¥‚¦‚é,https://news.yahoo.co.jp/articles/424787633874a3a5140b6f35ab7fb2db42920c32,8/30(…) 20:08
ignjapan,wSTAR WARS ƒWƒFƒ_ƒCFƒTƒoƒCƒo[x‚ª15“ƒIƒtAwWILD HEARTSx‚ª20“ƒIƒtIPS Plus‰Á“üÒ‚ÍŠ„ˆø—¦‚ª2”{‚É‚È‚éƒZ[ƒ‹‚ªPS Store‚ÅŠJÃ,https://news.yahoo.co.jp/articles/44605f0e6d075f785947afad7c7d045dfa6dfb25,8/30(…) 20:08
ignjapan,ƒI[ƒvƒ“ƒ[ƒ‹ƒh’Ş‚èƒQ[wCall of the Wild: The Anglerx‚ªGame Pass‚É‘Î‰‚Ö,https://news.yahoo.co.jp/articles/0409ef914dd870c3b148245a02cbe3557fa96e23,8/30(…) 19:08
ignjapan,wŒ¶‘z…Ÿõ“` I&II HDƒŠƒ}ƒXƒ^[ –å‚Ì–äÍí‘ˆ / ƒfƒ…ƒiƒ““ˆêí‘ˆx‚ªu‚³‚ç‚È‚éŠJ”­ŠúŠÔ‚ª•K—v‚Æ”»’fv‚Å–³Šú‰„Šú‚É,https://news.yahoo.co.jp/articles/824ec047a18aad3ac9e64ff10394364df7cb3d2f,8/30(…) 17:08
ignjapan,ƒnƒƒEƒBƒ“‚ÌŠú‚É‚ ‚éSteam‚ÌƒCƒxƒ“ƒguSteamâ‹©ƒtƒFƒXv‚ÌŠJÃ‚ª’m ƒzƒ‰[ƒQ[ƒ€‚È‚Ç‚ªƒZ[ƒ‹‚É‚È‚é,https://news.yahoo.co.jp/articles/3fdae06c7d29e0eb8d39ab174cef398b533df251,8/30(…) 16:08
ignjapan,wƒXƒ^[EƒEƒH[ƒYFƒAƒ\[ƒJxAƒ}ƒƒbƒN‚Ì³‘Ì‚É‚Â‚¢‚Äƒtƒ@ƒ“‚ÌˆÓŒ©‚ª‘Î—§,https://news.yahoo.co.jp/articles/ad84397606121479c05b1dc8479afe8ffe51bffc,8/30(…) 14:08
ignjapan,ÀÊ‰f‰æwƒS[ƒ‹ƒfƒ“ƒJƒ€ƒCx‚ª1Œ19“ú‚ÉŒöŠJŒˆ’èIålŒö™Œ³²ˆê–ğ‚ÍRí•Œ«l‚É,https://news.yahoo.co.jp/articles/99bc6aee0b17e9bf652a2605f1433dee7f4f2551,8/30(…) 14:08
ignjapan,8Œ31“ú23:00‚æ‚èuƒX[ƒp[ƒ}ƒŠƒIƒuƒ‰ƒU[ƒY ƒƒ“ƒ_[ Directv‚ª•ú‘—Œˆ’è,https://news.yahoo.co.jp/articles/0e51316e085322cc0a5c27a8673aeeb4369ab3aa,8/30(…) 9:08
ignjapan,wStarfieldx‚Íg’‚éålŒöh‚ğÌ—p‚·‚é‰Â”\«‚à‚ ‚Á‚½‚ÆƒxƒZƒXƒ_‚ª–¾‚©‚·,https://news.yahoo.co.jp/articles/38b32ba103216641f46c2a22af63bbb2a4e7a989,8/29(‰Î) 19:08
ignjapan,ƒoƒ“ƒ_ƒCƒiƒ€ƒRŒö®‚ÌRTAŠé‰æ‚ªTGS2023‚ÅÀ{‚Ö í–Ú‚ÍwƒeƒCƒ‹ƒY ƒIƒu ƒAƒ‰ƒCƒYx‚È‚Ç3ƒ^ƒCƒgƒ‹‚ÅARTA in Japan‚à‹¦—Í,https://news.yahoo.co.jp/articles/217e159967f549fab6d6ff29309208e24b8b8128,8/29(‰Î) 19:08
ignjapan,uƒnƒŠ[Eƒ|ƒbƒ^[v‚Ì¢ŠE‚ğ•‘‘ä‚É‚µ‚½wƒzƒOƒ[ƒcEƒŒƒKƒV[x‚ªPS Store‚Å‰ß‹ÅˆÀ‚Ì30“ƒIƒtIƒZ[ƒ‹‚Í9Œ5“ú‚Ü‚Å‚ÌŠúŠÔŒÀ’è,https://news.yahoo.co.jp/articles/1e482bc9799e2dced6d288c59772e229c8f5402c,8/29(‰Î) 19:08
ignjapan,uƒsƒmƒbƒLƒIv‚Ìƒ\ƒEƒ‹ƒ‰ƒCƒNwLies of Px‚Å‚Í3‚Â‚ÌƒGƒ“ƒfƒBƒ“ƒO‚ª‚ ‚é ‰R‚ğ‚Â‚­‚©‚Ç‚¤‚©‚ÅƒXƒg[ƒŠ[‚ª•ªŠò‚·‚é–Í—l,https://news.yahoo.co.jp/articles/6db0c0513470a66d9d848790d97521994e714d93,8/29(‰Î) 18:08
ignjapan,“dÔ‚Ì‹C”z‚ª‚µ‚È‚¢â‚ê‚½ü˜H‚ÅÊ^B‰e‚·‚é2l‚ªƒGƒ‚[ƒVƒ‡ƒiƒ‹ wOPUS ÊSŒáRx‚ÌV‚½‚ÈƒeƒBƒU[ƒgƒŒ[ƒ‰[‚ªŒöŠJ,https://news.yahoo.co.jp/articles/debdcb19f0cd6a10282bfbda3f2301d17836775b,8/29(‰Î) 17:08
ignjapan,ƒXƒgƒ‰ƒeƒW[ƒQ[ƒ€‚ªƒZ[ƒ‹‚É‚È‚éuSteamƒXƒgƒ‰ƒeƒW[ƒtƒFƒXv‚ªŠJÃ’† uƒVƒ”ƒBƒ‰ƒCƒ[[ƒVƒ‡ƒ“ VIv‚ª90%ƒIƒt‚È‚Ç‚Ìƒ‰ƒCƒ“ƒAƒbƒv,https://news.yahoo.co.jp/articles/519c1f135ab9141af0a76a529db182d369eec4c0,8/29(‰Î) 16:08
ignjapan,Nintendo SwitchA•Ä‘‚Å‚Ì—İŒv”Ì”„‘ä”‚ªWii‚ğã‰ñ‚é,https://news.yahoo.co.jp/articles/cd5dfa1f31658923d404d00b3ead438bc60f7ee5,8/29(‰Î) 15:08
ignjapan,ƒ‰ƒCƒU‚È‚Ç‚Ì—ğ‘ãƒLƒƒƒ‰ƒNƒ^[‚àQíIwƒŒƒXƒŒƒŠƒA[ƒi‚ÌƒAƒgƒŠƒG `–Y‚ê‚ç‚ê‚½˜B‹àp‚Æ‹É–é‚Ì‰ğ•úÒ`x‚Íƒ_ƒuƒ‹ålŒö‚Å“WŠJ,https://news.yahoo.co.jp/articles/5770f969c609d2a477e90eff1701f597c2c0ea14,8/29(‰Î) 15:08
ignjapan,Disney+AƒRƒXƒgíŒ¸‚ÌˆêŠÂ‚ÅB‰eÏ‚İ‚Ìƒhƒ‰ƒ}ƒVƒŠ[ƒY2–{‚ğƒLƒƒƒ“ƒZƒ‹,https://news.yahoo.co.jp/articles/02add6dcebb78f66587e265c230a38267f9fc76c,8/29(‰Î) 14:08
ignjapan,ƒƒ{ƒQ[wCUSTOM MECH WARS -ƒJƒXƒ^ƒ€ƒƒbƒNƒEƒH[ƒY-x‚ª”­•\I”ü‹rƒƒ{‚È‚Ç–‚‰ü‘¢‚ª‚Å‚«‚éƒoƒJƒQ[‚È•µˆÍ‹C‚É,https://news.yahoo.co.jp/articles/d61033b99064ded050c634c14508f3acb6825d2b,8/29(‰Î) 14:08
ignjapan,ƒC[ƒƒ“Eƒ}ƒXƒNAwValorantx‚Ì‘å‰ï‚Ép‚ğŒ»‚·‚àuTwitter‚ğ–ß‚¹v‚Æƒu[ƒCƒ“ƒO‚ªŠª‚«‹N‚±‚é–‘Ô‚É,https://news.yahoo.co.jp/articles/4e3c82cfd45e730f6d6ef48f7ec2b88644269004,8/29(‰Î) 13:08
ignjapan,–k•Ä‚Å‚Í‰f‰æwƒOƒ‰ƒ“ƒc[ƒŠƒXƒ‚x‚ªwƒo[ƒr[x‚ğ—}‚¦‚ÄT––‹»sû“ü‚ÌƒŒ[ƒX‚ğñˆÊ‚ÅƒtƒBƒjƒbƒVƒ…,https://news.yahoo.co.jp/articles/ae284bf1fa4f01a8ac82516b32af6380c88094a3,8/29(‰Î) 10:08
ignjapan,ÀÊ”ÅwONE PIECEx‚Åƒ]ƒ‚ğ‰‰‚¶‚éV“c^Œ•—C‚Ì‘¾“‚³‚Î‚«‚ÍB‰e‘O‚©‚çŠ®àø!?ƒLƒƒƒXƒg‚â§ìƒXƒ^ƒbƒt‚Ö‚ÌƒCƒ“ƒ^ƒrƒ…[‰f‘œ‚ªŒöŠJ,https://news.yahoo.co.jp/articles/ad080e1edf0f28aa341a598d091b321f0cadb451,8/29(‰Î) 10:08
ignjapan,wƒ}ƒgƒŠƒbƒNƒX ƒŒƒUƒŒƒNƒVƒ‡ƒ“ƒYx‚âwŠİ•Ó˜I”º ƒ‹[ƒ”ƒ‹‚Ös‚­x‚È‚Ç‚ª”zMI9Œ‚ÌAmazon Prime VideoƒRƒ“ƒeƒ“ƒc‚ª”­•\,https://news.yahoo.co.jp/articles/f22f95d2b98f1a79271ea75be43192285e490829,8/29(‰Î) 10:08
ignjapan,‰‘ãƒn[ƒŒƒCEƒNƒCƒ“‚Ìº—D‚Æ‚µ‚Ä’m‚ç‚ê‚éƒA[ƒŠ[ƒ“Eƒ\[ƒLƒ“‚ª€‹ ƒ}[ƒNEƒnƒ~ƒ‹‚âƒWƒF[ƒ€ƒYEƒKƒ“A‘½‚­‚Ìƒtƒ@ƒ“‚©‚ç‚¨‰÷‚â‚İ‚ÌŒ¾—t‚ª‚¨‚­‚ç‚ê‚½,https://news.yahoo.co.jp/articles/a7c958122a94f5a3ee7df0f24a2b24ea6d18c40f,8/29(‰Î) 9:08
ignjapan,wSoulframex‚æ‚èwELDEN RINGx‚ğv‚í‚¹‚é‚æ‚¤‚ÈƒQ[ƒ€ƒvƒŒƒC‰f‘œ‚ªŒöŠJ Digital Extremes‚É‚æ‚éŠî–{ƒvƒŒƒC–³—¿‚ÌVì,https://news.yahoo.co.jp/articles/9a55550e85407fff4d8ed6ab73482cb25c83e926,8/28(Œ) 19:08
ignjapan,Xbox 360–{‘Ì‚ÌƒXƒgƒA‚Æƒ}[ƒPƒbƒgƒvƒŒƒCƒX‚ÌƒTƒ|[ƒg‚ª2024”N7Œ29“ú‚ÉI—¹‚Ö w“ü‚µ‚½ƒRƒ“ƒeƒ“ƒc‚Í‚»‚êˆÈ~‚àDL‰Â”\,https://news.yahoo.co.jp/articles/8f20171f3c44fbe1859ab8cee4afdfc9ed5440f7,8/28(Œ) 17:08
ignjapan,wPhasmophobiax‚ÌƒRƒ“ƒ\[ƒ‹”ÅƒŠƒŠ[ƒX‚ª‰„Šú ŠJ”­Œ³‚Ì‚ ‚éƒIƒtƒBƒXƒrƒ‹‚Åu‰ÎĞ–Œv‚ª”­¶‚µ‚½‚±‚Æ‚É‚æ‚è,https://news.yahoo.co.jp/articles/edb5deadb74d39cf038c56697771b20dc5046c32,8/28(Œ) 16:08
ignjapan,PC”ÅwƒAƒoƒ^[Fƒtƒƒ“ƒeƒBƒAEƒIƒuEƒpƒ“ƒhƒ‰x‚ÍCPUg—p—¦‚âFPS‚ğ•\¦‚·‚éƒxƒ“ƒ`ƒ}[ƒNƒc[ƒ‹‚ğ“à‘  ‹@”\‚ğĞ‰î‚·‚éVƒgƒŒ[ƒ‰[‚ªŒöŠJ,https://news.yahoo.co.jp/articles/baad4f6757e7bd7ba93619243254a37d3d90be9f,8/28(Œ) 15:08
ignjapan,ˆÙ’[R–âŠ¯‚É‚È‚Á‚Ä’fß‚·‚éƒAƒNƒVƒ‡ƒ“ƒAƒhƒxƒ“ƒ`ƒƒ[wƒWEƒCƒ“ƒNƒCƒWƒ^[x‚ÌŠT—v‚ª‚í‚©‚éƒgƒŒ[ƒ‰[‚ªŒöŠJ ’²¸Aq–âAŒ•ŒƒAƒNƒVƒ‡ƒ“‚È‚Ç,https://news.yahoo.co.jp/articles/16715e30bfcd490018ddbbde7a3eda9b2189af4e,8/28(Œ) 15:08
ignjapan,ƒtƒ‹ƒ{ƒCƒX‚Ì“ú–{Œêƒ[ƒJƒ‰ƒCƒY‚É‘Î‰IwStarfieldx‚É“oê‚·‚éå—vƒLƒƒƒ‰ƒNƒ^[2l‚Ì’S“–º—D‚ª”­•\,https://news.yahoo.co.jp/articles/a4afbc5eb690483f0b0b4c96caf846095bbf76db,8/28(Œ) 15:08
ignjapan,ƒhƒ‰ƒ}wƒLƒƒƒVƒAƒ“EƒAƒ“ƒh[x‚Ì‹r–{‰ÆAƒXƒgƒ‰ƒCƒLQ‰ÁÒ‚ÉŒü‚¯‚ÄŒ€’†‚Ì–¼ƒZƒŠƒt‚ğˆø—p‚µ‚½ƒXƒs[ƒ`‚ğ”â˜I,https://news.yahoo.co.jp/articles/19e397d64d8741fcaf941fcf64c7960f5b573340,8/26(“y) 20:08
ignjapan,ƒhƒ‰ƒ}wTHE LAST OF USx‚ÌƒVƒ‡[ƒ‰ƒ“ƒi[A‹Ø‚Ì’Ê‚Á‚½‚à‚Ì‚Å‚ ‚ê‚ÎƒXƒsƒ“ƒIƒt§ì‚É‚à‘OŒü‚«‚¾‚Æ–¾‚©‚·,https://news.yahoo.co.jp/articles/1f495d454297d3fcbcde6615310b80e3d666e39b,8/26(“y) 20:08
ignjapan,wThe Elder Scrolls VIx‚Ì”­•\‚Í‘‚·‚¬‚½‚Ì‚Å‚Í‚È‚¢‚©H‚Æ‚¢‚¤‹^–â‚ÉƒxƒZƒXƒ_‚ÌƒgƒbƒhEƒnƒ[ƒh‚ª‰ñ“š,https://news.yahoo.co.jp/articles/3c813c6ab8a660bf33fc3a324867ae23be5012a9,8/26(“y) 18:08
ignjapan,‰f‰æw‘æ9’n‹æx‚Ì‘±•Ò‚ª§ì‚³‚ê‚é‚©‚Ç‚¤‚©‚Í‚í‚©‚ç‚È‚¢ ŠÄ“Â‚Ìƒj[ƒ‹Eƒuƒƒ€ƒJƒ“ƒv‚ª–¾‚©‚·,https://news.yahoo.co.jp/articles/064c212f3c382a6a12c99b0ff1057287b85bbfd3,8/26(“y) 17:08
ignjapan,wStarfieldx‚Ì“à—e‚ğƒŠ[ƒN‚µ‚½l•¨‚ª‘ß•ß ƒQ[ƒ€‚ğ“‚İ”Ì”„‚µ‚æ‚¤‚Æ‚µ‚Ä‚¢‚½,https://news.yahoo.co.jp/articles/bcfb153cf33bbde46bef84f90b6fa555590eb2e2,8/26(“y) 14:08
ignjapan,wStarfieldx‚ÍƒƒCƒ“ƒNƒGƒXƒg‚ğI‚¦‚é‚Ü‚Å‚Íu“®‚«o‚µ‚Ä‚·‚ç‚¢‚È‚¢v‚ÆƒxƒZƒXƒ_‚ÌŠ²•”‚ªŒê‚é,https://news.yahoo.co.jp/articles/017ba5d0d3ea043d133ae24ce50f0fce3db37994,8/26(“y) 12:08
ignjapan,ÀÊ”ÅwONE PIECEx‚æ‚èƒ‹ƒtƒB‚ğ‰‰‚¶‚é”o—D‚ª”ö“c‰hˆê˜Y‚Æ‰ï‚¤“®‰æ‚ªŒöŠJ ƒ‹ƒtƒB–ğ‚ÍuŒNˆÈŠO‚É‘z‘œ‚Å‚«‚È‚¢v‚È‚Çâ^‚³‚ê‚é,https://news.yahoo.co.jp/articles/52d89937900715b53100c35c562ee44ac1f87d2f,8/26(“y) 10:08
ignjapan,˜b‘è‚ÌRPGwBaldur's Gate 3xXbox Series X|S”Å‚à”N“àƒŠƒŠ[ƒX‚ÌŒ©’Ê‚µ ƒXƒ^ƒWƒI‚Ìƒgƒbƒv‚ª’m,https://news.yahoo.co.jp/articles/8447c3cc31fe05bb8c5cf4fa8eb9d58d32ed06b1,8/25(‹à) 22:08
ignjapan,‘ÎíƒpƒYƒ‹w–ğ‚Ã‚­‚èƒpƒYƒ‹@‚ä‚ß‚¢‚ëƒ†ƒ‰ƒ€x‚Ì‘ÌŒ±”Å‚ª”zM’† 8Œ31“ú‚Ü‚Å‚ÌŠúŠÔŒÀ’è‚ÅƒIƒ“ƒ‰ƒCƒ“‘Îí‚ª‚Å‚«‚é,https://news.yahoo.co.jp/articles/2515f4629ab5f0e8dc2b0463d40c24fbb9bd41ca,8/25(‹à) 19:08
ignjapan,ƒI[ƒvƒ“ƒ[ƒ‹ƒhFPSuS.T.A.L.K.E.R. 2v‚Ìƒoƒgƒ‹‚âƒTƒoƒCƒoƒ‹‚ª‚í‚©‚éƒQ[ƒ€ƒvƒŒƒCƒgƒŒ[ƒ‰[‚ªŒöŠJ ”­”„‚Í2024”NQ1‚É,https://news.yahoo.co.jp/articles/a08d8a017283e516fbc696a5b5fbf4940d90e3fa,8/25(‹à) 19:08
ignjapan,ƒNƒGƒ“ƒeƒBƒ“Eƒ^ƒ‰ƒ“ƒeƒB[ƒmŠÄ“Âƒfƒrƒ…[ìwƒŒƒUƒ{ƒAEƒhƒbƒOƒXx‚ÌÄã‰f‚ªŒˆ’è 2024”N1Œ‚ÉƒfƒWƒ^ƒ‹ƒŠƒ}ƒXƒ^[”Å‚Æ‚µ‚Ä‘S‘ŒöŠJ,https://news.yahoo.co.jp/articles/95dae8812680c78d2be22d7864ca82fcf73eb844,8/25(‹à) 18:08
ignjapan,uƒtƒ@ƒXƒg‰f‰æv‚Ì–³’f“ŠeAc‚é1l‚É‚à5‰­‰~‚Ì”…–½—ß “Œ‹’nÙ”»Œˆ,https://news.yahoo.co.jp/articles/72e714ac8570d8cd6d7b10a4195039235dd6e163,8/25(‹à) 18:08
ignjapan,LINE Pay‚ÅPS Storeƒ`ƒPƒbƒg‚ğw“ü‚·‚é‚Ææ’…1000–¼‚Éw“ü‹àŠz‚Ì10“‘Š“–‚ªŠÒŒ³‚³‚ê‚éƒLƒƒƒ“ƒy[ƒ“‚ªÀ{’†,https://news.yahoo.co.jp/articles/41f9a8ab0946dd2088118c6dac5ee8020c95cfd8,8/25(‹à) 17:08
ignjapan,wPokmon Sleepx‚ÆƒWƒFƒ‰[ƒgƒsƒP‚ªƒRƒ‰ƒ{ ƒVƒ“ƒvƒ‹‚ß‚ÈƒfƒUƒCƒ“‚Ìƒ‹[ƒ€ƒEƒFƒA‚â¬•¨—Ş‚È‚ÇƒRƒ‰ƒ{ƒAƒCƒeƒ€‘S47“_‚ª9Œ28“ú‚æ‚è”­”„,https://news.yahoo.co.jp/articles/3a42f76aaa0726c004dfad33aa3b78a67243d9aa,8/25(‹à) 17:08
ignjapan,uƒCƒRƒ‰ƒCƒU[vƒVƒŠ[ƒYŠÄ“ÂAƒIƒŠƒWƒ“ƒXƒg[ƒŠ[“à‚Åƒfƒ“ƒ[ƒ‹EƒƒVƒ“ƒgƒ“‚ğƒfƒWƒ^ƒ‹‹Zp‚Åá•Ô‚è‚³‚¹‚é‰Â”\«‚ÉŒ¾‹y,https://news.yahoo.co.jp/articles/da987352b49d9ee372efe15fc1dce8c26da00b9c,8/25(‹à) 17:08
ignjapan,uARMORED CORE VIv”­”„‚Åuƒ`ƒ…[ƒgƒŠƒAƒ‹‚ÌƒwƒŠv‚ªƒgƒŒƒ“ƒh“ü‚è ‰Œ©‚Å‚Í‚“ï“x‚Èƒ{ƒX‚ª˜b‘è‚É,https://news.yahoo.co.jp/articles/9ae210fd6a0918a445e87bb360dc1beafbc5def1,8/25(‹à) 17:08
ignjapan,wƒfƒ…[ƒ“ »‚Ì˜f¯PART2x‚Ì‘S•ÄŒöŠJ‚ª2024”N3Œ‚É‰„Šú ƒXƒgƒ‰ƒCƒL‚Ì‰e‹¿‚Å,https://news.yahoo.co.jp/articles/43d16447a8850385e500b22cc9bb613cc0cdca54,8/25(‹à) 14:08
ignjapan,wARMORED CORE VI FIRES OF RUBICONxd—l‚ÉƒJƒXƒ^ƒ€‚³‚ê‚½“Á•Ê‚ÈXbox–{‘Ì‚ª’Š‘I‚Å“–‚½‚éƒvƒŒƒ[ƒ“ƒgƒLƒƒƒ“ƒy[ƒ“‚ªÀ{’†,https://news.yahoo.co.jp/articles/d8bfea37447f016a417f30b10fd6ae25b79f2607,8/25(‹à) 14:08
ignjapan,ƒeƒB[ƒ“ƒGƒCƒWEƒ~ƒ…[ƒ^ƒ“ƒgEƒjƒ“ƒWƒƒEƒ^[ƒgƒ‹ƒY‚ªuƒnƒŠƒEƒbƒhƒXƒ^[‚ÌèŒ`v‚É’‡ŠÔ“ü‚èA®“T‚É“oê—\’è,https://news.yahoo.co.jp/articles/5c8a0cb9cb356ad9707ca49b208cd261a56466e8,8/25(‹à) 14:08
ignjapan,ÀÊ”ÅwONE PIECExƒVƒƒƒ“ƒNƒX‚âƒoƒM[‚È‚Ç‚Ì’Ç‰ÁƒLƒƒƒXƒg‚àƒAƒjƒ”Å‚Æ“¯‚¶º—Dw‚ÉŒˆ’èI‘Ö—\•Ò‚Ì‰f‘œ‚à‰ğ‹Ö,https://news.yahoo.co.jp/articles/a2f25bacffbdd90bafaf51b73c0ec342de9160fa,8/25(‹à) 13:08
ignjapan,wStarfieldx‚É‚Íuƒjƒ…[ƒQ[ƒ€{i‹­‚­‚Äƒjƒ…[ƒQ[ƒ€jv‚ªÀ‘•‚³‚ê‚é ƒgƒbƒhEƒnƒ[ƒh‚ª–¾Œ¾,https://news.yahoo.co.jp/articles/3e3782820498a1adb22dc861a1d6b95a82a4d98d,8/25(‹à) 9:08
ignjapan,uƒXƒ^[EƒEƒH[ƒYv‚ÌƒAƒ\[ƒJEƒ^ƒm‚ªwƒtƒH[ƒgƒiƒCƒgx‚É“oê ‰æ‘œ‚É‚³‚è‚°‚È‚­oŒ»,https://news.yahoo.co.jp/articles/b060555a6709ac9274e9dca463f3a2c2d6a612dc,8/25(‹à) 9:08
ignjapan,wƒXƒ^[EƒEƒH[ƒYFƒAƒ\[ƒJx‘æ1˜b‚ÅŒÌƒŒƒCEƒXƒeƒB[ƒ”ƒ“ƒ\ƒ“‚Ö‚Ì’Ç“‰ƒƒbƒZ[ƒW‚ª‚¨‚­‚ç‚ê‚½,https://news.yahoo.co.jp/articles/2ab53164b762c3f66ac24ec2cc94204672af3569,8/25(‹à) 9:08
ignjapan,ƒtƒBƒ‹EƒXƒyƒ“ƒT[AuCall of Dutyv‚Ù‚©Activision Blizzard‚ÌƒQ[ƒ€‚ğXbox Game Pass‚Å’ñ‹Ÿ‚·‚é‰Â”\«‚É‚Â‚¢‚ÄˆÓŒ©‚ğŒê‚é,https://news.yahoo.co.jp/articles/484bca753d11bf3df31cc641e44e34c634cc6f37,8/24(–Ø) 22:08
ignjapan,PS5—pƒŠƒ‚[ƒgƒvƒŒƒCê—p‹@uPlayStation Portal ƒŠƒ‚[ƒgƒvƒŒ[ƒ„[v‰¿Ši‚â‰t»‚È‚Ç‚ÌŠî–{ƒXƒyƒbƒN‚ª”­•\I,https://news.yahoo.co.jp/articles/4e8bd27e431e197ce75b6321f246b0b2c07425d9,8/24(–Ø) 19:08
