media_en,media_jp,title_articles,link_articles,date_original
tjmd,“ú–{ŠC–V•·,y‹LÒ‚Ì‹“_/¼‰º—D‰îz 100”Nˆ¤‚³‚ê‚éX‚ÉA“`à‚ÌŠC‰^ƒ}ƒ“‚ª‚Â‚È‚®°,https://news.yahoo.co.jp/articles/f9406008a2cfa405189dc496b968d41143afc90d,5/28(‰Î) 11:51
tjmd,“ú–{ŠC–V•·,¤‘DOˆäE“dŒ¹ŠJ”­AÎ’Y‘D‚É•——Í„i‘•’uB¢ŠE‰ Šù‘¶‘D‰ü‘¢‚Å,https://news.yahoo.co.jp/articles/e13c4f81ba05b3c1e4faea158357e299bd84281c,5/27(Œ) 12:04
tjmd,“ú–{ŠC–V•·,íÎ‘¢‘DA”OŠè‚Ì…‘…‚ğæ“¾BOˆä‘¢‘Dº“‡Œ¤‹†Š‚ğP‰º‚É,https://news.yahoo.co.jp/articles/5fdc64aebb2ce672cfc2cd8b66d352d68e4ed12b,5/24(‹à) 11:51
tjmd,“ú–{ŠC–V•·,y–{†ƒEƒFƒrƒi[z ¤‘DOˆäE‹´–{Ğ’·AuĞ‰ïƒCƒ“ƒtƒ‰Šé‹Æv‚ÖDNA•ÏŠv,https://news.yahoo.co.jp/articles/d1d87cc7b18644f432aa8113326c85ff95f78b56,5/24(‹à) 11:42
tjmd,“ú–{ŠC–V•·,ƒVƒbƒvEƒIƒuEƒUEƒCƒ„[2023‘åÜ‚É¢ŠEÅ‘å‹‰ƒRƒ“ƒeƒi‘DBNSYİŒvAŒàEŠÛ‹TŒš‘¢,https://news.yahoo.co.jp/articles/c037b61a085ff098b1b6b90a8fa69002ee2452aa,5/21(‰Î) 14:15
tjmd,“ú–{ŠC–V•·,y–fˆÕè‘±‚«‚ÆƒCƒ“ƒtƒ‰\‘¢‰üŠvz i132j NX‘‡Œ¤‹†ŠƒŠƒT[ƒ`ƒtƒFƒ[E“cãŠ²—YA`˜p‰^‰c‚Ì‹ß‘ã‰»:“ÇÒ‚ÌˆÓŒ©i2jA2024”N–â‘è ‡€ƒhƒƒbƒv&ƒvƒ‹‡Šˆ—p‚ğ,https://news.yahoo.co.jp/articles/d059db01eb347c1d97d4fb1e4e8a6794b4c46284,5/16(–Ø) 12:03
tjmd,“ú–{ŠC–V•·,“ú–{—X‘DAESG‚Ì”­MŠî’n‚ÉBX—ÑÄ¶u‚ä‚¤‚Ì‚à‚èvŠJŠ,https://news.yahoo.co.jp/articles/0168f3502ebd0fe6835f14f1d8a06d6487506975,5/15(…) 11:51
tjmd,“ú–{ŠC–V•·,ƒGƒo[ƒOƒŠ[ƒ“Aƒƒ^ƒm[ƒ‹•°‚«®”õB¬Œ^‘D‚à‘Û“üDB2400TEUŒ^6Ç”­’‚Ö,https://news.yahoo.co.jp/articles/3c1df50c37b034866b0ff4a1cedef3411a8dfbf2,5/15(…) 11:31
tjmd,“ú–{ŠC–V•·,“ú–{—X‘DAVƒrƒ‹’…HB‰¡à_ƒrƒ‹Õ’nA27”NvH,https://news.yahoo.co.jp/articles/6538a3c062411969382c1cb4e5ff81e1ede9b328,5/13(Œ) 11:51
tjmd,“ú–{ŠC–V•·,ƒ_ƒCƒ\[Aƒ}ƒŒ[ƒVƒA‚É‘åŒ^©“®‘qŒÉB27”N‰Ò“­ ƒAƒWƒA”z‘—‹’“_,https://news.yahoo.co.jp/articles/2d2d76833957e2dc54099b38955bb139d3ec3477,5/13(Œ) 11:40
tjmd,“ú–{ŠC–V•·,‹ßŠC—X‘DAƒRƒ“ƒeƒi‘D‘åŒ^‰»B150¨400TEUŒ^Aƒ‚[ƒ_ƒ‹ƒVƒtƒgù—v‹–ì,https://news.yahoo.co.jp/articles/725d4b65b08695abc52e29059ff30639f54f045d,5/10(‹à) 11:52
tjmd,“ú–{ŠC–V•·,ƒtƒWƒgƒ‰ƒ“ƒXAV‘¢RORO‘D‚ªAqB­™“‡E‰«“êq˜H‚É,https://news.yahoo.co.jp/articles/2abfbf5d7fbd8b80dfe3f8edd2054933cafcff77,5/8(…) 11:50
tjmd,“ú–{ŠC–V•·,EFIA•ßŒ~•ê‘D‚ÉƒŠ[ƒtƒ@[ƒRƒ“ƒeƒiB—â“€•ÛŠÇE”z‘—,https://news.yahoo.co.jp/articles/0605ef2d704ba36ae8620347c191fce79fd02049,5/8(…) 11:41
tjmd,“ú–{ŠC–V•·,©“®Ô‘DĞA‰¢B‚ÅÄ•Ò‚Ì’›‚µB’†‘¨‘ä“ª Œ_‹@‚É,https://news.yahoo.co.jp/articles/2ea32157054029acf98b620dd03cbd175e23f22f,5/7(‰Î) 11:40
tjmd,“ú–{ŠC–V•·,“Ï¬–q`AƒAƒ“ƒ‚ƒjƒASC\’z‚ÖB6Ğ‚ÅŒŸ“¢ŠJn,https://news.yahoo.co.jp/articles/99f0ae92a818e6296791720f61d1e03cd9cf11f0,4/30(‰Î) 11:51
tjmd,“ú–{ŠC–V•·,ƒpƒ[ƒGƒbƒNƒXA‰¡•l`“à‚É“d—Í‹’“_BsE“Œ“d 3ÒŠo‘A“d‹C‰^”À‘D6Ç“Š“ü‚Ö,https://news.yahoo.co.jp/articles/52f93a35bbd3303b7c51fe3d4a76391a03a248d6,4/26(‹à) 11:50
tjmd,“ú–{ŠC–V•·,•x’Ã‰Î—ÍA’ÊZ4000Ç–Ú‚ÌLNG‘Du‰“BŠÛv‚ğó‚¯“ü‚ê ˆÀ‘SEˆÀ’è‹Ÿ‹‹‚Ì‘b‚ğ’z‚­,https://news.yahoo.co.jp/articles/a1c23b7d5bd1e5a4a2a91d0f25954f7ba29d913c,4/24(…) 11:53
tjmd,“ú–{ŠC–V•·,y2024”N–â‘è@’n•û`‚ğl‚¦‚éz,https://news.yahoo.co.jp/articles/692228c2ec86493d2b0b7a1280fea5eb70426915,4/23(‰Î) 11:43
tjmd,“ú–{ŠC–V•·,•Äƒ|[ƒgƒ‰ƒ“ƒh`A10Œ‚ÅƒRƒ“ƒeƒiæ‚èˆµ‚¢I—¹BŠñ`Œ¸­‚Å‘¹¸Šg‘åAŠ®¬Ô‚È‚Ç‚ÉW’†,https://news.yahoo.co.jp/articles/e21b83cb96fda02c5a056fa1c6eac465ff3f7dee,4/22(Œ) 11:51
tjmd,“ú–{ŠC–V•·,u‚İ‚È‚Æ‚Ì‚¢‚¿‚É‚¿@ƒRƒ“ƒeƒi‚­‚ñ‚Ì‚½‚Ñv’Jì‰Ä÷ìB`‚Ì¢ŠEA’š”J‚É•`‚­,https://news.yahoo.co.jp/articles/dbdcb87f089885e40efaa27799939c780ad9f731,4/22(Œ) 11:31
tjmd,“ú–{ŠC–V•·,ˆä–{¤‰^EMarindowsAŸ¢‘ãEV‘DŒš‘¢B‰‚ÌŒğŠ·®ƒRƒ“ƒeƒi“d’rBŠ®‘Sƒ[ƒƒGƒ~‚Ö,https://news.yahoo.co.jp/articles/d77515cf3ed5f215227e9980369b83b37a92e7eb,4/19(‹à) 11:50
tjmd,“ú–{ŠC–V•·,yƒ{ƒ‹ƒeƒBƒ‚ƒA`–ŒÌz ‘DåA‹¤“¯ŠC‘¹éŒ¾‚©BMSC‚ªŒÚ‹q‚Éà–¾,https://news.yahoo.co.jp/articles/30cd88633303110366981337e2df5056ed09421c,4/18(–Ø) 12:19
tjmd,“ú–{ŠC–V•·,“ú’ÊAŒF–{‚Ì”¼“±‘Ì‘qŒÉ‚ª‰Ò“­BTSMCVHêE‹ó`‚©‚çŠ‹ß,https://news.yahoo.co.jp/articles/4f9e6ae0bee03d430f9b8740d892d9ba7fc27ea4,4/18(–Ø) 10:30
tjmd,“ú–{ŠC–V•·,Œü“‡ƒhƒbƒNE“ŒKŠC‰^AuC‘U‚ÌŒ»êv‚É”½‹¿BƒRƒ‰ƒ{‚Åƒ^ƒ“ƒJ[Œ©Šw‰ï,https://news.yahoo.co.jp/articles/eab89b847738550c322407c05beb411c7b3d9ce0,4/17(…) 12:40
tjmd,“ú–{ŠC–V•·,ANAA’n•û‹ó`‚É‰İ•¨ê—p‹@B‘åŒ^‹@‚Å‘•’uæ‚è‚İ,https://news.yahoo.co.jp/articles/825a1079dabefbfdc65d7f1e11c314ceab154e3b,4/17(…) 11:51
tjmd,“ú–{ŠC–V•·,ƒAƒ‰ƒCƒAƒ“ƒXÄ•ÒA“ú–{Šñ`Œ¸­‚É’ˆÓB‘ñ‘åE¼“c‹³öAŠÖ¼•¨—¬“W‚Åu‰‰,https://news.yahoo.co.jp/articles/44c17411e2a2585c11a731dc5bc1abc7edcf0604,4/16(‰Î) 11:50
tjmd,“ú–{ŠC–V•·,R—zƒIƒCƒ‹A‘n‹Æ’nEØ‹ø‚ÌŠC‚ğÄ¶B‹›ÊE‘”ê‚ğİ’u,https://news.yahoo.co.jp/articles/558ac26009b3554fe0366b928a6b7c8d74cab168,4/16(‰Î) 11:50
tjmd,“ú–{ŠC–V•·,“ú–{5Ğ˜A‡EMANAƒAƒ“ƒ‚ƒjƒA•°‚«‹¤“¯ŠJ”­BƒP[ƒvƒTƒCƒYƒoƒ‹ƒJ[‚É@NSYŒš‘¢Aì‹DENS‰^q,https://news.yahoo.co.jp/articles/d49f98b3ec6faf248b07045ba2ecaecea262af08,4/12(‹à) 11:51
tjmd,“ú–{ŠC–V•·,¤‘DOˆäGALNG•°‚«ƒtƒFƒŠ[i…Bu‚³‚ñ‚Ó‚ç‚í‚  ‚©‚Ş‚¢vA‘åô\“Ï¬–q“Š“ü,https://news.yahoo.co.jp/articles/0146ee4b0f47044468e24668054c4b740c3872a2,4/12(‹à) 11:00
tjmd,“ú–{ŠC–V•·,“ú–{‘¢‘DŠAƒoƒ‹ƒJ[ó’‘D‰¿1Š„‚B27”N‘D‘ä•N”—A‘S‘DŒ^’lã‚°B’†‘åŒ^‘D‚¯‚ñˆø,https://news.yahoo.co.jp/articles/57dcb0bec9b0baa2d8d4f3e02b43a020b037615c,4/10(…) 11:50
tjmd,“ú–{ŠC–V•·,yƒ\[ƒVƒƒƒ‹EƒCƒmƒx[ƒVƒ‡ƒ“@“ú–{à’c‚Ì’§íz i129jŠC—m–‹Æ•”ŠC—m‘D”•ƒ`[ƒ€@ŒÃ’J—I^BŠCã—A‘—‚É‚æ‚é”íĞ’nx‰‡ARORO‘D‚Å’¼Ú•¨‘—A‘—,https://news.yahoo.co.jp/articles/94d3327d991c1314e931487d6a73a3968673b18f,4/10(…) 11:41
tjmd,“ú–{ŠC–V•·,24”NuŠC‚Ì“úvƒ|ƒXƒ^[ƒRƒ“ƒN[ƒ‹A‘åÜ‚É‹g‰ª‚³‚ñB–é‚ÌŠC‚Éƒƒ}ƒ“Š´‚¶‚éì•i,https://news.yahoo.co.jp/articles/a0d94309827a428f2fdfae3d475d4fa33077065a,4/8(Œ) 11:51
tjmd,“ú–{ŠC–V•·,“ú–{ƒgƒŒƒNƒXAƒgƒŒ[ƒ‰[“Á‰»ƒhƒ‰ƒCƒrƒ“ƒOƒXƒN[ƒ‹ŠJZBu2024”N–â‘èv‰ğŒˆ‚Ö,https://news.yahoo.co.jp/articles/692c8f08dd4bb7e0d491188d25bcf843f01fa9ea,4/3(…) 11:52
tjmd,“ú–{ŠC–V•·,ˆ®—m‘¢‘DA•ßŒ~•ê‘D‚ªvHB‹¤“¯‘D”•Œü‚¯A“ú–{‚Å73”N‚Ô‚èV‘¢,https://news.yahoo.co.jp/articles/6d766c3ade4c7637b3e11757de43d01ad0f9cb2a,4/2(‰Î) 11:50
tjmd,“ú–{ŠC–V•·,yƒCƒ“ƒ^ƒrƒ…[@‘D”•”R—¿“]Š·z ¤‘DOˆä@·s–ğˆõEîà‹´˜aOA”R—¿GX–‹Æ•”’·E½’J’õˆêB2030”N‘ã ƒAƒ“ƒ‚ƒjƒA‘å@‚É,https://news.yahoo.co.jp/articles/d3037aff1398b449a32d36f2ec08e7fbbc1c2750,3/29(‹à) 11:41
tjmd,“ú–{ŠC–V•·,•Äƒ{ƒ‹ƒeƒBƒ‚ƒA`˜A—‹´•ö— uDALIv‘DŠÇƒVƒiƒW[ƒ}ƒŠƒ“A–ŒÌ‘Îô ‹Ù‹}ƒ`[ƒ€•Ò¬BuŒ´ˆö‚Í’²¸’†v,https://news.yahoo.co.jp/articles/92c622d50f866b11e1d02ed5e852cb6aed4a4515,3/28(–Ø) 9:58
tjmd,“ú–{ŠC–V•·,ƒ}[ƒXƒN‘D‚ªÕ“ËB•Äƒ{ƒ‹ƒeƒBƒ‚ƒA`A˜A—‹´•ö—BSC¬—‚à,https://news.yahoo.co.jp/articles/ea1dc304974b599892e85185f997e72a51d2635f,3/27(…) 18:40
tjmd,“ú–{ŠC–V•·,¤‘DOˆä“àqEˆ®ƒ^ƒ“ƒJ[EƒCƒR[ƒYA“àqƒAƒ“ƒ‚ƒjƒA‘DŒ¤‹†B1–œ—§•ûƒ[ƒgƒ‹‹‰A28\29”N“±“ü‚ß‚´‚·,https://news.yahoo.co.jp/articles/af5134d69cb38a60efbf24a3e2f0ab983471b903,3/25(Œ) 11:51
tjmd,“ú–{ŠC–V•·,d–‚ÌƒƒNƒƒN‚ğPRA“®‰æu–`Œ¯!“àq‘D!v‚ğŒöŠJ@“ú–{“àqŠC‰^‘g‡‘˜A‡‰ï,https://news.yahoo.co.jp/articles/88d7c02618ff3c1a16baa88c9d70fdd27b2ee4bf,3/19(‰Î) 11:50
tjmd,“ú–{ŠC–V•·,ƒEƒ‹ƒgƒ‰ƒoƒ‹ƒNA“ú–{‘Då‚ÆV‘¢—p‘D15ÇB“ú–{–@l”­‘«A‰İ•¨‰c‹Æ‚ğ‹­‰»,https://news.yahoo.co.jp/articles/edff1726f6295d38dea015d24992a6baa921e060,3/15(‹à) 11:41
tjmd,“ú–{ŠC–V•·,ƒŠ[ƒtƒ@[ƒvƒ‰ƒOA®”õ‘£i‚Ö‘‚Ìx‰‡‚ğBƒ†ƒjƒbƒgƒ[ƒhŒŸ“¢‰ïA‹ZpŠJ”­EŒŸØ‚à,https://news.yahoo.co.jp/articles/c2524e5312f43a2a2bd21a4b2c50aa023079c52d,3/15(‹à) 10:32
tjmd,“ú–{ŠC–V•·,ƒpƒiƒ}‰^‰ÍA’Êq˜g24‚©‚ç27‚ÉA’iŠK“I‚É§ŒÀŠÉ˜a,https://news.yahoo.co.jp/articles/bdb5c92991e8a547bec4da7503c84a6f5b8154e7,3/14(–Ø) 9:48
tjmd,“ú–{ŠC–V•·,íÎƒOƒ‹[ƒvA23”N¤‘Dó’62ÇBè‚¿u27”N––‚Ü‚Åv‚ß‚Ç,https://news.yahoo.co.jp/articles/e3b5ebc4a52fcd13b3987196789a7478944edb27,3/13(…) 11:01
tjmd,“ú–{ŠC–V•·,ƒCƒ“ƒtƒ‰x‚¦‚é—«‚½‚¿B¤‘DOˆä‚ª‘Û—«ƒf[ƒCƒxƒ“ƒg,https://news.yahoo.co.jp/articles/3e3061d771a4e1bdf70e874b25d0be76b260770b,3/12(‰Î) 11:51
tjmd,“ú–{ŠC–V•·,ygŠCEƒAƒfƒ“˜pz ¤‘DUŒ‚A‘Dˆõ3l€–SB‰‚Ì‹]µÒ,https://news.yahoo.co.jp/articles/81934d89aa536ba7baa2ae04ca39f61fbea86711,3/8(‹à) 12:10
tjmd,“ú–{ŠC–V•·,ƒR[ƒEƒ“Eƒ}ƒŠƒ“A‘Dˆõ‚Ì’è’…—¦Œüã‚ÖB“Æ©ƒ[ƒeEŒÅ’è”zæAud—v‚ÈŒo‰c‘Œ¹v,https://news.yahoo.co.jp/articles/00d9f4354ffcfa1a52e501f9383e38cdeaf0bbae,3/5(‰Î) 13:51
tjmd,“ú–{ŠC–V•·,y–{†ƒEƒFƒrƒi[z u‘ã‘Ö”R—¿‘D‚Ì‘Dˆõˆç¬vA“ú–{ŠC–‹¦‰ïEÖ“¡‚ª‰ğàB‘S‘ã‘Ö”R—¿‘Î‰‚Ì•ïŠ‡ŒP—û‚ğ,https://news.yahoo.co.jp/articles/333d4cbe5606d9765cadc47cdf90851bb25ae716,2/29(–Ø) 11:18
tjmd,“ú–{ŠC–V•·,OŒõ‹D‘DAŠC‰^‹Æ90”N‚Ì—ğj‚É–‹BŒã”CŠm•ÛEV‹K“Š‘ “ï‚µ‚­,https://news.yahoo.co.jp/articles/d3942d2c286ba1ce0ed8888614619a2401d465d7,2/26(Œ) 11:51
tjmd,“ú–{ŠC–V•·,yƒCƒ“ƒ^ƒrƒ…[zƒ}ƒ‰ƒbƒJŠC‹¬‹¦‹c‰ï‰ï’·E’r“cˆê˜YAƒ}ƒ‰ƒbƒJEƒVƒ“ƒKƒ|[ƒ‹ŠC‹¬‚ÌqsˆÀ‘S‚ğx‚¦‚é“ú–{‚Ìæ‚è‘g‚İ,https://news.yahoo.co.jp/articles/0e63372992723444084052719c2fdf2169cd4156,2/22(–Ø) 10:52
tjmd,“ú–{ŠC–V•·,¤‘DOˆäA”ä‘¤‘D‘å1Šú¶‘²‹ÆB‹´–{Ğ’·AuV‚½‚È“¹ Ø‚èŠJ‚­v,https://news.yahoo.co.jp/articles/03400b7e470b2eb7f108b1f22ccc723e30ac245f,2/21(…) 10:10
tjmd,“ú–{ŠC–V•·,Zd V‘¢‘D“P‘ŞA‹Œu‘¢‘D‘åèv“]Š·ŠúBñ“sŒ—ƒ„[ƒh‚Ü‚½Á‚¦‚é,https://news.yahoo.co.jp/articles/58439bf7cad2b1fdefd2dcb0d3ec9fb41578fbda,2/16(‹à) 11:40
tjmd,“ú–{ŠC–V•·,Z—Fd‹@ŠBH‹ÆAV‘¢‘D–‹Æ‚©‚ç“P‘ŞB‰¡{‰ê‚Å—mã•‚‘Ì»‘¢,https://news.yahoo.co.jp/articles/dcf69abdb4df0a89bf44d9d46aac850fea327f21,2/14(…) 20:02
tjmd,“ú–{ŠC–V•·,OˆäE&SA`˜p‰×–ğ‹@Ší‚Å‘åŒ^ó’Bƒ}ƒŒ[ƒVƒAŒü‚¯,https://news.yahoo.co.jp/articles/4829effed08b3872805cad1d73709e976e5360c7,2/14(…) 11:50
tjmd,“ú–{ŠC–V•·,•¨Œø–@‰ü³ˆÄAŠt‹cŒˆ’èB‰×‘Ò‚¿’ZkA‘åè‚É‹`–±B”±‹àÅ‚100–œ‰~,https://news.yahoo.co.jp/articles/df3a1ad85e52408755202f4c65a1765dfe3a4fb6,2/14(…) 11:41
tjmd,“ú–{ŠC–V•·,´…`A1.4–œTEUŒ^‘Dó‚¯“ü‚ê‚ÖB‘åŒ^‰»‚É‘Î‰,https://news.yahoo.co.jp/articles/a06a2a985afc7d113343fcbc539af66f8ef32e24,2/8(–Ø) 10:40
tjmd,“ú–{ŠC–V•·,¤‘DOˆä‚³‚ñ‚Ó‚ç‚í‚ A’·‹——£ƒtƒFƒŠ[‚Å‰q¯ƒuƒ[ƒhƒoƒ“ƒhƒT[ƒrƒXuStarlink Businessvƒgƒ‰ƒCƒAƒ‹ŠJn,https://news.yahoo.co.jp/articles/fcfea7cf5ffc3ca4695fe91361f20027f7c82313,2/7(…) 11:14
tjmd,“ú–{ŠC–V•·,¤‘DOˆäAĞŠQx‰‡‚ÉwWOTA BOX+‰®ŠOƒVƒƒƒ[ƒLƒbƒgx@”\“o”¼“‡’nk,https://news.yahoo.co.jp/articles/dbc330ade18adf080a1801d6bb453597d1e4bbe5,1/29(Œ) 11:51
tjmd,“ú–{ŠC–V•·,©“®Ô‘DA‰ß‹Å‚’l11.5–œƒhƒ‹BgŠC‰I‰ñA‚È‚¨ã¸‚à,https://news.yahoo.co.jp/articles/54d2a6e870d9063b10b7f718f64e1e0f7845a24b,1/26(‹à) 11:51
tjmd,“ú–{ŠC–V•·,ygŠCEƒAƒfƒ“˜pz “ú–{—X‘DE¤‘DOˆäEìè‹D‘DA‘S‰^q‘D‚Ì’Êq’â~BŒv2000Ç,https://news.yahoo.co.jp/articles/593d73f1c3414351fe59540db78c8e446248145e,1/18(–Ø) 11:31
tjmd,“ú–{ŠC–V•·,ŠC‰^‹ÆŠE‚Ìx‰‡–{Ši‰»B“Œƒ\[ƒOƒ‹[ƒvA“Áêƒ^ƒ“ƒN‘D‚Å‹~‰‡•¨‘—A‘—,https://news.yahoo.co.jp/articles/4404f60ec810f7267e07c9e5b19fdbad6a7e7cc8,1/15(Œ) 11:51
tjmd,“ú–{ŠC–V•·,”ö“¹‘¢‘DAMRŒ^3Çó’B‘D‰¿‰ñ•œ‚Åû‰v«‰ü‘PB5”N‚Ô‚èŒš‘¢ÄŠJ,https://news.yahoo.co.jp/articles/c873129d415d9d51fe0d296b8a75af066ce0e903,1/11(–Ø) 11:52
tjmd,“ú–{ŠC–V•·,‘¢‘DE“S|‚ÌŒğÂŒˆ’…AŒú”Â2–œ‰~’lã‚°B“ú–{‚Æ’†ŠØA‰¿Ši·Šg‘åBÄ‚ÑÅ‚’lŒ—‚É,https://news.yahoo.co.jp/articles/8debcd2deeb99bbcee3b6195839b38b37df05ff9,1/10(…) 11:52
tjmd,“ú–{ŠC–V•·,gŠCƒ‹[ƒgA”N1–œ7000Ç’ÊqB©“®Ô‘DEƒ^ƒ“ƒJ[‚É‚à‰e‹¿B¢ŠE‚ÌŠC‰^Š”‚à‘±L,https://news.yahoo.co.jp/articles/0adf6e39d4d8aee2795670be0d7900e0c4c3a71d,2023/12/22(‹à) 12:00
tjmd,“ú–{ŠC–V•·,íÎ‘¢‘DA“ŒƒeƒBƒ‚[ƒ‹‚ÉVHêBŒŸ“¢‚É–{˜BŠCŠO‹’“_Šg‘å‚Ö,https://news.yahoo.co.jp/articles/f2f27871588f31eb79f4814ab02bd2bb84f30d2b,2023/12/21(–Ø) 11:32
tjmd,“ú–{ŠC–V•·,•Ä‘–hÈAgŠC‚Ì¤‘D•ÛŒì‚ÖVìíu”É‰h‚ÌçŒìÒvBƒt[ƒVUŒ‚Œƒ‰»‚Å,https://news.yahoo.co.jp/articles/3919640825dc1a2df970fa29339b3f9f2be69540,2023/12/20(…) 12:01
tjmd,“ú–{ŠC–V•·,JMUAV‘¢‘Dó’30Ç‹K–ÍB¡ŠúB‘D‰¿‰ü‘PA4500‰­‰~’´,https://news.yahoo.co.jp/articles/63806e8a465f1c39e30ba912023e3f6962b199c2,2023/12/13(…) 12:30
tjmd,“ú–{ŠC–V•·,ƒ}[ƒXƒNA1.6–œTEUƒƒ^ƒm[ƒ‹”R—¿‘DBƒAƒWƒA\‰¢Bq˜H‚É“Š“ü‚Ö,https://news.yahoo.co.jp/articles/49fc0243aebab3fcd0483ddf2916f3b96ddcb508,2023/12/11(Œ) 11:52
