media_en,media_jp,title_articles,link_articles,date_original
dtohoku,ƒf[ƒŠ[“Œ–kV•·Ğ,“ú–{Kšªéx•”‚Ì—Íì‚¸‚ç‚è@”ªŒËEÊ‰Ø‘“¹“W,https://news.yahoo.co.jp/articles/877df208c1d72d6d157b468a58ae4af7e25b29ed,8/13(‰Î) 10:30
dtohoku,ƒf[ƒŠ[“Œ–kV•·Ğ,ˆÀ‘SˆÀS‚È‹‹H’ñ‹Ÿ‚Å•¶‰È‘åb•\²@”ªŒËE‹j[–ì¬‚Ì‹{“à‰h—{‹³—@,https://news.yahoo.co.jp/articles/8f0478a33866515f611ea84c321d1227883a4595,8/13(‰Î) 10:20
dtohoku,ƒf[ƒŠ[“Œ–kV•·Ğ,–Ø–Ú‚Ì”ü‚µ‚³‚â‚è‚Ée‚µ‚ñ‚Å@”ªŒËsAŒ§YƒqƒoŞÏ‚İ–Ø‚Ì”z•tŠJn,https://news.yahoo.co.jp/articles/0010bb379deae6f9219c25a98ad96769b5ce15ee,8/12(Œ) 10:40
dtohoku,ƒf[ƒŠ[“Œ–kV•·Ğ,l‚àƒyƒbƒg‚à‹x‚ß‚éê‚É@“¹‚Ì‰w‚µ‚¿‚Ì‚ÖAƒ~ƒjƒhƒbƒOƒ‰ƒ“ŠJİ,https://news.yahoo.co.jp/articles/0ec357e3b06592558e025889aa1ea00c08a2cc1b,8/12(Œ) 10:30
dtohoku,ƒf[ƒŠ[“Œ–kV•·Ğ,‰J‚É•‰‚¯‚¸l”nˆê‘Ì@‘S‘ƒXƒ|[ƒc—¬“L”n”ªŒË‘å‰ï,https://news.yahoo.co.jp/articles/8541d3ae88dc31056dd3c7b769b3870bac57fb01,8/12(Œ) 9:50
dtohoku,ƒf[ƒŠ[“Œ–kV•·Ğ,S’n—Ç‚¢’ª•——‚Ñ‚È‚ª‚çu1A2A3Iv@”ªŒË‚Å13”N‚Ô‚è‰ÄŠú„‰ñƒ‰ƒWƒI‘Ì‘€,https://news.yahoo.co.jp/articles/5b5d6bd422362f71a0276c1a2dddd663fd6f560d,8/11(“ú) 10:10
dtohoku,ƒf[ƒŠ[“Œ–kV•·Ğ,“Æ‘n“I‚È”ª”¦”n‚¸‚ç‚è@Œ§“àƒNƒŠƒG[ƒ^[‚ª§ì@”ªŒËÊ‰æ“°A18“ú‚Ü‚Å,https://news.yahoo.co.jp/articles/babe4d46831bc7a4147d6a30040dec5133037d1a,8/11(“ú) 9:50
dtohoku,ƒf[ƒŠ[“Œ–kV•·Ğ,‰ïê‚ğÎ‚¢‚Ì‰Q‚É@‚ª‚ñ“¬•aAŒ’N‚Ì‘åØ‚³‚à@R“c–Mq‚³‚ñA‚¨‚¢‚ç‚¹‚Åu‰‰,https://news.yahoo.co.jp/articles/2205810f2f26db0eec44465a31c794f649c09041,8/11(“ú) 9:30
dtohoku,ƒf[ƒŠ[“Œ–kV•·Ğ,‹vX‚ÌÄ‰ïAÎŠç‚ÅoŒ}‚¦@”ªŒË‰wA‹AÈƒ‰ƒbƒVƒ…,https://news.yahoo.co.jp/articles/8ae818423bcd4ec80954a3d72caf0fc9b2201592,8/10(“y) 20:53
dtohoku,ƒf[ƒŠ[“Œ–kV•·Ğ,ƒpƒ‰_“¹ƒR[ƒ`”¨R‚³‚ñiO‘òogjAƒpƒŠ‘Ñ“¯@s’·‚ÉˆÓ‹C‚İ,https://news.yahoo.co.jp/articles/665885549afdb4421d2b3219396866dc5ba93de7,8/10(“y) 10:50
dtohoku,ƒf[ƒŠ[“Œ–kV•·Ğ,V‹½‘º“ÁYu‹½‚Ì‚«‚İvûŠnÅ·Šú@‹­‚¢ŠÃ–¡‚ª“Á’¥,https://news.yahoo.co.jp/articles/1c2bcdf28de1b83d48f1cae5124d397829c0acbb,8/10(“y) 10:50
dtohoku,ƒf[ƒŠ[“Œ–kV•·Ğ,r’J‚³‚ñi–ì•Ó’n¬j“ºƒƒ_ƒ‹^‘S‘­”N­—ƒŒƒXƒŠƒ“ƒO,https://news.yahoo.co.jp/articles/2ef1976422255a6746637311b4cb946ffbf51c40,8/10(“y) 10:40
dtohoku,ƒf[ƒŠ[“Œ–kV•·Ğ,ŒÂ«‚ ‚Ó‚ê‚é–¡‚ÅŸ•‰@u‚·‚¬‚â‚Üvi‰¡•l’¬j‚ÌRŒû‚³‚ñAƒAƒCƒX¤•i‰»,https://news.yahoo.co.jp/articles/048e019c4cc10f62334166715b56fb9ab731de20,8/10(“y) 10:30
dtohoku,ƒf[ƒŠ[“Œ–kV•·Ğ,ƒ{ƒ‰ƒ“ƒeƒBƒAAŠé‰æ‰^‰c•â•c@OŒË‚¶A’nŒ³ƒCƒxƒ“ƒg‚ÅŠˆ–ô,https://news.yahoo.co.jp/articles/1e70816de4ef5c613a603945ff8f86101d724b83,8/10(“y) 10:20
dtohoku,ƒf[ƒŠ[“Œ–kV•·Ğ,u3Š¥–Úw‚·vƒuƒŒƒCƒYŠÄ“Â‚ç”ªŒËs’·‚ÉŒ’“¬¾‚¤,https://news.yahoo.co.jp/articles/34224bfaf14a22bba13470ff96e1ef1dd4f7c5b7,8/9(‹à) 10:10
dtohoku,ƒf[ƒŠ[“Œ–kV•·Ğ,”ªŒËs—§}‘ŠÙ@5ƒJŒ‚Ô‚è‚ÉÄŠJ@‘Ò‚¿‚í‚Ñ‚½s–¯A‘±X‚Æ,https://news.yahoo.co.jp/articles/7a6b902329f624de621b9b5cb50ea717ffac7587,8/9(‹à) 9:50
dtohoku,ƒf[ƒŠ[“Œ–kV•·Ğ,ÂXŒ§“àŠe’n‚Ì•—Œi‰æ‚È‚Ç13“_@“y“cŒ¤“ñ‚³‚ñ…Ê‰æ“WA30“ú‚Ü‚Å,https://news.yahoo.co.jp/articles/b6de367e0fef8270a5dd95998e0f7b0f1d26e051,8/8(–Ø) 11:02
dtohoku,ƒf[ƒŠ[“Œ–kV•·Ğ,Šé‰æ“Wu–ì—Ç‚É‚È‚év“üêÒ3–œl’B¬@\˜a“cŒ»”ü,https://news.yahoo.co.jp/articles/e73870875a6d2c40947b319c14057eca8d9cbaee,8/8(–Ø) 10:30
dtohoku,ƒf[ƒŠ[“Œ–kV•·Ğ,¬”NIHu‚Ó‚é‚³‚Æ‘IèvƒuƒŒƒCƒY‚Ì—ûK‚ÉQ‰Á@26”N‘ƒXƒ|A‹£‹Z—ÍŒüã‚Ö,https://news.yahoo.co.jp/articles/24c6d45b396a9fa753572a5ded9cd6128aa85002,8/8(–Ø) 9:50
dtohoku,ƒf[ƒŠ[“Œ–kV•·Ğ,OŒË‚ÅƒNƒ}1“ª•ßŠlAEˆ•ª,https://news.yahoo.co.jp/articles/46f665e6c592ad060e53a1414f902cd71a95e4ba,8/8(–Ø) 9:30
dtohoku,ƒf[ƒŠ[“Œ–kV•·Ğ,L‘òˆÀ”C‚Ìl¶Aâµ‚â‰Ì‚Å•\Œ»@O‘òu‚¨‚±‚Æ‹³ºv‰‰‘t‰ï,https://news.yahoo.co.jp/articles/4e486e9fc87528932d53ea4792588aa552ea5a9a,8/7(…) 10:30
dtohoku,ƒf[ƒŠ[“Œ–kV•·Ğ,İ”ª’¬“à‰ïA‹P‚­3”N˜A‘±GP@“ñŒËE‰Ô’dƒRƒ“ƒN[ƒ‹,https://news.yahoo.co.jp/articles/122973ac15ceafd8f6e90401863c5596a2c52440,8/7(…) 10:20
dtohoku,ƒf[ƒŠ[“Œ–kV•·Ğ,“Ø”MAÂXŒ§“à‚Å‰Šm”F@ŠKã‚Ì–ì¶ƒCƒmƒVƒVŠ´õ,https://news.yahoo.co.jp/articles/00c49d1da02e258ae9f01bf54bfda5f622fd92bb,8/6(‰Î) 20:46
dtohoku,ƒf[ƒŠ[“Œ–kV•·Ğ,’nŒ³‚ÅÌ‚ê‚½–ìØ‚Å‚¨•Ù“–‚Ã‚­‚è@u‚ë‚­‚Ì‚Ö‚±‚Ç‚àƒNƒbƒLƒ“ƒOv‰ŠJÃ,https://news.yahoo.co.jp/articles/e7a10d2b1be3a835728d4a25e952ee9ab5789ef1,8/6(‰Î) 10:40
dtohoku,ƒf[ƒŠ[“Œ–kV•·Ğ,ˆÉ‹óŒR‹@‚ªO‘ò“’…@6“ú‚©‚ç‹ó©‚Æ‹¤“¯ŒP—û,https://news.yahoo.co.jp/articles/b86ee8dd83bdf4fdd0f318429e2024426ed38a1e,8/6(‰Î) 10:10
dtohoku,ƒf[ƒŠ[“Œ–kV•·Ğ,—Ñ‰Æƒy[‚³‚ñ‚ç‚Ìƒg[ƒN‚É”šÎ‚Ì‰Q@”ªH‘å¶‚ªŠé‰æAŠKã‚Å—Œê‰ï,https://news.yahoo.co.jp/articles/9ed12fb77b3030e7a12891e09c1a92334c035012,8/5(Œ) 10:30
dtohoku,ƒf[ƒŠ[“Œ–kV•·Ğ,V‚½‚ÈĞ‰ï‹³ˆç•¡‡{İA•K—v‚È‹@”\‚Í@ŠKã’¬‹³ˆÏA’¬–¯µ‚«ƒ[ƒNƒVƒ‡ƒbƒv,https://news.yahoo.co.jp/articles/2186bee5fbe31cb7d76c00970915eb6002af834a,8/5(Œ) 10:20
dtohoku,ƒf[ƒŠ[“Œ–kV•·Ğ,‘fö‚èÀ‰‰A¶ƒEƒj”Ì”„·‹µ@‹vœE–kŒÀ‚ÌŠC—ƒtƒFƒX,https://news.yahoo.co.jp/articles/967e94057d1c3e4c3300b7f4b229412677508017,8/5(Œ) 10:00
dtohoku,ƒf[ƒŠ[“Œ–kV•·Ğ,ƒtƒ@ƒbƒVƒ‡ƒ“ƒVƒ‡[A‚¨‰»‚¯‰®•~A‰f‰æã‰fc@”ªH‘å¶A“ì•”‰ïŠÙŠˆ—pˆÄ‚ğ’ñˆÄ,https://news.yahoo.co.jp/articles/86b88405d3dd8fac9042165574849f329d65e12b,8/4(“ú) 10:01
dtohoku,ƒf[ƒŠ[“Œ–kV•·Ğ,_Ğs—ñA‘‘Œµ‚É@^‰Ä“ú‚Ì’†A‚¨ŠÒ‚è@”ªŒËOĞ‘åÕ,https://news.yahoo.co.jp/articles/d6ea935556487e374d2c5753b262946b36d360b4,8/4(“ú) 9:40
dtohoku,ƒf[ƒŠ[“Œ–kV•·Ğ,™“¶46lA‰pŒê‚âˆÙ•¶‰»Šy‚µ‚­Šw‚Ô@—m–ì‚ÅƒCƒ“ƒOƒŠƒbƒVƒ…ƒLƒƒƒ“ƒv,https://news.yahoo.co.jp/articles/dde7cb3656c5f3bcbbfc4bd8c0fefc9e34a8bdf7,8/4(“ú) 9:30
dtohoku,ƒf[ƒŠ[“Œ–kV•·Ğ,‹R”n‘ÅŸ{A—E‘s‚É@”ªŒËOĞ‘åÕu’†“úv,https://news.yahoo.co.jp/articles/6fdb78988f723600833c16f8a952cb5d403973a9,8/3(“y) 11:01
dtohoku,ƒf[ƒŠ[“Œ–kV•·Ğ,•Ä‘q‘Ièiƒpƒ‰ƒGƒXƒgƒ‰”ªŒËjAuƒAƒ}ƒ`ƒ…ƒAC“lv‘S“ú–{‘å‰ïoê‚Ö,https://news.yahoo.co.jp/articles/ea57f5f1b5ae45ba367fdc18ea5b8769b2eb6f88,8/3(“y) 10:40
dtohoku,ƒf[ƒŠ[“Œ–kV•·Ğ,70”N‚Ì—ğj‚Ü‚ê‚½Œš•¨‚É•Ê‚ê@–ì•Ó’n–ğêŒ»’¡É‚ª•Â’¡,https://news.yahoo.co.jp/articles/480f846c30cb90b75d85db1ae3c94588e1725d81,8/3(“y) 10:20
dtohoku,ƒf[ƒŠ[“Œ–kV•·Ğ,y”ªŒËOĞ‘åÕzs’¡‘Os–¯Lê‚Éu‚¨‚Ü‚Â‚èLêvŠJİ@4“ú‚Ü‚Å,https://news.yahoo.co.jp/articles/cca4e0f245ff034e456ed5a3209ac2d1a1d7274e,8/3(“y) 9:50
dtohoku,ƒf[ƒŠ[“Œ–kV•·Ğ,u‚¨‚¨‚ÌƒJƒtƒFv5“úƒI[ƒvƒ“@‘å–ì‚‘¶‘±‚Ö–£—ÍPR,https://news.yahoo.co.jp/articles/c4d07c5c0e42ade8c024d7b23505540297f0d351,8/2(‹à) 10:50
dtohoku,ƒf[ƒŠ[“Œ–kV•·Ğ,‰Ä‹G‚Ì‹~‹}o“®‘‰Á‚É‘Î‰@u“ú‹Î‹~‹}‘àvŒ±‰^—pn‚Ü‚é,https://news.yahoo.co.jp/articles/56dfdb678c26c49b7f45dc6d277284bd1c8e85f9,8/2(‹à) 10:40
dtohoku,ƒf[ƒŠ[“Œ–kV•·Ğ,Œ¶‚Ìu“ì‹½‹vƒfƒrƒ…[@“¹‚Ì‰w‚È‚ñ‚²‚¤‚ÅƒXƒe[ƒL’ñ‹ŸA’¼”„Š‚Å”Ì”„‚à,https://news.yahoo.co.jp/articles/f8ebc65cc5cc4b2dea9e28e5d24261db1d6988e4,8/2(‹à) 10:40
dtohoku,ƒf[ƒŠ[“Œ–kV•·Ğ,”ªŒË¼‚•¶Œ|•”A’Z‰Ìbq‰€5”N˜A‘±‘S‘oê@uğ”N‚ÌƒŠƒxƒ“ƒW‚ğv,https://news.yahoo.co.jp/articles/aa074f59f19a2daaefc99d1c34c23bab73341474,8/2(‹à) 10:20
dtohoku,ƒf[ƒŠ[“Œ–kV•·Ğ,‹s‘Ò–À‚ ‚ê‚ÎŒY–”­‚ğ@s–¯’c‘ÌAs•ÛŒ’Š‚É—v–]‘@”ªŒËE“ü‰@Š³ÒEŠQ,https://news.yahoo.co.jp/articles/579f713980bb4daa747ea7221cf66f8cb6f6259b,8/2(‹à) 9:50
dtohoku,ƒf[ƒŠ[“Œ–kV•·Ğ,‰ù‚©‚µ‚¢‚¨Õ‚è‚Ì—lqŒ©‚Ä@uÌ‚Ì”ªŒËOĞ‘åÕvÊ^“W@“ì•”‰ïŠÙ,https://news.yahoo.co.jp/articles/b3b2b5004cb7a46cb76ec140e25a18e4bdee67ce,8/1(–Ø) 10:10
dtohoku,ƒf[ƒŠ[“Œ–kV•·Ğ,ˆê—¬‚Ì‹ZpA’†Šw¶‚É“`ö@Œ³ƒvƒîà‹´®¬‚³‚ñA“ì•”’¬‚Å–ì‹…‹³º,https://news.yahoo.co.jp/articles/e2b188083104e458879aa21b11d6ddc42a52f7d2,8/1(–Ø) 10:00
dtohoku,ƒf[ƒŠ[“Œ–kV•·Ğ,L‚¢ŠÙ“àŠˆ—p@ƒEƒH[ƒLƒ“ƒO‚ÅS’n‚æ‚¢Š¾@‚¨‚¢‚ç‚¹EƒCƒIƒ“‰º“c,https://news.yahoo.co.jp/articles/e8c711db53533c94afdb36df53b12fa713ba682e,7/31(…) 10:10
dtohoku,ƒf[ƒŠ[“Œ–kV•·Ğ,‹Ù‹}”ğ”D–òî•ñ‚ğˆêŒ³‰»@V‚½‚Éˆã—Ã‹@ŠÖƒŠƒXƒg‚à@”ªŒË–òÜt‰ïAHP‚ÅŒöŠJ,https://news.yahoo.co.jp/articles/168c887281fb0bf6923e12b098da2d4721517374,7/31(…) 10:00
dtohoku,ƒf[ƒŠ[“Œ–kV•·Ğ,‹Æ–±ƒ[ƒƒtƒ@ƒNƒX”N“x“à‚É@ÂXŒ§’¡A“­‚«•û‰üŠvAƒy[ƒp[ƒŒƒX‰»‚ÌˆêŠÂ,https://news.yahoo.co.jp/articles/a519a060203117a3023091e225e9a7e3fc723a46,7/31(…) 9:50
dtohoku,ƒf[ƒŠ[“Œ–kV•·Ğ,‘fö‚èÀ‰‰A¶ƒEƒj”Ì”„‚à@u–kŒÀ‚ÌŠC—ƒtƒFƒXv8Œ4“úŠJÃ^‹vœ,https://news.yahoo.co.jp/articles/68c03ec5b72e84144b077e7450a28b3f873ed2a9,7/30(‰Î) 10:30
dtohoku,ƒf[ƒŠ[“Œ–kV•·Ğ,‡•¹20”NuçlŠ£”tv‚ª•œŠˆ@ŒÜŒË‚Æ‹Œ‘qÎAj•Ÿ·‘å,https://news.yahoo.co.jp/articles/6f04409cf6a5545f1479ea3b133c73b73ec0d1e9,7/30(‰Î) 10:10
dtohoku,ƒf[ƒŠ[“Œ–kV•·Ğ,‚»‚Ì–¡Šogƒ_ƒCƒ„ƒ‚ƒ“ƒhh‹‰@uƒ`ƒ‡ƒR“ì•”ƒvƒŒƒ~ƒAƒ€v‘Û“I‚È•]‰¿Šl“¾,https://news.yahoo.co.jp/articles/2375568b4d2cdffc3604e5e3e4cb6a284a2e2705,7/30(‰Î) 10:00
dtohoku,ƒf[ƒŠ[“Œ–kV•·Ğ,ŠC‘¯‘ÎˆAƒ\ƒ}ƒŠƒA‚Öo”­@ŠC©”ªŒËA‘àˆõ60l”hŒ­,https://news.yahoo.co.jp/articles/5291000d18fe8ff5034f33aa0afdeb196d86a4a6,7/30(‰Î) 9:30
dtohoku,ƒf[ƒŠ[“Œ–kV•·Ğ,uƒ‰ƒOƒr[Šy‚µ‚¢IvŠ˜ÎƒV[ƒEƒFƒCƒuƒXE’†‘º‘Ièi”ªŒËogjµ‚«‹³º,https://news.yahoo.co.jp/articles/5491f4cd96cef2535ed863719a69e98babb7000c,7/29(Œ) 10:20
dtohoku,ƒf[ƒŠ[“Œ–kV•·Ğ,—Í‹­‚¢º‹¿‚©‚¹’®O–£—¹@O‘òƒGƒ“ƒeƒ“ƒR[ƒ‹’èŠú‰‰‘t‰ï,https://news.yahoo.co.jp/articles/658f21caf944ad95b65f053a8a2a0c3d036f4550,7/29(Œ) 10:10
dtohoku,ƒf[ƒŠ[“Œ–kV•·Ğ,”ªŒËOĞ‘åÕŒÀ’è@“ú‘Ö‚í‚èŒäéˆóA‚¨ç‚è‚ğ”Ğ•z@_Ğ,https://news.yahoo.co.jp/articles/05a3b3ad845e4dacd7ea2b4f2136279aef2eb3d9,7/29(Œ) 10:00
dtohoku,ƒf[ƒŠ[“Œ–kV•·Ğ,ƒJƒNƒeƒ‹‚Å”ªŒËOĞ‘åÕ‚ÉƒG[ƒ‹@˜V•Üƒo[uƒvƒŠƒ“ƒXv‚ªRÔU‹»‰ï‚ÉŠñ•t,https://news.yahoo.co.jp/articles/1e641c8fc2654f055830b80626fbebcf110ae519,7/28(“ú) 10:01
dtohoku,ƒf[ƒŠ[“Œ–kV•·Ğ,•àsÒ“V‘A‰Æ‘°˜A‚ê‚Å‚É‚¬‚í‚¤@‚İ‚³‚íµ—[‚Ü‚Â‚èŠJ–‹,https://news.yahoo.co.jp/articles/8e2fab32a33b69d42a270fa96c80fe6ca29b62bd,7/27(“y) 11:01
dtohoku,ƒf[ƒŠ[“Œ–kV•·Ğ,¶—‹x‰É‚ğuF‹x‰Év‚É@ÂXŒ§ŒxA—«Eˆõ‚Ìºó‚¯,https://news.yahoo.co.jp/articles/b6a8cb41a71b01f0ecb1c3ad66db48e0dbcf5dd6,7/27(“y) 10:30
dtohoku,ƒf[ƒŠ[“Œ–kV•·Ğ,”ªŒË‚Åƒ‰ƒWƒI‘Ì‘€¶’†Œp@8Œ10“úA13”N‚Ô‚è,https://news.yahoo.co.jp/articles/a367ec3917efd51ceab17119c4b8fdefbfeface4,7/27(“y) 10:20
dtohoku,ƒf[ƒŠ[“Œ–kV•·Ğ,‚Z¶g‚ ‚Ü‚¿‚á‚ñhŠˆ“®ƒXƒ^[ƒg@ŠÏŒõ‹q‚É‹vœ‚Ì–£—Í”­M,https://news.yahoo.co.jp/articles/1c9d2b7d06211141105566103108e4d1bf953f1e,7/27(“y) 10:10
dtohoku,ƒf[ƒŠ[“Œ–kV•·Ğ,§•‚âƒ‰ƒ“ƒhƒZƒ‹w“ü”ï—p•â•‚Ö@“ì•”’¬A¬’†‚¶‘ÎÛ‚É@Œ§‚ÌŒğ•t‹àŠˆ—p,https://news.yahoo.co.jp/articles/9f2e0275c79a9ccdb3babd19cb08be55f8ff92b8,7/26(‹à) 10:30
dtohoku,ƒf[ƒŠ[“Œ–kV•·Ğ,10í—ŞˆÈã‚Ì‘½Ê‚Èƒ[ƒNƒVƒ‡ƒbƒv@“ê•¶ƒOƒ~u‚Ç‚®‚¤”­Œ©vŒ±”Ì”„‚à@ƒCƒIƒ“‰º“c‚Åu•¶‹ï”v,https://news.yahoo.co.jp/articles/e20182f02c16176860f01760c60adf5c61790168,7/26(‹à) 10:01
dtohoku,ƒf[ƒŠ[“Œ–kV•·Ğ,u‘å‚«‚¢vuŠÃ`‚¢v‰€™ÎŠç@“ì•”’¬‚Åƒuƒ‹[ƒxƒŠ[ë‚èn‚Ü‚é,https://news.yahoo.co.jp/articles/116d6a8901b0b5c79a26d47e02d13084a06d31f1,7/26(‹à) 9:30
dtohoku,ƒf[ƒŠ[“Œ–kV•·Ğ,uí‚É‡ˆÓ¯‚µ‚Äv@Œ³“ú–{‘ã•\•Ÿ¼‚³‚ñ‚ªw“±@\˜a“c‚ÅƒTƒbƒJ[‹³º,https://news.yahoo.co.jp/articles/c4c8d20e06732dc94c690e2e68b0a40d607ae858,7/25(–Ø) 10:30
dtohoku,ƒf[ƒŠ[“Œ–kV•·Ğ,ƒƒSƒL[ƒzƒ‹ƒ_[‚È‚ÇƒJƒvƒZƒ‹ƒgƒC”Ì”„@8Œ•Â“X‚Ìƒˆ[ƒJƒh[”ªŒËÀŠÙ“X,https://news.yahoo.co.jp/articles/ac550467d8a450c2ef68a740f40191fdb9ca00fe,7/25(–Ø) 10:10
dtohoku,ƒf[ƒŠ[“Œ–kV•·Ğ,y”ªŒËOĞ‘åÕzSNSŒø‰ÊAVƒƒ“ƒo[‚Å‚É‚¬‚í‚¢@_Ğ‚Ì–@—ì_Šy,https://news.yahoo.co.jp/articles/7bfcf6710cd7e428ad23d5673e9474187c2c12dc,7/25(–Ø) 10:00
dtohoku,ƒf[ƒŠ[“Œ–kV•·Ğ,’WgF”ü‚µ‚­@ŒÃ‘ãƒnƒXŒ© @”ªŒËE‘Îò‰@,https://news.yahoo.co.jp/articles/dd4c282831c3d68d81ac7db52b56a1a8f939c298,7/25(–Ø) 9:50
dtohoku,ƒf[ƒŠ[“Œ–kV•·Ğ,uƒf[ƒŠ[•¶Œ|vãˆÊì•i‚ğ‘‚Å•\Œ»@ÂXE”ªŒË‚Å™–{“Öq‚³‚ñF†“W,https://news.yahoo.co.jp/articles/fcaf0de9ecee18cfcbe0ff351fcb395a9779ca5b,7/24(…) 10:20
dtohoku,ƒf[ƒŠ[“Œ–kV•·Ğ,uˆê”Ô‰ÔvF‘N‚â‚©‚É@ÂXEŒÜŒË@‚Ğ‚Î‚è–ìƒ_ƒŠƒA‰€‰c‹ÆŠJn,https://news.yahoo.co.jp/articles/f35bc5d0df8b272d496282842704dd8fecd92d22,7/24(…) 10:00
dtohoku,ƒf[ƒŠ[“Œ–kV•·Ğ,ƒOƒ‹ƒ‚â•¶‰»A©‘R@ÂX‚Ì–£—ÍSNS‚Å‹¤—L@Œ§‚ªƒtƒ@ƒ“ƒRƒ~ƒ…ƒjƒeƒB[ŠJİ‚Ö,https://news.yahoo.co.jp/articles/27d8bf36c6a491d043d8f084bbd8a94d17582182,7/24(…) 9:50
dtohoku,ƒf[ƒŠ[“Œ–kV•·Ğ,ÂXŒ§“àASNSŒ^¼‹\Šg‘å@ã”¼Šú35ŒA2‰­4837–œ‰~”íŠQ,https://news.yahoo.co.jp/articles/420342d241e76c8e2666f22cd1b3029cd6f747f7,7/23(‰Î) 10:30
dtohoku,ƒf[ƒŠ[“Œ–kV•·Ğ,‰‹N—Ç‚¢uƒRƒEƒWƒ“ƒƒkƒPvãê@”ªŒË‰«‚Å’¿‚µ‚¢‚‹‰‹›,https://news.yahoo.co.jp/articles/5a5f664b9475a8889421ae5cdcd7e990e859eea2,7/23(‰Î) 10:10
dtohoku,ƒf[ƒŠ[“Œ–kV•·Ğ,ƒ_ƒ“ƒX‚â‰f‘œAƒ~ƒ…[ƒWƒJƒ‹‚Ü‚Å‘½Ê‚É@”ªŒË“Œ‚•\Œ»‰ÈŒö‰‰,https://news.yahoo.co.jp/articles/3e9f608132a42764aee60f8afb0d54ca6e6b2844,7/23(‰Î) 9:50
dtohoku,ƒf[ƒŠ[“Œ–kV•·Ğ,”\‚Ì“Æ“Á‚Ì•à‚«•û‚â—w‚È‚ÇŠw‚Ô@uƒ`ƒƒƒŒƒ“ƒWI”\ƒgƒŒvn‚Ü‚é^\˜a“c,https://news.yahoo.co.jp/articles/04796b09e2faae10d401d90be58c376ef2c16223,7/23(‰Î) 9:30
dtohoku,ƒf[ƒŠ[“Œ–kV•·Ğ,’¬­‚Æ‹¤‚É70”NA‘ãŠ´‚¶‚³‚¹‚é‘¢‚è–¼cÉ‚µ‚­@–ì•Ó’n‚Å’¡ÉŒ©Šw‰ï,https://news.yahoo.co.jp/articles/c5873f1f5f39f7e2af9f14a8351d48c95657c232,7/22(Œ) 10:20
dtohoku,ƒf[ƒŠ[“Œ–kV•·Ğ,ŒFŒ´ìgˆê“úƒe[ƒ}ƒp[ƒNh‚É@‹‚¢ÂXŒ§“àA22“ú‚Íu‘å‹v,https://news.yahoo.co.jp/articles/41a582b89ce3afdaf928ec3e8aa067cfae5d6357,7/22(Œ) 10:00
dtohoku,ƒf[ƒŠ[“Œ–kV•·Ğ,“ì•”’¬‚æ‚ègˆ¤h‚ğ‚ß‚Ä@ƒn[ƒgŒ`‚ÌƒXƒCƒJo‰×,https://news.yahoo.co.jp/articles/5324d30ae3d42909ee62df7c25d0033e466db54c,7/21(“ú) 10:20
dtohoku,ƒf[ƒŠ[“Œ–kV•·Ğ,‰‚Ì‘S’†oê‚ÉˆÓ‹C‚Ş@˜ZƒPŠ‚Ì’†›«‚³‚ñiçÎ•½ACj@‘º“à‚©‚ç—¤ã‚Å20”N‚Ô‚è,https://news.yahoo.co.jp/articles/65d1b45a9fc71fe4a291ec262c8244add0bfb441,7/21(“ú) 10:01
dtohoku,ƒf[ƒŠ[“Œ–kV•·Ğ,“Á»‚¢‚¿‚²Ï‚ÉãŒÛ@ŠKãAƒCƒxƒ“ƒg‚É‚¬‚í‚¤,https://news.yahoo.co.jp/articles/119eb1c62983e32bb8ab677cd83c9d5d780914a0,7/20(“y) 21:02
dtohoku,ƒf[ƒŠ[“Œ–kV•·Ğ,—Ñ“¹u”ª–Ø‹Êìüv‚ªŠJ’Ê@ĞŠQ‚Ì‘ã‘Ö˜H‚Æ‚µ‚ÄŠú‘Ò^—m–ì,https://news.yahoo.co.jp/articles/0224b5a11ba0ea23d7ee442f0f26015ed9e0569e,7/20(“y) 10:20
dtohoku,ƒf[ƒŠ[“Œ–kV•·Ğ,ƒTƒvƒ‰ƒCƒY‚Ågæ”yh¶ƒ‰ƒCƒu@u‚ ‚Ç‚Î‚é[‚ñv”ªŒË¼‚•¶‰»Õ‚É“oê,https://news.yahoo.co.jp/articles/82111067929c5200d7c81f1703ee6b63e06ef78c,7/20(“y) 10:10
dtohoku,ƒf[ƒŠ[“Œ–kV•·Ğ,¬’†Šw¶1800lAĞ‰ï‰ÈŒ©Šw‚ÅƒTƒbƒJ[ŠÏí@9Œ6“úAƒ”ƒ@ƒ“ƒ‰[ƒŒ”ªŒËŠé‰æ,https://news.yahoo.co.jp/articles/b1277c1f80a83a8031507e89154222c2cd7af2bf,7/20(“y) 9:50
dtohoku,ƒf[ƒŠ[“Œ–kV•·Ğ,ŒN‚àŒx@Š¯‚É‚È‚ç‚È‚¢‚©@µŒËAŠÇ“à‚Z‚ÅPR,https://news.yahoo.co.jp/articles/8149640128433a18900efa1b02e5c5edc524d6e4,7/20(“y) 9:30
dtohoku,ƒf[ƒŠ[“Œ–kV•·Ğ,’nˆæˆã—Ã‚Ìd–‚É—‰ğ@5”N‚Ô‚èƒI[ƒvƒ“ƒzƒXƒsƒ^ƒ‹@‹vœ•a‰@,https://news.yahoo.co.jp/articles/7256932562c89d7491af10ea679961c14ae949a6,7/19(‹à) 10:30
dtohoku,ƒf[ƒŠ[“Œ–kV•·Ğ,—ğ‘ã‚Ì130‘äWŒ‹gZ‚ÌÕ“Th@“ì•”’¬‚ÅƒJ[ƒ~[ƒeƒBƒ“ƒO,https://news.yahoo.co.jp/articles/0d0c74e6e5799d6c8706502d0922da25346b27cd,7/19(‹à) 10:20
dtohoku,ƒf[ƒŠ[“Œ–kV•·Ğ,OŒË‚Æ‹ƒ^ƒ€ƒ[ƒXAo–…“ssŒğ—¬Šˆ«‰»‚ğ@’¬‚Ó‚é‚³‚Æ‘ågƒIƒTƒŠƒoƒ“‚³‚ñ,https://news.yahoo.co.jp/articles/e47ed802aec776a16ed4833b149de7b528e6b416,7/19(‹à) 10:10
dtohoku,ƒf[ƒŠ[“Œ–kV•·Ğ,ŒF’J”ªŒËs’·‚à”M¥@s‚ªo‰‰Ò‚ÌL•ñ“®‰æ§ì@“ì‹½ƒWƒƒƒYƒtƒFƒX,https://news.yahoo.co.jp/articles/cb4d462431817dc7c2db37f21bb2d761a9b71223,7/19(‹à) 10:00
dtohoku,ƒf[ƒŠ[“Œ–kV•·Ğ,“V‘R•X‚Ì‚©‚«•X‚¢‚©‚ª@”ªŒËEƒ‰ƒsƒA‚Éê–å“X@9Œ––‚Ü‚ÅŠúŠÔŒÀ’è,https://news.yahoo.co.jp/articles/f8b234047f5faec66320691c6aab1a5b8f92a820,7/19(‹à) 9:50
dtohoku,ƒf[ƒŠ[“Œ–kV•·Ğ,“¹‚Ì‰w‚µ‚¿‚Ì‚Öu‚à‚¤ˆê“x—˜—p‚µ‚½‚¢v‘S‘3ˆÊ@‚¶‚á‚ç‚ñ’²¸,https://news.yahoo.co.jp/articles/b173ce67410ab8d756a0d684475598159888b8a6,7/18(–Ø) 10:30
dtohoku,ƒf[ƒŠ[“Œ–kV•·Ğ,uƒ~ƒX‚è‚ñ‚²‚ ‚¨‚à‚èv‚É‰º“c‚³‚ñi”ªŒËj‚ç3l@‘“àŠO‚ÅŒ§Y‚Ì–£—ÍPR,https://news.yahoo.co.jp/articles/cc5c9803b85630337b874ec3917601f54be7c621,7/18(–Ø) 10:00
dtohoku,ƒf[ƒŠ[“Œ–kV•·Ğ,ˆÙ‘î‚ ‚Ó‚ê‚é_X‘±X@‘ä˜p‚ÌŠÖŒWÒ‚àQ‰Á@‘åŠÔE“V”Ü—ls—ñ,https://news.yahoo.co.jp/articles/0d73db3fad97126e2e06365e97dc49f6ca9a8913,7/18(–Ø) 9:30
dtohoku,ƒf[ƒŠ[“Œ–kV•·Ğ,”——Í‚Ì˜a‘¾ŒÛAˆ³Šª‚ÌƒXƒe[ƒW@DRUM@TAO”ªŒËŒö‰‰,https://news.yahoo.co.jp/articles/30679a86ed7f25635780d6d7a8b0b6055eeeea17,7/17(…) 10:30
dtohoku,ƒf[ƒŠ[“Œ–kV•·Ğ,¢ŠEˆê‚Ì“ú–{ğ‚Æƒr[ƒ‹AƒZƒbƒg‚É@“ì•””üli“ñŒËj~ƒxƒAƒŒƒ“ø‘¢Ši·‰ªjA”—ÊŒÀ’è,https://news.yahoo.co.jp/articles/255f506ca36f4acc867af846f4a5c313991b0292,7/17(…) 10:00
dtohoku,ƒf[ƒŠ[“Œ–kV•·Ğ,W‚ß‚½ƒ|ƒCƒ“ƒg‚Åg‚²–J”üBBQh@”ªŒËs“à•‘‘äA“ä‰ğ‚«ƒEƒB[ƒN,https://news.yahoo.co.jp/articles/e2155fb4d0a7fa1c9b109fc1383de23b9063a08e,7/17(…) 9:30
dtohoku,ƒf[ƒŠ[“Œ–kV•·Ğ,O‘ò‚ÌŒö‰€‚Å–C’e‚Ìˆê•””­Œ©@”š”­ŠëŒ¯«‚È‚µA—¤©”ªŒË‰ñû,https://news.yahoo.co.jp/articles/0ad27fcbbd7b440fe6bb3276e9be8b58ca6832a1,7/16(‰Î) 20:40
dtohoku,ƒf[ƒŠ[“Œ–kV•·Ğ,‹K’è”’´‚¦A’©H3l•ªH‚×‚Äc@‹ó©O‘òA3“™‹ó‘‚‚ğ’âEˆ•ª,https://news.yahoo.co.jp/articles/e76156efa4c9199f41b617f5fc3ced9835c73e28,7/16(‰Î) 18:19
dtohoku,ƒf[ƒŠ[“Œ–kV•·Ğ,ƒJƒ„ƒbƒN‚âSUPA…ãƒAƒNƒeƒBƒrƒeƒB[–‹i@O‘òE¬ìŒ´ŒÎ…‚Ü‚Â‚è,https://news.yahoo.co.jp/articles/ac73d4a57dc14598178664260dbcd225222ee1fe,7/15(Œ) 10:20
dtohoku,ƒf[ƒŠ[“Œ–kV•·Ğ,”ªåƒƒS“ü‚è‹Ğ’…‚È‚Ç6íAƒJƒvƒZƒ‹ƒgƒC‚É@ƒˆ[ƒJƒh[”ªŒËÀŠÙ“X‚Å”Ì”„,https://news.yahoo.co.jp/articles/f462a158e5ba0da745127850bfbd224b80d978d7,7/15(Œ) 10:10
dtohoku,ƒf[ƒŠ[“Œ–kV•·Ğ,Œ´q—Í‚âÄƒGƒlA¿–â‚Å‹^–â‰ğÁ‚ğ@˜ZƒPŠ‚‚ÅƒGƒlƒ‹ƒM[’T‹†ö‹Æ,https://news.yahoo.co.jp/articles/250002f68183e5a0d804b7e6aca4175242a173a0,7/15(Œ) 10:02
dtohoku,ƒf[ƒŠ[“Œ–kV•·Ğ,{‚ÌK‚Ç‚Á‚³‚è@—m–ìu‚½‚Ë‚¢‚¿ƒEƒj‚Ü‚Â‚èvŠˆ‹µ,https://news.yahoo.co.jp/articles/a9b5e102d1d6623e8590d9c5e9be4240ff66ab79,7/15(Œ) 9:50
