media_en,media_jp,title_articles,link_articles,date_original
figaro,ƒtƒBƒKƒƒWƒƒƒ|ƒ“,ƒIƒŠƒ“ƒsƒbƒN‚ğI‚¦‹A‘‚µ‚½ƒŒƒfƒB[EƒKƒKA”¯F‚ğƒ_[ƒNƒuƒ‰ƒEƒ“‚É‚µ‚ÄV‹È”­•\H‚±‚ê‚Ü‚Å‚Ì”¯Œ^•Õ—ğ‚àĞ‰îI,https://news.yahoo.co.jp/articles/d7260cd8e1ee470a2c93af594be3ca5f191c3071,8/15(–Ø) 16:00
figaro,ƒtƒBƒKƒƒWƒƒƒ|ƒ“,•ö‚ê‚â‚·‚¢‰Ä‚ÌƒƒCƒN‚ğ‹~‚¤AƒGƒfƒBƒ^[‚Ìˆ¤—pƒRƒXƒB,https://news.yahoo.co.jp/articles/aee2c8be68ba32d2c474c4dea47ccaa8cfd2d761,8/15(–Ø) 12:04
figaro,ƒtƒBƒKƒƒWƒƒƒ|ƒ“,ƒVƒƒƒ“ƒ[ƒŠƒ[’Ê‚è‚ÅáÒ‘z‘ÌŒ±B”ñ“úí‚ÌƒŠƒ‰ƒNƒ[[ƒVƒ‡ƒ“‚ğI,https://news.yahoo.co.jp/articles/03adfbe30f5650eafd94d3e25dc43c13878ca459,8/15(–Ø) 12:03
figaro,ƒtƒBƒKƒƒWƒƒƒ|ƒ“,ƒpƒŠƒIƒŠƒ“ƒsƒbƒN2024‚Å’–Ú‚ğW‚ß‚½A‘Iè‚½‚¿‚ÌŒ|p“I‚Èƒ^ƒgƒD[Iu‘å‰ï‘O‚Éƒ^ƒgƒD[‚ğ“ü‚ê‚È‚¢•û‚ª‚¢‚¢v‚Æ‚¢‚¤–ÀM‚Æ‚ÍH,https://news.yahoo.co.jp/articles/b9a7df0b0134420b884d335447568f0b2d4eca67,8/14(…) 20:30
figaro,ƒtƒBƒKƒƒWƒƒƒ|ƒ“,ƒEƒBƒŠƒAƒ€c‘¾qA’¿‚µ‚­–³¸ƒqƒQ‚ğ¶‚â‚µ‚½p‚Å“oê‚µ˜b‘è‚ÉI‚©‚Â‚Ä‚ÍƒnƒŠ[‰¤q‚ÌƒqƒQ‚ğ”á”»‚µ‚Ä‘Î—§‚µ‚½‰ß‹‚àcH,https://news.yahoo.co.jp/articles/9c748b43b83af8a2f542a60fe723c15c1ed4ae4c,8/14(…) 20:10
figaro,ƒtƒBƒKƒƒWƒƒƒ|ƒ“,‰½‹C‚È‚¢ŠÔ‚ªŠy‚µ‚­‚È‚éAƒGƒ‹ƒƒX‚©‚çã¿‚ÈƒGƒuƒŠƒfƒCƒEƒHƒbƒ`‚ª“oêB,https://news.yahoo.co.jp/articles/f86505b23f8eb90abc70d3ae045296408718f438,8/14(…) 18:04
figaro,ƒtƒBƒKƒƒWƒƒƒ|ƒ“,’™‹à‚ª‹êèB‰ÆŒv‚ğŒ©’¼‚µ‚Ä‰½‚ğß–ñ‚·‚×‚«H,https://news.yahoo.co.jp/articles/b307e07840306e491c8fd246a61fca45e911649a,8/14(…) 12:07
figaro,ƒtƒBƒKƒƒWƒƒƒ|ƒ“,”’”¯A”²‚¯–ÑAƒpƒT‚Â‚«......”¯‚Ì˜V‰»‚ğ–h‚¬A’x‚ç‚¹‚é‚½‚ß‚É‚Å‚«‚é‚±‚Æ‚ÍH,https://news.yahoo.co.jp/articles/3a7924df0b80708471fa41b287e54e825f9dc5aa,8/14(…) 11:51
figaro,ƒtƒBƒKƒƒWƒƒƒ|ƒ“,ƒgƒ‰ƒ“ƒvŒ³‘å“—Ì‚ªÄ‘I‚µ‚½ê‡AƒnƒŠ[‰¤q•vÈ‚ÍuƒAƒƒŠƒJ‚ğ’Ç•ú‚³‚ê‚évIHŒ³‘å“—Ì‚ÌŸ’j‚ªo‚µ‚½º–¾‚Æ‚Í,https://news.yahoo.co.jp/articles/6f4e741508910351ab45fb56315f7b5e5aed8f96,8/13(‰Î) 17:30
figaro,ƒtƒBƒKƒƒWƒƒƒ|ƒ“,ujãÅˆ«‚Ì‘Iè‘º‚¾‚Á‚½vƒCƒ^ƒŠƒAl…‰j‹àƒƒ_ƒŠƒXƒg‚Ì”­Œ¾‚ª˜b‘è‚ÉI,https://news.yahoo.co.jp/articles/bce1f74c1812ef7c8f50511621c894dfee0551f7,8/13(‰Î) 14:00
figaro,ƒtƒBƒKƒƒWƒƒƒ|ƒ“,ƒAƒXƒŠ[ƒg‚½‚¿‚ª‘Iè‘º‚Åó‚¯‚ç‚ê‚é–³—¿‚ÌƒPƒA‚Æ‚ÍH,https://news.yahoo.co.jp/articles/30f6ee59fb015f2f6223837e745d4d635b01090d,8/13(‰Î) 13:20
figaro,ƒtƒBƒKƒƒWƒƒƒ|ƒ“,94Î‚Ì‹ ƒtƒŒƒfƒŠƒbƒNEƒƒCƒYƒ}ƒ“AƒhƒLƒ…ƒƒ“ƒ^ƒŠ[wŠ•Ÿ‚ÌƒŒƒXƒgƒ‰ƒ“^O‚Â¯ƒgƒƒƒOƒx‚Å•`‚¢‚½u–{“–‚Ì”üHv‚Æ‚ÍH,https://news.yahoo.co.jp/articles/66655cb4220720ca62858eb45cb09024a3bdf0e4,8/13(‰Î) 12:03
figaro,ƒtƒBƒKƒƒWƒƒƒ|ƒ“,ƒpƒŠ‚ÅTinder‚ğg‚Á‚½‚çAƒIƒŠƒ“ƒsƒbƒN‘Iè‚Æƒ}ƒbƒ`ƒ“ƒO‚µ‚½IH‘Iè‘º‚ÌÀî‚Æ‚ÍH,https://news.yahoo.co.jp/articles/e6a1c77b634aff00b1bd3db602ce526522a6c4e7,8/12(Œ) 13:22
figaro,ƒtƒBƒKƒƒWƒƒƒ|ƒ“,‚¿‚å‚Á‚Æ‚µ‚½ƒXƒ^ƒCƒŠƒ“ƒO‚ÌuƒZƒ“ƒXv‚ªŒ®By2024”NH“~ƒgƒŒƒ“ƒh‰ğàb”Ñ“cì•Òz,https://news.yahoo.co.jp/articles/2850a983a7b49af29d74f566cd2dd8057964aea7,8/12(Œ) 12:06
figaro,ƒtƒBƒKƒƒWƒƒƒ|ƒ“,‘Ìd‚ğ‘‚â‚³‚È‚¢‚½‚ßA–é‚Í’Y…‰»•¨‚ğT‚¦‚é‚×‚«H ‚Å‚àH‚×‚½‚¢I ‚»‚ñ‚È‚Ì‰ğŒˆ–@‚ğ‰h—{Šwê–åˆã‚ªƒŒƒNƒ`ƒƒ[B,https://news.yahoo.co.jp/articles/faaa1c8273e0c4c01ea06429a69520aec0f5c127,8/12(Œ) 12:05
figaro,ƒtƒBƒKƒƒWƒƒƒ|ƒ“,]‡‚ÅeØ‚ÈuƒS[ƒ‹ƒfƒ“ƒŒƒgƒŠƒo[Eƒ{[ƒCƒtƒŒƒ“ƒhv ‚Í—‘z“IH ‚»‚ê‚Æ‚à•sŒ’‘SH,https://news.yahoo.co.jp/articles/3f30f917c5ab9fb3bdc255f3e2814ef51bc3b1d8,8/11(“ú) 20:00
figaro,ƒtƒBƒKƒƒWƒƒƒ|ƒ“,‹C‚É‚È‚éƒ[ƒh‚Íu—LŠÕƒ}ƒ_ƒ€vBy2024”NH“~ƒgƒŒƒ“ƒh‰ğàbŒIRˆ¤ˆÈ•Òz,https://news.yahoo.co.jp/articles/92943c9331178328b6f3b1dad2ec23d0029a3e36,8/11(“ú) 12:03
figaro,ƒtƒBƒKƒƒWƒƒƒ|ƒ“,HŒã‚·‚®‚É‚¨’ƒ‚ğˆù‚Ü‚È‚¢‚Ù‚¤‚ª‚¢‚¢‚Á‚Äƒzƒ“ƒgHê–å‰Æ‚ª‹³‚¦‚é“KØ‚Èƒ^ƒCƒ~ƒ“ƒO‚Æ‚ÍB,https://news.yahoo.co.jp/articles/05ec7fe5726d7b400d2b2ef2c7d29c6a9227c2d8,8/10(“y) 20:02
figaro,ƒtƒBƒKƒƒWƒƒƒ|ƒ“,ƒgƒŠ[ƒgƒƒ“ƒgˆÈãAƒ‹[ƒWƒ…–¢–B‚¢‚Ü’–Ú‚ÌƒŠƒbƒvƒo[ƒ€6‘IB,https://news.yahoo.co.jp/articles/694667d9cab83ab523daba86d315869a9d9df8de,8/10(“y) 13:00
figaro,ƒtƒBƒKƒƒWƒƒƒ|ƒ“,“‚Æƒgƒ}ƒg‚Ì—â‚½‚¢ƒXƒpƒQƒbƒeƒBB,https://news.yahoo.co.jp/articles/1a9e644f0a8ffd45ffc76cdd32d9b53b16838838,8/10(“y) 12:05
figaro,ƒtƒBƒKƒƒWƒƒƒ|ƒ“,ƒŒƒIƒiƒ‹ƒhEƒfƒBƒJƒvƒŠƒIA23Î”N‰º‚Ì—öl‚ÆƒoƒJƒ“ƒX’†‚ÉƒNƒ‰ƒQ‚Éh‚³‚ê‚éIH,https://news.yahoo.co.jp/articles/594ad3b3748d721d485d1868cf695617563f8f26,8/9(‹à) 18:01
figaro,ƒtƒBƒKƒƒWƒƒƒ|ƒ“,ƒ^ƒC‚Ìƒoƒ“ƒRƒN‚ÅAƒtƒ@ƒbƒVƒ‡ƒ“D‚«‚Él‹C‚ÌÅVƒAƒhƒŒƒX7Œ¬B,https://news.yahoo.co.jp/articles/80d33174f1d32eadbf35d97fdca5745a462e9f3d,8/9(‹à) 13:00
figaro,ƒtƒBƒKƒƒWƒƒƒ|ƒ“,‘å’–ÚI 70”N‘ã‚ğœfœi‚³‚¹‚éƒmƒXƒ^ƒ‹ƒWƒbƒN‚Èƒ€[ƒhBy2024”NH“~ƒgƒŒƒ“ƒh‰ğàbÄ“c–ƒˆßq•Òz,https://news.yahoo.co.jp/articles/7582c9a066256736a2714b1728ac46b411d299ee,8/9(‹à) 12:06
figaro,ƒtƒBƒKƒƒWƒƒƒ|ƒ“,–é‚É‚æ‚­–°‚ê‚È‚©‚Á‚½“ú‚ÍA’‹Q‚ğ‚·‚ê‚Î‘åä•vH ê–å‰Æ‚ªw“E‚·‚éAg‘Ì‚Ì‰ñ•œ‚É•K—v‚È‡–°ŠÔ‚Æ‚ÍH,https://news.yahoo.co.jp/articles/3a0115421ac02da739cb50321ef0fe03de974d7d,8/9(‹à) 11:52
figaro,ƒtƒBƒKƒƒWƒƒƒ|ƒ“,‰Ä‚Ìg‘Ì‚ğ®‚¦‚éA‹›‰î‚ÆƒgƒEƒ‚ƒƒRƒV‚ÌƒZƒr[ƒ`ƒFB,https://news.yahoo.co.jp/articles/cce68d12e9b27dd7b36bf3c6551e08e8c8ec9b0e,8/8(–Ø) 19:00
figaro,ƒtƒBƒKƒƒWƒƒƒ|ƒ“,‹C‚É‚È‚éƒjƒIƒC‚âŠ¾‚Ì”Y‚İ‚ğƒŠƒtƒŒƒbƒVƒ…BƒGƒfƒBƒ^[‚ªˆ¤—p‚·‚é‰Ä‚Ìƒrƒ…[ƒeƒB•Kù•iB,https://news.yahoo.co.jp/articles/9f361a3ccf62fe22dd2911a882a5f81186458b88,8/8(–Ø) 18:00
figaro,ƒtƒBƒKƒƒWƒƒƒ|ƒ“,u«—~‚Í“w—Í‚µ‚ÄˆÛ‚·‚×‚«vƒAƒ‰ƒtƒH[‚ÌƒZƒbƒNƒXƒŒƒXA‰ğÁ‚·‚é•û–@‚Æ‚ÍH,https://news.yahoo.co.jp/articles/bae61bdb1660bc90a3e7a3716e08023e3db8203a,8/8(–Ø) 18:00
figaro,ƒtƒBƒKƒƒWƒƒƒ|ƒ“,ÅVƒVƒ‡ƒbƒv‚ÆƒJƒtƒF‚ÅŠ´‚¶‚éAƒmƒXƒ^ƒ‹ƒWƒbƒN‚Èƒoƒ“ƒRƒNByƒ^ƒC‚ÌƒfƒUƒCƒ“•ƒA[ƒgz,https://news.yahoo.co.jp/articles/1575b684bccb12adc2f312b4de9a4fc8823212d5,8/8(–Ø) 12:03
figaro,ƒtƒBƒKƒƒWƒƒƒ|ƒ“,TƒoƒbƒN‚Ì…’…‚Å—ûKA•s“KØ‚Èƒtƒ@ƒbƒVƒ‡ƒ“‚ÅŠOoc‘Iè‘º‚ğ’Ç•ú‚³‚ê‚½u”ül‚·‚¬‚évƒpƒ‰ƒOƒAƒC‚Ì—q…‰j‘Iè‚Æ‚ÍHI,https://news.yahoo.co.jp/articles/a8826eb397304279a093da586bccb77237694ff4,8/7(…) 20:31
figaro,ƒtƒBƒKƒƒWƒƒƒ|ƒ“,u¢ŠE‚ÅÅ‚àƒZƒNƒV[‚ÈƒXƒCƒ}[vAƒCƒ^ƒŠƒAl‹àƒƒ_ƒŠƒXƒg‚ªŒö‰€‚Å’‹Q‚µ‚Ä‚¢‚é‚Æ‚±‚ë‚ğ”­Œ©‚³‚ê˜b‘è‚ÉI,https://news.yahoo.co.jp/articles/9d76cf02692fa968f3fec5ec801172225333b14b,8/7(…) 17:00
figaro,ƒtƒBƒKƒƒWƒƒƒ|ƒ“,ƒpƒŠ“yY‚Éâ‘Î”ƒ‚¢‚½‚¢I ‰\‚Ìƒpƒlƒg[ƒl‚Æ‚ÍH,https://news.yahoo.co.jp/articles/bf7edf4337f913f93bb76dc7b10a6a8be019204f,8/7(…) 12:06
figaro,ƒtƒBƒKƒƒWƒƒƒ|ƒ“,ƒˆƒ‹ƒ_ƒ“‚Ì”ü‚µ‚«ƒ‰ƒWƒc‘¾q”ÜA‘æˆêq‚Æ‚È‚é—‚Ìq‚ğoYI,https://news.yahoo.co.jp/articles/726a80b8308abb1a3d18cde0c490328eeeeb9d4d,8/7(…) 8:03
figaro,ƒtƒBƒKƒƒWƒƒƒ|ƒ“,ƒ‚ƒe‚élA‚»‚µ‚Ä–£—Í“I‚Èl‚½‚¿‚É‹¤’Ê‚·‚éu6‚Â‚Ì“Á’¥v‚Æ‚ÍH,https://news.yahoo.co.jp/articles/268142f616cf02ada92ef0eedf46a5ad47cc8b59,8/6(‰Î) 17:10
figaro,ƒtƒBƒKƒƒWƒƒƒ|ƒ“,ƒ‚ƒe‚élA‚»‚µ‚Ä–£—Í“I‚Èl‚½‚¿‚É‹¤’Ê‚·‚éu6‚Â‚Ì“Á’¥v,https://news.yahoo.co.jp/articles/2152c22b16937284c6b56c86f968418a546e7688,8/6(‰Î) 17:10
figaro,ƒtƒBƒKƒƒWƒƒƒ|ƒ“,uŒÖ‚è‚‚­AŠiD‚æ‚­A‚»‚µ‚Ä‚Ç‚±‚Ü‚Å‚àlŠÔ“Iv’·”N‚Ì—FlE‘ºãZq‚ªŠ_ŠÔŒ©‚½AƒWƒF[ƒ“Eƒo[ƒLƒ“‚Ì‘fŠç‚Æ‚ÍH,https://news.yahoo.co.jp/articles/b1d9bf5d9ce16c98e60cdb73c49757143ff4411f,8/6(‰Î) 12:06
figaro,ƒtƒBƒKƒƒWƒƒƒ|ƒ“,’†‘ƒoƒhƒ~ƒ“ƒgƒ“’j—¬‡ƒ_ƒuƒ‹ƒXA‹àƒƒ_ƒ‹Šl“¾’¼Œã‚É‰ïê‚Åƒp[ƒgƒi[‚Éƒvƒƒ|[ƒYI,https://news.yahoo.co.jp/articles/a3a857718255375fd0c9def49cb758d7e4adea33,8/6(‰Î) 12:02
figaro,ƒtƒBƒKƒƒWƒƒƒ|ƒ“,2024”NƒgƒŒƒ“ƒh‚Ìƒ{ƒuƒXƒ^ƒCƒ‹‚Í‚±‚±‚ªˆá‚¤Bu‚Ğ‚ÆÌ‘Ov‚É‚È‚ç‚È‚¢‚½‚ß‹C‚ğ‚Â‚¯‚½‚¢‚±‚Æ‚ÍH,https://news.yahoo.co.jp/articles/6bf3cff682a3844143b9a64960e47e060869d5ba,8/6(‰Î) 11:51
figaro,ƒtƒBƒKƒƒWƒƒƒ|ƒ“,ƒŒƒIƒ^[ƒhAƒnƒCƒŒƒOAƒVƒ‡[ƒcAƒrƒLƒjc‚È‚º—qƒAƒXƒŠ[ƒg‚Ìˆß‘•‚ÍuƒZƒNƒV[v‚ğ‹‚ß‚ç‚ê‚é‚Ì‚©H,https://news.yahoo.co.jp/articles/2100e1cf6774e047c5796c9d6a36832975cab317,8/5(Œ) 20:52
figaro,ƒtƒBƒKƒƒWƒƒƒ|ƒ“,’N‚à‚ªŠy‚µ‚ß‚é…’…‘I‚Ñ‚ÍAu‚¨‚µ‚èƒTƒCƒYv‚ÌŒ©’¼‚µ‚©‚çIH,https://news.yahoo.co.jp/articles/5e5ad18183d7dbe981a9794fa5441a681dd57dcc,8/5(Œ) 18:02
figaro,ƒtƒBƒKƒƒWƒƒƒ|ƒ“,ƒNƒƒCƒGƒbƒgƒ‰ƒOƒWƒ…ƒAƒŠ[‚©‚çƒWƒFƒ“ƒgƒ‹ƒ‰ƒOƒWƒ…ƒAƒŠ[‚ÖBy2024”NH“~ƒgƒŒƒ“ƒh‰ğàbˆäãƒGƒŠ•Òz,https://news.yahoo.co.jp/articles/9e99a0a9b4ed12d763753af6311d6194ac55c16a,8/5(Œ) 12:03
figaro,ƒtƒBƒKƒƒWƒƒƒ|ƒ“,‰Ä‹x‚İ‚Í©•ª‚É‡‚Á‚½‡–°KŠµ‚ğŒ©‹É‚ß‚éƒ`ƒƒƒ“ƒXIHê–å‰Æ‚ª‰ğà,https://news.yahoo.co.jp/articles/c940a2f39f8f06a7a29ab5aa8fa825b07f48596d,8/5(Œ) 9:10
figaro,ƒtƒBƒKƒƒWƒƒƒ|ƒ“,uÃ‚¯‚³‚Ì’†‚É‚ ‚éƒpƒŠ‚ª”ñí‚ÉS’n‚æ‚¢v”M‹C‹…‚Ì¹‰Î‘äAƒtƒ‰ƒ“ƒXl‹LÒ‚Í‚Ç‚¤Š´‚¶‚Ä‚¢‚éH,https://news.yahoo.co.jp/articles/e99692f6855f7f79d3ac432adb159036c0a60fff,8/4(“ú) 14:00
figaro,ƒtƒBƒKƒƒWƒƒƒ|ƒ“,–°‚ç‚¸‚É‹x‘§‚·‚é‹†‹É‚ÌƒŠƒ‰ƒNƒ[[ƒVƒ‡ƒ“–@IHuNSDRv‚ÌÀ‘H‚É‚Â‚¢‚Äê–å‰Æ‚ª‰ğàI,https://news.yahoo.co.jp/articles/a7bab8956a60b9237d8198900db42bd42773f856,8/4(“ú) 12:05
figaro,ƒtƒBƒKƒƒWƒƒƒ|ƒ“,ã–ì…~ƒ}ƒŠƒAƒlƒ‰EƒkƒjƒFƒXAwƒ‰Eƒoƒ„ƒf[ƒ‹x‚Å‰‹¤‰‰‚µ‚½‚Ó‚½‚è‚ªŒê‚éƒoƒŒƒGˆ¤A—x‚èè‚Æ‚µ‚Ä‚Ì”é˜bB,https://news.yahoo.co.jp/articles/6222798f9ec82da408cf34536141b6dd55804b57,8/4(“ú) 10:19
figaro,ƒtƒBƒKƒƒWƒƒƒ|ƒ“,ƒAƒƒŠƒJ—q‘Ì‘€‘Iè‚Ì‘Il’†Au‚ ‚é–ğŠ„v‚ğ‰Ê‚½‚µ‚Ä‚¢‚½ƒS[ƒ‹ƒfƒ“EƒŒƒgƒŠƒo[‚ª˜b‘è‚ÉI,https://news.yahoo.co.jp/articles/fabe8b3e422ab1aa26a37fadd7a759379db96842,8/3(“y) 20:30
figaro,ƒtƒBƒKƒƒWƒƒƒ|ƒ“,uƒJƒ‰ƒ_‚Ì‘Š«v‚Í–{“–‚É‘¶İ‚·‚éH«¶Šˆ‚É‚Ü‚Â‚í‚é‘f–p‚È‹^–âAê–å‰Æ‚Ì“š‚¦‚Æ‚Í,https://news.yahoo.co.jp/articles/aa0f099730df133b827e5aecde0b7f123b47bc9f,8/3(“y) 20:03
figaro,ƒtƒBƒKƒƒWƒƒƒ|ƒ“,u–l‚ç‚Í‰½\”NŠÔ‚à”ñí‚Ée‚µ‚¢ŠÖŒW‚É‚ ‚évƒWƒ‡ƒj[EƒfƒbƒvAŒ³ƒp[ƒgƒi[‚Ìƒ”ƒ@ƒlƒbƒTEƒpƒ‰ƒfƒB‚ğ•`‚¢‚½ŠG‰æ‚ª˜b‘è‚ÉI,https://news.yahoo.co.jp/articles/975cb52efe4f564b1ff680dd7f6603d7187358e1,8/3(“y) 17:30
figaro,ƒtƒBƒKƒƒWƒƒƒ|ƒ“,ƒVƒ“ƒfƒBEƒNƒƒtƒH[ƒhAˆ¤–ºƒJƒCƒAEƒK[ƒo[‚Æ‚Æ‚à‚É‚¨‘µ‚¢‚ÌŒ¨o‚µƒuƒ‰ƒbƒNƒhƒŒƒX‚Å“oêI,https://news.yahoo.co.jp/articles/c6382976bad1988bf1685a2f07a4a39e90caf2c5,8/3(“y) 16:00
figaro,ƒtƒBƒKƒƒWƒƒƒ|ƒ“,uƒtƒ‰ƒ“ƒX‚Ì‰p—Y‚ÍƒWƒ_ƒ“‚¾IIvƒIƒŠƒ“ƒsƒbƒN‚ÌŠJ‰ï®Aƒtƒ‰ƒ“ƒXlŒ»’n‹LÒ‚Í‚Ç‚Ì‚æ‚¤‚ÉŒ©‚Ä‚¢‚½H,https://news.yahoo.co.jp/articles/031bbf828faa766c62bb164f882f1b72bd529b82,8/3(“y) 15:00
figaro,ƒtƒBƒKƒƒWƒƒƒ|ƒ“,¡”N‰Ÿ‚³‚¦‚Ä‚¨‚«‚½‚¢Ä’–ÚƒAƒCƒeƒ€‚ÍƒR[ƒgIy2024”NH“~ƒgƒŒƒ“ƒh‰ğàb“n•ÓO’Ãq•Òz,https://news.yahoo.co.jp/articles/0cc72930b78c8f5b99b33e02c40d0c522e79ef17,8/3(“y) 12:03
figaro,ƒtƒBƒKƒƒWƒƒƒ|ƒ“,Œ‹¥10ü”N‚ğj‚¤ƒhƒŒƒX‚ğ”â˜II ƒIƒŠƒ”ƒBƒAEƒpƒŒƒ‹ƒ‚‚ªŒ‹¥”â˜I‰ƒ‚ğŠJÃB,https://news.yahoo.co.jp/articles/2ec980ab35dabdb1622ecdefb183a5041865e8d7,8/3(“y) 10:30
figaro,ƒtƒBƒKƒƒWƒƒƒ|ƒ“,•Ğè‚Íƒ|ƒPƒbƒg‚ÉA–Ú‚É‚ÍƒXƒR[ƒv‚ğ‚Â‚¯‚ÄcŠØ‘l—qËŒ‚‘IèA‚Ü‚é‚Åuƒ}ƒ“ƒK‚ÌƒLƒƒƒ‰‚İ‚½‚¢v‚ÅƒJƒbƒR‚æ‚·‚¬‚¾‚Æ˜b‘è‚ÉI,https://news.yahoo.co.jp/articles/9cf504dccdda66349fb2e2e3b70fec895b993836,8/2(‹à) 19:03
figaro,ƒtƒBƒKƒƒWƒƒƒ|ƒ“,ƒIƒŠƒ“ƒsƒbƒN‚Ì‚ği‚éƒIƒtƒBƒVƒƒƒ‹ƒ^ƒCƒ€ƒL[ƒp[AƒIƒƒK‚Ì—ğj‚Æ‚ÍH,https://news.yahoo.co.jp/articles/1064abd8bf0d6b29df023aebf6c819c7bb3f47e7,8/2(‹à) 19:01
figaro,ƒtƒBƒKƒƒWƒƒƒ|ƒ“,–ì‹…–X‚âƒwƒ‹ƒƒbƒg‚ÍNGHƒA[ƒ`ƒFƒŠ[‘Iè‚ªuƒoƒPƒbƒgƒnƒbƒgv‚ğD‚ñ‚Å‚©‚Ô‚é——R‚Æ‚Í,https://news.yahoo.co.jp/articles/4987c676475fa7f1af2df1b7004ed11b23d7d9c6,8/2(‹à) 18:04
figaro,ƒtƒBƒKƒƒWƒƒƒ|ƒ“,ƒpƒŠƒWƒFƒ“ƒkAƒxƒlƒfƒBƒNƒg‚Æˆ¤Œ¢ƒ^ƒsƒIƒJ‚Ì“úíI,https://news.yahoo.co.jp/articles/0a2b6e81ce43774b6ec9d2e8714929312fe8430b,8/2(‹à) 12:06
figaro,ƒtƒBƒKƒƒWƒƒƒ|ƒ“,ƒƒCƒ„ƒ‹ƒtƒ@ƒ~ƒŠ[‚Ì—ğ‘ãƒIƒŠƒ“ƒsƒbƒNŠÏíƒtƒ@ƒbƒVƒ‡ƒ“‚ğ‘‚Ü‚Æ‚ßI,https://news.yahoo.co.jp/articles/3020009b8741b504fb4c950ac5b2a16af228d01a,8/2(‹à) 12:05
figaro,ƒtƒBƒKƒƒWƒƒƒ|ƒ“,SNSã‚Å˜_‘ˆ‚ª–u”­I ƒAƒCƒ‰ƒCƒ“‚Í‚à‚¤ƒgƒŒƒ“ƒh‚Å‚Í‚È‚¢‚Ì‚©‚à‚µ‚ê‚È‚¢B,https://news.yahoo.co.jp/articles/547933057568e64b314c0d224b13e8ec29837304,8/1(–Ø) 18:00
figaro,ƒtƒBƒKƒƒWƒƒƒ|ƒ“,ƒRƒREƒƒVƒƒAƒRƒŠƒ“EƒWƒ‡[ƒ“ƒY......Al‹Cƒ‚ƒfƒ‹‚½‚¿‚Ì„•‚ğ“ËŒ‚ƒXƒiƒbƒvI,https://news.yahoo.co.jp/articles/b0d582566be8fb3fc35742487618d2fd06d4154f,8/1(–Ø) 12:03
figaro,ƒtƒBƒKƒƒWƒƒƒ|ƒ“,ƒXƒyƒCƒ“‚ÌƒŒƒeƒBƒVƒA‰¤”ÜAƒ{ƒfƒBƒ‰ƒCƒ“‚à˜I‚í‚ÈƒVƒ‹ƒo[‚ÌƒXƒŠƒbƒvƒhƒŒƒX‚Å“oê‚µ˜b‘è‚ÉI,https://news.yahoo.co.jp/articles/83b835288d3f9c8d6179f878f9a6960982d23051,8/1(–Ø) 11:20
figaro,ƒtƒBƒKƒƒWƒƒƒ|ƒ“,u¢ŠE‚ÅÅ‚àƒZƒNƒV[‚ÈƒAƒXƒŠ[ƒgvIHƒpƒŠŒÜ—Ö‚É‚àoêA‰½•S–œl‚à‚ÌƒtƒHƒƒ[‚ª‚¢‚éƒhƒCƒc‚Ì—q—¤ã‘Iè‚Æ‚ÍH,https://news.yahoo.co.jp/articles/7603278559286fa9cc8c0bf03afe9bd6e9ab4909,7/31(…) 20:40
figaro,ƒtƒBƒKƒƒWƒƒƒ|ƒ“,ƒVƒƒƒ“ƒ[ƒŠƒ[‚ÉƒI[ƒvƒ“‚µ‚Ä‚¢‚éAƒpƒŠƒIƒŠƒ“ƒsƒbƒN2024Œö®ƒOƒbƒY‚ÌƒƒKƒXƒgƒA‚Æ‚ÍH,https://news.yahoo.co.jp/articles/af47cc8844f0a7caeb04ff964f0644dc1d536253,7/31(…) 18:10
figaro,ƒtƒBƒKƒƒWƒƒƒ|ƒ“,‹‚¢“ú‚É‚Í‚±‚êI ƒLƒ…ƒEƒŠ‚ÆŠ¹‹k‚ÌƒXƒp[ƒNƒŠƒ“ƒOƒhƒŠƒ“ƒNB,https://news.yahoo.co.jp/articles/fd01af0afa8cd1f9fbcc19aaca21443fc85e77ce,7/31(…) 12:05
figaro,ƒtƒBƒKƒƒWƒƒƒ|ƒ“,ˆê“ú’†AH—~‚É”Y‚Ü‚³‚ê‚éŒ´ˆö‚ÉH ƒIƒŒƒ“ƒWƒWƒ…[ƒX‚ğ’©‚Éˆù‚Ü‚È‚¢‚Ù‚¤‚ª‚¢‚¢2‚Â‚Ì——R‚Æ‚ÍH,https://news.yahoo.co.jp/articles/3c144c80992cafbefa1a4bfefdf3f0f25db230c7,7/31(…) 11:51
figaro,ƒtƒBƒKƒƒWƒƒƒ|ƒ“,‰p‘‚Ì”ò‚Ñ‚İ‘IèAŒÜ—ÖQ‰Á”ï‚ğ‰Ò‚¬o‚·‚½‚ß‚Éu”¼—‡‚ÌÊ^v‚ğ”„‚Á‚Ä‚¢‚½IHƒƒ_ƒŠƒXƒg‚Å‚àŒµ‚µ‚¢‘Iè‚½‚¿‚ÌÀî‚Æ‚Í,https://news.yahoo.co.jp/articles/b54d6111d17097d77f67e6033f9051bd63a0a8d5,7/30(‰Î) 22:47
figaro,ƒtƒBƒKƒƒWƒƒƒ|ƒ“,ƒgƒ€EƒNƒ‹[ƒYAƒŒƒfƒB[EƒKƒKAƒAƒŠƒAƒiEƒOƒ‰ƒ“ƒfAƒVƒƒƒ‹ƒŒ[ƒkŒö”Ü...ƒIƒŠƒ“ƒsƒbƒNŠÏí‚ÉW‚Ü‚Á‚½ƒZƒŒƒu‚½‚¿I,https://news.yahoo.co.jp/articles/23facf40fc78f5211773a5faf01347277d96adb3,7/30(‰Î) 22:18
figaro,ƒtƒBƒKƒƒWƒƒƒ|ƒ“,‚È‚º‚©ïæ‚³‚ê‘±‚¯‚éŠÖŒWB‚ ‚È‚½‚Íu•‚¯‚½‚¢ÇŒóŒQv‚ÉŠ×‚Á‚Ä‚¢‚È‚¢H,https://news.yahoo.co.jp/articles/62f27f914b4b7f6f34cf5df2cf4059fd1f9aa988,7/30(‰Î) 18:03
figaro,ƒtƒBƒKƒƒWƒƒƒ|ƒ“,yƒXƒ^ƒCƒŠƒXƒgR–{ƒ}ƒi—¬zƒXƒ^ƒCƒ‹‚ğì‚éTƒVƒƒƒcA4‚Â‚Ì‘I‚Ñ•ûB,https://news.yahoo.co.jp/articles/6c7f865e064f67de97cac6149ac42306be3de62e,7/30(‰Î) 12:06
figaro,ƒtƒBƒKƒƒWƒƒƒ|ƒ“,‰Ä‚Ì‹‚³‚ğ—â‚Ü‚µ‚ÄS‚ğƒPƒA‚·‚éAƒGƒr‚ÆƒS[ƒ„‚Ì‚Ğ‚Æ‚­‚¿ƒRƒƒbƒPB,https://news.yahoo.co.jp/articles/5d21f6c5b7bc713c36952c7b8f1c78456cee16ea,7/30(‰Î) 11:33
figaro,ƒtƒBƒKƒƒWƒƒƒ|ƒ“,’EƒTƒuƒoƒbƒOéŒ¾AŸ‚È‚éƒGƒfƒBƒ^[ƒYƒoƒbƒO‚Í‚±‚êI,https://news.yahoo.co.jp/articles/bf84d6ed4acc26e505914b90a31ade0196f33570,7/29(Œ) 21:40
figaro,ƒtƒBƒKƒƒWƒƒƒ|ƒ“,ƒpƒŠ‚ğ—£‚ê‚éƒZƒŠ[ƒkEƒfƒBƒIƒ“AÔ‚Ìã‚©‚çƒtƒ@ƒ“‚Ìº‰‡‚É‰‚¦‚é—lq‚ª˜b‘è‚ÉI,https://news.yahoo.co.jp/articles/b1e161c91bab363ed4c4d71f531cd958fd372049,7/29(Œ) 20:40
figaro,ƒtƒBƒKƒƒWƒƒƒ|ƒ“,—«‚ÌX”NŠú–â‘è‚ÍA‚¢‚Ü‚¾‚Éd–‚Ìê‚Åƒ^ƒu[‹‚³‚ê‚Ä‚¢‚éH—‰ğ‚ªi‚Ü‚È‚¢——R‚Æ‚ÍH,https://news.yahoo.co.jp/articles/3c5367974c268ddf4aae6b03f17c2a0f2e65d1f0,7/29(Œ) 20:11
figaro,ƒtƒBƒKƒƒWƒƒƒ|ƒ“,ƒ‚ƒmƒg[ƒ“‚âƒ~ƒjƒ}ƒŠƒYƒ€‚Í‘ã’x‚ê!? Z¢‘ã‚É•s•]‚ÌƒCƒ“ƒeƒŠƒAA6‚Â‚Ì“Á’¥‚Æ‚ÍB,https://news.yahoo.co.jp/articles/2844cae1620bc4e96e9c33a12b09b18204eb4f8e,7/29(Œ) 9:10
figaro,ƒtƒBƒKƒƒWƒƒƒ|ƒ“,‚¢‚Â‚©—ˆ‚é‚»‚Ì“úBe‚Ì˜V‚¢‚Æ‚¢‚¤Œ»À‚ğó‚¯“ü‚ê‚é‚½‚ß‚ÌA5‚Â‚ÌS—Šw“Iƒqƒ“ƒg‚Æ‚ÍH,https://news.yahoo.co.jp/articles/199ca4541c396775ac04a5703218591fa061bb02,7/27(“y) 20:00
figaro,ƒtƒBƒKƒƒWƒƒƒ|ƒ“,u_‚Ì”ä—¦v‚ğ‚ÂŒ¶‚ÌƒVƒƒƒ“ƒp[ƒjƒ…......B“ú–{æs”­”„uƒAƒ“ƒŠEƒWƒ[ DP12vA1–{140–œ‰~‚ğ’´‚¦‚é’´Šó­‚È–¡‚í‚¢‚Æ‚ÍH,https://news.yahoo.co.jp/articles/aa75d3ed926c6e49643d13cd5af35146b6a89e54,7/27(“y) 11:02
figaro,ƒtƒBƒKƒƒWƒƒƒ|ƒ“,‚±‚Ì‰ÄƒpƒŠ‚ğ–K‚ê‚é‚È‚çâ‘Î”ƒ‚¢‚½‚¢IƒIƒŠƒ“ƒsƒbƒN‚É‚¿‚È‚ñ‚¾‚¨“yY10‘IB,https://news.yahoo.co.jp/articles/8e41b6192703c656055e60228ab39ff6cc8beedc,7/27(“y) 8:05
figaro,ƒtƒBƒKƒƒWƒƒƒ|ƒ“,‘å‰J‚Ì’†‚ÌƒIƒŠƒ“ƒsƒbƒNŠJ‰ï®AƒŒƒfƒB[EƒKƒK‚ÌƒpƒtƒH[ƒ}ƒ“ƒX’†‚Éƒ_ƒ“ƒT[‚ª“]“|‚·‚é‰f‘œ‚ª˜b‘è‚É,https://news.yahoo.co.jp/articles/be5948b522c12bd3726dc0f6f87a36aef29d9f35,7/27(“y) 6:00
figaro,ƒtƒBƒKƒƒWƒƒƒ|ƒ“,ƒŒƒfƒB[EƒKƒKAƒIƒŠƒ“ƒsƒbƒN‚ÌŠJ‰ï®‚É‰Ø—í‚É“oêIƒsƒ“ƒN‚Ì‰H‚ğ“Z‚¢AÅŒã‚Í•ƒXƒgƒbƒLƒ“ƒO‚Æƒpƒ“ƒeƒB‚ÌƒLƒƒƒoƒŒ[ƒXƒ^ƒCƒ‹‚É,https://news.yahoo.co.jp/articles/9939c0c993b08196156d39cc58137823ba9cd3ac,7/27(“y) 5:02
figaro,ƒtƒBƒKƒƒWƒƒƒ|ƒ“,uƒXƒ|[ƒc‚ğ‚â‚Á‚Ä‚¢‚él‚Í‘‰‚¹‚Ä‚¢‚È‚«‚áƒ_ƒ‚È‚ÌHvƒIƒŠƒ“ƒsƒbƒN—q_“¹oê‘Iè‚Ì“Še‚ª˜b‘è‚É,https://news.yahoo.co.jp/articles/5e34a2d30dc44261beff752ddda66b732d5a6f16,7/26(‹à) 19:30
figaro,ƒtƒBƒKƒƒWƒƒƒ|ƒ“,ƒrƒWƒ…ƒAƒ‹d‹IƒpƒŠ’Ê‚ª‘I‚ÔA‰Âˆ¤‚¢ƒpƒŠ‚Ì‚¨“yY16‘IB,https://news.yahoo.co.jp/articles/ed413a71c869730fc357044ef831488aa210ce19,7/26(‹à) 18:05
figaro,ƒtƒBƒKƒƒWƒƒƒ|ƒ“,ƒIƒŠƒ“ƒsƒbƒN‚Ì•Â‰ï®Aˆß‘•ƒfƒUƒCƒ“‚ÍƒPƒ”ƒBƒ“EƒWƒFƒ‹ƒ}ƒjƒGB,https://news.yahoo.co.jp/articles/d2df25df3a64d2c11d80ce9d45d61a97d695075a,7/26(‹à) 15:00
figaro,ƒtƒBƒKƒƒWƒƒƒ|ƒ“,ƒIƒKƒ^EƒpƒŠ‚ÌƒeƒB[ƒTƒƒ“‚ÅA˜a‰Ùq‚ğ‚¢‚½‚¾‚«‚Ü‚·B,https://news.yahoo.co.jp/articles/861c3c52e68354ecad8e9655b17816334f822749,7/26(‹à) 12:06
figaro,ƒtƒBƒKƒƒWƒƒƒ|ƒ“,ƒVƒƒƒ‹ƒŒ[ƒkŒö”ÜAƒWƒFƒCƒ\ƒ“EƒXƒeƒCƒTƒ€AƒAƒ“‰¤—...ƒIƒŠƒ“ƒsƒbƒNoê‚ğ–Úw‚µ‚Ä‚¢‚½ˆÓŠO‚ÈƒZƒŒƒu‚½‚¿I,https://news.yahoo.co.jp/articles/aa55a6f727650b5570b5949aaf48b2ff3a0eb21e,7/26(‹à) 11:30
figaro,ƒtƒBƒKƒƒWƒƒƒ|ƒ“,”npŠE‚Ì”ü‚µ‚·‚¬‚éV¯AƒWƒƒƒ“ƒkEƒTƒhƒ‰ƒ“‚Æ‚ÍH,https://news.yahoo.co.jp/articles/3eb17f84dbf0156f3bbf1820f153e4a5ab3918e5,7/25(–Ø) 20:30
figaro,ƒtƒBƒKƒƒWƒƒƒ|ƒ“,‰Ô‘©‚âƒVƒƒƒ“ƒpƒ“‚ÍNG!? ƒtƒ‰ƒ“ƒXl‚ÉŠw‚Ôuï–¡‚Ì‚¢‚¢è“yYv‚Æ‚ÍH,https://news.yahoo.co.jp/articles/518a256d28c0f38cb5b7eed474d16944093acc5c,7/25(–Ø) 20:00
figaro,ƒtƒBƒKƒƒWƒƒƒ|ƒ“,ƒpƒŠ‚ÅuƒVƒ‡[ƒgƒpƒ“ƒcv‚ª—¬s’†I ‘ål‚Ì‚½‚ß‚Ì3‚Â‚Ì’…‚±‚È‚µ‚ğSNAPB,https://news.yahoo.co.jp/articles/12f9c53ff4a68292a9bef8d3c3cad5e9ec5bc465,7/25(–Ø) 18:04
figaro,ƒtƒBƒKƒƒWƒƒƒ|ƒ“,ƒpƒŠƒIƒŠƒ“ƒsƒbƒN‚ÌŒö®ƒLƒƒƒbƒv‚É‚Ğ‚Æ–Ú›‚êI,https://news.yahoo.co.jp/articles/b574cec0bae91a3684927d9796ffe55640de547f,7/25(–Ø) 18:01
figaro,ƒtƒBƒKƒƒWƒƒƒ|ƒ“,yƒIƒj[ƒ‹”ªØ˜AÚvol.2z‚Ó‚½‚è‚ÌƒAƒ‹ƒuƒŒƒqƒg‚ÆI –²‚ğŠ‚¦‚Ä‰–ğ‚Å—x‚Á‚½ƒWƒ[ƒ‹B,https://news.yahoo.co.jp/articles/0089276a259cdb8d6289ac1c015cbe408f852793,7/25(–Ø) 12:05
figaro,ƒtƒBƒKƒƒWƒƒƒ|ƒ“,ƒpƒŠƒIƒŠƒ“ƒsƒbƒN‚Ì‘Iè‘ºAu”üH‚Ì‘v‚Å’ñ‹Ÿ‚³‚ê‚é‹Á‚«‚Ì—¿—‚Æ‚ÍH,https://news.yahoo.co.jp/articles/5ab2504ff39d295bfbf86e2cc5f4c86b56c153c0,7/25(–Ø) 8:04
figaro,ƒtƒBƒKƒƒWƒƒƒ|ƒ“,u’j«‚ªƒXƒJ[ƒg‚ğ—š‚­Œ —˜‚ª‚ ‚Á‚Ä‚à—Ç‚¢vƒtƒ‰ƒ“ƒXl’jq—¤ã‘IèAŠJ‰ï®ˆß‘•‚ÌƒtƒBƒbƒeƒBƒ“ƒO’†‚ÉƒXƒJ[ƒg‚ğ’…‚·‚é“®‰æ‚ª˜b‘è‚ÉI,https://news.yahoo.co.jp/articles/bb1707a5bf7b45013174c8694130ab4c757f6868,7/24(…) 19:00
figaro,ƒtƒBƒKƒƒWƒƒƒ|ƒ“,Šù‚ÉƒXƒj[ƒJ[‚ÍŠ®”„BuƒX[ƒxƒjƒAv‚ğƒe[ƒ}‚É‚µ‚½ƒRƒ“ƒo[ƒX‚ÌŒÀ’èTƒVƒƒƒc‚ª—~‚µ‚¢I,https://news.yahoo.co.jp/articles/4d68b2cb1ab29650ba0c474edc93418b5f8388e2,7/24(…) 18:02
figaro,ƒtƒBƒKƒƒWƒƒƒ|ƒ“,ƒŒƒfƒB[EƒKƒKAƒZƒŠ[ƒkEƒfƒBƒIƒ“‚ªƒpƒŠ‚É“’…IƒIƒŠƒ“ƒsƒbƒN‚ÌŠJ‰ï®‚Éo‰‰‚©H,https://news.yahoo.co.jp/articles/f2d24d09b6fc165f445a2efe4c0127f99749f0ae,7/24(…) 18:00
figaro,ƒtƒBƒKƒƒWƒƒƒ|ƒ“,uƒz[ƒ€ƒŒƒX‚ğªâ‚·‚évƒEƒBƒŠƒAƒ€c‘¾qAƒhƒLƒ…ƒƒ“ƒ^ƒŠ[‚Éo‰‰‚µ•Ÿƒ–‹Æ‚ğ‘i‚¦‚é,https://news.yahoo.co.jp/articles/95e8645eae825491e5759692010221268be3c20c,7/24(…) 13:40
figaro,ƒtƒBƒKƒƒWƒƒƒ|ƒ“,ƒWƒ‡ƒ“EƒKƒŠƒA[ƒmAƒ}ƒ‹ƒWƒFƒ‰‚ÌƒA[ƒeƒBƒXƒeƒBƒbƒNƒfƒBƒŒƒNƒ^[‚ğ‘Ş”C‚Ö,https://news.yahoo.co.jp/articles/abd3b04cf3a37d2035e8c746f267a3a1261d5700,7/23(‰Î) 20:30
figaro,ƒtƒBƒKƒƒWƒƒƒ|ƒ“,u‚¢‚Â‚à”ü‚µ‚­A‚¢‚Â‚àƒGƒŒƒKƒ“ƒgv–º‚ª“Še‚µ‚½ƒAƒ‰ƒ“Eƒhƒƒ“‚ÌÊ^A‘Š•Ï‚í‚ç‚¸ƒCƒPƒƒ“‚·‚¬‚é‚Æ˜b‘è‚ÉI,https://news.yahoo.co.jp/articles/6b2eee41444d2523c8a824e38db96cd0cb99a806,7/23(‰Î) 19:40
figaro,ƒtƒBƒKƒƒWƒƒƒ|ƒ“,ƒWƒ‡[ƒW‰¤q11Î‚ÉI™zX‚µ‚¢ƒX[ƒcp‚ÌÊ^‚ÍƒLƒƒƒTƒŠƒ“c‘¾q”Ü‚ªB‰e,https://news.yahoo.co.jp/articles/4769fa45eda8273f4587274b8582151e261cb7cc,7/23(‰Î) 19:30
figaro,ƒtƒBƒKƒƒWƒƒƒ|ƒ“,61Î‚ÌƒWƒ‡ƒj[EƒfƒbƒvA28Î‚ÌƒƒVƒAlƒ‚ƒfƒ‹‚ÆŒğÛ’†IƒƒVƒAî•ñ‹@ŠÖ‚Ì—{¬ŠwZ‚É’Ê‚Á‚Ä‚¢‚½”Ş—‚ÌŒo—ğ‚Æ‚Í,https://news.yahoo.co.jp/articles/6ba0f6bc4f22556f5ae6ed734d96f5a0a2d4efd1,7/23(‰Î) 14:10
figaro,ƒtƒBƒKƒƒWƒƒƒ|ƒ“,ƒrƒ‹ƒPƒ“ƒVƒ…ƒgƒbƒNALA‚ÉƒIƒ}[ƒWƒ…‚ğ•ù‚°‚½‰Ä‚ÌVìB,https://news.yahoo.co.jp/articles/234dcd59b45145e9c059eddc6b5005ef9f3f6194,7/23(‰Î) 12:03
figaro,ƒtƒBƒKƒƒWƒƒƒ|ƒ“,“¬•a’†‚ÌƒLƒƒƒTƒŠƒ“c‘¾q”ÜA‰Ä‹x‚İ‚Ì—\’è‚ÍH,https://news.yahoo.co.jp/articles/94711acfc3fc827eb6a7d094c5d7de4dc27ae62b,7/22(Œ) 18:03
figaro,ƒtƒBƒKƒƒWƒƒƒ|ƒ“,‚¢‚Ü’m‚Á‚Ä‚¨‚­‚×‚«A“ú–{‰ã—¤‚Ì’–Úƒuƒ‰ƒ“ƒhB,https://news.yahoo.co.jp/articles/b4a2cf71d218fa6530b98f0193a0960dc96e4259,7/22(Œ) 18:02
figaro,ƒtƒBƒKƒƒWƒƒƒ|ƒ“,ƒIƒŠƒ“ƒsƒbƒNƒ‚ƒ“ƒSƒ‹‘ã•\‚Ìƒ†ƒjƒtƒH[ƒ€Au‹àƒƒ_ƒ‹‹‰v‚ÌƒfƒUƒCƒ“‚¾‚Æ‘åD•]I,https://news.yahoo.co.jp/articles/897f9fc15b0365838348c59ab3a12423395be65a,7/22(Œ) 13:00
figaro,ƒtƒBƒKƒƒWƒƒƒ|ƒ“,wƒvƒ‰ƒ_‚ğ’…‚½ˆ«–‚xA–ñ20”N‚Ô‚è‚Ì‘±•Òƒjƒ…[ƒXI isó‹µ‚ÍH,https://news.yahoo.co.jp/articles/ff91cf21dcf964b45351041806ca2f3470af6689,7/22(Œ) 12:11
figaro,ƒtƒBƒKƒƒWƒƒƒ|ƒ“,90Î‚É‚È‚Á‚½‹ AƒWƒ‡ƒ‹ƒWƒIEƒAƒ‹ƒ}[ƒj‚É6000•¶š‚Ì“ÆèƒCƒ“ƒ^ƒrƒ…[B,https://news.yahoo.co.jp/articles/45598dffdeaa0ed882f85bdb8c94574afc3cced3,7/22(Œ) 12:01
figaro,ƒtƒBƒKƒƒWƒƒƒ|ƒ“,™ç‰Ô‚ªƒiƒrƒQ[ƒgI4‚Â‚ÌTƒVƒƒƒcƒXƒ^ƒCƒ‹A^‰Ä‚ÌÅ“K‰ğB,https://news.yahoo.co.jp/articles/76abc9b5a579bdd4c62965d59e8b616dfbe472ff,7/22(Œ) 11:01
figaro,ƒtƒBƒKƒƒWƒƒƒ|ƒ“,ƒJƒtƒF‚ÆƒMƒƒƒ‰ƒŠ[‚ÅAƒfƒUƒCƒ“ƒVƒeƒBEƒoƒ“ƒRƒN‚ğ„‚éByƒ^ƒC‚ÌƒfƒUƒCƒ“•ƒA[ƒgz,https://news.yahoo.co.jp/articles/0c794ce2aa14fca2fa1b653ecf58ada3801be417,7/21(“ú) 18:01
figaro,ƒtƒBƒKƒƒWƒƒƒ|ƒ“,yƒIƒj[ƒ‹”ªØ˜AÚ vol.1z4‚Â‚Ì‘A4‚Â‚Ì“ss‚ÅA¢ŠE‚ª•‘‘ä‚ÌƒoƒŒƒGl¶B,https://news.yahoo.co.jp/articles/7052e126d0c003a017f9fef6924e123da69a7699,7/21(“ú) 12:02
figaro,ƒtƒBƒKƒƒWƒƒƒ|ƒ“,‚³‚âo‚Ì”ü—e‚¨”Y‚İ‘Š’kºBVol.3,https://news.yahoo.co.jp/articles/4bdd0a9901efc022e310eb126013084a8cef6c4a,7/20(“y) 22:10
figaro,ƒtƒBƒKƒƒWƒƒƒ|ƒ“,‚¨‚µ‚á‚êƒvƒ‚ª–{‹C‚Å‘I‚ñ‚¾‚¼‚Á‚±‚ñTƒVƒƒƒcyƒXƒ^ƒCƒŠƒXƒg²“¡“Ş’Ã”ü•Òz,https://news.yahoo.co.jp/articles/8293f08d72f4860c75b213f0de27f8e8090677b2,7/20(“y) 18:01
figaro,ƒtƒBƒKƒƒWƒƒƒ|ƒ“,ƒ‹ƒCEƒ”ƒBƒgƒ“‚Ìƒ‚ƒmƒOƒ‰ƒ€‚Æƒ_ƒ~ƒG‚ªA ƒpƒŠƒIƒŠƒ“ƒsƒbƒN‚Ìƒƒ_ƒ‹‚Æ¹‰Îƒg[ƒ`‚Ìƒgƒ‰ƒ“ƒN‚É,https://news.yahoo.co.jp/articles/29962a5c974545956cd9c797a249d939baa93594,7/20(“y) 12:03
figaro,ƒtƒBƒKƒƒWƒƒƒ|ƒ“,2024”N‚Ì…’…ƒgƒŒƒ“ƒh‚Íu˜Io“x‚‚ßv‚ÅuƒŒƒgƒv‚ªƒ|ƒCƒ“ƒgIHƒZƒŒƒu‚½‚¿‚Ì’…‚±‚È‚µ‚ğƒ`ƒFƒbƒN,https://news.yahoo.co.jp/articles/7eddc9e3b1dc68a20724aa309bacc49df198c55f,7/19(‹à) 20:32
figaro,ƒtƒBƒKƒƒWƒƒƒ|ƒ“,ƒIƒŠƒ“ƒsƒbƒN’¼‘O‚ÌƒpƒŠB”’’¹‚ª•‘‚¢Aƒ†[ƒSEƒ}ƒ‹ƒVƒƒƒ“‚ª¹‰Î‚ğŒf‚°‚½B,https://news.yahoo.co.jp/articles/e69a4846b240eb90953f8ee3ed2086d39c9c58c9,7/19(‹à) 18:07
figaro,ƒtƒBƒKƒƒWƒƒƒ|ƒ“,‚È‚µ•ö‚µ“I‚É«sˆ×‚É‚¢‚½‚Á‚½­—A‚»‚ÌŒ‹––‚Æ‚ÍH‚·‚×‚Ä‚Ìl‚Éh‚³‚é‰f‰æwHOW TO HAVE SEXxB,https://news.yahoo.co.jp/articles/1cb289761a2a1c3884e0853518662b60280901a9,7/19(‹à) 15:00
figaro,ƒtƒBƒKƒƒWƒƒƒ|ƒ“,uƒAƒfƒBƒ_ƒX~ƒEƒF[ƒ‹ƒY ƒ{ƒi[v‚ÌƒRƒ‰ƒ{ƒXƒj[ƒJ[‚ªÄ”MI,https://news.yahoo.co.jp/articles/35dc983c19a79f8b6fc753ce8a2e4429508fc535,7/19(‹à) 12:06
figaro,ƒtƒBƒKƒƒWƒƒƒ|ƒ“,ƒCƒ“ƒh‚Ì‘å•x‹‚ÌŒ‹¥®‚ÉQ—ñ‚µ‚½ƒLƒ€EƒJ[ƒ_ƒVƒAƒ“Aƒtƒ@ƒbƒVƒ‡ƒ“‚ªuƒZƒNƒV[‚·‚¬‚év‚Æ^”Û—¼˜_IH,https://news.yahoo.co.jp/articles/3c79bd25ab192409ee8b5c65e19bae4101df8f2a,7/18(–Ø) 20:31
figaro,ƒtƒBƒKƒƒWƒƒƒ|ƒ“,‰œó‘‚ÌƒCƒ^ƒŠƒAƒ“uƒiƒRƒ‹v‚ÅA‚Æ‚ë‚¯‚éVHŠ´‚Ì¶ƒnƒ€‚Éƒiƒ`ƒ…ƒ‰ƒ‹ƒƒCƒ“‚ğ‡‚í‚¹‚ÄI,https://news.yahoo.co.jp/articles/935a18f73942590140432af8882cb830721e6f46,7/18(–Ø) 12:05
figaro,ƒtƒBƒKƒƒWƒƒƒ|ƒ“,u‘S¢ŠE‚ÌÎ‚¢‚à‚ÌvƒIƒŠƒ“ƒsƒbƒN‚Ì¹‰ÎƒpƒŠ“’…‚ÌƒpƒtƒH[ƒ}ƒ“ƒXAƒlƒbƒg‚Å”á”»E“‚¾‚Á‚½——R‚Æ‚ÍH,https://news.yahoo.co.jp/articles/a1a32aeda4c53a67771f1ca5a3ed3df819493ba7,7/18(–Ø) 11:31
figaro,ƒtƒBƒKƒƒWƒƒƒ|ƒ“,ƒ‰ƒCƒ_[ƒXƒWƒƒƒPƒbƒg‚Ì‰º‚Íu‰½‚à“Z‚í‚È‚¢vIHÕŒ‚‚ÌƒZƒNƒV[ƒtƒ@ƒbƒVƒ‡ƒ“‚ÅƒvƒŒƒ~ƒAã‰f‚É“oê‚µ‚½——D‚Æ‚ÍH,https://news.yahoo.co.jp/articles/0c16422a0c76779cde8343145017ba231215f114,7/17(…) 20:30
figaro,ƒtƒBƒKƒƒWƒƒƒ|ƒ“,ƒ~ƒ‰EƒWƒ‡ƒ”ƒHƒrƒbƒ`‚Ì–ºƒGƒ”ƒ@[EƒAƒ“ƒ_[ƒ\ƒ“Aá‚¢ ‚Ì•ê‚»‚Á‚­‚è‚ÈÊ^‚ª˜b‘è‚ÉI,https://news.yahoo.co.jp/articles/2570a7a6a3e3bc597f24c23314ff6696d8880de3,7/17(…) 18:30
figaro,ƒtƒBƒKƒƒWƒƒƒ|ƒ“,ƒVƒƒƒƒ“EƒXƒg[ƒ“A‰º’…‚ÆƒnƒCƒq[ƒ‹‚¾‚¯‚ğg‚É‚Â‚¯w•X‚Ì”÷Îx‚Ìƒ|[ƒY‚ğÄŒ»I,https://news.yahoo.co.jp/articles/be890a5d11e284cfac7842427f97f554a3e86850,7/16(‰Î) 20:30
figaro,ƒtƒBƒKƒƒWƒƒƒ|ƒ“,ƒ‹[EƒhƒƒCƒˆƒ“A•êƒWƒF[ƒ“Eƒo[ƒLƒ“‚Ì1üŠõ‚ÉƒƒbƒZ[ƒW‚ğ“Še,https://news.yahoo.co.jp/articles/bb5cc8b26e3264a9ea90feb5733c97eea1a5ae94,7/16(‰Î) 19:50
figaro,ƒtƒBƒKƒƒWƒƒƒ|ƒ“,—Ã—{’†‚ÌƒLƒƒƒTƒŠƒ“c‘¾q”ÜAƒEƒBƒ“ƒuƒ‹ƒhƒ“‚ÌŒˆŸ‚É‡‚ÌƒhƒŒƒX‚Å“oêI,https://news.yahoo.co.jp/articles/51df5a326cb5f90f1a8329e04c8f30448d4dca81,7/16(‰Î) 15:30
figaro,ƒtƒBƒKƒƒWƒƒƒ|ƒ“,ƒuƒ‰ƒsA‚ß‚¸‚ç‚µ‚­26Î”N‰º‚Ì—öl‚Æ“oêI ƒpƒXƒeƒ‹ƒJƒ‰[‚Ìƒtƒ@ƒbƒVƒ‡ƒ“‚É’–Ú,https://news.yahoo.co.jp/articles/c7a606f6116cab70c49a0d9af203c72565f23fe3,7/16(‰Î) 12:50
figaro,ƒtƒBƒKƒƒWƒƒƒ|ƒ“,ƒeƒ‰ƒX‚ÅƒVƒƒƒ“ƒp[ƒjƒ…‚ğI@ƒtƒŠ[ƒtƒ[‚ª‚¤‚ê‚µ‚¢ƒŒƒXƒgƒ‰ƒ“3‘IB,https://news.yahoo.co.jp/articles/28a8e921ce104a6ead9a172673ac8306d6c975ca,7/16(‰Î) 12:06
figaro,ƒtƒBƒKƒƒWƒƒƒ|ƒ“,ƒWƒF[ƒ“Eƒo[ƒLƒ“‚ª—·—§‚Á‚Ä‚©‚ç1”Nc‹L–‚ğ’S“–‚µ‚½AŒ³ƒtƒBƒKƒ•ÒW’·‚ª“–‚ğ‰ñ‘z,https://news.yahoo.co.jp/articles/f42ffcc43ab51e42ad07e3e45d821cda4c130e9d,7/16(‰Î) 12:06
figaro,ƒtƒBƒKƒƒWƒƒƒ|ƒ“,ƒXƒyƒCƒ“‚ÌƒŒƒIƒm[ƒ‹‰¤—‚Æƒ\ƒtƒBƒA‰¤—A‚¨‘µ‚¢‚Ì”’‚¢ƒtƒ@ƒbƒVƒ‡ƒ“‚ª”ü‚µ‚·‚¬‚é‚Æ˜b‘è‚ÉI,https://news.yahoo.co.jp/articles/a81f46cc03f75c41f03d2fc902cdbc16c965ccc7,7/16(‰Î) 9:30
figaro,ƒtƒBƒKƒƒWƒƒƒ|ƒ“,‚±‚Ì‰ÄAƒŠƒAƒ‹‚É—~‚µ‚¢I ‘ål‚Ì…’…10‘IB,https://news.yahoo.co.jp/articles/61035fbb35b91b5e6ac71be8316a2246306df0a8,7/15(Œ) 12:01
figaro,ƒtƒBƒKƒƒWƒƒƒ|ƒ“,ƒeƒBƒ€Eƒo[ƒgƒ“‚Æƒ‚ƒjƒJEƒxƒ‹ƒbƒ`‚ÌƒJƒbƒvƒ‹A^‚Á•‚È•‚Åƒ[ƒ}‚É“oêI,https://news.yahoo.co.jp/articles/4e162056c5fa652f2b1284fbab86361fdf546600,7/14(“ú) 17:00
figaro,ƒtƒBƒKƒƒWƒƒƒ|ƒ“,ƒ~ƒ“EƒqƒWƒ“‚ª’…‚½A‘ºã—²~NewJeansƒRƒ‰ƒ{TƒVƒƒƒc‚ğ’Ç‚¢‹‚ß‚ÄB,https://news.yahoo.co.jp/articles/fe7dd6a9d33bc213e614a86d12b95f4aeb31afac,7/14(“ú) 12:05
figaro,ƒtƒBƒKƒƒWƒƒƒ|ƒ“,ƒVƒƒ[ƒƒbƒg‰¤—‚Æƒ‹ƒC‰¤qA‰¤º‚ÌƒXƒŠƒ€‰»‚Å”íŠQ‚ğó‚¯‚é‰Â”\«‚ªH,https://news.yahoo.co.jp/articles/0bf130201b60fb2400c5d9604a5bb0a1bd85be10,7/14(“ú) 11:30
figaro,ƒtƒBƒKƒƒWƒƒƒ|ƒ“,ğ”N—£¥‚µ‚½ƒiƒ^ƒŠ[Eƒ|[ƒgƒ}ƒ“‚ÉV—ölH,https://news.yahoo.co.jp/articles/7d17bf75b5062b9febe856096fa67575238184d6,7/13(“y) 18:03
figaro,ƒtƒBƒKƒƒWƒƒƒ|ƒ“,‚¨‚µ‚á‚êƒvƒ‚ª–{‹C‚Åˆ¤‚µ‚½‚¼‚Á‚±‚ñTƒVƒƒƒcyƒXƒ^ƒCƒŠƒXƒg—é–Ø”ü’qŒb•Òz,https://news.yahoo.co.jp/articles/5659dd6283b05bfa662825158bcf68041949e1a3,7/13(“y) 12:05
figaro,ƒtƒBƒKƒƒWƒƒƒ|ƒ“,w•X‚Ì”÷ÎxƒVƒƒƒƒ“EƒXƒg[ƒ“Aã”¼g‚É‚Í‰½‚à“Z‚í‚¸ŠG‚ğ•`‚­p‚ª˜b‘è‚ÉI,https://news.yahoo.co.jp/articles/39b8682ff10304594d7fe0c5b8da67b8ae927927,7/12(‹à) 21:03
figaro,ƒtƒBƒKƒƒWƒƒƒ|ƒ“,ƒVƒƒƒlƒ‹‚Ì^‘‚ª‚±‚±‚ÉBƒƒ}ƒ“ƒX‚ÆŒ|p‚Ì—Í‚ª‹P‚­2024-25”NH“~ƒI[ƒgƒNƒ`ƒ…[ƒ‹ƒRƒŒƒNƒVƒ‡ƒ“B,https://news.yahoo.co.jp/articles/0acf431663fc561b211c78e4712da60f73c87e16,7/12(‹à) 12:04
figaro,ƒtƒBƒKƒƒWƒƒƒ|ƒ“,7”NŠÔp‚ğŒ©‚¹‚È‚©‚Á‚½ƒ‚ƒƒbƒR‚Ìƒ‰[ƒ‰EƒTƒ‹ƒ}Œ³‰¤”ÜAƒ~ƒRƒmƒX“‡‚Å”­Œ©‚³‚ê‚éI,https://news.yahoo.co.jp/articles/61085700c866398977955549ef8b2205767ed1e0,7/12(‹à) 11:00
figaro,ƒtƒBƒKƒƒWƒƒƒ|ƒ“,uƒoƒCƒfƒ“‚Å‚ÍŸ‚Ä‚È‚¢vƒWƒ‡[ƒWEƒNƒ‹[ƒj[AƒoƒCƒfƒ“‘å“—Ì‚É‘I‹“‚Ì“P‘Ş‚ğ‘£‚·,https://news.yahoo.co.jp/articles/d18271a863b6955e1cb89c272287e3a28aa5a906,7/12(‹à) 8:04
figaro,ƒtƒBƒKƒƒWƒƒƒ|ƒ“,ƒxƒbƒJƒ€•vÈAŒ‹¥25ü”NI‹L”O‚É‚Ü‚Æ‚Á‚½‡‚ÌƒhƒŒƒXAƒX[ƒc‚ª”hè‚·‚¬‚é‚Æ˜b‘è‚ÉI,https://news.yahoo.co.jp/articles/af0cd9f0278df45ba42990e8f4fc591bc714d132,7/11(–Ø) 18:05
figaro,ƒtƒBƒKƒƒWƒƒƒ|ƒ“,wƒ~ƒX ƒfƒBƒI[ƒ‹“W——‰ïxA—«ƒA[ƒeƒBƒXƒgE]ã‰z‚Ìì•i‚ª—^‚¦‚éÊ‚èB,https://news.yahoo.co.jp/articles/282424fbe049543a5e0df4f92bfa372d01425c75,7/11(–Ø) 15:01
figaro,ƒtƒBƒKƒƒWƒƒƒ|ƒ“,ƒGƒ}Eƒƒgƒ\ƒ“AV‚µ‚¢ƒ{[ƒCƒtƒŒƒ“ƒh‚Í•¶Šw—˜_‚ÌutIHƒIƒbƒNƒXƒtƒH[ƒh‘åŠw“à‚ÅƒLƒX‚·‚ép‚ğƒLƒƒƒbƒ`,https://news.yahoo.co.jp/articles/b7d477cf5daf9fea473ddcd3a9fc0b1a9a64ca91,7/10(…) 21:01
figaro,ƒtƒBƒKƒƒWƒƒƒ|ƒ“,˜aH‘åD‚«‚ÈƒpƒŠ‚Áq‚ªW‚Ü‚éA˜b‘è‚ÌƒVƒ‡ƒbƒvuƒCƒ‰ƒbƒVƒƒƒCvB,https://news.yahoo.co.jp/articles/97cc48ae6121e2e9907a9b80a32fa2de43307a76,7/10(…) 12:03
figaro,ƒtƒBƒKƒƒWƒƒƒ|ƒ“,ƒ}[ƒSƒbƒgEƒƒr[A‘æˆêq‚ğ”DPI‘å‚«‚È‚¨• ‚ÅŠOo‚·‚é—lq‚ğƒLƒƒƒbƒ`,https://news.yahoo.co.jp/articles/4aefde9f41954cb49879df895bbcbe7b0c33fdad,7/9(‰Î) 15:40
figaro,ƒtƒBƒKƒƒWƒƒƒ|ƒ“,uÎŠç‚Ì‚Ü‚Ü‚Å‚¢‚Ä‚ËA‚»‚¤‚µ‚½‚ç......vƒWƒF[ƒ“Eƒo[ƒLƒ“‚ªe—F‚ÉŒê‚Á‚½Al¶‚Ì”éŒ‚Æ‚ÍH,https://news.yahoo.co.jp/articles/d082ec6a40bc0d7aa8b47b2869b3456d1cda5c4c,7/9(‰Î) 12:03
figaro,ƒtƒBƒKƒƒWƒƒƒ|ƒ“,ƒEƒBƒŠƒAƒ€c‘¾qA“d“®ƒLƒbƒNƒ{[ƒh‚Å‹{“a‚ğˆÚ“®‚·‚é“®‰æ‚ª˜b‘è‚ÉI,https://news.yahoo.co.jp/articles/fb98bfdfa8feed3ebeb936a56e835d3c848b9dc0,7/9(‰Î) 8:04
figaro,ƒtƒBƒKƒƒWƒƒƒ|ƒ“,ƒ_ƒCƒAƒi”Ü‚Ì‚Ó‚½‚è‚Ì–ÃAƒEƒBƒ“ƒuƒ‹ƒhƒ“‚Å‚Ìƒtƒ@ƒbƒVƒ‡ƒ“‚ª”ü‚µ‚·‚¬‚é‚Æ˜b‘è‚ÉI,https://news.yahoo.co.jp/articles/b69d2f7b28fc6d5b69e136e1eb98c9e1828dbb59,7/8(Œ) 18:20
figaro,ƒtƒBƒKƒƒWƒƒƒ|ƒ“,uˆ«l‚à‘Pl‚à‚¢‚È‚¢vq‚Ç‚à‚½‚¿‚É­¡‚É‚Â‚¢‚ÄA³‚µ‚­˜b‚·•û–@‚Æ‚ÍH,https://news.yahoo.co.jp/articles/1fa28f5ac83db8df884383f13670acaf7d394496,7/8(Œ) 16:02
figaro,ƒtƒBƒKƒƒWƒƒƒ|ƒ“,NEW OPENI—Î‚ğ’­‚ß‚È‚ª‚ç‚­‚Â‚ë‚°‚éAŠ™‘q‚ÌŒÃ–¯‰ÆƒJƒtƒFB,https://news.yahoo.co.jp/articles/be6120ed3359684d91dedc5aaab105afcbdc65a6,7/8(Œ) 12:04
figaro,ƒtƒBƒKƒƒWƒƒƒ|ƒ“,“ª”ç‚Ìƒxƒ^‚Â‚«‚âƒjƒIƒC‚àƒXƒbƒLƒŠI ‰Ä‚Ì”ç‰‘ÎôƒwƒAƒPƒA3‘IB,https://news.yahoo.co.jp/articles/e95c84dfccf8514d87d5cb974d4fad6ee0e885fc,7/7(“ú) 12:06
figaro,ƒtƒBƒKƒƒWƒƒƒ|ƒ“,S‚Æg‘Ì‚ª‹³‚¦‚Ä‚­‚ê‚éA‚ ‚È‚½‚¾‚¯‚Ìu”üŠwvB‚»‚±‚©‚çn‚Ü‚éV‚½‚È—·B,https://news.yahoo.co.jp/articles/ab2549f01ae9c1057fff78c7222812acfedeab5e,7/5(‹à) 12:05
figaro,ƒtƒBƒKƒƒWƒƒƒ|ƒ“,ƒhƒŒƒX‚Ì‰º‚Íu‰º’…‚È‚µv‚Å“Z‚¤”§Œ©‚¹ƒhƒŒƒXIHƒZƒŒƒu‚½‚¿‚É‚¢‚Ü‘ål‹C‚Èƒuƒ‰ƒ“ƒh‚Æ‚ÍH,https://news.yahoo.co.jp/articles/cae7441a36565650f64221f254e87bbe65a19eb3,7/4(–Ø) 22:20
figaro,ƒtƒBƒKƒƒWƒƒƒ|ƒ“,‘ål‚Ì…’…‘I‚ÑAq‚Ç‚à‚Æˆê‚Éƒv[ƒ‹‚És‚­‚Í‚Ç‚ñ‚È‚à‚Ì‚ğ’…‚ê‚Î‚¢‚¢H,https://news.yahoo.co.jp/articles/940124e4077d8808cab463a8e2db298f0d53815c,7/4(–Ø) 18:04
figaro,ƒtƒBƒKƒƒWƒƒƒ|ƒ“,l¶‚Å‚¢‚¿‚Î‚ñŠÏ‚½wƒSƒbƒhƒtƒ@[ƒU[xA‚»‚Ì–¼Œ¾‚ğ”w’†‚ÅŒê‚éTƒVƒƒƒc‚Æ‚ÍH,https://news.yahoo.co.jp/articles/812035af50513eab799b33f9cec15c34e7f718e9,7/4(–Ø) 12:05
figaro,ƒtƒBƒKƒƒWƒƒƒ|ƒ“,–¢—ˆ‚ğ•Ï‚¦‚é—«‹N‹Æ‰Æ‚ª’cŒ‹I ƒJƒ‹ƒeƒBƒG ƒE[ƒ}ƒ“ƒY ƒCƒjƒVƒAƒ`ƒu‚ª’†‘E[‚ÅöÜ®‚ğŠJÃB,https://news.yahoo.co.jp/articles/5913872bec491889a6ee19de4a4483674b046410,7/4(–Ø) 12:03
figaro,ƒtƒBƒKƒƒWƒƒƒ|ƒ“,uƒtƒ@[ƒXƒgƒŒƒfƒB‚ğƒtƒ‹ƒ^ƒCƒ€‚Å–±‚ß‚È‚¢vƒƒ‰ƒjƒAEƒgƒ‰ƒ“ƒvA•v‚ª‘å“—Ì‚ÉA”C‚µ‚½ê‡‚ÉŒğ‚í‚µ‚½Œ_–ñ‚Æ‚ÍH,https://news.yahoo.co.jp/articles/6641e4e994dd69e58125c146ecc8e04cf51437e0,7/4(–Ø) 11:20
figaro,ƒtƒBƒKƒƒWƒƒƒ|ƒ“,ÂŒ´‚Æ‚à‚¦‚ªA¢ŠE“I‚ÈLÜuƒjƒ…[ƒˆ[ƒN ADCÜv‚Å“üÜI,https://news.yahoo.co.jp/articles/714dd987d38e9b7f732fb1edf61d13c8fbf0d4b6,7/3(…) 22:10
figaro,ƒtƒBƒKƒƒWƒƒƒ|ƒ“,ƒ‹[ƒ”ƒ‹”üpŠÙ‚Éu—‡‘«v‚Å“ü‚Á‚½ƒZƒŒƒu‚Ì“ŠeA^”Û—¼˜_‚ğŒÄ‚ÔI,https://news.yahoo.co.jp/articles/b8598a5e6391897afa466e6e2ee3cc95fd843add,7/3(…) 18:02
figaro,ƒtƒBƒKƒƒWƒƒƒ|ƒ“,ƒLƒƒƒTƒŠƒ“c‘¾q”Ü‚ªŒ¡ˆøHuæ”nƒtƒ@ƒbƒVƒ‡ƒ“v‚ª—¬s‚Á‚Ä‚¢‚é——R‚Æ‚Í,https://news.yahoo.co.jp/articles/8d26b21109c1bbd57792d4b54a51abdbc33cc500,7/3(…) 17:01
figaro,ƒtƒBƒKƒƒWƒƒƒ|ƒ“,ƒ|ƒ‹ƒgƒKƒ‹‚Ì’è”ÔƒXƒC[ƒcAƒpƒXƒeƒ‹EƒfEƒiƒ^‚Ì‚¢‚¿‚Î‚ñ‚¨‚¢‚µ‚¢H‚×•û‚ÍH,https://news.yahoo.co.jp/articles/d1c63c64bfb904eb4a143ffc288bc5ad9226d4e7,7/3(…) 12:06
figaro,ƒtƒBƒKƒƒWƒƒƒ|ƒ“,ƒZ[ƒ‰Eƒtƒ@[ƒKƒ\ƒ“Ae—F‚¾‚Á‚½ƒ_ƒCƒAƒi”Ü‚Ì63Î‚Ì’a¶“ú‚ÉÊ^‚ğ“ŠeI,https://news.yahoo.co.jp/articles/6b86f51e3eff2ea342a64214e2df47dcf4464e89,7/3(…) 8:01
figaro,ƒtƒBƒKƒƒWƒƒƒ|ƒ“,¡”N‚Ì…’…ƒgƒŒƒ“ƒh‚Íu‰ßŒƒŒnvIH¢ŠE‚ÌƒZƒŒƒu‚ª“Še‚·‚é…’…p‚É’–Ú,https://news.yahoo.co.jp/articles/8e7dff53995d0336842f2f11a334f698da914371,7/2(‰Î) 21:38
figaro,ƒtƒBƒKƒƒWƒƒƒ|ƒ“,ƒrƒ‹EƒQƒCƒc‚Ì–––º‚É‚µ‚Ä‹N‹Æ‰Æ‚ÌƒtƒB[ƒr[EƒQƒCƒcAƒ|[ƒ‹Eƒ}ƒbƒJ[ƒgƒj[‚Ì‘·‚ÆŒğÛ’†I,https://news.yahoo.co.jp/articles/3bef1543bbd5d878772d7790cfcd1a575e7ce9a1,7/2(‰Î) 17:00
figaro,ƒtƒBƒKƒƒWƒƒƒ|ƒ“,”~‰J‚Ì‚Ø‚½‚ñ‚±•”š”­”¯‚Æ‚ÍƒTƒˆƒiƒ‰BƒXƒ^ƒCƒŠƒ“ƒOƒL[ƒv‚É–ğ—§‚ÂƒAƒCƒeƒ€4‘IB,https://news.yahoo.co.jp/articles/22e5953be7924e3e0d29cecce0ac2f98605f2ba5,7/2(‰Î) 12:07
figaro,ƒtƒBƒKƒƒWƒƒƒ|ƒ“,uƒR[ƒq[‚É”§‚Ì˜V‰»–h~Œø‰Ê‚ª‚ ‚év‚Æ‚¢‚¤Œ¤‹†Œ‹‰Ê‚ª”­•\I,https://news.yahoo.co.jp/articles/1ddcaa568c5c2ecd34b6f385adee4ef1313b771a,7/2(‰Î) 7:30
figaro,ƒtƒBƒKƒƒWƒƒƒ|ƒ“,¿‚Ì—Ç‚¢‡–°‚ğŠm•Û‚·‚é‚½‚ß‚ÉÀ‘H‚·‚×‚«u11‚ÌƒŠƒXƒgv‚Æ‚ÍHê–å‰Æ‚ª‰ğàI,https://news.yahoo.co.jp/articles/97798d3474fad8344560b3eda907b3c6a77df303,7/1(Œ) 22:00
figaro,ƒtƒBƒKƒƒWƒƒƒ|ƒ“,u«—~‚ğ‰ä–‚·‚ê‚ÎƒpƒtƒH[ƒ}ƒ“ƒX‚ªŒüã‚·‚év‚Á‚Ä‰\Aƒzƒ“ƒgH‘Iè‘º‚Å‚ÍuƒRƒ“ƒh[ƒ€‚ğ30–œŒÂ”z•z‚·‚é—\’èv,https://news.yahoo.co.jp/articles/891eb113308648378d0b694d9bbe3d2c93c4f79b,7/1(Œ) 17:02
figaro,ƒtƒBƒKƒƒWƒƒƒ|ƒ“,ƒGƒfƒBƒ^[‚ª•Îˆ¤T‚ğŒê‚éI ‰Ä‚ğÊ‚é‘Š–_TƒVƒƒƒcByŒã•Òz,https://news.yahoo.co.jp/articles/97ded7b9e20de0e73a59f3019b42270b39b3856b,7/1(Œ) 12:05
figaro,ƒtƒBƒKƒƒWƒƒƒ|ƒ“,ƒqƒbƒv‚ğ’b‚¦‚½‚¢A”ğ‚¯‚é‚×‚«6‚Â‚Ì‚±‚Æ‚Æ‚ÍH,https://news.yahoo.co.jp/articles/c78c811c79fcea81e8b723d8d4b14e374f311394,7/1(Œ) 8:03
figaro,ƒtƒBƒKƒƒWƒƒƒ|ƒ“,ƒGƒfƒBƒ^[‚ª•Îˆ¤T‚ğŒê‚éI ‰Ä‚ğÊ‚é‘Š–_TƒVƒƒƒcBy‘O•Òz,https://news.yahoo.co.jp/articles/bcb5d9b698da6bce8048053e6fe76ee94a28301b,6/30(“ú) 12:05
figaro,ƒtƒBƒKƒƒWƒƒƒ|ƒ“,ƒiƒ^ƒŠ[Eƒ|[ƒgƒ}ƒ“‚ªŠ´‚¶‚½wƒ~ƒX ƒfƒBƒI[ƒ‹“W——‰ïx‚Ì–£—Í‚Æ‚ÍH,https://news.yahoo.co.jp/articles/842bc5b9af7e4f2bb6966c8aec93e8b93ada94ba,6/29(“y) 18:02
figaro,ƒtƒBƒKƒƒWƒƒƒ|ƒ“,”¯‚â“ª”ç‚à‚¿‚á‚ñ‚Æ‡ŠOüƒPƒA‚µ‚Ä‚éH “ú·‚µ‚É•‰‚¯‚È‚¢ƒwƒAƒPƒA3‘II,https://news.yahoo.co.jp/articles/7dfc9a65f6903b878435f540490228ff6e61d55b,6/29(“y) 12:04
figaro,ƒtƒBƒKƒƒWƒƒƒ|ƒ“,ƒGƒŠƒUƒxƒX—‰¤Åˆ¤‚Ì‘§qƒGƒhƒ[ƒh‰¤qA‹â¥®‚ÉÊ^‚ğ“ŠeIƒ\ƒtƒB[”Ü‚Ì•Ï‚í‚ç‚È‚¢”ü‚µ‚³‚ª˜b‘è‚É,https://news.yahoo.co.jp/articles/6a7a6046e6280f486d962d55f50717169f82f451,6/29(“y) 8:05
figaro,ƒtƒBƒKƒƒWƒƒƒ|ƒ“,wƒ~ƒX ƒfƒBƒI[ƒ‹“W——‰ï ‚ ‚é—«‚Ì•¨Œêx‚ÌŒ©‚Ç‚±‚ëĞ‰îI,https://news.yahoo.co.jp/articles/4a9ebd9404a884958594d617c9d2bae86e1667f2,6/28(‹à) 18:00
figaro,ƒtƒBƒKƒƒWƒƒƒ|ƒ“,ƒ}ƒCƒPƒ‹EƒWƒƒƒNƒ\ƒ“A–vŒã15”N‚Écˆ¤‘§q‚âŒZ’í‚©‚ç‚ÌSNS“Še‚ª˜b‘èI,https://news.yahoo.co.jp/articles/3f3e2f63f084891a9e479c74e487e900088ace03,6/28(‹à) 17:03
figaro,ƒtƒBƒKƒƒWƒƒƒ|ƒ“,”~‰J‚ÌŠú‚É–K‚ê‚½‚¢A’–Ú‚Ì“W——‰ï4‘IB,https://news.yahoo.co.jp/articles/ec957d2024007286689ff22210a0c2e31ca7d016,6/28(‹à) 12:08
figaro,ƒtƒBƒKƒƒWƒƒƒ|ƒ“,ƒpƒŠƒXEƒqƒ‹ƒgƒ“A‹Á‚«‚ÌØŒ¾u16Î‚ÌA–ò‚ğˆù‚Ü‚³‚êƒXƒ^ƒbƒt‚©‚çƒŒƒCƒv‚³‚ê‚½v,https://news.yahoo.co.jp/articles/a933b4524c8131c954f426b71cfc50bb18b84be4,6/27(–Ø) 18:00
figaro,ƒtƒBƒKƒƒWƒƒƒ|ƒ“,–¢—ˆ‚ÌƒXƒ^[ƒfƒUƒCƒi[‚Ì–G‰èHƒƒ“ƒhƒ“‚Ì–¼–åƒtƒ@ƒbƒVƒ‡ƒ“ZA‘²‹Æƒtƒ@ƒbƒVƒ‡ƒ“ƒVƒ‡[‚ª˜b‘è‚É,https://news.yahoo.co.jp/articles/a17750580bd9ce640954fa088f42253367546335,6/27(–Ø) 12:30
figaro,ƒtƒBƒKƒƒWƒƒƒ|ƒ“,’è”N‘ŞE‚ÉŒü‚¯‚ÄA’™’~‚ğ‰^—p‚É‰ñ‚·—‘z‚ÌŠ„‡‚ÍH,https://news.yahoo.co.jp/articles/4696c96979d64efbf3d9d5de057f543604257325,6/27(–Ø) 12:05
figaro,ƒtƒBƒKƒƒWƒƒƒ|ƒ“,ƒLƒƒƒTƒŠƒ“c‘¾q”Ü‚ÌƒKƒ“Œö•\ˆÈŒãAƒVƒƒ[ƒƒbƒg‰¤—‚ÌŒ£g‚ª˜b‘è‚É,https://news.yahoo.co.jp/articles/c3cc22803b3b2d30ce06ef4a5b9731d180ea9e66,6/27(–Ø) 9:30
figaro,ƒtƒBƒKƒƒWƒƒƒ|ƒ“,ƒƒCƒ‹ƒh‚ÈƒZƒNƒV[‚³‚ª‚³‚ç‚ÉÛ—§‚ÂIƒ‰ƒ“ƒEƒFƒC‚É“oê‚µ‚½ƒ}ƒbƒcEƒ~ƒPƒ‹ƒZƒ“‚ªƒJƒbƒR‚æ‚·‚¬‚Æ˜b‘è‚É,https://news.yahoo.co.jp/articles/1cf48d04edb8ddb01ce83f70506efda6cc450151,6/26(…) 19:00
figaro,ƒtƒBƒKƒƒWƒƒƒ|ƒ“,ƒAƒ“‰¤—AƒPƒK‚ÌŒãˆâÇ‚Åˆê“I‚È‹L‰¯áŠQ‚ÉH“Vcc@—¼•Ã‰º‚Ì‘•o”Ó`‰ï‚àoÈ‚Å‚«‚¸,https://news.yahoo.co.jp/articles/f6345c4f9807a0b8f4a9dddc2431d19eee63437b,6/26(…) 16:30
figaro,ƒtƒBƒKƒƒWƒƒƒ|ƒ“,”üŠw‚Ì‚ ‚él‚É‚È‚é‚½‚ß‚ÉA•K—v‚Èu—E‹Cv‚Æ‚ÍH,https://news.yahoo.co.jp/articles/e91f3e6aad2d074c3d828451d8245722c279d788,6/26(…) 12:05
figaro,ƒtƒBƒKƒƒWƒƒƒ|ƒ“,uƒnƒC‚É‚È‚Á‚Ä‚¢‚éHvu—‚¿’…‚«‚ª‚È‚³‚·‚¬vƒPƒCƒgEƒ‚ƒXAƒtƒ@ƒbƒVƒ‡ƒ“ƒVƒ‡[‚ÅŠï–­‚Ès“®‚ª˜b‘è‚É,https://news.yahoo.co.jp/articles/e687e7cbceebdd6d53c0f60c4caf297f11985d82,6/26(…) 11:30
figaro,ƒtƒBƒKƒƒWƒƒƒ|ƒ“,ƒAƒ“‰¤—A”n‚É’µ‚Ë‚ç‚ê‚é–ŒÌ‚É‘˜‚¤IH”]ká¹‚Å“ü‰@‚Ö,https://news.yahoo.co.jp/articles/8331c47d82c078a4da4cf692f89d4cc4384dda59,6/26(…) 10:10
figaro,ƒtƒBƒKƒƒWƒƒƒ|ƒ“,ƒAƒƒŠƒJ‚Åu’Z‚©‚·‚¬‚évƒ~ƒjƒXƒJ[ƒg‚ª‘å—¬s’†Iƒu[ƒ€‚Ì‰Î•t‚¯–ğ‚Æ‚È‚Á‚½——D‚Æ‚ÍH,https://news.yahoo.co.jp/articles/e6e15553174432e6916b8087fc00458628509bfb,6/25(‰Î) 22:51
figaro,ƒtƒBƒKƒƒWƒƒƒ|ƒ“,uƒGƒ‹ƒ”ƒBƒXv–ğ”o—DA—öl‚Å‚ ‚éƒVƒ“ƒfƒBEƒNƒƒtƒH[ƒh‚Ìˆ¤–º‚Æl¬‚İ‚ÅƒLƒXI,https://news.yahoo.co.jp/articles/2e3989e0d0b42362a8deb173c46ce8632a195284,6/25(‰Î) 17:03
figaro,ƒtƒBƒKƒƒWƒƒƒ|ƒ“,ƒ\ƒtƒBƒAEƒRƒbƒ|ƒ‰‚Ìƒrƒ…[ƒeƒB“NŠw‚ÆAƒRƒ‰ƒ{ƒŠƒbƒv’a¶‚Ì”é˜bB,https://news.yahoo.co.jp/articles/8d960823f034d51b43b7c62596aeb7ed2188b382,6/25(‰Î) 12:04
figaro,ƒtƒBƒKƒƒWƒƒƒ|ƒ“,ƒ‚ƒiƒR‰¤º‚Ìƒƒ“ƒo[AƒpƒŠƒIƒŠƒ“ƒsƒbƒN‚Ì¹‰ÎƒŠƒŒ[‚ÉQ‰ÁA‰Âˆ¤‚·‚¬‚é‚Ó‚½‚²‚½‚¿‚Ìp‚àI,https://news.yahoo.co.jp/articles/782f17060c11006b5c143aea688df026db7a931a,6/25(‰Î) 11:00
figaro,ƒtƒBƒKƒƒWƒƒƒ|ƒ“,ƒƒ“ƒhƒ“‚ÅƒiƒIƒ~EƒLƒƒƒ“ƒxƒ‹‚Ì—ğj‚ğU‚è•Ô‚éŒÂ“W‚ªƒXƒ^[ƒgI,https://news.yahoo.co.jp/articles/75e43a336331da0ee6167a081faaedc9077066f4,6/25(‰Î) 9:20
figaro,ƒtƒBƒKƒƒWƒƒƒ|ƒ“,ƒtƒ‰ƒ“ƒ\ƒ[ƒYEƒAƒ‹ƒfƒB‚Ì‘’‹V‚ÉW‚Á‚½ƒtƒ‰ƒ“ƒXŠE‚ÌƒZƒŒƒu‚½‚¿‚Æ‚ÍH,https://news.yahoo.co.jp/articles/27de835505f0fd0dbf4e6b30ee6c371b625c07df,6/24(Œ) 21:10
figaro,ƒtƒBƒKƒƒWƒƒƒ|ƒ“,ƒWƒ…[ƒhEƒƒE‚Ìˆ¤‘§qA•ƒ‚Ìá‚¢ ‚»‚Á‚­‚è‚¾‚Æ˜b‘è‚ÉI,https://news.yahoo.co.jp/articles/f329cb5c2d6c3b2494006cd7c3040293d83d29ea,6/24(Œ) 21:10
figaro,ƒtƒBƒKƒƒWƒƒƒ|ƒ“,ƒhƒŠƒX ƒ”ƒ@ƒ“ ƒmƒbƒeƒ“ÅŒã‚Ìƒ‰ƒ“ƒEƒFƒCƒVƒ‡[‚É”èŠ…ÑI,https://news.yahoo.co.jp/articles/49b12ef7e7caefaa221cfcea5752ee7dc882e99f,6/24(Œ) 20:31
figaro,ƒtƒBƒKƒƒWƒƒƒ|ƒ“,‘ål‚àŠy‚µ‚¢I 10‹æ‚Ìƒ{ƒ‹ƒ_ƒŠƒ“ƒOƒWƒ€‚ğ‘ÌŒ±B,https://news.yahoo.co.jp/articles/d6edfc29aefd484f5a59f76eb521a7bc034f15b9,6/24(Œ) 12:03
figaro,ƒtƒBƒKƒƒWƒƒƒ|ƒ“,â‘Î–¡‚í‚¤‚×‚«—]sƒƒCƒ“‚Ì¶YÒ3‘I‚ÆA–kŠC“¹‚Ì©‘R”hƒƒCƒ“‚ğŠy‚µ‚ß‚éD–y‚Ì–¼“X‚ÖI,https://news.yahoo.co.jp/articles/14f3d8991c9ce56d199afa8b646e57f2f24fa0b2,6/23(“ú) 12:05
figaro,ƒtƒBƒKƒƒWƒƒƒ|ƒ“,‰¤º‚ÌƒCƒxƒ“ƒgAƒLƒƒƒTƒŠƒ“c‘¾q”Ü‚Ì•ƒ•ê‚ªƒEƒBƒŠƒAƒ€c‘¾q‚ÆƒTƒvƒ‰ƒCƒY“oêI,https://news.yahoo.co.jp/articles/6e5cbe0432262795c5b584e14f69f6a390edc81c,6/23(“ú) 11:01
figaro,ƒtƒBƒKƒƒWƒƒƒ|ƒ“,‚Ü‚é‚ÅŠG–{‚Ì¢ŠEI@ƒCƒ‰ƒXƒgƒŒ[ƒ^[‚Ì”üˆÓ¯‚É‚ ‚Ó‚ê‚½ƒ‰ƒuƒŠ[‚È‚¨‰ÆB,https://news.yahoo.co.jp/articles/977e4f33da7c3238f0d9b3d329ddaa188fe08617,6/22(“y) 12:04
figaro,ƒtƒBƒKƒƒWƒƒƒ|ƒ“,”DP’†‚Ì…’…ƒtƒ@ƒbƒVƒ‡ƒ“ƒVƒ‡[o‰‰‚É”á”»‚ğó‚¯‚½ƒ‚ƒfƒ‹A‰Šã‚Ö‚Ìu‘å’_‚Èv”½˜_‚ª˜b‘è‚ÉI,https://news.yahoo.co.jp/articles/193684f2270a337560896edf6f9364cc34ed4410,6/21(‹à) 19:04
figaro,ƒtƒBƒKƒƒWƒƒƒ|ƒ“,ƒsƒA[ƒXEƒuƒƒXƒiƒ“AƒCƒPƒƒ“‚·‚¬‚é‚Ó‚½‚è‚Ì‘§q‚ÉˆÍ‚Ü‚ê‚½Ê^‚ğ“ŠeI,https://news.yahoo.co.jp/articles/2df8d8fd65a3dbcf9dd2eb3638004488ab15ab93,6/21(‹à) 8:20
figaro,ƒtƒBƒKƒƒWƒƒƒ|ƒ“,ƒQƒXƒg‚ªŠì‚Ô‚¨‚à‚Ä‚È‚µ‚Ìˆê•iAŠ›‚Ìà»‚ÆƒtƒHƒAƒOƒ‰‚Ìè‚Ü‚èõiB,https://news.yahoo.co.jp/articles/da0df4bece0d3d8f6cc710bfdade9f75cb33d7c2,6/20(–Ø) 12:04
figaro,ƒtƒBƒKƒƒWƒƒƒ|ƒ“,ƒZƒNƒV[‚·‚¬‚éƒ{ƒfƒBƒ‰ƒCƒ“‚ª˜I‚í‚ÉcIƒŒƒeƒBƒVƒAEƒJƒXƒ^‚ÌƒV[ƒXƒ‹[ƒhƒŒƒX‚ª˜b‘è‚É,https://news.yahoo.co.jp/articles/6d5457761f789ce35bec9724bdff3cde456bb232,6/19(…) 21:10
figaro,ƒtƒBƒKƒƒWƒƒƒ|ƒ“,ƒLƒƒƒTƒŠƒ“c‘¾q”Ü‚ªŒö–±•œ‹A‚É“Z‚Á‚½”’‚¢ƒhƒŒƒX‚Ì”é–§‚Æ‚ÍH,https://news.yahoo.co.jp/articles/520b82a4305b8ffeec3d5268c423b9ad35c48247,6/19(…) 18:30
figaro,ƒtƒBƒKƒƒWƒƒƒ|ƒ“,u¢ŠE‚ª©‘R”hƒƒCƒ“‚Éw‚â‚í‚ç‚©‚³x‚ğ‹‚ß‚Ä‚¢‚évƒhƒ[ƒkEƒ^ƒJƒqƒR‚É•·‚¢‚½A—]sƒƒCƒ“‚ª¢ŠE‚©‚ç’–Ú‚³‚ê‚é——R‚Æ‚ÍH,https://news.yahoo.co.jp/articles/65268f8e4b17a37703f3960afc18055765c78caa,6/19(…) 18:04
figaro,ƒtƒBƒKƒƒWƒƒƒ|ƒ“,ƒ[ƒKƒ“•vlAƒLƒƒƒTƒŠƒ“c‘¾q”Ü‚Ì•œ‹A‚É‡‚í‚¹©g‚Ìƒuƒ‰ƒ“ƒh‚ÌV¤•i‚ğ”­•\‚µ‚Ä‚¢‚½H,https://news.yahoo.co.jp/articles/6ce7e223ee8084f3ea5f2cfd55e90c8e2598181b,6/19(…) 14:00
figaro,ƒtƒBƒKƒƒWƒƒƒ|ƒ“,–°‚Á‚Ä‚¢‚éu©•ª‚Ì–{Sv‚ğ–ÚŠo‚ß‚³‚¹‚é•û–@‚ÍH,https://news.yahoo.co.jp/articles/7cb292d02f3c23fb634b876f7b16f66d735981de,6/19(…) 12:05
figaro,ƒtƒBƒKƒƒWƒƒƒ|ƒ“,uƒfƒŠƒP[ƒg‚È•ª–ì‚É“¥‚İ‚İ‚·‚¬vƒZƒŒƒu‚àÀ‘H‚·‚éu•a‰@—p‚ÌƒKƒEƒ“v‚ğ’…‚éƒtƒ@ƒbƒVƒ‡ƒ“ƒgƒŒƒ“ƒh‚ª^”Û—¼˜_H,https://news.yahoo.co.jp/articles/bb9899b85767ed0f449489d6daeb31ef60fd8da0,6/18(‰Î) 19:04
figaro,ƒtƒBƒKƒƒWƒƒƒ|ƒ“,‚¨•Ä‚ÅƒXƒLƒ“ƒPƒAI ‚à‚¿‚à‚¿”§‚ªŠ‚¤16‹æ‚ÌƒTƒƒ“B,https://news.yahoo.co.jp/articles/969046d396820e03f88a8a30c38090608de01808,6/18(‰Î) 12:06
figaro,ƒtƒBƒKƒƒWƒƒƒ|ƒ“,ƒoƒbƒLƒ“ƒKƒ€‹{“a‚Ìƒoƒ‹ƒRƒj[‚Åƒ_ƒ“ƒXI‰Âˆ¤‚·‚¬‚éƒ‹ƒC‰¤qA‚Ü‚½‚àSNS‚ğ‘›‚ª‚·,https://news.yahoo.co.jp/articles/675c63faaf2f0d269ce85d3f1500e223a3c2ae0a,6/18(‰Î) 11:00
figaro,ƒtƒBƒKƒƒWƒƒƒ|ƒ“,ƒŠƒA[ƒiA‚±‚êˆÈã‚È‚¢‚Ù‚Ç‚ÌƒxƒŠ[ƒVƒ‡[ƒgp‚ÅNY‚É“oêI,https://news.yahoo.co.jp/articles/7b4d1ea2bd9a15e2dadd11662df9f3c67e5951b8,6/17(Œ) 19:02
figaro,ƒtƒBƒKƒƒWƒƒƒ|ƒ“,ƒKƒ“¡—Ã’†‚ÌƒLƒƒƒTƒŠƒ“c‘¾q”ÜA‚Â‚¢‚ÉŒö–±‚É•œ‹AIƒoƒbƒLƒ“ƒKƒ€‹{“a‚Ìƒoƒ‹ƒRƒj[‚É“oê,https://news.yahoo.co.jp/articles/2fc7489946ca00f8842ea563e2fec73c739bd072,6/17(Œ) 12:20
figaro,ƒtƒBƒKƒƒWƒƒƒ|ƒ“,‚¨‚µ‚á‚êŒ«Ò‚ª‘I‚ñ‚¾A3‚Â‚ÌƒXƒ|[ƒcƒAƒCƒeƒ€B³‰ğ‚Í‚±‚êI,https://news.yahoo.co.jp/articles/93c6ecadee6b48a878d953b554f8b0a2514ccd15,6/17(Œ) 12:05
figaro,ƒtƒBƒKƒƒWƒƒƒ|ƒ“,ŠØ‘”­u‘Šè‚Ì•\î‚È‚Ç‚©‚ç‹C‚¿‚ğ@‚·‚évƒRƒ~ƒ…ƒjƒP[ƒVƒ‡ƒ“”\—Íuƒkƒ“ƒ`v‚ª¢ŠE‚Å˜b‘è‚ÉH,https://news.yahoo.co.jp/articles/41b070a8c68b1f6f09c546e81b38d01723ac3190,6/17(Œ) 9:30
figaro,ƒtƒBƒKƒƒWƒƒƒ|ƒ“,u—£¥Œã‚àx‚¦‚Ä‚­‚ê‚½—Fl‚ÉŠ´Óvƒiƒ^ƒŠ[Eƒ|[ƒgƒ}ƒ“A43Î‚É,https://news.yahoo.co.jp/articles/bae2bd92406e11730fa290041b937278429deec2,6/16(“ú) 19:00
figaro,ƒtƒBƒKƒƒWƒƒƒ|ƒ“,ƒAƒƒŠƒJl‚É‚Æ‚Á‚ÄuƒpƒŠƒWƒFƒ“ƒkv‚Íâ‘Î“I‚ÈŒ¶‘zH l‹Cƒhƒ‰ƒ}ƒVƒŠ[ƒY‚ÌƒfƒUƒCƒi[‚ÉƒCƒ“ƒ^ƒrƒ…[,https://news.yahoo.co.jp/articles/02d6d83f5954b3dcf8a1ccc0426192ff2df7f9af,6/16(“ú) 18:10
figaro,ƒtƒBƒKƒƒWƒƒƒ|ƒ“,X‚ç—¢‚ªŒê‚éAƒ~ƒjƒXƒJ[ƒg‚ª„‚ğˆê”Ô‹P‚©‚¹‚Ä‚­‚ê‚éByƒƒ}ƒ“ƒX‚Íƒ{ƒŠƒ…[ƒ€#02z,https://news.yahoo.co.jp/articles/1f3e8f328b3b748bf195fcb2e5d703d7c7cef514,6/16(“ú) 12:05
figaro,ƒtƒBƒKƒƒWƒƒƒ|ƒ“,ƒpƒŠ‚Å‚Í‚¶‚ß‚Ä‚Ì”~Š±‚µì‚è‚É’§íI‚»‚Ì‚ä‚­‚¦‚Í......,https://news.yahoo.co.jp/articles/b128454c5681d65d5ae128fab31bdf21ed270b06,6/15(“y) 12:03
figaro,ƒtƒBƒKƒƒWƒƒƒ|ƒ“,ƒWƒFƒjƒƒy‚Æƒxƒ“EƒAƒtƒŒƒbƒNAƒƒTƒ“ƒ[ƒ‹ƒX‚Ì‹“@‚ğ”„‹pB•Ê‹‚Ì‰\‚ªÄ”RH,https://news.yahoo.co.jp/articles/becdb81ed0e9711898605a5c164d48dcce23a88b,6/15(“y) 11:10
figaro,ƒtƒBƒKƒƒWƒƒƒ|ƒ“,u‰½“x‚àwq‚Ç‚à‚ğY‚ñ‚Å‚Ù‚µ‚¢x‚Æ”—‚ç‚ê‚½vuƒYƒ{ƒ“‚ğ’E‚¢‚ÅcvƒC[ƒƒ“Eƒ}ƒXƒNA]‹Æˆõ‚Ö‚ÌƒZƒNƒnƒ‰‚Å”­‚³‚ê‚é,https://news.yahoo.co.jp/articles/d6eb281684d7e65a14b0a12e72d2061671cdcc40,6/14(‹à) 17:03
figaro,ƒtƒBƒKƒƒWƒƒƒ|ƒ“,u“Ã‚°‚Ä‚«‚½‚µA‚½‚é‚ñ‚Å‚«‚½vƒWƒ…[ƒhEƒƒEA©g‚ÌÅ‹ß‚É‚Â‚¢‚ÄŒê‚é,https://news.yahoo.co.jp/articles/744159793a6c6effbd34bde66b962ccbb6e8aba1,6/14(‹à) 12:40
figaro,ƒtƒBƒKƒƒWƒƒƒ|ƒ“,«—ˆ‚ÍuƒT[v‚ÌÌ†‚àHIƒfƒrƒbƒhEƒxƒbƒJƒ€Aƒ`ƒƒ[ƒ‹ƒY3¢‚Ìà’c‚Ì‘åg‚É”C–½‚³‚ê‚é,https://news.yahoo.co.jp/articles/f5a5b1ed90676ac577c975587e27fa91a1a4ca31,6/14(‹à) 12:40
figaro,ƒtƒBƒKƒƒWƒƒƒ|ƒ“,‹‚³‚Æ¼‘Îô‚ÉA“¤•…‚ğg‚Á‚½ƒpƒNƒ`[…éLqB,https://news.yahoo.co.jp/articles/7100047c23d5bd39b3ce0da2930b4e3483a24b08,6/14(‹à) 12:06
figaro,ƒtƒBƒKƒƒWƒƒƒ|ƒ“,ƒtƒ‰ƒ“ƒ\ƒ[ƒYEƒAƒ‹ƒfƒB‚ªÀ‹cÊ^‚ÅŒ©‚éu‰i‰“‚Ìƒtƒ@ƒbƒVƒ‡ƒ“ƒAƒCƒRƒ“v‚ÌÑ‘œ,https://news.yahoo.co.jp/articles/d3d7aec5462db1bdccbe760fd0ccb8cbcf5bf1d2,6/13(–Ø) 14:10
figaro,ƒtƒBƒKƒƒWƒƒƒ|ƒ“,‚ ‚È‚½‚¾‚¯‚ÌƒA[ƒ‹EƒhƒDEƒ”ƒB[ƒ”ƒ‹‚ÌŒ©‚Â‚¯•ûB,https://news.yahoo.co.jp/articles/cdd3f699aff9c4d52ce4c09639ffd7193d7d8621,6/13(–Ø) 12:06
figaro,ƒtƒBƒKƒƒWƒƒƒ|ƒ“,ƒ}ƒŒ’n‹æ‚Å•é‚ç‚·ƒpƒŠƒWƒFƒ“ƒkAƒfƒBƒAƒ“ƒk‚Ìˆ¤—p•iB,https://news.yahoo.co.jp/articles/67fdca6bd9f48125ba39af0933d20cd4d28d8f55,6/12(…) 12:04
figaro,ƒtƒBƒKƒƒWƒƒƒ|ƒ“,”ü‚µ‚·‚¬‚éƒu[ƒ^ƒ“‰¤”ÜA34Î‚ÉI¶‚Ü‚ê‚½‚Î‚©‚è‚Ì–º‚Æ‚ÌÊ^‚ğŒöŠJ,https://news.yahoo.co.jp/articles/aa07cd194c9de1bceefc80edd698210739e4d70d,6/12(…) 11:20
figaro,ƒtƒBƒKƒƒWƒƒƒ|ƒ“,ƒ_ƒCƒAƒi”Ü‚Ì’íƒ`ƒƒ[ƒ‹ƒYEƒXƒyƒ“ƒT[A3“x–Ú‚Ì—£¥‚ÖB‰ñŒÚ˜^‚É‚Í«“I‹s‘Ò‚ğó‚¯‚½”’‚à,https://news.yahoo.co.jp/articles/527e6dcf38494a53799a31c4926036e09c0dc687,6/11(‰Î) 16:00
figaro,ƒtƒBƒKƒƒWƒƒƒ|ƒ“,—L–¼l‚Å‚ ‚é‚±‚Æ‚ÍßH ƒfƒ”ƒBƒbƒhEƒ{ƒEƒC‚ÌŒ¾—t‚ğU‚è•Ô‚éB,https://news.yahoo.co.jp/articles/670d1cc0c7ff9280d5df68adc1a28e50a07693fd,6/11(‰Î) 12:06
figaro,ƒtƒBƒKƒƒWƒƒƒ|ƒ“,u”ŒN‚ğŒÖ‚è‚Év‚¤ ƒLƒƒƒTƒŠƒ“‘å²‚æ‚èvƒLƒƒƒTƒŠƒ“c‘¾q”ÜAŒ‡È‚µ‚½‰q•º‘à‚Ìs–‚Éo‚µ‚½è†‚ªŠ´“®“I‚Æ˜b‘è‚ÉI,https://news.yahoo.co.jp/articles/fc945870df6b958ea5810e517394a1478c43b247,6/11(‰Î) 11:00
figaro,ƒtƒBƒKƒƒWƒƒƒ|ƒ“,ƒpƒŠ‚Å‚¨é½B˜aƒ‚ƒ_ƒ“‚È‹óŠÔ‚Åu‚¨‚Ü‚©‚¹v‘ÌŒ±‚ğB,https://news.yahoo.co.jp/articles/2d6e822558d36a2312f121cc4b0fab5b7ce2a0e7,6/10(Œ) 12:03
figaro,ƒtƒBƒKƒƒWƒƒƒ|ƒ“,u“Œ‹“s‚ª­q‰»‘Îô‚Ì‚½‚ß‚Éƒ}ƒbƒ`ƒ“ƒOƒAƒvƒŠ‚ğ’ñ‹Ÿvƒtƒ‰ƒ“ƒX‚Å‚Í‚Ç‚¤•ñ“¹‚³‚ê‚½H,https://news.yahoo.co.jp/articles/50455aff07dda2ad6c29e369c7fcb288df997523,6/9(“ú) 22:50
figaro,ƒtƒBƒKƒƒWƒƒƒ|ƒ“,ƒfƒUƒCƒ“‚Ì‚¢‚¢AƒpƒŠ‚Ìƒzƒeƒ‹5‘IB,https://news.yahoo.co.jp/articles/c31b5389f1126641fc633297ffb65858d2b54937,6/9(“ú) 12:05
figaro,ƒtƒBƒKƒƒWƒƒƒ|ƒ“,ƒpƒŠİZ‚Ì•ÒWÒ‚ª‚¨‚·‚·‚ß‚·‚éA‚¢‚Ü’–Ú‚Ì‚¤‚Â‚íì‰Æ9–¼B,https://news.yahoo.co.jp/articles/7c2a89f884e103014d892e5954dc99b8542b82ce,6/8(“y) 12:06
figaro,ƒtƒBƒKƒƒWƒƒƒ|ƒ“,ƒuƒ‰ƒbƒhEƒsƒbƒgA–º‚½‚¿‚ªuƒsƒbƒgv‚Ì•cš‚ğÌ‚Ä‚½‚±‚Æ‚Éu“®—h‚µ‚Ä‚¢‚év‚Æ•ñ“¹,https://news.yahoo.co.jp/articles/41e2a80c76e1c308dee7e7f8e9c471b49a2f35e0,6/8(“y) 9:10
figaro,ƒtƒBƒKƒƒWƒƒƒ|ƒ“,C—EC‘U‚Ì•œŒ ‚ÉŒq‚ª‚éH@ƒtƒ‰ƒ“ƒX‚ÅƒŠƒyƒAƒ{[ƒiƒX‚ª“oêB,https://news.yahoo.co.jp/articles/bfcd200dcf61b3d0c2bb9fd4ab0b05b8ddd5e8c6,6/7(‹à) 12:04
figaro,ƒtƒBƒKƒƒWƒƒƒ|ƒ“,uc‘¾q”Ü‚Ì–ğŠ„‚Í‘å‚«‚­•Ï‚í‚é‚©‚à‚µ‚ê‚È‚¢vƒLƒƒƒTƒŠƒ“c‘¾q”ÜA‚à‚¤Œö–±‚Ö‚Í•œ‹A‚µ‚È‚¢H ƒAƒƒŠƒJƒƒfƒBƒA‚Ì•ñ“¹‚É”½‹¿,https://news.yahoo.co.jp/articles/69cf1224848be866bbc4c4ef00b5b1c5cbf894be,6/7(‹à) 7:50
figaro,ƒtƒBƒKƒƒWƒƒƒ|ƒ“,•ƒ‚Ì“ú‚ÉƒƒCƒ“‚ğ‘¡‚é‚È‚çH@ƒƒCƒ“’S“–•ÒWÒ‚ªŒµ‘II,https://news.yahoo.co.jp/articles/9bdf58434efc400c2455b36cf81d83f92cff60bf,6/6(–Ø) 12:05
figaro,ƒtƒBƒKƒƒWƒƒƒ|ƒ“,ƒKƒ“¡—Ã’†‚ÌƒLƒƒƒTƒŠƒ“c‘¾q”ÜAƒvƒ‰ƒCƒx[ƒg‚ÅŠOo‚·‚ép‚ª–ÚŒ‚‚³‚ê‚é,https://news.yahoo.co.jp/articles/a9637bda727c4dc16c8e52be64d90b8e39ccb8c5,6/5(…) 22:00
figaro,ƒtƒBƒKƒƒWƒƒƒ|ƒ“,6Œ‚ÌŠ™‘q‚ÅA‚ ‚¶‚³‚¢ƒXƒC[ƒc„‚èB,https://news.yahoo.co.jp/articles/b88c5ef7bc3c9861794586c16b79f116c9f0bc2c,6/5(…) 12:06
figaro,ƒtƒBƒKƒƒWƒƒƒ|ƒ“,ƒˆƒ‹ƒ_ƒ“‚Ìƒ‰ƒWƒc‘¾q”ÜA‘æˆêq‚ğ”DPI”ü‚µ‚·‚¬‚éƒ}ƒ^ƒjƒeƒBƒtƒHƒg‚ğŒöŠJ,https://news.yahoo.co.jp/articles/d14646929c18523378c085542655b64c433fae09,6/5(…) 8:03
figaro,ƒtƒBƒKƒƒWƒƒƒ|ƒ“,ƒX[ƒp[ƒ‚ƒfƒ‹‚ÌƒGƒ€ƒ‰ƒ^Au‚Ù‚Ú•RvTƒoƒbƒNƒrƒLƒj‚Åƒjƒ…[ƒˆ[ƒN‚ÌŠX‚ÉŒ»‚ê‚½——R‚ÍIH,https://news.yahoo.co.jp/articles/32e73d6b16ecb99ffa6a1519932982943fffc3a5,6/4(‰Î) 21:03
figaro,ƒtƒBƒKƒƒWƒƒƒ|ƒ“,]ŒË‘ã‚©‚ç‘±‚­“`“‚Ì–¡ARŒ`‚Ìu‚ ‚¯‚ª‚ç‚µv‚Á‚ÄH,https://news.yahoo.co.jp/articles/9540723b88cd596624b14a038dcd1aad04e4f1ca,6/4(‰Î) 12:06
figaro,ƒtƒBƒKƒƒWƒƒƒ|ƒ“,ƒgƒŒ[ƒhƒ}[ƒN‚ÌÔ‚ğÌ‚Ä‚Äcƒgƒ‰ƒ“ƒv‘O•Ä‘å“—ÌAÙ”»’†‚Ég‚É‚Â‚¯‚Ä‚¢‚½ƒlƒNƒ^ƒC‚ÌF‚Æ‚ÍH,https://news.yahoo.co.jp/articles/8225ea1759000c18a24f7e94663d4dbd92bc8586,6/4(‰Î) 8:03
figaro,ƒtƒBƒKƒƒWƒƒƒ|ƒ“,u‰Â”\‚ÈŒÀ‚è‚·‚×‚Ä‚Ì”ü—e®Œ`èp‚ğó‚¯‚év——Dƒ\ƒtƒBƒAEƒxƒ‹ƒKƒ‰‚Ì”­Œ¾‚É”g–äH,https://news.yahoo.co.jp/articles/b318174b08c2f0e8f53dc0336d87d8e6451b3cbf,6/3(Œ) 19:01
figaro,ƒtƒBƒKƒƒWƒƒƒ|ƒ“,uƒƒCƒ“‚Ì–¡‚ÍƒOƒ‰ƒX‚Å•Ï‚í‚évH ƒŠ[ƒfƒ‹ÂR–{“X‚Å‘ÌŒ±‚µ‚½‹Áœ±‚Ì–À‚Æ‚ÍB,https://news.yahoo.co.jp/articles/0b6887bb937827aaf91c2418577f9834dd2476d4,6/3(Œ) 12:06
figaro,ƒtƒBƒKƒƒWƒƒƒ|ƒ“,ƒA[ƒg~ƒtƒBƒbƒgƒlƒXA—«‚Ì‚½‚ß‚ÌVŠ´ŠoƒXƒ^ƒWƒIB,https://news.yahoo.co.jp/articles/d348e4a4cfb5b6548b93324f150e6343e60fbdfd,6/2(“ú) 12:05
figaro,ƒtƒBƒKƒƒWƒƒƒ|ƒ“,•s—Ï‹^˜f‚ª‘›‚ª‚ê‚éƒfƒ“ƒ}[ƒN‚ÌƒtƒŒƒfƒŠƒbƒN10¢AÈƒƒAƒŠ[‰¤”Ü‚É‘¡‚Á‚½‚à‚Ì‚Æ‚ÍH,https://news.yahoo.co.jp/articles/2d9cee9cfb28e3c69f1990720939f128ae927722,6/2(“ú) 10:03
figaro,ƒtƒBƒKƒƒWƒƒƒ|ƒ“,ƒtƒ@ƒXƒeƒBƒ“ƒO‚ÌŒø‰Ê‚ÍHIˆãt‚ª„§‚·‚éAu’·õ‚Ì‚½‚ß‚ÌH¶Šˆv‚Æ‚Í,https://news.yahoo.co.jp/articles/3b078cd92fce524918e9ce22dac5405676104480,6/2(“ú) 10:02
figaro,ƒtƒBƒKƒƒWƒƒƒ|ƒ“,©‘R”h‚Æƒ”ƒBƒ“ƒe[ƒWƒƒCƒ“‚ª‘µ‚¤u‰B‚ê‰Æv“I‚ÈƒVƒ‡ƒbƒvAƒGƒjƒEƒFƒCEƒOƒŒ[ƒvƒX‚ÖI,https://news.yahoo.co.jp/articles/53e46336dd021edb8a69d1c8f319afd78bdd740f,6/1(“y) 12:05
figaro,ƒtƒBƒKƒƒWƒƒƒ|ƒ“,‰Ä‹x‚İ‚Ì‚²—\’è‚ÍH‚ ‚Ü‚èŠÏŒõ‹q‚Æo‰ï‚¢‚½‚­‚È‚¢l‚ÉƒIƒXƒXƒ‚Ì—·æ‚Æ‚Í,https://news.yahoo.co.jp/articles/c4d3ab0ff8b8a4e57b1adaf789565ceb15e98db2,6/1(“y) 11:02
figaro,ƒtƒBƒKƒƒWƒƒƒ|ƒ“,ƒV[ƒXƒ‹[‚Åuƒ{ƒfƒBƒ‰ƒCƒ“v‚ğŒ©‚¹‚éƒXƒ^ƒCƒ‹‚ªÈŠªIHƒJƒ“ƒk‰f‰æÕ‚ğÊ‚Á‚½uÅ‚àƒZƒNƒV[v‚ÈƒZƒŒƒu‚ÍH,https://news.yahoo.co.jp/articles/c1f763ec977404dcd12770d8a68774995bf9c0bd,5/31(‹à) 21:04
figaro,ƒtƒBƒKƒƒWƒƒƒ|ƒ“,¬¼Ø“Ş~¼“c—´•½A‚ ‚Ì¢‚Æ‚±‚Ì¢‚Ì‹«‚ğœfœr‚¤‰f‰æw‚í‚½‚­‚µ‚Ç‚à‚ÍBx‚ÉŒ©o‚µ‚½ŒiF‚Æ‚ÍH,https://news.yahoo.co.jp/articles/994d812c74c57adeacb40deea8b9da74716c0c51,5/31(‹à) 18:04
figaro,ƒtƒBƒKƒƒWƒƒƒ|ƒ“,u–Ñv‚ÌƒPƒA‚È‚ç‚¨”C‚¹Aƒ}ƒŒ‚ÌƒXƒ^ƒWƒIEƒtƒF[ƒ”‚ÖI,https://news.yahoo.co.jp/articles/ac3039eace8ba1750b585a0195f97aec0e30996a,5/31(‹à) 12:05
figaro,ƒtƒBƒKƒƒWƒƒƒ|ƒ“,u‚Ü‚é‚Å20‘ã‚ÉŒ©‚¦‚év74Îƒ”ƒFƒ‰EƒEƒHƒ“AÅV“Še‚ÅŒ©‚¹‚½u”ü–‚—‚Ì…’…pv‚É‹Áœ±I,https://news.yahoo.co.jp/articles/670a67901f91cd333b3c7d442f66a744fb442b86,5/31(‹à) 11:20
figaro,ƒtƒBƒKƒƒWƒƒƒ|ƒ“,ŠJ‚¢‚½‹¹Œ³A’Z‚·‚¬‚éƒ~ƒjƒXƒJ[ƒgcuƒZƒNƒV[‚·‚¬‚évƒeƒjƒXƒEƒFƒA‚ªƒZƒŒƒu‚ÌŠÔ‚Ål‹C‚Ì——R‚Æ‚ÍIH,https://news.yahoo.co.jp/articles/2f8be937597ca9e6d266d471016d91a878d5549b,5/30(–Ø) 21:03
figaro,ƒtƒBƒKƒƒWƒƒƒ|ƒ“,y—§“c“Öq‚ÌƒJƒ“ƒk‰f‰æÕ2024 #08zƒpƒ‹ƒ€ƒh[ƒ‹‚ÍƒVƒ‡[ƒ“EƒxƒCƒJ[wAnorax‚ÉI,https://news.yahoo.co.jp/articles/249131e2365922ba2012762d5495b39c0c607359,5/30(–Ø) 18:06
figaro,ƒtƒBƒKƒƒWƒƒƒ|ƒ“,ƒuƒ‰ƒs‚ÆƒAƒ“ƒW[‚Ì–––ºƒ”ƒBƒ”ƒBƒAƒ“EƒWƒ‡ƒŠ[A•‘‘ä‚ÌƒXƒ^ƒbƒt•\‹L‚©‚ç•ƒ‚Ìuƒsƒbƒgv©‚ğíœ,https://news.yahoo.co.jp/articles/93991221c8c4870b58d6d16192d4cea5c1393d33,5/30(–Ø) 14:00
figaro,ƒtƒBƒKƒƒWƒƒƒ|ƒ“,©‘R”hƒƒCƒ“‚Æ“ú–{lƒVƒFƒt‚Ì—¿—‚ğŠy‚µ‚Şƒhƒ“ƒi‚ğ–K–âB,https://news.yahoo.co.jp/articles/48d709934aff9ed24452de43fc9edc5f8ae69cbc,5/30(–Ø) 12:03
figaro,ƒtƒBƒKƒƒWƒƒƒ|ƒ“,ƒLƒƒƒTƒŠƒ“c‘¾q”Ü‚Ö‚Ì‚¨Œ©•‘‚¢‚Ìè†A”–œ’Ê‚ÉB‰p‘‰¤º‚Ì—ğ‘ã‹L˜^‚ğæ‚è‰z‚¦‚é,https://news.yahoo.co.jp/articles/fed42b6ea389d2c7a4a480cfa48fecddb7ae0191,5/30(–Ø) 10:00
figaro,ƒtƒBƒKƒƒWƒƒƒ|ƒ“,ƒŒ[ƒVƒ“ƒOƒWƒƒƒPƒbƒg‚Ì‰º‚ÍuƒrƒLƒjv‚¾‚¯IHƒX[ƒp[ƒ‚ƒfƒ‹EƒGƒ€ƒ‰ƒ^AƒZƒNƒV[‚·‚¬‚éƒtƒ@ƒbƒVƒ‡ƒ“‚Åƒ‚ƒiƒRGP‚É“oêI,https://news.yahoo.co.jp/articles/30d6b19db9ad8dc8fe2f1552c6959eef15847497,5/29(…) 21:02
figaro,ƒtƒBƒKƒƒWƒƒƒ|ƒ“,ƒ}ƒŒ’n‹æ‚ÌƒOƒ‹ƒeƒ“ƒtƒŠ[ƒx[ƒJƒŠ[AƒRƒpƒ“‚Åƒpƒ“ì‚èI,https://news.yahoo.co.jp/articles/38e3bef0d8ecb2e4b824d489d43c24ab2e0d1ccc,5/29(…) 12:07
figaro,ƒtƒBƒKƒƒWƒƒƒ|ƒ“,ƒTƒ“ƒWƒFƒ‹ƒ}ƒ“EƒfEƒvƒŒ‚ÌƒJƒNƒeƒ‹ƒo[AƒNƒ‰ƒ”ƒ@ƒ“‚ÖI,https://news.yahoo.co.jp/articles/98d0e650e2a23d92c3f9c852f97e9f69dee480e1,5/28(‰Î) 12:06
figaro,ƒtƒBƒKƒƒWƒƒƒ|ƒ“,‘‰¤‚àƒLƒƒƒTƒŠƒ“c‘¾q”Ü‚à•sİ......‰J‚Ì’†AƒEƒBƒŠƒAƒ€c‘¾q‚ÌƒK[ƒfƒ“ƒp[ƒeƒB‚ªŠJÃ,https://news.yahoo.co.jp/articles/f1fe621ad1a643d72811dacb8ea16d6ac7e7ab1d,5/28(‰Î) 10:00
figaro,ƒtƒBƒKƒƒWƒƒƒ|ƒ“,uƒLƒƒƒTƒŠƒ“c‘¾q”Ü‚ÌŒö–±•œ‹A‚Í—ˆ”NˆÈ~v‰¤ºŠÖŒWÒ‚ª–¾‚©‚·¡Œã‚ÌƒXƒPƒWƒ…[ƒ‹‚Æ‚ÍH,https://news.yahoo.co.jp/articles/7464542ce2bac77840dcca1318e8381b5534eb59,5/27(Œ) 21:20
figaro,ƒtƒBƒKƒƒWƒƒƒ|ƒ“,u“‚·‚¬‚éÑ‘œ‰ævƒ^ƒgƒ‰[‚Ì•\†‚ğü‚Á‚½ƒLƒƒƒTƒŠƒ“c‘¾q”Ü‚ÌƒCƒ‰ƒXƒgAu•J“Iv‚¾‚Æ”ñ“ïE“H,https://news.yahoo.co.jp/articles/8768c150721842c388e9fd19298ddd0c92a7fce3,5/27(Œ) 9:20
figaro,ƒtƒBƒKƒƒWƒƒƒ|ƒ“,–²Œ©S’n‚È‘«Œ³‚ÅA‚Ç‚±‚Ü‚Å‚àB,https://news.yahoo.co.jp/articles/e4d0b16a2a1c53ee31bc58024bce497a2cd81890,5/26(“ú) 18:03
figaro,ƒtƒBƒKƒƒWƒƒƒ|ƒ“,“ú–{‰ã—¤‚Ìƒ}ƒ‰ƒ“Eƒ‚ƒ“ƒ^ƒMƒ…‚ÅAƒLƒ…[ƒg‚ÈƒpƒŠG‰İ‚ğƒ`ƒFƒbƒNB,https://news.yahoo.co.jp/articles/e2a104517432f0467852fd8eb5e7ef5b0d194637,5/25(“y) 18:05
figaro,ƒtƒBƒKƒƒWƒƒƒ|ƒ“,‹†‹É‚Ìu“÷‘ÌŒ±v‚ÆƒƒCƒ“‚ª‘Ò‚ÂAƒsƒ…ƒAƒ~[ƒgƒVƒ‡ƒbƒv ƒJƒEƒ“ƒ^[‚ÖI,https://news.yahoo.co.jp/articles/e15f766684d5b5c6105d5e7c0476f28773860b31,5/25(“y) 12:04
figaro,ƒtƒBƒKƒƒWƒƒƒ|ƒ“,“ì•§‚Ì‰ğ•úŠ´‚ª–ÚIHamfARƒKƒ‰‚ğÊ‚Á‚½AƒZƒŒƒu‚½‚¿‚Ìu˜Io“x‚‚·‚¬vƒhƒŒƒX‚Æ‚Í,https://news.yahoo.co.jp/articles/dcc7eb9e24bbc14d7a027c0e25720612dec709d9,5/24(‹à) 21:50
figaro,ƒtƒBƒKƒƒWƒƒƒ|ƒ“,"y—§“c“Öq‚ÌƒJƒ“ƒk‰f‰æÕ2024 #04zŠW‚ğ–¾‚¯‚ÄŒ©‚ê‚Î¡”N‚à""ƒWƒƒƒpƒ“ƒCƒ„[""I",https://news.yahoo.co.jp/articles/05f0f3aa7a445a4947118508fdd03db75c3ae3e5,5/24(‹à) 18:04
figaro,ƒtƒBƒKƒƒWƒƒƒ|ƒ“,ˆóÛ”h150ü”N‹L”OAƒIƒ‹ƒZ[”üpŠÙ‚ÅwƒpƒŠ1874”Nx“WB,https://news.yahoo.co.jp/articles/c7668d09798778d61462f73c65746d0aec8fdaec,5/24(‹à) 12:06
figaro,ƒtƒBƒKƒƒWƒƒƒ|ƒ“,ƒGƒ”ƒ@Eƒƒ“ƒSƒŠƒAAƒJƒ“ƒk‚ÅƒXƒŠƒbƒgƒhƒŒƒX‚ªˆø‚Á‚©‚©‚è‰º’…‚ªcI•s‰^‚Èuƒnƒvƒjƒ“ƒOv‚Æ‚ÍH,https://news.yahoo.co.jp/articles/8c4a3a52ac98d609d27ad7f26558ef5b09b49a7f,5/23(–Ø) 21:00
figaro,ƒtƒBƒKƒƒWƒƒƒ|ƒ“,ƒZƒNƒV[‚ÉAƒVƒbƒN‚ÉA”ü‚µ‚­cƒJƒ“ƒk‘Û‰f‰æÕAƒPƒŠƒ“ƒOEƒE[ƒ}ƒ“EƒCƒ“Eƒ‚[ƒVƒ‡ƒ“‚ÌƒfƒBƒi[‚ÉW‚Á‚½ƒZƒŒƒu‚½‚¿,https://news.yahoo.co.jp/articles/66abcb753a0269c11a0199112cd70a06c182d677,5/23(–Ø) 18:05
figaro,ƒtƒBƒKƒƒWƒƒƒ|ƒ“,Œ‰‚­A‹­‚­™R‚«‘íK„Aê“¡HAŠá‚É‰f‚µ‚ÄB,https://news.yahoo.co.jp/articles/5942e1fa3ca9385e63faeab3cff11cd1c55311a8,5/23(–Ø) 18:02
figaro,ƒtƒBƒKƒƒWƒƒƒ|ƒ“,©•ª‚É©M‚ğ‚Â‚¯‚é‚½‚ß‚ÌAƒƒCƒN‚Ì”éŒ‚Á‚ÄH,https://news.yahoo.co.jp/articles/c5fe61ed1681f905b882d6a1f9b2f6fadac3648c,5/23(–Ø) 12:06
figaro,ƒtƒBƒKƒƒWƒƒƒ|ƒ“,‚»‚à‚»‚àƒƒCƒ“‚Á‚Ä‚Ç‚ñ‚È‚¨ğHƒtƒBƒKƒƒƒCƒ“ƒNƒ‰ƒu‚ª‚¨“Í‚¯‚·‚éAƒƒCƒ“‰SÒ‚Ì‚½‚ß‚Ì“Á•Êu‹`I,https://news.yahoo.co.jp/articles/565c64fd987f06e306a01d9c26f23944b8e1f5ab,5/23(–Ø) 8:03
figaro,ƒtƒBƒKƒƒWƒƒƒ|ƒ“,uƒ}ƒXƒgƒƒ„ƒ“ƒj‚É‚ÍM‚¶‚ç‚ê‚È‚¢‚Ù‚Ç‚Ì–£—Í‚ª‚ ‚Á‚½vƒJƒgƒŠ[ƒkEƒhƒk[ƒ”‚Æƒ}ƒ‹ƒ`ƒFƒEƒ}ƒXƒgƒƒ„ƒ“ƒj‚Ìˆ¤‚Ì•¨Œê‚ğU‚è•Ô‚é,https://news.yahoo.co.jp/articles/bfffe95089f9a1f9e4769000546f40d951d714a2,5/22(…) 21:40
figaro,ƒtƒBƒKƒƒWƒƒƒ|ƒ“,ƒJƒgƒŠ[ƒkEƒhƒk[ƒ”AƒLƒAƒ‰Eƒ}ƒXƒgƒƒ„ƒ“ƒj‚Ì•ê–º‚ª‹­‚¢Š´“®‚ğŒÄ‚Ñ‹N‚±‚µ‚½AƒJƒ“ƒk8“ú–Ú‚Ì‘åŠK’i,https://news.yahoo.co.jp/articles/84957464f8598dc365c12f634d90030216cff6cd,5/22(…) 21:29
figaro,ƒtƒBƒKƒƒWƒƒƒ|ƒ“,uŒÕ‚É—ƒv‚ªD•]‚Ì¬—Ñ—Áq‚É•·‚­A©•ª‚ç‚µ‚¢ƒLƒƒƒŠƒA‚Ìk‚µ•ûB,https://news.yahoo.co.jp/articles/3c8380f523770e7f4941d7f4eb8800c8c807d58f,5/22(…) 12:31
figaro,ƒtƒBƒKƒƒWƒƒƒ|ƒ“,Ş—¿‚Í5‚ÂAŒy‚­‚Ä‚¨‚¢‚µ‚¢ƒCƒ`ƒS‚ÌƒVƒ‡[ƒgƒP[ƒLB,https://news.yahoo.co.jp/articles/24ceb2df2c32ff4ea921e6cd350c0101a4e6b66c,5/22(…) 12:08
figaro,ƒtƒBƒKƒƒWƒƒƒ|ƒ“,ƒJƒ“ƒk‚É“oê‚µ‚½ƒxƒ‰EƒnƒfƒBƒbƒhAu‰ßŒƒ‚·‚¬‚évƒZƒNƒV[ƒhƒŒƒX‚Åƒhƒiƒ‹ƒhEƒgƒ‰ƒ“ƒv‚Ì‰f‰æ‚ğŠÓÜIH,https://news.yahoo.co.jp/articles/670a8c8880baf2ec15935deb9a48448106bc2fa7,5/21(‰Î) 21:30
figaro,ƒtƒBƒKƒƒWƒƒƒ|ƒ“,ƒxƒ‰EƒnƒfƒBƒbƒhAƒV[ƒXƒ‹[ƒhƒŒƒX‚ğ‹†‹ÉŒ`‚ÉIHƒJƒ“ƒk‚Ì‹ü‚ğ‘‚È‚ß‚É‚µ‚½u“§‚¯‚éƒhƒŒƒXv‚Æ‚Í,https://news.yahoo.co.jp/articles/e37613691a5909860a0eaa2ea8aa00698582befc,5/21(‰Î) 21:01
figaro,ƒtƒBƒKƒƒWƒƒƒ|ƒ“,ƒCƒ^ƒŠƒA‚ÌƒƒCƒ“‚ÆƒfƒŠAHŞ‚È‚çƒNƒ`[ƒiƒtƒFƒŠ[ƒ`ƒF‚ÖB,https://news.yahoo.co.jp/articles/8a39655367da0e519cc1cddafc3940809c726ceb,5/21(‰Î) 12:03
figaro,ƒtƒBƒKƒƒWƒƒƒ|ƒ“,“DÀÙ”»‚ğæ‚è‰z‚¦‚½ƒPƒrƒ“EƒRƒXƒi[A5l‚Ìq‚Ç‚à‚½‚¿‚Æ‚Æ‚à‚ÉƒJƒ“ƒk‚ÌƒŒƒbƒhƒJ[ƒyƒbƒg‚É“oêI,https://news.yahoo.co.jp/articles/204ae7ecfdf204d1c6f98ee3859f55901522b7c7,5/20(Œ) 20:31
figaro,ƒtƒBƒKƒƒWƒƒƒ|ƒ“,y—§“c“Öq‚ÌƒJƒ“ƒk‰f‰æÕ2024 #03zVl”o—D‚Ì“o—³–åIƒVƒ‡ƒp[ƒ‹EƒgƒƒtƒB[‚ÌƒfƒBƒi[‚ªŠJÃB,https://news.yahoo.co.jp/articles/b4183c518355f7792c53cb56b06961257be15537,5/20(Œ) 19:02
figaro,ƒtƒBƒKƒƒWƒƒƒ|ƒ“,ƒPƒrƒ“EƒRƒXƒi[A©g‚Ìá‚¢ ‚»‚Á‚­‚è‚È15Î‚Ì‘§q‚ÆƒŒƒbƒhƒJ[ƒyƒbƒg‚É“oêI,https://news.yahoo.co.jp/articles/1018f031097bce77c7da16360f5fedc102852ad8,5/20(Œ) 17:40
figaro,ƒtƒBƒKƒƒWƒƒƒ|ƒ“,ƒpƒŠ‚ÅA“Œ‹‚ÅACHICO SHIGETA‚É•·‚­u–L‚©‚È“­‚«•ûvB,https://news.yahoo.co.jp/articles/f80ba1f1bdbfd1bec93a44cf9b43202f7b498415,5/20(Œ) 12:06
figaro,ƒtƒBƒKƒƒWƒƒƒ|ƒ“,ƒuƒŒƒQAƒAƒCƒRƒjƒbƒN‚Èƒ^ƒCƒ€ƒs[ƒX‚Éƒsƒ“ƒN‚ª‚¨–ÚŒ©‚¦B,https://news.yahoo.co.jp/articles/2ae0956ea4a4e8e4e7d2546540ee5a4db18816b0,5/20(Œ) 12:06
figaro,ƒtƒBƒKƒƒWƒƒƒ|ƒ“,yƒJƒ“ƒk‘Û‰f‰æÕ2024z‘å’_‚ÈƒGƒ”ƒ@Eƒƒ“ƒSƒŠƒAAÎ‚¤ƒGƒ}EƒXƒg[ƒ“A—z‹C‚ÈƒAƒƒŠƒJ‚ÌƒXƒ^[”o—D‚½‚¿‚Å·‚èã‚ª‚Á‚½4“ú–Ú‚Ì‘åŠK’i,https://news.yahoo.co.jp/articles/ed598a1aaa9298ae0621e511586b98dce7cfcb63,5/19(“ú) 20:51
figaro,ƒtƒBƒKƒƒWƒƒƒ|ƒ“,•ƒe‚©‚ç‚Ì’E‹p!? ƒXƒŠEƒNƒ‹[ƒY‚ª–¼š‚ğ•ÏX‚©B,https://news.yahoo.co.jp/articles/59b34fb141006d4cef885e890a2b1812420b9fb8,5/19(“ú) 20:01
figaro,ƒtƒBƒKƒƒWƒƒƒ|ƒ“,yƒJƒ“ƒk‘Û‰f‰æÕz5“ú–Ú‚ÌƒŒƒbƒhƒJ[ƒyƒbƒg‚ÅƒZƒŒ[ƒiEƒSƒƒX‚Éƒu[ƒCƒ“ƒOI ‚»‚Ì——R‚ÍH,https://news.yahoo.co.jp/articles/92ec4ac680c081252628968518a10429537ff37d,5/19(“ú) 12:31
figaro,ƒtƒBƒKƒƒWƒƒƒ|ƒ“,è“yY‚Éƒtƒ‹[ƒcƒ|ƒ“ƒ`B,https://news.yahoo.co.jp/articles/f56b03da276d400d04bd1645b2ce6279efb45e87,5/19(“ú) 12:04
figaro,ƒtƒBƒKƒƒWƒƒƒ|ƒ“,ƒV[ƒc‚Ì‰º‚ÍTƒoƒbƒN‚¾‚¯cIHƒh[ƒWƒƒEƒLƒƒƒbƒg‚ÌuŠª‚¢‚½‚¾‚¯vŒÀŠEƒR[ƒf‚Æ‚Í,https://news.yahoo.co.jp/articles/c3b9d7aadf757a14e017c94b1b1dbddd7c256a81,5/18(“y) 21:01
figaro,ƒtƒBƒKƒƒWƒƒƒ|ƒ“,ƒGƒ”ƒ@Eƒƒ“ƒSƒŠƒAA5Î‚Ì‘§q‚Ì‚½‚ß‚ÉƒnƒŠƒEƒbƒh‚ğ—£‚ê‚é‚±‚Æ‚ğŒˆˆÓ,https://news.yahoo.co.jp/articles/929f092766dceb7d738bac908ca1e053a5339a12,5/18(“y) 15:00
figaro,ƒtƒBƒKƒƒWƒƒƒ|ƒ“,”’ƒƒCƒ“‚Ìl‹Cƒiƒ“ƒo[ƒƒ“•iíAƒVƒƒƒ‹ƒhƒl‚ğ’m‚éB,https://news.yahoo.co.jp/articles/dee53473306f78b8aca56e56de9bc44ead2551c1,5/18(“y) 12:06
figaro,ƒtƒBƒKƒƒWƒƒƒ|ƒ“,‚Ü‚é‚Ål‹›I ƒŠƒ…ƒbƒNEƒxƒbƒ\ƒ“‚Ì–ºA^‚ÁÔ‚ÈƒRƒ‹ƒZƒbƒgƒhƒŒƒX‚É”G‚êƒwƒA‚ÅƒJƒ“ƒk‰“oê,https://news.yahoo.co.jp/articles/8c7f8f5c1ed3bf3ca0b45e35dda957d584ca5c00,5/17(‹à) 18:30
figaro,ƒtƒBƒKƒƒWƒƒƒ|ƒ“,y—§“c“Öq‚ÌƒJƒ“ƒk‰f‰æÕ2024 #02zƒtƒ‰ƒ“ƒX‚Ì”MeToo ‚Í‰f‰æÕ‚É‚Ç‚¤‰e‹¿‚·‚é!?,https://news.yahoo.co.jp/articles/735be5cfc21997ec7f13ee3295a294e4fedb1392,5/17(‹à) 18:03
figaro,ƒtƒBƒKƒƒWƒƒƒ|ƒ“,ƒvƒŒƒCƒtƒ‹ƒƒCƒN‚ÅAŒÂ«‚ğÛ—§‚½‚¹‚½‚¢I,https://news.yahoo.co.jp/articles/3fea2455bc5c4db5126bf8c3edc609b84e4ba507,5/17(‹à) 12:07
figaro,ƒtƒBƒKƒƒWƒƒƒ|ƒ“,yƒJƒ“ƒk‘Û‰f‰æÕz–S‚«È‚É•ù‚°‚é...85Î‚Ìƒtƒ‰ƒ“ƒVƒXEƒtƒH[ƒhEƒRƒbƒ|ƒ‰ŠÄ“ÂA‚Â‚¢‚ÉÅVì‚É”­•\I ƒAƒ_ƒ€Eƒhƒ‰ƒCƒo[‚âƒAƒ“ƒWƒFƒŠ[ƒiEƒWƒ‡ƒŠ[‚Ì•ƒ‚à“oê‚µ‚½3“ú–Ú‚ÌÔãOŸ~,https://news.yahoo.co.jp/articles/a5bc2d61bc63df1559b506b3924be46244d76d83,5/17(‹à) 12:00
figaro,ƒtƒBƒKƒƒWƒƒƒ|ƒ“,u‘Ø”[Òv‚Æ‚µ‚ÄƒŠƒXƒgƒAƒbƒvIHƒnƒŠ[‰¤q•vÈ‚Ìœ‘PŠˆ“®uƒA[ƒ`ƒEƒFƒ‹à’cvA‘¶‘±‚ÌŠë‹@‚É‚ ‚é——R‚Æ‚Í,https://news.yahoo.co.jp/articles/0137c0e86bd47b4772677a8e4ae05140ff8b0cfd,5/17(‹à) 9:00
figaro,ƒtƒBƒKƒƒWƒƒƒ|ƒ“,”ü‚µ‚¢ƒ{ƒfƒBƒ‰ƒCƒ“‚ª”‚«o‚µ‚ÉIƒeƒCƒ‰[EƒXƒEƒBƒtƒg‚Ì—d‰‚È•‘‘äˆß‘•‚Ì”é–§‚Æ‚ÍH,https://news.yahoo.co.jp/articles/e3d08596bf096edb6f3e3ccbaf1a89c59788cb02,5/16(–Ø) 21:01
figaro,ƒtƒBƒKƒƒWƒƒƒ|ƒ“,ƒJƒ“ƒk‘Û‰f‰æÕ2“ú–ÚA˜b‘è‚ÌSF‰f‰æwƒ}ƒbƒhƒ}ƒbƒNƒXFƒtƒ…ƒŠƒIƒTx‚Ìƒ`[ƒ€“oê‚É”M‹¶I,https://news.yahoo.co.jp/articles/50eb0d81965549c7075465f36e2f9524ac049ddb,5/16(–Ø) 14:00
figaro,ƒtƒBƒKƒƒWƒƒƒ|ƒ“,y—§“c“Öq‚ÌƒJƒ“ƒk‰f‰æÕ2024 #01zƒOƒŒƒ^EƒK[ƒEƒBƒO‚ªR¸ˆõ’·IƒJƒ“ƒk‰f‰æÕ‚ªŠJ–‹B,https://news.yahoo.co.jp/articles/efccb98fa98281a344810d63ad7b8151b407ae06,5/16(–Ø) 12:31
figaro,ƒtƒBƒKƒƒWƒƒƒ|ƒ“,ƒp[ƒcƒƒCƒN‚Å“úí‚ğƒhƒŒƒXƒAƒbƒv‚·‚éB,https://news.yahoo.co.jp/articles/1fd8005daa4d546cdc77291a577b0a89e0daa773,5/16(–Ø) 12:06
figaro,ƒtƒBƒKƒƒWƒƒƒ|ƒ“,˜a‰ğ‚ª‰“‚Ì‚­cƒnƒŠ[‰¤qAƒƒ“ƒhƒ“‘Øİ’†‚Í‰¤º‚Ì“@‘î‚Ö‚Ìµ‘Ò‚ğ’f‚Á‚Äƒzƒeƒ‹‚É‚¢‚½H,https://news.yahoo.co.jp/articles/34207211e726eac1143512f5a656ee5f001befd1,5/16(–Ø) 8:04
figaro,ƒtƒBƒKƒƒWƒƒƒ|ƒ“,‰“ú‚©‚çƒV[ƒXƒ‹[A‹¹Œ³‘å’_‚ÈƒhƒŒƒX‚ÉuŒ¢v‚Ü‚Å“oêƒJƒ“ƒk‘Û‰f‰æÕ2024‚ªŠJ–‹,https://news.yahoo.co.jp/articles/1c191edea959ed264b7bf7c65e75f3aa1ba77d3e,5/15(…) 21:02
figaro,ƒtƒBƒKƒƒWƒƒƒ|ƒ“,ƒŒƒAEƒZƒhƒDAƒGƒ”ƒ@EƒOƒŠ[ƒ“cƒJƒ“ƒk‘Û‰f‰æÕ2024ŠJ–‹’¼‘OAƒj[ƒX‚Ì‹ó`‚ÉW‚Ü‚Á‚½ƒZƒŒƒu‚½‚¿I,https://news.yahoo.co.jp/articles/42a5436c20e2db44006eecc67de83a6157978bdf,5/15(…) 16:10
figaro,ƒtƒBƒKƒƒWƒƒƒ|ƒ“,ƒtƒŒƒ“ƒ`Eƒuƒ‹[ƒ€‚ªØ‚èŠJ‚­Au‚•i¿‚Èƒmƒ“ƒAƒ‹ƒR[ƒ‹ƒXƒp[ƒNƒŠƒ“ƒOƒƒCƒ“v‚Ì¢ŠE‚Æ‚ÍH,https://news.yahoo.co.jp/articles/4cee8ff4260890b3edbc3244a215de177cc14c92,5/15(…) 12:06
figaro,ƒtƒBƒKƒƒWƒƒƒ|ƒ“,ƒnƒ‹EƒxƒŠ[Aƒoƒ‹ƒRƒj[‚Å”üƒ{ƒfƒB‚ğ”â˜IIHÄ‚Ñu‰½‚àg‚É‚Â‚¯‚È‚¢vÊ^‚ğ“Še‚µ‚½——R‚Æ‚Í,https://news.yahoo.co.jp/articles/01c794cb22f482f87ccbfefb76574bafe041c86f,5/14(‰Î) 21:01
figaro,ƒtƒBƒKƒƒWƒƒƒ|ƒ“,‰¤ˆÊŒp³‚Ì€”õ‚Í’…X‚Æcƒ`ƒƒ[ƒ‹ƒY3¢AƒEƒBƒŠƒAƒ€c‘¾q‚É32”NŠÔ–±‚ß‚½—¤ŒRq‹ó‘à‘å²‚ÌŒ¨‘‚«‚ğˆÚ÷,https://news.yahoo.co.jp/articles/5af12e176634b48b0bd425dccfe1738063a661d5,5/14(‰Î) 17:10
figaro,ƒtƒBƒKƒƒWƒƒƒ|ƒ“,ƒ‚ƒfƒ‹‚ÌƒpƒŠƒWƒFƒ“ƒkAƒWƒƒƒ“ƒk‚ªˆ¤—p‚·‚é5‚Â‚Ì‚à‚ÌB,https://news.yahoo.co.jp/articles/4668a62ef218af2f5a747d24f9beb72cd0a29d4b,5/14(‰Î) 12:07
figaro,ƒtƒBƒKƒƒWƒƒƒ|ƒ“,ƒwƒCƒŠ[Eƒr[ƒo[AƒV[ƒXƒ‹[ƒhƒŒƒX‚ğ“Z‚¢‘æˆêq”DP‚ğƒCƒ“ƒXƒ^ƒOƒ‰ƒ€‚Å•ñI,https://news.yahoo.co.jp/articles/2f0bf0525d9ac7ae3c0b7c4145962b915976a32f,5/13(Œ) 19:02
figaro,ƒtƒBƒKƒƒWƒƒƒ|ƒ“,ƒzƒƒCƒgƒnƒEƒX‚ª”F‚ß‚½ø‘¢‰ÆAƒAƒLƒREƒtƒŠ[ƒ}ƒ“‚ÌƒƒCƒ“‚Æ‚ÍH,https://news.yahoo.co.jp/articles/72fd8c5c8219410c5dc50569de543945319fa3e2,5/13(Œ) 12:06
figaro,ƒtƒBƒKƒƒWƒƒƒ|ƒ“,ƒWƒ‡ƒ“EFEƒPƒlƒfƒB‚Ì‘·ƒWƒƒƒbƒNEƒVƒ…ƒƒXƒo[ƒOA31Î‚ÌƒCƒPƒƒ“‚Ì‘fŠç‚Æ‚ÍH,https://news.yahoo.co.jp/articles/07a31a2165901150d2c91355e78f6547e0fa3794,5/13(Œ) 9:00
figaro,ƒtƒBƒKƒƒWƒƒƒ|ƒ“,{‚ÌƒwƒAƒXƒ^ƒCƒ‹‚ÅˆóÛ‚ğ•Ï‚¦‚é‚È‚çH,https://news.yahoo.co.jp/articles/b4ec0aa65ba068163f2fe7b6486cbad3c806b59f,5/12(“ú) 12:04
figaro,ƒtƒBƒKƒƒWƒƒƒ|ƒ“,Œ‡È‚µ‚½‚Í‚¸‚Ìƒp[ƒeƒB[AƒhƒŒƒXp‚Ì“oêƒV[ƒ“‚ªŠgUIHƒPƒCƒeƒBEƒyƒŠ[‚ÌAI¶¬‰æ‘œ‚Éƒlƒbƒg‚ª¬—,https://news.yahoo.co.jp/articles/df2a8d85a0c62bcea956e8d8b032f91867ce30ba,5/11(“y) 21:20
figaro,ƒtƒBƒKƒƒWƒƒƒ|ƒ“,ƒpƒŠƒWƒFƒ“ƒkˆ¤—p‚Ìƒ‰ƒ“ƒWƒFƒŠ[A…AƒXƒLƒ“ƒPƒA‚Ìƒuƒ‰ƒ“ƒh‚Æ‚ÍH,https://news.yahoo.co.jp/articles/872cde5b968d2c1268336505ce605613424b3f4b,5/11(“y) 12:04
figaro,ƒtƒBƒKƒƒWƒƒƒ|ƒ“,ƒ}ƒNƒƒ“‘å“—Ì‚ÆK‹ß•½‘‰ÆåÈ‚Ì”Ó`‰ï‚Éƒtƒ‰ƒ“ƒX‚ÌVIP‚ªWŒ‹,https://news.yahoo.co.jp/articles/590fd528e199df6d65486e4b2a2ccf7179db2a41,5/11(“y) 10:00
figaro,ƒtƒBƒKƒƒWƒƒƒ|ƒ“,uˆ«–‚‚ÌƒT[ƒNƒ‹v‚É—Ü...è‚ÉŠ¾ˆ¬‚éƒpƒŠ‚Ì‰^“]–îB,https://news.yahoo.co.jp/articles/34af241a0e7bb754064ce949efbcd638cb9b35d4,5/10(‹à) 12:05
figaro,ƒtƒBƒKƒƒWƒƒƒ|ƒ“,ƒXƒŠƒbƒgƒhƒŒƒX‚ª—ô‚¯‚Ä‰º’…‚ªcIMETƒKƒ‰‚Å‹N‚±‚Á‚½ƒnƒvƒjƒ“ƒO‚Æ‚ÍH,https://news.yahoo.co.jp/articles/08e5da0f8eb1aa76847f06f408e72b37ab373453,5/9(–Ø) 21:40
figaro,ƒtƒBƒKƒƒWƒƒƒ|ƒ“,ƒpƒŠƒWƒFƒ“ƒk‚ª–ˆ“úƒoƒbƒO‚É“ü‚ê‚Ä‚¢‚éƒ‚ƒm‚Æ‚ÍH,https://news.yahoo.co.jp/articles/6e7b3b98fc6d7e38890576eb45305ed82b594b1e,5/9(–Ø) 12:05
figaro,ƒtƒBƒKƒƒWƒƒƒ|ƒ“,ƒV[ƒXƒ‹[‚É‘å’_ƒXƒŠƒbƒgA‚à‚Í‚âu’…‚Ä‚È‚¢vƒhƒŒƒX‚Ì—¬s‚Í~‚Ü‚ç‚È‚¢IMETƒKƒ‰2024‚ÌƒZƒŒƒu‚½‚¿‚É”M‹ü,https://news.yahoo.co.jp/articles/9631c4eac3f1918837d242688c18c2fe102bfd32,5/8(…) 21:30
figaro,ƒtƒBƒKƒƒWƒƒƒ|ƒ“,‹¹‚ğ‰B‚·‚Ì‚Íu•Rv‚¾‚¯IHƒX[ƒp[ƒ‚ƒfƒ‹‚ÌƒGƒ€ƒ‰ƒ^‚ª“Z‚Á‚½‹à‚ÌƒhƒŒƒX‚ª˜b‘è‚É,https://news.yahoo.co.jp/articles/3360bd8aa7214f614d762298e011dc80fe95bde6,5/8(…) 21:00
figaro,ƒtƒBƒKƒƒWƒƒƒ|ƒ“,ƒXƒEƒF[ƒfƒ“‚Å‚¢‚Ü˜b‘è‚Ìƒ_ƒCƒGƒbƒgH‚Ìƒtƒ‹[ƒNƒlƒbƒP‚Á‚ÄH,https://news.yahoo.co.jp/articles/d7d63e7def1383dcdd28141da9f153d7ad69c401,5/8(…) 12:04
figaro,ƒtƒBƒKƒƒWƒƒƒ|ƒ“,ƒIƒ‰ƒ“ƒ_‚ÌƒJƒ^ƒŠƒiƒAƒ}ƒŠƒA‰¤—Aƒ}ƒtƒBƒA‚É‹º”—‚ğó‚¯‚Ä‚¢‚é——R‚Æ‚ÍH,https://news.yahoo.co.jp/articles/8c97c12101baa8315cfa062ba3bd99d5b6a0c5e0,5/8(…) 8:04
figaro,ƒtƒBƒKƒƒWƒƒƒ|ƒ“,ƒuƒŠƒgƒj[EƒXƒsƒA[ƒYA‰½‚à“Z‚í‚¸ƒzƒeƒ‹‘O‚É“oêIƒtƒ@ƒ“‚©‚ç‚ÍS”z‚Ìº‚à,https://news.yahoo.co.jp/articles/ba26293f8440df1c9ea58371e7c729f049924760,5/7(‰Î) 21:01
figaro,ƒtƒBƒKƒƒWƒƒƒ|ƒ“,ƒZƒŠ[ƒkEƒfƒBƒIƒ“Awƒ^ƒCƒ^ƒjƒbƒNxå‘è‰Ì‚ğ‚±‚ê‚Ü‚Å‚Ù‚Æ‚ñ‚Ç‰Ì‚í‚È‚©‚Á‚½——R‚Æ‚ÍH,https://news.yahoo.co.jp/articles/40440108f66cd87ee11c52395f7d97577842b0a0,5/7(‰Î) 15:00
figaro,ƒtƒBƒKƒƒWƒƒƒ|ƒ“,ƒEƒBƒŠƒAƒ€c‘¾q‚Ìf•ƒƒGƒhƒ[ƒh‰¤qAc‘¾q‚Ì‘¤‹ß‚ÉH,https://news.yahoo.co.jp/articles/1b4136b56435b2ba3277e5496158470adcee202e,5/7(‰Î) 8:02
figaro,ƒtƒBƒKƒƒWƒƒƒ|ƒ“,ƒYƒ{ƒ“‚àƒXƒJ[ƒg‚àƒhƒŒƒX‚à“Z‚í‚¸A‰º”¼g‚Íƒpƒ“ƒc‚¾‚¯IƒZƒŒƒu‚É‘ål‹C‚Ìƒtƒ@ƒbƒVƒ‡ƒ“A“úí¶Šˆ‚Å‚àŠˆ—p‚Å‚«‚éH,https://news.yahoo.co.jp/articles/83c910ef278190fff0d91188adc1b6f2df1fea6c,5/6(Œ) 21:00
figaro,ƒtƒBƒKƒƒWƒƒƒ|ƒ“,yƒjƒbƒ|ƒ“‚Ì«z5”NˆÈãƒZƒbƒNƒX‚µ‚Ä‚¢‚È‚¢uƒZƒJƒ“ƒhƒo[ƒWƒ“vA‚Ç‚¤‚â‚Á‚Ä’Eo‚·‚é‚ÌH,https://news.yahoo.co.jp/articles/325e4094ae5d4c3394a897026a3b2d5470b97746,5/6(Œ) 19:00
figaro,ƒtƒBƒKƒƒWƒƒƒ|ƒ“,Z¢‘ã‚ªŒ™‚¤ƒ~ƒŒƒjƒAƒ‹¢‘ã‚ÌƒCƒ“ƒeƒŠƒA6‚Â‚ÌŒXŒüB,https://news.yahoo.co.jp/articles/c7615e2244ac427c47ca14761e4e4ec1db39ff43,5/6(Œ) 15:00
figaro,ƒtƒBƒKƒƒWƒƒƒ|ƒ“,ƒ‚ƒiƒR‚Ì‚Ó‚½‚²‚ÌŒöqAƒŒƒU[ƒWƒƒƒPƒbƒg‚ğ“Z‚Á‚ÄƒŒ[ƒX‰ïê‚É“oêI,https://news.yahoo.co.jp/articles/3776ac1409deb2796746aa2678c25897b697b1f8,5/6(Œ) 9:00
figaro,ƒtƒBƒKƒƒWƒƒƒ|ƒ“,•‚¢è‚ªƒoƒXƒgƒgƒbƒv‚ğ•¢‚¢‰B‚µ‚ÄcIƒ‚ƒjƒJEƒxƒ‹ƒbƒ`‚ª“Z‚Á‚½ƒZƒNƒV[‚·‚¬‚éƒhƒŒƒX‚Æ‚ÍH,https://news.yahoo.co.jp/articles/9358399d690bf160cce974f8838d37785d72823d,5/5(“ú) 21:00
figaro,ƒtƒBƒKƒƒWƒƒƒ|ƒ“,——DƒŒƒxƒ‹EƒEƒBƒ‹ƒ\ƒ“A‰p‘‰¤ºƒƒ“ƒo[‚©‚ç—ŒğEƒhƒ‰ƒbƒOƒp[ƒeƒB[‚É—U‚í‚ê‚½‰ß‹‚ğ–\˜II,https://news.yahoo.co.jp/articles/f27e11187ec59f80da594780260404ff622ea600,5/5(“ú) 18:05
figaro,ƒtƒBƒKƒƒWƒƒƒ|ƒ“,ƒpƒŠŒÜ—Ö‚ª‚æ‚èŠy‚µ‚­‚È‚éAŠÏíƒOƒ‹ƒƒKƒCƒhByŒã•Òz,https://news.yahoo.co.jp/articles/d8bb0769510fb3a9ea216f7c6730e8ef043dda92,5/5(“ú) 18:04
figaro,ƒtƒBƒKƒƒWƒƒƒ|ƒ“,”ü‚µ‚·‚¬‚éŒ¨‚©‚ç‹¹‚Ìƒ‰ƒCƒ“cƒTƒ‹ƒ}EƒnƒGƒbƒNA‹`—‚Ì–º‚Æ‚¨‘µ‚¢‚ÌƒXƒgƒ‰ƒbƒvƒŒƒXƒhƒŒƒX‚Å“oêI,https://news.yahoo.co.jp/articles/6761cae00d27fda3c49d9835045d8cdc83701a5c,5/4(“y) 20:50
figaro,ƒtƒBƒKƒƒWƒƒƒ|ƒ“,ƒgƒ€EƒNƒ‹[ƒY‚Ìˆ¤–ºƒXƒŠAƒƒ“ƒVƒƒƒ“‚ÌƒoƒbƒO‚ğ‚Á‚½—lq‚ªƒpƒŠƒWƒFƒ“ƒk‚Ì‚æ‚¤‚¾‚Æ˜b‘è‚ÉI,https://news.yahoo.co.jp/articles/c9afedf9d3f0264dd32638403adf5708ffb7e320,5/4(“y) 11:30
figaro,ƒtƒBƒKƒƒWƒƒƒ|ƒ“,u11Î–¢–‚ÍƒXƒ}ƒz‹Ö~A18Î‚Ü‚Å‚ÍTik TOK‚àNGvIHƒtƒ‰ƒ“ƒX­•{‚ÌV’ñŒ¾‚ª”g–ä‚ğŒÄ‚Ô,https://news.yahoo.co.jp/articles/c12963f8f16de3e732ac5309f0916d4c1dd24539,5/4(“y) 8:20
figaro,ƒtƒBƒKƒƒWƒƒƒ|ƒ“,20”N‚Å•Ï‰»‚È‚µIHƒWƒFƒjƒtƒ@[EƒƒyƒXA30‘ã‚Ì ‚Æ‚¢‚Ü‚ğ”ä‚×‚½Ê^‚ª‘S‘R•Ï‚í‚Á‚Ä‚¢‚È‚¢‚Æ˜b‘è‚É,https://news.yahoo.co.jp/articles/4fa060ebcbe2c4dfd338baf20ba1bacae30a2a12,5/3(‹à) 20:04
figaro,ƒtƒBƒKƒƒWƒƒƒ|ƒ“,Rè‚Ü‚Ç‚©‚Æ’·’Jì’¬‘ ‚ªŒê‚éA‰f‰æŠE‚ğŒ¡ˆø‚·‚éƒOƒŒƒ^‚ÆƒmƒA‚Ìƒpƒ[ƒJƒbƒvƒ‹˜_B,https://news.yahoo.co.jp/articles/8327023a3361adf454cd9e8c3d73d88cfbc4c96b,5/3(‹à) 19:01
figaro,ƒtƒBƒKƒƒWƒƒƒ|ƒ“,ƒ}ƒŒ‚Ì‰æ˜L‚ÅƒMƒGƒ€‚âƒkƒŒƒGƒt......ƒ_ƒ“ƒT[‚½‚¿‚Ì’¿‚µ‚¢Ê^“WB,https://news.yahoo.co.jp/articles/dc7ad072ee27cbaa9ef6a18e5005407fb053fc46,5/3(‹à) 19:00
figaro,ƒtƒBƒKƒƒWƒƒƒ|ƒ“,ƒpƒŠŒÜ—Ö‚ª‚æ‚èŠy‚µ‚­‚È‚éAŠÏíƒOƒ‹ƒƒKƒCƒhBy‘O•Òz,https://news.yahoo.co.jp/articles/c8160266bdb1ce473ac4d80101b2b8f69a10a69a,5/3(‹à) 18:05
figaro,ƒtƒBƒKƒƒWƒƒƒ|ƒ“,‰Æ‚É‚¢‚È‚ª‚ç—·‹C•ªI ‰f‰æƒ‰ƒCƒ^[‚¨‚·‚·‚ß‚Ì—·‰f‰æ4‘IB,https://news.yahoo.co.jp/articles/8c5668fb2a64a0b18868f9333516cdd8993d9b7d,5/3(‹à) 15:00
figaro,ƒtƒBƒKƒƒWƒƒƒ|ƒ“,‰¤º‚Ö‚ÌŒ£gA‰ïĞ‚Í”jYcƒLƒƒƒTƒŠƒ“c‘¾q”Ü‚Ì—¼eAİˆÊ‚ğö‚©‚é—\’è‚ÍH,https://news.yahoo.co.jp/articles/4d36edfe9e1128b14104c5adfed7236c78b15863,5/3(‹à) 9:00
figaro,ƒtƒBƒKƒƒWƒƒƒ|ƒ“,ƒpƒŠƒWƒFƒ“ƒk‚ª‘I‚ÔA‚¢‚Ü”ƒ‚¤‚×‚«ƒpƒŠ‚Ì‚¨“yY12‘IB,https://news.yahoo.co.jp/articles/622847e803b514405274973046efa6ef1e36e825,5/2(–Ø) 18:05
figaro,ƒtƒBƒKƒƒWƒƒƒ|ƒ“,‘å•ª‚Ì–£—Í‚ğƒA[ƒg‚ÅÄ”­Œ©IuOita Cultural Expo! '24v‚ÌŒ©‚Ç‚±‚ë6‘IB,https://news.yahoo.co.jp/articles/adb5b2961d794ab503e42f5f9f95d6bb289d8992,5/2(–Ø) 18:05
figaro,ƒtƒBƒKƒƒWƒƒƒ|ƒ“,‰p‘ñ‘ŠƒŠƒVEƒXƒiƒNAƒAƒfƒBƒ_ƒX‚Ì‘ål‹CƒXƒj[ƒJ[‚ğ—š‚¢‚Ä”á”»E“‚Ì——R‚Æ‚ÍH,https://news.yahoo.co.jp/articles/83cb76dc3608429193846a2ea4a01b8c8cc97666,5/2(–Ø) 17:02
figaro,ƒtƒBƒKƒƒWƒƒƒ|ƒ“,GW‚Í–ƒ•z‘äƒqƒ‹ƒY‚ÖI‹C‚É‚È‚éŒ©‚Ç‚±‚ë6‘I,https://news.yahoo.co.jp/articles/e62cef3f144cf393a12db15c859661b589606fcf,5/2(–Ø) 15:00
figaro,ƒtƒBƒKƒƒWƒƒƒ|ƒ“,ˆÓŠO‚Æ–ÀM[‚¢HƒLƒƒƒTƒŠƒ“c‘¾q”ÜAulŠp‚¢ƒTƒ“ƒhƒCƒbƒ`v‚ªH‚×‚ç‚ê‚È‚¢——R‚Æ‚Í,https://news.yahoo.co.jp/articles/ba22189135d1d2bc7416737e29e043cc360838da,5/2(–Ø) 12:07
figaro,ƒtƒBƒKƒƒWƒƒƒ|ƒ“,ƒpƒŠ“yY‚ÉAƒAƒ‰ƒ“Eƒfƒ…ƒJƒX~ƒNƒXƒ~ƒeƒB[‚ÌƒrƒIƒn[ƒuƒeƒB[‚ğB,https://news.yahoo.co.jp/articles/9e33f0289a465014ca24ec0949b2c07b0c31ae1f,5/2(–Ø) 12:05
figaro,ƒtƒBƒKƒƒWƒƒƒ|ƒ“,uŠÂ‹«”j‰ó‚Íw…–Ê‰»x‚Åis‚µ‚Ä‚¢‚évƒjƒRƒ‰EƒtƒƒbƒN‚ª•`‚«o‚·A¢ŠE‚Ì–{“–‚Ìp‚Æ‚ÍH,https://news.yahoo.co.jp/articles/fe937ff3a332d028684b11309de67f9785f8b7f0,5/2(–Ø) 12:05
figaro,ƒtƒBƒKƒƒWƒƒƒ|ƒ“,ƒLƒƒƒTƒŠƒ“c‘¾q”Ü‚ÆƒEƒBƒŠƒAƒ€c‘¾q‚ÌŒ‹¥‹L”O“úA“Še‚ª•¨‹c‚ğø‚µ‚½——R‚Æ‚ÍH,https://news.yahoo.co.jp/articles/5798ce402bafd25486e0aecda389ff44493aa50c,5/2(–Ø) 8:04
figaro,ƒtƒBƒKƒƒWƒƒƒ|ƒ“,YŒã‚Ì‰º’…p‚ğ”â˜I‚µ‚½——DA“Še‚ª˜b‘è‚ğ“Ç‚ñ‚¾——R‚Æ‚ÍH,https://news.yahoo.co.jp/articles/10a4ee1dcf622a2a8cda204710ecb0a0db8b25bb,5/1(…) 21:02
figaro,ƒtƒBƒKƒƒWƒƒƒ|ƒ“,ƒyƒlƒƒyEƒNƒ‹ƒX50Î‚ÉI50–‡‚ÌÊ^‚ÅU‚è•Ô‚éA•Ï‚í‚ç‚È‚¢”ü‚µ‚³,https://news.yahoo.co.jp/articles/c69892cc0cc2af170735d64d6c76d258f1664fb7,5/1(…) 18:05
figaro,ƒtƒBƒKƒƒWƒƒƒ|ƒ“,ŠÃ–¡‚ÅŠ•Ÿ‚Ì‚Ğ‚Æ‚Æ‚«‚ğI “s“à‚ÌÅ{ƒXƒC[ƒcƒVƒ‡ƒbƒv5‘IB,https://news.yahoo.co.jp/articles/20181146132b233e9a2b312d1f81f5205c002495,5/1(…) 18:05
figaro,ƒtƒBƒKƒƒWƒƒƒ|ƒ“,ƒtƒFƒ€ƒeƒbƒN‚Æ–hĞ‚ğl‚¦‚éƒCƒxƒ“ƒg‚ª˜a‰ÌR‚ÅŠJÃB,https://news.yahoo.co.jp/articles/d193623ddaa9dbb3bf87e62f795357d75036cc2a,5/1(…) 12:04
figaro,ƒtƒBƒKƒƒWƒƒƒ|ƒ“,‚²”Ñ‚É‚àƒpƒ“‚É‚àOKI@‰–‚ÆƒVƒ‰ƒX‚Ìƒo[ƒjƒƒƒJƒEƒ_B,https://news.yahoo.co.jp/articles/b6ddff2caf155f5c7ba76b8104c1f7db4195eca3,5/1(…) 9:00
figaro,ƒtƒBƒKƒƒWƒƒƒ|ƒ“,”jYé‚ğó‚¯‚Ä‚¢‚éƒLƒƒƒTƒŠƒ“c‘¾q”Ü‚Ì•ê‚ª•é‚ç‚·L‘å‚È“@‘î‚Æ‚ÍH,https://news.yahoo.co.jp/articles/c2f49e4069ac3b8b01f05820fd32d6b19609395f,5/1(…) 8:30
figaro,ƒtƒBƒKƒƒWƒƒƒ|ƒ“,ƒLƒƒƒTƒŠƒ“Eƒ[ƒ^ƒWƒ‡[ƒ“ƒY‚Ì–ºA•ê‚ª25”N‘O‚É“Z‚Á‚½ƒhƒŒƒX‚ğ’…‚Ä21Î‚Ì’a¶“ú‚ğj‚¤I,https://news.yahoo.co.jp/articles/0b7d802e27f06b6117fc99dc71253d2830dc1a2d,4/30(‰Î) 21:30
figaro,ƒtƒBƒKƒƒWƒƒƒ|ƒ“,‰ß‹‚Æ‚¢‚ÜA‚»‚µ‚Ä•S”NŒã‚ğŒq‚®w”’qŒ|pÕx‚ğƒŠƒ|[ƒgB,https://news.yahoo.co.jp/articles/c254c1198422804bfc8cba432661be4a850e32bf,4/30(‰Î) 18:02
figaro,ƒtƒBƒKƒƒWƒƒƒ|ƒ“,ƒLƒAƒkEƒŠ[ƒuƒXAƒŒƒbƒhƒJ[ƒyƒbƒg‚Å5”N—ˆ‚Ìƒp[ƒgƒi[‚ÆƒLƒXI,https://news.yahoo.co.jp/articles/14f72e8a309b6bd3d13a7801cc58fbbf8d3214ed,4/30(‰Î) 16:00
figaro,ƒtƒBƒKƒƒWƒƒƒ|ƒ“,’°Šˆ‚Å‡ŠOü‘ÎôI “§–¾Š´‚ ‚é”§‚ğ•Û‚Â”éŒ‚Æ‚ÍH,https://news.yahoo.co.jp/articles/70f69564d74b90c53188a084333130f23b84e437,4/30(‰Î) 12:06
figaro,ƒtƒBƒKƒƒWƒƒƒ|ƒ“,—l‚É‚È‚é’jAˆêƒm£ƒƒ^ƒ‹‚Ì‚«‚ç‚ß‚­•\î‚ğAê“¡H‚ªB‚éB,https://news.yahoo.co.jp/articles/70d7948803a9c513ee0d4a5a25d170beb22a3444,4/30(‰Î) 9:00
figaro,ƒtƒBƒKƒƒWƒƒƒ|ƒ“,ƒWƒFƒV[iSixTONESjAƒ†[ƒ‚ƒ‰ƒX‚Åam“I‚È‘¶İŠ´B,https://news.yahoo.co.jp/articles/29bda671407c51c7973c251a4154c2f85be0df12,4/29(Œ) 19:30
figaro,ƒtƒBƒKƒƒWƒƒƒ|ƒ“,‰ÄƒlƒCƒ‹‚ÌƒgƒŒƒ“ƒh‚ÍAƒOƒŠ[ƒ“I ŒÂ«–L‚©‚É“Z‚¢‚½‚¢7F‚ÍH,https://news.yahoo.co.jp/articles/ffb6ab6371aaeaf9beb716820fa6284c71e2adef,4/29(Œ) 18:03
figaro,ƒtƒBƒKƒƒWƒƒƒ|ƒ“,ƒ~ƒVƒ…ƒ‰ƒ“ƒL[‚ª—·‚ğ•Ï‚¦‚éB—·‚Ì–Ú“I’n‚Í”‘‚Ü‚è‚½‚¢ƒzƒeƒ‹I,https://news.yahoo.co.jp/articles/09735dcebc8239cbf0e2ebdf1fa977825e36caea,4/29(Œ) 12:05
figaro,ƒtƒBƒKƒƒWƒƒƒ|ƒ“,ƒjƒ…[ƒW[ƒ‰ƒ“ƒh‚Ì’è”ÔuƒVƒ‰ƒXƒg[ƒXƒgvB,https://news.yahoo.co.jp/articles/3d25357481a9bf9b85d27b0cf68ca789bdb01cf7,4/29(Œ) 11:04
figaro,ƒtƒBƒKƒƒWƒƒƒ|ƒ“,”ü”§‚©HŒ’N‚©H ƒpƒŠİZƒuƒƒK[Aƒtƒ‰ƒ“ƒX‚Å—â“z‚ğH‚×‚ÄÀŠ´‚µ‚½ƒƒŠƒbƒgAƒfƒƒŠƒbƒg‚Æ‚Í,https://news.yahoo.co.jp/articles/efa0e808ce1aa5df6dfe8f284048fd56cc7bbfab,4/28(“ú) 17:50
figaro,ƒtƒBƒKƒƒWƒƒƒ|ƒ“,ƒ\ƒtƒBƒAEƒRƒbƒ|ƒ‰ÅV‰f‰æwƒvƒŠƒVƒ‰x‚ÆƒVƒƒƒlƒ‹‚ªè‚ª‚¯‚½ƒEƒGƒfƒBƒ“ƒOƒhƒŒƒXA‚»‚Ì»ì‚É”—‚éB,https://news.yahoo.co.jp/articles/8d0b02f78c376a68cddc0faf7da0e9b1e411cdaa,4/28(“ú) 17:40
figaro,ƒtƒBƒKƒƒWƒƒƒ|ƒ“,©ŒÈÃ–°‚ÌŒø‰Ê‚Í‚¢‚©‚ÉH ê–å‰Æ‚É•·‚¢‚Ä‚İ‚½B,https://news.yahoo.co.jp/articles/a1288621b0a3821ef7019d629798ab96a4244864,4/28(“ú) 17:30
figaro,ƒtƒBƒKƒƒWƒƒƒ|ƒ“,u”DP‚Í‘Ò‚Ä‚ÆŒ¾‚í‚ê‚Ü‚µ‚½vƒIƒŠƒ“ƒsƒbƒN‚É’§í‚·‚é—«‘Iè‚ª’¼–Ê‚·‚é–â‘è‚Æ‚ÍH,https://news.yahoo.co.jp/articles/ae0db5e2584579344267791c1e674f81eb635404,4/28(“ú) 15:40
figaro,ƒtƒBƒKƒƒWƒƒƒ|ƒ“,ƒfƒ“ƒ}[ƒN‚ÌŒ³‰¤qAƒjƒRƒ‰ƒC”Œİ‚ª—öl‚Æƒjƒ…[ƒW[ƒ‰ƒ“ƒh‚ğŠ¬”\Iƒˆ[ƒƒbƒp‰¤º‚ÌŒ»À‚Æ‚ÍcH,https://news.yahoo.co.jp/articles/b5d0325de14e227ca690cade80e5039c2f134bc4,4/28(“ú) 10:00
figaro,ƒtƒBƒKƒƒWƒƒƒ|ƒ“,¢ŠE‚ª’–ÚAƒjƒ…[ƒgƒŠƒRƒXƒƒeƒBƒNƒX~’°Šˆ‚ÅƒsƒJƒsƒJ‚Ì”§‚ÉI,https://news.yahoo.co.jp/articles/8f220393d096e6b1c0a727ef6ea127c549a14b3b,4/27(“y) 21:02
figaro,ƒtƒBƒKƒƒWƒƒƒ|ƒ“,jã‰IƒLƒƒƒTƒŠƒ“c‘¾q”ÜAƒ`ƒƒ[ƒ‹ƒY‘‰¤‚©‚çö—^‚³‚ê‚½u“Á•Ê‚ÈÌ†v‚Æ‚ÍH,https://news.yahoo.co.jp/articles/4c315b3e8dbae36933a5de8a1c54d8cbb9284e8f,4/27(“y) 11:03
figaro,ƒtƒBƒKƒƒWƒƒƒ|ƒ“,ƒLƒƒƒTƒŠƒ“c‘¾q”Ü‚ÌŒ’N–â‘èAƒXƒLƒƒƒ“ƒ_ƒ‹‚Í‚È‚º‹N‚«‚½HƒEƒBƒŠƒAƒ€c‘¾q•vÈ‚ğx‚¦‚éL•ñ’S“–ƒ`[ƒ€‚ğ‰ğà,https://news.yahoo.co.jp/articles/0be6eba4a13f514b7183073e1edf8565188a8106,4/27(“y) 9:00
figaro,ƒtƒBƒKƒƒWƒƒƒ|ƒ“,ƒ‚ƒjƒJEƒxƒ‹ƒbƒ`A”ü‚µ‚¢”w’†‚ª”‚«o‚µ‚ÉIuƒZƒNƒV[‚·‚¬‚éƒhƒŒƒXv‚ğ“Z‚Á‚½p‚ª˜b‘è‚É,https://news.yahoo.co.jp/articles/b3328b805b4c31d0a2712983336750fde35faf70,4/26(‹à) 21:03
figaro,ƒtƒBƒKƒƒWƒƒƒ|ƒ“,ƒA[ƒg‚Æ‹óŠÔ‚Ì–­‚ğŠy‚µ‚ŞA‹“s‚ÌVƒXƒ|ƒbƒg‚ÖB,https://news.yahoo.co.jp/articles/cdcb53f5425800b7e44a7dc3cb6c339b9d1be76f,4/26(‹à) 18:05
figaro,ƒtƒBƒKƒƒWƒƒƒ|ƒ“,‚¿‚è‚ß‚ñ‚¶‚á‚±~ƒ‰ƒbƒLƒ‡ƒEA’¹æ‚ÌV–¼•¨‚ª‹C‚É‚È‚éB,https://news.yahoo.co.jp/articles/b3ed2baeae632551ff6d44eb801bd39a554d42e9,4/26(‹à) 12:06
figaro,ƒtƒBƒKƒƒWƒƒƒ|ƒ“,•s—ÏAâ‰A‚»‚µ‚ÄcƒAƒ“ƒkEƒpƒŠƒ[AƒAƒ‰ƒ“Eƒhƒƒ“‚Æ‚ÌŠÖŒW«‚ğ–\˜I,https://news.yahoo.co.jp/articles/f461a53e4ebec25b357b12d86999c2f391140992,4/26(‹à) 12:05
figaro,ƒtƒBƒKƒƒWƒƒƒ|ƒ“,ƒ‚ƒ“ƒuƒ‰ƒ“‚Ì‘ã–¼ŒA‚ ‚ÌƒTƒƒ“EƒhEƒe‚ªÄã—¤I,https://news.yahoo.co.jp/articles/64d3217bef2f8a2f0af15592d0708e60ed00318e,4/26(‹à) 9:00
figaro,ƒtƒBƒKƒƒWƒƒƒ|ƒ“,uƒƒ}ƒ“ƒeƒBƒbƒNv‚Á‚ÄA‚Ç‚ñ‚È‚±‚ÆH,https://news.yahoo.co.jp/articles/facfa2d238803492d2c56c2ecaa4cd7ab575197c,4/25(–Ø) 19:02
figaro,ƒtƒBƒKƒƒWƒƒƒ|ƒ“,ƒA[ƒg‚ÉG‚ê‚ÄƒZƒ“ƒX‚ğ–‚­A‚¢‚Ü‚¨‚·‚·‚ß‚Ì“W——‰ï4‘IB,https://news.yahoo.co.jp/articles/eec78ba68cbfa22fcccc23b9b3a323c23f6a876a,4/25(–Ø) 18:04
figaro,ƒtƒBƒKƒƒWƒƒƒ|ƒ“,—«‚ÌË”\‚ğˆç‚ŞWomen@DIOR‚ª¡”N‚àŠJÃB,https://news.yahoo.co.jp/articles/84cecafd0e6c64974fe96d0b5b679556c984ec47,4/25(–Ø) 12:07
figaro,ƒtƒBƒKƒƒWƒƒƒ|ƒ“,ƒPƒrƒ“EƒRƒXƒi[A“DÀ—£¥‚ğæ‚è‰z‚¦10‘ã‚Ìq‚Ç‚à‚½‚¿‚ÆƒŒƒXƒgƒ‰ƒ“‚ÉI,https://news.yahoo.co.jp/articles/84827ce40b64d5e522a3edb7d05c21b8c97b29c8,4/25(–Ø) 11:30
figaro,ƒtƒBƒKƒƒWƒƒƒ|ƒ“,ƒS[ƒ‹ƒfƒ“ƒEƒB[ƒN‚ÍAƒA[ƒg‚ÉG‚ê‚é‹x“ú‚ğB,https://news.yahoo.co.jp/articles/a63075e7c01557d4fff70ec117ec3eeca6f12b4e,4/25(–Ø) 9:00
figaro,ƒtƒBƒKƒƒWƒƒƒ|ƒ“,ƒLƒƒƒTƒŠƒ“c‘¾q”ÜA6Î‚É‚È‚Á‚½ƒ‹ƒC‰¤q‚Ì‹L”OÊ^‚ğB‰eI,https://news.yahoo.co.jp/articles/3e3273c2255be0e480decf08bc50dce79e437cb1,4/25(–Ø) 8:02
figaro,ƒtƒBƒKƒƒWƒƒƒ|ƒ“,‘ål‚àq‚Ç‚à‚àŠy‚µ‚¢I ÅVƒXƒ|ƒbƒg5‘IB,https://news.yahoo.co.jp/articles/eece257605d6282cebb2f8c64b9dba6c472eead2,4/24(…) 18:02
figaro,ƒtƒBƒKƒƒWƒƒƒ|ƒ“,ƒvƒ‰ƒCƒhƒpƒŒ[ƒh30ü”N‚ğj‚µ‚½Ê^“W‚ªƒXƒ^[ƒgI,https://news.yahoo.co.jp/articles/158a87f054b05dd0b1eb28401089bad9b8bf96e1,4/24(…) 15:01
figaro,ƒtƒBƒKƒƒWƒƒƒ|ƒ“,u‚ ‚Ü‚è‚É‚àƒZƒNƒV[‚·‚¬‚év‚Æ“•]‚³‚ê‚½ƒVƒhƒj[EƒXƒEƒB[ƒj[A^”Û‚ğŒÄ‚ñ‚¾‰ßŒƒƒtƒ@ƒbƒVƒ‡ƒ“‚Æ‚ÍH,https://news.yahoo.co.jp/articles/f2af5f44d161dfc21eedad41784a363f7e3c88fc,4/23(‰Î) 21:01
figaro,ƒtƒBƒKƒƒWƒƒƒ|ƒ“,‚Â‚¯‚Ä‚é‚Ù‚¤‚ª”§‚É‚¢‚¢!? i‰»‚µ‚½uƒXƒLƒ“ƒPƒAUVv7‘IB,https://news.yahoo.co.jp/articles/8fc160186f1b977e842c54e552743595ecc4cf4d,4/23(‰Î) 12:04
figaro,ƒtƒBƒKƒƒWƒƒƒ|ƒ“,ƒ`ƒƒ[ƒ‹ƒY3¢‚Ì‰™ƒs[ƒ^[EƒtƒBƒŠƒbƒvƒXA3”NŠÔ‚ÌŒğÛ‚ğŒo‚ÄÎ–û‰¤‚Ì–º‚Æ‚Ì•Ê‚ê‚ğ”­•\,https://news.yahoo.co.jp/articles/e2e82f408fc5381b5c1e5438527174580c1483a3,4/23(‰Î) 8:03
figaro,ƒtƒBƒKƒƒWƒƒƒ|ƒ“,ƒ”ƒBƒNƒgƒŠƒAEƒxƒbƒJƒ€50Î‚ÉIƒgƒ€EƒNƒ‹[ƒY‚âƒWƒFƒCƒ\ƒ“EƒXƒeƒCƒTƒ€‚Ü‚Å“oê‚µ‚½’a¶“úƒp[ƒeƒB‚ª˜b‘è‚É,https://news.yahoo.co.jp/articles/8e7c71a404e1c9f292d41a51704b240cc0fbd654,4/22(Œ) 18:10
figaro,ƒtƒBƒKƒƒWƒƒƒ|ƒ“,‚¨Ÿ­—‚Èl‚Í‚â‚Á‚Ä‚¢‚éBƒVƒƒƒc‚ÉƒA[ƒKƒCƒ‹ƒjƒbƒg......ƒgƒ‰ƒbƒhƒXƒ^ƒCƒ‹‚ª‚±‚ÌtƒJƒ€ƒoƒbƒNI,https://news.yahoo.co.jp/articles/66cdbb5c83d4d93e6e51350ee217706002186bf6,4/22(Œ) 12:06
figaro,ƒtƒBƒKƒƒWƒƒƒ|ƒ“,Ä¶‰ñ”‚Í1‰­‰ñˆÈãIHƒXƒEƒF[ƒfƒ“‚ÌƒJ[ƒ‹EƒtƒBƒŠƒbƒv‰¤qATikTok‚ÅƒoƒY‚Á‚½——R‚Æ‚Í,https://news.yahoo.co.jp/articles/87c36a00b5da2b750e94625923d873de21554ffa,4/22(Œ) 12:03
figaro,ƒtƒBƒKƒƒWƒƒƒ|ƒ“,uˆÓ–¡[‚·‚¬‚évHƒAƒ“ƒWƒFƒŠ[ƒiEƒWƒ‡ƒŠ[AV‚½‚É’Ç‰Á‚µ‚½ƒ^ƒgƒD[‚ª˜b‘è‚É,https://news.yahoo.co.jp/articles/3d2c466901768391ed4a798601a4ae0a27c26b26,4/22(Œ) 11:03
figaro,ƒtƒBƒKƒƒWƒƒƒ|ƒ“,u¢ŠÔ‚Ìl‚½‚¿‚ÍAƒq[ƒ[‚ª‹ê‚µ‚Ş‚Ì‚ğŒ©‚é‚Ì‚ªD‚«‚¾‚Èvƒfƒ”ƒBƒbƒhEƒ{ƒEƒC‚ÌŒ¾—t‚ÉŠ_ŠÔŒ©‚éAƒZƒŒƒu‚½‚¿‚Ìó“ïB,https://news.yahoo.co.jp/articles/dd1a9cba4e8822ef5a400b2d6f2ad2e7f77a8e54,4/21(“ú) 19:01
figaro,ƒtƒBƒKƒƒWƒƒƒ|ƒ“,“§‚¯‚éƒhƒŒƒXAƒ}ƒCƒNƒƒrƒLƒjAŒ©‚¦‚·‚¬‚Èƒ~ƒjƒXƒJ[ƒgcIƒR[ƒ`ƒFƒ‰‚ÅÅ‚àƒZƒNƒV[‚Èƒtƒ@ƒbƒVƒ‡ƒ“‚ÌƒZƒŒƒu‚ÍH,https://news.yahoo.co.jp/articles/2e8977401c8b9a35f724155faa521fc4fca829d0,4/20(“y) 21:01
figaro,ƒtƒBƒKƒƒWƒƒƒ|ƒ“,‰f‰æwˆÙl‚½‚¿x‚Ìå‰‰‚Ó‚½‚è‚ªŒê‚éuˆ¤‚·‚é‚±‚Æv‚Æu¶‚«‚é‚±‚Æv‚Æ‚ÍH,https://news.yahoo.co.jp/articles/c6103e4a86b5a95b282fd2f797f8f3438df8c199,4/20(“y) 19:02
figaro,ƒtƒBƒKƒƒWƒƒƒ|ƒ“,“­‚«‚·‚¬‚Æ‚Í‚Ç‚Ì’iŠK‚©‚çŒ¾‚¤‚Ì‚¾‚ë‚¤‚©H,https://news.yahoo.co.jp/articles/9dc0066c66fd04dac54afb8910bc1d125e6e4c9d,4/20(“y) 15:20
figaro,ƒtƒBƒKƒƒWƒƒƒ|ƒ“,ƒWƒ‡ƒ“Eƒgƒ‰ƒ{ƒ‹ƒ^A15”N‘O‚É16Î‚Å–S‚­‚È‚Á‚½’·’j‚ğ’Ç“‰,https://news.yahoo.co.jp/articles/3b4775ff2d1e3d97b15de44c636ebbdb2cb7451d,4/20(“y) 15:00
figaro,ƒtƒBƒKƒƒWƒƒƒ|ƒ“,ƒŒ[ƒX‘fŞ‚Å‹¹‚ª‘å’_‚ÉcIHƒ[ƒ“ƒfƒCƒ„AƒƒTƒ“ƒ[ƒ‹ƒX‚Å“Z‚Á‚½ƒvƒŠƒ“ƒZƒXƒhƒŒƒX‚ª˜b‘è‚É,https://news.yahoo.co.jp/articles/9d071b8ed255c32cd6b34cd1481ed95c8ec7266a,4/19(‹à) 21:03
figaro,ƒtƒBƒKƒƒWƒƒƒ|ƒ“,‹}‚É˜V‰»‚µ‚½ˆóÛ‚àcƒNƒŠƒ“ƒgEƒC[ƒXƒgƒEƒbƒh93ÎAŠã‚µ‚½—lq‚ÅƒCƒxƒ“ƒg‚É“o’d,https://news.yahoo.co.jp/articles/8b2a9cf11806151456fc2a08b8532dc7095888a1,4/19(‹à) 9:00
figaro,ƒtƒBƒKƒƒWƒƒƒ|ƒ“,ƒiƒCƒL‚ª”­•\‚µ‚½—q—¤ã‹£‹Z—p‚ÌƒEƒGƒAA‰º”¼g‚Ì˜Io‚ª‘½‚·‚¬‚é‚Æ”á”»E“,https://news.yahoo.co.jp/articles/ab71b31bf876ced243b2333bb3e32bfbb2569d1d,4/18(–Ø) 21:02
figaro,ƒtƒBƒKƒƒWƒƒƒ|ƒ“,ƒƒo[ƒgEƒfEƒj[ƒ80ÎA35Î”N‰º‚Ìƒp[ƒgƒi[‚Æè‚ğŒq‚¢‚Å‘å“—Ì‚Ì”Ó`‰ï‚ÉI,https://news.yahoo.co.jp/articles/e26d1cf487ac77c7609c23153417adafad02f0de,4/18(–Ø) 17:10
figaro,ƒtƒBƒKƒƒWƒƒƒ|ƒ“,uˆê”Ó‹x‚İ‚ªæ‚ê‚Ä–{“–‚ÉK‚¹vvƒ}ƒhƒ“ƒiAˆ¤‘§q‚ÌŠG‚ÌŒÂ“W‚ÉƒTƒvƒ‰ƒCƒY“oêI,https://news.yahoo.co.jp/articles/af40b4239a17c56215c22206c3265d2e0ae1ade4,4/18(–Ø) 11:30
figaro,ƒtƒBƒKƒƒWƒƒƒ|ƒ“,Œ³ƒAƒVƒXƒ^ƒ“ƒg‚ª–\˜IIƒ[ƒKƒ“•vlA‚â‚Í‚èƒAƒVƒXƒ^ƒ“ƒg‚Ö‚Ìƒnƒ‰ƒXƒƒ“ƒg‚Å”­‚³‚ê‚Ä‚¢‚½,https://news.yahoo.co.jp/articles/1f99ff02bef15a908c8b9886613ab0af800540af,4/18(–Ø) 9:00
figaro,ƒtƒBƒKƒƒWƒƒƒ|ƒ“,u–k‰¢‚ÌŠ•óvƒCƒPƒIƒWŠE‚ÌÅ‚•ôAƒ}ƒbƒcEƒ~ƒPƒ‹ƒZƒ“—l‚ÌƒCƒP‚Ä‚È‚¢„•p‚ğˆ¤‚Å‚æ‚¤I,https://news.yahoo.co.jp/articles/49d77cf00e72497cd57216992dd386bf5f26b3d3,4/17(…) 18:02
