media_en,media_jp,title_articles,link_articles,date_original
impgrw,グルメ Watch,ステーキガスト「ステーキ食べ放題」12月22日実施。90分“2900円～”,https://news.yahoo.co.jp/articles/5897037a2d11084666a3b67cdecb3d4c31206f9b,12/7(木) 16:39
impgrw,グルメ Watch,バーミヤン、蟹の旨みたっぷり「無敵 本ずわい蟹祭」実施,https://news.yahoo.co.jp/articles/d5d7ea6664dfa9a51f603a04d5dfc7046f1339ca,12/7(木) 14:05
impgrw,グルメ Watch,ロッテリア「リラックマ」コラボの“福袋”発売。マグカップやランチョンマットなどに4500円分のクーポンが付いて“4500円”,https://news.yahoo.co.jp/articles/9e16f454f756b779938ec6b514ba808a236438dd,12/7(木) 13:36
impgrw,グルメ Watch,キッチンオリジン/オリジン弁当、ニンニクの香り広がる「シュクメルリ風煮込みハンバーグ弁当」発売,https://news.yahoo.co.jp/articles/fda6f181e69bda832f2e649864bdba23326654ee,12/7(木) 13:29
impgrw,グルメ Watch,ピザーラ×桃鉄ワールド、うまさ！ぶっとび!!「地球まるごとクォーター」発売,https://news.yahoo.co.jp/articles/92035a9b9a3d903a29209c82dbbc47b1e4a0f90d,12/7(木) 12:25
impgrw,グルメ Watch,バーガーキング「にんにく・ガーリックバーガー レッドブルセット」を買うと“もう1本無料”でレッドブルがもらえる,https://news.yahoo.co.jp/articles/e56db79803efd10ee0f86b0f333e81827bedba1d,12/7(木) 12:19
impgrw,グルメ Watch,マクドナルド、ハッピーセット「パウ・パトロール」登場。バッジ型おもちゃは全種類集めたくなっちゃうカッコよさ！,https://news.yahoo.co.jp/articles/75ac2151f1629c1460523fa8e6a3de2da63c0c0d,12/7(木) 12:02
impgrw,グルメ Watch,マクドナルド、ハッピーセット「ハローキティ50周年」登場！　限定デザインなど全50種類のハローキティのぬいぐるみを一挙紹介,https://news.yahoo.co.jp/articles/0ea0bcb15d2b7f79f65fdec5a997a800f9ae14d3,12/7(木) 12:02
impgrw,グルメ Watch,すき家、福袋「SMILE BOX 2024」発売。ランチボックス/マグ/フードクリップ/3000円分のクーポン券が付いて“2500円”,https://news.yahoo.co.jp/articles/52c2c78b7684dfa64382be655ac56d88caada315,12/7(木) 11:48
impgrw,グルメ Watch,近鉄百貨店ネットショップ、「山崎2023」「響2023」「白州（100周年記念ラベル）」が入ったセットを限定販売,https://news.yahoo.co.jp/articles/0a5e140015355bff879710b403bcce94f0c7b8d8,12/7(木) 11:28
impgrw,グルメ Watch,スターバックス リザーブ ロースタリー 東京×島田耕園人形工房「辰」モチーフの置物など発売,https://news.yahoo.co.jp/articles/6809896abdd62fe58fa639804c0bb1c8c0cac6ac,12/7(木) 11:18
impgrw,グルメ Watch,丸亀製麺「和牛すき焼き釜玉うどん」食べてきました！　和牛日本一“鹿児島黒牛”をたっぷり使用,https://news.yahoo.co.jp/articles/a2dc9f642162057d3f1c4feedb186a3aae277351,12/7(木) 11:01
impgrw,グルメ Watch,かつや、コクうま「味噌チキンカツ」60万食限定発売,https://news.yahoo.co.jp/articles/3075d5ef3fcce60ba41a07ba1eb636bd9fd10eb6,12/7(木) 10:50
impgrw,グルメ Watch,キリン、プラズマ乳酸菌の菌体製造工場に潜入,https://news.yahoo.co.jp/articles/335e34c4411879ed5dd1f068a1208b3c613948ae,12/7(木) 10:22
impgrw,グルメ Watch,キリンビール「麒麟特製 アップルサイダーサワー」冬限定発売。豊潤なりんごの香りと甘み,https://news.yahoo.co.jp/articles/d2ee830045b0d7179f471b83e5a5333e0fc0666a,12/7(木) 10:01
impgrw,グルメ Watch,森永乳業、あまおう果汁たっぷりの「ピノ あまおう苺2.0」発売,https://news.yahoo.co.jp/articles/f44a9936a86ede5e07ad95ef92cacd449a6810a2,12/7(木) 9:02
impgrw,グルメ Watch,カルビー「ポテトチップス合格する梅（ばい） はちみつ梅味」発売。福岡農業高校と共同開発で受験生を応援,https://news.yahoo.co.jp/articles/a2d021b449aab8f275ef3acab8cfce60170e4422,12/7(木) 8:01
impgrw,グルメ Watch,ガスト、最大1100円お得な「サーロインステーキセット」発売！,https://news.yahoo.co.jp/articles/398ea8be3503b4488494eb2fdebd413e3c766234,12/7(木) 7:01
impgrw,グルメ Watch,【うちの福袋はここがスゴイ！】西洋菓子舗 不二家「2024年新春福袋」,https://news.yahoo.co.jp/articles/1392896bee70f6cf0bb41d324f2ca676e1202ed7,12/6(水) 15:40
impgrw,グルメ Watch,ロッテリア「絶品チーズバーガー」リニューアル。パティ、チーズを変更し“より美味しくなった！”,https://news.yahoo.co.jp/articles/6fa1ae2ed5da2bd7f61e560691b4819eb99cf5a6,12/6(水) 14:09
impgrw,グルメ Watch,近鉄百貨店、ウイスキー「山崎」25年/18年/12年など7本入った「山崎セット」を抽選販売,https://news.yahoo.co.jp/articles/bf153d4747499571013d5595e3548728200fe71e,12/6(水) 14:06
impgrw,グルメ Watch,ファミマ「あつまれ どうぶつの森」キャンぺーン、「島でとれたリンゴのデニッシュ」「タンブラー」など発売,https://news.yahoo.co.jp/articles/a2e29a00db88c5f33dd900770ae188271f0b5237,12/6(水) 13:15
impgrw,グルメ Watch,ローソン「劇場版 SPY×FAMILY CODE:White」キャンペーン。先着でクリアファイルがもらえる！,https://news.yahoo.co.jp/articles/27544036eae105bb18ebad725b8a57586ab23785,12/6(水) 12:39
impgrw,グルメ Watch,ほっともっと、カットステーキ・エビフライなど人気のおかずを組み合わせた「ハンバーグ弁当」発売,https://news.yahoo.co.jp/articles/efa9ff2355c9e3d9e86cc55b3522c8c332d65d02,12/6(水) 12:24
impgrw,グルメ Watch,ココス、肉のジューシー感を堪能できる「厚切り!!サーロインステーキ」発売,https://news.yahoo.co.jp/articles/b8c92ce084e73e87db9a0db111afda5224d4cf61,12/6(水) 11:48
impgrw,グルメ Watch,エースコック、ココイチ特製のカレー原料を使った「CoCo壱番屋監修 カレー専門店のカレーラーメン 麺1.5玉」発売,https://news.yahoo.co.jp/articles/c2edb5433acf9593bddccf31d1458c5b94982da3,12/6(水) 11:03
impgrw,グルメ Watch,森永乳業、焦がしキャラメルがほろ苦く甘い「マウントレーニア カフェラッテ キャラメルブリュレ」発売,https://news.yahoo.co.jp/articles/8a12723cc44d7cfe667bf23d3d0445435c5e0e85,12/6(水) 10:01
impgrw,グルメ Watch,マクドナルド「ビーフシチューパイ」さっそく食べてきた！,https://news.yahoo.co.jp/articles/9327ed4e52f5da8ad02495b6a971e03ceec790f4,12/6(水) 9:23
impgrw,グルメ Watch,カルビー「絶品かっぱえびせん」シリーズ初のファン共創品「絶品かっぱえびせん 瀬戸の塩と帆立貝柱味」発売,https://news.yahoo.co.jp/articles/cba817ad9c5fda0c28e776fd3023f4c63c139d6c,12/6(水) 9:01
impgrw,グルメ Watch,森永乳業、「森永ラムネ」とコラボした「ビヒダス ヨーグルト ラムネ風味」発売,https://news.yahoo.co.jp/articles/b9f37b72fd53eec1bf4a7a9afa3b254f812e6762,12/6(水) 8:01
impgrw,グルメ Watch,江崎グリコ、バターの風味とレーズンの食感を楽しむ「パピコ 濃密仕立て レーズン＆バター」発売,https://news.yahoo.co.jp/articles/e866ac5f0b1019607bbcf1d7d4754fc33ff4ac54,12/6(水) 7:01
impgrw,グルメ Watch,イトーヨーカドー、ウイスキー「山崎18年」「白州18年」「響21年」を抽選販売,https://news.yahoo.co.jp/articles/683b2bfadb507a35f0f78486576bdcb9b911a0fc,12/5(火) 19:52
impgrw,グルメ Watch,ビックカメラ「2024年 新春福箱」にウイスキー「山崎12年/18年」「白州18年」「響21年」など登場！,https://news.yahoo.co.jp/articles/fa7ec1448ac76c4be5106550fdf913c0933dad86,12/5(火) 18:51
impgrw,グルメ Watch,日高屋、紹興酒を炭酸で割った「ドラゴンハイボール」を12月22日から提供,https://news.yahoo.co.jp/articles/28b912ef0c1a998ef7648630b6bcbeefb0110b74,12/5(火) 18:25
impgrw,グルメ Watch,アフタヌーンティー・リビング「SPY×FAMILY」コラボのエコバッグ/ボトル/クッションなどいよいよ発売！,https://news.yahoo.co.jp/articles/959ff95570908bc252b5120f3a84ed9d5f864312,12/5(火) 18:19
impgrw,グルメ Watch,ローソン×ゴディバ「どらもっち ショコラ＆フランボワーズ」「ガトーショコラ」など4品発売,https://news.yahoo.co.jp/articles/df9e120b178cb4b316d2569f3c3d875f6e92633e,12/5(火) 17:54
impgrw,グルメ Watch,リンガーハット「海鮮ちゃんぽん」発売。尾付きえび/ほたて/あさりが入った贅沢な冬の味わい,https://news.yahoo.co.jp/articles/2a00c85b9e0e28ccead2fbde5763f0d039d48a3b,12/5(火) 17:20
impgrw,グルメ Watch,ローソン、「チーズとろけすぎ?!な溶岩風パスタ」「コーン入れすぎ?!なコーンスープ」発売,https://news.yahoo.co.jp/articles/eb1369fcce0fe8e1d056000609058b20f325a8fd,12/5(火) 17:09
impgrw,グルメ Watch,食べログ ラーメン 百名店 2023発表！「OSAKA」新設でTOKYO/EAST/WEST計400店が選出,https://news.yahoo.co.jp/articles/14db3aea0c67b608e4f6d2b6ee9d063016c5c214,12/5(火) 15:02
impgrw,グルメ Watch,丸亀製麺「鴨ねぎうどん」「肉がさね玉子あんかけうどん」食べてきた！　冷えた体に旨だしがしみわたる,https://news.yahoo.co.jp/articles/aa36ecc6647fe32901e3e1e0f843d7aefaa60a91,12/5(火) 14:26
impgrw,グルメ Watch,ほっともっとの新商品を佐々木朗希選手が試食,https://news.yahoo.co.jp/articles/7e0dd796186575af81ea20fdce6b315710eca92e,12/5(火) 13:02
impgrw,グルメ Watch,ドムドムハンバーガー「ドムドム新春福袋」発売！,https://news.yahoo.co.jp/articles/d9a20bc4cce6a7b09b208b47724973d9d4cfa225,12/5(火) 11:47
impgrw,グルメ Watch,アサヒ飲料、皮を剥いたときのような香りが楽しめる「Fruits Presso 林檎/和柑橘/葡萄」発売,https://news.yahoo.co.jp/articles/696c7f370624ea3cb57a5693fc7875a084af8aa5,12/5(火) 11:01
impgrw,グルメ Watch,かつや、「カツ丼」「ソースカツ丼」「ロースカツ定食」「カツカレー」が“605円”の「年末感謝祭」,https://news.yahoo.co.jp/articles/a8f15d7bdaaeb5195f174f9838649fbc962ad845,12/5(火) 10:46
impgrw,グルメ Watch,「明星 麺神カップ こってり鶏そば」発売。濃厚な鶏白湯に超極太麺が絡み合うこってりラーメン,https://news.yahoo.co.jp/articles/4e3c4bf3080c7c55bbebe6fa395b8a18a484ee68,12/5(火) 10:02
impgrw,グルメ Watch,ドトールコーヒー、チョコムースとスポンジを重ねた「チョコムースケーキ」,https://news.yahoo.co.jp/articles/93c845bbeb3dd93a6cb3b8e6cd0de46ccf12647b,12/5(火) 9:01
impgrw,グルメ Watch,無印良品、牛肉の旨みにこだわった「素材を生かした 欧風ビーフカレー/スパイシー欧風ビーフカレー」,https://news.yahoo.co.jp/articles/029fdf9f877675238a977c560333269e5203ffe0,12/5(火) 8:01
impgrw,グルメ Watch,【うちの福袋はここがスゴイ！】モスバーガー×ONE PIECE「2024 モス福袋」,https://news.yahoo.co.jp/articles/daad4a6f8e364a499ca8cacecbdb3800145db0c5,12/5(火) 7:01
impgrw,グルメ Watch,やよい軒、新ロゴを採用した1号店を錦糸町に12日オープン,https://news.yahoo.co.jp/articles/181c45672b420dc5f013da580b969a30fedf2590,12/4(月) 18:48
impgrw,グルメ Watch,ドミノ・ピザ、最大“2830円”お得な「ブラックフライデーセール」12月10日まで延長。黒い生地の「ブラッククラスト」登場,https://news.yahoo.co.jp/articles/e659b3db002a5676b89d9e9e0009ae174c7665ca,12/4(月) 16:56
impgrw,グルメ Watch,鎌倉パスタ×studio CLIP「福袋」、3000円分の食事券/ドレッシング/ポテトスナック/トートが付いて“3500円”,https://news.yahoo.co.jp/articles/bbc1fac8abef998e35a154b46d986be380b027e5,12/4(月) 16:01
impgrw,グルメ Watch,コメダ「おかげ庵」の福袋をオンラインショップで発売,https://news.yahoo.co.jp/articles/1c1cf2d7bf1b37fb07d7e1be0701f2efc7617654,12/4(月) 15:40
impgrw,グルメ Watch,ファミマ、WAGYUMAFIA監修の「ULTRA PEYOUNG」を12月5日発売,https://news.yahoo.co.jp/articles/87ac13767a4355a8f9e17b8b39d09afaac5860f3,12/4(月) 15:02
impgrw,グルメ Watch,サンマルクカフェ 福袋 2024、JOHNBULLとコラボした「デニムトートバッグ」や「チョコクロ皿」「マグカップ」入り,https://news.yahoo.co.jp/articles/a614d78db1d44b0ca1f9d5e11fcda69173f45170,12/4(月) 13:58
impgrw,グルメ Watch,DEAN & DELUCA「福袋」在庫復活。マーケット・カフェ店舗限定商品のみ,https://news.yahoo.co.jp/articles/1ae5e8834d0dea123fa2d654f73ce363d793e1be,12/4(月) 13:15
impgrw,グルメ Watch,バスクリン、体の内側から温まるクラフトコーラを開発,https://news.yahoo.co.jp/articles/936a7041d8f6e1f4ba15c38e9adacb167a47b385,12/4(月) 13:04
impgrw,グルメ Watch,小僧寿し「本鮪中トロたっぷり大祭」、鮪たっぷり丼が“753円”,https://news.yahoo.co.jp/articles/21c5cdf652299ad1a5ad71fc8640caffd8351ab7,12/4(月) 12:49
impgrw,グルメ Watch,「サブウェイ福袋 2024」全国発売。3000円分の商品券/ランチトート/バンダナが入って“3000円”,https://news.yahoo.co.jp/articles/e594a191b501777bfff3a26ca60ac0cbe45bccc2,12/4(月) 12:10
impgrw,グルメ Watch,紀ノ国屋×ケイタマルヤマ、大容量の“パンダ”ショッピングバッグ「オトナミューズ」2024年2月号の付録に登場,https://news.yahoo.co.jp/articles/36131893d5818727271fd6a2b57f9c3e990b39ad,12/4(月) 11:54
impgrw,グルメ Watch,ロッテ「ポケモンウエハースチョコ」「ポケモンラムネ5パック」発売。キャプテンピカチュウ/ニャオハ/ホゲータ/クワッスなどをデザイン,https://news.yahoo.co.jp/articles/fce73d5173388559528dc60fc070f5012093e2e9,12/4(月) 11:42
impgrw,グルメ Watch,ピザハット、最大“2600円引き”の「歳末ジャンボセール」12月17日まで実施,https://news.yahoo.co.jp/articles/23a68cf385adb20105ddac9cee5bdbb434cc4c52,12/4(月) 10:50
impgrw,グルメ Watch,れんげ食堂Toshu/中華東秀、希少部位「ブリスケット」を使った「厚切り牛カルビの辛味噌炒め定食」発売,https://news.yahoo.co.jp/articles/4c124d315bc17e475d0480ff3069fa043349d2a2,12/4(月) 10:03
impgrw,グルメ Watch,ほっともっと「カットステーキ」リニューアル。フライドポテト付き/サラダ付きが登場,https://news.yahoo.co.jp/articles/2871d9971213fdba026a9a1e882736ddff83e39c,12/4(月) 9:01
impgrw,グルメ Watch,ファミマ、「世界の山ちゃん」監修 クセになる「幻のコショウ」を使った“おむすび/弁当/唐揚げ”発売,https://news.yahoo.co.jp/articles/459c838d9409a43abf6950bd2de4da66c28a0702,12/4(月) 8:01
impgrw,グルメ Watch,明治「メルティーキッス初摘み濃抹茶」発売。愛知県西尾産初摘み抹茶のふくよかな香りと旨み,https://news.yahoo.co.jp/articles/78dec41f97843f8d2ce111428326f06832509d51,12/4(月) 7:01
impgrw,グルメ Watch,サントリー「金麦〈糖質75％オフ〉」リニューアル発売,https://news.yahoo.co.jp/articles/0a4d73adb06b0aa7ac7e169be874d81cb0385112,12/2(土) 17:01
impgrw,グルメ Watch,「山崎」ハイボール缶が“わけあり品”「4488円」で販売中！　Amazonも「4598円」に,https://news.yahoo.co.jp/articles/30e05fd3611443264d0718d46b5c8239d5e8f65a,12/2(土) 13:52
impgrw,グルメ Watch,ドトール バリューカード、コーヒー1杯/ポイントプレゼントなど「クリスマス バリューくじキャンペーン」,https://news.yahoo.co.jp/articles/e22341a81f6ae705d422d05461b0329bd1711b9d,12/2(土) 12:01
impgrw,グルメ Watch,小僧寿し、「かに」「いくら」をふんだんに盛りつけた「特選かにいくらフェア」実施,https://news.yahoo.co.jp/articles/e266a99c62ffc674d997e3ff591126311f5bc31e,12/2(土) 7:02
impgrw,グルメ Watch,安楽亭、中落ちカルビ/牛ホルモン/チーズカルビがサンキュー価格“390円（税込429円）”の年末大感謝キャンペーン！,https://news.yahoo.co.jp/articles/29e1abcee7e7e6d7384af35382683977ec8b54cb,12/1(金) 19:43
impgrw,グルメ Watch,松屋フーズ、PayPay/d払い/au PAYで最大20％還元の「事前決済オトク祭り」12月28日まで,https://news.yahoo.co.jp/articles/f25444117c9709993eed2659b450229b048f06d4,12/1(金) 17:37
impgrw,グルメ Watch,日清ラ王×リゼ・ヘルエスタ「王道激アツキャンペーン」、コラボ楽曲CD/タペストリーが当たる,https://news.yahoo.co.jp/articles/6bf59d70d23ce413e3530638fe7db5ef5c8d488e,12/1(金) 17:31
impgrw,グルメ Watch,丸亀製麺、あつあつ打ちたて「丸亀うどん弁当」12種発売。「まいたけ天うどん弁当」など,https://news.yahoo.co.jp/articles/c173279ada47c2e2aaf8242b34a08636dcf1ddff,12/1(金) 13:05
impgrw,グルメ Watch,コメダ珈琲店、オンラインショップ限定“福袋”「コメダ珈琲店 HAPPY BAG」予約開始！,https://news.yahoo.co.jp/articles/46138b59b61cea4b9e8ca4aa391c580dbbd15b1d,12/1(金) 13:01
impgrw,グルメ Watch,吉野家、全品10％引きの「から揚げ祭」実施！「から揚げツリーパーティーキット」もテイクアウト販売,https://news.yahoo.co.jp/articles/64ab00e526af1794125bb42ad40de92fd365e731,12/1(金) 12:25
impgrw,グルメ Watch,イオン、ウイスキー「山崎12年」「白州18年」「響21年」など抽選販売,https://news.yahoo.co.jp/articles/4ecc5a3f2fe8407d985d3f9f1096009303570889,12/1(金) 12:18
impgrw,グルメ Watch,南あわじ市と鳴門市で楽しめる「うずの幸グルメ」,https://news.yahoo.co.jp/articles/fee122810a2a930ae418f93780961cdaa466c331,12/1(金) 11:51
impgrw,グルメ Watch,ミスタードーナツ、アプリリニューアル。「ミスドに行けば行くほどいいこと！アプリへ」,https://news.yahoo.co.jp/articles/ad2ed41dac2f206eda6dbf3359fac8a2d05775ca,12/1(金) 11:41
impgrw,グルメ Watch,松のや、たっぷりたまごのタルタルソース「チキン南蛮」発売,https://news.yahoo.co.jp/articles/2dec8402957fde28d339ce117d2ab67a03f22e29,12/1(金) 10:37
impgrw,グルメ Watch,焼肉きんぐ「福袋」予約開始！　4000円分クーポンや“肉柄”バスタオルなどセットで“3000円”,https://news.yahoo.co.jp/articles/75d58127e644f3a3c511764678e26d120a4e5442,12/1(金) 10:04
impgrw,グルメ Watch,森永製菓、バターの香りとチョコの風味を楽しむ「チョイス＜バターショコラ＞」発売,https://news.yahoo.co.jp/articles/db07b713a02154be655f15f63b5884c8791384f0,12/1(金) 9:01
impgrw,グルメ Watch,ポッカサッポロ、疲労感を軽減する機能性表示食品「キレートレモンスパークリングクエン酸3000」発売,https://news.yahoo.co.jp/articles/002d2a105fa1a00ab2ea969234dd00377440d001,12/1(金) 8:01
impgrw,グルメ Watch,サンマルクカフェ、ジャックダニエルのBBQソースを使ったワイルドな「ホットサンド」発売,https://news.yahoo.co.jp/articles/14fbd4d0ef41ed626d36045d3526285ad4947215,12/1(金) 7:01
impgrw,グルメ Watch,マクドナルド「ほんのハッピーセット」、ミニ図鑑「まどあけずかん きょうりゅう」と絵本「そうぞうのおともだち ラジャー」登場,https://news.yahoo.co.jp/articles/a4786a759a5894d860b18e54744dd3a2c644f2f0,12/1(金) 4:01
impgrw,グルメ Watch,東京農業大学とPeach Aviation、モクズガニの商品化で地域の課題解決を目指す,https://news.yahoo.co.jp/articles/682a1e13d2f82e613152c9ff03a77eb7bd9039a8,11/30(木) 21:51
impgrw,グルメ Watch,ファミマがファッションショー、コンビニエンスウェアの商品を拡充,https://news.yahoo.co.jp/articles/aa147fdc175fb72e2ac6cdf28673fc529ac075da,11/30(木) 20:54
impgrw,グルメ Watch,ローソンストア100「100円おせち」一部150円に値上げ。「今年もなんとか100円でやりたい気持ちがあったが、どうしても実現できなかった」,https://news.yahoo.co.jp/articles/71b900facd3570fe29016a2c22b2fd22f6a75b39,11/30(木) 16:34
impgrw,グルメ Watch,吉野家、新業態“牛かるび丼・スンドゥブ専門店”「かるびのとりこ 春日部店」12月1日オープン,https://news.yahoo.co.jp/articles/d0dcaf62e09e0c9328197963b08231187ec1dddd,11/30(木) 13:39
impgrw,グルメ Watch,なか卯「福袋」発売！　3000円分クーポン/丼/箸/スプーン/マグカップで“2500円”,https://news.yahoo.co.jp/articles/a5e299f86f44484d34042d7cd034b1a7d764ffb4,11/30(木) 12:40
impgrw,グルメ Watch,カルディ「ウィンターバッグ」12月1日発売！,https://news.yahoo.co.jp/articles/43248028fc837dfff6bf9b1ff5c1b5bdd967b8d3,11/30(木) 11:59
impgrw,グルメ Watch,バーガーキング「マッシュルームワッパー」に“冬辛”登場。プレミアムチリチーズソースでマイルドな辛さ,https://news.yahoo.co.jp/articles/100e234583fd78fe1f1dafba7d3cbf5c80038d5e,11/30(木) 11:43
impgrw,グルメ Watch,松屋、にんにくトマトがクセになる「うまトマチキン定食」発売,https://news.yahoo.co.jp/articles/36093fb7cf0cdb2a09cf79f05c10580a56f638fb,11/30(木) 11:27
impgrw,グルメ Watch,ミスタードーナツ「ザクもっちリング」から「カレー＆タマゴ」「明太ポテト＆タマゴ」発売,https://news.yahoo.co.jp/articles/fca05e2a23fa2c2e17142d0cd58bb8fd4e9de6ce,11/30(木) 11:16
impgrw,グルメ Watch,サーティワン、少しオトナなクリスマスフレーバー「ブッシュドチョコレート」一足早く食べてきた！,https://news.yahoo.co.jp/articles/eb4810304bdcf5c3f5f2d10b3d1679ecbd4fb8c4,11/30(木) 11:01
impgrw,グルメ Watch,ロイヤルホスト、フュージョンセレクション第4弾「ブラックアンガスアメリカンステーキ」12月6日から！,https://news.yahoo.co.jp/articles/55bd52a4eae4420064bc2b0de9782acfbb4a62d6,11/30(木) 8:01
impgrw,グルメ Watch,伊勢丹、ウイスキー「山崎2023」や「響2023」を抽選販売,https://news.yahoo.co.jp/articles/223161c08677437396e0d706de3a3cbc86bf7be4,11/30(木) 7:01
impgrw,グルメ Watch,マクドナルド「ビーフシチューパイ」発売。西川貴教さんが「♪凍えそうな季節に君は“パイ”をどーこー云うの？」とCMで熱唱,https://news.yahoo.co.jp/articles/29622535225c9d726004b6974c3adf1aef27e1ce,11/30(木) 4:01
impgrw,グルメ Watch,南青山に「THERMOS ジャー温活カフェ」が期間限定オープン,https://news.yahoo.co.jp/articles/f682a093e9076f5162af59960aca5ea5d231472c,11/29(水) 17:37
impgrw,グルメ Watch,スシロー×おぱんちゅうさぎ、コラボメニュー食べてきた！　うるうる涙目がかわいいエコバッグがもらえる,https://news.yahoo.co.jp/articles/557b718b334b566335f289c0b890cd96026577d8,11/29(水) 17:01
impgrw,グルメ Watch,スシロー「冬の大大大大感謝祭り」、冬の味覚「あん肝」「たら白子」「活〆寒ぶり」が登場,https://news.yahoo.co.jp/articles/bcc5788bc549e3d5840cfcd0d7b536b5aff86800,11/29(水) 17:01
impgrw,グルメ Watch,冬に食べたくなる「パピコ 濃密仕立て レーズン＆バター」、12月4日発売,https://news.yahoo.co.jp/articles/c6d1aff0bac74fa0f77dbf94366874bb1a5cf147,11/29(水) 16:53
impgrw,グルメ Watch,一蘭「福袋」通販限定発売。ラーメン各種と「有田焼 丸どんぶり」が付いてくる,https://news.yahoo.co.jp/articles/0d656ff209bcabcb390f6ee002a17406dd20e0ac,11/29(水) 15:33
impgrw,グルメ Watch,三越、ウイスキー「山崎12年」「白州12年」100周年記念ラベルを抽選販売！,https://news.yahoo.co.jp/articles/ee02101521c6552b146279d92d55513e2b633481,11/29(水) 13:28
impgrw,グルメ Watch,ゴディバ、辰デザインの「2024 プレニューイヤーセット」発売,https://news.yahoo.co.jp/articles/d033c7d606849377108289204dee3c76ade37c6e,11/29(水) 12:56
impgrw,グルメ Watch,近鉄百貨店ネットショップ、ウイスキー「山崎2023」「響2023」が登場,https://news.yahoo.co.jp/articles/4d36dbb993f85e22cd61722d746f3456a96a7467,11/29(水) 12:36
impgrw,グルメ Watch,なか卯「天然いくら丼」発売。ごはんが見えない“豪快盛”も,https://news.yahoo.co.jp/articles/39b849e05632cfa485a03c6aa66fce785087e183,11/29(水) 12:19
impgrw,グルメ Watch,カプリチョーザ「2024 福袋」発売。保冷トート/ドレッシング/紅茶/4500円分のクーポン券で“4500円”,https://news.yahoo.co.jp/articles/32a0b66907bd942f4f0cbb86f8f8736c14ad2a31,11/29(水) 11:56
impgrw,グルメ Watch,モスのカフェ「マザーリーフ」、“紅ほっぺ”を使ったワッフル/パフェなど発売,https://news.yahoo.co.jp/articles/e6795189aef02c7f982d2ccbc8d1cd210080fd06,11/29(水) 11:01
impgrw,グルメ Watch,ロイヤルデリ「福袋2024」発売。500円クーポン付き,https://news.yahoo.co.jp/articles/c8dc48e8bbd2165a595dca4e10dcd2b8644ae977,11/29(水) 10:03
impgrw,グルメ Watch,丸亀製麺「ひと手間かけた冬のうまい！」シリーズ第1弾。しっとり柔らかな合鴨ロースの「鴨ねぎうどん」など4品発売,https://news.yahoo.co.jp/articles/51833af3433fe5d7a5b44603dbcad15aaa91a0eb,11/29(水) 9:01
impgrw,グルメ Watch,マクドナルド「グラコロ」「濃厚ビーフハヤシグラコロ」さっそく食べてきた,https://news.yahoo.co.jp/articles/15c022869221d8189ab1f2b7be28e93cc2656133,11/29(水) 8:57
impgrw,グルメ Watch,ピザハット「マルゲリータ」がアプリ注文・持ち帰りで590円！「年内最後の感謝祭」12月1日から,https://news.yahoo.co.jp/articles/49c23a6628710eaade6f63b1c9160edf906717d5,11/29(水) 8:01
impgrw,グルメ Watch,ステーキガスト「ステーキ食べ放題」11月29日実施。90分“2900円～”でポテト食べ放題も,https://news.yahoo.co.jp/articles/02efbea010aa24bea9736d4e0e8b84227808a264,11/29(水) 7:01
impgrw,グルメ Watch,くら寿司「ふり塩熟成まぐろ」フェア、12月1日～,https://news.yahoo.co.jp/articles/3d3fba02fa075c98f997d07874319511fe1b68ff,11/28(火) 18:53
impgrw,グルメ Watch,スターバックス、犬用フォカッチャ「カーネ フォカッチャ」発売,https://news.yahoo.co.jp/articles/853e9e22b220f6a46127d9abc435da4b5ea21e05,11/28(火) 14:00
impgrw,グルメ Watch,JA全農、なかやまきんに君を和牛応援団長に任命,https://news.yahoo.co.jp/articles/6b55b254b298fb23c806e8f13516060fe4c65239,11/28(火) 13:34
impgrw,グルメ Watch,サンマルクカフェ、クリスマス限定メニューの第2弾を12月1日発売,https://news.yahoo.co.jp/articles/55425e4d52d649b12fda7904cc3fb4b5bcb79fc4,11/28(火) 12:55
impgrw,グルメ Watch,ココス「メリークリスマス♪チーズフォンデュ風包み焼きハンバーグ」など「今月のグルメ～12月～」発売,https://news.yahoo.co.jp/articles/aa0486f2d4406517823c84909338f2cca4a21c95,11/28(火) 12:25
impgrw,グルメ Watch,すき家、骨付きチキンがスプーンでほぐれる「炭火焼きほろほろチキンカレー」発売,https://news.yahoo.co.jp/articles/6e3abb0a60263ea84b2895ef7c6e7a97690d2438,11/28(火) 12:12
impgrw,グルメ Watch,カルビー、唐辛子フレーバー「じゃがりこ辛いやつ 旨辛REDピザ味」限定発売,https://news.yahoo.co.jp/articles/34e3f4cd00c53b38af06fe98116d296d5219eb90,11/28(火) 11:01
impgrw,グルメ Watch,スターバックス「FRAGMENT ハンドルリッドステンレスボトル」発売,https://news.yahoo.co.jp/articles/dcf09bf4be9c368a7a5a832f527311880760f644,11/28(火) 10:57
impgrw,グルメ Watch,築地銀だこ、たこ焼き100円引き＆スタンプ2倍の「年末感謝祭」実施店リスト公開,https://news.yahoo.co.jp/articles/5b628d130401b9bb83081e7be74fe3f8a5f6ec4b,11/28(火) 10:32
impgrw,グルメ Watch,ハーゲンダッツ「ジャポネ クリスピーサンド お濃い抹茶ラテ」セブン-イレブンで限定発売,https://news.yahoo.co.jp/articles/2f9a4bc18f321dea4e649335e86099d80aa2bbe1,11/28(火) 10:03
impgrw,グルメ Watch,「サッポロ NIPPON HOP 奇跡のホップ フラノマジカル」限定発売,https://news.yahoo.co.jp/articles/2ce8f7cf81f5440ad4b642dbdf2149d57d1287a6,11/28(火) 9:01
impgrw,グルメ Watch,ロッテ、冬季限定“厚もち仕立て”の「雪見だいふく」発売。パッケージも“ふく”を大きく,https://news.yahoo.co.jp/articles/e979c976fd33013b74f13323aa7b424cd789abed,11/28(火) 8:02
impgrw,グルメ Watch,やよい軒「野菜とラムのジンギスカン定食」発売。やわらかいラム肉をたっぷり野菜と味わう,https://news.yahoo.co.jp/articles/109f50d59baeebacda3f61b610152104c6bac0e1,11/28(火) 7:01
impgrw,グルメ Watch,「ピザハット・ブラックフライデー」11月30日まで延長。最大“2600円”お得,https://news.yahoo.co.jp/articles/b927a1f69d4185705b9b750fe8055c8b14248065,11/27(月) 17:38
impgrw,グルメ Watch,「スヌーピー」と仲間たちをデザインしたバッグ/ボトルなどPEANUTS Cafeの「2024 LUCKY BAG」,https://news.yahoo.co.jp/articles/e7f889d06ea35000ab1ccb0fe98057ada2c67472,11/27(月) 16:18
impgrw,グルメ Watch,カフェ・ド・クリエとカフェ・ベローチェで“ふたつの冬のまっ白体験”フェア,https://news.yahoo.co.jp/articles/86008e4a0e618fac5c869ee81eb2a7576649c5b0,11/27(月) 14:31
impgrw,グルメ Watch,ファミマ、“まるでホットケーキ”な「森永製菓監修 バター香るホットケーキまん」発売。アレンジも楽しめる,https://news.yahoo.co.jp/articles/a35676fea34d75c1676501f0e371d9ce1a732225,11/27(月) 13:36
impgrw,グルメ Watch,くら寿司×ブルーロック、福袋「新春グッズセット」にアクスタ/キーホルダー/缶バッジなどが入って登場,https://news.yahoo.co.jp/articles/915a44fe297667cb3fc7b02b09d7ac800fccf507,11/27(月) 13:18
impgrw,グルメ Watch,日清食品「カップヌードル カレー」も“謎肉”まみれに,https://news.yahoo.co.jp/articles/78e21299711167fced577594d7b6c300e8caaacd,11/27(月) 12:49
impgrw,グルメ Watch,エクセルシオール カフェ「PEZ（ペッツ）」デザインがかわいい福袋「2024 HAPPY BAG」発売！,https://news.yahoo.co.jp/articles/ef975f48295639611fddd756c67f259218812a70,11/27(月) 12:09
impgrw,グルメ Watch,築地銀だこ「【推しの子】」とコラボ！,https://news.yahoo.co.jp/articles/9a1d169028368fea992765b21f2228eb56e8ba5b,11/27(月) 11:53
impgrw,グルメ Watch,ケンタッキーフライドチキン、最大1100円お得な「ウィンターパック」発売,https://news.yahoo.co.jp/articles/a5f3193c852442b2c5dd5c9819d387208d320fba,11/27(月) 11:36
impgrw,グルメ Watch,サーティワン×ハリー・ポッター第2弾、「ハニーデュークス」のサンデー発売。百味ビーンズや蛙チョコレートをトッピング,https://news.yahoo.co.jp/articles/68dbf15e1e15876669a270933add512e2407644d,11/27(月) 11:21
impgrw,グルメ Watch,ファミマ、アロマフレスカ 銀座の原田シェフ監修のパスタを発売,https://news.yahoo.co.jp/articles/f0cefbbc3717667d3a35c1eae13bec3a34377b01,11/27(月) 11:01
impgrw,グルメ Watch,ミスタードーナツ×ポケモン「ミスド福袋2024」発売。エコバッグ/ポーチ/バスタオル/ドーナツ引換券が入って“2400円～”の3種類,https://news.yahoo.co.jp/articles/9198da6545cab03a510b1714ad67ddd55742d8e8,11/27(月) 10:55
impgrw,グルメ Watch,サントリー「ザ・プレミアム・モルツ 〈ジャパニーズエール〉春空エール」限定発売,https://news.yahoo.co.jp/articles/09b7d766ca648d790132198729a071c96b937512,11/27(月) 10:01
impgrw,グルメ Watch,メイトー「種子島安納芋プリン」発売。蜜の甘さのようなねっとりした風味を実現,https://news.yahoo.co.jp/articles/defb6237b61575afe4a20af9fd153a89d4606732,11/27(月) 9:01
impgrw,グルメ Watch,ゴディバ×乃が美「チョコレート『生』食パン」12月1日発売,https://news.yahoo.co.jp/articles/73150f0596a670a3f59077cfbe61141d53360e06,11/27(月) 8:01
impgrw,グルメ Watch,安楽亭、ヤンニョム＆ホアジャオのシビ辛な旨み「麻辣焼肉フェア」,https://news.yahoo.co.jp/articles/2f54dda6b779ffff6493b9d21eeca4656340b0ac,11/27(月) 7:01
impgrw,グルメ Watch,カルディ、オリジナルデザインのマグカップとレトルトスープのセットが発売,https://news.yahoo.co.jp/articles/d929dc19f9066343e1a7635457389657e08fd31d,11/25(土) 17:46
impgrw,グルメ Watch,高島屋、ウイスキー「山崎2021/2022/2023」「響2021/2022/2023」のセットをオンラインストアで抽選販売！,https://news.yahoo.co.jp/articles/0a6077dc012cbe7f16b66a7758a6ea176a421569,11/25(土) 17:01
impgrw,グルメ Watch,カレーハウスCoCo壱番屋「ココイチ福袋2024」発売。トートバッグや2000円分のお食事補助券がセットで“2000円”,https://news.yahoo.co.jp/articles/4b3ba1a01f56d904c08b33d7d95b5e351615d442,11/25(土) 14:10
impgrw,グルメ Watch,ココス、紅はるかが主役の「おいもフェア2023」。おいもづくしのパフェ/カスタードブリュレなど登場,https://news.yahoo.co.jp/articles/1991537e23985c004ed6c1afef6409f6396f7e7d,11/25(土) 12:01
impgrw,グルメ Watch,びっくりドンキー「ドンキー満喫セット」は11月29日から！,https://news.yahoo.co.jp/articles/51e7942859db80e6abe335e4c1d26c303eccf44a,11/25(土) 7:02
impgrw,グルメ Watch,ローソン「スヌーピー」ランチバッグ、ボアと星柄キルティングの2種で発売,https://news.yahoo.co.jp/articles/a5eb6aabc1f8d944337660d5dd1fe839244580df,11/24(金) 17:34
impgrw,グルメ Watch,西洋菓子舗 不二家「2024年新春福袋」発売。「ペコちゃん人形」がメタリックカラーで登場,https://news.yahoo.co.jp/articles/b3b38887e75b1c27d95de283123efcc4d34e5e07,11/24(金) 14:38
impgrw,グルメ Watch,リンガーハット「福袋」、2500円分の食事券/4300円分のクーポン/長崎ちゃんぽんなど入って“2500円”,https://news.yahoo.co.jp/articles/85ee24d65e4e22121c9250bdab1cb7769c9f095a,11/24(金) 13:39
impgrw,グルメ Watch,ほっともっと、クリスマスの「ほっとチキン」発売,https://news.yahoo.co.jp/articles/d4a64e23afa0d78dd91d490984b6cdd65b5d68f2,11/24(金) 12:47
impgrw,グルメ Watch,ドミノ・ピザ、最大“2830円”お得な「ブラックフライデーセール」開始。持ち帰りピザ1枚“600円～”,https://news.yahoo.co.jp/articles/d66eb9adc5714a913bb4b384a42142a39f8c21a0,11/24(金) 12:02
impgrw,グルメ Watch,ケンタッキーフライドチキン「ガツンとにんにくクリスピー」が入った「カンパイバーレル」発売,https://news.yahoo.co.jp/articles/edfcc4f36712516276f5bca4c0ccceba017eba46,11/24(金) 11:46
impgrw,グルメ Watch,ビックカメラ、ウイスキー「白州12年」「山崎18年」を抽選販売！,https://news.yahoo.co.jp/articles/8d1588218a02a11a628d9874e79b184498cb1cf3,11/24(金) 11:24
impgrw,グルメ Watch,「バーガーキング 翔んで埼玉店」与野駅前にオープン。「埼玉優遇クーポン」でワッパーセットが“310円～”,https://news.yahoo.co.jp/articles/b10588094e0f5824b4860837939649fd62afdafd,11/24(金) 11:17
impgrw,グルメ Watch,カルディ、ツイード生地の「ウィンターバッグ」12月1日発売！,https://news.yahoo.co.jp/articles/914458f453607279e572bc91badc1f6e34a2bfa4,11/24(金) 10:39
impgrw,グルメ Watch,4年ぶりにずわい蟹を使用した天丼てんやの「かにと海老の冬天丼」,https://news.yahoo.co.jp/articles/ed9dfd9fac4c3697308dc19e6e83bc7d16be2dd8,11/24(金) 10:31
impgrw,グルメ Watch,「サッポロ ビアサプライズ コクの神髄」ファミマ限定発売。シリーズ初のプレミアムビール,https://news.yahoo.co.jp/articles/9dfae2abde1c69dc55d99af0fda0c03624791e13,11/24(金) 8:01
impgrw,グルメ Watch,ジョリーパスタ、冬にうれしいあつあつな「窯焼きチーズパスタ」発売,https://news.yahoo.co.jp/articles/1cc53a0dc99566758cad75da9d70965971af2f3b,11/24(金) 7:01
