media_en,media_jp,title_articles,link_articles,date_original
worldtt,‘ì‹…‰¤‘,y‘ì‹…z“ú–{‚ÍƒXƒEƒF[ƒfƒ“AƒXƒƒoƒLƒA‚ÉŸ—˜B–{“ú14‚æ‚èŠØ‘‚ÆŒƒ“ËI ITTF¬‡’c‘Ìƒ[ƒ‹ƒhƒJƒbƒv2023,https://news.yahoo.co.jp/articles/a45b0f47bf9b4524c177ab9e2f46175fcb3006bf,12/8(‹à) 11:31
worldtt,‘ì‹…‰¤‘,y‘ì‹…z“ú–{A‘æ2ƒXƒe[ƒW‰í‚ğŠ®‘SŸ—˜B–{“úƒXƒEƒF[ƒfƒ“AƒXƒƒoƒLƒA‚Æ‘ÎíI ITTF¬‡’c‘Ìƒ[ƒ‹ƒhƒJƒbƒv2023,https://news.yahoo.co.jp/articles/ea21aa6e96871eefd02e8269b228019422a1155c,12/7(–Ø) 11:06
worldtt,‘ì‹…‰¤‘,y‘ì‹…zITTF¬‡’c‘Ìƒ[ƒ‹ƒhƒJƒbƒvA“ú–{‚ÍƒOƒ‹[ƒvƒŠ[ƒO1ˆÊ’Ê‰ß‚Å‘æ2ƒXƒe[ƒW‚Ö,https://news.yahoo.co.jp/articles/9178100fcc2a6413919b1416965de154ff1d5933,12/6(…) 11:44
worldtt,‘ì‹…‰¤‘,y‘ì‹…zITTF‚æ‚èÅV‚Ì¢ŠEƒ‰ƒ“ƒLƒ“ƒO‚ª”­•\BÂ’Ë‘å“oA“c’†—C‘¿‚ç‚ªƒ‰ƒ“ƒNƒAƒbƒvI,https://news.yahoo.co.jp/articles/2c651c681664d3ca54ad152fef43619cd0ba0146,12/5(‰Î) 13:03
worldtt,‘ì‹…‰¤‘,y‘ì‹…z¢ŠEƒ†[ƒX‘IèŒ ‚Ì‘S“ú’ö‚ªI—¹B“ú–{‚Í11ŒÂ‚Ìƒƒ_ƒ‹‚ğŠl“¾‚µA¬‰–—IØ‚Í4Š¥‚ğ’B¬I,https://news.yahoo.co.jp/articles/50e8e74d321e7cc1ad8188932783ff9e07837382,12/4(Œ) 12:40
worldtt,‘ì‹…‰¤‘,y‘ì‹…z‘S”_ƒJƒbƒviƒpƒŠŒÜ—Ö‘Il‰ïj‚Å‰—DŸ‚ğü‚Á‚½’£–{”ü˜au—DŸ‚Í©M‚É‚È‚Á‚½B‚Å‚àÀ—Í‚Í‘“c‘Iè‚Ì‚Ù‚¤‚ªã‚Å‚·v,https://news.yahoo.co.jp/articles/37d90203149582b15d1ab6e4b3f60dfa1d0e7dc4,11/30(–Ø) 17:46
worldtt,‘ì‹…‰¤‘,ƒˆ[ƒƒbƒpƒ`ƒƒƒ“ƒsƒIƒ“ƒYƒŠ[ƒO‚É“ú–{‘Iè5–¼‚ªoê,https://news.yahoo.co.jp/articles/ac46c3cd49edbddba11fb7a561ffe9f60dbd7791,11/29(…) 11:30
worldtt,‘ì‹…‰¤‘,y‘ì‹…z¢ŠEƒ†[ƒX‘IèŒ 2023A’c‘Ìí‚Ì‘S“ú’ö‚ªI—¹B—qU15‚Å“ú–{‚ª’†‘‚Æ‚ÌŒƒ“¬‚ğ§‚µ‚Ä‹àƒƒ_ƒ‹‚ğŠl“¾I,https://news.yahoo.co.jp/articles/29bddc530a12ea95fb5f7f91802ef5062a060e7f,11/29(…) 11:05
worldtt,‘ì‹…‰¤‘,y‘ì‹…z¢ŠEƒ†[ƒX‘IèŒ 2023A“ú–{‚Í’c‘Ì4í–Ú’†3í–Ú‚ÅŒˆŸioI,https://news.yahoo.co.jp/articles/9475bd136cf5ae8249bedeef5d2a1f10718cfa43,11/28(‰Î) 15:21
worldtt,‘ì‹…‰¤‘,‘ì‹…ƒhƒCƒcEƒuƒ“ƒfƒXƒŠ[ƒK ‘åŠw1”N‚Ì—é–ØéD‚ª‰oê‰Ÿ—˜,https://news.yahoo.co.jp/articles/f4224226b736cec86934325358588776b4376da7,11/28(‰Î) 11:50
worldtt,‘ì‹…‰¤‘,y‘ì‹…zITTF‚ªÅV‚Ì¢ŠEƒ‰ƒ“ƒLƒ“ƒO‚ğ”­•\I‹g‘º˜aO‚Í100ˆÊ‘ä‚É‘å•ƒ‰ƒ“ƒNƒAƒbƒv,https://news.yahoo.co.jp/articles/b20068a25607b4cefa21e66c17c0dcb3a5d21fc8,11/28(‰Î) 11:11
worldtt,‘ì‹…‰¤‘,y‘ì‹…z’£–{”ü˜aEŒËã”¹•ã‚ª100ƒ|ƒCƒ“ƒgƒAƒbƒvB•½–ì‚ÆˆÉ“¡‚Ìƒ|ƒCƒ“ƒg·‚Í34.5BƒpƒŠŒÜ—Ö‘Ilƒ|ƒCƒ“ƒgi11/27Œ»İj,https://news.yahoo.co.jp/articles/e79b8aea5b6a479903693b9ff4b7d7288daa30ae,11/27(Œ) 13:16
worldtt,‘ì‹…‰¤‘,y‘ì‹…z‘æ19‰ñ‘S“ú–{Šw¶‘I”²‘ì‹…‘å‰ï‚ªI—¹B’jq‚Í¬—ÑL–²A—q‚ÍoàVˆÇ‰À‚ª—DŸ,https://news.yahoo.co.jp/articles/21c7a83e553f4a8c156b692390b4d51a9234415f,11/27(Œ) 12:39
worldtt,‘ì‹…‰¤‘,y‘ì‹…z‰p“c—u^‹g‘º˜aO‚ª’jqƒ_ƒuƒ‹ƒX‚Å€—DŸI WTTƒtƒB[ƒ_[ ƒrƒ‰EƒmƒoEƒfEƒKƒCƒA,https://news.yahoo.co.jp/articles/94ce58b71a6a1e4a18d5a43e5276bb35cd996daa,11/27(Œ) 12:00
worldtt,‘ì‹…‰¤‘,y‘ì‹…z‘S”_ƒJƒbƒvAŒËã”¹•ã‚Æ’£–{”ü˜a‚ª—DŸBƒpƒŠŒÜ—Ö‘ã•\‚Í‘“c‚Ğ‚È‚Æ’£–{’q˜a‚ªŒˆ’èBŒËã‚à‘ã•\‚ğ‚Ù‚ÚŠmÀ,https://news.yahoo.co.jp/articles/21f70e3d72e94fbf16373a728f446ea4959f22c4,11/26(“ú) 18:51
worldtt,‘ì‹…‰¤‘,y‘ì‹…z‘S”_ƒJƒbƒvAƒpƒŠŒÜ—Ö‘ã•\ÅI‘Il‰ïn‚Ü‚éBˆÉ“¡”ü½AhŸƒXƒ^[ƒg,https://news.yahoo.co.jp/articles/f910450c21e5f435f49ff502f98ec30c121bfba4,11/25(“y) 13:16
worldtt,‘ì‹…‰¤‘,y‘ì‹…z‘OŠúƒmƒWƒ}MVPÜ‚ÉX‰’­’‚ÆˆÀ“¡‚İ‚È‚İ‚ª‘IoqƒmƒWƒ}TƒŠ[ƒO 2023-2024ƒV[ƒYƒ“r,https://news.yahoo.co.jp/articles/5431a3a22ce55c774841ba73070f89a35e340550,11/22(…) 17:30
worldtt,‘ì‹…‰¤‘,y‘ì‹…zƒgƒbƒv3‚Í•Ï‚í‚ç‚¸A—q‚Í‘“cE•½–ìEˆÉ“¡A’jq‚Í’£–{EŒËãE“c’†BƒpƒŠŒÜ—Ö‘Ilƒ|ƒCƒ“ƒgi11/19Œ»İj,https://news.yahoo.co.jp/articles/3b3e5fdc8446282a935cff9aa3a35408031065aa,11/21(‰Î) 15:06
worldtt,‘ì‹…‰¤‘,y‘ì‹…zWTT—qƒtƒ@ƒCƒiƒ‹ƒY–¼ŒÃ‰®‘å‰ïBƒVƒ“ƒOƒ‹ƒX‚Éoê‚·‚é16–¼‚ªŒˆ’èI,https://news.yahoo.co.jp/articles/816e4b4267927700ffe800d9839497dbb9cf8b03,11/21(‰Î) 12:11
worldtt,‘ì‹…‰¤‘,y‘ì‹…zWTT‚ª—ˆ”N‚·‚Å‚ÉƒRƒ“ƒeƒ“ƒ_[ˆÈã‚Ì14‘å‰ï‚ğ—\’èBƒRƒƒi‘O‚Ìƒ[ƒ‹ƒhƒcƒA[‚ğ‰z‚¦‚é‘å‰ï”‚É‚È‚é,https://news.yahoo.co.jp/articles/d54fb47f44602db4f6074c8ea3f43a425d2b3ef4,11/20(Œ) 17:58
worldtt,‘ì‹…‰¤‘,y‘ì‹…z‘æ71‰ñH‹G–kM‰zŠw¶‘IèŒ ‚ªI—¹B’jq’c‘Ì‚Å‚Í–k—¤‘å‚ªVl‘å‰ï‚ğŠÜ‚ß10‹G˜A‘±—DŸ‚ğ’B¬,https://news.yahoo.co.jp/articles/321f43a6c4b5d8384a80dea8f589001f37a0808a,11/20(Œ) 17:46
worldtt,‘ì‹…‰¤‘,y‘ì‹…z‘ì‹…‘Iè‚ÌƒZƒJƒ“ƒhƒLƒƒƒŠƒABŒ³‘S“ú–{2ˆÊ‚Ìâï’J”˜auŒµ‚µ‚¢‘ì‹…‚Å‚Ì¶Šˆ‚ª«—ˆ‚Ìl¶‚É•K‚¸Šˆ‚«‚Ü‚·v,https://news.yahoo.co.jp/articles/5eaa109e8dc578e01cef16023bfcc66cf3e93f1d,11/20(Œ) 16:28
worldtt,‘ì‹…‰¤‘,y‘ì‹…zƒwƒ‹ƒ”ƒFƒO‚ªƒhƒCƒc‘ì‹…˜A–¿‰ï’·‚ğ«”CAV‰ï’·‚ÍŒ³ƒˆ[ƒ‰‚ÌƒnƒCƒ“‚ªA”C,https://news.yahoo.co.jp/articles/1473d6f47d9a142dd6a6b5e70ffff32734bb65f4,11/20(Œ) 11:39
worldtt,‘ì‹…‰¤‘,y‘ì‹…z“Œ–k‚Z‰¤ÒA‘S‘ãˆÊí˜AZ‚Ì’ß‰ª“Œ‚E™–ìX‘å•ãŠÄ“Â‚Ìu‘Iè‚Ì¬’·‚Æ‚Æ‚à‚É—p‹ï‚ğ•Ï‚¦‚év,https://news.yahoo.co.jp/articles/253a035f48d3b226c99690df023ca54fc2a4a828,11/16(–Ø) 14:28
worldtt,‘ì‹…‰¤‘,y‘ì‹…zITTF‚æ‚èÅV‚Ì¢ŠEƒ‰ƒ“ƒLƒ“ƒO‚ª”­•\BŒËã”¹•ã‚ª20ˆÊ‘ä‚É•‚ãI,https://news.yahoo.co.jp/articles/44034c7b3c3e5ce34aea3de4c1b4a962d1e64a9a,11/14(‰Î) 11:32
worldtt,‘ì‹…‰¤‘,y‘ì‹…z¬‡’c‘Ìƒ[ƒ‹ƒhƒJƒbƒv‚Ì“ú–{‘ã•\‚ğ”­•\B’£–{AŒËãA‘“cA•½–ì‚È‚Ç‚Å—Õ‚Ş,https://news.yahoo.co.jp/articles/30749f6d7635f3a43fe63397432fc10bc7f90cf8,11/13(Œ) 18:03
worldtt,‘ì‹…‰¤‘,y‘ì‹…zWTTƒRƒ“ƒeƒ“ƒ_[ ‘¾Œ´‚ÅŒËã”¹•ã‚ª€—DŸI,https://news.yahoo.co.jp/articles/8611a691c74ead42fd25b19f23ae51c4f395ac2f,11/13(Œ) 10:42
worldtt,‘ì‹…‰¤‘,y‘ì‹…z–¼–å‘ì‹…•”‚ÌÁ‚¦‚È‚¢v‚¢oB“Œ‹•xm‘å‘ì‹…•”60ü”NA¼‘º‘ì“ñ‚Ìw“±Ò50ü”Nƒp[ƒeƒB[‚ª·‘å‚ÉŠJ‚©‚ê‚½,https://news.yahoo.co.jp/articles/d940d858ff69db6db8050ed87fd686ca360ec963,11/11(“y) 20:18
worldtt,‘ì‹…‰¤‘,y‘ì‹…z“ú–{‚ªITTF¬‡’c‘Ìƒ[ƒ‹ƒhƒJƒbƒv‚ÉQíBITTF‚ªuQ‰Á‹–‰Âv,https://news.yahoo.co.jp/articles/6a7c9d294caef090e043262afc6e7c4e8e0e53ff,11/11(“y) 11:46
worldtt,‘ì‹…‰¤‘,y‘ì‹…zQ‰ÁH •sQ‰ÁH ¬‡’c‘Ìƒ[ƒ‹ƒhƒJƒbƒv‚ÌQ‰Á‹–‰Â‚ğ“ú–{‚Í‘Ò‚Á‚Ä‚¢‚é,https://news.yahoo.co.jp/articles/2ea4adab767c04f59a38f302116a098b323eee7b,11/9(–Ø) 18:44
worldtt,‘ì‹…‰¤‘,y‘ì‹…zITTF‚ªÅV‚Ì¢ŠEƒ‰ƒ“ƒLƒ“ƒO‚ğ”­•\B¼“‡‹P‹ó‚ª“ú–{’jq3”Ô–Ú‚ÌˆÊ’u‚É•‚ã,https://news.yahoo.co.jp/articles/19e94364f500e9f3c388531d3e716155ef01c45d,11/7(‰Î) 12:25
worldtt,‘ì‹…‰¤‘,y‘ì‹…z’£–{E‘“c‚ªƒgƒbƒv“Æ‘–‚ÌƒpƒŠŒÜ—Ö‘Ilƒ|ƒCƒ“ƒgB’jq3ˆÊ‚Ì“c’†‚ª2ƒ|ƒCƒ“ƒg’Ç‰Ái11/6Œ»İj,https://news.yahoo.co.jp/articles/fd595d03df8f24c633c6629b3545c55b7c0cd2f3,11/7(‰Î) 12:03
worldtt,‘ì‹…‰¤‘,y‘ì‹…zITTF¬‡’c‘ÌW”t‚ğ¢ŠEƒ‰ƒ“ƒLƒ“ƒO‘ÎÛ‘å‰ï‚ÖAITTF‚ª³”FB“ú–{‚àƒGƒ“ƒgƒŠ[‚Ö“®‚­,https://news.yahoo.co.jp/articles/84cff4918e77a266567cf02561014f6bb296f07b,11/7(‰Î) 10:01
worldtt,‘ì‹…‰¤‘,y‘ì‹…z‘‚­‚à’†‘‘Iè‚Ì“nq‹Ö~‚ª‰ğœB–|˜M‚³‚ê‚éTƒŠ[ƒO,https://news.yahoo.co.jp/articles/d112efefa288b08dadc42c0edddd6b1e1eaf2b3e,11/6(Œ) 11:21
worldtt,‘ì‹…‰¤‘,y‘ì‹…z‘S‘ƒ‰[ƒWƒ{[ƒ‹‘ì‹…‘å‰ï‚Ì‘S“ú’ö‚ªI—¹BÅI“ú‚Í’j—ƒVƒ“ƒOƒ‹ƒX8í–Ú‚Åƒ`ƒƒƒ“ƒsƒIƒ“‚ªŒˆ’è,https://news.yahoo.co.jp/articles/34229941be5144c62a8eed40801263fce7f6836c,11/5(“ú) 15:21
worldtt,‘ì‹…‰¤‘,y‘ì‹…z‘“c‚Ğ‚ÈAè‚ÉŠ¾ˆ¬‚é€“¬‚ğ§‚µ“ú–{¨—Bˆê‚ÌƒxƒXƒg4“ü‚èIWTTƒ`ƒƒƒ“ƒsƒIƒ“ƒY ƒtƒ‰ƒ“ƒNƒtƒ‹ƒg,https://news.yahoo.co.jp/articles/8ce3a5fd2b0f81a639ea3a34d619b1cdadce4383,11/4(“y) 12:13
worldtt,‘ì‹…‰¤‘,y‘ì‹…z‘S‘ƒ‰[ƒWƒ{[ƒ‹‘å‰ï‚ª•Ÿˆä‚ÅŠJÃB‰“ú‚Í9í–Ú‚Å‰¤Ò‚ªŒˆ’è,https://news.yahoo.co.jp/articles/f425c60c9ac54290e5ee2e66ba62e27c6178c451,11/3(‹à) 19:35
worldtt,‘ì‹…‰¤‘,y‘ì‹…zˆÉ“¡”ü½A’£–{’q˜a‚ª€XŒˆŸioI WTTƒ`ƒƒƒ“ƒsƒIƒ“ƒY ƒtƒ‰ƒ“ƒNƒtƒ‹ƒg,https://news.yahoo.co.jp/articles/ccea514523a10661f4b18c9f00dd5595592c258b,11/3(‹à) 11:43
worldtt,‘ì‹…‰¤‘,y‘ì‹…zWTTƒ`ƒƒƒ“ƒsƒIƒ“ƒY ƒtƒ‰ƒ“ƒNƒtƒ‹ƒgA‘“c‚Ğ‚È‚ª“¯m“¢‚¿§‚µ€XŒˆŸ‚Ö,https://news.yahoo.co.jp/articles/cd53407fdc7f01fa27077c88deb97ad91badb27d,11/2(–Ø) 14:03
worldtt,‘ì‹…‰¤‘,y‘ì‹…z’£–{’q˜aAˆÉ“¡”ü½‚ª‹êíæ‚è‰z‚¦2‰ñí‚Ö@WTTƒ`ƒƒƒ“ƒsƒIƒ“ƒY ƒtƒ‰ƒ“ƒNƒtƒ‹ƒg,https://news.yahoo.co.jp/articles/bcd6b66120114cf4d796eb65168307f16fe07105,11/1(…) 12:14
worldtt,‘ì‹…‰¤‘,y‘ì‹…z‘“c‚Ğ‚ÈA¢ŠEƒ‰ƒ“ƒLƒ“ƒO‚Å©ŒÈÅ‚‚Ì4ˆÊ‚É•‚ãI,https://news.yahoo.co.jp/articles/d329bc4c612b558061ac281716d4fd3ba61ed48d,10/31(‰Î) 16:02
worldtt,‘ì‹…‰¤‘,y‘ì‹…z’£–{”ü˜a‚ª•½–ì”ü‰F‚Æ‚Ì“¯m“¢‚¿§‚µ2‰ñí‚Ö@WTTƒ`ƒƒƒ“ƒsƒIƒ“ƒY ƒtƒ‰ƒ“ƒNƒtƒ‹ƒg,https://news.yahoo.co.jp/articles/40168f3e2e1b3a54cc140c3c7c766514bd6e4282,10/31(‰Î) 13:20
worldtt,‘ì‹…‰¤‘,y‘ì‹…zŒËã”¹•ãEˆÀ“¡‚İ‚È‚İ‚ª5ƒ|ƒCƒ“ƒg‚ğ’Ç‰ÁBƒpƒŠŒÜ—Ö‘Ilƒ|ƒCƒ“ƒgi10/30XVj,https://news.yahoo.co.jp/articles/f08fbd0a1754ad9e3f6f65ac107c44a726056bcf,10/30(Œ) 14:50
worldtt,‘ì‹…‰¤‘,y‘ì‹…z•½–ì”ü‰F‚Æ’£–{”ü˜a‚ª¡–és‚í‚ê‚é‰í‚ÅŒƒ“ËBWTTƒ`ƒƒƒ“ƒsƒIƒ“ƒY ƒtƒ‰ƒ“ƒNƒtƒ‹ƒg,https://news.yahoo.co.jp/articles/cb74b27e860b07a4ef4e2bb73ed5463436ae1ead,10/30(Œ) 13:07
worldtt,‘ì‹…‰¤‘,y‘ì‹…zKA_“Şì‚ª‹ÁˆÙ‚ÌŠJ–‹7˜AŸIƒmƒWƒ}TƒŠ[ƒO10Œ28E29“ú‚Ì‡Œ‹‰Ê,https://news.yahoo.co.jp/articles/9844235f4201c27bfe760c3ed175fd099ecdbe88,10/30(Œ) 10:52
worldtt,‘ì‹…‰¤‘,‹­‚¢Œ«“ñ‚ª‹A‚Á‚Ä‚«‚½!! ¼•½Œ«“ñ‚ª‘S“ú–{Ğ‰ïl‚Å2“x–Ú‚ÌV,https://news.yahoo.co.jp/articles/5e66306d6a07aba88a423baba5eb2936f40a6b16,10/30(Œ) 7:15
worldtt,‘ì‹…‰¤‘,–¾“¿‹`m‚‚©‚çƒTƒ“ƒŠƒc‚É“üĞ‚µ‚Ä6”N–ÚB23Î‚ÌO‘º—D‰Ê‚ªŒÂlí‚Å‘S‘‰ƒ^ƒCƒgƒ‹!!,https://news.yahoo.co.jp/articles/86595c7832e81b03704b0166476b0217d546c12e,10/30(Œ) 7:11
worldtt,‘ì‹…‰¤‘,‘S“úŠw‘ì‹…ƒVƒ“ƒOƒ‹ƒX‚Í‰ª–ìr‰î‚ÆoàVˆÇ‰À‚ª‚Æ‚à‚É‰—DŸ,https://news.yahoo.co.jp/articles/cdd95e8112c2daa8ea419c6412a3006a9b21bf2f,10/28(“y) 23:32
worldtt,‘ì‹…‰¤‘,y‘ì‹…zÂX‚ÅŠJÃ‚Ì‘S“ú–{Ğ‰ïl‘IèŒ A’jqƒ_ƒuƒ‹ƒX‚Í“n•Ó^¼Ri‹¦˜aƒLƒŠƒ“j‚ªV2’B¬!!,https://news.yahoo.co.jp/articles/642cb316f9cb754e1accbfa587caea12388a7d77,10/28(“y) 22:41
worldtt,‘ì‹…‰¤‘,y‘ì‹…z‘S“ú–{Ğ‰ïl‘IèŒ A—qƒ_ƒuƒ‹ƒX‚Íƒm[ƒV[ƒh‚©‚çŸ‚¿ã‚ª‚Á‚½Šâ‰z^“ŒìiƒGƒNƒZƒfƒBj‚ª‚¤‚ê‚µ‚¢‰—DŸ,https://news.yahoo.co.jp/articles/699c68d17b9d5799112b8ca971a547cbe30915c5,10/28(“y) 22:37
worldtt,‘ì‹…‰¤‘,y‘ì‹…zƒƒ“ƒc‚ğ‚Â‚Ô‚³‚ê‚½’†‘‚Ì•ñ•œBTƒŠ[ƒO‚ğ’¼Œ‚‚µA¡Œã‚Ì“ú’†ŠÖŒW‚É‰e‚ğ—‚Æ‚µ‚½¬‡ƒ`[ƒ€W”t‚ÌŒ‡ê,https://news.yahoo.co.jp/articles/20b5cbe73641b502017c8f776de54f51c7fa58c1,10/28(“y) 13:16
worldtt,‘ì‹…‰¤‘,y‘ì‹…zTƒŠ[ƒO‚ÉŒƒkBŠeƒ`[ƒ€“o˜^‚Ì’†‘‘Iè‚ªˆêÄ‹A‘,https://news.yahoo.co.jp/articles/7fdebade2e649916abcd95d051a40f2d73a7f81b,10/28(“y) 12:32
worldtt,‘ì‹…‰¤‘,y‘ì‹…zƒ`ƒƒƒCƒj[ƒYƒ^ƒCƒyƒC‘ã•\‚Ìœ@U‚ª“o˜^Š®—¹B2023-2024ƒV[ƒYƒ“ TƒŠ[ƒO“o˜^Š®—¹‘Ièi10/25•t‚Ü‚Åj,https://news.yahoo.co.jp/articles/2333b978eaf89f61e5bcb12f3ecfc63a58966cca,10/26(–Ø) 17:23
worldtt,‘ì‹…‰¤‘,y‘ì‹…zITTF‚ªÅV‚Ì¢ŠEƒ‰ƒ“ƒLƒ“ƒO‚ğ”­•\BŒËã”¹•ãA‘“c‚Ğ‚È‚ç‚ªƒ‰ƒ“ƒNƒAƒbƒv,https://news.yahoo.co.jp/articles/ca8c40db007b5ec889798aae7407540db88579f8,10/24(‰Î) 16:00
worldtt,‘ì‹…‰¤‘,y‘ì‹…z“ú‚ÌŠÛ‚Ì‘ã•\ƒEƒGƒA‚ÆA¶Šˆ‚Ì‚½‚ß‚ÌŒÂl‚ÌƒEƒGƒAB“ú–{‚Ìƒvƒ‘Iè‚Í‰½‚ğ‹‚ß‚é‚Ì‚©,https://news.yahoo.co.jp/articles/58b2ea0e84ac729e14fbcfbdb1dd55ab1c82270c,10/21(“y) 6:40
worldtt,‘ì‹…‰¤‘,y‘ì‹…zWTT‚ÉQí‚·‚é‘Iè‚½‚¿‚ÌŒoÏ“I•‰’SB‘ì‹…‚Ìƒvƒ‘Iè‚Í‚Ç‚±‚ğ–Úw‚·‚Ì‚©,https://news.yahoo.co.jp/articles/3837f583a9db0c52508cb5b7c985db152142a2f6,10/20(‹à) 19:21
worldtt,‘ì‹…‰¤‘,y‘ì‹…zWTTƒ†[ƒXƒRƒ“ƒeƒ“ƒ_[ ƒvƒGƒ‹ƒg ƒvƒŠƒ“ƒZƒTA“ú–{¨‚ª3í–Ú‚ğ§”eI,https://news.yahoo.co.jp/articles/661d35bb46c8ef6f68906d74fd8cb3901ba4e98a,10/18(…) 11:10
worldtt,‘ì‹…‰¤‘,y‘ì‹…zWTTƒ†[ƒXƒXƒ^[ƒRƒ“ƒeƒ“ƒ_[ ƒh[ƒnA¬‰–—IØ‚ª3í–Ú‚ÅVI,https://news.yahoo.co.jp/articles/eef47df45e370a452a2ec58617e3f235b6d0e987,10/17(‰Î) 17:58
worldtt,‘ì‹…‰¤‘,y‘ì‹…zƒyƒgƒ‰Eƒ\[ƒŠƒ“ƒO‚ªITTF‰ï’·‚Æ‚µ‚Ä‰‚ÌIOCˆÏˆõ‚É‘Io,https://news.yahoo.co.jp/articles/2f5b21bd1b383365517ebe9c7263e8593ea7bc9a,10/17(‰Î) 16:24
worldtt,‘ì‹…‰¤‘,y‘ì‹…zITTF‚æ‚èÅV‚Ì¢ŠEƒ‰ƒ“ƒLƒ“ƒO‚ª”­•\B¼“‡‹P‹ó‚ª“ú–{’jq4”Ôè‚É•‚ãI,https://news.yahoo.co.jp/articles/f2fac89a47e165dab33dd7b2a6a7b92438f0d8b0,10/17(‰Î) 15:22
worldtt,‘ì‹…‰¤‘,y‘ì‹…zWTTƒRƒ“ƒeƒ“ƒ_[ƒ}ƒXƒJƒbƒgA¬‡•¡‚Å¼“‡‹P‹ó^’£–{”ü˜a‚ªŒˆŸioI,https://news.yahoo.co.jp/articles/0a817cee2f3186443ba70adff6d993931cdfe7dd,10/13(‹à) 12:45
worldtt,‘ì‹…‰¤‘,y‘ì‹…z’†‘‚ÌÀ—ÍÒ‚Å‚ ‚é˜°q—m‚Æ”n“Á‚ª“o˜^Š®—¹B2023-2024ƒV[ƒYƒ“ TƒŠ[ƒO“o˜^Š®—¹‘Ièi10/10•t‚Ü‚Åj,https://news.yahoo.co.jp/articles/dd66da4f3b50e6d9d0fa1560de1e8f4c1f212229,10/11(…) 16:47
worldtt,‘ì‹…‰¤‘,y‘ì‹…zITTF‚ªÅV‚Ì¢ŠEƒ‰ƒ“ƒLƒ“ƒO‚ğ”­•\I’£–{”ü˜a‚Í“ú–{—q‚Å3”Ôè‚É•‚ã,https://news.yahoo.co.jp/articles/c6163a8d426f2bad83ef6d94ae8747cc183ea7cd,10/11(…) 14:00
worldtt,‘ì‹…‰¤‘,y‘ì‹…zÎì‰Àƒ‚Ì‘S”_ƒIƒtƒBƒVƒƒƒ‹ƒAƒ“ƒoƒTƒ_[A”C®‚ª“s“à‚ÅŠJÃ,https://news.yahoo.co.jp/articles/f0fac4416614a1c633c8bc40a32c16053cd5e72e,10/10(‰Î) 18:53
worldtt,‘ì‹…‰¤‘,y‘ì‹…zWTT‚Ìƒ}ƒbƒgEƒpƒEƒ“ƒh‚ªƒ}ƒl[ƒWƒ“ƒOEƒfƒBƒŒƒNƒ^[‚ğ«”C,https://news.yahoo.co.jp/articles/ba902b95261cf1eae5f9c7e2ebaf5c42dd7af7b1,10/9(Œ) 17:14
worldtt,‘ì‹…‰¤‘,y‘ì‹…zWTTƒtƒB[ƒ_[ƒXƒgƒbƒNƒzƒ‹ƒ€A—qƒVƒ“ƒOƒ‹ƒX‚ÅX‚³‚­‚ç‚ª—DŸI,https://news.yahoo.co.jp/articles/edd1cca7324b1e457e3595bf74040cfb7ee1b12b,10/8(“ú) 18:09
worldtt,‘ì‹…‰¤‘,y‘ì‹…zWTTƒXƒ^[ƒRƒ“ƒeƒ“ƒ_[—–BA“ú–{¨ƒVƒ“ƒOƒ‹ƒX‚ÍƒxƒXƒg8‚ÅIíB¬‡•¡‚Å’£–{’q˜a^‘“c‚Ğ‚È‚ª€—DŸ,https://news.yahoo.co.jp/articles/f459681b2ddf9af6870a22f3ab00b1716ec734dc,10/8(“ú) 12:45
worldtt,‘ì‹…‰¤‘,y‘ì‹…z“Œ‹•xm‘åŠw‚Ì’c‘Ìíƒ‰ƒXƒgƒ}ƒbƒ`BÂRŠw‰@‘å‚Æ‚Ì‘åŒƒí‚ğ§‚µA—LI‚Ì”ü‚ğü‚éI,https://news.yahoo.co.jp/articles/8e985a2f2ddbb120b58d9b042b667b21587ad0d1,10/7(“y) 22:14
worldtt,‘ì‹…‰¤‘,y‘ì‹…z“Œ‹•xm‘åE¼‘º‘ì“ñA’j‹ƒ‚«Buƒ‰ƒXƒg‚Ìã–ì‚Ì‡A‹ƒ‚¯‚Ä‚«‚½‚ævB‚»‚ê‚Í°‚ğ—h‚³‚Ô‚éŠïÕ“I‚ÈŸ—˜‚¾‚Á‚½,https://news.yahoo.co.jp/articles/b64f48d991a5ca496f96f14755357696706b5021,10/7(“y) 20:25
worldtt,‘ì‹…‰¤‘,y‘ì‹…z•W‚1500ƒ[ƒgƒ‹‚Ì‚’n‚ÅŠJÃ’†‚ÌWTTƒXƒ^[ƒRƒ“ƒeƒ“ƒ_[—–BBƒVƒ“ƒOƒ‹ƒX‚Å’£–{’q˜aE”ü˜aŒZ–…A–ØŒ´”ü—I‚ª€XŒˆŸ‚Ö,https://news.yahoo.co.jp/articles/f62e50c303ffa8ca0174fde84285e0b1daa874c6,10/7(“y) 11:55
worldtt,‘ì‹…‰¤‘,y‘ì‹…zWTTƒXƒ^[ƒRƒ“ƒeƒ“ƒ_[—–BA’£–{’q˜a^‘“c‚Ğ‚È‚ª€ŒˆŸioI,https://news.yahoo.co.jp/articles/95b35aa5949634d60535a50040893cdc4e00b46d,10/6(‹à) 12:12
worldtt,‘ì‹…‰¤‘,y‘ì‹…z²“¡“µA’£–{”ü˜a‚ªƒiƒVƒ‡ƒiƒ‹ƒ`[ƒ€“ü‚èB2023”N“xŒãŠú—qNTEJNT‚ª”­•\,https://news.yahoo.co.jp/articles/babf9a7c83c6565d25930fd1d0bb8766f8084cfd,10/4(…) 12:00
worldtt,‘ì‹…‰¤‘,y‘ì‹…zITTF‚ªÅV‚Ì¢ŠEƒ‰ƒ“ƒLƒ“ƒO‚ğ”­•\I,https://news.yahoo.co.jp/articles/8212d147037ec2b2e0047d0cad1933b22ff4923d,10/3(‰Î) 16:32
worldtt,‘ì‹…‰¤‘,y‘ì‹…zŒÜ—Ö‘Ilƒ|ƒCƒ“ƒg‚ÅA’£–{’q˜a‚Æ‘“c‚Ğ‚È‚ÌƒpƒŠŒÜ—Ö‚ÌƒVƒ“ƒOƒ‹ƒX‚Í‚Ù‚ÚŠmÀ,https://news.yahoo.co.jp/articles/c000d5d41ec7765b9b7282a752c704f78d06a19c,10/3(‰Î) 15:29
worldtt,‘ì‹…‰¤‘,y‘ì‹…z‘“c‚Ğ‚È‚Í700.5ƒ|ƒCƒ“ƒg‚ÉBƒpƒŠƒIƒŠƒ“ƒsƒbƒN‘Ilƒ|ƒCƒ“ƒgi10/2”­•\j,https://news.yahoo.co.jp/articles/e8ff6482a2818bea365920872c6708d5ac2ec798,10/2(Œ) 16:52
worldtt,‘ì‹…‰¤‘,yƒAƒWƒA‹£‹Z‘å‰ïE‘ì‹…‹£‹Zz’£–{^‘“c‚Í€XŒˆŸ‚Å’†‘ƒyƒA‚É”síBƒƒ_ƒ‹‚É‚Í“Í‚©‚¸,https://news.yahoo.co.jp/articles/01b225c7b37bb4a776c4cee18c2dab9c140a6512,9/29(‹à) 12:05
worldtt,‘ì‹…‰¤‘,yƒAƒWƒA‹£‹Z‘å‰ïE‘ì‹…‹£‹Zz“ú–{’jq‚Í€XŒˆŸ‚ÅƒCƒ‰ƒ“‚ÉƒXƒgƒŒ[ƒg•‰‚¯B—q‚ÍŒˆŸio‚ğŒˆ‚ß‚éB,https://news.yahoo.co.jp/articles/2d2e50d4ae446f18a01d3c4cb2821108d75ffb15,9/25(Œ) 15:18
worldtt,‘ì‹…‰¤‘,y‘ì‹…zITTF‚ªÅV‚Ì¢ŠEƒ‰ƒ“ƒLƒ“ƒO‚ğ”­•\I,https://news.yahoo.co.jp/articles/ca5e79f10696aae62b9ce32089c31d35c1aa29a0,9/20(…) 11:36
worldtt,‘ì‹…‰¤‘,y‘ì‹…zWTTƒ†[ƒXƒRƒ“ƒeƒ“ƒ_[ ƒoƒ“ƒRƒNAU17—qƒVƒ“ƒOƒ‹ƒX‚ÅãàVˆÇ‰¹‚ª—DŸI,https://news.yahoo.co.jp/articles/5317193a3f99506c43a8f2ffbce2f516a8b6319d,9/19(‰Î) 13:13
worldtt,‘ì‹…‰¤‘,y‘ì‹…zH‹GŠÖ“ŒŠw¶ƒŠ[ƒO’j—1•”‚ªI—¹B’jq‚Í“ú–{‘åA—q‚Í’†‰›‘å‚ª‚Æ‚à‚ÉtH˜A”e‚ğ’B¬,https://news.yahoo.co.jp/articles/74afd942107d77daa5145ab1da8da2452a16f3b3,9/15(‹à) 9:15
worldtt,‘ì‹…‰¤‘,y‘ì‹…zŠÖ“ŒŠw¶A“Œ‹•xm‘å‚ªƒŠ[ƒOÅIíB¼‘º‘ì“ñu—Ü‚Ío‚È‚¢‚æBÅŒã‚É‘å‚«‚Èd–‚ª‚ ‚é‚©‚çv,https://news.yahoo.co.jp/articles/0ddc44cd38b5938f549e836b613163d9e76fa247,9/14(–Ø) 17:40
worldtt,‘ì‹…‰¤‘,y‘ì‹…zITTF‚æ‚èÅV‚Ì¢ŠEƒ‰ƒ“ƒLƒ“ƒO‚ª”­•\I,https://news.yahoo.co.jp/articles/871de58d7428890132f5ab62418d8098ee08300d,9/12(‰Î) 14:50
worldtt,‘ì‹…‰¤‘,y‘ì‹…z“c’†—C‘¿‚ª50ƒ|ƒCƒ“ƒgƒAƒbƒvBƒpƒŠƒIƒŠƒ“ƒsƒbƒN‘Ilƒ|ƒCƒ“ƒgi9/10Œ»İj,https://news.yahoo.co.jp/articles/49aff29a71dc982d228bb92ad8deaf9a1b4b58b0,9/12(‰Î) 12:11
worldtt,‘ì‹…‰¤‘,y‘ì‹…zƒAƒWƒA‘IèŒ ‚Å‰¤‘^‹Ô‚ğŒ‚”jB¡A‘å’–Ú‚Ì“c’†—C‘¿‚ÉƒCƒ“ƒ^ƒrƒ…[,https://news.yahoo.co.jp/articles/1e997050542531ee8ad1a1a23e6bd91887beacb1,9/12(‰Î) 6:36
worldtt,‘ì‹…‰¤‘,y‘ì‹…zWTTƒtƒB[ƒ_[ ƒoƒ“ƒRƒN‘å‰ï‚ÅA‹g‘º^°AX‚³‚­‚ç‚ª—DŸI,https://news.yahoo.co.jp/articles/c18bf4e99c1cd836dffd08cfeccfeee0f82f128a,9/11(Œ) 12:12
worldtt,‘ì‹…‰¤‘,ƒAƒWƒA‘IèŒ ÅI“úA’jq‚Í”n—´‚ª10”N‚Ô‚è4“x–Ú‚Ì—DŸB—qƒ_ƒuƒ‹ƒX‚ÍW‚İ‚ä‚¤‚ª3ˆÊ,https://news.yahoo.co.jp/articles/a0f23fc9650d9f0ce7d392b0c4fb5169089c3762,9/11(Œ) 11:40
worldtt,‘ì‹…‰¤‘,ƒAƒWƒA‘IèŒ A’j—ƒVƒ“ƒOƒ‹ƒX‚Í“c’†—C‘¿A‘“c‚Ğ‚ÈAˆÉ“¡”ü½‚ªƒxƒXƒg8‚ÅI‚í‚é‚àAƒpƒŠŒÜ—Ö‘Ilƒ|ƒCƒ“ƒg‚Ì‡ˆÊ‚É•Ï“®‚ ‚è,https://news.yahoo.co.jp/articles/4d71e8143238f220bdb07ac33dfbcfb78095df3e,9/10(“ú) 10:59
worldtt,‘ì‹…‰¤‘,y‘ì‹…zITTF‚æ‚èÅV‚Ì¢ŠEƒ‰ƒ“ƒLƒ“ƒO‚ª”­•\,https://news.yahoo.co.jp/articles/c25c0e8015ce90e59b8bcf559192dd9859416427,9/6(…) 10:16
worldtt,‘ì‹…‰¤‘,yƒpƒ‰‘ì‹…zƒWƒƒƒpƒ“ƒpƒ‰ƒI[ƒvƒ“2023A“ú–{¨‚Í‹àƒƒ_ƒ‹7ŒÂŠl“¾B”¥R‚ÍOŠ¥‚É‹P‚­,https://news.yahoo.co.jp/articles/3fc97aa86060b783fffb473dc589f012a1ae3516,9/5(‰Î) 18:23
worldtt,‘ì‹…‰¤‘,y‘ì‹…z5‘«‚Ìƒƒ‰ƒW’jB‘ì‹…‚Æ‚¢‚¤“_‚ğü‚Å‚Â‚È‚®X‰’­’u‚İ‚ñ‚È‚ªƒnƒbƒs[‚É‚È‚é‘ì‹…ŠE‚ğì‚Á‚Ä‚¢‚«‚½‚¢v,https://news.yahoo.co.jp/articles/62d9b44259a40dfc2464a6d9f39c4b716d4e556b,9/5(‰Î) 17:56
worldtt,‘ì‹…‰¤‘,y‘ì‹…z‘“c‚Ğ‚È‚ª600ƒ|ƒCƒ“ƒg‰z‚¦B2024ƒpƒŠƒIƒŠƒ“ƒsƒbƒN‘Ilƒ|ƒCƒ“ƒgŠl“¾ó‹µi8/31Œ»İj,https://news.yahoo.co.jp/articles/83f2ab9a672b796af5f1ec044783ad809834ec98,8/31(–Ø) 15:14
worldtt,‘ì‹…‰¤‘,y‘ì‹…zÁ‚¦‚é–¼–å‘ì‹…•”‚ÆÁ‚¦‚È‚¢‰hŒõB“Œ‹•xm‘å‚Ìƒ‰ƒXƒgƒXƒe[ƒWB¼‘º‘ì“ñ‚ÌÅŒã‚ÌÑ”z,https://news.yahoo.co.jp/articles/eebebd7e6371bec4005153149a83819b8b6b4635,8/31(–Ø) 12:40
worldtt,‘ì‹…‰¤‘,y‘ì‹…z‘“c‚Ğ‚È‚ªTƒŠ[ƒO¡‹G‰Qí‚Å2“_æ‚èB‹“s‚ÍÉ”s‚·‚é‚à‘Ò–]‚ÌŸ‚¿“_‚ğŠl“¾,https://news.yahoo.co.jp/articles/d68db05f2a79b072e8b10181d68e31f725ce05b3,8/31(–Ø) 10:50
worldtt,‘ì‹…‰¤‘,y‘ì‹…zITTF‚ª¬‡’c‘Ìƒ[ƒ‹ƒhƒJƒbƒv‚ğ12Œ‚ÉŠJÃ‚·‚é‚Æ”­•\BŠÖŒWÒ‚ÉL‚ª‚é”g–ä,https://news.yahoo.co.jp/articles/b016da549bdf858384f00c09973257f9aa63c242,8/30(…) 14:29
worldtt,‘ì‹…‰¤‘,y‘ì‹…zITTF‚æ‚èÅV‚Ì¢ŠEƒ‰ƒ“ƒLƒ“ƒO‚ª”­•\I,https://news.yahoo.co.jp/articles/2ad9dca71e4a21621d6740f28073ff7fd50f6510,8/29(‰Î) 11:45
worldtt,‘ì‹…‰¤‘,y‘ì‹…zTƒŠ[ƒO3‡‚Ìƒ|ƒCƒ“ƒg‚ª’Ç‰Á‚à‡ˆÊ‚É•Ï“®‚Í‚È‚µB2024ƒpƒŠƒIƒŠƒ“ƒsƒbƒN‘Ilƒ|ƒCƒ“ƒgŠl“¾ó‹µi8/27Œ»İj,https://news.yahoo.co.jp/articles/e3a3509192101e02f8f2423d75c203b59ef18d4f,8/28(Œ) 16:37
worldtt,‘ì‹…‰¤‘,y‘ì‹…zWTTƒtƒB[ƒ_[ ƒIƒƒ‚ƒEƒcA’†‘¨‚ª4í–Ú‚Å‘ÕŠ¥BƒVƒ“ƒOƒ‹ƒX‚ÍƒŠƒ“ƒh‚Æ’ÂƒC‚ª—DŸ,https://news.yahoo.co.jp/articles/0e734f8ae17a833699d81550bd90ae1855ed4566,8/28(Œ) 11:54
worldtt,‘ì‹…‰¤‘,y‘S’†‘ì‹…zu’§íÒ‚Ì‹C‚¿‚Å—Õ‚İ‚Ü‚µ‚½v“n•”–¯l‚ª’jqƒVƒ“ƒOƒ‹ƒX‚ğ§‚·I,https://news.yahoo.co.jp/articles/2efb551f68adf8fa3efa22bd691938ef0f84dfb0,8/28(Œ) 0:24
worldtt,‘ì‹…‰¤‘,y‘S’†‘ì‹…z’|’J”ü—Á‚ª‰—DŸBu‹ê‚µ‚­“¦‚°‚½‚©‚Á‚½‚¯‚ÇAŠF‚ª‰‰‡‚µ‚Ä‚­‚ê‚Ä’ú‚ß‚½‚çƒ_ƒ‚¾‚Æv‚Á‚½vi—qƒVƒ“ƒOƒ‹ƒXj,https://news.yahoo.co.jp/articles/77b83216c85ab8fa752a60f8752744c96b450701,8/26(“y) 12:35
worldtt,‘ì‹…‰¤‘,y‘S’†‘ì‹…zˆ¤H‘å–¼“d‚ª‰¤À’DŠÒB–ì“cŠw‰€‚Æ‚Ì‘åŒƒí‚ğ§‚·i’jq’c‘ÌŒˆŸj,https://news.yahoo.co.jp/articles/f7fd51c4b7c3c5835576d38f0e7a716271c6c45f,8/25(‹à) 21:31
worldtt,‘ì‹…‰¤‘,y‘ì‹…zTOTOŠ”®‰ïĞ‚ªuÎì‰Àƒ‚³‚ñ Š´Ó‚Ì‰ïv‚ğ“Œ‹xĞ‚ÅŠJÃ,https://news.yahoo.co.jp/articles/44790ea73d1a1ce321056cd660a8a50faa8ded7f,8/25(‹à) 21:22
worldtt,‘ì‹…‰¤‘,y‘S’†‘ì‹…z—q’c‘Ì‚Í¯Ê‚ª‰oê‰VI ”j’|‚Ì¨‚¢‚Å‹­‹Z‚ğ˜A”j,https://news.yahoo.co.jp/articles/d113bfe1f84b253918cd85c76212dad3b89f8f58,8/25(‹à) 20:40
worldtt,‘ì‹…‰¤‘,y‘ì‹…zu100ü”Nv‚Ì¢ŠE‘ì‹…A2026”N‘å‰ï‚ÌŠJÃ’n‚Í‘æ1‰ñ‘å‰ïŠJÃ‚Ìƒƒ“ƒhƒ“‚ÉŒˆ’è,https://news.yahoo.co.jp/articles/eb6eae919c6521f645ea90042ea15418bd103581,8/25(‹à) 11:02
worldtt,‘ì‹…‰¤‘,y‘S’†‘ì‹…z—qƒVƒ“ƒOƒ‹ƒXƒxƒXƒg8‚ªŒˆ’èB’|’JAîàXA¬‰–‚ç‚ªŸ‚¿ã‚ª‚é,https://news.yahoo.co.jp/articles/c31103a12d26bddaef50a71d5ce5acfa763dce99,8/25(‹à) 10:42
worldtt,‘ì‹…‰¤‘,y‘S’†‘ì‹…z’nŒ³E–¾“¿‹`m‚ÌíÉ–{‚ª€XŒˆŸioB’jqƒVƒ“ƒOƒ‹ƒXƒxƒXƒg8‚ªŒˆ’è,https://news.yahoo.co.jp/articles/bbb008c5fdae37667c55e71e6294609c77a3e742,8/25(‹à) 10:20
worldtt,‘ì‹…‰¤‘,y‘S’†‘ì‹…z—q’c‘Ì€ŒˆŸ‚Í‰v“cvs.¯ÊA’†ŠÔ“Œvs.l“V‰¤›B¯Ê‚ª–¾“¿‹`m‚ÆŠL’Ë“ñ‚ğ˜A”j,https://news.yahoo.co.jp/articles/d29d831a31d38343ee37977a5170b1e919b20f9f,8/24(–Ø) 15:37
worldtt,‘ì‹…‰¤‘,y‘S’†‘ì‹…z’jq’c‘ÌƒxƒXƒg4‚ªŒˆ’èB–ì“cŠw‰€Aˆ¤H‘å–¼“dA’†ŠÔ“ŒA–¾“¿‹`m‚ª€ŒˆŸio,https://news.yahoo.co.jp/articles/20d71ba3fbeaee0d138f6b0cf068b13f1252a1f8,8/24(–Ø) 15:08
worldtt,‘ì‹…‰¤‘,y‘S’†‘ì‹…z‚’m‘å•‘®’†‚ª‰oê‚ÅŸ—˜‚ğ‚Â‚©‚ŞB‚’mˆ®’†‚à1ˆÊ’Ê‰ß‚ÖŒãˆê•àB’c‘Ìí‘æ1ƒXƒe[ƒW,https://news.yahoo.co.jp/articles/23a543380f2644080e74bc856ec6d7a055a038e2,8/24(–Ø) 12:26
worldtt,‘ì‹…‰¤‘,y‘S’†‘ì‹…zğ”N—q3ˆÊ‚ÌR—zŠw‰€‚Í•‘ –ì‚ÉÉ”sB’c‘Ìí‘æ1ƒXƒe[ƒW,https://news.yahoo.co.jp/articles/bbc98487d1f589568ee9c037112f58dd65319a85,8/24(–Ø) 12:04
worldtt,‘ì‹…‰¤‘,y‘ì‹…z‘Ò–]‚Ì‘Î’k‚ªÀŒ»!! ’q˜a‚Æ”ü˜aB‚«‚å‚¤‚¾‚¢‚ÅŠ‚¦‚½‚¢–²‚Æ‚Í,https://news.yahoo.co.jp/articles/dddf0e228672405aa685ef42c2c7a7588be9eef6,8/24(–Ø) 9:50
worldtt,‘ì‹…‰¤‘,y‘ì‹…zITTF‚æ‚èÅV‚Ì¢ŠEƒ‰ƒ“ƒLƒ“ƒO‚ª”­•\I,https://news.yahoo.co.jp/articles/9d8e4102a076c0ebe5b39dabfbf4f3c09e7999be,8/22(‰Î) 12:32
worldtt,‘ì‹…‰¤‘,y‘ì‹…z—‘z‚Ì’nˆæ–§’…BTƒŠ[ƒO‚Ì‹à‘òƒ|[ƒg‚ªŒ©‚¹‚½u‚¨‚ç‚ªÎì‚Ìƒ`[ƒ€v,https://news.yahoo.co.jp/articles/d6b89455ac21fb5bc7758a64fa2c5e4345ffce48,8/22(‰Î) 11:40
worldtt,‘ì‹…‰¤‘,y‘ì‹…zÎì‰ÀƒuŒÀŠE‚Í©•ª‚ªì‚Á‚Ä‚¢‚é‚¾‚¯‚È‚Ì‚Å‚·B’§í‚ğ‘±‚¯‚Ä‚¢‚­‚Æ”j‚ê‚È‚¢‚Æv‚Á‚½ŒÀŠE‚ğ“Ë”j‚Å‚«‚Ü‚·v,https://news.yahoo.co.jp/articles/d0b1e3b2e6294256a8f1ff2011b44932a3f0d077,8/22(‰Î) 11:12
worldtt,‘ì‹…‰¤‘,y‘ì‹…z8/19A20ŠJÃTƒŠ[ƒO‚Å‚ÌŸ—˜ƒ|ƒCƒ“ƒg‚ª’Ç‰ÁB2024ƒpƒŠƒIƒŠƒ“ƒsƒbƒN‘Ilƒ|ƒCƒ“ƒgŠl“¾ó‹µi8/21Œ»İj,https://news.yahoo.co.jp/articles/d252f8c5e95d003319269a5c21ffeb8d3caca974,8/21(Œ) 16:33
worldtt,‘ì‹…‰¤‘,y‘ì‹…z2024ƒpƒŠƒIƒŠƒ“ƒsƒbƒN‘Ilƒ|ƒCƒ“ƒgŠl“¾ó‹µi8/16Œ»İj,https://news.yahoo.co.jp/articles/0a8821cbc4267df5d3a13da5a19af6819d87b1d2,8/16(…) 12:39
worldtt,‘ì‹…‰¤‘,y‘ì‹…zITTF‚æ‚èÅV‚Ì¢ŠEƒ‰ƒ“ƒLƒ“ƒO‚ª”­•\B‘“c‚Ğ‚ÈA¼“‡‹P‹ó‚ç‚ªƒ‰ƒ“ƒNƒAƒbƒvI,https://news.yahoo.co.jp/articles/2bf22e5bb01b7706d82c4e85bca23fe3c8220fbc,8/15(‰Î) 14:52
worldtt,‘ì‹…‰¤‘,y‘ì‹…z‘æ41‰ñƒ[ƒg»–ò”t‘S‘ƒz[ƒvƒX‘ì‹…‘å‰ï‚ªI—¹B’jq‚Íƒtƒ@[ƒXƒg‘ì‹…ƒXƒN[ƒ‹A—q‚Íƒ}ƒCƒ_ƒX‚ª‚Æ‚à‚É‰—DŸ,https://news.yahoo.co.jp/articles/c2fe3d99cb36156f763e295cb1170a88b09a0bb0,8/14(Œ) 13:53
worldtt,‘ì‹…‰¤‘,WTTƒRƒ“ƒeƒ“ƒ_[ ƒŠƒIƒfƒWƒƒƒlƒCƒ‚Å‘“c‚Ğ‚È‚ª—DŸI16Î‚Ì¼“‡‹P‹ó‚Íƒtƒ@ƒ‹ƒN‚É”s‚ê‚é‚à”ò–ô‚Ì€V,https://news.yahoo.co.jp/articles/31a38117a663b067cab2f01c1ed830dc35a68b71,8/14(Œ) 12:10
worldtt,‘ì‹…‰¤‘,y‘ì‹…z3Š¥‚É‚ ‚Æˆê•àBŠ´“®“I‚ÈƒJƒEƒ“ƒ^[˜A‘Å‚Ì”‹Œ´Œ[Š‚ÍA‚³‚ç‚È‚é¬’·‚ğ¾‚¤BƒCƒ“ƒ^[ƒnƒC’jqƒVƒ“ƒOƒ‹ƒX,https://news.yahoo.co.jp/articles/98a9430e303f9e04240ea87586876cb548f6cc82,8/13(“ú) 18:33
worldtt,‘ì‹…‰¤‘,y‘ì‹…z–À‚í‚¸U‚è”²‚¢‚½ƒoƒbƒNƒnƒ“ƒhBO–Ø”¹A‘S‘‘å‰ï‰‚ÌŒˆŸ‚Å’¸“_‚ğ‹É‚ß‚éI ƒCƒ“ƒ^[ƒnƒC’jqƒVƒ“ƒOƒ‹ƒX,https://news.yahoo.co.jp/articles/b6a91602934a3e6344675eaa353f1b4510903cf5,8/13(“ú) 18:13
worldtt,‘ì‹…‰¤‘,y‘ì‹…z1”N¶ƒCƒ“ƒnƒC—‰¤’a¶I ‹­‹C‚ğŠÑ‚¢‚½Â–Øç’q‚ª“{““‚Ì¨‚¢‚Å’¸“_‚Ö,https://news.yahoo.co.jp/articles/d57787e5607ae06095dde6bda1adfb1e80497dd8,8/13(“ú) 16:33
worldtt,‘ì‹…‰¤‘,y‘ì‹…zO–Øi–ì“cŠw‰€jAÂ–Øil“V‰¤›j‚ª—DŸBƒCƒ“ƒ^[ƒnƒC’j—ƒVƒ“ƒOƒ‹ƒX,https://news.yahoo.co.jp/articles/47f94c8fcb61c5b4b82542d72964da70b95ece29,8/13(“ú) 14:40
worldtt,‘ì‹…‰¤‘,y‘ì‹…z—ˆ”N‚àŒ©‚·‚¦A‘O”¼‚Íu1E2”N¶‚Å‚¢‚Á‚Ä‚İ‚æ‚¤IvBƒCƒ“ƒnƒC7˜A”e‚ÌƒƒCƒfƒ“A‚±‚ê‚ª‰¤Ò‚Ì’ê—Í,https://news.yahoo.co.jp/articles/8b5ce62d1327cd2494add8bf9b85259fb0c1c259,8/13(“ú) 11:44
worldtt,‘ì‹…‰¤‘,y‘ì‹…zƒˆƒ“ƒeƒ“–³‘oI ˆ³Šª‚ÌŠ®ŸŒ€‚ÅƒCƒ“ƒ^[ƒnƒC10˜A”e‚ÌˆÌ‹Æ‚ğ’B¬‚µ‚½l“V‰¤›,https://news.yahoo.co.jp/articles/78a8727bc2ef15966fe77e42ea0faa4ec30e7fcc,8/13(“ú) 11:00
worldtt,‘ì‹…‰¤‘,y‘ì‹…z’jq‚Íˆ¤H‘å–¼“dE–ì“cŠw‰€A—q‚Í‘åãEˆ¤’m¨‚ªãˆÊ‚ğè‚ß‚éB’j—ƒVƒ“ƒOƒ‹ƒXƒxƒXƒg8‚ªŒˆ’è,https://news.yahoo.co.jp/articles/fb11d8f812f5b72ca9b17aca10daf3229f5c0623,8/12(“y) 19:52
worldtt,‘ì‹…‰¤‘,y‘ì‹…z—q‚Íl“V‰¤›‚ª10˜A”eA’jq‚Íˆ¤H‘å–¼“d‚ª7˜A”eBƒCƒ“ƒ^[ƒnƒCŠwZ‘ÎRŒˆŸ,https://news.yahoo.co.jp/articles/ceda6141b61e9563f55af273079137bda814e2d1,8/12(“y) 18:54
worldtt,‘ì‹…‰¤‘,y‘ì‹…z2‘å‰ï˜A‘±3ˆÊ‚Í’n—Í‚ÌØ–¾BƒX[ƒp[ƒ‹[ƒL[‚ª‰Á‚í‚Á‚½ˆç‰p‚Í¡”N‚à‹­‚©‚Á‚½BƒCƒ“ƒ^[ƒnƒC’jqŠwZ‘ÎR€ŒˆŸ,https://news.yahoo.co.jp/articles/12b85f455184ac147650a59d6c58136060b9c6dd,8/12(“y) 12:21
worldtt,‘ì‹…‰¤‘,y‘ì‹…z‰¤ÒE–¼“d‚ğ’Ç‚¢‹l‚ß‚½B“Æ©‚ÌƒXƒ^ƒCƒ‹‚ğ’z‚­o‰_–k—ËA‘¶İŠ´‚ğŒ©‚¹‚éBƒCƒ“ƒ^[ƒnƒC’jqŠwZ‘ÎR€ŒˆŸ,https://news.yahoo.co.jp/articles/e7cb8a873265e5c8e2c80a7d12761390fd3f5c50,8/12(“y) 11:57
worldtt,‘ì‹…‰¤‘,y‘ì‹…z’jqƒ_ƒuƒ‹ƒX—DŸ‚Í’†‘ºàŠ˜a^”‹Œ´Œ[ŠA¶˜rƒyƒA‚Ì—Fî‚Å‹‡’n‚ğ’E‚·I ƒCƒ“ƒ^[ƒnƒC’jqƒ_ƒuƒ‹ƒX‚ÌŒ‹‰Ê,https://news.yahoo.co.jp/articles/db2549307225e79b253a59e1777c2d54a750b9bf,8/12(“y) 11:18
worldtt,‘ì‹…‰¤‘,y‘ì‹…z—qƒ_ƒuƒ‹ƒX‚Íˆ¤’m‘ÎŒˆBˆ¤‚İ‘å•äƒyƒA‚ª÷‹uƒyƒA‚ğ‰º‚µ—DŸBƒCƒ“ƒ^[ƒnƒC—qƒ_ƒuƒ‹ƒXŒ‹‰Ê,https://news.yahoo.co.jp/articles/6a599b7fa3781d4ee9730957f44a23437a3099d6,8/12(“y) 10:55
worldtt,‘ì‹…‰¤‘,y‘ì‹…zƒCƒ“ƒnƒCŠwZ‘ÎRA’j—€ŒˆŸ‚ªI—¹Bˆ¤H‘å–¼“dAl“V‰¤›‚Í˜A”e‚É’§‚Ş,https://news.yahoo.co.jp/articles/4cfce1777ba30639a00b31ac8f3ab72fdee0de0c,8/11(‹à) 16:54
worldtt,‘ì‹…‰¤‘,y‘ì‹…zƒCƒ“ƒnƒC€ŒˆŸ‚Å‘I”²—DŸ‚Ì–ì“cŠw‰€‚ğ”j‚Á‚½–¾–LBŠÛŠ ‚èŒR’c‚ªŠwZ‘ÎR‚Å‘å–\‚êI,https://news.yahoo.co.jp/articles/be831adf51c4d9457bec08c8fb84a817f866c0d3,8/11(‹à) 16:18
worldtt,‘ì‹…‰¤‘,y‘ì‹…zƒCƒ“ƒnƒC ’j—ƒ_ƒuƒ‹ƒXƒxƒXƒg16‚ªŒˆ’èBƒ_ƒuƒ‹ƒX3‰ñí‚ÌŒ‹‰ÊA4‰ñí‘g‚İ‡‚í‚¹,https://news.yahoo.co.jp/articles/09ed5d0739edcc23e4effb08b4c79bce47811f57,8/11(‹à) 12:24
worldtt,‘ì‹…‰¤‘,y‘ì‹…z’j—ŠwZ‘ÎRƒxƒXƒg4‚ªo‘µ‚¤B–¾–L‚Í‘O‰ñ€V–ì“cŠw‰€‚ÉŸ—˜B8Œ10“ú‚Ì‡Œ‹‰Ê,https://news.yahoo.co.jp/articles/d2a1ef21e10f6de186370b5567a6602c5fe4e2e1,8/11(‹à) 10:38
worldtt,‘ì‹…‰¤‘,y‘ì‹…z¬Šw¶‘ã‚©‚ç‚Ì‹³‚¦q‚½‚¿‚ÆƒCƒ“ƒnƒC‚ÖB”ŸŠÙ‘å’JA‘n•”6”N‚Å‚Â‚©‚ñ‚¾‰ŠwZ‘ÎR,https://news.yahoo.co.jp/articles/cdfc6fb8e75c1c622a0913ed745c1811d0c9f72f,8/10(–Ø) 11:32
worldtt,‘ì‹…‰¤‘,y‘ì‹…z“ú–{Å“ì‚©‚çÅ–k‚ÖB‰oê‚Ì’j—‰«“ê‘ã•\A–k‚Ì‘‚Å‚ÌƒCƒ“ƒnƒC‰w,https://news.yahoo.co.jp/articles/8505433109e10f4c945ba50fa0d3e914e195aeaf,8/10(–Ø) 11:00
worldtt,‘ì‹…‰¤‘,y‘ì‹…z–k‰È‘å‚ª‰õŸ‚Å3‰ñí‚ÖioAD–y‘å’J‚Íæ§“_‚à–³”O‚Ì‹t“]•‰‚¯B’nŒ³E–kŠC“¹ƒ`ƒƒƒ“ƒsƒIƒ“‚Ìí‚¢‚Ô‚è,https://news.yahoo.co.jp/articles/94a6bcf09ce556438808afc8d00be91f11ac8e60,8/10(–Ø) 9:35
worldtt,‘ì‹…‰¤‘,y‘ì‹…zğ”N‰¤Ò‚Ìˆ¤H‘å–¼“dEl“V‰¤›‚ÍD”­iBƒCƒ“ƒ^[ƒnƒC’j—ŠwZ‘ÎR 2‰ñí‚Ü‚Å,https://news.yahoo.co.jp/articles/4e428fc79adc1559f6babcce7f39cfbe73886bee,8/9(…) 19:35
worldtt,‘ì‹…‰¤‘,y‘ì‹…zÂ’Ë‚ª1ƒ|ƒCƒ“ƒg·‚Å3ˆÊ‚É•‚ãB2024ƒpƒŠƒIƒŠƒ“ƒsƒbƒN‘Ilƒ|ƒCƒ“ƒgŠl“¾ó‹µi8/7Œ»İj,https://news.yahoo.co.jp/articles/c632193598fbef6c1a5fc45baf1c8ac70265e494,8/9(…) 17:15
worldtt,‘ì‹…‰¤‘,y‘ì‹…zƒCƒ“ƒnƒC—qƒVƒ“ƒOƒ‹ƒX“W–]BƒqƒƒCƒ“‘ˆ‚¢‚Í–{–½•sİ‚Ì¬í–Í—lH 1”N¶‚É‚à—L–]Š”‚ª‘µ‚¤,https://news.yahoo.co.jp/articles/7effb130d8c6fec12ec4f4a6a02785c8ecfba511,8/9(…) 10:30
worldtt,‘ì‹…‰¤‘,y‘ì‹…zƒCƒ“ƒnƒC’jqƒVƒ“ƒOƒ‹ƒX“W–]BŒÂlí‚à–¼“dvs.–ì“c? ¶˜r‚ÌÀ—ÍÒ‚½‚¿‚ª—DŸíü‚ğƒŠ[ƒh,https://news.yahoo.co.jp/articles/bb2867b699253bd98427a0ef504dabd93ca90d98,8/9(…) 9:24
worldtt,‘ì‹…‰¤‘,y‘ì‹…z36”N‚Ô‚è‚Ì–kŠC“¹ŠJÃAƒCƒ“ƒ^[ƒnƒC‘ì‹…‹£‹Z‚ªŠJ–‹I,https://news.yahoo.co.jp/articles/26dd28a612d43d1388e7fbfd294f0def05c9cd2d,8/8(‰Î) 20:07
worldtt,‘ì‹…‰¤‘,y‘ì‹…zƒCƒ“ƒnƒC—qŠwZ‘ÎR“W–]Bà•—ó‚È‚é‘åã—\‘I‚ğæ‚è‰z‚¦‚½l“V‚ª10˜A”e‚É’§‚Ş,https://news.yahoo.co.jp/articles/3c8cdd3cb0c3e31a4bd6afe3d0b7a6b3e5d424c9,8/8(‰Î) 17:01
worldtt,‘ì‹…‰¤‘,y‘ì‹…zƒCƒ“ƒ^[ƒnƒC’jqŠwZ‘ÎR“W–]B‘O‰ñ‰¤ÒEˆ¤H‘å–¼“d‚Æ‘I”²VE–ì“cŠw‰€A2‹­‚ª¡‰Ä‚àVíü‚ğƒŠ[ƒh,https://news.yahoo.co.jp/articles/b7cf979c3ff0a1bae6f2555ce6698c8924c1c5a3,8/8(‰Î) 14:00
worldtt,‘ì‹…‰¤‘,y‘ì‹…zWTTƒRƒ“ƒeƒ“ƒ_[ƒŠƒ}A’jq’P‚ÍƒtƒŒƒCƒ^ƒX‚ªWTT‰VA—q‚Í\—T•k‚ª“ñŠ¥‚ğ’B¬,https://news.yahoo.co.jp/articles/e7671ed205b724a398b0b4d6847cb9fd46a2bdb8,8/7(Œ) 11:24
worldtt,‘ì‹…‰¤‘,y‘ì‹…z’nŒ³–kŠC“¹¨‚ÌŠˆ–ô‚â‚¢‚©‚ÉBƒCƒ“ƒnƒCŠwZ‘ÎRoêZEƒVƒ“ƒOƒ‹ƒX—\‘I—DŸÒi–kŠC“¹E“Œ–k•Òj,https://news.yahoo.co.jp/articles/5d4b9cf2c92802371461a5d144d1453b4b002f4d,8/6(“ú) 16:00
worldtt,‘ì‹…‰¤‘,y‘ì‹…z—qãˆÊŒó•â‚ªŠç‚ğ‘µ‚¦‚éŠÖ“ŒƒuƒƒbƒNBƒCƒ“ƒnƒCŠwZ‘ÎRoêZEƒVƒ“ƒOƒ‹ƒX—\‘I—DŸÒiŠÖ“Œ•Òj,https://news.yahoo.co.jp/articles/fdb618e4b59bdbb91acf0f0f7579478d47bfa866,8/6(“ú) 7:05
worldtt,‘ì‹…‰¤‘,y‘ì‹…z‘ì‹…ŠE‰Bˆø‘Ş‚Æ“¯‚É‰i‹v•Û‘¶”Å‚ª”­Š§BwKASUMIx‚Í‚±‚¤‚µ‚Äì‚ç‚ê‚½,https://news.yahoo.co.jp/articles/5155666903597027c727e3dc34b5beb8f429eb11,8/5(“y) 19:33
worldtt,‘ì‹…‰¤‘,y‘ì‹…zu‚¨‚Î‚ ‚¿‚á‚ñv‚ÍWTT‚Ìƒ`ƒƒƒ“ƒsƒIƒ“BŠÒ—ï‚ğŒ}‚¦A‘·‚à‚¢‚é˜â‰Ä˜@‚Ì—E–ôu‘ì‹…‚É‚Í‚Æ‚Ä‚àŠ´Ó‚µ‚Ä‚¢‚év,https://news.yahoo.co.jp/articles/c3887a7481b31d90c7616eb6a579c50afc188c28,8/5(“y) 18:49
worldtt,‘ì‹…‰¤‘,y‘ì‹…zFISUƒ[ƒ‹ƒhƒ†ƒjƒo[ƒVƒeƒBƒQ[ƒ€ƒY‘ì‹…‹£‹ZAoàVˆÇ‰À‚ª—qƒVƒ“ƒOƒ‹ƒX‚Å‹âƒƒ_ƒ‹‚ğŠl“¾I,https://news.yahoo.co.jp/articles/0d8e9f92ad7a894a7565d9c3045d135e19eabf3b,8/5(“y) 16:52
worldtt,‘ì‹…‰¤‘,y‘ì‹…z—VŠwŠÙ‚Í’j—‘µ‚Á‚ÄãˆÊio‚ğ–Úw‚·BƒCƒ“ƒnƒCŠwZ‘ÎRoêZEƒVƒ“ƒOƒ‹ƒX—\‘I—DŸÒi–kM‰z•Òj,https://news.yahoo.co.jp/articles/10fc82cb1330655a5eca17630e575d1f6c6618b3,8/5(“y) 16:00
worldtt,‘ì‹…‰¤‘,y‘ì‹…z˜A”e‚ğ‘_‚¤ˆ¤H‘å–¼“dBƒCƒ“ƒnƒCŠwZ‘ÎRoêZEƒVƒ“ƒOƒ‹ƒX—\‘I—DŸÒi“ŒŠC•Òj,https://news.yahoo.co.jp/articles/2c95ff144b3d93e170c222aa22d79d56b87abc2c,8/5(“y) 7:05
worldtt,‘ì‹…‰¤‘,y‘ì‹…zl“V‰¤›‚Í—q10˜A”e‚È‚é‚©BƒCƒ“ƒnƒCŠwZ‘ÎRoêZEƒVƒ“ƒOƒ‹ƒX—\‘I—DŸÒi‹ß‹E•Òj,https://news.yahoo.co.jp/articles/3a0e19fc2e4fd10b1ea64bf6f2414d6b3c0bb280,8/4(‹à) 16:00
worldtt,‘ì‹…‰¤‘,y‘ì‹…zÃ‰ªA‰w‚ğŸ—˜‚Åü‚ê‚é‚©!? TƒŠ[ƒO8/5Še‡ƒxƒ“ƒ`“ü‚èƒƒ“ƒo[,https://news.yahoo.co.jp/articles/2b73313cd469a758466d79d50e2e98b6582947f7,8/4(‹à) 15:19
worldtt,‘ì‹…‰¤‘,y‘ì‹…z‘I”²—DŸE–ì“cŠw‰€A‘_‚¤‚Í‰—DŸBƒCƒ“ƒnƒCŠwZ‘ÎRoêZEƒVƒ“ƒOƒ‹ƒX—\‘I—DŸÒi’†‘•Òj,https://news.yahoo.co.jp/articles/efe63e3907cb5c1047760f568d18a932dbc02a79,8/4(‹à) 7:04
worldtt,‘ì‹…‰¤‘,y‘ì‹…z–¾“¿‹`m‚Í’j—‚Æ‚à‚É˜A‘±oêBƒCƒ“ƒnƒCŠwZ‘ÎRoêZEƒVƒ“ƒOƒ‹ƒX—\‘I—DŸÒil‘•Òj,https://news.yahoo.co.jp/articles/fc6510ee529da5f1573cd2fd964f2b875170ac1b,8/3(–Ø) 16:00
worldtt,‘ì‹…‰¤‘,y‘ì‹…z‰«“ê‚Í’j—‚Æ‚à‚É‰oêBƒCƒ“ƒnƒCŠwZ‘ÎRoêZEƒVƒ“ƒOƒ‹ƒX—\‘I—DŸÒi‹ãBE‰«“ê•Òj,https://news.yahoo.co.jp/articles/260159d0b09a04fc5e88d2b57257715aabf0b3f7,8/3(–Ø) 7:06
worldtt,‘ì‹…‰¤‘,y‘ì‹…z’£–{’q˜a‚ª3ƒ|ƒCƒ“ƒg’Ç‰ÁB2024ƒpƒŠƒIƒŠƒ“ƒsƒbƒN‘Ilƒ|ƒCƒ“ƒgŠl“¾ó‹µi8/1Œ»İj,https://news.yahoo.co.jp/articles/c35367428d9c5cf3e6d971e8d6b2d92d42f08405,8/2(…) 13:23
worldtt,‘ì‹…‰¤‘,y‘ì‹…zITTF‚æ‚èÅV‚Ì¢ŠEƒ‰ƒ“ƒLƒ“ƒO‚ª”­•\BˆÀÉŒ«A˜â‰Ä˜@‚ç‚ªƒ‰ƒ“ƒNƒAƒbƒv,https://news.yahoo.co.jp/articles/94c29d6b1cc698fd16473db2d1cbd8d096876acb,8/1(‰Î) 11:38
worldtt,‘ì‹…‰¤‘,y‘ì‹…zWTTƒtƒB[ƒ_[ ƒnƒr[ƒWƒ‡ƒtA’jq‚ÍˆÀÉŒ«A—q‚Í60Î‚Ì‘åƒxƒeƒ‰ƒ“E˜â‰Ä˜@‚ª‰hŠ¥,https://news.yahoo.co.jp/articles/351565f83bda01c27888138426ca69389a5b8a1f,7/31(Œ) 12:04
worldtt,‘ì‹…‰¤‘,y‘ì‹…zTƒŠ[ƒOŠJ–‹íA’£–{’q˜a‚ÌSg‚Ì[ÀB‘IlƒŒ[ƒX‚Å“Æ‘–A‚³‚ç‚È‚é‚‚İ‚Ö¾‹ì,https://news.yahoo.co.jp/articles/87b3d2d9c3cf4fc2c8ce319e4dadfc1712453951,7/30(“ú) 8:26
worldtt,‘ì‹…‰¤‘,y‘ì‹…z’£–{’q˜aAÂ’Ë‘å“oA—Ñí²ò‚ç‚ªƒxƒ“ƒ`“ü‚èB‚¢‚æ‚¢‚æ–¾“úŠJ–‹I ƒmƒWƒ}TƒŠ[ƒO2023-2024ƒV[ƒYƒ“,https://news.yahoo.co.jp/articles/2e7c8f5e22369d5bebf323741dba2cf7be391d9c,7/28(‹à) 14:33
worldtt,‘ì‹…‰¤‘,y‘ì‹…zŠØ‘‚ÌƒG[ƒXE\—T•k‚ªTƒŠ[ƒO—qƒ`[ƒ€‚Ì‹ãBƒAƒXƒeƒB[ƒ_‚ÆŒ_–ñXV,https://news.yahoo.co.jp/articles/86aff670f2a7c855c7281292a95b3a24512acff8,7/27(–Ø) 17:36
worldtt,‘ì‹…‰¤‘,y‘ì‹…zITTF‚æ‚èÅV‚Ì¢ŠEƒ‰ƒ“ƒLƒ“ƒO‚ª”­•\Bƒ|ƒCƒ“ƒg¸Œø‚É‚æ‚è’j—‚Æ‚à‚É‡ˆÊ‚ª•Ï“®,https://news.yahoo.co.jp/articles/948e4fae4a6c06c3498ea3529f9b165dc5be3de5,7/25(‰Î) 18:57
worldtt,‘ì‹…‰¤‘,y‘ì‹…z2023’´‹‰ƒŠ[ƒO‘æ1ƒXƒe[ƒWA’j—‚Æ‚à¢ŠE‰¤Ò‚ÌİĞƒNƒ‰ƒu‚Í1ˆÊ‚ğ“¦‚·,https://news.yahoo.co.jp/articles/bd24b4b703687fc0d791d0a007c2afcef8c2b78f,7/25(‰Î) 18:28
worldtt,‘ì‹…‰¤‘,y‘ì‹…z’£–{’q˜aA•½–ì”ü‰F‚ç‚ªQ‰ÁB‚¢‚æ‚¢‚æƒXƒ^[ƒg!! ƒmƒWƒ}TƒŠ[ƒOAŠJ–‹‘O‹LÒ‰ïŒ©,https://news.yahoo.co.jp/articles/23ffc77e0f13daa8b344d9f270149e7dda90aa73,7/24(Œ) 21:49
worldtt,‘ì‹…‰¤‘,y‘ì‹…zŒê‚ç‚ê‚½Îì‰Àƒ‚Ì^ÀBu‘S“ú–{‘IèŒ ‚É—DŸ‚µ‚Ä’¸“_‚É—§‚Â‚ÆA¡“x‚Í©•ª‚ª‚İ‚ñ‚È‚Ì•W“I‚É‚È‚Á‚Ä’Ç‚¢‚©‚¯‚ç‚ê‚év,https://news.yahoo.co.jp/articles/72992eb27cfaeced5508785a84da8af6e36ad2d4,7/24(Œ) 17:37
worldtt,‘ì‹…‰¤‘,y‘ì‹…z“Æ‘–‘Ì§‚ğì‚Á‚½ƒpƒŠŒÜ—Ö‚É‹ß‚Ã‚¢‚½’£–{’q˜a‚Æ‘“c‚Ğ‚È,https://news.yahoo.co.jp/articles/6bbd142fa47dd45ba289b788e5b878a023f53cc0,7/24(Œ) 17:22
worldtt,‘ì‹…‰¤‘,y‘ì‹…z’£–{’q˜aA‘“c‚Ğ‚È‚É100ƒ|ƒCƒ“ƒg‚ª‰ÁZBw2024ƒpƒŠƒIƒŠƒ“ƒsƒbƒN‘Ilƒ|ƒCƒ“ƒgxŠl“¾ó‹µ,https://news.yahoo.co.jp/articles/6da937773e3f2040633ebd5ec9be92063318d1fb,7/24(Œ) 13:00
worldtt,‘ì‹…‰¤‘,y‘ì‹…zwƒoƒ^ƒtƒ‰ƒC ‘æ46‰ñ‘S‘ƒŒƒfƒB[ƒX‘ì‹…‘å‰ïxAƒ_ƒuƒ‹ƒX‚ÌŠeƒJƒeƒSƒŠ[‚Å‰¤Ò‚ªŒˆ’è,https://news.yahoo.co.jp/articles/6ca14742f458c3c8806be3cf6ab0e5f59a3350de,7/24(Œ) 11:40
worldtt,‘ì‹…‰¤‘,y‘ì‹…zwƒoƒ^ƒtƒ‰ƒC ‘æ46‰ñ‘S‘ƒŒƒfƒB[ƒX‘ì‹…‘å‰ïx‚ªŠâèŒ§‚ÅŠJÃB’c‘Ì1ˆÊƒg[ƒiƒƒ“ƒg‚Í‰Ô–ìˆäƒNƒ‰ƒu‚ª—DŸ,https://news.yahoo.co.jp/articles/0f7b9b1573c4d2bfd607d6e0c3bf77aaa2850292,7/24(Œ) 11:00
worldtt,‘ì‹…‰¤‘,—«Œü‚¯‘ì‹…WEBƒTƒCƒgm‘ì‹…ƒŒƒfƒB[ƒXn‚ğì‚Á‚½å•wA¼‘º—F‹Iq,https://news.yahoo.co.jp/articles/93055e70dcf1778e51daf6d48d0900688590002f,7/20(–Ø) 18:38
worldtt,‘ì‹…‰¤‘,y‘ì‹…z‰‚ÌWTT“ú–{ŠJÃ‚Í12Œ‚É–¼ŒÃ‰®‚ÅŒˆ’èB—qƒtƒ@ƒCƒiƒ‹ƒY‚É¢ŠEƒgƒbƒv16l‚ªoê,https://news.yahoo.co.jp/articles/6c4d4f8945ba15b77b315bcb5344729e54ff1000,7/19(…) 16:15
worldtt,‘ì‹…‰¤‘,y‘ì‹…zITTF‚æ‚èÅV‚Ì¢ŠEƒ‰ƒ“ƒLƒ“ƒO‚ª”­•\B’£–{”ü˜aA–ØŒ´”ü—I‚ç‚ª‡ˆÊ‚ğã‚°‚é,https://news.yahoo.co.jp/articles/4bf51fe4d9e702a2b82151e69558f58af337d9d1,7/18(‰Î) 15:23
worldtt,‘ì‹…‰¤‘,y‘ì‹…zƒCƒ“ƒJƒŒ‚Ì‘S“ú’ö‚ªI—¹Bˆ¤’mH‹Æ‘å‚ª’j—‘µ‚Á‚Ä—DŸ‚ğ‰Ê‚½‚·,https://news.yahoo.co.jp/articles/fcb60fef0233bc36d0d4cd5605bc1fbcd834fe21,7/16(“ú) 23:04
worldtt,‘ì‹…‰¤‘,y‘ì‹…zITTF‚æ‚èÅV‚Ì¢ŠEƒ‰ƒ“ƒLƒ“ƒO‚ª”­•\BæU“Œ‚ªÄ‚Ñ1ˆÊ‚ÉA“ú–{¨‚Å‚ÍŒËã”¹•ã‚ªƒ‰ƒ“ƒNƒAƒbƒv,https://news.yahoo.co.jp/articles/30dfc6c07f14efe7efdaf27f4b36d1188a48c77b,7/12(…) 17:23
worldtt,‘ì‹…‰¤‘,WTTƒXƒ^[ƒRƒ“ƒeƒ“ƒ_[ ƒŠƒ…ƒuƒŠƒƒƒiA’†‘¨‚ª‘Sí–Ú‚Å‘ÕŠ¥,https://news.yahoo.co.jp/articles/8569e1ef2497bc3715659162d60dea3523aa083a,7/11(‰Î) 15:26
worldtt,‘ì‹…‰¤‘,ƒhƒCƒcE‘ì‹…ƒuƒ“ƒfƒXƒŠ[ƒKŒˆŸ‚Íƒ{ƒ‹ƒVƒAEƒfƒ…ƒbƒZƒ‹ƒhƒ‹ƒt‚ª33‰ñ–Ú‚ÌV,https://news.yahoo.co.jp/articles/866300a600d172ece4e2f0e2c3f42e54646a654e,7/10(Œ) 11:36
worldtt,‘ì‹…‰¤‘,y‘ì‹…z2023 ‘S”_CUP “Œ‹‘å‰ïi7/22E23joê‘Iè‚ªŒˆ’è,https://news.yahoo.co.jp/articles/235f25d0d56aba8308b9d7f2d6075ff734550161,7/7(‹à) 16:01
worldtt,‘ì‹…‰¤‘,y‘ì‹…z¢ŠEƒ‰ƒ“ƒN13ˆÊ‚ÌA.ƒfƒBƒAƒX‚ª‹“s‚æ‚èQíBTƒŠ[ƒO“o˜^Š®—¹‘Ièi7/6•t‚Ü‚Åj,https://news.yahoo.co.jp/articles/2f4db98e24bd9722e14670f16f8ab2bf5f93b9e4,7/7(‹à) 15:19
worldtt,‘ì‹…‰¤‘,y‘ì‹…z’jq‚Í‰¤‘^‹Ô‚ª1ˆÊ‚É@—q‚Í•½–ì”ü‰F‚ª14ˆÊ‚É•‚ã@ÅV‚Ì¢ŠEƒ‰ƒ“ƒLƒ“ƒO,https://news.yahoo.co.jp/articles/1ddae72f43e59c3f6e53042797c877fb8660a991,7/4(‰Î) 14:31
worldtt,‘ì‹…‰¤‘,y‘ì‹…z•½–ì”ü‰F‚ª‘·‰nä³‚ÉŸ—˜‚Å15ƒ|ƒCƒ“ƒgŠl“¾Bw2024”N ƒpƒŠƒIƒŠƒ“ƒsƒbƒN‘Ilƒ|ƒCƒ“ƒg Šl“¾ó‹µxi7/3XVj,https://news.yahoo.co.jp/articles/4acebe24fa73c55e60ad677297b8c412d6ba89b6,7/3(Œ) 18:55
worldtt,‘ì‹…‰¤‘,y‘ì‹…zWTTƒRƒ“ƒeƒ“ƒ_[ ƒUƒOƒŒƒu‘å‰ïA’jqƒVƒ“ƒOƒ‹ƒX‚Í—Ñ‚‰“i’†‘j‚ª—DŸ,https://news.yahoo.co.jp/articles/a47e2ecd11188778ad429ca87a0612fc30036f40,7/3(Œ) 11:35
worldtt,‘ì‹…‰¤‘,ƒˆ[ƒƒbƒp‹£‹Z‘å‰ïE‘ì‹…‹£‹Z’c‘Ìí‚ÍƒhƒCƒc‚Æƒ‹[ƒ}ƒjƒA‚ª—DŸ,https://news.yahoo.co.jp/articles/c00452d0ff415a2ab24224ea12729120b6152a8a,7/3(Œ) 10:54
worldtt,‘ì‹…‰¤‘,y‘ì‹…z•½–ì”ü‰F‚ª—«XA™Ö‚ğ˜A”jBÅŒã‚Í‘·‰nä³‚ÉŸ‚¿A’†‘‘Iè‚ğ3ƒ^ƒe‚Å—DŸ‚Ì‰õ‹“I,https://news.yahoo.co.jp/articles/80c03d3eede7dbfd7635695c5eb929757f11411d,7/3(Œ) 10:53
worldtt,‘ì‹…‰¤‘,y‘ì‹…z‘æ26‰ñƒAƒWƒA‘ì‹…‘IèŒ ‘å‰ï“ú–{‘ã•\‚ª”­•\B’£–{A‘“c‚ç‚ª‘ã•\‚É‘Io,https://news.yahoo.co.jp/articles/62ae6c1b8874a7230e4696ed5565eb71dfa86080,6/30(‹à) 17:53
worldtt,‘ì‹…‰¤‘,y‘ì‹…z‘S“ú–{ƒ`ƒƒƒ“ƒvEŒËã”¹•ã‚ğ‚Í‚¶‚ß4‘Iè‚ªV‚½‚É“o˜^Š®—¹BTƒŠ[ƒO“o˜^Š®—¹‘Ièi6/29•t‚Ü‚Åj,https://news.yahoo.co.jp/articles/b0d6bff0be631c3a3610c3a3b77e8153a1ec35c2,6/30(‹à) 16:41
worldtt,‘ì‹…‰¤‘,y‘ì‹…zu‚±‚Ì•‘‘ä‚Í„‚É‚Æ‚Á‚Ä¢ŠE‚ÉŒü‚¯‚½d—v‚ÈƒXƒeƒbƒv‚¾‚Æl‚¦‚Ä‚¢‚Ü‚·vŒËã”¹•ã‚ª–Ø‰ºƒ}ƒCƒXƒ^[“Œ‹‚©‚çTƒŠ[ƒOQí,https://news.yahoo.co.jp/articles/ff57820f9e87eca628dcec1ca2d97ec3b1e09f50,6/30(‹à) 14:03
worldtt,‘ì‹…‰¤‘,y‘ì‹…z2022”N“x‚Ì“ú–{‘ì‹…‹¦‰ï“o˜^lŒû‚Í”÷‘‚Ì30–œ3229lBÅ·Šú‚ÌlŒû‚É‚Í–ß‚ç‚¸,https://news.yahoo.co.jp/articles/35f672a22a3b2b032f2623ae3eb972658abf0be8,6/29(–Ø) 19:09
worldtt,‘ì‹…‰¤‘,ƒˆ[ƒƒbƒp‹£‹Z‘å‰ïE‘ì‹…‹£‹ZƒVƒ“ƒOƒ‹ƒX‚ÍF.ƒ‹ƒuƒ‰ƒ“‚ÆƒXƒbƒ`‚ª—DŸ,https://news.yahoo.co.jp/articles/281d212dd4d8b54653f04be01f890c737e422225,6/28(…) 10:27
worldtt,‘ì‹…‰¤‘,y‘ì‹…z¬¼ŠCˆÌ‚Æ’|–{•ü¢‚ª“o˜^Š®—¹BTƒŠ[ƒO2023-2024ƒV[ƒYƒ““o˜^Š®—¹‘Ièi6/26•t‚Ü‚Åj,https://news.yahoo.co.jp/articles/6a55b1946e5c5ac051a9f064e4ce54e8147a2156,6/27(‰Î) 19:48
worldtt,‘ì‹…‰¤‘,y‘ì‹…zITTF‚æ‚èÅV‚Ì¢ŠEƒ‰ƒ“ƒLƒ“ƒO‚ª”­•\B’£–{”ü˜a‚ª19ˆÊ‚Éƒ‰ƒ“ƒNƒAƒbƒvI,https://news.yahoo.co.jp/articles/b3652eeb1b24d842b44d0041b4669390b9e8e412,6/27(‰Î) 13:32
worldtt,‘ì‹…‰¤‘,ƒˆ[ƒƒbƒp‹£‹Z‘å‰ï‘ì‹…‹£‹ZE¬‡ƒ_ƒuƒ‹ƒX‚Íƒ`ƒEEƒ_ƒ“^ƒ~ƒbƒeƒ‹ƒnƒ€‚ª—DŸ,https://news.yahoo.co.jp/articles/177c18c03cb6f8e5e06a66fc687f50131a5d6233,6/27(‰Î) 10:33
worldtt,‘ì‹…‰¤‘,y‘ì‹…z15Î‚Ì’£–{”ü˜a‚ªWTTƒRƒ“ƒeƒ“ƒ_[Eƒ`ƒ…ƒjƒX‘å‰ï‚Ì—qƒVƒ“ƒOƒ‹ƒX‚Å—DŸI,https://news.yahoo.co.jp/articles/6615e9dc13d867e2ef60ef93fecde1025e6952e3,6/26(Œ) 18:01
worldtt,‘ì‹…‰¤‘,y‘ì‹…zu‚â‚Á‚ÆTƒŠ[ƒO‚ÉQí‚Å‚«‚Ü‚·B‚¿‚å[Šğ‚µ‚¢v¬¼ŠCˆÌ‚ªÃ‰ªƒWƒF[ƒh‚æ‚èTƒŠ[ƒO‚É‰QíI,https://news.yahoo.co.jp/articles/7c985b781d580d1e6324319a1af1f06cb0416048,6/26(Œ) 13:41
worldtt,‘ì‹…‰¤‘,y‘ì‹…z—L–]Vl‚ª‘±X‰Á“üAV‹Kƒ`[ƒ€‚àQíBu‰ù‚Ì[‚³v‚ÅŠˆ«‰»‚·‚é“ú–{‘ì‹…ƒŠ[ƒO,https://news.yahoo.co.jp/articles/08c558a0e1808c215bd1572c6ca17bac2c0dc749,6/26(Œ) 12:49
worldtt,‘ì‹…‰¤‘,y‘ì‹…z“ú–{‘Iè‚àoê‚Ì’†‘‘ì‹…ƒNƒ‰ƒubAƒŠ[ƒOAR“ŒÈˆĞŠCs‚ÅŠJ–‹,https://news.yahoo.co.jp/articles/312cd619d06841afe2ef383007ecf95d012c4f3d,6/22(–Ø) 11:19
worldtt,‘ì‹…‰¤‘,y‘ì‹…zƒhƒCƒcƒ‰ƒo[‚Í“¯‚¶‚©”Û‚©Bu‘g‚İ‡‚í‚¹‚Í–³ŒÀvuƒhƒCƒcŠwZ‚Å‚Ì“VË“I‚È¬Œ÷Ò‚Í‚¢‚é‚Ì‚©v,https://news.yahoo.co.jp/articles/41a3f8ed626f89f6bae2fbdb25e8cacd908f5319,6/22(–Ø) 11:04
worldtt,‘ì‹…‰¤‘,y‘ì‹…zITTF‚æ‚èÅV‚Ì¢ŠEƒ‰ƒ“ƒLƒ“ƒO‚ª”­•\I,https://news.yahoo.co.jp/articles/c0df3c903e32ad59b80e39de9d43eeacd5dfd2fe,6/20(‰Î) 16:40
worldtt,‘ì‹…‰¤‘,y‘ì‹…zWTTƒRƒ“ƒeƒ“ƒ_[ ƒ‰ƒSƒXAŠØ‘¨‚ª3í–Ú‚Åƒ^ƒCƒgƒ‹Šl“¾,https://news.yahoo.co.jp/articles/d88a4e8747467eda70cd7059f94680e044cb51d7,6/20(‰Î) 13:33
worldtt,‘ì‹…‰¤‘,y‘ì‹…z—L–¼‚¾‚ªA–³–¼B¢ŠE‚Ì‘ì‹…sê‚ğ•Ï‚¦‚½lAƒoƒ^ƒtƒ‰ƒC‚É’§‚ñ‚¾uƒQƒIƒ‹ƒOEƒjƒNƒ‰ƒXv,https://news.yahoo.co.jp/articles/90b8dcc16032b411dfabd34ae4e29e110a8d29d9,6/20(‰Î) 12:06
worldtt,‘ì‹…‰¤‘,y‘ì‹…z’£–{’q˜aA•½–ì”ü‰F‚ª50ƒ|ƒCƒ“ƒgƒAƒbƒvBw2024”N ƒpƒŠƒIƒŠƒ“ƒsƒbƒN‘Ilƒ|ƒCƒ“ƒg Šl“¾ó‹µxi6/19XVj,https://news.yahoo.co.jp/articles/618cd961dcf8644fe9bfba4b2954f6d59e7aff6a,6/19(Œ) 15:48
worldtt,‘ì‹…‰¤‘,y‘ì‹…zTƒŠ[ƒO NOJIMA CUP 2023A—q‚Í•½–ì”ü‰F‚ª‰ïS‚ÌƒvƒŒ[‚ğŒ©‚¹—DŸ,https://news.yahoo.co.jp/articles/0ad0ffbcf1b8dcc4a32aa1d2c9b523023d912fe1,6/19(Œ) 11:15
worldtt,‘ì‹…‰¤‘,y‘ì‹…zTƒŠ[ƒO NOJIMA CUP 2023A’jq‚Í’£–{’q˜a‚ª‘ÕŠ¥I,https://news.yahoo.co.jp/articles/3bab5bb75b2965ba76442abfd673c7f5327c72b2,6/19(Œ) 10:45
worldtt,‘ì‹…‰¤‘,y‘ì‹…zuTƒŠ[ƒO NOJIMA CUP 2023v‚Ì’j—2‰ñí‚ªI—¹BƒxƒXƒg8‚ªo‘µ‚¤,https://news.yahoo.co.jp/articles/e8ef331459766e2f01a0a78575551da28e61f3cf,6/17(“y) 21:40
worldtt,‘ì‹…‰¤‘,y‘ì‹…zƒhƒCƒc‚Å‚Ì’§íA‘O‚ZOŠ¥‰¤E—é–ØéDu1Œ‚Ì‘S“ú–{‘IèŒ ‚Å•‰‚¯‚½‚É‚Í‚±‚Ì‚Ü‚Ü‚¶‚áƒ_ƒ‚¾‚È‚Æv‚¢‚Ü‚µ‚½v,https://news.yahoo.co.jp/articles/e0c4bcec0a5d757858876861ba43c4a5767555d9,6/15(–Ø) 16:10
worldtt,‘ì‹…‰¤‘,‚»‚±‚É‚Í‘ì‹…ˆ¤‚Æ‰ïĞˆ¤‚ª‚ ‚Ó‚ê‚Ä‚¢‚½Bèì‚è‚ÌA‘Ì‰·‚ğŠ´‚¶‚½ƒVƒ`ƒYƒ“Œv‚Ìƒz[ƒ€ƒ}ƒbƒ`,https://news.yahoo.co.jp/articles/89e23c293fe97bdc93c23661eca98dacc32d768a,6/15(–Ø) 13:41
worldtt,‘ì‹…‰¤‘,y‘ì‹…zWTTƒ†[ƒXƒRƒ“ƒeƒ“ƒ_[ƒwƒ‹ƒVƒ“ƒ{ƒŠA“ú–{¨‚ª4í–Ú‚Å‘ÕŠ¥I,https://news.yahoo.co.jp/articles/cd2940a9dc587084d790197b02083b034a097cc0,6/14(…) 16:09
worldtt,‘ì‹…‰¤‘,y‘ì‹…zŒ³‘S“ú–{ŠÄ“Â‚Ì‹ß“¡‹ÔiA_“ŞìŒ§‘ì‹…‹¦‰ï‚Ì‰ï’·‚ÉA”C,https://news.yahoo.co.jp/articles/3ee5fec2a0bd289b347919b1786b9e3303665b33,6/14(…) 15:50
worldtt,‘ì‹…‰¤‘,y‘ì‹…zuÃ‚©‚È‚é‘_Œ‚èv¢ŠE8ˆÊ‚Ì—Ñí²òATƒŠ[ƒO‚Ì–Ø‰ºƒ}ƒCƒXƒ^[“Œ‹‚ÆÄŒ_–ñ,https://news.yahoo.co.jp/articles/dd4059e166e141f9f7e9c038d308fb9183814a22,6/14(…) 14:40
worldtt,‘ì‹…‰¤‘,y‘ì‹…zITTF‚æ‚èÅV‚Ì¢ŠEƒ‰ƒ“ƒLƒ“ƒO‚ª”­•\I,https://news.yahoo.co.jp/articles/34772a03114ad2ffe1c771f251a6edf4eede0c5d,6/13(‰Î) 19:09
