media_en,title_articles,link_articles,date_original
kosodate,気づけばまた賞味期限切れ…ついため込んでしまう食品ストック収納のポイント,https://news.yahoo.co.jp/articles/86d3feb8128ccf4d730567041d2bbded8cd1d77e,9/2(土) 11:30
kosodate,「44歳出産予定」元日テレ宮崎宣子アナ、計画無痛分娩か帝王切開か迷い「まだまだ怖さが……」,https://news.yahoo.co.jp/articles/87c053e911d241b297aeb21b97a12cf898829752,9/1(金) 12:11
kosodate,おばたのお兄さん、産後の妻・山崎夕貴アナを献身ケア「妻はまんまと寝落ちしてくれました。笑」,https://news.yahoo.co.jp/articles/9cf9994f73c56bfcb3ab9c11ac2bffcd7ddbf0f6,9/1(金) 12:10
kosodate,第二子出産の竹内由恵さん、授乳しながら読み聞かせも…赤ちゃんと2歳長男のお世話で「人手が足りない！」,https://news.yahoo.co.jp/articles/690e4d9ab844e1921faecaaf85aafffa1323210e,8/31(木) 12:11
kosodate,平愛梨さん、第4子出産後初めてのテレビ収録で仕事復帰　衣装サイズに不安も「徐々に体型戻していきました」,https://news.yahoo.co.jp/articles/aee0114ef9eaa578c177a37053ba19ecf1200901,8/30(水) 12:10
kosodate,川田裕美さん、離乳食作りでレシピ本を参考にするのをやめた理由明かす「書いてある通りには進まなかった」,https://news.yahoo.co.jp/articles/e6ba5404a5eae0fcefd4831080de7fe2976a5921,8/29(火) 12:13
kosodate,山崎夕貴アナが第一子出産「我が子がめちゃめちゃ空気読んでる可能性」絶望視していた立ち会い出産実現でおばたのお兄さん「デキ男過ぎるよ」!!,https://news.yahoo.co.jp/articles/933ba4f1ccaa3ddc1cc44a6f6b021335409a6833,8/28(月) 12:12
kosodate,納豆をどのくらい食べると「食べすぎ」になる!? 栄養たっぷりでも食べすぎるとよくない？,https://news.yahoo.co.jp/articles/394e838ec97f33071a7353855b0f546aa0fc2a84,8/27(日) 11:30
kosodate,「紙袋」異常な量たまりすぎてない？ ストックした紙袋を気持ちよく使い切る！,https://news.yahoo.co.jp/articles/d9ae7496c0d46155933adce107b363261c9cf138,8/26(土) 11:30
kosodate,イモトアヤコさん、息子を預けた義父から「甘やかしすぎだ」と指摘。「そんなに？っていうくらい騒ぐ」,https://news.yahoo.co.jp/articles/8999a19dcdfc6ffbb12e2ebf11a87ba3a9ea7726,8/25(金) 12:12
kosodate,辻希美さん、早朝4時半起きでキャラ弁作り。細かい作業に苦戦も大成功で歓声！「食べるのもったいない」,https://news.yahoo.co.jp/articles/5fdf02bf6b8d84d75c465bb04ac67250104e5d95,8/24(木) 12:10
kosodate,第一子出産の木村文乃さん、感じた体の変化「今までの何倍も疲れる」。大好きな料理が「ちょっとイヤになってた」時期も,https://news.yahoo.co.jp/articles/13075a5d4c9a478dfddfff25d84f8453fea789b7,8/23(水) 12:10
kosodate,山崎夕貴アナ、出産予定日を過ぎ「本当にいつ出てくるかわからない状態」おばたのお兄さんも急遽東京へ,https://news.yahoo.co.jp/articles/bed54ff79e9e9755710d6b9da48381eec068eea3,8/23(水) 12:10
kosodate,四児ママ・山田優さん「リクエストのお弁当」で子どものイラストを忠実再現！「たくあんシブい」,https://news.yahoo.co.jp/articles/119130c1463696285b9d3df69e16b96476d64bcd,8/22(火) 12:12
kosodate,第二子出産の夏菜さん「はじめての男の子」長女との尊くてたまらない姿,https://news.yahoo.co.jp/articles/4a8fe150b15173dd7b4c7ee344f7fcc4ae1b93d6,8/21(月) 12:12
kosodate,産後の妊活、いつから開始する？ 「間隔があく」「短期間で次妊娠」それぞれのリスクとは【生殖医療専門医解説】,https://news.yahoo.co.jp/articles/122e49e7a1982b356ca00d99f5b4df4794fa29f2,8/20(日) 11:30
kosodate,そうめんつゆ激うまアレンジ7選！ 絶品つゆで脱マンネリ!!,https://news.yahoo.co.jp/articles/2d34d35105c8b61bc6ff5f68a806d00ed251bbce,8/19(土) 11:32
kosodate,川田裕美さん、第一子出産から3年……育児と仕事の両立について「以前からゆっくりお話したいと思っていた」,https://news.yahoo.co.jp/articles/446ebfe271122a1f28f85e7fa69c3a9ce16a9796,8/18(金) 12:12
kosodate,第一子出産の凛さん、「お七夜＆命名式」を義母・北斗晶さんが報告　豪華なお祝い膳！,https://news.yahoo.co.jp/articles/ebef5e4ca24d46d285007ad529f5797ff024e0ec,8/17(木) 12:13
kosodate,「子どもの言葉が遅いのは私のせいかも」自分を責める親たちに、小児科医が伝えたいこと,https://news.yahoo.co.jp/articles/71ae1edf4251b8a422546c6616f2e13709244048,8/16(水) 11:30
kosodate,子どもの急病で受診。正確な診断のため、医師が親に聞きたい「6つの情報」とは｜家庭医療専門医解説,https://news.yahoo.co.jp/articles/d0c74ff48c1d724bd00ea56378d0be7952b586b7,8/15(火) 11:30
kosodate,ママは爪切りが得意…って本当にそう思ってる？パパは「スーパーサブ」やない！3回育休取得のパパ校長が伝えたいこと,https://news.yahoo.co.jp/articles/a68088a94423d8741e953a0432d02dd907e773eb,8/14(月) 11:31
kosodate,両親が別々だからいい！ 「積み木」と「ジャングルジム」“違う遊び”が子供にもたらす大きなメリット ー現役小学校校長が伝えたいこと,https://news.yahoo.co.jp/articles/ee064dce19924b5f6c1822d693607e8ddda2c180,8/13(日) 11:30
kosodate,おつまみの定番「枝豆」は食べ過ぎても平気？ 二日酔い対策になるワケとは｜管理栄養士解説,https://news.yahoo.co.jp/articles/733233ebf2bb5bc65ab3fd1252edb3be7b9df5fc,8/12(土) 11:30
kosodate,【一気食いに注意】スイカを食べすぎるとお腹をこわす？ 1/8カットは食べすぎ？,https://news.yahoo.co.jp/articles/7707a328df6fde127250e9534dee186c3220316a,8/11(金) 11:30
kosodate,よゐこ濱口優さん、妻・南明奈さんに注意されたこと明かす「泣くと抱っこするっていう癖を俺がつけてしまって」,https://news.yahoo.co.jp/articles/4e1db06f8e6267526c3abc97232ac6dbab9ba20b,8/10(木) 12:10
kosodate,北斗晶さん「産まれたか？ と沢山の連絡をいただいてますが」出産間近の義娘・凛さんの現状明かす,https://news.yahoo.co.jp/articles/36c1b589936c6b1ce10cfa5ce8cbb18e67fb57c5,8/9(水) 12:12
kosodate,フット後藤さん双子の男の子誕生で三児パパに！ 久しぶりの赤ちゃんに興奮、親たちの激怒エピソードも,https://news.yahoo.co.jp/articles/75d1de24db3501f9f024c0803fd9220858d77e5f,8/8(火) 12:13
kosodate,【訂正】本並健治さん「自分の子なんで、やるのは当たり前」丸山桂里奈さんは「すごい『ありがとう』って思う」,https://news.yahoo.co.jp/articles/f8543a5913929580f96f164611d35ec6194a587d,8/7(月) 12:10
kosodate,第一子妊娠中の宮崎宣子さん、夏の暑さが厳しい「体重は10キロ増え、歩くと汗だく」,https://news.yahoo.co.jp/articles/7555e5afcd4387127bcdb973dd04e43742572bfa,8/7(月) 12:10
kosodate,感染症が爆発的流行の中、 旅先で子どもが体調を崩したらどうする？ 念の為持参するもの｜小児科医解説,https://news.yahoo.co.jp/articles/3028be8ba31932460aa64549d7840029a7e788ab,8/6(日) 11:30
kosodate,「みょうがを食べると忘れっぽくなる」説の根拠は？ 気をつけたいのは“物忘れ”ではなかった｜管理栄養士解説,https://news.yahoo.co.jp/articles/3cfc044d01815341594894c21bfcbb1f2e20d398,8/5(土) 11:33
kosodate,中野美奈子アナ、小1息子の夏休みの宿題に衝撃「アサガオ枯れてしまっても仕方ないじゃない」,https://news.yahoo.co.jp/articles/0e3e55d179f1f753eb51fc04b0cc3dae5bc8b978,8/4(金) 12:13
kosodate,丸山桂里奈さん、娘の高熱で「ほんとに生きた心地がしなくて」自身も体調不良に「なかなかここまで体調悪いこともないかも」,https://news.yahoo.co.jp/articles/a45eb66fabd3708be19e530f8ba92fadc5bde879,8/4(金) 12:12
