media_en,title_articles,link_articles,date_original
nekomag,お手入れのときにも活用したい　猫のエリザベスカラーの選び方と使用のコツを獣医師に聞いた,https://news.yahoo.co.jp/articles/ee45be1710842958670303069d68fd5902d7fe13,7/31(月) 17:00
nekomag,見逃さないで　猫から飼い主へのアピールへの応え方で関係性はより深まる　専門家に聞いたャンス,https://news.yahoo.co.jp/articles/975c0410a3f26c595c01d57255d99fbea1050a55,7/31(月) 13:00
nekomag,シニア猫の飼い主が暑さに気を付けたい理由　夏を乗り切るためにすべきことを獣医師に聞いた,https://news.yahoo.co.jp/articles/92db518eb9b9808e10ea512edfd44b6d236169a6,7/31(月) 8:00
nekomag,生後2カ月の子猫を初めて抱っこしたパパさん、3カ月後には。　「ふたり」の成長ぶりが微笑ましい,https://news.yahoo.co.jp/articles/264d26671762cb0f1946b13a224abb01ef523c86,7/30(日) 19:00
nekomag,猫の飼い主さんならすでにやってる？手を使ったコミュニケーションを専門家が解説,https://news.yahoo.co.jp/articles/299603a837914aa12a1d3e4354586ad16828a202,7/30(日) 13:00
nekomag,猫にとっても大切な「健康診断」　診断でわかる重大な病気は,https://news.yahoo.co.jp/articles/353df6bfd635afc89ceb1112b4a8a29067baa864,7/30(日) 8:00
nekomag,病気など大変な時期もあったけど　お迎えから1年経過した猫の「ふっくら立派な成長ビフォーアフター」に胸キュン,https://news.yahoo.co.jp/articles/8e76f4698b1539b1720750679ad3104872b16062,7/29(土) 21:00
nekomag,お姉ちゃん猫のお尻の匂いを嗅ぐ弟猫、しかし次の瞬間　「ノールック」で展開される達人技に思わず爆笑,https://news.yahoo.co.jp/articles/9aaad25465bde41cfe21d898627def086506bd42,7/29(土) 20:00
nekomag,普段よりお留守番が長くて、帰宅した飼い主に文句を言う猫　愛を感じる「お出迎え」に胸キュン！,https://news.yahoo.co.jp/articles/0f9ce28b129234249eac7454aa77427096d392bf,7/29(土) 19:00
nekomag,窓の外の見方、怠惰すぎやろ。「ニャルソック」中の猫の無防備な姿にクスッとする,https://news.yahoo.co.jp/articles/86094714e8becd13ef7548ead208830d3f3bbe6b,7/28(金) 21:00
nekomag,ご主人のお腹の上で眠る猫、仕方なく離そうとすると？　不満げな表情から見せる「驚異の吸い付き力」に胸キュン,https://news.yahoo.co.jp/articles/1176bfc543e019165e78391fb7fffdb002ba4f21,7/28(金) 19:00
nekomag,猫に与えて大丈夫？夏が旬の野菜　　避けた方がいい部分は,https://news.yahoo.co.jp/articles/80987252b60a9d158ab6ea43d514629d49e8330b,7/28(金) 13:00
nekomag,猫と暮らす家のエアコンの設定温度は　留守番させるとき特に気を付けたいエアコンの使い方,https://news.yahoo.co.jp/articles/0207ca7d872e8634d04a0b1ce6e96ea78f82cf63,7/28(金) 8:00
nekomag,可愛らしさ全開で眠る生後5カ月の子猫　2才になった現在の「ビフォーアフター」に思わず胸キュン,https://news.yahoo.co.jp/articles/9511e08c13c0e348140cf8808f3f9e6c7c16f544,7/27(木) 21:00
nekomag,テーブルの下で「ムチムチの前足」を動かす子猫、愛らしい姿が話題に！　1年後の成長ぶりも微笑ましい,https://news.yahoo.co.jp/articles/5b885a53d2cca48ad4cc3005eeae9d0b02bafa61,7/27(木) 19:00
nekomag,猫への飼い主さんの行動　猫は本当はどう思ってる？　専門家に聞いた,https://news.yahoo.co.jp/articles/56b6bdd614bfac3dc4e734bc428633795da6b0e1,7/27(木) 13:00
nekomag,寝てる猫にいろいろしたい飼い主の衝動が止まらなかった　最適な猫の寝場所を専門家に聞いた,https://news.yahoo.co.jp/articles/3b250567c6962c3d3dddecea69af8f69378be340,7/27(木) 8:00
nekomag,ぬいぐるみのように「電池切れ」していた子猫が1才に！　「日々絆が深まっている」と感じる成長ぶりにほっこり,https://news.yahoo.co.jp/articles/3a4ebf000f5ff5872eb637107491ca634745a42c,7/26(水) 19:00
nekomag,【調査】本当に使える100円ショップの猫用グッズ　選び方について獣医師に聞いた,https://news.yahoo.co.jp/articles/9c3740d7f666211b6c0e0231c8768bd0a5230531,7/26(水) 17:00
nekomag,猫も熱中症にかかる　知っておきたい熱中症にかかった猫の症状を獣医師に聞いた,https://news.yahoo.co.jp/articles/9303f9c27b64e5f1385f4e94d2c0df72c85b3a00,7/26(水) 13:00
nekomag,紙袋に狙いを定めて突撃する猫　紙袋に入りたがる猫の心理や傾向は｜獣医師解説,https://news.yahoo.co.jp/articles/33aa9fc582db7cd4ca6fde6d0b1f0b175f87fd11,7/26(水) 8:00
nekomag,“人のような寝相”で熟睡していた子猫、1才になって「頼もしいお姉ちゃん」に！　成長ぶりが微笑ましい,https://news.yahoo.co.jp/articles/d84bb47626995a12b0399057e36323ee7c46d2b6,7/25(火) 19:00
nekomag,同居猫が用を足しているのを見ると、一緒にしたくなる!?　多頭飼いの猫たちのフシギな「トイレ事情」,https://news.yahoo.co.jp/articles/eb662e42efc1cb3458e5e1a26dbf6a826480dedf,7/25(火) 13:00
nekomag,猫も環境の変化はストレス　猫と暮らす家に新しいものを取り入れるときのコツを専門家に聞いた,https://news.yahoo.co.jp/articles/563c7085265ffc78d1dc73e15f7447d75d3f280d,7/25(火) 12:00
nekomag,夏前の猫の体調不良に気をつけて　猫の健康を守るには温度と湿度の管理がキモ,https://news.yahoo.co.jp/articles/f103903d039aafa31533180fc1415c8a1f3a38ea,7/25(火) 8:00
nekomag,「モミ神様降臨！」最後に我に返るも、一心不乱で羊のクッションを揉む猫の姿に癒される,https://news.yahoo.co.jp/articles/689ea7100ef6e10576031f750416d002e78790d8,7/24(月) 21:00
nekomag,静かに始まった「譲れない闘い」から目が離せない!?　「段ボールの順番待ち」をする猫、結末にクスッ,https://news.yahoo.co.jp/articles/19b0928d5aced7f5d2e17544c50419a73ae34677,7/24(月) 19:00
nekomag,【調査】猫の「自動給餌器」の意外なメリット　飼い主が「買ってよかった」と実感した瞬間,https://news.yahoo.co.jp/articles/0ea4ddbc5db6c2aa36df25f86f3b03f61714f93a,7/24(月) 13:00
nekomag,最近増えてきた猫用サプリメント　うちの猫にも与えたほうがいい？　獣医師に聞いた,https://news.yahoo.co.jp/articles/1f405f971b55dd27fcfc1b716d14a2963b265037,7/24(月) 8:00
nekomag,ヘソの緒がついた子猫を保護して2年が経過　先住猫たちに見守られながら成長した姿にほっこり！,https://news.yahoo.co.jp/articles/b5cb82c44c61ca73cf62506a09c30d018f138329,7/23(日) 19:00
nekomag,犬より厳しい？賃貸物件での猫の飼育　トラブルの体験談と獣医師のアドバイス,https://news.yahoo.co.jp/articles/82a4ee2cd67a4229e3030e02896b704de0654911,7/23(日) 13:00
nekomag,お年寄り猫さんに元気に暮らしてもらうために　シニア猫の食事について知っておきたいこと,https://news.yahoo.co.jp/articles/0a4840f5c05bf61403ac6962b3d41d034a87b3dd,7/23(日) 12:00
nekomag,一緒に外出したいの？「猫が勝手にカバンへ入る」理由と対処を獣医師に聞いた,https://news.yahoo.co.jp/articles/22a4e6d41011fbfd956ba8b063b627d2a7c41c44,7/23(日) 8:00
nekomag,けりぐるみで遊ぶ猫、次の瞬間「何か嫌なことでもあったの？」と思うほど荒ぶる姿に思わず爆笑,https://news.yahoo.co.jp/articles/fd7978b79e9c747c01cab99df34e6129a933a462,7/22(土) 21:00
nekomag,飼い主の腕にぎゅっとしがみつく甘えん坊な猫　「絶対に離さない！」と言いたげな表情にキュン,https://news.yahoo.co.jp/articles/af6cb433a5963ad5084c12c9332599b9e5fd40ba,7/22(土) 19:00
nekomag,梅雨時期は猫も体調を崩しがち　特に注意してあげたい猫は　獣医師に注意したいことを聞いた,https://news.yahoo.co.jp/articles/e1c39f519cdb75c44252ab469dd94f5cc94d24c1,7/22(土) 13:00
nekomag,「カリカリ」「ムニャムニャ」猫飼いさんにはおなじみの音を専門家が解説,https://news.yahoo.co.jp/articles/44a0394278cd82fa02f99b0b33f9a3b73cdd176e,7/22(土) 8:00
nekomag,先住猫の見事な「寝かしつけテクニック」で眠る新入り子猫　「お迎えして間もない頃の光景」が尊い,https://news.yahoo.co.jp/articles/ba07bd1e4ef34886bc912e0b24a64d83e19f658d,7/21(金) 21:00
nekomag,「梅干し」のような寝顔が尊い子猫と家族に　のちに「驚きの事実」が発覚!?　1年後の成長ぶりにほっこり,https://news.yahoo.co.jp/articles/edeb11e8f9857b7ef7f80ed4226281a3270a387c,7/21(金) 20:00
nekomag,「笑っちゃいけないけど可愛すぎて」　飼い主さんに怒る猫、ボール遊びの一幕で見せた威嚇ポーズに思わず胸キュン,https://news.yahoo.co.jp/articles/1c68b3cd1e20c1447b1dda4bc38ab2a957709751,7/21(金) 19:00
nekomag,もしかしてわざと？　猫が水を飲むのが下手な理由を獣医師に聞いた,https://news.yahoo.co.jp/articles/7ab4ae9a18bd36e3948c4b0d115f52f71ab7bee7,7/21(金) 13:00
nekomag,飼い主がお風呂に入ると、立ちながら「なんとも言えない表情」で待つ猫　まるで「置物!?」な姿にキュンとする,https://news.yahoo.co.jp/articles/8de78372a58ad8f76429f1b95f8c61b492c3d666,7/20(木) 19:00
nekomag,肩を寄せ合い動画を観る愛猫とパパの姿が尊い！　飼い主にくっつく猫の心理や傾向は｜獣医師解説,https://news.yahoo.co.jp/articles/463c072ac3fa0709373742fc8027b32b6c78a4ca,7/20(木) 13:00
nekomag,室内飼いの猫に首輪はつけるべきか　首輪のメリットや選び方を獣医師に聞いた,https://news.yahoo.co.jp/articles/442d5b861fafef09739ef5fb3a23b75995c74654,7/20(木) 12:00
nekomag,室内飼いの猫は刺激が不足？　猫に与えたい「いい刺激」を専門家に聞いた,https://news.yahoo.co.jp/articles/08f27bc9eaa7c8338984409f8dffcee718ff2f75,7/20(木) 8:00
nekomag,飼い主にくっついて寝たい子猫の行動が「尊い」　2才になっても変わらない「甘えん坊ぶり」にもほっこり,https://news.yahoo.co.jp/articles/8fe81630fc49fd511f97c25a21dbd5fe9ca2f84a,7/19(水) 19:00
nekomag,多頭飼いで見られる猫の「ヤキモチ」を調査　飼い主が配慮してあげたい生活の工夫は｜獣医師解説,https://news.yahoo.co.jp/articles/cd5b7f8f846fd30787bc183cff0e995a1837ad76,7/19(水) 13:00
nekomag,寝ている飼い主さんの体に乗って「起きて」の圧をかける猫　気になる猫の心理を獣医師に聞いた,https://news.yahoo.co.jp/articles/905a4f157c2fdc125fddd0adcd24be605549ca66,7/19(水) 12:00
nekomag,【猫と法律】賃貸住宅を退去する際、修繕費35万円を請求された場合はって払うべき？,https://news.yahoo.co.jp/articles/1bf6bcb2000167f2f94c44b36cb77c0b16ad81b8,7/19(水) 8:00
nekomag,子どもとラブラブすぎる猫　生まれた頃から一緒の「本当の姉弟のような関係」に胸キュン＆ほっこり,https://news.yahoo.co.jp/articles/19b0300e690c34432bf6ce2d3882778bd948d1fb,7/18(火) 21:00
nekomag,猫じゃらしを落としてしまった子猫、2本足で立って拾おうか考え中「哀愁漂う姿」が愛おしい,https://news.yahoo.co.jp/articles/21f30ab5e0e2e62d39024af4d0a7d5cf63246dad,7/18(火) 20:00
nekomag,「クセがすごい」「液体化してる」階段の降り方が下手すぎると話題になった猫,https://news.yahoo.co.jp/articles/2742f81f2a03dbeb1207816498a4d3672500320b,7/18(火) 19:00
nekomag,【調査】「もしかしてうちの猫？」外でそっくりな猫を見た飼い主さんの動揺と行動,https://news.yahoo.co.jp/articles/5f0f3e371f1a5da028f63af09c3211e3acca1000,7/18(火) 13:00
nekomag,【調査】「猫を飼って変わったこと」飼い主の人生を変える猫の魅力とは,https://news.yahoo.co.jp/articles/06b2eadf077688d3f1324ad2a4aa19287e9221bd,7/17(月) 13:00
nekomag,猫にとって「ちょうどいい」飼い主さんの「腕枕」で寝たがる理由,https://news.yahoo.co.jp/articles/1502dab52127361dcd9b425ce552f0112fa863b6,7/17(月) 8:00
nekomag,しっぽをがっつり掴みながら毛づくろいする元保護猫　器用な姿に「猫の親指ってこうだっけ」と驚き,https://news.yahoo.co.jp/articles/5740cb49bc3f0e0324399a9d0d755e56a82feade,7/16(日) 21:00
nekomag,「おしり同士」を密着させてくつろぐ2匹の猫→もう1匹の猫が登場し「笑える展開」に,https://news.yahoo.co.jp/articles/f267e4ca47d6acee07e7c45cadedf4847c27f15f,7/16(日) 20:00
nekomag,「施設イチの問題児」の過去をもつ元保護猫　飼い主へ気持ちを伝える控えめな「もじもじ」が愛おしい！,https://news.yahoo.co.jp/articles/8099f9c0011e481f17e78fcc04efbba52894cc92,7/16(日) 19:00
nekomag,「招き猫」×「だるま」で縁起がいいと話題　「一発勝負」で生み出される猫モチーフの伝統工芸品,https://news.yahoo.co.jp/articles/1877ec132bc8d1ed061ebeef2b7166a279285e66,7/16(日) 13:00
nekomag,ついに障子を初突破したやんちゃ猫　ドヤ感あふれる「前足の勢い」に思わずクスッとする,https://news.yahoo.co.jp/articles/64ca4153102697cbbc41813088bb96317b1376ba,7/15(土) 21:00
nekomag,ベッドでゴロゴロしながら睡魔と闘う猫　ほぼ寝ているのに「寝てませんけど」とアピールする姿にクスッとする,https://news.yahoo.co.jp/articles/dea0e1d732cfce5ff5780a4d3485bb57d3729275,7/15(土) 20:00
nekomag,運命の出会いから6年　倉庫の段ボール箱から見つかった2匹の保護子猫の「ビフォアアフター」に胸キュン,https://news.yahoo.co.jp/articles/724bff2ae3b9b45460b6fbbee6a493beb2fc76d0,7/15(土) 19:00
nekomag,意外！　猫にとってよくないNGなお手入れの方法を獣医師に聞いた,https://news.yahoo.co.jp/articles/6fc0d1b9f9b4cecd9be8c98fee1e10ad8b265ca7,7/15(土) 13:00
nekomag,ミートローフならぬキャットローフ？　誰かに言いたくなる猫の座り方についてのトリビア,https://news.yahoo.co.jp/articles/0c9eb886b38393f8e3e5c1d496ec882091bcbe31,7/14(金) 16:00
nekomag,飼い主さんが猫にむける表情　猫はどう感じている？　コミュニケーションのコツを専門家に聞いた,https://news.yahoo.co.jp/articles/7348894438c4066815be28527d249a1017767987,7/14(金) 13:00
nekomag,先輩飼い主に聞いた　猫を初めて飼う人に伝えたいこと　獣医師が飼う前にすすめる体験とは,https://news.yahoo.co.jp/articles/2e7d298c05b33972b0bc61efa313dd9b0f601dbd,7/14(金) 12:00
nekomag,猫同士くっついて「猫団子」になるのはなぜ？　「くっつき方」に見る猫の気持ちとは,https://news.yahoo.co.jp/articles/a3746d6d35139fe76d447d380fb7c52590af99e4,7/14(金) 8:00
nekomag,猫に興味がなかった夫が「保護から3日目」で激変　完全にデレデレにさせた子猫がかわいすぎる,https://news.yahoo.co.jp/articles/e049c4e7a193e4afb8eb6efae2c1a2f3b5a40bb3,7/13(木) 21:00
nekomag,おやつを見て目を輝かせる猫　飼い主が「コーム」を手にしていたときとの表情のギャップがスゴい,https://news.yahoo.co.jp/articles/73d2e3e8a2d7bbe8f294b03bdd22c70e550ef29b,7/13(木) 19:00
nekomag,ぐっすり眠る子猫が、前足をゆっくりと動かして「エアふみふみ」　しぐさの理由を獣医師に聞いた,https://news.yahoo.co.jp/articles/9e543a2881cc4ec22d468d63e9b6240fbd9fa031,7/13(木) 13:00
nekomag,お迎えして間もない頃に見事な「ヘソ天」を披露する子猫　無防備な姿からわかる心理は｜獣医師解説,https://news.yahoo.co.jp/articles/148ffea4b48e819afede25fbb1a01332de6261aa,7/13(木) 8:00
nekomag,「自分だったら絶対にさらしたくない」猫のふだんの顔と寝起きの顔の違いに飼い主さんも驚き,https://news.yahoo.co.jp/articles/6a66a283201f2e39a079f63b8383e060160305ec,7/12(水) 21:00
nekomag,お迎え当時は「不安と恐怖と絶望しかない様子」だった保護猫姉妹　家族になって1年後の変化にグッとくる,https://news.yahoo.co.jp/articles/1c4a213b78b514d48c9d5f62319da001a7b86598,7/12(水) 19:00
nekomag,工夫に驚き　猫の「ドア開け達人」行動について獣医師に聞いた,https://news.yahoo.co.jp/articles/8b8999081e7a7004f8161cde577fbbf6a5310404,7/12(水) 13:00
nekomag,猫は歯垢が歯石に変わるスピードは人の5倍だった　気をつけたい猫の「歯周病」,https://news.yahoo.co.jp/articles/84506d127c3e78dec65902bbb792f9cbda92c582,7/12(水) 8:00
nekomag,帰宅した飼い主を出迎える2匹の猫　ドアの前で待機して「今か今か」と待つ様子が健気で愛おしい！,https://news.yahoo.co.jp/articles/f2d5b12de34a85af347d1ebce2c27cf2943e4051,7/11(火) 19:00
nekomag,猫の華麗な「足運び」を専門家が解説　障害物をノールックで避けられるのはなぜ,https://news.yahoo.co.jp/articles/6c8fc1daa9edd5a521776bd812033ad710f31a99,7/11(火) 13:00
nekomag,猫のブラッシングのコツを専門家に聞いた　抜け毛を取り除くだけじゃなく健康チェックにもなる,https://news.yahoo.co.jp/articles/03886cf577353787015ad434d202c36fe61e52aa,7/11(火) 12:00
nekomag,暑さ対策のため猫を「サマーカット」にすべき？　メリットや注意点を獣医師に聞いた,https://news.yahoo.co.jp/articles/0b631b0cd4c95b3ddd8a61b697dfce04b928b8ce,7/11(火) 8:00
nekomag,トイレのドアの隙間から「肉球」がちらり。可愛い「差し入れ」をする猫の素顔に胸キュン,https://news.yahoo.co.jp/articles/d62d94417c4e2181e8593b1523fccd442af806d4,7/10(月) 21:00
nekomag,「猫も人も幸せになる瞬間」　飼い主さんになでられて気持ちよさそうにする“ヘソ天”猫に胸キュン,https://news.yahoo.co.jp/articles/8e7cac723a3a09712b771eb8c20d0cab465a627f,7/10(月) 20:00
nekomag,ルンルンした様子でダンボール箱を運ぶ猫　壁で行き止まりになったあとの「お茶目な姿」にクスッとする,https://news.yahoo.co.jp/articles/d43a26c01149d7e8fa2e83867fda6678a632351a,7/10(月) 19:00
nekomag,「猫に伝わった気がする」飼い主さんの声かけに反応する猫の気持ちとは,https://news.yahoo.co.jp/articles/2c1096921de251d0784b3a5bc16ed3a29693186a,7/10(月) 13:00
nekomag,小さな歯を「ニーッ」と見せる生後3カ月の保護子猫　成長しても変わらない表情が愛おしい,https://news.yahoo.co.jp/articles/6962ed539ff0268ba3b1a8cedc1cf431d8e56099,7/9(日) 19:00
nekomag,猫を複数飼いしてる飼い主さんだけが見られる猫同士のコミュニケーション　専門家に猫たちの心理を聞いた,https://news.yahoo.co.jp/articles/3363906ed108f10c1feb4b144bd377e333e8b165,7/9(日) 13:00
nekomag,猫をストレスから守る家　猫目線で考える、飼い主さんがしてあげたい工夫とは,https://news.yahoo.co.jp/articles/c5b6ac6c71f066536e719cf95e2b8ee9766dfe8c,7/9(日) 12:00
nekomag,甘え上手な猫がしがちなしぐさは　自分の可愛さをわかっているとしか思えない,https://news.yahoo.co.jp/articles/e237436b514159f067edbab7afd39f697a8c317b,7/9(日) 8:00
nekomag,寝ている猫の「アンモニャイト」に手を入れると　胸キュン展開に「幸せが凝縮されている」「素晴らしい光景」と反響,https://news.yahoo.co.jp/articles/7e5ec2d80805da91d6fd430fd59f93ab68360dc8,7/8(土) 21:00
nekomag,耐えられるわけない　仕事中の飼い主を「誘惑」する猫があざと可愛い,https://news.yahoo.co.jp/articles/c5a7bcb602cbf56df88d2d5e66497003ca8e06ed,7/8(土) 20:00
nekomag,ソファからキャットタワーへ飛び移ろうとする猫　あえて難しいほうを選ぶ「チャレンジ精神」がスゴい,https://news.yahoo.co.jp/articles/24cdd6243bf1b571e050f93fe2138392a5e3159c,7/8(土) 19:00
nekomag,食べたくなくてすることも　猫がゴハンに砂をかけるしぐさをする理由,https://news.yahoo.co.jp/articles/df2abeac871ac56db4f8cb73d557f07a5614f8d9,7/8(土) 13:00
nekomag,爪とぎポールに登る猫に思いもしない悲劇が。直後の“猫らしからぬ姿”に「腹筋崩壊」と反響相次ぐ,https://news.yahoo.co.jp/articles/ae2f83a7f91e3ebeb7685fa6b9652dbd48e64fde,7/7(金) 21:00
nekomag,もうすぐ25才の超ご長寿猫がかわいいと話題に　もとは公園でカラスに襲われそうだったところを保護されていた,https://news.yahoo.co.jp/articles/07272284420666bca54f51c78fe4772c11f2be00,7/7(金) 20:00
nekomag,ぬいぐるみを目がけてジャンプする猫　躍動感あふれる姿に「尊い」「可愛すぎて胸が痛い」と反響,https://news.yahoo.co.jp/articles/89d77d78e8ba12bab338d7d2a68527427b433e88,7/7(金) 19:00
nekomag,飼い主夫婦が「ふたりきり」になるのを絶対に許さない猫　猫はヤキモチをやくのか獣医師に聞いた,https://news.yahoo.co.jp/articles/5c9f5a102609882639da248a9fda7e2cf726a440,7/7(金) 13:00
nekomag,ひとり暮らしを始めた娘さんと10日ぶりの再会　「子猫モード」になって甘える10才の猫の姿に反響,https://news.yahoo.co.jp/articles/fe515b8664f2e2ea610b4268ff5841d1d8ae7802,7/6(木) 19:00
nekomag,半数以上の飼い主さんが複数持ちしていた　猫用キャリーバッグの種類と使い分け　選び方のコツは,https://news.yahoo.co.jp/articles/37626f29ef8d1182a20db7b1c023ac9c6733b1ff,7/6(木) 17:00
nekomag,実は警戒中？　猫の4つの座り方からわかる気持ち,https://news.yahoo.co.jp/articles/e046633698168bc2ab1e675dbc3668e7c121c3f3,7/6(木) 13:00
nekomag,「恵まれた労働環境」で羨ましい　リモートワーク中の飼い主さんの膝の上に乗る猫の心理は,https://news.yahoo.co.jp/articles/7697e02c10d4e390f6ec084bbbad3bb2838324dd,7/6(木) 8:00
nekomag,飼い主には見えない「なにか」に反応？　兄猫と新入り子猫の「初シンクロ」の様子にドキッとする,https://news.yahoo.co.jp/articles/1cd91f126c2c020f2154cba95dd0a84caddbe058,7/5(水) 21:00
nekomag,コンビニの前に捨てられていた生後間もない子猫　5年後の「自由に生きる甘ったれ坊や」に成長した姿にグッとくる,https://news.yahoo.co.jp/articles/7e4ea96389cf070f52daa3170faf575b75a445a3,7/5(水) 19:00
nekomag,猫がじっと見つめる・人と目が合うとまばたきするときの心理を専門家に聞いた,https://news.yahoo.co.jp/articles/38b64b94f2bfc10ba7c235fe475998146792f1dc,7/5(水) 13:00
nekomag,「ファーフリース」の服でついに覚醒?　猫が「ふみふみに目覚める瞬間」を獣医師に聞いた,https://news.yahoo.co.jp/articles/5da22fd5514d3d3c2f913c91e1e48a17de5491e0,7/5(水) 8:00
nekomag,動きがまるで「忍者」のよう　ごはん待ち中に「壁を走る」兄弟猫の姿が衝撃すぎて話題に,https://news.yahoo.co.jp/articles/d4d304082445838b323e1f9422be9949e74b98f7,7/4(火) 19:00
nekomag,細長い空き箱にぬるっと入ってジャストフィット　「猫が好む箱」の傾向を獣医師に聞いた,https://news.yahoo.co.jp/articles/e3a3efc04400665022f23396979afdc000bae8e2,7/4(火) 13:00
nekomag,生まれつき便秘気味&うんちがゆるめの猫もいる　うんちがゆるめの猫の対処法を獣医師に聞いた,https://news.yahoo.co.jp/articles/c2afb118d5c1e36ac2e0f47af9b342c00ba18b85,7/4(火) 12:00
nekomag,意外なことストレスに　日常生活で猫が感じるストレスの要因は,https://news.yahoo.co.jp/articles/acfd88fc2ee02ea3727df2091ed966044ce0c9f1,7/4(火) 8:00
nekomag,家に誰かが来ると二本足で立つ猫　人のような可愛い立ち姿に「来客対応できそう」などと反響,https://news.yahoo.co.jp/articles/fed0ab419fa94f6a0fe9070cb1ab8ccf174f3557,7/3(月) 21:00
nekomag,息子さんのそばに寄り添う生後2カ月の子猫　1年後の「変わらない関係性」にほっこりする,https://news.yahoo.co.jp/articles/8122a6b6ee88110f369d3e6b22fda18913080095,7/3(月) 19:00
nekomag,嗅覚が発達した猫ならではのしぐさも　猫がニオイを嗅ぐ理由を獣医師に聞いた,https://news.yahoo.co.jp/articles/c40faac5ecda9c1b5b9ba7e6beb6365f4517160a,7/3(月) 13:00
nekomag,「すりすり」「けりけり」「くねくね」よく見る猫のしぐさの心理を専門家に聞いた,https://news.yahoo.co.jp/articles/7a0c5124df3c9bd8a1b227cb297480e6f500ebaa,7/3(月) 8:00
nekomag,「飼い主の背中に乗る」のがブームの猫、どんな顔をしているのか見てみると「予想と違う顔」に爆笑！,https://news.yahoo.co.jp/articles/a2e7a687676619698c8e2daf1516ff37d2c824b7,7/2(日) 19:00
nekomag,猫に散歩をさせる飼い主の割合は　猫の散歩の必要性とメリット・デメリットを獣医師に聞いた,https://news.yahoo.co.jp/articles/884dde6dee4c077106853e8c092a89abf5d77116,7/2(日) 13:00
nekomag,猫にかかる月々のお金はいくらか知ってる？　キャットフードやトイレ以外にも必要な物はいろいろあった,https://news.yahoo.co.jp/articles/b2017108acb154cf520f2f7c44fb80341b839874,7/2(日) 12:00
nekomag,うちの猫、最近ウンチしてない？　猫の「便秘」の見極めポイントを解説,https://news.yahoo.co.jp/articles/e451bda99573ccc11b621aee4052a8ba1a9a7224,7/2(日) 8:00
