media_en,media_jp,title_articles,link_articles,date_original
tennisc,Tennis Classic,日比野菜緒、全豪準Vのジェンにフルセットで敗戦。ベスト16入りならず[ドバイ・デューティー・フリー・テニス選手権]【テニス】,https://news.yahoo.co.jp/articles/081c7656df81c9b27f948d20c1185d79b8721991,2/21(水) 13:09
tennisc,Tennis Classic,大坂なおみ、状態上向きも元女王対決で競り負け準々決勝敗退[カタール・トータルエナジー・オープン]【テニス】,https://news.yahoo.co.jp/articles/958d4f5464207bf6f3ef044760c58a081c65344f,2/16(金) 15:00
tennisc,Tennis Classic,大坂なおみが不戦勝で約1年10ヵ月ぶりのツアー8強入り [カタール・トータルエナジー・オープン]【テニス】,https://news.yahoo.co.jp/articles/d907bde1d2b00066f3145ecd7dbe4f19f419508a,2/15(木) 13:46
tennisc,Tennis Classic,大坂なおみ、3大会ぶりの勝利で初戦突破。ガルシアに全豪OPのリベンジ果たす[カタール・トータルエナジー・オープン]【テニス】,https://news.yahoo.co.jp/articles/0d9f94467e8523716599cc23c5eeedfa56179d0a,2/13(火) 12:10
tennisc,Tennis Classic,男子国別対抗戦デビスカップ 日本は9月にホームでコロンビアと対戦【テニス】,https://news.yahoo.co.jp/articles/1162618527cd5f1952e0b9bd9a791ae2c1aaf9c2,2/9(金) 17:10
tennisc,Tennis Classic,ダニエル太郎、世界15位ポールに敗れ8強入りならず[ダラス・オープン]【テニス】,https://news.yahoo.co.jp/articles/67b6a485d020d0f6de3ad4b5814e43a921d0f99a,2/8(木) 17:10
tennisc,Tennis Classic,[奥脇莉音のプロ奮闘記(27)]チュニジアのITF大会でダブルス3勝目! 日本リーグも負けなしと好スタート【テニス】,https://news.yahoo.co.jp/articles/64a4bde33fd70878dfa0fef8b3c76375fd0a50c6,2/8(木) 12:10
tennisc,Tennis Classic,元世界1位ベッカー氏、ルーネのコーチをわずか4ヵ月で辞任「彼に必要なことを与えられない」【テニス】,https://news.yahoo.co.jp/articles/1178436cf5920ab944a93b70bc445c8fd6e71d5c,2/7(水) 18:10
tennisc,Tennis Classic,西岡良仁、世界144位に苦戦もフルセットの戦いを制して初戦突破。2回戦で世界17位マナリノと対戦[ダラス・オープン]【テニス】,https://news.yahoo.co.jp/articles/ed772a2ad3b572b920ff2daa0612f2ec0cb874a6,2/7(水) 15:10
tennisc,Tennis Classic,復帰3戦目の大坂なおみ、元世界7位にストレートで敗れ初戦敗退 [ムバダラ・アブダビ・オープン]【テニス】,https://news.yahoo.co.jp/articles/f12807c1eddeff115d307a69b5799a7795889356,2/7(水) 7:10
tennisc,Tennis Classic,加藤未唯／スーチャディが今季マッチ初勝利からタイトル獲得。ペア通算3勝目[タイ・オープン]【テニス】,https://news.yahoo.co.jp/articles/693c46215e759750b3ced269a86b8a12fa3703e6,2/5(月) 12:10
tennisc,Tennis Classic,日本が3勝1敗でレバノンを下しワールドグループ1部残留。エース西岡良仁が単複で勝利 [デビスカップ 日本対レバノン]【テニス】,https://news.yahoo.co.jp/articles/a1ddd1f40079725a6928b499799726de58403620,2/4(日) 6:50
tennisc,Tennis Classic,エースの西岡良仁が貫禄の勝利挙げるも綿貫陽介が敗れて1勝1敗で2日目へ。添田豪監督「チーム一丸となって頑張っていきたい」[デビスカップ 日本対レバノン]【テニス】,https://news.yahoo.co.jp/articles/d8c1ca4553a199995b09503347d52797575287f6,2/3(土) 6:50
tennisc,Tennis Classic,世界7位ルーネとわずか2か月足らずのタッグにルティ氏「半年後よりも今別れた方がいい」【テニス】,https://news.yahoo.co.jp/articles/4463fc2a51f476d744373f9be5fc9e5f042ba32e,2/2(金) 17:10
tennisc,Tennis Classic,デ杯レバノン戦では西岡良仁と綿貫陽介をシングルスに起用。全豪Jr.優勝の坂本怜は控えに【テニス】,https://news.yahoo.co.jp/articles/98b85773a018d9787309852918314cc6cb55793a,2/2(金) 13:00
tennisc,Tennis Classic,シナーがグランドスラム初優勝! メドベデフを2セットダウンから下す大逆転[全豪オープン]【テニス】,https://news.yahoo.co.jp/articles/2e882b9034aa9a437a71a0c46dbfcf6db761fed1,1/28(日) 21:52
tennisc,Tennis Classic,小田凱人が全豪初優勝で再び1位の座に! 生涯グランドスラムに残すは全米のみ[全豪オープン]【テニス】,https://news.yahoo.co.jp/articles/4a55094eadb655ddefb7f51f368b8fda128d9cae,1/28(日) 6:30
tennisc,Tennis Classic,坂本怜、日本男子として2人目のグランドスラムジュニア制覇!「ATPで上にいくためのきっかけに」[全豪オープン]【テニス】,https://news.yahoo.co.jp/articles/07ff9d572a9decbd0d589751f94073ed801c1e79,1/28(日) 6:10
tennisc,Tennis Classic,メドベデフ、2セットダウンからズベレフを撃破し決勝へ! 2021年全米以来のグランドスラム2勝目に王手[全豪オープン]【テニス】,https://news.yahoo.co.jp/articles/31762ed0e0abb94128452581090dd256e170a248,1/26(金) 22:28
tennisc,Tennis Classic,シナーがグランドスラム初の決勝進出! 王者ジョコビッチにブレークポイント与えず[全豪オープン]【テニス】,https://news.yahoo.co.jp/articles/eb5cc02d7f59f1639d505260c603fe73b6c8f930,1/26(金) 16:36
tennisc,Tennis Classic,小田凱人が2年連続で決勝進出! リオパラ金メダリストとの接戦制す[全豪オープン]【テニス】,https://news.yahoo.co.jp/articles/7f7775a08a64f31d4f729e916f89106021787a78,1/25(木) 19:10
tennisc,Tennis Classic,マイケル・チャンの娘が世界最高峰のジュニア大会で躍動! 38年前の父の背中追う【テニス】,https://news.yahoo.co.jp/articles/a6b2558848b854aee225da669b914217ccddf9b8,1/25(木) 17:10
tennisc,Tennis Classic,ズベレフ、世界2位アルカラスを退け全豪オープンで4年ぶりの準決勝進出 [全豪オープン]【テニス】,https://news.yahoo.co.jp/articles/b3dfc5f46ee60ce2c637da00a28b7e429052ced2,1/25(木) 7:10
tennisc,Tennis Classic,日本代表選出の坂本怜がジュニア男子シングルス8強、ダブルス4強! 女子の齋藤咲良、小池愛菜も勝ち上がり好調維持 [全豪オープン]【テニス】,https://news.yahoo.co.jp/articles/5a7d4f4a60027028ef258b889a8f1e777e5d1ced,1/24(水) 20:50
tennisc,Tennis Classic,メドベデフが世界9位フルカチュとの4時間マッチを制して2年ぶりの準決勝進出「誇りに思う」[全豪オープン]【テニス】,https://news.yahoo.co.jp/articles/502bb9cdeb00b12bf0a3e6d59ff873590a80688c,1/24(水) 18:50
tennisc,Tennis Classic,ジョコビッチ、世界12位フリッツを下しグランドスラム48度目のベスト4進出 [全豪オープン]【テニス】,https://news.yahoo.co.jp/articles/70feb2b52159334a28d6bd12e66a7226b3a0139e,1/24(水) 7:10
tennisc,Tennis Classic,全米女王のガウフ が3時間超の激闘を制して全豪初の4強「もっといいプレーができるといい」[全豪オープン]【テニス】,https://news.yahoo.co.jp/articles/23242e82fed9c2f6147fab3d7a73e15175175f53,1/23(火) 17:31
tennisc,Tennis Classic,西岡良仁、綿貫陽介ら5名がデビスカップ日本代表に選出。レバノン戦へ添田豪監督「強いメンバーを選べた」【テニス】,https://news.yahoo.co.jp/articles/1d8a0951b5c5c88c4f7f4671e0557f898dc86a0e,1/23(火) 17:10
tennisc,Tennis Classic,「第47回東京都私立中学高等学校選手権大会」個人の部、男子は佐藤遥太が連覇、女子は相良祐貴菜が1年生にして優勝【テニス】,https://news.yahoo.co.jp/articles/4a5c7e3053e88e3999b4f5dd94cbd7c0c9210d1c,1/22(月) 17:40
tennisc,Tennis Classic,ジュニア女子の齋藤咲良＆小池愛菜がシードを守りベスト16入り。木下晴結は2回戦敗退[全豪オープン]【テニス】,https://news.yahoo.co.jp/articles/478bc9954bb39cd1d9c44acf9b0627d54062ff0c,1/22(月) 16:03
tennisc,Tennis Classic,ジョコビッチ、全豪100試合目を白星で飾る。快勝でベスト16入りも「まだベストのプレーができていない」[全豪オープン]【テニス】,https://news.yahoo.co.jp/articles/600d5126bc22311ee977f4d4d44dd27aad960882,1/20(土) 12:20
tennisc,Tennis Classic,メドベデフが2セットダウンから大逆転勝利で3回戦へ。深夜3時40分にまで及ぶ死闘に「この一戦は確実に僕の記憶に残る」[全豪オープン]【テニス】,https://news.yahoo.co.jp/articles/ef57f87ef328b9ccccd85a311b4742092e4e4396,1/19(金) 12:10
tennisc,Tennis Classic,世界57位のブリンコワが30分以上に及ぶタイブレークを制して前年準優勝のリバキナを撃破!「最後の瞬間までベストを尽くし、楽しむだけだと言い聞かせていた」[全豪オープン]【テニス】,https://news.yahoo.co.jp/articles/80ca75be3878ce2bb4f2dbf575bfe416f023992a,1/19(金) 7:10
tennisc,Tennis Classic,[奥脇莉音のプロ奮闘記(26)]日本リーグ1stステージ全勝、台湾遠征では元世界33位の指導を受け「キツい中にも学びのある練習になりました」【テニス】,https://news.yahoo.co.jp/articles/f72c1f0834c95edff86011365e44138d8eb36076,1/18(木) 17:10
tennisc,Tennis Classic,シフィオンテクが絶体絶命のピンチを跳ねのけて3時間14分の激闘を制す。敗れたコリンズは今季限りでの引退表明 [全豪オープン]【テニス】,https://news.yahoo.co.jp/articles/a2fba248dd9fe00c73764cebab4fb8b869b44446,1/18(木) 15:07
tennisc,Tennis Classic,ジョコビッチ、世界43位に苦しめられるも16度目の3回戦進出[全豪オープン]【テニス】,https://news.yahoo.co.jp/articles/dc16d7e4b2e40ff04bbb6c1efb33a8eb29a506bf,1/17(水) 21:59
tennisc,Tennis Classic,16歳アンドレーワがトップ10から初勝利。世界6位ジャバーにわずか2ゲームしか与えず圧倒[全豪オープン]【テニス】,https://news.yahoo.co.jp/articles/657dfbc11665afaf9ec1ee5803f41f56268ec6a6,1/17(水) 17:40
tennisc,Tennis Classic,西岡良仁、世界8位ルーネに善戦も3時間超の熱戦で一歩及ばず初戦敗退[全豪オープン]【テニス】,https://news.yahoo.co.jp/articles/937c401ce518f69ac8fff53f02e8573565a22951,1/16(火) 16:07
tennisc,Tennis Classic,大坂なおみ、出産後初のグランドスラムは初戦敗退。元世界4位に接戦で敗れる [全豪オープン]【テニス】,https://news.yahoo.co.jp/articles/6baf76fc687f112ae2bc2a7476cbd04c8bbd44d3,1/15(月) 21:29
tennisc,Tennis Classic,綿貫陽介、世界60位ケツマノビッチに逆転を許し2年連続の初戦突破ならず [全豪オープン]【テニス】,https://news.yahoo.co.jp/articles/4072443d6d1a1ee1b09d12d1aaec5eda6182ab9b,1/15(月) 20:46
tennisc,Tennis Classic,ダニエル太郎、3年連続の2回戦進出ならず。世界35位にストレートで敗れる[全豪オープン]【テニス】,https://news.yahoo.co.jp/articles/2c0cf95a946fc7cbca0a1e0a5c39f687ae4a6464,1/15(月) 16:57
tennisc,Tennis Classic,ジョコビッチ、グランドスラム初出場の18歳に苦戦も初戦突破。史上最多25度目のグランドスラム制覇狙う[全豪オープン]【テニス】,https://news.yahoo.co.jp/articles/72900ed494d090d79c88b1f41a336b971754b7fe,1/14(日) 21:56
tennisc,Tennis Classic,日比野菜緒、世界8位サッカリーの壁に阻まれストレートで敗れる[全豪オープン]【テニス】,https://news.yahoo.co.jp/articles/967b39a418e9166c994c9fa208204d102b421128,1/14(日) 17:17
tennisc,Tennis Classic,望月慎太郎、昨年ウィンブルドン以来2度目のグランドスラム本戦も初戦敗退 [全豪オープン]【テニス】,https://news.yahoo.co.jp/articles/2cc0e64f948bdd551e2a371e91a8063dfb73ccaa,1/14(日) 16:13
tennisc,Tennis Classic,本玉真唯、トップ10から初白星ならず。21年全仏女王を追い詰めるもあと一歩及ばず初戦敗退[全豪オープン]【テニス】,https://news.yahoo.co.jp/articles/72f7256abfb3720b6cec01bafdc32586d6eec973,1/14(日) 12:54
tennisc,Tennis Classic,ダニエル太郎、好プレーに阻まれツアー2勝目はお預けも全豪オープンに弾み[ASBクラシック]【テニス】,https://news.yahoo.co.jp/articles/efa7491bb6923584723d52f9f6f5c01ae3ea6e75,1/13(土) 13:43
tennisc,Tennis Classic,望月慎太郎、予選決勝で敗れるもラッキールーザーで本戦入り。初戦は世界73位と[全豪オープン]【テニス】,https://news.yahoo.co.jp/articles/9be317a45bbb04d4c4ca487aeaecbafc05166077,1/12(金) 19:10
tennisc,Tennis Classic,大坂なおみ、2度優勝経験のある全豪オープンに「懐かしさを感じる。また勝ちたい」。初戦は元世界4位のガルシア[全豪オープン]【テニス】,https://news.yahoo.co.jp/articles/e3286893cc5f8800be29afe996f1d9d001dc187b,1/12(金) 15:10
tennisc,Tennis Classic,ダニエル太郎、5年8ヵ月ぶりのツアー決勝進出! 世界16位シェルトンを下してツアー2勝目に王手[ASBクラシック]【テニス】,https://news.yahoo.co.jp/articles/3cc2dfd2f29909cc0fedc1f4432da81aca215d5d,1/12(金) 11:34
tennisc,Tennis Classic,望月慎太郎が2度目のグランドスラム本戦に王手。地元選手をストレートで破り予選決勝に[全豪オープン]【テニス】,https://news.yahoo.co.jp/articles/2bb6921622e6d11f64f189872cd8a2633a1e7da8,1/12(金) 7:10
tennisc,Tennis Classic,大坂なおみ、初戦で元世界4位ガルシアと対戦。日比野菜緒、本玉真唯もシード勢と激突[全豪オープン]【テニス】,https://news.yahoo.co.jp/articles/8476886c8c548a9f8fe8cb63706dbbd77b6eecb8,1/11(木) 15:10
tennisc,Tennis Classic,西岡良仁は世界8位ルーネと初戦で激突。ダニエル太郎は世界34位、綿貫陽介は世界55位と対戦[全豪オープン]【テニス】,https://news.yahoo.co.jp/articles/ce4ed790640e2712540df8dd411b41dded92633e,1/11(木) 15:10
tennisc,Tennis Classic,ダニエル太郎、全豪オープン前哨戦で1年9ヵ月ぶりのツアー4強! 2時間半超の熱戦制す[ASBクラシック]【テニス】,https://news.yahoo.co.jp/articles/3f96f6acf4506d52252bbb309f4a8fc3fd07d569,1/11(木) 12:30
tennisc,Tennis Classic,望月慎太郎がシングルス予選2回戦に進出。島袋将はフルセットで敗れる[全豪オープン]【テニス】,https://news.yahoo.co.jp/articles/108934e785a45464b9371b40ff9e4695e13461ae,1/11(木) 7:10
tennisc,Tennis Classic,ATPとWTAが午後11時以降の試合開始を制限。2025年には大会毎に変わる使用球も見直しへ【テニス】,https://news.yahoo.co.jp/articles/b9e83d485afb6377c34818815ea721f37fd880b8,1/10(水) 19:10
tennisc,Tennis Classic,ダニエル太郎、全豪オープン前哨戦で世界45位をストレートで下してツアー8強[ASBクラシック]【テニス】,https://news.yahoo.co.jp/articles/2e6dd2d494b690fc91cbbe1afd6379b3314dbe65,1/10(水) 12:38
tennisc,Tennis Classic,内島萌夏がシングルス予選2回戦に進出。坂詰姫野、清水悠太は初戦で敗れる[全豪オープン]【テニス】,https://news.yahoo.co.jp/articles/d43d1a3209375f8b77418ba7ddb9711e5f0f3596,1/10(水) 7:10
tennisc,Tennis Classic,ディミトロフ、6年2ヵ月ぶりとなる9度目のツアー優勝に「この4、5ヵ月でやってきたことが報われた」[ブリスベン国際]【テニス】,https://news.yahoo.co.jp/articles/474a3da11480ad67dab09d3d7c263df3a2cafa97,1/9(火) 17:17
tennisc,Tennis Classic,ナダルが左足負傷で全豪オープンを欠場「5セットマッチで最大限の力を発揮できない」【テニス】,https://news.yahoo.co.jp/articles/ce1ca70664856e19583d8a32bc627e916ae5f068,1/9(火) 11:22
tennisc,Tennis Classic,「第29回むさしの村ニューイヤージュニア」のU12男女シングルスの優勝者が決定！＜プレー写真＆勝ち上がり表＞【テニス】,https://news.yahoo.co.jp/articles/b1ece4bbc77eaac5463f9468449b9a854e6c03ab,1/6(土) 15:07
tennisc,Tennis Classic,ナダルが約1年ぶりの復帰戦でベスト8「ポジティブな試合だった」と好感触[ブリスベン国際]【テニス】,https://news.yahoo.co.jp/articles/b47f9a2abafa40f49d3fe5a35fc435d3fbdbd977,1/5(金) 15:37
tennisc,Tennis Classic,「第29回むさしの村ニューイヤージュニア」のU18男女シングルスの優勝者が決定！ U12男女も4強が揃う＜プレー写真＆勝ち上がり表＞【テニス】,https://news.yahoo.co.jp/articles/2c469eb44ebc3af85c2c620a2267241a431c199c,1/5(金) 12:30
tennisc,Tennis Classic,「第29回むさしの村ニューイヤージュニア」のU16＆U14男女の優勝者が決定！＜プレー写真＆勝ち上がり表＞【テニス】,https://news.yahoo.co.jp/articles/716ccd039e0f180f2e09947b838ac307973044c4,1/4(木) 14:44
tennisc,Tennis Classic,「第29回むさしの村ニューイヤージュニア」のU16女子の4強＆U14男子の8強が決定＜プレー写真＆勝ち上がり表＞【テニス】,https://news.yahoo.co.jp/articles/4bbb7b0c7e88d756982ad03b14c02c9b12fa0a2d,1/3(水) 16:46
tennisc,Tennis Classic,大坂なおみ、出産後の復帰大会は2回戦敗退。元世界1位プリスコバに逆転負けを喫す[ブリスベン国際]【テニス】,https://news.yahoo.co.jp/articles/ab56d11519c5a0dd77c7a1171a1f28cdc12f0c3c,1/3(水) 12:28
tennisc,Tennis Classic,「第29回むさしの村ニューイヤージュニア」のU16男子の8強＆U14女子の4強が決定＜プレー写真＆勝ち上がり表＞【テニス】,https://news.yahoo.co.jp/articles/38a3398642895d2eaf4ed0d03871a09d4494cb93,1/2(火) 16:35
tennisc,Tennis Classic,「第29回むさしの村ニューイヤージュニア」のU18男女のベスト4が出揃う＜プレー写真＆勝ち上がり表＞【テニス】,https://news.yahoo.co.jp/articles/ee290fdd1e55b7429e74f1381fcce72db5f76d11,1/1(月) 13:30
tennisc,Tennis Classic,大坂なおみ、出産を経て約1年3ヵ月ぶりの復帰戦で世界83位を下す。2回戦では元世界ランク1位と[ブリスベン国際]【テニス】,https://news.yahoo.co.jp/articles/d4daac52fea77efef48ad84d57080194d320be20,1/1(月) 12:19
tennisc,Tennis Classic,年末年始恒例の「第29回むさしの村ニューイヤージュニア」がスタート。U18男子のベスト32決まる＜プレー写真＆勝ち上がり表＞【テニス】,https://news.yahoo.co.jp/articles/6b8a976803b570b9b4c8cda80138c60018797354,2023/12/31(日) 13:46
tennisc,Tennis Classic,西岡良仁ら多くの日本男子が自己最高を更新! 高田充・日本男子ナショナルヘッドコーチに聞く2023年シーズン「日本人同士で刺激し合った」【テニス】,https://news.yahoo.co.jp/articles/b25fe63783d91ed69e001dc70bebb229a040bf91,2023/12/29(金) 7:00
tennisc,Tennis Classic,西岡良仁、左肩痛の影響で来季開幕戦を欠場も「全豪には間に合います」。前哨戦「アデレード国際」に出場予定【テニス】,https://news.yahoo.co.jp/articles/4443f1e697c207db3cbfafee82c5d71c5b45c9c9,2023/12/28(木) 12:18
tennisc,Tennis Classic,大坂なおみ、出産から約6ヵ月で実戦復帰へ。31日開幕の全豪オープン前哨戦に出場【テニス】,https://news.yahoo.co.jp/articles/6ed7d4b15f8f37a1d48ae74a67444b26854dfbe3,2023/12/26(火) 17:10
tennisc,Tennis Classic,20歳の望月慎太郎、木下グループと所属契約を結ぶ「トップに向かって走り続けるのみ」【テニス】,https://news.yahoo.co.jp/articles/00c62b0dc8089682fd00347dc3d99bb4ff467c6f,2023/12/25(月) 19:10
tennisc,Tennis Classic,世界2位のアルカラスと4位のシナーが来季に向けて合同トレ「素晴らしいセッションだった」【テニス】,https://news.yahoo.co.jp/articles/eb96aea457a3fae6f3f09c3beb38922040b8b59b,2023/12/22(金) 19:10
tennisc,Tennis Classic,錦織圭、怪我からの復帰へ「しっかりと1年を戦えるようになること。それを第一の目標に」＜ WOWOWインタビュー＞【テニス】,https://news.yahoo.co.jp/articles/6d39eb0f4f3ed84ba5df6f6ab6f9c69a8789d442,2023/12/22(金) 15:40
tennisc,Tennis Classic,Next Gen ATPファイナルズの出場資格が2024年から20歳以下に。ATPが若手選手の強化をサポート【テニス】,https://news.yahoo.co.jp/articles/a45e6d5dab73a62dcc8837311de38ef47711ffe3,2023/12/21(木) 17:30
tennisc,Tennis Classic,世界8位ルーネがフェデラーの元コーチを招聘。10月にはグランドスラム通算6勝のベッカー氏がチームに加入【テニス】,https://news.yahoo.co.jp/articles/ebd08e745190e195946eae38c3b524bef921c122,2023/12/21(木) 12:10
tennisc,Tennis Classic,ナダルの約1年ぶりの復帰にコーチのモヤ氏「グランドスラムは心配」とフィジカル面に不安【テニス】,https://news.yahoo.co.jp/articles/294a542f8482a874f4cdbec6d7a3c6d3cba2d94f,2023/12/20(水) 15:10
tennisc,Tennis Classic,世界2位アルカラス、全豪オープンにコーチのフェレーロ氏が帯同せず【テニス】,https://news.yahoo.co.jp/articles/9d2867d839c6d22ba4ba78bb153d1297d9370039,2023/12/18(月) 12:42
tennisc,Tennis Classic,元世界6位のベレッティーニ、新コーチにナダルを18年支えたロイグ氏を招聘【テニス】,https://news.yahoo.co.jp/articles/978242278cb7c4139a90732c356c29a4795ebfe0,2023/12/15(金) 17:10
tennisc,Tennis Classic,ジョコビッチ＆サバレンカがITF世界チャンピオンに。グランドスラムで秀でた勝負強さ見せる【テニス】,https://news.yahoo.co.jp/articles/d482a81c31ea64adaf7a3432fd79fa06622de432,2023/12/15(金) 15:10
tennisc,Tennis Classic,世界4位シナーの躍進を支えた2人のコーチがATPアワードを受賞【テニス】,https://news.yahoo.co.jp/articles/cd8e566b1c246c7a6157f19cfaa0e8244eab86b4,2023/12/14(木) 17:10
tennisc,Tennis Classic,シナー、ファンが選ぶ最も好きな選手に選出。フェデラー、ナダルらに続いて受賞【テニス】,https://news.yahoo.co.jp/articles/1737188e2fc4b5001d6a752585603c7de16a00b4,2023/12/13(水) 15:10
tennisc,Tennis Classic,世界1位のシフィオンテクが2年連続の年間最優秀選手に選出「このような評価をしてくれてありがとう」【テニス】,https://news.yahoo.co.jp/articles/71be869657f8f440d0c167529277922c3ea9699c,2023/12/12(火) 15:10
tennisc,Tennis Classic,西岡良仁「このチャンスをどう使うか」。第3回「Yoshi’s CUP」は昨年全敗の川西飛生が活動支援金300万円を獲得【テニス】,https://news.yahoo.co.jp/articles/165cad53b5249995fa26fb74afc1b58cc84f6781,2023/12/11(月) 14:14
tennisc,Tennis Classic,西岡良仁主催の第3回「Yoshi’s CUP」が開催! ジュニア大会では異例の活動支援金300万円を懸けた戦い【テニス】,https://news.yahoo.co.jp/articles/1cd1910550bd15d65dd2ca978c234ad8bae49706,2023/12/10(日) 7:10
tennisc,Tennis Classic,元世界1位のナダル、「最後の年になる可能性はある」と来季の引退示唆も「期限を設ける必要はない」【テニス】,https://news.yahoo.co.jp/articles/fb0cfa496815cf53a8bd2b79ef3717cd9590ed65,2023/12/8(金) 15:10
tennisc,Tennis Classic,全豪オープンが男女シングルスの本戦エントリーリストを発表。日本勢では大坂なおみら4名が名を連ねる【テニス】,https://news.yahoo.co.jp/articles/5c0ee38521cab70462d22a5aa8298f834ddc8426,2023/12/7(木) 16:31
tennisc,Tennis Classic,ナダル、キャリア最大の休養から来季開幕戦で復帰「自分に何も期待しない」【テニス】,https://news.yahoo.co.jp/articles/77c7eb1fe140c0e41cb64f2db9d6564c98cbf770,2023/12/5(火) 19:55
tennisc,Tennis Classic,メジェドビッチが全勝で21歳以下最終戦を制す「来季に向けて大きな弾みがつく」[Next Gen ATPファイナルズ]【テニス】,https://news.yahoo.co.jp/articles/4f775676e0eb741ba64b4d09eac5ca488aed7dc4,2023/12/4(月) 15:42
tennisc,Tennis Classic,[奥脇莉音のプロ奮闘記(25)]ITF10万ドル大会出場など刺激の多かった1ヵ月「日本リーグでもチームに貢献できるよう頑張ります！」【テニス】,https://news.yahoo.co.jp/articles/5139406eb442652990ffe697c12cb51764418f4b,2023/12/4(月) 15:10
tennisc,Tennis Classic,21歳以下の最終戦ベスト4が出揃う。フィスやメジェドビッチが3連勝で決勝トーナメントへ[Next Gen ATPファイナルズ]【テニス】,https://news.yahoo.co.jp/articles/a127bc51f642bb5612a9957ff2e3de21f1babd8a,2023/12/1(金) 17:10
tennisc,Tennis Classic,今季4勝のシナーが最も躍進した選手に送られるMIP賞などATPアワード2部門にノミネート【テニス】,https://news.yahoo.co.jp/articles/53adab1c236c58dfcd1b2ad997314bed300da314,2023/11/30(木) 19:10
tennisc,Tennis Classic,「第48回東京都私立中学高等学校テニス選手権大会（団体の部）」は男子がかえつ有明中高、女子が東京高が優勝【テニス】,https://news.yahoo.co.jp/articles/e4b1eebf7486cce9466626612d888291d44fad52,2023/11/29(水) 15:10
tennisc,Tennis Classic,綿貫陽介、満身創痍の中で清水悠太を下して今季チャレンジャー初優勝[横浜慶應チャレンジャー2023 supported by 三田興産]【テニス】,https://news.yahoo.co.jp/articles/c7ad6b21c7b4ea1fb8bb1d9102a6d7eda4560118,2023/11/27(月) 7:30
tennisc,Tennis Classic,綿貫陽介が2年連続で決勝進出。チャレンジャー初優勝を狙う清水悠太と対戦[横浜慶應チャレンジャー2023 supported by 三田興産]【テニス】,https://news.yahoo.co.jp/articles/20eeb9c9bf526833758491450d26fad3b2f4c43c,2023/11/25(土) 18:12
tennisc,Tennis Classic,綿貫陽介、逆転勝ちで4強入りもかぶとの緒を締める「初心に帰る」。清水悠太、内山靖崇も準決勝進出[横浜慶應チャレンジャー2023 supported by 三田興産]【テニス】,https://news.yahoo.co.jp/articles/5ad3837a1df18722aef2ae95662577c6dbb419ad,2023/11/24(金) 20:19
tennisc,Tennis Classic,世界8位ルーネ、今季終盤にコーチ就任したベッカー氏とのパートナーシップは来季も継続【テニス】,https://news.yahoo.co.jp/articles/9f0225e6beea607484861483c067bfbc4d6d5b34,2023/11/22(水) 15:10
tennisc,Tennis Classic,土居美咲らトップ選手を指導してきた佐藤雅弘トレーナー「グランドスラムの2週間を戦い続ける身体づくりが必要」［前編］【テニス】,https://news.yahoo.co.jp/articles/96a5a3143a3124d401509aef5699d420caf79fe6,2023/11/21(火) 12:10
tennisc,Tennis Classic,土居美咲らトップ選手を指導してきた佐藤雅弘トレーナー、終わりがないトレーニングも「1からきっちり段階を踏む」［後編］【テニス】,https://news.yahoo.co.jp/articles/7ef5f1040123cfd636f74b18ce9031c6302dd402,2023/11/21(火) 12:10
tennisc,Tennis Classic,ジョコビッチ、シナーを下して史上最多7度目のツアー最終戦V! 3度のグランドスラム制覇など今季7勝目に「これ以上は望めない」[Nitto ATPファイナルズ]【テニス】,https://news.yahoo.co.jp/articles/912789b1d84b0716aaa62a31205b3beb3d364960,2023/11/20(月) 13:00
tennisc,Tennis Classic,ジョコビッチ、アルカラスに完勝! 史上最多7度目のタイトルへ決勝でシナーと対戦「数日前の試合を分析する」[Nitto ATPファイナルズ]【テニス】,https://news.yahoo.co.jp/articles/77b31f9cf043adc7ae8de8650a26feb059594ec6,2023/11/19(日) 15:10
tennisc,Tennis Classic,シナー、メドベデフを下してツアー最終戦の初の決勝進出。ジョコビッチとの決勝に「100％を出し切る」[Nitto ATPファイナルズ]【テニス】,https://news.yahoo.co.jp/articles/6b4e2db3bfe4c3ff205d8ac272bdb55d4be57e19,2023/11/19(日) 15:10
tennisc,Tennis Classic,男子は田畑遼、女子は黄川田莉子が全豪オープンジュニアワイルドカードを獲得[2024 ダンロップ ロード トゥ ザ オーストラリアンオープン イン 四日市]【テニス】,https://news.yahoo.co.jp/articles/51aef662c82b84df23b5ead18386ec83c1ff5b28,2023/11/18(土) 12:30
tennisc,Tennis Classic,シナーが予選3連勝でイタリア人初の決勝トーナメント進出「観客がたくさんの力を与えてくれる」[Nitto ATPファイナルズ]【テニス】,https://news.yahoo.co.jp/articles/744e254e7007c932efa4969a5a1e32c91a2e8c76,2023/11/17(金) 17:10
tennisc,Tennis Classic,ジョコビッチ、史上最多7度目のタイトル奪取に一歩前進。フルカチュを下して決勝トーナメント進出[Nitto ATPファイナルズ]【テニス】,https://news.yahoo.co.jp/articles/a775dc13dd5fba9a5e9747028a73b765823ff189,2023/11/17(金) 15:10
tennisc,Tennis Classic,メドベデフがズベレフを下し2連勝で決勝トーナメント進出! 第3戦も「ベストを尽くす」[Nitto ATPファイナルズ]【テニス】,https://news.yahoo.co.jp/articles/6706b4f6b8cfd398203177f006f356089fa4bbd1,2023/11/16(木) 18:07
tennisc,Tennis Classic,アルカラスが大会初白星で決勝トーナメント進出に望み「勝ったことは大きな自信になった」[Nitto ATPファイナルズ]【テニス】,https://news.yahoo.co.jp/articles/eb04e66d78f0b298584f255c528006c407f2d5cc,2023/11/16(木) 18:04
tennisc,Tennis Classic,チチパスが背中の負傷でツアー最終戦を棄権「コートではひどい気分だった」【テニス】,https://news.yahoo.co.jp/articles/e9f11ddde68ed06597e6c8a13bb5721c92bcb3fc,2023/11/15(水) 14:00
tennisc,Tennis Classic,ダニエル太郎、イタリアの20歳にV阻止され2週連続優勝ならず「愛媛国際オープン」【テニス】,https://news.yahoo.co.jp/articles/8da432bca552532bdf564edfb1a24a0ca61aeffd,2023/11/13(月) 12:10
tennisc,Tennis Classic,福岡が33年ぶり2度目の優勝! 決勝まで無敗の愛知を下す[全国レディース]【テニス】,https://news.yahoo.co.jp/articles/8f690a2fb0155189eaef0d4d48e142021f79c16b,2023/11/12(日) 12:10
tennisc,Tennis Classic,青山修子／柴原瑛菜の日本最強ペアが殊勲の白星! 日本は3勝2敗でコロンビアを下して来季のファイナル予選へ【テニス】,https://news.yahoo.co.jp/articles/d4b25d4d1c5de7cfa43450f6969b21b90e178e58,2023/11/11(土) 20:32
tennisc,Tennis Classic,[奥脇莉音のプロ奮闘記(24)]全日本選手権は悔しい初戦敗退も自分のテニスを再確認「日々の積み重ねが足りない」【テニス】,https://news.yahoo.co.jp/articles/6faa2085a23d8c46596a8b9b904b4c8b616369e0,2023/11/11(土) 12:10
tennisc,Tennis Classic,日比野菜緒が勝利を挙げて女子国別対抗戦BJK杯は1勝1敗で2日目へ【テニス】,https://news.yahoo.co.jp/articles/0a50dd4a22e022ee5de91d418402e5beee79aeb8,2023/11/10(金) 21:40
tennisc,Tennis Classic,「第46回むさしの村クレーコート選手権大会」男女シングルスなど各種目の優勝者が決定！【テニス】,https://news.yahoo.co.jp/articles/85428b675e9e761cc86f4e9a92ba94bfcbd6cbfd,2023/11/7(火) 7:10
tennisc,Tennis Classic,中川直樹や守屋宏紀らが予選突破。日本での4週連続チャレンジャー初戦「愛媛国際オープン」が開幕【テニス】,https://news.yahoo.co.jp/articles/bc04ec6143b2f72cde8e30a3ddec021e1d01454a,2023/11/7(火) 6:50
tennisc,Tennis Classic,徳田廉大、白石光を下して大会初優勝。“最悪の決勝戦”から5年を経て悲願のタイトル奪取「やっと報われた」[全日本テニス選手権]【テニス】,https://news.yahoo.co.jp/articles/5c76803519340ecce5749239f5458d47029b8b53,2023/11/6(月) 8:30
tennisc,Tennis Classic,18年準優勝の徳田廉大とプロ転向1年目の白石光が決勝で対戦[全日本テニス選手権]【テニス】,https://news.yahoo.co.jp/articles/6732748dbd8195718c6c7b05315ba080a221a970,2023/11/5(日) 10:00
tennisc,Tennis Classic,加治遥が11度目の挑戦で全日本チャンピオンに「やっと獲れた」[全日本テニス選手権]【テニス】,https://news.yahoo.co.jp/articles/4995a2cf276fc9a53d13c5cf281688f1917b670c,2023/11/5(日) 10:00
tennisc,Tennis Classic,片山翔が3年連続5度目、徳田廉大が2018年大会以来のベスト4に[全日本テニス選手権]【テニス】,https://news.yahoo.co.jp/articles/ed15f87d6ff3926dc43e329b95d368e03245b1fd,2023/11/4(土) 9:40
tennisc,Tennis Classic,加治遥と西郷里奈が決勝に進出。12年ぶりに上位2シードの対戦に[全日本テニス選手権]【テニス】,https://news.yahoo.co.jp/articles/acc2af68a87c4f63bb05a50480711d9b112fee39,2023/11/4(土) 9:40
tennisc,Tennis Classic,加治遥や西郷里奈、伊藤あおいの上位3シードと清水映里が4強![全日本テニス選手権]【テニス】,https://news.yahoo.co.jp/articles/ec5c5e2068f93ea0e82ac2b4d09ee3a01c7f1873,2023/11/3(金) 8:40
tennisc,Tennis Classic,白石光がベスト8の壁を破りプロ転向1年目で4強。予選から快進撃を続ける上杉海斗と準決勝で激突[全日本テニス選手権]【テニス】,https://news.yahoo.co.jp/articles/647f1ccf76a27171256cbe29c9edeb72ccdb557a,2023/11/3(金) 8:40
tennisc,Tennis Classic,昨年4強の伊藤あおいが変幻自在なプレーで相手を圧倒し準々決勝進出[全日本テニス選手権]【テニス】,https://news.yahoo.co.jp/articles/10caf07b088f4c7647c90a1bdbce357afea151a2,2023/11/2(木) 8:50
tennisc,Tennis Classic,予選から出場の上杉海斗が単複8強。関口周一は3回戦敗退でコートを去る「大好きなテニスをできた14年だった」[全日本テニス選手権]【テニス】,https://news.yahoo.co.jp/articles/356febe5cc00339d6887a8b5b29bcbc1c1f0f107,2023/11/2(木) 8:50
tennisc,Tennis Classic,錦織圭、試合に出られない日々が続き「もう試合に出させてくれてもいいんじゃないか」と苦しい胸中を明かす【テニス】,https://news.yahoo.co.jp/articles/0a2a4c59ed8da6a20886c54f8d78a948bddf77ad,2023/11/1(水) 13:10
tennisc,Tennis Classic,第1シードの加治遥が初戦突破。グランドスラム初挑戦もあった今年の結果に「プラスに捉えて自信にしたい」[全日本テニス選手権]【テニス】,https://news.yahoo.co.jp/articles/50d5cdcbdd922918803cfd6164a214710fd1a29a,2023/11/1(水) 7:10
tennisc,Tennis Classic,コーチ業との二足のわらじを履く伊藤竜馬が3回戦進出「今が一番楽しい。気楽にできている」[全日本テニス選手権]【テニス】,https://news.yahoo.co.jp/articles/519352d751044b67a89e4f616deb101f1cc2e092,2023/11/1(水) 7:10
tennisc,Tennis Classic,西郷里奈らシード勢が順当に3回戦へ[全日本テニス選手権]【テニス】,https://news.yahoo.co.jp/articles/319cb801ea3592477d9f113e076d813ac12c86a2,2023/10/31(火) 9:10
tennisc,Tennis Classic,今大会で引退する関口周一が18歳の松岡隼を圧倒し3回戦進出[全日本テニス選手権]【テニス】,https://news.yahoo.co.jp/articles/2af369941288dc3ffe9ae0b548f23a90d506595f,2023/10/31(火) 9:10
tennisc,Tennis Classic,強豪選手を輩出するノア・ジュニアテニスアカデミー神戸垂水の寺嶋啓コーチ、約2年のスペイン留学で学んだ世界の主流“コートの中に入って体重を乗せて打つ”【テニス】,https://news.yahoo.co.jp/articles/5c9ae9e2bd758192542acca6810ae9bd41e3e778,2023/10/30(月) 15:10
tennisc,Tennis Classic,西岡良仁、綿貫陽介との日本人対決を制して本戦入り。1回戦で世界58位と対戦[ロレックス・パリ・マスターズ]【テニス】,https://news.yahoo.co.jp/articles/30cc4dbb6609b1d4de3b68354da845d968adede5,2023/10/30(月) 12:10
tennisc,Tennis Classic,元世界ランク33位のブルックスビー、3度のドーピング検査を受けず1年半の出場停止処分【テニス】,https://news.yahoo.co.jp/articles/90984754f6dde7a0a9fc94366a8258227e72af67,2023/10/25(水) 15:10
tennisc,Tennis Classic,21歳シェルトンが東京でツアー初優勝! カラツェフをストレートで撃破[木下JOテニス]【テニス】,https://news.yahoo.co.jp/articles/d603a7ff4cea708121cb33757d7d47f9eb19d958,2023/10/22(日) 18:51
tennisc,Tennis Classic,望月慎太郎、ツアー初勝利からの快進撃ストップも「まったく後悔はない」。さらなる高みへ「自分に期待しすぎず集中してやりたい」と謙虚に[木下JOテニス]【テニス】,https://news.yahoo.co.jp/articles/e581a677a1098252eaff8ef4a1511e68fa91cac7,2023/10/21(土) 21:39
tennisc,Tennis Classic,21歳シェルトン、同胞のポールを下して全米OP以来の4強。準決勝は伏兵ギロンと対戦[木下JOテニス]【テニス】,https://news.yahoo.co.jp/articles/2895cc0d42e79d19cba3a0748ef356a196bb6b8c,2023/10/21(土) 7:10
tennisc,Tennis Classic,20歳の望月慎太郎、快進撃続く! 世界41位を撃破し、日本勢として錦織圭以来の4強[木下JOテニス]【テニス】,https://news.yahoo.co.jp/articles/ee920a314976e2461ed1372b38ee959bacac40bd,2023/10/21(土) 6:50
tennisc,Tennis Classic,車いすテニス世界1位の小田凱人、日本人対決を制してジャパンOP初優勝「満足のいく試合ができた」[木下JOテニス]【テニス】,https://news.yahoo.co.jp/articles/9c25fd800522baeee2a903cb5f00d844700654ca,2023/10/20(金) 22:08
tennisc,Tennis Classic,望月慎太郎が世界10位フリッツを破る金星で8強!「勝ち負けより自分のプレーを」[木下JOテニス]【テニス】,https://news.yahoo.co.jp/articles/d57b6f1047995bcbc62d60f6cf088dc2d1fcc951,2023/10/20(金) 10:56
tennisc,Tennis Classic,小田凱人が逆転勝利を飾り2年連続の決勝へ「若さや勢いを使っていくというのが僕にしかない武器」[木下JOテニス]【テニス】,https://news.yahoo.co.jp/articles/41130f9bffe84ef3eda85a47296aaf61fbaa7b5e,2023/10/19(木) 19:10
tennisc,Tennis Classic,世界12位のポールが快勝で8強入り。第2シードのルードがギロンに敗れる波乱も[木下JOテニス]【テニス】,https://news.yahoo.co.jp/articles/1dc09739f9e8d262a89ecdd4ae1f0b16af37552d,2023/10/18(水) 22:32
tennisc,Tennis Classic,望月慎太郎が涙のツアー初勝利!「1勝というのが自分の中ですごい長かった」WCを生かして日本人唯一の2回戦へ[木下JOテニス]【テニス】,https://news.yahoo.co.jp/articles/c57c85a3122ca16427cb44e7aa8cbdc26387323c,2023/10/18(水) 7:10
tennisc,Tennis Classic,西岡良仁、2時間半越えの激闘も一歩及ばず初戦敗退「欲しいポイントはほぼ相手が取った」[木下グループJO]【テニス】,https://news.yahoo.co.jp/articles/09f7706c95b6d262d9d707f5b9c2a43f93509a5d,2023/10/17(火) 7:10
tennisc,Tennis Classic,東京五輪金メダリストのズベレフが初戦敗退「最低なプレーをしてしまった」[木下グループJO]【テニス】,https://news.yahoo.co.jp/articles/236bf35a9c8386112189c174ecb416c714dd2c19,2023/10/16(月) 17:36
tennisc,Tennis Classic,ダニエル太郎が野口莉央を下して本戦入り! 初戦で世界20位シェルトンと対戦「とにかくサーブに食らいつくのがキー」[木下グループ・ジャパンJO]【テニス】,https://news.yahoo.co.jp/articles/7d0b06b0a78a37d41140d2abf7d5267bc931840a,2023/10/15(日) 17:57
tennisc,Tennis Classic,ダニエル太郎、内山靖崇、野口莉央ら日本人3選手が予選決勝に進出[木下グループJO]【テニス】,https://news.yahoo.co.jp/articles/3aeeaa120b90ebeb7b0436066a23bd5a56680f82,2023/10/14(土) 20:03
tennisc,Tennis Classic,西岡良仁は予選勝者と、綿貫陽介は世界9位ルードと1回戦で激突[木下グループJO]【テニス】,https://news.yahoo.co.jp/articles/efd6467ae054c19207ab6124ed7d1c8a5869a8f7,2023/10/14(土) 15:49
tennisc,Tennis Classic,コルダがATPマスターズ1000で初の4強! 勢いに乗る21歳シェルトンを約3時間の熱戦で下す[上海マスターズ]【テニス】,https://news.yahoo.co.jp/articles/3d40af4ace01052a76554094bcbbcd44ce9505e6,2023/10/13(金) 18:09
tennisc,Tennis Classic,フルカチュが通算6度目のマスターズ4強。世界91位を逆転で下す[上海マスターズ]【テニス】,https://news.yahoo.co.jp/articles/e75aecc8eacdb71b14a6b9922ad2791e2e90d145,2023/10/13(金) 15:50
tennisc,Tennis Classic,「ピンクリボンレディーステニス大会by Admiral全国決勝大会」節目の第20回大会で三重が初優勝【テニス】,https://news.yahoo.co.jp/articles/8a0cb015fd48bc08016b8fdbb7776eb8b185f39c,2023/10/13(金) 12:32
tennisc,Tennis Classic,綿貫陽介、島袋将、望月慎太郎ら3選手にワイルドカードを付与。16日開幕のジャパンOP【テニス】,https://news.yahoo.co.jp/articles/6047a2c04e692160c31f8b2bdd1c854b3df3dcc7,2023/10/11(水) 15:10
tennisc,Tennis Classic,シェルトンが世界4位シナーに逆転勝利で8強! 21歳の誕生日をトップ10撃破で祝う[上海マスターズ]【テニス】,https://news.yahoo.co.jp/articles/1ad77ff67bcd1d9711b60c8b1b7754e91579392a,2023/10/11(水) 12:12
tennisc,Tennis Classic,ジュニア世界ランク最高2位の齋藤咲良を指導する松田隼十コーチ、3度のダブルス準優勝をバネに「次はプロとしてグランドスラム出場できるように」【テニス】,https://news.yahoo.co.jp/articles/fef62d40f89622ee0757700be5bf3742bdc94026,2023/10/10(火) 19:10
tennisc,Tennis Classic,アルカラス、エバンズとの競り合いを制してベスト16入り「今年プレーした中で最もタフな試合の一つだった」[上海マスターズ]【テニス】,https://news.yahoo.co.jp/articles/e03902451605ae555efa69f857d58b7fac64723c,2023/10/10(火) 17:59
tennisc,Tennis Classic,青山修子と柴原瑛菜、8組しか出場できないWTAツアー最終戦の出場権を獲得。2年ぶり2度目【テニス】,https://news.yahoo.co.jp/articles/34dda62f4288218652ee0b0d8af2948d203e5c6d,2023/10/10(火) 15:24
tennisc,Tennis Classic,綿貫陽介、アウェイで18歳シャンを下して上海マスターズ初出場初白星。2回戦で世界8位フリッツと対戦【テニス】,https://news.yahoo.co.jp/articles/eae3f2d7896b9cfb9d213126b5946d90b944425d,2023/10/6(金) 11:11
tennisc,Tennis Classic,シナー、7度目の挑戦にしてメドベデフから初勝利を挙げ今季3勝目「僕をより良い選手にしてくれてありがとう」【テニス】,https://news.yahoo.co.jp/articles/d24023921c870aad962d980aae5de932a6ac2eb7,2023/10/5(木) 12:33
tennisc,Tennis Classic,西岡良仁、世界49位を下して上海マスターズ本戦初勝利。次戦で世界9位ルードと対戦【テニス】,https://news.yahoo.co.jp/articles/ea97af1d99fadbeb6a3715f0eafa81e1700e41d9,2023/10/4(水) 16:53
tennisc,Tennis Classic,シナー、世界2位アルカラスを下して今季3度目のタイトルに王手。イタリア人最高位の4位浮上が確定[チャイナ・オープン]【テニス】,https://news.yahoo.co.jp/articles/aadf6d2932c1903e175768d637fad54a2cf0c839,2023/10/4(水) 13:15
tennisc,Tennis Classic,全豪オープン、深夜終了の試合軽減へ来年は初の日曜開幕で15日間の開催。2023年大会は朝4時終了の試合も【テニス】,https://news.yahoo.co.jp/articles/1cd2a45b9d189a33603850b0623b71e71331c4f6,2023/10/4(水) 7:10
tennisc,Tennis Classic,[奥脇莉音のプロ奮闘記(23)]一人でのITFツアー転戦はやることが一杯! 韓国遠征での移動や練習、食事について紹介【テニス】,https://news.yahoo.co.jp/articles/1ceb705ec764bdd1fd28b67ce8c305574332b6a8,2023/10/3(火) 15:10
tennisc,Tennis Classic,松岡修造、西岡良仁の活躍は「日本のテニス界にとって大きな財産」。錦織圭には「一番は焦らないこと。ツアー優勝するまでは戻れる」【テニス】,https://news.yahoo.co.jp/articles/de1e0ca588af61c3380d868ee7bbf3e111753c10,2023/10/3(火) 12:10
tennisc,Tennis Classic,クデルメトワ、世界4位ペグラの良さを封じて2年半ぶりツアー2勝目「2度目の優勝も特別」[東レPPO],https://news.yahoo.co.jp/articles/55a9bc98ec945478f5c2337e6ec8e75cafaab6eb,2023/10/1(日) 15:50
tennisc,Tennis Classic,期待のジュニア 木下晴結を指導する奥田裕介氏、トップランカーとの違いは「いかに早い段階でカムバックできるか」【テニス】,https://news.yahoo.co.jp/articles/dc80ba17d0de6ef883b507648aad50b06143fdef,2023/10/1(日) 12:10
tennisc,Tennis Classic,穂積絵莉／二宮真琴は惜しくも準優勝。マッチポイント2本握るも日本人ペアとして5年ぶりの優勝ならず[東レPPO]【テニス】,https://news.yahoo.co.jp/articles/f5aad3946311add50b60d53e92d1dc6240201646,2023/10/1(日) 9:10
tennisc,Tennis Classic,綿貫陽介、アジア大会は第1シードに敗れ銀メダル。パリ五輪出場権獲得にあと一歩及ばず【テニス】,https://news.yahoo.co.jp/articles/56c399c58c9cc45e6243390c8bbb53e112cefbcf,2023/10/1(日) 7:54
tennisc,Tennis Classic,世界4位ペグラ、前週Vのサッカリーに快勝し決勝へ「全力を尽くしたい」[東レPPO]【テニス】,https://news.yahoo.co.jp/articles/48a6bfd763ba3bbce5b1bc0a7acd1ccd8ed98409,2023/9/30(土) 21:39
tennisc,Tennis Classic,世界19位クデルメトワ、3時間25分の激闘を制し決勝へ! 過去2度準Vのパブリチェンコワを下す[東レPPO]【テニス】,https://news.yahoo.co.jp/articles/173fba47c5fed560d4da1e959d338259ea98e9d3,2023/9/30(土) 16:43
tennisc,Tennis Classic,シフィオンテク、初出場の東レPPOで準々決勝敗退。過去4戦負けなしだった世界19位に初黒星「自分のテニスができなかった」[東レPPO]【テニス】,https://news.yahoo.co.jp/articles/96fb31e3000a4ba8e5bc20be102c589ec8410225,2023/9/29(金) 17:21
tennisc,Tennis Classic,土居美咲、世界6位に敗れて現役ラストマッチを終える「こんなうれしい終わり方はない」[東レPPO]【テニス】,https://news.yahoo.co.jp/articles/deb9f994112e3dc591cbb34c8b83b1b0f1521f1f,2023/9/28(木) 20:53
tennisc,Tennis Classic,中山芳徳・ナショナルジュニア女子ヘッドコーチ、トップ50の壁を突き破るためには「うまくいかないことにどう向き合い、自分の伸びしろを見い出せるか」【テニス】,https://news.yahoo.co.jp/articles/d01fa8d7fc692a7c7e27a684dda7677b554b243e,2023/9/28(木) 19:10
tennisc,Tennis Classic,ジョコビッチ、ラケットをゴルフクラブに持ち替えて観客湧かせる「これだけの観客の前でプレーしたことはなかった」【テニス】,https://news.yahoo.co.jp/articles/a0ec8b0e67b21d0eedb1c29ef67288aa05534060,2023/9/28(木) 15:10
tennisc,Tennis Classic,車いすテニス・三木拓也と歩んで5年の大高翔コーチ、パワーテニスの時代だからこそ「チェンジオブペースできる能力が生きる」【テニス】,https://news.yahoo.co.jp/articles/c28913bfe86d6ac91899e58cad4bdd25c22c19d0,2023/9/28(木) 12:10
tennisc,Tennis Classic,本玉真唯、世界2位シフィオンテクに健闘もリードを守り切れずストレートで敗れる[東レPPO]【テニス】,https://news.yahoo.co.jp/articles/f33ba40d78062c9d401649e35340c966b53ef889,2023/9/27(水) 20:08
tennisc,Tennis Classic,石井さやか、ジュニア最後のグランドスラムを終え「悔いが残る」。プロでは「武器のフォアハンドを生かしていきたい」【テニス】,https://news.yahoo.co.jp/articles/3ce94198b19808aadb092f2f587261fc24329a08,2023/9/27(水) 7:10
tennisc,Tennis Classic,西岡良仁、世界15位にストレートで敗れバースデーVならず。ツアー3勝目はお預け[珠海選手権]【テニス】,https://news.yahoo.co.jp/articles/932bd1001ee3ab3c46f8588b742ebedca556008d,2023/9/27(水) 6:52
tennisc,Tennis Classic,土居美咲、現役最後の大会で世界49位を撃破し涙「まさかこんなことになるとは」 次戦で世界6位と対戦[東レPPO]【テニス】,https://news.yahoo.co.jp/articles/4754cf9c774c5a4a92828155512772dbb80df985,2023/9/26(火) 22:49
tennisc,Tennis Classic,本玉真唯、日比野菜緒との日本人対決を制す! 2回戦で世界2位シフィオンテクと対戦「今の自分のプレーがどこまで通用するのかを見てみたい」[東レPPO]【テニス】,https://news.yahoo.co.jp/articles/608f570a9636eff25eb92e6d90614471585176db,2023/9/25(月) 21:32
tennisc,Tennis Classic,WTAが「パフォーマンスバイ」を試験的に導入。第3シードでも1回戦免除されず【テニス】,https://news.yahoo.co.jp/articles/2987586254a99ef255ac41ec2e7e05889cd12eed,2023/9/25(月) 19:10
tennisc,Tennis Classic,土居美咲 現役最後の大会で本戦入り「どうせならシフィオンテクと当たりたい」[東レPPO]【テニス】,https://news.yahoo.co.jp/articles/511e0458dc17a9099c8910d4be3b3d56a0487260,2023/9/24(日) 7:10
tennisc,Tennis Classic,車いすテニス・小田凱人の飛躍に近道なし! 熊田浩也コーチ「基本練習こそ成長を一番感じられる」【テニス】,https://news.yahoo.co.jp/articles/f4ed719cb4dc6c9c4a23c96cc0213ecbde0ea8c0,2023/9/21(木) 12:10
tennisc,Tennis Classic,フェデラー、レーバーカップ出場の若手に「たくさんの情報を持ち帰ってほしい」と助言【テニス】,https://news.yahoo.co.jp/articles/baeb230b304b38327973bae7e45520e32a5d9392,2023/9/20(水) 17:10
tennisc,Tennis Classic,錦織圭、怪我の回復が間に合わず中国でのアジアスイング初戦を欠場「完治のため全力を尽くす」【テニス】,https://news.yahoo.co.jp/articles/2895ddbcb90097c01a495e054f40095b16add81e,2023/9/19(火) 15:10
tennisc,Tennis Classic,期待のジュニア 小池愛菜を指導する父「勝敗に一喜一憂していても成長につながらない。何が自分たちの目標、成長につながるかが大事」【テニス】,https://news.yahoo.co.jp/articles/9d0aad3d84e06b17ce168e2198e1784a665f3aa6,2023/9/18(月) 7:10
tennisc,Tennis Classic,盛田正明テニス・ファンドコーチの弘岡竜治氏、194cmのビッグサーバー・坂本怜の今後の課題「サーブともう一つの武器を作る」【テニス】,https://news.yahoo.co.jp/articles/374860e5b10c7c5f5805c5b2e1d220c3147c9601,2023/9/16(土) 7:10
tennisc,Tennis Classic,杉山愛・女子日本代表監督に聞く日本女子テニスの現状とこれから「100位以内に4～5人を送り込むのが課しているミッション」【テニス】,https://news.yahoo.co.jp/articles/bc9ff1c5b42f1610c00ee142ed0387038badb766,2023/9/12(火) 17:10
tennisc,Tennis Classic,岩本功・ジュニアデビスカップ監督、日本ジュニアの求められることは「苦しくなってから闘う、ファイトする取り組みが練習から必要」【テニス】,https://news.yahoo.co.jp/articles/2276a1c01aba8ca9fc30a595edbb282f543ca089,2023/9/12(火) 12:10
tennisc,Tennis Classic,ジョコビッチ、「勝者のメンタリティーについてたくさん話した」と表彰式でNBAのスター、故コービー・ブライアントを称える“24”Tシャツを披露【テニス】,https://news.yahoo.co.jp/articles/db00f4a0ad8dca9ad39cbf1e57bb9cd12e763ce3,2023/9/11(月) 20:33
tennisc,Tennis Classic,ジョコビッチ、男女通じて史上最多タイ24度目のグランドスラム制覇! メドベデフを破り5年ぶり4度目[USオープン]【テニス】,https://news.yahoo.co.jp/articles/170a52249243a245b21379e78d25e26347932a88,2023/9/11(月) 8:59
tennisc,Tennis Classic,メドベデフが前年覇者のアルカラスの連覇阻む! 2度目のグランドスラム制覇へ決勝でジョコビッチと対戦[USオープン]【テニス】,https://news.yahoo.co.jp/articles/e5e3deebb5b05807959b698529b528a4817eb6af,2023/9/9(土) 14:30
tennisc,Tennis Classic,ジョコビッチ、グランドスラム最多タイの24度目の頂点に王手! 20歳のシェルトンを破り2年ぶり10度目の決勝に進出[USオープン]【テニス】,https://news.yahoo.co.jp/articles/ba6d429152156c718aafc45361082717eb6d53ef,2023/9/9(土) 7:07
tennisc,Tennis Classic,[奥脇莉音のプロ奮闘記(22)]主催者推薦で出場したW15札幌大会でシングルス初の決勝進出「JWT50、関係者の方々に感謝の気持ちでいっぱい」【テニス】,https://news.yahoo.co.jp/articles/55bac725208ea70cc6f41c34ff77184adebe1df3,2023/9/8(金) 15:10
tennisc,Tennis Classic,添田豪・男子日本代表監督、世界のトップで戦うため日本選手に欲しい要素「メンタル的な“体力”の強さが欲しい」【テニス】,https://news.yahoo.co.jp/articles/8d0820e06daa7faf594bfc784e5fa9442a20046d,2023/9/8(金) 12:30
tennisc,Tennis Classic,連覇狙うアルカラス、世界61位に快勝で初出場から3年連続で8強[USオープン]【テニス】,https://news.yahoo.co.jp/articles/d8589d16a3281dd881559196a5a4798f471e6e7b,2023/9/5(火) 18:10
tennisc,Tennis Classic,20歳シェルトンが全豪に続く2度目のグランドスラム8強。準々決勝は同国先輩のティアフォーと対戦「オンコートでは悪魔のような相手」[USオープン]【テニス】,https://news.yahoo.co.jp/articles/5042a6eb7110383820ee5568b8943d0c2f6aca65,2023/9/5(火) 6:05
tennisc,Tennis Classic,前年覇者アルカラスがエバンズを下し16強。ジョコビッチの逆転勝利に「36歳で20歳の時と同じことをしているなんて信じられない」[USオープン]【テニス】,https://news.yahoo.co.jp/articles/92e44939c4d30da92a869c397a5433180e841675,2023/9/4(月) 6:00
tennisc,Tennis Classic,ジョコビッチ、同胞のジェレに2セットダウンから逆転勝利で16強!「最高のテニスをした彼を称賛したい」[USオープン]【テニス】,https://news.yahoo.co.jp/articles/8d5a579c503e5949bb6299ff85aebbf7de9a974c,2023/9/2(土) 16:13
tennisc,Tennis Classic,ディミトロフ、2012年覇者のマレーをストレートで下し4年ぶりに3回戦進出[USオープン]【テニス】,https://news.yahoo.co.jp/articles/c5a02759d39ed79c395b147439706094c52eeb9f,2023/9/1(金) 7:10
tennisc,Tennis Classic,ジョコビッチ、世界76位に快勝で2回戦を突破。危なげなく大会17度目の3回戦へ[USオープン]【テニス】,https://news.yahoo.co.jp/articles/256549d87d57375105bfb930e1b2cde242ab59b8,2023/8/31(木) 17:10
tennisc,Tennis Classic,世界7位チチパス、予選勝者の伏兵にフルセットで敗れ2回戦で姿を消す「純粋な戦いで僕よりもいいテニスをしていた」[USオープン]【テニス】,https://news.yahoo.co.jp/articles/0f5f012b2774fde82871ac23b626e4a030212fba,2023/8/31(木) 13:31
tennisc,Tennis Classic,ダニエル太郎、元世界6位のモンフィスと熱戦も逆転で敗れ2回戦進出ならず[USオープン]【テニス】,https://news.yahoo.co.jp/articles/d98dbce1372f34cdb27b72259298896896eea15c,2023/8/30(水) 12:50
tennisc,Tennis Classic,西岡良仁、2016年覇者のワウリンカに敗れ初戦敗退。USオープンで4年ぶりの勝利ならず[USオープン]【テニス】,https://news.yahoo.co.jp/articles/df89d2f0e920da6cf046a2363ceb44a34bc1aeb8,2023/8/30(水) 11:50
tennisc,Tennis Classic,島袋将はガストンにストレートで敗れ初戦敗退。グランドスラム本戦初勝利はお預け[USオープン]【テニス】,https://news.yahoo.co.jp/articles/45ed41a0b5acb65d1152c78b1d7b93b39a6de957,2023/8/29(火) 13:40
tennisc,Tennis Classic,綿貫陽介、初のUSオープンシングルス本戦で白星ならず。世界35位マナリノに敗れ初戦敗退[USオープン]【テニス】,https://news.yahoo.co.jp/articles/904c2c78c062fafaba6008264523cd2c46b59e56,2023/8/29(火) 13:30
tennisc,Tennis Classic,16歳以下男子シングルスは田畑遼が2年連続のタイトル奪取。女子は野口紗枝が単複2冠達成 [ユニクロ全日本ジュニアテニス選手権]【テニス】,https://news.yahoo.co.jp/articles/ca14bc718fcd75b2f43a68fb575c61731fb81140,2023/8/29(火) 6:50
tennisc,Tennis Classic,錦織圭、左膝痛の影響でUSオープンを欠場「1～2週間ぐらいは回復にかかる」。2年ぶりのグランドスラム出場は叶わず【テニス】,https://news.yahoo.co.jp/articles/8e58de81318bb4b8529a51379623cf18d9d0446a,2023/8/28(月) 12:36
tennisc,Tennis Classic,ダニエル太郎と島袋将が予選突破! 日本人男子5名がシングルス本戦に[USオープン]【テニス】,https://news.yahoo.co.jp/articles/bd978bf02efac89c9bfd71c98fdda8710836596d,2023/8/27(日) 16:31
