media_en,media_jp,title_articles,link_articles,date_original
bbc,BBC News,宝塚歌劇団、団員の死亡めぐり謝罪　「長時間労働が負荷となった可能性」,https://news.yahoo.co.jp/articles/a07d64fafb208e4a754c6710522c98299b22ae91,11/15(水) 12:46
bbc,BBC News,米連邦最高裁、初の倫理規定を発表　判事への批判受け,https://news.yahoo.co.jp/articles/baf6169e9e8652516b976c296fb6cbd2b26c417b,11/14(火) 16:44
bbc,BBC News,アメリカ軍、シリアの武装組織の施設に空爆　イランが支援と,https://news.yahoo.co.jp/articles/bf3d5e1b7a2f22cfd49c4abd5a1b96ccc9e39de7,11/14(火) 16:36
bbc,BBC News,ロシア国営メディア、ドニプロ川東岸から自軍撤退と報道　すぐ撤回,https://news.yahoo.co.jp/articles/69a9dc0211e6c92019b00560c370fb6d994bc0ff,11/14(火) 15:08
bbc,BBC News,ブレグジット、リビア介入、対中関係強化……キャメロン新外相の首相時代を振り返る,https://news.yahoo.co.jp/articles/88c7db08b3a0be9620604108809e756546d39c2a,11/14(火) 14:58
bbc,BBC News,【解説】 デモの取り締まりや移民問題……クレヴァリー新英内相の課題とは,https://news.yahoo.co.jp/articles/8281d89a8048b0940855fdd87ca7eb8ecaa8457e,11/14(火) 14:36
bbc,BBC News,【解説】 キャメロン元首相の政界復帰、いったい何が起きているのか,https://news.yahoo.co.jp/articles/54d8783401e077f36041bee18ee6f1526f692a5c,11/14(火) 13:38
bbc,BBC News,ガザ市の病院は「ほとんど墓場」とWHO　イスラエルはハマス地下施設の「証拠」を提示,https://news.yahoo.co.jp/articles/707432ec4d7e0bef4a56edb75b116624b9488be9,11/14(火) 12:48
bbc,BBC News,「公への奉仕を信じている」　外相として政界復帰のキャメロン元首相,https://news.yahoo.co.jp/articles/20014d4c24f87462ca59efd28f00bc465d8b85a6,11/14(火) 12:28
bbc,BBC News,キャメロン新英外相、スーナク首相を「支えたい」と　内閣改造で驚きの政界復帰,https://news.yahoo.co.jp/articles/74679ebbc33443d78181fee775a26cabb724c4f3,11/14(火) 11:06
bbc,BBC News,英首相、発言が問題視された内相を解任　後任はクレヴァリー外相、新外相はキャメロン元首相,https://news.yahoo.co.jp/articles/0c107bbbd34cff8df52332427b8531d5259bf906,11/13(月) 21:02
bbc,BBC News,イスラエル大統領、ハマス拠点でアラビア語「我が闘争」発見と　BBC番組に出演,https://news.yahoo.co.jp/articles/6af034584ca47aaf8283f07ec1b736892c870381,11/13(月) 18:19
bbc,BBC News,米俳優労組の合意内容、AI使用の保護措置やインティマシー・コーディネーターの起用など,https://news.yahoo.co.jp/articles/1b21058c68b6b8fbb74e238d4d564706b075832c,11/13(月) 17:54
bbc,BBC News,ヴァチカン、教皇の改革を批判した米司教を解任,https://news.yahoo.co.jp/articles/1a09d22b86b746cb44d0abc776463213fb1af01c,11/13(月) 17:32
bbc,BBC News,ロンドンのガザ停戦要求デモ、憎悪犯罪などで7人起訴　逮捕は145人,https://news.yahoo.co.jp/articles/6ce882769073fba16f2be0f185fb17ea5be171c5,11/13(月) 17:06
bbc,BBC News,パリで反ユダヤ主義に抗議する大規模デモ　仏政界の極右と極左に大きな変化,https://news.yahoo.co.jp/articles/feea3bcd08f41c0dbf4e8e9a28efa1fc2bbbf3ee,11/13(月) 15:41
bbc,BBC News,保育器も使えなくなり……ガザの病院で新生児死亡　イスラエル軍は安全確保を約束,https://news.yahoo.co.jp/articles/bbec0eba7877dc0b09c92d26a0216b17e8041428,11/13(月) 14:56
bbc,BBC News,ガザ北部の病院で人道危機深まる　イスラエルは攻撃を否定,https://news.yahoo.co.jp/articles/4cad3027269094e2e724e9968fc85302b23cfabe,11/13(月) 14:28
bbc,BBC News,ライオンが地元サーカスから脱走、街を歩き回る　イタリア,https://news.yahoo.co.jp/articles/3c8a8fc1326171a6d659b12def9a75cf81dc7f49,11/13(月) 12:32
bbc,BBC News,ガザの病院周辺で戦闘激化、身動き取れず物資不足に苦しむ人も　BBC記者が現地報告,https://news.yahoo.co.jp/articles/98e6cd3b3090351decefa543aad553d18d429955,11/12(日) 15:19
bbc,BBC News,1人はガザ北部を逃れ1人は残り……2人のその後は,https://news.yahoo.co.jp/articles/aeab1c18640c22a3df9fe8bb5248e16f3dc7cfe7,11/12(日) 14:49
bbc,BBC News,ロンドンでガザ停戦求めるデモと対抗デモで暴力、首相批判　戦没者追悼の日,https://news.yahoo.co.jp/articles/941f21f70417f6261e3a6e6757e01173e805b99b,11/12(日) 14:21
bbc,BBC News,侵攻後ロシア移送のウクライナ人少年に招集令状　「ロシア市民として兵役義務」,https://news.yahoo.co.jp/articles/623777cfc6adc944429ebf3b66bfc4f65c32e1f6,11/12(日) 12:54
bbc,BBC News,ガザ最大病院の機能が停止、付近で戦闘激化　停電で早産児2人死亡とNGO,https://news.yahoo.co.jp/articles/15a314a5fd722c0ec74f62c585e255e5f054498c,11/12(日) 12:41
bbc,BBC News,ガザの病院付近で爆発、戦車が病院「包囲」か　仏大統領はイスラエルの空爆停止求める,https://news.yahoo.co.jp/articles/728a065c28b35ef7c13dd054c2389072518f5d4b,11/11(土) 13:11
bbc,BBC News,不審な封筒、アメリカ5州の選管に送られる　合成麻薬を含ませたものも,https://news.yahoo.co.jp/articles/d3cbcfafb8757c377767b7bf3c254d1700d618ce,11/11(土) 13:08
bbc,BBC News,スーナク英首相、内相への信頼変わらず　親パレスチナ・デモ対応で警察批判めぐり,https://news.yahoo.co.jp/articles/9f8804965a9fce4662a7ec975fe722cbeb6d54de,11/11(土) 12:47
bbc,BBC News,オーストラリア、気候変動理由にビザ発行へ　壊滅被害のツバル国民に,https://news.yahoo.co.jp/articles/ada8dc8e6b11990a4c6ab19e5284e98bee0547ed,11/10(金) 18:21
bbc,BBC News,俳優シャロン・ストーン氏、米配給大手元幹部から「性的嫌がらせ」　1980年代に打ち合せ中,https://news.yahoo.co.jp/articles/33415ba4973661324dbfdac18b22d73b79529aed,11/10(金) 17:51
bbc,BBC News,俳優デ・ニーロ氏の制作会社に賠償命令　元助手にジェンダー差別,https://news.yahoo.co.jp/articles/49a7f70f9c42dfd664e032a9e0537333aac44cb0,11/10(金) 17:46
bbc,BBC News,ミャンマー軍、クーデター後最大の後退　少数民族武装勢力との戦闘で「国が分裂も」,https://news.yahoo.co.jp/articles/2ca0a7e496d09a05569d4c5204bb634a34f84dbc,11/10(金) 16:47
bbc,BBC News,ガザのフリー記者は「ハマスの攻撃を事前に知っていた」　イスラエル通信相が非難,https://news.yahoo.co.jp/articles/22ea7dd2738a05a467ef6fde18958a3ea0d864b2,11/10(金) 15:48
bbc,BBC News,英内相、警察の親パレスチナデモ対応を批判　首相官邸は距離置く,https://news.yahoo.co.jp/articles/5a067bd0ea2bd43cbe3ea8a8da528efc0b654968,11/10(金) 15:07
bbc,BBC News,「イスラエル軍が1日4時間の戦闘休止」と米高官　人質2人の映像、武装組織が公開,https://news.yahoo.co.jp/articles/1fd1f3496fc6905f84d49f25bc049fb9f8d93b55,11/10(金) 13:06
bbc,BBC News,2023年は「ほぼ確実に」史上最も暑い年に、10月も最高気温を更新,https://news.yahoo.co.jp/articles/d960a721d8b651bf27183c4ff4dc4f332bd9ac27,11/10(金) 11:36
bbc,BBC News,ヒズボラ副指導者、ガザ空爆が続けば中東で「広範な紛争になる」と警告　BBCインタビュー,https://news.yahoo.co.jp/articles/5708db233ad2c0f2bb9c47e9c112276af9690452,11/9(木) 19:54
bbc,BBC News,マレーシア首相、ハマスとの関係維持を表明　「罰しない」,https://news.yahoo.co.jp/articles/a6a36d68b5f9647abcb220356fe0259d6ccbde2d,11/9(木) 18:14
bbc,BBC News,米俳優労組、スタジオ側と暫定合意　118日間のスト終結へ,https://news.yahoo.co.jp/articles/f2b402e6ae00cb5166ae44d34f267dcdeffa973c,11/9(木) 15:02
bbc,BBC News,招集令状渡されたロシアのティックトッカー、ステージ上で倒れる,https://news.yahoo.co.jp/articles/48ddddd4412c0ba054ab760d3406b3a33568cce9,11/9(木) 14:38
bbc,BBC News,ガザ市から「5万人退避」、人質解放協議に進展か　国連はイスラエルとハマス双方を「戦争犯罪」と非難,https://news.yahoo.co.jp/articles/dd325ae2acff54f0fc5251bf4e43539cb8c7929d,11/9(木) 14:04
bbc,BBC News,「荒れ地に足を踏み入れた」　BBC記者がイスラエル軍とガザ地区へ,https://news.yahoo.co.jp/articles/b55bc566cdfd27663fa627740dd2cb9e559b4d54,11/9(木) 13:02
bbc,BBC News,G7、ウクライナ支援は「決して揺らがない」　東京での外相会合で声明,https://news.yahoo.co.jp/articles/a624ded50870859942688966a1bb8d86518b0374,11/9(木) 12:38
bbc,BBC News,【米大統領選2024】 選挙の流れを変えうる四つの「予想外の展開」,https://news.yahoo.co.jp/articles/bc9c962588f25eb5940bf36374181099e10b19d4,11/9(木) 12:06
bbc,BBC News,ハマスの襲撃から1カ月、イスラエルの痛みは今も鮮明,https://news.yahoo.co.jp/articles/754a93748cf56ca54c4eede6372b70308f3b00a5,11/8(水) 19:48
bbc,BBC News,ガザの地下はどうなっているのか　市街戦でイスラエルが直面する課題,https://news.yahoo.co.jp/articles/7f94c5c6745d7eda350d4f4e7841d1a0f99e268b,11/8(水) 18:21
bbc,BBC News,妊娠中絶の権利、州憲法に明記へ　米オハイオ州住民投票,https://news.yahoo.co.jp/articles/b09ce741be45cfd1d054bf91db1646ce749f5255,11/8(水) 16:36
bbc,BBC News,【解説】 アメリカが静かに台湾を徹底武装させていく,https://news.yahoo.co.jp/articles/b104390237ca6752b3249cf08b6f7cb4d454e4e2,11/8(水) 14:06
bbc,BBC News,イスラエル軍、「ガザ市中心部」で作戦展開　バイデン氏は戦闘の一時停止求める,https://news.yahoo.co.jp/articles/fe87864916f1e27369df949988ec1489a7a446e4,11/8(水) 13:21
bbc,BBC News,ガザ地区北部から南部へ　避難回廊を歩いて移動する人々,https://news.yahoo.co.jp/articles/a7c6e87c0b37e8e791a361dee90d8f75940189ff,11/8(水) 13:07
bbc,BBC News,ウクライナ軍総司令官の側近、手投げ弾で死亡　誕生日の贈り物,https://news.yahoo.co.jp/articles/4d51d34a2aa387759279a89ba6a26b8359f042c1,11/8(水) 12:44
bbc,BBC News,イギリスの若年層、キングス・イングリッシュとコックニーあまり使わず＝研究,https://news.yahoo.co.jp/articles/605a21d3b572c9480f432f5c4238d40e98697d31,11/7(火) 19:48
bbc,BBC News,【解説】　イスラエルとハマスの行動、戦時国際法の上ではどうなのか？,https://news.yahoo.co.jp/articles/2dc1463965a4f25750ee139995d4da773d446e1b,11/7(火) 18:26
bbc,BBC News,絵画「鏡のヴィーナス」の保護ガラス割り逮捕　ロンドンで環境活動家,https://news.yahoo.co.jp/articles/b365d45561ff2ec06209349a90694fd2627fdad1,11/7(火) 16:48
bbc,BBC News,ハマスに殺されたと思っていた8歳娘が人質の可能性　父親の心境の変化,https://news.yahoo.co.jp/articles/83454dd032df95ff907352f9ae7a4e066563e4a2,11/7(火) 16:32
bbc,BBC News,ハマス幹部、イスラエル急襲での民間人殺害を否定　BBCインタビュー,https://news.yahoo.co.jp/articles/abb742bb907a1718202026a7befde89aca378001,11/7(火) 16:06
bbc,BBC News,爆撃や通信切断で「信頼できる情報収集が困難」……ガザ地区で現地取材のBBC記者,https://news.yahoo.co.jp/articles/7a425168aba94f02702d9e0d47c9f830f9633a02,11/7(火) 14:12
bbc,BBC News,トランプ前大統領が出廷、判事と衝突しながら不正否定　一族企業めぐる民事裁判,https://news.yahoo.co.jp/articles/bfe17e402741df15f4c090d2a45f019f35618182,11/7(火) 13:08
bbc,BBC News,ガザの死者「1万人超えた」とハマス　国連総長は「子どもたちの墓場になりつつある」,https://news.yahoo.co.jp/articles/2c404658b77a2166a9b2ef6fa941ab3f9c0fc23d,11/7(火) 11:11
bbc,BBC News,「イギリスの最も孤独なヒツジ」を崖下から救出　動物愛護団体は「見せ物にされる」とデモ,https://news.yahoo.co.jp/articles/120fdf4dbaec239efc4fe597b1a9d16a931efcf7,11/6(月) 16:38
bbc,BBC News,子供たちを失い嘆くガザの父親　高齢で病気の母を待ち続けるイスラエルの息子,https://news.yahoo.co.jp/articles/d4b1a78f71529e2dfbcc9d3cbf5bf231e67da434,11/6(月) 16:34
bbc,BBC News,4歳の娘乗せた車に男性が立てこもり、ドイツの空港　18時間後に投降,https://news.yahoo.co.jp/articles/7a704709ac3c2331fc5748fbe067e1e7b7288e88,11/6(月) 14:38
bbc,BBC News,ガザを「南北に分断」とイスラエル軍　米国務長官はパレスチナ自治政府議長らと会談,https://news.yahoo.co.jp/articles/964f1d6a25400ace4cf14987748657ee98db74cb,11/6(月) 13:28
bbc,BBC News,ロシアが授賞式攻撃でウクライナ兵20人以上死亡か　ウクライナ軍幹部に批判集まる,https://news.yahoo.co.jp/articles/72cf067071e0823ce7e7854e6f94b907963e876d,11/6(月) 13:04
bbc,BBC News,ガザ中部の難民キャンプで爆発、数十人が死亡か　現場をBBC記者が取材,https://news.yahoo.co.jp/articles/fc0c7a785ee80d429f93174aeab5aa1c879d0e0d,11/6(月) 12:08
bbc,BBC News,イギリス内相、路上生活は当人が「選んだライフスタイル」と　テント使用制限の法案提出,https://news.yahoo.co.jp/articles/aab30d980ff49e5d42c80587c58632751eb38f9a,11/5(日) 14:28
bbc,BBC News,ガザでの人道的休戦協議に進展か……バイデン氏示唆　アラブ諸国はイスラエル批判,https://news.yahoo.co.jp/articles/d419e77d66272e5c75a52c0accad95e8a7331942,11/5(日) 13:02
bbc,BBC News,ゼレンスキー氏、ガザでの戦争でウクライナへの注目薄れたと認める　戦況「手詰まり」否定,https://news.yahoo.co.jp/articles/28af762030c864b83146a897d63607ac13089376,11/5(日) 12:36
bbc,BBC News,【解説】 イスラエル・ガザ戦争　4週間たった今、五つの新しい現実＝BBC国際編集長,https://news.yahoo.co.jp/articles/0d4e209861cb723685a9c1e0c0fcad1d3e7a052e,11/5(日) 12:14
bbc,BBC News,ネパール西部地震、死者150人以上に,https://news.yahoo.co.jp/articles/f40d55687ab480318614bfe8f5c1f9756e60a09d,11/5(日) 10:58
bbc,BBC News,イスラエル首相、人道的休戦の訴えを一蹴　米国務長官との会談後,https://news.yahoo.co.jp/articles/eee0baefd62643c117c6610277d92b72fce28078,11/4(土) 12:28
bbc,BBC News,ヒズボラ指導者、対イスラエル全面戦争は表明せず……今のところは,https://news.yahoo.co.jp/articles/43353e50ac9e6a9dd96e3440a9b8210d03518d98,11/4(土) 12:06
bbc,BBC News,ガザ市の病院近くで爆発、13人死亡とハマス発表,https://news.yahoo.co.jp/articles/b205451cfbbd33535e96d1e0df08b717d5f063fa,11/4(土) 11:32
bbc,BBC News,ドイツの副首相、反ユダヤ主義を批判する動画で反響　差別的な事件が増えるなか,https://news.yahoo.co.jp/articles/0ffc08a8ff30480176236b4599edf3a7c0e5d328,11/4(土) 10:34
bbc,BBC News,ビートルズ「最後の曲」発表　レノンさん録音の音源から全員参加で完成,https://news.yahoo.co.jp/articles/eab7d628a5157d6f6c1bb3658db7ca7d84c53596,11/4(土) 9:36
bbc,BBC News,「停戦」と「人道的休戦」は何が違う？　イスラエル・ガザ戦争,https://news.yahoo.co.jp/articles/0d4b5d98ba70fe3ee246c13406a9a02f99704ff3,11/3(金) 13:47
bbc,BBC News,イスラエル軍、ガザ市を完全包囲と発表　一部のパレスチナ人の脱出続くも人道危機悪化,https://news.yahoo.co.jp/articles/11d6b4fe86bef8947c44e299faf586b74c13f22d,11/3(金) 13:21
bbc,BBC News,バイデン氏、イスラエル・ガザ戦争に「一時休止」が必要と　米下院はイスラエル支援予算を可決,https://news.yahoo.co.jp/articles/d2024ddd418549e89d1a1dcb76dc9026c4a70614,11/3(金) 11:58
bbc,BBC News,ガザの地下にはどんなトンネルが広がっているのか　ハマスの映像を分析,https://news.yahoo.co.jp/articles/b9ab082d9b16869d0cca2b6a0e2395eab3b81a5b,11/2(木) 18:26
bbc,BBC News,トランプ前大統領の長男が法廷で証言、家族で初　一族企業の不正裁判,https://news.yahoo.co.jp/articles/8f2ed5b9928489f7b89a8d662d52edb5b327b092,11/2(木) 17:28
bbc,BBC News,弾痕や焼けた家電が残され……一家がハマスの人質に取られたキブツの家,https://news.yahoo.co.jp/articles/bd13d69d7e687d5de5d5c6647a184f404ce3ce6f,11/2(木) 16:26
bbc,BBC News,日本人ら外国籍保有者300人超、ガザ地区からエジプトに退避　負傷者76人は病院に搬送,https://news.yahoo.co.jp/articles/ce35d09ed80926f42f43d8eb3efd038320132bfe,11/2(木) 13:18
bbc,BBC News,【検証】 ガザ南部は安全なのか　イスラエル軍が指示した避難先で空爆,https://news.yahoo.co.jp/articles/1a52e141da462b735f28bd6568f3bc32df9ab306,11/2(木) 12:58
bbc,BBC News,ロシア、1日で118カ所の集落を攻撃＝ウクライナ内相,https://news.yahoo.co.jp/articles/58a007cdf15acb39427f0f7289a001af2043ae92,11/2(木) 12:44
bbc,BBC News,タリバンから逃れたアフガン難民、パキスタンが強制送還　「人権の大惨事」を国連が懸念,https://news.yahoo.co.jp/articles/3fbf0cf18ff8ff6a423a00e6999beee17efafd72,11/2(木) 10:18
bbc,BBC News,【解説】 中国はイスラエル・ハマス戦争から何を得たいのか,https://news.yahoo.co.jp/articles/3f017bf8cd7741527cfe8d2da7e7c49a3d69e7e0,11/1(水) 20:28
bbc,BBC News,ボリビア、イスラエルと断交　ガザでの軍事行動は「好戦的で不釣り合い」,https://news.yahoo.co.jp/articles/bca5c5b37309782c17ec031e96382b5978b689f8,11/1(水) 18:11
bbc,BBC News,仏パリで「ダビデの星」の落書き、当局が捜査　「反ユダヤ主義的」行為と,https://news.yahoo.co.jp/articles/6e8d294ac2e965c5a5d615aa1f3a84ea0fc84d96,11/1(水) 14:51
bbc,BBC News,大英帝国時代の「不当行為」について発言　ケニア訪問中のチャールズ国王,https://news.yahoo.co.jp/articles/f1ba2cad4c1d2698a6b5a7a8e7032a6664da9a4f,11/1(水) 14:42
bbc,BBC News,チャールズ英国王、植民地時代の「暴力行為」に言及　ケニア公式訪問で,https://news.yahoo.co.jp/articles/58354d958516972b37b9f6c051fd040d459de6ac,11/1(水) 14:14
bbc,BBC News,「自分は時にカメラの後ろで、ただ立ち尽くして涙を流す」　ガザ地区で取材する記者,https://news.yahoo.co.jp/articles/0aac325d936e6df7f65cd137666174c77646ba5f,11/1(水) 13:24
bbc,BBC News,ただカメラの後ろで立ち尽くし涙を……ガザで取材する記者に聞く,https://news.yahoo.co.jp/articles/dcc0a1ab6c35b44da58c3b3994e5108d1525cc0d,11/1(水) 12:49
bbc,BBC News,イスラエル、ガザ難民キャンプを空爆　住民ら多数死傷,https://news.yahoo.co.jp/articles/69aa6f829ed170e48864e154a26962e11f94dbbb,11/1(水) 12:48
bbc,BBC News,埼玉の郵便局で拳銃持った86歳男性が立てこもり、8時間後に逮捕　人質2人は無事,https://news.yahoo.co.jp/articles/7980016af3ef68bd979df985899e6cce3446ae3d,11/1(水) 12:41
bbc,BBC News,「妹だ！　大事な妹だ！」　ガザの病院で喜び叫ぶ少女……しかしそのいとこは,https://news.yahoo.co.jp/articles/1094cbf64502db31d421b8bd681ab0c5c27b140e,11/1(水) 11:49
bbc,BBC News,アバクロンビー・アンド・フィッチを提訴、元CEOによる性的人身売買の「資金源」だったと原告,https://news.yahoo.co.jp/articles/e4c25f675d35628558a5ed03f25623fa514a27a4,10/31(火) 17:41
bbc,BBC News,在日米軍、日本の水産物を大口購入　中国の輸入禁止に対抗,https://news.yahoo.co.jp/articles/3c4b2f04f9333e58597b0d518feb8ec59d675d75,10/31(火) 17:04
bbc,BBC News,プーチン氏、空港暴動は「ウクライナと西側の扇動」と　アメリカは「馬鹿げている」と反発,https://news.yahoo.co.jp/articles/4b76134b24b1e2f69339bb732f793a9d79b74e91,10/31(火) 16:36
bbc,BBC News,苦境の中でガザ地区の病院は今……BBC記者が現地報告,https://news.yahoo.co.jp/articles/e0290c73087e0672590cea648ad2620a33db32c2,10/31(火) 16:02
bbc,BBC News,ロシア占領のウクライナ東部で一家9人射殺　ロシア兵2人を拘束,https://news.yahoo.co.jp/articles/c2533dc862c1b575f3d054c4fee13e0a84c449cd,10/31(火) 15:36
bbc,BBC News,英政府、ガザ停戦求めた与党議員を政府役職から解任　野党も議員1人を一時除名処分,https://news.yahoo.co.jp/articles/e98bb739caf06d07877874be67eb1f3c3adc2924,10/31(火) 15:36
bbc,BBC News,イスラエル、「戦後」のガザに関して計画もたず　専門家らが警鐘,https://news.yahoo.co.jp/articles/7d16c140a1dfd7b1e8dd7945d496e34ee63c279a,10/31(火) 14:28
bbc,BBC News,ハマス、人質女性3人の映像を公開　1人はイスラエル首相を批判,https://news.yahoo.co.jp/articles/99d422b52f16624d9b84bf712c47aa8ea9105542,10/31(火) 13:47
bbc,BBC News,バイデン氏、AIの安全性に関する大統領令に署名　「国民の安全守りながら活用」,https://news.yahoo.co.jp/articles/832c63aade02f0304ff641a0be14d8bc19d4d899,10/31(火) 12:41
bbc,BBC News,イスラエル、ガザ市付近まで進軍か　ネタニヤフ首相は停戦を拒否,https://news.yahoo.co.jp/articles/b089cb7b89c4ba02701621b5aa126579070f64e3,10/31(火) 12:06
bbc,BBC News,ロンドン警視庁、政府に「過激主義」の定義明確化求める　イスラエルとガザ地区めぐる抗議デモ受け,https://news.yahoo.co.jp/articles/b2299c14a41b373c0eca69cd001fe40dceef83ba,10/30(月) 17:06
bbc,BBC News,スコットランド第一首相、ガザ地区の親族と連絡取れたと　停戦と人道支援を強く訴え,https://news.yahoo.co.jp/articles/e166fe2e7cf0c7c6913673bc4dc5b670654a2abc,10/30(月) 15:34
bbc,BBC News,イスラエル、ガザの病院に退避通告　WHOと赤十字・赤新月社が強い懸念,https://news.yahoo.co.jp/articles/2b81421b81a66cb01cf8afa9c2ff9c97c4bfd118,10/30(月) 15:04
bbc,BBC News,【米大統領選2024】 ペンス前副大統領が撤退を表明　共和党指名争い,https://news.yahoo.co.jp/articles/e336966008843f068dc22cb80c6c7c90f6c45407,10/30(月) 14:44
bbc,BBC News,空爆で破壊されたガザ地区中部の町　ドローン映像から,https://news.yahoo.co.jp/articles/c0032741ca58a7d1ecc4cc1bea08fd965cc619f4,10/30(月) 12:34
bbc,BBC News,ガザ住民が支援物資を倉庫から奪う　「みな必死で、飢えている」と国連高官,https://news.yahoo.co.jp/articles/8a85ad16cef81b3af10eb50b1a48ba7d1b075550,10/30(月) 11:54
bbc,BBC News,ロシア南部ダゲスタンで集団が空港乱入　イスラエルからの乗客標的か,https://news.yahoo.co.jp/articles/d4df1c83764ce8fb2ae123dbce4a1dacfa8a5333,10/30(月) 11:08
bbc,BBC News,ガザ空爆への抗議デモ、ロンドンで数万人参加　世界各地でも,https://news.yahoo.co.jp/articles/e8208007dcf0a99c38c3203db82c6160dac14636,10/29(日) 15:58
bbc,BBC News,【2023年ラグビーW杯】 南アが優勝、大会最多4回目　ニュージーランドを1点差で破り連覇,https://news.yahoo.co.jp/articles/df77bb1e5ee81025587e34dd07017d0ce9eda1e7,10/29(日) 15:04
bbc,BBC News,イランの地下鉄で倒れた少女が死亡、ヒジャブ着用めぐり道徳警察が殴打か,https://news.yahoo.co.jp/articles/daf5913fe8e9d2b37dc7ddf7b2f7230e94c97111,10/29(日) 14:48
bbc,BBC News,ハマスとの戦い、イスラエルにとって「2回目の独立戦争」＝イスラエル首相,https://news.yahoo.co.jp/articles/63f4edb12bff7932dee18103ddcca1b2a2d19371,10/29(日) 14:37
bbc,BBC News,ガザ北部に「最大規模」の空爆、BBC記者が現地の状況語る,https://news.yahoo.co.jp/articles/e30b2b49d3eea2f0b8a97d885260cf67323db62c,10/29(日) 12:52
bbc,BBC News,イスラエル首相、ガザでの戦争は「第2段階」に　「長く厳しい」戦いになると,https://news.yahoo.co.jp/articles/06af32808d7b92de35fe1ab000cadbb0af1ce2da,10/29(日) 12:44
bbc,BBC News,あるはずのものがない？　プーチン氏の2024年版カレンダー、BBCロシア編集長が分析,https://news.yahoo.co.jp/articles/5b94f8a4e08c3593fba5da8a50570f97cadf0063,10/28(土) 15:26
bbc,BBC News,18人死亡の米メイン州銃撃、逃走中の容疑者が遺体で発見　警察発表,https://news.yahoo.co.jp/articles/4312f69cfde9bc3ed3ee711a1a1db4801984c178,10/28(土) 14:47
bbc,BBC News,日本で無賃乗車、動画公開したユーチューバーに批判殺到　「そんなつもりはなかった」と謝罪,https://news.yahoo.co.jp/articles/3dd01b94fbf3db288c742d1ac22a1e17a693b74e,10/28(土) 14:36
bbc,BBC News,イスラエル軍、夜通しガザ北部を空爆　戦闘機約100機で,https://news.yahoo.co.jp/articles/8d4c543af63aff3ef5554273df3be821ca76754a,10/28(土) 13:38
bbc,BBC News,オメルとオマル、イスラエルとガザ地区で殺された2人の4歳児……SNSはその死を否定,https://news.yahoo.co.jp/articles/7d68bd3bba65fbbf718054262c45b7d2463d1e8e,10/28(土) 12:28
bbc,BBC News,猫1000匹を警察が救出、「豚肉」などとして違法取引　中国,https://news.yahoo.co.jp/articles/41e5e46f0d4403de43755ae20255b5c83b7337a9,10/27(金) 18:38
bbc,BBC News,バイデン氏、南シナ海で攻撃あれば「フィリピンを防衛」　中国船との衝突めぐり警告,https://news.yahoo.co.jp/articles/035cf516ddbda51712c65aa75f13e13762931134,10/27(金) 18:04
bbc,BBC News,ビートルズが「最後の曲」発売へ　「ナウ・アンド・ゼン」,https://news.yahoo.co.jp/articles/83245cf9ee696a56003c613dbe66b1e6ed9a707d,10/27(金) 18:02
bbc,BBC News,サーファーがクジラと衝突　シドニー沖,https://news.yahoo.co.jp/articles/17619d66220bb8a564a8a0a8cdb3727584b16d13,10/27(金) 17:58
bbc,BBC News,中国の李克強前首相が死去、68歳　習国家主席によって傍流へ,https://news.yahoo.co.jp/articles/71d95530322ad6f686e4521ce348f3218e0f9675,10/27(金) 15:38
bbc,BBC News,ロシアが「原発狙った可能性」　ウクライナ西部の攻撃についてゼレンスキー大統領,https://news.yahoo.co.jp/articles/2b571ba9dd179d4a52de63371e2ed3dd048ab0a1,10/27(金) 15:32
bbc,BBC News,国連がガザで活動を縮小、EUは戦闘一時停止呼びかけ　「人質50人死亡」とハマス,https://news.yahoo.co.jp/articles/9cec41984e1cc81471731f0aead72651d7b7e637,10/27(金) 15:06
bbc,BBC News,イスラエルとパレスチナの大使が演説　国連の緊急特別会合,https://news.yahoo.co.jp/articles/061e22a8f550092d3178c431ba583a2ab91667ec,10/27(金) 15:02
bbc,BBC News,ロシア、前線から退く自軍兵士を処刑＝米高官,https://news.yahoo.co.jp/articles/699d2d71f3372ef026fa86d2b7cd2ef7c5270ad5,10/27(金) 12:24
bbc,BBC News,ウクライナ当局、子供1000人の強制避難を開始　ロシアの攻撃激化で,https://news.yahoo.co.jp/articles/f63444e551b57bd89a20f53ae1615dbb21be1d2e,10/27(金) 10:04
bbc,BBC News,米メイン州のボウリング場などで銃撃、18人死亡　逃走中の容疑者に逮捕状,https://news.yahoo.co.jp/articles/b0b5cf6feba3cda2e4020d7caa453ee3a5491b3a,10/26(木) 18:06
bbc,BBC News,「家族はガザにいる」、イスラエル国防省前で座り込み　飼い犬と始めた活動が市民に広がる,https://news.yahoo.co.jp/articles/e35ac225a625e545543ee4096e5b8fbe1c821c8b,10/26(木) 17:38
bbc,BBC News,米下院、議長にジョンソン氏選出　3週間の空席と混乱をようやく解消,https://news.yahoo.co.jp/articles/e0c1c927801cb430294d305305b88943acbba669,10/26(木) 17:08
bbc,BBC News,ガザ地区の病院、緊急搬送しか受け入れられず　燃料枯渇が間近に,https://news.yahoo.co.jp/articles/1442ae2a776f39c5eb6c94aedb6ee819f2177ffb,10/26(木) 17:04
bbc,BBC News,戦闘が子供に及ぼす残酷な影響　イスラエルの空爆続くガザ地区,https://news.yahoo.co.jp/articles/41f2ca963478ef8b6f7fefee11c8292c9ae20b7e,10/26(木) 15:47
bbc,BBC News,米俳優ドウェイン・ジョンソン氏のろう人形、肌の色を仏美術館が修正　「実物より明るい」と批判され,https://news.yahoo.co.jp/articles/be7a6734c54be88c4c9cd6a3e8d18c48b09f9ba5,10/26(木) 14:36
bbc,BBC News,ロシア、核攻撃の「大規模演習」を行ったと発表,https://news.yahoo.co.jp/articles/8391afac3694e87e5ad3afb47e98b45ef08e0e64,10/26(木) 13:41
bbc,BBC News,イスラエル、国連総長の辞任を改めて要求　安保理はまたも決議採択できず,https://news.yahoo.co.jp/articles/c32926507a636772c6ed29e04dd02d2204921453,10/26(木) 13:18
bbc,BBC News,イスラエル首相、ガザ地上侵攻を「準備している」　「大規模作戦は誤り」と仏大統領が警鐘,https://news.yahoo.co.jp/articles/27ebf46b80037d7ef67acbc2e5e3c46e68e057b4,10/26(木) 12:34
bbc,BBC News,性別変更の手術要件は違憲　日本の最高裁が決定,https://news.yahoo.co.jp/articles/6c68f69ea6ef086121af21ffd49a1a0b28db1626,10/26(木) 10:17
bbc,BBC News,アメリカのユダヤ人とパレスチナ人、どちらも恐怖と憎悪に直面,https://news.yahoo.co.jp/articles/3b21b58bbe27b5d38739dd0ce5d5260db2f52dc0,10/25(水) 18:21
bbc,BBC News,【解説】 アメリカにはどこまでイスラエルを守る用意があるのか,https://news.yahoo.co.jp/articles/44aad4fe49cd8f36ba63d7e0cb6e407aa6218e1a,10/25(水) 17:14
bbc,BBC News,インスタグラムは「若者のメンタルヘルスに有害」　米42州・特別区が親会社を提訴,https://news.yahoo.co.jp/articles/9f9e0c8504558f7ccc1a9d106c0e0df9295e1278,10/25(水) 16:58
bbc,BBC News,ハマス戦闘員のボディカメラ映像、イスラエル軍が記者団に公開　住民襲う場面など,https://news.yahoo.co.jp/articles/0da41c32057531dce6c84c4f1fd028c4a1738629,10/25(水) 16:38
bbc,BBC News,中国、李国防相を解任　外相に続き,https://news.yahoo.co.jp/articles/f7e2c267dfe7b5d03173b5645288efaf360292ec,10/25(水) 15:54
bbc,BBC News,「棒で殴られた以外は人道的」　解放の85歳女性、ハマスによる人質の扱いを語る,https://news.yahoo.co.jp/articles/794a75180d5bf220620a4bcd745477337b33225e,10/25(水) 15:19
bbc,BBC News,国連総長、ガザの状況は「国際人道法違反」　イスラエルは強く反発,https://news.yahoo.co.jp/articles/38a92a770fcd7fb7f8bf064c220749b1498934c7,10/25(水) 15:06
bbc,BBC News,「地獄を味わった」、解放の85歳女性　ハマスの「クモの巣のような」地下トンネルで人質,https://news.yahoo.co.jp/articles/75b208a6eb5da8a2f53a6f06e815f08331b3afad,10/25(水) 13:14
bbc,BBC News,非番の米パイロット、旅客機を墜落させようとして失敗か　殺人未遂で訴追,https://news.yahoo.co.jp/articles/41ee2cd642a5870c821beb871d85db47e131e84f,10/24(火) 16:54
bbc,BBC News,避難先でもイスラエルの空爆、子どもら多数死傷　ハマスへの怒りも,https://news.yahoo.co.jp/articles/c09dd5ddff057b1f6a3d6687626d0e1f553c8f5f,10/24(火) 15:22
bbc,BBC News,ストに首相も参加へ、男女格差に抗議　ジェンダー平等1位のアイスランド,https://news.yahoo.co.jp/articles/bf8cf6414ef349057f1d339683b47a364b619415,10/24(火) 15:04
bbc,BBC News,英首相、ガザ市の病院爆発は「ガザからのミサイルの可能性高い」,https://news.yahoo.co.jp/articles/d7c59eec4415c2db0ebbbd9b903d516554ef1258,10/24(火) 13:44
bbc,BBC News,ハマスがさらに人質2人を解放　ガザ地区には支援トラック第3弾,https://news.yahoo.co.jp/articles/d7ca17c7756d5c302c56a77b95f09519aacc26c3,10/24(火) 12:48
bbc,BBC News,ウクライナ、戦地でのドローン不足を懸念　中国の輸出規制で,https://news.yahoo.co.jp/articles/3dc128fe8634ec10d05b928cf9ed37adbf748b50,10/24(火) 12:17
bbc,BBC News,ガザ南部の避難者、「一部は北部に戻っている」と国連高官　悲惨な状況に直面し,https://news.yahoo.co.jp/articles/187b4554cebb3bee76afbfd5d4adbeda59201eae,10/24(火) 12:04
bbc,BBC News,フィリピンと中国の船舶、領有権争う南シナ海で2度衝突,https://news.yahoo.co.jp/articles/0cb108e5af5d0e0bbad31af68b302701f3678065,10/23(月) 18:22
bbc,BBC News,トイレや安全面に課題も、2000世帯がテント生活　ガザ避難キャンプ現地報告,https://news.yahoo.co.jp/articles/a69fcf98a4dd9acc5abb31085144914b3dd4a2c9,10/23(月) 17:26
bbc,BBC News,ハマスに殺害された英国人が10人に　10代姉妹と母親の死亡を確認、家族が公表,https://news.yahoo.co.jp/articles/62be2fd174322d2ede649249164cdd595a360b90,10/23(月) 17:08
bbc,BBC News,イスラエル、ヨルダン川西岸でも空爆　ジェニンで2人死亡か,https://news.yahoo.co.jp/articles/541ef21f20ddca3910a48ce77a506bae856e8130,10/23(月) 16:04
bbc,BBC News,「帰りたい」とせがむ娘、軍事衝突で断たれたかつての生活　ガザで取材するBBC記者と家族,https://news.yahoo.co.jp/articles/ea151c7338cc928a787d8f27c8e2de0ee77fe622,10/23(月) 13:21
bbc,BBC News,支援物資の第2陣がガザ入り　病院では燃料不足で赤ちゃんら危機,https://news.yahoo.co.jp/articles/dcf4e2641214f954a1cf8e4db01f8cda9ec5a46a,10/23(月) 13:02
bbc,BBC News,イランがイスラエルに警告、ガザ攻撃続ければ中東は「制御不能に」　ネタニヤフ首相は部隊を視察,https://news.yahoo.co.jp/articles/63c7427bf2da5bbd05cc6e91a7f531cdc628c56e,10/23(月) 12:46
bbc,BBC News,東部ハルキウの郵便施設に爆撃、6人死亡　ウクライナ,https://news.yahoo.co.jp/articles/66d55b13ab75044595a78a452d76684bcbfb9cb4,10/22(日) 13:32
bbc,BBC News,ロンドンで親パレスチナデモに10万人参加、英各地でも,https://news.yahoo.co.jp/articles/f902fde49041d7c83f8b259db41d5b39bad90a45,10/22(日) 13:32
bbc,BBC News,アラブ諸国、パレスチナ人の強制移住に反対　イスラエル・ガザ戦争めぐる首脳会議で,https://news.yahoo.co.jp/articles/4246b0a4b14d87c130142b151450b728bb147ced,10/22(日) 13:04
bbc,BBC News,ラファ検問所が一時開通、ガザ地区へ軍事衝突後初の物資搬入　イスラエル軍は攻撃強化を発表,https://news.yahoo.co.jp/articles/b3d6298c14d3123d1109cb46c676c6f5603ecbe4,10/22(日) 12:38
bbc,BBC News,ガザ支援物資の搬入遅れ、国連総長が検問所視察　イスラエルは「全アクセスの遮断」が目標か,https://news.yahoo.co.jp/articles/b6cd05a647f4b4fd428c68c06e66e81654e23ac4,10/21(土) 13:41
bbc,BBC News,子供たちが作ったカボチャのランタンを破壊、神父が謝罪　チェコ,https://news.yahoo.co.jp/articles/09c6682958e1f9b5409b1ffa6cf462907fe93856,10/21(土) 13:24
bbc,BBC News,ハマスが人質のアメリカ人母娘を解放、イスラエルとの衝突開始後初　カタールが仲介,https://news.yahoo.co.jp/articles/96a0cd7ad3c05a978f0a7ea3a201486f90cdb548,10/21(土) 12:14
bbc,BBC News,「なぜ私たちの暮らしを台無しに？」　ガザ中部の住宅地に爆撃、BBC記者が取材,https://news.yahoo.co.jp/articles/c78db18cde2896508278503aa0147105fb366864,10/21(土) 11:34
bbc,BBC News,北朝鮮に越境し解放された米兵、脱走罪などで米軍が起訴＝米報道,https://news.yahoo.co.jp/articles/60669a5907c859669c34cb21e44e84e15ce907ec,10/20(金) 18:58
bbc,BBC News,トランプ前米大統領の元側近、ジョージア州での選挙介入で有罪認める,https://news.yahoo.co.jp/articles/b6f0533f1029a8b9e88fda363ac6e715ba7fc469,10/20(金) 18:28
bbc,BBC News,中国の核弾頭、過去1年で大幅増　約500発が運用可能＝米政府報告書,https://news.yahoo.co.jp/articles/2922fd93487f931c9a4e75f26dd33f4ea742d2b6,10/20(金) 16:44
bbc,BBC News,ユダヤ系団体が停戦求め米議会周辺でデモ、300人逮捕　イスラエル・ハマス戦争,https://news.yahoo.co.jp/articles/97c768496087ef51f95a29ebf973439c83428494,10/20(金) 16:24
bbc,BBC News,バイデン氏、イスラエルとウクライナへの「重要」支援訴える　米国民に向け演説,https://news.yahoo.co.jp/articles/00678a657ecffbab4cb4dff6f1d47f79bfe49055,10/20(金) 16:21
bbc,BBC News,スーナク英首相、イスラエルとサウジ訪れ首脳会談　中東の安定化働きかける,https://news.yahoo.co.jp/articles/00ed471546c086b380bf27524658e2fd0e89d1cf,10/20(金) 13:34
bbc,BBC News,ガザへの支援物資、トラック20台が近く搬入の見通し　「100台分は必要」と支援団体,https://news.yahoo.co.jp/articles/2639f278754810799272acf4e2002ab03ed355b3,10/20(金) 12:44
bbc,BBC News,ウクライナ軍、ロシア占領のドニプロ川東岸に部隊進めたか,https://news.yahoo.co.jp/articles/36d38283b910686e0f35b112d0ca3d8290e8ee8f,10/20(金) 12:44
bbc,BBC News,国連当局、ガザ人道回廊設置を強く訴え　英首相はイスラエルで支持表明＝BBC国際編集長リポート,https://news.yahoo.co.jp/articles/277380186185cc2584c77f3be7162420952168a5,10/20(金) 12:32
bbc,BBC News,スーナク英首相、イスラエル訪問　支持表明しガザへの支援働きかける,https://news.yahoo.co.jp/articles/fc84be6446c6169fa5254e29bb1e67a8c9905d9c,10/19(木) 20:04
bbc,BBC News,ロシア外相、北朝鮮を公式訪問　金総書記への「完全なる支持」表明,https://news.yahoo.co.jp/articles/df924cc5101d5dda1748bf3d22e006b8df794dc7,10/19(木) 17:51
bbc,BBC News,中国軍機の「威圧的で危険な」飛行、米当局が映像公開　「異常接近」繰り返す,https://news.yahoo.co.jp/articles/b5022367d85a9f9c8343637653dde1489907b4c5,10/19(木) 17:42
bbc,BBC News,バイデン氏、イスラエル訪問し支持を表明　エジプトは検問所からガザへの物資運搬に同意,https://news.yahoo.co.jp/articles/c33642090125d72d16394c8ad2d5f20f9d8de585,10/19(木) 15:28
bbc,BBC News,ガザ市の病院爆発、現場をBBC記者が取材　「遺体の回収作業が続いている」,https://news.yahoo.co.jp/articles/bf7bcd898d998b50131934999fc8cea3c2f4666d,10/19(木) 14:42
bbc,BBC News,【検証】 ガザ市の病院爆発、映像などの証拠から何が分かるのか,https://news.yahoo.co.jp/articles/9d7868938c02d8058ca3a84db7f15ec1752f5888,10/19(木) 13:44
bbc,BBC News,プーチン氏と習氏が首脳会談　北京で「一帯一路」サミット、両国は連帯を強調,https://news.yahoo.co.jp/articles/a64f693d2ead70f660c5e30e821acdab507a5d32,10/19(木) 12:06
bbc,BBC News,アメリカ、中国への半導体輸出をさらに規制へ　米エヌビディアなどに打撃,https://news.yahoo.co.jp/articles/db445273f3f82f279386336530125f2e0ddb6b0a,10/18(水) 17:41
bbc,BBC News,英MI5長官、イスラエル・ガザ戦争が国内の過激派に与える影響を懸念,https://news.yahoo.co.jp/articles/d0158cafc086dea34022685d2a304074d55fe798,10/18(水) 17:18
bbc,BBC News,【解説】 ガザのラファ検問所、エジプトはなぜ再開をためらっているのか,https://news.yahoo.co.jp/articles/5d53c79c0283292b549830c7a7112888c5188752,10/18(水) 17:06
bbc,BBC News,冤罪で16年服役した米男性、釈放から3年後に射殺　交通違反の取り締まりで,https://news.yahoo.co.jp/articles/cfdda8b1538eea1ed5252900967af2325e9d3bed,10/18(水) 17:02
bbc,BBC News,ガザで取材するBBC記者と家族、再び家を失う　南部ハンユニスで空爆警告,https://news.yahoo.co.jp/articles/91ef22ca79a22d8007c92272eb8e60dbb552e741,10/18(水) 14:41
bbc,BBC News,ウクライナ、米供与の長距離ミサイルを初めて使用＝ゼレンスキー大統領,https://news.yahoo.co.jp/articles/7537afd4f6e8c70302e78bcc7ef652b153a29772,10/18(水) 12:51
bbc,BBC News,ガザ市の病院に空爆か、多数の死傷者で混乱する現場　イスラエルは関与否定,https://news.yahoo.co.jp/articles/1260e46aa84711782a114222b1fbcf181ba59c80,10/18(水) 12:42
bbc,BBC News,ガザ市の病院で爆発、約500人死亡か　イスラエル軍はパレスチナ武装勢力を非難,https://news.yahoo.co.jp/articles/d0747c272b5c6fb8de0d1f6c0d070c2c7bcbab14,10/18(水) 12:36
bbc,BBC News,【解説】 他国は巻き込まれる？　イスラエル・ガザ戦争、読者の質問にBBC特派員が回答,https://news.yahoo.co.jp/articles/5c16487d79159f0f3097ad8b5a4eea22a69fbde7,10/18(水) 12:24
bbc,BBC News,【解説】 イスラエル・ガザ戦争　対立の歴史をさかのぼる,https://news.yahoo.co.jp/articles/09a52a76123ac04dc3c546a92d9fb9ed231068e8,10/18(水) 11:44
bbc,BBC News,わずかなパンのために数百人が行列　ガザ南部ハンユニス,https://news.yahoo.co.jp/articles/3bdc084d42aa136878f6e7031337a679be3b636b,10/17(火) 17:56
bbc,BBC News,イスラエル・ガザ戦争の偽情報と憎悪投稿、背後に誰がいるのか,https://news.yahoo.co.jp/articles/77eca8af359fc43f5704c16709585538ab3f06d8,10/17(火) 17:28
bbc,BBC News,ブリュッセルで銃撃、スウェーデン人2人死亡　イスラム国に「触発された」か,https://news.yahoo.co.jp/articles/cd8b6468668cbc985002cd9ce4c7240c6c60bf3c,10/17(火) 16:06
bbc,BBC News,ロシア、ウクライナから連れ去った子ども4人を帰還させる　カタールが仲介,https://news.yahoo.co.jp/articles/e09c01c61c667aac55646b24c9e97f1101d41cb2,10/17(火) 14:02
bbc,BBC News,バイデン米大統領、18日にイスラエル訪問へ　ハマスはイスラエル都市を砲撃,https://news.yahoo.co.jp/articles/8cf38929f1a7481084283c73bc522f570ef3a5d2,10/17(火) 12:24
bbc,BBC News,BBC記者も家族とガザ北部から避難……南部ハンユニスの現状は,https://news.yahoo.co.jp/articles/813f927225b33bfdc2901cd920551ebe33449564,10/16(月) 18:24
bbc,BBC News,6歳少年がイスラム教徒だとして刺され死亡、憎悪犯罪で家主起訴　アメリカ,https://news.yahoo.co.jp/articles/2d28ba1698bd9652bce30bec91c16bc9797e6174,10/16(月) 17:36
bbc,BBC News,ポーランド総選挙、右派与党が過半数割れの見通し＝出口調査,https://news.yahoo.co.jp/articles/c89250d2e5a3e468848aa204c31ed5932801cf38,10/16(月) 15:04
