media_en,media_jp,title_articles,link_articles,date_original
colocal,Webƒ}ƒKƒWƒ“ ƒRƒƒJƒ‹,”L‚ğ”‚¤‘O‚ÉA”L‚Ì‚¢‚é•é‚ç‚µ‚ğ‘ÌŒ±‚µ‚Ä‚İ‚½‚¢l‘åŠ½Œ}I@•ÛŒì”L‚Æ‚Ìh”‘‘ÌŒ±‚ª‚Å‚«‚é•¡‡{İ‚ªƒI[ƒvƒ“,https://news.yahoo.co.jp/articles/338aa83d8409ce9b704137ea69dd5f51a83feb32,No date found
colocal,Webƒ}ƒKƒWƒ“ ƒRƒƒJƒ‹,‚¦‚¾‚Ü‚ß‚Ì‘H‚¢‹L˜^‚Í100•b‚Å‰½ƒOƒ‰ƒ€H VŠƒŒ§’·‰ªs‚Å¢ŠE‘å‰ïŠJÃ,https://news.yahoo.co.jp/articles/2420389e58fe1ad3271a18da1549a583aa08764a,No date found
colocal,Webƒ}ƒKƒWƒ“ ƒRƒƒJƒ‹,ƒ‚ƒ_ƒ“‚Èƒ‰ƒCƒg‚É‘å•ÏgI•Ÿ‰ª‚Ì“`“HŒ|u”ª—’ñ“”v‚Å‚¨–~‚ğŒ}‚¦‚Ä‚İ‚Ä,https://news.yahoo.co.jp/articles/f33ebe71c1bd61cc5160519e4484c109f5e92077,No date found
colocal,Webƒ}ƒKƒWƒ“ ƒRƒƒJƒ‹,lŒûŒ¸­’˜‚µ‚¢‚Ü‚¿‚Ì‹~‚¢è‚Æ‚È‚é‚©!? ŒÃ–¯‰Æ‚P“‘İ‚µ‚ÌqNIPPONIA”ü”Z¤‰Æ’¬r‚ÉuUMEMIYA“v‚ª’a¶,https://news.yahoo.co.jp/articles/cd3dea57d5be38babaa0aafeece6fc3488c77f63,No date found
colocal,Webƒ}ƒKƒWƒ“ ƒRƒƒJƒ‹,u©•ª‚Ì¶‚Ü‚êˆç‚Á‚½‚Ü‚¿‚ÅƒEƒCƒXƒL[‚ğ‚Â‚­‚è‚½‚¢v‘å•ªE’|“c‚Éq‹vZö—­Šr‚ª‚Å‚«‚é‚Ü‚Å,https://news.yahoo.co.jp/articles/d13b5f528f8ccffe01f9dd330e520c07d83c7051,No date found
colocal,Webƒ}ƒKƒWƒ“ ƒRƒƒJƒ‹,”_‹Æ‚Ì–Ê”’‚³‚ÆA¶Y‚ÌŒ»ê‚ÌƒŠƒAƒ‹‚ğ“`‚¦‚½‚¢I˜a‰ÌR‚Ì—¿—lEÎˆä‰À“Ş‚Ì–{‚ÍH‚É‚Ü‚Â‚í‚éd–‚Ìl•KŒ©I,https://news.yahoo.co.jp/articles/8f607b9772f8b48ec1fd3604b944231e67edb3b2,No date found
colocal,Webƒ}ƒKƒWƒ“ ƒRƒƒJƒ‹,u‚¨›‚¨‚©‚½‚¢êŠv‚ÌƒCƒ[ƒW‚ğ•Ï‚¦‚éBŒÂ«–L‚©‚ÈƒCƒxƒ“ƒg‚ÅV‚µ‚¢‚¨›‚Ì‚©‚½‚¿‚ğ’Ç‹‚·‚éŠò•ŒŒ§q“ŒŒõ›r,https://news.yahoo.co.jp/articles/d26537a9cb6cf4b5ef0cb498a57001bcc2655796,No date found
colocal,Webƒ}ƒKƒWƒ“ ƒRƒƒJƒ‹,”ª’š–¡‘X&¶ên‚Ì‚©‚«•X‚ÉƒAƒ{ƒJƒh‚Ì‚©‚«•X‚à!? ‚±‚ñ‚È‚ÌH‚×‚½‚±‚Æ‚È‚¢I–¼ŒÃ‰®‚Ì‚©‚«•X‚V‘I,https://news.yahoo.co.jp/articles/7af52c387890d6492e88dc7b85e8d7a5e7305155,No date found
colocal,Webƒ}ƒKƒWƒ“ ƒRƒƒJƒ‹,”ƒ‚¢æ‚Á‚½ŒÃ–¯‰Æ‚ğ‰üC‚µ‚Ä“X•Ü‚Æ‚µ‚Ä‘İ‚µo‚·B“È–Ø‚ÌƒZƒŒƒNƒgƒVƒ‡ƒbƒv‚ªn‚ß‚½‚İ,https://news.yahoo.co.jp/articles/5e2efb6e831bd3c0de67e11f4277e885e44d76f5,No date found
colocal,Webƒ}ƒKƒWƒ“ ƒRƒƒJƒ‹,“`“Œ|”\‚ğ–¢—ˆ‚ÖB‚Z‘²‹Æ‘Ši‚àæ“¾‚Å‚«‚éAŒ|•‘‹W‚Ì—{¬ƒXƒN[ƒ‹‚ªŠò•Œs‚ÅŠJZ,https://news.yahoo.co.jp/articles/daff887665bbfe92d8d5a14bdf4fa1a815c431ba,No date found
colocal,Webƒ}ƒKƒWƒ“ ƒRƒƒJƒ‹,2024”NÅV”ÅI•Ÿ‰ªs‚Åu‚¿‚å‚Á‚Ò‚è•Ï‚í‚Á‚½‚©‚«•Xv‚ª–¡‚í‚¦‚éƒJƒtƒF‚âƒzƒeƒ‹‚S‘I,https://news.yahoo.co.jp/articles/f983add45184c38fd26b626f8941445133495714,No date found
colocal,Webƒ}ƒKƒWƒ“ ƒRƒƒJƒ‹,VŠƒE–­‚‚ÌŒÃ–¯‰Æ‚ğÄ¶B—¢R¶Šˆ‚ğ‘ÌŒ±‚Å‚«‚éh”‘{İ‚ªƒI[ƒvƒ“I,https://news.yahoo.co.jp/articles/12de2401482494ad531b6e95bfbce2d2274a11c0,No date found
colocal,Webƒ}ƒKƒWƒ“ ƒRƒƒJƒ‹,–kŠC“¹•¨Y“W‚Å4000–{ˆÈã‚ğ”„‚èã‚°IV”­”„q”’‚¢—ölƒ[ƒ‹ƒP[ƒLr‚Ìw“ü‰Â”\æ‚ÍH,https://news.yahoo.co.jp/articles/6c10c61fdcf0a32603542f4a39de863abc443973,No date found
colocal,Webƒ}ƒKƒWƒ“ ƒRƒƒJƒ‹,’N‚àŒ©‚½‚±‚Æ‚ª‚È‚¢–{“aE”q“a‚ğB“`“‹Zp‚Å‚Â‚­‚éA‚ ‚½‚ç‚µ‚¢q’¹””ª”¦‹{r,https://news.yahoo.co.jp/articles/43a9a8eb1295fce986d790d1166118da6b65c53d,No date found
colocal,Webƒ}ƒKƒWƒ“ ƒRƒƒJƒ‹,åìÀ‰Ô‚Ì‘å‹K–Í‚Èì•i‚àB‰‰Ä‚ÌÂX‚ÅƒA[ƒg‚ğŠ¬”\‚µ‚æ‚¤I ‚T‚Â‚Ì”üpŠÙEƒA[ƒgƒZƒ“ƒ^[‚ª˜A“®‚µ“W——‰ïŠJÃ,https://news.yahoo.co.jp/articles/7d5cec97dd3c6f0ddfab7dcdd1522777ab11c727,No date found
colocal,Webƒ}ƒKƒWƒ“ ƒRƒƒJƒ‹,VŠƒEŒÃ’¬‚ğ‚Ç‚¤—V‚ÔH ‚Ç‚¤Šy‚µ‚ŞH ƒ[ƒJƒ‹ƒKƒCƒhƒuƒbƒNwVŠƒŒÃ’¬100‘Ix‚ÍŠÏŒõ‚É‚à“úí‚É‚àg‚¦‚éI,https://news.yahoo.co.jp/articles/5fd896bb6ecd9b7c1c21a60458044a0ca5e39850,No date found
colocal,Webƒ}ƒKƒWƒ“ ƒRƒƒJƒ‹,‰œ‚Ü‚Á‚½˜H’n‚É‚ ‚é’·‰®‚ğŒ©–‚ÉÄ¶I ‚»‚±‚©‚ç”­M‚³‚ê‚éuV‚µ‚¢“Ş—Ç‚ÌH•¶‰»v‚Æ‚Í,https://news.yahoo.co.jp/articles/6de4bb8708c2ff002071b659bea1b5678b9b766d,No date found
colocal,Webƒ}ƒKƒWƒ“ ƒRƒƒJƒ‹,İŒv‚ÍŒš’z‰ÆEâ–ÎAq–L“cs”•¨ŠÙr‚ªŠJŠÙBˆ³Šª‚ÌW‡“W¦u‚Æ‚æ‚½ƒ‚ƒmŒê‚èv‚àŒ©‚Ç‚±‚ëB,https://news.yahoo.co.jp/articles/6d621798d15639fd8056a6b59f38497225cc1a3b,No date found
colocal,Webƒ}ƒKƒWƒ“ ƒRƒƒJƒ‹,—·D‚«‚Í•K–KI ‰·—{İ‚à[ÀA©‘R‚É•ï‚Ü‚ê‚Äg©•ª‚ğ‚Æ‚Æ‚Ì‚¦‚éhƒzƒeƒ‹‚ª” ªE‹{é–ìƒGƒŠƒA‚ÉƒI[ƒvƒ“,https://news.yahoo.co.jp/articles/e788ef445e7deddfec93e4c5311f4d69116a3c67,No date found
colocal,Webƒ}ƒKƒWƒ“ ƒRƒƒJƒ‹,‚±‚ÌƒNƒŒƒˆƒ“‚É‚ÍuŠ®n‚İ‚©‚ñFv‚âu‚İ‚©‚ñ‚Ì}Fv‚àI ‚İ‚©‚ñ‚Ì”pŞ‚©‚ç¶‚Ü‚ê‚½q‚İ‚©‚ñ‚­‚ê‚æ‚ñr,https://news.yahoo.co.jp/articles/c4059a41dd96f6c6c01b3e1fd6058b9647790a94,No date found
colocal,Webƒ}ƒKƒWƒ“ ƒRƒƒJƒ‹,”MŠC‚É’–Ú‚ÌVƒXƒ|ƒbƒgI ’nY‚ÌHŞ‚ğ©•ªD‚İ‚Ì’²—•û–@‚ÅŠy‚µ‚ŞuƒI[ƒ_[ƒƒCƒhƒtƒŒƒ“ƒ`ƒŒƒXƒgƒ‰ƒ“v‚Æ‚ÍH,https://news.yahoo.co.jp/articles/28848b3c08eb8f1518644679c08eda5f301f38fd,No date found
colocal,Webƒ}ƒKƒWƒ“ ƒRƒƒJƒ‹,g‘P‹Ê‹ÛƒŠƒgƒŠ[ƒgh‚Á‚ÄH ûŠn‘ÌŒ±‚É’©ƒˆƒKcƒI[ƒKƒjƒbƒNƒRƒXƒƒuƒ‰ƒ“ƒh‚ªŠJ‚¢‚½V{İ,https://news.yahoo.co.jp/articles/f7754d2630aea8007173c303956e98711bbb9475,No date found
colocal,Webƒ}ƒKƒWƒ“ ƒRƒƒJƒ‹,uƒNƒIƒŠƒeƒB‚Ì‚‚³‚É‹Á‚¢‚½v‚Æ‚Ìº‚àBŒF’J–Á‰Ù‚Rí‚ğg‚Á‚½uŒF’J‚È‚ç‚Å‚Ív‚ÌƒpƒtƒF‚ğŠúŠÔŒÀ’è‚Å’ñ‹Ÿ,https://news.yahoo.co.jp/articles/484aa1219db2b4691cc89be9ebc3188c5ef41b34,No date found
colocal,Webƒ}ƒKƒWƒ“ ƒRƒƒJƒ‹,u‰œER—œ—¿—v‚Á‚Ä‚Ç‚ñ‚È—¿—H V‚½‚ÈH‘ÌŒ±‚ª‚Å‚«‚é•¡‡Œ^ƒŒƒXƒgƒ‰ƒ“‚ªƒI[ƒvƒ“B,https://news.yahoo.co.jp/articles/29c7d7fe0d561be0a06ee6106e36c1d75d539490,No date found
colocal,Webƒ}ƒKƒWƒ“ ƒRƒƒJƒ‹,ƒr[ƒ‹D‚«•K–KB‰œ‘½–€‚Ì’–ÚƒNƒ‰ƒtƒgƒr[ƒ‹ƒ[ƒJ[’¼‰c‚Ìƒ^ƒbƒvƒ‹[ƒ€‚âƒ{ƒgƒ‹ƒVƒ‡ƒbƒv‚ªŠ®¬,https://news.yahoo.co.jp/articles/2339fa14617dc764feb4ed93b8ae11c3b3c0e522,No date found
colocal,Webƒ}ƒKƒWƒ“ ƒRƒƒJƒ‹,–¼ŒÃ‰®‚Ì“`“HŒ|u—L¼–ÂŠCi‚èv‚ğ‚²‘¶’mH ”ü‚µ‚¢uá‰Ôi‚èv‚à‘ÌŒ±‰Â”\,https://news.yahoo.co.jp/articles/926349f732540b7098ac4a70957d5a752106ffce,No date found
colocal,Webƒ}ƒKƒWƒ“ ƒRƒƒJƒ‹,am•“X‚ªƒuƒeƒBƒbƒNƒzƒeƒ‹‚ÉBƒŒƒgƒ¤“XŠX‚ÉƒI[ƒvƒ“‚µ‚½q‚Ù‚ñ‚Ü‚¿ƒzƒeƒ‹r‚Á‚ÄH,https://news.yahoo.co.jp/articles/4fdf35f356bc33f072d89458001dffe10fbfef71,No date found
colocal,Webƒ}ƒKƒWƒ“ ƒRƒƒJƒ‹,ƒŒƒfƒB[EƒKƒK‚ÌŒC‚ÌìÒ‚ÆAƒTƒEƒi‚Ì¹’n‚Ì–º‚É‚æ‚éu—ß˜a‚Ì‘K“’v‚ª•xR‚ÉƒI[ƒvƒ“,https://news.yahoo.co.jp/articles/59c07f150780c7bb84be2dac61b9111331582a35,No date found
colocal,Webƒ}ƒKƒWƒ“ ƒRƒƒJƒ‹,T––‚Ì•Ÿ‰ªEÂŒI’¬ƒhƒ‰ƒCƒu‚ÅA‚»‚ë‚»‚ëŒ© ‚ÈåKåN‚ÆàÛàè‚Ì‚è‚ğŠy‚µ‚Ş,https://news.yahoo.co.jp/articles/27141fbc16a852bc32ceb66674022b54c8b73b2e,No date found
colocal,Webƒ}ƒKƒWƒ“ ƒRƒƒJƒ‹,D•¨‚ÌY’n‚Ål‹C‚Ìuƒ^ƒtƒeƒBƒ“ƒO‹³ºvBq¬ìõFr‚Ì…‚ÅƒIƒŠƒWƒiƒ‹‚Ìƒ‰ƒO‚ğ‚Â‚­‚ë‚¤,https://news.yahoo.co.jp/articles/9a843fe6d49b0257317a2ba70f73f9851d104c81,No date found
colocal,Webƒ}ƒKƒWƒ“ ƒRƒƒJƒ‹,•ƒ‚Ì“ú‚ÌƒMƒtƒg‚É‚¢‚©‚ªHVŠƒˆ¤‚ª‹l‚Ü‚Á‚½qƒjƒCƒKƒ^ƒlƒNƒ^ƒC -‹T“cÈ•Òr’a¶,https://news.yahoo.co.jp/articles/baf3fc894ac531c205becc7b4cdc0fd430121386,No date found
colocal,Webƒ}ƒKƒWƒ“ ƒRƒƒJƒ‹,•’i‚ÍŒ©‚ç‚ê‚È‚¢I“Œ‹‚ÌŒš’z‚ÉƒtƒB[ƒ`ƒƒ[‚µ‚½ƒCƒxƒ“ƒg‚ªŠJÃ,https://news.yahoo.co.jp/articles/89bbf2696501c7e84dea5976f93f9c7be91ac286,No date found
colocal,Webƒ}ƒKƒWƒ“ ƒRƒƒJƒ‹,¬’†‚¶‚ªaV‚È”­‘z‚ÅGÏ‚ÌƒŒƒVƒs‚ğŠJ”­IƒIƒŠƒWƒiƒ‹GÏƒRƒ“ƒeƒXƒgu‘æ‚Q‰ñZ-1ƒOƒ‰ƒ“ƒvƒŠvŠJÃ,https://news.yahoo.co.jp/articles/c4b2887e035e0ea43b5ffba4c21bd14ad0c0890d,No date found
colocal,Webƒ}ƒKƒWƒ“ ƒRƒƒJƒ‹,ƒvƒ‰ƒ“ƒgƒx[ƒX‚Ì‘ã—p“÷‚Ìƒjƒ…[ƒJƒ}[I“¿“‡Œ§Yu‚½‚©‚«‚Ñvg—p‚ÌéLq‚Æƒnƒ“ƒo[ƒO,https://news.yahoo.co.jp/articles/1c72d170a31418d162a074e8cf02c0fb1359159d,No date found
colocal,Webƒ}ƒKƒWƒ“ ƒRƒƒJƒ‹,ƒA[ƒg‚Ì“‡A–L“‡‚ÉƒI[ƒvƒ“B—Ç•iŒv‰æ‚É‚æ‚é‘ØİŒ^h”‘{İqMUJI BASE TESHIMAr,https://news.yahoo.co.jp/articles/bceab3520d21171012020b86eb492e60de40e3a6,No date found
colocal,Webƒ}ƒKƒWƒ“ ƒRƒƒJƒ‹,‚±‚ê‚¼HŒ|‚Ì–¢—ˆI‚È14ƒAƒCƒeƒ€B•Ÿˆä‚©‚ç’a¶‚µ‚½“`“HŒ|‚ÉŠ´‚¶‚é–£—Í,https://news.yahoo.co.jp/articles/bd4d362fa9faa050c71323a15389355c53053a47,No date found
colocal,Webƒ}ƒKƒWƒ“ ƒRƒƒJƒ‹,ƒuƒhƒE‚Ìï‚è‚©‚·‚©‚ç‚Â‚­‚Á‚½“V‘Ry•ê‚Å’nŒ³“ÁY‚Ìƒpƒ“‚ğIƒƒCƒiƒŠ[‚ÌSDGs‚Èæ‚è‘g‚İ,https://news.yahoo.co.jp/articles/efa457f622d34e61e43a1e70939a48a6154b3bcd,No date found
colocal,Webƒ}ƒKƒWƒ“ ƒRƒƒJƒ‹,‹¦—Íø‘¢‚Ì“ú–{ğ‚ào‰×B”íĞ‚©‚ç–ñ‚S‚©ŒA•à‚İ‚ğ‘±‚¯‚é”\“o‚Ì˜V•Üğ‘ q¼”gğ‘¢r,https://news.yahoo.co.jp/articles/38fb46fd89cbc3439c24ab6574771cf65f483bd7,No date found
colocal,Webƒ}ƒKƒWƒ“ ƒRƒƒJƒ‹,–{‚ğ‚Â‚­‚Á‚Ä‚İ‚½‚¢l‚àA‘“X‚ğ‚â‚Á‚Ä‚İ‚½‚¢l‚àB–{D‚«•K–K‚ÌƒuƒbƒNƒ}[ƒPƒbƒgq–{‚Í`rŠJÃ,https://news.yahoo.co.jp/articles/0dfd02ff1ccb26c515826fbc9cb29cee5581b732,No date found
colocal,Webƒ}ƒKƒWƒ“ ƒRƒƒJƒ‹,‘n‹Æ69”N‚Ì˜V•Ü—·ŠÙ‚Ì‘å—ê‚ğƒŠƒmƒx‚µ‚½AƒtƒHƒgƒWƒFƒjƒbƒN‚Èu‰·ò‹i’ƒv,https://news.yahoo.co.jp/articles/1671431117451b1985f72dca5441bd5153085c3b,No date found
colocal,Webƒ}ƒKƒWƒ“ ƒRƒƒJƒ‹,q‰vqŠÚ—¢RƒŠƒ][ƒgƒzƒeƒ‹r‚ªƒƒr[‚ğƒŠƒjƒ…[ƒAƒ‹BX‚ğƒCƒ[ƒW‚µ‚½ƒJƒtƒF‚ªƒI[ƒvƒ“,https://news.yahoo.co.jp/articles/cd213fb9beb9b699e10c8fc819650efbfebd921d,No date found
colocal,Webƒ}ƒKƒWƒ“ ƒRƒƒJƒ‹,‘S‘‚Ì’nˆæŞ‚Ìî•ñ‚ªˆê‹“WŒ‹Bq’nˆæŞƒ|[ƒ^ƒ‹r‚ÅŒ©‚Â‚¯‚½‚¢–ØŞ—˜—p‚Ì—ğj,https://news.yahoo.co.jp/articles/53e26d17a1db107afc04e165bcc30946e9e6a6b0,No date found
colocal,Webƒ}ƒKƒWƒ“ ƒRƒƒJƒ‹,¡‚µ‚©Œ©‚ç‚ê‚È‚¢âŒiIRŒ`E”’ìŒÎ‚Ìu…–v—Ñvƒ‰ƒCƒgƒAƒbƒv‚ª”ü‚µ‚¢I,https://news.yahoo.co.jp/articles/cc8d81eea5512913fb64e1eb90aeea631e5117b4,No date found
colocal,Webƒ}ƒKƒWƒ“ ƒRƒƒJƒ‹,–{B‚Åˆê”Ô‘‚­ŠCŠJ‚«‚·‚éêŠ‚ÍcH GWŒü‚¯‚É’m‚Á‚Ä‚¨‚«‚½‚¢‰B‚êƒXƒ|ƒbƒgI,https://news.yahoo.co.jp/articles/4c89dd3c631e46d287fb4098229346cddee3f45d,No date found
colocal,Webƒ}ƒKƒWƒ“ ƒRƒƒJƒ‹,l‹CƒuƒƒOwY‚Í‰Élx‚ÌR“c‘S©“®‚ªŒÃ–{‰®‚ğŠJ“X‚µ‚½ƒƒP,https://news.yahoo.co.jp/articles/29037e02341989e286f5cd6f8325402e1711a154,No date found
colocal,Webƒ}ƒKƒWƒ“ ƒRƒƒJƒ‹,qSPOT(s)r“Œ–k‚ÌV‚½‚Èƒ‰ƒCƒtƒXƒ^ƒCƒ‹‚ğ“ÁW‚·‚éƒtƒŠ[ƒ}ƒKƒWƒ“‚ª‘nŠ§I,https://news.yahoo.co.jp/articles/8104a131d61d707d6de3b18aa549bddb06dc6481,No date found
colocal,Webƒ}ƒKƒWƒ“ ƒRƒƒJƒ‹,“ú–{O‘å–Á‰ÙqRìr‚ª10”N‰z‚µ‚ÌƒŠƒjƒ…[ƒAƒ‹I V“oê‚µ‚½u“Á¬ƒTƒCƒYv,https://news.yahoo.co.jp/articles/92bf02bd4054a8d31e98a063a8aa1d573c840e3f,No date found
colocal,Webƒ}ƒKƒWƒ“ ƒRƒƒJƒ‹,uƒNƒ‹ƒ~ƒbqv‚ªå–ğ‚ÌƒAƒtƒ^ƒk[ƒ“ƒeƒB[‚ªŠúŠÔŒÀ’è“oê,https://news.yahoo.co.jp/articles/c290bcb97017e7bc5051ae4d4f518e3e18ffb0e7,No date found
colocal,Webƒ}ƒKƒWƒ“ ƒRƒƒJƒ‹,h‚µqƒvƒƒWƒFƒNƒg‚Ì•Ô—ç•i‚ª‚©‚í‚¢‚¢I ƒW[ƒ“ƒY‚âƒXƒj[ƒJ[A‚Ê‚¢‚®‚é‚İ‚ÌƒŠƒƒCƒN‚àB,https://news.yahoo.co.jp/articles/506dd1e96765ae3492c29686563d6448b949c16c,No date found
colocal,Webƒ}ƒKƒWƒ“ ƒRƒƒJƒ‹,ŒiŠÏŒ`¬w’èŒš’z•¨‚ğ‰üC‚µ‚½A–kŠC“¹”ŸŠÙ‚Ìˆê“‘İ‚µ‚ÌhqPortside Inn Hakodater,https://news.yahoo.co.jp/articles/5e52ae2d42510ddaf0035c8893d0c35d0b8fb490,No date found
colocal,Webƒ}ƒKƒWƒ“ ƒRƒƒJƒ‹,qƒWƒuƒŠƒp[ƒNr‚É‚à‹ß‚¢IdŠ„‚è‚É‹›’Ş‚èAÌ‚È‚ª‚ç‚Ì•é‚ç‚µ‚ª‘ÌŒ±‚Å‚«‚éƒOƒ‰ƒ“ƒsƒ“ƒO{İ’a¶,https://news.yahoo.co.jp/articles/44eea2b442983098b58b9e8b40b9769aaf5df89e,No date found
colocal,Webƒ}ƒKƒWƒ“ ƒRƒƒJƒ‹,u‚«‚à‚¿‚í‚é‚¢v…‘…‚Éu‚¨‚¢‚µ‚¢[ŠC‹›v…‘…!? ƒ}ƒjƒAƒbƒN‚³‚ªl‹C‚Ì’|“‡…‘°ŠÙ‚ªƒŠƒjƒ…[ƒAƒ‹,https://news.yahoo.co.jp/articles/23bcd27f955851468154663a92279f9384bc0538,No date found
colocal,Webƒ}ƒKƒWƒ“ ƒRƒƒJƒ‹,u”ª\”ª–év‚æ‚è‚à‚Ğ‚Æ‘«‘‚­V’ƒ‚ğ–¡‚í‚¦‚éA­™“‡‚Ìu‘–‚èV’ƒv‚Á‚ÄH,https://news.yahoo.co.jp/articles/58f7c744838849d3bacd7769dd596cbdae88b5e5,No date found
colocal,Webƒ}ƒKƒWƒ“ ƒRƒƒJƒ‹,qSnow Peakr‚Ìh”‘{İ‚à’a¶B•Ÿ‰ªE–ûR‚ÅŠy‚µ‚Ş10‚ÌƒAƒNƒeƒBƒrƒeƒB,https://news.yahoo.co.jp/articles/b7b8ec1c05009f469d163affbef3eb0119b71cca,No date found
colocal,Webƒ}ƒKƒWƒ“ ƒRƒƒJƒ‹,¡‚ªŒ© B‰ªRŒ§“à—L”‚Ì÷‚Ì–¼Š‚És‚±‚¤I ’nY’nÁ‚É‚±‚¾‚í‚Á‚½ƒJƒtƒF‚àƒI[ƒvƒ“,https://news.yahoo.co.jp/articles/8472f1039d05085cdf2a9143797a9a7db516c873,No date found
colocal,Webƒ}ƒKƒWƒ“ ƒRƒƒJƒ‹,u”ül‚Ì“’v‚ß‚®‚èB‘«“’‚ÉZ‚©‚è‚È‚ª‚çH‚×‚ég‰·òh‚ğƒe[ƒ}‚É‚µ‚½ƒXƒC[ƒc‚Á‚ÄH^Šò•ŒŒ§,https://news.yahoo.co.jp/articles/bf0db1fc61ff3ef8a7a07612ac0169ef2ac12e97,No date found
colocal,Webƒ}ƒKƒWƒ“ ƒRƒƒJƒ‹,q’†ì­µ¤“Xr‚ªHŒ|•œ‹»Šé‰æu–k—¤‚Ì‚à‚Ì‚Ã‚­‚è“Wv‚ğŠJÃB3100–œ‰~‚Ì”„ãA‘SŠzŠñ•t‚Ö,https://news.yahoo.co.jp/articles/6f6c54d01812ae25810da6b1292e3775284a2439,No date found
colocal,Webƒ}ƒKƒWƒ“ ƒRƒƒJƒ‹,“‡‚Ìl‚à’m‚ç‚È‚¢ŒiFB’·èEŒÜ“‡‚¤‚Ç‚ñ‚Ì»–ËŠ‚ªè‚ª‚¯‚éAâŒiƒ_ƒCƒjƒ“ƒO‚ª’a¶,https://news.yahoo.co.jp/articles/d52c495df53e66a1c0d29cacf4bf42ce23d62764,No date found
colocal,Webƒ}ƒKƒWƒ“ ƒRƒƒJƒ‹,˜a‰ÌRŒ§‹I‚Ììs”­A¶YÒ~ƒNƒŠƒGƒCƒ^[‚ªè‚ª‚¯‚é’nˆæƒuƒ‰ƒ“ƒhqISSEKIr‚Æ‚Í,https://news.yahoo.co.jp/articles/4a58202f8862f309bc37388e67887178c5fd742d,No date found
colocal,Webƒ}ƒKƒWƒ“ ƒRƒƒJƒ‹,•Ÿ‰ª‚Ål‹C‚Ì¶ŠˆG‰İ“X‚ªu–{‚Ì“”‚è‚ª‚Ğ‚µ‚ß‚­v‘“Xq–{“”Ğr‚ğƒI[ƒvƒ“,https://news.yahoo.co.jp/articles/3d2ccefa5c0d7845462bab73005bc0bdcb70ceed,No date found
colocal,Webƒ}ƒKƒWƒ“ ƒRƒƒJƒ‹,”LD‚«‚É‚Í‚½‚Ü‚ç‚È‚¢g”Lê—p‚±‚½‚Âh‚Æ˜a‰ÌRŒ§Y‚İ‚©‚ñ‚ªƒZƒbƒg‚ÉI,https://news.yahoo.co.jp/articles/24aa27b1aa45e3e0fa27a6225e6a107913eb4fc3,No date found
colocal,Webƒ}ƒKƒWƒ“ ƒRƒƒJƒ‹,“ú–{ŠC‚ğ—Õ‚ŞâŒiƒ”ƒBƒ‰qOne Storyr‚ªVŠƒEˆÀ“cŠ¢‚ğg‚Á‚½ƒTƒEƒi‚ğVİ,https://news.yahoo.co.jp/articles/f510c5aaa27f53860a22f1c6c9d3ebdc4cf07f6a,No date found
colocal,Webƒ}ƒKƒWƒ“ ƒRƒƒJƒ‹,uh”‘‹ÆŠE‚ÌƒAƒJƒfƒ~[ÜvŠl“¾B‚P“ú‚P‘gŒÀ’è‚ÌhAR—œqƒzƒgƒŠƒjƒer‚Ì–£—Í‚Æ‚Í,https://news.yahoo.co.jp/articles/1767dc1a5be89cf7dcb24bc7dec346a85911e9eb,No date found
colocal,Webƒ}ƒKƒWƒ“ ƒRƒƒJƒ‹,ƒeƒ‰ƒŠƒEƒ€~}‘ŠÙ!? _ŒË‚ÌŒ€êŒ^ƒAƒNƒAƒŠƒEƒ€‚ªƒŠƒjƒ…[ƒAƒ‹I,https://news.yahoo.co.jp/articles/0bf173d4dbabb9824135970539a41670ab69e065,No date found
colocal,Webƒ}ƒKƒWƒ“ ƒRƒƒJƒ‹,18Î‚Ì–åo‚ğA‚Ü‚¿‘S‘Ì‚Å‰‰‡ u‚³‚ŸAs‚Á‚Æ‚¢‚ÅBv‚Ì‘z‚¢‚ğ‚ß‚Ä “ì‘Š”ns‚ª“`‚¦‚½‚¢‚à‚Ì,https://news.yahoo.co.jp/articles/2332e34c5620c347b12f581dd9ad990439fecc49,No date found
colocal,Webƒ}ƒKƒWƒ“ ƒRƒƒJƒ‹,Œ¹ò‚©‚¯—¬‚µ‰·ò‚ğ‘Sº‚ÉŠ®”õI ƒ‰ƒOƒWƒ…ƒAƒŠ[ƒA[ƒgƒŠƒ][ƒgƒzƒeƒ‹‚ª˜a‰ÌRE“ì‹I”’•l‚ÉƒI[ƒvƒ“,https://news.yahoo.co.jp/articles/28d4cd76264645ec65ebf74b1e5aa66eeac68edf,No date found
colocal,Webƒ}ƒKƒWƒ“ ƒRƒƒJƒ‹,´ğ‚Ì‹Œğ‘ ‚ª21”N‚Ô‚è‚É•œŠˆB—ğj“I•¡‡{İqˆÉ“Œ‡‘r‚ªˆ¤’mŒ§”¼“cs‚ÉƒI[ƒvƒ“,https://news.yahoo.co.jp/articles/29c9b18b5ae3dcff768c0ddc7173727aaf15d5b0,No date found
colocal,Webƒ}ƒKƒWƒ“ ƒRƒƒJƒ‹,•Ÿ‰ªé‚Éu“VçŠtv‚Í‚ ‚Á‚½H ‚È‚©‚Á‚½H ‹c˜_‚ğŒÄ‚Ô’†uŒ¶‚Ì“VçŠtvoŒ»,https://news.yahoo.co.jp/articles/2cbfba3f85f4d4ed714d8a6f9a19fcecd086a140,No date found
colocal,Webƒ}ƒKƒWƒ“ ƒRƒƒJƒ‹,w²‰ê‚É•é‚ç‚µ¢‚Á‚½‚±‚ÆBxƒ[ƒJƒ‹‚Èg‚İ‚ñ‚È‚Ì¢‚è–h‚ğĞ‰î‚µ‚½–{‚ª˜b‘è,https://news.yahoo.co.jp/articles/2b8f646313f6aa0a09cd8d75152a15b1e0d2c268,No date found
colocal,Webƒ}ƒKƒWƒ“ ƒRƒƒJƒ‹,“Œ–k¶‚Ü‚ê‚Ìu¬‹vœÄv‚ªA‚Ó‚¾‚ñg‚¢‚É‚¿‚å‚¤‚Ç‚¢‚¢ƒƒP,https://news.yahoo.co.jp/articles/5681ef3eb7801706ecdbbb7601e37bbf9289c5e8,No date found
colocal,Webƒ}ƒKƒWƒ“ ƒRƒƒJƒ‹,‘ Œ³’¼‰c‚Ìh‚É”‘‚Ü‚éB‚µ‚©‚àìè‚ÅB“ŒŠC“¹ìèh‚Ì—ğj‚ğ‘ÌŠ´‚·‚éƒzƒeƒ‹‚ªƒjƒ…[ƒI[ƒvƒ“,https://news.yahoo.co.jp/articles/206a24c880d84713c3a39af7c7671da505ad504c,No date found
colocal,Webƒ}ƒKƒWƒ“ ƒRƒƒJƒ‹,‚Pƒ~ƒŠŠp‚ÌŠñ–Ø×H‚àI_“Şì‚Ì–ØH‚ğ¢ŠE‚É”­M‚·‚éƒuƒ‰ƒ“ƒhqèîbi‚Ä‚ª‚İjr,https://news.yahoo.co.jp/articles/1c1df5fd94930d736fcc5bfa89a45b421b79dcf0,No date found
colocal,Webƒ}ƒKƒWƒ“ ƒRƒƒJƒ‹,ˆ¤’mŒ§Y‚ÌV•iíƒuƒ‰ƒ“ƒh‚ª’a¶I¡‚ª{‚ÌƒCƒ`ƒS‚Ì‚¨‚¢‚µ‚³‚ğ–¡‚í‚¢‚Â‚­‚·I,https://news.yahoo.co.jp/articles/3d3e1eeaddda84ab698665923d119c79d3beb67b,No date found
colocal,Webƒ}ƒKƒWƒ“ ƒRƒƒJƒ‹,‚¨‰ÔŒ©ƒfƒBƒi[‚É‚à’–ÚIRŒ`Œ§‚Ì©‘R‚ğŒÜŠ´‚ÅŠ´‚¶‚éA‚©‚İ‚Ì‚â‚Ü‰·òq‚¨‚â‚ÇX‚Ì‰¹r,https://news.yahoo.co.jp/articles/a409bae4d9b4efe86147c3aa806d3fd431f197e6,No date found
colocal,Webƒ}ƒKƒWƒ“ ƒRƒƒJƒ‹,q‰¡•l”üpŠÙr‚ª–ñ‚R”N‚Ì‹xŠÙ‚ğŒo‚Ä3Œ15“úƒŠƒjƒ…[ƒAƒ‹ƒI[ƒvƒ“Bq‚Ç‚à‚Æqˆç‚Ä¢‘ã‚É‚â‚³‚µ‚¢”üpŠÙ‚Ö,https://news.yahoo.co.jp/articles/04fe269dd62432afd1a952211fd88a120d2c2232,No date found
colocal,Webƒ}ƒKƒWƒ“ ƒRƒƒJƒ‹,OdŒ§‚¢‚È‚×s‚É‚ ‚é‹xŠÙ’†‚Ì‰·ò{İ‚ğƒTƒEƒiEH“°Eƒzƒeƒ‹‚ª“ü‚é•¡‡{İ‚Ö,https://news.yahoo.co.jp/articles/52b546957800e53328cdc9f787c5b17e3d50592a,No date found
colocal,Webƒ}ƒKƒWƒ“ ƒRƒƒJƒ‹,ƒ`ƒƒƒyƒ‹ƒTƒEƒi‚Æ£ŒË“à‚ğƒCƒ[ƒW‚µ‚½ƒv[ƒ‹‚Å‚Æ‚Æ‚Ì‚¤BƒAƒNƒZƒX”²ŒQ‚Ì‘ØİŒ^ƒAƒEƒgƒhƒAƒzƒeƒ‹‚ªƒI[ƒvƒ“,https://news.yahoo.co.jp/articles/2f50607984331d3169a3adcd8358f77690830c94,No date found
colocal,Webƒ}ƒKƒWƒ“ ƒRƒƒJƒ‹,‘å‰Íƒhƒ‰ƒ}‚ÅÄ’–Ú‚Ì ‰êŒ§E‘å’Ã‚Ås‚­‚×‚«ƒOƒ‹ƒƒXƒ|ƒbƒg‚T‘I,https://news.yahoo.co.jp/articles/c450c2475b08af1365b92eefb7e31d8d0f2dcd3e,No date found
colocal,Webƒ}ƒKƒWƒ“ ƒRƒƒJƒ‹,’¬‰Æ‚É•é‚ç‚·‚æ‚¤‚É‘Øİ‚·‚éB•ŸˆäŒ§Oš –©‚ÉqƒI[ƒxƒ‹ƒWƒ…‚Ù‚Ü‚¿ Oš –©r‚ªƒI[ƒvƒ“,https://news.yahoo.co.jp/articles/bf0f064cb81e1b3d38fe9a0c32f070681ac66667,No date found
colocal,Webƒ}ƒKƒWƒ“ ƒRƒƒJƒ‹,“ú–{’†‚©‚çV‘N‹›‰î‚ª‘åW‡I”\“o‚©‚«ƒKƒ“ƒKƒ“Ä‚«‚àIqSAKANA•JAPAN FESTIVAL2024 in ‘ãX–ØŒö‰€r‚QŒ22“ú`25“ú‚ÉŠJÃ,https://news.yahoo.co.jp/articles/3dfbf39f5b561c01801d16d14d4ac95d42ae10a2,No date found
colocal,Webƒ}ƒKƒWƒ“ ƒRƒƒJƒ‹,^’ß‚Åe‚µ‚Ü‚ê‚½q‚Ü‚é‚È‚©—·ŠÙr‚ğƒŠƒmƒx[ƒVƒ‡ƒ“‚µ‚½h”‘{İqHOTEL FARO manazurur‚ªƒI[ƒvƒ“,https://news.yahoo.co.jp/articles/dfe6ca598cd4cb846409ed573be70c97c0de2a1c,No date found
colocal,Webƒ}ƒKƒWƒ“ ƒRƒƒJƒ‹,ƒpƒ“ƒ_‚ÌåH‚Å‚ ‚é’|‚ªƒe[ƒuƒ‹ƒEƒFƒA‚ÉH˜a‰ÌRqƒAƒhƒxƒ“ƒ`ƒƒ[ƒ[ƒ‹ƒhr‚ª¤•i‰»,https://news.yahoo.co.jp/articles/b563792c9d4fb3582e5fa6d2be7c45140745ae23,No date found
colocal,Webƒ}ƒKƒWƒ“ ƒRƒƒJƒ‹,©‘î‚ª‚Ü‚é‚Å—·ŠÙ‚Ì‚æ‚¤I‘S‘Še’n‚Ì‹½“y—¿—‚ğ–¡‚í‚¦‚éƒ~[ƒ‹ƒLƒbƒgqç–ër,https://news.yahoo.co.jp/articles/cefb7ac9ef9c5911778e9af9ecd3542d477ead45,No date found
colocal,Webƒ}ƒKƒWƒ“ ƒRƒƒJƒ‹,y2024”N”ÅzƒoƒŒƒ“ƒ^ƒCƒ“•ƒzƒƒCƒgƒf[‚É”ƒ‚¢‚½‚¢Aƒ[ƒJƒ‹HŞ‚ğg‚Á‚½ƒ`ƒ‡ƒRƒŒ[ƒg‚U‘I,https://news.yahoo.co.jp/articles/e3812ae7237e2e65d84cda142df50cf4ea1959f7,No date found
colocal,Webƒ}ƒKƒWƒ“ ƒRƒƒJƒ‹,ŠÔ”°Ş‚ğu¶–½—Í‚ğŠ´‚¶‚év–£—Í‚ ‚é‘fŞ‚ÉB‰ªRE¼ˆ¾‘q‘º‚Ì‰Æ‹ïƒuƒ‰ƒ“ƒhqKIMIKIr,https://news.yahoo.co.jp/articles/7e1cf23fc3df41e5062bc2aa006ac31d8f8fe9c8,No date found
colocal,Webƒ}ƒKƒWƒ“ ƒRƒƒJƒ‹,wß•ª‚Å’Ç‚¢o‚³‚ê‚½‹S‚Í‚Ç‚±‚Ös‚­Hx‹S‚½‚¿‚Ì‚»‚ÌŒã‚ğ•`‚­A•Ÿ’mR”­‚ÌŠG–{,https://news.yahoo.co.jp/articles/b4b498d7c6224625792ecea7e218bd4fe4b6cfc9,No date found
colocal,Webƒ}ƒKƒWƒ“ ƒRƒƒJƒ‹,‚U”N”¼‚Ô‚è‚ÌqD–y‘ÛŒ|pÕ2024r‚ªŠJÃ’†Iq‚³‚Á‚Û‚ëá‚Ü‚Â‚èr‚Æ‚ÌƒRƒ‰ƒ{‚à,https://news.yahoo.co.jp/articles/139ad8e94629f6374058c5a6a5bb10405276ca7f,No date found
colocal,Webƒ}ƒKƒWƒ“ ƒRƒƒJƒ‹,‘q•~‚Ì”¿•zƒ[ƒJ[‚ğ•‘‘ä‚É‚µ‚½A’†ì³qÊ^WwAn Ordinary Dayx,https://news.yahoo.co.jp/articles/62ea0022bb0f29c79596bbd6d337f6e1e53f3aea,No date found
colocal,Webƒ}ƒKƒWƒ“ ƒRƒƒJƒ‹,qƒIƒŠƒGƒ“ƒ^ƒ‹ƒVƒ…[ƒXr‚ª“Ş—ÇE‘å˜aŒSRs‚ÉŠøŠÍ“X‚ğƒI[ƒvƒ“BƒJƒtƒFƒXƒy[ƒX‚à,https://news.yahoo.co.jp/articles/75ff3aa2c711a1dd0af0d1e42131ab2c77f25a68,No date found
colocal,Webƒ}ƒKƒWƒ“ ƒRƒƒJƒ‹,‘K“’“ü‚è•ú‘è‚Ì“Á“T•t‚«I“Ş—ÇŒ§ŒäŠs‚É‚ ‚éŒÃ–¯‰Æ•¨Œ‚ª“ü‹Ò‚ğ•åW’†,https://news.yahoo.co.jp/articles/7cbc2d40abfa04c7fed94791a846df782f2f22a0,No date found
colocal,Webƒ}ƒKƒWƒ“ ƒRƒƒJƒ‹,—q‚Z¶‚ªŠJ”­I‚ ‚Ì—L–¼‰w•Ù‚É‚»‚Á‚­‚è‚ÈÜ‚è†,https://news.yahoo.co.jp/articles/6023d853932ebc8602c4eea5a8fdb0ed0d0353e6,No date found
colocal,Webƒ}ƒKƒWƒ“ ƒRƒƒJƒ‹,¢ŠE“IŒš’z‰ÆE“¡XÆM‚ªè‚ª‚¯‚½“ú–{‰‚Ìhq¬”‘Fujir‚Ìƒ[ƒJƒ‹‚È–£—Í‚Æ‚ÍH,https://news.yahoo.co.jp/articles/6eb4f035420e6f2a3d132d69d7883a878586df28,No date found
