media_en,media_jp,title_articles,link_articles,date_original
iwatenpv,岩手日報,岩手県内3社のワインを堪能　1日まで紫波・オガールでイベント,https://news.yahoo.co.jp/articles/4165c406ca6cf051792344ab57eb8986fb0334f0,9/1(日) 10:30
iwatenpv,岩手日報,龍泉洞が観覧無料　「災害支援感謝の日」で約500人を出迎え,https://news.yahoo.co.jp/articles/7db78f31b343be490f988fbc9df92cd40d31a480,8/31(土) 10:30
iwatenpv,岩手日報,岩手県30日大雨の恐れ　鉄道、空の便一部で運休,https://news.yahoo.co.jp/articles/d76e350ebd57c9ee4c6d3285a0a93df5f9ada8b4,8/30(金) 9:15
iwatenpv,岩手日報,散歩や職業体験で金ケ崎の魅力を再発見　「ミジリカ」がイベント,https://news.yahoo.co.jp/articles/ac4bfb95e93c9a770aec56e0b0ebe352ee850f70,8/28(水) 16:00
iwatenpv,岩手日報,岩手とブラジル、末永い交流と発展誓う　県人会創立65周年式典,https://news.yahoo.co.jp/articles/854901a39f8e373352ff13284148c305ec5bf890,8/27(火) 10:00
iwatenpv,岩手日報,プロとフリースロー対決　盛岡、ブルズ選手とファンが交流,https://news.yahoo.co.jp/articles/4aae67339e32a6fcd57b0dbdf9bb3f8ab30d02a0,8/26(月) 16:00
iwatenpv,岩手日報,おはやし響かせ山車運行、野田まつりきょう25日まで,https://news.yahoo.co.jp/articles/76e8ecd495c6495065b701cd4071c2dd1e21f5cc,8/25(日) 9:31
iwatenpv,岩手日報,サンマ、大船渡で本州初水揚げ　水揚げ量、昨年10倍と好調な出足,https://news.yahoo.co.jp/articles/98c183ed615dcedc970c9b197addbf6f5e178e9c,8/24(土) 10:00
iwatenpv,岩手日報,胆沢水沢間バス、奥州市が路線維持へ　岩手県交通は年度末撤退,https://news.yahoo.co.jp/articles/adbbb68ff9779a057dd23aed64269b754b08d2f4,8/23(金) 9:45
iwatenpv,岩手日報,高田延彦さんが親子に運動指南　宮古で教室、50組楽しむ,https://news.yahoo.co.jp/articles/0d29466945cc0f8e36d1a77dab81e1b9c2b6e8ce,8/22(木) 14:00
iwatenpv,岩手日報,金色堂建立900年、平和の志を未来に　平泉・中尊寺で慶讃法要,https://news.yahoo.co.jp/articles/d744929812e947166bf84679bbd53d1e89480970,8/21(水) 9:26
iwatenpv,岩手日報,華やかな風流山車、まちに活気　九戸まつり,https://news.yahoo.co.jp/articles/87dcccfc2bd2cf2dada43e2f44eedcddbf1d9de9,8/20(火) 10:30
iwatenpv,岩手日報,建築から知る、中小企業の力　盛岡、パネルで事例紹介,https://news.yahoo.co.jp/articles/69931ea80d36ae83c0696c31cbaaaabc4efed625,8/19(月) 7:30
iwatenpv,岩手日報,岩手県内、Uターンラッシュ　JR盛岡駅、荷物抱えた乗客らで混雑,https://news.yahoo.co.jp/articles/6f0be2e9325809bd1bb99e3f433be04a988d141d,8/18(日) 9:36
iwatenpv,岩手日報,祈りの「大」文字、空焦がす花火　平泉・送り盆行事,https://news.yahoo.co.jp/articles/a92b6afcd125414251a87b3a52c040c85600f488,8/17(土) 10:30
iwatenpv,岩手日報,迫力ドンと伝統の太鼓　紫波で佐比内金山祭,https://news.yahoo.co.jp/articles/fb1a4d02d36c84656c48c0453fe27cefd8922659,8/16(金) 14:00
iwatenpv,岩手日報,先祖思い永井の大念仏剣舞を奉納　盛岡・長善寺で10年ぶり,https://news.yahoo.co.jp/articles/d8ce7f54f08f2bee3585407ade8b8d4e70991009,8/15(木) 16:00
iwatenpv,岩手日報,三角山パズル、優良玩具に選出　盛岡の大橋康司さん考案,https://news.yahoo.co.jp/articles/e153a8c0500765e9a62a69810e2a0e6b6af71a17,8/14(水) 14:00
iwatenpv,岩手日報,エアコン購入を宮古市が半額補助　19日から受け付け,https://news.yahoo.co.jp/articles/30d3473829d997766245abc1c5878f46b939f6fc,8/13(火) 10:30
iwatenpv,岩手日報,夏の夜焦がす大輪　盛岡花火の祭典、1万発,https://news.yahoo.co.jp/articles/e28f38503209df2173698a4eae2a67de3180b478,8/12(月) 9:00
iwatenpv,岩手日報,パラ陸上・小野寺萌恵選手を応援する懸垂幕　紫波町役場に設置,https://news.yahoo.co.jp/articles/814277ce3af0763f5fadb0d2571704b93ebad0dd,8/11(日) 10:00
iwatenpv,岩手日報,八幡平産の野菜を使った新名物　松っちゃん市場と道の駅にしね,https://news.yahoo.co.jp/articles/d630b5d815c34a4de345bfa7e0362f9342492b88,8/10(土) 11:00
iwatenpv,岩手日報,科学の楽しさ、交流し学びを深める　花巻で全国研究大会,https://news.yahoo.co.jp/articles/f91b8b9997bbc865ebe75148ce03e49853795cfe,8/9(金) 10:00
iwatenpv,岩手日報,大船渡線13日ぶり運転再開　大雨で一関市内の線路脇のり面崩落,https://news.yahoo.co.jp/articles/43750e2b1e1de5dea4de2f64d5395b30fd4b41f2,8/8(木) 11:00
iwatenpv,岩手日報,閉校した校舎でエアコンの室外機6台盗まれる　岩手・奥州,https://news.yahoo.co.jp/articles/cca2c65ad971048175fad3171bb3d2fcd372655a,8/7(水) 10:00
iwatenpv,岩手日報,多様な民俗芸能団体が躍動　北上・みちのく芸能まつり,https://news.yahoo.co.jp/articles/37f29e4ecddc00c33f62bad42ec8c04338bd49f5,8/6(火) 10:30
iwatenpv,岩手日報,上原浩治さんが投球指導　盛岡、小学生向け野球教室,https://news.yahoo.co.jp/articles/c25fe92340ceaa99b360efe4857a7438044ff60a,8/5(月) 16:00
iwatenpv,岩手日報,全国高校女子野球、花巻東あと一歩　岩手県勢初V逃す,https://news.yahoo.co.jp/articles/c37018270ca2154787db01bf7a674d7eef47f142,8/4(日) 9:26
iwatenpv,岩手日報,北上・みちのく芸能まつりが開幕　4日まで民俗芸能団体が躍動,https://news.yahoo.co.jp/articles/3a332f30941789b4bcd9d8e0e27d3f44e2f5d0d3,8/3(土) 10:30
iwatenpv,岩手日報,ジブリ展、来場1万人を達成　花巻市博物館で9月23日まで,https://news.yahoo.co.jp/articles/aeea841a80ab8d2bd057ed9907ae017e5b8f245a,8/2(金) 11:00
iwatenpv,岩手日報,岩手県立中央病院5年ぶり演舞、笑顔の復帰　盛岡さんさ1日開幕,https://news.yahoo.co.jp/articles/ea5ba0ae3695eaa7c7e933e3a7bbc44f4489858c,8/1(木) 11:00
iwatenpv,岩手日報,ホッケー男子、沼宮内攻め抜き3位　北部九州総体,https://news.yahoo.co.jp/articles/fad796bcccaf3c6ed3c6be9894c712d1b4f7ca5c,7/31(水) 10:30
iwatenpv,岩手日報,「道の駅もりおか渋民」概要決まる　料理に景色、産直も充実,https://news.yahoo.co.jp/articles/6b243b04a8bb5f15eb8f37e0804dd67dd29c7fe4,7/30(火) 10:30
iwatenpv,岩手日報,5年ぶりのみこし巡行、まちに活気　宮古街なか商店街夜市,https://news.yahoo.co.jp/articles/e48d97f264d633e6893b1a14cee4644690523573,7/29(月) 10:00
iwatenpv,岩手日報,吹奏楽、5中学校が東北大会へ　盛岡でコンクール岩手県大会開幕,https://news.yahoo.co.jp/articles/440955e606a05e89569d46d1a8fa13dde3e24fb6,7/28(日) 10:30
iwatenpv,岩手日報,全国高校女子硬式野球、花巻東が初の4強　埼玉栄に逆転勝ち,https://news.yahoo.co.jp/articles/d92e63be500bdfc57bcac4a688fd7eae4cdf1cb2,7/27(土) 10:00
iwatenpv,岩手日報,紺屋町マンション建設巡り要望　市民の会、盛岡の景観守るため,https://news.yahoo.co.jp/articles/947ff5e95ffa5e88ba2fdbaca63e49e0ee9671b9,7/26(金) 10:00
iwatenpv,岩手日報,盛岡の高層マンション計画、市民向け説明会なく「残念」,https://news.yahoo.co.jp/articles/ec4bb4b0d438dd1bb4af1949abbf57cdb09a802f,7/25(木) 11:00
iwatenpv,岩手日報,サインズアート、破産開始決定　北上の看板製造業,https://news.yahoo.co.jp/articles/7c3aeb921a84f07f7edd5d172d3fd10cda9ee21b,7/24(水) 10:00
iwatenpv,岩手日報,競歩の高橋英輝先生、競技人生語る　九戸・長興寺小で講義,https://news.yahoo.co.jp/articles/a794c21cb637d0f5dd110347dae3ee4fb4010862,7/23(火) 10:15
iwatenpv,岩手日報,熱戦ミニ四駆レース、全国から集う　釜石「バニシングポイント」,https://news.yahoo.co.jp/articles/8e2346e8ae22401da07d36c1aac5c50df6439ef9,7/22(月) 10:30
iwatenpv,岩手日報,ひつじのショーンが来た！　盛岡で展覧会、岩手では初,https://news.yahoo.co.jp/articles/916c3ed2f7f8f42c2955eefe5312d8561b81d1f1,7/21(日) 14:00
iwatenpv,岩手日報,アニメージュとジブリ展、きょう開幕 花巻市博物館、9月23日まで,https://news.yahoo.co.jp/articles/de3baf5e404e9aad2e48322fb7c2b71d44b9895d,7/20(土) 11:30
iwatenpv,岩手日報,「中尊寺ハス」被災跡地で見頃　大船渡、復興のシンボル,https://news.yahoo.co.jp/articles/154e20e5fe938ddd7ebbf6ec654e4885edf54ce3,7/19(金) 14:00
iwatenpv,岩手日報,安比地熱発電所の完成祝う　岩手・八幡平で竣工式,https://news.yahoo.co.jp/articles/17ff1fe097d0f78f2ab4e695e0901eac4cc4057d,7/18(木) 10:00
iwatenpv,岩手日報,全国500歳野球大会、岩手県の「I.O.F.C」が3連覇,https://news.yahoo.co.jp/articles/2eb6a75db9775952dac8be00a89dedfa32c863d3,7/17(水) 9:52
iwatenpv,岩手日報,北上特産のトウモロコシ、空輸で名古屋へ　中京圏へのPR,https://news.yahoo.co.jp/articles/c26e82b8570aad2cd04e799e340392cb6d86b99b,7/16(火) 16:00
iwatenpv,岩手日報,豪快しぶき、水かけ神輿　平泉、約300人が担ぎ手で参加,https://news.yahoo.co.jp/articles/57fdea44a228f7cfec7f97734330c37101a1706e,7/15(月) 14:00
iwatenpv,岩手日報,ひんやり雪山でそり滑り　盛岡・薮川まほら岩手、春から保管,https://news.yahoo.co.jp/articles/63ce0c2915eab35a9425251c5695dec2d01eb25d,7/14(日) 11:00
iwatenpv,岩手日報,チキンソニック、夏は音楽で熱く　九戸で14日、オブチキグッズも,https://news.yahoo.co.jp/articles/a346d8756f8fa07e97792472efd426323d2a7e5a,7/13(土) 10:00
iwatenpv,岩手日報,観測隊同行記者が南極での生活語る　一関・13日文化セミナー,https://news.yahoo.co.jp/articles/f42f727beaadee9dc4eb5848e0a3d7fc45d1a475,7/12(金) 10:00
iwatenpv,岩手日報,キングオブチキンのバンド「ザ・トリフターズ」アルバムを発売,https://news.yahoo.co.jp/articles/c3f587539172e545498a2e5f6227e67d83e11a0c,7/11(木) 11:00
iwatenpv,岩手日報,ゼンダマンさんが矢巾町の応援アンバサダーに　地元の魅力発信,https://news.yahoo.co.jp/articles/6783d694bfce94c14e3e3c437bce4c61b5e45492,7/10(水) 16:00
iwatenpv,岩手日報,盛岡市動物公園ZOOMOに新しい仲間　まだら模様のラマ「ティア」,https://news.yahoo.co.jp/articles/f0d9df0505d3ba5156dddb940354d03c9f8ff8d7,7/9(火) 11:30
iwatenpv,岩手日報,自転車、5年ぶりに夏油高原駆け抜け　ヒルクライム最後の開催,https://news.yahoo.co.jp/articles/2f59965816fd1fb507797d9d46f2f1a56be3ee0c,7/8(月) 10:00
iwatenpv,岩手日報,一関一と専大北上が東東北大会に進出　高校軟式野球岩手大会,https://news.yahoo.co.jp/articles/db793c191e0ee701a1005666e85d91666d76580f,7/7(日) 9:45
iwatenpv,岩手日報,釜石イオン「避暑地」に指定　市が協定、10月23日まで,https://news.yahoo.co.jp/articles/4f07c7467844818cde7b1feba3435394937e39a3,7/6(土) 10:00
iwatenpv,岩手日報,たねいちウニまつり、14日開催　洋野、瓶入り生ウニ販売など,https://news.yahoo.co.jp/articles/a0182dee557460d004152689620f228424ba42d7,7/5(金) 10:00
iwatenpv,岩手日報,さんてつくんが一日保護司　宮古駅周辺で街頭広報,https://news.yahoo.co.jp/articles/7931b78086d997cd71abd97a80ec52c4ad610574,7/4(木) 14:00
iwatenpv,岩手日報,斎藤響介が先発、県人対決なるか　盛岡で3日「楽天－オリックス」,https://news.yahoo.co.jp/articles/5d554be9503ef7566df4f35bba1d68d3a71e2004,7/3(水) 9:29
iwatenpv,岩手日報,岩手山で山開き、風の登山道を一歩一歩　ピッケル交換は中止,https://news.yahoo.co.jp/articles/bac51c5a7bef93f3f25d1e292c58d48cf9785f8f,7/2(火) 14:00
iwatenpv,岩手日報,東北六県囲碁大会、岩手3連覇　先鋒戦は鳴海六段が全勝V,https://news.yahoo.co.jp/articles/fa69e50620beac8fb5d5ed603309260b213947aa,7/1(月) 9:38
iwatenpv,岩手日報,岩手県内、29日は18地点で真夏日　遠野でまつり、かき氷で涼,https://news.yahoo.co.jp/articles/e00ae3f09f5224cb94373561fb1fd1c43647a55f,6/30(日) 9:30
iwatenpv,岩手日報,洋野特産の天然ホヤ、美味を全国へ　ゆうパック出発式,https://news.yahoo.co.jp/articles/76b52180c5cbc29add31576519df5ffe77ae577e,6/29(土) 11:00
iwatenpv,岩手日報,旬の生ウニ、食べにおいでよ　洋野の7飲食店でキャンペーン,https://news.yahoo.co.jp/articles/51f09e6d46bad13d8ddd9f046b12f52b1d4c4e2d,6/28(金) 11:00
iwatenpv,岩手日報,「釜石はまゆりサクラマス」期待ますます　釜石湾で水揚げ本格化,https://news.yahoo.co.jp/articles/10e12196ccce2b2040c40cd11e6d6e018af9ad1e,6/27(木) 10:00
iwatenpv,岩手日報,ゲストランナーに田中希実さんら決定　盛岡シティマラソン,https://news.yahoo.co.jp/articles/765fe9133c3141cad0a34fb1d6133b0b44a3644d,6/26(水) 10:30
iwatenpv,岩手日報,JR八戸線利用促進へ知恵絞る　4市町連携、久慈で協議会設立総会,https://news.yahoo.co.jp/articles/dce9d013a5086a4353ea689af584de1abaee9524,6/25(火) 9:37
iwatenpv,岩手日報,ハンドボール、不来方が5年ぶりに男女で頂点　東北高校選手権,https://news.yahoo.co.jp/articles/39dcdc45fa8da05e5a654f735d59c059a36db1e8,6/24(月) 10:00
iwatenpv,岩手日報,グルージャ、今治と引き分け　順位は最下位のまま,https://news.yahoo.co.jp/articles/103e0dca5c078025b7866d1a6ce24f9ad8b1c6dc,6/23(日) 9:32
iwatenpv,岩手日報,陶芸の力作並ぶ10周年展　クレイスペース盛南陶房が盛岡で,https://news.yahoo.co.jp/articles/b80be66eb1d57cab4e65542e3dd0dba065b7aa89,6/22(土) 11:00
iwatenpv,岩手日報,五輪ホッケー、町を挙げて応援　岩手町、実行委が発足,https://news.yahoo.co.jp/articles/f6d6b45ce86a0068966103e0ac7675c60551515b,6/21(金) 10:30
iwatenpv,岩手日報,宮古のウニ漁、待望のシーズン到来　昨年より18日遅く,https://news.yahoo.co.jp/articles/a1deb39460876268efea58b8363cdbd2bb12cf5c,6/20(木) 9:45
iwatenpv,岩手日報,道行く人の足止める「大谷翔平かかし」　軽米の小林さんが手作り,https://news.yahoo.co.jp/articles/ab5865dcf4276e71e5a0071c38bb03256a0d4316,6/19(水) 12:20
iwatenpv,岩手日報,矢巾町、堆積問題の土砂を撤去開始　費用は岩手県が全額負担,https://news.yahoo.co.jp/articles/b34182c1bd17d703d44d46301db362e90414c58e,6/18(火) 11:00
iwatenpv,岩手日報,いわてグルージャ盛岡、2カ月ぶり白星　サッカーJ3、長野に3－2,https://news.yahoo.co.jp/articles/4397eacd3996f61d5255f3cbc4415560a897a27a,6/17(月) 10:00
iwatenpv,岩手日報,水面いっぱい、初夏の味覚　盛岡・玉山でジュンサイ収穫,https://news.yahoo.co.jp/articles/4bca12e41f4a8f08457b34a33930df4c2b9a24bc,6/16(日) 10:15
iwatenpv,岩手日報,大相撲春日野部屋、5年ぶり久慈合宿　二十山親方指導、交流も,https://news.yahoo.co.jp/articles/a8043d9bf75a847544d038d2f506c5541799cbda,6/15(土) 10:30
iwatenpv,岩手日報,ドラゴンレール沿線歩こう　一関で15日、初のイベント,https://news.yahoo.co.jp/articles/2bd44c7c64e06bed94f935b588f6e61833f1f73f,6/14(金) 9:25
iwatenpv,岩手日報,バラが見頃、良い香り広がる　久慈、フォレストキッチンの畑,https://news.yahoo.co.jp/articles/a38650ef88285e2a3eb3ebb423ae1e0143ac1784,6/13(木) 16:00
iwatenpv,岩手日報,「兄川山の神像」おかえりなさい　八幡平市博物館で30日まで展示,https://news.yahoo.co.jp/articles/47aa338a37022e574fbd4778a27ab993f910cfda,6/12(水) 7:30
iwatenpv,岩手日報,「みちのく潮風トレイル」5周年でイベント　美しい景観巡る,https://news.yahoo.co.jp/articles/72583a15c461792caab1bf2d84d3ab14798f5ea0,6/11(火) 14:00
iwatenpv,岩手日報,「とうぎん×キキ＆ララ」列車、三陸鉄道リアス線で運行スタート,https://news.yahoo.co.jp/articles/77d6d54087625574ebc1bcc0a3a32c11c710554e,6/10(月) 11:00
iwatenpv,岩手日報,滝沢で「CHAGU CHAGU ROCK FESTIVAL」初開催、会場熱気,https://news.yahoo.co.jp/articles/ee15b0a3715a534b5fa8fc83aa389e077de597da,6/9(日) 11:00
iwatenpv,岩手日報,江刺金札米、オーストラリアに出発　奥州市、新たな販路拡大へ,https://news.yahoo.co.jp/articles/bf0aec897494d250c07f7f4950b7fd9e1ca100ad,6/8(土) 16:00
iwatenpv,岩手日報,盛岡の冷暖房設備工事業オーツーなど自己破産申請へ,https://news.yahoo.co.jp/articles/5cfc3dcb4cfc227284a3c6ebedfb1b593b12ef0e,6/7(金) 9:24
iwatenpv,岩手日報,りあす丸と最後の航海へ出発　宮古水産高が遠洋実習,https://news.yahoo.co.jp/articles/63a2abd4f8d87275d5552627fbf4b4fe332a3f3d,6/6(木) 10:00
iwatenpv,岩手日報,大船渡の山林火災、鎮火を宣言　焼失面積は9ヘクタール,https://news.yahoo.co.jp/articles/010a5758b935c25fb4fd3bd9f95e064dc21713ef,6/5(水) 9:35
iwatenpv,岩手日報,陸前高田市立博物館、来館10万人達成　セレモニーで節目祝う,https://news.yahoo.co.jp/articles/8448ea64a74c57c3ebdb90e204cd3ea35b9a5d4e,6/4(火) 11:00
iwatenpv,岩手日報,「セイヤッ」「サー」勇壮みこし、威勢良く　大盛岡神輿祭,https://news.yahoo.co.jp/articles/75f5aa48e6237fed914a74da560ed781a4ae41c0,6/3(月) 14:00
iwatenpv,岩手日報,高橋和生選手(花巻北高出)「メダル持ち帰る」　パリへ意気込み,https://news.yahoo.co.jp/articles/f668f1c5006ee264e9fcf630adc1c89624f424f0,6/2(日) 10:30
iwatenpv,岩手日報,人気絵本作家・サトシンさんが読み聞かせのスペシャルライブ,https://news.yahoo.co.jp/articles/61e5bf0c91b3a518d4cbc0ba18717f67e3109276,6/1(土) 16:00
iwatenpv,岩手日報,焼きそばが缶に入ってる！　盛岡と北上に自販機を設置,https://news.yahoo.co.jp/articles/5af2c757a2c815493c2b6c6dbf847ea17dd0dce8,5/31(金) 7:30
iwatenpv,岩手日報,格別！青空の下ビールで乾杯　ベアレン×野田村ビアフェスト,https://news.yahoo.co.jp/articles/76f7fc22c0ef75aa19bf5228e452c6ca0749503e,5/29(水) 14:00
iwatenpv,岩手日報,岩手県警の警部補、部下にパワハラ　所属長注意,https://news.yahoo.co.jp/articles/7a440b9d68de71b0e8b5147159f8dcb26469d6e4,5/28(火) 9:30
iwatenpv,岩手日報,新緑の錦秋湖を彩る花火　西和賀の川尻湖畔公園で湖水まつり,https://news.yahoo.co.jp/articles/f4a498be787aaa894fe05914f089176d9cf4e21a,5/27(月) 14:00
iwatenpv,岩手日報,気仙茶の新芽を丁寧に収穫　陸前高田の「守る会」,https://news.yahoo.co.jp/articles/30546066e5a34cc9b7dcbb5ff4029dd786471e7a,5/26(日) 14:00
iwatenpv,岩手日報,不思議体験集めた「遠野怪談」執筆　元協力隊員、小田切大輝さん,https://news.yahoo.co.jp/articles/006455f8dde513e5afc8ad3994f302211131022a,5/25(土) 14:00
iwatenpv,岩手日報,日本酒やおつまみが当たる「酒ガチャ」　盛岡・あさ開,https://news.yahoo.co.jp/articles/70b0aff0ac578b9d4d86fdc19e451c06586e4fd3,5/24(金) 16:00
