media_en,media_jp,title_articles,link_articles,date_original
fanfun,ファンファン福岡,福岡県内で見つけた【大人がハマる“夜アイス”】6店舗を徹底取材！～食後や飲み会のシメに♪～,https://news.yahoo.co.jp/articles/93dce8fb2da14d054ae266c547259e341ebf8c96,6/1(土) 16:20
fanfun,ファンファン福岡,【韓国焼肉 南大門】福岡グルメ｜和牛をリーズナブルに楽しめる大衆焼き肉店！,https://news.yahoo.co.jp/articles/bb01e71fd065add65a22f190d39ad9aaf6818787,6/1(土) 11:20
fanfun,ファンファン福岡,【九州エリア限定】サッポロ生ビール黒ラベル「博多祇園山笠缶」を発売！,https://news.yahoo.co.jp/articles/ca90cf6bff9714f108050c993d9ba2254239b7e7,5/31(金) 16:20
fanfun,ファンファン福岡,【マリノアシティ福岡】下の名前に「お」がつく人は割引！　閉館セール＆キャンペーン開催,https://news.yahoo.co.jp/articles/ab0112b17127420cf5fcf00fbdfaeb280ac9d638,5/31(金) 11:21
fanfun,ファンファン福岡,「特製醤油ラーメン(並)1杯無料券」を限定配布！【京都北白川 ラーメン 魁力屋】,https://news.yahoo.co.jp/articles/5662f4fd4428ca941c816709bea2a740ca449cdc,5/30(木) 16:20
fanfun,ファンファン福岡,【サーティワンフレーバーコンテスト】「スノーモンブラン」が最優秀賞に！＜商品化決定＞,https://news.yahoo.co.jp/articles/bb575602ca179b68bdf698e2e31c461008217eec,5/30(木) 11:20
fanfun,ファンファン福岡,【すき家】初夏にオススメ！「めかぶオクラ牛丼」が5/28～新登場！,https://news.yahoo.co.jp/articles/60bfdaac54f4e286903016a03b4359f2471471c6,5/29(水) 16:20
fanfun,ファンファン福岡,【ゴンチャ】西鉄久留米駅店が5/31オープン！　オープン記念企画も,https://news.yahoo.co.jp/articles/992bea697fa537cd2f42d72ec6785d19ec6352b6,5/29(水) 11:20
fanfun,ファンファン福岡,「はま寿司　北海道厳選旨ねた祭り」5/28～開催！＜メニュー紹介＞,https://news.yahoo.co.jp/articles/740a267a42cdc6e35688043bde36eedac47e4509,5/28(火) 16:20
fanfun,ファンファン福岡,【ラーメンSHOP 祭尾商店】福岡ランチ｜ラーメンとセットの“チャーハン率”が8割超,https://news.yahoo.co.jp/articles/6854e2078aa2376dd26a62ae1ad73660467e2e77,5/28(火) 11:20
fanfun,ファンファン福岡,セ・パ球団が対戦するスペシャル期間　対戦チームの地元から名物グルメが大集合！,https://news.yahoo.co.jp/articles/d6d367903aff95b5b3b4cdbbf2873d92bace0958,5/27(月) 18:20
fanfun,ファンファン福岡,〈おでかけ〉4月オープンの「新スポット」に行ってきた！～ファンファン調査隊～,https://news.yahoo.co.jp/articles/7f0e8cc2a34407dc4e9ad0c1012abf8e6f8ec1bc,5/27(月) 15:42
fanfun,ファンファン福岡,【プロント】鹿児島県産マスクメロンを使用！　新作ドリンク＆スイーツがお目見え,https://news.yahoo.co.jp/articles/1af11011b014d930eef3abef149fe4a936af45bb,5/26(日) 16:20
fanfun,ファンファン福岡,「ポムポムプリン」コラボレーションルーム予約受付中！【ホテルニューオータニ博多】,https://news.yahoo.co.jp/articles/0fdf7e22723e3e10c5c1b8a241122c118a7ec5c8,5/26(日) 11:20
fanfun,ファンファン福岡,「ご当地スーパーグランプリ2024」発表！　ダイキョーバリュー弥永店の商品続々,https://news.yahoo.co.jp/articles/5fec929fa38690c0f452280559150e73ab64e5ce,5/25(土) 16:20
fanfun,ファンファン福岡,【九州初進出】生搾りオレンジジュース自販機「IJOOZ」が福岡空港に登場！,https://news.yahoo.co.jp/articles/f1b519e824a48cc027ba1a6d339c059d655a00e2,5/25(土) 11:20
fanfun,ファンファン福岡,【サーティワン】「ハッピーフレンズすみっコぐらし」第1弾が5/31～スタート,https://news.yahoo.co.jp/articles/4ae140d80da5984285379b78c3bca5ae05e0dbfc,5/24(金) 16:20
fanfun,ファンファン福岡,【モスバーガー】「新とびきり 謹製 とろったま照りやき～北海道チーズ～」が新登場,https://news.yahoo.co.jp/articles/ef17da34fd4fee6f5889692df88e9b58b2f46aaf,5/24(金) 11:20
fanfun,ファンファン福岡,マリノアシティ福岡が8月18日（日）をもって閉館,https://news.yahoo.co.jp/articles/27a3e61c60222e10a313948c11adb578f685e0b5,5/23(木) 16:20
fanfun,ファンファン福岡,「MUSIC CIRCUS FUKUOKA」に「Repezen Foxx」ら出演,https://news.yahoo.co.jp/articles/bb48eda78ec1d6297a36c17db38fd272b91cd8f1,5/23(木) 11:20
fanfun,ファンファン福岡,【新オープン】博多一幸舎がプロデュースする「博多中華そば 和ノ助」,https://news.yahoo.co.jp/articles/699f4447b7123e9967ecd0326aa6ab615ef0babe,5/22(水) 16:20
fanfun,ファンファン福岡,オープン1周年記念キャンペーンを実施！【元祖豚丼屋TONTON 六本松駅前店】,https://news.yahoo.co.jp/articles/2bb80448a9921cd44628a0d15b175b39963182ea,5/22(水) 11:21
fanfun,ファンファン福岡,編集部員が一足先に体験！　5/22～開催の「フェスタディスプマンテ」オススメを紹介,https://news.yahoo.co.jp/articles/079110026352f42565cafa7287f933410b0bad0b,5/21(火) 16:20
fanfun,ファンファン福岡,【大丸福岡天神店】18店が大集合！「パンマルシェ」5/22～28まで開催！,https://news.yahoo.co.jp/articles/7a99884473298de3a3f07673d7f18ad8810cda49,5/21(火) 11:21
fanfun,ファンファン福岡,エナジードリンク「モンスター パピヨン」新発売！　5/20の週からサンプリングも,https://news.yahoo.co.jp/articles/94d7a528fcc71439d161902b53b5ce79980a3edc,5/20(月) 16:20
fanfun,ファンファン福岡,ウナギの量4倍！「ギガトロ重」「ギガ増し丼＋」を5/17～発売【名代 宇奈とと】,https://news.yahoo.co.jp/articles/c8221a800b108259c8fad57e6468d9bec26fd201,5/20(月) 11:20
fanfun,ファンファン福岡,【博多/中州】「博多祇園山笠西流 ホテルオリジナルグッズ付き宿泊プラン」を販売！,https://news.yahoo.co.jp/articles/3ca29c9a4380153885ff680dd7f2e66f597557a7,5/19(日) 16:20
fanfun,ファンファン福岡,【梅の花】父の日にオススメ！　6/15・16の2日間限定商品を販売！,https://news.yahoo.co.jp/articles/3d5368d0b5495ba5ba7be8c6c516a03037d8939e,5/19(日) 11:20
fanfun,ファンファン福岡,「はま寿司の北海道・東北厳選旨ねた祭り」開催！　登場する“旨ねた”はこちら！,https://news.yahoo.co.jp/articles/9360038abae8a047a8eaedd7d401baeb394eaa3a,5/18(土) 16:20
fanfun,ファンファン福岡,「パンどろぼう POPUP STORE」5/17～開催！【九大伊都 蔦屋書店】,https://news.yahoo.co.jp/articles/72f43934fb31035246b21cc1d840170de90c72ea,5/18(土) 11:20
fanfun,ファンファン福岡,【すき家】期間限定メニュー「ホタテ汁」が新登場！　お得に楽しめるセットも同時販売,https://news.yahoo.co.jp/articles/3bd48cf11d2a4431c47746cce4cbf261ce68b775,5/17(金) 16:20
fanfun,ファンファン福岡,「本鮪大とろ」や「ふわとろの煮穴子」などを集めた『杉玉がとろっとろ』フェアを開催！【鮨 酒 肴　杉玉】,https://news.yahoo.co.jp/articles/652e33b2ff8d2e37a69fb14f993508046dcacd07,5/17(金) 11:20
fanfun,ファンファン福岡,【うる星やつら×GiGO】コラボたい焼きを販売♪　新規描き下ろしイラストも登場,https://news.yahoo.co.jp/articles/6b5fd4d67b498e63027e4951e53c7897eb49abb7,5/16(木) 16:20
fanfun,ファンファン福岡,夏限定「特別キッズアメニティー付きプールプラン」の予約開始【ヒルトン福岡シーホーク】,https://news.yahoo.co.jp/articles/fe2053c3493b665f5d48d4d2226e9f19c25d2c3d,5/16(木) 11:20
fanfun,ファンファン福岡,【キハチ カフェ】初夏のダブルメロンスイーツフェア開催！　各メニューを紹介,https://news.yahoo.co.jp/articles/93f26eee6bfb177229be80a01957f1c548dccb04,5/15(水) 16:20
fanfun,ファンファン福岡,博多らーめんShin-Shin監修の「とんこつラーメン」発売【ファミリーマート】,https://news.yahoo.co.jp/articles/c95f0ccb9cc6e08627c8d5a1e091d8f5fe36c3b2,5/15(水) 11:21
fanfun,ファンファン福岡,【丸亀製麺】TOKIO共同開発！「甘口トマたまカレーうどん」を期間限定で販売,https://news.yahoo.co.jp/articles/7583ed9987c2a83f670360f67d6ca7c8bc152559,5/14(火) 16:20
fanfun,ファンファン福岡,【資さんうどん】初夏の風物詩「穴子メニュー」を販売開始！,https://news.yahoo.co.jp/articles/4cc40d24e92d1e3cb07cc69da22bd5d66789ccd3,5/14(火) 11:20
fanfun,ファンファン福岡,【ほっともっと】海鮮を堪能できる♪「釜揚げしらす弁当」が5/15～発売開始,https://news.yahoo.co.jp/articles/466d701f2581e21c9a43d384ffaf552e3a879aaa,5/13(月) 16:20
fanfun,ファンファン福岡,豆乳の無料提供イベントを実施中！　福岡は海の中道海浜公園にて【キッコーマン】,https://news.yahoo.co.jp/articles/8d21374dea5859c8e631152a6476a23e89b52dbb,5/13(月) 11:20
fanfun,ファンファン福岡,【福砂屋】ロゴでおなじみ！「コウモリ型の紅白平皿セット」をプレゼント！,https://news.yahoo.co.jp/articles/dd906255dcd5012f5fa95f5474958f5f54cf8f69,5/12(日) 16:20
fanfun,ファンファン福岡,日本を旅する贅沢揚げサンドを販売開始！　第二弾は京都府「金の抹茶栗あん団子」,https://news.yahoo.co.jp/articles/392dec44480faea075bc5ed4d13cf3b093fd64f6,5/12(日) 11:20
fanfun,ファンファン福岡,輸入チーズ専門店「Chez Henri（シェ アンリ）」4月29日福岡・薬院にオープン,https://news.yahoo.co.jp/articles/75f2543bbd5a7c832bb35703a2c4414f5f30947a,5/11(土) 16:20
fanfun,ファンファン福岡,「リラックマ20周年記念　祝・成くま式」5/15～6/17開催【大丸福岡天神店】,https://news.yahoo.co.jp/articles/cc4450968302e5d1d7c5c8f1aaa8b0515cfd4169,5/11(土) 11:20
fanfun,ファンファン福岡,"220品種1,800株のバラ　5月下旬頃まで見頃に♪【国営海の中道海浜公園】",https://news.yahoo.co.jp/articles/260107e42823a5565738a61180bc04a2a6de74d7,5/10(金) 16:20
fanfun,ファンファン福岡,見た目がキュート！「ペンギン食パン」を販売開始♪【ペンギンベーカリー】,https://news.yahoo.co.jp/articles/07ee78c9f6e82226379afecc95d7cf9d53ce75d7,5/10(金) 11:20
fanfun,ファンファン福岡,最大50%OFF！「母の日感謝ウィーク」5/12まで開催中！【ピザハット】,https://news.yahoo.co.jp/articles/c18cf9066edef4e09ed3ca8ea9398114f2ccd7f9,5/9(木) 16:20
fanfun,ファンファン福岡,焼肉セット注文で＜ごはん・キムチ・スープ＞おかわりし放題！【焼肉ライク】,https://news.yahoo.co.jp/articles/71085bd464ea7dbe1ed90d3db45bc13f7dd1c999,5/9(木) 11:20
fanfun,ファンファン福岡,【チャンピオンカレー】「岩下の新生姜カレー」を5/13～限定発売！,https://news.yahoo.co.jp/articles/6674262ebdfc22fd6db4fc2e1ca7cb9d07ae028d,5/8(水) 17:26
fanfun,ファンファン福岡,「ペンギン北海道生プリン」各店1日20個限定で販売！【ペンギンベーカリー】,https://news.yahoo.co.jp/articles/0ce402f164047f86b35cd7575d39a75fa25e6211,5/8(水) 11:24
fanfun,ファンファン福岡,30を超えるカレー店が集結！「舞鶴公園カレーフェス2024春」5/18・19開催,https://news.yahoo.co.jp/articles/eed0f8d3853e87acf7c9ca7752beec0978ea7a41,5/7(火) 16:20
fanfun,ファンファン福岡,「ポーたま 博多マルイ店」が5/24オープン！　モーニング・ランチセットも展開,https://news.yahoo.co.jp/articles/2bb0ae7c99a9d7794e76c7d4c881dc6683d5879b,5/7(火) 11:50
fanfun,ファンファン福岡,会場初出店の店舗多数！「福マルシェ＠アイランドシティ」5/12開催！（開催延期）,https://news.yahoo.co.jp/articles/59140e606ed5f8e0f6e9e2c75d399164e67ed96b,5/6(月) 16:20
fanfun,ファンファン福岡,夏の食欲アップ！「ピエトロ 夏ドレ!」を5月1日から新発売,https://news.yahoo.co.jp/articles/6d2f946313bc1d8b4595fd9ca96b760ad70bc1c7,5/6(月) 11:20
fanfun,ファンファン福岡,MILK DO dore iku? 姪浜店「幸せあんバター」【福岡イイモノ発見隊】,https://news.yahoo.co.jp/articles/123ed22f561df22db6c9ff349085ba6aec0b1f3b,5/5(日) 16:20
fanfun,ファンファン福岡,ふくや“圧倒的な粒感”のパスタソース「パパパTARAKO」が登場！,https://news.yahoo.co.jp/articles/144639317493d43903c5117df6a5e59ca581d53a,5/5(日) 11:20
fanfun,ファンファン福岡,特別ユニフォームを公開！「鷹の祭典」改め「鷹祭 SUMMER BOOST」を開催,https://news.yahoo.co.jp/articles/ec0881cb954c86d596afd0709a5d1b44b7415ecd,5/4(土) 16:20
fanfun,ファンファン福岡,「ロイヤルのスイートポテト」と「シュガーバターの木」が初コラボ！　4月27日新発売,https://news.yahoo.co.jp/articles/33b5bae7f52c349755b9a66ab09349a166fe9ffe,5/4(土) 11:20
fanfun,ファンファン福岡,【JR博多駅構内】「I’m LILY」から連休土産にオススメのスイーツが登場♪,https://news.yahoo.co.jp/articles/144e0c60c222c298c81afae53eb1db161c85b4cc,5/3(金) 16:20
fanfun,ファンファン福岡,【餃子 一鉄】福岡ラーメン｜濃厚みそ豚骨のお得なランチセット ～グルメ探検隊～,https://news.yahoo.co.jp/articles/cf8bbbf21508774fbf449e04b588ecb680b962cc,5/3(金) 11:20
