media_en,title_articles,link_articles,date_original
shinmai,高級ブドウの盗難を防げ　本格出荷を前に農家が対策強化　防犯カメラ、昼夜にパトロール,https://news.yahoo.co.jp/articles/5cca99e075f5685a14da53d1b6561eccdab01094,9/2(土) 12:20
shinmai,関東大震災、朝鮮人虐殺の犠牲者追悼の催し　「真実は消そうとしても消えない」　保守系団体に抗議し「帰れ」と座りこみ、現場は一時騒然,https://news.yahoo.co.jp/articles/aa73f590f6d0019ab887176ea3fd32b4181b633b,9/2(土) 10:30
shinmai,「空弁（からべん）って何？」「揚げパンがない？」「麦ご飯？」　長野市の学校給食の謎に迫る,https://news.yahoo.co.jp/articles/f16d1c6fef6b4027705070a2abba8092b0f9d9bd,9/2(土) 8:50
shinmai,善光寺の門前に「別荘」誕生　旧法律事務所と古民家、1棟貸しの宿に再生　住んだつもりで街を味わって,https://news.yahoo.co.jp/articles/7d9b93a53a2a498f3c7211765a6932611c2431c0,9/2(土) 6:31
shinmai,八ケ岳連峰硫黄岳　静岡県伊東市の61歳女性が転んで行動不能に,https://news.yahoo.co.jp/articles/274531b063902eaec45d125685068528ae92f10f,9/2(土) 6:10
shinmai,「大変な写真だから…」　大伯父が見て記録した関東大震災　八幡屋礒五郎社長が50枚保管　＃災害に備える,https://news.yahoo.co.jp/articles/7dc09d5904632eda760847aa437e0107d8c32be9,9/1(金) 17:01
shinmai,ゆっくり近づいて追い払う…山と人里の“境界”を行くサル「追い払い隊」の葛藤　共生の道は長期戦,https://news.yahoo.co.jp/articles/e6fb2ac6fad46749e8cc340d9a0b584ea20903e1,9/1(金) 11:50
shinmai,災害に備えて買った雨がっぱや電池、4年間ほったらかし…　本当に必要な家庭の備えは？　“防災の日”を機に見直す　＃災害に備える,https://news.yahoo.co.jp/articles/e96dc9ee4ce46ad057f3faef9b3ab6b102a4ef83,9/1(金) 8:50
shinmai,秋呼ぶ音色、涼やかに　羽揺らすスズムシ,https://news.yahoo.co.jp/articles/1ca8bad3e9752b0e430b823236d4b6edc25e5b4d,9/1(金) 6:10
shinmai,「ガチャ」で全9駅舎集めると…山から海へと背景が変化　“不採算路線”と指摘された大糸線の魅力を発信,https://news.yahoo.co.jp/articles/19049538e541f15332c12e0c8df56ada839e5bbc,8/31(木) 17:01
shinmai,今度の親方は宿敵・徳川 真田丸ドラマ館長、「どうする家康」のPRに奔走 経験買われ岡崎市で「再登板」,https://news.yahoo.co.jp/articles/8468314b30e72764f33c8d0ee1852bebec3466e8,8/31(木) 16:40
shinmai,交差点横断中の幼児はねられる　長野県須坂市,https://news.yahoo.co.jp/articles/f9f278d3ad5bdf0bf056b6cd0c459988f2d402f1,8/31(木) 12:37
shinmai,「日陰ない…」熱中症多い建設現場と工場　暑い時間の“作業中止対策”するも工期との兼ね合いが難題,https://news.yahoo.co.jp/articles/3fb3faf32a76838e64f99f7ee68327cae8aa331a,8/31(木) 11:54
shinmai,「立ちゆかなくなる…」介護現場に悲鳴　物価高による年670万円の負担増どうすれば　“価格設定の自由ない”事情も,https://news.yahoo.co.jp/articles/e3d571468c8539498a806c440701a93565b3b816,8/31(木) 11:31
shinmai,【独自】職場の熱中症死傷者、全国148人　「過去最大級」,https://news.yahoo.co.jp/articles/0ec36ce576b848b202de445a5c24f3cf72118c9f,8/31(木) 6:10
shinmai,北アルプス北穂高岳　行動不能の男性を救助（30日）,https://news.yahoo.co.jp/articles/a40c149e69cad63b5d0b43e1c0a2ccd029c5b0ac,8/30(水) 16:17
shinmai,レギュラーガソリン　長野は15週連続全国最高値　次いで鹿児島、長崎,https://news.yahoo.co.jp/articles/8b2a3883bad7aa7c28ad3a8b90be23553b345854,8/30(水) 14:13
shinmai,町と形が似てる？落花生、新たな特産品に　今年の出来は？　長野県立科町,https://news.yahoo.co.jp/articles/8e5e511fb09ed248281caf1c6e7e1579527c293c,8/30(水) 11:01
shinmai,黒川紀章さんの「カプセルハウスK」に泊まりませんか　御代田町、ふるさと納税の返礼品に,https://news.yahoo.co.jp/articles/8aea1cf522e133bdf4527fae235301fafdcc415f,8/30(水) 10:30
shinmai,赤やピンクの花々、残暑の街に彩り　街路樹のサルスベリ見頃　下諏訪町,https://news.yahoo.co.jp/articles/b6308538bb640d55cb54dd7b67225f339b8d75a5,8/30(水) 8:00
shinmai,長野県内最大イオンモール須坂　2025年秋開業へ、24年春の当初目標からずれこむ,https://news.yahoo.co.jp/articles/49f9f11a83004c3b04c409a622e393dd0f57ea44,8/30(水) 6:10
shinmai,御嶽山で和歌山の40歳女性が滑落、右手に大けが,https://news.yahoo.co.jp/articles/d09e7d7e26916006e2e0f5d82efa1c055cb4e3ca,8/29(火) 20:38
shinmai,長野・千曲市のしなの鉄道線踏切に置き石　列車が一時停止,https://news.yahoo.co.jp/articles/b816b80d163813da11e59d8d820c8d30f0229cb5,8/29(火) 19:30
shinmai,語録でたどるジョシュ・ホーキンソン　バスケW杯日本代表に駆け上がった信州BWの3シーズン,https://news.yahoo.co.jp/articles/1ec41279757a944d39e175fe16e35aaaae91a5cc,8/29(火) 19:15
shinmai,エンデが残したメッセージとは？　ゆかりの信濃町　ファン30人、3日間のキャンプで交流、読み解く　「モモ」出版50年,https://news.yahoo.co.jp/articles/67413f6ed8ff7c8ebfcb8e2403360e8ce9fa486f,8/29(火) 17:03
shinmai,【第1報】八ケ岳連峰赤岳　男性登山者倒れ、意識がないもよう,https://news.yahoo.co.jp/articles/6c4ca5ebc378bc6653851d4a8fd97106536365b8,8/29(火) 13:43
shinmai,北アルプス天狗沢　名古屋市の36歳男性が道に迷い行動不能に,https://news.yahoo.co.jp/articles/1310d4190df95f92caf3571c770241ed271e1eff,8/29(火) 12:30
shinmai,レンタサイクル始めた場所は「登山口」　駅とも結んで八ケ岳の登山者の足に,https://news.yahoo.co.jp/articles/45cf9034e0f70afbcf6aa3b220b6ba5ea8f034da,8/29(火) 11:40
shinmai,一面のマリーゴールド　南アルプスの山々とともに　富士見高原,https://news.yahoo.co.jp/articles/00e73e5a1a0b97a6c0340e8d9b4f30fb3312cd23,8/29(火) 10:30
shinmai,昭和レトロを探せ　早大レトロ研究会とタッグ　上田市,https://news.yahoo.co.jp/articles/9d51c83c6e20127f877ac381d2f482e447b7786c,8/29(火) 10:30
shinmai,「水のおいしい安曇野。おいしいコメできた」　黄金色の田んぼ、早くも稲刈り,https://news.yahoo.co.jp/articles/75eb3cde92a555d535dfc32e1f5b67e20cf3ddb5,8/29(火) 7:31
shinmai,北アルプス餓鬼岳で女性が滑落　頭にけがのもよう,https://news.yahoo.co.jp/articles/9c5ef6232b380f636805cd19b97e9d9bdefa323c,8/28(月) 18:55
shinmai,「こんなに大きな…」巨大カステラ作りで仰天　卵150個使って「ぐりとぐら」のようにできるか,https://news.yahoo.co.jp/articles/e321884eb76edea10d0a34ed209914888b8e919e,8/28(月) 17:02
shinmai,北アルプス鹿島槍ケ岳で女性が滑落　右手首を骨折のもよう,https://news.yahoo.co.jp/articles/864e04a9b665e22aa2e8c9c0cdc3913c0d5ba632,8/28(月) 15:18
shinmai,日本一の街で始まったのは「立ち食い焼肉」　軒先の「たる」「ドラム缶」の上で150種類の肉をジュージュー,https://news.yahoo.co.jp/articles/43e9bf64688f37a1a6d646514d4793acf3c28834,8/28(月) 11:50
shinmai,日本は、外国人の人権を守れるのかな？　難民認定は1％にも満たないけれど,https://news.yahoo.co.jp/articles/9f3e978b74785d3316c8b7003a79fc636b9253aa,8/28(月) 11:32
shinmai,【独自】AC長野、シュタルフ監督を解任へ　成績不振受け,https://news.yahoo.co.jp/articles/08c51e786f7cadcf70ffd27bc61acc94074a6b2a,8/28(月) 6:10
shinmai,色づき良し！糖度良し！　巨峰やナガノパープル　露地物出荷始まる,https://news.yahoo.co.jp/articles/786b276c96ff5e8411e9d88af8194524e995a870,8/28(月) 5:00
shinmai,飛側から望んだ槍穂　三俣蓮華岳は徐々に秋の装い,https://news.yahoo.co.jp/articles/ebd07dbf997e00a1a1df308d185be14c1a943c46,8/27(日) 17:21
shinmai,自転車の素材は木材、国際コンペで最高賞　「本質を追究した美」長野県内の工房で生産,https://news.yahoo.co.jp/articles/0750770b90dbd6762d7dd619c07beba3227b33d4,8/27(日) 10:02
shinmai,「全てが奇跡のよう」　俳優・吉沢宙彦さん、カンヌ出品の短編「ゆ」 舞台あいさつ　飯田市で上映始まる,https://news.yahoo.co.jp/articles/859e48b7e0f80da770f6fdb536bf7471929dcb11,8/27(日) 9:00
shinmai,噴火災害を想定、御嶽山で避難訓練　鋼製シェルターを初活用　ビーコンで行動調査も,https://news.yahoo.co.jp/articles/fbf01777cec0441b3a8d027c1023cdb76df36630,8/27(日) 7:43
shinmai,「里山の雰囲気が最高」、見渡す限りのジニア　北アルプスの山麓彩る22万本、見頃迎える　安曇野市,https://news.yahoo.co.jp/articles/e0b12ee18fb9722ee30a611ea97e5d286d280092,8/27(日) 6:20
shinmai,苗場山で宇都宮市の78歳女性が転倒し負傷,https://news.yahoo.co.jp/articles/5d01ea1921af6cbd8f4b3787015bd006a40478ef,8/26(土) 20:46
shinmai,北アルプスの難所で遭難相次ぐ（26日午後7時現在まとめ）,https://news.yahoo.co.jp/articles/ccb3575a9b0e94e3bef94825df901fc689d35a1a,8/26(土) 19:44
shinmai,客は1日に1人か2人ほど　山あいの寺で週1日だけ開くカフェ　本堂でコーヒーとクレープ,https://news.yahoo.co.jp/articles/2673fd3be3be4568c87f851b296d6efba822a9f1,8/26(土) 17:30
shinmai,敗戦直後、500人以上が集団自決　満蒙開拓団、旧ソ連の参戦による逃避行で　#戦争の記憶,https://news.yahoo.co.jp/articles/0ff7fb39979793ebab39fe703763f34613cc9586,8/26(土) 12:30
shinmai,北アルプスのザイテングラートで東京の女性（58）が滑落　ヘリで救助,https://news.yahoo.co.jp/articles/a5b87949eae0fe902c6f7d75e975381123cca7e3,8/26(土) 11:32
shinmai,「るろ剣」聖地巡礼に期待　相楽総三「最期の地」、　再アニメ化影響？赤報隊資料展示施設の来場者増　下諏訪町,https://news.yahoo.co.jp/articles/4d68e070fdb6ac5450329a58c22c4714cf3a441b,8/26(土) 11:20
shinmai,迫力の演奏、聴衆を魅了　ドゥネーブさん、明るく軽快な指揮　OMFオーケストラ公演,https://news.yahoo.co.jp/articles/00f03b9ac4e3e5009699859c096617a1bb005ac5,8/26(土) 6:10
shinmai,大昔の生物、人間のイラスト…宇宙に届いたか、確認作業始まる　40年前に「少年ジャンプ」の企画で送信,https://news.yahoo.co.jp/articles/43f2cb5e7c8609b43095a8f3e11a31d7c813718f,8/25(金) 17:02
shinmai,「絶景とそばに癒やされて」　南アルプス望む古民家に念願のそば店開業　病がきっかけ、早期退職して移住し実現,https://news.yahoo.co.jp/articles/80de6e9ae16580330bf57d2565b129ba6e0cb142,8/25(金) 11:50
shinmai,なぜ？見た目に異変　川魚のアマゴ…色→明るく　模様→斑点大きく　続いてきた養魚場1ヵ所での交配が原因か,https://news.yahoo.co.jp/articles/87dd5e71c84d5726755e56db8ead2642e52ce20e,8/25(金) 11:31
shinmai,【独自】「我慢の限界になってやった」供述　長野県の4人殺害事件3カ月,https://news.yahoo.co.jp/articles/5c544a2190904da96061b560f7a1b4e14948d858,8/25(金) 6:10
shinmai,閉校した小学校の備品、無償で譲ります　家庭科室の食器に音楽室のグランドピアノ、「思い出の品、活用して」,https://news.yahoo.co.jp/articles/fbeeea4622c770d1d41e45bcdb34ad8b0c125700,8/24(木) 16:50
shinmai,飲む「おやき」、新しい味わい方？　食べるだけじゃもったいない、捨てる煮汁生かし冷製スープに　長野市の専門店,https://news.yahoo.co.jp/articles/e90b3b0d98833f63f1604138f0e50d9121af392b,8/24(木) 11:41
shinmai,サハリン～ウクライナ、二度の戦争を生き抜いて　故国へ帰国ー父母が果たせぬ夢かなえた　＃戦争の記憶,https://news.yahoo.co.jp/articles/0e4a8c741792698c04423c5fca2bfbafa203dccd,8/24(木) 11:33
shinmai,「獣耳」を付けてパチリ　ニホンジカ、ホンドタヌキ…信州・霧ケ峰の動物になりきろう,https://news.yahoo.co.jp/articles/5fa552da05d00e779c634d698c2c286a1e15746d,8/24(木) 6:32
shinmai,来年1月の長野・駒ケ根市長選　現職の伊藤氏、出馬に意欲,https://news.yahoo.co.jp/articles/e82337008873aa4d173fcb4f82d90cf4b62c6648,8/24(木) 5:40
shinmai,北アルプスで遭難相次ぐ（23日午後4時50分現在まとめ）,https://news.yahoo.co.jp/articles/d2706d15b8f7c3eff380159daf82c5def3e0c525,8/23(水) 16:58
shinmai,北アルプスの鹿島槍ケ岳で、愛知の53歳女性が滑落し負傷（23日）,https://news.yahoo.co.jp/articles/ccbc15249e9ded972588e10dd39a88fe81a4e36d,8/23(水) 16:20
shinmai,入学したばかりの19歳医学部生がなぜ山岳の診療所に　受け付けや食事作り、清掃で得たものとは,https://news.yahoo.co.jp/articles/14cd2c1a68a70e83cce6326172adc7d03f2dcf23,8/23(水) 11:31
shinmai,レトロ感がアップ…奥地の山小屋にある秘湯が浴槽改修　魅力は大自然の「緑」とランプの「ほのかな明かり」,https://news.yahoo.co.jp/articles/19f8c235b8a3c6b679fa23a423456fced0f01c48,8/23(水) 10:52
shinmai,夏空に映えるピンクの花々　伊那市高遠、ナツズイセンが見頃に,https://news.yahoo.co.jp/articles/bd3b216fc540a1d7c5a481a4b0eb570f09b7ebf4,8/23(水) 8:30
shinmai,山の「廃校」で過ごすサマーキャンプ、驚きの大当たり　空き教室や校庭に宿泊、申し込み殺到、新たな使い道の試金石に,https://news.yahoo.co.jp/articles/3ac9e848bc49bf71e4522be6c7d89b1a252b0d65,8/23(水) 6:10
shinmai,すでに着工、寄付金はまだ目標に　長野市城山小、閉鎖の北門改修工事,https://news.yahoo.co.jp/articles/02d9eba5adf30441de7d1754a601df39e583ca52,8/22(火) 13:15
shinmai,特殊詐欺「防止率」2年連続1位　なぜ長野県内コンビニは客を詐欺から守れたか,https://news.yahoo.co.jp/articles/4b7d98ffcefb3abbdbe4457c2608971de695459a,8/22(火) 11:52
shinmai,「時代の潮目は変わった、挑戦しよう」大学を飛び級卒業、金融学ぶ大学院生が選んだ道は農業　2拠点生活で理想の野菜追求,https://news.yahoo.co.jp/articles/6b96edd049efc2cebb4f37d9ec4f947144ac55a9,8/22(火) 11:41
shinmai,小学6年で日本百名山完登　20歳の見城さん　思い出の北アルプス山小屋、スタッフとしての夏休み,https://news.yahoo.co.jp/articles/cdad2e1c6c1240d718c0c071602973e0587789e7,8/22(火) 6:10
shinmai,火縄銃4丁が所在不明に　盗難か　松本市の自営業男性の事務所から,https://news.yahoo.co.jp/articles/acf4faa5bf5ca2b1b93cf223e1f801a3036cec48,8/21(月) 23:00
shinmai,ローカル線の利用を促進するには…　小谷村で2度目の大糸線ファンミーティング　沿線駅舎の改修も,https://news.yahoo.co.jp/articles/c45a144e9591951ecef632ed31fec74e8886b837,8/21(月) 17:37
shinmai,御嶽山八丁ダルミ　富山の61歳会社員男性が転倒、右足骨折の大けが,https://news.yahoo.co.jp/articles/301a367c60485b86e65ce7648cc439983ae3d30d,8/21(月) 15:24
shinmai,迷い猫からネコ館長になった「ムクニャン」がモデル　子どもたちが紙袋で作った人形など約100点,https://news.yahoo.co.jp/articles/8aeac43310a88351fac485e07c1de05337c523d3,8/21(月) 13:09
shinmai,北アルプスのジャンダルム付近で男性死亡　落石が影響か,https://news.yahoo.co.jp/articles/d54bc14454f40ff0e0524552d1daefff9b64afb7,8/21(月) 12:47
shinmai,登山道、遭難情報、野生動物…　北アルプスの情報あれこれ　Xですばやく発信　長野県山岳遭難防止常駐隊,https://news.yahoo.co.jp/articles/8ac724c0bc12edf174ac23a205a2a271b5c990b4,8/21(月) 12:00
shinmai,北アルプス最奥部への「伊藤新道」　本格開通祝い大町市でイベント,https://news.yahoo.co.jp/articles/3f0a96758044e945a2c4cf2b624b1946733f2278,8/21(月) 6:10
shinmai,「白っぽいキュウリ」は母の形見　長野市の萱津さん、神城断層地震を経て思い強く　「白馬村の特産品に」,https://news.yahoo.co.jp/articles/4482d7378f58c9e3d64768d1b8080d163d036dc7,8/20(日) 17:00
shinmai,御嶽山　愛知県の男性が負傷し行動不能（20日）,https://news.yahoo.co.jp/articles/38374f54cd5ee0bfbea5fc750e5a88fb724ff2aa,8/20(日) 14:59
shinmai,北アルプス涸沢　横浜市の女性がけが（20日）,https://news.yahoo.co.jp/articles/6eb7d8536cebf9178d83ebef6f642d9b4df6ac59,8/20(日) 13:49
shinmai,【高校野球】78歳の「名将」中原英孝さん　　部員らに最後のノック　40年の監督人生に幕　長野・筑北村,https://news.yahoo.co.jp/articles/618ae31a6292db21f7eab59adfb5583df2c806b3,8/20(日) 9:30
shinmai,ADHDの人が望む支え方は　グループホーム立ち上げ、当事者だから感じるモヤモヤを支援に生かす,https://news.yahoo.co.jp/articles/de1422f8a7d17e5e5e54d48396188a3dac81febe,8/20(日) 6:31
shinmai,河川敷にツバメの目キラリ　大集団のねぐら見つけた！　南へ渡るまでヨシ原でお休みか？　長野市,https://news.yahoo.co.jp/articles/df6f6f2c783fc79c99743d3a62a22d4c140dcdf3,8/20(日) 6:10
shinmai,北アルプスで遭難相次ぐ（19日）,https://news.yahoo.co.jp/articles/8d085bff8008e1e1ca146fa7261b79a51ffc15ab,8/19(土) 18:22
shinmai,終戦直後に自決した特攻隊教官　教え子を送り出した自責の念か　遊佐准尉と妻子を慰霊する集い　#戦争の記憶,https://news.yahoo.co.jp/articles/58bea74764f67267352d545eac13676a043e191e,8/19(土) 12:30
shinmai,閉館前、最後の上映は地元出身の新海誠監督の作品　「言の葉の庭」「君の名は。」など4作品を再びスクリーンで　長野県佐久地域,https://news.yahoo.co.jp/articles/f6f4740b529103e85943c6ce22a1aad7e9bb4cce,8/19(土) 9:30
shinmai,一片の悔いもなきよう　北斗の拳に染まれ！　信州佐久で新たな「伝説」へ　40周年記念事業,https://news.yahoo.co.jp/articles/ea1621f3f011ae59ad56a6ce68902f9e8e3aa2ab,8/19(土) 6:10
shinmai,八ケ岳連峰丸山　栃木の会社員男性が転倒、けが,https://news.yahoo.co.jp/articles/ddd44360a921374f1e71b96f38403e978abc9754,8/18(金) 19:19
shinmai,北アルプス南岳　カナダ国籍の男性救助（18日）,https://news.yahoo.co.jp/articles/f698a78e7ce1c85c99247aba1755b8f06ce184ba,8/18(金) 17:01
shinmai,北アルプス天狗沢　男性登山者が死亡、身元確認中（18日）,https://news.yahoo.co.jp/articles/1410c3a75aa3292798dec8902927c22342e38f45,8/18(金) 16:22
shinmai,戸隠奥社院坊群　新たな痕跡か　戦国以前の実態解明に期待,https://news.yahoo.co.jp/articles/beb68699133ffd63ca8a07f023edb6b9276b5879,8/18(金) 11:11
shinmai,役場の時報サイレン「災害？」「うるさい」、移住者から苦情　農作業の目安の時刻伝え70年、長野県山形村が存廃検討,https://news.yahoo.co.jp/articles/b1fd5b0b49547338a706487c3984478957d1a321,8/18(金) 11:03
shinmai,ビールもワインも雰囲気も「最高！」　長野県松本市で28日まで「サマーフェスト」,https://news.yahoo.co.jp/articles/451cb45997eef4584dab8a194a5133137fb37157,8/18(金) 9:02
shinmai,盆休みを延長して！　区長の家を封鎖してど派手に抗議　玄関に卓球台、芝刈り機、カボチャも積み上げ　南箕輪村で夏の伝統行事,https://news.yahoo.co.jp/articles/c593ba591ebe722575e75598fceb63ed46e98450,8/18(金) 6:15
shinmai,【続報】北アルプス常念岳　山頂付近で転んでけがをした前橋市の男性救助,https://news.yahoo.co.jp/articles/bb90837e80bfa24188796844d962a2358a559aa6,8/17(木) 21:06
shinmai,北アルプス常念岳　下山中に転倒、前橋市の49歳男性が頭部負傷,https://news.yahoo.co.jp/articles/ef031f25647109e1aad742d2d85c28932801824e,8/17(木) 15:39
shinmai,8歳男の子、車にはねられ眼底骨折　警察「物損事故でもよいのでは」→母の抗議で一転人身事故に　募る不信感,https://news.yahoo.co.jp/articles/a94fd9ef043543be284667fcb487d34918db7d37,8/17(木) 11:40
shinmai,宝石のよう…　長野のイチゴタルトがグランプリ　台風災害、新型コロナ乗り越え,https://news.yahoo.co.jp/articles/03865c5d4de90f3c392b2481fa03f5061f6dcb22,8/17(木) 6:10
shinmai,魚を捕らえるタカ、ミサゴの子育てとらえた　巣に足しげく通って撮影、写真愛好家「無事に巣立てて良かった」,https://news.yahoo.co.jp/articles/a333e4b3e12e6e9bfe634b8a9e1a3e620a65a162,8/16(水) 16:27
shinmai,落差50メートル、降り注ぐ水しぶきと涼風が心地良い　長野県高森町の不動滝,https://news.yahoo.co.jp/articles/35d214ca9f3a6bf67c1e2fa78ebf4e6d8c899550,8/16(水) 11:20
shinmai,ごちゃごちゃが魅力？「イラスト書道」で書の道を切り開く　飯田市で個展,https://news.yahoo.co.jp/articles/384743f2f78e89028ca6538a8f68538a2fca657c,8/16(水) 11:11
shinmai,光の大輪とごう音、夏の夜の芸術　諏訪湖祭湖上花火大会、4年ぶりの通常開催,https://news.yahoo.co.jp/articles/6ac002b79052fadf46dcde57740a49920988684e,8/16(水) 6:01
shinmai,“過去最大”の輸出額となった信州産農作物　米国、台湾を抑えて1位の香港ではモモが人気　伸び幅最大,https://news.yahoo.co.jp/articles/35078d8f55e47c0a7e5cbabf47a660506205597b,8/15(火) 18:02
shinmai,【速報】諏訪湖花火大会、きょう午後7時から予定通り開催　台風懸念も「開催できる」と夕方決定,https://news.yahoo.co.jp/articles/1556473d3442f18bc2ff2e52ce87f2e40225757e,8/15(火) 16:35
shinmai,「きんに君」と「村男3世」は顔が似ている？ どっちなんだい…親近感が縁で腕立て伏せ対決,https://news.yahoo.co.jp/articles/83b2abc4f7974f5b3554aa52033d24f3d88eef6d,8/15(火) 11:33
shinmai,「じいさんが闘う姿見せる」パワーリフティングで国体最年長77歳　メダルうれしくて「病みつきに」,https://news.yahoo.co.jp/articles/c44ed3b3e1b4b9884aaf4a1092ad35ed24ddd059,8/15(火) 11:30
shinmai,「盆踊りがないと夏じゃない」3晩、夜を徹し踊ります　「新野の盆踊」 阿南町で始まる,https://news.yahoo.co.jp/articles/13b88b46a6f70f6d1b5fa58b1a6fac34517c676d,8/15(火) 6:10
shinmai,“大学全入時代”に短期大学どう動く？　志願者減少、定員割れで迎えた大きな転換点,https://news.yahoo.co.jp/articles/c3f6f65691c0571ab7503253321a045de3377409,8/14(月) 17:02
shinmai,台風接近でどうする？ 全国区の諏訪湖花火大会はあす15日に予定通り開催へ　影響を総合的に判断,https://news.yahoo.co.jp/articles/1a1be9a0f510de209606fee0147792273a65ad21,8/14(月) 13:23
shinmai,子どものSOS電話は7割聞けず　相談員足りず「一部しか対応できず」チャイルドラインが新拠点開設の動き,https://news.yahoo.co.jp/articles/374612b12917ac6bc34d93f982f36a35b0eea305,8/14(月) 12:01
shinmai,暑くても、滝行で頭の中まですっきり　身も心も整えて　諏訪市の寺、参拝者も体験可能,https://news.yahoo.co.jp/articles/efbea765dc42038280ce401b1d06d1f9d63aaf5f,8/14(月) 11:01
shinmai,セロリ畑に夕立？　暑い夏、高原野菜にうるおいを　原村,https://news.yahoo.co.jp/articles/9a1a78a83537a375b161d24dc1b1ce760388d7b8,8/14(月) 6:02
shinmai,入笠山　静岡県の会社員男性、下山中に転んでけが,https://news.yahoo.co.jp/articles/6fd0da4d47d4e58cfe912ae19fbc1daba2079934,8/13(日) 16:02
shinmai,「耕作やめるか、水を張るか…」　ソバ産地の八ケ岳山麓に戸惑いの声　国の転作交付金「水張り」が要件に,https://news.yahoo.co.jp/articles/145528bc59997206302e47043e298a68ada8a6b7,8/13(日) 10:30
shinmai,野菜不足の山小屋スタッフを助けて　健康維持し、安全登山守るためー持参して登ってくれたら宿泊料割り引きます,https://news.yahoo.co.jp/articles/cb5664f041df77356ac4c2797ec8c75d44aa5824,8/13(日) 9:30
shinmai,町人口より多い1万個の風鈴　涼風が奏でる涼やかな音色　長野県飯島町で飾る,https://news.yahoo.co.jp/articles/bfea8ec7a8d67853e56b5fc962c0355197850c93,8/13(日) 7:39
shinmai,Youはなぜ上高地に？　外国人観光客にインタビュー,https://news.yahoo.co.jp/articles/f0cc27df036ccfcbcef0bd2f41ec040e7b34abfa,8/13(日) 6:10
shinmai,北アルプス白馬大雪渓　女性が疲労で行動不能に（12日）,https://news.yahoo.co.jp/articles/c8dbd540d2c90d3d66168db4ca144de28ab82d57,8/12(土) 21:37
shinmai,八ケ岳連峰中岳　男性が転倒し重傷（12日）,https://news.yahoo.co.jp/articles/6ef63970641d4ae69e8cc7e21264c963c508f64d,8/12(土) 20:14
shinmai,北アルプス唐松岳　京都市の女性が転倒しけが（12日）,https://news.yahoo.co.jp/articles/17a0557b9eca7d8150e293d1ea2ae3c16f397eda,8/12(土) 19:46
shinmai,八ケ岳連峰赤岳　発熱などで女性が行動不能（12日）,https://news.yahoo.co.jp/articles/a0b5f5d369c4c93c2f7dc9f112db7f280e45078b,8/12(土) 19:43
shinmai,離婚したい妻、夫婦関係を維持したい夫　別居で離れた親と子の「面会交流」で葛藤,https://news.yahoo.co.jp/articles/8a5e4260644f6316abd7ffb6070498383bf66769,8/12(土) 17:30
shinmai,松代大本営地下壕　戦況悪化、苦労の歴史　特別見学会で親子連れら思いはせ　#戦争の記憶,https://news.yahoo.co.jp/articles/5e4aae3653e9facbd5fb237b8cd6965e5ecb72ed,8/12(土) 16:50
shinmai,植物の迷宮へようこそ　高校のクイズ研究会、棚田に穀物ソルガムで迷路を作る　難問も用意,https://news.yahoo.co.jp/articles/e06565e79d7f29fcf083952dea12b71c8743b0f1,8/12(土) 12:40
shinmai,大学野球は続かなかったけれど、経験不問の「キャップ野球」に熱中　変化球も習得、サークルの目標は全国大会,https://news.yahoo.co.jp/articles/90be082abeefaa47e7693eb7b2787a798d3e19c7,8/12(土) 6:20
shinmai,北アルプス槍ケ岳　天突く穂先　水面で星々と共演,https://news.yahoo.co.jp/articles/9654d4fe8c8f7a07509cafac84d70d6b937b4af2,8/12(土) 6:10
shinmai,北アルプス焼岳　富山市の72歳が行動不能に（11日）,https://news.yahoo.co.jp/articles/ff3dd53c75e7a5bb602d89514b460c571a131eca,8/11(金) 23:28
shinmai,「山の日」の穂高連峰　一味違う姿,https://news.yahoo.co.jp/articles/06b116bf68b1112bb39b0a28ab05e33a399143d9,8/11(金) 17:01
shinmai,北アルプスの穂高岳山荘　登山者支え1世紀　3代目、絶景スペースも今夏開放,https://news.yahoo.co.jp/articles/63e4306bf6e76758f859265ac21c05fb41897836,8/11(金) 16:20
shinmai,供養に重ねる供養　仏壇燃やす行事　産地の長野県飯山市,https://news.yahoo.co.jp/articles/3daf52e349d17fbc61b2b6a3732cddeff477a128,8/11(金) 14:00
shinmai,知っておきたい“渋滞予防運転”4つのポイント　「無意識の速度低下」も原因に…【高速道路編】,https://news.yahoo.co.jp/articles/567ef354e6dfbef1ef6132e808972008da4357f7,8/11(金) 8:10
shinmai,北アルプス、雄大な槍ケ岳を背に稜線を進む　「絶景がご褒美」　きょう11日「山の日」,https://news.yahoo.co.jp/articles/b69beb7bee5e86d09db72a6f5a93c77d5d3f62c1,8/11(金) 6:10
shinmai,中央アルプス空木岳で74歳男性が転倒　ヘリで救助,https://news.yahoo.co.jp/articles/1f0ec1012739cefb5bfedea9afd632c8dded2e24,8/10(木) 19:30
shinmai,医療的ケア児や家族、日常を離れて「レスパイト」を　長野県筑北村で紡ぐ「旅の思い出」,https://news.yahoo.co.jp/articles/f8354eea3d0c1f086b31247bff661a9ba79ac26f,8/10(木) 17:30
shinmai,「世紀末の荒野で使いたい」たき火セット発売　ケンシロウの「希望」か、ラオウの「野望」か,https://news.yahoo.co.jp/articles/94fb9d64226790842629fd72a27f5f8bc109087a,8/10(木) 11:52
shinmai,大型犬OK！森の中のドッグパーク　トレーナーが長野県に移住したワケ,https://news.yahoo.co.jp/articles/30977ffdabc670207b4e2debf9cea7c4c167a94f,8/10(木) 11:41
shinmai,北アルプス東大涸沢診療所、新型コロナ前の態勢に　登山者の安全に全力　スタッフ倍増、休診日なし,https://news.yahoo.co.jp/articles/3a9ab67e388f1e8d82bd2f8ecce7814d1424f757,8/10(木) 6:10
shinmai,バスケ合宿で登山に座禅　強豪・藤枝明誠高も　目指せ500泊,https://news.yahoo.co.jp/articles/180e6eae695027b03559652f59495f99a0ddb000,8/9(水) 11:50
shinmai,ロクシタンの香水、どうやって作る？　体験型イベント　軽井沢町で11～13日,https://news.yahoo.co.jp/articles/9dbc73c0da66ed34c957d8ce84053017fe34c558,8/9(水) 11:41
shinmai,どうするお盆　コロナ、燃料高騰で　帰省見送りも,https://news.yahoo.co.jp/articles/d110c342eaf4e7375b7cf456898f6a7b07990bdc,8/9(水) 11:02
shinmai,長野県飯山駅を泳ぐ　内山紙のクジラ　飯山高美術部、平和願う,https://news.yahoo.co.jp/articles/9e6f8f74313f8213254ee48e64a7b14007ef4a97,8/9(水) 6:10
shinmai,プラスチック弾で伝える核の脅威　長崎に学び、核弾頭の数を音で感じる装置受け継ぐ　長野県の大学生　＃戦争の記憶,https://news.yahoo.co.jp/articles/69a78ed4a1722532a0726250e514b39d441aa01f,8/9(水) 6:04
shinmai,マンホールのふた「庭に飾りたい」？　販売予定の30点ふれあいデーで展示　長野,https://news.yahoo.co.jp/articles/2a8fc1ffbd3cd785594353ab05f2179b63c1eb27,8/8(火) 16:31
shinmai,本来の目的に合う？　最近よく見かけるカラフルな「SDGsバッジ」、金属ではなく「木」の素材が登場,https://news.yahoo.co.jp/articles/a76a5e8e40f3e2d1124cd0095cde0eff723977fa,8/8(火) 11:51
shinmai,あまり見たことない…“つやつや”質感のびんずる尊者像　“かさかさ”から一変「見違えるような姿でお戻りに」,https://news.yahoo.co.jp/articles/9139b8bb9a140d7a70656d9a09d93323b562aee1,8/8(火) 11:31
shinmai,「映える」スポットは遊休農地　涼風浴びて、夏の絶景眺めてリフレッシュ　高山村でヒマワリ見頃,https://news.yahoo.co.jp/articles/533e431b4f6738c34f2a2cb8020c953ea215b07a,8/8(火) 6:02
shinmai,四阿山で埼玉県の男性が転倒しけが,https://news.yahoo.co.jp/articles/c30753e4342ee774f71af3ee4cd437844bff1dc2,8/7(月) 21:06
shinmai,中央アルプス濁沢大峰　名古屋市の男性けが,https://news.yahoo.co.jp/articles/d60e5d42bb74e18c997f62aa3bf855abf4e47c8e,8/7(月) 19:15
shinmai,トラブル相次ぐマイナンバー　なぜ起こる？　何が変わる？ 現行の保険証は2024年秋に廃止,https://news.yahoo.co.jp/articles/562116e083a0cb8a10c56195806695d01e1e6783,8/7(月) 19:04
shinmai,山国育ちの14歳、故郷を飛び出し離島へ「海村留学」　「挑戦したい」思いあふれ、自然を追いかける青春,https://news.yahoo.co.jp/articles/09a619eb85e65ef73a456f6e4d7e9caa65497e84,8/7(月) 17:01
shinmai,「アニキ、最高だゼーット！」　水木一郎さん思い「アニキ連」 赤いマフラーなびかせ,https://news.yahoo.co.jp/articles/e2bbf8ebc1c8039e061ad0e4cabf419c777b9291,8/7(月) 8:24
shinmai,野尻湖10キロを泳ぎ切れ　速さでなく「完泳」目指し,https://news.yahoo.co.jp/articles/c6a190dcc1bade7a967d339407387966e32aba74,8/7(月) 7:47
shinmai,北アルプス燕岳　8歳の男子児童が体調不良,https://news.yahoo.co.jp/articles/1ded09b37b0b6985f23f72db7a8bbfb813c940b3,8/7(月) 6:56
shinmai,「それを言っちゃあ…」　信州小諸で渥美清さんしのび献花式　命日に合わせ東信有志の会,https://news.yahoo.co.jp/articles/08b108a86ee82d4d9d6a965a914dd902fed96455,8/7(月) 6:10
shinmai,北アルプスで遭難相次ぐ（6日まとめ）,https://news.yahoo.co.jp/articles/ac45391ad44872c996f37e92c684ea77244d1522,8/6(日) 21:10
shinmai,八ケ岳、南アルプス、富士山の大パノラマ　「登って良かった」、車山の展望テラス,https://news.yahoo.co.jp/articles/0d3bd068793a905a619b2e98272e01f3000569a8,8/6(日) 17:01
shinmai,真夏の夜、セミの羽化真っ盛り　民家の庭で幼虫が続々と成虫に　松本市,https://news.yahoo.co.jp/articles/6fcc199a37461dc820a57b83b7328a533d02f730,8/6(日) 16:50
shinmai,男子3000障害で永原（佐久長聖）が優勝　自身の日本高校記録を塗り替える　〈全国高校総体〉,https://news.yahoo.co.jp/articles/8049630130e25c684222d120ea859be6c6b938e9,8/6(日) 16:16
shinmai,北アルプス五竜岳　落石で男性がけが,https://news.yahoo.co.jp/articles/d1181db6cae10be60941066d0e4edb340543c2d3,8/6(日) 12:31
shinmai,インパール作戦から生還、復員直後に描いた惨状　日本軍の無謀さ伝える元兵士の回想録の冊子完成　＃戦争の記憶,https://news.yahoo.co.jp/articles/8446d5f076917fe2485e05299239f3e2677faaf8,8/6(日) 12:03
shinmai,何のため？自動車ドアの「サイドバイザー」いる？いらない？　国産車ほぼ装着も、外車ほとんど付けず…,https://news.yahoo.co.jp/articles/8c0b99ed2fdae3ac15d0d2890ef7edb8486a0ea6,8/6(日) 7:03
shinmai,高山植物を訪ねて中央アルプス,https://news.yahoo.co.jp/articles/e57c5b931f995756df21107575a245a6a64beaec,8/6(日) 6:10
shinmai,北アルプス赤岩岳　堺市の女性が体調不良（5日）,https://news.yahoo.co.jp/articles/f757147ab0f79e23a5a00c79884285f60a419c35,8/5(土) 17:44
shinmai,「遺体をそのままにしておけない」　昼夜問わず駆け付け、20年で2200体を検視　78歳医師の思い,https://news.yahoo.co.jp/articles/fc009ff8a202ed0a8bc030538fe411fefdc46d42,8/5(土) 17:00
shinmai,北アルプス燕岳　東京都の女性が転倒しけが,https://news.yahoo.co.jp/articles/2aff85a9ec721db0c06a2e58c00918734d8cbfa2,8/5(土) 13:07
shinmai,声出しOKの「応援上映」に初参加　序盤は気後れも、観客の熱にあおられ終盤は号泣　スラムダンクの映画,https://news.yahoo.co.jp/articles/b3b571f047234bab995235260e7d178f9f0b79fa,8/5(土) 11:40
shinmai,「電気を感じた」報告相次いだトイレの謎　ホルダー触ると「ビビビビ…」　SNSで話題、管理者に問い合わせてみると…,https://news.yahoo.co.jp/articles/fe68f286bb83b5b6d072decb0c02fe05dafe52a5,8/5(土) 7:04
shinmai,姨捨の棚田、輝くヒマワリ　稲と鮮やかなコントラスト,https://news.yahoo.co.jp/articles/3f6210427b78eaedf84ea682f6910fabd955e382,8/5(土) 6:50
shinmai,奈良県の58歳男性、北アルプス常念岳で転倒　右足首骨折でヘリ救助,https://news.yahoo.co.jp/articles/c8dca482d3d0d91db0f96bb27915a1fa4ed31204,8/4(金) 19:32
shinmai,35万球の電飾で彩る夏のイルミネーション　和傘150本も幻想的に　長野県,https://news.yahoo.co.jp/articles/868daf5236d1021bc0285b4bf9daf33e6155c19b,8/4(金) 17:04
shinmai,北アルプス燕岳　80歳男性が滑落,https://news.yahoo.co.jp/articles/7104f36be05126506ef01de0cb33f6ec0d1b8fef,8/4(金) 13:04
shinmai,「もう、二度と来ることはないだろう」　41年ぶりのジャンダルムに挑む61歳会社員　10時間かけ縦走,https://news.yahoo.co.jp/articles/efba1ff474a464a6ec4883c786bd932cac92b532,8/4(金) 12:03
shinmai,どうする？バブル時にブームの避暑地テニスコート　「25面全て使えず…」所有者葛藤　車中泊場で好調のケースも,https://news.yahoo.co.jp/articles/a419a9d6eed7be0b6a6f7b7ff9d74a914a9ef215,8/4(金) 11:50
shinmai,普段入れない黒部ダムの内部は？　安全管理、興味深く見学　完成60周年特別企画,https://news.yahoo.co.jp/articles/ff8646a75f1af7ab3bb75a48477289860703140a,8/4(金) 6:10
shinmai,北アルプス白馬岳　男性が行動不能に,https://news.yahoo.co.jp/articles/c7640f709688d8af837bb546b7cfa15fdbaeb282,8/3(木) 19:37
shinmai,北アルプス槍ケ岳　男性が滑落してけが,https://news.yahoo.co.jp/articles/345320bfda49939bed1c469521e27a0a0b5d6ca1,8/3(木) 19:20
shinmai,雪景色に驚き…ハワイ出身18歳、北アルプスの山小屋スタッフで奮闘中「日本語も上達」,https://news.yahoo.co.jp/articles/1ba16e1c1ef5fba3f8ea6a2972f0e82b2b5357b8,8/3(木) 17:01
shinmai,パワフル80歳！　残すは3県のみ、47都道府県のマラソン大会完走へ,https://news.yahoo.co.jp/articles/580c8df6bf74c3c1754f1e886f59d11ae39963f4,8/3(木) 16:30
shinmai,【速報】労働者側46円、使用者側22円　長野県内最低賃金引き上げ案提示,https://news.yahoo.co.jp/articles/283b6a835516574aa12a9f2016a57cff422a1624,8/3(木) 12:22
shinmai,来月14日閉館の「佐久アムシネマ」　建物は利用継続,https://news.yahoo.co.jp/articles/6f0be961a74dd00691d575e0718adab44c2b8120,8/3(木) 11:51
shinmai,本社駐車場を無料貸し出し、地域のにぎわいづくりに一役　唐沢農機サービス,https://news.yahoo.co.jp/articles/04a99fc3fd99b77942e97548bdf06ca73eeedc93,8/3(木) 11:30
shinmai,「いいだ人形劇フェスタ2023」開幕　4年ぶり通常開催,https://news.yahoo.co.jp/articles/83f8c3281ebdac53dcf12f100874556e53868075,8/3(木) 11:05
shinmai,北アルプス槍ケ岳　兵庫県の男性が行動不能、救助（2日）,https://news.yahoo.co.jp/articles/28acf6faa38e01b3c1823a3b777be934753e065b,8/3(木) 8:00
shinmai,新海誠監督の作品も多数上映　長野・佐久地域唯一の映画館「佐久アムシネマ」が9月閉館　利用者「本当にショック」,https://news.yahoo.co.jp/articles/884630d94c164ec55456dff0b834d6c37ff0d22b,8/3(木) 6:10
shinmai,南アルプス仙丈ケ岳　東京の男性が行動不能（2日）,https://news.yahoo.co.jp/articles/89500215dc12a4751510ad129e17fc5c92c27a3a,8/3(木) 6:05
shinmai,"「スラムダンク・ロスが今から怖い」　映画「THE　FIRST　SLAM　DUNK」を54回見た""彩子さん""　8月31日の上映終了に「涙が出る」",https://news.yahoo.co.jp/articles/26f9bc467ba5bed9ebe42616ac83ae913281ba11,8/2(水) 17:32
shinmai,無形民俗文化財の踊り　継承難航、断絶の危機　最後の開催地区が今夏も断念　長野・泰阜村,https://news.yahoo.co.jp/articles/f12ae55ee6bc74e17dfb34887bc895cc0b73ad62,8/2(水) 17:20
shinmai,中央アルプス空木岳　東京の男性が左足首骨折の大けが,https://news.yahoo.co.jp/articles/4fa1dc5063f7073da2a96c63569d26d433bfaa99,8/2(水) 15:32
shinmai,村に1店だけの写真館で家族の姿を撮り続けて10年　1年に1度、プロの技で思い出を形に　夫婦で始め、今は3人,https://news.yahoo.co.jp/articles/9af80554afaeba916250e437b2d49e962d764058,8/2(水) 12:40
shinmai,土地や預貯金 相続人いないときの選択肢は？　ベストな選択は？,https://news.yahoo.co.jp/articles/21670f2d5572429969f82c42eca49ea72d3d1dc3,8/2(水) 11:51
shinmai,相沢病院の情報漏えい事件、31歳の元職員を逮捕　営業秘密の領得の疑い　松本市,https://news.yahoo.co.jp/articles/836c7e287312f6eb0d3e7f30baf07b21ee647b25,8/2(水) 11:18
shinmai,めっちゃかわいい！風に舞うリボン金魚が涼しさ運ぶ？,https://news.yahoo.co.jp/articles/e611186d86d3f4a879745fe14d92222f4cc298be,8/2(水) 6:10
shinmai,北アルプス爺ケ岳　埼玉県の73歳女性を救助,https://news.yahoo.co.jp/articles/1b139e2b06f33bc5ea65d6c7172098e550e8540b,8/1(火) 21:10
shinmai,ふるさと納税、全国1369市町村が「黒字」　「赤字」は372市区町村,https://news.yahoo.co.jp/articles/49f1eb08062a6ba905ffcfe4990a1e747e94d08a,8/1(火) 18:09
shinmai,事態ひっ迫…今は文房具ではなく「古着」を　空爆を避けて山奥に潜むミャンマー住民に「寒くなる前に」,https://news.yahoo.co.jp/articles/e5522928378439b02664ea81ea3e33899274fa52,8/1(火) 16:30
shinmai,想定以上…外国人宿泊が急回復　観光地信州は1カ月で10万7千人　中国は「戻ってきていない」,https://news.yahoo.co.jp/articles/7e552b6e2ca473269f0e7015f77b1f214a89f8aa,8/1(火) 11:32
shinmai,日本海から太平洋まで約400キロ、伝統の「日本縦断駅伝」復活へ　信州大農学部の中原寮,https://news.yahoo.co.jp/articles/23b404a571fdcb574b600b94706b79350e34a9c5,8/1(火) 11:20
shinmai,北アルプス白馬鑓ケ岳　千葉市の男性を救助,https://news.yahoo.co.jp/articles/989fb542729ba23b0f3203803a75cd75bf29fcd0,8/1(火) 6:30
shinmai,監督が怒ってはいけない大会　元バレーボール日本代表の益子直美さん立ち上げ　長野県内で初開催へ,https://news.yahoo.co.jp/articles/163a2ff50dfd0123c664733f49fca0b33ad74020,8/1(火) 6:10
shinmai,八ケ岳で東京の60歳男性が右足骨折,https://news.yahoo.co.jp/articles/d3346f08f046244ee58863e8ce9e77ad53392770,7/31(月) 23:52
shinmai,八ケ岳で東京の高校生が体調不良に　救助し病院に搬送（31日）,https://news.yahoo.co.jp/articles/329878b3742b6128dfe7316eb87f531b180553d3,7/31(月) 19:16
shinmai,北アルプス燕岳で滋賀県の77歳男性が転倒、頭部を負傷,https://news.yahoo.co.jp/articles/8374b215d01d2b55738d8b0ecaca59904c639dce,7/31(月) 18:47
shinmai,北アルプス、高山植物が花盛り【動画付き】,https://news.yahoo.co.jp/articles/9a7ce54364a2920594f8dea59bd1f527d733922a,7/31(月) 17:02
shinmai,なぜ防衛費を増やすの？ お金の負担は私たちもするの？ 「緊急的に必要」なため5年間で43兆円程度,https://news.yahoo.co.jp/articles/9dad7b68f8f66449602f90c0392bb36786294f3c,7/31(月) 16:00
shinmai,北アルプス西穂高岳　縦走中の男性が滑落し死亡,https://news.yahoo.co.jp/articles/df279ee36dcd5c8104a52ba7812ab28f0468dff6,7/31(月) 12:45
shinmai,ロッククライミング後に滑落し、東京都の78歳女性けが　「聖地」の長野県川上村,https://news.yahoo.co.jp/articles/d64d4e2691558ae4cc2569bce593f51b33c0f158,7/31(月) 12:40
shinmai,なぜ低調か…お年寄りらの「サポカー限定免許」取得者は全国でたった17人　普及に「メリット必要」と指摘する声も,https://news.yahoo.co.jp/articles/a3ea4d9aa51a590dbb113ca718cfa35f3208e1c7,7/31(月) 11:30
shinmai,中央アルプス木曽駒ケ岳　大阪府の男性、下山中に転倒しけが,https://news.yahoo.co.jp/articles/f784a19648638742b7fd2934fab1f122aa9e6bc1,7/31(月) 7:18
shinmai,PTA解散、時代に合う保護者活動へ 楽しみながら活動できる組織模索,https://news.yahoo.co.jp/articles/bdc319b90c557abca031f048660cf218f2e61c24,7/31(月) 6:10
shinmai,ウクライナ人女性、中央アルプス麦草岳で行動不能に,https://news.yahoo.co.jp/articles/f11563d0b5086b4310f0391cb0571b1abdd302e3,7/30(日) 23:27
shinmai,【速報】原村長選　牛山貴広氏初当選　オリンピアン首長、長野県3人目,https://news.yahoo.co.jp/articles/128caf5efbef4e40d58431d332f31a5e8573192a,7/30(日) 22:11
shinmai,北アルプス北穂高岳　千葉県の女性が転倒、けが,https://news.yahoo.co.jp/articles/70151a7e05f83bc16abc263f971edc5cacc4c0a3,7/30(日) 21:29
shinmai,驚き、心を動かしてもらいたい―企画展「映画監督山崎貴の世界」の狙い語る,https://news.yahoo.co.jp/articles/5ce7c50c37924eb90b333d8d947dc336e15da7d3,7/30(日) 15:00
shinmai,八ケ岳連峰権現岳　横浜市の男性が骨折,https://news.yahoo.co.jp/articles/11a24bc219bf1941fddedb820a3a10c6efccf872,7/30(日) 14:59
shinmai,北アルプス南岳付近、男性が行動不能に,https://news.yahoo.co.jp/articles/fc14250e8e3e2a28d69e176072fdab04d216c7b6,7/30(日) 11:43
shinmai,最低賃金、長野県内の引き上げ額目安は40円　労働者「900円台では足りない」　経営側は困惑も,https://news.yahoo.co.jp/articles/6995543ae64a2dcd865b0c18d47f5b6fb7c4ea2d,7/30(日) 11:32
shinmai,声優の天麻ゆうきさん、アニメ「Turkey!」をPR　千曲市でラッピング電車運行を祝う催し,https://news.yahoo.co.jp/articles/c2a7dd2225fba339c80900bc254f49999c01937c,7/30(日) 11:00
shinmai,北アルプス白馬乗鞍岳で男性が行動不能に,https://news.yahoo.co.jp/articles/acaeb3d375a6a3adb72843bdc3f3f79af9b3caa3,7/30(日) 6:40
shinmai,「難しい山になった」御嶽山　伝える責任を胸に　登山道「八丁ダルミ」9年ぶりに規制緩和,https://news.yahoo.co.jp/articles/448de4efb178adaf46fc2d6d4fedefdc94d97996,7/30(日) 6:10
shinmai,北アルプス白馬岳　体調不良の女性救助（29日）,https://news.yahoo.co.jp/articles/f5d83acb1cec5827ab9a6e1e383ff4237e7a4f03,7/29(土) 22:02
shinmai,根子岳の登山道　水戸市の公務員男性死亡（29日）,https://news.yahoo.co.jp/articles/e3fdee2255e9d0a1066ecab2b56a889a36e84caa,7/29(土) 21:50
shinmai,人が住む里地でイノシシ目撃増加　長野県、耕作放棄地が増えて生息地が拡大か,https://news.yahoo.co.jp/articles/361d1402788bb5d0db2242d3907c50880a596cfa,7/29(土) 17:03
shinmai,あす30日は「丑の日」 「うなぎのまち」は大忙し　長野県岡谷市,https://news.yahoo.co.jp/articles/6c40b26e305b50e02e82b7ab12e4dff659c408ad,7/29(土) 17:02
shinmai,御嶽山　相模原市の男性、岩場で転んで左足首けが,https://news.yahoo.co.jp/articles/0a2edf605c3f5bad4d3f9810c58c0e5d00555c7e,7/29(土) 12:53
shinmai,隠し味に「アスパラガスの粉」 スープや炊き込みご飯にいかが　捨てられる根元活用　伊那市の団体販売,https://news.yahoo.co.jp/articles/9a26a6dd6de76d9c80c09f4c720d223b789085e3,7/29(土) 12:03
shinmai,「八丁ダルミ」　きょう29日立ち入り規制緩和　御嶽山噴火で多数死傷者,https://news.yahoo.co.jp/articles/5cf718a2e3693afee02e7959cbc2824503534b19,7/29(土) 6:20
shinmai,ビッグモーター新店舗　長野県佐久市で建築工事,https://news.yahoo.co.jp/articles/652ad54c254009b4601649cb1c0209bfa26ab9dc,7/29(土) 6:10
shinmai,白馬大雪渓　堺市の女性負傷（28日）,https://news.yahoo.co.jp/articles/7be889c1721d511b6b3758455517dfd0191d42ad,7/28(金) 23:51
shinmai,下山中の神奈川県の79歳が滑落　北アルプス針ノ木岳（28日）,https://news.yahoo.co.jp/articles/87da7f7619a29aa4fd3925571e3f0a692da59fa0,7/28(金) 17:05
shinmai,なぜ私は南極に行くか　研究者を「これまで行っていない地点」に案内　安全なルート選びのスペシャリスト,https://news.yahoo.co.jp/articles/23efe7ac0e7ffb87f43706e6f63e761c4918bc95,7/28(金) 17:01
shinmai,青木容疑者、4回目の逮捕　長野県中野市の4人殺害事件,https://news.yahoo.co.jp/articles/79d3a3ff5ce8bf4b54c2fc3993487eeaa9fc80b2,7/28(金) 15:06
shinmai,学校登山で入山していた女子中学生が行動不能、救助　八ケ岳連峰根石岳（28日）,https://news.yahoo.co.jp/articles/66bb0871d8c5216edbe0359ed2eba55e7fdca0e2,7/28(金) 12:42
shinmai,犯行中の人影ないか…高級「シャインマスカット」、盗まれないよう農家ら必死　巡回は11班態勢,https://news.yahoo.co.jp/articles/8c0d30d88b58286ee6ae65af24291549cc851dfa,7/28(金) 11:41
shinmai,青崩峠トンネルのカレーが登場　穴があるちくわ　「酷道」だからルーにコク…ダムカレーをヒントに,https://news.yahoo.co.jp/articles/cae955f5816126a67760fa6723d887af869ec58e,7/28(金) 11:31
shinmai,七味缶で善光寺参り、より生き生きと　八幡屋礒五郎、新デザインに　地域限定商品で 【新旧の写真付き】,https://news.yahoo.co.jp/articles/90d64870a3e6263ad4bf163cc73cd41263730776,7/28(金) 6:10
shinmai,115系の夜行列車に揺られ、昭和にトリップ　窓越しに釜飯弁当、古新聞配布…新鮮な体験,https://news.yahoo.co.jp/articles/193b7a99db581061081f6eef1c70e6859364cc4e,7/27(木) 17:18
shinmai,部落差別から逃れたい―願い抱き満州へ　敗戦後帰れず集団自決　日系人ジャーナリスト「国策の犠牲」,https://news.yahoo.co.jp/articles/b3b6118153dbc40258694e3ca8aa99ea8da40407,7/27(木) 11:51
shinmai,「真田十勇士」のマンホールカード　真田氏発祥の地で無料配布,https://news.yahoo.co.jp/articles/149f5a3e8b4fcc0bf41749ca1420f68b16ba85f3,7/27(木) 11:41
shinmai,中央アルプス空木岳で愛知県の男性が遭難,https://news.yahoo.co.jp/articles/aebce0a1a4174c65e0a70cd5bd4ff52507653bf4,7/27(木) 6:51
shinmai,「信州産」ヘーゼルナッツを　イタリアに似た気候　長野の岡田さん、「学校」設立,https://news.yahoo.co.jp/articles/0cecf8ff5f95d47229132b6461a428cc1ef79cd6,7/27(木) 6:10
shinmai,山に魅せられた26歳元警官、遭対協の救助隊に　慣れ親しんだ八ケ岳で,https://news.yahoo.co.jp/articles/01035fe08838d827f42f210253e7e7a3b3e905bf,7/26(水) 16:30
shinmai,医療現場のLGBTQ対応　受診しやすい環境は　困難経験し病院行かなくなる人も,https://news.yahoo.co.jp/articles/12ded9ecf571e01943c24693b0f4bce6d32200a0,7/26(水) 12:04
shinmai,「スポカラ」知ってる？　創刊者が語る選手愛「好きは無敵」　長野県のスポーツ応援10年,https://news.yahoo.co.jp/articles/c93978421a4af7467fcb53a83bb77eeb23b439b4,7/26(水) 11:50
shinmai,北アルプスの大天井岳で男性が滑落して重傷（25日）,https://news.yahoo.co.jp/articles/433fc4b5d1984a609e72ebfc5144565225b87ad7,7/26(水) 6:18
shinmai,黒部源流域への冒険　北アルプス最深部へ続く登山道復活　「伊藤新道」整備終わる,https://news.yahoo.co.jp/articles/b8e9153f04ba5fa099879132412b1c53854282ed,7/26(水) 6:10
shinmai,林業のリモート化…ハードルだった“山中での通信”を克服へ　米スペースXのスターリンク衛星を活用,https://news.yahoo.co.jp/articles/4d3c5f66927c3c4ae80450c22ea404ffbcdfdc45,7/25(火) 20:01
shinmai,黒姫山で神奈川県の49歳男性が遭難,https://news.yahoo.co.jp/articles/7dbaa946cd2a9a900db3fe364ac0f8582408b807,7/25(火) 19:20
shinmai,北アルプス南岳　道に迷った神奈川県の女性遭難,https://news.yahoo.co.jp/articles/0d404ebcde7fb98a5613d353bf2b954207aef86f,7/25(火) 16:51
shinmai,スラムダンクの映画、「定期的に見ないとだめになる」　超ロングランを支える女性リピーターたちとスラダン愛を語り合う,https://news.yahoo.co.jp/articles/22434a4fde632abcc608d05630fb584a403a5c82,7/25(火) 12:01
shinmai,私たち“黒耀石大使”　ヨーロッパ歴訪に向け着々と準備　産地の学生たち「英語で伝えられるように」,https://news.yahoo.co.jp/articles/6c0ae5248642e5906fe56aff1751ec33521ea30d,7/25(火) 11:42
shinmai,1万円分の電子クーポンを子どもたちに　スポーツや自然活動…「体験型」の教室利用が対象　長野市,https://news.yahoo.co.jp/articles/d7bc9647974b30f72543433fc5628c5bf10906fd,7/25(火) 11:31
shinmai,【独自】マイナ保険証への一本化「延期・撤回を」　自治体3割,https://news.yahoo.co.jp/articles/c4b056fc107dcfa09e6d423d8a859d5b7866fb29,7/25(火) 6:20
shinmai,【独自】女性殺害容疑で4回目逮捕へ　中野市の4人殺害事件,https://news.yahoo.co.jp/articles/684ae4f2f573fb616f7201eb520c8e3a03131d57,7/25(火) 6:10
shinmai,北アルプス白馬大池　横浜市の男性負傷（24日）,https://news.yahoo.co.jp/articles/a9e33f5284eb7a71cfd4098731216e6d509f6ed8,7/24(月) 19:09
shinmai,登山ガイドの男性　体調不良で救助　北アルプス（24日）,https://news.yahoo.co.jp/articles/a491f8f888a4f19a8ee81e94809c23d0e23c3367,7/24(月) 17:44
shinmai,議会の議場が“コンサート会場”に変身　「役所は手続きで訪れるくらい」だが親子連れ満喫,https://news.yahoo.co.jp/articles/b14dda5791a05063a8c2316dd97379c9eececc3f,7/24(月) 17:03
shinmai,八ケ岳の硫黄岳で神奈川の男性が重傷（24日）,https://news.yahoo.co.jp/articles/96acfa50ac0b76a6e1417cdec12f0fe8b7826081,7/24(月) 16:37
shinmai,映画館に行けば学校は「出席」扱いに 「ここがなかったら…」取材深めた記者、葛藤するも選択肢広げる大切さ認識,https://news.yahoo.co.jp/articles/a6ccd750454d33a5f4cea8e290a8b3776de4c595,7/24(月) 11:41
shinmai,なぜ“記者数の制限”が継続？　首相と官房長官の記者会見…何が問題？ 多数は質問できず,https://news.yahoo.co.jp/articles/92defe87da7e770b4c76d6ac08aa7fa46b664ac6,7/24(月) 11:33
shinmai,「北斗の拳」の武論尊さんがエール　「何に泣き、怒るのか」　漫画塾5期生25人の卒塾式、長野・佐久市,https://news.yahoo.co.jp/articles/81daafc9bd90122c24349291c4ccbd15c1b85a11,7/24(月) 6:02
shinmai,北アルプス奥穂高岳、女性が滑落死　爺ケ岳では体調不良,https://news.yahoo.co.jp/articles/2de9889ce2f12c584aa374f1f192cfb8c359499c,7/23(日) 13:26
shinmai,「賞味期限が6年前に切れてた…」　注意！非常用に保存する食品や乾電池の“期限”切れ　意外と“短い”？インスタント麺,https://news.yahoo.co.jp/articles/e47f3a8fbd47ac9ca1adb61319ce712f5c9a062b,7/23(日) 11:40
shinmai,「予想をはるかに上回る売り上げ」　信州の旬の果実、こだわりのタルトに,https://news.yahoo.co.jp/articles/f1555a4d4c999cf127841a462cf292e66612cbaf,7/23(日) 11:00
shinmai,太陽光トラブル続出、許可が必要となる対象を拡大　再生エネ規制条例改正へ　辰野町,https://news.yahoo.co.jp/articles/82ee3fe013e3476dcd87c4050cff9c53456be4c9,7/23(日) 9:48
shinmai,バスの「入口」こちらです！　中央の扉に誰でも一目で分かる大きな表示　もう乗り口に迷わない？,https://news.yahoo.co.jp/articles/8a21568fa7e26fa54ca610e9b346efb1d60d6cff,7/23(日) 6:10
shinmai,苦闘、青崩峠トンネル貫通　押しつぶそうとする大地の力、吹き飛ぶ金属ボルト…　断層に挑み続けた4年間　長野・静岡県境,https://news.yahoo.co.jp/articles/20e9856a4839c770006911c9c82ca4b62faf9ecd,7/22(土) 18:40
shinmai,梅雨明けに輝く、北アルプス白馬岳の高山植物　お花畑沿いに稜線へ,https://news.yahoo.co.jp/articles/7824bf61a19f6441974b2abc659a557adee8193c,7/22(土) 13:23
shinmai,「風量弱」「こまめに電源オフ」は逆効果　冷房の節電、「あるある」な勘違い　ダイキン工業に聞いた,https://news.yahoo.co.jp/articles/f3806db2c87274d969c11782b5e4c3b8be445c7a,7/22(土) 12:45
shinmai,北アルプス五竜岳で新潟県の男性（53）が滑落　長野県警ヘリが救助,https://news.yahoo.co.jp/articles/c173cf73b5c2c31f65cb7e579511a6a825f11a44,7/22(土) 12:20
shinmai,小平奈緒さん、長野県「ゆめ・きぼう大使」に　挑戦すること、夢を持つことの大切さを伝える,https://news.yahoo.co.jp/articles/24eedf7f50549e096fa75cbac48133205ae37d2f,7/22(土) 10:09
shinmai,北アルプス上高地、癒やされる散策　観光客、着実に回復　新型コロナ前と同レベルに,https://news.yahoo.co.jp/articles/b9b9ccc4458b1ec9819066a47b8ac96e5d06d53b,7/22(土) 6:10
shinmai,高校球児の「脱・丸刈り」、長野県は先進県　スマホやネットの利用は自由、部員は10年で3割超減,https://news.yahoo.co.jp/articles/3982a7975fcb6ae21a776892f24af6c8f089f073,7/21(金) 17:10
shinmai,「ゆっくりお召し上がりください」の説明書きが妙　名作「モモ」の世界を味わえる料理とは,https://news.yahoo.co.jp/articles/615b81075e18d7def14d2a3c824b9af608e1e982,7/21(金) 11:41
shinmai,曲と曲の間をつなぐ「MC」のこつは…私たち授業でこんなことも学んでいます 「7限目のフルール」が特訓,https://news.yahoo.co.jp/articles/20f75cb982b3ca40ac69c11aa71f8a210f3ca9ca,7/21(金) 11:31
shinmai,北アルプス天狗ノ頭で神奈川県の男性遭難,https://news.yahoo.co.jp/articles/118c232131bfb7b495d47035dac01b7248b88298,7/21(金) 10:22
shinmai,「川では泳がないで」専門家が注意喚起　遊びは“ひざ下”まで　避けるべき場所は？,https://news.yahoo.co.jp/articles/3b806013bb77e8fc14da9c773b5cded022b23822,7/21(金) 7:20
shinmai,代理母のドサンコへ　木曽馬の受精卵移植に挑戦　長野・木曽の保存会,https://news.yahoo.co.jp/articles/5dc5abe590342e1577e71d2685715bfcb2a1799e,7/21(金) 6:10
shinmai,どうしよう、よく分からない…コロナで中止続いた盆踊りに“再開の壁”　復活か廃止か　地区役員の悩み,https://news.yahoo.co.jp/articles/3eeb8bb2b87474488576d556142e3c8d46ca178f,7/20(木) 12:40
shinmai,間引かれた廃棄リンゴ　活用法あれこれ考え…たどり着いた先は銭湯,https://news.yahoo.co.jp/articles/8a9669767756113dd1a4bed093051169aad75cff,7/20(木) 11:31
shinmai,爽やか北アルプスの青空、湧き立つ白き雲　白馬三山の梅雨の晴れ間,https://news.yahoo.co.jp/articles/ded69ab101cec9e5a5acb8902370981ba0cd7dcf,7/20(木) 8:00
shinmai,温泉の公共浴場、維持したいけれど…経営難で岐路に　ライフスタイルの変化や進む施設の老朽化　諏訪市,https://news.yahoo.co.jp/articles/9245ba2b772339009edeed113f09f27d16a88fb7,7/20(木) 6:20
shinmai,吉永小百合さんもCM撮影　信州・戸隠神社奥社の杉並木を守ろう　樹勢の衰えに懸念　保存活用計画を策定,https://news.yahoo.co.jp/articles/6428f84232bc191626f1d7c6d71acde39c834812,7/19(水) 17:30
shinmai,千曲市舞台のアニメ「Turkey！」、キャラクターをラッピング列車に　しなの鉄道で運行開始,https://news.yahoo.co.jp/articles/54bb26986196cbd517c9a9eddb632437a6d2378c,7/19(水) 11:50
shinmai,浅間山「天明の大噴火」から240年　今に残る史料をデジタル保存へ,https://news.yahoo.co.jp/articles/52015928293c86821dc3af4ba82096ed914902c1,7/19(水) 10:10
shinmai,トヨタ、スズキ、マツダ、スバルの会長や社長、一堂に「タテシナ会議」　「交通事故ゼロの第一歩に」,https://news.yahoo.co.jp/articles/5657a12c7136b41d2221e15939344d0433bdbe08,7/19(水) 6:00
shinmai,北アルプス白馬鑓温泉で男性滑落,https://news.yahoo.co.jp/articles/7d1eb3b4f48a8d763acfa214d908f6f639fd6088,7/18(火) 17:41
shinmai,全企業の男女差を“見える化”してみた　役員の女性割合、賃金差…長野県上場37社【一覧表付き】,https://news.yahoo.co.jp/articles/96245c13c86deb17df30caf4430caf774aa20726,7/18(火) 17:02
shinmai,現地で捕獲した鹿で…ゴルフ場で鹿肉のジビエ料理を提供へ　八ケ岳山麓,https://news.yahoo.co.jp/articles/b190eb5dc9c050cd09bfe225ccffadad65b0f477,7/18(火) 16:48
shinmai,じわり増えている「ソバーキュリアス」とは？ 静かなブーム…「あえて」を選ぶライフスタイル,https://news.yahoo.co.jp/articles/72b8b0a1ae6776eb627c3857d4a0480abde7aa52,7/18(火) 11:33
shinmai,「高速道路に人が倒れている」と通報　1人の死亡を確認　上信越道は一時通行止め,https://news.yahoo.co.jp/articles/c765df9a96180599d45ab43b8a1b2009cc4a7b76,7/18(火) 10:08
shinmai,信州の山城「霞城」、都内の高校生ら整備に汗　長野市で農家民泊中の3人、地元住民と一緒に,https://news.yahoo.co.jp/articles/0b48911ba6e3f66e3d20d7d6d1ee03c60ded5b6a,7/18(火) 6:10
shinmai,北アルプス、女性が転倒し負傷　八ケ岳では男性が行動不能に,https://news.yahoo.co.jp/articles/f99409ac0683c583c7c31dce7973c802d01080f4,7/17(月) 22:17
shinmai,【速報】6歳男児が川で溺れたと119通報　心肺停止か、長野市の裾花川,https://news.yahoo.co.jp/articles/ae754c44f96e32d2d781d556b15c51a2c9f7283a,7/17(月) 19:33
shinmai,北アルプス針ノ木岳　落石で男性がけが,https://news.yahoo.co.jp/articles/e3541ad9d6eb7e664bd783fa986740d0fcdab41f,7/17(月) 19:28
shinmai,沢登り中の69歳女性が滑落して心肺停止　北アルプスで滑落の女性は死亡を確認　長野,https://news.yahoo.co.jp/articles/57171cc5eada1588fd932c3098e5ae79bffffd2e,7/17(月) 12:17
shinmai,駄菓子店に、みんな集まれ　美容室営む女性が空き店舗に開設　広がる交流の輪,https://news.yahoo.co.jp/articles/97170c08e7fe8baf249d31b476d277599fe088cf,7/17(月) 9:38
shinmai,乗鞍三滝へ涼を求めて,https://news.yahoo.co.jp/articles/240868fe303ca80566f01b88b94f9c587557d506,7/17(月) 6:10
shinmai,北アルプス前穂高岳で遭難相次ぐ　乗鞍岳でも,https://news.yahoo.co.jp/articles/771ef840fbe40b88fb47e119f0f50534fc335715,7/16(日) 19:16
shinmai,北アルプス前穂高岳で滑落　計2人心肺停止,https://news.yahoo.co.jp/articles/0a1c38b5e2ac0c77737c771070bc915b05ae6305,7/16(日) 14:53
shinmai,北アルプス白馬岳、男性が転倒し骨折のもよう　16日の長野県内、3件目の遭難,https://news.yahoo.co.jp/articles/927deeec7087a16fa8d7905484ae44316f2636be,7/16(日) 12:17
shinmai,北アルプス前穂高岳、滑落事故2件相次ぐ　16日の長野県内,https://news.yahoo.co.jp/articles/374a123b1c50656df6367e547cbf28f7618cc7bc,7/16(日) 11:23
shinmai,北アルプス白馬岳大雪渓付近で転倒、恵那山の登山道では倒木でけが　15日の長野県内、山岳遭難2件,https://news.yahoo.co.jp/articles/55e29583cd6a3e045e84c67cabeb05a17502f965,7/16(日) 8:54
shinmai,100円で購入の物件、カフェに変身　元所有者「こんなに立派に」　長野県中野市でプレオープン,https://news.yahoo.co.jp/articles/5b79343aa8c72551ac64da423f05c3c491f86aef,7/16(日) 6:20
shinmai,「ヘルパンギーナ」拡大中　注意点は,https://news.yahoo.co.jp/articles/f89ff6105e6325ea74e161f9455c90b94a3a65dc,7/15(土) 10:30
shinmai,ファミコン40周年　20代の記者たちが初めてファミコンで遊んだ結果…「本体、軽っ！」「カセットがカラフルでかわいい」,https://news.yahoo.co.jp/articles/5a32e4b0b2231ce23e291a259f78de1445836874,7/15(土) 6:10
shinmai,公民館の冷暖房費、誰の負担？　利用団体「月3万円超の支払い」はきついとの声　市の有料化方針波紋,https://news.yahoo.co.jp/articles/e01f37b346c19bb1ed0943521ca31b1ddb9e0211,7/14(金) 11:32
shinmai,キラキラ輝く　オリジナルの星座　長野・木祖小6年、プログラミングしたLED点灯,https://news.yahoo.co.jp/articles/2adb48995e0ec33754b198df2f12bdaff2af7bb9,7/14(金) 11:01
shinmai,安いガソリン求めて「県外流出」…全国一高い長野県　悩む給油所「複雑な思い」,https://news.yahoo.co.jp/articles/8421c3142a0c3dab977ac673ccb66456523b75c4,7/14(金) 7:31
shinmai,平日の昼間から みんなでフィーバー　ディスコダンス講座、シニア狙い定着　佐久市,https://news.yahoo.co.jp/articles/abcb6fd36b1da51747c866984404b34891443f8d,7/13(木) 12:01
shinmai,他県民が驚く「長野県民のサラダ軍艦愛」　寿司おけいっぱいに注文　かっぱ寿司の販売数は1位,https://news.yahoo.co.jp/articles/df37c3f44349ed1877700ff3a2f5c66b4d4ed22e,7/13(木) 11:53
shinmai,アジサイの季節　湖畔や城跡で「祭り」,https://news.yahoo.co.jp/articles/95f86418958f1719d4b7b5743c715a66c1d98c8f,7/13(木) 11:50
shinmai,天体観測に新たな武器、晴れている空を探して撮影　大学院生装置開発　木曽町の東大施設で運用,https://news.yahoo.co.jp/articles/13abaf86dabb947f50fe4df2e6c9f044ed5a729d,7/13(木) 6:10
shinmai,水泳の授業、スイミングスクールを活用する時代？　コーチが指導、学校の負担も費用も減　長野県内小中で動き広がる,https://news.yahoo.co.jp/articles/469c9d6315ab9f46b119bac89aa5f054e6a5c628,7/12(水) 17:02
shinmai,よみがえる劇団四季70年の歩み　信州・大町の浅利慶太記念館、13日にリニューアルオープン,https://news.yahoo.co.jp/articles/a00053f9f034d3973c391ad3eb67c33f0a764dcd,7/12(水) 11:41
shinmai,アゲイン跡地に長野県内最大規模のマンション　291戸、地上15階建て　長野市,https://news.yahoo.co.jp/articles/922543215546e5d036e2ff728e3f396612fc7ced,7/12(水) 6:10
shinmai,町職員2年で3人死亡…「異常な勤務状況」と報告書　職員の大幅削減で長時間労働が常態化　長野県小布施町,https://news.yahoo.co.jp/articles/4bb089b3a7effedcb1f61df6f2810b1c1e78e715,7/11(火) 16:33
shinmai,性的少数者の暮らしどう変わる？ カップルであることを公的に証明…長野県「パートナーシップ届出制度」の受付始まる,https://news.yahoo.co.jp/articles/06f10614b43749a9db30f336ad09b6202af74bcf,7/11(火) 10:42
shinmai,家が停留所になるかも 表札にインテリアに「私だけのバス停」いかが　長電バスが標識の「丸板」予約販売,https://news.yahoo.co.jp/articles/98546b6548b6a41b4bc66ce5713e61f2b2988209,7/11(火) 6:20
shinmai,ながの祇園祭　屋台や獅子舞にぎやかに「どんどん前へ」,https://news.yahoo.co.jp/articles/08e48b1f7ae7305b31fc8851252fa7157c3fae77,7/10(月) 11:01
shinmai,「そば」から「外交問題」まで幅広く　「議員連盟」のお話です,https://news.yahoo.co.jp/articles/00b5ae80cb5b24ef6b667d07257333a6e38d8a52,7/10(月) 6:10
shinmai,信州・木曽のほお葉巻き、リニア工事で思わぬ苦境　葉に土ぼこり付着,https://news.yahoo.co.jp/articles/d378e7773cd0335448155e40654b9873793e5183,7/9(日) 17:50
shinmai,軽井沢町で夏だけ開く図書館の再生願う物語、元NHKアナが絵本自費出版,https://news.yahoo.co.jp/articles/ee44dfe92ed5f7b979b830d692b51a98dc3d812c,7/9(日) 12:10
shinmai,猿の追い払い専門　臨時職員採用へ　安曇野市、顕著な農業被害受け計画,https://news.yahoo.co.jp/articles/4891b856715e7cf8e283d3a4de5ec9e5cbc562ec,7/9(日) 6:10
shinmai,北アルプス槍ケ岳　韓国の男性けが,https://news.yahoo.co.jp/articles/47005d9dbf6a474b041d729015b45778d1f4294b,7/8(土) 18:58
shinmai,「御嶽山の復興につながれば」　山頂剣ケ峰の如来像、新たな姿に　噴火で頭部破損、有志が寄付集め,https://news.yahoo.co.jp/articles/fa0a7461d3121f4f42dcc1bb0cb245c71d4f7a4c,7/8(土) 17:01
shinmai,スッキリしない山頂トイレ事情　利用マナーに乱れ　使用済み便袋を放置、排せつ物まみれ…,https://news.yahoo.co.jp/articles/e826ddaa32c6a9cea80a94fbd8df5251fb677f02,7/8(土) 6:10
shinmai,体のラインが出にくい“男女同じデザイン”の水着、授業で導入進む　着心地は「泳ぎやすいし日焼けしない」,https://news.yahoo.co.jp/articles/7c75c6a7177b4bb491216216b4ba7fcfc9279100,7/7(金) 11:33
shinmai,暑いときは、やっぱりプールだね　夏に向け、保育園児が笑顔全開,https://news.yahoo.co.jp/articles/6e313dc5ec4bf61516a2181b87f87e63c85812d1,7/7(金) 10:30
shinmai,装備はランニングシューズや薄いポンチョ　外国人の遭難続く北アルプス　山小屋関係者「心配で仕方ない」,https://news.yahoo.co.jp/articles/7b177ad938b95f802879cbccd342dfabdb6c65af,7/7(金) 6:20
shinmai,「父親あっての御嶽海」　子ども思い、大道春男さんをしのぶ声,https://news.yahoo.co.jp/articles/565eeebc522ffd4afa8e489fbb4e59a5ddfc9380,7/7(金) 6:10
shinmai,白ブリーフ復権の鍵は「シーンごとに下着を選ぶ」ライフスタイル　おっさんになって再びはき始めた“同志”が提案,https://news.yahoo.co.jp/articles/0850e54e5d9918eb6a164e074d74eb983f6905af,7/6(木) 17:31
shinmai,長野・佐久大生、ヒツジお世話します　寄り添う心育み　アニマルセラピー学ぶ機会に,https://news.yahoo.co.jp/articles/2ec08a42f2dc10e6567264e8c01e2a683a41ed6d,7/6(木) 11:30
shinmai,“路上駐車の常態化”でトラブルも　大混雑の北アルプス登山口駐車場、利用状況のリアルタイム発信で解消なるか,https://news.yahoo.co.jp/articles/50997e7205b54303c4ccda3f3c7428eccf7503c5,7/6(木) 10:34
shinmai,「チャンピオン・サケ」に長野・湯川酒造店の純米吟醸酒、世界的品評会で最高賞,https://news.yahoo.co.jp/articles/0df61faf5d91025b3f987a53ac47fee8ce38184b,7/6(木) 6:20
shinmai,小学校はランドセルにする？　リュックサックもあるけれど…　どう選んだ？,https://news.yahoo.co.jp/articles/a2436f4ca042406bcb634bca6190450fc798e26f,7/5(水) 17:20
shinmai,「味が全然違う」　日本酒にスパイス？　酒蔵の元社長が考案　日本三大七味の八幡屋礒五郎が製造,https://news.yahoo.co.jp/articles/a7d2848d292db6f63715d71e404a1d50cd86f266,7/5(水) 6:03
shinmai,住民の女性刺殺疑いで7日にも再逮捕へ　中野市の銃撃事件,https://news.yahoo.co.jp/articles/91dc98702643035e42344fbbcbcb1540e03a5368,7/5(水) 6:01
shinmai,「どういう算定基準なのか」　水害リスク評価に違和感、長野県内の市町村から戸惑いの声　火災保険料の制度改定巡り,https://news.yahoo.co.jp/articles/295b1d3258629ba9eb1325f071812d695892e37d,7/4(火) 17:01
shinmai,知らずにスマホが110番通報、どうしたらいい…　「設定確認」と「気付いたら間違いと伝えて」,https://news.yahoo.co.jp/articles/70a7846300e5cf74ed85e1a0f87b47078aa509f7,7/4(火) 11:20
shinmai,「なぜ梅雨の時季に川をせき止める工事…」憤りの声も　災害復旧工事が原因で住宅浸水か,https://news.yahoo.co.jp/articles/decba388afbd41861fdbb56a643e78804b950a29,7/4(火) 6:10
shinmai,北アルプス間ノ岳、落石で女性がけが,https://news.yahoo.co.jp/articles/2c453128a951db1d0ee7eeda392815544efdaed0,7/3(月) 20:55
shinmai,セアカゴケグモ、長野市内で見つかる　特定外来生物、かまれると痛みや腫れ　県内6例目の確認,https://news.yahoo.co.jp/articles/66e1b37899773cef091d0d1051e475ba64e6a1e5,7/3(月) 20:46
shinmai,長野県内で遭難2件　苗場山で女性滑落、八ケ岳西岳で男性が行動不能,https://news.yahoo.co.jp/articles/890e994fae632528c6e9608963e7e3a4a5916787,7/3(月) 15:58
shinmai,標識の「◯◯ kawa River」「◯◯ bashi Bridge」は不自然では…なぜローマ字と英語つなげた標識が生まれたか,https://news.yahoo.co.jp/articles/671744f78ca3f6f305b18931786c88d7b7d1ab1f,7/3(月) 12:02
shinmai,【独自】シーボルトが信州・長和町の黒曜石をコレクションしていた！　入手経路は謎,https://news.yahoo.co.jp/articles/701cde2e0ac06a1de79c64a4345e604352e8e784,7/3(月) 6:30
shinmai,「泳げる諏訪湖　気持ち良い」　日本泳法でスイスイ　長野県水泳連盟の委員会が研修,https://news.yahoo.co.jp/articles/1256de5b96edf09b49f9ac088419beefcbadad0e,7/2(日) 19:22
shinmai,6番まである長い校歌、歌いきる　普段は2番まで　小学校の開校150周年記念で,https://news.yahoo.co.jp/articles/636567247098ed8a1faad286b033aacc4e7a0351,7/2(日) 12:20
shinmai,創業100周年のエスビー食品　日本の食文化支えてきた舞台裏　グループ最大規模の上田工場に行ってみた,https://news.yahoo.co.jp/articles/d9fda847e80fa6f9f9479fd472e29897abe51904,7/2(日) 6:10
shinmai,諏訪湖に「吸い込まれそう」　展望台の眺め向上,https://news.yahoo.co.jp/articles/bbd852d25ffb737b4785357e023d769a756571a5,7/1(土) 16:02
shinmai,日本酒の「GI信濃大町」って何？　全国初の2段階指定【長野】,https://news.yahoo.co.jp/articles/6c7b8ba98f8c18e4dd8859dc84da4e45d9efa3fe,7/1(土) 11:32
shinmai,「こんなに人気になるとは」職員驚き　グッズは1時半で売り切れ　JR長野駅キャラ「ながも」に県内外から熱視線,https://news.yahoo.co.jp/articles/0a7b20b601cb453cfa912b1f8a6f87839fb910f4,7/1(土) 8:40
shinmai,北斎の魅力　県宝や新発見の作品とともに　長野県立美術館で1日から,https://news.yahoo.co.jp/articles/769cfe57732291f9a2b68331cc37cb6db4ac8037,6/30(金) 20:54
shinmai,「国民の生命に関わる…」現行の保険証、使用継続求める意見書案を市議会可決　トラブル続出のマイナカード問題,https://news.yahoo.co.jp/articles/e08b14be05a2ab43d605ea61c53e1245578b3bd1,6/30(金) 11:42
shinmai,北アルプスで恐竜に会える？　「ゴジラみたいな木」、人気の撮影スポットに　蝶ケ岳への登山道,https://news.yahoo.co.jp/articles/581002b6d11622a944f527d9d90e2cd1d6851eee,6/30(金) 6:10
shinmai,水面彩るアサザ　黄色い花が優雅に、信州・白樺湖畔の人工湖,https://news.yahoo.co.jp/articles/be043b1aa454a2c404d2318cb2655a183980478d,6/29(木) 11:11
shinmai,憩いのスタバ20年　長野県内第1号、長野駅前店　誘致の署名5000人分も後押し,https://news.yahoo.co.jp/articles/5ac6f0aa93e37cab59617443282d086859ed22a6,6/29(木) 6:20
shinmai,【独自】俳優の石丸幹二さん、まつもと市民芸術館の「芸術監督団」に内定　串田さんの後任,https://news.yahoo.co.jp/articles/633a7efa8057cd36bea43bdb76efcb9cf922adb9,6/28(水) 15:01
shinmai,遺体は母親か　死体遺棄容疑で長野県大町市の60歳男を逮捕,https://news.yahoo.co.jp/articles/362b0abad8a95b34392be82aaf5d9fb079a4dece,6/28(水) 12:09
shinmai,安全で疲れない山の歩き方とは　”学校登山”を前に中学生学ぶ　7月には”予備登山”も,https://news.yahoo.co.jp/articles/fd0666e8a79cbcd77c4020298d1536c6b6012492,6/28(水) 12:03
shinmai,「動物・ペットコース」の新たな学び舎完成　夢や希望を抱いた生徒が集まるように,https://news.yahoo.co.jp/articles/51b797a500d136fdf6e379ae57c6c204ed3871d1,6/28(水) 11:51
shinmai,緊急避妊薬　薬局で試験販売へ　元養護教諭ら歓迎の声「性教育と両輪で」,https://news.yahoo.co.jp/articles/da9c344333f2335fc4db15dbc9923533cda54071,6/28(水) 6:00
shinmai,トヨタに新部署「タテシナグループ」発足　トヨタが建立した“ゆかりの寺”周辺のPR担う,https://news.yahoo.co.jp/articles/8bdb5c710ca69dea5f012049916379bfbb074080,6/27(火) 11:50
shinmai,食べる宝石に何が？　産地長野で広がるシャインマスカットの「未開花症」　原因なお未解明,https://news.yahoo.co.jp/articles/1f9f6b7d467a55e55f4707217f4d920f39b45821,6/27(火) 6:20
shinmai,食品ロス削減へ、「HELAS（ヘラス）」活用　小諸商議所と信濃毎日新聞社が7月に実証実験,https://news.yahoo.co.jp/articles/afb4a9bd339f3ff82fadcb4d7bffb37579d567be,6/26(月) 21:40
shinmai,松本サリン事件…あす27日で29年　地下鉄サリン事件で被害を受けた映画監督が現場に献花,https://news.yahoo.co.jp/articles/5369d2ab09fb9619066433b0449b9c716a62e8ac,6/26(月) 12:07
shinmai,人と何を話せばいいのか…うまく雑談できず会話も続かない　どうすれば,https://news.yahoo.co.jp/articles/02937b5fda490b8cf24b5be53776699a908b9ed9,6/26(月) 11:32
shinmai,全国からケロケロ～「カエラー」集結　松本で20周年迎えた「かえるまつり」にぎやかに,https://news.yahoo.co.jp/articles/f3baa16bd702f2c402aefd57c00d770c26b45f05,6/26(月) 6:20
shinmai,市営プールを水風呂に「最高！」　長野・上田で身も心も整うサウナ体験　「信州サウナ同盟」,https://news.yahoo.co.jp/articles/67bf18ff63b003ba1045c327fde09a5644ac70fa,6/25(日) 21:03
shinmai,「信州銀行」それとも「八十二長野銀行」…合併後の新名称は？高まる関心　総会で株主から提案も,https://news.yahoo.co.jp/articles/c546ad867209314c6445544c6ca32582496bb22f,6/25(日) 11:32
shinmai,槍ケ岳と「イルカ」の共演　北アルプス北燕岳からの眺め　足元に、かれんな高山植物,https://news.yahoo.co.jp/articles/2258f176232277147e28d8e5ad60b680897fca67,6/25(日) 11:20
shinmai,カーリング、世界の技を学んで育って　五輪メダリストがみっちり指導　軽井沢町でスクール,https://news.yahoo.co.jp/articles/a4715ea432b53cc004d803c5601ccd7133b28148,6/25(日) 6:10
shinmai,シェア農園で未来につなぐ「あんずの里」　地元企業が新事業　参加者募集,https://news.yahoo.co.jp/articles/d1c640839e84e7a6f27f9f4c85fe84229da41160,6/24(土) 12:07
shinmai,信州の梅雨を彩るピンクと緑　アジサイ、千曲市のお寺や公園で見頃に,https://news.yahoo.co.jp/articles/aaba263cd2b9184bea667f00e061cbe32d308cdf,6/24(土) 8:01
shinmai,「断片的にしか覚えていない」　中野市4人殺害事件の容疑者、供述が変遷　一部否認に,https://news.yahoo.co.jp/articles/14612f5241282b0b8871392192aa665ca807094c,6/24(土) 6:10
shinmai,待ってたよ！ 「ながも」ぬいぐるみ発売決定　JR長野駅キャラ　8月から駅構内で販売,https://news.yahoo.co.jp/articles/3b5c84ab6247903345497b4260fbf217faeb3abe,6/23(金) 17:31
shinmai,観戦イベント開けるか…サッカー女子W杯のテレビ中継決まらず、やきもき,https://news.yahoo.co.jp/articles/2d700d817a17b5fd443366c1896b59925cb09b74,6/23(金) 11:36
shinmai,八ケ岳連峰の遭難件数、最多更新　登山者増加や体力過信が要因か　2022年52件,https://news.yahoo.co.jp/articles/ef2892ae4b681fbc1d482b86353d8b0db3fef326,6/23(金) 6:10
shinmai,どうすれば知育菓子を大人数で早く作れる？　理系ユーチューバー「ラムダ技術部」と検証,https://news.yahoo.co.jp/articles/3a0186b9f8ddcfc914cbf897da23c65fde27c4aa,6/22(木) 11:32
shinmai,「万引きみたいで気が引ける…」 悩む、焦る!　コンビニのレジでマイバッグに商品を入れるタイミング　大手3社に聞く,https://news.yahoo.co.jp/articles/7c1613895f4e295647c82af06448e39a0ca13337,6/22(木) 8:40
shinmai,北アルプス常念山脈の稜線、高山植物が彩る初夏　登山者の癒やしに,https://news.yahoo.co.jp/articles/7351f62712c2b5614f2bd6d757b6e280a8444804,6/22(木) 7:31
shinmai,オリンピックでネイルが心を支えてくれたから　スノボ元五輪選手・今井胡桃さん　セカンドキャリアはサロン経営,https://news.yahoo.co.jp/articles/92fb68bd15a790321479636a3f2cbbbbef22a8a1,6/22(木) 6:10
shinmai,私たち、アイドルになります　長野・佐久長聖高校から6人グループ誕生　3年間限定で活動,https://news.yahoo.co.jp/articles/ad1dbe43e8c469ebb61cb9ba89aaf6c152b8863c,6/21(水) 11:11
shinmai,地域一丸で野良猫対策、増やさぬため、住民が捕獲→行政が避妊去勢手術費用負担　下條村,https://news.yahoo.co.jp/articles/11580c01b70cb1e58461f065b12d63ac3a6e0b78,6/21(水) 6:02
shinmai,軽トラのキャンピングカー、駒ケ根市の業者がレンタル開始　1泊2日で11000円,https://news.yahoo.co.jp/articles/b61d2c23148fcf808ad92f55976249e8ca6d15d0,6/20(火) 11:47
shinmai,「オランウータンの森」好評　長野・茶臼山動物園、入園者数が過去最多に,https://news.yahoo.co.jp/articles/0921da50e2f2986d869b4e43fef5e864b623835a,6/20(火) 11:10
shinmai,新型コロナウイルス、体内から追い出せず後遺症？　感染後に潜伏するヘルペスと類似　大阪大教授が指摘,https://news.yahoo.co.jp/articles/cc43738e141c13ca0a3a7160f970625d47463786,6/20(火) 6:10
shinmai,東京発のウイスキー蒸留所が完成　飲めて学べる施設に　長野県小諸市,https://news.yahoo.co.jp/articles/8a558ca43192893f67be100ac347a1453e875d08,6/19(月) 11:31
shinmai,選手もサポーターも、心は娘の看病に専念するAC長野・砂森とともに,https://news.yahoo.co.jp/articles/87299869e3d246e9eb448d41af12b75b7ff049c0,6/19(月) 6:01
shinmai,北アルプス針ノ木岳で男性が滑落しけが,https://news.yahoo.co.jp/articles/1b78509eb89d608ecb5dca5ae6f73fbd8e3d2349,6/18(日) 14:02
shinmai,ポーカー賭博の疑い、暴力団組員や客の計8人を逮捕　長野市内の雑居ビルで賭博場,https://news.yahoo.co.jp/articles/e35fd8a76cab7a5362fac85f6e352397f9a26983,6/18(日) 10:01
shinmai,【独自】朝日新聞カメラマン書類送検へ　容疑者宅敷地侵入の疑い　長野・中野市4人殺害事件,https://news.yahoo.co.jp/articles/4eb8fb31fc96d1f183f6df63f4edf3db9b2f29cb,6/18(日) 8:01
shinmai,南アルプス北沢峠、夏山の安全願う長衛祭,https://news.yahoo.co.jp/articles/a59d570081512b3bac5e00ebb237e4382c9fc858,6/18(日) 6:01
shinmai,永原（長野・佐久長聖高）が日本高校新記録　男子3000㍍障害,https://news.yahoo.co.jp/articles/4131df698a02164b582c399f6af236fb00155ceb,6/17(土) 16:34
shinmai,レンチン3分「NAGANO SOBA」　海外の販路開拓へ、長野県内16社で共同開発,https://news.yahoo.co.jp/articles/84d5324a64a1b4cc61d4fef69372c7c446b9f2b6,6/17(土) 12:10
shinmai,梅雨の晴れ間、北アルプスの絶景広がる　常念岳山頂からの眺望,https://news.yahoo.co.jp/articles/902b47b555678a99abbaed32117d8b8d132fc331,6/17(土) 10:46
shinmai,売り切れ続出「1本2000円」のクラフトコーラ、街も潤す　37歳まちづくり会社社長の挑戦,https://news.yahoo.co.jp/articles/3bea59ada00d62a088311880a547b139c43344de,6/17(土) 8:02
shinmai,七夕の季節を告げる織り姫とひこ星　松本の伝統、和紙の「七夕人形」,https://news.yahoo.co.jp/articles/81d1b5723047aa5a614308af962f091d309c6de1,6/17(土) 7:04
shinmai,住宅地内の残土置き場、業者が撤退　騒音や振動で住民から苦情　台風19号被災地の長野市豊野,https://news.yahoo.co.jp/articles/43eb4c0fd6a36533ffb084d28971ca8d8c6b374b,6/17(土) 6:10
shinmai,青木容疑者を再逮捕　別の警官殺害容疑　中野市の4人殺害事件,https://news.yahoo.co.jp/articles/440757c31bca67c58efea2a7302ecb7f2ed4fd8e,6/16(金) 15:13
shinmai,「ヒマラヤの青いケシ」岐路に　長野県大鹿村で激減　温暖化の影響か,https://news.yahoo.co.jp/articles/e53041e66a33c5654c9d1744472b350b6ee4e0ba,6/16(金) 11:31
shinmai,【独自】「やっとこ動いている」シルバー人材　市議会会派がやる気そぐ表現　豪雪地・長野県飯山市の除雪巡り,https://news.yahoo.co.jp/articles/26a7caaa2523982cddfcfa39cfe979549fde5741,6/16(金) 6:20
shinmai,信州安曇野のハナショウブ、3万株が色鮮やかに【動画付き】,https://news.yahoo.co.jp/articles/d183422e45f679253b79738216caf86b01d89490,6/15(木) 21:51
shinmai,新たな“がん治療”の実用化に奮闘…突き付けられた「大量生産」「利益」の壁,https://news.yahoo.co.jp/articles/aa6e7a93bab7837767757e196058033f2fee06fc,6/15(木) 11:36
shinmai,しなの鉄道、運行再開　田中―戸倉間　始発から平常通り,https://news.yahoo.co.jp/articles/95c0f96cd132db1b67996ecfc84a1c5b41e4699b,6/15(木) 11:13
shinmai,年齢を考えて断ろうとしたけれど… 75歳元校長が14年ぶりに先生復帰　自然の面白さ伝える　中川村,https://news.yahoo.co.jp/articles/461693b986304043494f40e64f625921ca191917,6/15(木) 6:20
shinmai,PTA加入に「意思確認」、活動の簡素化も　持続可能な運営探る松本地域の学校,https://news.yahoo.co.jp/articles/8b8e7f2404b9f0a4f1179f402b09fbacd75dc9a7,6/14(水) 11:32
shinmai,軽井沢駅の東側にホテルや日帰り温浴施設　三菱地所が遊休地開発へ【独自】,https://news.yahoo.co.jp/articles/68c1a5dcc20619d53b3cf328a9ef3a51196e9617,6/14(水) 10:50
shinmai,梅雨のドレスまとい　飯田市「りんご並木」のアジサイ,https://news.yahoo.co.jp/articles/20394cada3e79b9457da51c7e9f481a0b9a33cfd,6/14(水) 7:14
shinmai,SUWAブランドを全国へ、新たに積み木とランプ認定　長野県諏訪,https://news.yahoo.co.jp/articles/7a97832ef393a15f6b672a4bcd80fbfeaebdc8e8,6/14(水) 6:20
shinmai,壊されるけれど　石段から落とすみこしを作るたった一人の大工　4年ぶりの祭りに熱を込めて,https://news.yahoo.co.jp/articles/ff2d86862a63400bb9178401b9fe3516245e34f6,6/13(火) 17:00
shinmai,おばあちゃんムササビ療養中　また元気な姿を見せて,https://news.yahoo.co.jp/articles/c69f290d6548394f527b956eb6722065b9519f1b,6/13(火) 11:51
shinmai,鹿革のオレンジ　実はアンズの木で染めてます　地元特産品に,https://news.yahoo.co.jp/articles/c91292f39cfa754d26f830f9e9176c05c31a7451,6/13(火) 10:57
shinmai,芝生の上に巨大ロボット掃除機？　合宿のメッカ菅平高原で自動芝刈り機稼働　幅1・3メートル,https://news.yahoo.co.jp/articles/054ba1234ce71723e4f48a5db779f0d223f752bb,6/13(火) 6:10
shinmai,「もったいない」…廃線のバス停留所が変身　高齢者クラブが手を入れ“憩いの場”に　長野県上田市,https://news.yahoo.co.jp/articles/d7af0674425fb4ebc17983285f7447b451a31166,6/12(月) 11:31
shinmai,脱線のしなの鉄道、田中―戸倉間は終日運休,https://news.yahoo.co.jp/articles/bfea40b158236b8522060767ba35a9a380f3d72f,6/12(月) 11:14
shinmai,上高地のアイドル、響くさえずり　コマドリ、明神周辺の登山道に姿見せる,https://news.yahoo.co.jp/articles/0f883775b9c1386d3f82be7d05016b6a270c636f,6/12(月) 9:01
shinmai,「後継者は用水路」　アフガンに散った中村哲さんの志を語る、長野県で「信州岩波講座／まつもと」,https://news.yahoo.co.jp/articles/9cdc1139e33bcd22d6ed6603328eae74997d3fa3,6/12(月) 6:20
shinmai,僕たちが“白ブリーフ”をはかなくなった理由　生産量はピークの4分の1,https://news.yahoo.co.jp/articles/cc316132968e876e7e6933743f218e59112b0c7c,6/11(日) 8:30
shinmai,活火山の浅間山　「活用」の道は,https://news.yahoo.co.jp/articles/5e10f55778024104bc1b22351b7be099edfb8602,6/11(日) 6:10
shinmai,八ケ岳連峰天狗岳で男性が行動不能,https://news.yahoo.co.jp/articles/e3adafb09c8540ec7730afbc7f766bb87886d5a4,6/10(土) 21:09
shinmai,自然保護の呼びかけ、短い文が効果的　植物保全への寄付想定額、短文で伝えた方が高い傾向,https://news.yahoo.co.jp/articles/6c2d12aeef8160e487e36c24a07a3b2637d41166,6/10(土) 8:01
shinmai,標高7708メートル、未踏の北壁に挑む　「子どもに挑戦する姿を」　信州出身の登山家、パキスタンへ,https://news.yahoo.co.jp/articles/2512b5f6b54627c1e088c4f120d174fb946f5dd2,6/10(土) 6:10
shinmai,北アルプス西岳、装備不備で3人が行動不能に,https://news.yahoo.co.jp/articles/c1e391203a044d786b310f4078ce18a51879c5ed,6/9(金) 17:42
shinmai,年配の男女が次々と…「ここ採っちゃ駄目な場所」　職人の生活の糧、タケノコ採らないで,https://news.yahoo.co.jp/articles/062945d478176d663a0940bf531dcc429b70e05e,6/9(金) 11:32
shinmai,沖縄・辺野古で座り込み　米軍基地問題考える長野県の住民,https://news.yahoo.co.jp/articles/9b3bdbdda821595eabbc70898aa6b88fcb0705db,6/9(金) 6:20
shinmai,結婚式減少で…チャペルが神社に変身　“ピンピンコロリ”にちなんだ注目スポットに,https://news.yahoo.co.jp/articles/e2f40e9c65154c5f15d29ecfc0727ec7a87d164f,6/8(木) 20:01
shinmai,【速報】運行管理者が即日控訴　軽井沢スキーバス事故判決,https://news.yahoo.co.jp/articles/ce32aac85852e42923b2f1299ba6c7207b03b4dd,6/8(木) 17:10
shinmai,15人が死亡した軽井沢のスキーバス転落事故とは,https://news.yahoo.co.jp/articles/4436149382db63ad71f6adb86a1d728fd05f0be9,6/8(木) 14:35
shinmai,運行会社社長に禁錮3年、管理者に禁錮4年の実刑　15人死亡、軽井沢のスキーバス転落事故,https://news.yahoo.co.jp/articles/832212fb4530db375cfbdbe6d5a9d4a359b736b0,6/8(木) 14:07
shinmai,長野県内が梅雨入り　あすにかけ南部を中心に大雨の恐れ,https://news.yahoo.co.jp/articles/0d0918231fc95f731c34e7bdf7c54727b7595cb6,6/8(木) 12:55
shinmai,“根っこ”の方を食べます　市場に出回らない珍しい「根ニラ」を特産に　長野県諏訪市,https://news.yahoo.co.jp/articles/41bf68f921975bb070c1261de9ebba08c73f407d,6/8(木) 11:32
shinmai,白馬村ほぼ全域で禁止　野立て太陽光発電施設,https://news.yahoo.co.jp/articles/e7c4ce5e16462c8a27cafd1b0e29c6cd88c459fb,6/8(木) 6:20
shinmai,命運ぶバス　責任どこに　軽井沢スキーバス事故　きょう8日判決,https://news.yahoo.co.jp/articles/7463b80d760af7d8f8502fb8d6be3e02966f661a,6/8(木) 6:10
shinmai,合唱曲「COSMOS」題材の映画　絵コンテなど展示　長野県富士見町,https://news.yahoo.co.jp/articles/bf0517d690c729eddf833666f28585e773e4e3aa,6/8(木) 6:04
shinmai,ネマガリダケ採りの男性不明　長野県高山村,https://news.yahoo.co.jp/articles/da3121b85a2f8cf50b6009038bd778efaa3d5efd,6/7(水) 23:57
shinmai,日本酒で「詐欺に注意を」　ラベルお披露目、長野県警上田署など,https://news.yahoo.co.jp/articles/e96c46364932ad2d51bf16d4b51780134dab7b43,6/7(水) 11:02
shinmai,10年以上自転車店がなかった町で開業へ　機械設計者の男性「相棒のように乗って」、修理にも対応　富士見町,https://news.yahoo.co.jp/articles/3fa36bf4133280c53739495d6c60d587411ba2ab,6/7(水) 6:10
shinmai,「待ってました！」季節の味覚＜淡竹＞最盛期　今年は豊作　長野・信州新町,https://news.yahoo.co.jp/articles/cb3eec75884b1574a74a9abcaeb6fdddbae0043e,6/6(火) 19:31
shinmai,「参入条件は分かるけれど…」B1信州ブレイブウォリアーズ　千曲市でのホーム試合ゼロに,https://news.yahoo.co.jp/articles/9a7772c19c23f7d25d348b3ff2bd9e54b8b0c8fb,6/6(火) 11:54
shinmai,食品ロスを減らそう　支援アプリ「HELAS」配信、信濃毎日新聞社,https://news.yahoo.co.jp/articles/7ca846cebf53014efc33642cea9fbfe4441698c2,6/6(火) 11:00
shinmai,信州・千曲川の風物詩「つけば漁」ピンチ　大雨の影響,https://news.yahoo.co.jp/articles/47c3a361150518b2c8a08c6a717104cabf57997d,6/6(火) 6:30
shinmai,走って撮って、僕ら「撮りバス」　大好きな車体を追いかけるZ世代のリアル,https://news.yahoo.co.jp/articles/90315d3ee373738d024c9411c0f62ba3f6f835b3,6/5(月) 20:01
shinmai,広がる“おうちのサブスク”　全国74カ所の家に住んだ利用者の楽しみ方は,https://news.yahoo.co.jp/articles/e7180dc931839cca0badbb65453e211ada86a194,6/5(月) 11:41
shinmai,夏山が呼んでいる　新緑と絶景と澄んだ空気と　北アルプスや八ケ岳で山開き,https://news.yahoo.co.jp/articles/034a12f70c10c944ef1c660726cfdf4c03f368af,6/5(月) 6:10
shinmai,酒蔵困った、日本酒を造りたいのに造れない　22年の長野県産酒米、過去10年で最少に,https://news.yahoo.co.jp/articles/ce13fe18338b6c9c55cb39bdfa628d60906bf454,6/4(日) 18:00
shinmai,生石灰が雨水に反応？　長野県富士見町でビニールハウス焼く,https://news.yahoo.co.jp/articles/e37c0c2efe165fdaa1ece18cf1e80341b8c29f64,6/4(日) 10:50
shinmai,生成AIで教育現場の働き方改革なるか,https://news.yahoo.co.jp/articles/4b10036853f3a0de4ec9a6d8401e64054ccac389,6/3(土) 10:11
shinmai,Jリーグ「秋春制」見過ごせぬ信州,https://news.yahoo.co.jp/articles/3eb92ae5b0d760e62072dd524959e9fc4c4d51cb,6/3(土) 6:31
shinmai,長野・小布施で敷鉄板盗んだ疑い、須坂の男逮捕,https://news.yahoo.co.jp/articles/94524ed670a9c32edc87017d35c77883365e1723,6/2(金) 22:40
shinmai,ホテルで預け→観光→帰るときに受け渡し　手ぶらで楽しむ上高地　雨でも、荷物が多くてもOK,https://news.yahoo.co.jp/articles/59588c04580b89cf98eea9e749300d78aef17aa0,6/2(金) 11:50
shinmai,肥満児童増加　調理パン購入額全国2位、コロナ禍は関係ある？ない？　田舎の子どもでも,https://news.yahoo.co.jp/articles/e4a969fe98cab626ddae6eeab7ae031dfd7a8814,6/2(金) 11:40
shinmai,森林鉄道のモーターカー、「乗車切符」は上松町へのふるさと納税　その寄付額は？,https://news.yahoo.co.jp/articles/d5588ec5745ac1198f8a3415702985e80efae82c,6/2(金) 9:00
shinmai,山小屋、ゆったり過ごせるスペース　感染対策から快適さ確保へ　中央・南アルプス、宿泊人数絞った運営継続,https://news.yahoo.co.jp/articles/7025a57189d0c31826f81bbe90122e7866489a7f,6/2(金) 6:10
shinmai,八十二銀、長野銀を完全子会社化　貸出金・預金の長野県内シェア6割超の地銀グループに,https://news.yahoo.co.jp/articles/e1d3bdd57fcc125a43a619cccbfd417becb35895,6/1(木) 16:23
shinmai,北アルプス爺ケ岳、男性が滑落,https://news.yahoo.co.jp/articles/a70fd15248f94b97f409d37a1909ff362fae9cb9,6/1(木) 12:30
shinmai,今どきの「学生マンション」に記者が潜入　まるでカフェかホテル…「高めでも快適」が新たな潮流に,https://news.yahoo.co.jp/articles/a5d5b9d66de099070754030ae9354f443ea3b0cf,6/1(木) 11:33
shinmai,6月1日「牛乳の日」　消費拡大願う,https://news.yahoo.co.jp/articles/bebfc9a43242c947f3c9d587526728e59465cceb,6/1(木) 11:05
shinmai,犯罪被害者支援条例案　中野市が提出へ　4人殺害事件受け,https://news.yahoo.co.jp/articles/def449f248be761cffc6b056ddac290083d410df,6/1(木) 9:02
shinmai,路地裏のカレー店、開業50年、常連客の縁で引き継いだ3代目奮闘　長野市,https://news.yahoo.co.jp/articles/b1eaaf8c5425d42a841f6198380d058c9e9f58dd,6/1(木) 6:20
shinmai,怪獣「スワッコロン」誕生、フィギュア発売へ　怪獣は…敵か味方か,https://news.yahoo.co.jp/articles/56949ade3ad2aba837666b4d1fabf2395b791d7e,5/31(水) 11:31
shinmai,青崩峠トンネルが貫通　三遠南信道・飯田市―浜松市,https://news.yahoo.co.jp/articles/602aed15c70a7a53c7ff7692874f405c48cba22a,5/31(水) 6:20
shinmai,襲撃「前から考えていた」と容疑者供述　女性2人を待ち伏せる　中野市の立てこもり事件,https://news.yahoo.co.jp/articles/a91573c5b839edeb3d094131bdb34bf88a12b8d1,5/31(水) 6:10
shinmai,名人戦の舞台　「藤井荘」ってどんなところ,https://news.yahoo.co.jp/articles/c7a6bba0a21b5f069a78a1946a677b99e6a85859,5/30(火) 16:00
shinmai,中野市4人殺害事件　なぜ容疑者は銃を所持していたのか　許可に問題は,https://news.yahoo.co.jp/articles/f58f38444a9717ca1bf0b5c8e587b68833bdf3af,5/30(火) 6:20
shinmai,致命傷は「刺し傷」　死亡の警部補　立てこもりの中野市4人殺害事件,https://news.yahoo.co.jp/articles/46449822346584b84969f73cb3d3a17e39497cf0,5/29(月) 17:16
shinmai,八十二銀と長野銀、経営統合の認可を発表,https://news.yahoo.co.jp/articles/e8d520a8ac57961ce55298bf832985aba43113fa,5/29(月) 16:15
shinmai,死因は4人とも失血死　立てこもりの中野市4人殺害事件,https://news.yahoo.co.jp/articles/8002538dff3cff03c51a38c6d338db564714835f,5/29(月) 14:10
shinmai,大型の獣に使う「スラッグ弾」で銃撃か　中野市4人殺害事件,https://news.yahoo.co.jp/articles/6d7573c4fa89482774e14113642c9d360df95ff5,5/29(月) 11:41
shinmai,「お客さんもさっそく…」安藤サクラさんが映画内で働くクリーニング店 「怪物」カンヌ受賞でロケ地感激,https://news.yahoo.co.jp/articles/bff267fae8b36afcb97d9699f9854f48442875fe,5/29(月) 11:30
shinmai,700円が最高1万円で・・・WBCで話題集めた「勝守」転売相次ぐ　授与品の転売に寺社葛藤,https://news.yahoo.co.jp/articles/411d3f57f98c7a8af61679413f9e456b9be54b01,5/29(月) 8:04
shinmai,中野市4人殺害事件　両親が語る容疑者の半生　高校で消えた笑顔、大学時代に「盗聴されている」…,https://news.yahoo.co.jp/articles/eb340179838b30e5ffffcf5f79c87653648b1b40,5/29(月) 6:20
shinmai,J3長野県勢　長野パルセイロ、松本山雅ともに痛恨黒星,https://news.yahoo.co.jp/articles/617a0487b0992c2b589d56ae456929220ce3d310,5/29(月) 6:10
shinmai,ワインのお供にいかが「蜂の子×ミックスナッツ」、長野県のイベントで発売,https://news.yahoo.co.jp/articles/daf99fa94a5b4ea8f1114569b408d09bc9bf81d6,5/28(日) 18:00
shinmai,浅間山のふもとで豪華にキャンプデビューしよう　軽井沢から群馬・嬬恋への道路沿いに新施設,https://news.yahoo.co.jp/articles/684aeb0eee69fbfb49f81c8a341980000d86de5e,5/28(日) 11:48
shinmai,投降まで何があったのか　容疑者の母、本紙取材に語る　中野市の立てこもり事件,https://news.yahoo.co.jp/articles/6e988114dfc543651956ce2be0b57f9bfd3f6d82,5/28(日) 6:20
shinmai,八ケ岳連峰の東天狗岳、女性が転落し負傷,https://news.yahoo.co.jp/articles/e226e2b9eb2aeb0dbf25ed36c4b8e1aea9b2e97f,5/27(土) 18:12
shinmai,「いとしのハニー」温泉街を元気に　上田市別所温泉にバウムクーヘン専門店,https://news.yahoo.co.jp/articles/d23c8d58747cfe62f1d8f53f01fbc24e695d7e13,5/27(土) 17:02
shinmai,中野市立てこもり、男を送検　警官1人殺害容疑　銃撃されたパトカー付近現場検証,https://news.yahoo.co.jp/articles/d1bb5eaf9bcc84af9fbc5ffff3fac16d5c89b560,5/27(土) 13:59
shinmai,飼い犬巡りトラブルも　長野県中野市の立てこもり容疑者　「良く思われていないと思った」供述,https://news.yahoo.co.jp/articles/68b7078231ae42634148ea245bf1b80289711cb9,5/27(土) 10:30
shinmai,投降まで緊張の12時間　長野県警、細心の注意払い重ねた説得　中野市の4人死亡立てこもり,https://news.yahoo.co.jp/articles/88620d3451319ffbc0bf921284f3c4a4db5fcd91,5/27(土) 6:10
shinmai,【速報】ヤマウラで不適切支出　総額10億円か,https://news.yahoo.co.jp/articles/07bec6b9d7a61924cd63cf0fdf9dfb933a3f9d73,5/26(金) 20:32
shinmai,【速報】立てこもり事件の容疑者の父親　議員辞職,https://news.yahoo.co.jp/articles/6fe18986573c0d3bba5b46c2a1aaecf9305f4ebe,5/26(金) 16:42
shinmai,立てこもり事件　長野県警が記者会見始まる,https://news.yahoo.co.jp/articles/51915054bb0408004003c8e4b32c08680f6d4349,5/26(金) 12:18
shinmai,殺人容疑で男逮捕　中野市の立てこもり事件【動画付き】,https://news.yahoo.co.jp/articles/6d534064d23169098f17946599630df64fcfb2cd,5/26(金) 8:36
shinmai,中野市の立てこもり事件、逮捕状を請求,https://news.yahoo.co.jp/articles/95b3036c8a8ccf84143fd80b29cb7c5627186095,5/26(金) 7:14
shinmai,長野県茅野市の長円寺で「ナンジャモンジャ」見頃　白くかれんな花　あふれんばかりに,https://news.yahoo.co.jp/articles/12f7649c95d68df76a500d7e5e7656173a9f4aaf,5/26(金) 6:20
shinmai,立てこもり　男の身柄を確保,https://news.yahoo.co.jp/articles/fa4a3424492cdb7868f7aea9a93eb03f2f74b06a,5/26(金) 5:05
shinmai,【続報】中野市で散弾銃発砲　警察官ら計3人が死亡　女性1人と立てこもりか　現場で発砲音も,https://news.yahoo.co.jp/articles/7949c5e55cfe8b7106108a4ead00a46686d107bd,5/25(木) 20:10
shinmai,【続報】警察官2人も意識不明か　女性1人死亡　長野県中野市の立てこもり事件,https://news.yahoo.co.jp/articles/2828c6be6aa0d19398aa11cc63dc1d9ab8105599,5/25(木) 19:21
shinmai,【続報】長野県中野市の立てこもり事件で女性1人死亡,https://news.yahoo.co.jp/articles/c5620387c73be9d478488bb91d64ce9df0fc71e8,5/25(木) 19:15
shinmai,【続報】散弾銃発砲―と防災行政無線、中野の立てこもり、警察官ら4人がけがとの情報,https://news.yahoo.co.jp/articles/c4bd3278bd48bc87e0a39b730988c1337033aad3,5/25(木) 17:29
shinmai,【速報】長野県中野市で立てこもり　猟銃所持か,https://news.yahoo.co.jp/articles/daf7fb158fed74bede8d99a1e56f26b55b454f8a,5/25(木) 17:12
shinmai,看板を山頂の「好きな場所」に掲げ　登頂記念撮影に,https://news.yahoo.co.jp/articles/65424ea95636bf0c357541a3e3ae81eaaaa0854d,5/25(木) 16:50
shinmai,「お茶の間に自分たちの曲を」　バンド「GΟΟD BYE APRIL」メジャーデビュー　ボーカルは佐久市出身の倉品さん,https://news.yahoo.co.jp/articles/bbbac422cf3f61d34f6350ed737ef9cd13308740,5/25(木) 11:31
shinmai,小学校に男侵入　児童に液体かける　長野市（25日）,https://news.yahoo.co.jp/articles/bae756ef6bf725de459acf8cd959b29d965c8d89,5/25(木) 11:20
shinmai,「虹の丘」の小学校名案を撤回　「地域性が感じられない」との異論に押され　飯山市教委,https://news.yahoo.co.jp/articles/5a48ccd15f5dfab25f9f52210e90f7970804cf52,5/25(木) 6:10
shinmai,太陽光施設の未申請着工に毅然とした措置　辰野町、住民説明会で強調,https://news.yahoo.co.jp/articles/d9e97180dfeb5298d879cc8588b4af1c9c56d5f4,5/24(水) 20:00
shinmai,ダムにたまる“大量の流木”どう活用する　“年500分”の処分に知恵絞る,https://news.yahoo.co.jp/articles/10502c816e4ed6b4b4ba0a65e4dd664491ade893,5/24(水) 11:41
shinmai,毎日残業する職場の20代女性、日中は居眠り　どう注意すれば,https://news.yahoo.co.jp/articles/f92c4b0086fd31499daa9a8af2d4659ddf3c1602,5/24(水) 11:32
shinmai,過去にわいせつで処分　経歴偽った講師を懲戒免職　長野県教委,https://news.yahoo.co.jp/articles/2a7f885d7fa57dcc4a3fb87e2600758bd0896adc,5/24(水) 6:01
shinmai,生乳需給ギャップいつまで　緊急支援策は「低能力牛」1頭当たり15万円　命に向き合う現場から見つめる,https://news.yahoo.co.jp/articles/d99a8d823f93257dbfc5d16bbbca03b4d7ff62dd,5/23(火) 11:49
shinmai,「つばめ低空飛行中につき」ゆっくり走ってね　木曽町の旧中山道に看板,https://news.yahoo.co.jp/articles/b12dc02ba6d0924faba051c1261655b36140c7e8,5/23(火) 11:33
shinmai,今なら2倍楽しめる？　岡本太郎さんも絶賛の「万治の石仏」　田植え前の水田に映る存在感　下諏訪町,https://news.yahoo.co.jp/articles/74c48338098f7d8b9f849373527db62bdbf0af1b,5/23(火) 9:28
shinmai,育てた稲わら　国技館の土俵に、長野県駒ケ根市の東伊那小6年,https://news.yahoo.co.jp/articles/0e2e7ca849aa5399e0a410e67ad7196e2abfce66,5/23(火) 6:32
shinmai,GSにあるのは「誰でも弾けるピアノ」　頻繁に音色響かせる人物に迫る,https://news.yahoo.co.jp/articles/7b6e6c2ae589910002d6203a9f4a511bc2df7ba8,5/22(月) 11:30
shinmai,“大谷翔平のかぶと”と甲冑は同じメーカー　今どきの鉄砲隊が沸かせる　国宝の松本城,https://news.yahoo.co.jp/articles/c519c74a3b15342aa1e3566bd09e81179669ee8a,5/22(月) 10:12
shinmai,目立つ増収、増える減益　長野県内上場29社の決算出そろう,https://news.yahoo.co.jp/articles/d01e926e6cd214c2c71e931526c4072ca814af50,5/22(月) 9:24
shinmai,初夏の浅間山麓、自転車で爽やかに　制限時間内にゴール目指す,https://news.yahoo.co.jp/articles/081c8723daea41c2aa51f8cef35cbd297c244a61,5/22(月) 6:20
shinmai,廃タイヤなど燃える火災、長野市豊野町,https://news.yahoo.co.jp/articles/15469a1f80385424fc0ecfaa77fbd225fbd6551a,5/21(日) 12:44
shinmai,ヤンキー全盛期、ボンタンを年間2万本売った衣服店の現在　新たな主力は“ボンタンジャージ”,https://news.yahoo.co.jp/articles/4b57585d77a03aa4a819b37518ac7b4f5522191a,5/21(日) 8:50
shinmai,「避難民支援拡充を」ゼレンスキー氏来日で長野県内関係者が期待,https://news.yahoo.co.jp/articles/a6e0c4582688b7ebe2c0a6c1aae0ae0516663759,5/21(日) 6:10
shinmai,塩尻産ワイン、ブース巡り楽しむ　ワイナリーフェスタ,https://news.yahoo.co.jp/articles/1b2b579c595c105f678b9ad5549c79b4360ffafe,5/20(土) 23:30
shinmai,IT企業からブドウ農家へ転身　東京から移住の32歳男性、飯綱町で奮闘　ワイナリー新設目指す,https://news.yahoo.co.jp/articles/a87215dfbe6b5503a0d5854ec3404d329fe4334c,5/20(土) 11:50
shinmai,登山愛好家が集った「霧ケ峰・山の會」　「山談議」またいつか,https://news.yahoo.co.jp/articles/d035b8f496c697da0d83d45ecb8b5e7af557436b,5/20(土) 11:20
shinmai,どうなる？夏祭り　長野県「伊那まつり」うちわ作らず,https://news.yahoo.co.jp/articles/4e38107a0c39533f02ea44533ee500fe746d4b00,5/20(土) 6:31
shinmai,7000人の村でも「チャットGPT」導入へ,https://news.yahoo.co.jp/articles/0c738ba5ff022c61c278bc1889b916a78adeee3d,5/19(金) 11:32
shinmai,「サバ缶」が不漁で品薄も…田舎のソウルフードどうなる　気をもむ声,https://news.yahoo.co.jp/articles/4ec3471ae3db8196d663361fc46d44e1a4986ac3,5/19(金) 11:32
shinmai,スープのだしがら、ペットのごはんにどうぞ　飯田市のラーメン店、煮干しを再利用　無料配布始める,https://news.yahoo.co.jp/articles/3a530ebb5869bcac20d6bbc030417b26651b4e1d,5/19(金) 7:01
shinmai,子育て支援の利用世帯、10年間で6倍に　家庭を訪ね、育児や家事を手助け　長野市、対応を強化,https://news.yahoo.co.jp/articles/1adfba83726d242615ff5e9c16d56db6201e4d55,5/19(金) 6:10
shinmai,ドローンで「東京ドーム38個分」の黒い焼け跡を確認　霧ケ峰一帯の山林火災【空撮動画】,https://news.yahoo.co.jp/articles/a35dee20a286aeba45e3ed5d41824262c80e1f93,5/18(木) 18:02
shinmai,絵にしたいほど大切－飼い主の思いを残すペット肖像画家,https://news.yahoo.co.jp/articles/e5ca0027f9ca181c7feb0fd0afcd456be0cec5d9,5/18(木) 11:48
shinmai,在留特別許可を嘆願、長野県内の高校3年が入管に　明確回答なし,https://news.yahoo.co.jp/articles/1e522827af54283ee681dfedfb4546fc07900371,5/18(木) 6:20
shinmai,大手企業を退社し、子育てとタニラーを両立　インスタグラムで人気の多肉植物寄せ植え作家,https://news.yahoo.co.jp/articles/a6ed9f54558b9651a81578a72418a837acf67ada,5/17(水) 18:03
shinmai,下水汚泥でコメは育つのか、農家の救世主となるのか　価格高騰受け高校生が県と実証実験,https://news.yahoo.co.jp/articles/96fe6a54d174e7a721260204f27522829edb2168,5/17(水) 17:02
shinmai,「もぐもぐタイム」向けどら焼き　カロリーは焼き印でチェック,https://news.yahoo.co.jp/articles/666aff0d9e2e1a9f6f28a5d9bfee568ba0239b40,5/17(水) 11:30
shinmai,見渡す限り赤、赤、赤　5万株のポピーが織りなす赤のじゅうたん,https://news.yahoo.co.jp/articles/4deffe7b936198285da70806d551fb885ebd2525,5/17(水) 10:07
shinmai,ささやかな楽しみ「石ガチャガチャ」　何が出るかな　書店が販売し話題に,https://news.yahoo.co.jp/articles/a46176a9c5f7680f93de4d84fe604f6743418224,5/17(水) 6:01
shinmai,「北斗の拳」武論尊さん、ウクライナ支援「考えたい」　元志願兵と信州で面会,https://news.yahoo.co.jp/articles/07848544c408ea07db1e281f99c14bbf6266d75c,5/16(火) 12:47
shinmai,「高校サッカーの結果を知りたい」にWEB速報で応える　保護者ら協力者570人の情報を集約　ブログ管理人は元サッカー少年の「琥太郎」さん,https://news.yahoo.co.jp/articles/37135d95411fca1e5afea44be93e62eb7e9c952f,5/16(火) 11:20
shinmai,なんと卵の殻から　「次世代バイオマス食器」を開発　長野県小諸市拠点のヤマト化工,https://news.yahoo.co.jp/articles/dc7fa1ce2a036d8bb3ed0f4116af6d1b7c6f311d,5/16(火) 6:10
shinmai,ツルからの電話は詐欺　児童のポスターTwitterで18万いいね　「天才」賞賛相次ぐ,https://news.yahoo.co.jp/articles/187007f39c367ac6a67751b419843252bc617afc,5/15(月) 11:40
shinmai,「子どものいない女性は未熟」の言葉に傷ついた経験も…産まない生き方選ぶ“ノンママ”の会で悩み共有,https://news.yahoo.co.jp/articles/3d57fece0d5136d8ecded41fa1aa0cb5556966a3,5/15(月) 11:31
shinmai,さだまさしさん、鎌田実さんらが別れを惜しむ　原田泰治さん「偲ぶ会」に700人,https://news.yahoo.co.jp/articles/0e398f1cef3d212c314104c729abcd59d73a3df1,5/15(月) 6:10
shinmai,マイクラ、発達障害の集団作業療法に活用　ゲーム通じ意思疎通の練習　信州大が臨床研究,https://news.yahoo.co.jp/articles/565978e80f9389dcf3c653b6bdb0e79d3f37eacc,5/14(日) 17:00
shinmai,「エグい」って褒め言葉なの？　10～20代の9割が「良い意味でも使う」と回答　「ヤバい」以来の衝撃,https://news.yahoo.co.jp/articles/768a16736002edf13d6e1da4092dfcf8bbb4cec3,5/14(日) 8:30
shinmai,雨のスタジアム　声からし応援　「信州ダービー第2幕」,https://news.yahoo.co.jp/articles/be67e342080c34a975c72ab86c706fefb0ea2d6e,5/14(日) 6:10
shinmai,教え子から届いた、懐かしの木造校舎のイラスト　閉校した小学校の元教員が涙,https://news.yahoo.co.jp/articles/da7d481a1ea127ac9eda448a42d5788002329251,5/13(土) 12:45
shinmai,上高地に春告げる小さき花々　ニリンソウ、例年より早く見頃に　登山道沿いの癒やしに,https://news.yahoo.co.jp/articles/9c1d1064677018f95ba178248e6c9a5f328cf24c,5/13(土) 8:01
shinmai,「ヨーグレット」「ハイレモン」受託製造の明治産業、「アトリオン製菓」へ　丸紅の完全子会社として社名一新,https://news.yahoo.co.jp/articles/11daa844e4d7d9f448169867c0a8f590ff384f5c,5/13(土) 6:10
shinmai,骨の形、カリカリ食感…犬用のパン人気　「猫用のパンも欲しい」の声も　長野市,https://news.yahoo.co.jp/articles/200451d2a7cb725585065607f84f6072ff6c9984,5/12(金) 12:02
shinmai,「早くて3カ月待ち」頭痛外来に予想超える受診　片頭痛の治療「劇的に変わった」　信州大病院,https://news.yahoo.co.jp/articles/e7eaa42ba1e18c60652a4d4851291b70638a6f99,5/12(金) 11:58
shinmai,【独自】長野市長沼の千曲川堤防、表面に崩れ複数　大雨影響か,https://news.yahoo.co.jp/articles/cc8796b81d0997a3198ab7a3886cb815309d7269,5/12(金) 6:20
shinmai,もはやパワハラでは…子どもの習い事、指導者の保護者への態度に困惑,https://news.yahoo.co.jp/articles/d17a68daf666dd0d08c0506ab99347184b9940b4,5/11(木) 17:01
shinmai,友人からは「無謀」と…“深夜0時”まで開いている古着店　そのワケを店主に聞くと,https://news.yahoo.co.jp/articles/59d6e221e3bb8c37021165945a452ec82d1a342d,5/11(木) 12:11
shinmai,「勝てて良かった」とLINEで恩師に返事　世界柔道優勝の出口クリスタ,https://news.yahoo.co.jp/articles/1df41c43760f937207ab78be4b928c48cace7cb3,5/11(木) 11:31
shinmai,旧統一教会問題残したまま議長　長野県議会,https://news.yahoo.co.jp/articles/aca05f836ac13f87d17b1512813896c5d6a30aa5,5/11(木) 6:10
shinmai,独特？国語辞典を読み比べ　一風変わった読書会,https://news.yahoo.co.jp/articles/02c47680821912a527d2c918a245ad6fe916afa3,5/10(水) 20:02
shinmai,長野県議会次期議長に佐々木氏　旧統一教会との接点指摘,https://news.yahoo.co.jp/articles/9b5e2e14561352be32ee1fbb109b95a70f2e05a6,5/10(水) 14:56
shinmai,冬季休業中の北ア山小屋、登山者が無断で「11日間滞在」、ごみ散乱しストーブ使った跡も,https://news.yahoo.co.jp/articles/49495a6429aff5dfe39684e98a57f7154ff2f24a,5/10(水) 11:03
shinmai,難病のおいを承諾殺人、85歳に猶予刑　裁判官「被害者への愛情に疑うべきところはない」,https://news.yahoo.co.jp/articles/eb167b1dfcd99691a0d930eccf2b8b52a8f9519d,5/10(水) 6:00
shinmai,サンクゼール、冷凍食品やアジアの食品販売　9月にも新たな挑戦、長野市に新店舗,https://news.yahoo.co.jp/articles/464d62538005ccd3cc8c99e9a90f824817b3bb31,5/9(火) 18:03
shinmai,『外飲み』増える？　コロナ5類移行で「お酒業界」期待,https://news.yahoo.co.jp/articles/c1dba58a65dc7014072e780c8c6762532f0f74d0,5/9(火) 11:33
shinmai,93歳と282日の挑戦　「世界最高齢スピードスケーター」長野県茅野市の丸茂さん、またも記録更新,https://news.yahoo.co.jp/articles/75f24b92351b0497866ce8f84594281f46c91c12,5/9(火) 6:10
shinmai,戦隊テックレンジャー参上　演者は高校生の「コンピュータ制御部員」　長野県飯田市,https://news.yahoo.co.jp/articles/40aafb30454c2c5385e77c601ef375ef7d472f86,5/8(月) 11:31
shinmai,長野パルセイロが松本山雅を破り優勝　信州ダービー第1幕はPK戦　サッカー長野県選手権,https://news.yahoo.co.jp/articles/6380423f0739c4fd072ec8f821d815a6ac0e0da4,5/8(月) 6:10
shinmai,信州ダービーは長野パルセイロが勝利　PK戦で松本山雅を破り天皇杯へ サッカー長野県選手権,https://news.yahoo.co.jp/articles/426304ccf0a9d0ccb32cbd459208e00333a9f486,5/7(日) 16:48
shinmai,熊に遭遇のリスク、山菜採り中は通常より高く　鈴・ラジオ携行、やぶには入らない 〈専門家に聞く〉,https://news.yahoo.co.jp/articles/131fe7b160ea3c885222ebe762cb4f73129d293b,5/7(日) 11:41
shinmai,ゆったり4倍　清酒「真澄」の宮坂醸造　試飲スペース拡張　長野県諏訪市,https://news.yahoo.co.jp/articles/0adcab1654e96cd4beaa0dcd1f89554751096f38,5/7(日) 11:32
shinmai,信州ダービー弁当　「頂上決戦」イメージ　喫茶山雅が販売,https://news.yahoo.co.jp/articles/4258b1d33ee4e5a800f615e76b2e79c4944d5593,5/7(日) 6:10
shinmai,軽井沢の森で熊に襲われる　81歳男性が顔面にけが,https://news.yahoo.co.jp/articles/84b48d9141bb2445a3ee077fd7fda4e93455425f,5/6(土) 11:38
shinmai,清乃海、出世へ勝負　長野市出身の26歳　春場所で躍進、幕下復帰,https://news.yahoo.co.jp/articles/0fe48fd6fa9bc6d4ba66f4f265e6734e6e9e336e,5/6(土) 11:31
shinmai,真っ黒な焼け跡広がる　ドローン空撮で確認　鎮火の霧ケ峰山火事,https://news.yahoo.co.jp/articles/e13059af2ecbe9a586b89a5f5501c6b22f0e1fa7,5/6(土) 6:10
shinmai,北アルプス槍ケ岳、装備不備で2人が行動不能に,https://news.yahoo.co.jp/articles/46eb2cffafefe90e243d73fce4fe538d75f22133,5/5(金) 18:33
shinmai,「来季も欧州クラブを希望」　AC長野U15出身の田中　技術アップを誓う,https://news.yahoo.co.jp/articles/ce9364d0b0d511f172d93ee8346d994f46c06879,5/5(金) 17:30
shinmai,八ケ岳連峰の赤岳、女性が転倒し行動不能に,https://news.yahoo.co.jp/articles/1b6ba39db14a92c513b2cdd58d572207da9c6dbb,5/5(金) 16:44
shinmai,北アルプス前穂高岳　男性が滑落し重傷（5日）,https://news.yahoo.co.jp/articles/b8820ae92b0059ebfce06ce619ebab07a38c8421,5/5(金) 12:02
shinmai,北アルプス前穂高岳　男性が滑落し重傷（5日）,https://news.yahoo.co.jp/articles/74544335b75ef301259dbf7e19aaeda7d3d93445,5/5(金) 12:02
shinmai,「欧州産ワインに引けを取らない」　信州産PR、G7で手応え,https://news.yahoo.co.jp/articles/d4946c891f125e3fb6b745e707e73133d5b3d553,5/5(金) 11:32
shinmai,北アルプス奥穂高岳　男性が滑落し死亡（5日）,https://news.yahoo.co.jp/articles/c2a453bf34ea2d3394a350d2182491f418fec2d6,5/5(金) 10:47
shinmai,霧ケ峰高原の大規模火災は鎮圧（5日）,https://news.yahoo.co.jp/articles/7709573bb1dfb776237354bfbd13fd1d8c870fc6,5/5(金) 7:46
shinmai,陸自に災害派遣要請　霧ケ峰高原の大規模火災,https://news.yahoo.co.jp/articles/7cc1484a49b8befcce3c9d6c500ad67d9fe24d46,5/5(金) 6:51
shinmai,善光寺へ牛を引く大役、感謝を胸に引退　10年以上、行列を先導 千曲市の81歳男性,https://news.yahoo.co.jp/articles/03c8c99ef04afba98c64df1c55788293477989f2,5/5(金) 6:10
shinmai,北アルプス北穂高岳、落石で男性負傷,https://news.yahoo.co.jp/articles/e67d2f953bf58f36da2744f29a6f2753830e79d9,5/4(木) 19:25
shinmai,【続報】ビーナスライン、全面通行止め　別荘地に避難指示　霧ケ峰高原の大規模火災〈動画複数〉,https://news.yahoo.co.jp/articles/5891ef5fa0bc547b9ad8498478627264ae64bb7a,5/4(木) 18:53
shinmai,出口クリスタ、出口ケリー姉妹に道開けるか　7日開幕の世界柔道,https://news.yahoo.co.jp/articles/57c3787954149e4faf7835cad3b21c79ca8e5692,5/4(木) 17:30
shinmai,高妻山で男性が滑落し負傷,https://news.yahoo.co.jp/articles/481c068329699aea94372152e5e8f18d5b436111,5/4(木) 16:10
shinmai,【速報】霧ヶ峰高原で火災　下草に燃え広がる〈動画あり〉,https://news.yahoo.co.jp/articles/48d025d658a5e2636ca1d45152fb51cbf0c8bee3,5/4(木) 15:08
shinmai,北アルプス布引山で26歳女性頭を打つけが,https://news.yahoo.co.jp/articles/79f6ea1e1726c8887073f54494df46bff13b9b5f,5/4(木) 12:30
shinmai,上信越道上り線佐久―碓氷軽井沢間の通行止め解除,https://news.yahoo.co.jp/articles/442046ae6e80fcb6765f99aa46b9885b33751865,5/4(木) 11:36
shinmai,ナメコのおいしい食べ方の研究に本腰→洗い過ぎない、冷蔵保存　地場産ナメコで長野県,https://news.yahoo.co.jp/articles/9d1267fe3929fc8134b52329e5cb5b2b57486e97,5/4(木) 10:40
shinmai,上信越道上り線佐久―碓氷軽井沢IC間が通行止め,https://news.yahoo.co.jp/articles/e63ccaaf5facf8e1a9714d091e2bc2df13e5970f,5/4(木) 6:26
shinmai,「いいぞ」大鹿歌舞伎　戻ったかけ声　観客と舞台の一体感,https://news.yahoo.co.jp/articles/5edc4bf0d945dd2d514d39015dea329cff252eab,5/4(木) 6:10
shinmai,南アルプス仙丈ケ岳　男性2人を救助（3日）,https://news.yahoo.co.jp/articles/b31d0c0716cd8e7cc846949482b568810705bf89,5/3(水) 21:38
shinmai,北アルプス焼岳で滑落　女性重傷（3日）,https://news.yahoo.co.jp/articles/e150874572478c6c8be12ffa65097fce3270ca4c,5/3(水) 21:07
shinmai,犯罪被害者の心身の負担を軽減へ　長野県佐久市と長野県弁護士会が協定,https://news.yahoo.co.jp/articles/10b203e74503987416b843ed8bb4375350460fe4,5/3(水) 18:03
shinmai,7割だった高齢化率が「2割」に―“信州の山あい”の集落が若返るワケ,https://news.yahoo.co.jp/articles/b7bbe5c1e11df20670352c745775c80a9537d715,5/3(水) 11:31
shinmai,「子どもの遊び場確保は検討中」と長野市　廃止の青木島遊園地巡る質問状に回答,https://news.yahoo.co.jp/articles/5c54833364003a61ef36727cb08cab108a2ae08d,5/3(水) 6:20
shinmai,SNSに「テロ起こします」の書き込み　軽井沢G7外相会合で業務妨害、東御市の会社員を書類送検,https://news.yahoo.co.jp/articles/1a43d0e299788b55f0811d042a6838a992d4d53b,5/2(火) 18:49
shinmai,北アルプス前穂高岳で滑落　2人心肺停止　別パーティーで巻き込まれた可能性,https://news.yahoo.co.jp/articles/6b877e9c456cb32827fbebae0e14bebb0d6d7b6f,5/2(火) 14:58
shinmai,北アルプス槍ケ岳、アイゼン外れ男性が行動不能に,https://news.yahoo.co.jp/articles/06138330677af91159f0201bf6961956d749df71,5/2(火) 12:11
shinmai,「ぼたん寺」の大輪ボタンが見頃　長野県松本市,https://news.yahoo.co.jp/articles/49c008612fcef83d216b7e109152d8d3de31633e,5/2(火) 11:31
shinmai,「島田娘」 中央アルプスに今年も,https://news.yahoo.co.jp/articles/a3fe93c1f28e8cb9b52f5341720851c62c1c3682,5/2(火) 6:01
shinmai,「アルプス一万尺」の舞台は北アルプス　「子ヤギ」ではなく「小槍」は実在の山　なんと29番まで歌詞が存在,https://news.yahoo.co.jp/articles/67d1cfd22f95cfcbe044d9dfcbd1d834e5572820,5/1(月) 18:00
shinmai,「無一文」で流れ着いた信州…42歳男性が“仕事がない若者“向けのシェアハウスを始めるワケ,https://news.yahoo.co.jp/articles/181bfb4f40c11e8e2273bfc444e9f572318ac342,5/1(月) 11:31
shinmai,皆神山地下壕の証言を聞く　長野市松代町で東大生が聞き取り　朝鮮人労働者の飯場「バラックが30棟」,https://news.yahoo.co.jp/articles/efcf2f47be15c3de9b86c57444afef018c291f5c,5/1(月) 6:10
shinmai,頭がい骨、資材置き場で見つかる　長野県筑北村,https://news.yahoo.co.jp/articles/c27680fbea4d3cc761b99aec2060c863a304ad5f,4/30(日) 21:30
shinmai,JR塩尻駅構内でカモシカと列車が衝突　列車7本に遅れ　長野県,https://news.yahoo.co.jp/articles/0e9e34e04c1669c2886f9ab88b0b23ce2765b58b,4/30(日) 15:22
shinmai,北アルプス蝶ケ岳で遭難、男性が心肺停止の重体,https://news.yahoo.co.jp/articles/b91574eb7847e63a19c4d0671091bc681f8a841c,4/30(日) 14:27
shinmai,戦時下の歴史継承へ、展示ガイド始まる　飯田市平和祈念館　案内人の元教諭ら「聞いた体験、伝えたい」,https://news.yahoo.co.jp/articles/cac58dee4fb9f2d85623fe4e93d3f83db43ba7e0,4/30(日) 13:57
shinmai,妻殺害容疑で逮捕、起訴の丸山被告、長野県議の任期満了　逮捕後も月81万3千円の報酬と期末手当197万円余を受け取る,https://news.yahoo.co.jp/articles/b8e2baecce7a693ba9c4f68cb6e09a9822699c07,4/30(日) 6:10
shinmai,「苦しい10年だった」　リニア計画に翻弄された工場移転　地域背負う矜恃は失わず,https://news.yahoo.co.jp/articles/433db40f72396ced02bfb1b36989147ab87c8896,4/29(土) 18:27
shinmai,感染落ち着いても面会制限「緩和せず」3割　高齢者施設に実態調査,https://news.yahoo.co.jp/articles/17174ead5c00e1eef7394ed2d2774f806227744e,4/29(土) 11:33
shinmai,白銀の世界、中央アルプス千畳敷で開山式　山岳シーズン幕開け,https://news.yahoo.co.jp/articles/2f5fcb871cedff11473fd6b269757ed4519aaa6e,4/29(土) 6:20
shinmai,都市大塩尻高の校長が謝罪　長野県のバレーボール強豪校、女子選手の前髪切った問題,https://news.yahoo.co.jp/articles/55e5106c05a41dc1cd1a6efa09d917810bfb362a,4/29(土) 5:40
shinmai,元公民館をレストランとホテルにリノベーション 　長野市戸隠 滞在楽しんで新拠点,https://news.yahoo.co.jp/articles/e6a012ecce2356593cc0dc81241fffd95570c467,4/28(金) 18:06
shinmai,小学生が馬耕を体験　想像より「スピード早い」　木曽馬の働きぶりに感心【動画あり】,https://news.yahoo.co.jp/articles/dd15296c876c5949e8c1ed1629830bf1f398c32e,4/28(金) 7:16
shinmai,【独自】女子選手9人、教諭に前髪切られる　長野県のバレーボール強豪高で指導の一環　前髪より「勝つことに集中しろ」,https://news.yahoo.co.jp/articles/07a4d2672fae4da418cdae65d01f8460343ddf78,4/28(金) 6:10
shinmai,自動販売機で「ふるさと納税」 “返礼品”はその場で受け取り　長野県飯山市,https://news.yahoo.co.jp/articles/c083de0762fade2d310389aed142b888e96e66ef,4/27(木) 17:01
shinmai,信州伊那のそばが「会津」で親しまれている理由とは　伊那は“信州そば発祥の地”,https://news.yahoo.co.jp/articles/7efb18faf1001c935f9c2f2a3fa3b69e3ea4b0dd,4/27(木) 11:32
shinmai,是枝監督新作「怪物」　諏訪シネマズに認定　地域の協力に感謝,https://news.yahoo.co.jp/articles/dae6a94acd3202b1d72dd27fc2d9e0134fe2fefd,4/27(木) 6:10
shinmai,お寺の仏像、どう守るか…「びんずる尊者像」盗難の衝撃　 “所在不明”の国指定文化財は全国で139件,https://news.yahoo.co.jp/articles/714ab2c17719c484445b9e8917c27fcea72333a0,4/26(水) 17:01
shinmai,「ナナちゃん」の50歳の誕生日プレゼントは…華やかでカラフルな衣装　信州生まれ【動画】,https://news.yahoo.co.jp/articles/f6adc78fa9cd2b4b1b7fef876a0f986e69745ecc,4/26(水) 11:31
shinmai,4メートルの「雪の回廊」満喫、長野と群馬を結ぶ志賀草津高原ルート【動画付き】,https://news.yahoo.co.jp/articles/d4114d7fc1104d6d65b0fbac52608e6bc6e705b6,4/26(水) 6:20
shinmai,チャットGPTを業務に活用、長野県飯島町,https://news.yahoo.co.jp/articles/66904ec762f4af2c0b8663050266b5de225bcb85,4/25(火) 19:01
shinmai,全従業員5千人の制服を「ジェンダーレス」にした背景は　新光電気工業,https://news.yahoo.co.jp/articles/96f9a4a719fcd05148c9b328c780e74f1da6b8d2,4/25(火) 17:00
shinmai,「びんずる尊者像」窃盗　男性、不起訴に　長野区検,https://news.yahoo.co.jp/articles/2e13385f6330623780c83ec13b6216100e10317c,4/25(火) 16:20
shinmai,パタゴニアが軽井沢町に直営店オープンへ　長野県内2店目,https://news.yahoo.co.jp/articles/14e8b78a2e05e05be48e7f5b9059eb7faa281c86,4/25(火) 11:32
shinmai,「まるで『集落総動員』選挙」、自治会が地元候補「推薦」　無投票で終わった長野県木島平村議選,https://news.yahoo.co.jp/articles/926a2f7731d1b22d713b87695dfa1389235fd35c,4/25(火) 6:20
shinmai,親子で鉄道を楽しむ「親子鉄」にお薦め!！　長野県内の推しスポット7選　貨物列車ざんまい〈南松本駅〉、旧ロマンスカー〈須坂駅〉…,https://news.yahoo.co.jp/articles/aeb05c13c7b071f372763103c06c94f0612afc07,4/24(月) 17:03
shinmai,「後輩」農耕馬、高齢の「先輩」馬に学ぶ　馬と働く魅力を伝える,https://news.yahoo.co.jp/articles/097c259c71d4ed9fba75b80ed9ffaffa114da64c,4/24(月) 17:03
shinmai,那覇市の64歳、フルマラソン完走200回　長野マラソンで達成,https://news.yahoo.co.jp/articles/92ee0b8c3c2dffe9f5b747d29acbb4a901bd4ca3,4/24(月) 11:31
shinmai,「普通の女性も挑戦できる」　子育て中の48歳、松本市議選で初当選〈議員選に挑んだ新人たち〉,https://news.yahoo.co.jp/articles/edc738a6ed81afb1cb2d685bd0063e339a08b0d9,4/24(月) 6:10
shinmai,黒姫山で62歳男性遭難,https://news.yahoo.co.jp/articles/5ae1ca60f589aa9d07b5bcf7c69c844e8fa44475,4/23(日) 22:50
shinmai,旧統一教会と関係指摘　元職が当選　長野県木祖村議選,https://news.yahoo.co.jp/articles/f13eea0e85575354736accc47139f04ab836bfba,4/23(日) 21:34
shinmai,不登校の子がフリースクールなどで活動した場合の「学校出席扱い」指針　学外の学びに寄り添う一歩に　長野県上田市,https://news.yahoo.co.jp/articles/487f1074b785fe3cdee7820050fc0881076792af,4/23(日) 17:10
shinmai,ALS発症の元教員が語る命の大切さ　かつての教え子や同僚らに「授業」,https://news.yahoo.co.jp/articles/e2c2c4337cc591e1545e582e672dd1f52e12d169,4/23(日) 13:18
shinmai,北アルプス十石山から望む日の出【動画】,https://news.yahoo.co.jp/articles/4f2cc71944e2711aa13f782f3e9009858f7fc1b8,4/23(日) 8:01
shinmai,勝負より記録意識の展開か、第25回長野マラソン　実業団選手集まる男子、MGC出場目指し,https://news.yahoo.co.jp/articles/a397f2a4be7fddc10bbfb132a6db31bfccf9436c,4/23(日) 6:10
shinmai,軽井沢で泊まるムササビルーム　星野リゾート、1日1組限定プラン　野生のムササビ観察も,https://news.yahoo.co.jp/articles/1f3169ad5cf3c5f76ad6a4aad32e9cbf69291116,4/22(土) 20:11
shinmai,山菜の生育が早過ぎて…「山菜まつり」中止　暖かい日続き、例年と収穫期ずれる　長野,https://news.yahoo.co.jp/articles/e754a36e61585cfc9d448b977bf0f4797ee9b22e,4/22(土) 11:43
shinmai,【山小屋奮闘記】山も・祭りも・人も　全てがそろって「遠山郷」　聖光小屋の仲山岳典さん〈山と人と信州と〉,https://news.yahoo.co.jp/articles/5dc9b77a757068ee5f0628902a03ac6f05d57776,4/22(土) 6:31
shinmai,【速報】「安曇野」「南信州」、新たなご当地ナンバーが長野県内に誕生へ　2006年の「諏訪」以来,https://news.yahoo.co.jp/articles/ae0567fe8770885186487ae2257ab2fe39041930,4/21(金) 23:50
shinmai,執筆した文学作品は200作　63歳男性の意欲の根源とは　長野県上田市,https://news.yahoo.co.jp/articles/1cff29a1c01909652de8f50c3897c13e1999514b,4/21(金) 20:03
shinmai,JRの鉄道遺構に熱視線　“信州の山あい”に残された廃線跡にあるものとは…長野県天龍村,https://news.yahoo.co.jp/articles/a4a04cd8e49af730d864b1ef4f96543228260a30,4/21(金) 11:32
shinmai,町職員28人が新型コロナ感染　異動の歓迎会などで拡大か　長野県木曽町,https://news.yahoo.co.jp/articles/78359916b1ff2f65ac5a0870b6ab071fa9b1c4b3,4/21(金) 6:10
shinmai,ハナモモが包む温泉郷　長野県阿智村,https://news.yahoo.co.jp/articles/cc370ffe51fa30345212f094e900690775d7d882,4/20(木) 21:07
shinmai,年間売上高1兆円超に成長したミネベアミツミ　M＆Aの相手先は「常に探している」…新社長が考える一手とは,https://news.yahoo.co.jp/articles/4b97fa604055eccda5a426f31e1dc7992ae4fb86,4/20(木) 17:01
shinmai,91歳、燃える卓球愛　全国大会で優勝 浜惣六さん　岡谷市,https://news.yahoo.co.jp/articles/4575aee94dad0e064b0471804e70789f11a7ddde,4/20(木) 10:01
shinmai,商工会議所の職員が206万円着服　青年部の預金などから　長野県伊那市,https://news.yahoo.co.jp/articles/26bd1bd095f27421d8c3265e686bea5ce8ef54f6,4/20(木) 10:00
shinmai,地名にない学校名はありか…地域の公立小学校「虹の丘」に賛否　長野県飯山市,https://news.yahoo.co.jp/articles/b3e9641a3ea215113dcdb7a9790a6215d778072b,4/20(木) 6:10
shinmai,「世界最高齢のプログラマー」若宮正子さんが講演　　「高齢者の社会参加を進めるためにITが必要」,https://news.yahoo.co.jp/articles/915299caec779c754ddbaad3ba73ab81cf11a6bb,4/19(水) 22:06
shinmai,マンホールカードに力士雷電　荒川弘さんのイラストで登場 東御市,https://news.yahoo.co.jp/articles/23746d2bfebae2932b1dbe788202538b70aefc85,4/19(水) 20:03
shinmai,「どうしよう 家康の頃の日本刀」展　43点並ぶ企画展が長野・坂城町で開催,https://news.yahoo.co.jp/articles/0333cabeab5b99d5ae378e96bc12ad1f4a0f3ab4,4/19(水) 11:31
shinmai,飛騨の歴史や文化、感じられる空間に　星野リゾート 旅館「界　奥飛騨」、平湯温泉に2024年秋開業,https://news.yahoo.co.jp/articles/9769019819b816340c3a30ea5adfba29dc206fd6,4/19(水) 6:10
shinmai,「七歳の僕の留学体験記」　中国・北京で過ごした小学生時代を本に,https://news.yahoo.co.jp/articles/59a0206f98091358c8d26a52a11be92a19424816,4/18(火) 20:02
shinmai,東京・「浅野屋」が復刻パン、軽井沢町3店舗に　創業90年で限定販売,https://news.yahoo.co.jp/articles/6fb48c4d1f2221784a399739b6b108d65d33f090,4/18(火) 11:21
shinmai,「公園が壊されている」　青木島遊園地、廃止工事に小学生　積み重なる理不尽に住民憤り　長野市,https://news.yahoo.co.jp/articles/646d3d8024842e625c35b6be9bf0f78615b11185,4/18(火) 11:11
shinmai,北アルプスを背に早くも田植え　米どころ長野県安曇野市,https://news.yahoo.co.jp/articles/80549437b67889caa07990d0138b6ced4d90c72a,4/18(火) 10:00
shinmai,青木島遊園地を巡り、長野市社協の事務局長が子どもたちに謝罪　感謝の模造紙を掲げられず,https://news.yahoo.co.jp/articles/9b998e28320f7ced91105cecf3959fa75c117129,4/18(火) 0:00
shinmai,公園廃止の工事始まる　「子どもの声うるさい」などの苦情きっかけ　長野市の青木島遊園地,https://news.yahoo.co.jp/articles/d289e2adb30afde2acfb7bb48e2df3b7b86cd09c,4/17(月) 8:55
shinmai,雪に埋もれた山小屋…“掘り出し”始まる　スコップで掘り進めると…　北アルプスの涸沢ヒュッテ,https://news.yahoo.co.jp/articles/a653a248f191de021d0ce6ea7092c1a920be90ec,4/17(月) 6:10
shinmai,川で救助の男子、心肺停止　長野県安曇野市の犀川,https://news.yahoo.co.jp/articles/36330dea96acc5859778ffdcc35f0c8cae433e82,4/17(月) 0:43
shinmai,諏訪市長選、茅野市長選は無投票　岡谷市議選も無投票に　長野県の統一地方選後半,https://news.yahoo.co.jp/articles/8a40ee2e8137e1b8cdf9608432a64d4542832379,4/16(日) 17:44
shinmai,明治新政府が掲げた高札、見つかる　「五榜の掲示」など、民衆統治の貴重な資料　長野市で報告会,https://news.yahoo.co.jp/articles/da00ce13d1fb52670430abf2e70d2a69d27f80c3,4/16(日) 10:02
shinmai,「わくわくさん」の工作教室、子どもたち楽しむ　長野県伊那市の青少年自然の家,https://news.yahoo.co.jp/articles/9a7b3abb012429916695630d8b1f72bf777cb9ef,4/15(土) 22:10
shinmai,広がる富士見流 ビジネス創出へ「森のオフィス」が横浜にワークスペース,https://news.yahoo.co.jp/articles/29d324d7db1d8caa12763b1148899d08d8e7d895,4/15(土) 17:01
shinmai,「金田一少年の事件簿」ロケ地の木造校舎を一般公開　大型連休に　長野県佐久市,https://news.yahoo.co.jp/articles/7d226102c1b89416143738784037804e5d31d426,4/15(土) 12:42
shinmai,【独自】公園に「ありがとう」、感謝の模造紙を掲げられず　封じられた児童の気持ち　「子どもの声うるさい」きっかけで廃止決定の長野の公園,https://news.yahoo.co.jp/articles/42c303be895645515cb418250df30f276145c63f,4/15(土) 6:10
shinmai,「許されない行為」 不正受給は“幹部の指示で組織的”に　富士見高原リゾートの調査委,https://news.yahoo.co.jp/articles/6fbf22205b73df2085fa3c215b0f39d98a8cb5df,4/14(金) 12:03
shinmai,黄砂でぼやける北アルプス　長野県松本市,https://news.yahoo.co.jp/articles/e71afc8026f5943d688f3a92363663ec47fffe7d,4/14(金) 10:27
shinmai,「ホーホケキョ」 春告げるウグイスのさえずり,https://news.yahoo.co.jp/articles/edadb9709e186e58eaaa559d9a6a9e4b9ebd2965,4/14(金) 10:18
shinmai,軽井沢町の丸山珈琲、ボトル缶入りカフェラテをリニューアル　17日から発売,https://news.yahoo.co.jp/articles/c12099679745521ada1814a07f64f5a0549ab73c,4/13(木) 23:30
shinmai,ボードゲームが100種類以上…ゆっくり楽しめる旅館が登場　長野県松本市,https://news.yahoo.co.jp/articles/38eedc9cc6923bad1a1fe086651272935bac02c7,4/13(木) 20:00
shinmai,音楽と光も楽しめる「ロウリュ」施設がオープンへ　長野市,https://news.yahoo.co.jp/articles/c515bfd4bffb5cdc69d835b7f5039fc3bfdb5bbf,4/13(木) 11:31
shinmai,長野市の公園廃止　原状回復工事　説明会開かず文書のみで,https://news.yahoo.co.jp/articles/f2199511b83a64758a8e480840bbe1893da689c0,4/13(木) 6:10
shinmai,アルピコグループ、ラリー大会に初参戦　ドライバーは貸し切りバス運転手　「勝ちたいけれど…」？,https://news.yahoo.co.jp/articles/b560fb83debdc9da97e5706cf33e6ebbc4a20ffa,4/12(水) 20:03
shinmai,開校式に校歌作曲の森山良子さんと作詞の松井五郎さんがサプライズ出席　長野の臼田小学校【動画付き】,https://news.yahoo.co.jp/articles/34e8a0ffbee34c2a4461caaf40592b04c1445765,4/12(水) 11:32
shinmai,【独自】リニア、未公表の労災事故3件が判明　長野県南木曽町と大鹿村で骨折など　物損も6件,https://news.yahoo.co.jp/articles/5b8e625a6ce56a78b6787384718a661d844a5e9b,4/12(水) 6:10
shinmai,リニア整備に伴い自宅の「桜」が近く伐採…描き続ける女性の思いは　長野県飯田市,https://news.yahoo.co.jp/articles/b0fa6b6cad9fa21a6baad98fa478ae41890668be,4/11(火) 20:02
shinmai,全国で初めての最高評価　SDGsの取り組みで「上高地帝国ホテル」が認証受ける,https://news.yahoo.co.jp/articles/86078d7b4c23068f1586bb9e8ad3daf71abb52ce,4/11(火) 11:31
shinmai,丸山珈琲が西麻布店をリニューアルオープン　飲食スペースを全面再開,https://news.yahoo.co.jp/articles/a9a4dae2413261bc0973ffc10681f5b914cbaa92,4/10(月) 23:10
shinmai,田舎暮らしの拠点をサブスクで　子育て世帯向けに提供　長野県辰野町のMoonBase,https://news.yahoo.co.jp/articles/ded97feb5c1879f67e728234a3d01767c707c3f4,4/10(月) 20:01
shinmai,御嶽海、ご当地の声援を力に復調探る　春巡業で故郷長野に,https://news.yahoo.co.jp/articles/fc0bd9a8236d8c4523c0b13c10bc1ae6f2a476a9,4/10(月) 13:21
shinmai,現職逮捕が響いた自民、22票差で議席失う　長野県議選・塩尻市区,https://news.yahoo.co.jp/articles/cccd4c84c51aa7e47b601ec74ee94ed1b827859a,4/10(月) 6:00
shinmai,北アルプス常念岳東尾根、男性が行動不能に（9日）,https://news.yahoo.co.jp/articles/92c68166905ae7358299091d94543811ec440dd5,4/9(日) 20:23
shinmai,「仲間と演奏、幸せ」　新型コロナでコンクール辞退の卒業生交え　小諸高吹奏楽部、万感の演奏会,https://news.yahoo.co.jp/articles/57a546e72514bb1c1d67e946058ef8c51c5450c0,4/9(日) 20:01
shinmai,【長野県議選開票速報】6選挙区16人が当選確実（午後8時時点）,https://news.yahoo.co.jp/articles/545adce09033ea040341f2da0e7632888466df40,4/9(日) 20:00
shinmai,徳川家康の六男・松平忠輝ゆかりの縦笛　墓のある長野県諏訪市の寺で演奏会,https://news.yahoo.co.jp/articles/eb0959a996e80c301e1f7988ce7a4b191696a2f3,4/9(日) 12:36
shinmai,桜の下で「久しぶり」、復旧した堤防近くで花見　台風19号被災地の長野市穂保、住民有志が開く,https://news.yahoo.co.jp/articles/c4f59d7293deadc410a217c4c5f6298b2c998b37,4/9(日) 6:10
shinmai,太陽光発電施設巡るトラブルや懸念が各地で発生　適正設置に向けた長野県条例に注目集まる,https://news.yahoo.co.jp/articles/fce6fe23d83b12992bf6e2826b108e325cee82d8,4/8(土) 18:01
shinmai,善光寺のびんずる尊者像、10日正午ごろに本堂へ,https://news.yahoo.co.jp/articles/544617d7dff7505da5580110b0611b5778abce09,4/8(土) 15:03
shinmai,中央アルプスで複数の山岳遭難か　千畳敷付近（8日）,https://news.yahoo.co.jp/articles/34b877ab7991d954e2b5e59f81b17257657d43fb,4/8(土) 14:18
shinmai,軽井沢町にムーミンカフェ　4月25日に開業　オリジナルグッズ販売も,https://news.yahoo.co.jp/articles/639c7504797e3fa65f79dd3a0d19e5ba55316ef4,4/8(土) 11:37
shinmai,ポーランド人の男性、御嶽山で遭難か,https://news.yahoo.co.jp/articles/86489147f2a9c6c25c446bb6215bf1b172591bfe,4/8(土) 7:01
shinmai,「家族の絆」でタクシー気軽に　子どもが両親の料金を一部負担できる新サービス　高齢ドライバーの免許返納機会増など狙い,https://news.yahoo.co.jp/articles/26d78e4b70ef3f8929082187df7c29c5a4ff833c,4/8(土) 6:31
shinmai,「妻籠宿」の外国人観光客　コロナ前を超える勢い,https://news.yahoo.co.jp/articles/78638a394dfd0be18df1d248ffa45243d64b7abd,4/7(金) 20:00
shinmai,「戦争に正義はない」…ウクライナ侵攻1年　加藤登紀子さんの思いは,https://news.yahoo.co.jp/articles/f3f4a32a80e26905f661aa664530ed6cefa9e069,4/7(金) 11:31
shinmai,【独自】「巌流島に埋めてやる」　びんずる尊者像の盗難事件、容疑者が供述,https://news.yahoo.co.jp/articles/e93812cd10c42517da9842b47ddd4ff588c25dac,4/7(金) 6:20
shinmai,【独自】豚肉の重量、不適切処理　大信畜産工業（中野市）、伝票上軽く　農家への支払い減少の可能性,https://news.yahoo.co.jp/articles/5218e94fa5bad1de0af8cceac607c2415cafad1e,4/7(金) 6:10
shinmai,松本駅のグランドピアノ、また弾けます♪ 8日から再開,https://news.yahoo.co.jp/articles/a1d2d0b60a44bab41a26fee0f791c8d55a07e969,4/6(木) 20:01
shinmai,長野県坂城町で山林火災　「立木が燃えている」と119番通報【動画あり】,https://news.yahoo.co.jp/articles/11291e9aa149b4099c50c4283f6d2fcce644dedb,4/6(木) 16:46
shinmai,「あると不幸に」　善光寺「びんずる尊者」盗難　逮捕の男供述,https://news.yahoo.co.jp/articles/cf9a2789e3871fd4ca78b78b8c057e05c1b05a98,4/6(木) 6:01
shinmai,「鳳凰の間」でお茶いかが？　文化財の大広間でカフェ営業へ　長野県松本市,https://news.yahoo.co.jp/articles/39e189246048bf152fe9421dd24be0d86dd5ad90,4/5(水) 20:01
shinmai,会社員になじめず入社と退社を繰り返した後、レジン作家に転身　フォロワー1万1千人の人気者に,https://news.yahoo.co.jp/articles/878e11185bd26284bd853851eed2475f6637c807,4/5(水) 17:30
shinmai,愛され輝く「びんずる様」とは　善光寺で一時盗難の木像,https://news.yahoo.co.jp/articles/3b48b1ea1e1c9e57c9fa6270cd8d6e5dc43ba394,4/5(水) 13:06
shinmai,【速報】善光寺の「びんずる尊者」木像見つかる　盗んだ容疑者の身柄を松本署管内で確保,https://news.yahoo.co.jp/articles/428d1f9e4f9148484c5fc07b00335f2ae2349a17,4/5(水) 11:32
shinmai,ロクシタンの店舗が軽井沢町にオープン　カフェ併設は東京都以外で初,https://news.yahoo.co.jp/articles/9c7965eea82f568ec7975efd96dd59ecd4f34629,4/5(水) 11:32
shinmai,ピンクに黄色、春を告げる名コンビ　桜とスイセン、諏訪市内の河川敷で共演,https://news.yahoo.co.jp/articles/069163b3ced3bb994859f39b4d1f2f1cb9bc5d62,4/5(水) 8:01
shinmai,【独自】長野市中央通りの強盗致傷事件、男2人を起訴へ,https://news.yahoo.co.jp/articles/34f0dd43e6a87206e70de95340e044311b1a525a,4/5(水) 6:10
shinmai,「スノーリゾートロマンスの神様」 隣接ホテルに美容クリニック新設へ,https://news.yahoo.co.jp/articles/14ad9c0234c16fe9059e2d24eda2c12c7ea41c53,4/4(火) 18:02
shinmai,31歳女性が800年続く神社の神職継ぐ　「地元に貢献」の願い実現　長野県飯田市,https://news.yahoo.co.jp/articles/3dcf12ad3e267a6da9f9e63ddd5cfb49222e168c,4/4(火) 11:31
shinmai,長野県伊那市生まれの巨大ナナちゃん50歳に、名古屋駅近くの待ち合わせスポット,https://news.yahoo.co.jp/articles/f61230a8b745762526dd64267d127d97a7a0978e,4/3(月) 22:29
shinmai,中尾歌舞伎　魅力を生中継で　29日、長野県伊那市内2カ所にスクリーン,https://news.yahoo.co.jp/articles/9315efbc98397ec1975c382c86863daf9a5de69a,4/3(月) 11:30
shinmai,King Gnu井口さん「自分の映画の公開うれしい」　出身地伊那市で初主演作の舞台あいさつ【動画付き】,https://news.yahoo.co.jp/articles/436856ee72acb9169e18db7777bd9fa402eee48f,4/3(月) 6:10
shinmai,長野県立科町内の2スキー場、3月末に1件ずつ事故　ゴンドラ接触・リフトから女児落下,https://news.yahoo.co.jp/articles/dbccfd303fcd995b779a870d3f52add582d37ac3,4/2(日) 22:47
shinmai,JAXA「はやぶさ2」開発担当の沢田さん　幼少期過ごした長野県岡谷市で講演,https://news.yahoo.co.jp/articles/29655cce1944f65f3347c4f9026edfb2ff7747cc,4/2(日) 11:41
shinmai,髪が…汗が…でも安全のためにヘルメット　長野県内、購入客続々　自転車の着用努力義務化で,https://news.yahoo.co.jp/articles/2a1e7b39a4f5c93df07d64be7d9e941ebd8062d7,4/2(日) 6:10
shinmai,長野市の「青木島遊園地」、閉鎖は4月中旬　4月末に廃止の「お知らせ」,https://news.yahoo.co.jp/articles/fa3047fee1cbbfe55dbb18bbcecf931c2cd1b652,4/1(土) 18:11
shinmai,早くも売り切れ善光寺「勝守」,https://news.yahoo.co.jp/articles/ef9cd7e3021ff6ec71a6eda5894203d23d693008,4/1(土) 11:51
shinmai,ミネベアミツミ、マスク販売を5月末で終了,https://news.yahoo.co.jp/articles/f48e5122ca9bbb8414a02923aaa0a2545ee26b10,4/1(土) 11:41
shinmai,新型コロナ経て、県会の存在意義問い直す機会　長野県議選が告示,https://news.yahoo.co.jp/articles/6526efb247e0ccc1055484804e8443629a67ceac,4/1(土) 6:10
shinmai,「お帰りなさい」 KingGnu、井口理さんの故郷長野県の映画館に歓迎フラッグ　主演映画の舞台あいさつに向け,https://news.yahoo.co.jp/articles/7b2e4555bb0f2b9d473018139b7f70bd4e1973a6,3/31(金) 20:10
shinmai,ヤッホーの醸造所併設レストランが日ハム新球場に,https://news.yahoo.co.jp/articles/5379c7a4099993ccc8f2d9e6977b16adb4f6114b,3/31(金) 11:32
shinmai,野立ての太陽光発電、許可制に　民有林を「特定区域」に指定　長野県が規制条例のたたき台,https://news.yahoo.co.jp/articles/5db2d34a2315f7565c889a929a316cc6ce6b3dbb,3/31(金) 6:10
shinmai,移住した40代夫婦がベーカリーを開業　「安心して食べられるパン」が売り　長野県生坂村,https://news.yahoo.co.jp/articles/709b1e5753d1cb71f8575cc1c08df7e47b7d9c70,3/30(木) 20:01
shinmai,八ケ岳連峰の天狗岳付近の山小屋で高校生救助（30日）,https://news.yahoo.co.jp/articles/bb848f671acc711a3c4d7ae815305a83ff38fe83,3/30(木) 15:39
shinmai,母校に恩返し…子どもたちの卒業式にロトウザクラ飾って40年近く 「これが俺のはなむけ」,https://news.yahoo.co.jp/articles/d9fd3ddcd6bca6ba657e5604ec3410b7c7ec6731,3/30(木) 11:31
shinmai,【独自】青木湖畔に新たな観光拠点　カフェやサウナ併設の複合施設、今秋開業へ,https://news.yahoo.co.jp/articles/401358225cd165a6f47e87c1230d5313da02349e,3/30(木) 6:10
shinmai,買い物弱者支援の閉店スーパー再生計画、白紙に　物価高で「ゼロから再考」,https://news.yahoo.co.jp/articles/32d5032a211687d9d729693e1971e13410cd207a,3/29(水) 20:02
shinmai,北アルプス白馬岳、50代男性が滑落し死亡（29日）,https://news.yahoo.co.jp/articles/7923660da35342b678d90b51d2fd97201479a5ed,3/29(水) 17:25
shinmai,相沢病院の元職員、患者ら3000人超の個人情報漏えい　長野県松本市,https://news.yahoo.co.jp/articles/f71d03a8de89fd5d0307984e86516c04f0aea901,3/29(水) 15:13
shinmai,地方紙の役割を紹介 東京書籍の小5社会教科書が信濃毎日新聞を取り上げ,https://news.yahoo.co.jp/articles/9d9c8e6845ed2275444277cd94e8975b8f86128d,3/29(水) 11:32
shinmai,【独自】長野県議選、442投票所で時間短縮　1998年以降最多　立会人の負担背景,https://news.yahoo.co.jp/articles/d653dca8dff3a2df31516dec8ba007b4bcc34ff1,3/29(水) 6:10
shinmai,あなたの“健康に役立つ献立”をAIが教えてくれる―アプリを開発した信州大発ベンチャーの37歳社長の思い,https://news.yahoo.co.jp/articles/3df48a1e79d1e59778b6014fd39abd68ccdab6cc,3/28(火) 20:00
shinmai,森の妖精…ミズバショウが見頃　長野県佐久市の農園,https://news.yahoo.co.jp/articles/334394946bd3fb4f5afa53e8099995b650dd58ca,3/28(火) 11:31
shinmai,早速ライトアップ　諏訪市・高島公園の桜　最速記録の開花宣言,https://news.yahoo.co.jp/articles/2cab78dd449be93fdb2c59601cf6bf15dcb28ecc,3/28(火) 6:10
shinmai,「つい衝動買い」してしまった物は？長野電鉄「須坂―信州中野」間の開業100周年でイベント,https://news.yahoo.co.jp/articles/82b02a7aed17b361ac67b59cb76f8749d22ad86d,3/27(月) 11:30
shinmai,高校野球の中原英孝監督（77）が今夏で勇退　松商学園や長野日大を率い甲子園11度出場　1991年春は準優勝,https://news.yahoo.co.jp/articles/958411fed09af02dbd99950e1d610db0f57cf0e8,3/27(月) 6:10
shinmai,週休3日、中途採用枠を新設　主にガソリンスタンドへ配属　塩尻市の立石コーポレーション,https://news.yahoo.co.jp/articles/8007f4c8bd654292167f973f4fc39562c70a30e3,3/26(日) 11:31
shinmai,片岡鶴太郎さん、ツバキに感銘受け芸術の道に　伊那市の高遠で語る,https://news.yahoo.co.jp/articles/44d4ee2cde98417554231562ff2203821e2b5ed4,3/26(日) 6:10
shinmai,松本山雅応援のパワーに　ルーロー飯をアルウィンで販売　喜山プロデュース,https://news.yahoo.co.jp/articles/3df2c13fffcae9b3c0cc58bcbc444f61bf8e109d,3/25(土) 20:11
shinmai,1102日ぶりの春　響かせる卒業歌　長野県伊那市の春富中同窓生が母校で集い,https://news.yahoo.co.jp/articles/adcb5efaf2d750504123b1476bdff3128e972844,3/25(土) 11:32
shinmai,ニンジン　新たな「味わい」　長野県松本市の洋食店,https://news.yahoo.co.jp/articles/8151d6261f329a1e93a7481fc68d32fa95f73a31,3/25(土) 10:02
shinmai,後ろ脚が動かない子猫を救いたい！　中学校の野球部員たちが奮闘　治療代工面へアルミ缶回収を呼びかけ,https://news.yahoo.co.jp/articles/b4b31b87e774ccb6bc50148ccaed6ffa5153b4f0,3/25(土) 6:10
shinmai,88歳住職が「仏教学科」を卒業　“学び直し”を選んだ理由は？　長野県千曲市,https://news.yahoo.co.jp/articles/8d2425bd0b480801dfb11bc6d9787b00a64a0374,3/24(金) 20:01
shinmai,学校徴収金は6年間で約60万円に驚き…文房具選びや口座開設と大忙し　初めての小学校入学準備に右往左往,https://news.yahoo.co.jp/articles/f222b44039b855560e55160a38dbc237b8f15d8d,3/24(金) 15:02
shinmai,小中学校教職員3364人の人事異動を発表　長野県教育委員会,https://news.yahoo.co.jp/articles/3a24da4622307ef73b6241ec2468f0b668b7d549,3/24(金) 11:45
shinmai,藤森照信さん設計の「宿」の建設進む　桜を植えた場所は…屋根の上　長野県富士見町,https://news.yahoo.co.jp/articles/db02323194ad710323a07202e486c2cfbe1a2414,3/24(金) 11:34
shinmai,長野県議選、83人が立候補の予定　告示まで1週間、12選挙区で選挙戦へ,https://news.yahoo.co.jp/articles/d26fd69c1d498b6b197bf79950120cef0d3816ff,3/24(金) 6:10
shinmai,地方鉄道どうなる？ 「地域合意なしに廃線ない」と斉藤国交相が明言,https://news.yahoo.co.jp/articles/7fb8162562f7d86b3271efd417b386262fe5f041,3/23(木) 20:01
shinmai,外国人労働者問題に切り込んだ信濃毎日新聞の連載　「五色のメビウス」の単行本が増刷,https://news.yahoo.co.jp/articles/ba76860db26abe876ffb5bca765e208a88333afa,3/23(木) 17:42
shinmai,“村”の地価が急上昇　その理由は…長野県野沢温泉村,https://news.yahoo.co.jp/articles/fccf0844299f18fdfa48d0fd67c286e3e928e5fb,3/23(木) 11:41
shinmai,イオンモール須坂、開業遅れ　早くても2024年秋　建築資材の高騰受け,https://news.yahoo.co.jp/articles/969c5cc6a2b9df51abf97f20c2f482be4e272e33,3/23(木) 6:10
shinmai,渡り鳥に配慮して　諏訪湖の砥川河口右岸に堆積した土砂撤去に対して　野鳥の会諏訪支部が要望,https://news.yahoo.co.jp/articles/356e0424afa7c826ccde4759216516f5d7f315cc,3/22(水) 11:45
shinmai,WBCいよいよ決勝！　侍ジャパンに善光寺の御利益を　牧秀悟選手が配った「勝守」は龍と鳳凰の絵柄,https://news.yahoo.co.jp/articles/6bc931a03489b95f8601ed44947ca9f67d9c602d,3/22(水) 6:10
shinmai,長野市が廃止決定の公園は利用再開から3週間で苦情なし　本当に「利用実質困難」？,https://news.yahoo.co.jp/articles/6c422b44dbde553a53a9e4bae6a3c838cb0d1036,3/21(火) 20:01
shinmai,閉店レストランが子ども食堂に変身！ 松本市の主婦があす22日開設,https://news.yahoo.co.jp/articles/4078e2ea042a14b0b67999c28f8b8ff09e72b22e,3/21(火) 11:31
shinmai,「在職立候補」は一致、「定数削減」では差　議員なり手不足対策、長野県民と県議選立候補予定者の認識,https://news.yahoo.co.jp/articles/0b3500f0fa098bff9edbc19a6fbeba2d6098151f,3/21(火) 6:10
shinmai,「木村熊二」を知っていますか？ 私塾「小諸義塾」の創立者　評伝が完成,https://news.yahoo.co.jp/articles/50924bbb2f991d59326cd69c9c9172a341126555,3/20(月) 20:00
shinmai,北アルプス八方尾根北側斜面、スキー中の男性が滑落（20日）,https://news.yahoo.co.jp/articles/de544313e708e094fc258c42d2b332247d10bf92,3/20(月) 19:44
shinmai,八ケ岳の赤岳近くで転倒、行動不能の登山者を救助（20日）,https://news.yahoo.co.jp/articles/14191cff88975ea9c980d1be6fb12ba2efb64e2e,3/20(月) 14:58
shinmai,全盲の美術鑑賞者、白鳥さんとアートを見た人たちが“ハッとさせられたこと”とは…長野県立美術館,https://news.yahoo.co.jp/articles/40c79ee1330521481647714b3df8ae1cc876ec6d,3/20(月) 11:31
shinmai,伝統校の上伊那農業、けが人続出で初の欠場　「走れない」悔しさを糧に 〈春の高校伊那駅伝〉,https://news.yahoo.co.jp/articles/dba0c10fbdea5ac5f26576f93a62a66f1d828690,3/20(月) 6:10
shinmai,エノキタケ　資源循環へ　生産量日本一の長野県中野市で試み,https://news.yahoo.co.jp/articles/8a35b13114ea48b447629df8508fd1c6deaa1003,3/19(日) 20:11
shinmai,こちらも熱い選挙戦　長野県の須坂市動物園、2023年度の「顔」は？　「代表動物選挙」で立会演説会,https://news.yahoo.co.jp/articles/7dace423756b74886eebabad2551084a991f8d42,3/19(日) 11:40
shinmai,ナウマンゾウ見つかるか？　わくわく5年ぶり、野尻湖で発掘調査　雪ちらつく中で100人作業　長野,https://news.yahoo.co.jp/articles/991f3b6bd2fe0eb7b1005b81c77efb5f03eb773e,3/19(日) 6:10
shinmai,【速報】現住建造物等放火の疑いで同居の次男に逮捕状　3遺体発見の長野市の住宅火災で,https://news.yahoo.co.jp/articles/286caf270dc255084166e1c6e5e2e37e70b5a12a,3/18(土) 23:16
shinmai,「入浴着」理解広まって　利用断られる事例も　長野県内当事者「使いづらい」,https://news.yahoo.co.jp/articles/db546f5b525060acf111aa99875865181d785f8e,3/18(土) 13:17
shinmai,IKEA、商品受け取りセンターを長野市に開設,https://news.yahoo.co.jp/articles/f73150a807f32b729a444fc281a2814aebc0b6f5,3/18(土) 11:53
shinmai,長野市で住宅火災　3人の遺体（18日）,https://news.yahoo.co.jp/articles/9bc175654c6e3a37b8e4e8785f236e2faf5d9a35,3/18(土) 7:02
shinmai,南信州ナンバー、正式に申請へ　長野県飯田下伊那地域の14市町村合意　3月中に,https://news.yahoo.co.jp/articles/7163166db58c223dc2b0cd18a6802d47c7e9730a,3/18(土) 6:10
shinmai,戦地でおじさんが書いた手記「大陸の風」 パソコンで打ち直した男性の思いは…長野県下諏訪町,https://news.yahoo.co.jp/articles/bec9c4a644d450d83fb6f4fe4954e1e32574c050,3/17(金) 20:01
shinmai,八ケ岳連峰赤岳で東京の男性（61）が遭難　道に迷う、日没と悪天候で救助ヘリ飛べず,https://news.yahoo.co.jp/articles/36ccea4b9ed9d67f7889013a7bdf6c6798d71fd8,3/17(金) 19:55
shinmai,「一緒に通わせたいのに…」 “別々の園”にきょうだい預ける20代女性の悩み　「潜在的待機児童」問題,https://news.yahoo.co.jp/articles/5a232bfac8868de2fa39f30b24feb5b1a97f15dd,3/17(金) 11:32
shinmai,青木島遊園地の地元住民、「愛護会」設立届を長野市に提出へ　維持管理の担い手に,https://news.yahoo.co.jp/articles/57e3610b0944eed8440dae5fed3f47da6eb1a92f,3/17(金) 6:11
shinmai,「女性あるある」の“かるた”完成　「は」は「はぁー やる気が出ない…」　建設業者ら考案,https://news.yahoo.co.jp/articles/995fc056b8a8dba46ddc8e610b67f633441353b4,3/16(木) 20:01
shinmai,幼稚園制服もジェンダーレス　「時代の流れ」の後押しで徐々に広がる,https://news.yahoo.co.jp/articles/ab0de8e0eba6fbe6333c116693726bbaff60beb1,3/16(木) 11:31
shinmai,信州と沖縄、連携さらに　両知事、包括協定結ぶ　観光・若者交流・健康長寿…幅広く【動画あり】,https://news.yahoo.co.jp/articles/ccb2954806a1d790efa08e3374ee6107d0baad4d,3/16(木) 6:10
shinmai,夢、追いかけたが「現実は厳しかった」… 搾乳引退の酪農家〈窮地の信州酪農〉,https://news.yahoo.co.jp/articles/44a3bdd1a09a40a5023c8b0389267514c3428000,3/15(水) 20:01
shinmai,トンネル熟成の芋、上品な甘さに　「おいも日和」経営のねんりん　芋けんぴなど販売開始,https://news.yahoo.co.jp/articles/66615babd88d3e8ba4cabe025bc25e3e2c96eb48,3/15(水) 11:40
shinmai,【独自】 左腕骨折、体に複数のあざ　佐久市障害者施設の利用者、虐待受けた同時期に,https://news.yahoo.co.jp/articles/a1664dea864cf6fb2ce3c6b72aa8a16abcd65993,3/15(水) 6:10
shinmai,「チャスカ」と「ひでさん」の物語　母失ったアルパカの赤ちゃんと一緒に生活　長野県富士見町,https://news.yahoo.co.jp/articles/f576872866fa6902db6023b1da6f0083295ee934,3/14(火) 20:01
shinmai,宅地開発のためには周囲に緑が必要…その“根拠”が「青木島遊園地」だった　長野市「廃止問題ない」,https://news.yahoo.co.jp/articles/6442333ba6ffcaf51d09b6c1d5b9501aeadc652b,3/14(火) 11:30
shinmai,昆虫食、印刷会社が売ります　コオロギ、セミ、オケラなど　佐久市内の3カ所で,https://news.yahoo.co.jp/articles/3864247bf33167cd907170738d94a52b1d6a6a16,3/14(火) 6:10
shinmai,北アルプスの乗鞍高原に「お試し移住」できる施設がオープン　松本市,https://news.yahoo.co.jp/articles/61fefd4a7cc9f21177d5350d0aa3bfb340bfd425,3/13(月) 11:30
shinmai,子牛価格、たった1年で急落　生乳に次ぐ重要な収入源 〈窮地の信州酪農〉,https://news.yahoo.co.jp/articles/e1366e581e97babd71d98a8d49e7b41d43b16886,3/13(月) 6:10
shinmai,松本空港の滑走路閉鎖　FDAが欠航　小型ジェット機がパンク（12日）,https://news.yahoo.co.jp/articles/8074c12b7dc45f284d1457c5eefa2f713172947b,3/12(日) 17:50
shinmai,松商学園高、強豪校招き招待試合　硬式野球部VS常総学院高　サッカー部VS帝京高,https://news.yahoo.co.jp/articles/ab8dd0e9dfb90d5d9c86fce13f923acac3407da6,3/12(日) 11:40
shinmai,「もう立ちゆかない」…生乳生産　飼料高騰で厳しさ増す経営　〈窮地の信州酪農〉,https://news.yahoo.co.jp/articles/3798bf081b29fe28ca02df7e18f3fd65f511ca74,3/12(日) 6:02
shinmai,「牛乳ぜひ飲んで」　諏訪地域の酪農応援、上諏訪駅前でパック無料配布,https://news.yahoo.co.jp/articles/839813d1e8832322ead4bfc982799ab345830f3c,3/11(土) 11:40
shinmai,沖縄県の玉城デニー知事、長野県の松代壕視察へ　那覇の32軍壕公開見据え　3月16日で調整,https://news.yahoo.co.jp/articles/e98f4e7a8e523ed148034f68b7c0c14d3336dd5d,3/11(土) 6:10
shinmai,小学校の裏山に子どもたちが造ったのは…秘密基地「裏山ランド」 学校公認　長野県平谷村,https://news.yahoo.co.jp/articles/31ea91326066f6ee1b7ed4344ac8af39f1e4507d,3/10(金) 20:01
shinmai,東京の大学でデジタル人材育成の政府方針受け　市長「考え方が安易」　地方を含めた育成訴え　長野県飯田市,https://news.yahoo.co.jp/articles/a7e11375f7018c38d8dfdbf5ef7596e658ece601,3/10(金) 19:40
shinmai,「10人ずつ遊ぶ」を児童センターが試行中　長野市の青木島遊園地,https://news.yahoo.co.jp/articles/6ae53247463f0564c65b70a026f8facdebec3676,3/10(金) 11:31
shinmai,「磯」ではありません　八幡屋「礒」五郎　社名表記「今一度ご確認を」とお願い文書,https://news.yahoo.co.jp/articles/7134f22547423c7685501c506675e4f8046b057b,3/10(金) 6:10
shinmai,【独自】小布施町課長ら2人を書類送検　水道関連工事入札情報を漏らした疑い　長野県警,https://news.yahoo.co.jp/articles/3d2116ace5e9794d0954a31ecd2532aa9c4bc9b4,3/10(金) 5:50
shinmai,「普段はこの姿で生きています」 マジシャン“魔法使いアキット”さんが子どもたちの前で語る,https://news.yahoo.co.jp/articles/6b5bf5ea1d0071175ce900684b64a9ef9c108d9d,3/9(木) 20:00
shinmai,北アルプス八方尾根でスキー中の横浜市の55歳男性が転倒、行動不能に（9日）,https://news.yahoo.co.jp/articles/6476fcf4d2f13434d6712daaefa36a87708f9b70,3/9(木) 18:34
shinmai,八ケ岳連峰赤岳で東京の38歳男性が滑落（9日）,https://news.yahoo.co.jp/articles/db9c8072a6be6f8862bbb7424c7cd59ff4b1c202,3/9(木) 18:13
shinmai,“来店したお客さん”にマスク着用求める？ 来週13日からの「個人判断」を前に現場を取材,https://news.yahoo.co.jp/articles/d4e86db30ee65d11e0568af28c976404a9ee27eb,3/9(木) 11:32
shinmai,メガソーラー関連工事で不適切手続き　申請せず排水路設置、下流の区の同意も得ず　長野,https://news.yahoo.co.jp/articles/d1dd0e1a170403035e9e8b0735fe0366a13c0177,3/9(木) 6:10
shinmai,棋王戦第1局を彩るスイーツ　長野ホテル犀北館パティシエ　「魅せるスイーツ」を目指す,https://news.yahoo.co.jp/articles/6bc7c76d9c49ec3355b83da6f35c701c7f22eaf9,3/8(水) 20:11
shinmai,目指すは「銀座のスナック」　湖畔にサウナがあるゲストハウス「LAMP野尻湖」　支配人野田雄一さんに運営の秘訣聞く,https://news.yahoo.co.jp/articles/219a73d89f6503085ecea4ead21db909538efed7,3/8(水) 15:58
shinmai,小学2年から4番、小学校通算本塁打53本　〈サムライ牧の礎〉,https://news.yahoo.co.jp/articles/746f095ea456477ecd87ba0e163b3fb3d05444f6,3/8(水) 11:41
shinmai,自衛官募集の個人情報提供　松本市が除外申請受け付けへ　2023年度から,https://news.yahoo.co.jp/articles/1293fe778c5f5ccf947973a3ae4bc82c34f4b97b,3/8(水) 6:10
shinmai,長野市中心街に新たな「貸しスペース」が誕生　「芸術」「社会」考える拠点に,https://news.yahoo.co.jp/articles/d74de8a824cdc04ab1259c17d9208e6379f7a143,3/7(火) 20:00
shinmai,「山登り動画」だけ見て“道具買いそろえ”ても…「リアル」講習会を考えた登山用品店の危機感とは,https://news.yahoo.co.jp/articles/3835df4d73b954563581bfde4c946ef26a9ca6ce,3/7(火) 11:31
shinmai,長野市の公園廃止　利用実態巡り市長への誤説明認める　市議会一般質問で担当部長,https://news.yahoo.co.jp/articles/0a88d9b260bf0044ab275ae13e2a7496757d9658,3/7(火) 6:10
shinmai,「火山実験」って何？  子どもたち興味津々　東京,https://news.yahoo.co.jp/articles/612d0cd77f6df646ac8bf6d3f4dbbf5f7bd4e698,3/6(月) 20:02
