media_en,media_jp,title_articles,link_articles,date_original
ssnp,食品産業新聞社ニュースWEB,【食品産業あの日あの時】2016年8月31日・「Jリーグ YBC ルヴァンカップ」名称変更　ギネス認定されたカップ戦の存亡の危機を救った“ミラノの夜”,https://news.yahoo.co.jp/articles/b975eb0bf7e7ac5eeedc860125d3971ac991e3ab,5/3(金) 9:40
ssnp,食品産業新聞社ニュースWEB,銀だこ×鬼滅の刃クリアファイル付き「だんらんパック」「クロワッサンたい焼BOX」発売、竈門炭治郎・冨岡義勇などデザイン/2024年柱稽古編キャンペーン,https://news.yahoo.co.jp/articles/8bacca18f16de3882caafb31c4dd5ad09b727fd1,5/3(金) 9:40
ssnp,食品産業新聞社ニュースWEB,ファミマ限定、スタバのチルドカップ「トロピカルフルーツミックスwithマンゴープディング」発売,https://news.yahoo.co.jp/articles/a6cad05a936406d442eef6c51d02a6b5542fabbb,5/3(金) 7:40
ssnp,食品産業新聞社ニュースWEB,とんかつ「松のや」有頭大海老・白身魚・イカの3種フライ「海鮮盛合せ定食」発売、特製香草入りタルタルソース付き、フライ単品も,https://news.yahoo.co.jp/articles/f077c0302934d552b00a39ec0e8b8e7bf049bcfb,5/2(木) 17:39
ssnp,食品産業新聞社ニュースWEB,タリーズコーヒー、夏限定フローズンドリンクや果汁入りアイスティー発売、「ごろっとマンゴーヨーグルトスワークル」「エスプレッソシェイクホイップクリームトッピング」「&TEAグレープフルーツセパレートティー」5月10日から,https://news.yahoo.co.jp/articles/ddd334abed3167ca570c61064fb636f33c1e2049,5/2(木) 16:23
ssnp,食品産業新聞社ニュースWEB,大阪王将、創業55周年記念「スーパーチャーシューエッグ炒飯」発売、チャーハンに甘辛ダレのチャーシュー、2個の目玉焼きをトッピング“最強元気飯!”,https://news.yahoo.co.jp/articles/29dc98ca3dc6f9498af85d578911742ee7b0fd15,5/2(木) 15:17
ssnp,食品産業新聞社ニュースWEB,幸楽苑「シャキシャキ野菜炒めセット」590円、「Wギョーザセット・チャーハンセット」690円など割引価格で販売/“ディナーセット お客様感謝祭 第4弾”,https://news.yahoo.co.jp/articles/61fa53f35fecc5692773e3a1e66d733d13f04055,5/2(木) 14:38
ssnp,食品産業新聞社ニュースWEB,セブンイレブン、アイス30円～145円引き「明治 エッセルスーパーカップ超バニラ」「ロッテ クーリッシュ バニラ」「森永乳業 ピノ チョコアソート」など7品対象に/対象のアイス全7種お買い得セール、5月7日まで,https://news.yahoo.co.jp/articles/b404d095395ca78d20fd035c72b380cec83f3a3c,5/2(木) 12:22
ssnp,食品産業新聞社ニュースWEB,松屋、復刻メニュー総選挙1位「焼き牛めし」が2種の味で登場、「元祖旨辛焼き牛めし」「旨味油焼き牛めし」発売、初登場「サムゲタン風スープ」も,https://news.yahoo.co.jp/articles/7ded7f6b6c009217eb5848654dcba3f6c4503200,5/2(木) 11:35
ssnp,食品産業新聞社ニュースWEB,渋谷に「東京ばな奈」ポップアップストア開店、「ドラえもん東京ばな奈」が渋谷初登場、スクランブルスクエアで開催,https://news.yahoo.co.jp/articles/ee9fa31900e0d7de0be965a04805b5e89e355d07,5/2(木) 7:40
ssnp,食品産業新聞社ニュースWEB,昭和産業、オレイン酸の含有量が高い「オレインリッチ」をブレンドしたオリーブ油上市/【役員に聞く】山口龍也取締役常務執行役員,https://news.yahoo.co.jp/articles/41942692116c5992a9d638920d4bbb76d4172e0a,5/1(水) 18:28
ssnp,食品産業新聞社ニュースWEB,東京・新橋に「お茶の文化創造博物館」「お～いお茶ミュージアム」を5月1日開設、オープニングセレモニーにはCM出演者が勢揃い/伊藤園,https://news.yahoo.co.jp/articles/64b718fc49d30bfa6f70700e1e4c8ce57f76bc8f,5/1(水) 18:10
ssnp,食品産業新聞社ニュースWEB,デニーズのクーポン29枚入「Denny'sぴあ 2024～50周年記念ファンブック～(定価1200円)」重版決定,https://news.yahoo.co.jp/articles/ea8a15ba6c105400013aa83373f052ee2e938527,5/1(水) 17:52
ssnp,食品産業新聞社ニュースWEB,エースコック、茎わかめ・粉わかめ・葉わかめを使ったカップ麺「わかめだらけの海藻フェス わかめラーメン しょうゆ」6月10日発売,https://news.yahoo.co.jp/articles/a3c78368a116337a3acf9afeee5f73d84eb5737d,5/1(水) 16:44
ssnp,食品産業新聞社ニュースWEB,オリジン弁当「なすの辛味噌炒め弁当～八丁味噌使用～」発売、“九州フェア”も同時開催「大分県産かぼす使用ポン酢 おろし唐揚げ弁当」「鹿児島県産新じゃがいもの甘辛煮」など,https://news.yahoo.co.jp/articles/67bd3465ab8dd0a8b0050f5fac2c38d2575d0b17,5/1(水) 16:40
ssnp,食品産業新聞社ニュースWEB,なか卯「温たま照り焼き丼」2024年も発売、甘辛だれを絡めて備長炭で焼いた鶏ももに“こだわり卵の温たま”、「鶏の照り焼き丼」も同時発売,https://news.yahoo.co.jp/articles/7f291cb65af53d3b9c79cd457d20aded50c38efa,5/1(水) 16:01
ssnp,食品産業新聞社ニュースWEB,ほっともっと「旨塩豚カルビ弁当(600円)」発売、別添えレモンで“さっぱりと”「W旨塩豚カルビ弁当(肉2倍)」「もちミニ 旨塩豚カルビ弁当」も,https://news.yahoo.co.jp/articles/15cbee5d9ce1f6aaeb6b3c5e4b10e3e3a03661f6,5/1(水) 15:03
ssnp,食品産業新聞社ニュースWEB,スタバ、いちご×ミルク「ストロベリーフラペチーノ」2024年も発売、甘酸っぱさとミルク感にホイップクリームのコク、5月8日から/スターバックスコーヒー,https://news.yahoo.co.jp/articles/2786484f003c5ec328cefbf49f7751e9832432dc,5/1(水) 13:46
ssnp,食品産業新聞社ニュースWEB,ミスド 10円値上げ、ドーナツ生地・ホイップクリーム・カスタードクリームをリニューアル、「ポン・デ・リング」「フレンチクルーラー」「ハニーディップ」「ハニーチュロ」「オールドファッション」など対象に7月3日から,https://news.yahoo.co.jp/articles/b0f30c0e153071de3c7d5f9babcdeb6a2d00dbdc,5/1(水) 12:45
ssnp,食品産業新聞社ニュースWEB,セブンイレブン「スパイファミリー」ステッカー配布、アーニャ・ヨルなど描いた“母の日”デザイン、ロッテのガーナチョコレート購入で/SPY×FAMILY,https://news.yahoo.co.jp/articles/eec62d628b1cd5f0859691cd60f53135274d8d1e,5/1(水) 12:12
ssnp,食品産業新聞社ニュースWEB,丸亀製麺「甘口トマたまカレーうどん」発売、“待望の甘口”りんごジュース・バナナピューレ・カラメルソースなど使用、TOKIO松岡昌宏さんと共同開発,https://news.yahoo.co.jp/articles/3bbfd929f6ff5e0ad550ad62af4d1389ef30c282,4/30(火) 18:27
ssnp,食品産業新聞社ニュースWEB,「ゴールデンカップ神戸」がオープン、92年の歴史のある日米珈琲の直営喫茶店,https://news.yahoo.co.jp/articles/6010c47b01974df60abaa97d96d8346cccef51af,4/30(火) 17:33
ssnp,食品産業新聞社ニュースWEB,農水省、5月の野菜生育状況及び価格見通し、5月は「ばれいしょがお買い得」「出荷が安定し、価格が落ち着く野菜が増える見込み」/東京都中央卸売市場出荷,https://news.yahoo.co.jp/articles/ce0a2c0edae3aedfa41da6198bc155af65cbc4c4,4/30(火) 17:13
ssnp,食品産業新聞社ニュースWEB,シャトレーゼ「メロン香る純生クリームショートケーキ」「アンデスメロンのデコレーション」販売スタート、レアチーズタルトやパフェなど“メロンスイーツ”も販売中,https://news.yahoo.co.jp/articles/83c3ca4bee803be631291aa04dee2c1ff7facd03,4/30(火) 16:33
ssnp,食品産業新聞社ニュースWEB,ローソン「ゴディバ」コラボスイーツ&パン発売、ショコラロールケーキ・カヌレ・ちぎりロール・クリームパン登場、“どらもっちショコラ”合わせた全5品展開,https://news.yahoo.co.jp/articles/2157c0cdc673f32fced5009b37a124dbcf1ceeb6,4/30(火) 15:58
ssnp,食品産業新聞社ニュースWEB,はま寿司、「はま寿司のすし祭りセット」「はま寿司の手まき祭りセット」を5月3日から5日限定販売、購入で「すみっコぐらしとびだす鯉のぼりカード」がもらえる,https://news.yahoo.co.jp/articles/93fbc6afff391839086552b24d5a4c483ad83b8a,4/30(火) 15:49
ssnp,食品産業新聞社ニュースWEB,くら寿司、旗艦店を銀座にオープン、車海老を使った「特上にぎり(6貫1800円)」など販売、寿司・天ぷら・団子の3つの屋台でライブパフォーマンスも,https://news.yahoo.co.jp/articles/f9561cd3d6bf29e6c6d0340970b82bea559bbe83,4/30(火) 15:07
ssnp,食品産業新聞社ニュースWEB,ゴディバ「ショコリキサー フローズンチョコミント」5月17日発売、アナと雪の女王シールスリーブ付きで提供、雪をイメージした爽やかな味わい,https://news.yahoo.co.jp/articles/b523a0b0da9f5fa49f75f574b4aa033e2d91634c,4/30(火) 13:47
ssnp,食品産業新聞社ニュースWEB,セブンイレブン、「お値段そのまま人気商品増量フェア」開催、5月8日から15日まで“感謝祭”、おむすび1個やサンドイッチ1組、総菜やデザートなど様々な商品が対象,https://news.yahoo.co.jp/articles/69018f6a2e919c93bbe123454cd9ac2125b66216,4/30(火) 13:28
ssnp,食品産業新聞社ニュースWEB,甲信食糧、GX魚加工工場を甲府市内に竣工、環境負荷低減に注力,https://news.yahoo.co.jp/articles/f1358fa5c54172c4ae41a6648a551fb324b89028,4/30(火) 13:21
ssnp,食品産業新聞社ニュースWEB,スタバ、江戸切子・砥部焼・琉球ガラス・萩焼のマグカップやグラス全7種、オンラインストアと「ロースタリー 東京」で発売、「JIMOTO Made+」シリーズ,https://news.yahoo.co.jp/articles/9a2240b2d0aa68b76ba2adb79da3bc9455577bb3,4/30(火) 13:10
ssnp,食品産業新聞社ニュースWEB,KFC、260円引き「チキンフィレバーガーセット590円」キャンペーン、5月8日から28日まで、11種のハーブ&スパイスを使った1枚肉にオリーブオイル入りマヨソース/ケンタッキーフライドチキン,https://news.yahoo.co.jp/articles/517a48c3fc4672fb63ed4e2e7e27c11ec76299cb,4/30(火) 11:48
ssnp,食品産業新聞社ニュースWEB,スシロー「いくら」“税込100円”で発売、赤皿価格・通常180円～を期間限定で全店100円に/大大大大感謝のゴールデンウィーク得ネタ祭第二弾,https://news.yahoo.co.jp/articles/10f33dc0a692ddd4741f590268ad7c81742ef4bb,4/30(火) 11:46
ssnp,食品産業新聞社ニュースWEB,八天堂、ファミマ限定「冷やして食べる とろけるくりーむパン カフェオレ」発売、本格的なカフェオレの味わいをくりーむパンで再現、風味や程よい甘さにこだわり,https://news.yahoo.co.jp/articles/76a83e704719d16deaad7b2bc0006d99fac4d1a2,4/30(火) 11:32
ssnp,食品産業新聞社ニュースWEB,オリジン弁当、「九州フェア」5月2日開始、九州各県の食材を集め、“こだわりのメニュー”を展開、「なすの辛味噌炒め弁当～八丁味噌使用～」「タルタルチキン南蛮 店内仕込みのタルタルソース」など,https://news.yahoo.co.jp/articles/750bdc6bd6a947f7cc4c50ec2b18400a0b01ee6a,4/30(火) 11:06
ssnp,食品産業新聞社ニュースWEB,松屋、GW企画「おこさまわくわくセット」注文で「森永マミーゼリー」がもらえる、「ひらめきキッズ」か「わんぱくキッズ」のどちらか1つ、10万個限定配布,https://news.yahoo.co.jp/articles/30f7a54e1290213bb68b9bccdc5bcb7ef454633d,4/30(火) 10:30
ssnp,食品産業新聞社ニュースWEB,ハートブレッドアンティーク“ジャンク感満載”「山盛りポテトチーズフランス」発売、祇園辻利とコラボした「薫る!宇治抹茶チョコリング」も同時発売,https://news.yahoo.co.jp/articles/f34399eed2b5e63d46aec838d484481ade35a9ce,4/30(火) 6:40
ssnp,食品産業新聞社ニュースWEB,大谷翔平選手が伊藤園「お～いお茶」とグローバル契約締結、大谷選手への“お手紙”を公開,https://news.yahoo.co.jp/articles/7fd7813c7a30ef70acf41ba414485db0b6a96dac,4/30(火) 4:10
ssnp,食品産業新聞社ニュースWEB,ニッスイ、ギネス「冷凍焼きおにぎり世界売上No.1」認定、記念キャンペーンと「大きな大きな焼きおにぎり」の記念パッケージを5月1日から展開,https://news.yahoo.co.jp/articles/60a6144d3f481f16e38480fb502d62cd05ef9031,4/29(月) 12:12
ssnp,食品産業新聞社ニュースWEB,デニーズ「おこさまメニュー」対象6品が50円に、5月～8月の2日・22日『デニャーズの日』に使用可能、「デニーズアプリ」会員限定で,https://news.yahoo.co.jp/articles/335e27a8e0f5406372148e84a50a6251ccab6326,4/29(月) 11:40
ssnp,食品産業新聞社ニュースWEB,森永乳業「リプトン ミルクティーサンドアイス」発売、パキッとしたチョコ&しっとりしたクッキーの食感を楽しめる,https://news.yahoo.co.jp/articles/8114540ea1ba54b63fb8063bbc97856a3d0e824e,4/28(日) 14:40
ssnp,食品産業新聞社ニュースWEB,カルビー「ポテトデラックス マヨネーズ味」コンビニ先行発売、“カルビー最厚級”のポテチが濃厚なマヨネーズフレーバーで登場、隠し味のマスタードで酸味引き立つ期間限定スナック,https://news.yahoo.co.jp/articles/788ead90d874bc02a24c61b6467a1b4650e70722,4/28(日) 11:40
ssnp,食品産業新聞社ニュースWEB,焼肉ライク“春だけの生ラム”「スプリングラム」販売スタート、チルド(完全無凍結)で空輸、単品680円・セット1580円～、全国82店舗で4月29日から6月15日まで,https://news.yahoo.co.jp/articles/268ee4d4f747398738d37a35b3c889fc4009ce4b,4/28(日) 9:40
ssnp,食品産業新聞社ニュースWEB,"丸源ラーメン、「丸源GW福袋」税込1,100円で販売開始、中身は1,360円分の冷凍生餃子50個と1,000円分のクーポン券、5月6日まで毎日当日販売分を用意",https://news.yahoo.co.jp/articles/4fda269eee20c8b4cc242a1eda32cceace3372df,4/27(土) 15:11
ssnp,食品産業新聞社ニュースWEB,ロッテ「チョコパイ〈キャラメルミルフィーユ〉」発売、ほろにがキャラメルクリーム&香ばしいミルフィーユの味わい、ハピネスモチーフシリーズ第3弾「王冠」イメージのチョコパイ,https://news.yahoo.co.jp/articles/5a003a4b9d30ef20b5ef4108c5041418109a828c,4/27(土) 14:40
ssnp,食品産業新聞社ニュースWEB,松屋、「肉の日企画」で「牛焼肉ダブル定食」など200円引き、4月29日1日限定、松弁ネット、松屋モバイルオーダーからの注文限定,https://news.yahoo.co.jp/articles/7289270fa8a2e3d464ea8c2d4678753c966be5cd,4/27(土) 14:32
ssnp,食品産業新聞社ニュースWEB,和食さと、「鰹の海鮮バラちらし重」など初夏限定テイクアウトメニュー発売、焼津港水揚げの「鰹のたたき」使用、「季節の特選天重〈初夏〉」では海老3尾やアジ天を米粉入りの衣で軽い食感に仕上げる,https://news.yahoo.co.jp/articles/ee66e70587716c7addc8bb9ed52c81e2853762ab,4/27(土) 13:55
ssnp,食品産業新聞社ニュースWEB,ステーキのどん「追い肉50g」クーポンなど展開、GWの「お肉クーポンキャンペーン」、しゃぶしゃぶどん亭ではクーポンで食べ放題の1つ上のコースの肉を1組あたり2皿もらえる/アークミール,https://news.yahoo.co.jp/articles/80fda8f4c4e6ac59d5baabab9e276543de749a09,4/27(土) 11:14
ssnp,食品産業新聞社ニュースWEB,ピザハット、「GWセット」2種類発売、ピザとサイドメニューなどのセットで最大50%オフ、5月6日まで展開,https://news.yahoo.co.jp/articles/bca73d7e68c28cb768554c5f6e3a75130fc27cbc,4/27(土) 9:40
ssnp,食品産業新聞社ニュースWEB,飲料各社が熱中症訴求を早期化、早まる気温上昇に対応,https://news.yahoo.co.jp/articles/491860a56592b1c7e4f9499fe1c55adbc7a7a7f0,4/27(土) 9:10
ssnp,食品産業新聞社ニュースWEB,ミニストップ、ソフトクリーム50円引き5月2日から6日実施、モバイルオーダー限定クーポンで合計100円引きに、おにぎり本体価格98円や新スイーツも展開/ゴールデンウイークセール,https://news.yahoo.co.jp/articles/77e1d8acf4015baffe5cd95fd4a6994ede244d4d,4/26(金) 18:18
ssnp,食品産業新聞社ニュースWEB,ローソンストア100、「中華・アジアンフェア」開催、5月8日からアジアングルメ発売、自家製竜田揚「五香粉香る!大鶏排(台湾風竜田揚)弁当」や「ガパオ飯おにぎり」など,https://news.yahoo.co.jp/articles/ed9350e8e362361bfb29150f17a5b6668f7e993a,4/26(金) 16:41
ssnp,食品産業新聞社ニュースWEB,かっぱ寿司×格之進コラボ第2弾、「黒毛和牛カレー」2品と「ハンバーグにぎり」2品を5月9日から発売、カレーソースは黒毛和牛「門崎熟成肉」の挽肉を容量の30%まで使用,https://news.yahoo.co.jp/articles/d6f87349414ef56b0009be74b09f8c167bb0745b,4/26(金) 15:08
ssnp,食品産業新聞社ニュースWEB,銀座ルノアールが新ブランド店「アリーヌ カフェ エ シュクルリ」を東京・府中にオープン、南仏の家庭的で温かなイメージの新業態カフェで駅ビルや郊外への出店目指す,https://news.yahoo.co.jp/articles/0d933397fd73169d5a80813b826e39e2d5459522,4/26(金) 14:01
ssnp,食品産業新聞社ニュースWEB,大阪王将「五目冷やし中華」「胡麻どろ冷やし担担麺」販売スタート、8月31日までの夏季限定,https://news.yahoo.co.jp/articles/84fe7b84eeafd4e846903e4bb3cca2e6f75e0d13,4/26(金) 13:45
ssnp,食品産業新聞社ニュースWEB,ファミマ「スヌーピー」コラボスイーツ発売、クリアファイル・ステッカー配布や限定グッズ抽選プレゼントも/ファミリーマート「スヌーピー ファミリーキャンペーン」,https://news.yahoo.co.jp/articles/8d8e88669f7f79c3de1e6af614bfef0906058b57,4/26(金) 13:19
ssnp,食品産業新聞社ニュースWEB,コージーコーナー2024年「母の日限定ケーキ」予約開始、母の日ベリーセレクション・フラワープリンセス・コージープリンセスなど、11日・12日購入でカーネーション造花プレゼントも,https://news.yahoo.co.jp/articles/39415c4ce013e13dbb70e4ecee5db3aa58f9e9b9,4/26(金) 11:11
ssnp,食品産業新聞社ニュースWEB,松のや、「有頭大海老フライ」5月1日復活販売、頭から尻尾まで食べられる、特製タルタルソース付き商品、発売中の「雪国育ちロースかつ」とのコンボメニューも用意,https://news.yahoo.co.jp/articles/6cc8e0ebad89c6584d647833ed4f22a67b1326ee,4/26(金) 11:10
ssnp,食品産業新聞社ニュースWEB,ハッピーセット「トミカ」第2弾発売、パトカー・パーティーバス・ミキサー車・清掃車や“ひみつのおもちゃ”付き、週末プレゼント「プレイングシート＆トヨタガズーレーシングポスター」も/マクドナルド,https://news.yahoo.co.jp/articles/6e45561873e8e04cae66d669a4a520e5eb575bf6,4/26(金) 6:40
ssnp,食品産業新聞社ニュースWEB,「爽みたいなスフレケーキ」バニラ・練乳いちご発売、ロッテのアイス「爽」とコラボ“シャリシャリ”食感のクリーム入り/敷島製パン,https://news.yahoo.co.jp/articles/ce881c294002c8c86e35eab1ed28bf5cce282c1a,4/25(木) 17:26
ssnp,食品産業新聞社ニュースWEB,イオン、「アジアングルメフェア」4月26日から開催、ゴールデンウィークに、“気軽に異国気分”、タイのグルメの惣菜やタイ産マンゴーのスイーツ、タイやベトナムのトロピカルフルーツを展開,https://news.yahoo.co.jp/articles/e9515457b21e494143bab67701b759b4edb050f6,4/25(木) 16:56
ssnp,食品産業新聞社ニュースWEB,「ガリガリ君リッチチョコミント」5月7日発売、2024年はミルクが濃くなってリニューアル、SNSで“オリジナルスティック&スティックスタンド”プレゼントも/赤城乳業,https://news.yahoo.co.jp/articles/035ea0a8b4e141f291e86543e9c7f09746cb3c5b,4/25(木) 16:04
ssnp,食品産業新聞社ニュースWEB,味の素AGF社長交代、島本憲仁常務が新社長就任へ、同社初のプロパー社長が誕生,https://news.yahoo.co.jp/articles/db67c687e6a47f844df1bb3bf4df2d7d262702e2,4/25(木) 15:53
ssnp,食品産業新聞社ニュースWEB,すたみな太郎、「サーロイン」を4月26日からGWスペシャルメニューで食べ放題、あわせて別売「和牛カルビロール」特別価格で提供開始、5月3日からは「ボンレス・ショートリブ」投入,https://news.yahoo.co.jp/articles/e5eef1a7424fd43c933f7cea60ee4bde204a3174,4/25(木) 15:39
ssnp,食品産業新聞社ニュースWEB,カルディ「シェラカップ&2in1カトラリーセット」発売、直火可能で目盛り付きのシェラカップ、スプーン&フォークが一体になったカトラリー、アヒージョの素、キャンプや登山などアウトドアシーンに,https://news.yahoo.co.jp/articles/cf2bd485a2493d477adb06f34b39339eea800672,4/25(木) 14:45
ssnp,食品産業新聞社ニュースWEB,ハーゲンダッツ、YOASOBI初タイアップ、オリジナルデザイン入りグッズが当たるクローズドキャンペーン開催、「ハンディファン」「スマホショルダー」など当たる,https://news.yahoo.co.jp/articles/bfe346306c5c5007586f5914371320c776a85544,4/25(木) 14:01
ssnp,食品産業新聞社ニュースWEB,ビアードパパ×いちごみるく、「いちごみるくシュー」発売、サクマ製菓と初コラボ、いちごみるくキャンディグリッターを飾った生地にいちごみるくクリームを詰める,https://news.yahoo.co.jp/articles/e0be5057da389a5d0f72937955241da62ac2cdd0,4/25(木) 13:26
ssnp,食品産業新聞社ニュースWEB,出前館、GWに「ウルトラ半額祭」開催、デニーズ「とろ～り卵とチーズのオムライス」621円など、約6500の加盟店の対象メニューが50%引き、5月1日から5月6日まで,https://news.yahoo.co.jp/articles/d771d4b404ec7efcf9d13fc886b2de6bf5791038,4/25(木) 12:57
ssnp,食品産業新聞社ニュースWEB,ハッピーセット「サンリオキャラクターズ」第2弾発売、クロミ・キキララ・マイメロディ・ポチャッコの“おでかけグッズ”や“ひみつのおもちゃ”付き、週末プレゼント「サンリオポストカード」も/マクドナルド,https://news.yahoo.co.jp/articles/7f0ae2d1cdd0ad6a30cf5aa0f4f80fd93bb8f153,4/25(木) 12:40
ssnp,食品産業新聞社ニュースWEB,バーガーキング、「アグリー ザ・ワンパウンダー」4月26日発売、“超大型チーズバーガー”ビーフパティ4枚とチェダーチーズ6枚使用、「アメリカン スモーキーチキン」GW割引も実施,https://news.yahoo.co.jp/articles/f85c24e84cb3846530f5c333eac1596f196e9580,4/25(木) 12:00
ssnp,食品産業新聞社ニュースWEB,「夏の東京ディズニーリゾート」2024、スーベニア付きスイーツ・ひんやりメニューなど、東京ディズニーランド・東京ディズニーシーで続々発売,https://news.yahoo.co.jp/articles/a088ddf6e375f1ba4ccbb29f4d8f20a14dbe910d,4/25(木) 11:54
ssnp,食品産業新聞社ニュースWEB,KFC「こどもの日9ピースバーレル」5月3日発売、オリジナルチキンが500円値引き、同時注文でサイドメニュー値引きも、“こどもの日”振替の5月6日まで/ケンタッキーフライドチキン,https://news.yahoo.co.jp/articles/250c75a260a7d99bb05c9d8351e608fe1454b4db,4/25(木) 11:22
ssnp,食品産業新聞社ニュースWEB,ドミノ・ピザ、「2枚目100円」4月26日から実施、「ドミノのGOLDEN WEEK」キャンペーン、持ち帰り1枚750円や“おトク”なサイドメニューのセットなども展開,https://news.yahoo.co.jp/articles/c58552b2e847b2e39e5704a6658e440865360ca0,4/25(木) 11:12
ssnp,食品産業新聞社ニュースWEB,銀だこ×鬼滅の刃コラボ第1弾「竈門炭治郎と竈門禰豆子の『のり明太ポテト』」発売、限定コラボカード1枚付き/2024年柱稽古編キャンペーン,https://news.yahoo.co.jp/articles/2185bd356b24ee02c25d97dcadc3ef7c7ad9e342,4/25(木) 10:45
ssnp,食品産業新聞社ニュースWEB,ほっともっと 肉量2倍の「メガ・カットステーキ弁当」発売、カットステーキ・から揚・メンチカツ・エビフライ合わせた「ハーフ・カットステーキミックス弁当」も,https://news.yahoo.co.jp/articles/ea486c7e270c7f62fef54d8fae5248dd2f76fc8b,4/25(木) 6:40
ssnp,食品産業新聞社ニュースWEB,UCC上島珈琲が一部商品を価格改定、レギュラーコーヒー54アイテムを7月1日から、大型ペットボトル9アイテムを9月2日から、店頭価格は20～30%程度の上昇見込み,https://news.yahoo.co.jp/articles/308deba7c5767a04c74023c15c722d3e307a9e51,4/24(水) 17:59
ssnp,食品産業新聞社ニュースWEB,ペッパーランチ、4月29日限定「肉盛りPEPPER'S」990円発売、ハンバーグ・ステーキ・牛焼肉をワンプレートで、『肉の日』メニュー,https://news.yahoo.co.jp/articles/a778fa2db9eec9cafc235b1b938fc5378d1cbcdd,4/24(水) 17:24
ssnp,食品産業新聞社ニュースWEB,ファミマ、「ゴディバ監修チョコレートフラッペ」「ゴディバ監修ホワイトチョコレートストロベリーフラッペ」4月30日発売、今年は濃厚なチョコレート味と甘酸っぱいストロベリーのホワイトチョコ,https://news.yahoo.co.jp/articles/eae1018dee9217307f42a9cb973cb3f9e0ae958c,4/24(水) 17:02
ssnp,食品産業新聞社ニュースWEB,コージーコーナー「白桃と紅茶のケーキ」発売、人気の白桃を使った季節限定スイーツ、「白桃のパイ」の販売も,https://news.yahoo.co.jp/articles/d366ce9b5e36dc96d259e32655d6f649dccdff5e,4/24(水) 16:49
ssnp,食品産業新聞社ニュースWEB,安楽亭、「こどもの日は安楽亭へGo!Go!キャンペーン」4月30日から開催、通常495円の「おこさまやきにくセット」など税込60円で提供、食べ放題10%オフや「黒毛和牛カルビ」半額など展開,https://news.yahoo.co.jp/articles/ba7df7e795d505e64834e35f4e12137ddc5f284e,4/24(水) 15:42
ssnp,食品産業新聞社ニュースWEB,ロイヤルホスト、「フレッシュメロンデザート」5月15日販売開始、国産メロンを使用、メロン半分を贅沢に使う「フレッシュメロンボウルパフェ」や「パンケーキ&メロンのプチブリュレ」などを展開,https://news.yahoo.co.jp/articles/1da81b9e5f259cb670be049e28b58d8bd53997c0,4/24(水) 14:21
ssnp,食品産業新聞社ニュースWEB,松屋、「牛めし50円引きクーポン」公式Xで配信、使用は4月30日までの1週間、公式Xフォロワー50万人達成記念,https://news.yahoo.co.jp/articles/9b51bec386924474907639de011285f5a86dfd62,4/24(水) 11:49
ssnp,食品産業新聞社ニュースWEB,ブロンコビリー、「初夏サラダバー」4月26日開始、ズッキーニやオクラ、ナスやそら豆など初夏の野菜を使用、「新緑野菜のサラダ カリカリチーズ添え」など提供,https://news.yahoo.co.jp/articles/468e0b8683fe989977dc6e003add33b1809c77b5,4/24(水) 10:57
ssnp,食品産業新聞社ニュースWEB,セブンイレブン「転スラ」ポップアップコースター配布、リムル・ヒナタ・ディアブロ・ルミナスをデザイン、明治のチョコレート購入で/転生したらスライムだった件,https://news.yahoo.co.jp/articles/9057cccb04b4a4eafaf5f669922288d880b53a95,4/24(水) 6:40
ssnp,食品産業新聞社ニュースWEB,セサミストリートマーケット、保冷トートバッグやマグカップ、ミトン・鍋敷きなどのキッチンアイテムを発売,https://news.yahoo.co.jp/articles/71ec77e12c8ba78896aa787ea69be10df822f06c,4/23(火) 20:35
ssnp,食品産業新聞社ニュースWEB,「サントリー天然水」「クラフトボス」「なっちゃんオレンジ」など値上げ、500PET・大容量PET・ボトル缶・濃縮PET他で合計188品目対象/2024年10月1日出荷分から サントリー食品インターナショナル,https://news.yahoo.co.jp/articles/0119233186c37c9501961e06170c499ffeb35dec,4/23(火) 18:33
ssnp,食品産業新聞社ニュースWEB,ココス「熟成生ハムとアスパラのカルボナーラ」発売、「熟成生ハム&グラスワイン」550円も登場/今月のグルメ～5月～,https://news.yahoo.co.jp/articles/45d65afc488960828a9d606ccb4e99aa986d4ca1,4/23(火) 18:07
ssnp,食品産業新聞社ニュースWEB,モンテローザ、酒提供店舗で「飲酒に関する注意事項」の案内表示開始、厚労省「飲酒ガイドライン」に基づき、「20歳未満飲酒」や「飲酒運転」など禁止事項に加え健康配慮の注意記載,https://news.yahoo.co.jp/articles/919f8e250b9914753cc8f3c76e77907a9fd97422,4/23(火) 16:51
ssnp,食品産業新聞社ニュースWEB,ステーキガスト、みすじ500g「REDステーキ」4949円発売、直径32cmの鉄板で提供、1kg「みすじダブル」8909円、1.5kg「みすじトリプル」1万2209円、ガーリックレモン醤油ソース・チーズソースなど6種のソース,https://news.yahoo.co.jp/articles/290c7d445db9419c8e73377b23992fd01faa8f7e,4/23(火) 15:14
ssnp,食品産業新聞社ニュースWEB,ハイチュウ「サワーウォーターメロン味」5月7日発売、イギリスで人気の“すいか”フレーバーが日本上陸、季節限定“塩レモン”の「すッパイチュウ」も販売/森永製菓,https://news.yahoo.co.jp/articles/98e9567a01db659d8fcbabc3707e32164444c949,4/23(火) 15:01
ssnp,食品産業新聞社ニュースWEB,かっぱ寿司、「かっぱの本鮪中とろ110円&豪華ネタ祭り」4月25日開催、「本鮪中とろ」税込110円をはじめ、「ずわい蟹」や「いくら」「蝦夷あわび」などをゴールデンウィーク期間に展開,https://news.yahoo.co.jp/articles/efe91b08d933850b8af012f896ee0bb73648f2ae,4/23(火) 14:53
ssnp,食品産業新聞社ニュースWEB,「雪見だいふく もちもちカリカリ ～チョコinバニラ～」発売、チョコレートパフをバニラアイスに混ぜ込んだ“新食感”雪見だいふく/ロッテ,https://news.yahoo.co.jp/articles/488901310672d6aa014fa85b5ff65d12a32fb107,4/23(火) 14:36
ssnp,食品産業新聞社ニュースWEB,"にぎりの徳兵衛、2024年「G.W福袋」4月26日発売、3,300円で4,800円分のクーポンと「寿司醤油」「健康四番茶玄米入り」",https://news.yahoo.co.jp/articles/b2cac699aa019aa69ab991a9bc1c214b4e7b22fe,4/23(火) 14:03
ssnp,食品産業新聞社ニュースWEB,コージーコーナー「夏のマドレーヌ」発売、レモン・マンゴー使用の季節限定スイーツ、もも・バター合わせた4種の味わいアソートも,https://news.yahoo.co.jp/articles/03b57d9c200000abbc2c4f1418cd1fd150160d48,4/23(火) 14:01
ssnp,食品産業新聞社ニュースWEB,八天堂、「まるでアイスなくりーむパン メロン」をファミリーマートで先行発売、凍ったまま食べるくりーむパンの新商品、クリームに静岡県産クラウンメロンの濃縮ペーストを使用,https://news.yahoo.co.jp/articles/c31ed93e1806cf0fdea8afcdd76bc748e7ab9a4b,4/23(火) 13:22
ssnp,食品産業新聞社ニュースWEB,スタバ、フラペチーノ全品に70円でトッピングできる「メロン果肉カスタマイズ」発売、「もっとGOHOBIメロンフラペチーノ」「バニラクリームフラペチーノwithメロン果肉カスタマイズ」,https://news.yahoo.co.jp/articles/728910cc1742cedced0a2e541f9f990ca3b1aeb3,4/23(火) 12:58
ssnp,食品産業新聞社ニュースWEB,「スシロー×食べログ」名店シリーズ、「むぎとオリーブ」監修の「蛤醤油ラーメン」を4月24日発売、“上品な貝出汁醤油スープ”のラーメンを450・460・490円で提供,https://news.yahoo.co.jp/articles/6a4105e3b3421f4c5fe285281ba18791f0eabf3b,4/23(火) 12:19
ssnp,食品産業新聞社ニュースWEB,かつや「ねぎ味噌ロースカツ丼」12万食限定発売、“コク旨”味噌ダレをまとわせ玉子とじに、テイクアウトの弁当も,https://news.yahoo.co.jp/articles/949ce031c5b1c96d5598702685d69a48697447de,4/23(火) 11:19
ssnp,食品産業新聞社ニュースWEB,丸美屋「ポケモンまぜごはんの素」5月16日発売、さけ&ツナマヨ味にピカチュウのかまぼこチップ付き、リザードン・ニャオハなどのスペシャルキラキラシール入り,https://news.yahoo.co.jp/articles/74342aa8a82813d79f291c772eb75cf19f6b190d,4/23(火) 11:17
ssnp,食品産業新聞社ニュースWEB,丸美屋「ちいかわまぜごはんの素」5月16日発売、さけ&ツナマヨ味にちいかわかまぼこチップ付き、ハチワレ・うさぎ・モモンガなどのスペシャルキラキラシール入り,https://news.yahoo.co.jp/articles/cea5511cef642a2e9dd8647fb15722de0fe35c00,4/23(火) 10:42
ssnp,食品産業新聞社ニュースWEB,ファミリーマート限定「星のカービィ まんまる焼き」発売、カービィの顔など描いた誕生日記念スイーツ、シール全8種類入り/任天堂×バンダイ,https://news.yahoo.co.jp/articles/33d26276f78c839966474c60ba4b39afcb2e1461,4/23(火) 9:59
ssnp,食品産業新聞社ニュースWEB,ジョエル・ロブション“母の日限定ギフト2024”「プチカヌレ セレクション(3000円)」「ティータイムアソート(2100円)」ほか全4種販売“フランボワーズの酸味とバラが香る”キャラメルなど詰め合わせ,https://news.yahoo.co.jp/articles/ab4e99796a82a93143bd74343c24d6a173c96937,4/22(月) 18:25
ssnp,食品産業新聞社ニュースWEB,ファミリーマート、「植物生まれのティラミス」など「おいしい植物性由来。」第2弾5商品を発売、ティラミスはアーモンドホイップ、豆乳発酵食品のムースで味わいを表現,https://news.yahoo.co.jp/articles/e08d6c0e493e20ed07a9b8c0c8f7b77df601bb9d,4/22(月) 17:38
ssnp,食品産業新聞社ニュースWEB,牛角「鬼滅の刃」2024年コラボ開催、「全集中でお焦げを作れ!牛肉そぼろの石焼ビビンバ」などコラボメニュー注文でクリアファイルプレゼント、抽選でアクリルスタンドなどプレゼントも,https://news.yahoo.co.jp/articles/7eea7a5fd8c7872e9d653ccd2c598a299af34fc0,4/22(月) 17:26
ssnp,食品産業新聞社ニュースWEB,ステーキ宮『ブルーベリーフェア』開始、果肉入りソースを重ねた「ブルーベリーのカタラーナ」、ブルーベリーレアチーズケーキアイスを盛った「ブルーベリーサンデー」など4種のスイーツを発売,https://news.yahoo.co.jp/articles/997141148b4347e0524ca573610b5613ebe789fa,4/22(月) 17:04
ssnp,食品産業新聞社ニュースWEB,ミニストップ、4月23日「プリンロールケーキ」「ダブルピーナッツコッペ」発売、プリンロールケーキは、ロール生地にホイップクリームを絞りプリンをまるごと1個トッピング,https://news.yahoo.co.jp/articles/b87a6b2615571e8249dafb837450988a01b8fbd6,4/22(月) 16:50
ssnp,食品産業新聞社ニュースWEB,築地銀だこ×鬼滅の刃 2024年コラボ開催、カード付き「煉獄杏寿郎と宇髄天元の炎のコク旨てりたま」などコラボたこ焼き4種展開、クリアファイル付きたい焼や5000セット限定「スペシャル鬼滅の刃セット」販売も,https://news.yahoo.co.jp/articles/53f7502a11742db0bab398fe12f02458293f25ef,4/22(月) 16:20
ssnp,食品産業新聞社ニュースWEB,くら寿司『いくらと極上かにフェア』2貫115円「味付いくら」、3貫390円「かに三種盛り」、1貫280円「ボイル本ズワイガニ大」など登場,https://news.yahoo.co.jp/articles/2ccb7347a42fc074ffd3ba4d39221de4baeae9a4,4/22(月) 15:41
ssnp,食品産業新聞社ニュースWEB,かっぱ寿司、持ち帰りセット「初夏の彩り11種セット」4月25日発売、「中とろ」2貫や「特盛いくら」「上煮穴子」など豪華ネタと「だし巻玉子」を詰め合わせ、同日には母の日向けセットも発売,https://news.yahoo.co.jp/articles/ba679661e7a3d9e62c744db8ed466bfc99345501,4/22(月) 15:38
ssnp,食品産業新聞社ニュースWEB,ステーキ宮、春の福袋「宮袋」割引クーポン券増刷、4月3日に発売し累計1万個突破、売り切れ店も発生,https://news.yahoo.co.jp/articles/19b14621830c29ffb664b2362cdf42614511f36c,4/22(月) 14:43
ssnp,食品産業新聞社ニュースWEB,スシロー、全店税込100円「本鮪赤身(2貫)」発売、「まるごとほたて貝柱」210円～、「天然インド鮪中落ち手巻き包み」260円～など登場『大大大大感謝のGW得ネタ祭 第1弾』,https://news.yahoo.co.jp/articles/6be672a7179744d5c17f3d7daa6673c27a81345f,4/22(月) 14:24
ssnp,食品産業新聞社ニュースWEB,小僧寿し、「超たっぷりフェア」を4月26日まで開催、「超たっぷり まぐろ」にはまぐろ11貫入り、全10種類のセットを展開,https://news.yahoo.co.jp/articles/7188e7584ef24f6c35ecf2bbfc3b948157b3ce0e,4/22(月) 12:48
ssnp,食品産業新聞社ニュースWEB,コージーコーナー×ロッテ「ガーナチョコレート」濃厚チョコケーキ・ジャンボシュークリームを発売,https://news.yahoo.co.jp/articles/bc7e78803b359961d2a1504fa1582042f2d1175a,4/22(月) 11:59
ssnp,食品産業新聞社ニュースWEB,伝説のすた丼屋、「背脂ニンニク牛カルビ丼」辛旨と甘旨の2種を4月23日発売、ニンニクは「すた丼」の約5倍、辛旨は花椒のしびれと唐辛子の辛さ、甘旨はニンニク醤油のコクと果物・野菜の甘みが特徴,https://news.yahoo.co.jp/articles/ab3ad9fc030b88069be95117be5f731ddc98ee32,4/22(月) 11:52
ssnp,食品産業新聞社ニュースWEB,はま寿司「初夏の特選ねた祭り」開催、110円メニューに石垣貝・大葉真いか握り・国産釜揚げしらす軍艦、「焼津産カツオ」「かに食べ比べ」なども販売,https://news.yahoo.co.jp/articles/41386144b43458885943a7583e3dc93890844dd1,4/22(月) 11:18
ssnp,食品産業新聞社ニュースWEB,赤城乳業アイス「トッピンぎゅ～!」新発売、カラースプレー・チョコソース・ホイップクリーム風アイスを1本に,https://news.yahoo.co.jp/articles/d62b58cc55553ab9cb2cf1a11cb348c51044b68c,4/21(日) 15:40
ssnp,食品産業新聞社ニュースWEB,ロッテリア、毎日17時からの新サービス“夜Wバーガー”開始、パティ1枚追加をプラス100円から、「ダブルパティ絶品チーズバーガー」など全15品を展開,https://news.yahoo.co.jp/articles/32225ac5608d566c9a79c3126ca07015ad2afac0,4/21(日) 10:40
ssnp,食品産業新聞社ニュースWEB,無印良品、冷凍麺5アイテム4月23日発売、「肉うどん」「きつねうどん」をリニューアル、「ちゃんぽん」「雲麺」「担々麺」を新発売、いずれも鍋1つで簡単に作れる商品,https://news.yahoo.co.jp/articles/671ab2b2c7929c19492502efc33624a267751621,4/21(日) 7:40
ssnp,食品産業新聞社ニュースWEB,セブンイレブン限定「ポテトチップス 完熟かぼす味」「かっぱえびせん 完熟かぼす味」発売、JA全農おおいた提供の“完熟かぼす”活用で産地応援/カルビー,https://news.yahoo.co.jp/articles/e13d1775e04f3c54c0302880668992f780f1fae3,4/20(土) 14:40
ssnp,食品産業新聞社ニュースWEB,「亀田の柿の種 クラフトMIX アーモンド」35gサイズをコンビニ限定発売、カマンベールチーズ味で“おつまみにぴったり”な食べ切り容量/亀田製菓,https://news.yahoo.co.jp/articles/808a61429fc859f922f467baa45f48786e89688d,4/20(土) 11:40
ssnp,食品産業新聞社ニュースWEB,アサヒ飲料、「WILKINSON GO テイスティグレフル」サンプリング、「墨田区産業共創施設(SIC)」利用者を対象,https://news.yahoo.co.jp/articles/fc5e8e50bd28e1ae450315919bfd18cb28a7bee0,4/19(金) 18:01
ssnp,食品産業新聞社ニュースWEB,不二家“ゴールデンウィーク2024”ミニハンディファンのプレゼント、こどもの日向けスイーツ「かぶとケーキ」「こいのぼりロールケーキ」など発売も,https://news.yahoo.co.jp/articles/d91dc24890e0b0856375301e10b16569d8fdddeb,4/19(金) 17:35
ssnp,食品産業新聞社ニュースWEB,無印良品、「バターチキンカレー」6代目、5年ぶりリニューアル5月15日発売、発売を記念し初代から6代目までの全種販売や、先行試食会などのイベントを開催,https://news.yahoo.co.jp/articles/c57936af7b24351309463cfce3b874dec115b79d,4/19(金) 15:48
ssnp,食品産業新聞社ニュースWEB,カップ麺「一蘭とんこつ炎」発売、“辛さと旨味の絶妙なバランス”一蘭カップ麺の第2弾、約2年かけて開発,https://news.yahoo.co.jp/articles/428e80a7291bf1dbcdb2e2a7c5b5ed1d9ce84c20,4/19(金) 15:00
ssnp,食品産業新聞社ニュースWEB,カルディ、台湾の客家柄「茶こし付きマグカップ」「どんぶりとれんげセット」販売スタート、台湾定番朝ご飯「シェントウジャンの素」、“蘭の花のような香り”四季春茶葉をセットに,https://news.yahoo.co.jp/articles/c690d98a9f8f240689154f0dfd06f2c95e4dc0dd,4/19(金) 13:51
ssnp,食品産業新聞社ニュースWEB,ほっともっと「チキンバラエティパック」100円引き、から揚げ・南蛮ナゲット・ポテトを組み合わせた3種のパック対象に、「チキンバスケット」50円値引きも,https://news.yahoo.co.jp/articles/4962295f65073a69b79cabf2ceb0b96477f3dd02,4/19(金) 13:38
ssnp,食品産業新聞社ニュースWEB,スガキヤ、「必ず当たる!スクラッチキャンペーン」4月27日から、特製ラーメンやかき氷、大盛無料券などの賞品が必ず当たる、税込700円かキッズセット注文で挑戦,https://news.yahoo.co.jp/articles/0778dcf6154ff9b71b3ff09d060bcee209faf740,4/19(金) 13:00
ssnp,食品産業新聞社ニュースWEB,コージーコーナー「チョコミントミルクレープ」発売、“チョコのパリパリ食感×ミントのスースー感”の期間限定スイーツ,https://news.yahoo.co.jp/articles/18166d4902f35a6fc3d785efe8d8514095f8b9d0,4/19(金) 12:02
ssnp,食品産業新聞社ニュースWEB,"吉野家、テイクアウトの牛丼2個以上で割引、「牛丼2個」税込864円「牛丼3個」1,242円「牛丼4個」1,620円に、5月7日まで",https://news.yahoo.co.jp/articles/d5479d4e1ddfa44a14611b540d9c832fa15271f9,4/19(金) 11:55
ssnp,食品産業新聞社ニュースWEB,松のや、「国産雪国育ちロースかつ定食」4月24日発売、日本ハムとのコラボで30万食限定、雪国の国産豚使用で国産ならではの鮮度、定食は税込990円,https://news.yahoo.co.jp/articles/d4a0582b857301725b3620496ada95408639fe44,4/19(金) 11:12
ssnp,食品産業新聞社ニュースWEB,ローソン、片手で食べられるスティック状のケーキ2種を発売、Uchi Caf ご褒美スティックケーキ「ぷっくりクリーム&いちご」「濃厚モンブラン」、本発売は5月6日から,https://news.yahoo.co.jp/articles/de9f0a21efc23c390574837b27e5c1b72a7073ba,4/19(金) 10:04
ssnp,食品産業新聞社ニュースWEB,ジョリーパスタ“白桃スイーツ”2品登場、「ごろっと白桃とレアチーズケーキ」「ピッツァ・白桃&ジェラート」4月25日発売,https://news.yahoo.co.jp/articles/9179a9f553b269d2eff36b0af9cc1313481f5d28,4/18(木) 18:56
ssnp,食品産業新聞社ニュースWEB,カファレル、最大50%引き「アーリーサマーセール2024」缶入りチョコレートの詰め合わせにトートバッグ・マグカップ付きセットなど発売,https://news.yahoo.co.jp/articles/abe854eb59f4bb4b167a9578833ea189e99b91b7,4/18(木) 16:50
ssnp,食品産業新聞社ニュースWEB,ミニストップ、2024年の「ハロハロ」4月19日販売開始、新商品「パチパチ温州みかんソーダ」「練乳あずき」と定番の「ラムネ」発売、「ハロハロ」は今年で販売30年目,https://news.yahoo.co.jp/articles/5366b7aee33664678b8e9f440ef4c0e5e84f0855,4/18(木) 16:00
ssnp,食品産業新聞社ニュースWEB,ロイズ創業40周年「フェイラーハンカチ・生チョコレートセット」発売、ハンカチはカカオの実・チョコレート・FEILERのハイジフラワーなどをデザイン,https://news.yahoo.co.jp/articles/5b54cdde8be617c24a1f724a04db149ca9511324,4/18(木) 15:14
ssnp,食品産業新聞社ニュースWEB,ハッピーターンの“粉だけ”当たるキャンペーン開催、ハッピーターンBIG抱き枕・オリジナルクオカードもプレゼント/「幸福の日 粉うま祭り」,https://news.yahoo.co.jp/articles/7d64ece9712672c97021b9ce7b4529a181e10828,4/18(木) 14:51
ssnp,食品産業新聞社ニュースWEB,和食さと、初夏限定の「マンゴーフェア」開始、6月中旬まで「マンゴーパフェ」や「マンゴードルチェ」など提供、あわせて抹茶スイーツを「天空の抹茶」使用にリニューアル,https://news.yahoo.co.jp/articles/0ee37146044739c048f320a5d4118953a25a2821,4/18(木) 14:35
ssnp,食品産業新聞社ニュースWEB,ガスト、Uber Eatsデリバリーロボットの配達、日本橋店でスタート「チーズINハンバーグ弁当」など“温かいまま届ける”,https://news.yahoo.co.jp/articles/18c2a71a20590f783698ea186da6c39d07426249,4/18(木) 13:28
ssnp,食品産業新聞社ニュースWEB,吉野家×きかんしゃトーマス コラボ、ミニ牛丼やミニカレーセットに、きかんしゃトーマスの「とびだすぬりえ」やステッカーが付くコラボセット販売、新作映画公開記念,https://news.yahoo.co.jp/articles/5ad98643846de01b33551803a6d5205b3340b192,4/18(木) 13:15
ssnp,食品産業新聞社ニュースWEB,マクドナルド「チキンマックナゲット15ピース」250円引きの490円で販売、「たこ焼き風マヨソース」「レモン&ハラペーニョタルタルソース」登場,https://news.yahoo.co.jp/articles/898ffd7925712bc7539fd094db6f5ddb455a3315,4/18(木) 11:41
ssnp,食品産業新聞社ニュースWEB,松屋、「ポーランド風ミエロニィハンバーグ」4月23日発売、ポーランドの家庭料理をごはんに合うようにアレンジ、濃厚きのこソースのハンバーグとバターライスを提供,https://news.yahoo.co.jp/articles/1d6e3daf20c5ea34b32d5028ae9a317c42b681f1,4/18(木) 11:18
ssnp,食品産業新聞社ニュースWEB,ミスド「生ポン・デ・ダブル宇治ほうじ茶」「生ポン・デ・ダブル宇治ほうじ茶 きなこ」発売/ミスタードーナツ2024年“misdo meets 祇園辻利”第2弾,https://news.yahoo.co.jp/articles/a1a054f42a0d1f25556a065a60bc003954c34545,4/18(木) 11:02
ssnp,食品産業新聞社ニュースWEB,プリングルズ×クロックス“Mr. P”のヒゲをモチーフにしたサンダルを発売、プリングルズの缶を収納できるブーツも,https://news.yahoo.co.jp/articles/bc5b139ddb4c4c956a92ebc5e049c07e5e3074c4,4/17(水) 17:34
ssnp,食品産業新聞社ニュースWEB,スシロー×【推しの子】コラボ4月24日開催、描き下ろしシール付きスイーツ・寿司を発売、サコッシュ・キーホルダーなど付いたセット商品や抽選キャンペーン開催も,https://news.yahoo.co.jp/articles/0d5b4f6c1c5617c9f1a6a342f33c773b6eb6cf3c,4/17(水) 17:33
ssnp,食品産業新聞社ニュースWEB,ナチュラルローソン、肉を大豆ミートで代替した「生姜焼き風弁当」4月23日発売、卵、乳など不使用の「ナチュラルティラミス」など“プラントベースフード”5品を展開,https://news.yahoo.co.jp/articles/d3087a2a83c64738a9c712d1b33ddabd476dc91f,4/17(水) 16:27
ssnp,食品産業新聞社ニュースWEB,リンツ『アーリーサマーコレクション 2024』発売、季節限定リンドール「ブルーベリー&クリーム」や定番フレーバーを詰め合わせ、ブルー・イエローの“初夏を感じる”パッケージ、ゴールデンウィークの手土産にも,https://news.yahoo.co.jp/articles/05aa6591429eb7439898c8df56f5c800a2f7ec8c,4/17(水) 15:59
ssnp,食品産業新聞社ニュースWEB,セブンイレブン「名探偵コナン」クリアファイル配布、江戸川コナン・怪盗キッド・服部平次をデザイン、栄養ドリンク・パウチゼリー購入で/劇場版「名探偵コナン 100万ドルの五稜星」,https://news.yahoo.co.jp/articles/42fd8388ee3ce0335c86b8fa1779fc3bf7d1b2d1,4/17(水) 15:25
ssnp,食品産業新聞社ニュースWEB,かっぱ寿司、持ち帰りセット「お母さんありがとう!豪華贅沢11種セット」4月25日発売、人気ネタに加え「いくら」「うに」「ずわい蟹」「蝦夷あわび」の豪華ネタを詰め合わせ、カーネーション付き,https://news.yahoo.co.jp/articles/797bc37c1330f08d9001b64351acf00befbb19c5,4/17(水) 15:11
ssnp,食品産業新聞社ニュースWEB,丸亀製麺×TOKIO「トマたまカレーうどん」「俺たちの豚汁うどん」など復活発売、松岡昌宏と共同開発、上野店では“幻の試作品”シーフードトマトカレーうどん期間限定で登場,https://news.yahoo.co.jp/articles/904fed97d475efc1e587ea97fcd1a15d2210933d,4/17(水) 14:35
ssnp,食品産業新聞社ニュースWEB,ペッパーランチ、「ヒレステーキ」4月24日発売、ペッパーランチだからこそのリーズナブルな価格で提供、「怪獣8号」コラボも実施中,https://news.yahoo.co.jp/articles/28d6fe2ab38106b37d1e80182c0ce3de77f0992f,4/17(水) 13:50
ssnp,食品産業新聞社ニュースWEB,味の素AGFの“5秒で作れる”「ブレンディ」マイボトルスティックシリーズ、誕生の背景に開発研究所の“新しい感性”と“積み重ねたノウハウ”,https://news.yahoo.co.jp/articles/a8da706d5902387ae8e50ef8c0632acd8dde7f11,4/17(水) 13:29
ssnp,食品産業新聞社ニュースWEB,なか卯、「オニオンサーモン丼」4月24日発売、アトランティックサーモンに国産玉ねぎ、特製の旨塩だれをかけた海鮮丼,https://news.yahoo.co.jp/articles/e04ffa7ebf15792d5e65336fedc7835e7b986eb9,4/17(水) 12:16
ssnp,食品産業新聞社ニュースWEB,KFC「SPY×FAMILYセット」ネットオーダー限定発売、アーニャ・ロイド・ヨル・ボンドの描き下ろしステッカー付き/ケンタッキーフライドチキン×スパイファミリー,https://news.yahoo.co.jp/articles/1fd1d6dca6b98b49c60defb623520b2b6bb4768e,4/17(水) 11:23
ssnp,食品産業新聞社ニュースWEB,ブロンコビリー、「炭焼きアメリカンビーフプレミアム ブレードミートロース&肉厚とろあじフライ」4月19日発売、希少部位のブレードミートと長崎県産「あじフライ」のセット,https://news.yahoo.co.jp/articles/0e292e92873e82bef7a3dc0581b4714519828fc7,4/17(水) 10:24
ssnp,食品産業新聞社ニュースWEB,ゆず庵「本ずわいかにしゃぶ」販売スタート、5月上旬までの期間限定、4本1000円・10本2000円,https://news.yahoo.co.jp/articles/b5284d76b469bae9b4682673aa99ae523f0adf4a,4/17(水) 8:22
ssnp,食品産業新聞社ニュースWEB,マクドナルド「チキンタツタ」発売、2024年新作は「油淋鶏チーズチキンタツタ」など、「名探偵コナン」コラボ展開も,https://news.yahoo.co.jp/articles/d7b923fde92127a3402cfa2c0ce05d2a768fd328,4/17(水) 6:40
ssnp,食品産業新聞社ニュースWEB,ファミリーマート、「濃い宇治抹茶まつり」開始、“濃さ”と“本格感”を手軽に味わえる商品をラインアップ、スイーツ、アイス、パン、お菓子など14種類発売,https://news.yahoo.co.jp/articles/d68c3a8eecc86123c742cdeb59263920900aa016,4/16(火) 18:00
ssnp,食品産業新聞社ニュースWEB,くら寿司“うにと肉フェア”開催、「無添加うに」1貫230円、「鹿児島県産黒毛和牛にぎり」1貫345円など4月19日発売,https://news.yahoo.co.jp/articles/817f3f521aea21c3ab09cdf771691f6d60fc0163,4/16(火) 17:41
ssnp,食品産業新聞社ニュースWEB,【2024年4月・カップ麺新商品】「カップヌードル 和風魚介ぶしカレー」や「カップスター」50周年記念の乃木坂46パッケージなど登場,https://news.yahoo.co.jp/articles/deb2eabaa99ae389173a84e47332711e72a46656,4/16(火) 17:25
ssnp,食品産業新聞社ニュースWEB,不二家“母の日スイーツ”2024、「苺のフラワーケーキ」「苺のベリーケーキ」など4種類、5月10日から3日間限定発売,https://news.yahoo.co.jp/articles/5e916e560f0efc60869dc1faa37281cfd37bf4be,4/16(火) 16:24
ssnp,食品産業新聞社ニュースWEB,ビッグボーイ、「春夏グランドメニュー」4月18日開始、大俵ハンバーグの新作「炙りチーズ」「チリコン」発売、サイズも4種類に変更、おこさまメニュー「ジュニア大俵ハンバーグ」など展開,https://news.yahoo.co.jp/articles/a202efcce6f2bf63b4be36e56f32b238e0b4bb2c,4/16(火) 15:29
ssnp,食品産業新聞社ニュースWEB,森永製菓×ファンタコラボの「ハイチュウ」「大粒ラムネ」発売、「ハイチュウ〈ファンタ ヨーグルラッシュ〉」など4月23日登場,https://news.yahoo.co.jp/articles/5a55c7e52aa2268ce050eba8b1ff5949d439fd74,4/16(火) 15:13
ssnp,食品産業新聞社ニュースWEB,ゴディバ「ポテトチップスチョコレート ピスタチオ」発売、塩が効いたポテトチップスにピスタチオチョコをコーティング,https://news.yahoo.co.jp/articles/89353d65d86260ca85b8f206dd809720cc23a99e,4/16(火) 15:08
ssnp,食品産業新聞社ニュースWEB,ローソン、マチカフェ「アイス抹茶ラテ(280円)」「アイスほうじ茶ラテ(248円)」発売、愛知県・西尾の抹茶、滋賀県・朝宮の茶葉を使用,https://news.yahoo.co.jp/articles/1364a1dfeae53abf751471e95928d2f2be0f10f4,4/16(火) 14:06
ssnp,食品産業新聞社ニュースWEB,ロッテ「チョコパイ」とシフォンケーキ専門店“マーサービス”がコラボ、キャラメルチョコレート・宇治抹茶味を発売、「カスタードケーキ〈キャラメル&生クリーム〉」も販売,https://news.yahoo.co.jp/articles/eb4dd4637b642dd17e5a23716d9f7d60172bf7f3,4/16(火) 13:35
ssnp,食品産業新聞社ニュースWEB,からやま、「コンソメからあげの洋食盛り定食」4月19日発売、コンソメからあげをメインに、目玉焼き、ナポリタン、タコさんウィンナーを添える“懐かしい”仕立て,https://news.yahoo.co.jp/articles/15363fca7c18b7dac971768e483021019fa57de1,4/16(火) 12:34
ssnp,食品産業新聞社ニュースWEB,"ココイチ「THEチキンカレー」発売、辛さ控えめのカレーソース、スチームオーブンでローストした“ごろごろチキン""/カレーハウス CoCo壱番屋",https://news.yahoo.co.jp/articles/377d7f035578eddaa36a684351d4abe37237e6ea,4/16(火) 12:33
ssnp,食品産業新聞社ニュースWEB,マクドナルド「メープルバターホットケーキパイ」新発売、2024年“喫茶マック”コーヒーゼリーパフェ・クリームソーダも、CMに「FANTASTICS」中島颯太さん・八木勇征さん登場,https://news.yahoo.co.jp/articles/d4ded183042e9257f71f7eafe1ea7077d341eb1e,4/16(火) 12:22
ssnp,食品産業新聞社ニュースWEB,やよい軒、「贅沢ミックスグリル定食」4月23日発売、ハンバーグとチキンステーキ、ウインナーやナポリタンなどをひとつのプレートに乗せる、ハンバーグとチキンは異なる味付け、“食べ応え抜群”,https://news.yahoo.co.jp/articles/30f32dd80feb45aad9a6c9d80d21459b9a37fabb,4/16(火) 11:38
ssnp,食品産業新聞社ニュースWEB,NewDays「サンドイッチ」リニューアル、食パンと具材のたまごサラダを改良、「ミックスサンド」値下げ、「たっぷりツナ&たまごサンド」増量など,https://news.yahoo.co.jp/articles/62e3e68a2f4d199c2d705882f7530e53c3fa1bfb,4/16(火) 11:15
ssnp,食品産業新聞社ニュースWEB,イオン、イトーヨーカ堂、西友で値下げ、4月は大手スーパーで価格訴求発表、イオンは2023年度「トップバリュ」値下げも業績は好調、原料高、人件費高の中、スケールメリットや効率化を背景に実施,https://news.yahoo.co.jp/articles/7734882330356fb8a9da29b5535a9f7bc21fd8e2,4/15(月) 18:38
ssnp,食品産業新聞社ニュースWEB,祇園辻利、2024年「母の日ギフトセレクション」予約スタート、抹茶菓子や「かぶせ茶ティーバッグ」など詰め合わせ、2023年に完売した「竹かごギフト」など3種類を販売,https://news.yahoo.co.jp/articles/f3b6b52d4fb4f3734f09868c43205b2c52f59087,4/15(月) 17:53
ssnp,食品産業新聞社ニュースWEB,コメダ珈琲店×ロッテ「シロノワール ガーナミルク」発売、クロネージュ・ジェリコ・ホットチョコレートも“ガーナ”コラボで登場,https://news.yahoo.co.jp/articles/b4e12ce8182bf3014f440affdd12c8ed0226e775,4/15(月) 16:35
ssnp,食品産業新聞社ニュースWEB,イオン「タスマニアビーフ」誕生50周年を記念、2024年に約50品目の新商品、「牛タン」「ローストビーフ チョップドカット」「生ハンバーグ」など順次発売、ブラックアンガス血統100%、島内産の穀物で肥育,https://news.yahoo.co.jp/articles/0aafad8db97c7a9755ab36e1b57769be015110db,4/15(月) 16:05
ssnp,食品産業新聞社ニュースWEB,ローソン4月20日「ジョブチューン」登場スイーツを紹介、新商品「ご褒美スティックケーキぷっくりクリーム&いちご」やGODIVA監修「どらもっちショコラ」、「リッチミルクバー」など11品“放送を見ながら食べてジャッジ”,https://news.yahoo.co.jp/articles/4a3a65261f9b25332d9844ea3d4b3f3eb7730640,4/15(月) 15:53
ssnp,食品産業新聞社ニュースWEB,イトーヨーカドー、「春の北海道フェア」で「新札幌乳業 北海道牛乳」を使用したスイーツ4種発売、「ミルクプリン」や「ハスカップレアチーズタルト」など、そのほかほたてやアスパラガスなどの食材やデリカも用意,https://news.yahoo.co.jp/articles/a98253cef43756aa7363f2cb814828e03be35448,4/15(月) 14:47
ssnp,食品産業新聞社ニュースWEB,しゃぶ葉“こまめどりプロジェクト”開始、完食した写真の提示で次回使える「ドリンクバー110円券」配布、食べ放題でフードロス削減,https://news.yahoo.co.jp/articles/b8c8c48ffbaa5c26874eb0a9c5a2b5025431241c,4/15(月) 14:23
ssnp,食品産業新聞社ニュースWEB,ネスレ日本が“座りすぎ問題”とブレイク(中断または休憩)の重要性を発信 、課題解決へ専門家監修の新コンテンツをWEBサイトで無料公開、“コーヒーとチョコレートの会社”が取り組む理由とは,https://news.yahoo.co.jp/articles/b10f25d13b14270a5d9eaa54a16813e75f3eccce,4/15(月) 13:43
ssnp,食品産業新聞社ニュースWEB,セブンプレミアムから冷凍食品「デニーズ四川風担々麺」「デニーズたらこスパゲッティ」発売、デニーズの知見を生かしてレンジアップだけで本格的な食事が楽しめる商品を開発/セブン&アイ・HD,https://news.yahoo.co.jp/articles/53ab0747947186de8794d8f3470564942c151da2,4/15(月) 12:48
ssnp,食品産業新聞社ニュースWEB,カルディ「お手軽水出しコーヒーセット」発売、海の生き物や灯台が描かれたピッチャーと「ウォータードリップコーヒー」をセットに,https://news.yahoo.co.jp/articles/7f762abe4269b3b2f12396e1d409c010e7ff81f4,4/15(月) 12:10
ssnp,食品産業新聞社ニュースWEB,小僧寿し、「北海グルメうまい丼フェア」平日限定4月19日まで、「お手頃」646円と「贅沢」810円の2つの価格帯で6種類の丼を展開、贅沢「ガツ盛サーモン丼」やお手頃「かにネギトロ丼」など,https://news.yahoo.co.jp/articles/99afefdad5e9fc1e6fca243a2509539d754bccaf,4/15(月) 11:22
ssnp,食品産業新聞社ニュースWEB,「はま寿司の春の旨ねた大漁祭り 第2弾」スタート、1貫110円「北海道噴火湾水揚げしめさば」・2貫165円「ロコ貝」・1貫165円「国産真ふぐの天ぷら握り」発売,https://news.yahoo.co.jp/articles/373cf195cf0012cbfa6b77e8eeb330ed93673af6,4/15(月) 11:04
ssnp,食品産業新聞社ニュースWEB,ピザハット 4月19日から“対象ピザ600円”、マルゲリータ・じゃがマヨコーン・イタリアントマト＆ガーリック、テイクアウトで3日間限定/600号店開店記念感謝セール,https://news.yahoo.co.jp/articles/8e6a62a300ac9e1341dc5c0e36279b6653f72cef,4/15(月) 10:44
ssnp,食品産業新聞社ニュースWEB,カンロ「カンデミーナグミ仮面ぶどう会」発売、半端な覚悟では“噛めん”仮面型グミ、ダンシングレープソーダなど3種の“炭酸が踊るような”味わい,https://news.yahoo.co.jp/articles/c86c5a30f4ec13378db88f2becb781d59dfdd122,4/14(日) 14:50
ssnp,食品産業新聞社ニュースWEB,老舗和菓子店「一六本舗」×森永製菓「ミルクキャラメル」、「一六タルトキャラメル」発売、餡はミルクキャラメルをイメージして粘りのある食感に,https://news.yahoo.co.jp/articles/0251d52d66843659c11ece21f43be67eb0085bd8,4/14(日) 8:40
ssnp,食品産業新聞社ニュースWEB,ジョイフル、「かき氷みるく」4月16日発売、2024年は新フレーバー「シャインマスカット」を用意、全5種類を展開,https://news.yahoo.co.jp/articles/ade08277c5eaeaa83533a50bd7358f72cf6d9447,4/14(日) 7:40
ssnp,食品産業新聞社ニュースWEB,カルビー「ポテトチップス ザ厚切り」コンビニ先行発売、“厚切りのド定番”目指した新シリーズ、厚切りのためのうすしお味/コンソメ味の2フレーバー販売,https://news.yahoo.co.jp/articles/b62a7796c728753b8f2c8455f8c88866ef9fef0b,4/13(土) 15:40
ssnp,食品産業新聞社ニュースWEB,モスバーガー、関東限定「ホットチキンバーガー」「スパイシーホットチキンバーガー」発売、埼玉のラジオ放送局「FM NACK5」の番組「MOSラジNACK5店」KEYTALKとのコラボ第2弾,https://news.yahoo.co.jp/articles/0dd71cbbe51640929d89ee0c7cbd99a68f01f76c,4/13(土) 8:40
ssnp,食品産業新聞社ニュースWEB,"高級バーガー「ローストビーフバーガー」をウェンディーズ・ファーストキッチン15店舗で発売、価格は2,000円超え、ローストビーフをふんだんに使用、静岡県産本わさびと昆布ポン酢ジュレを組み合わせ",https://news.yahoo.co.jp/articles/0af78814fd0b71ec14786468b7bae45d4a0eafba,4/13(土) 7:40
ssnp,食品産業新聞社ニュースWEB,セコム「ほかほか非常食セット・プレミアム」発売、5年保存可能な約10食分、水だけで使える発熱材で温かい食事を、カレーライスやハンバーグなど“日常に近いメニュー”選定,https://news.yahoo.co.jp/articles/1f9b9163f7a55699a2e9f130b81ecfc77d473789,4/12(金) 17:15
ssnp,食品産業新聞社ニュースWEB,幸楽苑2024年「冷し中華」「冷し担担麺」発売、2024年の夏季限定メニュー、自宅で楽しめる「お持ち帰りらーめん(冷し)」も,https://news.yahoo.co.jp/articles/39e5ba22551d1857cd99a92d2ab3d1eaab0a6f87,4/12(金) 15:01
ssnp,食品産業新聞社ニュースWEB,カルディ、横置きできる「水出しドリンクボトル」と水出しコーヒーのセット、オンライン限定価格で発売、デザインは「サックスブルー」「シトロンイエロー」の2種類,https://news.yahoo.co.jp/articles/5e9fd45580b5ae0430133ab7888e6f3b68f7c061,4/12(金) 14:53
ssnp,食品産業新聞社ニュースWEB,「CHILL OUT」パッケージ変更、3年で売上10倍のリラクゼーションドリンクを刷新、“ストレス解放”の体験イベントを秋葉原で開催/コカ・コーラシステム,https://news.yahoo.co.jp/articles/da6433f7c179f62e2755857d967fb7db59813e49,4/12(金) 14:53
ssnp,食品産業新聞社ニュースWEB,大戸屋、「春のごちそうフェア」開始、「鰹の梅はさみ揚げ」や「鰆の西京焼き」など旬の食材を使った限定メニューを販売,https://news.yahoo.co.jp/articles/d896d5845914bf4ab0dbd0bae97f0505a86a04ad,4/12(金) 14:34
ssnp,食品産業新聞社ニュースWEB,八天堂、「春の福袋2024」販売開始、八天堂オンラインショップ限定、18個入りと30個入りの2種類、購入で抽選会に参加、「くりーむパンクッション」や「ボイルズワイ蟹 1kg」が当たる,https://news.yahoo.co.jp/articles/009b239241e3f31dbeee47138d5ab2070bc9cdf8,4/12(金) 12:45
ssnp,食品産業新聞社ニュースWEB,しゃぶ葉「北海道産牛肩ロース&イベリコ豚食べ放題コース」3519円～、「本格すき焼きだし」が“おすすめ”4月25日スタート、ゴールデンウィークに向け駄菓子プレゼントも,https://news.yahoo.co.jp/articles/693a7b21c2319d4b45d4218f8164c14507ff70ad,4/12(金) 12:20
ssnp,食品産業新聞社ニュースWEB,スシロー、5月14日と15日一斉休業、対象は火曜日と水曜日、5月16日からは通常営業、休業日期限の特典、クーポンは13日までの使用推奨、「働きやすい環境づくり」の一環として実施,https://news.yahoo.co.jp/articles/8779e16a553cb56b5f490c7fb4fb45f0069e8e7c,4/12(金) 12:01
ssnp,食品産業新聞社ニュースWEB,KFC、「トクトクパックサイド1個無料」4月17日から、「トクトクパック」に無料でサイドメニュー1個追加/日本ケンタッキー・フライド・チキン,https://news.yahoo.co.jp/articles/e406607e1488d4d96e4946af9aa3342298c25e52,4/12(金) 11:31
ssnp,食品産業新聞社ニュースWEB,ハッピーセット「トミカ」第1弾発売、消防車・救急車・恐竜搬送車とトヨタGRカローラ“ゴールド”仕様、週末プレゼント「スペシャルDVD2024」も/マクドナルド,https://news.yahoo.co.jp/articles/362915b9abe1b2a5be51f0a04833f0b892178e0e,4/12(金) 11:18
ssnp,食品産業新聞社ニュースWEB,ハッピーセット「サンリオキャラクターズ」第1弾発売、シナモロール・ポムポムプリン・ハローキティ・ぐでたまの“お料理グッズ”付き、週末プレゼント「サンリオシール」も/マクドナルド,https://news.yahoo.co.jp/articles/c8ee52d640fb2b94c53d3cb6a822d02342e52182,4/12(金) 10:49
ssnp,食品産業新聞社ニュースWEB,ガスト、自由に組み立てる「DIYビーフ100%ハンバーグサンド」「DIYパンケーキプリンアラモード」など3品発売、スペシャルアドバイザーのヒロミさんが考案,https://news.yahoo.co.jp/articles/3752109fb31f0c95e28177bed08a37b5cfac0d6d,4/11(木) 17:50
ssnp,食品産業新聞社ニュースWEB,ウマ娘「板チョコアイス」コラボ開催、商品購入で「ボイス入りアクリルスタンド」など抽選プレゼント、Xで当たるキャンバスボードプレゼントも,https://news.yahoo.co.jp/articles/d0be123b67d8ad81b83604d50c13cb30dd3283fa,4/11(木) 17:34
ssnp,食品産業新聞社ニュースWEB,カクヤス、乳製品など冷蔵品の即日配送を開始、首都圏の15店舗で展開,https://news.yahoo.co.jp/articles/9bc04ef16bf1d9a45349dc05d8a2da52c1013c69,4/11(木) 17:19
ssnp,食品産業新聞社ニュースWEB,日高屋、「日高ちゃんぽん」「黒酢しょうゆ冷し麺」4月19日販売開始、昨年の人気商品と夏の定番限定メニュー、「北海道産コロッケ」も発売,https://news.yahoo.co.jp/articles/4c1d75d79e2bfe9d2b8941a735a29058081fbc05,4/11(木) 16:51
ssnp,食品産業新聞社ニュースWEB,紀ノ国屋×ローラアシュレイ、犬柄と花柄の「キュービックバッグ」「まとまるバッグ」「ポータブルポーチ」全6種を発売,https://news.yahoo.co.jp/articles/102ad2055122e13e8e20478ae62959c2697ec1c2,4/11(木) 16:37
ssnp,食品産業新聞社ニュースWEB,「お～いお茶」などドリンク製品171品とリーフ製品36品で値上げ、改定率プラス2.2%から36.4%/伊藤園 2024年10月1日から,https://news.yahoo.co.jp/articles/29345ad6911d7e0431832556d61e8f040c13ebeb,4/11(木) 16:17
ssnp,食品産業新聞社ニュースWEB,ファーストキッチン、厚さ10mmの「厚切りハムカツサンド」発売、単品480円、ランチセット650円、見た目の“インパクト”に加え満足感の得られる商品に仕上げた,https://news.yahoo.co.jp/articles/a05b5ae36f9fb0e5c42d5b7a12ed05e0556a71e7,4/11(木) 16:06
ssnp,食品産業新聞社ニュースWEB,丸亀製麺「丸亀シェイクうどん」販売再開、新商品は「よくばりシェイクうどん」「鶏から塩レモンシェイクうどん」「ピリ辛油淋鶏シェイクうどん」,https://news.yahoo.co.jp/articles/144afcbf9dbea972b20d1a76ee935e150024d599,4/11(木) 15:35
ssnp,食品産業新聞社ニュースWEB,天丼てんや、「初夏の海鮮天丼」4月25日発売、銚子産真いわし、兵庫県産ほたるいかなど使用、あわせて北海道産肉厚帆立、天然大海老、活〆穴子使用の「ご馳走天丼」販売、好評の「たれづけ海老づくし天丼」復活も,https://news.yahoo.co.jp/articles/c25e400e6e18c11db8e934d4861317fd8fc2d70d,4/11(木) 15:24
ssnp,食品産業新聞社ニュースWEB,松屋“ごろチキ”8周年「ごろごろ煮込みチキンカレー」2024年も発売、スパイス効いたオリジナルカレーに鉄板で焼き上げるチキンが“ごろごろ”入った人気メニュー,https://news.yahoo.co.jp/articles/e8a25def6a86ca32db67d6f7bd592ccb8fb4e4e3,4/11(木) 14:37
ssnp,食品産業新聞社ニュースWEB,ガスト、「春のグランドメニュー大改革」実施、消費者の声に応えてブラッシュアップした商品や復活メニューの販売開始、あわせて一部を除く商品を値上げ,https://news.yahoo.co.jp/articles/c1713bea70c914feafe86cb48637952a27560280,4/11(木) 13:45
ssnp,食品産業新聞社ニュースWEB,スタバ「抹茶&クラッシュ ピスタチオミルクティーラテ」、アーモンドやホワイトモカフレーバーシロップも使用した“ゆるめのフローズン”お茶に特化した「スターバックスティー&カフェ」で発売,https://news.yahoo.co.jp/articles/4bc8518db04cef73e59bd5a278167a0370de8d78,4/11(木) 12:32
ssnp,食品産業新聞社ニュースWEB,マクドナルド「名探偵コナン」コラボ“油淋鶏チーズチキンタツタ”新発売、怪盗キッド登場テレビCMや毛利蘭の髪型巨大広告なども/マック2024年「チキンタツタ」,https://news.yahoo.co.jp/articles/f92413331ef1953a99e8fdf3c9f661c5f346f88a,4/11(木) 11:59
ssnp,食品産業新聞社ニュースWEB,ドトールコーヒー、てりやきチキンのミラノサンド2種を4月25日に発売、和風の「きんぴら」とスパイシーな「キャロットラペ」,https://news.yahoo.co.jp/articles/eb61640f19aa60748892868365ae18f88e57e3f9,4/11(木) 11:39
ssnp,食品産業新聞社ニュースWEB,アサヒグループ食品「ミンティアブリーズ レモンライムドレス」発売、“香りをまとう”で錠菓に新価値、ミンティア前年比24%増,https://news.yahoo.co.jp/articles/24271a03fb7d774e12efad2368bb26a1800acc94,4/11(木) 10:56
ssnp,食品産業新聞社ニュースWEB,カルディ、オンラインストア限定カラー第3弾“ラベンダー”「ホーローマグカップ」「ホーロードリップケトル」発売、5月には美濃焼の「コーヒードリッパー(ラベンダー)」販売も,https://news.yahoo.co.jp/articles/d77b31a947d212032b0c4a177bc6128914ed1b01,4/11(木) 10:54
ssnp,食品産業新聞社ニュースWEB,すき家「黒糖ゼリー宇治抹茶ラテ」Mサイズ280円、4月16日発売、沖縄県産黒糖と京都「矢野園」の宇治抹茶を使用、「ヤンニョムチーズ牛丼」と同時発売,https://news.yahoo.co.jp/articles/41848f5e109dc1ca1066a2d76cf2cfdac0022dc7,4/11(木) 7:40
ssnp,食品産業新聞社ニュースWEB,カルディ“台湾バッグ”販売スタート、デザインは2種類「パイナップルイエロー」「セージブルー」、台湾ラーメンやパイナップルケーキなどの食品をセットに,https://news.yahoo.co.jp/articles/3bfd44240fcb7dfd60ba809222f5a25c01cb4ba4,4/11(木) 6:40
ssnp,食品産業新聞社ニュースWEB,緑茶飲料、2024年春は各社が大型リニューアルする異例の事態、市場低迷要因の“どれも飲みやすい”を脱し差別化戦略に転換,https://news.yahoo.co.jp/articles/e1cb3c37454c9a370f45463e42326e7e2c165bc3,4/10(水) 18:00
ssnp,食品産業新聞社ニュースWEB,「マッチ」寺田心さんを起用した新CM「異世界転校生ココロ」公開/大塚食品,https://news.yahoo.co.jp/articles/f2ee8fc204e80520e1b55ec240b60db73fa36a82,4/10(水) 17:43
ssnp,食品産業新聞社ニュースWEB,幸楽苑 期間限定で「メガたんめん」「スペシャルみそカルビらーめん」「ざるらーめん」発売、“引越しらーめん”の“特別価格500円”販売も,https://news.yahoo.co.jp/articles/b0826a50f1c1d9bdb9519efcae61316023a6a140,4/10(水) 17:09
ssnp,食品産業新聞社ニュースWEB,「ピノ クリーミーチョコミント」発売、4年ぶりのチョコミントフレーバー、クリーミー&爽やかなアイスクリーム商品/森永乳業,https://news.yahoo.co.jp/articles/929f407b70e158f00aafb2a29ebf081063eb6c83,4/10(水) 15:22
ssnp,食品産業新聞社ニュースWEB,ジョナサン“まるごとイタリアーノフェア”初開催、ミラノ・ナポリ・フィレンツェ・ローマ・ヴェネツィアなど各都市の料理を提供、「魚介の漁師風スープ」「牛ランプのビステッカ」、イタリア発ドリンク「キノットモンぺルノ」、スイーツ「ティラミスピッコリーノ」など,https://news.yahoo.co.jp/articles/6bc193edc5add351d4832047307d1c62b1b4ea12,4/10(水) 15:00
ssnp,食品産業新聞社ニュースWEB,安楽亭、「黒毛和牛カルビ」半額、「ティラミス バニラアイス添え」サンキュープレートプレゼント、4月15日から「初任給の日を焼肉で応援」,https://news.yahoo.co.jp/articles/9cd6189e67236028724140eed9658932e3aaee0d,4/10(水) 14:37
ssnp,食品産業新聞社ニュースWEB,東京ばな奈「ピヨレモン バナナレモン味」発売、タマピヨ・パリピピヨなどヒヨコデザインの限定東京ばな奈、店舗限定でピヨちゃんチャーム&トートバッグ付きセットも販売,https://news.yahoo.co.jp/articles/f7f826c150006c84d840f86487d1234b91215056,4/10(水) 13:58
ssnp,食品産業新聞社ニュースWEB,【新店レポート】コープ調布染地店、既存店舗の隣地に増床新築して移転オープン、コープとして地域の活性化にも協力、テナントとして郵便局、内科、歯科医院など生活に密着した15店舗が入居,https://news.yahoo.co.jp/articles/728426fa64b63985e60bf99689a9a38e138c2a9d,4/10(水) 13:03
ssnp,食品産業新聞社ニュースWEB,【新店レポート】まいばすけっと、横浜市で「トップバリュ」充実させた実験店「仲町台駅南店」リニューアルオープン、店内の約半数がPB商品 新たな店舗の形を模索［写真差し替え］,https://news.yahoo.co.jp/articles/fbf7f504826cb5ab00d1eb10a1d0ece48aaa8c93,4/10(水) 12:37
ssnp,食品産業新聞社ニュースWEB,サーティワン、アイスケーキの新商品「ディズニー/ピクサー パレット8」通年販売スタート、『ファインディング・ドリー』ドリー&ニモ、『モンスターズ・インク』サリー&マイクなど、8ピースで14種類のフレーバー,https://news.yahoo.co.jp/articles/3ba593d2e787abdafe51aea03c96dba20b12ff1b,4/10(水) 12:18
ssnp,食品産業新聞社ニュースWEB,バーガーキング セット300円オフの「春のチーズバーガー祭り」開催、ワッパーチーズ ・クアトロチーズワッパー・チーズアグリーバーガー対象、アプリでクーポン配布,https://news.yahoo.co.jp/articles/23c71ded15f6a9a8411ff5cb8163f91a8637622b,4/10(水) 12:13
ssnp,食品産業新聞社ニュースWEB,ほっともっと、「ガパオライス」「油淋鶏弁当」4月17日発売、アジアンフェア第2弾、「ガパオライス」はタイ直輸入のガパオソース使用、別添のナンプラーでより本格的な味わい,https://news.yahoo.co.jp/articles/03e49a722283e8d337dd963c7d05667b5c067694,4/10(水) 12:02
ssnp,食品産業新聞社ニュースWEB,築地銀だこ、「九条ねぎマヨ 香るゆずポン」4月18日発売、徳島県那賀町産「木頭ゆず」を使用、「特製ゆずフレーク」と「白ごま」をトッピング,https://news.yahoo.co.jp/articles/c54bbf8422defdcb5faf94a400cacbb9a2353473,4/10(水) 10:32
ssnp,食品産業新聞社ニュースWEB,ファミチキ10円値上げ、4月9日から税込230円、そのほか5アイテムのホットスナック価格改定/ファミリーマート,https://news.yahoo.co.jp/articles/0222bc0891700614b1cfb3ea92a391935752ff88,4/9(火) 17:02
ssnp,食品産業新聞社ニュースWEB,コメダ珈琲店、初の「鶏タツタバーガー」発売、生姜油ソースをかけたチキンは“バンズからはみ出る”大判サイズ、720円～790円,https://news.yahoo.co.jp/articles/61e871a2851a4ee23b86a772636a89594a766340,4/9(火) 17:00
ssnp,食品産業新聞社ニュースWEB,かっぱ寿司「かっぱの北海道祭り」開催、北海道産いくら・ほたて・ひらめなど17メニュー発売,https://news.yahoo.co.jp/articles/fc706c39af7adfdbb7bb4ea7c0d89874c5a2cff8,4/9(火) 16:51
ssnp,食品産業新聞社ニュースWEB,給食サービス企業各社が大規模な入社式を開催、企業理解促進や早期離職防止を目指す、ウェルカムコンサートや謎解きワークも,https://news.yahoo.co.jp/articles/3b62626ee7a063e9189a5d7c65d7f914b6b613eb,4/9(火) 16:48
ssnp,食品産業新聞社ニュースWEB,サントリーが蛇口の水製品の開発に取り組んだ理由とは、リクシルと協働で家庭用水栓の新サービス「Greentap」展開,https://news.yahoo.co.jp/articles/5a25ed61231b5c64fb5e5bc4742a5af5d2f25e44,4/9(火) 16:20
ssnp,食品産業新聞社ニュースWEB,ミニストップ、「ボリュームとんかつサンド」「リングドーナツ」発売、満足感のあるかつサンドと手ごろな価格のドーナツ、「ツナマヨネーズ」などのおにぎり4品本体98円セールも実施中,https://news.yahoo.co.jp/articles/f57f05deb92bbb278d56c26ebab3f2140afa00b3,4/9(火) 16:14
ssnp,食品産業新聞社ニュースWEB,Suicaのペンギン コラボトートバッグ付コーヒーセット、東京駅構内「COFFEE STYLE UCCグランスタ東京店」で4月10日発売,https://news.yahoo.co.jp/articles/47acab335def16ea588b7bb818b00810b6f290af,4/9(火) 15:39
ssnp,食品産業新聞社ニュースWEB,「東京ばな奈カレー」発売、“東京ばな奈史上初”のレトルトカレー、バナナがコクを引き出す新発想、海老名SA(下り)で先行販売,https://news.yahoo.co.jp/articles/3caf1690df4e81d0be297b5ae078af2a017cc122,4/9(火) 15:11
ssnp,食品産業新聞社ニュースWEB,"ジョイフル、「創業祭」4月16日から開催、「お腹いっぱいのおもてなし」テーマに肉450gを使用した「どど～ん!っと大きなミックスグリル」や税込1,098円で提供する「和風サーロインステーキ重」など販売",https://news.yahoo.co.jp/articles/58ff5d93ad8499c4c4524f70c279a3118b52528e,4/9(火) 15:03
ssnp,食品産業新聞社ニュースWEB,びっくりドンキー、チーズを“たっぷり”使用する「We Love Cheeeese!」フェアを4月10日開催、チーズバーグディッシュにさらにイエローチーズソースをかける「メルティーチーズバーグディッシュ」など販売,https://news.yahoo.co.jp/articles/becc9514fb9e1883ba1403b0f681c541e13ffe89,4/9(火) 13:56
ssnp,食品産業新聞社ニュースWEB,スタバ“サマーシーズン”グッズ販売スタート、2024年は夏の砂浜やイルカなどをデザインしたステンレスボトル・マグカップなど10種類,https://news.yahoo.co.jp/articles/6e2fd3ce9751268c073b7d5c963beaad44524f69,4/9(火) 13:24
ssnp,食品産業新聞社ニュースWEB,かっぱ寿司×格之進コラボ、ハンバーグにぎり3品を4月11日発売、初の「肉」コラボ、国産牛肉とブランド豚「白金豚」をブレンドした肉を使用、うなぎにハンバーグの「うなハン」も展開,https://news.yahoo.co.jp/articles/aa6d2b8556ef9bb90cf6bca06cf30e17d2e2abdc,4/9(火) 12:10
ssnp,食品産業新聞社ニュースWEB,すき家「ヤンニョムチーズ牛丼」発売、“甘辛い味わいと豊かな香り”のヤンニョムソース×ミックスチーズ、チーズ・ソース単品販売も,https://news.yahoo.co.jp/articles/0ae4f7fb4e185a25df43beb11ca66b378cd06a90,4/9(火) 11:43
ssnp,食品産業新聞社ニュースWEB,スタバ“母の日”グッズ2024、ゾウの親子とカーネーションを描いたマグカップ2種類・ドリンクチケット付きギフトなど,https://news.yahoo.co.jp/articles/8cb1c2de259b52b58b524c06f4aa49800cd228a1,4/9(火) 11:14
ssnp,食品産業新聞社ニュースWEB,銀座コージーコーナー2024年夏「スイーツギフト」発売、フルーツフロマージュ・フルーツくずきり・フリュイジュレなど、オンラインショップでも販売,https://news.yahoo.co.jp/articles/d876789fdd5cde7ff5bb2d2f5db021aed51a2916,4/9(火) 10:25
ssnp,食品産業新聞社ニュースWEB,シャトレーゼ“母の日”ケーキ2024、苺クリームでカーネーションを表現「ありがとうデコレーション」、1人用サイズ「キャラメルベリータルト」「苺のチーズモンブラン」「お花のクレープケーキ」「苺のブーケ」など5月10日発売,https://news.yahoo.co.jp/articles/fb44aa996c01f6ec6e7feab7aedade8c9833585f,4/8(月) 17:50
ssnp,食品産業新聞社ニュースWEB,カルビー「堅あげポテト 塩わさび味」コンビニ先行発売、2024年は“わさびの風味がアップ”、一般販売は4月15日から,https://news.yahoo.co.jp/articles/ea5adc940e0504b299f76ee7708f8b143eb35e82,4/8(月) 16:41
ssnp,食品産業新聞社ニュースWEB,帝国ホテルキッチン、創立50周年、事務所移転、テストキッチン・プレゼンルーム新設,https://news.yahoo.co.jp/articles/6d8c8d47a4f92e04f29db69718f79794a22523b4,4/8(月) 16:11
ssnp,食品産業新聞社ニュースWEB,ハーゲンダッツ、牛乳不使用のGREEN CRAFT ミニカップ「豆乳バナナショコラ」発売、植物性ミルクをベースにしたシリーズ、豆乳と相性の良いバナナ、バナナと“相性抜群”のチョコレートを組み合わせ,https://news.yahoo.co.jp/articles/aa6c0059f374c1cad3490f7e9b41ed3f0aa6d92d,4/8(月) 15:50
ssnp,食品産業新聞社ニュースWEB,フィンランド産豚肉「PURE RARE」がベルギー・サッカークラブのスポンサーに,https://news.yahoo.co.jp/articles/0c25ec0c1fbab66a9d89131afdf903251880064d,4/8(月) 15:49
ssnp,食品産業新聞社ニュースWEB,ディーン&デルーカ、食器の新シリーズ「プレート&ボウル」発売、マットグレー・ブラックライン・ホワイトの3色展開、コットン100%のテーブルリネン2種類も販売開始,https://news.yahoo.co.jp/articles/58b697a2dfff1af5d19ca266f805b6d156ed4134,4/8(月) 15:40
ssnp,食品産業新聞社ニュースWEB,ファミリーマート×ローソン、東北地方で初の共同輸送、冷凍商品の物流拠点間輸送で両社の商品を混載、ドライバー不足やCO2排出量削減になど物流課題に対応,https://news.yahoo.co.jp/articles/b1bfaebec40ee7b0729fa6fbf0a1e0e1178b377b,4/8(月) 15:33
ssnp,食品産業新聞社ニュースWEB,チロルチョコ“ディズニープリンセス”発売、アナと雪の女王・ラプンツェル・リトルマーメイド・美女と野獣、各20種類の個包装入り,https://news.yahoo.co.jp/articles/59a1445a5a6f6d1bce3feb1a59692e720d084cec,4/8(月) 15:00
ssnp,食品産業新聞社ニュースWEB,スシロー、「天然さば」を全店税込100円の「大大大大感謝の九州祭ばい!」4月10日開催、「漬けごま天然さば」も税込100円、「あじ」や「佐賀牛ローストビーフ」、「豚骨ラーメン」など九州産品や名物を展開,https://news.yahoo.co.jp/articles/59d49aa703fcb57826e871b5a20a25a716db7156,4/8(月) 14:11
ssnp,食品産業新聞社ニュースWEB,イオン、「トップバリュ厳選40品目」増量、利用頻度の高い商品を選定、ローストビーフやヨーグルト、パンなど“今欲しい”をキーワードに展開,https://news.yahoo.co.jp/articles/3a200e2da205c8dcbdb0758390fd1325ee3f69b6,4/8(月) 12:20
ssnp,食品産業新聞社ニュースWEB,シャトレーゼ“こどもの日 ”ケーキ2024、こいのぼりデコレーション・わんちゃんかぶとケーキ・アソートデコレーションなど、大人数用から1人サイズまで,https://news.yahoo.co.jp/articles/d1914bce2f4d03f0df8deae44fb4043113083ea3,4/8(月) 12:20
ssnp,食品産業新聞社ニュースWEB,吉野家「親子丼」2024年も再発売、ジューシーな鶏肉・シャキっと玉ねぎ・なめらか玉子使用のつゆだく親子丼,https://news.yahoo.co.jp/articles/32e85dd1fcddf9485084d951d38eba69e1150702,4/8(月) 12:03
ssnp,食品産業新聞社ニュースWEB,ファミリーマート、日清食品とのコラボなど「おむすび」4種発売、「日清焼そば U.F.O.」「どん兵衛」をイメージした2品を発売のほか、老舗の山形屋海苔店監修の「鮭マヨネーズ」「だし玉子明太」発売,https://news.yahoo.co.jp/articles/bae3c4490a1f171e411cd7edd702bb21c38a6e19,4/8(月) 11:24
ssnp,食品産業新聞社ニュースWEB,小僧寿し、「キングスペシャルフェア」4月8日から実施、平日限定で“お値打ちメニュー”「キングスペシャル丼」とネタ未公表の「お楽しみ3貫」入りの「キング握り14貫」を販売,https://news.yahoo.co.jp/articles/dcd02aab97b2fe0106dc6a674bdb752d3d9fa599,4/8(月) 10:42
ssnp,食品産業新聞社ニュースWEB,DARSチョコレート「白い焼きダース」新発売、表面はサクッと、中はホロホロの手に付きにくいチョコ、「焼きダース」も再登場/森永製菓,https://news.yahoo.co.jp/articles/46711ab429ede3ef77b6568349f0e7ce5e92ace2,4/7(日) 11:40
ssnp,食品産業新聞社ニュースWEB,デニーズ、国産マスクメロンのデザート5品を4月9日から展開、400円台の「ちょこっとパルフェ」や、オーダーを受けてから仕立てる「マスクメロンのふわふわショートケーキ」「マスクメロンのフレッシュ」,https://news.yahoo.co.jp/articles/354744e624eaa1648c824a5053eeaa7a99db1983,4/7(日) 8:40
ssnp,食品産業新聞社ニュースWEB,「ペヤング 沖縄・石垣島ユーグレナ塩やきそば」発売、塩ベースソース×栄養石垣島ユーグレナふりかけの新商品、株式会社ユーグレナとコラボで登場/まるか食品,https://news.yahoo.co.jp/articles/afd808e6a7b8440d5e26d85703bf010f74b9ad65,4/6(土) 11:40
ssnp,食品産業新聞社ニュースWEB,コカ・コーラ ボトラーズジャパン「DE&Iサポート自販機」設置開始、人材の多様性を表現するイラストのオリジナルラッピングを展開し設置企業の従業員の認知向上図る,https://news.yahoo.co.jp/articles/e468a56e0ffe9bba593d297369916d2be1ba0649,4/6(土) 10:00
ssnp,食品産業新聞社ニュースWEB,和食処とんでん、「紫蘇そば」メニューを4月10日から関東店舗で展開、「藁焼きかつお丼」とのセットやアジごはんなどもセットにした「皐月和膳」も販売,https://news.yahoo.co.jp/articles/046212af300e9ee7d273c158dfd4c26817ee27d3,4/6(土) 9:40
ssnp,食品産業新聞社ニュースWEB,タピオカミルクティー発祥の台湾カフェ「春水堂」、郊外の“ロードサイド喫茶”に参入、立地戦略や出資をスシローのF&LCがサポート、10年で47都道府県へ出店めざす,https://news.yahoo.co.jp/articles/624b6ee694f58145fa6f4fb7938a946cc0d50cd3,4/6(土) 9:27
ssnp,食品産業新聞社ニュースWEB,カフェコムサ「オレンジの日」ケーキ、せとか・清見オレンジ・湘南ゴールド・デコポン・はっさく・甘夏・不知火・はるか・三ヶ日みかん・ブラッドオレンジなど、全店26店舗で異なるケーキを販売、4月11日から4日間,https://news.yahoo.co.jp/articles/71eaa911a7a883d237c3f8140ab80adcfc0fd0d5,4/6(土) 8:40
ssnp,食品産業新聞社ニュースWEB,シャトレーゼ“メロンスイーツ”発売、アンデスメロンのレアチーズタルト・プレミアムフレジェアンデスメロン・メロン香る純正クリームショートケーキなど,https://news.yahoo.co.jp/articles/59f50cecb4fdd68fc10d2d418aaf1982dd9261fa,4/5(金) 17:50
ssnp,食品産業新聞社ニュースWEB,「ネスカフェ 原宿」リニューアルオープン、サステナブルな取り組みを体験できるコンセプトストアに/ネスレ日本,https://news.yahoo.co.jp/articles/af86705e735101f1d419ee2230d53f445ee0c759,4/5(金) 17:26
ssnp,食品産業新聞社ニュースWEB,小僧寿し、「新生活応援フェア」4月6日から土日限定で実施、人気ネタを“たっぷり”つめ込んだ「まぐろたっぷり」など12貫セット5種類をいずれも税込699円で販売,https://news.yahoo.co.jp/articles/a8de7353dfadfff7ff5387e6fd46327ac3295fa0,4/5(金) 16:49
ssnp,食品産業新聞社ニュースWEB,和食さと、3つの食べ放題に“鰹のたたき&真鯛料理”が登場、鰹のたたきのユッケ風・真鯛にぎりなど約10品、焼肉食べ放題には「天然真鯛のガーリックステーキ」も,https://news.yahoo.co.jp/articles/3c185eb1ee82e6acd9e4079c45187c7a6e6a1031,4/5(金) 16:32
ssnp,食品産業新聞社ニュースWEB,びっくりドンキー、4月10日に一部商品値上げとグランドメニュー改定、グランドメニューではスペシャルティコーヒーの導入なども実施,https://news.yahoo.co.jp/articles/231eca59d9f7dceb1fd2e7cd341286a490f7f27f,4/5(金) 14:30
ssnp,食品産業新聞社ニュースWEB,スタバ“年間で人気トップランク”メロンのフラペチーノ、2024年は「GOHOBIメロンフラペチーノ」発売、「ブルーベリーレアチーズケーキ」などスイーツ3種も登場/サマーシーズン第1弾スタート,https://news.yahoo.co.jp/articles/853ebb7c3c9c341aafb2bbe67650ca4e63b4eb09,4/5(金) 12:39
ssnp,食品産業新聞社ニュースWEB,銀座コージーコーナー「〈ピカチュウ〉チョコバナナケーキ」「イーブイフレンズコレクション」発売、人気ポケモンをイメージした期間限定スイーツ,https://news.yahoo.co.jp/articles/8513f994be7d42485ecf31ce0e6c69858d1ed8fe,4/5(金) 12:35
ssnp,食品産業新聞社ニュースWEB,松のや、タイ風豚バラ唐揚げ丼「ムートート丼」4月10日発売、好評の「ムートート定食」を丼にして提供、生卵と素揚げしたにんにくを添え、にんにく醤油ダレをかける,https://news.yahoo.co.jp/articles/f64d9e64f2f5b0a1bd53933144ee591523c35783,4/5(金) 10:32
ssnp,食品産業新聞社ニュースWEB,"すかいらーくグループ、台湾東部地震の緊急支援募金を約2,700店舗で開始、あわせてバーミヤンの台湾フェアを「復興への願いを込めて、実施期間を延長」",https://news.yahoo.co.jp/articles/1d0ea3e5ff7f7f1232946739059620dd6f8e9808,4/5(金) 10:00
ssnp,食品産業新聞社ニュースWEB,［4月5日訂正］焼肉「安楽亭」グラスビール・サワーなど110円クーポン配布、ストーンアイスプレゼントや食べ放題コース120分に延長、ランチ100円割引も/新生活応援キャンペーン,https://news.yahoo.co.jp/articles/9a6d8c5f13f0787bffa0c3afdc3989fac75b1f9f,4/4(木) 17:17
ssnp,食品産業新聞社ニュースWEB,居酒屋「養老乃瀧」、「いつものレモンサワー〈中〉」が46%引きの231円に、岐阜県養老郡養老町「みつばちの郷」のハチミツ使用メニュー3品発売/4月5日から7日まで『4月6日は養老の日!大養老祭』2024,https://news.yahoo.co.jp/articles/a0b0125ec4fa7b214126fd3f5de29d6e6d72bc6d,4/4(木) 17:04
ssnp,食品産業新聞社ニュースWEB,カゴメがアーモンドミルクブランド「アーモンド・ブリーズ」の製造・販売を9月から開始、ブルーダイヤモンドグロワーズ社とライセンス契約を締結,https://news.yahoo.co.jp/articles/e59d5ce3464f6821a3a3744a81307bdaf34c6ad6,4/4(木) 16:48
ssnp,食品産業新聞社ニュースWEB,西友、約300アイテムを値下げする「しあわせ価格」開始、お値打ち価格の200アイテムと合わせ500アイテムを展開、対象商品を入れ替えながら年間を通じて継続,https://news.yahoo.co.jp/articles/7a9afdb558d9d546e247145e2f293c4dae2d35c9,4/4(木) 15:48
ssnp,食品産業新聞社ニュースWEB,ジョイフル「キッズ半額キャンペーン」開催、「Joyチーズインハンバーグセット」812円→406円など、8商品を対象に4月11日から,https://news.yahoo.co.jp/articles/e97742a469b575d3e48b36d2d4781e2e9d3ebdb1,4/4(木) 15:35
ssnp,食品産業新聞社ニュースWEB,ファミマ限定 サンリオ和菓子「食べマスモッチ」発売、シナモロール&クロミ、ポムポムプリン&ハンギョドンが登場/バンダイ,https://news.yahoo.co.jp/articles/b73221c6b44fa147c4a7c206c5fb04ba91c37423,4/4(木) 15:09
ssnp,食品産業新聞社ニュースWEB,ココス、「ショコラデザートフェア」4月11日から、ショコラティエ土屋公二氏監修、「至福のショコラパフェ」「ショコラとオレンジのケーキ」などを展開,https://news.yahoo.co.jp/articles/3d17c77dbd304834206f8cddf205a7e4754a31cf,4/4(木) 14:09
ssnp,食品産業新聞社ニュースWEB,凍ったまま食べられる「ねこねこ食パン フローズンヨーグルト」オンライン限定発売、ねこねこオリジナル保冷バック付き/オールハーツ・カンパニー,https://news.yahoo.co.jp/articles/e922c3b971573e0a06e4b546227e10f3a37c51a2,4/4(木) 13:47
ssnp,食品産業新聞社ニュースWEB,ハッピーセット「トミカ」4月12日発売、日野はしご付消防車・トヨタクラウンパトロールカーなど、限定“ゴールド”の「トヨタ GR カローラ」も、週末購入プレゼントも/マクドナルド,https://news.yahoo.co.jp/articles/69085664c4d2e3800d5a0c9e93d11ec041897d3b,4/4(木) 12:33
ssnp,食品産業新聞社ニュースWEB,ほっともっと、カップスープを5種類の「新ラインアップ」で展開、「しじみのみそ汁」「海苔とあおさのみそ汁」「わかめスープ」「たまごスープ」「5種の具材の豚汁」,https://news.yahoo.co.jp/articles/6979e79d9abb79d4ad4334caf8448f50b8a9e03e,4/4(木) 12:12
ssnp,食品産業新聞社ニュースWEB,ハッピーセット「サンリオキャラクターズ」4月12日発売、シナモロール・ポムポムプリン・クロミなどのお料理&お出かけグッズ、週末購入プレゼントやキャラクター店内放送も/マクドナルド,https://news.yahoo.co.jp/articles/b6549badf6e67fa5c51bef3589e81a97bc95b6bf,4/4(木) 11:30
ssnp,食品産業新聞社ニュースWEB,はなまるうどん、「ゆず牛肉つけ麺」「魚介豚骨つけ麺」発売、ゆずや魚介の味が特徴の温かいつけだしで食べる新商品,https://news.yahoo.co.jp/articles/82da4ad100f58159ab7a217c93c8e36ec650bfd8,4/4(木) 11:28
ssnp,食品産業新聞社ニュースWEB,タリーズコーヒー「抹茶ティラミスシェイク」4月10日発売、「甘熟苺ヨーグルトスワークル」「水出しアイスコーヒー」も同日発売,https://news.yahoo.co.jp/articles/550cc1bdf505876ab66dbaa590f9fad443110281,4/4(木) 10:52
ssnp,食品産業新聞社ニュースWEB,松屋、「ネギたっぷり牛肉のエスニック炒め定食」4月9日発売、ペルー料理の「ロモサルタード」風の新商品、牛肉と野菜ににんにくぽん酢を絡め、ほんのりエスニックが香るスパイス使用,https://news.yahoo.co.jp/articles/f9a790f6f187105e75fcea581696cff324d982aa,4/4(木) 10:35
ssnp,食品産業新聞社ニュースWEB,森永製菓アイス「パリパリサンド」4月通年販売開始、従来は秋冬限定で春夏も食べたいという声に応える、「パリパリバー」の派生商品,https://news.yahoo.co.jp/articles/1bc10ff002863a33cd2e05b49bb38bd36328daaa,4/3(水) 17:44
ssnp,食品産業新聞社ニュースWEB,ロッテリア「すみっコぐらしキッズセット」4月16日発売、“選べるおもちゃ”すみっコバッグペーパークラフト・すみっコだるまおとし・すみっコサコッシュバッグ登場,https://news.yahoo.co.jp/articles/393317a036dc171afc57b91141b5d67da0876776,4/3(水) 16:56
ssnp,食品産業新聞社ニュースWEB,サブウェイ、「NIGHTバリュー」を4月10日リニューアル、午後4時から好きなサンド2個で990円、好きなサンドを選べてそれぞれカスタマイズも可能、「ひとつじゃ物足りない」「誰かとシェアしたい」とき“おすすめ”,https://news.yahoo.co.jp/articles/16f2a22c3060667c087a673b8ed71e71aed61c2f,4/3(水) 16:09
ssnp,食品産業新聞社ニュースWEB,「カゴメにんじんジュース 高β-カロテン」発売、“にんじん本来のまろやかな味わい”で「カゴメトマトジュース」と同価格の展開、体験会はにんじん料理のレシピも提案/カゴメ,https://news.yahoo.co.jp/articles/24cadf1e4635f2e6f6d75348a7b28cae43213da3,4/3(水) 16:01
ssnp,食品産業新聞社ニュースWEB,エースコック「ブタメン焼そば おとなアレンジ キムチ味フレーク付き」4月29日発売、別添ふりかけで“ちょっぴり辛い”味変も,https://news.yahoo.co.jp/articles/02ccd53402272a17f977c66fc09cf41e626c56dc,4/3(水) 13:56
ssnp,食品産業新聞社ニュースWEB,和食さと、テイクアウト4品108円引きの「春の新商品お試しキャンペーン」開催、「厚切りロースかつ丼」「厚切りロースとんかつ弁当」「和風ステーキ重」「海老カツと大海老フライ弁当」が対象,https://news.yahoo.co.jp/articles/0aea8941da5a58cad831de32e0974a25f51a1e3c,4/3(水) 13:54
ssnp,食品産業新聞社ニュースWEB,タリーズコーヒー×マンハッタンポーテージ、2024年はトートバッグ・グラス・ステンレスボトル・サコッシュなど発売,https://news.yahoo.co.jp/articles/b0a2b195d4a22743330bf167adc187504631307d,4/3(水) 13:25
ssnp,食品産業新聞社ニュースWEB,スタバのチルドカップ「ハニーレモンカスタード」コンビニ発売、はちみつ&カスタードの甘みとさわやかなレモン香る期間限定商品/スターバックス,https://news.yahoo.co.jp/articles/68ba1159f5029232bbadd67df2e0520bda9535c0,4/3(水) 12:15
ssnp,食品産業新聞社ニュースWEB,カルディ、台湾グルメや雑貨を続々発売「パイナップル風クッキー 客家柄缶」「パイナップルケーキ」「茶こし付きマグカップ」など,https://news.yahoo.co.jp/articles/006bb17f7863b597a564d1fe7f8d26106c643241,4/3(水) 11:41
ssnp,食品産業新聞社ニュースWEB,マクドナルド2024年「ベーコンポテトパイ」発売、CMには藤原さくらさん出演、ショートアニメ配信やマックカードプレゼントも,https://news.yahoo.co.jp/articles/404dae0f1a66d83c88af3ca3e47625b350c0da01,4/3(水) 11:21
ssnp,食品産業新聞社ニュースWEB,不二家、「母の日カーネーションケーキ」「母の日生ミルキーギフト」予約受付開始、「FUJIYA-Sweets.com」の宅配限定商品、ペコちゃんデザイン母の日メッセージカード付き、ミルキーはペコ刺繍入りミニタオルもセット,https://news.yahoo.co.jp/articles/30073cf19e22203b1de853ae3ed85a4dd6723d59,4/3(水) 11:07
ssnp,食品産業新聞社ニュースWEB,かつや、「トンテキとチキンカツの合い盛り」4月5日発売、スティック状の豚ロース肉とチキンカツの食べ応えにこだわった、新年度や新生活に向けた“がっつり”メニュー,https://news.yahoo.co.jp/articles/f8097a5093dd45e3c01ea256ea4abd17c79035c0,4/3(水) 10:34
ssnp,食品産業新聞社ニュースWEB,シャトレーゼ“春ワインフェア”開催、自社ワイナリー直送「樽出し生ワイン ロゼ」新登場、「樽出し生ワインのジェラート」「甲州&ベーリーAスパークリング」も発売,https://news.yahoo.co.jp/articles/73fe37caaaf65d734e66ec40773e5972f9e434c1,4/3(水) 7:11
ssnp,食品産業新聞社ニュースWEB,くら寿司「極上いくらと熟成 桜鯛」フェア開催、味付いくら“特価115円”に、塩いくら・熟成桜鯛・天然桜鯛湯引きなど限定メニュー販売,https://news.yahoo.co.jp/articles/bed86daf6b84087da4aa95ee3da2d20aa1410bb2,4/2(火) 17:26
ssnp,食品産業新聞社ニュースWEB,くら寿司「名探偵コナン」コラボ開催、店頭配布はクリアポスター・クリアファイル・トランプ、“びっくらポン”限定グッズやTシャツなど当たるWEB抽選も/名探偵コナンキャンペーン,https://news.yahoo.co.jp/articles/033abae6e9e25e4f5e09c644f1fa686df76f2c13,4/2(火) 16:44
ssnp,食品産業新聞社ニュースWEB,イオン、親芋をアップサイクル「冷製親里芋のポタージュ」「親里芋と麹のだし粥」を販売、愛媛県産サトイモを使用、調理に向かず収穫時にほとんどが廃棄される「親芋」を加工して活用,https://news.yahoo.co.jp/articles/9fd96acc05cad5b9ae988b996beae3006ce24946,4/2(火) 16:41
ssnp,食品産業新聞社ニュースWEB,リンツ『母の日コレクション 2024』リンドールの詰め合わせや「リンツメートル・ショコラティエセレクション」など、花束の引き換え券付きセットも、4月18日発売,https://news.yahoo.co.jp/articles/d5290dd5816c84b3f7e8fc173eed8209a754d9e4,4/2(火) 16:28
ssnp,食品産業新聞社ニュースWEB,無印良品、抹茶の菓子11アイテムを4月3日から発売、新商品は「宇治抹茶と小豆のプリン」「宇治抹茶大福」「宇治抹茶の生どら」,https://news.yahoo.co.jp/articles/dc11fd9c40c6253c623a29cc430df90ebd0ec7a6,4/2(火) 15:34
ssnp,食品産業新聞社ニュースWEB,八天堂、「冷やして食べる とろけるくりーむパン 出雲抹茶」を全国のファミマでリニューアル発売、3年間熟成の出雲抹茶使用、より“香り高く、風味豊かな”商品,https://news.yahoo.co.jp/articles/ead9b2c02194c3fdf6bd863b9c688387f2ce1bbb,4/2(火) 14:24
ssnp,食品産業新聞社ニュースWEB,ロイズ2024年母の日「チョコレートセレクション[スイートローズ]」発売、ローズフィナンシェ・ストロベリーガレットなど詰めたギフト、オンラインショップで先行販売,https://news.yahoo.co.jp/articles/9ffbc8ab355490d94842089813d82d680918c95d,4/2(火) 14:24
ssnp,食品産業新聞社ニュースWEB,オリジン弁当、「牛ホルモン辛味噌炒め弁当」発売、キャベツとニラを使用し、1日の2分の1の野菜が摂れる仕立て、合わせて「豚肉・きくらげ・玉子の中華オイスター」も発売,https://news.yahoo.co.jp/articles/68a46b42bcd6bbac3ff4dbdb5609c188284508d4,4/2(火) 13:01
ssnp,食品産業新聞社ニュースWEB,デニーズ、春の福袋「HAPPY BAG 2024」予約スタート、食事券など最大5480円分クーポンや冷凍スープなど詰合せて4200円、綿麻トートバッグ・保冷バッグはオンワードコーポレートデザインが製作,https://news.yahoo.co.jp/articles/287fe36ae8f8e6436fa2698c23f6c43258502b7c,4/2(火) 11:52
ssnp,食品産業新聞社ニュースWEB,「丸源GW福袋」2024WEB予約スタート、冷凍生餃子50個と1000円分クーポンで特価1100円、ゴールデンウィーク販売の福袋/物語コーポレーション,https://news.yahoo.co.jp/articles/caa975483a0807043633e3d427fae88bdd887f94,4/2(火) 11:24
ssnp,食品産業新聞社ニュースWEB,紀ノ国屋「フラップショッピングバッグ」4月5日発売、スカイグレー・グラスグリーン・インディゴ・ミッドナイトブラックの全4色、オンラインストアでは先行販売中,https://news.yahoo.co.jp/articles/ba2607a30ec779c6bddbb0a3279f986f70ca9711,4/1(月) 17:46
ssnp,食品産業新聞社ニュースWEB,幸楽苑「鶏白湯らーめん」「海藻らーめん」発売、ランチメニューに「背脂中華そばセット」追加も,https://news.yahoo.co.jp/articles/5c65b662d2887e724a946c4597cb6a3435748cb2,4/1(月) 17:24
ssnp,食品産業新聞社ニュースWEB,紀ノ国屋「ミニスイーツバッグ(全6色)」定番商品として4月9日から販売開始、ダブルチョコクッキー・マドレーヌ・アイスボックスクッキーを詰め合わせ、オンラインストアでは先行販売中,https://news.yahoo.co.jp/articles/e4566f7a58cbd87484c2d5393cfbe9069dc6f523,4/1(月) 16:23
ssnp,食品産業新聞社ニュースWEB,「大阪王将 春の大感謝祭」2024 開催、フライパン・お皿・冷凍食品セットなどプレゼント、冷凍食品・調味料購入で,https://news.yahoo.co.jp/articles/112609e7e6e04a18f815f61eacdb6d2cf0b6f4a4,4/1(月) 16:13
ssnp,食品産業新聞社ニュースWEB,メルシャンが7月1日にワイン価格改定、日本ワインの一部商品約10%値上げ、輸入ワインの一部商品約5%から50%値上げ,https://news.yahoo.co.jp/articles/3a83614f45f65b4322399df96c12f6d8825d0c37,4/1(月) 16:10
ssnp,食品産業新聞社ニュースWEB,イトーヨーカドー、食品71品目値下げ、「買い回り頻度の高い」品を選定、背景はヨークとの統合による効率化などで値下げ幅は2%から25%、2024年度は「セブン・ザ・プライス」強化で価格訴求,https://news.yahoo.co.jp/articles/9f04f340ca14c0dd1e1347ae8930d04ef042b926,4/1(月) 15:30
ssnp,食品産業新聞社ニュースWEB,カルビー、東京ディズニーシーの新テーマポート「ファンタジースプリングス」内レストランなどパークの3つの施設を提供、貸し切りパーティーなど当たる『カルビー ファンタスティックキャンペーン2024』開催も,https://news.yahoo.co.jp/articles/047a932071073d2b2b64ce2f4c655e121bd9bdbb,4/1(月) 15:03
ssnp,食品産業新聞社ニュースWEB,小僧寿し、「炙り三昧フェア」開催、4月1日から5日の平日限定、炙りまぐろ5貫の「炙り三昧 まぐろ」など、7種類を展開,https://news.yahoo.co.jp/articles/564a8d4eb056f5cb55b26ac8eb7039d2fe37d05f,4/1(月) 13:56
ssnp,食品産業新聞社ニュースWEB,「はま寿司の春の旨ねた大漁祭り」開催、110円メニューにこぼれ白えびの甘辛煮軍艦・国産手汲み湯葉の握り、「直火焼きびんちょうまぐろ」「あわび」「活〆しまあじ」なども販売,https://news.yahoo.co.jp/articles/f64ea65b32d9c723be3718096d8d75b4741c320e,4/1(月) 12:20
ssnp,食品産業新聞社ニュースWEB,カルディ「台湾 好吃(ハオチー)!バッグ」2024年はパイナップルイエロー・セージブルーの2色、パイナップルケーキ・台湾紅茶ラテ・台湾ラーメンなど詰め合わせ、4月12日発売,https://news.yahoo.co.jp/articles/d505abcc0d68d94ba3b82a5f0d0b29ea908a4ecb,4/1(月) 12:07
ssnp,食品産業新聞社ニュースWEB,セブンイレブン、「とろ生カスタードシュー 」など定番スイーツ3種のリニューアル実施、「イタリア栗のモンブラン」、「ショコラケーキ」などケーキの新商品も順次発売,https://news.yahoo.co.jp/articles/ed35f26d9397139d5c37a8daa216e1661b409ada,4/1(月) 11:46
ssnp,食品産業新聞社ニュースWEB,バーガーキング2024年「ザ・フェイク・バーガー」正体公開、「フレンチフライ」にゴーダチーズとブルズアイBBQソースで“4年ぶりに進化を遂げて再登場”,https://news.yahoo.co.jp/articles/e900b0e500a1393e8e0ecf9c33e4e6375c9188bf,4/1(月) 11:24
ssnp,食品産業新聞社ニュースWEB,松屋、ランチメニューに「チーズ牛めし」「キムチ牛めし」「ネギとろろ牛めし」を4月3日から追加、あわせてランチタイムを午後3時まで1時間延長,https://news.yahoo.co.jp/articles/04cc6032d5fb8c3d9d63a12ddfb7f2970128548b,4/1(月) 10:50
ssnp,食品産業新聞社ニュースWEB,激辛ハッピーターン「つらターン」コンビニ発売、エイプリルフール企画を一年越しに商品化、新感覚の激辛「つらパウダー」で“とまらないつらさ”/亀田製菓2024,https://news.yahoo.co.jp/articles/6d622a87a8262ab100aed664413206a9eb395b10,4/1(月) 10:50
ssnp,食品産業新聞社ニュースWEB,「モスバーガー×スポンジ・ボブ 春のラッキーバッグ」予約スタート、福袋の販売額相当の食事券、トートバッグ・ポーチなどグッズ4種類付き,https://news.yahoo.co.jp/articles/fd3a1f9fce3216decc911f5bfab5e8c13e8e2501,4/1(月) 6:40
ssnp,食品産業新聞社ニュースWEB,「ちいかわ 和グミおもっち フルーツ大福味」発売、ちいかわ・ハチワレ・うさぎ・くりまんじゅうのグミ、いちご大福味・マスカット大福味/バンダイ,https://news.yahoo.co.jp/articles/17269ddbadc6153ef7a1230e1b1954a4b0e657a0,3/31(日) 11:40
ssnp,食品産業新聞社ニュースWEB,カルディ、2024年「春のコーヒーバッグ」販売スタート、ミニトートバッグはライトグリーンとスモーキーピンクの2色、限定コーヒー「ブラジルカシャンブ農園」「スプリングビターブレンド」など3種を詰め合わせ,https://news.yahoo.co.jp/articles/2af1a02230fc4747797f69b9d071e72a96f21dc4,3/31(日) 7:40
ssnp,食品産業新聞社ニュースWEB,ドミノ・ピザ、桜の開花予測を受け「さくらピザ」などを4月28日まで販売期間延長、東北・北海道では5月26日まで,https://news.yahoo.co.jp/articles/881079e469049b3abd98cca47ab36e1e89a073ca,3/30(土) 12:40
ssnp,食品産業新聞社ニュースWEB,ミスド2024飲茶“涼風麺”発売、「豚肉と根菜の甘辛涼風麺」「瀬戸内レモン海鮮野菜涼風麺」「胡麻豆乳担々涼風麺」の和洋中ラインナップ/ミスタードーナツ,https://news.yahoo.co.jp/articles/d4a910ec09add64033a3c81ae8919f11ff3604f9,3/30(土) 11:40
ssnp,食品産業新聞社ニュースWEB,“完全栄養食”「BASE FOOD」にカップ麺登場「BASE PASTAソース焼きそば」公式オンラインショップ・Amazonなどで発売,https://news.yahoo.co.jp/articles/487487537bcea1ce2bb6f3239d33ae14ad8315d4,3/30(土) 7:40
ssnp,食品産業新聞社ニュースWEB,すき家値上げ 牛丼並は400円→430円、深夜料金7％実施も、2024年4月3日から,https://news.yahoo.co.jp/articles/bd9a573afc4a4d39c1d23fc12337174750d1e73e,3/29(金) 17:32
ssnp,食品産業新聞社ニュースWEB,ミネラルウォーターの生産量が4年連続過去最高、金額は初の4000億円突破、東日本大震災前の2010年からほぼ倍に,https://news.yahoo.co.jp/articles/c726418b07f76c1a9d303d6c679511a46bb9389e,3/29(金) 15:05
ssnp,食品産業新聞社ニュースWEB,松のや、「チキンかつ定食」復刻発売4月3日から、「チキンかつ定食」690円のほか、「ネギ塩」「タルタル」「ネギ味噌」などの味付けのほか、「唐揚げ」「海老フライ」のコンボも発売,https://news.yahoo.co.jp/articles/32732ea0c0dfc69ef0148bac438c097754063803,3/29(金) 14:46
ssnp,食品産業新聞社ニュースWEB,いきなり!ステーキ、オーダーカット廃止、一部値上げ、原産国変更など4月3日から実施、同日からアプリクーポンを展開,https://news.yahoo.co.jp/articles/f03d76bb831a839f77e5242273d8b4f9e02edb3d,3/29(金) 13:07
ssnp,食品産業新聞社ニュースWEB,ミスド2024新作パイ「36種スパイスで作ったカレーパイ」「チキンとマカロニのジェノベーゼパイ」発売、「じゃがいもベーコンパイ」はリニューアルして再登場/ミスタードーナツ,https://news.yahoo.co.jp/articles/083187f4a374282fd0e4f1ff1bc5f6870b700f47,3/29(金) 12:11
ssnp,食品産業新聞社ニュースWEB,ミスド「しっとりマフィン」レモン&チーズクリーム発売、レモンの風味味わえるしっとり食感マフィン、パッケージ入りで持ち運びにも便利/ミスタードーナツ,https://news.yahoo.co.jp/articles/39d1d642bcd4e30745e796fcc365e0bc11812510,3/29(金) 11:37
ssnp,食品産業新聞社ニュースWEB,吉野家、トッピング100円の「トッピング祭」開始、対象は「ねぎ玉子」「クワトロチーズ」「ねぎラー油」「キムチ」、チーズを「クワトロチーズ」に刷新、4種のチーズを使用した新トッピング,https://news.yahoo.co.jp/articles/ead2f6562f93b0554f6e16a0a07fc0223e1b8acc,3/29(金) 11:30
ssnp,食品産業新聞社ニュースWEB,「カファレル スプリングセール2024」開催、チョコレートのセットが約25～30%割引、トートバッグ付き「クラシック缶セット」、ネコの缶詰をイメージした「アニマル缶セット」など発売、3月29日17時から,https://news.yahoo.co.jp/articles/7345bf2b019d932f09963586045e8b854ffaf96d,3/28(木) 18:01
ssnp,食品産業新聞社ニュースWEB,はなまるうどん、「天ぷら定期券」発売、定期券で4月1日から5月6日までうどん1杯に「天ぷら」または「おでん」1品無料、カレーやミニ丼、うどん弁当でも使用可能,https://news.yahoo.co.jp/articles/19288150cec17089ca5830f8bffaa178664f5cb9,3/28(木) 17:10
ssnp,食品産業新聞社ニュースWEB,ロッテリア「アボカド絶品チーズバーガー」発売、スライス&ソースで“アボカドづくし”の期間限定メニュー、アボカドエビバーガー・アボカド旨辛なども販売,https://news.yahoo.co.jp/articles/8876c72de2b50958487d3baceeedfcf5380ea808,3/28(木) 16:32
ssnp,食品産業新聞社ニュースWEB,PIZZA-LA、「ピザーラ創業祭」で「100人に1人無料」「倍盛りキャンペーン」開催、公式サイト限定企画、ピザ倍盛りではチーズや肉などの具材を2倍,https://news.yahoo.co.jp/articles/a02cab86b56ed74155049fc90317aa925323b728,3/28(木) 16:23
ssnp,食品産業新聞社ニュースWEB,サンマルクカフェ×サクマ製菓「いちごみるく」「サクマドロップス」コラボメニュー3品発売、“飲むキャンディ”ミルキーいちごみるくスムージー、プレミアムチョコクロ、ジューシーあまおうスムージー,https://news.yahoo.co.jp/articles/5aaa1d390903a40265f4bb0035e1352618afeece,3/28(木) 15:47
ssnp,食品産業新聞社ニュースWEB,バーガーキング“正体不明”「ザ・フェイク・バーガー」4月1日発売、4年ぶり登場、中身は一切謎なハンバーガー,https://news.yahoo.co.jp/articles/de4b4bf6877bc8dc02b343d66daadf234a2c1227,3/28(木) 14:36
ssnp,食品産業新聞社ニュースWEB,伝説のすた丼屋、「豪快肉盛り!牛ホル豚バラ焼肉丼」4月1日発売、牛ホルモンと豚バラ肉を、オリジナルの”特製味噌ダレ”で炒める、「焼肉プロジェクト」第4弾,https://news.yahoo.co.jp/articles/7f82c27f5ecd8f6141ce7c3babc3034bb119af98,3/28(木) 14:23
ssnp,食品産業新聞社ニュースWEB,吉野家、「U18応援割クーポン」を公式アプリとXで4月1日から掲載、利用できるのは12歳から18歳、進級など新生活を応援,https://news.yahoo.co.jp/articles/9403e36478f217704d1569e7fe1eb17b6f320532,3/28(木) 13:27
ssnp,食品産業新聞社ニュースWEB,ミスド「台湾粉フルーツティ」発売、台湾生まれの新食感スイーツ「粉(フングイ)」使用、ピーチ&ミックスベリーとマンゴー&パッションフルーツの2種販売/ミスタードーナツ,https://news.yahoo.co.jp/articles/c3270752420a4b120ba369f0e4ed5e59cee6d7eb,3/28(木) 12:52
ssnp,食品産業新聞社ニュースWEB,シャトレーゼ“季節で変わる旬のケーキ”3種発売、4月限定「静岡県産きらぴ香苺と紅ほっぺ種苺のデコレーション」、4～6月限定「苺と柑橘のスフレチーズデコレーション」など,https://news.yahoo.co.jp/articles/ddf8316515f9afb96e034add6fbb4d8f8dbe3bb9,3/28(木) 12:03
ssnp,食品産業新聞社ニュースWEB,サムライマック「炙り醤油風トリプル肉厚ビーフ」発売、ビーフ3枚のボリューム満点ハンバーガーが復活登場、ディナー時間帯に提供/マクドナルド,https://news.yahoo.co.jp/articles/6a2b7fc1e9348bb125c753e6ce10ae64eb222560,3/28(木) 11:06
ssnp,食品産業新聞社ニュースWEB,森永乳業、「PARM 杏仁ミルクストロベリー」4月8日発売、「杏仁豆腐」×「フルーツ」の組み合わせ、本格的なスイーツのような味わい,https://news.yahoo.co.jp/articles/d69308181166b78e4fbfbb9795a06fe0d9e023c5,3/28(木) 11:03
ssnp,食品産業新聞社ニュースWEB,「三ツ矢の日」店頭イベントを実施、過去最大の社員参加で盛り上げ/アサヒ飲料,https://news.yahoo.co.jp/articles/89e3f7a96a06f62275813277745a8237717e037e,3/28(木) 10:09
ssnp,食品産業新聞社ニュースWEB,築地銀だこ「ドジャー・スタジアム店」オープン、約14ドルで限定たこ焼「Tempura&Sweet soy sauce」「Cheese&Salsa」など販売,https://news.yahoo.co.jp/articles/0d7cc570d2978c8d72b25e5d7f2c01d3432e5bf4,3/27(水) 17:56
ssnp,食品産業新聞社ニュースWEB,スシローカフェ部×森永マミーコラボ、新作「森永マミープリンといちごちゃん」発売、森永マミーをイメージした甘酸っぱいオリジナルプリンを提供,https://news.yahoo.co.jp/articles/eddf201e17aa9ec5de3a74af372766ccd1f6ebb3,3/27(水) 17:06
ssnp,食品産業新聞社ニュースWEB,ほっともっと「焼肉ビビンバ」発売、甘旨ダレの牛焼肉と1日の必要野菜1/2を盛り合わせ、温玉・肉3倍も/“人気のアジアングルメ”第1弾,https://news.yahoo.co.jp/articles/e94844908178e7b506a5328112ffa89d731ec279,3/27(水) 16:54
ssnp,食品産業新聞社ニュースWEB,ミニストップ、ミニストッピング「マンゴー&パッションフルーツソース」税込54円を3月29日発売、ソフトクリームなどにトッピング、マンゴー果肉ピューレとパッションフルーツ果汁を使用,https://news.yahoo.co.jp/articles/ece5d34269986b580964acf79022bdf600c62ac1,3/27(水) 16:26
ssnp,食品産業新聞社ニュースWEB,不二家「プレミアムショートケーキ」半額キャンペーンで297円に、ミルクレープ・ふんわりスフレチーズケーキ・プレミアムチョコ生ケーキなどの割引も,https://news.yahoo.co.jp/articles/c1e1c438fe39ce74979070f3c5c7c3a755a8f050,3/27(水) 15:53
ssnp,食品産業新聞社ニュースWEB,ジョイフル、2024春夏のグランドメニューを4月2日開始、多数の新商品を投入、ワンコインランチなどランチでも新メニューを発売,https://news.yahoo.co.jp/articles/21c2df44efe7f6ce6fd33ba660c81b270e8d994e,3/27(水) 14:48
ssnp,食品産業新聞社ニュースWEB,ピノ「ドラえもん」コラボパッケージ発売、タケコプターなど“ひみつ道具”デザインのピック入り、「ピノ シーズンアソート」は“どら焼き味”ピノも,https://news.yahoo.co.jp/articles/598ced4c52fb3ceb0894b7d625ae39a96dd9501e,3/27(水) 14:41
ssnp,食品産業新聞社ニュースWEB,ニチワ電機・西氏、早朝出勤・残業を削減するニュークックチルシステムを「フード＆ケータリングショー」のセミナーで解説,https://news.yahoo.co.jp/articles/3b75975388383c6dccdf3e440e50b7c327746b04,3/27(水) 14:25
ssnp,食品産業新聞社ニュースWEB,"ステーキ宮、2024年春の福袋「宮袋」を4月3日から店頭販売、税込3,300円で5,000円分のクーポン券と宮のたれをセット、「ステーキ宮未来プロジェクト」第3弾として展開",https://news.yahoo.co.jp/articles/a18e93d1f70f0a0822a92ef8e6104e985791842e,3/27(水) 12:41
ssnp,食品産業新聞社ニュースWEB,ペットボトルの水平リサイクルが拡大、飲料各社で自治体・企業との協定や啓発活動進む、“ボトルtoボトル比率”は年々上昇し29%に(2022年度実績),https://news.yahoo.co.jp/articles/5f4bfc72f843a2214cbac45f1dfeade713aabf67,3/27(水) 12:38
ssnp,食品産業新聞社ニュースWEB,江崎グリコ、クリームがハート型の「ビスコ」4月16日から限定発売、クリーム量を減らさずハートの形を実現,https://news.yahoo.co.jp/articles/ba16d8516f12cf26aee75d912a20c6cc05f72fb6,3/27(水) 12:29
ssnp,食品産業新聞社ニュースWEB,KFC「ごま油香るパリパリ旨塩チキン」4月3日発売、軽やかなパリパリ食感に食欲そそるごま油の香り、「食べくらべセット」なども販売/ケンタッキーフライドチキン,https://news.yahoo.co.jp/articles/7a48c64bb190e88ed60bfd10c1a55d80bf17e48e,3/27(水) 12:18
ssnp,食品産業新聞社ニュースWEB,自販機で障がいを持つ人や高齢者をサポートする機能が進化、「Coke ON」アプリのアクセシビリティ拡充/日本コカ・コーラ,https://news.yahoo.co.jp/articles/b27ab9230d702ee30d893bfc6e4f4731b44f491b,3/27(水) 12:15
ssnp,食品産業新聞社ニュースWEB,コージーコーナー「瀬戸内レモン」スイーツ6種を発売“旬は夏ではなく秋から春”例年より早い3月29日から販売、レモンパイ・レモンブラン・レモンケーキなど,https://news.yahoo.co.jp/articles/cc4c45cc5671ec33a9718e673f1df0eda39275d8,3/27(水) 11:42
ssnp,食品産業新聞社ニュースWEB,なか卯、「いか明太丼」4月3日発売、刻み海苔とこだわり卵の錦糸卵を敷き、オクラ、いか明太をトッピング,https://news.yahoo.co.jp/articles/5b2d47a06065df289a8c2aa00eaa1c03e96824a2,3/27(水) 11:32
ssnp,食品産業新聞社ニュースWEB,セブンイレブン、「手巻きおにぎり」販売時間平均8時間延長、首都圏から順次展開、今夏を目途に全国拡大,https://news.yahoo.co.jp/articles/59206d697ca49294b2b53747089f04c53e8cc7fb,3/27(水) 11:06
ssnp,食品産業新聞社ニュースWEB,おやつカンパニー「エッグタイム(ポムポムプリンのたまごパンケーキ味)」発売、パンケーキ味の新食感スナック菓子/サンリオ,https://news.yahoo.co.jp/articles/1c8272d4849ea7ddd8f25d7491e1f9433f9de2b0,3/27(水) 10:45
ssnp,食品産業新聞社ニュースWEB,飲食店やスーパーなどの使用済み割り箸が紙に「割り箸リサイクルプロジェクト」スタート/日本の森林のみらい,https://news.yahoo.co.jp/articles/f7d1f1658f9f111f9fa9d54717bffe3df871166f,3/26(火) 17:14
ssnp,食品産業新聞社ニュースWEB,「キットカット サンリオキャラクターズ いちごミルク味」発売、ハローキティ「キット、笑顔になっちゃうの♪」などメッセージ付個包装28種類,https://news.yahoo.co.jp/articles/d6d643bff9192d69eae6ddc1247649148cf338b5,3/26(火) 16:52
ssnp,食品産業新聞社ニュースWEB,亀田製菓、「ハッピーターン」5年ぶりリニューアル、ハッピーパウダーに“追い掛け”する「ハッピーオイル」の旨みをアップ、「ハッピーターン スパイス」「減塩 ハッピーターン」もリニューアル実施,https://news.yahoo.co.jp/articles/60dfecd3879e24f53b5c92b3d45a812de9d2daac,3/26(火) 16:24
ssnp,食品産業新聞社ニュースWEB,パステル“春のなめらかの日2024”「なめらかあまおう苺プリン」など詰め合わせ「なめらかの日プリンパック」360円引きで発売、「なめらかプリン」など7商品88円引きも,https://news.yahoo.co.jp/articles/231dd9540762b1dc1b5e4570e47e77adcb3dc98d,3/26(火) 15:54
ssnp,食品産業新聞社ニュースWEB,不二家、「パレッティエ」から「白桃タルト」と「メロンタルト」4月9日発売、福島県産の桃と山形県産メロンを使用、“東北産地応援”をテーマに「ニッポンエール」とコラボ,https://news.yahoo.co.jp/articles/db8096e4c78ac5c6c14b3948c9b5470ef94023b2,3/26(火) 15:15
ssnp,食品産業新聞社ニュースWEB,文明堂「藤子・F・不二雄生誕90周年カステラ」4月5日発売、ドラえもん・コロ助・チンプイ・ポコニャンなどデザイン,https://news.yahoo.co.jp/articles/abc10b99eaa0b9aa619298efeba7b30a8fb87171,3/26(火) 14:37
ssnp,食品産業新聞社ニュースWEB,明治、「濃いちょこれえと」ブランド4月2日発売、「抹茶」「黒糖」「抹茶チョコサンド」「苺チョコサンド」を展開、インバウンド向けに「リッチチョコレート」ブランドを刷新、日本らしさ、濃厚さを訴求,https://news.yahoo.co.jp/articles/1e2c83e6f9bd5a42c50a5cd0eb5ecaf28c40319f,3/26(火) 13:52
ssnp,食品産業新聞社ニュースWEB,やよい軒「牛焼きしゃぶとたっぷり野菜の定食」発売、2種のつけだれ「焼肉のたれ・辛子味噌」「ごまだれ・ぽん酢」,https://news.yahoo.co.jp/articles/8a141fb2841db04a392d1c27f727dd7b0fef0e41,3/26(火) 13:43
ssnp,食品産業新聞社ニュースWEB,ローソン24年度上期商品戦略、タイパ・コスパ・ウェルパを重視した商品投入、藤井商品本部長が戦略説明,https://news.yahoo.co.jp/articles/830c6c273f30dc995e2bd3d0d7fefa1925cfac1f,3/26(火) 12:30
ssnp,食品産業新聞社ニュースWEB,からやま、「からやま定食」など4定食を150円引きの「からやま感謝祭」3月29日から7日間開催、新生活を応援、店内飲食、持ち帰りの両方で値引き,https://news.yahoo.co.jp/articles/1c1e9bd42fcb58e2990ed108d161ab362848e7a6,3/26(火) 11:41
ssnp,食品産業新聞社ニュースWEB,ポケモンパン「デコキャラシールホルダー」2024年プレゼント、シャリタツ・イッカネズミなどデザイン、「特製おでかけサコッシュ」も当たる/第一屋製パン,https://news.yahoo.co.jp/articles/837776d29640a817bbc6ba8e4d21ed7196bec8f0,3/26(火) 11:34
ssnp,食品産業新聞社ニュースWEB,ココス、ハンバーグ3枚など9層を重ねた「トリプルマウンテンハンバーグ」“ココス史上最も多層”デミグラスソース・サルサソースを用意、4月1日発売,https://news.yahoo.co.jp/articles/6f5dbea8cc75c3c4cd4ec5363df4a81c70f33ca2,3/26(火) 10:58
ssnp,食品産業新聞社ニュースWEB,ビアードパパ“史上最驚のパリパリ”「ミルフィーユシュー」290円、25周年記念で4月1日発売、「カスタードプリンシュー」も同時発売,https://news.yahoo.co.jp/articles/49c8a81829ad6a86134e3e87e46dbb9ee78b5474,3/25(月) 18:03
ssnp,食品産業新聞社ニュースWEB,セブンイレブン「名探偵コナン」スマホステッカー配布、江戸川コナン・怪盗キッド・服部平次など、グリコ菓子購入で/劇場版「名探偵コナン 100万ドルの五稜星」,https://news.yahoo.co.jp/articles/a47f252075f7bea0ceb0909b12a74754496e9f30,3/25(月) 16:49
ssnp,食品産業新聞社ニュースWEB,天下一品、「こってり唐揚げフェア」4月1日から開催、こってりスープ使用の「こってり唐揚げ」に5種類のアレンジ、「ハニーマスタード」「旨塩」「獄辛」など展開,https://news.yahoo.co.jp/articles/8af19d6ef10b44875224a6231891171aa88b07fa,3/25(月) 16:35
ssnp,食品産業新聞社ニュースWEB,リンツ「詰め放題」全国の店舗で開催、リンドール75周年記念「バースデーケーキ」などのチョコレートを対象に、4月1日から5月12日まで,https://news.yahoo.co.jp/articles/d7aa9ad3033850e4468b7d6c820e4e3e1d36c156,3/25(月) 16:33
ssnp,食品産業新聞社ニュースWEB,「十勝のむヨーグルト」×「サンリオ」コラボ、4月1日から「乳酸菌もサンリオキャラクターズもぎゅうぎゅう詰めキャンペーン」開始、「ハローキティ オリジナルぬいぐるみ」など当たる/日清ヨーク,https://news.yahoo.co.jp/articles/df49bda8976887e67691a7fc75eec343500ad5ec,3/25(月) 15:48
ssnp,食品産業新聞社ニュースWEB,ピザハット「ご愛顧感謝 590円セール」開催、3月29日から「ピザハット・マルゲリータ」が“590円”、アプリ注文テイクアウト対象に開催,https://news.yahoo.co.jp/articles/1d2b0d74a39e8c56bca356c525ddd61b0de53360,3/25(月) 14:22
ssnp,食品産業新聞社ニュースWEB,ファミマ、「ロールサンド」「トルティーヤ・ピザサンド」リニューアルを実施、「タイパ」需要に対応、片手で“しっかりと食事”,https://news.yahoo.co.jp/articles/36e9d65f9afbcb876b8af48837c2c755987f5d76,3/25(月) 13:49
ssnp,食品産業新聞社ニュースWEB,サーティワン『名探偵コナン』初コラボ、トートバッグ付き「アイスクリームセット」、限定フレーバー「江戸川コナンのヨーグベリーアイス」、アクリルコースター付き「怪盗キッドのジュエルサンデー」など発売、4月1日から5月8日まで,https://news.yahoo.co.jp/articles/9e8154edd8e967c17b4b34aa282af0d5208eb24d,3/25(月) 13:17
ssnp,食品産業新聞社ニュースWEB,"小僧寿し、「【超】得にぎりフェア」を3月29日までの平日開催、定番ネタを詰め込んだ「【超】得にぎり20貫」1,080円を販売、続く土日は「本鮪中トロたっぷり大祭」",https://news.yahoo.co.jp/articles/8cd662f56980694c1cc21ac736af449e96b07e57,3/25(月) 12:53
ssnp,食品産業新聞社ニュースWEB,すき家、「うな牛」「うな丼」3月27日販売開始、おかずだけの「うな牛皿」「うな皿」も展開、代金の一部はうなぎの資源保全に活用,https://news.yahoo.co.jp/articles/21bc4cd2f9f972de27185bc723a5413aeaec623e,3/25(月) 11:46
ssnp,食品産業新聞社ニュースWEB,カルディ「春のコーヒーバッグ」2024年はライトグリーン・スモーキーピンクのミニトートバッグ、限定コーヒー「スプリングビターブレンド」など3種を詰め合わせ、4月1日発売,https://news.yahoo.co.jp/articles/77d1d091875a4e5c819a3fc84b52aa0b639afa5c,3/25(月) 11:40
ssnp,食品産業新聞社ニュースWEB,ミスド監修チルドカップ「ミスタードーナツ アメリカンブラック」4月2日発売、コクがありつつもすっきりとした飲み口/トーヨービバレッジ,https://news.yahoo.co.jp/articles/ac695ce90f78823be322f93e1c055903d8013dad,3/25(月) 11:39
ssnp,食品産業新聞社ニュースWEB,"シェイク シャック、3月29日値上げ、原材料費や物流費の高騰、為替変動の影響うけ実施、「シャックバーガー」979円から1,012円など",https://news.yahoo.co.jp/articles/c4851fb0928a229ef4953273a769614c5f60cd6f,3/25(月) 11:11
ssnp,食品産業新聞社ニュースWEB,「ドラゴンクエスト スライムのグミ」発売、ぷにぷり食感のソーダ味、“出たらラッキー”なメタルスライムのグミも/スクウェア・エニックス,https://news.yahoo.co.jp/articles/0c49b362dc3d4086d17c9999754d8b18a3b661d6,3/25(月) 10:35
ssnp,食品産業新聞社ニュースWEB,なか卯「牛肉たっぷりつけうどん」3月27日発売、牛肉の旨み溶け込む熱々つけ汁&冷たい細切りうどんの“冷や熱メニュー”、「牛肉たっぷりつけそば」も,https://news.yahoo.co.jp/articles/176df9a08056a4cb4dd7b2af85d8a5b36a7a6540,3/24(日) 15:40
ssnp,食品産業新聞社ニュースWEB,大阪王将「にらホルモン中華そば」発売、“推し麺総選挙”1位を全国販売、山口県のホルモン鍋“とんちゃん鍋”モチーフの汁そば,https://news.yahoo.co.jp/articles/b605cb2bc21556a3c08cbef119456b8a971f2993,3/24(日) 11:40
ssnp,食品産業新聞社ニュースWEB,しゃぶしゃぶ木曽路「春のうまいもの紀行」開催、初鰹・桜海老・稚鮎・たけのこ・大さざえが登場、1食100円を能登の復興支援に寄付する「ホタルイカの酢味噌掛け」も,https://news.yahoo.co.jp/articles/0cbe8fafa7036c581a23fedbea0835d98cd6a7ec,3/24(日) 9:40
ssnp,食品産業新聞社ニュースWEB,からやま「梅おろしからあげ定食」2024年も発売、梅ダレ・梅肉に漬け込んだ「梅からあげ」、梅だれを和えた大根おろし・大葉をトッピング,https://news.yahoo.co.jp/articles/731aba762b7941df65d3df7313fb515cff058494,3/23(土) 9:40
ssnp,食品産業新聞社ニュースWEB,小僧寿し、「本鮪中トロたっぷり大祭」3月23・24日と3月30・31日の土日に開催、「切落し本鮪中トロ」入りの「鮪たっぷり丼」や本鮪中トロ入りのセットを展開、人気ネタの「たっぷり」セットも販売,https://news.yahoo.co.jp/articles/c94b39f901d7c905d51eba7b6ec03da6e983be71,3/23(土) 7:11
ssnp,食品産業新聞社ニュースWEB,ゴディバ、ステンレスボトル付き「マザーズデースペシャルギフト」「メッセージ入りバームクーヘン」など『母の日』2024向けギフト続々、4月3日発売,https://news.yahoo.co.jp/articles/0354b9768667108715f9b1b9d0c1a89b89c4e2da,3/22(金) 17:28
ssnp,食品産業新聞社ニュースWEB,七條甘春堂「ポケモン京菓子」第3弾“春”発売、ピカチュウ・コイキング・シェイミ・オドリドリなどデザイン、オンライン先行で一部商品を販売,https://news.yahoo.co.jp/articles/84f4f6da0f1fd696f1d719e39c457db5a48c8668,3/22(金) 15:19
ssnp,食品産業新聞社ニュースWEB,ファミリーマート、「ピーチフラッペ」3月26日発売、桃の果汁量32%の濃厚な味わい、販売中の「ロイヤルミルクティーフラッペ」は2023年売上数1位、700万杯を突破,https://news.yahoo.co.jp/articles/85cca71fe3193deb3c1056d4c3d38aab626b481c,3/22(金) 15:14
ssnp,食品産業新聞社ニュースWEB,吉野家、春休みに「お子様割」で80円引き、対象はお子様メニューの「ミニ牛丼セット」「ミニカレーセット」含む60種類以上、テイクアウトでは子どもの同伴不要,https://news.yahoo.co.jp/articles/28b664e002f1f24838c0578e118c83efb030414f,3/22(金) 13:58
ssnp,食品産業新聞社ニュースWEB,ピザハット「パクチーすぎて草超えて森」新発売、SNSで話題のパクチーピザが“200%増量”で登場、通常量の「パクチーすぎて草」も復刻販売,https://news.yahoo.co.jp/articles/a511a0181b2e1b0c3b2198e3a8709a55faabe960,3/22(金) 12:40
ssnp,食品産業新聞社ニュースWEB,なか卯「白玉宇治抹茶ラテ」300円、香料・着色料不使用、京都「矢野園」の宇治抹茶と沖縄県産黒糖を使用、3月27日発売,https://news.yahoo.co.jp/articles/4ed41b83e8696c87059f42e46dd7d8bbbd211918,3/22(金) 12:35
ssnp,食品産業新聞社ニュースWEB,カルディ、アウトドアでの料理に「スクエアクッカー&ミニパンセット」発売、蓋はミニフライパン、直火調理可能、持ち運びに便利な「ステンレスマグ」「ミニキャニスター缶」は3月29日発売,https://news.yahoo.co.jp/articles/b625e41f181b05eed234cd66f9105f4df132bb37,3/22(金) 11:56
ssnp,食品産業新聞社ニュースWEB,モスバーガー、春の福袋「スポンジ・ボブ 春のラッキーバッグ」5000円分食事券にグッズ4種類付いて税込5000円、4月2日予約スタート,https://news.yahoo.co.jp/articles/e8f5c2ad398920f8829b17422899d32c8fe04838,3/22(金) 11:53
ssnp,食品産業新聞社ニュースWEB,吉野家×サンリオ「クロミ化計画」グッズプレゼント、アプリポイントで「ショルダーバッグ」「ぬいぐるみキーホルダー」など交換,https://news.yahoo.co.jp/articles/becbab77362bae4b6b1d5cd1cb52b90ce7b68ddc,3/22(金) 11:22
ssnp,食品産業新聞社ニュースWEB,松のや、タイ風豚バラ唐揚げ「ムートート」3月27日発売、カリカリ食感の“タイ風”豚バラ唐揚げを味変用スイートチリソースで楽しめる,https://news.yahoo.co.jp/articles/5302870a27f4a7bcec53b702a748670af131eca1,3/22(金) 10:38
ssnp,食品産業新聞社ニュースWEB,カルディ 最大30%引き『感謝DAYs』、コーヒー「マイルドカルディ」など対象に、オリジナルジッパーバッグ配布も、オンラインストア限定3月20日から3月25日まで,https://news.yahoo.co.jp/articles/8b0523ae93052208a6b3d7738115f4cc2409b72a,3/21(木) 18:48
ssnp,食品産業新聞社ニュースWEB,緑茶飲料に各社注力、4ブランドが今春大型リニューアル、味・香りやパッケージの差別化で「どれでも同じ」から脱却へ,https://news.yahoo.co.jp/articles/3b496ae1089b33531615dcb58ea43ecd30df983c,3/21(木) 17:29
ssnp,食品産業新聞社ニュースWEB,首都圏4都県の冷蔵倉庫協会、荷主への協力依頼文書作成、2024年物流問題に対応、トラック待機時間削減目指す,https://news.yahoo.co.jp/articles/d25a18ad75dbbc4c646d136c78313c1d33063cdc,3/21(木) 17:19
ssnp,食品産業新聞社ニュースWEB,モスバーガー、定番商品に国産牛100%“新とびきり”シリーズ投入、消齢化に対応する『両利き戦略』を展開、「新とびきりチーズ ～北海道チーズ～」690円発売,https://news.yahoo.co.jp/articles/60287d9c867caa71a1969298c2c39627a98a522e,3/21(木) 17:16
ssnp,食品産業新聞社ニュースWEB,ミニストップ、「完熟アップルマンゴーパフェ」「ハロハロ まっちゃ×MATCHA」3月22日に発売、マンゴー2倍の「得盛アップルマンゴーパフェ」も展開、ハロハロは濃厚で渋みのある本格的な抹茶かき氷,https://news.yahoo.co.jp/articles/60dae20a09a1f713a9646bc087b331f21c7d3375,3/21(木) 16:38
ssnp,食品産業新聞社ニュースWEB,スシロー「モンハン」コラボ3月27日開催、「上手に焼けました～!骨付きチキン」などコラボピック付きメニュー発売、ステッカー付き寿司やTシャツ当たる「スシローで100皿いこうぜ!」キャンペーンなども展開,https://news.yahoo.co.jp/articles/e53c8be4e442cfe6d495849b69def98be1b4c2a9,3/21(木) 16:03
ssnp,食品産業新聞社ニュースWEB,ローソン、のり弁をそのままおにぎりにした「具!おにぎり まるで明太のり弁」4月2日発売、2024年上期は「タイパ」「コスパ」に加えウェルビーイングを意識した商品を順次発売,https://news.yahoo.co.jp/articles/67972ca775cddde28f6f33612c2ff474f8ce52ea,3/21(木) 15:45
ssnp,食品産業新聞社ニュースWEB,スタバ、オリーブオイルを加えたコーヒー「オリアート」500店舗に拡大、なめらかなムースフォームが特徴、イタリア・パルタナ社のエキストラバージンオリーブオイル使用/スターバックスコーヒージャパン,https://news.yahoo.co.jp/articles/3e72bb22f6411e6883961dc3263c6e94e2a20acd,3/21(木) 14:59
ssnp,食品産業新聞社ニュースWEB,松屋、「マレーシア風牛肉煮込み～ルンダン～」3月26日発売、ココナッツミルク、香味野菜とハーブやスパイスで牛肉を煮込むインドネシアやマレーシアの伝統料理「ルンダン」を提供,https://news.yahoo.co.jp/articles/1c639b96c893c0a2ccf8c5da142644d3cf36d44a,3/21(木) 14:34
ssnp,食品産業新聞社ニュースWEB,バーガーキング、「ダブチェ・アグリーバーガー」と「チーズアグリーバーガー」3月22日発売、手作業で作る「4種チーズのクラフトバンズ」を使用、「チキンナゲット16ピース」30%オフも同日開始,https://news.yahoo.co.jp/articles/7cbe29c58f471f2001628dca174a319bf2ac25db,3/21(木) 14:00
ssnp,食品産業新聞社ニュースWEB,ミスド「お濃いドーナツ」とろり抹茶クリーム・ふわり抹茶ホイップを3月27日新発売、2024『misdo meets 祇園辻利』第一弾、「ポン・デ・宇治抹茶」3商品も登場/ミスタードーナツ,https://news.yahoo.co.jp/articles/73119d518ab5261ced7007596ce42578500143f8,3/21(木) 12:05
ssnp,食品産業新聞社ニュースWEB,和食さと、「真ふぐ食べ放題」復活、4月3日まで、「さとしゃぶ」「さとすき」「さと式焼肉」に「真ふぐ」食べ放題コース、「ふぐの唐揚げ」や「ミニふぐ丼」などの1品料理も食べ放題,https://news.yahoo.co.jp/articles/de70aeb94a732913e23041cb538583f1917a8768,3/21(木) 11:11
ssnp,食品産業新聞社ニュースWEB,くら寿司「極上かに」フェア開催、ソフトシェルクラブの「絶品かに手巻き」や「特大生ズワイガニ」「極上かに玉手箱」など販売,https://news.yahoo.co.jp/articles/ef41e6a5b25d96801666d1f1487355595952390f,3/21(木) 11:07
ssnp,食品産業新聞社ニュースWEB,ドール、「バナナエシカルバリューチェーンプログラム」、「小型量り売り機」導入と新しい「バナナ専用脱プラパッケージ」展開,https://news.yahoo.co.jp/articles/195ec2e7bc7c82cedb9410b59a531b687f975c15,3/20(水) 11:40
ssnp,食品産業新聞社ニュースWEB,とんかつまい泉、値段そのまま「特製ヒレかつ増量キャンペーン」90g→100gに、全国直営店で3月27日から4月9日まで,https://news.yahoo.co.jp/articles/42f51436f3d9cc463f736030d0ef95f00de5fdfd,3/20(水) 9:40
ssnp,食品産業新聞社ニュースWEB,コージーコーナー「抹茶と苺の水ようかんケーキ」発売、レモン風味ゼリー×あんこ「お花見あんみつパルフェ」も、意外な組み合わせに“新たなおいしさ”,https://news.yahoo.co.jp/articles/cb19887be7e2e1d381d94c7987e6c80ed2c6eebc,3/19(火) 19:49
ssnp,食品産業新聞社ニュースWEB,キリマンジャロコーヒーの魅力語るイベント開催、生産国のタンザニア大使館で文化体験/伊藤園・タリーズコーヒージャパン,https://news.yahoo.co.jp/articles/ba3df86ea09340aa0283819b6930eaa511472c81,3/19(火) 17:21
ssnp,食品産業新聞社ニュースWEB,不二家「ワンピース」コラボ菓子・グッズ発売、“麦わらの一味がペコちゃんになっちゃった”限定デザイン、全国のコンビニ・公式通販などで4月2日から,https://news.yahoo.co.jp/articles/2666bf5d06b9fd569610c8180ffc8f108510ba46,3/19(火) 17:14
ssnp,食品産業新聞社ニュースWEB,焼肉きんぐ、新デザート「ぐるぐるまぜてね きんぐスロッピー～LOGOSメイプルクッキー～」3月27日発売、アウトドアブランド「ロゴス」と初コラボ,https://news.yahoo.co.jp/articles/0bcd3ef10f13343be34ea5f1842ec58f40564fe9,3/19(火) 16:59
ssnp,食品産業新聞社ニュースWEB,オリジン弁当、のり弁当の新商品「タルタル唐揚げのり弁当」430円を3月22日発売、「タルタルのり弁当」に唐揚げとエビフライをプラスした「タルタル特のり弁当」も“おすすめ”,https://news.yahoo.co.jp/articles/60e6f8ae33dcb4959b57b442fc0244311f9bf34d,3/19(火) 15:09
ssnp,食品産業新聞社ニュースWEB,ローソン「崩壊スターレイル」クリアファイル・ミニポスター先着プレゼント、丹恒・三月なのか・花火・アベンチュリンや黄泉・ブラックスワンをデザイン、マグネットシート付きコラボ食品や限定グッズ販売も,https://news.yahoo.co.jp/articles/9651bbcde5089f848dcd86390a2bc96d705d53b3,3/19(火) 14:13
ssnp,食品産業新聞社ニュースWEB,ファミマル Sweets、「プリンサンド」「プリンタルト」を“進化系プリン”として新発売、「窯出しとろけるプリン」「スフレ・プリン」リニューアルも実施し、「最高!プリンスイーツ」展開/ファミリーマート,https://news.yahoo.co.jp/articles/7843bf347834609165cd64979ba5c190f149b604,3/19(火) 13:48
ssnp,食品産業新聞社ニュースWEB,『こどもスシロー』全店でスタート、「まるごとチーズハンバーグにぎり」発売、注文タッチパネルに「こどもメニュー」タブ追加、キッズスタンプカードなども展開中/あきんどスシロー,https://news.yahoo.co.jp/articles/50f41ed6f77092cf669ad6c3f5385a28149b40ef,3/19(火) 13:34
ssnp,食品産業新聞社ニュースWEB,すき家、「明太マヨチーズ牛丼」3月27日販売開始、ピリ辛の明太マヨをトッピング、チーズの黄色と明太マヨの淡いピンクが“春らしい”色合い,https://news.yahoo.co.jp/articles/c9917671a7bea283b7090ef5580ee0b3640711ad,3/19(火) 11:33
ssnp,食品産業新聞社ニュースWEB,スープストックトーキョー「母の日ギフト」販売スタート、冷凍スープ「オマール海老のビスク」「東京ボルシチ」「焼き鯛だしの和風スープ」など詰め合わせ、母の日限定ラッピングやメッセージカード付き,https://news.yahoo.co.jp/articles/ad1be7739a91ca0f319b6380740430c860b1b620,3/19(火) 11:10
ssnp,食品産業新聞社ニュースWEB,シダックスフードサービス、有料老人ホームでオイシックス・ラ・大地の野菜や果物を活用した食事提供を開始,https://news.yahoo.co.jp/articles/28c653da70c4bb6d132d09261921618726541db5,3/18(月) 18:10
ssnp,食品産業新聞社ニュースWEB,カルディ「母の日」向けギフト続々、「ありがとうだし」や缶に入ったクッキー、ドリップコーヒー「感謝の気持ちエチオピアモカ」など発売,https://news.yahoo.co.jp/articles/aecfd9c66aac368a5f9657a1f24a11ffbf1da47b,3/18(月) 17:36
ssnp,食品産業新聞社ニュースWEB,日清食品、謎肉だけ「カップヌードル 謎肉放題」3月25日発売、カップヌードル約47食分の謎肉200gを1箱に詰めた新商品、アレンジレシピ「謎肉爆増しカップヌードル炒飯」「ピーマンの謎肉詰め」など紹介,https://news.yahoo.co.jp/articles/9d55a466f8486b736fd3c43473caf2ef03f2bc5a,3/18(月) 16:30
ssnp,食品産業新聞社ニュースWEB,かっぱ寿司、1980年代の味を復刻「プレミアムサラダ軍艦」発売、1貫110円の「みなみ鮪中とろ」「蟹にぎり」など“かっぱのとろ&かに祭り”同時開催も,https://news.yahoo.co.jp/articles/2ad8035ab020d6eabc5f1a0e3ff721abb3b1d761,3/18(月) 16:03
ssnp,食品産業新聞社ニュースWEB,ガスト、ARの「お花見ガスト」3月21日開始、天気や花粉を気にせず「お花見」、おすすめメニューの「サーロインステーキセット」やテイクアウトの「お花見パーティセット」も展開,https://news.yahoo.co.jp/articles/51de1bb33d73991ec4ecd10bfeded2a2cbd257a6,3/18(月) 15:16
ssnp,食品産業新聞社ニュースWEB,スシロー、「特ネタ中とろ」全店で税込100円、3月19日から4月7日まで、通常は180円から210円の赤皿の商品を100円で提供、3月17日までは「青森産塩〆ひらめ」と「うなぎ」が全店税込100円,https://news.yahoo.co.jp/articles/49238338807671cee0176580a1e5e6c9023ca1d0,3/18(月) 14:23
ssnp,食品産業新聞社ニュースWEB,チロルチョコ「ちいかわちろるちょこBOX」発売、ちいかわ・ハチワレ・うさぎのBOX入り、個包装はモモンガ・ラッコ・くりまんじゅうなど全30種類,https://news.yahoo.co.jp/articles/cb014f02c6f8653342a503b88280f226ec857c74,3/18(月) 14:17
ssnp,食品産業新聞社ニュースWEB,ケンコーマヨネーズ、10年にわたるサラダ研究の成果を発表,https://news.yahoo.co.jp/articles/a12b85266f22b34bde05b0d1aa1e30b966abfd26,3/18(月) 13:52
ssnp,食品産業新聞社ニュースWEB,イオン、アレルギーに配慮した“おこめ”でつくった焼き菓子3品目発売、「トップバリュ やさしごはん」シリーズから、特定原材料8品目を不使用、白米粉、発芽玄米粉をブレンドして使用,https://news.yahoo.co.jp/articles/916a983f064261f449f95976bb3abc33066aec43,3/18(月) 13:38
ssnp,食品産業新聞社ニュースWEB,カップ麺「一蘭とんこつ」初リニューアルで麺増量、スープ・秘伝のたれも改良、全国の一蘭や公式通販、一部小売店で4月1日から,https://news.yahoo.co.jp/articles/173b8aa9a8ea4b1eef88d4c23d68d4dd98571cc7,3/18(月) 12:58
ssnp,食品産業新聞社ニュースWEB,西友、PB「たんぱく質と食物繊維がとれる ハリラ風豆カレー」を発売、“みなさまのお墨付き”本格レトルトカレーシリーズ10周年記念、モロッコ料理をアレンジした商品,https://news.yahoo.co.jp/articles/dac455aec9bb73108fb9a59b54098e0c30a26cb4,3/18(月) 12:42
ssnp,食品産業新聞社ニュースWEB,ファミマ「サーティワン」アイス風マカロン発売、人気フレーバー「ラブポーションサーティワン」「キャラメルリボン」を再現/ファミリーマート,https://news.yahoo.co.jp/articles/5c4dfff87e8ee4282df73b90a9ca51801d2a4576,3/18(月) 12:10
ssnp,食品産業新聞社ニュースWEB,果肉が赤いキウイ「ゼスプリ ルビーレッド」発売、“熟したベリーのような甘さ”2024年の販売は3月下旬から4月下旬頃まで,https://news.yahoo.co.jp/articles/d1dfa4f9602a9ea9d410b2d2b828679b85463315,3/18(月) 12:07
ssnp,食品産業新聞社ニュースWEB,カルディ、花柄の缶に春限定コーヒーをあわせた「春のキャニスター缶セット」販売スタート、“春に咲く花のように鮮やかな香り”のスプリングブレンド,https://news.yahoo.co.jp/articles/3386f270f52153a96a92945a17589c08e14e98d1,3/18(月) 12:01
ssnp,食品産業新聞社ニュースWEB,ドミノ・ピザ、初の“耳だけ”新商品「チーズツイストブレッド」発売、あわせてチーズをピザ耳で包んだ3種の新クラストを展開、「チーズンロールツイスト」「チェダーベーコンツイスト」「5チーズツイスト」,https://news.yahoo.co.jp/articles/c2ad323222415867396e98ba0f0273a7ef54af77,3/18(月) 11:27
ssnp,食品産業新聞社ニュースWEB,はま寿司「はま寿司の大切り旨ねた祭り 第2弾」開催、110円メニューに大切りまぐろはらみ・大切り金華しめさば・厚切りつぶ貝、「大切りいわて牛五ツ星握り」「大切り重ね中とろ」なども販売,https://news.yahoo.co.jp/articles/7e75557b6405306aedb2da8e2698827ee8701c39,3/18(月) 10:57
ssnp,食品産業新聞社ニュースWEB,ラーメンじゃーにー、冷凍餃子の取り扱いを開始、6店舗の餃子をラインアップ、各店の個性のある餃子を好きなラーメンと組み合わせできる/イートアンドHD,https://news.yahoo.co.jp/articles/8dafc112d4c78bff3f1268630077baabc88b5d41,3/17(日) 12:11
ssnp,食品産業新聞社ニュースWEB,モロゾフ、うさぎを描いたケーキ「イースター デンマーククリームチーズケーキ」3月22日発売、春限定「いちごのレアチーズケーキ」も販売中,https://news.yahoo.co.jp/articles/198750ac5b6898fa7bfb6d601d4403d80fd84aec,3/17(日) 9:40
ssnp,食品産業新聞社ニュースWEB,ダスキン「ミスドミュージアム」初リニューアル、新エリア「ドーナツの森」に127種類の歴代商品イラストや模型が登場,https://news.yahoo.co.jp/articles/3bdfce315c654baa7d9b29d6b546fb6d82bb2b54,3/16(土) 9:10
ssnp,食品産業新聞社ニュースWEB,森永製菓が東京・浅草寺で「チョコモナカジャンボ」サンプリング、3月16日と17日で計2万個、インバウンド需要狙い「パリパリッ」の日本品質アイスを提供,https://news.yahoo.co.jp/articles/651a813e017a8027d80939ee12a357aaa2576f5e,3/15(金) 17:08
ssnp,食品産業新聞社ニュースWEB,ほんのハッピーセット絵本「かいけつゾロリ おたからいただき!大さくせん」発売、ミニ図鑑「押したらどうなる?ボタンの図鑑」も登場/マクドナルド,https://news.yahoo.co.jp/articles/ef49d3aee08c107c8f9bc249c864e842e209f3f7,3/15(金) 16:16
ssnp,食品産業新聞社ニュースWEB,森永乳業・MOW、「香りたつマスカット」3月25日発売、マスカット・オブ・アレキサンドリア」の果汁7%使用、さらに「MOW PRIME クッキー&クリーム」を3月18日発売,https://news.yahoo.co.jp/articles/f60f282ffbebc38a13e986a09bf49c8c03408c06,3/15(金) 15:53
ssnp,食品産業新聞社ニュースWEB,丸大食品「すみっコぐらし」ウインナー発売、しろくま・ぺんぎん?やとんかつ王など「ようこそ!たべもの王国」プリント入り/「おべんとうのすみっこにいれてネ ウインナー」,https://news.yahoo.co.jp/articles/bc15b86b999d096cf5f48bbc8f279190c701875e,3/15(金) 15:40
ssnp,食品産業新聞社ニュースWEB,“たらこキユーピー”生誕20周年「ビッグクッション」プレゼントキャンペーン、「あえるパスタソース」全品が対象/キユーピー,https://news.yahoo.co.jp/articles/7dbe8e70d00a029dac2acdae05b2248e8ccb638e,3/15(金) 14:52
ssnp,食品産業新聞社ニュースWEB,ウエルシア薬局、PB精麦・発芽玄米4商品を発売、食感にこだわり、毎日続けやすい商品,https://news.yahoo.co.jp/articles/147ff748c1aaed606c66569e06e71e4b48a09753,3/15(金) 14:27
ssnp,食品産業新聞社ニュースWEB,イトーヨーカドー、2024年「母の日と父の日ギフト」受付中、ことしは“直接会って感謝を伝える”ため、一緒に食事をとる「ごちそうメニュー」を新たに品揃え,https://news.yahoo.co.jp/articles/3c1aa0471603eca8e771982b1606f3b1ee361041,3/15(金) 12:29
ssnp,食品産業新聞社ニュースWEB,とんかつ「松のや」“さよならカキフライ”1個増量キャンペーンを実施、3月20日から27日まで,https://news.yahoo.co.jp/articles/d58552d81b7e7b084a071ba97dfac9144de590c8,3/15(金) 12:23
ssnp,食品産業新聞社ニュースWEB,ほっともっと、サワラを使った「天ぷら御膳」700円発売、エビ・イカ・ホタテ・スナップエンドウ・さつまいも・レンコンの天ぷらも盛り合わせ、3月21日から数量限定,https://news.yahoo.co.jp/articles/5e4e686b6a9f267e8eb6e20df6a7d649408b5a92,3/15(金) 11:53
ssnp,食品産業新聞社ニュースWEB,完全非接触おしぼり供給機「SAWANNA」、飲食店のプラ削減や従業員の負担減に/Field Alliance,https://news.yahoo.co.jp/articles/4b4cd3f05af8771f60475f230da70fc275417d1f,3/15(金) 11:04
ssnp,食品産業新聞社ニュースWEB,「マックフライポテト」M・Lサイズが250円に、3月18日からキャンペーン開催、期間限定で最大130円値引き/マクドナルド,https://news.yahoo.co.jp/articles/952b46cdde07e6991007d016bd059262bb0defb7,3/15(金) 10:33
ssnp,食品産業新聞社ニュースWEB,かっぱ寿司×「PUI PUIモルカー」全6種のグッズ、おこさまメニューに付くコインで回せる「かっぱのカプセルトイ」に登場、チャーム・くるくるダッシュカー、3月21日発売,https://news.yahoo.co.jp/articles/5c31a45340aca1dde1d811a5365299b7094a4e30,3/14(木) 19:47
ssnp,食品産業新聞社ニュースWEB,ロイヤルホスト「Good JAPAN 春」スタート、長崎県産芝海老・播磨灘産牡蠣・北海道オホーツク海産帆立をメインに、「牡蠣と帆立のシーフードピラフ」など、3月21日から5月中旬まで,https://news.yahoo.co.jp/articles/5cdb72637965f29f9b57f1a6a5c2f33f69d9d49c,3/14(木) 16:51
ssnp,食品産業新聞社ニュースWEB,ハッピーセット「ドラえもん」第1弾発売、うたごえマイク・カスタネット・チューバのふえ・ボンゴめいろの音が出るおもちゃ付き/マクドナルド,https://news.yahoo.co.jp/articles/a350a7e22bebf0918220b7a72adf521c67401b45,3/14(木) 16:48
ssnp,食品産業新聞社ニュースWEB,安楽亭、「新生活応援!焼肉キャンペーン」開催、新生活のお祝いなどへ「黒毛和牛カルビ」半額、大皿に「サンチュ&キムチ」プレゼント,https://news.yahoo.co.jp/articles/50eef4ae409952836c6260172ade879513bf1738,3/14(木) 16:23
ssnp,食品産業新聞社ニュースWEB,2023年度食創会「第28回安藤百福賞」大賞に京大の奥野恭史氏が輝く、疾病予測・予防AI開発,https://news.yahoo.co.jp/articles/94e09e80f66e19bc355ecbe83a97c1bb1387bee9,3/14(木) 15:40
ssnp,食品産業新聞社ニュースWEB,「inゼリー」初の子ども向け、スポーツ・勉強時のエネルギー補給に、子どもが開けやすいキャップ、アップル味とグレープ味「inゼリー成長期サポート」3月19日全国発売/森永製菓,https://news.yahoo.co.jp/articles/72376461a7b5a7ef0eb7ead4746d6d96fb599dc2,3/14(木) 15:09
ssnp,食品産業新聞社ニュースWEB,"ワタミとローソンが「物流シェアリング」、ローソンの配送回数減により非稼働のトラックで土日祝日の「ワタミの宅食」1日平均約3,200食を配送、物流2024年問題に向け両社効率化の協業",https://news.yahoo.co.jp/articles/43735dd792c7c1cf4057de3d50cc273607d6d541,3/14(木) 14:44
ssnp,食品産業新聞社ニュースWEB,タリーズコーヒー「ポケモンGO」パートナーリサーチ参加券プレゼント、アルクジラ・バニプッチ・ヒスイビリリダマ・ジジーロン登場、700円以上の会計でタイムチャレンジに招待,https://news.yahoo.co.jp/articles/442559f1a449b946502bcffc5d3dd3ec034b1a69,3/14(木) 14:09
ssnp,食品産業新聞社ニュースWEB,"ピザハット、「春のピザハット祭りセール」3月14日から20日の1週間開催、5種類のMサイズピザを持ち帰り900円、デリバリー1,100円で提供、そのほか9種類のサイドメニューを400円で販売",https://news.yahoo.co.jp/articles/b00fde71af3d4b7c5b8de4a39644231645fae9e7,3/14(木) 13:41
ssnp,食品産業新聞社ニュースWEB,紀ノ国屋、完売した「お年玉袋」を「春のハッピーボックス」として再販売、トートバッグに食品を詰合せ、新登場3品を含む全5種類、3月14日20時から,https://news.yahoo.co.jp/articles/cb29f34fae88c8c693a900cee5a28960d323bc0e,3/14(木) 13:39
ssnp,食品産業新聞社ニュースWEB,「ドラえもん東京ばな奈」限定ステッカープレゼント、ウインクするドラえもんデザイン、東京ばな奈のサクサクシュガーバターなど対象商品購入で/春休みキャンペーン,https://news.yahoo.co.jp/articles/fdda49081b7deed3f30538dfa867ba7d868cfb5b,3/14(木) 13:10
ssnp,食品産業新聞社ニュースWEB,ほっともっと、3月21日新味の「ほっとチキン」と「プラスから揚 」発売、「瀬戸内レモンペッパー」味、チキンとの相性がよくなるようスパイスを配合,https://news.yahoo.co.jp/articles/e5501aee409af648574459d01771400aa01eae7b,3/14(木) 12:57
ssnp,食品産業新聞社ニュースWEB,かっぱ寿司、「春の彩り12種セット」発売、ハレの日向けに「中とろ」「サーモン」「エビ」「いくら」「特盛ねぎとろ」など人気ネタを詰め合わせ、1人前から5人前のセットやスイーツとのセットも展開,https://news.yahoo.co.jp/articles/0d52fd8b17f04a64dd41e86379e10f39602ea56d,3/14(木) 12:07
ssnp,食品産業新聞社ニュースWEB,マクドナルド「あずきみるくフラッペ」「宇治抹茶フラッペ」発売、和風テイストの“春限定フラッペ”、「マカロン ゆず」やマックカフェ限定「バニラ宇治抹茶ホットラテ」も,https://news.yahoo.co.jp/articles/4da9115621e3ff367bf3d4020d6dedfbeef02586,3/14(木) 11:38
ssnp,食品産業新聞社ニュースWEB,バーミヤン『台湾展(タイワンフェア)』スタート、W排骨麺や番茄牛肉麺、スイーツ「楊枝甘露」、人気店「潮味決」監修メニューも、5月15日まで,https://news.yahoo.co.jp/articles/a531be77176ee5e8fd83c3c591b5855c38d2fb75,3/14(木) 11:17
ssnp,食品産業新聞社ニュースWEB,モスバーガー&カフェ、和風スイーツなど展開、3月27日に「北海道バター ふんわりスフレパンケーキ 〈抹茶&黒蜜〉 ～あずき添え～」「アイス抹茶黒蜜あずきラテ」、あわせて冷凍スイーツ「クイニーアマンサンド ～カスタードホイップ～」発売,https://news.yahoo.co.jp/articles/7ad03096b32e5cfbb5e3e083291c14f77a06b400,3/14(木) 10:55
ssnp,食品産業新聞社ニュースWEB,「西洋菓子舗 不二家」5周年記念、マルシェバッグ配布、レトロな“ペコちゃん”ソフビ人形やプレミアムミルキーバターサンドを詰めた「お楽しみ袋」発売、「とろ～りとろける苺のクリーミーショート」復活も,https://news.yahoo.co.jp/articles/476012ea4055bdbe6ca3f63671f966686f62224e,3/13(水) 17:23
ssnp,食品産業新聞社ニュースWEB,病院の給食部門はほとんど赤字、食事総費用を算出した上で適正価格を定める見直しを,https://news.yahoo.co.jp/articles/1fa5940cb7bfe90b03b5136e96bba755609bf9f0,3/13(水) 14:41
ssnp,食品産業新聞社ニュースWEB,「ネスカフェ」の詰め替え製品「エコ&システムパック」がどんな密閉容器にも対応へ、担当者のアイデアで進化、「より多くの人に楽しく詰め替えを」/ネスレ日本,https://news.yahoo.co.jp/articles/51750d0a8ced204a5bcf0720842a163fd4670ae7,3/13(水) 14:37
ssnp,食品産業新聞社ニュースWEB,「ミルクの国」「花のくちづけ」「つぶグミ」など春日井製菓の菓子がミニチュアチャームに、1回300円のガシャポン自販機で発売/バンダイベンダー事業部,https://news.yahoo.co.jp/articles/3b346b3eaebe9f221a0fe2a0816c9b0fb6fcbd19,3/13(水) 12:40
ssnp,食品産業新聞社ニュースWEB,PARM(パルム)「ロイヤルミルクティー」発売、ロイヤルミルクティーアイス×ホワイトチョコの期間限定バーアイス/森永乳業,https://news.yahoo.co.jp/articles/595959d8d270c97339f191a8e02d3d3ae73ec3fc,3/13(水) 12:04
ssnp,食品産業新聞社ニュースWEB,バーガーキング「春のワッパー祭り」開催、5種のワッパーセットが300円引き、公式アプリでクーポン配信、3月15日から3月21日まで,https://news.yahoo.co.jp/articles/8ebb3bfbbcaddc6657fd2da949e6e89cb8e8fd42,3/13(水) 11:55
ssnp,食品産業新聞社ニュースWEB,東京ばな奈「ちいかわバナナプリンケーキ」発売、ちいかわ・ハチワレ・うさぎの限定コラボスイーツ、3月27日から大丸東京などで販売,https://news.yahoo.co.jp/articles/a57180390987484a9d09249617431a780e65aa59,3/13(水) 11:12
ssnp,食品産業新聞社ニュースWEB,カルディ 非売品「ノベルティバッグ」プレゼント、キャンバス生地で開け口にファスナー付き、オンラインストア限定で3月13日から、7500円以上の注文で,https://news.yahoo.co.jp/articles/5bba89cbbd91bb215aba57cfc499dcb24c89dc74,3/13(水) 11:07
ssnp,食品産業新聞社ニュースWEB,ウェンディーズ・ファーストキッチン「ディップポテト」に「博多明太マヨ」登場、3月21日から6月上旬まで、「ファーストキッチン」でも同時発売,https://news.yahoo.co.jp/articles/ffa3fb2c9a0b4e2177f76c4471000cf11c2f0e77,3/12(火) 19:04
ssnp,食品産業新聞社ニュースWEB,「クラフトボス パワーインラテ」新発売、サンリオコラボでTシャツプレゼントも/サントリー食品インターナショナル,https://news.yahoo.co.jp/articles/3dcf36637deb4930f951fb655752540506bb9ef1,3/12(火) 17:13
ssnp,食品産業新聞社ニュースWEB,プロント『背徳フェア』開催、“ニンニク・脂・高カロリー”悪魔のマヌルトースト、鉄板マシンガンチーズバーガー、罪深さつまいもハニーバター、飛ぶぞ!にんにく背脂餃子など発売,https://news.yahoo.co.jp/articles/4f611a8fb0470e1dffc871650410a44c0e61d508,3/12(火) 16:52
ssnp,食品産業新聞社ニュースWEB,森永製菓「コメダ珈琲店」コラボ菓子3月18日発売、シロノワール×小枝、アイスココア×チョコボールなど,https://news.yahoo.co.jp/articles/d2cd4fbc47d355371170c06b8b0d6e400d67927f,3/12(火) 15:58
ssnp,食品産業新聞社ニュースWEB,ゆず庵「春の牛たん食べ放題」スタート、牛たんしゃぶしゃぶ・ねぎ塩牛たん握り・牛たん手巻きすき焼き味など登場、4月8日まで,https://news.yahoo.co.jp/articles/37a03048f55356c963e8078cbb7ac4c8071abde0,3/12(火) 14:56
ssnp,食品産業新聞社ニュースWEB,ステーキ宮、3月19日から「メキシコ産若姫牛リブロースステーキフェア」開催、メス牛のみの「若姫牛」を提供、厚さ2.5cm以上の“贅沢”な厚切りステーキ,https://news.yahoo.co.jp/articles/a326277ac7159c1caa7fe6f11eebcf9ec3a9fbff,3/12(火) 14:53
ssnp,食品産業新聞社ニュースWEB,ファミリーマート、「パスタサラダ」リニューアル、パスタを調味オイルやソースであらかじめ味付け、具材やドレッシングと混ぜて楽しめる仕立て,https://news.yahoo.co.jp/articles/e08d4c0a727ecefd39b6af2521f8692bccc21630,3/12(火) 13:53
ssnp,食品産業新聞社ニュースWEB,やよい軒「タンメン」初登場、1/2日分の野菜入り、白湯スープにニンニク・生姜・牡蠣エキスを使用、3月19日発売,https://news.yahoo.co.jp/articles/17dfb91b6ae6f76fd608b96c528cec05bb9a94cc,3/12(火) 12:52
ssnp,食品産業新聞社ニュースWEB,ピザハット、「てりたまHut Melts」「カルボナーラHut Melts」と4種のピザの「彩りスプリング4」の3種類の春の新商品を発売、ハットメルツには桜色の明太子ソース、黄色のハニーマスタードソースを添える,https://news.yahoo.co.jp/articles/6fa6a29e5a28a8988262c421fe2d3f3a5b5f028b,3/12(火) 12:15
ssnp,食品産業新聞社ニュースWEB,サーティワン「サンリオキャラクターズ パレット4」3月20日発売、新登場クロミやハローキティ・シナモロール・ポムポムプリンをデザイン,https://news.yahoo.co.jp/articles/640c30dfa03a7c2d2e183959e6cb4f0ab047d49f,3/12(火) 12:00
ssnp,食品産業新聞社ニュースWEB,カルディ 2024「春のキャニスター缶セット」発売、花畑をデザインした保存容器&春限定コーヒー「スプリングブレンド」、3月19日から,https://news.yahoo.co.jp/articles/581e3041c9e5a49e627047d1385face4029c8ccf,3/12(火) 11:28
ssnp,食品産業新聞社ニュースWEB,コージーコーナー3月19日限定「大きなミルクレープ」発売、通常の2倍“クレープ19層”の「ミルクレープの日」当日限定スイーツ,https://news.yahoo.co.jp/articles/b385d5d7f8c09b4d3023055f80dc25e0488000af,3/12(火) 10:48
ssnp,食品産業新聞社ニュースWEB,「三ツ矢サイダーシルバー」を復刻発売へ、140周年記念施策続々/アサヒ飲料,https://news.yahoo.co.jp/articles/41333c25a6579d411c7ff50b7aa5d82137eb64e3,3/11(月) 17:45
ssnp,食品産業新聞社ニュースWEB,「日高屋」のハイデイ日高、新卒初任給を1万5000円引き上げ、5.5%の賃上げも発表,https://news.yahoo.co.jp/articles/7c6ce3e463a53970d172809cd35944403ae02839,3/11(月) 17:16
ssnp,食品産業新聞社ニュースWEB,不二家、飲料一部商品5月1日から値上げ、「ネクターピーチ」「ネクターミックス」「レモンスカッシュ」缶商品の一部など、価格改定幅は約8%から14%,https://news.yahoo.co.jp/articles/d3253e8e7b17199596edd2bf83be6b62510ce209,3/11(月) 16:34
ssnp,食品産業新聞社ニュースWEB,チロルチョコ×スイミー、人気絵本の「スイミー」とコラボ、「チロルチョコ〈スイミー ストロベリー&まっくろバニラ〉」を3月19日に全国のファミリーマートで発売、色や食感でスイミーの世界観を再現,https://news.yahoo.co.jp/articles/ac839a466c5ce9047526f180f430975b59706381,3/11(月) 15:49
ssnp,食品産業新聞社ニュースWEB,サーティワン「アニアきょうりゅうケーキ」発売、限定フィギュア「ティラノサウルス(子ども)ポッピングシャワーVer.」付き、3月20日から,https://news.yahoo.co.jp/articles/4672e8dfb30546d05e4fbbfc9cdc74b4a9709d99,3/11(月) 15:11
ssnp,食品産業新聞社ニュースWEB,ちいかわコラボ泡盛「菊之露ブラウン」発売、くりまんじゅう・シーサーを描いた限定パッケージの沖縄酒,https://news.yahoo.co.jp/articles/c48b1391d571f09a9dd9da290ef98d6f6d623372,3/11(月) 14:58
ssnp,食品産業新聞社ニュースWEB,セブンイレブン、宇治抹茶を使用した4商品を発売、セブンカフェ「宇治抹茶ガトーショコラ」「レーズンサンド」、セブンプレミアム「ミルクふわころ」「水羊羹」、様々な食感の商品をラインアップ,https://news.yahoo.co.jp/articles/2bb571018dbd3311a7c8aed7d1039029a7e8b48a,3/11(月) 14:42
ssnp,食品産業新聞社ニュースWEB,チロルチョコ×パワーハウスジム、3月18日「パワーハウスチョコバー」をセブンイレブンで発売、ジムブランドとコラボ、手軽に“パワーチャージ”できるチョコバー、「パワーハウスジム」創業50周年記念商品,https://news.yahoo.co.jp/articles/9d1841e264a8d3356b067d260c6cc9a155b5bb55,3/11(月) 13:52
ssnp,食品産業新聞社ニュースWEB,「おやつカルパスファンサイズ56g」発売“ちょうどいい量、ちょうどいいサイズ”をコンセプトに/ヤガイ,https://news.yahoo.co.jp/articles/eb2d015ad786771928973bee712732b57b42ef3b,3/11(月) 12:48
ssnp,食品産業新聞社ニュースWEB,スタバ『Spring』2024 第1弾グッズ、缶のような新形状ボトル「カンシェイプステンレスボトル」など3月13日発売,https://news.yahoo.co.jp/articles/567d38a979c5e46e984e53e3885cdd82b0068a71,3/11(月) 12:41
ssnp,食品産業新聞社ニュースWEB,ハーゲンダッツ、3月12日「抹茶フォンダンクランチ」発売、抹茶のフォンダンショコラをイメージ、抹茶ソースが中からあふれるハーゲンダッツ バー、抹茶クッキーや抹茶チョココーティングなど様々な食感,https://news.yahoo.co.jp/articles/d483c190f3ac34ba180da2ac06cf5f2cae0522ae,3/11(月) 12:40
ssnp,食品産業新聞社ニュースWEB,セブンイレブン「カナヘイの小動物×サンリオ」ボールペン配布、ピスケ&うさぎやハローキティ・ポムポムプリン・シナモロールなど、ロッテチョコレート購入で,https://news.yahoo.co.jp/articles/51ccac8f9c0c51dee18edd3de21709d4e98ef85d,3/11(月) 12:05
ssnp,食品産業新聞社ニュースWEB,ネスレ日本、「ネスレ ミロ」を値上げと内容量変更、改定率は7%から43%、6月1日から,https://news.yahoo.co.jp/articles/49d8ce614df9183ebc6b5c87516ec6675cbf1b16,3/11(月) 12:00
ssnp,食品産業新聞社ニュースWEB,小僧寿し、プラス20円でネタ2倍の「手巻KING」開催、3月11日からと3月18日からの平日限定、土日には「春一番かに祭」も実施中,https://news.yahoo.co.jp/articles/5f1e9c904f62b05844cc41aca132e4d4c645b9df,3/11(月) 11:51
ssnp,食品産業新聞社ニュースWEB,「コアラのマーチ〈ハローキティのアップルパイ〉」発売、コアラ衣装のキティちゃんなどコラボ絵柄10種/ロッテ×サンリオ,https://news.yahoo.co.jp/articles/1aba24229516de6bca1763088f34b3d3194b8da6,3/11(月) 11:24
ssnp,食品産業新聞社ニュースWEB,ドール、3月上旬から芯まで食べられる「Dole台湾パイン」を全国発売、4月下旬にはマンゴーのような香りの「Dole台湾マンゴーパイン」を発売、台湾政府と連携を強化し展開,https://news.yahoo.co.jp/articles/ba17505ed10017281373dc5cafd498ecc18c8f09,3/11(月) 11:16
ssnp,食品産業新聞社ニュースWEB,オリジン弁当、3月12日「ジャンボチキンデミかつプレート」発売、“食べ応え十分”な1枚肉のジャンボチキンカツにデミグラスソース,https://news.yahoo.co.jp/articles/ab75f60c11bbc651f166d2fa1ed675b0b68849b6,3/11(月) 10:42
ssnp,食品産業新聞社ニュースWEB,東京・晴海に「ららテラスHARUMI FLAG」オープン、東京2020大会選手村跡地「新しい街」の生活支える、核テナントは食品スーパー「サミットストア」,https://news.yahoo.co.jp/articles/dd42c03f2ec6a7b1487cdaac5d05438a443e31c6,3/8(金) 19:16
ssnp,食品産業新聞社ニュースWEB,「焼肉きんぐ」の物語コーポレーション、カルビ丼とユッケジャンスープの専門店『焼きたてのかるび』東京初出店、看板メニューのカルビ丼は490円から、小金井市に3月13日オープン,https://news.yahoo.co.jp/articles/c4fe9e2bd8492672a2c13965044e0c41919c4182,3/8(金) 19:00
ssnp,食品産業新聞社ニュースWEB,イオン、PB「トップバリュ」50周年、ワクワクする次世代のPBを目指す、M・Z世代に特化した商品展開を強化,https://news.yahoo.co.jp/articles/22f7b36aeb72b6888f848100e07e5a43e316581a,3/8(金) 18:49
ssnp,食品産業新聞社ニュースWEB,味の素AGFとアサヒユウアスがエコカップ「Aroma Loop」を共同開発、廃棄するコーヒー粉をアップサイクルで香り楽しめるカップに,https://news.yahoo.co.jp/articles/0f5135a21992ff68ddf305275447bf375193320b,3/8(金) 18:00
ssnp,食品産業新聞社ニュースWEB,カルディ、限定トートバッグセット「いちごバッグ」3月8日発売、「ストロベリー・サングリア・フィズ」「ストロベリークッキー」がセット,https://news.yahoo.co.jp/articles/d7f1eef2e1d453aba023b13852062c0b4d2776e1,3/8(金) 17:24
ssnp,食品産業新聞社ニュースWEB,ファミマ「ポケモンGO」パートナーリサーチ参加券プレゼント、ズピカ・ゴチム・ヒスイニューラ・ジジーロン登場、「Pokemon GO Fest 2024:仙台」チケット抽選も/ファミリーマート,https://news.yahoo.co.jp/articles/1cebc6a4b4a353db57e39a0cdb6d8992a5c59952,3/8(金) 17:09
ssnp,食品産業新聞社ニュースWEB,ローソン、ウチカフェチーズケーキ新商品「ふわ濃チーズケーキ」3月11日、「むぎゅ濃チーズケーキ」3月12日発売、“濃厚な味わい”と“食感”をテーマに開発,https://news.yahoo.co.jp/articles/550991bca0b9633f4643d162d785ccc84683c1cc,3/8(金) 15:07
ssnp,食品産業新聞社ニュースWEB,ワンランク上の「明治ブルガリアヨーグルトLB81プレーンHOME MADE STORY」4月発売、本場手作りのような濃厚な味わいに,https://news.yahoo.co.jp/articles/8f7baaf15972c56dedfb676a66332bda04a1ca44,3/8(金) 15:04
ssnp,食品産業新聞社ニュースWEB,「FOODEX フローズン オブ フューチャー」開催、32社60品から選定、生活シーンにあわせた商品が受賞,https://news.yahoo.co.jp/articles/ead4062ab0d884e270dbd55d7a2c3e3560850e54,3/8(金) 14:15
ssnp,食品産業新聞社ニュースWEB,小僧寿し、土日限定「春一番かに祭」開催、「本ずわいがに」と「まるずわいがに」を使ったメニュー展開,https://news.yahoo.co.jp/articles/e2b34a735bebd8f1ede0af454badfe0693ebcf94,3/8(金) 14:04
ssnp,食品産業新聞社ニュースWEB,安楽亭、3月8日から「ありがとう感謝の焼肉キャンペーン」、クーポンで「上タン塩」「ワイルドカルビ」半額、「チョコティラミスパフェ」税抜390円で提供,https://news.yahoo.co.jp/articles/a52815bd84fb37be6fa18fd1eec8b69e80ae837c,3/8(金) 13:19
ssnp,食品産業新聞社ニュースWEB,ハッピーセット「ドラえもん」3月15日発売、カスタネットやリコーダーの音が出るおもちゃなど登場、映画「のび太の地球交響楽」公開記念/マクドナルド,https://news.yahoo.co.jp/articles/7448412298e259344c8d1ee6f7275ffdef5965ab,3/8(金) 12:49
ssnp,食品産業新聞社ニュースWEB,銀座コージーコーナー、チップ&デールなどが花見する様子をイメージした「〈ミッキー&フレンズ〉お花見パーティー(9個入)」3月15日発売、桜の花びらを苺ホイップで表現,https://news.yahoo.co.jp/articles/432f1c5c95a361bed4f8bfb82ec98478b5e5c898,3/8(金) 12:31
ssnp,食品産業新聞社ニュースWEB,スシロー“税込100円”「青森産塩〆ひらめ」「うなぎ」発売、「大大大大感謝の春得祭 第一弾」メニュー、活〆桜鯛・さわらの炙りも販売,https://news.yahoo.co.jp/articles/6be591c2fdf613e44f120eb072795ec0a0d256e0,3/8(金) 12:17
ssnp,食品産業新聞社ニュースWEB,松のや、3月13日「中華風あんかけ」発売、玉子と出汁のあんかけでかつを包む商品、ロースかつ、ささみかつ、海老フライをラインアップ,https://news.yahoo.co.jp/articles/7db19f45e45b19a029bcbd59af97ea3e9921345b,3/8(金) 11:08
ssnp,食品産業新聞社ニュースWEB,築地銀だこ「九条ねぎマヨ 焦がし醤油」発売、“ねぎの旨味”を存分に味わえる人気メニュー、期間限定で復刻販売,https://news.yahoo.co.jp/articles/60a96c7bd45556965a4c2b998a95c1166c5a8d16,3/8(金) 10:42
ssnp,食品産業新聞社ニュースWEB,カルディ『イースター2024』商品続々、うさぎモチーフの缶に入ったチョコレート、タマゴに見立てたチョコなど,https://news.yahoo.co.jp/articles/d758ee7f949041e1858056f59fe22de3488a3c78,3/7(木) 18:11
ssnp,食品産業新聞社ニュースWEB,しゃぶ葉、3月14日「春のラムしゃぶフェア」開催、ラム食べ放題コースを提供、ラムコースでは新だしの「グリーンカレーだし」を無料、爽やかな香りと刺激が特徴,https://news.yahoo.co.jp/articles/ce03494b107a71089c18cda1173299c3b0982e55,3/7(木) 17:18
ssnp,食品産業新聞社ニュースWEB,木村屋總本店、スーパー向けパン『3月新商品売れ筋ランキング』発表、「ジャンボむしケーキ」春のチョコ・完熟バナナ・ピスタチオなどランクイン,https://news.yahoo.co.jp/articles/8648b1859e44a4ed884fdc8aae193cd2bef9c858,3/7(木) 17:06
ssnp,食品産業新聞社ニュースWEB,「ガリガリ君九州みかん」発売、2024年もくまモンコラボで登場の“みかんかき氷”使用アイス、売上の一部は熊本復興に寄付/赤城乳業,https://news.yahoo.co.jp/articles/0fa92117dbd6cb6ac38b90bde2d404e432ef8f4f,3/7(木) 17:04
ssnp,食品産業新聞社ニュースWEB,サブウェイ、3月19日に3種の「ハム満開サンド」発売、世界のサブウェイの定番商品「トリプルミートBMT」、食べ応えのある「ハムクラブハウス」、「ハムアボカド」の3種類を発売、「トリプルミートBMT」は約四半世紀ぶりの復活,https://news.yahoo.co.jp/articles/e2393589280feab310491f4e84bb35b4f39c5328,3/7(木) 15:09
ssnp,食品産業新聞社ニュースWEB,グレープストーン「ピカチュウ東京ばな奈メガだきマクラ(ハート柄)」プレゼントキャンペーンを開始,https://news.yahoo.co.jp/articles/9bfb97a045e1db08caf42aeb26ea14a5f9629623,3/7(木) 14:57
ssnp,食品産業新聞社ニュースWEB,物価高騰で倒産増の給食業界、給食事業経営者3名が語る課題と未来への意思,https://news.yahoo.co.jp/articles/895fc938b24f2eac36a2e3b25b45aa6b9e0ad7c0,3/7(木) 13:21
ssnp,食品産業新聞社ニュースWEB,KFC“最大840円おトク”「2種類選べる!1100円パック」発売、オリジナルチキン・カーネルクリスピー・骨なしケンタッキー・ビスケット&ポテトから選べる、「全部入り1900円パック」も,https://news.yahoo.co.jp/articles/ef76e19c6efe10bcda8788eca6a3730e46b6ff0a,3/7(木) 12:58
ssnp,食品産業新聞社ニュースWEB,ローソンストア100、「だけ弁当(マルシンハンバーグ)」を3月13日に発売、マルシンフーズとコラボ、おかずはマルシンハンバーグ1個にケチャップをかけたシンプルな弁当,https://news.yahoo.co.jp/articles/88d82d3228e2773819ea825a1d3e436f351ca334,3/7(木) 12:40
ssnp,食品産業新聞社ニュースWEB,ペッパーランチ「リブロースステーキ120g」980円、3月13日から販売、180gは1380円,https://news.yahoo.co.jp/articles/5e3b238644e9e1b599ad8f032d9abcc4f8dd272e,3/7(木) 12:37
ssnp,食品産業新聞社ニュースWEB,牛角、3月14日「豪華絢爛黒毛和牛盛り」発売、3月4月のお祝いシーズンに向けた盛り合わせ、黒毛和牛が食べ放題の「春のお祝いプレミアムコース」も実施,https://news.yahoo.co.jp/articles/cbdab0770b991b940410efeb12d95431f710a019,3/7(木) 11:48
ssnp,食品産業新聞社ニュースWEB,焼肉ライク「神戸牛50g」税込500円、3月9日・10日・11日限定で販売“ワンコイン神戸牛”,https://news.yahoo.co.jp/articles/33c6d1fa6f739e1bc97b79cd5cff607db7616ac7,3/7(木) 11:39
ssnp,食品産業新聞社ニュースWEB,丸亀製麺、3月12日「焼きたて牛すきごぼ天ぶっかけうどん」「山盛りあさりうどん」発売、一部店舗では「うま辛担々うどん」発売,https://news.yahoo.co.jp/articles/e5a63bb2bcc6992c9fe33e8aaabea46e533aafdc,3/7(木) 11:18
ssnp,食品産業新聞社ニュースWEB,マクドナルド「抹茶黒蜜わらびもちパイ」3月13日発売、マック史上初“抹茶&3層”の春らしい新作パイ、マックカード当たるキャンペーンも,https://news.yahoo.co.jp/articles/4a5b09a82350d2d6d65fed4c7a470864b8c51d36,3/7(木) 11:03
ssnp,食品産業新聞社ニュースWEB,松屋、3月12日「たっぷり明太タルタルチキン定食」発売、かねふくの明太子とコラボ、あっさりとしたささみと濃厚な明太タルタルに酸味のある南蛮ダレを合わせる,https://news.yahoo.co.jp/articles/957bb68cfddae502a0a5454dbfcc4622a54e4b61,3/7(木) 10:47
ssnp,食品産業新聞社ニュースWEB,製造工程が見れる生搾りジュース自販機の第2弾「Feed ME Apple」関東エリアで導入、1杯にリンゴ約4個分、60秒で無添加アップルジュースを提供/ME Group Japan,https://news.yahoo.co.jp/articles/3a86d3f09b8bcd8c7b78ed756d595b4105618adc,3/6(水) 17:51
ssnp,食品産業新聞社ニュースWEB,「コスタコーヒー」ペットボトル製品発売から3年で認知率8割に、2024年は440ml製品投入とリアル店舗拡大、キャンペーンはペットボトルなど家庭用製品からカフェまでブランド横断で実施/コカ・コーラシステム,https://news.yahoo.co.jp/articles/5bda453fb70f99bc3d7b052aa01e33195a72f8c8,3/6(水) 17:11
ssnp,食品産業新聞社ニュースWEB,ミニストップ、3月8日「いちごソフト」など発売、甘みが特徴の「とちあいか」を使用、プレミアム商品として「とちあいか ソフト -チーズケーキのせ-」,https://news.yahoo.co.jp/articles/3e57307090d41bebc4a395722f5adfb8b7ac16b9,3/6(水) 16:28
ssnp,食品産業新聞社ニュースWEB,東京ディズニーシー、レストランなど計5つのフード施設を新エリア「ファンタジースプリングス」に6月オープン、『アナと雪の女王』『塔の上のラプンツェル』『ピーター・パン』の世界観を表現,https://news.yahoo.co.jp/articles/ecad484a9a3e2523d84996681f706adc3556cd4b,3/6(水) 16:18
ssnp,食品産業新聞社ニュースWEB,「ボンカレー」の新たな挑戦は「カレーうどんの素」、家庭でも楽しめる“そば屋で食べるあの味”、アレンジレシピで人気ナンバーワンが開発のきっかけに/大塚食品,https://news.yahoo.co.jp/articles/438110cfb67dcee01d0f3e24126277a42576c72c,3/6(水) 16:00
ssnp,食品産業新聞社ニュースWEB,「うずらの卵」で小1児童が窒息死、学校給食有識者が語る対応策,https://news.yahoo.co.jp/articles/62c00275e84aac24b4ab4d4a58e681e1b0b53907,3/6(水) 15:28
ssnp,食品産業新聞社ニュースWEB,ブロンコビリー、3月8日「春サラダバー」開始、春が旬の春キャベツや筍、菜の花を使用、アメリカンテイストなカーリーケールのサラダなどを提供、あわせてディナー限定デザートの「ふわふわティラミス」復活,https://news.yahoo.co.jp/articles/7cb7b52c38b7cccec442f66f6d2eb92c74c3755f,3/6(水) 15:25
ssnp,食品産業新聞社ニュースWEB,ロイヤルホスト、3月13日「苺～Sweet Strawberry 2nd season～」開始、2ndシーズンは苺に加えてすべての商品でピスタチオを使用、グリーンで彩り“春の訪れ”を表現,https://news.yahoo.co.jp/articles/e0c704156e1589d4d17b4ffab5011830b82c4f6e,3/6(水) 14:17
ssnp,食品産業新聞社ニュースWEB,焼肉きんぐ「CAMPフェア」3月13日スタート、イベリコ豚のスパイス焼・スモーキーBBQチキン・チョコフォンデュマシュマロなど発売,https://news.yahoo.co.jp/articles/feaeb8240ba3b94d5b0e79c77ce0a89da2a9002a,3/6(水) 13:15
ssnp,食品産業新聞社ニュースWEB,ファミマ、「ブラックサンダー」コラボ2024年も展開、ことしは新たにアイスを投入、コラボ6商品と公式ライバル商品「真っ黒なブロックサンダー」を合わせた7品を発売,https://news.yahoo.co.jp/articles/2b5bfdecc06c27f1124ce8c02cd563d7aa6a7fb8,3/6(水) 12:45
ssnp,食品産業新聞社ニュースWEB,スタバ 7種の果汁を使用「ピンクフルーツチアアップ」発売、ゼリーが食感のアクセントに、同時発売「キャラメリーミルクコーヒーフラペチーノ」も3月13日から/スターバックスコーヒージャパン,https://news.yahoo.co.jp/articles/95a5cdab72cca3f8002ae16f1a23c6e17abdea43,3/6(水) 12:17
ssnp,食品産業新聞社ニュースWEB,なか卯「菜の花の親子丼」3月13日発売、菜の花からし和えが親子丼を引き立てる季節限定“春丼”,https://news.yahoo.co.jp/articles/8c0ce9911fb3c6613c5c81b50bbc544ca6b224a6,3/6(水) 11:59
ssnp,食品産業新聞社ニュースWEB,ほっともっと、3月13日「海鮮天丼」発売、エビ2尾・イカ・ホタテ・野菜3種の天丼、具材を玉子でとじた「海鮮天とじ丼」やエビとホタテが2倍の「上・海鮮天丼」も販売,https://news.yahoo.co.jp/articles/9b3cf240c8c7e0ddc4ef92446d07e0074af0a075,3/6(水) 11:49
ssnp,食品産業新聞社ニュースWEB,スシロー、いちごフェア「包んで食べる苺とアイス大福」「ピンクロールの苺メルバ」など3品発売、“ストロベリースイーツファクトリー”3月6日から開催,https://news.yahoo.co.jp/articles/3cb55a5cb7ebdcd2c28a0cea48e6f47d6af563a8,3/5(火) 17:28
ssnp,食品産業新聞社ニュースWEB,じゃがりこ「原神」コラボパッケージ発売、ガイア、モナ、香菱など全7キャラクター登場、コラボグッズ当たるXキャンペーンも開催,https://news.yahoo.co.jp/articles/b5d89b6287fa82a4e5fd01ac91dbc7d03c1b9c1c,3/5(火) 16:58
ssnp,食品産業新聞社ニュースWEB,かっぱ寿司、「かっぱの北海道産いくら110円&春の味覚祭り」3月7日から開催、「北海道産いくら包み」110円や「天然さより」「釜揚げ桜えび軍艦」など110円で販売,https://news.yahoo.co.jp/articles/c41017c0e29909d64be4f0754f501e3ddf22c212,3/5(火) 16:20
ssnp,食品産業新聞社ニュースWEB,ローソン“ご当地からあげクン”2024、北海道「まるでやきそば弁当味」、九州・沖縄「うまかっちゃん からし高菜風味」、中四国「ゆかり」など8地区で8種類、3月12日発売,https://news.yahoo.co.jp/articles/cee9bec7ca36817100d2040e76616a9fd19e3db0,3/5(火) 15:44
ssnp,食品産業新聞社ニュースWEB,すき家「牛カルビ焼肉丼」発売、牛カルビの旨みでごはんが進む人気メニュー、チーズ・キムチなどトッピングメニューも展開,https://news.yahoo.co.jp/articles/3e9471d41bcf75f1637bcf9ccee80d27ad905e07,3/5(火) 15:11
ssnp,食品産業新聞社ニュースWEB,くら寿司、3月8日「大とろと愛媛県」フェア開催、「ふり塩 熟成大とろ(一貫)」のほか、愛媛県産の「みかんサーモン」など、餌に柑橘オイルの「フルーティーフィッシュ」販売,https://news.yahoo.co.jp/articles/65342e6a5797bb620a486e7ef8002ff987843982,3/5(火) 15:09
ssnp,食品産業新聞社ニュースWEB,井村屋、冷凍食品「井村屋謹製 たい焼き(つぶあん)」を3月18日に全国発売、レンジで温めて食べるほか、レンジ後にオーブントースター2分で「焼きたて」のようなおいしさに,https://news.yahoo.co.jp/articles/533e8fbd2107a7bf373b3dadb3d66eeef2c7575e,3/5(火) 14:02
ssnp,食品産業新聞社ニュースWEB,サーティワン「31デコケーキ(スイーツ&ベア/カラフルポップ)」通年販売スタート、選べるケーキベース・トッピング・アイス、自分好みのアイスクリームケーキに,https://news.yahoo.co.jp/articles/3e80139c5b37f7f63cc9918f733380eb4d9c567f,3/5(火) 13:41
ssnp,食品産業新聞社ニュースWEB,KFC、3月13日「和風チキンカツバーガー本格ゆず七味」発売、ゆず果汁と七味唐辛子の「ゆず七味マヨ」使用、ゆずの風味と七味唐辛子の刺激を定番の「和風チキンカツバーガー」にプラス/日本ケンタッキー・フライド・チキン,https://news.yahoo.co.jp/articles/6f4b34bdfcae53046e10898e2927b0ff0ee802b0,3/5(火) 12:14
ssnp,食品産業新聞社ニュースWEB,デニーズ「すみっコぐらし」クリアファイル配布、「ぺんぎん?×たぴおか」「とんかつ×えびふらいのしっぽ」など、デニーズ公式キャラ『デニャーズ』デザインも、3月21日から,https://news.yahoo.co.jp/articles/69a50470c27fe063effe030b208bccd05e138b51,3/5(火) 11:31
ssnp,食品産業新聞社ニュースWEB,かつや、3月8日「ホル玉とロースカツの合い盛り」発売、牛の「シマチョウ」を特製の味噌ダレで焼き上げた「牛ホルモン焼き」にロースカツと目玉焼きを合わせる,https://news.yahoo.co.jp/articles/198a14ab22d066b2ff31e8c684dad5c65ec02f72,3/5(火) 11:27
ssnp,食品産業新聞社ニュースWEB,スシロー、一本釣り「かつお」2貫120円、真鯛・まぐろ・蒸しホタテなど14種類の具材「匠の海鮮巻き重ね(春)」など3月6日発売、「サーモンバジルモッツァレラ」復活販売も,https://news.yahoo.co.jp/articles/78f2fcac51ae1a69bae9aaf8b5ad8b04813b9f3d,3/5(火) 11:15
ssnp,食品産業新聞社ニュースWEB,イオン、ご当地カップ麺シリーズから「福島なみえ焼そば」と「仙台辛味噌ラーメン」発売、トップバリュベストプライスで展開,https://news.yahoo.co.jp/articles/813f9a7a221d0d57b59ebc364887993ea6d113c5,3/5(火) 10:47
ssnp,食品産業新聞社ニュースWEB,マイボトルの家庭内保有率7割で粉末タイプなど中身飲料の品揃えが拡大傾向に、味の素AGFは専用ドリンク開発、米国では売り場のコーナー化も,https://news.yahoo.co.jp/articles/3e000df8b195a7ee6213b86902a4825710ad0615,3/4(月) 17:21
ssnp,食品産業新聞社ニュースWEB,カルディ、オンライン限定「エコバッグ スモーキーピンク」発売、リサイクルコットン使用の「トートバッグ」も,https://news.yahoo.co.jp/articles/e38419111e2d6b23b5ce15821c0aaa48e7429271,3/4(月) 16:58
ssnp,食品産業新聞社ニュースWEB,日本給食サービス協会、会員の取り組み事例の共有で、給食の仕事を通じたSDGsへの貢献を推進,https://news.yahoo.co.jp/articles/77e9427b9dc63eae0557a1e99a7d4f91d56ddd3a,3/4(月) 15:39
ssnp,食品産業新聞社ニュースWEB,ハーゲンダッツ、3年ぶり復活『デコレーションズ』混ぜながら食べるアイスクリームスイーツ「ティラミスクッキークランチ」「アーモンドキャラメルクッキー」3月26日発売、計2万個以上を配布するイベントを5大都市で開催,https://news.yahoo.co.jp/articles/a6220bd1f76b99dbf56fc802970631bdf0dee2b6,3/4(月) 15:28
ssnp,食品産業新聞社ニュースWEB,穀検・令和5年産「食味ランキング」は43産地銘柄が特A獲得、特A獲得数は平年並みも、東北・北陸は猛暑で苦戦か/日本穀物検定協会,https://news.yahoo.co.jp/articles/97b65726fa0a740c03a6670568c2728b64a7fa91,3/4(月) 14:46
ssnp,食品産業新聞社ニュースWEB,くら寿司「ちいかわ」コラボ開催、店頭配布はクリアファイル・A5ノート・下敷き、“びっくらポン”限定グッズはフィギュア・缶バッジ・マスキングテープ登場/ちいかわキャンペーン,https://news.yahoo.co.jp/articles/49036c40ce32d18cccf20a387aac5f8be7cdc6f6,3/4(月) 14:14
ssnp,食品産業新聞社ニュースWEB,ドミノ・ピザ 初登場「さくらピザ」苺・タピオカ・桜チョコなど使用、「さくらモッツァレラボール」も同時発売,https://news.yahoo.co.jp/articles/996d17dd5e2cf9330cb448dc4710d5fd8e862676,3/4(月) 12:24
ssnp,食品産業新聞社ニュースWEB,はま寿司「はま寿司の大切り旨ねた祭り」開催、大切りかつおたたき・大粒蒸しほたてなど110円、「大切り天然まぐろ中とろ」「山盛り炙りとろサーモンつつみ」なども発売,https://news.yahoo.co.jp/articles/a3d00e07f3069953c187ec6b03a2b1580c80332b,3/4(月) 11:34
ssnp,食品産業新聞社ニュースWEB,森永製菓「ハイチュウ〈そのまんま味〉」発売、香り色味を抑え食感をとことん楽しめる新商品、Amazon限定で3月18日から販売,https://news.yahoo.co.jp/articles/d850a483cae51ba72a2736c54297951974fe3ab4,3/4(月) 9:59
ssnp,食品産業新聞社ニュースWEB,ファミマ「葬送のフリーレン」クリアファイル先着プレゼント、フリーレン・フェルンやシュタルクなどデザイン、森永製菓inゼリー購入で/ファミリーマート,https://news.yahoo.co.jp/articles/e931e670677c631407dc6ba613b4fc39205cdfe4,3/3(日) 11:40
ssnp,食品産業新聞社ニュースWEB,無印良品、オリジナルブレンドコーヒー全面リニューアル、ブラジルの輸出規格外サイズの豆を一部使用し農家を支援、「ライトテイスト」「ミディアムテイスト」「ダークテイスト」の3種類を展開,https://news.yahoo.co.jp/articles/5aa7353c13745fcb1618ec05ecb9f87a1c1fcdf3,3/1(金) 17:51
ssnp,食品産業新聞社ニュースWEB,ロッテ社長交代へ、4月1日付で中島英樹専務が社長就任、既存領域の基盤強化に力を注ぐ、誠実経営を推進,https://news.yahoo.co.jp/articles/7f1aca84b866f6507334061f09591c7536c3fd5c,3/1(金) 16:25
ssnp,食品産業新聞社ニュースWEB,カルビー×「スプラトゥーン3」コラボ、「ポテトチップス イカスミ色のコンソメパンチ」発売、見た目は黒色で味はコンソメパンチのコラボ商品、他の定番品でも10%増量でコラボパッケージ展開、ゲーム内では「フェス」開催,https://news.yahoo.co.jp/articles/e0af143704a0f16366dcfbac2cbbe934c228824e,3/1(金) 15:50
ssnp,食品産業新聞社ニュースWEB,松屋、3月5日に「チキンマサラカレー」発売、本場の「マサラカレー」を松屋風にアレンジ、スパイスを使用し鉄板で焼き上げた「ごろごろチキン」を煮込んだカレー,https://news.yahoo.co.jp/articles/cf5275141be5e102e2d369a673a62a7d19238d8a,3/1(金) 14:22
ssnp,食品産業新聞社ニュースWEB,松のや、3月6日から「ささみかつ増量フェア」開催、価格はそのままで定食の「ささみかつ」を1本増量、「ささみかつ定食」などのほか、「ロースかつ&ささみかつ定食」でも増量,https://news.yahoo.co.jp/articles/541fc1060ffb656db51549515b3950e303040142,3/1(金) 13:52
ssnp,食品産業新聞社ニュースWEB,カルディコーヒーファーム、パンと一緒に楽しむ商品を発売、「ザクザクいちごミルフィーユ」や「海老バター」など,https://news.yahoo.co.jp/articles/baee62c51901e7896ae6219a1927d7958ea65252,3/1(金) 13:10
ssnp,食品産業新聞社ニュースWEB,吉野家、3月4日から朝11時までに食べるとその日のうちに200円オフ、朝食メニューには3年ぶりに「塩さば」商品発売、利用期間はその日の夜12時まで,https://news.yahoo.co.jp/articles/ae017addaba10dbc70e9921b8ddfe39362056639,3/1(金) 12:27
ssnp,食品産業新聞社ニュースWEB,CoCo壱番屋、「五香粉香る魯肉スパイスカレー」発売、台湾料理「魯肉飯」の八角をはじめとするスパイス使用、甘めに味付けされたやわらかな豚肉とシイタケやタケノコをトッピング,https://news.yahoo.co.jp/articles/1a083295c95637235e9a704d240a46275b5752d4,3/1(金) 11:55
ssnp,食品産業新聞社ニュースWEB,コメダ珈琲店「桜咲く おぱんちゅうさぎのシロノワール」発売、キャラコラボ限定の新商品、コラボクリームソーダ・ソフトクリームも販売/「コメダ珈琲店で食べたいんですけど～!」キャンペーン,https://news.yahoo.co.jp/articles/c30b506e860701fa6b21790ab5e0a9246059880d,3/1(金) 11:40
ssnp,食品産業新聞社ニュースWEB,ハッピーセット「ポムポムプリン」第2弾発売、スタンプ、まぐねっと&こものいれ、ティッシュケースが登場/マクドナルド,https://news.yahoo.co.jp/articles/1f31d512fa0677dbc4cffdf37bdb1246404f1fd0,3/1(金) 6:40
ssnp,食品産業新聞社ニュースWEB,シャトレーゼ、3月限定ケーキ「清見オレンジと苺のデコレーション」発売、苺クリーム・苺ゼリーなど使用,https://news.yahoo.co.jp/articles/c3ecbcff75f194a06252ed40339005d25c73912f,2/29(木) 18:47
ssnp,食品産業新聞社ニュースWEB,「伊右衛門」20周年迎え大刷新、CMに堺雅人さんと古川琴音さん、中味は史上最高レベルの濃さへ/サントリー食品,https://news.yahoo.co.jp/articles/ab085340758ab9da13b1d2a563637b063b082925,2/29(木) 18:30
ssnp,食品産業新聞社ニュースWEB,ファーストキッチン、3月7日から「春限定バーガー」発売、八丁味噌を隠し味に加えた「テリヤキソース」やお店で丁寧に焼き上げるたまごを使用、アボカドマヨネーズソースを合わせる,https://news.yahoo.co.jp/articles/7abb1e64f4b89200ed3fbaed734cbc74b12f78cb,2/29(木) 17:50
ssnp,食品産業新聞社ニュースWEB,ネスレ日本、相撲協会と協業しアップサイクルしたハンカチを墨田区に寄付、両国国技館で回収した「ネスカフェ」紙製パッケージを活用,https://news.yahoo.co.jp/articles/3f7cef3489917f984c390a7b20b5b6c05fd021cf,2/29(木) 17:21
ssnp,食品産業新聞社ニュースWEB,ネスレ日本、「ネスカフェ エクセラ」「ネスカフェ ふわラテ」などコーヒー嗜好品の14品を値上げ、5月1日から,https://news.yahoo.co.jp/articles/85a65c2f2753192e87f5bf95adc37f981557ae75,2/29(木) 15:50
ssnp,食品産業新聞社ニュースWEB,ココス、旬の桜海老と釜揚げしらすを使った「今月のグルメ～3月～」発売、「ボンゴレパスタ」と「ブルスケッタ」を展開、ドリンクバーやスープバーとのセットも用意,https://news.yahoo.co.jp/articles/b00eed65c3d3a6adf44181e97f8b263f4c31c3bb,2/29(木) 15:31
ssnp,食品産業新聞社ニュースWEB,丸大食品「ちいかわ ウインナー」発売、ちいかわ・ハチワレ・うさぎたちのプリント入りウインナー,https://news.yahoo.co.jp/articles/df8663b556c58866735e2e439c174f701c3c31b4,2/29(木) 14:55
ssnp,食品産業新聞社ニュースWEB,和食さと、2月29日から「筍」「真鯛」などを使った春限定フェア開催、「筍ご飯」や「若竹そば」、「真鯛」のお刺身や天ぷら、寿司などが楽しめる,https://news.yahoo.co.jp/articles/01d5f032b605223f876ad433f80953ce136322f2,2/29(木) 14:09
ssnp,食品産業新聞社ニュースWEB,丸美屋「鬼滅の刃」ふりかけ・カレー・お茶づけ発売、リニューアルして3月登場、キラキラシール18種類入り,https://news.yahoo.co.jp/articles/5529cb940ac3a2466746792b6ac17834d69fa66f,2/29(木) 13:42
ssnp,食品産業新聞社ニュースWEB,伊藤ハム米久HD、「肉塊スープカレー」発売、鶏もも肉1枚入りの270g、お肉はスプーンでほぐせるまでじっくり煮込んだスープカレー［3月1日訂正］,https://news.yahoo.co.jp/articles/472d3d868776cbb06ad6d3974ec8fcc3f16e9c3c,2/29(木) 12:27
ssnp,食品産業新聞社ニュースWEB,ココス『いちごフェア』2024開催、初登場「いちごのしぼりたてモンブラン」など4品発売、ドリンクバーには「ストロベリー&ミントルイボスティー」が登場、3月7日から,https://news.yahoo.co.jp/articles/f3227ba8f7ba63a7fc1c7f17bf97b72e89165fc8,2/29(木) 12:06
ssnp,食品産業新聞社ニュースWEB,ステーキ宮、3月生ビール中を290円の「春のビール祭り」開催、1日から31日まで、何杯飲んでも1杯290円、通常価格は1杯590円,https://news.yahoo.co.jp/articles/2a13cd3e95179db4a0c6476116e9569735a7b89e,2/29(木) 11:58
ssnp,食品産業新聞社ニュースWEB,ハッピーセット「星のカービィ」第2弾発売、すやすや・ジャンピング・さんかくほおばりや黄色のカービィぬいぐるみが登場/マクドナルド,https://news.yahoo.co.jp/articles/e8012ae90239e4a66f987a3535a6ffa5424ada7e,2/29(木) 11:30
ssnp,食品産業新聞社ニュースWEB,ロッテ「コーヒーガム」「ジューシー&フレッシュガム」復活発売、昭和懐かしの味わいが令和に再登場,https://news.yahoo.co.jp/articles/1bee6ab3444dcdeb54298d65390e9b04d7e29029,2/29(木) 10:23
ssnp,食品産業新聞社ニュースWEB,シャトレーゼ「イースターかわいいことりちゃん」3月4日発売、「うみたて卵プリンのアラモード」「イースターかわいいうさぎちゃん」も,https://news.yahoo.co.jp/articles/9507273965ec3e4b0bf73d413d1c475fe94c3f70,2/28(水) 17:50
ssnp,食品産業新聞社ニュースWEB,日清食品、「完全メシ 防災対策最適セット」オンライン限定発売、3カ月ごとに届くローリングストックでセットで15%引き送料無料、「完全メシ カレーメシ」「完全メシ スムージー」のセット,https://news.yahoo.co.jp/articles/d4fd16a084078ac6d5cec4971f8aed69975b05f6,2/28(水) 17:43
ssnp,食品産業新聞社ニュースWEB,セブンイレブン「ウマ娘」フォンタブ配布、キタサンブラック&サトノダイヤモンドなど全4種、ドゥラメンテなど描いたクリアカードプレゼントも/ウマ娘 プリティーダービー 3周年キャンペーン,https://news.yahoo.co.jp/articles/857dcdb59d09ad2deb97ca9fe6d14cac478b9b08,2/28(水) 17:21
ssnp,食品産業新聞社ニュースWEB,無印良品、3月1日から定番「レトルトカレー」23品を390円から350円に値下げ、誰もが手に取りやすい価格へ、配送形態の見直しなどで実現［16時37分追記］,https://news.yahoo.co.jp/articles/1185877c60667e0f2a7e3b429ce9dcfd23691ecd,2/28(水) 16:15
ssnp,食品産業新聞社ニュースWEB,餃子の王将「春の生ビール乾杯キャンペーン」開催、スーパードライが2杯目以降100円引き、被災地復興応援メニュー「野菜煮込みラーメン」継続販売も,https://news.yahoo.co.jp/articles/319b435a0d8af46246c55b057c28e17ba4514c7f,2/28(水) 16:04
ssnp,食品産業新聞社ニュースWEB,フレッシュネス、3月6日「アボカドフェア」開催、海老を使った「アボカドシュリンプバーガー」やわさびと醤油使用の「アボカドクリームチーズバーガー」を発売、大豆パティ使用の「ソイアボカドバーガー」をリニューアル,https://news.yahoo.co.jp/articles/1ba903dad29b4d2b764cd2de4ec975505b515314,2/28(水) 15:38
ssnp,食品産業新聞社ニュースWEB,吉野家「鉄板牛焼肉定食」発売、3年ぶり『塩さば』使用メニューの「牛さば定食」なども登場、3月1日から,https://news.yahoo.co.jp/articles/d44ac61b36f840a39d222bf471e45a931cdee449,2/28(水) 15:12
ssnp,食品産業新聞社ニュースWEB,ブロンコビリー、3月1日から「春のニュージーランドフェア」開催、前回発売で即売り切れの「炭焼きスパイシーラムチョップ」を復活、バイヤーズセレクション第2弾の「炭焼きオーシャンビーフステーキ」も発売,https://news.yahoo.co.jp/articles/a5bcf7ae8002941f7869eb2292322971131f4394,2/28(水) 14:55
ssnp,食品産業新聞社ニュースWEB,伝説のすた丼屋、3月1日「肉ざんまい 北海道すた丼」3種類発売、「豚肩ロース」「牛カルビ」「牛カルビ×豚肩ロース」を用意、帯広豚丼から着想を得た特製ダレ使用、北海道産バターをトッピングした豪快肉丼,https://news.yahoo.co.jp/articles/0afe5d5bdc5701a4f2d342bd088b04018f93e016,2/28(水) 14:18
ssnp,食品産業新聞社ニュースWEB,カルディ、3月8日「いちごバッグ」発売、いちご柄のデザインのバッグにいちごのお酒とストロベリークッキーのほか、「オリジナル サコッシュ」もセット、サコッシュは裏生地がバッグとおそろいのいちご柄,https://news.yahoo.co.jp/articles/d3583b40a10ff321425f41cf94dca3f69cef4472,2/28(水) 13:43
ssnp,食品産業新聞社ニュースWEB,イオン、2024年に「トップバリュ」50周年、今後はM・Z世代向け商品開発強化や食品廃棄物削減に向けた取り組みを強化、カップラーメンのフォーク添付を省いた低価格の「ジェーカップ」発売から50年,https://news.yahoo.co.jp/articles/aef1aaa5e8dcad19611fd5cad91629ce725f92f9,2/28(水) 13:04
ssnp,食品産業新聞社ニュースWEB,スタバ 第2弾“桜グッズ”3月1日オンライン先行販売、桜の花やつぼみを水彩画のような透き通るタッチで表現、マグカップやステンレスボトルなど/SAKURA2024,https://news.yahoo.co.jp/articles/33f5e22eb9ced06e39f45f25de2de0110e0cf7a4,2/28(水) 12:44
ssnp,食品産業新聞社ニュースWEB,バーガーキング「ワッパー セット」値引きキャンペーン開催、200円引き“税込690円”で販売、ワッパー・フレンチフライ・ドリンクのセットメニュー,https://news.yahoo.co.jp/articles/e5e14084c211190c8902ae7b86f58f8825184d75,2/28(水) 12:10
ssnp,食品産業新聞社ニュースWEB,イオン、「トップバリュ 元気をチャージ 粥」5品を発売、コンセプトは“元気な時に楽しむお粥”、和風、タイ風、ベトナム風、韓国風、スペイン風の5品、様々な味付けのお粥が温めるだけで楽しめる,https://news.yahoo.co.jp/articles/654d2212a869650038df64f1e84cfc5b9425bb2b,2/28(水) 11:23
ssnp,食品産業新聞社ニュースWEB,マクドナルド“てりたま”2024年は「のり塩じゃがバターベーコンてりたま」新発売、定番「チーズてりたま」「てりたまマフィン」や「マックフィズ いちごヨーグルト」も,https://news.yahoo.co.jp/articles/6d09d587581072e226f2d7d1e94d0b2dc6cb62fa,2/28(水) 11:02
ssnp,食品産業新聞社ニュースWEB,「チロルチョコ〈ミニ抹茶ミルク〉」発売、ミルククリーム&抹茶チョコ、食べやすいハーフサイズで家族や仲間とのシェアにも最適,https://news.yahoo.co.jp/articles/9eab57f1a615714cbfe6b6088ff1d9abaf4ee1ee,2/27(火) 17:12
ssnp,食品産業新聞社ニュースWEB,オリジン弁当「牛ハラミ焼肉弁当」3月2日発売、2種のタレ「にんにく黒胡椒だれ」「ネギ塩レモンだれ」から選べる,https://news.yahoo.co.jp/articles/1560e36c24c2c93d266f0f270448eb7bf00e6f76,2/27(火) 17:11
ssnp,食品産業新聞社ニュースWEB,スタバ「チルドカップ」3月5日リニューアル、オーバーキャップを外してプラスチック削減へ、体験ツアー・ドリンクチケット当たるキャンペーンも/スターバックス,https://news.yahoo.co.jp/articles/3326a032e17d4511e275f36bde33f5aef81e6202,2/27(火) 16:36
ssnp,食品産業新聞社ニュースWEB,やよい軒「三元豚肩ロースの西京焼定食」3月5日発売、茄子・オクラ・レンコンを合わせた「揚げ出し豆腐」付き,https://news.yahoo.co.jp/articles/7137065f6a21ec6cbb4bf6019b4262c1677c5f3a,2/27(火) 15:17
ssnp,食品産業新聞社ニュースWEB,ピザーラ「すみっコぐらしスペシャルパック」2月29日発売、ボウルとシールのセット、「ふしぎなおともだち」スミエティ、スミフットやとんかつ、ねこたちのオリジナルデザイン,https://news.yahoo.co.jp/articles/8237a77324c4819594efdff3ee592e15104d333d,2/27(火) 15:07
ssnp,食品産業新聞社ニュースWEB,銀座コージーコーナー初の「冷蔵スイーツ自動販売機」東陽町店に設置、シュークリーム・エクレアなど販売、今後は設置台数やエリアなど拡充も,https://news.yahoo.co.jp/articles/ea894e98d7c493fb75a6b944623afe514cc467d5,2/27(火) 13:14
ssnp,食品産業新聞社ニュースWEB,伊藤ハム、フレーバーソーセージ「食べたら結構明太子!」「焼きとうもろこし」発売、新シリーズ『WOW!食べてびっくり』を展開,https://news.yahoo.co.jp/articles/454ce660548853f0bbbc0ba77d5ed940b52db266,2/27(火) 12:59
ssnp,食品産業新聞社ニュースWEB,シャトレーゼ 春のケーキ2024「桜デコレーション」「おめでたいフルーツタルトデコレーション」など発売、さくらチョコラスク・桜クリームあんみつも,https://news.yahoo.co.jp/articles/cf3676c900de64aa90b261f0c9f652a6a96d2d85,2/27(火) 11:41
ssnp,食品産業新聞社ニュースWEB,「珈琲所コメダ珈琲店 まろやか珈琲ゼリーオーレ」発売、コメダ監修“飲むデザートドリンク”の新商品/トーヨービバレッジ,https://news.yahoo.co.jp/articles/b5734f1d7803d8b391c7c375a42d0bf8b722ca85,2/27(火) 11:21
ssnp,食品産業新聞社ニュースWEB,バーガーキング、熊本に初出店 全国221店舗に、2028年末までに600店へ/ビーケージャパンホールディングス,https://news.yahoo.co.jp/articles/95881de81041437fbc213319a52956dca2ba735c,2/26(月) 18:13
ssnp,食品産業新聞社ニュースWEB,"ファミリーマート、2月27日「生しっとりパン」3種発売、1億2,000万食突破の「生コッペパン」シリーズに「白生コッペパン(カスタード&ホイップ)」「生コッペパン(コロッケ)」を投入、あわせて「生クロワッサン(ダブルチョコ)」も発売",https://news.yahoo.co.jp/articles/cec924ab052610c267fe7acbe9b55ac3ad56a536,2/26(月) 17:30
ssnp,食品産業新聞社ニュースWEB,ミニストップ、大感謝祭第3弾公表、3月2日ミニストップの日にちなんで、「無限クリーム」32%増量や菓子パン、食卓パン2個セットで32円引きなど実施、そのほかおにぎり増量やクランキーチキン値引きも,https://news.yahoo.co.jp/articles/e3d420e91cbdd88a151e6f8f24fb165cc4d0a40a,2/26(月) 16:58
ssnp,食品産業新聞社ニュースWEB,チロルチョコ「塩バニラ」復刻発売、17年前の人気商品が再登場、塩入りバニラチョコ&マシュマロ,https://news.yahoo.co.jp/articles/39114247e1fea14f85800631aac86d7db2a71c4a,2/26(月) 16:49
ssnp,食品産業新聞社ニュースWEB,マック「シャカシャカポテト」梅のり塩味・にんにく黒胡椒マヨ味発売、人気フレーバーの2024年再登場、CM「シャカシャカソング」には堺雅人さん出演/マクドナルド,https://news.yahoo.co.jp/articles/29dd47d83b652c36e9994d1bf40c04bcec8d9386,2/26(月) 16:22
ssnp,食品産業新聞社ニュースWEB,5円チョコ「ごえんがあるよ」11円で“バラ売り”復活、発売40周年記念で3月4日から/チロルチョコ,https://news.yahoo.co.jp/articles/54be6e688c6de404bfd1e14a05a44bbb2479d77f,2/26(月) 16:19
ssnp,食品産業新聞社ニュースWEB,デニーズ、3月5日から福岡県産「あまおう」を使用したデザート第2弾を展開、第2弾ではピスタチオを使用したクリームやミルクチョコソースなど「いちごと相性の良い」食材を組み合わせ,https://news.yahoo.co.jp/articles/e12dd334528ac9920342b6c6a0a2f75f5a125904,2/26(月) 16:04
ssnp,食品産業新聞社ニュースWEB,インフォマート・中島社長、「BtoBプラットフォームを強化し、DtoDをスピーディーに広める」,https://news.yahoo.co.jp/articles/b85fdfc93ec299a13bc3f2dc8bbe864785327b21,2/26(月) 15:43
ssnp,食品産業新聞社ニュースWEB,明治、「エッセル スーパーカップ」定番品を30周年を記念してリニューアル、3月から順次発売、“コク”と“キレ”に着目、さらに満足感を得られる味わいに仕上げる,https://news.yahoo.co.jp/articles/48ac832d32a67ba630c70934d9bdb3af81378990,2/26(月) 15:06
ssnp,食品産業新聞社ニュースWEB,伝説のすた丼屋、肉50％増量『肉の日キャンペーン』うるう年で2月29日も開催、通常250円「肉増し」が無料、すた丼・生姜丼・すたみな焼き定食など14品を対象に,https://news.yahoo.co.jp/articles/9660f4854594c63d9b5995cd4ad51aa9e3ff076c,2/26(月) 14:47
ssnp,食品産業新聞社ニュースWEB,ほっともっと、3月1日「春の行楽スペシャルサイト」開設、ほっともっとの「オードブル」や「スポーツ弁当」「チキンバスケット」などの行楽向け商品を掲載、クーポンがもらえる「新ネット注文」も紹介,https://news.yahoo.co.jp/articles/5c50a8244235ec597b44a056acda1965dbdd0c4d,2/26(月) 14:25
ssnp,食品産業新聞社ニュースWEB,カルディ レトロなミルクガラス瓶にチョコレートを詰めた「チョコクランチ ミルクガラス瓶」発売,https://news.yahoo.co.jp/articles/24e3f57e03a5bff21a5875a4da54ae689574b65c,2/26(月) 13:38
ssnp,食品産業新聞社ニュースWEB,"不二家、2月28日「ランチエコバッグ」プレゼント開始、税込2,280円以上購入で対象、先着でなくなり次第終了、30周年を迎える「ペコちゃんのほっぺ」をモチーフにデザイン、たたむと「ペコちゃんのほっぺ」型になる仕様",https://news.yahoo.co.jp/articles/69e5caa42bd140f8e4df92e34b85d4f75ad317af,2/26(月) 13:28
ssnp,食品産業新聞社ニュースWEB,はま寿司“4種の旨ねた”2月27日発売、110円ネタに「みなみまぐろ中とろ」「さわらの天ぷら握り」、「富山県氷見産ぶり」「北海道産真鱈白子」も販売,https://news.yahoo.co.jp/articles/3eec8b633509fd07fad52fbeed946466110c2d8d,2/26(月) 12:20
ssnp,食品産業新聞社ニュースWEB,ボスカフェインプロ「ウマ娘」コラボ缶発売、マヤノトップガン・サクラローレル・ナリタブライアン・マーベラスサンデーをデザイン、リニューアルの“ホワイトカフェ”と新登場“ブラック”で登場/サントリー食品インターナショナル,https://news.yahoo.co.jp/articles/2af43b1909c198f04b6de4ddf0de8efa02f7e4b0,2/26(月) 10:53
ssnp,食品産業新聞社ニュースWEB,築地銀だこ“大創業祭”2024年実施、「たこ焼8個入り」が390円“サンキュー価格”に、創業記念日・3月14日にはスタンプ3倍も,https://news.yahoo.co.jp/articles/f31ca8803e21ba5190bd4545fb947c370d5a4a84,2/26(月) 10:15
ssnp,食品産業新聞社ニュースWEB,ファミリーマート、2月27日に「ベジート」を使った巻き寿司を東京神奈川九州など一部店舗で発売、「ベジート」は規格外野菜のシート、海苔の代わりに使うと「彩り鮮やかで野菜が摂れる」,https://news.yahoo.co.jp/articles/6a193b2d54ccd457764ab7bc6db711fd8e5c63b1,2/25(日) 17:01
ssnp,食品産業新聞社ニュースWEB,ローソン、天下一品監修「こってりラーメン」「からあげクンこってり味」など発売、「天下一品」監修のレンジ麺は初めての発売、「こってりラーメン」の開発には約1年半、「からあげクン」は「天下一品 こってりラーメン」の味を再現,https://news.yahoo.co.jp/articles/b71bd582e9b599aae0706509c87a7e66d193b8f8,2/25(日) 16:28
ssnp,食品産業新聞社ニュースWEB,"セブンイレブン、最短20分でお届けの「7NOW」を1都1道14県の約1万2,000店舗で開始、店舗とほぼ同等の約3,000アイテムから買い物ができる、2024年度中の全国展開を予定、ドローン配送など実証実験も実施中",https://news.yahoo.co.jp/articles/cc5069a2884b07e2f1892c8a9705fad751583d21,2/25(日) 15:55
ssnp,食品産業新聞社ニュースWEB,和食さと、「ストロベリーフェア」開催、「ハーゲンダッツ ストロベリー」を使用した「いちご尽くしの贅沢パフェ」などいちごづくしのメニューを展開,https://news.yahoo.co.jp/articles/9f1104be2eeecee7c1a1761c65d1cdb888d4cbc0,2/25(日) 15:06
ssnp,食品産業新聞社ニュースWEB,安楽亭、「上タン塩」「豚カルビ」「自家製 鶏の唐揚げ」などの29円クーポンが当たる「ハッピーなぞポンキャンペーン」開催、4年に一度の肉の日を記念、1日に1度どれかが当たり、毎日挑戦可能,https://news.yahoo.co.jp/articles/d57e4f314c704055d31988ef2a80452dd29ecc97,2/25(日) 14:39
ssnp,食品産業新聞社ニュースWEB,明治、3月4日「明治 エッセル スーパーカップ レモンのレアチーズ」発売、レアチーズ風アイスにレモンピール入りのソースを合わせる爽やかな味わい,https://news.yahoo.co.jp/articles/d103d530e9b255e946ee0b5adcbb5c13f17f47e6,2/25(日) 14:09
ssnp,食品産業新聞社ニュースWEB,"サンクゼール、3月8日「2024春の福袋」発売、公式オンラインショップ限定、税込4,300円送料無料で、定価5,140円相当の商品を詰める",https://news.yahoo.co.jp/articles/5a4f305e320bc388422fcb2ce19887f5528a7464,2/25(日) 13:51
ssnp,食品産業新聞社ニュースWEB,明星食品、「チャルメラ×ちいかわ」 コラボ第3弾、「しょうゆラーメン」 「宮崎辛麺」 「バリカタ麺豚骨」 でちいかわデザイン、それぞれ5食パック1パターンと個食5パターンを用意、「しょうゆラーメン」は「チャリメラ」で販売,https://news.yahoo.co.jp/articles/688fad008e250bc494b3e3477d72f664950d6523,2/25(日) 13:15
ssnp,食品産業新聞社ニュースWEB,デニーズテーブル、3月1日冷凍食品7品発売、cupのまま食べる「my cup シリーズ」やレストランの味を楽しめるメイン料理など発売,https://news.yahoo.co.jp/articles/e5aa3505b1271f487b404366703bd16ce52767d5,2/25(日) 12:45
ssnp,食品産業新聞社ニュースWEB,不二家、「ペコちゃんのほっぺ」発売30周年記念、2月28日から新フレーバー「ミルキークリーム」発売やパッケージリニューアル、ペコちゃんのほっぺ30thデザイン「ランチエコバッグ」配布も,https://news.yahoo.co.jp/articles/3feb840b2dc439e0af74838f3d3cb7862d3d0363,2/25(日) 11:41
ssnp,食品産業新聞社ニュースWEB,セブン×ウマ娘コラボ食品発売、「ゴルシのペペロン風やきそば」やマチカネフクキタルの占いキャンディ、エアシャカールのスターラムネ、ライスシャワーのりんご飴チョコレートなど全12商品/セブンイレブン,https://news.yahoo.co.jp/articles/690eaecd5974bfb02bd37028dbbbadc33609afb9,2/23(金) 11:40
ssnp,食品産業新聞社ニュースWEB,ハッピーセット「ポムポムプリン」第1弾発売、ころころめいろ・とびだすプリンゲーム・絵合わせゲームのおもちゃ付き/マクドナルド,https://news.yahoo.co.jp/articles/ba94d26bfd3f83a83c56de344b8746e2aead28bf,2/23(金) 10:40
ssnp,食品産業新聞社ニュースWEB,和食さと「名古屋コーチンフェア」スタート、“純鶏”のみを使った鶏すき・親子重・雑炊・鍋焼きうどんを販売、2月22日から3月27日まで,https://news.yahoo.co.jp/articles/4829937ce1dd0c49c091fefb9c4e988de93b8dfb,2/22(木) 18:43
ssnp,食品産業新聞社ニュースWEB,味の素AGF、マイボトル専用のパウダー飲料「ブレンディ」マイボトルスティックを開発、環境と利便性対応で新常識となるか,https://news.yahoo.co.jp/articles/e356e72951ee79e26e7706578bee4d0a8622eb46,2/22(木) 18:15
ssnp,食品産業新聞社ニュースWEB,スガキヤ「ラーメン」半額190円“スーちゃん祭2024”3月2日・3日限定「ソフトクリーム」は90円に、249店舗で開催,https://news.yahoo.co.jp/articles/4ad104eacd239538d0253089919eaf25b44884fb,2/22(木) 17:46
ssnp,食品産業新聞社ニュースWEB,バーガーキング「シルキーランチ マッシュルームワッパー」発売、新開発『特製シルキーランチソース』が4種のきのこと相性良いハンバーガー,https://news.yahoo.co.jp/articles/3dc3d4c48d13b304d94843557d301fccb72fe533,2/22(木) 17:27
ssnp,食品産業新聞社ニュースWEB,日本コカ・コーラ社、新社長にムラット・オズゲル氏、ホルヘ・ガルドゥニョ社長はザ コカ・コーラカンパニーのチーフカスタマー＆コマーシャルオフィサーに就任,https://news.yahoo.co.jp/articles/6ccf30146aa86f204180df9b02b597532428340c,2/22(木) 17:07
ssnp,食品産業新聞社ニュースWEB,「生茶」が大刷新、コモディティ化が進む緑茶飲料でパッケージを改革、目指したのは生活になじむデザイン/キリンビバレッジ,https://news.yahoo.co.jp/articles/65425b76fe467a88dc07b9d6f46c68a566055fa8,2/22(木) 15:53
ssnp,食品産業新聞社ニュースWEB,ほっともっと、3月1日「ミニうどん」「幕の内シリーズ」リニューアル、ミニうどんは国産小麦100%使用の讃岐うどん麺を使用、鮭、白身フライ、ちくわ天などの「しゃけ弁当」も発売,https://news.yahoo.co.jp/articles/4f0f685147be2b6f307c448388fa50d1d7ba9496,2/22(木) 15:52
ssnp,食品産業新聞社ニュースWEB,デニーズ、3月5日メニュー改定実施、モーニングメニューや平日ランチ、平日ディナーのメニューを発売、ランチメニューでは「健康軸」を意識したメニューも投入,https://news.yahoo.co.jp/articles/34a508c26ebd811c46435ae412a72a5fd67f351d,2/22(木) 15:18
ssnp,食品産業新聞社ニュースWEB,松屋、2月27日牛めしまとめ買いに「ネギたっぷり旨辛ネギたま牛めし」「鬼おろしポン酢牛めし」を追加,https://news.yahoo.co.jp/articles/c291a76df390044e30ca3f3d76f7579d38cd10d5,2/22(木) 13:39
ssnp,食品産業新聞社ニュースWEB,松のや、2月28日「オニオンバターソースのポークフライドステーキ定食」発売、熟成チルドポークにまぶし粉をつけて素揚げ、オニオンバターソースのとんかつ屋のステーキ定食,https://news.yahoo.co.jp/articles/73fbd30aac2bb50dcfc72c3f807c0fd1b36fe8dc,2/22(木) 13:32
ssnp,食品産業新聞社ニュースWEB,スガキヤ、値上げ「ラーメン」390円から430円に、セット・サイドメニュー・デザートは据え置き、3月21日から,https://news.yahoo.co.jp/articles/7368f87ceec1adb50dc39ad1945babc6122dd729,2/22(木) 12:44
ssnp,食品産業新聞社ニュースWEB,KFC「ひなまつり9ピースバーレル」3月1日発売、オリジナルチキン500円値引き、ひな祭り当日まで販売/ケンタッキーフライドチキン,https://news.yahoo.co.jp/articles/27fb079abe7c668ab61caa9f0487a3fc4fe7b12b,2/22(木) 11:54
ssnp,食品産業新聞社ニュースWEB,日高屋、3月1日「グランドメニューリニューアル」、「Wドラゴンチキン定食」など多数の新商品を発売するほか、ハイボールのウイスキーを「ホワイトホース」から「陸」に変更,https://news.yahoo.co.jp/articles/6287c47ba96cda9b74901deb6691c5a24c1a3673,2/22(木) 11:49
ssnp,食品産業新聞社ニュースWEB,はなまるうどん、「スタミナ肉フェア」開催、「牛ニラ温玉ぶっかけ」と「豚ニラ温玉ぶっかけ」を発売、ニラとニンニクの甘辛ダレを使用、程よい辛さの商品,https://news.yahoo.co.jp/articles/ed0773166a8bd15fcc0c60d4075efdf293ae17de,2/22(木) 11:23
ssnp,食品産業新聞社ニュースWEB,ミスド「桜もちっとドーナツ」2月28日発売、2024年はつぼみ・五分咲き・満開に“舞い桜”が新登場、4種の味で桜のうつろいイメージ/ミスタードーナツ,https://news.yahoo.co.jp/articles/0e871bfab77337aeeb2ac3dedbb1f3eed3dca410,2/22(木) 10:57
ssnp,食品産業新聞社ニュースWEB,ハッピーセット「星のカービィ」第1弾発売、カービィ&ワドルディのぬいぐるみが登場/マクドナルド,https://news.yahoo.co.jp/articles/8b849e1dd79fa14ff0f07aa6cf2a96e7dbd67833,2/22(木) 6:40
ssnp,食品産業新聞社ニュースWEB,ネスレ日本、JR貨物グループと連携で食品・飲料業界初の中距離での定期貨物鉄道輸送を2月から開始、1日あたり200tのトラック輸送を貨物鉄道へ移行、CO2排出量は年間約900t削減へ,https://news.yahoo.co.jp/articles/df44440802283a46c23a17d0b164daecf2391306,2/21(水) 17:54
ssnp,食品産業新聞社ニュースWEB,おぱんちゅうさぎ「コメダ珈琲店」コラボ開催、ピック付シロノワールやコースター付きクリームソーダ・ソフトクリーム発売、限定グッズなど当たるSNS企画も/「コメダ珈琲店で食べたいんですけど～!」キャンペーン,https://news.yahoo.co.jp/articles/515477d65d20c52d9d43d98700079c2ac9eb565b,2/21(水) 17:17
ssnp,食品産業新聞社ニュースWEB,大関、日本酒ベースのフローズンカクテル2種を3月4日発売、「Frozzeeファジーネーブル」「「Frozzeeピニャ・コラーダ」、スパウチ詰で片手で手軽に楽しめるフローズン状のお酒,https://news.yahoo.co.jp/articles/9b275d85e1850cb7f76e2fb9ba233905108d1535,2/21(水) 16:19
ssnp,食品産業新聞社ニュースWEB,赤城乳業、「大人なガリガリ君ゴールデンパイン(6本入り)」「ガリガリ君メロンソーダ(7本入り)」2月26日発売、パインやメロンソーダが飛び出してくる躍動感のあるパッケージに変更,https://news.yahoo.co.jp/articles/b6085458afffe37011b3358e6d8038298d20bfa2,2/21(水) 15:42
ssnp,食品産業新聞社ニュースWEB,デニーズ「おこさまメニュー」50円クーポン3月4月も配布、2日・22日の『デニャーズの日』に使用可能、「デニーズアプリ」会員限定で,https://news.yahoo.co.jp/articles/ddd797bd8de8339943b20fddab203018ec701c7f,2/21(水) 15:32
ssnp,食品産業新聞社ニュースWEB,びっくりドンキー「いろどりセット」にハンバーグ200g・300gが登場、サラダ2種・みそ汁・北海道ミニソフト付き、2月28日から,https://news.yahoo.co.jp/articles/17b68dfd365be6801cef1e617d2b00eb3ecc7393,2/21(水) 15:17
ssnp,食品産業新聞社ニュースWEB,天丼てんや、2月28日新定番メニュー「海老といかの上天丼」「いろどり天丼」発売、「海老といかの上天丼」は「上天丼」を約9年ぶりにリニューアル、「いろどり天丼」は、海老やとり天など人気食材を使用,https://news.yahoo.co.jp/articles/18e02e4c70c53a671640c53b345acfcb902de40d,2/21(水) 15:05
ssnp,食品産業新聞社ニュースWEB,鳥貴族、3月1日から「鳥貴ドッグ」&「コーヒー」のコンボメニューを販売、コッペパンに焼鳥や唐揚げをはさんだ「鳥貴ドッグ」3種と、「BOSS」とコラボしたコーヒー提供で、鳥貴族のカフェ利用など提案,https://news.yahoo.co.jp/articles/153031d20e677adcf90def3af6aa58f14dc19acf,2/21(水) 14:10
ssnp,食品産業新聞社ニュースWEB,すき家のテイクアウト容器、季節ごとにデザイン切り替えに、桜・花火など四季の風物詩と“お客様への想い”がコンセプト、2月27日から順次リニューアル,https://news.yahoo.co.jp/articles/b3dddecac576dc66170bcd158cb4dced6b494562,2/21(水) 12:50
ssnp,食品産業新聞社ニュースWEB,ココス、3月7日「2024春グランドメニュー」開始、メインや定番に「洋食屋さんのデミハヤシライス」「ココスのハンバーグダブル」を発売、「チョコバナナマッドパイ」などデザートも複数投入,https://news.yahoo.co.jp/articles/97f4976ed9235b689d20082b9f3ecf80879461af,2/21(水) 11:52
ssnp,食品産業新聞社ニュースWEB,焼肉きんぐ“五大名物”リニューアル「花咲上ロース ガリバタ醤油」「国産牛たれ焼しゃぶ」が新登場、裏名物「焼肉屋の四川風麻婆豆腐」も同時発売、2月28日から,https://news.yahoo.co.jp/articles/77315f465253befd7ccd39a185253914e76858d2,2/21(水) 11:50
ssnp,食品産業新聞社ニュースWEB,なか卯「豚(とん)から丼」2月28日発売、カリッと揚げた豚バラ&ふわとろ卵とじの新商品,https://news.yahoo.co.jp/articles/bc728854ef0491bba63dee4344536f56ce068ac7,2/21(水) 11:37
ssnp,食品産業新聞社ニュースWEB,(株)グリーンハウス久保田守さん、ハーベストネクスト(株)の島田淳子さんの2名が東京都優良調理師として、「知事賞」を受賞,https://news.yahoo.co.jp/articles/d409a9339ea411d92b6e96f025f30045359ac3de,2/21(水) 10:08
ssnp,食品産業新聞社ニュースWEB,ロッテリア“半熟たまてりフェア”5種類のハンバーガーを発売、半熟たまてりエビバーガー・半熟たまてり絶品チーズバーガーなど、2月29日から4月下旬まで,https://news.yahoo.co.jp/articles/5f3bfb35508839b3dfcac3dc04e9c15e989b69c2,2/20(火) 18:53
ssnp,食品産業新聞社ニュースWEB,サイゼリヤ、2月21日に「春のグランドメニュー改定」、改良した「イカの墨入りセピアソース」500円や具材たっぷりの「イタリア野菜のトマトスパゲッティ」540円発売のほか、全粒粉パスタの商品を用意,https://news.yahoo.co.jp/articles/9ccdc1e8eba492b2733c9dcd86c83dc75adb12fe,2/20(火) 17:57
ssnp,食品産業新聞社ニュースWEB,サーティワン2024年「エンジョイ スプリング」開催、新作フレーバー「抹茶ブラウニー」や「濃い抹茶シェイク」発売、期間限定バラエティボックス販売やクーポン券配布なども,https://news.yahoo.co.jp/articles/782eed085ba429379e0c6ade1d8003bd954775b1,2/20(火) 17:26
ssnp,食品産業新聞社ニュースWEB,ロッテリア、パティ4枚「キング絶品チーズバーガー」1390円、パティ3枚「キング絶品ミートソースチーズバーガー」1140円など5品発売“29肉(ニク)の日”2月27日・28日・29日限定,https://news.yahoo.co.jp/articles/a94b1ff597dcfb5b6c243a13ec023f0c8291ca18,2/20(火) 17:01
ssnp,食品産業新聞社ニュースWEB,大塚製薬が食育ゲームアプリ「もぐもぐタウン」の配信開始、食事をカメラで撮って食材を学ぶ,https://news.yahoo.co.jp/articles/6a768b9df98e18998b3b5cf64af940a2d6b19297,2/20(火) 16:34
ssnp,食品産業新聞社ニュースWEB,厚労省「飲酒に関するガイドライン」、飲酒の際は純アルコール量に配慮、疾病別の飲酒量による発症リスクも公表,https://news.yahoo.co.jp/articles/2ba41a00e531275a391607f3cf896385165f51c2,2/20(火) 16:34
ssnp,食品産業新聞社ニュースWEB,Pasco、老舗茶舗「森半」監修の菓子パン3種を3月1日から発売、「森半監修 宇治抹茶のどら焼き 2個入」「森半監修 宇治抹茶の蒸しぱん」「森半監修 宇治抹茶のロールパン」,https://news.yahoo.co.jp/articles/c1d2c556cee52515e958bdf5f2aa46244247788c,2/20(火) 15:59
ssnp,食品産業新聞社ニュースWEB,くら寿司、2月22日から「豪華かにと極上寒ぶり」フェア開催、本ズワイガニなどを贅沢に使用、「かに三種盛り」や「かに食べ比べ」を用意,https://news.yahoo.co.jp/articles/6d3d698e82abb90727e1c45362c243d809252778,2/20(火) 15:21
ssnp,食品産業新聞社ニュースWEB,kiri(キリ)初の日本国内製造、果汁を使ったクリームチーズ「レモン&ゆず風味」「ピーチ&マンゴー」発売、新シリーズ『キリ フルーツブレンド』/ベルジャポン,https://news.yahoo.co.jp/articles/b89cbcda7e80c0b07131916d8c574ab5cc28b204,2/20(火) 13:40
ssnp,食品産業新聞社ニュースWEB,ドミノピザ「Lサイズピザ1枚買うと“2品無料!”」常時実施スタート、Sサイズピザ・ピザライスボウルや新サイドメニュー「ラージ ポテから」「ラージ ポテチキ」など対象,https://news.yahoo.co.jp/articles/4d3add9c3b56c5878e58c713be4648c42cf0ad08,2/20(火) 13:38
ssnp,食品産業新聞社ニュースWEB,ステーキ宮、「いちごフェア」開始、いちご12粒使用の「いちごづくしプレート」や「いちごサンデー」「ちょい盛りいちご」などのラインアップを展開,https://news.yahoo.co.jp/articles/fbc62962706f919ec266acb6725747e53af25c5e,2/20(火) 13:32
ssnp,食品産業新聞社ニュースWEB,寿司チェーン“ひな祭り”ちらし寿司まとめ2024、スシロー「10種の海鮮ひなちらし」、はま寿司「ひな手巻きセット」、かっぱ寿司 日本料理店監修「具沢山の味わいちらし」,https://news.yahoo.co.jp/articles/c672ecbac59da031fc06f45147498d66f4743538,2/20(火) 12:28
ssnp,食品産業新聞社ニュースWEB,"出前館、2月22日から「ウルトラ半額祭」開催、2024年初開催で約7,000店が参加、「鬼おろしポン酢牛めし大盛」や「テイスティ4Mサイズ」など半額",https://news.yahoo.co.jp/articles/70c7ec6665af6b4d697bd0d7645bae9ce149af89,2/20(火) 11:55
ssnp,食品産業新聞社ニュースWEB,すき家「海鮮ちらし丼」発売、めばちまぐろ・いか・錦糸たまごの華やかな3色丼、「海鮮ちらしユッケ丼」「山かけ海鮮ちらし丼」も同時販売,https://news.yahoo.co.jp/articles/ea57dbc31fdfa0adf966a393e5be3758c6bf51bb,2/20(火) 11:45
ssnp,食品産業新聞社ニュースWEB,からやま、2月22日「にんにくニラ玉定食」発売、「にんにくからあげ」と「ニラ玉」を合わせたスタミナメニュー、「にんにくからあげ」と「カリッともも」との合盛り定食も用意,https://news.yahoo.co.jp/articles/afb16396efa4b9e8a40419b42235b29219cc2588,2/20(火) 11:31
ssnp,食品産業新聞社ニュースWEB,KFC、550円で「チキンフィレバーガーセット」2月21日から3月12日まで、通常時のセット価格は850円で300円引き/日本ケンタッキー・フライド・チキン,https://news.yahoo.co.jp/articles/84dead43f3e135352815692d1d4b80ce3dbfb963,2/20(火) 7:20
ssnp,食品産業新聞社ニュースWEB,チロルチョコ「ウマ娘 プリティーダービー」第2弾発売へ、ミックスフルーツ風味チョコ＆ホイップ風味クリームの“やる気UPスイーツ”味、パッケージは全40種類,https://news.yahoo.co.jp/articles/19b1a7c5ae4521148bd9e9391028e9cbe44986c8,2/19(月) 16:56
ssnp,食品産業新聞社ニュースWEB,ゆず庵、春限定「焼津産 一本釣り鰹たたき握り」「塩レモンだし」「いちごのレアチーズケーキ」など2月20日発売,https://news.yahoo.co.jp/articles/6eb3bad27ddfb657b589f643e374ebd88ae64c9f,2/19(月) 16:43
ssnp,食品産業新聞社ニュースWEB,ミニストップ、「大感謝祭」第2弾、2月20日に400gのカレーピラフ発売や価格そのままで「でかむすび」「ジューシーハムのサンド」「ねぎとろ中巻」など増量、各種惣菜パン、菓子パンなども増量対象,https://news.yahoo.co.jp/articles/036ffdac181026f85c292df4fb7f4e8ccdbed980,2/19(月) 16:22
ssnp,食品産業新聞社ニュースWEB,500種類の名前入り「コアラのマーチ」発売、そうた・さくら・ひろと・りん等名前入りビスケット、40周年記念「あなただけのコアラのマーチプレゼントキャンペーン」も/ロッテ,https://news.yahoo.co.jp/articles/05ab8bd154c878ae1af5c22852207e133d087177,2/19(月) 15:53
ssnp,食品産業新聞社ニュースWEB,ファミリーマート、2月20日にソイチキン使用の2商品発売、東京都と神奈川県限定、ザ・ベジタリアン・ブッチャー監修の「ソイチキンオーバーライス」と「ソイチキンと豆乳クリーム」,https://news.yahoo.co.jp/articles/a9dfb60c677bb7b2de0d4ed5760ebba7d8bacee6,2/19(月) 15:30
ssnp,食品産業新聞社ニュースWEB,カファレル、2月21日「カファレル ねこの日セット」販売開始、オンラインショップは先行販売中、「ねこの日」にちなんだスペシャル商品「シャム猫セット」と「黒猫セット」,https://news.yahoo.co.jp/articles/d40b3ece78beb912114afef254e344a792230479,2/19(月) 14:52
ssnp,食品産業新聞社ニュースWEB,サーティワン「ハッピーフレンズ ドラえもん」発売、映画のび太の地球交響楽デザイン、しずか・ジャイアン・スネ夫などのシール付き/サーティワンアイスクリーム,https://news.yahoo.co.jp/articles/dc188d76d1031c748f3897a120f96563f06e6dfa,2/19(月) 14:23
ssnp,食品産業新聞社ニュースWEB,サンマルクカフェ、『桔梗信玄餅』と初コラボ「プレミアムチョコクロ 黒糖入り生地&黒みつきな粉もち」「きな粉アイスと黒みつクリームのわらびもち入りパフェ」など4品を3月1日発売,https://news.yahoo.co.jp/articles/a013c6dd2b9c731bd6a14952b630cb493ceb72fc,2/19(月) 14:12
ssnp,食品産業新聞社ニュースWEB,スシロー、2月21日から「紅鮭のいくら」2貫税込100円で販売、合わせて「大大大大感謝のかに祭」開催、「生本ずわい蟹」「かに身の天ぷらにぎり」を提供,https://news.yahoo.co.jp/articles/7cb23bf8d45c734aa1cda1de2974c0950db1b95f,2/19(月) 14:05
ssnp,食品産業新聞社ニュースWEB,ステーキ宮、2月20日「厚切りキューブロールステーキ」販売開始、キューブロールはリブロースの芯の部分で脂身が少なく噛み応えのある赤身が特徴,https://news.yahoo.co.jp/articles/e5d34d31b9b02a5fca306793f8f2d5b2765037fd,2/19(月) 13:42
ssnp,食品産業新聞社ニュースWEB,ハーゲンダッツ、2月20日「キャラメルロイヤルミルクティー」発売、“アッサム”と“ディンブラ”の2種の茶葉を使用、アイスの中には、香ばしいキャラメルソース入り,https://news.yahoo.co.jp/articles/71fa3d6e1233606cd1ae387300b435ecdbc1958d,2/19(月) 13:24
ssnp,食品産業新聞社ニュースWEB,ドミノ・ピザ、人気3商品を値下げ、対象は「アメリカン」「トロピカル」「マルゲリータ」、「アメリカン」のお持ち帰り半額Sサイズは790円から購入できる、300円からトッピング増量の「もっとシリーズ」も新登場,https://news.yahoo.co.jp/articles/030b4456eac762948683aa043d9489fff816801e,2/19(月) 12:13
ssnp,食品産業新聞社ニュースWEB,カルディ、全5種の「コーヒーグッズ ミニチュアフィギュア」配布スタート、コーヒーポット・スタッキングマグカップ・コーヒーミルなど、店舗とオンラインストアで2月16日から,https://news.yahoo.co.jp/articles/395c1cfcc82efba2e3bb46fd09b5c21d1c07a47c,2/19(月) 11:38
ssnp,食品産業新聞社ニュースWEB,すみっコぐらし「すみっコキャップ」付き「割るだけ ボスカフェ」発売、ぺんぎん・とかげ・しろくま・ねこのペットボトルキャップ、新商品“贅沢コールドブリュー”発売記念で/サントリー食品インターナショナル,https://news.yahoo.co.jp/articles/ad614be8fb7d06036b9fcaf06c4acab610ff7c3f,2/19(月) 11:32
ssnp,食品産業新聞社ニュースWEB,ファミリーマート、2月20日「こってり中華」展開、おにぎり、天津飯、鶏白湯ラーメンなど6品を展開、いずれも鶏白湯スープで“こってり感”“旨み”を味わえる,https://news.yahoo.co.jp/articles/391da6f4de3fb1144fef10086c23b1a33444f209,2/19(月) 11:27
ssnp,食品産業新聞社ニュースWEB,ピザハット、2月22日から「ご愛顧感謝590円セール」開催、「ピザハット・マルゲリータ」を持ち帰り690円、アプリ経由590円で提供、期間は25日までの4日間限定,https://news.yahoo.co.jp/articles/2c85d6623bc1dd7a9376b35e0dd54261e126f757,2/19(月) 10:25
ssnp,食品産業新聞社ニュースWEB,ローソン 2月20日にハムカツ2倍「盛りすぎ!ハムカツサンド」など“47%増量”3品発売、あらびきポークフランクロール・チャーシューマヨネーズおにぎり/盛りすぎチャレンジ2024第3弾,https://news.yahoo.co.jp/articles/babd1b5f6abf8727c09d35847081d506a7f6d875,2/19(月) 7:40
ssnp,食品産業新聞社ニュースWEB,ファミマ×mofusand「ステッカー付きギフトバッグ」先着プレゼント、対象のアイス購入で/ファミリーマート「ファミリ～にゃ～ト大作戦!」,https://news.yahoo.co.jp/articles/01cc644f57d72563c50604958319654686690863,2/18(日) 11:40
ssnp,食品産業新聞社ニュースWEB,ローソン「盛りすぎ!濃密カスタードシュー」2月19日夕方ごろ発売、値段そのまま47%増量“盛りすぎチャレンジ2024”第3弾,https://news.yahoo.co.jp/articles/b26c1486acad5bea6722bd31ccb1f664a70ac263,2/18(日) 9:40
ssnp,食品産業新聞社ニュースWEB,スシロー×原神コラボ2月21日開催、コラボ寿司購入でゲーム内アイテムプレゼント、アクリルスタンド付きメニュー販売やすし皿当たる抽選キャンペーンも,https://news.yahoo.co.jp/articles/7d09fdfb3332061d72d282becd496b11c5be303b,2/16(金) 17:51
ssnp,食品産業新聞社ニュースWEB,ジョイフル、2月27日「はれやかレシピ」フェア開催、黒毛和牛を使用したメンチカツや牛サガリのステーキなどを展開、デザートはフレッシュな苺を使用した3種類を用意,https://news.yahoo.co.jp/articles/4c244cb55d89dd9c963590d060dc31e9b1d3c449,2/16(金) 16:52
ssnp,食品産業新聞社ニュースWEB,セブン×ウマ娘「3周年キャンペーン」開催、先着プレゼントはクリアファイル・ステッカーなど、サイン入りブロマイド抽選、マチカネフクキタル占いキャンディやゴルシのペペロン風やきそば等コラボ商品発売も/セブンイレブン,https://news.yahoo.co.jp/articles/aefbc11e0cbc5f0743a3cdd44f7422c4fb12d216,2/16(金) 16:52
ssnp,食品産業新聞社ニュースWEB,東京ディズニーシー、新エリア「ファンタジースプリングス」含む8ポートを表現した食べ歩きフード・ドリンク・コース料理が登場、初開催『フード&ワイン・フェスティバル』4月1日から6月30日まで,https://news.yahoo.co.jp/articles/5a9b08c12efcbc3b15c6a4ba54c0948b423e0cfd,2/16(金) 15:45
ssnp,食品産業新聞社ニュースWEB,ハッピーセット「ポムポムプリン」2月23日発売、めいろや絵合わせゲーム、スタンプ、小物入れなど全6種類、スマホで遊べるゲームやプレゼントキャンペーンも/マクドナルド,https://news.yahoo.co.jp/articles/b18cec3f690cc46585fa2bcc9e995377a1213ec6,2/16(金) 14:50
ssnp,食品産業新聞社ニュースWEB,ローソンストア100、2月後半新商品「ちらし&いなり寿司セット」税込378円など、ひな祭りや春の行楽向け商品のほか、「クリームほおばるワッフル」「ひとくちみるく風味ぱん」など発売,https://news.yahoo.co.jp/articles/265d25ecbe704b9aaca91e4468e23f0c8e0ed2b4,2/16(金) 14:00
ssnp,食品産業新聞社ニュースWEB,ハッピーセット「星のカービィ」2月23日発売、カービィやワドルディのぬいぐるみ全8種類、マックカード当たるSNSキャンペーンも/マクドナルド,https://news.yahoo.co.jp/articles/c1d0ad82bc2fa568c2377ccd70b86c29c46fd781,2/16(金) 13:38
ssnp,食品産業新聞社ニュースWEB,シダックス、能登半島地震の被災地支援で食料支援と炊き出しを実施,https://news.yahoo.co.jp/articles/825164b8b594dc6183a293094061e4e04ae48d7b,2/16(金) 13:22
ssnp,食品産業新聞社ニュースWEB,クリスピー・クリーム・ドーナツ、「HERSHEY’S」「OREO」「M&M’S」とコラボし、3月に「Sweet America 2024」開催、限定ドーナツ3種を発売,https://news.yahoo.co.jp/articles/27844e2b432f4e38dcf0bb8827d53e427457df36,2/16(金) 12:50
ssnp,食品産業新聞社ニュースWEB,松のや、2月21日「ヒレかつ」発売、“まんまる”の「コインカット」を採用、「食べやすさ」「ジューシーさ」を追求、定食、かつ丼、かつカレーなどラインアップ,https://news.yahoo.co.jp/articles/5c0cd8d4503aa1cfb9a29d66da69b4ebf477752a,2/16(金) 11:15
ssnp,食品産業新聞社ニュースWEB,八天堂「ホワイトデーギフト」オンライン販売開始、「Thank youくりーむパン」「フレンチトースト」など人気のスイーツパン詰合せ,https://news.yahoo.co.jp/articles/955a7c8c4238f68d1009ae524c43e9a502ff233c,2/15(木) 16:57
ssnp,食品産業新聞社ニュースWEB,NewDays、2月20日「いろいろデリ」発売、「いろいろなシーンで」「選べる楽しさいろいろ」の多数の新商品を展開,https://news.yahoo.co.jp/articles/d9c8833a40f822767735be0528e5286e9340bf70,2/15(木) 15:55
ssnp,食品産業新聞社ニュースWEB,赤城乳業「かじるバター&クッキー」発売、かじるバターアイス新商品、コクのあるバターアイス×発酵バタークッキー使用の“王道の組み合わせ”、デジタルギフトなど当たるSNSキャンペーンも,https://news.yahoo.co.jp/articles/3ba3bb8153be7629abce610492426b3d61187317,2/15(木) 15:41
ssnp,食品産業新聞社ニュースWEB,カルディ「ネコミニ缶」発売、ネコ組飴・ストロベリー風味キャンディ入り、「グランマワイルズ ビスケットアソート」も/猫の日2024,https://news.yahoo.co.jp/articles/0d1c8e724d3a70bc5b9c3df9b264dd2a83860b1b,2/15(木) 15:25
ssnp,食品産業新聞社ニュースWEB,パステル「ポムポムプリン」コラボ2024年3月開催、「ポムポムプリンの2段ケーキ」やなめらかプリンアラモード・プチバッグなど発売/サンリオ,https://news.yahoo.co.jp/articles/50e8eb47599ad820f774be58fa829ae966b2aebf,2/15(木) 14:19
ssnp,食品産業新聞社ニュースWEB,シャトレーゼ“ホワイトデーケーキ2024”ラズベリー×チョコクリーム「ホワイトベリーデコレーション」「3種のショコラモンブラン」発売、焼き菓子のアソートも,https://news.yahoo.co.jp/articles/e4d75a8afbed410482b64d5e04180d4ecf24656b,2/15(木) 13:01
ssnp,食品産業新聞社ニュースWEB,"湖池屋、「湖池屋春のスペシャルアソート」発売、3,800円以上購入の先着1万人に「スリーポリンキーズトートバック」配布、販売は湖池屋オンラインショップ限定",https://news.yahoo.co.jp/articles/d0e36add35f9943652eb82209a916e088b766fd8,2/15(木) 12:05
ssnp,食品産業新聞社ニュースWEB,カルディ、2024年ホワイトデー向けギフト商品展開、クッキーアソートやキャンディ缶など多数の商品をラインアップ,https://news.yahoo.co.jp/articles/a90c0619a4c83b87aa0d64541d56c1fe85081dbc,2/15(木) 11:40
ssnp,食品産業新聞社ニュースWEB,松屋「シャリアピンソースハンバーグ定食」発売、洋食定番ソースを和風仕立ての“ガツンと系”に、じゃがいものグラタン“ドフィノワーズ”を添えて提供,https://news.yahoo.co.jp/articles/4bd1770fdc3ac416a5f13fb319024758b65c3fb4,2/15(木) 11:21
ssnp,食品産業新聞社ニュースWEB,ハーゲンダッツ ジャパン、「創業40周年プロジェクト」、2024年年間を通じて「40周年記念商品」「期間限定ショップ」「SNSキャンペーン」など展開、2月15日には「40周年記念サイト」開設,https://news.yahoo.co.jp/articles/a0c43ea307c312091c1d30a2b93db20da2406085,2/15(木) 11:14
ssnp,食品産業新聞社ニュースWEB,イタリアの老舗チョコレート「カファレル」、ウサギやリスのデザイン缶にチョコを詰めた「プリマベーラコレクション2024」展開,https://news.yahoo.co.jp/articles/883d45f5f867daba421a43e1f423d1e40362893b,2/15(木) 11:13
ssnp,食品産業新聞社ニュースWEB,「コカ・コーラ」の缶や瓶、「ミニッツメイド クー」パウチなど価格改定、45品目対象に5月1日出荷分から、改定率は3～40%/コカ・コーラボトラーズジャパン,https://news.yahoo.co.jp/articles/a1550a909815c91381091bea9bd7644ba363b807,2/14(水) 17:51
ssnp,食品産業新聞社ニュースWEB,「ジョージア」ペットボトルコーヒー、2024年春は“香り”に着目し100回以上の試作を経てリニューアル、前年は4億本突破で勢い/コカ・コーラシステム,https://news.yahoo.co.jp/articles/a46bffb596118576b5b7c746213430df6736023f,2/14(水) 17:50
ssnp,食品産業新聞社ニュースWEB,カルビー「ポテトチップス」丸鶏がらスープ味/CookDo香味ペースト味を発売、「味の素」初のコラボ菓子、SNSで商品当たるキャンペーンも,https://news.yahoo.co.jp/articles/dddccdf9d369fea5a1856389d4d9cdfd092461c7,2/14(水) 17:08
ssnp,食品産業新聞社ニュースWEB,ほっともっと「四川麻婆豆腐&炒飯弁当」2月21日発売、中華料理の人気メニューをセットに、白ごはん変更・唐揚げ追加トッピングも,https://news.yahoo.co.jp/articles/b3a903700d86432ab868c36b55f6c09fa813eecc,2/14(水) 17:05
ssnp,食品産業新聞社ニュースWEB,伊勢丹「コジコジ缶」発売、さくら風味クッキー入り、2月21日から通販サイトなどで販売、「物知りハンドブック」ステッカー付き/青山デカーボ,https://news.yahoo.co.jp/articles/ccdda2608e4e4a260836a62285944ae70a4d2e4c,2/14(水) 16:35
ssnp,食品産業新聞社ニュースWEB,はま寿司 14種類の具材「ひな手巻きセット」発売、「すみっコぐらし とび出すひな壇カード」配布も/ひな祭り2024,https://news.yahoo.co.jp/articles/549d2736d555d9896a34512c9d67898b4f1d1d23,2/14(水) 14:45
ssnp,食品産業新聞社ニュースWEB,かっぱ寿司、「かっぱの本鮪&のどぐろ祭り」2月22日開催、「本鮪中とろ」1貫や「のどぐろ塩炙り」1貫を税込110円で提供、「本鮪・みなみ鮪中とろ 2種食べ比べ」なども提供,https://news.yahoo.co.jp/articles/a68025215212df497236868b8f676c028e463751,2/14(水) 13:52
ssnp,食品産業新聞社ニュースWEB,リンツ「リンドール さくら&クリーム」発売、ホワイトチョコレートの中に桜風味フィリング、春限定パッケージのギフト商品も,https://news.yahoo.co.jp/articles/9ab8e047ae53d3469ecff964145129dd2d131dff,2/14(水) 12:01
ssnp,食品産業新聞社ニュースWEB,パイン「調製豆乳キャンディ」3月4日発売、パインアメ×マルサンアイ豆乳のコラボ商品、「パインアメ風味の豆乳飲料」も登場,https://news.yahoo.co.jp/articles/46d58f2f2475b771ab860f08f9f8134e38c249d4,2/14(水) 11:55
ssnp,食品産業新聞社ニュースWEB,KFC、2月21日から550円で「チキンフィレバーガーセット」販売、通常セット価格より300円値引き、期間は3月12日まで,https://news.yahoo.co.jp/articles/d44e108330eec5dcd848b8dab70ac2ffb79a2a64,2/14(水) 11:35
ssnp,食品産業新聞社ニュースWEB,「豆乳飲料 パインアメ」3月1日発売、マルサンアイとパインの初コラボ、ロングセラー商品を豆乳で再現,https://news.yahoo.co.jp/articles/eac8728823997796b052583cb177bfbec828f864,2/14(水) 11:10
ssnp,食品産業新聞社ニュースWEB,ミニストップ「大感謝祭」開催、2月16日からは「Xフライドポテト1.5倍増量」、3月2日の「ミニストップの日」に合わせて増量や値引き、アプリのイベントなどを開催,https://news.yahoo.co.jp/articles/87774e4db9b48f9ead3d3fe87d09c6c0d3ce1f22,2/14(水) 10:49
ssnp,食品産業新聞社ニュースWEB,スタバ“桜グッズ2024”先行販売スタート、2月15日からオンラインストアで、マグカップ・ステンレスボトル・保冷ショッパーなど/SAKURA2024,https://news.yahoo.co.jp/articles/2449c2bf7a8bd5ed6ed88199a6b927516d0a81d7,2/14(水) 7:40
ssnp,食品産業新聞社ニュースWEB,「チョコボール」おもちゃのカンヅメをリニューアル、“キョロちゃん”型のガチャ「キョロガチャ缶」2月17日から登場/森永製菓,https://news.yahoo.co.jp/articles/fb34b7a2bf68963ff94a4b390158ca66f4bccfbe,2/13(火) 18:17
ssnp,食品産業新聞社ニュースWEB,カルディ 2024年「スプリング缶」「スプリングサークル缶」発売、春をイメージしたパステルカラーの缶に焼き菓子を詰め合わせ,https://news.yahoo.co.jp/articles/a0cbbd0367f24a6ac2b546135d7f79ec16a75f64,2/13(火) 17:12
ssnp,食品産業新聞社ニュースWEB,湖池屋「完全メシ カラムーチョ ホットチリ味」一般発売、日清食品と共同開発、33種類の栄養素とおいしさのバランスを追求,https://news.yahoo.co.jp/articles/cae43980b58f9ace46cda4f05426bd2fb516ddd4,2/13(火) 15:45
ssnp,食品産業新聞社ニュースWEB,プロント さくら色ドリンク&和風モンブラン2月27日発売、「さくらミルクティー」「さくら梅スカッシュ」「さくらモンブラン」を提供,https://news.yahoo.co.jp/articles/5f6b853329657dccb3696dfb62a81c7f30e3e9f7,2/13(火) 14:35
ssnp,食品産業新聞社ニュースWEB,協同乳業、「のむメイトーのなめらかプリン」2月26日コンビニ先行発売、「メイトーのなめらかプリン」発売25周年商品、「なめらかプリン」の味わいを忠実に再現,https://news.yahoo.co.jp/articles/c16ace25a70a4c85ab0b650c0c3c7cd9fb7d1004,2/13(火) 12:56
ssnp,食品産業新聞社ニュースWEB,不二家「BE@RBRICK招き猫ペコちゃん 福 黒」抽選販売2月13日スタート、新色“重厚感のある黒”福・開運・大吉などの文字をデザイン,https://news.yahoo.co.jp/articles/eaf4ac2d4b90bf928dcc63c506bc654210461dad,2/13(火) 12:03
ssnp,食品産業新聞社ニュースWEB,小僧寿し2月13日から平日限定「贅沢一番フェア」、贅沢ネタ「ほうぼう」2貫を含む12貫セットで税込749円、「まぐろ」や「サーモン」「いくら」など人気ネタも一緒に味わえる,https://news.yahoo.co.jp/articles/22afbb2cf35904d538c130846356043230abdbb6,2/13(火) 11:38
ssnp,食品産業新聞社ニュースWEB,コージーコーナー「紅ほっぺ苺を使った贅沢ショート」発売、旬のいちごを使用した春限定ショートケーキ,https://news.yahoo.co.jp/articles/f3b65d2b272e8154f8769d166cade31d1e67705e,2/13(火) 11:37
ssnp,食品産業新聞社ニュースWEB,タイ料理店「マンゴツリー」監修、プリマハム「ストックディッシュ」2品発売、「ガパオ」と「グリーンカレー」、本格的なタイ料理の味わいが楽しめる,https://news.yahoo.co.jp/articles/5efe8339790988c5d51d093d4d1029d852a6c574,2/13(火) 11:01
ssnp,食品産業新聞社ニュースWEB,はま寿司「のどぐろと春旬さきどり祭り」開催、炙りのどぐろが110円、「釜揚げしらす軍艦」「はまぐり」「桜えび軍艦」など春が旬のメニューも発売,https://news.yahoo.co.jp/articles/c6292dece62082ce75e6d87ad8fa6bf08e9da511,2/13(火) 10:57
ssnp,食品産業新聞社ニュースWEB,カルディ「ネコの日バッグ 2024」オンライン抽選受付スタート、ニットのトートバッグは黒と茶色、ネコの足跡が浮かびあがる「蛍手ネコマグカップ」、くろねこケーキや紅茶など,https://news.yahoo.co.jp/articles/753f028d2e9c04fdbd0334eca8b3ed7a836e16be,2/13(火) 7:40
ssnp,食品産業新聞社ニュースWEB,ローソン 2月13日「盛りすぎ!ジューシーハムサンド」など“47%増量”の4品発売、焼きそばパン・和風シーチキンマヨネーズおにぎり・カツカレー/盛りすぎチャレンジ2024,https://news.yahoo.co.jp/articles/8a50a7489d73fffd7e105672ef896d16b1dc71f9,2/12(月) 9:40
ssnp,食品産業新聞社ニュースWEB,ヨックモック、桜デザインの缶入りさくらクッキー「ドゥーブルショコラオゥサクラ」2月15日発売、入学・就職など新しい門出のお祝いにも,https://news.yahoo.co.jp/articles/62866e1bc5a74a44c57d85c9061fec2407629b22,2/11(日) 9:40
ssnp,食品産業新聞社ニュースWEB,紀ノ国屋「スイーツポーチ(全6色)」2月9日発売、スペシャルクッキー・パウンドケーキ・マドレーヌを詰め合わせ,https://news.yahoo.co.jp/articles/8a1def41bb5e35f7f8d7b908952aeee01bc0463b,2/9(金) 18:55
ssnp,食品産業新聞社ニュースWEB,幸楽苑「ディナーセット」お客様感謝祭第2弾開催、Wギョーザセット・チャーハンなどを通常より安い特別価格で販売,https://news.yahoo.co.jp/articles/1e967087779a81997a339ce0f5835a66f533e5b9,2/9(金) 15:51
ssnp,食品産業新聞社ニュースWEB,森永製菓「おつまみ堅焼きおっとっと〈ごま油味〉」発売、かどや製油「純正ごま油」とコラボ、お酒のおつまみにも合うスナック菓子,https://news.yahoo.co.jp/articles/28a82ef5358bdfbd3722b78a30c20a0e41db3fd6,2/9(金) 15:10
ssnp,食品産業新聞社ニュースWEB,スタバ 白桃&ストロベリー果肉を使った「ピーチトランクイリティ ティーフラペチーノ」、茶に特化した「ティー&カフェ」10店舗で2月15日発売,https://news.yahoo.co.jp/articles/e20f52165e84e50fd3bf01d501a37071f521c460,2/9(金) 15:00
ssnp,食品産業新聞社ニュースWEB,ファミマ「ファミリ～にゃ～ト大作戦!」2月13日開始、mofusandコラボスイーツ・グッズが“ねこの日”に合わせて登場、コラボちゅ～るやクロネコヤマトのチョコケーキなども販売/ファミリーマート,https://news.yahoo.co.jp/articles/bcbc35b7b3678398f7b7e9abfc9185b367af91e8,2/9(金) 14:10
ssnp,食品産業新聞社ニュースWEB,カルディ「オリジナル鍋敷きミトン」プレゼント、4000円以上の注文を対象に オンラインストア限定で2月9日から,https://news.yahoo.co.jp/articles/83543918cd6690d09ddd2996e612bf5c1969fdc4,2/9(金) 12:02
ssnp,食品産業新聞社ニュースWEB,サントリー緑茶「伊右衛門」、本体史上で過去最高レベルの濃さへ刷新、茶葉1.5倍・旨み抹茶3倍に/サントリー食品インターナショナル,https://news.yahoo.co.jp/articles/a4d59b5c47da76ceeeb1b1a628aeb0f5aee47728,2/9(金) 11:32
ssnp,食品産業新聞社ニュースWEB,ローソン「盛りすぎ!バスチー」2月12日夕方ごろ発売、値段そのまま47%増量“盛りすぎチャレンジ2024”第2弾,https://news.yahoo.co.jp/articles/b6b9c3d33f9950bc526c01e799f728c987122b18,2/9(金) 11:13
ssnp,食品産業新聞社ニュースWEB,マクドナルド「ひとくちチュロス」2024年も発売、チョコクリームを“とろーりなめらか”にリニューアル、CMには3年連続で岡田将生と伊藤沙莉が出演,https://news.yahoo.co.jp/articles/1ff8d6bb00b2b4f050e1ac5e65d7bd305e7d3035,2/8(木) 17:29
ssnp,食品産業新聞社ニュースWEB,“ロッテリアの平日昼ランチ”スタート、650円～730円でハンバーガーとポテトM・ドリンクM、通常のセットから約100円引き、「絶品チーズバーガー」や平日ランチ限定「ダブルてりやきバーガー」など8種から選べる,https://news.yahoo.co.jp/articles/7cdabaa709e4ae4b88034e60879dc8182cb18249,2/8(木) 16:53
ssnp,食品産業新聞社ニュースWEB,カルビー「ピザポテト 明太マヨ風味」発売、人気の季節限定フレーバーが2024年も登場、明太子のコクや濃厚感を感じられるように改良,https://news.yahoo.co.jp/articles/b8c2ea80551ed5ea3dcaa91716c5a1e7494f9938,2/8(木) 16:35
ssnp,食品産業新聞社ニュースWEB,喜多方ラーメン坂内、2月14日「10種野菜のポカポカ味噌ラーメン」発売、10種類の野菜と「トロうま焼豚」5枚トッピング,https://news.yahoo.co.jp/articles/09f2c87be36f7958ad937622c37510cabf4ceb41,2/8(木) 16:30
ssnp,食品産業新聞社ニュースWEB,赤城乳業、2月13日「ソフト君伝説のプレミアムキャラメル」発売、外はビターキャラメルアイス、中はミルクキャラメル氷の2種類の味が楽しめる,https://news.yahoo.co.jp/articles/a0899118bf0b2c002fad299bc39cdb838ecd3a2b,2/8(木) 14:30
ssnp,食品産業新聞社ニュースWEB,大塚食品、3月にカレーうどん専用の「ボンカレー」初めて発売、汁ありと汁なしの2種類を用意、「ボンカレー 旨みを味わうカレーうどんの素」2品,https://news.yahoo.co.jp/articles/6cba3cbc5b76a6acb1786177baf7a01b594c283e,2/8(木) 13:46
ssnp,食品産業新聞社ニュースWEB,カフェ・ベローチェ“猫の日”記念「黒ねこグッズ」登場、2月22日にエコバッグ発売、3月9日には「黒ねこまみれグッズ」でトートバッグ・フェイスタオル・巾着をセット販売,https://news.yahoo.co.jp/articles/3f8eace23f976e69a515c6e422c51469df910e4e,2/8(木) 13:11
ssnp,食品産業新聞社ニュースWEB,ミニストップ、2月9日「パンケーキソフト」「いちごパンケーキソフト」を発売、ソフトクリームバニラにパンケーキを合わせたスイーツ、「いちご」はとよのかいちごをカットしてトッピング,https://news.yahoo.co.jp/articles/44e598b42dbf84ef8467fc0f530c555954231eb9,2/8(木) 13:10
ssnp,食品産業新聞社ニュースWEB,スタバ、初の3色だんごを使った「花見だんごフラペチーノ」2月15日発売、“最後までもちもち食感”2024年SAKURAシーズン開始、ホットドリンク「花見さくらクリーム」も,https://news.yahoo.co.jp/articles/e134d9b5b6bc4a877f1ad77db8aa9b3e495ec17d,2/8(木) 12:16
ssnp,食品産業新聞社ニュースWEB,すき家、2月14日「ずわい蟹汁」「海鮮ちゃんぽんうどん」発売、「ずわい蟹汁」は本ずわい蟹の身を使用、「海鮮ちゃんぽんうどん」はイカゲソやえびなど9種類の具材使用の卓上で煮込む商品,https://news.yahoo.co.jp/articles/3ca03439778b1a5ad6698a67141b52efcb66305e,2/8(木) 11:43
ssnp,食品産業新聞社ニュースWEB,ファミリーマート、2月13日「タルタルソースinファミチキ」と「タルタルソースinクリスピーチキン」発売、ファミチキ初の「中に液体ソース」、タルタルソースはすっきり爽やかな酸味,https://news.yahoo.co.jp/articles/f9e1a1d7554c72e5d5c8b0985157ff291d540c12,2/8(木) 11:01
ssnp,食品産業新聞社ニュースWEB,ドミノ・ピザ「ドミノの100円ウィーク!」開催、デリバリーピザ・マイドミノなど1品購入でもう1品が“100円”に、同カテゴリー2品注文対象に,https://news.yahoo.co.jp/articles/2791e84e7478379ede5b7dd95cfdda6035192099,2/8(木) 10:56
ssnp,食品産業新聞社ニュースWEB,シャトレーゼ“ひな祭りケーキ”2024、「プレミアム苺フレジェ」「きらぴ香苺のフリルデコレーション」など,https://news.yahoo.co.jp/articles/f9e2d6f0becaa65df4a62aebd65738f0a5f0199f,2/7(水) 18:55
ssnp,食品産業新聞社ニュースWEB,KDDIがローソンにTOBで50%を取得し三菱商事と共同経営に、最新テクノロジーで未来のコンビニ目指す,https://news.yahoo.co.jp/articles/9b23465e0649762b1cec0adedcfe570813e6da76,2/7(水) 18:41
ssnp,食品産業新聞社ニュースWEB,ゴディバ「ゴディバ タルトショコラ -春夏-」2月16日発売、まるでタルトのような新感覚のチョコレート、新フレーバー「ラズベリー&チョコレート」登場,https://news.yahoo.co.jp/articles/0c0caca84149b251c43de15f4f9c2e56bc6c39bb,2/7(水) 17:17
ssnp,食品産業新聞社ニュースWEB,ゴディバ「2024年ホワイトデーシーズン」限定チョコレート2月16日発売、ホワイト・ブラックコレクションや初登場の「ブラック コレクション プレミアムボックス」展開,https://news.yahoo.co.jp/articles/b56372b2b913fdf9bd349e0b502c26e18dbbb171,2/7(水) 16:38
ssnp,食品産業新聞社ニュースWEB,イオン、2024年「バレンタイン」、チルドのオリジナルスイーツ6品目を展開、「ベルギー産チョコレートのマドレーヌ」「ベルギーチョコのガトーショコラ」「なめらか生チョコトリュフ」など,https://news.yahoo.co.jp/articles/bf2cd4d59c9aa02e6c9bf54000b90fb20decba2d,2/7(水) 16:05
ssnp,食品産業新聞社ニュースWEB,カネテツデリカフーズ、練り製品「ほぼホタテ特製シーザーソース付」「チーズinほぼタラバ」3月1日発売、本物のような味、食感、見た目を再現したかまぼこ,https://news.yahoo.co.jp/articles/2b687ad5228a74f21dbe74df6ab42546b088f53a,2/7(水) 15:16
ssnp,食品産業新聞社ニュースWEB,カルビー「チーズビット」2024年も登場、濃厚チーズ感をアップした「チーズビット コクうまチェダーチーズ味」を2月12日からコンビニ先行発売,https://news.yahoo.co.jp/articles/2016021702f7f8443dfb71951729e96262b488fa,2/7(水) 15:08
ssnp,食品産業新聞社ニュースWEB,マルエツ、2月10日と11日に「北陸応援フェア」開催、北陸の有名駅弁や名産品、銘菓を用意、収益の一部を被災地域復興へ、マルエツの214店舗で開催,https://news.yahoo.co.jp/articles/6cbd24b05478a5dd5879a9ac50de6fd1e74f2f2f,2/7(水) 14:20
ssnp,食品産業新聞社ニュースWEB,天丼てんや、2月28日「桜海老天丼」発売、「桜海老」を使ったかき揚げに加え「さわら」や「たけのこ」など春を感じる食材を集める、「ほたて」「ひらさやいんげん」も使用,https://news.yahoo.co.jp/articles/cfde70eacd3800167637f09871ab10992dfcc1bc,2/7(水) 13:52
ssnp,食品産業新聞社ニュースWEB,ローソンストア100、2月14日「だけ弁当 焼鳥」、2月21日「だけ弁当 チキンナゲット」発売、シリーズ累計500万食突破記念、各1週間限定、税込216円,https://news.yahoo.co.jp/articles/f8da72043e4a0608ed32d7e9fb5e8d05a372d80f,2/7(水) 13:06
ssnp,食品産業新聞社ニュースWEB,カルディ ネコ柄の陶器に菓子を詰めた「キャットキャニスター」「米粉いりクッキー 」など、猫の日(2月22日)にちなみ発売,https://news.yahoo.co.jp/articles/962fd87e4eb051c90f78be2336c72a5130a572b9,2/7(水) 12:59
ssnp,食品産業新聞社ニュースWEB,すき家「海鮮ちゃんぽんうどん」発売、イカゲソ・えびなど9種具材の熱々うどん、チーズ・キムチトッピングも,https://news.yahoo.co.jp/articles/6aa831763524e7970e4424804cd6719e6c01aa0e,2/7(水) 12:19
ssnp,食品産業新聞社ニュースWEB,なか卯、2月14日「海鮮アボカド丼」「海鮮ちらし丼」発売、甘えび、まぐろ、サーモン、いかを“たっぷり”使用、「海鮮ちらし丼」は並690円から,https://news.yahoo.co.jp/articles/7534285ffafe4d75401c1bb8073a9a563e7a6a4e,2/7(水) 11:39
ssnp,食品産業新聞社ニュースWEB,イオンリテール、2月9日からゴディバ監修「THE チョコレートタルト～スイートキャラメル～」発売、チョコレートタルトに香ばしいキャラメルムースを絞る、本州・四国のイオンなど約400店舗で展開,https://news.yahoo.co.jp/articles/ae2d2e29049de09ac3c981a2ca5f2c7e51fb530f,2/7(水) 11:16
ssnp,食品産業新聞社ニュースWEB,"FOOD & LIFE COMPANIES、2月5日に石川県輪島市内3カ所で「京樽助六」など約5,000食を提供",https://news.yahoo.co.jp/articles/cc203cf5c22087d82b6ea67c2a9bd68f4914120f,2/7(水) 10:41
ssnp,食品産業新聞社ニュースWEB,オリジン「冷凍のり弁当」イオンで発売、弁当人気No.1「のり弁」が冷凍食品に、具材はちくわの磯辺揚げ・タルタルソース&白身フライなど,https://news.yahoo.co.jp/articles/52ceacaab286f089e599328e9e3559711fec09d0,2/7(水) 10:39
ssnp,食品産業新聞社ニュースWEB,築地銀だこ、2月15日に新作プレミアムクロワッサンたい焼「濃い あまおう いちごみるく」発売、「福岡県産あまおう」果肉使用、生地に「いちご」を練り込み、果肉入りいちごフィリングを包む,https://news.yahoo.co.jp/articles/fbad098e99b6e9ca7fe1bb4529c68dc574471b10,2/7(水) 10:25
ssnp,食品産業新聞社ニュースWEB,伝説のすた丼屋、「肉の日キャンペーン」2月は2回開催、2月9日と2月29日、対象商品を肉増し相当の肉50%増量,https://news.yahoo.co.jp/articles/e973dd573918614ec6d7d5714eb1b8eed290c9d8,2/6(火) 17:52
ssnp,食品産業新聞社ニュースWEB,セブンイレブン「シナモロール」ヘアゴム配布、シナモン・みるく・カプチーノやルロロマニックなどデザイン/サンリオ,https://news.yahoo.co.jp/articles/cc28a60782f8a2645140e562eb3073676b828118,2/6(火) 17:31
ssnp,食品産業新聞社ニュースWEB,かっぱ寿司「かっぱの冬の味覚食べ比べ」開催、活〆寒ぶり・白子・北釧まいわしや「冬の味覚 贅沢三昧」など食べ比べメニュー発売,https://news.yahoo.co.jp/articles/54d51afde96f9e093126501cbddeba26698d3eee,2/6(火) 16:25
ssnp,食品産業新聞社ニュースWEB,くら寿司、2月9日「大間のまぐろと極上寒ぶり」フェア開催、最高品質の国産天然本マグロ「大間のまぐろ上赤身」や「大間のまぐろねぎまぐろ」を用意、寒ぶりは鹿児島県産を提供,https://news.yahoo.co.jp/articles/9c8fea190ae36c761056891896ba221b42a6c6bc,2/6(火) 16:03
ssnp,食品産業新聞社ニュースWEB,2023年家計調査、食料支出が過去最高も物価影響除く実質増減率は4年連続減少に/総務省,https://news.yahoo.co.jp/articles/0f5baa8b855dbddbe1497ba1e791f9f2fb9879c8,2/6(火) 16:03
ssnp,食品産業新聞社ニュースWEB,「コカ・コーラ　ゼロ」新CMにNewJeans、「コカ・コーラマシッタ」と口ずさむ、東京・原宿では“生きてるお店”体験イベントを展開/コカ・コーラシステム,https://news.yahoo.co.jp/articles/9fd5de28c762f91f0e177ef0189c97f07476c003,2/6(火) 15:38
ssnp,食品産業新聞社ニュースWEB,イオン、2月7日「トップバリュ ガトー・ソワイユ ティラミス風ヨーグルト」発売、香りや食感にこだわった贅沢な味わい、カロリーや糖質が少なくヘルシーな商品,https://news.yahoo.co.jp/articles/9f3cd34183eceedd1f178f6236eacf07868b7e7d,2/6(火) 14:26
ssnp,食品産業新聞社ニュースWEB,ローソン限定カップ麺「魁力屋 京都背脂醤油ラーメン」発売、魁力屋×日清食品コラボ再登場、2024年は九条種ネギでおいしさアップ,https://news.yahoo.co.jp/articles/b227ffd3be13d838348346c7c9395b47ae8e0820,2/6(火) 12:13
ssnp,食品産業新聞社ニュースWEB,スシロー、2月7日から定番「ぷちローセット」発売、ミニしゃり寿司5貫にタコさんウインナー、エビフライ、ゼリーと「だっこずしグッズ」付き、子どもだけでなく、少しずつ多くの寿司を楽しみたい大人にもおすすめ,https://news.yahoo.co.jp/articles/9fabab303b333e06b202810bed4a2b2012bdc7a1,2/6(火) 12:04
ssnp,食品産業新聞社ニュースWEB,モスバーガー&カフェ、2月7日「まぜるシェイク いちご&いちじく」発売、スフレパンケーキなども合わせて投入、モスバーガー&カフェは住宅街や繁華街のモスバーガーで全国70店舗展開,https://news.yahoo.co.jp/articles/f87c1ce30b3e478747dead2026cbb6acd6953dde,2/6(火) 11:26
ssnp,食品産業新聞社ニュースWEB,「バーガーキングを増やそう」キャンペーンで10万円プレゼント、“新規出店にぴったりの空き物件情報”紹介で応募、もれなくもらえる「ワッパー チーズ」セットクーポンも,https://news.yahoo.co.jp/articles/1ae803cd8c2766546595f8ef73033c42eecf9214,2/6(火) 10:38
ssnp,食品産業新聞社ニュースWEB,かつや、2月9日「海老マヨとチキンカツの合い盛り」発売、尾付きエビに甘いエビマヨソースを絡めた“海老マヨ”と食べ応えのあるチキンカツを「合い盛り」,https://news.yahoo.co.jp/articles/df7f007e283a837feb46211a90e6bb86a15deabd,2/6(火) 10:30
ssnp,食品産業新聞社ニュースWEB,ロッテリア「エビチーズバーガー」新発売、「エビバーガー」はタルタルソース&バンズをリニューアル,https://news.yahoo.co.jp/articles/2a5d618a1da08caadf0f38e1a1b357abbf7930da,2/5(月) 17:16
ssnp,食品産業新聞社ニュースWEB,ローソン、「盛りすぎチャレンジ」商品展開、値段そのままで47%増量、20日までに計19品を次々発売、5日には「盛りすぎ!プレミアムロールケーキ」,https://news.yahoo.co.jp/articles/27b323bd4e8ea5791baedc3541419014b22d2dd0,2/5(月) 15:52
ssnp,食品産業新聞社ニュースWEB,かっぱ寿司のひな祭り2024「厳選海鮮華ちらし」予約スタート、日本料理 喜多丘監修「具沢山の味わいちらし」も,https://news.yahoo.co.jp/articles/9c8fea6d6af5895c5ab36219d2fac68c5417c941,2/5(月) 15:40
ssnp,食品産業新聞社ニュースWEB,スシロー“税込100円”「北海道産まるごとほたて貝柱」を発売、「大大大大感謝の北海道まつり」開催で、北海道産上いくら・みそラーメンなども登場,https://news.yahoo.co.jp/articles/b0f7c9be261e8e016922235fdf761fe8bc0116b9,2/5(月) 14:54
ssnp,食品産業新聞社ニュースWEB,日東ベスト、初の家庭用冷凍食品「牛丼の具」「牛カルビ焼肉の具」を発売,https://news.yahoo.co.jp/articles/4cb7bc62e8a7a47f51dffd0cc5ea3a019b80fd46,2/5(月) 14:21
ssnp,食品産業新聞社ニュースWEB,"プレナス、義援金1,000万円を石川県、富山県、新潟県、福井県に寄付、「令和6年能登半島地震」避難所に「あたたかいお弁当」等約2万食提供も実施",https://news.yahoo.co.jp/articles/41af8db8acee8d9eb0a49031ea3751cb4d92d8d2,2/5(月) 14:19
ssnp,食品産業新聞社ニュースWEB,ベビースタードデカイラーメンから「お好み焼 道とん堀」監修の「チーズまみれ豚玉味」と「塩焼そば味」発売、初のコラボ「メニューの味を再現」、「200円OFFクーポン」付/おやつカンパニー,https://news.yahoo.co.jp/articles/2a1a483993b6295910998b0c4f25743ddf242912,2/5(月) 14:00
ssnp,食品産業新聞社ニュースWEB,森永製菓、「ハイチュウ」ロゴリニューアルし英語表記の「HI-CHEW」へ、グローバルブランド目指す,https://news.yahoo.co.jp/articles/09b16bb5e45c530ca2bcf7fc79701825006caa7b,2/5(月) 13:18
ssnp,食品産業新聞社ニュースWEB,いきなり!ステーキ、「肉マネークーポン」を2回分もらえる「肉祭り」2月3回開催、2月9日と2月29日の「肉の日」と2月14日の「バレンタインデー」の3回,https://news.yahoo.co.jp/articles/7bfa3e2e23db723ecc1ef20f20d363285efed42d,2/5(月) 12:00
ssnp,食品産業新聞社ニュースWEB,セブンイレブン「スプラトゥーン3」キャンペーン開催、スイーツフェスTシャツ・コジャケぬいぐるみなど抽選で当たる、先着でキーホルダープレゼントも,https://news.yahoo.co.jp/articles/429f61269ee6903b7dbe92ae89a44585bd6a0847,2/5(月) 11:37
ssnp,食品産業新聞社ニュースWEB,カルビー、2月5日「じゃがりこ 梅味」「堅あげポテト 梅味」コンビニ先行発売、今年は梅の味をより楽しめるよう改良,https://news.yahoo.co.jp/articles/68a69b7424ec6d44ff171a075b92f5641eb54200,2/5(月) 11:16
ssnp,食品産業新聞社ニュースWEB,受験生応援動画を食品・飲料メーカーが相次いで公開/大塚製薬、アサヒ飲料など,https://news.yahoo.co.jp/articles/29d89160d76c93a0902a20a688f8c663d8d1f6b3,2/5(月) 10:59
ssnp,食品産業新聞社ニュースWEB,はま寿司“4種の旨ねた”発売、110円ネタに「みなみまぐろ中とろ」「炙りいかげそつつみ」、「まとうだいの天ぷら握り」「広島県産牡蠣握りぽん酢ジュレのせ」も販売,https://news.yahoo.co.jp/articles/f4d69143d58ac2acc591296d0e255de528971128,2/5(月) 10:43
ssnp,食品産業新聞社ニュースWEB,一蘭 家庭用ラーメンの海外販売に注力、豚原料を使わない「100%とんこつ不使用」や「ヴィーガンラーメン」も,https://news.yahoo.co.jp/articles/7e16babefab6a386b4d41f0e65320900f56642a6,2/4(日) 9:40
ssnp,食品産業新聞社ニュースWEB,くら寿司 半数以上が外国人客の「グローバル旗艦店」、回転レーンでの提供維持で差別化も,https://news.yahoo.co.jp/articles/36c7b652f047960f0341c6006cb82d7b7532f3c7,2/3(土) 9:40
ssnp,食品産業新聞社ニュースWEB,カルディ 猫柄ポーチ付き「ニャンコーヒー&吊るせるマルチポーチセット」発売、限定コーヒーは“陽だまりの猫”をイメージ/ネコの日2024,https://news.yahoo.co.jp/articles/78cece6cd419efeb56d7ef5d75a0723ae3a67208,2/2(金) 18:16
ssnp,食品産業新聞社ニュースWEB,ポッカサッポロが能登半島地震の被災地支援、飲料水・カップスープ提供のほか「加賀棒ほうじ茶」の売上一部を寄付へ,https://news.yahoo.co.jp/articles/bf6aee7e7c746d27650fedc3683dded8c3665eb0,2/2(金) 17:40
ssnp,食品産業新聞社ニュースWEB,ハッピーセット「ポケモンメザスタ」「ポケピース」登場、メザスタのスペシャルタグとポケピースのぬりえ&シールが発売、ピカチュウなど人気ポケモンデザイン/マクドナルド,https://news.yahoo.co.jp/articles/6cd587c89c2fecd7c5940a25e4ecb93eec3f53c1,2/2(金) 17:07
ssnp,食品産業新聞社ニュースWEB,かっぱ寿司、2月8日から「かっぱの東北うまいもん祭り」開催、福島県産しらすや宮城県産かつおなど、東北産の商品を提供,https://news.yahoo.co.jp/articles/fecf7a09dc31958ae6116d2bea9bec6405f5eb56,2/2(金) 16:28
ssnp,食品産業新聞社ニュースWEB,ケンコーマヨネーズ、冷凍の和惣菜「WABI-DELI」2品新発売、日本の食文化の魅力を広く発信,https://news.yahoo.co.jp/articles/12ed35d9ce03d744e35fc039bb86038c1192981b,2/2(金) 16:22
ssnp,食品産業新聞社ニュースWEB,ワタミ、「歓送迎会コース」予約受付、「ミライザカ」「鳥メロ」3日前までの早期予約特典で「黒毛和牛すき焼き」など,https://news.yahoo.co.jp/articles/93508d64edf3cf59c7c5425d728c34455133b3f5,2/2(金) 14:28
ssnp,食品産業新聞社ニュースWEB,コージーコーナー“猫スイーツ”三毛猫の丸まった寝姿を表現「みけねこのケーキ」、ネコ柄の缶入り「小ねこサブレ」発売/2024「猫の日」,https://news.yahoo.co.jp/articles/9eaa345c71d6b8b9320dfda38ce67ee9e59cbcdd,2/2(金) 14:14
ssnp,食品産業新聞社ニュースWEB,日本ハムが4月1日から家庭向け商品 93品目などで規格変更・価格改定へ、彩りキッチンロースハムで 21.5%など改定率は 1.1%～27.6%、シャウエッセンは対象外,https://news.yahoo.co.jp/articles/450d694e3c935706c3f2fe480e5374a2e26063df,2/2(金) 13:40
ssnp,食品産業新聞社ニュースWEB,「ミスドネットオーダー限定ドーナツ」発売、ストロベリー&チョコファッション、たっぷりチョコファッション、ダブルクリームフレンチ、カスタード&エンゼルクリームの4商品/ミスタードーナツ,https://news.yahoo.co.jp/articles/c390c61c74c08052a45808f3c6ac78058df12a4b,2/2(金) 11:49
ssnp,食品産業新聞社ニュースWEB,松のや、2月7日「ささみかつ」メニュー各種発売、味噌やおろしポン酢の定食のほか、親子丼やカレーなど豊富なラインアップを用意,https://news.yahoo.co.jp/articles/15c04d97514d71f350c2f2386a2850896618f41f,2/2(金) 10:57
ssnp,食品産業新聞社ニュースWEB,コメダ珈琲店「シロノワール ショコラパッション」発売、辻口博啓シェフ監修の“今だけの特別”メニュー、コク深いショコラソース&甘酸っぱいパッションフルーツソース使用,https://news.yahoo.co.jp/articles/ee4848c5d0a6bdb1d4c68957adc32b1a6a40514b,2/2(金) 10:56
ssnp,食品産業新聞社ニュースWEB,クリスピー・クリーム・ドーナツ「ミルキー シマエナガ」発売、ミルククリームで“雪の妖精”を表現、桜色チョコをトッピング、道内4店舗で販売,https://news.yahoo.co.jp/articles/64b7ee557af05c0bfce452ccb14b4fc692a03cfb,2/2(金) 10:54
ssnp,食品産業新聞社ニュースWEB,不二家、2月5日から「ネクター」発売60周年記念で白桃果汁増量の「ネクター」発売、6日に「ネクターグミ」も、新CMはプロゴルファー上田桃子選手とネクターの妖精「ももぺこ」登場,https://news.yahoo.co.jp/articles/fd911e84c6149d0422dafdd7527c4dfe2aaaacaf,2/2(金) 10:32
ssnp,食品産業新聞社ニュースWEB,NewDays 値段そのまま“うれしい増量フェス”2024年も開催、40%増量「ねぎとろおにぎり」・ハム2倍「ハムチーズたまごサンド」など13品対象に2月6日から,https://news.yahoo.co.jp/articles/503530e036c4438e476f31f5c3d9e9ba9a3d547f,2/1(木) 18:04
ssnp,食品産業新聞社ニュースWEB,不二家2024年「ひなまつりセール」開催へ、ペコちゃん&ポコちゃんの「ひなまつり桃色ショートケーキ」、桜舞う苺のロールケーキ・苺のご褒美イタリアンショートケーキ・アンパンマンショートケーキなど発売,https://news.yahoo.co.jp/articles/3df48c1a293e82ac62a3db79afc55f7a4f8e721a,2/1(木) 17:21
ssnp,食品産業新聞社ニュースWEB,“アップサイクル水引”を販売開始、紙資源や間伐材からできた創作アクセサリー/一般社団法人アップサイクル×「東京水引」,https://news.yahoo.co.jp/articles/c342f3816b690fdbc7712aa05ddcebd5bc998061,2/1(木) 17:20
ssnp,食品産業新聞社ニュースWEB,“ロッテリアの苺フェア”2月8日スタート、「あまおう」のパイやパフェシェーキ、「絶品ミートソースバーガー」「エビチーズバーガー」も同日発売,https://news.yahoo.co.jp/articles/2c432e5642eb17e73f5792f56605a6fdb9eb9133,2/1(木) 16:16
ssnp,食品産業新聞社ニュースWEB,キリンビバレッジ、花王の「ヘルシア」事業譲り受け、8月から製造・販売を開始予定、キリンは「ヘルスサイエンス領域の強化」、花王は「事業ポートフォリオの強化の一環」として実施,https://news.yahoo.co.jp/articles/3038db5a128887cef478f9b45e0a7701c4ab9d90,2/1(木) 15:02
ssnp,食品産業新聞社ニュースWEB,ハウス食品が「カレーの街よこすか」で出前授業、カレーで食品ロス削減やSDGsに貢献,https://news.yahoo.co.jp/articles/c89bdf14090e61261e9a821a6e599f454dc8cd21,2/1(木) 14:50
ssnp,食品産業新聞社ニュースWEB,カルディ、2月1日「レトロアメリカン スープマグ」発売、カラーは「ジェイドグリーン」と「ダークアイボリー」の2色、そのほか「プルドポーク」や「ガンボ」など「アメリカンダイナー」の味が楽しめる新商品も登場,https://news.yahoo.co.jp/articles/b30bce9a04dcb3a8a1983f0b940e237598fd36b8,2/1(木) 14:17
ssnp,食品産業新聞社ニュースWEB,モスバーガー、タンパク質32g「新きんにくにくバーガー」と3種の肉を使った「にくにくにくバーガー」2月9日・2月29日で終売,https://news.yahoo.co.jp/articles/843dec8a965da123ff0e4ff92e4117b03b6c2bf8,2/1(木) 13:09
ssnp,食品産業新聞社ニュースWEB,モスバーガー、2月7日「辛旨 ヤンニョムのとり竜田バーガー ～なめらかチーズソース～」発売、ヤンニョムソースとなめらかなチーズソースを使用,https://news.yahoo.co.jp/articles/ee75b4a04133185ae46d6c847e37d50535d3e9e9,2/1(木) 12:51
ssnp,食品産業新聞社ニュースWEB,スシローのひな祭り2024「10種の海鮮ひなちらし」予約スタート、サーモン・まぐろ・いか・甘えび・ほたて貝柱・煮穴子など、1人前と3人前選べる,https://news.yahoo.co.jp/articles/b7c8dd6c972e371e0c0d74e8fd4d2bd37e0a85df,2/1(木) 12:51
ssnp,食品産業新聞社ニュースWEB,"バーガーキング、2月2日から総カロリー1,637kcalの「グレートキング・イエティ ザ・ワンパウンダー」発売、ビーフパティ4枚とゴーダチーズスライス6枚など使用、総重量550g",https://news.yahoo.co.jp/articles/dfb9528bed3e450af020e7b1deacc013f1c99582,2/1(木) 12:03
ssnp,食品産業新聞社ニュースWEB,餃子の王将、2月1日から「野菜煮込みラーメン」発売、被災地復興応援メニューとして1杯につき80円を寄付,https://news.yahoo.co.jp/articles/daaf708214fe768be617d1ce9e067a81010104ec,2/1(木) 11:21
ssnp,食品産業新聞社ニュースWEB,コージーコーナー×ロッテ「紗々ミルクレープ」発売、毎年人気のコラボスイーツが2024年バレンタインに登場、「ケーキになったチョコパイ」販売も,https://news.yahoo.co.jp/articles/947988bbca65ce220a86bb90ce27b932b41c4b69,2/1(木) 11:00
ssnp,食品産業新聞社ニュースWEB,やおきん、「うまい棒45周年」記念第1弾、Xでポイントをためて抽選に応募、1人に「うまい棒45年分」が当たる,https://news.yahoo.co.jp/articles/856bd7852015e24239557751d91fb99746640c8f,2/1(木) 10:02
ssnp,食品産業新聞社ニュースWEB,シャトレーゼ 2月限定ケーキ「宮城県産もういっこ苺のデコレーション」発売、デコポンやブルーベリーなどもトッピング,https://news.yahoo.co.jp/articles/7b1865477eb5723977d39ad24bf2af7c5c250e81,1/31(水) 17:47
ssnp,食品産業新聞社ニュースWEB,農林水産物・食品の2023年輸出実績が11年連続過去最高、伸びは鈍化傾向に/農林水産省,https://news.yahoo.co.jp/articles/187e59a10563612cee55c1783796385612ecd635,1/31(水) 17:46
ssnp,食品産業新聞社ニュースWEB,味の素、一食完結型の宅配冷凍弁当「あえて、」発売、イングリウッド社との協業でサブスクリプションサービスを提供、週に1回の配達を行う,https://news.yahoo.co.jp/articles/73090073964745befbd61bbd1a80488fb5158345,1/31(水) 16:49
ssnp,食品産業新聞社ニュースWEB,豊洲市場隣接の「千客万来」2月1日オープン、24時間営業の温泉施設＆飲食店など65テナント、インバウンドにも期待/万葉倶楽部,https://news.yahoo.co.jp/articles/33b8d3ae1ff72d61ac270b66462e7b6cd557f2c2,1/31(水) 16:12
ssnp,食品産業新聞社ニュースWEB,コージーコーナー×ロッテ「ケーキになったチョコパイ」発売、ロッテの“チョコパイ”が洋菓子店らしいケーキ仕立てで登場,https://news.yahoo.co.jp/articles/7c66dd472c8a72584863b75a1e40f3612e917563,1/31(水) 15:51
ssnp,食品産業新聞社ニュースWEB,ローソンストア100、2月前半新商品「でかっ!高岡大仏コロッケ弁当」「五目いなりおにぎり」など、多数を発売,https://news.yahoo.co.jp/articles/ff888cadc78273a10342cd501cae8d1b7a238fe6,1/31(水) 15:25
ssnp,食品産業新聞社ニュースWEB,日清食品冷凍、まぜ麺新商品は「たまごかけまぜそば」、「スパ王プレミアム」シリーズのリニューアルも,https://news.yahoo.co.jp/articles/538a0b58470658c888c95f43cd9eb1b66810e5e6,1/31(水) 13:46
ssnp,食品産業新聞社ニュースWEB,なか卯、2月7日に「けいらんうどん」発売、なか卯の親子丼の具をうどんで楽しめる新商品,https://news.yahoo.co.jp/articles/92359f489f0679484de1551a8627222407705cd6,1/31(水) 12:03
ssnp,食品産業新聞社ニュースWEB,日本フードパッカーが道南工場を新設、年間処理頭数36.8万頭規模に,https://news.yahoo.co.jp/articles/b2ffea0c189fb381e980528f6e65d5a2426f716d,1/31(水) 12:01
ssnp,食品産業新聞社ニュースWEB,ロイズのバレンタイン催事出店2024、生チョコレートやスイートアソートメント、チョコクッキーなど各地百貨店で販売,https://news.yahoo.co.jp/articles/1eaf796a0a2a841f2b8502e93789b5069c14cb7b,1/31(水) 11:59
ssnp,食品産業新聞社ニュースWEB,イオン、「お客様におすすめしたいトップバリュ商品」50商品公表、従業員22万人がアンケートで回答、「トップバリュ」「トップバリュ グリーンアイ」「トップバリュベストプライス」の3ブランドから,https://news.yahoo.co.jp/articles/2ad7fec9a2a35453175bcb2f777a345afadd935b,1/31(水) 11:41
ssnp,食品産業新聞社ニュースWEB,ポケモンパンの2024年バレンタイン「ピカチュウのトリプルチョコパン」登場、チョコレートを持ったピカチュウをデザイン/第一屋製パン,https://news.yahoo.co.jp/articles/54b0d884800260b3c49045f3830d611a6e327c6e,1/31(水) 10:36
ssnp,食品産業新聞社ニュースWEB,物流の適正化・生産性向上に向け清涼飲料業界が自主行動計画を策定/全国清涼飲料連合会,https://news.yahoo.co.jp/articles/17caa3a786add7511cca9f88813b32e9da38e526,1/30(火) 17:20
ssnp,食品産業新聞社ニュースWEB,"アイリスオーヤマ、石川県に1,000万円寄附、1月30日には「低温製法米のおいしいごはん 180g」4万960食を出荷",https://news.yahoo.co.jp/articles/a40f1b09b92667f22663dc11dbaa7accd5410e59,1/30(火) 17:13
ssnp,食品産業新聞社ニュースWEB,コーヒーの「ジョージア」が脳神経科学の知見でコーヒーの香りを測定解析、「感情に作用するコーヒーの香り」現行品と改良品で効果検証試験実施、九州大学発のベンチャー企業と共同研究/日本コカ・コーラ,https://news.yahoo.co.jp/articles/22b676a12a33d23176a1d61b4a9b64614a9580c9,1/30(火) 16:20
ssnp,食品産業新聞社ニュースWEB,スターバックスとサントリー、2月6日にチルドカップ「スターバックス さくら抹茶 with さくらジェリー」発売、抹茶とミルクとさくらジェリーの組合わせ、ピクニックセットやトートバックが当たる抽選企画も実施,https://news.yahoo.co.jp/articles/390a2640bf43fe60c4b9da4cbdcb760000ddd9fd,1/30(火) 15:54
ssnp,食品産業新聞社ニュースWEB,森永製菓、2月6日から「小枝〈抹茶チーズケーキ〉」など抹茶のお菓子発売、「西尾抹茶」を使用、「チーズケーキ」「ガトーショコラ」「タルト」のスイーツと抹茶の組合わせをテーマに開発,https://news.yahoo.co.jp/articles/6687b3c3a40c224ece27478375d41bfa2bcbff2e,1/30(火) 15:18
ssnp,食品産業新聞社ニュースWEB,KFC「ガリペパチキン」発売、“ガーリック×ブラックペッパー”が食欲そそる、ザクザク食感の新チキンメニュー/ケンタッキーフライドチキン,https://news.yahoo.co.jp/articles/3220e70151866902e93c81d8b5debe0f18cdb0d5,1/30(火) 12:37
ssnp,食品産業新聞社ニュースWEB,やよい軒、2月6日「ブラックアンガスビーフのカットステーキ定食」発売、高品質の認定アンガスビーフを使用した“ワンランク上”のステーキ,https://news.yahoo.co.jp/articles/7d06c0063223a1a1ad456ed169b8166de879bc56,1/30(火) 12:29
ssnp,食品産業新聞社ニュースWEB,伝説のすた丼屋、2月1日「牛タン豚トロすたみなねぎ塩焼肉丼」発売、「牛タン」と「豚トロ」をあわせて150gをのせた“贅沢”な肉丼,https://news.yahoo.co.jp/articles/b703065fd45cb413c4904ffa49cfef1ecc1d28d9,1/30(火) 11:32
ssnp,食品産業新聞社ニュースWEB,松屋「シュクメルリ鍋定食」2024復活発売、“世界一にんにくを美味しく食べるための料理”が「第3回復刻メニュー総選挙1位」で再登場,https://news.yahoo.co.jp/articles/ccce5c89fae01b1e660e146be30d1b6199532af3,1/30(火) 10:58
ssnp,食品産業新聞社ニュースWEB,ピザハット、2月6日に「天下一品コラボ こってり風ラーメンピザ」再販、好評で1月22日発売後「完売店舗が続出」,https://news.yahoo.co.jp/articles/7fa985c0e12d2fc0de8457cc8edefcbd93697024,1/29(月) 18:18
ssnp,食品産業新聞社ニュースWEB,大阪王将「ハンギョドン福袋」第3弾発売、第3弾は「折りたためる!エコバッグ」付き、「キーホルダー付き福袋」と「クリアファイル付き福袋」も引き続き販売中,https://news.yahoo.co.jp/articles/408ad27e9ef24ffeb395e84b93e8fd6f7f128ad6,1/29(月) 17:58
ssnp,食品産業新聞社ニュースWEB,幸楽苑「持ち帰り冷凍生ギョーザ」特価キャンペーン、通常価格から100円引きの560円で販売、X引用ポストでお食事券3000円分のプレゼントも,https://news.yahoo.co.jp/articles/0519ddcecbfd6cba736f8fbae0350d7992977956,1/29(月) 17:21
ssnp,食品産業新聞社ニュースWEB,元気寿司・魚べい「恵方巻」2024販売、極上海鮮巻はリニューアル、丸かぶり恵方巻・サラダ巻も展開,https://news.yahoo.co.jp/articles/de434367c2cb70bd36d39b78c5ee6032e52e400b,1/29(月) 16:08
ssnp,食品産業新聞社ニュースWEB,ミニストップ、1月30日「ショコラシュークリーム」、2月6日「ショコラモンブラン」「しあわせクレープショコラ」発売、ペルー産カカオのチョコレートを使用,https://news.yahoo.co.jp/articles/816ec8c162417ab75c395ca20d6a8a9a61e6aac9,1/29(月) 16:06
ssnp,食品産業新聞社ニュースWEB,ハーゲンダッツ、1月30日にクリスピーサンド2種類発売、通年の「ザ・リッチキャラメル」と期間限定の「豊潤いちご」,https://news.yahoo.co.jp/articles/f8dddadd91100d5bd1bf064cd84201f5e801c6ea,1/29(月) 15:19
ssnp,食品産業新聞社ニュースWEB,ファミリーマート、1月30日から「香る芳醇ショコラ」フェア開催、「エクアドル・スペシャル」を使った6商品を発売、「濃厚ショコラシュー」「濃厚生チョコサンド」など,https://news.yahoo.co.jp/articles/6bdfdb9ce261873271d90b3391ee0929f9728a2f,1/29(月) 14:23
ssnp,食品産業新聞社ニュースWEB,クリスピー・クリーム・ドーナツ、2月1日「チョコレート ミニ ボックス」発売、2月14日までのバレンタイン期間限定、「20個」「10個」「3個」の3種類のボックスをラインアップ,https://news.yahoo.co.jp/articles/2b5849db2d31cd8f2fc8068ea0c393bd8e5abff9,1/29(月) 13:33
ssnp,食品産業新聞社ニュースWEB,サーティワンひな祭り2024「すみっコぐらし ひなだんかざり」予約実施、しろくま・ぺんぎん?・とんかつ・ねこ・とかげの“おきがえピック”やシール・ぬりえ付きで“さらに楽しくパワーアップ”,https://news.yahoo.co.jp/articles/86123110880bc47afe54ece866e2d27a252c598a,1/29(月) 13:16
ssnp,食品産業新聞社ニュースWEB,セブンイレブン、1月30日から「キモチときめく チョコフェア」、新商品13品を順次発売、「濃厚ショコラケーキ」「とろけるホワイトチョコ」「セブンプレミアム 白い生チョコバー」など,https://news.yahoo.co.jp/articles/e5f43702182c2a9c6d611b0fb40bba95f03e0fcb,1/29(月) 12:40
ssnp,食品産業新聞社ニュースWEB,築地銀だこ「鬼滅の刃 柱稽古編」コラボ開催、カード付き「時透無一郎と甘露寺蜜璃の胡麻ねぎ明太とろろ」をリニューアル発売、クリアファイル付き「だんらんパック」販売やSNSキャンペーンも,https://news.yahoo.co.jp/articles/403128bfa59afce88132014238601923d4939570,1/29(月) 12:23
ssnp,食品産業新聞社ニュースWEB,無印良品、2月1日から「桜」を使った菓子と飲料発売、2024年は「桜のマカロン」「桜のクランチチョコ」「桜のゼリー」を新発売,https://news.yahoo.co.jp/articles/bd7c7ec2952cfdda934e24342808e2efdd6d8f02,1/29(月) 11:34
ssnp,食品産業新聞社ニュースWEB,駅ナカおにぎり「ほんのり屋」、Suicaペンギンのエコバッグ付「おむすびセット」1月30日発売、絵柄は3種類/JR東日本クロスステーションフーズカンパニー,https://news.yahoo.co.jp/articles/f79b19311fc4638c151cc4eea64a10e14694863b,1/28(日) 10:40
ssnp,食品産業新聞社ニュースWEB,銀座コージーコーナー 2024年“ひな祭り”1月26日予約スタート、扇形デコレーションケーキ「ひなおうぎ」、プチケーキ9種のアソート「ひなパーティー」など,https://news.yahoo.co.jp/articles/cc1c923c89d2a30a75ef0c82d0f23123c6cee530,1/26(金) 17:44
ssnp,食品産業新聞社ニュースWEB,アサヒビール、1月30日から「スーパードライ」と「スーパードライ生ジョッキ缶」の春限定パッケージ発売,https://news.yahoo.co.jp/articles/138d0d87202ecb2ecd3c2671ef76da5a12b10371,1/26(金) 16:17
ssnp,食品産業新聞社ニュースWEB,幸楽苑、1月31日「和風カレーラーメン」発売、あわせてディナーセットメニューのスープを「素・らーめん」に変更するセットを販売開始、創業70周年を記念した「冷酒花春〈大吟醸〉」と持ち帰り「冷凍生ギョーザ」の特別価格販売も,https://news.yahoo.co.jp/articles/956a6cdf57078100045b335bbbde481d5c0fe407,1/26(金) 15:50
ssnp,食品産業新聞社ニュースWEB,木曽路 2月20日・21日「しゃぶしゃぶ祭り」2024年も価格据え置きで開催、「国産牛ロース肉」2178円、「和牛霜降肉」2750円など,https://news.yahoo.co.jp/articles/a8ccc96ef7aa395678bd99d6ed52c0f46c03b325,1/26(金) 14:46
ssnp,食品産業新聞社ニュースWEB,チャルメラ×ちいかわ、3月25日「明星 チャルメラ ちいかわラーメン しょうゆ味」 発売、にっこり「ちいかわなると」入り、フタうらに全5種類の「ちいかわ」デザイン,https://news.yahoo.co.jp/articles/d20001b8f35a42a0545668a452894750e93b82d8,1/26(金) 14:30
ssnp,食品産業新聞社ニュースWEB,松のや、1月31日から「超厚切りロース焼きかつ丼」発売、「超厚切りロースかつフェア」第2弾、玉子でとじずに“とろとろ玉子焼き”に分厚いロースかつを乗せる,https://news.yahoo.co.jp/articles/207f7fa0f89216a41eff402f3d21b5160e183a1d,1/26(金) 13:59
ssnp,食品産業新聞社ニュースWEB,チムニー、「オトナの節分」フェア開催、2024年の「恵方巻」やドリンク割引の「恵方飲み」メニューを展開、恵方巻は海産物に特化、国産海産物使用の「#食べるぜニッポン Wほたて恵方巻」など,https://news.yahoo.co.jp/articles/7a84cc82951feb618b6e0178de54f0d2b5920da8,1/26(金) 13:39
ssnp,食品産業新聞社ニュースWEB,日本給食サービス協会・西脇会長、「『価格改定』交渉、業務効率化の追求、人材の有効活用に向けた取り組み」の推進,https://news.yahoo.co.jp/articles/c33d2cfcd9a62a974bc92791e5005ad853f84838,1/26(金) 13:30
ssnp,食品産業新聞社ニュースWEB,カルディ2024「さくらキャニスター缶」「さくらミニ缶」近日発売、ブルー・ピンクの2色、桜の花びらをエンボス加工で表現、クッキーやキャンディ入り,https://news.yahoo.co.jp/articles/2fe87b88c484fc6373294d07efd37a4979c0d4a3,1/26(金) 12:19
ssnp,食品産業新聞社ニュースWEB,安楽亭、1月26日から2月12日「ダブル肉の日キャンペーン」開催、「上タン塩」「黒毛和牛カルビ」など半額や小学生以下の「おこさまやきにくセット」「バニラアイス」税別29円など展開,https://news.yahoo.co.jp/articles/5f10535ef5d1989b9dd6ce41d42a511dccf03a2a,1/26(金) 11:11
ssnp,食品産業新聞社ニュースWEB,農水省、令和6年能登半島地震被害への「支援パッケージ」公表,https://news.yahoo.co.jp/articles/a1fb4e82187cfcd9ce704dc6625357a68ecf3427,1/26(金) 10:22
ssnp,食品産業新聞社ニュースWEB,くら寿司が銀座エリア初出店、「マロニエゲート銀座2」に4月オープン/グローバル旗艦店 銀座,https://news.yahoo.co.jp/articles/552542f36843ca0ea80abc0b8c2d27416f72dad3,1/25(木) 18:02
ssnp,食品産業新聞社ニュースWEB,ローソン「鬼滅の刃」キャンペーン2024開催、「アプリスタンプラリー」で風呂敷・どんぶり・トースター抽選プレゼント、今治タオルハンカチ当たる引用ポストキャンペーンも,https://news.yahoo.co.jp/articles/fa61563fb2f6fc1f778b3f974be80890337a4a47,1/25(木) 17:08
ssnp,食品産業新聞社ニュースWEB,ペッパーランチ、1月29日から2月9日に「肉の日ウィーク」開催、ハンバーグ、ステーキ、牛焼肉がワンプレートの「肉盛りPEPPER’S」を期間限定990円で提供,https://news.yahoo.co.jp/articles/d538c5dabb7b3c7eb4e785697af4759d1b480aa0,1/25(木) 17:07
ssnp,食品産業新聞社ニュースWEB,ミスド×ゴディバ第2弾、ハート型ココア生地にストロベリーチョコをかけた「ハートショコラ フレーズ」発売、生チョコを挟んだ「ハートショコラ レ」も/ミスタードーナツ,https://news.yahoo.co.jp/articles/c677abfb27aced9713386dac2fff18f880f0d4bc,1/25(木) 15:04
ssnp,食品産業新聞社ニュースWEB,ガスト、1月25日から「博多明太もつ鍋と明太グルメ」フェア開催、もつ鍋専門店「博多もつ鍋やまや」監修、2種類の「もつ鍋」など提供,https://news.yahoo.co.jp/articles/b5448f47e03ddd7b3602fe22a6f35b2890a1db75,1/25(木) 14:43
ssnp,食品産業新聞社ニュースWEB,ビアードパパ、2月1日「焼きチョコシュー」と「焼きチョコいちごシュー」を発売、生地はチョコをしみこませ2度焼き、限定5店舗では「ショコラオランジュシュー」発売、オレンジピールの香りが楽しめる,https://news.yahoo.co.jp/articles/13c41d8eef7caab096573cdcfc8a17dce12e8099,1/25(木) 13:41
ssnp,食品産業新聞社ニュースWEB,バーガーキング、2024年も「積極的に新規出店」1月2月は計8店、出店は東京・宮城・茨城・神奈川・静岡・愛知・兵庫,https://news.yahoo.co.jp/articles/0c89546614a4d1c1a013883bbe15c37c342f2453,1/25(木) 12:59
ssnp,食品産業新聞社ニュースWEB,スタバ ベリーのソース×チョコレート「ルージュオペラ フラペチーノ」「ルージュホワイトオペラ フラペチーノ」発売、バレンタイン2月14日までの期間限定,https://news.yahoo.co.jp/articles/7abf14a05cfe5d61a968263ee8ea1703ef6e2357,1/25(木) 12:08
ssnp,食品産業新聞社ニュースWEB,ミニストップ、1月26日「ほうじ茶ラテソフト」「プレミアムほうじ茶ショコラソフト」発売、「加賀棒ほうじ茶」「北海道生乳」使用,https://news.yahoo.co.jp/articles/80c19348e8ec1aa92cf5f9aec0f7818c0aa13b83,1/25(木) 11:42
ssnp,食品産業新聞社ニュースWEB,マクドナルド「リバイバルバーガーズ」発売、たまごダブル・アイコンチキン ソルト&レモン・スイートチリえびフィレオの3種類発売、朝マック限定たまごダブルマフィンも,https://news.yahoo.co.jp/articles/1d9d9b5b3fcd9dbfc00cff97ba0cee2d6d601593,1/25(木) 11:27
ssnp,食品産業新聞社ニュースWEB,安楽亭、「銘柄和牛プロジェクト」開始、第1弾は1月25日から「近江牛」を販売,https://news.yahoo.co.jp/articles/c189cffdbcd5535992f8a1a4e8582d3f8dde7ff4,1/25(木) 10:26
ssnp,食品産業新聞社ニュースWEB,紀ノ国屋 2024「いちごスイーツバッグ」1月27日オンラインストアで再販売、イチゴ柄ミニバッグは「濃ピンク」「薄ピンク」の2色、いちごのポルボローネなど詰め合わせ,https://news.yahoo.co.jp/articles/9d5caf665d02c022c55b5177e8fb9728df20c0e8,1/25(木) 7:40
ssnp,食品産業新聞社ニュースWEB,キリン「プラズマ乳酸菌」シリーズ、2023年販売金額が前年比4割増の200億円超に,https://news.yahoo.co.jp/articles/1299015445e1e15d644f1da7760c2c2476d77bbf,1/24(水) 17:31
ssnp,食品産業新聞社ニュースWEB,羽田空港で水素焙煎コーヒーを配布、「水素でかわるHANEDA未来展」に協力/UCC上島珈琲,https://news.yahoo.co.jp/articles/bc98155d380a727b149cbaff467b648de0678336,1/24(水) 17:00
ssnp,食品産業新聞社ニュースWEB,不二家、日本茶の「ルック」と「カントリーマアム」発売、「ルック(厳選日本茶)」は3種類の日本茶の食べ比べ、「カントリーマアム(抹茶ガトーショコラ)」は鹿児島県産抹茶を練り込む,https://news.yahoo.co.jp/articles/be4ef8883b85b8fcfe65ce74d050927a2d5942cd,1/24(水) 16:54
ssnp,食品産業新聞社ニュースWEB,エスビー食品「辛くないカレー粉スティック」新発売、とうがらし・こしょう不使用でファミリー層ニーズに対応、「カレー粉スティック」はパッケージリニューアル,https://news.yahoo.co.jp/articles/91a44298733cf08a3c122a24c4a89104995d82ac,1/24(水) 16:16
ssnp,食品産業新聞社ニュースWEB,かっぱ寿司、1月25日から65歳以上対象の「プラチナ優待カード」配布、平日1000円以上の食事に利用でき5%割引、65歳以上を含む1組の会計に適用,https://news.yahoo.co.jp/articles/bfb8d3ef98293441d4451c5ed9ec477697b3d388,1/24(水) 15:13
ssnp,食品産業新聞社ニュースWEB,紀ノ国屋、2024「ストロベリースイーツバッグ」1月25日オンラインストアで再販売、いちごの巾着は「レッド」「ピンク」の2色、いちごパウンドケーキなど焼き菓子3種を詰め合わせ,https://news.yahoo.co.jp/articles/d03484cc4c191cccf93b8fde43b913bc943d7b2f,1/24(水) 15:02
ssnp,食品産業新聞社ニュースWEB,ローソン、まちかど厨房で「ご当地弁当・調理パン」発売、全国8エリアで各エリア限定商品を発売,https://news.yahoo.co.jp/articles/e347fba289c99e9973fab977d51b958c66e2ea13,1/24(水) 14:52
ssnp,食品産業新聞社ニュースWEB,ちいかわ「ちいちいレモン」「デカビタちい」第2弾発売、“ちいかわ・ハチワレ・うさぎ”のコラボパッケージ16種が2024年2月に登場、ステンレスボトル・レジャーシートなどプレゼント企画も/サントリー食品インターナショナル,https://news.yahoo.co.jp/articles/96a69ef184ae3185217efea103ac58587f0ef55a,1/24(水) 12:44
ssnp,食品産業新聞社ニュースWEB,オールハーツ・カンパニー「くまくま食パン」発売、バレンタイン限定でネスレ「キットカットハートフルベアー」とコラボ、「ねこねこ食パンlovesハートフルベアー」なども同時発売,https://news.yahoo.co.jp/articles/1e2976d53e81302c3601daa07393d0096ca1fbf8,1/24(水) 12:44
ssnp,食品産業新聞社ニュースWEB,ブロンコビリー、1月26日「炭焼きぶつ切りロースステーキ」発売、好評の「バイヤーズセレクション」2024シリーズ、肩ロースの“希少部位”使用,https://news.yahoo.co.jp/articles/d8f37238f0569254800c55a6d6ddd01bddfa38bd,1/24(水) 11:51
ssnp,食品産業新聞社ニュースWEB,すき家「名探偵コナン」コラボ開催、対象メニュー注文でクリアカード配布、マグネット付きセット販売やコラボどんぶりなど抽選プレゼントも,https://news.yahoo.co.jp/articles/8bc218703a07802fcaa94425436cf1acdadde648,1/24(水) 11:40
ssnp,食品産業新聞社ニュースWEB,カルディ「スヌーピー バンブーコンテナ」発売、竹繊維を使った容器にチョコインクッキー・クランチチョコレート入り,https://news.yahoo.co.jp/articles/7278f841968fc1a32acbfa25a52a08ba953c99f5,1/24(水) 11:14
ssnp,食品産業新聞社ニュースWEB,不二家、2月28日の「不二家の日」宅配限定スイーツとギフト予約受付中、「不二家の日プレミアムアソートケーキ」「不二家の日わくわくハッピーボックス」、限定「ランチエコバッグ」入り,https://news.yahoo.co.jp/articles/72d455d1c68b368321cbcc7b37aa3fa08aa37f19,1/24(水) 11:12
ssnp,食品産業新聞社ニュースWEB,不二家、2月28日から「ランチエコバッグ」プレゼント、2280円以上購入でもらえる、「ペコちゃんのほっぺ30thデザイン」で折りたたむと「ペコちゃんのほっぺ」型になる,https://news.yahoo.co.jp/articles/7e08a73b9dc59d5b3c3884912608be80b56f26a0,1/24(水) 10:37
ssnp,食品産業新聞社ニュースWEB,イオン「愛妻の日タルトアソート」などスイーツ4品発売/1月31日「愛妻の日」,https://news.yahoo.co.jp/articles/cea81d83486050e1704195c9729cdaac607329cc,1/23(火) 17:57
ssnp,食品産業新聞社ニュースWEB,松屋フーズ、1月31日「パスタ業態」初の開業、ブランド名は「麦のトリコ」、コンセプトは「毎日の食事に、パスタを気軽に」,https://news.yahoo.co.jp/articles/3304a2e213a4d1a18f734e3badb3749be4ef9f87,1/23(火) 17:33
ssnp,食品産業新聞社ニュースWEB,ココス 牛肉×牛肉「ビーフハンバーグステーキ&濃厚ビーフシチュー」発売、マデラワインの“芳醇な香り”/今月のグルメ～2月～,https://news.yahoo.co.jp/articles/02e8b71eb71354b3b2114d3d6036e0d07273f546,1/23(火) 16:40
ssnp,食品産業新聞社ニュースWEB,ファミリーマート、おいしさとボリューム感にこだわった「ごくうま!四福弁当」発売、「とんかつ」「ビーフハンバーグ」「ねぎ塩チキンステーキ」「きくらげ玉子炒め」の4品,https://news.yahoo.co.jp/articles/b3c1897a1f2ea21c439b42062e205812c9610d4d,1/23(火) 16:37
ssnp,食品産業新聞社ニュースWEB,ロッテリア「コリラックマとまいにちげんき!キッズセット」発売、コリラックマのあそびBOOK・はしるコリラックマカーの選べるおもちゃ付き,https://news.yahoo.co.jp/articles/400d0150a86f7db076012cc754d5931fece26933,1/23(火) 16:12
ssnp,食品産業新聞社ニュースWEB,かっぱ寿司、1月25日から「うに」「いくら」各一貫110円の「かっぱのうに&いくら祭り」開催,https://news.yahoo.co.jp/articles/2dd6f438fc2fcea96b93886d5eb9de1842423371,1/23(火) 15:35
ssnp,食品産業新聞社ニュースWEB,びっくりドンキー、1月24日自社醸造の発泡酒「チェリールビー」発売、黒さくらんぼの甘みや香りが楽しめる、ノンアルコールで「チェリールビー」の味わいが楽しめる「ドンキーフリー(チェリー)」もあわせて発売,https://news.yahoo.co.jp/articles/731febc08e2b2b944e5c3521c551b9bff9967bb5,1/23(火) 14:40
ssnp,食品産業新聞社ニュースWEB,すき家、2月1日「お好み牛玉丼」発売、キャベツにお好みソース、マヨネーズなどをかけた「お好み焼き風牛丼」、3年ぶりに復活,https://news.yahoo.co.jp/articles/686ef0789434d02281b15bfa6075d939e48085f3,1/23(火) 13:18
ssnp,食品産業新聞社ニュースWEB,コージーコーナー2024年バレンタイン向けスイーツ発売、「苺&チョコのパイ～サクサク仕立て～」「コージープリンセス(苺&チョコ)」登場,https://news.yahoo.co.jp/articles/9efe6b28b5629a697b3d4aebafcafad2176635aa,1/23(火) 13:00
ssnp,食品産業新聞社ニュースWEB,カルディ2024「ネコの日バッグ」アプリで抽選受付スタート、ニットのトートバッグに「蛍手ネコマグカップ」「ネコプレート」や紅茶・くろねこケーキ・ニャッフルなど,https://news.yahoo.co.jp/articles/1fb95c028d4d1d59efa6cf9cb656cb9dd83be28b,1/23(火) 12:38
ssnp,食品産業新聞社ニュースWEB,ローソンストア100、1月24日から「だけ弁当シリーズ ミートボール」1個増量、「家計応援セール第2弾」開催,https://news.yahoo.co.jp/articles/3e737a7427957708a9cafd0414304e04d3c7d340,1/23(火) 12:37
ssnp,食品産業新聞社ニュースWEB,丸亀製麺、1月30日「牡蠣たまあんかけうどん」「豚ちゃんぽんうどん」をロードサイド店舗などで発売、からっと揚げた牡蠣を6個の新作「牡蠣ぶっかけうどん」も一部店舗で同時発売,https://news.yahoo.co.jp/articles/c9c1e335d10543e5e608b83b1d7f54b0dfe99f56,1/23(火) 12:05
ssnp,食品産業新聞社ニュースWEB,からやま、1月26日「カレーからあげのカレーうどん定食」発売、醤油をベースにカレー粉を揉みこんだ「和風カレーからあげ」をカレーうどんに乗せる、カレーうどんのつかない「合盛り定食」も合わせて販売,https://news.yahoo.co.jp/articles/98a127d1eb60e6f0f712d7b76f44e0ba00baf2c1,1/23(火) 11:18
ssnp,食品産業新聞社ニュースWEB,ドミノピザ 販売延期した「ドミノの福袋」を節分に発売、抽選受付スタート、販売数6万個へ倍増、クーポン利用25年1月末まで延長/ドミノの“福は内”袋,https://news.yahoo.co.jp/articles/65ab030fce27b23a8e7b9122e0d884bacd813482,1/22(月) 18:07
ssnp,食品産業新聞社ニュースWEB,にんべん「おかかふりかけ」3月1日リニューアル発売、胡麻入りを「おかかふりかけ金胡麻入り」「塩分ひかえめおかかふりかけ金胡麻入り」に変更、「釜炊き」や「減塩」を大きく印字し訴求,https://news.yahoo.co.jp/articles/355106295ada51106fcb53b8837d0025aa05682c,1/22(月) 18:04
ssnp,食品産業新聞社ニュースWEB,松屋「冬の豚汁祭り」開催、豚汁&定番メニューのセットを値引き販売、牛めし・カレー・丼・定食対象に“最大70円引き”,https://news.yahoo.co.jp/articles/1943774c7d620c5458fa132f7e406d320d31733f,1/22(月) 16:48
ssnp,食品産業新聞社ニュースWEB,ゴディバ「とちおとめ」にムース&ダークチョコをまとわせた「ストロベリーディップ」432円で発売,https://news.yahoo.co.jp/articles/6b8aad25adca30b6b3429a4dcc4abdf23b3b1dc0,1/22(月) 16:05
ssnp,食品産業新聞社ニュースWEB,ミニストップ、1月23日「もちまる焼き カスタード」発売、レンジで温めてもおいしい“和洋折衷”スイーツ,https://news.yahoo.co.jp/articles/247cb437a0825ad5cd52818bf55bcb3594025455,1/22(月) 15:52
ssnp,食品産業新聞社ニュースWEB,コージーコーナー2024年ひなまつり向けケーキ「〈ミニーマウス〉デコレーション」予約受付、「苺のレアチーズケーキ」販売も,https://news.yahoo.co.jp/articles/d141d9c68ec4883cbe212508f9f240758ea9fafd,1/22(月) 14:48
ssnp,食品産業新聞社ニュースWEB,関東学校給食サービス協会、高村会長「給食委託費の値上げに向けて、会員各社とともに働きかけたい」,https://news.yahoo.co.jp/articles/8c16e5a2ed2d61babc5c178d209a05e836d3d0c6,1/22(月) 14:09
ssnp,食品産業新聞社ニュースWEB,スシロー、1月24日から全店100円「大切りサーモン」発売、さらに「大とろ」「本ズワイ蟹」が120円から150円の黄色皿で登場,https://news.yahoo.co.jp/articles/841286d2c012b015336e3774df341cf4d9b39063,1/22(月) 14:01
ssnp,食品産業新聞社ニュースWEB,吉野家「バブル世代」と「Z世代」の人気メニューランキング公表、1位は共通で「牛丼」、2位はバブル世代「鉄板牛カルビ定食」、Z世代「ねぎ玉牛丼」、楽天ポイントカードで集計,https://news.yahoo.co.jp/articles/f99584eaaf8fb16ffdae9413812a28dff7a91b86,1/22(月) 13:11
ssnp,食品産業新聞社ニュースWEB,ビッグボーイ「ブレードミートロースフェア」開催、ブラックアンガス牛“希少部位”を150g1518円・300g2838円で,https://news.yahoo.co.jp/articles/029f5ac2de10a5ad24eb2edc8714c36c49625596,1/22(月) 12:48
ssnp,食品産業新聞社ニュースWEB,はま寿司「大とろ100円と北海道・東北祭り」開催、みなみまぐろ大とろ・北海道噴火湾産大粒ほたて・炙り北海道牛握りなど発売,https://news.yahoo.co.jp/articles/f0c244b4324b4205b710178fe7aba3c498cff5d3,1/22(月) 11:57
ssnp,食品産業新聞社ニュースWEB,小僧寿し、1月22日から平日限定「キングスペシャルフェア」開催、13種類のネタをのせた「キングスペシャル丼」税込745円など提供、「キング握り14貫」はネタ未公表の「お楽しみ3貫ネタ」入りのセット,https://news.yahoo.co.jp/articles/0175af05fe6b31acac8d132a57467b3c01a49f81,1/22(月) 11:52
ssnp,食品産業新聞社ニュースWEB,カルディ「キャットクランチ缶」発売、猫デザインの缶にクランチチョコ入り、ネコ柄のカップ酒・ネコ型べっこう飴も,https://news.yahoo.co.jp/articles/f737ec258b2f22e0f0f40f28daa86ca70db64ddf,1/22(月) 11:50
ssnp,食品産業新聞社ニュースWEB,ピザハット×天下一品 コラボ「こってり風ラーメンピザ」発売、「こってりラーメン」の香り、ラーメンやチャーシューをトッピング,https://news.yahoo.co.jp/articles/08f72cf056703ebcd453a6371c6c3a2a4e01f115,1/22(月) 11:07
ssnp,食品産業新聞社ニュースWEB,ローソン「ブルアカ」クリアファイル先着プレゼント、アビドス対策委員会のホシノ・シロコ・ノノミ・セリカ・アヤネをデザイン、限定グッズ販売なども/ブルーアーカイブ,https://news.yahoo.co.jp/articles/9a331ed083717d73e9b763db47d1802d3286e0e7,1/22(月) 11:01
ssnp,食品産業新聞社ニュースWEB,サンリオのバレンタイン2024、「パイの実」コラボのバッグやポーチ、「ゴディバ」コラボのマスコット付きチョコレート、ポムポムプリン・クロミなど登場,https://news.yahoo.co.jp/articles/81b47e54738c2b405c800bb4302df44ef21518b4,1/20(土) 9:40
ssnp,食品産業新聞社ニュースWEB,綾鷹「劇場版スパイファミリー」コラボ開催、店頭購入で「ピーチスキン巾着ポーチ」もれなくプレゼント、お出かけテーブルウェアセットなど抽選キャンペーンや限定LINEスタンプも,https://news.yahoo.co.jp/articles/9dd4ed897e669bf2ac84ca12d3160900be48c4bb,1/19(金) 16:48
ssnp,食品産業新聞社ニュースWEB,寿司チェーンの恵方巻2024まとめ/スシロー・はま寿司・くら寿司,https://news.yahoo.co.jp/articles/feb991f6e044d807e3d630b9450ca50959b5185a,1/19(金) 15:48
ssnp,食品産業新聞社ニュースWEB,小僧寿しの2024年恵方巻「縁起巻」予約受付中、「特選 海鮮縁起巻」や「元祖 小僧縁起巻」,https://news.yahoo.co.jp/articles/af5530a2e0c91250516d5bda8a68527666db01f3,1/19(金) 14:34
ssnp,食品産業新聞社ニュースWEB,ヤマザキ「春のパンまつり2024」2月1日開催、2024年は「白いスマートボウル」、電子マネー・トースター当たるSNSキャンペーンも/山崎製パン,https://news.yahoo.co.jp/articles/41f764d675b9c39333b818cd096041599f21b49d,1/19(金) 12:43
ssnp,食品産業新聞社ニュースWEB,「ボンカレーゴールド」価格改定で190円から205円に、3月1日納品分から 大塚食品,https://news.yahoo.co.jp/articles/4a8852c76823ce8732ea9184494eafe95576d887,1/19(金) 11:58
ssnp,食品産業新聞社ニュースWEB,ガスト「劇場版スパイファミリー」コラボ開催、「アーニャのいちごショコラパフェ」などクリアファイル付きメニュー発売、Tシャツ・クッションなどSPY×FAMILYグッズ抽選プレゼントも,https://news.yahoo.co.jp/articles/cce626a075d9851f5547de1597a62ae883d45e2f,1/19(金) 11:03
ssnp,食品産業新聞社ニュースWEB,松のや、1月24日「超厚切りロースかつ盛合せ定食セール」開始、100円で盛合せ定食の「ロースかつ」80gを「超厚切り」160gに変更、フェア第1弾として1週間開催,https://news.yahoo.co.jp/articles/6f46a87f4d14fe95a6f05bc126d14320a13036c0,1/19(金) 10:47
ssnp,食品産業新聞社ニュースWEB,オリジン弁当、1月22日「豚肩ロース焼肉丼」「鳴門のうず塩漬込み 縞ほっけの塩焼き弁当」発売、豚肩ロース焼肉は醤油ベースの甘めのタレ使用、縞ほっけは苦みの少ないマイルドな味わい,https://news.yahoo.co.jp/articles/8354225924eb720ccece3d3d136a58dffc240ec1,1/19(金) 10:17
ssnp,食品産業新聞社ニュースWEB,Pasco×ゴディバ ジャパン 共同開発「ショコラブレッド」や「ガトーショコラタルト」など4アイテム発売,https://news.yahoo.co.jp/articles/261731e748bfd023e6263fda15786fb6f016d0a6,1/18(木) 18:08
ssnp,食品産業新聞社ニュースWEB,ローソンのバレンタイン2024、100円台スイーツ「濃厚生ショコラシュー」「もちぷよ 生チョコ」、ゴディバ監修「ショコラテリーヌサンド」など,https://news.yahoo.co.jp/articles/5742bd4b644feb1d9bb129fef6b0094892994c38,1/18(木) 18:04
ssnp,食品産業新聞社ニュースWEB,キリンビバレッジ「午後の紅茶」、「生茶」の大型ペットボトルなど26品目で8～9%の価格改定、5月1日から,https://news.yahoo.co.jp/articles/3f21afe252034b1cc1019828a2d87562942c5cd1,1/18(木) 18:02
ssnp,食品産業新聞社ニュースWEB,シャトレーゼ、バレンタイン2024「コーヒー香るキャラメルショコラケーキ」「クレープ・オ・ショコラ」「ベルギーショコラブッセ」など発売,https://news.yahoo.co.jp/articles/9a2ee1ce3edb889f2639a47bcdd13cfbd9997676,1/18(木) 15:26
ssnp,食品産業新聞社ニュースWEB,びっくりドンキー、1月24日から「いちごデザートフェア」開催、「ジョッキパフェ(いちご)」など、国産完熟いちご使用の3種を発売,https://news.yahoo.co.jp/articles/211caa5ef2a17b4a06a0fda4efd34717e274c00c,1/18(木) 13:41
ssnp,食品産業新聞社ニュースWEB,マクドナルド、1月24日に「バリューセット」一新し「ちょいセット」登場、「チキンクリスプ」をパワーアップさせた「マックチキン」を加え、500円台から購入できる,https://news.yahoo.co.jp/articles/eeccb7ea6b1c7f18180f7385dec2215768923d74,1/18(木) 13:17
ssnp,食品産業新聞社ニュースWEB,ステーキ宮、1月18日から「ウルグアイ産厚切りサーロインステーキ」発売、引き締まった赤身の味わいが特徴,https://news.yahoo.co.jp/articles/89c2de42187ecacd0376d6dc614d6da0cdbef2a3,1/18(木) 12:02
ssnp,食品産業新聞社ニュースWEB,牛角、2月9日から「黒毛和牛サーロイン」1枚を税込550円で提供、「年に一度の肉の日祭り」,https://news.yahoo.co.jp/articles/7f2401063ff2f1856660d95f8d2a4896cf67166e,1/18(木) 11:23
ssnp,食品産業新聞社ニュースWEB,SPY×FAMILY&ビックリマン「スパイファミリーマンチョコ」発売、コラボ衣装の“アーニャゼウス”やロイド・ヨル・ボンドなどシール全24種類/ロッテ,https://news.yahoo.co.jp/articles/a38934d15ea5e5f54b39cb1c77fa099eeb0402a5,1/18(木) 11:12
ssnp,食品産業新聞社ニュースWEB,松屋、1月23日「カットステーキのハッシュドビーフ」発売、カットステーキと薄切り肉の“ダブルビーフ”使用,https://news.yahoo.co.jp/articles/431ebd1c5fb24fa576579c9969c31a2ce45f636c,1/18(木) 10:50
ssnp,食品産業新聞社ニュースWEB,かっぱ寿司「本格ラーメンシリーズ」第28弾、「家系総本山 吉村家」監修ラーメン3商品発売,https://news.yahoo.co.jp/articles/6910cd0be4d33f5f7e81b2465a4f37c7afb6d9c3,1/17(水) 16:52
ssnp,食品産業新聞社ニュースWEB,びっくりドンキー、1月24日から「にんにく七味の黒麻辣バーグディッシュ」「チーズダッカルビ風バーグディッシュ」発売、寒い冬に“旨辛メニュー”投入,https://news.yahoo.co.jp/articles/2ede38d9e7c9725ec1982eb2ab00775fe83741c3,1/17(水) 14:57
ssnp,食品産業新聞社ニュースWEB,セブンイレブン「ガンダムSEED FREEDOM」クリアファイル配布、キラ・アスラン・シンなどデザイン、ラクス・カガリなどデザインのマルチシート配布も,https://news.yahoo.co.jp/articles/8b7c35513257132fb4408cfbbe60391d6cb69de5,1/17(水) 14:38
ssnp,食品産業新聞社ニュースWEB,イオン「バレンタインチョコレート」1月18日から本格展開、テーマは「Sweets Collection」、ハロー・キティ50周年記念デザインや「手塚治虫作品コレクション」などキャラクター商品も,https://news.yahoo.co.jp/articles/350b394b84eb8d33a29150d4aae6789303096ebe,1/17(水) 14:01
ssnp,食品産業新聞社ニュースWEB,シャトレーゼの節分2024「恵方巻ロール」発売、ケーキ「赤鬼太郎」「黄鬼ちゃん」なども,https://news.yahoo.co.jp/articles/fa3b6c171d5138825136cc5787c478a1a10366a4,1/17(水) 11:54
ssnp,食品産業新聞社ニュースWEB,「明治 エッセル スーパーカップ 大人ラベル とことん珈琲」発売、4層仕立ての贅沢アイス、SNSでプレゼントキャンペーンも,https://news.yahoo.co.jp/articles/4797f9995ab07a67f2cab8cc66d5155a7396ba5d,1/17(水) 11:04
ssnp,食品産業新聞社ニュースWEB,ブロンコビリー、1月19日「初春サラダバー」開始、3月7日までの期間限定で春の食材をふんだんに使用したメニューを提供、「具沢山の贅沢豚汁」も発売,https://news.yahoo.co.jp/articles/ee110975e38d19808576c8012b000ead2b172642,1/17(水) 10:48
ssnp,食品産業新聞社ニュースWEB,はま寿司の恵方巻2024「特上 海鮮恵方巻」予約受付中、いくら・まぐろたたき・えび・とびこ・厚焼きたまごなど9種の具材、1本690円,https://news.yahoo.co.jp/articles/e73738cc1306c4c584ec9e26d571674c92e0dd5a,1/16(火) 18:52
ssnp,食品産業新聞社ニュースWEB,アサヒ飲料が強炭酸サーバー「EXTRA BURST（エクストラ バースト）」を今春から業務用で展開へ、家庭用は2025年開始目指す,https://news.yahoo.co.jp/articles/ce8780064f8872e324429c8db4d6c0d4612cfaa9,1/16(火) 18:20
ssnp,食品産業新聞社ニュースWEB,しゃぶしゃぶ温野菜、前菜から〆まで「梅づくし」の「梅たんしゃぶ」1月24日販売開始、食べ放題のほか1人前食べきりの「梅たんしゃぶ御前」も用意、だしや薬味、デザートも「梅」メニューを提供,https://news.yahoo.co.jp/articles/3e067edf39d19b822d2fd8043b73e5027d11a826,1/16(火) 16:55
ssnp,食品産業新聞社ニュースWEB,カルディ「トランク缶」発売、旅行鞄の缶にチョコを詰めあわせ「KALDI」ロゴ入り/バレンタイン2024,https://news.yahoo.co.jp/articles/f5ff2531df948a03004a31cdd6fdd6d69b47e8bc,1/16(火) 16:43
ssnp,食品産業新聞社ニュースWEB,ロッテ「爽 濃林檎(こりんご)」発売、濃密リンゴソース使用で“本物の林檎のような味わい”のアイス,https://news.yahoo.co.jp/articles/f1596ce908c02da1b8db5e3bbb6da106d567f92a,1/16(火) 16:07
ssnp,食品産業新聞社ニュースWEB,ファミリーマート、1月16日から“ファミから”「3個買うと、1個もらえる」キャンペーン開催、「醤油」と「塩」の組み合わせは自由、「ファミから」は22年5月の発売から1億2500万食突破,https://news.yahoo.co.jp/articles/0b5dc296c008f74ba4be3ec1dec552bd05de65e1,1/16(火) 15:45
ssnp,食品産業新聞社ニュースWEB,カルディ「マグカップセット」販売スタート、2024年は丸みを帯びたマグにネイビーのロゴをデザイン、限定コーヒー・チョコレート菓子をセットに,https://news.yahoo.co.jp/articles/0589eb5c9e22c037435bf3e3bffe35a4e3007581,1/16(火) 15:01
ssnp,食品産業新聞社ニュースWEB,イオン、1月17日「トップバリュベストプライス ガッツリ飯×ガッツリ飯」第1弾3品発売、ワンプレートにパスタとドリアとおかずなど「トップバリュ最重量級」の冷凍食品、400gから420gの内容量で満腹に,https://news.yahoo.co.jp/articles/83b9f682986fa540138caed4b47a5414a34ff77d,1/16(火) 14:39
ssnp,食品産業新聞社ニュースWEB,丸美屋「ちいかわ ハヤシ」発売、ハチワレ・うさぎ・モモンガなどのキラキラシール付き、「ちいかわ キャラめんトッピング」も登場,https://news.yahoo.co.jp/articles/faa1e430e21d93ae8eaf4dfd4a8b0a13eb744373,1/16(火) 14:09
ssnp,食品産業新聞社ニュースWEB,スタバ“バレンタイン2024”グッズ販売スタート、チョコレート・ハート・ピンクのマグカップやボトルなど登場/スターバックスコーヒー,https://news.yahoo.co.jp/articles/d56ee8ee2c300d67220535e841158d4c33b0f7be,1/16(火) 13:45
ssnp,食品産業新聞社ニュースWEB,いいちこ初、温かいカップのお酒「ホッといいちこ」発売、レンジで1分で完成、アルコール6%で手軽に楽しめる商品、全国のコンビニやECで販売,https://news.yahoo.co.jp/articles/c6b436de44adc95c98ab6ed29f024ffa1b54241e,1/16(火) 12:49
