media_en,media_jp,title_articles,link_articles,date_original
lmaga,Lmaga.jp,ƒLƒbƒUƒjƒA‚ÌVŠç‚Éu‚x‚‚•‚s‚•‚‚‚…‚’vA‚Q‘ä‚ÌƒJƒƒ‰g—p•Šé‰æE•ÒW‘ÌŒ±‚Å–{Ši”h,https://news.yahoo.co.jp/articles/6b55432bb641296f10d42d3014f72753755ab84c,2/21(…) 17:00
lmaga,Lmaga.jp,ƒpƒeƒBƒVƒGE¬Ri‚S‚O”N‚ÌW‘å¬A‚S“X•ÜŒÀ’è‚ÌƒNƒbƒL[ŠÊ,https://news.yahoo.co.jp/articles/b1a386eda5517a1cf3410028793bcd6208651553,2/21(…) 12:30
lmaga,Lmaga.jp,‘ä˜pƒOƒ‹ƒ‚ğƒAƒŒƒ“ƒW‚µ‚½ƒƒjƒ…[A‘åãuƒGƒvƒƒ“ƒgv‚Å”­”„,https://news.yahoo.co.jp/articles/e912a12cf862f119af8c68fc9d2db29d4410670c,2/21(…) 12:00
lmaga,Lmaga.jp,Äƒr[ƒtƒ“‚ğ‚²‚Í‚ñ‚É‚n‚mAu‚¨‚©‚¸ê—pv‚Ì”ZŒú–¡‚ª“oê,https://news.yahoo.co.jp/articles/3c584d2ec24325da27c6f3bf151429b70f964447,2/21(…) 9:00
lmaga,Lmaga.jp,u“Œ‹ƒŠƒxƒ“ƒWƒƒ[ƒYv‚ª‹ã“dÔ‚ÆƒRƒ‰ƒ{A‚SƒJŒ‰^s‚Ö@‘‚«‰º‚ë‚µ“W‚à‡‚í‚¹‚Äu‚Ğ‚çƒp[v‚ÅŠJÃ,https://news.yahoo.co.jp/articles/fc52ef514ed585745e448771a7508afc4c5dfa8f,2/21(…) 8:00
lmaga,Lmaga.jp,u‚Â‚Ü‚èÅ‚vƒVƒiƒ‚ƒ“ƒ[ƒ‹ê–å“XEƒVƒiƒ{ƒ“‚É‚¢‚¿‚²‚ÌVì‚RíAŠúŠÔŒÀ’è‚Å“oê,https://news.yahoo.co.jp/articles/e31b98b1339fa1e00c27d4a521496be5f843a40e,2/21(…) 7:00
lmaga,Lmaga.jp,‹T—œ˜a–çA“Œ–ìŒ\Œáì•i‚Å‚T”N”¼‚Ô‚èå‰‰u³’¼ƒvƒŒƒbƒVƒƒ[‚à‚ ‚è‚Ü‚µ‚½‚ªv,https://news.yahoo.co.jp/articles/3f3290c4b035236eae394d0d8a61fbe705497fc6,2/21(…) 6:00
lmaga,Lmaga.jp,‚i‚q‘åã‰w‚·‚®‚ÌVƒVƒAƒ^[‚ªu_‚¶‚á‚ñIvAÀÈ‚ÌƒXƒyƒbƒN‚ª‚‚·‚¬‚é‚Æ˜b‘è,https://news.yahoo.co.jp/articles/b674067481c2a3ffadf9995e9f9b7110eaee70ca,2/20(‰Î) 20:30
lmaga,Lmaga.jp,u–³‹‚µ‚½‚ç‚¦‚¦‚ÅIvŒ|”\‹LÒEL“‡i‚İ‚Ì‚·‚¯j‚ÌƒXƒYq•‚è‚Âq‚Ö‚Ì’§”­‚ÉA‹’®ÒƒCƒ‰ƒCƒ‰yƒuƒMƒEƒMz,https://news.yahoo.co.jp/articles/6a02a43150154d8f4434f46fad601477b0ca2211,2/20(‰Î) 20:00
lmaga,Lmaga.jp,’©ƒhƒ‰wƒuƒMƒEƒMx‘æ99‰ñi2Œ21“újEæŞ‹L–‚Ì^ˆÓ‚ğ’m‚é‚½‚ßAƒXƒYqiï—¢j‚ª‚è‚Âqi‹e’n™zqj‚Æ‚Ì‘Î’k‚ÖŒü‚©‚¤,https://news.yahoo.co.jp/articles/4cbd8999e882dc6f6fbc57bea11ced32733e6428,2/20(‰Î) 19:30
lmaga,Lmaga.jp,™ç‰ÔA–Ÿ‰æŒ´ì‚Ìå‰‰ƒhƒ‰ƒ}‚Åˆãt–ğ‚É’§íu‚±‚Ì•¨Œê‚ğ‘åØ‚É‚¨“Í‚¯‚µ‚½‚¢‚Å‚·v,https://news.yahoo.co.jp/articles/a8372bf368fc8a88582dc9687db0564e537bf0c7,2/20(‰Î) 19:00
lmaga,Lmaga.jp,ƒXƒ^ƒo‚ÌuƒeƒB[“Á‰»Œ^v‚É‚Ü‚½V“XA‹“s••ºŒÉ‚É“¯ƒI[ƒvƒ“u‰ïĞ‹A‚ès‚¯‚é‚Ì‚¤‚ê‚µ‚¢v,https://news.yahoo.co.jp/articles/e2e7a4e1000a98665d862d6a2beec5a965d1a9c6,2/20(‰Î) 17:45
lmaga,Lmaga.jp,‹“s‰w’¼Œ‹‚Ì¤‹Æ{İuƒ|ƒ‹ƒ^v‚ª¡tƒŠƒjƒ…[ƒAƒ‹A“‡‚Pü”N‚ÅV‹K‚P‚X“X•Ü‚ªƒI[ƒvƒ“,https://news.yahoo.co.jp/articles/ccf43b190a1372eef490b7e236815fe6c677eb41,2/20(‰Î) 17:00
lmaga,Lmaga.jp,‘åãEƒzƒƒCƒeƒB‚¤‚ß‚¾‚Ìu‚¨‚Ï‚ñ‚¿‚ã‚¤‚³‚¬v‹óŠÔAƒ‰ƒXƒg‚Ít‚ç‚µ‚¢÷‚ªƒe[ƒ},https://news.yahoo.co.jp/articles/0cab5b2df963ee3fd22b664a1c4ec210c986bac1,2/20(‰Î) 16:00
lmaga,Lmaga.jp,uƒJƒvƒŠƒ`ƒ‡[ƒUvl‹C‚m‚.‚PƒXƒpƒQƒeƒB‚ª”¼Šz‚ÉA‚S”N‚É‚P“x‚Ì‚¨“¾‚ÈƒCƒxƒ“ƒg,https://news.yahoo.co.jp/articles/51e101e24a21fb7f978df35e28bb3bfd3a7359b7,2/20(‰Î) 12:00
lmaga,Lmaga.jp,‘åãuƒNƒbƒL[”v‚ª¡”N‚àŠJÃA•s“®‚Ìl‹CŠÊ•—¬s‚Ì’›‚µuŠÃ‚­‚È‚¢ƒNƒbƒL[v‚à[À,https://news.yahoo.co.jp/articles/a97207699ef1b2287dd0c8c1e59663ceeccab752,2/20(‰Î) 11:30
lmaga,Lmaga.jp,‚¿‚¢‚©‚íƒVƒ‡ƒbƒv‚P‚Q“X•Ü–Ú‚Í‘åãESÖ‹´‚ÉAƒI[ƒvƒ“‹L”O‚Åu‚½‚±Ä‚«ƒOƒbƒYv‘½”,https://news.yahoo.co.jp/articles/0069c1ce9c94434cc5c788d657468803917dea95,2/20(‰Î) 8:00
lmaga,Lmaga.jp,‘åãE’†”V“‡‚Ìu“Œ—m“©¥”üpŠÙv‚ªƒŠƒjƒ…[ƒAƒ‹A‘S–ÊƒKƒ‰ƒX’£‚èƒJƒtƒF‚à’a¶,https://news.yahoo.co.jp/articles/8c710158e625acf3ffa0f5b824a8358d4816a985,2/20(‰Î) 7:00
lmaga,Lmaga.jp,_ŒË‚Åƒvƒ‰ƒXƒ`ƒbƒN‚ÌƒŠƒTƒCƒNƒ‹‚ğŠw‚ÔƒCƒxƒ“ƒgA‚R‚O‚Ol‚ªQ‰Á,https://news.yahoo.co.jp/articles/f71e751eb40a5f2bd29731ae205e91de57a3ad88,2/20(‰Î) 6:30
lmaga,Lmaga.jp,‰f‰æw‰A—zt‚Ox‚Ì²“¡k–ƒqŠÄ“Âuğ¡A‚İ‚ñ‚Èwôx‚É‚©‚©‚Á‚Ä‚¢‚év,https://news.yahoo.co.jp/articles/ed48eab97c62c79c9f9fdbcb129068b10c213130,2/19(Œ) 21:00
lmaga,Lmaga.jp,¢ŠEƒŒƒxƒ‹‚Ìƒ}ƒCƒ€”o—DA‚¢‚¢‚Ş‚ë‚È‚¨‚«‚ªu‹{‘òŒ«¡v‚ğ•`‚­u‚í‚©‚ç‚È‚¢•”•ª‚ğ‘z‘œ‚µ‚Ä‚¢‚­‚Ì‚ªAŠy‚µ‚¢‚Æ‚±‚ëv,https://news.yahoo.co.jp/articles/d1cc2673d939381a1ebddf2fd32663227e4c98ee,2/19(Œ) 20:30
lmaga,Lmaga.jp,ƒXƒYq‚Ì–ºEˆ¤q‚ª‹}¬’·AŠÅŒìt–ğ‚Ì—F‹ß‚à’©ƒhƒ‰ó‚¯‚Å‹Á‚«u‘å‚«‚­‚È‚Á‚½‚©‚çcvyƒuƒMƒEƒMz,https://news.yahoo.co.jp/articles/853de513bab24edece7e86efc345a2d64c0008d5,2/19(Œ) 20:00
lmaga,Lmaga.jp,á‚«ˆÀ”{°–¾‚ğ‰‰‚¶‚½Rí•Œ«lAƒƒP’n‚Ì‹“s m˜a›‚É“o’duƒpƒ[AƒGƒlƒ‹ƒM[‚ª‚·‚²‚¢v,https://news.yahoo.co.jp/articles/522653c8de9f7142d4f8486dd9882d153caf91fb,2/19(Œ) 19:30
lmaga,Lmaga.jp,‚l-‚PÅ‰ºˆÊE‚­‚ç‚°‚ªb’è‚PˆÊu•l•Ó”ü”g‚Ì—ÜIHv@‘ŠÈH“°‚ÌP—áuŠXƒuƒ‰-‚PvÅI‰ñ‚É^‹óƒWƒFƒVƒJ‚ç,https://news.yahoo.co.jp/articles/d9d4168e9fb9801588439c7e817f1dd62ce86488,2/19(Œ) 19:00
lmaga,Lmaga.jp,ã‹}‚¤‚ß‚¾‚Ìl‹CÃ–u‹ãB•¨Y“WvA‰‚Ì‚Q‰ïêŠJÃ•‚X‚O“X•Ü‚ÅƒXƒP[ƒ‹ƒAƒbƒv,https://news.yahoo.co.jp/articles/4e1eb2a27c5142740101066aa1bde837abc692ba,2/19(Œ) 18:30
lmaga,Lmaga.jp,‚i‚q‘åã‰w‚·‚®‚Éu‹‘å‚ÈvVƒVƒAƒ^[‚ªƒI[ƒvƒ“A‰ïĞ‹A‚è‚Éƒtƒ‰ƒb‚Æy3Œ––ŠJ‹Æz,https://news.yahoo.co.jp/articles/5f95cee43e2aa7b5607af57a28868024e9bf3d1c,2/19(Œ) 17:45
lmaga,Lmaga.jp,ƒpƒpƒuƒuƒŒ‚ªƒLƒƒƒ“ƒfƒB‚ğu–³—¿”z•zvAƒzƒƒCƒgƒf[‚Ì‰ºŒ©‚É,https://news.yahoo.co.jp/articles/989e0bce694833483083ae05b1a2775d79b89d44,2/19(Œ) 16:00
lmaga,Lmaga.jp,’©ƒhƒ‰wƒuƒMƒEƒMx‘æ98‰ñi2Œ20“újEƒXƒ‰ƒ“ƒv’†‚Ì‚è‚Âqi‹e’n™zqj‚Ì‘O‚ÉAŒ|”\‹LÒ‚ÌL“‡i‚İ‚Ì‚·‚¯j‚ªŒ»‚ê‚é,https://news.yahoo.co.jp/articles/2a000ac007e8f4d5e9bd7f1e1a67c72f46789a49,2/19(Œ) 8:15
lmaga,Lmaga.jp,”D•w‚³‚ñ‚Ì‚½‚ß‚Ìuƒjƒ“ƒvƒo[vA_ŒË‚Ìl‹CƒCƒxƒ“ƒg‚ªÄ—ˆ,https://news.yahoo.co.jp/articles/3ffc69340b464b467d20b6459ef3e8bcf56f6791,2/19(Œ) 8:00
lmaga,Lmaga.jp,u’è”Ô‰»‚µ‚ÄIv‚Ìº‘±oA“Ë‘RŒ»‚ê‚½‚Ñ‚Á‚­‚èƒhƒ“ƒL[‚Ìƒ|ƒeƒgƒƒjƒ…[‚ª˜b‘è,https://news.yahoo.co.jp/articles/bff4acb8da6b0214af812e07287c12bcd7769615,2/19(Œ) 7:30
lmaga,Lmaga.jp,‘åãE”~“c‚Ì–À‹{’n‰ºŠX‚Éö‚Şcu‚c‚sƒ^ƒ[v‚Á‚Ä‚Ç‚±‚â‚Ë‚ñIH,https://news.yahoo.co.jp/articles/d70d8bde1cdd87dff00a3fe81147ff326a135e4b,2/19(Œ) 7:00
lmaga,Lmaga.jp,¬Å•—‰Ô‚ª‰‚Ì‘å‰Ío‰‰A‚Q‚O‚Q‚T”Nu‚×‚ç‚Ú‚¤v‚É“`à‚Ì—V—–ğ‚Å,https://news.yahoo.co.jp/articles/ad0cf3197de7dc41cc258edc80c0cf1e2543a70d,2/19(Œ) 6:30
lmaga,Lmaga.jp,”ª“ˆ’ql‚ªâ‹©A–Ù‚Á‚Ä‚é‚Æ‰æ‚ª•Û‚½‚È‚¢u‚¾‚©‚ç–l‚ç‚Í‚µ‚á‚×‚ç‚È‚«‚á‚¢‚¯‚È‚¢‚ñ‚Å‚·‚æIIIv,https://news.yahoo.co.jp/articles/773d215c9e0994adcd0e76f7d6e7f99543eea03b,2/18(“ú) 22:15
lmaga,Lmaga.jp,–Ø‰ºŠG—›ŠÄ“Â‚ª–‚ğ‚µ‚Äƒfƒrƒ…[AƒTƒCƒGƒ“ƒX‚r‚`‚q‚t~‚l‚a‚r‚Ì‚X‚O•bƒAƒjƒŠé‰æ,https://news.yahoo.co.jp/articles/977dd91da742563d5e66b2247854aa7a62112864,2/18(“ú) 21:30
lmaga,Lmaga.jp,‚‹´“Tu‚¾‚¢‚½‚¢”ª“ˆ’ql‚Ì—×‚É‚¢‚é‚Ì‚Í”ü‚³‚ñAˆá‚¤‚‹´‚¾‚©‚çv,https://news.yahoo.co.jp/articles/fcdeae9ae07bf14b51abf57a9520bb0fb28d8823,2/18(“ú) 21:15
lmaga,Lmaga.jp,NHK‘å‰Íƒhƒ‰ƒ}wŒõ‚éŒN‚Öx‘æ8‰ñi2Œ25“új‚ ‚ç‚·‚¶Eµ‚©‚ê‚´‚éÒ,https://news.yahoo.co.jp/articles/e39381748115ff01c3d6b8d09a99a9609618766d,2/18(“ú) 20:45
lmaga,Lmaga.jp,ƒhƒ‰ƒ€–ğ‚Ì”o—D‚à“oêA_ŒË‚Åu‚u‚h‚u‚`‚m‚sv‰¹Šy‚ÌƒI[ƒPƒXƒgƒ‰ƒRƒ“ƒT[ƒg,https://news.yahoo.co.jp/articles/06defa82301f3f71d151d731dc9452adb5b2a068,2/18(“ú) 20:00
lmaga,Lmaga.jp,’©ƒhƒ‰wƒuƒMƒEƒMx‘æ97‰ñi2Œ19“újEƒXƒYqiï—¢j‚ªƒ^ƒiƒPƒ“i¶£Ÿ‹vj‚Ìå‰‰‰f‰æ‚É•v•w–ğ‚Åo‰‰AÄ‚Ñ‹¤‰‰‚Ö,https://news.yahoo.co.jp/articles/5a36f7815525cd4d796d373092c41381141038c4,2/18(“ú) 19:30
lmaga,Lmaga.jp,‚r‚‰‚˜‚s‚n‚m‚d‚rE‹–{‘å‰äA‚SŒƒhƒ‰ƒ}‚Åå‰‰u‰´‚ğƒ‰ƒuƒRƒ‚ÌålŒö‚É‚·‚é‚È‚ñ‚ÄU‚ß‚Ä‚é‚È[v,https://news.yahoo.co.jp/articles/7159732351010d1121433875517329cc9afc98ea,2/18(“ú) 16:00
lmaga,Lmaga.jp,’N‚ª”ƒ‚¤‚ÌcÅ‚Šz‚Í‚Q‰­‰~AŠÛÖ‹´“X‚ÅuƒS[ƒ‹ƒhƒtƒFƒAv@ƒ~ƒƒƒNƒ~ƒƒƒN¬”»‚à”Ì”„,https://news.yahoo.co.jp/articles/06389fbaa436a066c071f3726293a6aeffdfbe32,2/18(“ú) 12:00
lmaga,Lmaga.jp,”LD‚«•KŒ©I ‚QŒ‚Q‚Q“úu”L‚Ì“úv‚È‚ç‚Å‚Í‚ÌŒÀ’èƒCƒxƒ“ƒgAã_”~“c‚Å,https://news.yahoo.co.jp/articles/475bdbddc409b34431496213e112e14ce5cbb04b,2/18(“ú) 11:30
lmaga,Lmaga.jp,ƒ~ƒbƒtƒB[‚¾‚¯‚¶‚á‚È‚¢Iuƒuƒ‹[ƒiŠG–{“Wv‚ª‘åã•‹“s‚Å—§‚Ä‘±‚¯‚ÉŠJÃ,https://news.yahoo.co.jp/articles/41781a5d8bea50eb3a924efa7deb24f05adc18f2,2/18(“ú) 8:30
lmaga,Lmaga.jp,_ŒË`‘åã“S“¹ŠJ‹Æ‚ª¡”N‚Å‚P‚T‚Oü”NA‚SŒ‚©‚çŠe’n‚ÅƒCƒxƒ“ƒgŠJÃ,https://news.yahoo.co.jp/articles/7cc2668771aba7466a6ff76a653c80167d0f57bb,2/18(“ú) 8:00
lmaga,Lmaga.jp,wî”M‘å—¤x‚ª”‘½‰ØŠÛE‘å‹g‚É–§’…AŒ‹¬‚R‚Rü”NE‚T‚O‘ãƒRƒ“ƒr‚Ì©‘R‘Ì‚Ì”éŒ’T‚é,https://news.yahoo.co.jp/articles/dd231e20d236ccfa9e3f3d50077b8fbb153a5ff6,2/18(“ú) 7:30
lmaga,Lmaga.jp,_ŒË‚Ìu”pšĞƒ‚[ƒ‹v¨ƒGƒ“ƒ^ƒ¤‹Æ{İ‚Ö‚ÆƒŠƒjƒ…[ƒAƒ‹A‚XŠKŒš‚Ä‚Å’´•Ö—˜‚ÉIuƒ_ƒCƒ\[v‚âƒAƒ~ƒ…[ƒYƒƒ“ƒgƒp[ƒN‚à,https://news.yahoo.co.jp/articles/d6665868c5e8ca7e702576fee186f8ba791c28b1,2/18(“ú) 7:00
lmaga,Lmaga.jp,“`à‚ÌuƒXƒl[ƒNƒ}ƒ“ƒVƒ‡[v‚ªÄ‚ÑH ¬—Ñ–ç‚ÆˆÉ•‰ë“‚ªƒ^ƒbƒOA’Z•Ò‰f‘œ§ì‚É’§‚Ş,https://news.yahoo.co.jp/articles/114c41ff6b4c495c56f62842bd9a773a750fc228,2/17(“y) 20:30
lmaga,Lmaga.jp,ƒuƒMƒEƒMŸT—\‚ªŒöŠJAƒXƒYq ‚u‚r ‚è‚Âq‚Ì•s‰¸‚ÈƒV[ƒ“‚É‹’®Ò”ß–Âu‚â‚ß‚Äcv,https://news.yahoo.co.jp/articles/727a0baec00582c71b7222067b86cb4002f5a9f6,2/17(“y) 19:30
lmaga,Lmaga.jp,•l“c‰ëŒ÷~¬º“NÆE‰œ“c–¯¶‚Å\‚µ‚İE“Au‚²‚Ô‚²‚ÔƒtƒFƒXv‚ÉƒRƒuƒNƒ‚â‚«‚á‚è[‚ç‚T‘g”­•\,https://news.yahoo.co.jp/articles/91e0c8fe93ac29131603091643b01d8322584c8a,2/17(“y) 15:30
lmaga,Lmaga.jp,yŒõ‚éŒN‚ÖzƒCƒ[ƒW‚Ü‚ñ‚Ü‚Ì´­”[Œ¾Aƒtƒ@[ƒXƒgƒTƒ}[ƒEƒCƒJ‚Ìƒnƒ}‚è‹ï‡,https://news.yahoo.co.jp/articles/7147f428d3a56ed6301c853071efdb8601fd1ba1,2/17(“y) 13:45
lmaga,Lmaga.jp,‹“s‚É‚ ‚éŠ®‘S—\–ñ§‚Ìƒuƒ‹[ƒ{ƒgƒ‹Au‚W‚X‚O‚O‰~v‚Ìƒƒjƒ…[‚ª•œŠˆ,https://news.yahoo.co.jp/articles/4903a50061571745e5d8056cbfe19fab88595d85,2/17(“y) 13:00
lmaga,Lmaga.jp,ŒCƒ[ƒJ[uƒjƒ…[ƒoƒ‰ƒ“ƒXv‚Å†‘Ü‚ª—L—¿‰»A‚RŒ‚©‚çŠJn,https://news.yahoo.co.jp/articles/5e10c30c9a01dc54dc7b81ecf037746eb26631a3,2/17(“y) 11:30
lmaga,Lmaga.jp, ‰êŒ§‚Åu”~‚Ü‚Â‚èvA”~‰Ùq‚â’nŒ³‚Ì“ÁY•iƒ}ƒ‹ƒVƒF‚à“oê,https://news.yahoo.co.jp/articles/c5b0395b23a711e2ce370df05606179d3828bb85,2/17(“y) 9:00
lmaga,Lmaga.jp,Œ€ê”Åu–¼’T’ãƒRƒiƒ“v‚Ì¹’nA‘åãŒÀ’è‚Ì‹‘åŠÅ”Âƒ‚ƒfƒ‹‚Í‰ö“ƒLƒbƒh‚Æ••”•½Ÿ,https://news.yahoo.co.jp/articles/4055425cea99ae6e01a0f97a5b0ec63cd8de0826,2/17(“y) 8:00
lmaga,Lmaga.jp,•Ğv‚¢‚P‚Q”N•”’‚Q‚P‰ñ‚à‹ÊÓcu¬ˆ«–‚‚·‚¬‚é•vv‚Ìs“®‚É‚l‚bŒƒ“{yV¥‚³‚ñ‚¢‚ç‚Á‚µ‚á‚¢Iz,https://news.yahoo.co.jp/articles/13df988fba7c5f42db9c6c9b42a2bc03f724170a,2/17(“y) 7:00
lmaga,Lmaga.jp,uˆÓ–¡‚ª•ª‚©‚ç‚È‚­‚ÄD‚«vˆ¤•–ğE…ãPi‚ªwƒWƒƒƒ“ƒOƒ‹ƒuƒM[xˆß‘•‚ğÌ^Aƒtƒ‹ƒo[ƒWƒ‡ƒ“‚àŒöŠJ,https://news.yahoo.co.jp/articles/1a1650cf9b602366f50fb82a9f81417bc720e67b,2/16(‹à) 20:00
lmaga,Lmaga.jp,l‹CƒJƒtƒFu‰“c•FàÛàèv‚ª‘Ò–]‚Ì‘åão“XA‚Q‚O‚Q‚S”N‰ÄƒI[ƒvƒ“,https://news.yahoo.co.jp/articles/66149ccea370d37b599379b7eb22c1497f714a84,2/16(‹à) 18:15
lmaga,Lmaga.jp,ˆÓŠO‚É‚à‰I ƒJ[ƒrƒB~ƒnƒbƒs[ƒZƒbƒgu‚Ê‚¢‚®‚é‚İv‚Éƒtƒ@ƒ“Š½Šì,https://news.yahoo.co.jp/articles/4513dddf0121567affeef3394742864c12437b24,2/16(‹à) 17:30
lmaga,Lmaga.jp,‘åãé‚Ì‰º‚É–°‚é‘åâé‚ª—ˆtŒöŠJA“VçŠt‚ÆƒZƒbƒg‚É‚È‚è‚Q”{‚Ì“üŠÙ—¿‚É,https://news.yahoo.co.jp/articles/7052d906b1f43bac80a73dc02e1bc13479912f52,2/16(‹à) 17:00
lmaga,Lmaga.jp,u‚P”Ôv‚ğu‚¢‚Á‚¿‚á‚ñv‚É•ÏXAwƒuƒMƒEƒMxˆ¤•–ğE…ãPi‚ª‚±‚¾‚í‚Á‚½‘åã•Ù‚ÌƒZƒŠƒt,https://news.yahoo.co.jp/articles/11e1d020883368cd6e57a1723f564991ec49f781,2/16(‹à) 17:00
lmaga,Lmaga.jp,ƒvƒŒƒ~ƒAƒ€‚È‚ ‚¸‚«ƒo[‚ªu‚à‚Á‚Æ‚ ‚¸‚«v‚ÉA‚±‚¾‚í‚Á‚½•ª‚P‚O‰~’lã‚ª‚è,https://news.yahoo.co.jp/articles/c6c9a14b4897ea2ef382febf48d4a164553f1652,2/16(‹à) 12:00
lmaga,Lmaga.jp,‘åãs‚ª‚O`‚QÎ™‚ğèŒú‚­x‰‡A‚Q‚U”N‚É‚Pq‚©‚ç–³‰»ÀŒ»‚Ö,https://news.yahoo.co.jp/articles/cef01e834a40a1ea0e15a28c02b9c6fb3bdad819,2/16(‹à) 11:45
lmaga,Lmaga.jp,–kŠC“¹ˆÈŠO‚Å‚Í¡ƒV[ƒYƒ“ÅŒãA_ŒË‚És—ñƒXƒC[ƒcu‚r‚m‚n‚v‚rv‚Ìƒ|ƒbƒvƒAƒbƒvƒXƒgƒA,https://news.yahoo.co.jp/articles/cf07e373f163e165de97f25767ae5b614bbfccf6,2/16(‹à) 11:00
lmaga,Lmaga.jp,‚r‚t‚o‚d‚q ‚d‚h‚f‚g‚sE‰¡R—Tu‚È‚º‚P‚O‚O‰ñ‹L”O‚ÉiÎjvA‹Md‚Ìg”šHph‚ÉŒã”y‚ÍŠ´“®,https://news.yahoo.co.jp/articles/724ca6d66b2187c90758f4d0b7714d30f8d4e1de,2/16(‹à) 10:30
lmaga,Lmaga.jp,Î‚¢‚Ì‘‡Ši“¬‹ZuÀ‰¤v‚R‚O‚O‰ñ‹L”O‚r‚oAÎ‚¢”ÑE¼“c‚çƒI[ƒ‹ƒXƒ^[‚ªWŒ‹,https://news.yahoo.co.jp/articles/924611488b3dd9762fbeb64605b79928fdc40bd5,2/16(‹à) 10:00
lmaga,Lmaga.jp,u‹`—v‚Æu‚¨‚¹‚Á‚©‚¢v‚Ìƒƒ“ƒOƒpƒXcƒXƒYq‚Æƒ^ƒCq‚Ì˜a‰ğ‚Æ—Fî‚É‚Â‚¢‚ÄA§ì“Š‡‚Éu‚¢‚½,https://news.yahoo.co.jp/articles/e47c3145dc57393d5b9e8afcfb851d6d609d9b28,2/16(‹à) 8:15
lmaga,Lmaga.jp,ŒÃ“s‚Ì–¼“X‚ª‚¸‚ç‚èA‹“sE‰ªèŒö‰€‚Ìu‹‚ÌH•¶‰»‘ÌŒ±v‚ª’´‹‰Ø,https://news.yahoo.co.jp/articles/b6d22073f6f1a138e7340ed232152370351176d1,2/16(‹à) 8:00
lmaga,Lmaga.jp,”ÆsŒ»ê‚â–œÎO¥cIH ˜b‘è‚Ìu‚É‚á‚ñ‚±lšnŒêv‚ª—X•Ö‹ÇƒOƒbƒY‚É,https://news.yahoo.co.jp/articles/df2163badba7c3fd1e8af3c9d20de80a020b345d,2/16(‹à) 7:30
lmaga,Lmaga.jp,‘åã‰w‘O‚ÉV‚½‚ÈƒVƒ‡ƒbƒsƒ“ƒOƒZƒ“ƒ^[’a¶A‚Q‚O‚Q‚T”NtŠJ‹Æ‚Ö@‚Q‚T‰­‰~ƒ}ƒ“ƒVƒ‡ƒ“‚â‹‘åŒö‰€‚àŒšİ’†,https://news.yahoo.co.jp/articles/2d89c7c054ba9c977139cbbfdf68f201e5485fa3,2/16(‹à) 7:00
lmaga,Lmaga.jp,‘åã•{‚Q‚O‚Q‚S”N—\ZˆÄ‚Íu‘åãEŠÖ¼–œ”v€”õ‚Ì‘dã‚°,https://news.yahoo.co.jp/articles/9c9efe7e0ee78f1a6d9cf3f4fa294415bef596e2,2/16(‹à) 6:45
lmaga,Lmaga.jp,’©ƒhƒ‰w‚¨‚Ş‚·‚ÑxƒqƒƒCƒ“‚Ì‹´–{ŠÂ“ŞA‹¤‰‰Ò‚Éu—Š‚è‚É‚È‚é•û‚Î‚©‚èv,https://news.yahoo.co.jp/articles/067c9fd438b90de0386e428ec6d449632d254ba3,2/16(‹à) 6:30
lmaga,Lmaga.jp,’©ƒhƒ‰‰o‰‰‚Ìƒ}ƒcƒPƒ“A‹´–{ŠÂ“Ş‚Ì‘c•ƒ–ğ‚ÉˆÓ‹C‚İu‚±‚ê‚Ü‚Å‚É‰‰‚¶‚½‚±‚Æ‚È‚¢l•¨v,https://news.yahoo.co.jp/articles/590411077b6e5b2eefede0f96354dc6054cb3232,2/16(‹à) 6:00
lmaga,Lmaga.jp,‹´–{ŠÂ“Şå‰‰E’©ƒhƒ‰w‚¨‚Ş‚·‚ÑxA‹{è”üq‚ªo‰‰Œˆ’èu–¾˜N‚Å—Š‚è‚É‚È‚é‚¨‚Î‚ ‚¿‚á‚ñ‚Év,https://news.yahoo.co.jp/articles/2432e818ab3db6e5514a983e7a44bf53e548466e,2/16(‹à) 6:00
lmaga,Lmaga.jp,’©ƒhƒ‰‰o‰‰‚Ì–ƒ¶‹v”üqAƒqƒƒCƒ“‚Ì•êe–ğ‚ÉˆÓ‹C‚İuì•i‚É’§í‚µ‘±‚¯‚½‚¢v,https://news.yahoo.co.jp/articles/2906751c7a337e48d0fa966cbc1ec9d4af71a72d,2/16(‹à) 6:00
lmaga,Lmaga.jp,–k‘º—L‹NÆA’©ƒhƒ‰w‚¨‚Ş‚·‚Ñx‚Å‹´–{ŠÂ“Ş‚Ì•ƒe–ğ‚ÉŠ´Óu‘å–ğ‚ğ‹Â‚¹‚Â‚©‚Á‚½v,https://news.yahoo.co.jp/articles/983cbb163a6da941f3fea0513f6a4f2e60d7a583,2/16(‹à) 6:00
lmaga,Lmaga.jp,ƒƒ“ƒo[‚à”F‚ß‚éu—Ç‚¢ƒOƒ‹[ƒvvA‚Ó‚§`‚ä`‚Ì›Z‚Ñ‚È‚¢–£—Í‚Æ‚ÍHud–‚ª‘‚¦‚Ä‚àA‚»‚ÌƒXƒ^ƒ“ƒX‚Í•Ï‚í‚ç‚È‚¢v,https://news.yahoo.co.jp/articles/31475ef3f922b62bec694d8417de42ccf024436e,2/15(–Ø) 20:30
lmaga,Lmaga.jp,‚ ‚³ƒCƒ`‚Éƒ^ƒCq–ğE“¡ŠÔ‘uq‚ª“oêAƒuƒMƒEƒM–{•Ò‚Æ‚Ì·‚ÉÓßu‚±‚Ìƒ^ƒCƒ~ƒ“ƒO‚Åcv,https://news.yahoo.co.jp/articles/a072d7fd103b76b1e8cfa1372755026123c3160f,2/15(–Ø) 20:00
lmaga,Lmaga.jp,’©ƒhƒ‰wƒuƒMƒEƒMx‘æ96‰ñi2Œ16“újEƒXƒYqiï—¢jAV‹ÈuƒWƒƒƒ“ƒOƒ‹EƒuƒM[v‚ÅV‹«’n‚ğŠJ‚­,https://news.yahoo.co.jp/articles/0fca665cc806e5684abfbe22d26b66c7831b4820,2/15(–Ø) 19:30
lmaga,Lmaga.jp,çŒ´ƒWƒ…ƒjƒAŠé‰æ‚ÌwÀ‰¤x‚ª‚R‚O‚O‰ñ•ú‘—uŒ|l‚Í•K€A‰œ‚Ìè‚ğg‚í‚È‚¯‚ê‚Î‚¢‚¯‚È‚¢‚Æ‚«‚àv,https://news.yahoo.co.jp/articles/a4a6e3c2ee8bbc3b9b6e3893ddfb1c8d5d784cec,2/15(–Ø) 19:00
lmaga,Lmaga.jp,u‚æ‚­v‚¢‚Â‚¢‚Ä‚­‚ê‚½Iv‚n‚m‚d ‚o‚h‚d‚b‚d~ƒOƒ‰ƒjƒtƒRƒ‰ƒ{•‚Éƒtƒ@ƒ“‹»•±A‚·‚Å‚É”„‚èØ‚ê¤•i‚à,https://news.yahoo.co.jp/articles/4a68bb88bde79672166cb7c328c0234826fc3b0e,2/15(–Ø) 18:30
lmaga,Lmaga.jp,‘•óu•Fªév‚ªŒõ‚ÌƒA[ƒg‚ÅtF‚ÉA–é÷‚Ìƒ‰ƒCƒgƒAƒbƒv‚à,https://news.yahoo.co.jp/articles/4fb1d704d1be6a378ead7552e02ba549431e3cbb,2/15(–Ø) 17:00
lmaga,Lmaga.jp,‘åã•{‚ªV”N“x‚‚R‚©‚çö‹Æ—¿–³‚ÖAàŒ¹‚Í‚±‚ê‚Ü‚ÅŒŠ–„‚ß‚µ‚Ä‚¢‚½Šî‹à,https://news.yahoo.co.jp/articles/06e67dfabd61282c841ca7dbc302763a135ff983,2/15(–Ø) 16:30
lmaga,Lmaga.jp,”o—D^ƒA[ƒeƒBƒXƒgE‚Ì‚ñAuã‹}¼‹{ƒK[ƒfƒ“ƒYvƒŠƒjƒ…[ƒAƒ‹‚ÌƒCƒ[ƒWƒLƒƒƒ‰ƒNƒ^[‚É,https://news.yahoo.co.jp/articles/107a4de5f3ee54fccd45c62a9512c92f0e1fa0e1,2/15(–Ø) 13:00
lmaga,Lmaga.jp,uŠÖ¼‚Ì‚¨Î‚¢ŠEA–{“–‚É·‚èã‚°‚È‚¢‚Ævc“Ç”„ƒeƒŒƒr§ì’S“–‚ªƒRƒƒ“ƒg@¡”N‚Í‚P‚O‘gˆÈã‚ªu“Œ‹iov”­•\,https://news.yahoo.co.jp/articles/c0dbd7ff83aef4347814c0890b20c0d7f0f7f469,2/15(–Ø) 12:15
lmaga,Lmaga.jp,ƒ~ƒjƒXƒgƒbƒv‚ÅuŠ´ÓÕvA‰¿Ši‚»‚Ì‚Ü‚Ü‘—Ê‚â‚¨‚É‚¬‚è‚X‚W‰~‹Ïˆê‚É,https://news.yahoo.co.jp/articles/6a983e8969fbf30b22830d1f79bcc934db8fe43c,2/15(–Ø) 11:00
lmaga,Lmaga.jp,ƒPƒ“ƒ^ƒbƒL[‚Ìl‹Cƒo[ƒK[ƒZƒbƒgA‚RTŠÔŒÀ’è‚Åu‚T‚T‚O‰~v‚É,https://news.yahoo.co.jp/articles/0548b4119d0c746e3336ff4d1a0e06bd4d791a1a,2/15(–Ø) 8:00
lmaga,Lmaga.jp,‘åã‰w‘O‚ª‚Ü‚½i‰»c¡‰ÄŠJ‹Æ‚ÌV‰wƒrƒ‹uƒCƒmƒQ[ƒg‘åãvAˆùHƒ][ƒ“‚ÌÚ×Œˆ’è,https://news.yahoo.co.jp/articles/026549e5e5e06de02633e8728f7c7626c4de5a53,2/15(–Ø) 7:30
lmaga,Lmaga.jp,‹“s‚Å‚W”N‚Ô‚èI‘ºã—²‚Ìì•i‚P‚V‚O“_W‚¤‘å‹K–Í“WA–ñ‚VƒJŒ‚Ìƒƒ“ƒOƒ‰ƒ“ŠJÃ,https://news.yahoo.co.jp/articles/d615812c0feae056bf116a101a460a08cbfe1422,2/15(–Ø) 7:00
lmaga,Lmaga.jp,‘åã•{u‘å‚«‚Èß–ÚvAØ‹à‚µ‚½‚T‚Q‚O‚Q‰­‰~‚ğ‚P‚T”N‚Å•œŒ³,https://news.yahoo.co.jp/articles/3c020450662fb3439c34f48cf12acd7173137982,2/15(–Ø) 6:30
lmaga,Lmaga.jp,ƒoƒEƒ€ƒN[ƒwƒ“‚ª‚R‚O‚Oí‚ª•S‰İ“Xu_ŒËã‹}v‚ÉWŒ‹A‚²“–’nƒoƒEƒ€‚âH‚×”ä‚×‚à,https://news.yahoo.co.jp/articles/99cf25c9facb582e95aacb9d58c80a199d549d1d,2/14(…) 20:30
lmaga,Lmaga.jp,ƒ^ƒCqi“¡ŠÔ‘uqj‚ªƒXƒYqiï—¢j‚É•ú‚Á‚½ƒZƒŠƒt‚ÉA‚r‚m‚r¢˜fu–{“–‚É‰½‚ªcvyƒuƒMƒEƒMz,https://news.yahoo.co.jp/articles/4485934644af5acab81a9cfdd91ec174cc2335e2,2/14(…) 20:00
lmaga,Lmaga.jp,’©ƒhƒ‰wƒuƒMƒEƒMx‘æ95‰ñi2Œ15“újEƒXƒYqiï—¢jAÄ‰ï‚µ‚½—c‚È‚¶‚İ‚Ìƒ^ƒCqi“¡ŠÔ‘uqj‚½‚¿eq‚Ì—Í‚É‚È‚è‚½‚¢‚Æ–z‘–‚·‚é,https://news.yahoo.co.jp/articles/ae2a51792b75f7cee8590c4f23b29ea606ef8ef5,2/14(…) 19:30
lmaga,Lmaga.jp,yŒõ‚éŒN‚ÖzuŠ™‘q“av‹`•­qo’í‚Ì“ñ‚Ì•‘‚¢‚É‚ÍcA‹g“c—r‚Æ•¿–{—C‚ª‰‰‚¶‚éo’í‚ªŒü‚©‚¤“¹,https://news.yahoo.co.jp/articles/f8c2f1bc66b1eb9af32b741be7fa477ab3b1ecfd,2/14(…) 18:30
lmaga,Lmaga.jp,‘åãEƒGƒLƒXƒ|ƒVƒeƒB‚Éu‘“àÅ‘å‹‰v‚Ì—V‚ÑêAº“àƒXƒP[ƒgƒp[ƒN‚ª’a¶,https://news.yahoo.co.jp/articles/8a47988c77d9d98600ffc7be02b79dfa1c2d415b,2/14(…) 17:00
lmaga,Lmaga.jp,Ä‚«ƒr[ƒtƒ“‚©‚ç‰»Ï•iƒTƒ“ƒvƒ‹A‚³‚ç‚É‚ÍŒ~“÷‚Ü‚ÅcŠÖ¼‚É‚ ‚éi‰»Œ^u‚¨‚à‚µ‚ë©”Ì‹@v,https://news.yahoo.co.jp/articles/f39aeb2f91cfc5039fc29315cfce1f76c3db3028,2/14(…) 16:00
lmaga,Lmaga.jp,‹à”šEŠì–î•–Lu‚Ó‚§`‚ä`‚Á‚Ä’N‚¾IHvA‚»‚ÌƒGƒ“ƒ^ƒ°‚É‚Íƒ‰ƒCƒoƒ‹S‚à,https://news.yahoo.co.jp/articles/10640ea5842fbec230b1960f0c45a5a5c3c77306,2/14(…) 14:00
lmaga,Lmaga.jp,‹“s‚ÅÄ‚«‚½‚Ä‚Ìƒpƒ“‚ÆƒR[ƒq[AŠy‰€‚Ì‚æ‚¤‚ÈÃ–‚ªŠJÃ,https://news.yahoo.co.jp/articles/d6a49d727587c65643196b6f3a2ac21887e23c16,2/14(…) 12:15
lmaga,Lmaga.jp,_ŒËƒRƒƒbƒP‚Ìu‚Ë‚±ƒRƒƒbƒPv•œŠˆAŒö®ƒLƒƒƒ‰‚ªƒ‚ƒ`[ƒt,https://news.yahoo.co.jp/articles/951c23bb2f83dae7d4b59cd7cf68a65c00b977ab,2/14(…) 11:00
lmaga,Lmaga.jp,‘åãƒ}ƒ‰ƒ\ƒ“‘O‚É‚Q“úŠÔ‚ÌƒCƒxƒ“ƒgA‚³‚â‚âƒrƒXƒPƒbƒgƒuƒ‰ƒU[ƒY‚ç‹g–{Œ|l‚à“oê,https://news.yahoo.co.jp/articles/e9821e44332f1795ee1f69b6e9a6b2af100c0580,2/14(…) 8:30
lmaga,Lmaga.jp,u‰f‚¦‚éƒsƒNƒjƒbƒNv‚É‚àI –ñ‚P‚O‚Oí‚Ìu‚¢‚¿‚²ƒOƒbƒYvAƒtƒ‰ƒCƒ“ƒOƒ^ƒCƒK[‚©‚çVì“oê,https://news.yahoo.co.jp/articles/a05de571de5ee41ad97e130c6194e3476018b8d4,2/14(…) 7:30
lmaga,Lmaga.jp,_ŒË`‚É‚Q‚O‚Q‚T”Nt‚É’a¶‚ÌVƒAƒŠ[ƒiA‚»‚Ì–¼Ì‚ªŒˆ’è,https://news.yahoo.co.jp/articles/9b1313b0723e955d38708cafb10535bff651c48b,2/14(…) 7:15
lmaga,Lmaga.jp,“ì‘åã‚Åu–ŠJ‚Q‚S‚O–{‚Ì”~~‚±‚½‚Âv‚Ìl‹C–ìŠOƒCƒxƒ“ƒgA‰ÔŒ©ƒt[ƒh‚à,https://news.yahoo.co.jp/articles/0730217348b45127427826969bab0d1798db20c2,2/14(…) 7:00
lmaga,Lmaga.jp,u‰Æ‘°‚Å‰•å‚µ‚½Iv‚e‚e‚V‚ÌƒRƒ‰ƒ{‰Ô‰ÎA‘åã‚Å–¼‹È‚Æ‚Æ‚à‚ÉƒQ[ƒ€‚Ì¢ŠE‚ğ‰‰o,https://news.yahoo.co.jp/articles/b392c24158143e7a312618a2e199ff1d82e2e125,2/13(‰Î) 21:00
lmaga,Lmaga.jp,u‚»‚ÌŒä‘‚i‘åä•vHvƒXƒYq‚Ì“¯ŠúEƒŠƒŠ[‚ÌŒ‹¥‘Šè‚ª”»–¾A‚È‚º‚©‘Oìw‚ç‚ñ‚Ü‚ñx‚ª˜b‘è‚ÉyƒuƒMƒEƒMz,https://news.yahoo.co.jp/articles/4e1ccdf05d02724fd1071926f6f7a7d7db69979f,2/13(‰Î) 20:00
lmaga,Lmaga.jp,’©ƒhƒ‰wƒuƒMƒEƒMx‘æ94‰ñi2Œ14“újEƒXƒYqiï—¢j‚ª‚©‚Â‚Ä‚Ìe—FEƒ^ƒCqi“¡ŠÔ‘uqj‚Æv‚í‚ÊŒ`‚ÅÄ‰ï‚·‚é,https://news.yahoo.co.jp/articles/e40a057c9e3db48da7e3c9975790712a3362796d,2/13(‰Î) 19:30
lmaga,Lmaga.jp,“Œ‹‚Å˜b‘è‚Ìu—F’B‚ª‚â‚Á‚Ä‚éƒo[v‚ª‘S‘‚ÉAƒ†ƒj[ƒN‚·‚¬‚é–¼‘O‚ÌŠÊ,https://news.yahoo.co.jp/articles/365f6a38bc38999ad65e75a9adfe8c4f9dce098e,2/13(‰Î) 19:00
lmaga,Lmaga.jp,uâ‘Î”ƒ‚¤IvƒXƒ^[ƒoƒbƒNƒX‚É÷ƒOƒbƒY‘æ‚P’eAƒrƒrƒbƒh‚ÈFg‚¢‚É,https://news.yahoo.co.jp/articles/a3ded38eaf4ea1653766e98e99464a2bb95f96a7,2/13(‰Î) 17:45
lmaga,Lmaga.jp,]ŒË‘ã‚©‚çŒ»‘ã‚Öcƒ_ƒCƒiƒ~ƒbƒN‚È•§‘œu‰~‹ó•§vA–ñ‚P‚U‚O‘Ì‚ª‘åã‚ÉWŒ‹,https://news.yahoo.co.jp/articles/75db43a26bdf0dfa0174e42879f3e77b46752ef7,2/13(‰Î) 17:30
lmaga,Lmaga.jp,‘åã‚ÅŠJÃE“ú–{Å‘å‹‰‚ÌƒRƒXƒvƒŒÕu“ú–{‹´ƒXƒgƒŠ[ƒgƒtƒFƒXƒ^vA‚T”N‚Ô‚è•œŠˆ‚ÅŠì‚Ñ‚Ìº‘±o,https://news.yahoo.co.jp/articles/bfa46b3f5f6612022800b5931734576958136210,2/13(‰Î) 15:50
lmaga,Lmaga.jp,‘åãéu”~—Ñvƒs[ƒN‚Í‚QŒ––‚Ü‚ÅAŠO‘lŠÏŒõ‹q‚ç‚Å“ö‚í‚¤@¡‚¾‚¯u”~—Ñƒ[ƒ\ƒ“v‚à‰c‹Æ’†,https://news.yahoo.co.jp/articles/feef681854cc5bb1917c74da57c601834ecfd66f,2/13(‰Î) 15:30
lmaga,Lmaga.jp,uöŠoHvu‚ ‚ê‚É‚µ‚©Œ©‚¦‚È‚¢vƒtƒ@ƒ~ƒ}~ƒ„ƒ}ƒg‰^—AƒRƒ‰ƒ{‚ÌuƒNƒƒlƒRƒP[ƒLvA‚ ‚éŠEŒG‚Å˜b‘è‚É,https://news.yahoo.co.jp/articles/46332af328aa58d1468ce3d14d91ede5e9cbe644,2/13(‰Î) 11:00
lmaga,Lmaga.jp,í‘ˆß‘•‚Ìu–¼’T’ãƒRƒiƒ“vAŠúŠÔŒÀ’èƒVƒ‡ƒbƒv‚ªƒ~ƒ‰ƒCƒU‘åãé‚ÉƒI[ƒvƒ“,https://news.yahoo.co.jp/articles/ec3f4dedc8d326d0ab9efd183d6daa66e546b78a,2/13(‰Î) 7:00
lmaga,Lmaga.jp,¢ŠE“IwŠöÒE¬àVª¢‚³‚ñ‚ğÃ‚ÑAu¼–{ƒtƒFƒXƒeƒBƒoƒ‹v‚Ì–Í—l‚ğ‚m‚g‚j ‚a‚r•‚dƒeƒŒ‚ÅÄ•ú‘—,https://news.yahoo.co.jp/articles/d699a164f3912b1f56bcb9249a423ffbc4246434,2/12(Œ) 23:30
lmaga,Lmaga.jp,ƒAƒjƒ§ì‰ïĞuƒTƒCƒGƒ“ƒX‚r‚`‚q‚tvA‚l‚a‚r‚Æƒ^ƒbƒO‚Å‚X‚O•b‚ÌƒVƒ‡[ƒgƒAƒjƒ‚ğ§ì,https://news.yahoo.co.jp/articles/6cc0352cf82bea64c46239fa7b1f97078a2ca72e,2/12(Œ) 20:30
lmaga,Lmaga.jp,wƒuƒMƒEƒMx‰“oê‚Ì“c’†—í“ŞA‚Ü‚³‚©‚Ì˜A‘±o‰‰‚ÅuƒMƒƒƒbƒv‚·‚²‚¢v‹Á‚«‚Ìº‘±o,https://news.yahoo.co.jp/articles/68a6e904bb8ee8c1e50ff0c93b3aeab9e200c9f6,2/12(Œ) 20:00
lmaga,Lmaga.jp,’©ƒhƒ‰wƒuƒMƒEƒMx‘æ93‰ñi2Œ13“újE–é‚Ì—LŠy’¬‚ğdØ‚é—«A‚¨ƒ~ƒli“c’†—í“Şj‚ªƒXƒYqiï—¢j‚ÌŠy‰®‚Éæ‚è‚ñ‚Å‚­‚é,https://news.yahoo.co.jp/articles/eff92935e7bcf8e2278b9bc7b59d9e91d68a039b,2/12(Œ) 19:30
lmaga,Lmaga.jp,ŠÖ¼‚Ì‰¹Šyƒtƒ@ƒ“‚É‚Í‚¨‚È‚¶‚İE´…‰¹ò‚ÌVƒCƒxƒ“ƒgu‚m‚…‚˜‚” ‚s‚ “’vA’–Ú‚Ì‚R‘g‚ª‹£‰‰,https://news.yahoo.co.jp/articles/86d059e91dcd2cf541151da7c4f4f822393becc4,2/12(Œ) 19:00
lmaga,Lmaga.jp,uƒnƒCƒLƒ…[!!vƒLƒƒƒ‰ƒNƒ^[‚P‚Sí‚ÌƒXƒ^ƒ“ƒv‚ªì‚ê‚éA‘åã‚Ì‰f‰æŠÙ‚È‚Ç‚Éİ’u,https://news.yahoo.co.jp/articles/8f5d65ef429420ae5962e834bf558237592efd38,2/12(Œ) 17:00
lmaga,Lmaga.jp,ƒtƒ@ƒ~ƒ}‚ÅƒlƒRÕ‚èAu“÷‹…ƒpƒ“vuƒlƒRƒoƒEƒ€ƒN[ƒwƒ“v‚È‚Ç‚P‚X•i‚ª¨‚¼‚ë‚¢ƒjƒƒ`,https://news.yahoo.co.jp/articles/c9ec1a52114a453c9f7db2f5600c8a163acb2c58,2/12(Œ) 14:00
lmaga,Lmaga.jp,‚³‚â‚Ì‚l-‚P˜b‘èƒlƒ^uŒ©‚¹Zv‚ª‘ål‹C@‚Ğ‚çƒp[‚Å‚Ü‚³‚©‚Ì•‘‘ä‰»A‰ïê‚ª•¦‚­u•ª‚©‚è‚É‚­‚¢‚Á‚Äº‚ªcv,https://news.yahoo.co.jp/articles/d3f6eb057561c1324b1d0ad3a341c1163dce4bc7,2/12(Œ) 10:00
lmaga,Lmaga.jp,NHK‘å‰Íƒhƒ‰ƒ}wŒõ‚éŒN‚Öx‘æ7‰ñi2Œ18“új‚ ‚ç‚·‚¶E‚¨‚©‚µ‚«‚±‚Æ‚±‚»,https://news.yahoo.co.jp/articles/8b05117205a891d313997f8267ae674489cb5815,2/12(Œ) 9:00
lmaga,Lmaga.jp,’©ƒhƒ‰wƒuƒMƒEƒMx‰“oê‚Ì“c’†—í“ŞAï—¢‚Ìu”ß‚µ‚İv‚Ì‰‰‹Z‚ğâ^u–{“–‚É‚·‚²‚¢v,https://news.yahoo.co.jp/articles/718bdbf38b038c941cdae1408e13b265ba1d1983,2/12(Œ) 8:15
lmaga,Lmaga.jp,ã_‚‘¬‚S†˜pŠİüu‘å•l`ò‘å’Ãv‹æŠÔA‚SŒ‚P‚U“ú‚©‚çI“ú’Ês~‚ß‚É,https://news.yahoo.co.jp/articles/fcac6817c9c16a560485ada03bfab070e539a2a1,2/12(Œ) 7:30
lmaga,Lmaga.jp,‚q|‚PŒˆŸ‚Éjã‰‚ÌƒAƒ}ƒ`ƒ…ƒAŒ|lA‘åãİZ‚Ì‰ïĞˆõE‚Ç‚­‚³‚¢ƒXƒCƒbƒ`Šé‰æu‘e‘Š‚ª‚È‚¢‚æ‚¤‚Év,https://news.yahoo.co.jp/articles/e564f6dd6193f9f9387e3a14f1d200673b3aa459,2/12(Œ) 7:00
lmaga,Lmaga.jp,–ŸËt‚Ìu‚Â‚©‚İ–â‘èv‚ª‰ü‚ß‚Ä•‚‚«’¤‚è‚ÉA‚™‚”‚––ŸËVlÜ,https://news.yahoo.co.jp/articles/f4b7eb6afd909209a469a2255a30b0b0554bd181,2/11(“ú) 20:00
lmaga,Lmaga.jp,’©ƒhƒ‰wƒuƒMƒEƒMx‘æ92‰ñi2Œ12“újEuƒuƒM‚Ì—‰¤v‚ÆŒÄ‚Î‚ê‚é‚æ‚¤‚É‚È‚Á‚½ƒXƒYq‚ªAŒ|”\‹LÒ‚ÌL“‡i‚İ‚Ì‚·‚¯j‚©‚çæŞ‚ğó‚¯‚é,https://news.yahoo.co.jp/articles/f2d7cbf31ec9afe4168238698c0e71cc549703bb,2/11(“ú) 19:30
lmaga,Lmaga.jp,‚È‚É‚í’jqE“¡Œ´äˆê˜YAwlŠÔ‘•ó‚³‚ñx‚ÌƒƒP‚É‰’§íu‚¤‚ê‚µ‚·‚¬‚Äe‚É•ñ‚µ‚Ü‚µ‚½iÎjv,https://news.yahoo.co.jp/articles/413be787cda3965627cc1f997b7b8a38ad6582e5,2/11(“ú) 19:00
lmaga,Lmaga.jp,uƒNƒZ‚Ğ‚çƒp[v‚ªƒgƒŒƒ“ƒh“ü‚è@—ß˜aƒƒ}ƒ“‚çŒ|l‚ª‰€“à—û‚è•à‚«caVŠé‰æ‚Éˆê‘›‘R,https://news.yahoo.co.jp/articles/03aa3cfca6f204a873f52cf311b5c9f5d310135e,2/11(“ú) 16:45
lmaga,Lmaga.jp,V‚l|‚P‰¤ÒE—ß˜aƒƒ}ƒ“‚ª‚Ğ‚çƒp[‚ÉA–ñ‚U‚T‚O‚Ol‚ª‘å”M‹¶u‚¿‚å‚Á‚ÆÃ‚©‚É‚µ‚Ä‚à‚ç‚Á‚ÄIv,https://news.yahoo.co.jp/articles/2a3e9b8a0f3bc052d08c3931dec4694185d528af,2/11(“ú) 16:30
lmaga,Lmaga.jp,VŠìŒ€E‚·‚Á‚¿[‚ç‚ªl‹Cº—D‚Æ‹¤‰‰Au–ğÒ‚³‚ñ‚Æ‚¢‚¤Š´‚¶v,https://news.yahoo.co.jp/articles/dd1c1ff406dc635e2dd75aa638ebbc593ac19437,2/11(“ú) 15:00
lmaga,Lmaga.jp,º—DEŠâè—È‘¾‚ÆˆÉ‹î‚ä‚è‚¦‚ªu“ûñƒhƒŠƒ‹vAVŠìŒ€‚Ì˜N“ÇŒ€‚Ö,https://news.yahoo.co.jp/articles/a206af4c83599db96215368ed900966fe4f9136c,2/11(“ú) 14:00
lmaga,Lmaga.jp,uˆä‘º‰®v‚ªì‚é‚¨ğ‚à“oêA‘åãE”~“c‚Å“ú–{ğ~˜a‰Ùq‚ÌƒCƒxƒ“ƒg,https://news.yahoo.co.jp/articles/67e7a60acaad964c52042bafb3b58709efd1aa81,2/11(“ú) 13:00
lmaga,Lmaga.jp,ƒVƒŠ[ƒY‰‚Ì‚İAuƒ{ƒ“ƒJƒŒ[v‚©‚çƒJƒŒ[‚¤‚Ç‚ñ‚Ì‘f‚ª‚RŒ‚S“ú‚É”­”„,https://news.yahoo.co.jp/articles/89fe7c1bfeb27bfd46d63561a7fc4c4e163aab3e,2/11(“ú) 12:00
lmaga,Lmaga.jp,HeyISayIJUMP ‚–Ø—Y–çu‚â‚ç‚È‚¢Œã‰÷‚æ‚è“w—Í‚ğ‘I‚ñ‚¾•û‚ªA©•ª‚Ì‚½‚ß‚É‚È‚év,https://news.yahoo.co.jp/articles/b0105632331ba523722010ef16ea0248955d114b,2/11(“ú) 11:00
lmaga,Lmaga.jp,uŒy‚·‚¬‚Ä_v‚ÆÌ^Aƒtƒ@ƒ~ƒŠƒA‚Ìƒ‰ƒ“ƒhƒZƒ‹‚ÉVƒfƒUƒCƒ“‚ª’‡ŠÔ“ü‚è,https://news.yahoo.co.jp/articles/7c4f4649b0e21335c78f79be700d4b915a87ddc1,2/11(“ú) 9:30
lmaga,Lmaga.jp,…‚Ì‚È‚©‚É}‘ŠÙH _ŒË‚Ì‰f‚¦‚é…‘°ŠÙuƒAƒgƒAv‚ÉVƒGƒŠƒA‚ªƒI[ƒvƒ“,https://news.yahoo.co.jp/articles/1f5bd984915d7c705fa8bef17f120c1697ba2920,2/11(“ú) 8:00
lmaga,Lmaga.jp,‘æˆêˆóÛ‚ªu‚²‚Ú‚¤v‚Ì•vAƒ~ƒ‰ƒNƒ‹ƒVƒ…[ƒg‚ÅÈ‚Ì‘Ô“x‚ªˆê•ÏyV¥‚³‚ñ‚¢‚ç‚Á‚µ‚á‚¢Iz,https://news.yahoo.co.jp/articles/003316105aa799cc8b0923fe862555230c4122f8,2/11(“ú) 7:30
lmaga,Lmaga.jp,’n‰ºƒAƒCƒhƒ‹‚ÌƒhƒLƒ…ƒƒ“ƒg‰f‰æ‚Æv‚¢‚«‚âAÀ‚Í´X‚µ‚¢lŠÔ^‰Ì‚¾‚Á‚½,https://news.yahoo.co.jp/articles/e45333e024ae37cc2918035f4e9d8f48c4ace9b7,2/10(“y) 20:45
lmaga,Lmaga.jp,‘åãƒRƒ~ƒRƒ“‚ª¡”N‚àŠJÃA‚r‚m‚r‚Å‚ÍŠCŠOƒZƒŒƒu‚Ì—\‘z‡íuƒ}ƒbƒc—ˆ‚Ä—~‚µ‚¢vuƒXƒ^[ƒEƒH[ƒY‚ÌƒQƒXƒg‚Í—ˆ‚é‚æ‚ËHv,https://news.yahoo.co.jp/articles/ed3db8b0d9de91d43b3560102d24b23795c2f35a,2/10(“y) 20:15
lmaga,Lmaga.jp,ƒuƒMƒEƒMŸT—\‚ªŒöŠJA‹vX‚Ì—c‚È‚¶‚İEƒ^ƒCq‚ÌˆÓ–¡[‚Èp‚É‚r‚m‚ruS”z‚·‚¬‚év‚Ìº‘±o,https://news.yahoo.co.jp/articles/a0a2683b124ba17517e712327dd16eb4fb8c0ad6,2/10(“y) 19:30
lmaga,Lmaga.jp,ƒIƒŠƒWƒiƒ‹‹r–{‚Ìwß‚Æˆ«x‚Åƒfƒrƒ…[Aê“¡—E‹NŠÄ“Âu”M‚¢æ”y”o—D‚³‚ñ‚ÉŠÃ‚¦‚Äv,https://news.yahoo.co.jp/articles/009547eb2545775d020d3a86123ce0cf8994cc24,2/10(“y) 19:00
lmaga,Lmaga.jp,‘å“Œx‰îu‚±‚Ìd–‚Å‚±‚ÌuŠÔ‚ª‚¢‚¿‚Î‚ñD‚«A‘–”n“”‚Ì‚æ‚¤‚È‹C‚¿‚Év,https://news.yahoo.co.jp/articles/db11221676426c936b779f7e017972c47af7325b,2/10(“y) 18:30
lmaga,Lmaga.jp,yŒõ‚éŒN‚Öz‹r–{‚à‰‰o‚à•½ˆÀ‘å‰Í‚È‚ç‚Å‚Í‚ÌdŠ|‚¯Aƒ„ƒo‰ß‚¬‚éŒ“‰Æƒtƒ@ƒ~ƒŠ[,https://news.yahoo.co.jp/articles/f9a54d6115d51a51fbb0eeb5b8b6df58dfdff4ed,2/10(“y) 13:45
lmaga,Lmaga.jp,‹É‘¾ƒOƒ~Œn‚Ì–¼“X‚ª‚È‚ºH ‘åãE\O‚Ìu×‚¤‚Ç‚ñvê–å“X‚ğ’¼Œ‚@ŠÖ¼‚Éƒu[ƒ€“—ˆ‚©,https://news.yahoo.co.jp/articles/084244aa6145cdf227fecf8a8808bccd29feb591,2/10(“y) 11:00
lmaga,Lmaga.jp,¢ŠE“I‰æ‰ÆEƒ‚ƒl‚Ì“W——‰ï‚ª‘åã‚ÉA“Œ‹‰ïê‚©‚ç‚P‚Qì•i’Ç‰Á‚Åƒpƒ[ƒAƒbƒv,https://news.yahoo.co.jp/articles/22313ceb08a04c7449ceb8df8dac4efef0cce847,2/10(“y) 10:00
lmaga,Lmaga.jp,‘åã‚ÌVƒVƒ“ƒ{ƒ‹u‚È‚ñ‚ÎLêv‚ÅƒGƒ“ƒ^ƒƒCƒxƒ“ƒgŠJÃAƒZƒŒƒ‚ƒj[‚É’Êsl‘«~‚ß‚é,https://news.yahoo.co.jp/articles/5df479afd3a88dd0197cb28e1f752bcf0aa982d2,2/10(“y) 8:30
lmaga,Lmaga.jp,u’N‚É‘¡‚é‚ÌHv‚Ìº‘±oA «Šû‹î‚ÉƒL[ƒ{[ƒhcƒZƒŠƒA‚Ì‚P‚O‚O‰~ƒoƒŒƒ“ƒ^ƒCƒ“G‰İ‚ªƒNƒZƒXƒS,https://news.yahoo.co.jp/articles/992e7e5ab44c5021b5777faadeb60003aa91ed34,2/10(“y) 8:00
lmaga,Lmaga.jp,tßƒXƒ^[ƒg‚Å•S‰İ“X‚É‚à“®‚«@–ÆÅ”„ã‚°‚UŠ„u’†‘‹qv‚Ì‘åŠÛ”~“c“XAV‚½‚ÉƒLƒƒƒ‰ƒVƒ‡ƒbƒv‚R“X,https://news.yahoo.co.jp/articles/cfe5124ef246b941915ae60932ef41829985b301,2/10(“y) 7:30
lmaga,Lmaga.jp,‚Q‚RÎ‚Ü‚Å‚ÉŒ‹¥•oYc¬‚T‚Å—§‚Ä‚½ul¶Œv‰ævAá‚¦‚È‚¢•v‚ÉÈˆêŠ…yV¥‚³‚ñ‚¢‚ç‚Á‚µ‚á‚¢Iz,https://news.yahoo.co.jp/articles/249bb1446aa0c935022a7caa3b7c77b3acca2d03,2/10(“y) 7:00
lmaga,Lmaga.jp,‚»‚êÀ‚Í‚m‚f‚Å‚·I u“\‚ç‚È‚¢ƒJƒCƒv‚Ì³‚µ‚¢g‚¢•û‚ğu‚¢‚½,https://news.yahoo.co.jp/articles/d614f104fdddae82b2162a8068b454c1f8ac3102,2/10(“y) 6:30
lmaga,Lmaga.jp,ã•û—Œê‚Ìd’Á‚ç¨‘µ‚¢u‘OŠú‚—îÒ‚R–¼‚ÆŒãŠú‚—îÒ‚S–¼v,https://news.yahoo.co.jp/articles/c3e52f9a52b0f7ed87c0d31482a877b6cd825cf1,2/10(“y) 6:00
lmaga,Lmaga.jp,uƒsƒUƒpŠm’è`Ivƒhƒ~ƒmƒsƒU‚Å”jŠi‚Ì‚P‚O‚O‰~Šé‰æ‚ª•œŠˆu‚Ô‚Á‰ó‚êƒLƒƒƒ“ƒy[ƒ“‚«‚½v,https://news.yahoo.co.jp/articles/7bd43b8cbf1cd8c9bc5eb9f5b2c241ced1a9b803,2/9(‹à) 20:15
lmaga,Lmaga.jp,’©ƒhƒ‰wƒuƒMƒEƒMx•ú‘—ŒãA‚è‚Âq‚ÌƒZƒŠƒtuÂX‚ÌlŠÔv‚ªƒgƒŒƒ“ƒh“ü‚è@‹’®ÒˆÈŠO¢˜fu‰½‚ª‚ ‚Á‚½IHv,https://news.yahoo.co.jp/articles/e583cf132d0372b34fc97f5471d64df251918f05,2/9(‹à) 20:00
lmaga,Lmaga.jp,–¼‹È‚Ì’a¶A‚»‚µ‚ÄƒuƒM‚Ì—‰¤‚Ö...’©ƒhƒ‰wƒuƒMƒEƒMx‘æ19TU‚è‚©‚¦‚èi2Œ10“újE“Œ‹ƒuƒMƒEƒM,https://news.yahoo.co.jp/articles/9bbc57d26a5baaa80d723e4b19c6117a7b10b294,2/9(‹à) 19:45
lmaga,Lmaga.jp,“ìŠC‚È‚ñ‚Î‰w‚Ì‚‰ËƒˆƒR‚Å“~‚Ì‰®‘äƒCƒxƒ“ƒgu¯‹óƒXƒ^ƒ“ƒhv‚ª•œŠˆAŠ¦‹ó‚Ì‰º‚ÅŠ£”t,https://news.yahoo.co.jp/articles/afcedc9f99f20c30ac7618bf11339093f40710fd,2/9(‹à) 19:30
lmaga,Lmaga.jp,–Fª‹quƒvƒ‰ƒCƒx[ƒg‚Å‚à‚æ‚­‘åã‚ÉvA‘åã’†”V“‡”üpŠÙuƒ‚ƒl“Wv‚Å‰¹ºƒKƒCƒh‚É’§í,https://news.yahoo.co.jp/articles/d535aaa9d944c438b975a6cec1bfa2ffbc36bafd,2/9(‹à) 17:30
lmaga,Lmaga.jp,u“¦‚°ê‚Ì‚È‚¢‰ÎÕv‚Æ‚µ‚Ä‚à’m‚ç‚ê‚éA‘åãu“c‚Ì‰ÎÕv‚ª¡”N‚àŠJÃ@Œì–€‚Ì‰Œ‚ğó‚¯‚Ä–ïœ‚¯,https://news.yahoo.co.jp/articles/69db8fe296e34ef81a83036d9cb10e5c04e947ac,2/9(‹à) 17:00
lmaga,Lmaga.jp,ƒAƒCƒX‚¶‚á‚È‚¢uáŒ©‚¾‚¢‚Ó‚­v‚ª‘S‘ƒfƒrƒ…[AƒNƒŠ[ƒ€‚¬‚Á‚µ‚è‚Ì¶‰Ùq‚É,https://news.yahoo.co.jp/articles/e81c94663545f1418655766dac8e5fdb36e69aba,2/9(‹à) 13:30
lmaga,Lmaga.jp,u‘Ê‰Ùqv‚ÉƒtƒH[ƒJƒX‚µ‚½Ì‰ù‚©‚µ‚¢ƒzƒeƒ‹A‘åã‚ÉŠJ‹Æ,https://news.yahoo.co.jp/articles/3ac217d794465489e2661f49d7be1757c782d6d6,2/9(‹à) 12:00
lmaga,Lmaga.jp,_ŒËE“ì‹’¬‚ÌP—áutßÕvAƒtƒFƒŠƒVƒ‚‚Æ‚ÌƒRƒ‰ƒ{¤•i‚à,https://news.yahoo.co.jp/articles/c786211c97f1261e850cef083be7d88c5a0b3d08,2/9(‹à) 11:30
lmaga,Lmaga.jp,ŠÖ¼—Bˆê‚Ìu‰¼–Êƒ‰ƒCƒ_[ƒXƒgƒAvƒI[ƒvƒ“AŠJ“X’¼Œã‚É‘å¬Gc‚R‚O‚O–‡‚Ì®—Œ”‚ªˆêu‚Å,https://news.yahoo.co.jp/articles/16430a31bedc86a08c09e084838c27760b6893d8,2/9(‹à) 11:00
lmaga,Lmaga.jp,‹ƒAƒj–Œ‚Í‚È‚º‹N‚«‚½‚Ì‚©AŠÖŒWÒ‚Ö‚ÌæŞ‚©‚çÂ—t^i”í‚Ìl•¨‘œ‚É”—‚é,https://news.yahoo.co.jp/articles/01ce7a0b0eaec26f0fa7d3da7e7bfb9bf9bbed16,2/9(‹à) 10:00
lmaga,Lmaga.jp,ŠÖ¼‰ã—¤AƒAƒiƒƒOƒŒƒR[ƒhê–å“XuHMV record shopv‚ª‘åãESÖ‹´‚É’a¶,https://news.yahoo.co.jp/articles/097d0b4d2805aa76f8d2f8d83c65538acc982379,2/9(‹à) 8:30
lmaga,Lmaga.jp,À‚Íu“¯‚¶‚æ‚¤‚Å‚¢‚ÄÄB‰ev‚¾‚Á‚½I wƒuƒMƒEƒMx‘æ‚P˜b‚É–ß‚Á‚½Šy‰®•—Œi•“Œ‹ƒuƒMƒEƒM‰Ì¥ƒV[ƒ“‚Ì— ‘¤,https://news.yahoo.co.jp/articles/00580b67fa5a830b42e9f1fb1c0b7b3dff161558,2/9(‹à) 8:15
lmaga,Lmaga.jp,ˆĞŠd‚µ‚½‚èQ“]‚ñ‚¾‚èc”LD‚«‚ÌS‚­‚·‚®‚éuƒOƒ~v‚ª•œŠˆA¬ƒlƒ^–Ú‚ÌƒpƒbƒP[ƒW‚É‚à’–Ú,https://news.yahoo.co.jp/articles/2d2abe98002fb328a9648b56f03d2d660163de64,2/9(‹à) 7:30
lmaga,Lmaga.jp,ƒ}ƒNƒhƒiƒ‹ƒh“~‚Ì‚ ‚Á‚½‚©ƒXƒC[ƒcA‚Æ‚ë`‚èƒ`ƒ‡ƒR‚Ìuƒ`ƒ…ƒƒXv‚ª•œŠˆ,https://news.yahoo.co.jp/articles/b28084c71b8af405ce65aea652035f409371b7f8,2/9(‹à) 7:00
lmaga,Lmaga.jp,ƒwƒ“ƒ_[ƒ\ƒ“‚ªu“Œ‹iov‚ğ”­•\AƒVƒrƒA‚ÈƒMƒƒƒ‰–î‚É‚àŒ¾‹y@‘åãŒ|l‚ç‚Ì‘ŠŸ‚®”­•\‚É‚r‚m‚rƒUƒ‚Â‚­uS‘Ÿ‚ª‚à‚½‚È‚¢v,https://news.yahoo.co.jp/articles/c120b1d00c0fdfaab491c8ab59575f212bde2312,2/8(–Ø) 23:15
lmaga,Lmaga.jp,wƒuƒMƒEƒMx‚É“oê‚µ‚½uŒC–‚«‚Ì­”Nv‚ª˜b‘è‚ÉA’©ƒhƒ‰ó‚¯‚Å‘å‹g‚àl@u‚Ì‚¿‚Ì’N‚©v,https://news.yahoo.co.jp/articles/435818c01328fafebaf839baf16681845943f76a,2/8(–Ø) 20:00
lmaga,Lmaga.jp,V‹Èw“Œ‹ƒuƒMƒEƒMx‚ÌƒŒƒR[ƒfƒBƒ“ƒOƒV[ƒ“A–³‰¹‚Ì‰‰o‚É‚r‚m‚r‹Á‚«uƒ]ƒNƒ]ƒN‚·‚évyƒuƒMƒEƒMz,https://news.yahoo.co.jp/articles/54c1de09aeef9979c736f6f135b85db3fed3896c,2/8(–Ø) 19:45
lmaga,Lmaga.jp,’©ƒhƒ‰wƒuƒMƒEƒMx‘æ91‰ñi2Œ9“újEƒXƒYqiï—¢j‚ª–¼‹Èu“Œ‹ƒuƒMƒEƒMv‚ğ‚¨”â˜I–ÚAƒuƒM‚Ì—‰¤‚ª’a¶‚·‚é,https://news.yahoo.co.jp/articles/cc5e94d71d6aae94d8d9ed1a7c135861c18d3200,2/8(–Ø) 19:30
lmaga,Lmaga.jp,ƒ‰ƒCƒ€‚ª‚¨’–Œû‚Éc‘åã‚Ìƒo[‚ªì‚éA“`à‚ÌuƒWƒ“ƒgƒjƒbƒNv’a¶”é˜b,https://news.yahoo.co.jp/articles/a393dc2d4744722d2c774125dc3b2254ac282ba6,2/8(–Ø) 19:00
lmaga,Lmaga.jp,ŠÖ¼‚É‚ ‚é´ğ”­Ë‚Ì’nAƒXƒ^ƒ“ƒvƒ‰ƒŠ[‚Å‚²‹ßŠ“ú–{ˆâY‚Ö,https://news.yahoo.co.jp/articles/8d0ab80d0d54f121ff1bab3b2b3bd3479bbad1e0,2/8(–Ø) 18:30
lmaga,Lmaga.jp,uŒ‹‹Ç‚P”ÔD‚«vƒXƒ^[ƒoƒbƒNƒX‚Ì÷ƒtƒ‰ƒyƒ`[ƒmA¡”N‚Í‰‚ÌOF’cq‚ğƒe[ƒ}‚É,https://news.yahoo.co.jp/articles/5becd94a68337db9f963fa2d0ac8972da32a017f,2/8(–Ø) 18:15
lmaga,Lmaga.jp,O’JKŠì‚ªu¡Aˆê”Ô‚â‚è‚½‚¢l‚½‚¿v‚Å–£‚¹‚éÅVìA‘åã‚ªÎ‚¢‚Ì‰Q‚É,https://news.yahoo.co.jp/articles/e9d5a9dbca88ed14c99c4e534855e1fa5a220124,2/8(–Ø) 17:30
lmaga,Lmaga.jp,u‚Ù‚Á‚±‚è‚·‚évu‘f“G‚Èæ‚è‘g‚İv‚Æ˜b‘è@eq‚Ì”Y‚İ‚ğ‰ğŒˆ‚·‚éA‹“ss“®•¨‰€‚Ìu‚Ç‚ñ‚®‚èƒ|ƒXƒgv,https://news.yahoo.co.jp/articles/747f8c36edac3b37eabde16d6409a2eb31383eff,2/8(–Ø) 14:00
lmaga,Lmaga.jp,ŠÖ¼‚Ìqˆç‚Ä¢‘Ñ‚Él‹C‚Ì‰w‚ÍH ‹“s‚Ì‰w‚ª‰“oê‚PˆÊ,https://news.yahoo.co.jp/articles/1979207a8c793ee9227b33df0a71b7bb418bcca0,2/8(–Ø) 13:00
lmaga,Lmaga.jp,ƒ[ƒ\ƒ“‚P‚O‚O‚Å‘åƒqƒbƒgA‚T‚O‚O–œH“Ë”j‚Ìu‚¾‚¯•Ù“–v‚ÉVìI ‚P”N”¼‚Ô‚è‚Ì•œŠˆƒƒjƒ…[‚à,https://news.yahoo.co.jp/articles/496d215739b18aa1c5f1ec6c85d579ddae604406,2/8(–Ø) 12:00
lmaga,Lmaga.jp,èì‚è‚sƒVƒƒƒc‚Åƒ‰ƒ“ƒi[‰‰‡A‘åãƒ}ƒ‰ƒ\ƒ“‚É‚³‚Ü‚´‚Ü‚ÈƒOƒbƒYŒ»‚é,https://news.yahoo.co.jp/articles/e95df9154295f4ac337cbf14c3dfe7e754b3ee87,2/8(–Ø) 8:00
lmaga,Lmaga.jp,ƒRƒƒ_àÛàè‚Å’©‚µ‚©o‡‚¦‚È‚¢u‚²“–’nƒWƒƒƒ€vAŠÖ¼ŒÀ’è‚ÌVƒtƒŒ[ƒo[‚ª’‡ŠÔ“ü‚è,https://news.yahoo.co.jp/articles/22ad1e61525424e9948430a06a5e2a67aa375360,2/8(–Ø) 7:30
lmaga,Lmaga.jp,‘D‚ªs‚«Œğ‚¤ŠC‚ğ‹ó’†U•àA–¾ÎŠC‹¬‘å‹´‚ğƒEƒH[ƒLƒ“ƒO,https://news.yahoo.co.jp/articles/3539d339e3232885c8ad659679a007f46db1d6f2,2/8(–Ø) 7:00
lmaga,Lmaga.jp,‘åãáèŒ|l‚Ì~‚Ü‚ç‚Êu“Œ‹iovA‚³‚â‚É‘±‚«ƒrƒXƒPƒbƒgƒuƒ‰ƒU[ƒY•‘ê‰¹‚ç‚à,https://news.yahoo.co.jp/articles/39ea35d47da322ea25a3c06100199074fa51c722,2/8(–Ø) 6:45
lmaga,Lmaga.jp,u_ŒË‚Q‚O‚Q‚S¢ŠEƒpƒ‰—¤ãv‘å‰ïƒTƒ|[ƒ^[‚É—’E“ñ‹{˜a–ç‚ç‚S–¼‚ªA”C@‰‰‡“®‰æ‚ğŒöŠJ,https://news.yahoo.co.jp/articles/21efb25951a4a8fc93d31984209afbee4c9e394b,2/8(–Ø) 6:30
lmaga,Lmaga.jp,u‚·‚²‚¢‚Ì‚ª‚Å‚«‚Ä‚µ‚Ü‚Á‚½‚æIv‰H’¹i‘íK„j‚ªŒû‚¸‚³‚ŞV‹È‚ÉA‹’®ÒƒƒNƒƒNu“Œ‹ƒuƒMƒEƒMŠy‚µ‚İIvyƒuƒMƒEƒMz,https://news.yahoo.co.jp/articles/325bef1709c499db11d44f473362494a65ba5b5c,2/7(…) 19:45
lmaga,Lmaga.jp,’©ƒhƒ‰wƒuƒMƒEƒMx‘æ90‰ñi2Œ8“újE‚Â‚¢‚ÉŠ®¬‚µ‚½V‹Èu“Œ‹ƒuƒMƒEƒMvAƒXƒYq‚Í•Ä•º‚½‚¿‚Ì‘O‚ÅƒŒƒR[ƒfƒBƒ“ƒO‚É—Õ‚Ş,https://news.yahoo.co.jp/articles/424603f5a9c49e1d81d10373de4b327c0e2b417e,2/7(…) 19:30
lmaga,Lmaga.jp,•l“c‰ëŒ÷u‚r‚‰‚˜‚s‚n‚m‚d‚r‚Í‘Sˆõ‚¨‚©‚µ‚¢vc¼‘º–k“l‚Ì”­Œ¾‚É•ğ‚êyƒ_ƒEƒ“ƒ^ƒEƒ“‚c‚wz,https://news.yahoo.co.jp/articles/fc3742eea696cc4779ed048c82acca1dd60f2877,2/7(…) 18:15
lmaga,Lmaga.jp,‚¹‚ñ‚×‚ëƒ[ƒJ[‚â‚Pl—pƒtƒ‰ƒCƒ„[‚È‚Çc“Œ¼‚Ìƒ†ƒj[ƒN‰Æ“dƒ[ƒJ[‚ª‘ÎŒˆAƒRƒ‰ƒ{Šé‰æu‚¾‚çŠˆv‚ª¶‚Ü‚ê‚½”wŒi,https://news.yahoo.co.jp/articles/993d377bf2fdd218c9eea19bf9ee9df7716e90b5,2/7(…) 16:00
lmaga,Lmaga.jp,‘åã‚ÌVƒVƒ“ƒ{ƒ‹E‚È‚ñ‚ÎLê‚ÅuƒGƒ“ƒ^ƒƒCƒxƒ“ƒgvA•{s‹¤“¯‚Å‚R“úŠÔƒCƒxƒ“ƒgÀ{,https://news.yahoo.co.jp/articles/fd50708051ffbd899056429b00346be52d15e446,2/7(…) 12:15
lmaga,Lmaga.jp,‰Ô‚Ì‚æ‚¤‚È‚¨‚Í‚¬ê–å“X‚ªu_ŒËƒ}ƒ‹ƒCv‚PŠK‚É’a¶A‰Ø‚â‚©ƒMƒtƒg‚à,https://news.yahoo.co.jp/articles/fecfdb11df7b04978e89111016500fbe6b3f7a2d,2/7(…) 12:00
lmaga,Lmaga.jp,‚P‚P”N‚Ô‚è‚É•œŠˆ‚Ì—eŠí“ü‚èu‚p‚‚”’‚Ô‚Ç‚¤vAƒŠƒNƒGƒXƒg‚É‰‚¦‚ÄÄ”ÌŒˆ’è,https://news.yahoo.co.jp/articles/1603b8404c57d8ee15479094e617d3033937fafd,2/7(…) 11:30
lmaga,Lmaga.jp,ƒtƒHƒgƒWƒFƒjƒbƒN‚È‚¨‰ÔŒ©‹óŠÔA‹“sE“ñğé‚Å‰ë‚È÷ƒCƒxƒ“ƒg,https://news.yahoo.co.jp/articles/f4aab74ec30238b66d80996f331e5d277367eba3,2/7(…) 11:00
lmaga,Lmaga.jp,‚a‚d‚`‚l‚r ‚i‚`‚o‚`‚m‚ªèŠ|‚¯‚éƒt[ƒhƒtƒFƒXA_ŒËEƒƒŠƒPƒ“ƒp[ƒN‚Å‰ŠJÃ,https://news.yahoo.co.jp/articles/f2a335ab34eea64268802bc979783100964a42e9,2/7(…) 9:00
lmaga,Lmaga.jp,‘åãé‹ß‚­‚ÉƒI[ƒvƒ“‚Ìuƒ_ƒuƒ‹ƒcƒŠ[‚‚‚™ƒqƒ‹ƒgƒ“vAŠJ‹Æ“ú‚ÆÚ×‚ªŒˆ’è,https://news.yahoo.co.jp/articles/2b936565068602fcc341e26af64b9cbcbfcfb96d,2/7(…) 8:30
lmaga,Lmaga.jp,ƒZƒ“ƒoƒc‚ÌŒƒ“¬‚ğU‚è‚©‚¦‚éŠé‰æ“W‚ªubq‰€‘—¿ŠÙv‚É‚ÄA‹Md‚È—DŸŠø‚Ì“W¦‚à,https://news.yahoo.co.jp/articles/671ee14cc22f2b2b01d34037cdb71d6bec867a3b,2/7(…) 8:00
lmaga,Lmaga.jp,ƒŠƒjƒ…[ƒAƒ‹ŠJn‚©‚ç–ñ‚P”NAV¶u‚­‚¸‚Íƒ‚[ƒ‹v‚ª‚Â‚¢‚ÉŠ®¬,https://news.yahoo.co.jp/articles/a1702d48104429757fc7cfb1a0ffaf4aa121395f,2/7(…) 7:30
lmaga,Lmaga.jp,uƒ†[ƒU[‚ğ•ª‚©‚Á‚Ä‚évu‚¤‚Ü‚¢‚ÌŠm’èv‚©‚Â‚â‚Ì‡‚¢·‚èVì‚ÉŠ½Œ}‚Ìº,https://news.yahoo.co.jp/articles/d2301969184dcc99454bd4cc6fbfafce61f8ca48,2/7(…) 7:00
lmaga,Lmaga.jp,u“Œ‹iovƒgƒŒƒ“ƒh“ü‚èA‚¨Î‚¢ƒRƒ“ƒrE‚³‚â‚ª“Œ‹ˆÚĞ”­•\@ğ”N‚Ìƒƒ“ƒOƒR[ƒgƒ_ƒfƒBEƒ}ƒ†ƒŠƒJ‚ç‚É‘±‚«,https://news.yahoo.co.jp/articles/54cccdc6b2f6351a3f12d33bebab3350315d3348,2/6(‰Î) 22:25
lmaga,Lmaga.jp,uŒƒƒAƒcv‚t‚r‚i‚Å‰ŠJÃ‚ÌuƒNƒƒ~Eƒ‰ƒCƒuv‚Éƒtƒ@ƒ“Š½Šì,https://news.yahoo.co.jp/articles/201bf30527272451645691488a22b9843ded2992,2/6(‰Î) 21:00
lmaga,Lmaga.jp,‚¨À‚è‚Ê‚¢‚®‚é‚İ‚ğƒfƒBƒXƒvƒŒƒC‚Å‚«‚éu‚Ê‚¢ƒov‚ª˜b‘è‚Éc‘åã”­‚Ì„‚µŠˆƒOƒbƒYAƒIƒ^S‚Éh‚³‚é‚Ì‚Í‚È‚ºH,https://news.yahoo.co.jp/articles/c37271b453d895d4b84c2c5e9af540ae9935ea50,2/6(‰Î) 20:30
lmaga,Lmaga.jp,u—Ü‚ª~‚Ü‚ç‚È‚©‚Á‚½vˆç™’†‚ÌƒXƒYqiï—¢j‚ğ‹~‚Á‚½–ƒ—¢isìÀ˜aqj‚Ìs“®‚ª˜b‘èA‚r‚m‚rŠ´—Üu_‚¾cvyƒuƒMƒEƒMz,https://news.yahoo.co.jp/articles/afad05924f3625d98239385d93c688170ed9b985,2/6(‰Î) 20:00
lmaga,Lmaga.jp,’©ƒhƒ‰wƒuƒMƒEƒMx‘æ89‰ñi2Œ7“újEì‚©‚ç”~‹gi–ö—t•q˜Yj‚ªƒXƒYqiï—¢j‚Æˆ¤q‚ğ–K‚Ë‚Ä‚«‚ÄA‹v‚µ‚Ô‚è‚ÌÄ‰ï‚ğ‰Ê‚½‚·,https://news.yahoo.co.jp/articles/31675fbbe0f44bef3675d38596faff93bbfc48e9,2/6(‰Î) 19:30
lmaga,Lmaga.jp,åH‚É‚È‚é‚Å‚¨‚È‚¶‚İ‚ÌuƒTƒ‰ƒ_ƒ{ƒEƒ‹ê–å“XvA•ºŒÉEO‹{‚Ì’n‰ºŠX‚ÉƒI[ƒvƒ“,https://news.yahoo.co.jp/articles/6d5fa79d66c8af681fdc10860a995f0b94e1548d,2/6(‰Î) 19:00
lmaga,Lmaga.jp,yŒõ‚éŒN‚Öz‹–‚¹‚È‚©‚Á‚½‚Ì‚Í©•ª©gA‚Ü‚Ğ‚ë‚ğx‚¦‚é‚Ì‚Í“¹’·‚©’¼G‚©,https://news.yahoo.co.jp/articles/537635c3455d1e374731d377b741b03496a56a8c,2/6(‰Î) 17:00
lmaga,Lmaga.jp,u‘åãé‰¹Šy“°v‚ÅVƒtƒFƒXn“®AƒLƒ…ƒEƒ\‚â”~“cƒTƒCƒtƒ@[‚çWŒ‹@Å‘¬’Š‘IƒXƒ^[ƒg,https://news.yahoo.co.jp/articles/c6f7ef8dcc26a3220c4126b3b8d295baccd59833,2/6(‰Î) 16:00
lmaga,Lmaga.jp,ƒgƒ€‚ÆƒWƒFƒŠ[•ƒ^ƒŠ[ƒY‚ªƒRƒ‰ƒ{Aƒtƒ@ƒ“Š½Šì‚Ìu”½‘¥vƒ`[ƒYƒP[ƒLƒ‰ƒe,https://news.yahoo.co.jp/articles/67fb1d83a8528c8d827bc741bed1abe759c710af,2/6(‰Î) 15:00
lmaga,Lmaga.jp,“÷‹…‚Á‚Û‚¢–¡cH ˆ¤”L‰Æ‚É‚Í‚½‚Ü‚ç‚È‚¢u”LƒLƒƒƒ“ƒfƒBv“oêA‚¨‚Ä‚Ä‚È‚¢‚È‚¢ƒOƒ~‚à,https://news.yahoo.co.jp/articles/7f392ca0bdb62ac75987fd83fd56879d888a4165,2/6(‰Î) 12:00
lmaga,Lmaga.jp,‰„‚×‚S‚Q–œl—ˆê‚ÌuƒƒLƒVƒR“Wv‚ª‘åã‚ÉAƒ†ƒj[ƒN‚È•\î‚Éu„‚µv‚ğì‚éŠy‚µ‚İ‚àH,https://news.yahoo.co.jp/articles/07ebabe62d35d1e9713c3e5266bfab7217272f1d,2/6(‰Î) 7:15
lmaga,Lmaga.jp,ŠJ‹ÆŠÔ‹ß‚Ìu–k—¤VŠ²ü‚Ì‰„LvAŠÖ¼`–k—¤ŠÔ‚Í•Ö—˜‚É‚È‚é‚ÌH,https://news.yahoo.co.jp/articles/95097343f34149e240d73d9c178adddeec8ef47a,2/6(‰Î) 7:00
lmaga,Lmaga.jp,‚i‚n‚P•‚h‚m‚h‚Ì’í•ªE‚c‚w‚s‚d‚d‚mAƒfƒrƒ…[Œã‚XƒJŒc–‚«ã‚°‚½u•\Œ»—Ív‚É©M,https://news.yahoo.co.jp/articles/9e2910e0afab8f6d5e43c36ab9cec792efbf19e7,2/5(Œ) 20:45
lmaga,Lmaga.jp,u‚â‚³‚µ‚¢Šç‚µ‚Ä‚écvˆ¤•‚Ì•êEƒgƒ~i¬áj‚ÆƒXƒYqiï—¢j‚Ì‰ï˜b‚ª˜b‘èA‹’®Ò—Üu‚â‚Á‚Æ˜a‰ğ‚Å‚«‚½‚Ëv,https://news.yahoo.co.jp/articles/1f8ab7f78a46f2d47270dbdbcd1376c610f38897,2/5(Œ) 20:00
lmaga,Lmaga.jp,ğ”N˜b‘è‚ğŒÄ‚ñ‚¾ƒ[ƒ\ƒ“‚Ìu‚S‚V“‘—Êv‚ªÄ‚ÑA‚ ‚Ìƒ[ƒ‹ƒP[ƒL‚à•œŠˆu’j‹C‚ÉŠ´“®v,https://news.yahoo.co.jp/articles/53434c3c46ed944bf6260b4bf563bfc23ef8f224,2/5(Œ) 19:00
lmaga,Lmaga.jp,NHK‘å‰Íƒhƒ‰ƒ}wŒõ‚éŒN‚Öx‘æ6‰ñi2Œ11“új‚ ‚ç‚·‚¶E“ñl‚ÌË—,https://news.yahoo.co.jp/articles/34b45c60362daa5b3028a181e6482b48aefb4ab6,2/5(Œ) 17:00
lmaga,Lmaga.jp,‚·‚İ‚ÁƒR‚®‚ç‚µ~ƒ~ƒXƒh‚ÌƒOƒbƒY‚Éƒtƒ@ƒ“–ãâuqí‚¶‚á‚È‚¢‚©‚í‚¢‚³vuƒh[ƒiƒc‚É–„‚ß‚Ü‚ê‚Ä‚écv,https://news.yahoo.co.jp/articles/c5a7bca2c5e31a0e311fe642b326a607c6a8c51d,2/5(Œ) 12:00
lmaga,Lmaga.jp,¶’a‚T‚Oü”NEƒ‚ƒ“ƒ`ƒbƒ`Aã_ƒ^ƒCƒK[ƒXd—l‚ÅŒÀ’è”Ì”„,https://news.yahoo.co.jp/articles/a04da3222b5a4019f3c31073ccd985ff42d5c3c9,2/5(Œ) 11:45
lmaga,Lmaga.jp,ƒ‹ƒNƒA‘åã~—·s‚¶‚á‚ç‚ñƒRƒ‰ƒ{‚Ìu”LƒOƒ‹ƒvA“÷‹…ƒ}ƒVƒ…ƒ}ƒ‚â”Lƒo[ƒK[‚ª’a¶,https://news.yahoo.co.jp/articles/57d5ec53ea727fd03d9c21151eb03a352832b99f,2/5(Œ) 11:00
lmaga,Lmaga.jp,’©ƒhƒ‰wƒuƒMƒEƒMx‘æ88‰ñi2Œ6“újEˆ¤q‚ğˆç‚Ä‚é‚½‚ßAƒXƒYqiï—¢j‚Í‰Ìè‚É•œ‹A‚µ‚æ‚¤‚Æ‰H’¹i‘íK„j‚ÉV‹È‚ğˆË—Š‚·‚é,https://news.yahoo.co.jp/articles/aa147e251bbd243d3d68bbd23a87ae138d542e4b,2/5(Œ) 8:15
lmaga,Lmaga.jp,_ŒË‚Ì_Ğ‚Åu‘f“G‚·‚¬‚év‚ÆD•]‚ÌŒÀ’èŒäéˆóA‚QŒ‚Íƒn[ƒg‚â”~‚ªƒ‚ƒ`[ƒt‚É,https://news.yahoo.co.jp/articles/82486451df8534771c9b968cd83f64c3e87388f2,2/5(Œ) 7:30
lmaga,Lmaga.jp,ƒXƒpƒCƒtƒ@ƒ~ƒŠ[‚Ì¢ŠE‚É–v“üA‘åãE“ì`‚Å‘ÌŒ±Œ^ƒCƒxƒ“ƒg,https://news.yahoo.co.jp/articles/eb4152fda839aad65ff8bddd7f1e04122fc0a6b1,2/5(Œ) 7:00
lmaga,Lmaga.jp,‚Q‚U”N‚Ô‚è‚É•œŠˆ‚Ì”½’¬—²jå‰‰‚Ìƒhƒ‰ƒ}w‚f‚s‚nxA‚ ‚Ìå‘è‰Ìw‚o‚n‚h‚r‚n‚mx‚Íƒuƒ‹ƒGƒ“‚ª’S“–,https://news.yahoo.co.jp/articles/9858031321e5796c721b895ac87317cb6c727e0a,2/5(Œ) 6:30
lmaga,Lmaga.jp,‹“s‚Éu“ú–{‰vƒzƒeƒ‹‚ª‚SŒ––‚ÉŠJ‹ÆAƒ‚ƒ‹ƒfƒBƒu”­~ŒÃ“s‚ç‚µ‚³‚ÉŠú‘Ò,https://news.yahoo.co.jp/articles/6c576185c3b2d25836a448b8f379a0ca36eeb03c,2/4(“ú) 20:30
lmaga,Lmaga.jp,‚™‚”‚––ŸËVlÜAÅŠú‚Ìí‚¢‚Íuƒ‰ƒXƒgƒCƒ„[‘g‚Ì’ê—Ív‚É’–Ú,https://news.yahoo.co.jp/articles/5140bff9090a29a7e01bf7b25f9aca8956563f69,2/4(“ú) 20:00
lmaga,Lmaga.jp,’©ƒhƒ‰wƒuƒMƒEƒMx‘æ87‰ñi2Œ5“újEˆ¤q‚ª¶‚Ü‚ê‚Ä‚RƒJŒAƒXƒYqiï—¢j‚Ì‚à‚Æ‚ğƒgƒ~i¬áj‚ª–K‚Ë‚Ä‚­‚é,https://news.yahoo.co.jp/articles/83861e2754d0ffacd4c625f4fe4c4d250ff59855,2/4(“ú) 19:30
lmaga,Lmaga.jp,ƒjƒ…[ƒXƒTƒCƒgu‹•\V•·v‚Ì“W——‰ï‚ª‘åã‚ÅŠJÃAu–{“–‚ÉŠJÃ‚³‚ê‚é‚ÌHv‚Æ¬—‚Ìº‚à‚r‚m‚rã‚Å‘±o,https://news.yahoo.co.jp/articles/a87bfb78fe328b7fa80fc6bcc09e3603756c3104,2/4(“ú) 17:00
lmaga,Lmaga.jp,‘åã‚ÌŠÏŒõƒXƒ|ƒbƒgu’Ê“VŠtv‚©‚çƒ_ƒCƒuIH VƒAƒgƒ‰ƒNƒVƒ‡ƒ“‚Éu‘z‘œ‚µ‚½‚¾‚¯‚Å–³—vu‚â‚Á‚Ä‚İ‚½‚¢Iv,https://news.yahoo.co.jp/articles/733a987a405bdfadbbaa595a3d937b0383baae97,2/4(“ú) 14:00
lmaga,Lmaga.jp,ƒ~ƒXƒhu–²‚Ìƒh[ƒiƒcv‚ª•œŠˆAƒlƒbƒgƒI[ƒ_[ŒÀ’è‚Å‚S•i‚ª”­”„,https://news.yahoo.co.jp/articles/dd71b5777cefa2ba46915e26f579ad1e08c1f1fc,2/4(“ú) 13:00
lmaga,Lmaga.jp,ƒoƒŒƒ“ƒ^ƒCƒ“‚Ü‚Å‚P‚O“úIuŠÖ¼ƒ`ƒ‡ƒRƒŒ[ƒg–îv‚ğ‚¨‚³‚ç‚¢,https://news.yahoo.co.jp/articles/f898a99651fe0404fcbecb20be51119ad0090b54,2/4(“ú) 11:30
lmaga,Lmaga.jp,ƒoƒŒƒ“ƒ^ƒCƒ“‚Ìu‚à‚ç‚Á‚Ä‚¤‚ê‚µ‚¢Šzv‚Á‚Ä³’¼cH ‚T‚O‚O‰~`‚ÌˆÓŒ©‚ª‘½”uƒvƒŒƒbƒVƒƒ[‚É‚È‚ç‚È‚¢v‚ªƒL[‚©,https://news.yahoo.co.jp/articles/bafef0edb3160caa31361b9268e5bbce10c8153b,2/4(“ú) 9:00
lmaga,Lmaga.jp,‚c‚i ‚j‚n‚n‚ÉƒUƒRƒVA”ö–Øƒ}ƒ}‚ÉM¬cƒQƒXƒg‚ª”Z‚·‚¬‚éA‚l‚’.ƒ}ƒŠƒbƒN’´–‚p’c‚ªŠÖ¼‚Éã—¤,https://news.yahoo.co.jp/articles/f0bad7e85ec37a1792295b8d398ea59e8207921f,2/4(“ú) 7:30
lmaga,Lmaga.jp,‹ß‹EŒ—uØ‚è‚ÄZ‚İ‚½‚¢ŠXvƒ‰ƒ“ƒLƒ“ƒOA‹“s‚ÌuŠw¶‚ÌŠXv‚ª‰‚Ì‚PˆÊ‚É@ƒRƒƒi‚T—ŞˆÚs‚ª‰e‹¿,https://news.yahoo.co.jp/articles/1387308061c353a976e929577996f255cb6a5936,2/4(“ú) 7:00
lmaga,Lmaga.jp,‰ºSˆêØƒiƒV‚Ìuƒzƒeƒ‹‚n‚jv‚ÅÈŒƒ“{Aƒ}ƒbƒ`ƒ‡‚ ‚é‚ ‚é‚Å–ÒƒAƒ^ƒbƒN‚ğ˜A”­ƒXƒ‹[yV¥‚³‚ñ‚¢‚ç‚Á‚µ‚á‚¢Iz,https://news.yahoo.co.jp/articles/56471032593b61e492d93f0660446f72aec310f9,2/3(“y) 20:00
lmaga,Lmaga.jp,uƒYƒLƒYƒL‚È‚ñ‚¾‚æIvƒuƒMƒEƒMŸT—\ŒöŠJ‚Åu“Œ‹ƒuƒMƒEƒMvƒgƒŒƒ“ƒh“ü‚èA‹’®Òu‚Â‚¢‚É‚«‚½v,https://news.yahoo.co.jp/articles/2c64ffd228c265a0a641994f490d62d1cc4151ea,2/3(“y) 19:30
lmaga,Lmaga.jp,V‚l-‚P‰¤ÒE—ß˜aƒƒ}ƒ“‚ª‘åãƒƒP‚É‘S—Í’§íAŠÖ¼ƒxƒeƒ‰ƒ“E‚©‚Â‚İ•‚³‚ä‚è‚É‘å”šÎu‹C‚¿‚¢‚¡``”]‚İ‚»‚ªIv,https://news.yahoo.co.jp/articles/3b11142fc623da455f74d8751fbae207dc83a0bb,2/3(“y) 19:15
lmaga,Lmaga.jp,“‡“cì‘ãA‚©‚Ü‚¢‚½‚¿‚Æ‚Ì‘åãEƒhƒ‰ƒCƒu—·‚Å‚à‘å–\‚êcuƒ`ƒ“‚ğ“–‚Ä‚ëƒQ[ƒ€v‚É’§‚Ş,https://news.yahoo.co.jp/articles/1ce2e175953ce8f837ef75507768a7492c8cab60,2/3(“y) 17:00
lmaga,Lmaga.jp,…ãPiuˆê—±‚Å‚à‘½‚­“Í‚¯‚½‚©‚Á‚½v‘åãE¬“cR‚ÅwƒuƒMƒEƒMxˆÉŒ´˜Z‰Ô‚Æ‘S—Í“¤‚Ü‚«,https://news.yahoo.co.jp/articles/c72401fdadc6c780aec73b05e40e825f7f9326eb,2/3(“y) 16:30
lmaga,Lmaga.jp,s—ñuƒgƒŠƒ…ƒt‚Ì‰–ƒpƒ“v~ƒsƒG[ƒ‹ƒGƒ‹ƒ‚ÌŒÀ’èƒRƒ‰ƒ{AŠÖ¼Œ—‚Å”ƒ‚¦‚é‚Ì‚Í‘åã‚¾‚¯,https://news.yahoo.co.jp/articles/19086c22cec6214c284a997f69ebc74f758d21a7,2/3(“y) 15:00
lmaga,Lmaga.jp,yŒõ‚éŒN‚Öz•ú‘—ƒMƒŠƒMƒŠ‚©A•¦‚¢‚½‰ÔR“Vci–{‹½‘t‘½j‚Ì‚«‚í‚Ç‚·‚¬‚é•`Ê,https://news.yahoo.co.jp/articles/a1633148d47adacd33f994088b25f7d05d5bb0da,2/3(“y) 13:45
lmaga,Lmaga.jp,…ãPiEˆÉŒ´˜Z‰Ô‚çwƒuƒMƒEƒMxo‰‰ÒA‘åãE¬“cR‚Å‹‰õ“¤‚Ü‚«@uˆ¤•‚³‚ñ‚ªŒ³‹C‚·‚¬‚évQ”qÒ¬—,https://news.yahoo.co.jp/articles/a18d067b151b1e9ca20d68c6b1cbf91e5c1e7170,2/3(“y) 12:30
lmaga,Lmaga.jp,u‚ ‚Ì“`à‰f‰æv‚ªƒkƒ“Šˆ‚ÉA‘åã‚Ìƒzƒeƒ‹‚Å‚¿‚å‚Á‚Æ•Ï‚í‚Á‚½‘ÌŒ±,https://news.yahoo.co.jp/articles/db63acbedcb87ab41e9745d0728f242f7befd18a,2/3(“y) 11:30
lmaga,Lmaga.jp,ƒAƒjƒ§ì‚Ì•‘‘ä— ‚àc˜b‘ès‚«‚È‚¢u„‚µ‚Ìqv‚ÌŠé‰æ“WA‘åã‚ğ”çØ‚è‚ÉƒXƒ^[ƒg,https://news.yahoo.co.jp/articles/0756ba278d589d7c605ebee38dce27bef4898bd2,2/3(“y) 9:00
lmaga,Lmaga.jp,„‚µŠˆ‚·‚él‚ªÅ‚à‚¤‚ê‚µ‚¢‰æ–Êcu’Š‘IŒ‹‰Ê‚Ì‚¨’m‚ç‚¹vƒTƒ“ƒLƒ…[ƒ}[ƒg‚ÌƒL[ƒzƒ‹ƒ_[A”„Ø‘±ou‚¨ç‚è‚É‚µ‚½‚¢v,https://news.yahoo.co.jp/articles/81a69a1547f81c40b8e3cab2c79e1bc9b8ce175e,2/3(“y) 8:00
lmaga,Lmaga.jp,w‚²‚Ô‚²‚Ôx‚X‚O•ª‚r‚o‚É–k‘ºˆê‹P‚ª“oêA‰‹¤‰‰‚Ì•l“c‰ëŒ÷‚ÆeŒğ[‚ß‚É’nŒ³E‘åã‚ÅƒƒP,https://news.yahoo.co.jp/articles/c4b5abad70b1523c696d42734e423b24558470ba,2/3(“y) 7:30
lmaga,Lmaga.jp,È‚ğˆ¤‚µ‚·‚¬‚écˆêŒ©ƒ`ƒƒƒ‰’j‚Ì•vA–ˆ’©‚S”¼‹N‚«‚Ì•Ù“–ì‚è‚Éu‚æ‚ë‚±‚ÔŠç‚ªŒ©‚½‚¢‚¾‚¯vyV¥‚³‚ñ‚¢‚ç‚Á‚µ‚á‚¢Iz,https://news.yahoo.co.jp/articles/3b3a611eb8f9ada850c4863736618f9ceefaadcb,2/3(“y) 7:15
lmaga,Lmaga.jp,’W˜H“‡u¦‚­•Ï‚í‚Á‚½—‚Ü‚Â‚èv‚Æ‘¾ŒÛ”»A“`“Y‹Æ‚Æ‚Ì‹£‰‰,https://news.yahoo.co.jp/articles/542c25de6d2075a0b14e5e3bdbfe156f2820a18a,2/3(“y) 7:00
lmaga,Lmaga.jp,ˆ¤•‚³‚ñ‚Ì‚©‚È‚í‚È‚©‚Á‚½Šè‚¢cƒXƒYq‚ªŒ©‚½–²‚Ì“à—e‚ÉA‚r‚m‚r†‹ƒu‚à‚¤’©‚©‚ç—ÜvyƒuƒMƒEƒMz,https://news.yahoo.co.jp/articles/f9d5ed9552df56598bf9477469d3f767af80d5b0,2/2(‹à) 20:00
lmaga,Lmaga.jp,ˆ¤‚µ‚¢–º‚Ì’a¶A‚»‚µ‚Ä“¯‚ÉP‚¤‰i‰“‚Ì•Ê‚êc’©ƒhƒ‰wƒuƒMƒEƒMx‘æ18TU‚è‚©‚¦‚èi2Œ3“újE‚ ‚ñ‚½‚Æˆê‚É¶‚«‚é‚Å,https://news.yahoo.co.jp/articles/d31e46a3cc3fafe5060d6976277eca3bfc780959,2/2(‹à) 19:30
lmaga,Lmaga.jp,‹“sE•‘’ß‚Ì‰¹ŠyƒtƒFƒXA‘æ‚P’e‚Éa’J‚·‚Î‚é‚â‚a‚`‚k‚k‚h‚r‚s‚h‚j ‚a‚n‚x‚y‚ç‚U‘g,https://news.yahoo.co.jp/articles/da6a48759bfd5e51fd0ddfd518f1f37971eb9f86,2/2(‹à) 17:00
lmaga,Lmaga.jp,‚Ğ‚Æ–¡ˆá‚¤ƒvƒ`ƒMƒtƒgIu‚Q‚RF‚T‚Xv–¡‚Ì‹“s”­ƒR[ƒq[,https://news.yahoo.co.jp/articles/31311e9e079dc3d75cf7c926cefaaadcfd357a8e,2/2(‹à) 13:30
lmaga,Lmaga.jp,uƒJƒ‹ƒfƒBƒR[ƒq[ƒtƒ@[ƒ€v‚ÉƒAƒƒŠƒJƒŒƒgƒ‚ÈHŠíA‚Pl‚P‚Â‚Ü‚Å‚ÌŒÀ’è”Ì”„‚É,https://news.yahoo.co.jp/articles/23c8081f174b9644053d55d5b97a38ec838eb087,2/2(‹à) 13:00
lmaga,Lmaga.jp,ƒzƒeƒ‹ƒjƒ…[ƒI[ƒ^ƒj‘åã‚Ì–¼•¨‚¢‚¿‚²ƒuƒbƒtƒFAl‹C‚·‚¬‚ÄŠúŠÔ‰„’·‚ªŒˆ’è,https://news.yahoo.co.jp/articles/c1a75b3da18b99fa4207d3247db0aa5d3c91b11b,2/2(‹à) 12:00
lmaga,Lmaga.jp,”LD‚«•KŒ©I ƒRƒNƒˆ‚Ìu“÷‹…ƒm[ƒgv‚ª•œŠˆAVì‚Qí—Ş‚ª”­”„,https://news.yahoo.co.jp/articles/1a905cac585beed95a1a8c61f140ed02f1fb7426,2/2(‹à) 11:15
lmaga,Lmaga.jp,ƒpƒŠ‚Ì‚P‚Â¯ƒVƒFƒt‚É‚æ‚éuŠ®‘S—\–ñ§v‚ÌƒpƒtƒFê–å“XA‹“sE‰ÍŒ´’¬‚ÉƒI[ƒvƒ“,https://news.yahoo.co.jp/articles/5c29d654dba2d0d9b27c93f8133b1d7f1ce5b357,2/2(‹à) 11:00
lmaga,Lmaga.jp,ƒRƒƒ_àÛàè“X‚©‚çAl‹CƒpƒeƒBƒVƒGE’ÒŒû”Œ[ƒVƒFƒtŠÄC‚ÌuƒVƒƒmƒ[ƒ‹v‚ª’a¶,https://news.yahoo.co.jp/articles/33c841e4b9cc5069a9cf7a2c5ddb001196ed538d,2/2(‹à) 9:00
lmaga,Lmaga.jp,àÆâ|À‚âé´–²‚çu‹Sv„‚µ‚àŠy‚µ‚ß‚éƒOƒbƒY‚âƒEƒBƒ“ƒhƒE‚ª‘‚¦‚½A‚t‚r‚i‚Ì‹S–ÅƒRƒ‰ƒ{,https://news.yahoo.co.jp/articles/41123d0ae10c66ae7e3a6324f8f5a33838e4fa7e,2/2(‹à) 7:30
lmaga,Lmaga.jp,‚i‚q¼“ú–{‚Ìu“c‘‡Ô—¼Šv‚Å“S“¹ƒCƒxƒ“ƒgA‹Md‚È‹Æ–±‘ÌŒ±‚â“S“¹ƒg[ƒN‚à,https://news.yahoo.co.jp/articles/d82471410f484a1e3673805bb78edc6dad38d9ea,2/2(‹à) 7:00
lmaga,Lmaga.jp,‰ª“c²•zŠÄ“Â~’Jì\µ¢–¼l‚É‚æ‚éuŸ•‰t‘Î’kvAD•]‚É‚Â‚«Ä•ú‘—‚ªŒˆ’è,https://news.yahoo.co.jp/articles/a96d5a4011f83aab73d20ee864d484c66435fa15,2/1(–Ø) 20:30
lmaga,Lmaga.jp,ƒo[ƒK[ƒLƒ“ƒO‚Ì‹‘åƒVƒŠ[ƒYAV”N‘æˆê’e‚Í‚T‚T‚O‚‡E‚P‚U‚R‚V‚‹‚ƒ‚‚Œ‚Ì‘å•¨,https://news.yahoo.co.jp/articles/a959a9adcdd0e2b83e6a3d635ce5c952ff98063b,2/1(–Ø) 20:00
lmaga,Lmaga.jp,’©ƒhƒ‰wƒuƒMƒEƒMx‘æ86‰ñi2Œ2“újE–³–‚ÉoY‚ğI‚¦‚½ƒXƒYqiï—¢j‚ªüˆÍ‚ÌˆÙ•Ï‚É‹C•t‚«A‚ ‚é–À‚ğ‚°‚ç‚ê‚é,https://news.yahoo.co.jp/articles/a6591d471df747618caebba73c151d796841a46e,2/1(–Ø) 19:30
lmaga,Lmaga.jp,ƒXƒYq‚ªoY‚µ‚½ cˆ¤•‚ğ„‚é“WŠJ‚ÉAw‚ ‚³ƒCƒ`x‚l‚bw•ğ‘Ru‚Ç‚¤‚µ‚Ü‚µ‚å‚¤cvyƒuƒMƒEƒMz,https://news.yahoo.co.jp/articles/37367df79a27ebbd9b736b4bf110524b0918a9f4,2/1(–Ø) 19:00
lmaga,Lmaga.jp,‚k‚f‚a‚s‚p‚Ìƒp[ƒgƒi[§“xA‘åã‚ª“]‹è‘±‚«‚ğŠÈ‘f‰»‚Ö,https://news.yahoo.co.jp/articles/9a3476f4b5b6513b9a472aec6c49d3ce004ae65f,2/1(–Ø) 18:30
lmaga,Lmaga.jp,Œ€’cl‹GuƒoƒPƒ‚ƒm‚ÌqvƒLƒƒƒXƒg‚ª’Ê“VŠt‚ÉA‚R”N‚Ô‚è‚Ì“¤‚Ü‚«‚É“ö‚í‚¢u–l‚ç‚ª•Ÿ‚ğ‚à‚ç‚Á‚½v,https://news.yahoo.co.jp/articles/65da96257b3abea8c459cb1f8e8e6c68789bb865,2/1(–Ø) 18:15
lmaga,Lmaga.jp,ƒTƒ“ƒVƒƒƒCƒ“’rè‚ª‚i‚q‚Ì‚b‚l‹N—pAB‰e‚Å‚ß‚¿‚á”æ‚ê‚½ƒƒP,https://news.yahoo.co.jp/articles/58f619f7edb36156da033845d26d4d23295a3e1a,2/1(–Ø) 17:30
lmaga,Lmaga.jp,yŒõ‚éŒN‚Öz—D‰ë‚È•‘‚Ì— ‚ÅA–|˜M‚³‚ê‚é—«‚½‚¿‚É“¯î‚Ìº,https://news.yahoo.co.jp/articles/407feff1a6638b795871d2eef666e24ec43010d9,2/1(–Ø) 17:00
lmaga,Lmaga.jp,‘S‘‰‚Ì‘ålŒü‚¯uƒtƒ@ƒ~ƒŠƒAv‚È‚ÇA¤‹Æ{İuƒ‹ƒNƒA‘åãv‚É‚Q‚O“X•Ü‚ª¡t’a¶,https://news.yahoo.co.jp/articles/ea536469b7ef66b7dec2213ae1c94ae22cf2028b,2/1(–Ø) 16:00
lmaga,Lmaga.jp,uˆÓ–¡‚í‚©‚ç‚ñvuˆù‚ŞƒzƒbƒgƒP[ƒLv X‰i»‰Ù~ƒŠƒvƒgƒ“‚ÌƒRƒ‰ƒ{g’ƒ‚É”½‹¿,https://news.yahoo.co.jp/articles/ad2ba286d9a574ffa8449ea01a7281887bbfe788,2/1(–Ø) 14:30
lmaga,Lmaga.jp,‚Ü‚é‚ÅÕ’d‚âc‚t‚r‚i‚Ìu‹S–Å‚ÌnvƒOƒbƒYƒVƒ‡ƒbƒv‚É_X‚µ‚¢ƒtƒHƒgƒXƒ|ƒbƒgA—ù–‚³‚ñ‚ÌVìƒAƒCƒeƒ€‚¸‚ç‚è,https://news.yahoo.co.jp/articles/ce8eb0baa6436288fcc6bdd19f71e3fe366e4399,2/1(–Ø) 13:00
lmaga,Lmaga.jp,‘S‘‰‚Ìuƒgƒ€ƒVƒFƒŠƒ}[ƒPƒbƒgvíİ“X‚ª’a¶A¤‹Æ{İuƒ‹ƒNƒA‘åãv‚É‚RŒ‚P“úƒI[ƒvƒ“,https://news.yahoo.co.jp/articles/1bf2214121802b6f2682b07ca29b4caf79f695cb,2/1(–Ø) 12:47
lmaga,Lmaga.jp,ƒPƒ“ƒ^ƒbƒL[‚ÉVƒ`ƒLƒ“AƒK[ƒŠƒbƒN••ŒÓ£‚ÌÅ‹­ƒ^ƒbƒO,https://news.yahoo.co.jp/articles/39a968228f0db00339ede008ab183b30915e9c5a,2/1(–Ø) 12:30
lmaga,Lmaga.jp,“Œ–ìK¡‚ª”­‹NlAƒƒbƒZƒ“ƒWƒƒ[•“c—L‚Ìu¶‘O‘’v‚ğ‚QŒ‚É·s,https://news.yahoo.co.jp/articles/5f3ea6d47d296cc9be515893ec5484cfd9cbc87d,2/1(–Ø) 12:15
lmaga,Lmaga.jp,’n–¡‚ÉƒVƒ‡ƒbƒNcƒ‚ƒXƒo[ƒK[‚ÌuˆíŞvŒƒCƒ`ŒÀ’è•i‚ªI—¹@ƒ‰ƒXƒg‚Q‰ñ‚Ì”Ì”„,https://news.yahoo.co.jp/articles/accee6815d4fbb0936fdea15a7e26b6dac6e452d,2/1(–Ø) 12:00
lmaga,Lmaga.jp,¡”N‚àŠ®”„‘±ocu‚R‚b‚n‚h‚m‚rv‚Ìß•ªƒOƒbƒYA‚È‚º‚±‚ñ‚È‚Él‹C‚È‚ÌH Šé‰æ’S“–Ò‚Éu‚¢‚½,https://news.yahoo.co.jp/articles/d144bba3e68321491ec0713c59d47b98e8660ea8,2/1(–Ø) 9:00
lmaga,Lmaga.jp,wƒuƒMƒEƒMxƒXƒYq‚ªoYA‚»‚µ‚Äˆ¤•‚ªch‚­d‚¢“WŠJ‚Ì‚È‚©ˆê•‚Ì´—ÁÜuR‰ºEâŒûƒRƒ“ƒrv‚Ì–£—Í‚É‚Â‚¢‚Äu‚¢‚½,https://news.yahoo.co.jp/articles/590f832b4f5725c03f119010ce12ee0baef8bee0,2/1(–Ø) 8:15
lmaga,Lmaga.jp,u‚¿‚¢‚©‚í~‚v‚‚ƒDvVìƒRƒ‰ƒ{P‚ª”­”„A°‰JŒ“—p‚ÌÜ‚è‚½‚½‚İ“úP‚ª‰“oê,https://news.yahoo.co.jp/articles/18f7a0ca064686065ca972a5d01611c7b841088b,2/1(–Ø) 8:00
lmaga,Lmaga.jp,”~“c‚Ì¤‹Æ{İu‚j‚h‚s‚s‚d‘åãv‚ÌƒtƒƒAŠT—vŒˆ’èAƒe[ƒ}‹È‚ÍƒAƒCƒi‚ª’S“–,https://news.yahoo.co.jp/articles/ac959e2aff7cdcd05692275014494c60fd34f794,2/1(–Ø) 7:30
lmaga,Lmaga.jp,Œj•¶}A’íq‚Ì‚vP–¼‚ÉŠú‘Ò‚ğŠñ‚¹‚éuŸ‚Ì¢‘ã‚É‚¢‚¢—Œê‚ğ‚Â‚È‚¢‚Åv,https://news.yahoo.co.jp/articles/956e4f5f8edd4eede0cbe0bc9efc2b8490a2669f,2/1(–Ø) 7:15
lmaga,Lmaga.jp,”ğ“ïŠó‹µ‚â–hĞE‹CÛE“S“¹î•ñ‚àA‘åã–hĞƒAƒvƒŠ‚ª[À,https://news.yahoo.co.jp/articles/72dd2cbd277b6a3e737b0fc497155bebcb64c49b,2/1(–Ø) 7:00
lmaga,Lmaga.jp,ƒ[ƒ\ƒ“‚Ìu”\“o”¼“‡’nkĞŠQx‰‡•å‹àvAV‚½‚É‚o‚‚‚”‚•‚„ƒ|ƒCƒ“ƒg‚Pƒ|ƒCƒ“ƒg‚©‚ç‚Å‚à‰Â”\‚É,https://news.yahoo.co.jp/articles/3cff24a3afc1508de0f2e51172b117cde8aeb9f2,2/1(–Ø) 6:30
lmaga,Lmaga.jp,wƒuƒMƒEƒMx‰H’¹‚ÌÈE–ƒ—¢isìÀ˜aqj‚ÌƒZƒŠƒt‚ª˜b‘èA‚r‚m‚ru‚¢‚Ä‚­‚ê‚Ä‚æ‚©‚Á‚½cvˆÀ“g‚Ìº,https://news.yahoo.co.jp/articles/88cf79dc2f3ccc367f5aaf5c8bfe9aa74411df08,1/31(…) 20:00
lmaga,Lmaga.jp,’©ƒhƒ‰wƒuƒMƒEƒMx‘æ85‰ñi2Œ1“újEoY—\’è“ú‚ª‹ß‚Ã‚­‚à“Œ‹‚É–ß‚ê‚È‚¢ˆ¤•i…ãPijA‚»‚µ‚ÄƒXƒYqiï—¢j‚Ìw’É‚ªn‚Ü‚é,https://news.yahoo.co.jp/articles/5fda91076d0c81d288fd83fffddc7f0d68ae3dbe,1/31(…) 19:30
lmaga,Lmaga.jp,u“Œ•ûƒvƒƒWƒFƒNƒgv‚Ì„‰ñ“WA‘åã‰ïê”­•\‚Éƒtƒ@ƒ“Š½Šì,https://news.yahoo.co.jp/articles/874ef764e34e5628bdba947e1a8f3430ce05a053,1/31(…) 19:00
lmaga,Lmaga.jp,‚TŠKŒš‚Ä‚Ì‹‘åuƒ†ƒjƒNƒvA•ºŒÉÅ‘å“X•Ü‚ª‚RŒ––‚ÉƒI[ƒvƒ“u_ŒË‚ÌŠX‚Ì–£—Í‚ğ”­M‚µ‚Ä‚Ü‚¢‚è‚Ü‚·v,https://news.yahoo.co.jp/articles/1e77544d5942ef8410c230fc8a0cab55a8d859e9,1/31(…) 18:30
lmaga,Lmaga.jp,u_ŒËƒ‹ƒ~ƒiƒŠƒGv¡Œã‚ÌŒp‘±‚Í‚Ç‚¤‚È‚éH s–¯‚Æ‚Æ‚à‚É‚ ‚è‘±‚¯‚éˆÓ–¡u‚İ‚ñ‚È‚Ì•\î‚ªK‚¹‚»‚¤v,https://news.yahoo.co.jp/articles/a9fcfef750e9813188380b0812ccc270e64e01e5,1/31(…) 17:30
lmaga,Lmaga.jp,‚¨“’‚ğ’‚°‚ÎƒRƒRƒA‚Éc‚Ù‚í‚Á‚Æ‚µ‚½uŒ¢Œ^v‚ÌŠ±‰Ùq‚ª“oêA‚r‚m‚r‚Å‘‘¬”½‹¿u‚½‚Ü‚ç‚È‚¢‰Âˆ¤‚³v,https://news.yahoo.co.jp/articles/98a80507ebc260052060880124fc09969441bf13,1/31(…) 14:00
lmaga,Lmaga.jp,ƒpƒ“‚©‚ç‚Í‚İo‚·‚¬‚é‹‘å‚Èƒ`ƒLƒ“ƒJƒcƒTƒ“ƒhA‘åã‚ÅŠúŠÔŒÀ’è”­”„,https://news.yahoo.co.jp/articles/d063e7ef9a371d8768e131b53d1e47ee15b892ab,1/31(…) 12:30
lmaga,Lmaga.jp,’a¶‚Q‚Oü”N‚ğ‹L”O‚µ‚½uƒRƒŠƒ‰ƒbƒNƒ}vƒe[ƒ}‚ÌƒJƒtƒF‚ª‘åã‚ÅAu‚·‚×‚Ä‚ª‚©‚í‚¢‚¢cvƒkƒ“Šˆ‚à,https://news.yahoo.co.jp/articles/edd7efe2e692ed05c5b0b7a21d265a409d3afec5,1/31(…) 12:00
lmaga,Lmaga.jp,‰Ô]‰Ä÷A‚t‚r‚i‚Å‹S–ÅƒRƒ‰ƒ{‚ÌŠJ–‹éŒ¾u‚Ü‚½—ù–‚³‚ñ‚Æˆê‚É“¬‚¦‚é‚Ì‚ª‚¤‚ê‚µ‚¢v,https://news.yahoo.co.jp/articles/0a274f30b8929a8e253d7a7960c4ed341d1e05d8,1/31(…) 11:36
lmaga,Lmaga.jp,uƒVƒ…ƒb‚Æ‚µ‚½‚Ècvƒ„ƒ“–Vƒ}[–V‚ÌVƒrƒWƒ…ƒAƒ‹‚ÉA‚r‚m‚r‘›‘Ru•Ï‚í‚è‚·‚¬‚â‚ëv,https://news.yahoo.co.jp/articles/13a07640001657358ba39b57a6f2ee227696bbfc,1/31(…) 8:30
lmaga,Lmaga.jp,´­”[Œ¾‰‰‚¶‚éƒEƒCƒJ‚ªuç”N‘O‚àŒ»‘ãl‚ÌŠ´Šo‚É‹ß‚¢v‚ÆŠ´‚¶‚½ˆêß,https://news.yahoo.co.jp/articles/6f58a73797eebfc20cce7643d80171ec1540891e,1/31(…) 8:00
lmaga,Lmaga.jp,“Ş—ÇE¶‹îRã—V‰€’n‚ÌŒºŠÖŒûu¶‹îRã‰wvAƒgƒŠƒbƒNƒA[ƒg‚È‰wÉ‚É‘å•Ïg,https://news.yahoo.co.jp/articles/f5d8770948d7e522b3cb5e84d7ea1503e764f7b8,1/31(…) 6:30
lmaga,Lmaga.jp,‘å‘ò‚ ‚©‚ËA•ó’Ë–k‚r‚`‚ÅƒNƒ‹ƒ}ê—p‚Ìu“¹•Ùv‚ÉŠ´“®uÅ‚‚Å‚·v,https://news.yahoo.co.jp/articles/314a93bf0922620db8f850721f1c5f1c38dc4826,1/30(‰Î) 20:45
lmaga,Lmaga.jp,ƒNƒŠƒGƒCƒ^[Œ|lERí•‚¨‚µ‚é‚±AŒƒí‚ÌƒvƒŒƒ[ƒ“‘å‰ï‚ğŸ‚¿”²‚¢‚Ä‰‚ÌŠG–{‚ğo”Å,https://news.yahoo.co.jp/articles/6c1126690d2e9f472a614aec160acd4ed9f318f0,1/30(‰Î) 20:30
lmaga,Lmaga.jp,u‚»‚ñ‚È‰ß‹‚ªcv‚è‚Âqi‹e’n™zqj‚ÌˆÓŠO‚È–À‚ª–¾‚ç‚©‚ÉA‹’®Ò‹Á‚«u‰Ì‚É–½‚ğŒœ‚¯‚é——R‚ª‚±‚ê‚©vyƒuƒMƒEƒMz,https://news.yahoo.co.jp/articles/6dd4bb3bcb73afa2212c79b0a12ce97aa8c138cd,1/30(‰Î) 20:00
lmaga,Lmaga.jp,’©ƒhƒ‰wƒuƒMƒEƒMx‘æ84‰ñi1Œ31“újEˆ¤•i…ãPij‚Ì•aó‚ğS”z‚µAƒXƒYqiï—¢j‚ª‘åã‚ÖŒü‚©‚¨‚¤‚Æ‚·‚é,https://news.yahoo.co.jp/articles/721be8cac622cf2e6b7af13c7348367f84ba261a,1/30(‰Î) 19:30
lmaga,Lmaga.jp,_ŒË‚ÌƒNƒ‰ƒtƒgƒWƒ“u‚R‚U‚TvA‚»‚Ì’a¶”é˜b‚ğ„‚é‘ÌŒ±ƒcƒA[‚ğŠJÃ,https://news.yahoo.co.jp/articles/5e85f192bdf7563d74fe00953bc6b92862bf3f85,1/30(‰Î) 19:00
lmaga,Lmaga.jp,–Ú‰B‚µ‚Æèù‚Å‹°•|‚Ì’ê‚Öc“ì‘åã‚ÌƒVƒ‡ƒbƒsƒ“ƒOƒ‚[ƒ‹‚Åú‚í‚ê‚Ìu‚¨‰»‚¯‰®•~vŠJÃ,https://news.yahoo.co.jp/articles/6350d1060545b3bae45d3393fb80e55ed6a41263,1/30(‰Î) 18:30
lmaga,Lmaga.jp,¼‰®‚ÌuƒVƒ…ƒNƒƒ‹ƒŠv‚ªÄ”ÌA•œƒƒjƒ…[‘‘I‹“‚Å˜A”e,https://news.yahoo.co.jp/articles/72487dfcd798a4ed8b99d25ebe416b0e6c45c108,1/30(‰Î) 17:30
lmaga,Lmaga.jp,‘z’è‚Ì‚S”{”„‚ê‚ÄŠ®”„‘±ocuƒsƒUƒnƒbƒg~“V‰ºˆê•ivƒRƒ‰ƒ{ƒsƒUA‚QŒ‚ÉÄ”ÌŒˆ’è,https://news.yahoo.co.jp/articles/ce569aad7600f5ed2c979e2a2a1f470862fe7173,1/30(‰Î) 14:00
lmaga,Lmaga.jp,ƒTƒ“ƒ}ƒ‹ƒN‚Ìuƒ`ƒ‡ƒRƒNƒv‚ªßƒŒƒxƒ‹A‰‚Ì¶ƒ`ƒ‡ƒRƒŒ[ƒg“oê,https://news.yahoo.co.jp/articles/0869b03a95250d2b2ca72763c31836d57d23c4a2,1/30(‰Î) 12:15
lmaga,Lmaga.jp,‘å‰Íƒhƒ‰ƒ}ŠÙ‚Åƒlƒ^ƒoƒŒAƒtƒ@[ƒXƒgƒTƒ}[ƒEƒCƒJu‚¢‚ë‚ñ‚ÈƒMƒ~ƒbƒN‚ªcv,https://news.yahoo.co.jp/articles/feef2a323551bb42466bd59f690dab5fb0aaaeb7,1/30(‰Î) 11:30
lmaga,Lmaga.jp,–ù‰õ‚È‚¨–Ê‚ÅŠÙ“à‚ğ„‚éA‘åãuƒjƒtƒŒƒ‹v‚ÅŠG–{ì‰Æƒ†ƒjƒbƒgEƒcƒyƒ‰ƒcƒyƒ‰‚ÆƒRƒ‰ƒ{‚µ‚½Šé‰æ“W,https://news.yahoo.co.jp/articles/beb464c02855cc403adde02acb70885b3c2175df,1/30(‰Î) 8:00
lmaga,Lmaga.jp,ƒtƒFƒŠƒVƒ‚‚ÌVì‚ÍAƒjƒbƒ`‚·‚¬‚éƒ‹[ƒ€ƒEƒFƒAul‚¦‚½l“VËv‚Ìº‘±o,https://news.yahoo.co.jp/articles/fd115d8446af164fd9d7a86c790446a79b6911b0,1/30(‰Î) 7:30
lmaga,Lmaga.jp,‘åãEŠÖ¼–œ”‚Ìƒ{ƒ‰ƒ“ƒeƒBƒA•åW‚ªƒXƒ^[ƒgA‚Q‚O‚O‚O‰~‘Š“–‚ğx‹‹,https://news.yahoo.co.jp/articles/3e038ebbe6aee0f8554f1cf1dc271a1d27cd6464,1/30(‰Î) 7:00
lmaga,Lmaga.jp,“¡Œ´©‚ª‘½‚­‚Ä¢‚é‘å‰ÍuŒõ‚éŒN‚ÖvA ‰ê‚É‚í‚©‚è‚â‚·‚¢‘ŠŠÖ}‚ª“oê,https://news.yahoo.co.jp/articles/4a8875b6e45d1104b32839432ee90afa8022fb58,1/30(‰Î) 6:30
lmaga,Lmaga.jp,‚Q‚O‚Q‚S”N‚Í‚æ‚­”R‚¦‚½A“Ş—Ç‚Ì“`“s–uá‘RÄ‚«v‚É‘åŠ½º,https://news.yahoo.co.jp/articles/c9cd771fa6f09ccfa7ce6e4e675ecc1146b70e48,1/30(‰Î) 6:00
lmaga,Lmaga.jp,‹´–{ŠÂ“Şå‰‰’©ƒhƒ‰w‚¨‚Ş‚·‚ÑxA’‡—¢ˆËÑ‚ªu“`à‚ÌƒMƒƒƒ‹v–ğ‚ÉŒˆ’è@ålŒö‚Ìo‰‰‚¶‚é,https://news.yahoo.co.jp/articles/05c567d2730bd7c3a566081f2f4304a13fe8996b,1/30(‰Î) 5:00
lmaga,Lmaga.jp,uƒAƒCƒhƒ‹‚ğ‚â‚Á‚Ä‚¢‚é‚©‚ç‚±‚»‚Ì‰õŠ´‚¶‚á‚È‚¢‚©vA‚é‚ê‚É‚ªŒê‚éu‰‰Œ€‚ÆƒAƒCƒhƒ‹Šˆ“®v,https://news.yahoo.co.jp/articles/bcd29f9c01426cb46b69dff5e18969d853ebee11,1/29(Œ) 21:00
lmaga,Lmaga.jp,u‚é‚ê‚É‚Æ‚µ‚Ä‚¨Å‹‚ÉG‚ê‚½‚¢v‚à‚àƒNƒ‚©‚ç‰‚ÌÀ’·‚ª’a¶AŠó–]‚â–Ú•W‚ğŒê‚é,https://news.yahoo.co.jp/articles/2d26f94eea1ce946af299d7b3cc1e98789247856,1/29(Œ) 20:30
lmaga,Lmaga.jp,ƒtƒ@ƒ~ƒ}‚©‚çVìƒXƒC[ƒcA¶ƒ`ƒ‡ƒRƒTƒ“ƒh‚È‚Ç”ZŒú‚È‚U•i‚ª“oê,https://news.yahoo.co.jp/articles/69b7b3669bebca03799cdfff3d75f7fb0a8e571d,1/29(Œ) 20:00
lmaga,Lmaga.jp,uŒ—j“ú‚©‚ç‰Ø‚â‚©Ivï—¢‚É‚æ‚éwƒWƒƒƒYƒJƒ‹ƒƒ“x‚ÌƒXƒe[ƒWƒV[ƒ“‚ª‚r‚m‚r‚Å˜b‘èA–¢ŒöŠJƒV[ƒ“‚à,https://news.yahoo.co.jp/articles/c5d303430751debd291429b5e086aae4f74f9349,1/29(Œ) 19:30
lmaga,Lmaga.jp, ‰ê‚Ì‹½“y—¿—EŠ›“çAu‹{–{‚Ş‚È‚µv‚Å’èH‚Æ‚È‚Á‚ÄŠúŠÔŒÀ’è”­”„,https://news.yahoo.co.jp/articles/4d075374b93dff37c9cb45e387d5cf15c190f3f3,1/29(Œ) 19:00
lmaga,Lmaga.jp,‚¨‘Ò‚¿‚©‚ËI‚Â‚¢‚É‚SŒ––u_ŒËƒ|[ƒgƒ^ƒ[v‚ªŠ®‘SƒI[ƒvƒ“AƒJƒtƒF‚âƒŒƒXƒgƒ‰ƒ“‚Éu‚a‚d‚`‚l‚rv‚ào“X—\’è,https://news.yahoo.co.jp/articles/1c0d629c60531c5a38a4a780ee6655f492175620,1/29(Œ) 18:30
lmaga,Lmaga.jp,‘åã‚Ìu‰w•Ù‚Ü‚Â‚èv‚É–ñ‚R‚O‚Oí—Ş‚ªWŒ‹Al‹C‰w•Ù‚ÌÀ‰‰‚â‹ãB‚Ì“üè¢“ï•Ù“–‚àƒ‰ƒCƒ“ƒAƒbƒv,https://news.yahoo.co.jp/articles/7b45b6e57874d94eec519e8a30ec38964f7b0816,1/29(Œ) 14:30
lmaga,Lmaga.jp,‘½‚­‚ÌŒ|”\l‚ğ˜f‚í‚¹‚½cŠi•t‚¯u•l“cƒ`ƒƒ[ƒnƒ“v‚ÅÄ’–ÚAƒJƒlƒeƒcu‚Ù‚ÚƒVƒŠ[ƒYv‚ÌŠJ”­”é˜b,https://news.yahoo.co.jp/articles/e2a254072dd45531744180a4523574ca94d8f630,1/29(Œ) 12:00
lmaga,Lmaga.jp,’©ƒhƒ‰wƒuƒMƒEƒMx‘æ83‰ñi1Œ30“újEˆ¤•i…ãPij‚ÌŠÏŒ€‚ªŠ‚í‚È‚¢‚Ü‚ÜAƒXƒYqiï—¢j‚ÍwƒWƒƒƒYƒJƒ‹ƒƒ“x‚ÌçHŠy‚ğŒ}‚¦‚é,https://news.yahoo.co.jp/articles/21a603fa83a9393a25687bcf2a743f8f498cdf6c,1/29(Œ) 8:15
lmaga,Lmaga.jp,áÁ‰h“c‹½“ÖAå‰‰‰f‰æ‚ğU‚è‚©‚¦‚èu‚ ‚ÌŠÔ‚Í‚±‚Ìì•i‚É‚Æ‚Á‚Ä‘å–‚ÈŠÔ‚¾‚Á‚½v,https://news.yahoo.co.jp/articles/392c49127a6f1dc81942a174a0106f7fcda1fb7e,1/28(“ú) 21:30
lmaga,Lmaga.jp,NHK‘å‰Íƒhƒ‰ƒ}wŒõ‚éŒN‚Öx‘æ5‰ñi2Œ4“új‚ ‚ç‚·‚¶E”’,https://news.yahoo.co.jp/articles/c09a206d0e2c58257abfa647afac49bfecb349bd,1/28(“ú) 20:45
lmaga,Lmaga.jp,ƒzƒbƒgƒeƒB[”Ì”„‚ğ‚ß‚®‚ècuƒ}ƒNƒhƒiƒ‹ƒhv‚É^«Aˆê‘Ì‰½‚ªHuº‚ğã‚°‚½‚ç“Í‚­‚±‚Æ‚ ‚é‚ñ‚Å‚·‚Ëv,https://news.yahoo.co.jp/articles/4122a48269cdeb73665f44a8c6c63903954cadd7,1/28(“ú) 20:00
lmaga,Lmaga.jp,’©ƒhƒ‰wƒuƒMƒEƒMx‘æ82‰ñi1Œ29“újE“ü‰@’†‚Ìˆ¤•i…ãPij‚Æ—£‚ê‚Î‚È‚ê‚Ì‚Ü‚ÜAƒXƒYqiï—¢j‚Í”DP‚µ‚Ä‚¢‚ég‘Ì‚ÅwƒWƒƒƒYƒJƒ‹ƒƒ“xŒö‰‰‰“ú‚ğŒ}‚¦‚é,https://news.yahoo.co.jp/articles/c55ff2ef577a4f2bc2f7795a1f8e2c35729e5b37,1/28(“ú) 19:30
lmaga,Lmaga.jp,‘S‘„‰ñu‹à—jƒ[ƒhƒVƒ‡[‚ÆƒWƒuƒŠ“Wv‚ª‚Â‚¢‚É‹“s‚ÖA•¨Œê‚É”ò‚Ñ‚ß‚é‹óŠÔ‚à,https://news.yahoo.co.jp/articles/a49d77fb4a8dcb366c99f85f9a87ce7ac4c97642,1/28(“ú) 8:30
lmaga,Lmaga.jp,o‰ï‚¢‚Íu”_‹Æ“Á‰»E¥ŠˆƒAƒvƒŠvA‚U‚O‚O’Ø‚Ì”¨‚ÅˆğŒ@‚èƒf[ƒgyV¥‚³‚ñ‚¢‚ç‚Á‚µ‚á‚¢Iz,https://news.yahoo.co.jp/articles/1f3c9d4fa4ce3e942b2ea0ee7f92d6691a6152ee,1/28(“ú) 7:00
lmaga,Lmaga.jp,‚l|‚P‚ÅƒuƒŒƒCƒN‚Ìƒ„[ƒŒƒ“ƒYA‘åã‘ã‚ÌˆÃ•Œê‚éuŒ€ê‚Å‘å‚¢‚ÉŒ™‚í‚ê‚Ü‚µ‚Äv,https://news.yahoo.co.jp/articles/dc662cc629a5a406773eaba1049a16e922ca221b,1/27(“y) 20:30
lmaga,Lmaga.jp,V¥‚³‚ñ–¼•¨uƒpƒƒtƒ‹Èv‚ª~—ÕA‚P“ú‚R‰ñ‚Ì–Ò—óƒ‰ƒuƒAƒs[ƒ‹yV¥‚³‚ñ‚¢‚ç‚Á‚µ‚á‚¢Iz,https://news.yahoo.co.jp/articles/49cb307cb457648bd2eca52569c89383a98918ec,1/27(“y) 20:00
lmaga,Lmaga.jp,u‘å–Z‚µ‚¾cvƒuƒMƒEƒMŸT—\‚ªŒöŠJ@ŠçFˆ«‚»‚¤‚Èˆ¤•‚³‚ñ‚ÉÔ‚¿‚á‚ñ‚ğ•ø‚­ƒXƒYqAî•ñ—Ê‚Ì‘½‚³‚É‚r‚m‚rƒpƒjƒbƒN,https://news.yahoo.co.jp/articles/347b0cccedbdc62df101d106daeb2b5316827008,1/27(“y) 19:30
lmaga,Lmaga.jp,ƒ~ƒbƒVƒFƒ‹Eƒ`ƒo‚³‚ñ‚Ì’Ç“‰ã‰f‚àA‘åãu‚È‚ñ‚Îƒp[ƒNƒXƒVƒlƒ}v‚Å‚V“úŠÔŒÀ’è‚Ìƒ‰ƒCƒu‰¹‹¿‰f‰æÕ,https://news.yahoo.co.jp/articles/f841ff0866f5d104fa60253eea93df64664bd893,1/27(“y) 19:00
lmaga,Lmaga.jp,u–l‚ç‚ÍƒeƒZƒEƒX‚Ì‘D‚¾‚È‚Æv‚¤vƒWƒƒƒ“ƒ‹ƒŒƒXƒoƒ“ƒhE‚‚„‚‚Œ‚ÌŒÂ«‚ğ’T‚é,https://news.yahoo.co.jp/articles/ba79c6819a6b2533f1ac385471b7b502013dd6a5,1/27(“y) 13:00
lmaga,Lmaga.jp,‘åãE”~“c‚Ì–¼Š‚ÅH‚Ì¢ŠE—·Au‘åãYi‚à‚ñjvHŞ‚ÌƒOƒ‹ƒƒCƒxƒ“ƒg‚ªŠJÃ,https://news.yahoo.co.jp/articles/1ce6f84bf1f416f5fc2feaab2a9363863d4e0f0c,1/27(“y) 11:00
lmaga,Lmaga.jp,ä•‚Æƒ`ƒ‡ƒR‚Ì‹†‹É‚Ì‘I‘ğAƒrƒA[ƒhƒpƒp‚ÌŠúŠÔŒÀ’èƒVƒ…[•œŠˆ,https://news.yahoo.co.jp/articles/9618bf87ea70c1db35410ceae0ab6d3f30b722bd,1/27(“y) 9:00
lmaga,Lmaga.jp,_ŒËƒ‹ƒ~ƒiƒŠƒG‚ÌŒö®ƒOƒbƒY‚ªuƒ}ƒW‚Åg‚¦‚évAkĞ‚Ì‹³ŒP‚ğŠˆ‚©‚·u•—‰»‚³‚¹‚È‚¢‚æ‚¤v,https://news.yahoo.co.jp/articles/10b1dd2cd99e5eb55df577f4c297d5d8e340c428,1/27(“y) 8:30
lmaga,Lmaga.jp,ŠÏŒõ—ñÔu‚Æ‚Î‚µ‚Üƒƒ‚ƒŠ[‚¤‚İ‚ÌÍv‚ª‘åã‚É‰“oêAÔ“àƒ}ƒ‹ƒVƒF‚ÅOdƒOƒ‹ƒ‚ğ”Ì”„,https://news.yahoo.co.jp/articles/8aad24c9adf8c4389a9914cc17704bd811608d9c,1/27(“y) 8:00
lmaga,Lmaga.jp,‘åãog‚Ì‚‚‰‚‹‚A‘åãE“ŒO‘ƒƒP‚Åv‚í‚ÊƒQƒXƒg‚ª“oêy‚²‚Ô‚²‚Ôz,https://news.yahoo.co.jp/articles/642f3df62acaa61b517318c252062c8437220fff,1/26(‹à) 20:30
lmaga,Lmaga.jp,ƒ}ƒNƒhƒiƒ‹ƒhA‚P‚X‚X‚W”N`‚Q‚O‚P‚X”N‚Ìl‹Cƒo[ƒK[‚Sí‚ª•œŠˆ,https://news.yahoo.co.jp/articles/48f3bb3f8d97781e8ae48bd2be2eed186dfc56e3,1/26(‹à) 20:00
lmaga,Lmaga.jp,ŠÅŒìt–ğ‚Å—F‹ß‚ª’©ƒhƒ‰wƒuƒMƒEƒMx‚É“oêA‹’®Ò‚©‚çŠú‘Ò‚ÌºuˆÀSŠ´vuƒRƒ“ƒg‚©‚í‚©‚ç‚È‚­‚È‚é‚—v,https://news.yahoo.co.jp/articles/6b97f54fca47f1c949086e9adebefa954e59b63e,1/26(‹à) 19:45
lmaga,Lmaga.jp,Ä‚Ñ“ü‰@‚·‚éˆ¤•AƒXƒYq‚Ì”DP‚ª”»–¾...’©ƒhƒ‰wƒuƒMƒEƒMx‘æ17TU‚è‚©‚¦‚èi1Œ27“újE‚Ù‚ñ‚Ü‚É—£‚ê‚Æ‚¤‚È‚¢,https://news.yahoo.co.jp/articles/0f21b1692be8dc9a2f79b601478e9050fd3194d6,1/26(‹à) 19:30
lmaga,Lmaga.jp,‚a‚dF‚e‚h‚q‚r‚s‚ÌOR—½‹PAwŒÕ‚É—ƒx‚ÅƒqƒƒCƒ“‚Ì’í–ğ‚ÉŒˆ’è@ƒtƒ@ƒ“‹»•±u‚Â‚¢‚É’©ƒhƒ‰”o—DIv,https://news.yahoo.co.jp/articles/101a9c34657c125a32a664551db3f218901ad9ad,1/26(‹à) 19:15
lmaga,Lmaga.jp,uƒ~ƒXƒ^[ƒ`[ƒYƒP[ƒLv‚ÌƒoƒŒƒ“ƒ^ƒCƒ“A‘åã•‹“s‚Å‘Î–Ê”Ì”„,https://news.yahoo.co.jp/articles/5c05160e31b599532e495959d984e145b114babc,1/26(‹à) 19:00
lmaga,Lmaga.jp,ŒŠ‚©‚ç–Ë‚ª‚¿‚å‚ëcuƒJƒbƒvÄ‚«‚»‚Î‚ ‚é‚ ‚év‚ğ—˜—pA‚t.‚e.‚n.‚¨‚İ‚­‚¶‚É‚S‚W–œl‹Á‚«u“ú´‚³‚ñ“VË‚·‚¬v,https://news.yahoo.co.jp/articles/10f8f1e7ea720c84ea21f247f4d2b65ccc2e4fa0,1/26(‹à) 17:30
lmaga,Lmaga.jp,‘åã‰uƒ_ƒCƒ\[•¡‡“XvƒI[ƒvƒ““ú“ö‚í‚¤A’n‰ºŠX’¼Œ‹•ƒIƒtƒBƒXŠX‚Å’j«‹q‚ª‘‰ÁŒXŒü‚É,https://news.yahoo.co.jp/articles/9daeacf79312a0ec45a9cfe726a1055da4018aa3,1/26(‹à) 16:00
lmaga,Lmaga.jp,ƒCƒbƒZ[”öŒ`‚Í‚V‚OÎ‚ğ’´‚¦‚Ä‚àu—V‚Ñ‚½‚¢vAÅ‹‚É‚©‚¯‚év‚¢‚ğŒê‚é,https://news.yahoo.co.jp/articles/a61a6bbcc7793c682e77e0eccd0b785448ed6bbf,1/26(‹à) 14:00
lmaga,Lmaga.jp,u–ˆ“ús‚­Iv‚Ìº‘±ocŠÛ‹T»–Ë‚Ì“~ŒÀ’è‚¤‚Ç‚ñ‚É‚r‚m‚rŠ½ŠìA‰²åy‚UŒÂ‚ğæÒ‘ò‚Ég—p,https://news.yahoo.co.jp/articles/cc6bd5cf6478e7053184aff63e3523ffa39adb3f,1/26(‹à) 13:00
lmaga,Lmaga.jp,‘S‘ƒ†ƒj[ƒN“çƒ‰ƒ“ƒLƒ“ƒO‚SˆÊA‘åã‚Ìu‚¿‚è‚Æ‚è“çv‚Á‚Ä‚Ç‚ñ‚È‚ÌH,https://news.yahoo.co.jp/articles/0a86ae1dfdb2061c36b043636cf9676ab19013ed,1/26(‹à) 12:00
lmaga,Lmaga.jp,“X•ÜŠg‘å’†‚Ìƒo[ƒK[ƒLƒ“ƒOAV“X•¨Œ‚ğ‚r‚m‚r‚ÅˆêÄ•åW‚Ö,https://news.yahoo.co.jp/articles/411a6105169e6b602cb3561fd6e6f0267134a220,1/26(‹à) 11:15
lmaga,Lmaga.jp,’©ƒhƒ‰EƒuƒMƒEƒMŒø‰Ê‚Åu‚n‚r‚jv‚É“ö‚í‚¢A˜A“ú‹q‘«‚ªâ‚¦‚¸u‚ ‚è‚ª‚½‚­v‚¤v,https://news.yahoo.co.jp/articles/0d331d480537944f34c16a433ca64dd9090838f6,1/26(‹à) 8:30
lmaga,Lmaga.jp,‘åã‚Ì–k•”‚ÉV‚½‚È‰wu–¥–ÊŠ–ì‰wv‚RŒ‚Q‚R“ú‚É‰„LŠJ‹ÆA”~“c‚Ü‚Å‚Q‚T•ª‚Ì‚ƒAƒNƒZƒX,https://news.yahoo.co.jp/articles/c613064abb6e0fc14d5a660ac158dd85a943f13d,1/26(‹à) 8:00
lmaga,Lmaga.jp,ƒuƒ‰ƒbƒNƒ}ƒˆƒl[ƒYAE”°‚Æ‚µ‚½‚Q‚O”N‘OŒo‚Äv‚¤uÜƒŒ[ƒX‚Ì‘åØ‚³v,https://news.yahoo.co.jp/articles/4191f88ef911ccab279e35f695222f7a384c9ff5,1/26(‹à) 7:00
lmaga,Lmaga.jp,‚n‚r‚j“ú–{‰ÌŒ€’c‚Ìƒgƒbƒv‚Ql‚ª‘Ş’cAu‚¨‚à‚µ‚ë‚¢˜b‚µ‚©o‚Ä‚±‚È‚¢v‚ÆU‚è•Ô‚è,https://news.yahoo.co.jp/articles/d68a3dbcc07c923a24f8873d82e076f771b8d0c6,1/25(–Ø) 20:30
lmaga,Lmaga.jp,wƒuƒMƒEƒMxƒXƒYqiï—¢j‚Ì”DP‚ª”­ŠoA’©ƒhƒ‰ó‚¯‚Å˜Z˜Y–ğE•èàŠ‘ã‚à‚µ‚İ‚¶‚İu˜Z˜Y‚¨‚¶‚³‚ñ‚Écv,https://news.yahoo.co.jp/articles/d7978e18d2e4650e859f30c93f8dc5be483794e1,1/25(–Ø) 20:00
lmaga,Lmaga.jp,’©ƒhƒ‰wƒuƒMƒEƒMx‘æ81‰ñi1Œ26“újEƒXƒYqiï—¢j‚Æˆ¤•i…ãPij‚ÌŒ‹¥‚ğƒgƒ~i¬áj‚É‹–‚µ‚Ä‚à‚ç‚¤‚½‚ßAƒ}ƒl[ƒWƒƒ[‚ÌR‰ºi‹ß“¡–F³j‚ª‘åã‚ÉŒü‚©‚¤,https://news.yahoo.co.jp/articles/df03b5cbaf2ebf452baa17698d432fa0bfb10d8d,1/25(–Ø) 19:30
lmaga,Lmaga.jp,‘åã˜p‚ğ‘”ê‚Å–L‚©‚ÉA‘åã•{‚Æ•ºŒÉŒ§‚ªu‚l‚n‚a‚`v‚ğn“®,https://news.yahoo.co.jp/articles/3de9184db9152d14c85f45f2e99bc44b2135d6a3,1/25(–Ø) 16:30
lmaga,Lmaga.jp,ƒ~ƒ‹ƒNƒ{[ƒCE‹à‘®ƒoƒbƒg‚ç‚S‘gA‚Q‚O‚R‚R”N‚Ü‚Å–ŸËéŒ¾I ˆÙ—á‚Ìu‚P‚O”NŠÔƒcƒA[v”­•\,https://news.yahoo.co.jp/articles/80d44262cd3e6a4b579f3310a57db8b1cbb8ae57,1/25(–Ø) 15:15
lmaga,Lmaga.jp,˜b‘è‚Ìu‘‚³‚ñ‚¤‚Ç‚ñv‚ª•ºŒÉE“òè‚ÉA‚Q“X•Ü˜A‘±ƒI[ƒvƒ“,https://news.yahoo.co.jp/articles/106a8b6c2b536dd64341c171620fe6bbf43fd424,1/25(–Ø) 15:00
lmaga,Lmaga.jp,•ºŒÉE’W˜H“‡‚ÅuƒCƒ^ƒŠƒAƒ“ƒtƒFƒAvA‹‰Ø—¿—‚âƒRƒ“ƒT[ƒg‚Ì[ÀŠé‰æ,https://news.yahoo.co.jp/articles/c28aec1aa5b698e29e41f45db51aa9585838e413,1/25(–Ø) 14:00
lmaga,Lmaga.jp,ĞŠQ‚Ì•¨‘—A‘—‚Éƒhƒ[ƒ“‚ğŠˆ—pA‘åã•{‚ª‹¦‹c‚É’…è,https://news.yahoo.co.jp/articles/c320fda2a7889cc8dcf48c78c9ffa551de1c0c83,1/25(–Ø) 12:30
lmaga,Lmaga.jp,‹“÷A‹›“÷A‰Ê“÷c‚R‚O‚Oí‚Ìu“÷ƒOƒ‹ƒv‚ª˜a‰ÌR‚ÉAl‹Cƒt[ƒhƒtƒFƒX‚ª¡”N‚à‚X“úŠÔŠJÃ,https://news.yahoo.co.jp/articles/48a7df0e51669bc36a6b05577733c8fad00869ca,1/25(–Ø) 11:45
lmaga,Lmaga.jp,wƒuƒMƒEƒMxƒXƒYq‚Ìƒ}ƒl[ƒWƒƒ[–ğE‹ß“¡–F³Aï—¢‚Æ‚Ì‹¤‰‰‚ğU‚è‚©‚¦‚èŠ´“®u‚·‚×‚Ä‚ª¬’·‚µ‚Ä‚¢‚év,https://news.yahoo.co.jp/articles/b8f4c5864bd8837aa0e29ee2d32a53ffcbc1fdc4,1/25(–Ø) 8:30
lmaga,Lmaga.jp,uƒuƒMƒEƒMvƒXƒYqEˆ¤•‚Ìƒ‰ƒuƒ‰ƒuŒÎ”ÈƒV[ƒ“A‘½KŠ´‚¢‚Á‚Ï‚¢‚È‚Ì‚É‰½ŒÌ‚©•s‰¸c§ì“Š‡‚ªˆÓ–¡[ƒRƒƒ“ƒg,https://news.yahoo.co.jp/articles/dc9e3bba70940ec1b8a585dedb6850c12d88111f,1/25(–Ø) 8:15
lmaga,Lmaga.jp,”w’†‚Éƒpƒ\ƒRƒ“‚à“ü‚écIH ƒ|ƒPƒbƒg‚ª‘å—Ê‚Ì—«—pƒR[ƒg‚ª‘åƒqƒbƒgAƒjƒbƒZƒ“‚ÉŠJ”­”é˜b‚ğ•·‚¢‚½,https://news.yahoo.co.jp/articles/e3d3a72b930ad8bebee7f52926378b9241d5a13b,1/25(–Ø) 7:30
lmaga,Lmaga.jp,ƒ†ƒjƒNƒ‚ªVƒRƒŒƒNƒVƒ‡ƒ“”­•\A’§í‚µ‚½‚¢u“¯ŒnFƒR[ƒfv‚à‰Â”\‚Èƒ‰ƒCƒ“ƒAƒbƒv,https://news.yahoo.co.jp/articles/21ad781e25cf254a13887938a0d800ac6c4f41d3,1/25(–Ø) 7:15
lmaga,Lmaga.jp,‘åŠÛ”~“c“X‚ÉuŒb•ûŠªv‚P‚O‚OíA‚±‚Ú‚ê‚éŠC‘N‚ÌæÒ‘òŠª‚«‚à,https://news.yahoo.co.jp/articles/46251ba7bd1b10a4d46d96f67733628f6c113fe3,1/25(–Ø) 7:00
lmaga,Lmaga.jp,u“V‰¤›ƒ~ƒIv‚ª¡tƒŠƒjƒ…[ƒAƒ‹AVƒVƒ‡ƒbƒv‚à‘½”o“X,https://news.yahoo.co.jp/articles/a0b4f6c3b6b4ae8240ed7c27be220fffde6dd7ae,1/25(–Ø) 6:45
lmaga,Lmaga.jp,‹“sE“ñğé‚Å÷‚Ü‚Â‚èA–é‚Íé“à‚Ì–ñ‚R‚O‚O–{‚ªƒ‰ƒCƒgƒAƒbƒv,https://news.yahoo.co.jp/articles/12f8727b6adcc092f73779300fda26d998e28a13,1/24(…) 20:00
lmaga,Lmaga.jp,u‚¨•ê‚¿‚á‚ñŠ´”¼’[‚È‚©‚Á‚½vˆ¤•‚Ì•êEƒgƒ~‚ª“Œ‹‚Éc¬á‚Ì‰‰‹Z‚Éu‘¶İŠ´‚·‚²‚¢v‚ÌºyƒuƒMƒEƒMz,https://news.yahoo.co.jp/articles/7ef31b741a33a8f3338b8f4a71e171ec627a6925,1/24(…) 19:45
lmaga,Lmaga.jp,’©ƒhƒ‰wƒuƒMƒEƒMx‘æ80‰ñi1Œ25“újEˆ¤•i…ãPij‚ª—Ã—{‚Ì‚½‚ß‚É‘åã‚É–ß‚éˆê•û‚ÅAƒXƒYqiï—¢j‚Éq‚Ç‚à‚ª‚Å‚«‚½‚±‚Æ‚ª”»–¾‚·‚é,https://news.yahoo.co.jp/articles/fa5ca6ede56251c5a96fed36be7e43326ce211b5,1/24(…) 19:30
lmaga,Lmaga.jp,‹‘å‚¢‚¿‚²‚ªoŒ»I ã_•S‰İ“X‚ÌƒoƒŒƒ“ƒ^ƒCƒ“‚ÍP—áu‚¢‚¿‚²„‚µvAŠÙ‘S‘Ì‚Å·‚èã‚°‚é,https://news.yahoo.co.jp/articles/55b7352262f8a83244056d9b3f1aadff04401c9d,1/24(…) 19:15
lmaga,Lmaga.jp,‘åãE“csog‚Ì”o—DE‘å’J—º•½Au‚Æ‚È‚è‚ÌlŠÔ‘•ó‚³‚ñv‚Å’nŒ³ŠMù,https://news.yahoo.co.jp/articles/28f13397a6ae37125e455e55473b05421f9fdd67,1/24(…) 18:30
lmaga,Lmaga.jp,t‚Ü‚Å‚µ‚Î‚µ‚Ì‚¨•Ê‚êAŠC—VŠÙ‚ÌƒAƒCƒhƒ‹Eƒƒ‚ƒ“ƒAƒUƒ‰ƒV‚Ì…‘…‚ªƒŠƒjƒ…[ƒAƒ‹H–‚Å•Â½,https://news.yahoo.co.jp/articles/faecb74e6a5cdba97050efba53cabfb3b174eac5,1/24(…) 18:15
lmaga,Lmaga.jp,ã_ƒ^ƒCƒK[ƒX”M‚ÍuƒoƒŒƒ“ƒ^ƒCƒ“v‚É‚Ü‚Åc‰“ú‚Í‘¦Š®”„Aã_•S‰İ“X‚ÌŒÀ’èƒ`ƒ‡ƒR,https://news.yahoo.co.jp/articles/f086f6d2ced176c5cb305386283c85be3d6275ba,1/24(…) 17:30
lmaga,Lmaga.jp,yŒõ‚éŒN‚Öz‚Ù‚Úƒ}ƒtƒBƒA‚È•½ˆÀ‹M‘°A‚»‚Ì‚È‚©–ü‚â‚³‚ê‚½‚Ì‚Íƒƒo[ƒgHR‚Ì‘¶İ,https://news.yahoo.co.jp/articles/40fc95ee21d2ac8180570516824f716960e46640,1/24(…) 17:00
lmaga,Lmaga.jp,‘åãE‚Ä‚ñ‚µ‚Î‚Åu‘S‘‚Ì‚¨ˆğvƒtƒFƒXAğ”ND•]‚Åƒƒjƒ…[”‚ª”{‚É,https://news.yahoo.co.jp/articles/7914cd3aa2f5fbf07f4ee4ac315ef81a574f1050,1/24(…) 14:00
lmaga,Lmaga.jp,—h‚ê“®‚­ƒtƒ@[ƒXƒgƒt[ƒhƒ`ƒF[ƒ“AƒtƒŒƒbƒVƒ…ƒlƒXVì‚Í–{Ši”h‚ÌuŠØ‘ƒo[ƒK[v@‚³‚Â‚Ü‚¢‚à‚ªŒˆ‚ßè,https://news.yahoo.co.jp/articles/205986f3ab1a8006653b6b52402b3fadca26347d,1/24(…) 12:45
lmaga,Lmaga.jp,—q‘åu‰v‚É’§‚Ş•ºŒÉ‚Ì‘åŠwAƒAƒEƒgƒhƒA‚Ìƒ‚ƒ“ƒxƒ‹‚Æƒ^ƒbƒOuVŠw•”v‘nİ‚ÉŒü‚¯‚Ä‚Ìˆê•à,https://news.yahoo.co.jp/articles/bdd6f7f13fb734cf28c0a28a5bd66e26165a42f9,1/24(…) 12:30
lmaga,Lmaga.jp,ƒEƒ}‚·‚¬‚ÄÕŒ‚c‚·‚«‰Æƒtƒ@ƒ“Š½ŠìA‚R”N‚Ô‚è‚Éu‚¨D‚İ‹‹Ê˜¥v‚ª•œŠˆ,https://news.yahoo.co.jp/articles/3f66b1c32b234889fd255589146298876e7d8ade,1/24(…) 11:00
lmaga,Lmaga.jp,uƒG[ƒXƒzƒeƒ‹‹“sv‚É‹C‰sƒA[ƒeƒBƒXƒg‚ÌƒCƒ“ƒXƒ^ƒŒ[ƒVƒ‡ƒ“ì•iAŒÜŠ´‚É‘i‚¦‚é‹óŠÔ‚É,https://news.yahoo.co.jp/articles/bf38d4802234673baebb85598f92f6108bdd6c94,1/24(…) 10:00
lmaga,Lmaga.jp,•ºŒÉE’W˜H“‡‚ÅuƒSƒWƒ‰[‚P.‚Ov“Á•Ê“WA—§‘Ì‘¢Œ`‚Ì–¼ƒV[ƒ“ÄŒ»‚à,https://news.yahoo.co.jp/articles/cdac08b87c16fdac7386e1d735669c742ca14c1c,1/24(…) 7:30
lmaga,Lmaga.jp,–ñ‚S–œ‰~‚¨“¾Aƒhƒ~ƒmƒsƒU‚ª”Ì”„‰„Šú‚µ‚½u•Ÿ‘Üv‚Â‚¢‚É”­”„,https://news.yahoo.co.jp/articles/9adf146eaffa2a23fe1ce9db5974d096ab3234a7,1/24(…) 7:00
lmaga,Lmaga.jp,’nã‚P‚V‚R‚‚ÌƒoƒŒƒ“ƒ^ƒCƒ“A‘åãE”~“c‚ÌƒLƒƒƒ“ƒhƒ‹‚ªD‚è‚È‚·–éŒi,https://news.yahoo.co.jp/articles/3e4e8b50922a5b4931fc141e1a0e515b9f86f1eb,1/23(‰Î) 20:15
lmaga,Lmaga.jp,uƒXƒYqˆ¤‚ª‚·‚²‚¢cvˆ¤•‚Æ‰H’¹æ¶‚ª‚Â‚¢‚É‰‘Î–ÊA‚»‚Ì‰ï˜b‚É‚r‚m‚r‘›‘Ru‚QŠÔ‚­‚ç‚¢•·‚«‚½‚¢vyƒuƒMƒEƒMz,https://news.yahoo.co.jp/articles/8c32512b96324782ab66ad2b792c22e3b512c9a3,1/23(‰Î) 20:00
lmaga,Lmaga.jp,’©ƒhƒ‰wƒuƒMƒEƒMx‘æ77‰ñi1Œ23“újEÄ‚Ñš\ŒŒ‚·‚éˆ¤•i…ãPijA‘åã‚É˜A‚ê‹A‚ë‚¤‚Æˆ¤•‚Ì•êEƒgƒ~i¬áj‚ª•aº‚É‹ì‚¯‚Â‚¯‚é,https://news.yahoo.co.jp/articles/34954eb04eaf9dea9be77a0c8258c6d245a6293c,1/23(‰Î) 19:30
lmaga,Lmaga.jp,â“c—˜•v‚³‚ñ‚Ì’Ç“‰”Ô‘gA‹H‘ã‚ÌƒRƒƒfƒBƒAƒ“‚Ì‹OÕ•ŠïÕ‚ğ‰ñŒÚ,https://news.yahoo.co.jp/articles/677b78f9f747a050e52d3c7ae370c06211a2e9d7,1/23(‰Î) 18:30
lmaga,Lmaga.jp,“ú–{Å‘å‹‰Eã‹}‚¤‚ß‚¾‚ÌuƒoƒŒƒ“ƒ^ƒCƒ“ÕvA‚P‚OŠK‚É‚Í“®•¨ƒ‚ƒ`[ƒt‚ªWŒ‹,https://news.yahoo.co.jp/articles/1923e100126b503db69e179b632d9ac795907c6a,1/23(‰Î) 18:15
lmaga,Lmaga.jp,‹“sE–k–ì“V–‹{‚Ì–¼“u‹SØŠÛv‚ÌŠO‘•§ìƒvƒƒWƒFƒNƒgA‚W‚W•ª‚Å‚P‚T‚O‚O–œ‰~‚Ì–Ú•W’B¬c”½‹¿‚â§ì‚Ìv‚¢‚ğ•·‚¢‚½,https://news.yahoo.co.jp/articles/47b83873e3630a2bcda0e6e43fbb79f41058ca06,1/23(‰Î) 17:45
lmaga,Lmaga.jp,u‚¿‚¢‚©‚í~ƒtƒFƒCƒ‰[v‰ƒRƒ‰ƒ{A‚r‚m‚rŠ½Šì‚Ìˆê•û‚Å‘¦Š®ƒtƒ‰ƒO‚àuİŒÉ‚ğ[•ª‚Écv,https://news.yahoo.co.jp/articles/65a89b85150d27961d3479ecd9187ca238dc850d,1/23(‰Î) 17:30
lmaga,Lmaga.jp,yŒõ‚éŒN‚Öz—ö‚àŒğ—FŠÖŒW‚àƒUE­—–Ÿ‰æ‚È“WŠJAVƒLƒƒƒ‰‚Í“G‚©–¡•û‚©,https://news.yahoo.co.jp/articles/79ff8d4e71388c65381f34fed4f53cb12ba0671b,1/23(‰Î) 17:00
lmaga,Lmaga.jp,“Ş—ÇƒOƒ‹ƒ‚ğ”Ì”„‚·‚éu“dÔ‚„‚…ƒ}ƒ‹ƒVƒFvA‘åãEˆ¢•”–ì‚É,https://news.yahoo.co.jp/articles/ecfc7c9133ab6ca6298a3a45e8d0c961db745bf6,1/23(‰Î) 15:00
lmaga,Lmaga.jp,Œ³”T–Øâ‚S‚UE¼‘º¹—F—A‘ŠÈH“°‚ÅƒLƒƒƒ‰‘SŠJu‚¨‚¢‚µ‚©‚Á‚½‚Å‚µ‚ãIv,https://news.yahoo.co.jp/articles/24fb30eecefdfefab33e57e55f48a69309a14d37,1/23(‰Î) 13:15
lmaga,Lmaga.jp,ƒtƒ@ƒ~ƒ}‚©‚çu‚²“–’n‚ ‚ñƒpƒ“v“oêA‹ß‹EƒGƒŠƒAŒÀ’è‚ÍƒpƒCd—§‚Ä,https://news.yahoo.co.jp/articles/8185e62f553c1f00cb4684fba45ad3cc0ea9401f,1/23(‰Î) 12:15
lmaga,Lmaga.jp,uÅ‚‚É‹¶‚Á‚Ä‚évu‚Ç‚ñ‚È–¡vƒsƒUƒnƒbƒg~“V‰ºˆê•iAÕŒ‚‚ÌƒRƒ‰ƒ{ƒsƒU‚ª’a¶,https://news.yahoo.co.jp/articles/6818b54a63cd72de2e41fc01889badd68ee0234b,1/23(‰Î) 11:45
lmaga,Lmaga.jp,ƒAƒCƒ“ƒVƒ…ƒ^ƒCƒ“ˆî‚¿‚á‚ñ‚ÌƒOƒbƒY‚ª‚Ó‚é‚³‚Æ”[Å•Ô—ç•i‚ÉA‚±‚¾‚í‚è‚Íu”§G‚èvc‚PTŠÔ‚Å‚P‚O‚OŒˆÈã‚Ì\‚µ‚İ,https://news.yahoo.co.jp/articles/219ea086a961a83959052c44b6c3d1a7a8c35105,1/23(‰Î) 8:00
lmaga,Lmaga.jp,s—ñƒXƒC[ƒcE‚r‚m‚n‚v‚rAƒoƒŒƒ“ƒ^ƒCƒ“‚ÌŠÖ¼o“X‚Í‘åãE”~“c‚¾‚¯,https://news.yahoo.co.jp/articles/890245a676704d5693c387557dea11527ad45593,1/23(‰Î) 7:00
lmaga,Lmaga.jp,——DEŒ©ãˆ¤A•¡G‚È•Ğv‚¢‚Ì—Fl–ğ‚Éu”ßŒ€‚ÌƒqƒƒCƒ“‚É‚µ‚½‚­‚È‚¢A•K€‚É‚ª‚ñ‚Î‚Á‚Ä‚¢‚ép‚ğ•\Œ»‚Å‚«‚½‚çv,https://news.yahoo.co.jp/articles/5d09996f65db26ce1e2fdd51841f332b35ff8fe3,1/22(Œ) 21:00
lmaga,Lmaga.jp,u¬’·’˜‚µ‚¢ƒJƒcƒIv‰H’¹æ¶i‘íK„j‚Ì‘§q‚ª‹vX‚É“oêA‹’®Ò‹Á‚«u‚¨•ƒ‚¿‚á‚Ü‚Á‚ÄŒÄ‚ñ‚Å‚½‚Ì‚ÉcvyƒuƒMƒEƒMz,https://news.yahoo.co.jp/articles/0f3d6c401bde15bc1ea4f073b84ca0fd32dd4f12,1/22(Œ) 19:30
lmaga,Lmaga.jp,NHK‘å‰Íƒhƒ‰ƒ}wŒõ‚éŒN‚Öx‘æ4‰ñi1Œ28“új‚ ‚ç‚·‚¶EŒÜß‚Ì•‘•P,https://news.yahoo.co.jp/articles/5056d7e80ccea9077e86434145f1c21d210fd7a8,1/22(Œ) 17:00
lmaga,Lmaga.jp,u‚İ‚È‚³‚ñ‚Ì‘z‘œ’Ê‚èIv“à“¡„u‚ªlî”h‚Ìƒxƒeƒ‰ƒ“ŒY––ğA’©ƒhƒ‰uƒuƒMƒEƒMv‚Ì’Ç‰Áo‰‰Ò,https://news.yahoo.co.jp/articles/e38af29ac25615c35a689d41f94e58fbdce1d42e,1/22(Œ) 12:45
lmaga,Lmaga.jp,¼‚Ì‚â‚Å’èHƒZ[ƒ‹A{‚P‚O‚O‰~‚Åuƒ[ƒX‚©‚Â‚Q”{v‚É,https://news.yahoo.co.jp/articles/7686b38a9ff706c2997d79c17a546529d714bf42,1/22(Œ) 11:30
lmaga,Lmaga.jp,’©ƒhƒ‰wƒuƒMƒEƒMx‘æ77‰ñi1Œ23“újEˆ¤•‚Æ‚ÌŒ‹¥‚Æ‰Ìè‚Ì“¹A‚Ç‚¿‚ç‚ğ‘I‚Ô‚©cƒXƒYqiï—¢j‚ª©–â©“š‚Ì“úX,https://news.yahoo.co.jp/articles/321b30aa8f47abfb60138d3e9c5286cac16f0898,1/22(Œ) 8:15
lmaga,Lmaga.jp,¼“c¶‚ªu‚È‚É‚í‚Ì• ‹Ø—‰¤v‰ü‚ßu‚È‚É‚í‚ÌƒtƒFƒjƒbƒNƒXv‚ÉA‘“c–¾”ü‚³‚ñ‚ª–½–¼,https://news.yahoo.co.jp/articles/0d36f840c78ecf21089578b29b9de8abbe59a658,1/22(Œ) 7:00
lmaga,Lmaga.jp,‘åã‚Ìƒzƒeƒ‹‚Éuƒkƒ“Šˆv•t‚«‚Ìh”‘ƒvƒ‰ƒ“AƒoƒŒƒ“ƒ^ƒCƒ“‚âƒzƒƒCƒgƒf[‚É‚àd•ó,https://news.yahoo.co.jp/articles/f835ffdbc2b231887db5d9a7b73a44c41af7d90e,1/21(“ú) 20:30
lmaga,Lmaga.jp,ƒhƒ‰ƒ}uŒõ‚éŒNv‚ä‚©‚è‚ÌË—ƒJƒNƒeƒ‹A ‰ê‚Ìƒzƒeƒ‹‚Å“oê,https://news.yahoo.co.jp/articles/fb74053e2dbd103601bec4d96172b5c7d5febf7d,1/21(“ú) 20:00
lmaga,Lmaga.jp,’©ƒhƒ‰wƒuƒMƒEƒMx‘æ77‰ñi1Œ22“újEƒgƒ~i¬áj‚ª’ñ¦‚·‚éŒ‹¥‚ÌğŒ‚ÉAƒXƒYqiï—¢j‚Æˆ¤•i…ãPij‚ª¢˜f,https://news.yahoo.co.jp/articles/33504a0e7615bb4129b01566e112bee5fac423e9,1/21(“ú) 19:30
lmaga,Lmaga.jp,u‚ ‚é‚ª‚Ü‚Ü‚ğ‚â‚év‚Rƒs[ƒXƒƒbƒNƒoƒ“ƒhE‚„‚‚—‚‚”A“Œ–¼ã‚ÅƒŠƒŠ[ƒXƒcƒA[,https://news.yahoo.co.jp/articles/d51703c833c3f7bc3580167193df149cebda8048,1/21(“ú) 19:00
lmaga,Lmaga.jp,‘åãEŠÖ¼–œ”‚ğ·‚èã‚°‚éAs“à‚UŠÙ‡“¯‚Ìu‘åã”v‚ªŠJÃ,https://news.yahoo.co.jp/articles/1b156d43fbed5d44b289860ee0f400ad790b6aea,1/21(“ú) 13:00
lmaga,Lmaga.jp,‚¨Ÿ­—‚·‚¬‚éuƒWƒbƒvƒƒbƒNvAƒr[ƒ€ƒX‚Æ‚Ìƒ^ƒbƒO‚Å’a¶,https://news.yahoo.co.jp/articles/08c4795248f6b80481cd9d3a73f370b0ff8377eb,1/21(“ú) 12:00
lmaga,Lmaga.jp,ƒ[ƒ\ƒ“‚Éu‚²“–’nƒt[ƒhvA‹ß‹E‚ÍƒJƒŒ[•‚¾‚µŠª‚«‚ªå–ğ,https://news.yahoo.co.jp/articles/fd5898875823356fdbdcefc1a30d44cb023699aa,1/21(“ú) 11:00
lmaga,Lmaga.jp,_ŒËã‹}‚ÌƒoƒŒƒ“ƒ^ƒCƒ“”——‰ïAu•ºŒÉ‚Ì‘fŞvg—p‚ÌF‘N‚â‚©‚Èƒ`ƒ‡ƒR‚à,https://news.yahoo.co.jp/articles/cd166795fd8c6af48d46a66c392afee4a0a530d2,1/21(“ú) 9:00
lmaga,Lmaga.jp,˜b‘è‚Ìu–¼’T’ãƒRƒiƒ““Wv‚ª‘åã‚ÖAƒtƒ@ƒ“•KŒ©‚Ì‰ŒöŠJ‘—¿‚âƒRƒiƒ“•ÏgƒOƒbƒY‚Ì”Ì”„‚à,https://news.yahoo.co.jp/articles/fc65c03570b2e1dda39eb50a2895fa20dccb242a,1/21(“ú) 8:00
lmaga,Lmaga.jp,u‹‘å‚È“÷‰òv‚ğ–j’£‚éÈ‚ÉƒLƒ…ƒ“cˆ¤‚ÌƒvƒŒƒ[ƒ“‘—¿‚ÅŒ‹¥‚ÖyV¥‚³‚ñ‚¢‚ç‚Á‚µ‚á‚¢Iz,https://news.yahoo.co.jp/articles/ecb546c695fe3d5c6c12bd55a819e600404ef859,1/21(“ú) 7:00
lmaga,Lmaga.jp,’‹‚İƒf[ƒg‚©‚ç‚UŒ¬–ÚA[–é‚O‚Ìu‘åº”’v‚ÉÈŒË˜f‚¢yV¥‚³‚ñ‚¢‚ç‚Á‚µ‚á‚¢Iz,https://news.yahoo.co.jp/articles/abe874d29c79aeb20b06f538e4b60e1ceb80ebd8,1/20(“y) 20:30
lmaga,Lmaga.jp,ƒ}ƒNƒhƒiƒ‹ƒh‚ÌuƒzƒbƒgƒeƒB[v”Ì”„I—¹‚ÅŠñ‚¹‚ç‚ê‚½uŒË˜f‚¢‚Ìºv¨Œö®‚É–â‚¢‡‚í‚¹‚Ä‚İ‚½,https://news.yahoo.co.jp/articles/4d0d870ce677a0f8e9a7880faaea527909d72e4f,1/20(“y) 20:00
lmaga,Lmaga.jp,ƒuƒMƒEƒMŸT—\‚ªŒöŠJA•s‰¸‚·‚¬‚éˆ¤•‚Ì“ü‰@ƒV[ƒ“‚É‚r‚m‚r”ß–Âu‚È‚ñ‚Å‚È‚ñcHv,https://news.yahoo.co.jp/articles/7acb1c91b66f167b2cff379d4ac8cdf816d25484,1/20(“y) 19:30
lmaga,Lmaga.jp,l‹C‰f‰æuƒS[ƒXƒgƒoƒXƒ^[ƒYv‚ÌƒAƒtƒ^ƒk[ƒ“ƒeƒB[‚ª‘åã‚ÅAì’†‚ÌƒXƒg[ƒŠ[‚ğ•\Œ»,https://news.yahoo.co.jp/articles/f03985e7bb6588c451c65aa6202cff6cff29ed20,1/20(“y) 18:30
lmaga,Lmaga.jp,‚S”N‚Ô‚è‚Ìu_ŒËƒ‹ƒ~ƒiƒŠƒGvA‰‚Ì—L—¿ƒGƒŠƒA‚Å¬G‹ï‡‚Í‚¢‚©‚ÉHuŒ©‚â‚·‚¢v‚Ìº‚à,https://news.yahoo.co.jp/articles/d73165b57c7a8e74a46bc3639197c4bf052c9468,1/20(“y) 16:30
lmaga,Lmaga.jp,‹“sE‰ÍŒ´’¬‚Ìƒh[ƒiƒc“X‚É‚àƒoƒŒƒ“ƒ^ƒCƒ““—ˆAŒÀ’è‚Í‚Rí,https://news.yahoo.co.jp/articles/09478b07f9bcbfeccb71eefe29d6d3a8977a8cf4,1/20(“y) 15:00
lmaga,Lmaga.jp,yŒõ‚éŒN‚ÖzŒ“‰Æ‚Ì‹°‚ë‚µ‚³‚É•ğ‘RA‰‰ñƒq[ƒ‹‚¾‚Á‚½“¹Œ“‚É‚Í“¯î‚à,https://news.yahoo.co.jp/articles/ec5e256c3d13992eed2e053e94d80427ec384f33,1/20(“y) 13:45
lmaga,Lmaga.jp,¶’a‚R‚Tü”NIƒ|ƒ`ƒƒƒbƒRƒJƒtƒF‚ª‘åã‚ÉAƒtƒ@ƒ“Š½Šìu‚±‚ê‚Ís‚­‚µ‚©v,https://news.yahoo.co.jp/articles/804c9b64eff8b5d25a16af02ac1deea09c60615b,1/20(“y) 12:00
lmaga,Lmaga.jp,‚Â‚¢‚É‘S‘”Ì”„‚ÖIuƒtƒ‰ƒ“ƒtƒ‰ƒ“vD•]‚ÌH•iƒVƒŠ[ƒYAV‚½‚É‚Uí—Ş‚ª’Ç‰Á,https://news.yahoo.co.jp/articles/26735668987aa1ea52e528e3fca27296df6494df,1/20(“y) 11:00
lmaga,Lmaga.jp,‹“sƒ|ƒ‹ƒ^‚Å‚t‚Q‚T‚Ì“`“HŒ|“WA“`“•¿‚ªƒCƒ}ƒhƒL‚É•Ïg,https://news.yahoo.co.jp/articles/e21ee0aea18e0c6d67b5f0c170c4339f8999717b,1/20(“y) 9:00
lmaga,Lmaga.jp,ˆê–Ú›‚ê•KŠ‚Èu‰ÔƒXƒC[ƒcvAã‹}‚¤‚ß‚¾–{“X‚ÉŠúŠÔŒÀ’è‚Å“oê,https://news.yahoo.co.jp/articles/6269d0ced9cac4caab9c7bd5ac0b2ec184ccdeaa,1/20(“y) 8:00
lmaga,Lmaga.jp,‚g ‚i‚•‚‚‡‚Œ‚… ‚—‚‰‚”‚ˆ ‚”‚Ì•œŠˆ‚Å˜b‘è‚Ìu‚²‚Ô‚²‚ÔƒtƒFƒXvA‚P“ú–Ú‚Ì‘Š•û‚Í‰œ“c–¯¶‚ÉŒˆ’è,https://news.yahoo.co.jp/articles/061f8452c306e171dd4ce67ac5438232c801c7ae,1/20(“y) 6:00
lmaga,Lmaga.jp,À‚Í_ŒË‚ª¹’n‚Á‚Ä’m‚Á‚Ä‚½H‚r‚eƒAƒjƒ‚Ì‹àš“ƒwUŠk‹@“®‘àx‚ªƒpƒlƒ‹“W‚ğŠJÃ,https://news.yahoo.co.jp/articles/69760bd2d03a4aeaccf29c8ad9e659e17804f0e6,1/19(‹à) 21:00
lmaga,Lmaga.jp,u“ª‚©‚ç—£‚ê‚È‚¢IvƒuƒMƒEƒMEï—¢‚ª‰Ì‚¤Œ€’†‹ÈuƒRƒyƒJƒ`[ƒ^v‚ª‚r‚m‚r‚Å˜b‘è‚É,https://news.yahoo.co.jp/articles/01538290e350ad5dbcab430f58b2e01efb525ede,1/19(‹à) 20:00
lmaga,Lmaga.jp,ŠìŒ€‰¤Eƒ^ƒiƒPƒ“‚Æ‚Ìo‰ï‚¢A¬–é‚Ì—ö‚Ìs•ûc’©ƒhƒ‰wƒuƒMƒEƒMx‘æ16TU‚è‚©‚¦‚èi1Œ20“újEƒƒe‚Íƒƒe‚¾‚·,https://news.yahoo.co.jp/articles/a01d794fd5f7bd104b7d1878b3ae9e9020bf415f,1/19(‹à) 19:30
lmaga,Lmaga.jp,–ñ‚R‚O‚O‚Oí—Şc“ú–{Å‘å‹‰‚Ìuã‹}ƒoƒŒƒ“ƒ^ƒCƒ“ÕvA‰‚Ì‚İuƒvƒŒŠJÃv‚ª‘å·‹µ,https://news.yahoo.co.jp/articles/b702a37dca42fb9342c4f630007e07d882f241a9,1/19(‹à) 18:30
lmaga,Lmaga.jp,‹“sŠÏŒõ‚Åu‚¢‚¯‚¸•¶‰»v‚ğ‘ÌŒ±H aV‚·‚¬‚é—’“d‚Ì’†’İ‚èL,https://news.yahoo.co.jp/articles/867683dc4b02f229d949da689c5990cdeda0d3a7,1/19(‹à) 18:15
lmaga,Lmaga.jp,‚È‚©‚â‚Ü‚«‚ñ‚ÉŒNA”­yH•iƒAƒs[ƒ‹‚É‰ïê‘åƒEƒPu‚³‚·‚ª‘åãIvIn‹Ø“÷ƒ|[ƒYày—ô,https://news.yahoo.co.jp/articles/0d533dcd1d2c24d62a4b8fbc2ea71fffa7dc2ee1,1/19(‹à) 17:30
lmaga,Lmaga.jp,yŒõ‚éŒN‚ÖzƒQƒX‚Ì‹É‚İ“Œ‹{A‡®•”‚Ì–¼‚É‚Â‚È‚ª‚éˆ×‚Æ‚Ì–ñ‘©‚Æ‚Í,https://news.yahoo.co.jp/articles/835a5d5b56925b90a07a9c1d4f0c3212cb2d99f0,1/19(‹à) 17:00
lmaga,Lmaga.jp,‚à‚¤˜e–ğ‚¶‚á‚È‚¢I ‹“s‚Éuƒoƒjƒ‰ê–å“Xv‚ªŠúŠÔŒÀ’è‚Åo“X,https://news.yahoo.co.jp/articles/56426803a6117ce350a3058898ca7d279573921d,1/19(‹à) 15:15
lmaga,Lmaga.jp,ƒ[ƒ\ƒ“~ƒSƒfƒBƒo‚ÉVìAƒ`ƒ‡ƒRƒXƒC[ƒc‚È‚Ç‚R•i‚ª“oê,https://news.yahoo.co.jp/articles/2f3b9f11ac995e001de457f3ca9cf89d79614ce8,1/19(‹à) 12:15
lmaga,Lmaga.jp,‚k‚‚–‚…‚ªˆì‚ê‚éuƒXƒk[ƒs[ƒJƒtƒFvAŠúŠÔŒÀ’è‚Ìè†‚ÌƒpƒC‚É‚«‚ã‚ñI,https://news.yahoo.co.jp/articles/1221fb53263885c59fb03b263302fa510fdab77b,1/19(‹à) 11:15
lmaga,Lmaga.jp,u•Ÿ‰ª‚¤‚Ç‚ñv‚ª‘±X‚Æ‘åãioAä‹Ø–{’¬‚Ìu•ô‚Ì‚¤‚Ç‚ñv‚Í¨—Í}Œƒ•Ï‚ğ—\Š´‚³‚¹‚é–¡,https://news.yahoo.co.jp/articles/724ca27d5159f1ba71c9f7efd3152bf078da0126,1/19(‹à) 11:00
lmaga,Lmaga.jp,–K“úŠO‘l‚É–hĞî•ñ‚Ì‘½Œ¾Œê‰»‚ª•K—vA‘åãs’·‚ª–â‘èˆÓ¯,https://news.yahoo.co.jp/articles/9d546b8d17fd6d1cfabe1107048581ab24ea373c,1/19(‹à) 9:00
lmaga,Lmaga.jp,‚t‚r‚iƒIƒŠƒWƒiƒ‹¤•iAu”\“o”¼“‡’nkv”íĞ’n‚Ö–³’ñ‹Ÿ,https://news.yahoo.co.jp/articles/d5fe130f620ee927688d2c1386eb065203f754a4,1/19(‹à) 8:30
lmaga,Lmaga.jp,wƒuƒMƒEƒMx§ì“Š‡‚ªŒê‚éAƒXƒYq‚Æ¬–é‚Ì•Ê‚ê‚Æ—·—§‚¿c‚Ó‚½‚è‚Í”NŒ‚ğÏ‚İd‚Ë‚Äu‰Æ‘°v‚É‚È‚Á‚½,https://news.yahoo.co.jp/articles/89bb1f83c525984c0cfd023240af2dc85a2c83eb,1/19(‹à) 8:15
lmaga,Lmaga.jp,“ì‘åã‚Åu“ú–{‚ÌH‚Ü‚Â‚èvŠJÃA’nŒ³YƒJƒL••–Ñ˜a‹‚È‚Ç‚à,https://news.yahoo.co.jp/articles/ff849473b6c35002a2d30b17e8c7673c1ad0acc3,1/19(‹à) 7:30
lmaga,Lmaga.jp,’©”Ô‘guƒ‰ƒ”ƒBƒbƒgIv‚ª‘åã‚É‚â‚Á‚Ä‚­‚éA‚s‚a‚rƒXƒgƒA‚ªŠÖ¼‰o“X,https://news.yahoo.co.jp/articles/639cd6ffbdbb1dbb43f792d22bb45fd47a44239f,1/19(‹à) 7:00
lmaga,Lmaga.jp,u‚©‚Á‚±‚æ‚·‚¬‚ÄˆÀS‚µ‚½vv¶£Ÿ‹v‰‰‚¶‚éƒ^ƒiƒPƒ“‚ÌƒZƒŠƒt‚É‹’®ÒŠ´“®yƒuƒMƒEƒMz,https://news.yahoo.co.jp/articles/edc0aeea4826871cf4e9e53b5829770ceede5a5c,1/18(–Ø) 20:00
lmaga,Lmaga.jp,’©ƒhƒ‰wƒuƒMƒEƒMx‘æ76‰ñi1Œ19“újEu‚·‚×‚Ä‚ğó‚¯~‚ß‚év‚ÌŒ¾—t‚ğ‹¹‚ÉAƒXƒYqiï—¢j‚ªŠìŒ€‰¤ƒ^ƒiƒPƒ“i¶£Ÿ‹vj‚Æ‚Ì•‘‘ä‹¤‰‰‚É’§‚Ş,https://news.yahoo.co.jp/articles/95ba1f7b90692257935f6da8fd7824a3e55d0b90,1/18(–Ø) 19:30
lmaga,Lmaga.jp,–{Šiƒjƒbƒg‚ªƒRƒ“ƒrƒj‚Å”ƒ‚¦‚é‘ãAuƒgƒŒƒ“ƒhÅæ’[v‚Éƒ[ƒ\ƒ“‚àQí,https://news.yahoo.co.jp/articles/c923292e790ae3281a0e2dfd62945e57d4b6244d,1/18(–Ø) 19:15
lmaga,Lmaga.jp,u‹g–{VŠìŒ€v‚ÉV•—H l‹Cº—DE–{“n•–•’¹ŠC_•ã‚ç‚ÆƒRƒ‰ƒ{˜N“ÇŒ€,https://news.yahoo.co.jp/articles/6e6efca079126120e54b5d11f88c98a7c65444f7,1/18(–Ø) 19:00
lmaga,Lmaga.jp,‘åãE”~“c‚Éu¬‚³‚È‚h‚j‚d‚`v‚ÉƒI[ƒvƒ“u‹ß‚­‚É‚È‚©‚Á‚½‚©‚ç•‚©‚éIv¶ŠˆG‰İ‚ª’†S‚É,https://news.yahoo.co.jp/articles/07c8dd906823643fa1155aa4bd5090e8ef506b47,1/18(–Ø) 18:30
lmaga,Lmaga.jp,ƒ}ƒNƒhƒiƒ‹ƒh‚ª‚T‚O‚O‰~‘ä‚ÌƒZƒbƒg‚ğˆêVAVƒo[ƒK[uƒ}ƒbƒNƒ`ƒLƒ“v‚ğ’Ç‰Á,https://news.yahoo.co.jp/articles/0b78cf8c9938c321d027f50d6738528061b56fff,1/18(–Ø) 17:30
lmaga,Lmaga.jp,ã_E’W˜H‘åkĞ‚©‚ç‚Q‚X”NA‘åã•{‚ªuĞŠQ‘Îô‚ğ‚æ‚è‹­‰»‚µ‚½‚¢v,https://news.yahoo.co.jp/articles/e0d431dcc0eeb4b297810c43fe914155fa1aa088,1/18(–Ø) 16:30
lmaga,Lmaga.jp,Š„ˆøŠé‰æ‚ª‘å”½‹¿‚Ìuƒo[ƒK[ƒLƒ“ƒOvAVì‚Íƒ`[ƒY·‚è‚É,https://news.yahoo.co.jp/articles/9f4d435bbebe531c822bc07615f2120c0dece475,1/18(–Ø) 14:15
lmaga,Lmaga.jp,uƒ`ƒ‡ƒR‚ğ‘_‚¤”Lv‚ª‚©‚í‚¢‚·‚¬AƒJƒtƒ@ƒŒƒ‹‚ÉVìƒXƒC[ƒcŠÊ,https://news.yahoo.co.jp/articles/8ff9885f3f31fb774a0359bf112fcca5e29eca15,1/18(–Ø) 12:30
lmaga,Lmaga.jp,”¼Šz‚Å”ƒ‚¦‚éA‘åã‚ÌuŠC‘ÛƒZ[ƒ‹v‚ª¡”N‚à‚P“úŒÀ’è‚ÅŠJÃ,https://news.yahoo.co.jp/articles/c990cde0afdf5cf04764a6be21005a82feed0e0c,1/18(–Ø) 12:00
lmaga,Lmaga.jp,‹“s‚Å‚¨‚Ï‚ñ‚¿‚ã‚¤‚³‚¬‚Ìƒ|ƒbƒvƒAƒbƒvƒXƒgƒAA‰wƒOƒbƒY‚ğ”Ì”„,https://news.yahoo.co.jp/articles/bb614c44272fdd4daf127a1c4ca2c4cbbd78826a,1/18(–Ø) 9:00
lmaga,Lmaga.jp,‘åã‚ÌƒƒbƒNƒtƒFƒXu‚e‚l‚W‚O‚Q ‚q‚`‚c‚h‚n ‚b‚q‚`‚y‚xvA‚t|‚m‚d‚w‚s‚Å“Æèƒ‰ƒCƒu”zMIŠúŠÔŒÀ’è‚ÅƒA[ƒJƒCƒu‚à,https://news.yahoo.co.jp/articles/d82a845d3b8c5e43b07a539d0b890f90ea0650c5,1/18(–Ø) 8:00
lmaga,Lmaga.jp,ƒJƒEƒ“ƒ^[ƒp[ƒg•û®‚Å—Ö“‡s‚Í‘åã•{‚ç‚ªx‰‡us‚ÌEˆõ‚ªs‚Ìd–‚ğ‚Å‚«‚é‚æ‚¤‚Év,https://news.yahoo.co.jp/articles/521a31afa338e3bb857acf2724f98e9f7de6f9fb,1/18(–Ø) 7:00
lmaga,Lmaga.jp,ƒvƒƒ|[ƒY‚³‚ê‚½¬–éAƒXƒYq‚Ì”½‰‚É‚r‚m‚ru‚à‚¤‰Æ‘°‚â‚ñv‚Ìº‘±oyƒuƒMƒEƒMz,https://news.yahoo.co.jp/articles/119df0831059ead1956d8742f2163781357443fb,1/18(–Ø) 0:50
lmaga,Lmaga.jp,ƒXƒ^ƒouƒoƒŒƒ“ƒ^ƒCƒ“G‰İv‚É–À‚¤I‚ÌºA‚Â‚¢‚É”­”„ƒXƒ^[ƒgu¡”N‚±‚»Œµ‘I‚µ‚Ä‚İ‚¹‚év,https://news.yahoo.co.jp/articles/4cfb41e3543b26ca1ce7e2165a10a2f52735ecd1,1/17(…) 19:45
lmaga,Lmaga.jp,’©ƒhƒ‰wƒuƒMƒEƒMx‘æ75‰ñi1Œ18“újEƒ^ƒiƒPƒ“i¶£Ÿ‹vj‚Æ‚ÌÅ‹‚É‹êí‚·‚éƒXƒYqiï—¢j‚ªŒmŒÃê‚Å‚ ‚és“®‚Éo‚é,https://news.yahoo.co.jp/articles/7ac12c5946ce8af8d121cee12f07c4deb6f46787,1/17(…) 19:30
lmaga,Lmaga.jp,‘åãE‘åŠÛSÖ‹´“XAƒoƒŒƒ“ƒ^ƒCƒ“ŒÀ’è‚ÅuƒWƒ~[‘å¼~l‹C‚m‚xƒ`ƒ‡ƒRƒuƒ‰ƒ“ƒhv,https://news.yahoo.co.jp/articles/91e27102cdce949e17ca56bb3caaea767783285c,1/17(…) 19:15
lmaga,Lmaga.jp,ƒ~ƒƒƒNƒ~ƒƒƒN‚ÌìÒER‰º_•½‚³‚ñ‚ÆƒLƒƒƒ‰ƒNƒ^[ì‚èA‘åã‚Åƒ[ƒNƒVƒ‡ƒbƒv,https://news.yahoo.co.jp/articles/c74cea95f6f128012d587f1c70fe104e1e2bd56b,1/17(…) 14:00
lmaga,Lmaga.jp,uƒXƒk[ƒs[‚Ìƒoƒ^[ƒTƒ“ƒhv‚ÉƒoƒŒƒ“ƒ^ƒCƒ“‚ÌVìAŠÖ¼‚Å”ƒ‚¦‚é‚Ì‚Í‚P“X•Ü‚¾‚¯,https://news.yahoo.co.jp/articles/aa46fb790dcb8f5c59c7c3e445de55fbea57d671,1/17(…) 12:30
lmaga,Lmaga.jp,uˆ¤‚Å‚½‚¢vƒ|ƒPƒ‚ƒ“‹‰Ùq‚ªÄ‚Ñ“oêA‘æ‚Q’e‚Í“~ƒ‚ƒ`[ƒt,https://news.yahoo.co.jp/articles/b2c647917396f8f36c7facb4491ef974e302f114,1/17(…) 12:00
lmaga,Lmaga.jp,‹“sˆÉ¨’O‚Ìuƒ`ƒ‡ƒRƒŒ[ƒg‚ÌÕ“TvAáèƒoƒCƒ„[‚ªV‚½‚Èæ‚è‘g‚İ,https://news.yahoo.co.jp/articles/a1265f327982ec5a9f9795bb5b2e8cf3564fab96,1/17(…) 11:30
lmaga,Lmaga.jp,‘åãESÖ‹´‚Éu‚Ü‚é‚Åƒ‚ƒiƒR‚ÈvÄŒ»ƒJƒtƒFA‚PƒJŒŒÀ’è‚ÅƒI[ƒvƒ“,https://news.yahoo.co.jp/articles/3e0bb7c5a31c61e9a68f002c70343699f8ad38fd,1/17(…) 11:00
lmaga,Lmaga.jp,‘åã”­‚ÌƒAƒCƒeƒ€‚ª‚¸‚ç‚èA‰B‚ê‚½–¼•i‚ªSÖ‹´ƒpƒ‹ƒR‚ÉWŒ‹,https://news.yahoo.co.jp/articles/3565b0235781e398b255a0985a2a962e652a7914,1/17(…) 9:30
lmaga,Lmaga.jp,‘åã‚“‡‰®ƒoƒŒƒ“ƒ^ƒCƒ“Ã–A“ï”gƒGƒŠƒA‚ÌuƒCƒ“ƒoƒEƒ“ƒh‹q‚Ì‘‰Áv‚Å‚Æ‚éô‚ÍH,https://news.yahoo.co.jp/articles/31045e177619c310c8ff2ced5fb55f41f75a9598,1/17(…) 8:30
lmaga,Lmaga.jp,ƒ‚ƒƒ]ƒt~l‹Cƒ`ƒ‡ƒR‰®‚ÌƒRƒ‰ƒ{ƒvƒŠƒ“A”ƒ‚¦‚é‚Ì‚Íuã‹}‚¤‚ß‚¾–{“Xv‚¾‚¯,https://news.yahoo.co.jp/articles/54c76cb4bb326858b72f180d780e744af8ab430a,1/17(…) 8:00
lmaga,Lmaga.jp,‚R–œ‰~ƒI[ƒo[‚Ìu‚a‚d ‚j‚n‚a‚dƒ`ƒ‡ƒRv“oêA‘åŠÛ_ŒË‚Ìƒ`ƒ‡ƒRÕ‚è,https://news.yahoo.co.jp/articles/57dc2cc51d9659bc9584c78cfb6275e131c1034c,1/17(…) 7:00
lmaga,Lmaga.jp,Rí•Œ«l•R“cˆÇ“ŞA‘åã‚Ì‚Z‚ğƒTƒvƒ‰ƒCƒY–K–âu‚»‚Á‚¿s‚«‚Ü`‚·v,https://news.yahoo.co.jp/articles/d17a8a8f3edbb904eedba1120a689c397bece914,1/17(…) 6:30
lmaga,Lmaga.jp,l‹CƒCƒ‰ƒXƒgƒŒ[ƒ^[EŒÜŒ—ƒPƒCq•`‚«‰º‚ë‚µ‚ÌŠJ‰^–ïœƒOƒbƒYAƒtƒFƒŠƒVƒ‚‚æ‚è”Ì”„,https://news.yahoo.co.jp/articles/5ceb77ebcf96ad1a86ce728af6d62b072ae7ef55,1/16(‰Î) 21:30
lmaga,Lmaga.jp,‘åãog‚Ì‘å’–ÚƒuƒŒƒCƒNƒ_ƒ“ƒT[E‚r‚ˆ‚‰‚‡‚…‚‹‚‰‚˜Al‹C‰ÙqƒVƒQƒLƒbƒNƒX‚ÆƒRƒ‰ƒ{,https://news.yahoo.co.jp/articles/6dffb52fa826e420b4bcc4822440d6f98ca9de21,1/16(‰Î) 21:00
lmaga,Lmaga.jp,‹ß“S“dÔ‚ª‘”­‚È‚Ç‚Ìƒ_ƒCƒ„•ÏX‚ğ‚RŒ‚ÉÀ{Aù—v‰ñ•œ•—˜—pó‹µ‚ğŠ¨ˆÄ,https://news.yahoo.co.jp/articles/e012376dec383ed7fa52f8b5deaa2aaa81cac455,1/16(‰Î) 20:30
lmaga,Lmaga.jp,u¬–é‚¿‚á‚ñcv‚ ‚³ƒCƒ`o‰‰‚Ì•x“c–]¶‚ÉA’©ƒhƒ‰ó‚¯‚Ì‰ØŠÛ‘å‹g‚àS”zyƒuƒMƒEƒMz,https://news.yahoo.co.jp/articles/81b4c6e06da3a93244806fd6cc7d166a38719553,1/16(‰Î) 20:00
lmaga,Lmaga.jp,ƒ}ƒNƒh‚Ìu”Ì”„I—¹ƒjƒ…[ƒXv‚É’Q‚«Aƒlƒbƒg‚Å‚ÍˆÓŠO‚È¤•i‚É’–ÚW‚Ü‚éud•ó‚µ‚Ä‚¢‚½‚Ì‚Év,https://news.yahoo.co.jp/articles/9ea561814ff235bab81099a15576062164cf27d9,1/16(‰Î) 19:30
lmaga,Lmaga.jp,’©ƒhƒ‰wƒuƒMƒEƒMx‘æ74‰ñi1Œ17“újEu—öl‚ÉÌ‚Ä‚ç‚ê‚½v‚Æ†‹ƒ‚·‚é¬–éi•x“c–]¶j‚ªƒXƒYqiï—¢j‚Ì‰Æ‚ğ–K‚Ë‚Ä‚­‚é,https://news.yahoo.co.jp/articles/6999a7fb9c6b19e1fafc70135c147a0057e9922d,1/16(‰Î) 19:30
lmaga,Lmaga.jp,ƒtƒŒƒbƒVƒ…ƒlƒX‚Ì‰B‚ê‚½l‹C•iEƒ`ƒ…ƒƒXu‚¨‚¢‚µ‚·‚¬‚Ä”ò‚ñ‚¾v‹q‚Ìƒj[ƒY‚©‚çV–¡‚ª“oêI,https://news.yahoo.co.jp/articles/596cd0a46c771faf0da2061812b9822a65e631ae,1/16(‰Î) 19:00
lmaga,Lmaga.jp,u¬‚İ‹ï‡ƒ„ƒo‚©‚Á‚½vƒo[ƒK[ƒLƒ“ƒOŠ„ˆø‚«Šé‰æ‚Å•iØ‚ê‘±oAI—¹“ú‚Ìu‘O“|‚µv‚ğ”­•\,https://news.yahoo.co.jp/articles/421d58e008811cfd7415afad9855fba867e99a30,1/16(‰Î) 18:30
lmaga,Lmaga.jp,‘åãEäƒn[ƒxƒXƒg‚Ì‹u‚Å“~‹GŒÀ’è‚ÌuƒJƒsƒoƒ‰‰·òvA‚¤‚Æ‚¤‚Æ‚·‚ép‚ğŠÔ‹ß‚Å,https://news.yahoo.co.jp/articles/a7660b4d5c1b384653df5ab5392de043e53854ea,1/16(‰Î) 16:00
lmaga,Lmaga.jp,u‚ß‚Á‚¿‚áŠy‚µ‚İIv‚R”N‚Ô‚è‚ÌƒŠƒjƒ…[ƒAƒ‹Aƒ}ƒNƒhƒiƒ‹ƒh‚ÌVƒJƒtƒFƒ‰ƒe‚Éƒtƒ@ƒ“Š½Šì,https://news.yahoo.co.jp/articles/6fa0336dbbafff936be87ab4cfc9ed54341c05a8,1/16(‰Î) 14:00
lmaga,Lmaga.jp,ƒXƒ^ƒo‚ÌVìƒtƒ‰ƒyƒ`[ƒm‚Éu”’•‚Â‚¯‚é‚È‚çHvA‚Qí‚ğæÒ‘ò‚Éˆù‚İ”ä‚×‚Ä‚İ‚½,https://news.yahoo.co.jp/articles/46af9c3c139f430445e46c1eac1d0856794cecb0,1/16(‰Î) 12:15
lmaga,Lmaga.jp,uƒNƒIƒŠƒeƒB‚‚·‚¬v‚Æ˜b‘èA‚t‚r‚i‚Ì‹S–Å‚È‚è‚«‚èˆß‘•‚ªÄ”Ì@ƒJƒ`ƒ…[ƒVƒƒ‚È‚ÇVƒOƒbƒY‚à,https://news.yahoo.co.jp/articles/a79af5948486d0d93fb127f5ac69a7d4689c809e,1/16(‰Î) 8:00
lmaga,Lmaga.jp,æTŒáAƒAƒ“ƒ^ƒbƒ`ƒƒƒuƒ‹‚Æ©—R–z•ú‚È‰®‹v“‡ƒƒPuƒnƒ[I’nã”gIv,https://news.yahoo.co.jp/articles/df23fe32c4d6e960077eaffa6ccd774362bbc0c2,1/16(‰Î) 7:30
lmaga,Lmaga.jp,‚Šz“]”„‘ŠŸ‚¢‚¾u•œƒpƒCƒ“ƒAƒŠÊvAŒÂ”§ŒÀİ‚¯•S‰İ“X‚Å”Ì”„‚Ö,https://news.yahoo.co.jp/articles/2e7399f5a2a5da743f1e858da02d12a624dc2f4b,1/16(‰Î) 7:00
lmaga,Lmaga.jp,u–Ú—Í‚·‚²‚¢v¶£Ÿ‹v‰‰‚¶‚éŠìŒ€‰¤Eƒ^ƒiƒPƒ“AwƒuƒMƒEƒMx‰“oêƒV[ƒ“‚ª˜b‘èu‰½‚à’‚ç‚È‚¢‚Ì‚É–Ê”’‚¢v,https://news.yahoo.co.jp/articles/8bd94fdccd57ea784adb3f3d38db5207dd0f0a81,1/15(Œ) 20:00
lmaga,Lmaga.jp,’©ƒhƒ‰wƒuƒMƒEƒMx‘æ73‰ñi1Œ16“újEƒXƒYqiï—¢j‚ªAp‚ğÁ‚µ‚½•t‚«l‚Ì¬–éi•x“c–]¶j‚ª•Ä•º‚Æˆê‚É•à‚­ê–Ê‚É‘˜‹ö‚·‚é,https://news.yahoo.co.jp/articles/37711dc5a2db5b3290c435dc3decc064b97dc107,1/15(Œ) 19:30
lmaga,Lmaga.jp,u‚³‚·‚ª‰ß‚¬‚évƒŒƒCƒU[ƒ‰ƒ‚ƒ“‚q‚fAƒlƒbƒg‚Å˜b‘è‚Ì×ì‚½‚©‚µˆß‘•‚ğŠ®ƒRƒsc“Še‚©‚ç‚RŠÔ‚Å‚P‚O–œ‚¢‚¢‚Ë’´,https://news.yahoo.co.jp/articles/7d3767729dc4ad78f4f9bd23ed1b32c74eebafa7,1/15(Œ) 18:30
lmaga,Lmaga.jp,‹g–{‹»‹Æ‚Ìl‹CŒ|l‚çQ‰ÁA‘S‘‚Ì’¼‰cŒ€ê‚Å•å‹àŠˆ“®‚ğƒXƒ^[ƒg@‚PŒ‚P“ú‚Ì”\“o”¼“‡’nk‚¤‚¯,https://news.yahoo.co.jp/articles/e1c3982c04db958b8c1f0168577d8a03cb3d9ef7,1/15(Œ) 18:15
lmaga,Lmaga.jp,NHK‘å‰Íƒhƒ‰ƒ}wŒõ‚éŒN‚Öx‘æ3‰ñi1Œ21“új‚ ‚ç‚·‚¶E“ä‚Ì’j,https://news.yahoo.co.jp/articles/b34aac0da6dab37ce5d3719d1a22961ba6eaa802,1/15(Œ) 17:30
lmaga,Lmaga.jp,‰Ì¥—Í‚Ì‚‚³‚ª•Ší‚ÌLDHƒOƒ‹[ƒvEWOLF HOWL HARMONYA¼‹{‚ÅV‹È”â˜Iu‚İ‚È‚³‚ñ‚Ì”w’†‚ğ­‚µ‚Å‚à‰Ÿ‚¹‚½‚çv,https://news.yahoo.co.jp/articles/687d1a37677f7740201297663b4c30270bda9838,1/15(Œ) 17:00
lmaga,Lmaga.jp,‹ãE—„‰®‹´‰w‚ÌƒAƒ“ƒXƒŠ[‚ª•Â“XA‰wƒiƒJV“Xu‚à‚æ‚èsv‚ª‚PŒ‚Q‚R“úŠJ‹Æ,https://news.yahoo.co.jp/articles/76e9be56e8ed2979cf16ae5e496123061956b956,1/15(Œ) 12:00
lmaga,Lmaga.jp,¶£Ÿ‹vA’©ƒhƒ‰wƒuƒMƒEƒMx‚ÌŠìŒ€‰¤Eƒ^ƒiƒPƒ“‚ÉˆÓ‹C‚İuÃ‚Æ“®A‰‰‚¶•ª‚¯‚½‚¢v,https://news.yahoo.co.jp/articles/1e7749d0d3acc8553db29703d90a2972886ad37e,1/15(Œ) 8:15
lmaga,Lmaga.jp,‚PŒ‚P‚T“úu‚¢‚¿‚²‚Ì“úvA‘åŠÛ”~“c‚Å‚T‚OíˆÈã‚Ìƒƒjƒ…[WŒ‹,https://news.yahoo.co.jp/articles/0ab936f31777ecea1140fd69745b1778c00218bc,1/15(Œ) 8:00
lmaga,Lmaga.jp,”LD‚«•KŒ©I ƒjƒƒƒ“‚Æ‚àŒ¾‚¦‚È‚¢–£—ÍuƒlƒR‰Èv‚Ì“W¦‰ïA‘åã‚Å¡‰ÄŠJÃ‚Ö,https://news.yahoo.co.jp/articles/f4c2c943ba1b8e76c355f1456b747fb040fa5bc6,1/15(Œ) 7:30
lmaga,Lmaga.jp,ƒAƒ‹ƒR•ƒs[ƒX‚Ì•½q—SŠóAƒWƒ…ƒjƒA‚Ö‚Ìƒgƒ‰ƒEƒ}–¾‚©‚·u‘åŠì—˜U‚ç‚ê‚Ä‚½‚ñ‚¶‚á‚È‚¢‚©EEEv,https://news.yahoo.co.jp/articles/b6759ba2d69a848b4742396f818599b01e1d78b0,1/14(“ú) 20:30
lmaga,Lmaga.jp,L£”üA‘åãE–å^s‚Ó‚é‚³‚Æ‘åg‚ÉA”Cu‰¹Šy‚Ì–‚–@‚Å‚©‚¯‚ª‚¦‚Ì‚È‚¢‘ÌŒ±‚ğv,https://news.yahoo.co.jp/articles/273eb5bdfd89790778061ca874c3d8d9d364c802,1/14(“ú) 20:00
lmaga,Lmaga.jp,’©ƒhƒ‰wƒuƒMƒEƒMx‘æ72‰ñi1Œ15“újEƒXƒYqiï—¢j‚Ì‚à‚Æ‚ÉAuŠìŒ€‰¤vƒ^ƒiƒPƒ“i¶£Ÿ‹vj‚©‚ç•‘‘ä‹¤‰‰‚ÌƒIƒtƒ@[‚ª“Í‚­,https://news.yahoo.co.jp/articles/370fbbb02a3dbf23d055a4106f8e76d161da20af,1/14(“ú) 19:30
lmaga,Lmaga.jp,ã‹}‚¤‚ß‚¾–{“X‚Åuƒtƒ‹[ƒcë‚èvAl‹CÃ–‚É‡‚í‚¹‚ÄƒCƒxƒ“ƒgŠJÃ,https://news.yahoo.co.jp/articles/fba7328c60d85b8c28908a5985f4f94e3430332b,1/14(“ú) 12:00
lmaga,Lmaga.jp,l‹C‹i’ƒuŠÛ•ŸàÛàè“Xv‚Æˆ¤‚ç‚µ‚¢”L‚½‚¿‚ÌƒRƒ‰ƒ{AŠúŠÔ’èƒzƒbƒgƒP[ƒL‚È‚Ç‚ª“oê,https://news.yahoo.co.jp/articles/9b258ec20ce2f9de575748464e6a03972394ee9f,1/14(“ú) 11:00
lmaga,Lmaga.jp,‘åã‰u‚P‚O‚O‹Ïƒ_ƒCƒ\[v‚Ì•¡‡“X‚ª”~“cƒh^‚ñ’†‚É’a¶AˆÀ‚³‚¾‚¯‚Å‚È‚­ƒfƒUƒCƒ“«‚à’—Í,https://news.yahoo.co.jp/articles/91236f2a63bac5b69ae56420d9dc1addf3101cb6,1/14(“ú) 8:00
lmaga,Lmaga.jp,ƒ‚ƒe‚È‚¢l¶‚Ì•vA‹`•ê‚ªŒğÛ‚É”½‘Îuˆã—ÃŠÖŒW‚Ìl‚ª—Ç‚¢‚ñ‚¶‚ácvyV¥‚³‚ñ‚¢‚ç‚Á‚µ‚á‚¢Iz,https://news.yahoo.co.jp/articles/a6f6b2428f99a21df774e27644fac53871fc274d,1/14(“ú) 7:00
lmaga,Lmaga.jp,¼‘º¹—F—Aå‰‰ƒhƒ‰ƒ}‚Åƒ‚ƒ‰ƒnƒ‰•v•w–ğuŒ‹¥‚µ‚È‚¢‚±‚Æ‚Í¾‚¢‚Ü‚µ‚½v,https://news.yahoo.co.jp/articles/cb586c1090a9f8203c43a0fb76de8de0314cb329,1/14(“ú) 6:30
lmaga,Lmaga.jp,“¡ˆä‘‘¾‚–‚“‰H¶‘P¡Aã_bq‰€‹…ê‚Ì‚P‚O‚Oü”N–‹Æ‚Å‘Î‹Ç‚ªÀŒ»,https://news.yahoo.co.jp/articles/39ebad29b868471092232d0c883d61324231645d,1/13(“y) 20:30
lmaga,Lmaga.jp,ƒuƒMƒEƒMŸT—\‚ªŒöŠJAˆÉŒ´˜Z‰Ô‰‰‚¶‚éHR‚ÌÄ“oê‚É‚r‚m‚rŠ½ŠìuŒ³‹C‚»‚¤‚Å—Ç‚©‚Á‚½v,https://news.yahoo.co.jp/articles/387cd098b72de329161a75258277fb9aa0aca785,1/13(“y) 19:30
lmaga,Lmaga.jp,u‚ `‚è‚ª`‚Æ‚³`‚ñIvâ“c—˜•v‚³‚ñ’Ç“‰“Á”ÔA¼ì‚«‚æ‚µ‚âŠÔŠ°•½‚ªv‚¢o‚ğŒê‚é,https://news.yahoo.co.jp/articles/5cbc1fcef1dd47f63f33f8c2ca1551129d6b85d7,1/13(“y) 17:00
lmaga,Lmaga.jp,yŒõ‚éŒN‚ÖzŒ¹•¨Œê‚ğœfœi‚·‚éo‰ï‚¢A‚È‚Ì‚É‰‰ñ‚©‚çŒƒk‚ª‘–‚é,https://news.yahoo.co.jp/articles/aa872130cdce556e59b731938b63acf7f88cf201,1/13(“y) 14:00
lmaga,Lmaga.jp,•‘‘ä‚Í‰Ô‚Ì“sEƒpƒŠAƒZƒ“ƒgƒŒƒWƒX‘åã‚Ìu‚¢‚¿‚²H‚×•ú‘èv‚ªàŠ‚Ñ‚â‚©,https://news.yahoo.co.jp/articles/772f175d69e1c6f41f05ae15ddf69aef1abe7d96,1/13(“y) 12:00
lmaga,Lmaga.jp,‘åã‚Éu–¼ŒÃ‰®‚ß‚µv‚ªWŒ‹A–¡‘XÏ‚¤‚Ç‚ñ‚â˜b‘è‚Ì‚Ğ‚æ‚±ƒXƒC[ƒcu‚Ò‚æ‚è‚ñv‚à,https://news.yahoo.co.jp/articles/47a338f716f165e3817a05afac0f6c7c922a1d9e,1/13(“y) 11:00
lmaga,Lmaga.jp,‹“s”­‚Ì‚©‚í‚¢‚·‚¬‚éuƒnƒ€ƒXƒ^[ƒ‚ƒiƒJvAƒ`ƒ‡ƒRéQ‚ªV“oê,https://news.yahoo.co.jp/articles/6001439739b645e88d51219deef54b0546538f7f,1/13(“y) 9:00
lmaga,Lmaga.jp,u”šÎ‚·‚é‚­‚ç‚¢ƒEƒ}‚¢v‚w‚Å˜b‘è‚Ìƒpƒ“‚ÍA‚ ‚Ì‰ù‚©‚µƒVƒŠ[ƒYuƒŒƒMƒ…ƒ‰[‰»‚µ‚Ä‚Ù‚µ‚¢v,https://news.yahoo.co.jp/articles/eb5318feef81baaedcd402ebef0a57567b15dc2d,1/13(“y) 8:00
lmaga,Lmaga.jp,”hè”¯ƒMƒƒƒ‹ÈA ‰”‘‚Ü‚è—·s‚Åu‚·‚Á‚Ò‚ñŒöŠJv‚É•v¢˜fu‚Ç‚±‚É‚¨‚é‚ñHvyV¥‚³‚ñ‚¢‚ç‚Á‚µ‚á‚¢Iz,https://news.yahoo.co.jp/articles/357ad9185b028e438289cf8dc6fc06fe2838fde6,1/13(“y) 7:00
lmaga,Lmaga.jp,‚©‚Á‚Ïõi‚ª–{‹CI ‹“s‚Ìu’Ğ•¨‰®v‚ªŠÄC‚·‚é–{Šiõi‚ª’a¶,https://news.yahoo.co.jp/articles/79d82f0975e92a528124d9c6c0121e764f2764d4,1/13(“y) 6:30
lmaga,Lmaga.jp,‘åã‚ÅŠJÃw‚²‚Ô‚²‚ÔƒtƒFƒXx‚É¬º“NÆ‚Ìo‰‰Œˆ’èA‚g ‚i‚•‚‚‡‚Œ‚… ‚—‚‰‚”‚ˆ ‚”‚ªŠïÕ‚Ì•œŠˆ,https://news.yahoo.co.jp/articles/ac6fea27457c05bea5ffacd7bdf2aedf0c149698,1/13(“y) 6:00
lmaga,Lmaga.jp,‰½‚©‚É‹C‚Ã‚¢‚Äƒ]ƒƒbc‚P‚O‚O–‡’´‚Ìu‰ö•¶‘v‚Éö‚Ş“ä‚ğl@A˜b‘è‚Ì“W——‰ï‚ª‘åã‚É,https://news.yahoo.co.jp/articles/3c0edbd064b9a13ce27c191b7aa35f268e56533d,1/12(‹à) 21:00
lmaga,Lmaga.jp,ƒ}ƒNƒhƒiƒ‹ƒh‚ª’lã‚°‚ğ”­•\A‚r‚m‚r‚Å‚Í‚à‚¤‚Ğ‚Æ‚Â‚Ì˜_‘ˆ‚ª–u”­,https://news.yahoo.co.jp/articles/05df68e2eff726fb924329c8ca465d78d534c078,1/12(‹à) 20:45
lmaga,Lmaga.jp,u©•ª‚¾‚¯‚ÌƒpƒtƒFv‚ªì‚ê‚éA‘ÌŒ±Œ^‚¢‚¿‚²ƒuƒbƒtƒF‚ª‘åã‚É“oê,https://news.yahoo.co.jp/articles/b63f8b708ec82740c6eaf028949b04298747186a,1/12(‹à) 20:30
lmaga,Lmaga.jp,u—Ç‚¢l‚Å‚ ‚Á‚Ä‚Ù‚µ‚¢‚¯‚Çcv¬–é‚Æ•Ä•ºEƒTƒ€‚ÌŠÖŒW‚ÉS”z‚ÌºA‚³‚Ü‚´‚Ü‚È‰¯‘ª”ò‚ÑŒğ‚¤yƒuƒMƒEƒMz,https://news.yahoo.co.jp/articles/181a2019786e7ba116bc43c8f40d1806dc9a5a93,1/12(‹à) 20:00
lmaga,Lmaga.jp,‚t‚r‚iAu”\“o”¼“‡’nkv‚Ì”íĞ’nx‰‡‚Å‚R‚Q‚O‚O–œ‰~‚ğŠñ•t,https://news.yahoo.co.jp/articles/14b63897a71e9334466e04aa9bc039453aba3a53,1/12(‹à) 19:45
lmaga,Lmaga.jp,Œ€êŒö‰‰‚ªÄŠJA‚è‚Âq•ƒXƒYq‚Ì‰Ì¥‚ª˜b‘è‚Éc’©ƒhƒ‰wƒuƒMƒEƒMx‘æ15TU‚è‚©‚¦‚èi1Œ13“újEƒƒe‚ç‚Í‚à‚¤©—R‚â,https://news.yahoo.co.jp/articles/629560437056ee99669002cfa917fe7d16f870e4,1/12(‹à) 19:30
lmaga,Lmaga.jp,‘åãE‹ß“S•S‰İ“X‚ÌuƒoƒŒƒ“ƒ^ƒCƒ“Ã–vAƒC[ƒgƒCƒ“‰ß‹Å‘å‹K–Í‚Éc‚»‚ÌÚ×‚ÍH,https://news.yahoo.co.jp/articles/2055857b0c3b7ee84a75a832ccb2635f33d4cfd8,1/12(‹à) 19:00
lmaga,Lmaga.jp,yŒõ‚éŒN‚Öz•½ˆÀ‘ã‚Ì­‚ğƒVƒrƒA‚É•`ÊAqì‚è‚Í­¡í—ª,https://news.yahoo.co.jp/articles/a8e4ffe38384eb9183db5e71fa8190c89cb9048d,1/12(‹à) 17:00
lmaga,Lmaga.jp,u‚±‚ê‚ÍƒGƒ‚‚¢vƒTƒ“ƒŠƒI~ƒXƒCƒ}[‚ª–²‚ÌƒRƒ‰ƒ{A‘ålƒtƒ@ƒ“‚©‚çŠì‚Ñ‚Ìº,https://news.yahoo.co.jp/articles/419f91384cd0fd719e9c1dfa01876ba78d13f937,1/12(‹à) 13:00
lmaga,Lmaga.jp,u‹Špv‚ÌÄ“÷‚ğ‚P‚O‚O‚O‰~ˆÈ‰º‚ÅA’èH‚â˜¥ƒƒjƒ…[‚ª‘µ‚¤H“°Œ^ƒVƒ‡ƒbƒv‚ª‹“s‚É,https://news.yahoo.co.jp/articles/e5e118b7b9b1f550085f918a7549e897c9bf018a,1/12(‹à) 12:00
lmaga,Lmaga.jp,‘åãE”~“c‚Åu‘ä˜pƒtƒFƒXvAŒ»’n‚Ì‰®‘äƒt[ƒh‚ğÄŒ»,https://news.yahoo.co.jp/articles/9e62647b32034f2a629de94a8c9cf44dfe16c6ea,1/12(‹à) 11:00
lmaga,Lmaga.jp,ƒ}ƒbƒNƒiƒQƒbƒg‚Ìu•ŒÓ£ƒK[ƒŠƒbƒNv•œŠˆA‚Qí‚ÌVìƒ\[ƒX‚à“¯”­”„,https://news.yahoo.co.jp/articles/1a6c65b3df08167f6ad1fccad7f60f328b50b68b,1/12(‹à) 10:00
lmaga,Lmaga.jp,¬–é‚Ìƒ{[ƒCƒtƒŒƒ“ƒhEƒTƒ€–ğ”o—DAƒvƒƒŒƒXŠE‚©‚çˆÙ—á‚Ì’©ƒhƒ‰”²“Fu‚²‚Í‚ñ‚ğ‚æ‚­H‚×‚éA^–Ê–Ú‚ÈƒiƒCƒXƒKƒCv,https://news.yahoo.co.jp/articles/a0699d115aa2d2185c24fd683d79b7569a30adf0,1/12(‹à) 8:15
lmaga,Lmaga.jp,u‚æ[‚¶‚âv‚P‚Q‚Oü”N‚ğ‹L”OAjãÅ‘åƒTƒCƒY‚Ì‚ ‚Ô‚ç‚Æ‚è†‚ªŒÀ’è•œŠˆ,https://news.yahoo.co.jp/articles/df145f0d9ceccbcdf523960fba13bc6cefeeb002,1/12(‹à) 7:15
lmaga,Lmaga.jp,ŠÖ¼•S‰İ“X‚ÌƒoƒŒƒ“ƒ^ƒCƒ“@‘åŠÛ”~“c‚Íu’nŒ³ƒuƒ‰ƒ“ƒhv‚É’…–ÚAƒGƒŠƒA·‚èã‚°‚é,https://news.yahoo.co.jp/articles/b0c46dbaf9bbf32b35c45efcaf05cf7470dbc273,1/12(‹à) 7:00
lmaga,Lmaga.jp,ã_—DŸ‹L”O‚Éuƒ^ƒCƒK[ƒX†vB‰eƒcƒA[AŒ¶‚Ìƒz[ƒ€“üê‚à,https://news.yahoo.co.jp/articles/7e9dfc552564cd30cfaaa8601cfe7f9705995262,1/12(‹à) 6:45
lmaga,Lmaga.jp,ãŠC‚©‚ç‰H’¹i‘íK„j‚ª–³–‹A‘I ‚ ‚éƒV[ƒ“‚É‚r‚m‚rƒnƒ‰ƒnƒ‰uŒ¶‚©‚ÆcvyƒuƒMƒEƒMz,https://news.yahoo.co.jp/articles/22eda255f0953ca4fb93c3eaca4da829a9874ac4,1/11(–Ø) 20:00
lmaga,Lmaga.jp,’©ƒhƒ‰wƒuƒMƒEƒMx‘æ71‰ñi1Œ12“újEŒö‰‰ˆË—Š‚ªE“‚·‚é‚àAŠy’cˆõ‚ÌŒ»ó‚ğ’m‚Á‚½ƒXƒYqiï—¢j‚ª‘å‚«‚ÈŒˆ’f‚ğ‰º‚·,https://news.yahoo.co.jp/articles/3b71e76c1b04fe6d65f2b3ad63aec317d905e836,1/11(–Ø) 19:30
lmaga,Lmaga.jp,¡“ckiu‹C‚¿‚Í‚¿‚å‚Á‚Æ‚í‚©‚évAlŠÔŠÖŒWƒŠƒZƒbƒgÇŒóŒQ‚É”[“¾yƒlƒ^ƒoƒŒ‚l‚s‚fz,https://news.yahoo.co.jp/articles/d67a37368ab7c777faa26f7612eebc3d06f71b72,1/11(–Ø) 17:00
lmaga,Lmaga.jp,‚S”N‚Ô‚è•óŒb‚©‚²‚ÉŠÔŠ°•½Au•Ÿ‚ğ‚»‚ê[Iv‚Æs—ñ‚ÉŠˆ‹C‚ğ,https://news.yahoo.co.jp/articles/d706765a2632711c05307c69a2afc4f3941423dc,1/11(–Ø) 16:30
lmaga,Lmaga.jp,‚S‚X‚O‚O‰~‚Åuƒjƒ…[ƒˆ[ƒNv‚ğ‘å–‹iIH ‘åã‚Å¡s‚«‚½‚¢H‚×•ú‘è,https://news.yahoo.co.jp/articles/ae5677b65585cd863e351942233988cfb08c66d4,1/11(–Ø) 12:30
lmaga,Lmaga.jp,ã‹}‚¤‚ß‚¾‚Åu‹à‘òE‰Á‰êE”\“o“Wv‚ªƒXƒ^[ƒgA”„ã‚°‚R%‚ğÎìŒ§‚ÉŠñ•t‚Ö@‰“ú‚©‚ç“ö‚í‚¤,https://news.yahoo.co.jp/articles/b69fc8e7d8fb6d521c05e9f1726fd986ec174a47,1/11(–Ø) 12:15
lmaga,Lmaga.jp,\“ú^‚ÌP—ás–A•x“c–]¶‚ªƒuƒMƒEƒM‚Åu‚±‚ê‚©‚çl¶‚Ì‘å‚«‚ÈŒˆ’f‚ğ‚·‚év,https://news.yahoo.co.jp/articles/cdfe2c370d547dfa5837bb3d004a7361bba3a3c1,1/11(–Ø) 11:45
lmaga,Lmaga.jp,ƒo[ƒK[ƒLƒ“ƒO‚ªŠ„ˆøŠé‰æAƒ`[ƒYƒƒbƒp[‚QŒÂ”ƒ‚¤‚Æ‚S‚R“ƒIƒt,https://news.yahoo.co.jp/articles/eb9aea98a847063b2eef24227313093995fcc62f,1/11(–Ø) 11:00
lmaga,Lmaga.jp,“ú–{ğuŒ‚ÌŒjv‚ªƒtƒHƒVƒ‡ƒ“ƒzƒeƒ‹‹“s‚ÆƒRƒ‰ƒ{A“ú–{ğ‚ğ–¡‚í‚¤ƒvƒ‰ƒ“‚ª“oê,https://news.yahoo.co.jp/articles/c8ac3656d95add6452a5dfa58a8b49123e619e9f,1/11(–Ø) 8:00
lmaga,Lmaga.jp,V”N‚©‚ç”ò‚Î‚µ‚Ü‚­‚éu‚©‚Â‚âvA‚Ü‚³‚©‚ÌƒgƒŠƒvƒ‹˜¥‚ÉŠú‘Ò‚Ìºu‚³‚·‚ª‰´‚½‚¿‚Ì‚©‚Â‚â‚¾v,https://news.yahoo.co.jp/articles/4dc296beafa2ffba4044c60393bf32f9905e19ae,1/11(–Ø) 7:00
lmaga,Lmaga.jp,ƒXƒ^ƒo‚ÌVìƒtƒ‰ƒyƒ`[ƒm‚ªu“VËIv‚³‚Á‚»‚­ƒgƒŒƒ“ƒh“ü‚èu—¼•ûˆù‚İ‚½‚¢v,https://news.yahoo.co.jp/articles/c441196eafdce2f4d27f919fd32bbb6282eb7a63,1/10(…) 21:30
lmaga,Lmaga.jp,ˆï“c‚è‚Âq‰‰‚¶‚é‹e’n™zqAw•Ê‚ê‚Ìƒuƒ‹[ƒXx‚S•ªŠÔ‚Ìƒtƒ‹‰Ì¥ƒV[ƒ“‚É‚r‚m‚r—Üu•·‚«›‚ê‚½vyƒuƒMƒEƒMz,https://news.yahoo.co.jp/articles/a8f1057c30220a65175425a06b4902dfbcd8198e,1/10(…) 20:00
lmaga,Lmaga.jp,’©ƒhƒ‰wƒuƒMƒEƒMx‘æ70‰ñi1Œ11“újEƒXƒYqiï—¢j‚ªwƒ‰ƒbƒp‚Æ–ºx‚ğŸÓg‚ÌƒpƒtƒH[ƒ}ƒ“ƒX‚Å”â˜I‚·‚é,https://news.yahoo.co.jp/articles/47d3119c32d90b0a48f7216b5cb7f5a3d30c34a4,1/10(…) 19:30
lmaga,Lmaga.jp,‘åãu¡‹{^_Ğv\“ú^A‚S”N‚Ô‚è‚Ì‚©‚²s—ñ‚ªŠX‚ÉŠˆ‹C‚ğ,https://news.yahoo.co.jp/articles/6ffdf94e6db5934bec03c4d32d8b042b6aca7071,1/10(…) 18:30
lmaga,Lmaga.jp,‹g–{VŠìŒ€EŠÔŠ°•½‚ªV”N‰‰ïŒ©Aâ“c—˜•v‚Ìv‚¢o‚â¡”N‚Ì•ø•‰‚à–¾‚©‚·uĞˆõ‚à“®‚¢‚Ä‚à‚ç‚í‚Èv,https://news.yahoo.co.jp/articles/194de3d2f724c729cda9d39dcbaea0c593064915,1/10(…) 18:15
lmaga,Lmaga.jp,‘åãE\“ú^‚Í–é‚à‘å“ö‚í‚¢A•Ÿ–º‚àQ”q‹q‚ÉÎŠç“Í‚¯‚éuù‚Á‚Ä‚±`‚¢Iv,https://news.yahoo.co.jp/articles/62b95f665fd72b3ec25e1faeda845ff1bb88a476,1/10(…) 18:00
lmaga,Lmaga.jp,NHK‘å‰Íƒhƒ‰ƒ}wŒõ‚éŒN‚Öx‘æ2‰ñi1Œ14“új‚ ‚ç‚·‚¶E‚ß‚®‚è‚ ‚¢,https://news.yahoo.co.jp/articles/0942acd26c68ccb7ef49eef2e173e058f3147329,1/10(…) 17:30
lmaga,Lmaga.jp,–kŠC“¹‚Ås—ñ‚Ìuƒ`[ƒY‰Ùqv‚ª–{B‰ã—¤AŠúŠÔŒÀ’è‚Å‘åã‚ÉƒI[ƒvƒ“,https://news.yahoo.co.jp/articles/8975531e9395eb80e330ef57fc5c7ba8b2c26fe8,1/10(…) 17:00
lmaga,Lmaga.jp,‹ã_‚Ì‚i‚q‰wƒiƒJŒÀ’èAuƒCƒR‚¿‚á‚ñv‚Ì‚©‚í‚¢‚·‚¬‚éƒ`ƒ‡ƒRŠÊ‚ª“oê,https://news.yahoo.co.jp/articles/3a73f476ac0ae2f31e33b3b470e5f7abf0b164ba,1/10(…) 14:00
lmaga,Lmaga.jp,‹“sEˆÉ¨’O‚Åƒ`ƒ‡ƒR‚ÌÕ“TAƒŒƒA‚à‚Ì‚âƒgƒbƒvƒVƒ‡ƒRƒ‰ƒeƒBƒG‚à—ˆê,https://news.yahoo.co.jp/articles/1ec8cac5f8b960a63781c21c81bf3fac693a7095,1/10(…) 13:00
lmaga,Lmaga.jp,í‘ˆ‚Ì”ß‚µ‚İ‚©‚ç‰Ì‚ÅÄ‹Ncˆï“c‚è‚Âqu•Ê‚ê‚Ìƒuƒ‹[ƒXvƒtƒ‹ƒR[ƒ‰ƒX”M¥‚Ì•‘‘ä— A§ì“Š‡‚É•·‚¢‚½,https://news.yahoo.co.jp/articles/1b49690590470390d689fd8b5edf53eab61218b5,1/10(…) 12:30
lmaga,Lmaga.jp,‚¨‚Ï‚ñ‚¿‚ã‚¤‚³‚¬~‚i‚q“ŒŠCƒRƒ‰ƒ{A‰w•Ù‚âƒOƒbƒY‚ğŠúŠÔŒÀ’è‚Å”­”„,https://news.yahoo.co.jp/articles/d456c0ddff0b613305569a09b231c211ff8c8ad6,1/10(…) 12:00
lmaga,Lmaga.jp,ƒXƒVƒ[~‚s‚n‚a‚duƒRƒ‰ƒ{õivAŒÀ’èƒsƒbƒN•t‚«‚Å”­”„ƒXƒ^[ƒg@“X“à‚Å‚Í“®‰æ•ú‘—‚à,https://news.yahoo.co.jp/articles/e6941f1c0451dfc1887bc3df9428bebb9aa6bf0f,1/10(…) 11:45
lmaga,Lmaga.jp,‰Æ“d‚É•·‚«‚İ’²¸A‘åã‚ÌƒGƒfƒBƒIƒ“‚Å“ä‰ğ‚«ƒCƒxƒ“ƒgŠJÃ,https://news.yahoo.co.jp/articles/caf522811e4072c80d9134f4c28bda81015fb4cc,1/10(…) 8:00
lmaga,Lmaga.jp,_ŒË‚Ç‚¤‚Ô‚Â‰¤‘‚ÌƒAƒƒŠƒJƒoƒN‚ÌÔ‚¿‚á‚ñAu‚±‚¤v‚É–½–¼,https://news.yahoo.co.jp/articles/f8e93e6d7561b3b8966828414c36fa435823812d,1/10(…) 7:30
lmaga,Lmaga.jp,Rè‚Ü‚³‚æ‚µAu‚²‚Ô‚²‚Ôv‚Å‘åã‚Ì–¼•¨ƒ}ƒ}‚Æ‚Q”N‚Ô‚è‚ÉÄ‰ï,https://news.yahoo.co.jp/articles/956eb0f07035a90f901b2267b032361781935c40,1/10(…) 7:00
lmaga,Lmaga.jp,yŒõ‚éŒN‚Öz‹g‚—R—¢qA‹r–{‚Ìƒg‘‚«‚Éu‚Ç‚ñ‚ÈŠç‚·‚ê‚Î‚¢‚¢‚ÌHiÎjv,https://news.yahoo.co.jp/articles/425e3d8d3c0c15ed79f547477bf1915172951d35,1/9(‰Î) 20:00
lmaga,Lmaga.jp,u‚à‚µ‚©‚µ‚Äƒtƒ‰ƒOIHv¬–é‚ÆˆÅs‚Åo‰ï‚Á‚½•Ä•º‚Ì‰ï˜b‚ª˜b‘èA‚r‚m‚rŠú‘Ò‚ÌºyƒuƒMƒEƒMz,https://news.yahoo.co.jp/articles/f70e33e56513c90c6885f330dbb534bca99da0c3,1/9(‰Î) 19:30
lmaga,Lmaga.jp,‘ŠÈH“°‚É‹S—´‰@ãÄAŒ©–‚ÈŠC—‚¿‚É‘åŒåu‚í‚µ‚æ‚è—Ç‚¢‚©‚àv,https://news.yahoo.co.jp/articles/495f86d2096397e3de443532219fded624ffdeb8,1/9(‰Î) 19:00
lmaga,Lmaga.jp,ƒnƒ‰ƒ_‚Ìƒ‰ƒXƒN‚Éuƒnƒ[ƒLƒeƒBŠÊv“oêA•ï‘•†‚â†‘Ü‚àƒRƒ‰ƒ{d—l‚É,https://news.yahoo.co.jp/articles/be76df14f468a547eb51806a36c7a86e1d4a941d,1/9(‰Î) 18:30
lmaga,Lmaga.jp,ƒWƒƒƒ‹ƒWƒƒƒ‹‚ªu‚l-‚Pv‚V‚X“_‚ÌáJ‚ğ‰Ê‚½‚·A“Á•ÊÜ‚ÉƒJƒEƒXu¡“ú‚Í‚P‚O‚O“_Iv,https://news.yahoo.co.jp/articles/a49e12f75fe0b288103e557aa50a0f28e88538de,1/9(‰Î) 18:15
lmaga,Lmaga.jp,‹g‚—R—¢quƒRƒ“ƒrƒj‚É‚às‚Á‚½vA‘å‰ÍuŒõ‚éŒN‚ÖvB‰e’†‚Ìs“®,https://news.yahoo.co.jp/articles/717281741e8ab019ae1ac3e9a6ba663c20d3b00d,1/9(‰Î) 17:00
lmaga,Lmaga.jp,‚l|‚PƒOƒ‰ƒ“ƒvƒŠŒã‚ÌP—áuƒAƒiƒU[ƒXƒg[ƒŠ[v•ú‘—Œˆ’èA”•S‘ä‚ÌƒJƒƒ‰‚ª–§’…,https://news.yahoo.co.jp/articles/792b5ffbab08d27ea87bafcc406a2067ec363b0b,1/9(‰Î) 13:00
lmaga,Lmaga.jp,V‚l-‚P‰¤ÒE—ß˜aƒƒ}ƒ“‚ª–È‚m‚f‚j•¦‚©‚·Aƒlƒ^‚ğ‘åãd—l‚É•ÏXu•E‚ÌŠÂóü‚ğcv,https://news.yahoo.co.jp/articles/12038c4244aa6841e1a4db4239748e222046711e,1/9(‰Î) 12:00
lmaga,Lmaga.jp,‘åãl‹CƒXƒ|ƒbƒg‚Q‚OƒJŠ‚ª“üê–³—¿{‚½‚±Ä‚«H‚×•ú‘è‚ÌA‚¨“¾‚·‚¬‚é—·ƒvƒ‰ƒ“,https://news.yahoo.co.jp/articles/d44c53a641ab71d6290ac24ea751a9123a44bd3f,1/9(‰Î) 9:00
lmaga,Lmaga.jp,‚r‚…‚˜‚™ ‚y‚‚‚…E’†“‡Œ’lAå‰‰ƒhƒ‰ƒ}‚ğ‘O‚ÉuD‚«‚ÆŒ¾‚¦‚È‚¢ƒ‰ƒuƒXƒg[ƒŠ[‚Í‰‚ß‚Äv,https://news.yahoo.co.jp/articles/898c8ef9d05501fe69c26955af6f2d135833afe8,1/9(‰Î) 8:30
lmaga,Lmaga.jp,’©ƒhƒ‰wƒuƒMƒEƒMx‘æ69‰ñi1Œ10“újEŒ€êŒö‰‰‚ªÄŠJ‚µAƒXƒYqiï—¢j‚Æ‚è‚Âqi‹e’r™zqj‚ªƒXƒe[ƒW‚É•œŠˆ,https://news.yahoo.co.jp/articles/618b8cb9bc11c9142ac1f784733d1dbff1d5cc2e,1/9(‰Î) 8:15
lmaga,Lmaga.jp,ƒ_ƒuƒ‹ƒqƒKƒV‚ªã•û–ŸË‹¦‰ï‘åÜ‚ÉAuŒ©‚½–Ú‚Í”¼ƒOƒŒcvƒCƒW‚è‚à’†“cƒJƒEƒXâ^,https://news.yahoo.co.jp/articles/f90d779f09b5c89605ea05171d3736d914fba789,1/9(‰Î) 7:00
lmaga,Lmaga.jp,ì‹È‰ÆE‰H’¹i‘íK„j‚ªƒsƒ“ƒ`A‚r‚m‚rS”z‘ŠŸ‚¬u‰H’¹æ¶v‚ªƒgƒŒƒ“ƒh“ü‚èyƒuƒMƒEƒMz,https://news.yahoo.co.jp/articles/c5820c950a832646da1f24cb37ecd5bc468bc649,1/8(Œ) 19:30
lmaga,Lmaga.jp,‹g‚—R—¢q‚ª_Ğ‚Å‘å‰ÍuŒõ‚éŒN‚Öv‚ğB‰e‚µ‚½‚¢‚Æ’¼‘iA——R‚Íu‹ó‚ªcv,https://news.yahoo.co.jp/articles/9a099f5900399a91e2d9c8e925bb6d994ca3239b,1/8(Œ) 17:00
lmaga,Lmaga.jp,‘å‰ÍuŒõ‚éŒN‚Öv•ú‘—ŠJnA‹g‚—R—¢quŠñ‚è“Y‚¤ƒhƒ‰ƒ}‚Év,https://news.yahoo.co.jp/articles/1a4f6340a8fcd56ab35458c1eed5221a2bf2346b,1/8(Œ) 14:00
lmaga,Lmaga.jp,‚r‚‚‚— ‚l‚‚EŒüˆäN“ñAƒO[ƒ^ƒ“ƒk[ƒ{‚Qo‰‰‚àu‚¨o‚³‚Ü•û‚É‰½‚ğŒ¾‚í‚ê‚é‚©‚ÈHv,https://news.yahoo.co.jp/articles/ab93ae519d9c6e2c395a47b9658e8d64cfae63c7,1/8(Œ) 11:00
lmaga,Lmaga.jp,‘š~‚è–¾¯E‘e•iA“I’†”nŒ”u‚Q‚S‚O‚O–œv‘SŠz‚ğ”íĞ’n‚ÉŠñ•t‚Ö@‚r‚m‚rÌ^‚Ìºu“x‚ª‚·‚¬‚½‘Plv,https://news.yahoo.co.jp/articles/be37ebaf28a22e61bd282389c16b0a57f3a661be,1/8(Œ) 10:30
lmaga,Lmaga.jp,’©ƒhƒ‰wƒuƒMƒEƒMx‘æ68‰ñi1Œ9“újEIí‚©‚ç3ƒJŒAˆ¤•i…ãPij‚Ì‘åŠw•œŠw‚ğj‚¨‚¤‚ÆƒXƒYqiï—¢j‚ªˆÅs‚ÖoŠ|‚¯‚é,https://news.yahoo.co.jp/articles/2c063b1a23904f63d299339f82aa026f9e15c54e,1/8(Œ) 8:15
lmaga,Lmaga.jp,’…ü‚é‚×‚«H ƒW[ƒ“ƒY‚ÍH ‰Ì•‘Šê‚Ìu³‚µ‚¢ƒhƒŒƒXƒR[ƒhv‚É‹^–â,https://news.yahoo.co.jp/articles/d76316577a3699ef577128b5b754063795f0e5c7,1/8(Œ) 8:00
lmaga,Lmaga.jp,u‚r‚—‚‰‚”‚ƒ‚ˆ‚ª[“dŠí‚É‚È‚év‚Á‚Äƒzƒ“ƒgH ‚r‚m‚r‚Å˜b‘è‚Éc”C“V“°‚É•·‚¢‚½,https://news.yahoo.co.jp/articles/9d44c1cc8a732e4ce22fe2aea25cae729e3710fe,1/8(Œ) 7:00
lmaga,Lmaga.jp,’©ƒhƒ‰wƒuƒMƒEƒMx‘æ67‰ñi1Œ8“újEIí‚ğŒ}‚¦AƒXƒYqiï—¢j‚Í•sˆÀ‚ğ•ø‚¦‚È‚ª‚ç‚àˆ¤•i…ãPij‚Ì‘Ò‚Â“Œ‹‚Ö‚Æ–ß‚é,https://news.yahoo.co.jp/articles/e07e30af8626537f57ebb3b0fffd2669135ed54d,1/7(“ú) 19:30
lmaga,Lmaga.jp,u–²‚Ì‚æ‚¤Ivl‹CƒAƒVƒJEƒRƒGƒ‹‚ª_ŒË‚ÉAŒj•l…‘°ŠÙ‚©‚ç‚¨ˆø‚Á‰z‚µ,https://news.yahoo.co.jp/articles/1c14dcee71351f19fd0febb813cd068c4db2fa7b,1/7(“ú) 8:30
lmaga,Lmaga.jp,Vìw‚í‚ñ‚¾‚Ó‚é‚Õ‚è‚«‚ã‚ Ix‚Åjã‰EŒ¢‚ÌƒvƒŠƒLƒ…ƒA‚ª’a¶uŒ¢‚Í‘åØ‚Èƒp[ƒgƒi[v,https://news.yahoo.co.jp/articles/3c57540c0172cb42d03b4a941b0cdf7658f58d08,1/7(“ú) 8:00
lmaga,Lmaga.jp,uL£ƒAƒŠƒX‚»‚Á‚­‚èIv•v‚ªl¶‰‚Ìˆê–Ú›‚ê‚àc‘§q“Mˆ¤•ê‚ª–Ò”½‘ÎyV¥‚³‚ñ‚¢‚ç‚Á‚µ‚á‚¢Iz,https://news.yahoo.co.jp/articles/0583c3aaeca2412d90cf8a017765f9a4980db5a6,1/7(“ú) 7:00
lmaga,Lmaga.jp,•½“ú•ŠúŠÔŒÀ’è‚Å‹Šp‚Éu‚PlÄ“÷vê—pƒƒjƒ…[’a¶Aˆù‚İ•ú‘è‚àƒZƒbƒg,https://news.yahoo.co.jp/articles/cad8a464c5c15522fe57421ad44d47577be8c7cd,1/6(“y) 20:30
lmaga,Lmaga.jp,’©ƒhƒ‰wƒuƒMƒEƒMxŸT—\‚ªŒöŠJA‘íK„‰‰‚¶‚é‰H’¹‚Ìƒsƒ“ƒ`‚ÉS”z‚Ìº‘±ou‚Ç‚¤‚µ‚½‚ÌIHv,https://news.yahoo.co.jp/articles/e234f8ecbb082095163a3d8b0d2426d62703add4,1/6(“y) 19:30
lmaga,Lmaga.jp,u‚·‚İ‚Á‚±‚®‚ç‚µv‚ªƒnƒbƒs[ƒZƒbƒg‚ÉAƒtƒ@ƒ“•KŒ©‚ÌƒŒƒ^[ƒZƒbƒg,https://news.yahoo.co.jp/articles/88faa9662d4051f3d0871a3d56d54d121156e77f,1/6(“y) 14:00
lmaga,Lmaga.jp,u•À‚ñ‚Å‚Å‚àH‚×‚½‚¢vƒ~ƒXƒh‚Ì‚‹‰ƒVƒŠ[ƒY‚ÉuƒSƒfƒBƒov“oêA‚R‚O‚O‰~’´‚¦‚ÌæÒ‘òƒ`ƒ‡ƒRƒh[ƒiƒc,https://news.yahoo.co.jp/articles/9417a6e295f84c37401556427fabf91cc720ae14,1/6(“y) 13:00
lmaga,Lmaga.jp,‚Ğ‚çƒp[‚ÉV‚l|‚P‰¤ÒE—ß˜aƒƒ}ƒ“A‹‰Ø‚È–ÊX‚É‚r‚m‚rŠ½Šì‚ÌºuƒcƒA[‚æ‚è‹‰Ø‚Å‚ÍHv,https://news.yahoo.co.jp/articles/d9d6afe242f70010adb7a5b5dfa2c2e0988310f3,1/6(“y) 12:00
lmaga,Lmaga.jp,‚¢‚¿‚²ƒuƒbƒtƒF‚Ìu¶‚İ‚Ìevƒzƒeƒ‹ƒjƒ…[ƒI[ƒ^ƒjA‚È‚ºx‚³‚ê‚é‚Ì‚©Hu—¬s‚¾‚¯‚¶‚á‚È‚¢v,https://news.yahoo.co.jp/articles/deb730c7ef9178e01435da17c011ac88937698c1,1/6(“y) 11:00
lmaga,Lmaga.jp,u‚²‚Ô‚²‚Ôv‚ÉRè‚Ü‚³‚æ‚µ‚ª“oêA•l“c‰ëŒ÷‚Æ‘åã‚Å‚¨ğ‚ÌƒAƒe„‚è,https://news.yahoo.co.jp/articles/e98ccc4ce43a8115dc1856f78155de473293bc38,1/6(“y) 8:30
lmaga,Lmaga.jp,‚Q‚UÎÈ‚ÌƒCƒ`ƒƒƒCƒ`ƒƒ–\‘–‚É•v¢˜fA‰Æ‚Å‚àe‚ğ–Ú‘O‚ÉƒLƒX‚Ì—’yV¥‚³‚ñ‚¢‚ç‚Á‚µ‚á‚¢Iz,https://news.yahoo.co.jp/articles/82a6679d6b308b0578527550fddcfe6ebe4f8f51,1/6(“y) 7:00
lmaga,Lmaga.jp,ƒPƒ“ƒ^ƒbƒL[A‚Q‚O‚Q‚S”Nˆê”­–Ú‚ÌŠé‰æ‚Íu‚S‚O“ƒIƒtƒpƒbƒNvI l‹Cƒ`ƒLƒ“‚ª‚U‚Q‚O‰~‚à‚¨“¾‚É,https://news.yahoo.co.jp/articles/205013e2ae995880cd2464244781e32776764ea7,1/6(“y) 6:30
lmaga,Lmaga.jp,u‚½‚×‚Áq‚Ç‚¤‚Ô‚Âv‚Ì‚¨Õ‚èƒCƒxƒ“ƒgA“Ş—ÇEƒCƒIƒ“ƒ‚[ƒ‹Š€Œ´‚ÅŠJÃ,https://news.yahoo.co.jp/articles/3ff974c1316dbc75c6f6516a6a8bd948057e4e6e,1/5(‹à) 20:30
lmaga,Lmaga.jp,‚è‚Âq‚ÆƒXƒYq‚Ì‰Ìºc”Nn•ú‘—‚Ì’©ƒhƒ‰wƒuƒMƒEƒMx‚ÉA‚r‚m‚r”½‹¿u‚Q˜b‚¾‚¯‚È‚Ì‚É”Z‚¢“à—ev,https://news.yahoo.co.jp/articles/d665d94d944894f1cce1c990e16a85539613da85,1/5(‹à) 19:30
lmaga,Lmaga.jp,‘íK„•ŠCŒ´‚â‚·‚æ ‚Æ‚à‚±‚Ì–İ‚Â‚«V”N‚r‚oA”é‚ß‚½v‚¢‚ğ•ø•‰‚ÅŒê‚é,https://news.yahoo.co.jp/articles/d3213eaa4fada184a837cdce604b70532dc16223,1/5(‹à) 18:30
lmaga,Lmaga.jp,‘åãƒƒgƒA‚P‚Q‰w‚â’èŠúŒ””­”„Š‚Éu”\“o”¼“‡’nkv‚Ì•å‹à” ‚ğ‚X“ú‚©‚çİ’u,https://news.yahoo.co.jp/articles/8e1e40a31a5461e06553a6a37b6e116fee9013b4,1/5(‹à) 17:00
lmaga,Lmaga.jp,ƒ[ƒ\ƒ“‚ª‚¢‚¿‚²ƒXƒC[ƒcê–å“X‚ÆƒRƒ‰ƒ{A’†‰Ø‚Ü‚ñ‚â‰Ùq‚È‚Ç‘S‚P‚W•i‚ª¨‚¼‚ë‚¢,https://news.yahoo.co.jp/articles/edfd7135c35c0cc06086ece5874f62a376032105,1/5(‹à) 15:00
lmaga,Lmaga.jp,Œ³“ú‚É‹x~‚Æ‚È‚Á‚½uŒ|”\lŠi•t‚¯ƒ`ƒFƒbƒN ‚¨³ŒƒXƒyƒVƒƒƒ‹vA•ú‘—“ú‚ªŒˆ’è,https://news.yahoo.co.jp/articles/5028ae8323de61c4a0dd741a4f56ae3989fdc4fb,1/5(‹à) 14:15
lmaga,Lmaga.jp,šâ‚©‚çàt‚Á‚½‘«‚ªƒjƒ‡ƒƒŠA—İŒv‚X‚Q‚O–œÄ¶‚Ì’W˜H“‡Yƒ^ƒR,https://news.yahoo.co.jp/articles/28aa521ae17882e6e8f1dd469272ebb813deb275,1/5(‹à) 11:45
lmaga,Lmaga.jp,•ºŒÉE˜Zb‚RA•¨‰€‚É‚Äu–q–ì•x‘¾˜Yv“WA”m’˜‚Ì‘å“ú–{A•¨‚à,https://news.yahoo.co.jp/articles/61a583f47c25ef0e6125efb958f16308ba6c4817,1/5(‹à) 9:00
lmaga,Lmaga.jp,‘åØ‚Èl‚ğ¸‚Á‚½lX‚ÌS‚ÉŠñ‚è“Y‚Á‚ÄcƒXƒYq‚ªu‘å‹ó‚Ì’ív‚ğÂ‹ó‚Ì‰º‚Å”M¥A‚»‚±‚É‚ß‚½v‚¢‚Æ‚ÍyƒuƒMƒEƒMz,https://news.yahoo.co.jp/articles/c960e921a7ae435eb39bc85ea85543903a4ee002,1/5(‹à) 8:15
lmaga,Lmaga.jp,uˆ«‚Ì‘gD‚ÌƒAƒWƒgHv‹Á‚«‚ÌŠOŠÏ‚Å˜b‘èA•ºŒÉ‚Ì–¼•¨ƒXƒ|ƒbƒg‚ª•ÂŠÙ‚ÌŠë‹@,https://news.yahoo.co.jp/articles/263c3c3ae51c0a9c77f426717c5f927da8e9b7bf,1/5(‹à) 8:00
lmaga,Lmaga.jp,”íĞ’n‚Ö‚Ìx‰‡‚ÉŠÖ¼Lˆæ˜A‡AƒJƒEƒ“ƒ^[ƒp[ƒg•û®‚Å˜AŒg,https://news.yahoo.co.jp/articles/af5d27c6c7c8a70e970ef4b44434f857185b4fb3,1/5(‹à) 7:00
lmaga,Lmaga.jp,Œ»–ğ—q‘å¶‚Ql‚ªu‚¨“V‹CƒŠƒ|[ƒ^[v‚ÉA”CAŠÖ¼‚Ì—[•ûƒjƒ…[ƒX”Ô‘gu‚‚…‚—‚“ ‚¨‚©‚¦‚èv‚Å,https://news.yahoo.co.jp/articles/73730bbc3fe40da683f9408cbf167742290c19bf,1/5(‹à) 6:45
lmaga,Lmaga.jp,–z•ú‚Å’m«‚Æ•ï—e—Í‚É–‚¿‚½ƒ~ƒVƒFƒ‹Eƒ“ƒfƒQƒIƒ`ƒFƒA‚S”N‚Ô‚è‚Ì—ˆ“ú‚Å‘åãE”~“c‚É~—Õ,https://news.yahoo.co.jp/articles/3e771758bc2221416265c82a3a1cd074f1450fe1,1/4(–Ø) 20:30
lmaga,Lmaga.jp,u–é÷~‰Ô‰Îv‚Ìƒ_ƒuƒ‹ƒRƒ“ƒ{A‘åãE–œ”‹L”OŒö‰€‚Å‚¨‰ÔŒ©ƒCƒxƒ“ƒg,https://news.yahoo.co.jp/articles/87ac90a521d1e24ce0e302ae0fa059f7f5001b71,1/4(–Ø) 20:00
lmaga,Lmaga.jp,u‚È‚ñ‚ÄãY—í‚È‰Ìºv’©ƒhƒ‰wƒuƒMƒEƒMx‰“oêE©‰Ä”ü‚Ì‰Ì¥ƒV[ƒ“‚ÉA‹’®ÒŠ´Œƒu‚³‚·‚ª‚·‚¬‚év,https://news.yahoo.co.jp/articles/4a2c9b6f9b8cbfa0fbcf96b89b3982850b1d1704,1/4(–Ø) 19:45
lmaga,Lmaga.jp,’©ƒhƒ‰wƒuƒMƒEƒMx‘æ66‰ñi1Œ5“újEˆ«‰»‚·‚éí‹µ‚ğ—J‚¢‚È‚ª‚ç‚àA‚»‚ê‚¼‚ê‚ÌˆÔ–âæ‚ÅƒXƒYqiï—¢j‚Æ‚è‚Âqi‹e’n™zqj‚Ì‰Ìº‚ª‹¿‚«“n‚é,https://news.yahoo.co.jp/articles/b8950445a04b0bbae1878308b8d0c3096dc87b4a,1/4(–Ø) 19:30
lmaga,Lmaga.jp,‰f‰æ•]˜_‰ÆEƒ~ƒ‹ƒNƒ}ƒ“Ä“¡‚³‚ñ‚ªŠÌt•s‘S‚ÅÀ‹A‹”N‚U‚OÎ,https://news.yahoo.co.jp/articles/487479e5b8937a7386ab5338c227d3136354e200,1/4(–Ø) 19:00
lmaga,Lmaga.jp,‘åãs‚ªÁ–ho‰®‚ğ’†~A‚X‚O–¼‚ª”\“o”¼“‡‚Ö”hŒ­‚Ì‚½‚ß,https://news.yahoo.co.jp/articles/a73222c9ef3ce6effca1e7f7a5e3c1b4ce3777d5,1/4(–Ø) 17:00
lmaga,Lmaga.jp,‚Ç‚¤‚È‚é‘åãEŠÖ¼–œ”H ‘S‘“I‚ÉuŠÖS“xv‚ª’á‰º‹C–¡,https://news.yahoo.co.jp/articles/15622b1e04b84c803931f16368dabb588e759e47,1/4(–Ø) 16:00
lmaga,Lmaga.jp,ŠG–{uƒmƒ‰ƒlƒR‚®‚ñ‚¾‚ñv‚Ì“W——‰ï‚ª‘åã‚ÅAƒOƒbƒY‚Í–ñ‚R‚O‚Oí,https://news.yahoo.co.jp/articles/0ea98386917a51e6defe91810af2ec986f2dd4ea,1/4(–Ø) 13:00
lmaga,Lmaga.jp,ƒ}ƒNƒhƒiƒ‹ƒh‚É“~‹GŒÀ’è‚Ìu‚Æ‚ë‚¯‚éƒzƒbƒgƒpƒCv‚QíAVì‚à‚¨–ÚŒ©‚¦,https://news.yahoo.co.jp/articles/eca3d4697edbf5213d0c520d7ceb17071268bd0a,1/4(–Ø) 11:00
lmaga,Lmaga.jp,•ºŒÉŒ§—§”üpŠÙ‚Å¢ŠE“I‰æ‰ÆuƒL[ƒXE‚ÖƒŠƒ“ƒOv‚Ì“W¦‰ïA‚U‚‚Ì‘åŒ^ì•i‚È‚Ç‚P‚T‚O“_,https://news.yahoo.co.jp/articles/ef568de89b099eac89db5672428cf5d1fc746bd5,1/4(–Ø) 9:00
lmaga,Lmaga.jp,’©ƒhƒ‰wƒuƒMƒEƒMxå‘è‰Ì‚Å‚à’–ÚA‚³‚©‚¢‚ä‚¤‚ª˜Vá’j—‚ğ–£—¹‚·‚é——R,https://news.yahoo.co.jp/articles/aec979b483768589d37aa0e47c25774024e8e3ac,1/4(–Ø) 8:30
lmaga,Lmaga.jp,A‚¥! groupE––àV½–ç‚ª˜Aƒhƒ‰‰å‰‰A©g‚Ì–ğ‚Éul‚¦‚³‚¹‚ç‚ê‚½v,https://news.yahoo.co.jp/articles/1b66596a560644cb4e2ae576b42264cdb0f1bd39,1/4(–Ø) 7:30
lmaga,Lmaga.jp,•ºŒÉEã‹}¼‹{ƒK[ƒfƒ“ƒY‚ªƒŠƒjƒ…[ƒAƒ‹AV‚½‚É‚Q‚W“X•Ü‚ª“ü“X,https://news.yahoo.co.jp/articles/8ce898d461d35cc0fcd31a94fefc2a16264fbc60,1/4(–Ø) 7:00
lmaga,Lmaga.jp,’©ƒhƒ‰wƒuƒMƒEƒMx‘æ65‰ñi1Œ4“újEƒXƒYqiï—¢j‚â‚è‚Âqi‹e’n™zqjA‰H’¹i‘íK„j‚ªAí‰º‚Å‚»‚ê‚¼‚ê‰¹Šy‚ÆŒü‚«‡‚¤,https://news.yahoo.co.jp/articles/e29cb5a16d7d701e0e9b9302d81a12d0fd0a31c9,1/3(…) 19:30
lmaga,Lmaga.jp,–ˆ”N‘å·‹µuã‹}‚¤‚ß‚¾v‚Ìƒ`ƒ‡ƒRÕ“TA¡”N‚Í–ñ‚R‚O‚O‚Oí—Ş,https://news.yahoo.co.jp/articles/e890a6c3de45b9fc20f0b74344a2fad5a4cbcac7,1/3(…) 14:00
lmaga,Lmaga.jp,ƒX[ƒp[‚Å‚¨“éõ‚İ‚Ìu‚Ğ‚È‚ ‚ç‚êvAŠÖ¼‚ÆŠÖ“Œ‚Å‚Íˆá‚¢‚ª‚ ‚Á‚½IH,https://news.yahoo.co.jp/articles/7eff7dcdb94b501c9ec839985d9501869e1b726d,1/3(…) 11:00
lmaga,Lmaga.jp,u“²‚ê‚Å‚·‚æA“¹•W‚Å‚·vŒjX‚ª•¶}‚Ö‚Ìv‚¢‚ğŒê‚é,https://news.yahoo.co.jp/articles/63edd0511dd2861cb0cd53cba968d662e8acb576,1/3(…) 10:00
lmaga,Lmaga.jp,uƒ}ƒNƒhƒiƒ‹ƒh~ƒSƒWƒ‰vƒRƒ‰ƒ{‘æ‚Q’eAƒSƒWƒ‰ƒCƒ[ƒW‚Ìƒo[ƒK[‚R•i‚ª’a¶,https://news.yahoo.co.jp/articles/04ae47d86f4b4cb65aa5bf5c83e7c37723e5360a,1/3(…) 7:30
lmaga,Lmaga.jp,‘å“¤“c‚Æ‚íq‚âƒGƒ‹ƒsƒX‚Ì‰¹Šy‚Å˜b‘èA‚Q‚O‚Q‚S”N‚à’–Ú‚Ì‚r‚s‚t‚s‚r‚ªƒrƒ‹ƒ{[ƒh‚É,https://news.yahoo.co.jp/articles/c700de03d59a91abc51ebbb6ab7e28fe24ddfc51,1/2(‰Î) 20:00
lmaga,Lmaga.jp,‚³‚¾‚Ü‚³‚µ‚T‚Oü”NƒRƒ“ƒT[ƒgƒcƒA[‘S‚S–é‚ğˆê‹“•ú‘—A“ÁˆÙ‚ÈƒA[ƒeƒBƒXƒg‚Ì¦‚İ‚ğÄ”­Œ©,https://news.yahoo.co.jp/articles/b72c635ac17e88ebc1553ce7cea11071bf5ebe94,1/2(‰Î) 19:30
lmaga,Lmaga.jp,‰‚Ì—«El‚ª’a¶AÁ‚¦‚ä‚­_ŒË–¼•¨u–ì‹…ƒJƒXƒeƒ‰v‚ğ‹~‚¦I,https://news.yahoo.co.jp/articles/469a0b1738360af6b89bc8bf21eac7393c5a0bc2,1/2(‰Î) 19:00
lmaga,Lmaga.jp,‘S‘Še’n‚©‚çƒŠƒs[ƒ^[‚ªâ‚¦‚È‚¢A‹“sE“ñ”Jâ‚Ål‹C‚Ì¨‚©‚«‚Æ‚ÍHuèŠÔ‚ğÉ‚µ‚Ü‚È‚¢v,https://news.yahoo.co.jp/articles/db41de12a9f7d733733ee19780ab018637f4088c,1/2(‰Î) 17:30
lmaga,Lmaga.jp,uƒWƒƒƒP”ƒ‚¢‚µ‚½v‚Ìº‚àAƒtƒ@ƒ~ƒ}ƒJƒ‰[‚ÈŒŒjŠ¥‚ÌƒJƒbƒvğ‚ğ”­Œ©I ‚»‚Ì‘_‚¢‚ÍH,https://news.yahoo.co.jp/articles/f84f28d0de096b2880be6213c4854944e152f710,1/2(‰Î) 15:00
lmaga,Lmaga.jp,ŒjX‚ªu“Yæˆõv‚ÉAŠï‘z“VŠO‚È‰‰o‚ÅŒ©‚¹‚éƒXƒPƒbƒ`—Œê,https://news.yahoo.co.jp/articles/4ad530d409ad509cd2854d21bc15340691a5caa5,1/2(‰Î) 14:00
lmaga,Lmaga.jp,çŒ´ƒWƒ…ƒjƒAlˆÄ‚ÌwÎ‚¢‚Ì‘‡Ši“¬‹ZuÀ‰¤vxAVt‚r‚o‚Å‚W“x–Ú‚Ì‘S‘ƒlƒbƒg•ú‘—,https://news.yahoo.co.jp/articles/34cb6bdb029d3330dc3c01743db500af53edefa9,1/2(‰Î) 12:30
lmaga,Lmaga.jp,ãÀŒb”üq‚Æ‰ƒ^ƒbƒO‚ÅŠë‹@Š´H ‚¨Î‚¢ƒRƒ“ƒrEƒjƒ…[ƒˆ[ƒN‚ğ’¼Œ‚uƒeƒŒƒr‚ª‚Â‚Ü‚ç‚È‚­‚È‚év,https://news.yahoo.co.jp/articles/37a19ce8b6f9a9130559dba071c4a93ababf9f2c,1/2(‰Î) 12:00
lmaga,Lmaga.jp,æ‚èˆµ‚¢”‚Í‚R‚O–œ“_Aux‰Í‰®v‚ÌŠÖ¼ƒGƒŠƒAÅ‘å“X•Ü‚ª‘åãE”~“c‚É’a¶,https://news.yahoo.co.jp/articles/2aa615449b803f73c7248f18aad472e69e2c931b,1/2(‰Î) 9:00
lmaga,Lmaga.jp,“~‚Éç‚­ƒ`ƒ…[ƒŠƒbƒvH ’W˜H“‡‚Å‚Ğ‚Æ‘«‚¨æ‚Ét‚ğ–‹i,https://news.yahoo.co.jp/articles/78c1f07d3ebc2f74a0b1835caca3cf30f0ab0379,1/2(‰Î) 7:00
lmaga,Lmaga.jp,NHK‘å‰Íƒhƒ‰ƒ}wŒõ‚éŒN‚Öx‘æ1‰ñi1Œ7“új‚ ‚ç‚·‚¶E–ñ‘©‚ÌŒ,https://news.yahoo.co.jp/articles/551b7a4d114313bbac890585e8058975fa21faba,1/1(Œ) 17:00
lmaga,Lmaga.jp,‚¨‚¨‚½‚É‚ª•±“¬AÁ–Å‚µ‚Ä‚ä‚­_ŒË‚Ì‰B‚ê–¼•¨u–ì‹…ƒJƒXƒeƒ‰v’m‚Á‚Ä‚éH,https://news.yahoo.co.jp/articles/d4a2fc9a4672818325d2d1e7fb187eef525b5190,1/1(Œ) 14:00
lmaga,Lmaga.jp,_ŒË‚Ì_Ğ‚Éu‚ß‚Á‚¿‚á‘f“Gv‚ÈŒäéˆóA‚¨³ŒŒÀ’è‚Í‘S‚Ví,https://news.yahoo.co.jp/articles/bc6b1a63fa7cb7cc72662813cbfe7f8b54136071,1/1(Œ) 11:00
lmaga,Lmaga.jp,‘S‘‚Å‚à‚Á‚Æ‚àƒ†ƒj[ƒN‚È‚¨GÏ‚ÍH ŠÖ¼‚©‚ç‚Í“Ş—Ç‚Ì–¼•¨u‚«‚È‚±GÏv‚à,https://news.yahoo.co.jp/articles/f27737e17e5f02a348d34c8e1506503259bdef8a,1/1(Œ) 9:00
lmaga,Lmaga.jp,’nŒ³‚Z•—m‰Ùq“X‚Æƒ^ƒbƒOAˆÉ‰ê“S“¹‚Å‚S”N‚Ô‚èuŠÃ‚¢‚à‚ñ‚Æ‚ê‚¢‚ñv,https://news.yahoo.co.jp/articles/b5be13f2be80376467f3d98e003ca84f290631f8,1/1(Œ) 8:00
lmaga,Lmaga.jp,º˜a‚S‚O`‚T‚O”N‘ã‚Él‹C‚¾‚Á‚½u‚½‚Ê‚«ƒP[ƒLvA‚Ü‚³‚©‚ÌG‰İ‚É,https://news.yahoo.co.jp/articles/36b89a4a564601a71a3f580a109acbc5bdfc7d87,2023/12/31(“ú) 14:00
lmaga,Lmaga.jp,uƒtƒ@ƒ~ƒŠƒAv~uƒ†[ƒnƒCƒ€v‚ª•KŒ©A“~‹GŒÀ’èƒXƒC[ƒc‚Í”Nn‚©‚ç,https://news.yahoo.co.jp/articles/5e4f74fe2ddb546b23de609250e486a6f3d36b6c,2023/12/31(“ú) 12:00
lmaga,Lmaga.jp,ˆÉŒ´˜Z‰Ô•R”V“à‚·‚¸A‰‚â‚©‚È’…•¨p‚Å‰‚Ìu‚æ`‚¢ƒhƒ“Iv³Œ‚r‚o‚ÉQ‰Á,https://news.yahoo.co.jp/articles/c890bd5962d7f471378eee236fc0d873b59d99ae,2023/12/31(“ú) 11:00
lmaga,Lmaga.jp,’†ğ‚ ‚â‚İAŠÖ¼ƒ[ƒJƒ‹u‚Æ‚È‚è‚ÌlŠÔ‘•ó‚³‚ñv‚Å’nŒ³E“V‰¤›‚ğ‚Ô‚ç‚è,https://news.yahoo.co.jp/articles/3047d0630a42ab25c9d7e06100d9899d6a2bb779,2023/12/31(“ú) 10:00
lmaga,Lmaga.jp,“Ş—Ç‚Å¡‰f‚¦‚éƒXƒ|ƒbƒguVE“ì“s”ªŒivA–ñ‚P‚R‚O‚O”N‘O‚Éƒ^ƒCƒ€ƒXƒŠƒbƒv,https://news.yahoo.co.jp/articles/d5b1d51518484bf0a3c9fe62fea309898213947c,2023/12/31(“ú) 9:00
lmaga,Lmaga.jp,¡H’a¶‚ÌVƒuƒ‰ƒ“ƒh‚àcuH‚Ìã_v‚Å‚µ‚©”ƒ‚¦‚È‚¢ƒXƒC[ƒc‚T‘I,https://news.yahoo.co.jp/articles/d321a07963c33222d365a1ae1e1a9e5ff9d08836,2023/12/31(“ú) 7:30
lmaga,Lmaga.jp,g”’ƒgƒbƒvƒoƒbƒ^[‚ÌV‚µ‚¢ŠwZ‚ÌƒŠ[ƒ_[ƒYA”Nn‚Ì•“¹ŠÙƒ‰ƒCƒu‚ğ¶’†Œp,https://news.yahoo.co.jp/articles/95f099939c957f5dd8fb8f937278f07765757fe9,2023/12/31(“ú) 7:00
lmaga,Lmaga.jp,‚¨Î‚¢Œ|lEâ“c—˜•v‚³‚ñ‚ª˜VŠ‚Ì‚½‚ß€‹AŠÖ¼‰‰Œ|ŠE‚Ì”­“W‚ÉvŒ£,https://news.yahoo.co.jp/articles/8a328daf7041ca45ab7b2a1f0dd941569ea4bb71,2023/12/31(“ú) 1:30
lmaga,Lmaga.jp,‚¨‚¹‚¿‚ğH‚×‚él‚ªŒ¸­c‚S‚R“‚ªH‚×‚È‚¢‚Æ‰ñ“šA——R‚ÍHu‚¨‚¹‚¿‚Ég‚¤HŞ‚Í‚‚¢‚©‚çv,https://news.yahoo.co.jp/articles/b969c236291688d2ed839c00082ef2f8e3b4da5c,2023/12/30(“y) 20:00
lmaga,Lmaga.jp,ƒyƒbƒgEƒVƒ‡ƒbƒvEƒ{[ƒCƒY‚ÌƒxƒXƒgƒcƒA[‚ª‚Q“úŠÔŒÀ’è‚Åã‰fA”~“c•“ú–{‹´‚Í‚PTŠÔ‚Ì“Á•Êã‰f,https://news.yahoo.co.jp/articles/6c5546407cc8ec558437766797493c131788e1b7,2023/12/30(“y) 17:00
lmaga,Lmaga.jp,ƒZƒ‹ƒ‰ƒCƒgƒXƒpAƒI[ƒ‹ƒUƒbƒc‚Q‚O‚Q‚R‚Å‰‚Ì’¸“_u‚Ü‚³‚©‚P‚T”N–Ú‚Å‚¢‚¯‚é‚Æ‚Ív,https://news.yahoo.co.jp/articles/b50a8658a351510b71bf891b5619ba8aa33b7c07,2023/12/30(“y) 14:00
lmaga,Lmaga.jp,‚P‚QŒ‚R‚P“úŒÀ’è‚Ìu‹ì‚¯‚İ‚¨‚¹‚¿vA—\–ñ•s—v‚ÌèŒy‚³‚ª,https://news.yahoo.co.jp/articles/9c16d649104cc16aefed1d246517cfa495b727ec,2023/12/30(“y) 13:30
lmaga,Lmaga.jp,J‚ÅŠg‘å‚·‚éu¶ï‚èƒIƒŒƒ“ƒWƒWƒ…[ƒXv‚Ì©”Ì‹@AŠúŠÔŒÀ’è‚ÅV–¡‚ª“oê,https://news.yahoo.co.jp/articles/e12f0905bddaae56be0a6dfa77e93e0a31e82d6b,2023/12/30(“y) 13:00
lmaga,Lmaga.jp,uŒÃ“s“Ş—Ç‚Ì•¶‰»àv‚ÌĞ›A”N––”Nn‚Ìœ–é‚ÌàE‰Œw‚Ü‚Æ‚ß,https://news.yahoo.co.jp/articles/2f57e42cbd64a4bccabf7fc88d11b63f6002449a,2023/12/30(“y) 9:00
lmaga,Lmaga.jp,u‚È‚ñ‚Å‰ğU‚È‚ñHv…“c‚Ì‚İo‰‰‚Ì˜a‹‚É‚àa‚è‚ŞAw‚©‚Ü‚¢‚½‚¿‚Ì’m‚ç‚ñ‚¯‚Ç “¯Šú—·x‚ª‚R“ú‚É•ú‘—,https://news.yahoo.co.jp/articles/57eb76ca1cfef74729f97be51a479d2c010d1036,2023/12/30(“y) 8:30
lmaga,Lmaga.jp,g‘Ì•\Œ»‚ğuÊ^Wv‚ÉAƒ~ƒ…[ƒWƒJƒ‹ŠE‚ÉV‚½‚Èu³‰ğv‚ğ¶‚İo‚·¬“ì–—CqyƒCƒ“ƒ^ƒrƒ…[z,https://news.yahoo.co.jp/articles/0e1b8719b9866bce321d896a7decaf30139b1a26,2023/12/30(“y) 8:00
lmaga,Lmaga.jp,”N––”Nn‚Ìè“yY‚ÉIy‘åã‚Ì•S‰İ“Xz‚Å‚µ‚©”ƒ‚¦‚È‚¢ˆí•i,https://news.yahoo.co.jp/articles/ad5ff46460c0ea0539d0b3154a78b1b7502dd6ae,2023/12/30(“y) 7:30
lmaga,Lmaga.jp,uŒ©•ª‚¯‚ª‚Â‚­‚æ‚¤‚Éo‚µ‚ÄvƒSƒ~ûWˆõ‚ªŠëŒ¯A‘å‘|œ‚Ì•ª•Ê‚Å’ˆÓ‚·‚×‚«ƒ|ƒCƒ“ƒg‚ğ•·‚¢‚½,https://news.yahoo.co.jp/articles/b4abd6fc1d00bec03ed4dfee58a791e920406017,2023/12/30(“y) 7:00
lmaga,Lmaga.jp,…‰ñ‚è‚âƒLƒbƒ`ƒ“‚É‚àg‚¦‚éAuƒAƒ‹ƒ~ƒzƒCƒ‹v‚ğg‚Á‚½‚¨èŒy‘|œp,https://news.yahoo.co.jp/articles/f98bcec1a49bd8b3012a8eae8d01491e848b6e80,2023/12/30(“y) 6:30
lmaga,Lmaga.jp,²“¡‘å÷~Œ©ãˆ¤‚Ì‚vå‰‰ƒhƒ‰ƒ}u‚Œ‚‰‚‚’vA”N––‚Éˆê‹“Ä•ú‘—,https://news.yahoo.co.jp/articles/6b8861bf6bb35f70a72033acd3885ca3f433e214,2023/12/29(‹à) 21:00
lmaga,Lmaga.jp,a’J“âçAÎŠç‚Å‚m‚l‚a‚S‚WƒOƒ‹[ƒv‚ğ‘²‹ÆuƒAƒCƒhƒ‹Å‚‚ÉŠy‚µ‚©‚Á‚½‚Å‚·v,https://news.yahoo.co.jp/articles/2e97728d86c9cec00df3418a46e3935d1a8809cb,2023/12/29(‹à) 20:30
lmaga,Lmaga.jp,‚l|‚PƒOƒ‰ƒ“ƒvƒŠŒ’“¬‚Ì‚³‚â•ƒJƒxƒ|‚àQíA‘åŠA“ú‚É‚WŠÔ‚Ì‘åƒCƒxƒ“ƒg,https://news.yahoo.co.jp/articles/60c882c3d64c4cfd82079e08682d76ca7aefb771,2023/12/29(‹à) 20:00
lmaga,Lmaga.jp,_ŒË‚Ì‚‹‰ƒzƒeƒ‹‚É‚P”‘u‚P‚T‚O‚O–œ‰~v‚Ì‹Áœ±ƒvƒ‰ƒ“A’†g‚ÍH,https://news.yahoo.co.jp/articles/95aff545d3623e86bccba30598e61ff4b67580aa,2023/12/29(‹à) 19:00
lmaga,Lmaga.jp,‚Q‚O‚Q‚S”N”Åu“ú–{‚Ì‹à‰^ƒXƒ|ƒbƒgvAŠÖ¼‚©‚ç‚SƒJŠ‚ª‘Io,https://news.yahoo.co.jp/articles/fd935bb2908a906b2fb442643aec7b8cea00ccea,2023/12/29(‹à) 18:30
lmaga,Lmaga.jp,ƒ[ƒ\ƒ“‚ªŠúŒÀŠÔ‹ß‚Ìu‚kƒ`ƒLv‚ğŠw¶H“°‚È‚Ç‚Ö–³’ñ‹ŸA‘åã‚©‚çŠJn@’ñ‹Ÿæ‚Ì•åW‚Í‚PŒ‚P‚O“ú‚Ü‚Å,https://news.yahoo.co.jp/articles/86cf86e522d51cc6961eb5ef863b6c6c5c0ca985,2023/12/29(‹à) 17:30
lmaga,Lmaga.jp,ƒuƒMƒEƒMŸT—\‰f‘œ‚ªŒöŠJA‚è‚Âqi‹e’n™zqj‚Ì—Ü‚É‚r‚m‚rÕŒ‚uV”N‚©‚ç†‹ƒ‚©‚àcv,https://news.yahoo.co.jp/articles/749282e07afd18f3b94f7cc2599f1967c33dfd03,2023/12/29(‹à) 9:30
lmaga,Lmaga.jp,u‚í‚©‚è‚İ‚ª[‚¢v‚Æ‚P‚R–œ‚¢‚¢‚ËAV•iƒ^ƒCƒc‚Ì‘ä†‚Í•K—v‚©H ”Ì”„‰ïĞ‚Íu”²‚­‚±‚Æ‚àŒŸ“¢v,https://news.yahoo.co.jp/articles/8aeac7a480112fbf987b5ed9a10734b6d66cdeb9,2023/12/29(‹à) 8:45
lmaga,Lmaga.jp,l‹C‚ÌuƒNƒ‹ƒ~ƒbqŠÊv‚ÉVF‚ª“oêAŠÖ¼‚Å‚Ìæ‚èˆµ‚¢‚Í‚P“X•Ü‚Ì‚İ,https://news.yahoo.co.jp/articles/de6b6ce5ec34998ab14334fe1a40ddb0e5c72d3d,2023/12/29(‹à) 7:00
lmaga,Lmaga.jp,u–{“–‚É—Ç‚¢A—Í‚ª‚ ‚évƒXƒYq‰‰‚¶‚éï—¢‚Ì‰Ìº‚ª˜b‘èAu–h‹óˆ‚Ì’†vƒgƒŒƒ“ƒh“ü‚è‚Ì”½‹¿yƒuƒMƒEƒMz,https://news.yahoo.co.jp/articles/4c430af7a0b2765b242726d6b6dd3e1766336228,2023/12/28(–Ø) 19:45
lmaga,Lmaga.jp,ŠÛ‹T»–Ë‚Ìu”N–¾‚¯‚¤‚Ç‚ñvA–{‚¸‚í‚¢ŠIƒƒjƒ…[‚Í‚QTŠÔ‚¾‚¯,https://news.yahoo.co.jp/articles/55e4b896fbd73c2b915972d8f52a4478a214e5b1,2023/12/28(–Ø) 15:30
lmaga,Lmaga.jp,‚PŒ‚Q“ú‚©‚ç‚ÌVtƒOƒ‹ƒƒCƒxƒ“ƒgA‘åãE’ßŒ©—Î’nŒö‰€‚Åu“ú–{‚ÌH‚Ü‚Â‚èv,https://news.yahoo.co.jp/articles/04a12529bf641b1fb68e54643d551394dfb2d529,2023/12/28(–Ø) 13:30
lmaga,Lmaga.jp,uƒpƒtƒFv‚ğŠ´‚¶‚éƒ`ƒ‡ƒRƒŒ[ƒgAƒ‚ƒƒ]ƒt‚©‚çVƒuƒ‰ƒ“ƒh’a¶,https://news.yahoo.co.jp/articles/e55044a251dccbda9237a7b784ab3c9f36839e22,2023/12/28(–Ø) 12:00
lmaga,Lmaga.jp,”N––”Nn‚Ìè“yY‚ÉIy‹“s••ºŒÉ‚Ì•S‰İ“Xz‚Å‚µ‚©”ƒ‚¦‚È‚¢ˆí•i,https://news.yahoo.co.jp/articles/30037ba553513f70ac8b039b6d3228b3eec2c0fc,2023/12/28(–Ø) 11:30
lmaga,Lmaga.jp,u‚P”NŠÔg‚¦‚évŠ„ˆø‚«ƒpƒX•t‚«AƒrƒbƒOƒGƒR[‚ÌƒJƒ‰ƒIƒP•Ÿ‘Ü,https://news.yahoo.co.jp/articles/87a7687aa3837b4525baadc3ae45a43d6ec19a64,2023/12/28(–Ø) 9:00
lmaga,Lmaga.jp,¡‚à‚Á‚Æ‚à¨‚¢‚Ì‚ ‚é•‘‘ä”o—DEO‰YG‹Kud–‚ÍŒ|–‚Å‚·v,https://news.yahoo.co.jp/articles/4cfe8fddbb67a0a725e7865ba7e7d95671b8023f,2023/12/28(–Ø) 8:30
lmaga,Lmaga.jp,¡“ú‚Å”N“à•ú‘—I—¹A‘O”¼‚ğI‚¦‚½wƒuƒMƒEƒMx‚Í‘æ“ñŸ¢ŠE‘åí‚ğ‚Ç‚¤•`‚¢‚½‚Ì‚©H §ì“Š‡‚É•·‚­,https://news.yahoo.co.jp/articles/6e546903a6e792a41b1773cada0f5efee2d52993,2023/12/28(–Ø) 8:15
lmaga,Lmaga.jp,ƒJƒM‚ğ–³‚­‚·l‚ªˆê”Ô‘½‚¢‚Æ‚¢‚¤”N––”NnAƒgƒ‰ƒuƒ‹‚à‹N‚±‚è‚ª‚¿c‹C‚ğ•t‚¯‚é‚×‚«‚±‚Æ‚ÍH ƒvƒ‚Éu‚¢‚½,https://news.yahoo.co.jp/articles/a759a3c7710407588f1feaedd7702f1af0a1da19,2023/12/28(–Ø) 8:00
lmaga,Lmaga.jp,‚Q‚O‚Q‚R`‚Q‚S”NA•ºŒÉE_ŒË‚Ì¤‹Æ{İu”N––”Nnv‰c‹ÆŠÔ,https://news.yahoo.co.jp/articles/86a0ec9a09ea43ad2c07c67420835f8ef9fd86e3,2023/12/28(–Ø) 7:30
lmaga,Lmaga.jp,¨‚¢~‚Ü‚ç‚¸c‚l|‚P‰¤ÒE—ß˜aƒƒ}ƒ“‚ªV‚b‚lŒˆ’èAæ”yŒ|l‚ªŠë‹@Š´u‚·‚×‚Ä’D‚í‚ê‚év,https://news.yahoo.co.jp/articles/9a15f42e28aadb0445e4cfe59c3e372628c973e2,2023/12/28(–Ø) 7:15
lmaga,Lmaga.jp,‚Q‚O‚Q‚R`‚Q‚S”NA‹“s‚Ì¤‹Æ{İu”N––”Nnv‰c‹ÆŠÔ,https://news.yahoo.co.jp/articles/2746de04c0afcda4b5721a4d12b7a983ee1031ea,2023/12/28(–Ø) 7:00
lmaga,Lmaga.jp,u‚Q‚O‚Q‚S‰~‹ÏˆêvŠé‰æ‚àA_ŒË‚Ìƒzƒeƒ‹‚Å‚¨“¾‚ÈVtƒCƒxƒ“ƒg,https://news.yahoo.co.jp/articles/b057066392ce8ae2d3bacac8692d99c95c07b2f0,2023/12/27(…) 21:00
lmaga,Lmaga.jp,uƒ`ƒY‚³‚ñ•v•w‚àS”zv’©ƒhƒ‰E•s‰¸‚Èƒ‰ƒXƒg‚É‚r‚m‚r‚´‚í‚Â‚­uˆ¤•‚³‚ñ‚àâŒû‚³‚ñ‚à–³–‚¾‚æ‚ËHvyƒuƒMƒEƒMz,https://news.yahoo.co.jp/articles/28eeee1ae4007a36d7896c8aea940b27e8032c0b,2023/12/27(…) 20:00
lmaga,Lmaga.jp,’©ƒhƒ‰wƒuƒMƒEƒMx‘æ64‰ñi12Œ28“újE“Œ‹‚É–ß‚Á‚½ƒXƒYqiï—¢j‚ªˆ¤•i…ãPij‚Æ–³–‚ÉÄ‰ï‚·‚é‚àA‹óP‚Å‚ÌSó‚ğ–Ú‚Ì“–‚½‚è‚É‚·‚é,https://news.yahoo.co.jp/articles/5e56d094a00b537d54e130a5e3b9b151de1e44df,2023/12/27(…) 19:30
lmaga,Lmaga.jp,w‘åã‘Û—qƒ}ƒ‰ƒ\ƒ“x‚Ìµ‘Ò‘IèŒˆ’èA“–“ú‚Í‘“c–¾”ü‚³‚ñ‚ç‚É‚æ‚éu— ¶À‹µv‚à,https://news.yahoo.co.jp/articles/31dab4a8fd6f4708681bb6e3f5ffb03354f3595b,2023/12/27(…) 15:00
lmaga,Lmaga.jp,u‚±‚Ì–ûŠ´c‚à‚Í‚â‹‹–ûIvÕŒ‚ƒRƒs[‚ÌƒJƒbƒv–Ë‚ª˜b‘èAƒG[ƒXƒRƒbƒN‚Ì’S“–Òu”½‘ÎˆÓŒ©‚Í‚È‚©‚Á‚½v,https://news.yahoo.co.jp/articles/d8cfa4a0e11939fb7e8bcf2170fbd86f7984811c,2023/12/27(…) 14:00
lmaga,Lmaga.jp,‚R–œ‰~‚à‚¨“¾‚ÈƒJƒtƒ@ƒŒƒ‹‚Ìuƒ`ƒ‡ƒR•Ÿ‘ÜvA¡”N‚Í³ŒƒfƒUƒCƒ“ŠÊ‚ªƒZƒbƒg‚É,https://news.yahoo.co.jp/articles/593381c820278eea88bc90091cf531092c2b6c54,2023/12/27(…) 13:00
lmaga,Lmaga.jp,‚q‚f‚ª‚ ‚é‚ ‚é‚ğŒ¾‚¢‘±‚¯‚é‚P‚W‚O•ªAV”N‚Ìƒ‰ƒWƒI‚ÅÀŒ»@‚`‚¥I‚‡‚’‚‚•‚‚â‚l‚`‚y‚y‚d‚k‚çƒRƒƒ“ƒgo‰‰,https://news.yahoo.co.jp/articles/d4d58c4a4e58568228d199cb694ee4800d6177e2,2023/12/27(…) 12:00
lmaga,Lmaga.jp,u‚P”N‚Å‚P”ÔD‚«v‚Ìº‘±oAŒ³’U”­”„‚ÌƒrƒA[ƒhƒpƒp‚Ìl‹C–¡‚Á‚ÄH ƒiƒbƒc‚ÌVì‚à“oê,https://news.yahoo.co.jp/articles/09909db7ec00ea3c3d76366795c8eb986dec4f8a,2023/12/27(…) 11:00
lmaga,Lmaga.jp,‘åãEˆ¢”{–ì‚Ìu‚ ‚×‚Ìƒƒtƒgv‚ª‰c‹ÆI—¹‚ğ”­•\A—ˆ‰Ä‚ÉˆÚ“]‚Ö,https://news.yahoo.co.jp/articles/8c6dfac1e001697b83a9946ffed73fc57ed4b0d6,2023/12/27(…) 8:00
lmaga,Lmaga.jp,‚Q‚O‚Q‚R[‚Q‚SASÖ‹´E“ï”gE“V‰¤›‚Ì¤‹Æ{İu”N––”Nnv‰c‹ÆŠÔ,https://news.yahoo.co.jp/articles/26a831f778a4d314e9166b92e7e2b22bcffcf5c1,2023/12/27(…) 7:30
lmaga,Lmaga.jp,‚Q‚O‚Q‚R[‚Q‚SA‘åãE”~“c‚Ì¤‹Æ{İu”N––”Nnv‰c‹ÆŠÔ,https://news.yahoo.co.jp/articles/e576eecd5341589c28ca000539fa5a24cd851a7c,2023/12/27(…) 7:00
lmaga,Lmaga.jp,wg”’‰Ì‡íx‚Å‚i‚n‚P‚Æ‚a‚dF‚e‚h‚q‚r‚s‚ªƒRƒ‰ƒ{Aâ–{“~”ü‚Ì–¼‹Èw–é÷‚¨µx‚ÌƒoƒbƒNƒ_ƒ“ƒT[‚É,https://news.yahoo.co.jp/articles/00ec68649d30d35241f295c43b154d70fa0dbc58,2023/12/26(‰Î) 21:00
lmaga,Lmaga.jp,VÈ¹qu‚¢‚Â‚Å‚àƒz[ƒ€ƒ‰ƒ“‚ğ‘Å‚Ä‚é‚æ‚¤‚Év•‘‘ä‚Ö‚ÌM”O‚ğ–¾‚©‚·,https://news.yahoo.co.jp/articles/967cb4fd652d207dc6a2d8de90981c487edc114d,2023/12/26(‰Î) 20:45
lmaga,Lmaga.jp,ƒƒbƒZƒ“ƒWƒƒ[•“c‰‰‚¶‚éâŒû‚Ìu•|‚©‚Á‚½`Iv‚Å‚r‚m‚r·‚èã‚ª‚èA‚w‚ÌƒgƒŒƒ“ƒh‚PˆÊ‚ÉyƒuƒMƒEƒMz,https://news.yahoo.co.jp/articles/cc0a8a850f75810ceb955986b7282499123874f8,2023/12/26(‰Î) 20:30
lmaga,Lmaga.jp,’©ƒhƒ‰wƒuƒMƒEƒMx‘æ63‰ñi12Œ27“újER‰ºi‹ß“¡–F³j‚ªƒ}ƒl[ƒWƒƒ[‚É‰Á‚í‚èAŠy’c‚ÌŠˆ“®‚ğÄŠJ‚µ‚½ƒXƒYqiï—¢j‚ª“ú–{Še’n‚ğˆÔ–â‚·‚é,https://news.yahoo.co.jp/articles/fb1b6e75e6bbf44415e57bfe1a021d6eb184c924,2023/12/26(‰Î) 19:45
lmaga,Lmaga.jp,R“c–MqA‚l|‚PR¸‚ğU‚è‚©‚¦‚é@‚³‚â‚ÌÅIŒˆí‚ğ•]‰¿u–½‚ğŒœ‚¯‚éª«Œ©‚¹‚Ä‚­‚ê‚½v,https://news.yahoo.co.jp/articles/0a7fe12ec70e62e2fc35bf2d921f394d0d95c2f8,2023/12/26(‰Î) 19:00
lmaga,Lmaga.jp,VÈ¹qA‚R“x–Ú‚ÌƒcƒA[‚ÉŠì‚Ñu“ú–{‚ÌŒi‹C‚ğæ‚è–ß‚¹I‚®‚ç‚¢‚ÉŒi‹C‚ª—Ç‚¢v,https://news.yahoo.co.jp/articles/7c3b14bf86dcd7941f92effae839de38032fd694,2023/12/26(‰Î) 18:30
lmaga,Lmaga.jp,ƒ~ƒ‹ƒNƒ{[ƒCAV‚l|‚P‰¤ÒE—ß˜aƒƒ}ƒ“‚Ì—DŸ‰ïŒ©‚É‹Á‚«u—Ç‚¢‚­‚ç‚¢‚Ì—Í‚Ì”²‚¯•ûv,https://news.yahoo.co.jp/articles/1312069d2f76c432c38e6142a2bca16d93f68206,2023/12/26(‰Î) 16:30
lmaga,Lmaga.jp,ƒtƒ@ƒ~ƒŠƒA‚Ìu‘ålŒü‚¯ƒMƒtƒgv‚ª•KŒ©A©•ª‚Ö‚Ì‚²–J”ü‚É‚àu‰Âˆ¤‚¢v‚Ìº,https://news.yahoo.co.jp/articles/9930a4bc3f38e70cffc5a496e464d88576e580c6,2023/12/26(‰Î) 15:30
lmaga,Lmaga.jp,_ŒËE–k–ì‚Åˆ¤‚³‚ê‚½u¬ŠwZv‚ª‚Q‚T”N‚É–‹AÉ‚µ‚Şº‘ŠŸ‚®uc”O‚¾‚È‚Ÿcv,https://news.yahoo.co.jp/articles/8b92b4f01279da136ed15a37c3f354c91aadb460,2023/12/26(‰Î) 14:00
lmaga,Lmaga.jp,u‘Sí”ƒ‚¢‚½‚¢v‚U”N‚Ô‚è‚Ìƒ†ƒjƒNƒD•]ƒRƒ‰ƒ{A‚PŒ‚P“ú‚Í‘ˆ’Dí‚©,https://news.yahoo.co.jp/articles/3c3e2534ecf7b2881527020522fb17d9cd22cc04,2023/12/26(‰Î) 12:45
lmaga,Lmaga.jp,‚Q‚R”NŠÔ‘±‚­_ŒË‚Ìu¢ŠEˆê‚Ì’©HvAl‹C‚ªŠ‚¦‚È‚¢‚Ì‚Í‚È‚ºH,https://news.yahoo.co.jp/articles/3817d81ac3cdea9687e454fbc16ec1ad5e2d8b7c,2023/12/26(‰Î) 12:15
lmaga,Lmaga.jp,u‚‹‰Š´¦‚¢vƒ_[ƒXjã‰‚Ì‚µ‚Á‚Æ‚èHŠ´Aƒuƒ‰ƒEƒj[‚È‚Q•i‚ªƒfƒrƒ…[,https://news.yahoo.co.jp/articles/f47b86cb381245abe7538fd06db09ed82b63f8da,2023/12/26(‰Î) 8:30
lmaga,Lmaga.jp,‚Ü‚é‚Åƒ‰ƒCƒIƒ“‚Æº“àŒ¢IH ƒgƒ~‚ÆâŒû‚Ì–¼ƒRƒ“ƒr’a¶Au•|‚©‚Á‚½‚Ÿ`Iv‚Í•“c‚ÌÀŠ´‚»‚Ì‚à‚Ì‚¾‚Á‚½yƒuƒMƒEƒMz,https://news.yahoo.co.jp/articles/daa31c7f8362855794e55f4fa914966ea013749f,2023/12/26(‰Î) 8:15
lmaga,Lmaga.jp,u’É‰õI–¾Î‰Æ“d‹‘äv‚Éã_‚uím‚P‚Ol‚ªQíA‹ß–{‘Iè‚ç‚ªŒ‹¥”é˜b‚ğ”â˜I,https://news.yahoo.co.jp/articles/f92f8cb4f173bc3e7ef8482e24e31fb640236c18,2023/12/26(‰Î) 8:00
lmaga,Lmaga.jp,‚i‚q“òè‰w’¼Œ‹‚Ì¤‹Æ{İuƒLƒ…[ƒYƒ‚[ƒ‹v‚ª‰ü‘•AƒXƒ^ƒo‚ª–ñ‚Q”{‚É‘’z,https://news.yahoo.co.jp/articles/78f144b1f377e517cc439376dbcee134a228ca82,2023/12/26(‰Î) 7:15
lmaga,Lmaga.jp,‚¨‚¶‚¢‚¿‚á‚ñ‚¨‚Î‚ ‚¿‚á‚ñ‚É‚àD•]IH ‘åãEZ‹g‘åĞ‚Ìu„‚µŠˆvƒOƒbƒY‚ª˜b‘è,https://news.yahoo.co.jp/articles/0b95e369d0daa27226c06cbac0269d1c3b6c7a35,2023/12/26(‰Î) 7:00
lmaga,Lmaga.jp,u•sŠo‚É‚à‚Æ‚«‚ß‚¢‚½vƒƒbƒZƒ“ƒWƒƒ[E•“c‰‰‚¶‚éâŒû‚ÌƒfƒŒ‚ÉA‹’®Ò‹Á‚«AƒgƒŒƒ“ƒh“ü‚è‚Ì”½‹¿yƒuƒMƒEƒMz,https://news.yahoo.co.jp/articles/5d196c30cf736b69e5fadd623b71a7ce1248afb7,2023/12/25(Œ) 20:30
lmaga,Lmaga.jp,“ssŒ^ƒƒbƒNƒtƒFƒXuƒTƒ}[ƒ\ƒjƒbƒN‚Q‚O‚Q‚Sv‚ªŠJÃŒˆ’èA‘åã‚ÍV‰ïê‚Ö,https://news.yahoo.co.jp/articles/b397039f7ef74e69fefeafa75faea07180c0ba6b,2023/12/25(Œ) 20:27
lmaga,Lmaga.jp,v‚í‚¸g‘Ì‚ª“®‚¢‚Ä‚µ‚Ü‚¤ce–§‚ÈƒNƒ‰ƒu‹óŠÔ‚ÅŠy‚µ‚ŞA‘åã‚ÅT––ƒoƒ“ƒhE‚”‚‚ƒ‚‚‚‚‚‚Ìƒrƒ‹ƒ{[ƒhŒö‰‰,https://news.yahoo.co.jp/articles/069bdeee8899ec6d14ac916ce23526ec2c71c750,2023/12/25(Œ) 20:00
lmaga,Lmaga.jp,•Ÿm‘“‘¿A’T’ãƒiƒCƒgƒXƒN[ƒv‚É‰o‰‰u—\‘zŠO‚Ì“WŠJ‚É’–Ú‚µ‚Ä‚Ù‚µ‚¢v,https://news.yahoo.co.jp/articles/2611becbd22da453296b86e4e18e381e1e301dea,2023/12/25(Œ) 19:00
lmaga,Lmaga.jp,s—ñƒXƒC[ƒc“Xuƒ^ƒ‹ƒeƒBƒ“v‚ª‹“s‚Åƒ|ƒbƒvƒAƒbƒvAV”N‚ÌŠ±xE’C‚ÌƒpƒbƒP[ƒW‚à“oê,https://news.yahoo.co.jp/articles/f1603c05e72115c4bc1324586328b6a0d903539e,2023/12/25(Œ) 17:00
lmaga,Lmaga.jp,s—ñõiğêu‚³‚µ‚·v‚ª‹“s‚É‰o“XAŠÏŒõ‹q‚ÉŒü‚¯‚½“Xì‚è‚É,https://news.yahoo.co.jp/articles/9e3af92889bfc5f093cfd2b5b76a413297736125,2023/12/25(Œ) 11:30
lmaga,Lmaga.jp,’©ƒhƒ‰wƒuƒMƒEƒMx‘æ62‰ñi12Œ26“újEˆ¤•i…ãPij‚ÌÃ—{‚Ì‚½‚ßO‘é‚Å•é‚ç‚·ƒXƒYqiï—¢j‚¾‚ªA‰ÌèŠˆ“®‚©‚ç—£‚ê‚Ä‚µ‚Ü‚¤,https://news.yahoo.co.jp/articles/97771c04528505af7c1d1a39829e10304fdfdd39,2023/12/25(Œ) 8:15
lmaga,Lmaga.jp,’·àV‚Ü‚³‚İå‰‰‚Ìƒhƒ‰ƒ}uƒGƒ‹ƒsƒXvA”N––”Nn‚Éˆê‹“Ä•ú‘—,https://news.yahoo.co.jp/articles/988754fb1eb188e10e9c3531043f662a570b3088,2023/12/25(Œ) 7:30
lmaga,Lmaga.jp,‚³‚âA^”ÛŒÄ‚ñ‚¾u‚l-‚PvÅIŒˆíƒlƒ^‚ğU‚è‚©‚¦‚éu‹qÈ‚Éƒ[ƒÎ‚¢‚Ìl‚ª‚¢‚½v,https://news.yahoo.co.jp/articles/67bf78057aa180f56bacea8757d54dde04165252,2023/12/25(Œ) 7:00
lmaga,Lmaga.jp,ŠCŒ´‚Æ‚à‚±A‰‚l|‚PR¸ˆõ‚ÉÌ^‚Ìº‘ŠŸ‚®uˆ¤‚ª‚ ‚Á‚½vuˆê¶R¸ˆõÈ‚Év,https://news.yahoo.co.jp/articles/b4974d9566851243ad4df9c58ba2bda8452085e5,2023/12/24(“ú) 23:00
lmaga,Lmaga.jp,u‚l-‚Pv—DŸ‚Í—ß˜aƒƒ}ƒ“I’†ì‰ÆˆÈ—ˆ‚Ìƒgƒbƒvƒoƒbƒ^[‚©‚ç‚Ì‰õ‹“@u—ˆ”N‚ào‚Ü‚·Iv”­Œ¾‚ÉƒXƒ^ƒWƒI‹Á‚«,https://news.yahoo.co.jp/articles/037f0f359b8bd9a834026381c11399c8c82fe1a2,2023/12/24(“ú) 22:15
lmaga,Lmaga.jp,u‚Æ‚à‚±o‚³‚ñvƒgƒŒƒ“ƒh“ü‚èA‚l-‚P‰R¸ˆõEŠCŒ´‚Æ‚à‚±“oê‚É‚r‚m‚r•¦‚­uŠÖ¼‚Ì‚İ‚ñ‚È‚ª‚Â‚¢‚Ä‚é‚ÅIv,https://news.yahoo.co.jp/articles/a9b9a33898c6935782e31ae0f45c526649d8067c,2023/12/24(“ú) 19:30
lmaga,Lmaga.jp,‚l|‚P”sÒ•œŠˆí‚Ìu§“x•ÏXvA‚r‚m‚rDˆÓ“I‚Èº‘ŠŸ‚®,https://news.yahoo.co.jp/articles/4de2bb46508179db43d57db57f9e1588b53b56c9,2023/12/24(“ú) 17:55
lmaga,Lmaga.jp,¡‚ğ‚Æ‚«‚ß‚­ƒtƒ‰ƒ[ƒNƒŠƒGƒCƒ^[EÂèŒb”ü‚ÉAuî”M‘å—¤v‚ÌƒJƒƒ‰‚ª–§’…,https://news.yahoo.co.jp/articles/bd9ba7147e5c9ee80067d97396cfcc3733b7f3cb,2023/12/24(“ú) 13:00
lmaga,Lmaga.jp,’†“‡Œ’lå‰‰ƒhƒ‰ƒ}wƒŠƒrƒ“ƒO‚Ì¼‰i‚³‚ñxƒ|ƒXƒ^[ƒrƒWƒ…ƒAƒ‹‰ğ‹Öu‚±‚ñ‚È‚Ì‰‚ß‚ÄIv,https://news.yahoo.co.jp/articles/8ab821708a7c130a0ab211ae5e063758b790cebe,2023/12/24(“ú) 12:00
lmaga,Lmaga.jp,–Ú‚Ì‘O‚ÅÄ‚«ã‚ª‚é“÷Aã‹}O”ÔŠX‚Éuƒƒ}ƒ“’àv‚ÌV“X•Ü,https://news.yahoo.co.jp/articles/bf2195d19fbd3c84f2bae4a60230e3074ff01f06,2023/12/24(“ú) 11:00
lmaga,Lmaga.jp,u‹“ûƒXƒC[ƒcv‚Å—”_‰Æ‚ğx‰‡Aƒ[ƒ\ƒ“‚ªƒ~ƒ‹ƒNƒtƒFƒA‚ğŠJÃ@‚W‚Tƒgƒ“‚ÌÁ”ï–Úw‚·,https://news.yahoo.co.jp/articles/0d59f9090a67608d67f977cb51fc9195a9e08476,2023/12/24(“ú) 9:00
lmaga,Lmaga.jp,’©ƒhƒ‰wƒuƒMƒEƒMx‘æ61‰ñi12Œ25“újEš\ŒŒ‚µ‚Ä“|‚ê‚½ˆ¤•i…ãPijA•a‚ÌŒ‹Šj‚ªÄ”­‚µ‚Ä‚µ‚Ü‚¢“ü‰@‚Ö,https://news.yahoo.co.jp/articles/355b4e7b05517ef9453dff3922e78791e7ce1696,2023/12/24(“ú) 8:00
lmaga,Lmaga.jp,‚Q–œl–Ú•W‚Ìu‘åãEŠÖ¼–œ”vƒ{ƒ‰ƒ“ƒeƒBƒAA‘åãs–¯‚Ö‚àQ‰Á‚ğŒÄ‚Ñ‚©‚¯,https://news.yahoo.co.jp/articles/8638f11317c0877a2c350ad2c08edfd957786ecd,2023/12/24(“ú) 7:00
lmaga,Lmaga.jp,ã_ƒ^ƒCƒK[ƒX‚R‚W”N‚Ô‚è“ú–{ˆê‚ÌuŸ•‰‚Ì^‘ŠvA‰ª“cŠÄ“Â‚ç‚Æ“O’ê‹†–¾,https://news.yahoo.co.jp/articles/a4d21e2f75db27d528518add06a3d6271f5466c5,2023/12/23(“y) 20:30
lmaga,Lmaga.jp,ƒuƒMƒEƒMŸT—\‚ªŒöŠJAˆ¤•i…ãPij‚Ìƒvƒƒ|[ƒY‚É‹’®Òk‚¦‚éuƒtƒ‰ƒO’†‚Ìƒtƒ‰ƒO‚¾cv,https://news.yahoo.co.jp/articles/08dfec1c00645370697b2cab09b8195b8638a594,2023/12/23(“y) 19:30
lmaga,Lmaga.jp,‚l-‚P”sÒ•œŠˆ‚Ì’–ÚŠ”EƒoƒbƒeƒŠƒBƒYAƒsƒ…ƒA’j‚ª–{¿‚ğ“Ë‚«‚Ü‚­‚é,https://news.yahoo.co.jp/articles/c1a0e79ddbe49479ae05a52b410efe2ec56b08ea,2023/12/23(“y) 19:15
lmaga,Lmaga.jp,‚l|‚Pƒ‰ƒXƒgƒCƒ„[‚Å”š”­‚È‚é‚©A‚Öƒ“ƒ_[ƒ\ƒ“u¡‚ªˆê”Ô—Ç‚¢ó‘Ôv,https://news.yahoo.co.jp/articles/6efc57224f2068dd875dba381cf947136192bc46,2023/12/23(“y) 19:00
lmaga,Lmaga.jp,‘åãE–‡•û‚s-‚r‚h‚s‚d‚Å“©ŠíƒCƒxƒ“ƒgAˆ¤•Q‚²©–‚Ì—qŒ³‚ªWŒ‹,https://news.yahoo.co.jp/articles/9cbcb9b258b6791c434eb17ebf5173040fc95bfa,2023/12/23(“y) 13:00
lmaga,Lmaga.jp,ƒPƒ“ƒ^ƒbƒL[‚Åuƒ`[ƒYÕvA•œŠˆƒo[ƒK[‚âVƒXƒC[ƒc‚ª“oê,https://news.yahoo.co.jp/articles/ecd92f35371488c6dd70897b22a4df1a001ac394,2023/12/23(“y) 12:00
lmaga,Lmaga.jp,ƒA[ƒg‚Ì‚æ‚¤‚Èu‚¢‚¿‚²ƒpƒtƒFvAƒEƒFƒXƒeƒBƒ““sƒzƒeƒ‹‹“s‚ÉŠúŠÔŒÀ’è‚Å“oê,https://news.yahoo.co.jp/articles/cc75346feea70ae6c34660e7ad2bccefd06cb76c,2023/12/23(“y) 11:00
lmaga,Lmaga.jp,Vtw‚³‚ñ‚Ü‚Ì‚Ü‚ñ‚Üx“Á”Ô‚ÉA–Ø—œŒ›•‚ªƒQƒXƒg‚Å“oêu‚±‚ñ‚È‚É‚ä‚Á‚­‚è˜b‚·‚Ì‰‚ß‚Äv,https://news.yahoo.co.jp/articles/aa7ebd8c9abcfa9ee512c40d0a28c6fbc5647e95,2023/12/23(“y) 8:30
lmaga,Lmaga.jp,u‰·òƒ‰ƒ“ƒLƒ“ƒO‚Q‚O‚Q‚Rv‘åãE”ª”ö‚Ì{İ‚ªƒgƒbƒv‚T“ü‚è,https://news.yahoo.co.jp/articles/f373d8311aa90a0a7818f7a4168355336ac03a06,2023/12/23(“y) 8:00
lmaga,Lmaga.jp,ˆäãçŠy‚àÔ–ÊAV¥‚T‘g‚ªÔ—‡X”’u‰Æ‘°‚ª‹C‚Ü‚¸‚­‚È‚é‚â‚ÂvyV¥‚³‚ñ‚¢‚ç‚Á‚µ‚á‚¢Iz,https://news.yahoo.co.jp/articles/16804afac34b8b6d67728eba43551c44d02aabbf,2023/12/23(“y) 7:30
lmaga,Lmaga.jp,y‚Ç‚¤‚·‚é‰ÆNzu”’“ev‚ÌˆÓ–¡‚Æ‚ÍA‚P”N‚©‚¯‚½•šü‚Ìü“‚³‚É‚à‚¾‚¦‚é,https://news.yahoo.co.jp/articles/896301ccdbc4acf78faecea0790bc272198e4ce5,2023/12/23(“y) 7:00
lmaga,Lmaga.jp,g—p…—Ê‚ğƒXƒ}ƒz‚ÅŠm”FA‘åãs…“¹‹Ç‚Ìê—pƒTƒCƒg‚ªVt‚É,https://news.yahoo.co.jp/articles/de2720e60eb781f4b17cc4a7a87f1f263576fc15,2023/12/23(“y) 6:30
lmaga,Lmaga.jp,uçŒ´ƒWƒ…ƒjƒA‚ÌÀ‰¤v‚É‚j‚n‚b‰¤ÒEƒTƒ‹ƒSƒŠƒ‰‚ªQíA‚s‚j‚n‚Íƒyƒbƒgƒ{ƒgƒ‹”íŠQÒ‚Æ‘Î–Ê,https://news.yahoo.co.jp/articles/a27e5f78ce7a1b3ce879ffbff5ce088889d27e67,2023/12/22(‹à) 23:15
lmaga,Lmaga.jp,‚r‚o‚x~‚e‚`‚l‚h‚k‚xƒRƒ‰ƒ{uƒA[ƒjƒƒv‚Ì˜a‰Ùq‚ª‚©‚í‚¢‚·‚¬A•\î–L‚©‚È‘S‚Ví—Ş‚ª“oê,https://news.yahoo.co.jp/articles/fb86c4bb2f30223ff09152e66c403aae393c0287,2023/12/22(‹à) 20:30
lmaga,Lmaga.jp,•‘‘ä”o—Dƒ†ƒjƒbƒg‚R‚k‚c‚jAŒ‹¬‚P‚P”N–Ú‚ÅŒê‚éuŒİ‚¢‚ÌM—ŠŠ´v,https://news.yahoo.co.jp/articles/57214f395f598c32adf9b02aa8da32d91f2c053b,2023/12/22(‹à) 20:00
lmaga,Lmaga.jp,ˆ¤•i…ãPij‚Ì‘Şêƒtƒ‰ƒO‚ÉA’©ƒhƒ‰ó‚¯‚Å‰ØŠÛ‘å‹g‚à‚½‚ß‘§uÅŒã‚Ì‚R‚O•b‚­‚ç‚¢‚ÅcvyƒuƒMƒEƒMz,https://news.yahoo.co.jp/articles/2374c575c9b4aaf63b7d14aae7f4ad78f4b9725f,2023/12/22(‹à) 19:30
lmaga,Lmaga.jp,—öl“¯m‚Æ‚È‚Á‚½ƒXƒYq‚Æˆ¤•A‰ö‚µ‚¢ŒÜ–Øc’©ƒhƒ‰wƒuƒMƒEƒMx‘æ12TU‚è‚©‚¦‚èi12Œ23“újE‚ ‚È‚½‚ÌƒXƒYq,https://news.yahoo.co.jp/articles/8ce0a022c3c5dad10ac0925f5548f2098c17e7df,2023/12/22(‹à) 19:30
lmaga,Lmaga.jp,’©ƒhƒ‰wƒuƒMƒEƒMx‚Ì‰¹Šyè‚ª‚¯‚é••”—²”VAï—¢‚ÌÅ‹‚ğâ^u‚Ç‚ñ‚Ç‚ñˆø‚«‚Ü‚ê‚¿‚á‚Á‚Äcv,https://news.yahoo.co.jp/articles/ae4c336caca7cc1f5515171eacec1569200a8977,2023/12/22(‹à) 18:30
lmaga,Lmaga.jp,‚r‚n‚o‚g‚h‚`E¼‰ª[A‘åãéƒz[ƒ‹‚Å‚ÌƒI[ƒPƒXƒgƒ‰ƒRƒ‰ƒ{‚ÉˆÓ‹C‚İu‹¹‚ğ’£‚Á‚Ä‰¿’l‚ª‚ ‚é‚ÆŒ¾‚¦‚év,https://news.yahoo.co.jp/articles/d9268445616f3560580e5f9796cb9a2de83414e2,2023/12/22(‹à) 17:00
lmaga,Lmaga.jp,‚h‚m‚hA‘åã‚ÅƒAƒŠ[ƒiƒcƒA[Š®‘–u‚Ç‚ñ‚Ç‚ñ‘å‚«‚È–²‚ªŠ‚Á‚Ä‚¢‚Ü‚·v‹ƒZƒ‰ƒh[ƒ€Œö‰‰‚É‚àˆÓ‹C‚İ,https://news.yahoo.co.jp/articles/e51f62740143564d1da644c7339b4e61fab4a50a,2023/12/22(‹à) 14:30
lmaga,Lmaga.jp,‘åã¶‚Ü‚ê‚Ìug‚Ù‚Á‚Øv‚Ã‚­‚µ‚Ìƒkƒ“ŠˆAŠ•Ÿ‚Ì‚¢‚¿‚²ƒXƒC[ƒc‚½‚¿‚ª‚¸‚ç‚è,https://news.yahoo.co.jp/articles/95898e6247adcda477072b6703dc6c41e7d2c6d7,2023/12/22(‹à) 14:00
lmaga,Lmaga.jp,‚Â‚¢‚ÉƒXƒYq‚É–K‚ê‚½Aƒ‰ƒXƒ{ƒXE‘ºRƒgƒ~‚Æ‚Ì‘ÎŒˆ‚Ì“úcu‚½‚Á‚½“ñŒ¾‚Ì¦‚İv‚Ì— ‘¤‚É”—‚éyƒuƒMƒEƒMz,https://news.yahoo.co.jp/articles/ea87b5e9657ea38db53f6d94b71a3041a23f0740,2023/12/22(‹à) 13:00
lmaga,Lmaga.jp,ŒÀ’è‚Ìu•Û—â‰·ƒoƒbƒOv•t‚«AƒEƒFƒ“ƒfƒB[ƒYE ƒtƒ@[ƒXƒgƒLƒbƒ`ƒ“‚Ì•Ÿ‘Ü,https://news.yahoo.co.jp/articles/4a769069dbba2042d65ae4112570e250fa76ca30,2023/12/22(‹à) 12:00
lmaga,Lmaga.jp,u‚±‚ê‚Í•‚©‚évƒAƒgƒŠƒG‚¤‚©‚¢‚ÌƒNƒbƒL[ŠÊA‘Ò–]‚ÌuŒÂ•ï‘•v‚ª’a¶I L•ñu‚æ‚è‘½‚­‚Ìù—v‚ÉŒq‚ª‚Á‚Ä‚Ù‚µ‚¢v,https://news.yahoo.co.jp/articles/655460c074cf49e437975b9edda1f2f5e4594aea,2023/12/22(‹à) 11:00
lmaga,Lmaga.jp,Å‘å‚P‚U–œ‰~‚¨“¾‚Èh”‘ƒvƒ‰ƒ“A_ŒË‚Ìƒzƒeƒ‹‚Ìu•Ÿ‘Üv‚ª¦‚¢cV‹KŒÚ‹q‚ÌŠJ‘ñŒø‰Ê‚à,https://news.yahoo.co.jp/articles/79518d94221deaa8dbb27e3711daef6b0e8115c8,2023/12/22(‹à) 8:00
lmaga,Lmaga.jp,‘åãE“V‰¤›u‚ ‚×‚ÌƒLƒ…[ƒYƒ‚[ƒ‹v‚ÉV‚½‚É‚P‚O“X•ÜA‚Q‚O‚Q‚S”Nt‰ü‘•,https://news.yahoo.co.jp/articles/4a7af973965670b71fe4167190a61f9dda7381e7,2023/12/22(‹à) 7:15
lmaga,Lmaga.jp,u‚²‚ß‚ñAÎ‚Á‚½v‚±‚½‚Â‚ÅŠŠ‘–A_ŒËE˜ZbR‚Åƒ†ƒj[ƒNƒXƒL[ ‚Ü‚³‚©‚Ì«”\‚ÉƒcƒbƒRƒ~‘±o,https://news.yahoo.co.jp/articles/668339ee8a64ec6d7c0f7e45a4e04ec0cae8d711,2023/12/22(‹à) 7:00
lmaga,Lmaga.jp,uŠÔ‚ÌWÏ‚ªl¶‚ğø¬‚·‚éA–ğŠLiå‰‰‚Ì‰f‰æu‚o‚d‚q‚e‚d‚b‚s ‚c‚`‚x‚rv,https://news.yahoo.co.jp/articles/b3d38be76191c3fd402084253523f59bf0a01bc8,2023/12/21(–Ø) 20:30
lmaga,Lmaga.jp,Œ©“¦‚µ‚½lX‚É˜N•ñAƒhƒ‰ƒ}u‚u‚h‚u‚`‚m‚sv³Œ‚ÉÄ•ú‘—,https://news.yahoo.co.jp/articles/fac3603549601f5e7d41273e48eb14f97c5e4f10,2023/12/21(–Ø) 18:15
lmaga,Lmaga.jp,uâƒbƒb‘Î‚És‚«‚Ü‚·v‚t‚r‚i~ƒqƒƒAƒJA‘S–e‚É‚r‚m‚r•¦‚­,https://news.yahoo.co.jp/articles/36e8ca787f440c05ab9e33b7c7e186d071bf951d,2023/12/21(–Ø) 17:30
lmaga,Lmaga.jp,u‚Ë‚±~“`“HŒ|vˆ¤‚ç‚µ‚¢ƒOƒbƒY‚ªWŒ‹A‹“s‚Å”Ì”„ƒCƒxƒ“ƒg,https://news.yahoo.co.jp/articles/fcf3b7534509419031f3e7333c931587e8fbdcb8,2023/12/21(–Ø) 14:00
lmaga,Lmaga.jp,uƒgƒ}ƒg•ƒIƒjƒIƒ“v‚Ì•Ÿ‘ÜA‚¨’l’iˆÈã‚ÌH–Œ”‚âƒLƒbƒ`ƒ“ƒOƒbƒY‚ªƒZƒbƒg‚Å‚R‚T‚O‚O‰~,https://news.yahoo.co.jp/articles/2e1570d6c257db1582f5c84f56837f3478f78039,2023/12/21(–Ø) 12:30
lmaga,Lmaga.jp,—¿—D‚«EƒAƒWƒJƒ“ˆÉ’n’m•ƒtƒWƒtƒ@ƒu‹ààVA‹“s‚ÅƒIƒŠƒWƒiƒ‹‚Ìµ–¡ì‚è‚É’§í,https://news.yahoo.co.jp/articles/acea7fd125ebdc348d04b23de53cf1e99dd705d2,2023/12/21(–Ø) 12:00
lmaga,Lmaga.jp,uƒ€[ƒ~ƒ“‚Ì‚¨‰Ùq‰®v‚ª’a¶A‘åã‚ğ”çØ‚è‚É‘S‘‚Ö,https://news.yahoo.co.jp/articles/9b13ea102d7ff10aafbd681d9a6567bf45bd72ac,2023/12/21(–Ø) 11:00
lmaga,Lmaga.jp,‹“s‚Å‚µ‚©”ƒ‚¦‚È‚¢uƒh[ƒiƒc‰®v‚Ì•Ÿ‘ÜA’·ê—YƒfƒUƒCƒ“‚ÌƒoƒbƒO•t‚«,https://news.yahoo.co.jp/articles/8a484636c2011dc76f6384772e44911b7f953046,2023/12/21(–Ø) 9:00
lmaga,Lmaga.jp,us—ño—ˆ‚Ä‚éIv‚¿‚¢‚©‚í‚ÌŠúŠÔŒÀ’èƒVƒ‡ƒbƒv‚ª‚i‚q‹“s‰w‚ÉAŠJÃ‰“ú‚©‚ç‘å”½‹¿,https://news.yahoo.co.jp/articles/b955c57f785feb317c9d7a91b2ba27cdce72f9b6,2023/12/21(–Ø) 7:15
lmaga,Lmaga.jp,uƒAƒ‹ƒvƒX‚Ì­—ƒnƒCƒWv•ú‰f‚T‚Oü”NA‘åã‚Å‹L”O“W‚ğŠJÃ@‰·‚©‚È–¼ê–Ê‚ª‘h‚é,https://news.yahoo.co.jp/articles/27b3f2b3c1267f3f7b1f1303c83fce267abc3b74,2023/12/21(–Ø) 7:00
lmaga,Lmaga.jp,u‚Ç‚¤‚·‚éŒÜ–Ø‚Ğ‚ë‚«vƒ}ƒl[ƒWƒƒ[‚Ì•sR‚Ès“®‚ÉA‹’®Òƒnƒ‰ƒnƒ‰u‚¢‚¢l‚¾‚Æv‚Á‚Ä‚é‚¯‚ÇcvyƒuƒMƒEƒMz,https://news.yahoo.co.jp/articles/cddff090b761d29e28c1591fec4a2b3ac5ef8395,2023/12/20(…) 20:00
lmaga,Lmaga.jp,Ÿ‚Í‹“s‚Ì’†S’nA–éƒpƒtƒFê–å“XuƒAƒCƒX‚Í•Ê• v‚É‚Ü‚½V“X‚ªƒI[ƒvƒ“,https://news.yahoo.co.jp/articles/e58e7d51a5313c177424337293211705ce2fbdd3,2023/12/20(…) 19:45
lmaga,Lmaga.jp,’©ƒhƒ‰wƒuƒMƒEƒMx‘æ59‰ñi12Œ21“újEƒXƒYqiï—¢j‚Ìƒ}ƒl[ƒWƒƒ[‚ÌŒÜ–Øi‘ºãVŒåj‚ª„‹Ææ‚Åp‚ğÁ‚µ‚Ä‚µ‚Ü‚¤,https://news.yahoo.co.jp/articles/15b4a9a375aba67c7b3e88121bc03017024cc2f0,2023/12/20(…) 19:30
lmaga,Lmaga.jp,y‚Ç‚¤‚·‚é‰ÆNzí‘‚©‚ç“Š‚°‚©‚¯‚ç‚ê‚½Œ»‘ã”á”»A’ƒX‚ÌÅŠú‚ÌŒ¾—tu‚Â‚Ü‚ç‚È‚¢‘‚É‚È‚év,https://news.yahoo.co.jp/articles/eced4211ff4ac12e32720ca39d7d3cf8814a52c9,2023/12/20(…) 18:30
lmaga,Lmaga.jp,‹g–{VŠìŒ€‚f‚lEŠÔŠ°•½A‚Q‚O‚Q‚R”N‚ğ‘Š‡ u¡‚Í‚¨‚Æ‚È‚µ‚­vc‘O—§‘B‚ª‚ñ‚Æ‚Ì•t‚«‡‚¢‚à–¾‚©‚·,https://news.yahoo.co.jp/articles/309a92d656eb7cec211810ed03e046d3d12072f4,2023/12/20(…) 17:45
lmaga,Lmaga.jp,‘ål‹CƒAƒjƒu“Œ‹ƒŠƒxƒ“ƒWƒƒ[ƒYv‚Ì‚»‚ÌŒã‚ğ•`‚­c‘åã‚Å‚Ì“W¦‰ïŠJÃ‚ÉŠ½Šì‚Ìºu‚¤‚ê‚µ‚·‚¬‚Äºo‚½v,https://news.yahoo.co.jp/articles/46657d187e30a0107c4cc3d6e2c53f5ecfbd78c8,2023/12/20(…) 17:15
lmaga,Lmaga.jp,l‹C‚ÌƒeƒB[ê–å“XuƒAƒtƒ^ƒk[ƒ“ƒeƒB[EƒeƒB[ƒ‹[ƒ€v‚È‚ç‚Å‚ÍI ‚¢‚¿‚²s‚­‚µ‚ÌŒÀ’èƒƒjƒ…[,https://news.yahoo.co.jp/articles/1ac49bd6fad6b952b1ead9c334530915994688b8,2023/12/20(…) 15:30
lmaga,Lmaga.jp,áŒiFƒ‚ƒ`[ƒt‚Ì”’‚¢ƒXƒC[ƒc‚ª‚¸‚ç‚èA‘åã‚Ìƒzƒeƒ‹‚Å“~ŒÀ’èuƒkƒ“Šˆv,https://news.yahoo.co.jp/articles/edfc734f0657bb2e263937cd94496fb614b57a97,2023/12/20(…) 14:00
lmaga,Lmaga.jp,u”Æß“I‚È‚¨‚¢‚µ‚³v‚Æ˜b‘èA“ú´ƒhƒƒ‰‰¤‚ÌVìEjãÅ‚ƒŒƒxƒ‹‚Ìu‚Ç‚ë‚Ç‚ë”ZŒúÏŠ±‚µv‚ª“oê,https://news.yahoo.co.jp/articles/57369a328f8fd03dd1691cdbfa28ddac9c3eb7b1,2023/12/20(…) 12:00
lmaga,Lmaga.jp,ƒsƒUƒnƒbƒg‚ª‹ÆŠE‰‚Ìu•Ÿ‘Üv”­”„A‚kƒTƒCƒYƒsƒU‚ª‚R–‡‚ª“ü‚é”ñ”„•iƒg[ƒgƒoƒbƒN•t‚«,https://news.yahoo.co.jp/articles/e828e38bceccf5b79b13dc82f83c08be236630e5,2023/12/20(…) 11:00
lmaga,Lmaga.jp,w‚²‚Ô‚²‚Ôx‚É–q£—¢•ä‚ª“oêA“‡“cì‘ã‚Ì–\‘–‚â’Ê“VŠtƒXƒ‰ƒCƒ_[‘ÌŒ±‚à,https://news.yahoo.co.jp/articles/95487f9ccb1969d3382a35acdc2c604f11732b5f,2023/12/20(…) 8:00
lmaga,Lmaga.jp,_ŒË‚Ì’n‰ºŠXu‚³‚ñ‚¿‚©vƒŠƒjƒ…[ƒAƒ‹‚ÅV“X‚P‚QŒ¬A“ú–{ŒÀ’èuƒsƒG[ƒ‹EƒGƒ‹ƒv‚Í•ºŒÉ‰“oê,https://news.yahoo.co.jp/articles/eb93938b9382fb9d7ed213cbfe799cfda0d75707,2023/12/20(…) 7:30
lmaga,Lmaga.jp,‚o‚d‚`‚m‚t‚s‚r~ˆê”Ô‚­‚¶AƒXƒk[ƒs[‚ÌuŒZ’ív‚Éƒtƒ@ƒ“Š½Šì,https://news.yahoo.co.jp/articles/1b6dcf90c8f67a17da7570fb0fdf7fd1f29ce688,2023/12/20(…) 7:00
lmaga,Lmaga.jp,¼ì‚«‚æ‚µA‚¨³Œ“Á”Ô‚Å–¾Î‰Æ‚³‚ñ‚Ü‚Æ‘Î’ku³’¼‚È‚Æ‚±‚ª‘åD‚«Iv,https://news.yahoo.co.jp/articles/94864b4540bf2c9390cfb016878cf4665df5e083,2023/12/20(…) 6:30
lmaga,Lmaga.jp,‚t‚r‚i‚É–¼’T’ãƒRƒiƒ“‚ÌíİA—ˆt‚É’a¶u‚±‚Ì‚ğ‘Ò‚Á‚Ä‚½‚æ[Ivƒtƒ@ƒ“‚©‚ç‹»•±‚Ìº‘±o,https://news.yahoo.co.jp/articles/e09e8b5f6b0f0f8893f2a9a9644bec8874f28974,2023/12/19(‰Î) 21:00
lmaga,Lmaga.jp,u‚Â‚¢‚É¶‚Å“Ç‚ß‚é‚¼v‚Æƒzƒ‰[D‚«Š½ŠìAu‰ö•¶‘v‚ªƒe[ƒ}‚Ìl@Œ^“W——‰ï‚ª‘åã‚Éã—¤,https://news.yahoo.co.jp/articles/726bae193f73655c659390a98511a8abf80108e0,2023/12/19(‰Î) 20:30
lmaga,Lmaga.jp,uÀ‰Æ‚Ì‚æ‚¤‚ÈˆÀSŠ´v‰H’¹•vÈi‘íK„•sìÀ˜aqj‚ª‹vX“oêA‹’®Ò‚Ù‚Á‚±‚èuS‚ÌƒIƒAƒVƒXvyƒuƒMƒEƒMz,https://news.yahoo.co.jp/articles/8ede2df023b5f63f519bc0b74fca9861109a601d,2023/12/19(‰Î) 19:45
lmaga,Lmaga.jp,’©ƒhƒ‰wƒuƒMƒEƒMx‘æ58‰ñi12Œ20“újEƒ}ƒl[ƒWƒƒ[‚ÌŒÜ–Øi‘ºãVŒåj‚ª•sR‚Ès“®‚ğæ‚èn‚ß‚é,https://news.yahoo.co.jp/articles/803ad5e842dc788dbcc4ee6469d3d72894b83b8f,2023/12/19(‰Î) 19:30
lmaga,Lmaga.jp,aV‚·‚¬‚éc‚¿‚¢‚©‚í‚ª“µ‚É‰f‚éƒJƒ‰ƒRƒ“Au–Ú‚É“ü‚ê‚Ä‚à’É‚­‚È‚¢v‚Æ‚r‚m‚r‚Å‘å”½‹¿,https://news.yahoo.co.jp/articles/f69010b63370ee46d8f112b3801c3e60583f6640,2023/12/19(‰Î) 18:30
lmaga,Lmaga.jp,u‘Ò‚Á‚Ä‚½Iv‚ÆƒgƒŒƒ“ƒh“ü‚èAƒXƒ^ƒo‚É˜a•—‚ÌVìƒtƒ‰ƒyƒ`[ƒm‚ª“oê,https://news.yahoo.co.jp/articles/0375abcb1561259388251c22f41bda3abcb961ef,2023/12/19(‰Î) 17:50
lmaga,Lmaga.jp,‚ß‚Å‚½‚¢I ‚Õ‚è‚Õ‚è‚ÈƒGƒrƒtƒ‰ƒC‚à“ü‚Á‚½A‚P‚R‚P‚O‰~‚à‚¨“¾‚ÈuƒPƒ“ƒ^‚Ì‚¨dv‚ª“oê,https://news.yahoo.co.jp/articles/7405be94ed920c4522679d52fd44cea1f35c5de9,2023/12/19(‰Î) 17:30
lmaga,Lmaga.jp,–ñ‚Q‚S‚Oí‚Ì—â“€H•i‚ªH‚×•ú‘èA‘åã‚Å‰\‚ÌuƒŒƒ“ƒ`ƒ“H“°v‚Åˆù‚ñ‚Å‚İ‚½¨uÅ‚ç‚È‚¢v‚Ì‚ª‹g,https://news.yahoo.co.jp/articles/7d8e5b30292f2269f26d2692fe63fca626fbfcf6,2023/12/19(‰Î) 16:00
lmaga,Lmaga.jp,ƒ}ƒNƒhƒiƒ‹ƒh‚Å”N‚Éˆê“x‚ÌuƒiƒQƒbƒgÕ‚èvA‚“«‚Ì‚È‚©ğ”N‚Ì‰¿ŠiƒL[ƒv,https://news.yahoo.co.jp/articles/9f3082884cfd088ac1dde18546c826f2e94aa54c,2023/12/19(‰Î) 12:00
lmaga,Lmaga.jp,’©ƒhƒ‰wƒuƒMƒEƒMx‚ÅŠÖ¼‚Ì—Œ†‰‰‚¶‚é¬áA‘åã‚±‚Æ‚Î‚É‹êíu‹C‚ª”²‚¯‚È‚¢v,https://news.yahoo.co.jp/articles/7d2b8304ed3870bc9394c8026d0379462378c210,2023/12/19(‰Î) 8:15
lmaga,Lmaga.jp,ƒ}ƒˆƒl[ƒYƒgƒbƒsƒ“ƒO‚ğ¶‚İo‚µ‚½‚¨D‚İÄ‰®Au‚Ú‚Ä‚À‚ã‚¤–{“Xv‚ªƒŠƒjƒ…[ƒAƒ‹,https://news.yahoo.co.jp/articles/0607bc7fcd85a2894afffd709f9d5556dbe13f66,2023/12/19(‰Î) 8:00
lmaga,Lmaga.jp,y‚Ç‚¤‚·‚é‰ÆNzƒTƒvƒ‰ƒCƒY˜A‘±‚Æ‚È‚Á‚½‰ÆN‚Ì—ÕIAŒÇ“Æ‚È•a°‚©‚çK‚¹‚È–²‚Ö,https://news.yahoo.co.jp/articles/a2967da1e67d08fac154a5dd1645ee2018719a09,2023/12/19(‰Î) 7:30
lmaga,Lmaga.jp, ‰êuƒ{[ƒgƒŒ[ƒX‚Ñ‚í‚±v‚ªŒõ‹P‚­IH ‰‚ÌƒNƒŠƒXƒ}ƒXƒCƒxƒ“ƒgŠJÃ Œ¶‘z“I‚ÈƒŒ[ƒU[ƒVƒ‡[‚à,https://news.yahoo.co.jp/articles/233a073089b1545679a7abec025413c5f66af22e,2023/12/19(‰Î) 7:00
lmaga,Lmaga.jp,•Â“X¡‘O‚ÌƒX[ƒp[‚ª‚Æ‚Á‚½s“®A‰c‹ÆŒp‘±‚É‚È‚Á‚½•û–@‚Æ‚ÍHu‚±‚ê‚Í—Ç‚¢ƒAƒCƒfƒAv‚Æƒlƒbƒg‚É‹¤Š´‚Ìºˆì‚ê‚é,https://news.yahoo.co.jp/articles/c1bfb9dedbff7038f2a714b47a71ab8ce939676b,2023/12/19(‰Î) 6:45
lmaga,Lmaga.jp,ƒrƒbƒNƒŠƒ}ƒ“ƒRƒ‰ƒ{‚Ì‚r‚o‚x~‚e‚`‚l‚h‚k‚xA‚Q“™gƒƒCƒh‚Éu‚¶‚í‚¶‚í‚­‚év,https://news.yahoo.co.jp/articles/f5bdc238c3ed4cad1b15eaf6b75677bf449b53f2,2023/12/18(Œ) 20:45
lmaga,Lmaga.jp,uƒfƒŒ‚ª‚·‚²‚¢cvƒXƒYq“éõ‚İ‚Ì“X‚ª•Â“XA“XåE“`‘ ‚³‚ñ‚ÌŠÖ¼•Ù‚É‹’®Ò–ãâyƒuƒMƒEƒMz,https://news.yahoo.co.jp/articles/c0a7a8b833c481d5df4267d23e476ee7ede265c8,2023/12/18(Œ) 19:30
lmaga,Lmaga.jp,ãÀŒb”üqA‘S‘ƒlƒbƒg‚ÌŠ¥“Á”Ô‚ªV”N•ú‘—uˆâ‰e‚Ég‚í‚¹‚Ä‚¢‚½‚¾‚«‚Ü‚·v,https://news.yahoo.co.jp/articles/6f689a4c58054eae5d07e6c892601f4403eddd39,2023/12/18(Œ) 18:15
lmaga,Lmaga.jp,‘åãE”~“c‰w‚Éu‚l-‚Pvƒ|ƒXƒ^[“Ë”@Œ»‚éu¡”NAƒAƒŒ‚·‚é‚Ì‚Ícv,https://news.yahoo.co.jp/articles/d43cad19d6b6f0b3c5108b4763e805d7e86d936c,2023/12/18(Œ) 15:45
lmaga,Lmaga.jp,’©ƒhƒ‰wƒuƒMƒEƒMx‘æ57‰ñi12Œ19“újE•ê‚Ìƒgƒ~i¬áj‚©‚çè†‚ª“Í‚«Aˆ¤•i…ãPij‚ª‚ ‚éŒˆS‚ğŒÅ‚ß‚é,https://news.yahoo.co.jp/articles/f950398e972448abd8e9ee5f1f452bcda9764899,2023/12/18(Œ) 8:15
lmaga,Lmaga.jp,Å‘å‚T‚O‚T‚U‰~‚à‚¨“¾‚Èu‹â‚¾‚±•Ÿ‘ÜvA‘I‚×‚éˆøŠ·Œ”‚ªƒZƒbƒg‚É‚È‚Á‚Ä‚Rí—Ş‚ª“oê,https://news.yahoo.co.jp/articles/b393829279eddafab4a2da8e67e832133bf6c203,2023/12/18(Œ) 7:30
lmaga,Lmaga.jp,‘åãE‚t‚r‚i‹ß‚­‚Ìƒzƒeƒ‹‚Å‹‰ØƒuƒbƒtƒFAÄ‚«‚Ó‚®‚â‚ ‚Á‚½‚©ƒOƒ‹ƒ‚ğŠ¬”\,https://news.yahoo.co.jp/articles/adfaa0866bd3180fa9f220a72c6389a0f8584818,2023/12/17(“ú) 20:00
lmaga,Lmaga.jp,’©ƒhƒ‰wƒuƒMƒEƒMx‘æ56‰ñi12Œ18“újEŒİ‚¢‚Éä‚©‚ê‡‚¤ƒXƒYqiï—¢j‚Æˆ¤•i…ãPij‚ª‚¨Œİ‚¢‚Ì–{‰¹‚ğ‘Å‚¿–¾‚¯‚é,https://news.yahoo.co.jp/articles/e7ca12649146551bd760d322ca9799bae7658118,2023/12/17(“ú) 19:30
lmaga,Lmaga.jp,V‚l|‚PR¸ˆõ‚ÉŒˆ‚Ü‚Á‚½ŠCŒ´‚Æ‚à‚±A‘c•ê‚Í“a“°“ü‚è‚Ì–ŸËtI ‚»‚Ì’íq‚Í‚ ‚ÌãÀŒb”üq,https://news.yahoo.co.jp/articles/8f20905fe7dd4ae1335a07d15d00f02e13a4dfb7,2023/12/17(“ú) 17:30
lmaga,Lmaga.jp,ƒo[ƒoƒpƒp~ƒpƒ“‰®‚ªƒRƒ‰ƒ{Aƒg[ƒgƒoƒbƒO•t‚«•Ÿ‘Ü‚ªV“oê,https://news.yahoo.co.jp/articles/d62bea1008666abe9134423740e15b8cfa6aaa44,2023/12/17(“ú) 17:00
lmaga,Lmaga.jp,•ŸŒ´—y•…ãPiA‚vå‰‰‰f‰æ‚ª‚PTŠÔ‚Å“®ˆõ‚U‚S–œl‚Ì‘åƒqƒbƒgu³’¼‹Á‚¢‚Ä‚¢‚Ü‚·v,https://news.yahoo.co.jp/articles/bbd81683b81e56c12ecd22b4213b2e99424ef94e,2023/12/17(“ú) 16:00
lmaga,Lmaga.jp,‚l-‚PVR¸ˆõ‚ÉŠCŒ´‚Æ‚à‚±”²“FA‚r‚m‚rŠ½Šì‚Ìºu‘å^¬Iv@jã‰‚Ì—«R¸ˆõ‚Q–¼‘Ì§‚É,https://news.yahoo.co.jp/articles/a55618f8148b68797e654437b3f47ad5ad97c77d,2023/12/17(“ú) 14:00
lmaga,Lmaga.jp,ƒpƒP”ƒ‚¢•KŠ‚Ìuƒ`ƒ‡ƒRƒŒ[ƒgŠÊvAƒ‚ƒƒ]ƒt‚ÌŠúŠÔŒÀ’èƒuƒ‰ƒ“ƒh‚ª•œŠˆ,https://news.yahoo.co.jp/articles/06e8d24e2acb6747a9b5c64cef2d02213122c7c3,2023/12/17(“ú) 13:00
lmaga,Lmaga.jp,‹“sYu—•ôvƒ{ƒbƒNƒX‚ğ‚P” ‚¸‚Â’ñ‹ŸAƒOƒ‰ƒ“ƒ”ƒBƒA‹“s‚Å‚¢‚¿‚²s‚­‚µ‚ÌƒuƒbƒtƒF,https://news.yahoo.co.jp/articles/aa3031791f7786e483d4bce4e305a5b848abe72d,2023/12/17(“ú) 11:00
lmaga,Lmaga.jp,‘åã‚©‚ç‘S‘‚Ö‚Z–³‰»‚Ì—ÖA‹g‘º’m–uÀs‚·‚é‚±‚Æ‚ÅL‚ª‚Á‚½v,https://news.yahoo.co.jp/articles/bd3215be223f5c9f0a9aebe79137cac172aff230,2023/12/17(“ú) 10:00
lmaga,Lmaga.jp,‘åãE“V‰¤›‚ÅƒJƒƒCƒCW‚ß‚½G‰İƒCƒxƒ“ƒgA‚P“úŒÀ’è‚Åƒnƒ[ƒLƒeƒB‚ª—ˆ“X,https://news.yahoo.co.jp/articles/415c525f08efda30e3eb4f7d40d20175fc34129b,2023/12/17(“ú) 9:00
lmaga,Lmaga.jp,Œ©æ‚è}ƒŠƒŠ[uŒÂl“I‚ÉŠÏ‚½‚©‚Á‚½cd–‚Åƒ‰ƒbƒL[Iv@’´‚Šzì•i‚É‚àƒrƒbƒNƒŠ,https://news.yahoo.co.jp/articles/da033fff30dd54858180396cc5f823b3e886bb4e,2023/12/17(“ú) 8:00
lmaga,Lmaga.jp,uƒƒ“ƒYƒRƒXƒù—vv‚È‚ºŠg‘åH ‹ß”N‚Íu‘å’JãÄ•½”„‚êv‚àA‰»Ï•iƒuƒ‰ƒ“ƒh‚Ìƒ‚ƒfƒ‹‹N—p‚É•Ï‰»,https://news.yahoo.co.jp/articles/a1dcafe158f452fcd3f4c026dd6abf96aa69e07e,2023/12/17(“ú) 7:00
lmaga,Lmaga.jp,ƒuƒMƒEƒMŸTu‚ ‚È‚½‚ÌƒXƒYqv—\‰f‘œ‚ªŒöŠJA•ê–ğ‚Ì¬á‚É‚r‚m‚rku”——Í‚ ‚è‚·‚¬‚év,https://news.yahoo.co.jp/articles/d06be7a94784f2be984dee732566ed709b498d38,2023/12/16(“y) 19:30
lmaga,Lmaga.jp,u“ú–{’ƒv‚ªƒT[ƒu‚³‚ê‚éƒkƒ“ŠˆA‹“s‚Å–ü‚â‚µ‚ÌƒzƒŠƒf[‘ÌŒ±,https://news.yahoo.co.jp/articles/d3b132d83eb5e6160ad97b355de0e05a67d32484,2023/12/16(“y) 16:00
lmaga,Lmaga.jp,”’‚ÆÔ‚Ì‘ål‚È‘•‚¢AƒŠƒbƒc‘åã‚Ì‚¢‚¿‚²ƒAƒtƒ^[ƒk[ƒ“ƒeƒB[,https://news.yahoo.co.jp/articles/bf4c79eaa27db0b087792af1e7420b179b3da9a2,2023/12/16(“y) 14:00
lmaga,Lmaga.jp,‘åãE”~“c‚ÅuŒßŒã‚Ìg’ƒv–³—¿”z•zA‰J‹ó‚Ì‚È‚©–ñ‚Q‚T‚Ol‚Ì’·Ö‚Ì—ñ,https://news.yahoo.co.jp/articles/bb5f7afa4bcba69ebe92e7b44d84a0f070056be0,2023/12/16(“y) 13:45
lmaga,Lmaga.jp,ƒP[ƒL‚Å‚Í‚È‚­c‚¤‚Ç‚ñIH u‚Â‚é‚Æ‚ñ‚½‚ñv‚ÌVƒƒjƒ…[‚ªÕŒ‚“I ŒÀ’è‚Q‚OH,https://news.yahoo.co.jp/articles/dd6f4435fb958ea74d4f64f5d3d074952ce8ab7a,2023/12/16(“y) 12:30
lmaga,Lmaga.jp,‹g–{VŠìŒ€E––¬‰fŒO‚V‚UÎAŠìõ‚ğ‘O‚É‚Ü‚·‚Ü‚··‚ñu˜r‚Ì‚ ‚él‚Æ‚â‚é‚Ì‚ÍŠy‚µ‚¢v,https://news.yahoo.co.jp/articles/2f40defc8487afcd6c968962981751b1022bbe69,2023/12/16(“y) 11:30
lmaga,Lmaga.jp,‘åãE”~“c‚Å–Ú‚ğä‚­ƒNƒŠƒXƒ}ƒXÃ–Ağ¡ƒu[ƒ€‚Ìu„‚µƒcƒŠ[v–ñ‚P‚O‚O“_WŒ‹,https://news.yahoo.co.jp/articles/be9501c77e9e9731a5ff7693d3557e67b5117868,2023/12/16(“y) 10:00
lmaga,Lmaga.jp,ŠO‘l‚Él‹C‚ÌŠÏŒõƒXƒ|ƒbƒgƒ‰ƒ“ƒLƒ“ƒOuŠÖ¼•ÒvA‹“s‚ªƒgƒbƒv‚R‚ğ“Æè,https://news.yahoo.co.jp/articles/1b4b6bef0dc9af3f8c4b11dedf9cf314ded1fdc4,2023/12/16(“y) 8:00
lmaga,Lmaga.jp,u‚l|‚PR¸ˆõv—E‘ŞEu‚ç‚­‚Ì˜g‚ğ–„‚ß‚é‚Ì‚Í’N‚¾H ‚r‚m‚r—\‘z”ò‚ÑŒğ‚¤,https://news.yahoo.co.jp/articles/98e97e20b9cf6d7ef1fdfb5a3d2d2c67426cbd38,2023/12/16(“y) 7:00
lmaga,Lmaga.jp,”p‹Æ¡‘O‚¾‚Á‚½u_ŒË‚Ì‘K“’v‚ğ•œŠˆA’nˆæ‚ğ·‚èã‚°‚éá‚«—«”Ô“ª‚É”—‚éy‚k‚h‚e‚d `–²‚ÌƒJƒ^ƒ``z,https://news.yahoo.co.jp/articles/7e7ea19df0bc432446d4bb51f2f609756e1c1aa2,2023/12/16(“y) 6:30
lmaga,Lmaga.jp,‘OàV—FìA‰F’ˆ—·s‚Å‚à‚Á‚Æ‚à‘å•Ï‚¾‚Á‚½‚±‚Æ‚ÍHu‚Æ‚É‚©‚­Œ‚¤‚ñ‚Å‚·‚Ëcv,https://news.yahoo.co.jp/articles/fafc6f1908cc57933f5697f61c230b29cce04343,2023/12/15(‹à) 22:00
lmaga,Lmaga.jp,—öƒoƒi‚m‚f‚Ìu‚¨‚Å‚ñ‰®‚Ì‚¨‚Á‚¿‚á‚ñvAˆÓŠO‚ÈƒZƒŠƒt‚É‚r‚m‚r‹»•±uv‚í‚¸›‚ê‚»‚¤‚ÉcvyƒuƒMƒEƒMz,https://news.yahoo.co.jp/articles/e703700f9cf73721092a1b520cd1d6394169ac82,2023/12/15(‹à) 20:00
lmaga,Lmaga.jp,‰^–½‚Ìo‰ï‚¢A‹ß‚Ã‚­“ä‚Ì’jc’©ƒhƒ‰wƒuƒMƒEƒMx‘æ11TU‚è‚©‚¦‚èi12Œ16“újEƒƒe‚æ‚è\‚à‰º‚â,https://news.yahoo.co.jp/articles/c6eb0840c4e7ff1e4e08fc9ab7a068cea52434a2,2023/12/15(‹à) 19:30
lmaga,Lmaga.jp,‚ ‚éˆÓ–¡ƒzƒeƒ‹‚ç‚µ‚­‚È‚¢H ‘åãE“ï”g‚ÌƒXƒCƒXƒzƒeƒ‹‚É—V‚×‚éƒo[A‚QŸ‰ï‚Éd•ó‚µ‚»‚¤,https://news.yahoo.co.jp/articles/8bf561c9992ca888d2d56cbab6a12426c7b81730,2023/12/15(‹à) 17:30
lmaga,Lmaga.jp,y‚Ç‚¤‚·‚é‰ÆNzG—Š‚ÌŠoÁ‚Å^‚Ìƒ‰ƒXƒ{ƒX”š’aA‰ñ”ğ‚Å‚«‚È‚¢”ßŒ€‚Ö,https://news.yahoo.co.jp/articles/eaf15c4359df746d09e71bef117df58cce328289,2023/12/15(‹à) 17:00
lmaga,Lmaga.jp,‚‹‰ƒX[ƒp[u‹Iƒm‘‰®v‚Ì•Ÿ‘Ü‚ªƒXƒS‚·‚¬A’l’i•‚Í‚R‚O‚O‚O‰~`‚T–œ‰~,https://news.yahoo.co.jp/articles/8d870a1d0ddd76b595042f801f681b0800dab485,2023/12/15(‹à) 16:30
lmaga,Lmaga.jp,‚i‚q‘åã‚É’·–ìEVŠƒ‚Ì‚²“–’nƒLƒƒƒ‰‚ªWŒ‹u‰½‚ÌƒLƒƒƒ‰Hv,https://news.yahoo.co.jp/articles/5dd31ebaa8c040edc14a69a0daf723408a7ae9dd,2023/12/15(‹à) 15:30
lmaga,Lmaga.jp,uƒJ[ƒhƒLƒƒƒvƒ^[‚³‚­‚çv‚ÌƒRƒ‰ƒ{ƒJƒtƒFA‘åãESÖ‹´‚ÉŠúŠÔŒÀ’è‚ÅƒI[ƒvƒ“,https://news.yahoo.co.jp/articles/04dd1b0728d8940d91d507a6dca0d47714ec2811,2023/12/15(‹à) 14:00
lmaga,Lmaga.jp,ŠJ•úŠ´”²ŒQ‚Ì‰¢•—ƒŒƒXƒgƒ‰ƒ“A‘åãu‚Ä‚ñ‚µ‚Îv‚ÉƒI[ƒvƒ“,https://news.yahoo.co.jp/articles/b165eedddc1bab5a39c1bb42d5dcae9942f2ee77,2023/12/15(‹à) 12:00
lmaga,Lmaga.jp,ƒƒbƒeƒŠƒA~ƒŠƒ‰ƒbƒNƒ}‚ª¡”N‚àƒ^ƒbƒOAuH–Œ”‚Ü‚Å‚©‚í‚¢‚¢vƒRƒ‰ƒ{•Ÿ‘Ü,https://news.yahoo.co.jp/articles/eecf141ebadfb1113858e5e82544184432b1bdd6,2023/12/15(‹à) 11:00
lmaga,Lmaga.jp,–ˆõŒä—çI‹g–{VŠìŒ€E––¬‰fŒO‚ç‚U‚OÎˆÈã‚ÌˆÙFƒ‰ƒCƒu@“¡R’¼”ü‚àQíAŠ°”ü‚ÌƒGƒsƒ\[ƒh–\˜I‚µ‘å–\‚ê,https://news.yahoo.co.jp/articles/8b54f9821225c9ef1c3b3adfe6104591171b5dd8,2023/12/15(‹à) 9:45
lmaga,Lmaga.jp,‚X‚O‚O‰~‚à‚¨“¾AƒPƒ“ƒ^ƒbƒL[‚Ì•Ÿ‘Ü‚ª‚r‚m‚r‚Å’–ÚW‚Ü‚éu³Œ‚©‚çŠy‚µ‚İ‚¾v,https://news.yahoo.co.jp/articles/dd4ec8ea7cffc8686e4075d2533d04fdf6a72035,2023/12/15(‹à) 8:00
lmaga,Lmaga.jp,y‚Ç‚¤‚·‚é‰ÆNz’ƒX‚ÌS‚ğˆÅ‚©‚çŒõ‚Ö‚Æ–ß‚·‚É‚Í\•ª‚ÈŒ¾—tA‘ÎÌ“I‚È‚Q–ğ‰‰‹Z‚ÉÌ^‚Ìº,https://news.yahoo.co.jp/articles/8677fa1c400b8e06337c2df20bd00259271cdf63,2023/12/15(‹à) 7:30
lmaga,Lmaga.jp,dŠ|‚¯‚ª–£—Í‚Ìƒlƒbƒg‰Æ‹ï“Xu‚k‚n‚v‚x‚`vA‘åã‚ÉŠÖ¼‰‚ÌÀ“X•Ü,https://news.yahoo.co.jp/articles/dd988aebdc7031fdda3426774bfec9c3c81630c3,2023/12/15(‹à) 7:15
lmaga,Lmaga.jp,‚R‚O‚OŠî‚Ì•¬…‚Åˆ³Šª‰‰oAu‘åãEŠÖ¼–œ”v…ãƒVƒ‡[‚ÌÚ×‚ª”­•\,https://news.yahoo.co.jp/articles/3371fbfa11ad8c45bef10ed3e624c71bf937a160,2023/12/15(‹à) 7:00
lmaga,Lmaga.jp,‘åãE’†”V“‡‚ğÊ‚éuŒõ‚Ìƒ‹ƒlƒTƒ“ƒXv‘SƒRƒ“ƒeƒ“ƒcŠJn‚ÉŠ½º•¦‚­@ŠúŠÔ’†‚Íˆê•”’Ês~‚ß‚à,https://news.yahoo.co.jp/articles/b769896a3c13abb00f8f66154e3db193230becf9,2023/12/14(–Ø) 21:30
lmaga,Lmaga.jp,uƒnƒ}ƒŠ–ğ‚·‚¬vƒƒbƒZƒ“ƒWƒƒ[•“c‚ª’©ƒhƒ‰‚É“oêAƒRƒƒ‚ƒeĞˆõ–ğ‚É‹’®Ò‘åŠì‚Ñc“Œ–ìK¡‚à”½‰,https://news.yahoo.co.jp/articles/bc8d4a4f22ac2c19926b8c4374dde27658ab806b,2023/12/14(–Ø) 20:15
lmaga,Lmaga.jp,“ä‚ª‰ğ‚¯‚½l‚¾‚¯µ‘Ò‚³‚ê‚éc‘åãs“à‚Ì–^Š‚Åu‚i‚iv‚ğŠ¬”\A‚r‚m‚r·‚èã‚ª‚é,https://news.yahoo.co.jp/articles/6f2b8320ad6fcdac691347c597591b76fdf73b2c,2023/12/14(–Ø) 20:00
lmaga,Lmaga.jp,’©ƒhƒ‰wƒuƒMƒEƒMx‘æ55‰ñi12Œ15“újEˆ¤•i…ãPij‚©‚ç‚Ìˆ¤‚Ì”’‚ğó‚¯AƒXƒYqiï—¢j‚ÌS‚ª—h‚ê“®‚­,https://news.yahoo.co.jp/articles/9580943f168ba5cd3efa0a2b23f859530c616e26,2023/12/14(–Ø) 19:30
lmaga,Lmaga.jp,‚U”N‚Ô‚è‚ÉÄ‰ï‚µ‚½ƒs[ƒX‚É‚m‚g‚j‚Ì”Ô‘g‚ª–§’…A‚Ql‚ªƒRƒ“ƒr‚Å‚ ‚è‘±‚¯‚é——R‚Æ‚Í,https://news.yahoo.co.jp/articles/59a75f288e3cf7f9b8be5ed17f1f769f99ef7008,2023/12/14(–Ø) 19:00
lmaga,Lmaga.jp,‚l-‚Pƒtƒ@ƒCƒiƒŠƒXƒgEƒ}ƒ†ƒŠƒJ‚Ì‰ŠCŠOƒƒP‚É–§’…Aƒƒ“ƒOƒR[ƒgƒ_ƒfƒB‚çl‹C‚S‘g‚ÌVƒOƒbƒY”­”„,https://news.yahoo.co.jp/articles/4bb2e86215a2b776d37df812ff1cff893e44b215,2023/12/14(–Ø) 17:00
lmaga,Lmaga.jp,‘åã‚Ìuƒtƒ‹[ƒcH‚×•ú‘èvƒJƒtƒFA‚S‚O‚O‚O‰~‚Å{‚Ì‚¢‚¿‚²‚ğŠ¬”\,https://news.yahoo.co.jp/articles/0ecf87541b4a1ae1e8f7bf7125d41d99e03d27ea,2023/12/14(–Ø) 14:30
lmaga,Lmaga.jp,Å‚àŒğ’Ê–ŒÌ‚ª‘‚¦‚é‚Ì‚Í‚P‚QŒA‘åã•{‚ªĞ‰î‚·‚é‚»‚Ì——R‚Æ‚Í,https://news.yahoo.co.jp/articles/745f681e4b3a092d42a331ec848726cfc665383d,2023/12/14(–Ø) 14:00
lmaga,Lmaga.jp,‘åãE’Ê“VŠt‚ÌƒrƒŠƒPƒ“‚³‚ñ‚ªƒA[ƒjƒƒ‚É•ÏgACŠw—·s¶‚çuƒrƒbƒNƒŠ‚µ‚½v,https://news.yahoo.co.jp/articles/0303b1e1d9c36635bf4109b2580385f3b5cf0eb5,2023/12/14(–Ø) 13:30
lmaga,Lmaga.jp,‘¦Š®”„‚Ìu‚ ‚ñ‚±~‚¢‚¿‚²vƒuƒbƒtƒF‚Æ‚ÍH ¡”N‚à‹“s‚ç‚µ‚³‘SŠJ‚ÅƒXƒ^[ƒg,https://news.yahoo.co.jp/articles/dd9806280c12e34319cafc3c34253145cc98a963,2023/12/14(–Ø) 12:30
lmaga,Lmaga.jp,•ºŒÉE_ŒË‚Ìˆ¤‚³‚êƒŒƒXƒgƒ‰ƒ“uƒTƒ“ƒ^ƒ‚ƒjƒJ‚Ì•—v‚ªu‘S–Ê‰ü‘•vA‘ål‚ªŠì‚ÔdŠ|‚¯‚à,https://news.yahoo.co.jp/articles/3eecb1c0d8ce07e2380c109f50f4702424b5465a,2023/12/14(–Ø) 12:00
lmaga,Lmaga.jp,‚P‚R‚V‚OƒLƒƒJƒƒŠ[‚Ì‘å•¨o‚½cg”’ƒo[ƒK[‚Å¡”N‚àuƒo[ƒK[ƒLƒ“ƒOv”[‚ß,https://news.yahoo.co.jp/articles/f2d16ce7dfc272fbcf3f8e6518fc60125e54b762,2023/12/14(–Ø) 11:45
lmaga,Lmaga.jp,uƒT[ƒeƒBƒƒ“•Ÿ‘Üv¡”N‚à“oêA—\–ñƒXƒ^[ƒg‚µ‘‘¬ƒT[ƒo[ƒ_ƒEƒ“,https://news.yahoo.co.jp/articles/39e133ca26056379ce0321713639c03b88c40ba2,2023/12/14(–Ø) 8:00
lmaga,Lmaga.jp,‹ß“S‚ÌŠÏŒõ“Á‹}u‚µ‚Ü‚©‚ºv~“Ş—ÇŒğ’ÊA3Œ‚ÉƒRƒ‰ƒ{ƒcƒA[‚ğŠJÃ,https://news.yahoo.co.jp/articles/d0b5a8c79e0888c7f78a770a62cd57ab4b4684d2,2023/12/14(–Ø) 7:30
lmaga,Lmaga.jp,u‚ ‚ñ‚Èl’Ê‚è‚Ì‘½‚¢‚Æ‚±‚ë‚Å‚àcv‘åã‚Ì’n‰ºŠXE‚È‚ñ‚ÎƒEƒH[ƒN‚Ì–¼•¨‘“X‚ª‚P‚QŒ––‚É•Â“XA–ñl”¼¢‹I‚Ì—ğj‚É–‹,https://news.yahoo.co.jp/articles/1b245f3e1244fcade6a65227c7429d64ecd4cc06,2023/12/14(–Ø) 7:00
lmaga,Lmaga.jp,ˆÓŠO‚ÈŒ`‚Å‘åãEŠÖ¼–œ”‚ÖvŒ£A‚b‚n‚QíŒ¸‚É‚æ‚é•å‹à‚Æ‚Í,https://news.yahoo.co.jp/articles/0871f6233f877cf1075dba02a78e6985baa1d0a9,2023/12/14(–Ø) 6:30
lmaga,Lmaga.jp,wŒ|”\lŠi•t‚¯ƒ`ƒFƒbƒNx‚É“c’†Œ\•—ÑŒ­“sƒRƒ“ƒr‚ªQíAâ‘Î‰¤Ò‚f‚`‚b‚j‚s‚Ì‘Šè‚Í‚Ü‚½–¾‚©‚³‚ê‚¸,https://news.yahoo.co.jp/articles/b31cc0b74bb87f06f37239679a888fc5b0964fd5,2023/12/13(…) 20:30
lmaga,Lmaga.jp,u‚¿‚å‚Á‚Æ‚â‚Î‚ß‚Ìƒtƒ@ƒ“‚Å‚ÍHvƒXƒYqiï—¢j‚Ì‘åƒtƒ@ƒ“Eˆ¤•i…ãPij‚Ìs“®‚É‚r‚m‚r‘›‘RuƒXƒg[ƒJ[‚¶‚á‚ñvyƒuƒMƒEƒMz,https://news.yahoo.co.jp/articles/e44ce2c4cfd09f56c3003277efb0abedbc91778c,2023/12/13(…) 20:00
lmaga,Lmaga.jp,’©ƒhƒ‰wƒuƒMƒEƒMx‘æ54‰ñi12Œ14“újEƒXƒYqiï—¢j‚ªˆ¤•i…ãPij‚Ì‰Æ‚ğ–K–âA‹——£‚ªk‚Ü‚é“ñl‚É“ä‚Ì’j‚ª‹ß‚Ã‚­,https://news.yahoo.co.jp/articles/50e1ac4e988ac7b5628ea40430b849db06f66663,2023/12/13(…) 19:30
lmaga,Lmaga.jp,‚s‚g‚d ‚v—DŸEg‚µ‚å‚¤‚ªAã‹——R‚Íu”o—D‚ÆŒ‹¥‚·‚é‚½‚ßv ğ‹ƒGƒsƒ\[ƒh‚à”â˜Iyƒ_ƒEƒ“ƒ^ƒEƒ“‚c‚wz,https://news.yahoo.co.jp/articles/fec4b65b6ed39ac599cbc92ec6c8b20205859382,2023/12/13(…) 18:30
lmaga,Lmaga.jp,ƒNƒbƒL[‹‚ß’©‚©‚ç‚P‚Q‚Ol‚Ì—ñA‘åã‚“‡‰®‚ÅŒ©‚¦‚½uŠÖ¼l‹C¿v‚¨‚¢‚µ‚¢‚à‚Ì‚ÍƒVƒFƒA•K{H,https://news.yahoo.co.jp/articles/b6b4f1e0bd42efbb362c0980654bcc2fbf5214b6,2023/12/13(…) 18:15
lmaga,Lmaga.jp,‘åãE–‡•û‚Ì‰w‘O‚ª¶‚Ü‚ê•Ï‚í‚éI‹‘å•¡‡{İ‚Ì–¼Ì‚ª–¾‚ç‚©‚É@ÅãŠK‚É‚Í˜I“V•—˜C‚à,https://news.yahoo.co.jp/articles/8837162d8c983c2bea87e62c91fee7edb3669126,2023/12/13(…) 17:30
lmaga,Lmaga.jp,ƒNƒŠƒXƒ}ƒX‚É‚ ‚¦‚Äu“ú–{’ƒv‚ğŒµ‘IAH‚Ìã_•S‰İ“X‚Å‚¨’ƒƒCƒxƒ“ƒg,https://news.yahoo.co.jp/articles/c7616a010f2bb70781923bc2df708b2e3e216b4a,2023/12/13(…) 12:30
lmaga,Lmaga.jp,uƒƒCƒ„ƒ‹ƒzƒXƒgv‚ª‹“s‚É‚Q‚U”N‚Ô‚è‚Éo“XAˆÙ—á‚Ì•S‰İ“X“à‚É,https://news.yahoo.co.jp/articles/152ba5ba3ad165b5d7c24a0f8e5b09f42d9a2592,2023/12/13(…) 12:00
lmaga,Lmaga.jp,ƒtƒ@ƒ~ƒ}~‚Ç‚¤‚Ô‚Â‚ÌXƒRƒ‰ƒ{AƒŠƒ“ƒSƒt[ƒh‚âu‹i’ƒƒnƒg‚Ì‘ƒvƒ}ƒXƒ^[‚ÌƒOƒbƒY‚à,https://news.yahoo.co.jp/articles/412fd736a577d81fcbce818f0e97a18badbe8f2b,2023/12/13(…) 11:30
lmaga,Lmaga.jp,•”‰®‚ğ•à‚«‰ñ‚è“ä‚ğ‰ğ‚¯A‚t‚r‚i‚ÅuƒRƒiƒ“v’EoƒQ[ƒ€‚ªŠ®‘S•œŠˆ,https://news.yahoo.co.jp/articles/bb41c10a4d99cf057cba60af37cb54db920f8e33,2023/12/13(…) 11:00
lmaga,Lmaga.jp,‚Ü‚³‚©‚ ‚Ì‚Ql‚ªŒ‹¥IH uƒuƒMƒEƒMv‚Í‚È“’‚Ì‚»‚ÌŒã‚É‹Á‚«‚Ì“WŠJA‚»‚ÌƒƒP‚ğu‚¢‚½,https://news.yahoo.co.jp/articles/64d614262932d21adb52786e791cb2f45240630e,2023/12/13(…) 8:15
lmaga,Lmaga.jp,‚Ì‚ñ‚ªŒê‚éu‚ ‚Ü‚¿‚á‚ñv‚©‚ç‚P‚O”NA”½‹¿‚ğó‚¯‘S‘•ú‘—‚Ö,https://news.yahoo.co.jp/articles/47f8927924ba940ab0aac6487b817ee94cf49ead,2023/12/13(…) 8:00
lmaga,Lmaga.jp,u—ß˜a‚Ì‘ã‚ÉEEEv–¼ìƒhƒJƒxƒ“‚ÌƒVƒ‡ƒbƒv‚ª‘åãE”~“c‚ÉŠúŠÔŒÀ’è‚ÅƒI[ƒvƒ“,https://news.yahoo.co.jp/articles/11ea853c4c74b55f378304569529a0cbe3f200de,2023/12/13(…) 7:30
lmaga,Lmaga.jp,‹“s‰w‹ß‚­‚ÉVƒXƒ|ƒbƒgAƒoƒ‰ƒGƒeƒB‹C•ª‚ª–¡‚í‚¦‚éI ‰®“àƒXƒ|[ƒc{İu‚u‚r ‚o‚`‚q‚jv’a¶,https://news.yahoo.co.jp/articles/4fcddc4e8d2fd986a1f8c2ffe8d98acaeb67b971,2023/12/13(…) 7:00
lmaga,Lmaga.jp,l‹C‚¨Î‚¢ƒRƒ“ƒrE˜a‹‚Ì‰ğU”­•\‚É‚r‚m‚r‘år‚êu‚¿‚å‚Á‚ÆŸŒ³‚Ìˆá‚¤˜bvc“¯‹ÆÒ‚©‚ç‚à‹Á‚«‚Ìº‘±o,https://news.yahoo.co.jp/articles/b60df1c87bcf8995643368b6aaee44f736e80518,2023/12/12(‰Î) 23:15
lmaga,Lmaga.jp,l‹C‚¨Î‚¢ƒRƒ“ƒrE˜a‹‚ª‰ğUuŠy‚µ‚©‚Á‚½–ŸË‚ª‹ê‚µ‚¢‚¾‚¯‚Ì–ˆ“ú‚É‚È‚Á‚½v,https://news.yahoo.co.jp/articles/cd6f171dd1a3a4a932c993c17f1fbe80dee6f9eb,2023/12/12(‰Î) 23:10
lmaga,Lmaga.jp,‘åãE”~“c‚Åuƒ`ƒFƒ“ƒ\[ƒ}ƒ“vƒJƒtƒF‚ª’a¶Aƒ|ƒbƒv‚É¢ŠEŠÏ‚ğÄŒ»,https://news.yahoo.co.jp/articles/820a5be58eb6ba91ac940aca4eda75b7add1e1bb,2023/12/12(‰Î) 21:00
lmaga,Lmaga.jp,uƒ|ƒPƒbƒgƒ‚ƒ“ƒXƒ^[v‚ÆŒCƒuƒ‰ƒ“ƒhuƒNƒ‰[ƒNƒXv‚ªƒRƒ‰ƒ{A‚»‚ÌƒŒƒgƒˆÓ ‚Éƒtƒ@ƒ“Š½Šì,https://news.yahoo.co.jp/articles/a2d25b216e77b4419e46f3bff9e36247c4fe1325,2023/12/12(‰Î) 20:30
lmaga,Lmaga.jp,V“ü‚è‚Ö‚Ì¹“iA‚P‚VÎ‰º‚Ì”’ƒMƒƒƒ‹Èc‹“s…‘°ŠÙ‚ÌƒhƒÀuƒyƒ“ƒMƒ“‘ŠŠÖ}vÅV”Å‚ªŒöŠJ,https://news.yahoo.co.jp/articles/903d3046d70a575b2d850c9079337ed34003e5f9,2023/12/12(‰Î) 20:00
lmaga,Lmaga.jp,ƒuƒMƒEƒM‚ÅŒä‘‚i–ğ‚Ì…ãPi‚ª‚ ‚³ƒCƒ`‚É“oêA”‘½‘å‹g‚à‹°ku‘n‹ÆÒ‚Ì‘§qcv,https://news.yahoo.co.jp/articles/c856bfe907fd6dd47d2246e75127db8c785d865b,2023/12/12(‰Î) 19:45
lmaga,Lmaga.jp,’©ƒhƒ‰wƒuƒMƒEƒMx‘æ52‰ñi12Œ13“újE‹v‚µ‚Ô‚è‚É‘åã‚Ö‹A‚Á‚½ƒXƒYqiï—¢j‚ªA‚Í‚È“’‚â‚t‚r‚j‚ğ–K‚ê‚é,https://news.yahoo.co.jp/articles/a206c1a9f78ad1d5e6aeee68290fe696f9e42918,2023/12/12(‰Î) 19:30
lmaga,Lmaga.jp,‚Q‚O‚Q‚R”N‚k‚h‚m‚dƒƒfƒBƒAÜA‚k‚‚‚‡‚.‚Š‚‚ªuƒOƒ‹ƒEƒŒƒWƒƒ[•”–åv‘åÜ‚Q˜A”e,https://news.yahoo.co.jp/articles/5c95d714c9d71ff6829d4ae9804b65edc3a9726f,2023/12/12(‰Î) 19:15
lmaga,Lmaga.jp,’©ƒhƒ‰wƒuƒMƒEƒMxo‰‰‚Ì…ãPiA©g‰‰‚¶‚éˆ¤•‚Íuˆê‘Ì‚Ç‚ñ‚Èl‚È‚ñ‚¾‚ë‚¤v,https://news.yahoo.co.jp/articles/1428e3d233cd65e8bdde3ed5b844ca8ac092806d,2023/12/12(‰Î) 18:30
lmaga,Lmaga.jp,‘S‘‚Ì‰w•Ù‚P‚O‚Oí‚ª‚¸‚ç‚èA‚i‚qV‘åã‰w‚ÌVŠ²üŒû‰¡‚ÉVƒVƒ‡ƒbƒv’a¶,https://news.yahoo.co.jp/articles/b5540c6ad019f0c92895e106d0e861d8b5eea44a,2023/12/12(‰Î) 17:30
lmaga,Lmaga.jp,ƒXƒVƒ[‚ÌÅˆÀ’l‚ğ‰º‰ñ‚écƒzƒ^ƒe‚ª‚P‚O‚O‰~AŠ´ÓÕ‚Å‚PTŠÔŒÀ’è‚Ì“Á•Ê‰¿Ši,https://news.yahoo.co.jp/articles/8989d19435737269bc346c88c3543d3b6b48e042,2023/12/12(‰Î) 14:00
lmaga,Lmaga.jp,‹v–{‰ë”üu‚¨•ê‚³‚ñ‚Ì‚æ‚¤‚ÈŠ´‚¶vAá•Ô‚è‚ğ}‚éV‘Ì§‚Ìu¼’|VŠìŒ€v‚É‰Ø“Y‚¦‚é,https://news.yahoo.co.jp/articles/fd0380d485a87c36e9f577ccf1013609bb6166f9,2023/12/12(‰Î) 13:00
lmaga,Lmaga.jp,VtP—áƒCƒxƒ“ƒgu“¹”v‚É‘S‘‚©‚ç‚P‚QĞ‚ªWŒ‹AƒOƒbƒY‚â‰w•Ù”Ì”„E‘åŒ^ƒWƒIƒ‰ƒ}“W¦‚â‘ÌŒ±Šé‰æ‚È‚Ç·‚è‚¾‚­‚³‚ñ,https://news.yahoo.co.jp/articles/170bf92b6aa16c3609b5648fcb318a8482bba92a,2023/12/12(‰Î) 11:00
lmaga,Lmaga.jp,‚m‚l‚a‚S‚W‘²‹Æ‚Ìa’J“âçA‰~Lu‚ÆlŠÔ‘•ó‚³‚ñƒƒPuƒXƒS‚·‚¬‚ÄƒeƒNƒjƒbƒN‚ªŒ©‚¦‚È‚©‚Á‚½v,https://news.yahoo.co.jp/articles/bc52b55757aafb3857781114f76f99b4fc2e10d7,2023/12/12(‰Î) 7:30
lmaga,Lmaga.jp,‹“s‚Åu‹â‰Í“S“¹‚X‚X‚X“Wv‚ªŠJ–‹A“S“¹”•¨ŠÙ‚È‚ç‚Å‚Í‚Ìƒ_ƒCƒiƒ~ƒbƒN‚È“W¦‘µ‚¢,https://news.yahoo.co.jp/articles/75333dfca656e2bc80a5a1bf1630c6b399469365,2023/12/12(‰Î) 7:00
lmaga,Lmaga.jp,Œö®©‚çuƒSƒ~‘Üv‚ÆƒCƒW‚écƒ”ƒBƒŒƒ”ƒ@ƒ“•Ÿ‘ÜA‚P‚Pí‚ª—\–ñƒXƒ^[ƒg@u‚¨•¶‹ïvƒpƒP‚É‚à’–Ú,https://news.yahoo.co.jp/articles/3e069421167158adb3da97888ebc1529e2824a28,2023/12/11(Œ) 20:30
lmaga,Lmaga.jp,uƒqƒh‚­‚È‚¢‚©IHv¬–é‚ÌŒ¾“®‚É‚r‚m‚r”á”»‚ÌºAƒ}ƒl[ƒWƒƒ[ŒÜ–Ø‚É‹^˜f‚àu‰ö‚µ‚¢cvyƒuƒMƒEƒMz,https://news.yahoo.co.jp/articles/00217617e6f549699ac66cdb22ee9385617b7811,2023/12/11(Œ) 20:00
lmaga,Lmaga.jp,uŒy—¦‚É‚Æ‚«‚ß‚¢‚¿‚á‚¤vƒXƒYqiï—¢j‚Ì‘åƒtƒ@ƒ“–ğ‚Æ‚µ‚Ä…ãPi‚ª‚Â‚¢‚É“oêI ‚r‚m‚rŠ½Šìu‘¶İŠ´‚ ‚év,https://news.yahoo.co.jp/articles/cbd43488c852a3c13ac2adb85b9268f08489b376,2023/12/11(Œ) 19:30
lmaga,Lmaga.jp,¼–ìµ£‚ª‚Q”NU‚è‚Éu‚l|‚Pv‚ÖA”sÒ•œŠˆí‚Ì‚l‚b‚ÉA”C,https://news.yahoo.co.jp/articles/94178d399cd0bcad3457b132d0bf1561bd868978,2023/12/11(Œ) 19:00
lmaga,Lmaga.jp,—§ìu‚ç‚­‚ªu‚l|‚PR¸ˆõv‚ğ—E‘ŞAu–ŸËt‚Å‚à‚È‚¢“z‚ªcv”ñ“ïó‚¯‚Â‚Â‚T”N‘S‚¤@VR¸ˆõ‚Í“Á”Ô“à‚É”­•\,https://news.yahoo.co.jp/articles/35ea2cf950e5034026ec6249e10c7a08d77af0c5,2023/12/11(Œ) 19:00
lmaga,Lmaga.jp,‰¹‚Æ“õ‚¢‚ª‘z‘œ‚Å‚«‚écƒ}ƒNƒhƒiƒ‹ƒh‚Ì•Ÿ‘Üuƒ|ƒeƒg‰Á¼Šív‚ª˜b‘èI ‚R‚S‚R‚O‰~•ª‚Ì–³—¿Œ”‚à•t‚¢‚Ä‚­‚é,https://news.yahoo.co.jp/articles/9e69ae9f649a86676cd84a6b2cb1e5e1d20aaad7,2023/12/11(Œ) 18:30
lmaga,Lmaga.jp,NHK‘å‰Íƒhƒ‰ƒ}w‚Ç‚¤‚·‚é‰ÆNxÅI‰ñi12Œ17“új‚ ‚ç‚·‚¶E_‚ÌŒN‚Ö,https://news.yahoo.co.jp/articles/29081a93624bb678a9742da13092b2e754bc490b,2023/12/11(Œ) 17:00
lmaga,Lmaga.jp,u—~‚µ‚¢l‹}‚¬‚Å‚·vƒtƒ@ƒ~ƒŠƒA~‚a‚d‚`‚l‚rƒ^ƒbƒO‚ª¡”N‚à,https://news.yahoo.co.jp/articles/d2d79e34babeaa6937bb87bddd04c6605fb60b9b,2023/12/11(Œ) 14:00
lmaga,Lmaga.jp,‚Q‚O‚O‚W”N‚ÌÜ‹à—‰¤EŒÃŠÕ”ü•Û‚ª‘ŠÈH“°‚ÉQíA‚W‚PÎZE‚ÆƒVƒ‡[ƒgƒz[ƒ‹‘ÎŒˆ,https://news.yahoo.co.jp/articles/4994cc56238deb8c6c200570cbe4fb2d09563bd1,2023/12/11(Œ) 12:45
lmaga,Lmaga.jp,’©ƒhƒ‰wƒuƒMƒEƒMx‘æ52‰ñi12Œ12“újEƒXƒYqiï—¢j‚ªŠw¶‚Ì‘ºãˆ¤•i…ãPij‚ÆŒğ—¬‚ğ[‚ß‚Ä‚¢‚­,https://news.yahoo.co.jp/articles/93914fb23aaae84034240cd96a078e6a192417ea,2023/12/11(Œ) 8:15
lmaga,Lmaga.jp,ƒCƒ“ƒXƒ^ƒ“ƒgƒR[ƒq[Au‰–v‚ğ“ü‚ê‚é‚Æ‚¨‚¢‚µ‚­‚È‚é‚Á‚Ä–{“–H ƒvƒ‚É•·‚¢‚Ä‚İ‚½,https://news.yahoo.co.jp/articles/23a726f5e63b84e0a9e2bb67fdfc81b88a78afd2,2023/12/11(Œ) 7:00
lmaga,Lmaga.jp,–ñ‚W‚O‚O‘gQ‰Ác¨‚¢‘‚·u‚Z¶–ŸËtvƒŒƒxƒ‹Aƒxƒeƒ‰ƒ“¨‚àv‚¢‚Â‚©‚Êu‹“_v‚É‹Á‚«,https://news.yahoo.co.jp/articles/9bc2a6ec0b94b2f42d5c1ba179672bb43258842b,2023/12/11(Œ) 6:45
lmaga,Lmaga.jp,‘S‘‚Z¶–ŸËƒRƒ“ƒeƒXƒg‚Å‰õ‹“I ‰‚Ìu–kŠC“¹‰¤Òv‚ğƒI[ƒ‹‹l‚àâ^u‚µ‚á‚×‚è‚Ícv,https://news.yahoo.co.jp/articles/715b1b47c8e2004eff89968b86ff76d15d81bc14,2023/12/11(Œ) 6:30
lmaga,Lmaga.jp,’¬“cŒ[‘¾å‰‰ƒhƒ‰ƒ}u¼‰¬ŒE Oƒc¯—mğ“°vA‚f‚`‚n‚q‚`‚Åˆê‹“Ä•ú‘—,https://news.yahoo.co.jp/articles/0023dbdefab8253856c168589b43b45aea517c68,2023/12/10(“ú) 21:00
lmaga,Lmaga.jp,u‚Â‚¢‚É—ˆ‚½IvƒuƒMƒEƒMŸT—\A…ãPi‚Ì“oê‚É‚r‚m‚r‘å·‚èã‚ª‚èuƒXƒY‚¿‚á‚ñ‚Ì—öHv,https://news.yahoo.co.jp/articles/1ece6c966bc97fb83ac0c9c225b7fc336a0e8f4b,2023/12/10(“ú) 20:40
lmaga,Lmaga.jp,’©ƒhƒ‰wƒuƒMƒEƒMx‘æ51‰ñi12Œ11“újE’n•û„‹Æ’†‚ÌƒXƒYqiï—¢j‚ªA©g‚Ì‘åƒtƒ@ƒ“‚¾‚Æ‚¢‚¤Šw¶E‘ºRˆ¤•i…ãPij‚Æo‰ï‚¤,https://news.yahoo.co.jp/articles/9650d99a2724bf568b8ade1a8736e336fe234f16,2023/12/10(“ú) 19:30
lmaga,Lmaga.jp,‹“s‚ÌƒJƒtƒF‚ÅuƒXƒR[ƒ“H‚×•ú‘èvA“~ŒÀ’è‚ÅŠ®n‚¢‚¿‚²d—l‚É,https://news.yahoo.co.jp/articles/d2bb5f7c770a8e0276b8ea6fa4e4b3420b78991d,2023/12/10(“ú) 12:00
lmaga,Lmaga.jp,’W˜H“‡‚Å‚Ğ‚Æ‚ ‚µæ‚ÉƒCƒ`ƒSë‚è‚Ì€”õA“–“úó•t‚Å‚Ì‘ÌŒ±‚à,https://news.yahoo.co.jp/articles/bd5248601118474f3cc18253c2478ebfb36be56a,2023/12/10(“ú) 11:00
lmaga,Lmaga.jp,ƒ~ƒƒƒ“ƒ}[og‚ÌXèƒEƒBƒ“u‰ä–‚ğ‚³‚¹‚ç‚ê‚é‚±‚Æ‚ª‘½‚©‚Á‚½v,https://news.yahoo.co.jp/articles/e4d6e659b740f8044364e6257d110fcfed806c3f,2023/12/10(“ú) 9:00
lmaga,Lmaga.jp,’W˜H“‡‚Å’g‚©‚¢‚w‚‚‚“ƒCƒ‹ƒ~ƒl[ƒVƒ‡ƒ“A‘å‹óŠÔ‚ÉƒcƒŠ[‚à,https://news.yahoo.co.jp/articles/79b21915fe73d62fabf65c1c991f2d2a9b192a50,2023/12/10(“ú) 8:00
lmaga,Lmaga.jp,‚Q‚O‚Q‚R”N‚Íuƒ†ƒjƒoƒnƒƒEƒBƒ“v‚ª‚y¢‘ã‚É‘å—¬sAƒNƒŠƒXƒ}ƒXƒ}[ƒPƒbƒg‚É‚à’–ÚW‚Ü‚é,https://news.yahoo.co.jp/articles/4b13fcdd9af94ff1e34dfa1b2aba990b29b90aa1,2023/12/10(“ú) 7:00
lmaga,Lmaga.jp,XèƒEƒBƒ“‚ªu‘å–‚É‚µ‚½‚©‚Á‚½v‚ÆŒê‚éƒ^ƒCƒ~ƒ“ƒOA‚»‚ê‚ª¡H,https://news.yahoo.co.jp/articles/72c572a33110f8828bcc3d055127035ec0fe8250,2023/12/9(“y) 20:30
lmaga,Lmaga.jp,uŒ€’cl‹Gv‚Ì˜b‘èì‚ª‚Â‚¢‚É‘åã‚ÖA‚ ‚ÌƒAƒjƒ‚ğŒ©–‚É‘ÌŒ»,https://news.yahoo.co.jp/articles/6d46a964101aa651de63efe7b9cc87e09c02a238,2023/12/9(“y) 17:30
lmaga,Lmaga.jp,’á‰¹ƒ{ƒCƒX‚Æ•\Œ»—Í‚Å”o—D‚Æ‚µ‚Ä‚àŠˆ–ôA’§‚İ‘±‚¯‚é‚T‚QÎº—DE’Ã“cŒ’Ÿ˜Y‚Éuî”M‘å—¤v‚ª–§’…,https://news.yahoo.co.jp/articles/d8728eaad327ce297b82432553bd1b15bd2d8169,2023/12/9(“y) 17:00
lmaga,Lmaga.jp,u‰Ê•¨‚»‚Á‚­‚èvƒ`ƒ‡ƒRƒŒ[ƒgŠÊAƒ‚ƒƒ]ƒt‚©‚çVƒuƒ‰ƒ“ƒh’a¶,https://news.yahoo.co.jp/articles/f753367875aa6b2574c465c961a5cdb17c7d841b,2023/12/9(“y) 14:00
lmaga,Lmaga.jp,‘åãE”~“c‚É‚P‚O‚O‚Ol‚ÌƒTƒ“ƒ^ƒNƒ[ƒXŒ»‚éAˆ³Šª‚ÌŒõŒi‚É—§‚¿~‚Ü‚él‚à,https://news.yahoo.co.jp/articles/3af3f5e39aed36b59bf3979d96d765381be4e918,2023/12/9(“y) 13:30
lmaga,Lmaga.jp,y‚Ç‚¤‚·‚é‰ÆNz‚Ø‚ñ‚·‚¤‚ÌƒV[ƒ“‚ªˆÃ¦AÀ‚Íc“‚È‰^–½‚Ìƒvƒƒ[ƒO,https://news.yahoo.co.jp/articles/c41d698424e0068fd6e04d4d5da9a58b016c6839,2023/12/9(“y) 13:00
lmaga,Lmaga.jp,ƒKƒŠƒKƒŠŒNA‚¢‚Æ‚±‚¢‚½‚ÌIH ƒ~ƒ‹ƒNƒeƒB[–¡‚Åuƒ\ƒtƒgŒNvÄ“oê,https://news.yahoo.co.jp/articles/174a55e99bce726dbdee0d0d1215e5da0a0930e7,2023/12/9(“y) 11:00
lmaga,Lmaga.jp,°—h‚³‚Ô‚é‰Ì‚¤‚½‚¢E’|Œ´ƒsƒXƒgƒ‹A–Ú‚Ì‘O‚É‚¢‚él‚ÉŒü‚¯‚Ä‰Ì‚¤u’e‚«Œê‚èvƒcƒA[,https://news.yahoo.co.jp/articles/2204a6122c4d4e901063110573ba0f459f1e85ad,2023/12/9(“y) 9:00
lmaga,Lmaga.jp,‹“s‚ÉuƒTƒ“ƒ^ƒNƒ[ƒXvŒäˆêsIH —j“úŒÀ’è‚ÅƒpƒŒ[ƒhÀ{,https://news.yahoo.co.jp/articles/5a319367983e77c5f1baed622f11d911b5ca301f,2023/12/9(“y) 9:00
lmaga,Lmaga.jp,’W˜H“‡‚ÌâŒi‚Ì‚Ğ‚Æ‚Â“å•Šâ…å‹½AˆêV‚³‚ê‚Q”N‚Ô‚è‚É•œŠˆ,https://news.yahoo.co.jp/articles/00e1ecdccc16481c02e2f01e575a8faa8dd295b2,2023/12/9(“y) 8:00
lmaga,Lmaga.jp,ã‹}‚¤‚ß‚¾uƒNƒŠƒXƒ}ƒXÃ–v‚Å”­Œ©I•”‰®‚ğÊ‚éƒI[ƒiƒƒ“ƒg,https://news.yahoo.co.jp/articles/d147b1249835e8a244f7cfbaecf0afa0ea9f5c40,2023/12/9(“y) 7:00
lmaga,Lmaga.jp,•l“c‰ëŒ÷‚ªƒA[ƒeƒBƒXƒg‚Æ‚µ‚Ä—¼“úo‰‰A‘åã‚Åw‚²‚Ô‚²‚ÔxƒtƒFƒX‰ŠJÃu—ˆ‚¢‚æIv,https://news.yahoo.co.jp/articles/8ebfc24c6b5d7ae9cc717770cdb5a10d6cd05573,2023/12/9(“y) 6:30
lmaga,Lmaga.jp,u¡“x‚±‚»Šæ’£‚è‚½‚¢‚Ë‚ñvcƒXƒYq‚Æ”~‹g‚Ì•Ê‚ê‚ÉA‚r‚m‚rŠ´“®u‚¨•ƒ‚¿‚á‚ñƒJƒbƒR‚¢‚¢IvyƒuƒMƒEƒMz,https://news.yahoo.co.jp/articles/258a2538a86cd9cbb1e2b94066a1d62a7094a6ae,2023/12/8(‹à) 20:00
lmaga,Lmaga.jp,˜Z˜Y‚É•ù‚°‚éw‘å‹ó‚Ì’íx‚Éˆ³“|‚³‚ê‚éc’©ƒhƒ‰wƒuƒMƒEƒMx‘æ10TU‚è‚©‚¦‚èi12Œ9“újE‘å‹ó‚Ì’í,https://news.yahoo.co.jp/articles/867378eb0ea9b50e23126cfb4cb1cbc558d8240b,2023/12/8(‹à) 19:30
lmaga,Lmaga.jp,uƒ`ƒ‡ƒRƒNƒê—p‚ÌMv‚Í¡”N‚¾‚¯AƒTƒ“ƒ}ƒ‹ƒNƒJƒtƒF‚Ì•Ÿ‘Ü@ƒfƒjƒ€ƒg[ƒgƒoƒbƒO‚à,https://news.yahoo.co.jp/articles/9f1ead6b61be6bf28840146581358e3e68bf3a53,2023/12/8(‹à) 17:30
lmaga,Lmaga.jp,‘åãu‚È‚ñ‚ÎƒOƒ‰ƒ“ƒh‰ÔŒv‚ª‚Q‚O‚Q‚S”N‚QŒ‚Éˆê‹xŠÙA‚SŒ‚É‚ÍŠÏŒ€—¿‹à‚ğ’lã‚°,https://news.yahoo.co.jp/articles/208520a65137a263c83aeb26e8ed404bac7cb869,2023/12/8(‹à) 13:00
lmaga,Lmaga.jp,uÀ¿–³—¿‚¶‚á‚ñv‚¨“¾‚·‚¬‚éƒTƒuƒEƒFƒC‚Ì•Ÿ‘ÜA”ƒ‚¦‚é‚Ì‚Í“X“ª‚Ì‚İ,https://news.yahoo.co.jp/articles/c1a3f8f56a072a6c44d0ad258e0d881e6ac2bbd1,2023/12/8(‹à) 11:45
lmaga,Lmaga.jp,–³ˆó—Ç•i‚Ì”„‚ê‹ØuƒLƒ“ƒpv‚É‘±‚­‚©H ‚±‚ÌŠú‚¾‚¯‚Ì—â“€ƒAƒCƒeƒ€‚ª•KŒ©,https://news.yahoo.co.jp/articles/ae7b16137105476779ad2299618dfb9f238da6df,2023/12/8(‹à) 9:00
lmaga,Lmaga.jp,u‚·‚«‰Æv‚Ì•Ÿ‘ÜA‚R‚O‚O‚O‰~•ªƒN[ƒ|ƒ“‚â•Ù“–” ‚ªƒZƒbƒg‚É,https://news.yahoo.co.jp/articles/22412498ddff3b11670635a738daabd4897adc28,2023/12/8(‹à) 8:00
lmaga,Lmaga.jp,‚P‚O‘ã‚Ì­—‚½‚¿‚ªuˆ¤v‚ğ•`‚­A­—‰ÌŒ€’c‚ÌŒö‰‰‚ª‘åã‚Åuˆ¤‚ğÄŠm”F‚·‚é‚«‚Á‚©‚¯‚Év,https://news.yahoo.co.jp/articles/f1a812e230d497335952ac2e8fada26bb20391aa,2023/12/8(‹à) 7:30
lmaga,Lmaga.jp,‹“s‚É‚à‰ioA–kŠC“¹”­‚Ìuƒyƒ“ƒMƒ“ƒx[ƒJƒŠ[v‚ª¨—ÍŠg‘å’†,https://news.yahoo.co.jp/articles/46829779c32ae3716a7079e41f79c1441ba6daff,2023/12/8(‹à) 7:00
lmaga,Lmaga.jp,‚l-‚P‚Ìø‚èƒRƒs[u‰´‚½‚¿‚ªˆê”Ô‚¨‚à‚µ‚ë‚¢vcƒtƒ@ƒ“‚ªƒnƒ}‚éAƒI[ƒvƒjƒ“ƒO‚u‚Ì–£—Í,https://news.yahoo.co.jp/articles/c0f132bea156050d7f3f4c9a726eafda19ef4537,2023/12/8(‹à) 6:30
lmaga,Lmaga.jp,‚l-‚Pƒtƒ@ƒCƒiƒŠƒXƒg‚X‘g‚ª”­•\Ağ”N€—DŸ•‚Q”N˜A‘±‚Ì‚³‚âu‚­‚¶‰^‚¾‚¯‚ª—Š‚èv@”sÒ•œŠˆ‚ÌR¸•û®‚ª‘å•ƒŠƒjƒ…,https://news.yahoo.co.jp/articles/f2c7da064659989983b61f2c9648aa1044e46b59,2023/12/7(–Ø) 22:00
lmaga,Lmaga.jp,‹“suæ“l’¬‰Ì•‘—ûêv‚Å“`“•¶‰»‚ÆÅVƒeƒNƒmƒƒW[‚ª—Z‡A‚n‚r‚j‰ÌŒ€’c‚Æ•‘‹W‚ªŒõ‚Ì•‘“¥‚Å–£‚¹‚é,https://news.yahoo.co.jp/articles/c695dd9c082d217026c1f4202a34759ae9c8621a,2023/12/7(–Ø) 21:30
lmaga,Lmaga.jp,Ì‚Ì‹L‰¯‚ª‘h‚écƒnƒbƒs[ƒZƒbƒg‚É‹KŠiŠO‚Ìuƒnƒ[ƒLƒeƒB‚T‚OívA‰ù‚©‚µ‚Ìˆß‘•‚ª‚¸‚ç‚è,https://news.yahoo.co.jp/articles/95869221a7733e4679c69613ca156e066813eb33,2023/12/7(–Ø) 20:30
lmaga,Lmaga.jp,u—Ü‚È‚µ‚ÉŒ©‚ê‚È‚¢cvï—¢‰‰‚¶‚éƒXƒYq‚ÌƒXƒe[ƒW‚É‹’®Ò’¹”§Aƒtƒ‹ƒo[ƒWƒ‡ƒ“‚àŒöŠJyƒuƒMƒEƒMz,https://news.yahoo.co.jp/articles/871cd336066b9dbfd2a61ceb40b87fedc2157adf,2023/12/7(–Ø) 20:15
lmaga,Lmaga.jp,ŠCŒ´‚â‚·‚æ‚Æ‚à‚±‚ª‚m‚g‚j‚Å‚à”ƒ‚¢•¨‚l‚bAu‚±‚ê”ƒ‚Á‚Ä‚Ç‚¤‚·‚ñHv,https://news.yahoo.co.jp/articles/b53c3bfd3c5e2c31697435e79506ce25447d63f7,2023/12/7(–Ø) 19:45
lmaga,Lmaga.jp,’©ƒhƒ‰wƒuƒMƒEƒMx‘æ50‰ñi12Œ8“újEeq…“ü‚ç‚¸‚Å˜b‚µ‡‚¢AƒXƒYqiï—¢j‚ª”~‹gi–ö—t•q˜Yj‚Ì–{S‚ğ’m‚é,https://news.yahoo.co.jp/articles/c1c012aa52dc6752c725728c47f00877d65d4ed1,2023/12/7(–Ø) 19:45
lmaga,Lmaga.jp,‘åãE“¹“Ú–x‚É‹‘å‚Èu‹øƒJƒc“XvƒI[ƒvƒ“A‚R‚T‚OÈ‚Å‚ä‚Á‚½‚è‚Æ,https://news.yahoo.co.jp/articles/722a0ae19b29fc9ab0507f0daae08804376e4949,2023/12/7(–Ø) 18:30
lmaga,Lmaga.jp,u‚l-‚Pv’Ç‰Á˜gEƒƒCƒ‹ƒhƒJ[ƒh‘Io‚Å’–ÚEƒ_ƒuƒ‹ƒqƒKƒVA‰‚ÌŠ¥”Ô‘g‚ªŒˆ’è,https://news.yahoo.co.jp/articles/aec333451f4582720be936d0be0a5facd71dff5f,2023/12/7(–Ø) 15:05
lmaga,Lmaga.jp,‘å‰Šã‚Ì––AuŒ´”š‚Ì•ƒvƒIƒbƒyƒ“ƒnƒCƒ}[“`‹L‰f‰æA‚Q‚O‚Q‚S”N“ú–{ŒöŠJ‚ªŒˆ’è,https://news.yahoo.co.jp/articles/d6b8c0273bcf51eacef367fb6aecc6fe56be422b,2023/12/7(–Ø) 14:01
lmaga,Lmaga.jp,uŠ„ˆøŒ”‚¾‚¯v‚ÌŒ‰‚³Aƒyƒbƒp[ƒ‰ƒ“ƒ`P—á‚Ì•Ÿ‘Ü‚ª‚¨“¾‚·‚¬@uˆê“x‚Å‚à‘½‚­‚¨“¾‚Év‚ÆŠé‰æ,https://news.yahoo.co.jp/articles/4d33165edb694c2f28569cda2806b24569750b65,2023/12/7(–Ø) 13:00
lmaga,Lmaga.jp,‚¨“¾‚·‚¬‚éuƒhƒ€ƒhƒ€ƒo[ƒK[‚Ì•Ÿ‘Üv¡”N‚Í“X“ª”Ì”„‚Ì‚İA”Ì”„‰¿Ši•ª‚Ì‹àŒ”‚âƒOƒbƒY‚ªƒZƒbƒg‚É,https://news.yahoo.co.jp/articles/2acc0605fbfd980ba141c45ebcc3ed697928083c,2023/12/7(–Ø) 11:30
lmaga,Lmaga.jp,”ƒ‚í‚¸‚É‹A‚ê‚È‚¢cƒ‚ƒƒ]ƒt”­u‰Ô~ğv‚Ìƒ`ƒ‡ƒRƒuƒ‰ƒ“ƒh‚ªÄ“oêAƒAƒ‹ƒoƒ€Œ^ƒ{ƒbƒNƒX‚à’‡ŠÔ“ü‚è,https://news.yahoo.co.jp/articles/d82eafcb40462f66347aeaa43ddad9edc12d1cfd,2023/12/7(–Ø) 8:30
lmaga,Lmaga.jp,‚x‚`‚y‚`‚v‚`‚ğŒê‚ès‚­‚·‚P‚Q‚O•ªARŒû’q[•‚b‚j‚a‰¡RŒ•‚ª–î‘ò‰i‹g‚Ì–£—Í‚É”—‚é,https://news.yahoo.co.jp/articles/5459e9e6b218359929011d3babc335158c69a4d3,2023/12/7(–Ø) 7:30
lmaga,Lmaga.jp,•S‰İ“X‚Æ‚Ív‚¦‚Êcã‹}‚¤‚ß‚¾‚ÌuƒNƒŠƒXƒ}ƒXÃ–v‚ª”ñ“úí‚Ì‹óŠÔ‚¾‚Á‚½@ŠÙ“à‚ÉuƒƒŠ[ƒS[ƒ‰ƒ“ƒhvİ’u,https://news.yahoo.co.jp/articles/94284ac45c9f0db4076a25d28b735e37d061714d,2023/12/7(–Ø) 7:15
lmaga,Lmaga.jp,u‹ã“d“Sv‚ª”N––”Nnƒ_ƒCƒ„‚ğ”­•\A¡”N‚à‘åŠA“ú‚ÌI–é‰^“]‚ğÀ{•O‚ª“ú‚Í³Œƒ_ƒCƒ„‚É,https://news.yahoo.co.jp/articles/0e9212bfd09f605b0b17ba53862675469c426c68,2023/12/7(–Ø) 7:00
lmaga,Lmaga.jp,u˜Z˜Y‚­‚ñ‚Ì‰Ì‚¾vƒuƒMƒEƒMTƒ^ƒCƒgƒ‹u‘å‹ó‚Ì’ív•šü‰ñû‚ÉA‚r‚m‚r—Üu‰H’¹æ¶cv,https://news.yahoo.co.jp/articles/cc37dd8d86995c6a144cd715c0237fc83e192b5b,2023/12/6(…) 20:00
lmaga,Lmaga.jp,’©ƒhƒ‰wƒuƒMƒEƒMx‘æ49‰ñi12Œ7“újEƒXƒYqiï—¢jAí€‚µ‚½˜Z˜Yi•èàŠ‘ãj‚É•ù‚°‚éw‘å‹ó‚Ì’íx‚ğ‰Ì‚¤,https://news.yahoo.co.jp/articles/3350551d6b369dac79a4ca3a2b33ce2c212ad4ce,2023/12/6(…) 19:30
lmaga,Lmaga.jp,‚T”N‚Ô‚è‚Ì‘±•Ò‚ª‘Ò‚¿‚«‚ê‚È‚¢l‚Öc•œK‚ª‚Å‚«‚éw‚¨‚Á‚³‚ñ‚¸ƒ‰ƒux“WA‘åãŠÜ‚Ş‘S‘‚U“ss‚ÅŠJÃ,https://news.yahoo.co.jp/articles/14da9e86d28233fbf31523e8ea9592a0dbdde646,2023/12/6(…) 19:00
lmaga,Lmaga.jp,‚j‚`‚s|‚s‚t‚mã“c—³–çu•½˜a‚Èd–‚ğ‚µ‚½‚¢vcƒCƒ[ƒW‚Æ”½‚µ‚½ˆê–Ê,https://news.yahoo.co.jp/articles/4ded7459866b813e8661cae0a8c4cd23c2d10f28,2023/12/6(…) 18:30
lmaga,Lmaga.jp,‘åãE”~“c‚Éuƒo[ƒK[ƒLƒ“ƒOv‚ª‰o“XAƒ`ƒF[ƒ““X‚Å‚ÍˆÙ—á‚ÌƒAƒ‹ƒR[ƒ‹’ñ‹Ÿ‚à,https://news.yahoo.co.jp/articles/748e5910e2ed0b717a6db6035044715a17611ca9,2023/12/6(…) 18:15
lmaga,Lmaga.jp,y‚Ç‚¤‚·‚é‰ÆNzM’·‚âMŒº‚Ì‚²‚Æ‚­‹S_ƒLƒƒƒ‰‚É•Ï–eA‰ÆN‚Éc‚éu”’“e‚ÌSv‚ªŒ©‚¦‚½ƒV[ƒ“,https://news.yahoo.co.jp/articles/56186cf051d854aa81dd9f0a18e451bfc5341c80,2023/12/6(…) 17:00
lmaga,Lmaga.jp,“ì‘åã‚Å‚R“úŠÔ‚Ìƒpƒ“ƒtƒFƒXŠJÃAƒx[ƒOƒ‹‚âƒ`[ƒYƒP[ƒL‚Ìl‹C“X‚È‚Ç‘S‘‚©‚çWŒ‹,https://news.yahoo.co.jp/articles/dd20469d4092c8f697a3d1f7e597247d2b3cc908,2023/12/6(…) 12:00
lmaga,Lmaga.jp,u‚â‚Î‚¢‹ƒ‚¢‚Ä‚écv‚Ìº‘½”A•q‚ÌƒoƒXƒP‚ÌƒRƒ‰ƒ{ƒJƒtƒF‚ª‘åãE“ï”g‚É,https://news.yahoo.co.jp/articles/29c4103f0ce8be9bfd3a8b0521ccbd8067883fa2,2023/12/6(…) 11:00
lmaga,Lmaga.jp,‚±‚ê‚Í‹»•±‚·‚écI ‚t‚r‚i‚Ìƒhƒ“ƒL[ƒRƒ“ƒOƒGƒŠƒA‚ª—ˆt‚Én“®A‚¨“éõ‚İƒgƒƒbƒR‚Ìƒ‰ƒCƒhƒAƒgƒ‰ƒNƒVƒ‡ƒ“‚à,https://news.yahoo.co.jp/articles/2d8627eceb8fe07fac5294747a7223e9cf8da04d,2023/12/6(…) 8:00
lmaga,Lmaga.jp,ƒXƒeƒ‰‚¨‚Î‚³‚ñ‚Ìu‚P‚X‚O‚O‰~ƒNƒbƒL[‹l‚ß•ú‘èvA‹Ÿ‹‹’Ç‚¢‚Â‚©‚¸‘S‘‚Åˆê‹x~‚É,https://news.yahoo.co.jp/articles/7585081477ed96949140cc89db701a6c3d223c9b,2023/12/6(…) 7:00
lmaga,Lmaga.jp,ã‹}“d“SE”\¨“d“SEã_“d“S‚ªu”N––”Nnƒ_ƒCƒ„v‚ğ”­•\A¡”N‚àI–é‰^“]‚È‚µ,https://news.yahoo.co.jp/articles/13466a1758dbbdbda03245070241345411234d8d,2023/12/6(…) 6:00
lmaga,Lmaga.jp,‰f‰æwsqxå‰‰‚Ì™ç‰ÔuˆêŒ¾‚Å‚Í•\‚µ‚«‚ê‚È‚¢A‚©‚¯‚ª‚¦‚Ì‚È‚¢ŠÔ‚ğ‰ß‚²‚µ‚½v,https://news.yahoo.co.jp/articles/2c98ca61254b03b3ca8a1f867a2e0413a378ca67,2023/12/5(‰Î) 22:00
lmaga,Lmaga.jp,‚ß‚¿‚ág‚¦‚»‚¤cI “Ş—ÇE”~”Thğ‘¢A‘“à‰‚Ìuƒ|[ƒVƒ‡ƒ“ƒ^ƒCƒvvƒŠƒLƒ…[ƒ‹@’²–¡—¿‚Æ‚µ‚Ä‚à,https://news.yahoo.co.jp/articles/c4cae6dbb7d8eafb3f6cd2e20e1b395e8ed8cac7,2023/12/5(‰Î) 21:00
lmaga,Lmaga.jp,u‚Ç‚ñ‚È‹C‚¿‚Åcvâ–]‚Ìƒoƒ“ƒUƒCƒV[ƒ“A’©ƒhƒ‰ó‚¯‚Å—é–ØƒAƒi‚à•¡Gu‚à‚¤ƒ_ƒ‚Å‚·v,https://news.yahoo.co.jp/articles/0d45d0f40a989812242756c22c2f5c2709fe19ef,2023/12/5(‰Î) 20:30
lmaga,Lmaga.jp,–éƒpƒtƒFê–å“X‚ª“Ş—Ç‚É‰“oêA–ñ‚R‚Oí—Ş‚Ì‰f‚¦ƒXƒC[ƒc,https://news.yahoo.co.jp/articles/031df4af6ffaac7f9e6e4014f183c31cc529e421,2023/12/5(‰Î) 20:00
lmaga,Lmaga.jp,’©ƒhƒ‰wƒuƒMƒEƒMx‘æ48‰ñi12Œ6“újE‰H’¹i‘íK„j‚©‚ç‚Ìv‚í‚Ê’ñˆÄ‚ÉA‹Á‚«‚ğ‰B‚¹‚È‚¢ƒXƒYqiï—¢j‚Æ‚è‚Âqi‹e’n™zqj,https://news.yahoo.co.jp/articles/ade41c959a2c7be782f47764c7fc7888f45dfb5b,2023/12/5(‰Î) 19:30
lmaga,Lmaga.jp,u‚©‚Â‚âvl‹C‚Ì‚S•i‚ª‚U‚O‚T‰~‹Ïˆê‚ÉAÅ‘å‚Å‚R‚T‚Q‰~‚¨“¾@‚S“úŠÔŒÀ’è‚ÌŠ´ÓÕ,https://news.yahoo.co.jp/articles/3d221718bbdb042d29079887ad08c95b25b449e6,2023/12/5(‰Î) 18:30
lmaga,Lmaga.jp,‰•åE“‚Ìu‘åã”­ƒTƒCƒRƒ‚«‚Á‚Õv—‘IÒ‚É˜N•ñI Ä’Š‘I‚ªƒXƒ^[ƒg@ ‰•œ‚T‚O‚O‚O‰~‚ÅL“‡‚â”‘½‚Ö,https://news.yahoo.co.jp/articles/c47f34156e0443f724f88b943a5abe3198967619,2023/12/5(‰Î) 17:30
lmaga,Lmaga.jp,ƒpƒlƒbƒg[ƒl‚È‚ÇƒNƒŠƒXƒ}ƒX‚ÌƒXƒC[ƒc‚ª‘±XA‘åŠÛ_ŒË“X‚ÉŠúŠÔŒÀ’è‚Å“oê,https://news.yahoo.co.jp/articles/5cbc7e020e1ea36910592d0afa2f6b0689d772b1,2023/12/5(‰Î) 17:00
lmaga,Lmaga.jp,‚‹‰Hƒpƒ“E”T‚ª”üAƒRƒ“ƒrƒj‰ŠÄC¤•i‚ğuƒtƒ@ƒ~ƒ}v‚Å”Ì”„ƒXƒ^[ƒg,https://news.yahoo.co.jp/articles/6493f4d292bcd579eec8b0c527cf341f5db9b964,2023/12/5(‰Î) 14:00
lmaga,Lmaga.jp,ƒtƒ@ƒbƒVƒ‡ƒ“‚²ˆÓŒ©”ÔEƒhƒ“¬¼A‘ŠÈH“°‚ÅhŒû‘SŠJƒƒP@“¹s‚­ƒMƒƒƒ‹‚ÌƒZƒ“ƒX‚Éu‚T‚O“_Ivy‘ŠÈH“°z,https://news.yahoo.co.jp/articles/5eb3f4dc294ea07ef61bb69f5acd156662bbc32e,2023/12/5(‰Î) 13:00
lmaga,Lmaga.jp,‚¨‚µ‚á‚ê‚µ‚ÄH‚×‚é’èHH ‘åãE“ï”g‚ÌuÛˆóH“°v‚É“~‚ÌŒÀ’èƒƒjƒ…[,https://news.yahoo.co.jp/articles/ccad6efc528496293b003a8133e6c703925d0bf1,2023/12/5(‰Î) 12:45
lmaga,Lmaga.jp,lç“ªgE“s’z‚ª‹KŠiŠO‚Ìƒtƒ@ƒbƒVƒ‡ƒ“”â˜IAuÎ‚¢ƒ[ƒv‚Ì‘ŠÈ—·‚Éƒmƒu•ğ‚êuÎ‚©‚¹Iv,https://news.yahoo.co.jp/articles/bd00dded84b11b378103133bf6530c9c08278328,2023/12/5(‰Î) 12:35
lmaga,Lmaga.jp,‚Ç‚ñ‚È‚Æ‚«‚àuƒnƒbƒs[™ƒuƒMv„Ÿ„Ÿ¡T‚Ì”ß‚µ‚¢ƒXƒg[ƒŠ[‚É‚±‚»Šˆ‚«‚éå‘è‰ÌAwƒuƒMƒEƒMx§ì“Š‡‚ªŒê‚é‹È‚É‚ß‚½v‚¢,https://news.yahoo.co.jp/articles/54b1aef4bf47d981cbcb8fecf1ad4e8c9a1d974b,2023/12/5(‰Î) 8:15
lmaga,Lmaga.jp,ƒLƒbƒUƒjƒAbq‰€‚É‚Ü‚½uƒKƒ`‚·‚¬‚évE‹Æ‘ÌŒ±AƒJƒ‹ƒeƒBƒG‚Ì–²Š‚¤,https://news.yahoo.co.jp/articles/9305c4ad808cf6ebc7eec22f2003c7ed6901008a,2023/12/5(‰Î) 7:00
lmaga,Lmaga.jp,“¡Œ´‹IA•vEˆ¤”V•‚Æ‰‹¤‰‰u’‡‚ª‚æ‚ë‚µ‚­‚È‚¢–ğA‚¨Å‹‚Í‚â‚è‚â‚·‚©‚Á‚½v,https://news.yahoo.co.jp/articles/b960c8aa2508e03c4611c7efeda282fb5706228d,2023/12/4(Œ) 21:30
lmaga,Lmaga.jp,å‰‰‰f‰æ‚ª‘åƒqƒbƒg‚àA‚f‚`‚b‚j‚su•’Ê‚ÉŒ¾‚¤‚ÆƒpƒNƒŠA‚QTŠÔ‚­‚ç‚¢‚ÅŒöŠJ’†~‚Év,https://news.yahoo.co.jp/articles/6089d194e2c1ce18735f76d312cb8828bd8c5348,2023/12/4(Œ) 21:00
lmaga,Lmaga.jp,•Ÿ—ˆƒXƒYq‚Æ‚»‚ÌŠy’cAn“®I VƒLƒƒƒ‰‚Ì–¼‘O‚ÉA‹’®Ò‚´‚í‚Â‚­u‚È‚ñ‚©•·‚¢‚½‚±‚Æ‚ ‚écvyƒuƒMƒEƒMz,https://news.yahoo.co.jp/articles/6db1ec2689d7b789d5c684083ebee45b416e94f0,2023/12/4(Œ) 19:30
lmaga,Lmaga.jp,ƒ_ƒuƒ‹ƒqƒKƒV‚ª‰‚Ìu‚l|‚Pv€ŒˆŸ‚ÖAƒƒCƒ‹ƒhƒJ[ƒh‚ÅuÅŒã‚Ì‚P˜gvŸ‚¿æ‚é,https://news.yahoo.co.jp/articles/f2aaf478e672fca699ac405f533ff2f9c747d4d6,2023/12/4(Œ) 19:00
lmaga,Lmaga.jp,‚t‚r‚iƒN[ƒ‹ƒWƒƒƒpƒ“‚Q‚O‚Q‚S‚ÌŠJÃŒˆ’èAw–l‚Ìƒq[ƒ[ƒAƒJƒfƒ~ƒAx‚Æ‘Ò–]‚Ì‰ƒRƒ‰ƒ{‚Å‚r‚m‚rŠ½Šì,https://news.yahoo.co.jp/articles/967eb874ea602486793afff5f597b9f540551304,2023/12/4(Œ) 18:15
lmaga,Lmaga.jp,ŠÖ¼‘Û‹ó`‚Ì‘Ûüo”­ƒGƒŠƒA‚ªƒŠƒjƒ…[ƒAƒ‹A‹ó`‰‚È‚ÇV‚½‚É‚Q‚V“X•Ü,https://news.yahoo.co.jp/articles/f81010a52a3de021ebfdba296bae701ff3ffb2e0,2023/12/4(Œ) 17:00
lmaga,Lmaga.jp,“X•Ü‹}‘‚Ìuƒo[ƒK[ƒLƒ“ƒOvA‘åã‚Q‚O“X•Ü–Ú‚Å‚Â‚¢‚É”~“c‚É@‚r‚m‚r‚Å—v–]‚Ìº‘½‚­,https://news.yahoo.co.jp/articles/e8717ae4bb669ff1754ebb6a6b32c2ef2974b351,2023/12/4(Œ) 13:00
lmaga,Lmaga.jp,‰ª“cyˆêu‚Ğ‚çƒp[ŒZ‚³‚ñv‘±“Š”­•\‚Q“úŒãAV‚b‚l‚Åƒhƒ„Šçu‘Ò‚Á‚Ä‚Ü‚µ‚½Iv,https://news.yahoo.co.jp/articles/daddf59b68746126e409bd7de41a1c1402355b08,2023/12/4(Œ) 11:15
lmaga,Lmaga.jp,ƒEƒƒ_ƒ`[ƒYƒ‰ƒ{A“ìŠCE“ï”g‰w‚RŠK‚ÉVƒuƒ‰ƒ“ƒh‚ğ‚P‚QŒ‚W“ú‚ÉƒI[ƒvƒ“,https://news.yahoo.co.jp/articles/2c2c241b4be4eea0fe6e35a654f64c1bc52d115a,2023/12/4(Œ) 8:30
lmaga,Lmaga.jp,’©ƒhƒ‰wƒuƒMƒEƒMx‘æ47‰ñi12Œ5“újE˜Z˜Yi•èàŠ‘ãj‚ªí€‚µ‚½‚Æ•ñ‚¹‚ª“Í‚«AƒXƒYqiï—¢j‚Æ”~‹gi–ö—t•q˜Yj‚Í•ğ‘R,https://news.yahoo.co.jp/articles/1f06b0275c669d919e8e88c6495674575a254230,2023/12/4(Œ) 8:15
lmaga,Lmaga.jp,ƒOƒ‰ƒrƒA‚É‚à’§íI‚P‚VÎ‚ÌŒ»–ğ—q‚¶ƒAƒCƒhƒ‹E‚¿‚Î‚Ğ‚È‚Ì‚É‚P‚OŒÂ‚Ì¿–â,https://news.yahoo.co.jp/articles/cb44629f2ad7f2172dfe0cac2a1680657cd9b96f,2023/12/3(“ú) 21:00
lmaga,Lmaga.jp,NHK‘å‰Íƒhƒ‰ƒ}w‚Ç‚¤‚·‚é‰ÆNx‘æ47‰ñi12Œ10“új‚ ‚ç‚·‚¶E—¢‚Ì–S—ì,https://news.yahoo.co.jp/articles/a9207ce2d993fad72052f376407d97b13c015ec7,2023/12/3(“ú) 20:45
lmaga,Lmaga.jp,’©ƒhƒ‰wƒuƒMƒEƒMx‘æ46‰ñi12Œ4“újEƒXƒYqiï—¢j‚Ì‚à‚Æ‚É’‡ŠÔ‚ªW‚¢A©g‚ÌŠy’c‚ğŠø—g‚°‚·‚é,https://news.yahoo.co.jp/articles/f23bfc1bc3f483963e93d12f985e1290251deee0,2023/12/3(“ú) 19:30
lmaga,Lmaga.jp,ƒIƒŠƒbƒNƒX“Ú‹{—T^E“ŒW•½‚ç‚S‘Iè‚É‚R‚O‚O‚Ol‚ª‘åŠ½ºA‘åã‚Ì—V‰€’nu‚Ğ‚çƒp[v‚Åƒtƒ@ƒ“‚ÆŒğ—¬,https://news.yahoo.co.jp/articles/51cfa1bb4477f6b2c6161b5ee93cc4c4d81961ed,2023/12/3(“ú) 16:30
lmaga,Lmaga.jp,_ŒË‹‚ª‚P‚O‚O‚O‰~‚ÅI ƒnƒ“ƒo[ƒK[ƒ`ƒF[ƒ“‚Ìu–{‹Cƒƒjƒ…[vÄ‚Ñ,https://news.yahoo.co.jp/articles/bc91826a172552d0a24477d570836fdc9b72ab07,2023/12/3(“ú) 12:00
lmaga,Lmaga.jp,l‹Cƒuƒ‰ƒ“ƒhEƒtƒFƒCƒ‰[‚Æƒzƒeƒ‹ƒjƒ…[ƒI[ƒ^ƒj‘åã‚ªƒRƒ‰ƒ{AD•]‚ÌŠé‰æ‚©‚çuƒkƒ“Šˆv‚ª’a¶,https://news.yahoo.co.jp/articles/3f55f8932f79d388dd4071d4d417a0f066c5ec72,2023/12/3(“ú) 11:00
lmaga,Lmaga.jp,‘åãEˆ¢”{–ìuƒnƒ‹ƒJƒX‚R‚O‚OvA‚Q‚O‚Q‚S”N‰“ú‚ÌoŠÓÜŒ”‚Í‚Uí—Ş,https://news.yahoo.co.jp/articles/e0f3e648955683ecc790b806469b08364fbee913,2023/12/3(“ú) 9:00
lmaga,Lmaga.jp,ƒAƒ“ƒoƒTƒ_[Œµ‘I‚Ì‚±‚¾‚í‚èƒAƒCƒX‚ª‘åã‚ÉWŒ‹AR£‚âƒAƒbƒvƒ‹ƒpƒC–¡‚à,https://news.yahoo.co.jp/articles/d439c5d0005beea9406c5f156803ec6dcf518d95,2023/12/3(“ú) 8:00
lmaga,Lmaga.jp,ŠCã‚ÅŒ©‚é‰“ú‚ÌoAŒ³’U‚Ì’W˜H“‡‚Åu‚¤‚¸’ªƒNƒ‹[ƒYvoq,https://news.yahoo.co.jp/articles/49f82e1a1ea9a8602ed2fb11d5b0864eced187a8,2023/12/3(“ú) 7:00
lmaga,Lmaga.jp,”o—D‚Æbˆãt‚ğ–Úw‚·›“cSAq‚Ç‚à‚½‚¿‚É^•‚É‰ñ“šuŠÔ‚Í—LŒÀA“w—Í‚Í–³ŒÀv,https://news.yahoo.co.jp/articles/3b4c8fea974982c17249325e994de7db79466049,2023/12/2(“y) 21:30
lmaga,Lmaga.jp,ƒfƒrƒ…[‚Q‚Tü”N‚Åi‰»‘±‚¯‚é‚b‚j‚aƒTƒEƒ“ƒh‚ğŠ¬”\Aƒrƒ‹ƒ{[ƒhƒ‰ƒCƒu‚ÅæÒ‘ò‚È–é,https://news.yahoo.co.jp/articles/f249268ff7e1e8a794de2241445b46508c88e9c9,2023/12/2(“y) 20:00
lmaga,Lmaga.jp,ƒuƒMƒEƒMŸT—\‚ªŒöŠJA•s‰¸‚ÈƒTƒuƒ^ƒCƒgƒ‹‚É‚r‚m‚r”ß–Âu‚Ü‚³‚©‚»‚ñ‚Ècvu‚à‚¤‹ƒ‚¢‚Ä‚év,https://news.yahoo.co.jp/articles/879c96bbefa2779b27d7edc4e618486fa75910ca,2023/12/2(“y) 19:30
lmaga,Lmaga.jp,‚¨‚©‚¦‚èI•ºŒÉ‚Ì–¼Šu_ŒËƒ|[ƒgƒ^ƒ[v‚ª–ñ‚Q”N‚Ô‚è‚Éƒ‰ƒCƒgƒAƒbƒv,https://news.yahoo.co.jp/articles/d7af8b4d4150eb9f4c43ada8107f2b3d1b331641,2023/12/2(“y) 19:00
lmaga,Lmaga.jp,–œ”Œö‰€‚ÌƒVƒ“ƒ{ƒ‹u‘¾—z‚Ì“ƒv‚Ì–é‚ÌŠç‚ğŠy‚µ‚ŞA‘S‚‚V‚‚Ì‹‘åƒcƒŠ[‚àV‚½‚É,https://news.yahoo.co.jp/articles/91fd75865f8e60b8650f1b5f7d21b0a246961082,2023/12/2(“y) 16:00
lmaga,Lmaga.jp,—rã»‚ğH‚×‚Ä•Ÿ‚ğŒÄ‚ÔA‹“s‚Ì˜a‰Ùq“X‚Å‰‹N•¨ƒXƒC[ƒc“oê,https://news.yahoo.co.jp/articles/2fbe931f2588bf8a6fd4e3956d5685ffb4249ed8,2023/12/2(“y) 14:00
lmaga,Lmaga.jp,‰ª“cyˆê‚Ì‘±“ŠŒˆ’èAu‚Ğ‚çƒp[ŒZ‚³‚ñv‚È‚º‚±‚ñ‚È‚É‚àˆ¤‚³‚ê‚éH@‰ß‹‚Ì‹ÆÑ‚ğU‚è‚©‚¦‚è,https://news.yahoo.co.jp/articles/3de9b719300b30aa94ac65619e3b92c3c3958336,2023/12/2(“y) 13:45
lmaga,Lmaga.jp,ŠÛ‹T»–Ë‚Ìu‚¤‚Ç‚ñ•Ù“–vA¡”N‚Ì“~‚Í‚P‚Q’Ê‚è‚Ì‘g‚İ‡‚í‚¹,https://news.yahoo.co.jp/articles/08e52bb6231ad5da86a95676d5bb2c9f8804d4ef,2023/12/2(“y) 12:00
lmaga,Lmaga.jp,‘åãE‚’Îs‚É‘å‹N…YAV‘N‚ÈŠC‘N‚ªW‚¤•¡‡“X‚ªƒI[ƒvƒ“,https://news.yahoo.co.jp/articles/33730d5ac86eaa075cd11cd0d65ecc044043fa80,2023/12/2(“y) 11:00
lmaga,Lmaga.jp,‘åã‚ÅuƒfƒBƒYƒj[‰v‚Ì–v“üŒ^ƒCƒxƒ“ƒg ƒAƒiá‚Éƒ‰ƒvƒ“ƒcƒFƒ‹c–¼ê–Ê‚Ã‚­‚µ‚Ì–²‚Ì¢ŠE,https://news.yahoo.co.jp/articles/e67da4b865b4bec909e04be6b8af20798493b0e4,2023/12/2(“y) 10:00
lmaga,Lmaga.jp,uƒrƒA[ƒhƒpƒpv‚Ì•Ÿ‘ÜAƒVƒ…[ƒNƒŠ[ƒ€‚âŠ„ˆøŒ”ƒZƒbƒg‚ÅÅ‘å‚X‚V‚V‰~‚¨“¾‚É,https://news.yahoo.co.jp/articles/c379fb8ed60da6bdfacd37b2be4a10a718c75b88,2023/12/2(“y) 9:00
lmaga,Lmaga.jp,˜V•Ü‚ÌòBƒ^ƒIƒ‹‚ÆƒRƒ‰ƒ{AƒVƒ“ƒvƒ‹ƒCƒYƒxƒXƒg‚È‘åãƒƒgƒ‚Ìu˜Hü}vƒ^ƒIƒ‹‚ªV“oê,https://news.yahoo.co.jp/articles/4a9897658ec0aa447fe666809452b489a31bb25f,2023/12/2(“y) 8:00
lmaga,Lmaga.jp,ƒJƒxƒ|ƒXƒ^[A‚m‚l‚a•½R^ˆß‚É‘I‚Î‚ê‚¸ƒCƒW‚¯‚éuD‚«‚È‚ñ‚Å‚·‚¯‚Ç‚Á‚Äcv,https://news.yahoo.co.jp/articles/35078a02bd69b454d80c39d0197b6f58c659974b,2023/12/2(“y) 7:00
lmaga,Lmaga.jp,¼–{—²‚àâ^‚·‚é‰Ì¢ŠEA‹gàV‰Ã‘ãq‚Ì‘åãE”~“cƒNƒAƒgƒŒö‰‰‚ª‚Q“ú”­”„,https://news.yahoo.co.jp/articles/780993a510528bb8dbeae62cf22a425f73c80a30,2023/12/1(‹à) 21:30
lmaga,Lmaga.jp,ŠJ–‹‚T‚O‚O“ú‘OA‘åãs–ğŠ‚Ì³–ÊŒºŠÖ‘O‚Éu‹‘åƒ~ƒƒƒNƒ~ƒƒƒNv‚ªoŒ»,https://news.yahoo.co.jp/articles/e344d6a6c6d7bee0616d54710afea9d4d00b101b,2023/12/1(‹à) 20:30
lmaga,Lmaga.jp,‘åãEV¡‹{‚Ìƒzƒeƒ‹‚Åu‹øƒJƒcƒcƒŠ[v‚ª“_“”AƒTƒ“ƒ^ƒrƒŠƒPƒ“‚³‚ñ‚Éq‚Ç‚à‚½‚¿‚à‘å‚Í‚µ‚á‚¬,https://news.yahoo.co.jp/articles/909cecaf0bbb6658caeb18edc37246d7e2019eac,2023/12/1(‹à) 20:25
lmaga,Lmaga.jp,wƒuƒMƒEƒMxƒXƒYq‚ªŠy’c‚ğ—§‚¿ã‚°A‚»‚Ì–¼‘O‚ª˜b‘èu‘åä•v‚È‚â‚ÂHv•Ê‚ê‚Ìƒuƒ‹[ƒX‚Ìƒtƒ‹ƒo[ƒWƒ‡ƒ“‚àŒöŠJ,https://news.yahoo.co.jp/articles/45b84cf127a6490a949ef96b82cf405127f54258,2023/12/1(‹à) 19:45
lmaga,Lmaga.jp,¬–é‚Ì“oêAˆ«‰»‚·‚é”~‹g‚Æ‚ÌŠÖŒWc’©ƒhƒ‰wƒuƒMƒEƒMx‘æ9TU‚è‚©‚¦‚èi12Œ2“újEƒJƒJƒV‚İ‚½‚¢‚Èƒƒe,https://news.yahoo.co.jp/articles/f206eaa19a140b84c1f7818954598cecfe153a4e,2023/12/1(‹à) 19:30
lmaga,Lmaga.jp,’†“cƒJƒEƒXu–ŸË‚Í¢P§‚ª‚È‚¢‚Ì‚Å—Ç‚¢v—«ƒtƒ@ƒ“‚ª‹}‘‚µ‚½‰ß‹Œê‚é,https://news.yahoo.co.jp/articles/5cd3a289f08e0e86efa05e1b4ac2d24a8dc9aba0,2023/12/1(‹à) 19:15
lmaga,Lmaga.jp,u‚à‚¤ˆêŠ¥ƒQƒbƒg‚âIvã_E‰ª“cŠÄ“Â‚ÌuƒAƒŒv—¬sŒê‘åÜ‚Éj•Ÿ‚Ìº,https://news.yahoo.co.jp/articles/24d1ff4f54ac63e7381e579c7f7c07ee8f4b36e6,2023/12/1(‹à) 18:30
lmaga,Lmaga.jp,¡”N‚Ì–Ú‹Ê‚Í•Xã‚ÌƒeƒBƒ‰ƒmƒTƒEƒ‹ƒXH ‹“ss—Bˆê‚Ì‰®ŠOƒXƒP[ƒgƒŠƒ“ƒN‚ªŠúŠÔŒÀ’èƒI[ƒvƒ“,https://news.yahoo.co.jp/articles/5efefa31ad8bfb2c3e32c4c403f467eb47388d8d,2023/12/1(‹à) 15:30
lmaga,Lmaga.jp,ƒ}ƒNƒhƒiƒ‹ƒh‚Ìuƒr[ƒtƒVƒ`ƒ…[ƒpƒCv‚ª¡”N‚à“oêA‚r‚m‚r‚ÉŠì‚Ñ‚Ìºu‚R‚OŒÂ‚ÍH‚×‚év,https://news.yahoo.co.jp/articles/900b8979a277ea8f4ae5c51289b74e803676c6a8,2023/12/1(‹à) 13:30
lmaga,Lmaga.jp,’N‚Å‚à‚Ü‚ñ‚Ü‚é‚Èu‚í‚½‚ ‚ßvì‚ê‚éH ƒNƒŠƒXƒ}ƒX‚ÉŠˆ–ô‚µ‚»‚¤‚È‰Æ’ë—p‚í‚½‚ ‚ß‹@‚ª’a¶,https://news.yahoo.co.jp/articles/3944a6a4b90f5bc98a41f323a376fdb8bdf85acf,2023/12/1(‹à) 12:30
lmaga,Lmaga.jp,ŠC˜V‚âƒJƒj‚É“÷•Ù“–A•ºŒÉu_ŒËã‹}v‚Å‹‰Ø‚È–kŠC“¹ƒOƒ‹ƒƒCƒxƒ“ƒg,https://news.yahoo.co.jp/articles/ef938b0fa9a8e465681d796e476aa9505f576ffa,2023/12/1(‹à) 9:00
lmaga,Lmaga.jp,‹“s”­‚Ì‚©‚í‚¢‚·‚¬‚éuƒnƒ€ƒXƒ^[ƒ‚ƒiƒJvA¡”N‚àg”’ƒo[ƒWƒ‡ƒ“‚ª“oê,https://news.yahoo.co.jp/articles/bc2863f4f988129da96076e5d5b7b462e5200444,2023/12/1(‹à) 7:00
lmaga,Lmaga.jp,”N––”Nn‚É‚àg‚¦‚éuÂt‚P‚W‚«‚Á‚ÕvA‚P‚QŒ‚P“ú‚©‚ç“~‹G—p‚Ì”­”„ƒXƒ^[ƒg,https://news.yahoo.co.jp/articles/2085e57f6c6d9b3894b1ca48aaa055973f4cd1d2,2023/12/1(‹à) 6:30
lmaga,Lmaga.jp,‘åã‰wƒEƒG‚Éu“úƒv—qvƒJƒtƒF‚ªƒI[ƒvƒ“AƒRƒ‰ƒ{ƒt[ƒh‚Å„‚µ‚ğ‰‰‡,https://news.yahoo.co.jp/articles/a531084399db998eb6fd1ffa4e1fe062398be9e5,2023/11/30(–Ø) 22:00
lmaga,Lmaga.jp,–œ”‚T‚O‚O“ú‘OƒCƒxƒ“ƒg‚ªŠJÃA‹g‘º’m–‚ªƒtƒbƒgŒã“¡‚ÉƒcƒbƒRƒ~ày—ô@u–Ø‘¢ƒŠƒ“ƒOv‚É‚Â‚¢‚ÄƒRƒƒ“ƒg‚à,https://news.yahoo.co.jp/articles/44f5e27e8e62d370fdccf20f4e692d36bcaf4d76,2023/11/30(–Ø) 21:00
lmaga,Lmaga.jp,d‰ª‘å‹B•ŠÔ‹{Ë‘¾˜N•’†ğ‚ ‚â‚İ‚ª‘åãE‚Ä‚ñ‚µ‚Î‚ÉA“Ë‘R‚Ì—“üÒ‚ÉŒË˜f‚¢u‚È‚ñ‚â‚±‚êIIv,https://news.yahoo.co.jp/articles/f67e3894ce7362e54fafcab024679d418a5b3aa9,2023/11/30(–Ø) 20:35
lmaga,Lmaga.jp,‘åãEŠÖ¼–œ”‚ÉŒü‚¯cu‘d—Ê‚Pƒgƒ“’´‚¦v‚Ì‹‘åƒ‚ƒjƒ…ƒƒ“ƒg“oê@–¾“ú‚æ‚è‘åãs–ğŠ‚Éİ’u,https://news.yahoo.co.jp/articles/deb4fe3e5153625dfaccf97bf6ccc7b0856fd90b,2023/11/30(–Ø) 20:05
lmaga,Lmaga.jp,”~ŠÛ‚Ì‰ğU‚Æ•ƒ‚Ì‘ß•ßc‹ê‚µ‚¢“WŠJ‘±‚«‚É‚r‚m‚r’Q‚«‚Ìºu¡T‚¸‚Á‚Æ‚µ‚ñ‚Ç‚¢vyƒuƒMƒEƒMz,https://news.yahoo.co.jp/articles/517f450b6881faaa75583a0e3754c7cbf7127a33,2023/11/30(–Ø) 20:00
lmaga,Lmaga.jp,‚i‚q¼“ú–{‚©‚çƒ~ƒƒƒNƒ~ƒƒƒNd—l‚Ìu“dÔ•VŠ²üv“oêA‡Ÿ‰^sƒXƒ^[ƒg,https://news.yahoo.co.jp/articles/ea890588a6fffbe2625a2e8e1630ff5382145c22,2023/11/30(–Ø) 19:45
lmaga,Lmaga.jp,’©ƒhƒ‰wƒuƒMƒEƒMx‘æ45‰ñi12Œ1“újEŠy’c‚ª‰ğU‚µA¡Œã‚É”Y‚ŞƒXƒYqiï—¢j‚ª‚è‚Âqi‹e’n™zqj‚ÌƒRƒ“ƒT[ƒg‚ğŠÏ‚És‚­,https://news.yahoo.co.jp/articles/c6aa0e23b675588100f2b8d124aa994750ffb5ce,2023/11/30(–Ø) 19:30
lmaga,Lmaga.jp,ƒ~ƒXƒh‚Ì‚QFƒh[ƒiƒcuƒUƒN‚à‚Á‚¿v‚ÉV¤•iAƒJƒŒ[‚â–¾‘¾q,https://news.yahoo.co.jp/articles/bd1528b91270191210418c6245ac7c37f372cded,2023/11/30(–Ø) 19:15
lmaga,Lmaga.jp,Å‘å‚S‚V“ˆø‚«‚àAu‘åãEŠÖ¼–œ”v‘O”„ƒ`ƒPƒbƒg”Ì”„ŠJn‚É‘åãs’·u„‚Í”NƒpƒXv,https://news.yahoo.co.jp/articles/ebf312b0f794fa4e76b3bfd11a049881db23197c,2023/11/30(–Ø) 19:00
lmaga,Lmaga.jp,_ŒËE–k–ì‚Ìƒpƒ“‰®‚ªuŠÖ¼‘Û‹ó`v‚É‚àioA‘’©‚É‚¤‚ê‚µ‚¢’©HƒZƒbƒg‚à,https://news.yahoo.co.jp/articles/d1e5c57f937272408b5fc4c90e526de927d8bf80,2023/11/30(–Ø) 18:45
lmaga,Lmaga.jp,u‚©‚í‚¢‚·‚¬‚Ä–ãâIv_ŒË‚Ç‚¤‚Ô‚Â‰¤‘‚ÌƒRƒAƒŠƒNƒC‚ÌÔ‚¿‚á‚ñ,https://news.yahoo.co.jp/articles/9a22c829c4464f5a2f8573c1f043d3eb8ff858be,2023/11/30(–Ø) 18:30
lmaga,Lmaga.jp,‘S•Ä‚ğk‚³‚¹‚½ƒzƒ‰[‰f‰æ‚ÆB‰eAƒ†ƒjƒo[ƒTƒ‹EƒVƒeƒBƒEƒH[ƒN‘åã‚É“ÁİƒtƒHƒgƒu[ƒX,https://news.yahoo.co.jp/articles/6b93b0fc94b0b72768f8bcee29354b816e77e500,2023/11/30(–Ø) 17:30
lmaga,Lmaga.jp,y‚Ç‚¤‚·‚é‰ÆNz‰ÆN‚ÌˆÅ—‚¿‚ğ‹~‚Á‚½ŒZ‚ªÄ“oêAó‚¯Œp‚ª‚ê‚éu‰¤“¹v‚Ö‚Ì•à‚İ,https://news.yahoo.co.jp/articles/0c3c9714a2e43f42278780dbea732a549927f475,2023/11/30(–Ø) 17:00
