media_en,media_jp,title_articles,link_articles,date_original
bazaar,Harperfs BAZAARiƒn[ƒp[ƒY ƒoƒU[j,ƒ_ƒCƒAƒi”Ü‰‰‚¶‚½”o—DAu–Vå~ƒm[ƒpƒ“ƒcv‚ÌÕŒ‚ƒ‹ƒbƒN‚Å‰p‘ƒAƒJƒfƒ~[ÜöÜ®‚ÉoÈI,https://news.yahoo.co.jp/articles/a6bca1489d066d92430f67f78443d8a4df64e273,2/20(‰Î) 22:20
bazaar,Harperfs BAZAARiƒn[ƒp[ƒY ƒoƒU[j,"‰f‰æÜ‚Å‚Í""Š®”s""‘±‚«...Bwƒo[ƒr[xå‰‰”o—D‚ªA‚ß‚°‚¸‚É""ƒsƒ“ƒN~•""‚ÌƒhƒŒƒX‚ÅƒŒƒbƒhƒJ[ƒyƒbƒg‚É“oê",https://news.yahoo.co.jp/articles/197bfc0f9ef294587df2d7d620e87ccb3e1bf0fc,2/20(‰Î) 21:20
bazaar,Harperfs BAZAARiƒn[ƒp[ƒY ƒoƒU[j,ã‹@Œ™Hƒwƒ“ƒŠ[‰¤q&ƒ[ƒKƒ“”ÜAInƒ‰ƒuƒ‰ƒu‚¾‚Á‚½ƒJƒiƒ_–K–â‚Ì—·‚ğu‹‰Ø‚È”Ó`‰ïv‚Å’÷‚ß‚­‚­‚é,https://news.yahoo.co.jp/articles/6a7e6e58d54d1a34c36bbd2322155c2b3caa3f85,2/20(‰Î) 20:20
bazaar,Harperfs BAZAARiƒn[ƒp[ƒY ƒoƒU[j,ƒwƒ“ƒŠ[‰¤q‚ª‚Â‚¢‚ÉuƒAƒƒŠƒJ‘Ğv‚ğæ“¾c ƒƒCƒ„ƒ‹ƒƒ“ƒo[‚ªgd‘Ğh‚É‚È‚é‚±‚Æ‚É‚Â‚¢‚Ä‰ğà,https://news.yahoo.co.jp/articles/894e031d0ff487bbe58f29c7c037668c2ff034c6,2/20(‰Î) 19:20
bazaar,Harperfs BAZAARiƒn[ƒp[ƒY ƒoƒU[j,"wƒvƒ‰ƒ_‚ğ’…‚½ˆ«–‚xwƒNƒƒCƒGƒbƒgEƒvƒŒƒCƒXx‚Å‚¨“éõ‚İl‹C”o—DA""—_•—ƒhƒŒƒX""‚ÅƒŒƒbƒhƒJ[ƒyƒbƒg‚É“oê",https://news.yahoo.co.jp/articles/fa3b1e0120671489b89bb6e80209188a4dd8b8c3,2/19(Œ) 22:20
bazaar,Harperfs BAZAARiƒn[ƒp[ƒY ƒoƒU[j,"66Î‚Ìu”üƒ{ƒfƒBv‚ªà“¾—Í‘åI l‹CƒgƒŒ[ƒi[‚ªŠÈ’P‚·‚¬‚é""‘¾‚à‚à•‚¨K""ˆø‚«’÷‚ß–@‚ğƒVƒFƒA",https://news.yahoo.co.jp/articles/28d50dc0a7dc0be4ca395cf0f109b66d2561aa9f,2/19(Œ) 21:20
bazaar,Harperfs BAZAARiƒn[ƒp[ƒY ƒoƒU[j,"ƒZƒNƒV[‚È""Œ¨‚¾‚µ""‚ªå—¬ ‰p‘ƒAƒJƒfƒ~[Ü2024‚Å–£‚¹‚½A‹‰ØƒZƒŒƒu‚Ì‚¨–Ú—§‚¿ƒhƒŒƒX5‘I",https://news.yahoo.co.jp/articles/c70f095da67bbd1ef5daeb919e51bce5141982b8,2/19(Œ) 20:20
bazaar,Harperfs BAZAARiƒn[ƒp[ƒY ƒoƒU[j,“IŠO‚êcHƒwƒ“ƒŠ[‰¤qAƒ`ƒƒ[ƒ‹ƒY‘‰¤‚Ì‚ª‚ñf’f‚É‚Â‚¢‚Äu„‚Í‰Æ‘°‚ğˆ¤‚µ‚Ä‚¢‚év‚ÆˆÙ—á‚ÌƒRƒƒ“ƒg‚ğ”­•\,https://news.yahoo.co.jp/articles/6807005df6224a542ca7315331144e5be63c5bc8,2/19(Œ) 19:20
bazaar,Harperfs BAZAARiƒn[ƒp[ƒY ƒoƒU[j,ƒhƒŒƒX‚ª’ˆ‚É•‚‚¢‚Ä‚é...  l‹C”o—DAVì‰f‰æƒvƒŒƒ~ƒA‚Åu‹Á‚«‚Ìƒtƒ@ƒbƒVƒ‡ƒ“v‚ğ”â˜I,https://news.yahoo.co.jp/articles/3af34df6b30b30c0174a5ad8aaed52c712a385cd,2/18(“ú) 22:20
bazaar,Harperfs BAZAARiƒn[ƒp[ƒY ƒoƒU[j,55Î‚ğŒ}‚¦‚½wƒtƒŒƒ“ƒYx”o—DA20‘ã‚ÆŒ»İ‚Ìp‚ğ”äŠr‚µu¡‚Ì‚Ù‚¤‚ªSg‚Æ‚à‚ÉŒ’Nv‚¾‚ÆŒê‚é,https://news.yahoo.co.jp/articles/f3b1af2165fb63d394c158aba013c584764db152,2/18(“ú) 21:20
bazaar,Harperfs BAZAARiƒn[ƒp[ƒY ƒoƒU[j,å—vƒƒ“ƒo[“¬•a’†‚Écƒwƒ“ƒŠ[‰¤q•ƒ[ƒKƒ“”Ü‚ªèŒq‚¬‚âŒ¨‚­‚İ‚È‚ÇgŒöŠJƒCƒ`ƒƒƒCƒ`ƒƒh‚ÅƒJƒiƒ_–K–â‚ğ–‹i,https://news.yahoo.co.jp/articles/2bed789d36e898b603a4dcc82f1a4f62cad285d5,2/18(“ú) 20:20
bazaar,Harperfs BAZAARiƒn[ƒp[ƒY ƒoƒU[j,¡”N‚Ìt‰Ä‚Íuƒuƒ[ƒ`v‚ªÅd—vƒAƒNƒZƒTƒŠ[‚ÉI¢ŠE“I‰Ì•P‚ÍgŠç‚Ì2”{h‚Ì“Á‘åƒTƒCƒY‚ğ‚Â‚¯‚Ä˜b‘è‚É,https://news.yahoo.co.jp/articles/1c517d7ff24f6bfc428a15c313a017eeec2fb9a1,2/18(“ú) 19:20
bazaar,Harperfs BAZAARiƒn[ƒp[ƒY ƒoƒU[j,34Î‚Ì•Äl‹C”o—DAg‚Ù‚Ú—‡h‚ÈàŠ‚ß‚­ƒlƒCƒLƒbƒhƒhƒŒƒX‚Å“oêI•óÎ‚ªU‚è‚Î‚ß‚ç‚ê‚½‘@×‚ÈƒfƒUƒCƒ“‚ÉÌ^‚Ìº,https://news.yahoo.co.jp/articles/1b29a64f7f365e78a59853e41977a89465cac458,2/17(“y) 22:20
bazaar,Harperfs BAZAARiƒn[ƒp[ƒY ƒoƒU[j,"•s”D¡—Ã‚É‹ê‚µ‚ñ‚¾‚¨‘›‚ª‚¹ƒZƒŒƒui44jA‘§q‚ğö‚©‚Á‚½ ""ƒoƒŒƒ“ƒ^ƒCƒ“—·s"" ‚ğ‰ñ‘z",https://news.yahoo.co.jp/articles/38b1c1a04edb3f1fbe299913e2e9bb6302778b2e,2/17(“y) 21:20
bazaar,Harperfs BAZAARiƒn[ƒp[ƒY ƒoƒU[j,‚»‚Ì‹àŠz‚ÍHƒwƒ“ƒŠ[‰¤q‚ªu“d˜b“’®Ù”»v‚Å¦’k¬—§Ag‘Š“–‚Ìh”…‹à‚ğó‚¯æ‚é‚Æ•ñ‚¶‚ç‚ê‚é,https://news.yahoo.co.jp/articles/b7ce9724be056980af57c6c3a1399d744c365e00,2/17(“y) 20:20
bazaar,Harperfs BAZAARiƒn[ƒp[ƒY ƒoƒU[j,˜VŠá‚¾‚Æv‚Á‚½‚ç—Î“àá‚¾‚Á‚½ƒP[ƒX‚àcu“µ‚ÌŒ’Nv‚ğç‚é‚½‚ß‚É’m‚Á‚Ä‚¨‚«‚½‚¢3‚Â‚ÌKŠµ‚ğ“ú–{lˆãt‚ª‰ğà,https://news.yahoo.co.jp/articles/a45ad447a70429d37cef6a78bee4a60ac543b86f,2/17(“y) 19:20
bazaar,Harperfs BAZAARiƒn[ƒp[ƒY ƒoƒU[j,•º–ğ’†‚ÌBTSƒWƒ‡ƒ“ƒOƒNAu‘f”§{ƒVƒƒƒcv‚Å‘å‹¹‹Ø‚ÆƒVƒbƒNƒXƒpƒbƒN‚ğ”â˜II VƒLƒƒƒ“ƒy[ƒ“‰f‘œ‚ª˜b‘è,https://news.yahoo.co.jp/articles/1eff0353e9d82de612e3d74c18835378a1f33f1a,2/16(‹à) 22:30
bazaar,Harperfs BAZAARiƒn[ƒp[ƒY ƒoƒU[j,"""—Ç‚¢q‚¿‚á‚ñ‘ã•\ƒZƒŒƒu""~¢ŠEˆê‚ÌƒZƒNƒV[o‚³‚ñ‚ÌuˆÓŠOƒRƒ“ƒrv‚ªAƒNƒ‰ƒu‚Å–é—V‚ÑI",https://news.yahoo.co.jp/articles/103454c285105a0e59a941ca365498fe5588920f,2/16(‹à) 21:20
bazaar,Harperfs BAZAARiƒn[ƒp[ƒY ƒoƒU[j,"ƒwƒ“ƒŠ[‰¤q•ƒ[ƒKƒ“”ÜA""ƒJƒbƒvƒ‹Eƒfƒrƒ…[""‚µ‚½v‚¢o‚Ì’nƒJƒiƒ_‚ğÄ–KI",https://news.yahoo.co.jp/articles/30b58e6b88f1f896b61eabb56dc2e16e21d2a331,2/16(‹à) 20:20
bazaar,Harperfs BAZAARiƒn[ƒp[ƒY ƒoƒU[j,ƒwƒ“ƒŠ[‰¤q•ƒ[ƒKƒ“”ÜAu–¢‚¾‚ÉƒƒCƒ„ƒ‹‹Cæ‚èv‚Æ”á”»E“c‹­‹C‚Ìp¨‚ÅƒEƒFƒuƒTƒCƒg‚ğƒŠƒjƒ…[ƒAƒ‹,https://news.yahoo.co.jp/articles/a7f76ad63f53716e9e8d06e8182562b7648f888e,2/16(‹à) 19:21
bazaar,Harperfs BAZAARiƒn[ƒp[ƒY ƒoƒU[j,•x‹”ü—ƒZƒŒƒuAƒ`ƒƒ[ƒ€ƒ|ƒCƒ“ƒg‚Ìƒƒ“ƒOƒwƒA‚©‚ç‚Î‚Á‚³‚èI ˜b‘è‚Ì”o—D”Ş‚Ì‰e‹¿‚Å‘å’_ƒCƒƒ`ƒFƒ“‚©,https://news.yahoo.co.jp/articles/d4d2c991f82ca4c4a932e678acff2b3e791ffc10,2/15(–Ø) 22:20
bazaar,Harperfs BAZAARiƒn[ƒp[ƒY ƒoƒU[j,"ƒ[ƒKƒ“”ÜAVƒz[ƒ€ƒy[ƒW‚ğn“®I ”o—D‘ã‚Ì ""l‹CƒuƒƒO""‚Æ‚ÌˆÓŠO‚È‹¤’Ê“_‚ª–¾‚ç‚©‚É",https://news.yahoo.co.jp/articles/9ccb44af6e1bdcb71299225c6ac336f542a11037,2/15(–Ø) 21:20
bazaar,Harperfs BAZAARiƒn[ƒp[ƒY ƒoƒU[j,wƒXƒpƒCƒ_[ƒ}ƒ“xƒqƒƒCƒ“”o—DAg’·178cm‚ÌˆÙŸŒ³ƒXƒ^ƒCƒ‹‚ğ‚¢‚©‚µ‚½ˆß‘•‚Å˜A“ú’–Ú‚ğW‚ß‚é,https://news.yahoo.co.jp/articles/7d34cda0cced61d1a85970281f5773cac69e84c6,2/15(–Ø) 20:20
bazaar,Harperfs BAZAARiƒn[ƒp[ƒY ƒoƒU[j,70Î‚ÌŒ³‘cƒX[ƒp[ƒ‚ƒfƒ‹‚ªAƒsƒ`ƒsƒ`‚Ìu…’…pv‚ğŒöŠJI”N—î‚ğd‚Ë‚é‚±‚Æ‚ªŠy‚µ‚İ‚É‚È‚éƒAƒhƒoƒCƒX‚àƒVƒFƒA,https://news.yahoo.co.jp/articles/011452c867ef8b0f9acaf9f322a76035579a7564,2/15(–Ø) 19:20
bazaar,Harperfs BAZAARiƒn[ƒp[ƒY ƒoƒU[j,"ƒX[ƒp[ƒ{ƒEƒ‹‚ÌCM‚ÉA’´‘å•¨ƒXƒ^[‰Ìè‚ª ""ƒJƒƒIo‰‰"" ‚µ‚Ä‚¢‚½I 20‘ãŠç•‰‚¯‚ÌƒZƒNƒV[u‚Ö‚»o‚µvƒ‹ƒbƒN‚ğ”â˜I",https://news.yahoo.co.jp/articles/e1718a6b17cf22862a3e22ad102c0a90ddfa7658,2/14(…) 22:30
bazaar,Harperfs BAZAARiƒn[ƒp[ƒY ƒoƒU[j,¢ŠEˆê‰Ò‚®ƒ‚ƒfƒ‹A^‚ÁÔ‚È‹É¬ƒ‰ƒ“ƒWƒFƒŠ[p‚ğ”â˜II180cm‚Ìˆ³Šª”üƒ{ƒfƒB‚ğŒ©‚¹‚Â‚¯‚é,https://news.yahoo.co.jp/articles/6b6e8e58fb192065cd0ea2f55947a9a92ac8e757,2/14(…) 21:20
bazaar,Harperfs BAZAARiƒn[ƒp[ƒY ƒoƒU[j,"uŒ’N“I‚È¶Šˆ‚ğ‘—‚Á‚Ä‚¢‚½‚Ì‚ÉcvƒXƒe[ƒW4‚ÌŒ‹’°‚ª‚ñ‚Æf’f‚³‚ê‚½•ÄƒCƒ“ƒXƒgƒ‰ƒNƒ^[‚ªA""‚·‚×‚Ä‚Ì—«‚½‚¿""‚É“`‚¦‚½‚¢3‚Â‚Ì‚±‚Æ",https://news.yahoo.co.jp/articles/009808b4e5887d6d050cd29ad4e30db1bb35b15e,2/14(…) 20:20
bazaar,Harperfs BAZAARiƒn[ƒp[ƒY ƒoƒU[j,"ƒ[ƒKƒ“”Ü‚ªƒ|ƒbƒhƒLƒƒƒXƒg‚É•œ‹AIƒ^ƒ“ƒNƒgƒbƒvp‚Å ""©M–X‚É"" ˜r‚ğ‘g‚ñ‚¾VƒvƒƒtƒB[ƒ‹Ê^‚ğŒöŠJ",https://news.yahoo.co.jp/articles/b6d7ff8e10e3c8e0f99479e3e2561f8a09fb465c,2/14(…) 19:20
bazaar,Harperfs BAZAARiƒn[ƒp[ƒY ƒoƒU[j,"’´–Ú—§‚Â ""‚¨‘µ‚¢ƒR[ƒf"" ‚ÅƒX[ƒp[ƒ{ƒEƒ‹‰ïê‚ÖI ƒXƒ^[‹‰ƒVƒ“ƒK[~l‹C”o—D‚Ì2l‚ªAVì‰f‰æ‚ğƒAƒs[ƒ‹",https://news.yahoo.co.jp/articles/53807f6196e58608b31ece1ae67bbcfa80b385b6,2/13(‰Î) 22:20
bazaar,Harperfs BAZAARiƒn[ƒp[ƒY ƒoƒU[j,ƒ`ƒƒ[ƒ‹ƒY‘‰¤Au‚ª‚ñvŒö•\Œã‰‚ß‚ÄŒö‚Ìê‚Ép‚ğŒ©‚¹‚é,https://news.yahoo.co.jp/articles/41e3a99e760975af11250b17d14af58690108fce,2/13(‰Î) 21:20
bazaar,Harperfs BAZAARiƒn[ƒp[ƒY ƒoƒU[j,"•v•w‚»‚ë‚Á‚Ä‚È‚º ""Œ‡È""...H ƒwƒ“ƒŠ[‰¤q•ƒ[ƒKƒ“”ÜA•Äˆê‘åƒCƒxƒ“ƒguƒX[ƒp[ƒ{ƒEƒ‹2024v‚Ép‚ğŒ©‚¹‚¸",https://news.yahoo.co.jp/articles/8e63643ec6187950b1c926c3f43fd4de31e8f6fa,2/13(‰Î) 20:20
bazaar,Harperfs BAZAARiƒn[ƒp[ƒY ƒoƒU[j,uè‚ÌŠ£‘‡‚ª‚Ğ‚Ç‚¢v‚ ‚È‚½‚ÉA‚µ‚Ä‚Ù‚µ‚¢ƒnƒ“ƒhƒPƒA‚Ìd•û‚ğA‰p”ç•†‰Èˆã‚ªƒŒƒNƒ`ƒƒ[I,https://news.yahoo.co.jp/articles/d2a07a4bfb67cdfb8dca15b092026223db773953,2/13(‰Î) 19:20
bazaar,Harperfs BAZAARiƒn[ƒp[ƒY ƒoƒU[j,"•Äl‹C”o—Di59j‚ª–¾‚©‚·u”ü‚Ì”éŒv‚ªŠÈ’P‚·‚¬‚½...I""–Æ‰uƒAƒbƒv•ƒƒ“ƒ^ƒ‹ˆÀ’è"" ‚É‚àŒø‰Ê“I",https://news.yahoo.co.jp/articles/3d51f988a009d965f4d07e6ed56d371a16f381ca,2/12(Œ) 22:20
bazaar,Harperfs BAZAARiƒn[ƒp[ƒY ƒoƒU[j,58Î‚ÌŒ³‘cƒX[ƒp[ƒ‚ƒfƒ‹AgŒÒŠÖß’uŠ·h‚Ì‘åèp‚ğŒo‚Äu‘O‚Ù‚Ç•à‚­‚Ì‚ª’É‚­‚È‚¢v‚ÆŒo‰ß‚ğ•ñ,https://news.yahoo.co.jp/articles/9cf86ab37f0fb70d6443ab857c108887be991b54,2/12(Œ) 21:20
bazaar,Harperfs BAZAARiƒn[ƒp[ƒY ƒoƒU[j,ƒoƒŒƒ“ƒ^ƒCƒ“‘O‚É•KŒ©Iuƒ`ƒ‡ƒRƒŒ[ƒgv‚Í¸_ˆÀ’è‚©‚çŠP~‚ßŒø‰Ê‚Ü‚ÅAˆÓŠO‚ÈƒƒŠƒbƒg‚ª‚ ‚Á‚½,https://news.yahoo.co.jp/articles/44bb1cbf7062f24d195e401dfd73e0bc70987a54,2/12(Œ) 20:20
bazaar,Harperfs BAZAARiƒn[ƒp[ƒY ƒoƒU[j,ƒXƒLƒY‚âRIIZE‚È‚Ç‘•ó‹‰ƒCƒPƒƒ“‚Íƒtƒ‰ƒCƒg‚É‰½‚ğ’…‚éH K-POPƒXƒ^[‚ÌÅVu‹ó`ƒtƒ@ƒbƒVƒ‡ƒ“v‚ğ’ÇÕI,https://news.yahoo.co.jp/articles/e5694d7c62d6ab6cb050433dc074f5bb9c741db2,2/12(Œ) 19:20
bazaar,Harperfs BAZAARiƒn[ƒp[ƒY ƒoƒU[j,•Äl‹C”o—DAu‘SgƒNƒŠƒXƒ^ƒ‹v‚Ì“§‚¯“§‚¯ƒhƒŒƒX‚Å–£—¹Iƒ‰ƒ“ƒWƒFƒŠ[ŠÛŒ©‚¦‚Ì‘å’_ƒtƒ@ƒbƒVƒ‡ƒ“‚à˜b‘è‚É,https://news.yahoo.co.jp/articles/44fab676ee313f31abcaff0209a37d0746ecc591,2/11(“ú) 22:20
bazaar,Harperfs BAZAARiƒn[ƒp[ƒY ƒoƒU[j,yBLACKPINK ƒƒ[z‚ª27Î‚ÉI‚¤‚Á‚Æ‚èu”ü‹rv‚Å’…‚±‚È‚·•ƒR[ƒf4‘I,https://news.yahoo.co.jp/articles/87241307fa261caff6d255fdc1985c163ca6e06e,2/11(“ú) 21:20
bazaar,Harperfs BAZAARiƒn[ƒp[ƒY ƒoƒU[j,İ•Ä“ú–{‘ågŠÙ‚ªˆÙ—á‚Ìº–¾•¶‚ğ”­•\I ‘S•Ä‚ª’–Ú‚·‚éA‰Ì•P‚Ì“Œ‹¨ƒ‰ƒXƒxƒKƒX‚Ìu‹A‘ƒXƒPƒWƒ…[ƒ‹v,https://news.yahoo.co.jp/articles/a4048a495276ce97596eb32710b95fdf57ef4817,2/11(“ú) 20:20
bazaar,Harperfs BAZAARiƒn[ƒp[ƒY ƒoƒU[j,l‹C‚·‚¬‚ÄuƒJƒu‚è‘±ov‚ÌƒoƒbƒO‚ªoŒ»I ‚¨‚µ‚á‚êŒ«Ò‚½‚¿ˆ¤—p‚ÌƒAƒCƒeƒ€‚ğ’²¸y2024”Nt‰Äz,https://news.yahoo.co.jp/articles/35f9446f3fd349e0be95d25b462c0011fccdd206,2/11(“ú) 19:20
bazaar,Harperfs BAZAARiƒn[ƒp[ƒY ƒoƒU[j,ƒWƒƒƒXƒeƒBƒ“Eƒr[ƒo[‚Ì”ülÈAƒZƒNƒV[‚ÈƒpƒWƒƒƒ}p‚ğ”â˜I ƒvƒ‰ƒCƒx[ƒg‚ÈÊ^‚ªu‚©‚í‚¢‚·‚¬‚év‚Æ˜b‘è‚É,https://news.yahoo.co.jp/articles/ba29b2644b208bba58b665ae182f537caf4307e1,2/10(“y) 22:20
bazaar,Harperfs BAZAARiƒn[ƒp[ƒY ƒoƒU[j,NewJeans‚âTWICE‚È‚ÇgŠØ‘”ü—h‚Íƒtƒ‰ƒCƒg‚É‰½‚ğ’…‚éHK-POPƒXƒ^[‚ÌÅVu‹ó`ƒtƒ@ƒbƒVƒ‡ƒ“v‚ğ’ÇÕI,https://news.yahoo.co.jp/articles/ec098770be69d8c134ec5632fef5c0ef428a8ff0,2/10(“y) 21:20
bazaar,Harperfs BAZAARiƒn[ƒp[ƒY ƒoƒU[j,ƒVƒƒƒlƒ‹‚âRMK‚È‚Çl‹Cƒuƒ‰ƒ“ƒh‚ÌtƒRƒXƒ ”ü—e‚Ìƒvƒ‚ª„‚·A‘ål—«‚ÌgŠç–Ê‚ğƒAƒbƒvƒf[ƒgh‚³‚¹‚éƒRƒXƒ4‘I,https://news.yahoo.co.jp/articles/35e01187a183031c8723bbc5e8d5d7c47df9a825,2/10(“y) 20:20
bazaar,Harperfs BAZAARiƒn[ƒp[ƒY ƒoƒU[j,"‚È‚ºu•a‚ÌÚ×v‚ğ•š‚¹‚Ä‚¢‚éH ƒ`ƒƒ[ƒ‹ƒY‘‰¤‚ª ""‚ª‚ñ‚Ìí—Ş"" ‚ğŒö•\‚µ‚È‚©‚Á‚½——R",https://news.yahoo.co.jp/articles/df8a970e7d2e386c78593a9dd45dd3bde0a76a92,2/10(“y) 19:20
bazaar,Harperfs BAZAARiƒn[ƒp[ƒY ƒoƒU[j,wƒXƒpƒCƒ_[ƒ}ƒ“xƒqƒƒCƒ“”o—DAƒAƒ“ƒ_[ƒoƒXƒg•”ü• ‹Ø‚ğ“°X”â˜II Vì‚Ì‰f‰æ‚ÌƒvƒŒƒ~ƒA‚É‚Ä,https://news.yahoo.co.jp/articles/d36236986308655ec56168a298de504c332d0fa3,2/9(‹à) 22:20
bazaar,Harperfs BAZAARiƒn[ƒp[ƒY ƒoƒU[j,54Î”üƒ{ƒfƒB‰ÌèA¶•ú‘—TV‚ÅuƒZƒNƒV[‚·‚¬‚é”’ƒVƒƒƒcvƒXƒ^ƒCƒ‹‚ğ”â˜I,https://news.yahoo.co.jp/articles/a6a3d7722c1258d272d26133e9cc8f099c646ad0,2/9(‹à) 21:20
bazaar,Harperfs BAZAARiƒn[ƒp[ƒY ƒoƒU[j,‰¤‘°‚àu‚¨‰º‚ª‚èv‚ğ’…‚éI ƒAƒ“‰¤—AŒö–±‚Å•êEƒGƒŠƒUƒxƒX—‰¤‚ª¶‘Oˆ¤‚µ‚½ƒWƒƒƒPƒbƒg‚ğ’…—p,https://news.yahoo.co.jp/articles/71131b66d0f29f2d2893c1bc33a7705dcdd40489,2/9(‹à) 20:21
bazaar,Harperfs BAZAARiƒn[ƒp[ƒY ƒoƒU[j,ƒwƒ“ƒŠ[‰¤q‚Ìu’eŠÛ‹A‘v‚ÉA•ƒƒ`ƒƒ[ƒ‹ƒY‘‰¤‚Ì”½‰‚Í...H ‰¤º‚Ì‘¤‹ß‚ª–¾‚©‚·,https://news.yahoo.co.jp/articles/03ec75ad0e9ef87804fb5618b5e790627967a43c,2/9(‹à) 19:20
bazaar,Harperfs BAZAARiƒn[ƒp[ƒY ƒoƒU[j,"u¢ŠEˆêƒGƒR‚¶‚á‚È‚¢ƒZƒŒƒuv‚Æ”á”»E“IƒOƒ‰ƒ~[4Š¥‚Ì•Äl‹CƒVƒ“ƒK[A ""ƒvƒ‰ƒCƒx[ƒgƒWƒFƒbƒg–â‘è""‚ª–¾‚é‚İ‚É",https://news.yahoo.co.jp/articles/c6b9820a3badda2891e8b37cc821ffd14dcd3fd3,2/8(–Ø) 22:20
bazaar,Harperfs BAZAARiƒn[ƒp[ƒY ƒoƒU[j,ƒwƒ“ƒŠ[‰¤qA•ƒ‚Ìu‚ª‚ñ•ñv‚ğó‚¯‹Ù‹}‹A‘‚·‚é‚àA24ŠÔ‚Åƒ[ƒKƒ“”Ü‚Ì‚¢‚é•Ä‘‚Ö–ß‚é,https://news.yahoo.co.jp/articles/a913e8e2e77e24a8d988832d3e67d281ca22bea4,2/8(–Ø) 21:20
bazaar,Harperfs BAZAARiƒn[ƒp[ƒY ƒoƒU[j,ƒEƒBƒŠƒAƒ€c‘¾q‚ªŒö–±‚ÉŠ®‘S•œ‹AI wƒ~ƒbƒVƒ‡ƒ“EƒCƒ“ƒ|ƒbƒVƒuƒ‹x”o—D‚ÉŒü‚¯AŒy‚â‚©‚ÉƒWƒ‡[ƒN‚ğ”ò‚Î‚·,https://news.yahoo.co.jp/articles/3731ba8479682b72c5835b17fd7d780bbbfd619a,2/8(–Ø) 20:21
bazaar,Harperfs BAZAARiƒn[ƒp[ƒY ƒoƒU[j,"‰p‘‰¤‚É""‚à‚µ‚à‚Ì‚±‚Æ""‚ª‚ ‚Á‚½ê‡AÈƒJƒ~ƒ‰‰¤”Ü‚ÌÌ† ‚Íu‘‰¤‚Ì–¢–Slv‚É...H «—ˆ‚ÌŒ¨‘‚É‚Â‚¢‚Ä‰ğà",https://news.yahoo.co.jp/articles/8cd2ae35cff58bb1c4bdf3bea00a01eed87742e4,2/8(–Ø) 19:20
bazaar,Harperfs BAZAARiƒn[ƒp[ƒY ƒoƒU[j,ƒvƒ‰ƒCƒx[ƒgƒWƒFƒbƒg‚ğ’ÇÕ‚µ‚Ä‚¢‚½21Î‘åŠw¶A•ÄƒXƒ^[‰Ìè‚Ì•ÙŒìm‚©‚çu–@“I‘[’u‚ğ‚Æ‚év‚ÆŒx‚ğ‚¤‚¯‚é,https://news.yahoo.co.jp/articles/f570fa1e5fec46e6b7fbce7e50d7700567d743af,2/7(…) 22:20
bazaar,Harperfs BAZAARiƒn[ƒp[ƒY ƒoƒU[j,"•Äl‹CƒVƒ“ƒK[A‹¹Œ³‚ğ‘å’_‚É‚ ‚¢‚½ƒZƒNƒV[‚È‘•‚¢‚Å“oêIƒxƒbƒJƒ€‰Æ‚Ìu”ü—ƒZƒŒƒuv‚Æ""’´’‡—Ç‚µ""‚È—lq‚ğ‚İ‚¹‚é",https://news.yahoo.co.jp/articles/fd73e95923d06e84c61c74a8b0c509f6d67fc5e0,2/7(…) 21:20
bazaar,Harperfs BAZAARiƒn[ƒp[ƒY ƒoƒU[j,ƒwƒ“ƒŠ[‰¤q‚ª‹A‘‚·‚é‚àAŒZƒEƒBƒŠƒAƒ€c‘¾q‚Íu‰ï‚¤—\’è‚È‚µvc•ƒe‚Ì•a‚Å‚àŠÖŒWC•œ‚Í•s‰Â”\‚©,https://news.yahoo.co.jp/articles/fffe063fb51aab6786d54be26f360396cd32aefe,2/7(…) 20:20
bazaar,Harperfs BAZAARiƒn[ƒp[ƒY ƒoƒU[j,ƒwƒ“ƒŠ[‰¤qAƒ`ƒƒ[ƒ‹ƒY‘‰¤‚Ì‚¨Œ©•‘‚¢‚Í‚½‚Á‚½‚Ìu30•ªv...H ƒEƒBƒŠƒAƒ€c‘¾q‚ÍAŒö–±‚Ìˆê•”‚ğ’S‚¤‚±‚Æ‚É,https://news.yahoo.co.jp/articles/79eba14b536ee5a94bc213d375f7a4f1bc0aa7e9,2/7(…) 19:20
bazaar,Harperfs BAZAARiƒn[ƒp[ƒY ƒoƒU[j,"Œ»İ—ˆ“ú’†...I ƒOƒ‰ƒ~[Üu52‰ñvƒmƒ~ƒl[ƒg‚Ìl‹C‰ÌèA¡”N‚Í ""‰ß‹ƒCƒ`"" ƒOƒ‰ƒ}ƒ‰ƒX‚ÈƒhƒŒƒX‚Å“oê",https://news.yahoo.co.jp/articles/7a87c4719b664ec53fc347e7b50ab27028c93249,2/6(‰Î) 22:20
bazaar,Harperfs BAZAARiƒn[ƒp[ƒY ƒoƒU[j,"ƒwƒ“ƒŠ[‰¤qAƒCƒMƒŠƒX‚Ö ""‹A‘‚·‚é"" ‰Â”\«‘åH u‚ª‚ñvŒö•\‚Ìƒ`ƒƒ[ƒ‹ƒY‘‰¤‚Ì‚¨Œ©•‘‚¢‚©",https://news.yahoo.co.jp/articles/447eb49ae9619e51042a4183a56e5ce94bb7810a,2/6(‰Î) 21:20
bazaar,Harperfs BAZAARiƒn[ƒp[ƒY ƒoƒU[j,"ƒoƒŒƒ“ƒ^ƒCƒ“‘O‚ÉŠÏ‚Ä‚¨‚­‚×‚«A‰”N‚Ì ""ƒ‰ƒuƒRƒ‰f‰æ"" BEST3",https://news.yahoo.co.jp/articles/50f3d0aa0e8705026a6cce3d7a861a77edc0c7a4,2/6(‰Î) 20:20
bazaar,Harperfs BAZAARiƒn[ƒp[ƒY ƒoƒU[j,"‹}Œƒ‚Èuƒ”ƒB[ƒKƒ“v‚Ö‚ÌØ‚è‘Ö‚¦‚ÍŠë‚È‚¢...H ""–Æ‰uƒVƒXƒeƒ€"" ‚É‰e‹¿‚ğ‹y‚Ú‚·‚Æ•ÄŒ¤‹†‚Å”»–¾",https://news.yahoo.co.jp/articles/cac0ee4f52ee9fb7a509487968f546cefe5328d9,2/6(‰Î) 19:20
bazaar,Harperfs BAZAARiƒn[ƒp[ƒY ƒoƒU[j,"u‘æˆêq‚ğ”DP’†v‚Ìl‹Cƒ‚ƒfƒ‹A""‘å‚«‚È‚¨• ‚Å"" •v‚Æ‚Æ‚à‚ÉƒOƒ‰ƒ~[Ü‚ÖƒTƒvƒ‰ƒCƒYoÈ",https://news.yahoo.co.jp/articles/a3af3252c4899d9afd0000a44eccb08cfd286baf,2/5(Œ) 22:30
bazaar,Harperfs BAZAARiƒn[ƒp[ƒY ƒoƒU[j,Netflix‚Ìd–ğAƒwƒ“ƒŠ[‰¤q•ƒ[ƒKƒ“”Ü‚Æ‚Ìu¡Œã‚Ì—\’èv‚É‚Â‚¢‚Ä–¾‚©‚·,https://news.yahoo.co.jp/articles/7458274c507af2ccb17e40a929dc397c889f555e,2/5(Œ) 21:20
bazaar,Harperfs BAZAARiƒn[ƒp[ƒY ƒoƒU[j,"ƒOƒ‰ƒ~[Ü‘½”óÜ‚Ìuƒ|ƒbƒv‚Ì—‰¤vA‚Ğ‚Ë‚è‚ğ‰Á‚¦‚½ ""^‚ÁÔ‚ÈƒR[ƒg"" ‚Å“oêB’–Ú‚Ì“I‚ÉI",https://news.yahoo.co.jp/articles/d9bf2f54001a8e31f5fd069797635af20301cdcd,2/5(Œ) 20:20
bazaar,Harperfs BAZAARiƒn[ƒp[ƒY ƒoƒU[j,78Î‚É‚È‚Á‚½“`à“IƒJƒ“ƒgƒŠ[‰ÌèAu’©7‚Ü‚Å‚É‘å‘ÌI‚í‚ç‚¹‚év‚Æ‚¢‚¤‹Á‚«‚Ìƒ‚[ƒjƒ“ƒOƒ‹[ƒeƒBƒ“‚ğ–¾‚©‚·,https://news.yahoo.co.jp/articles/4e15702a021ecab3d6f2bc11ff648b04ff017a31,2/5(Œ) 19:20
bazaar,Harperfs BAZAARiƒn[ƒp[ƒY ƒoƒU[j,–{“–‚É70Î ƒZƒNƒV[‚·‚¬‚éŒ³ƒX[ƒp[ƒ‚ƒfƒ‹‚ª–¾‚©‚·uáX‚µ‚­¶‚«‚é”éŒv‚Æ‚Í,https://news.yahoo.co.jp/articles/16db6de9e8afd712ba83c8f2dd7b18de82550edb,2/4(“ú) 22:20
bazaar,Harperfs BAZAARiƒn[ƒp[ƒY ƒoƒU[j,"60Î‚Ì•Äl‹C”o—DA""’´ƒZƒNƒV["" ‚Èuƒ~ƒjƒhƒŒƒXv‚ÅTVo‰‰ •Ğè‚Éˆ¤Œ¢‚ğ‚©‚©‚¦‚Ä“oê",https://news.yahoo.co.jp/articles/0b843365cc21742d666c1d678a4122f7a0ca01cf,2/4(“ú) 21:20
bazaar,Harperfs BAZAARiƒn[ƒp[ƒY ƒoƒU[j,2023”NAŠØ‘ƒXƒ^[‚Ìu”Mˆ¤^”j‹Ç^Œ‹¥v‚È‚ÇƒSƒVƒbƒv‚ğƒvƒŒƒCƒoƒbƒNI,https://news.yahoo.co.jp/articles/0f3ce4746088feaf4d1dfb86dc9d0b67cdf97c31,2/4(“ú) 20:20
bazaar,Harperfs BAZAARiƒn[ƒp[ƒY ƒoƒU[j,ƒWƒFƒjƒtƒ@[EƒƒyƒXA•v‚ÌuŒ³Èv‚Æ‚àŠÖŒW—ÇDI‚»‚ê‚¼‚ê‚Ìq‚Ç‚à‚ğ˜A‚ê‚Ä’‡—Ç‚­‚¨o‚©‚¯,https://news.yahoo.co.jp/articles/42a70250671730d0fbb9284c2a549d831591509d,2/3(“y) 22:20
bazaar,Harperfs BAZAARiƒn[ƒp[ƒY ƒoƒU[j,uƒlƒbƒg‚¢‚¶‚ßv‚©‚çç‚êI ƒwƒ“ƒŠ[‰¤q•ƒ[ƒKƒ“”ÜA‹­‚¢M”O‚ğ‚à‚Á‚Äº–¾‚ğ”­•\,https://news.yahoo.co.jp/articles/02cff92d4743582ca670633b623511830301261d,2/3(“y) 21:20
bazaar,Harperfs BAZAARiƒn[ƒp[ƒY ƒoƒU[j,‰ßŒƒ&ƒZƒNƒV[‚È”ü—ƒ‰ƒbƒp[A”Ş‚É‘I‚ñ‚¾‘Šè‚ªu”j“Vr‚·‚¬‚év‚Æ˜b‘è‚É,https://news.yahoo.co.jp/articles/0d5d1d126e16808ddccb4069c58c15591902f3fd,2/3(“y) 20:20
bazaar,Harperfs BAZAARiƒn[ƒp[ƒY ƒoƒU[j,"ALL 2000‰~ˆÈ‰ºI@ƒƒCƒN‚Ìƒvƒ‚ªu–{‹C‚ÅƒIƒXƒXƒv‚·‚é ""ƒvƒ`ƒvƒ‰"" ƒRƒXƒ3‘I",https://news.yahoo.co.jp/articles/72786f28867715b3e6821735fcd35722bde67551,2/3(“y) 19:20
bazaar,Harperfs BAZAARiƒn[ƒp[ƒY ƒoƒU[j,wƒtƒ@ƒ“ƒ^ƒrxƒjƒ…[ƒg–ğ ”o—DAƒvƒ‰ƒCƒx[ƒg‚Å‰½“x‚àv‚¢•Ô‚·u‚¨‹C‚É“ü‚è‚ÌƒZƒŠƒtv‚ğ–¾‚©‚·,https://news.yahoo.co.jp/articles/0711d8fd3d539d409367a758eede9f6b592ae145,2/2(‹à) 22:20
bazaar,Harperfs BAZAARiƒn[ƒp[ƒY ƒoƒU[j,"27Î‚Ì¬ˆ«–‚”o—DA‚Ğ‚Ç‚¢""ŸTó‘Ô""‚©‚çu’E–ÑÇv‚Æf’fBu‰½‚æ‚è©•ª‚Ìƒƒ“ƒ^ƒ‹ƒwƒ‹ƒX‚ğ—Dæ‚µ‚Äv",https://news.yahoo.co.jp/articles/e5b6ef2fc59ecfe20e948c92c6ed2f7a7a0490ae,2/2(‹à) 21:20
bazaar,Harperfs BAZAARiƒn[ƒp[ƒY ƒoƒU[j,wƒ‰Eƒ‰Eƒ‰ƒ“ƒhx•wƒXƒpƒCƒ_[ƒ}ƒ“x”o—DAƒXƒ^ƒCƒ‹”²ŒQ‚Ì„•p‚ª˜b‘è,https://news.yahoo.co.jp/articles/a1a7a6344a756055897c29fb488f36b2784d926f,2/2(‹à) 20:20
bazaar,Harperfs BAZAARiƒn[ƒp[ƒY ƒoƒU[j,«ŒğÂ‚ÌŒã‚ÉuäS‚ª’É‚¢v...B5‚Â‚ÌŒ´ˆö‚ğƒAƒƒŠƒJ‚Ìê–å‰Æ‚ª‰ğà,https://news.yahoo.co.jp/articles/268281b6873541ead1d9ae24c3a46d3bfbc6b834,2/2(‹à) 19:20
bazaar,Harperfs BAZAARiƒn[ƒp[ƒY ƒoƒU[j,"ƒ`ƒƒ[ƒ‹ƒY‘‰¤A‘O—§‘B”ì‘å‚ÌèpŒã‚ÌŒo‰ß‚Í""‡’²""BŒö–±‚Í‘å•ƒXƒPƒWƒ…[ƒ‹•ÏX‚Ö",https://news.yahoo.co.jp/articles/6389ef3b668e6948f2e3f2ed4c43445e4f9f0fa9,2/1(–Ø) 22:20
bazaar,Harperfs BAZAARiƒn[ƒp[ƒY ƒoƒU[j,18Î‚Åg–L‹¹èph‚ğó‚¯‚½•Äl‹Cƒhƒ‰ƒ}”o—D‚ªuŒã‰÷‚µ‚Ä‚¢‚év‚Æ”’c‚«‚í‚Ç‚¢…’…‚Å‹¹‚ÉƒRƒ“ƒvƒŒƒbƒNƒX‚à,https://news.yahoo.co.jp/articles/f037d99732615a086bbe4a04d4a62356a44ced87,2/1(–Ø) 21:20
bazaar,Harperfs BAZAARiƒn[ƒp[ƒY ƒoƒU[j,"ƒGƒŠƒUƒxƒX—‰¤•ƒtƒBƒŠƒbƒv“a‰º‚Ì""ˆ¤Ô""‚ª”„‹p‚ÖB‘‰¤©‚ç‰^“]‚µAƒIƒoƒ}Œ³‘å“—Ì‚Æƒhƒ‰ƒCƒu‚µ‚½‰ß‹‚à...I",https://news.yahoo.co.jp/articles/aadd7f8fa3cb5e733f4891af9643d8550b4b5c49,2/1(–Ø) 20:20
bazaar,Harperfs BAZAARiƒn[ƒp[ƒY ƒoƒU[j,gƒXƒgƒŒƒX‚ÉŒø‚­h‚Á‚Ä–{“–H uƒeƒAƒjƒ“ƒTƒvƒŠv‚ÌŒø‰Ê‚ğ•Äˆãt‚ª‰ğà,https://news.yahoo.co.jp/articles/e4822859c32f683dc3dee1660b200fe8bbdf637a,2/1(–Ø) 19:20
bazaar,Harperfs BAZAARiƒn[ƒp[ƒY ƒoƒU[j,"26Î‚Ì""‰­–œ’·Ò""A^‚ÁÔ‚Èuƒ{ƒfƒBƒRƒ“vƒ~ƒjƒhƒŒƒX‚ğ’…‚±‚È‚µ‰ïê‚Ì‹ü‚ğ’D‚¤",https://news.yahoo.co.jp/articles/1b0042c0b05cceff9b30c8241d1c3ae462323656,1/31(…) 23:20
bazaar,Harperfs BAZAARiƒn[ƒp[ƒY ƒoƒU[j,49Î‚Ì‚¨‚µ‚á‚êƒAƒCƒRƒ“Au’´ƒ~ƒjƒXƒJv‚ÅƒZƒNƒV[‚Ég”ü‹rh‚ğ”â˜II,https://news.yahoo.co.jp/articles/349275cd280465d46b057a79a0b267746c91dd41,1/31(…) 22:20
bazaar,Harperfs BAZAARiƒn[ƒp[ƒY ƒoƒU[j,”æ‚ê‚½‚ÉŠÏ‚é‚ÆgŒ³‹C‚É‚È‚éhI ˆê¶‚Éˆê“x‚Í•KŒ©‚Ìuƒtƒ@ƒbƒVƒ‡ƒ“‰f‰ævBEST3,https://news.yahoo.co.jp/articles/3a5032c10b3aed4150287448145d43c7f6448866,1/31(…) 21:20
bazaar,Harperfs BAZAARiƒn[ƒp[ƒY ƒoƒU[j,lH”ç•†Hƒƒ]ƒ“ ƒ}ƒ‹ƒWƒFƒ‰‚ÌƒVƒ‡[‚É“oê‚µ‚½ƒ‚ƒfƒ‹‚½‚¿‚Ìu“©Ší”§v‚ª˜b‘è‚Écg—pƒRƒXƒ‚É—lX‚È‰¯‘ª‚ª”ò‚ÑŒğ‚¤,https://news.yahoo.co.jp/articles/c36e82154055a9736445fd19d49acd490a93d5b5,1/31(…) 20:20
bazaar,Harperfs BAZAARiƒn[ƒp[ƒY ƒoƒU[j,•ÄƒXƒ^ƒoA¡”N‚ÌuƒoƒŒƒ“ƒ^ƒCƒ“ƒRƒŒƒNƒVƒ‡ƒ“v‚ª‰Âˆ¤‚¢‚·‚¬‚é...Iƒ^ƒ“ƒuƒ‰[‚âƒ}ƒOƒJƒbƒv‚È‚ÇŒÀ’è•i‚ª“oê,https://news.yahoo.co.jp/articles/9826bd7430f21145ba3b41737e6834e217f29e46,1/31(…) 19:20
bazaar,Harperfs BAZAARiƒn[ƒp[ƒY ƒoƒU[j,"TWICEuƒWƒqƒ‡v‚ÌƒiƒCƒXƒoƒfƒBày—ô —Bˆê–³“ñ‚È ""ƒƒŠƒnƒŠƒ{ƒfƒB"" ‚ªŒõ‚éABESTƒtƒ@ƒbƒVƒ‡ƒ“ 3‘I",https://news.yahoo.co.jp/articles/ad84de7a9af8d4c6966fc1463a9f635e651d290f,1/30(‰Î) 23:20
bazaar,Harperfs BAZAARiƒn[ƒp[ƒY ƒoƒU[j,TWICE ƒ~ƒiA”ª–Øä»‰Âq‚È‚ÇA—ˆêÒ‚ª‹‰Ø‚·‚¬‚é....Iyt‰ÄƒI[ƒgƒNƒ`ƒ…[ƒ‹zƒZƒŒƒuƒXƒiƒbƒv,https://news.yahoo.co.jp/articles/a0659318fe68ce9b83dce19db8c9e7681412995a,1/30(‰Î) 22:20
bazaar,Harperfs BAZAARiƒn[ƒp[ƒY ƒoƒU[j,ƒLƒƒƒTƒŠƒ“c‘¾q”ÜA–³–‚Éu‘Ş‰@vB©‘î‚Å—Ã—{‚µuŒ³‹C‚»‚¤‚É‚µ‚Ä‚¢‚év,https://news.yahoo.co.jp/articles/32df91b64f528f7829f82daeb54f4663cab7d1ca,1/30(‰Î) 21:21
bazaar,Harperfs BAZAARiƒn[ƒp[ƒY ƒoƒU[j,SNS‚Å‘åƒoƒY‚è’†‚Ìu‚¨‚µ‚á‚êƒ^ƒ“ƒuƒ‰[vAgƒXƒ^ƒ“ƒŒ[h‚É‚Â‚¢‚Ä[–x‚èI ‚Ù‚µ‚­‚È‚él‚ª‘±o,https://news.yahoo.co.jp/articles/3426b2c656880d6425518591b3cefcad50d00eaf,1/30(‰Î) 20:20
bazaar,Harperfs BAZAARiƒn[ƒp[ƒY ƒoƒU[j,SNS‚Å˜b‘è‚Ìu‘‰‚¹‚éƒ_ƒCƒGƒbƒg–òv‚Å g”²‚¯–Ñh‚É”Y‚Şl‚ª‹}‘...H ê–åˆã‚ªƒAƒ“ƒT[,https://news.yahoo.co.jp/articles/dcc29e71ef2257f8435c54476e220e374bd92510,1/30(‰Î) 19:20
bazaar,Harperfs BAZAARiƒn[ƒp[ƒY ƒoƒU[j,"‚Ü‚³‚©‚ÌuƒoƒXƒ[ƒuv‚ÅƒfƒBƒi[‚Ö...! ¢ŠEÅ”N­‚Ì ""‰­–œ’·Ò"" AƒZƒNƒV[‚·‚¬‚é‘å’_ƒtƒ@ƒbƒVƒ‡ƒ“‚ÅŠOo",https://news.yahoo.co.jp/articles/33093f375538075d6c2921a40e33373a119dc4b0,1/29(Œ) 23:20
bazaar,Harperfs BAZAARiƒn[ƒp[ƒY ƒoƒU[j,"èpŒã‚Ì‰pƒƒCƒ„ƒ‹2l‚Ö‚ÌuˆÙ—á‚Ì‚¨Œ©•‘‚¢vB ""—e‘Ôˆ«‰»"" ‚ğ•sˆÀ‹‚·‚éº‚à...",https://news.yahoo.co.jp/articles/67ad2847a925b2b428347c298cbe8636c44766bb,1/29(Œ) 22:20
bazaar,Harperfs BAZAARiƒn[ƒp[ƒY ƒoƒU[j,"©•ª‚ÍƒvƒŠƒ“ƒZƒX–ğ u‘§q‚Ì1Îv‚ğj‚¤ƒo[ƒXƒf[ƒp[ƒeƒB‚ÅAŒ³‘c ""‚¨‘›‚ª‚¹ƒZƒŒƒu"" ‚ª–{‹C‚ğ‚İ‚¹‚é",https://news.yahoo.co.jp/articles/ff00b6feb9fd3c692a9e134afebd9dfe0736c30a,1/29(Œ) 21:20
bazaar,Harperfs BAZAARiƒn[ƒp[ƒY ƒoƒU[j,‘åƒqƒbƒg‘ä˜pBLƒhƒ‰ƒ}wŠïÖx‚ÌƒJƒCEƒVƒ…[i™í¨j~ƒ^ƒEƒŠƒ“i—ÑŸy‹Ëj‚ª1“ú‚ÌH¶Šˆ‚ğŒöŠJI,https://news.yahoo.co.jp/articles/1253c4258ced7ad46261ebc1983700e7416a4f05,1/29(Œ) 20:20
bazaar,Harperfs BAZAARiƒn[ƒp[ƒY ƒoƒU[j,"‘ål‚ª‚Â‚¯‚éuƒVƒ‹ƒo[ƒWƒ…ƒGƒŠ[v‚ªÅ‹­‚É‚¨‚µ‚á‚ê •óüƒ}ƒjƒA‚ª ""ƒGƒ‹ƒƒX""‚ğ”ƒ‚¢‘±‚¯‚é——R",https://news.yahoo.co.jp/articles/7b04bacffab6af972217233f6a3667ba0c280cfa,1/29(Œ) 19:20
bazaar,Harperfs BAZAARiƒn[ƒp[ƒY ƒoƒU[j,g‘ål‚©‚í‚¢‚¢h‚Æ‘ål‹CIŠØ‘”­ƒK[ƒ‹ƒYƒOƒ‹[ƒvuBLACKPINKvƒWƒX‚Ìƒtƒ@ƒbƒVƒ‡ƒ“µ•Ï‰»,https://news.yahoo.co.jp/articles/dde40351cec2da827d87a64151821f384e26d602,1/28(“ú) 23:08
bazaar,Harperfs BAZAARiƒn[ƒp[ƒY ƒoƒU[j,ƒLƒƒƒTƒŠƒ“”Ü‚¾‚¯‚¶‚á‚È‚¢I ƒwƒ“ƒŠ[‰¤q‚Íƒwƒ‹ƒjƒA‚Åèp—ğ‚ ‚èB‰ß‹‚É“ü‰@Eèp‚ğ‚µ‚Ä‚¢‚½‰p‘‰¤ºƒƒ“ƒo[3l,https://news.yahoo.co.jp/articles/82f961bc2857d4aceb82e0f1ae3e8469cbcc6c3c,1/28(“ú) 20:20
bazaar,Harperfs BAZAARiƒn[ƒp[ƒY ƒoƒU[j,”§‚â”¯‚ÉŒø‰Ê‚ ‚è‚ÆŒ¾‚í‚ê‚éuƒRƒ‰[ƒQƒ“v‚ª‚Â‹@”\‚ÍH ¡‚³‚ç•·‚¯‚È‚¢ƒRƒ‰[ƒQƒ“‚ÌuƒƒŠƒbƒgv,https://news.yahoo.co.jp/articles/3cca130674f126e08f4f8ffb05a3f91e19715943,1/28(“ú) 19:20
bazaar,Harperfs BAZAARiƒn[ƒp[ƒY ƒoƒU[j,¢ŠEˆê‰Ò‚®‰Ì•PAƒƒ“ƒY•‚©‚çƒ‰ƒ“ƒWƒFƒŠ[‚ğ‚Ì‚¼‚©‚¹‚½‘å’_‚ÈƒXƒgƒŠ[ƒgƒXƒ^ƒCƒ‹‚Å“oêIƒpƒŠƒRƒŒ‚Å’–Ú‚ğW‚ß‚é,https://news.yahoo.co.jp/articles/d69b015c9a0505e2486c564c757d867ab285ee53,1/27(“y) 23:20
bazaar,Harperfs BAZAARiƒn[ƒp[ƒY ƒoƒU[j,"gq‚Ç‚à‚ª—~‚µ‚¢""”N‰º•v‚É•t‚«‡‚¢‚«‚ê‚¸...B51Î‚Ìl‹C”o—D‚ªA7”N‚ÌŒ‹¥¶Šˆ‚Ì––u—£¥v‚ğŒˆˆÓ‚µ‚½——R‚ğ–¾‚©‚·",https://news.yahoo.co.jp/articles/fda4f1461d9bf70d42b847db9a895ed83cdfbff9,1/27(“y) 22:20
bazaar,Harperfs BAZAARiƒn[ƒp[ƒY ƒoƒU[j,Œ³ƒIƒŠƒ“ƒsƒbƒN‘Iè‚ÅAŒ»ƒvƒŠƒ“ƒZƒXI u”ül‚·‚¬‚évƒ‚ƒiƒRŒö”Ü‚Ì“²‚êƒ‹ƒbƒNBEST 5,https://news.yahoo.co.jp/articles/3e891af19a3bd98810886e238859f279957281b1,1/27(“y) 21:20
bazaar,Harperfs BAZAARiƒn[ƒp[ƒY ƒoƒU[j,"uâ‘Îƒmƒ~ƒl[ƒgIv‚Æv‚Á‚½‚¯‚Ç...B2024”NƒAƒJƒfƒ~[Ü‚ÅA‘I‚Î‚ê‚È‚©‚Á‚½ ""’´ˆÓŠO"" ‚È‘å•¨4l",https://news.yahoo.co.jp/articles/4a99da55dba106245bb5804ed6a7ae50be866669,1/27(“y) 20:20
bazaar,Harperfs BAZAARiƒn[ƒp[ƒY ƒoƒU[j,"èô‚¢‚ª ""Š•Ÿ‚ÌŠÔ"" ‚É‚È‚è‚Ü‚·I ”ü—eƒGƒfƒBƒ^[‚ª‘I‚Ôuƒnƒ“ƒhƒ\[ƒvv3‘I",https://news.yahoo.co.jp/articles/b51a9c1ecc4fe0cf36e86374675b0fba350e6b34,1/27(“y) 19:20
bazaar,Harperfs BAZAARiƒn[ƒp[ƒY ƒoƒU[j,56Î‚ÌŒ³ƒxƒCƒEƒHƒbƒ`——DAƒMƒƒƒ‹ƒƒCƒN¨‚·‚Á‚Ò‚ñ”h‚ÉŒƒ•ÏI u¡‚Ì©•ª‚ğ]‚¦‚½‚¢v,https://news.yahoo.co.jp/articles/bd97c4a7b6bf017605ccfff451036aa58c6c0603,1/26(‹à) 23:20
bazaar,Harperfs BAZAARiƒn[ƒp[ƒY ƒoƒU[j,"l‹Cƒ‚ƒfƒ‹‚ª ""’´ƒ~ƒXƒ}ƒbƒ`"" ‚È„•‚ğƒCƒ“ƒXƒ^‚É“Še...IƒiƒCƒXƒoƒfƒB•ˆì‚ê‚é©M‚Åu‚¨‚µ‚á‚ê‚ÉŒ©‚¦‚év‚Æ˜b‘è‚É",https://news.yahoo.co.jp/articles/448db2a85a1f161c86e6e7a7d2a7efb61aa00978,1/26(‹à) 22:20
bazaar,Harperfs BAZAARiƒn[ƒp[ƒY ƒoƒU[j,54Î”üƒ{ƒfƒB‰ÌèAuƒzƒ“ƒ‚ƒm‚Ì‰Ôv{uƒwƒ\‚Ü‚Å‘±‚­VƒlƒbƒNv‚ÌƒhƒŒƒX‚ÅƒpƒŠ‚É~—Õ,https://news.yahoo.co.jp/articles/0ab8798f8d10134841837145c9acab7eb4f797bc,1/26(‹à) 22:20
bazaar,Harperfs BAZAARiƒn[ƒp[ƒY ƒoƒU[j,‰f‰æwƒo[ƒr[xƒPƒ“–ğ‚ÌƒIƒXƒJ[”o—DAƒAƒJƒfƒ~[Ü‚É¸–]BSNS‚Å–{‰¹‚ğ–¾‚©‚·,https://news.yahoo.co.jp/articles/fdec70f8013bf49c1bb5ea19aaeea8dd7453b150,1/26(‹à) 21:20
bazaar,Harperfs BAZAARiƒn[ƒp[ƒY ƒoƒU[j,"l‹Cƒ‚ƒfƒ‹Au·ƒ{ƒPv‚Æv‚Á‚½‚çu”DPv‚µ‚Ä‚½I ""‘æ1q‚Æ‚È‚é—‚Ìq""‚ğö‚©‚Á‚½‚±‚Æ‚ğ•ñ",https://news.yahoo.co.jp/articles/3dc72a871bfe7e1ac80d5dbf747c0f4c47bd49c5,1/26(‹à) 20:20
bazaar,Harperfs BAZAARiƒn[ƒp[ƒY ƒoƒU[j,"Œ‹‹ÇuƒTƒvƒŠƒƒ“ƒgv‚Í‚Ç‚ê‚ğ”ƒ‚¦‚Î‚¢‚¢H  ‚ ‚È‚½‚É‡‚Á‚½ ""Œ«‚¢‘I‚Ñ•ûE’ˆÓ“_"" ‚ğ‰ğà",https://news.yahoo.co.jp/articles/e5f37c2497a9398f26402a26b7b186a97b83bd2c,1/26(‹à) 19:20
bazaar,Harperfs BAZAARiƒn[ƒp[ƒY ƒoƒU[j,•xA–¼ºA”ü–e... ‚·‚×‚Ä‚ğè‚É“ü‚ê‚½¢ŠEÅ”N­‚ÌƒrƒŠƒIƒlƒAA5Î‚Ìˆ¤–º‚ÆƒpƒŠƒRƒŒ‚É“oê,https://news.yahoo.co.jp/articles/eb891214eeafd78059396c9926ffc143ae4ff892,1/25(–Ø) 23:20
bazaar,Harperfs BAZAARiƒn[ƒp[ƒY ƒoƒU[j,"ƒtƒHƒƒ[”—«ƒVƒ“ƒK[¢ŠE1ˆÊI ƒCƒ“ƒXƒ^‚Ì—‰¤A10”N‘O‚Æ""Œƒ•Ï‚µ‚½‘ÌŒ^""‚ğ2–‡‚ÌƒrƒLƒjÊ^‚Å”â˜I",https://news.yahoo.co.jp/articles/0c3d33c4237e4839f70a21283ab45091ed315407,1/25(–Ø) 22:20
bazaar,Harperfs BAZAARiƒn[ƒp[ƒY ƒoƒU[j,56Î‚Ì•Äl‹C”o—DAuŒ©‚¹‚Ü‚­‚èv‘å’_ƒhƒŒƒX‚Å‰ïê‚Ì‹ü‚ğ‚Ğ‚Æ‚è‚¶‚ßI”ü‚µ‚¢ƒoƒbƒNƒXƒ^ƒCƒ‹‚Å–£—¹,https://news.yahoo.co.jp/articles/3f29b1a4d8660a02597e592561b14582e7aa727b,1/25(–Ø) 21:20
bazaar,Harperfs BAZAARiƒn[ƒp[ƒY ƒoƒU[j,•v•w‚ÌuˆÓ–¡[ƒVƒ‡ƒbƒgv‚ª˜b‘è‚ÉH ƒ[ƒKƒ“”Ü•ƒwƒ“ƒŠ[‰¤qAƒWƒƒƒ}ƒCƒJ‚Å“`‹L‰f‰æ‚ÌƒCƒxƒ“ƒg‚ÉoÈ,https://news.yahoo.co.jp/articles/71c598c609104c226eaa0dbf14f0c3d265b03a42,1/25(–Ø) 20:20
bazaar,Harperfs BAZAARiƒn[ƒp[ƒY ƒoƒU[j,"uÅ‹ßAH—~‚ª‚·‚²‚¢vuQ‚Ä‚é‚Ì‚É–°‚¢vetc...‚»‚ê ""“~‹G‚¤‚Â"" ‚É‚È‚Á‚Ä‚é‚©‚àH —«‚É‹N‚«‚â‚·‚¢Çó‚ğƒhƒNƒ^[‚ª‰ğà",https://news.yahoo.co.jp/articles/c7d1914ef38230c273e0ebdfcf380410c8dc055e,1/25(–Ø) 19:20
bazaar,Harperfs BAZAARiƒn[ƒp[ƒY ƒoƒU[j,"uƒXƒpƒCƒXEƒK[ƒ‹ƒYvŒ³ƒƒ“ƒo[‚ª ""3“x–Ú‚ÌŒ‹¥""I ƒhƒŒƒX‚ÍAƒ”ƒBƒNƒgƒŠƒAEƒxƒbƒJƒ€‚ªƒfƒUƒCƒ“",https://news.yahoo.co.jp/articles/4e4176a212f833582774edb7b3c07044dbf63852,1/24(…) 23:20
bazaar,Harperfs BAZAARiƒn[ƒp[ƒY ƒoƒU[j,•Äl‹C‰Ìè‚ªƒgƒŒ[ƒhƒ}[ƒN‚Ìƒƒ“ƒOƒwƒA‚©‚çŒ¨ãƒ{ƒu‚É‚Î‚Á‚³‚èIgÕŒ‚ƒCƒƒ`ƒFƒ“h‚Éu—‡‚Á‚Ä‚évu‘f“Gv‚È‚ÇÌ^‚Ìº,https://news.yahoo.co.jp/articles/cba66301bf072cbbb39e0efab904827ca5463bdd,1/24(…) 22:20
bazaar,Harperfs BAZAARiƒn[ƒp[ƒY ƒoƒU[j,ƒrƒWƒ…”š”­ BLACKPINK ƒWƒX‚Ìu‘ål‚©‚í‚¢‚¢vƒtƒ@ƒbƒVƒ‡ƒ“4‘I,https://news.yahoo.co.jp/articles/ef8451752e7fd16ae0ffbbad8cc7e6407e31eb99,1/24(…) 21:20
bazaar,Harperfs BAZAARiƒn[ƒp[ƒY ƒoƒU[j,ƒAƒ“ƒhƒ‹[‰¤q‚ÌŒ³ÈA1”NŠÔ‚Åg2“x–Ú‚Ì‚ª‚ñh‚ª”­ŠocV‚½‚Èf’fŒ‹‰Ê‚ÉuƒVƒ‡ƒbƒNv‚à‘OŒü‚«‚ÈS‹«‚ğ–¾‚©‚·,https://news.yahoo.co.jp/articles/3bc5427ae067005017cd0fbfe8d81496d97c249e,1/24(…) 20:41
bazaar,Harperfs BAZAARiƒn[ƒp[ƒY ƒoƒU[j,’N‚µ‚à1‚Â‚Í—~‚µ‚¢Aƒ_ƒCƒ„ƒ‚ƒ“ƒh‹P‚­uƒGƒ^ƒjƒeƒBƒŠƒ“ƒOv ‚¨‚·‚·‚ß5‘I‚ğƒsƒbƒNƒAƒbƒvI,https://news.yahoo.co.jp/articles/c2dcbc08ccd560f99d6ffe46c7848a1a0052c036,1/24(…) 19:20
bazaar,Harperfs BAZAARiƒn[ƒp[ƒY ƒoƒU[j,Œ‹¥‚µ‚Ä5”NA•Ï‚í‚ç‚¸ƒ‰ƒuƒ‰ƒu‚Ìƒr[ƒo[•vÈ‚ªu”ZŒúƒLƒXvÊ^‚ğ“ŠeI g•v•w‰~–h‚Ì— ‘¤‚É‚ ‚éu“w—Ív‚à–¾‚©‚·,https://news.yahoo.co.jp/articles/4038e6ac15f6b539b55dfad2a2cf663df3b401a6,1/23(‰Î) 23:20
bazaar,Harperfs BAZAARiƒn[ƒp[ƒY ƒoƒU[j,u5Î‚Ì‘§q‚Í–ìØ‚ğH‚×‚½‚±‚Æ‚ª‚È‚¢vBl‹Cƒ}ƒ}ƒZƒŒƒu‚ªgƒ}ƒ}‹Æh‚É‹êí‚µ‚Ä‚¢‚é—lq‚ğ–¾‚©‚·,https://news.yahoo.co.jp/articles/7631c10700832210c7c5a7a9bb0e86a2b6ba19ec,1/23(‰Î) 22:20
bazaar,Harperfs BAZAARiƒn[ƒp[ƒY ƒoƒU[j,ƒ_ƒCƒAƒi”Ü‚ÌƒhƒŒƒX‚Í–ñ4800–œ‰~‚Å—DBu‘ã‚ÌƒAƒCƒRƒ“v‚Ìg“Á•Ê‚È1’…h‚ªƒI[ƒNƒVƒ‡ƒ“‚Ö,https://news.yahoo.co.jp/articles/b1d6e41ff74be8bf1a420dd39262d403578ceea1,1/23(‰Î) 21:20
bazaar,Harperfs BAZAARiƒn[ƒp[ƒY ƒoƒU[j,50Î‚É‚È‚Á‚½gŒ³‘cƒX[ƒp[ƒ‚ƒfƒ‹h‚ªA21Î–º‚ÆƒpƒŠƒRƒŒ‚ÖBu•ê–ºƒVƒ‡ƒbƒgv‚ª˜b‘è‚É,https://news.yahoo.co.jp/articles/4647bb04f151c7271c63adf212c53848a14b6b75,1/23(‰Î) 20:20
bazaar,Harperfs BAZAARiƒn[ƒp[ƒY ƒoƒU[j,"Œø‰Ê‚ª‚·‚²‚¢uŸ¢‘ãƒ_[ƒ}ƒyƒ“v‚ÆÌ^‚Ì—’I ""”§¡—Ã"" ‚Ìæ’[‚ğ‚ä‚­AŠØ‘”­uƒ|ƒeƒ“ƒcƒ@v‚Æ‚Í",https://news.yahoo.co.jp/articles/46c492b1e8e133cce54dd795bf01bf60e5bda7dc,1/23(‰Î) 19:20
bazaar,Harperfs BAZAARiƒn[ƒp[ƒY ƒoƒU[j,"uŠLŠkƒrƒLƒjv‚ª’´ƒZƒNƒV[ ‘ål‹Cƒ‚ƒfƒ‹‚ª ""‰Ä‚Á‚Û‚³‘SŠJ"" ‚ÌÅVÊ^‚ğ“Še",https://news.yahoo.co.jp/articles/061883a1dfb8e0502be912eb892a30b63102f174,1/22(Œ) 23:20
bazaar,Harperfs BAZAARiƒn[ƒp[ƒY ƒoƒU[j,"ƒwƒ“ƒŠ[‰¤qAu©g‚ÌŒxŒìv‚ß‚®‚é–¼—_šÊ‘¹Ù”»‚ğ""æ‚è‰º‚°""‚ÖB–ñ1‰­4000–œ‰~‚ğx•¥‚¤‚±‚Æ‚É",https://news.yahoo.co.jp/articles/1cb1654afee5fb6bb93714ef045af0fa5355bf01,1/22(Œ) 22:20
bazaar,Harperfs BAZAARiƒn[ƒp[ƒY ƒoƒU[j,‰pƒƒCƒ„ƒ‹uˆêŒRƒƒ“ƒo[v‚ği‚Á‚½Œ‹‰ÊAlè•s‘«‚É‹ê‚µ‚Ş...H 3–¼u‹x‹Æv‚ÅŒö–±‚Ç‚¤‚È‚é,https://news.yahoo.co.jp/articles/48e1daa90a0b920988ab6e978ef0b0c482ce77d7,1/22(Œ) 21:20
bazaar,Harperfs BAZAARiƒn[ƒp[ƒY ƒoƒU[j,"•s“®Y‚Å“­‚­ ""ƒoƒŠƒLƒƒƒŠ"" —q‚©‚çAuƒfƒ“ƒ}[ƒN‘‰¤‚ÌÈv‚ÉI ’–Ú“xUP‚ÌƒƒAƒŠ[‰¤”Ü‚É‚Â‚¢‚Ä‚¨‚³‚ç‚¢",https://news.yahoo.co.jp/articles/ecea38dee61e60c228f2ae41c6e187ffd10907da,1/22(Œ) 20:20
bazaar,Harperfs BAZAARiƒn[ƒp[ƒY ƒoƒU[j,"2024”N‚ÌuƒXƒj[ƒJ[ƒgƒŒƒ“ƒhv‚ÍH ƒŠƒ{ƒ“AY2Kƒ€[ƒh‚È‚Ç ""‰Ÿ‚³‚¦‚Ä‚¨‚«‚½‚¢"" 3‘å—v‘f",https://news.yahoo.co.jp/articles/9bb5a6c8cbb1db3a466bb27ac623f3c16a5bd160,1/22(Œ) 19:20
bazaar,Harperfs BAZAARiƒn[ƒp[ƒY ƒoƒU[j,u60Î‚ğ‰ß‚¬‚½¡‚ªƒxƒXƒgvI —L–¼——D‚ªuÅ‚‚ÌŒ©‚½–Ú‚Æ‹C•ªv‚ğ•Û‚Â‚½‚ß‚ÉS‚ª‚¯‚Ä‚¢‚é‚±‚Æ,https://news.yahoo.co.jp/articles/1d2abd986533346ff8740687636dbc4498ea9040,1/21(“ú) 23:37
bazaar,Harperfs BAZAARiƒn[ƒp[ƒY ƒoƒU[j,Å·Šú‚Ì”Nû‚Í–ñ48‰­‰~I Œ³ƒX[ƒp[ƒ‚ƒfƒ‹A20‘ã‚Ì ‚Ì•sˆÀ‚ÆƒpƒjƒbƒNá‚ª‚¢‚ğ”’BŒ»İ‚ÍH¶Šˆ‚ğ•Ï‚¦‚Ä•,https://news.yahoo.co.jp/articles/af136378acce5663fc2be6fe459fc15dff8b9057,1/21(“ú) 22:20
bazaar,Harperfs BAZAARiƒn[ƒp[ƒY ƒoƒU[j,ƒEƒBƒŠƒAƒ€c‘¾q‚ÆƒLƒƒƒTƒŠƒ“”ÜAƒwƒ“ƒŠ[‰¤q‚Ì–\˜I–{‚ğuŠJ‚­‚±‚Æ‚³‚¦‹‘”Û‚µ‚½v‚Æ–¾‚©‚³‚ê‚é,https://news.yahoo.co.jp/articles/6513c1495821ab14c92cc4a77a46de9833ad29c8,1/21(“ú) 21:20
bazaar,Harperfs BAZAARiƒn[ƒp[ƒY ƒoƒU[j,VŒ^ƒRƒƒi‚Ì•ÏˆÙíuJN.1v‚ª“ú–{AƒAƒƒŠƒJA’†‘‚Å—¬s‚Ì’›‚µ...Çó‚ğŠÜ‚ŞuÅVî•ñv‚ğˆãt‚ª‰ğà,https://news.yahoo.co.jp/articles/7ae2eaf701174ffa5d4baaa54c7bf04edd39a7ca,1/21(“ú) 21:12
bazaar,Harperfs BAZAARiƒn[ƒp[ƒY ƒoƒU[j,ƒ‚ƒe‚é‰Ì•Pƒfƒ…ƒAEƒŠƒpA‰\‚Ìƒnƒ“ƒTƒ€”o—D‚ÆŒğÛŠmÀH ƒXƒ^ƒCƒŠƒbƒVƒ…‚ÈƒR[ƒf‚Å–éƒf[ƒg‚Ö,https://news.yahoo.co.jp/articles/de937d508db03f01ffe097955a646b7e7a6ec762,1/20(“y) 23:20
bazaar,Harperfs BAZAARiƒn[ƒp[ƒY ƒoƒU[j,g’·170cm‚Å”²ŒQ‚ÌƒXƒ^ƒCƒ‹IƒI[ƒhƒŠ[Eƒwƒvƒo[ƒ“‚ªÀ‘H‚µ‚½”üƒ{ƒfƒB‚Ì‚Â‚­‚è‚©‚½,https://news.yahoo.co.jp/articles/9d33d4c231882342d963f3e8137ceed089395c06,1/20(“y) 23:13
bazaar,Harperfs BAZAARiƒn[ƒp[ƒY ƒoƒU[j,ƒEƒBƒŠƒAƒ€c‘¾qAu©‚ç‰^“]‚µ‚ÄvÈƒLƒƒƒTƒŠƒ“c‘¾q”Ü‚Ì‚¨Œ©•‘‚¢‚Ö,https://news.yahoo.co.jp/articles/b4d6164fedc4c5f282ac33489531b3359f19a7a5,1/20(“y) 22:26
bazaar,Harperfs BAZAARiƒn[ƒp[ƒY ƒoƒU[j,‘‘YŠz300‰­‰~I •ÄÅ”N­ƒrƒŠƒIƒlƒA•2™‚Ì•ê‚ªAÅVuƒsƒ“ƒNƒwƒAvp‚ğ”â˜I,https://news.yahoo.co.jp/articles/7037cd6a7576c1d96721c42fde2f4bedd98ad5ae,1/20(“y) 20:20
bazaar,Harperfs BAZAARiƒn[ƒp[ƒY ƒoƒU[j,"ƒpƒ“ƒfƒ~ƒbƒNˆÈ~u2”Ô–Úv‚ÌŠ´õÒ”‚ÉB""ÅVƒRƒƒi""‚ÍAÇó‚àŒƒ•Ï‚©H ˆãt‚ª‰ğà",https://news.yahoo.co.jp/articles/d6e86f98d058a1fc1e80613b3c71a8a465c7a9d6,1/20(“y) 19:20
bazaar,Harperfs BAZAARiƒn[ƒp[ƒY ƒoƒU[j,"ƒnƒOƒŠƒbƒh–ğ‚Í‚ ‚Ì–¼”o—D‚¾‚Á‚½!? ‰f‰æwƒnƒŠ[Eƒ|ƒbƒ^[x‚Å ""ƒIƒtƒ@[‚³‚ê‚½–ğ"" ‚ğ’f‚Á‚Ä‚¢‚½‘å•¨”o—D‚½‚¿",https://news.yahoo.co.jp/articles/73a531d232f265574d86771fae4def8f9f0e4441,1/19(‹à) 23:20
bazaar,Harperfs BAZAARiƒn[ƒp[ƒY ƒoƒU[j,‹ô‘RH‚»‚ê‚Æ‚àˆÓ}“IHƒ`ƒƒ[ƒ‹ƒY‘‰¤‚ÆƒLƒƒƒTƒŠƒ“”Ü‚Ìu“ü‰@v‚ª“¯“ú‚É”­•\‚³‚ê‚½——R,https://news.yahoo.co.jp/articles/cf13c790f3efc2d481dbab6a3ebd18247a42526a,1/19(‹à) 22:20
bazaar,Harperfs BAZAARiƒn[ƒp[ƒY ƒoƒU[j,–¼ìwƒmƒbƒeƒBƒ“ƒOƒqƒ‹‚Ì—ölxå‰‰”o—DAÀ‚Íu–ğ‚ªƒCƒ„‚Å’f‚év‚Â‚à‚è‚¾‚Á‚½!? •‘‘ä— ‚ğ–¾‚©‚·,https://news.yahoo.co.jp/articles/07cacc111aae168be6bfc26eee3f98522abbf02e,1/19(‹à) 21:50
bazaar,Harperfs BAZAARiƒn[ƒp[ƒY ƒoƒU[j,Snow Man –Ú•˜@A•½–ì‡—sAŠâ“c„“TAƒXƒPƒ{–x•Ä‚È‚Çu‹‰Ø‚·‚¬‚éƒQƒXƒgv‚ªƒ~ƒ‰ƒmEƒpƒŠ‚Ìƒtƒƒ“ƒgƒƒEƒtƒ@ƒbƒVƒ‡ƒ“ƒVƒ‡[‚É“oêI,https://news.yahoo.co.jp/articles/4f4642a63991199f0bafc67e2167ff7275636ee8,1/19(‹à) 21:20
bazaar,Harperfs BAZAARiƒn[ƒp[ƒY ƒoƒU[j,u2024”N‚ÌƒJƒ‰[v‚É‘I‚Î‚ê‚½‚Ì‚ÍH •s‰¸‚È1”N‚ğU‚è•Ô‚èAlX‚Ì’²˜a‚ğŠè‚Á‚½u“‚Ì”çvF‚ª‘Io,https://news.yahoo.co.jp/articles/29b000ce00ee94e85667c667a942d8aa19dafa4f,1/19(‹à) 20:20
bazaar,Harperfs BAZAARiƒn[ƒp[ƒY ƒoƒU[j,ƒ}ƒVƒ…ƒ}ƒƒ{ƒfƒB‚ÉuƒZƒNƒV[ƒhƒŒƒXv1–‡‚Å“oêI 28Î‚ÌÀ—Í”h”o—D‚ªA”ü‚µ‚¢ƒ‹ƒbƒN‚Åƒtƒ@ƒ“‚ğ•¦‚©‚¹‚é,https://news.yahoo.co.jp/articles/9ab3f70e78131ad8213c369f1362e08442915351,1/18(–Ø) 23:20
bazaar,Harperfs BAZAARiƒn[ƒp[ƒY ƒoƒU[j,"”DP’†‚Ìl‹Cƒ‚ƒfƒ‹Au‚©‚È‚èƒZƒNƒV[‚Èv^‚ÁÔ‚ÌƒhƒŒƒX‚ÅƒŒƒbƒhƒJ[ƒyƒbƒg‚ÖI ""‘å‚«‚È‚¨• "" ‚ğ”â˜I",https://news.yahoo.co.jp/articles/93180b9e1005e9505bc647117f73bcdfded3953e,1/18(–Ø) 22:20
bazaar,Harperfs BAZAARiƒn[ƒp[ƒY ƒoƒU[j,"ƒ`ƒƒ[ƒ‹ƒY‘‰¤A""‘O—§‘B”ì‘å""‚Åèp•“ü‰@‚ÖBŒö–±‚Í“–•ªAŒ©‡‚í‚¹‚É",https://news.yahoo.co.jp/articles/c7ae29eda0e4f15d622a53156d41e0dc67d9ffe0,1/18(–Ø) 21:20
bazaar,Harperfs BAZAARiƒn[ƒp[ƒY ƒoƒU[j,ƒLƒƒƒTƒŠƒ“c‘¾q”ÜAèp‚Íu¬Œ÷vB‚ª‚ñ«‚ÌÇóH •œ‹A‚Í‚¢‚ÂH Œ»“_‚Å•ª‚©‚Á‚Ä‚¢‚é‚±‚Æ,https://news.yahoo.co.jp/articles/3db59552793169b6c2a0e60ab65ac1109847b5b6,1/18(–Ø) 20:20
bazaar,Harperfs BAZAARiƒn[ƒp[ƒY ƒoƒU[j,"40‘ã‚ğ‰ß‚¬‚½‚çu‚¿‚á‚ñ‚Æv©•ª‚Ì‹Ø“÷‚ÆŒü‚«‡‚Á‚ÄI Ì‚Ì©•ª‚æ‚è”ü‚µ‚­‚È‚ê‚éA""— Ø‚ç‚È‚¢‹Ø“÷ƒPƒA"" 3‘I",https://news.yahoo.co.jp/articles/39e8610a0343e91a293ae178c0c766b83552c586,1/18(–Ø) 19:20
bazaar,Harperfs BAZAARiƒn[ƒp[ƒY ƒoƒU[j,l‹Cƒ‚ƒfƒ‹‚ªƒZƒNƒV[‚ÈuƒXƒpƒC•—ƒR[ƒfv‚ğ”â˜IB‚±‚ñ‚È’Z‚¢ƒ^[ƒgƒ‹ƒlƒbƒN‚ÍŒ©‚½‚±‚Æ‚È‚¢I,https://news.yahoo.co.jp/articles/d168fdb0db1f78dcaadc286cd2759878737766e7,1/17(…) 23:20
bazaar,Harperfs BAZAARiƒn[ƒp[ƒY ƒoƒU[j,"ƒfƒ“ƒ}[ƒN‚ÌV‘‰¤‚ª‚Â‚¯‚Ä‚¢‚½""ƒuƒŒƒXƒŒƒbƒg""‚Éu’§”­“Ivu—E‹C‚ ‚és“®v‚È‚Ç^”Û—¼˜_",https://news.yahoo.co.jp/articles/f118739a6001ea552dccf790d7998d5a8bf375e2,1/17(…) 22:20
bazaar,Harperfs BAZAARiƒn[ƒp[ƒY ƒoƒU[j,ƒnƒŠƒEƒbƒh‚Ì’m«”h”o—D‚ªuƒuƒ‰ƒWƒƒ[Œ©‚¹ƒhƒŒƒXv‚ÅTVo‰‰BƒXƒ^ƒbƒt‚àv‚í‚¸“ñ“xŒ©,https://news.yahoo.co.jp/articles/2df10300c7357210ba6272358b461ce3bb18f825,1/17(…) 21:20
bazaar,Harperfs BAZAARiƒn[ƒp[ƒY ƒoƒU[j,Œ’N‚ÉŠQ‚ÍH ƒpƒ“‚Ì‘ÜŠJ‚¯‚Ä”ò‚ÑU‚éu¬‚³‚Èˆ«–‚v...Bƒ}ƒCƒNƒƒvƒ‰ƒXƒ`ƒbƒN–â‘è‚ÌÀ‘Ô,https://news.yahoo.co.jp/articles/3e4fac7ddb2f348cfe3207b550bec16589f917cc,1/17(…) 20:20
bazaar,Harperfs BAZAARiƒn[ƒp[ƒY ƒoƒU[j,ƒXƒgƒŒƒX‰ğÁ–@‚ÍŠÈ’PAuÔ‚¿‚á‚ñ‚ÌŒÄ‹zv‚ğƒ}ƒl‚·‚é‚¾‚¯I,https://news.yahoo.co.jp/articles/6b6c2db18b8a4c46b306e21b7490b19d9632556d,1/17(…) 19:20
bazaar,Harperfs BAZAARiƒn[ƒp[ƒY ƒoƒU[j,2023”N‚Ìƒtƒ@ƒbƒVƒ‡ƒ“‚ğÛ’¥‚µ‚½u3l‚ÌƒZƒŒƒuvIƒgƒŒƒ“ƒh‚ğ‹l‚ß‚ñ‚¾A„•‚âˆß‘•‚É‚à’–Ú,https://news.yahoo.co.jp/articles/56f2725f4b268088ecca0e39d75613d610acf1e4,1/16(‰Î) 23:20
bazaar,Harperfs BAZAARiƒn[ƒp[ƒY ƒoƒU[j,l‹C”o—DAƒZƒNƒV[‚ÈgåKåNƒhƒŒƒXh‚âg‰_ƒhƒŒƒXh‚É‘±‚«A‚Ü‚½‚à’–ÚW‚ß‚éuƒ^ƒCƒgƒhƒŒƒXv‚Å˜b‘èI,https://news.yahoo.co.jp/articles/9ca8df2d794c24b432618c77dd678a039a9b5cc3,1/16(‰Î) 22:20
bazaar,Harperfs BAZAARiƒn[ƒp[ƒY ƒoƒU[j,ƒLƒƒƒTƒŠƒ“”Ü‚ÌuƒIƒ‚ƒVƒuŠÔv6‘II Œ‚Á‚Ï‚ç‚Á‚½‚èAƒnƒŠƒ|ƒ^‚Ì^—‚ğ‚µ‚½‚èA‹‘åƒNƒ‚‚ğè‚Éæ‚¹‚½‚è...I,https://news.yahoo.co.jp/articles/b44d023dc61ba2c6f82801495b79a0a445f261c5,1/16(‰Î) 21:20
bazaar,Harperfs BAZAARiƒn[ƒp[ƒY ƒoƒU[j,á‚¢ ‚æ‚è‚àƒI[ƒKƒYƒ€‚Åu–‘«vAÌ‚æ‚è‚à•p”É‚É‚È‚Á‚½etc...ƒI[ƒo[60—«‚ÌuŠˆ”­‚È«¶Šˆv‚ª–¾‚ç‚©‚É,https://news.yahoo.co.jp/articles/dd8e6b0d32353495a95629f339271a989bf60687,1/16(‰Î) 20:20
bazaar,Harperfs BAZAARiƒn[ƒp[ƒY ƒoƒU[j,"ƒpƒb‚ÆŒ©‚Íu’´”ü”§vB‚Å‚àÀ‚Íuƒrƒj[ƒ‹”§v‚È‚¾‚¯...H ""Šp¿‚Ì‚Æ‚è‚·‚¬"" ‚ª•|‚¢——R‚ğê–å‰Æˆã‚ªƒAƒ“ƒT[",https://news.yahoo.co.jp/articles/f1d59f1c51c6fb7d81d538a2ce5c4b1a23ed617c,1/16(‰Î) 19:20
bazaar,Harperfs BAZAARiƒn[ƒp[ƒY ƒoƒU[j,wƒfƒXƒpƒŒ[ƒg‚ÈÈ‚½‚¿x”o—DAƒLƒ…[ƒg•ƒZƒNƒV[‚Ì“ñ“—¬ ‚Ü‚½‚à‘å’_ƒXƒ^ƒCƒ‹‚ğ”â˜I,https://news.yahoo.co.jp/articles/a43b296be534bd426ef92fc001475f121c596be0,1/15(Œ) 23:20
bazaar,Harperfs BAZAARiƒn[ƒp[ƒY ƒoƒU[j,"33Î‚Ì•Äl‹C”o—D‚ªuƒCƒPƒƒ“•vv‚ÆƒŒƒA‚È2ƒVƒ‡ƒbƒg‚Å“oêIƒh”hè‚È""‹à{ƒAƒjƒ}ƒ‹•¿"" ƒ‹ƒbƒN‚Åƒp[ƒeƒB‚Ö",https://news.yahoo.co.jp/articles/da95f086c609422694f997f83c5659e57905a658,1/15(Œ) 22:20
bazaar,Harperfs BAZAARiƒn[ƒp[ƒY ƒoƒU[j,ƒfƒ“ƒ}[ƒN—‰¤g“Ë‘R‚Ì‘ŞˆÊh‚É‚æ‚èAV‘‰¤‚ª’a¶I ”ü’j”ü—‚¼‚ë‚¢‚È4l‚Ìq‚Ç‚à‚½‚¿‚ğƒ`ƒFƒbƒN,https://news.yahoo.co.jp/articles/d16d2ca56c282f33f354fa2d0cefa7f9406a69f4,1/15(Œ) 21:20
bazaar,Harperfs BAZAARiƒn[ƒp[ƒY ƒoƒU[j,"""BLƒhƒ‰ƒ}"" ‚ª‹ó‘O‚Ì‘åƒu[ƒ€Iw2getherx‚âwHIStoryx‚È‚ÇA¡ŠÏ‚Ä‚¨‚«‚½‚¢ƒIƒXƒXƒì•i3‘I",https://news.yahoo.co.jp/articles/50598a83b1936cdbaf6eca0b118d1957e7832a4a,1/15(Œ) 20:20
bazaar,Harperfs BAZAARiƒn[ƒp[ƒY ƒoƒU[j,ƒAƒ“‰¤—‚ÉÓßHl‹Cƒhƒ‰ƒ}wƒUEƒNƒ‰ƒEƒ“x‚Å‘å–ğ‚ğ‰‰‚¶‚½•Ä”o—DAƒ†[ƒ‚ƒA‚½‚Á‚Õ‚è‚ÌˆêƒRƒ}‚ğ–¾‚©‚·,https://news.yahoo.co.jp/articles/9b324c0f506a992cdd79c58e71612de537cac777,1/15(Œ) 19:20
bazaar,Harperfs BAZAARiƒn[ƒp[ƒY ƒoƒU[j,ƒ{ƒfƒBƒ‰ƒCƒ“‚ğŠÛo‚µI eŒ‚‚³‚ê‚½Œ»–ğƒ‰ƒbƒp[A‰f‰æƒvƒŒƒ~ƒA‚É‹Á‚«‚ÌƒV[ƒXƒ‹[ƒhƒŒƒX‚ÅoÈ,https://news.yahoo.co.jp/articles/23a877e19b74ae898a1f2991364fc01ad0b25c3e,1/14(“ú) 23:10
bazaar,Harperfs BAZAARiƒn[ƒp[ƒY ƒoƒU[j,"’£‚è—ô‚¯‚é¡‘OI ƒOƒ‰ƒ~[Ü‰ÌèAƒ{ƒfƒBƒRƒ“ƒhƒŒƒX‚ª""ƒ^ƒCƒg‚·‚¬‚Ä""È‚ÉÀ‚ê‚¸B",https://news.yahoo.co.jp/articles/84444c9c9208b7bcf482417c15494cc45844add6,1/14(“ú) 22:10
bazaar,Harperfs BAZAARiƒn[ƒp[ƒY ƒoƒU[j,ƒEƒBƒŠƒAƒ€c‘¾q‚ª“{–Â‚Á‚ÄŒƒ“{...Bu‘å‚ÌƒƒfƒBƒAŒ™‚¢vc‘¾q‚Æƒpƒpƒ‰ƒbƒ`‚Ì”ß‚µ‚¢ŠÖŒW«,https://news.yahoo.co.jp/articles/8fabf83c3fd27cb7854867c91aa1e152de6cb073,1/14(“ú) 20:20
bazaar,Harperfs BAZAARiƒn[ƒp[ƒY ƒoƒU[j,"‚ ‚È‚½‚Í‰½”ÔH ƒGƒ“ƒWƒFƒ‹ƒiƒ“ƒo[u444v‚Ìl‚Í ""‚â‚·‚ç‚¬"" ‚ª•K—v‚©‚àBê–å‰Æ‚ª‰ğà",https://news.yahoo.co.jp/articles/d667b72c05f5d1e33b312238e18bd84171d0ab4c,1/14(“ú) 19:20
bazaar,Harperfs BAZAARiƒn[ƒp[ƒY ƒoƒU[j,¢ŠEˆê‰Ò‚®ƒ‚ƒfƒ‹Ag‹É¬ƒrƒLƒjh‚Å”üƒqƒbƒv‚ğ‹­’²I ‹‰Øƒƒ“ƒo[‚Å—D‰ë‚ÈƒoƒJƒ“ƒX‚Ö,https://news.yahoo.co.jp/articles/916b5f1557baa8f63f3584773859a5772807d1d9,1/13(“y) 22:20
bazaar,Harperfs BAZAARiƒn[ƒp[ƒY ƒoƒU[j,geq‚ÉŒ©‚¦‚È‚¢hƒhƒCƒclƒX[ƒp[ƒ‚ƒfƒ‹‚Æ”ül–ºA‚«‚ç‚ß‚­‘å’_‚Èƒ‹ƒbƒN‚ÅƒKƒ‰‚ÉoÈ,https://news.yahoo.co.jp/articles/cb179519e4a7e50923dad0acc2d1499c305a8391,1/13(“y) 21:20
bazaar,Harperfs BAZAARiƒn[ƒp[ƒY ƒoƒU[j,‚Ü‚³‚É—ğj“IuŠÔ...I 21¢‹I‚Éu‘‰¤‚ğ‘ŞˆÊ‚·‚év‚±‚Æ‚ğŒˆ’f‚µ‚½A3l‚ÌƒƒCƒ„ƒ‹‚½‚¿,https://news.yahoo.co.jp/articles/6a66da65c5cacbb3a76c170fceb7b8ebee28c766,1/13(“y) 20:20
bazaar,Harperfs BAZAARiƒn[ƒp[ƒY ƒoƒU[j,"‚ ‚È‚½‚Í‰½”ÔH u222v‚ªƒGƒ“ƒWƒFƒ‹ƒiƒ“ƒo[‚Ìl‚ÍA“Á‚É ""d—v‚ÈˆÓ–¡"" ‚ğ‚à‚Âê‡‚à...Iê–å‰Æ‚ª‰ğà",https://news.yahoo.co.jp/articles/441c2a8f8a317dfb79366a621d7d014867ac7162,1/13(“y) 19:20
bazaar,Harperfs BAZAARiƒn[ƒp[ƒY ƒoƒU[j,"ƒŒƒfƒB[EƒKƒKAV‹È‚ğ""ƒpƒ“ƒc‚È‚µ""ƒR[ƒf‚ÅAƒŒƒR[ƒfƒBƒ“ƒOI",https://news.yahoo.co.jp/articles/a6283fdcc524d90b442cbb508677bac61d2d4f6b,1/12(‹à) 22:20
bazaar,Harperfs BAZAARiƒn[ƒp[ƒY ƒoƒU[j,"ƒwƒ“ƒŠ[‰¤q•ƒ[ƒKƒ“”Ü‚ª‹‡’n‚©‚àH ""ƒrƒWƒlƒX’á–À’†""‚É‚Â‚«A2024”N‚Íu•]”»‰ñ•œ‚É‚Â‚­‚·v",https://news.yahoo.co.jp/articles/274cfa724b7678f2357cc591dbfc554faaf2b782,1/12(‹à) 21:20
bazaar,Harperfs BAZAARiƒn[ƒp[ƒY ƒoƒU[j,ƒuƒ‹ƒlƒC‚ÌƒCƒPƒƒ“‰¤q‚ªŒ‹¥I g10“úŠÔh‚É‚í‚½‚é‹‰ØŒ‹¥®‚ªŠJn,https://news.yahoo.co.jp/articles/1e73b6c566d1f26ba6b4a808aadf3c1a259f2df1,1/12(‹à) 20:20
bazaar,Harperfs BAZAARiƒn[ƒp[ƒY ƒoƒU[j,"uƒqƒ\ƒqƒ\˜bv‚ª•¨‹c‚ğø‚µ‚½ƒZƒŒƒu2lA‚»‚Ì“à—e‚Í""‰\‚ÌƒJƒbƒvƒ‹"" ‚É‚Â‚¢‚Ä‚©H –{l‚ª^‘Š‚ğ–¾‚©‚·",https://news.yahoo.co.jp/articles/624d44c8be091d1332d3c9aba3ed1102c85bd5dc,1/12(‹à) 19:21
bazaar,Harperfs BAZAARiƒn[ƒp[ƒY ƒoƒU[j,ƒZƒŒ[ƒiEƒSƒƒX‚ªV—öl‚Æ‚Ìg”M—óƒLƒXÊ^h‚ğŒöŠJIå‰‰——DÜ“¦‚·‚àu„‚ÌŸ—˜v‚Æ‹­‹C”­Œ¾,https://news.yahoo.co.jp/articles/2bc2ee02e5e7b23dcaef45f182894f3669d276a7,1/11(–Ø) 22:20
bazaar,Harperfs BAZAARiƒn[ƒp[ƒY ƒoƒU[j,"{”o—D‚½‚¿‚ªAƒZƒNƒV[‚È ""Œ¨‚İ‚¹"" ƒhƒŒƒX‚Å‹ü‚ğ’D‚¤ ƒKƒoƒi[ƒYÜöÜ®‚ÌBESTƒŒƒbƒhƒJ[ƒyƒbƒgƒ‹ƒbƒN3‘I",https://news.yahoo.co.jp/articles/37ea1d3fef1e7b85197c8911a0990a7823d5cf55,1/11(–Ø) 21:20
bazaar,Harperfs BAZAARiƒn[ƒp[ƒY ƒoƒU[j,"¢ŠE‚ğ—h‚é‚ª‚µ‚½u‘å•s—Ïv‚Ì––AŒ‹¥Bƒ`ƒƒ[ƒ‹ƒY‘‰¤‚ÆƒJƒ~ƒ‰‰¤”Ü‚Ì ""ƒvƒƒ|[ƒY"" ”é˜b‚É”—‚é",https://news.yahoo.co.jp/articles/1b3b679b04f7d05c3f2efaaf183accde5e9a6ace,1/11(–Ø) 20:20
bazaar,Harperfs BAZAARiƒn[ƒp[ƒY ƒoƒU[j,ƒLƒƒƒTƒŠƒ“”Ü‚ª42Î‚ÉIƒ`ƒƒ[ƒ‹ƒY‘‰¤&ƒJƒ~ƒ‰‰¤”Ü‚ªuS‰·‚Ü‚év‚¨j‚¢ƒƒbƒZ[ƒW‚ğ‘—‚é,https://news.yahoo.co.jp/articles/493b354ad25ecd2a6dcd6bd02b87cdb154172b29,1/11(–Ø) 19:20
bazaar,Harperfs BAZAARiƒn[ƒp[ƒY ƒoƒU[j,ƒ‰ƒCƒ€•a‚É‹ƒ‚¢‚½ƒgƒbƒvƒ‚ƒfƒ‹A‚Ù‚Ú‰B‚¹‚Ä‚È‚¢uƒrƒLƒjv‚ÅƒiƒCƒXƒoƒfƒB‚ğ”â˜II Š®‘S•œŠˆ‚ğØ–¾,https://news.yahoo.co.jp/articles/7c11e2bf144086e658072e1b5a67fcf6497be904,1/10(…) 22:20
bazaar,Harperfs BAZAARiƒn[ƒp[ƒY ƒoƒU[j,”ül‚·‚¬‚é–¢—ˆ‚ÌƒXƒyƒCƒ“—‰¤‚ªuŒR•pv‚Å“oêBƒXƒ^ƒCƒŠƒbƒVƒ…‚È’…‚±‚È‚µ‚ÅA2024”NÅ‰‚ÌŒö–±‚Ö,https://news.yahoo.co.jp/articles/6d43f007a6422d57b5d0c6465ea266c8b0823140,1/10(…) 21:20
bazaar,Harperfs BAZAARiƒn[ƒp[ƒY ƒoƒU[j,"jã‰‚Ì‰õ‹“‚ÉAƒŒƒI—l‚à ""v‚í‚¸Š´Œƒ""I ƒS[ƒ‹ƒfƒ“EƒOƒ[ƒuÜ‚Åuå‰‰——DÜv‚ğŸ‚¿æ‚Á‚½æZ–¯—«‚ª˜b‘è‚É",https://news.yahoo.co.jp/articles/d3f09ebc0c901ffb47bc193bfdbc495b0e63ca1b,1/10(…) 20:20
bazaar,Harperfs BAZAARiƒn[ƒp[ƒY ƒoƒU[j,"•—×EƒCƒ“ƒtƒ‹‘Îô‚É‚ÍuˆŸ‰”v‚ª•K{H@""‚È‚É‚ğH‚×‚é‚×‚«‚©""Aê–å‰Æ‚ª‰ğà",https://news.yahoo.co.jp/articles/f95f4b5ce8f18cbe55f727c774a32e5ee0bcd9ab,1/10(…) 19:20
bazaar,Harperfs BAZAARiƒn[ƒp[ƒY ƒoƒU[j,"ƒZƒNƒV[”ü—•À—Í”hƒCƒPƒƒ“”o—D‚Ì""”M—óƒLƒX“®‰æ"" ‚ª‘åƒoƒY‚èI ƒS[ƒ‹ƒfƒ“EƒOƒ[ƒuÜ‚É2l‚»‚ë‚Á‚Ä“oê",https://news.yahoo.co.jp/articles/76d1ba84920a59654c309a8e18adea9685972c12,1/9(‰Î) 22:10
bazaar,Harperfs BAZAARiƒn[ƒp[ƒY ƒoƒU[j,Œ‹¥Œã‚Íuô—û“xv‚ª‚Ü‚·‚Ü‚·UP ƒLƒƒƒTƒŠƒ“c‘¾q”Ü‚Ì20‘ã`Œ»İ‚Ü‚Å‚Ì”ü–e‚ğƒvƒŒƒCƒoƒbƒN,https://news.yahoo.co.jp/articles/34af049bfe7841650cd9d94915f38ebfb0b9f24a,1/9(‰Î) 21:20
bazaar,Harperfs BAZAARiƒn[ƒp[ƒY ƒoƒU[j,"ƒLƒƒƒTƒŠƒ“c‘¾q”Ü‚ª’z‚«ã‚°‚½A""‰p‰¤º‚Å‚Ì—§‚¿ˆÊ’u"" ‚Æ‚ÍH ‰p‰¤º‹LÒ‚ª–¾‚©‚·",https://news.yahoo.co.jp/articles/fcd026957f901ecdf267db42e9908fdf071950fa,1/9(‰Î) 20:20
bazaar,Harperfs BAZAARiƒn[ƒp[ƒY ƒoƒU[j,"”ül“xƒAƒbƒv‚Ì”éŒ‚Í ""ŒûŒ³"" ‚É‚ ‚Á‚½I ƒGƒLƒXƒp[ƒg‚½‚¿‚ª‹³‚¦‚éuŠç‚Ì‰º”¼•ªƒPƒAv‚ÅŠ‚¦‚éC”²‚¯–@",https://news.yahoo.co.jp/articles/67f78dd2720e0b6b613a277b8d4cd6deb9409707,1/9(‰Î) 19:20
bazaar,Harperfs BAZAARiƒn[ƒp[ƒY ƒoƒU[j,ƒV[ƒXƒ‹[‚©‚ç‘’‹VƒXƒ^ƒCƒ‹‚Ü‚ÅI ƒS[ƒ‹ƒfƒ“EƒOƒ[ƒuÜ2024‚ÅuƒCƒ“ƒpƒNƒgv‚ğc‚µ‚½ƒxƒXƒgƒhƒŒƒbƒT[3l,https://news.yahoo.co.jp/articles/9b2d5d18de48edfdc4e9100ad135c11504d9f42d,1/8(Œ) 23:13
bazaar,Harperfs BAZAARiƒn[ƒp[ƒY ƒoƒU[j,ƒLƒƒƒTƒŠƒ“”Ü‚ÍuƒUƒ‰v‚ª‘åD‚«I ”Ü‚ª‚¨è–{‚ÌAZARA‚ÅŒˆ‚ß‚éƒWƒƒƒPƒbƒgƒXƒ^ƒCƒ‹3‘I,https://news.yahoo.co.jp/articles/d30e5f5a6b31ff52e1f355c9874731be2db53137,1/8(Œ) 22:11
bazaar,Harperfs BAZAARiƒn[ƒp[ƒY ƒoƒU[j,ƒ\ƒtƒBƒAEƒŠƒbƒ`[‚ÌuƒVƒƒƒlƒ‹v‚¾‚¯‚¶‚á‚È‚¢I 2023”NÅ‚àˆóÛ“I‚¾‚Á‚½ƒZƒŒƒu‚ÌuƒEƒGƒfƒBƒ“ƒOƒhƒŒƒXvTOP3,https://news.yahoo.co.jp/articles/8f7989d11098973c0d2808654d29a24abf1dcc48,1/8(Œ) 20:20
bazaar,Harperfs BAZAARiƒn[ƒp[ƒY ƒoƒU[j,•—×‚âƒCƒ“ƒtƒ‹ƒGƒ“ƒU—\–hA“œ”A•a—\–h‚É‚àuˆŸ‰”ƒTƒvƒŠvI@“KØ‚ÈuÛæƒ^ƒCƒ~ƒ“ƒOv‚ğê–å‰Æ‚ª‰ğà,https://news.yahoo.co.jp/articles/91c987948bcb7b0b8de7497999d5098720cd5c91,1/8(Œ) 19:21
bazaar,Harperfs BAZAARiƒn[ƒp[ƒY ƒoƒU[j,•‚Ìƒ`ƒ‡ƒCƒX‚Å‘å¸”s...IƒŒƒbƒhƒJ[ƒyƒbƒg‚Å‹L‰¯‚Éc‚éu—ğ‘ãƒ[ƒXƒgƒhƒŒƒbƒT[v3l,https://news.yahoo.co.jp/articles/0a0f79dd63157d1593c64ee0d17f0ddbd3b7bc83,1/7(“ú) 22:20
bazaar,Harperfs BAZAARiƒn[ƒp[ƒY ƒoƒU[j,"ƒ}ƒ}”h‚ğ’fŒ¾H ƒAƒ“ƒW[•ƒuƒ‰ƒs‚Ì–ºA‘åŠw‚Ì ""©ŒÈĞ‰î"" ‚Åƒuƒ‰ƒs‚Ì©uƒsƒbƒgv‚ğ–¼æ‚ç‚¸",https://news.yahoo.co.jp/articles/a8bf91a5019b58ca0d1fd1a479de47ff0391a64c,1/7(“ú) 21:20
bazaar,Harperfs BAZAARiƒn[ƒp[ƒY ƒoƒU[j,40‘ã‚©‚ç‚Íuƒzƒ‹ƒ‚ƒ“‚ä‚ç‚¬¢‘ãvBê–åˆã‚ªw“ì‚·‚éAX”NŠúˆÈ~‚ÌuH¶Šˆ‚ÌŒ©’¼‚µv,https://news.yahoo.co.jp/articles/88eea7438f3feeba5a7672d3bcbecccdc652f48a,1/7(“ú) 20:41
bazaar,Harperfs BAZAARiƒn[ƒp[ƒY ƒoƒU[j,ƒwƒ“ƒŠ[‰¤q‚Ì‰ñŒÚ˜^‚¾‚¯‚¶‚á‚È‚¢I 2023”N‚É˜b‘è‚ğ‚³‚ç‚Á‚½uƒZƒŒƒuƒSƒVƒbƒvvTOP 3,https://news.yahoo.co.jp/articles/969709598a2f632327aa0a11d09606ce3a12f67c,1/7(“ú) 19:20
bazaar,Harperfs BAZAARiƒn[ƒp[ƒY ƒoƒU[j,"ƒgƒbƒvƒ‚ƒfƒ‹‚Íuq‚Ç‚à‚Ì‘—‚èŒ}‚¦v‚·‚ç’´ƒIƒVƒƒƒŒI  Œ³ƒ”ƒBƒNƒV[ƒ‚ƒfƒ‹‚Ì ""‘—Œ}ƒtƒ@ƒbƒVƒ‡ƒ“"" ‚ª˜b‘è‚É",https://news.yahoo.co.jp/articles/df91b7e013b5ff0ae0675faf4d3342a779993d76,1/6(“y) 22:20
bazaar,Harperfs BAZAARiƒn[ƒp[ƒY ƒoƒU[j,"2023”N ""‚¢‚ë‚ñ‚ÈˆÓ–¡‚ÅƒoƒY‚Á‚½"" ƒZƒŒƒu‚Ìu‚¨‘›‚ª‚¹ƒtƒ@ƒbƒVƒ‡ƒ“v3‘I",https://news.yahoo.co.jp/articles/f7669b59a625e7a6c20432fa9abc80124a08f588,1/6(“y) 21:20
bazaar,Harperfs BAZAARiƒn[ƒp[ƒY ƒoƒU[j,"u’C”N¶‚Ü‚êv‚ÍA‚±‚ñ‚È‚É‘òRI ¡”N‚¿‚å‚¤‚Ç ""”N’j•”N—"" ‚É‚È‚éƒZƒŒƒu10l",https://news.yahoo.co.jp/articles/933253b32fc19a065ebe8e59048c6ce9100ecded,1/6(“y) 20:20
bazaar,Harperfs BAZAARiƒn[ƒp[ƒY ƒoƒU[j,"“Ë‘R‚Ì""‘ŞˆÊ"" ‚ğ”­•\‚µ‚½ƒfƒ“ƒ}[ƒN—‰¤A‰‚ß‚ÄŒö‚Ìê‚Ép‚ğŒ©‚¹‚é",https://news.yahoo.co.jp/articles/02d37ad437f0962d35894a03dea6f4d261f96260,1/6(“y) 19:20
bazaar,Harperfs BAZAARiƒn[ƒp[ƒY ƒoƒU[j,90”N‘ãƒX[ƒp[ƒ‚ƒfƒ‹‚ªuƒtƒBƒMƒ…ƒAƒXƒP[ƒgvƒRƒXƒvƒŒp‚ÅB‚Á‚½A©–‚Ìu”üƒ{ƒfƒBvÊ^‚Éâ^‚Ì—’,https://news.yahoo.co.jp/articles/fe14c7b4960cd89217e85f192996db18ccdfc260,1/5(‹à) 22:10
bazaar,Harperfs BAZAARiƒn[ƒp[ƒY ƒoƒU[j,ƒ`ƒƒ[ƒ‹ƒY‘‰¤‚ªA“Vc•Ã‰º‚ÉƒƒbƒZ[ƒWBu”\“o”¼“‡’nkv‚ğ‚¤‚¯‚Ä‚¨‰÷‚â‚İ‚ÌŒ¾—t‚ğ‘—‚é,https://news.yahoo.co.jp/articles/f178d9a6bdc0bb87d1fbb4d110f05be694199aa7,1/5(‹à) 21:20
bazaar,Harperfs BAZAARiƒn[ƒp[ƒY ƒoƒU[j,"l‹Cƒhƒ‰ƒ}‚Ì ""ˆß‘••ƒƒCƒNƒ`[ƒ€"" ‚ªŒ©‚¹‚½–{‹C...IwƒUEƒNƒ‰ƒEƒ“x‚ÅuƒLƒƒƒTƒŠƒ“”Ü‚ğ’‰À‚ÉÄŒ»v‚µ‚½•‘‘ä— ‚ğ–¾‚©‚·",https://news.yahoo.co.jp/articles/d84213af3f9713fd3e5a6ada961698b1c8e3fcc8,1/5(‹à) 20:20
bazaar,Harperfs BAZAARiƒn[ƒp[ƒY ƒoƒU[j,‚·‚×‚Ä‚ªD’²‚Èu40‘ãv‚É•K—v‚È‚à‚ÌI 2024”N‚Íu‹Ø“÷v‚Åƒƒ“ƒ^ƒ‹E‡–°E‘Ì—ÍEƒ_ƒCƒGƒbƒg‚·‚×‚Ä‚ğãŒü‚«‚É,https://news.yahoo.co.jp/articles/a6af5ddf929820d0bd4e9f290d8f47b3cb192823,1/5(‹à) 19:20
bazaar,Harperfs BAZAARiƒn[ƒp[ƒY ƒoƒU[j,"wƒfƒXƒpƒŒ[ƒg‚ÈÈ‚½‚¿x”o—DAƒZƒNƒV[‚ÈƒXƒŠƒbƒg“ü‚èƒhƒŒƒX‚Å ""ˆø‚«’÷‚Ü‚Á‚½”ü‹r"" ‚ğ”â˜I",https://news.yahoo.co.jp/articles/1da73cf626075991caeca304421117d0d71cc8e9,1/4(–Ø) 21:20
bazaar,Harperfs BAZAARiƒn[ƒp[ƒY ƒoƒU[j,"ƒLƒƒƒTƒŠƒ“”Ü‚Ì•êe‚Í ""‚©‚È‚è‚Ìô—ª‰Æ""H ƒEƒBƒŠƒAƒ€‰¤q‚Æ‚­‚Á‚Â‚¯‚æ‚¤‚Æ‚µ‚½u•–‹và‚Ì^‘Š‚Í‚¢‚©‚É",https://news.yahoo.co.jp/articles/7363e123f95d5dff0ba25d3d83aa2de959787855,1/4(–Ø) 20:20
bazaar,Harperfs BAZAARiƒn[ƒp[ƒY ƒoƒU[j,‚¨³Œ‘¾‚è‚ğAãY—í‚ÉƒŠƒZƒbƒgI  —¬s‚è‚Ìu’f‘±“I’fHv‚ÌH––@‚âA•›ì—p‚ğ‰ğà,https://news.yahoo.co.jp/articles/92d816dd2061d376606f83f0f0a74a87d640e196,1/4(–Ø) 19:20
bazaar,Harperfs BAZAARiƒn[ƒp[ƒY ƒoƒU[j,"BLACKPINKƒWƒX‚É‚Â‚¢‚Ä’m‚è‚½‚¢ ""5‚Â"" ‚Ì‚±‚Æ ƒfƒrƒ…[“–‚©‚çŒ»İ‚Ü‚Å‚Ìƒrƒ…[ƒeƒB•Õ—ğ‚ğ‚Ó‚è•Ô‚èI",https://news.yahoo.co.jp/articles/6d586d1f0bc3191d4afd2f029cf7d5c64e91068f,1/3(…) 21:20
bazaar,Harperfs BAZAARiƒn[ƒp[ƒY ƒoƒU[j,"NetflixwƒEƒFƒ“ƒYƒf[x”o—D‚ªƒCƒƒ`ƒFƒ“ ‰Âˆ¤‚ç‚µ‚¢ ""ƒzƒƒCƒgƒR[ƒf"" ‚Å“oê‚µA˜b‘è‚É",https://news.yahoo.co.jp/articles/6e0abd289d0063a9d9f6172f6bf0202f7fb99c87,1/3(…) 20:20
bazaar,Harperfs BAZAARiƒn[ƒp[ƒY ƒoƒU[j,"‚¨³Œ‘¾‚è‚ğ ""ŠÈ’P"" ƒŠƒZƒbƒgI u’f‘±“I’fHv‚ÌƒƒŠƒbƒg‚ğAê–å‰Æ‚ª‰ğà",https://news.yahoo.co.jp/articles/02733aeb8d189dfa37f80a3d085c261d4af9d781,1/3(…) 19:20
bazaar,Harperfs BAZAARiƒn[ƒp[ƒY ƒoƒU[j,"ƒEƒBƒŠƒAƒ€c‘¾q‚ÌuŒ³ƒJƒmv‚Æ‰\‚³‚ê‚é ""3l‚Ì—«"" ‚ğƒvƒŒƒCƒoƒbƒN",https://news.yahoo.co.jp/articles/6ea4333c99711c71748d6fc4271ca22aedc9336c,1/2(‰Î) 21:20
bazaar,Harperfs BAZAARiƒn[ƒp[ƒY ƒoƒU[j,uƒZƒNƒV[‚Èi‘•—ƒ‹ƒbƒNv‚ğ”â˜II ƒxƒ“EƒAƒtƒŒƒbƒN‚ÌŒ³ÈAƒ~ƒjƒXƒJ‚Å“~‚ÌNY‚É~—Õ,https://news.yahoo.co.jp/articles/017a15d8a18127a005d3ea6d7525c87e975194c2,1/2(‰Î) 20:20
bazaar,Harperfs BAZAARiƒn[ƒp[ƒY ƒoƒU[j,uƒUƒNƒv‚Á‚Ä‚±‚ñ‚È¦‚¢‚Ì ˆÓŠO‚Æ’m‚ç‚ê‚Ä‚¢‚È‚¢u‰h—{‘fv‚âA¸”s‚µ‚È‚¢Ø‚è•û‚ğ‰ğà,https://news.yahoo.co.jp/articles/1ab2c67dded34089e410c9a5760465943e8605b4,1/2(‰Î) 19:20
bazaar,Harperfs BAZAARiƒn[ƒp[ƒY ƒoƒU[j,ƒZƒNƒV[‚·‚¬‚é‘Û•ÙŒìmAu”ü‹rƒAƒs[ƒ‹v‚Ìƒ~ƒjƒhƒŒƒX‚ÅA•v‚Æƒƒ}ƒ“ƒeƒBƒbƒN‚Èƒf[ƒg‚Ö,https://news.yahoo.co.jp/articles/8752064397bca518550d7e48441321db4ba8bcc3,1/1(Œ) 21:20
bazaar,Harperfs BAZAARiƒn[ƒp[ƒY ƒoƒU[j,"“~‚Å‚àŠë‚È‚¢I —â‘ ŒÉ‚É“ü‚ê‚Ä‚à ""ˆÓŠO‚Æ""uˆ«‚­‚È‚Á‚Ä‚µ‚Ü‚¤vH•i5‘I",https://news.yahoo.co.jp/articles/c92f718d356d1314cbf0d5fcebeadef7fcbb09f0,1/1(Œ) 20:20
bazaar,Harperfs BAZAARiƒn[ƒp[ƒY ƒoƒU[j,•ƒuƒ‰ƒV‚ÌŒğŠ·•p“xu3‚©Œ‚É1‰ñv‚¶‚á‰˜‚¢Hƒ†ƒjƒbƒgƒoƒX‚Ìl‚Í’ˆÓ u•ƒuƒ‰ƒVv‚ÉŠÖ‚µ‚Ä’m‚Á‚Ä‚¨‚«‚½‚¢‚±‚Æ,https://news.yahoo.co.jp/articles/7223dc69fbc4e14771c3bbe49e55d5582f4b4158,1/1(Œ) 19:20
bazaar,Harperfs BAZAARiƒn[ƒp[ƒY ƒoƒU[j,g”’‰Ì‡í‚Å‚à”²ŒQ‚Ì‘¶İŠ´I TWICEƒ‚ƒ‚‚Ìu”ü• ‹Øvƒtƒ@ƒbƒVƒ‡ƒ“3‘I,https://news.yahoo.co.jp/articles/ed35d3e931076121479b163474583e63552df2d9,1/1(Œ) 0:05
bazaar,Harperfs BAZAARiƒn[ƒp[ƒY ƒoƒU[j,ÕŒ‚‚Ìuƒm[ƒpƒ“vƒXƒ^ƒCƒ‹‚â—d‰‚Èƒ}[ƒƒCƒh•—AƒAƒfƒBƒ_ƒX‚ÌuƒTƒ“ƒov‚È‚Ç...2023”N‚É—¬s‚Á‚½ƒtƒ@ƒbƒVƒ‡ƒ“‚ğƒvƒŒƒCƒoƒbƒN,https://news.yahoo.co.jp/articles/f31a80ee3926c35863d43a8c82dbc792ab239905,2023/12/31(“ú) 21:20
bazaar,Harperfs BAZAARiƒn[ƒp[ƒY ƒoƒU[j,g”’‰oêI ¢ŠE‚ª”M‹¶‚·‚éuStray KidsiƒXƒgƒŒƒCƒLƒbƒYjv‚Ìƒƒ“ƒo[‚ÉƒCƒ“ƒ^ƒrƒ…[IS‰·‚Ü‚éƒGƒsƒ\[ƒh‚à”â˜I,https://news.yahoo.co.jp/articles/a90a6a73e7f0189e60041a488ca3ddd0510410e1,2023/12/31(“ú) 20:10
bazaar,Harperfs BAZAARiƒn[ƒp[ƒY ƒoƒU[j,"""•qŠ´”§‚³‚ñ"" ‚É‘ål‹CI ’–Ú‚ÌuƒZƒ‰ƒ~ƒhvƒNƒŠ[ƒ€‚ÌuŒø‰Êv‚âu‘I‚Ñ•ûv‚ğA”ü—e”ç•†‰Èˆã‚ª‰ğà",https://news.yahoo.co.jp/articles/bcdcff58c5a031ab368d8f8abed77d0a0a23f6e2,2023/12/31(“ú) 19:20
bazaar,Harperfs BAZAARiƒn[ƒp[ƒY ƒoƒU[j,ƒAƒ“ƒWƒFƒŠ[ƒiEƒWƒ‡ƒŠ[Aƒuƒ‰ƒs‚Æ‚Ì—£¥‘O‚ÉƒXƒgƒŒƒX‚ÅuŠç–Ê‚ª–ƒáƒ‚µ‚½v‚Æ‰Œƒ”’,https://news.yahoo.co.jp/articles/32aa0cb962e39a9a3b8fb0a74c52b27194fa74af,2023/12/30(“y) 21:20
bazaar,Harperfs BAZAARiƒn[ƒp[ƒY ƒoƒU[j,BTSAViƒeƒej‚ªu‚¨‚µ‚á‚ê”Ô’·v‚¾‚Á‚½uŠÔ3‘I ’j‚Ìq‚Á‚Û‚¢‹Ø“÷”ü‚É‚àƒLƒ…ƒ“,https://news.yahoo.co.jp/articles/26a030a6077d6661b97b12ab42639b7db4ff66f4,2023/12/30(“y) 20:20
bazaar,Harperfs BAZAARiƒn[ƒp[ƒY ƒoƒU[j,ƒwƒ‹ƒV[‚Èu’©HƒAƒCƒfƒAv3‘II “œ”A•a‚Ìl‚É‚àƒIƒXƒXƒ,https://news.yahoo.co.jp/articles/2300dfd45255c9b849677391d03e93e77c5ca39c,2023/12/30(“y) 19:20
bazaar,Harperfs BAZAARiƒn[ƒp[ƒY ƒoƒU[j,"‘ä˜pBLƒhƒ‰ƒ}wŠïÖxo‰‰‚ÌƒiƒbƒgEƒ`ƒFƒ“~ƒ‹ƒCƒXEƒWƒƒƒ“‚ª ""1“ú‚ÌH¶Šˆ"" ‚ğ‘åŒöŠJI",https://news.yahoo.co.jp/articles/e592a9f9fffa0cb5e68e517a9a2453837ff775c1,2023/12/29(‹à) 22:20
bazaar,Harperfs BAZAARiƒn[ƒp[ƒY ƒoƒU[j,"51Î‚Ì•Äl‹C”o—DAu‚í‚½‚µ‚Í¡AX”NŠú‚Ì^‚Á‘ü’†v‚Æ”’I ¢ŠE’†‚Ì ""’†”NŠú—«‚½‚¿"" ‚ÖÅ‘P‚ÌƒAƒhƒoƒCƒX‚ğ‘—‚é",https://news.yahoo.co.jp/articles/842d0ac9267b494ac38ab96e4bc90e24149558d1,2023/12/29(‹à) 21:20
bazaar,Harperfs BAZAARiƒn[ƒp[ƒY ƒoƒU[j,“ú–{‚ªŒÖ‚éƒvƒŠƒ“ƒZƒXI ‰Àq‚³‚Ü‚Ì‰Ø—í‚È‚éƒƒCƒ„ƒ‹ƒtƒ@ƒbƒVƒ‡ƒ“5‘I,https://news.yahoo.co.jp/articles/91b26ea77a3a41093a17120200f4c31a797ed635,2023/12/29(‹à) 20:20
bazaar,Harperfs BAZAARiƒn[ƒp[ƒY ƒoƒU[j,"ƒAƒƒŠƒJE’†‘‚Åu”’‚¢”x‰Šv‚ª‹}‘....BV‚½‚É—¬s’†‚Ì""V•a""‚ğê–åˆã‚ª‰ğà",https://news.yahoo.co.jp/articles/6ac08503f3f47f5794becf24c87cbfc9840de8a4,2023/12/29(‹à) 19:20
bazaar,Harperfs BAZAARiƒn[ƒp[ƒY ƒoƒU[j,”ü–e‚ÍAƒ_ƒCƒAƒi”Ü‚ä‚¸‚èHu”ü‚µ‚·‚¬‚é–ÃvƒŒƒfƒBEƒLƒeƒBEƒXƒyƒ“ƒT[‚ÌƒhƒŒƒXƒXƒ^ƒCƒ‹3‘I,https://news.yahoo.co.jp/articles/551da8ce2cf60512171df1a85acf9a707d74abd1,2023/12/28(–Ø) 21:20
bazaar,Harperfs BAZAARiƒn[ƒp[ƒY ƒoƒU[j,4Î‚©‚ç‚·‚Å‚É”ü­— ƒvƒŠƒ“ƒZƒXAHÂ‹{‰Æ‰Àq‚³‚Ü‚Ì”ü–e‚ğ‚Ó‚è•Ô‚è,https://news.yahoo.co.jp/articles/9f5245796f1fbd5e5d30ca1fb2c7178eeb2ce265,2023/12/28(–Ø) 20:20
bazaar,Harperfs BAZAARiƒn[ƒp[ƒY ƒoƒU[j,"uƒoƒbƒO‚Ì‚¿•ûv‚ªŒ´ˆö...H ""’†”NŠú‚Ì”¯"" ‚Éƒ_ƒ[ƒW‚ğ—^‚¦‚é5‚Â‚ÌuˆÓŠO‚È—vˆöv‚ğAê–å‰Æ‚ª‰ğà",https://news.yahoo.co.jp/articles/fb121047e9ee1721383bc60dce6450f5876c1f9d,2023/12/28(–Ø) 19:20
bazaar,Harperfs BAZAARiƒn[ƒp[ƒY ƒoƒU[j,l‹Cƒ‚ƒfƒ‹AƒNƒŠƒXƒ}ƒX‚Ì–é‚ÍgƒZƒNƒV[‚È•‚ÌƒhƒŒƒXh‚Å ˆ¤‘§q‚ÆƒzƒŠƒf[‚ğ–‹i,https://news.yahoo.co.jp/articles/11f1608029fcc2fec276dc928a95b0e74c4cd1bb,2023/12/27(…) 23:20
bazaar,Harperfs BAZAARiƒn[ƒp[ƒY ƒoƒU[j,"¢ŠEˆê‰Ò‚®ƒ‚ƒfƒ‹AƒNƒŠƒXƒ}ƒXƒp[ƒeƒB‚Å ""ƒZƒNƒV[""‚Èuƒuƒ‰ƒbƒNƒTƒ“ƒ^•—vƒhƒŒƒX‚ğ’…—p",https://news.yahoo.co.jp/articles/26523da8a0e9530368154b804df7a8b5a2e78285,2023/12/27(…) 22:20
bazaar,Harperfs BAZAARiƒn[ƒp[ƒY ƒoƒU[j,O‹gÊ‰ÔATWICE ƒTƒi•‰i–ì‰èˆè‚Ì‘oqƒR[ƒf‚È‚ÇA2023”N‚ÉgƒoƒY‚Á‚½hƒZƒŒƒu‚ÌƒxƒXƒgƒtƒ@ƒbƒVƒ‡ƒ“3‘I,https://news.yahoo.co.jp/articles/e36d362e776d9154b062cd37499321c4841c6b61,2023/12/27(…) 21:20
bazaar,Harperfs BAZAARiƒn[ƒp[ƒY ƒoƒU[j,"ƒLƒƒƒTƒŠƒ“”Ü•vÈA1510–œl‚ÌƒtƒHƒƒ[‚ÉŒü‚¯‚Äu3l‚Ìq‚Ç‚à‚½‚¿v‚Ì‰Âˆ¤‚·‚¬‚é ""Œö®ƒ|[ƒgƒŒ[ƒg"" ‚ğŒöŠJI",https://news.yahoo.co.jp/articles/f9de9083d1806946f3808d25b7a25cfee87c96a1,2023/12/27(…) 20:20
bazaar,Harperfs BAZAARiƒn[ƒp[ƒY ƒoƒU[j,"ƒ_ƒCƒGƒbƒg‚É‚àIuƒLƒ…ƒEƒŠv‚Æ‚¢‚¤ ""—§”h‚Èƒtƒ‹[ƒc"" ‚ª‚à‚Âu‰h—{‰¿v‚ÆA‹Á‚«‚Ì5‚ÂƒƒŠƒbƒg",https://news.yahoo.co.jp/articles/e838428b546a79ebca0cb36d1082e78fd9654b54,2023/12/27(…) 19:21
bazaar,Harperfs BAZAARiƒn[ƒp[ƒY ƒoƒU[j,•Äƒgƒbƒvƒ‚ƒfƒ‹A‹¹Œ³‚ª[‚­ŠJ‚¢‚½ƒZƒNƒV[‚ÈƒXƒ^ƒCƒ‹‚Åˆ¤Œ¢‚ÌU•à‚ÖIu‚¨‚µ‚á‚ê‚·‚¬‚év‚Æ’–Ú‚ğ‚ ‚Ñ‚é,https://news.yahoo.co.jp/articles/da131d233971d32c4578aee358ceefd456e357a0,2023/12/26(‰Î) 23:20
bazaar,Harperfs BAZAARiƒn[ƒp[ƒY ƒoƒU[j,44Î‚Ìu‚—îoYv‚Å’–Ú‚ğ—‚Ñ‚½•ÄƒZƒŒƒuA¶‚Ü‚ê‚½‚Î‚©‚è‚Ì‘§q‚ğ‰”â˜II,https://news.yahoo.co.jp/articles/1375c3a70fc3c677a56abbeb78c8ca19e837e58f,2023/12/26(‰Î) 22:20
bazaar,Harperfs BAZAARiƒn[ƒp[ƒY ƒoƒU[j,ƒ_ƒCƒAƒi”Ü‚Ìu©“®Ô–ŒÌv‚ÍA‚â‚Í‚è‰A–d...H “–‚Ì‰^“]è‚Ìgˆùğ‰^“]‹^˜fh‚É‚Â‚¢‚Ä‚à–¾‚ç‚©‚É,https://news.yahoo.co.jp/articles/0ffe27360e0781dd7ac888512e5cad56b23174d6,2023/12/26(‰Î) 21:20
bazaar,Harperfs BAZAARiƒn[ƒp[ƒY ƒoƒU[j,"“~‚Á‚ÛƒJƒƒCƒCuƒlƒCƒ‹vƒfƒUƒCƒ“I ŠCŠO‚Ì‚¨‚µ‚á‚ê‚È ""ƒzƒŠƒf[•—"" ƒAƒCƒfƒA4‘I",https://news.yahoo.co.jp/articles/b278b7715649a97353d6f546cc432cb0682bad2b,2023/12/26(‰Î) 20:20
bazaar,Harperfs BAZAARiƒn[ƒp[ƒY ƒoƒU[j,2024”N‚Íu”ü—e{pv‚Éƒgƒ‰ƒCI Å‹­‚ÌuƒnƒŠEƒcƒ„E”ü”§v‚ğè‚É“ü‚ê‚éA ŠØ‘‚Ål‹C‚Ì{p‚ğ‰ğà,https://news.yahoo.co.jp/articles/1ae3aaca502b24035053ff33e8a3e75e472eadec,2023/12/26(‰Î) 19:20
bazaar,Harperfs BAZAARiƒn[ƒp[ƒY ƒoƒU[j,"ƒ}ƒ‰ƒCƒAEƒLƒƒƒŠ[A”N‰º”Ş‚Ì‚¢‚È‚¢u‚¨‚Ğ‚Æ‚è—lvƒNƒŠƒXƒ}ƒX‚ğƒGƒ“ƒWƒ‡ƒCH""‚Šz‚·‚¬‚é""—·sƒR[ƒf‚ª˜b‘è‚É",https://news.yahoo.co.jp/articles/5984e8e22b35863b533f0be8f2e86d7fce7bcbfb,2023/12/25(Œ) 23:20
bazaar,Harperfs BAZAARiƒn[ƒp[ƒY ƒoƒU[j,"ƒLƒƒƒTƒŠƒ“”ÜA""ƒNƒŠƒXƒ}ƒXŠ´‘SŠJ"" ‚ÌuÔ‚¢ƒZ[ƒ^[v‚ğ’…‚Äƒp[ƒeƒB‚ÉƒTƒvƒ‰ƒCƒYQ‰ÁIq‚Ç‚à’B‚ÆÎŠç‚ÅŒğ—¬‚à",https://news.yahoo.co.jp/articles/6b0a692489c7f22aee4cf7bf7d3fc3cc9ec5b619,2023/12/25(Œ) 20:21
bazaar,Harperfs BAZAARiƒn[ƒp[ƒY ƒoƒU[j,uƒNƒŠƒXƒ}ƒX”DPv‚È‚º‘½‚¢H“~‚Ì‚Ù‚¤‚ª”DP‚µ‚â‚·‚¢H ¶•¨Šw“I——R‚ª–¾‚©‚³‚ê‚é,https://news.yahoo.co.jp/articles/e27ec43a1c60275e5e5cc0c8298924174c2c38ff,2023/12/25(Œ) 20:20
bazaar,Harperfs BAZAARiƒn[ƒp[ƒY ƒoƒU[j,"‚È‚ñ‚Ä”ü‚µ‚¢‰Æ‘°Ê^...Iƒ‚ƒiƒR‰¤º‚Ì ""¡”N‚ÌƒNƒŠƒXƒ}ƒXƒJ[ƒh"" ‚ªu‘f“G‚·‚¬‚év‚Æ˜b‘è‚É",https://news.yahoo.co.jp/articles/c76c7b6255a12b1ecf79984b9748b4e473a7a485,2023/12/25(Œ) 20:20
bazaar,Harperfs BAZAARiƒn[ƒp[ƒY ƒoƒU[j,"uƒTƒ“ƒ^v‚Á‚Ä–{“–‚Í‚È‚É...H Œ‹¥‚µ‚Ä‚¢‚Ä ""‰œ‚³‚ñ"" ‚à‚¢‚éHƒzƒ“ƒ‚ƒm‚Í¡‰½ÎH “ä‘½‚«ƒTƒ“ƒ^‚Ì–À‚É”—‚é",https://news.yahoo.co.jp/articles/65ce8fb1c50d036953bff557800b9a46d6815f81,2023/12/25(Œ) 19:20
bazaar,Harperfs BAZAARiƒn[ƒp[ƒY ƒoƒU[j,ƒTƒ“ƒ^‚ğM‚¶‚È‚­‚È‚é”N—î‚ÍH uƒTƒ“ƒ^‚Í–{“–‚É‚¢‚é‚ÌHv‚Æq‚Ç‚à‚É•·‚©‚ê‚½‚ÌƒxƒXƒg‚È“š‚¦•û,https://news.yahoo.co.jp/articles/1de06fcf525c39f838278d4bbf67c44ffa1aadb7,2023/12/24(“ú) 23:28
bazaar,Harperfs BAZAARiƒn[ƒp[ƒY ƒoƒU[j,"ƒ‰ƒCƒ€•a‚É‹ê‚µ‚ñ‚¾’´l‹Cƒ‚ƒfƒ‹‚ªŒ³‹C‚É‚È‚Á‚ÄƒJƒ€ƒoƒbƒNI ‚Ò‚½‚Ò‚½ƒjƒbƒg‚Å""‚¨‚µ‚á‚ê”Ô’·"" ‚ğƒAƒs[ƒ‹",https://news.yahoo.co.jp/articles/804a0a9525cc83febbdde8c468bc01c189e3da76,2023/12/24(“ú) 23:20
bazaar,Harperfs BAZAARiƒn[ƒp[ƒY ƒoƒU[j,‚¨‘›‚ª‚¹ƒZƒŒƒu‚ªAƒZƒNƒV[Œn‚©‚ç g´‘^Œnh ‚Ö ”Ş‚Ì‰e‹¿‚Åu•µˆÍ‹C•Ï‚í‚è‚·‚¬v‚Æ˜b‘è‚É,https://news.yahoo.co.jp/articles/3589ec5a731cf34ac723f5b6dd63ea7e1f3b7361,2023/12/24(“ú) 22:20
bazaar,Harperfs BAZAARiƒn[ƒp[ƒY ƒoƒU[j,ƒGƒ“ƒWƒFƒ‹ƒiƒ“ƒo[y555z‚Ìl‚Í’´ƒ‰ƒbƒL[H ”š‚ÌˆÓ–¡‚Æ‚ÍH è¯pt‚ª‰ğà,https://news.yahoo.co.jp/articles/b06921ba03df7343aa0da05ca4ba48d472d72c80,2023/12/24(“ú) 20:20
bazaar,Harperfs BAZAARiƒn[ƒp[ƒY ƒoƒU[j,—ˆ”N‚±‚»uƒŠƒtƒgƒAƒbƒvvu¬Šçv{p‚Éƒgƒ‰ƒC‚µ‚½‚¢I ƒ_ƒEƒ“ƒ^ƒCƒ€‚ÍHŒø‰Ê‚ÍH ŠØ‘‚Ål‹C‚Ì{p‚ğ‰ğà,https://news.yahoo.co.jp/articles/974a83cf1b671c7bbf9da0836f124e14094ae985,2023/12/24(“ú) 19:20
bazaar,Harperfs BAZAARiƒn[ƒp[ƒY ƒoƒU[j,ŠïÕ‚ÌƒAƒ‰ŠÒI ƒxƒeƒ‰ƒ“”o—D‚ªÅVìƒvƒŒƒ~ƒA‚Åg”üƒ{ƒfƒBh‚ğ”â˜I,https://news.yahoo.co.jp/articles/d330f59e263202742446ffa4959a271fae70adf6,2023/12/23(“y) 23:20
bazaar,Harperfs BAZAARiƒn[ƒp[ƒY ƒoƒU[j,44Î‚Ì•Äl‹CƒVƒ“ƒK[Au”NŠñ‚è‚É‚È‚Á‚½v‚Æ‚¢‚¤”á”»ƒRƒƒ“ƒg‚ÉSNS‚Å’¼Ú”½˜_I,https://news.yahoo.co.jp/articles/c8f7617371f5914aae9fa37f2168fc12a1ddd52f,2023/12/23(“y) 22:20
bazaar,Harperfs BAZAARiƒn[ƒp[ƒY ƒoƒU[j,ƒLƒƒƒTƒŠƒ“”Ü‚ª‚İ‚¹‚½A—ğ‘ãuƒNƒŠƒXƒ}ƒXvƒtƒ@ƒbƒVƒ‡ƒ“‚ğ‚Ó‚è•Ô‚è,https://news.yahoo.co.jp/articles/162d882cb23d6da2e998847e3dfb0f0d1f9e7592,2023/12/23(“y) 21:20
bazaar,Harperfs BAZAARiƒn[ƒp[ƒY ƒoƒU[j,–ƒŒ–ò‚Å‹}À‚µ‚½wƒtƒŒƒ“ƒYx”o—D‚Íug”OŠè‚Ì–²h‚ğŠ‚¦‚½‚¯‚ÇAK‚¹‚Å‚Í‚È‚©‚Á‚½v‚ÆA•Ä”o—D‚ªŒê‚é,https://news.yahoo.co.jp/articles/9767b251e6a02f0e5cbd465a31561d56cacb054d,2023/12/23(“y) 20:20
bazaar,Harperfs BAZAARiƒn[ƒp[ƒY ƒoƒU[j,40‘ã‚Å”ƒ‚¢‚½‚¢uˆê¶‚à‚ÌvƒWƒ…ƒGƒŠ[3‘II ¡”N‚ª‚ñ‚Î‚Á‚½©•ª‚Ö‚Ì‚²–J”ü‚É,https://news.yahoo.co.jp/articles/2dfbe1a6e41ed4db8abd42feac6facfc0da2604c,2023/12/23(“y) 19:20
bazaar,Harperfs BAZAARiƒn[ƒp[ƒY ƒoƒU[j,"¢ŠE1‰Ò‚®ƒ‚ƒfƒ‹A‚Â‚¢‚É”Ş‚Æ”j‹Ç...I e—F‚Æ‚¨‚µ‚á‚ê‚È""ƒXƒL[—·s""‚ÅƒVƒ“ƒOƒ‹–‹i’†",https://news.yahoo.co.jp/articles/aa44fda3998b0a4af67d914ecbbe9b119c79dd0c,2023/12/22(‹à) 23:20
bazaar,Harperfs BAZAARiƒn[ƒp[ƒY ƒoƒU[j,"wƒ^ƒCƒ^ƒjƒbƒNx‰ÌèA”ñí‚É’¿‚µ‚¢“ï•a‚Æ“¬‚¤‚à ""•aóˆ«‰»""B‹Ø“÷‚ÌƒRƒ“ƒgƒ[ƒ‹‚ª•s‰Â”\‚É",https://news.yahoo.co.jp/articles/5262a8a2013f4c9f22d73929b713443ff243a906,2023/12/22(‹à) 22:20
bazaar,Harperfs BAZAARiƒn[ƒp[ƒY ƒoƒU[j,“~‚Ì—‰¤A^‚Á”’‚Èuƒ~ƒjƒXƒJƒR[ƒfv‚ÅP—á‚ÌƒAƒXƒyƒ“—·s‚ÖB”j‹Ç‚ªš‘‚©‚ê‚é—öl‚Ìp‚ÍƒiƒV....,https://news.yahoo.co.jp/articles/658e5dc6a65bcb70235ae2c8b590d404cf2928a2,2023/12/22(‹à) 21:20
bazaar,Harperfs BAZAARiƒn[ƒp[ƒY ƒoƒU[j,wSPA!x‚ÌƒOƒ‰ƒrƒAB‰e‚âMINAMO‚ÌƒtƒHƒgƒGƒbƒZƒC‚ğ’S“–BƒtƒHƒgƒOƒ‰ƒtƒ@[ “‡“cÊ}‰Á‚ª‘¨‚¦‚éA—«‚Ì^‚Ì”ü‚µ‚³,https://news.yahoo.co.jp/articles/c9e154b4a1bb697ad1159e1fa15abafddc7223ff,2023/12/22(‹à) 20:20
bazaar,Harperfs BAZAARiƒn[ƒp[ƒY ƒoƒU[j,30‘ã‚Å”ƒ‚¢‚½‚¢uˆê¶‚à‚ÌvƒWƒ…ƒGƒŠ[3‘II ¡”N‚ª‚ñ‚Î‚Á‚½©•ª‚Ö‚Ì‚²–J”ü‚É,https://news.yahoo.co.jp/articles/feab4eb2e6b3924f00f9e26383b037df4e23f98d,2023/12/22(‹à) 19:20
bazaar,Harperfs BAZAARiƒn[ƒp[ƒY ƒoƒU[j,ƒgƒbƒvƒ‚ƒfƒ‹‚ªu‰º’…{’´ƒ~ƒjƒXƒJv‚Ì‘å’_‚·‚¬‚éƒtƒ@ƒbƒVƒ‡ƒ“‚ÅAá‚Ì’†‚É~—ÕI,https://news.yahoo.co.jp/articles/38be6e1d82305dd7160a4532071144f92b47870c,2023/12/21(–Ø) 23:10
bazaar,Harperfs BAZAARiƒn[ƒp[ƒY ƒoƒU[j,ƒ[ƒKƒ“”Ü‚ª g^–Ê–Úh ‚È]‹Æˆõ‚ÉI l‹Cuˆù—¿ƒuƒ‰ƒ“ƒhv‚ÌSNS“®‰æ‚ÉƒJƒƒIo‰‰,https://news.yahoo.co.jp/articles/85bef38ee3c256c7fce8b706ae1939ab220f63db,2023/12/21(–Ø) 21:20
bazaar,Harperfs BAZAARiƒn[ƒp[ƒY ƒoƒU[j,‚È‚ºA‚¨ğ‚ğˆù‚Ş‚Æu‹C‚¿ˆ«‚­‚È‚évu“f‚¢‚Ä‚µ‚Ü‚¤vH ŠÈ’P‚È—\–hE‘Îˆ–@‚ğ‰ğàI,https://news.yahoo.co.jp/articles/fea556bf9756564faae1751c5d91a67b8195b00a,2023/12/21(–Ø) 20:20
bazaar,Harperfs BAZAARiƒn[ƒp[ƒY ƒoƒU[j,"""•qŠ´”§‚³‚ñ"" ‚É‘ål‹CI ’–Ú‚ÌƒZƒ‰ƒ~ƒh‰»Ï…‚ÌuŒø‰Êv‚âu‘I‚Ñ•ûv‚ğA”ü—e”ç•†‰Èˆã‚ª“O’ê‰ğà",https://news.yahoo.co.jp/articles/3e8a7e0c85329ca632a3463ccf165d23bc66a1ba,2023/12/21(–Ø) 19:20
bazaar,Harperfs BAZAARiƒn[ƒp[ƒY ƒoƒU[j,•¨—~‚Í•ê÷‚èH ƒ[ƒKƒ“”ÜA‘§qƒA[ƒ`[‚ª—~‚µ‚ª‚éu’´‚Šzv‚ÈƒNƒŠƒXƒ}ƒXƒvƒŒƒ[ƒ“ƒg‚Ì“à—e‚ğ–¾‚©‚·,https://news.yahoo.co.jp/articles/8f0c9fbe15671b434f293ba6be71d2a0bb084575,2023/12/20(…) 23:20
bazaar,Harperfs BAZAARiƒn[ƒp[ƒY ƒoƒU[j,"ƒwƒ“ƒŠ[‰¤qA‘å–ƒg—p&‘å—Êˆùğ‚ÅuƒŠƒnƒrƒŠ{İvs‚«‚Í–{“–‚¾‚Á‚½H ""‘å‰Šã"" ‚Ì–À‚É”—‚é",https://news.yahoo.co.jp/articles/166abf93b17fccffef0706791dea84f64b25a242,2023/12/20(…) 22:20
bazaar,Harperfs BAZAARiƒn[ƒp[ƒY ƒoƒU[j,42Î‚ÌƒOƒ‰ƒ~[Ü‰ÌèA–ÊÏ­‚È‚ßƒVƒ‡[ƒc‚Éu¶‘«v‚Å‹ÉŠ¦‚ÌƒpƒŠ‚É~—Õ,https://news.yahoo.co.jp/articles/3a4fccf73896fa3ad24eb28aedbd44557d3efa91,2023/12/20(…) 21:20
bazaar,Harperfs BAZAARiƒn[ƒp[ƒY ƒoƒU[j,"ƒ[ƒKƒ“”ÜA""‘åe—F""‚ÌŠÄ“Â‚ÌVì”­•\‰ï‚ÉuƒTƒvƒ‰ƒCƒY“oêvI ì•i‚ÍƒlƒgƒtƒŠ‚Å”zM’†",https://news.yahoo.co.jp/articles/561364275e6ca7e48f33db0f9b668eec87fcfde6,2023/12/20(…) 20:20
bazaar,Harperfs BAZAARiƒn[ƒp[ƒY ƒoƒU[j,"ƒ}ƒbƒNƒXƒ}[ƒ‰‚ÌuƒeƒfƒBƒxƒAƒR[ƒgv‚ª’´‚©‚í‚¢‚¢I‚¨‚µ‚á‚êƒvƒ‚ª„‘E‚·‚é ""ˆê¶‚à‚ÌƒR[ƒg""",https://news.yahoo.co.jp/articles/68256b9b75f8bed333db56463600adc3b7f2e35d,2023/12/20(…) 19:20
bazaar,Harperfs BAZAARiƒn[ƒp[ƒY ƒoƒU[j,"ƒwƒ“ƒŠ[‰¤q‚Ì‘å‰ŠãuƒRƒXƒvƒŒ–ŒvAl‹Cƒhƒ‰ƒ}‚Å ""ö‚µ•Ô‚³‚ê‚é""",https://news.yahoo.co.jp/articles/0380be45d72c033836e7dcf4b60b15f3c9e46329,2023/12/19(‰Î) 23:20
bazaar,Harperfs BAZAARiƒn[ƒp[ƒY ƒoƒU[j,ƒZƒŒ[ƒiEƒSƒƒXAV—öl‚ÍBTS‚ÆƒRƒ‰ƒ{‚µ‚½–¼ƒvƒƒfƒ…[ƒT[I ”M—ó‚Èƒ`ƒ…[Ê^‚ğ“Še,https://news.yahoo.co.jp/articles/70f18d77907bc7410e613626b27c6e3b87bf89b8,2023/12/19(‰Î) 22:20
bazaar,Harperfs BAZAARiƒn[ƒp[ƒY ƒoƒU[j,"ƒwƒ“ƒŠ[‰¤q•ƒ[ƒKƒ“”ÜA¡”N‚ÌuƒNƒŠƒXƒ}ƒXƒJ[ƒhv‚ğŒöŠJI ‘I‚ñ‚¾Ê^‚Í ""’‡–r‚Ü‚¶‚¢ƒIƒtƒVƒ‡ƒbƒg""",https://news.yahoo.co.jp/articles/b79f8409ddeb35c8421c1fabccd6d97da7ae9e0e,2023/12/19(‰Î) 21:20
bazaar,Harperfs BAZAARiƒn[ƒp[ƒY ƒoƒU[j,V¥“–‚Ìƒwƒ“ƒŠ[‰¤q•ƒ[ƒKƒ“”Ü‚ÌÊ^‚àI ƒƒCƒ„ƒ‹ƒtƒ@ƒ~ƒŠ[‚ª‘¡‚Á‚½uƒNƒŠƒXƒ}ƒXƒJ[ƒhvBEST 5,https://news.yahoo.co.jp/articles/574b2e145ed19c6b1009cc815e290dd931999445,2023/12/19(‰Î) 20:20
bazaar,Harperfs BAZAARiƒn[ƒp[ƒY ƒoƒU[j,ƒAƒƒŠƒJƒ“ƒ`ƒFƒŠ[Au‚ª‚ñ—\–hv‚âu•s–°Ç‚Ì‰ü‘Pv‚ÉŒø‰Ê“I‚Æ”»–¾I ê–å‰Æ‚ª‰ğà,https://news.yahoo.co.jp/articles/f3d4d8d22486b0a9eacd979483330e065ab812b7,2023/12/19(‰Î) 19:20
bazaar,Harperfs BAZAARiƒn[ƒp[ƒY ƒoƒU[j,”ü‚µ‚³‚ÆƒtƒFƒƒ‚ƒ“‚ª‚¾‚¾˜R‚ê...ƒJƒCƒŠ[EƒWƒFƒ“ƒi[‚Ìu”üƒ{ƒfƒB•Ï‘JvBl‹C”o—D‚Æ‚Ì”Mˆ¤‚Å‚à˜b‘èI,https://news.yahoo.co.jp/articles/9d5910c7cf600bdfa6697e0648cd997b58aa6ed8,2023/12/18(Œ) 23:10
bazaar,Harperfs BAZAARiƒn[ƒp[ƒY ƒoƒU[j,"BLACKPINK ƒWƒFƒj[‚âAƒLƒƒƒTƒŠƒ“”Ü‚àI ""•x—T‘w‚ğƒgƒŠƒR‚É‚µ‚½"" VƒgƒŒƒ“ƒh‚ªuH“~ƒtƒ@ƒbƒVƒ‡ƒ“v‚Å‚àl‹CŒp‘±",https://news.yahoo.co.jp/articles/9caaf0152b1859234546565db2509789f8a63260,2023/12/18(Œ) 22:20
bazaar,Harperfs BAZAARiƒn[ƒp[ƒY ƒoƒU[j,ƒ~ƒ‰EƒWƒ‡ƒ”ƒHƒ”ƒBƒbƒ`‚Ìˆ¤–ºi16j‚É—ˆ“úƒCƒ“ƒ^ƒrƒ…[I D‚«‚È–Ÿ‰æ‚Íwƒxƒ‹‚Î‚çx,https://news.yahoo.co.jp/articles/f1a2c3d5f4c4db0934f46e441bedb835a02b4de4,2023/12/18(Œ) 21:20
bazaar,Harperfs BAZAARiƒn[ƒp[ƒY ƒoƒU[j,"ƒLƒƒƒTƒŠƒ“”Ü‚É‚Æ‚Á‚Ä‚Ì ""ƒNƒŠƒXƒ}ƒX"" ‚Æ‚ÍH ”÷Î‚Ü‚µ‚¢uˆÓ‹`v‚ğ‘‰c•ú‘—‚ÅŒê‚é",https://news.yahoo.co.jp/articles/5fc295e85404e082ff4cdab7e09edc8039afaad1,2023/12/18(Œ) 20:20
bazaar,Harperfs BAZAARiƒn[ƒp[ƒY ƒoƒU[j,—«‚Ì«‹@”\‚Í ŒoŒ±‚·‚é‚Ù‚Ç–‚©‚ê‚éI PMS‚âX”NŠú‚Ì”Y‚İ‚àƒI[ƒKƒYƒ€‚ğ–¡•û‚É‚µ‚Ä,https://news.yahoo.co.jp/articles/39773c390b97629abb7bd8f238101956ef46cb38,2023/12/18(Œ) 19:20
bazaar,Harperfs BAZAARiƒn[ƒp[ƒY ƒoƒU[j,ƒeƒCƒ‰[EƒXƒEƒBƒtƒg&ƒZƒŒ[ƒiEƒSƒƒX‚ªƒ~ƒjƒXƒJ‚ÅƒiƒCƒgƒAƒEƒgI5l‚Ì‹‰ØƒZƒŒƒu‚ªNY‚ÌŠX‚ÉWŒ‹,https://news.yahoo.co.jp/articles/af8fe67f257b0cb5744445b0b7dc40f930e30b7d,2023/12/17(“ú) 21:20
bazaar,Harperfs BAZAARiƒn[ƒp[ƒY ƒoƒU[j,uF‚ª”Z‚¢‚Ì‚ÍA‚ ‚éˆÓ–¡—·‚è‚ÌØvI ƒtƒFƒ€ƒ][ƒ“‚Ìu‹@”\v‚É‚Ü‚Â‚í‚é”Y‚İ‚ğˆãt‚ª‰ñ“š,https://news.yahoo.co.jp/articles/e387a1593c280159b3c91f62b0d22f129942a26c,2023/12/17(“ú) 20:20
bazaar,Harperfs BAZAARiƒn[ƒp[ƒY ƒoƒU[j,ƒWƒ…ƒGƒŠ[ƒ}ƒjƒA‚ªŒê‚éAƒnƒŠ[EƒEƒBƒ“ƒXƒgƒ“‚ÌuƒGƒ^ƒjƒeƒBƒŠƒ“ƒOv‚ªD‚«‚·‚¬‚é——R,https://news.yahoo.co.jp/articles/7338c481c64a69f52f2092915f9017df8f27e223,2023/12/17(“ú) 19:20
bazaar,Harperfs BAZAARiƒn[ƒp[ƒY ƒoƒU[j,37Î‚ÌŒ³‚¨‘›‚ª‚¹ƒZƒŒƒuA–Ú‚Ì®Œ`‚Åu‚½‚é‚İ‚ğæ‚Á‚½v‚Æ”’I—]•ª‚È”ç•†‚ğæ‚èœ‚­gŠááÙŒ`¬ph‚É‚Â‚¢‚ÄŠ´‘z‚ğƒVƒFƒA,https://news.yahoo.co.jp/articles/05da69d350e8f285db8c2a27999a7fc5c0710769,2023/12/16(“y) 22:20
bazaar,Harperfs BAZAARiƒn[ƒp[ƒY ƒoƒU[j,¡”N‚ÌŠç‚ÌƒeƒCƒ‰[EƒXƒEƒBƒtƒgAƒ‰ƒ“ƒjƒ“ƒO‚µ‚È‚ª‚ç44‹È‚ğ”M¥I ƒcƒA[‚É”õ‚¦‚½‹ºˆĞ‚Ìƒ[ƒNƒAƒEƒg‚ğ–¾‚©‚·,https://news.yahoo.co.jp/articles/2eade0f9c2efab3d4359feca0ae52777682d5fe1,2023/12/16(“y) 21:20
bazaar,Harperfs BAZAARiƒn[ƒp[ƒY ƒoƒU[j,ƒp[ƒgƒi[Ÿ‘æ‚ÅAäT‚ÌƒTƒCƒY‚à•Ï‰»‚·‚éI l‚É‚Í•·‚¯‚È‚¢AäT‚Ì”Y‚İ‚ğˆãt‚ªƒAƒ“ƒT[,https://news.yahoo.co.jp/articles/2f53c4765ffc00865c065583fab089fd3c10a05c,2023/12/16(“y) 19:20
bazaar,Harperfs BAZAARiƒn[ƒp[ƒY ƒoƒU[j,57Î‚ÌƒTƒ‹ƒ}EƒnƒGƒbƒNAƒrƒLƒjp‚ğ“Še‚µg”N—î‚ğŠ´‚¶‚³‚¹‚È‚¢h”üƒ{ƒfƒB‚ğƒtƒ@ƒ“‚ÉŒöŠJ,https://news.yahoo.co.jp/articles/14a1d26d22022a5435563e4a3a88cfdaa0abfb4c,2023/12/15(‹à) 23:20
bazaar,Harperfs BAZAARiƒn[ƒp[ƒY ƒoƒU[j,"ƒ‚ƒiƒR‚ÌƒVƒƒƒ‹ƒŒ[ƒkŒö”ÜA""—£¥Šë‹@‚ÆƒEƒƒT‚Ì•v‚ÆƒNƒŠƒXƒ}ƒXEƒCƒxƒ“ƒg‚ÉoÈ",https://news.yahoo.co.jp/articles/26dad46f3828fed1eaab6a94d9547f72f21d8d42,2023/12/15(‹à) 22:20
bazaar,Harperfs BAZAARiƒn[ƒp[ƒY ƒoƒU[j,“~‚Å‚àu‚©‚²ƒoƒbƒOvI@¡”N–S‚­‚È‚Á‚½ƒWƒF[ƒ“Eƒo[ƒLƒ“‚Ì‚¨‚µ‚á‚êƒXƒ^ƒCƒ‹3‘I,https://news.yahoo.co.jp/articles/1fa820b43960f5aaadc56b807120bfed6f5bb3ed,2023/12/15(‹à) 21:20
bazaar,Harperfs BAZAARiƒn[ƒp[ƒY ƒoƒU[j,Š´õÇuƒGƒ€ƒ|ƒbƒNƒXiƒTƒ‹“—jv‚ªÄ‚Ñ‹}‘’†‚©H ƒnƒCƒŠƒXƒN‚Ìl‚Ì“Á’¥‚âg‚ğç‚é•û–@‚È‚ÇAƒTƒ‹“—‚É‚Â‚¢‚Ä‚¨‚³‚ç‚¢,https://news.yahoo.co.jp/articles/591b4908067b6e272ffb0da413d442282f47230b,2023/12/15(‹à) 19:20
bazaar,Harperfs BAZAARiƒn[ƒp[ƒY ƒoƒU[j,“ñ“x‚Ì“û‚ª‚ñ‚ğ•‚µ‚½58Î‚ÌŒ³ƒX[ƒp[ƒ‚ƒfƒ‹Au‚ª‚ñŒŸ¸v‚ğŒÄ‚Ñ‚©‚¯‚éƒpƒƒtƒ‹‚ÈÊ^‚ğ“Še,https://news.yahoo.co.jp/articles/ec3922f8b75ac7196b0cbfddd677abc31d4f6e2a,2023/12/14(–Ø) 23:20
bazaar,Harperfs BAZAARiƒn[ƒp[ƒY ƒoƒU[j,"""‚¿‚®‚Í‚®hƒXƒ^ƒCƒ‹‚Ìƒr[ƒo[•vÈAƒNƒŠƒXƒ}ƒXd—l‚ÌuƒŠƒ“ƒNƒR[ƒfv‚ğ”â˜II",https://news.yahoo.co.jp/articles/2e9a12679b025bc13b55f534ef8bcc2c7533a8f7,2023/12/14(–Ø) 22:20
bazaar,Harperfs BAZAARiƒn[ƒp[ƒY ƒoƒU[j,¢ŠE‚ğ”M‹¶‚³‚¹‚é‰Ì•P‚ªA34Î‚ÉI v‚í‚¸ƒEƒbƒgƒŠ‚·‚é‘•ó‹‰u”ü‹rv‚ğˆê‹“‚Ó‚è•Ô‚è,https://news.yahoo.co.jp/articles/2350cd298afb53fced9fb9502976949d2dc58512,2023/12/14(–Ø) 21:20
bazaar,Harperfs BAZAARiƒn[ƒp[ƒY ƒoƒU[j,"‚ ‚È‚½‚ÌƒGƒ“ƒWƒFƒ‹ƒiƒ“ƒo[‚Í‚Ç‚êH u“Vg‚©‚ç‚ÌƒTƒCƒ“v‚Æ‚¢‚¤ ""“Á•Ê‚È”š""‚ğê–å‰Æ‚ª‰ğà",https://news.yahoo.co.jp/articles/d041a774552651f061c05234c45ea108c75ac361,2023/12/14(–Ø) 19:21
bazaar,Harperfs BAZAARiƒn[ƒp[ƒY ƒoƒU[j,"6Î‚É‚µ‚Ä ""‘ålŠç•‰‚¯"" ‚ÌƒŒƒbƒhƒJ[ƒyƒbƒgƒfƒrƒ…[I •Äl‹C”o—DAˆ¤–º‚ÆƒCƒxƒ“ƒg‚ÖB•ê‚ÍŒ³""ƒ”ƒBƒNƒV[ƒ‚ƒfƒ‹""",https://news.yahoo.co.jp/articles/e154ceb8294c2efce43735b3b3c86f3f2a6aacf6,2023/12/14(–Ø) 19:21
bazaar,Harperfs BAZAARiƒn[ƒp[ƒY ƒoƒU[j,•Äl‹C”o—DA”üƒ{ƒfƒB‚ğ‹­’²‚µ‚½ƒZƒNƒV[•ƒLƒ…[ƒg‚È3ƒ‹ƒbƒN‚ÅNY‚ÌŠX‚É“oêI,https://news.yahoo.co.jp/articles/4335770476b47f078d9ccc2ef3cadc4e03b3ebde,2023/12/13(…) 23:10
bazaar,Harperfs BAZAARiƒn[ƒp[ƒY ƒoƒU[j,"ƒ_ƒCƒAƒi”Ü‚Ì’í ""ƒhƒ‰ƒ}wƒUEƒNƒ‰ƒEƒ“x‚ÍŠÏ‚È‚¢"" ‚Æ’fŒ¾BuB‰e‚à’f‚Á‚½v——R‚ğ–¾‚©‚·",https://news.yahoo.co.jp/articles/b24233ce9f1456517fce18e827d825bf50c2335f,2023/12/13(…) 22:20
bazaar,Harperfs BAZAARiƒn[ƒp[ƒY ƒoƒU[j,ƒWƒ‡[ƒW‰¤qAƒVƒƒ[ƒƒbƒg‰¤—Aƒ‹ƒC‰¤q‚ª‘µ‚Á‚Äƒ{ƒ‰ƒ“ƒeƒBƒAŠˆ“®I@ƒNƒŠƒXƒ}ƒXŒü‚¯‚ÌƒMƒtƒgƒoƒbƒO‚ğ^Œ•‚ÉƒZƒŒƒNƒg,https://news.yahoo.co.jp/articles/dbc076499287db98d298e5f4aba493e38ce1dd6b,2023/12/13(…) 21:20
bazaar,Harperfs BAZAARiƒn[ƒp[ƒY ƒoƒU[j,82Î‚Ì•Äl‹CƒZƒŒƒuAg‘ã’x‚ê‚Ì˜V•wlh‚É‚È‚ç‚È‚¢‚½‚ß‚Ìƒƒ“ƒ^ƒŠƒeƒB‚Æ”éŒ‚ğƒVƒFƒAIu•Ï‰»‚ğ‹°‚ê‚¸Aó‚¯“ü‚ê‚é‚±‚Æv,https://news.yahoo.co.jp/articles/cca8ba1c9faf17e179bdb105a3461a5ffc469849,2023/12/13(…) 20:20
bazaar,Harperfs BAZAARiƒn[ƒp[ƒY ƒoƒU[j,"ƒ_ƒCƒAƒi”Ü‚ª""ƒIƒt‚Ì“ú""‚Éˆ¤—p‚µ‚½q‹ó‰ïĞ‚ÌƒXƒEƒFƒbƒgAVƒo[ƒWƒ‡ƒ“‚Å”­”„‚ªŒˆ’èI",https://news.yahoo.co.jp/articles/dade1cc59a4c38febb1288fdc8572d97ce7808e9,2023/12/13(…) 19:21
bazaar,Harperfs BAZAARiƒn[ƒp[ƒY ƒoƒU[j,"”ü‚µ‚·‚¬‚é‘Û•ÙŒìmA""‘SgƒXƒpƒ“ƒR[ƒ‹""‚ÌƒLƒ‰ƒLƒ‰ƒhƒŒƒX‚Å“~‚Ìuƒp[ƒeƒBƒXƒ^ƒCƒ‹v‚ğ”â˜I",https://news.yahoo.co.jp/articles/2cafd58173df428b9527e06887792fc8ae6fc80c,2023/12/12(‰Î) 22:20
bazaar,Harperfs BAZAARiƒn[ƒp[ƒY ƒoƒU[j,"uÈ‚ğŠëŒ¯‚É‚³‚ç‚·‚±‚Æ‚Í‚Å‚«‚È‚¢vƒwƒ“ƒŠ[‰¤qA""Œö”ï‚Å‚ÌŒxŒì""‚ğ‚ß‚®‚éÙ”»‚ğ‘±s",https://news.yahoo.co.jp/articles/e9c434fcb9e04f22e813ce147d1bba720877a9fb,2023/12/12(‰Î) 21:20
bazaar,Harperfs BAZAARiƒn[ƒp[ƒY ƒoƒU[j,ƒLƒƒƒTƒŠƒ“”ÜAÅ‹ßƒCƒƒ`ƒFƒ“‚µ‚½?! ‚Æ˜b‘è‚ÉBƒAƒbƒvƒf[ƒg‚³‚ê‚½ƒXƒ^ƒCƒ‹‚ÅÄ‚Ñ’–Ú‚ğW‚ß‚é,https://news.yahoo.co.jp/articles/3c7b2186ff2b2da0038ab5b1d5c6f5e41e642cb8,2023/12/12(‰Î) 20:21
bazaar,Harperfs BAZAARiƒn[ƒp[ƒY ƒoƒU[j,ƒhƒ‰ƒ}wƒUEƒNƒ‰ƒEƒ“xAÅ‘å‚Ì’–Ú‚ğW‚ß‚éuƒ_ƒCƒAƒi”Ü‚ÌÕ“Ë–ŒÌƒV[ƒ“v‚ğ•`Ê‚¹‚¸B ŠÄ“Â‚ç‚ª——R‚ğ–¾‚©‚·,https://news.yahoo.co.jp/articles/2e82c1682c31c95677d9d7b049e8085c47d831b4,2023/12/12(‰Î) 19:20
bazaar,Harperfs BAZAARiƒn[ƒp[ƒY ƒoƒU[j,"wƒvƒ‰ƒ_‚ğ’…‚½ˆ«–‚x”o—DAƒZƒNƒV[‚È ""[‚·‚¬ƒXƒŠƒbƒg"" ƒhƒŒƒX‚Ål‹C”Ô‘g‚É“oê",https://news.yahoo.co.jp/articles/8c2135e676a48ab5c8db359738c7da1f1d5f390f,2023/12/11(Œ) 22:20
bazaar,Harperfs BAZAARiƒn[ƒp[ƒY ƒoƒU[j,‚¢‚½‚é‚Æ‚±‚ë‚ªg“§‚¯“§‚¯h‚ÉI •Äl‹C”o—DA‘å’_ƒp[ƒeƒBƒXƒ^ƒCƒ‹‚Å‰f‰æÕ‚ÉoÈ,https://news.yahoo.co.jp/articles/6f27120c2755e08bbaa278f56b6d77068cf35cbf,2023/12/11(Œ) 21:20
bazaar,Harperfs BAZAARiƒn[ƒp[ƒY ƒoƒU[j,u‚¨‚Ä‚ñ‚Î––‚Áqvƒ‹ƒC‰¤q‚ªA‚¨o‚¿‚á‚ñ‚É‘å’_‚ÈƒCƒ^ƒYƒ‰I ‰‚ß‚Ä‚ÌƒNƒŠƒXƒ}ƒXƒLƒƒƒƒ‹‚Å’–ÚW‚ß‚é,https://news.yahoo.co.jp/articles/0890abc5d02ce7fb25c5ada43f8b81022fba55c7,2023/12/11(Œ) 20:20
bazaar,Harperfs BAZAARiƒn[ƒp[ƒY ƒoƒU[j,"‘‚­‚àŠ®”„H ƒLƒƒƒTƒŠƒ“”ÜA–ñ6–œ‰~‚Ì ""ˆ¤—pƒuƒŒƒU["" ‚ğ’…‚ÄAƒNƒŠƒXƒ}ƒX‚Ìƒ€[ƒr[‚É“oê",https://news.yahoo.co.jp/articles/1a6f02da2ea4f6fcf08c38f550944069b2d1752c,2023/12/11(Œ) 19:20
bazaar,Harperfs BAZAARiƒn[ƒp[ƒY ƒoƒU[j,ƒEƒBƒŠƒAƒ€c‘¾q•ƒLƒƒƒTƒŠƒ“”Ü‚Ì2023”NƒNƒŠƒXƒ}ƒXƒJ[ƒh‚ÍƒVƒbƒN‚Èuƒ‚ƒmƒNƒvI q‚Ç‚à‚½‚¿‚Æ‚ÌÅV‰Æ‘°Ê^‚ğŒöŠJ,https://news.yahoo.co.jp/articles/e6e3da342ea671850bd6b3e84756d870829e1f6e,2023/12/10(“ú) 23:30
bazaar,Harperfs BAZAARiƒn[ƒp[ƒY ƒoƒU[j,ƒ_ƒCƒAƒi”Ü‚ªˆ¤‚µ‚½uƒnƒCƒŒƒO…’…v‚ğl‹Cƒhƒ‰ƒ}‚ªˆß‘•‚Æ‚µ‚ÄŠ®àø‚ÉuÄŒ»vI 90”N‘ã‚Ì“ú–{‚ÌƒVƒ‹ƒNƒvƒŠƒ“ƒg‚àƒCƒ[ƒWŒ¹‚É,https://news.yahoo.co.jp/articles/b90a643a2638728ef854d93606b578aa3fb11196,2023/12/10(“ú) 23:00
bazaar,Harperfs BAZAARiƒn[ƒp[ƒY ƒoƒU[j,ƒfƒ…ƒAEƒŠƒp‚ªƒ}ƒCƒNƒƒ~ƒj‚ÅŒ’N“I‚È”ü‹r‚ğÉ‚µ‚°‚à‚È‚­”â˜II^‚ÁÔ‚Èƒƒ“ƒg[ƒ“ƒ‹ƒbƒN‚ğ’…‚±‚È‚·,https://news.yahoo.co.jp/articles/18cef86670f0389ec56f9847761c90d76c5fa307,2023/12/10(“ú) 22:20
bazaar,Harperfs BAZAARiƒn[ƒp[ƒY ƒoƒU[j,®Œ`‚µ‚Ä‚éHƒJƒCƒŠ[EƒWƒFƒ“ƒi[•ƒWƒFƒjƒtƒ@[Eƒ[ƒŒƒ“ƒX‚ªuƒƒCƒN‚Ì‚¨‚©‚°v‚Æ‘µ‚Á‚Ä‰\‚ğ”Û’è,https://news.yahoo.co.jp/articles/e1c4c5498f52f85a9a8b49a22a24aa645b1353f4,2023/12/9(“y) 22:20
bazaar,Harperfs BAZAARiƒn[ƒp[ƒY ƒoƒU[j,u‹C‚¿‚Í—q‚Å‚à‘Ì‚ª’Ç‚¢‚Â‚©‚È‚¢v63Î‚Ì•Ä”o—DAƒGƒCƒWƒ“ƒO‚ÉŠÖ‚·‚é—¦’¼‚È‹C‚¿‚ğƒVƒFƒA,https://news.yahoo.co.jp/articles/1c94e8c6d1df3f9b139645db82ab1bb988a7ea4a,2023/12/9(“y) 21:20
bazaar,Harperfs BAZAARiƒn[ƒp[ƒY ƒoƒU[j,ƒAƒ“ƒWƒFƒŠ[ƒiEƒWƒ‡ƒŠ[‚ª–º‚©‚çuƒgƒŒƒ“ƒ`ƒR[ƒg‚Î‚©‚è’…‚·‚¬v‚Æw“E‚³‚êA‚»‚ÌgˆÓŠO‚È——Rh‚ğ–¾‚©‚·,https://news.yahoo.co.jp/articles/d4846c567092b9987ea8df6d76d13b80403bc833,2023/12/9(“y) 20:20
bazaar,Harperfs BAZAARiƒn[ƒp[ƒY ƒoƒU[j,ƒ_ƒCƒAƒi”Ü‚ğ‰‰‚¶‚½”o—DAwƒUEƒNƒ‰ƒEƒ“xƒvƒŒƒ~ƒA‚Ég”Ü‚»‚Á‚­‚èƒXƒ^ƒCƒ‹h‚Å“oê,https://news.yahoo.co.jp/articles/f1a2dc04e2cba27d143928d51abd8fe2e941c7df,2023/12/9(“y) 19:20
bazaar,Harperfs BAZAARiƒn[ƒp[ƒY ƒoƒU[j,•Äl‹Cƒ‚ƒfƒ‹u‹¹‚à‚Æ‚´‚Á‚­‚èv‚Ì‘å’_ƒZ[ƒ^[‚ÅAƒNƒŠƒXƒ}ƒXƒcƒŠ[‚Ìü‚è•t‚¯,https://news.yahoo.co.jp/articles/4741a342a27124d92cfa73601639ac1d1f24708f,2023/12/8(‹à) 22:20
bazaar,Harperfs BAZAARiƒn[ƒp[ƒY ƒoƒU[j,"‘O‚àŒã‚ë‚à‚«‚í‚Ç‚·‚¬‚é... ƒWƒFƒjƒtƒ@[EƒƒyƒXA ""ÕŒ‚“I‚ÈƒhƒŒƒX"" ‚Å“÷‘Ì”ü‚ğ”â˜I",https://news.yahoo.co.jp/articles/986ad5eb8378724f5d84a16b04d629f50bfdfb35,2023/12/8(‹à) 21:20
bazaar,Harperfs BAZAARiƒn[ƒp[ƒY ƒoƒU[j,"ƒeƒjƒX‚Ì—‰¤A“Æ“Á‚·‚¬‚é ""•ê“û"" ‚Ìg‚¢“¹‚ğŒöŠJ‚µAƒRƒƒ“ƒg‚ªE“",https://news.yahoo.co.jp/articles/0ebc1482b551e4716161fdcf26678682bc05a4b1,2023/12/8(‹à) 20:20
bazaar,Harperfs BAZAARiƒn[ƒp[ƒY ƒoƒU[j,"""¶—’É‚ªd‚¢""A©ŒÈ‰ğŒˆ‚µ‚È‚¢‚Åu‚Ü‚¸‚Í•wl‰È‚É‘Š’kv‚ğBƒsƒ‹‚â”ğ”DƒŠƒ“ƒO‚É‚¨‚¯‚éƒAƒhƒoƒCƒX‚à",https://news.yahoo.co.jp/articles/7bb685eb2faf9fa82e5a2c93daa6fc291dc8dda9,2023/12/8(‹à) 19:20
bazaar,Harperfs BAZAARiƒn[ƒp[ƒY ƒoƒU[j,"‚Ü‚³‚É""•à‚­ƒoƒ‰""I 41Îl‹C”o—Du’´ƒ~ƒjv‚ÌÔƒhƒŒƒX{ƒj[ƒnƒCƒu[ƒc‚Å“oê‚µA‰ïê‚ğˆ³“|",https://news.yahoo.co.jp/articles/c9ead7e5399bcc4b924ef62a7571fae75f1399d8,2023/12/7(–Ø) 22:20
bazaar,Harperfs BAZAARiƒn[ƒp[ƒY ƒoƒU[j,•Äƒtƒ@ƒXƒgƒ`ƒF[ƒ““Xˆõ‚ÉgƒuƒŠƒg[ƒ{ƒEƒ‹h‚ğ“Š‚°‚Â‚¯‚½uƒJƒXƒnƒ‰‹qv‚ÉA‹Á‚«‚Ì”»Œˆ‚ª‰º‚³‚ê‚é,https://news.yahoo.co.jp/articles/7200d9fadbb363b4164e9787cc1dbfa663c8002e,2023/12/7(–Ø) 21:20
bazaar,Harperfs BAZAARiƒn[ƒp[ƒY ƒoƒU[j,"u–\˜I–{‘›‚¬v‰Q’†‚Å‚à""—]—T‚ÌÎŠç""‚ÅŠOoI ƒ[ƒKƒ“”Ü‚ªƒXƒ|[ƒeƒB‚ÈƒXƒ^ƒCƒ‹‚Å‹ßŠ‚ğU•à",https://news.yahoo.co.jp/articles/262c54b5626b77cd006131c46a406a7ccb6e89ef,2023/12/7(–Ø) 20:20
bazaar,Harperfs BAZAARiƒn[ƒp[ƒY ƒoƒU[j,l‹Cƒhƒ‰ƒ}wƒZƒbƒNƒXEƒAƒ“ƒhEƒUEƒVƒeƒBxA—öˆ¤ƒŠƒAƒŠƒeƒB”Ô‘g‚Æ‚µ‚ÄƒJƒ€ƒoƒbƒN‚©,https://news.yahoo.co.jp/articles/02b6b23c9fa68636617381099c97b8626e2493e2,2023/12/7(–Ø) 19:20
bazaar,Harperfs BAZAARiƒn[ƒp[ƒY ƒoƒU[j,"ƒPƒ“ƒ_ƒ‹EƒWƒFƒ“ƒi[‚Íƒm[ƒuƒ‰‚Å“oêIÅ‹­ƒgƒbƒvƒ‚ƒfƒ‹2l‚ª""Ô‚Æ•""‚Ì‘ÎÆ“I‚ÈƒhƒŒƒX‚Å’‡—Ç‚­~—Õ",https://news.yahoo.co.jp/articles/8dabb4ee91bdcbda4c65990f13f53a821159fbb0,2023/12/6(…) 22:20
bazaar,Harperfs BAZAARiƒn[ƒp[ƒY ƒoƒU[j,57Î‚Ìl‹C”o—DA”N—î‚ğŠ´‚¶‚³‚¹‚È‚¢”üƒoƒXƒg&ˆø‚«’÷‚Ü‚Á‚½˜r‚ğ“°X”â˜IIå–ğ‹‰‚Ìƒ”’ƒhƒŒƒX‚ÅƒCƒxƒ“ƒg‚Ö,https://news.yahoo.co.jp/articles/28fd83ee70c2c73e8616d27ed7ea3dcadcbafb63,2023/12/6(…) 21:20
bazaar,Harperfs BAZAARiƒn[ƒp[ƒY ƒoƒU[j,"ƒLƒƒƒTƒŠƒ“”ÜAu–\˜I–{v‘›“®‚Ì‰Q’†‚Å‚à’Êí’Ê‚èŒö–±‚ÖI–K–âæ‚Ì•a‰@ƒXƒ^ƒbƒt‚©‚ç‚Í""‘f“G‚È•û""‚ÆÌ^‚Ìº‚à",https://news.yahoo.co.jp/articles/bb343ba143b8e30d0451726eac0fd5544b0ca47c,2023/12/6(…) 20:21
bazaar,Harperfs BAZAARiƒn[ƒp[ƒY ƒoƒU[j,"""ƒ}ƒNƒhƒiƒ‹ƒh"" ‚ªƒtƒ@ƒbƒVƒ‡ƒ“ŠE‚ÉioI “ú–{lƒA[ƒeƒBƒXƒg‚ÌuVERDYv‚ÆƒRƒ‰ƒ{‚Å˜b‘è‚É",https://news.yahoo.co.jp/articles/4a0840ecf74005da3e42f8e2ed9dd5aeeadce3c1,2023/12/6(…) 19:21
bazaar,Harperfs BAZAARiƒn[ƒp[ƒY ƒoƒU[j,ŠCŠOƒZƒŒƒu‚ªŒ©‚¹‚éA“~‚Ìƒp[ƒeƒBƒXƒ^ƒCƒ‹I  •ÄƒXƒgƒ‰ƒCƒLI—¹‚ÅA‹‰ØƒZƒŒƒu‚ªLA‚ÉWŒ‹,https://news.yahoo.co.jp/articles/13f3af7185f1eae2721b1135c33de039fb87e0fa,2023/12/5(‰Î) 22:20
bazaar,Harperfs BAZAARiƒn[ƒp[ƒY ƒoƒU[j,"65Î‚ÌwƒGƒuƒGƒux”o—DA‹Á‚«‚Ì""ƒVƒ‡[ƒpƒ“ph‚Åƒo[ƒXƒf[‚ğj‚·BƒGƒCƒWƒŒƒX‚ÈS“¾‚ÉƒtƒHƒƒ[Ü^",https://news.yahoo.co.jp/articles/ea4ea50738e8f1deb4864c4a743b6577741ea6bb,2023/12/5(‰Î) 20:21
bazaar,Harperfs BAZAARiƒn[ƒp[ƒY ƒoƒU[j,ƒwƒ“ƒŠ[‰¤quq‚Ç‚à‚É‚³‚¹‚é‚×‚«‚Å‚Í‚È‚¢v‚Æ”á”»Bƒ_ƒCƒAƒiŒ³”Ü‚Ì‘’‹V‚É‚Â‚¢‚Ä‚Ó‚è•Ô‚é,https://news.yahoo.co.jp/articles/07c91fe47cb3c5fcaf6bc16b0c38f073b80387ff,2023/12/5(‰Î) 20:20
bazaar,Harperfs BAZAARiƒn[ƒp[ƒY ƒoƒU[j,"ƒZƒŒ[ƒiEƒSƒƒXA‚È‚ñ‚Æ ""“¯‹¶Šˆ"" ‚ğƒXƒ^[ƒgI—\‘zŠO‚·‚¬‚é‚¨‘Šè‚Íu‚Æ‚Ä‚à—¿—ãèv‚Æƒxƒ^–J‚ß",https://news.yahoo.co.jp/articles/5d853eba718b38f3ab8e0f62d43de6f660d7d021,2023/12/5(‰Î) 19:20
bazaar,Harperfs BAZAARiƒn[ƒp[ƒY ƒoƒU[j,"‚¨‘›‚ª‚¹ƒZƒŒƒuAƒX[ƒp[‚Ì†‘Ü""{""ƒk[ƒh•—ƒŒƒMƒ“ƒX"" ‚ÅƒoƒŒƒ“ƒVƒAƒK‚ÌƒCƒxƒ“ƒg‚É“oê",https://news.yahoo.co.jp/articles/cf68d3ab32d66880af5b7a0a4acec73f1d0ffe0f,2023/12/4(Œ) 23:20
bazaar,Harperfs BAZAARiƒn[ƒp[ƒY ƒoƒU[j,"ƒAƒ“EƒnƒTƒEƒFƒCA‰f‰æwƒvƒ‰ƒ_‚ğ’…‚½ˆ«–‚x‚Ì ""‹S•ÒW’·"" ‚ğœfœi‚Æ‚³‚¹‚éƒ‹ƒbƒN‚Å“oêIU‚ß‚Ì‘ålƒXƒ^ƒCƒ‹‚ğ”â˜I",https://news.yahoo.co.jp/articles/b470b5801cff846492608f05f59f993cbe67b99e,2023/12/4(Œ) 22:20
bazaar,Harperfs BAZAARiƒn[ƒp[ƒY ƒoƒU[j,‰p‰¤º‚Ìlí·•Ê“I”­Œ¾‚Íƒ`ƒƒ[ƒ‹ƒY‘‰¤‚ÆƒLƒƒƒTƒŠƒ“c‘¾q”ÜH –\˜I–{‚Í‹}ç¯u”­”„’†~v‚É,https://news.yahoo.co.jp/articles/f3c555d9861c1f93c05d24dc2311a8008bf58553,2023/12/4(Œ) 21:20
bazaar,Harperfs BAZAARiƒn[ƒp[ƒY ƒoƒU[j,ƒiƒ^ƒŠ[Eƒ|[ƒgƒ}ƒ“‚à”ü‚µ‚¢‹¹Œ³‚ğ”â˜II •Ä‰f‰æÜƒŒƒbƒhƒJ[ƒyƒbƒg‚ÍuƒxƒAƒgƒbƒvƒhƒŒƒXv‚ªƒgƒŒƒ“ƒh,https://news.yahoo.co.jp/articles/b313400e840d4f38f2e0109649752393287f80dd,2023/12/4(Œ) 20:20
bazaar,Harperfs BAZAARiƒn[ƒp[ƒY ƒoƒU[j,"‰f‰æwƒz[ƒ€EƒAƒ[ƒ“x‚Ì–¼q–ğ‚ªƒfƒrƒ…[40ü”NIƒnƒŠƒEƒbƒh‚Ì""“a“°“ü‚è""‚ÅA—Ü‚ÌƒXƒs[ƒ`",https://news.yahoo.co.jp/articles/dd51660a2a50bf988df001c626959334b7c73003,2023/12/4(Œ) 19:20
bazaar,Harperfs BAZAARiƒn[ƒp[ƒY ƒoƒU[j,"ƒWƒFƒjƒtƒ@[EƒƒyƒXA""Šá‹¾{ƒZ[ƒ^["" ‚Ì‹Cæ‚ç‚È‚¢’PFƒR[ƒf‚ÅA‘ål‚ÌH“~ƒtƒ@ƒbƒVƒ‡ƒ“‚ğ”â˜I",https://news.yahoo.co.jp/articles/86f20e1c850fe927bcee0cc16631485c43970b14,2023/12/3(“ú) 22:20
bazaar,Harperfs BAZAARiƒn[ƒp[ƒY ƒoƒU[j,wƒ~[ƒ“EƒK[ƒ‹ƒYx——DƒAƒ}ƒ“ƒ_EƒTƒCƒtƒŠƒbƒh‚ª38Î‚ÉI——Dl¶‚Æ”ü–e‚ğƒvƒŒƒCƒoƒbƒN,https://news.yahoo.co.jp/articles/448677fb4d10753aa9324e759612c6c5107f9c62,2023/12/3(“ú) 21:20
bazaar,Harperfs BAZAARiƒn[ƒp[ƒY ƒoƒU[j,¡‚·‚®^—‚µ‚½‚¢Au2023-24”NH“~ƒgƒŒƒ“ƒhv‚±‚ê‚ª—¬s‚éIŒµ‘IĞ‰îI,https://news.yahoo.co.jp/articles/3e9c7484c1a7ce9805bd9be6e01a62b456a3f30c,2023/12/3(“ú) 20:20
bazaar,Harperfs BAZAARiƒn[ƒp[ƒY ƒoƒU[j,’¸‚«•¨‚ğ’N‚©‚ÉƒvƒŒƒ[ƒ“ƒg‚·‚é‚Ì‚Á‚ÄƒAƒŠH ƒGƒ`ƒPƒbƒg‚Ìê–å‹@ŠÖ‚ª³®‚ÉƒAƒ“ƒT[I,https://news.yahoo.co.jp/articles/4e7da41fad4d363551bb8c618e8fe604efaa072d,2023/12/3(“ú) 19:20
bazaar,Harperfs BAZAARiƒn[ƒp[ƒY ƒoƒU[j,ƒwƒCƒŠ[Eƒr[ƒo[‚ªu’´ƒ~ƒjƒXƒJvƒR[ƒf‚Å”ü‹r‚ğ‹­’²IH“~‚ÌÅ{ƒR[ƒf‚Å‚¨o‚©‚¯,https://news.yahoo.co.jp/articles/a471f63a02027555ab9cce79db33e2db00bb0d26,2023/12/2(“y) 22:20
bazaar,Harperfs BAZAARiƒn[ƒp[ƒY ƒoƒU[j,u‚¸‚¤‚¸‚¤‚µ‚¢‚¯‚Ç‚È‚©‚È‚©‚¢‚¢ƒ„ƒcvƒwƒ“ƒŠ[‰¤q‚ªU‚è•Ô‚éA•êƒ_ƒCƒAƒi”Ü‚Ì—ölƒhƒfƒBEƒAƒ‹ƒtƒ@ƒCƒh‚ÌˆóÛ,https://news.yahoo.co.jp/articles/16f13d6623646bcd40cf932d8b784e7d2a811045,2023/12/2(“y) 21:20
bazaar,Harperfs BAZAARiƒn[ƒp[ƒY ƒoƒU[j,"ƒ_ƒCƒAƒi”Üu–ŒÌ€v‚Ì’¼Œã‚àA""’Êí’Ê‚è"" —ç”q‚ÖŒü‚©‚¤ƒƒCƒ„ƒ‹ƒtƒ@ƒ~ƒŠ[‚½‚¿",https://news.yahoo.co.jp/articles/3f27a0ffbccce2efca3ee874dae461922972690f,2023/12/2(“y) 20:20
bazaar,Harperfs BAZAARiƒn[ƒp[ƒY ƒoƒU[j,"ƒXƒgƒbƒvA’Ü‚ğŠš‚Ş‚±‚Æ‚Íˆ«zŠÂI""‚â‚ß‚é•û–@""‚É‚Â‚¢‚Äˆãt‚ª‰ğà",https://news.yahoo.co.jp/articles/09657448c537820deddaad2b8feae29ecacd1180,2023/12/2(“y) 19:20
bazaar,Harperfs BAZAARiƒn[ƒp[ƒY ƒoƒU[j,"ƒeƒCƒ‰[EƒXƒEƒBƒtƒgA""13l–Ú‚Ì”Şh‚Ìƒgƒ‰ƒ”ƒBƒXEƒPƒ‹ƒV[‚Æ“¯±ƒXƒ^[ƒgI",https://news.yahoo.co.jp/articles/49e05788661a51e43d9a5f6f7597ebdae1efeaaa,2023/12/1(‹à) 21:11
bazaar,Harperfs BAZAARiƒn[ƒp[ƒY ƒoƒU[j,‹ÉŠ¦‚ÌNY‚Åu“§‚¯“§‚¯vƒtƒ@ƒbƒVƒ‡ƒ“‚Å–é—V‚ÑI ‰Ì•Pƒfƒ…ƒAEƒŠƒp‚Ì‹Áœ±ƒEƒBƒ“ƒ^[ƒXƒ^ƒCƒ‹,https://news.yahoo.co.jp/articles/adb31ac9bbd715cbd6fdbfab4e0baeac7611e549,2023/12/1(‹à) 20:31
bazaar,Harperfs BAZAARiƒn[ƒp[ƒY ƒoƒU[j,"ƒLƒƒƒTƒŠƒ“”Ü‚Ì""ƒ‚ƒfƒ‹‘ãh‚àŠ®‘SÄŒ»I ‰p‘‰¤º‚ÌÀ˜b‚ÉŠî‚Ã‚¢‚½wƒUEƒNƒ‰ƒEƒ“x‚ª‹‚ÉƒtƒBƒi[ƒŒ‚Ö",https://news.yahoo.co.jp/articles/fe62157d9c3b8a3582dcd4bd6096d4ff4a9a5f35,2023/12/1(‹à) 19:20
bazaar,Harperfs BAZAARiƒn[ƒp[ƒY ƒoƒU[j,"58Î‚ÌƒrƒLƒj‚Ì—‰¤‚ªA""ƒ^ƒIƒ‹‚ğŠª‚¢‚½‚¾‚¯""‚Ì‘å’_ƒXƒ^ƒCƒ‹‚ğSNS‚É“Še",https://news.yahoo.co.jp/articles/85ef1087fbe18a2b927a4f680d5b194583405e55,2023/11/30(–Ø) 21:20
bazaar,Harperfs BAZAARiƒn[ƒp[ƒY ƒoƒU[j,"ƒWƒFƒjƒtƒ@[EƒƒyƒXA700–œ‰~‘Š“–‚Ìuƒo[ƒLƒ“v•Ğè‚ÉAƒgƒbƒvƒXƒ^[‚ç‚µ‚¢ ""‹‰Ø‚·‚¬‚éƒWƒ€ƒR[ƒf"" ‚ğ”â˜I",https://news.yahoo.co.jp/articles/13bdc79dacb66400614091e267a5a93a350b4f72,2023/11/30(–Ø) 20:21
bazaar,Harperfs BAZAARiƒn[ƒp[ƒY ƒoƒU[j,"ƒLƒƒƒTƒŠƒ“”Ü‚Ì“`à‚Ìu“§‚¯“§‚¯ƒhƒŒƒXv‚ğŠ®ƒRƒsI ƒEƒBƒŠƒAƒ€‰¤q‚ª ""—ö‚É—‚¿‚½"" ‚Æ‚¢‚¤—L–¼‚ÈƒXƒg[ƒŠ[‚ğÄŒ»",https://news.yahoo.co.jp/articles/b4469a9534ea30f3d19289889cb71932c3b1fc7b,2023/11/30(–Ø) 19:21
bazaar,Harperfs BAZAARiƒn[ƒp[ƒY ƒoƒU[j,60Î‚Ìƒfƒ~Eƒ€[ƒA‚ªƒrƒLƒjp‚Å‘ês‚ÖIˆø‚«’÷‚Ü‚Á‚½”ü• ‹Ø‚ğƒtƒ@ƒ“‚ÉŒöŠJ,https://news.yahoo.co.jp/articles/f4ecd8f8789bfcd32e5ab21e77bf1c8f40068ed3,2023/11/29(…) 22:20
bazaar,Harperfs BAZAARiƒn[ƒp[ƒY ƒoƒU[j,ƒLƒƒƒTƒŠƒ“”ÜAƒ[ƒKƒ“”Ü‚Æu’‡—Ç‚­‚·‚év‹C‚Íƒ[ƒ‚¾‚Á‚½H ‰¤º’S“–‹LÒ‚ª2l‚Ìg—â‚½‚¢ŠÖŒWh‚ğ–¾‚©‚·,https://news.yahoo.co.jp/articles/c563c9dd82f520c418091bef020e84edf290686a,2023/11/29(…) 21:20
bazaar,Harperfs BAZAARiƒn[ƒp[ƒY ƒoƒU[j,ƒXƒyƒCƒ“‚ÌƒŒƒeƒBƒVƒA‰¤”ÜAg”’”¯h‚ğ‚¢‚©‚µ‚½ƒXƒ^ƒCƒŠƒbƒVƒ…‚ÈƒwƒAƒXƒ^ƒCƒ‹‚ğ‰”â˜II,https://news.yahoo.co.jp/articles/cf88acfc53ee140af59175db98f60e0201514169,2023/11/29(…) 20:20
bazaar,Harperfs BAZAARiƒn[ƒp[ƒY ƒoƒU[j,"u‚¸‚Á‚ÆŒã‰÷vƒEƒBƒŠƒAƒ€c‘¾q•ƒwƒ“ƒŠ[‰¤qAƒ_ƒCƒAƒi”Ü‚ÆŒğ‚í‚µ‚½""ÅŒã‚Ì“d˜b""‚ğU‚è•Ô‚é",https://news.yahoo.co.jp/articles/9035cdf0ba78f9efbaefd94545eb4a81e3150640,2023/11/29(…) 19:20
bazaar,Harperfs BAZAARiƒn[ƒp[ƒY ƒoƒU[j,Å”N­ƒOƒ‰ƒ~[Ü‰ÌèA—«‚Éu“÷‘Ì“I‚Éä‚©‚ê‚év‚ªu‹¯‚¦‚à‚·‚év‚Æ”’,https://news.yahoo.co.jp/articles/2d9b0279b9b1cbe3e311f0b8997d6e20fa41d1d4,2023/11/28(‰Î) 22:20
bazaar,Harperfs BAZAARiƒn[ƒp[ƒY ƒoƒU[j,"ƒ_ƒCƒAƒi”Ü‚Ìu©“®Ô–ŒÌv‚Å‚½‚¾‚Ğ‚Æ‚è""¶‚«c‚Á‚½""ƒ{ƒfƒBƒK[ƒh‚Í¡",https://news.yahoo.co.jp/articles/cbac59d766042eafa768a6216ffd275a7fb1b97e,2023/11/28(‰Î) 21:21
bazaar,Harperfs BAZAARiƒn[ƒp[ƒY ƒoƒU[j,ƒwƒ“ƒŠ[‰¤qA•êƒ_ƒCƒAƒi”Ü‚Ì€‚ª•`‚©‚ê‚éwƒUEƒNƒ‰ƒEƒ“xƒV[ƒYƒ“6‚Íu‹’®‚µ‚È‚¢v,https://news.yahoo.co.jp/articles/64d1164682f2b7aee077457bbc0e098fb00d197a,2023/11/28(‰Î) 20:20
bazaar,Harperfs BAZAARiƒn[ƒp[ƒY ƒoƒU[j,"ƒ_ƒCƒAƒiŒ³”ÜA–ŒÌ€‚Ì‚í‚¸‚© ""23“ú‘O"" ‚ÉƒJƒƒ‰‚ª‘¨‚¦‚½AS—h‚³‚Ô‚é u’n—‹”pâvŠˆ“®‚Ìƒƒ“ƒV[ƒ“",https://news.yahoo.co.jp/articles/f3b3f7be9a22375be78da5400a193ec9e53f6816,2023/11/28(‰Î) 19:20
bazaar,Harperfs BAZAARiƒn[ƒp[ƒY ƒoƒU[j,’‡—Ç‚µl‹Cƒ‚ƒfƒ‹‚ª‚Æ‚à‚ÉNBA‚ğŠÏíI@˜Io“x‚‚ßƒtƒ@ƒbƒVƒ‡ƒ“‚Å‹ü‚ğW‚ß‚é,https://news.yahoo.co.jp/articles/f5b6c433d509eaf12a97237cf680221cd76c1672,2023/11/27(Œ) 22:20
bazaar,Harperfs BAZAARiƒn[ƒp[ƒY ƒoƒU[j,ƒLƒƒƒTƒŠƒ“”ÜA••ƒuƒ‰ƒEƒ“‚Ìu’n–¡ƒJƒ‰[v‚ÅŒ©–‚Éô—ûƒXƒ^ƒCƒ‹‚ğ”â˜II,https://news.yahoo.co.jp/articles/c61b388ef9e54996dec10e23437ccab1edd9b931,2023/11/27(Œ) 21:20
bazaar,Harperfs BAZAARiƒn[ƒp[ƒY ƒoƒU[j,ƒ_ƒCƒAƒi”Ü‚Ì€ŒãA“–15Î‚ÌƒEƒBƒŠƒAƒ€‰¤q‚Íus•û•s–¾v‚É‚È‚Á‚Ä‚¢‚½H wƒUEƒNƒ‰ƒEƒ“xVƒV[ƒYƒ“‚Å–¾‚ç‚©‚É,https://news.yahoo.co.jp/articles/76b7ff59b56cf94787e6753e2c7be04085e5406e,2023/11/27(Œ) 20:20
bazaar,Harperfs BAZAARiƒn[ƒp[ƒY ƒoƒU[j,"‚¤‚éƒcƒ„”¯‚É‚È‚è‚½‚¢I ""‚¨‹à‚ğ‚©‚¯‚¸"" ŠÈ’P‚É‚Å‚«‚éu3‚Â‚ÌKŠµv‚ğƒvƒ‚ª“`ö",https://news.yahoo.co.jp/articles/6b012fdb3f2fa2767a05f507fe7ecfa170074945,2023/11/27(Œ) 19:20
bazaar,Harperfs BAZAARiƒn[ƒp[ƒY ƒoƒU[j,"‰f‰æwƒ}ƒ“ƒ}Eƒ~[ƒAIx‚Å’m‚ç‚ê‚él‹C”o—DA""_X‚µ‚¢""ƒS[ƒ‹ƒh‚ÌƒlƒCƒLƒbƒhEƒhƒŒƒX‚Å’†‘‚ÌƒCƒxƒ“ƒg‚ÉoÈ",https://news.yahoo.co.jp/articles/ecd821ce8ed2a74c2f239084990e350742aeda00,2023/11/26(“ú) 22:20
bazaar,Harperfs BAZAARiƒn[ƒp[ƒY ƒoƒU[j,"""”ü‚µ‚¢• ‹Ø""‚ğŒöŠJI 44Î‚Ì•Ä”o—DA""ƒuƒ‰‚Æƒ{ƒNƒT[‚¾‚¯"" ‚Ìp‚ğƒVƒFƒA",https://news.yahoo.co.jp/articles/773b12f09c553b185ae9502d85d30df050d79532,2023/11/26(“ú) 21:20
bazaar,Harperfs BAZAARiƒn[ƒp[ƒY ƒoƒU[j,u‚à‚¤ˆê“x‰‰‚¶‚Ä‚İ‚½‚¢–ğv‚Í’NH@ƒnƒŠƒEƒbƒh‚Ìƒgƒbƒv”o—D‚½‚¿‚É•·‚¢‚Ä‚İ‚½,https://news.yahoo.co.jp/articles/0b610c9ae878d4025f8f3a01ca38db3ce83f3926,2023/11/26(“ú) 20:20
bazaar,Harperfs BAZAARiƒn[ƒp[ƒY ƒoƒU[j,‰Æ‘°‚ªVŒ^ƒRƒƒi‚ÉŠ´õI ‚³‚Äuô‘ó•¨v‚Í‚Ç‚¤‚·‚éH ê–å‰Æ‚ª‰ğà,https://news.yahoo.co.jp/articles/72077717328184c640b4aa811fb4adeaf3289fea,2023/11/26(“ú) 19:20
bazaar,Harperfs BAZAARiƒn[ƒp[ƒY ƒoƒU[j,jE—ˆ“úI ƒ~ƒ‰EƒWƒ‡ƒ”ƒHƒ”ƒBƒbƒ`‚Ìˆ¤–ºƒGƒ”ƒ@[EƒAƒ“ƒ_[ƒ\ƒ“‚ÌƒLƒ…[ƒg‚È¬’·ƒAƒ‹ƒoƒ€,https://news.yahoo.co.jp/articles/67f866f3073c38e41c5267961a686639e24ee61e,2023/11/25(“y) 22:20
bazaar,Harperfs BAZAARiƒn[ƒp[ƒY ƒoƒU[j,"ƒ_ƒCƒAƒiŒ³”Ü‚ª¶‘Oˆ¤—p‚µ‚½""˜rŒv""‚ÍA—öl‚©‚ç‚Ì‘¡‚è•¨‚¾‚Á‚½!?‚Æ˜b‘è‚É",https://news.yahoo.co.jp/articles/0a97c3b129735f69009581c558517c0a007905c8,2023/11/25(“y) 21:20
bazaar,Harperfs BAZAARiƒn[ƒp[ƒY ƒoƒU[j,uƒnƒCƒq[ƒ‹‚ğ—š‚¢‚Ä‚¢‚È‚¢—‚Í—‚¶‚á‚È‚¢vg—•ss‚È”l“|h‚ªŠˆ—Í‚É\•ĞR^—‚ªl‚¦‚éA‚¨‚µ‚á‚ê‚Æ•Ÿƒ‚Ì‹¤‘¶,https://news.yahoo.co.jp/articles/734a4e0da4ac1d828f438e1461a2feb4385824df,2023/11/25(“y) 20:20
bazaar,Harperfs BAZAARiƒn[ƒp[ƒY ƒoƒU[j,ƒjƒLƒr”§‚Å”Y‚Şl‚ÉuƒOƒŠƒZƒŠƒ“ƒtƒŠ[‰»Ï…v‚ªƒIƒXƒXƒ‚È——R,https://news.yahoo.co.jp/articles/9d31db57a9c7c4f078f8ad65d68f7c3f1db0213f,2023/11/25(“y) 19:20
bazaar,Harperfs BAZAARiƒn[ƒp[ƒY ƒoƒU[j,‰Ì•Pƒfƒ…ƒAEƒŠƒp‚ª“Œ‹–‹i’†I‘å’_‚ÈƒXƒŠƒbƒg“ü‚èƒhƒŒƒX‚ğ‚Ü‚Æ‚¢A“ú–{‚Ìƒtƒ@ƒ“‚ÆŒğ—¬,https://news.yahoo.co.jp/articles/25e0ef6eaafbb96441c1fc63d3dceecbc0e8d97c,2023/11/24(‹à) 22:20
bazaar,Harperfs BAZAARiƒn[ƒp[ƒY ƒoƒU[j,BLACKPINKAƒ`ƒƒ[ƒ‹ƒY‘‰¤‚©‚ç–¼—_‘å‰p’é‘ŒMÍ‚ğö—^B‘‰¤‚©‚çu‚¢‚Â‚©ƒ‰ƒCƒu‚àŒ©‚Ä‚İ‚½‚¢v‚Æ‚Ì‚¨Œ¾—t‚àI,https://news.yahoo.co.jp/articles/103eb5f27fee2c437df1f702f00c7ff4a3d35030,2023/11/24(‹à) 21:20
bazaar,Harperfs BAZAARiƒn[ƒp[ƒY ƒoƒU[j,ƒwƒ“ƒŠ[‰¤q&ƒ[ƒKƒ“”ÜAƒAƒCƒXƒzƒbƒP[‚Ì‡‚ğƒTƒvƒ‰ƒCƒYŠÏíI P—á‚ÌgKiss Camh‚Å‚ÍƒmƒŠƒmƒŠ‚Åƒ_ƒ“ƒX‚à,https://news.yahoo.co.jp/articles/15e7fda739e14cd9f7e91060b7e7d3b274a48d9f,2023/11/24(‹à) 20:21
bazaar,Harperfs BAZAARiƒn[ƒp[ƒY ƒoƒU[j,ƒCƒ“ƒtƒ‹ƒƒNƒ`ƒ“Úí‚ÅuƒAƒ‹ƒcƒnƒCƒ}[•avƒŠƒXƒN40“’áŒ¸‚©BŒ¤‹†‚É‚æ‚è‹Á‚«‚Ì–À‚ª”»–¾,https://news.yahoo.co.jp/articles/5550ec41894aefd8a7dd084cb48349b2339e4c35,2023/11/24(‹à) 19:21
bazaar,Harperfs BAZAARiƒn[ƒp[ƒY ƒoƒU[j,"l‹C——D‚à""ƒ{ƒgƒ€ƒX‚ğ—š‚©‚È‚¢iƒm[ƒpƒ“ƒcjƒ‹ƒbƒN""‚ğŒ©–‚É’…‚±‚È‚·I ¡”NƒZƒŒƒu‚ÌŠÔ‚Å‘å—¬s’†",https://news.yahoo.co.jp/articles/70807df5bc3569add5d439aeca8e5ade6f4302ca,2023/11/23(–Ø) 22:20
bazaar,Harperfs BAZAARiƒn[ƒp[ƒY ƒoƒU[j,ƒLƒƒƒTƒŠƒ“”ÜAŠØ‘‚Ì‘•o‚ğˆóÛ“I‚ÈÔ‚¢ƒP[ƒvƒR[ƒg‚ÅoŒ}‚¦,https://news.yahoo.co.jp/articles/5cd580eb46963c590c89c7af83be683c5802ef11,2023/11/23(–Ø) 21:20
bazaar,Harperfs BAZAARiƒn[ƒp[ƒY ƒoƒU[j,"ƒwƒ“ƒŠ[‰¤q‚ªˆ¤‚µ‚½""Œ³ƒJƒm""‚Í‚¢‚Ü‰½‚µ‚Ä‚éH ‚Æ‚­‚É’m‚ç‚ê‚é3–¼‚Ì—«‚½‚¿‚ÌŒ»İ‚ğ’ÇÕ•ƒwƒ“ƒŠ[‰¤q‚Ì”Ş—‚½‚¿‚Ö‚Ìv‚¢",https://news.yahoo.co.jp/articles/6f9a7bfe012c8a4dd0007499fe2a709f721b1826,2023/11/23(–Ø) 20:20
bazaar,Harperfs BAZAARiƒn[ƒp[ƒY ƒoƒU[j,"ƒJƒ~ƒ‰‰¤”Ü ""‘ål‚Ì—]—T"" ‚ğŠ´‚¶‚³‚¹‚éA”ü‚µ‚¢ƒGƒƒ‰ƒ‹ƒh‚ÌƒhƒŒƒX‚ÅƒCƒxƒ“ƒg‚ÉoÈ",https://news.yahoo.co.jp/articles/b4ae7cf4989b2191d86cc7992fec67f3bb63a5c4,2023/11/23(–Ø) 19:20
bazaar,Harperfs BAZAARiƒn[ƒp[ƒY ƒoƒU[j,"j39ÎI""”ü‘ÌŒ^——D""ƒXƒJ[ƒŒƒbƒgEƒˆƒnƒ“ƒ\ƒ“‚Ì–‚«ƒ{ƒfƒB‚Ì‚Â‚­‚è‚©‚½‚ğ”qŒ©",https://news.yahoo.co.jp/articles/20d741239e426b42707332de8c424a4c17cc40ec,2023/11/22(…) 22:20
bazaar,Harperfs BAZAARiƒn[ƒp[ƒY ƒoƒU[j,ƒLƒƒƒTƒŠƒ“”ÜA’¿‚µ‚­uƒeƒBƒAƒ‰v‚ğ‚Â‚¯‚Ä”ü‚µ‚­“oêI ƒS[ƒWƒƒƒX‚Èu”Ó‚³‚ñ‰ïv‚Ö,https://news.yahoo.co.jp/articles/6d612811095efa4316f282263045e9bc6cd583ab,2023/11/22(…) 21:20
bazaar,Harperfs BAZAARiƒn[ƒp[ƒY ƒoƒU[j,"¢ŠE1‚Ìƒ‰ƒbƒL[ƒK[ƒ‹‚ª27Î‚É@•vƒWƒƒƒXƒeƒBƒ“Eƒr[ƒo[‚Æ‚Ì ""ƒ‰ƒuƒ‰ƒu•v•wƒVƒ‡ƒbƒg"" ‚ğˆê‹CŒ©",https://news.yahoo.co.jp/articles/97518a8752e328160cb02d92d56addfa156e022f,2023/11/22(…) 20:20
bazaar,Harperfs BAZAARiƒn[ƒp[ƒY ƒoƒU[j,"u‚¢‚¢•v•w‚Ì“úv ‚¨’ƒ‚ÌŠÔ‚ğ“ö‚í‚¹‚½AƒXƒ|[ƒcŠE‚Ì ""’´ƒzƒbƒg"" ‚ÈƒJƒbƒvƒ‹3–¼",https://news.yahoo.co.jp/articles/b5ed78fa82acfe56c962f3a82f44d02eb16d2130,2023/11/22(…) 19:20
bazaar,Harperfs BAZAARiƒn[ƒp[ƒY ƒoƒU[j,uÕŒ‚“I•ƒZƒNƒV[‚·‚¬‚éƒhƒŒƒXv‚ÅA28Î‚Ì•Äl‹Cƒ‰ƒbƒp[‚ªƒCƒxƒ“ƒg‚É“oê,https://news.yahoo.co.jp/articles/43fa093cf9202fdf823f93796ef5f6de44195824,2023/11/21(‰Î) 22:20
bazaar,Harperfs BAZAARiƒn[ƒp[ƒY ƒoƒU[j,"Šç‚ª—‚Ä‚¢‚é‚©‚ç... ƒ_ƒCƒAƒi”ÜAÀ‚ÍƒEƒBƒŠƒAƒ€‰¤q‚Ì‚±‚Æ‚ğ ""‚Æ‚ ‚é“®•¨‚Ì–¼‘O"" ‚ÅŒÄ‚ñ‚Å‚¢‚½",https://news.yahoo.co.jp/articles/775749078d80cd77dd7c6b41f812bb41d0356605,2023/11/21(‰Î) 21:20
bazaar,Harperfs BAZAARiƒn[ƒp[ƒY ƒoƒU[j,u—£¥Œãv‚Ìƒ_ƒCƒAƒi•ƒ`ƒƒ[ƒ‹ƒYA‚»‚ê‚¼‚ê‘§q‚½‚¿‚Æg•ÊX‚ÌƒoƒJƒ“ƒXh‚ğŠy‚µ‚Ş—lq‚ªƒhƒ‰ƒ}wƒUEƒNƒ‰ƒEƒ“x‚Å’‰À‚ÉÄŒ»,https://news.yahoo.co.jp/articles/862ccf2232fd67eabc7922c48dcd9b3d79029088,2023/11/21(‰Î) 20:20
bazaar,Harperfs BAZAARiƒn[ƒp[ƒY ƒoƒU[j,"ƒnƒŠƒEƒbƒhƒXƒ^[‚È‚Ì‚ÉA""‹ó‹Cƒxƒbƒh¶Šˆh ƒƒo[ƒgEƒpƒeƒBƒ“ƒ\ƒ“A‰ºÏ‚İ‘ã‚ÌŒµ‚µ‚¢‰ù–î‚ğ”’",https://news.yahoo.co.jp/articles/042528a06f2f27514c8c0e08149beb6f9cf72a65,2023/11/21(‰Î) 19:20
bazaar,Harperfs BAZAARiƒn[ƒp[ƒY ƒoƒU[j,"""ƒNƒŠƒXƒ}ƒX‚Ì—‰¤""Auƒ~ƒjƒhƒŒƒXvp‚Åƒtƒ@ƒ“‚Ì‘O‚É“oê@u”N‚ğæ‚ç‚È‚¢lv‚Æ˜b‘è‚É",https://news.yahoo.co.jp/articles/d533f83cef81aa3e0c6e7bff72fc1f6b8073c0ca,2023/11/20(Œ) 22:20
bazaar,Harperfs BAZAARiƒn[ƒp[ƒY ƒoƒU[j,‚ß‚¸‚ç‚µ‚­uT‚¦‚ßvƒXƒ^ƒCƒ‹‚Ìƒ[ƒKƒ“”ÜB”¼”N‚Ô‚è‚ÉƒŒƒbƒhƒJ[ƒyƒbƒg‚É“oê,https://news.yahoo.co.jp/articles/13d2289beb45d102df8b4e96dc76bf7ba2a60b1a,2023/11/20(Œ) 21:20
bazaar,Harperfs BAZAARiƒn[ƒp[ƒY ƒoƒU[j,ƒLƒƒƒTƒŠƒ“”Ü‚Ìu–¢ŒöŠJÊ^v‚ªŒöŠJI ƒNƒŠƒXƒ}ƒXƒZ[ƒ^[‚ğƒVƒbƒN‚É’…‚±‚È‚·,https://news.yahoo.co.jp/articles/934f356522c82e63a0d148dbd9632d121e20df66,2023/11/20(Œ) 20:20
bazaar,Harperfs BAZAARiƒn[ƒp[ƒY ƒoƒU[j,u‹c‰ï‚Å1”ÔA•n‚µ‚¢’jv‚ÆŒÄ‚Î‚ê‚½ƒWƒ‡[EƒoƒCƒfƒ“•Ä‘å“—ÌAŒ»İ‚Å‚Í–ñ14‰­‰~‚ğ‚Âu’´•x‹v‚É,https://news.yahoo.co.jp/articles/cfba0e05b4665e8333629c77a16c033828984a25,2023/11/20(Œ) 19:20
bazaar,Harperfs BAZAARiƒn[ƒp[ƒY ƒoƒU[j,50Îƒxƒeƒ‰ƒ“ƒ‚ƒfƒ‹A‘Ì‚Ì‘¤–Ê‚ª‚ ‚ç‚í‚É‚È‚Á‚½u‘å’_ƒhƒŒƒXv‚ğ’…‚±‚È‚·,https://news.yahoo.co.jp/articles/12e39beedb33d10a767d31e2afc4ad14380381cb,2023/11/19(“ú) 22:50
bazaar,Harperfs BAZAARiƒn[ƒp[ƒY ƒoƒU[j,u—£¥Œãv‚ÍƒK[ƒ‹ƒYƒiƒCƒgO–†Il‹CƒCƒMƒŠƒXl——DANY‚Å‚¨‚µ‚á‚ê‚Èƒp[ƒeƒBƒ‹ƒbƒN‚ğ”â˜I,https://news.yahoo.co.jp/articles/f0ac0b8dc48be6061a3eb5f4fb597a38c6a2a06b,2023/11/19(“ú) 22:20
bazaar,Harperfs BAZAARiƒn[ƒp[ƒY ƒoƒU[j,‚Ü‚é‚Å‘oqI 57Î‚ÌƒVƒ“ƒfƒBEƒNƒƒtƒH[ƒhA22Î‚Ìˆ¤–º‚ÆuƒŠƒ“ƒNƒR[ƒfv‚ğ”â˜I,https://news.yahoo.co.jp/articles/0e1129f8d5991d7c503ccdd8be5d3f5cf7330ade,2023/11/19(“ú) 21:20
bazaar,Harperfs BAZAARiƒn[ƒp[ƒY ƒoƒU[j,ƒp[ƒLƒ“ƒ\ƒ“•a‚Æ“¬‚¢‚Â‚Ã‚¯‚Ä30”NˆÈãc62Î‚Ì•Ä”o—DAu€‚ğ‹°‚ê‚Ä‚Í‚¢‚È‚¢v‚Æ•aó‚ğ•ñ,https://news.yahoo.co.jp/articles/2c3b3b6b56dd5b5ce4636a6fdc764a4bc76516b6,2023/11/19(“ú) 20:20
bazaar,Harperfs BAZAARiƒn[ƒp[ƒY ƒoƒU[j,“Ë‘R‚Ì”§ƒgƒ‰ƒuƒ‹A‚à‚µ‚©‚µ‚Ä....H uX”NŠúv‚ª”§‚É—^‚¦‚é3‚Â‚Ì‰e‹¿,https://news.yahoo.co.jp/articles/c8974609f25f1f475b87a947562912619fe643ed,2023/11/19(“ú) 19:20
bazaar,Harperfs BAZAARiƒn[ƒp[ƒY ƒoƒU[j,ƒXƒL[’†‚ÉˆãÒ‚Æ‚Ô‚Â‚©‚èuÙ”»‚Å‘å†‚ßv‚µ‚½ƒnƒŠƒEƒbƒh”o—D‚Ì–Œ‚ªA‚Ü‚³‚©‚Ìƒ~ƒ…[ƒWƒJƒ‹‰»I,https://news.yahoo.co.jp/articles/ba2f12a921921d13785ab47300d636b1c630d7a3,2023/11/18(“y) 22:20
bazaar,Harperfs BAZAARiƒn[ƒp[ƒY ƒoƒU[j,ƒ[ƒKƒ“”ÜAƒCƒMƒŠƒX‰¤º‚©‚çuŠ½Œ}‚³‚ê‚Ä‚¢‚È‚¢‚ÆŠ´‚¶‚év‚Æ–{‰¹‚ğ–¾‚©‚·,https://news.yahoo.co.jp/articles/11d8030fbc67edd46a2a6d0421f80a43bbc59b3f,2023/11/18(“y) 21:20
bazaar,Harperfs BAZAARiƒn[ƒp[ƒY ƒoƒU[j,“ú–{‚ÆƒXƒEƒF[ƒfƒ“A‚Ó‚½‚Â‚Ì‘‚Éƒ‹[ƒc‚ğ‚ÂLiLiCo‚ª‘½—l«‚ÌƒŠƒAƒ‹‚ğŒê‚Á‚½,https://news.yahoo.co.jp/articles/9c9fc6da7944fbe643fa9b7762db788b238f9d78,2023/11/18(“y) 20:20
bazaar,Harperfs BAZAARiƒn[ƒp[ƒY ƒoƒU[j,y2023H“~zÅVƒoƒbƒOƒgƒŒƒ“ƒhIŠCŠO‚Ì‚¨‚µ‚á‚êƒXƒiƒbƒv‚©‚çŠw‚Ô,https://news.yahoo.co.jp/articles/9604bfa1f5b1d6214bb4c4b6b31cb8310cf7593f,2023/11/18(“y) 19:20
bazaar,Harperfs BAZAARiƒn[ƒp[ƒY ƒoƒU[j,ƒwƒCƒŠ[Eƒr[ƒo[‚ªYouTube‚ÅuƒX[ƒp[ƒŠƒbƒ`v‚È©‘îƒLƒbƒ`ƒ“‚ğŒöŠJ,https://news.yahoo.co.jp/articles/8316bb049a1a94806be674dabd75d4b0e4c0ce25,2023/11/17(‹à) 22:20
bazaar,Harperfs BAZAARiƒn[ƒp[ƒY ƒoƒU[j,ƒLƒƒƒTƒŠƒ“”Ü jãuÅ‚à”hè‚Èƒtƒ@ƒbƒVƒ‡ƒ“v‚Æ˜b‘è ÅV‚ÌŒö–±‚É‘Sgƒp[ƒvƒ‹‚Å“oê,https://news.yahoo.co.jp/articles/7f2294e0bd0da356f2ef20feae553bf8c29ff5fe,2023/11/17(‹à) 21:20
bazaar,Harperfs BAZAARiƒn[ƒp[ƒY ƒoƒU[j,ƒwƒ“ƒŠ[‰¤qAƒGƒŠƒUƒxƒX—‰¤‚Ì€‚ğƒlƒbƒg‘¬•ñ‚Å’m‚éBŒZ‚Éˆ¶‚Ä‚½ƒƒbƒZ[ƒW‚Íu–¢“Ç–³‹v,https://news.yahoo.co.jp/articles/894a3aae9b0dc79b5c08a1d5e346d41c4a1d6d9e,2023/11/17(‹à) 20:21
bazaar,Harperfs BAZAARiƒn[ƒp[ƒY ƒoƒU[j,8ŠÔQ‚Ä‚à–°‚¢A‚¾‚é‚¢cH l‚¦‚ç‚ê‚éu7‚Â‚ÌŒ´ˆöv‚ğ‰ğà,https://news.yahoo.co.jp/articles/7cd86cdbdcb92771923918a558189d80905f8028,2023/11/17(‹à) 19:20
bazaar,Harperfs BAZAARiƒn[ƒp[ƒY ƒoƒU[j,l‹Cƒ‚ƒfƒ‹u”ü‚µ‚·‚¬‚é• ‹Øv‚ª‰f‚¦‚é„•‚ÅAˆ¤Œ¢‚Æƒtƒ@ƒbƒVƒ‡ƒiƒuƒ‹‚É‚¨U•à,https://news.yahoo.co.jp/articles/1501b5b8b0afd461be02da331a3b5b742a9f355a,2023/11/16(–Ø) 22:20
bazaar,Harperfs BAZAARiƒn[ƒp[ƒY ƒoƒU[j,2023”N‚ÌuÅ‚àƒZƒNƒV[‚È’j«v‚É‘Io‚³‚ê‚½‚Ì‚ÍAwƒOƒŒƒCƒYEƒAƒiƒgƒ~[xo‰‰‚Ì”o—DI,https://news.yahoo.co.jp/articles/1d292d3f32edfc683721e7c285089f8c9e110aeb,2023/11/16(–Ø) 21:20
bazaar,Harperfs BAZAARiƒn[ƒp[ƒY ƒoƒU[j,ƒWƒFƒjƒtƒ@[EƒƒyƒXAƒ_ƒCƒAƒiŒ³”Ü‚ªˆ¤‚µ‚½ƒOƒbƒ`‚Ìu–¼•iƒoƒbƒOv‚Å•vƒxƒ“EƒAƒtƒŒƒbƒN‚Æ‚¨”ƒ‚¢•¨ƒf[ƒg,https://news.yahoo.co.jp/articles/50852ddd25036954b7e04549d9751315f259c520,2023/11/16(–Ø) 20:20
bazaar,Harperfs BAZAARiƒn[ƒp[ƒY ƒoƒU[j,u—«‚ÌŒ’fv‚ÌŒ©’¼‚µ‚Ç‚«B‚ ‚È‚½‚Ìg‚ğ–h‚®‚Ì‚Í‚à‚µ‚©‚·‚é‚Æ¡‚©‚àH,https://news.yahoo.co.jp/articles/79ae78f2520bde4156288c6f694a98933e8f410f,2023/11/16(–Ø) 19:20
bazaar,Harperfs BAZAARiƒn[ƒp[ƒY ƒoƒU[j,ƒLƒƒƒTƒŠƒ“”Ü•ƒEƒBƒŠƒAƒ€c‘¾qu‰ù‚©‚µ‚·‚¬‚é1–‡v‚ğ“Še‚µAƒ`ƒƒ[ƒ‹ƒY‘‰¤75Î‚Ìƒo[ƒXƒf[‚ğ‚¨j‚¢,https://news.yahoo.co.jp/articles/3d4ecca157bd83b1dbec0ad82c06fd6dba2f43da,2023/11/15(…) 22:20
bazaar,Harperfs BAZAARiƒn[ƒp[ƒY ƒoƒU[j,"u35Î‚ÅƒLƒƒƒŠƒA‚ªI‚í‚év‚ÆŒ¾‚í‚ê‚Ä‚¢‚½‚ ‚Ì""‘å——D""‚Æ‚Í",https://news.yahoo.co.jp/articles/a72e1369b9762343e91398c5bbecf1ceeb173ce4,2023/11/15(…) 21:20
bazaar,Harperfs BAZAARiƒn[ƒp[ƒY ƒoƒU[j,ƒLƒƒƒTƒŠƒ“”ÜA24Î‚Ì‚É‚©‚Ô‚Á‚½uƒnƒbƒgv‚ğÄ’…—pI17”N‚½‚Á‚Ä‚àƒGƒŒƒKƒ“ƒg‚È”ü‚µ‚³‚Í•Ï‚í‚ç‚¸,https://news.yahoo.co.jp/articles/d9bd6eac4aca93c7487529eb61155967ef13cc72,2023/11/15(…) 20:20
bazaar,Harperfs BAZAARiƒn[ƒp[ƒY ƒoƒU[j,uƒfƒŠƒP[ƒgƒ][ƒ“v‚Í–{“–‚Éô‚¤‚×‚«H@ê–å‰Æ‚ªƒWƒƒƒbƒW,https://news.yahoo.co.jp/articles/072c0aff0393c2f0de8ecdf5d20c06f8028a5748,2023/11/15(…) 19:20
bazaar,Harperfs BAZAARiƒn[ƒp[ƒY ƒoƒU[j,ƒŒƒbƒhƒJ[ƒyƒbƒg‚É“oê‚Ì56Î‘å——DA‘å’_ƒhƒŒƒX‚©‚çu”ü• ‹Øv‚ğ”â˜II,https://news.yahoo.co.jp/articles/2f0e708f089cabc3d979fd9b90c340e04a19ed5d,2023/11/14(‰Î) 22:20
bazaar,Harperfs BAZAARiƒn[ƒp[ƒY ƒoƒU[j,uƒwƒ“ƒŠ[‰¤q VS. ‘åèƒ^ƒuƒƒCƒh†v“d˜b“’®‚âN“ücˆá–@‚Èî•ñûW‚ğ‚ß‚®‚éÙ”»‚ª‘±s‰Â”\‚É,https://news.yahoo.co.jp/articles/0bf6b53131cd9b68454cd447f6ace814676b346d,2023/11/14(‰Î) 21:20
bazaar,Harperfs BAZAARiƒn[ƒp[ƒY ƒoƒU[j,ƒVƒ‡ƒbƒN!? ƒ[ƒKƒ“”Ü•ƒwƒ“ƒŠ[‰¤qAƒ`ƒƒ[ƒ‹ƒY‘‰¤‚Ì’a¶ƒp[ƒeƒB‚Éuµ‘Ò‚³‚ê‚Ä‚¢‚È‚©‚Á‚½v‚±‚Æ‚ª”»–¾,https://news.yahoo.co.jp/articles/395363d35392219620144caaa754b9b746813a71,2023/11/14(‰Î) 20:20
bazaar,Harperfs BAZAARiƒn[ƒp[ƒY ƒoƒU[j,gQ‚ép¨h ‚©‚ç•ª‚©‚éI ‚ ‚È‚½‚Ìu«Šiv•‚¢‚Ü‚ÌuS—ó‹µv,https://news.yahoo.co.jp/articles/ab1662fed70e226a0751bcd5d6aa36e544a7e189,2023/11/14(‰Î) 19:20
bazaar,Harperfs BAZAARiƒn[ƒp[ƒY ƒoƒU[j,"""V—öl""‚É‹ì‚¯Šñ‚ép‚ª˜b‘èI ƒeƒCƒ‰[EƒXƒEƒBƒtƒgAƒ‰ƒCƒu’†‚Éu”M—óƒLƒXv‚ğŒ©‚¹‚Â‚¯",https://news.yahoo.co.jp/articles/99e3b83ad31d01f33361fd0cdfec57ebf09b15f7,2023/11/13(Œ) 22:20
bazaar,Harperfs BAZAARiƒn[ƒp[ƒY ƒoƒU[j,ƒ[ƒKƒ“”Ü•ƒwƒ“ƒŠ[‰¤qA•ƒX[ƒc‚ÌuƒŠƒ“ƒNƒR[ƒfv‚Å‰pƒŠƒƒ“ƒuƒ‰ƒ“ƒXEƒf[‚ÉŒhˆÓ,https://news.yahoo.co.jp/articles/8854f0149acec35dd32cdf6b218afc1bc7ffbf81,2023/11/13(Œ) 21:20
bazaar,Harperfs BAZAARiƒn[ƒp[ƒY ƒoƒU[j,"ƒfƒ“ƒ}[ƒNc‘¾q‚Éu•s—Ï‹^˜fv ƒƒLƒVƒR‚Ì""”ülœ‘P‰Æ""‚Æ‚Ìu‰ö‚µ‚¢ˆê–év‚ª•ñ“¹B^‘Š‚Í‚¢‚©‚É",https://news.yahoo.co.jp/articles/22c47516e9ffe292270cca206f2952f37e0997dd,2023/11/13(Œ) 20:20
bazaar,Harperfs BAZAARiƒn[ƒp[ƒY ƒoƒU[j,"ƒ_ƒCƒGƒbƒg’†‚ÌlA•KŒ©I@‰h—{‚½‚Á‚Õ‚è•’áƒJƒƒŠ[‚È ""Å‹­H•i"" 5‘I",https://news.yahoo.co.jp/articles/85ae9aecef38bf10bfdb8a4fa49d43ef57a60a4c,2023/11/13(Œ) 19:21
bazaar,Harperfs BAZAARiƒn[ƒp[ƒY ƒoƒU[j,ƒLƒ€EƒJ[ƒ_ƒVƒAƒ“A‘SgƒNƒŠƒXƒ^ƒ‹‚Å•¢‚í‚ê‚½‘å’_ƒV[ƒXƒ‹[ƒXƒ^ƒCƒ‹‚ÅƒCƒxƒ“ƒg‚É“oê,https://news.yahoo.co.jp/articles/4736136b6e4f199f802dff1a0b4d843ac692b033,2023/11/12(“ú) 22:20
bazaar,Harperfs BAZAARiƒn[ƒp[ƒY ƒoƒU[j,wƒvƒ‰ƒ_‚ğ’…‚½ˆ«–‚x‚ÅƒuƒŒƒCƒN‚µ‚½ƒAƒ“EƒnƒTƒEƒFƒC‚ª41Î‚ÉI ——Dl¶‚Æ”ü–e‚ğƒvƒŒƒCƒoƒbƒN,https://news.yahoo.co.jp/articles/f9da5e356f2fdb58eeb8f6ce7b4c59a80fa30eff,2023/11/12(“ú) 21:20
bazaar,Harperfs BAZAARiƒn[ƒp[ƒY ƒoƒU[j,—¼e‚Ì•Û—L‘Y‚Í3000‰­‰~’´I ƒnƒŠƒEƒbƒhˆê‚Ì‰­–œ’·Ò‚Ì10Î’·—‚ÍA•ê‚Ì‘å‹“@‚æ‚è‚à•ƒ‚Ìuƒ}ƒ“ƒVƒ‡ƒ“v‚ªD‚«,https://news.yahoo.co.jp/articles/cc40df199ceb4149e0e0211234d00c1155fd6696,2023/11/12(“ú) 20:40
bazaar,Harperfs BAZAARiƒn[ƒp[ƒY ƒoƒU[j,¶’a94”NI “`à‚Ì——DƒOƒŒ[ƒXEƒPƒŠ[‚ÌuFåò‚¹‚È‚¢v•iŠi•Y‚¤ƒtƒ@ƒbƒVƒ‡ƒ“ƒXƒ^ƒCƒ‹,https://news.yahoo.co.jp/articles/2c513f2654e71968e777dc9116d15438b0dcce88,2023/11/12(“ú) 20:20
bazaar,Harperfs BAZAARiƒn[ƒp[ƒY ƒoƒU[j,‹“û‚È‚Ç“û»•i‚ğ‚â‚ß‚é‚Æu“ª’É‚ª‰ü‘Pv‚·‚éH ‰h—{m‚ªƒƒŠƒbƒg‚ÆƒfƒƒŠƒbƒg‚ğ‰ğà,https://news.yahoo.co.jp/articles/2013d541e3183c51478cd5d5ebca462a074fd792,2023/11/12(“ú) 19:20
bazaar,Harperfs BAZAARiƒn[ƒp[ƒY ƒoƒU[j,ˆê¢‚ğ•—êr‚µ‚½ƒtƒBƒbƒgƒlƒXƒCƒ“ƒXƒgƒ‰ƒNƒ^[‚ªu30”N‘O‚Æ¡v‚ÌƒŒƒIƒ^[ƒhp‚ğ”äŠrI •Ï‚í‚ç‚Ê”üƒXƒ^ƒCƒ‹‚ÉÌ^‚Ìº,https://news.yahoo.co.jp/articles/c6ee016d8a3145978364c59d86d2283661be5782,2023/11/11(“y) 23:20
bazaar,Harperfs BAZAARiƒn[ƒp[ƒY ƒoƒU[j,ƒŒƒI—l‚ª49Î‚ÉI ƒŒƒIƒiƒ‹ƒhEƒfƒBƒJƒvƒŠƒI‚Ì—c­Šú‚©‚ç‚Ì”ü–e‚ğˆê‹CŒ©I,https://news.yahoo.co.jp/articles/06a2efe95d465929732b3996c5f7e9a25c24e178,2023/11/11(“y) 23:02
bazaar,Harperfs BAZAARiƒn[ƒp[ƒY ƒoƒU[j,ŠïÕ‚Ì54ÎcI@ƒWƒFƒjƒtƒ@[EƒƒyƒX‚ª“§‚¯‚éƒhƒŒƒX‚©‚ç’b‚¦ã‚°‚½u“÷‘Ì”üv‚ğ”â˜I,https://news.yahoo.co.jp/articles/92c8bfd7510c18b9be454e3734f22bd258e8a1f7,2023/11/11(“y) 20:20
bazaar,Harperfs BAZAARiƒn[ƒp[ƒY ƒoƒU[j,BLACKPINK ƒƒ[Aƒ~ƒjƒhƒŒƒX‚Å”ü‹r‚ğ“°X”â˜II 2023uLACMAvƒKƒ‰‚ÉoÈ‚µ‚½‹‰ØƒZƒŒƒu‚½‚¿,https://news.yahoo.co.jp/articles/f40ecd7a024c71559b522097cd3dc927316a77cc,2023/11/10(‹à) 22:20
bazaar,Harperfs BAZAARiƒn[ƒp[ƒY ƒoƒU[j,u“§‚¯‚·‚¬ƒgƒbƒvƒXv{uƒj[ƒnƒCƒu[ƒcv‚Ì‘å’_ƒR[ƒfI ƒ~[ƒKƒ“EƒtƒHƒbƒNƒX‚ªV’˜”­”„ƒCƒxƒ“ƒg‚Ö,https://news.yahoo.co.jp/articles/2b6456752c32fcdb9ce2a579fe50a50c3c868f88,2023/11/10(‹à) 22:10
bazaar,Harperfs BAZAARiƒn[ƒp[ƒY ƒoƒU[j,”ü‚µ‚·‚¬‚é–¢—ˆ‚ÌƒXƒyƒCƒ“—‰¤I 18Î‚Ìu¬l‚Ì‹V®v‚É^‚Á”’‚Ìƒpƒ[ƒX[ƒc‚ÅoÈ,https://news.yahoo.co.jp/articles/274ae8e825335f73c93fb9bbd955f7aa8cba84e3,2023/11/10(‹à) 21:20
bazaar,Harperfs BAZAARiƒn[ƒp[ƒY ƒoƒU[j,–{“–‚É60Î ƒfƒ~Eƒ€[ƒA‚ªƒS[ƒWƒƒƒX‚ÈƒhƒŒƒX‚Å“oêAuŠÒ—ï‚Æv‚¦‚ÊƒXƒ^ƒCƒ‹v‚ª˜b‘è‚É,https://news.yahoo.co.jp/articles/7bc52fabe287a78fef060ec89b3320c9506b140f,2023/11/9(–Ø) 22:20
bazaar,Harperfs BAZAARiƒn[ƒp[ƒY ƒoƒU[j,"TWICE ƒ‚ƒ‚‚ª27Î‚ÉI@""“w—Í‚Ì‚½‚Ü‚à‚Ì"" ”üƒ{ƒfƒB‚ÅuŠ„‚ê‚½• ‹Øv‚Æu”ü‹rv‚ª‚Ü‚Ô‚µ‚¢AÅ‹­ƒtƒ@ƒbƒVƒ‡ƒ“3‘I",https://news.yahoo.co.jp/articles/b0332730d20ad720c721ea4be33dc5585f9778b6,2023/11/9(–Ø) 21:20
bazaar,Harperfs BAZAARiƒn[ƒp[ƒY ƒoƒU[j,u–ÀÊ•v‚àƒXƒ^ƒCƒŠƒbƒVƒ…‚É’…‚±‚È‚·ƒLƒƒƒTƒŠƒ“”ÜI@Œö–±‚ÅŒR‘à‚ğ–K–â,https://news.yahoo.co.jp/articles/2e299199d238f02029dc3d1b92131131758a8e0f,2023/11/9(–Ø) 20:20
bazaar,Harperfs BAZAARiƒn[ƒp[ƒY ƒoƒU[j,u¢ŠE‚ÅÅ‚àƒZƒNƒV[‚È—«v2”N˜A‘±ñˆÊ‚Ì——DAu—¬Yv‚µ‚Ä‚¢‚½‚±‚Æ‚ğ”’,https://news.yahoo.co.jp/articles/24a00867cbb9a01cbed704e5004a21d4f5e2b78e,2023/11/9(–Ø) 19:20
bazaar,Harperfs BAZAARiƒn[ƒp[ƒY ƒoƒU[j,EXILEuAKIRAv‚ÌÈ‚ÍA47Î‚ÅoYI@u‚—îoYv‚ğŒoŒ±‚µ‚½ƒZƒŒƒuƒ}ƒ}5l,https://news.yahoo.co.jp/articles/9e9b87ea79816687d2c9473caf0288c8ac86cf12,2023/11/8(…) 22:20
bazaar,Harperfs BAZAARiƒn[ƒp[ƒY ƒoƒU[j,¡”N‚ÌŠç‚Ô‚ê‚à‰Ø‚â‚©I ƒtƒ@ƒbƒVƒ‡ƒ“‚ÌÅ‘åƒCƒxƒ“ƒguCFDAƒAƒ[ƒhv‚ÅƒZƒŒƒu‚ª‚İ‚¹‚½ƒS[ƒWƒƒƒXƒ‹ƒbƒN,https://news.yahoo.co.jp/articles/6ae8a088b635a3684063689a2ed4863009c8183a,2023/11/8(…) 21:20
bazaar,Harperfs BAZAARiƒn[ƒp[ƒY ƒoƒU[j,"‚³‚·‚ªƒNƒŠƒXƒ}ƒX‚Ì—‰¤I ƒ}ƒ‰ƒCƒAEƒLƒƒƒŠ[‚ª ""‚¨‚à‚µ‚ë“®‰æ"" ‚ğ“Še‚µAƒNƒŠƒXƒ}ƒXƒ€[ƒh‚ğ·‚èã‚°",https://news.yahoo.co.jp/articles/5da8ac7a58eed766727c4aeabe373219687a1151,2023/11/8(…) 20:20
bazaar,Harperfs BAZAARiƒn[ƒp[ƒY ƒoƒU[j,‹}€‚µ‚½A‘ål‹Cƒhƒ‰ƒ}wƒtƒŒƒ“ƒYx”o—DAƒƒTƒ“ƒ[ƒ‹ƒX‚Å‘’‹V‚ÖB—Fl‚çuŠ®‘S‚É‘Å‚¿‚Ì‚ß‚³‚ê‚Ä‚¢‚év,https://news.yahoo.co.jp/articles/b154bae3b600c9e3d30d068d120ab96471577871,2023/11/8(…) 19:20
bazaar,Harperfs BAZAARiƒn[ƒp[ƒY ƒoƒU[j,"‘å•Ï‚Èu”DŠˆv‚Æu•s”D¡—Ãv‚Ì––‚ÉI 44Î‚Ìl‹CƒZƒŒƒuA""‘æ4q"" ‚ğ–³–oYI",https://news.yahoo.co.jp/articles/ce9b6a176719c076d842d63a37a3eea5d03a7fa0,2023/11/7(‰Î) 22:20
bazaar,Harperfs BAZAARiƒn[ƒp[ƒY ƒoƒU[j,"‚Ç‚ñ‚ÈˆÓ–¡‚ª‚ ‚éH@ŠCŠOƒZƒŒƒu‚Ì‚²©– ""ƒ^ƒgƒD["" 5‘I",https://news.yahoo.co.jp/articles/c7454a2f748fd268d2bab14cb2b41454a78e5bc4,2023/11/7(‰Î) 21:20
bazaar,Harperfs BAZAARiƒn[ƒp[ƒY ƒoƒU[j,"ƒLƒƒƒTƒŠƒ“”ÜAƒ}ƒEƒ“ƒeƒ“ƒoƒCƒN‚Éæ‚Á‚Äv‚í‚¸ ""––Ê‚ÌÎ‚İ"" I •v•w‚ÅƒJƒWƒ…ƒAƒ‹‚ÈuƒŠƒ“ƒNƒR[ƒfv‚à”â˜IB",https://news.yahoo.co.jp/articles/ab8ee0bc1fcb3a4f266013e3142b109e7da126a0,2023/11/7(‰Î) 20:01
bazaar,Harperfs BAZAARiƒn[ƒp[ƒY ƒoƒU[j,ƒTƒEƒi‚Í–{“–‚É‘Ì‚É‚¢‚¢H@ˆãt‚É•·‚­uƒŠƒXƒNv‚Æu³‚µ‚¢—˜—pv‚Ì‚½‚ß‚Ìƒqƒ“ƒg,https://news.yahoo.co.jp/articles/f22aa5bed4434a94528247a46d2a4426193011e3,2023/11/7(‰Î) 19:20
bazaar,Harperfs BAZAARiƒn[ƒp[ƒY ƒoƒU[j,ƒfƒŠƒP[ƒgƒ][ƒ“‚Ìƒgƒ‰ƒuƒ‹‚ÉŒ©•‘‚í‚ê‚ª‚¿...B1”Ô‚ÌŒ´ˆö‚Íu•Û¼v•s‘«‚Ì‰Â”\«‚ªI,https://news.yahoo.co.jp/articles/869c6896de9d34da9ff98ece6548d12d7f9b77c2,2023/11/6(Œ) 22:20
bazaar,Harperfs BAZAARiƒn[ƒp[ƒY ƒoƒU[j,8Œ‚Él‹CƒVƒ“ƒK[‚Æ—£¥‚µ‚½A•Ä——Di27jBŸ‚È‚é‚¨‘Šè‚ÍA—D‚µ‚»‚¤‚Èu’´ƒGƒŠ[ƒg‹M‘°v ŒğÛ‚ÌƒEƒƒT‚ª”ò‚ÑŒğ‚¤,https://news.yahoo.co.jp/articles/b3d487abae20e526f7db3afe19c429f5ac1a6bff,2023/11/6(Œ) 21:20
bazaar,Harperfs BAZAARiƒn[ƒp[ƒY ƒoƒU[j,u–„–v–Ñi–„‚à‚ê–Ñjv‚Á‚Ä–³—‚â‚è”²‚­‚ÆA‚Ç‚¤‚È‚Á‚¿‚á‚¤‚Ì...H Œ´ˆö‚â—\–h–@A³‚µ‚¢‘Îˆ‚ğ”ç•†‰Èˆã‚ª‰ğà,https://news.yahoo.co.jp/articles/84cd0ebcc49d4ed04b46af123a8867fbbd42efe0,2023/11/6(Œ) 20:20
bazaar,Harperfs BAZAARiƒn[ƒp[ƒY ƒoƒU[j,"X”NŠú—«‚Ì85“u”æ˜J‚ğŠ´‚¶‚év...B""•ÂŒoŒã"" ‚Ì©•ª‚Æ‚¤‚Ü‚­•t‚«‡‚¤‚½‚ß‚ÌA40‘ã‚©‚ç‚Æ‚é‚×‚«4‚Â‚ÌƒAƒNƒVƒ‡ƒ“",https://news.yahoo.co.jp/articles/4fc57bc2d0ec39774096a373599304c8565f6a0f,2023/11/6(Œ) 19:20
bazaar,Harperfs BAZAARiƒn[ƒp[ƒY ƒoƒU[j,ƒRƒƒ“ƒrƒAog‚Ìl‹C——DAƒZƒNƒV[‚·‚¬‚éu˜VŠá‹¾vÊ^‚ğŒöŠJ‚µ‚Äƒtƒ@ƒ“‚ªŠ½Šì,https://news.yahoo.co.jp/articles/6374fdd3893dbbfee3b204e9320df5e98895bfbd,2023/11/5(“ú) 23:45
bazaar,Harperfs BAZAARiƒn[ƒp[ƒY ƒoƒU[j,Å”N­ƒOƒ‰ƒ~[Ü‰ÌèA”w’†ˆê–Ê‚Ìu‹‘åƒ^ƒgƒD[v‚ğ”â˜IIu—‘‚«‚İ‚½‚¢v‚Æ‚Ìhç…‚È”á”»‚à,https://news.yahoo.co.jp/articles/bfc9e26fe20defa045b9390b5fea63dd067fe127,2023/11/5(“ú) 23:14
bazaar,Harperfs BAZAARiƒn[ƒp[ƒY ƒoƒU[j,"ƒfƒBƒYƒj[‘n—§100ü”N‚ğj‚Á‚ÄA74Î‚ÌƒcƒCƒbƒM[‚ª60”N‘ã‚Ì ""‰ù‚©‚µ‚ÌÊ^"" ‚ğ“Še",https://news.yahoo.co.jp/articles/bba9e359c86c677c27b7269ca2ac2d57d8455b1b,2023/11/5(“ú) 21:20
bazaar,Harperfs BAZAARiƒn[ƒp[ƒY ƒoƒU[j,"o‚ÌƒR[ƒgƒj[A""•v‚ğ‚ß‚®‚Á‚Ä"" –…ƒLƒ€EƒJ[ƒ_ƒVƒAƒ“‚Æƒoƒgƒ‹–u”­H@‰\‚Ì^‘Š‚ğ–¾‚©‚·",https://news.yahoo.co.jp/articles/27d88e4a3a1132c1cea26c4b5b114f5526378d2b,2023/11/5(“ú) 19:20
bazaar,Harperfs BAZAARiƒn[ƒp[ƒY ƒoƒU[j,"¢ŠE1‰Ò‚®ƒ‚ƒfƒ‹AƒPƒ“ƒ_ƒ‹EƒWƒFƒ“ƒi[‚ª28Î‚ÉB""”ü‚µ‚·‚¬‚é”ü‹r"" • ""Å‹­‚Ì‚­‚Ñ‚ê"" ‚ğ‹ìg‚µ‚½AƒIƒVƒƒƒŒ„•‚ğƒvƒŒƒCƒoƒbƒN",https://news.yahoo.co.jp/articles/0edd32ef21dfaa462aa6a607fe56d967e642fd36,2023/11/4(“y) 20:20
bazaar,Harperfs BAZAARiƒn[ƒp[ƒY ƒoƒU[j,"ƒJƒ~ƒ‰‰¤”ÜAƒPƒjƒA–K–â‚Å ""‚Æ‚Á‚Ä‚à‰Âˆ¤‚¢"" ƒ]ƒE‚ÌÔ‚¿‚á‚ñ‚ÉAv‚í‚¸––Ê‚ÌÎ‚İ‚Åƒ~ƒ‹ƒN‚ğ‚ ‚°‚é",https://news.yahoo.co.jp/articles/151fa431411e46e6f7f17ef0a88590fbffa258bb,2023/11/4(“y) 19:20
bazaar,Harperfs BAZAARiƒn[ƒp[ƒY ƒoƒU[j,’´”„‚ê‚Áqƒ‚ƒfƒ‹uƒPƒ“ƒ_ƒ‹EƒWƒFƒ“ƒi[v‚ÌS‚ğË~‚ß‚½A—ğ‘ãƒ{[ƒCƒtƒŒƒ“ƒh7l,https://news.yahoo.co.jp/articles/e6892003ec12cc9468fa67ea61bb8b2b14bf3665,2023/11/3(‹à) 22:20
bazaar,Harperfs BAZAARiƒn[ƒp[ƒY ƒoƒU[j,"ƒLƒƒƒTƒŠƒ“”ÜAÅV‚ÌŒö–±‚É ""’´ƒJƒWƒ…ƒAƒ‹"" ‚È“úíƒXƒ^ƒCƒ‹‚Å“oê‚µue‚µ‚İ‚â‚·‚¢ƒvƒŠƒ“ƒZƒXv‚Æ˜b‘è‚É",https://news.yahoo.co.jp/articles/b72230d9e1e6bdf4ddf615551a9a92b3d7f87632,2023/11/3(‹à) 21:20
bazaar,Harperfs BAZAARiƒn[ƒp[ƒY ƒoƒU[j,"""”ß‚µ‚¢—ğj""A–Y‚ê‚È‚¢Bƒ`ƒƒ[ƒ‹ƒY‘‰¤•ƒJƒ~ƒ‰‰¤”Üu‰ƒPƒjƒA–K–âv‚É“¥‚İ‚«‚é",https://news.yahoo.co.jp/articles/b31074000bef0c1c181ee9ee5433acb93cfc3805,2023/11/3(‹à) 20:20
bazaar,Harperfs BAZAARiƒn[ƒp[ƒY ƒoƒU[j,"ƒnƒŠƒEƒbƒh1‚Ì’–ÚƒJƒbƒvƒ‹A‚Â‚¢‚É¥–ñI@ƒnƒƒEƒBƒ“‚Ì‰¼‘•‚Å ""‚³‚è‚°‚È‚­"" w—Ö‚ğ”â˜I",https://news.yahoo.co.jp/articles/fbdc7a7486077c53cb4a3d2c1a1bf4ad8e73f498,2023/11/3(‹à) 19:20
bazaar,Harperfs BAZAARiƒn[ƒp[ƒY ƒoƒU[j,"""—\‘zŠO‚È‰¼‘•"" No.1@l‹Cƒ‚ƒfƒ‹‚ÌƒnƒCƒfƒBEƒNƒ‹ƒ€‚ªAƒS[ƒWƒƒƒX‚·‚¬‚éu¶‚«•¨v‚É‰¼‘•I",https://news.yahoo.co.jp/articles/b97f95357c6d303cede9315d8dff33a3692c4bfa,2023/11/2(–Ø) 22:20
bazaar,Harperfs BAZAARiƒn[ƒp[ƒY ƒoƒU[j,ƒJƒ~ƒ‰EƒJƒxƒ‚ÌƒnƒƒEƒBƒ“‰¼‘•‚ª‚©‚í‚¢‚·‚¬I wƒvƒŠƒeƒBEƒvƒŠƒ“ƒZƒXx‚ÌƒAƒ“EƒnƒTƒEƒFƒC‚É‚È‚è‚«‚è,https://news.yahoo.co.jp/articles/5105443f87d268f81211e5fca29f592d3bef56d2,2023/11/2(–Ø) 21:20
bazaar,Harperfs BAZAARiƒn[ƒp[ƒY ƒoƒU[j,"Œ³ƒIƒŠƒ“ƒsƒbƒN‘Iè‚ÌƒVƒƒƒ‹ƒŒ[ƒkŒö”ÜAuƒ‰ƒOƒr[ŒˆŸív‚ÅƒXƒ^ƒ“ƒh‚©‚ç—§‚¿ã‚ª‚è""”M‚¢ƒG[ƒ‹""‚ğ‚¨‚­‚é",https://news.yahoo.co.jp/articles/2546e5d129fc15981a163639998b7fbea2545353,2023/11/2(–Ø) 20:20
bazaar,Harperfs BAZAARiƒn[ƒp[ƒY ƒoƒU[j,ƒXƒgƒŒƒX‚ğŠ´‚¶‚½‚çu–Ñ•z‚É‚­‚é‚Ü‚Á‚Ä‚¨’ƒ‚ğˆù‚ßv •—×—\–h‚âA”§r‚êAƒƒ“ƒ^ƒ‹‰ü‘P‚É‚à–ğ—§‚Âu‚¨’ƒv3‘I,https://news.yahoo.co.jp/articles/245493a6b62fe0b5509bfd5a7c4219c016db3f0f,2023/11/2(–Ø) 19:20
bazaar,Harperfs BAZAARiƒn[ƒp[ƒY ƒoƒU[j,"ƒgƒbƒvƒ‚ƒfƒ‹‚ÌƒwƒCƒŠ[Eƒr[ƒo[A’·‚·‚¬‚é”ü‹r‚ğ”â˜I ""H‚Ì—q‰ïƒR[ƒf"" ‚ÅƒŒƒXƒgƒ‰ƒ“‚Ö",https://news.yahoo.co.jp/articles/d316101c00bd5bf805d0f6bca5454b0b44e48054,2023/11/1(…) 22:20
bazaar,Harperfs BAZAARiƒn[ƒp[ƒY ƒoƒU[j,‚ ‚È‚½‚É—‡‚¤A‚¨‚µ‚á‚êƒƒKƒl‚Ì‘I‚Ñ•ûBuJINS‚Ìƒvƒv‚ª‰ğàIy2023-24”NÅVz,https://news.yahoo.co.jp/articles/c00e22940d5ed9b54c0530a9ae7eadfcc0e17dd8,2023/11/1(…) 21:20
bazaar,Harperfs BAZAARiƒn[ƒp[ƒY ƒoƒU[j,"uáì‚è‚µ‚Ä‚¢‚évu”N‘Š‰‚Ì•‘•‚ğ‚µ‚Ä‚¢‚È‚¢v‚Æ”á”»‚ğ‚¤‚¯‚½A82Î‚Ìƒ}[ƒTEƒXƒ`ƒ…ƒ[ƒg‚ª ""‰s‚­”½Œ‚"" I",https://news.yahoo.co.jp/articles/dfca9ad310a7989da25e37dd70d9b45a2d6f6cb6,2023/11/1(…) 20:20
bazaar,Harperfs BAZAARiƒn[ƒp[ƒY ƒoƒU[j,‘å——DƒWƒFƒjƒtƒ@[Eƒ[ƒŒƒ“ƒXAƒxƒr[ƒJ[‚ğ‰Ÿ‚µ‚Ä‚¨U•àBu‚±‚Ç‚à‚ª¶‚Ü‚ê‚Ä¢ŠE‚ª‚Ğ‚Á‚­‚è•Ô‚Á‚½v‚Æ–¾‚©‚·,https://news.yahoo.co.jp/articles/7064f5542b40b435c17e8912abb7936a0ee0740e,2023/11/1(…) 19:20
bazaar,Harperfs BAZAARiƒn[ƒp[ƒY ƒoƒU[j,——DƒWƒFƒjƒtƒ@[EƒK[ƒi[i51jAuƒ~ƒjƒXƒJ[ƒgv‚Åˆø‚«’÷‚Ü‚Á‚½”ü‹r‚ğ”â˜II,https://news.yahoo.co.jp/articles/3073882ca24de925b30c6894a5e2ebafc9bd084d,2023/10/31(‰Î) 22:20
bazaar,Harperfs BAZAARiƒn[ƒp[ƒY ƒoƒU[j,l‹Cƒhƒ‰ƒ}wƒtƒŒƒ“ƒYx‚Ì”o—DA‹}€B54Î‚Æ‚¢‚¤á‚³‚Å‚Ì“Ë‘R‚Ì•Ê‚ê‚ÉAÕŒ‚‚Æ”ß‚µ‚İ‚Ìº‘±o,https://news.yahoo.co.jp/articles/3435ee658f59eee9e4be22afbd3c649b3ae0e3e3,2023/10/31(‰Î) 21:20
bazaar,Harperfs BAZAARiƒn[ƒp[ƒY ƒoƒU[j,"”ü‚µ‚«–¢—ˆ‚ÌƒXƒyƒCƒ“—‰¤‚ª18Î‚É@""“Vg""‚·‚¬‚é—c­Šú‚©‚çŒ»İ‚Ü‚Å‚ğ‚Ó‚è•Ô‚è",https://news.yahoo.co.jp/articles/9cbdaf8d05021d68b6ed4c91541ddc719299f528,2023/10/31(‰Î) 20:20
bazaar,Harperfs BAZAARiƒn[ƒp[ƒY ƒoƒU[j,"‚±‚ÌHAŠCŠOƒZƒŒƒu‚½‚¿‚ª›‚ê‚±‚ŞuMiu Miuv‚ÌVìƒVƒ…[ƒY‚ª ""‰Âˆ¤‚·‚¬‚éI"" ‚Æ‘ål‹C",https://news.yahoo.co.jp/articles/f9a57a5fe3c36420946ba1628c8b428eef0cbb07,2023/10/31(‰Î) 19:20
bazaar,Harperfs BAZAARiƒn[ƒp[ƒY ƒoƒU[j,ƒnƒƒEƒBƒ“‚ÅŠCŠOƒZƒŒƒu‚ªu“ú–{‚ÌƒLƒƒƒ‰ƒNƒ^[v‚É‚È‚è‚«‚Á‚½A‰Âˆ¤‚·‚¬‚é‰¼‘•3˜A”­,https://news.yahoo.co.jp/articles/b2337622f39372dfbc1b00a73653d422fd07b51e,2023/10/30(Œ) 22:20
bazaar,Harperfs BAZAARiƒn[ƒp[ƒY ƒoƒU[j,‘OÈ‚É‚»‚Á‚­‚è...H ƒJƒjƒGEƒEƒFƒXƒg‚ÌuVÈv‚ª‚İ‚¹‚ég‚Ù‚Ú—‡hƒtƒ@ƒbƒVƒ‡ƒ“‚É¢ŠE‚à‹Áœ±,https://news.yahoo.co.jp/articles/7ce34abcb802ed300907f9736e8c7c25fb780385,2023/10/30(Œ) 21:20
bazaar,Harperfs BAZAARiƒn[ƒp[ƒY ƒoƒU[j,ƒJƒCƒŠ[EƒWƒFƒ“ƒi[A•t‚«‡‚¤’j«‚ª•Ï‚í‚Á‚Äu’´ƒCƒƒ`ƒFƒ“v@ÅVƒtƒ@ƒbƒVƒ‡ƒ“5‘I,https://news.yahoo.co.jp/articles/c65fa7e3a63030c9f4deafa7dca03efc7419acda,2023/10/30(Œ) 20:20
bazaar,Harperfs BAZAARiƒn[ƒp[ƒY ƒoƒU[j,"‚È‚ºH ƒLƒƒƒTƒŠƒ“”ÜuŠ®‘Sƒvƒ‰ƒCƒx[ƒg‚ÅvÌ‚Ìv‚¢o‚ª‹l‚Ü‚Á‚½ ""•êZ"" ‚ğ–K‚ê‚é",https://news.yahoo.co.jp/articles/2310796d25638c18cc56b5d67aa7c372a588608f,2023/10/30(Œ) 19:20
bazaar,Harperfs BAZAARiƒn[ƒp[ƒY ƒoƒU[j,‚¨‚»‚ë‚¢H ‚½‚Ü‚½‚ÜH ƒwƒ“ƒŠ[‰¤q•ƒEƒBƒŠƒAƒ€c‘¾q‚ªA“¯ƒuƒ‰ƒ“ƒh‚ÌƒTƒ“ƒOƒ‰ƒX‚ğ’…—p‚µ˜b‘è‚É,https://news.yahoo.co.jp/articles/51faccda45fe045f5b95f7c369b652167009ebe9,2023/10/29(“ú) 22:20
bazaar,Harperfs BAZAARiƒn[ƒp[ƒY ƒoƒU[j,"—H—ì‚ª‚Å‚é ƒEƒBƒŠƒAƒ€c‘¾q•vÈA""ƒS[ƒXƒgƒnƒEƒX"" ‚Å‰Æ‘°‚Æ‰ß‚²‚µu‚©‚¯‚ª‚¦‚Ì‚È‚¢ŠÔv",https://news.yahoo.co.jp/articles/d020a66f5d43b2b3be38c2d33b520a3c386cf652,2023/10/29(“ú) 21:20
bazaar,Harperfs BAZAARiƒn[ƒp[ƒY ƒoƒU[j,ƒJƒCƒŠ[EƒWƒFƒ“ƒi[A Vƒuƒ‰ƒ“ƒhuKHYiƒJƒCjv‚ğ”­•\I@‚Â‚¢‚Éƒtƒ@ƒbƒVƒ‡ƒ“ƒfƒUƒCƒi[‹Æ‚É’§í,https://news.yahoo.co.jp/articles/49336960198e16ccd6f49b8c5ac78f14bf02583d,2023/10/29(“ú) 20:20
bazaar,Harperfs BAZAARiƒn[ƒp[ƒY ƒoƒU[j,"u‚³‚Â‚Ü‚¢‚àv‚Æu‚©‚Ú‚¿‚áv‚Í ""Ï‹É“I‚ÉH‚×‚Ä‚¢‚¢"" “V‘RƒXƒC[ƒcH ‘¾‚ç‚È‚¢‚Á‚Ä–{“–H ŠÇ—‰h—{m‚ªƒAƒ“ƒT[",https://news.yahoo.co.jp/articles/c9aa3fabfaa0233b5d8fb3b4f8e4a5bc0f293e54,2023/10/29(“ú) 19:20
bazaar,Harperfs BAZAARiƒn[ƒp[ƒY ƒoƒU[j,ƒOƒŒ[ƒXEƒPƒŠ[‚Ì‘·‚¾‚¯‚ÇAƒAƒ‹ƒx[ƒ‹2¢‘åŒö‚Ìu¥ŠOqv...B•¡G‚Èó‹µ‚É—§‚Â‘§q‚ªA‰ƒCƒ“ƒ^ƒrƒ…[‚ÅS‹«‚ğ–¾‚©‚·,https://news.yahoo.co.jp/articles/066c839c6d57cecb664eb97b71d46258baead603,2023/10/28(“y) 22:20
bazaar,Harperfs BAZAARiƒn[ƒp[ƒY ƒoƒU[j,"uç^‚ª‚Å‚«‚È‚¢ev‚É”±‹àI ‚ ‚éƒŒƒXƒgƒ‰ƒ“‚Ì ""‹Á‚«‚Ìƒ‹[ƒ‹"" ‚ª”g–ä‚ğŒÄ‚Ô",https://news.yahoo.co.jp/articles/245427c832880da43ae5a5912cf56b62427a2c76,2023/10/28(“y) 21:20
bazaar,Harperfs BAZAARiƒn[ƒp[ƒY ƒoƒU[j,À—p“I&‚©‚í‚¢‚¢IuƒVƒ‡[ƒgƒlƒCƒ‹v‚Ì‚¨‚·‚·‚ßƒfƒUƒCƒ“5‘I,https://news.yahoo.co.jp/articles/49a31c304e03081d2cf6dd1e5d24e5e6bf2e67eb,2023/10/28(“y) 20:20
bazaar,Harperfs BAZAARiƒn[ƒp[ƒY ƒoƒU[j,¬¼Ø“ŞA‘å‘òLˆê‚ª“oêIuƒWƒFƒ“ƒgƒ‹ƒ‚ƒ“ƒXƒ^[v‚ÌÅVƒLƒƒƒ“ƒy[ƒ“‚ª’–Ú,https://news.yahoo.co.jp/articles/f56dec30b8237531886eb6c680255a0682eda9ab,2023/10/28(“y) 19:20
bazaar,Harperfs BAZAARiƒn[ƒp[ƒY ƒoƒU[j,"l‹Cƒ‚ƒfƒ‹A‰ß‹‚ÌŒ³ƒJƒŒ‚ª ""©•ª‚æ‚è‚àá‚¢"" ƒX[ƒp[ƒ‚ƒfƒ‹‚Æ^Œ•ŒğÛ‚µ‚Ä‚¢‚éó‹µ‚ÉuŠğ‚µ‚­‚È‚¢v",https://news.yahoo.co.jp/articles/985a0486f4ae250b4ca2af25e26d4d2a04249b0c,2023/10/27(‹à) 22:20
bazaar,Harperfs BAZAARiƒn[ƒp[ƒY ƒoƒU[j,"‰ÌèƒPƒCƒeƒBEƒyƒŠ[A39Î‚ÉI Šï”²‚·‚¬‚Ä ""‹L‰¯‚É‚Ü‚ê‚½"" —ğ‘ãˆß‘•5‘I‚ğ‚Ó‚è•Ô‚è",https://news.yahoo.co.jp/articles/aac815290f1a064f2dad61cbefb5717928a8e8a7,2023/10/27(‹à) 21:20
bazaar,Harperfs BAZAARiƒn[ƒp[ƒY ƒoƒU[j,"""•v‚Æ‚Ì•s’‡"" ‚ª‰\‚³‚ê‚éƒ‚ƒiƒR‚ÌƒVƒƒƒ‹ƒŒ[ƒkŒö”ÜA”ü‚µ‚·‚¬‚é‰‰‡ƒXƒ^ƒCƒ‹‚Åƒ‰ƒOƒr[W”t‚ğŠÏí",https://news.yahoo.co.jp/articles/3b642191fc6cbac2e3a9f755d0a397c1a188ddc6,2023/10/27(‹à) 20:20
bazaar,Harperfs BAZAARiƒn[ƒp[ƒY ƒoƒU[j,"l‹Cƒ‚ƒfƒ‹‚ÌƒwƒCƒŠ[Eƒr[ƒo[AS‚È‚¢u”DPv‚Ì‰\‚É‚Â‚¢‚ÄŒ¾‹yB""‚±‚Ç‚à‚ğ‚Â‚±‚Æ""‚Ö‚Ì—¦’¼‚ÈˆÓŒ©‚à–¾‚©‚·",https://news.yahoo.co.jp/articles/acb8857dbcbc63700b25964d6c76083742c0f8e1,2023/10/26(–Ø) 22:20
bazaar,Harperfs BAZAARiƒn[ƒp[ƒY ƒoƒU[j,"""ƒ`[ƒ€Eƒ[ƒKƒ“"" ‚Æ‚µ‚Ä‰‰‡ l‹C‰ÌèAƒ[ƒKƒ“”Ü‚Íu‰¤‘°‚É‚È‚é‘O‚©‚ç‹C‚‚¢l‚¾‚Á‚½v‚ÆÌ^",https://news.yahoo.co.jp/articles/00ebfe040a14d2654bd5e7b7db1b3d1ff5ce069a,2023/10/26(–Ø) 21:20
bazaar,Harperfs BAZAARiƒn[ƒp[ƒY ƒoƒU[j,uƒJ[ƒfƒBƒKƒ“v‚Í g‘f”§‚Éd‚Ë‚éh‚Ì‚ª¡”N—¬I Ql‚É‚µ‚½‚¢Å{ƒR[ƒf4‘I,https://news.yahoo.co.jp/articles/661bd8528395e7ef3a12f9b1f49b911f64a228d6,2023/10/26(–Ø) 20:20
bazaar,Harperfs BAZAARiƒn[ƒp[ƒY ƒoƒU[j,‹¾‚ğŒ©‚Ä‚Í‹C‚É‚È‚éu‚Û‚Â‚Û‚Â•‚¢–ÑŒŠvA‰ü‘Pô‚ğ”ç•†‰Èˆã‚ª“`ö,https://news.yahoo.co.jp/articles/f03c94ba0d005cf5f1aea3b2ad39da26dbad4ee6,2023/10/26(–Ø) 19:20
bazaar,Harperfs BAZAARiƒn[ƒp[ƒY ƒoƒU[j,‘O”¯‚ğì‚Á‚Ä”hè‚ÉƒCƒƒ`ƒFƒ“H ƒŒƒfƒB[EƒKƒKA‰pl‹CƒƒbƒNƒoƒ“ƒh‚ÆƒTƒvƒ‰ƒCƒYƒRƒ‰ƒ{‚ğ‰Ê‚½‚µAŠÏ‹q‚ğ•¦‚©‚¹‚é,https://news.yahoo.co.jp/articles/9ee7319edb2cee4e071e1885f644d2b127acb33a,2023/10/25(…) 22:20
bazaar,Harperfs BAZAARiƒn[ƒp[ƒY ƒoƒU[j,‘å——DƒƒŠƒ‹EƒXƒgƒŠ[ƒvA”——Í–“_‚Ìƒuƒ‰ƒbƒNƒX[ƒc‚ÅA–¢—ˆ‚ÌƒXƒyƒCƒ“—‰¤‚Æ‘Î–Ê,https://news.yahoo.co.jp/articles/5e59090cf13da9f7a81ae8d52f0885728a5a7674,2023/10/25(…) 21:20
bazaar,Harperfs BAZAARiƒn[ƒp[ƒY ƒoƒU[j,"Œ³""¢ŠE1‚Ì”ü—""ƒvƒŠƒ„ƒ“ƒJ[Eƒ`ƒ‡[ƒvƒ‰[A‚Ü‚Î‚ä‚¢ƒƒ“ƒVƒ‡ƒ‹ƒ_[ƒhƒŒƒX‚ÅAüˆÍ‚ğ–£—¹",https://news.yahoo.co.jp/articles/e8b32a170b403810d44069e045a5466959ef0909,2023/10/25(…) 20:20
bazaar,Harperfs BAZAARiƒn[ƒp[ƒY ƒoƒU[j,"""õ–½‚ª’·‚¢l‚½‚¿"" ‚É‹¤’Ê‚·‚éuƒuƒ‹[ƒ][ƒ“Eƒ_ƒCƒGƒbƒgvB‹»–¡[‚¢•û–@‚âAƒƒŠƒbƒg‚ğ[–x‚è",https://news.yahoo.co.jp/articles/e74bc49bd3fe4713779bfa1f3978b44ab5c91e1e,2023/10/25(…) 19:20
bazaar,Harperfs BAZAARiƒn[ƒp[ƒY ƒoƒU[j,ƒeƒCƒ‰[EƒXƒEƒBƒtƒg‚ç‹‰ØƒZƒŒƒu‚ªA‹vX‚Ì—q‰ï‚Éu‚¨õiv‚ğƒ`ƒ‡ƒCƒXI,https://news.yahoo.co.jp/articles/ce2b10dc61ee0ad7ce49a71410c7284f494087da,2023/10/24(‰Î) 22:20
bazaar,Harperfs BAZAARiƒn[ƒp[ƒY ƒoƒU[j,ƒJƒCƒŠ[EƒWƒFƒ“ƒi[A”ü‚µ‚¢ƒfƒRƒ‹ƒe‚ğ‚ ‚ç‚í‚É‚µ‚½ƒxƒAƒgƒbƒvƒhƒŒƒX‚ÅAo‚Ì’a¶“úƒp[ƒeƒB‚É“oê,https://news.yahoo.co.jp/articles/9b3412d6c9fdf24cc09c83a7489fcad8ed2da098,2023/10/24(‰Î) 21:20
bazaar,Harperfs BAZAARiƒn[ƒp[ƒY ƒoƒU[j,"ƒLƒ€EƒJ[ƒ_ƒVƒAƒ“A ""’´–Ú—§‚Â"" ^‚ÁÔ‚Èƒ{ƒfƒBƒRƒ“ƒhƒŒƒX‚Å43Î‚Ì’a¶“ú‚ğ‚¨j‚¢",https://news.yahoo.co.jp/articles/30e2003832c3d954ebd5090aefa8058726862548,2023/10/24(‰Î) 20:20
bazaar,Harperfs BAZAARiƒn[ƒp[ƒY ƒoƒU[j,‚¢‚¿‚²•@‚âƒNƒŒ[ƒ^[”§‚É‚È‚é‚Ì‚Í‚È‚ºHu–ÑŒŠ‚ÌŠJ‚«v‚ÌŒ´ˆö‚âuŠÔˆá‚Á‚½ƒXƒLƒ“ƒPƒAKŠµv‚ğ”ç•†‰Èˆã‚ª–¾‚©‚·,https://news.yahoo.co.jp/articles/74a13d608345bbf4d533f1088f361df4551e5af7,2023/10/24(‰Î) 19:20
bazaar,Harperfs BAZAARiƒn[ƒp[ƒY ƒoƒU[j,‚È‚ñ‚Ä‘f“G‚Èƒ†[ƒ‚ƒA ƒfƒ“ƒ}[ƒN‰¤º‚Ìƒp[ƒeƒB[Œã‚Éu•Ğ•û‚¾‚¯c‚³‚ê‚½ƒq[ƒ‹ƒVƒ…[ƒYv‚ªŒ©‚Â‚©‚é,https://news.yahoo.co.jp/articles/94c7bf7ad18841b553ca02a083b57dadafad5790,2023/10/23(Œ) 22:20
bazaar,Harperfs BAZAARiƒn[ƒp[ƒY ƒoƒU[j,"¢ŠE1ƒtƒ@ƒ“‚Ì‘½‚¢uƒCƒ“ƒXƒgƒ‰ƒNƒ^[v 66Î‚ÌƒfƒjƒXEƒI[ƒXƒeƒBƒ“‚ª ""ƒnƒCƒŒƒO…’…"" ‚Åˆø‚«’÷‚Ü‚Á‚½”ü‹r‚ğ”â˜II",https://news.yahoo.co.jp/articles/26bd13d7830d81d4bb69cd26561db0890dbfa573,2023/10/23(Œ) 21:20
bazaar,Harperfs BAZAARiƒn[ƒp[ƒY ƒoƒU[j,wƒnƒ“ƒK[EƒQ[ƒ€x‚Å‚¨“éõ‚İ‚Ìl‹C——DA‘å’_‚ÈuŒ¨o‚µvƒjƒbƒg‚ÅA•v‚ÆH‚Ì–éU•à,https://news.yahoo.co.jp/articles/e860ba42e7f7d7e525aa9e55d45c42e6631324bd,2023/10/23(Œ) 20:20
bazaar,Harperfs BAZAARiƒn[ƒp[ƒY ƒoƒU[j,"71Î‚Åu“û‚ª‚ñv‚Æf’f‚³‚ê•‚µ‚½—«B¡—Ã’†‚É‹N‚«‚½ ""l¶ŠÏ‚ğ•Ï‚¦‚½"" ˆê–‹‚É‚Â‚¢‚Ä–¾‚©‚·",https://news.yahoo.co.jp/articles/94a00db8df4df09e885f467f872e91ab87a4757f,2023/10/23(Œ) 19:20
bazaar,Harperfs BAZAARiƒn[ƒp[ƒY ƒoƒU[j,Œ‹‹Çu–¬‚ ‚èv‚ÌƒTƒCƒ“‚Á‚Ä‚È‚É ê–å‰Æ‚ª‹³‚¦‚éA3‚Â‚Ìu–¬ƒAƒŠvƒVƒOƒiƒ‹,https://news.yahoo.co.jp/articles/bdd8bec87b410b68355a77471759c468fa732311,2023/10/22(“ú) 22:20
bazaar,Harperfs BAZAARiƒn[ƒp[ƒY ƒoƒU[j,"ƒAƒƒŠƒJ‚Ì""‚¨‘›‚ª‚¹ƒZƒŒƒu""AƒLƒ€EƒJ[ƒ_ƒVƒAƒ“‚ª43Î‚ÉIƒXƒ^ƒCƒ‹‚Ì—ğj‚ğƒvƒŒƒCƒoƒbƒN",https://news.yahoo.co.jp/articles/09efda18a8cdf7842999c3da70a70a30afec7a0d,2023/10/22(“ú) 21:20
bazaar,Harperfs BAZAARiƒn[ƒp[ƒY ƒoƒU[j,•‚ªƒYƒ‹ƒYƒ‹‚·‚¬‚é ‘ål‹Cƒ‚ƒfƒ‹A‰ß‹ƒCƒ`uƒI[ƒo[ƒTƒCƒYv‚È•‚ÅŠOo,https://news.yahoo.co.jp/articles/4776aa7ed6488ca15007cb6660f1471404ab1d3a,2023/10/22(“ú) 20:20
bazaar,Harperfs BAZAARiƒn[ƒp[ƒY ƒoƒU[j,"ƒtƒ‰ƒ“ƒX‰f‰æŠE‚Ì—‰¤AƒJƒgƒŠ[ƒkEƒhƒk[ƒ”‚Ì ""l¶‚Å1“x‚ÍŠÏ‚Ä‚¨‚«‚½‚¢"" –¼ì5‘I",https://news.yahoo.co.jp/articles/8373afa0d35fa1ec7ea09183c0a5998d05450974,2023/10/22(“ú) 19:20
bazaar,Harperfs BAZAARiƒn[ƒp[ƒY ƒoƒU[j,jãÅ‚—î‚Å…’…ƒJƒo[‚ğü‚Á‚½82Î‚Ì—¿—Œ¤‹†‰ÆAŸ‚ÍƒZƒNƒV[‚Èƒƒ“ƒOƒhƒŒƒX‚É’§íBƒXƒŠƒbƒg‚©‚çŒÖ‚ç‚µ‚°‚É”ü‹r‚ğ”â˜I,https://news.yahoo.co.jp/articles/a31c55961dee77b1043888a0a0c8a068a451002d,2023/10/21(“y) 22:20
bazaar,Harperfs BAZAARiƒn[ƒp[ƒY ƒoƒU[j,"ƒCƒMƒŠƒX‚ÌƒWƒ‡[ƒW‰¤qA–¼–åZ‚ÌóŒ±‘O‚É‰Æ‘°‚Å ""v‚¢oì‚è""I ƒtƒ‰ƒ“ƒX‚Åƒ‰ƒOƒr[W”t‚ğŠÏí",https://news.yahoo.co.jp/articles/14d56471994a7fed20b2d9d858bb8ba27859ed2d,2023/10/21(“y) 21:20
bazaar,Harperfs BAZAARiƒn[ƒp[ƒY ƒoƒU[j,ŠCŠOƒZƒŒƒuƒtƒ@ƒ“•KŒ©Iy2024”NƒAƒJƒfƒ~[Üz‚Â‚¢‚Ä‚í‚©‚Á‚Ä‚¢‚é‚±‚ÆB•ú‘—“úAŒó•âì•iAi‰ïÒetc...,https://news.yahoo.co.jp/articles/af0c934c09e3fa32cc4d3aaf8a3b32243d8a9fe4,2023/10/21(“y) 20:20
bazaar,Harperfs BAZAARiƒn[ƒp[ƒY ƒoƒU[j,Å‹ß‚È‚º‚©”§‚ªu‚©‚ä‚¢vH ê–å‰Æ‚ª‚©‚ä‚İ‚ÌŒ´ˆö‚ğA•”ˆÊ•Ê‚É‰ğà,https://news.yahoo.co.jp/articles/e28e39be20c608c5b18bc2882706471041d22790,2023/10/21(“y) 19:20
bazaar,Harperfs BAZAARiƒn[ƒp[ƒY ƒoƒU[j,"""ƒ_ƒCƒiƒ}ƒCƒgƒ{ƒfƒB"" ‚Åƒtƒ@ƒ“‚ğ–£—¹‚·‚éƒLƒ€EƒJ[ƒ_ƒVƒAƒ“Au‘ål‚ÌF‹C•Y‚¤vƒsƒ“ƒNƒhƒŒƒXp‚ğ”â˜I",https://news.yahoo.co.jp/articles/11a73abeeb9f26f2273d8bd884a71afe98808e86,2023/10/20(‹à) 22:20
bazaar,Harperfs BAZAARiƒn[ƒp[ƒY ƒoƒU[j,”üK‚Å˜b‘è‚É‚È‚Á‚½uƒLƒƒƒTƒŠƒ“”Ü‚Ì–…v‚ªl‹Cƒhƒ‰ƒ}wƒUEƒNƒ‰ƒEƒ“x‚É“oêI ‰‰‚¶‚é‚Ì‚ÍA19Î‚Ì–³–¼”o—D,https://news.yahoo.co.jp/articles/c496d21e9ae9d89b25492a66907c9e00deb028cf,2023/10/20(‹à) 21:20
bazaar,Harperfs BAZAARiƒn[ƒp[ƒY ƒoƒU[j,“ìƒAƒtƒŠƒJ‚ª¶‚ñ‚¾A“VgIu10‰­l‚Éˆêl‚ÌˆíŞv‚ÆŒÄ‚Î‚ê‚½‘ål‹Cƒ‚ƒfƒ‹‚ª35Î‚É,https://news.yahoo.co.jp/articles/49343124534689c51087e97e1dc212e536bc5ba8,2023/10/20(‹à) 20:21
bazaar,Harperfs BAZAARiƒn[ƒp[ƒY ƒoƒU[j,”¯‚Ì”Y‚İA’ú‚ß‚È‚¢‚ÅI ¡“ú‚©‚çu”ü”¯v‚ğì‚é‚½‚ß‚ÉH‚×‚½‚¢A5‚Â‚ÌH•i,https://news.yahoo.co.jp/articles/3a877249d42f6c86a626f8a3d05d36c161765135,2023/10/20(‹à) 19:21
bazaar,Harperfs BAZAARiƒn[ƒp[ƒY ƒoƒU[j,ƒwƒ“ƒŠ[‰¤q•ƒ[ƒKƒ“”ÜAƒZƒŒƒuŒä—p’B‚Ì“‡‚Å—D‰ë‚ÈƒoƒJƒ“ƒX‚ğ‰ß‚²‚·,https://news.yahoo.co.jp/articles/8f904232b750c5c833be4d9b99a255cac14d9524,2023/10/19(–Ø) 22:20
bazaar,Harperfs BAZAARiƒn[ƒp[ƒY ƒoƒU[j,‚Ù‚Ú•ö‰ó‚µ‚Ä‚¢‚½u•v•wŠÖŒWv‚ğAÄ\’z‚³‚¹‚Ä‚­‚ê‚½ƒEƒBƒ‹EƒXƒ~ƒX‚Ìuƒrƒ“ƒ^–Œv‚É‚Â‚¢‚ÄAÈ‚ª–¾‚©‚·,https://news.yahoo.co.jp/articles/6bce4be55150bb5b3844e7545021d53ca8d7ba2c,2023/10/19(–Ø) 21:20
bazaar,Harperfs BAZAARiƒn[ƒp[ƒY ƒoƒU[j,l‹CƒXƒ^ƒCƒŠƒXƒg‚½‚¿‚ª–¾‚©‚·Auƒ}ƒmƒ ƒuƒ‰ƒjƒNv‚ªA‚±‚±‚Ü‚ÅƒZƒŒƒu‚Éˆ¤‚³‚ê‚é——R,https://news.yahoo.co.jp/articles/547905eed34442e9140b5b7347c6db2283a45e54,2023/10/19(–Ø) 20:20
bazaar,Harperfs BAZAARiƒn[ƒp[ƒY ƒoƒU[j,"u“~‚ÌŠ£‘‡vA”õ‚¦‚ÍOKH@”ç•†‰Èˆã‚ª‰ğà‚·‚éA""“~”§"" ‚É‚Â‚¢‚Ä’m‚Á‚Ä‚¨‚­‚×‚«‚±‚Æ6‘I",https://news.yahoo.co.jp/articles/8bc2abd54cf19b9b38f014b8315cbdb62db683b7,2023/10/19(–Ø) 19:20
bazaar,Harperfs BAZAARiƒn[ƒp[ƒY ƒoƒU[j,"ƒX[ƒp[ƒ‚ƒfƒ‹‚ÌƒWƒ[ƒ‹Eƒuƒ“ƒ`ƒFƒ“A43Î‚Æv‚¦‚Ê ""–£—Í“I‚È• ‹Ø"" ‚ğ”â˜I",https://news.yahoo.co.jp/articles/b2a4ccd90de6a4d4eeb1b3c79d453b05bc0c86e4,2023/10/18(…) 22:20
bazaar,Harperfs BAZAARiƒn[ƒp[ƒY ƒoƒU[j,ƒ[ƒKƒ“”ÜAu•êe‚Å‚ ‚é‚±‚Æv‚Æuƒwƒ“ƒŠ[‰¤q‚ÌÈ‚Å‚ ‚é‚±‚Æv‚ªl¶‚ÅÅ‚àd—v‚Æ”­Œ¾,https://news.yahoo.co.jp/articles/4036377c74b4801a88073fecef51b7713177cc99,2023/10/18(…) 21:20
bazaar,Harperfs BAZAARiƒn[ƒp[ƒY ƒoƒU[j,‚±‚ñ‚È”ü‚µ‚¢•ê–ºA‚¤‚ç‚â‚Ü‚µ‚¢@Œ³ l‹CƒhƒCƒclƒ‚ƒfƒ‹A50Î‚Æv‚¦‚ÊŒ©–‚ÈƒXƒ^ƒCƒ‹‚ğ”â˜I,https://news.yahoo.co.jp/articles/78fb0561f2124a3028f7572a7bea56255cdcd296,2023/10/18(…) 20:20
bazaar,Harperfs BAZAARiƒn[ƒp[ƒY ƒoƒU[j,ƒLƒƒƒTƒŠƒ“”ÜA‚ß‚¸‚ç‚µ‚­uƒfƒjƒ€ƒXƒ^ƒCƒ‹v‚ÅAƒJƒWƒ…ƒAƒ‹‚É“oê,https://news.yahoo.co.jp/articles/a96906a0929ef0fc29bae8d545d5a5e31773d4b8,2023/10/18(…) 19:20
bazaar,Harperfs BAZAARiƒn[ƒp[ƒY ƒoƒU[j,ƒEƒBƒŠƒAƒ€c‘¾q‚ª–¾‚©‚·u‚æ‚­g‚¤ŠG•¶šv‚ªAˆÓ–¡[‚·‚¬‚é‚Æ˜b‘è‚É...I,https://news.yahoo.co.jp/articles/f5b647e0ef1e3d0b20100b66e8a295deef0237ea,2023/10/17(‰Î) 20:20
bazaar,Harperfs BAZAARiƒn[ƒp[ƒY ƒoƒU[j,–é‚Ì’Y…‰»•¨‚Á‚ÄA–{“–‚É‚æ‚­‚È‚¢H‹Ø“÷ì‚è‚½‚ñ‚Ï‚­¿‚Á‚Ä‚Ù‚ñ‚ÆHuŒ»‘ã‚Å‚æ‚­•·‚­–ÀMv‚ğAê–å‰Æ‚ªŒŸØ,https://news.yahoo.co.jp/articles/046251ef276a32ae66a70676b21bdd23fcf3bb67,2023/10/17(‰Î) 19:20
bazaar,Harperfs BAZAARiƒn[ƒp[ƒY ƒoƒU[j,ƒLƒƒƒTƒŠƒ“”ÜA‚¨‹C‚É“ü‚è‚ÌuZARAv‚ÌƒWƒƒƒPƒbƒg‚ÅAƒ‰ƒOƒr[ŠÏí‚Ö,https://news.yahoo.co.jp/articles/f82e6389f5abe24a7b3d8e15496d8667b3d62e4e,2023/10/16(Œ) 22:20
bazaar,Harperfs BAZAARiƒn[ƒp[ƒY ƒoƒU[j,–¢—ˆ‚ÌƒCƒMƒŠƒX‘‰¤AƒEƒBƒŠƒAƒ€c‘¾q‚ªu©g‚Ìƒƒ“ƒ^ƒ‹v‚ğŒ’N‚É•Û‚Â‚½‚ß‚ÌƒRƒc‚ğƒVƒFƒA,https://news.yahoo.co.jp/articles/ffccb1ee80946931715d1fa7f4a0d7710d159581,2023/10/16(Œ) 21:20
bazaar,Harperfs BAZAARiƒn[ƒp[ƒY ƒoƒU[j,ƒWƒƒƒXƒeƒBƒ“Eƒr[ƒo[AÈ‚Æ2l‚Åu’©Hƒf[ƒgvB‘u‚â‚©‚ÈƒJƒWƒ…ƒAƒ‹ƒR[ƒf‚ğ”â˜I,https://news.yahoo.co.jp/articles/f1bd00e3b9af7691d59b05d791a22b500e72b86d,2023/10/16(Œ) 20:20
bazaar,Harperfs BAZAARiƒn[ƒp[ƒY ƒoƒU[j,"X”NŠú‚Ì ""‚Ì‚Ú‚¹"" ‚â ""‚Ù‚Ä‚è"" AuƒAƒ‹ƒcƒnƒCƒ}[•av‚ÌƒŠƒXƒNã¸‚ÉŠÖŒWƒAƒŠ‚Æ”»–¾",https://news.yahoo.co.jp/articles/2ae0cfe65fba50c535fd1579d5f51e10424d453f,2023/10/16(Œ) 19:20
bazaar,Harperfs BAZAARiƒn[ƒp[ƒY ƒoƒU[j,"‘ål‹Cƒ‚ƒfƒ‹‚ğ‚¨è–{‚É ""HƒR[ƒf"" ‚Ì’Eƒ}ƒ“ƒlƒŠ‚ğI ƒgƒŒƒ“ƒhƒJƒ‰[uƒo[ƒ“ƒgEƒIƒŒƒ“ƒWvU—ª–@",https://news.yahoo.co.jp/articles/1ac9c0113ca61834416799ffc998df160ed70981,2023/10/15(“ú) 22:20
bazaar,Harperfs BAZAARiƒn[ƒp[ƒY ƒoƒU[j,"ƒJƒ~ƒ‰‰¤”ÜAwƒnƒŠƒ|ƒ^x‚âwƒI[ƒVƒƒƒ“ƒY8x‚Å‚¨“éõ‚İ‚Ì ""‘å•¨——D"" ‚ğ“@‘î‚Éµ‚«A¢ŠÔ‚ğ‹Á‚©‚¹‚é",https://news.yahoo.co.jp/articles/283378a6346d16a600026c76dfb85a9783a48e20,2023/10/15(“ú) 21:20
bazaar,Harperfs BAZAARiƒn[ƒp[ƒY ƒoƒU[j,"¢ŠE’†‚Ì ""Šæ’£‚éƒ}ƒ}‚½‚¿""‚ÖƒG[ƒ‹I l‹Cƒ^ƒŒƒ“ƒg‚ªuoYv‚Æu2l–Ú‚ğY‚Ş‚±‚Æv‚É‚Â‚¢‚ÄŒ¾‹y",https://news.yahoo.co.jp/articles/78d71690bed969c75e29c90d3e23137ccf0da3ce,2023/10/15(“ú) 20:20
bazaar,Harperfs BAZAARiƒn[ƒp[ƒY ƒoƒU[j,ƒWƒƒƒXƒeƒBƒ“•ƒwƒCƒŠ[Eƒr[ƒo[A‚¨‚µ‚á‚ê‚ÈuH‚ÌƒŠƒ“ƒNƒR[ƒfv‚Å–éƒf[ƒg‚Ö,https://news.yahoo.co.jp/articles/abd9ec881460cb3ddb314e56e217f46dd86ed114,2023/10/15(“ú) 19:20
bazaar,Harperfs BAZAARiƒn[ƒp[ƒY ƒoƒU[j,ƒnƒŠƒEƒbƒh‚Ìl‹C——DAƒOƒEƒBƒlƒXEƒpƒ‹ƒgƒƒEi51j‚ªu®Œ`v‚ğ”’I Ú×‚É‚Â‚¢‚ÄA³’¼‚ÉŒê‚é,https://news.yahoo.co.jp/articles/098e08d5e4c912123525e0696a337f2e77ea1793,2023/10/14(“y) 22:20
bazaar,Harperfs BAZAARiƒn[ƒp[ƒY ƒoƒU[j,ƒXƒyƒCƒ“‚ÌƒŒƒeƒBƒVƒA‰¤”ÜAƒOƒŠ[ƒ“‚Ìƒƒ“ƒs[ƒX‚ÅuHƒR[ƒfv‚ğ”â˜II@ü‚ç‚È‚¢”ü‚µ‚³‚ÅA‚Ü‚½‚µ‚Ä‚àƒtƒ@ƒ“‚ğ–£—¹,https://news.yahoo.co.jp/articles/ca2de32ec5e2d4cb3e6f6c288c58c787f9c3139e,2023/10/14(“y) 20:20
bazaar,Harperfs BAZAARiƒn[ƒp[ƒY ƒoƒU[j,ƒLƒƒƒTƒŠƒ“”ÜA’¿‚µ‚­ƒXƒs[ƒ`‚Å“o’dBu‚æ‚è—D‚µ‚­A•½“™‚ÈĞ‰ï‚ğì‚è‚½‚¢v‚Æ‹­‚­‘i‚¦‚é,https://news.yahoo.co.jp/articles/ad5389aa11052a085bc7cdc68232d140a03b5c42,2023/10/14(“y) 20:20
bazaar,Harperfs BAZAARiƒn[ƒp[ƒY ƒoƒU[j,”ç•†‰Èˆã‚É•·‚­Auƒ_ƒj‚ÉŠš‚Ü‚ê‚½v‚Í‚±‚¤‚·‚ê‚Î‚¢‚¢I ƒxƒXƒg‚È‘Îˆ–@,https://news.yahoo.co.jp/articles/591c165727603b51052957ad92cd256d44dad2e7,2023/10/14(“y) 19:20
bazaar,Harperfs BAZAARiƒn[ƒp[ƒY ƒoƒU[j,ƒLƒƒƒTƒŠƒ“c‘¾q”ÜAu¡“ú‚Ì–é‚²”Ñv‚É‚Â‚¢‚Ä•v•w‚Å‰ï˜b‚·‚éAƒŒƒA‚Èƒƒ“ƒV[ƒ“‚ğ‚İ‚¹‚é,https://news.yahoo.co.jp/articles/66c53cfd94d5b1aac4f8d8ab32b478509f2b8585,2023/10/13(‹à) 22:20
bazaar,Harperfs BAZAARiƒn[ƒp[ƒY ƒoƒU[j,BTSƒWƒ~ƒ“‚ª28Î‚ÉI À‚Á‚½‚ç”²‚¯o‚¹‚È‚¢ ƒWƒ~ƒ“‚ÌF‹CƒVƒ‡ƒbƒg‚ğ‚¨‚³‚ç‚¢,https://news.yahoo.co.jp/articles/42e756067edcf384a3624be43296cd966faf665e,2023/10/13(‹à) 21:20
bazaar,Harperfs BAZAARiƒn[ƒp[ƒY ƒoƒU[j,uŠç–Êƒrƒ“ƒ^–Œv‚ÌƒEƒBƒ‹EƒXƒ~ƒXAÀ‚Í7”N‘O‚©‚çÈ‚Æ•Ê‹’†‚¾‚Á‚½‚±‚Æ‚ª”­Šo,https://news.yahoo.co.jp/articles/379371f26f91eef8ea2ea768e8e39357b3690fe8,2023/10/13(‹à) 20:20
bazaar,Harperfs BAZAARiƒn[ƒp[ƒY ƒoƒU[j,“úX–Z‚µ‚¢AŠCŒR‚ÌƒXƒ^ƒbƒt‚ª–¾‚©‚·u‚½‚Á‚½2•ª‚Å–°‚è‚É‚Â‚¯‚évƒRƒc,https://news.yahoo.co.jp/articles/fe4fc575243a45c0c0a4ba14fbfca87d00409900,2023/10/13(‹à) 19:20
bazaar,Harperfs BAZAARiƒn[ƒp[ƒY ƒoƒU[j,ƒ[ƒKƒ“”ÜA1l‚Ì•ê‚Æ‚µ‚ÄuSNS‘ã‚Éqˆç‚Äv‚ğ‚·‚é‚±‚Æ‚Ì•sˆÀ‚âA“ï‚µ‚³‚ğ–¾‚©‚·,https://news.yahoo.co.jp/articles/abfe990b2c750f9469fb0bd05bd1aef2cc337fda,2023/10/12(–Ø) 22:20
bazaar,Harperfs BAZAARiƒn[ƒp[ƒY ƒoƒU[j,‰‰‹Z‚¾‚¯‚¶‚á‚È‚¢IÀ‚Í‰Ì‚ªãè‚ÈƒnƒŠƒEƒbƒhƒXƒ^[3l,https://news.yahoo.co.jp/articles/4bd4c3c533d1c3f41e074d432b82c63d1ea61c7c,2023/10/12(–Ø) 21:20
bazaar,Harperfs BAZAARiƒn[ƒp[ƒY ƒoƒU[j,"ƒLƒƒƒTƒŠƒ“”ÜA""©‚ç–½‚ğâ‚Á‚Ä‚µ‚Ü‚Á‚½"" 17Î‚Ì­”N‚É•ù‚°‚éu“Á•Ê‚ÈƒsƒAƒXv‚ÅAƒCƒxƒ“ƒg‚Ö",https://news.yahoo.co.jp/articles/e7c2d2f5728fdf588a1e075eb3826ab0a6df887f,2023/10/12(–Ø) 20:20
bazaar,Harperfs BAZAARiƒn[ƒp[ƒY ƒoƒU[j,u‹Ø“÷‚Æ”]‚ğ‘‹­‚·‚évƒNƒŒƒAƒ`ƒ“‚Á‚Ä‚È‚É@Å“K‚ÈÛæƒ^ƒCƒ~ƒ“ƒO‚Í‚¢‚ÂH@ê–å‰Æ‚ª‰ğà,https://news.yahoo.co.jp/articles/03572dc1a18f8c51e9200462a270af5909999059,2023/10/12(–Ø) 19:20
bazaar,Harperfs BAZAARiƒn[ƒp[ƒY ƒoƒU[j,"l‹C—«ƒ‰ƒbƒp[‚ªŒöŠJ‚µ‚½ ""‚¨‹q‚³‚ñ—pƒoƒXƒ‹[ƒ€"" ‚ÌÊ^‚ÉAuƒZƒ“ƒX‚ªˆ«‚¢vuˆÀ‚Á‚Û‚¢v‚È‚Ç^”Û—¼˜_‚Ìº",https://news.yahoo.co.jp/articles/ccfdb21e1a256046c1533cfff1f837f3871eb871,2023/10/11(…) 22:20
bazaar,Harperfs BAZAARiƒn[ƒp[ƒY ƒoƒU[j,‚±‚ñ‚ÈƒCƒPƒIƒWÅ‚@‚ ‚È‚½‚ª’m‚ç‚È‚¢Aƒqƒ…[EƒWƒƒƒbƒNƒ}ƒ“‚Ìu‚ß‚¿‚á‚ß‚¿‚áƒCƒClv—ñ“`5˜A”­,https://news.yahoo.co.jp/articles/cb5b9f7d058293adeec3fe598a3c0455ba74eba4,2023/10/11(…) 21:20
bazaar,Harperfs BAZAARiƒn[ƒp[ƒY ƒoƒU[j,’–Ú“xNo.1‚Ìu”N‚Ì·vƒJƒbƒvƒ‹‚É‚È‚é‚©‚à ƒgƒbƒvƒ‚ƒfƒ‹‚Æ‘å•¨”o—DAT––‚Ì¬—·s‚Ö,https://news.yahoo.co.jp/articles/0d9a535d7e75261e1f1dd575fbffbdaa83f063ea,2023/10/11(…) 20:20
bazaar,Harperfs BAZAARiƒn[ƒp[ƒY ƒoƒU[j,"ƒAƒƒŠƒJ‚Ìl‹C—«i‰ïÒAu¶—‚ª‚È‚¢‚Ì‚ÍA‚©‚È‚èŠy‚µ‚¢v‚Æ ""•ÂŒo‚Ìƒvƒ‰ƒX–Ê"" ‚ğ‘å’_‚É–¾‚©‚µ˜b‘è‚É",https://news.yahoo.co.jp/articles/ad96d4bf3da6a02e3df86d29f82637c3109e0b4e,2023/10/11(…) 19:21
bazaar,Harperfs BAZAARiƒn[ƒp[ƒY ƒoƒU[j,26Î‚ÌÅ{ƒnƒŠƒEƒbƒh——DA‚Ò‚½‚Á‚Æ‚µ‚½ƒZƒNƒV[‚Èƒuƒ‰ƒbƒNƒhƒŒƒX‚ÅƒŒƒXƒgƒ‰ƒ“‚Ö,https://news.yahoo.co.jp/articles/6063a8f941524010fed2de1fd4b3cfdc78f97201,2023/10/10(‰Î) 22:20
bazaar,Harperfs BAZAARiƒn[ƒp[ƒY ƒoƒU[j,wSATCx‚ÌƒLƒƒƒŠ[•—IƒTƒ‰EƒWƒFƒVƒJEƒp[ƒJ[‚ª•‚Ìƒ~ƒjƒhƒŒƒX‚Åƒp[ƒeƒB‚É“oê,https://news.yahoo.co.jp/articles/f6375ffc430375fe86e637c6488423c72f0611ee,2023/10/10(‰Î) 21:20
bazaar,Harperfs BAZAARiƒn[ƒp[ƒY ƒoƒU[j,"wƒvƒ‰ƒ_‚ğ’…‚½ˆ«–‚x‚Ì•Ä——D‚ª ""ƒ†ƒj[ƒN‚·‚¬‚é"" ƒR[ƒf‚ğ”â˜I‚µA˜b‘è‚É",https://news.yahoo.co.jp/articles/6830351c6fcd724bb4542f832a9a30242cdacfec,2023/10/10(‰Î) 20:20
bazaar,Harperfs BAZAARiƒn[ƒp[ƒY ƒoƒU[j,uk–Ñ‹¸³vA‚ª‚ñ‚ÌƒŠƒXƒN‚ğ2”{‚Éˆø‚«ã‚°‚é‚Æ”»–¾B‘å‹K–Í‚È’²¸‚ÌŒ‹‰Ê‚ª–¾‚ç‚©‚É,https://news.yahoo.co.jp/articles/02c45eab6b40773f2de8e366e5dca55d8471ab28,2023/10/10(‰Î) 19:20
bazaar,Harperfs BAZAARiƒn[ƒp[ƒY ƒoƒU[j,uˆù‚İƒQ[v‚Å‹ó`‚ª‘å¬—I ƒeƒCƒ‰[EƒXƒEƒBƒtƒg‚É‚Ü‚Â‚í‚éƒQ[ƒ€‚ÅAƒtƒ‰ƒCƒg‚ª’x‰„‚·‚é–‘Ô‚É...,https://news.yahoo.co.jp/articles/aefa35681fad71e159cebc3b5857d3fb74137e4f,2023/10/9(Œ) 21:20
bazaar,Harperfs BAZAARiƒn[ƒp[ƒY ƒoƒU[j,H–§ŒÀ‚Í‚µ‚È‚¢I ƒxƒ‰EƒnƒfƒBƒbƒh—¬”üƒ{ƒfƒB‚Ì‚Â‚­‚è‚©‚½7,https://news.yahoo.co.jp/articles/bcde17dba30ca15b167c64c9c24054dc616e602d,2023/10/9(Œ) 20:20
bazaar,Harperfs BAZAARiƒn[ƒp[ƒY ƒoƒU[j,u‹l‚ß‚İ‰ß‚¬v‚ÌƒoƒbƒO‚Í”ü‚µ‚¢I ‘½–Z‚È–ˆ“ú‚ğ¶‚«”²‚­—«‚ğƒ~ƒZƒXEƒvƒ‰ƒ_‚ªm’è,https://news.yahoo.co.jp/articles/80019829d11319672406f55816a3cd84edbbf2f8,2023/10/9(Œ) 19:20
bazaar,Harperfs BAZAARiƒn[ƒp[ƒY ƒoƒU[j,"ƒŠƒA[ƒiA—¬s’†‚Ì ""‚ ‚¦‚ÄƒYƒ{ƒ“‚ğ—š‚©‚È‚¢"" ƒtƒ@ƒbƒVƒ‡ƒ“‚ÅŠOoB—öl‚Ì’a¶“úƒfƒBƒi[‚Ö",https://news.yahoo.co.jp/articles/8468a6953b224f50b73204b6f3dcbc17d075322c,2023/10/8(“ú) 22:20
bazaar,Harperfs BAZAARiƒn[ƒp[ƒY ƒoƒU[j,[’ÃŠG—¢AìŒût“ŞA’‡—¢ˆËÑ‚àQ‰ÁI 2024”Nt‰ÄƒRƒŒƒNƒVƒ‡ƒ“‚Ìƒtƒƒ“ƒgƒ[‚ÉoÈ‚µ‚½“ú–{lƒZƒŒƒu‚½‚¿,https://news.yahoo.co.jp/articles/26b3ef3df87b0662aaea6ba04b6f68d7971efab2,2023/10/8(“ú) 21:20
bazaar,Harperfs BAZAARiƒn[ƒp[ƒY ƒoƒU[j,Å”N­ƒrƒŠƒIƒlƒAI ƒJƒCƒŠ[EƒWƒFƒ“ƒi[‚Ìˆ¤—p•i‚ªŸ‚È‚éu“üè¢“ïvƒoƒbƒO‚É‚È‚é—\Š´,https://news.yahoo.co.jp/articles/5aae0d1d4791d41128d7915d317f5edfe303ab10,2023/10/8(“ú) 19:20
bazaar,Harperfs BAZAARiƒn[ƒp[ƒY ƒoƒU[j,‚¨‘›‚ª‚¹ƒZƒŒƒu‚ÌƒLƒ€EƒJ[ƒ_ƒVƒAƒ“Av‚í‚¸“ñ“xŒ©‚Ìuƒ}ƒCƒNƒEƒuƒ‰vƒZƒ‹ƒtƒB[‚Å”üƒ{ƒfƒB‚ğŒ©‚¹‚Â‚¯‚é,https://news.yahoo.co.jp/articles/955341d0adef21d57473da4d639bbe2b9504e7a8,2023/10/7(“y) 22:20
bazaar,Harperfs BAZAARiƒn[ƒp[ƒY ƒoƒU[j,78Î‚ğŒ}‚¦‚½ƒnƒŠƒEƒbƒh‚Ì‘å——DAuÕŒ‚‚ÌƒCƒƒ`ƒFƒ“v‚ª˜b‘è‚É,https://news.yahoo.co.jp/articles/626fc2b3faf30646ed0dc0e1d8c500ce30be29f0,2023/10/7(“y) 21:20
bazaar,Harperfs BAZAARiƒn[ƒp[ƒY ƒoƒU[j,"ƒLƒƒƒTƒŠƒ“”Ü‚Í‚â‚Á‚Ï‚è ""‰^“®_Œo"" ‚ªƒsƒJƒCƒ`HuÔ‚¢‚·ƒ‰ƒOƒr[v‚É’§í‚µAv‚í‚¸ƒoƒ“ƒUƒC",https://news.yahoo.co.jp/articles/5aeb1b5bba693644086ff6d6915d09dbcd3a3a92,2023/10/7(“y) 20:20
bazaar,Harperfs BAZAARiƒn[ƒp[ƒY ƒoƒU[j,"‘ål‹Cƒ‚ƒfƒ‹‚ª30Î‚ÉI ƒS[ƒ‹ƒCƒ“‚à‰Ê‚½‚µu‡•—–”¿v‚Èƒo[ƒoƒ‰Eƒpƒ‹ƒ”ƒBƒ“‚Æ•v‚Ì ""ˆ¤‚Ì‹OÕ"" ‚ğU‚è‚©‚¦‚è",https://news.yahoo.co.jp/articles/653c0c69492d07bcf60f51d8052aa6d40b56adb7,2023/10/7(“y) 19:20
bazaar,Harperfs BAZAARiƒn[ƒp[ƒY ƒoƒU[j,56Î‚ÌŒ³‘cƒZƒNƒV[”ü—‚ªu‚·‚Á‚Ò‚ñv‚ÅƒpƒŠƒRƒŒ‚É“oê...Iu—E‹C‚ ‚é”½‹tsˆ×v‚È‚ÇA‹Á‚«‚ÌƒRƒƒ“ƒg‘±o,https://news.yahoo.co.jp/articles/2f5a84ae6753583765017ac422d4babbbd846620,2023/10/6(‹à) 22:20
bazaar,Harperfs BAZAARiƒn[ƒp[ƒY ƒoƒU[j,"54Î‚Ìˆ¤‚³‚êƒnƒŠƒEƒbƒh——DA""‰º’…&ƒWƒƒƒPƒbƒg‚¾‚¯"" ‚Ì‘å’_ƒ‹ƒbƒN‚ÅB‰e‚ÖBu–²‚ªÀŒ»‚µ‚½v‚Æ‘åŠì‚Ñ",https://news.yahoo.co.jp/articles/36ea9559c6a8a123f027af8a255fd1de908354bb,2023/10/6(‹à) 21:20
bazaar,Harperfs BAZAARiƒn[ƒp[ƒY ƒoƒU[j,ƒoƒ‰ƒNEƒIƒoƒ}Œ³•Ä‘å“—Ì•ƒ~ƒVƒFƒ‹•vl‚ªuŒ‹¥31ü”Nv‚É@‹Md‚Èƒvƒ‰ƒCƒx[ƒgÊ^‚ğŒöŠJ,https://news.yahoo.co.jp/articles/70b2a8f4db957db7a7d630ab603aab0b2713d3aa,2023/10/6(‹à) 20:21
bazaar,Harperfs BAZAARiƒn[ƒp[ƒY ƒoƒU[j,Œø‰Ê“I‚É‘Ìd‚ğ—‚Æ‚·‚É‚ÍHu10‚ÌƒRƒcv‚ğê–å‰Æ‚ª‰ğà,https://news.yahoo.co.jp/articles/944f2dcc8a72050b8237eb100ce96853f45ac143,2023/10/6(‹à) 19:20
bazaar,Harperfs BAZAARiƒn[ƒp[ƒY ƒoƒU[j,"ƒLƒƒƒTƒŠƒ“”ÜA‘åD‚«‚È ""ƒpƒ“ƒcƒX[ƒc"" ‚Å‚Í‚È‚­AH‚ç‚µ‚¢uƒjƒbƒgƒxƒXƒgv‚Ì ""‚¨d–ƒR[ƒf"" ‚ÅŒö–±‚Ö",https://news.yahoo.co.jp/articles/c08dac11f2bc67d1a9a51369e0cb105bfbcedaca,2023/10/5(–Ø) 22:20
bazaar,Harperfs BAZAARiƒn[ƒp[ƒY ƒoƒU[j,"”Mˆ¤’† ‰\‚Ì‚Ó‚½‚è‚ªuƒOƒbƒ`v‚ÌƒLƒƒƒ“ƒy[ƒ“‚É“oêI‹ó`‚Å‚ÌB‰e‚É ""‚¨—‡‚¢"" ‚ÈƒJƒbƒvƒ‹ƒR[ƒf‚ğŒ©‚¹‚é",https://news.yahoo.co.jp/articles/06a743547381697f0f3f230b2856ba8840363856,2023/10/5(–Ø) 21:20
bazaar,Harperfs BAZAARiƒn[ƒp[ƒY ƒoƒU[j,"y2023zH‚Ì ""‚¨d–ƒR[ƒf"" ‚¨‚µ‚á‚ê‚ÈuŠCŠOƒXƒiƒbƒvv5‘I",https://news.yahoo.co.jp/articles/72de34979ecd4a3b6925e8ece2a5cbecd3b1e1d0,2023/10/5(–Ø) 20:20
bazaar,Harperfs BAZAARiƒn[ƒp[ƒY ƒoƒU[j,"40‘ã‚Ì ""‚¢‚Â‚à‚Æˆá‚¤¶—"" ‚ÍŠëŒ¯@‚È‚ñ‚Å‚àuX”NŠúv‚Å•Ğ‚Ã‚¯‚¸A""•a‹C‚Ì‰Â”\«"" ‚ğ‹^‚Á‚Ä",https://news.yahoo.co.jp/articles/246aa7ff3a419f4fa254f8b48e3f6cf0232fca34,2023/10/5(–Ø) 19:21
bazaar,Harperfs BAZAARiƒn[ƒp[ƒY ƒoƒU[j,"ƒpƒpƒ‰ƒbƒ`Ê^‚·‚çŠG‚É‚È‚éI@‘ål‹Cƒ‚ƒfƒ‹A—¬s‚è‚Ì ""“§‚¯Š´"" ƒtƒ@ƒbƒVƒ‡ƒ“‚Å–é‚ÌƒpƒŠ‚ğèˆ•à",https://news.yahoo.co.jp/articles/9858b02b9e6aaf843dda80c969a0615fbebca3b4,2023/10/4(…) 22:20
bazaar,Harperfs BAZAARiƒn[ƒp[ƒY ƒoƒU[j,•v•w‚Å‚¨‘µ‚¢H@ƒLƒƒƒTƒŠƒ“”Ü•ƒEƒBƒŠƒAƒ€c‘¾quƒŠƒ“ƒNƒR[ƒfv‚ÅŒö–±‚Ö,https://news.yahoo.co.jp/articles/c304152e7da29a6032bbbecb250f728442500bca,2023/10/4(…) 21:20
bazaar,Harperfs BAZAARiƒn[ƒp[ƒY ƒoƒU[j,ƒrƒˆƒ“ƒZ‚Ì‰ß‹Å‘å‹K–Í‚Ås‚í‚ê‚½ƒ[ƒ‹ƒhƒcƒA[wƒ‹ƒlƒbƒTƒ“ƒXx‚ªA‚Â‚¢‚É‰f‰æ‰»‚Ö,https://news.yahoo.co.jp/articles/03fd6fdc151b236a973ba5186f22b5c790cbfeec,2023/10/4(…) 20:20
bazaar,Harperfs BAZAARiƒn[ƒp[ƒY ƒoƒU[j,‰Á—î‚É‚æ‚éƒ_ƒ[ƒW‚ÍA”§‚æ‚èu”¯v‚Ì‚Ù‚¤‚ªŒ°’˜I ‚¨‚·‚·‚ß‚ÌƒVƒƒƒ“ƒv[‚âƒuƒ‰ƒVAƒhƒ‰ƒCƒ„[AƒfƒCƒŠ[ƒPƒA‚ğ”ü”¯‚Ìƒvƒ‚ª“`ö,https://news.yahoo.co.jp/articles/ffa118862d1d0b65257fa28f4e68b049a3135622,2023/10/4(…) 19:20
bazaar,Harperfs BAZAARiƒn[ƒp[ƒY ƒoƒU[j,ƒRƒXƒŠE‚Ì—‰¤ƒJƒCƒŠ[EƒWƒFƒ“ƒi[AÅ‚‚ÉƒOƒ‰ƒ}ƒ‰ƒX‚ÈuƒLƒ‰ƒLƒ‰vƒhƒŒƒX‚ÅA‘§‚ğ‚Ì‚Ş‚Ù‚Ç”ü‚µ‚­“oêI,https://news.yahoo.co.jp/articles/2b86a6557dec8ec2370afef6b011aeec7ba9a35b,2023/10/3(‰Î) 22:20
bazaar,Harperfs BAZAARiƒn[ƒp[ƒY ƒoƒU[j,"ƒAƒ“ƒWƒFƒŠ[ƒiEƒWƒ‡ƒŠ[AuƒVƒ“ƒOƒ‹ƒ}ƒU[‚Å‚ ‚é‚±‚Æv‚Ì‚à‚ë‚³‚âA""—£¥Œã‚Ìh‚©‚Á‚½“úX""‚É‚Â‚¢‚ÄŒê‚é",https://news.yahoo.co.jp/articles/86778b56246feb0228f82996e29178207f534bd5,2023/10/3(‰Î) 21:20
bazaar,Harperfs BAZAARiƒn[ƒp[ƒY ƒoƒU[j,’·”N”’”¯‚Æ“¬‚Á‚Ä‚«‚½53Î‚Ì—«A‚ ‚é“ú‚ğ‹«‚Éu”’”¯õ‚ß‚©‚ç‰ğ•ú‚³‚ê‚½v——R,https://news.yahoo.co.jp/articles/6e08b3406f3610c0f8ed7bacbe7652d84288ffe2,2023/10/3(‰Î) 20:21
bazaar,Harperfs BAZAARiƒn[ƒp[ƒY ƒoƒU[j,"ƒAƒ“EƒnƒTƒEƒFƒCANY‚ÌƒCƒxƒ“ƒg‚Åu70”N‘ã•—vƒŒƒgƒƒtƒ@ƒbƒVƒ‡ƒ“‚ğ ""Š®àø"" ‚ÉÄŒ»",https://news.yahoo.co.jp/articles/9c4bb445c95380a3e87d934f04183746ee835042,2023/10/3(‰Î) 19:20
bazaar,Harperfs BAZAARiƒn[ƒp[ƒY ƒoƒU[j,”á”»E“‚ÌƒAƒŠƒAƒiEƒOƒ‰ƒ“ƒf•ƒC[ƒTƒ“EƒXƒŒ[ƒ^[A’‡—Ç‚­uƒfƒBƒYƒj[ƒf[ƒgv‚Ö,https://news.yahoo.co.jp/articles/e044ae9e60cb93e2393d3c3a40d915a43c43d89b,2023/10/2(Œ) 22:20
bazaar,Harperfs BAZAARiƒn[ƒp[ƒY ƒoƒU[j,"ƒAƒ“ƒ`‚ğ‚Ò‚µ‚á‚èI@ƒnƒŠƒEƒbƒh‚Ì”ü‚µ‚« ""ƒV[ƒXƒ‹[ƒ‹ƒbƒN‚Ì—‰¤"" ‚ªA‚Ó‚½‚½‚Ñ“§‚¯‚½ƒhƒŒƒX‚Å“°X‚Æ“oê",https://news.yahoo.co.jp/articles/1e696330936dde739d1cc87964c905b13a131844,2023/10/2(Œ) 21:20
bazaar,Harperfs BAZAARiƒn[ƒp[ƒY ƒoƒU[j,ƒLƒAƒkEƒŠ[ƒuƒX‚ªu10”NˆÈãv•t‚«‡‚Á‚Ä‚¢‚é—ölAƒAƒŒƒNƒTƒ“ƒhƒ‰EƒOƒ‰ƒ“ƒg‚É‚Â‚¢‚Ä[–x‚è,https://news.yahoo.co.jp/articles/1ce3315fd90bee68e569483857aa948a9175f530,2023/10/2(Œ) 20:20
bazaar,Harperfs BAZAARiƒn[ƒp[ƒY ƒoƒU[j,wƒnƒ“ƒjƒoƒ‹xwƒAƒŠƒX‚Ì‚Ü‚Ü‚Åx‚Å‚¨“éõ‚İ‚ÌAƒWƒ…ƒŠƒAƒ“Eƒ€[ƒAB60‘ã‚Æ‚Ív‚¦‚ÊŒ©–‚È’…‚±‚È‚µ‚ÅuÔ‚¢ƒhƒŒƒXvp‚ğ”â˜I,https://news.yahoo.co.jp/articles/aff16261b916446721c16306ac86e311863bd70b,2023/10/2(Œ) 19:31
bazaar,Harperfs BAZAARiƒn[ƒp[ƒY ƒoƒU[j,”o—D‚Ì[’ÃŠG—¢‚ªƒpƒŠƒRƒŒƒNƒVƒ‡ƒ“‚É‰~—ÕI ^‚ÁÔ‚ÈƒhƒŒƒXp‚Å‰ïê‚ğ–£—¹,https://news.yahoo.co.jp/articles/bbbdbfe06bdee1429a6dff171f11072fa4b4558c,2023/10/1(“ú) 23:20
bazaar,Harperfs BAZAARiƒn[ƒp[ƒY ƒoƒU[j,l‹C‰Ìè‚ÌuŒ³ƒJƒm•Œ³Èv‚ªˆê‚ÉƒfƒBƒi[‚Ö...Iƒ\ƒtƒB[Eƒ^[ƒi[•ƒeƒCƒ‰[EƒXƒEƒBƒtƒg‚ª“xX‚Ì—q‰ï,https://news.yahoo.co.jp/articles/f7ab012597f137142e8469bcf56b8f9b30f1a48a,2023/10/1(“ú) 21:20
bazaar,Harperfs BAZAARiƒn[ƒp[ƒY ƒoƒU[j,“ú–{‚ªŒÖ‚éƒgƒbƒvƒ_ƒ“ƒT[AƒAƒIƒC ƒ„ƒ}ƒ_„Ÿ„ŸuƒS[ƒ‹‚ÍŒˆ‚ß‚È‚¢v‚È‚É‚ª–Ú“I‚ÅA‚Ç‚±‚ª‘O‚©A‚í‚©‚ç‚È‚­‚È‚Á‚Ä‚µ‚Ü‚¤‚©‚ç,https://news.yahoo.co.jp/articles/1f191ef884ccb20ff209eb88dd36262573222457,2023/10/1(“ú) 19:20
bazaar,Harperfs BAZAARiƒn[ƒp[ƒY ƒoƒU[j,"ƒwƒCƒŠ[Eƒr[ƒo[A‘ål‹Cƒ‚ƒfƒ‹‚Ì„•‚ğ^—‚Á‚±H@ƒgƒŒƒ“ƒh‚Ì ""ƒYƒ{ƒ“‚ğ—š‚©‚È‚¢"" ƒXƒ^ƒCƒ‹‚ÅƒpƒŠ‚ÖI",https://news.yahoo.co.jp/articles/509bba2b25fe15d3379f2ebf2146bcbbdf1eb8bd,2023/9/30(“y) 22:20
bazaar,Harperfs BAZAARiƒn[ƒp[ƒY ƒoƒU[j,ŒƒƒAƒcƒJƒbƒvƒ‹@ƒ][ƒCEƒNƒ‰ƒ”ƒBƒbƒc‚Æƒ`ƒƒƒjƒ“ƒOEƒeƒCƒ^ƒ€‚ªAè‚ğŒq‚¢‚ÅƒpƒŠƒRƒŒ‰ïê‚Ö,https://news.yahoo.co.jp/articles/132ea9bbb81de9bc1d86e6705fa8c6260fd24fc7,2023/9/30(“y) 21:20
bazaar,Harperfs BAZAARiƒn[ƒp[ƒY ƒoƒU[j,"ƒ[ƒKƒ“”Ü‚Ì ""ƒŒƒAÊ^"" ‚ğuíœ‘Ov‚ÉŒ©‚ê‚½l‚Íƒ‰ƒbƒL[ ‚©‚Â‚Ä‚Ìƒhƒ‰ƒ}o‰‰Ò‚ªu‰ù‚©‚µ‚ÌÊ^v‚ğ“Še‚·‚é‚àíœ‚Ö...B",https://news.yahoo.co.jp/articles/a1bd365a6927662bf95ec67fdd3629447a9f9985,2023/9/30(“y) 20:20
bazaar,Harperfs BAZAARiƒn[ƒp[ƒY ƒoƒU[j,"“ª’É‚ªƒqƒhƒCH ’Á’ÉÜ‚ğ ""ˆù‚İ‘±‚¯‚é""‚±‚Æ‚ÌŠëŒ¯«‚âAV‚½‚È¡—Ã–@‚É‚Â‚¢‚ÄA“ª’ÉŠO—ˆ‚Ìˆãt‚ª‰ğà",https://news.yahoo.co.jp/articles/f52499621a50e5813a711c0be73a75b4cdda64d3,2023/9/30(“y) 19:20
bazaar,Harperfs BAZAARiƒn[ƒp[ƒY ƒoƒU[j,yÅVƒgƒŒƒ“ƒhz‚±‚ÌH‚àgƒm[ƒpƒ“ƒciƒ{ƒgƒ€‚È‚µjh‚ª—¬sI@ŠCŠOƒZƒŒƒu‚Ì‘å’_ƒR[ƒfƒBƒl[ƒg5‘I,https://news.yahoo.co.jp/articles/010e07eb013d4bcd7caa1eea2b83dcdb546e7213,2023/9/29(‹à) 22:20
bazaar,Harperfs BAZAARiƒn[ƒp[ƒY ƒoƒU[j,"y¶’a89ü”NzƒuƒŠƒWƒbƒgEƒoƒ‹ƒh[‚Ì ""”g—–œä"" l¶‚ğAÊ^‚Æ‚Æ‚à‚ÉU‚è•Ô‚è",https://news.yahoo.co.jp/articles/d81173f6e3c89e9a362597f0d5fd6ce9bd477e40,2023/9/29(‹à) 21:20
bazaar,Harperfs BAZAARiƒn[ƒp[ƒY ƒoƒU[j,…ì‚ ‚³‚İ„Ÿ„Ÿ u–Ú•W‚â–²‚ğì‚é•K—v‚Í‚È‚¢B‚»‚¤‚µ‚Ä‚¢‚éŠÔ‚ÉAˆê”Ô‘å–‚È¡‚ğ“¦‚µ‚Ä‚µ‚Ü‚¤‚©‚çv,https://news.yahoo.co.jp/articles/c3dd4da1fe65ceb2fc1d63d3c31ffc3ffe587793,2023/9/29(‹à) 20:20
bazaar,Harperfs BAZAARiƒn[ƒp[ƒY ƒoƒU[j,’x‚·‚¬‚é‚Ì‚ÍNGH@—[H‚ğH‚×‚é‚Ì‚ÉuÅ“K‚ÈŠÔv‚ğ‰h—{m‚ª‰ğà,https://news.yahoo.co.jp/articles/369b9ff4fc547d326142469b0a0732a6e2b3cc73,2023/9/29(‹à) 19:20
bazaar,Harperfs BAZAARiƒn[ƒp[ƒY ƒoƒU[j,ƒVƒƒ[ƒŠ[ƒYEƒZƒƒ“AƒAƒ“ƒ_[ƒEƒGƒA‚ª“§‚¯‚é‘å’_ƒ‹ƒbƒN‚ÅƒfƒBƒI[ƒ‹‚ÌƒVƒ‡[‚ÉoÈI,https://news.yahoo.co.jp/articles/ca01f07a70fe096aedc956f40f1894c3cd2f09f1,2023/9/28(–Ø) 23:20
bazaar,Harperfs BAZAARiƒn[ƒp[ƒY ƒoƒU[j,uŠy‚µ‚­‚µ‚æ‚¤‚Æ‚µ‚¿‚á‚¾‚ßBŠy‚µ‚Ş‚Ìv@ƒfƒrƒ…[50ü”N‚ğŒ}‚¦‚½‰Ä–Øƒ}ƒŠ‚ª–¾‚©‚·A¡‚à‘æˆêü‚Å‹P‚­”éŒ,https://news.yahoo.co.jp/articles/e2e1444613ff5a9ea1684419715493af66d92f25,2023/9/28(–Ø) 21:20
bazaar,Harperfs BAZAARiƒn[ƒp[ƒY ƒoƒU[j,"ƒLƒƒƒTƒŠƒ“”ÜA""”ü‹r"" ‚ª‰f‚¦‚éƒOƒŠ[ƒ“‚ÌƒX[ƒc‚ÉAƒS[ƒ‹ƒh‚ÌƒAƒNƒZƒTƒŠ[‚ğ‡‚í‚¹Œö–±‚Ö",https://news.yahoo.co.jp/articles/458ebde24ea613aff9de89e3dd76e85caa759bd1,2023/9/28(–Ø) 20:20
bazaar,Harperfs BAZAARiƒn[ƒp[ƒY ƒoƒU[j,Ì‚Í‚È‚©‚Á‚½uñƒCƒ{vc‚È‚º‚Å‚«‚éH@•ú’u‚µ‚Ä‘‚¦‚Ä‚µ‚Ü‚¤‘O‚ÉAŒ´ˆö‚Æ‰ğŒˆ–@‚É”—‚é,https://news.yahoo.co.jp/articles/379cf3149e17bd094cbedb659fc81acfb7e71671,2023/9/28(–Ø) 19:21
bazaar,Harperfs BAZAARiƒn[ƒp[ƒY ƒoƒU[j,ƒJƒCƒŠ[EƒWƒFƒ“ƒi[A‚Ü‚é‚Å‚¨‰Ô”¨‚Ì‚æ‚¤‚Èƒvƒ‰ƒ_‚ÌƒhƒŒƒX‚É‘å‹»•±I ƒGƒŒƒKƒ“ƒg‚È’…‚±‚È‚µ‚ÉAƒtƒ@ƒ“‚àâ^,https://news.yahoo.co.jp/articles/fcb9b218ba48667b688539eec93bb5645111a847,2023/9/27(…) 23:20
bazaar,Harperfs BAZAARiƒn[ƒp[ƒY ƒoƒU[j,ƒeƒCƒ‰[EƒXƒEƒBƒtƒg•ƒuƒŒƒCƒNEƒ‰ƒCƒuƒŠ[‚ªu‘ål‚Ìƒ~ƒjƒXƒJvƒXƒ^ƒCƒ‹I e—F“¯m‚ÅƒŠƒ“ƒNƒR[ƒf‚ğ”â˜I,https://news.yahoo.co.jp/articles/c72174af13b8e3ac9da82a7ad7f675215f6249d0,2023/9/27(…) 22:20
bazaar,Harperfs BAZAARiƒn[ƒp[ƒY ƒoƒU[j,"——DA´Œ´‰Ê–ëuPerfume‚É“²‚ê‚Ä‚¢‚½v9”N‘O‚©‚çAĞ‰ï”h——D‚ÖB""–Ê“|‚­‚³‚¢«Ši"" ‚ğ•Ší‚É–ôi‚·‚é21Î",https://news.yahoo.co.jp/articles/26501a330a0722fc4f89d4fecec66c94a86f72b2,2023/9/27(…) 21:20
bazaar,Harperfs BAZAARiƒn[ƒp[ƒY ƒoƒU[j,"ƒLƒƒƒTƒŠƒ“c‘¾q”Ü‚ª ""ƒeƒBƒAƒ‰‚ğ’…—p‚µ‚½"" ƒŒƒA‚Èp‚ªŒ©‚ç‚ê‚éH@‰¤º‚ªŒö®u”Ó‚³‚ñ‰ïv‚ğŠJÃ‚Ö",https://news.yahoo.co.jp/articles/2e487a9ae75d43fa576c1062f4388b4475bbcb42,2023/9/27(…) 20:20
bazaar,Harperfs BAZAARiƒn[ƒp[ƒY ƒoƒU[j,"u2Œ^“œ”A•av‚Ìl‚É‚¨‚·‚·‚ßI@""¬• ‚ª‚·‚¢‚½"" ‚ÉH‚×‚é‚Æ‚¢‚¢H•i5‘I",https://news.yahoo.co.jp/articles/0e63e321a4787108a223ce7ae6bed226c90f70ef,2023/9/27(…) 19:20
bazaar,Harperfs BAZAARiƒn[ƒp[ƒY ƒoƒU[j,"57Î‚Ìƒnƒ‹EƒxƒŠ[A""˜Šª‚«ƒXƒJ[ƒg"" ‚ÅƒZƒNƒV[‚Èuã‹‰‚¨d–ƒXƒ^ƒCƒ‹v‚ğ”â˜I",https://news.yahoo.co.jp/articles/75e9be4064b3e979e0658fa42cd484b46080a2cc,2023/9/26(‰Î) 22:20
bazaar,Harperfs BAZAARiƒn[ƒp[ƒY ƒoƒU[j,ƒˆƒ‹ƒ_ƒ“‚Ìƒ‰[ƒjƒA‰¤”Ü‚ªuSNS‚Æ‚Ìãè‚È•t‚«‡‚¢•ûv‚ğ–¾‚©‚·cV¥‚Ìƒ‰ƒWƒc‘¾q”Ü‚ÉƒAƒhƒoƒCƒX,https://news.yahoo.co.jp/articles/0c1996d3125ddafc8c1b0f340752048750d1c1a4,2023/9/26(‰Î) 21:20
bazaar,Harperfs BAZAARiƒn[ƒp[ƒY ƒoƒU[j,"K‚©•sK‚©...HƒƒCƒ„ƒ‹ƒƒ“ƒo[‚ª ""’…‚Ä‚­‚ê‚½‚¨‚©‚°‚Å"" ’m–¼“x‚ğ“¾‚½ƒuƒ‰ƒ“ƒh‚½‚¿‚ªA‚»‚ÌgŒõ‚Æ‰eh‚ğŒê‚é",https://news.yahoo.co.jp/articles/82ced13d116ecec7b7aa138d7c0c90b3e0e1190f,2023/9/26(‰Î) 20:20
bazaar,Harperfs BAZAARiƒn[ƒp[ƒY ƒoƒU[j,ƒTƒEƒi‚ÍA“ü‚è•û‚ğŠÔˆá‚¦‚é‚Æ‘Ì‚Éu‘å‚«‚È•‰’SvI ŒŒŠÇ‚âS‘Ÿ‚É•‰’S‚ğ‚©‚¯‚È‚¢ƒTƒEƒi‚Ì“ü‚è•û,https://news.yahoo.co.jp/articles/b58ceb4b52bdab65d062e82aee017a5c6a03524b,2023/9/26(‰Î) 19:21
bazaar,Harperfs BAZAARiƒn[ƒp[ƒY ƒoƒU[j,"50‘ã‚ÌV¥ƒJƒbƒvƒ‹ ƒWƒFƒjƒtƒ@[EƒƒyƒX•ƒxƒ“EƒAƒtƒŒƒbƒNA""V¥‚ç‚µ‚³"" ˆì‚ê‚éAƒŠƒ“ƒNƒR[ƒf‚ğ”â˜I",https://news.yahoo.co.jp/articles/62996a40ea2ddc0c4ecb81a2d8770a04d7c67078,2023/9/25(Œ) 22:20
bazaar,Harperfs BAZAARiƒn[ƒp[ƒY ƒoƒU[j,å–ğ‹‰‚Ì‹P‚«H ƒ[ƒKƒ“”ÜAƒ‰ƒbƒvƒR[ƒg‚ğæ‚è“ü‚ê‚½ÅVuHƒtƒ@ƒbƒVƒ‡ƒ“v‚ğ”â˜II,https://news.yahoo.co.jp/articles/2ce6a8ccf103b99845fb96da50caf552477f08ab,2023/9/25(Œ) 21:20
bazaar,Harperfs BAZAARiƒn[ƒp[ƒY ƒoƒU[j,ƒEƒBƒŠƒAƒ€c‘¾q‚ª–K–âæ‚Ìƒjƒ…[ƒˆ[ƒN‚Å‚àƒtƒ@ƒ“‚ğ–£—¹I‚¢‚Â‚©uq‚Ç‚à’B‚ğ˜A‚ê‚Ä‚«‚½‚¢v‚Æ–¾‚©‚·,https://news.yahoo.co.jp/articles/79bafe3509d3ad66010ce47e02a60c4b012906df,2023/9/25(Œ) 20:20
bazaar,Harperfs BAZAARiƒn[ƒp[ƒY ƒoƒU[j,u2Œ^“œ”A•av‚Ìl‚É‚¨‚·‚·‚ß‚Ì–ìØ5‘II •ÄEˆãt‚Æ‰h—{m‚ª‰ğà,https://news.yahoo.co.jp/articles/20ec27b5cbb02f98b7aff0522d61c1a2e1fd0114,2023/9/25(Œ) 19:20
bazaar,Harperfs BAZAARiƒn[ƒp[ƒY ƒoƒU[j,ƒZƒNƒV[È•ƒXƒgƒŠ[ƒg•vA^‹t‚Ìƒtƒ@ƒbƒVƒ‡ƒ“‚Å˜b‘è‚Ìl‹CƒZƒŒƒu•vÈ‚ª‚Â‚¢‚ÉuƒŠƒ“ƒNƒR[ƒfv‚ğ”â˜II,https://news.yahoo.co.jp/articles/49761889f53f4af9641112fe8eb52534065bb3b5,2023/9/24(“ú) 22:20
bazaar,Harperfs BAZAARiƒn[ƒp[ƒY ƒoƒU[j,‰p‘‚ÌƒvƒŠƒ“ƒZƒXAƒVƒƒ[ƒƒbƒg‰¤—‚ªÅ‹ß‚â‚Á‚Ä‚¢‚éuˆÓŠO‚·‚¬‚éƒXƒ|[ƒcv‚ÍH ƒLƒƒƒTƒŠƒ“”Ü‚ª–¾‚©‚·,https://news.yahoo.co.jp/articles/14591307cb60a519c1f23f9de0feddcab0c208df,2023/9/24(“ú) 21:20
bazaar,Harperfs BAZAARiƒn[ƒp[ƒY ƒoƒU[j,20‘ã‚à—v’ˆÓI q‹{èò‚ª‚ñ‚Ì‘O‚ª‚ñu‚“xˆÙŒ`¬v‚Æ‚ÍH@Œ´ˆö‚â—\–h–@‚ğ‰ğà,https://news.yahoo.co.jp/articles/b7fc6c8fbeca10c5f20ba1bf846911eeee607626,2023/9/24(“ú) 20:11
bazaar,Harperfs BAZAARiƒn[ƒp[ƒY ƒoƒU[j,Å‹ß‚¿‚å‚Á‚Æ‚¨”æ‚ê‹C–¡‚ÌƒAƒiƒ^‚ÖAl‹Cƒ‚ƒfƒ‹‚ªuƒƒ“ƒ^ƒ‹•s’²‚Ö‚ÌŒü‚«‡‚¢•ûv‚ğŒö”FS—t‚É¿–âBuƒXƒgƒŒƒX‚È‚ñ‚Ä‚È‚¢v‚ÍA‚Ş‚µ‚ë•sŒ’N,https://news.yahoo.co.jp/articles/0155e6cc604132d167416415613b186a7e7fce0e,2023/9/24(“ú) 19:20
bazaar,Harperfs BAZAARiƒn[ƒp[ƒY ƒoƒU[j,ƒLƒƒƒTƒŠƒ“”ÜA”ü‹r‚ğ‹­’²‚·‚éu70”N‘ã•—vƒƒ“ƒJƒ‰[ƒX[ƒcƒ‹ƒbƒN‚ÅŒö–±‚ÉQ‰Á,https://news.yahoo.co.jp/articles/37873a7e79362dd9400957140924ba473aa1f48f,2023/9/23(“y) 23:02
bazaar,Harperfs BAZAARiƒn[ƒp[ƒY ƒoƒU[j,26Î‚ğŒ}‚¦‚½‘ål‹C‚Ì”üƒ{ƒfƒB——DA80”N‘ã‚ªƒe[ƒ}‚Ì’a¶“úƒp[ƒeƒB[‚ÅƒAƒCƒhƒ‹‚É‚È‚è‚«‚èI,https://news.yahoo.co.jp/articles/d42b50c627ade7f773990f4260a6082967373305,2023/9/23(“y) 22:20
bazaar,Harperfs BAZAARiƒn[ƒp[ƒY ƒoƒU[j,ƒeƒCƒ‰[EƒXƒEƒBƒtƒg‚Æˆ«Œû‘å‰ï‚Å‘å·‚èã‚ª‚è...H —£¥‚µ‚½‚Ä‚Ìƒ\ƒtƒB[Eƒ^[ƒi[AŒ³•v‚ÌuŒ³ƒJƒmv‚Æ’‡—Ç‚­—q‰ï,https://news.yahoo.co.jp/articles/801cdd5521cf48ebee150e6736aa67161d1cb41a,2023/9/22(‹à) 22:20
bazaar,Harperfs BAZAARiƒn[ƒp[ƒY ƒoƒU[j,ƒLƒƒƒTƒŠƒ“c‘¾q”ÜAƒIƒŒƒ“ƒW‚Ìu‹~–½“·ˆßv‚·‚ç‚àƒVƒbƒN‚É’…‚±‚È‚·!?@Œö–±‚ÅŠCŒRq‹óŠî’n‚Ö,https://news.yahoo.co.jp/articles/41fb4dcd51ed8eaf17fad8f7ac6f6082274c9887,2023/9/22(‹à) 21:20
bazaar,Harperfs BAZAARiƒn[ƒp[ƒY ƒoƒU[j,"""‹}Œƒ‚É‘‰‚¹‚é"" ‚Æ˜b‘è‚ÌuƒIƒ[ƒ“ƒsƒbƒNv‚Á‚ÄHƒ_ƒCƒGƒbƒgŒø‰Ê‚â–â‘è“_‚É‚Â‚¢‚ÄAˆãt‚É•·‚­",https://news.yahoo.co.jp/articles/6afed477473fa5a525ab9f48d835df2e329cf8ee,2023/9/22(‹à) 20:20
bazaar,Harperfs BAZAARiƒn[ƒp[ƒY ƒoƒU[j,"NY –K–â’†‚ÌƒEƒBƒŠƒAƒ€c‘¾qAƒtƒ@ƒ“‚©‚ç‚¨“yY‚ÉuI LOVE NYvTƒVƒƒƒc‚ğó‚¯æ‚èAv‚í‚¸ ""ƒjƒbƒRƒŠ""",https://news.yahoo.co.jp/articles/e2d0909f3a78145dd5d101c23b3f3a6c48c9b1bf,2023/9/22(‹à) 19:20
bazaar,Harperfs BAZAARiƒn[ƒp[ƒY ƒoƒU[j,ƒTƒ‰EƒWƒFƒVƒJEƒp[ƒJ[Auá‚­Œ©‚¹‚é‚±‚Æ‚É‚Í‚Ü‚Á‚½‚­‹»–¡‚ª‚È‚¢v‚Æ–¾‚©‚·,https://news.yahoo.co.jp/articles/03dfc9d653e7163c8db31cb20eb43b88933508ef,2023/9/21(–Ø) 22:20
bazaar,Harperfs BAZAARiƒn[ƒp[ƒY ƒoƒU[j,"ƒ[ƒKƒ“”ÜA©‚ç""–ìØ‚ğØ‚Á‚Ä"" ƒ‰ƒ“ƒ`‚Ì€”õ ƒTƒvƒ‰ƒCƒY‚ÅƒJƒtƒF‚ğ–K–â",https://news.yahoo.co.jp/articles/a35a50821cff1cdde46ada20c42dc9521b70e12b,2023/9/21(–Ø) 21:20
bazaar,Harperfs BAZAARiƒn[ƒp[ƒY ƒoƒU[j,"ƒXƒyƒCƒ“‚ÌŒÖ‚è ""‚¨‚µ‚á‚ê•Î·’l"" ‚‚ß‚ÈƒŒƒeƒBƒVƒA‰¤”ÜAƒS[ƒ‹ƒh‚ğŒø‚©‚¹‚½ã‹‰ƒuƒ‰ƒbƒNƒR[ƒf‚ğ”â˜I",https://news.yahoo.co.jp/articles/62560cc93323e303b6fcebb310288e836c53d894,2023/9/21(–Ø) 20:20
bazaar,Harperfs BAZAARiƒn[ƒp[ƒY ƒoƒU[j,ƒEƒBƒŠƒAƒ€c‘¾q‚ªNY‚É‚â‚Á‚Ä‚«‚½I@“–“ú‚Ì’©‚É’m‚ç‚³‚ê‚½Šw¶‚½‚¿‚Ì”½‰‚Í...H ˆê‚Éƒnƒhƒ\ƒ“ì‚É“ü‚éƒV[ƒ“‚à,https://news.yahoo.co.jp/articles/025f97b29b837a67d51edfd69832d1e94bc0c88e,2023/9/21(–Ø) 19:20
bazaar,Harperfs BAZAARiƒn[ƒp[ƒY ƒoƒU[j,ƒLƒƒƒTƒŠƒ“”ÜA‚Ç‚ñ‚È‚É‘½–Z‚Å‚àuq‚Ç‚à‚Ì‘—Œ}v‚Í©•ª‚Å ƒEƒBƒŠƒAƒ€c‘¾q‚ÌNY–K–â‚É‚àu“¯s‚¹‚¸v,https://news.yahoo.co.jp/articles/389ad3f5252268aed7aecb62601bbb7e406e76ac,2023/9/20(…) 21:20
bazaar,Harperfs BAZAARiƒn[ƒp[ƒY ƒoƒU[j,"ƒˆƒ‹ƒ_ƒ“‚Ì ""”ülƒƒCƒ„ƒ‹"" ƒ‰[ƒjƒA‰¤”Ü‚ªAƒWƒ‹EƒoƒCƒfƒ“•vl‚Æƒjƒ…[ƒˆ[ƒN‚ÅÄ‰ïI",https://news.yahoo.co.jp/articles/1fab8c48422b6f6b96f3662dec27a7d5e0c5c299,2023/9/20(…) 20:20
bazaar,Harperfs BAZAARiƒn[ƒp[ƒY ƒoƒU[j,”§ƒgƒ‰ƒuƒ‹‚Æ–³‰‚Ìó‘Ô‚ÉIuƒoƒŠƒA‹@”\v‚ğ‚‚ß••œŠˆ‚³‚¹‚éu6‚Â‚Ìƒqƒ“ƒgv,https://news.yahoo.co.jp/articles/8a109800b68c7f8b9e7779b4504a99c0cd0802dd,2023/9/20(…) 19:20
bazaar,Harperfs BAZAARiƒn[ƒp[ƒY ƒoƒU[j,ƒ[ƒKƒ“”ÜA‹C‡‚¢‚Ì“ü‚Á‚½uƒp[ƒeƒBƒhƒŒƒXv‚ÅƒCƒ“ƒ”ƒBƒNƒ^ƒXEƒQ[ƒ€‚Ì•Â‰ï®‚Ö,https://news.yahoo.co.jp/articles/80a733c7249b61fde1815421a0d8741764bac0bb,2023/9/19(‰Î) 22:20
bazaar,Harperfs BAZAARiƒn[ƒp[ƒY ƒoƒU[j,"ƒLƒƒƒTƒŠƒ“”ÜAu”²ŒQ‚ÌƒXƒ^ƒCƒ‹v‚ğ‹­’²‚·‚é ""ƒnƒ“ƒTƒ€"" ƒX[ƒcƒXƒ^ƒCƒ‹‚Å’P“ÆŒö–±‚ÖI",https://news.yahoo.co.jp/articles/8cb921aa486f2b39c5696879c12e88853822ed80,2023/9/19(‰Î) 21:20
bazaar,Harperfs BAZAARiƒn[ƒp[ƒY ƒoƒU[j,"ŠÈ’P•‚·‚®‚Éu‘Ìd‚ğ—‚Æ‚¹‚év‚ÆAJ‚Å˜b‘è‚Ì uƒIƒ[ƒ“ƒsƒbƒNvB•›ì—p‚âA""”ç•†‚Ì‚½‚é‚İ""‚É‚Â‚¢‚Äê–å‰Æ‚É•·‚­",https://news.yahoo.co.jp/articles/35748a46b4e0c7379e77d65c3360829bd853353c,2023/9/19(‰Î) 20:20
bazaar,Harperfs BAZAARiƒn[ƒp[ƒY ƒoƒU[j,"NY‚©‚çAŸ‚È‚é ""ÅV—¬s"" ‚ğ‚¨“Í‚¯Iy2024”Nt‰ÄzyNYƒRƒŒƒNƒVƒ‡ƒ“‘¬•ñz",https://news.yahoo.co.jp/articles/6dc57ad1d4e9651e9ce6399431247a5daa83b33e,2023/9/19(‰Î) 19:21
bazaar,Harperfs BAZAARiƒn[ƒp[ƒY ƒoƒU[j,’†ğ‚ ‚â‚İAƒWƒFƒjƒtƒ@[EƒƒyƒX‚àI 2024”Nt‰ÄƒRƒŒƒNƒVƒ‡ƒ“‚ÉWŒ‹‚µ‚½‹‰ØƒZƒŒƒu‚ÌuƒS[ƒWƒƒƒXvƒtƒ@ƒbƒVƒ‡ƒ“,https://news.yahoo.co.jp/articles/8a8e91b35c5b225a794c98d75ca8bec4a5e3c9ae,2023/9/18(Œ) 23:44
bazaar,Harperfs BAZAARiƒn[ƒp[ƒY ƒoƒU[j,"54Î‚ÌƒWƒFƒjƒtƒ@[EƒAƒjƒXƒgƒ“A‘ål‚Á‚Û‚¢ ""•‚ÌƒrƒLƒj"" ‚Å‚¨ğ•Ğè‚ÉA—Fl‚Æ‰Ä‚ğƒGƒ“ƒWƒ‡ƒCIv‚¢o‚Ì—]‰C‚É‚Ğ‚½‚é",https://news.yahoo.co.jp/articles/c66f859a532edd69e3a1caa8628951fcb747e4de,2023/9/17(“ú) 22:20
bazaar,Harperfs BAZAARiƒn[ƒp[ƒY ƒoƒU[j,"‚È‚ñ‚ÆAƒPƒ“ƒWƒ“ƒgƒ“‹{“a‚É ""ƒCƒMƒŠƒXÅ‘å"" ‚ÌuƒAƒCƒXƒXƒP[ƒgƒŠƒ“ƒNv‚ªƒI[ƒvƒ“ ‘‰¤‚Ì‰™‚Áq‚ª”­ˆÄ",https://news.yahoo.co.jp/articles/6ad9dc1c66d21677c5e098cb91854d7b1e68016e,2023/9/17(“ú) 21:20
bazaar,Harperfs BAZAARiƒn[ƒp[ƒY ƒoƒU[j,‚±‚ÌH‚Í‚È‚É‚ª—¬s‚éH H“~uƒoƒbƒOvƒgƒŒƒ“ƒh6‘Iy2023-24”NH“~ƒgƒŒƒ“ƒhz,https://news.yahoo.co.jp/articles/3e9d7e4e82ef080044cd88cb013cb79d048b4499,2023/9/17(“ú) 20:20
bazaar,Harperfs BAZAARiƒn[ƒp[ƒY ƒoƒU[j,ƒsƒAƒjƒXƒg Šp–ì”¹“l‚ÆƒoƒŒƒGƒ_ƒ“ƒT[ “ñR¡—YAá‚«rË‚ª–¼ìwƒ{ƒŒƒx‚Å–²‚Ì‹£‰‰I,https://news.yahoo.co.jp/articles/ca67b626eaf2f1e052984ed8ee2f512680629c9d,2023/9/17(“ú) 19:20
bazaar,Harperfs BAZAARiƒn[ƒp[ƒY ƒoƒU[j,ƒPƒ“ƒ_ƒ‹EƒWƒFƒ“ƒi[Au–ÊÏ­‚È‚ßvƒlƒCƒr[ƒrƒLƒj‚ÅA‰Ä‚ÌI‚í‚è‚ÌƒoƒP[ƒVƒ‡ƒ“‚ğ–‹i,https://news.yahoo.co.jp/articles/b830835fce6beb6f54e184c241fd2c210c1885b9,2023/9/16(“y) 22:20
bazaar,Harperfs BAZAARiƒn[ƒp[ƒY ƒoƒU[j,"ƒ[ƒKƒ“”ÜA—¬sƒtƒ@ƒbƒVƒ‡ƒ“‚ğˆÓ¯H ""‚¨‹à‚¿Š´"" •Y‚¤ƒgƒŒƒ“ƒhƒR[ƒf‚Å‹ó`‚Ö",https://news.yahoo.co.jp/articles/1720ef47b2682a984a58bd125e6ad9e1c1dcb10d,2023/9/16(“y) 21:20
bazaar,Harperfs BAZAARiƒn[ƒp[ƒY ƒoƒU[j,"ƒeƒCƒ‰[EƒXƒEƒBƒtƒgAY2K“Iuƒ~ƒjƒXƒJ~ƒfƒjƒ€v‚Å”ü‹r‚ğ”â˜II@ ""“`à‚ÌƒJƒbƒvƒ‹"" ‚ğƒIƒ}[ƒWƒ…",https://news.yahoo.co.jp/articles/c315418b94bc41e8b11d45084523f93f6ebb6962,2023/9/16(“y) 20:20
bazaar,Harperfs BAZAARiƒn[ƒp[ƒY ƒoƒU[j,ƒEƒH[ƒLƒ“ƒO‚Íu1“ú1–œ•àv‚æ‚èu1“ú2300•àˆÈãv ‚Å\•ªI VŒ¤‹†‚Å–¾‚ç‚©‚É,https://news.yahoo.co.jp/articles/d3f4fa07f9a0c03a27d7679acbea70e3dea0018c,2023/9/16(“y) 19:20
bazaar,Harperfs BAZAARiƒn[ƒp[ƒY ƒoƒU[j,ƒR[ƒgƒj[EƒJ[ƒ_ƒVƒAƒ“A–£˜f“I‚·‚¬‚éuƒ}ƒ^ƒjƒeƒBƒtƒHƒgv‚ğ”â˜I‚µA˜b‘è‚É,https://news.yahoo.co.jp/articles/2504ce3eb33cfb36356d7ec5708cb6cd8ddc1be9,2023/9/15(‹à) 22:20
bazaar,Harperfs BAZAARiƒn[ƒp[ƒY ƒoƒU[j,"ƒJƒCƒŠ[EƒWƒFƒ“ƒi[•ƒeƒBƒ‚ƒV[EƒVƒƒƒ‰ƒAu‡‚»‚Á‚¿‚Ì‚¯v‚Å”M‚¢ƒLƒXI  ""Z¢‘ã‚Ì“²‚ê"" ƒJƒbƒvƒ‹‚É’–Ú‚‚Ü‚é",https://news.yahoo.co.jp/articles/023793b37cc185b0d6a49c36e8a8a6ebc0b8fd84,2023/9/15(‹à) 21:20
bazaar,Harperfs BAZAARiƒn[ƒp[ƒY ƒoƒU[j,Stray KidsƒtƒBƒŠƒbƒNƒX‚Ìu‘N‚â‚©‚·‚¬‚Ä‘¸‚¢vƒwƒA•ƒƒCƒN3‘Iy2023”NÅVz,https://news.yahoo.co.jp/articles/4a7c19e177f3027a122d2f8c397c3cb594d5675e,2023/9/15(‹à) 20:20
bazaar,Harperfs BAZAARiƒn[ƒp[ƒY ƒoƒU[j,ƒWƒƒƒXƒeƒBƒ“•ƒwƒCƒŠ[Eƒr[ƒo[•vÈA‚Ü‚½‚à“Œ‹‚ÉII“s“à‚Å‚Ì–ÚŒ‚î•ñA‘ŠŸ‚®,https://news.yahoo.co.jp/articles/056a21639535787e05227d86cd227848842ec061,2023/9/15(‹à) 19:21
bazaar,Harperfs BAZAARiƒn[ƒp[ƒY ƒoƒU[j,ƒwƒ“ƒŠ[‰¤q‚Æ‹¤‚Éƒ\ƒKƒ“”Ü‚à2023”NƒCƒ“ƒrƒNƒ^ƒXEƒQ[ƒ€‚ÉoÈI ”Ü‚Íu’dã‚Å“°X‚ÆƒXƒs[ƒ`v”â˜I,https://news.yahoo.co.jp/articles/a4ac6c0f3bd54ca42cc5367f81c8c1bfd2a9977a,2023/9/14(–Ø) 23:36
bazaar,Harperfs BAZAARiƒn[ƒp[ƒY ƒoƒU[j,"ƒ‚ƒiƒR‚ÌƒAƒ‹ƒx[ƒ‹‘åŒö•ƒVƒƒƒ‹ƒŒ[ƒkŒö”ÜA—£¥‚ÌƒEƒƒT‚É”½‰‚µu’‡—Ç‚µƒAƒs[ƒ‹vH —§‚Ä‘±‚¯‚É ""2lˆê"" ‚Ìp‚ğŒ©‚¹‚é",https://news.yahoo.co.jp/articles/8045a3990b7a9aa7a6408c14fe24072d7e423ed4,2023/9/14(–Ø) 20:20
bazaar,Harperfs BAZAARiƒn[ƒp[ƒY ƒoƒU[j,"""˜V‚¯‚È‚¢©•ª""‚ğ‚Â‚­‚é•K{‰h—{‘f‚Íuƒrƒ^ƒ~ƒ“EvI ‘½‚­ŠÜ‚ŞH•i‚âAƒTƒvƒŠƒƒ“ƒg‚Ì‘I‚Ñ•ûA’ˆÓ“_‚ğ‰ğà",https://news.yahoo.co.jp/articles/cc5241ac7c6e12f6656ef86870d673cf593051c2,2023/9/14(–Ø) 19:42
bazaar,Harperfs BAZAARiƒn[ƒp[ƒY ƒoƒU[j,¡”N‚ÌƒxƒXƒgƒhƒŒƒbƒT[‚Í’N ƒZƒŒ[ƒiAƒeƒCƒ‰[AƒXƒLƒYetc...A‹‰ØƒA[ƒeƒBƒXƒg‚ªuƒrƒfƒIEƒ~ƒ…[ƒWƒbƒNEƒAƒ[ƒh2023v‚ÉWŒ‹I,https://news.yahoo.co.jp/articles/877e714df6ee44c194c5d5d0ae7a52b10c5e9617,2023/9/13(…) 22:20
bazaar,Harperfs BAZAARiƒn[ƒp[ƒY ƒoƒU[j,”òs‹@‚Éæ‚é‘O‚ÉAƒ[ƒbƒ^ƒC‚ÉuH‚×‚Ä‚Í‚¢‚¯‚È‚¢v10‚ÌH•i,https://news.yahoo.co.jp/articles/ff301868d57caf2d3962124ce48ae5e96d90063b,2023/9/13(…) 20:20
bazaar,Harperfs BAZAARiƒn[ƒp[ƒY ƒoƒU[j,"ƒLƒƒƒTƒŠƒ“”ÜAƒAƒƒŠƒJ—¬ ""ƒtƒ@ƒbƒVƒ‡ƒ“ ƒ‹[ƒ‹""‚Íƒtƒ‹–³‹Iu^‚Á”’vƒX[ƒc‚ÅAƒ‰ƒOƒr[W”t‚Ì‡ŠÏí‚Ö",https://news.yahoo.co.jp/articles/0be8dddc8df81b4b9bd93d3e3224195a74685cda,2023/9/13(…) 19:20
bazaar,Harperfs BAZAARiƒn[ƒp[ƒY ƒoƒU[j,57Î‚É‚È‚Á‚½ƒTƒ‹ƒ}EƒnƒGƒbƒNAƒh”hè‚ÈuÔƒrƒLƒjv‚Å’a¶“ú‚ğ‚¨j‚¢I u„‚Í¡‚à—ö‚µ‚Ä‚¢‚éIv,https://news.yahoo.co.jp/articles/3dc500ac01d1ad2d90fcfeaa4b40ac9869407922,2023/9/12(‰Î) 22:20
bazaar,Harperfs BAZAARiƒn[ƒp[ƒY ƒoƒU[j,"ƒnƒŠƒEƒbƒh‚Å¡Å‚à ""{"" ‚È”üƒ{ƒfƒB——DAƒVƒhƒj[EƒXƒEƒB[ƒj[‚Ì‘‘Y‚ÍH@ƒuƒ‰ƒ“ƒhŒ_–ñ‚à‘å‚«‚Èû“üŒ¹‚É",https://news.yahoo.co.jp/articles/c4b214bf6fb305d128f7729eddebca91d129b1dd,2023/9/12(‰Î) 21:20
bazaar,Harperfs BAZAARiƒn[ƒp[ƒY ƒoƒU[j,ƒwƒ“ƒŠ[‰¤q&ƒ[ƒKƒ“”Ü•vÈA‰¤ºƒtƒ@ƒ~ƒŠ[‚Æ‚Ìu[‚·‚¬‚éav‚Í‚©‚Â‚Ä‚È‚¢‚Ù‚Ç[‚Èó‹µ‚É...,https://news.yahoo.co.jp/articles/49cb9039d9fecccf355a223097ed28d971830906,2023/9/12(‰Î) 20:20
bazaar,Harperfs BAZAARiƒn[ƒp[ƒY ƒoƒU[j,ƒLƒƒƒTƒŠƒ“”Ü‚ÌƒEƒGƒfƒBƒ“ƒOƒhƒŒƒX‚ğè‚ª‚¯‚½u”ÜŒä—p’Bv‚Ìƒtƒ@ƒbƒVƒ‡ƒ“ƒfƒUƒCƒi[‚ªƒuƒ‰ƒ“ƒh‚ğ‘Ş”C‚Ö,https://news.yahoo.co.jp/articles/2763c1ea64e515e5589afab5b22bf9c75e8d9a6c,2023/9/12(‰Î) 19:20
bazaar,Harperfs BAZAARiƒn[ƒp[ƒY ƒoƒU[j,uZ¢‘ã‚ÌƒAƒCƒRƒ“vƒVƒhƒj[EƒXƒEƒB[ƒj[‚ª26Î‚ÉI ƒ~ƒjƒhƒŒƒX‚©‚ç‚­‚Ñ‚êŒ©‚¹‚Ü‚Åƒtƒ@ƒbƒVƒ‡ƒ“•Ï‘J‚ğU‚è•Ô‚è,https://news.yahoo.co.jp/articles/9786af1430531a94c3cc0b28f2e0f26f1d3fc4f7,2023/9/11(Œ) 23:56
bazaar,Harperfs BAZAARiƒn[ƒp[ƒY ƒoƒU[j,"ƒLƒƒƒTƒŠƒ“”ÜAu—‰¤‚Ì–½“úv‚É‚ÍƒƒCƒ“ƒŒƒbƒh‚Ìƒƒ“ƒg[ƒ“ƒR[ƒf‚Å“oêB""—‰¤‚©‚ç÷‚èó‚¯‚½"" “Á•Ê‚ÈƒCƒ„ƒŠƒ“ƒO‚ğ’…—p",https://news.yahoo.co.jp/articles/cbf1531d11200a465ef186a8642c9e71833c056b,2023/9/11(Œ) 21:20
bazaar,Harperfs BAZAARiƒn[ƒp[ƒY ƒoƒU[j,"ƒGƒŠƒUƒxƒX—‰¤‚ª–S‚­‚È‚Á‚Ä1”NBƒƒCƒ„ƒ‹ƒtƒ@ƒ~ƒŠ[‚ª ""‰Æ‘°ˆ¤"" ˆì‚ê‚éŠ´“®“I‚ÈƒƒbƒZ[ƒW‚ğƒVƒFƒA",https://news.yahoo.co.jp/articles/882dd961756f9ca0aae626f6afaa2cce613ae3ad,2023/9/11(Œ) 20:40
bazaar,Harperfs BAZAARiƒn[ƒp[ƒY ƒoƒU[j,"‰Ä‚ÌI‚í‚è‚Éu”§ƒPƒAv‚ğƒTƒ{‚é‚Æu‹}‘¬‚É˜V‚¯‚év‰Â”\«‘å ƒvƒ‚ª‹³‚¦‚é ""H‘O"" ‚Ì³‚µ‚¢ƒXƒLƒ“ƒPƒA",https://news.yahoo.co.jp/articles/e765bfa81301a98d4a1a4f46f4ef0717b2270d97,2023/9/11(Œ) 19:50
bazaar,Harperfs BAZAARiƒn[ƒp[ƒY ƒoƒU[j,•Äƒ‰ƒ“ƒWƒFƒŠ[ƒuƒ‰ƒ“ƒhAƒ”ƒBƒNƒgƒŠƒAƒYEƒV[ƒNƒŒƒbƒg‚ÌƒVƒ‡[‚ª•œŠˆI‘½”—ˆê‚µ‚½—ğ‘ãƒ‚ƒfƒ‹‚½‚¿‚Ìu•Ï‚í‚ç‚È‚¢”üƒXƒ^ƒCƒ‹v‚É’–Ú,https://news.yahoo.co.jp/articles/45aa615cb75ea270849fd719134dc6b5bfd9606f,2023/9/10(“ú) 23:55
bazaar,Harperfs BAZAARiƒn[ƒp[ƒY ƒoƒU[j,BLACKPINKƒWƒFƒj[‚âBTSƒWƒ‡ƒ“ƒOƒN‚ç‚ª–£‚¹‚éƒJƒ‹ƒoƒ“EƒNƒ‰ƒCƒ“‚ÌL‚ªu”ü‚µ‚·‚¬‚év‚Æ˜b‘è,https://news.yahoo.co.jp/articles/a4f1c4ade14452cf8697e837a4a281df44ac540b,2023/9/10(“ú) 23:32
bazaar,Harperfs BAZAARiƒn[ƒp[ƒY ƒoƒU[j,‚±‚ê‚ª—¬s‚éI 2023”NH“~‚Ìu6‘åƒgƒŒƒ“ƒhƒJƒ‰[v‚ğ‰ğàI ‚¨‚µ‚á‚ê‚ÌƒXƒ^ƒƒ“‚Íuƒx[ƒVƒbƒNƒJƒ‰[v,https://news.yahoo.co.jp/articles/4bb51c5fe918a39c3e90ae783ab7cb88ba5fd48c,2023/9/10(“ú) 21:54
bazaar,Harperfs BAZAARiƒn[ƒp[ƒY ƒoƒU[j,ƒJƒCƒŠ[EƒWƒFƒ“ƒi[AƒgƒbƒvƒX‚È‚µ‚Åu“D‚Ü‚İ‚êv‚É‚È‚Á‚½ƒƒCƒ‹ƒh‚ÈÊ^‚ğŒöŠJ,https://news.yahoo.co.jp/articles/57536f684329f6f0d7f8dd532a368d68a74c3020,2023/9/9(“y) 22:20
bazaar,Harperfs BAZAARiƒn[ƒp[ƒY ƒoƒU[j,ƒnƒŠƒEƒbƒh‚Ìu‚¨‚µ‚Ç‚è•v•wv ƒuƒŒƒCƒNEƒ‰ƒCƒuƒŠ[•ƒ‰ƒCƒAƒ“EƒŒƒCƒmƒ‹ƒY•vÈ‚ÌBESTƒŒƒbƒhƒJ[ƒyƒbƒgW,https://news.yahoo.co.jp/articles/d2bd2573f86de63395460a0d06b160bcf9e3c12f,2023/9/9(“y) 21:20
bazaar,Harperfs BAZAARiƒn[ƒp[ƒY ƒoƒU[j,ƒwƒ“ƒŠ[‰¤q‚ªu‘Sg‘S—ì‚ğ•ù‚°‚½vƒhƒLƒ…ƒƒ“ƒ^ƒŠ[ì•i‚ª”zMŠJnI NetflixŠÖŒWÒ‚ªu§ì”é˜bv‚ğ–¾‚©‚·,https://news.yahoo.co.jp/articles/1c68354e4364c6b8e4df3746b07735a11fddc6a9,2023/9/9(“y) 20:20
bazaar,Harperfs BAZAARiƒn[ƒp[ƒY ƒoƒU[j,”’TƒVƒƒƒc‚â”’ƒVƒƒƒc‚È‚Ç‰Ä•‚ğuHƒXƒ^ƒCƒ‹v‚É•Ï‚¦‚éI ‚¨‚µ‚á‚ê‚Èu’…‰ñ‚µƒR[ƒfvƒeƒNƒjƒbƒN,https://news.yahoo.co.jp/articles/c3c4a62d5ac12323ba0f779452ee193782b214ad,2023/9/9(“y) 19:31
bazaar,Harperfs BAZAARiƒn[ƒp[ƒY ƒoƒU[j,ƒtƒ[ƒŒƒ“ƒXEƒsƒ…[AU‚ß‚Ìuƒ”’ƒV[ƒXƒ‹[ƒhƒŒƒXpv‚ğ”â˜I‚µA‚Ü‚½‚à’–Ú‚Ì“I‚É,https://news.yahoo.co.jp/articles/974337b8bf7ca91af0fac3b5300868d1ebc7bce5,2023/9/8(‹à) 22:20
bazaar,Harperfs BAZAARiƒn[ƒp[ƒY ƒoƒU[j,ƒGƒŠƒUƒxƒX—‰¤À‹‚©‚ç1”NA‚»‚ÌŠÔ‚É‹N‚«‚½‰p‘ƒƒCƒ„ƒ‹‚½‚¿‚Ìu–Œ•ëv‚ğ‚¨‚³‚ç‚¢,https://news.yahoo.co.jp/articles/aa746d0e0cb14bef5f2f21579cd23ca547539321,2023/9/8(‹à) 21:20
bazaar,Harperfs BAZAARiƒn[ƒp[ƒY ƒoƒU[j,"ƒiƒIƒ~EƒLƒƒƒ“ƒxƒ‹AƒVƒ“ƒfƒBEƒNƒƒtƒH[ƒh‚È‚ÇA90”N‘ã‚ğÈŠª‚µ‚½ ""ƒX[ƒp[ƒ‚ƒfƒ‹"" 4–¼‚ªuƒhƒLƒ…ƒƒ“ƒ^ƒŠ[v‚ÉI",https://news.yahoo.co.jp/articles/7d03e9bcbf3df0907de9e4882564e56509cef103,2023/9/8(‹à) 20:20
bazaar,Harperfs BAZAARiƒn[ƒp[ƒY ƒoƒU[j,ƒfƒ…ƒAEƒŠƒp‚àA’´ƒwƒrƒƒeˆ¤—pI ¡HAV‚µ‚¢ƒoƒbƒO‚ğ”ƒ‚¤‚È‚çuƒrƒbƒOƒoƒbƒOv‚ÉŒˆ‚Ü‚è,https://news.yahoo.co.jp/articles/d61b1eed7fe8c258daa06043b7b37fea2442d49d,2023/9/8(‹à) 19:21
bazaar,Harperfs BAZAARiƒn[ƒp[ƒY ƒoƒU[j,u‚¨‚µ‚Ç‚è•v•wv‚¾‚Á‚½ƒWƒ‡[EƒWƒ‡ƒiƒX•ƒ\ƒtƒB[Eƒ^[ƒi[‚ª—£¥cŒ´ˆö‚ÍuŠÄ‹ƒJƒƒ‰‚É‰f‚Á‚½È‚Ì•‚‹CvH@2l‚Ìˆ¤‚Ì‹OÕ‚ğU‚è•Ô‚é,https://news.yahoo.co.jp/articles/71a137a7473ff5a0f1531194f27b47ca2b1548ba,2023/9/7(–Ø) 23:00
bazaar,Harperfs BAZAARiƒn[ƒp[ƒY ƒoƒU[j,"ƒnƒ“ƒ‚ƒbƒN‚Å‚­‚Â‚ë‚®p‚ÍA‚Ü‚é‚Å""l‹›"" I ƒƒLƒVƒRŒn——DƒTƒ‹ƒ}EƒnƒGƒbƒNAã•i‚ÈƒrƒLƒjƒ‹ƒbƒN‚ğ”â˜I",https://news.yahoo.co.jp/articles/5918f62c3b973925702ac438ba92ceb3977b798b,2023/9/7(–Ø) 23:00
bazaar,Harperfs BAZAARiƒn[ƒp[ƒY ƒoƒU[j,ƒ[ƒKƒ“”ÜAƒrƒˆƒ“ƒZ‚É‰ï‚¦‚Ä‚²–‰xH ƒVƒ‹ƒo[‚ÌuƒMƒ‰ƒMƒ‰ƒR[ƒfv‚Åƒ‰ƒCƒu’†‚à‘å”M‹¶I,https://news.yahoo.co.jp/articles/8b495cd53fc1aaed46a5545dd937d7b84ca666d2,2023/9/7(–Ø) 21:20
bazaar,Harperfs BAZAARiƒn[ƒp[ƒY ƒoƒU[j,u‚Ó‚ñ‚Ç‚µƒVƒ‡[ƒcv‰õ“K‚·‚¬‚ÄÅ‹­H@ƒfƒŠƒP[ƒgƒ][ƒ“‚Ì•‚¸‚İA‚©‚ä‚İA‘Ì‚Ì—â‚¦‚â‚Ş‚­‚İ....‰ğŒˆ‚Ì…Œû‚ÉI,https://news.yahoo.co.jp/articles/900976111e9ad7c225e0aeb3112e613641945c5b,2023/9/7(–Ø) 20:20
bazaar,Harperfs BAZAARiƒn[ƒp[ƒY ƒoƒU[j,"65Î‚Ì‘å——Dƒ~ƒVƒFƒ‹Eƒtƒ@ƒCƒtƒ@[A""‚·‚Á‚Ò‚ñ ~ ƒXƒEƒFƒbƒg"" ‚ÌƒCƒ“ƒXƒ^“Še‚Éu‰½Î‚É‚È‚Á‚Ä‚à”ü‚µ‚¢v‚Æâ^‚Ì—’I",https://news.yahoo.co.jp/articles/733a4d0be620e697659d1eef824602b2d1ee56bd,2023/9/6(…) 22:20
bazaar,Harperfs BAZAARiƒn[ƒp[ƒY ƒoƒU[j,ƒAƒ“ƒW[‚âƒTƒ‰EƒWƒFƒVƒJEƒp[ƒJ[‚àI  À‚Íu”ü—e®Œ`v‚ğó‚¯‚½‚±‚Æ‚Ì‚È‚¢ƒZƒŒƒu‚½‚¿,https://news.yahoo.co.jp/articles/438514a64f9c679d850f8a684d0df689159e9a93,2023/9/6(…) 21:20
bazaar,Harperfs BAZAARiƒn[ƒp[ƒY ƒoƒU[j,•G¬‘m‚ğ‚¾‚µ‚½ƒ`ƒƒ[ƒ‹ƒY‘‰¤‚ªƒŒƒA‚Å‰Âˆ¤‚¢ ƒJƒ~ƒ‰‰¤”ÜAƒAƒ“‰¤—‚Æu‚¨‘µ‚¢ƒR[ƒfv‚ÅƒCƒxƒ“ƒg‚Ö,https://news.yahoo.co.jp/articles/8d2a14c7cc4cacaa289019ac540cc8a3ea195bbc,2023/9/6(…) 20:20
bazaar,Harperfs BAZAARiƒn[ƒp[ƒY ƒoƒU[j,"u‘Ìˆç‚ÌŠÔ‚ª•|‚¢v—«‚Ì ""‚¨‚µ‚Á‚±˜R‚ê"" ƒgƒ‰ƒuƒ‹‚Í10‘ã‚É‚àB‘Îô–@‚Ü‚Æ‚ßyƒtƒFƒ€Šˆƒ}ƒjƒAE‘y—¬ƒ}ƒŠƒRz",https://news.yahoo.co.jp/articles/f121ffbdb3f9964b1bbf995a4c8616e16592ce6d,2023/9/6(…) 19:21
bazaar,Harperfs BAZAARiƒn[ƒp[ƒY ƒoƒU[j,"27Î‚É‚È‚Á‚½ƒ[ƒ“ƒfƒCƒ„A‚ ‚Ü‚è‚É ""¬‚³‚·‚¬‚é"" ƒuƒ‰ƒgƒbƒvp‚ğ“Še‚µAƒtƒ@ƒ“‚ğ‹Á‚©‚¹‚é",https://news.yahoo.co.jp/articles/0e3244b40e9bc61dd140d8d65e925a8aef715a65,2023/9/5(‰Î) 22:20
bazaar,Harperfs BAZAARiƒn[ƒp[ƒY ƒoƒU[j,"ƒAƒ}ƒ‹EƒNƒ‹[ƒj[Aƒtƒ@ƒ“‚ÌŠú‘Ò‚ğ— Ø‚ç‚È‚¢ ”ü‚µ‚·‚¬‚é""”§Œ©‚¹""ƒhƒŒƒX‚ÅA‰ïê‚ğˆ³“|",https://news.yahoo.co.jp/articles/944deb52d1e5e3856b635c8c09f3f4e76313398c,2023/9/5(‰Î) 21:20
bazaar,Harperfs BAZAARiƒn[ƒp[ƒY ƒoƒU[j,"ƒ\ƒtƒBƒAEƒRƒbƒ|ƒ‰‚ÌuŒµ‚µ‚·‚¬‚éqˆç‚Äv‚ÉA16Î‚Ì–º‚ª ""–Ò”½”­"" ‚µ‚Äu‘åƒoƒYƒŠvI ‚Â‚¢‚Éƒ\ƒtƒBƒA–{l‚ªŒû‚ğŠJ‚­",https://news.yahoo.co.jp/articles/653f414e6b7454c0da141ee9ecd278166c8936ab,2023/9/5(‰Î) 20:20
bazaar,Harperfs BAZAARiƒn[ƒp[ƒY ƒoƒU[j,u’©‚Ì•–‚«v‚Í’©H‚Ì‘OH‚»‚ê‚Æ‚àŒãH@‚Ç‚¿‚ç‚ª³‰ğ‚È‚Ì‚©ê–å‰Æ‚ÉASK,https://news.yahoo.co.jp/articles/2dbba1717ccb929afd1a47468bb69cb4510b3f31,2023/9/5(‰Î) 19:20
bazaar,Harperfs BAZAARiƒn[ƒp[ƒY ƒoƒU[j,ƒWƒFƒjƒtƒ@[EƒƒyƒXA©‘î‚Ìƒxƒbƒh‚©‚çuQ‹N‚«•—vƒZƒ‹ƒtƒB[‚ğ“ŠeBƒŒƒA‚ÈƒVƒ‡ƒbƒg‚Éƒtƒ@ƒ“Š½Šì,https://news.yahoo.co.jp/articles/b548b1925c4d0f70ab60881beb6a78d40bf13dc3,2023/9/4(Œ) 22:20
bazaar,Harperfs BAZAARiƒn[ƒp[ƒY ƒoƒU[j,"ƒgƒbƒvƒ‚ƒfƒ‹AƒCƒŠ[ƒiEƒVƒFƒCƒNA‘å’_‚·‚¬‚é ""“§‚©‚µƒtƒ@ƒbƒVƒ‡ƒ“"" ‚ÅƒCƒ^ƒŠƒA—·s‚ğ–‹i",https://news.yahoo.co.jp/articles/40db721175fdce23641a10e6e9067b06d6f799bc,2023/9/4(Œ) 21:20
bazaar,Harperfs BAZAARiƒn[ƒp[ƒY ƒoƒU[j,ƒwƒ“ƒŠ[‰¤qAƒhƒLƒ…ƒƒ“ƒ^ƒŠ[”Ô‘g‚Åuƒgƒ‰ƒEƒ}v‚É‚Â‚¢‚Äuˆê”Ô‹ê˜J‚µ‚½‚Ì‚Íü‚è‚Ìl‚ª’N‚à•‚¯‚Ä‚­‚ê‚È‚©‚Á‚½‚±‚Æv‚Æ–¾‚©‚·,https://news.yahoo.co.jp/articles/65df587c88479a28d0ac6aef8aaeffa8f9673d13,2023/9/4(Œ) 20:20
bazaar,Harperfs BAZAARiƒn[ƒp[ƒY ƒoƒU[j,"ƒwƒCƒŠ[Eƒr[ƒo[Aƒ~ƒjƒƒ“ƒs‚Å•vƒWƒƒƒXƒeƒBƒ“‚Æuƒ‰ƒuƒ‰ƒuvŠOoB""‚¨‚µ‚á‚ê•v•w"" ‚ÌƒŠƒ“ƒNƒR[ƒf‚ªuŠ®àø‚·‚¬‚év",https://news.yahoo.co.jp/articles/9fb792486c01773f69073dc109be821958fe8a3b,2023/9/4(Œ) 19:21
bazaar,Harperfs BAZAARiƒn[ƒp[ƒY ƒoƒU[j,Œ¢‚ÌU•àp‚ª‚Ü‚é‚Å‰f‰æ‚Ìƒƒ“ƒV[ƒ“I ƒGƒ~ƒŠ[Eƒ‰ƒ^ƒRƒEƒXƒL[‚Ìu”ü• ‹ØvƒXƒ^ƒCƒ‹‚ªu”ü‚µ‚·‚¬‚év‚Æ˜b‘è‚É,https://news.yahoo.co.jp/articles/a22bfe2e1735f854806486a53c8d1fa93b3a9c30,2023/9/3(“ú) 22:20
bazaar,Harperfs BAZAARiƒn[ƒp[ƒY ƒoƒU[j,"ƒAƒ“ƒWƒFƒŠ[ƒiEƒWƒ‡ƒŠ[Ae—F——D‚Æ ""q˜A‚êƒ}ƒ}‰ï"" ƒfƒBƒi[‚ÖI ‚³‚·‚ª‚Ìƒtƒ@ƒbƒVƒ‡ƒ“ƒZƒ“ƒX‚ª˜b‘è‚É",https://news.yahoo.co.jp/articles/e1a984b396e73e9eb3aa98e6c57b9eacd4a0f6ec,2023/9/3(“ú) 21:20
bazaar,Harperfs BAZAARiƒn[ƒp[ƒY ƒoƒU[j,"Œ³‘c ""ƒ‰ƒuƒRƒ‚Ì—‰¤"" AƒƒOEƒ‰ƒCƒAƒ“‚ª•œŠˆI 60‘ã‚Ìu‘ål‚È—öˆ¤v‚ğ•`‚¢‚½Vì‰f‰æ‚É“oê",https://news.yahoo.co.jp/articles/6f169c2d1c13a2e8b99f8f2868d677c034653524,2023/9/3(“ú) 20:20
bazaar,Harperfs BAZAARiƒn[ƒp[ƒY ƒoƒU[j,ƒX[ƒp[ƒXƒ^[‰Ìè ƒhƒŠ[Eƒp[ƒgƒ“AƒLƒƒƒTƒŠƒ“”Ü‚©‚ç‚Ì‚¨’ƒ‚Ìµ‘Ò‚ğu’f‚Á‚½v——R‚ğ–¾‚©‚·,https://news.yahoo.co.jp/articles/6f16d18ed138af0e11c4dba155a8c8683d16f149,2023/9/3(“ú) 19:20
bazaar,Harperfs BAZAARiƒn[ƒp[ƒY ƒoƒU[j,"Œ‹¥5”N–Ú‚Å‚àƒ‰ƒuƒ‰ƒu ƒWƒƒƒXƒeƒBƒ“•ƒwƒCƒŠ[Eƒr[ƒo[Au’´©‘R‘Ìv‚È ""ˆ¤ˆì‚ê‚é"" ÅVƒZƒ‹ƒtƒB[‚ğ“Še",https://news.yahoo.co.jp/articles/e1c036f7e704e28c05ffbc037c823bd0704a331c,2023/9/2(“y) 22:20
bazaar,Harperfs BAZAARiƒn[ƒp[ƒY ƒoƒU[j,ƒ~ƒ‰ƒ“ƒ_EƒJ[‚âƒiƒIƒ~EƒLƒƒƒ“ƒxƒ‹‚çˆê¢‚ğ•—êr‚µ‚½uƒ”ƒBƒNƒV[ƒ‚ƒfƒ‹v‚½‚¿A¡‰½‚µ‚Ä‚é!?@‘ål‹Cƒ‚ƒfƒ‹‚½‚¿‚ÌŒ»İ‚Æ‰ß‹‚ğ”äŠr,https://news.yahoo.co.jp/articles/088700b4ce45f74f0713da7f2627e3b2b989641f,2023/9/2(“y) 21:20
bazaar,Harperfs BAZAARiƒn[ƒp[ƒY ƒoƒU[j,‚È‚ºH ’j«‚æ‚è—«‚Ì‚Ù‚¤‚ªu•‚‹C‚µ‚â‚·‚¢v‹Á‚­‚×‚«——R,https://news.yahoo.co.jp/articles/f8ee2bfceeb05f81bd9fc6bdaaeb837c6d3b22dc,2023/9/2(“y) 20:20
bazaar,Harperfs BAZAARiƒn[ƒp[ƒY ƒoƒU[j,3–¼‚Ì“ú–{l‚àQ‰ÁI HYBEåÃ‚ÌVƒI[ƒfƒBƒVƒ‡ƒ“”Ô‘gwThe Debut: Dream Academyx‚Â‚¢‚Én“®B¢ŠE‚ÌƒJƒŠƒXƒ}‚ª¨‚¼‚ë‚¢I,https://news.yahoo.co.jp/articles/486e0029fb20d3e448a44df4fd2f1a4e16b3258b,2023/9/2(“y) 19:20
bazaar,Harperfs BAZAARiƒn[ƒp[ƒY ƒoƒU[j,u’ÉX‚µ‚¢“¬•a¶Šˆv‚ğ–¾‚©‚µ‚½ƒxƒ‰EƒnƒfƒBƒbƒh‚ª‚·‚Á‚©‚è‰ñ•œI ƒoƒJƒ“ƒX‚Å”üƒ{ƒfƒB‚ğ”â˜I,https://news.yahoo.co.jp/articles/3e18524caae7894037d66e61a2e1bb5e84e0b55d,2023/9/1(‹à) 23:00
bazaar,Harperfs BAZAARiƒn[ƒp[ƒY ƒoƒU[j,ƒ[ƒKƒ“”ÜAƒwƒ“ƒŠ[‰¤q‚Æè‚ª‚¯‚éƒhƒLƒ…ƒƒ“ƒ^ƒŠ[”Ô‘g‚Éu’N‚æ‚è‚à–Ú—§‚Âv^‚ÁÔ‚ÈƒXƒŠƒbƒgƒhƒŒƒX‚ÅƒJƒƒIo‰‰,https://news.yahoo.co.jp/articles/681563e734c3807d77db90f8ad800c319b5e0329,2023/9/1(‹à) 22:10
bazaar,Harperfs BAZAARiƒn[ƒp[ƒY ƒoƒU[j,1”N‚ÅÅ‚àu—£¥—¦‚ª‘½‚¢v‚Ì‚Í‰½ŒH ’²¸‚ÌŒ‹‰Ê‚Æ——R‚ª–¾‚ç‚©‚É,https://news.yahoo.co.jp/articles/e5f8f595b23dff8a387e4de10c949add9a6b1434,2023/9/1(‹à) 20:20
bazaar,Harperfs BAZAARiƒn[ƒp[ƒY ƒoƒU[j,‡–°•s‘«‚¾‚¯‚¶‚á‚È‚¢I ‚¢‚Â‚à”æ‚ê‚Ä‚¢‚éA‘Ì‚ª‚¾‚é‚¢cc‚»‚ÌˆÓŠO‚È——R‚Íu“œ¿‚Ì‚Æ‚è‚·‚¬v‚âu…•ª•s‘«v‚ªŒ´ˆö‚Ì‰Â”\«‚ ‚è,https://news.yahoo.co.jp/articles/3ebdfcb7de8b5ff587607c60ba507edc09f89131,2023/9/1(‹à) 19:20
bazaar,Harperfs BAZAARiƒn[ƒp[ƒY ƒoƒU[j,"""ŠïÕ‚Ì10“ªghI ŠØ‘ƒAƒCƒhƒ‹uIVEvƒEƒHƒjƒ‡ƒ“Ag’·173‡p‚Å’…‚±‚È‚·‚¨‚µ‚á‚ê„•3‘I",https://news.yahoo.co.jp/articles/5723598b75d3d44b000d0275105a122aeaddbb6f,2023/8/31(–Ø) 22:20
bazaar,Harperfs BAZAARiƒn[ƒp[ƒY ƒoƒU[j,•\Q“¹‚ÉBTSEViƒeƒej•ƒpƒNEƒ{ƒSƒ€‚ª~—ÕI “Á•ÊƒCƒ“ƒ^ƒrƒ…[‚Ìu— ˜bv,https://news.yahoo.co.jp/articles/1e280dd5374442551f0c25040041d82f1c4a47f0,2023/8/31(–Ø) 20:20
bazaar,Harperfs BAZAARiƒn[ƒp[ƒY ƒoƒU[j,"—D—\‘ª‰¿Ši‚Í1000–œ‰~’´I gˆß‘•‚©‚Ô‚è"" ‚Å˜b‘è‚É‚È‚Á‚½ƒ_ƒCƒAƒi”Ü‚Ìu‚¨‹C‚É“ü‚èƒhƒŒƒXvAƒI[ƒNƒVƒ‡ƒ“‚Éo•i‚Ö",https://news.yahoo.co.jp/articles/c130efea4f1704ceabcb6551f892216d1128e3e5,2023/8/31(–Ø) 19:32
bazaar,Harperfs BAZAARiƒn[ƒp[ƒY ƒoƒU[j,ƒAƒ}ƒ‹EƒNƒ‹[ƒj[‚ªƒxƒlƒ`ƒA‚Å”â˜I‚µ‚½ƒ~ƒjƒhƒŒƒX‚©‚ç‚Ì”ü‹r‚ªuƒGƒCƒWƒŒƒXvu”ü‚µ‚·‚¬‚év‚Æ˜b‘è,https://news.yahoo.co.jp/articles/6830febd783404e7a1f6487c15b001b250a57147,2023/8/30(…) 23:20
bazaar,Harperfs BAZAARiƒn[ƒp[ƒY ƒoƒU[j,‰p‰¤ºAƒwƒ“ƒŠ[‰¤q‚ÆŒğÛ’†‚Éƒhƒ‰ƒ}wSUITS/ƒX[ƒcx‚Éo‰‰‚µ‚Ä‚¢‚½ƒ[ƒKƒ“”Ü‚ÌƒZƒŠƒt‚É‚Â‚¢‚ÄA§ì‘¤‚ÉuNGƒ[ƒhv‚ğw“E‚µ‚Ä‚¢‚½,https://news.yahoo.co.jp/articles/2332192387c96333fb373d1347cea64764e12e18,2023/8/30(…) 22:20
bazaar,Harperfs BAZAARiƒn[ƒp[ƒY ƒoƒU[j,"ƒVƒƒƒ‹ƒŒ[ƒkŒö”Ü‚Æ‚Í‚Â‚¢‚É—£¥H uˆ«‚¢—•Èv‚ªâ‚¦‚È‚¢ƒvƒŒƒCƒ{[ƒC‚ÌƒAƒ‹ƒx[ƒ‹‘åŒöA""Œ³ƒJƒm"" ‚Æƒp[ƒeƒB‚Ö",https://news.yahoo.co.jp/articles/34aa3706f2ae7c65dd99edf8c02b7d15892aeefa,2023/8/30(…) 21:20
bazaar,Harperfs BAZAARiƒn[ƒp[ƒY ƒoƒU[j,VŒ^ƒRƒƒi‚ÉŠ´õ‚·‚é‚Æu‚ŒŒˆ³v‚ÌƒŠƒXƒN‚ªã‚ª‚é‚±‚Æ‚ªVŒ¤‹†‚Å”»–¾BƒƒNƒ`ƒ“Úí‚É‚æ‚è‚ŒŒˆ³”­ÇƒŠƒXƒN‚ğ‰º‚°‚é‰Â”\«‚ª‚ ‚é‚±‚Æ‚à¦´,https://news.yahoo.co.jp/articles/15fe14f12e64ccaab44b43ee135d3c46b99a77a7,2023/8/30(…) 20:20
bazaar,Harperfs BAZAARiƒn[ƒp[ƒY ƒoƒU[j,ƒ‚ƒfƒ‹‚ÅƒGƒbƒZƒCƒXƒg‚Ì‹vZ‚ ‚ä‚İ‚ª–¾‚©‚·uƒGƒŒƒKƒ“ƒg‚ÈƒI[ƒ‰v‚ğ•ú‚Âƒrƒ…[ƒeƒBƒƒ\ƒbƒh‚ÍHuˆç™‚Æ©•ª–‚«v‚Ì—¼—§–@‚à“`ö,https://news.yahoo.co.jp/articles/2343cbf796c436849c61714aabe1e1aca03d45d4,2023/8/30(…) 19:21
bazaar,Harperfs BAZAARiƒn[ƒp[ƒY ƒoƒU[j,ƒfƒ…ƒAEƒŠƒpA‰f‰æwƒo[ƒr[x‚ÌV‹È‚ªA‘å“–‚½‚èƒqƒbƒg‚Å‘å‹»•±I@u’®‚¢‚Ä‚­‚ê‚éƒtƒ@ƒ“‚ÉŠ´Ó!!v,https://news.yahoo.co.jp/articles/519b4b60ea3d9bd30594e9f5020b4d62c99f167b,2023/8/29(‰Î) 23:20
bazaar,Harperfs BAZAARiƒn[ƒp[ƒY ƒoƒU[j,"ƒpƒŠƒXEƒqƒ‹ƒgƒ“A¶Œã7ƒ–Œ‚Ìˆ¤‘§q‚Æ “ì‘•—‚È ""eqƒyƒAƒ‹ƒbƒN""‚ğ”â˜II",https://news.yahoo.co.jp/articles/5ecec02d1e0fd5c98b635f77329bdae40ce8ccab,2023/8/29(‰Î) 22:20
bazaar,Harperfs BAZAARiƒn[ƒp[ƒY ƒoƒU[j,ˆâ“`‚ªŒ´ˆö‚Ìu’j«Œ^’E–ÑÇv‚Å26Î‚©‚çu”²‚¯–Ñv‚Æ“¬‚Á‚Ä‚«‚½ƒnƒŠƒEƒbƒh——D‚ª‚â‚Á‚Æo‰ï‚¦‚½u©•ª‚Ì”¯‚ğ¶‚«•Ô‚ç‚¹‚évˆç–Ñ»•i,https://news.yahoo.co.jp/articles/5504fb3336a45b2375dd88319f216aff8f77bee1,2023/8/29(‰Î) 21:20
bazaar,Harperfs BAZAARiƒn[ƒp[ƒY ƒoƒU[j,—¬Y‚ğŒoŒ±‚µ‚½—«‚ª‚ ‚é“ú‚¨‚»‚í‚ê‚½uv‚¢o‚µ—Üv‚Æu“Ë‘R‚Ìƒtƒ‰ƒbƒVƒ…ƒoƒbƒNvcÀ‚Í‹°•|‚Å‚Í‚È‚­uƒgƒ‰ƒEƒ}‚©‚ç‰ğ•úv‚ÌƒTƒCƒ“‚Å‚ ‚é‚±‚Æ‚ªŒ¤‹†‚Å”»–¾,https://news.yahoo.co.jp/articles/a152c83f39a4c1ec6304922ca6442139f0ba584e,2023/8/29(‰Î) 19:20
bazaar,Harperfs BAZAARiƒn[ƒp[ƒY ƒoƒU[j,"ƒˆƒbƒg‚É”ü—WŒ‹I ƒPƒ“ƒ_ƒ‹EƒWƒFƒ“ƒi[•ƒwƒCƒŠ[Eƒr[ƒo[‚ç‚ª‹‰Ø‚·‚¬‚é ""—q‰ï"" ƒp[ƒeƒB‚ğŠJÃ",https://news.yahoo.co.jp/articles/35232777483937f5474715fd5f6509f3fc7f1941,2023/8/28(Œ) 23:10
bazaar,Harperfs BAZAARiƒn[ƒp[ƒY ƒoƒU[j,yƒlƒ^ƒoƒŒ’ˆÓzwSATCxƒTƒ}ƒ“ƒT‚ª‚Â‚¢‚É‹A‚Á‚Ä‚«‚Äƒtƒ@ƒ“Š½ŠìI —ğj“I‚Èo‰‰ƒV[ƒ“‚ğU‚è•Ô‚è,https://news.yahoo.co.jp/articles/210744439e97ff38b3326a0320125083e1a81706,2023/8/28(Œ) 22:20
bazaar,Harperfs BAZAARiƒn[ƒp[ƒY ƒoƒU[j,"‚Ü‚é‚Åƒhƒ‰ƒ}‚Ì‚æ‚¤‚È ""–{•¨‚Ì"" ‰¤q‚³‚Ü 24Î‚É‚È‚Á‚½ƒfƒ“ƒ}[ƒN‚ÌƒjƒRƒ‰ƒC‰¤qiŒ»ƒ‚ƒ“ƒyƒU”Œİj‚Ì”üÂ”N‚Á‚Õ‚è‚ğU‚è•Ô‚è",https://news.yahoo.co.jp/articles/31901c0109b4f2a5d8c8ee539a830ab1e5ef1a2d,2023/8/28(Œ) 21:20
bazaar,Harperfs BAZAARiƒn[ƒp[ƒY ƒoƒU[j,gô‚í‚¸‚ÉH‚×‚ç‚ê‚éh –ìØ‚ÍŠëŒ¯ Netflixwƒ|ƒCƒYƒjƒ“ƒO: H‚Éö‚Ş‰˜‚ê‚½^Àx‚É‚æ‚è˜b‘è‚Æ‚È‚éug‹ß‚ÈH’†“Åv‚Ì‹°•|,https://news.yahoo.co.jp/articles/c5c20fb5524789a65f0540462b7ed4c34f7bc28e,2023/8/28(Œ) 20:20
bazaar,Harperfs BAZAARiƒn[ƒp[ƒY ƒoƒU[j,•ÄƒXƒ^[ƒoƒbƒNƒXAH‚Ì‘ål‹Cu’è”Ôƒƒjƒ…[v‚ğŠO‚µAƒtƒ@ƒ“‚©‚ç—’_‚Ìº,https://news.yahoo.co.jp/articles/b3d101321b8f677763c7399b0e35da1a0fb7fc8a,2023/8/28(Œ) 19:21
bazaar,Harperfs BAZAARiƒn[ƒp[ƒY ƒoƒU[j,¢ŠE‚ğ—¸‚É‚·‚éBLACKPINKƒWƒFƒj[‚Ìul‹C‚Ô‚èv‚ª•ª‚©‚éu5‚Â‚Ì–Àv,https://news.yahoo.co.jp/articles/27dcd7eb0d63f92b50adb06ece0ef2c5449328e0,2023/8/27(“ú) 23:54
bazaar,Harperfs BAZAARiƒn[ƒp[ƒY ƒoƒU[j,¶—’†‚Éu”DPv‚·‚é‰Â”\«‚ÍH@ê–å‰Æ‚ª•p“x‚âƒ^ƒCƒ~ƒ“ƒO‚Æ‚Æ‚à‚É‰ğà,https://news.yahoo.co.jp/articles/c310717fc0a37d7b7e4162bd7a9a2fed426464bb,2023/8/27(“ú) 20:20
bazaar,Harperfs BAZAARiƒn[ƒp[ƒY ƒoƒU[j,«—ˆuoYv‚ğl‚¦‚élAƒLƒƒƒŠƒA‚É”Y‚Ş•êe‚½‚¿‚Öu‘½‚­‚Ì‰Â”\«v‚ğB33Î‚Ì—«CEOA•Ÿ“cŒb—¢‚Ì•`‚­¢ŠE,https://news.yahoo.co.jp/articles/c915c2e52282c4a89768b272d3f2bdd34a8fa501,2023/8/27(“ú) 19:20
bazaar,Harperfs BAZAARiƒn[ƒp[ƒY ƒoƒU[j,ƒZƒbƒNƒXEƒVƒ“ƒ{ƒ‹‚Æ‚µ‚Äˆê¢‚ğ•—êr‚µ‚½ƒpƒƒ‰EƒAƒ“ƒ_[ƒ\ƒ“AŒ»İ‚Íuƒm[ƒƒCƒNvuƒiƒ`ƒ…ƒ‰ƒ‹”hv‚É“]ŒüB‚»‚Ì——R‚ğŒê‚é,https://news.yahoo.co.jp/articles/ec13f4533be62b52365ab0c1be860c89188b6b9f,2023/8/26(“y) 23:10
bazaar,Harperfs BAZAARiƒn[ƒp[ƒY ƒoƒU[j,g‚ÉŠo‚¦‚Ì‚È‚¢u‚ ‚´v‚ÍŠë‚È‚¢I‘Ì‚©‚ç‚ÌŒxƒTƒCƒ“A——R‚ğˆãt‚ª‰ğà,https://news.yahoo.co.jp/articles/557835b9a0e169264c221ce488bd3f645f1ee6b4,2023/8/26(“y) 21:20
bazaar,Harperfs BAZAARiƒn[ƒp[ƒY ƒoƒU[j,ƒLƒƒƒTƒŠƒ“”Ü‚ÌƒgƒŒ[ƒhƒ}[ƒNAƒGƒŒƒKƒ“ƒg‚ÈuŠª‚«”¯vƒXƒ^ƒCƒ‹‚Ìì‚è•û,https://news.yahoo.co.jp/articles/6e87f398f800422fdd9ca77fef707ca77b665657,2023/8/26(“y) 20:20
bazaar,Harperfs BAZAARiƒn[ƒp[ƒY ƒoƒU[j,ƒ~ƒ‹ƒNƒVƒFƒCƒN‚ğˆù‚ñ‚¾3l‚ª€–SB•Ä‘‚Å‹N‚«‚½H’†“Å–ŒAŒ´ˆö‚ÍuƒŠƒXƒeƒŠƒA‹Ûv‚Æ”»–¾,https://news.yahoo.co.jp/articles/0f67885d391c1f67341f0c3012fc41311b8da9d9,2023/8/26(“y) 19:20
bazaar,Harperfs BAZAARiƒn[ƒp[ƒY ƒoƒU[j,ƒfƒ…ƒAEƒŠƒpA28Î‚Ìuƒo[ƒXƒf[Ÿ•‰•v‚É‘I‚ñ‚¾‚Ì‚ÍA^‚ÁÔ‚ÈƒhƒŒƒXI,https://news.yahoo.co.jp/articles/3b30a60b8ca0dcdcc661b70e202fd47a4da54c9b,2023/8/25(‹à) 23:30
bazaar,Harperfs BAZAARiƒn[ƒp[ƒY ƒoƒU[j,ƒnƒ‹EƒxƒŠ[‚ª15Î‚Ì–º‚Æƒsƒ“ƒN‚ÌƒŠƒ“ƒNƒR[ƒfI uƒ~ƒjƒXƒJƒXƒ^ƒCƒ‹v‚Å’a¶“ú‚ğ‚¨j‚¢,https://news.yahoo.co.jp/articles/ef059a3752a1e8b334b824af8a6bfa642072d3c7,2023/8/25(‹à) 22:20
bazaar,Harperfs BAZAARiƒn[ƒp[ƒY ƒoƒU[j,u˜eŠ¾v‚âuŠ¾ƒWƒ~v‚É”Y‚Ş‚Ğ‚Æ•KŒ©...I ˆãt‚ª‹³‚¦‚éA˜eŠ¾‚ğŠÈ’P‚É~‚ß‚é•û–@,https://news.yahoo.co.jp/articles/d30b5b3c48ae48b51c5a16a0260701b99ac25f91,2023/8/25(‹à) 20:20
bazaar,Harperfs BAZAARiƒn[ƒp[ƒY ƒoƒU[j,"”M‚¢ƒLƒXI ƒWƒFƒjƒtƒ@[EƒƒyƒXAƒxƒ“EƒAƒtƒŒƒbƒN‚Æ‚ÌŒ‹¥1ü”N‚ğ‹L”O‚µ‚Ä ""‚¨‚Ì‚ë‚¯"" Ê^‚ğƒVƒFƒA",https://news.yahoo.co.jp/articles/407da7bb8dc796e45f1247e052d94cb5e959b1c7,2023/8/25(‹à) 19:20
