media_en,title_articles,link_articles,date_original
womensh,「熟睡」を手にする最高の方法を鼻専門医が伝授,https://news.yahoo.co.jp/articles/625a05d7f3ed4c97c9622a6419ea66ebfee4d9d6,9/27(水) 17:04
womensh,無視してはいけない虫刺され4選,https://news.yahoo.co.jp/articles/d95b62b29d660774922caba1f5755e76433db389,9/26(火) 21:03
womensh,痩せるための運動は朝に行うのがベスト？新たな研究結果を専門家が解説,https://news.yahoo.co.jp/articles/1fb5113c9eebc05e26c8dbce08d3bb936f4d1960,9/26(火) 20:04
womensh,「人生、何が起こるか分からない」米大統領夫人ジル・バイデンの強さの秘密,https://news.yahoo.co.jp/articles/a4e0b42fe104d8982513e94991793a75aa3e38a7,9/26(火) 19:03
womensh,「毎日運動しない人生は、逆にリスク」河村真木子が実践する超・健康法,https://news.yahoo.co.jp/articles/05a918d797ecb647ba318c69c31bc62a19b85bd4,9/26(火) 17:04
womensh,モデルが1週間「SNS」やめてみた結果…心と体に起こった変化,https://news.yahoo.co.jp/articles/103b52d818249cad6f8e181ce62abedb1589f7c1,9/25(月) 21:01
womensh,帝王切開の傷も堂々披露！成長がゆっくりな息子と、ダウン症の娘を授かって気づいた「本当の幸せ」,https://news.yahoo.co.jp/articles/149ca73a8c7655b35c11bdfa92018ea426e8ad40,9/25(月) 19:03
womensh,赤ちゃんのおしゃぶりは睡眠や歯にダメージを与えるのか,https://news.yahoo.co.jp/articles/36cbfe9b39539f48dfefec311025bf8a62be1de8,9/24(日) 21:00
womensh,運動のしすぎもサプリに頼り過ぎも体には毒かも,https://news.yahoo.co.jp/articles/6583af009368d8bf3c25593864e0c97587557735,9/24(日) 19:00
womensh,妊娠中の女性はお肉を食べなきゃいけないの？栄養士2人の異なる見解,https://news.yahoo.co.jp/articles/2be0e098b996e810557a9c3e6e39478de0c2b71e,9/23(土) 21:03
womensh,“完璧な人”であることをやめて手に入れたもの,https://news.yahoo.co.jp/articles/d596904ee2d15a5ac331cdc6ae459a77c5f8ab28,9/23(土) 19:03
womensh,よく眠れなかった翌日に！睡眠の専門家おすすめのアクション5,https://news.yahoo.co.jp/articles/54e46207aedccc97d7b0f189ba798749aec36ab3,9/22(金) 20:03
womensh,【感情と食】仕事で疲れ切った日、人間関係でいやなことがあった日。ストレス食いしてしまう理由と改善法,https://news.yahoo.co.jp/articles/db0e05879889f87cdbbec4e41c66eb73558abbca,9/22(金) 19:04
womensh,1日スプーン1杯の肝油が健康にもたらす効果,https://news.yahoo.co.jp/articles/38ecd695987b205b1e524bf56624f7566449aeb8,9/21(木) 21:02
womensh,”病気にかかりやすい性格”があるって本当？　対処法は？【臨床心理士が指南】,https://news.yahoo.co.jp/articles/fbc1aa731d7faf06fdb3f8c86496a2e747ecaad8,9/21(木) 20:04
womensh,皮膚科専門医が解説！ 「乾燥肌」と「脱水肌」の違い,https://news.yahoo.co.jp/articles/faa4e9394851057069e2ed3a2093a2ec719260b3,9/21(木) 19:03
womensh,お尻を大きくするにはスクワットとヒップスラスト、どっちのほうが効果的なのか,https://news.yahoo.co.jp/articles/47c70f719f1705be124e664a79f6d80cc3421a81,9/21(木) 17:05
womensh,ポジティブを強要しない「ボディニュートラリティ」という考え方,https://news.yahoo.co.jp/articles/70b709ffd1fbec3a1438a249cc6bd8e8c868491f,9/20(水) 21:02
womensh,ウェルネスのプロが伝授：日記を使って自信と共感力を高める方法,https://news.yahoo.co.jp/articles/1923213b10cf11f305fab053f081cd67622f29c8,9/20(水) 20:03
womensh,パスタは太りやすい食品ではなかった!?分析研究で明らかに,https://news.yahoo.co.jp/articles/2446e05fc23e595565ff5b670b4476e405fc4cc9,9/20(水) 19:03
womensh,ミネラルサンスクリーンは他のタイプの日焼け止めより安全なのか,https://news.yahoo.co.jp/articles/ed0a938e916f5a07a2aea4c4a6ea45d455e28e03,9/20(水) 17:02
womensh,【宮城】現地のヨガインストラクターが太鼓判！　おすすめのスポットや手土産をご紹介！,https://news.yahoo.co.jp/articles/dad1337d9aecfd838b8a6b5677551dbb37b566a0,9/19(火) 21:01
womensh,疲労が限界に達しているときに出る10の症状,https://news.yahoo.co.jp/articles/c22278d908b58d9bc107d5cd542a808bf73adeaf,9/19(火) 20:04
womensh,【6カ月実践】毎週火曜日、ごみ拾いとランニングをして起こった変化・やり方・準備するもの,https://news.yahoo.co.jp/articles/13c2a861796d236dc3b941e879d4fb644457cb13,9/19(火) 19:03
womensh,【2023年最新】思わず教えたくなる！サステナブルなシューズ7選,https://news.yahoo.co.jp/articles/279e6705975a37d97d10ec8898212a06bab5fe06,9/19(火) 17:00
womensh,いつもの食事にプラスするだけで栄養価アップ！　食事の質を上げる組み合わせ,https://news.yahoo.co.jp/articles/ab114d5537b032dcd9b62d4ce716aa3cd0e686c9,9/18(月) 21:02
womensh,「錆びつき症候群」って？燃え尽き症候群との違いや抜け出すヒントを専門家が伝授,https://news.yahoo.co.jp/articles/7f5fe9409f54769e8c9bb434d5275d3b8e51bd64,9/18(月) 19:02
womensh,調査で判明：妊娠中の運動で赤ちゃんの心臓が強くなるかも！,https://news.yahoo.co.jp/articles/cfecf88303dae1581dd3a6de65ecd9a977837704,9/17(日) 21:00
womensh,【静岡県】おしゃれな宿泊場所やホットスポットなど、現地出身・在住のヨガインストラクターがご紹介！,https://news.yahoo.co.jp/articles/9deef25db416fbfed54d147cf89a1518860ef25a,9/17(日) 19:00
womensh,【EAT BEAUTY】『エミリー、パリへ行く』で再びトレンドとなった、魔法のねぎスープのアレンジレシピ,https://news.yahoo.co.jp/articles/1b1ab460cb64b30a4010f72ac7fd1fc3be429207,9/16(土) 21:00
womensh,ベッドタイムの2～3時間前に！　快眠をもたらす夜の間食6選,https://news.yahoo.co.jp/articles/cbd9a662145662a203c54fe23435dff8c460c894,9/16(土) 19:04
womensh,専門家の見解：人気沸騰中のサプリ「ベルベリン」は本当に「天然のダイエット薬」なのか,https://news.yahoo.co.jp/articles/5aa3bd6ece1f047aa2f0f09253412cf8abf2b571,9/15(金) 21:00
womensh,エキスパートが解説！　パートナーへの愛が冷めている10のサイン,https://news.yahoo.co.jp/articles/5799a44f05229c9adeff7aa3ef05725e62c3db7a,9/15(金) 19:05
womensh,仕事からプライベートに「切り替える能力」を失っている人が続出中,https://news.yahoo.co.jp/articles/d762ad95e06bf3b7c02e13c5841203beb019f447,9/14(木) 21:01
womensh,「ウソをつくこと」は心と体に悪い？行動科学者が教える5つの真実,https://news.yahoo.co.jp/articles/27194f7409257c6a9a7da22c91f6541df48400a5,9/14(木) 20:03
womensh,兵庫に来たらココに行って！　おすすめの宿泊場所やウェルネススポットをご紹介！,https://news.yahoo.co.jp/articles/ba8ff6835c8d2dd13aff7a0764f4f21a989aebf1,9/14(木) 19:05
womensh,目指せ！くびれ女子　ウエストトレーニングだけでは理想の体は作れない,https://news.yahoo.co.jp/articles/a4151e68fbf022c66e686876896feb1aeb9f35a5,9/14(木) 17:02
womensh,実家に帰るとモヤモヤ……「帰省ストレス」の対処法【臨床心理士・南舞さんのあるある！ココロの相談室】第7回,https://news.yahoo.co.jp/articles/de204932708dadcb3d0e2c1512c1c977da39fa2a,9/13(水) 21:04
womensh,心理学者に学ぶ、2人の関係を再燃させるための4つのヒント,https://news.yahoo.co.jp/articles/94b2118b7ceea7af7ae5416c4ff21d609c8e282d,9/13(水) 20:03
womensh,大阪に行ったらここを訪れるべし！　現地生まれ・在住のヨガインストラクターが紹介するおすすめスポットは？,https://news.yahoo.co.jp/articles/be5039afa703af08946448a4a5e46b195cac2eef,9/13(水) 19:04
womensh,【短い・太い・歪んでいる】廣田なおが教える、美脚習慣,https://news.yahoo.co.jp/articles/51b13443c9cb971fed40fadf97608581aab03494,9/13(水) 19:04
womensh,日焼けや秋花粉対策にも！抗炎症作用のあるヘルシーフード,https://news.yahoo.co.jp/articles/6d98ed1f47afd055c84499dff0ba0302ef273cfa,9/12(火) 21:00
womensh,あまり知られていない、日焼け止めを塗る4つのメリット,https://news.yahoo.co.jp/articles/0a079680aac9c8df505ee116609d1436823a400f,9/12(火) 19:05
womensh,恋愛カウンセラーが解説！“一目ぼれ”は本当にあるのか,https://news.yahoo.co.jp/articles/77401438585c26a60430271958cf380ee8ad585d,9/11(月) 21:00
womensh,ウィリアム皇太子も！色覚異常を公表している有名人4人,https://news.yahoo.co.jp/articles/7a64be44eedd568059b29ab5e7597ededea4ee8c,9/11(月) 19:05
womensh,あなたの生理痛が極端にひどい6の理由,https://news.yahoo.co.jp/articles/895dc3200b956ee4d997c581a7f2aad00207d93c,9/10(日) 21:00
womensh,食生活に「ニゲラの種」を取り入れるべき4の理由,https://news.yahoo.co.jp/articles/10090b80751450ddb088b69576ee0e544ba6aceb,9/10(日) 19:02
womensh,いつも疲れている、体がだるい、重い…その原因と改善策を専門家が解説,https://news.yahoo.co.jp/articles/ab594b7b5298cabcf081fef040ca1926a63c3a18,9/9(土) 21:03
womensh,使用期限が切れている日焼け止めの見極め方,https://news.yahoo.co.jp/articles/6095f07f506afb1d40b9a997bda48dcb696d44b3,9/9(土) 19:02
womensh,「極端な食事」は死亡リスクを高める？日本の研究結果が示唆,https://news.yahoo.co.jp/articles/1b75bf50f0df6cac0f369767fa09a7cfac882caf,9/8(金) 21:02
womensh,【宮崎県】ピラティスインストラクターが現地のおすすめスポット＆名物をご紹介！,https://news.yahoo.co.jp/articles/716510eefdf7800d9d36a166c6053098f4a499fd,9/8(金) 19:03
womensh,ワークアウトの前後に必要なスキンケアの方法,https://news.yahoo.co.jp/articles/654121423312c6f8724adb3a936b973c551c8cde,9/7(木) 21:02
womensh,心理学者が解説「トラウマ的な経験がギフトになることもある」,https://news.yahoo.co.jp/articles/abcfd1be6f2d110d3a29aa1c02fab3a884eb39d9,9/7(木) 19:04
womensh,【マウイ島火事】被災者をサポートする、ハワイ生まれのブランド,https://news.yahoo.co.jp/articles/f1c03c48c6779973e649617a98ef67d347215ed3,9/6(水) 21:02
womensh,【骨盤底筋の基礎知識】緩むと尿漏れの原因に？産婦人科医の高尾美穂先生がレクチャー,https://news.yahoo.co.jp/articles/f3175094f5d9ea05aee227da2107efbe75779f80,9/6(水) 19:03
womensh,チーズは冷凍保存が可能！正しい解凍方法や冷凍NGの種類を解説,https://news.yahoo.co.jp/articles/8b80b4610e0162bed976a7fd260bb0b805374356,9/5(火) 21:00
womensh,辛いもの、すっぱいものに注意！　アーユルヴェーダ的「夏の食事法」,https://news.yahoo.co.jp/articles/0954e1fc09f0b2c2a2742fd8ecfc49a5a05033a1,9/5(火) 19:02
womensh,簡単にできる！「心を落ち着ける呼吸法」を、セラピストが伝授,https://news.yahoo.co.jp/articles/a43e992b458a1ec6d87f0ff8cce2771dcfe8150b,9/4(月) 21:01
womensh,オリーブオイルで認知症による死亡リスクが大幅減？研究で明らかに,https://news.yahoo.co.jp/articles/de721fc08c17d59ddb28b4ef409549e2afedaf6e,9/4(月) 19:02
womensh,夏の疲れをリフレッシュする5つの方法,https://news.yahoo.co.jp/articles/8eb610c0743acb0df540183cf9c68181a39174a9,9/3(日) 21:01
womensh,肉と魚だけじゃない！　美しくなりながらタンパク質が摂れる野菜,https://news.yahoo.co.jp/articles/b386d52eae78eb7fc16846144e16a873dd0e6abc,9/3(日) 19:02
womensh,【埼玉県】おすすめの宿泊場所や手土産など、現地のおしゃれインストラクターがご紹介！,https://news.yahoo.co.jp/articles/e24ce8c903f61504a2b1404840de01f6a56f39cd,9/2(土) 21:01
womensh,【EAT BEAUTY】材料3つで簡単！　ストロベリーソルベの作り方,https://news.yahoo.co.jp/articles/37eae5054dd48051816575072a8389b80e4c2494,9/2(土) 19:04
womensh,快腸以上のメリットも！　インフルエンサーがプロバイオティクスを3週間飲んでみた,https://news.yahoo.co.jp/articles/7d4360968385261c77e77aadbdbbd37b6c143427,9/1(金) 21:02
womensh,「娘を守るため」スパイスガールズのメルCが家でダイエットの話を禁じる理由,https://news.yahoo.co.jp/articles/affc00678cc436b3909a8deeec39b9b579bce6d4,9/1(金) 19:06
womensh,白髪が消える！　アムラオイルの基礎知識,https://news.yahoo.co.jp/articles/2bb21cbdb04bd71fcff224c158353ea459198547,8/31(木) 21:01
womensh,ベッドでゴロゴロするセルフケア？！「Bed Rottiong (ベッド・ロッティング)」の注意点,https://news.yahoo.co.jp/articles/5ce22cc7d6b470f8ce69d1157fdde855e2610cd3,8/31(木) 19:02
womensh,群馬県在住ヨギーニがおすすめするウェルネススポット＆ヘルシー手土産！,https://news.yahoo.co.jp/articles/062c4bf0dcb1de0b77cd59ebe36760cb0e16da86,8/30(水) 21:00
womensh,髪を早く伸ばしてフサフサにするためのコツ,https://news.yahoo.co.jp/articles/10d943d9415e59a6a5167e40beb32d6ee098e499,8/30(水) 19:06
womensh,気候変動による猛暑を乗り切るためにできること,https://news.yahoo.co.jp/articles/372ced89e5bcfdae332e0e6e507b564a4ccd6606,8/29(火) 21:00
womensh,他人や自分をジャッジしてしまう自分に気づいたら、それを「伸びしろ」にする方法,https://news.yahoo.co.jp/articles/8edf7de3d755753c460ec0fd63dab5d16699fa5a,8/29(火) 19:04
womensh,日焼け止めを塗りたくっても焼けてしまうのは一体ナゼ？,https://news.yahoo.co.jp/articles/ff7a0c8b320c1aeed652647bfb4d0b1253ce573d,8/28(月) 21:00
womensh,体が喜ぶ、目覚める！　キレイに痩せる4つの食べ方,https://news.yahoo.co.jp/articles/da77ce2db53b28d414ef18204fca4408a7f904b6,8/28(月) 19:05
womensh,山梨県のおすすめスポット、買うべき手土産はコレ！　現地生まれのヘルシー女子が熱弁,https://news.yahoo.co.jp/articles/8791596de003bca9f85ca8214ede9e41e4610ac3,8/27(日) 21:00
womensh,夏休み前の人必見。「旅行太り」しない理由と7つのルール,https://news.yahoo.co.jp/articles/3c4e3723069c04b24e85f0ddbcdb33018cbfc60f,8/27(日) 19:04
womensh,【三重県】必見！　現地のヨギーニが教えるホットスポット&おすすめ手土産,https://news.yahoo.co.jp/articles/5e694655ff52fd3d79933525ee0b39d3d4880346,8/26(土) 21:00
womensh,【スキンケアの疑問】次のステップは何分待ってから？専門家が解説,https://news.yahoo.co.jp/articles/8cc0ecfe91a1861fcb367383efd6ad850f800770,8/26(土) 19:03
womensh,4人に1人が経験する「妊娠中絶」を、もっとオープンに語ろう,https://news.yahoo.co.jp/articles/7ece17b24ad081fcd178fe2705345c7bdad0fc57,8/25(金) 21:00
womensh,夏でも湯舟につかるのはメリットだらけ？　『マインドフルネス入浴法』を 2 週間続けてみたら,https://news.yahoo.co.jp/articles/7903beab67273db7753e37ba5acb286f11682044,8/25(金) 19:06
womensh,「破局的思考」を解説,https://news.yahoo.co.jp/articles/71ac19408f9a7aea4353b1136955228796b1f42e,8/24(木) 21:00
womensh,これを直せば一気に上達!?　テニスにありがちな7つのミス,https://news.yahoo.co.jp/articles/3f1745a87035b17cbaad49be40f30afb4bba3c41,8/24(木) 19:05
womensh,CBDオイルで不安は和らぐのか,https://news.yahoo.co.jp/articles/d44e71e54c5b229baeeebc095e2a72d42ae2ffec,8/23(水) 21:00
womensh,理由は4つ！ アラフォーのやせスイッチは背中にある！,https://news.yahoo.co.jp/articles/ded7646edb28eab475be903332b0165775fa18cb,8/23(水) 19:03
womensh,初心者向けも！絶景が楽しめる、全米のおすすめハイキングコース9選,https://news.yahoo.co.jp/articles/04975e6b06f3585064c5b6ca48fc32794f457c75,8/22(火) 21:01
womensh,フィットネスサプリメントの定番「クレアチン」の完全ガイド,https://news.yahoo.co.jp/articles/a9aa1e07e791e5011097d25dac6762c7bc330743,8/22(火) 19:03
womensh,貧血予防や美肌にも！鉄分が豊富なおすすめ食品4,https://news.yahoo.co.jp/articles/d107c3f3a4ed8c2c21ded7f4273a347a5dc0a30d,8/21(月) 21:01
womensh,【2023年最新版】デイリーでも大活躍のおすすめスイムウェア4選,https://news.yahoo.co.jp/articles/965812fd8e4657e26d1ea4d1ffb6f48163465cd2,8/21(月) 19:04
womensh,へそのごまの塊がゴッソリ取れた！　エディターがハマった、へそのごまパック,https://news.yahoo.co.jp/articles/394543bbdf42f5cdead6ec6564e757384668f2fc,8/20(日) 21:00
womensh,夏のノスタルジーを呼び起こす、ビーチのヴィンテージ写真集,https://news.yahoo.co.jp/articles/e779f77a5d8ef2794356f9c93040b8429bc6f332,8/20(日) 19:02
womensh,「旅行延期」も支援になる！マウイ島火災、私たちに今できること,https://news.yahoo.co.jp/articles/7509b9892666d56e67c6ac3a174144b55d90c7c1,8/19(土) 21:03
womensh,【EAT BEAUTY】カリフォルニアロール風、簡単寿司サンド,https://news.yahoo.co.jp/articles/b29cd86fb9f1bdb70c0fc7b87deeeeaff72601b0,8/18(金) 21:03
womensh,内向型 Vs 外向型　自分の性格タイプを有効利用してうまく生きるコツ,https://news.yahoo.co.jp/articles/8cbf36c0d7e52697c0bf2b273076174e0da42972,8/18(金) 21:03
womensh,【名古屋の魅力】おすすめの手土産や穴場スポットなど、現地のヘルシー女子がご紹介！,https://news.yahoo.co.jp/articles/3c022f06b1990f798b438c82103339dab1a05c7b,8/18(金) 19:05
womensh,米国で正式認証！アルツハイマー病の新薬「レカネマブ」を解説,https://news.yahoo.co.jp/articles/98bbd8ccff5ac0867f0b0a0f6de944561b2c974c,8/17(木) 21:00
womensh,プチアル中「つい飲みたくなる習慣」の対処法【臨床心理士・南舞さんのあるある！ココロの相談室】,https://news.yahoo.co.jp/articles/c59701308b1dbf477b36ff74f0883491017042ab,8/17(木) 19:04
womensh,「水中毒」になっているかも？水の飲みすぎで起こり得る症状や対策を解説,https://news.yahoo.co.jp/articles/9c9401e9f31dfb6226feb7aaa77758e3284762aa,8/16(水) 21:02
womensh,原材料は微生物!?   「ソレイン・チョコレート・ジェラート」を実食,https://news.yahoo.co.jp/articles/c93e56c90da4b20a1653b52498e8ef6dc45bab4d,8/16(水) 19:03
womensh,天然のサプリメント食材”レバー”の栄養メリットをおさらい,https://news.yahoo.co.jp/articles/470447df9ba0cc26b81721734d58cc0a37961a98,8/15(火) 21:01
womensh,場所から特定できる顔ニキビの原因,https://news.yahoo.co.jp/articles/7d76bbe42dfccfd85474265344082fef6b226f25,8/15(火) 19:02
womensh,睡眠熱中症のリスクが急上昇！　その原因と対処法とは,https://news.yahoo.co.jp/articles/b947cce1b112cdf6a11c5819f7f56ae9783fb1d6,8/14(月) 21:01
womensh,京都在住ヘルシー女子が太鼓判！　訪れてほしいスポット＆おすすめ手土産,https://news.yahoo.co.jp/articles/4abb7ad96e150f3e12aa852bc3a80eca884d5eb7,8/14(月) 19:03
womensh,後ろ向きで歩くことが健康によいワケ,https://news.yahoo.co.jp/articles/756aac6018fe0af6ad13b166c391e791cd5b6f5f,8/13(日) 21:00
womensh,いまこそゴルフを始めるべき4つの理由,https://news.yahoo.co.jp/articles/cdbdcf15b82ec6e2c5f12ce61401b6799fdf5474,8/13(日) 19:01
womensh,二日酔いが2日も続く理由,https://news.yahoo.co.jp/articles/714574cd3bace16f28fc97587b7fe7f8a97d8a4a,8/12(土) 21:00
womensh,【背中やせしたい人必見】筋肉がゆるむだけで、人はスリムになれる,https://news.yahoo.co.jp/articles/bda0781d40600ab8b16c9010356d31d53236b298,8/12(土) 19:02
womensh,TikTokで話題のポジティブ思考トレンド「ラッキーガール症候群」の効果,https://news.yahoo.co.jp/articles/1d3ff960ad52beb9f2ef4459a63ac28c6bd574e9,8/11(金) 21:02
womensh,部屋に散らかっているモノの種類で分かるアナタのパーソナリティ,https://news.yahoo.co.jp/articles/c56944c0bb897f1c35b3104373379e6b53746f1f,8/11(金) 19:01
womensh,人生が停滞中？　前向きな習慣を築くためのシンプルな4つのステップ,https://news.yahoo.co.jp/articles/cab6c02d87a12ad58f0465ba4607678287e3a89c,8/10(木) 21:04
womensh,夏こそ整理したい！　体がきれいになる冷蔵庫の作り方,https://news.yahoo.co.jp/articles/bdca27e87a62896fde351bd9eaf0245551252e98,8/10(木) 19:03
womensh,今SNSで話題の新しい恋愛用語「ベージュフラッグ」の意味,https://news.yahoo.co.jp/articles/20771676a46532d80c3b23d8c9d642030896a3d8,8/9(水) 21:02
womensh,運動初心者でも楽しい!?　フラフープ・フィットネスに注目せよ,https://news.yahoo.co.jp/articles/7bc195e1be1cc1f7d1ea199c6b8ab4b130b55a9d,8/9(水) 19:02
womensh,ナイキのトレーナーが語る「出産には全てを変える力がある」,https://news.yahoo.co.jp/articles/bd3f9483070194ba4552172b60a58dd1916b84e3,8/8(火) 21:01
womensh,おなかのふくらみは脂肪なの？　膨満感なの？　見分け方を専門家が解説,https://news.yahoo.co.jp/articles/bcfadfe2097a60af0c64444ff5e0bee33227534d,8/8(火) 19:03
womensh,朝のコーヒーの覚醒作用、実はプラセボ効果？新研究結果が示唆,https://news.yahoo.co.jp/articles/dd54f3a6b2c393d85744009cce9826768660d637,8/7(月) 21:01
womensh,毎日要チェック！舌は体調のバロメーターだった,https://news.yahoo.co.jp/articles/6c7b5b3d8f56d4695087724fa122a0f52c065620,8/7(月) 19:03
womensh,サプリに頼らず体内の鉄を自然と増やしてくれる食材,https://news.yahoo.co.jp/articles/d654ae8b51e2a89e9b3603b2495fb9d603384f03,8/6(日) 21:00
womensh,顔面のフィラーを全部溶かしたコートニー・コックス,https://news.yahoo.co.jp/articles/e9296185dc6abbb9a602e2ff2db3e6d7e3b6ed12,8/6(日) 19:03
womensh,なんとかしたい！背中や肩のニキビの原因＆対処法を、専門家が指南,https://news.yahoo.co.jp/articles/eadbe0ba750015339cb830b70a37b42db2351dbb,8/5(土) 21:01
womensh,夏の風物詩・枝豆の、体に嬉しい健康効果を改めておさらい！,https://news.yahoo.co.jp/articles/47618830d443949320267fe6bb88dfa48e5380e9,8/5(土) 19:03
womensh,「昆虫食」が地球と人類を救う？そのメリットや最新研究結果を解説,https://news.yahoo.co.jp/articles/76a6dba882ea21b9f359f5ec2394722e190163cb,8/4(金) 21:00
womensh,女優が語る「自分を大切にすることを優先するために必要なのは、真の強さ」,https://news.yahoo.co.jp/articles/bd6cf35b950ca2d3490b0a52e814517a2df64795,8/4(金) 19:02
womensh,気になる相手にASK！交際前に聞いておきたい21の質問,https://news.yahoo.co.jp/articles/01edd0af7d7ca3cdc7246ea9b1385d8ea07414bd,8/3(木) 21:02
womensh,免疫力を上げる最強な方法とNG習慣,https://news.yahoo.co.jp/articles/4773398128f33c0bee97ea9a5a480280f3773672,8/3(木) 19:04
womensh,医師が太鼓判！「エモい」が心理的ストレスを減少させる,https://news.yahoo.co.jp/articles/42e94800e47053d9697aa3e1e558f62fcb36627f,8/2(水) 21:01
womensh,夏バテやむくみ、高血圧対策に！カリウムが豊富な食べ物4,https://news.yahoo.co.jp/articles/e25b8c139de21d013f2b1311e8f19ca5f500b5fa,8/2(水) 19:04
womensh,ケトン体で持久系スポーツのパフォーマンスが低下？研究結果が示唆,https://news.yahoo.co.jp/articles/65fe7c63d7bec57d8c4a7fd9c0ac424d1c15a9d0,8/1(火) 21:02
womensh,ヘルシーな高炭水化物食品4種を、栄養士がおすすめ＆解説,https://news.yahoo.co.jp/articles/f9533d6c7c11664189247d9ea2fd25984b125ce4,8/1(火) 19:02
womensh,「眠れない時」どうするのが正解？　臨床心理士が教えるNG行動と快眠への対処法,https://news.yahoo.co.jp/articles/0859dd7ca0da5fec98183866bfc6439234f14552,7/31(月) 21:03
womensh,エディターが1カ月間ラジオ体操に参加してみた！,https://news.yahoo.co.jp/articles/836e1a1765838cec150bd13b00a8399a623c0e65,7/31(月) 19:02
womensh,女性の3人に1人は「自分の肌に自信がないから」スポーツに参加しない,https://news.yahoo.co.jp/articles/8dfc8e83b44d45e49dd592038982fe0f4e4f37d7,7/30(日) 21:01
womensh,【EAT BEAUTY】甘いもの好きな人は要チェック！　濃厚オーツチョコクリーム,https://news.yahoo.co.jp/articles/2ea09cafa8d342303982eaf259000d906cbf4aea,7/30(日) 19:00
womensh,【2023】7月30日は『土用の丑の日』！　鰻は美と健康の宝庫だった,https://news.yahoo.co.jp/articles/3c1ae2537942b11537e936420217a6106fba1319,7/29(土) 21:00
womensh,コメディアン兼女優が語る「体操選手時代の経験が立ち上がる強さをくれた」,https://news.yahoo.co.jp/articles/6d99550d7919a81428911d811840b22d369a1662,7/29(土) 19:00
womensh,汗をかくだけじゃ不十分！【体内の有害物質】を排出するデトックス食材,https://news.yahoo.co.jp/articles/bb84337fe0305254563ccbf2875e6ba43a34c1c7,7/28(金) 21:01
womensh,あれだけ流行った高強度のワークアウトが最近やたら不評なのはナゼ,https://news.yahoo.co.jp/articles/1d7ec9fd59ae8c1c3c949af3a5e237eca2c363f4,7/28(金) 19:03
womensh,吉川めいさん流、失敗や挫折に立ち向かう方法,https://news.yahoo.co.jp/articles/6d55c93eb2eccc21b222d071e8a6ecc4ba97a5e1,7/27(木) 21:01
womensh,考えすぎは裏目に出やすい？「ネガティブ思考」を止める方法【臨床心理士が解説】,https://news.yahoo.co.jp/articles/7c4aba72167c4f8a0f78013441ac03105d896898,7/27(木) 19:02
womensh,日焼けで皮が剥けたときにするべき8つのこと,https://news.yahoo.co.jp/articles/9eb182fab3e3367a70db3f1e556fc7765f340d33,7/26(水) 21:03
womensh,モデル・アレクサが伝授！　初心者のためのDIYサマービキニ,https://news.yahoo.co.jp/articles/880634961837707015e8991a0689da4da86faeb4,7/26(水) 19:05
womensh,【引き寄せの法則】1日3行の朝日記を3週間続けたら起こった効果がすごい！,https://news.yahoo.co.jp/articles/01021295e9c6dbd428eb24cf423246ac756fdd8a,7/25(火) 21:00
womensh,「自分で自分をダメにする癖」を断つ3つの方法,https://news.yahoo.co.jp/articles/f0b714987cf15435e779a31b363fc0aff02775b0,7/25(火) 19:01
womensh,要チェック！　一般家庭に潜む“環境ホルモン”トップ3,https://news.yahoo.co.jp/articles/aa508f81f10482a0f2bd02b9f04b96cce1abbcd8,7/24(月) 21:03
womensh,最新のスマート・ウェアラブルとガジェットでヨガ体験をさらに充実させよう,https://news.yahoo.co.jp/articles/89bb59c933c1902030109ece7e73f7ca0a3bf7c5,7/24(月) 19:03
womensh,カルシウムが超豊富な4の植物性食品,https://news.yahoo.co.jp/articles/828cca84be7148e7aa5ff5e10ab89a3ad806ca8c,7/23(日) 21:03
womensh,「やる気が出ない」「すぐイライラ」そのプチ不調、「現代型栄養失調」が原因かも!?,https://news.yahoo.co.jp/articles/e6408b1b6de032e2b0e99946cd8297958ad22052,7/23(日) 19:03
womensh,聞くと初対面でも恋に落ちる「36の質問」,https://news.yahoo.co.jp/articles/1cda13643e1fc0b1778c6c1b37380a669604de96,7/22(土) 21:02
womensh,生理中は下痢や便秘になりやすいワケ,https://news.yahoo.co.jp/articles/61669c522e33683d947c5efbe4d3d955ba6772b9,7/22(土) 19:03
womensh,焦らないで！　食べ過ぎをリセットできる翌日の過ごし方,https://news.yahoo.co.jp/articles/d0cac299e7f322a6f94a822a7f8a8662521f9e93,7/21(金) 21:03
womensh,食べても食べてもおなかが空く......その理由と対処法,https://news.yahoo.co.jp/articles/96f672494eea5c2194229f2e44bcf8cdab3fdd26,7/21(金) 19:04
womensh,アプリで「感情記録」3ヵ月続けて感じた3つのメリット,https://news.yahoo.co.jp/articles/23579c06da4c5e967d531d09a3633dfa10e51f17,7/20(木) 21:02
womensh,「概日リズム」が崩れると体重が増加するって本当!?,https://news.yahoo.co.jp/articles/9aef07f29557138e7ac9b6ffb496f31d8b0615ff,7/20(木) 19:03
womensh,メリットがたくさん！デスクワークの合間にできる簡単ストレッチ9選,https://news.yahoo.co.jp/articles/22d7f80bdddd6b0f1b20ee2b62b0754adf7523d8,7/19(水) 21:01
womensh,女優兼人権活動家が語る「筋肉を増やせる体の能力は素晴らしい」,https://news.yahoo.co.jp/articles/decb0348c7af35747904af337ea1f2addec0a5a6,7/19(水) 19:04
womensh,便秘解消に！専門家おすすめ食品4　夏が旬のフルーツも,https://news.yahoo.co.jp/articles/a402ebb98b59e4e9cf438f87a35b71d59fc9a895,7/18(火) 21:00
womensh,暑さを吹き飛ばす！　新感覚のサマームービー 最新作3選【夏公開】,https://news.yahoo.co.jp/articles/e714d395c79449756991fba9413ed06bcfab33b5,7/18(火) 19:01
womensh,うんちの臭い人は要注意 「菌ちゃん先生」に聞く腸内環境の整え方,https://news.yahoo.co.jp/articles/c523890535289857bb49d5668383983e98430b52,7/17(月) 21:01
womensh,「テニスリトリート」の魅力,https://news.yahoo.co.jp/articles/c5717d04572eb921886b8ee2fd7fd323b70bcdc8,7/17(月) 19:02
womensh,理想の美容ウォーターって？　エディターが試して起こった変化,https://news.yahoo.co.jp/articles/f662fac3bba2334b3b7c7a05eb89551b922db5f0,7/16(日) 21:01
womensh,「毎食テイクアウト生活」を1カ月続けてみた結果,https://news.yahoo.co.jp/articles/caeb9f0f7084c736f541b85456f6ac42d83e3592,7/16(日) 19:01
womensh,いいことづくし！　1日の目標を1万2千歩から6千歩に減らした私に起きたこと,https://news.yahoo.co.jp/articles/c45235c28c26f706e83c7c0e2ce151f7ed8a383f,7/15(土) 21:01
womensh,タンパク質もとれる！　韓国風ほうれん草ナムル,https://news.yahoo.co.jp/articles/e84a50ba89c4fd1b902d55b4f908dac3bb25fced,7/15(土) 19:03
womensh,毛穴は消せない、でも小さく見せることは可能！専門家に聞く対策方法,https://news.yahoo.co.jp/articles/94c65b05f0c06a54d92e424e74728ce5cb3f5d78,7/14(金) 21:00
womensh,夏バテ知らずの栄養補給　暑い日に気をつけるべき5つのポイント,https://news.yahoo.co.jp/articles/300d463c434f512473227eb11bc8fd8aa42e8bf4,7/14(金) 19:04
womensh,コンビニでも健康的な朝食は買える？　栄養士が選ぶ商品を紹介！,https://news.yahoo.co.jp/articles/d3c94a4614b289bdbf206c50bb5cf234ae18ddb3,7/13(木) 21:00
womensh,腟カンジダになりやすい体は自分が作っている？　原因と日常生活でできるケア,https://news.yahoo.co.jp/articles/db01b29cae8f8e346171eac512bc2b38837d55aa,7/13(木) 19:05
womensh,女優兼コンテンツクリエイターが語る「自分の体に自信を持てたきっかけ」,https://news.yahoo.co.jp/articles/1bbdc32a3677560ab7edca7f055ef957be8780cc,7/12(水) 21:01
womensh,人工甘味料「アスパルテーム」に危険性？WHOが警告へ,https://news.yahoo.co.jp/articles/3926f3867898d1ece0ddd1fb0fe3f85b929db932,7/12(水) 19:00
womensh,頭皮、ワキ汗、口臭……体臭が気になる人の対策,https://news.yahoo.co.jp/articles/f64e0d963e276da0a10bb8cc66fdcd00d2ea7cd0,7/11(火) 21:01
womensh,暑さに打ち勝つ睡眠・食事・運動の15カ条,https://news.yahoo.co.jp/articles/b3fcfaa2fd57c8041bbc07185a323d5912ac58fc,7/11(火) 19:03
womensh,簡単「朝活ダイエット」で今すぐ変える朝時間,https://news.yahoo.co.jp/articles/a522f99ddf3dbc2b3092a08ecf78269694dc11f1,7/10(月) 21:01
womensh,「生理中の不安」を訴える声に応え…ウィンブルドン選手権、女子選手のインナーパンツに白以外を認める,https://news.yahoo.co.jp/articles/7ff8eec4d37e0e24c96852e2a54bb944dc3d4e38,7/10(月) 19:01
womensh,「退屈な時間」を有効に使う方法,https://news.yahoo.co.jp/articles/9e0c914114960f5871847154dde6260ce6832e5a,7/9(日) 21:00
womensh,2人に1人はパートナーよりペットの存在に癒されているという事実,https://news.yahoo.co.jp/articles/b8535402077bee30cf1f55752fd62ff748a58238,7/9(日) 19:03
womensh,絶対見るべきフィールグットなネットフリックスオリジナル番組,https://news.yahoo.co.jp/articles/93fa983dbe639e94cc04e1b4d3f192155dd98cb0,7/8(土) 21:01
womensh,フットボール選手が語る「怪我の経験から得た自分の中にある強さ」,https://news.yahoo.co.jp/articles/e87619baa262ba06cf3efbbab1dd7266172f9112,7/8(土) 19:02
womensh,天気が心身の不調に影響するのはなぜ？専門家が伝える、気象病との付き合い方,https://news.yahoo.co.jp/articles/3967bad8c339e425556b7e2af98286dec8f208d2,7/7(金) 21:00
womensh,水は1日2リットル飲むべきってホント？　3週間続けて得られた驚くべき5つの効果,https://news.yahoo.co.jp/articles/952e00ad126bb3ba7fa5f4bd34d481168573d055,7/7(金) 19:04
womensh,走りながら“快感ホルモン”を出す方法,https://news.yahoo.co.jp/articles/4b144e0c9492670275c8160582228cc6b318c062,7/6(木) 21:01
womensh,5分以下で元気回復！　8つの暑さ対策テクニック,https://news.yahoo.co.jp/articles/8895a815eb86e72fd6630ef2adad21afec7aec20,7/6(木) 19:05
womensh,3週間、食事中に動画やスマホを見るのをやめてみて起こった変化,https://news.yahoo.co.jp/articles/a240993a0aae8c972b252475b481cd1f5000f9ea,7/5(水) 21:01
womensh,初夏の訪れとともに身も心も癒されたい 「ウェルビーイングステイ」6選,https://news.yahoo.co.jp/articles/2a00da81227b37765adb8aa46eaf970f4a1585c3,7/5(水) 19:00
womensh,栄養不足が夏バテを加速させる！暑い日に気をつけるべき5つのポイント,https://news.yahoo.co.jp/articles/224dab2bf0707104f0a748bfbbde44e75aeb16ca,7/5(水) 17:03
womensh,8週間で30分続けて走れるように！　初心者向け「ランニングのトレーニングプラン」,https://news.yahoo.co.jp/articles/ebedacd2a30827f43198e1c191e02b2d805deb6e,7/4(火) 21:00
womensh,自宅で朝晩1カ月「頭皮マッサージ」を続けてみた結果…驚きの7つの効果！,https://news.yahoo.co.jp/articles/06c48357e2089c15f9e03357b6f30b1104bbfa0e,7/4(火) 19:03
womensh,「鏡を見るたびに自分の体をののしっていた」…ヨガが教えてくれた本当のボディラブ,https://news.yahoo.co.jp/articles/629f14c9bd2d2bcf854b87656c4b56f81d5d833d,7/4(火) 17:00
womensh,メリットが多過ぎる！　満月の日にするといい10のこと,https://news.yahoo.co.jp/articles/acc9c5844e5dfe6de3fb5668328f796887b5e086,7/3(月) 21:00
womensh,"食事を変えるだけで""寿命が10年延びる""って本当？専門家が解説",https://news.yahoo.co.jp/articles/33995541b174f3ed9560c2e274a3912aee084f65,7/3(月) 19:01
womensh,一大トレンドに一体なにが？英国でヴィーガン商品の売上が下がっているワケ,https://news.yahoo.co.jp/articles/d7539b16ade810f90fc9738a6d7998e1106eafeb,7/3(月) 17:00
womensh,不妊の4割は男性に原因がある？「男性不妊症」の完全ガイド,https://news.yahoo.co.jp/articles/94a1938bd73fb43c83c4c80fff2d1d038969a107,7/2(日) 21:01
womensh,夏こそ温活！今するべき4つの「冷え対策」,https://news.yahoo.co.jp/articles/7e39d15d819cc1f427e16e14e4de760e9870d2c3,7/2(日) 19:02
womensh,筋膜リリースで体と心の痛みを癒す！「フォームローラー」の5つの使い方,https://news.yahoo.co.jp/articles/ae6e20b130b1aabe0d6e36bc51b5e716751af9d0,7/2(日) 17:01
womensh,思いやりを持つことが体に与える7つのメリット,https://news.yahoo.co.jp/articles/5b24014f1c10085497eff18be8e84ff4f09b63da,7/1(土) 21:02
womensh,若々しさを保つ秘訣は「1杯のココア」って本当？科学者たちの間で大きな話題に,https://news.yahoo.co.jp/articles/4b2ed2030bb7287aa3c06392c4cbab1f5698332e,7/1(土) 19:00
womensh,顔の印象は眉毛で変わる！　眉タイプ別お手入れ・メイクの仕方,https://news.yahoo.co.jp/articles/d6b3decda378596bead8a6e34158f1b37c02a74c,7/1(土) 17:00
womensh,これできっとやめたくなる？「禁酒」をするべき5つの理由,https://news.yahoo.co.jp/articles/02027fe2894edbd462fa88e54ea6995040f628a6,6/30(金) 21:02
womensh,美容を突き詰める2人が初対談！　すっぴんでもツヤのある肌の作り方,https://news.yahoo.co.jp/articles/3c5419500964792c168493dbe26a5299305e83ae,6/30(金) 20:04
womensh,"""おなかの脂肪""を落とすには、ライフスタイルの2大要素を変えること！",https://news.yahoo.co.jp/articles/51b2a9c1cda49ecab5a02a4621256113064e0425,6/30(金) 19:02
womensh,もうストレスに振り回されない！「負の感情」の具体的な対処テク7【自然派美容の鬼が回答】,https://news.yahoo.co.jp/articles/dfa36aeccc79800265e77de6d243f49573f74926,6/30(金) 17:03
womensh,もっと「ケール」を食べるべき13の理由と一番ヘルシーな食べ方,https://news.yahoo.co.jp/articles/4612962f3b874983a063ca6692868616e025d9de,6/30(金) 12:06
womensh,栄養士が勧める「二日酔い」を治すための食べものと飲みもの,https://news.yahoo.co.jp/articles/061d651934a0de8bb5eda68bdc95351ebbf476d8,6/30(金) 7:06
womensh,便秘とさよなら！やってはいけないNG習慣と解消法を専門ドクターが指南！,https://news.yahoo.co.jp/articles/ad84c144b3b0a251b0f704fc2132100ffc8dbbcb,6/29(木) 21:00
womensh,100日連続で走るランニングチャレンジから私が学んだ4つのこと,https://news.yahoo.co.jp/articles/3bab08375d95e58b5f2ef5063568f106d7137429,6/29(木) 20:03
womensh,科学が証明！　猛暑は本当に人をイライラさせる,https://news.yahoo.co.jp/articles/2a40bf9c37d0180e986c1fd12189596fb55d5f1e,6/29(木) 19:04
womensh,ダイエットの助けになるかも？専門家おすすめのスパイス＆ハーブ13,https://news.yahoo.co.jp/articles/51e5b1f5b9d9eeee27f541b9df093487d4baf3b6,6/29(木) 17:04
womensh,あなたが思っている以上に「塩分」が高い8つの食品,https://news.yahoo.co.jp/articles/df37707b6a5a379cb7b7ce46d76e5a68a6ebdace,6/29(木) 12:05
womensh,美しさの理由？54歳ジェニファー・アニストンが飲んでいる「コラーゲン入りコーヒー」のレシピ,https://news.yahoo.co.jp/articles/2c5778d9c38e1a2cea35cadd8821a44b7e435e59,6/29(木) 7:04
womensh,"""いいうんこ""を出すための習慣とは？　菌ちゃん先生に聞く「菌まみれな腸」の育て方",https://news.yahoo.co.jp/articles/c4bb6ddf0e0af472445f2d11a97e2af0016190b6,6/28(水) 21:00
womensh,食事せずにお菓子を食べていた過去…「夕食」を食べはじめて起こった変化,https://news.yahoo.co.jp/articles/1109917131dbd5e4ce0ae840990bb8dfd7341caa,6/28(水) 20:03
womensh,短時間でダイエット成功！「タンパク質」がおすすめの理由,https://news.yahoo.co.jp/articles/46a46ef39f26fdfe45f47935fc19d1fbb5742300,6/28(水) 19:04
womensh,「4人目を産んだいまの体が一番よい」“ダイエットのプロ”だった女性がそう語る理由,https://news.yahoo.co.jp/articles/fb7ce83088844fb8726a83e3b2081fc0edfd044e,6/28(水) 17:01
womensh,エディターが「台所洗剤＆スポンジ」を使うのをやめてみた！,https://news.yahoo.co.jp/articles/0b2ef2281825cfb3d1c70eca0aabb0ad10b1feb6,6/28(水) 12:06
womensh,お酒を飲んだ翌日、不安になるのには科学的な根拠があった,https://news.yahoo.co.jp/articles/56eb54676714ea519672494bd4d90a612df49e33,6/28(水) 7:05
womensh,お酒が大好きな私が、1カ月間「禁酒」してみた結果…心と体に起きた変化,https://news.yahoo.co.jp/articles/a21171b885e51f5f136899784303e3a72d901a9e,6/27(火) 21:03
womensh,実写版『リトル・マーメイド』アリエル役のハリー・ベイリーって誰？世界が注目するスターの素顔,https://news.yahoo.co.jp/articles/d84f7f3d0c6be81376cae9afa3250be9ffaaf45b,6/27(火) 19:03
womensh,妊活、のその前に！自然派美容の鬼が語る 「妊活前」に見直したい7つのこと,https://news.yahoo.co.jp/articles/0f9786abb463ba46479337320cbc33906241700c,6/27(火) 17:01
womensh,買ってはいけない「卵」の真実　誰しも知っておくべき卵の選び方,https://news.yahoo.co.jp/articles/fa4ea04fa19500e5fb233bdeebf27df641e6b9da,6/27(火) 13:01
womensh,体重増加やホットフラッシュ…多くの女性が「閉経前」に経験する3つのステージ,https://news.yahoo.co.jp/articles/1d2fdba5a27be97ce91a13c3ff16e712b75f9320,6/26(月) 21:01
womensh,疲れが取れない？「慢性疲労」の注意すべきサイン,https://news.yahoo.co.jp/articles/ac8f3966f3ac17574465d165f750d056b7fb9512,6/26(月) 20:01
womensh,「いえいえ私なんて」褒められるとつい否定しちゃう…それ「インポスター症候群」かも,https://news.yahoo.co.jp/articles/1d100ec981ed4a51905ff847a09792f66e08640d,6/26(月) 19:01
womensh,昼寝で脳が若返る？海外の大学が効果を指摘,https://news.yahoo.co.jp/articles/da41809c8ad7ae8c6bacdfc1015e115c4b4d1a38,6/26(月) 12:04
womensh,キャリア15年目の告白！「モデルの仕事」の本音,https://news.yahoo.co.jp/articles/b050b29cb8d520d59f9b48195404e3112f658f34,6/25(日) 21:01
womensh,生理痛を緩和する、覚えておきたい7の食べ物を専門家が解説,https://news.yahoo.co.jp/articles/e5c9b8c7cb6dd69156684279d3c902308e055926,6/25(日) 20:02
womensh,これだけは避けて！「梅雨時のNG行為」4つ,https://news.yahoo.co.jp/articles/fdb286bc7847a436d56599921be782fcd9ac8354,6/25(日) 19:03
womensh,【最新プラントベースミート6選】エディターが徹底食べ比べ！味や食感をレポート,https://news.yahoo.co.jp/articles/d8a5565f44490c0a9009ba17352506fe22f24469,6/25(日) 17:00
womensh,ぽっこりお腹に効果的！「膨満感・お腹の張り」解消が期待できる15の食品,https://news.yahoo.co.jp/articles/72ad07081668db832dde2ed7290d03ed80210850,6/24(土) 21:01
womensh,たった30秒でも効果あり！　「冷水シャワー」の意外なメリット,https://news.yahoo.co.jp/articles/715dfc512b35e9ee0dcc47d30a6e7ab9541800a1,6/24(土) 20:03
womensh,閉経が腸の健康に与える影響は？更年期には腸内フローラのケアをするべき理由,https://news.yahoo.co.jp/articles/4356095dc400dbb77daef6c9309af11c94b522c6,6/24(土) 19:03
womensh,チャンスを幸運に変えるために、日頃から心がけている4つのこと,https://news.yahoo.co.jp/articles/d3e0e1f9bbae2b9805600320f313982fe41563e4,6/24(土) 17:03
womensh,床に手が届かない。そんな私が3週間、お風呂上がりに5分間のストレッチをしてみた結果…,https://news.yahoo.co.jp/articles/998480477e4a556497a0847c6e8d7d7163165bbc,6/23(金) 21:01
womensh,ノーブラを選択する女たち　今更聞けない「フリー・ザ・ニップル」について解説,https://news.yahoo.co.jp/articles/53d37d2248b856716197da496815a93e6f972f85,6/23(金) 20:04
womensh,寝汗でパジャマがベトベト…専門家が教える、寝汗が止まらない10の理由,https://news.yahoo.co.jp/articles/4556da6a933924f9064875f09098ac8339ae4e1b,6/23(金) 19:04
womensh,1カ月で体重を5kg減らす、究極の手帳術「バレットジャーナル」の活用法,https://news.yahoo.co.jp/articles/ff36930374b51170743ecda9071a5a5947fa221c,6/23(金) 18:04
womensh,もっと食生活に取り入れるべき「高タンパク食材」5選,https://news.yahoo.co.jp/articles/0e0106c6de620bb749b7380dbbaf4d1cfe9d724a,6/23(金) 12:06
womensh,ビックデータが導き出した、やせている人の朝、昼、晩の食事習慣,https://news.yahoo.co.jp/articles/4f29305ca68f73dff1a86cca5cc66c36a3e0552b,6/22(木) 21:00
womensh,男性は排卵期の女性の体臭にそそられる？調査で発覚,https://news.yahoo.co.jp/articles/c3266a7ea3efbfee4ad5c722639f7934a8460a1b,6/22(木) 20:01
womensh,私が30年間も「ヴィーガン」でいる理由 栄養士の体験談,https://news.yahoo.co.jp/articles/04b71ca71a25f6c816fb3ca3b9776b8c60c134a8,6/22(木) 19:03
womensh,夜6時以降は食べちゃいけない？夕食は早めにとるべき？専門家が回答,https://news.yahoo.co.jp/articles/6b57815def0d8c3be776579b05e12cbe170c208e,6/22(木) 18:04
womensh,肉体関係よりタチが悪い!?「プチ浮気」のサインと対処法,https://news.yahoo.co.jp/articles/96be7139e99e482275ef7f2577c7141d84dbd56c,6/21(水) 21:02
womensh,「お尻のブツブツ」を取り除く6つの方法を皮膚科医が伝授,https://news.yahoo.co.jp/articles/587960bb16957784d1fe28fc0ee9f478fec97c01,6/21(水) 20:02
womensh,調味料を変えれば体調が変わる？　専門家が明かす「調味料」の賢い選び方,https://news.yahoo.co.jp/articles/aa32a9953bc14e2cbd829d1edf166fd06782aaf6,6/21(水) 19:02
womensh,余命宣告を受けた人が笑顔に　がん患者の「いのちを撮る」カメラの力,https://news.yahoo.co.jp/articles/5579dca9d9457f8f0c49cae597efb6cf6b4c48e7,6/21(水) 17:01
womensh,「砂糖」の摂取量を減らすと体と心に起きるメリット,https://news.yahoo.co.jp/articles/8762ebec5bfa3e9bb2b440d9c9c6bb62d3627b90,6/20(火) 21:01
womensh,避妊用ピルで「うつ病」のリスクが高まる？研究結果が示唆,https://news.yahoo.co.jp/articles/be7215597d789cb42acc4a2efbb04cec33c9839a,6/20(火) 20:01
womensh,コレステロールの管理、あなたはちゃんとしている？知っておくべき基礎知識,https://news.yahoo.co.jp/articles/aa4ff898f282405026c86b72cc97a24f41b26e78,6/20(火) 19:00
womensh,植物由来のタンパク質「豆腐」と「テンペ」はどっちがヘルシー？栄養士が解説,https://news.yahoo.co.jp/articles/f317ff1eec4ad3a96376999584822ac2f5ec0cb9,6/20(火) 17:03
womensh,乳房と乳首がかゆい…！考えられる理由を専門医が解説,https://news.yahoo.co.jp/articles/345dce2355b3f63b34c25313be256601c9481d06,6/19(月) 21:01
womensh,パンに生えたカビ、取り除けば残りを食べても大丈夫？専門家が回答,https://news.yahoo.co.jp/articles/c5600a84fa2d72edac9572c3eaa8327648249dc0,6/19(月) 20:01
womensh,血糖値を上昇させないために！「ストレス」をコントロールする12の方法,https://news.yahoo.co.jp/articles/ee0151567ab8b821337c0cf520466afed48e10f3,6/19(月) 19:05
womensh,梅雨はしっとり劇場で。女の生き様を学ぶ！　注目映画3選【6月公開最新作】,https://news.yahoo.co.jp/articles/542eefbf8a01cab22ed21c5f42abe3b01d05faf6,6/19(月) 17:00
womensh,朝食を抜いて「断食」するのは良くないこと？体に与える影響は？専門家が解説,https://news.yahoo.co.jp/articles/4e758e1add4a9e6635465feb0c1610f89eed8c46,6/18(日) 21:01
womensh,【必要なのはハサミだけ】簡単おしゃれなTシャツリメイク術6選,https://news.yahoo.co.jp/articles/b3e66a075800b551eff8a3a8e3dd9b28555e8a11,6/18(日) 21:00
womensh,大人のニキビ、原因は「寝室」にあった？皮膚科医が解説,https://news.yahoo.co.jp/articles/fb20e5d668e9e0174189e675d7b47ecc1fc88cbd,6/18(日) 19:04
womensh,今、女子サッカーが熱い！W杯なでしこメンバーが語る「日本の課題」,https://news.yahoo.co.jp/articles/cb5dba940c3da88aa73577f0dcba2ccd9c7c10a1,6/18(日) 17:00
womensh,お風呂が流行っている!? メンタルヘルスを高める「スピリチュアル・バス」が流行中,https://news.yahoo.co.jp/articles/1fc81bfc21f177c16d000f60c078417f3bb84ef7,6/17(土) 22:00
womensh,「100歳まで幸せに生きるコツ」を寿命の専門家が伝授,https://news.yahoo.co.jp/articles/5fe40feb160506447461c1c7ed355c86e03a8837,6/17(土) 21:00
womensh,究極のソウルメイト＝魂の片割れ「ツインレイ」って？特徴や出会ったときのサイン,https://news.yahoo.co.jp/articles/0d916ba11a8842e9a933b46c1ab68c8ab52cd225,6/17(土) 19:05
womensh,【朝食のベスト3とワースト3】一日のスタートは朝食で決まる!?,https://news.yahoo.co.jp/articles/7126888a4ea5148a210d6b5b2ee70485454d2bc8,6/17(土) 8:01
womensh,お腹だけ太る・不眠…「ホルモン」が原因である5の警告サイン,https://news.yahoo.co.jp/articles/d42e6cead4a3cf7c2ee6b6f9a95a54a77726bc54,6/16(金) 22:00
womensh,1ヶ月間、通勤時一駅分歩いてみて感じた5つのメリット,https://news.yahoo.co.jp/articles/ac16ff3fdf53c168ba965c7ecb9450a1c70b8b01,6/16(金) 21:01
womensh,血糖値に影響しない、低糖質フルーツ＆野菜 BEST10,https://news.yahoo.co.jp/articles/c13797ccc60883df730e35957736b67cb4d9302d,6/16(金) 19:01
womensh,「孤独」を味方につけるには？1人時間を最大限に活用する4つの方法を専門家が伝授,https://news.yahoo.co.jp/articles/2a312e9141e3b8164640128bb5e7602bb0395983,6/16(金) 18:04
womensh,ジャンクフードとストレス、脳に「負の連鎖」をもたらしていた!? 新たな研究で判明,https://news.yahoo.co.jp/articles/fd0118de7dc6af540f0e7babf9029422952c913c,6/16(金) 12:08
womensh,「金縛り」ってそもそもなに？原因と予防策も併せて解説,https://news.yahoo.co.jp/articles/600b8ed7ad7b2062905fcfe5b697eb563ccd0320,6/15(木) 21:01
womensh,雨だとなんだか調子が悪い…「雨ダル」の原因と対処法を専門家が解説,https://news.yahoo.co.jp/articles/72517330f82b16c70c364894bcade0fe9d04cf5c,6/15(木) 19:01
womensh,科学が証明！　植物由来の代替食品が人間と地球の味方である理由,https://news.yahoo.co.jp/articles/832384d3018727c356e59b338fac95df7b685b65,6/15(木) 17:03
womensh,雨の日こそ外を歩いて！心を静める5種類のウォーキング方法,https://news.yahoo.co.jp/articles/5d758ddebdc1757b9c03185bda3f0b733a6efd8b,6/15(木) 12:06
womensh,【チェックリストあり】太りやすい味覚になっていない？やせ調味料ダイエット,https://news.yahoo.co.jp/articles/224610db3f5d3fcbfd64b794a0931244244ea908,6/14(水) 21:01
womensh,夫のベッカムには絶対見せない！ヴィクトリアが「最大のコンプレックス」を告白,https://news.yahoo.co.jp/articles/948782d395cdc5a57b9e9e68e032a64a9b89a170,6/14(水) 19:03
womensh,頭痛の原因にも！実はこんなに大きい「カフェインの影響」【医師監修】,https://news.yahoo.co.jp/articles/a3c6fb3fbdd9266480a1303414a885ed493c205b,6/13(火) 21:01
womensh,「甘党」なんていうものは存在しない？研究で明らかに,https://news.yahoo.co.jp/articles/d76e73ea08edc54a16c2b57f80519764c9d4676b,6/13(火) 19:00
womensh,パートナーが自分から離れていってしまう理由とその対処法,https://news.yahoo.co.jp/articles/ccbffda7a6ce48d765b0fe5911d6173b4c0ba647,6/13(火) 18:04
womensh,週3回、10分の「朝トレーニング」で起こった5つの変化,https://news.yahoo.co.jp/articles/84c286e11bdcc4a7aea14b6083882c56e195afd2,6/12(月) 21:00
womensh,世界各地で流行中！真っ暗闇の中に何日も座り続ける「ダークネス・リトリート」に注目,https://news.yahoo.co.jp/articles/a757aa5970399de92ca832f28987ee816f94d478,6/12(月) 17:01
womensh,午後眠くなってしまう人必見！眠くならないための「昼食の掟」,https://news.yahoo.co.jp/articles/e9992c546cd82ba6ded7e2200b3d0cbd09f11c53,6/12(月) 12:40
womensh,「失恋病」ってなに？症状と治し方を専門家が伝授,https://news.yahoo.co.jp/articles/56396e93d0b991898c94724740ea9c462f1d681d,6/11(日) 21:00
womensh,あなたが「更年期」かもしれない6つのサイン,https://news.yahoo.co.jp/articles/5d3d5508c78eb17ce4e50a902ec137e892012422,6/9(金) 21:02
womensh,1日1杯のスープで体が変わる！「だる消しスープ」の作り方を医師が伝授,https://news.yahoo.co.jp/articles/1cfff2a4bfb176e3f309ab863eef44c16fab74c1,6/8(木) 19:03
womensh,毛穴の黒ずみ・開き・たるみの原因は？対策法を皮膚科医が伝授,https://news.yahoo.co.jp/articles/bf3f021236906c75ebce5cc27e229a9425450407,6/8(木) 18:06
womensh,脳神経外科医が伝授！「ストレス」に対処するためのアドバイス,https://news.yahoo.co.jp/articles/286d4127b6d6c8a43f9de662c8ce5b67b4182b63,6/7(水) 20:00
womensh,それって本物の愛？相手を「愛する」と「夢中になる」の違い,https://news.yahoo.co.jp/articles/7e10a1938502e9ef76567484e96aaca29b78fba4,6/7(水) 19:02
womensh,妊娠中の「恐怖感」を和らげる方法　英心理療法士がアドバイス,https://news.yahoo.co.jp/articles/8da90e5ade8c854874b2c0f5e8a0da2b8ec75903,6/7(水) 17:04
womensh,認知症が「眼」でわかる？新たな研究結果や眼と脳の関係を専門家が解説,https://news.yahoo.co.jp/articles/f99cc8796099a70cee28cdcd5aefdc82168cdc54,6/6(火) 21:00
womensh,「飲み会の誘いが断りづらい……」うまく断るには？臨床心理士が対処法を伝授,https://news.yahoo.co.jp/articles/8008290ef9be3c4f8a343b1b01a2a080c83829fc,6/6(火) 19:01
womensh,自宅で手軽に有酸素運動ができる！「トレッドミル」が必要な理由と選び方,https://news.yahoo.co.jp/articles/3c5bd8386b620f413926b62646c5d1127d8b03d0,6/6(火) 17:00
womensh,「人工甘味料」をやめると体に起こる6つのこと,https://news.yahoo.co.jp/articles/6c5dcc42750580bd0d042019c03279a2af53bc8a,6/5(月) 21:00
womensh,あなたのマイボトル、想像以上に汚れているかも？最新の調査で発覚,https://news.yahoo.co.jp/articles/586158312dbcea8551e2c04adfbf3f330f75f140,6/5(月) 20:01
womensh,沖縄県民の長寿の秘訣？「シークヮーサー」をもっと摂るべき理由とその健康効果,https://news.yahoo.co.jp/articles/e64a1651d724fa1782e072daf7768aad50c81842,6/5(月) 18:04
womensh,どうしても眠れないときに試してほしい4つのこと,https://news.yahoo.co.jp/articles/f01ca1c34e859ff49d85d2e6c4df9ef6290159bd,6/4(日) 22:00
womensh,1週間「全裸睡眠」を続けてみた！その結果は,https://news.yahoo.co.jp/articles/597c8b7fa92aecaa25cdcac1f2efd611151fb2cf,6/4(日) 21:00
womensh,マッチングアプリで出会った女性から大金を巻き上げた、実在の「Tinder詐欺師」の気になる現在,https://news.yahoo.co.jp/articles/1ec4c4bb8d918cc5e23b2888a7841b91a7c82635,6/4(日) 19:03
womensh,全身を引き締め！プールでさりげなくできる30分間の水中ワークアウト,https://news.yahoo.co.jp/articles/43ed6e7a12c9034e22d90ef65dd1f0054318905f,6/4(日) 17:00
womensh,最速で痩せるために欠かせない5つのダイエット習慣,https://news.yahoo.co.jp/articles/2ecd820e21b6aad8bd1cec76a93bad250a674f05,6/3(土) 21:01
womensh,「太もものスキマ」は本当に必要？代わりにするべき4つのこと,https://news.yahoo.co.jp/articles/5b86b5e50c9d40df0a50fce318687a167aa56649,6/3(土) 19:02
womensh,ピラティスで痩せることは可能？プロのトレーナーがメリットを解説,https://news.yahoo.co.jp/articles/8b88e08b5a451337ac9c4827187e9f9594c10f34,6/3(土) 7:04
womensh,3週間毎朝「コップ一杯の白湯」を飲んでみた結果、体に起きた変化【0円の美容法】,https://news.yahoo.co.jp/articles/99cbaa63d41835ae6b8fe29874eedd736d9a22d4,6/2(金) 21:00
womensh,一度は経験アリ!?「足の指が突然つる原因」を専門家が解説,https://news.yahoo.co.jp/articles/00c63864b57324918e58616ab389a97fc10c7c87,6/2(金) 19:04
womensh,「飛行機恐怖症」を克服して旅を楽しむには？ 専門家がアドバイス,https://news.yahoo.co.jp/articles/1f33f07fe7a3cfba46ac7a9ace7f857456145d41,6/2(金) 18:03
womensh,「1日に11分」の運動で早期死亡のリスク減？ 専門家が研究結果を解説,https://news.yahoo.co.jp/articles/c369fa2380517e4ee9e85d37cc32e95d0804d928,6/1(木) 21:01
womensh,ペットの死から立ち直れない…「ペットロス」の乗り越え方を専門家が解説,https://news.yahoo.co.jp/articles/422543abfe6310ff16e3269c4d20c8f5bebd8e63,6/1(木) 19:02
womensh,白米のかわりに！「カリフラワーライス」を活用するレシピ7選,https://news.yahoo.co.jp/articles/8e8936c5055455658d96100b1bd0281530b5a9dc,6/1(木) 17:01
womensh,本当は存在しない？「デトックスフード」の真実を専門家が解説,https://news.yahoo.co.jp/articles/95aa5f5d437677c7aae2f9f80c8733bf4f371c1a,5/31(水) 19:02
womensh,自分をもっと上手に愛するためのレシピ,https://news.yahoo.co.jp/articles/abd2b3e198dd07948694cacdb2974c347c6f16b4,5/31(水) 17:04
womensh,筋トレ後の「お酒」はNG？アルコールが体に与える影響と注意点を医師が解説,https://news.yahoo.co.jp/articles/843d237c4c1583563ab4a6f41c45305c832f52fc,5/30(火) 20:00
womensh,ストレスを解消しながら禁煙できる？話題のハーブシガレット「二ルドーシュ」を解説,https://news.yahoo.co.jp/articles/6b3897f778a5639a8ba54a4b9afb76f27f28dca8,5/30(火) 19:02
womensh,閉経期でぐっすり眠れない…科学的に実証された4つの解消法,https://news.yahoo.co.jp/articles/d450c9b6ca4cdc3ede3ba82a8c47c60a64fad98f,5/29(月) 22:00
womensh,あなたも知らない「マグネシウム」の意外な健康効果9選,https://news.yahoo.co.jp/articles/d943aa4d8f0a9d3c26577f5c663b7e297878cf55,5/29(月) 21:00
womensh,減量中におすすめ！脂肪燃焼しやすい「6つのトレーニング」,https://news.yahoo.co.jp/articles/7b3a1677a34022314d85633d8e4dde1155186417,5/29(月) 19:05
womensh,日本が誇る「抹茶」の嬉しい12の効能を、栄養士が解説,https://news.yahoo.co.jp/articles/7fb08ef52756752c399c3fb98007a06716ba7448,5/28(日) 21:00
womensh,世界でもっとも過酷なレース6選【ベテランウルトラランナーが選ぶ】,https://news.yahoo.co.jp/articles/63dd979c493dcdc46241bb2ba0dd6abbd99aaa5d,5/27(土) 21:00
womensh,"更年期について語った6人の人気セレブたち「""恥ずべきこと ""とは思っていない」",https://news.yahoo.co.jp/articles/2793d421468dff72792a393f84f2c43905438b16,5/26(金) 21:00
womensh,「お腹が空いていないのに食べたい…」ストレス食いしてない？エモーショナル・イーティングの改善方法,https://news.yahoo.co.jp/articles/7beb453ee32804102441e709814ae38a49ec3549,5/25(木) 21:00
womensh,あなたは大丈夫？「産後不安」のサインと助けの求め方,https://news.yahoo.co.jp/articles/b19d7b1cad816c5b8720f895594a33f5c984efc1,5/24(水) 21:00
womensh,ダイエット中におすすめな「コンビニの食べ物」は？トレーナーが解説,https://news.yahoo.co.jp/articles/57bfa100a66faf1c0e0aab7a95097f2c926664e2,5/23(火) 21:00
womensh,ストレスを軽減するために知っておくべき「ストレスの輪」ってなに？専門家が解説,https://news.yahoo.co.jp/articles/f49ab9f1327d62654628427ad5e033dfd4c1cfbd,5/23(火) 19:03
womensh,飲料水にも含まれる？永遠に残る化学物質「フォーエバーケミカル」の脅威,https://news.yahoo.co.jp/articles/3f53291ba1b63f75557e6078e048836cbd0ea981,5/22(月) 21:00
womensh,考えたくもないことを考えてしまう…「侵入思考」の原因と対処法,https://news.yahoo.co.jp/articles/0367caf5c0ad586f3eb595fdb8227d513f83aabc,5/22(月) 19:03
womensh,「先延ばし癖」を絶つ3つの方法,https://news.yahoo.co.jp/articles/ffed6ab24de376af5af437467dfcfba2d2e6ca36,5/21(日) 21:02
womensh,40歳を過ぎてからの「出産」を経験した6人の人気セレブたち,https://news.yahoo.co.jp/articles/077c7050cbcb744c2a5cba3d638dd98c2befe807,5/21(日) 19:03
womensh,"""離婚""を乗り越えた人気セレブたちの格言まとめ「子どものことを最優先に考える」",https://news.yahoo.co.jp/articles/61d2feea9c969fc0231ab14cbe7486b2e9c821fe,5/20(土) 21:00
womensh,座ったまま簡単にできるエクササイズ！「ソレウス・プッシュアップ」の効果とやり方,https://news.yahoo.co.jp/articles/2a8a91a42d89db914512562c658c15cee025f6d2,5/20(土) 19:03
womensh,"""尋常性白斑""を患う私がモデルになるまで「何度NOと言われても諦めなかった」",https://news.yahoo.co.jp/articles/fc7843ca10bcecb351c1a34069ad7c4213ebbeb6,5/19(金) 21:00
womensh,週2回食事の量を減らすだけ！「5:2ダイエット」の効果とやり方,https://news.yahoo.co.jp/articles/060a9b898b235dda73ea2d0293ebaef400a7bd68,5/19(金) 17:05
womensh,今すぐ部屋に置きたい！空気をキレイにしてくれる7つの植物,https://news.yahoo.co.jp/articles/9399f3dd65caa99a10fd33e6fd6a80f502152b7f,5/18(木) 21:00
womensh,マスクしてるほうが落ち着く……「マスク依存症」になってない？【臨床心理士が解説 】,https://news.yahoo.co.jp/articles/53b0f4b829ae7396e4d1b2255ba92fec69431bea,5/17(水) 21:00
womensh,-6kgに成功！ダイエット挫折続きのぽっちゃりライターがストレス無しで体重を減らした方法,https://news.yahoo.co.jp/articles/e69b29e2631bc4d319d84d9eb1bb34bf034cacc8,5/17(水) 19:05
womensh,トレイルランニングを始める前に知っておくべき7つのこと,https://news.yahoo.co.jp/articles/fe67e0383837254d056fd30558dd517d5143fc9a,5/17(水) 17:04
womensh,「おへそが臭い？」考えられる4つの理由を皮膚科医が解説,https://news.yahoo.co.jp/articles/32313ebea174acfee365574d1dc26a48f2f3bd75,5/16(火) 21:00
womensh,あなたのクマはどのタイプ？「目の下のクマ」の原因と種類別のケア方法【皮膚科医が解説】,https://news.yahoo.co.jp/articles/59fdb7cca6088570e1828dbe36fa0194ba50582e,5/16(火) 19:06
womensh,毎日でも摂るべき？「ターメリック」の優れた栄養素と摂取のポイント,https://news.yahoo.co.jp/articles/15303eaf91924030a6cdf31332707661f8bd5785,5/16(火) 17:03
womensh,頑張らなくてもダイエット成功！「やせる冷蔵庫」のテクニック,https://news.yahoo.co.jp/articles/ef08fa66693810a4897084795595946ababc9027,5/15(月) 21:00
womensh,体重が減りやすくなる、午後6時以降の「痩せ習慣」,https://news.yahoo.co.jp/articles/5954da204b0fa1170932140a29926686c71b0dc8,5/15(月) 20:00
womensh,「乳首」が痛い…考えられる理由とその対処法,https://news.yahoo.co.jp/articles/5ea0b02bc75738cf5a34c735b029c4c9d34029ea,5/15(月) 17:04
womensh,「視力低下」を防ぐには？眼科医が教える、目の健康を守る7つの方法,https://news.yahoo.co.jp/articles/8c3750ba4aa4ddaaef82d55af0da56a60f98426c,5/14(日) 21:02
womensh,1日の摂取カロリーを500減らす13の簡単な方法,https://news.yahoo.co.jp/articles/39ee40293c2045630b91feafd71082894713d790,5/14(日) 19:03
womensh,たった一晩で「体重」が増えてしまう12の理由,https://news.yahoo.co.jp/articles/a678423df94f2475ad46a08444816ea0b1e844b8,5/14(日) 17:00
womensh,更年期に起こりやすい「ブレインフォグ」って一体なに？症状と対処法,https://news.yahoo.co.jp/articles/55b593e9ea0ae11cb341c73d8197219110ce9e31,5/13(土) 21:01
womensh,「いつも幸せな人」でいるために、今すぐやめるべき6つの習慣,https://news.yahoo.co.jp/articles/a132dd94c370ff74aad8c501b42710c7fbffbfa7,5/13(土) 19:03
womensh,あなたのランニングシューズは、どのくらいサステナブル？靴業界が直面している課題,https://news.yahoo.co.jp/articles/a06be958d2403da30253cae3476a229c94c93e70,5/13(土) 17:01
womensh,私がベジタリアンをやめて、再び「肉」を食べ始めた理由,https://news.yahoo.co.jp/articles/a0b810819cc8cc02f39b7464494b4ccc1191c00d,5/12(金) 21:00
womensh,プロテインを飲むとお腹を下す＆下痢になる？原因と対処法を医師が解説,https://news.yahoo.co.jp/articles/12766778454c4a9f2f22d0746e7962cf9b78d13c,5/12(金) 19:05
womensh,いくつになっても遅くない！　「人生の目的」が見つかる3つの方法,https://news.yahoo.co.jp/articles/8c421e07ed764ddee00f6a428a38b524e04180cb,5/12(金) 17:00
womensh,「3カ月で-5.6㎏に成功！」意志力ゼロで体が変わる3勤1休ダイエット,https://news.yahoo.co.jp/articles/d24ddc6bb326413efa223cf82814a8cd27cb0d3f,5/11(木) 21:00
womensh,自分で自分を幸せにするための6箇条,https://news.yahoo.co.jp/articles/684217aae55d6ac2bec801fa917ca58e976da697,5/11(木) 19:06
womensh,マッチングアプリ疲れに要注意！メンタルヘルスを傷つけない使い方,https://news.yahoo.co.jp/articles/2da099725239cfe4feb963f1222b06fd121cc912,5/11(木) 17:03
womensh,更年期の症状に効く香りも？注目の「機能性フレグランス」について解説,https://news.yahoo.co.jp/articles/9ab948b5d699f7525dd6f6728c073ecd2c454f35,5/10(水) 21:00
womensh,落ちないリップはどれ？人気のプチプラ商品7つを細かく検証してみた,https://news.yahoo.co.jp/articles/549effa3a3ed0a31a9e87a7f8d0f4da355c88963,5/10(水) 19:06
womensh,有害物質暴露を避ける！「オーガニックコスメ」の正しい選び方を専門家が伝授,https://news.yahoo.co.jp/articles/c2cf0cb831bfe42a948210f565bc4fdab51e16e1,5/10(水) 17:04
womensh,見逃さないで！あなたのパートナーが「うつ」かもしれない6つのサイン,https://news.yahoo.co.jp/articles/01960f2ced1af510da47fc84bcbb1c6503aa897f,5/9(火) 21:00
womensh,上司が意地悪、仕事の量が多すぎる…5つのシチュエーション別！職場でのストレス・不安の対処法,https://news.yahoo.co.jp/articles/76e5d870556a09439648162747d9bd62506f2034,5/9(火) 20:01
womensh,ダイエット中にサラダに入れるべきではないトッピング7つ,https://news.yahoo.co.jp/articles/45e15906fbb7a829e86a613d24432c4c265b218e,5/9(火) 19:03
womensh,4カ月オートミール弁当を続けた！エディター実践の一押しオートミール弁当レシピ,https://news.yahoo.co.jp/articles/1fb0e8890106f38d8a7f9b2786177f4f480dcedf,5/8(月) 21:01
womensh,二度寝は避けるべき？スヌーズボタンを押すことが体に悪い5つの理由,https://news.yahoo.co.jp/articles/0e76006a99d703e616ca5f1adb8589fd05df4531,5/8(月) 19:32
womensh,【デカ顔になるチェックリストあり】知らず知らずに続けている、悪習慣を改善して小顔に,https://news.yahoo.co.jp/articles/adc9659b9cf32f53285da3ae913e1fee94b177ac,5/7(日) 21:00
womensh,ランニング中に息が苦しくなるのはなぜ？初心者向けのおすすめ呼吸法,https://news.yahoo.co.jp/articles/0d844cfffb66a8c01be768cdae6842b855270dad,5/7(日) 19:04
womensh,突然めまいがするときに考えられる12の理由,https://news.yahoo.co.jp/articles/ce2dbc21130eec63fdd9cfd8d2a062b38e5680fb,5/7(日) 17:00
womensh,ダイエットは少しの努力で劇的変化！ちょっと頑張る「痩せ習慣」をトレーナが伝授,https://news.yahoo.co.jp/articles/0c60eabfd533e916fdd41e53ee394df6ff9d6b12,5/6(土) 21:03
womensh,腸内環境を整えるプロバイオティクスは女性ホルモンの味方!?意外な関係性を解説,https://news.yahoo.co.jp/articles/3808ea2eb5481c3d0b3bd65dc876163e3599d696,5/6(土) 19:02
womensh,熟睡できる？ホワイトからピンクまで…さまざまな色のノイズで睡眠はどう変わるのか,https://news.yahoo.co.jp/articles/ce4cd8048dcb9dfefeb8d33ee2d04767e5d1c286,5/6(土) 17:00
womensh,歯が少ない人ほどボケやすい!?　口内環境と認知機能の意外な関係性,https://news.yahoo.co.jp/articles/f8351cf137b94e9fede73f7606f7bdae93cd957f,5/5(金) 21:02
womensh,お金を呼び込むマインドセットの作り方　プロが解説,https://news.yahoo.co.jp/articles/bf3a1270a7e22e7d21864fe31259634679f8e3eb,5/5(金) 19:04
womensh,運気を上げる“食風水”のススメ！運気別に取り入れたい食べ物・飲み物って？【風水師監修】,https://news.yahoo.co.jp/articles/568b096063b66103eed3ecaf357e156c89002a54,5/5(金) 17:01
womensh,放っておくのはNG！結婚生活にありがちな6つの問題と対処法,https://news.yahoo.co.jp/articles/e972c4a08020e1feffb442d7662b8859c62fd4ef,5/4(木) 21:01
womensh,出産報告をSNSでする親友にモヤモヤ…どうすればいい？【あるある！ココロの相談室】,https://news.yahoo.co.jp/articles/fbc90b2ad4d3ce76b0f328a35f7f4c3c123af0b6,5/4(木) 19:03
womensh,材料たった3つ！超簡単な「プロテインブラウニー」の作り方,https://news.yahoo.co.jp/articles/ffa495eb7417e0cc533b979f7e3bbc9a7e3355a4,5/4(木) 17:00
womensh,早世の確率を23％も下げる食事法が研究で判明,https://news.yahoo.co.jp/articles/2b01e0d2099d4606b5dee747a7181315d383a76b,5/3(水) 19:03
womensh,短時間で全身を鍛える！「縄跳び」を始めるべき10の理由とオススメのエクササイズ,https://news.yahoo.co.jp/articles/321fbcd812306eeaf6172f65b00c7af1b5577c6d,5/3(水) 17:00
womensh,妊娠線＆肉割れを隠さないセレブたち,https://news.yahoo.co.jp/articles/cae8cd84290a76d20a1271be8d7cfc22d26d21d4,5/2(火) 21:03
womensh,「焦げたものを食べるとがんになる」は本当？どのくらい体に悪い？専門家が回答,https://news.yahoo.co.jp/articles/8e66c2ec50b18bbf3640028a45228e9c214513e7,5/2(火) 19:06
womensh,「私は見た目で有名になった女優じゃない」53歳人気女優の8つの言葉,https://news.yahoo.co.jp/articles/84042802042e1bece122fafb53c7efb2f58b5094,5/2(火) 17:04
womensh,突然生える「アゴの毛」の正体はなに？皮膚科医が解説,https://news.yahoo.co.jp/articles/63040d995d2f4372c4cf8ac8a1dc2e893ea15238,5/1(月) 21:03
womensh,この料理にはこの油！管理栄養士が推奨する料理に使う「もっともヘルシーな油」,https://news.yahoo.co.jp/articles/7e37d9f5d64cc245027fc8f26f80d359f1d82a4d,5/1(月) 19:05
womensh,TikTokで人気沸騰中の「ホット・ガール・ウォーク」って？ただ歩くだけじゃないウォーキングの魅力,https://news.yahoo.co.jp/articles/6422b8a5b27afea869940c6fd581e9da091c55c2,5/1(月) 17:00
womensh,プロテインって1日に何回飲む？プロテインを飲むタイミングのメリットと注意点,https://news.yahoo.co.jp/articles/0a6379c725e4f13d066148b3c331148094be1b0e,4/30(日) 21:00
womensh,あなたの心の暗い部分と向き合うには？「シャドウワーク」のやり方,https://news.yahoo.co.jp/articles/ade327f05cf89de9e8d0127fc8234feb1d90b944,4/30(日) 19:02
womensh,つい“完璧”と比べてしまう人へ。劣等感の乗り越えかた,https://news.yahoo.co.jp/articles/d6b9f79c9d54a82fa07f0c4f3ef604a2878b68e8,4/30(日) 17:00
womensh,今日からできる！　運気を上げる“食風水”の食べ方,https://news.yahoo.co.jp/articles/f1a9a8b60ea891b423bd21a12a30d99ed440f3c6,4/29(土) 21:00
womensh,自信を失わないで！「白髪」に悩んでいる女性に伝えたい3つのこと,https://news.yahoo.co.jp/articles/356cfaf20c0709aa1e015ac14b51ffd95ebc2cae,4/29(土) 19:00
womensh,痩せるための大掃除のコツ！整理することは、健康面でも精神面でもいいことばかり,https://news.yahoo.co.jp/articles/e66014b49f9bfc654c06e5689c157e655def26d1,4/29(土) 17:00
womensh,ダイエットをして一番最初に痩せる部位はどこ？専門家が解説,https://news.yahoo.co.jp/articles/1a383465392dd094f06bc4d1760c5f32c6d83a39,4/28(金) 21:03
womensh,GW、どの映画を観る？心が揺さぶられる「注目の最新作」3選,https://news.yahoo.co.jp/articles/7612010ff2119ed87d00ce3b52db0a0cb01f639b,4/28(金) 20:04
womensh,閉経した私が「閉経前」に知っておきたかったこと「症状は1つじゃない」,https://news.yahoo.co.jp/articles/befecc52919cb55d911f2ea3903129a022eb6eee,4/28(金) 20:03
womensh,大人気スリラードラマ『YOUー君がすべてー』の主人公が抱える障害「エロトマニア」を解説,https://news.yahoo.co.jp/articles/e13d28183fc06d04f5f1981ec34ed8ac6c105f2b,4/28(金) 19:07
womensh,ダイエット中の主食に！「ローカーボパスタ」の選び方,https://news.yahoo.co.jp/articles/c2a5c8d2d38056046770aeb3553ac941d6282bd8,4/28(金) 17:03
womensh,専門家に聞いた「最高の睡眠ハック」ランキングBEST5,https://news.yahoo.co.jp/articles/0de3baef099a9fb293b7e27054e430aed961d0e7,4/27(木) 21:00
womensh,あなたは大丈夫？人間関係の病である「共依存」のチェックリストと対処法,https://news.yahoo.co.jp/articles/b251f2a5d661606011695c53a2ff6e6b7d792cbc,4/27(木) 19:02
womensh,「自転車ダイエット」を成功させる6つのコツ,https://news.yahoo.co.jp/articles/67d45d78aad914f234bb99326cdb4fb6fdc01cf9,4/27(木) 17:02
womensh,9人の男性が告白！「パートナーへの気持ちが冷めた」と気付いた瞬間,https://news.yahoo.co.jp/articles/6dd237796cb79c92e6d14217d4baceedcd476c38,4/26(水) 21:00
womensh,毎日のスキンケアをより環境にやさしいものにするための4つの方法,https://news.yahoo.co.jp/articles/d15b099e918e307b45d220f0d627ebba1e2fd71c,4/26(水) 19:06
womensh,「自己嫌悪に満ちていた」オーストラリア初のアジア系ミス・ユニバースが自分のアイデンティティを受け入れるまで,https://news.yahoo.co.jp/articles/d7b5af17c841787afead19ebd9b9fa72819eb4b7,4/26(水) 17:05
womensh,最近トイレが近いのはなぜ？考えられる9の理由を専門医が解説,https://news.yahoo.co.jp/articles/14978469a641e631a7d7dbd851e5a41e2877524a,4/25(火) 21:03
womensh,更年期女性のためダイエット法！「ガルベストン・ダイエット」を解説,https://news.yahoo.co.jp/articles/e933f4480760731464025337128840f278f77d16,4/25(火) 19:03
womensh,今日からできる！「おなかの脂肪」をたった2週間で減らす方法,https://news.yahoo.co.jp/articles/8045fded216f2e54bee63614ad4d5f6fcef396cb,4/24(月) 21:02
womensh,肉や魚などの動物性食品を摂らない「菜食主義」をやめたセレブたち。それぞれの理由と本音,https://news.yahoo.co.jp/articles/2032904178431bfd2a23a47289564a009cae5d07,4/24(月) 19:04
womensh,ビューラーの使い方にはコツがある！選び方のポイントと合わせてご紹介,https://news.yahoo.co.jp/articles/822491fd4ee9dd6ef3fb41b6735bbafa2f3eb822,4/24(月) 17:04
womensh,仕事中におすすめの間食TOP5！専門家に聞いてみた,https://news.yahoo.co.jp/articles/05608d45857272b1ef3d611bc413454a0e1aecd3,4/24(月) 17:00
womensh,女優・黒木華「歳をとるのが好き」と言える理由,https://news.yahoo.co.jp/articles/494e4d078a4e5fc37b46fe9ef2e5af9f4ea7a927,4/23(日) 21:01
womensh,“真実の語り部”54歳ジェニファー・アニストンの格言6選,https://news.yahoo.co.jp/articles/8f24e9d8cf58594dd347b951e1fcf620556fccf7,4/23(日) 19:02
womensh,幸福の研究者が伝授！「ランニング」に喜びと幸せを見い出す7つの方法,https://news.yahoo.co.jp/articles/0e1550c5f7fb05b8a487b9fcd42047b749ac0059,4/23(日) 17:00
womensh,代謝を上げて睡眠も改善!?「マグネシウム」の驚くべき効果,https://news.yahoo.co.jp/articles/986fa09c1f4da55b6ca581f9726d3808d462695e,4/22(土) 21:02
womensh,運動しているのに痩せない？知っておきたいダイエットの意外な盲点,https://news.yahoo.co.jp/articles/ed63538ff904934b6ecb47eb01dc80bdf582a69f,4/22(土) 19:04
womensh,食費を節約しながら栄養たっぷりの食生活を送る方法,https://news.yahoo.co.jp/articles/5f9b11163f98cfd4ad41517efff17466ddd7ba31,4/22(土) 17:00
womensh,積極的に食べたい！「腸」の健康状態を高める5タイプの食品,https://news.yahoo.co.jp/articles/3ef49e7d7afcf1b8ab3cc6705fda1f339e6b55bd,4/21(金) 21:01
womensh,食べてないのに全然痩せない！「糖質制限」をしても体重が減らない理由,https://news.yahoo.co.jp/articles/2e181d27d65e88b36192fa81084070a1f4dfa7a2,4/21(金) 19:05
womensh,白髪で美しさを増した64歳人気女優が「若作りにうんざり」と語る理由,https://news.yahoo.co.jp/articles/be28989430928301274eb38987a66d9235cc781b,4/21(金) 17:05
womensh,背中の「ぜい肉」がついてしまう原因と取り除き方,https://news.yahoo.co.jp/articles/1d708289b253cd51e1263915e431d7da53ccd695,4/20(木) 21:00
womensh,暴飲暴食を抑制！血糖値を上げにくい「低GI食品リスト」,https://news.yahoo.co.jp/articles/f0dc82612c93707da98c4587108f616355780f2a,4/20(木) 19:05
womensh,自分の体だけでなく地球もフィットに！　あなたも今日から「グリーンランナーズ」の一員になってみよう！,https://news.yahoo.co.jp/articles/1d8f9311fb390b41a4f6180067fd7c5efb0fa11e,4/20(木) 17:04
womensh,見てはいけない？「日食・月食」が忌み嫌われる理由　4月20日は金環皆既月食,https://news.yahoo.co.jp/articles/692ca72baf3f2fa7aa1ce1574fb70a5836bab870,4/19(水) 22:01
womensh,これだけはやめて欲しい「老ける習慣」7つ！細胞レベルでシミ・シワと向き合う”アンチエイジングの鬼”がアンサー,https://news.yahoo.co.jp/articles/83d339d45e6ed07dbe3dcfb9bf2fd0663ee51fa0,4/19(水) 21:00
womensh,4月20日の「金環皆既日食×牡羊座新月」が及ぼす影響は？専門家が解説,https://news.yahoo.co.jp/articles/f57e40998f390905d3f2df3db9ea74c7d2fdb827,4/19(水) 20:03
womensh,真夜中に目が覚めてしまう5つの理由,https://news.yahoo.co.jp/articles/6aa74c0e106bbedf7226d337f1845bff24c5d7a4,4/19(水) 19:06
womensh,心と体の深い部分にアクセスしてくれる「シンギングボウル」を使った瞑想のやり方,https://news.yahoo.co.jp/articles/7e4d1e61fbe682ee340086f3e89bea92d4101223,4/19(水) 17:04
womensh,健康な体作りに不可欠！「ビタミンD」が豊富な7つの食材を栄養士が指南,https://news.yahoo.co.jp/articles/41ce4ca5c834471e7b40cee4df0357d9015f7343,4/18(火) 21:00
womensh,痩せたい人向け「ジム」の選び方！ジムのタイプ別にメリット&デメリットと向いている人をご紹介,https://news.yahoo.co.jp/articles/97ea986bc100619fec8aa536e5a0be7847cd2074,4/18(火) 17:00
womensh,虫歯は「細菌のうんこ」が原因!?　知りたくなかった事実,https://news.yahoo.co.jp/articles/7785f7da1cb6bc0acb246e6eb197a486fc4bc911,4/17(月) 21:00
womensh,「新生活がなんだか憂うつ…」焦りを感じていない？心の専門家が対処法を伝授,https://news.yahoo.co.jp/articles/1308dd6551fe2e2cdd24949e8b482cd61ecfc558,4/17(月) 19:04
womensh,生理用ナプキンの常識を変える!? 「トイレットペーパー式のナプキン」に注目,https://news.yahoo.co.jp/articles/e9e053fdce994e0171429e40fb5ff8e02ed46138,4/17(月) 17:03
womensh,栄養士おすすめ、最もヘルシーな野菜7とそのベストな調理法,https://news.yahoo.co.jp/articles/5db4c32dbf9e2343c0acf61d0c615eb1901b168f,4/16(日) 21:03
womensh,糖尿病じゃない人も血糖値を測る時代がやってきた!?,https://news.yahoo.co.jp/articles/0dd60b7b2975202f8350342a5e1cd5fa94344f66,4/16(日) 19:03
womensh,瞑想をもっと気楽に。「ながら瞑想」のすすめ、15選,https://news.yahoo.co.jp/articles/342c3ee889fbb10d05b0de3ff132117ef229f3e7,4/16(日) 17:00
womensh,全身の脂肪燃焼＆くびれ作りには柔軟性がカギ！　ダイエットにおすすめのやせストレッチのやり方,https://news.yahoo.co.jp/articles/5072df1066a0a4b86555fa986ad5dc99b6911e80,4/15(土) 21:02
womensh,興味はあるけれど、真面目に付き合うつもりはない…恋愛の最新トレンド「ベンチング」が最悪なワケ,https://news.yahoo.co.jp/articles/d544b9793c01953e5c2bdc328988daa7d9be4cf7,4/15(土) 19:02
womensh,言いたいことを我慢しなくても人間関係はよくなる?! 自分も相手も大切にしたコミュニケ―ション方法,https://news.yahoo.co.jp/articles/0d50c081799ae3d48aee62d549f3c8b19b251fb6,4/15(土) 17:02
womensh,10kg落としたいなら変えるべき「10のこと」,https://news.yahoo.co.jp/articles/e13ba84a614b294a293a3f3601ec14a0546bbe21,4/14(金) 21:01
womensh,牛肉よりも「鉄分」が摂れる7つの食品　貧血気味の人は必見！,https://news.yahoo.co.jp/articles/55bc516778450951bf31260c1ddbfeec9919d451,4/14(金) 19:02
womensh,ダイエット中に腸内環境を整えるために「控えるべきもの&摂るもの」3選,https://news.yahoo.co.jp/articles/19395d828418cce5ef09996045c520a9d5019abb,4/13(木) 21:01
womensh,医師が教える「仕事への上機嫌な取り組み方」 自律神経は行動でコントロールできる！,https://news.yahoo.co.jp/articles/1816aadbf57eafb5be8f677ec9adb3ce3188b9c2,4/13(木) 19:08
womensh,頭痛に冷え、目の疲れ……仕事の合間に5分で解消！簡単マッサージ法,https://news.yahoo.co.jp/articles/7fad5b78f0061a3a242e32566f539371f19369d5,4/13(木) 17:03
womensh,【衝撃の事実】女の子の2人に1人は自分の見た目に不満がある,https://news.yahoo.co.jp/articles/9322365e70702e81acacd05439822e807206ff10,4/13(木) 17:01
womensh,飲酒とがんのリスクの関係は？「アルコールに安全な量はない」WHOが警告,https://news.yahoo.co.jp/articles/c5d6c433a3ad4f66aa7463af1390c2a31d2a90fb,4/12(水) 21:02
womensh,ランニングで「ヒザ」が痛くなる理由TOP5　痛みを感じた時の対処法も解説,https://news.yahoo.co.jp/articles/24c494d1b803aec70b020b8b210800ac18f61c1c,4/12(水) 19:01
womensh,妊活は何から始めるべき？妊娠するために今から準備しておくべき6のこと,https://news.yahoo.co.jp/articles/23b807870459554efa9c6b96e5a321098b3ff3c1,4/12(水) 17:00
womensh,体重が減らないのはなぜ？減量のスピードを上げる「6つの方法」,https://news.yahoo.co.jp/articles/d7d94b0de9d4d1d4e8b1c27702e9da8181e3db07,4/11(火) 21:00
womensh,老いることの楽しさを教えてくれる！「年齢」についての格言まとめ,https://news.yahoo.co.jp/articles/8c9ed848512970fd8ec27f7358724be021fb9f23,4/11(火) 19:04
womensh,お気に入りブランドは？ヘルシー女子たちに学ぶ「最旬ワークアウトコーデ」,https://news.yahoo.co.jp/articles/22879765fa80bd6b644eada2495c3be4d92a7526,4/11(火) 17:03
womensh,「実は歯が溶けてしまうNG習慣」理由と予防法Q&A　歯科医が解説,https://news.yahoo.co.jp/articles/6dac41bab3906649fbd74a49d367ffc558ab101c,4/10(月) 21:01
womensh,生活費の高騰が「メンタルヘルス」に与える影響,https://news.yahoo.co.jp/articles/540720c8591f6e639e14c778461312f0f3d24fb3,4/10(月) 19:00
womensh,風水で仕事運アップ！すぐ取り入れられる「運気」を上げる方法8選,https://news.yahoo.co.jp/articles/1c3afba78bf92544d0a358830073911db13fb1bc,4/10(月) 17:20
womensh,これは驚き！人間の「脳」にできる4つのこと,https://news.yahoo.co.jp/articles/02b0e9fd9054c37d56e47f781b35a4cdb1a8f809,4/9(日) 21:01
womensh,風邪の症状を1時間で悪化させてしまう4つのNGアイテム,https://news.yahoo.co.jp/articles/853eac173dbdac50e8fad8e69b209d92a7120e57,4/9(日) 19:01
womensh,ナルシストな人に「絶対言ってはいけないフレーズ」,https://news.yahoo.co.jp/articles/067727b5a6fdd196faae715e300cc34b17caed5a,4/9(日) 17:01
womensh,閉経が近づくと体に何が起こる？よくある「閉経周辺期」の症状を産婦人科医が解説,https://news.yahoo.co.jp/articles/fa717c67e3f44f10519dd7380939148ae92e1caf,4/8(土) 21:00
womensh,脂肪燃焼を助ける！おすすめ食品5選,https://news.yahoo.co.jp/articles/e7fb0659641bfe14394b6da32792e5caacf4ac4a,4/8(土) 19:02
womensh,5分で太ももをキュッ！ほっそりとした脚になる簡単なエクササイズ,https://news.yahoo.co.jp/articles/1a2b2f42d2617eddf4da7d74b6dcde34991280aa,4/8(土) 17:01
womensh,実はダイエットの味方!? 控えるよりも食べてほしい「おやつ」,https://news.yahoo.co.jp/articles/926f8651d7fc9ee81990f0de073da9ef49a648b9,4/7(金) 21:04
womensh,「寿命を7.5年延ばす」簡単な4つの方法を専門家が解説,https://news.yahoo.co.jp/articles/c9248e93a7796311629ad947def7a9e6279aba0b,4/7(金) 19:02
womensh,運を引き寄せる人はここが違う！不運→幸運に変わる「考え方」,https://news.yahoo.co.jp/articles/ab5cc2f9587971ef23a9277486318e72fbbbdf02,4/7(金) 17:05
womensh,3週間本気で「地中海式ダイエット」やってみた結果…体と心に起こった変化,https://news.yahoo.co.jp/articles/ef9ff59a976cb46b083019f90a1d76ea1b051390,4/6(木) 21:01
womensh,「記憶力」を上げたいときに食べるべき6つの食材,https://news.yahoo.co.jp/articles/511a738b98600b1cfba306f5d3181c128c593a14,4/6(木) 19:01
womensh,爪が傷んでいるサインは？原因や爪を強くする方法を皮膚科医が伝授,https://news.yahoo.co.jp/articles/75ecf499b0882c47e48bd98798eca44a6df3abe9,4/6(木) 17:01
womensh,50歳を過ぎてから「体重」を減らす方法は？年をとると痩せにくくなる理由も解説,https://news.yahoo.co.jp/articles/6ce5b9d706ab65b804d8b89c837019f0dc17f97a,4/5(水) 21:01
womensh,体重を減らしたいなら食べるべき5つの高カロリー食品,https://news.yahoo.co.jp/articles/d5b27b7e2aba0e758aaeac51273998021d4abb94,4/5(水) 19:00
womensh,アイシャドウのブラシ使いはメリットだらけ！おすすめの選び方,https://news.yahoo.co.jp/articles/63a3938eb9bb67711d19ac4860cfb20afb244e8a,4/5(水) 18:00
womensh,「ダイエットの停滞期」を乗り越えよう！　まずするべきことは？専門家が回答,https://news.yahoo.co.jp/articles/2d6eb284cfcf0b79cca2d857aca261f92bdd66f6,4/4(火) 21:01
womensh,大人が新しい街で「友達を作る方法」を専門家が解説！新生活で不安な人は必見,https://news.yahoo.co.jp/articles/254c6a8836e80a4ade6f202bfc1dffcfe20075b4,4/4(火) 19:11
womensh,「トレイルランニング」を始めるべき4つの理由,https://news.yahoo.co.jp/articles/5d32f0afa4e6cd7a90ac38fb2d306d61e37a980e,4/4(火) 17:01
womensh,実は歯磨きが原因!? あなたがやせない5つの理由,https://news.yahoo.co.jp/articles/b965356bf2905f878c0981089f0da6d039dc188d,4/3(月) 21:01
womensh,「自転車」に乗る10のうれしいメリット,https://news.yahoo.co.jp/articles/4d531839e8c685aaec263c22756449b901a895ab,4/3(月) 20:01
womensh,映画館で見たい！”新たな気づき”を得られる「話題の最新作3選」【4月公開】,https://news.yahoo.co.jp/articles/fb9e71c16f565ab57c27b5eece718b6764e2f152,4/3(月) 19:08
womensh,ストレスが「白髪」を増加させる？専門家がその理由を解説,https://news.yahoo.co.jp/articles/892001cedf100c9243ed9d345c66c28cad6af6ec,4/2(日) 21:01
womensh,生理前のイライラ、体の不調…「PMS（月経前症候群 ）」の症状と緩和させる生活習慣、栄養素,https://news.yahoo.co.jp/articles/5b07ace8c8cde72bcd61cd38d0e7d5cfd4fa6c48,4/2(日) 19:01
womensh,筋トレだけじゃ運動不足!? ダイエット効率を上げる「簡単ストレッチ」4選【トレーナーが解説】,https://news.yahoo.co.jp/articles/e38303dec124c3726c13736e162f6f5cf6bb068d,4/1(土) 21:02
womensh,薬と毒は表裏一体！知っておきたい「意外と身近にある毒」について専門家が解説,https://news.yahoo.co.jp/articles/fe5edf1803734e59c7b5a8faf4142a7a8471b96e,4/1(土) 19:01
womensh,デートもエコを意識!? 海外若者世代の間で人気の「グリーンデート」に注目,https://news.yahoo.co.jp/articles/698a2d7934677045946a5132ac7a6604cf561419,3/31(金) 22:00
womensh,老化の原因に…知っておきたい「糖化」の原因と避けるべき食べ物を医師が解説,https://news.yahoo.co.jp/articles/6c30f0132a2b044dee2f20696585f315d5e54d5d,3/31(金) 21:01
womensh,かなり地味な動きに見えるけれど…「踏み台昇降」の驚くべきメリットって？やり方もトレーナーが解説,https://news.yahoo.co.jp/articles/d0d79e9fd379a24059f30d49d0f3b3223cd0b288,3/31(金) 20:01
womensh,「ホルモン太り」してしまう4つの原因と対処法,https://news.yahoo.co.jp/articles/22421ef6c4a412be535d871a487f41239565ced4,3/31(金) 19:01
