media_en,media_jp,title_articles,link_articles,date_original
cinemore,CINEMORE,wÂtxA‚½‚´‚éÒ‚Í‚Æ‚Ä‚à–¾‚é‚¢y‚¦‚Ì‚«‚Ç‚¢‚¿‚ë‚¤‚Ì‰f‰æ‚ ‚©‚³‚½‚È Vol.51z,https://news.yahoo.co.jp/articles/025b83fab07e771ccdcf776f6f9b8ad95341306a,4/19(‹à) 12:07
cinemore,CINEMORE,w‰A—zt0x²“¡k–ƒqŠÄ“Â@“O’êlØ‚µ‚½•½ˆÀ‘•‘©A“–‚ğÄŒ»‚·‚éVFXyDirectorfs Interview Vol.400z,https://news.yahoo.co.jp/articles/9443231c27d09f12b3b4cb45afd1ba3a39ba1798,4/18(–Ø) 12:00
cinemore,CINEMORE,wˆÙl‚½‚¿xƒAƒ“ƒhƒŠƒ…[EƒwƒCŠÄ“Â ŠÏI‚í‚Á‚Ä‚à‚¸‚Á‚Æì•i‚ªS‚É—¯‚Ü‚Á‚Ä‚¢‚Ä‚Ù‚µ‚¢yDirectorfs Interview Vol.399z,https://news.yahoo.co.jp/articles/e58143e32662c6925000d909cdc132b05f1b158e,4/17(…) 12:07
cinemore,CINEMORE,wChimexH–‚Æ—¿—A‹óŠÔ‚ÆˆÚ“®A¢ŠE‚Ì•ö‰ó\\‚¢‚­‚Â‚©‚ÌƒL[ƒ[ƒh‚©‚çl‚¦‚é•‘ò´ŠÄ“Â‚ÌVì’†•Ò,https://news.yahoo.co.jp/articles/4e77f197d2452404408c65e5ea2a3701d2518887,4/16(‰Î) 12:01
cinemore,CINEMORE,wˆ¤‚Æ€‚ÌŠÔ‚Åx–¼‹r–{‰Æ‚Ì•M’v‚ÆƒPƒlƒXEƒuƒ‰ƒi[‚ªâ–­‚É—n‚¯‡‚Á‚½—Ö‰ô“]¶ƒTƒXƒyƒ“ƒX,https://news.yahoo.co.jp/articles/2495a1fe8a1d454e7ae5b41779e52db519224565,4/15(Œ) 17:02
cinemore,CINEMORE,ƒWƒF[ƒ€ƒYEƒLƒƒƒƒƒ“ŠÄ“Âì•i‚Ü‚Æ‚ß@SF‚ÆƒAƒNƒVƒ‡ƒ“‚ğ‹ìg‚µ‚Äl—Ş‚ÉŒxà‚ğ–Â‚ç‚µ‘±‚¯‚é,https://news.yahoo.co.jp/articles/554601345f26c438d1682f30fed825accfb9afa1,4/14(“ú) 11:00
cinemore,CINEMORE,wƒAƒoƒEƒgEƒVƒ…ƒ~ƒbƒgxƒAƒŒƒNƒTƒ“ƒ_[EƒyƒCƒ“‚Ì‹­‚¢‹½“yˆ¤‚ª¶‚ñ‚¾ƒzƒ‹êl¶ƒRƒƒfƒB,https://news.yahoo.co.jp/articles/c10708386eb98c0d2119097143b2ac5535d82f7e,4/12(‹à) 18:03
cinemore,CINEMORE,wƒvƒŠƒVƒ‰xƒ\ƒtƒBƒAEƒRƒbƒ|ƒ‰ŠÄ“Â @ƒrƒWƒ…ƒAƒ‹‚Å•¨Œê‚ğ“`‚¦‚éuŒü«‚ğŠÑ‚¢‚ÄyDirectorfs Interview Vol.398z,https://news.yahoo.co.jp/articles/f6326f2793c522a903600450d71ac05003b1849d,4/11(–Ø) 18:01
cinemore,CINEMORE,wƒpƒXƒg ƒ‰ƒCƒuƒX^Ä‰ïx‚³‚æ‚È‚ç‚ğ‚°‚éŠÔ,https://news.yahoo.co.jp/articles/bed073a501e471ce948c8ff0cd632785a5ffd995,4/10(…) 12:07
cinemore,CINEMORE,wƒIƒbƒyƒ“ƒnƒCƒ}[xS‚ğ–Y‚ê‚½‰ÈŠwA”ß‚µ‚¢ƒ}ƒ‰ƒ\ƒ“,https://news.yahoo.co.jp/articles/5f0bd4f5dc42f463b50cea9cb77f286212cc0aa2,4/9(‰Î) 21:18
cinemore,CINEMORE,wƒCƒ“ƒtƒBƒjƒeƒBEƒv[ƒ‹xƒuƒ‰ƒ“ƒhƒ“EƒNƒ[ƒlƒ“ƒo[ƒOŠÄ“Â@ƒNƒ[ƒ“‚ğg‚Á‚Ägß‚Æ”±h‚ğŒ@‚è‰º‚°‚éyDirectorfs Interview Vol.397z,https://news.yahoo.co.jp/articles/106d2fe8767f1b1e9b7afd65f96aead55b605bed,4/8(Œ) 12:00
cinemore,CINEMORE,wƒAƒCƒAƒ“ƒNƒ[xAô‚¢‚Í‚Ç‚¤”­“®‚·‚é‚Ì‚©Hy‚¦‚Ì‚«‚Ç‚¢‚¿‚ë‚¤‚Ì‰f‰æ‚ ‚©‚³‚½‚È Vol.50z,https://news.yahoo.co.jp/articles/9ef0d6418c1e56ff98d8f33485d23b500afa0e19,4/5(‹à) 12:01
cinemore,CINEMORE,wƒAƒCƒAƒ“ƒNƒ[xƒVƒ‡[ƒ“Eƒ_[ƒLƒ“ŠÄ“Â@‡‚²‚Æ‚ÉB‰e•û–@‚ğ•Ï‚¦‚½ƒvƒƒŒƒXƒV[ƒ“yDirectorfs Interview Vol.396z,https://news.yahoo.co.jp/articles/043d4bf9575b92c1fbefa0d1830475c233b4b250,4/4(–Ø) 16:31
cinemore,CINEMORE,yƒCƒxƒ“ƒgƒŒƒ|[ƒgzˆ°àV–¾q~Rè—T@‰f‰æ‚Í‚±‚¤‚µ‚Äì‚ç‚ê‚é@B‰eŠÄ“Â‚ÆŒê‚é–éyCINEMORE ACADEMY Vol.30z,https://news.yahoo.co.jp/articles/1cc37e8d74cc3c6576ec7aa822cce83606867f40,4/4(–Ø) 12:00
cinemore,CINEMORE,wƒuƒ‹ƒbƒNƒŠƒ“‚ÅƒIƒyƒ‰‚ğxƒŒƒxƒbƒJEƒ~ƒ‰[ŠÄ“Â@ƒjƒ…ƒAƒ“ƒX‚ğ‚Á‚ÄĞ‰ï‚ğ•`‚­yDirectorfs Interview Vol.395z,https://news.yahoo.co.jp/articles/b27619da219b77041d684ccbc62101dce979ed01,4/3(…) 12:00
cinemore,CINEMORE,wƒpƒXƒg ƒ‰ƒCƒuƒX^Ä‰ïxƒOƒŒƒ^EƒŠ[@½À‚ÅƒŠƒAƒ‹‚ÅA­‚µS’nˆ«‚³‚à‚ ‚é‰f‰æyActorfs Interview Vol.38z,https://news.yahoo.co.jp/articles/5a40bb833aead4268bc862943bfb414bec701b94,4/2(‰Î) 17:02
cinemore,CINEMORE,wƒrƒbƒOEƒŠƒ{ƒEƒXƒLxƒAƒxƒ“ƒWƒƒ[ƒY‚©‚çƒ`ƒFƒ“ƒ\[ƒ}ƒ“‚Ü‚ÅIV‚µ‚¢ƒJƒ‹ƒg‰f‰æ‚Ì’è”Ô‚ª‹y‚Ú‚·‰e‹¿—Í,https://news.yahoo.co.jp/articles/93de4d71a24fc9234d28a50b2e72466129aca886,4/1(Œ) 17:01
cinemore,CINEMORE,wƒAƒƒŠƒJƒ“EƒtƒBƒNƒVƒ‡ƒ“xŒ»‘ã‚ÌƒXƒeƒŒƒIƒ^ƒCƒv‚ğ”ç“÷‚ÈƒXƒ^ƒCƒ‹‚Å–\‚«o‚·,https://news.yahoo.co.jp/articles/f21a1e08a14249ffbd872d5681a645e09fc0b6a7,3/30(“y) 12:02
cinemore,CINEMORE,wƒS[ƒXƒgƒoƒXƒ^[ƒY^ƒtƒ[ƒYƒ“EƒTƒ}[xƒ|[ƒ‹Eƒ‰ƒbƒh•ƒLƒƒƒŠ[EƒN[ƒ“ ƒX[ƒci‚Â‚È‚¬j‚É‘³‚ğ’Ê‚·‚Ì‚Í“Á•Ê‚ÈŒoŒ±‚Å‚µ‚½yActorfs Interview Vol.37z,https://news.yahoo.co.jp/articles/c96ab1fb6b8d7a49529fdbc06b2e4d0aab668d4d,3/29(‹à) 12:00
cinemore,CINEMORE,“Ë‚«”²‚¯‚½ì‰Æ«‚ÆƒƒKƒqƒbƒg‚ğ—¼—§‚³‚¹‚é‹SËƒNƒŠƒXƒgƒtƒ@[Eƒm[ƒ‰ƒ“ŠÄ“Âì•i‚Ü‚Æ‚ß,https://news.yahoo.co.jp/articles/7050e75406b50eab937295a2f0d75ecb282b009c,3/28(–Ø) 12:04
cinemore,CINEMORE,w—[—z‚ÌƒKƒ“ƒ}ƒ“xuƒhƒ‹3•”ìv‚ÅÅ‚à‰ß¬•]‰¿‚³‚ê‚Ä‚¢‚éŒ†ì¼•”Œ€,https://news.yahoo.co.jp/articles/1f5a8decffb869ab89eb4f7384a4e9b89e7cdc87,3/27(…) 12:03
cinemore,CINEMORE,wƒfƒbƒhƒfƒbƒhƒf[ƒ‚ƒ“ƒYƒfƒfƒfƒfƒfƒXƒgƒ‰ƒNƒVƒ‡ƒ“ ‘OÍxó–ì‚¢‚É‚¨ì•i‚ğƒAƒjƒ‰»‚·‚é‚±‚Æ,https://news.yahoo.co.jp/articles/386cea072b672400ed7c2a6b9d8b17a19cf5573e,3/26(‰Î) 12:03
cinemore,CINEMORE,w–l‚Ìˆ¤‚µ‚¢—d‰öƒK[ƒ‹ƒtƒŒƒ“ƒhxO–ØF_ŠÄ“Â@ƒAƒNƒVƒ‡ƒ“‚Æƒeƒ“ƒ|Š´‚ÌQl‚ÍwƒXƒpƒCƒ_[ƒ}ƒ“xƒVƒŠ[ƒYyDirectorfs Interview Vol.394z,https://news.yahoo.co.jp/articles/07bb613b836741b654a2269d83480514fc827d76,3/25(Œ) 17:40
cinemore,CINEMORE,wƒyƒiƒ‹ƒeƒBƒ‹[ƒvxr–ØL“ñŠÄ“Â@•Ğè‚ÉSFA‚à‚¤•Ğ•û‚ÉĞ‰ï«yDirectorfs Interview Vol.393z,https://news.yahoo.co.jp/articles/211da9683be7604bdd6b763e0897f716840fd2fb,3/23(“y) 12:04
cinemore,CINEMORE,wƒfƒ…[ƒ“ »‚Ì˜f¯PART2xƒŠƒ“ƒ`”Å‚Ì•âŠ®A‚»‚ñ‚È’B¬Š´‚ğˆêR‚·‚é,https://news.yahoo.co.jp/articles/13db24b86cdc0d76fce849e532503cf4af95e13d,3/22(‹à) 21:00
cinemore,CINEMORE,wƒƒbƒ^‚¿‚á‚ñ‚ÆÔ‚¢‚¶‚Ä‚ñ‚µ‚áxAƒGƒo[ƒOƒŠ[ƒ“‚Ì‹P‚«y‚¦‚Ì‚«‚Ç‚¢‚¿‚ë‚¤‚Ì‰f‰æ‚ ‚©‚³‚½‚È Vol.49z,https://news.yahoo.co.jp/articles/8fe956710599812e8eb080ce5ead97639d95e985,3/22(‹à) 12:09
cinemore,CINEMORE,wƒsƒAƒmEƒŒƒbƒXƒ“ 4KƒfƒWƒ^ƒ‹ƒŠƒ}ƒXƒ^[xƒWƒF[ƒ“EƒJƒ“ƒsƒIƒ“ŠÄ“Â‚É‰f‰æƒtƒ@ƒ“‚ªƒCƒ“ƒ^ƒrƒ…[IyDirectorfs Interview Vol.392z,https://news.yahoo.co.jp/articles/2ba2ea366a0fb95cc3d1ce26655446119f6096ba,3/21(–Ø) 17:03
cinemore,CINEMORE,wƒ}ƒ“ƒnƒbƒ^ƒ“xNY‚ğÛ’¥‚·‚éuŠGvA‚»‚µ‚Ä‘ã‚Æ‚Æ‚à‚É•Ï‚í‚é•]‰¿,https://news.yahoo.co.jp/articles/9f44d85930a2daecb2f5ee54a61729324439b62c,3/20(…) 17:00
cinemore,CINEMORE,ƒgƒj[EƒXƒRƒbƒgŠÄ“Âì•i‚Ü‚Æ‚ß@ƒJƒƒ‰‚ª–ô“®‚µŠŠ‹ó‚·‚éI16–{‚ÌŒ†ìŒQ,https://news.yahoo.co.jp/articles/c8ccdbe283ed74897f80d1c1eaf35b6d82f91436,3/19(‰Î) 18:01
cinemore,CINEMORE,uTHU JAPAN 2023v‘ºˆä‚³‚¾‚ä‚«@l‚ÍuƒR[ƒhv‚É‚æ‚Á‚Ä“®‚©‚³‚ê‚Ä‚¢‚éyCINEMORE ACADEMY Vol.29z,https://news.yahoo.co.jp/articles/8a3f5715f5f829c87d56ac0b1fd7fd89e7363d36,3/18(Œ) 17:04
cinemore,CINEMORE,w12“ú‚ÌElxƒhƒ~ƒjƒNEƒ‚ƒ‹ŠÄ“Â@ŒY–‚Ì’n–¡‚È“úí‚©‚ç•`‚«o‚·–¢‰ğŒˆ–ŒyDirectorfs Interview Vol.391z,https://news.yahoo.co.jp/articles/fa62fb2c72c9a254bf436c13d451bf82ad86224f,3/15(‹à) 12:11
cinemore,CINEMORE,ƒXƒ^ƒ“ƒŠ[EƒLƒ…[ƒuƒŠƒbƒNŠÄ“Âì•i‚Ü‚Æ‚ß@Š®àøå‹`Ò‚Å‰}¢å‹`ÒA20¢‹IÅŒã‚Ì‹ ,https://news.yahoo.co.jp/articles/999033ec18cd1a59c32692957b0ed35a834b45fd,3/14(–Ø) 12:02
cinemore,CINEMORE,u‘æ2‰ñVŠƒ‘ÛƒAƒjƒ[ƒVƒ‡ƒ“‰f‰æÕvR¸ˆõ’· ƒmƒ‰EƒgƒD[ƒ~[@ƒAƒjƒ‹ÆŠE‚ğ–Úw‚·l‚±‚»‰f‰æÕ‚É—ˆ‚Ä—~‚µ‚¢yCINEMORE ACADEMY vol.28z,https://news.yahoo.co.jp/articles/a18896f2d6fa419a13f66435f5a7f696cadc545e,3/13(…) 12:01
cinemore,CINEMORE,uTBSƒhƒLƒ…ƒƒ“ƒ^ƒŠ[‰f‰æÕ 2024v‘å‹v•Û—³ƒvƒƒfƒ…[ƒT[@æŞ‚µ‚½‰f‘œ‚É‚Í‘±‚«‚ª‚ ‚éyCINEMORE ACADEMY Vol.27z,https://news.yahoo.co.jp/articles/34d9ba4c80f50dca9bf39d7f4fc577e428e7e811,3/12(‰Î) 17:03
cinemore,CINEMORE,wƒjƒAEƒ_[ƒN/Œ–é‚Ìo—ˆ–xB‹‰‚Æ‚¢‚¤‚È‚©‚êI„˜rŠÄ“ÂƒLƒƒƒXƒŠƒ“EƒrƒOƒ[‚ÌŒ´“_,https://news.yahoo.co.jp/articles/091dd34c46e1195d3540b733373df00a7d4f7274,3/11(Œ) 20:33
cinemore,CINEMORE,w–ŸË‹¦‰ï THE MOVIE `•‘‘ä‚Ìã‚Ì’¦‚è‚È‚¢–ÊX`xAó‘‚És‚«‚½‚­‚È‚éy‚¦‚Ì‚«‚Ç‚¢‚¿‚ë‚¤‚Ì‰f‰æ‚ ‚©‚³‚½‚È Vol.48z,https://news.yahoo.co.jp/articles/09738e7a5ed43d66cf54068b66e6072ba0740205,3/8(‹à) 12:09
cinemore,CINEMORE,w‚·‚×‚Ä‚Ì–é‚ğv‚¢‚¾‚·x‚ß‚®‚è‚ ‚¤ŠÔ‚½‚¿A‰Î‚ğâ‚â‚³‚È‚¢—«‚½‚¿,https://news.yahoo.co.jp/articles/a49ec1a4aea28d86799e515b8ba0e3d6a3c42f4a,3/7(–Ø) 12:01
cinemore,CINEMORE,wƒƒbƒ^‚¿‚á‚ñ ‚Í‚¶‚ß‚Ä‚Ì‚¨‚Â‚©‚¢x™“¶•¶ŠwÒƒŠƒ“ƒhƒOƒŒ[ƒ“‚ª•`‚­Aq‚Ç‚à‚Ì‰Â”\«,https://news.yahoo.co.jp/articles/dcde182f63d240e1d04cd1351ef43413a65af452,3/6(…) 12:00
cinemore,CINEMORE,wSHE SAID/ƒV[EƒZƒbƒh ‚»‚Ì–¼‚ğ–\‚¯x’²¸•ñ“¹‰f‰æwÜ‚è‚ÌŒ†ì‚ª•`‚­A#MeToo‚ÌƒgƒŠƒK[,https://news.yahoo.co.jp/articles/39a5959fa5371b08c0669d2fc95a655a1b2c6229,3/5(‰Î) 18:00
cinemore,CINEMORE,w52ƒwƒ‹ƒc‚ÌƒNƒWƒ‰‚½‚¿x¬“‡oŠÄ“Â@‰f‰æ‚ÍŠñ‚è“Y‚¢‹¤—L‚·‚é‚±‚Æ‚ªo—ˆ‚éyDirectorfs Interview Vol.390z,https://news.yahoo.co.jp/articles/a13118583b152d1876d40c1e1496182e5f27a30f,3/4(Œ) 20:38
cinemore,CINEMORE,wƒgƒDƒ‚ƒ[ƒ‰ƒ“ƒhx”——‰ï‚©‚ç•R‰ğ‚­ƒfƒBƒYƒj[ƒ‰ƒ“ƒh‚Ìƒ‹[ƒciŒã•Òj,https://news.yahoo.co.jp/articles/770518e3b0f4e1dc6360d9684af5a2311645c214,2/29(–Ø) 17:22
cinemore,CINEMORE,wƒgƒDƒ‚ƒ[ƒ‰ƒ“ƒhx”——‰ï‚©‚ç•R‰ğ‚­ƒfƒBƒYƒj[ƒ‰ƒ“ƒh‚Ìƒ‹[ƒci‘O•Òj,https://news.yahoo.co.jp/articles/6a9a5055345a5881069dcc3b13c7f4254334cda1,2/29(–Ø) 17:16
cinemore,CINEMORE,wƒs[ƒ^[EƒOƒŠ[ƒiƒEƒFƒC ƒŒƒgƒƒXƒyƒNƒeƒBƒ”xƒs[ƒ^[EƒOƒŠ[ƒiƒEƒFƒCŠÄ“Â@ƒXƒg[ƒŠ[‚Ì•K—v‚È‚¢‰f‰æ‚ªo‚Ä‚«‚Ä—~‚µ‚¢yDirectorfs Interview Vol.389z,https://news.yahoo.co.jp/articles/b75dc31438f6610a2e6b03e955b75c08641a5d6b,2/28(…) 17:01
cinemore,CINEMORE,wƒ~ƒŒƒjƒAƒ€Eƒ}ƒ“ƒ{x‰¹‘¬‚Ì“k‰ÔA–é‚Ì”j•Ğ‚ğ’Ç‚¢‚©‚¯‚é,https://news.yahoo.co.jp/articles/161126faab9226f7cfb0b80bc34efd26bdf17f30,2/27(‰Î) 17:01
cinemore,CINEMORE,wƒiƒCƒAƒh `‚»‚ÌŒˆˆÓ‚ÍŠC‚ğ‰z‚¦‚é`xƒAƒlƒbƒgEƒxƒjƒ“ƒO‚ÆƒWƒ‡ƒfƒBEƒtƒHƒXƒ^[‚ªŒ©‚¹‚éA—“¯m‚Ì—Fî‚Ì•¨Œê,https://news.yahoo.co.jp/articles/7b70e839aa4aee035610b9151048fc2d33734753,2/26(Œ) 17:01
cinemore,CINEMORE,w—‰º‚Ì‰ğ–UŠwxA^À‚Í‚Ç‚±‚É‚ ‚éHy‚¦‚Ì‚«‚Ç‚¢‚¿‚ë‚¤‚Ì‰f‰æ‚ ‚©‚³‚½‚È Vol.47z,https://news.yahoo.co.jp/articles/9f49125ab85a5c2beb79bf73bc17d0b107b104a6,2/23(‹à) 12:03
cinemore,CINEMORE,w—‰º‚Ì‰ğ–UŠwxŒ©‚¦‚È‚¢^À‚É–Ú‚ğ‹Ã‚ç‚·,https://news.yahoo.co.jp/articles/6fa1e1c0b544bf95bcd24b310077e463404ab9c6,2/22(–Ø) 17:01
cinemore,CINEMORE,wƒ\ƒEƒ‹ƒƒCƒgxƒ~ƒ“Eƒˆƒ“ƒOƒ“ŠÄ“Â@gl‚ÌŠçh‚©‚çƒCƒ“ƒXƒsƒŒ[ƒVƒ‡ƒ“‚ğó‚¯‚Ä‚«‚½yDirectorfs Interview Vol.388z,https://news.yahoo.co.jp/articles/a34178bd6856e481d7f51ab3964a1e13ebd9ebf3,2/21(…) 17:00
cinemore,CINEMORE,wƒfƒŠƒJƒeƒbƒZƒ“xâ–]–¢—ˆ‚ğƒŠƒYƒ~ƒJƒ‹‚É‘t‚Å‚é ŠïËƒWƒ…ƒl‚ÌŒ†ìƒuƒ‰ƒbƒNƒRƒƒfƒB,https://news.yahoo.co.jp/articles/d1d605c5a93eed049e7096c4bde6cd57fcfa8d43,2/20(‰Î) 12:09
cinemore,CINEMORE,wˆêŒ‚Ìº‚ÉŠ½‚Ñ‚ğ‚ßxO“‡—L‹IqŠÄ“Â@©å§ì‚Å•ª‚©‚Á‚½‰f‰æì‚è‚ÌŒ´“_yDirectorfs Interview Vol.387z,https://news.yahoo.co.jp/articles/14ca35ebdf1f8f6c0d27d143143e38ffcb8b98c0,2/19(Œ) 12:02
cinemore,CINEMORE,wWILLxƒGƒŠƒUƒxƒX‹{’nŠÄ“Â@“Œo¹‘å‚ÌgŠG‚É‚È‚éˆá˜aŠ´h@yDirectorfs Interview Vol.386z,https://news.yahoo.co.jp/articles/de99407565f70adc5d965b34260fce971626874e,2/16(‹à) 12:02
cinemore,CINEMORE,w“µ‚ğ‚Æ‚¶‚Äxu„‚ÍƒAƒiv‚Æ‚¢‚¤ô•¶A‹ü‚Ì•ÔŠÒ,https://news.yahoo.co.jp/articles/f974a1e1140d4387690842a5edca24b592841613,2/15(–Ø) 17:00
cinemore,CINEMORE,wƒŠƒ“ƒJ[ƒ“xŠ½Šì‚Ìƒxƒ‹Aj•Ÿ‚ÌŒõ,https://news.yahoo.co.jp/articles/9a841e40e0a8def105a37412bff6bf9f44a2278d,2/14(…) 20:54
cinemore,CINEMORE,wƒtƒ@ƒCƒuEƒiƒCƒcEƒAƒbƒgEƒtƒŒƒfƒB[ƒYxƒAƒjƒ}ƒgƒƒjƒNƒX‚ÅÄŒ»‚µ‚½‹@ŠBdŠ|‚¯‚Ìƒ}ƒXƒRƒbƒg‚½‚¿,https://news.yahoo.co.jp/articles/e4c46ec0da52e2ad98c1657ffb871467c9d4b35f,2/13(‰Î) 19:00
cinemore,CINEMORE,w–é–¾‚¯‚Ì‚·‚×‚Äx–é–¾‚¯‚ÌŒÄ‹z‚Ì®‚¦•û,https://news.yahoo.co.jp/articles/dc4eab4f562409ddcec7049e2b91f17f2c8ab375,2/10(“y) 10:00
cinemore,CINEMORE,w”M‚Ì‚ ‚Æ‚ÉxA‹¶‚Á‚Ä‚µ‚Ü‚Á‚½‚Ğ‚Æy‚¦‚Ì‚«‚Ç‚¢‚¿‚ë‚¤‚Ì‰f‰æ‚ ‚©‚³‚½‚È Vol.46z,https://news.yahoo.co.jp/articles/51a2ff166f5cb453d722027d74ceef6148468f1d,2/9(‹à) 17:02
cinemore,CINEMORE,w•—‚æ ‚ ‚ç‚µ‚æ Œ€ê”Åx–öì‹­ŠÄ“Â@©—R‚Æ‘¸Œµ‚ÍŸ‚¿æ‚é‚à‚ÌyDirectorfs Interview Vol.385z,https://news.yahoo.co.jp/articles/b3e4d85c4ba9e3159a7a55286aab85d51cbdc126,2/9(‹à) 12:03
cinemore,CINEMORE,w“µ‚ğ‚Æ‚¶‚ÄxƒrƒNƒgƒ‹EƒGƒŠƒZŠÄ“Â@‰f‰æ‚ÍŠÏ‹q‚ÌˆÓ¯‚É‘Î‚µ‚ÄŠJ‚©‚ê‚½‚à‚Ì@yDirectorfs Interview Vol.384z,https://news.yahoo.co.jp/articles/2606d16bae65db066164014ae50efe6c04cdc3fd,2/8(–Ø) 12:07
cinemore,CINEMORE,wƒ_ƒ€Eƒ}ƒl[ ƒEƒH[ƒ‹ŠX‚ğ‘_‚¦IxƒfƒWƒ^ƒ‹ƒlƒCƒeƒBƒu‚ª‹N‚±‚·V‘ã‚ÌŠv–½,https://news.yahoo.co.jp/articles/5b27ea2a892d40bd72ccd8d83690a3300221bf9d,2/7(…) 12:01
cinemore,CINEMORE,wƒvƒŠƒeƒBEƒŠ[ƒOxƒyƒj[Eƒ}[ƒVƒƒƒ‹‚ª•`‚­—q‚¾‚¯‚Ì–ì‹…ƒŠ[ƒO,https://news.yahoo.co.jp/articles/98f7f9f4e3cae653c3687ab29f26169ec93a1f8b,2/6(‰Î) 12:01
cinemore,CINEMORE,wƒNƒ‹[ƒŒƒXxŒ«‚­ç—‚µ‚¢ƒqƒƒCƒ“‘œ‚ğ’ñ¦‚µ‚½Œ†ìŠw‰€ƒRƒƒfƒB,https://news.yahoo.co.jp/articles/04adb3abc698969c55386200f428eac1fb93d86a,2/5(Œ) 17:01
cinemore,CINEMORE,wß‚Æˆ«xê“¡—E‹NŠÄ“Â@ƒIƒŠƒWƒiƒ‹‚É‚±‚¾‚í‚Á‚½ƒfƒrƒ…[ìyDirectorfs Interview Vol.383z,https://news.yahoo.co.jp/articles/1f4351a4300b702f0f23364ea7b640a533f5980c,2/2(‹à) 17:02
cinemore,CINEMORE,wÂ‚¢ƒpƒpƒCƒ„‚Ì‚èx‡˜@”«‚Ì’†‚Ì¬‚³‚Èƒxƒgƒiƒ€,https://news.yahoo.co.jp/articles/268d879e57f7084560e939fe50a2816708d0b967,2/1(–Ø) 12:00
cinemore,CINEMORE,w”ª‚Â•æ‘ºxi77”N”Åj‰¡aƒu[ƒ€‚ÉŠpì‰f‰æA‘ã‚Ì‰Q’†‚Å‰½‚ª‹N‚«‚½‚Ì‚©Hy‚»‚Ì‚Æ‚«‰f‰æ‚Í’a¶‚µ‚½ Vol.3 Œã•Ò‚»‚Ì1z,https://news.yahoo.co.jp/articles/f3c3b77090ef4d85409dce021cd9562ab072dc76,1/31(…) 17:02
cinemore,CINEMORE,w”ª‚Â•æ‘ºxi77”N”Åj‰¡aƒu[ƒ€‚ÉŠpì‰f‰æA‘ã‚Ì‰Q’†‚Å‰½‚ª‹N‚«‚½‚Ì‚©Hy‚»‚Ì‚Æ‚«‰f‰æ‚Í’a¶‚µ‚½ Vol.3 Œã•Ò‚»‚Ì2z,https://news.yahoo.co.jp/articles/c589d0c2751866df8ba94edcfd27810fdb52714c,1/31(…) 17:02
cinemore,CINEMORE,w”ª‚Â•æ‘ºxi77”N”Åj‰¡aƒu[ƒ€‚ÉŠpì‰f‰æA‘ã‚Ì‰Q’†‚Å‰½‚ª‹N‚«‚½‚Ì‚©Hy‚»‚Ì‚Æ‚«‰f‰æ‚Í’a¶‚µ‚½ Vol.3 ’†•Òz,https://news.yahoo.co.jp/articles/7886971203219b0818b1622db9e09f41a3125438,1/30(‰Î) 17:01
cinemore,CINEMORE,w”ª‚Â•æ‘ºxi77”N”Åj‰¡aƒu[ƒ€‚ÉŠpì‰f‰æA‘ã‚Ì‰Q’†‚Å‰½‚ª‹N‚«‚½‚Ì‚©Hy‚»‚Ì‚Æ‚«‰f‰æ‚Í’a¶‚µ‚½ Vol.3 ‘O•Òz,https://news.yahoo.co.jp/articles/f18e922765f416d321cf4e283c618e031d1c9b3f,1/29(Œ) 17:02
cinemore,CINEMORE,wˆ£‚ê‚È‚é‚à‚Ì‚½‚¿xg’mh‚Æg«h‚ª–ô“®‚·‚éAƒsƒOƒ}ƒŠƒIƒ“‚Ìƒjƒ…[EƒXƒ^ƒ“ƒ_[ƒh,https://news.yahoo.co.jp/articles/dd8eccd03af1b83023b3a244b21a592f5fe25bf5,1/27(“y) 12:04
cinemore,CINEMORE,wƒJƒ‰ƒtƒ‹‚È–‚—`Šp–ì‰hq‚Ì•¨Œê‚ª¶‚Ü‚ê‚é•é‚ç‚µ`xA–c‘å‚ÈƒCƒ[ƒW‚ÌƒXƒgƒbƒNy‚¦‚Ì‚«‚Ç‚¢‚¿‚ë‚¤‚Ì‰f‰æ‚ ‚©‚³‚½‚È Vol.45z,https://news.yahoo.co.jp/articles/ecbdf12036898cb2506644b68bfad3c002124abe,1/26(‹à) 17:01
cinemore,CINEMORE,wˆ£‚ê‚È‚é‚à‚Ì‚½‚¿xB‰eŠÄ“ÂFƒƒr[Eƒ‰ƒCƒAƒ“@ƒˆƒ‹ƒSƒXEƒ‰ƒ“ƒeƒBƒ‚ƒX‚Ì¢ŠE‚ğì‚Á‚½ƒtƒBƒ‹ƒ€B‰eyDirectorfs Interview Vol.382z,https://news.yahoo.co.jp/articles/2b8e3fc21341591021db644d00a3bc60fdb20a63,1/25(–Ø) 12:03
cinemore,CINEMORE,wBFGFƒrƒbƒOEƒtƒŒƒ“ƒhƒŠ[EƒWƒƒƒCƒAƒ“ƒgx“`à‚ÌwE.T.xƒ^ƒbƒOÄ‚ÑBƒXƒsƒ‹ƒo[ƒO‚Æ‹r–{‰ÆƒƒŠƒbƒTEƒ}ƒVƒXƒ“‚ªì•i‚É‚ñ‚¾‚à‚Ì,https://news.yahoo.co.jp/articles/071167fb66f6a9cad2df4e71959a8896838b32ca,1/24(…) 12:01
cinemore,CINEMORE,wƒoƒbƒhEƒ‹[ƒeƒiƒ“ƒg/ŒY–‚Æƒhƒ‰ƒbƒO‚ÆƒLƒŠƒXƒgxƒn[ƒ”ƒFƒCEƒJƒCƒeƒ‹A˜T‚Ì™ôšK,https://news.yahoo.co.jp/articles/3fd7deae8c3286188a33904b230680470371a339,1/23(‰Î) 12:09
cinemore,CINEMORE,wˆ«–‚‚ÌƒVƒXƒ^[xŠÏ‹q‚ğƒs[ƒsƒ“ƒOƒgƒ€‚Ö‚Æˆø‚« ‚è‚ŞA‚Æ‚Ñ‚Á‚«‚è‚Ìˆ«–²,https://news.yahoo.co.jp/articles/85c3c3b3e87fdb66313735ea055e6864278ce34a,1/22(Œ) 12:00
cinemore,CINEMORE,w–l‚ç‚Ì¢ŠE‚ªŒğ‚í‚é‚Ü‚ÅxƒAƒCEƒƒiEƒr[EƒAƒhƒA[ƒhA“²‚ê‚ç‚ê‚½‚¢,https://news.yahoo.co.jp/articles/c5277f5f5043205bc9220118747a4bfe607590b4,1/19(‹à) 17:01
cinemore,CINEMORE,w—ö‚µ‚­‚ÄxƒUEƒ[ƒŠƒ“ƒOEƒXƒg[ƒ“ƒY‚ÉwƒoƒbƒNEƒgƒDEƒUEƒtƒ…[ƒ`ƒƒ[xA–{ì‚ğ‚ß‚®‚éŠï–­‚È‰,https://news.yahoo.co.jp/articles/19ec424d3d6469367bf853d3aef7b6b5d9503c10,1/18(–Ø) 12:03
cinemore,CINEMORE,wƒXƒN[ƒ‹EƒIƒuEƒƒbƒNx¬Ñ•\‚È‚ñ‚ÄƒNƒ\H‚ç‚¦I@¡‚È‚¨‹¿‚­’É‰õì,https://news.yahoo.co.jp/articles/601ce7363fd3edc77f19d4888c2698c096d0c137,1/17(…) 12:00
cinemore,CINEMORE,wƒ_[ƒeƒBEƒ_ƒ“ƒVƒ“ƒOx1980”N‘ãƒ_ƒ“ƒX‰f‰æƒu[ƒ€‚ğ‘N—ó‚É’÷‚ß‚­‚­‚é,https://news.yahoo.co.jp/articles/382247bb0e76d8bd8130f5f608d108ecd27e7e46,1/16(‰Î) 12:25
cinemore,CINEMORE,wÎ‚¢‚ÌƒJƒCƒuƒcx‰ªR“V‰¹@©•ª‚É‚Æ‚Á‚Ä‚Ìg‚à‚Ì‚Ã‚­‚èh‚Í¶–½ˆÛ‚Ì‚½‚ß‚É•K—v‚È‚à‚ÌyActorfs Interview Vol.36z,https://news.yahoo.co.jp/articles/0542e5ce30d6e1b6569688273072b5e36476fc01,1/15(Œ) 17:02
cinemore,CINEMORE,w–³—‚µ‚È‚¢ ƒPƒK‚µ‚È‚¢ –¾“ú‚àd–I VªºƒvƒƒŒƒX•¨ŒêxAƒvƒƒŒƒX‚Æ‚¢‚¤¶‚«—ly‚¦‚Ì‚«‚Ç‚¢‚¿‚ë‚¤‚Ì‰f‰æ‚ ‚©‚³‚½‚È Vol.44z,https://news.yahoo.co.jp/articles/31503c1ee1e9c44be9547fba2741926cf7930c92,1/12(‹à) 12:01
cinemore,CINEMORE,wƒ^ƒ“ƒ^ƒ“‚Ì–`Œ¯/ƒ†ƒjƒR[ƒ“†‚Ì”é–§x•ƒq‚ÌŠÖŒW‚ğÄ’è‹`‚·‚éAƒ‚[ƒVƒ‡ƒ“ƒLƒƒƒvƒ`ƒƒ[Eƒ€[ƒr[,https://news.yahoo.co.jp/articles/ccb90a4b721c8753198a530459099df45e7802b8,1/11(–Ø) 12:02
cinemore,CINEMORE,wƒeƒCƒ‰[EƒIƒuEƒpƒiƒ}x^À‚Æ‹•\‚Ì‹·ŠÔ‚Å—h‚ê‚éhd—§‚Ä‰®h‚ÉƒWƒ‡ƒ“Eƒ‹EƒJƒŒ‚ª“Š‰e‚µ‚½‚à‚Ì,https://news.yahoo.co.jp/articles/e96477072378a39a41f51bab572472f6268b12b0,1/10(…) 12:01
cinemore,CINEMORE,wPERFECT DAYSx‹¤“¯‹r–{/ƒvƒƒfƒ…[ƒXF‚è‘ì”n@g‚à‚Ìì‚èh‚Íè’i‚¶‚á‚È‚¢yDirectorfs Interview Vol.381z,https://news.yahoo.co.jp/articles/8b0d0c0b271d7340b3b6d2bb8c1009a2d3161da2,1/9(‰Î) 18:42
cinemore,CINEMORE,wƒMƒƒƒ“ƒOEƒIƒuEƒjƒ…[ƒˆ[ƒNx‘‘nŠú‚ÌNY‚ğ‘N—ó‚É•`‚¢‚½AƒXƒRƒZƒbƒV‚ÆƒfƒBƒJƒvƒŠƒI‰ƒ^ƒbƒOì,https://news.yahoo.co.jp/articles/bcf0d7680258c3794ad7760033bb40051dc40094,1/5(‹à) 12:09
cinemore,CINEMORE,wƒ‰Eƒƒ]ƒ“ ¬à‰Æ‚Æ©•wxƒAƒjƒbƒTEƒ{ƒ“ƒkƒtƒHƒ“ŠÄ“Â~ƒAƒiEƒWƒ‰ƒ‹ƒh@ŠÄ“Â‚ªƒCƒ“ƒeƒBƒ}ƒV[EƒR[ƒfƒBƒl[ƒ^[‚ğŒ“‚Ë‚½——R‚Æ‚ÍyDirectorfs Interview Vol.380z,https://news.yahoo.co.jp/articles/e02e260c55a66521257b48581de895b87e9d8a9c,2023/12/29(‹à) 17:01
cinemore,CINEMORE,wƒ~ƒ…ƒ“ƒwƒ“x•ê‚È‚é‘‰Æ‚É‘Î‚·‚éƒXƒsƒ‹ƒo[ƒO‚ÌŠá·‚µ,https://news.yahoo.co.jp/articles/eb87b4b3ca802fdd5ae6563bff1267b70f0e594d,2023/12/28(–Ø) 12:09
cinemore,CINEMORE,wƒtƒ@[ƒXƒgEƒJƒEx’n}‚É‚È‚¢¢ŠE‚Å‹P‚­¯X,https://news.yahoo.co.jp/articles/7e16834985da3158d6e299abc94247e605d38d4b,2023/12/27(…) 12:00
cinemore,CINEMORE,wƒOƒƒŠƒAx‰f‰æ©‘Ì‚ª‚Ğ‚Æ‚Â‚ÌƒWƒƒƒ“ƒ‹B‚ ‚Ì•àV–¾‚àâ^‚ğÉ‚µ‚Ü‚¸,https://news.yahoo.co.jp/articles/3e53ad6b3cee49714b7191cf9ff2f7961d502655,2023/12/26(‰Î) 12:02
cinemore,CINEMORE,wTALK TO ME^ƒg[ƒNEƒgƒDEƒ~[xƒ_ƒj[EƒtƒBƒŠƒbƒ|ƒEŠÄ“Â&ƒ}ƒCƒPƒ‹EƒtƒBƒŠƒbƒ|ƒEŠÄ“Â@©•ª‚Ì“à‚È‚éº‚ğM‚¶‚ëIyDirectorfs Interview Vol. 379z,https://news.yahoo.co.jp/articles/e9e58ebad0a830146195b0dba09580b5e96c2894,2023/12/22(‹à) 18:01
cinemore,CINEMORE,wPERFECT DAYSxŒõ‚Æ‰e‚Ì‚ä‚ç‚ß‚«AƒtƒBƒ‹ƒ€‚É‚Ü‚ê‚½–Ø˜R‚ê“ú,https://news.yahoo.co.jp/articles/613f8029fa65bcf956d376cb3c7f89a58f05781d,2023/12/21(–Ø) 21:37
cinemore,CINEMORE,wŒÍ‚ê—tx–Ø‚Ì—t‚ÌƒZƒŒƒi[ƒf,https://news.yahoo.co.jp/articles/4732c97eb59a3ed32978a1e7a0396207e4e841f1,2023/12/20(…) 12:00
cinemore,CINEMORE,wƒ|ƒgƒt ”üH‰Æ‚Æ—¿—lxƒgƒ‰ƒ“EƒAƒ“Eƒ†ƒ“ŠÄ“Â@Å‚à“ï‚µ‚¢‚Ì‚Í‹ó‹CŠ´‚Ì‘noyDirectorfs Interview Vol.378z,https://news.yahoo.co.jp/articles/5596bf8c5bb7e4ec2dc3d8c830d7c31a5403f3fd,2023/12/19(‰Î) 12:02
cinemore,CINEMORE,wƒ^[ƒ~ƒiƒ‹x“à‚©‚çŠO‚Ö‚Ì‰z‹«Aˆó‚³‚ê‚½“ï–¯‚Æ‚¢‚¤ƒe[ƒ},https://news.yahoo.co.jp/articles/4a5670e4ca273f906e0d5434d4f968c39d8078a9,2023/12/18(Œ) 17:02
cinemore,CINEMORE,wPERFECT DAYSxA•ª’f‚³‚ê‚½¢ŠEy‚¦‚Ì‚«‚Ç‚¢‚¿‚ë‚¤‚Ì‰f‰æ‚ ‚©‚³‚½‚È Vol.43z,https://news.yahoo.co.jp/articles/521dbcd181aeedc90fd46925e02f2afd393fc9b7,2023/12/15(‹à) 12:00
cinemore,CINEMORE,uTHU JAPAN 2023vƒJƒCƒ‹Eƒoƒ‹ƒ_@©•ª©g‚É’‰À‚Å‚ ‚é‚±‚Æ yCINEMORE ACADEMY Vol.26z,https://news.yahoo.co.jp/articles/1cda6e922bd3dc45747fe1c2c9de5f79a427eda1,2023/12/14(–Ø) 18:36
cinemore,CINEMORE,wƒ|ƒgƒt ”üH‰Æ‚Æ—¿—lx‚ª•`‚­ƒKƒXƒgƒƒ~[/”üHŠw‚Ì[‚İ,https://news.yahoo.co.jp/articles/ebacc70535c6a77c72e637081c5931a56b8ded44,2023/12/13(…) 12:01
cinemore,CINEMORE,wƒ|ƒgƒt ”üH‰Æ‚Æ—¿—lxƒuƒmƒEƒ}ƒWƒƒ‹@‰‰‚¶‚é–ğ‚Æ©•ª‚Ì‹¤’Ê€‚ğŒ©‚Â‚¯‚é‚±‚ÆyActorfs Interview Vol.35z,https://news.yahoo.co.jp/articles/1821394b62b15a34313a973cce2dad078e89b482,2023/12/12(‰Î) 12:05
cinemore,CINEMORE,wVORTEX ƒ”ƒHƒ‹ƒeƒbƒNƒXxƒMƒƒƒXƒp[EƒmƒGŠÄ“Â@’N‚à‚â‚Á‚Ä‚¢‚È‚¢‚±‚Æ‚ğ‚â‚è‚½‚¢yDirectorfs Interview Vol.377z,https://news.yahoo.co.jp/articles/1de6a0539d5427a2d4e5776dc29b9ea72d539889,2023/12/11(Œ) 19:53
cinemore,CINEMORE,wsqxŒË“c•jOŠÄ“Â~™ç ‰Ô@ƒƒPƒnƒ“‚É”o—D‚ª“¯s‚·‚éˆÓ‹`‚Æ‚ÍHyDirectorfs InterviewVol.376z,https://news.yahoo.co.jp/articles/23db0228eeb6500025dd3897cc3245c0f5c03079,2023/12/8(‹à) 12:02
cinemore,CINEMORE,wƒn[ƒgƒuƒ‹[xƒLƒƒƒXƒŠƒ“EƒrƒOƒ[‚Ì”üŠw‚ª¬—§‚³‚¹‚½ƒAƒNƒVƒ‡ƒ“‰f‰æ‚Æ‚µ‚Ä‚Ìƒoƒ‰ƒ“ƒX,https://news.yahoo.co.jp/articles/f8d17f54a7fc21a40196b8b76ea4f1dad3157124,2023/12/7(–Ø) 19:02
cinemore,CINEMORE,wƒ`ƒƒ[ƒŠ[‚Æƒ`ƒ‡ƒRƒŒ[ƒgHêxƒƒAƒ‹ƒhEƒ_[ƒ‹‚Ì¢ŠEŠÏ‚©‚çŸ‚İo‚µ‚½ƒeƒBƒ€Eƒo[ƒgƒ“‚Ìì‰Æ«,https://news.yahoo.co.jp/articles/922fcaf5efd389c413d501b99efdeb9ad79f262c,2023/12/6(…) 19:00
cinemore,CINEMORE,wƒiƒ|ƒŒƒIƒ“xƒLƒ…[ƒuƒŠƒbƒNå‹`ÒƒŠƒhƒŠ[EƒXƒRƒbƒg‚É‚æ‚é”ñ‰p—Yæ,https://news.yahoo.co.jp/articles/60816afd3bc69e53e47caf2b2cac3343d741ffa0,2023/12/5(‰Î) 17:00
cinemore,CINEMORE,wƒXƒRƒbƒgEƒsƒ‹ƒOƒŠƒ€ VS. ×ˆ«‚ÈŒ³ƒJƒŒŒR’cxŒ´ì‚©‚çÅVìwƒXƒRƒbƒgEƒsƒ‹ƒOƒŠƒ€ ƒeƒCƒNƒXEƒIƒtx‚Ü‚ÅuƒXƒRƒbƒgEƒsƒ‹ƒOƒŠƒ€v‚Ì—ğj‘å‰ğà@¦’Iƒlƒ^ƒoƒŒŠÜ‚İ‚Ü‚·,https://news.yahoo.co.jp/articles/ee7111952eecd226d8aa3c2390fce121c6c53c76,2023/12/5(‰Î) 12:09
cinemore,CINEMORE,w—×lX -‹^˜f‚Ì”Ş—-xŒFàV®lŠÄ“Â@“ï‚µ‚©‚Á‚½‚Ì‚ÍƒTƒXƒyƒ“ƒX‚Æƒe[ƒ}‚Ìƒoƒ‰ƒ“ƒXyDirectorfs Interview Vol.375z,https://news.yahoo.co.jp/articles/e0f4169433389e4abca71cfeeab6a874b3283737,2023/12/1(‹à) 18:02
cinemore,CINEMORE,"wNO‘I‹“,NO LIFExA¡”N‚ÌƒxƒXƒgƒƒ“y‚¦‚Ì‚«‚Ç‚¢‚¿‚ë‚¤‚Ì‰f‰æ‚ ‚©‚³‚½‚È Vol.42z",https://news.yahoo.co.jp/articles/573d0ece0b17f160945f71ce1969d70ade80d7dd,2023/12/1(‹à) 12:01
cinemore,CINEMORE,wƒRƒ“ƒOƒŒƒX–¢—ˆŠw‰ï‹cxAI‚ª¶‚İo‚·ƒfƒWƒ^ƒ‹”o—DA‚»‚ÌŒ÷ßi‘O•Òj,https://news.yahoo.co.jp/articles/232b685dd3457004e4d14c2afd37d332a02033c1,2023/11/28(‰Î) 17:00
cinemore,CINEMORE,wƒRƒ“ƒOƒŒƒX–¢—ˆŠw‰ï‹cxAI‚ª¶‚İo‚·ƒfƒWƒ^ƒ‹”o—DA‚»‚ÌŒ÷ßiŒã•Òj@¦’Iƒlƒ^ƒoƒŒŠÜ‚İ‚Ü‚·,https://news.yahoo.co.jp/articles/6cb35197704880eb96d9f5f8513684289b8b585d,2023/11/28(‰Î) 17:00
cinemore,CINEMORE,[–é0‚ÉŒ»‚ê‚é‰f‰æ©”Ì‹@uNOTHING NEWv12Œ8“ú(‹à) AM0 ƒI[ƒvƒ“Œˆ’èI,https://news.yahoo.co.jp/articles/a7ac841ebf54a3b851b945dcd3962d2a55b137ef,2023/11/24(‹à) 17:26
cinemore,CINEMORE,w‚Ù‚©‚°xí€–{W–çŠÄ“Â@Œ»‘ã‚ğ•¢‚¤g‚»‚±‚Ì”²‚¯‚½—•ss‚È‹°‚ë‚µ‚³hyDirectorfs Interview Vol.374z,https://news.yahoo.co.jp/articles/e33543a79f713fc7e941907f265631ad40b7f6e7,2023/11/22(…) 17:03
cinemore,CINEMORE,wƒTƒ^ƒf[EƒtƒBƒNƒVƒ‡ƒ“xƒƒEEƒCƒGŠÄ“Â@Œ»À‚âƒtƒBƒNƒVƒ‡ƒ“‚É‰ù‹^“I‚É‚È‚é‚×‚«yDirectorfs Interview Vol.373z,https://news.yahoo.co.jp/articles/a1c83ee706aa77a5222636cf213dcdc931199d31,2023/11/21(‰Î) 12:07
cinemore,CINEMORE,wA.I.xƒAƒ“ƒhƒƒCƒh‚Íƒuƒ‹[ƒtƒFƒAƒŠ[‚Ì–²‚ğŒ©‚é‚©H@¦’Iƒlƒ^ƒoƒŒŠÜ‚İ‚Ü‚·,https://news.yahoo.co.jp/articles/f80ff417dc8d2985e147c9ad1830353b30c6b97c,2023/11/20(Œ) 19:13
cinemore,CINEMORE,w‰Ô•…‚µx²“¡Œ»ƒvƒƒfƒ…[ƒT[@rˆä‚³‚ñ‚É‚µ‚©B‚ê‚È‚¢ì•i‚¾‚Á‚½ yDirectorfs Interview Vol.372z,https://news.yahoo.co.jp/articles/d83b16e4751dbc20ced4b6b091f44d140d2a16b7,2023/11/18(“y) 12:02
cinemore,CINEMORE,w³—~xAu‚ ‚é‹“_v•”–åy‚¦‚Ì‚«‚Ç‚¢‚¿‚ë‚¤‚Ì‰f‰æ‚ ‚©‚³‚½‚È Vol.41z,https://news.yahoo.co.jp/articles/bb18e514897fc252ce1fae15e2eb570aa0e8715b,2023/11/17(‹à) 12:02
cinemore,CINEMORE,"wNO ‘I‹“, NO LIFEx‘O“cˆŸ‹IŠÄ“Â@‘I‹“‚Æ‚¢‚¤–L‚©‚ÈlŠÔƒhƒ‰ƒ}‚ğƒ†ƒj[ƒN‚È“ñd\‘¢‚Å•`‚­ƒhƒLƒ…ƒƒ“ƒ^ƒŠ[yDirectorfs Interview Vol.371z",https://news.yahoo.co.jp/articles/dd8d3be911aeae75fde66a4ee6caf2c092883e93,2023/11/16(–Ø) 17:01
cinemore,CINEMORE,wƒ}ƒl[ƒ{[ƒ‹x‚Ü‚é‚ÅgƒtƒBƒbƒcƒWƒFƒ‰ƒ‹ƒh•¶Šwh‚È‹r–{‚Å•`‚­ƒf[ƒ^–ì‹…,https://news.yahoo.co.jp/articles/b8e9d7036593e7757cfa8cacb7111ca39a5bd425,2023/11/15(…) 17:02
cinemore,CINEMORE,wƒAƒƒŠxˆ«–²“IƒZƒ“ƒX‚ÌŠÄ“Â‚ªAlX‚ğK‚¹‚É‚·‚é’§í‚É¬Œ÷B¡‚àˆ¤‚³‚ê‘±‚¯‚é‰f‰æ,https://news.yahoo.co.jp/articles/cf1480042d2052ec28160019fb19dc556c2526b5,2023/11/14(‰Î) 17:01
cinemore,CINEMORE,wƒcƒBƒSƒCƒlƒ‹ƒƒCƒ[ƒ“xŠï“V—ó‚ÅF‘¦¥‹ó‚È”’’‹–²ƒ€[ƒr[,https://news.yahoo.co.jp/articles/f1c308b2b83b03ec75d3f52e2b5c557e555210bf,2023/11/13(Œ) 17:01
cinemore,CINEMORE,w‰Ô•…‚µxrˆä°•FŠÄ“Â@‚±‚ê‚ÍR40‰f‰æ‚Å‚·yDirectorfs Interview Vol.370z,https://news.yahoo.co.jp/articles/fbd1a68ac09c3c752d1376b4f6407816ddbf1292,2023/11/10(‹à) 12:09
cinemore,CINEMORE,w‹a‚Ì‰¤xƒWƒƒƒ“ƒjEƒAƒƒŠƒIŠÄ“Â@lŠÔ‚Ì‚Ü‚Á‚Æ‚¤‚ÈŒ —˜‚ğå’£‚·‚é—E‹CyDirectorfs Interview Vol.369z,https://news.yahoo.co.jp/articles/8d02185231ea9067fba4cb29e85d7411c5dc8a94,2023/11/9(–Ø) 12:00
cinemore,CINEMORE,wƒTƒ^ƒf[EƒtƒBƒNƒVƒ‡ƒ“xƒI[ƒ‹ƒXƒ^[‰f‰æ‚Ì–£—ÍAƒXƒ^[‚Ì’a¶‚ÆÁ–Å,https://news.yahoo.co.jp/articles/e8a20e7f86eaad2bd53071199ce8490905f07c81,2023/11/8(…) 17:02
cinemore,CINEMORE,w€—ì‚Ì‚Í‚ç‚í‚½xáÒ‚½‚¿‚ª’mŒb‚ÆH•v‚Å¶‚İo‚µ‚½‰f‰æ‚ÍA‚¢‚©‚É¢ŠE‚ğÈŠª‚·‚é‚Ü‚Å‚ÉŠ‚Á‚½‚Ì‚©,https://news.yahoo.co.jp/articles/4f3498af5348793447f891def2d1bccda716b16d,2023/11/7(‰Î) 17:01
cinemore,CINEMORE,w–Ù”éx–`“ª‚Ì‹¶‹C‚Æk‚ªI‚İ‚É”½“]AƒXƒeƒB[ƒ”ƒ“EƒLƒ“ƒOŒ´ì‚ÌdŒúì,https://news.yahoo.co.jp/articles/e5de30f16458d5220e33dbf74570e94e078e0a8d,2023/11/6(Œ) 17:00
cinemore,CINEMORE,wSISU/ƒVƒX •s€g‚Ì’jxAƒKƒ`‚Å•s€gy‚¦‚Ì‚«‚Ç‚¢‚¿‚ë‚¤‚Ì‰f‰æ‚ ‚©‚³‚½‚È Vol.40z,https://news.yahoo.co.jp/articles/f437d1f8124366ab170b33e4a50cb88a23076a19,2023/11/3(‹à) 12:01
cinemore,CINEMORE,w„‚ª‚â‚è‚Ü‚µ‚½xƒtƒ‰ƒ“ƒ\ƒEƒIƒ]ƒ“‚ª—D‚ê‚½ƒoƒ‰ƒ“ƒXŠ´Šo‚Å•`‚­Ğ‰ï•—h,https://news.yahoo.co.jp/articles/e31790c8312dd943fe7663ae1378a61999a3cb01,2023/11/2(–Ø) 17:02
cinemore,CINEMORE,w—‘z‹½xƒƒhƒŠƒSEƒ\ƒƒSƒCƒFƒ“ŠÄ“Â@•¨Œê‚ğŒê‚é‚½‚ß‚É•K—v‚È3‚Â‚Ì‚±‚Æ‚Æ‚ÍyDirectorfs Interview Vol.368z,https://news.yahoo.co.jp/articles/82fb04525847e3a9eabd410fa20a50cc2ffd6b88,2023/11/2(–Ø) 12:07
cinemore,CINEMORE,wŒy•ÌxƒSƒ_[ƒ‹jã‚à‚Á‚Æ‚à”ü‚µ‚­A‚à‚Á‚Æ‚àØ‚È‚¢ƒ‰ƒuƒXƒg[ƒŠ[,https://news.yahoo.co.jp/articles/e3cfd10721d27882840155f5778dd3da90344280,2023/11/1(…) 12:02
cinemore,CINEMORE,wƒUEƒLƒ‰[xˆÃEÒ‚ğ©•ª‚Éd‚Ë‡‚í‚¹‚½AƒtƒBƒ“ƒ`ƒƒ[—¬d–˜_@¦’Iƒlƒ^ƒoƒŒŠÜ‚İ‚Ü‚·,https://news.yahoo.co.jp/articles/23ba2c4b6e90807a9af32f9c6810064759cfe31a,2023/10/31(‰Î) 12:00
cinemore,CINEMORE,wˆ¤‚ÉƒCƒiƒYƒ}xÎˆä—T–çŠÄ“Â@‰Æ‘°‚Í–Ú‚Ì‘O‚É‚¢‚Ä‚­‚ê‚é‚¾‚¯‚Å‰¿’l‚ª‚ ‚éyDirectorfs Interview Vol.367z,https://news.yahoo.co.jp/articles/cc7ec83b39c1671d8d4399041d14e6ce04be7c30,2023/10/30(Œ) 17:02
cinemore,CINEMORE,wƒLƒ‰[ƒYEƒIƒuEƒUEƒtƒ‰ƒ[ƒ€[ƒ“x‹r–{•ÏX‚Å‚æ‚èƒXƒRƒZƒbƒV‰f‰æ‚ÖAƒfƒBƒJƒvƒŠƒI‚ÆƒfE“ñ\ƒAƒOƒ‰ƒbƒhƒXƒg[ƒ“‚ª‘ÌŒ»‚·‚éŠ‹“¡‚ÆæÜß,https://news.yahoo.co.jp/articles/937963edfede85782720a14d08fe79a1ba9630c0,2023/10/27(‹à) 19:02
cinemore,CINEMORE,w‚Ğ‚È‚¬‚­x”j‰ó‚Æ‘n‘¢‚Ìƒ}ƒŠƒIƒlƒbƒg,https://news.yahoo.co.jp/articles/a72f2523bec91d6f4d64292c53d42c357f8ac539,2023/10/26(–Ø) 19:02
cinemore,CINEMORE,wƒVƒFƒA‚Ì–@‘¥x‹r–{Eƒvƒƒfƒ…[ƒT[Eo‰‰FŠâ£Œ°q@g‹L˜^‚ğ‹L‰¯‚Éc‚·hƒGƒ“ƒ^[ƒeƒCƒ“ƒƒ“ƒg‚Ì–ğŠ„yActorfs Interview Vol.34z,https://news.yahoo.co.jp/articles/2284f68740152a5879e95f2ec78f06f1440e9baf,2023/10/25(…) 17:01
cinemore,CINEMORE,wƒUEƒNƒŠƒGƒCƒ^[^‘n‘¢ÒxƒCƒ“ƒfƒB[ƒYEƒXƒsƒŠƒbƒg‚ªh‚Á‚½AƒGƒ‚[ƒVƒ‡ƒiƒ‹‚ÈSF‰f‰æ,https://news.yahoo.co.jp/articles/9f18ddb083df1c4127cbd68e22e38e640f23a45f,2023/10/25(…) 12:00
cinemore,CINEMORE,wŒxÎˆä—T–çŠÄ“Â~ƒIƒ_ƒMƒŠƒWƒ‡[@gl‚ÉŒ©‚¹‚éh‚±‚Æ‚ğ‚±‚±‚Ü‚Å“O’ê‚µ‚½‚±‚Æ‚Í‚È‚¢yDirectorfs Interview Vol.366z,https://news.yahoo.co.jp/articles/99e2a123557c44526fd0d54b8a935bcd1164b083,2023/10/24(‰Î) 12:00
cinemore,CINEMORE,wt‰ææ¶x‹|q‚Ì‚¢‚é¢ŠEA”Ş—‚ÌŒˆˆÓ,https://news.yahoo.co.jp/articles/b5359c5e4e985266389e4b1cd9ba7befec2397a0,2023/10/23(Œ) 20:37
