media_en,media_jp,title_articles,link_articles,date_original
tamahiyo,たまひよONLINE,俳優の敦士、1歳の娘が目をキラッキラさせて公園遊びに夢中！初体験な遊び方にメロメロに,https://news.yahoo.co.jp/articles/4c1662fedea6821890ce0dc0ab8aa29de681b0db,1/13(土) 13:55
tamahiyo,たまひよONLINE,生後7～8カ月ごろから始めたい、栄養バランスがとれた離乳食作りのポイント3【管理栄養士監修】,https://news.yahoo.co.jp/articles/3d2752e1413cb04d374d7ea3ddef764c5154daa8,1/13(土) 12:55
tamahiyo,たまひよONLINE,1歳半で黒目がエメラルドグリーンに。「網膜芽細胞腫」と診断された長男、光を奪いたくない…、命を守るために必要なのは両目の摘出だった【全盲のドラマー体験談】,https://news.yahoo.co.jp/articles/289353e1cc5e15b28993f83f508e015983527732,1/13(土) 11:55
tamahiyo,たまひよONLINE,正しいかみ合わせときれいな歯並びは、離乳食から！食べさせ方＆座らせ方のやりがちNG【歯科医師】,https://news.yahoo.co.jp/articles/9c909b6e1ce9cd21ba7db569ea9e2b4e27df83f6,1/13(土) 10:55
tamahiyo,たまひよONLINE,小学生の宿題、非効率でもＯＫ。プロが語る伸びる子の特徴とは,https://news.yahoo.co.jp/articles/1162e68fe381d543de6f8fc04b22f520f9237ff0,1/12(金) 13:55
tamahiyo,たまひよONLINE,ママ×会社員×イラストレーター3足のわらじで日々奮闘していたまぼさんがフリーランスに。会社員を卒業した理由は？,https://news.yahoo.co.jp/articles/d4870a29243e518383890aac5e0b77a54057ef37,1/12(金) 12:55
tamahiyo,たまひよONLINE,生きようとする赤ちゃんとその家族の写真でいっぱい！小さな赤ちゃんが主役になった日【イベントリポート】,https://news.yahoo.co.jp/articles/ffd9ba42c23a24f402911530f06041d5e754f6b1,1/12(金) 11:55
tamahiyo,たまひよONLINE,ベビースキンケア、よかれと思ったものが逆に刺激に!? やりがち「NG行動」3選【皮膚科医】,https://news.yahoo.co.jp/articles/0903c8d7cdb7e256fbb1be7c7010f3555ee1a65d,1/12(金) 10:55
tamahiyo,たまひよONLINE,夕飯・お風呂どっちが先？就寝時間は？子育て家庭の夕方のタイムスケジュール大調査！５人の子をもつ母の神タイムスケジュールも大公開,https://news.yahoo.co.jp/articles/0f1fb31e4fd11c01994cba77c34dfcfa707b94f3,1/11(木) 13:55
tamahiyo,たまひよONLINE,乳幼児のむし歯が減っている一方で、「あごが小さい」子が増える異常事態になっている!?【歯科医が注意喚起】,https://news.yahoo.co.jp/articles/7526c30a4e6166eddb498637f5faba39e8b924a7,1/11(木) 12:55
tamahiyo,たまひよONLINE,おたふくかぜが治った1週間後、「左耳が聞こえづらい」と・・・。まさか娘の片耳が聞こえなくなるなんて【ムンプス難聴体験談・医師監修】,https://news.yahoo.co.jp/articles/5935b9ee56bb31bb787434a32372c1855450c61e,1/11(木) 11:55
tamahiyo,たまひよONLINE,歯ブラシ濡れたまま使ってない？それNGです！意外と知らない歯ブラシの使い方＆選び方【歯科医師】,https://news.yahoo.co.jp/articles/feee2fa8da3de813f1f93762810cbb3291598953,1/11(木) 10:55
tamahiyo,たまひよONLINE,双子を出産したモデル・武智志穂。稽留流産を経験し不安も…。「妊娠が判明したときは喜び7割、不安3割」,https://news.yahoo.co.jp/articles/8a42584b798a6ab7c5de7e86020bca9223ef66f2,1/10(水) 13:55
tamahiyo,たまひよONLINE,「仕事に遅刻した」「帰りに1時間以上かかった…」朝は大泣き!そして、帰りも帰りたがらない登園・降園渋り、どうすれば？,https://news.yahoo.co.jp/articles/51c585ef0b1686c82be092b82605719411a3ff19,1/10(水) 12:55
tamahiyo,たまひよONLINE,二児のママ女優・美馬アンナさん。長男との時間を作るために「ねんねトレーニング」を開始！家族との合言葉は、“上の子ファースト”で。,https://news.yahoo.co.jp/articles/485ea5bbc65b0462440e79bee0a69667d475835b,1/10(水) 11:55
tamahiyo,たまひよONLINE,セリア、ダイソー、キャンドゥおもちゃ「親子で遊べる」「トイレトレーニングにも」おすすめ5選,https://news.yahoo.co.jp/articles/e942275f6f9b73197e0fbf8fd21f8179d556cfaf,1/10(水) 10:55
tamahiyo,たまひよONLINE,発達が気になる子をサポートするために、５歳児健診が大切。不登校予防にもつながる可能性も【セミナーリポート】,https://news.yahoo.co.jp/articles/1a910bce5feb470ddde632cf9ccc304b44776849,1/9(火) 13:55
tamahiyo,たまひよONLINE,産後ケア事業ってどんな制度か知っていますか？【小児科医】,https://news.yahoo.co.jp/articles/4a12ecdb74a1f5fdf7e90a0052a3884d5f87771a,1/9(火) 12:55
tamahiyo,たまひよONLINE,専門医が出会った、英語が得意なダウン症の女の子。障害がある子どもの将来に不安がない社会に！【小児科医】,https://news.yahoo.co.jp/articles/a4c8365b0431d29276ec91bb4298f922bcdb3227,1/9(火) 11:55
tamahiyo,たまひよONLINE,健康診断の結果は、尿酸値に注目して！年末年始・新年会シーズン、お酒を飲む機会が増えた人は要注意,https://news.yahoo.co.jp/articles/7ff22d32604b3d7d549ecb28648d31b08a7efba9,1/9(火) 10:55
tamahiyo,たまひよONLINE,赤ちゃんの歯磨きイヤイヤは、磨き方＆歯ブラシ選びに原因があった！【小児歯科医が回答】,https://news.yahoo.co.jp/articles/f0c047e5e123fec7a92c13ade610c521528d06e8,1/8(月) 13:55
tamahiyo,たまひよONLINE,「胎動を感じやすいのはどんなとき？」「パパが触ると胎動が止まる…？」胎動の疑問を産婦人科医が回答,https://news.yahoo.co.jp/articles/7bc7fddc4546b6d1bf6e25226ea55b703019b87d,1/8(月) 12:55
tamahiyo,たまひよONLINE,インスタでも大人気！ ”3才差兄×妹”きょうだいを育児中のまぼさんに聞いた「2人目育児のウラ話」,https://news.yahoo.co.jp/articles/536e10346a2201a198769ebd2dca41ea2042e416,1/8(月) 11:55
tamahiyo,たまひよONLINE,不妊の治療を解説「治療の前の卵巣刺激」・「じつは自然に近い人工授精」ってなにをする？【専門家監修】,https://news.yahoo.co.jp/articles/22396922b2e1c800d8611c24dd4f981795641e27,1/8(月) 10:55
tamahiyo,たまひよONLINE,心に染みすぎて泣けてくる…。「今のうちに寝とけ！」「いい加減は良い加減」妊娠＆育児中のママへ【専門家に聞く】,https://news.yahoo.co.jp/articles/a35e53bb4c098ff7f0278bd06122d461ba70100f,1/7(日) 13:55
tamahiyo,たまひよONLINE,SNSの総フォロワー約270万人! 簡単レシピが大人気の料理家まるみキッチン、素顔は３歳・９カ月の双子の３人娘のパパだった！,https://news.yahoo.co.jp/articles/cd01b29f0ef6917eb577c6fbae2b899b5d48a028,1/7(日) 12:55
tamahiyo,たまひよONLINE,「僕にしかできないことを仕事にしたい」 筋緊張が続く重度脳性まひの長男と母の挑戦は続く【体験談】,https://news.yahoo.co.jp/articles/5debd7a0411fe10536d7b62d4b8b4dc967bb1314,1/7(日) 11:55
tamahiyo,たまひよONLINE,実はこんなにあった！食品×薬のNGな飲み合わせ。健康食品やサプリも要注意【薬剤師】,https://news.yahoo.co.jp/articles/3b77b03383f7c5a8091d7594b52b7d6ec04eae07,1/7(日) 10:55
tamahiyo,たまひよONLINE,長男の病気をきっかけにNICUでのピアノコンサートを開催。病気や障害のある子と家族の心に音楽を届けたい【ピアニスト斎藤守也】,https://news.yahoo.co.jp/articles/c9405f6eff6bf0663229545ae35d6ee389d199d2,1/6(土) 13:55
tamahiyo,たまひよONLINE,基本を解説！男女で違う不妊治療の検査って？【専門家監修】,https://news.yahoo.co.jp/articles/aff1971a91b84d2781a01b675d8050168dc4038b,1/6(土) 12:55
tamahiyo,たまひよONLINE,重度脳性まひの息子、ママ友からしかられ、涙がぽろぽろと。息子を「かわいそう」と思う気持ちを手放した日【体験談】,https://news.yahoo.co.jp/articles/0a1f3e84cd4060c78e140d696be1bbffb10089ea,1/6(土) 11:55
tamahiyo,たまひよONLINE,セリアの木製おもちゃ「新商品でた」「思わずまとめ買い」おすすめ5選,https://news.yahoo.co.jp/articles/34f142abec8fbc30d13e34d612352a8afafcc768,1/6(土) 10:55
tamahiyo,たまひよONLINE,3人のパパ料理家・まるみキッチン、わがままボディ打破のためにダイエットを始めたら・・・「だれでも作れる」簡単レシピが誕生,https://news.yahoo.co.jp/articles/623d1e3c6a6314aa041f2e60a1fd048bc483f2e2,1/5(金) 13:55
tamahiyo,たまひよONLINE,日本初！257人の幼児の腸内細菌の調査でわかった脳との関係。腸内細菌の種類が子どもの感情のコントロールに影響か【研究報告】,https://news.yahoo.co.jp/articles/aa15c1d602132c7800bad19226cc317fb8695ac9,1/5(金) 12:55
tamahiyo,たまひよONLINE,女優・美馬アンナ、二児のママに。先天性欠損症で生まれつき右手のない息子にようやく妹ができた！,https://news.yahoo.co.jp/articles/80d2efc578296cbed87c41096d53cf856f610aaf,1/5(金) 11:55
tamahiyo,たまひよONLINE,赤ちゃんのつめ切り、いつ切る？どう切る？コツ＆やりがちNG2選【保健師が解説】,https://news.yahoo.co.jp/articles/bfbb1590359701a193061af7095de1f44f950175,1/5(金) 10:55
tamahiyo,たまひよONLINE,絵本を制作する小児科医。長期入院で病気と闘っている子どもたちのために、夢がある物語を【小児科医】,https://news.yahoo.co.jp/articles/cfafbf0e8f518766afab3ac0a3c4a80e31bab9e4,1/4(木) 13:55
tamahiyo,たまひよONLINE,臨月の妊婦さんは注意！家事、お出かけ、トイレ…“してはいけないこと”Q＆A【専門家】,https://news.yahoo.co.jp/articles/aedba18958ee6afafc8a44ab3d16939c7719285d,1/4(木) 12:55
tamahiyo,たまひよONLINE,第２子出産を報告した元乃木坂46衛藤美彩。夫・源田選手の言葉で、早くも箱入り娘決定か？！,https://news.yahoo.co.jp/articles/d99e50448e624815015ddb01e11b8d1aacead3f8,1/4(木) 11:55
tamahiyo,たまひよONLINE,なぜ妊娠しない？その原因を探る不妊治療の基本3ステップを解説【専門家監修】,https://news.yahoo.co.jp/articles/9ebd7860ee39f9c390a6e63dc0323aa37ec702dc,1/4(木) 10:55
tamahiyo,たまひよONLINE,アラフォーお悩みTOP３【疲れ】【痩せない】【シミ・シワ】とどう向き合う？,https://news.yahoo.co.jp/articles/c218291716ab78e3be96573117502cafc397c7fa,1/3(水) 13:55
tamahiyo,たまひよONLINE,いくらかけておくと安心？夫婦で考えたい、生命保険・医療保険のこと【専門家】,https://news.yahoo.co.jp/articles/b7aca3cd6b8e4b3aaa24231bc186f06309e68501,1/3(水) 12:55
tamahiyo,たまひよONLINE,父はジブリの鈴木P、鈴木麻実子、性を隠さないのは父譲り。息子の友だちを集めて、性教育をしたことも,https://news.yahoo.co.jp/articles/5c6dd9aa2e1616b04b59406675c5e322b2852388,1/3(水) 11:55
tamahiyo,たまひよONLINE,何かと気を遣うことが多い「子連れ外食」。みんなが気を付けているマイルールは？,https://news.yahoo.co.jp/articles/c386f80117f0c4c0b6b0a3f85eb9740af4204d7a,1/3(水) 10:55
tamahiyo,たまひよONLINE,「おむつの処理」「授乳中に部屋に入ってくる」「お風呂熱すぎる」などなど。義実家で地味～に困ることあるある,https://news.yahoo.co.jp/articles/2d32148b0848b9a85b553886d168b5d49e03bc2a,1/2(火) 13:55
tamahiyo,たまひよONLINE,抱っこ、寝かしつけ、入浴、外遊びの時の子どもの「パパはイヤ！ママがいい！」にどう対処する？,https://news.yahoo.co.jp/articles/fc874f70e39fc87b638b521bf47e98e1b2999f08,1/2(火) 12:55
tamahiyo,たまひよONLINE,元チェキッ娘で第３子妊娠中の女優藤岡麻美、２人の息子たちは3カ国語で生活。台湾は息苦しかった私の心を解いてくれた,https://news.yahoo.co.jp/articles/5ad43fa8a24f7336036762438cb3dc8577111544,1/2(火) 11:55
tamahiyo,たまひよONLINE,冷え性改善のカギは血流にあり！血流を改善してからだを温める栄養素を管理栄養士が解説,https://news.yahoo.co.jp/articles/6bc4bd80c074e37542334b221312c7ca0247f71b,1/2(火) 10:55
tamahiyo,たまひよONLINE,脳のはたらきと密接に関係する「腸」。腸内環境のベースは５歳ごろまでにできる!?子どものために今したいこと【最新研究】,https://news.yahoo.co.jp/articles/9d7c1c4cab0985451a112c6074cf7a211f605388,1/1(月) 13:55
tamahiyo,たまひよONLINE,バースデイ、西松屋、しまむら…「めちゃくちゃ万能」「フォーマル感が出る」お出かけコーデ5選,https://news.yahoo.co.jp/articles/6a9c85fe9059d3393ec1622f4c05c684548a44a8,1/1(月) 12:55
tamahiyo,たまひよONLINE,EXITのりんたろー。がパパになる！ 妻を案じてかけた言葉に真顔で返された鋭いツッコミもすべてが学び,https://news.yahoo.co.jp/articles/0df8f031ec877a82d2a31cc24ae1e903772aafbc,1/1(月) 11:55
tamahiyo,たまひよONLINE,【月齢別】０才児ベビーの1月の様子＆お世話ポイント,https://news.yahoo.co.jp/articles/c31d64d880bd42d9c69004df78c45fcaf9c0ef12,1/1(月) 10:55
tamahiyo,たまひよONLINE,今、新しいバースデー記念として人気上昇中！赤ちゃんが描く“ファーストアート”って？,https://news.yahoo.co.jp/articles/05c2784ff44079ce4665dd3145dd34de94417010,2023/12/31(日) 13:55
tamahiyo,たまひよONLINE,お焚き上げに行けない！お正月飾りどうする？ゴミ出しのOK・NGは？専門家に聞いてみた,https://news.yahoo.co.jp/articles/5e251ba8881fcb86a2842d4a1c182b4f8f6274f0,2023/12/31(日) 11:55
tamahiyo,たまひよONLINE,今年の冬はGUで！「あったかぬくぬく素材♪」「おなかと足元の防寒対策に」おすすめアイテム4選,https://news.yahoo.co.jp/articles/61b4c8727622cff9d1f89007b0314ea2de737cf3,2023/12/30(土) 13:55
tamahiyo,たまひよONLINE,妊娠初期の超音波検査で確認できることは？赤ちゃんの性別はいつごろわかる？【産婦人科医】,https://news.yahoo.co.jp/articles/44ff46f45229dbeef26bde2d1923ab83a15f843d,2023/12/30(土) 11:55
tamahiyo,たまひよONLINE,年末年始の子どもの事故「大人がいっぱいいるときほど要注意！」,https://news.yahoo.co.jp/articles/95675f963926639afc1e7b6b5681af15e9e5da51,2023/12/29(金) 13:55
tamahiyo,たまひよONLINE,フリーアナ吉田明世、円安の中臨んだ遅めの夏休み、子どもからはまさかの反応が,https://news.yahoo.co.jp/articles/4c8bd3eb4f7cdaacd5b3f2779784b28b85fcfdaa,2023/12/29(金) 11:55
tamahiyo,たまひよONLINE,おおみそかとお正月のごちそう、乳幼児に食べさせるのは、ちょっと待って！　とくに気をつけたい2つの食材【管理栄養士】,https://news.yahoo.co.jp/articles/6f83cd500ef90be59002747ae0ff500ca8af1af9,2023/12/28(木) 13:55
tamahiyo,たまひよONLINE,妊娠26週・体重1020ｇで生まれた二男。「この子は歩けるようになるのだろうか？」成長の不安が続く【体験談・医師監修】,https://news.yahoo.co.jp/articles/61955241479d85e3e37475b1c701a055215bec82,2023/12/28(木) 11:55
tamahiyo,たまひよONLINE,「2000円あげたのに、我が子には1000円だった」「あげる子どもの人数が多くて、いつも損」「目の前で開封して比較された…」などなど。お年玉のモヤモヤが止まらない！トラブル回避するには？,https://news.yahoo.co.jp/articles/d9ea3bbf164c0477e48664c55008dd8e3772ff72,2023/12/27(水) 13:55
tamahiyo,たまひよONLINE,父はジブリの鈴木P。「トトロちゃん」と呼ばれて、ジブリが好きでなかったことも。『カントリー・ロード』の日本語詞を手がけた、鈴木麻実子インタビュー,https://news.yahoo.co.jp/articles/5d2c7139bbd9b4d98babcda5fa406b68652a726e,2023/12/27(水) 11:55
tamahiyo,たまひよONLINE,指示待ちはNG！家庭は量が大切！男性育休を3回取得したパパが語る「家事・育児」と「働き方」５つの提言【専門家】,https://news.yahoo.co.jp/articles/e59e5b375d075bc631a3f9b117aa25a87f5ca4ac,2023/12/26(火) 13:55
tamahiyo,たまひよONLINE,第２子出産を報告した衛藤美彩、不妊治療を経て夫・源田選手に妊娠を報告した瞬間「夫はうれし泣きしていました」,https://news.yahoo.co.jp/articles/55b52777f2d013fd45958ab92f5de83bc3699647,2023/12/26(火) 11:55
tamahiyo,たまひよONLINE,セリア・ダイソーアイテムが大活躍！ガスコンロの頑固な汚れがササっと落とせるワザとは？,https://news.yahoo.co.jp/articles/ca9407a7ff0a1250aed00a4ca53faf0f934cf887,2023/12/25(月) 13:55
tamahiyo,たまひよONLINE,丸山桂里奈・本並健治夫妻、娘と迎えるはじめてのクリスマス、プレゼントに悩むもマネージャーの冷静なアドバイスに,https://news.yahoo.co.jp/articles/e24c44609fe59ab6e895c44644d9b9774c4fe5d6,2023/12/25(月) 11:55
tamahiyo,たまひよONLINE,「トイレはまとめて流す?!」「ノンアルビールが常温」「遊びに来てと言われたのに不在…」衝撃でした！義実家の風習や親族のビックリ言動【体験談】,https://news.yahoo.co.jp/articles/17d82bbbbea02a4db9ccb96dd880fe4526dfc9de,2023/12/24(日) 13:55
tamahiyo,たまひよONLINE,ダイソーおもちゃ「冬休みのおうち時間に」「思わず大ハマり」おすすめ3選,https://news.yahoo.co.jp/articles/c112c3eca1829f2d6a994a2ea463ddc8b3080b2d,2023/12/24(日) 12:55
tamahiyo,たまひよONLINE,双子育児中の俳優・仲間由紀恵。５歳の息子たちのトラブルを「パウっと解決！」は難しい!?,https://news.yahoo.co.jp/articles/991e27fd48295d07aa7a79aea5902c8e26fbf8b8,2023/12/24(日) 11:55
tamahiyo,たまひよONLINE,下着を買い替えるタイミングって？「ヨレた感じが心地いい」「もったいない精神が勝つ！」「見かねた夫が捨てる」これがリアルママボイス,https://news.yahoo.co.jp/articles/85e8ec574b6eafdef78e176c02656930905ef08f,2023/12/23(土) 13:55
tamahiyo,たまひよONLINE,「たりてる？多すぎ？」５～７カ月ごろの授乳と離乳食バランスの疑問、ケース別に助産師が回答,https://news.yahoo.co.jp/articles/0683c47ee00084d42f797377568eb80314bf73c6,2023/12/23(土) 12:55
tamahiyo,たまひよONLINE,1通のDMで気付かされた“きょうだい児”の本音。双子の兄を「優先されなかった子」にさせないために【医療的ケア児育児体験談】,https://news.yahoo.co.jp/articles/d61378e6d76cd79cd79f1a7244982f039665cd93,2023/12/23(土) 11:55
tamahiyo,たまひよONLINE,子どもにどう伝える？ プライベートゾーンのひとつ “口” について考えてみよう【ママ泌尿器科医】,https://news.yahoo.co.jp/articles/ab515c82ceb6f8b17ea858e1566643e7e1a04c22,2023/12/22(金) 13:55
tamahiyo,たまひよONLINE,【医師監修】ローストビーフは食べてOK？ステーキや生ハムは？妊娠中に気をつけたい“生肉系”料理,https://news.yahoo.co.jp/articles/b42c4dcee1f88b2e095567bf69f0d9a472e3fade,2023/12/22(金) 12:55
tamahiyo,たまひよONLINE,妊娠26週で二男を早産、体重1020gの小さい赤ちゃん「１分１秒でも長くおなかにいさせてあげたかった」【体験談・医師監修】,https://news.yahoo.co.jp/articles/cce8ffd67d36e91718ed86ff551f333da386eaa0,2023/12/22(金) 11:55
tamahiyo,たまひよONLINE,「薬が効かないこともある?!」薬剤師が薬のメカニズムとやってはいけない服用の注意点を解説,https://news.yahoo.co.jp/articles/ab18724ee9b9b6deaca073217a76bbd32fbfeb9f,2023/12/21(木) 13:55
tamahiyo,たまひよONLINE,不妊治療 2人のスタートガイド 最初の受診前に知りたいQ&A【専門家監修】,https://news.yahoo.co.jp/articles/43eb605fd3c5f5d357adc1cc54b26042a7e1d957,2023/12/21(木) 12:55
tamahiyo,たまひよONLINE,生後９カ月で脳性まひと診断。歩くことも笑うことも難しいと言われ「この子を殺してしまうかもしれん・・・」と思う日も【体験談】,https://news.yahoo.co.jp/articles/29921dc2dbb775da7225da2ad197ccc01843b2ee,2023/12/21(木) 11:55
tamahiyo,たまひよONLINE,「スーパーのレジで息子が大声でお喋りしだして…」「新幹線で降りるのに苦戦していたら」子連れお出かけで、緊張の瞬間に,https://news.yahoo.co.jp/articles/0426b186ee46d534d2c17fc4cc8be8e1c699b940,2023/12/20(水) 13:55
tamahiyo,たまひよONLINE,「おしるし」「前駆陣痛」出産予定日近くの体の変化やサインを見逃さないために知っておきたいこと,https://news.yahoo.co.jp/articles/44d8875d3e939597946711fc53abe3c4f986340e,2023/12/20(水) 12:55
tamahiyo,たまひよONLINE,「食べられない、眠れない」二男はADHDだった。障害を受け入れ、好きなことを伸ばすまで【発達障害の子育て体験談】,https://news.yahoo.co.jp/articles/30ee04258246b793be396303feff134c4652745a,2023/12/20(水) 11:55
tamahiyo,たまひよONLINE,スウェーデンの家庭内での性の話、ジェンダーレスな子ども服売り場・・・多様な価値観のために息子に伝えたいこと【YouTuberふたりぱぱ】,https://news.yahoo.co.jp/articles/ace218c4a3e13c6bf18edf308c3aa03aa57b65ac,2023/12/19(火) 13:55
tamahiyo,たまひよONLINE,バースデイ、西松屋、しまむら…「やっぱ白ってかわいい」「プチプラだから挑戦しやすい！」ホワイトコーデ5選,https://news.yahoo.co.jp/articles/20be8c33ef908c773e8c5258899e8ca95472a7f5,2023/12/19(火) 12:55
tamahiyo,たまひよONLINE,風邪をひいたあと、せきがだらだら続く・・・。免疫が弱いの？受診したほうがいいの？【ママ小児科医】,https://news.yahoo.co.jp/articles/b812e7b013d3d4baaa15d0b151add4f47a1bf7ef,2023/12/19(火) 11:55
tamahiyo,たまひよONLINE,想定外！「お昼寝ふとんも持ち帰り」「指定の服・モノにお金がかかる」「お盆・正月の休園が長い…」みんなの園選びの決め手は？,https://news.yahoo.co.jp/articles/42b8ad217daecd47cfca645d842bdaf83a71bd1a,2023/12/18(月) 13:55
tamahiyo,たまひよONLINE,人には聞きづらい妊娠中のセックス、どうしてる？先輩パパデータも公開【医師監修】,https://news.yahoo.co.jp/articles/af99190a8128513bd67b9d6a174916c42a8d7cdc,2023/12/18(月) 12:55
tamahiyo,たまひよONLINE,「小学校に入ったらきっと落ち着いてくる」と思っていたのに、小３でADHDと診断。希望が打ち砕かれた・・・【発達障害体験談】,https://news.yahoo.co.jp/articles/9e5cf6d0b3196a421ab503c9f5d7871c2fc207c8,2023/12/18(月) 11:55
tamahiyo,たまひよONLINE,妊産婦の尿漏れ問題。妊娠・授乳中の治療薬の服薬は、赤ちゃんに影響する？,https://news.yahoo.co.jp/articles/d8c6651cf49bde3c81050b5ec857410d9e26f26a,2023/12/17(日) 13:55
tamahiyo,たまひよONLINE,保育園から幼稚園への転園で気をつけたいポイントは？【ママたちの体験談と専門家からのアドバイス】,https://news.yahoo.co.jp/articles/2ce9eb3ed44b2800e475f656ce0f978ed689f7c6,2023/12/17(日) 12:55
tamahiyo,たまひよONLINE,「安心して死にたい」重心っ子の親が抱える子どもの将来について【重心児育児体験談】,https://news.yahoo.co.jp/articles/ba8d4d24ed6755a0fd26ac944cd7512917bee005,2023/12/17(日) 11:55
tamahiyo,たまひよONLINE,ユニクロベビー「冬に着るならコレ」「寒い日の必需品」これから使える！あったか素材4選,https://news.yahoo.co.jp/articles/6d7d4ac319da9aecefff79a855a22d3b267907a4,2023/12/17(日) 10:55
tamahiyo,たまひよONLINE,『妊活夫婦』思わず共感！グッとくるシーン ～妬み・悲しみ・喜び編,https://news.yahoo.co.jp/articles/b20449067c6f0c332c78d75d8c4b1eb110c6ab46,2023/12/16(土) 13:55
tamahiyo,たまひよONLINE,「離乳食、いつから始めるのがいい？」赤ちゃんの“始めてOK”な５つのサイン【管理栄養士】,https://news.yahoo.co.jp/articles/c079d1264885cedaa280206076596ef4f00195a8,2023/12/16(土) 12:55
tamahiyo,たまひよONLINE,「“大丈夫”と思えるラインを遥かに超えてしまった…」双子出産後わが子の障害の多さに愕然、医療的ケアの緊張で眠れない毎日【医療的ケア児育児体験談】,https://news.yahoo.co.jp/articles/d55e4c3d8f949607ed31c578ceab1a149ca9d5f7,2023/12/16(土) 11:55
tamahiyo,たまひよONLINE,しまむら、バースデイ「朝イチでお店に行った」「買わずにはいられない」プチプラのクリスマスコーデ4選,https://news.yahoo.co.jp/articles/9c4caaabbdbb7a1721fb431f1e7583d1ffdca7b6,2023/12/16(土) 10:55
tamahiyo,たまひよONLINE,欧米では主流の生まれたばかりの赤ちゃんにはドライテクニック。日本ではまだ６割程度!?【専門家】,https://news.yahoo.co.jp/articles/133c18a3c721df884e0ab1402f445b3e31ce3e0f,2023/12/15(金) 13:55
tamahiyo,たまひよONLINE,夕飯に惣菜ですが何か？？ 惣菜は本当に手抜きなのか【ママたちのリアル】,https://news.yahoo.co.jp/articles/26c174471471215b2fcfe8728d9c7f481dfb5353,2023/12/15(金) 12:55
tamahiyo,たまひよONLINE,俳優の敦士が2人育児で感じること「日々悩むことも多いけれど幸せな時間も増えました」,https://news.yahoo.co.jp/articles/bb3ba4f18f1c6c4f6e46bcd9a921c91dc3a9f493,2023/12/15(金) 11:55
tamahiyo,たまひよONLINE,仲間由紀恵、仕事と5歳の双子育児で揺らぐ気持ち「子育ての時間も仕事の時間ももうちょっとほしい」,https://news.yahoo.co.jp/articles/a4a40bf482bb31afc788922145cc7ddc796a9315,2023/12/15(金) 10:55
