media_en,media_jp,title_articles,link_articles,date_original
dal,デイリースポーツ,夏の甲子園開幕戦　滋賀学園が夏初勝利！１２安打１０得点で打線が奮起,https://news.yahoo.co.jp/articles/0d90298ce0da833dabafe04e865c2adbe1be6530,8/7(水) 12:36
dal,デイリースポーツ,森渉＆金田朋子の元夫婦　離婚発表が１００キロマラソン当日だった理由明かす　実は４月に離婚成立,https://news.yahoo.co.jp/articles/4184e6dec695ec071c4df191fc4028ef77c67151,8/7(水) 12:19
dal,デイリースポーツ,大家志津香、兄の妻が実家で見た「スルメ」の正体にスタジオドン引き　上田晋也も「絶対嫌！」,https://news.yahoo.co.jp/articles/561761b0c423695c571f42ea4cf79f4769510614,8/7(水) 11:58
dal,デイリースポーツ,五輪選手へ続く誹謗中傷　バレー男子にも矛先が　西田有志スタッフが呼びかけ「同じことを僕は言わないようにしたい」,https://news.yahoo.co.jp/articles/d4d2771966ecc37a7a846e6bd610538569275531,8/7(水) 11:56
dal,デイリースポーツ,元モー娘。高橋愛、義父母からの土産も「いりません」料理も「しません」で上田晋也ドッカーン,https://news.yahoo.co.jp/articles/5974278345c85a4f42ccf5ce02b3bcd5c9983e81,8/7(水) 11:40
dal,デイリースポーツ,古賀紗理那＆西田有志の夫婦ショット公開　ねぎらい続々「かっこよかった」西田も夫婦時間を心待ちに,https://news.yahoo.co.jp/articles/5c2973c0a12bf5741346906d40024b8b54131d02,8/7(水) 11:31
dal,デイリースポーツ,阪神・岩崎がサヨナラ負け後に見せた表情と行動　１球が敗北につながる守護神の重責と重圧,https://news.yahoo.co.jp/articles/1f4af8e7a96e4154054a43099b42e11ab5ec1171,8/7(水) 11:18
dal,デイリースポーツ,６９歳・江川卓　ワンバウンドの甲子園始球式「あれが今の全力」も、視聴者驚き「フォームはそのまま」,https://news.yahoo.co.jp/articles/1b7490e7c29b8dc50444cfcc72a0066a04d26da6,8/7(水) 11:13
dal,デイリースポーツ,ももクロ百田夏菜子「どっちも大好きはダメ？」箱推しの世界的“コンビ”を告白,https://news.yahoo.co.jp/articles/0686254640115874c4fb4181c8a4467dd57cf26c,8/7(水) 11:09
dal,デイリースポーツ,元テレ朝・富川悠太アナ長男、ラウールに心配される「お父さんの名前、出した方がいい」にキョトン,https://news.yahoo.co.jp/articles/32771b428dbb41005c308b089537da1f0f168fb9,8/7(水) 11:00
dal,デイリースポーツ,「花江ちゃーん！」重い展開の「虎に翼」で一縷の光　本物登場でネット沸く【ネタバレ】,https://news.yahoo.co.jp/articles/2cc08e889ec62d8876abb8c03fe207ed05c0dd4b,8/7(水) 10:35
dal,デイリースポーツ,櫻井翔に五輪選手が思わずお願い「握手してもらっていいですか」→８位入賞　ネット「パワー注入」「ほほえましい」,https://news.yahoo.co.jp/articles/8086e895a4ccba8cddd2e407a768b78152bd4da2,8/7(水) 10:31
dal,デイリースポーツ,山本美月　えっ！一児のママ？ドレス姿で綺麗すぎるデコルテ披露、美しさ女神級,https://news.yahoo.co.jp/articles/3719f724c58b2d824c92f610bfe3241e32f274f5,8/7(水) 10:27
dal,デイリースポーツ,“怪物”江川が聖地再来！開幕試合で始球式　場内どよめき　豪快フォームは「正直あまり足を上げると…」,https://news.yahoo.co.jp/articles/eac123b28e18c90b8e4224b1759cebb45432e07e,8/7(水) 10:11
dal,デイリースポーツ,阪神・佐藤輝明は４年連続２０本塁打に到達できるのか　残り４３試合で１１本ノルマも直近５試合４発の量産態勢,https://news.yahoo.co.jp/articles/6076b1d1534b3aea4cc588695962828cbb881331,8/7(水) 10:00
dal,デイリースポーツ,照英　パリ五輪やり投げ・北口榛花にエール「メダルに一番近い」自身もシドニー五輪目指した種目,https://news.yahoo.co.jp/articles/48cee35010b3006ee6080b06e248d0b9e9abca31,8/7(水) 10:00
dal,デイリースポーツ,「虎に翼」またも突然訪問の岡田将生にネットため息「私もつけこんで」の声殺到【ネタバレ】,https://news.yahoo.co.jp/articles/796e295fc93681bc98b58eed29ae358b79ce612a,8/7(水) 9:50
dal,デイリースポーツ,坂本花織「待って待ってやっと」２年半越し、北京五輪団体メダル授与式がついに　ドーピング問題で延期,https://news.yahoo.co.jp/articles/47f86b28399772fb29608987ea622f9642ca4b1c,8/7(水) 9:48
dal,デイリースポーツ,甲子園　開会式後に選手が熱中症訴え、車いすで運ばれる　朝でも蒸し暑さ残る聖地,https://news.yahoo.co.jp/articles/879268f6436b8130b820e09ff7550e2211162db5,8/7(水) 9:42
dal,デイリースポーツ,長嶋一茂、レスリング銅の尾崎野乃香との意外な縁　そっくり母親に「頑張ったねって」,https://news.yahoo.co.jp/articles/deacdcc15112ed3eedc5c27a848f56167a5996f1,8/7(水) 9:26
dal,デイリースポーツ,バスケ男子　フランス、ドイツが４強入り　日本ファン感嘆「日本代表の凄さが際立つ」「世界と戦える証明」,https://news.yahoo.co.jp/articles/b0e5a0725ead8a3d788c2ac1ea2b5c8c394f8144,8/7(水) 9:22
dal,デイリースポーツ,夏の甲子園開幕「僕たちには夢があります」智弁和歌山・辻主将が堂々と選手宣誓　甲子園１００年、全力プレー誓う,https://news.yahoo.co.jp/articles/34bf8436690ab3300aade54f52f0488c5d147c2f,8/7(水) 9:15
dal,デイリースポーツ,阪神・前川　真のレギュラーとなるために必要なものは？終盤に代えられない選手になってこそ～岡義朗氏,https://news.yahoo.co.jp/articles/e419849f05119a7ade0b789def2060c563943008,8/7(水) 9:00
dal,デイリースポーツ,ロバーツ監督、大谷翔平の1番継続を明言「異論はないと思う」　40戦打率・307、15本塁打、35打点、17盗塁　復帰間近のベッツは「2番遊撃」,https://news.yahoo.co.jp/articles/eb2302570116388a05d1cbc85ed5efdd27e1f068,8/7(水) 8:46
dal,デイリースポーツ,広島・アドゥワ　８・６「特別な日」にプロ初完封　新井監督絶賛「本当にもう、最高のピッチング」,https://news.yahoo.co.jp/articles/d95c56bae043e2639e8ff75973d0c1441f52dbef,8/7(水) 8:00
dal,デイリースポーツ,広島・新井監督「平和に野球ができることに感謝」「ベテラン、中堅、若手、カープらしい全員野球」,https://news.yahoo.co.jp/articles/674c104c718a4612cd2c1f8d083cbd8e697c9bf7,8/7(水) 8:00
dal,デイリースポーツ,大谷翔平、今季の外野手起用なし　編成本部長が否定的見解　専門局のインタビューに応じる,https://news.yahoo.co.jp/articles/7ffa76f574f32a72e05aade403f1619d9b1faed1,8/7(水) 6:19
dal,デイリースポーツ,性別騒動のアルジェリア選手が決勝進出　ボクシング女子、タイ選手に判定勝ち,https://news.yahoo.co.jp/articles/06478de9e0062610000fc44450bd2ca396b4ec9c,8/7(水) 6:08
dal,デイリースポーツ,広島・末包　復帰即本塁打で７連勝　自身弾なら今季７戦７勝の不敗神話継続　巨人キラー帰ってきた,https://news.yahoo.co.jp/articles/4a6fd282ca3c6740bfb7ce113072c6db940cfdee,8/7(水) 6:00
dal,デイリースポーツ,阪神・岡田監督　佐藤輝は「おう、ええ感じで打ってる」　ヤクルト戦の才木には「なんかあるんやろうなあ」一問一答,https://news.yahoo.co.jp/articles/ebb78d04e036c706e2a58f297b77624937fa439e,8/7(水) 6:00
dal,デイリースポーツ,カワキタマナレアはシンガポールＴＣ賞へ,https://news.yahoo.co.jp/articles/1a993d4b369064fab4a4f2e448f9cead182fcd26,8/7(水) 6:00
dal,デイリースポーツ,【小倉記念】ファユエン　得意の夏に重賞初Ｖへ　調教の動き抜群！サクラの名牝系譜に続けるか,https://news.yahoo.co.jp/articles/ff88809fc5856e0d7944a1cccb4938c25478f345,8/7(水) 6:00
dal,デイリースポーツ,【新馬戦】マスカレードボール　注目度Ｎｏ．１のドゥラメンテ　ラストクロップ　異父姉にマスクトディーヴァ,https://news.yahoo.co.jp/articles/7a38e3edabf9bae7f682ca50baa4f3d996f4ab0e,8/7(水) 6:00
dal,デイリースポーツ,【新馬戦】クリノメイ　動き上々で初陣Ｖに手応え　北村助手「素軽さがあって、牝馬らしく動きも柔らかい」,https://news.yahoo.co.jp/articles/613421d12b83819743aef89691140d929db4defb,8/7(水) 6:00
dal,デイリースポーツ,【関屋記念】ディオ　いざ夏のマイル王へ　２０戦中１９戦で掲示板の安定感！初の新潟も問題なし,https://news.yahoo.co.jp/articles/ad0c336cee909e745b473d14068fd4b9fff65942,8/7(水) 6:00
dal,デイリースポーツ,アリスヴェリテはＢＣフィリー＆メアターフへの挑戦を本線に調整,https://news.yahoo.co.jp/articles/2abbef990c12d950dc0ef6e1515ad62af056c555,8/7(水) 6:00
dal,デイリースポーツ,【新馬戦】リビングストン　初陣Ｖへ万全　豊富な乗り込み消化「前向きさがあって、新馬戦に向く気性」,https://news.yahoo.co.jp/articles/da17e17abeb2e5e547a8efc0f2b9683dd8a5fe63,8/7(水) 6:00
dal,デイリースポーツ,卓球女子　日本戦でチラリ映ったレジェンドをファン見逃さず「国際映像やりますね」「綺麗なお姉さん」,https://news.yahoo.co.jp/articles/9eb2707b5319fea5af19fdb295d88234b6080920,8/7(水) 5:51
dal,デイリースポーツ,尾崎野乃香「挑戦は間違いでなかった」階級上げて執念の銅メダル　現役続行も明言「昨日は言い切れなかった」,https://news.yahoo.co.jp/articles/6f9de112c2ff25ddfb71b3703bd972ab5d41cf1f,8/7(水) 5:18
dal,デイリースポーツ,阪神・佐藤輝　記録的猛打　自身初３戦連発＆２戦連続３安打　イチローに並ぶ８戦連続マルチ　球団最長１１戦連続得点,https://news.yahoo.co.jp/articles/7af7be5996d2d7ec5e0b5122104873243e8ae6d2,8/7(水) 5:01
dal,デイリースポーツ,阪神・近本　完調３戦連続マルチ＆盗塁　気温と共にグングン上昇　８月打率・３６４,https://news.yahoo.co.jp/articles/fedbccb68c71969cea7254fab9830d62ab44eda7,8/7(水) 5:01
dal,デイリースポーツ,ロッテ・小島　５回１／３で６失点ＫＯ　吉井監督「初回の今宮のツーべースで勝負あったっていう感じ」,https://news.yahoo.co.jp/articles/73009fea85c0b0edffeb2a1dc78609e2ffcc837d,8/7(水) 5:01
dal,デイリースポーツ,ヤクルト・村上がサヨナラ打　親友のバレー西田の激闘に刺激「感動はしたけど悔しかったです」,https://news.yahoo.co.jp/articles/46e90f39b99712ce1e63271edd70fc0ad39fa612,8/7(水) 5:01
dal,デイリースポーツ,オリックス・中川　今季１号Ｖ弾　２０３打席目やっと出た　中嶋監督が「ちょっとした（助言）」,https://news.yahoo.co.jp/articles/8226d44e1a2253af5a14264eb10b09b1219be05b,8/7(水) 5:01
dal,デイリースポーツ,日本ハム・万波　自身初のＶ満塁弾　守護神・則本から値千金の一発「ばっちりでした」,https://news.yahoo.co.jp/articles/aba0e3fca6c39451a8bc6f0a2d90dc31ae956f15,8/7(水) 5:01
dal,デイリースポーツ,巨人わずか３安打　阿部監督「完敗だよ」アドゥワに脱帽「お手本のピッチングをされた」,https://news.yahoo.co.jp/articles/b78e21f8fb11ddc4b94a5e3dada64bb3b0911c9f,8/7(水) 5:01
dal,デイリースポーツ,阪神・木浪　八回千金同点打「何とかバットに当てることを考えていた」４戦ぶり打点,https://news.yahoo.co.jp/articles/d65f93f1a0ea66da1970f99e26b793a5861a890d,8/7(水) 5:01
dal,デイリースポーツ,阪神・高橋遥人「緊張を力に変える」１００９日ぶり１軍登板へ意気込み,https://news.yahoo.co.jp/articles/bfbb65dcd780f087de03ba7066e18b4383c78e9c,8/7(水) 5:01
dal,デイリースポーツ,阪神・岡田監督　苦言止まらず　７年ぶり１試合４併殺「強引や」　八回好機の梅野、原口拙攻＆岩崎の投球も指摘,https://news.yahoo.co.jp/articles/ae08990b2bfa3f68319d61548df1de83bed373c3,8/7(水) 5:01
dal,デイリースポーツ,ドラフト上位候補の報徳学園・今朝丸　頂点へ力でねじ伏せる　１１日初戦相手・大社の機動力「意識はしない」,https://news.yahoo.co.jp/articles/514b56fad9b46e75beba5c13ee4c075eae15fda8,8/7(水) 5:00
dal,デイリースポーツ,伊藤英明＆新木優子　不気味な夫婦役で共演　夫は妻をアンドロイドに、妻は夫への復讐を誓う,https://news.yahoo.co.jp/articles/151fb68dd2ff548ba99818086a72ca5df8108490,8/7(水) 5:00
dal,デイリースポーツ,福山雅治はお酒が似合う男　体調に合わせて自在な“酒義”意外な告白も「注文する時って緊張する」,https://news.yahoo.co.jp/articles/2b27b22b6125b5a3dacfcb23f82e27d95a66c316,8/7(水) 5:00
dal,デイリースポーツ,イ・シニョン　日本語特訓中！「愛の不時着」で人気急上昇　８月３１日に大阪でファンミーティング,https://news.yahoo.co.jp/articles/0ce4c15be8bc2475cd8c2e0b9617f1be3af03d9b,8/7(水) 5:00
dal,デイリースポーツ,阿部詩　パリの慟哭から笑顔で帰国「東京からこの３年間、やっとひと区切り付いた」気持ち新たに２８年ロス五輪へ雪辱誓う,https://news.yahoo.co.jp/articles/d5b84760463b4f5aac4a4222880b82757e846e14,8/7(水) 5:00
dal,デイリースポーツ,１３歳アマ・須藤弥勒が２２日開幕のニトリ・レディースでツアー初出場へ「歴史に名を刻めるよう全力で頑張ります」,https://news.yahoo.co.jp/articles/a2a40ebcfc78249677d4ff779c1b337ccff347ca,8/7(水) 5:00
dal,デイリースポーツ,競泳・池江璃花子らが帰国　２００人近いファンからのねぎらいに笑顔「諦めず、４年後」２８年ロス五輪でリベンジへ意欲も,https://news.yahoo.co.jp/articles/de175e37bd2941a26b2a3f42d8f5d1a226d8ad1a,8/7(水) 5:00
dal,デイリースポーツ,レスリング女子　尾崎野乃香が執念の銅メダル！「頑張りましたー！」雄たけび→歓喜の涙を流す,https://news.yahoo.co.jp/articles/04d1ba6a37b32b6d3b1615b7eb531bd779bce84e,8/7(水) 4:49
dal,デイリースポーツ,卓球女子団体　日本が準決勝に進出！早田ひなは左腕回復に手応え「良くなっている」タイを圧倒,https://news.yahoo.co.jp/articles/89eb82c6b82dc8b161bd54a29ef46ab2fcc1078b,8/7(水) 4:31
dal,デイリースポーツ,レスリング男子　４１歳のキューバ選手が前人未到の五輪５連覇→マット上で引退表明,https://news.yahoo.co.jp/articles/77ca3d5bd323156c5439a7e60f5b09a3e82d6b2e,8/7(水) 4:09
dal,デイリースポーツ,ＷＥＳＴ．小瀧望　ラジオで「ラクゴドラマ」三遊亭圓朝が創作した落語の人情噺　物語の鍵を握る役演じる,https://news.yahoo.co.jp/articles/57172d71bae7e5b79cc3d7e84f23f51a8a58dd3d,8/7(水) 4:00
dal,デイリースポーツ,なぜ？スケボー女子の爽やかさ話題　３人のメダリストが理由明かす「みんなファミリー」「励まし合うことで楽しく」,https://news.yahoo.co.jp/articles/5684e99abdf479aabafa2222d9127f5a26f989f8,8/7(水) 3:31
dal,デイリースポーツ,レスリング　文田健一郎が金メダル！「３年前の決勝を思い出します」東京銀の悔しさ晴らす　グレコローマンで日本勢４０年ぶり快挙,https://news.yahoo.co.jp/articles/45b9a420d201246da8e422b545e9408448e7cc7a,8/7(水) 3:08
dal,デイリースポーツ,２大会連続銀の開心那「出し切ったので後悔ない」「東京より嬉しい」,https://news.yahoo.co.jp/articles/63d197ddd8ab08ef4cb939b0516370c8ecfce8ce,8/7(水) 2:53
dal,デイリースポーツ,須崎優衣にメダル獲得のチャンス！初戦で敗戦のインド選手が決勝進出　須崎は敗者復活戦へ,https://news.yahoo.co.jp/articles/234663bcec1b88684f09c1777a56609767bddd0f,8/7(水) 2:16
dal,デイリースポーツ,バレー代表　古賀紗理那「ゴリラくんも頑張りました！」激闘を終えた夫・西田有志との２ショ投稿,https://news.yahoo.co.jp/articles/983b6f98e3db66a2ba4aadad4220deb4be4fcb83,8/7(水) 2:13
dal,デイリースポーツ,大谷３４号　左中間へ３戦ぶり一撃「いいホームラン」　同僚フリーマン復帰戦勝利に貢献,https://news.yahoo.co.jp/articles/787fa55a36f325c5813a691832846419893726be,8/7(水) 2:00
dal,デイリースポーツ,スケボー女子　表彰台３選手の母が全員日本人　金は日豪ハーフ　銀・開心那　銅は日英ハーフ　ＳＮＳ「すごいよね」,https://news.yahoo.co.jp/articles/564a319b243b7c35d4c161673b33cbe93afa0bfc,8/7(水) 1:54
dal,デイリースポーツ,「絶対いい子！」爽やかすぎるスケボー女子また話題に　８位の草木ひなの「悔しい」も輝く笑顔　予選敗退の四十住にも称賛の嵐,https://news.yahoo.co.jp/articles/f2f20da1ecf2a6c3f0545168b4152c3c3664dc5c,8/7(水) 1:36
dal,デイリースポーツ,スケボー女子パーク　１５歳の開心那が銀メダル！東京五輪銀に続いて２大会連続　草木ひなのは８位,https://news.yahoo.co.jp/articles/258953d699d3172e04ea359e2393af7e3c5bf8e6,8/7(水) 1:19
dal,デイリースポーツ,卓球初観戦の内村航平氏　真剣に張本の「チョレイ」を分析　ＳＮＳ爆笑「笑い止まらん」「毎回真っすぐすぎｗ」,https://news.yahoo.co.jp/articles/8cdc7e1b08de8c2c75224a916961af9a459c03d9,8/7(水) 1:03
dal,デイリースポーツ,４強の卓球男子団体　張本智和「戸上選手がカッコ良かった」自身の敗戦を取り返した仲間に感謝,https://news.yahoo.co.jp/articles/b5c497596bb7b546a34b68defa2f7c8773563c6f,8/7(水) 0:42
dal,デイリースポーツ,卓球男子団体　日本が４強！難敵の台湾を撃破　張本敗戦も戸上が流れを引き寄せる　最後は再登場の張本が勝利,https://news.yahoo.co.jp/articles/3b6488105e19ce0fb519a7257e8a07663f95a52b,8/7(水) 0:27
dal,デイリースポーツ,バド銅の東野有紗「待ち時間１０分！」で選手村大人気の名物ゲット　満足げの表情に「美味しそう！」,https://news.yahoo.co.jp/articles/e95812bfda8e85589ca86a4ff8f02cb53e5478d9,8/7(水) 0:11
dal,デイリースポーツ,マジで絶世美女「さんま御殿」出演の３３歳女優に騒然「初めて知った」「とんでもなく美しい」　米ドラマで反響　２０代に見えると驚き,https://news.yahoo.co.jp/articles/c3d5af78e2afbf65b3ef33634c3e517eeebcb7ff,8/7(水) 0:08
dal,デイリースポーツ,横浜Ｍが水と光の演出「トリコロールスプラッシュ」の前日リハーサル開催　７日・札幌戦、１１日・神戸戦で開催,https://news.yahoo.co.jp/articles/b89cde85229904328a1688fd416ff6fc73bc57cc,8/6(火) 23:37
dal,デイリースポーツ,フェンシング太田雄貴氏「ユニホームのロゴのデザインは秋山具義さん」とＸで紹介「東京五輪のときから一新して、２大会連続金メダル」と感謝,https://news.yahoo.co.jp/articles/31a79047710cae98349b7ac47ede63c9ae816b8f,8/6(火) 23:33
dal,デイリースポーツ,卓球男子団体　張本智和がエース対決で敗戦　フルセットの激闘を落として１勝１敗に,https://news.yahoo.co.jp/articles/782e1b42b98ada7aaf4b0ed627718dc18e9394c3,8/6(火) 23:28
dal,デイリースポーツ,飛び込み女子　荒井祭里は初の決勝進出で９位　中国勢がハイレベルで共演　日本のファンも震撼「すごすぎて」「無慈悲」,https://news.yahoo.co.jp/articles/1c75859bb0325700066db428704f08620d0723e2,8/6(火) 23:09
dal,デイリースポーツ,柔道 高山莉加　地元・宮崎へのメッセージで「あたた…」から“ナイス切り替え”,https://news.yahoo.co.jp/articles/be710a870ff0c0e4c785890506dc57bd3f082755,8/6(火) 23:07
dal,デイリースポーツ,柔道 角田夏実を日本代表チームみんなでサプライズ祝福！「人生一番最高の誕生日に」,https://news.yahoo.co.jp/articles/87659e6a8dd082772cefc7a6b81ac7303749192c,8/6(火) 23:07
dal,デイリースポーツ,アドゥワのプロ初完封を演出した広島・田中広輔の頭脳プレー　元審判員も「ルールを理解した、素晴らしいプレイ」と絶賛,https://news.yahoo.co.jp/articles/d26c7177d6076eddf14d19efe1ca9b17b917511c,8/6(火) 23:05
dal,デイリースポーツ,四十住さくらがまさかの落選も「人の失敗は祈りたくないの」に称賛の声続々　「スポーツマンシップを讃えたい」「頂点立った人って違う」とＳＮＳ,https://news.yahoo.co.jp/articles/90618a7ae2756543eac8e3b42eeeb0fdfab9e5f8,8/6(火) 22:45
dal,デイリースポーツ,東京五輪金の女子５人　全員の連覇の夢消える　須崎優衣、四十住さくらも敗退　阿部詩、大橋悠依、素根輝　まさか衝撃の連続　男子は３人が連覇,https://news.yahoo.co.jp/articles/d3b755e69a7ded2e5adff4dde50c5f71a3c81c5a,8/6(火) 22:42
dal,デイリースポーツ,「満塁にしてもいいんやからなあ」阪神・岡田監督　村上との勝負に固執したバッテリーに苦言【一問一答】,https://news.yahoo.co.jp/articles/a72212037f0a311d807ba31512497ca48771b2a6,8/6(火) 22:39
dal,デイリースポーツ,開心那が予選トップ通過、草木ひなのも３位で決勝へ　連覇を狙った四十住さくらは１０位でまさかの予選敗退　スケボー女子パーク,https://news.yahoo.co.jp/articles/d5b4ea9cb4a3c00bfb882d20e6444676d68e9116,8/6(火) 22:35
dal,デイリースポーツ,日本ハム　新庄監督「運がよかった」「普通なら向こうに流れがいってるパターン」清宮と石井の走塁ミスを指摘,https://news.yahoo.co.jp/articles/bfa74498b1735d80d20fb0c10a687fdae9f2ad58,8/6(火) 22:31
dal,デイリースポーツ,サヨナラ負けの阪神・岡田監督「大事なところで三振はアカン」「三振は何も起きん。振りすぎよ」八回の梅野の空振り三振と４併殺を指摘,https://news.yahoo.co.jp/articles/50494ad88002e8a56d564da16181860f6717e94d,8/6(火) 22:23
dal,デイリースポーツ,「海のはじまり」津野が海の三つ編みほどく嫌味マウント「津野くん苦手」「イライラする」　ヘアゴム見つかった場所に「なんで？」,https://news.yahoo.co.jp/articles/25cf6b1a01e1332679738a3024f5476291a38703,8/6(火) 22:21
dal,デイリースポーツ,連覇の夢散る　四十住さくらは１０位でまさかの予選敗退　「人の失敗は祈りたくない」と待つ中最終４組途中で圏外へ　上位８選手の決勝に進めず,https://news.yahoo.co.jp/articles/49404b465d37591d63c6859bab52082a5efd1b17,8/6(火) 22:20
dal,デイリースポーツ,須崎優衣　海外選手に初黒星で涙の謝罪「皆さんの時間や努力、私のせいで全て無駄に」「最低限のことはやらないといけない」【一問一答】,https://news.yahoo.co.jp/articles/e0157c7e9017e650727fcec79d24141a36927ad8,8/6(火) 22:18
dal,デイリースポーツ,五輪バド　ワタガシ×シダマツがチャンピオンズパークで合体！絵力がすごっ「素敵な光景」「とても感動しました！」,https://news.yahoo.co.jp/articles/44a42a6a9013244dfcc44f8aca75ce1b8d372cbe,8/6(火) 22:15
dal,デイリースポーツ,阪神がサヨナラ負け　首位広島とは２・５差に　七回までに４併殺の拙攻　佐藤輝の３試合連続弾も実らず,https://news.yahoo.co.jp/articles/789bc0f4e3242b2d676ba1f77fa35727019c15a8,8/6(火) 21:59
dal,デイリースポーツ,開心那と草木ひなのが決勝進出　１組を残して８位内が確定　スケボー女子パーク予選,https://news.yahoo.co.jp/articles/12d80d6597d359b0264126721b4017959a3044cf,8/6(火) 21:53
dal,デイリースポーツ,スケボー女子　日英ハーフ１６歳、日豪ハーフ１４歳の注目選手が３組に出場,https://news.yahoo.co.jp/articles/a5d7a7a102c900039cc5d1159e56ba020bf99964,8/6(火) 21:44
dal,デイリースポーツ,須崎優衣まさかの初戦敗退「２－０」リードは逆転頻発の“魔のスコア”　残り１０秒からの猛攻しのげず衝撃の国際大会初黒星,https://news.yahoo.co.jp/articles/32c6a72d98e847dc37bcf9e12013930df6e082c6,8/6(火) 21:42
dal,デイリースポーツ,柔道男子の斉藤立が亡き父の偉大さを再確認「やっぱり一番尊敬するというか、すごい」　五輪２大会連続金の仁氏を思う,https://news.yahoo.co.jp/articles/a2e9a1bacb0dc4d12921a0aca9f4dd74bc0d69ec,8/6(火) 21:31
dal,デイリースポーツ,ソフトバンクにマジック「３６」が再点灯　貯金は今季最多の「３２」,https://news.yahoo.co.jp/articles/0cd8c2569056c1560fba9db2f3c6b8a63932cd91,8/6(火) 21:28
dal,デイリースポーツ,バレー川合俊一会長「感謝！」投稿に「次回は全試合現地いて」「パリにいてほしかった涙」などの声届く,https://news.yahoo.co.jp/articles/cba96bbd329d488899ed2ca93b07746aa69d21fc,8/6(火) 21:16
dal,デイリースポーツ,パリで衝撃の可憐さ　伊調馨さん指導のレスリング２０歳美女が出撃　６年無敗の金候補、映える美白ショート髪,https://news.yahoo.co.jp/articles/2bb740d0c9c2761b76b3dd4bcc78aa2ac97addf3,8/6(火) 21:15
dal,デイリースポーツ,バスケ男子　富樫が今後の代表活動に言及「必要としてくれるなら」も「若い選手に経験を」,https://news.yahoo.co.jp/articles/535ebcf3558cb13a0b5178f7053b8433a9fe5f8f,8/6(火) 21:14
dal,デイリースポーツ,柔道日本代表が帰国会見　連覇の阿部一二三は「また３連覇を目指して」　涙の２回戦敗退の詩は「リベンジしたい」,https://news.yahoo.co.jp/articles/7250ef174b13287f47cbc88dc5b3ce5deff3d98f,8/6(火) 21:14
dal,デイリースポーツ,バレー男子　笑顔のリベロ・山本智大　イタリア戦後に食事会「寂しい気持ちが一番です」ブラン監督とも２ショ,https://news.yahoo.co.jp/articles/388e4ee7d1e517fd47058e68cff9878e2bc84740,8/6(火) 21:08
dal,デイリースポーツ,完封負けの巨人・阿部監督「見たまんま」を２度繰り返す　３球見逃し三振の泉口には「カープのバッターを見習ってほしい」と苦言,https://news.yahoo.co.jp/articles/05f32df699b6e7a79222c0959ff6c749506225e8,8/6(火) 21:07
dal,デイリースポーツ,「広島にとっても日本にとっても特別な日」原爆投下から７９年　広島・アドゥワがプロ初完封,https://news.yahoo.co.jp/articles/1b57c3bd63582df554239031f54a0ff0e75e3062,8/6(火) 20:57
dal,デイリースポーツ,中日・高橋宏が規定到達　防御率０・５４でリーグトップに躍り出る　広島・大瀬良と２人が防御率０点台,https://news.yahoo.co.jp/articles/517dc31be6374a462ecadf066ec80805dc0e8ca4,8/6(火) 20:49
dal,デイリースポーツ,巨人　首位攻防初戦で完封負け　広島とは２ゲーム差に開く　山崎伊が今季ワースト５失点,https://news.yahoo.co.jp/articles/f64662b7572510688cbd6c1d591c47c5ba503f33,8/6(火) 20:47
dal,デイリースポーツ,予選暫定トップの開心那　８８・０７点に「すごい結構いい点が出た」も「まだ安心はできない」,https://news.yahoo.co.jp/articles/ecc95425c2b8150d3aae8886fa07af57e4cc6723,8/6(火) 20:43
dal,デイリースポーツ,阪神　悪夢の４併殺　佐藤輝先制打＆勝ち越し２ランも　才木が逆転３ラン被弾　大山、梅野、森下が好機で併殺打,https://news.yahoo.co.jp/articles/a5bb25b4d82dfbbf0df592f4ee0bae05081b33a7,8/6(火) 20:42
dal,デイリースポーツ,【オート】川口　雨が降れば鬼の加賀谷建明,https://news.yahoo.co.jp/articles/8b68582de9fab2a52ca978df9a49e426faf3bf1c,8/6(火) 20:32
dal,デイリースポーツ,浜辺美波が雰囲気激変　清楚な黒髪ロングがやっぱりイイ…　劇中のショートから一変！金メダル狙えるかも？な特技とは,https://news.yahoo.co.jp/articles/31c7fe569585522768072f7ab16e20b24dd16dbc,8/6(火) 20:28
dal,デイリースポーツ,ヤクルト・中村悠平にアクシデント　打球避けようとジャンプして着地した際に足を痛めたか　引きずるようにベンチへ下がり途中交代,https://news.yahoo.co.jp/articles/f2926a8c5b9d2d485cd299abfb5edac6d7a06e00,8/6(火) 20:27
dal,デイリースポーツ,石川佳純さん　涙流し謝罪連続の須崎優衣に「申し訳ないと思わないで」誰より努力は周りの皆が、と優しく,https://news.yahoo.co.jp/articles/35d16adb7211e205e2d3a3abdfcf7e1117867dfc,8/6(火) 20:24
dal,デイリースポーツ,陸上“モデルジャンパー”秦澄美鈴が涙　記録伸ばせず予選敗退「目標をいつ達成できるんだろう」「力のなさを感じた」,https://news.yahoo.co.jp/articles/df9bb0dd282b9cb51f28496efc92b09e1d338ec4,8/6(火) 20:20
dal,デイリースポーツ,四十住さくらは１組目を終えて４位に「最後まであきらめずに。でも人の失敗は祈りたくない」　８位までの決勝進出は残りの３組次第,https://news.yahoo.co.jp/articles/a41016521e3aae96d1244f251c85e553430ccb5e,8/6(火) 20:18
dal,デイリースポーツ,２２ｃｍ急成長！「誰かと」「エグ大きく」東京五輪スケボー銀１５歳に騒然　まるでモデル「女王的オーラ」「マジかっこよ」,https://news.yahoo.co.jp/articles/346b57a161b87708c388f1427ee8fccdb5d4914a,8/6(火) 20:16
dal,デイリースポーツ,【ボート】入海馨がイン逃げを決めて芦屋で涙のＧ１初優勝,https://news.yahoo.co.jp/articles/692ba8d21c8c19f79c8ebb673f1ac97fe4a5fd88,8/6(火) 20:13
dal,デイリースポーツ,阪神・佐藤輝　「テル・シフト」ものともせず自身初２試合連続猛打賞　二塁手が一、二塁間、遊撃手が二塁、三塁手が遊撃の位置で中前打,https://news.yahoo.co.jp/articles/94a7d8dfd9e6f0929f0a2d75a3aef934f12de723,8/6(火) 20:07
dal,デイリースポーツ,１組目を終えて開心那が首位　３位に草木ひなの、４位に前回金の四十住さくら　スケボー女子パーク予選,https://news.yahoo.co.jp/articles/cdcfa94382d26acb117bb29e18d9483cf24d820e,8/6(火) 20:04
dal,デイリースポーツ,角田夏実「人生で一番最高の誕生日」帰国会見直後にケーキどバースデーソングで祝福のサプライズ　３２歳　柔道代表メンバーが熱唱,https://news.yahoo.co.jp/articles/81e79ee44d69cda12dab733db759d2035f43ab29,8/6(火) 19:57
dal,デイリースポーツ,巨人・山崎伊がライナーに右足を出して止めようとする気迫あふれるプレー　惜しくもセーフもスタンドから拍手,https://news.yahoo.co.jp/articles/d5718f8ba266167c14faea9a0c27bfd0fd4059c3,8/6(火) 19:50
dal,デイリースポーツ,女子五輪連覇の夢　４人目須崎優衣もまさか敗退　阿部詩、大橋悠依、素根輝に続き　四十住さくらが女子パークに出撃　男子は３人が連覇達成,https://news.yahoo.co.jp/articles/e161f1d84600e3b885d759f743c81afd549e1fed,8/6(火) 19:47
dal,デイリースポーツ,レスリング　日下が快勝で準決勝進出　相手が治療で試合中断も集中力を切らさず　着実にポイント積み重ね、マットで笑顔,https://news.yahoo.co.jp/articles/0435a112074edadf881699b2d1610493145d61cb,8/6(火) 19:44
dal,デイリースポーツ,須崎優衣まさか！元五輪金の解説も「ダメ」６連発→絶句　涙でしゃくりあげ「これが五輪の怖さ」「胸を張って」,https://news.yahoo.co.jp/articles/d026695ee24e95fb15404cdc6fe368a6d377ace7,8/6(火) 19:42
dal,デイリースポーツ,須崎優衣の慟哭「人生懸けてレスリングに…」逆転負けに「現実かどうかわからなかった」自らを責め続け「五輪王者の器じゃなかった」,https://news.yahoo.co.jp/articles/59c6ae7cccafe1e4c29257638940e1d308c7879b,8/6(火) 19:42
dal,デイリースポーツ,体操３冠の岡　今一番食べたいものは「二郎系」　報奨金の使い道は「個室サウナ」も希望,https://news.yahoo.co.jp/articles/e9ac461f98a3561a303a19cc166f29fffedfce9c,8/6(火) 19:32
dal,デイリースポーツ,レスリング　初戦敗退の須崎優衣が涙「ここで終わってしまったことが信じられない」号泣し「みなさんの努力を私が無駄にした」「申し訳ない」連発,https://news.yahoo.co.jp/articles/3b797c68600f3dd3ec50cfc8154bde9d9031c734,8/6(火) 19:22
dal,デイリースポーツ,レスリング　須崎優衣を破ったインドのビネシュとは？インドの女性で初の五輪３大会連続出場　須崎から海外勢で初勝利,https://news.yahoo.co.jp/articles/eda8f358f571d24ebe834d664dd04653e065104b,8/6(火) 19:11
dal,デイリースポーツ,日向坂４６のメンバー４人同時の卒業発表　加藤史帆「突然の発表でごめんなさい」９月１８日の新曲の活動で,https://news.yahoo.co.jp/articles/1c4a685c546a0965747e722087a2c27716c4dac5,8/6(火) 19:09
dal,デイリースポーツ,阪神・佐藤輝が自身初３試合連続本塁打＆２試合連続猛打賞　４年連続２桁に王手　８試合連続マルチ安打でイチローに並ぶ　１４試合連続安打の自己新,https://news.yahoo.co.jp/articles/66b8f260922403948add46939d914b2a36ca1846,8/6(火) 19:02
dal,デイリースポーツ,体操男子３冠の岡「本当にヤバいことをしちゃったんだなと」笑顔で一夜明け会見,https://news.yahoo.co.jp/articles/998dc2c2025bd217d293d0f969ef21c718a3f614,8/6(火) 18:56
dal,デイリースポーツ,日本ハム　清宮がアウトカウント間違えか　新庄監督ぼう然　１死一塁からの中飛で猛然と走り出す　気付いて折り返すも楽々アウト　五回に汚名返上の先制打,https://news.yahoo.co.jp/articles/1529900474025de9da0e013deb0ae9d838530415,8/6(火) 18:53
dal,デイリースポーツ,「嘘だろ」ネット絶句　東京金の須崎優衣まさか初戦敗退　最後数秒にぼう然「マジか」「こんなことあるのか」「衝撃すぎる」,https://news.yahoo.co.jp/articles/21eea2f9532b1dde7310e17163c76a0dd11213a8,8/6(火) 18:49
dal,デイリースポーツ,レスリング　東京五輪王者・須崎の初戦敗退に英語実況も「ショック」連発　ぼうぜんの表情をアップで映す　チャレンジも判定覆らず,https://news.yahoo.co.jp/articles/80167f356fd0bbcc64777f13c0f92a5bdea94ddb,8/6(火) 18:44
dal,デイリースポーツ,阪神戦中継「どこでコマーシャル入れとんねん！」初回２死三塁でＣＭ突入に驚きの声,https://news.yahoo.co.jp/articles/c91cafea9f0287284f91dc5a804ccd11002d2275,8/6(火) 18:43
dal,デイリースポーツ,レスリング　須崎優衣がまさかの初戦敗退　マットの上でぼうぜん　チャレンジも覆らず、五輪連覇の夢断たれる,https://news.yahoo.co.jp/articles/9a1a503063f26af13945b5688dbd25d162179791,8/6(火) 18:36
dal,デイリースポーツ,レスリング　尾崎野乃香が銅メダルへ前進　残り１０秒の逆転負けから一夜明け　モンゴルのエンフサイハンを寄せ付けず,https://news.yahoo.co.jp/articles/0942e380557d27529b9097638e89adf136683f24,8/6(火) 18:25
dal,デイリースポーツ,野中生萌が７位、森秋彩は１１位でリードへ　ともに２完登　女子複合予選ボルダー,https://news.yahoo.co.jp/articles/35d7bdb3b8bd9d9aed4a7c5a63ebf905719ed925,8/6(火) 18:22
dal,デイリースポーツ,陸上　田中希実が泣いた先輩の優しさ　救済前に「自分だけのために走っておいで」「もう背負わなくていい」ＮＨＫ解説で定評,https://news.yahoo.co.jp/articles/0ce9e83b4fe5d3ae9672f8a50816afeeef9646b9,8/6(火) 18:14
dal,デイリースポーツ,巨人　８４歳のワンバウンド投球に球場どよめく　指揮者の小林研一郎氏がセレモニアルピッチ,https://news.yahoo.co.jp/articles/021b482e5d4091bfd0b8c4efef8e5f0db96ffb09,8/6(火) 18:07
dal,デイリースポーツ,ラミレス氏の暴挙に宮本慎也氏があ然　レジェンドファーストピッチでラミちゃんがまさかの行動,https://news.yahoo.co.jp/articles/3f8b67a7f486adc178406204f3f279397a49cf60,8/6(火) 18:05
dal,デイリースポーツ,フリアン・アルバレスのアトレチコ移籍が決定か　移籍金１１０億円超、さらに出来高３０億円の可能性も,https://news.yahoo.co.jp/articles/6f2a53ed23423e46856215db1811efa85ac88067,8/6(火) 18:00
dal,デイリースポーツ,えっアイドル？モデル？！かまいたち山内と食事の日本代表が国宝級イケメン「うっそー」「羨ましすぎ」,https://news.yahoo.co.jp/articles/6025a7089bf4a6aeb2c27edf56e97b5c2bdf5a8d,8/6(火) 17:58
dal,デイリースポーツ,【ボート】福岡ＰＧ１　連覇の懸かる遠藤エミが実績エンジンをゲット,https://news.yahoo.co.jp/articles/045c888049eb2c0368ed14e72ec545bcf50a49b9,8/6(火) 17:52
dal,デイリースポーツ,【ボート】福岡ＰＧ１　（徳増宏美予想）博多っ子の渡辺優美に注目です,https://news.yahoo.co.jp/articles/60dc797fa63f6bc149029e42efbca53ad2e34fc4,8/6(火) 17:52
dal,デイリースポーツ,【ボート】福岡ＰＧ１　前検では大会Ｖ２の海野ゆかりが気配良好,https://news.yahoo.co.jp/articles/865e79236dcebfa8e8f6dc617d0fa313579499c0,8/6(火) 17:52
dal,デイリースポーツ,金連覇へ　レスリング須崎優衣　夕方初戦も地上波中継なし　ネット「やらんのか」「ないの！？」,https://news.yahoo.co.jp/articles/991cebb56831295734e1d09c790ea098bae3d977,8/6(火) 17:42
dal,デイリースポーツ,【オート】森且行が今年１８回目の準決進出,https://news.yahoo.co.jp/articles/15f9696ee907a8551ae066add2b9a6f9499c64a8,8/6(火) 17:37
dal,デイリースポーツ,陸上　田中希実が号泣のち救済で準決勝進出　陸上競技での救済とは？「競技者の前進が妨げられた場合」ルールブックに明記,https://news.yahoo.co.jp/articles/2316d5e9b3a4dac884dcb59532844fa82cae5e3a,8/6(火) 17:37
dal,デイリースポーツ,陸上　田中希実が号泣「気持ちが切れたような走りになって申し訳ない」ラスト一周で接触→救済で準決勝進出へ,https://news.yahoo.co.jp/articles/916ebfdaae929c10165185279aa973440a487397,8/6(火) 17:21
dal,デイリースポーツ,横浜Ｍ・植中、パリ五輪で世界のレベルを体感して「差を感じざるを得ない。また力を付けないと」　Ｊリーグでの成長を誓う,https://news.yahoo.co.jp/articles/e657fba01a04ecb6409cf0645f4b88e3ce61077f,8/6(火) 17:21
dal,デイリースポーツ,陸上　田中希実に接触のアクシデント　ラスト一周でバランス崩す→１１位も救済で準決勝進出「知らなかった」涙とまらず,https://news.yahoo.co.jp/articles/bd2994d56fb7d81d09393f685ef2ed24052c7b0c,8/6(火) 17:12
dal,デイリースポーツ,「素敵なお姉さんに」ＮＨＫ五輪解説の体操エース美女に驚き「美人になってて」「可愛い子いると思ったら」ノースリや夏ワンピ、コーデも素敵,https://news.yahoo.co.jp/articles/628421121cd63c1a2a7b18aa830f3d0ec2daced9,8/6(火) 17:09
dal,デイリースポーツ,「観客席で踊ってる！」バレー日本を熱烈応援の外国人に胸熱　試合後、西田有志が抱きつきハグ　額にキス,https://news.yahoo.co.jp/articles/a713c34a79c4ea56e42a4464c1d0113444a9abf5,8/6(火) 17:00
dal,デイリースポーツ,豊田兼と筒江海斗が敗者復活戦を欠場　ともに故障のため　陸上男子４００ｍ障害,https://news.yahoo.co.jp/articles/a11a09fc2f0362aed6185b4a6dd7a957229f9c64,8/6(火) 16:43
dal,デイリースポーツ,フワちゃんをラジオで怒った伊集院光　不適切投稿に言及　フワちゃんは「諸刃の魅力」「どっかで失敗するんだろうなって」,https://news.yahoo.co.jp/articles/3c1234677a024edad8a69bac626b17261c638db6,8/6(火) 16:29
dal,デイリースポーツ,【ＰＯＧ】２歳戦独断評価　Ｇ１馬ステルヴィオの弟ジェゼロが着差以上の強さでＶ発進,https://news.yahoo.co.jp/articles/6a3a0abda274ba32835a05061e9fd6d9ab7565ce,8/6(火) 16:21
dal,デイリースポーツ,ゴルフ男子　丸山茂樹監督「写真撮っといた（笑）」世界のトッププレーヤーたちと続々２ショ「リスペクトされてる証拠」予想は外れるも…,https://news.yahoo.co.jp/articles/352186eaecda3bd587d687e67d0611d108149c58,8/6(火) 16:17
dal,デイリースポーツ,大谷翔平　１８８キロの弾丸二塁打　ボールボーイの行動が話題に「そっちに逃げるんかい！」「金メダル級の速さ」,https://news.yahoo.co.jp/articles/f84eabbe1accaedbb2307fa9df9638c6ded0c2e6,8/6(火) 16:11
dal,デイリースポーツ,瀬戸大也がパリ五輪から帰国　28年ロス五輪出場は34歳になる年。自分の中でもう少し考えたい」,https://news.yahoo.co.jp/articles/b024d8fdfa0bf2434ffb71e18b2a7423babce233,8/6(火) 16:09
dal,デイリースポーツ,【オート】伊勢崎で１０日からオートレースグランプリを開催　青山周平、鈴木圭一郎らが熱い戦いを展開,https://news.yahoo.co.jp/articles/84ca89e5facf8fcd8ffe382c07bd7f66b8cf8d68,8/6(火) 16:05
dal,デイリースポーツ,中村獅童　父に憧れる愛息２人に切実なお願い「なるべく流さないで」,https://news.yahoo.co.jp/articles/2bf0a0c6540b7192dac2dc997e02bbeaff939447,8/6(火) 16:03
dal,デイリースポーツ,日本テレビ　フワちゃん「行列のできる相談所」次回１１日出演は「変更はありません」　その後は「未定」,https://news.yahoo.co.jp/articles/9f085a5e4e60bdc78dbe6d392e52578af183aa1d,8/6(火) 16:00
dal,デイリースポーツ,バレー熱愛Ｃｏｃｏｍｉ「最高の試合でした！」　代表・石川真佑と「遠距離恋愛」投稿も反響,https://news.yahoo.co.jp/articles/49db41ee7d856073a0e6c6ae353de7db789f452c,8/6(火) 16:00
dal,デイリースポーツ,池江璃花子が帰国「諦めずに４年後に向けて再始動したい」,https://news.yahoo.co.jp/articles/ce0d7143dcf4a44d56959d2f9778a714c452663c,8/6(火) 15:51
dal,デイリースポーツ,スケボー小野寺吟雲　無数のアザ＆傷の両スネがエグかった！血がダラーッ　短パン＆Ｔシャツで「もっとうまく」努力の証し,https://news.yahoo.co.jp/articles/8e11975ec4499ad01808cd35f35f03374c83a068,8/6(火) 15:42
dal,デイリースポーツ,大谷翔平　驚異の「４５－４５」ペースも勝利のための手段強調「貢献できる確率高くなる」,https://news.yahoo.co.jp/articles/da1e9124f3ce4a05450a7d35fd58d6e295571a70,8/6(火) 15:40
dal,デイリースポーツ,柔道女子金メダル・角田夏実が３２歳の誕生日を報告「３１歳最後の晩餐」は帰国便の機内食「しっかり食べれるってなんかいいなぁ」,https://news.yahoo.co.jp/articles/a02dd0b0ff11f33baa73bf3a80241c03c43f1a42,8/6(火) 15:39
dal,デイリースポーツ,【オート】森且行が今年１８回目の準決進出,https://news.yahoo.co.jp/articles/1bf27dba45598d6473b1098dc1e11a19c2d910ed,8/6(火) 15:37
dal,デイリースポーツ,７周年興行を行う中森、Ｌｅｏｎ、谷のＰＵＲＥ－Ｊ３戦士が抱負「暑さを吹き飛ばす試合を提供する」,https://news.yahoo.co.jp/articles/4666ff8262c86819146a5d3fd14d44bedfd7aeb4,8/6(火) 15:17
dal,デイリースポーツ,大谷翔平も感動「素晴らしいなと思う瞬間だった」　困難乗り越えてフリーマンが戦列復帰　観客総立ちで拍手と声援　敵軍選手も粋な計らい,https://news.yahoo.co.jp/articles/84d61241b71b2f0d0b8b98883f2915e513f5df4f,8/6(火) 15:02
dal,デイリースポーツ,アンミカのハッピーオーラに八木莉可子圧倒「観音様にあったかのよう」,https://news.yahoo.co.jp/articles/4a17b5194341228a4feb5d8b119d8481e334248b,8/6(火) 14:48
dal,デイリースポーツ,バレー西田有志「よりゴリラになって進化して戻る」妻・古賀紗理那見守る中、激闘　号泣、そして代表休養宣言,https://news.yahoo.co.jp/articles/ebb12a5a7017bb8a826af1d66b207aebff745db7,8/6(火) 14:47
dal,デイリースポーツ,フワちゃんの不適切投稿、デーブ・スペクターは「想像力がない」「謝っても言い訳は成り立たない」,https://news.yahoo.co.jp/articles/b080a222f92cb0fd5f3d3f1a26b1ef0dc7e59362,8/6(火) 14:43
dal,デイリースポーツ,梅沢富美男　次女がブチギレ「グチグチ言いやがってクソジジイ！女遊びでもしてこい」屈辱をバネにギネス世界記録達成,https://news.yahoo.co.jp/articles/af5fa2f0bd5c23aef805ade981f0d5feadc78814,8/6(火) 14:39
dal,デイリースポーツ,１３歳・須藤弥勒がニトリＬでツアーデビューへ「歴史に名を刻めるよう頑張ります」　ジュニア世界大会４冠,https://news.yahoo.co.jp/articles/06c9348b5bd0761ec91d967c92f7dba6c4e42306,8/6(火) 14:34
dal,デイリースポーツ,大谷ファン「花巻東時代に目をつけた」女子アナがゴゴスマ登場　鈴木紗理奈「その為にアナウンサーになった？」ｗｗ,https://news.yahoo.co.jp/articles/9ba1eb520790476e37c2c3e89c0e2363d7351164,8/6(火) 14:30
dal,デイリースポーツ,「カップルと間違える」阿部一二三が妹・詩の腰に手を回したクールな２ショット「美男美女兄妹」「モデルみたい」,https://news.yahoo.co.jp/articles/161d1a29fd7d20e3978e41157623649e23e20a47,8/6(火) 14:27
dal,デイリースポーツ,元女子バレー代表に「石田ゆり子に似てる」の声　ロングの髪ゆるくまとめ「誰だこの美しい人は」落ち着いた語り口に賛辞,https://news.yahoo.co.jp/articles/986a4cfc5fad87708e28c049409ad08d7e27bdf4,8/6(火) 14:15
dal,デイリースポーツ,ブラマヨ小杉、中野美奈子アナから毎回名前間違われていた…の被害妄想「薄毛に引っ張られて」,https://news.yahoo.co.jp/articles/05c60bdfacad6c4181928b432e58bb979a73b587,8/6(火) 13:49
dal,デイリースポーツ,楽天・安田、１軍に今季初合流合流　２軍では打撃好調,https://news.yahoo.co.jp/articles/187c0ba831f0ec13c3f064628a092af934c3f761,8/6(火) 13:48
dal,デイリースポーツ,前田健太「僕にとっては大切な１日」　原爆の日に米国から祈り捧げる　ファンは「広島を忘れないでくれてありがとう」と感謝,https://news.yahoo.co.jp/articles/d82d782d5df29e991e74f2c95733b1d83a75d114,8/6(火) 13:27
dal,デイリースポーツ,大谷翔平、逆方向へ3戦ぶり豪快34号ソロ　ベース踏み忘れ？一塁に戻る場面も　キング争い2位オズナに2差　五回に弾丸二塁打,https://news.yahoo.co.jp/articles/3461598dc318eea1461a967bd54ff98752593f20,8/6(火) 13:24
dal,デイリースポーツ,霜降り明星せいや「やす子はすごいんで大丈夫」フワちゃん不適切投稿も胸アツ激励→ネット「やす子は先輩に好かれてる」,https://news.yahoo.co.jp/articles/3f86655dd8f6583ba29cc8ce246c7d6225cf2d94,8/6(火) 13:08
dal,デイリースポーツ,池谷幸雄氏、正しい倒立は立っているのと同じ発言に江藤愛アナ「ええ？信じられない」,https://news.yahoo.co.jp/articles/3576d47fabdf0d18067f6c170a11363bdb1f711e,8/6(火) 13:06
dal,デイリースポーツ,神戸・吉田監督　Ｊ１再開で「８月をいい形でつなげたい」　７日・川崎戦でＪ１通算３００勝へ,https://news.yahoo.co.jp/articles/3bc649c1a59ce582cbbc9011c6772c0e27f4a12a,8/6(火) 12:50
dal,デイリースポーツ,五輪でも芸能界でもネットで中傷　スマイリーキクチ、ネットへ「投稿前に一度止めて責任を考えて」,https://news.yahoo.co.jp/articles/35639dffd47321d58b1335a4f7de82b0ed86cb87,8/6(火) 12:47
dal,デイリースポーツ,みちょぱ　整形手術を明確拒否「あと１０年はメス入れずに」努力を継続の秘訣は「勝手な被害妄想」,https://news.yahoo.co.jp/articles/ee18ca7a48e67e1c7248f9be4f076215392a6fed,8/6(火) 12:38
dal,デイリースポーツ,なでしこ・１９歳谷川萌々子「もっと成長した姿でこの舞台に戻ってきます」　ブラジル戦で決勝ミラクル弾　ファンは「貴女はなでしこの星」,https://news.yahoo.co.jp/articles/e4e7de770af24a8a1b826493284ae39f140afa09,8/6(火) 12:35
dal,デイリースポーツ,パリ五輪　セーヌ川の劣悪水質に「選手の健康おろそかにした」識者が批判＆裏事情に言及「コストカットしすぎ」長嶋一茂も疑問,https://news.yahoo.co.jp/articles/805db917fe64d746dd4fb099211dee07ea07e1a0,8/6(火) 12:28
dal,デイリースポーツ,意外！福山雅治　バーで「注文する時って結構緊張する」理由も告白し「お酒が似合う男になりたい」,https://news.yahoo.co.jp/articles/13bb3f77d45948695e1d9c4d6ae4e147c34a14a2,8/6(火) 12:15
dal,デイリースポーツ,ほしのあき４７歳の水着解禁　１０年超ぶりハワイで開放ショット！超絶メリハリ健在で「スクショした」「写真集出して」,https://news.yahoo.co.jp/articles/956082d4f7040fe9593a8fa9cf9ae9575e9fe857,8/6(火) 12:05
dal,デイリースポーツ,朝ドラで美佐江役の片岡凜　毎朝届く中傷メッセージに「私なのか美佐江なのか明確にしてください」,https://news.yahoo.co.jp/articles/49a3571797440356b29d83bcdf6cd51babe6c15e,8/6(火) 11:46
dal,デイリースポーツ,ドジャース・フリーマン、感動の戦列復帰　ギラン・バレー症候群の愛息が退院　地元ファン総立ちで迎える　相手チームも祝福,https://news.yahoo.co.jp/articles/12406d2ae2525ed5c3abd49608a0bfcd984cb86a,8/6(火) 11:45
dal,デイリースポーツ,石川祐希の着用するネックレスが大反響　注文殺到で欠品状態　光る首元がＳＮＳ上でも「カッコいい」と注目,https://news.yahoo.co.jp/articles/db35dff7d8fb7918816a28bac9f9fba0530c3542,8/6(火) 11:07
dal,デイリースポーツ,「＃野球ができる喜び」広島・新井監督、原爆の日に原爆ドームで「黙とう」　ファン「広島を大切にしてる新井さん胸にグッとくる」,https://news.yahoo.co.jp/articles/c0dae92184effd4f47fbc63a54a742030e3e4448,8/6(火) 11:04
dal,デイリースポーツ,指原莉乃ＳＮＳのコメ欄まで大荒れ　親友フワちゃん問題で３日前の無関係投稿にフワ批判や臆測→注意ポストも,https://news.yahoo.co.jp/articles/16ab697ce112656b891563b3d990d002ed0d8b84,8/6(火) 11:00
dal,デイリースポーツ,３割バッターが消えたセ・リーグ　２リーグ分立後初の２割打者が首位打者となるのか,https://news.yahoo.co.jp/articles/0c62ef66a021fa6d9721275d1168143e3bf9cb16,8/6(火) 11:00
dal,デイリースポーツ,ダイアン津田「もうフェンシングの話は辞めようと」投稿にレジェンド太田雄貴氏が反応,https://news.yahoo.co.jp/articles/8c644ebe3b94534adb2c55047060c48e0a9997c0,8/6(火) 10:56
dal,デイリースポーツ,解散・引退発表のダニエルズ望月、芸人妻が「私が言うのは違うかもしれませんが」率直思いつぶやく,https://news.yahoo.co.jp/articles/3025e1bd81477d37b2c884d3b41f3d17c0448677,8/6(火) 10:37
dal,デイリースポーツ,ドジャース・フリーマン「胸が張り裂けそうな思い」　９戦ぶり復帰　ギラン・バレー症候群の愛息が退院　大谷らチーム一丸Ｔシャツで応援,https://news.yahoo.co.jp/articles/1d2f5946c89b89ec2147a5754358d90aaaedcc96,8/6(火) 10:33
dal,デイリースポーツ,フワちゃん問題で「篠原ともえ」トレンド入り　結びつける投稿に憤慨の声多数「一緒にするな」「傷つける発言しない方」,https://news.yahoo.co.jp/articles/2a49c4a102c94c1353b6f79fdb264002936d03ac,8/6(火) 10:21
dal,デイリースポーツ,不適切投稿で渦中のフワちゃん、２月にＸでやす子に言及していた「さっきやす子に」,https://news.yahoo.co.jp/articles/36e902d4611f0e9eb776ec51e9eb77e20287dbe1,8/6(火) 10:19
dal,デイリースポーツ,なぜ阪神は後半戦８勝１敗と快進撃を続けているのか　前半戦との違いはどこ？岡田監督「後半は勝ち負け」,https://news.yahoo.co.jp/articles/f3fa9a0a135a077f5b9e49423b6cc40812883f0f,8/6(火) 10:00
dal,デイリースポーツ,郷ひろみ　パリ五輪ブレイキン・ＳＨＩＧＥＫＩＸへエール　昨年紅白で共演「金メダルへＧＯ～！」,https://news.yahoo.co.jp/articles/0f00bc14dd0d58d507d3714cdbe1b3a4c35523e1,8/6(火) 10:00
dal,デイリースポーツ,なぜ？引退から１年半で公認会計士合格　元巨人＆楽天の池田駿さん、１年目オフにプロ野球選手の税金サイクルに興味「面白いなと」,https://news.yahoo.co.jp/articles/3d0b7bb5bfc8654294ea588d34e2919aa1e2891b,8/6(火) 10:00
dal,デイリースポーツ,日テレアナがモデルと結婚発表　３ショット披露「楽しく頑張ります」,https://news.yahoo.co.jp/articles/4e5bfc495c1793e053379603c3b7c82b45d21983,8/6(火) 9:50
dal,デイリースポーツ,選手宣誓の智弁和歌山・辻旭陽「『智弁』の文字が見えるように胸を張って」　宣誓にイチロー氏の言葉も　開会式リハーサル,https://news.yahoo.co.jp/articles/2af289803f6173f3753cc9ad69a07ff436be6c10,8/6(火) 9:44
dal,デイリースポーツ,大谷翔平、「1番・DH」で出場　フリーマン「3番・一塁」9戦ぶり復帰！　フィリーズとリーグ頂上対決　試合前に応援Tシャツでキャッチボール,https://news.yahoo.co.jp/articles/cdc603a8210f6a6c497119086f965ba101dca760,8/6(火) 9:36
dal,デイリースポーツ,バレー男子・小野寺太志が誹謗中傷被害「一部の方から届いてますが」マッチＰでのサーブミス「あの場面でミスは事実」受け止め応援に感謝,https://news.yahoo.co.jp/articles/8949c5da37fd6c60eb106df0342546f82576697f,8/6(火) 9:32
dal,デイリースポーツ,死闘の末に敗れたバレー男子日本代表「これ以上のプレーを求めてはいけない」元代表キャプテンが見解「１ミリも油断ない」,https://news.yahoo.co.jp/articles/2954539667dc88200bf1e043ab008436bbab5599,8/6(火) 9:26
dal,デイリースポーツ,「とっても悲しい」投稿から一夜明け　やす子、通常運転の「ピカピカ笑顔で」投稿にファンもホッ,https://news.yahoo.co.jp/articles/250539eecf01e5106c6f033603091a05487531d4,8/6(火) 9:18
dal,デイリースポーツ,「虎に翼」女帝・美佐江と優未が遭遇　寅子思わず子を抱きしめ…ネットは姿見えない美佐江母に疑問【ネタバレ】,https://news.yahoo.co.jp/articles/bf74e5d911e99d64be3193e1646849b88c504dc4,8/6(火) 8:50
dal,デイリースポーツ,「虎に翼」１５分早い放送で見逃し被害報告も　Ｘなどでは告知　「広島平和記念式典」放送【ネタバレ】,https://news.yahoo.co.jp/articles/d9c9e7d8ee94166eb85e09f2e71665b621ee5b04,8/6(火) 8:23
dal,デイリースポーツ,広島・矢野　東京ドームで大暴れ誓う　セ球場別トップの打率・３６４「いいイメージでは入っていける」,https://news.yahoo.co.jp/articles/52b1e67544466a3b23756474a52bdb5b6c86cd46,8/6(火) 8:00
dal,デイリースポーツ,広島投手陣９連戦首位固めローテ　９戦で８投手が先発　菊地原コーチ「１試合１試合みんなでつなぎながら」,https://news.yahoo.co.jp/articles/620a660502b486cb78dfb061bc8ca704ea11f5e5,8/6(火) 8:00
dal,デイリースポーツ,広島・末包　いよいよ１軍復帰　勝負の９連戦前に右の大砲帰還　「残り試合だけで１０本以上、打ちたい」,https://news.yahoo.co.jp/articles/934be47ca5c6fe6b2b7e39d4ab3daa4c4bff73a5,8/6(火) 6:00
dal,デイリースポーツ,ＪＲＡを動かした高田潤騎手の熱意　安全安心な競馬施行へ　頸部保護装具実用化までの道のり,https://news.yahoo.co.jp/articles/a561cbf38c52b9a98d31acd6b303e6417e128e97,8/6(火) 6:00
dal,デイリースポーツ,【小倉記念】リフレーミング　川田背にサマー２０００王者前進だ　鮫島師「この暑さでも本当に状態がいい」,https://news.yahoo.co.jp/articles/9cacebd9c6c63c3b90c8027b32f759956874185d,8/6(火) 6:00
dal,デイリースポーツ,【札幌記念】砂芝“二刀流”ドゥラエレーデ　エルムＳから中１週で参戦　藤岡佑との新コンビ,https://news.yahoo.co.jp/articles/531aba9c96713df01fb729c11c44867ee03cd6f0,8/6(火) 6:00
dal,デイリースポーツ,【関屋記念】ジュンブロッサム　上昇気配で狙う重賞初制覇　極上の切れ味見せる,https://news.yahoo.co.jp/articles/f7e121cd470ecd5d603f9243e894437349903025,8/6(火) 6:00
dal,デイリースポーツ,【関屋記念】プレサージュリフト　前走２年３カ月ぶり復活Ｖで勢い　唯一減点なしに重賞２勝目の期待,https://news.yahoo.co.jp/articles/e50e487ddc16c5782a524e96fa817ba00410d9bf,8/6(火) 6:00
dal,デイリースポーツ,レスリング解説　真夜中に赤ノースリで登場の元女子選手にネット衝撃「熱いｗ」「また綺麗に」「元気出た」,https://news.yahoo.co.jp/articles/5209f3ed9deecc0d1e30cc133859211c8f1bc2c0,8/6(火) 5:40
dal,デイリースポーツ,レスリング女子の応援解説にネット反応「可愛い声で誰やねんと思ったら」「ダメ…と心の声漏れとった」,https://news.yahoo.co.jp/articles/f34cd2c4568c7bb260f464c486b025855f1529f8,8/6(火) 5:13
dal,デイリースポーツ,バース氏　阪神・森下に自身の球団記録超えを期待「記録はいつか破られるもの」　１３試合連続打点にあと３,https://news.yahoo.co.jp/articles/9140c755c47b6cbec09ee78baf41d978b61088cd,8/6(火) 5:00
dal,デイリースポーツ,阪神・近本「ＬＩＮＫ　ＵＰ」プロジェクト始動　代表理事・石井僚介氏が語る思い「全国に広げていける第一歩に」,https://news.yahoo.co.jp/articles/a058c67d2dd2bf2adbc16f81c87641325ec8afce,8/6(火) 5:00
dal,デイリースポーツ,阪神・茨木　２年目の成長　メンタル面と投球フォームを改善　今季中の１軍昇格目指す,https://news.yahoo.co.jp/articles/74c459000ef575fb0faafe5b8486d5810c90b914,8/6(火) 5:00
dal,デイリースポーツ,阪神・高橋遥人　１００９日ぶり１軍公式戦登板へ　１１日広島戦で先発予定,https://news.yahoo.co.jp/articles/6d49914da74c68d790eea84a2f43ce8460755cc2,8/6(火) 5:00
dal,デイリースポーツ,阪神・才木　神宮先発初星で２桁星へ「普通に頑張ります」　９連戦先陣「最低７回、いけるなら完投」,https://news.yahoo.co.jp/articles/9a8c819af2f1427a5ad6dd71ed8814bbf2497123,8/6(火) 5:00
dal,デイリースポーツ,阪神・佐藤輝　バース超え月間１３本塁打へ得意神宮で量産や　後半戦絶好調「また勝ちにつながる一打を」,https://news.yahoo.co.jp/articles/43818dd0721b6cb62a860fd408b2fe5c9bab812f,8/6(火) 5:00
dal,デイリースポーツ,阪神・前川右京の応援歌　プロ３年目ついに完成「本当にうれしかった」　印象的な歌詞は「一撃」　９日広島戦でお披露目,https://news.yahoo.co.jp/articles/b7b060ecfe1ce7ff0bf0b21adbda44b37db54bee,8/6(火) 5:00
dal,デイリースポーツ,プロ野球　第１次戦力外通告期間が一部変更　空白期間なくす目的,https://news.yahoo.co.jp/articles/12470f882a5beb9d0a87646c20c44b7e325e8ecb,8/6(火) 5:00
dal,デイリースポーツ,ヤクルト・奥川　シーズン完走へ誓い　９日からのＤｅＮＡ３連戦で登板予定,https://news.yahoo.co.jp/articles/5bf343ecb042eb240c1c0df7e8581c071d233b5b,8/6(火) 5:00
dal,デイリースポーツ,オリックス・吉田輝星“甲子園観戦ノルマ”設定　弟・大輝エース、金足農９日初戦「抑えたら行きたい」,https://news.yahoo.co.jp/articles/7c37642b4b6a3623fd026b59c1a315584917c385,8/6(火) 5:00
dal,デイリースポーツ,巨人・阿部監督　阪神にリベンジ宣言　「一つも落とせないつもりで」９連戦最終カード、山崎伊→グリフィン→戸郷で挑む,https://news.yahoo.co.jp/articles/b56e8d4dd9bc184a46a961bdcf90d46fb48a0f06,8/6(火) 5:00
dal,デイリースポーツ,菜々緒　有能オーラが半端ないのに無能！？「さわやかな無能さをお届けできたら」テレ朝系ドラマ「無能の鷹」で主演,https://news.yahoo.co.jp/articles/209445fb48d94e469e33a6fc6b3aa9f5da1e226f,8/6(火) 5:00
dal,デイリースポーツ,テレビ大阪植草アナ「３本の指に入る緊張感」日本ハム・新庄監督の阪神時代ゆかりのお宝を持参「出張なんでも鑑定団」,https://news.yahoo.co.jp/articles/d3dd5f38273e48feeddd8fe28761413a316c88bc,8/6(火) 5:00
dal,デイリースポーツ,桂米丸さん死去　９９歳　老衰で　大正生まれ、戦後から落語人気に尽力,https://news.yahoo.co.jp/articles/8fa0c006dbff0c74122fd3723ca33166e9992939,8/6(火) 5:00
dal,デイリースポーツ,フェンシング・飯村一輝、父・栄彦さんのジュースに釣られ競技の道に　男子フルーレ団体が初の金,https://news.yahoo.co.jp/articles/bfc24067601612c4d2c8ca23b0e4a37d0ffc8753,8/6(火) 5:00
dal,デイリースポーツ,体操・岡慎之助３冠　苦しいリハビリ支え合った岡と藤巻竣平「複雑だけど、慎之助がけがしても戻れると証明してくれた」,https://news.yahoo.co.jp/articles/fdecbb5be5372f879a9f9e7bcfc759c46df89908,8/6(火) 5:00
dal,デイリースポーツ,激闘のバレー　夫・西田有志のいるコートへ手を振る古賀紗理那の姿にファン「支え合ってる」「可愛い」,https://news.yahoo.co.jp/articles/2c084c3de795ad9abff71157e2b744746b73215d,8/6(火) 4:50
dal,デイリースポーツ,レスリング男子　文田健一郎が決勝進出！悲願の金メダルに王手　世界王者を大技で投げ飛ばす,https://news.yahoo.co.jp/articles/bea99ccff3a549958a8d3cbd10c6e0a6f0cca8fa,8/6(火) 4:13
dal,デイリースポーツ,爆風スランプ　２６年ぶりの新曲リリース　配信ジャケットイラストはサザン関口氏が書き下ろし,https://news.yahoo.co.jp/articles/9ee2be86ebd2b2de18dbeb5655ec6bc457d9114c,8/6(火) 4:00
dal,デイリースポーツ,舞台「千と千尋」ロンドン千秋楽　Ｈｕｌｕでライブ配信　２５日午前３時３０分開演,https://news.yahoo.co.jp/articles/726b1134a04e12f4eeb38a2f51446a8153f43d24,8/6(火) 4:00
dal,デイリースポーツ,４大会連続五輪の飯塚翔太「前回と違ってお客さんの中で走れて楽しかった」上山紘輝とともに敗者復活戦へ,https://news.yahoo.co.jp/articles/d851abd13c56ed612625578f12052025ac2b720d,8/6(火) 3:24
dal,デイリースポーツ,青木涼真は組８位で決勝進出ならず「理想と現実の厳しさを知れたのは参加した人間だけの特権」,https://news.yahoo.co.jp/articles/25c8a90e8976ffab5a28bb51dad1594bcaa3cdf6,8/6(火) 2:52
dal,デイリースポーツ,三浦龍司が組４位で決勝進出！「予定通り」「いい感覚で走れた」陸上３０００ｍ障害,https://news.yahoo.co.jp/articles/99930ba5339a73467929293f3d32984b20cfdb74,8/6(火) 2:32
dal,デイリースポーツ,競泳大健闘の鈴木聡美　競技を終えて選手村の食事公開「ペロリでしたわ」「夢が叶いました」,https://news.yahoo.co.jp/articles/de740c45dbb399492f6d5656aac65cd8042ebd26,8/6(火) 2:31
dal,デイリースポーツ,男子バレー　日本に大逆転勝ち　伊監督は大歓喜「この試合を逆転したのは偉業」　明暗分けた第３セット「日本は恐らく３回ミスした」指摘,https://news.yahoo.co.jp/articles/f0b0b2e117f7ce881c53b3d25d27fcee68d95b8a,8/6(火) 2:09
dal,デイリースポーツ,「バレー史に残る大逆転劇」イタリア紙は日本のプレーに驚く「イナゴのようにジャンプ」「山本はマジックディフェンス」,https://news.yahoo.co.jp/articles/c8a8c93ff87541984eebeed804a0a76596ed4b56,8/6(火) 1:40
dal,デイリースポーツ,「泣いちゃう」歓喜の輪からひとり離れ　涙の高橋藍を抱擁したイタリア選手に感謝の声「優しい」「仲間だもんな」,https://news.yahoo.co.jp/articles/2ab9c6d3e415272f946164a326773ec33c043cf9,8/6(火) 1:07
dal,デイリースポーツ,あと１点、崖っぷちで石川祐希に上がり続けたトス　関田「絶対に決めてほしいと」自責の主将は涙「僕の責任」も仲間悔いなし「納得できる」,https://news.yahoo.co.jp/articles/6ccfaaf41a1342f6c8082126d93c9f74bbcd6f28,8/6(火) 0:44
dal,デイリースポーツ,レスリング男子　文田健一郎が圧勝で準決勝へ　イラン選手に何もさせず,https://news.yahoo.co.jp/articles/363016f3b1992fd76c65298b422416e24b6ede71,8/6(火) 0:23
dal,デイリースポーツ,残り１０秒でまさか　尾崎野乃香が呆然の逆転負け　４強ならず「受けいれられない」と涙,https://news.yahoo.co.jp/articles/d04dd7879789e8bb5d5db1140d73a8f7ba14263f,8/6(火) 0:19
dal,デイリースポーツ,天国の仲間に吉報届けられず　涙の高橋藍「藤井さんにメダルを見せらず悔しい」も夢は続く「これからも戦っていく。またこの舞台に」,https://news.yahoo.co.jp/articles/cc180277a1ab43b1d6dd580372337da84b0e0e7a,8/6(火) 0:18
dal,デイリースポーツ,体操男子　水鳥監督は岡慎之助の快挙絶賛「慎ちゃんが覚醒」直前の鉄棒練習で頭強打　「焦点が合わない感じ」から驚異の立て直し,https://news.yahoo.co.jp/articles/55aebf7c04f19a3ce07194ecfd043f70b48f6c56,8/6(火) 0:07
dal,デイリースポーツ,レスリング女子で悲劇　右肩脱臼のインド選手が泣きながら戦う　残り３０秒、不運の大逆転負けに相手の北朝鮮選手も涙ぐんで歩み寄る,https://news.yahoo.co.jp/articles/eb5d3bdb3dc4ba0c818069bc78ed521ea0cc25d5,8/6(火) 0:04
dal,デイリースポーツ,高橋藍　恩師ブラン監督とメダル取れず「心残り」伊挑戦も「『挑戦しろ』と」最後の言葉「このチームを一生忘れない」に涙,https://news.yahoo.co.jp/articles/32aea69419eff0cf37a057de09a1ae27fd91b18e,8/5(月) 23:51
dal,デイリースポーツ,レスリング男子　文田健一郎は危なげなく初戦突破　１１－０とキューバ選手を圧倒,https://news.yahoo.co.jp/articles/3c8f04edb73cacc18c8158b232747ed7c60a82da,8/5(月) 23:50
dal,デイリースポーツ,体操男子　水鳥寿思監督が８月末で退任意向　体操ニッポン金３銅１の快挙サポート　選手に感謝「有終の美になった」,https://news.yahoo.co.jp/articles/b625d9880e290b86f9f89c65bf41275eb2d1f8cb,8/5(月) 23:41
dal,デイリースポーツ,バレー男子・藤井直伸さんの遺影と集合写真　目頭押さえるブラン監督、肩抱く西田有志も目真っ赤,https://news.yahoo.co.jp/articles/7a8b302f2850936ff810ce8e0c92b75cc8b92a8c,8/5(月) 23:36
dal,デイリースポーツ,西田有志が男泣き「このバレーをして負けたなら納得できる」　妻・古賀紗理那見守る中で奮闘チーム２位２２得点,https://news.yahoo.co.jp/articles/6c45480fb718098133780d789c27e13a06ed9e89,8/5(月) 23:29
dal,デイリースポーツ,レスリング女子　尾崎野乃香が衝撃勝利　わずか３２秒で初戦突破！ベネズエラ選手を圧倒、開始５秒で４点　準々決勝へ,https://news.yahoo.co.jp/articles/58e703358a9295f0126e64438ea2479d94873f65,8/5(月) 23:18
dal,デイリースポーツ,天国の藤井さんとともに戦ったパリ五輪　ライバル・セッター関田誠大「どこかで見てくれていたら」　悔し敗戦も「自分を、仲間を誇りに思う」,https://news.yahoo.co.jp/articles/ce71506f694e3727091658e27677c3232d9ce87a,8/5(月) 23:17
dal,デイリースポーツ,【男子バレー】両手合わせ祈り続けた西田有志の妻・古賀紗理那　日の丸振り応援、左手薬指に結婚指輪,https://news.yahoo.co.jp/articles/1009e5ed608b6432fa9aae8574b4b61f62907579,8/5(月) 23:10
dal,デイリースポーツ,日本選手団の尾縣団長がボクシング性別騒動に言及「ルール内で行われているという認識。五輪後にはしっかり話し合わないといけない」,https://news.yahoo.co.jp/articles/d73e3e9d4dcb389917d2a245c58d03ddfa056856,8/5(月) 23:09
dal,デイリースポーツ,バレー男子　号泣の高橋健太郎は代表引退を明言「最後なんで代表。悔しいっす、マジで」「若い世代に頑張ってもらいたい」と思い託す,https://news.yahoo.co.jp/articles/a2f5933c8c968e0e9bdf5e33031b1a3923a3aaf3,8/5(月) 23:06
dal,デイリースポーツ,計４度マッチポイントも遠かったあと１点　涙の石川祐希主将は唇噛む「僕が最後一本決められず…。責任を感じる」「主将としてもエースとしても力不足」,https://news.yahoo.co.jp/articles/31719fea137c38a191b529c0cb59af04e7fe78ac,8/5(月) 23:05
dal,デイリースポーツ,誹謗中傷による選手からの相談は十数件「大会に入ってからの方が数が多い」と日本選手団・土肥副団長　尾縣団長「今後も厳正に対応」,https://news.yahoo.co.jp/articles/9372e407ccab6c0c181446efde968a72b5c27a6d,8/5(月) 23:02
dal,デイリースポーツ,バレー男子　涙のブラン監督は退任「監督として最後、寂しい」「いいチームで誇りに思う」号泣の通訳を抱擁,https://news.yahoo.co.jp/articles/df77b6cd3be39d49582d31a881453e69bec22a83,8/5(月) 23:01
dal,デイリースポーツ,涙の８強敗退のバレー男子日本　選手が躍進支えたブラン監督を３度胴上げ　今大会後に退任、恩師と惜別,https://news.yahoo.co.jp/articles/676b52a3f499bd473284f08534c810a32a3a98eb,8/5(月) 22:53
dal,デイリースポーツ,バレー男子　歓喜のイタリア選手は悔し涙の高橋藍、石川祐希を熱く抱擁　ネット越え足運ぶ　同一リーグでプレー,https://news.yahoo.co.jp/articles/8a48f86ad42725348d440ce7bcdf800bde71529c,8/5(月) 22:46
dal,デイリースポーツ,無念の男子バレー　解説の福澤達哉さんが男泣き「間違いなくメダルが取れるチームでした。全員が輝いてました…」,https://news.yahoo.co.jp/articles/8af4cfe327579e0f618ce7d40474aad7fa8c32ed,8/5(月) 22:46
dal,デイリースポーツ,石川祐希、高橋藍が涙　バレー男子、４８年ぶり４強逃す　イタリアに痛恨大逆転負け　ストレート勝ち目前、マッチＰ握るも逃し暗転　あと１点遠く…,https://news.yahoo.co.jp/articles/28942cf1c8866e20372e5998dc0898831346dd45,8/5(月) 22:41
dal,デイリースポーツ,Ｋｏｋｉ，　理想の女性像は「マミー」「家族の為をいつも思っていて格好良い女性」と絶賛,https://news.yahoo.co.jp/articles/b9eee5ab58973475fb488ecb8779cc5caba8e439,8/5(月) 22:39
dal,デイリースポーツ,なでしこＪ　ＤＦ北川が大会直前の故障を振り返って涙「ここでケガするのかよと思って落ち込んだ」,https://news.yahoo.co.jp/articles/a61b6f1293b5ff4485740e22bec7a910f94afdb9,8/5(月) 22:23
dal,デイリースポーツ,フワちゃんラジオ休止処分、ニッポン放送「不適切と判断」　やす子への問題投稿で炎上「心から後悔」と謝罪,https://news.yahoo.co.jp/articles/af46e8f1617885a5ff39d60ee9aa1d82d92c7a78,8/5(月) 22:21
dal,デイリースポーツ,バレー男子日本　４強かけたイタリア戦は死闘　２－２に　執念で２４－２４に追いつくも競り負ける,https://news.yahoo.co.jp/articles/3498701e78ec936215f9afbf734c07e209190903,8/5(月) 22:16
dal,デイリースポーツ,なでしこＪの１９歳ＭＦ谷川　ブラジル戦で劇的弾の大反響に「一発でこんなにも変わるんだ」も体調不良での米国戦欠場を悔やむ,https://news.yahoo.co.jp/articles/740a38391b45733a41c4ed59c25f090dcbc0c5f6,8/5(月) 22:13
dal,デイリースポーツ,「全然歳をとらない」「目が覚めた」三田寛子５８歳　どアップ自撮りが衝撃！シワなし美肌ツルッツル,https://news.yahoo.co.jp/articles/83b8231aa5e020b6dd54e5f98ff3cdcf83886361,8/5(月) 22:03
dal,デイリースポーツ,３つ目金メダルの体操・岡「奇跡ですね」も「ミスなくやりきれた」　帰国後にやりたいことは「ドライブしたいっす。あとおいしいものを食べたい」,https://news.yahoo.co.jp/articles/669a2efd461d4472a387325383e1000512b7f505,8/5(月) 22:00
dal,デイリースポーツ,バレー男子日本　２４－２１でマッチポイント握るも…第３セットはイタリアに逆転で奪われる　２－１に　４８年ぶり４強王手も,https://news.yahoo.co.jp/articles/e76c44612c67356f7500adbf05c55392960bf699,8/5(月) 21:40
dal,デイリースポーツ,「美人すぎて二度見したｗ」体操女子平均台、イタリア２１歳女王にネット衝撃　お団子髪の最強美貌「美しすぎる」「ＡＩかと」「瞳やばい」,https://news.yahoo.co.jp/articles/f7c5a277d807322959da0803e6eaac94523ac14d,8/5(月) 21:28
dal,デイリースポーツ,「奇跡」の戴冠　岡慎之助が鉄棒で金メダル！体操ニッポン５２年ぶりの３冠、４０年ぶりのメダル４つの記録ずくめ「ミスなくやりきれたのが金に繋がった」,https://news.yahoo.co.jp/articles/e3a5aa63cf9c0d237ad79e2ce8f04aba5037963a,8/5(月) 21:24
dal,デイリースポーツ,バスケ男子のホーバス監督　続投への意欲は「やりたい気持ちはすごくある」も「ちょっとゆっくりして、いろいろ考えて」,https://news.yahoo.co.jp/articles/e1f4193e5b0bcb6701546333a03b9256b29b3139,8/5(月) 21:13
dal,デイリースポーツ,【男子バレー】西田有志の妻、古賀紗理那　日の丸振って応援　左手薬指に結婚指輪　代表メンバーと,https://news.yahoo.co.jp/articles/23a6c35f04fc9003af67c8f88223a3fee0530aa5,8/5(月) 21:00
dal,デイリースポーツ,バレー男子日本が２セット連取で４８年ぶり４強入り王手　世界２位イタリアを終盤逆転　山本スーパーレシーブ→石川スパイクさく裂,https://news.yahoo.co.jp/articles/76d53876d49a8fc3235c9d3fffe597cb767b23d1,8/5(月) 20:59
dal,デイリースポーツ,気迫あふれる西田有志が感情むき出し顔連発　柳田将洋が思わず「西田くん変顔しすぎていっつもカメラに抜かれてる」,https://news.yahoo.co.jp/articles/8bc8e169ebe118b29360c471be473e34e0a219ed,8/5(月) 20:46
dal,デイリースポーツ,男子バレーでヒヤリ　２０７ｃｍ伊選手の強烈なスパイクが関田の顔面直撃　解説者「１２０キロは出てる」　コート叩き悶絶も続行　会場拍手、直後に超絶トス,https://news.yahoo.co.jp/articles/62211ad2a511b639c5e13436751d772c97b84f6e,8/5(月) 20:38
dal,デイリースポーツ,男子バレー　日本ベンチに３１歳で急逝の藤井直伸さんの写真「この舞台に立ちたかったと思う。思いを背負って」と解説・福澤氏,https://news.yahoo.co.jp/articles/41f320ed0f08146d731c9ea25f8e63825a63feb7,8/5(月) 20:33
dal,デイリースポーツ,バレー男子日本　世界２位イタリアから第１セット先取！１次Ｌ不振の石川祐希が気迫のスパイク連発　勝てば５２年ぶりメダル王手の準々決勝,https://news.yahoo.co.jp/articles/63d89742f0c7d38b53c3dc4776a2f3a24109be83,8/5(月) 20:27
dal,デイリースポーツ,炎上のフワちゃん　不適切投稿で即日ラジオ休止処分　「心から後悔しています」と謝罪　やす子への問題投稿が波紋,https://news.yahoo.co.jp/articles/80685cbbe05246d8c73eb3bf4217d63e1282cb7b,8/5(月) 20:26
dal,デイリースポーツ,馬瓜エブリン「いろーーーんな意見があるとは思いますが！」敗退後初投稿「このチーム　心から誇り」,https://news.yahoo.co.jp/articles/0d98fcd939fad7f068d725eb40cefd21fbcbad20,8/5(月) 19:48
dal,デイリースポーツ,石川佳純さん　早田ひなの準決敗戦見て左腕異変を察知「本人が言うまで私は聞かない」→銅メダルに歓喜、抱きしめる「ここまでのけがは」,https://news.yahoo.co.jp/articles/e830a056f4c8c48320a392706ce054db0dbf7591,8/5(月) 19:46
dal,デイリースポーツ,ふわふわクライマー・安楽宙斗がボルダー予選で首位　五輪初出場の１８歳が第２課題の「一撃」含むただ一人の２完登,https://news.yahoo.co.jp/articles/d86c5abcb62ebce9faad875b5d0c22062acd0952,8/5(月) 19:29
dal,デイリースポーツ,阿部詩に野獣・松本薫さんがかけた言葉に水卜麻美アナ「胸がいっぱい」「涙が…」一二三も一気に笑顔に,https://news.yahoo.co.jp/articles/b6f043eefd5d0773b6afdf25e4bb11ffe25d1268,8/5(月) 19:28
dal,デイリースポーツ,岡慎之助が今大会３つ目のメダル！種目別平行棒で１５・３００点の会心演技　日本勢同種目２０年ぶり快挙　０４年アテネ五輪の冨田洋之以来,https://news.yahoo.co.jp/articles/a2940e5c010ac6b0f6143d9dfec5b213ac482a5b,8/5(月) 19:22
dal,デイリースポーツ,圧巻五輪デビューの張本美和　勝利後の反応薄かった理由明かす「ああって思いながら。今リアクションしたら遅いかなと」,https://news.yahoo.co.jp/articles/9d647d34f50e6359e733c96abc8ef10090dd88d0,8/5(月) 19:13
dal,デイリースポーツ,「かわええ！」スケボ金の吉沢恋　決勝で流行らせ損ねた「ビッグキュン」ポーズ話題　親指でハート「流行らせよう！」,https://news.yahoo.co.jp/articles/b9ac81dd2af67b825bf75a3f43f4502397758082,8/5(月) 19:04
dal,デイリースポーツ,楢崎智亜は第４課題でこの日初めての完登　合計５４・４点で２位発進「最後決められたのでぎりぎりつながったかな」,https://news.yahoo.co.jp/articles/7b6f43ee4e00191822d8a9aafa84e8e1aca2bee1,8/5(月) 19:02
dal,デイリースポーツ,吉幾三「漫才協会に入りました」突然の告白に笑福亭鶴瓶「アカンがな」,https://news.yahoo.co.jp/articles/4fa89eb6b4a96223370f4a4e116e633e09d23506,8/5(月) 18:59
dal,デイリースポーツ,衝撃の活躍で悲願金フルーレに導いた補欠剣士、お祝いメッセージを返信→３時半まで寝られず　反響の大きさに「ビビってます」,https://news.yahoo.co.jp/articles/e8edc90f1f84bd7251be02ebdc4f3cf60917391f,8/5(月) 18:55
dal,デイリースポーツ,左腕満身創痍の早田ひな「最悪状態からは回復」も「１００％出せない」悲願団体金へ悲壮覚悟「２人に頼る部分多いかも」も「負担にならないように」,https://news.yahoo.co.jp/articles/81e5ea8b95819df9276191183461fe10a2d144aa,8/5(月) 18:51
dal,デイリースポーツ,ふわふわクライマーの安楽宙斗が首位、第２課題の一撃など２完登　楢崎智亜が２位と日本勢ワンツーでリードへ,https://news.yahoo.co.jp/articles/59b2db8af91bd8099561f9e99cb915f49f8e345e,8/5(月) 18:49
dal,デイリースポーツ,巨人・山崎伊「負けられない」　勝負の９連戦で広島、阪神に登板「優勝するには上のチームを倒さないと」,https://news.yahoo.co.jp/articles/32d09168a6822ab9d0c86d01f196330f3429a7ba,8/5(月) 18:49
dal,デイリースポーツ,えっ男子バレー決勝Ｔなのに？！川合俊一会長帰国「パスなかった」　ネット「どういうこと？」「なんで帰ってきたｗ」,https://news.yahoo.co.jp/articles/fd5263bfbf1f4b5d0926d1dcb90086b1155f5521,8/5(月) 18:44
dal,デイリースポーツ,卓球女子団体　日本が３－０快勝で８強入り　１６歳張本美和が圧巻五輪デビュー　左腕満身創痍の早田はダブルスのみ出場、負担最小限で準々決勝へ,https://news.yahoo.co.jp/articles/8fe9f552775effdf0992e8976e7a8392b567bff1,8/5(月) 18:31
dal,デイリースポーツ,粗品　２７時間ＴＶ乱闘のさんまに麻雀誘われる　母親は先輩への暴言芸に「ほどほどにね」,https://news.yahoo.co.jp/articles/196a02a3d1a3f171855c4b188c092cc7904c5d2e,8/5(月) 18:30
dal,デイリースポーツ,日本ハム・杉浦のあさ美夫人が第４子となる次女を出産　母子ともに健康　杉浦「元気な赤ちゃんを産んでくれた妻に本当に感謝したい」,https://news.yahoo.co.jp/articles/42790d2892689355b4ba884cd02f376a990b55cf,8/5(月) 18:11
dal,デイリースポーツ,１６歳の張本美和が圧巻五輪デビュー　ポーランド選手に３－０完勝　女子団体１回戦,https://news.yahoo.co.jp/articles/8e0058e81c0f2963d5918c747f77446f989cebf1,8/5(月) 18:08
dal,デイリースポーツ,父の母国で悲壮なレース　豊田兼が足を引きずって完走「本当に厳しい１カ月だった。走りきるのを目標に」大会前に故障再発,https://news.yahoo.co.jp/articles/1c6f06311f8b6b1382ad0262e84d2505811517b9,8/5(月) 18:07
dal,デイリースポーツ,【オート】鈴木清が地元の川口で落車負傷から３カ月半ぶりに復帰　７着もタイム点で準々決勝に進出,https://news.yahoo.co.jp/articles/686282d7d156aad14a9cf465cd2ee41104da406e,8/5(月) 17:59
dal,デイリースポーツ,吉沢恋に坂上忍がＴＶ直撃　狙いすぎ説の「金メダルに恋した１４歳」実況「どんな気分？」　吉沢笑い、受け答えにネット驚き,https://news.yahoo.co.jp/articles/d1d8274e92ae1d2afef6b2547f055141011e6351,8/5(月) 17:57
dal,デイリースポーツ,悲壮　豊田兼が足をひきずって完走「集大成を見せたかった。走りきるのを目標に」５３秒６２で５組６着　陸上男子４００ｍ障害予選,https://news.yahoo.co.jp/articles/602bb102babd562b1578750c85414f480bb833bf,8/5(月) 17:43
dal,デイリースポーツ,モデル級の女子テニス選手がナイトプール　ＳＮＳ騒然「写真集出すべき」「浮き輪になりたい」「アイドル超えてる」,https://news.yahoo.co.jp/articles/64577e5ab7977a3385f5f5e4a2ec2ba0cb43ca96,8/5(月) 17:34
dal,デイリースポーツ,敗退で引退の古賀紗理那　親友に「ありがとう」終戦後初投稿　ファン「涙止まらない」「いつまでも大好き」感謝と惜しむ声やまず,https://news.yahoo.co.jp/articles/ae7921c91cc87807ea17940ccdd0578f550a0253,8/5(月) 17:34
dal,デイリースポーツ,男子４００ｍ　日本記録保持者・佐藤拳太郎ら３選手が敗者復活欠場　メダル期待のリレー集中　陸連発表「連盟として判断」競歩に続き異例の個人欠場,https://news.yahoo.co.jp/articles/6a89ba66ef9027bbb320794965f4d0e795595d59,8/5(月) 17:18
dal,デイリースポーツ,Ｓｎｏｗ　Ｍａｎ渡辺翔太「しょうがないね、みんな」イベント登場にファン大熱狂　水を飲む、汗を拭くだけで「キャー」,https://news.yahoo.co.jp/articles/7ef95617ab68b7ee65b902e78412fe066cda2f47,8/5(月) 17:03
dal,デイリースポーツ,「女子アナかと」美貌も話題の元バレー代表　女子敗退の原因、今年の「ネーションズリーグ」開幕１カ月前,https://news.yahoo.co.jp/articles/06192a877fe46606a50660d92d22209ebafeff86,8/5(月) 17:01
dal,デイリースポーツ,「バケモノ」「格好良すぎ」浜口京子パリ五輪に「触発」→ハード筋トレ隆々筋肉に驚き「一番仕上がっている」,https://news.yahoo.co.jp/articles/0096260fa98d9225d846b9e2f3f989ba537ca7cc,8/5(月) 17:00
dal,デイリースポーツ,歌手・入山アキ子が和歌山市観光発信人に任命　ご当地ソングリリース１０周年のタイミングで,https://news.yahoo.co.jp/articles/caf32135770e2cdd53f6bf04ba6a3b6f14089cce,8/5(月) 16:48
dal,デイリースポーツ,エルムＳ２着のドゥラエレーデが中１週で札幌記念に電撃参戦　藤岡佑と新コンビ,https://news.yahoo.co.jp/articles/e2d449f7fa90900f309c3ac80ce62b60cf9eac57,8/5(月) 16:46
dal,デイリースポーツ,「ゴゴスマ」にＡＩアナ登場？夏休み助っ人登場の熊本放送アナ「見た目がＡＩと言われます」,https://news.yahoo.co.jp/articles/2f921b8120a33b3415253c23b74ade5ff36531cf,8/5(月) 16:38
dal,デイリースポーツ,【朝原宣治氏の視点】サニブラウンは素晴らしいレース　決勝で勝負するためには自己ベスト９秒８台が必要,https://news.yahoo.co.jp/articles/74f3f44955f4bd1dead12c86aed48decceb41f42,8/5(月) 16:29
dal,デイリースポーツ,【地方競馬】兵庫県競馬“再デビュー”の小牧太騎手が来社　１４日から園田競馬「お盆シリーズ」,https://news.yahoo.co.jp/articles/adcead75cc3372decfce571bf99466ef4d9133fe,8/5(月) 16:15
dal,デイリースポーツ,各界の著名人からもねぎらい　競泳最年長の鈴木聡美「メンバー皆が１００％以上の力を出し切った」と最終レース後にＸで報告,https://news.yahoo.co.jp/articles/e76cc15a4c3cf094917034bf674c72012b08b27a,8/5(月) 16:05
dal,デイリースポーツ,梅沢富美男　柔道団体で「タックル禁止では？」専門家に質問も「あれはタックルじゃない」でシュン,https://news.yahoo.co.jp/articles/34efc3fd37d3c71946185d554830f44d303fa2ac,8/5(月) 15:44
dal,デイリースポーツ,「ブラックペアン２」恵俊彰が極悪のクズ怪演爆発「負け犬、わん！わおーん！」→「ひるおび」夏休み、　ネット「悪い奴だな～」「ドラマ疲れｗ」,https://news.yahoo.co.jp/articles/2ec198f90f198f356ab900f5c9ab9ad01a680454,8/5(月) 15:40
dal,デイリースポーツ,「何この神企画」シダマツペアの「モーニングコール」にファン歓喜「毎朝これがエエ」,https://news.yahoo.co.jp/articles/773dee34adacff9992f2da8edb092713fcdd62c1,8/5(月) 15:33
dal,デイリースポーツ,米倉涼子４９歳誕生日報告ショットにＳＮＳ衝撃「嘘でしょ」「まだ３８歳くらいかと」「全く見えません」,https://news.yahoo.co.jp/articles/2cc35372aa5f9b380717616ea6e2d305a9510917,8/5(月) 15:26
dal,デイリースポーツ,表彰台へ大一番のバレー男子　石川祐希「耐えて我慢強く、絶対に勝ち切る」指揮官は不調石川に期待「いいプレーを」,https://news.yahoo.co.jp/articles/63996cdc20abc48bbdeadc94bab17c0a86c24ae9,8/5(月) 15:05
dal,デイリースポーツ,身長１７０センチ超え　松下奈緒のド迫力土下座が美し過ぎる　額がほぼ床【スカイキャッスル】,https://news.yahoo.co.jp/articles/55afccdf65e23bbde2e86ade1e96006857bb896d,8/5(月) 14:59
dal,デイリースポーツ,「光る君へ」次回ついに「いづれの御時にか」→【御時】の読み「（おんとき）じゃないの？」「おんときって読んでた」　１１日は五輪でお休み,https://news.yahoo.co.jp/articles/64f026d83194debaf73018010651d9d0ef7f668e,8/5(月) 14:56
dal,デイリースポーツ,河合優実だけじゃない、二人の“ふてほど”演技派女優　ＣＭや「新宿野戦病院」で輝く【山田美保子コラム】,https://news.yahoo.co.jp/articles/106a293b7a4b30d1ece6bc4d4b41b0cbb4404a7d,8/5(月) 14:22
dal,デイリースポーツ,【５日の見どころ】レスリングやスポクラなど後半種目がスタート！男子バレーは準々決勝へ　卓球団体初戦も,https://news.yahoo.co.jp/articles/e313b38d1f8019b2c24741e3e504bd60268ccbe7,8/5(月) 14:11
dal,デイリースポーツ,恵俊彰　健康寿命とされる72歳で免許返納の意向「母に頼まれて父を説得したことがあって」,https://news.yahoo.co.jp/articles/12f2e1544540ad01a8562c730dcd349afe0dc433,8/5(月) 14:00
dal,デイリースポーツ,日１０「降り積もれ」一瞬映った端役女性が２時間サスペンス女王　出演者表記に騒然　伏線？重要人物か「えっ」「どこに出てた？」「録画で確認」,https://news.yahoo.co.jp/articles/1a5b6f14a1e838568a36a8044d1783cbb2d1a9c2,8/5(月) 13:43
dal,デイリースポーツ,お笑いコンビ・ダニエルズ解散「コンビとして限界を感じた」９月２日のライブで幕　望月は芸人引退,https://news.yahoo.co.jp/articles/baee65d0cb7e3a503ab4f210c60d0e168f3c0b9d,8/5(月) 13:38
dal,デイリースポーツ,坂下千里子、五輪ハイライトに泣きっぱなし　選手の敗戦の弁には「はぁ…苦しい」,https://news.yahoo.co.jp/articles/a2a54ddd6030d562aae451ac40e507d6baa9a603,8/5(月) 13:36
dal,デイリースポーツ,沢村玲「睡眠時間は３時間とか」野球観戦、格闘技観戦、激辛グルメなど熱弁「趣味が多すぎて」,https://news.yahoo.co.jp/articles/df3c1beb9a9e03425d7e423501e52421b4569fa9,8/5(月) 13:30
dal,デイリースポーツ,奥野壮「一緒に住んでいるのでお兄ちゃんの顔で練習」ＢＬドラマの美容部員役でメーク挑戦,https://news.yahoo.co.jp/articles/7c60a97442bbbd2a59b8f2f67a5b074210652698,8/5(月) 13:28
dal,デイリースポーツ,小島よしお　０歳息子が芸人になるといったら海パン譲る,https://news.yahoo.co.jp/articles/5d692ab220e1a9d43443e157122778ef8154f82f,8/5(月) 13:12
dal,デイリースポーツ,メダル１個惨敗の競泳ニッポン　メダリストＯＢが警鐘「重い結果」「強化体制を変えていかないと」,https://news.yahoo.co.jp/articles/fb5188f6b7e81bd46c6712a511a94197847bde27,8/5(月) 13:11
dal,デイリースポーツ,粗品、早くも動画で「お前は偉くないので、予選敗退でーす！」　ネット仰天「鮮度がすごい」,https://news.yahoo.co.jp/articles/0f907c31b1dbf9858ab6efcd02dd6e0aff8ada56,8/5(月) 12:51
dal,デイリースポーツ,片岡孝太郎、坂東彦三郎、坂東亀蔵「夏祭浪花鑑」でそれぞれ初役　彦三郎「すごくワクワク」,https://news.yahoo.co.jp/articles/a927fc6210a1ad3a95ed95aa6b2cecb78ff9dd8c,8/5(月) 12:33
dal,デイリースポーツ,作家の大崎善生さん死去　６６歳　「聖の青春」「将棋の子」など,https://news.yahoo.co.jp/articles/3ed69bc79101892d6d75b2bbd39b60f3ce4a8114,8/5(月) 12:27
dal,デイリースポーツ,今田耕司、阿部詩号泣に「こっちは一生懸命」とぶ然も　笠松将冷静ツッコミ「こっち？」,https://news.yahoo.co.jp/articles/a8e97eb44faf0fc354da3ef6a583f3d95379d7f9,8/5(月) 12:16
dal,デイリースポーツ,【柴田亜衣氏の解説】銀１つの競泳陣、メダルの数より懸念は自己ベスト出た選手の少なさ　原因分析が重要,https://news.yahoo.co.jp/articles/adba3e1347f0edeb19e9e727f772309bb8a73509,8/5(月) 12:15
dal,デイリースポーツ,フェンシング　金メダルへ大貢献！リザーブ永野の衝撃事実「選手村にも入れない」に驚きの声続々,https://news.yahoo.co.jp/articles/e1cbf0bddfe5d6fd830fcbd296cd393bb3703c6c,8/5(月) 12:11
dal,デイリースポーツ,前川＆渡辺の応援歌完成　前川これからも結果残せるように」渡辺「応援歌作ってもらうの夢だった」,https://news.yahoo.co.jp/articles/27bcaaadc9a3fbf46b644c98f4daa6b14237013d,8/5(月) 12:00
dal,デイリースポーツ,松重豊、太らない驚きの秘けつを告白　「孤独のグルメ」で１０年食べ続けるも,https://news.yahoo.co.jp/articles/81408e7a88bc92d3417283294f15fa150fa2a5b2,8/5(月) 11:51
dal,デイリースポーツ,阪神・才木　１０勝目へ「普通に頑張ります」６日ヤクルト戦へ調整　勝てば神宮で先発初勝利,https://news.yahoo.co.jp/articles/d541d42b19e11e3cc5ad05b4cb86c951c1e3e645,8/5(月) 11:46
dal,デイリースポーツ,五輪バド　ワタガシペアのほっこりインタビューに「可愛すぎやしませんか笑」東野「小顔だし」→渡辺「そんなことないっす！」,https://news.yahoo.co.jp/articles/b916b0439bfa57d9ff9e9900645b042799177e89,8/5(月) 11:35
dal,デイリースポーツ,全敗終戦のバスケ女子　３点シュートはなぜ外れたのか　東京五輪後に誓ったステップアップ「判断」の難しさ,https://news.yahoo.co.jp/articles/444bb98ce51ac8e5f7a9a4d4fdf4af6e59188056,8/5(月) 11:31
dal,デイリースポーツ,パチスロファンの岡野陽一、柔道団体のルーレットに注文「背景雲が流れたら復活とか」,https://news.yahoo.co.jp/articles/c17351a2834469d44c83229b40ac6c9579fda493,8/5(月) 11:20
dal,デイリースポーツ,川合俊一氏、パリ五輪視察中に日本の株価が急下落で動揺「２２００円落ちた時はええ？って」,https://news.yahoo.co.jp/articles/d3f1023ed7fc30a972a77f43584ef8f753de8093,8/5(月) 10:53
dal,デイリースポーツ,桂米丸さん死去　９９歳　老衰で　お茶の間でも人気「お笑いスター誕生」審査員長など,https://news.yahoo.co.jp/articles/7d1e6cdf0adf497a35db8bd539a596a02053f32f,8/5(月) 10:39
dal,デイリースポーツ,バレーボール協会の川合俊一会長、パリ五輪もパスなし「普通にチケット買って」観戦,https://news.yahoo.co.jp/articles/96b0199d835caacdc7c4d2a3fd8ab948d2f2edca,8/5(月) 10:24
dal,デイリースポーツ,ディアマンテジムがスパーリングイベント開催　野上奈々会長「将来大きな舞台で活躍してくれる選手が出てくれるとうれしい」,https://news.yahoo.co.jp/articles/2471bdf7e5c2040066bbee39109d261ef18e9b25,8/5(月) 10:17
dal,デイリースポーツ,「虎に翼」女帝・美佐江、動き出す　まさかの売春に関与か？ネットも俄然注目【ネタバレ】,https://news.yahoo.co.jp/articles/fa907c51eb2c616ee32e5e17e2dff62ddf33baa2,8/5(月) 10:07
dal,デイリースポーツ,山内鈴蘭　見たい！山下美夢有＆笹生優花のワンツー笑顔　ベストスコア７２のゴルフ通,https://news.yahoo.co.jp/articles/2dd906929707d86dad51e2f46000a119667db4c8,8/5(月) 10:00
dal,デイリースポーツ,フワちゃん「言っちゃいけないこと言って」謝罪投稿がコメント１・２万件の大波紋,https://news.yahoo.co.jp/articles/4b52fa16bf27b0a0d7ec4c9a820bc970108f0285,8/5(月) 9:22
dal,デイリースポーツ,６連勝で首位堅持の広島　安仁屋宗八氏「今年は夏バテしない」と太鼓判　失速した昨年との違いを解説,https://news.yahoo.co.jp/articles/8c3f84d03f244c9d3132be66cef08c9b203a36cf,8/5(月) 9:00
dal,デイリースポーツ,広島・中村貴　プロ初Ｖ撃は根尾を強襲「向こうはスター」　同世代２０００年生まれ,https://news.yahoo.co.jp/articles/1e2ce2533984a4a3b63e13a7faa841ccbba46b31,8/5(月) 8:00
dal,デイリースポーツ,大谷翔平、3戦ぶり無安打　ボール球にバット止まらず2三振　思い出の地で有終の美飾れず　チームは逃げ切り連勝,https://news.yahoo.co.jp/articles/974d3b933ac53ec40a9efdf94c46fdc021d68e01,8/5(月) 7:34
dal,デイリースポーツ,相葉雅紀　アニメ映画声優に初挑戦「幅広い世代に愛されている作品－とても嬉しい」大塚明夫と共演,https://news.yahoo.co.jp/articles/917647e376407be51a9a3408d4ed7054f61acf1a,8/5(月) 7:00
dal,デイリースポーツ,フルーレ団体が悲願の金　「エペジーーン」で影薄れた看板種目　主将松山が涙浮かべ吐露「嫉妬あった」重圧乗り越え掴んだ頂点,https://news.yahoo.co.jp/articles/b7d27c9dc4c8bb82179c321cbdd3f253c831d708,8/5(月) 6:32
dal,デイリースポーツ,メダルラッシュ締めのフェンシング　太田雄貴氏胸張る「柔道やレスリングのような基幹競技を目指していた」フルーレ団体金で計５個に,https://news.yahoo.co.jp/articles/9da42794623067aa9c0512227be97fc058de76fa,8/5(月) 6:20
dal,デイリースポーツ,伏兵が衝撃の活躍　悲願金フルーレ　選手村に入れずの補欠剣士が快挙呼ぶ５連続得点　まさかの出番「勘弁して」も完璧内容に「え？いいの？」,https://news.yahoo.co.jp/articles/7c8a43d316d045693ec14aa501f80487a4b3c50d,8/5(月) 6:01
dal,デイリースポーツ,広島・新井監督　初回５得点に「貴浩もよく打ったよね」「複合的に考えて若手主体にいきました」一問一答,https://news.yahoo.co.jp/articles/ba81ce7daf0234d760960dbd5decb8339c1ddba4,8/5(月) 6:00
dal,デイリースポーツ,広島・小園　同世代の根尾撃ちマルチ　２年ぶりシーズン１００安打　今季最長６連勝けん引「どんどん打って勝つ」,https://news.yahoo.co.jp/articles/4427d3675afadbc9faa3cb999fbe9ccc3fb01bad,8/5(月) 6:00
dal,デイリースポーツ,松山英樹　２８年ロス五輪はなじみ深いリビエラＣＣ　２月のジェネシス招待で逆転Ｖ　復活のきっかけを掴んだ舞台で実績十分,https://news.yahoo.co.jp/articles/f89d508a3312fe708265ae9f75705223c335c175,8/5(月) 6:00
dal,デイリースポーツ,【小倉記念】ディープモンスター好機　ＯＰ３勝馬が重賞初Ｖへ,https://news.yahoo.co.jp/articles/78cc0a221f99ce4721dacb10847a826bb389a7ee,8/5(月) 6:00
dal,デイリースポーツ,【新馬戦】アルマヴェローチェ　スイスイ逃走　横山武は将来性を評価「これからの馬」,https://news.yahoo.co.jp/articles/d7bdc6d9978ae509ea4cc138bc6cadf0e89542e3,8/5(月) 6:00
dal,デイリースポーツ,【レパードＳ】ミッキーファイト　完勝　重賞初制覇　戸崎圭「負けられない一戦だと思っていた」,https://news.yahoo.co.jp/articles/a85e0c2fab417ad41570c12c412747eaea3c3b44,8/5(月) 6:00
dal,デイリースポーツ,【ダリア賞】プリティディーヴァ　新馬戦から２連勝　ルメール高評価「能力ある」,https://news.yahoo.co.jp/articles/beab53149190ef42904294d2c84feb6b53cc2c13,8/5(月) 6:00
dal,デイリースポーツ,【新馬戦】ダンツエラン　番手抜け出し　団野は会心の勝利に「楽しみな馬」,https://news.yahoo.co.jp/articles/9c41490eb6e77e6eddd21f1da8e40bafda9d8bb5,8/5(月) 6:00
dal,デイリースポーツ,【新馬戦】ジェゼロ　良血が初陣Ｖ　川田「コントロール性と動きも高めたい」,https://news.yahoo.co.jp/articles/70bb13bd4ff05ce8bb4c459a80092562461d06ff,8/5(月) 6:00
dal,デイリースポーツ,【関屋記念】プレサージュリフト　久々重賞Ｖ狙う　太田助手「脚をためて競馬ができれば」,https://news.yahoo.co.jp/articles/86809701ef5605efbcee4631a4be92033d6f496a,8/5(月) 6:00
dal,デイリースポーツ,【エルムＳ】ペイシャエス　北で復活　１年８カ月ぶり重賞３勝目　充実５歳暮れの大一番へ賞金加算,https://news.yahoo.co.jp/articles/30258d81c4ced5022a2bb8a648653c9dfaf2e99c,8/5(月) 6:00
dal,デイリースポーツ,人類最速のオタク爆誕！１００ｍ制したライルズは大の日本アニメ好き　星条旗まとい、かめはめ波で歓喜　陸上大国・米国に２０年ぶり金メダルもたらす,https://news.yahoo.co.jp/articles/16fccc779711c9b22fb407fe7d773974fc6a91cd,8/5(月) 5:42
dal,デイリースポーツ,人類最速はノア・ライルズ！自己新９秒７９で五輪初金メダル　空前の大混戦で２位と０秒００５差　米国勢２０年ぶりの頂点,https://news.yahoo.co.jp/articles/23cbf9852f5b71637417751427382d1861426157,8/5(月) 5:02
dal,デイリースポーツ,楽天・黒川　３安打４打点で大勝劇に貢献「結果を出そうという気持ちだった」,https://news.yahoo.co.jp/articles/0c93c8c360bf7e8d40c0608ef9cbb8ed05274c09,8/5(月) 5:01
dal,デイリースポーツ,オリックス今季１６度目の完封負け　ロッテ・種市に苦戦　中嶋監督「向こうが上だったということ」,https://news.yahoo.co.jp/articles/497db2e85960959a659a512782c4cc6cc26b6863,8/5(月) 5:01
dal,デイリースポーツ,ヤクルト・石川　２３年連続安打達成　自身の投手プロ１年目からの記録更新,https://news.yahoo.co.jp/articles/0cd50ebae5ca0102553f74926342cdb0ec09203f,8/5(月) 5:01
dal,デイリースポーツ,巨人・菅野　７回１失点の粘投　リーグトップタイ１０勝目「野球人生を懸けて臨んでいる」,https://news.yahoo.co.jp/articles/e9b75280a4113c678894bdd32e8c5efec9a67bd8,8/5(月) 5:01
dal,デイリースポーツ,巨人連勝！大城卓のＶ二塁打「打点にこだわってやっていきたい」　阿部監督も称賛「外せない５番」,https://news.yahoo.co.jp/articles/4963f4289239280e5899a0fc00323760361f06d4,8/5(月) 5:01
dal,デイリースポーツ,阪神・青柳　１軍準備ＯＫ　８安打浴びるも６回１失点「自分なりにいい投球ができた」,https://news.yahoo.co.jp/articles/73b0dc7ac4c91b51126e3e7372766412597a9200,8/5(月) 5:01
dal,デイリースポーツ,阪神・西勇　真骨頂の０封！ベイ打線相手に５回無失点　球数費やしても想定通り５勝目「みんなの守備が良かったね」,https://news.yahoo.co.jp/articles/89fad8e8ba90f57188457733e2b40165ece97045,8/5(月) 5:01
dal,デイリースポーツ,阪神・森下　藤村＆掛布越え！１０戦連続打点で球団単独２位に　ＮＰＢ記録バースまで３試合,https://news.yahoo.co.jp/articles/9d936788ef868c283867d4eca5df0b71fae34fe8,8/5(月) 5:01
dal,デイリースポーツ,日本ハム・宮西　前人未踏の通算４００ホールド達成「呪縛から解放された」　新庄監督「すごすぎてピンとこない」,https://news.yahoo.co.jp/articles/d8ea94cb07498d3fe567330d9adccba4eb56042e,8/5(月) 5:01
dal,デイリースポーツ,阪神・西勇　大きかった四回の無失点　５回１０１球は慎重に攻めた結果　井川慶氏が称賛,https://news.yahoo.co.jp/articles/3aae2e3c1fef7a6e812a7ef84541eac187c3cb97,8/5(月) 5:01
dal,デイリースポーツ,ＤｅＮＡ連勝ならず　完敗自力優勝も消滅　三浦監督「終わりじゃないんで。まだ試合はありますから」,https://news.yahoo.co.jp/articles/c189dffad591401018d56d9f96a588b4e03fb3c2,8/5(月) 5:01
dal,デイリースポーツ,阪神・佐藤輝　２戦連発８号３ラン！自己最長更新１３戦連続Ｈ＆７戦連続マルチ「最高の当たりでした」,https://news.yahoo.co.jp/articles/e0c35e34260b6010eb674ff47f11fa2523aeef8d,8/5(月) 5:01
dal,デイリースポーツ,阪神・近本　球団単独２位６年連続１００安打！「また来年も打てるように」,https://news.yahoo.co.jp/articles/9c80cd5e02adf244ddb267180511c3f88381d6bd,8/5(月) 5:01
dal,デイリースポーツ,阪神・佐藤輝８号３ランを岡田監督が評価「楽に打ってるよな、全然力まんとな」【一問一答】,https://news.yahoo.co.jp/articles/42159c7eae5c2334c0898c0b18f35e4962986791,8/5(月) 5:01
dal,デイリースポーツ,ＴＨＥ　ＲＡＭＰＡＧＥ・武知海青　競泳・白井璃緒は元ライバル？小学生時の「競い合い」告白,https://news.yahoo.co.jp/articles/75d3a5a829aa311d110b16617d8834e1be49f497,8/5(月) 5:00
dal,デイリースポーツ,ハラミちゃん「夢見心地」の５周年　小林幸子ら２日間で計１０組のアーティストとコラボ,https://news.yahoo.co.jp/articles/60323a5cfa16bc5083d709810a7c505e3ca3fbbd,8/5(月) 5:00
dal,デイリースポーツ,真楪伶　全編バリで撮影の１ｓｔ写真集　自己採点「５００点」台湾出身の元ＡＫＢ,https://news.yahoo.co.jp/articles/59b00a213b7f9462da087265691f934580e6218f,8/5(月) 5:00
dal,デイリースポーツ,１２０分延長死闘も惜敗したなでしこ　米国をリスペクトしすぎて受け身に　柔軟な戦術変更できれば　岩清水梓氏が指摘,https://news.yahoo.co.jp/articles/05d89afe46f34bf947f7c46e794d4dd0f8241b23,8/5(月) 5:00
dal,デイリースポーツ,江村美咲大黒柱の責任果たした！４人の力がかみ合ったフェンシング女子銅メダル　父で北京五輪日本代表監督の江村宏二氏が評価,https://news.yahoo.co.jp/articles/2d1db850009f32bd5c62a39aa63b9be2ecbd9bbb,8/5(月) 5:00
dal,デイリースポーツ,フェンシング女子サーブル団体銅・江村美咲　「自分を信じれば、結果は出る」教えを胸に五輪代表の父超え表彰台,https://news.yahoo.co.jp/articles/0c40bad4cd0db8be04975d52bc238cdd343d36ca,8/5(月) 5:00
dal,デイリースポーツ,パリ五輪柔道日本代表　世界女王４人をそろえるも過去最低のメダル２個　４年後に向けて世代交代に課題,https://news.yahoo.co.jp/articles/5fca081940f0c2f75aee711a5a8db12cc6f4a75a,8/5(月) 5:00
dal,デイリースポーツ,健大高崎・箱山　春夏連覇へ泰然自若だ　初戦の相手は英明　強豪校との対戦に「ワクワク」,https://news.yahoo.co.jp/articles/9ced7b61de1fd40d3227da6e977f5fb753fdae97,8/5(月) 5:00
dal,デイリースポーツ,大阪桐蔭と興南がいきなり初戦で激突！春夏連覇校対決だ　同ブロックには春王者の健大高崎も,https://news.yahoo.co.jp/articles/5312b736b8469ec2a02942b0b685fabd42bb22c0,8/5(月) 5:00
dal,デイリースポーツ,フェンシング男子フルーレ団体が初の金メダル！「エペジーーン」の影に隠れた看板種目が悲願の頂点！太田雄貴擁した１２年ロンドン銀超え,https://news.yahoo.co.jp/articles/b0efe6502d601808e93dc6dcb64c8bcfa3d5bbd0,8/5(月) 4:47
dal,デイリースポーツ,サニブラウン「足りないっすね。マジで。マジで足りないっす」自己ベストも決勝届かず危機感「勝てなきゃ意味ない。世界はもっと先に行ってる」【一問一答】,https://news.yahoo.co.jp/articles/594942122f72bcbb67547a0f313f4ef1acd5960d,8/5(月) 4:20
dal,デイリースポーツ,サニブラウンの決勝の夢に立ちはだかった超高速化　世界陸連も衝撃「１０秒未満で走っても決勝が保証されない」,https://news.yahoo.co.jp/articles/09cb8b1f3ca088762915e535bed517e6b37ccb3d,8/5(月) 3:47
dal,デイリースポーツ,自己ベスト９秒９６も決勝届かず　頭抱えたサニブラウン「世界は先に行っている」過去最速９秒９３の決勝ボーダー　超高速化に屈する,https://news.yahoo.co.jp/articles/8dc25184159070288a291948c0bc91278d2c69ce,8/5(月) 3:35
dal,デイリースポーツ,サニブラウンは決勝進出ならず　自己ベスト９秒９６も日本人９２年ぶり偉業には届かず　頭抱え悔しがる「もっともっと出さないと。世界も先に行っている」,https://news.yahoo.co.jp/articles/a1b6c6432b509101e3d8ff1f0657d8a5f3be30d5,8/5(月) 3:27
dal,デイリースポーツ,松山英樹「正直金取りたかった」もメダルは「うれしい。重たいです」　２８年ロス五輪出場に意欲「絶対出たい。今年優勝したコースだし」,https://news.yahoo.co.jp/articles/4d70d90be133603992850ceab54139c3a0d19066,8/5(月) 3:06
dal,デイリースポーツ,女子メドレーリレー日本は健闘５位で完全燃焼　奮闘３３歳鈴木「自己最速。改めて現役続行だと」池江は笑顔締め「大変な３年間。楽しく終われてよかった」,https://news.yahoo.co.jp/articles/d5151c5ff35cf2048fcd05e73004e4f99455aabb,8/5(月) 2:41
dal,デイリースポーツ,日本記録保持者・佐藤拳太郎は１組５着で準決勝進出決められず「力不足。単純に私の足が遅い」　敗者復活戦へ　パリ五輪・陸上男子４００ｍ,https://news.yahoo.co.jp/articles/08ca6209ac83d0597dce6c75b9d04b38c35bc0d4,8/5(月) 2:11
dal,デイリースポーツ,ゴルフ男子　松山英樹「メダルを取れてうれしい」丸山茂樹監督に感謝のハグ「リオから監督をやられていて」,https://news.yahoo.co.jp/articles/1ddd664a5f5636e745b1e01d2f5b901eefdf56d6,8/5(月) 1:57
dal,デイリースポーツ,ゴルフ男子　五輪金メダルのシェフラーが表彰式で涙→美しい妻と生まれたばかりの我が子に笑顔　歓喜の瞬間に拍手喝采,https://news.yahoo.co.jp/articles/cca64ecb1917bfb42a9e9399e2db82f59c014ac0,8/5(月) 1:29
dal,デイリースポーツ,松山英樹の歴史的快挙にＪＧＴＯの諸星裕会長が祝辞「またしても私たちに大きな感動を与えてくれた」,https://news.yahoo.co.jp/articles/208f21e7ee5d63e8c2440d5bc6336841811678b5,8/5(月) 1:19
dal,デイリースポーツ,ゴルフ男子　丸山茂樹監督が明かす松山英樹は「最後まで練習して」「メダルの気持ちがあるんだな」銅の要因は「練習量と探究心」,https://news.yahoo.co.jp/articles/8743fdc9c98e298d9e27301011607460b321b479,8/5(月) 1:17
dal,デイリースポーツ,「一本取ることを目指していきませんか」パリ五輪終え、変わりゆく柔道に大野将平氏が指摘「指導狙いは見る人を退屈にする」,https://news.yahoo.co.jp/articles/dd8274aec4cd3a11e3ea4e0fb2277e6df2d079f5,8/5(月) 1:16
dal,デイリースポーツ,ゴルフ男子　松山英樹の銅メダルに丸山茂樹監督が男泣き「よかった～」松山とハグ　東京五輪の雪辱果たし笑顔,https://news.yahoo.co.jp/articles/1c60f77017be9b282d472ac9ec3e4e0629eb783d,8/5(月) 0:48
dal,デイリースポーツ,ゴルフ男子　松山英樹が日本男子初の銅メダル獲得！歴戦の猛者たちと熾烈なメダル争い制す　ノーボギーで崩れず,https://news.yahoo.co.jp/articles/9448cdf499c65603135ed489f4ee6d3f1adab719,8/5(月) 0:36
dal,デイリースポーツ,早田ひなを最後に抱きしめた石川佳純さんに「もらい泣き」「グッときた」の声相次ぐ　控えめに、そして心からの抱擁,https://news.yahoo.co.jp/articles/7e6cbc68fe7070895940c03377c4b38809e2b4ba,8/5(月) 0:34
dal,デイリースポーツ,松山英樹　日本人初の五輪銅メダル獲得！１７アンダーでホールアウト　１８番でバーディー奪えず表情ゆがめるも　シェフラーが金,https://news.yahoo.co.jp/articles/d06ed7e31d7761e4cb150bb17dc7a29f0877b9d5,8/5(月) 0:19
dal,デイリースポーツ,ゴルフ男子　世界ランク１位のシェフラーが金メダル！最終日に圧巻の猛チャージ　通算１９アンダー　松山英樹はメダル獲得,https://news.yahoo.co.jp/articles/e2abec3fa6aa7ab5a4c63a5c68e0fb8c254b9a78,8/5(月) 0:10
dal,デイリースポーツ,【全文】バスケ高田真希　笑顔の集合写真とともに「悔しい気持ちと申し訳ない気持ち」も声援と最高の仲間に感謝,https://news.yahoo.co.jp/articles/ab57a3a1b01b31dd804de866ff85b89d3c314a95,8/5(月) 0:08
dal,デイリースポーツ,サニブラウンが９２年ぶり偉業に挑戦　準決勝は強敵ぞろい９秒７台３人、８台３人で自己ベストでは７番目,https://news.yahoo.co.jp/articles/7e657512c03405b30887af2c9f3cbe40c95e2409,8/4(日) 23:50
dal,デイリースポーツ,阿部一二三沈めた変形肩車に衝撃事実　殊勲のガバ、初めて試した技だった「２週間前にトライ。うまくいった」　仏では「英雄」に,https://news.yahoo.co.jp/articles/da9e08548f558d1f8259e4cdd4a4f6622581266a,8/4(日) 23:30
dal,デイリースポーツ,仏ファンが斉藤立に「そんなことはない。偉大なチャンピオンだ」　レキップ紙公式Ｘが「正直日本に帰れない気持ち」の投稿を紹介,https://news.yahoo.co.jp/articles/051fc4f42b2b323b7c4bddc1adb1511b86b93bd1,8/4(日) 22:58
dal,デイリースポーツ,元阪神エース・井川慶氏が見た、阪神・佐藤輝の好調の要因とは「投手目線で非常に抑えづらいバッター」,https://news.yahoo.co.jp/articles/9e93c884a1506400d07f1f707103bcd78f08c15c,8/4(日) 22:53
dal,デイリースポーツ,ＤｅＮＡ、自力Ｖが消滅　首位・広島と７・５差　三浦監督は言葉絞り出す「終わりじゃないんで」,https://news.yahoo.co.jp/articles/f35f7b739d87ed41d092849cd53afe4e66797bb4,8/4(日) 22:50
dal,デイリースポーツ,石川佳純さんが驚がく「えぇ～！」９キロ上の相手ぶん投げた角田夏実「仏戦は巴投げって決めていた」必殺の宝刀「種類は数え切れないぐらい」,https://news.yahoo.co.jp/articles/f96f3486efb3465aea42cf35ef0f7932e6e053cb,8/4(日) 22:49
dal,デイリースポーツ,フェンシング男子　日本がフルーレ団体で金メダル王手！開催国・フランスを圧倒　会場は完全アウェー＆ブーイングも動じず,https://news.yahoo.co.jp/articles/cbd1cb500fd9259d36b2a7fb58a2aa03986dff41,8/4(日) 22:47
dal,デイリースポーツ,五輪柔道　豪華集合写真に個性にじむ　五輪連覇王者がすみっこに「永瀬すぎる」「やっぱり控えめ」堂々センターには…,https://news.yahoo.co.jp/articles/4ead31d3c2c4cb109367fd7dc0763f140603a456,8/4(日) 22:40
dal,デイリースポーツ,「石川佳純さんが美しすぎる」ワイプで映った真剣表情に胸熱「見とれちゃう」さすがに目の下には少しクマも,https://news.yahoo.co.jp/articles/c4b59c533ff2c314090b3255dea91c7895dfe576,8/4(日) 22:32
dal,デイリースポーツ,阿部一二三「完ぺきならロスまでの４年が苦しくなっていた」涙の混合団体から一夜明け心境　物議ルーレット抽選には「きたら絶対やり返してやると」,https://news.yahoo.co.jp/articles/3c2adfd6ada6a3674a18b15f5b20eba9f343d875,8/4(日) 22:30
dal,デイリースポーツ,阪神・岡田監督「楽に打ってるよな。力なんかいらんのやから」　４戦３発、猛打賞の絶好調・佐藤輝に「言うたやん。ホームラン出るって」,https://news.yahoo.co.jp/articles/5abaefaaec83538b7d8c0b5d6110a4a560d0454e,8/4(日) 22:24
dal,デイリースポーツ,米国選手が男子１１０ｍ障害予選でほぼジョグ走　ゆっくり走ったのはなぜ？テレビ解説者も「何かアクシデントでなければいいが」と心配,https://news.yahoo.co.jp/articles/9cffd58410016c00983c3fd37c6461c8ce563a08,8/4(日) 22:22
dal,デイリースポーツ,元ＲＱの「美しすぎる気象予報士」３８歳　パリ五輪公式Ｔシャツで湘南の海へ　透けショット大量投稿でファン大興奮「相変わらず素晴らしい」,https://news.yahoo.co.jp/articles/1e8e460fd04d68647021065d8772ccec84620d20,8/4(日) 22:09
dal,デイリースポーツ,丸岡いずみ　顔面強打で治療中の痛々しい写真公開　「綺麗な顔を…」など心配の声多数,https://news.yahoo.co.jp/articles/ff145a5f3bfe1764dbacaa61327eaa38543f3cac,8/4(日) 22:04
dal,デイリースポーツ,【8月5日の虎に翼】第91話　航一の苦しみに寄り添いたい寅子　よく知る人が補導される事件が,https://news.yahoo.co.jp/articles/cf892d81ef05defabbd76ed79496ffda8294181e,8/4(日) 22:00
dal,デイリースポーツ,松山英樹は前半終え３打差２位　東京五輪雪辱の日本男子初メダルを圏内　らしさ全開？ショットに不満顔もチャンスにピタリ,https://news.yahoo.co.jp/articles/efeb0c24ffa928d2e2392de1ec60b63a6f5a4843,8/4(日) 21:53
dal,デイリースポーツ,阪神が３カード連続の勝ち越し　最多タイの貯金８　森下が１０戦連続打点の先制打　佐藤輝が２戦連発の８号３ラン,https://news.yahoo.co.jp/articles/000c00aff16b952874a164d4b1661aaa0c824477,8/4(日) 21:39
dal,デイリースポーツ,五輪バド・シダマツペア松山　モデル級美貌姉とそっくりすぎるパリ２ショ「セイム！」の声何度も、と姉,https://news.yahoo.co.jp/articles/d0afad6d9e55301c4e9e545d01b6a6d1dd186a36,8/4(日) 21:32
dal,デイリースポーツ,上野千鶴子氏　五輪報道に苦言　アスリートに「国家など背負ってほしくない」「エゴイストに見えてくる」と指摘し賛否両論,https://news.yahoo.co.jp/articles/c9ea4255e28cc57e4491a31c84dbe74f214671a9,8/4(日) 21:23
dal,デイリースポーツ,阿部詩　負け受け止め前向く「悔しさより大きなもの得た。負けをどうつなげていくかは自分次第」,https://news.yahoo.co.jp/articles/89219ead9b30a7a3bab65b89f208208a3a3fcbcf,8/4(日) 21:21
dal,デイリースポーツ,五輪バド　２大会連続メダルの東野有紗「可愛いなんだろうこれは？」Ｘに突如エッフエル塔マーク　五輪公式が説明「メダリストに」,https://news.yahoo.co.jp/articles/ff514f81761c4368dd54bc4adf745c7f857fd9e0,8/4(日) 21:18
dal,デイリースポーツ,中日　ビジター１２連敗…初先発の根尾が３回６失点ＫＯで広島に３タテ食らう　立浪監督は険しい顔　反撃も一歩及ばず,https://news.yahoo.co.jp/articles/b2d6fd23fe82eacb54b96daead47ecde0a0628b3,8/4(日) 21:10
dal,デイリースポーツ,バレー女子　終戦で引退の古賀紗理那に感謝の思い続々「いつまでも大好き」「最後までありがとう」悲痛な声も「やだよ引退なんて」「つらい」,https://news.yahoo.co.jp/articles/ca601c5317a87c36f088131720ec0e90635193fc,8/4(日) 20:55
dal,デイリースポーツ,競泳個人メドレー銀の松下知之　初対決のマルシャンは「速すぎて見えないくらい前に行っちゃってた」,https://news.yahoo.co.jp/articles/3fd98dcb8316992d885dddffcbc3a9073a2756a3,8/4(日) 20:43
dal,デイリースポーツ,ゴルフ男子　内村航平氏が「私ゴルフを始めまして…」ＮＨＫゴルフ中継で目がキラキラ　イチ押し選手の注目点「体操の着地と同じ」,https://news.yahoo.co.jp/articles/a4be2b52da186ae7b6453a851acac9f1672f99c4,8/4(日) 20:42
dal,デイリースポーツ,柔道日本男子前監督の美貌モデル妻「感謝しかない！」４児ママ、奇跡のアラフォー,https://news.yahoo.co.jp/articles/38f4a9f5b3140cb31456d73c83dd6ae57e32d458,8/4(日) 20:39
dal,デイリースポーツ,バレー女子　Ｂ組３位・日本の２大会連続１次リーグ敗退が決定　主将の古賀紗理奈は現役引退　Ａ組の米国がフランスから第１セット奪取,https://news.yahoo.co.jp/articles/851858ddf7210580f723bef8a27fb8a505e70094,8/4(日) 20:36
dal,デイリースポーツ,【関屋記念展望】２年３カ月ぶりＶで勢いに乗るプレサージュリフトが中心　トゥードジボンは重賞初Ｖ狙う,https://news.yahoo.co.jp/articles/ff8c0a1f48fdaa92fc9287746f8490e40321fcad,8/4(日) 20:33
dal,デイリースポーツ,【小倉記念展望】ディープモンスター重賞初Ｖのチャンス到来,https://news.yahoo.co.jp/articles/d9fe61db512a01e9d38a7e88febd1522226d186d,8/4(日) 20:33
dal,デイリースポーツ,阪神・近本　新人から６年連続シーズン１００安打　吉田義男に次ぐ球団２位,https://news.yahoo.co.jp/articles/a438ca86ebd8edd45b261b1cff947ef1bb0c6973,8/4(日) 20:27
dal,デイリースポーツ,ＤｅＮＡ－阪神　笠原一塁塁審が途中交代　三回にＤｅＮＡ・佐野の痛烈打球直撃の影響か,https://news.yahoo.co.jp/articles/43739f9c3107b3366e3ca6828ecf0f51bb0a846a,8/4(日) 20:14
dal,デイリースポーツ,五輪スケボー中継映り込みで話題の２５歳人気モデル　パリ生活を続々公開　「尊すぎました！！」「メッチャ目立ってました」などの声殺到,https://news.yahoo.co.jp/articles/8a40065a261adb0dea0b4b95c72a0995d496592f,8/4(日) 20:13
dal,デイリースポーツ,ＤｅＮＡ選手のファウルが直撃した一塁塁審の左足が大きく腫れ上がるハプニング　業務続行も五回裏から交代,https://news.yahoo.co.jp/articles/7393530196d8bdd38fd027ceb92f6ddc49a6a20c,8/4(日) 20:10
dal,デイリースポーツ,阪神・佐藤輝が２戦連発の８号３ラン　後半戦絶好調！７試合連続マルチ＆自己最長の１３試合連続安打,https://news.yahoo.co.jp/articles/2f68e163fc8da2b133c3f8f74b435c2993df9155,8/4(日) 20:08
dal,デイリースポーツ,バスケ女子　渡嘉敷来夢が４年後のロス五輪でリベンジ意欲「私は４年後狙っている」　パリ五輪はメンバー外,https://news.yahoo.co.jp/articles/bcfe4abd0cb5f5d529b0d42ec912a78745758112,8/4(日) 20:07
dal,デイリースポーツ,逆転Ｖを狙う松山英樹は２番初バーディーで２打差３位浮上　今季マスターズ覇者のシェフラーも連続バーディーで浮上,https://news.yahoo.co.jp/articles/73b0ee1bdb31081c2928f9813c7dbefa793ee665,8/4(日) 20:01
dal,デイリースポーツ,バスケ女子　主将・林「世界はレベルアップしてきた」「１勝したかった」３戦全敗で敗退　日本女子バスケ初の屈辱,https://news.yahoo.co.jp/articles/28cba3572b849bb1b5915344c98065cd83acd718,8/4(日) 19:56
dal,デイリースポーツ,「ギラギラの目で『早く謝れバカ』」　だいたひかる　若い男に怒鳴られ→２歳息子への危害恐れ謝罪,https://news.yahoo.co.jp/articles/7118a6d0c13bec49e51cac34d103f06fd722de61,8/4(日) 19:50
dal,デイリースポーツ,バスケ女子　劇勝のベルギーは歓喜の涙にあふれる　東京五輪の強烈リベンジ　日本は表情険しく全敗で終戦,https://news.yahoo.co.jp/articles/f149376bfed7b3c0abfd9bcd2c46e20c26b70b73,8/4(日) 19:49
dal,デイリースポーツ,村竹ラシッドと泉谷駿介が準決勝進出　村竹は全体２位のタイム「想定通りです」　高山峻野は敗者復活戦へ　陸上男子１１０ｍ障害予選,https://news.yahoo.co.jp/articles/35e8cf1cfc1904cec8f68c31338736dd458da7c1,8/4(日) 19:45
dal,デイリースポーツ,バスケ女子　日本が屈辱の終戦　決勝Ｔ進出逃すだけでなく出場大会で初の白星無し　ベルギーの相手に攻守が崩壊　最大３１点差も,https://news.yahoo.co.jp/articles/fb510d2e5b0cc8069a9487685d2c1246b2d1701e,8/4(日) 19:43
dal,デイリースポーツ,パリの地で「オグシオ」復活　連日“反省会”行い絆の強さは健在,https://news.yahoo.co.jp/articles/df64d7d588e10855ebc12c3e0f2f67ad9aa38820,8/4(日) 19:38
dal,デイリースポーツ,泉谷駿介が４組３着で準決勝進出　１台目に「ちょっと当たっちゃって、もたついちゃった」ものの中盤以降に挽回　男子１００ｍ障害,https://news.yahoo.co.jp/articles/b25191c8d2bf2b781ae4cb0b7047621d125c9c40,8/4(日) 19:27
dal,デイリースポーツ,ＢＥＧＩＮ降臨に渋谷ストリートがパニック　比嘉栄昇「この土地に感謝しつつ今日は楽しいひとときを」,https://news.yahoo.co.jp/articles/1460497a7c18f455dcb16b39eb99925c87e37959,8/4(日) 19:20
dal,デイリースポーツ,今季初先発の中日・根尾昂　３回８安打６失点ＫＯ「反省し練習します」　立浪監督もベンチで険しい顔　プロ初勝利はお預けに,https://news.yahoo.co.jp/articles/5532f3eb71e198b844512cb2d70c473430f1d4b1,8/4(日) 19:10
dal,デイリースポーツ,五輪女子バスケ解説の元日本代表　スーパーアイドルに激似の声殺到「イケメンすぎる」,https://news.yahoo.co.jp/articles/84b19f5e41354dff7101a0b6355080475f17242c,8/4(日) 19:09
dal,デイリースポーツ,柔道団体　高市未来の溢れる涙を指でそっとぬぐった仲間　斉藤立の大きな背中もさすったお姉さん３人組の姿が尊い,https://news.yahoo.co.jp/articles/68382774672cdbf79e1237825e32fe2309a293d9,8/4(日) 19:07
dal,デイリースポーツ,ＷＨＩＴＥ　ＳＣＯＲＰＩＯＮ　特典会で“手作り”ティッシュ配布「感謝しかないです」,https://news.yahoo.co.jp/articles/cf4bce7f2425da18c89207ceb740c3d34a056a09,8/4(日) 19:04
dal,デイリースポーツ,男子走り幅跳びの橋岡優輝が涙の予選敗退　３回目に７メートル８１も及ばず　前回東京で６位入賞もメダル獲得の夢ついえる,https://news.yahoo.co.jp/articles/bf3f502d0268c7f0bd2700b6de321f9ae7460a69,8/4(日) 19:00
dal,デイリースポーツ,村竹ラシッドが１３秒２２で準決勝進出　好スタートから１組１着　陸上男子１００ｍ障害,https://news.yahoo.co.jp/articles/bd45f5e4940df9a238482b71602f7030ffbec213,8/4(日) 18:54
dal,デイリースポーツ,柔道・永山竜樹と阿部詩　ＳＮＳの誹謗中傷に「選手は人生をかけて必死で戦っている」「全てをかけて頑張っている」,https://news.yahoo.co.jp/articles/c90b3883a2a66d41aaf9c2cc2da4439bf4de776f,8/4(日) 18:47
dal,デイリースポーツ,バスケ女子　ホーバス元ＨＣがスタンドで観戦「トムさん」が教え子たちの姿を真剣な表情で見つめる　ファン「涙が出そうに」「みんなにカツを」,https://news.yahoo.co.jp/articles/b71b6d0c629e546e72527b7497a1361474055eba,8/4(日) 18:39
dal,デイリースポーツ,今季初先発の中日・根尾昂投手、初回にいきなり５失点　先頭にストレート四球、４連打で大量失点,https://news.yahoo.co.jp/articles/8d8e041104169fc2a32a678780b446385092c47f,8/4(日) 18:29
dal,デイリースポーツ,「どこのリップ？」「リップ教えて」シダマツペア　落ちないリップも注目に　パールでお揃いアクセも可愛すぎる,https://news.yahoo.co.jp/articles/55131a76be98cfc232e0330ef152a65a50f22ebd,8/4(日) 18:28
dal,デイリースポーツ,酒井法子５３歳　細胞培養移植治療を告白　斑点まみれの顔に心配の声も,https://news.yahoo.co.jp/articles/fdb3b2c6655ca045fe166f91f236034611745637,8/4(日) 18:27
dal,デイリースポーツ,【競輪】清水裕友が豪快まくりで松戸記念Ｖ　南関勢撃破で今年３回目のＧ３制覇,https://news.yahoo.co.jp/articles/11c2f8db4472b23a2339a745994c95d39d5b1659,8/4(日) 18:25
dal,デイリースポーツ,バスケ女子　日本は１２点リード許して第１クオーター終える　決勝トーナメント進出には大差での勝利が必要も,https://news.yahoo.co.jp/articles/4203a7f4f42abcbb73ffe97c69a970fd9a86d6a0,8/4(日) 18:24
dal,デイリースポーツ,五輪柔道　ウルフ・アロンが傷心の斉藤立に愛あるイジリ　会見中に隣でヒソヒソ「すみません、今、マジメなんですよ」会場が笑いに包まれる,https://news.yahoo.co.jp/articles/2a3b28386c49a6632dd23ef0a42ee7c796652003,8/4(日) 18:21
dal,デイリースポーツ,【競輪】０１年日本選手権優勝の稲村成浩が引退　「精いっぱい選手としてできることはやりました」,https://news.yahoo.co.jp/articles/a433aa843ac6708782dfa56a2ac3426f8bc8211f,8/4(日) 18:18
dal,デイリースポーツ,ボクシング女子　性別騒動の５７キロ級・台湾選手もメダル確定　準々決勝で５－０で完勝　会場に「加油！」の声援も,https://news.yahoo.co.jp/articles/d207e785e71225eccc4175caa5a7ce1f97a7926b,8/4(日) 18:17
dal,デイリースポーツ,サッカー男子・細谷、ネット騒がせた「細谷の１ミリ」を冷静に分析「背負ったときに大股になってしまった」　Ｗ杯でのリベンジ誓う,https://news.yahoo.co.jp/articles/1ecd3737a1e12d26f75e02d26a54b8d7a040f070,8/4(日) 18:13
dal,デイリースポーツ,ランペ武知海青　競泳五輪代表と同じ水泳スクールで「競い合った」と明かす「当時から凄く速くて」,https://news.yahoo.co.jp/articles/b1b9ddfea23b118e3054e0dd873a0eb3f906ca24,8/4(日) 17:58
dal,デイリースポーツ,卓球女子　勝者の早田ひなを祝福した韓国天才少女の姿に反響の声　真っ先に抱擁→戻って涙「両選手とも素敵」「エールを送りたくなる」,https://news.yahoo.co.jp/articles/dece2e8abef38f1a25f5c29d2c55eb04948d63bc,8/4(日) 17:56
dal,デイリースポーツ,天童よしみ　自身のヒット曲「昭和かたぎ」のカラオケ大会で涙「こんなにありがたいことはない」,https://news.yahoo.co.jp/articles/a8babf685e465758bf01c08a907eddbd4b7926fa,8/4(日) 17:51
dal,デイリースポーツ,オードリー若林　パリ五輪見ていない“逆張り”コメンテーターをチクリ「黙ってりゃいいのに」,https://news.yahoo.co.jp/articles/d82ce0b3874c8cd47e2b6967a694b602377c5bd7,8/4(日) 17:50
dal,デイリースポーツ,福原愛さんの視点「早田選手の今後の競技人生においても大きな経験になる試合」,https://news.yahoo.co.jp/articles/0cfa0697d8056b176c332e0eee0115e78e3ee7ce,8/4(日) 17:26
dal,デイリースポーツ,「美人すぎる」「ずっとスタジオからの映像で」ＮＨＫに陸上界屈指の元五輪美女ハードラー登場で沸く　バキ腹筋美女ランナーもＷ解説,https://news.yahoo.co.jp/articles/36523f07aceab72a5461e25817be11de5614e20d,8/4(日) 17:25
dal,デイリースポーツ,陸上女子３０００ｍ障害の細かすぎる解説にＳＮＳ大盛り上がり「ケニアは紅茶の世界第２位の産地」に「増田明美さんが早速その実力を如何なく発揮」,https://news.yahoo.co.jp/articles/7820c9d17ae33e72530b2b45dccf03e27d9770d1,8/4(日) 17:24
dal,デイリースポーツ,巨人・阿部監督、２年ぶり１０勝のベテラン菅野に「今年に懸ける思いをすごく感じた」,https://news.yahoo.co.jp/articles/8736caf468d1e1383c1a518184b147e93d876c38,8/4(日) 17:13
dal,デイリースポーツ,五輪バド　渡辺＆東野「一緒に座っちゃうのがかわいすぎ」恒例の記念写真で一つのソファに「勇大くんと出会えてよかった」で感涙のファンも,https://news.yahoo.co.jp/articles/271c99acb4347ef571f480c3a9f28a565bd5d9c7,8/4(日) 17:03
dal,デイリースポーツ,巨人・菅野、今季にかける「覚悟」吐露「野球人生かけて臨んでいる」　２年ぶり１０勝でハーラートップタイ　目標は「最低１５勝」,https://news.yahoo.co.jp/articles/22052f92f56cd98d52df48fa1472df63dac48d26,8/4(日) 16:55
dal,デイリースポーツ,ビジネスクラスで世界一周中のアレク「疲れ半端ない」と吐露　トラブル噴出　川崎希＆子供２人と出発３週間,https://news.yahoo.co.jp/articles/36e969488cdb9e0b470c33abc1e3a1d95bdaa5c0,8/4(日) 16:52
dal,デイリースポーツ,なでしこ１８歳ＤＦ古賀塔子　内気だった少女が世界の舞台で活躍　「体を張って守ることは通用した」,https://news.yahoo.co.jp/articles/ddd67cfdc0ac113515d9ccb8c6461cb8c08e790f,8/4(日) 16:51
dal,デイリースポーツ,アンゴラ村長　念願のラブラブ腕枕ショット公開でファンほっこり　「究極の癒し」「同じ顔してる！」,https://news.yahoo.co.jp/articles/5beafb6e07301c90ae53c21f7fa5353d4b2b21ac,8/4(日) 16:43
dal,デイリースポーツ,センバツ王者・健大高崎　大阪桐蔭、興南、智弁学園などと強豪校と同ブロック　プロ注目・箱山「ワクワク。強いチームとやった方が良い」,https://news.yahoo.co.jp/articles/e0598c475dcbe564ed2fa62906833b0b3662b218,8/4(日) 16:38
dal,デイリースポーツ,巨人が連勝で首位・広島にピタリ追走　菅野がリーグトップタイの１０勝　大城卓が先制Ｖ打,https://news.yahoo.co.jp/articles/23fe8d741af85f291f152d98289cfb4441c075e3,8/4(日) 16:34
dal,デイリースポーツ,阿部一二三＆詩　団体表彰式で見せた“尊すぎる兄妹愛”に感動の嵐　「一緒にメダルが取れて本当に良かった」「グッときた」,https://news.yahoo.co.jp/articles/f1c6a5f99a47d1aa0cb6ca507db214e779a506a8,8/4(日) 16:32
