media_en,media_jp,title_articles,link_articles,date_original
bfj,BuzzFeed Japan,【ファミマ】ひとくちの幸福感がすごい！濃厚な甘さがたまらない「しあわせ菓子パン」3選,https://news.yahoo.co.jp/articles/b75afb56e4377a506d3a59a2811887ce564c05e7,6/19(水) 15:35
bfj,BuzzFeed Japan,【セブン】あっという間に一袋食べちゃった！食べる手が止まらない「やみつきスナック」3選,https://news.yahoo.co.jp/articles/47e0b0b99a4962e3abbeae7f9a124d76e15f7f33,6/19(水) 14:35
bfj,BuzzFeed Japan,【ハニーズ×サンリオ】肌ざわりが良くて快適！レトロ風の「楽ちんパジャマ」デザインが可愛くて着るだけで癒されます！,https://news.yahoo.co.jp/articles/964e7265a77091f924611b0639a95388925e77a6,6/19(水) 12:35
bfj,BuzzFeed Japan,本当に食品サンプル！？ 躍動感あふれる鮎が「もう芸術作品ですね」「博物館の展示品にしても良いレベル」と大好評,https://news.yahoo.co.jp/articles/54de4170ea7370f4ce40b9d1fe8227bec35e2d50,6/19(水) 12:30
bfj,BuzzFeed Japan,換気口から鳴き声。生後3カ月の子犬を救うため、通報を受けた消防隊員が奮闘。アメリカ,https://news.yahoo.co.jp/articles/daf2b7b448cbc4347cdc2ed66bc053f909060153,6/19(水) 12:11
bfj,BuzzFeed Japan,【ニトリ】キッチンの作業スペースが広くなった！調味料がまるっと片付く「収納ラック」3選,https://news.yahoo.co.jp/articles/ed9e20342123ae1fbaa0e2ca522797ddd04fad6e,6/19(水) 12:05
bfj,BuzzFeed Japan,「結婚したのかと」長濱ねる、ウェディングドレス姿を披露→「お似合いの2人」「最高すぎる」と反響集まる,https://news.yahoo.co.jp/articles/da0d6eec083721f9fe013150c5d4fe2f1c6210a9,6/19(水) 11:35
bfj,BuzzFeed Japan,【びっくりドンキー】ボリュームがすごい！カレーとメンチカツが楽しめる「よくばりメニュー」肉汁たっぷりで美味しいんです！,https://news.yahoo.co.jp/articles/8448e05ee4d3dedc55ba7ee06fbf6044f1628ccf,6/19(水) 11:35
bfj,BuzzFeed Japan,ユニクロの「楽ちんデニム」が美脚に見える名品！ぽっこりお腹も目立たないし、はき心地良すぎて感動したんです！,https://news.yahoo.co.jp/articles/a1b5363b739ab3a64f61729a5d323ea9c0661b55,6/19(水) 10:35
bfj,BuzzFeed Japan,【茅ヶ崎市民限定】思わず「あるある！」と言ってしまう地元ネタ3選。「イオンを『サティ』『ジャスコ』と呼んでしまう」など,https://news.yahoo.co.jp/articles/949bb8c9a60470252e5e8c6ed9e7a576af213dd6,6/19(水) 7:50
bfj,BuzzFeed Japan,【無印良品】大人な甘さで美味しい！レビュー絶賛の「ご褒美サブレ」サクほろ食感がやみつきになります！,https://news.yahoo.co.jp/articles/2a7bea147b3bebb97eeeb3df5b81894ced515fbc,6/19(水) 7:35
bfj,BuzzFeed Japan,【ダイソー】透け感がオシャレな「高見え食器」お料理にもインテリアにも使えるんです！,https://news.yahoo.co.jp/articles/59752d09c1e46dc17f3d2b09710d6bd938385f26,6/19(水) 6:35
bfj,BuzzFeed Japan,HD-2D版『ドラゴンクエストIII』ついに発売日が正式決定！ さらにサプライズで『ドラゴンクエストI＆II』も2025年登場へ,https://news.yahoo.co.jp/articles/606b7ac6807cdfec98c8e503cf0dc2d77e6da910,6/19(水) 1:05
bfj,BuzzFeed Japan,シリーズ完全新作『ゼルダの伝説 知恵のかりもの』9月26日発売。主人公はリンクではなくゼルダ姫！ 発表後、SNSではすぐさまトレンド入り,https://news.yahoo.co.jp/articles/e74d671476e81dba6c30a7e98dfb6617bbf563ab,6/19(水) 0:40
bfj,BuzzFeed Japan,【ローソン】99kcalなのに食べ応えバツグン！もちもち食感の「春雨スープ」罪悪感なく食べられます,https://news.yahoo.co.jp/articles/57d8c1fcd1e2796b798010a8a333bade4618f59a,6/18(火) 21:05
bfj,BuzzFeed Japan,これだけは押さえておきたい【2024年下半期の映画】3選。超人気シリーズの4作目に、名作間違いなしの“日本版アベンジャーズ”って？,https://news.yahoo.co.jp/articles/692a348c78e66b39f20446696685dbcfc3ec6eca,6/18(火) 21:05
bfj,BuzzFeed Japan,GU×ディズニーの「新作パジャマ」がレトロかわいい！ドナルド＆デイジー柄で着るたびに気分が上がる！,https://news.yahoo.co.jp/articles/380f5f3a520f4bb02a5ffec869a94177578abe84,6/18(火) 20:35
bfj,BuzzFeed Japan,フランフランの「ぷるぷるブランケット」ひんやりしてて肌触りがいい！コンパクトに収納できるのも便利なんです！,https://news.yahoo.co.jp/articles/534ce9c16ff27b5006cb321aa4aec25e4c902177,6/18(火) 20:05
bfj,BuzzFeed Japan,「お腹大きくなってる」峯岸みなみ、お腹ふっくらショットを公開。高橋みなみ、小嶋陽菜らの集合に「素敵な仲間で羨ましい」の声,https://news.yahoo.co.jp/articles/12ec933706188dbff1cfac9e5892b9832f7d6ed5,6/18(火) 20:05
bfj,BuzzFeed Japan,「中学生って難しい…」辻希美、中2息子の「お願い」をキッパリ却下→理由に反響集まる「私も…」「気持ちわかる」,https://news.yahoo.co.jp/articles/6bdda98e5de7b5a83b325908585c01c74789e793,6/18(火) 19:45
bfj,BuzzFeed Japan,【セブン】おいしくて食べる手が止まらない！デパ地下で売ってるみたいな「贅沢スイーツ」3選,https://news.yahoo.co.jp/articles/766ceb6d07a87a4d84831386096978ab471b0298,6/18(火) 19:35
bfj,BuzzFeed Japan,ニトリのかわいい「アニマルグッズ」3選！置いてるだけで癒し効果バツグンなんです！,https://news.yahoo.co.jp/articles/3953d5ecc0b680f02c0d139ac44dc774348de2d5,6/18(火) 19:05
bfj,BuzzFeed Japan,「梅雨や台風の時期に準備をしていますか」警視庁が呼びかけた水害対策グッズを紹介します。自治体によっては無料配布も,https://news.yahoo.co.jp/articles/6d5d8b33dec2df1dcc1630412bf66a2bb1a8e705,6/18(火) 18:35
bfj,BuzzFeed Japan,【ファミマ】食べる手が止まらない！ボリューム満点の「絶品カレー」スパイスが効いていてヤミツキになるんです！,https://news.yahoo.co.jp/articles/cec94fe831dab561547551c94e5b1d8bacfb48e1,6/18(火) 18:35
bfj,BuzzFeed Japan,「私の中で5本の指に入る」アンミカ、実際に会って「感動する芸能人」を明かす。大絶賛の女性タレントとは？,https://news.yahoo.co.jp/articles/e74e7645ac2acbc6fd5aaf9c7eaeb622bc7fe214,6/18(火) 18:30
bfj,BuzzFeed Japan,「最高の夏開幕」「神すぎワロタ」焼肉きんぐの夏メニューに3.9万いいね。「ポテトチップス」のカルビーコラボ商品も登場,https://news.yahoo.co.jp/articles/5b8d76529b6f2cd256bb032a27bc2e0b6f7858fb,6/18(火) 18:05
bfj,BuzzFeed Japan,【なにこれ欲しい！】マニア垂涎の“激レア”ゲームマシンに「初めて見た」「めっちゃ良い」の声,https://news.yahoo.co.jp/articles/92250eaf169905c6d16d4bdd9e762107624ec063,6/18(火) 17:35
bfj,BuzzFeed Japan,【無印良品】タイ料理屋さんみたいな「隠れた名品フード」3選！サクッと簡単に調理できるのに絶品なんです,https://news.yahoo.co.jp/articles/5719b7aeb9ebda8c49263013f80f37998f3ebb1b,6/18(火) 17:35
bfj,BuzzFeed Japan,ラッパーのミーガン・ジー・スタリオン、Xで拡散された性的な偽動画に怒り「本当に気持ちが悪い」,https://news.yahoo.co.jp/articles/103daf3bb69408614cb0e84fed13a4c81ae01ecb,6/18(火) 17:10
bfj,BuzzFeed Japan,【ワンちゃんが多い都道府県】ランキング！2位は神奈川県、気になる1位は,https://news.yahoo.co.jp/articles/909b03ac72e2fbe612427a05ce03b871296f28b7,6/18(火) 16:50
bfj,BuzzFeed Japan,ハニーズの「ふんわりワンピース」が楽ちんでかわいい！体型カバーできるし、夏でも涼しくて快適です,https://news.yahoo.co.jp/articles/e91ad12f10a1761f923078457d22fb26c1422e0c,6/18(火) 16:35
bfj,BuzzFeed Japan,【キャンドゥ】ネコちゃんがかわいい「浮かせるスポンジ」が便利！キッチンの掃除が楽ちんになった,https://news.yahoo.co.jp/articles/4ca341f44d34622b35e5f42de9f2db35920ac9cc,6/18(火) 16:05
bfj,BuzzFeed Japan,これ、ダイソーで買えるのすごい！コスメがたっぷり入る「大容量ポーチ」3選。見た目もオシャレで使い勝手バツグンです,https://news.yahoo.co.jp/articles/e64ec2dc41b18e4a4dbdd5395e93838804e4ef00,6/18(火) 15:35
bfj,BuzzFeed Japan,まるで昭和の世界にいるみたい！サンマルクカフェの「レトロ感たっぷりパフェ」懐かしい味わいでおいしいんです,https://news.yahoo.co.jp/articles/fa2d5b40b88da6e12ed224f48b562026362c12a7,6/18(火) 14:35
bfj,BuzzFeed Japan,【キャンドゥ】フキンの代わりになって便利！雲の形がかわいい「お掃除グッズ」でシンクがピカピカになった,https://news.yahoo.co.jp/articles/2a20c042386f5be4e07d41b114f411c7ff32f401,6/18(火) 13:35
bfj,BuzzFeed Japan,【イケア】クローゼットのごちゃごちゃが解決！洋服がスッキリ片付く「おしゃれ収納アイテム」3選,https://news.yahoo.co.jp/articles/6d7cb8d3669a835a04f1dc5396c0d1b7b9117105,6/18(火) 13:05
bfj,BuzzFeed Japan,【ユニクロ】きれいめシルエットで使いやすい「楽ちんドライパンツ」通気性バツグンだから、じめじめ時期も快適です。,https://news.yahoo.co.jp/articles/764f63edb5ba62613f823831e7906755369f716d,6/18(火) 12:35
bfj,BuzzFeed Japan,みちょぱ「今年初」の“浴衣姿”を公開→「可愛すぎ」「めっちゃ似合ってる」とファン絶賛,https://news.yahoo.co.jp/articles/d44579e21cc885a3f463ec334c74798737eaad67,6/18(火) 12:15
bfj,BuzzFeed Japan,【PENTAX 17】「感動で言葉がありません」ペンタックスの20年ぶり新作フィルムカメラに大反響。あえて初心者向けにした理由とは？,https://news.yahoo.co.jp/articles/36adc2a32aa8dfb2578c99c8251b54be85b3a01e,6/18(火) 12:05
bfj,BuzzFeed Japan,【ニトリ】部屋がスッキリして嬉しい！家中で使える「おしゃれハンガーラック」スリムなのに収納力すごい,https://news.yahoo.co.jp/articles/49ad7f8164d1b4a3bc739c40d306743d0c47d168,6/18(火) 12:05
bfj,BuzzFeed Japan,【虎に翼】滝藤賢一の「バキバキ」な肉体美に驚きの声「めちゃくちゃイイ体」「マッチョで素敵」,https://news.yahoo.co.jp/articles/b29d9164c05542302bf3a74c025f1deeb300c5c9,6/18(火) 11:30
bfj,BuzzFeed Japan,水野美紀、子どもの朝ごはん事情を語る→“前日に準備“に「良いママ」「我が家も同じ」と反響,https://news.yahoo.co.jp/articles/6ded6aab1348f6e7cb47e7aa0f2300730024fd04,6/18(火) 11:30
bfj,BuzzFeed Japan,【スーパーマリオ】新作映画は2026年4月公開。宮本茂さんが発表、即座にトレンド入り,https://news.yahoo.co.jp/articles/031dfdc64a72bd9f89cabce4038b1b2a713cde51,6/18(火) 11:05
bfj,BuzzFeed Japan,【ハニーズ】ふわっと揺れてカワイイ！体型カバーできる「楽ちんスカート」全色そろえたくなる優秀さです,https://news.yahoo.co.jp/articles/f21333767ac35eea84516496f3a8771e37d5d578,6/18(火) 10:35
bfj,BuzzFeed Japan,【デニーズ】ホテルの朝食みたい！好きなもだらけの「選べるモーニング」朝から大満足です,https://news.yahoo.co.jp/articles/574089032ecbe6edddad777bb8ca38a17ac4e60d,6/18(火) 9:35
bfj,BuzzFeed Japan,【ダイソー】おうちがカフェみたいになった。110円の「高見えランチョンマット」大理石デザインがオシャレなんです,https://news.yahoo.co.jp/articles/38cf6c895d0d6c071bf1ee2ca6f46b856b5cd127,6/18(火) 7:35
bfj,BuzzFeed Japan,子どもを無理に笑わせない。ある写真家の作品に「みんなパワフル」「うちの子も撮って！」,https://news.yahoo.co.jp/articles/6770421704656a94654b8f12c06a708d61dded45,6/18(火) 6:40
bfj,BuzzFeed Japan,【ローソン】お酒がすすむ！ストック必至の「牛カルビ」ジャンキーでやみつきになる！,https://news.yahoo.co.jp/articles/3b37f6acb306d8c715a110c5641487fc9051d6a0,6/17(月) 21:05
bfj,BuzzFeed Japan,大島優子、“産後の復帰作“『アンチヒーロー』の最終回に「大きなギフトとなりました」撮影を振り返り反響,https://news.yahoo.co.jp/articles/83b2b881fdc38e0f58ab2c8e158879bdf71bb2db,6/17(月) 21:00
bfj,BuzzFeed Japan,ZARAの「新作ショルダーバッグ」ざっくり編みのデザインがかわいい！持つだけでコーデが一気に夏っぽくなります,https://news.yahoo.co.jp/articles/c806467c082673bc29323818c63756c20af3e061,6/17(月) 20:35
bfj,BuzzFeed Japan,安田美沙子「パンツがかぶりました」夫との“お揃いコーデ”を披露→「ラブラブやん」「オシャレご夫婦」の声,https://news.yahoo.co.jp/articles/4873a5b4e7a824dae670cccff3a685b2921a8bf1,6/17(月) 20:30
bfj,BuzzFeed Japan,【ハニーズ】コンビニ弁当がすっぽり入る！スヌーピーの「980円エコバッグ」かわいいうえに、使い勝手バツグンです,https://news.yahoo.co.jp/articles/18c407fd0689038b19ed9572905605630c9f82dd,6/17(月) 20:05
bfj,BuzzFeed Japan,【無印良品】しっとり食感がおいしい！コスパ抜群の「やみつきおやつ」3選。食べ応えたっぷりで絶品なんです,https://news.yahoo.co.jp/articles/11a6dc437e927ec3135b1f1cec693657679cc5d3,6/17(月) 19:35
bfj,BuzzFeed Japan,「どうして？？」カミングアウトについて話し合う親子の会話、話題に。子どものするどい指摘にママは（オーストラリア）,https://news.yahoo.co.jp/articles/072fc9e2f43e6efd82eb1b94919e81117476eb2e,6/17(月) 19:11
bfj,BuzzFeed Japan,杉浦太陽、まさかの “本名”を公開。「太陽と書いて……」読み方は？,https://news.yahoo.co.jp/articles/99636cb97ace1654a74c4f3a1b00815138564c52,6/17(月) 19:05
bfj,BuzzFeed Japan,冨永愛「とても肉々しい」ボリューム満点ラーメンを堪能→「すごい量のチャーシュー」「幸せそう」と話題に,https://news.yahoo.co.jp/articles/cb7c61ebca83047a15cf35e945244b62930b77c5,6/17(月) 18:45
bfj,BuzzFeed Japan,「もう20歳！？」 鈴木福が誕生日を報告→「大きくなったなぁ」「感慨深い」驚きの声,https://news.yahoo.co.jp/articles/36ffb5d8369856af09deb79f09a961def69da8bc,6/17(月) 18:35
bfj,BuzzFeed Japan,【GU】オンライン即完売なのも納得！『バック・トゥ・ザ・フューチャー』コラボの「古着っぽTシャツ」映画ファン大歓喜のかっこよさです！,https://news.yahoo.co.jp/articles/6636a4e13068535ac489c80bd032cde4393c30bf,6/17(月) 18:35
bfj,BuzzFeed Japan,【光る君へ】佐々木蔵之介のプロポーズにグッと来る人が続出。でも、実際の紫式部は塩対応だったって知ってた？,https://news.yahoo.co.jp/articles/70a4c90353e6b3775cbfb6d5dcff3415af5b99a6,6/17(月) 18:25
bfj,BuzzFeed Japan,【知ってた？】グレープフルーツの名前の由来。見たら納得の実り方とは？,https://news.yahoo.co.jp/articles/40aeb4c268d0509aa08831fd6169b4f37c2d1842,6/17(月) 18:20
bfj,BuzzFeed Japan,【セブン】低カロリーで小腹が空いた時にピッタリ！SNSで話題の「絶品スープ」お肉ゴロゴロで、食べ応えバツグンです！,https://news.yahoo.co.jp/articles/740e2eb5cb22288947433d2a19d60be7dd95ddc8,6/17(月) 18:05
bfj,BuzzFeed Japan,母「大人のすることよく見てる」3歳児の“キッチン再現”に9.7万いいね→「賢い子ですねえ」「ちっちゃいママ」と反響,https://news.yahoo.co.jp/articles/a8903785a574d434986590cd2a4b914bc2b838be,6/17(月) 18:00
bfj,BuzzFeed Japan,【イケア】クローゼットがすっきり！349円の「アイデアハンガー」かさばるデニムがコンパクトに収納できるんです！,https://news.yahoo.co.jp/articles/c4528112bd0eb054de653aaad2906f09a6324521,6/17(月) 17:35
bfj,BuzzFeed Japan,罰の腕立て伏せを拒んだ生徒に、コーチが首絞め。中学校の監視カメラが記録。アメリカ,https://news.yahoo.co.jp/articles/1263316503f6d92f68fee8929c751c38caaa3c2e,6/17(月) 17:10
bfj,BuzzFeed Japan,高嶋ちさ子、海外のタクシーに「1番大事なもの」を忘れてしまう→まさかの結末を報告「意外とおドジ」「人間らしくて好き」と話題に,https://news.yahoo.co.jp/articles/7ac2a338ca54623c6a3a4f5f0720d12c4cfddb41,6/17(月) 17:00
bfj,BuzzFeed Japan,ユニクロの「高見えトップス」が可愛くて色違いも欲しくなる！生地がやわらかくて着心地バツグンなの！,https://news.yahoo.co.jp/articles/33794d88c17a156de98164e446f309604ddeef2b,6/17(月) 16:35
bfj,BuzzFeed Japan,貼るだけで部屋がオシャレになる！ダイソーの「インテリアカード」110円で買えてコスパが良いのも嬉しい！,https://news.yahoo.co.jp/articles/c778632982adcf4185c541d5342536dc9fba3b0e,6/17(月) 16:05
bfj,BuzzFeed Japan,狭いキッチンが快適になった！キャンドゥの「110円タオル掛け」省スペースで使えて便利なんです！,https://news.yahoo.co.jp/articles/04a802045b48533b272af52754d3dce2f6ff1e97,6/17(月) 15:35
bfj,BuzzFeed Japan,【シャトレーゼ】コスパ良くておいしい！ふわとろ食感の「129円スイーツ」レモンの爽やかさがクセになる！,https://news.yahoo.co.jp/articles/03485367fb79c48826b684e4b2161ab3db137eb9,6/17(月) 14:35
bfj,BuzzFeed Japan,【無印良品】便利すぎてびっくり！旅行が快適になる「優秀グッズ」3選,https://news.yahoo.co.jp/articles/7b5902c2d4eb97528a5fcf3e5dba0885626e9fe6,6/17(月) 13:35
bfj,BuzzFeed Japan,【ダイソー】山崎実業みたいな「おしゃれ調味料入れ」が優秀！料理中のプチストレスが解消されるんです！,https://news.yahoo.co.jp/articles/2438c2cde6478cafe0b03a56debccb56abc723bf,6/17(月) 13:05
bfj,BuzzFeed Japan,【光る君へ】「タイムスリップ宣孝さん…」佐々木蔵之介が砂浜に行くのに使ったまさかの乗りものに反響続出,https://news.yahoo.co.jp/articles/52cdd517d467cbf5b0493f1f83e2f0364b8e4d0a,6/17(月) 12:40
bfj,BuzzFeed Japan,【しまむら】1419円の「ふんわりトップス」チュールスカートみたいでかわいい！これ1枚で華やかになります,https://news.yahoo.co.jp/articles/0266612ab32e8ea81608c5650dc2450b154701e5,6/17(月) 12:35
bfj,BuzzFeed Japan,俳優ライアン・レイノルズがお忍び観覧、番組司会者も驚き「あなた、ここで何しているの？」,https://news.yahoo.co.jp/articles/906f707cc1eaf1318bdbc07accbbcbe4f752f3bf,6/17(月) 12:24
bfj,BuzzFeed Japan,【ニトリ】もっと早く買えばよかった！毎日の食卓の悩みが解決する「アイデアグッズ」3選,https://news.yahoo.co.jp/articles/f325256fa60034a10c1f1c59330686e7475fa385,6/17(月) 12:05
bfj,BuzzFeed Japan,【ファミマ】168円の「てりやきチキンドーナツ」が濃厚でお値段以上のおいしさ！甘じょっぱいソースがたまらないんです,https://news.yahoo.co.jp/articles/15f299c2ed00202a4b588fecd055af2126edfebe,6/17(月) 11:35
bfj,BuzzFeed Japan,「断末魔が聞こえてきそう」“あ”の形をしたミートソースパスタが話題に。一体なぜ“あ”が選ばれたの…？,https://news.yahoo.co.jp/articles/00ad04e35b38d22a3a4bffd92961cf1474222c67,6/17(月) 11:30
bfj,BuzzFeed Japan,ウエストがキュッと見えて感動！GUの「細見えワンピース」デニムが夏っぽくてかわいいんです,https://news.yahoo.co.jp/articles/b1150b558387545e60ef53d6bfcc96d4627b082b,6/17(月) 10:35
bfj,BuzzFeed Japan,【カルディ】これが手軽に食べられるの嬉しい！フランスのカフェにありそうな「隠れた名品」3選,https://news.yahoo.co.jp/articles/eaa009b732cf2c21a0c56ea5d55d61d71a640c14,6/17(月) 9:35
bfj,BuzzFeed Japan,【キャンドゥ】つぶらな瞳が可愛い！シマエナガの「キラキラスポンジ」洗い物が楽しくなった！,https://news.yahoo.co.jp/articles/b28b71a93c4dc21fd261ca4dd6b278e13169abd9,6/17(月) 7:35
bfj,BuzzFeed Japan,【ロフト】お弁当が華やかになった！ミニチュアが付いた「おもしろピック」に思わずニコニコしちゃう。,https://news.yahoo.co.jp/articles/fec439853389dc8c59e306ca05583cb124d39fa5,6/17(月) 6:35
bfj,BuzzFeed Japan,【3coins】冷蔵庫がスッキリして嬉しい！ドアポケットを整理できる「収納7個セット」収納スペースが増えて助かります。,https://news.yahoo.co.jp/articles/788655a6226806c866b61c239f36e48ef55e9f92,6/16(日) 21:05
bfj,BuzzFeed Japan,【GU】全色そろえたい！美シルエットの「透け感スカート」リブ編みのようなデザインが素敵なんです,https://news.yahoo.co.jp/articles/9fb9b58df9fa73d99da6c679c8e84748a513b453,6/16(日) 20:35
bfj,BuzzFeed Japan,カルディで見つけた「隠れた名品おやつ」3選！素材のおいしさが詰まってて、バクバク食べちゃいます,https://news.yahoo.co.jp/articles/19983386037937781751c2e549c606083de17ceb,6/16(日) 20:05
bfj,BuzzFeed Japan,【ディズニー土産】可愛い上にコスパ抜群！ミッキー＆ミニーの「大容量キャラメル」1個14円だからバラマキ用にぴったり,https://news.yahoo.co.jp/articles/caae07e148b68e9cf711abe3520c027a2744b85d,6/16(日) 19:35
bfj,BuzzFeed Japan,【ファミマ】パン屋さんで売ってそう！本格的でおいしい「やみつき惣菜パン」3選,https://news.yahoo.co.jp/articles/fa886a787d489e08e2c2eb7b678a755a1996d410,6/16(日) 19:05
bfj,BuzzFeed Japan,柴犬が自分のしっぽにびっくり…！ あわてて飛び起きる姿に「そんなことある！？！？」「繰り返し見てしまった」の声,https://news.yahoo.co.jp/articles/bae1b00c6ac3b7f569f2b93d12a0d3f2300dcd84,6/16(日) 19:05
bfj,BuzzFeed Japan,シャンプーしたばかりなのに…→自分の失敗に気づいて「この世の終わりみたいな顔してる」ワンコに7.3万いいね,https://news.yahoo.co.jp/articles/e8589cfe4552da23c6a314f76068d824ea181580,6/16(日) 19:00
bfj,BuzzFeed Japan,【セブン×とみ田】本格的でびっくり！ボリューム満点の「にんにくマシマシ麺」ガッツリ食べられてクセになるおいしさ,https://news.yahoo.co.jp/articles/14d48ffeae01108f3736bb703c8e04cbe971f1c2,6/16(日) 18:35
bfj,BuzzFeed Japan,ハニーズの「スカートみたいなパンツ」が楽ちんでオシャレ！夏でもひんやり涼しいし、脚長効果もバツグンです,https://news.yahoo.co.jp/articles/61d44cd9cc432ca191f029b5d1a69c45faf035d5,6/16(日) 18:05
bfj,BuzzFeed Japan,「もはやお店レベル」安田美沙子の手料理に「1人で作れるのがすごい」「ホテル並み」と絶賛の声,https://news.yahoo.co.jp/articles/de8b769615722a020b57472c8c0832d635bee018,6/16(日) 18:00
bfj,BuzzFeed Japan,「リアルジブリの世界」井上咲楽、大自然に囲まれた実家を公開→「理想の暮らし」「2時間SP番組作れそう」と大反響,https://news.yahoo.co.jp/articles/df4bde97253740d1fe87303fe086736b91afe7b2,6/16(日) 17:00
bfj,BuzzFeed Japan,【無印良品】便利すぎて手放せない！料理がラクになる「優秀キッチングッズ」3選,https://news.yahoo.co.jp/articles/1ac2be7b5a0ec737ce82a85a50217fd24daf0917,6/16(日) 16:35
bfj,BuzzFeed Japan,【しまむら】ふんわりシルエットが可愛い！2189円の「透け感ブラウス」体型カバーもできるんです,https://news.yahoo.co.jp/articles/4cfec15b69401effc12f6f88a54537b530efbffe,6/16(日) 16:05
bfj,BuzzFeed Japan,【スタバ】ひとくちの幸福感がすごい！ケーキ屋さんみたいな「絶品スイーツ」3選,https://news.yahoo.co.jp/articles/4e6bb1779f80c081f447f01c9bbe5afa40ed482d,6/16(日) 15:35
bfj,BuzzFeed Japan,【コメダ】ボリュームすごくて二度見！クリームたっぷりの「抹茶ジェリコ」ジョッキで出てきてビックリした！,https://news.yahoo.co.jp/articles/fe1f5466e5014634930005e563eecee555026da3,6/16(日) 14:35
bfj,BuzzFeed Japan,梅雨シーズンに大助かり！ニトリで見つけた「雨の日のお役立ちグッズ」3選,https://news.yahoo.co.jp/articles/835a9ea3934d11f09b08a7c9c92760e95b15960f,6/16(日) 13:30
bfj,BuzzFeed Japan,【ユニクロ】1枚着るだけでオシャレ！美シルエットの「新作ワンピース」ウエストがほっそり見えてうれしい！,https://news.yahoo.co.jp/articles/3033ea6e4623c9acb55aaaf70141c9bf1a875291,6/16(日) 12:35
bfj,BuzzFeed Japan,【ダイソー】動物好きにはたまらない！かわいくて癒される「アニマルグッズ」3選,https://news.yahoo.co.jp/articles/3dcb8e59e11777596d4c917ab4ab66f5c56226d8,6/16(日) 12:05
bfj,BuzzFeed Japan,【松屋】衝撃的な美味しさ！ヤミツキになる「ネギ塩牛焼肉丼」ニンニクのパンチが効いた味わいがたまらないんです！,https://news.yahoo.co.jp/articles/7255a5c5f661593fb42079156c304103b657ecc0,6/16(日) 11:35
bfj,BuzzFeed Japan,サカバンバスピスがオムライスに！？ 古生代の生き物を母が完全再現→「レストランで出して」「センスの良さよ…」と大反響,https://news.yahoo.co.jp/articles/33b8e92c1c7a901febfe5e0f515155cb2a607804,6/16(日) 10:35
bfj,BuzzFeed Japan,GUの「高見えワンピース」が着痩せしてうれしい！楽ちんなのに、体のラインが美しく見えるんです！,https://news.yahoo.co.jp/articles/24bb46fe418f8ad186aba678f2616a6a4cd116da,6/16(日) 10:35
bfj,BuzzFeed Japan,柴犬がぬいぐるみを“ふかふかチェック”、リズミカルにモフる姿が「気持ち良さそう」「最後が同じ顔になっててかわいい」と114万回再生突破,https://news.yahoo.co.jp/articles/e706a6a574338a6e8027b1b01a435abc048256e8,6/16(日) 10:00
bfj,BuzzFeed Japan,「もうシェフじゃん」庄司智春の手作りオシャレ朝食に驚きの声「美しい」「断面映え！」と妻・藤本美貴も絶賛,https://news.yahoo.co.jp/articles/31025cc8238cdc340ac9971dbecfd96f51c2a020,6/16(日) 9:45
bfj,BuzzFeed Japan,大気や水が存在するかも？ 地球に近いサイズの惑星「グリーゼ12b」を発見。将来の観測で「生命に関連のある成分」の有無が明らかになると専門家,https://news.yahoo.co.jp/articles/781751c7ebd9807f4da9b491aaf15be5d30b4d0a,6/16(日) 9:35
bfj,BuzzFeed Japan,ディズニーランドの「限定タオル」ミッキーたちが可愛くて、使うだけで気分が上がるんです！,https://news.yahoo.co.jp/articles/3c812c61a21e3ece61b8c68803d8dfa5f9c950f4,6/16(日) 9:35
bfj,BuzzFeed Japan,【ローソン】どれから食べるか迷う！3種類の和スイーツが入った「ご褒美おやつ」いろんな味を楽しめます,https://news.yahoo.co.jp/articles/03fbdf7183e82210056efdf3b2f0892ef9bc5c40,6/16(日) 7:35
bfj,BuzzFeed Japan,【無印良品】お蕎麦屋さんのカレーの味がする！牛すじがたっぷりと入った「麺にかけるカレースープ」ホッとするおいしさでした！,https://news.yahoo.co.jp/articles/3837c383aef68b79bd9fb6a2f37cf43d69ae73ee,6/15(土) 21:05
bfj,BuzzFeed Japan,「必死な11年」辺見えみり、“寝落ち“ショットを公開→娘の誕生日につづった思いに「目頭が熱くなりました」「勇気づけられた」の声,https://news.yahoo.co.jp/articles/3334abca03a3ce025333b7ede04eb954b7c78212,6/15(土) 21:00
bfj,BuzzFeed Japan,【ユニクロ×マリメッコ】コーデの主役になる可愛さ！1990円の「楽ちんトップス」細見え効果バツグンの名品です！,https://news.yahoo.co.jp/articles/584d58ddaea15716508800dd5cf5a95c21280c0e,6/15(土) 20:35
bfj,BuzzFeed Japan,【ニトリ】高級感がすごい！ハリーポッターに出てきそうな「おしゃれインテリア」置くだけで部屋がホテルみたいになるんです,https://news.yahoo.co.jp/articles/bdc3ec56b3c3878de0e9c9e1d62f0a743749797e,6/15(土) 20:05
bfj,BuzzFeed Japan,「5度見したwww」自慢の鼻がギュンッと曲がったコーギー爆誕→「ゾロリみがある」「そんなに曲がるん！？」と話題,https://news.yahoo.co.jp/articles/3b90468408f3fb781db26bb60ab69522f4e17494,6/15(土) 20:05
bfj,BuzzFeed Japan,GACKT「ボキッと激しい音が…」まさかの“事態”を告白→「怖すぎる」「びっくりした」と驚きの声,https://news.yahoo.co.jp/articles/a8fa95529ae8629843b9a2f47d36e8bad6d75002,6/15(土) 19:15
bfj,BuzzFeed Japan,【セブン】400円以下とは思えない美味しさ！ストック常備しておきたい「冷食フード」3選！,https://news.yahoo.co.jp/articles/1968581aa64dccbadc2dc64398d3c96c40dd2bf5,6/15(土) 19:05
bfj,BuzzFeed Japan,【ローソン】町中華みたいな「160円チャーハン」がリピート確定のおいしさ！食べる手が止まらなくなるんです,https://news.yahoo.co.jp/articles/9e24994ceef07651ec5281dbaa87e448d862dff4,6/15(土) 18:35
bfj,BuzzFeed Japan,ニコアンドの「大容量バッグ」がお花畑みたいでかわいい！ノートPCも入るし、刺繍のデザインが素敵なんです,https://news.yahoo.co.jp/articles/909363eb13af3c5ebd6e9bb04a5779a592d7376c,6/15(土) 18:05
bfj,BuzzFeed Japan,【ダイソー】夏に売り切れる前にチェックしたい！暑い日に大活躍してくれる「ひえひえグッズ」3選,https://news.yahoo.co.jp/articles/5fcf3d47c151101cbd562cd88899ffd4a2ae9e56,6/15(土) 16:35
bfj,BuzzFeed Japan,【ハニーズ】スニーカーみたいな歩きやすさ！レビュー絶賛の「厚底サンダル」スタイルが盛れる名品です！,https://news.yahoo.co.jp/articles/fb4348804db3246aca4d5006e38e7cc63500541f,6/15(土) 16:05
bfj,BuzzFeed Japan,【ファミマ】クリームがぎゅぎゅうに詰まってる！食べ応えたっぷりの「絶品スイーツ」3選,https://news.yahoo.co.jp/articles/db6196982ea8cdc707128a3aa11609e972ed63d3,6/15(土) 15:35
bfj,BuzzFeed Japan,【ココス】期間限定の「ボリューム満点パフェ」チョコミントたっぷりで贅沢！眠気が覚めるくらい、清涼感がすごいんです,https://news.yahoo.co.jp/articles/bfba4ed55db1b23a87c600606b16bf1b8811edf8,6/15(土) 14:35
bfj,BuzzFeed Japan,【ニトリ】こするだけでピカピカになった！掃除が楽ちんになる「便利グッズ」3選,https://news.yahoo.co.jp/articles/3e4cef00c9df38ccc2164f470067b57d04f9aebc,6/15(土) 13:35
bfj,BuzzFeed Japan,【ZARA】流行りのハーフムーン型がかわいい！新作の「高見えバッグ」どんなコーデにも合う名品でした！,https://news.yahoo.co.jp/articles/4f286829cc24bc2261aea9a158bcb8915dd2c1ea,6/15(土) 12:35
bfj,BuzzFeed Japan,ハリセンボン近藤春菜「最近楽しいこと」に励む姿に反響→「かっけー！」「忙しいのに充実してる」,https://news.yahoo.co.jp/articles/ef22ddea031effa96b64b13651107943b8c668a5,6/15(土) 12:05
bfj,BuzzFeed Japan,【コメダ】お腹いっぱい食べられて幸せ！具がギュウギュウに詰まった「ボリューム満点サンド」3選,https://news.yahoo.co.jp/articles/80b943e42bbc89b35f5920fbb2e1718f3b3315e8,6/15(土) 12:05
bfj,BuzzFeed Japan,【大戸屋】お肉が分厚くてボリューム満点！白米が止まらなくなる「肉厚トンテキ弁当」炭火の香ばしさがたまりません,https://news.yahoo.co.jp/articles/1866cd758cb130398a8c24416f04e9ba695489c9,6/15(土) 11:35
bfj,BuzzFeed Japan,【絶対やめて！お弁当が傷みやすくなるNG行為】よくある間違いに農林水産省が注意喚起。あなたは大丈夫？,https://news.yahoo.co.jp/articles/7bca2ae2428ab08d1490cc532631bdbb95d40b83,6/15(土) 11:15
bfj,BuzzFeed Japan,牛タンだけじゃない！ 宮城・仙台旅行で食べてほしい知られざる名物3選。実は有名な食材について解説,https://news.yahoo.co.jp/articles/6d492dfcc2f38f16dda6d860756df8be2c93f270,6/15(土) 11:05
bfj,BuzzFeed Japan,「激アツ」屋内イベント『たべっ子どうぶつLAND』が開催。“どうぶつさん”モチーフのメニューやグッズに注目「行くしかない」,https://news.yahoo.co.jp/articles/937c93f46b93a59d168aeddd19e764c72fdf5afb,6/15(土) 11:00
bfj,BuzzFeed Japan,【GU】2枚セットで3990円→2990円はうれしい！コスパ抜群の「高見えセットアップ」夏コーデでガンガン着回せます！,https://news.yahoo.co.jp/articles/6f6eaa091eb574fb6d4061214ab23cd9638702a3,6/15(土) 10:35
bfj,BuzzFeed Japan,「特徴掴みすぎ」キンタロー。元乃木坂46メンバーのモノマネメイクを披露→「似てる」「双子かと思った」の声,https://news.yahoo.co.jp/articles/10ff074ad74e6e2bd4ba041d2ac80d48a6cd21a5,6/15(土) 10:00
bfj,BuzzFeed Japan,【虎に翼】朝ドラに“謎の儀式”が登場→衝撃の展開に「UFO呼んでるのかと…」「爆笑した」と反響,https://news.yahoo.co.jp/articles/339c8b8e1e29c8f86fe25f7505da689aea91f88d,6/15(土) 9:45
bfj,BuzzFeed Japan,【3coins】充電の「困った…」が解決する《おしゃれスマホグッズ》買ってから毎日持ち歩いてる！,https://news.yahoo.co.jp/articles/c35df5ac6582967196c299f64cb97d46630e67d6,6/15(土) 9:35
bfj,BuzzFeed Japan,【フランフラン】この冷たさは感動…！3WAYで使える「ひんやりグッズ」冷却プレートが氷みたいに冷たいんです,https://news.yahoo.co.jp/articles/1006b83a214738407201306805718da1ccd53bc3,6/15(土) 7:35
bfj,BuzzFeed Japan,【グローバルワーク】雨の日でもガンガン使える！荷物がたっぷり入る「大容量バッグ」クシュクシュの持ち手がカワイイんです,https://news.yahoo.co.jp/articles/9015fe03276e51073d256d04dbc328f0925fb976,6/14(金) 20:35
bfj,BuzzFeed Japan,【これは笑顔になっちゃうわ】犬は人類の友達！ 「シャンプーを気配で察知した犬」など、ワンちゃんが見せた表情豊かすぎる瞬間3選,https://news.yahoo.co.jp/articles/2193665e8bd9b24269320664e84693d8f082aaa9,6/14(金) 20:05
bfj,BuzzFeed Japan,【エヴァンゲリオン】葛城ミサトの声優が「久しぶりに会った同志」を報告→「尊いわ…」「おかえりなさい」ファン歓喜,https://news.yahoo.co.jp/articles/6b879929218f054b878c6ef32e0dc60d6db07e27,6/14(金) 20:05
bfj,BuzzFeed Japan,渡辺直美、世界的“伝説のギャル”と奇跡の出会い→2ショット披露に「セレブすぎる」「最強の2人」,https://news.yahoo.co.jp/articles/2da941354edd9b0d8ec69e8f6925a27019718189,6/14(金) 19:35
bfj,BuzzFeed Japan,【セブン】コロンとした形がかわいい！1個60円の「ふんわりケーキ」レモンの爽やかな香りがたまりません,https://news.yahoo.co.jp/articles/9a788e8b9931859b5a0f57b513c5fc03c4f9fc85,6/14(金) 19:35
bfj,BuzzFeed Japan,矢田亜希子「本当にびっくり」“尊敬する大好きな大大大先輩“のサプライズに感激,https://news.yahoo.co.jp/articles/851f495afd1bac3bf9fdc96978b5969b992b0219,6/14(金) 19:05
bfj,BuzzFeed Japan,【フランフラン】とにかく軽くて薄い！家でも外でも使える「薄型ハンディファン」風量たっぷりで涼しいんです！,https://news.yahoo.co.jp/articles/56f2bf42dfdde3e3454da7b31a56886f55873590,6/14(金) 19:05
bfj,BuzzFeed Japan,田中律子、26歳長女との親子ショット披露→「娘さんも可愛い」「りっちゃんに似て笑顔が素敵」と話題に。遠くに行く娘にエールも,https://news.yahoo.co.jp/articles/0b24eb00fa6be3882cf9bf9e87061bb44ba35fc1,6/14(金) 18:35
bfj,BuzzFeed Japan,【GU】二の腕カバーできて嬉しい！サラッと着られる「快適トップス 3選」夏に一枚もっておくと便利です,https://news.yahoo.co.jp/articles/6888349beab2e56ce921b54e524739d9ba29c3ee,6/14(金) 18:35
bfj,BuzzFeed Japan,【ダイソー】羊毛フェルトキットでペンギンを作るつもりが“謎の生物“が爆誕→「どうしてこうなった」「アリクイかな？」,https://news.yahoo.co.jp/articles/783f0f03b35a596d74a34d94fb954819a7220bdb,6/14(金) 18:15
bfj,BuzzFeed Japan,【コメダ新作】季節限定の「具だくさんサンド」が想像を超えるボリューム！卵ペーストがあふれそうなんです！,https://news.yahoo.co.jp/articles/797db74be43dc3aab54c408104dd04e371649fce,6/14(金) 18:05
bfj,BuzzFeed Japan,【ロフト】推し活グッズがまるっと入る！ポケットたっぷりの「万能ファイル」コンパクトにまとまって便利なんです！,https://news.yahoo.co.jp/articles/b67f3816862b48642200cf28abedda41430c984b,6/14(金) 17:35
bfj,BuzzFeed Japan,「HELP」ビーチに取り残されたカイトサーファー、石で助けを求め 救助される。米,https://news.yahoo.co.jp/articles/810c8e43d794995b8caddfaba7099fc6d1f66205,6/14(金) 17:26
bfj,BuzzFeed Japan,【コスパ最強！】サイゼリヤの新商品が欲張りセットすぎる！ 「これ650円ってやべぇ」「圧倒的感謝」と話題に→実際に食べてみた,https://news.yahoo.co.jp/articles/001fbf0419ec65c97f3e673c80385a4c4e3c636c,6/14(金) 17:05
bfj,BuzzFeed Japan,【ニコアンド】これ1枚でオシャレ見え！透け感がカワイイ「ふんわりトップス」2WAYで使えて着回し力バツグンです！,https://news.yahoo.co.jp/articles/c172b837c2be03e3c9945411dd8ec673aa7ea466,6/14(金) 16:35
bfj,BuzzFeed Japan,3coinsの「330円保冷バッグ」が出先で重宝する！夏でもチョコが溶けにくくて便利なんです！,https://news.yahoo.co.jp/articles/11d86547b5c5a709aec8b8a2c00378fdb2779623,6/14(金) 16:05
bfj,BuzzFeed Japan,【ダイソー】イケアで売ってそうな「高見えインテリア」110円とは思えないオシャレさなんです！,https://news.yahoo.co.jp/articles/a00283baf656b0e67585c9691a6bcb3e92729454,6/14(金) 15:35
bfj,BuzzFeed Japan,【びっくりドンキー】重量感がすごい！ジョッキに入った「デカ盛りスイーツ」1人で食べ切れないほどのボリュームです！,https://news.yahoo.co.jp/articles/074b841ad63d1f11eecf0bb2ed0ac8155822fff7,6/14(金) 14:35
bfj,BuzzFeed Japan,【ニトリ】キッチンを広く使えて嬉しい！浮かせて収納できる「食器スタンド」お皿の乾きも早くて便利です,https://news.yahoo.co.jp/articles/5309fb0af48543d88f78387a2546b7b219947367,6/14(金) 13:35
bfj,BuzzFeed Japan,【無印良品】フルーティさがたまらない！何個もストックしておきたくなる「ひんやりスイーツ」3選,https://news.yahoo.co.jp/articles/f72f9b9cf65813035479ea1d1fda4d7c79a88d7a,6/14(金) 13:05
bfj,BuzzFeed Japan,ユニクロの「ブラ付きワンピース」が楽ちんな上にオシャレ！ストンと落ちるシルエットで、体型カバーもできるんです,https://news.yahoo.co.jp/articles/62557c4f36fc05aa40ca80de5eaef72693f411ba,6/14(金) 12:35
bfj,BuzzFeed Japan,「上手すぎ！」中川翔子、ジャッキー・チェンに似顔絵プレゼント→「愛が詰まってる」「素敵」10年ぶりの再会が話題,https://news.yahoo.co.jp/articles/1543ef9ef07cd7643755ba68ec5a23e13c272e0a,6/14(金) 12:05
bfj,BuzzFeed Japan,イケアの「おしゃれキッチングッズ」3選！デザインが可愛くて、使うだけで気分が上がります！,https://news.yahoo.co.jp/articles/bc0163a62faf6f24db2fdff8b227af81457e27e2,6/14(金) 12:05
bfj,BuzzFeed Japan,「出会いは36年前」葉加瀬太郎、“ミュージカルの王様”と2ショット披露→「初耳でした」「いくつになってもパワフル」と反響,https://news.yahoo.co.jp/articles/fe567e6025caa6f7b4442b7020cb97abc2e33454,6/14(金) 11:35
bfj,BuzzFeed Japan,【かつや】1人前とは思えない！揚げ物たっぷりの「ボリューム満点どんぶり」カツがどーんと乗って贅沢なんです！,https://news.yahoo.co.jp/articles/7ce7a081d40e50d4059af622a1b2b4d7719cc51c,6/14(金) 11:35
bfj,BuzzFeed Japan,【ディズニーランド】ぬいぐるみっぽくて可愛い！ベイマックスの「ティッシュケース」置くだけで部屋が華やかになるんです！,https://news.yahoo.co.jp/articles/2afa578d4bf05f300df11bb3fddee53f813f009e,6/14(金) 10:35
bfj,BuzzFeed Japan,【GU】体型カバー効果ばつぐん！1990円の「ゆったりトップス」きれいめにもカジュアルにも着回せます！,https://news.yahoo.co.jp/articles/cf39e29a480701a2b6c03bfa9fbe9b0bdf9f81e9,6/14(金) 9:35
bfj,BuzzFeed Japan,本日6月14日は「TWICE」のメンバーで台湾出身のツウィさんのお誕生日！ テイラー・スウィフトさんのカバー曲は3000万回再生,https://news.yahoo.co.jp/articles/32c6c8c9ac39ce17eb216f16b2050d0c8fb6b40e,6/14(金) 8:10
bfj,BuzzFeed Japan,佐々木希の手料理に絶賛の声集まる「天才ママ」「レシピ本出して欲しい」,https://news.yahoo.co.jp/articles/c2ae5457f46033151ac0ba595fdf889ebe009d64,6/14(金) 8:05
bfj,BuzzFeed Japan,【アフターヌーンティー】もう急須いらないかも！緑茶も紅茶も淹れられる「おしゃれティーポット」レンジも食洗機もOKだからガンガン使えます。,https://news.yahoo.co.jp/articles/6294c0228ed38a5f2e613707c56a734ba0e3b12c,6/14(金) 7:35
bfj,BuzzFeed Japan,近藤千尋「だいすきな妹」との2ショットを公開→「かわいい2人」「最強コンビ」と話題に,https://news.yahoo.co.jp/articles/872ec2196862240abc8c44bb950f050eed03af0d,6/14(金) 7:30
bfj,BuzzFeed Japan,生後3カ月→3歳、ずっともちもち…！ 成長しても変わらない後ろ姿に「かわいすぎる」「天使」と反響続出,https://news.yahoo.co.jp/articles/869e51d9586b67b87035a1de10364ab0c127fc77,6/14(金) 7:05
bfj,BuzzFeed Japan,杉山愛「こんなに上手に打てるとは」2歳娘の“初テニス”を公開→「流石のDNA」「上手すぎます」と驚きの声が続出,https://news.yahoo.co.jp/articles/bc613d7fe1a3c07ea12a159bb62feda00db1095c,6/14(金) 7:00
bfj,BuzzFeed Japan,【ダイソー】あと5枚くらい欲しい。お花っぽくてかわいい「フランフランみたいな食器」アクセサリー置きにもぴったりなんです！,https://news.yahoo.co.jp/articles/48d487d909b002e1eaf988011ded8873f5119845,6/14(金) 6:35
bfj,BuzzFeed Japan,これだけは押さえておきたい【2024年上半期の映画】3選。人気漫画を前後編で映画化、ラストが圧巻なアカデミー脚本賞作品など,https://news.yahoo.co.jp/articles/5eb6076db398f92ebf39217885dc9429dd768ec9,6/13(木) 21:05
bfj,BuzzFeed Japan,【イケア】置くだけで高級感がすごい「タワー型スタンド」雑貨やアクセサリーがおしゃれに飾れます！,https://news.yahoo.co.jp/articles/830edc4b3ede0bfc4fe99155c4c7968dd2a3af61,6/13(木) 21:05
bfj,BuzzFeed Japan,ニコアンドの「大容量トートバッグ」がポケットたっぷりで優秀！ふんわりハンドルで、荷物が重い日でも疲れにくいんです,https://news.yahoo.co.jp/articles/62660c1231929560fde27ac01acda7eb0f02cf1b,6/13(木) 20:35
bfj,BuzzFeed Japan,「タイプじゃない男性からアプローチ。恋愛感情なしの結婚はアリ？」悩みに藤本美貴がキッパリ！ 送った言葉が現実的すぎた,https://news.yahoo.co.jp/articles/40f0562b34c23b9fd87707b5b5918c02849087d7,6/13(木) 20:30
bfj,BuzzFeed Japan,「同居中の義両親が新婚旅行についてくると言い…」嫌がる女性に上沼恵美子がバッサリ回答。これはド正論だわ！,https://news.yahoo.co.jp/articles/18b9823b2e7d7bc532464d45bec1a25f8bf0ff45,6/13(木) 20:15
bfj,BuzzFeed Japan,「ガチの追っかけ勢」ドクターイエロー大好きインコ爆誕→「鳥鉄！」「並々ならぬオタ魂」と話題に,https://news.yahoo.co.jp/articles/af59e02b2154be02360546659e49e909e27450cf,6/13(木) 20:05
bfj,BuzzFeed Japan,本日6月13日でNintendo Switch版『ホロウナイト』発売から6周年！ かわいらしい絵柄からは想像もつかないような激ムズアクションゲーム,https://news.yahoo.co.jp/articles/c9bd9a465ddfe3a58159cef9af9896d99c73cda4,6/13(木) 20:05
bfj,BuzzFeed Japan,これ考えた人すごい！キャンドゥで見つけた「スマホグッズ」3選。110円とは思えない便利さです！,https://news.yahoo.co.jp/articles/883064ae8398a9c46b168558330acd2609c89ddc,6/13(木) 20:05
bfj,BuzzFeed Japan,【ファミマ】こんなマカロン、待ってた！クリームたっぷりの「260円スイーツ」いちご尽くしで贅沢なんです,https://news.yahoo.co.jp/articles/e1eeaa0e087c25b6184a9a60a81a101812547da0,6/13(木) 19:35
bfj,BuzzFeed Japan,「全然混んでなくて最高」みちょぱ、夫の大倉士門とディズニーシーでラブラブデート→2ショットに「似てきた」「そっくり」,https://news.yahoo.co.jp/articles/e05d792d45a488499029ba60d50305fec44f843d,6/13(木) 19:05
bfj,BuzzFeed Japan,【ニトリ】サイズ感がちょうどいい！デッドスペースに置ける「おしゃれ収納ワゴン」リビングや洗面所がスッキリします,https://news.yahoo.co.jp/articles/7d39985f48962718563ab44a6c984fe54b7a4012,6/13(木) 19:05
bfj,BuzzFeed Japan,【高校野球中継】朝日放送ラジオとradikoがタッグ！  完全無料・完全中継の「オーディオ高校野球」発表,https://news.yahoo.co.jp/articles/aecda932449cacfd91fd03b4c2a08dcd72b6b9dc,6/13(木) 18:45
bfj,BuzzFeed Japan,【あおもり県議会だより】攻めすぎたデザインにSNS騒然。アメコミ風のイラストに、カードバトルみたいな県議たちの姿。思わず「デュエルしようぜ！」,https://news.yahoo.co.jp/articles/c1a72ac05caa34f59d70ee60ca37c27c5ebd6e84,6/13(木) 18:35
bfj,BuzzFeed Japan,【GU】ふんわりシルエットがたまらない！スタイル盛れる「レトロかわいいワンピース」3選,https://news.yahoo.co.jp/articles/246f998bcb5dfd782228655458379b17f7593d96,6/13(木) 18:35
bfj,BuzzFeed Japan,【無印良品】クセになる味でハマる！リピートしたくなる「絶品やみつきカレー」3選,https://news.yahoo.co.jp/articles/dbee49a0ba7acb4073a509b235eaa00cc486eb17,6/13(木) 18:05
bfj,BuzzFeed Japan,母の膝に乗ってデレデレと甘える猫ちゃん。しかし、父の膝に乗ると…？ →「ボスの膝の上の猫」「どっちもかわいい」と5.4万いいね,https://news.yahoo.co.jp/articles/4f212eac83e1ca6830d2a160d39de1d1184966d1,6/13(木) 18:00
bfj,BuzzFeed Japan,【3coins姉妹店】レトロ感たっぷり！高見えがすごい「アンティーク風ミラー」部屋がオシャレ空間になりました,https://news.yahoo.co.jp/articles/7e1887c2275b333baea2ade5b0d38155772a82c0,6/13(木) 17:35
bfj,BuzzFeed Japan,「善意の塊のような素敵な物語」神社がSNSで「THE ALFEE 結成50周年ライブチケット」の持ち主捜索→開演ギリギリで持ち主の元へ→ALFEEからお礼届く,https://news.yahoo.co.jp/articles/10d641f091fbe03dbb269e3a420755803a85a57b,6/13(木) 17:10
bfj,BuzzFeed Japan,【ニコアンド】ふんわりレースが可愛い！2WAYで使える「透け感トップス」サッと羽織ってもオシャレです,https://news.yahoo.co.jp/articles/329c78a41680685036eb134062bfe43ec86a844c,6/13(木) 16:35
bfj,BuzzFeed Japan,【イケア】部屋がパッと明るくなった！カフェにありそうな「おしゃれ観葉植物」お手入れいらずで楽ちんです,https://news.yahoo.co.jp/articles/d7347bd36500c40adf5d65ed3285853c7d50be45,6/13(木) 16:05
bfj,BuzzFeed Japan,【ダイソー】これが110円で買えるの嬉しい！コスパ抜群の「優秀ネイルグッズ」3選,https://news.yahoo.co.jp/articles/7bafb5bb8e965e5362ef4a2f319aeb78e85109fb,6/13(木) 15:35
bfj,BuzzFeed Japan,【ドクターイエロー引退】JRが正式発表。「幸運を呼ぶ」車両との別れを惜しむ声。「まだ出会えていないのに…寂しすぎる」,https://news.yahoo.co.jp/articles/c06021816a9f9f5cc7c05f4e39b270b8caf72eb9,6/13(木) 15:25
bfj,BuzzFeed Japan,【シャトレーゼ】151円の「とろける杏仁」がクセになる美味しさ！果物がゴロッと入ってて豪華なんです！,https://news.yahoo.co.jp/articles/3d486d509931fcfb14856a8779f129692d93a5a2,6/13(木) 14:35
bfj,BuzzFeed Japan,【3coins】「傘がビショビショ」が解決！水滴をサッと拭ける「優秀レイングッズ」雨の日のお出かけで大活躍です,https://news.yahoo.co.jp/articles/485ac3302a4618b0560145d8529cdc6d70ea728c,6/13(木) 13:35
bfj,BuzzFeed Japan,【無印良品】濃厚チョコがたまらない！レビュー絶賛の「備蓄おやつ」オンライン売り切れも納得のおいしさです！,https://news.yahoo.co.jp/articles/3c4a1568401a4b20b1025b6cbe76eb4bdb8e8343,6/13(木) 13:05
bfj,BuzzFeed Japan,コーデが一気に華やかになる！ユニクロ×マリメッコの「高見えスカート」キュートな花柄が素敵なんです！,https://news.yahoo.co.jp/articles/1f7c7fa0188dd0ee5e04d2d75bfd44de93c1ac2a,6/13(木) 12:35
bfj,BuzzFeed Japan,【セブン】一度食べたら忘れられない！贅沢でおいしい「濃厚ひんやりスイーツ」3選,https://news.yahoo.co.jp/articles/41df4f7fa9815b76d3f37d41439aefd1781dcaa6,6/13(木) 12:05
bfj,BuzzFeed Japan,【すき家】SNS絶賛の「ネバネバたっぷり牛丼」がおいしい！爽やかで、するするっと食べやすいんです！,https://news.yahoo.co.jp/articles/80e247430432c52a826d37324d3af68ab8eaede2,6/13(木) 11:35
bfj,BuzzFeed Japan,【GU】レトロなデザインが可愛い！美シルエットの「新作ワンピース」ウエストがほっそり見えて嬉しい！,https://news.yahoo.co.jp/articles/2069f5b3e1e3814668fd2ceb5f7311f1e34149f9,6/13(木) 10:35
bfj,BuzzFeed Japan,「ナスカの地上絵みたい」爆睡してたら知らぬ間にまめっちの“タトゥー”が入っていた！？→「かわいい」と23万いいね集めるほど話題に,https://news.yahoo.co.jp/articles/ba606c2d4144494d758ea1848edbeab971580845,6/13(木) 10:00
bfj,BuzzFeed Japan,【ディズニーランド】ベイマックスが可愛い！使い勝手バツグンの「大容量ボトル」家でも外でも活躍してくれます！,https://news.yahoo.co.jp/articles/73aefbbeb8ab59e32be24b17be381a1bb81b37f8,6/13(木) 9:35
bfj,BuzzFeed Japan,グローバルワークの「めちゃ軽日傘」がオシャレ！持ち歩きが楽ちんで、雨の日も使えるんです,https://news.yahoo.co.jp/articles/5593f0f3fd81839370a7f54f0c7cc6f592b315af,6/13(木) 7:35
bfj,BuzzFeed Japan,大竹しのぶ、有名一家を「心から応援したくなるご家族」と大絶賛→集合ショットに「素晴らしいファミリー」「微笑ましい」と反響,https://news.yahoo.co.jp/articles/29a5533cfc55445cdad66c0d51db4a9e0d32790e,6/13(木) 7:30
bfj,BuzzFeed Japan,【虎に翼】過酷すぎ…！ 滝藤賢一の撮影ウラ事情に驚きの声「頭がもげそう」「吹っ飛んじゃいそう」と話題に,https://news.yahoo.co.jp/articles/b55d54a2c6a5e86c68df68aba6f8b702a7f0112d,6/13(木) 7:15
bfj,BuzzFeed Japan,【ダイソー】油を吸い取ってくれる「綿菓子みたいなアイテム」が便利！料理後の油処理が楽ちんになります,https://news.yahoo.co.jp/articles/1faa074249bcb07846df8cbc4c18970dec942ce4,6/13(木) 6:35
bfj,BuzzFeed Japan,【ユニクロ】顔まわりがスッキリ見える！シワになりにくい「新作ブラウス」オンオフ着回せて優秀です！,https://news.yahoo.co.jp/articles/bf99a2c956b5f54d45749cfd653ec12126c841c9,6/12(水) 20:35
bfj,BuzzFeed Japan,【ガスト】食べ応えバツグン！フルーツたっぷりの「大満足スイーツ」3選,https://news.yahoo.co.jp/articles/d0d1aa8ba2e940b090ab9c9eb2b938a753f05b73,6/12(水) 20:05
bfj,BuzzFeed Japan,分かるか！【理不尽すぎるファミコンのアドベンチャーゲーム】3選。落とし穴に落ちる探偵から、人生が嫌になった山岡士郎まで,https://news.yahoo.co.jp/articles/f80f32edbc410a551caed8de9e5a6cc5772d743f,6/12(水) 20:00
bfj,BuzzFeed Japan,矢口真里、中学時代の “秘蔵ショット“を披露！ 制服姿に「この可愛さはモテるわ」「同じクラスなら一目惚れ」,https://news.yahoo.co.jp/articles/2747efff0ec40787d5e86ff20a7a0e367931f867,6/12(水) 19:35
bfj,BuzzFeed Japan,ロイヤルホストの「贅沢パフェ」がフルーツたっぷりで幸せ！カシスの甘酸っぱさがクセになります！,https://news.yahoo.co.jp/articles/6ef545f3b8686ca2a3eb10a1b9c17f12ddadeb51,6/12(水) 19:35
bfj,BuzzFeed Japan,板谷由夏「たぶん思い出して泣いちゃう」“手つなぎショット”公開→「ジーンとしました」「エモいです」とファン共感,https://news.yahoo.co.jp/articles/011dc06723f718e6b97d8084c1fdf9b9793adc52,6/12(水) 19:05
bfj,BuzzFeed Japan,【フランフラン】高級感たっぷりで美しい！レビュー高評価の「おしゃれタンブラー」コンビニコーヒーを腕にかけて持ち運べるんです！,https://news.yahoo.co.jp/articles/4ede34dcf92d4e5e28e394f42fc842b7788d3f6f,6/12(水) 19:05
bfj,BuzzFeed Japan,【虎に翼】「見覚えのある方もいるのでは？」伊藤沙莉と“同級生”だった俳優の2ショットに驚きの声「こんなに大きくなって…」,https://news.yahoo.co.jp/articles/2a5bec950c4e3644b9f991c65dcd3c67209e70be,6/12(水) 18:50
bfj,BuzzFeed Japan,鷲見玲奈、“ママ友“俳優との親子4ショット公開「すっかり母の顔」「全員かわいい！」,https://news.yahoo.co.jp/articles/46b60164b1f3d18ecdf1da3513129a3293507ca7,6/12(水) 18:35
bfj,BuzzFeed Japan,【無印良品】明太子好きにはたまらない！SNSで話題の「クリーミーうどん」スープが濃厚でやみつきになる！,https://news.yahoo.co.jp/articles/6b64f4aea32de09d0f3aee6998af3a0f16484258,6/12(水) 18:35
bfj,BuzzFeed Japan,【ハニーズ】1枚でコーデがサマになる！シルエットが美しい「高見えワンピース」フリルが華やかで可愛いんです！,https://news.yahoo.co.jp/articles/d1621cf1f2132c9d1b8b7308a1b7d524ba06d5a3,6/12(水) 18:05
bfj,BuzzFeed Japan,水槽の掃除中にウミガメが登場！→意外な行動に「めっちゃかわいい」「癒やされた」と15万いいね,https://news.yahoo.co.jp/articles/a2c845c8b380426ce5cb8dc4a8f80c7ed71daed1,6/12(水) 18:00
bfj,BuzzFeed Japan,【イケア】ホテルにあるインテリアみたい！プチプラとは思えない「高級感たっぷりライト」3選,https://news.yahoo.co.jp/articles/00716f8f212207f23a09b5f0655ac62d46870dfd,6/12(水) 17:35
bfj,BuzzFeed Japan,【光る君へ】大河俳優「金に目が眩んで…自業自得です」悪事の結果を報告！？→「残念」「いい人かと思ったのに…」と話題に,https://news.yahoo.co.jp/articles/270586234fe182624cd3acc4da92e893590b8f03,6/12(水) 17:15
bfj,BuzzFeed Japan,米歌手ラナ・デル・レイ、「つきまとい行為」をやめない集団に激怒。街中で口論に,https://news.yahoo.co.jp/articles/17258fd8444b08b80c4de9bdea07ebdd4435d3bf,6/12(水) 17:11
bfj,BuzzFeed Japan,ミニトマトのヘタ、そのままお弁当に入れないで。「食中毒の原因になる」とトマト農家,https://news.yahoo.co.jp/articles/87f82e8a676f541d79eac75200b94232680a85c4,5/10(金) 8:03
