media_en,media_jp,title_articles,link_articles,date_original
stv,STVƒjƒ…[ƒX–kŠC“¹,‚”g‚ğó‚¯‚½‰e‹¿ ‚i‚q”ŸŠÙü‚ª‰^“]ÄŠJ@¬’M`‚Ù‚µ‚İŠÔ,https://news.yahoo.co.jp/articles/1fc42aa079e546647027614608578afe16eb2014,1/27(“y) 11:48
stv,STVƒjƒ…[ƒX–kŠC“¹,u‰Æ‚¾‚Æv‚Á‚½v’†ŠwZ‚Ì³–Êo“üŒû‚ÌƒhƒAƒKƒ‰ƒX‚ğŠ„‚Á‚Ä’†‚ÉN“ü@’j‚ğŒ»s”Æ‘ß•ß@D–ys,https://news.yahoo.co.jp/articles/1949fc0cc42d17cf8d721c21f7951bedb9a7a741,1/27(“y) 11:42
stv,STVƒjƒ…[ƒX–kŠC“¹,yÅVz‚T”NŠÔ‚Å‚Q‚P‚X‚U–œ‰~‚ÌƒLƒbƒNƒoƒbƒN@ˆÀ•””hE–xˆäŠwO‹cˆõ‚ª’nŒ³‚Å‰ïŒ© @«EE—£“}‚¹‚¸‹cˆõŠˆ“®‚ğŒp‘±‚·‚éˆÓŒü‚ğ•\–¾,https://news.yahoo.co.jp/articles/8443170d10d2fa67773b3d74aba590b6e3146e4d,1/27(“y) 11:37
stv,STVƒjƒ…[ƒX–kŠC“¹,y‰^“]ÄŠJzJR”ŸŠÙü‚Ì¬’M\‚Ù‚µ‚İ‰wŠÔ@–\•—á‚Æ‚”g‚Ì‰e‹¿‚Í27“ú‚à‘±‚«120–{‚ª‰^‹x,https://news.yahoo.co.jp/articles/65be7d2da6b4cf4b7350342cfcc6dceaf65874bb,1/27(“y) 9:34
stv,STVƒjƒ…[ƒX–kŠC“¹,‚Ü‚½•sR‰Î@”ŸŠÙs‚Ìƒ}ƒ“ƒVƒ‡ƒ“‚Å’iƒ{[ƒ‹”R‚¦‚é,https://news.yahoo.co.jp/articles/b1a4de8cb56e2736c0b061b28846e4c254e2663d,1/27(“y) 9:25
stv,STVƒjƒ…[ƒX–kŠC“¹,ƒŠƒAƒ‹u‹³êv@Œµ‚µ‚¢‹K—¥‚Æ’c‘Ìs“®@Œx@ŠwZ‚ÌŒP—û‚É–§’…@–kŠC“¹,https://news.yahoo.co.jp/articles/eae6a97b4800db67c15444f10148c58d879af9fb,1/27(“y) 8:00
stv,STVƒjƒ…[ƒX–kŠC“¹,‘S“ú§‚Ì•½‹Ï”{—¦0.97”{@5”N˜A‘±1.0”{‰º‰ñ‚é@2024”N“x–kŠC“¹‚ÌŒö—§‚Z“ü‚ÌoŠèó‹µ,https://news.yahoo.co.jp/articles/423b65f5001d300db69962d344f31f28932f91c3,1/26(‹à) 19:51
stv,STVƒjƒ…[ƒX–kŠC“¹,u“¯—»‚ğ‚Ë‚½‚ñ‚Å‚¢‚½v‘¼ƒNƒ‰ƒX‚Ì¶“k‚Ì¬Ñ•\‚ğV•·Ğ‚È‚Ç‚É—¬o@Œ³‹³—@‚ğ‘—Ş‘—ŒŸ@D–ys,https://news.yahoo.co.jp/articles/bad1549f2c407ddbc8acedbcd1147fbe0b865a0c,1/26(‹à) 19:30
stv,STVƒjƒ…[ƒX–kŠC“¹,u‰Œ‚ÌL‚¢‚ª‚·‚év˜A‘±•sR‰Î‚©@’iƒ{[ƒ‹”R‚¦‚é@‚«‚Ì‚¤‚à“¯‚¶ƒ}ƒ“ƒVƒ‡ƒ“‚Å‰Î–@–kŠC“¹”ŸŠÙs,https://news.yahoo.co.jp/articles/159646a44564d9acc3d8497cd25d7f09f504b675,1/26(‹à) 18:59
stv,STVƒjƒ…[ƒX–kŠC“¹,•ÊŠC‚Z@‚Q‚P¢‹I˜g‚Åbq‰€Ø•„@t‰Ä’Ê‚¶‚Ä‰@–kŠC‚Z‚Í‚P‚S‰ñ–Ú‚Ìoê@ƒZƒ“ƒoƒc‚Z–ì‹…,https://news.yahoo.co.jp/articles/1bd781cae8caab7fa22243898e93c45f1dbf4fbd,1/26(‹à) 18:50
stv,STVƒjƒ…[ƒX–kŠC“¹,‘“¹‚ªˆê¡’f@á•ö‚Ì”­¶‚ª‘ŠŸ‚®@’j™‚¯‚ª@ƒX[ƒp[‚Í•i”–ó‘Ô‚É@–kŠC“¹—…‰P’¬,https://news.yahoo.co.jp/articles/6394f8fce4699603823e53bbe638d2685d0ba10c,1/26(‹à) 18:50
stv,STVƒjƒ…[ƒX–kŠC“¹,‚«‚¾‚Ü‚è‚ÅÔ‚ª—§‚¿‰¶@á‚É–„‚à‚ê‚½ƒoƒX’â@`‚Å‚Í‘D‚à“]•¢@–kŠC“¹‚Å–\•—á‚Ì’Ü­c‚é,https://news.yahoo.co.jp/articles/a5c918974fd428e2baea6bdb957df18e292beced,1/26(‹à) 18:48
stv,STVƒjƒ…[ƒX–kŠC“¹,—£“‡‚â‹á’n‘Ñ‚Å’nˆæˆã—Ã‚ğx‚¦‚é@–kŠC“¹’n•ûˆã—ÃŒ÷˜JÜ‚ÌöÜ®,https://news.yahoo.co.jp/articles/29acb57f8504784fe1600bfcb5e68c1cd73b67de,1/26(‹à) 17:46
stv,STVƒjƒ…[ƒX–kŠC“¹,u‘‹ƒKƒ‰ƒX‚ªŠ„‚ê˜r‚ğØ‚Á‚½vá•ö‚Å’j™‚¯‚ª@“¹˜H¡’f‚ÅŒÇ—§ó‘Ô‚Ì’n‹æ‚à@–kŠC“¹—…‰P’¬,https://news.yahoo.co.jp/articles/9c6edfe7f419fd8d54b8a6b0ce88b415e8f7877f,1/26(‹à) 16:34
stv,STVƒjƒ…[ƒX–kŠC“¹,`‚Å‘D‚ª“]•¢@”²‚¯“¹‚Å‚ÍÔ‚ª—§‚¿‰¶@–\•—á‚Ì’Ü­@‘å—Ê‚Ìá‚Éu‚à‚¤‚­‚½‚­‚½v–kŠC“¹,https://news.yahoo.co.jp/articles/1c3a55154f945e876afbd75d10658215ec866461,1/26(‹à) 16:24
stv,STVƒjƒ…[ƒX–kŠC“¹,JR‰^‹xƒoƒXæ‚èê‚És—ñ@u¬’M[‚Ù‚µ‚İ‰wŠÔvI“ú‰^“]Œ©‡‚í‚¹@ÄŠJ‚ÌŒ©’Ê‚µ‚Â‚©‚¸@–kŠC“¹,https://news.yahoo.co.jp/articles/5b1738e33662b1b2fed6a7469b1e6bb03a009796,1/26(‹à) 16:09
stv,STVƒjƒ…[ƒX–kŠC“¹,‘Iè‚Æ“¯‚¶ƒtƒ‹ƒƒjƒ…[‚ğÁ‰»@¬–ìL“ñ‚ªƒgƒŒ[ƒjƒ“ƒO‚ÉQ‰Á@ƒRƒ“ƒTƒh[ƒŒ‰«“êƒLƒƒƒ“ƒv,https://news.yahoo.co.jp/articles/ec5549a46a21884f587e76b6c3cb9c3a9337c4c1,1/26(‹à) 14:35
stv,STVƒjƒ…[ƒX–kŠC“¹,90Î‚Ì•êe‚Ì˜e• ‚ğR‚é@‚ë‚Áœ‚ğÜ‚éd@ŠQ‚Ì‹^‚¢‚Å55Î‚Ì’j‚ğ‘ß•ß@–kŠC“¹m•Ês,https://news.yahoo.co.jp/articles/ed6864c594cbc97ec91838199e4e160aa990772b,1/26(‹à) 12:20
stv,STVƒjƒ…[ƒX–kŠC“¹,u’x‚ÍŠm’èv“¹–¯‚½‚ß‘§@—ñÔ‚Q‚T‚S–{‰^‹x@VçÎ‹ó`‚Å‚Í‚P‚P‚Ol‚ªˆê–é–¾‚©‚·@–kŠC“¹,https://news.yahoo.co.jp/articles/58710142b4dfb401bf9585551a84625df90be6b5,1/26(‹à) 12:01
stv,STVƒjƒ…[ƒX–kŠC“¹,‚R‚O‘äˆÈã‚ÌÔ‚ª—§‚¿‰¶@á•ö‚Å10Î’j™‚¯‚ª@œá’Ç‚¢‚Â‚©‚¸@–\•—á‚Ì’Ü­c‚é@–kŠC“¹,https://news.yahoo.co.jp/articles/14200d70c1135d25e1523b6ba27b4f6a07e8c520,1/26(‹à) 11:53
stv,STVƒjƒ…[ƒX–kŠC“¹,`‚É•‚‚¢‚Ä‚¢‚½1l‚ğ”­Œ©@€–S‚ğŠm”F@‹ß‚­‚ÉŒW—¯‚³‚ê‚Ä‚¢‚½‘D‚ª“]•¢@–kŠC“¹E¬’M’z`,https://news.yahoo.co.jp/articles/fcf3f304379178d7e8190bf9efd7d694cb16fcb4,1/26(‹à) 11:47
stv,STVƒjƒ…[ƒX–kŠC“¹,ƒ}ƒ“ƒVƒ‡ƒ“˜L‰º‚Å’Ş‚èŠÆ‚ª”R‚¦‚é@ü•Ó‚É‰Î‚Ì‹C‚È‚µ@‰½Ò‚©‚ª‰Î‚ğ‚Â‚¯‚½‚©@–kŠC“¹”ŸŠÙs,https://news.yahoo.co.jp/articles/305a287031312ff05aedcafd95bb51770d567118,1/26(‹à) 11:07
stv,STVƒjƒ…[ƒX–kŠC“¹,á•ö‚ª”­¶@’¬‰cZ‘î‚ğ’¼Œ‚@¬Šw¶‚Ì’j™‚ª20j–D‚¤‚¯‚ª@–ñ30l‚ª”ğ“ï@–kŠC“¹—…‰P’¬,https://news.yahoo.co.jp/articles/bb0724c09acb536f9f5213e5183ca2670fcd0e37,1/26(‹à) 10:39
stv,STVƒjƒ…[ƒX–kŠC“¹,”ŸŠÙüu¬’M[‚Ù‚µ‚İvI“ú‰^“]‚ğŒ©‡‚í‚¹@‚”g‚Ì‰e‹¿‚Å•œ‹Œì‹Æ‚Å‚«‚¸@‚i‚q–kŠC“¹,https://news.yahoo.co.jp/articles/c3722b5f5bc4f3ad10e12e9ef0f368d0b918b99b,1/26(‹à) 10:28
stv,STVƒjƒ…[ƒX–kŠC“¹,’†ŠwZ‚©‚ç”õ•i“‚ñ‚¾‹³—@‚ğ‘—ŒŸ@Œx@‚Í—]ß‚ª‚ ‚é‚Æ‚İ‚Ä‘{¸@D–ys,https://news.yahoo.co.jp/articles/8cf5486c162cd39bdab8c86c8d79278782e25c18,1/26(‹à) 5:43
stv,STVƒjƒ…[ƒX–kŠC“¹,ƒeƒŒƒr‚ªŒ©‚ê‚È‚¢c‹Ö~‚³‚ê‚½ŠO‘»–³ü‹@‚Ö‚ÌŠÄ‹‹­‰»@ƒjƒZƒR’¬,https://news.yahoo.co.jp/articles/953057fa3cce692023c5a4c7f2da2c5f4bcce946,1/26(‹à) 5:37
stv,STVƒjƒ…[ƒX–kŠC“¹,‘qŒÉŒš’z’†‚Éx’Œ•ö—@ì‹Æˆõ7l‚ªœÜ‚âŠá‹…”j—ô‚È‚Ç‚ÌdŒy@ì‹ÆŠ’·‚ç4l‚ğ‘—Ş‘—ŒŸ,https://news.yahoo.co.jp/articles/b025487c09f16865fe7b8834d89b511ed18d6a27,1/25(–Ø) 19:30
stv,STVƒjƒ…[ƒX–kŠC“¹,ü˜H‚É‚”g@”ŸŠÙüu¬’M[‚Ù‚µ‚İv‰^“]ÄŠJ‚Í‘‚­‚Ä‚Q‚U“úŒßŒã@D–yŒ—‚à‰^‹x”­¶@‚i‚q–kŠC“¹,https://news.yahoo.co.jp/articles/9d5380d5772194d906f3c5d4ca04a7a8c9b31281,1/25(–Ø) 18:45
stv,STVƒjƒ…[ƒX–kŠC“¹,H–Œ»ê‚Ì‘«ê“|‰ó@“d’Œ‚àÜ‚ê‹È‚ª‚é@Œƒ‚µ‚¢á‚Æ‹­•—@–kŠC“¹Še’n‚Å”íŠQ‚ª‘ŠŸ‚®,https://news.yahoo.co.jp/articles/789d2347849214ac153770db17860aa05a42d02c,1/25(–Ø) 18:45
stv,STVƒjƒ…[ƒX–kŠC“¹,ŠCŠO‚ÌŠÏŒõ‹q‚à‘«~‚ß@VçÎ‹ó`‚Å‚P‚S‚S•Ö‚ªŒ‡q@‚i‚q‚à‚S‚S‚P–{‰^‹x@–\•—á‚Ì–kŠC“¹,https://news.yahoo.co.jp/articles/4d4b842796e70b9326df0f54725a30ad3d933ba6,1/25(–Ø) 18:39
stv,STVƒjƒ…[ƒX–kŠC“¹,‹³ˆõ‚Ìe–r‰ï”ï‚àcu©•ª‚Å‚·vŠwZ‚Ì”õ•iŞ“‚Å’†ŠwZ‹³—@‚ğ‘—ŒŸ@—]ß‚ğ‘{¸@D–ys,https://news.yahoo.co.jp/articles/f2c018480739262c4ecb09acc724551f17153079,1/25(–Ø) 17:25
stv,STVƒjƒ…[ƒX–kŠC“¹,D–ys‚«‚Ì‘S—ñÔ‚ª‰^‹x@¬’M‰w‚ÌƒoƒXæ‚èê‚És—ñu‹ó`‚Ü‚Ås‚­—\’è‚ªcvJR‚â‹ó‚Ì•Ö‚É‰e‹¿,https://news.yahoo.co.jp/articles/f31a473fc73eabb0ea7f043cfd8f60bf3c641d49,1/25(–Ø) 16:33
stv,STVƒjƒ…[ƒX–kŠC“¹,ŒºŠÖ‚ğŠJ‚¯‚é‚Æá‚Ì•Çuá‚ª‚·‚²‚­‚Äv@H–Œ»ê‚Ì‘«ê‚à“|‰ó@–\•—á‚Ì–kŠC“¹,https://news.yahoo.co.jp/articles/6982cff60f2c0b34a3ddeaf78f36cd17621ffc73,1/25(–Ø) 16:07
stv,STVƒjƒ…[ƒX–kŠC“¹,yVŒ^ƒRƒƒiz–kŠC“¹@1ˆã—Ã‹@ŠÖ‚ ‚½‚è10.78l@‘OT‚É”ä‚×0.25l‘‰Á@Š´õÒ”‚Í‰¡‚Î‚¢,https://news.yahoo.co.jp/articles/c68418e9254e3458f23540b8f4b30b6e34d8a61a,1/25(–Ø) 15:40
stv,STVƒjƒ…[ƒX–kŠC“¹,‚iƒ`[ƒ€‚Æ‚ÍƒLƒƒƒ“ƒv‰ @ìèƒtƒƒ“ƒ^[ƒŒ‚Æ‚Ì—ûK‡‚Åˆø‚«•ª‚¯@ƒRƒ“ƒTƒh[ƒŒ,https://news.yahoo.co.jp/articles/c1caa92f7489669c606ff3b6830238729422e0b5,1/25(–Ø) 15:36
stv,STVƒjƒ…[ƒX–kŠC“¹,ƒzƒƒCƒgƒAƒEƒg‚Å‘O‚ªŒ©‚¦‚¸@’âÔ’†‚ÌœáÔ‚Éƒgƒ‰ƒbƒN‚ªÕ“Ë@“¯æÒ‚ª•a‰@”À‘—@–kŠC“¹•ÊŠC’¬,https://news.yahoo.co.jp/articles/86ab525773f44a8df1634532c35391de179868b6,1/25(–Ø) 13:42
stv,STVƒjƒ…[ƒX–kŠC“¹,È‚ğŠK’i‰º‚ÉR—‚Æ‚·@‹ƒ‚«‚È‚ª‚çu‘Ì‚ğ‰£‚ç‚ê‚½v‚Æ’Ê•ñ@’ji46j‚ğ‘ß•ß@–kŠC“¹,https://news.yahoo.co.jp/articles/89440025924372b3ec516db2c7f8225abed6d3b3,1/25(–Ø) 12:40
stv,STVƒjƒ…[ƒX–kŠC“¹,–Ú‚àŠJ‚¯‚ç‚ê‚È‚¢c’f‘±“I‚Èá‚Æ‹­•—@“ú–{ŠC‘¤‚Ì—¯–Gs‚©‚ç’†Œp@”’”g‚ªˆê–Ê‚É,https://news.yahoo.co.jp/articles/4143c453c6c22a46e0c324677b642d5695a1dde6,1/25(–Ø) 12:10
stv,STVƒjƒ…[ƒX–kŠC“¹,ü˜H‚É‚”g“’B@JR‚Í391–{‰^‹xcƒoƒX’â‚É’·‚¢—ñ@‹ó‚Ì•Ö‚à–ñ100•ÖŒ‡q@–\•—á‚Ì‰e‹¿,https://news.yahoo.co.jp/articles/942aaa74a2e45dc89fa780b72daec4781b88c873,1/25(–Ø) 12:00
stv,STVƒjƒ…[ƒX–kŠC“¹,’ná‚ÅƒzƒƒCƒgƒAƒEƒg@Ô‚Ì—§‚¿‰¶‚ª‘½”­@œá’†‚Ì–ŒÌ‚Å’j«€–S@‘år‚ê‚Ì–kŠC“¹,https://news.yahoo.co.jp/articles/26d3eb511c9f5fb82a1125433175974c420b5524,1/25(–Ø) 11:58
stv,STVƒjƒ…[ƒX–kŠC“¹,‘O•û‚ÌŒyæ—pÔ‚ªÔü•ÏX@”ğ‚¯‚æ‚¤‚Æ‚µ‚½Ô‚ª‘ÎŒüÔ‚ÆÕ“Ë@2l‚¯‚ª@Œyæ—pÔ‚Í—§‚¿‹‚è,https://news.yahoo.co.jp/articles/b209508438dd614e629b9dd2aabd38acfee0199d,1/25(–Ø) 11:40
stv,STVƒjƒ…[ƒX–kŠC“¹,ƒgƒ‰ƒbƒN‚É‚Í‚Ë‚ç‚ê‚½80Î’j«‚Ì€–SŠm”F@œ”ráì‹Æ’†‚Ì–ŒÌ@D–ys“ì‹æ,https://news.yahoo.co.jp/articles/2c57be79ab8be1c14cd7cd8dfd9e4a177716953d,1/25(–Ø) 11:16
stv,STVƒjƒ…[ƒX–kŠC“¹,ug‚ÌŠëŒ¯‚ğŠ´‚¶‚év–Òá‚Å‹ŠE•s—Ç@D–y‚Å¡‹GÅ‚à‹­‚¢•—@Œğ’Ê‹@ŠÖ‚àŒ‡qE‰^‹x‘ŠŸ‚®,https://news.yahoo.co.jp/articles/16b0a726b80df15ec5a27faea0f71cb6b85c4ac9,1/25(–Ø) 10:35
stv,STVƒjƒ…[ƒX–kŠC“¹,yÅVz‹ó‚Ì•ÖcVçÎ”­’…‚W‚V•Ö‚ªŒ‡q@–\•—á‚Ì‰e‹¿@Œß‘O‚XŒ»İ@–kŠC“¹,https://news.yahoo.co.jp/articles/acd5b203a6203a42384a1ed868a96f181547522f,1/25(–Ø) 10:03
stv,STVƒjƒ…[ƒX–kŠC“¹,‹­•—‚Å”ò‚Î‚³‚ê‚é@–kŠC“¹‚ÌEˆõ‚ªŒÂlî•ñ‚ª‘‚©‚ê‚½‘—Ş‚ğ—‚Æ‚µ•´¸@JR•½˜a‰w‚Ìƒz[ƒ€,https://news.yahoo.co.jp/articles/17b04c8231b8d7123fc6c014efb452fcaed73342,1/25(–Ø) 9:46
stv,STVƒjƒ…[ƒX–kŠC“¹,–\•—á‚Ì‰e‹¿‚Å“Á‹}—ñÔ‚â‰õ‘¬ƒGƒAƒ|[ƒg‚È‚Ç‚ ‚í‚¹‚Ä‚R6‚O–{‰^‹x@‚i‚q–kŠC“¹,https://news.yahoo.co.jp/articles/ecdc373216af829bba2c7ef89e345f4fa4f86238,1/25(–Ø) 8:43
stv,STVƒjƒ…[ƒX–kŠC“¹,ƒgƒ‰ƒbƒN‚Ì‰º•~‚«‚É@‚—î’j«‚ªd‘Ì@D–ys“ì‹æ,https://news.yahoo.co.jp/articles/adcadd84bb1552c1aedf6e9f5e953ac2b6883ce0,1/25(–Ø) 7:13
stv,STVƒjƒ…[ƒX–kŠC“¹,­”NƒTƒbƒJ[‚ÌƒR[ƒ`‡‚â—ûK‚Å‘—Œ}‚àcÀ‚Í–³–Æ‹––kŠC“¹E]•Ês,https://news.yahoo.co.jp/articles/cb3bed4db0b4d8969604d8d7defc210358a84d5c,1/25(–Ø) 7:06
stv,STVƒjƒ…[ƒX–kŠC“¹,‚Z¶‚ªŠJ”­‚µ‚½¤•i‚ÌH‰ï@V‚Ğ‚¾‚©’¬,https://news.yahoo.co.jp/articles/40d94086e90613e9160322199d7c5753870752bf,1/25(–Ø) 6:10
stv,STVƒjƒ…[ƒX–kŠC“¹,“~–°‚µ‚È‚©‚Á‚½ƒNƒ}‚©@–kŠC“¹EV‚Ğ‚¾‚©’¬‚Å–ÚŒ‚@‹ß‚­‚Å‚Í‘«Õî•ñ‚à,https://news.yahoo.co.jp/articles/4969e6ae12e738b3218380e47cc694574aa3e943,1/24(…) 21:41
stv,STVƒjƒ…[ƒX–kŠC“¹,’n‰º“S‰w“à‚Éu—L“ÅƒKƒX”­¶’†v‚Æ‘‚©‚ê‚½ŠÊ‚ğ’u‚­@ˆĞ—Í‹Æ–±–WŠQ‚Ì‹^‚¢‚Å’j‚ğ‘ß•ß@D–ys,https://news.yahoo.co.jp/articles/9f69df8e6d39c58ebc3a0f0b58a364d14899c2ad,1/24(…) 18:50
stv,STVƒjƒ…[ƒX–kŠC“¹,˜HüƒoƒX‚R‚O‰~’lã‚°‚Ì•ûj@‰^“]è•s‘«‚Å‚Q‚V”N‚Ô‚è‚Ì‰ü’è@D–ys‚ª”­•\@s–¯‚©‚ç^”Û‚Ìº,https://news.yahoo.co.jp/articles/2c350a669dabb941e1c9f97cd2ce94a30ec73114,1/24(…) 18:41
stv,STVƒjƒ…[ƒX–kŠC“¹,u‚à‚¤‚¤‚ñ‚´‚èvÏ‚à‚éá‚É”ß–Â@‚P‚R‚UZ‚Å—Õ‹xZ@Œğ’Ê‹@ŠÖ‚É‚à‰e‹¿@–Òá‚É’ˆÓ‚Ì–kŠC“¹,https://news.yahoo.co.jp/articles/b7092a22cfede3f1cb9f3239300d284e42e23b3c,1/24(…) 18:30
stv,STVƒjƒ…[ƒX–kŠC“¹,u‚²‚İ‚Ìƒxƒbƒh‚©‚ç‰Î‚ªo‚½vÏ‚İã‚°‚ç‚ê‚½‚²‚İ‚Ìƒ}ƒbƒgƒŒƒX‚ª”R‚¦‚é@‚¯‚ªl‚È‚µ@D–ys¼‹æ,https://news.yahoo.co.jp/articles/f345c43dc4415ca5364ea98b5e6349a499fd5f31,1/24(…) 18:12
stv,STVƒjƒ…[ƒX–kŠC“¹,‘‚Ìuƒn[ƒtƒ‰ƒCƒtƒ‹ev‹K§‹­‰»‚Ì“®‚«‚É‘Î‚µ’m–‚ª‹Ù‹}‚Å—v–]‘’ño@–kŠC“¹,https://news.yahoo.co.jp/articles/536aea4c9c78c594d71f4740f215f67b865bfc26,1/24(…) 18:04
stv,STVƒjƒ…[ƒX–kŠC“¹,10‘ã‘O”¼‚Ì­—‚É«“I–\s@]•Ês‚Ì‰îŒìm‚Ì’ji39j‘ß•ß@‚ ‚¢‚Ü‚¢‚È‹ŸqŒJ‚è•Ô‚µ”Û”F,https://news.yahoo.co.jp/articles/5db79bae0d33242115834ae7045a78635e93abb1,1/24(…) 17:13
stv,STVƒjƒ…[ƒX–kŠC“¹,ƒeƒŒƒr“ƒ‚Ì•¶š‚ª‚©‚·‚Ş‚Ù‚Ç@–kŠC“¹‚Å–\•—á@—Õ‹xZ‚âJR‚Ì‰^‹x@‹ó‚Ì•ÖEƒtƒFƒŠ[‚ÅŒ‡q‚à,https://news.yahoo.co.jp/articles/66fd9db1075bbcd693613f4ce53d728ced3a7496,1/24(…) 16:13
stv,STVƒjƒ…[ƒX–kŠC“¹,‰c‹Æ‚Ì–K–âæ‚Å”Æs@‚Q‚O‘ã—«‚Ìã”¼g‚ğG‚é@–kŠC“¹“Şˆä]’¬‚Ì’ji‚V‚Vj‚ğ‘ß•ß,https://news.yahoo.co.jp/articles/027db95f396b71a4fcc6374631c8db870e7b4fd5,1/24(…) 16:04
stv,STVƒjƒ…[ƒX–kŠC“¹,yJR‰^‹xŠg‘åz‚Q‚S“ú–\•—á@D–yŒ—‚ÅÅI—ñÔŒJ‚èã‚°@‚Ù‚©‰^‹x‘½”@‚Q‚T“ú‚àŒv‰æ‰^‹x,https://news.yahoo.co.jp/articles/c20dfdd251fbf1a115be244c4631f716ea917b01,1/24(…) 14:56
stv,STVƒjƒ…[ƒX–kŠC“¹,VŒ^ƒCƒ“ƒtƒ‹ƒGƒ“ƒU”­¶‚Æ‚Ì‘z’è@“¹‚ªŠ´õÇ‚Ì‘Î‰ŒP—û@V‚½‚ÈŠ´õÇ‚ª”­¶‚µ‚½ê‡‚É”õ‚¦@–kŠC“¹,https://news.yahoo.co.jp/articles/ef2df6fbb5db399641ee9d913e66832d10e4d147,1/24(…) 12:12
stv,STVƒjƒ…[ƒX–kŠC“¹,Ô‚Q‘ä‚ª³–ÊÕ“Ë@‚Z¶‚Ql‚ğŠÜ‚ŞŒv‚Tl‚ª”À‘—@“–˜H–Ê‚Í“€Œ‹@–kŠC“¹ŒŒ`’¬,https://news.yahoo.co.jp/articles/e3aced7b3aabfed31daf69a384c8474d3b4f3a4e,1/24(…) 12:00
stv,STVƒjƒ…[ƒX–kŠC“¹,“ú–{ŠC‘¤‚ğ’†S‚É–Òá@‚Q‚T“ú‚É‚©‚¯‚Ä–\•—á‚ÉŒx‰ú@JR‚Ì‰^‹x‚â—Õ‹xZ‚à@–kŠC“¹,https://news.yahoo.co.jp/articles/96347512816fc86952556a2100defc96b2fdea98,1/24(…) 11:52
stv,STVƒjƒ…[ƒX–kŠC“¹,yJR‰^‹xî•ñz–\•—á‚Ì‰e‹¿‚ÅD–yŒ—‚ÅÅI—ñÔŒJ‚èã‚°,https://news.yahoo.co.jp/articles/c4133569ee247a8c37ad9fb58a2afc63286f5c46,1/24(…) 11:39
stv,STVƒjƒ…[ƒX–kŠC“¹,‹Ê’u_“ñ‚³‚ñƒRƒ“ƒT[ƒgƒ`ƒPƒbƒg‚ğ“]”„@‹“ss‚Ì’ji‚S‚Vj‚ğ‘ß•ß@–kŠC“¹D–ys,https://news.yahoo.co.jp/articles/3df9c5e1708c3a8774afff7a6b24e01f47865d8a,1/24(…) 6:33
stv,STVƒjƒ…[ƒX–kŠC“¹,ˆÅƒoƒCƒg‚ÉŠª‚«‚Ü‚ê‚éáÒ@ƒhƒ‰ƒ}d—§‚Ä‚Ì“®‰æ‚â‰æ‘œ‚ğ§ì@D–y‚Ìê–åŠwZ¶‚ÉŠ´Óó,https://news.yahoo.co.jp/articles/32ed3a36b87c120486e6563ab25960f90e5f5d83,1/24(…) 6:00
stv,STVƒjƒ…[ƒX–kŠC“¹,h”‘{İ‚Å‰Î–@«•Ê•s–¾‚Ìˆâ‘Ì‚ğ”­Œ©@•x—Ç–ìs,https://news.yahoo.co.jp/articles/3df0ebaa9f27d585263ea1dc5f03cd0cb4555008,1/24(…) 5:15
stv,STVƒjƒ…[ƒX–kŠC“¹,80‘ã’j«‚ª‰^“]@’“Ôê‚ÅƒoƒbƒN‚µ‚Ä‚«‚½Ô‚É‚Í‚Ë‚ç‚ê‚é@œá’†‚Ì40‘ã’j—‚ª‚¯‚ª@–kŠC“¹,https://news.yahoo.co.jp/articles/b99391534b823e6c3d8903d0044bd2de4dbfaa1e,1/23(‰Î) 20:00
stv,STVƒjƒ…[ƒX–kŠC“¹,u‹à—Z“Á‹æv‚Ìw’è‚ğ–Úw‚·@D–ys‚ª’ñˆÄ‘‚ğ‘‚É’ño@Šé‹Æ—U’v‚â“Š‘‚Ì„i‚Ö,https://news.yahoo.co.jp/articles/13579d28f15bd8ddf66cd9d37fa5070eca01cdfc,1/23(‰Î) 19:05
stv,STVƒjƒ…[ƒX–kŠC“¹,‘O‚Ìæ‹q‚ª–Y‚ê‚½à•z@©•ª‚Ì‚à‚Ì‚Æ‚µ‚Ä‚¾‚Ü‚µæ‚é@ƒ^ƒNƒV[‚Ìƒhƒ‰ƒŒƒR‚Éˆê•”nI@—e‹^”Û”F,https://news.yahoo.co.jp/articles/2081085e39d1a68d069817e638c42ddd93889d2d,1/23(‰Î) 18:55
stv,STVƒjƒ…[ƒX–kŠC“¹,u¦‚ñ‚Å‚¢‚½v€ˆö‚ÍoŒŒ«ƒVƒ‡ƒbƒN@ˆâ‘Ì‚Éh‚µ@ŠâŒ©‘ò‚ÌEl–¢‹@—]s‚Å—«€–S@–kŠC“¹,https://news.yahoo.co.jp/articles/36314912fb31adaf0c5922b6c8314480b597abeb,1/23(‰Î) 18:31
stv,STVƒjƒ…[ƒX–kŠC“¹,u¡‹G‘S‡oê‚·‚é‚Â‚à‚è‚Åv‚Ş‚©‚í’¬og‚Ì’†‘º‹Ë–ë‚ªX‚È‚é”ò–ô‚Ö“¬u‘SŠJIƒRƒ“ƒTƒh[ƒŒ,https://news.yahoo.co.jp/articles/24f7d7b9a609d645f75d2c8a623aac70dd3969f7,1/23(‰Î) 18:18
stv,STVƒjƒ…[ƒX–kŠC“¹,ŠC‚âR‚ÌK‚ğ—pˆÓuVŠƒ—«‚Ì‰ïv‚ªŠÏŒõ‚o‚q@‚PŒ––‚©‚çƒgƒLƒGƒAuD–yE‹uì[VŠƒv‚ªAq,https://news.yahoo.co.jp/articles/b175583f2bd50cf932850b230358de7739007b15,1/23(‰Î) 17:44
stv,STVƒjƒ…[ƒX–kŠC“¹,uƒMƒƒƒ“ƒuƒ‹‚Ég‚¤‚¨‹à‚ğ“¾‚é‚½‚ß‚Év’†ŠwZ‹³—@‚ªŠwZ‚Ì”õ•i‚ğ“‚Ş@Ş“‚Ì‹^‚¢‚Å‘ß•ß@D–ys,https://news.yahoo.co.jp/articles/59e3c396190f0d18b893d5c3a185dcc7c2d11cf9,1/23(‰Î) 17:08
stv,STVƒjƒ…[ƒX–kŠC“¹,ue‘°ŠÔ‚Åƒgƒ‰ƒuƒ‹ ‚Ql‚ğ¦‚ñ‚Å‚¢‚½vŒ»ê‚É‚à‚İ‡‚Á‚½Œ`Õ@—«‚Ìˆâ‘Ì‚Éh‚µ@–kŠC“¹,https://news.yahoo.co.jp/articles/fffbf8c1bd912e071780ebfa437aa240b6183f8b,1/23(‰Î) 16:20
stv,STVƒjƒ…[ƒX–kŠC“¹,u‚ ‚è‚ª‚½‚¢v‚—îÒ‘î‚ğœá‚·‚éŠw¶ƒ{ƒ‰ƒ“ƒeƒBƒA@’nŒ³Šé‹Æ‚Æƒ^ƒbƒO‘g‚İŠˆ“®L”ÍˆÍ‚É@–kŠC“¹,https://news.yahoo.co.jp/articles/364bcfbe2ee3457348518377817cb499de4441db,1/23(‰Î) 16:11
stv,STVƒjƒ…[ƒX–kŠC“¹,u‚â‚Á‚Ä‚à‚â‚Á‚Ä‚àÏ‚à‚év‘åá‚â–\•—á‚ÉŒx‰ú@‚Q‚O‚VZ‚ª—Õ‹xZ@‚i‚q‚P‚Q‚P–{‰^‹x@–kŠC“¹,https://news.yahoo.co.jp/articles/b7801eda8acefa65f72bef15833dabda2f3cffd1,1/23(‰Î) 16:01
stv,STVƒjƒ…[ƒX–kŠC“¹,á‚Ì‰e‹¿‚Å—ñÔ‚P‚Q‚P–{‚ª‰^‹x@@’Jü‚È‚Çˆê•”‹æŠÔ‚ÍI“ú‰^“]Œ©‡‚í‚¹@‚i‚q–kŠC“¹,https://news.yahoo.co.jp/articles/3737652f94a7cdd4a05c6524ab0d01a94bf50996,1/23(‰Î) 15:18
stv,STVƒjƒ…[ƒX–kŠC“¹,ƒMƒA‚ğƒhƒ‰ƒCƒu‚É“ü‚ê‚½‚Ü‚Ü~Ô@ƒuƒŒ[ƒL‚ÆƒAƒNƒZƒ‹“¥‚İŠÔˆá‚¦ƒ}ƒ“ƒVƒ‡ƒ““Ë‚Á‚Ş@6ldŒy,https://news.yahoo.co.jp/articles/5f0b13edf58d569df71b5ac31172e10cbedb9fb6,1/23(‰Î) 15:00
stv,STVƒjƒ…[ƒX–kŠC“¹,”ŸŠÙüEèˆî¨D–y‰w‚Åˆê‰^“]Œ©‡‚í‚¹@‹O“¹‰ñ˜H‚Ì•s‹ï‡@“Á‹}‚È‚Ç51–{‰^‹x@JR–kŠC“¹,https://news.yahoo.co.jp/articles/0f1cc5538dcc0b95df9dc67c0ab1e80c59856b2d,1/23(‰Î) 14:22
stv,STVƒjƒ…[ƒX–kŠC“¹,‚—î—«‚ªœáÔ‚É‚Í‚Ë‚ç‚ê‚é@‚»‚Ìê‚Å€–SŠm”F@—«‚àœá‚ğ‚µ‚Ä‚¢‚½‚©@–kŠC“¹m•Ês,https://news.yahoo.co.jp/articles/a72b6db9125eeb62f7d541454ea98b7ae8323e1b,1/23(‰Î) 12:31
stv,STVƒjƒ…[ƒX–kŠC“¹,–k•û—Ì“yŒ[”­ƒu[ƒX‚Åƒpƒlƒ‹‚âƒWƒIƒ‰ƒ}“W¦@•ÔŠÒ—v‹‚Ì–¼ƒR[ƒi[‚àİ’u@D–ys,https://news.yahoo.co.jp/articles/e8f9696f8f54067c0683df778fcba9c85d09508e,1/23(‰Î) 12:02
stv,STVƒjƒ…[ƒX–kŠC“¹,u‚Ql‚ğˆê•û“I‚É¦‚ñ‚Å‚¢‚½ve‘°ŠÔƒgƒ‰ƒuƒ‹‚É‚Â‚¢‚Ä‹Ÿq@—«‚Ìˆâ‘Ì‚É‚Íh‚µ@–kŠC“¹,https://news.yahoo.co.jp/articles/8939c71abe0abf4fe9df04d03cac8210cbc35566,1/23(‰Î) 11:59
stv,STVƒjƒ…[ƒX–kŠC“¹,á‚Å‹ŠE•s—Ç@Ô‚Íƒ‰ƒCƒg‚ğ‚Â‚¯‚Ä‘–s@‘åá‚â–\•—á‚ÉŒx‰ú@‚i‚q‚à85–{‰^‹x@–kŠC“¹,https://news.yahoo.co.jp/articles/7ec36ef6781cc7c2a69c56cdcd5ca2fd21bdac59,1/23(‰Î) 11:54
stv,STVƒjƒ…[ƒX–kŠC“¹,y‰^‹xŠg‘åz“Á‹}‚âƒGƒAƒ|[ƒgŠÜ‚Ş—ñÔ85–{‚ª‰^‹x@ˆê•”‹æŠÔ‚Å‰^“]Œ©‡‚í‚¹@‚i‚q–kŠC“¹,https://news.yahoo.co.jp/articles/685817a60d614aba0ff92b5bcf0f87e4c840f571,1/23(‰Î) 10:42
stv,STVƒjƒ…[ƒX–kŠC“¹,“Á‹}‚S–{‚ğŠÜ‚Ş‚T‚V–{‚Ì—ñÔ‚ª‰^‹x@ˆê•”‹æŠÔ‚Å‰^“]Œ©‡‚í‚¹@–\•—á‚Ì‰e‹¿@‚i‚q–kŠC“¹,https://news.yahoo.co.jp/articles/db4954b580ee7e63cf68e18416c427f402fa5731,1/23(‰Î) 10:09
stv,STVƒjƒ…[ƒX–kŠC“¹,D–y‰w‚Ì–k‘¤‚É“¹“àÅ‚‘w‚Ìƒ^ƒƒ}ƒ“’a¶@ƒ‰ƒEƒ“ƒW‚ÉƒQƒXƒgƒ‹[ƒ€@‹‰Ø‚Èİ”õ‚Æ‚ÍcH@–kŠC“¹,https://news.yahoo.co.jp/articles/583975c698686e40cc02f27d13b52bdea124b7f3,1/23(‰Î) 7:00
stv,STVƒjƒ…[ƒX–kŠC“¹,n•¨‚ğ‚Á‚½’j‚ªƒRƒ“ƒrƒj‹­“@Œ»‹à’D‚Á‚Ä“¦‘–@–kŠC“¹ˆ®ìs,https://news.yahoo.co.jp/articles/ca17dad03b12c1d9ce2fc45b84bd000dfdf7ffed,1/23(‰Î) 6:19
stv,STVƒjƒ…[ƒX–kŠC“¹,ŒoÏƒWƒƒ[ƒiƒŠƒXƒg‚Ì’í‚ğ–¼æ‚èŠ”®“Š‘¼‹\@70‘ã—«‚ªŒv2290–œ‰~”íŠQ@–kŠC“¹\ŸŠÇ“à,https://news.yahoo.co.jp/articles/c403b921105f3401c8780c47365cf73c373312f3,1/22(Œ) 21:37
stv,STVƒjƒ…[ƒX–kŠC“¹,u“ª‚ğ‚Ğ‚¢‚½‚Ì‚ğŒ©‚½váÌ‚Äê‚Å’j«—U“±ˆõ‚ªƒzƒC[ƒ‹ƒ[ƒ_[‚É‚Ğ‚©‚ê€–S@–kŠC“¹ˆ°•Ês,https://news.yahoo.co.jp/articles/235c2a6207c9b7f1aa628e898001e87a23a6f72a,1/22(Œ) 20:00
stv,STVƒjƒ…[ƒX–kŠC“¹,¶Šˆ•ÛŒì”ï‚Ìx‹‹ƒ~ƒX‚ğ‰B‚Ø‚¢@„”ï‚Å•â‚Ä‚ñ‚µ‘—Ş‚à‹U‘¢@D–ysEˆõ‚ğ’âE2‚©Œ‚Ì’¦‰úˆ•ª,https://news.yahoo.co.jp/articles/2ab77ff35e4fcaec5f1c6ecf07f634d405933888,1/22(Œ) 19:30
stv,STVƒjƒ…[ƒX–kŠC“¹,‘åè–@—¥––±Š‚àio@uƒ‰ƒsƒ_ƒXvŒø‰Ê‚ÉŠú‘Ò@Ÿ¢‘ã”¼“±‘ÌHê@–kŠC“¹çÎs‚É––±ŠŠJİ,https://news.yahoo.co.jp/articles/934a0655cb1042e8de3131d234468a4955e296cd,1/22(Œ) 18:55
stv,STVƒjƒ…[ƒX–kŠC“¹,¡”N‚ÌŒb•ûŠª‚ÍH@“¹Yƒzƒ^ƒe‚É“÷‚Ã‚­‚µ‚ÌŒb•ûŠª‚à@ß•ª”—‚é’†D–ys“à‚Ìƒfƒp[ƒg‚Å‚¨”â˜I–Ú,https://news.yahoo.co.jp/articles/d841427e37b8b40b2a516557b7be837b4476a946,1/22(Œ) 18:48
stv,STVƒjƒ…[ƒX–kŠC“¹,‘åƒWƒƒƒ“ƒv‚ğ˜A”­@ƒŒƒWƒFƒ“ƒhŠ‹¼‹I–¾‘Iè‚ª‚v”t‘ã•\“ü‚è‚ğŠmÀ‚É@‚r‚s‚uƒJƒbƒv‚Å“ú–{lƒgƒbƒv,https://news.yahoo.co.jp/articles/53975b6cf6d4180b513eb9ddd526394d0c094e6a,1/22(Œ) 18:36
stv,STVƒjƒ…[ƒX–kŠC“¹,u–¾‚é‚¢l‚¾‚Á‚½v€–S—«‚Í’j‚Ìo@EŠQŒã‚ÉƒŒƒ“ƒ^ƒJ[‚ÅˆÚ“®‚µ‹`’í‚ğP‚Á‚½‚©@–kŠC“¹,https://news.yahoo.co.jp/articles/508dc6ac3a16c5860ab163312bf3dd29ee0efc16,1/22(Œ) 18:33
stv,STVƒjƒ…[ƒX–kŠC“¹,‘—§‘å‚Å“ñŸŒ±‚ÌŠè‘ó•tn‚Ü‚é@”\“o”¼“‡’nk”íĞ‚Åè‘±‚«¢“ï‚Èê‡‚Í‘åŠw‚É˜A—‚ğ@–kŠC“¹,https://news.yahoo.co.jp/articles/1850943b0a1297e5836ecaf913bf83178edeae36,1/22(Œ) 17:49
stv,STVƒjƒ…[ƒX–kŠC“¹,u•œ‹»‚Ì’·Šú‰»‚ªŒ©‚Ü‚ê‚év”\“o”¼“‡’nk‚Ì”íĞ’nx‰‡‚Å˜AŒg@–kŠC“¹’m–‚ÆD–ys’·‚ªˆÓŒ©ŒğŠ·,https://news.yahoo.co.jp/articles/b3a4616ef8268541a3bc130c117b2b93ae5db7cf,1/22(Œ) 17:49
stv,STVƒjƒ…[ƒX–kŠC“¹,D–y‰w‚Ì–k‘¤‚É“¹“àÅ‚‘w‚Ìƒ^ƒƒ}ƒ“’a¶@ƒ‰ƒEƒ“ƒW‚ÉƒQƒXƒgƒ‹[ƒ€@‹‰Ø‚Èİ”õ‚Æ‚ÍcH@–kŠC“¹,https://news.yahoo.co.jp/articles/f636226635edf14406eb8e5a3b4f2c39743e3b5c,1/22(Œ) 16:12
stv,STVƒjƒ…[ƒX–kŠC“¹,u‰‚ß‚ÄŒ©‚½v“~‚ÌŠÏŒõƒV[ƒYƒ“–{”Ô‚Ö@–Ô‘–‚Åu—¬•XÚŠİ‰“úv@’t“à‚Å‚à—¬•X‚ğŠm”F@–kŠC“¹,https://news.yahoo.co.jp/articles/90a8ab75c74bea5864f283049783339b282b0ff7,1/22(Œ) 16:12
stv,STVƒjƒ…[ƒX–kŠC“¹,ˆù‚ñ‚¾ğ‚Ì—Ê‚Ì‚Â‚¶‚Â‚Ü‡‚í‚¸cğ‹C‘Ñ‚Ñ‰^“]‚Ì‹^‚¢‚Å’ji‚U‚Sj‘ß•ß@–kŠC“¹ŠâŒ©‘òs,https://news.yahoo.co.jp/articles/585c012ed249335f1abac7d1ff83c0d3f3ddf057,1/22(Œ) 12:11
stv,STVƒjƒ…[ƒX–kŠC“¹,u‚Šw”N‚É‚È‚é‚Ì‚Å‚¢‚ë‚ñ‚È‚±‚Æ‚ğ‚µ‚½‚¢v¬ŠwZ‚Ån‹Æ®@‘å’J‘Iè‚ÌƒOƒ[ƒu‚à‚¨”â˜I–Ú@D–y,https://news.yahoo.co.jp/articles/641d61e7b13f205727f225d53b0b1b14491e2949,1/22(Œ) 12:05
stv,STVƒjƒ…[ƒX–kŠC“¹,—«EŠQŒã‚ÉƒŒƒ“ƒ^ƒJ[‚ÅˆÚ“®‚µ‚½‚©@’j«‚ğn•¨‚Åh‚·@’j‚ğEl—e‹^‚Å‚à‘{¸‚Ö@–kŠC“¹,https://news.yahoo.co.jp/articles/d63df0e84e7418064aa5fe7473b025807e26a56f,1/22(Œ) 11:41
stv,STVƒjƒ…[ƒX–kŠC“¹,D–yE‚·‚·‚«‚Ì‚Åu”’ƒ^ƒNvsˆ×@’j—‚Ql‚ğ‘ß•ß@³‹K‚Ì—¿‹à‚æ‚èŠiˆÀ‚Å‘—Œ}@—]ß‚à‘{¸,https://news.yahoo.co.jp/articles/79288199ae914838bf3042ff2a4f01009917afae,1/22(Œ) 11:32
stv,STVƒjƒ…[ƒX–kŠC“¹,yJR‰^‹xî•ñz~á‚Ì‰e‹¿‚Å”ŸŠÙü‚âº—–ü‚Å“Á‹}4–{ŠÜ‚Ş36–{‚ª‰^‹x@–kŠC“¹,https://news.yahoo.co.jp/articles/f3d89f69bfbecc75dc8ae27c8cb3d61f7cb3aeea,1/22(Œ) 6:39
stv,STVƒjƒ…[ƒX–kŠC“¹,ƒ^ƒCƒ„‚Ì’E—–ŒÌ‘ŠŸ‚¬ “¹Œx‚ª’ˆÓŠ«‹N –¼Šñs‚Æ’t“às,https://news.yahoo.co.jp/articles/170872ff23afe5cf0b142536caabf1aaec7d86f4,1/22(Œ) 5:55
stv,STVƒjƒ…[ƒX–kŠC“¹,ƒGƒ]ƒVƒJ—Â‚ğ‚µ‚Ä‚¢‚½’j«i66j‚ªŒë‚Á‚Äe‚ğ–\”­‚³‚¹©•ª‚Ì‘«‚ğ•‰ –kŠC“¹E‚¦‚è‚à’¬,https://news.yahoo.co.jp/articles/4b569e7e45b73a9d781b758d07dadd19f67ac901,1/22(Œ) 5:39
stv,STVƒjƒ…[ƒX–kŠC“¹,ƒAƒCƒk•¶‰»ƒtƒFƒXƒeƒBƒoƒ‹@D–y‚ÅŠJÃ,https://news.yahoo.co.jp/articles/60d5cb565e48dcc554656af406d9eea134db2e5d,1/22(Œ) 5:23
stv,STVƒjƒ…[ƒX–kŠC“¹,ŠâŒ©‘òs‚ÌZ‘î‚ÅEl–¢‹–Œ  ‚T‚SÎ‚Ì’j‘ß•ß@—]s’¬‚Å€–S‚µ‚½—«‚ÌEl—e‹^‚Å‚à‘{¸‚Ì•ûj,https://news.yahoo.co.jp/articles/c6ed31475085f7dc5057cd1028a4530466b3512c,1/22(Œ) 1:18
stv,STVƒjƒ…[ƒX–kŠC“¹,ŠâŒ©‘òs‚Å‚T‚O‘ã’j«‚ğ•ï’š‚Åh‚µ‚½’ji‚T‚Sj‘ß•ß@—]s’¬‚Å‚à‚U‚O‘ã—«€–S@El‚Ì‹^‚¢‚Å‚à‘{¸•ûj,https://news.yahoo.co.jp/articles/0a6138f92cc59f5a86f83acc40e19a470f4080e9,1/21(“ú) 22:41
stv,STVƒjƒ…[ƒX–kŠC“¹,“úí“I‚É‰Æ‘°‚Ì¢˜b‚ğ’S‚¤q‚Ç‚àuƒ„ƒ“ƒOƒPƒAƒ‰[v‚Ö‚Ì—‰ğ‚ğL‚°‚é•×‹­‰ï@–kŠC“¹ˆ®ìs,https://news.yahoo.co.jp/articles/f8ae03c603f7b90e9146caf0c617e3467f3ba305,1/21(“ú) 19:11
stv,STVƒjƒ…[ƒX–kŠC“¹,‰®ª‚Ìá‰º‚ë‚µì‹Æ’†‚É“]— ’j«i64j‚ª‰E‘«ñœÜ‹^‚¢‚Å”À‘— –kŠC“¹E’•ƒ•Ê’¬,https://news.yahoo.co.jp/articles/86a68d612cc999645c07efebbf9ceb6831bc78f9,1/21(“ú) 13:56
stv,STVƒjƒ…[ƒX–kŠC“¹,ƒvƒƒhƒ‰ƒCƒo[‚ğµ‚«“~“¹‚Å‚Ìƒnƒ“ƒhƒ‹‘€ì‚âƒuƒŒ[ƒL‚ÌƒRƒc‚ğ“`ö@“~“¹‚Å‚ÌˆÀ‘S‰^“]uK‰ï,https://news.yahoo.co.jp/articles/d9f818b3e235b182e84bd4e2e43113c8604fc0c6,1/21(“ú) 11:57
stv,STVƒjƒ…[ƒX–kŠC“¹,ƒ}ƒ“ƒVƒ‡ƒ“‚ÉÔ“Ë‚Á‚Ş@3l‚ªœ‚ğÜ‚éd@D–ys¼‹æ,https://news.yahoo.co.jp/articles/08bd3cd02ac0a02610b5fd966729d2d958d1c94e,1/21(“ú) 11:07
stv,STVƒjƒ…[ƒX–kŠC“¹,Œx@Š¯‚ÉƒiƒCƒt‚ğ·‚µŒü‚¯‚½©Ìƒ†[ƒ`ƒ…[ƒo[‚Ì’j‚ğ‘ß•ßu„‚Í‚â‚Á‚Ä‚¢‚Ü‚¹‚ñv@D–ys”’Î‹æ,https://news.yahoo.co.jp/articles/0e5ca80b233de249de19ed79303e6e462399f331,1/20(“y) 18:23
stv,STVƒjƒ…[ƒX–kŠC“¹,“~–°‚µ‚Ä‚¢‚È‚¢ŒÂ‘Ì‚©@eq‚Æ‚İ‚ç‚ê‚éƒNƒ}‚Ì‘«Õ‚ª”­Œ©‚³‚ê‚é@–kŠC“¹E”ŸŠÙs,https://news.yahoo.co.jp/articles/0fe9e96bc50fc9e8f7550962b895d72fb952bc2b,1/20(“y) 18:21
stv,STVƒjƒ…[ƒX–kŠC“¹,ƒ}ƒ“ƒVƒ‡ƒ“‚ÉÔ“Ë‚Á‚Ş@‚Pl‚ªœ‚ğÜ‚éd@D–ys¼‹æ,https://news.yahoo.co.jp/articles/dd3835bbb32749aac2845e1095a8500537aa5d1a,1/20(“y) 17:52
stv,STVƒjƒ…[ƒX–kŠC“¹,u–ğ‚É—§‚½‚È‚¢‹@ŠBv‚ªW‚Ü‚Á‚½ƒiƒ“ƒZƒ“ƒXƒ}ƒV[ƒ““W,https://news.yahoo.co.jp/articles/43911a840fa6ecc8b6b46e82e6ecb8c7ff0782b1,1/20(“y) 17:48
stv,STVƒjƒ…[ƒX–kŠC“¹,uÔ‚ª•¡”‚Ì•àsÒ‚ğ‚Í‚Ë‚Äƒ}ƒ“ƒVƒ‡ƒ“‚É‚Ô‚Â‚©‚Á‚½v’Ê•ñ‘ŠŸ‚®@D–ys¼‹æ,https://news.yahoo.co.jp/articles/50bbd6f679376852e8cd5eadd3420e02c633e9a7,1/20(“y) 12:19
stv,STVƒjƒ…[ƒX–kŠC“¹,D–y‚Ìl‹Cƒ‰[ƒƒ““Xu‚ç[‚ß‚ñ‹óv‰ÎĞ@À‹µŒ©•ª,https://news.yahoo.co.jp/articles/edff8c2cb81d75f6398f7eb8653df74bedae8ed2,1/20(“y) 11:49
stv,STVƒjƒ…[ƒX–kŠC“¹,ƒƒCƒh‹i’ƒ‚Ìƒƒjƒ…[•\‚ğƒoƒ‰ƒoƒ‰‚É@–³E‚Ì’ji‚U‚Qj‘ß•ß@D–yE¼Œx@,https://news.yahoo.co.jp/articles/f46cb68affa488e697cb8a3b2c5ac709cd6310cf,1/20(“y) 11:12
stv,STVƒjƒ…[ƒX–kŠC“¹,‰ïĞ‘qŒÉ‚ª”R‚¦‚é‰Î–@ƒXƒg[ƒuü•Ó‚Ì”R‚¦•ûŒƒ‚µ‚¢@–kŠC“¹E‰Y‰ÍŒx@,https://news.yahoo.co.jp/articles/5adf5b1af4096078cad8cf520eed41823a5e487b,1/20(“y) 10:58
stv,STVƒjƒ…[ƒX–kŠC“¹,h”‘‹q‚âZ–¯‚ª”ğ“ï@l‹C“Xu‚ç[‚ß‚ñ‹óv‚Å‰Î–@Œš•¨‚ª‘SÄ@D–y’†S•”‚ªˆê‘›‘R,https://news.yahoo.co.jp/articles/4a73a46243cff98b0894fefc77b1a886b6368614,1/20(“y) 7:00
stv,STVƒjƒ…[ƒX–kŠC“¹,’j«3l‚ªá‚Æˆê‚É“]—@‘Sg‚â‰º”¼g‚ª–„‚Ü‚é@ñ‚È‚ÇœÜ‚Ì‹^‚¢@‰®ª‚Ìá‰º‚ë‚µ’†,https://news.yahoo.co.jp/articles/e00d33e5a12d9bd38f7ec9575e6b3c222e9cabe4,1/19(‹à) 20:00
stv,STVƒjƒ…[ƒX–kŠC“¹,‰^“]È‚ªŒã‚ëŒü‚«HŠ®‘S©“®‰^“]‚ÌÔ@‹ß‹——£ˆÚ“®‚Ìæ‚è•¨‚à@uD–yƒ‚ƒrƒŠƒeƒBƒVƒ‡[vŠJ–‹,https://news.yahoo.co.jp/articles/049026badba07d6152aae70f4a6ae2709cd1c757,1/19(‹à) 19:00
stv,STVƒjƒ…[ƒX–kŠC“¹,–½‚©‚ç‚ª‚ç’Eo@‘ŠŸ‚®q‹ó‹@‚Ì–ŒÌu—‚¿’…‚¢‚Äs“®‚ğv@’EoƒVƒ…[ƒ^[‚Ì’ˆÓ“_‚ğŠm”F,https://news.yahoo.co.jp/articles/d0fe7d99c105af991f6ad869464c5ad04e896229,1/19(‹à) 18:41
stv,STVƒjƒ…[ƒX–kŠC“¹,–é‚ğ“O‚µ‚½œ”rá@Š²ü“¹˜H‚Íi‚Ş‚àZ‘îŠX‚Í“¹•‹·‚­ƒKƒ^ƒKƒ^˜H–Ê@ƒhƒJá‚ÉŒ©•‘‚í‚ê‚½D–ys,https://news.yahoo.co.jp/articles/d2830c592023d725fdb598ab30bd4762660251ad,1/19(‹à) 18:36
stv,STVƒjƒ…[ƒX–kŠC“¹,u‘ÅŒ‚—^‚¦‚éæ‚è’÷‚Ü‚è‚ğv@gˆÅƒoƒCƒgh‚Å‚Ì¼‹\æ‚è’÷‚Ü‚è‹­‰»@Œx@’·‚ÉŒP¦@–kŠC“¹Œx@,https://news.yahoo.co.jp/articles/786b7750fc102f618881e1fb5f39d69bf978d340,1/19(‹à) 17:44
stv,STVƒjƒ…[ƒX–kŠC“¹,Â”Ÿƒgƒ“ƒlƒ‹‚Å‘¬260ƒLƒ‘–s@‘åŒ^˜A‹x’†‚Ì–kŠC“¹VŠ²ü@“Œ‹`V”ŸŠÙ–k“lŠÔ5•ª’Zk,https://news.yahoo.co.jp/articles/b25b114d292764679e778e35ba110dded8a4c626,1/19(‹à) 17:32
stv,STVƒjƒ…[ƒX–kŠC“¹,d‹@‚É‹²‚Ü‚ê‚½’j«‚ªŒ©‚Â‚©‚é@€–S‚ğŠm”F@R—Ñ‚Å÷–Ø‚Ì”°Ìì‹Æ’†@–kŠC“¹‹ú˜Hs,https://news.yahoo.co.jp/articles/785469547960a8f9cf154369d149c9b2039e7c60,1/19(‹à) 16:32
stv,STVƒjƒ…[ƒX–kŠC“¹,Œğ·“_‚ÅÔ‚É‚Í‚Ë‚ç‚ê‚é@‰¡’f•à“¹‚ğ“n‚Á‚Ä‚¢‚½‚V‚O‘ã—«‚ª“ª‚È‚Ç‚É‚¯‚ª@–kŠC“¹ˆÉ’Bs,https://news.yahoo.co.jp/articles/65bf869a88dea9f07e12ef9c6343300516b1f609,1/19(‹à) 16:15
stv,STVƒjƒ…[ƒX–kŠC“¹,—L–¼“Xu‚ç[‚ß‚ñ‹ó –{“Xv‚Å‰Î–@“ü‹‚ÌŒš•¨‚Í‘SÄ@ud‚İ‚ğ‚µ‚Ä‚¢‚é‚É‰Î‚ªv@D–ys,https://news.yahoo.co.jp/articles/166ae4dc17c9fe173f15b99ccc60616324a682ef,1/19(‹à) 16:08
stv,STVƒjƒ…[ƒX–kŠC“¹,€–S‚µ‚½æ‹q‚Ìˆâ‘°@ƒgƒ‰ƒbƒN‰^“]è‚Ì‰ïĞ‚É‘¹ŠQ”…‹‚ß’ñ‘i@ƒoƒXÕ“Ë5l€–S@–kŠC“¹”ª‰_’¬,https://news.yahoo.co.jp/articles/9bbe0bf2e953350310d9f6254c3a0982dec08d43,1/19(‹à) 15:28
stv,STVƒjƒ…[ƒX–kŠC“¹,ÔŒÉ‚Ìá‰º‚ë‚µ‚ğ‚µ‚æ‚¤‚Æc68Î’j«‚ª‚Í‚µ‚²‚©‚ç“]—@‘S¡2‚©Œ‚Ìd@–kŠC“¹[ìs,https://news.yahoo.co.jp/articles/7238b45b8ca5adc71f1b8a74a2a31705b7e76594,1/19(‹à) 14:47
stv,STVƒjƒ…[ƒX–kŠC“¹,Œğ·“_‚Å70‘ã—«‚ªÔ‚É‚Í‚Ë‚ç‚ê‚é@“ª‚©‚çŒŒ‚ğ—¬‚µˆÓ¯‚à‚¤‚ë‚¤ó‘Ô‚Å”À‘—@–kŠC“¹ˆÉ’Bs,https://news.yahoo.co.jp/articles/66e112ddbe4d1eb1eaf1af04dc14a7768cf845f3,1/19(‹à) 13:53
stv,STVƒjƒ…[ƒX–kŠC“¹,’Ê‚è‚·‚ª‚è‚Ì—«‚ÌK‚ğG‚é@‘–‚Á‚Ä“¦‚°‚é‚à–h”ÆƒJƒƒ‰‚Ì‰f‘œ‚È‚Ç‚©‚ç’ji47j‚ğ‘ß•ß@D–ys,https://news.yahoo.co.jp/articles/19b7747d5f0dcba7d03b626dd9669f417e8d1bcb,1/19(‹à) 12:30
stv,STVƒjƒ…[ƒX–kŠC“¹,uˆê”Ô‚µ‚Î‚ê‚½vŠC‚É‚¯‚ ‚ç‚µ@Œµ‚µ‚¢—â‚¦‚İ‚Ì–kŠC“¹@–ä•Ês‚ªu—¬•X‰“úv‚ğ”­•\,https://news.yahoo.co.jp/articles/1e3ad2e38f6695c7e7a2ccda0cc93a1328b47ad7,1/19(‹à) 12:00
stv,STVƒjƒ…[ƒX–kŠC“¹,l‹C“Xu‚ç[‚ß‚ñ‹ó –{“Xv‚Å‰Î–@d‚İ’†‚Ì“X’·‚ª‚¯‚ª@‚·‚·‚«‚Ì‚â’K¬˜H•t‹ß‚Í‘›‘R@D–ys,https://news.yahoo.co.jp/articles/01c6efc6a8a2bd8471c93c46861b84c0a6df5287,1/19(‹à) 11:55
stv,STVƒjƒ…[ƒX–kŠC“¹,y‘¬•ñzD–y’†S•”‚Ìl‹Cƒ‰[ƒƒ““Xu‚ç[‚ß‚ñ‹ó –{“Xv‚Å‰Î–@’j«‚Pl‚¯‚ª@Á‰ÎŠˆ“®’†,https://news.yahoo.co.jp/articles/6134272b49c6d683e30348a0229f4f3dfb92bd67,1/19(‹à) 10:14
stv,STVƒjƒ…[ƒX–kŠC“¹,‚P‚XÎ­”N ğ‹C‘Ñ‚Ñ‚Å‘ß•ßu©‘î‚Åğ‚ğˆù‚ñ‚¾v“¯æÒ‚Í‚Sl@–kŠC“¹”ŸŠÙs,https://news.yahoo.co.jp/articles/67729392957612e69843051b2632bc92d6728902,1/19(‹à) 8:48
stv,STVƒjƒ…[ƒX–kŠC“¹,u“¹˜H‚É…‚ªˆì‚ê‚Ä‚¢‚év’n’†‚Ì…“¹ŠÇ‚ª”j‘¹@•œ‹ŒH–‚ğ‹}‚®–kŠC“¹Eˆ®ìs,https://news.yahoo.co.jp/articles/f0d3e5da8e3ada4d938df95e7363cf10bf2584a3,1/18(–Ø) 21:49
stv,STVƒjƒ…[ƒX–kŠC“¹,u¶Šˆ‚ª‹ê‚µ‚­vu‹à‚ª‚È‚­‚Äv’j2l‚ªƒ‰[ƒƒ““X‚ÉN“ü@ƒŒƒW‚È‚Ç‚©‚çŒ»‹à“‚Ş@–kŠC“¹,https://news.yahoo.co.jp/articles/e838b663dc27e73ddec3a5e1d11db76e634577cb,1/18(–Ø) 20:30
stv,STVƒjƒ…[ƒX–kŠC“¹,u”Ş—‚Ì•‚‹C‚ğ‹^‚Á‚Äcv“y‰ºÀ‚³‚¹ñ‚ği‚ß‚é@—«‚ÍŒy@©‰qŠ¯‚Ì’ji26j‘ß•ß,https://news.yahoo.co.jp/articles/a23b060079d2df2f971b9649fe8d5f6155658fd9,1/18(–Ø) 20:00
stv,STVƒjƒ…[ƒX–kŠC“¹,“S‹ØƒRƒ“ƒNƒŠ[ƒg‚Ì‰ò@”ñíŠK’i‚Ì—x‚èê‚ª‚Sƒ[ƒgƒ‹‚Ì‚‚³‚©‚ç—‰º@D–ys‚Ì˜Vlƒz[ƒ€,https://news.yahoo.co.jp/articles/c410007e2278043dcf6f524727c9f400b06133d6,1/18(–Ø) 19:21
stv,STVƒjƒ…[ƒX–kŠC“¹,ƒGƒ]ƒVƒJ‚ğ‚¨‚¢‚µ‚­H‚×‚Ä”_‹Æ”íŠQ‚ğ‹~‚¦@–£—Í“`‚¦‚éƒvƒ‚Ì—¿—‚É‰Æ’ëŒü‚¯—¿—‹³º‚à@–kŠC“¹,https://news.yahoo.co.jp/articles/686bae65e675cdeca5b32f390ca5495374665a97,1/18(–Ø) 19:03
stv,STVƒjƒ…[ƒX–kŠC“¹,uƒNƒ}–â‘è‚É‘å‚«‚­‰e‹¿vƒn[ƒtƒ‰ƒCƒtƒ‹e‚Ì‹K§‹­‰»@ê–å‰Æ‚ª”½‘Îº–¾@ƒnƒ“ƒ^[•s‘«‚ğŠëœœ,https://news.yahoo.co.jp/articles/1cf03bbee123767bd3d3b5c123a0341096cfec00,1/18(–Ø) 18:59
stv,STVƒjƒ…[ƒX–kŠC“¹,gV‚½‚ÈŒF•¶Šwh’¼–ØÜ‚Éu‚Æ‚à‚®‚¢v@—r”‚¢‚ğ‚µ‚È‚ª‚ç·•M@•ÊŠC’¬og‚Ì‰Íí•Hq‚³‚ñ‚ªóÜ,https://news.yahoo.co.jp/articles/c7127a6ab927e302565bcbafd4014aa94dab490c,1/18(–Ø) 18:44
stv,STVƒjƒ…[ƒX–kŠC“¹,Œx@‚ª–kŒ©H‹Æ‘å‚Å”Æß”íŠQÒx‰‡‚É‚Â‚¢‚Äu‹`@á‚¢¢‘ã‚Éx‰‡‚Ì•K—v«‘i‚¦‚é,https://news.yahoo.co.jp/articles/3ecdfc357ac8860e4873cf3de929254c48f7084d,1/18(–Ø) 18:20
stv,STVƒjƒ…[ƒX–kŠC“¹,uƒKƒ“ƒKƒ“U‚ß‚ÄŸ—˜‚ğIvD–yog‚Ìr–ì‘ñ”n‚ªˆÓ‹C‚İ@ƒRƒ“ƒTƒh[ƒŒ‰«“êƒLƒƒƒ“ƒv3“ú–Ú,https://news.yahoo.co.jp/articles/b282913c7ea8a2b0a26e562582e7db8588e88995,1/18(–Ø) 17:13
stv,STVƒjƒ…[ƒX–kŠC“¹,D–ysgƒhƒJáh‚¤‚¯’ÊŠw˜H‚Å‹}ƒsƒbƒ`‚Ìœ”rá@“¹˜H˜e‚É‚ ‚Á‚½‚‚¢áR‚ÍH@”rá‚ÌŒ©’Ê‚µ‚à,https://news.yahoo.co.jp/articles/94d13b5b7b1f2138a8e4ea361dab6d48789405b6,1/18(–Ø) 16:51
stv,STVƒjƒ…[ƒX–kŠC“¹,Â”Ÿƒgƒ“ƒlƒ‹“à‚Å‰İ•¨—ñÔ‚Ì‘¬“x‚ªã‚ª‚ç‚È‚¢•s‹ï‡@–kŠC“¹VŠ²ü‚ªˆê‰^“]Œ©‡‚í‚¹,https://news.yahoo.co.jp/articles/9c8d3f6c2faa9cd5be8c9f87fb7488d459285d0d,1/18(–Ø) 16:09
stv,STVƒjƒ…[ƒX–kŠC“¹,yVŒ^ƒRƒƒiz–kŠC“¹@1ˆã—Ã‹@ŠÖ‚ ‚½‚è10.53l@‘OT‚É”ä‚×0.05lŒ¸­@Š´õÒ”‚Í‰¡‚Î‚¢,https://news.yahoo.co.jp/articles/4d800cc565c83215dd18294b3cd09cd710bf75b8,1/18(–Ø) 15:36
stv,STVƒjƒ…[ƒX–kŠC“¹,y‘¬•ñz–kŠC“¹VŠ²ü‚ª‰^“]ÄŠJ@Â”Ÿƒgƒ“ƒlƒ‹“à‚Å‰İ•¨—ñÔ‚ªÔ—¼“_ŒŸ‚Åˆê’â~,https://news.yahoo.co.jp/articles/7eef3b6e6da92a7f593b87f3a86f229d73c4fd2f,1/18(–Ø) 15:18
stv,STVƒjƒ…[ƒX–kŠC“¹,‚·‚µ“X‚Ì—¿—‚Å35l‚ªH’†“Å@‰º—Ÿ‚â‚¨‚¤“f‚ÌÇó @ƒmƒƒEƒCƒ‹ƒX‚ğŒŸo@–kŠC“¹–kL“‡s,https://news.yahoo.co.jp/articles/225a71c54f4bd8de4549d5893ca56c19f3d8c893,1/18(–Ø) 14:41
stv,STVƒjƒ…[ƒX–kŠC“¹,’ÊZ1900ŸˆÈã‚ÌŒ³JRA‹Rè@“¡“cL“ñ—e‹^Ò‚ğ–\s—e‹^‚Å‘ß•ß@’‡Ù“ü‚Á‚½’j«‚Ì”¯‚Â‚©‚Ş,https://news.yahoo.co.jp/articles/82327e380ceef71cd3456d29b78aea86ac3f3726,1/18(–Ø) 13:53
stv,STVƒjƒ…[ƒX–kŠC“¹,–kŠC“¹VŠ²ü‚ª‰^“]Œ©‡‚í‚¹@Â”Ÿƒgƒ“ƒlƒ‹“à‚Å‰İ•¨—ñÔ‚ªÔ—¼“_ŒŸ‚Å’â~@‰^“]ÄŠJ‚Ì‚ß‚Ç—§‚½‚¸,https://news.yahoo.co.jp/articles/8583e5309b07ac33663dda0857ad9b9af92b8e33,1/18(–Ø) 13:32
stv,STVƒjƒ…[ƒX–kŠC“¹,y‘¬•ñzuì‹Æ’†‚Ì‘D‚©‚ç3l‚ª“]—‚µ‚½v’j«‚Pl€–S‚PlS”x’â~@‚Pl‚Í©—Í‚Å—¤‚Ö@–kŠC“¹,https://news.yahoo.co.jp/articles/d1f65a0dea3e6b029d3ac73acd5f202c6a0d1279,1/18(–Ø) 13:05
stv,STVƒjƒ…[ƒX–kŠC“¹,uƒ^ƒC‚Åg‚Á‚Ä‚¢‚½v‘å–ƒ3–œ‰~‘Š“–‚ğ–§—A@’†‘Ğ‚Ì’j‚ğ‘ß•ß@–kŠC“¹EVçÎ‹ó`,https://news.yahoo.co.jp/articles/0fbbd8fc7d9f54d820334aefd6ce3471210b6bd8,1/18(–Ø) 12:49
stv,STVƒjƒ…[ƒX–kŠC“¹,ˆê‘Ì‚È‚ºHæ–±ˆõ‚Ì‹xŒeº‚É–ß‚é‚ÆŒ©’m‚ç‚Ê’j‚ªQ‚Ä‚¢‚½@25Î‚Ì’j‚ğŒ»s”Æ‘ß•ß@–kŠC“¹‹ú˜Hs,https://news.yahoo.co.jp/articles/e0ae9cb8266753b51cde160b24e5522aaf098483,1/18(–Ø) 12:18
stv,STVƒjƒ…[ƒX–kŠC“¹,ƒXƒ^ƒ~ƒi‹­‰»‚ÖI@ƒRƒ“ƒTƒh[ƒŒ‘Iè‚½‚¿‚àv‚í‚¸uƒLƒc‚¢v@–kŠC“¹ƒRƒ“ƒTƒh[ƒŒD–y‚ÌƒLƒƒƒ“ƒv,https://news.yahoo.co.jp/articles/2641e6bf81c1b1627d8e54fca9819461000c5523,1/18(–Ø) 12:07
stv,STVƒjƒ…[ƒX–kŠC“¹,–kŠC“¹‚©‚ç‚àj•Ÿ‚Ìº@’¼–ØÜ‚É•ÊŠC’¬og‚Ì‰Íí•Hq‚³‚ñu‚Æ‚à‚®‚¢v@‘“X‚É“ÁİƒR[ƒi[‚à,https://news.yahoo.co.jp/articles/b1713b01387ec90f4de392b17553a113213a3aea,1/18(–Ø) 12:06
stv,STVƒjƒ…[ƒX–kŠC“¹,uƒ~ƒ‹ƒN•ƒiƒ`ƒ…ƒ‰ƒ‹ƒ`[ƒYƒtƒFƒAv‚V‚RĞo“X@‚V‚S‚O•i–Ú‚Ì“û»•i¨‚¼‚ë‚¢@ŠÛˆä¡ˆäD–y–{“X,https://news.yahoo.co.jp/articles/95d6adff5ae7060d747345c15ba20c75496f1a91,1/18(–Ø) 12:01
stv,STVƒjƒ…[ƒX–kŠC“¹,u‘S—Í‚ğs‚­‚µ‚Ü‚·vŒx@ŠwZ‚Ì‰”C‰È‚Å‘²‹Æ®@’j—‡‚í‚¹‚Ä‚P‚V‚Wl‚ªŒx@Š¯‚É@–kŠC“¹,https://news.yahoo.co.jp/articles/6bd1367203ac8a99de75c17631727b9d4f2c82a2,1/18(–Ø) 11:54
stv,STVƒjƒ…[ƒX–kŠC“¹,‚—î—«2l‚ğ‚Í‚Ë€–S‚³‚¹‚½‚—î‚Ì’j(87)‚ğ‘—Ş‘—ŒŸ@–kŠC“¹‹ú˜Hs,https://news.yahoo.co.jp/articles/7025ee2eb54e7732e2da4feae52669fb370d6d2a,1/18(–Ø) 10:50
stv,STVƒjƒ…[ƒX–kŠC“¹,•v•wŒ–‰Ü‚Ì’‡Ù‚É“ü‚Á‚½10‘ã‘O”¼‚Ì‘§q‚Ì”¯‚Ì–Ñ‚Â‚©‚Ş–\s@‰ïĞˆõ‚Ì’ji45j‘ß•ß@110”Ô‚Ío,https://news.yahoo.co.jp/articles/8b4aa9441d080cab2d1ffe9074b08f03322be2e3,1/18(–Ø) 10:33
stv,STVƒjƒ…[ƒX–kŠC“¹,•t‹ß‚É¬ŠwZ‚â—c’t‰€ ‹Ö~‹æˆæ‚Åƒƒ“ƒYƒGƒXƒe‚ğ–¼æ‚è’j«‹q‚É«“IƒT[ƒrƒX Œo‰cÒ‚Ì’j‚ğ‘ß•ß D–ys,https://news.yahoo.co.jp/articles/2333e1aa41bda9b80416a19c5e8d85fe9e90acb0,1/18(–Ø) 9:30
stv,STVƒjƒ…[ƒX–kŠC“¹,–kŠC“¹“Ï¬–qs‚ÅÔ4‘ä‚ª—‚Ş‘½d–ŒÌ @—˜K’¬‚Å‚Í“¹˜H‰¡’f’†‚É‚W‚OÎ—«‚ªÔ‚É‚Í‚Ë‚ç‚ê€–S,https://news.yahoo.co.jp/articles/e331b786a9764833bf2e43e75f908737a0d17d54,1/18(–Ø) 6:04
stv,STVƒjƒ…[ƒX–kŠC“¹,‚Q“x–Ú‚Ìƒmƒ~ƒl[ƒg‚Å’¼–ØÜóÜI–kŠC“¹•ÊŠC’¬og‚Ì‰Íí•Hq‚³‚ñi‚S‚Sj‚Ìu‚Æ‚à‚®‚¢v,https://news.yahoo.co.jp/articles/d2ec890ad90b08bb2cb43a96885133d8cfb9733c,1/18(–Ø) 6:00
stv,STVƒjƒ…[ƒX–kŠC“¹,‘“¹36†‚Å4‘ä—‚Ş–ŒÌ@‚à‚¤‚ë‚¤ó‘Ô‚Å’j«‚ğ”À‘—@–kŠC“¹“Ï¬–qs,https://news.yahoo.co.jp/articles/7a592fef26a70f510e43b74326e0c84a97d39db1,1/17(…) 19:56
stv,STVƒjƒ…[ƒX–kŠC“¹,á‰º‚ë‚µ’†‚É’òq‚©‚ç“]—@‹ÆÒ‚Ì’j«‚ª‚ë‚ÁœÜ‚éd@D–ys”’Î‹æ,https://news.yahoo.co.jp/articles/e599ee5f441480c122936a08c3227a01564fee56,1/17(…) 19:55
stv,STVƒjƒ…[ƒX–kŠC“¹,’¼–ØÜ‚ÌóÜÒ”­•\@–kŠC“¹E•ÊŠC’¬og‚Ì‰Íí•Hq‚³‚ñ‚ªóÜ@óÜì•i‚Íu‚Æ‚à‚®‚¢v,https://news.yahoo.co.jp/articles/17352cf4793e6432ca5f8163eb3097c907bf1360,1/17(…) 19:38
stv,STVƒjƒ…[ƒX–kŠC“¹,ul‚¦’¼‚µ‚ÄvŒ©’¼‚µˆÄ‚É¢˜f‚Ìº‚à@gŒh˜VƒpƒXhãŒÀ‚ğ‚V–œ‰~‚©‚ç‚Q–œ‰~‚É@D–y‚ÅˆÓŒ©ŒğŠ·‰ï,https://news.yahoo.co.jp/articles/4122ebc81c792ce126bdfa90395937f5618a6c91,1/17(…) 18:50
stv,STVƒjƒ…[ƒX–kŠC“¹,u“¹‚®‚¿‚á‚®‚¿‚áv‘åá‚©‚ç‹C‰·‹}ã¸@‰®ª‚©‚ç¡‚É‚àá‚ª—‚¿‚»‚¤@–ŒÌ‚ğ–h‚®‚É‚ÍH@–kŠC“¹,https://news.yahoo.co.jp/articles/69f9bddac707a16ecc406cf3eec5d12bf5d6b70a,1/17(…) 18:42
stv,STVƒjƒ…[ƒX–kŠC“¹,”òs‹@‚ğˆÚ“®‚·‚ég‚¯‚ñˆøÔh‚ÉŒ´ˆö‚©@ê–å‰Æ‚ÍuƒXƒŠƒbƒv‚Ì‰Â”\«’á‚¢v@–kŠC“¹EVçÎ‹ó`,https://news.yahoo.co.jp/articles/6c1bf982d24cfb8393e3ff2fb134125158c8c661,1/17(…) 18:32
stv,STVƒjƒ…[ƒX–kŠC“¹,u…‚ª•a‰@‚Å‚àg‚¦‚È‚¢ó‹µ‚¾‚Á‚½v”hŒ­‚³‚ê‚½ˆãt‚ª•ñ@”\“o”¼“‡’nk@–kŠC“¹DMAT,https://news.yahoo.co.jp/articles/78baf158bbaa26ad1abfcef3c3e65f12d2df5424,1/17(…) 17:38
stv,STVƒjƒ…[ƒX–kŠC“¹,–\•—á‚Åu—ñÔ‰^sî•ñv‚ÉƒAƒNƒZƒXW’†@ƒz[ƒ€ƒy[ƒW‚Ì‰ñü‚ğ‘‹­‚µ‚Ä‘Î‰@JR–kŠC“¹,https://news.yahoo.co.jp/articles/396cc273e9fd3509c55dd2aacd3aca4f3ba1e447,1/17(…) 17:17
stv,STVƒjƒ…[ƒX–kŠC“¹,uƒXƒŠƒbƒv‚Ì‰Â”\«’á‚¢v‘åŠØq‹ó‚Ìà–¾‚Éê–å‰Æ‚ª‹^”O@á‚Ì‰e‹¿‚ÍH@VçÎ‹ó`‚Ìq‹ó‹@–ŒÌ,https://news.yahoo.co.jp/articles/f16ca12cf25f58511f6f478a29bf7b524ace7cc7,1/17(…) 16:18
stv,STVƒjƒ…[ƒX–kŠC“¹,u•s—pˆÓ‚Èá‰º‚ë‚µ‚Í•s—vvê–å‰Æ‚ª’ñŒ¾@€–S–ŒÌ‚à”­¶@–kŠC“¹‚ÌŒš•¨‚ÍŠæä‚Å‚·@–kŠC“¹,https://news.yahoo.co.jp/articles/cbb6022a2868aff6f34bba4fae10e7a3c556548d,1/17(…) 16:10
stv,STVƒjƒ…[ƒX–kŠC“¹,á‚ª—n‚¯‰®ª‚©‚çŠŠ‚è—‚¿‚»‚¤@gƒhƒJáh‚©‚çˆê“]A—á–ŒÌ’ˆÓ@‹C‰·‚RŒ•À‚İ‹}ã¸@–kŠC“¹,https://news.yahoo.co.jp/articles/59de3bf5e74e38fc17f547d803a80c2be337013f,1/17(…) 16:02
stv,STVƒjƒ…[ƒX–kŠC“¹,y‘±•ñz‹à‚Ã‚¿‚©ƒnƒ“ƒ}[‚Å40‰ñˆÈã‰£‘Å@‹­“El@i–@‰ğ–U‚ÌˆãtØŒ¾@–kŠC“¹E‹ú˜H’nÙ,https://news.yahoo.co.jp/articles/fda639291d6f18045e7db3d1a8a4b555c008230d,1/17(…) 14:46
stv,STVƒjƒ…[ƒX–kŠC“¹,—¤ã©‰q‘à‚Ìq‹ó‘àuŒP—û‚Í‚¶‚ßv@ƒwƒŠƒRƒvƒ^[‚Ì•Ò‘à”òs@D–yE‹uì’““Ô’n@–k•”•û–Êq‹ó‘à,https://news.yahoo.co.jp/articles/d71889dc9b0092fb2efbfe33bacaf7ac091faff1,1/17(…) 12:04
stv,STVƒjƒ…[ƒX–kŠC“¹,u‚QÔü‚ª‚PÔü‚Év“¹˜Ha‘Ø‚µ‚i‚q‚à‰^‹x@‘åá‚Ì‰e‹¿‘±‚­@‹C‰·‚Í‹}ã¸‚µ‚RŒ•À‚İ@–kŠC“¹,https://news.yahoo.co.jp/articles/709aa499151769247b7d0dc3abf1e1b58458adab,1/17(…) 11:59
stv,STVƒjƒ…[ƒX–kŠC“¹,h‚¯‚ñˆøÔ‚ªá‚ÅƒXƒŠƒbƒvh@‘åŠØq‹ó‚ÆƒLƒƒƒZƒCƒpƒVƒtƒBƒbƒNq‹ó‚Ì‹@‘ÌÚG–ŒÌ@–kŠC“¹EVçÎ‹ó`,https://news.yahoo.co.jp/articles/346cde780ef2e4ec86a453b8fd41b81b5f5886ec,1/17(…) 11:51
stv,STVƒjƒ…[ƒX–kŠC“¹,u‚¢‚Â‚©‚Í•ß‚Ü‚é‚Æv‚¢ƒhƒLƒhƒL‚µ‚Ä‚¢‚½v@–³–Æ‹–‰^“]‚Å©ÌE‰^‘—‹Æ‚Ì’ji64j‘ß•ß,https://news.yahoo.co.jp/articles/2b1ec7eb0b35e74743f8f8eeb34b39b2df397ea0,1/17(…) 10:58
stv,STVƒjƒ…[ƒX–kŠC“¹,VçÎ‹ó` ‘Ûü’“‹@ê‚Åq‹ó‹@‚Q‹@‚ªÚG@‘åŠØq‹ó‹@‚ğ‰Ÿ‚µ‚Ä‚¢‚½‚¯‚ñˆøÔ‚ªŠŠ‚Á‚½‚©,https://news.yahoo.co.jp/articles/c09ffd36552a2747c0ac79820bfaad73f544c011,1/17(…) 5:29
stv,STVƒjƒ…[ƒX–kŠC“¹,yÚ•ñzuE‚µ‚Ä‚¢‚È‚¢‚µ‹à‚à’D‚Á‚Ä‚¢‚È‚¢v ‹­“El–Œ‚Å”í‚ª–³ßå’£@–kŠC“¹E‹ú˜H’nÙ,https://news.yahoo.co.jp/articles/ea9a145a9f36c15c0920ffac3b91084bc9f0a8bd,1/16(‰Î) 20:00
stv,STVƒjƒ…[ƒX–kŠC“¹,uçÎƒAƒEƒgƒŒƒbƒgƒ‚[ƒ‹EƒŒƒ‰v‘‚¯‚ê‚Î‚±‚Æ‚µH‚É‚à‰c‹ÆI—¹‚©@’nŒ³‚Ì”½‰‚Í@–kŠC“¹,https://news.yahoo.co.jp/articles/360eb005fbe4fc2e1f687dcb859fae84e0320912,1/16(‰Î) 19:00
stv,STVƒjƒ…[ƒX–kŠC“¹,‚ ‚Æ‚PƒJŒ‚ÅƒoƒŒƒ“ƒ^ƒCƒ“@ƒ`ƒ‡ƒRƒŒ[ƒg¤íƒgƒŒƒ“ƒh‚Í@‘ÛF–L‚©‚È¤•i‚ª‘åW‡@‘åŠÛD–y“X,https://news.yahoo.co.jp/articles/38856a1f4c9fab698795ac0b490e2e6f1f39d2ad,1/16(‰Î) 18:48
stv,STVƒjƒ…[ƒX–kŠC“¹,¡‹Gˆê”Ô‚Ì‘åá‚ª¶Šˆ‚ğ’¼Œ‚@—X•Ö‚ÍW”z’â~‚µŠ²ü“¹˜H‚Í‘åa‘Ø@€–S–ŒÌ‚à”­¶,https://news.yahoo.co.jp/articles/4e75b7127c8b5571d2d53247a05b131f64f6e6ea,1/16(‰Î) 18:41
stv,STVƒjƒ…[ƒX–kŠC“¹,s–¯¶Šˆ‚ğ’¼Œ‚@‘åá‚Ì‰e‹¿Šg‘å@“Á‹}‚È‚Ç‚i‚q‚Q‚S‚O–{‰^‹x@VçÎ‹ó`‚Å‚S‚U•Ö‚ªŒ‡q@–kŠC“¹,https://news.yahoo.co.jp/articles/6750ebc7dfff404700f0d979c635be871414f2f2,1/16(‰Î) 18:36
stv,STVƒjƒ…[ƒX–kŠC“¹,Œ³¿‚¯Ğ’·‚ª‰º¿‚¯Ğˆõ‚Ì“ª‚ğƒJƒbƒ^[ƒiƒCƒt‚ÅØ‚è‚Â‚¯‘ß•ß@d–‚Ìi‚ß•û‚ğ„‚èƒgƒ‰ƒuƒ‹‚É,https://news.yahoo.co.jp/articles/0f85e5d30b025f6c8800ff738a3022ba6a79036d,1/16(‰Î) 18:27
stv,STVƒjƒ…[ƒX–kŠC“¹,y‘¬•ñz‘åŠØq‹ó‚ÆƒLƒƒƒZƒCƒpƒVƒtƒBƒbƒNq‹ó‚Ì‹@‘Ì“¯m‚ªÚG@‚¯‚ªl‚È‚µ@–kŠC“¹EVçÎ‹ó`,https://news.yahoo.co.jp/articles/6b5b5425c1cdb4038135446aee7de90baef150fc,1/16(‰Î) 18:26
stv,STVƒjƒ…[ƒX–kŠC“¹,‚²‚İŒ¸—Ê‚ß‚´‚µˆß•‚â¬Œ^‰Æ“d‚ğ”ƒæE‰ñû@ƒZƒJƒ“ƒhƒXƒgƒŠ[ƒg‚ÆD–ys@D–y‚Ì’n‰º•às‹óŠÔ,https://news.yahoo.co.jp/articles/7f1e2163bcafd86413abc7b1ceb57f010582dd57,1/16(‰Î) 17:53
stv,STVƒjƒ…[ƒX–kŠC“¹,‚¨‚Î‚Ì—«EŠQ‚µŒ»‹à’D‚Á‚½‹­“El–Œ@”í‚Ì’j‚ª‹N‘i“à—e‚ğ”Û”F@–³ßå’£@–kŠC“¹‹ú˜Hs,https://news.yahoo.co.jp/articles/efaf109cfe365b7c74f1cf7560b53757b32e9bc0,1/16(‰Î) 17:50
stv,STVƒjƒ…[ƒX–kŠC“¹,¡H‚É‚à‰c‹ÆI—¹‚Å’²®uçÎƒAƒEƒgƒŒƒbƒgƒ‚[ƒ‹EƒŒƒ‰v@ƒeƒiƒ“ƒg‚Æ‹¦‹c‚Ö@–kŠC“¹,https://news.yahoo.co.jp/articles/e75dcf9817e3df06654e5cf18c50afceec70c4d5,1/16(‰Î) 17:35
stv,STVƒjƒ…[ƒX–kŠC“¹,—¬•X‚Ìˆê•”‚©@ŠCŠİ‚ğ–„‚ßs‚­‚·^‚Á”’‚Ì•X@‚à‚¤‚·‚®—¬•XŠÏŒõ–{Ši‰»@–kŠC“¹—Y•’¬,https://news.yahoo.co.jp/articles/c032d191c974c714a918f2db3099ca57d6c98c07,1/16(‰Î) 17:14
stv,STVƒjƒ…[ƒX–kŠC“¹,u1”NŠÔ“¬‚¤ƒx[ƒX‚ğì‚è‚½‚¢v‰«“ê‚Åt‹GƒLƒƒƒ“ƒvƒXƒ^[ƒg@–kŠC“¹ƒRƒ“ƒTƒh[ƒŒD–y,https://news.yahoo.co.jp/articles/6ae8e54c0e8e48fc489aae54031673cf0e65e5aa,1/16(‰Î) 16:41
stv,STVƒjƒ…[ƒX–kŠC“¹,uŠÔ’Ê‚è‚½‚Ç‚è’…‚¯‚È‚¢vá‚Ì‰e‹¿‚ÅƒoƒX‚É’x‚ê@‚i‚q‚Q‚R‚P–{‚ª‰^‹x@VçÎ‹ó`‚à‚R‚T•ÖŒ‡q,https://news.yahoo.co.jp/articles/5331a7c519a59074f4340bd39e6cbbfa014220c9,1/16(‰Î) 16:19
stv,STVƒjƒ…[ƒX–kŠC“¹,u‚à‚¤á‚ğÌ‚Ä‚éêŠ‚ª‚È‚¢v@¡ƒV[ƒYƒ“ˆê”Ô‚Ì‘åá@•’Ê—X•Ö‚É‚à‰e‹¿@–kŠC“¹,https://news.yahoo.co.jp/articles/8d0652384c8431be28ce7f54fc247a3e6f17ccf7,1/16(‰Î) 16:06
stv,STVƒjƒ…[ƒX–kŠC“¹,uƒ‰ƒsƒ_ƒXvHêŒšİŒ»ê‚Å“”–û360ƒŠƒbƒgƒ‹˜Ro@ü•Ó‚Ö‚Ì‰e‹¿’²¸‚Ö@–kŠC“¹çÎs,https://news.yahoo.co.jp/articles/d52c1a4e56851dae0829b027c78a02c8f2ba262d,1/16(‰Î) 15:08
stv,STVƒjƒ…[ƒX–kŠC“¹,ƒgƒ‰ƒbƒN‚ÆÕ“Ë@ƒ~ƒLƒT[Ô‚ª‰¡“]@‰^“]è‚Ì69Î’j«‚ª€–S@˜H–Ê‚Íˆ³áó‘Ô@–kŠC“¹]•Ês,https://news.yahoo.co.jp/articles/8f24d51fae3077f6a4ca5af630e20f6799fa5e9f,1/16(‰Î) 14:40
stv,STVƒjƒ…[ƒX–kŠC“¹,ƒiƒ}ƒR450ƒLƒ–§‹™@ŠCã•ÛˆÀŠ¯‚É”­Œ©‚³‚êƒSƒ€ƒ{[ƒg‚Å“¦‘–@7l‘Sˆõ‚ğ‘ß•ßE‘—ŒŸ @–kŠC“¹,https://news.yahoo.co.jp/articles/fbe831494a3d5f77f47f525f64ad2ca55e42e71c,1/16(‰Î) 14:25
stv,STVƒjƒ…[ƒX–kŠC“¹,ƒ`ƒF[ƒ“ƒ\[‚Ì‰¹‚ª•·‚±‚¦‚È‚­‚È‚èì‹Æˆõ‚ª‹C‚Ã‚­@20‘ã’j«‚ª–Ø‚Ì”°Ì’†‚É•‰@–kŠC“¹,https://news.yahoo.co.jp/articles/87e18c10c8d1465aaed2ac8f435c4c9857c33921,1/16(‰Î) 13:51
stv,STVƒjƒ…[ƒX–kŠC“¹,u2`3TŠÔ‘O‚©‚çƒJƒ^ƒJƒ^‚Æcv@‘–s’†‚Éƒ^ƒCƒ„’E—@ˆÙ‰¹‚ğŠ´‚¶‚é‚à“_ŒŸ‚¹‚¸@–kŠC“¹,https://news.yahoo.co.jp/articles/52d324f864e550aee598eafbf0f3b1b8b5bbb84f,1/16(‰Î) 13:18
stv,STVƒjƒ…[ƒX–kŠC“¹,‹q‚Ì20‘ã—«‚ÉƒLƒX@•s“®Y’‡‰î‰ïĞ‚Ì]‹Æˆõ‚Ì’ji23j‘ß•ß@u“¯ˆÓ‚ª‚ ‚é‚Æv‚Á‚Ä‚¢‚½v,https://news.yahoo.co.jp/articles/1afad485d1e728621c447e97f0c71d066e164447,1/16(‰Î) 12:30
stv,STVƒjƒ…[ƒX–kŠC“¹,u‚±‚ñ‚È‚É‚È‚Á‚Ä‚¢‚é‚Æ‚Ív¡ƒV[ƒYƒ“ˆê”Ô‚Ì‘åá@Š²ü“¹˜H‚Í‘åa‘Ø@–ŒÌ‚à@–kŠC“¹,https://news.yahoo.co.jp/articles/1cf977dc94ee7280cdbbb7b8cb299b50f8f2f83a,1/16(‰Î) 11:58
stv,STVƒjƒ…[ƒX–kŠC“¹,“Á‹}‚È‚Ç—ñÔ‚Q‚P‚R–{‰^‹x@‘½‚­‚Ì—ñÔ‚É’x‚ê@ƒoƒX‘Ò‚¿‚Ì’·‚¢—ñ‚à@‘åá‚Ì–kŠC“¹,https://news.yahoo.co.jp/articles/7f46636ca1d8430b3fe1c1c560bdb72d6a9905ae,1/16(‰Î) 11:54
stv,STVƒjƒ…[ƒX–kŠC“¹,•ƒei71j‚Ì”w’†‚ğ•¡”‰ñ“Ë‚«h‚·@El–¢‹‚Ì‹^‚¢‚Å‘§qi25j‘ß•ß@—e‹^”F‚ß‚é,https://news.yahoo.co.jp/articles/b0e235c1039cba84915ffd57da12bc1b0d1072b4,1/16(‰Î) 11:37
stv,STVƒjƒ…[ƒX–kŠC“¹,uˆã—Ã‹~Œì‚ÆS‚ÌƒPƒA‚ªd—vv”íĞ’n‚Ì”hŒ­Eˆõ‚ª–kŠC“¹‚É–ß‚é@“ú–{Ô\š–kŠC“¹x•”,https://news.yahoo.co.jp/articles/631f50e4da251c8bbe3731cc424816c1cb2d6d24,1/16(‰Î) 11:06
stv,STVƒjƒ…[ƒX–kŠC“¹,’Ê‹ÎŠÔ‘Ñ‚ÉÔ‚Ì—§‚¿‰¶‚âa‘Ø‚à@–¢–¾‚©‚ç‚Ì‘åá‚ª’¼Œ‚@’‹‚²‚ë‚Ü‚ÅŒx‰ú‚ğ@–kŠC“¹,https://news.yahoo.co.jp/articles/38cbabe12b135ce3e27d474001c840a426a9d188,1/16(‰Î) 10:31
stv,STVƒjƒ…[ƒX–kŠC“¹,y‘¬•ñz”í‚ª‘S–Ê”Û”F@‹ú˜H‚Ì‹­“El–Œ@‚U”N‰z‚µ‚Å‹N‘i@•¨Ø–R‚µ‚­ó‹µØ‹’‚Ì”»’f‘ˆ“_,https://news.yahoo.co.jp/articles/9326733004b01b237d940279d5a1898f7f2fb4f8,1/16(‰Î) 10:07
stv,STVƒjƒ…[ƒX–kŠC“¹,yŒğ’Êî•ñz‚i‚q–kŠC“¹ D–yŒ—‚Ìˆê•”—ñÔ‚ª‚PŠÔ‚É‚P–{’ö“x‰^‹x@‘‚ß‚Ìs“®‚ğ,https://news.yahoo.co.jp/articles/b7784cf6fc7c4847451848d540cdb82ed23c6372,1/16(‰Î) 7:35
stv,STVƒjƒ…[ƒX–kŠC“¹,yŒğ’Êî•ñz‚i‚q–kŠC“¹‚P‚T‚W–{‰^‹x@D–y‚Ì˜H–Ê“dÔ‚Íœáì‹Æ‚Ì‚½‚ßŠÔˆø‚«‰^“],https://news.yahoo.co.jp/articles/bb4240822e9b0bbe12732b5fea151ef85f9484be,1/16(‰Î) 7:02
stv,STVƒjƒ…[ƒX–kŠC“¹,ÔM†–³‹‚µ‚Ä—«‚Ql‚ğ‚Í‚Ë“¦‚°‚½’j‚Ì‰Œö”»@gŠëŒ¯‰^“]’vh‚Í‘ˆ‚¤p¨@D–ys,https://news.yahoo.co.jp/articles/b1ddbde68a65de6966d2837aef9e67d4f683b420,1/16(‰Î) 6:54
stv,STVƒjƒ…[ƒX–kŠC“¹,Hê‚Ì”„ã‹à–ñ356–œ‰~‚ğ’…•@Œ³––±ˆõ‚Ì—@–kŠC“¹“Ï¬–qs,https://news.yahoo.co.jp/articles/4e564c8cf580b8eeefc23b4791373bb3d734b429,1/16(‰Î) 0:00
stv,STVƒjƒ…[ƒX–kŠC“¹,50‘ã’j«‚ª8100–œ‰~@70‘ã—«‚ª2800–œ‰~@‚Šz”íŠQ‚Ì¼‹\‘ŠŸ‚®@D–ys’†‰›‹æ,https://news.yahoo.co.jp/articles/c21b3f4a35a9108e4e9e685442588aac42695eb7,1/16(‰Î) 0:00
stv,STVƒjƒ…[ƒX–kŠC“¹,“–13Î–¢–‚Ì­—‚É‡–°“±“üÜ‚ğˆù‚Ü‚¹‚Ä‚í‚¢‚¹‚Âsˆ×@39Î`55Î‚Ì’j5l‘ß•ß,https://news.yahoo.co.jp/articles/d8248b63b17298bc8499ee5aee64106ca0fdaf95,1/15(Œ) 20:00
stv,STVƒjƒ…[ƒX–kŠC“¹,“~‚ÌĞŠQ‚©‚çg‚ğç‚é@”ğ“ïŠ‚Ì”õ‚¦‚Æ‰Û‘è@”\“o”¼“‡’nk‚©‚ç‚QTŠÔ,https://news.yahoo.co.jp/articles/4159df7dfd7db2115772b32f397701e646cedb1e,1/15(Œ) 18:53
stv,STVƒjƒ…[ƒX–kŠC“¹,–\•—á‚É‚æ‚éŒö‹¤Œğ’Ê‹@ŠÖ‚Ì—‚êL‚ª‚é@JREVçÎ‹ó`”­’…•Ö@–kŠC“¹,https://news.yahoo.co.jp/articles/e37fb736dad5712c3627b0354b645d2ce8037242,1/15(Œ) 18:47
stv,STVƒjƒ…[ƒX–kŠC“¹,‹£‡{İ‚ª‘‰Á@çÎƒAƒEƒgƒŒƒbƒgƒ‚[ƒ‹EƒŒƒ‰‰^‰cI—¹‚Ö@–ñ‚U‚O“X•Ü‚ª“ü‹@Œ_–ñXV‚¹‚¸,https://news.yahoo.co.jp/articles/cf3861539da292cee60a3ccb5eba2b0ec7033368,1/15(Œ) 18:42
stv,STVƒjƒ…[ƒX–kŠC“¹,Ô‚V‘ä‚Ì‘½d–ŒÌ‚à”­¶@–Òá‘±‚«‰e‹¿L‚ª‚é@–kŠC“¹‚Ì“ú–{ŠC‘¤‚Å–\•—á,https://news.yahoo.co.jp/articles/d034a933fd6629ceeced628551af8043fd4902b0,1/15(Œ) 18:35
stv,STVƒjƒ…[ƒX–kŠC“¹,gÔ‚¿‚á‚ñƒ|ƒXƒghİ’u‚Ì—«@¶ŒãŠÔ‚à‚È‚¢Ô‚¿‚á‚ñ‚ğˆê•ÛŒì@‚»‚ÌŒã‚É‹~‹}”À‘—@–kŠC“¹“–•Ê’¬,https://news.yahoo.co.jp/articles/39a4c2637f7cea03d57c306f72d05bc495460646,1/15(Œ) 18:22
stv,STVƒjƒ…[ƒX–kŠC“¹,–\•—á‚Ì‰e‹¿@D–yŒ—‚ÅŠÔˆø‚«‰^“]@1ŠÔ‚É1–{’ö“x 16“ú‚àŒv‰æ‰^‹x@JR–kŠC“¹,https://news.yahoo.co.jp/articles/965b27bef2e21dbd0c1a1b4d547988f9c4e0264e,1/15(Œ) 18:02
stv,STVƒjƒ…[ƒX–kŠC“¹,“úí“I‚È–\s‚Ì‰Â”\«@‚—îÒZ‘î‚Å94Î—«€–S@ŠzˆÈŠO‚É‚à”ç‰ºoŒŒ@Eˆõ‚Ì’j‚ğ‘—ŒŸ,https://news.yahoo.co.jp/articles/fa506882ed4b22124b8e4123185aaf5fe00a1d5a,1/15(Œ) 17:52
stv,STVƒjƒ…[ƒX–kŠC“¹,‡”Ô‘Ò‚¿‚Åƒgƒ‰ƒuƒ‹@ƒtƒ@ƒXƒgƒt[ƒh“X‚Å—q‚Z¶‚ğP‚Å“Ë‚«˜r‚ğ‰£‚é@’ji33j‚ğ‘ß•ß,https://news.yahoo.co.jp/articles/04371f3000fa0218040df19f4a8edd5ab675badb,1/15(Œ) 16:30
stv,STVƒjƒ…[ƒX–kŠC“¹,–\•—á‚Ì‰e‹¿Šg‘å@‚i‚q‚X‚U–{‰^‹xc–kŠC“¹‚ÌŒğ’Ê–Ô‚ğ’¼Œ‚@“ssŠÔƒoƒXE‹ó‚Ì•Ö‚à,https://news.yahoo.co.jp/articles/4ddcae0fa685661f11ddde7331a16fd78727106b,1/15(Œ) 16:21
stv,STVƒjƒ…[ƒX–kŠC“¹,u‘Ì‚ª”ò‚Î‚³‚ê‚»‚¤v–Òá‚ÅƒzƒƒCƒgƒAƒEƒg‚à@–\•—á‚Ì–kŠC“¹,https://news.yahoo.co.jp/articles/b2146e624667487f4b4d52749a41d28e46014d3d,1/15(Œ) 16:12
stv,STVƒjƒ…[ƒX–kŠC“¹,y“Æ©zuçÎƒAƒEƒgƒŒƒbƒgƒ‚[ƒ‹EƒŒƒ‰v‰^‰cI—¹‚Ö@ƒeƒiƒ“ƒg‚ÆŒ_–ñXV‚¹‚¸u‹êa‚ÌŒˆ’fv,https://news.yahoo.co.jp/articles/853cfd645245ea53a56e737415fe77b0bc2d3501,1/15(Œ) 15:26
stv,STVƒjƒ…[ƒX–kŠC“¹,y‘¬•ñz‹ó‚Ì•Ö‚É‚àŒ‡q‘ŠŸ‚®@–\•—á‚Ì‰e‹¿@‰H“cE¬“c•Ö‚È‚Ç68•ÖŒ‡q@–kŠC“¹EVçÎ‹ó`,https://news.yahoo.co.jp/articles/613d3b0f91bcaac16bec17248c67d3c17e784dcd,1/15(Œ) 15:12
stv,STVƒjƒ…[ƒX–kŠC“¹,u‚È‚ñ‚ÅŒ¤‚°‚È‚¢‚Ì‚ævn•¨‚ğ‚Á‚Ä‹à•¨“X‚É—ˆ“X@“Xˆõ‚É“Ë‚«‚Â‚¯‚é@’ji41j‘ß•ß@D–ys,https://news.yahoo.co.jp/articles/f1bf9c263e097c06db1b365628e4df252789e549,1/15(Œ) 13:32
stv,STVƒjƒ…[ƒX–kŠC“¹,VçÎ‹ó`‚ÌƒoƒXƒŒ[ƒ“‚É’“Ô@ˆÚ“®‹‚ß‚½Ô—¼—U“±‚Ì’j«‚É‘Ì“–‚½‚è@‘ß•ß‚Ì’juˆ«ˆÓ‚Í‚È‚¢v,https://news.yahoo.co.jp/articles/19483b25285e9aa975ac76c6a6026b2e847cb265,1/15(Œ) 13:21
stv,STVƒjƒ…[ƒX–kŠC“¹,u“úí‚ğ‘—‚ê‚é‚±‚Æ‚ÉŠ´Ó‚ğvD–ys“à‚Ì’†ŠwZ‚Ån‹Æ®@‚R”N¶uóŒ±‚Å‘S—Í‚ğ’‚¬‚½‚¢v,https://news.yahoo.co.jp/articles/a087d49349dfc392d141bbcf532e1d639c1e1903,1/15(Œ) 12:20
stv,STVƒjƒ…[ƒX–kŠC“¹,ŠzˆÈŠO‚É‚à”ç‰ºoŒŒ@“úí“I‚È–\s‚Ì‰Â”\«‚à@ƒT‚Z‚Ì94Î—«€–S@‰îŒìEˆõ‚Ì’j‚ğ‘ß•ß,https://news.yahoo.co.jp/articles/090917789036037eeac82e91bf4615744b0bd417,1/15(Œ) 12:11
stv,STVƒjƒ…[ƒX–kŠC“¹,–\•—á‚ÅJR‰^‹x101–{@“ú–{ŠC‘¤‚Å–Òá‚âŒğ’ÊáŠQ‚ÉŒx‰ú@–kŠC“¹,https://news.yahoo.co.jp/articles/1d47b41ddab3fb0196ad50c7b3c6338f294e64e4,1/15(Œ) 11:58
stv,STVƒjƒ…[ƒX–kŠC“¹,ƒGƒAƒ|[ƒg‚â“Á‹}‚È‚Ç—ñÔ98–{‚ª‰^‹x@–\•—á‚âİ”õ•s‹ï‡‚Ì‰e‹¿@JR–kŠC“¹,https://news.yahoo.co.jp/articles/86bdf88c24187d5cf0047be311012b6a590b5e13,1/15(Œ) 10:21
stv,STVƒjƒ…[ƒX–kŠC“¹,u’nk‚à‚ ‚Á‚½‚Ì‚Å”õ‚¦‚Ä‚İ‚æ‚¤‚Æv@–hĞ‚ğŠy‚µ‚­Šw‚ÔƒCƒxƒ“ƒgD–y‚ÅŠJÃ@ŠÖS‚‚­,https://news.yahoo.co.jp/articles/bf1bfd5e903171fba205170ea3dd004ef58ce21b,1/15(Œ) 7:22
stv,STVƒjƒ…[ƒX–kŠC“¹,uŠæ’£‚é‚¾‚¯Šæ’£‚Á‚½‚©‚Èv‘åŠw“üŠw‹¤’ÊƒeƒXƒgI‚í‚é@–kŠC“¹‘å‚«‚Èƒgƒ‰ƒuƒ‹‚È‚µ,https://news.yahoo.co.jp/articles/dc0c241c08333ae8de04d2f851988f9a27c1e0b9,1/15(Œ) 7:18
stv,STVƒjƒ…[ƒX–kŠC“¹,uŒ³“ú‚É‚Ğ‚½‚¢‚ğ‰£‚ècvƒT[ƒrƒX•t‚«‚—îÒŒü‚¯Z‘î‚Å‰îŒìEˆõi29j‚ª—˜—pÒ‰£‚é@94Î—«€–S,https://news.yahoo.co.jp/articles/9750d3ee3a04f25431d78bf5ec462eb156c19969,1/14(“ú) 19:11
stv,STVƒjƒ…[ƒX–kŠC“¹,yŒğ’Êî•ñz15“ú–¢–¾‚©‚ç–kŠC“¹“à‘år‚ê‚©@JR–kŠC“¹@‰^‹x61–{—\’è,https://news.yahoo.co.jp/articles/d1ce41dba4dbabea36ff0aba1592e5048516d72c,1/14(“ú) 17:03
stv,STVƒjƒ…[ƒX–kŠC“¹,D–y‚ÌƒT‚Z‚ÅŠQ–Œ ”íŠQÒ‚Ì94Î—«€–S –\s‚µ‚½‚Ì‚Í{İ‚Ì‰îŒìEˆõ@D–ys“ì‹æ,https://news.yahoo.co.jp/articles/b335ca31848cc0b0f11ac1eba3860c26a7f91f75,1/14(“ú) 16:22
stv,STVƒjƒ…[ƒX–kŠC“¹,á‚É–„‚à‚ê‚½Ô‚©‚ç’j«‚Ìˆâ‘Ì”­Œ© –kŠC“¹¬’Ms,https://news.yahoo.co.jp/articles/6c3c3243f43fba5c87f48134e5148f7be3c7b63a,1/14(“ú) 14:53
stv,STVƒjƒ…[ƒX–kŠC“¹,u–½jc‹@”\‚¹‚¸vá‰º‚ë‚µ’†‚É‰®ª‚©‚ç“]—@’j«ŒÄ‚Ñ‚©‚¯‚É‰‚¶‚¸ D–ys’†‰›‹æ,https://news.yahoo.co.jp/articles/16d12d5887ff4557b69129c535b142c909dacfd1,1/14(“ú) 14:53
stv,STVƒjƒ…[ƒX–kŠC“¹,y‘¬•ñzƒXƒL[ƒWƒƒƒ“ƒv—qW”t ˆÉ“¡—LŠó‘Iè‚ª¡ƒV[ƒYƒ“2Ÿ–Ú,https://news.yahoo.co.jp/articles/c6de7163a2928ebdef4b46a4f4c2f5776b527a0d,1/14(“ú) 12:57
stv,STVƒjƒ…[ƒX–kŠC“¹,uÁ–hˆõ‚³‚ñ‚½‚¿‚Ì‚½‚ß‚Écvá‚É–„‚à‚ê‚½Á‰Îğ‚ğœá@q‚Ç‚à‚½‚¿‚Ìœáƒ{ƒ‰ƒ“ƒeƒBƒA,https://news.yahoo.co.jp/articles/880b2b561a07fa6480a45f7719c9a200cb10278c,1/14(“ú) 11:46
stv,STVƒjƒ…[ƒX–kŠC“¹,u‰œ‚³‚ñ‚ª•¨’u‚©‚ç—‚¿‚½‚İ‚½‚¢‚¾vá‰º‚ë‚µ’†‚É‚Í‚µ‚²‚©‚ç“]— 76Î—«‚ª‘¾‚à‚à‚ğœÜ‚·‚éd –kŠC“¹Eˆ®ìs,https://news.yahoo.co.jp/articles/817e7ae137541511a70a62a26d8d80845237bd22,1/14(“ú) 10:03
stv,STVƒjƒ…[ƒX–kŠC“¹,ƒXƒm[ƒ‚[ƒrƒ‹‚Ì‰º•~‚«‚É‚È‚èuˆÓ¯‚ª‚È‚¢v @‹}‚Èã‚èâ‚Å“]“|55Î‚Ì’j«‚ª€–S –kŠC“¹EˆÉ’Bs,https://news.yahoo.co.jp/articles/1f6a5b929ab390bb5edfb1a1783db650caae44ee,1/14(“ú) 10:03
stv,STVƒjƒ…[ƒX–kŠC“¹,11ŠKŒš‚Äƒ}ƒ“ƒVƒ‡ƒ“‚Ì1ŠK‚Ì•”‰®‚ª”R‚¦‚é‰Î–@50‘ã‚Æ‚İ‚ç‚ê‚é’j«‚Ìˆâ‘Ì”­Œ©@D–ys,https://news.yahoo.co.jp/articles/c3b66cec84e174525e802adf0845ff2779736cb4,1/14(“ú) 9:26
stv,STVƒjƒ…[ƒX–kŠC“¹,ƒgƒ~ƒJ”‚Åu‚s‚­‚ñv‚ªˆê“úŒx@’·,https://news.yahoo.co.jp/articles/79a76553e08d39b12849401519191c8fe1264b27,1/13(“y) 17:49
stv,STVƒjƒ…[ƒX–kŠC“¹,Z‘î‰ÎĞ‚Å€–S‚µ‚½‚Ì‚Í‰Æ‚ÉZ‚Ş80‘ã•v•w‚Æ”»–¾@D–ysèˆî‹æ,https://news.yahoo.co.jp/articles/0030b9b4d177596f7feeb2c3f8e0420e6604fddd,1/13(“y) 17:44
stv,STVƒjƒ…[ƒX–kŠC“¹,‘åŠw“üŠw‹¤’ÊƒeƒXƒgn‚Ü‚é@“¹“à‚Å‘å‚«‚Èƒgƒ‰ƒuƒ‹‚È‚µ,https://news.yahoo.co.jp/articles/9673defeb7366de2f7cbad6461305dd57b9aa096,1/13(“y) 17:39
stv,STVƒjƒ…[ƒX–kŠC“¹,gƒNƒ}‚Ì‹ìœ‚Í–½‚ª‚¯h@‘ŠŸ‚®ƒnƒ“ƒ^[‚Ö‚Ì‹êîE”á”»@‚È‚èè•s‘«‚ª[@–kŠC“¹,https://news.yahoo.co.jp/articles/a9c95f01c4ce628369f612e4f09f7700f37a26a4,2023/10/21(“y) 8:20
stv,STVƒjƒ…[ƒX–kŠC“¹,4Î—™‚ğ‚Ğ‚¢‚½77Î‚Ì‰^“]èueq‚ğ”F¯‚µ‚Ä‚¢‚½‚ªA‚Ô‚Â‚©‚Á‚Ä‚µ‚Ü‚Á‚½v‹ú˜H—™€–S–ŒÌ,https://news.yahoo.co.jp/articles/6ee7b03a7746b6b8f79cbede474253e713648563,2023/10/19(–Ø) 11:25
stv,STVƒjƒ…[ƒX–kŠC“¹,ƒoƒXæ‚è’x‚ê‚à@‰¼İ’â—¯Š‚É‰E‰¶‰@‰Á‘¬‚·‚éÄŠJ”­@¶‚Ü‚ê•Ï‚í‚éD–y‰wü•Ó,https://news.yahoo.co.jp/articles/40cc69ca314192c90b19fc04ce233a772a61ad37,2023/10/7(“y) 20:02
stv,STVƒjƒ…[ƒX–kŠC“¹,‹‰Øƒzƒeƒ‹‚â‰·ò‚à@ŠÏŒõ’n‰»‚ªi‚Ş–k•û—Ì“y@‘Î˜I§Ù‚ÅƒƒVƒAl—·s‹q‚ª‘‰Á,https://news.yahoo.co.jp/articles/18efc6dbbf4440f15d30991de6863b146dcdabe7,2023/10/7(“y) 9:00
stv,STVƒjƒ…[ƒX–kŠC“¹,ü˜H‚ÌˆÀ‘S‚ğŒã‰ñ‚µ‚ÉcJR’Eü–ŒÌ‚©‚ç10”N@u•Ûüv‚ÌŒ»ê‚Í‚¢‚Ü@–kŠC“¹,https://news.yahoo.co.jp/articles/0c4e2328d35b115dd4b57562e2eec7810e9f9fb1,2023/9/30(“y) 13:01
stv,STVƒjƒ…[ƒX–kŠC“¹,ƒtƒ@ƒCƒ^[ƒYˆÚ“]‚©‚ç”¼”N@–Íõ‘±‚­D–yƒh[ƒ€@ƒ{[ƒ‹ƒp[ƒN‚ÍV{İ‚ª‘±X,https://news.yahoo.co.jp/articles/2f0ff664e3fcfd2122d4952a9474dfe75cdd0bb0,2023/9/23(“y) 9:01
stv,STVƒjƒ…[ƒX–kŠC“¹,–kŠC“¹‰IƒAƒWƒAƒ]ƒE‚ÌÔ‚¿‚á‚ñ’a¶@â–ÅŠëœœí‚ğ•ÛŒì@–½‚ğ‚Â‚È‚®“®•¨‰€,https://news.yahoo.co.jp/articles/58d4f132e088cc1a7ac5ea275b480b8f936d5243,2023/9/16(“y) 12:05
stv,STVƒjƒ…[ƒX–kŠC“¹,1“ú‚Å‰•œ550ƒLƒ@ƒgƒ‰ƒbƒNƒhƒ‰ƒCƒo[‚É–§’…@”—‚éu2024”N–â‘èv,https://news.yahoo.co.jp/articles/bb029b409b8be97b102aa672b2e464ada1125e0d,2023/9/9(“y) 12:05
stv,STVƒjƒ…[ƒX–kŠC“¹,uƒiƒCƒXƒlƒCƒ`ƒƒv‚ªØ‚èŠJ‚¢‚½–¢—ˆ@”n‚Ìˆê¶‚ÆŒü‚«‡‚¤g—{˜V–qêh‚É–§’…@”nY’nE‰Y‰Í’¬,https://news.yahoo.co.jp/articles/5124928b1f0e3416acf0988fc21acd65db89762e,2023/8/26(“y) 9:02
stv,STVƒjƒ…[ƒX–kŠC“¹,u‚¨‚©‚¦‚è‚È‚³‚¢v24Î‚Åí€‚µ‚½’j«‚Ì“úÍŠø@78”N‚Ô‚è‚ÉŒÌ‹½‚Ì–kŠC“¹‚Ö,https://news.yahoo.co.jp/articles/3c7e955f402794c077cbd40c315286fcf727b4ce,2023/8/19(“y) 7:03
stv,STVƒjƒ…[ƒX–kŠC“¹,u‚¨‹à‚ÆŠÔ‚ªcvŒ¢‚ª100•CˆÈã@g‘½“ª”ˆç•ö‰óh‚ÌÀ‘Ô@”‚¢å‚ÌÓ”C‚Æ‚ÍH,https://news.yahoo.co.jp/articles/f79554c17efea9999259efdda9933e1cb70f8eeb,2023/8/12(“y) 12:03
stv,STVƒjƒ…[ƒX–kŠC“¹,"ˆÀ‘S«‚ÍH""“d“®ƒLƒbƒNƒXƒP[ƒ^[h@“¹Œğ–@‰ü³‚Åˆê•”‹K§ŠÉ˜a@D–y‚Å‚ÍŒx@Š¯‚àæ‰ï",https://news.yahoo.co.jp/articles/174d552f77b14a382c9344a7a70b8684b5c94291,2023/8/5(“y) 9:00
