media_en,media_jp,title_articles,link_articles,date_original
bballk,ƒoƒXƒPƒbƒgƒ{[ƒ‹ƒLƒ“ƒO,VŠƒ‚ğˆø‚Á’£‚éÅ”N’·‚Ìgi—ß“ƒhâ“c˜Ğ‹I“Şu‚İ‚ñ‚È‚ÌƒVƒ…[ƒgƒ`ƒƒƒ“ƒX‚ğì‚é‚Ì‚ª–ğŠ„v,https://news.yahoo.co.jp/articles/60a626cf7a0a4946e2b3a15e50df7013ac680b96,3/15(‹à) 19:00
bballk,ƒoƒXƒPƒbƒgƒ{[ƒ‹ƒLƒ“ƒO,WƒŠ[ƒO’ÊZ2000“¾“_‚ğ’B¬‚µ‚½ƒAƒ‰ƒ“ƒ}[ƒŒH“c‚ÌXƒ€ƒ`ƒƒcƒR[ƒ`‚àŒ“”C‚·‚éV“V’n‚Åu©g‚ÌƒvƒŒ[‚à[‚Ü‚è‚Ü‚µ‚½v,https://news.yahoo.co.jp/articles/0aa06b2f2fa235fe585b105f3ee3ea55f22ae7a1,3/15(‹à) 18:00
bballk,ƒoƒXƒPƒbƒgƒ{[ƒ‹ƒLƒ“ƒO,ujãÅ‚‚Ì‘Iè‚É‚È‚è‚½‚¢vcƒiƒQƒbƒc‚Ì“¾“_Œ¹ƒWƒƒƒ}[ƒ‹Eƒ}ƒŒ[‚ª©g‚Ì–Ú•W‚ğŒê‚é,https://news.yahoo.co.jp/articles/5247b2cbc183f722badbb2c2bb117f43d211eba4,3/15(‹à) 17:53
bballk,ƒoƒXƒPƒbƒgƒ{[ƒ‹ƒLƒ“ƒO,NBA‹üw‚ÌgƒŒƒWƒFƒ“ƒhhƒAƒCƒo[ƒ\ƒ“‚ÌƒhƒLƒ…ƒƒ“ƒ^ƒŠ[§ì”­•\cƒVƒƒƒbƒN‚ÆƒJƒŠ[‚ªƒvƒƒfƒ…[ƒX‚É‹¦—Í,https://news.yahoo.co.jp/articles/9d935d741da3cbdaf86a1bea08e838aaabd1d2eb,3/15(‹à) 17:30
bballk,ƒoƒXƒPƒbƒgƒ{[ƒ‹ƒLƒ“ƒO,“ú–{‚ÌVƒAƒŠ[ƒi‚ÅŠJÃ‚Ì‰Â”\«‚àcEASL‚ÌŒ»İ‚Æ–¢—ˆyˆäŒûŠîj‚ÌŒ»’nƒŒƒ|[ƒgŒã•Òz,https://news.yahoo.co.jp/articles/482e08a0e6877c789eb5a1bf3fd39d39d05c643c,3/15(‹à) 17:00
bballk,ƒoƒXƒPƒbƒgƒ{[ƒ‹ƒLƒ“ƒO,ˆê”ÊŠé‹Æ‚ÆBƒNƒ‰ƒu‚Ìˆá‚¢‚Æ‚ÍcgŒ³ƒNƒ‰ƒuĞ’·h‚Ì“‡“cƒ`ƒFƒAƒ}ƒ“u“ï‚µ‚¢‚¯‚ÇÅ‚‚É–Ê”’‚¢‚Æ‚±‚ë‚Å‚à‚ ‚év,https://news.yahoo.co.jp/articles/78b77b8619bf3f7c4103b29321b9854380c682f5,3/15(‹à) 14:38
bballk,ƒoƒXƒPƒbƒgƒ{[ƒ‹ƒLƒ“ƒO,10”N˜A‘±’ÊZ61“x–ÚcƒZƒ‹ƒeƒBƒbƒNƒX‚ªƒŠ[ƒOˆê”Ôæ‚è‚ÅƒvƒŒ[ƒIƒtioŒˆ’è,https://news.yahoo.co.jp/articles/697d3a73ccce75beb473cc088b79ae11cf3c0cd7,3/15(‹à) 12:51
bballk,ƒoƒXƒPƒbƒgƒ{[ƒ‹ƒLƒ“ƒO,L“‡‚Ìƒƒo[ƒcƒPƒCƒ“‚ª‘S¡2`3TŠÔ‚Ì•‰—£’Ec‚Ü‚½‚µ‚Ä‚àƒoƒbƒNƒR[ƒgw‚ÉƒAƒNƒVƒfƒ“ƒg,https://news.yahoo.co.jp/articles/f3b279d20f4483696483356761735ec03fc370bf,3/15(‹à) 12:44
bballk,ƒoƒXƒPƒbƒgƒ{[ƒ‹ƒLƒ“ƒO,ƒiƒQƒbƒc‚ªğ‹Gƒtƒ@ƒCƒiƒ‹Äí‚ÉŸ—˜c‹…‰ƒŒãƒŠ[ƒOƒxƒXƒg‚ÌíÑ‚ÅƒEƒFƒXƒgñˆÊ‚É•‚ã,https://news.yahoo.co.jp/articles/951959429c5c52c5d4f7c1d9c1181def069e780d,3/15(‹à) 12:06
bballk,ƒoƒXƒPƒbƒgƒ{[ƒ‹ƒLƒ“ƒO,BƒŠ[ƒOA2024|25ƒV[ƒYƒ“Œã‚Ì~Ši‚È‚µuB.ŠvV‚ğŒ©˜‚¦vB1‚Í26ƒNƒ‰ƒu‚É‘‰Á‚Ö,https://news.yahoo.co.jp/articles/3fdb5f22df98855af899bb5945ea9d45fbb598ff,3/15(‹à) 12:03
bballk,ƒoƒXƒPƒbƒgƒ{[ƒ‹ƒLƒ“ƒO,ƒ‰ƒvƒ^[ƒY‚ÅŠˆ–ô‚·‚éRJEƒoƒŒƒbƒg‚Ì’íƒlƒCƒTƒ“Eƒ^ƒCƒ‰[EƒoƒŒƒbƒg‚ª‘¼ŠE,https://news.yahoo.co.jp/articles/ea57246d7aa33c6763485e8764ce7473e44ece82,3/15(‹à) 11:08
bballk,ƒoƒXƒPƒbƒgƒ{[ƒ‹ƒLƒ“ƒO,uTOGASHIv‚É•¦‚¢‚½ƒZƒu“‡c“ú–{¨‚ª‰§”e‚µ‚½EASL‚ÌŒ»İ‚Æ–¢—ˆyˆäŒûŠîj‚ÌŒ»’nƒŒƒ|[ƒg‘O•Òz,https://news.yahoo.co.jp/articles/3659cfd37e8ce77f000fbb81b2200789279f1ca4,3/14(–Ø) 19:30
bballk,ƒoƒXƒPƒbƒgƒ{[ƒ‹ƒLƒ“ƒO,BƒŠ[ƒO2Œ“x‚ÌŒŠÔMVP‚Í‰F“s‹{Eƒjƒ…[ƒrƒ‹c‘IlˆÏˆõ‚àâ^ux”z—Í‚ªˆâŠ¶–³‚­”­Šö‚³‚ê‚½v,https://news.yahoo.co.jp/articles/34372f046e8629340ec7e20ad18a14e112619be2,3/14(–Ø) 19:07
bballk,ƒoƒXƒPƒbƒgƒ{[ƒ‹ƒLƒ“ƒO,FG˜A‘±¬Œ÷”‚ÅNBA‹L˜^‚É“÷”–‚·‚éƒMƒƒƒtƒH[ƒhu‹C‚É‚µ‚È‚¢‚æ‚¤‚ÉŒ¾‚¢•·‚©‚¹‚Ä‚¢‚év,https://news.yahoo.co.jp/articles/64156099273adc1b5bb2bad5952ecfd3c88e7611,3/14(–Ø) 18:11
bballk,ƒoƒXƒPƒbƒgƒ{[ƒ‹ƒLƒ“ƒO,˜A‘±ƒ_ƒuƒ‹ƒ_ƒuƒ‹‚Ì‹…’c‹L˜^‚ğ“h‚è‘Ö‚¦‚½ƒTƒ{ƒjƒXcŒ»–ğÅ‘½‹L˜^÷—§‚Ü‚Å‚ ‚Æu6‡v,https://news.yahoo.co.jp/articles/c528d418f5f00ce773508e5cdcf8809b49493d9b,3/14(–Ø) 16:51
bballk,ƒoƒXƒPƒbƒgƒ{[ƒ‹ƒLƒ“ƒO,ƒ}ƒbƒ`ƒAƒbƒv‘Šè‚Ö‚Ì‘åŠ…ÑcƒEƒFƒ“ƒoƒ“ƒ„ƒ}‚Í©g‚Ö‚ÌÜ^‚Æ”F¯u—_‚ßŒ¾—t‚Ì‚æ‚¤‚È‚à‚Ìv,https://news.yahoo.co.jp/articles/0400827e20257ecc9f4b3d31e9e91b50d9836f94,3/14(–Ø) 15:20
bballk,ƒoƒXƒPƒbƒgƒ{[ƒ‹ƒLƒ“ƒO,‘æ3Q‚É¸‘¬‚ÌƒŒƒCƒJ[ƒYA’Ç‚¢ã‚°}‚é‚àƒLƒ“ƒOƒX‚É•¯c”ª‘º—Û‚ÍFG¬Œ÷—¦8Š„’´‚Ì20“¾“_,https://news.yahoo.co.jp/articles/85657e0a269e5cabe4fcf809e1e2b983ffa32f9a,3/14(–Ø) 14:06
bballk,ƒoƒXƒPƒbƒgƒ{[ƒ‹ƒLƒ“ƒO,ƒLƒƒƒuƒY‚Ìƒhƒmƒoƒ“Eƒ~ƒbƒ`ƒFƒ‹‚ç•¡”‚ÌƒXƒ^[‘Iè‚ª¡‹GI—¹Œã‚ÌƒAƒEƒH[ƒh‘ÎÛŠO‚É,https://news.yahoo.co.jp/articles/8cf17e9c898ac589bc48c0a9109790195672851b,3/14(–Ø) 13:26
bballk,ƒoƒXƒPƒbƒgƒ{[ƒ‹ƒLƒ“ƒO,wTHE FIRST SLAM DUNKxOST‚ªƒAƒjƒ[ƒVƒ‡ƒ“EƒAƒ‹ƒoƒ€EƒIƒuEƒUEƒCƒ„[‚ğóÜ,https://news.yahoo.co.jp/articles/6b2c5734e5c129290ed514160149eba519a33723,3/14(–Ø) 12:30
bballk,ƒoƒXƒPƒbƒgƒ{[ƒ‹ƒLƒ“ƒO,ƒPƒKl‘±o‚ÅƒEƒFƒXƒg‰ºˆÊ‚Ö’á–À‚·‚éƒOƒŠƒYƒŠ[ƒYc“¾“_Œ¹ƒxƒCƒ“‚ª‹ß“ú’†‚É•œ‹A‚Ö,https://news.yahoo.co.jp/articles/e670e836a3dbe03f3775c9578968dee0086cb257,3/14(–Ø) 12:13
bballk,ƒoƒXƒPƒbƒgƒ{[ƒ‹ƒLƒ“ƒO,ƒEƒ‹ƒuƒY‚Ìƒ^ƒEƒ“ƒY‚ª¶ƒqƒU”¼Œ”Â‚ğèpcƒŒƒMƒ…ƒ‰[ƒV[ƒYƒ“ÅIT‚ÉÄŒŸ¸—\’è,https://news.yahoo.co.jp/articles/1314657fc10f55d5072ab7f81ec5061b4b34940d,3/14(–Ø) 11:40
bballk,ƒoƒXƒPƒbƒgƒ{[ƒ‹ƒLƒ“ƒO,¶ƒqƒUèp‚Å—£’E’†‚ÌƒGƒ“ƒr[ƒhcŒ»’n‹LÒ‚ªŒ»ó‚ğŒê‚éu¡‚Ì”Ş‚Í•œ‹A‚É‚Í’ö‰“‚¢v,https://news.yahoo.co.jp/articles/f801b01b7e6b1facffe7a596f91086c79c0552bc,3/14(–Ø) 11:29
bballk,ƒoƒXƒPƒbƒgƒ{[ƒ‹ƒLƒ“ƒO,‹t“]‚Ìƒ`ƒƒƒ“ƒX‚ğ‚Â‚©‚ß‚¸ƒOƒŠƒYƒŠ[ƒY‚ªƒz[ƒlƒbƒc‚É”síc“nç²—Y‘¾‚ÍGƒŠ[ƒOƒ`[ƒ€‚Å’²®,https://news.yahoo.co.jp/articles/58133632f2ba162eae2c7ff2314bf4424be60561,3/14(–Ø) 11:28
bballk,ƒoƒXƒPƒbƒgƒ{[ƒ‹ƒLƒ“ƒO,yB2‘æ26ß Œ©‚Ç‚±‚ëz—DŸ‘ˆ‚¢‚Éƒ^ƒt‚³‚ª—v‹‚³‚ê‚é•Ÿ‰ª‚Í‹­s“ú’ö‚ğƒTƒoƒCƒu‚Å‚«‚é‚©H,https://news.yahoo.co.jp/articles/6d68632eb0c758f208f14f66352d4816ac73888b,3/14(–Ø) 11:00
bballk,ƒoƒXƒPƒbƒgƒ{[ƒ‹ƒLƒ“ƒO,„—§Œb”äõ’†Šw‚ªƒn[ƒtƒ^ƒCƒ€ƒVƒ‡[o‰‰Œˆ’èc4Œ13“ú‚ÌB1Œö®íSRa’JvsO‰Í‚É—ˆê‚Ö,https://news.yahoo.co.jp/articles/9e393855d7b1046f7593760cbd1cf3b7f8cc7af3,3/13(…) 20:38
bballk,ƒoƒXƒPƒbƒgƒ{[ƒ‹ƒLƒ“ƒO,ƒVƒFƒCEƒMƒ‹ƒWƒƒƒXEƒAƒŒƒNƒTƒ“ƒ_[‚ª‹…’cV‹L˜^cƒfƒ…ƒ‰ƒ“ƒg’´‚¦ƒV[ƒYƒ“48“x–Ú‚Ì30“¾“_,https://news.yahoo.co.jp/articles/8fa139d17be81588e812c87d7458003022c6fd76,3/13(…) 18:50
bballk,ƒoƒXƒPƒbƒgƒ{[ƒ‹ƒLƒ“ƒO,u‹L˜^‚Í”j‚ç‚ê‚é‚½‚ß‚É‚ ‚évƒŒƒuƒƒ“‚ª‘åˆÌ‹Æ‚ÌƒLƒƒƒŠƒA’ÊZ4–œ“_“’B‚ÉŒ¾‹y,https://news.yahoo.co.jp/articles/7cbd46bed6c294c7174d4066ed10c565cfac382a,3/13(…) 16:50
bballk,ƒoƒXƒPƒbƒgƒ{[ƒ‹ƒLƒ“ƒO,‰E‘«ñ”PÁ‚ÅŒ‡ê’†‚ÌƒJƒŠ[cí—ñ•œ‹A‚ÍÅ’Z‚Å“ú–{ŠÔ17“ú‚ÌƒŒƒCƒJ[ƒYí‚©H,https://news.yahoo.co.jp/articles/8b0f7c18c67fc8a68df8c3012bfde7777ba4a158,3/13(…) 16:39
bballk,ƒoƒXƒPƒbƒgƒ{[ƒ‹ƒLƒ“ƒO,ƒXƒeƒtƒBƒ“EƒJƒŠ[‚ª‘å“—Ì‘I‚Ö—§Œó•âHu‚ ‚é‚©‚à‚µ‚ê‚È‚¢vˆø‘ŞŒã‚É­ŠEio‚Ì‰Â”\«‚ğ”Û’è‚¹‚¸,https://news.yahoo.co.jp/articles/340a1054a930df331d334b685595bd74672d3497,3/13(…) 16:04
bballk,ƒoƒXƒPƒbƒgƒ{[ƒ‹ƒLƒ“ƒO,ƒz[ƒNƒX‚ÌƒTƒfƒB[ƒNEƒxƒC‚ª¶ƒqƒU‚Ì‘O\šx‘Ñ’f—ô‚Å¡‹Gc‚è‡‚ğ‘S‹x,https://news.yahoo.co.jp/articles/b23c221c2dc9fb7da29d87f82ad821c5f6bc2d47,3/13(…) 16:02
bballk,ƒoƒXƒPƒbƒgƒ{[ƒ‹ƒLƒ“ƒO,ƒlƒuƒ‰ƒXƒJ‘åE•x‰iŒ[¶‚ªuƒI[ƒ‹ƒZƒJƒ“ƒhƒ`[ƒ€v‚É‘Ioc16“ú‚©‚çƒJƒ“ƒtƒ@ƒŒƒ“ƒXƒg[ƒiƒƒ“ƒg‚Ö,https://news.yahoo.co.jp/articles/d8df5d12dc3c63473dd3e535659c76d37898bcb2,3/13(…) 13:27
bballk,ƒoƒXƒPƒbƒgƒ{[ƒ‹ƒLƒ“ƒO,ƒOƒŠƒYƒŠ[ƒY‚ªƒEƒBƒU[ƒY‰º‚µ˜A”sƒXƒgƒbƒvc“nç²—Y‘¾‚Íèñ•‰‚Å6í˜A‘±Œ‡ê,https://news.yahoo.co.jp/articles/5cfcf136aa1f51062753e40740a6eb94023616ac,3/13(…) 12:39
bballk,ƒoƒXƒPƒbƒgƒ{[ƒ‹ƒLƒ“ƒO,ƒC[ƒXƒg5ˆÊ‚Ö–ôi‚µ‚½ƒ}ƒWƒbƒNcA”C3”N–Ú‚ÌƒWƒƒƒ}[ƒ‹Eƒ‚[ƒYƒŠ[HC‚ª‰„’·Œ_–ñ‚É‡ˆÓ,https://news.yahoo.co.jp/articles/4938a7de3577905e13cabfd6e718db450c94f538,3/13(…) 11:39
bballk,ƒoƒXƒPƒbƒgƒ{[ƒ‹ƒLƒ“ƒO,‰E‘«ñ‚Æ‰EƒqƒU‚ğ•‰cƒƒPƒbƒc‚ÌƒAƒ‹ƒyƒŒƒ“EƒVƒFƒ“ƒOƒ“‚ªc‚è‡‚ğ‘S‹x‚©,https://news.yahoo.co.jp/articles/7750a0d21b890e40cb084f0a36b1a2ec038da8de,3/13(…) 10:52
bballk,ƒoƒXƒPƒbƒgƒ{[ƒ‹ƒLƒ“ƒO,¡‹G‘æ20T‚ÌTŠÔMVP‚Éƒ}[ƒxƒŠƒbƒNƒX‚Ìƒhƒ“ƒ`ƒbƒ`Aƒuƒ‹ƒY‚Ìƒfƒ[ƒUƒ“‚ª‘Io,https://news.yahoo.co.jp/articles/4df3f9494ca18fd59a4da2d46990a6b5c632ff9a,3/13(…) 10:06
bballk,ƒoƒXƒPƒbƒgƒ{[ƒ‹ƒLƒ“ƒO,ƒIƒbƒg[Eƒ|[ƒ^[Jr.‚ªŒ»–ğˆø‘Ş‚ğ”­•\c2022”N‚É‚ÍƒEƒHƒŠƒA[ƒY‚ÅNBA—DŸ‚ğŒoŒ±,https://news.yahoo.co.jp/articles/c6ad45ca23b944d0e3792274023f84bb6cb885a1,3/12(‰Î) 16:35
bballk,ƒoƒXƒPƒbƒgƒ{[ƒ‹ƒLƒ“ƒO,ƒ}ƒuƒX‚Ìƒ_ƒjƒGƒ‹EƒMƒƒƒtƒH[ƒh‚ª‚¸“x‚ÈƒVƒ…[ƒg‚ğ”â˜Ic28–{˜A‘±ƒm[ƒ~ƒX‚ÅFG¬Œ÷,https://news.yahoo.co.jp/articles/f237150621bcef4d1b1092883505ae5768263c7c,3/12(‰Î) 15:56
bballk,ƒoƒXƒPƒbƒgƒ{[ƒ‹ƒLƒ“ƒO,VŠƒƒAƒ‹ƒrƒŒƒbƒNƒXBBA’†‰›‘å‚Ì”óŒû‘“¶‚ª—ûKQ‰ÁuƒQ[ƒ€ƒƒCƒN‚Æ“¾“_—Í‚Åƒ`[ƒ€‚ÉvŒ£‚µ‚Ü‚·v,https://news.yahoo.co.jp/articles/f51a0e185d5487dc3cc727963f9da4f09b1cb552,3/12(‰Î) 14:34
bballk,ƒoƒXƒPƒbƒgƒ{[ƒ‹ƒLƒ“ƒO,ˆïéƒƒ{ƒbƒc‚Ìƒ‹[ƒNEƒƒC‚ªŒğ’Ê–ŒÌc•s’ˆÓ‚ÅÔM†‚ÌŒğ·“_‚ÉN“üAæ—pÔ‚ÆÚG,https://news.yahoo.co.jp/articles/923462af2b839a45708576bc325352b1828ae9e6,3/12(‰Î) 13:05
bballk,ƒoƒXƒPƒbƒgƒ{[ƒ‹ƒLƒ“ƒO,“Œ“ú–{‘åkĞ‚©‚ç13”NcƒNƒ‰ƒu‚â‘Iè‚ªº–¾”­•\Aå‘ä89ERSuŠF—l‚Æˆê‚É–¾‚é‚¢–¢—ˆ‚ğv,https://news.yahoo.co.jp/articles/0c23845d18d45aea2d744f857efb485ca3bfda07,3/11(Œ) 19:16
bballk,ƒoƒXƒPƒbƒgƒ{[ƒ‹ƒLƒ“ƒO,uWƒŠ[ƒOƒTƒ}[ƒLƒƒƒ“ƒv2024v‚ÌV‰ïê‚ªŒˆ’èc•‘ –ì‚ÌX‘‡ƒXƒ|[ƒcƒvƒ‰ƒU‚ÅŠJÃ,https://news.yahoo.co.jp/articles/b873070777bd5750e56a19534fc96149290b728f,3/11(Œ) 18:53
bballk,ƒoƒXƒPƒbƒgƒ{[ƒ‹ƒLƒ“ƒO,ƒ‹ƒJEƒhƒ“ƒ`ƒbƒ`‚ªNBAV‹L˜^‚ğ’B¬c6‡˜A‘±‚Å30“¾“_’´‚¦‚ÌƒgƒŠƒvƒ‹ƒ_ƒuƒ‹,https://news.yahoo.co.jp/articles/5a7a58eb1ad90b0cb87d8b8ca7af39ec40dd5b16,3/11(Œ) 18:29
bballk,ƒoƒXƒPƒbƒgƒ{[ƒ‹ƒLƒ“ƒO,ƒfƒCƒrƒX‚ª‹ºˆĞ‚Ì‹L˜^c25“¾“_25ƒŠƒoƒEƒ“ƒh5ƒAƒVƒXƒg5ƒXƒeƒB[ƒ‹3ƒuƒƒbƒNˆÈã‚ğ‹“‚°‚½Å‰‚Ì‘Iè‚É,https://news.yahoo.co.jp/articles/de93f5573e9fe371effb0940ca35035f64830be5,3/11(Œ) 17:56
bballk,ƒoƒXƒPƒbƒgƒ{[ƒ‹ƒLƒ“ƒO,•xŠ~—E÷‚ªEASL‚ÌMVPóÜcŒˆŸT‚Å•½‹Ï26“¾“_‚ğ‹“‚°‚Äç—tJ‚ğ‰—DŸ‚É“±‚­,https://news.yahoo.co.jp/articles/c1b22cb816541409b734633d402837631cdce576,3/11(Œ) 17:13
bballk,ƒoƒXƒPƒbƒgƒ{[ƒ‹ƒLƒ“ƒO,—£’E‘±‚­ƒƒ“ƒ]Eƒ{[ƒ‹‚ª•œ‹A‚Ö‘Oicˆãt‚©‚çg‚“x‚ÈhƒvƒŒ[‹–‰Â‚ª‰º‚é,https://news.yahoo.co.jp/articles/4ebeacf246c6aec1743e782dc9e95232bf8f787c,3/11(Œ) 17:00
bballk,ƒoƒXƒPƒbƒgƒ{[ƒ‹ƒLƒ“ƒO,c@”tŒˆŸ‚ÌƒŠƒ}ƒbƒ`‚Í1Ÿ1”s‚Ì’É‚İ•ª‚¯cƒVƒƒƒ“ƒ\ƒ“‘Îƒgƒˆƒ^©“®Ô‚àŒƒ“¬‚É/WƒŠ[ƒO‘æ12ß,https://news.yahoo.co.jp/articles/5a491646cca6d8dab021894716434fa650c00eb8,3/11(Œ) 16:09
bballk,ƒoƒXƒPƒbƒgƒ{[ƒ‹ƒLƒ“ƒO,›–ìƒuƒ‹[ƒXŠ‘®‚ÌƒXƒeƒbƒgƒ\ƒ“‘å‚ªƒJƒ“ƒtƒ@ƒŒƒ“ƒXŒˆŸí‚ÉŸ—˜c‰‚ÌNCAAƒg[ƒiƒƒ“ƒg‚Ö,https://news.yahoo.co.jp/articles/f1aaf0cb1865b3a8182f803531eec8cb92c46e77,3/11(Œ) 14:31
bballk,ƒoƒXƒPƒbƒgƒ{[ƒ‹ƒLƒ“ƒO,“ñ–‡ŠÅ”Â‚ª–ô“®‚µ‚½ƒŒƒCƒJ[ƒY‚ªƒEƒ‹ƒuƒY‚ğŒ‚”jc”ª‘º—Û‚Í3í˜A‘±2ƒPƒ^‚Ì15“¾“_,https://news.yahoo.co.jp/articles/55d71c556a0cb343b58102c3b3a6c0b322addd05,3/11(Œ) 13:23
bballk,ƒoƒXƒPƒbƒgƒ{[ƒ‹ƒLƒ“ƒO,ƒOƒŠƒYƒŠ[ƒY‚ªƒEƒFƒXƒgñˆÊ‚ÌƒTƒ“ƒ_[‚É‘å”scèñ•‰‚Ì“nç²—Y‘¾‚Í5í˜A‘±‚ÌŒ‡ê,https://news.yahoo.co.jp/articles/fa0a142be2cce3e47c58081e0af5eb7e95f276f6,3/11(Œ) 12:43
bballk,ƒoƒXƒPƒbƒgƒ{[ƒ‹ƒLƒ“ƒO,•x‰iŒ[¶‚ªƒV[ƒYƒ“ÅIí‚Å30“¾“_‚Ì‘å”š”­cƒlƒuƒ‰ƒXƒJ‘å‚Íƒ~ƒVƒKƒ“‘å‚É”’¯,https://news.yahoo.co.jp/articles/074a8c279979f64a96e87351da278e1af3583268,3/11(Œ) 11:46
bballk,ƒoƒXƒPƒbƒgƒ{[ƒ‹ƒLƒ“ƒO,ç—tƒWƒFƒbƒc‚ªEASL‰—DŸc•xŠ~—E÷‚ª24“¾“_‚Æ–ô“®‚µ‚Äƒ\ƒEƒ‹SKƒiƒCƒc‚Æ‚ÌŒƒ“¬‚ğ§‚·,https://news.yahoo.co.jp/articles/b95baccd6d5e8963b0220452180d2f07dafa92b9,3/10(“ú) 21:55
bballk,ƒoƒXƒPƒbƒgƒ{[ƒ‹ƒLƒ“ƒO,ÂXƒƒbƒc‚ªŠâè‚ğ‰„’·í‚ÅŒ‚”jcRŒ`ƒƒCƒ”ƒ@ƒ“ƒY‚ÍŒF–{‚É”’¯/3Œ10“úŠJÃ B2‡Œ‹‰Ê,https://news.yahoo.co.jp/articles/1f1fb6713c12122a2bdf5a854e4d11502cb9c380,3/10(“ú) 21:08
bballk,ƒoƒXƒPƒbƒgƒ{[ƒ‹ƒLƒ“ƒO,_ŒËƒXƒg[ƒNƒX‚ª“Œ’n‹æ‰¤Ò‚©‚ç‹à¯cƒAƒ‹ƒeƒB[ƒŠç—t‚Ì˜AŸ‚ªu17v‚ÅƒXƒgƒbƒv,https://news.yahoo.co.jp/articles/325e4f46517fceb5be435f2a49d3fe7e1825c35b,3/10(“ú) 17:56
bballk,ƒoƒXƒPƒbƒgƒ{[ƒ‹ƒLƒ“ƒO,‰z’JƒAƒ‹ƒtƒ@[ƒY‚ª•Ÿ“‡ƒtƒ@ƒCƒ„[ƒ{ƒ“ƒY‚ÉƒŠƒxƒ“ƒWcLJEƒs[ƒN‚ª29“¾“_‚Æ•±“¬,https://news.yahoo.co.jp/articles/befffd2911350c8e8287e9bae79c175e1a96dd12,3/10(“ú) 15:40
bballk,ƒoƒXƒPƒbƒgƒ{[ƒ‹ƒLƒ“ƒO,B1•œ‹A‚ğ–Úw‚· ‰êƒŒƒCƒNƒX‚ªB2ƒvƒŒ[ƒIƒt‚Ö‚ÌoêŒˆ’èc33Ÿ12”s‚Å¼’n‹æñˆÊ,https://news.yahoo.co.jp/articles/bd32329d3669c87910740cb369650fd1f399f460,3/10(“ú) 13:19
bballk,ƒoƒXƒPƒbƒgƒ{[ƒ‹ƒLƒ“ƒO,•Ÿ“‡ƒtƒ@ƒCƒ„[ƒ{ƒ“ƒY‚ª‰z’J‚Æ‚ÌÚí‚ğ§‚·cƒAƒ‹ƒeƒB[ƒŠç—t‚Í17˜AŸ/3Œ9“úŠJÃ B2‡Œ‹‰Ê,https://news.yahoo.co.jp/articles/734629ce75947b2975557c41565bb04462924d12,3/10(“ú) 12:03
bballk,ƒoƒXƒPƒbƒgƒ{[ƒ‹ƒLƒ“ƒO,ƒEƒFƒXƒgñˆÊƒTƒ“ƒ_[‚ÌƒVƒFƒCEƒMƒ‹ƒWƒƒƒXEƒAƒŒƒNƒTƒ“ƒ_[‚ª‹…’cÅ‘½‹L˜^XV‚Ö,https://news.yahoo.co.jp/articles/a494d2eae10a3baae3ae699521f1045f27de5da7,3/10(“ú) 10:59
bballk,ƒoƒXƒPƒbƒgƒ{[ƒ‹ƒLƒ“ƒO,ƒvƒŒ[ƒIƒtoê‚ğ–Úw‚·ƒyƒCƒT[ƒY‚É’ÉècƒxƒlƒfƒBƒNƒgEƒ}ƒTƒŠƒ“‚ª¡‹Gc‚è‡‘S‹x,https://news.yahoo.co.jp/articles/a7ecb43b7a2f2e179a93b8b84b7f8ee9b4fd6e76,3/10(“ú) 10:50
bballk,ƒoƒXƒPƒbƒgƒ{[ƒ‹ƒLƒ“ƒO,æ”­‚ÌƒAƒŒƒ“A“r’†‰Á“ü‚ÌƒIƒj[ƒ‹‚ª¡‰ÄFA‚Æ‚È‚éƒTƒ“ƒYcƒI[ƒi[‚ÌˆÓŒü‚Æ‚ÍH,https://news.yahoo.co.jp/articles/31ede0bcd69a71a441d5a7338df462ffbf8538b8,3/9(“y) 19:08
bballk,ƒoƒXƒPƒbƒgƒ{[ƒ‹ƒLƒ“ƒO,ƒC[ƒXƒg‚ÌƒEƒBƒU[ƒYAƒEƒFƒXƒg‚ÌƒXƒp[ƒY‚ª¡‹G‚ÌƒvƒŒ[ƒIƒtoê‘ˆ‚¢‚©‚ç’E—,https://news.yahoo.co.jp/articles/bcd42c4398ced06eb7655d3c399d8a1078d2a67e,3/9(“y) 18:01
bballk,ƒoƒXƒPƒbƒgƒ{[ƒ‹ƒLƒ“ƒO,ƒoƒbƒNƒX‚ÌƒfƒCƒ~ƒAƒ“EƒŠƒ‰[ƒh‚ª’ÊZ3ƒ|ƒCƒ“ƒg¬Œ÷”‚ÅNBA—ğ‘ã4ˆÊ‚É,https://news.yahoo.co.jp/articles/89e935b59cc9d37e257e42053984be5b59d1eed5,3/9(“y) 17:16
bballk,ƒoƒXƒPƒbƒgƒ{[ƒ‹ƒLƒ“ƒO,_ŒËƒXƒg[ƒNƒX‚ª3ŒE4Œ‚Ìƒz[ƒ€ƒQ[ƒ€‘ÈAÅI‘æ32ß‚Ìƒ`ƒPƒbƒg”­”„“ú•ÏX‚ğ”­•\,https://news.yahoo.co.jp/articles/a6a839334347aefe2858249a87ca3b2973e579c8,3/9(“y) 17:14
bballk,ƒoƒXƒPƒbƒgƒ{[ƒ‹ƒLƒ“ƒO,—›‘Š˜Ï”u‚ÉŒü‚¯‚½’jq‘æ2Ÿ‡hƒƒ“ƒo[”­•\cƒCƒ“ƒJƒŒ—DŸ‚Ì”’‘å‚©‚ç‚ÍŒv4–¼‘Io,https://news.yahoo.co.jp/articles/bcc87249f1fc66abd6d2917561034cf823f60024,3/9(“y) 16:45
bballk,ƒoƒXƒPƒbƒgƒ{[ƒ‹ƒLƒ“ƒO,‰¡•lBCE’|“cŒªGM‚ªÂRŠw‰@‘å‚ÌŠÄ“ÂŒ“HC‚ÉA”CAGM‚ÍŒp‘±c‘ã•\æ’÷–ğ‚à’§íŒã‰Ÿ‚µ,https://news.yahoo.co.jp/articles/85016a893ee49ae332079226dfb76ce9ecc578d1,3/9(“y) 16:02
bballk,ƒoƒXƒPƒbƒgƒ{[ƒ‹ƒLƒ“ƒO,•xŠ~‚ª3P6–{‚ÌƒQ[ƒ€ƒnƒC28“¾“_cƒNƒbƒNƒX‚ç‚àƒ_ƒuƒ‹ƒ_ƒuƒ‹”â˜I‚µç—tJ‚ªEASLŒˆŸ‚Ö,https://news.yahoo.co.jp/articles/7162dd148ba28eed2c8d5a8eef11c28c13ceb634,3/9(“y) 15:22
bballk,ƒoƒXƒPƒbƒgƒ{[ƒ‹ƒLƒ“ƒO,ƒŒƒCƒJ[ƒY‚ª“ŒãˆÊ‚ÌƒoƒbƒNƒX‚ğg1“_·h‚ÅŒ‚”jc”ª‘º—Û‚Í—vŠ‚Ì3P’¾‚ß12“¾“_5ƒŠƒoƒEƒ“ƒh,https://news.yahoo.co.jp/articles/811947456f741acb02d7f67b9f702d2d004570ed,3/9(“y) 14:49
bballk,ƒoƒXƒPƒbƒgƒ{[ƒ‹ƒLƒ“ƒO,ƒiƒQƒbƒc‚ÆƒZƒ‹ƒeƒBƒbƒNƒX‚É‚æ‚éuNBAƒAƒuƒ_ƒrƒQ[ƒ€ƒY2024v‚ª¡”N10Œ‚ÉŠJÃ,https://news.yahoo.co.jp/articles/8971e29901bdca642b579b347a7171d7bd1af918,3/9(“y) 13:48
bballk,ƒoƒXƒPƒbƒgƒ{[ƒ‹ƒLƒ“ƒO,ƒsƒXƒgƒ“ƒY‚ÌƒPƒCƒhEƒJƒjƒ“ƒOƒnƒ€‚ªjã6”Ô–Ú‚Ì‘¬‚³‚Å’ÊZ2500“¾“_A800ƒAƒVƒXƒg‚ğƒNƒŠƒA,https://news.yahoo.co.jp/articles/0dc6b7dedfedb958f4982659effe62588491e36d,3/9(“y) 13:09
bballk,ƒoƒXƒPƒbƒgƒ{[ƒ‹ƒLƒ“ƒO,ƒ{ƒrEƒNƒŠƒ“ƒgƒ}ƒ“‚ªNBAƒhƒ‰ƒtƒg2024‚ÉƒGƒ“ƒgƒŠ[cƒXƒEƒF[ƒfƒ“og‚Ì‘åŒ^ƒEƒCƒ“ƒO,https://news.yahoo.co.jp/articles/c6af86b1f860a6acf6beedca0319c8b92226dc66,3/9(“y) 12:57
bballk,ƒoƒXƒPƒbƒgƒ{[ƒ‹ƒLƒ“ƒO,‘O”¼‚É2ƒPƒ^ƒŠ[ƒh‚àƒOƒŠƒYƒŠ[ƒY‚ªƒz[ƒNƒX‚É”sícèñ•‰‚Ì“nç²—Y‘¾‚ÍŒ‡ê‘±‚­,https://news.yahoo.co.jp/articles/be1d14c741e3d94ff14f09c3a7e28b0b3a4479bb,3/9(“y) 12:33
bballk,ƒoƒXƒPƒbƒgƒ{[ƒ‹ƒLƒ“ƒO,ƒuƒ‹ƒYíI”Õ‚Å‰E‘«ñ•‰‚ÌƒXƒeƒtƒBƒ“EƒJƒŠ[cMRIŒŸ¸‚ğÀ{A—£’E‚Í’ZŠúŠÔ‚ÌŒ©‚İ,https://news.yahoo.co.jp/articles/a504d8f714f033b1383bcb01089a572bad4d4ba2,3/9(“y) 10:55
bballk,ƒoƒXƒPƒbƒgƒ{[ƒ‹ƒLƒ“ƒO,ƒC[ƒXƒg2ˆÊEƒoƒbƒNƒX‚Æ‘Š‚Ü‚İ‚¦‚éƒŒƒCƒJ[ƒYcƒLƒ“ƒOƒXí‚Å•‰Œğ‘ã‚ÌƒŒƒuƒƒ“‚ÍŒ‡ê‚É,https://news.yahoo.co.jp/articles/84e016e32bdf9be07ad4a6decbe3cbada31d136e,3/9(“y) 10:16
bballk,ƒoƒXƒPƒbƒgƒ{[ƒ‹ƒLƒ“ƒO,ƒLƒ“ƒOƒXíI”Õ‚ÉƒR[ƒg‚ğŒã‚É‚µ‚½ƒŒƒuƒƒ“c¶‘«ñ‚ÌƒPƒK‚ğ•ø‚¦‚é‚àu‰´‚Í•½‹C‚¾v,https://news.yahoo.co.jp/articles/0f069caaa0690fb38bf9900fc5407f588f0690a3,3/8(‹à) 19:50
bballk,ƒoƒXƒPƒbƒgƒ{[ƒ‹ƒLƒ“ƒO,GƒŠ[ƒOQí‚ÌƒAƒCƒUƒCƒAEƒg[ƒ}ƒXc‰í‚Å32“¾“_4ƒAƒVƒXƒg‚ğ‹L˜^,https://news.yahoo.co.jp/articles/6223eb3c1187bd2c1014fd3a89cb6ae306010863,3/8(‹à) 18:54
bballk,ƒoƒXƒPƒbƒgƒ{[ƒ‹ƒLƒ“ƒO,NBAjãÅ’·ƒ^ƒC‹L˜^‚É“’Bcƒ‹ƒJEƒhƒ“ƒ`ƒbƒ`‚ª5í˜A‘±‚Å30“¾“_’´‚¦‚ÌƒgƒŠƒvƒ‹ƒ_ƒuƒ‹I,https://news.yahoo.co.jp/articles/41cf9d34e1c104e8e8a61db132ff6c023df4e9a5,3/8(‹à) 18:52
bballk,ƒoƒXƒPƒbƒgƒ{[ƒ‹ƒLƒ“ƒO,ƒfƒ{[ƒ“EƒƒVƒ“ƒgƒ“‚ª’·èƒ”ƒFƒ‹ƒJ‚ğ‘Ş’cc¡‹G4ƒ`[ƒ€–Ú‚ÌŠ‘®‚Í—§ìƒ_ƒCƒX‚É,https://news.yahoo.co.jp/articles/6e53f8678e0a2bf184aabe0b8678b2acf0629dd4,3/8(‹à) 17:20
bballk,ƒoƒXƒPƒbƒgƒ{[ƒ‹ƒLƒ“ƒO,•Ÿ‰ª‘æˆê‚â“ŒR‚È‚Ç‚©‚çƒgƒbƒvƒvƒŒ[ƒ„[‚ªWŒ‹cog’n‚ğ‘ã•\‚µ‚Ä”Mí‚ğŒJ‚èL‚°‚é,https://news.yahoo.co.jp/articles/06e331c2bc1c57217a55e73ee39b7b1a46bd2052,3/8(‹à) 17:00
bballk,ƒoƒXƒPƒbƒgƒ{[ƒ‹ƒLƒ“ƒO,ƒŒƒoƒ“ƒK–kŠC“¹AƒNƒƒtƒH[ƒh‚ªŒ_–ñ–—¹‚Å‘Ş’cc2Œ‚É‰Á“ü‚µ‚Ä5‡‚Éoê,https://news.yahoo.co.jp/articles/12b7be56a9ece670d7b52aec7372ef14f41f3b39,3/8(‹à) 16:38
bballk,ƒoƒXƒPƒbƒgƒ{[ƒ‹ƒLƒ“ƒO,ÂXƒƒbƒcA‰‰‡ŒûÀ‚Ì–Ú•W‹àŠz‚Í5000–œ‰~c8“ú15“_‚Å–ñ104–œ‰~A¡Œã‚Í–ˆT‹à—j‚ÉŒo‰ß•ñ—\’è,https://news.yahoo.co.jp/articles/248d25ae223416668333d4968c01e3f9293e48f7,3/8(‹à) 16:00
bballk,ƒoƒXƒPƒbƒgƒ{[ƒ‹ƒLƒ“ƒO,”ª‘º—Û‚Ì•êZƒSƒ“ƒUƒK‘åŠw‚ªNBA‚Ì‚Šz”N•î‘Iè”yo”‚Å3ˆÊ‚Éƒ‰ƒ“ƒNƒCƒ“,https://news.yahoo.co.jp/articles/59452ea775f1a13925d6b0e9d3dc80319b3b24eb,3/8(‹à) 15:42
bballk,ƒoƒXƒPƒbƒgƒ{[ƒ‹ƒLƒ“ƒO,ç—tƒWƒFƒbƒcoê‚ÌEASLƒtƒ@ƒCƒiƒ‹4‚ª8“ú‚©‚çŠJncƒoƒXƒP—q‚·‚İ‚Û‚ñ‚ªŒ»’n‚ÉgQíh,https://news.yahoo.co.jp/articles/c02547cb44e06110d902e2dd53fa4c4157ca9d06,3/8(‹à) 14:34
bballk,ƒoƒXƒPƒbƒgƒ{[ƒ‹ƒLƒ“ƒO,O‰“ƒlƒIƒtƒFƒjƒbƒNƒX‚ÅƒvƒŒ[‚µ‚½ŸÇ–ìƒPƒj[‚ª“Á•Êw’è‘IèŠˆ“®I—¹c¡Œã‚Í—ûK‚ÉQ‰Á,https://news.yahoo.co.jp/articles/317dd41950ff56efcabc0b5049af7f9cec699635,3/8(‹à) 14:04
bballk,ƒoƒXƒPƒbƒgƒ{[ƒ‹ƒLƒ“ƒO,2027”N‚ÌNBAƒI[ƒ‹ƒXƒ^[ŠJÃ’n‚ªƒTƒ“ƒY‚Ì–{‹’’nƒAƒŠƒ]ƒiBƒtƒFƒjƒbƒNƒX‚ÉŒˆ’è,https://news.yahoo.co.jp/articles/b16d0d4cba8e510f7e5b052780f1c8b75efcfc39,3/8(‹à) 12:46
bballk,ƒoƒXƒPƒbƒgƒ{[ƒ‹ƒLƒ“ƒO,3x3“ú–{‘ã•\‚Ì‡hQ‰Á‘Iè”­•\cB‚©‚ç‚Íƒg[ƒ}ƒXEƒPƒlƒfƒB‚Æ•Û‰ª—´“l‚ªƒƒ“ƒo[“ü‚è,https://news.yahoo.co.jp/articles/14550a23af862fe4bfcc6d93473dd9f110354520,3/8(‹à) 12:43
bballk,ƒoƒXƒPƒbƒgƒ{[ƒ‹ƒLƒ“ƒO,ƒlƒbƒc‚Ìƒxƒ“EƒVƒ‚ƒ“ƒY‚ª˜‚Ì_Œoˆ³k‚Ì‚½‚ß¡ƒV[ƒYƒ“c‚è‡‚ğ‘S‹x,https://news.yahoo.co.jp/articles/76d9946c42847bc7a5ac043204d6d98d3c3bc3a5,3/8(‹à) 12:01
bballk,ƒoƒXƒPƒbƒgƒ{[ƒ‹ƒLƒ“ƒO,ƒq[ƒg‚ÌƒWƒ‡ƒVƒ…EƒŠƒ`ƒƒ[ƒhƒ\ƒ“‚ª‰EŒ¨‚ğèpc¡ƒV[ƒYƒ“c‚è‡‚Í‘S‹x,https://news.yahoo.co.jp/articles/d44ea5ec63f8a007a0bee915928bc560cfca54c4,3/8(‹à) 11:57
bballk,ƒoƒXƒPƒbƒgƒ{[ƒ‹ƒLƒ“ƒO,2‹G˜A‘±‚Åƒvƒ‚Ì•‘‘ä‚ğŒoŒ±c’†–ì—F“su‚Ü‚½ŠF—l‚Ì‘O‚ÅƒvƒŒ[‚Å‚«‚é‚æ‚¤¸ˆê”tŠæ’£‚è‚Ü‚·v,https://news.yahoo.co.jp/articles/7deefca7f0d21bdda0588543ebec67587d398a48,3/8(‹à) 11:43
bballk,ƒoƒXƒPƒbƒgƒ{[ƒ‹ƒLƒ“ƒO,ƒEƒFƒXƒgñˆÊ‚ğ‘–‚éƒEƒ‹ƒuƒY‚É‘å‘ÅŒ‚cƒI[ƒ‹ƒXƒ^[ƒrƒbƒOƒ}ƒ“‚Ìƒ^ƒEƒ“ƒY‚ª’·Šú—£’E‚©,https://news.yahoo.co.jp/articles/df63649db1560d9d679068f5e2f4f176d58dd152,3/8(‹à) 11:01
bballk,ƒoƒXƒPƒbƒgƒ{[ƒ‹ƒLƒ“ƒO,ƒoƒ“ƒrƒVƒƒƒX“Ş—ÇA“V—‘å4”N‚ÌâŒû—³–ç‚ª—ûK¶‚Æ‚µ‚Ä‰Á“üc–L‰YogPGŒ“SG,https://news.yahoo.co.jp/articles/28a135b55d5413ef94cf2d2a987fad0958822f66,3/8(‹à) 10:47
bballk,ƒoƒXƒPƒbƒgƒ{[ƒ‹ƒLƒ“ƒO,VŠƒƒAƒ‹ƒrƒŒƒbƒNƒXBBA“Á•Êw’è‚Ì‰i–ìˆĞ‰ ‚ªŠˆ“®I—¹c16‡‚Å•½‹Ï9.1“¾“_‚ğ‹L˜^,https://news.yahoo.co.jp/articles/543eb4c6c2a32e29a40854a2befe0c4f3e9c09ac,3/8(‹à) 10:09
bballk,ƒoƒXƒPƒbƒgƒ{[ƒ‹ƒLƒ“ƒO,•xR‘Ş’c‚Ìƒmƒ”ƒ@[EƒKƒhƒ\ƒ“‚ªˆ¤•Q‚É‰Á“üc¡‹GB1‚Å•½‹Ï12.5“¾“_3.8ƒAƒVƒXƒg‚ÌÀ—ÍÒ,https://news.yahoo.co.jp/articles/30146e9c5689dc3bc43aa462e6df50b27b7c6517,3/7(–Ø) 18:56
bballk,ƒoƒXƒPƒbƒgƒ{[ƒ‹ƒLƒ“ƒO,ƒŒƒuƒƒ“EƒWƒF[ƒ€ƒY‚ªƒŒƒMƒ…ƒ‰[ƒV[ƒYƒ“’ÊZoê‚Å6ˆÊ•‚ãcƒLƒƒƒŠƒA21”N–ÚA1477‡‚É“’B,https://news.yahoo.co.jp/articles/9552148a1465827a084be4d158ab370af7efabe6,3/7(–Ø) 17:55
bballk,ƒoƒXƒPƒbƒgƒ{[ƒ‹ƒLƒ“ƒO,BƒŠ[ƒO‚ªƒ|ƒXƒgƒV[ƒYƒ“‚ÌŠT—v”­•\cƒtƒ@ƒCƒiƒ‹‚Í5Œ25“úƒXƒ^[ƒgA“Á•Ê‹¦^‚Í2”N˜A‘±‚Å“ú–{¶–½,https://news.yahoo.co.jp/articles/7e1789d86d9ed2aa1d5cbcf449765346cc9946cb,3/7(–Ø) 16:40
bballk,ƒoƒXƒPƒbƒgƒ{[ƒ‹ƒLƒ“ƒO,ÂXƒƒbƒc‚ª‰‰‡ŒûÀŠJİ‚ğ”­•\cƒNƒ‰ƒu‘¶‘±‚Öu‚º‚Ğ‚à‚¤ˆê“x•‚¯‚Ä‚à‚ç‚¦‚È‚¢‚Å‚µ‚å‚¤‚©Hv,https://news.yahoo.co.jp/articles/4e5c3e5ee1e2c9eb8b8437ceba8d423ddcdaa7b8,3/7(–Ø) 15:45
bballk,ƒoƒXƒPƒbƒgƒ{[ƒ‹ƒLƒ“ƒO,ìè‚ÌƒjƒbƒNEƒtƒ@ƒW[ƒJƒX‚ªB1jã‰’ÊZ3500ƒfƒBƒtƒFƒ“ƒXƒŠƒoƒEƒ“ƒh‚ğ’B¬,https://news.yahoo.co.jp/articles/2e1f73960c402429fe54bb74ed1755dce2ca9da5,3/7(–Ø) 15:42
bballk,ƒoƒXƒPƒbƒgƒ{[ƒ‹ƒLƒ“ƒO,“‡“cƒ`ƒFƒAƒ}ƒ“‚ªuB.ŠvVv‚Ì§“xİŒv‚ğ‰ğàcƒTƒ‰ƒŠ[ƒLƒƒƒbƒv“±“ü‚âƒhƒ‰ƒtƒg§“x‚ÉŒ¾‹y,https://news.yahoo.co.jp/articles/a741ed9e30bacda6f1287e6a9b2eea935afb8c6c,3/7(–Ø) 15:19
bballk,ƒoƒXƒPƒbƒgƒ{[ƒ‹ƒLƒ“ƒO,‘æ2Q‚Ì‘å—Ê¸“_‹¿‚«ƒŒƒCƒJ[ƒY‚ªƒLƒ“ƒOƒX‚É”síc”ª‘º—Û‚Í¡‹G2”Ô–Ú‚Ì29“¾“_‚Å‚¯‚ñˆø,https://news.yahoo.co.jp/articles/1bf6f5ce007fa31a54bfb62c421693d769661fda,3/7(–Ø) 15:09
bballk,ƒoƒXƒPƒbƒgƒ{[ƒ‹ƒLƒ“ƒO,ˆ¤•Q‚ªƒ^ƒbƒJ[EƒwƒCƒ‚ƒ“ƒh‚Ì‘Ş’c‚ğ”­•\cuƒ`[ƒ€ƒ[ƒg‚Æ‘f°‚ç‚µ‚¢ŠÔ‚ğ‰ß‚²‚¹‚Ü‚µ‚½v,https://news.yahoo.co.jp/articles/ed24967cfde1f292985f3bf7372981c697880ed0,3/7(–Ø) 13:02
bballk,ƒoƒXƒPƒbƒgƒ{[ƒ‹ƒLƒ“ƒO,ˆïé‚Æ‚ÌŒƒ“¬‚ğ§‚µ‚½A“Œ‹cƒAƒhƒ}ƒCƒeƒBƒXHC‚ÍŒµ‚µ‚­‘Š‡uOT‚ÅŸ‚Â‚±‚Æ‚ª‚Å‚«‚½‚¾‚¯v,https://news.yahoo.co.jp/articles/7b3ae631313485561a0c707fefe221c6015d6a12,3/7(–Ø) 12:22
bballk,ƒoƒXƒPƒbƒgƒ{[ƒ‹ƒLƒ“ƒO,Å‘å15“_·‚©‚çƒOƒŠƒYƒŠ[ƒY‚ªƒVƒNƒT[ƒY‚É‹t“]Ÿ—˜c“nç²—Y‘¾‚ÍƒPƒK‚Ì‚½‚ßŒ‡ê,https://news.yahoo.co.jp/articles/08a96a2f7681481ceb95b2dff671c2b6281a9954,3/7(–Ø) 12:12
bballk,ƒoƒXƒPƒbƒgƒ{[ƒ‹ƒLƒ“ƒO,yB2‘æ25ß Œ©‚Ç‚±‚ëzŠâèvsÂX‚Í“ú–{l‘Iè‚ÌŠˆ–ô‚ªƒJƒMcˆ¤•Q‚ÍVŠƒ‚Æ‚Ì’¼Ú‘ÎŒˆ,https://news.yahoo.co.jp/articles/d71447f8eba248b2c5a2142be4c29c30c2c3c526,3/7(–Ø) 11:00
bballk,ƒoƒXƒPƒbƒgƒ{[ƒ‹ƒLƒ“ƒO,ƒ‰ƒvƒ^[ƒY‚Ìƒ„ƒRƒuEƒp[ƒgƒ‹‚ª¶èèp‚Å–³ŠúŒÀ—£’Ec“Œ‰ºˆÊ‚É’¾‚Ş‹…’c‚Íå—Í‚ÌƒPƒK‘±‚­,https://news.yahoo.co.jp/articles/32d193386f51f9d6e72e8583e72fd01133c3debd,3/7(–Ø) 10:43
bballk,ƒoƒXƒPƒbƒgƒ{[ƒ‹ƒLƒ“ƒO,‰F“s‹{‚ª–kŠC“¹Œ‚”j‚Å˜AŸ‚ğu12v‚Éc‰¡•lBC‚Í‰Í‘º—E‹P‚ÌŒ€“I3P‚Å”’¯/3Œ6“úŠJÃ B1‡Œ‹‰Ê,https://news.yahoo.co.jp/articles/fa2b266753d5823394a6f3babcf6eb25b57706bd,3/7(–Ø) 9:59
bballk,ƒoƒXƒPƒbƒgƒ{[ƒ‹ƒLƒ“ƒO,ŒQ”n‚ªB1¸Ši3‹G–Ú‚É‚µ‚Äç—tJ‚©‚ç‰Ÿ—˜c‹t“]CSio‚ÖŒü‚¯‚Ä“{““‚Ì9˜AŸ,https://news.yahoo.co.jp/articles/fad93a7005c88c2bfd2cfd6d58f047b06088b7aa,3/6(…) 21:50
bballk,ƒoƒXƒPƒbƒgƒ{[ƒ‹ƒLƒ“ƒO,WƒŠ[ƒO‚ªƒvƒŒ[ƒIƒt‚Ì‡“ú’ö”­•\cƒNƒH[ƒ^[ƒtƒ@ƒCƒiƒ‹‚Ü‚Å‚èAƒZƒ~ƒtƒ@ƒCƒiƒ‹‚©‚ç•‘ –ì‚ÌX‚ÅŠJÃ,https://news.yahoo.co.jp/articles/e70579a6ed2485917e26d5d814a4b95da46c4683,3/6(…) 20:52
bballk,ƒoƒXƒPƒbƒgƒ{[ƒ‹ƒLƒ“ƒO,å‘ä89ERS‚ª•Ğ‰ª‘å°‚Ì•‰‚ğ”­•\c‘S¡1`2TŠÔA6“ú‚Ì‡‚ÍŒ‡ê‚Ö,https://news.yahoo.co.jp/articles/88016cc4833f8cfec7c6de86f7d362ae345f593b,3/6(…) 18:37
bballk,ƒoƒXƒPƒbƒgƒ{[ƒ‹ƒLƒ“ƒO,‰ß‹20”N‚ÅÅ‚àƒCƒ“ƒpƒNƒg‚Ì‚ ‚é‘åŠwƒAƒXƒŠ[ƒgƒ‰ƒ“ƒLƒ“ƒOcƒoƒXƒPŠE‚©‚ç‘Io‚³‚ê‚½ãˆÊ‘Iè‚ÍH,https://news.yahoo.co.jp/articles/58f7d00c8fbef6076b1516593ff33f7da0b62902,3/6(…) 17:00
bballk,ƒoƒXƒPƒbƒgƒ{[ƒ‹ƒLƒ“ƒO,s½Šw‰€‚Ì‹àRéD‚ªƒvƒ‚Ì•‘‘ä‚Öc“Á•Êw’è‘Iè‚Æ‚µ‚Äìƒtƒ@ƒCƒuƒAƒ[ƒY‚É‰Á“ü,https://news.yahoo.co.jp/articles/1e91b196049d170fd27bf6abe35cb6fab34cc1ef,3/6(…) 16:20
bballk,ƒoƒXƒPƒbƒgƒ{[ƒ‹ƒLƒ“ƒO,B3‚ª‹à‘òvs•iì‚ğƒ`ƒƒƒŠƒeƒBƒ}ƒbƒ`‚Æ‚µ‚ÄŠJÃc4Œ1A2“ú‚É‘ãX–Ø‘æ“ñ,https://news.yahoo.co.jp/articles/ab561135e07f316215871657015f4a6e9d10435f,3/6(…) 15:52
bballk,ƒoƒXƒPƒbƒgƒ{[ƒ‹ƒLƒ“ƒO,ƒhƒ“ƒ`ƒbƒ`‚ªNBAjã3l–Ú‚Ì‰õ‹“’B¬cƒEƒFƒXƒgƒuƒ‹ƒbƒN‚É”—‚é4í˜A‘±30“¾“_’´ƒgƒŠƒvƒ‹ƒ_ƒuƒ‹,https://news.yahoo.co.jp/articles/a41ec29c553b26d0671dead89767a71b9b86e006,3/6(…) 14:25
bballk,ƒoƒXƒPƒbƒgƒ{[ƒ‹ƒLƒ“ƒO,21Î‚ÌƒAƒ‹ƒyƒŒƒ“EƒVƒFƒ“ƒOƒ“‚ª‘å–\‚êc45“¾“_15ƒŠƒoƒEƒ“ƒh5ƒXƒeƒB[ƒ‹ˆÈã‚ğ’B¬‚µ‚½Å”N­‘Iè‚É,https://news.yahoo.co.jp/articles/73f8d2d4ec33acec053a848f0d9701a8ffcb0ff5,3/6(…) 14:09
bballk,ƒoƒXƒPƒbƒgƒ{[ƒ‹ƒLƒ“ƒO,NBA•œ‹A‚ğ–Úw‚·ƒAƒCƒUƒCƒAEƒg[ƒ}ƒX‚ªGƒŠ[ƒOQí‚©c–¼•¨‹LÒSNS‚Å“`‚¦‚éusê‚ÌƒIƒvƒVƒ‡ƒ“‚Év,https://news.yahoo.co.jp/articles/562208ec74ed75edfb11a50e45914bf8f31a756d,3/6(…) 13:07
bballk,ƒoƒXƒPƒbƒgƒ{[ƒ‹ƒLƒ“ƒO,ƒxƒeƒ‰ƒ“ƒK[ƒh‚ÌƒpƒeƒBEƒ~ƒ‹ƒY‚ªğ‹G‚ÌƒC[ƒXƒg”eÒƒq[ƒg‚Æ‚ÌŒ_–ñ‚É‡ˆÓ,https://news.yahoo.co.jp/articles/397eaa7b6f5f83b497dd5267513a807763d77a0f,3/6(…) 11:26
bballk,ƒoƒXƒPƒbƒgƒ{[ƒ‹ƒLƒ“ƒO,yB1‘æ25ß Œ©‚Ç‚±‚ëzŸ—¦‚Å•À‚Ô2ƒ`[ƒ€‚ªŒƒ“Ëc²‰ê‚Íƒ`ƒƒƒCƒ‹ƒY‚Æ–Œ´—D÷‚Ì“­‚«‚ªd—v,https://news.yahoo.co.jp/articles/76ce1a368259d528630a41e23af5977bf1c726b8,3/6(…) 11:00
bballk,ƒoƒXƒPƒbƒgƒ{[ƒ‹ƒLƒ“ƒO,ƒ‰ƒbƒZƒ‹EƒEƒFƒXƒgƒuƒ‹ƒbƒN‚ªœÜ‚µ‚½¶è‚ğèpcƒvƒŒ[ƒIƒt‘O‚Ì•œ‹A‚ğ–Úw‚·,https://news.yahoo.co.jp/articles/27d756a4c1c4dd1e854364f3cbafe984d2a7f417,3/6(…) 10:37
bballk,ƒoƒXƒPƒbƒgƒ{[ƒ‹ƒLƒ“ƒO,¡‹G“r’†‚Éƒ‰ƒvƒ^[ƒY‚ÖˆÚĞ‚µ‚½ƒPƒŠ[EƒIƒŠƒjƒN‚ª2”N–ñ39‰­‰~‚Ì‰„’·Œ_–ñ‚É‡ˆÓ,https://news.yahoo.co.jp/articles/2f30e4b2c136d1a066eebc0120a8519c67c84600,3/6(…) 10:31
bballk,ƒoƒXƒPƒbƒgƒ{[ƒ‹ƒLƒ“ƒO,ƒoƒXƒP‚ÌŠy‚µ‚³‚ğ“`‚¦‚éuJr.NBAƒNƒŠƒjƒbƒN in “Œ‹ powered by B.LEAGUEvŠJÃ,https://news.yahoo.co.jp/articles/f626150df92d5e5d9a3bc03eddcbb880f711e695,3/6(…) 7:30
bballk,ƒoƒXƒPƒbƒgƒ{[ƒ‹ƒLƒ“ƒO,ƒoƒXƒP“ú–{‘ã•\E”ä]“‡T‚ª˜ƒWƒƒƒpƒ“‹­‰»‡‚Ån‹…®‚Ì‘å–ğu‹¹‚ª”M‚­‚È‚Á‚Ä‚¨‚è‚Ü‚·v,https://news.yahoo.co.jp/articles/24ddb10ab71743f4d157e1c31f2b54ac2bcf5c49,3/5(‰Î) 20:50
bballk,ƒoƒXƒPƒbƒgƒ{[ƒ‹ƒLƒ“ƒO,’†’n‹æ8ˆÊ‚Ì•xRƒOƒ‰ƒEƒW[ƒYAƒCƒ”ƒ@ƒ“Eƒuƒo‚ª1‡oê’â~‚Æ”±‹à5–œ‰~‚Ì’¦”±,https://news.yahoo.co.jp/articles/24ef780b750031888ad3dbbfd4c36242b8dce373,3/5(‰Î) 18:51
bballk,ƒoƒXƒPƒbƒgƒ{[ƒ‹ƒLƒ“ƒO,ƒoƒXƒP“Vc”tŒˆŸuD•]‚É‚Â‚«cv2“x–Ú‚Ìƒ`ƒPƒbƒg’Ç‰Á”Ì”„‚ğŒˆ’è,https://news.yahoo.co.jp/articles/01edd160e62fd9355e9d34c09b64275e776009b3,3/5(‰Î) 18:47
bballk,ƒoƒXƒPƒbƒgƒ{[ƒ‹ƒLƒ“ƒO,ƒAƒ‹ƒeƒB[ƒŠç—t‚Ì•ìŒÕ“O‚ª2“ú‚Ì‡‚Å•‰c•œ‹A–ÚˆÀ‚Í8`12T,https://news.yahoo.co.jp/articles/6fa2787bbaf09012a14e4718df3017233835d692,3/5(‰Î) 18:27
bballk,ƒoƒXƒPƒbƒgƒ{[ƒ‹ƒLƒ“ƒO,g”ª‘º—Û¢‘ã‚Ì—¯Šw¶hƒ‚ƒbƒ`Eƒ‰ƒ~ƒ“‚ª“ú–{‘Ğ‚Ìæ“¾‚ğ•ñu“ú–{l‚Æ‚µ‚Ä¶Šˆ‚·‚é‚±‚Æ‚ª–²‚Å‚µ‚½v,https://news.yahoo.co.jp/articles/7b670bfc13d13773a3e7951726ad35e3d4ce46ad,3/5(‰Î) 17:16
bballk,ƒoƒXƒPƒbƒgƒ{[ƒ‹ƒLƒ“ƒO,B1²‰ê‚ªU15Š‘®‚ÌgŒ»–ğ’†Šw¶h‚ğƒ†[ƒXˆç¬“Á•Ê˜g‚Å“o˜^c‘æ25ßEL“‡í‚Åƒxƒ“ƒ`“ü‚è‚Ö,https://news.yahoo.co.jp/articles/79372cc97810164d0c9e931cad11ec669fb2d157,3/5(‰Î) 16:13
bballk,ƒoƒXƒPƒbƒgƒ{[ƒ‹ƒLƒ“ƒO,‹…‰ƒ–¾‚¯âD’²cğ‹G‰¤ÒƒiƒQƒbƒc‚Ìƒ}ƒCƒPƒ‹Eƒ|[ƒ^[Jr.‚ªgƒp[ƒtƒFƒNƒgƒQ[ƒ€h’B¬,https://news.yahoo.co.jp/articles/6c708b8131da51353678e646a1620f71cedf82b3,3/5(‰Î) 15:54
bballk,ƒoƒXƒPƒbƒgƒ{[ƒ‹ƒLƒ“ƒO,ƒ}ƒuƒX‚Ìƒhƒ“ƒ`ƒbƒ`AƒZƒ‹ƒeƒBƒbƒNƒX‚ÌƒeƒCƒ^ƒ€‚ª2Œ‚ÌŒŠÔÅ—DG‘IèÜ‚É‘Io,https://news.yahoo.co.jp/articles/e0225c2251019455756d459e8c46de1263d7e40a,3/5(‰Î) 15:47
bballk,ƒoƒXƒPƒbƒgƒ{[ƒ‹ƒLƒ“ƒO,ƒŒƒCƒJ[ƒY‚ªƒEƒFƒXƒ^ƒ“ñˆÊ‚ÌƒTƒ“ƒ_[‚É‰õŸc”ª‘º—Û‚Í2‡˜A‘±2ƒPƒ^“¾“_‚È‚ç‚¸,https://news.yahoo.co.jp/articles/dc99b5a8ab2017f27382a9225153a2722e2ad452,3/5(‰Î) 14:55
bballk,ƒoƒXƒPƒbƒgƒ{[ƒ‹ƒLƒ“ƒO,2Œ‚ÌŒŠÔÅ—DGVlÜ‚Í2ƒJŒ˜A‘±‚ÅƒXƒp[ƒY‚ÌƒEƒFƒ“ƒoƒ“ƒ„ƒ}Aƒz[ƒlƒbƒc‚Ìƒ~ƒ‰[‚É,https://news.yahoo.co.jp/articles/32a6485bf0db841f92130c2748dfbcc235cbe049,3/5(‰Î) 12:37
bballk,ƒoƒXƒPƒbƒgƒ{[ƒ‹ƒLƒ“ƒO,ƒLƒ“ƒO‚à‚¨èã‚°cƒŒƒuƒƒ“‚ªg‰ğŒˆô‚È‚µh‚Æl‚¦‚éŒ»–ğNBA‘Iè6–¼‚Æ‚ÍH,https://news.yahoo.co.jp/articles/f32c7b44569e2d7812bb6322c9fd58754e864f3f,3/5(‰Î) 12:33
bballk,ƒoƒXƒPƒbƒgƒ{[ƒ‹ƒLƒ“ƒO,å—ÍŒ‡‚­ƒOƒŠƒYƒŠ[ƒY‚ªƒlƒbƒc‚ğ‰º‚µ‚Ä˜A”sƒXƒgƒbƒvcŒÃ‘ƒŠMù‚Ì“nç²—Y‘¾‚Í•‰‚Ì‚½‚ßŒ‡ê,https://news.yahoo.co.jp/articles/7b0af15f729afc9ba19660b75ec87ea5ce292f18,3/5(‰Î) 12:10
bballk,ƒoƒXƒPƒbƒgƒ{[ƒ‹ƒLƒ“ƒO,2Œ‚ÌŒŠÔÅ—DGƒR[ƒ`Ü‚ÉƒEƒHƒŠƒA[ƒY‚ÌƒJ[HCAƒq[ƒg‚ÌƒXƒ|[ƒ‹ƒXƒgƒ‰HC‚ª‘Io,https://news.yahoo.co.jp/articles/f97f292235fa9e165a0f0ba451a1775799953141,3/5(‰Î) 11:46
bballk,ƒoƒXƒPƒbƒgƒ{[ƒ‹ƒLƒ“ƒO,¡‹G‘æ19T‚ÌTŠÔMVP‚ÉƒŒƒCƒJ[ƒY‚ÌƒŒƒuƒƒ“AƒZƒ‹ƒeƒBƒbƒNƒX‚Ìƒuƒ‰ƒEƒ“‚ª‘Io,https://news.yahoo.co.jp/articles/51e27af92ae5e1a29ff9c40c34012e1c5fd71d80,3/5(‰Î) 10:59
bballk,ƒoƒXƒPƒbƒgƒ{[ƒ‹ƒLƒ“ƒO,L“‡E›“ˆ—Ç‚ª‘S¡8`10TŠÔ‚Ì—£’EcCSio‚ğ–Úw‚·ƒ`[ƒ€‚É’É‚¢ƒAƒNƒVƒfƒ“ƒg,https://news.yahoo.co.jp/articles/727d4715e5e489ceb2c65d701e2391b6b8532737,3/4(Œ) 19:50
bballk,ƒoƒXƒPƒbƒgƒ{[ƒ‹ƒLƒ“ƒO,_“Şìƒ_[ƒr[‚ğ1Ÿ1”s‚ÅI‚¦‚½‰¡•lBC‚Ì‰Í‘º—E‹Puƒ`[ƒ€‚Æ‚µ‚Ä¬’·‚ğŠ´‚¶‚ç‚ê‚½v,https://news.yahoo.co.jp/articles/84d29b329b34d4447980739cfe8f425f35296237,3/4(Œ) 18:50
bballk,ƒoƒXƒPƒbƒgƒ{[ƒ‹ƒLƒ“ƒO,WƒŠ[ƒOƒvƒŒ[ƒIƒt‚Éoê‚·‚é8ƒ`[ƒ€‚ªŠm’ècƒAƒCƒVƒ“ƒEƒBƒ“ƒOƒX‚Í8”N‚Ô‚è‚Ì‘å•‘‘ä‚Ö,https://news.yahoo.co.jp/articles/5fab4dd5fdfd4f9c8c69d99fc51506062f287987,3/4(Œ) 17:45
bballk,ƒoƒXƒPƒbƒgƒ{[ƒ‹ƒLƒ“ƒO,ƒrƒ…ƒtƒH[ƒh•‰Í‘º‚Ì“¾“_‰¤‘ˆ‚¢‚É“®‚«cB1‘æ24ßI—¹‚µå—vƒXƒ^ƒbƒc5•”–å‚ÅñˆÊŒğ‘ã,https://news.yahoo.co.jp/articles/63d9d5661cec7b9da41127ea5db6ae6b47c9bbee,3/4(Œ) 17:19
bballk,ƒoƒXƒPƒbƒgƒ{[ƒ‹ƒLƒ“ƒO,w‘æ25‰ñ WƒŠ[ƒOƒvƒŒ[ƒIƒtx‚Ì‘å‰ïŠ¥‹¦^‚É‹‰¤“d“S‚ªŒˆ’èc¡”N‚àƒLƒƒƒ“ƒy[ƒ“À{‚Ö,https://news.yahoo.co.jp/articles/8dfa73e026efb7777d3586a9c4db2e6a2843f074,3/4(Œ) 16:44
bballk,ƒoƒXƒPƒbƒgƒ{[ƒ‹ƒLƒ“ƒO,ƒgƒˆƒ^©“®Ô‚Æƒfƒ“ƒ\[‚ÌãˆÊ‘ÎŒˆ‚Í1Ÿ1”s‚Éc•xm’Ê‚âENEOS‚Í˜AŸ/WƒŠ[ƒO‘æ11ß,https://news.yahoo.co.jp/articles/dd2652fd4ba590d3523c5955f60064e0f96e8bc3,3/4(Œ) 16:00
bballk,ƒoƒXƒPƒbƒgƒ{[ƒ‹ƒLƒ“ƒO,gƒnƒXƒJ[‚Ì“`àh•x‰iŒ[¶‚ªƒlƒuƒ‰ƒXƒJ‘å‚Å‚Ìƒz[ƒ€ÅIí‚ğI‚¦Ó«’Ô‚éuƒTƒ|[ƒg‚ª—ö‚µ‚­‚È‚év,https://news.yahoo.co.jp/articles/44cb4b942f75027708522a5c0f67ed704451e91d,3/4(Œ) 16:00
bballk,ƒoƒXƒPƒbƒgƒ{[ƒ‹ƒLƒ“ƒO,‘‚­‚àB2“Œ’n‹æ—DŸ‚ğŒˆ‚ß‚½ƒAƒ‹ƒeƒB[ƒŠç—tcŒF’J®–çuƒvƒŒ[ƒIƒt‚ğŒ©˜‚¦‚½C³‚ğv,https://news.yahoo.co.jp/articles/e78c282e19a7b0df8c5668ec45d43a2b23925827,3/4(Œ) 14:22
bballk,ƒoƒXƒPƒbƒgƒ{[ƒ‹ƒLƒ“ƒO,—®‹…‚ªO‰“‚Æ‚ÌñˆÊ‘ÎŒˆ‚É˜AŸcç—tJ‚Í•œ‹A‚µ‚½ƒXƒ~ƒX‚ÌŠˆ–ô‚Å”’¯/3Œ3“úŠJÃ B1‡Œ‹‰Ê,https://news.yahoo.co.jp/articles/263178d8a7a0d72624059fad03d5d38217d07861,3/4(Œ) 13:13
bballk,ƒoƒXƒPƒbƒgƒ{[ƒ‹ƒLƒ“ƒO,•x‰iŒ[¶‚ªƒz[ƒ€ÅIí‚ÅƒQ[ƒ€ƒnƒC‚Ì18“¾“_cƒlƒuƒ‰ƒXƒJ‘å‚Ìƒtƒ@ƒ“‚ÖŸ—˜‚ğ“Í‚¯‚é,https://news.yahoo.co.jp/articles/5baf9a73c1e90e156ccedeb2cb8967da68fb906c,3/4(Œ) 11:47
bballk,ƒoƒXƒPƒbƒgƒ{[ƒ‹ƒLƒ“ƒO,O‰Í‚Æ•¡””NŒ_–ñ‚ğŒ‹‚ñ‚¾ƒG[ƒXE¼“c—D‘åcŒÃ‹•œŠˆ‚ÖŒü‚¯‚Äu¡”N‚±‚»Œ‹‰Ê‚ğc‚µ‚½‚¢v,https://news.yahoo.co.jp/articles/474f0b9f50fd8fe8cc7183ce1226b0025393394e,3/3(“ú) 19:09
bballk,ƒoƒXƒPƒbƒgƒ{[ƒ‹ƒLƒ“ƒO,‰¡•lBC‚ª_“Şìƒ_[ƒr[‚ÅáJ‚ğ‰Ê‚½‚·c‰Í‘º—E‹P‚ÆƒJƒCEƒ\ƒbƒg‚ªƒ_ƒuƒ‹ƒ_ƒuƒ‹,https://news.yahoo.co.jp/articles/28bdbd9a8e7953448338d9f5b971d8dbfd26adfa,3/3(“ú) 18:37
bballk,ƒoƒXƒPƒbƒgƒ{[ƒ‹ƒLƒ“ƒO,ƒAƒ‹ƒoƒ‹ƒN“Œ‹‚ª“‡ªƒXƒTƒmƒIƒ}ƒWƒbƒN‚ÉƒŠƒxƒ“ƒWc“Œ¼‹­‹‘ÎŒˆ‚Í’É‚İ•ª‚¯‚É,https://news.yahoo.co.jp/articles/999e253b732513bcfecc5f384782a7dcfa6a4559,3/3(“ú) 17:48
bballk,ƒoƒXƒPƒbƒgƒ{[ƒ‹ƒLƒ“ƒO,“Œ’n‹æñˆÊE‰F“s‹{ƒuƒŒƒbƒNƒX‚ªƒTƒ“ƒƒbƒJ[ƒYa’J‚ğŒ‚”jcå—Í‚ª–ô“®‚µ‚Ä11˜AŸ,https://news.yahoo.co.jp/articles/2f13b824f6a7579a68ac4c9cd3eb07206a284d7e,3/3(“ú) 17:26
bballk,ƒoƒXƒPƒbƒgƒ{[ƒ‹ƒLƒ“ƒO,ƒAƒ‹ƒeƒB[ƒŠç—t‚ª2”N˜A‘±‚Ì“Œ’n‹æ—DŸ‚ğŒˆ‚ß‚écVŠƒ‚Ì–Ò’Ç‚ğU‚èØ‚Á‚Ä16˜AŸ,https://news.yahoo.co.jp/articles/65e077559a7d577d45a286778628bb794762fd27,3/3(“ú) 16:57
bballk,ƒoƒXƒPƒbƒgƒ{[ƒ‹ƒLƒ“ƒO,ƒtƒ@ƒCƒeƒBƒ“ƒOƒC[ƒOƒ‹ƒX–¼ŒÃ‰®‚Ì‘Š”n‘ì–í‚ª‰EƒAƒLƒŒƒXäF’f—ô‚Å‘S¡–ñ6ƒJŒ‚É,https://news.yahoo.co.jp/articles/3a76b665fcca88dbdd64d82111f58c0d1da2350d,3/3(“ú) 15:23
bballk,ƒoƒXƒPƒbƒgƒ{[ƒ‹ƒLƒ“ƒO,10˜AŸ‚Ì‰F“s‹{‚ª“Œ’n‹æñˆÊ‚Éc—®‹…‚ÍO‰“‚Æ‚ÌñˆÊ‘ÎŒˆ‚ğ§‚·/3Œ2“úŠJÃ B1‡Œ‹‰Ê,https://news.yahoo.co.jp/articles/ecb2eb261674dffd9d574d00b1aa83fc6f5a29e9,3/3(“ú) 14:19
bballk,ƒoƒXƒPƒbƒgƒ{[ƒ‹ƒLƒ“ƒO,VlƒEƒFƒ“ƒoƒ“ƒ„ƒ}‚ª5ƒ`[ƒ€‚ğã‰ñ‚éƒuƒƒbƒN”‚ğƒ}[ƒN/2024”N2Œ‚ÌŒŠÔƒ‰ƒ“ƒLƒ“ƒO,https://news.yahoo.co.jp/articles/8718d8df6b9ba3a549e68233cfb6ddbaa0f6a889,3/3(“ú) 13:41
bballk,ƒoƒXƒPƒbƒgƒ{[ƒ‹ƒLƒ“ƒO,‘æ4Q‚É–Ò’Ç‚ğ‹–‚µ‚½ƒOƒŠƒYƒŠ[ƒY‚ª‰„’·í‚ÅƒuƒŒƒCƒU[ƒY‚É•¯c“nç²—Y‘¾‚Íoê‚È‚µ,https://news.yahoo.co.jp/articles/d15d10638ae292736af5cbd94b0fc574a1fff054,3/3(“ú) 13:15
bballk,ƒoƒXƒPƒbƒgƒ{[ƒ‹ƒLƒ“ƒO,ƒŒƒuƒƒ“‚Ìƒƒ‚ƒŠƒAƒ‹ƒQ[ƒ€‚Å”ª‘º—Û‚ª23“¾“_cƒŒƒCƒJ[ƒY‚Í‰¤ÒEƒiƒQƒbƒc‚ÉÉ”s,https://news.yahoo.co.jp/articles/9123029e7d6721519770ff41bab1944802372739,3/3(“ú) 12:57
bballk,ƒoƒXƒPƒbƒgƒ{[ƒ‹ƒLƒ“ƒO,62”N‰z‚µ‚É÷—§‚³‚ê‚½gNBA‚Ì‹àš“ƒhc1‡100“¾“_‚Æ’ÊZ4–œ“¾“_‚ª“¯“ú‚É’B¬,https://news.yahoo.co.jp/articles/87847e89f442520347087540d564676d1d6cacef,3/3(“ú) 12:37
bballk,ƒoƒXƒPƒbƒgƒ{[ƒ‹ƒLƒ“ƒO,ƒoƒbƒNƒX‚Ìƒ„ƒjƒXEƒAƒfƒgƒNƒ“ƒ{‚ª’ÊZŸ—˜”‚Å‹…’cjãƒgƒbƒv‚É•‚ã,https://news.yahoo.co.jp/articles/25436ed52c8bc3f7602da66d5c232ec1b5099fa3,3/3(“ú) 11:47
bballk,ƒoƒXƒPƒbƒgƒ{[ƒ‹ƒLƒ“ƒO,ƒŒƒuƒƒ“EƒWƒF[ƒ€ƒY‚ª‘Ol–¢“40000“¾“_“’BI@NBA‚ÌgƒLƒ“ƒOh‚ª‚Ü‚½‚à—ğj‘n‚é,https://news.yahoo.co.jp/articles/a2c5dd2a2cc2695ca80ec7a92fa9d6242a28e531,3/3(“ú) 11:10
bballk,ƒoƒXƒPƒbƒgƒ{[ƒ‹ƒLƒ“ƒO,ƒNƒŠƒbƒp[ƒY‚Å¡‹Gƒtƒ‹oê‚µ‚Ä‚¢‚½ƒ‰ƒbƒZƒ‹EƒEƒFƒXƒgƒuƒ‹ƒbƒN‚ª¶èœÜ‚Åíü—£’E,https://news.yahoo.co.jp/articles/a632019dab690ba44aa9427ab923fe9c15bafdd6,3/3(“ú) 10:57
bballk,ƒoƒXƒPƒbƒgƒ{[ƒ‹ƒLƒ“ƒO,ƒZƒ“ƒ^[2l‚ğƒPƒK‚ÅŒ‡‚­ƒŒƒCƒJ[ƒY‚ªƒnƒŠ[EƒWƒƒƒCƒ‹ƒY3¢‚Æ2ƒEƒFƒCŒ_–ñ‚ğ’÷Œ‹,https://news.yahoo.co.jp/articles/8ed0e002cfa95ef21796a42c6d5d538d0ba9ca3c,3/3(“ú) 10:18
bballk,ƒoƒXƒPƒbƒgƒ{[ƒ‹ƒLƒ“ƒO,ƒLƒƒƒŠƒA11”N–Ú‚Ìƒ}ƒCƒNEƒ}ƒXƒJ[ƒ‰‚ªğ‹G“r’†‚Ü‚ÅİĞ‚µ‚Ä‚¢‚½ƒTƒ“ƒ_[‚ÆŒ_–ñ,https://news.yahoo.co.jp/articles/eae55d62cdc900b9c8e2d714f40dd76049fb7a83,3/3(“ú) 10:11
bballk,ƒoƒXƒPƒbƒgƒ{[ƒ‹ƒLƒ“ƒO,ìèƒuƒŒƒCƒuƒTƒ“ƒ_[ƒX‚ªƒ_[ƒr[‰í‚ÉŸ—˜cƒtƒ@ƒW[ƒJƒX‚ªgƒgƒŠƒvƒ‹ƒ_ƒuƒ‹h‚É”—‚éŠˆ–ô,https://news.yahoo.co.jp/articles/31dcdf628034a417747e8ffd274d87366e0cbe58,3/2(“y) 20:24
bballk,ƒoƒXƒPƒbƒgƒ{[ƒ‹ƒLƒ“ƒO,ˆïéƒƒ{ƒbƒc‚ª6Ÿ–Úcgƒ‰ƒCƒoƒ‹h•xRƒOƒ‰ƒEƒW[ƒY‚ğ‰º‚µ‚Ä‰¿’l‚ ‚é”’¯,https://news.yahoo.co.jp/articles/46a5c35c9e036675ecc63c2c757405b1ed6ada58,3/2(“y) 20:01
bballk,ƒoƒXƒPƒbƒgƒ{[ƒ‹ƒLƒ“ƒO,“‡ªƒXƒTƒmƒIƒ}ƒWƒbƒN‚ªƒAƒ‹ƒoƒ‹ƒN“Œ‹‚ÉŸ—˜cˆÀ“¡¾Æ‚ªŒÃ‘ƒ‘Šè‚É29“¾“_‚ÌŠˆ–ô,https://news.yahoo.co.jp/articles/d4f8eb2af6983f66efeb86d6901c5ff4cfd8bc10,3/2(“y) 18:56
bballk,ƒoƒXƒPƒbƒgƒ{[ƒ‹ƒLƒ“ƒO,‰F“s‹{ƒuƒŒƒbƒNƒX‚ªƒTƒ“ƒƒbƒJ[ƒYa’J‚É‹£‚èŸ‚Âcƒjƒ…[ƒrƒ‹‚ª‹t“]3P‚ğŠÜ‚Ş23“¾“_A”ä]“‡T‚à–ô“®,https://news.yahoo.co.jp/articles/0bbe8090a9688d84832fe27344972baa98efdf70,3/2(“y) 18:30
bballk,ƒoƒXƒPƒbƒgƒ{[ƒ‹ƒLƒ“ƒO,ÅVFIBAƒ‰ƒ“ƒNAƒZƒ‹ƒrƒA‚Æƒ‰ƒgƒrƒA‚ª‡ˆÊƒAƒbƒvc“ú–{‚Í26ˆÊ‚©‚ç•Ï‚í‚ç‚¸,https://news.yahoo.co.jp/articles/cb23054536bb5912e1e6cd4380e71a89fe614cab,3/2(“y) 18:04
bballk,ƒoƒXƒPƒbƒgƒ{[ƒ‹ƒLƒ“ƒO,—®‹…ƒS[ƒ‹ƒfƒ“ƒLƒ“ƒOƒX‚ªO‰“ƒlƒIƒtƒFƒjƒbƒNƒX‚ğŒ‚”jc‘æ4Q‚Ìƒ‰ƒ“‚ÅñˆÊ‘ÎŒˆ§‚·,https://news.yahoo.co.jp/articles/62a46ff8fe13a02284ddbf00018ffb5009fc7d5f,3/2(“y) 17:30
bballk,ƒoƒXƒPƒbƒgƒ{[ƒ‹ƒLƒ“ƒO,ç—tƒWƒFƒbƒc‚ª‰„’·í‚Ì––‚É”’¯c•xŠ~—E÷AƒNƒbƒNƒXAƒ€[ƒj[‚Ì3l‚ª20“¾“_’´‚¦,https://news.yahoo.co.jp/articles/c0409ea21aa72a95a2646efc80cd9b2a3ce80c8a,3/2(“y) 16:53
bballk,ƒoƒXƒPƒbƒgƒ{[ƒ‹ƒLƒ“ƒO,—®‹…ƒS[ƒ‹ƒfƒ“ƒLƒ“ƒOƒX‚Ì“nç³”ò—E‚ª“ú–{‘ã•\‡h‚Ì—ûK‚Å•‰c‘S¡2`4TŠÔ,https://news.yahoo.co.jp/articles/ee9d2459d0700cf2cf956e40587af7c413af0404,3/2(“y) 14:24
bballk,ƒoƒXƒPƒbƒgƒ{[ƒ‹ƒLƒ“ƒO,ƒOƒŠƒYƒŠ[ƒY‚ªƒuƒŒƒCƒU[ƒY‚É”síc“nç²—Y‘¾‚Í–ñ17•ª‚Ìoê,https://news.yahoo.co.jp/articles/fc03540a1d7880ab37df76d9884c666140c12226,3/2(“y) 12:23
bballk,ƒoƒXƒPƒbƒgƒ{[ƒ‹ƒLƒ“ƒO,‚³‚·‚ª‚Ì“­‚«‚ğŒ©‚¹‚½W”tím‚ªãˆÊ‚ÉcƒAƒWƒA”t—\‘I‚ÅÅ‚àˆóÛ“I‚ÈŠˆ–ô‚ğ‚µ‚½‘Iè‚ÍH/ƒAƒ“ƒP[ƒgŒ‹‰Ê,https://news.yahoo.co.jp/articles/8ead9ed55af3cec04f31b0ef9d47701249f40cc8,3/2(“y) 7:00
bballk,ƒoƒXƒPƒbƒgƒ{[ƒ‹ƒLƒ“ƒO,íü—£’E‚©‚çŠÛ2”N‚ªŒo‰ßu‚Ü‚¾‘S—Í¾‘–‚Í‚µ‚Ä‚¢‚È‚¢vg127‰­‰~’jh‚ÌŒ»ó,https://news.yahoo.co.jp/articles/897410dd3939c830cc1fa3cd403d7848d94452e5,3/1(‹à) 18:29
bballk,ƒoƒXƒPƒbƒgƒ{[ƒ‹ƒLƒ“ƒO,_ŒË‚ªƒLƒƒƒƒ‰ƒCƒ“‚ğIL‚©‚ç–•ÁcƒA[ƒ€ƒEƒbƒh‚Í‘Ş’cuŒÌ‹½‚É‹A‚é‚±‚Æ‚ªƒxƒXƒg‚Æ”»’fv,https://news.yahoo.co.jp/articles/a202c5d9252bcb60ffffe157e0284a2dd18a6f6c,3/1(‹à) 17:44
bballk,ƒoƒXƒPƒbƒgƒ{[ƒ‹ƒLƒ“ƒO,H“c‚ªƒXƒeƒB[ƒuEƒUƒbƒN‚ğIL‚©‚ç–•Ácg’ZŠúŒ_–ñh‚ÌƒAƒ“ƒWƒFƒEƒ`ƒ‡ƒ‹‚Ííü—£’E,https://news.yahoo.co.jp/articles/c394f6c8c9ec5889e5d0596b9de1393b089ddd87,3/1(‹à) 16:53
bballk,ƒoƒXƒPƒbƒgƒ{[ƒ‹ƒLƒ“ƒO,•xR‚ªƒ}ƒCƒ‹ƒYEƒwƒ\ƒ“‚ğIL‚©‚ç–•ÁcƒoƒCƒEƒB[ƒN–¾‚¯–ñ4ƒJŒ‚Ô‚è‚Éí—ñ•œ‹A‚Ö,https://news.yahoo.co.jp/articles/b01e1364321759dc8833b1efdc0ffa7d6da1da69,3/1(‹à) 16:13
bballk,ƒoƒXƒPƒbƒgƒ{[ƒ‹ƒLƒ“ƒO,ƒŒƒCƒJ[ƒYA”ª‘º—Û‚ÌgŒÃ‘ƒhƒEƒBƒU[ƒY‚Æ‚Ì‰„’·í‚ğ§‚µ2˜AŸ,https://news.yahoo.co.jp/articles/c2a859d90e5d346541994afaad788410310a79de,3/1(‹à) 15:57
bballk,ƒoƒXƒPƒbƒgƒ{[ƒ‹ƒLƒ“ƒO,ç—tJ‚ªƒNƒŠƒXƒgƒtƒ@[EƒXƒ~ƒX‚ğŠl“¾u—DŸ‚Ö‚Ìƒs[ƒXvğ‹GBƒxƒXƒg5‚Ìå—Í‚ªŒÃ‘ƒ•œ‹A,https://news.yahoo.co.jp/articles/fb4b06aafc1d493554f8ce13221207265971e1dc,3/1(‹à) 15:25
bballk,ƒoƒXƒPƒbƒgƒ{[ƒ‹ƒLƒ“ƒO,uŠCŠOƒ`[ƒ€‚ğµãÙ‚Å‚«‚½‚Ì‚ÍˆÓ‹`[‚¢v“‡“cƒ`ƒFƒAƒ}ƒ“‚ªˆç¬”N‘ã‚É‚¨‚¯‚égŒoŒ±h‚Ìd—v«‚ğŒê‚é,https://news.yahoo.co.jp/articles/cddb9b8bc97fcad489ebe616e4207d27cfb5220e,3/1(‹à) 14:21
bballk,ƒoƒXƒPƒbƒgƒ{[ƒ‹ƒLƒ“ƒO,©g4“x–Ú‚ÌŒÜ—Ö‚ÉˆÓ‹C‚Şƒfƒ…ƒ‰ƒ“ƒgc–Úw‚·‚Ì‚Íg‘åŸhu40“_A50“_·‚Å‚ÌŸ—˜‚ğv,https://news.yahoo.co.jp/articles/9e27d27037a0b40028ab94d995062d01ba6e078c,3/1(‹à) 14:01
bballk,ƒoƒXƒPƒbƒgƒ{[ƒ‹ƒLƒ“ƒO,I”Õ‚É–Ò’Ç‚àƒnƒƒC‘å‚ª”’¯“¦‚·cƒWƒFƒCƒRƒuƒX»‚Í5•ªoê‚Å3ƒ|ƒCƒ“ƒg1–{‚ğ“Š,https://news.yahoo.co.jp/articles/7b4e4275692f7784e4677f44ed30cfeb590c71d9,3/1(‹à) 13:23
bballk,ƒoƒXƒPƒbƒgƒ{[ƒ‹ƒLƒ“ƒO,Œˆ’è—ÍŒüã‚É—ã‚Ş“Œ‹‰H“c‚Ìç—t•àc¬’·‚ğØ–¾‚·‚éƒz[ƒ€6˜Aí‚Öuâ‘Î‚ÉŸ‚¿‚½‚¢v,https://news.yahoo.co.jp/articles/1cfb58ee64b7a8a0f2d873f2211b3317bbbe7172,3/1(‹à) 12:41
bballk,ƒoƒXƒPƒbƒgƒ{[ƒ‹ƒLƒ“ƒO,u‚·‚×‚Ä‚ª‚¤‚Ü‚­‚¢‚¯‚ÎvcƒGƒ“ƒr[ƒh‚ªƒŒƒMƒ…ƒ‰[ƒV[ƒYƒ“I—¹‘O‚Ì•œ‹A‚ğ–Úw‚·,https://news.yahoo.co.jp/articles/d821d449115a2a1cabdfc24bfcf6a4cb619561ad,3/1(‹à) 12:27
bballk,ƒoƒXƒPƒbƒgƒ{[ƒ‹ƒLƒ“ƒO,‹…‰ƒ–¾‚¯4í–³”s‚ÌƒiƒQƒbƒccƒjƒRƒ‰EƒˆƒLƒbƒ`‚Í4í˜A‘±‚ÅƒgƒŠƒvƒ‹ƒ_ƒuƒ‹‚ÆâD’²,https://news.yahoo.co.jp/articles/0f8d6d93829497cb044c3a91a0c62cfc181ee28a,3/1(‹à) 11:27
bballk,ƒoƒXƒPƒbƒgƒ{[ƒ‹ƒLƒ“ƒO,ƒ}[ƒJƒXEƒ‚ƒŠƒX‚ªƒXƒp[ƒY‚ÆƒoƒCƒAƒEƒg‡ˆÓcƒxƒeƒ‰ƒ“ƒtƒHƒ[ƒh‚Í‹­‹‰Á“ü‚ğ–Íõ‚©,https://news.yahoo.co.jp/articles/8aaa1124f5f2acf02c1f0c3dd2be2ac4de69ff29,3/1(‹à) 11:25
bballk,ƒoƒXƒPƒbƒgƒ{[ƒ‹ƒLƒ“ƒO,yB2‘æ24ß Œ©‚Ç‚±‚ëz–Ú•W‚ÉŒü‚¯‚½‡ˆÊ‘ˆ‚¢Œƒ‰»c‰z’JvsRŒ`‚ÍƒCƒ“ƒTƒCƒh‚ÌU–h‚É’–Ú,https://news.yahoo.co.jp/articles/510ccf055c9fcf2280b473c57a616f4f06286285,3/1(‹à) 11:00
bballk,ƒoƒXƒPƒbƒgƒ{[ƒ‹ƒLƒ“ƒO,Úí‚É‚¿‚Ş‚àƒlƒuƒ‰ƒXƒJ‘å‚Í‹t“]Ÿ—˜‚È‚ç‚¸c•x‰iŒ[¶‚Í3ƒ|ƒCƒ“ƒg2–{ŠÜ‚Ş9“¾“_,https://news.yahoo.co.jp/articles/d070dbad93f1fa878b9cad6a8452089529dd4198,3/1(‹à) 10:38
bballk,ƒoƒXƒPƒbƒgƒ{[ƒ‹ƒLƒ“ƒO,25Î‚ğŒ}‚¦‚½ƒ‹ƒJEƒhƒ“ƒ`ƒbƒ`‚ª’a¶“ú‚ÉNBAjã‰‚Ì30“¾“_’´‚¦ƒgƒŠƒvƒ‹ƒ_ƒuƒ‹‚ğ’B¬,https://news.yahoo.co.jp/articles/2fda8fa7eaaa2c8cd4338211d893af34baa1ef9e,3/1(‹à) 10:38
bballk,ƒoƒXƒPƒbƒgƒ{[ƒ‹ƒLƒ“ƒO,ƒz[ƒNƒX‚ªƒŠ[ƒO15”N–Ú‚ÌƒpƒeƒBEƒ~ƒ‹ƒY‚ğƒEƒFƒCƒucƒXƒp[ƒY‚Å—DŸŒoŒ±‚Ìƒxƒeƒ‰ƒ“ƒVƒ…[ƒ^[,https://news.yahoo.co.jp/articles/ad785bcdfd59cfbcaed148e4770840f22819c0c2,3/1(‹à) 10:08
bballk,ƒoƒXƒPƒbƒgƒ{[ƒ‹ƒLƒ“ƒO,B2RŒ`‚ÌƒƒfƒBƒJƒ‹ƒgƒŒ[ƒi[‚ª‹}Àc‘æ24ß‚Ì‰z’Jí‚Í‘rÍ‚ğ’…‚¯‚ÄƒvƒŒ[,https://news.yahoo.co.jp/articles/94c35c0d09c66c39c686d5d42cf5a91e49e6b0d4,2/29(–Ø) 19:40
bballk,ƒoƒXƒPƒbƒgƒ{[ƒ‹ƒLƒ“ƒO,‰Í‘ºvsƒrƒ…ƒtƒH[ƒh‚ÌgñˆÊU–hh‚ª”’”McB1ÄŠJ’¼‘O‚ÉŠeƒXƒ^ƒbƒcƒ‰ƒ“ƒLƒ“ƒO‚ğƒ`ƒFƒbƒN,https://news.yahoo.co.jp/articles/ee330d2170e9e4bae213d47613bbaea706b868eb,2/29(–Ø) 18:00
bballk,ƒoƒXƒPƒbƒgƒ{[ƒ‹ƒLƒ“ƒO,í—ñ•œ‹A‚ÌƒNƒŠƒXEƒ|[ƒ‹u©•ª‚É‰½‚ª‚Å‚«‚é‚©‚Í•ª‚©‚Á‚Ä‚¢‚éBí‚É€”õ‚Í‚Å‚«‚Ä‚¢‚é‚æv,https://news.yahoo.co.jp/articles/adc9be37e50bb238acaef8da2ea4b0275a1dcd84,2/29(–Ø) 17:43
bballk,ƒoƒXƒPƒbƒgƒ{[ƒ‹ƒLƒ“ƒO,g“Á•Ê‚ÈƒV[ƒYƒ“h³”Oê‚ÌìèuŠoŒå‚ğ‚Á‚Ä‚â‚Á‚Ä‚¢‚­vÂR—³Â‚Æ‘“cŒ[‰î‚ªƒvƒŒ[x‚¦‚é‘Š–_Ğ‰î,https://news.yahoo.co.jp/articles/3ac69eaf67f6fd7bfbfdb28b44acf74915558394,2/29(–Ø) 17:00
bballk,ƒoƒXƒPƒbƒgƒ{[ƒ‹ƒLƒ“ƒO,ƒfƒ…ƒ‰ƒ“ƒg‚ªƒTƒ“ƒY‚ÅƒLƒƒƒŠƒA‚ğI‚¦‚é‰Â”\«‚É‚Â‚¢‚Ä”­Œ¾u¡‚Ì’iŠK‚Å‚ÍƒCƒGƒX‚ÆŒ¾‚¦‚év,https://news.yahoo.co.jp/articles/49d50b71ef43ee3d618e2931169c263ef3af6580,2/29(–Ø) 16:40
bballk,ƒoƒXƒPƒbƒgƒ{[ƒ‹ƒLƒ“ƒO,Ô‚¢‚·ƒoƒXƒP‚Ì’¹ŠC˜Au‚ªG-SHOCK‚ÆƒXƒ|ƒ“ƒT[Œ_–ñu”ª‘º‘Iè‚Ì‚æ‚¤‚É“²‚ê‚ç‚ê‚é‘¶İ‚Év,https://news.yahoo.co.jp/articles/417a403e3642dfb3a4a4a817ac7f0a71b01d1d15,2/29(–Ø) 15:57
bballk,ƒoƒXƒPƒbƒgƒ{[ƒ‹ƒLƒ“ƒO,ƒVƒbƒNƒXƒ}ƒ““]Œü‚Å•±‹N‚·‚éƒNƒŒƒCEƒgƒ“ƒvƒ\ƒ“u¥”ñ‚Æ‚à‚¸‚Á‚ÆƒEƒHƒŠƒA[‚Å‚¢‚½‚¢v,https://news.yahoo.co.jp/articles/ead2fb026a3a2737e2a48125b80e5d530159fa94,2/29(–Ø) 15:47
bballk,ƒoƒXƒPƒbƒgƒ{[ƒ‹ƒLƒ“ƒO,B1O‰“‚ªXŒû–í‚Ì•‰—£’E‚ğ”­•\c‘S¡3`6ƒJŒ‚Ìu—¼ŒÒŠÖßŠÖßO‘¹v‚Æf’f,https://news.yahoo.co.jp/articles/3fcd0aaae202aeba1808707ecac870e49c3ecb35,2/29(–Ø) 15:06
bballk,ƒoƒXƒPƒbƒgƒ{[ƒ‹ƒLƒ“ƒO,ƒŒƒCƒJ[ƒYE”ª‘º—Û‚ªŒˆŸ’eŠÜ‚Ş17“¾“_‚ÌŠˆ–ôcgLA‘ÎŒˆhÅ‘å21“_·‚©‚çƒŒƒuƒƒ“–ô“®‚µ‹t“]Ÿ—˜,https://news.yahoo.co.jp/articles/8adbc4c1c93264496aabb272c28a079fd111995f,2/29(–Ø) 14:35
bballk,ƒoƒXƒPƒbƒgƒ{[ƒ‹ƒLƒ“ƒO,“nç²—Y‘¾‚ª2‡˜A‘±‚Ì“r’†‹N—p‚Å7•ªoêcƒOƒŠƒYƒŠ[ƒY‚Í3˜A”s‚ÅØ‹à19,https://news.yahoo.co.jp/articles/b6f0714aca7b804d17ed90c5a94b9414d9094d0d,2/29(–Ø) 13:10
bballk,ƒoƒXƒPƒbƒgƒ{[ƒ‹ƒLƒ“ƒO,ƒpƒŠƒIƒŠƒ“ƒsƒbƒN‚ÅƒAƒƒŠƒJ‘ã•\‚Ég‘Io”ZŒú‚È7‘Ièh‚ğŒ»’nƒƒfƒBƒA‚ª•ñ“¹,https://news.yahoo.co.jp/articles/85dcb95ec82c9cce96059b41aacd7994e6f748f1,2/29(–Ø) 12:28
bballk,ƒoƒXƒPƒbƒgƒ{[ƒ‹ƒLƒ“ƒO,ƒEƒHƒŠƒA[ƒY‚Æ‚Ì‰„’·Œ_–ñ‚ª³®‚É”­•\‚³‚ê‚½ƒJ[HCu¡ƒV[ƒYƒ“‚ğŠy‚µ‚ß‚Ä‚¢‚év,https://news.yahoo.co.jp/articles/fb353f2544c22d45656573d34716fe471cc199f2,2/29(–Ø) 11:41
bballk,ƒoƒXƒPƒbƒgƒ{[ƒ‹ƒLƒ“ƒO,yB1‘æ24ß Œ©‚Ç‚±‚ëzƒŠ[ƒOíÄŠJcŸ”s·u4v‚ÅŒ}‚¦‚ég_“Şìƒ_[ƒr[h‚ÍŒƒí•KŠ,https://news.yahoo.co.jp/articles/5b2a619da3cc3461db8d7bea2b71b98920d504ca,2/29(–Ø) 11:00
bballk,ƒoƒXƒPƒbƒgƒ{[ƒ‹ƒLƒ“ƒO,Œ€“I‚ÈŒˆŸ’e‚ğ•ú‚è‚ñ‚¾ƒLƒƒƒuƒY‚Ìƒ}ƒbƒNƒXEƒXƒgƒDƒ‹[ƒXu–l‚Íƒ‰ƒbƒL[‚¾‚Á‚½‚Ì‚³v,https://news.yahoo.co.jp/articles/c72e9355c020a0513796d27ff065cd3c74d97860,2/29(–Ø) 10:49
bballk,ƒoƒXƒPƒbƒgƒ{[ƒ‹ƒLƒ“ƒO,•¡”‚Ì‘Iè‚ªƒoƒCƒAƒEƒgsê‚Éo‚Ä‚­‚é‚È‚©AƒtƒH[ƒjƒG‚ÍƒsƒXƒgƒ“ƒY‚ÅƒvƒŒ[‘±s‚©H,https://news.yahoo.co.jp/articles/7ff2778a73d54fa7a173ad127bb8d78f47ad22a1,2/29(–Ø) 9:48
bballk,ƒoƒXƒPƒbƒgƒ{[ƒ‹ƒLƒ“ƒO,ƒoƒXƒP“ú–{‘ã•\E‰Í‘º—E‹P‚ªŒvƒuƒ‰ƒ“ƒhwTISSOTx‚ÌƒAƒ“ƒoƒTƒ_[A”Cu–²‚âŠó–]‚ğ—^‚¦‚ç‚ê‚é‘¶İ‚É‚È‚è‚½‚¢v,https://news.yahoo.co.jp/articles/b4e02ca70e3786a6ef50ef7d020e2651442c1470,2/28(…) 20:51
bballk,ƒoƒXƒPƒbƒgƒ{[ƒ‹ƒLƒ“ƒO,ÂXƒƒbƒc‚ª‘åŠ”å‚Ì”jY\—§Œˆ’è‚ğ”­•\c2“ú‚Ì‡Œã‚É¡Œã‚Ì•ûj‚ğŒö•\‚Ö,https://news.yahoo.co.jp/articles/4e83ccf97b7914db91eeb4ae0cd4dea970bf4364,2/28(…) 18:52
bballk,ƒoƒXƒPƒbƒgƒ{[ƒ‹ƒLƒ“ƒO,ENEOS‰ª–{Ê–ç‰Ô‚ÍƒŠ[ƒOÄŠJ2˜Aí‚Å—¬Î‚Ì“­‚«cuv‚¢Ø‚èƒVƒ…[ƒg‚ğ‘Å‚Â‚Ì‚ª©•ª‚Ìd–v,https://news.yahoo.co.jp/articles/ac917313aa09cbbc8ac1112c9642bb39037c66ca,2/28(…) 18:22
bballk,ƒoƒXƒPƒbƒgƒ{[ƒ‹ƒLƒ“ƒO,ƒoƒgƒ‰[‚ğŠÜ‚Ş•¡”‚Ìå—Í‚ªŒ‡ê‚àƒq[ƒg‚ªƒLƒ“ƒOƒX‚ğŒ‚”jcƒAƒfƒoƒˆ‚âƒnƒPƒXJr.‚ªŠˆ–ô,https://news.yahoo.co.jp/articles/1d22b6d7bf21b5f6a0823d8f9e040ab7228c1b92,2/28(…) 18:18
bballk,ƒoƒXƒPƒbƒgƒ{[ƒ‹ƒLƒ“ƒO,uƒoƒXƒPŠE‚Ì‚½‚ß‚ÉÀŒ»‚·‚×‚«vcŒ³ƒI[ƒ‹ƒXƒ^[‘Iè‚ªƒ„ƒ“ƒO‚ÌƒXƒp[ƒYˆÚĞ‚ğØ–],https://news.yahoo.co.jp/articles/01509eea9d22fdde76df5172e4b909c15b80a994,2/28(…) 18:08
bballk,ƒoƒXƒPƒbƒgƒ{[ƒ‹ƒLƒ“ƒO,ƒŒƒuƒƒ“EƒWƒF[ƒ€ƒY‚ªƒŒƒCƒJ[ƒY‚Æí¯”j‚è‚ÌVŒ_–ñ‚ğŠó–]‚©c3”N256‰­‰~‚Ì‰Â”\«,https://news.yahoo.co.jp/articles/63fbc17541f6038ab480c7d1f51d598b7510c3bd,2/28(…) 17:35
bballk,ƒoƒXƒPƒbƒgƒ{[ƒ‹ƒLƒ“ƒO,NBAjã10“x–ÚcƒLƒ“ƒOƒX‚Ìƒhƒ}ƒ“ƒ^ƒXEƒTƒ{ƒjƒX‚ª40‡˜A‘±‚Åƒ_ƒuƒ‹ƒ_ƒuƒ‹‚ğ’B¬,https://news.yahoo.co.jp/articles/8709b6088871bd29e9fa44f9ba41230699f3d788,2/28(…) 17:15
bballk,ƒoƒXƒPƒbƒgƒ{[ƒ‹ƒLƒ“ƒO,VBƒŠ[ƒO‚Ìƒhƒ‰ƒtƒg‚Í26”N1Œ‚É‰ŠJÃ‚ÖcƒTƒ‰ƒŠ[ƒLƒƒƒbƒv‚É“Á—ágƒXƒ^[‘Ièğ€h“±“ü,https://news.yahoo.co.jp/articles/d8b4dbdce92f3a47427be52bf2264e95dea7aec0,2/28(…) 17:03
bballk,ƒoƒXƒPƒbƒgƒ{[ƒ‹ƒLƒ“ƒO,ƒLƒƒƒŠƒA11”N–Ú‚ÌƒrƒbƒOƒ}ƒ“Aƒ}ƒCƒNEƒ}ƒXƒJ[ƒ‰‚ªƒsƒXƒgƒ“ƒY‚Æ‚ÌƒoƒCƒAƒEƒg‚É‡ˆÓ,https://news.yahoo.co.jp/articles/1533f5e1092621dafc4e19ea1b83063479f1fdb1,2/28(…) 16:18
bballk,ƒoƒXƒPƒbƒgƒ{[ƒ‹ƒLƒ“ƒO,NBA‚ÌƒwƒCƒEƒbƒhEƒnƒCƒXƒ~ƒXA21Î‚É’ñ‘i‚³‚ê‚écu‚ ‚È‚½‚Ì•s’ˆÓ‚È‰^“]‚ª„‚Ì‘«‚ğ’D‚Á‚½v,https://news.yahoo.co.jp/articles/8b119b30711700983485b897658db8e7141723c6,2/28(…) 16:14
bballk,ƒoƒXƒPƒbƒgƒ{[ƒ‹ƒLƒ“ƒO,‹t“]Ÿ—˜‚ÌuŠÔ‚à—âÃ’¾’…‚ÈƒŠƒ‰[ƒhc–{l‚ª–¾‚©‚·‚»‚Ì‹Á‚«‚Ì——R‚Æ‚Í,https://news.yahoo.co.jp/articles/287efee2b14f71ca4329804a82923d39a92c6156,2/28(…) 15:28
bballk,ƒoƒXƒPƒbƒgƒ{[ƒ‹ƒLƒ“ƒO,u©•ª‚ª‰½Ò‚È‚Ì‚©‚í‚©‚ç‚È‚­‚È‚Á‚½vcÀí•œ‹A‚ğ‰Ê‚½‚µ‚½ƒ‹ƒrƒI‚ª“–‚Ìó‹µ‚ğŒê‚é,https://news.yahoo.co.jp/articles/227e29f9c235fe8ff1bc8262b9802045d4fcdf5d,2/28(…) 14:53
bballk,ƒoƒXƒPƒbƒgƒ{[ƒ‹ƒLƒ“ƒO,NBAƒI[ƒ‹ƒXƒ^[2027‚ÌŠJÃ’nŒó•â‚ÉƒtƒFƒjƒbƒNƒX‚ª•‚ãc2009”NˆÈ—ˆ4“x–Ú‚È‚é‚©H,https://news.yahoo.co.jp/articles/ca9bdc7eaef6c0de43747e21840ad6111a5b3375,2/28(…) 13:48
bballk,ƒoƒXƒPƒbƒgƒ{[ƒ‹ƒLƒ“ƒO,–ñ18ƒ[ƒgƒ‹‚Ìƒn[ƒtƒR[ƒgƒVƒ‡ƒbƒgcƒ}ƒbƒNƒXEƒXƒgƒDƒ‹[ƒX‚Ì‹t“]’e‚ÅƒLƒƒƒuƒY‚ªŒ€“IŸ—˜,https://news.yahoo.co.jp/articles/3421c9889a293d5dd5a3f24fb83eb8e00f47cf8e,2/28(…) 12:44
bballk,ƒoƒXƒPƒbƒgƒ{[ƒ‹ƒLƒ“ƒO,yB1‘O”¼ƒŒƒrƒ…[z”ßŠè‚Ì‰—DŸ‚Ö‰õiŒ‚cI”Õí‚Ì’–Úƒ`[ƒ€•ƒ|ƒCƒ“ƒg‚ÍH,https://news.yahoo.co.jp/articles/88d8c4666fec817f0c8c3678860e75a5a6e000a5,2/28(…) 12:20
bballk,ƒoƒXƒPƒbƒgƒ{[ƒ‹ƒLƒ“ƒO,2Œ‚É“ü‚Á‚Ä4Ÿ7”s‚Æ•¯æs‚ÌƒVƒNƒT[ƒYcƒWƒ‡ƒGƒ‹EƒGƒ“ƒr[ƒh‚Ì•œ‹AŠú‚ÍH,https://news.yahoo.co.jp/articles/45bfeab230c3fa12add8242b0602d41cd1e5125e,2/28(…) 11:51
bballk,ƒoƒXƒPƒbƒgƒ{[ƒ‹ƒLƒ“ƒO,ƒŒƒCƒJ[ƒY‚Ì”ª‘º—Û‚ª¶˜r‚É“ü‚ê‚½g”ªh‚Ìƒ^ƒgƒD[‚ğŒê‚éu–l‚Ìƒ‰ƒbƒL[ƒiƒ“ƒo[v,https://news.yahoo.co.jp/articles/2f8733c6634c88708fac27dfa027536a460f509e,2/28(…) 11:04
bballk,ƒoƒXƒPƒbƒgƒ{[ƒ‹ƒLƒ“ƒO,ƒTƒ“ƒ_[‚ğ‘Ş’c‚µ‚½ƒAƒŒƒNƒZƒCEƒ|ƒNƒVƒFƒtƒXƒL[‚ªƒz[ƒlƒbƒc‚ÆŒ_–ñ‚Ö,https://news.yahoo.co.jp/articles/a5aa12f648606faa73cdadb67ddac78e18718ab9,2/28(…) 10:08
bballk,ƒoƒXƒPƒbƒgƒ{[ƒ‹ƒLƒ“ƒO,ƒoƒXƒP“Vc”tƒtƒ@ƒCƒiƒ‹gƒ`ƒPŠ®”„h‚à‹}‚«‚å’Ç‰Á”Ì”„cJBAu‘½‚­‚Ì’Ç‰Á”Ì”„‚Ì‚²—v–]‚ğv,https://news.yahoo.co.jp/articles/a7cb85175f5c40f4daf15dfcd94f516da85a4b77,2/27(‰Î) 18:30
bballk,ƒoƒXƒPƒbƒgƒ{[ƒ‹ƒLƒ“ƒO,L“‡E’©R³Œå‚Ìˆø‘ŞƒZƒŒƒ‚ƒj[ŠJÃ“ú‚ğ”­•\cg¡‹GÅIíh‚Ì5.5—®‹…í‚ÅÀ{,https://news.yahoo.co.jp/articles/23861fa5cd3425a82659db9ad730f78af6f17831,2/27(‰Î) 17:33
bballk,ƒoƒXƒPƒbƒgƒ{[ƒ‹ƒLƒ“ƒO,B2“Ş—Ç‚ªƒNƒ‰ƒEƒhƒtƒ@ƒ“ƒfƒBƒ“ƒOÀ{cB3~Ši‰ñ”ğ‚Ì‚½‚ßx‰‡‚ğŒÄ‚Ñ‚©‚¯,https://news.yahoo.co.jp/articles/a59554ff8e2e18a6da157620b73fc3640a2d37ce,2/27(‰Î) 16:19
bballk,ƒoƒXƒPƒbƒgƒ{[ƒ‹ƒLƒ“ƒO,–¼ŒÃ‰®D‚ªƒeƒBƒ€Eƒ\ƒAƒŒƒX‚ğIL‚©‚ç–•Ác˜’Å’ÅŠÔ”Âƒwƒ‹ƒjƒA‚É‚æ‚é–ñ3ƒJŒ‚ÌŒ‡ê‚©‚ç•œ‹A,https://news.yahoo.co.jp/articles/342a12ef32048259bee55f0ae1d050f1b6370bd7,2/27(‰Î) 16:02
bballk,ƒoƒXƒPƒbƒgƒ{[ƒ‹ƒLƒ“ƒO,c‚è2.8•b‚ÅŒ€“IƒNƒ‰ƒbƒ`ƒVƒ‡ƒbƒgcƒjƒbƒNƒX‚ªƒWƒ‡ƒVƒ…Eƒn[ƒg‚ÌŒˆŸ’e‚Å‹t“]Ÿ‚¿,https://news.yahoo.co.jp/articles/d3271ff2243ed6d65dcfbcf49d499d869ebe914b,2/27(‰Î) 14:37
bballk,ƒoƒXƒPƒbƒgƒ{[ƒ‹ƒLƒ“ƒO,O‰Í‚ª—ˆ‹G‚ÌƒƒCƒ“ƒAƒŠ[ƒi•ÏXc¡‹G8Š„g—p‚ÌWAŠ ’J‚Í‘Û‘å‰ïŠJÃ‚Ì‚½‚ß‰üC,https://news.yahoo.co.jp/articles/e28c993e2e87a8f5fdc6984c3b2e32c335fd1f87,2/27(‰Î) 14:10
bballk,ƒoƒXƒPƒbƒgƒ{[ƒ‹ƒLƒ“ƒO,ƒOƒŠƒYƒŠ[ƒY‚ªƒlƒbƒc‚É25“_·‚Å”síc“nç²—Y‘¾‚ÍŒÃ‘ƒ‘Šè‚É21•ªoê,https://news.yahoo.co.jp/articles/c6a145d80f3993242116e213d21fc5263c141e1c,2/27(‰Î) 12:53
bballk,ƒoƒXƒPƒbƒgƒ{[ƒ‹ƒLƒ“ƒO,ƒeƒCƒ^ƒ€‚ªgNBA‚ÌŠçh‚É‚È‚é‚±‚Æ‚ÖˆÓ—~‚ğ¦‚·u–l‚ªè‚É“ü‚ê‚é‚à‚Ì‚¾‚ÆŠ´‚¶‚Ä‚¢‚év,https://news.yahoo.co.jp/articles/a2bc6c1851adc79799f6d7fd00137aaa6e59f11c,2/27(‰Î) 7:30
bballk,ƒoƒXƒPƒbƒgƒ{[ƒ‹ƒLƒ“ƒO,‚q•±v‚ÌŠˆ–ô‚ğŒ©‚¹‚½”nê—Y‘åcW”tŒã‚Íuƒ|ƒWƒeƒBƒu‚È‹C‚¿‚Ì•Ï‰»‚ª‚ ‚Á‚½v,https://news.yahoo.co.jp/articles/128e7bbc8359b85a9df493e19cdc7d3af6df512a,2/26(Œ) 20:18
bballk,ƒoƒXƒPƒbƒgƒ{[ƒ‹ƒLƒ“ƒO,“ú–{‘ã•\‚ÌM”O‚Æƒvƒ‰ƒCƒh‚ğ‹¹‚ÉcŒÜ—Ö‚ğŒ©˜‚¦‚é‰Í‘º—E‹P‚Í”½Èu“_·‚ğ‚Â‚¯‚ÄŸ‚Ä‚é‘Šè‚¾‚Á‚½v,https://news.yahoo.co.jp/articles/3c19ba1479e3723c2c729a92a37753a16646b2c8,2/26(Œ) 19:39
bballk,ƒoƒXƒPƒbƒgƒ{[ƒ‹ƒLƒ“ƒO,ƒEƒHƒŠƒA[ƒY‘Šè‚É‘åÔ—Ö‚ÌŠˆ–ô‚ğŒ©‚¹‚½ƒjƒRƒ‰EƒˆƒLƒbƒ`‚ª3í˜A‘±‚ÅƒgƒŠƒvƒ‹ƒ_ƒuƒ‹,https://news.yahoo.co.jp/articles/8cf87b00070a6c5883e949a47d59b2c8f40f5fd4,2/26(Œ) 19:28
bballk,ƒoƒXƒPƒbƒgƒ{[ƒ‹ƒLƒ“ƒO,—›‘Š˜Ï”u‚ÉŒü‚¯‚½‘æ1Ÿ‹­‰»‡hQ‰Áƒƒ“ƒo[‚ª”­•\c‘åŠw‹üw‚Ì31‘Iè‚ªµW,https://news.yahoo.co.jp/articles/f7cff830495167e2f6cdaba428471aa388398d79,2/26(Œ) 19:00
bballk,ƒoƒXƒPƒbƒgƒ{[ƒ‹ƒLƒ“ƒO,ƒ`ƒFƒbƒgEƒzƒ‹ƒ€ƒOƒŒƒ“‚ª150ƒuƒƒbƒN‚Æ3ƒ|ƒCƒ“ƒg100–{¬Œ÷‚ğ’B¬‚µ‚½jã‰‚Ìƒ‹[ƒL[‚É,https://news.yahoo.co.jp/articles/849c2f4fbbf72939a6eb4edcce542460c1deca6a,2/26(Œ) 18:35
bballk,ƒoƒXƒPƒbƒgƒ{[ƒ‹ƒLƒ“ƒO,–kŠC“¹U18‚Ì“à“¡—s—I‚ªƒXƒyƒCƒ“ƒŠ[ƒO1•”‚ÌƒAƒJƒfƒ~[•”–å‚Ö’ZŠú—¯Šwu¸ˆê”tŠæ’£‚Á‚Ä‚«‚Ü‚·Iv,https://news.yahoo.co.jp/articles/3b97eaedaaf9eb71179b513fd302a22aaa96af10,2/26(Œ) 17:19
bballk,ƒoƒXƒPƒbƒgƒ{[ƒ‹ƒLƒ“ƒO,ç—tƒWƒFƒbƒc‚ÌƒXƒeƒtƒFƒ“ƒY‚ªƒCƒ“ƒWƒ…ƒAƒŠ[ƒŠƒXƒg“ü‚èc‰E¿œ_Œo’É‚Åíü—£’E,https://news.yahoo.co.jp/articles/2c572672b340d5c3d760c0fb1c7bb82fd37af6b6,2/26(Œ) 16:34
bballk,ƒoƒXƒPƒbƒgƒ{[ƒ‹ƒLƒ“ƒO,ƒtƒBƒŠƒsƒ“‘ã•\‚ÌƒJƒCEƒ\ƒbƒg‚ª–ô“®cƒTƒCƒ‚ƒ“‘ñŠC‚Í13“¾“_/2Œ25“ú ƒAƒWƒAƒJƒbƒv—\‘I‚Ü‚Æ‚ß,https://news.yahoo.co.jp/articles/40e9b6356c8d687f73f51294e25c5059c2cd5486,2/26(Œ) 15:29
bballk,ƒoƒXƒPƒbƒgƒ{[ƒ‹ƒLƒ“ƒO,ƒz[ƒ€‚ÅƒŒƒCƒJ[ƒY‚ğ‰º‚µ‚½ƒTƒ“ƒYAƒfƒ…ƒ‰ƒ“ƒg‚ªŸ—˜‚ÌƒJƒM‚ğŒê‚éu‘ã‚ğ•¥‚í‚¹‚½v,https://news.yahoo.co.jp/articles/a5f8059214ca2e37a8a4ee37df1eabc0bfe7ac26,2/26(Œ) 14:13
bballk,ƒoƒXƒPƒbƒgƒ{[ƒ‹ƒLƒ“ƒO,’nŒ³‹…’c‚ğx‚¦‚Ä‚«‚½_ŒË‚Ì¼èŒ«l‚ª¡‹GŒÀ‚è‚Å‚Ìˆø‘Ş•\–¾u1‡‚Å‚à‘½‚­c‚è‚ğ‰ß‚²‚µ‚½‚¢v,https://news.yahoo.co.jp/articles/3babb4cf91a3c4089fedfbdc2e443ff0c351e86e,2/26(Œ) 13:56
bballk,ƒoƒXƒPƒbƒgƒ{[ƒ‹ƒLƒ“ƒO,—q“ú–{‘ã•\‚àŠe’n‚ÅŠˆ–ôcñˆÊEƒgƒˆƒ^©“®Ô‚Íƒgƒˆƒ^–aD‚Æ‚ÌÚí‚É˜AŸ/WƒŠ[ƒO‘æ10ß,https://news.yahoo.co.jp/articles/a73741b95eafd916d93cac71a669c47ca7853007,2/26(Œ) 13:22
bballk,ƒoƒXƒPƒbƒgƒ{[ƒ‹ƒLƒ“ƒO,ƒ†[ƒƒoƒXƒP—\‘I‚ªŠJ–‹cA“Œ‹‚ÌƒTƒCƒY—i‚·‚éƒXƒyƒCƒ“‚Íƒ‰ƒgƒrƒAAƒxƒ‹ƒM[‚É‘±‚¯‚ÄÉ”s,https://news.yahoo.co.jp/articles/b6fd38753edb2152bd946e7ad66656e25273a5e1,2/26(Œ) 13:04
bballk,ƒoƒXƒPƒbƒgƒ{[ƒ‹ƒLƒ“ƒO,O‰Í‚ª¼“c—D‘å‚Æ‚ÌŒ_–ñŒp‘±‚ğ”­•\c2025|26ƒV[ƒYƒ“‚ğŠÜ‚Ş•¡””NŒ_–ñ‚É‡ˆÓ,https://news.yahoo.co.jp/articles/b7948916f3ce6a10b1494bd2f6e1c2f9490e1e2b,2/26(Œ) 12:56
bballk,ƒoƒXƒPƒbƒgƒ{[ƒ‹ƒLƒ“ƒO,ŒÃ‘ƒƒjƒbƒNƒX‚Ìƒz[ƒ€‚Åƒu[ƒCƒ“ƒO‚ğ—‚Ñ‚½ƒ|ƒ‹ƒWƒ“ƒMƒXuŠy‚µ‚ñ‚Å‚¢‚½v,https://news.yahoo.co.jp/articles/8c5dd3d86f2f5078cd062f509ba2688ae7271335,2/26(Œ) 12:47
bballk,ƒoƒXƒPƒbƒgƒ{[ƒ‹ƒLƒ“ƒO,ƒLƒ…[ƒo‚ªƒAƒƒŠƒJƒbƒv—\‘I‚ÅƒAƒƒŠƒJ‚ğ‰Œ‚”jc²‰êEƒKƒ‹ƒVƒA‚Í9“¾“_‚ÅŸ—˜‚ÉvŒ£,https://news.yahoo.co.jp/articles/67e6238cbb434f74d57e77a7dfd7e03fb279d225,2/26(Œ) 12:00
bballk,ƒoƒXƒPƒbƒgƒ{[ƒ‹ƒLƒ“ƒO,‚±‚ê‚Ü‚Å‚ÌƒLƒƒƒŠƒA21”N–Ú‚Ì‘Iè‚½‚¿‚Æ‚Íg•ÊŠih‚ÌƒvƒŒ[‚ğŒ©‚¹‚éƒŒƒuƒƒ“EƒWƒF[ƒ€ƒY,https://news.yahoo.co.jp/articles/d6e482994b4a2555e0bb28aa02767505f5728d16,2/26(Œ) 11:54
bballk,ƒoƒXƒPƒbƒgƒ{[ƒ‹ƒLƒ“ƒO,‡’†‚É¬‹£‚è‡‚¢‚©‚ç—“¬‚É”­“WcNBA‚ªƒq[ƒg‚ÆƒyƒŠƒJƒ“ƒY‚Ì5‘Iè‚Öoê’â~ˆ•ª‚ğ‰È‚·,https://news.yahoo.co.jp/articles/446db2ee9f8f32b797c584ef203d28dae8cfd8e6,2/26(Œ) 11:01
bballk,ƒoƒXƒPƒbƒgƒ{[ƒ‹ƒLƒ“ƒO,ƒz[ƒNƒX‚É‘å‘ÅŒ‚cƒI[ƒ‹ƒXƒ^[ƒK[ƒh‚ÌƒgƒŒƒCEƒ„ƒ“ƒO‚ªÅ’á4TŠÔ‚Ì—£’E,https://news.yahoo.co.jp/articles/ca3477bf626287bd7b8c52a73329b913b9c5aace,2/26(Œ) 10:51
bballk,ƒoƒXƒPƒbƒgƒ{[ƒ‹ƒLƒ“ƒO,D’²‘±‚­ƒlƒuƒ‰ƒXƒJ‘åA”ÕÎ‚Ìí‚¢‚Ô‚è‚Å˜AŸ”‚ğu4v‚Éc•x‰iŒ[¶‚Í3ƒ|ƒCƒ“ƒg•s”­‚à6“¾“_,https://news.yahoo.co.jp/articles/be40d819eb24291cfe70741387afb5c23315ade9,2/26(Œ) 10:48
bballk,ƒoƒXƒPƒbƒgƒ{[ƒ‹ƒLƒ“ƒO,Å‘å20“_·‚©‚ç–Ò’Ç‚àƒŒƒCƒJ[ƒY‚ÍƒTƒ“ƒYŒ‚”j‚È‚ç‚¸c”ª‘º—Û‚Í3P2–{ŠÜ‚Ş13“¾“_,https://news.yahoo.co.jp/articles/4b6ec6461a113bfe793347f0d6ca955c6b6ff565,2/26(Œ) 10:14
bballk,ƒoƒXƒPƒbƒgƒ{[ƒ‹ƒLƒ“ƒO,“ú–{‘ã•\E•xŠ~—E÷u³’¼–l‚É‚Æ‚Á‚Ä‚Í‚¤‚ê‚µ‚¢‚±‚Ævƒe[ƒuƒXŠC‚Æ‚ÌgVƒRƒ“ƒrh‚Éè‰‚¦,https://news.yahoo.co.jp/articles/99c989eb0dccb1d88957f48f64f88fbe326a78c3,2/25(“ú) 21:41
bballk,ƒoƒXƒPƒbƒgƒ{[ƒ‹ƒLƒ“ƒO,ƒŠƒxƒ“ƒWƒ}ƒbƒ`‚ğI‚¦‚Ä“ú–{‘ã•\ƒ`[ƒ€‚Ì¬’·‚ğÀŠ´‚·‚é”ä]“‡Tu©M‚ğ‚Á‚Ä‚â‚ê‚½v,https://news.yahoo.co.jp/articles/ce732accbe26e1dfc13c11b7e372b02d4dc09851,2/25(“ú) 19:09
bballk,ƒoƒXƒPƒbƒgƒ{[ƒ‹ƒLƒ“ƒO,“ú–{‘ã•\Eƒz[ƒoƒXHCu‚±‚Ìƒƒ“ƒo[–{“–‚É‚·‚²‚¢‚Æv‚¤vWƒ†ƒEƒL‚ÌgV‘Š–_h‚É‚àŠú‘Ò,https://news.yahoo.co.jp/articles/9a7a5030ef95a15f52525347c0197bd6e6611b67,2/25(“ú) 18:14
bballk,ƒoƒXƒPƒbƒgƒ{[ƒ‹ƒLƒ“ƒO,u13A14Î‚Ì ‚©‚ç“²‚ê‚Ä‚«‚½vƒJ[ƒƒ‚ğ’´‚¦‚½ƒfƒ…ƒ‰ƒ“ƒg‚ª’ÊZ“¾“_‚Å—ğ‘ã9ˆÊ‚Ö•‚ã,https://news.yahoo.co.jp/articles/78280983a6e173f65a8c65a5a53f84ad0ab8cd22,2/25(“ú) 17:41
bballk,ƒoƒXƒPƒbƒgƒ{[ƒ‹ƒLƒ“ƒO,ƒnƒƒC‘åŠw‚ª¡ƒV[ƒYƒ“16Ÿ–Ú‚ğ‹“‚°‚écƒWƒFƒCƒRƒuƒX»‚Í3ƒ|ƒCƒ“ƒg‚ÅŸ—˜‚ÉvŒ£,https://news.yahoo.co.jp/articles/4ace0d6bd1105d4471da74d64fd45a3eb45e2203,2/25(“ú) 17:10
bballk,ƒoƒXƒPƒbƒgƒ{[ƒ‹ƒLƒ“ƒO,ƒJ[HC‚Ì‰„’·Œ_–ñ‡ˆÓ‚ÉƒOƒŠ[ƒ“‚Íu‰´‚Í‚±‚Ìƒ`[ƒ€‚Å”ŞˆÈŠO‚ÌƒR[ƒ`‚ÆI‚¦‚½‚­‚È‚¢v,https://news.yahoo.co.jp/articles/81cccb4bb69ade1a311070b2f90f00a209812b36,2/25(“ú) 16:42
bballk,ƒoƒXƒPƒbƒgƒ{[ƒ‹ƒLƒ“ƒO,ƒoƒXƒP“ú–{‘ã•\‚ª’†‘‚Éå—v‘Û‘å‰ï‚Å88”N‚Ô‚è‚Ì”’¯c”nê—Y‘å‚ª24“¾“_‚Ì‘å”š”­,https://news.yahoo.co.jp/articles/ffb074dca1f6ff0439b768a370e58d0ddb84bc40,2/25(“ú) 15:56
bballk,ƒoƒXƒPƒbƒgƒ{[ƒ‹ƒLƒ“ƒO,ƒŠƒo[ƒXHCAƒxƒoƒŠ[‚Æ‚¢‚¤gŒ³“¯—»h‚ª‚¢‚éƒoƒbƒNƒXí‚Ö—Õ‚ŞƒVƒNƒT[ƒY‚Ìƒ}ƒNƒV[,https://news.yahoo.co.jp/articles/ff521bf3f90d923fe79686489e1e7eb882facf5a,2/25(“ú) 13:04
bballk,ƒoƒXƒPƒbƒgƒ{[ƒ‹ƒLƒ“ƒO,©g‰‚Ì’†‘í‚ÖŒü‚¯‚Ä‹C‚¿‚ğ‚‚ß‚é‰Í‘º—E‹PuŸ‚½‚È‚­‚Ä‚Í‚È‚ç‚È‚¢‘Šèv,https://news.yahoo.co.jp/articles/5a424d2389530b6483b74f38eb4ab32fe8ded29d,2/25(“ú) 12:44
bballk,ƒoƒXƒPƒbƒgƒ{[ƒ‹ƒLƒ“ƒO,ƒEƒHƒŠƒA[ƒY‚ğg—DŸŒó•âh‚ÆM‚¶‚éƒOƒŠ[ƒ“u‰´‚½‚¿‚É“|‚¹‚È‚¢ƒ`[ƒ€‚ª‚ ‚é‚Æ‚Ív‚¦‚È‚¢v,https://news.yahoo.co.jp/articles/55ab5d67139011e12731c4073f7f98b2271e49e7,2/25(“ú) 12:10
bballk,ƒoƒXƒPƒbƒgƒ{[ƒ‹ƒLƒ“ƒO,yR˜e–¾q‚ÌLA’ÊMzƒoƒXƒP‘åD‚«­—‚ªƒAƒƒŠƒJ‚É’§íIcˆé–ìu•à‚Í‚³‚ç‚Éã‚ğ–Úw‚·,https://news.yahoo.co.jp/articles/5d86bf7e0da5d23089994ae2aa2be8d8ea250d47,2/25(“ú) 12:00
bballk,ƒoƒXƒPƒbƒgƒ{[ƒ‹ƒLƒ“ƒO,MJ‚ÉŸ‚®‰õ‹“‚àAƒEƒFƒ“ƒoƒ“ƒ„ƒ}‚ÍuƒXƒ^ƒbƒc‚Í“ñ‚ÌŸB•‰‚¯‚½‚±‚Æ‚É–‘«‚È‚ñ‚Ä‚Å‚«‚È‚¢v,https://news.yahoo.co.jp/articles/b3eb57f4e4559fb2702780960dbefae9b60e9f3a,2/25(“ú) 11:02
bballk,ƒoƒXƒPƒbƒgƒ{[ƒ‹ƒLƒ“ƒO,“ú–{‘ã•\E”nê—Y‘å‚Íg‘S‰õhƒAƒs[ƒ‹c‹­‹Œ‚”j‚Åu“ú–{ƒoƒXƒP‚Ì‚³‚ç‚É‘å‚«‚Èˆê•à‚ğv,https://news.yahoo.co.jp/articles/fe2c7c7f2dc48fb778081e635257b24387dc5126,2/25(“ú) 10:44
bballk,ƒoƒXƒPƒbƒgƒ{[ƒ‹ƒLƒ“ƒO,“ú–{‘ã•\Eƒz[ƒoƒXHCu88”N‚Ô‚è‚Å‚·‚æB‚à‚¤Ÿ‚¿‚½‚¢v’†‘‚ÉƒŠƒxƒ“ƒW¾‚¤,https://news.yahoo.co.jp/articles/d15351d0d3941e74a05fb97739ab24b0c19efc67,2/24(“y) 21:02
bballk,ƒoƒXƒPƒbƒgƒ{[ƒ‹ƒLƒ“ƒO,ƒoƒXƒP“ú–{‘ã•\‚Ì’†‘íƒƒXƒ^[12–¼”­•\cƒz[ƒLƒ“ƒ\ƒ“‚ç2–¼“ü‚ê‘Ö‚¦,https://news.yahoo.co.jp/articles/33ed192e4811d3959dfcbd3d1fc676a7a4fac62c,2/24(“y) 18:48
bballk,ƒoƒXƒPƒbƒgƒ{[ƒ‹ƒLƒ“ƒO,ƒZƒ‹ƒeƒBƒbƒNƒX‚ÌƒeƒCƒ^ƒ€u‚±‚±‚Ü‚Å—ˆ‚½‚ç—DŸ‚Å‚«‚é‚©‚Ç‚¤‚©‚ÅƒWƒƒƒbƒW‚³‚ê‚év,https://news.yahoo.co.jp/articles/388e92319dcf922854af6f3e78bf56de97930570,2/24(“y) 18:46
bballk,ƒoƒXƒPƒbƒgƒ{[ƒ‹ƒLƒ“ƒO,”OŠè‚ÌƒVƒNƒT[ƒYƒfƒrƒ…[‚ğü‚Á‚½ƒJƒCƒ‹Eƒ‰ƒEƒŠ[uÅ‚‚ÌuŠÔ‚É‚È‚Á‚½v,https://news.yahoo.co.jp/articles/d9159a77e967bd1903dfeff8f0cbefc6b13cd26d,2/24(“y) 17:27
bballk,ƒoƒXƒPƒbƒgƒ{[ƒ‹ƒLƒ“ƒO,5•”–å‚Å5ˆÈã‚ğƒNƒŠƒAc‘åŒ^VlƒrƒNƒ^[EƒEƒFƒ“ƒoƒ“ƒ„ƒ}‚ªjã15l–Ú‚Ìg5x5h‚ğ’B¬,https://news.yahoo.co.jp/articles/744e53f41a304bdccd624d806dee3904f750ff63,2/24(“y) 16:35
bballk,ƒoƒXƒPƒbƒgƒ{[ƒ‹ƒLƒ“ƒO,ƒŒƒCƒJ[ƒYA”ª‘º—Û‚ª17“¾“_‚ÌŠˆ–ôc‰ö•¨Vl‚©‚í‚µƒXƒp[ƒYŒ‚”j‚ÉvŒ£,https://news.yahoo.co.jp/articles/302c2fa44ca212f5bb137f58f30b761c8fd2361d,2/24(“y) 15:00
bballk,ƒoƒXƒPƒbƒgƒ{[ƒ‹ƒLƒ“ƒO,ƒEƒHƒŠƒA[ƒY‚ÌƒXƒeƒB[ƒuEƒJ[HC‚ª2”N–ñ52‰­‰~‚Ì‹Šz‚È‰„’·Œ_–ñ‚É‡ˆÓ,https://news.yahoo.co.jp/articles/ee775761ff363734a1ad88bf6a788d7680908f08,2/24(“y) 13:06
bballk,ƒoƒXƒPƒbƒgƒ{[ƒ‹ƒLƒ“ƒO,ƒOƒŠƒYƒŠ[ƒY‚ª‹…‰ƒ–¾‚¯ƒNƒŠƒbƒp[ƒY‚É”s‚êØ‹à17cÚí‚Å“nç²—Y‘¾‚Íoê‹@‰ï‚È‚µ,https://news.yahoo.co.jp/articles/3a11535d64e9d4141d64fc827de48872ef3d8b1e,2/24(“y) 12:46
bballk,ƒoƒXƒPƒbƒgƒ{[ƒ‹ƒLƒ“ƒO,ƒAƒ“ƒ\ƒj[EƒGƒhƒ[ƒYu–l‚ÌGOAT‚ÍƒPƒrƒ“Eƒfƒ…ƒ‰ƒ“ƒgB‚¸‚Á‚Æ”Ş‚Ìƒtƒ@ƒ“‚È‚ñ‚¾v,https://news.yahoo.co.jp/articles/b3c09c7b1b67da467b57fd06a7274b2c09f4a2fb,2/24(“y) 12:27
bballk,ƒoƒXƒPƒbƒgƒ{[ƒ‹ƒLƒ“ƒO,yˆäŒûŠîj‚ÌƒXƒJƒEƒeƒBƒ“ƒOƒŒƒ|[ƒgz‚â‚Á‚Ï‚è‹C‚É‚È‚é‚¨‹à‚É‚Â‚¢‚ÄiŒã•Òjuƒgƒbƒvƒ`[ƒ€lŒ”ïvƒ‰ƒ“ƒLƒ“ƒO2022”N“x”Å,https://news.yahoo.co.jp/articles/85f8178c50dc8a15f739308babff98eb3c4d7d90,2/24(“y) 12:00
bballk,ƒoƒXƒPƒbƒgƒ{[ƒ‹ƒLƒ“ƒO,ƒIƒbƒg[Eƒ|[ƒ^[Jr.‚ªƒWƒƒƒY‚©‚ç—£’Ec30Î‚Ìƒxƒeƒ‰ƒ“ƒtƒHƒ[ƒh‚Ì¡Œã‚ÍH,https://news.yahoo.co.jp/articles/6b62c1c875e233b1375637076c5f2b84e1ea91c8,2/24(“y) 11:12
bballk,ƒoƒXƒPƒbƒgƒ{[ƒ‹ƒLƒ“ƒO,ƒTƒ“ƒ_[‚ªƒZƒ‹ƒrƒAog‚ÌƒtƒHƒ[ƒhAƒAƒŒƒNƒZƒCEƒ|ƒNƒVƒFƒtƒXƒL[‚ğ•úo,https://news.yahoo.co.jp/articles/f100396ff8da9680a9fff74e83184914f5265f26,2/24(“y) 11:06
bballk,ƒoƒXƒPƒbƒgƒ{[ƒ‹ƒLƒ“ƒO,ƒuƒ‹ƒY‚ÌƒpƒgƒŠƒbƒNEƒEƒBƒŠƒAƒ€ƒY‚ª¶‘«èp‚Ì‚½‚ß¡‹Gc‚è‡‚ğ‘S‹x,https://news.yahoo.co.jp/articles/53081ab5f5c0742c74fffcda460d1e9879ab4ee7,2/24(“y) 10:12
bballk,ƒoƒXƒPƒbƒgƒ{[ƒ‹ƒLƒ“ƒO,NBAjã3l–ÚcƒiƒQƒbƒc‚ÌƒjƒRƒ‰EƒˆƒLƒbƒ`‚ª‘Sƒ`[ƒ€‘Šè‚ÉƒgƒŠƒvƒ‹ƒ_ƒuƒ‹‚ğ’B¬,https://news.yahoo.co.jp/articles/6c4c53b4d9568f6fe93d093fb4b7cff50017f411,2/23(‹à) 18:52
bballk,ƒoƒXƒPƒbƒgƒ{[ƒ‹ƒLƒ“ƒO,ƒXƒp[ƒY‚ÌƒEƒFƒ“ƒoƒ“ƒ„ƒ}‚ªƒŒƒWƒFƒ“ƒh‚É•À‚Ô‹L˜^÷—§c1000“¾“_500ƒŠƒoƒEƒ“ƒh150ƒuƒƒbƒN‚ğ‚í‚¸‚©50‡‚Å’B¬,https://news.yahoo.co.jp/articles/dc0e97273502a09f3bed9bbfe2f2f1ecf0a3068d,2/23(‹à) 18:25
bballk,ƒoƒXƒPƒbƒgƒ{[ƒ‹ƒLƒ“ƒO,ƒZƒ‹ƒeƒBƒbƒNƒX‚Ì‹…’cĞ’·‚ªƒ|ƒ‹ƒWƒ“ƒMƒXAƒzƒŠƒf[‚ğŠl“¾‚µ‚½ƒgƒŒ[ƒh‚ğ‰ñ‘z,https://news.yahoo.co.jp/articles/c16e7ffe17935d381a4b542875aa749b4cfff182,2/23(‹à) 17:56
bballk,ƒoƒXƒPƒbƒgƒ{[ƒ‹ƒLƒ“ƒO,gBƒŠ[ƒOímh‚½‚¿‚ªŠe‘‘ã•\‚Å–ô“®cƒz[ƒoƒXƒWƒƒƒpƒ“‚à‰í”’¯ƒXƒ^[ƒg/2Œ22“ú ƒAƒWƒAƒJƒbƒv—\‘I‚Ü‚Æ‚ß,https://news.yahoo.co.jp/articles/1e47aeb9b46b499de4120e5f5b4d3f18274070d1,2/23(‹à) 17:06
bballk,ƒoƒXƒPƒbƒgƒ{[ƒ‹ƒLƒ“ƒO,ƒLƒ“ƒOƒX‚Ìƒhƒ}ƒ“ƒ^ƒXEƒTƒ{ƒjƒX‚ªğ”N12Œ‚©‚ç38‡˜A‘±‚Åƒ_ƒuƒ‹ƒ_ƒuƒ‹‚ğƒ}[ƒN,https://news.yahoo.co.jp/articles/01def7e851210cf48d01c37cad69a165a145ad50,2/23(‹à) 16:59
bballk,ƒoƒXƒPƒbƒgƒ{[ƒ‹ƒLƒ“ƒO,ƒz[ƒoƒXHC‚à”Ş‚ç‚ÌŒoŒ±‚ğd‹cƒpƒŠŒÜ—ÖƒCƒ„[‰Ÿ—˜‚ÉvŒ£‚µ‚½gƒxƒeƒ‰ƒ“‘gh‚ÌŠˆ–ô,https://news.yahoo.co.jp/articles/b944b6b10348f88a1b23556672c5083b4289d935,2/23(‹à) 16:07
bballk,ƒoƒXƒPƒbƒgƒ{[ƒ‹ƒLƒ“ƒO,In—¬‚ê‚ğ‚Â‚©‚ß‚¸ƒŒƒCƒJ[ƒY‚ªƒEƒHƒŠƒA[ƒY‚É”síc”ª‘º—Û‚Í8“¾“_4ƒŠƒoƒEƒ“ƒh‚ğƒ}[ƒN,https://news.yahoo.co.jp/articles/db661255105b37d1132e58f35abab04ea0b9bf89,2/23(‹à) 15:12
bballk,ƒoƒXƒPƒbƒgƒ{[ƒ‹ƒLƒ“ƒO,ƒOƒAƒ€í‚Å‰‚ß‚Äg“ú‚ÌŠÛh‚ğ”w•‰‚Á‚½ƒWƒ‡ƒVƒ…EƒnƒŒƒ‹ƒ\ƒ“cu‹Ù’£‚æ‚è‚à‚—gŠ´‚ª‘å‚«‚©‚Á‚½v,https://news.yahoo.co.jp/articles/a81f378b906966afdfaedc0f73454c790c76a86f,2/23(‹à) 15:02
bballk,ƒoƒXƒPƒbƒgƒ{[ƒ‹ƒLƒ“ƒO,ì“‡—IãÄ‚â‹à‹ß—õ‚çVí—Í‚ª•À‚ñ‚¾ƒOƒAƒ€ícƒz[ƒoƒXHC‚Ígáè‘gh‚ÉŠú‘Ò,https://news.yahoo.co.jp/articles/ec53bf0751ab43325f4e5ecdb72d5f8ebefc283b,2/23(‹à) 13:42
bballk,ƒoƒXƒPƒbƒgƒ{[ƒ‹ƒLƒ“ƒO,S‰·‚Ü‚égƒ_ƒuƒ‹ƒz[ƒ€ƒQ[ƒ€h‚ÉŠ´ŒƒcB“‡“cƒ`ƒFƒAƒ}ƒ“u‘Šè‚ª‚¢‚È‚¢‚Æ‡‚Í‚Å‚«‚È‚¢v,https://news.yahoo.co.jp/articles/2ac73557769e6fc7b4e7682c8ab8d59bcc34174f,2/23(‹à) 13:22
bballk,ƒoƒXƒPƒbƒgƒ{[ƒ‹ƒLƒ“ƒO,yˆäŒûŠîj‚ÌƒXƒJƒEƒeƒBƒ“ƒOƒŒƒ|[ƒgz‚â‚Á‚Ï‚è‹C‚É‚È‚é‚¨‹à‚É‚Â‚¢‚Äi‘O•Òju‰c‹Æû“üvƒ‰ƒ“ƒLƒ“ƒO2022”N“x”Å,https://news.yahoo.co.jp/articles/243a2ea2783ee20202700aafa10125bb1191e825,2/23(‹à) 12:30
bballk,ƒoƒXƒPƒbƒgƒ{[ƒ‹ƒLƒ“ƒO,¶èœÜ‚Å—£’E‚µ‚Ä‚¢‚½ƒNƒŠƒXEƒ|[ƒ‹‚ªƒ`[ƒ€—ûK‚ÖQ‰ÁA‹ß“ú’†‚É•œ‹A‚Ö,https://news.yahoo.co.jp/articles/361c7e2f8757fd4a853723b0c661f70af84843ea,2/23(‹à) 12:17
bballk,ƒoƒXƒPƒbƒgƒ{[ƒ‹ƒLƒ“ƒO,ÂR—³Â‚ª–²‚ğ‚Â‘åØ‚³Œê‚éuƒp[ƒ\ƒiƒŠƒeƒB‚ğ’ú‚ß‚é——R‚É‚µ‚Ä‚Ù‚µ‚­‚È‚¢vcìès‚Ì’†Šw¶‚ÆŒğ—¬,https://news.yahoo.co.jp/articles/0a2b48ce8ed2c60c71a3a33ac3f6b2504a3d8cff,2/23(‹à) 12:00
bballk,ƒoƒXƒPƒbƒgƒ{[ƒ‹ƒLƒ“ƒO,ŒoŒ±–L•x‚È—Š‚à‚µ‚¢ƒLƒƒƒvƒeƒ“‹{àV—[‹Mcuƒ`[ƒ€‚ªƒŒƒxƒ‹ƒAƒbƒv‚µ‚½‚Æ‚±‚ë‚ğŒ©‚Ä‚Ù‚µ‚¢v,https://news.yahoo.co.jp/articles/ad8cdf874354e667906fb1acbf957c89bb506272,2/23(‹à) 12:00
bballk,ƒoƒXƒPƒbƒgƒ{[ƒ‹ƒLƒ“ƒO,ƒz[ƒNƒX‚É’Éèc‹Md‚ÈƒoƒbƒNƒAƒbƒvƒZƒ“ƒ^[‚ÌƒIƒjƒGƒJEƒIƒRƒ“ƒO‚ªíü—£’E,https://news.yahoo.co.jp/articles/d9e26c440105f9a3f92e8efa04e0ac71bec58551,2/23(‹à) 11:29
bballk,ƒoƒXƒPƒbƒgƒ{[ƒ‹ƒLƒ“ƒO,‡‘O‚É‘Šè‘Iè‚Æ‚à‚ß‚½‚±‚Æ‚ÅƒsƒXƒgƒ“ƒY‚ÌƒAƒCƒUƒCƒAEƒXƒ`ƒ…ƒ[ƒg‚Éoê’â~ˆ•ª,https://news.yahoo.co.jp/articles/096b80fcd4b9fccf3c3094d5fc0c8ed02282198a,2/23(‹à) 11:23
bballk,ƒoƒXƒPƒbƒgƒ{[ƒ‹ƒLƒ“ƒO,i—ß“ƒ‚Æ‚µ‚Äí‚¢”²‚¢‚½“ŒR‚Ì²“¡“âcu”½È“_‚à‘½‚©‚Á‚½‚Ì‚Å‚·‚ªA‚Å‚«‚½‚±‚Æ‚à‚ ‚è‚Ü‚µ‚½v,https://news.yahoo.co.jp/articles/23da9572598883aeebc1f0d68bc576066410aeec,2/23(‹à) 11:00
bballk,ƒoƒXƒPƒbƒgƒ{[ƒ‹ƒLƒ“ƒO,“ú–{‘ã•\E”ä]“‡Tu‘S‘RƒAƒs[ƒ‹‚Å‚«‚È‚©‚Á‚½v2ƒPƒ^“¾“_‚àƒ~ƒX‰÷‚â‚Ş,https://news.yahoo.co.jp/articles/f9cf2e7e4ed38de7957dd78df694089a49021ca3,2/22(–Ø) 22:11
bballk,ƒoƒXƒPƒbƒgƒ{[ƒ‹ƒLƒ“ƒO,—¬‚ê‚ğˆø‚«Šñ‚¹‚½ì“‡—IãÄAƒfƒrƒ…[í‚Å6“¾“_3ƒŠƒoƒEƒ“ƒh1ƒuƒƒbƒNuƒvƒŒ[‚Å‚«‚ÄŠy‚µ‚©‚Á‚½v,https://news.yahoo.co.jp/articles/fb6485a3e3fdc424ea3d42126b622387099bf637,2/22(–Ø) 22:10
bballk,ƒoƒXƒPƒbƒgƒ{[ƒ‹ƒLƒ“ƒO,“ú–{‘ã•\E‰Í‘º—E‹Pu–Úw‚µ‚Ä‚¢‚éƒoƒXƒPƒbƒg‚Æ‚Í’ö‰“‚¢“à—evÅ‘½15“¾“_6ƒAƒVƒXƒg‚à”½È,https://news.yahoo.co.jp/articles/31776b19dce058bda45a5bbf914665496295d635,2/22(–Ø) 21:19
bballk,ƒoƒXƒPƒbƒgƒ{[ƒ‹ƒLƒ“ƒO,ƒoƒXƒP“ú–{‘ã•\‚ªƒpƒŠŒÜ—ÖƒCƒ„[”’¯”­ic‰Í‘º–ô“®Aì“‡‚çVí—Íƒfƒrƒ…[ü‚é,https://news.yahoo.co.jp/articles/fe6cb69481458181c7e28873c9f44cdbab4c2697,2/22(–Ø) 20:46
bballk,ƒoƒXƒPƒbƒgƒ{[ƒ‹ƒLƒ“ƒO,ŒÌ‹½‚ÌƒVƒNƒT[ƒY‚ÆŒ_–ñ‚µAƒ`[ƒ€—ûK‚Ö‰Q‰Á‚µ‚½ƒJƒCƒ‹Eƒ‰ƒEƒŠ[u–²‚ªÀŒ»‚µ‚½v,https://news.yahoo.co.jp/articles/06721ca0ad0402b314cec3210104ea79b05d5e1a,2/22(–Ø) 18:44
bballk,ƒoƒXƒPƒbƒgƒ{[ƒ‹ƒLƒ“ƒO,B3•Ÿˆä‚ª‘OMB‚ÌƒTƒCƒ‚ƒ“‚ğŠl“¾cB2¸Ši‚Öu•K—v•s‰ÂŒ‡vŒoŒ±–L•x‚ÈVí—Í,https://news.yahoo.co.jp/articles/70a7b482351ce5ec37edf5c6a5f684d0a2ec8a9f,2/22(–Ø) 18:25
bballk,ƒoƒXƒPƒbƒgƒ{[ƒ‹ƒLƒ“ƒO,•‰‚µ‚Ä‚¢‚é¶‘«ñ‚Ì¡—Ã‚Ì‚½‚ßAƒŒƒCƒJ[ƒY‚ÌƒŒƒuƒƒ“EƒWƒF[ƒ€ƒY‚ªŸí‚ğŒ‡ê,https://news.yahoo.co.jp/articles/2a5c7bd16ba7ac7f330b55a956c0adee60b888ab,2/22(–Ø) 17:47
bballk,ƒoƒXƒPƒbƒgƒ{[ƒ‹ƒLƒ“ƒO,“ú–{‘ã•\E”nê—Y‘å‚ªƒOƒAƒ€í‚ğŒ‡êcJBA”­•\uƒRƒ“ƒfƒBƒVƒ‡ƒ“•s—Çv‚Ì‚½‚ß,https://news.yahoo.co.jp/articles/6203cb2157390431b689a4e4746e45d162301bd0,2/22(–Ø) 17:44
bballk,ƒoƒXƒPƒbƒgƒ{[ƒ‹ƒLƒ“ƒO,•xR‚ÆƒKƒhƒ\ƒ“‚ª‘o•û‡ˆÓ‚Ì‚à‚ÆŒ_–ñ‰ğœcƒ`[ƒ€Å‘½ƒAƒVƒXƒg‚ÌŠˆ–ô‚à“r’†‘Ş’c,https://news.yahoo.co.jp/articles/a1da13b602f9cda37b3f76fe69287a0eb48d2b34,2/22(–Ø) 17:24
bballk,ƒoƒXƒPƒbƒgƒ{[ƒ‹ƒLƒ“ƒO,NBAƒI[ƒ‹ƒXƒ^[2025‚ÍƒEƒHƒŠƒA[ƒY‚Ì–{‹’’nƒJƒŠƒtƒHƒ‹ƒjƒABƒTƒ“ƒtƒ‰ƒ“ƒVƒXƒR‚ÅŠJÃ,https://news.yahoo.co.jp/articles/a815d014056258c487496cd68a3f72621fe05fec,2/22(–Ø) 17:01
bballk,ƒoƒXƒPƒbƒgƒ{[ƒ‹ƒLƒ“ƒO,“ú–{‘å‚Ì’Â‰ª“•¶‚ª“Á•Êw’è‚Å‰z’J‚É‰Á“üuB1¸Ši‚ğ’B¬‚Å‚«‚é‚æ‚¤‘S—Ís‚­‚·v,https://news.yahoo.co.jp/articles/7624bbee977edddfe5e44cafee8fb0bb878e615c,2/22(–Ø) 16:41
bballk,ƒoƒXƒPƒbƒgƒ{[ƒ‹ƒLƒ“ƒO,ƒAƒWƒAƒJƒbƒv—\‘Iƒpƒ[ƒ‰ƒ“ƒLƒ“ƒO‚ªƒAƒbƒvƒf[ƒgc“ú–{‚ÍƒI[ƒXƒgƒ‰ƒŠƒA‚ÉŸ‚®2ˆÊ‚É,https://news.yahoo.co.jp/articles/46ce7994a5eec8abb0b454a58ed3d73ec83330b1,2/22(–Ø) 14:57
bballk,ƒoƒXƒPƒbƒgƒ{[ƒ‹ƒLƒ“ƒO,ƒxƒ“ƒWƒƒƒ~ƒ“Eƒ[ƒ\ƒ“‚ª“ú–{‹A‰»‚ÖcB3‚Å‚Ì“o˜^‹æ•ª‚ğu‹A‰»\¿’†‘Ièv‚É•ÏX,https://news.yahoo.co.jp/articles/e4b6c036fbd7d8d199c0a2e118ea98b16dfdab9e,2/22(–Ø) 14:35
bballk,ƒoƒXƒPƒbƒgƒ{[ƒ‹ƒLƒ“ƒO,FIBA‚ªƒAƒWƒAƒJƒbƒv—\‘I’–Ú‚Ìáè‘Iè‚ğĞ‰îc“ú–{‚©‚ç‚Íì“‡—IãÄ‚ÆO’JŒji˜N‚ª‘Io,https://news.yahoo.co.jp/articles/c96dbfb63bcb6f331c573db3c7678ee1f35ec8cd,2/22(–Ø) 13:54
bballk,ƒoƒXƒPƒbƒgƒ{[ƒ‹ƒLƒ“ƒO,“ú–{‘ã•\E‰Í‘º—E‹Pu‚Ç‚ê‚¾‚¯—Ç‚¢“à—e‚Å¬’·‚µ‚Ä‚¢‚¯‚é‚©v‘“à2˜Aí‚ÉˆÓ‹C‚İ,https://news.yahoo.co.jp/articles/bf89ba1889f7bd5fe6d24d0c464e892ee0997f50,2/22(–Ø) 13:15
bballk,ƒoƒXƒPƒbƒgƒ{[ƒ‹ƒLƒ“ƒO,•x‰iŒ[¶‚ªƒ`[ƒ€ƒnƒC20“¾“_c“G’n‚ÅƒCƒ“ƒfƒBƒAƒi‘åŠwŒ‚”j‚ÉvŒ£,https://news.yahoo.co.jp/articles/fbb65522cc897325bbe37d8c11c7bb6bae9d1922,2/22(–Ø) 12:44
bballk,ƒoƒXƒPƒbƒgƒ{[ƒ‹ƒLƒ“ƒO,V‚½‚ÈƒXƒ^[ƒg‚ğØ‚Á‚½‹“s¸‰ØŠw‰€cƒLƒƒƒvƒeƒ“‚Ì—Ñç—Ç‚Íuƒ`ƒƒƒŒƒ“ƒWƒƒ[‚Ì‹C‚¿‚Åv,https://news.yahoo.co.jp/articles/5621bd9f624a784ccd3ed1d895e021be9a7e76ec,2/22(–Ø) 12:30
bballk,ƒoƒXƒPƒbƒgƒ{[ƒ‹ƒLƒ“ƒO,ƒZƒoƒXƒ`ƒƒƒ“EƒTƒCƒY‚ªƒXƒyƒCƒ“‘ã•\ƒƒXƒ^[“ü‚ècƒ‹ƒrƒI‚Æ‚Æ‚à‚Éƒ†[ƒƒoƒXƒP—\‘I‚É—Õ‚Ş,https://news.yahoo.co.jp/articles/9150892950ca94dddb2e93ee7bf9984bf323f5ae,2/22(–Ø) 12:17
bballk,ƒoƒXƒPƒbƒgƒ{[ƒ‹ƒLƒ“ƒO,ƒgƒŒƒCEƒ„ƒ“ƒO‚ªƒLƒƒƒŠƒA•½‹ÏƒAƒVƒXƒg‚ÅŒ»–ğƒgƒbƒv‚É/‹…‰ƒ‘O“_‚ÌŒŠÔƒ‰ƒ“ƒLƒ“ƒO,https://news.yahoo.co.jp/articles/7600fae4193df6e84ad13485b7e6403ca95170bb,2/22(–Ø) 12:14
bballk,ƒoƒXƒPƒbƒgƒ{[ƒ‹ƒLƒ“ƒO,–{—ˆ‚ÌŠ´Šo‚ª–ß‚Á‚Ä‚«‚½ƒfƒBƒtƒFƒ“ƒXElE“à”ö‘Øcu‚±‚Ìƒƒ“ƒo[‚Å—DŸ‚µ‚½‚¢v,https://news.yahoo.co.jp/articles/0ea9163f7ed6696e1eaf3ca693153bc8527a27e7,2/22(–Ø) 12:00
bballk,ƒoƒXƒPƒbƒgƒ{[ƒ‹ƒLƒ“ƒO,gŒƒ‚µ‚³h‚ğŒ‡‚¢‚½ƒI[ƒ‹ƒXƒ^[‚É‘Iè‚½‚¿‚à”½‰u‚¢‚ë‚ñ‚ÈŠ´î‚ª“ü‚è¬‚¶‚Á‚Ä‚¢‚év,https://news.yahoo.co.jp/articles/c3d8baa98af531a35486ff192083345b6ab7ec89,2/22(–Ø) 11:09
bballk,ƒoƒXƒPƒbƒgƒ{[ƒ‹ƒLƒ“ƒO,yB2‘æ23ß Œ©‚Ç‚±‚ëz’–Ú‚ÍÃ‰ªvsˆ¤•Q‚ÌgƒIƒŒƒ“ƒWƒ_[ƒr[hc¡Œã‚ğè‚¤d—v‚È˜Aí‚É,https://news.yahoo.co.jp/articles/9283fb5197457191b850d29fcbf8c9d47892a9c5,2/22(–Ø) 11:00
bballk,ƒoƒXƒPƒbƒgƒ{[ƒ‹ƒLƒ“ƒO,ƒEƒFƒXƒgñˆÊ‚ÌƒEƒ‹ƒuƒY‚ªƒxƒeƒ‰ƒ“i—ß“ƒƒ}ƒCƒNEƒRƒ“ƒŠ[‚Æ‚Ì‰„’·Œ_–ñ‚É‡ˆÓ,https://news.yahoo.co.jp/articles/62e934f6bd0a5bc4209b2d878ddf570c1333239f,2/22(–Ø) 9:23
bballk,ƒoƒXƒPƒbƒgƒ{[ƒ‹ƒLƒ“ƒO,•Ÿ‰ª‘æˆê‚ª‘S‘‘å‰ï—DŸj‰ê‰ï‚ğŠJÃcˆäèŒûƒR[ƒ`‚Íu•Ÿ‰ª‘æˆê‚É—ˆ‚Ä‚­‚ê‚Ä‚ ‚è‚ª‚Æ‚¤v‚ÆŠ´Ó,https://news.yahoo.co.jp/articles/686a08c66317abe17a67e2a9faeabc3369172c9a,2/22(–Ø) 7:30
bballk,ƒoƒXƒPƒbƒgƒ{[ƒ‹ƒLƒ“ƒO,NBAƒI[ƒ‹ƒXƒ^[2024‚Å‚¨”â˜I–Ú‚³‚ê‚½ƒxƒXƒgƒXƒj[ƒJ[3‘IcÕ“T‚ğÊ‚éŒÀ’èƒ‚ƒfƒ‹,https://news.yahoo.co.jp/articles/8d60cbc95004810632ef9be7bf70885fe14fa9c2,2/22(–Ø) 7:00
bballk,ƒoƒXƒPƒbƒgƒ{[ƒ‹ƒLƒ“ƒO,ƒoƒXƒP“ú–{‘ã•\‚ªƒOƒAƒ€í‚ÌƒƒXƒ^[12–¼”­•\c‰‘Io‚ÌƒnƒŒƒ‹ƒ\ƒ“‚ªƒfƒrƒ…[‚Ö,https://news.yahoo.co.jp/articles/49c2f8672fe4b3116257fadd412b47df13e0a2cf,2/21(…) 21:31
bballk,ƒoƒXƒPƒbƒgƒ{[ƒ‹ƒLƒ“ƒO,BƒŠ[ƒO‚ÌgNBLQíh‚Å‘ã•\‹­‰»‚ğcÚ×–¢’è‚à“‡“cƒ`ƒFƒAƒ}ƒ“uŠy‚µ‚İ‚É‚µ‚Ä‚à‚ç‚¢‚½‚¢v,https://news.yahoo.co.jp/articles/3ca294a2d81ba2bb2c56800e7f638cccbbef8fbc,2/21(…) 20:41
bballk,ƒoƒXƒPƒbƒgƒ{[ƒ‹ƒLƒ“ƒO,ƒAƒs[ƒ‹‚Ìƒ`ƒƒƒ“ƒX‚ğ‚Â‚©‚ñ‚¾¡‘º‰À‘¾u©•ª‚ÌƒvƒŒ[‚ğ‚¢‚©‚É•\Œ»‚Å‚«‚é‚©v,https://news.yahoo.co.jp/articles/b1bd4e65cd46b2602598ab239b1db44a5a390b18,2/21(…) 20:11
bballk,ƒoƒXƒPƒbƒgƒ{[ƒ‹ƒLƒ“ƒO,ƒz[ƒoƒXHC‚ªƒAƒWƒA”t—\‘I‚Å‚Ì‘Iè‹N—p‚ÉŒ¾‹yuƒƒCƒ“ƒƒ“ƒo[‚à‚¢‚ê‚ÎAá‚¢ƒƒ“ƒo[‚à‚¢‚Ü‚·v,https://news.yahoo.co.jp/articles/b166aeda279de4432a3da5f2f2891a31dd45c620,2/21(…) 19:20
bballk,ƒoƒXƒPƒbƒgƒ{[ƒ‹ƒLƒ“ƒO,Šâè‚Ìg“¾“_‰¤hƒNƒ‰ƒ€ƒ|ƒ‹‚ªƒCƒ“ƒWƒ…ƒAƒŠ[ƒŠƒXƒg“ü‚ècu¶‘O‹—äCèÕ‘Ñ‘¹v‚Ì‚½‚ßíü—£’E,https://news.yahoo.co.jp/articles/6b089b7f17c478f949a74ce18c3441847d87dae3,2/21(…) 16:13
bballk,ƒoƒXƒPƒbƒgƒ{[ƒ‹ƒLƒ“ƒO,‹’®Ò”’á–À‚ÌƒI[ƒ‹ƒXƒ^[AjãÅ’á‚Ì‘O”N‚©‚ç14“‰ñ•œ‚àˆË‘Rƒ[ƒXƒg2ˆÊ,https://news.yahoo.co.jp/articles/d2b6c573694c00daa7b6a772e152b08215217e47,2/21(…) 15:30
bballk,ƒoƒXƒPƒbƒgƒ{[ƒ‹ƒLƒ“ƒO,NHKBS‚ÅƒoƒXƒP—q“ú–{‘ã•\‚Ì–§’…ƒhƒLƒ…ƒƒ“ƒ^ƒŠ[•ú‘—Œˆ’ècƒpƒŠŒÜ—Ö—\‘I‚ÌŒƒ“¬‚É”—‚é,https://news.yahoo.co.jp/articles/c9fccc94a5f22a18677a62f32144a8ed2babe85c,2/21(…) 15:14
bballk,ƒoƒXƒPƒbƒgƒ{[ƒ‹ƒLƒ“ƒO,ƒEƒFƒ“ƒoƒ“ƒ„ƒ}‚ªƒ‹ƒCEƒ”ƒBƒgƒ“‚ÌƒAƒ“ƒoƒTƒ_[A”CcNBAƒhƒ‰ƒtƒg‚Å’…—p‚µ‚½gŠ‹É‚Ìˆê’…h”é˜b–¾‚©‚·,https://news.yahoo.co.jp/articles/c8728d18f67ba3abe4c227427fefeb9d06cdd0ae,2/21(…) 14:22
bballk,ƒoƒXƒPƒbƒgƒ{[ƒ‹ƒLƒ“ƒO,‘å—Ê“¾“_‚Éu‚à‚Á‚Æ^Œ•Ÿ•‰‚ğv‚ÌºcƒŒƒWƒFƒ“ƒh‚ªŒê‚éNBAƒI[ƒ‹ƒXƒ^[‰ü‘Pô,https://news.yahoo.co.jp/articles/0bb9e452929eb4f2c90d93aea05b5686e3367cec,2/21(…) 13:27
bballk,ƒoƒXƒPƒbƒgƒ{[ƒ‹ƒLƒ“ƒO,ƒUƒ€ƒXƒg‚ª—®‹…‚ÆƒIƒtƒBƒVƒƒƒ‹ƒp[ƒgƒi[Œ_–ñ’÷Œ‹cgˆ¤—p’†h‚Ì¡‘º‰À‘¾u‚È‚­‚Ä‚Í‚È‚ç‚È‚¢‘¶İv,https://news.yahoo.co.jp/articles/69114301771bb3f11840f60aa498ec7807fdc7da,2/21(…) 13:02
bballk,ƒoƒXƒPƒbƒgƒ{[ƒ‹ƒLƒ“ƒO,u©‘R‚Æo‚½vƒlƒuƒ‰ƒXƒJ‘å•x‰ig˜a»ƒJƒŠ[h‚È‚ç‚Å‚Í‚ÌƒZƒŒƒuƒŒ[ƒVƒ‡ƒ“‚ğŒê‚é,https://news.yahoo.co.jp/articles/d5bfb46f193f1cd22a8f6754d17980cc7f585615,2/21(…) 12:15
bballk,ƒoƒXƒPƒbƒgƒ{[ƒ‹ƒLƒ“ƒO,‰¡•lBC‚Ìgƒ`ƒPƒbƒg‰¿Ših‚É“‡“cƒ`ƒFƒAƒ}ƒ“‚ªŒ©‰ğuŠî–{‚Íù—v‚Æ‹Ÿ‹‹‚ÉŠî‚Ã‚­‚Ì‚ª‘O’ñv,https://news.yahoo.co.jp/articles/cfa1e7cc80c384df6732c0af0b7e954ab502ba42,2/20(‰Î) 18:39
bballk,ƒoƒXƒPƒbƒgƒ{[ƒ‹ƒLƒ“ƒO,WƒŠ[ƒOƒI[ƒ‹ƒXƒ^[oê36‘Iè‚ªŒˆ’ècƒtƒŒƒbƒVƒ…‹…‰ƒ‚Æƒ_ƒuƒ‹‘Io‚ÌV¯‚à,https://news.yahoo.co.jp/articles/69f425b9bac0fafe91ba1b5a4955a55927172516,2/20(‰Î) 16:05
bballk,ƒoƒXƒPƒbƒgƒ{[ƒ‹ƒLƒ“ƒO,3x3’jq“ú–{‘ã•\‚Ì‡hƒƒ“ƒo[”­•\c—‡AƒPƒlƒfƒB‚çƒpƒŠŒÜ—Ö‚ğ–Úw‚µWŒ‹,https://news.yahoo.co.jp/articles/68f5fcc472c4b070c072837b9c411cd5e084d83f,2/20(‰Î) 12:45
bballk,ƒoƒXƒPƒbƒgƒ{[ƒ‹ƒLƒ“ƒO,B3‰¡•lƒGƒNƒZƒŒƒ“ƒX‚ÌƒNƒ‰ƒ”ƒXEƒ`ƒƒƒoƒ‹ƒX‚ªƒ‰ƒgƒrƒA‘ã•\ƒƒ“ƒo[“ü‚èuƒvƒŒ[‚Å‚«‚é‚±‚Æ‚ªŠy‚µ‚İv,https://news.yahoo.co.jp/articles/50eebf116cb18b0abc965377dd697c7523391062,2/20(‰Î) 11:38
bballk,ƒoƒXƒPƒbƒgƒ{[ƒ‹ƒLƒ“ƒO,ƒC[ƒXƒg11ˆÊ‚Ìƒlƒbƒc‚ªƒ{[ƒ“HC‚ğ‰ğ”Cc3‹G‚Å71Ÿ68”sAğ‹G‚Í“nç²—Y‘¾‚àwŠö,https://news.yahoo.co.jp/articles/c48b15337db2c923b3d06203143269805ae72748,2/20(‰Î) 10:48
bballk,ƒoƒXƒPƒbƒgƒ{[ƒ‹ƒLƒ“ƒO,ƒoƒXƒP“Vc”t‚ÌŒˆŸƒ`ƒPƒbƒg‚ªŠ®”„cgˆê”Ê”Ì”„h‘O‚É’Ê’mA’¸ãŒˆí‚É’–Ú,https://news.yahoo.co.jp/articles/e0bb6ac5c6b1ecfbb348f82f367d66007a33a578,2/19(Œ) 20:13
bballk,ƒoƒXƒPƒbƒgƒ{[ƒ‹ƒLƒ“ƒO,B2¼’n‹æñˆÊ‚ÆD’²‚ğˆÛ‚·‚é ‰êcƒL[ƒtƒ@[Eƒ‰ƒxƒiu‘Sˆõ‚ªƒ`[ƒ€‚Ì‚½‚ß‚Év,https://news.yahoo.co.jp/articles/9525602055b28d96f7a3bc29ddd9f8907e9187da,2/19(Œ) 19:10
bballk,ƒoƒXƒPƒbƒgƒ{[ƒ‹ƒLƒ“ƒO,B2ñˆÊ‚àƒAƒ‹ƒeƒB[ƒŠç—t‚É–û’f‚È‚µc™–{ŒcuB1¸Ši’B¬‚Ì‚½‚ß‚É‹C‚ğ”²‚©‚¸v,https://news.yahoo.co.jp/articles/7915012386d9d882188d9818fe60a0daab737ba1,2/19(Œ) 18:11
bballk,ƒoƒXƒPƒbƒgƒ{[ƒ‹ƒLƒ“ƒO,u‚±‚Ì6”NŠÔAƒŒƒCƒJ[‚Å‚¢‚ç‚ê‚Äƒnƒbƒs[‚¾v‚ÆŒê‚Á‚½ƒŒƒuƒƒ“‚ª¡Œã‚É‚Â‚¢‚Ä‚à”­Œ¾,https://news.yahoo.co.jp/articles/1e8c8cd2445dac9b35a7f4500518dfe8c06ca205,2/19(Œ) 18:10
bballk,ƒoƒXƒPƒbƒgƒ{[ƒ‹ƒLƒ“ƒO,–¼ŒÃ‰®D‚Ìƒ`[ƒ€“¾“_‰¤Aƒƒo[ƒgEƒtƒ‰ƒ“ƒNƒX‚ªIL“ü‚èc¶è‚ÌœÜ‚Å‘S¡–¢’è‚É,https://news.yahoo.co.jp/articles/0b7dbf579578a410289cae3ef3df6d0a206ba2a7,2/19(Œ) 17:03
bballk,ƒoƒXƒPƒbƒgƒ{[ƒ‹ƒLƒ“ƒO,U18“ú–{‘ã•\‚Ì‡hQ‰Áƒƒ“ƒo[”­•\cgBƒfƒrƒ…[h“nç³—à‰¹‚â14Î”’’J’Œ½ƒWƒƒƒbƒN‚ç—L–]Š”17–¼,https://news.yahoo.co.jp/articles/63f54fc2e4f795a0e30b9fd60593dedf4088b628,2/19(Œ) 16:50
bballk,ƒoƒXƒPƒbƒgƒ{[ƒ‹ƒLƒ“ƒO,–¼ŒÃ‰®D‚Ì’£–{“VŒ†‚ªIL–•Ác‘åƒPƒKæ‚è‰z‚¦–ñ10ƒJŒ‚Ô‚èÀí•œ‹A‚Ö,https://news.yahoo.co.jp/articles/d22750ef29ed2cd1b5296c680d855e8841c2461f,2/19(Œ) 15:57
bballk,ƒoƒXƒPƒbƒgƒ{[ƒ‹ƒLƒ“ƒO,ƒEƒFƒ“ƒoƒ“ƒ„ƒ}‚ª‰‚ÌƒI[ƒ‹ƒXƒ^[‚ğ‘Š‡c3ƒ|ƒCƒ“ƒg•ƒ_ƒ“ƒNƒRƒ“ƒeƒXƒgQ‰Á‚É‚àˆÓ—~,https://news.yahoo.co.jp/articles/b2b65f54611b411ffd7c1966cc82d4e763653021,2/19(Œ) 15:12
bballk,ƒoƒXƒPƒbƒgƒ{[ƒ‹ƒLƒ“ƒO,ŠJÃ’n‚ÌgŠçh‚Æ‚µ‚ÄƒI[ƒ‹ƒXƒ^[‚ğ·‚èã‚°‚½ƒnƒŠƒo[ƒgƒ“u¡‚Ü‚Å‚Åˆê”Ô‚ÌT––v,https://news.yahoo.co.jp/articles/d5073888c229764410e227bd49fd8fb78a2cdcf1,2/19(Œ) 14:50
bballk,ƒoƒXƒPƒbƒgƒ{[ƒ‹ƒLƒ“ƒO,NBAƒI[ƒ‹ƒXƒ^[ƒQ[ƒ€A—ğ‘ãÅ‚“¾“_‚ğ‹L˜^‚µ‚½ƒC[ƒXƒg‚ªŸ—˜cMVP‚ÍƒŠƒ‰[ƒh,https://news.yahoo.co.jp/articles/20f3540cc6da3f0daf5fcd45eaad191dfa1c152f,2/19(Œ) 13:13
bballk,ƒoƒXƒPƒbƒgƒ{[ƒ‹ƒLƒ“ƒO,Ÿ—¦9Š„’´‚¦‚ÌƒAƒ‹ƒeƒB[ƒŠç—t‚ª2‘å‰ï˜A‘±2‰ñ–Ú‚ÌB2ƒvƒŒ[ƒIƒtoê‚ğŒˆ‚ß‚é,https://news.yahoo.co.jp/articles/1bdec010869cc0179d259b672c43296a8f8535ce,2/19(Œ) 13:11
bballk,ƒoƒXƒPƒbƒgƒ{[ƒ‹ƒLƒ“ƒO,yƒAƒ“ƒP[ƒgŒ‹‰ÊzB.LEAGUE 2023|24ƒV[ƒYƒ“‘O”¼í‚ÅÅ‚àˆóÛ“I‚ÈƒgƒsƒbƒN‚ÍH,https://news.yahoo.co.jp/articles/a3f3144d2c4ff2677652a66bf0c0ac350b818e66,2/19(Œ) 13:00
bballk,ƒoƒXƒPƒbƒgƒ{[ƒ‹ƒLƒ“ƒO,ƒŒƒuƒƒ“EƒWƒF[ƒ€ƒY‚ªƒpƒŠƒIƒŠƒ“ƒsƒbƒN‚ÉŒü‚¯‚Ä”­Œ¾u‰´‚ªŒ’N‘Ì‚Å‚ ‚é‚±‚Æ‚ª‘O’ñv,https://news.yahoo.co.jp/articles/655554f8577fa2903d2ac0a40805ed41b09898be,2/19(Œ) 12:58
bballk,ƒoƒXƒPƒbƒgƒ{[ƒ‹ƒLƒ“ƒO,“Œ’n‹æñˆÊ‚ÌAç—t‚ª12˜AŸ‚ğü‚éc¼’n‹æñˆÊ‚Ì ‰ê‚à4˜AŸ‚É/‘æ22ß B2‡Œ‹‰Ê,https://news.yahoo.co.jp/articles/0c5ee64a0093f06a4a137726b1a9636935600e21,2/19(Œ) 12:28
bballk,ƒoƒXƒPƒbƒgƒ{[ƒ‹ƒLƒ“ƒO,3ƒ|ƒCƒ“ƒgƒRƒ“ƒeƒXƒg˜A”e‚ÌƒŠƒ‰[ƒhuŸ—˜‚Ì”éŒ‚Í‘S‚­€”õ‚µ‚È‚¢‚±‚Æv,https://news.yahoo.co.jp/articles/50ee4c3b28ab5c23fe6e0e1da911fc42a8a06fd0,2/19(Œ) 12:04
bballk,ƒoƒXƒPƒbƒgƒ{[ƒ‹ƒLƒ“ƒO,ƒjƒRƒ‰EƒˆƒLƒbƒ`‚ªŒê‚Á‚½ˆê‚ÉƒvƒŒ[‚µ‚Ä‚İ‚½‚©‚Á‚½Œ³NBA‘Iè‚Æ‚ÍH,https://news.yahoo.co.jp/articles/8597ddff0138164d85ac722b5cc347b331c7b108,2/19(Œ) 12:01
bballk,ƒoƒXƒPƒbƒgƒ{[ƒ‹ƒLƒ“ƒO,ƒI[ƒ‹ƒXƒ^[‚ÅƒEƒFƒXƒg‚ÌƒŠƒU[ƒuw‚ÉWŒ‹‚µ‚½g5l‚ÌƒAƒ“ƒ\ƒj[h‚Æ‚ÍH,https://news.yahoo.co.jp/articles/37fbd8a2ac9105d37d4592d972910f6d13660a30,2/19(Œ) 10:59
bballk,ƒoƒXƒPƒbƒgƒ{[ƒ‹ƒLƒ“ƒO,Œp‘±‚³‚ê‚éƒoƒXƒP—q“ú–{‘ã•\‚ÌƒŒƒKƒV[‚Æ‘–‚èŸ‚ÂƒXƒ^ƒCƒ‹‚ÅŒÜ—ÖØ•„Šl“¾,https://news.yahoo.co.jp/articles/9b8dffee6f343cb5e905dd4af6d0c5f82c40eb03,2/19(Œ) 7:30
bballk,ƒoƒXƒPƒbƒgƒ{[ƒ‹ƒLƒ“ƒO,–kŠC“¹‚Ìƒ_ƒ‰ƒ‹EƒEƒBƒŠƒXƒWƒ…ƒjƒA‚ªƒ†[ƒƒoƒXƒPƒbƒg—\‘I‚ÉŒü‚¯‚½ƒLƒvƒƒX‘ã•\Œó•â‚É,https://news.yahoo.co.jp/articles/a31560bd855bc05f49780504633e811aef7bfdd8,2/18(“ú) 19:29
bballk,ƒoƒXƒPƒbƒgƒ{[ƒ‹ƒLƒ“ƒO,‹ß‹EVl‘å‰ï‚Å‹“s¸‰ØŠw‰€‚ªƒAƒxƒbƒN—DŸc’jq‚Í“ŒRA—q‚Í‘åãŒO‰p‚ª€—DŸ‚É,https://news.yahoo.co.jp/articles/b113d139709a0ad096d937a17e450e2d4565f2f3,2/18(“ú) 18:59
bballk,ƒoƒXƒPƒbƒgƒ{[ƒ‹ƒLƒ“ƒO,D’²‚ğˆÛ‚·‚é•x‰iŒ[¶‚ªƒQ[ƒ€ƒnƒC‚Ì17“¾“_c‰õŸ‚Ìƒlƒuƒ‰ƒXƒJ‘å‚Í2˜AŸ‚ğü‚é,https://news.yahoo.co.jp/articles/e8c3e02f35b873f354842bb1a833e0ad9f627e79,2/18(“ú) 17:19
bballk,ƒoƒXƒPƒbƒgƒ{[ƒ‹ƒLƒ“ƒO,5”N‚Ô‚è‚ÉƒI[ƒ‹ƒXƒ^[ƒQ[ƒ€‚Öoê‚·‚éƒPƒrƒ“Eƒfƒ…ƒ‰ƒ“ƒg‚ªŒê‚Á‚½gƒŒƒKƒV[h‚Æ‚ÍH,https://news.yahoo.co.jp/articles/fbaa4f1c6d083306c529759af2b8c0083d5ac525,2/18(“ú) 16:44
bballk,ƒoƒXƒPƒbƒgƒ{[ƒ‹ƒLƒ“ƒO,ƒ}ƒbƒNEƒ}ƒNƒ‰ƒ“ƒO‚ªjã5l–Ú‚Æ‚È‚éƒXƒ‰ƒ€ƒ_ƒ“ƒNƒRƒ“ƒeƒXƒg2˜A”e‚ğ’B¬,https://news.yahoo.co.jp/articles/9bd2e205e2503928e8b0eb0e7bf92b05c87914c6,2/18(“ú) 16:34
bballk,ƒoƒXƒPƒbƒgƒ{[ƒ‹ƒLƒ“ƒO,ƒXƒeƒtƒBƒ“EƒJƒŠ[‚ªWNBA‚ÌƒTƒuƒŠƒiEƒˆƒlƒXƒN[‚Æ‚Ì3ƒ|ƒCƒ“ƒg‘ÎŒˆ‚ÉŸ—˜,https://news.yahoo.co.jp/articles/19f6ef431ab503ad1fa089bcdf386b8c9c9fa0a9,2/18(“ú) 15:35
bballk,ƒoƒXƒPƒbƒgƒ{[ƒ‹ƒLƒ“ƒO,wƒfƒCƒ€Eƒ^ƒCƒ€x”­“®cƒŠƒ‰[ƒh‚ªÚí‚Ì3ƒ|ƒCƒ“ƒgƒRƒ“ƒeƒXƒg‚ğ§‚µ‚Ä2˜A”e’B¬,https://news.yahoo.co.jp/articles/6caa1f8a0a74efc44ba60464c910147c8f3ae30a,2/18(“ú) 15:01
bballk,ƒoƒXƒPƒbƒgƒ{[ƒ‹ƒLƒ“ƒO,ƒnƒŠƒo[ƒgƒ“‚ªŒû‚É‚µ‚½ƒpƒŠƒIƒŠƒ“ƒsƒbƒN‚Ö‚Ìv‚¢u–l‚É‚Æ‚Á‚Ä‚Í‚©‚¯‚ª‚¦‚Ì‚È‚¢‚±‚Æv,https://news.yahoo.co.jp/articles/a2116ee7f1ce7acfa66bfa7a9f9cc5a68e862287,2/18(“ú) 14:55
bballk,ƒoƒXƒPƒbƒgƒ{[ƒ‹ƒLƒ“ƒO,ƒnƒŠƒo[ƒgƒ“‚Ìƒ‰ƒXƒgƒVƒ‡ƒbƒg‚ªŒˆ‚Ü‚èuƒ`[ƒ€EƒyƒCƒT[ƒYv‚ªƒXƒLƒ‹ƒYƒ`ƒƒƒŒƒ“ƒW§”e,https://news.yahoo.co.jp/articles/17c01d3585691a7ef1843b45ddc0900d40e8064d,2/18(“ú) 14:26
bballk,ƒoƒXƒPƒbƒgƒ{[ƒ‹ƒLƒ“ƒO,ƒPƒK‚ÅŒ‡ê‚ÌƒGƒ“ƒr[ƒh‚É‘ã‚í‚èAƒq[ƒg‚Ìƒoƒ€EƒAƒfƒoƒˆ‚ªƒI[ƒ‹ƒXƒ^[‚Åæ”­oê,https://news.yahoo.co.jp/articles/80f5cd68b5689a159b6d46dfeced80eb47e0ba03,2/18(“ú) 9:42
bballk,ƒoƒXƒPƒbƒgƒ{[ƒ‹ƒLƒ“ƒO,ƒXƒeƒB[ƒuEƒJ[HC‚ª’ÊZ500ŸcNBAƒ`[ƒ€‚ÌwŠöŠ¯‚Æ‚µ‚Ä5”Ô–Ú‚ÌÅ‘¬‹L˜^,https://news.yahoo.co.jp/articles/b7b98e2020463ad217e01693be53b278573c4af4,2/18(“ú) 9:32
bballk,ƒoƒXƒPƒbƒgƒ{[ƒ‹ƒLƒ“ƒO,ƒyƒCƒT[ƒYOB‚ÌƒŒƒW[Eƒ~ƒ‰[‚ªƒnƒŠƒo[ƒgƒ“‚ÉŠú‘Òu”Ş‚Í‚İ‚ñ‚È‚ğ’cŒ‹‚³‚¹‚é‚ñ‚¾v,https://news.yahoo.co.jp/articles/5ebde6f0b9a439276d3504131954f336f2a88602,2/17(“y) 18:59
bballk,ƒoƒXƒPƒbƒgƒ{[ƒ‹ƒLƒ“ƒO,–ñ12”N‚Ô‚è‚Ìƒxƒ“ƒ`oê‚Å35“¾“_‚Æ”š”­‚µ‚½ƒgƒ“ƒvƒ\ƒ“u‚·‚²‚­‚¢‚¢d–‚ª‚Å‚«‚½v,https://news.yahoo.co.jp/articles/62acfb98b4b0e161bab380bf7d51abd9962daa58,2/17(“y) 17:54
bballk,ƒoƒXƒPƒbƒgƒ{[ƒ‹ƒLƒ“ƒO,ƒhƒ‰ƒCƒu‚ğ•Ší‚ÉƒAƒWƒA”t—\‘I‚Öc”»’f—Í‚É–‚«‚ğ‚©‚¯‚½ì“‡—IãÄu‘_‚¦‚é‚Æ‚«‚Í‘S•”s‚­v,https://news.yahoo.co.jp/articles/a0de1b14355f859d2fbaad9e74fa82050408132e,2/17(“y) 16:58
bballk,ƒoƒXƒPƒbƒgƒ{[ƒ‹ƒLƒ“ƒO,ƒ‰ƒCƒWƒ“ƒOƒXƒ^[ƒY2˜A”e•MVP’B¬‚ÌƒxƒlƒfƒBƒNƒgEƒ}ƒTƒŠƒ“u‚ ‚ÌŠ½º‚ÍŠi•Ê‚¾‚Ëv,https://news.yahoo.co.jp/articles/b351b7d3c52510faffc81be17d0429a81ec67453,2/17(“y) 16:00
bballk,ƒoƒXƒPƒbƒgƒ{[ƒ‹ƒLƒ“ƒO,ƒAƒWƒA”t—\‘IE’†‘‚ÆŒƒ“Ë‚·‚é“ú–{cƒxƒeƒ‰ƒ“‚Ì”ä]“‡T‚Íu—\‘I‚Å‚â‚ê‚é‚Ì‚Í—Ç‚¢‹@‰ïv,https://news.yahoo.co.jp/articles/1f7f1dc30ad58cf11aed1b2b1a1ae9b0268b70f1,2/17(“y) 13:56
bballk,ƒoƒXƒPƒbƒgƒ{[ƒ‹ƒLƒ“ƒO,ƒ‰ƒCƒWƒ“ƒOƒXƒ^[ƒY—DŸ‚Íƒ`[ƒ€EƒWƒFƒCƒŒƒ“c’nŒ³‚ÌƒxƒlƒfƒBƒNƒgEƒ}ƒTƒŠƒ“‚ªMVP‚É‘IoI,https://news.yahoo.co.jp/articles/b2fb5711ae967837ab94d9c621615e2ac58b8b0e,2/17(“y) 13:36
bballk,ƒoƒXƒPƒbƒgƒ{[ƒ‹ƒLƒ“ƒO,ƒAƒWƒA”t—\‘I‚É—Õ‚Ş‰Í‘º—E‹Puƒ`[ƒ€‚ª¬’·‚Å‚«‚é2‡‚Évcğ”N‚ÌW”t‚Å‚Í¢ŠE‹üw‚ÌƒK[ƒh‚Æ‘Î›³,https://news.yahoo.co.jp/articles/6d072f162f1329f37a9157cedc5fac1b3a19cbf4,2/17(“y) 12:02
bballk,ƒoƒXƒPƒbƒgƒ{[ƒ‹ƒLƒ“ƒO,g“ú‚ÌŠÛí˜AhƒEƒCƒ“ƒO‚Ì”nê—Y‘åcƒAƒWƒAƒJƒbƒv—\‘I‚Íu‚Ü‚¸‚ÍƒƒXƒ^[“ü‚è‚ª–Ú•Wv,https://news.yahoo.co.jp/articles/754af5945a8e3b6a43ee9bfec1dd424ddb6edcae,2/17(“y) 10:52
bballk,ƒoƒXƒPƒbƒgƒ{[ƒ‹ƒLƒ“ƒO,ƒrƒ“ƒXEƒJ[ƒ^[‚âƒ`ƒƒƒEƒ“ƒV[Eƒrƒ‰ƒbƒvƒX‚ç‚ª‘Io/2024”N“a“°“ü‚èÅIŒó•â,https://news.yahoo.co.jp/articles/03c774f99a3ade986be96a168eccf3ecc937102e,2/17(“y) 10:49
bballk,ƒoƒXƒPƒbƒgƒ{[ƒ‹ƒLƒ“ƒO,ƒfƒBƒtƒFƒ“ƒX‚É’è•]‚ª‚ ‚éƒfƒƒ“Eƒ‰ƒCƒg‚ªƒEƒBƒU[ƒY‚ÆƒoƒCƒAƒEƒg‡ˆÓcƒq[ƒg‚ÆŒ_–ñ‚Ö,https://news.yahoo.co.jp/articles/4f80313f5d16eaf97fb0281ca655816274cce69b,2/17(“y) 10:42
bballk,ƒoƒXƒPƒbƒgƒ{[ƒ‹ƒLƒ“ƒO,B1MB‚ÌƒTƒCƒ‚ƒ“‘ñŠC‚ªƒOƒAƒ€‘ã•\‚É‘IocƒAƒWƒA”t—\‘I‚Å“ú–{‘ã•\‚Æ‘Îí‚Ö,https://news.yahoo.co.jp/articles/907c33a678461327e50db15d9e624063b7eed35e,2/16(‹à) 21:01
bballk,ƒoƒXƒPƒbƒgƒ{[ƒ‹ƒLƒ“ƒO,ƒAƒWƒA”t—\‘I‚ğT‚¦‚égƒz[ƒoƒXƒWƒƒƒpƒ“h‚ªÄn“®cƒpƒŠŒÜ—Ö‚Ì–Ú•W‚Íu2Ÿƒ‰ƒEƒ“ƒhiov,https://news.yahoo.co.jp/articles/07bb6ab88a7f7ae0a0e3b571025f3f11587330f8,2/16(‹à) 19:57
bballk,ƒoƒXƒPƒbƒgƒ{[ƒ‹ƒLƒ“ƒO,”n‰ZƒGƒuƒŠƒ“u¶‚«‚½S’n‚ª‚µ‚Ü‚¹‚ñ‚Å‚µ‚½vŠR‚Á‚Õ‚¿‚Å•ø‚¢‚Ä‚¢‚½“ú–{ƒoƒXƒPŠE‚Ö‚Ìv‚¢,https://news.yahoo.co.jp/articles/9e18e9d55e8c8b495754dcee26133e351b0f7a78,2/16(‹à) 19:08
bballk,ƒoƒXƒPƒbƒgƒ{[ƒ‹ƒLƒ“ƒO,BƒŠ[ƒO1Œ“x‚ÌŒŠÔMVP‚Íç—tJƒ€[ƒj[c•½‹Ï19.5“¾“_‚Å–³8˜AŸuŒ´“®—Í‚É‚È‚Á‚½v,https://news.yahoo.co.jp/articles/f3cea5fdad7df933ee8434f30a4713b05f8a24a5,2/16(‹à) 17:30
bballk,ƒoƒXƒPƒbƒgƒ{[ƒ‹ƒLƒ“ƒO,ƒsƒXƒgƒ“ƒY‚ÌƒXƒ`ƒ…ƒ[ƒg‚ª–\s—e‹^‚Å‘ß•ßc‡‘O‚É‘Îí‘Šè‚ÌƒTƒ“ƒY‘Iè‚ğ‰£‘Å‚µ‚½‹^‚¢,https://news.yahoo.co.jp/articles/ff0d1099ddf728eca0f6a963faccca62b92fb1ea,2/16(‹à) 16:30
bballk,ƒoƒXƒPƒbƒgƒ{[ƒ‹ƒLƒ“ƒO,B2ÂX‚Ì‚Œ´HC‚ªu‹Ö~–€‚Ö‚Ì’ïGv‚ÅŒ_–ñ‰ğœcB1¸Ši–Úw‚·‚È‚©u20”N—ˆ‚Ì—FlvGM‚àˆøÓ«”C,https://news.yahoo.co.jp/articles/4663b93b0b807facf94ff317d268a1fc8bc8ef60,2/16(‹à) 16:05
bballk,ƒoƒXƒPƒbƒgƒ{[ƒ‹ƒLƒ“ƒO,ˆïéƒƒ{ƒbƒc‚ªƒ‹[ƒNEƒƒC‚Æ‘IèŒ_–ñ’÷Œ‹cƒuƒ‰ƒCƒAƒ“EƒRƒ“ƒNƒŠƒ“‚ÍIL“ü‚è‚Ö,https://news.yahoo.co.jp/articles/113dbaa54032606e90e8a61812e83f59df6bf0ad,2/16(‹à) 15:57
bballk,ƒoƒXƒPƒbƒgƒ{[ƒ‹ƒLƒ“ƒO,“‡ªEˆÀ“¡¾Æ‚ª“ú–{‘ã•\‡h‚É•sQ‰Ác‹¦‰ï”­•\uƒRƒ“ƒfƒBƒVƒ‡ƒ“•s—Ç‚Ì‚½‚ßv,https://news.yahoo.co.jp/articles/89ec8403159b4b80e728832b2334f3c5c13d47de,2/16(‹à) 15:19
bballk,ƒoƒXƒPƒbƒgƒ{[ƒ‹ƒLƒ“ƒO,ƒOƒŠƒYƒŠ[ƒY‚ª‹­‹ƒoƒbƒNƒX‚ğ”j‚è2˜AŸc“nç²‚Í1ƒŠƒoƒEƒ“ƒh1ƒAƒVƒXƒg‚ğ‹L˜^,https://news.yahoo.co.jp/articles/58998777e833d3105879921a0163920f0b34b93e,2/16(‹à) 14:48
bballk,ƒoƒXƒPƒbƒgƒ{[ƒ‹ƒLƒ“ƒO,ƒXƒeƒtƒBƒ“EƒJƒŠ[‚ªV‚½‚ÈNBA‹L˜^‚ğ÷—§c4í˜A‘±‚Å3ƒ|ƒCƒ“ƒg7–{ˆÈã‚ğ¬Œ÷,https://news.yahoo.co.jp/articles/1399cc02b78967307b1c85bd73fbc22412aac304,2/16(‹à) 14:18
bballk,ƒoƒXƒPƒbƒgƒ{[ƒ‹ƒLƒ“ƒO,ƒXƒp[ƒY‚ÌƒWƒFƒŒƒ~[Eƒ\[ƒnƒ“‚ç‚ª‘ã‘Ö‘Io/ƒ‰ƒCƒWƒ“ƒOƒXƒ^[ƒYÅV”ÅƒƒXƒ^[,https://news.yahoo.co.jp/articles/a1f08104ed4952e287b1c944e59b39b122a27762,2/16(‹à) 13:28
bballk,ƒoƒXƒPƒbƒgƒ{[ƒ‹ƒLƒ“ƒO,—q‘ã•\‚ÌFIBAƒ‰ƒ“ƒLƒ“ƒO‚ªXVcƒgƒbƒv10‚É•Ï“®‚È‚­A“ú–{‚Í9ˆÊ‚ğƒL[ƒv,https://news.yahoo.co.jp/articles/e3846ace086b1de7178d9355c45c35cc5d9021bf,2/16(‹à) 13:00
bballk,ƒoƒXƒPƒbƒgƒ{[ƒ‹ƒLƒ“ƒO,‹ÁˆÙ‚Ì”N•½‹Ï110‰­‰~’´‚¦c2025”N‰Ä‚É’´‹ŠzŒ_–ñ‚ğŒ‹‚Ô‰Â”\«‚ğ”é‚ß‚éƒ‹ƒJEƒhƒ“ƒ`ƒbƒ`,https://news.yahoo.co.jp/articles/a307371566631b427f349516434973d8c34c2494,2/16(‹à) 12:49
bballk,ƒoƒXƒPƒbƒgƒ{[ƒ‹ƒLƒ“ƒO,u‚±‚ê‚ª–{—ˆ‚Ì–l‚½‚¿vcƒLƒƒƒŠƒAƒnƒC‚ğ‹L˜^‚µ‚½”ª‘º‚ªŒê‚é¡‚Ìƒ`[ƒ€‚Ö‚Ì©M,https://news.yahoo.co.jp/articles/0189f34e4d93e5cf6e5c50f92d0ccde082ccd139,2/16(‹à) 12:17
bballk,ƒoƒXƒPƒbƒgƒ{[ƒ‹ƒLƒ“ƒO,35Î‚Ìƒxƒeƒ‰ƒ“ƒrƒbƒOƒ}ƒ“Aƒ_ƒj[ƒEƒKƒŠƒi[ƒŠ‚ªƒoƒbƒNƒX‚Æ‚ÌŒ_–ñ‚É‡ˆÓ,https://news.yahoo.co.jp/articles/2719f3a0ffe310308f8578f0e3a6e95d08c979bd,2/16(‹à) 11:36
bballk,ƒoƒXƒPƒbƒgƒ{[ƒ‹ƒLƒ“ƒO,yƒCƒ“ƒ^ƒrƒ…[z—ˆ“ú8”N–Ú‚É‹A‰»ÀŒ»cƒWƒ‡ƒVƒ…EƒnƒŒƒ‹ƒ\ƒ“‚ªŒê‚é“ú–{‘ã•\‚Ö‚Ì‘z‚¢,https://news.yahoo.co.jp/articles/cdfe87b1ec0add0532c5b40d5d96d38df2bf30ae,2/16(‹à) 7:00
bballk,ƒoƒXƒPƒbƒgƒ{[ƒ‹ƒLƒ“ƒO,u¢ŠE’†‚ÉƒTƒvƒ‰ƒCƒY‚ğT‚«U‚ç‚µ‚½vBƒŠ[ƒOE“‡“cƒ`ƒFƒAƒ}ƒ“ŠÌ“ü‚ègNBL’ñŒgh‚Ì‘_‚¢‚Æ‚Í,https://news.yahoo.co.jp/articles/24391899b42cae606492fc1882c119dc615a89b9,2/15(–Ø) 19:54
bballk,ƒoƒXƒPƒbƒgƒ{[ƒ‹ƒLƒ“ƒO,”ª‘º—Û‚ÆƒAƒ“ƒ\ƒj[EƒfƒCƒrƒX‚ª21”N‚Ô‚è‚Ì‹L˜^‚ğ’B¬cƒVƒƒƒbƒN•ƒR[ƒr[ˆÈ—ˆ‚ÌgƒŒƒCƒJ[h‚É,https://news.yahoo.co.jp/articles/57c4680d1543d41dad25626bdd1911ff75c5c6a1,2/15(–Ø) 19:29
bballk,ƒoƒXƒPƒbƒgƒ{[ƒ‹ƒLƒ“ƒO,uƒu[ƒCƒ“ƒO‚È‚ñ‚ÄŠÖŒW‚È‚¢vŒÜ—Ö—\‘IMVP‚ÌR–{–ƒˆß‚ª“ú–{‘ã•\‚Ì’cŒ‹—Í‚ÆM—Š‚ğŒê‚é,https://news.yahoo.co.jp/articles/3bb9e00e5990376487e688ed986efc48621f00d4,2/15(–Ø) 19:23
bballk,ƒoƒXƒPƒbƒgƒ{[ƒ‹ƒLƒ“ƒO,²‰ê‚ÌƒŒƒCƒiƒ‹ƒhEƒKƒ‹ƒVƒA‚ªƒLƒ…[ƒo‘ã•\‘IocƒAƒƒŠƒJƒbƒv—\‘I‚Å•Ä‘ã•\2˜Aí‚Ö,https://news.yahoo.co.jp/articles/e863a84ce4bb3393d677deba5cf630d8ddb09293,2/15(–Ø) 19:02
bballk,ƒoƒXƒPƒbƒgƒ{[ƒ‹ƒLƒ“ƒO,SRa’J‚ªU18Š‘®‚Ì‘åXN‰l‚ğƒ†[ƒXˆç¬“Á•Ê˜g‚É“o˜^cğ”Nƒgƒbƒvƒ`[ƒ€‚Ì—ûK¶‚àŒoŒ±,https://news.yahoo.co.jp/articles/2065c9e6e902ed07af8caef7f88e38d1e90f1fc6,2/15(–Ø) 18:57
bballk,ƒoƒXƒPƒbƒgƒ{[ƒ‹ƒLƒ“ƒO,u—®‹…—DŸ‚Ì—§–ğÒv‚âu18Î‚ÌV‰svcW”t•soê‚Ì“ú–{‘ã•\Œó•â12–¼‚ğ“O’êĞ‰îI,https://news.yahoo.co.jp/articles/7890eb0007e3bc91c4b223a910c432c94f64d56f,2/15(–Ø) 18:00
bballk,ƒoƒXƒPƒbƒgƒ{[ƒ‹ƒLƒ“ƒO,—®‹…EŠİ–{—²ˆêu©M‚É‚È‚é‡‚Év“Vc”tƒtƒ@ƒCƒiƒ‹‚ÖgƒŠƒxƒ“ƒWh¾‚¤,https://news.yahoo.co.jp/articles/5878b3c158b9356452477b5821e79f5b68322293,2/15(–Ø) 14:26
bballk,ƒoƒXƒPƒbƒgƒ{[ƒ‹ƒLƒ“ƒO,”ª‘º—Û‚ªƒLƒƒƒŠƒAƒnƒCXV36“¾“_‚Ì‘å”š”­cƒŒƒCƒJ[ƒY‚Í–ÒU‚ğ”â˜I‚µƒWƒƒƒYŒ‚”j,https://news.yahoo.co.jp/articles/c9c0f8f67b9f792af6da37ca4af623d626784fbe,2/15(–Ø) 14:12
bballk,ƒoƒXƒPƒbƒgƒ{[ƒ‹ƒLƒ“ƒO,ç—tJE•xŠ~—E÷u‚±‚ê‚¾‚¯áƒ‚ê‚é‡‚Í‘½‚­‚È‚¢v“Vc”t˜A”e‚É‰¤èc‰F“s‹{E”ä]“‡‚Í‹t“]•‰‚¯‚ÌÓ”C“f˜I,https://news.yahoo.co.jp/articles/c376d434a46d45b472491c9882ec5770c6c2c7db,2/15(–Ø) 14:11
bballk,ƒoƒXƒPƒbƒgƒ{[ƒ‹ƒLƒ“ƒO,ƒOƒŠƒYƒŠ[ƒY‚ªÚí‚ğ§‚µ˜A”s‚ÉI~•„c“nç²—Y‘¾‚ÍƒƒXƒ^[“ü‚è‚àoê‚È‚µ,https://news.yahoo.co.jp/articles/3d07bcf1086bbcb824efaee7d889b4e57cccd2ee,2/15(–Ø) 13:20
bballk,ƒoƒXƒPƒbƒgƒ{[ƒ‹ƒLƒ“ƒO,yB2‘æ22ß Œ©‚Ç‚±‚ëz“Ş—Ç‚ÆVŠƒ‚ª˜A”s’Eo‚ğ–Úw‚µ‚ÄŒƒ“ËcÂX‚Í‘O‰ñ‘Îí‚ÌÄŒ»‚È‚é‚©,https://news.yahoo.co.jp/articles/4110465ad39edb38c9ddd7939ffdb9f4c1860248,2/15(–Ø) 12:31
bballk,ƒoƒXƒPƒbƒgƒ{[ƒ‹ƒLƒ“ƒO,—®‹…ƒS[ƒ‹ƒfƒ“ƒLƒ“ƒOƒX‚ª2”N˜A‘±‚Å“Vc”tŒˆŸ‚Öcç—tƒWƒFƒbƒc‚Æ‚ÌƒŠƒxƒ“ƒWƒ}ƒbƒ`‚É’§‚Ş,https://news.yahoo.co.jp/articles/428837ec1c41163b599913b71ac6d5c7d05be1c1,2/14(…) 21:25
bballk,ƒoƒXƒPƒbƒgƒ{[ƒ‹ƒLƒ“ƒO,ç—tƒWƒFƒbƒc‚ª‰F“s‹{ƒuƒŒƒbƒNƒX‚ğ‘Šè‚É‘å‹t“]Ÿ—˜c“Vc”t˜A”e‚ÉŒü‚¯‚ÄŒˆŸio,https://news.yahoo.co.jp/articles/506537ad38bf370837339b10160ccca76e7f1cca,2/14(…) 21:10
bballk,ƒoƒXƒPƒbƒgƒ{[ƒ‹ƒLƒ“ƒO,ƒNƒX‚Á‚ÆÎ‚¦‚é’¿ƒGƒsƒ\[ƒh‚àcƒnƒŠƒo[ƒgƒ“‚ª‚±‚ê‚Ü‚Å‚ÉŒğŠ·‚µ‚½ƒWƒƒ[ƒWƒRƒŒƒNƒVƒ‡ƒ“‚ğŒöŠJ,https://news.yahoo.co.jp/articles/e3bd2350b37c8e06f426fa1d3161a34a22cd567c,2/14(…) 18:16
bballk,ƒoƒXƒPƒbƒgƒ{[ƒ‹ƒLƒ“ƒO,‰¢B‘IèŒ ‚ÌƒXƒyƒCƒ“‘ã•\Œó•â14–¼”­•\cA“Œ‹‚ÌƒTƒCƒY‚âNBAˆø‘Ş‚Ìƒ‹ƒrƒI‚ª‘Io,https://news.yahoo.co.jp/articles/286bc71116b7755a1c62827a0d4fc82f72593e0b,2/14(…) 17:01
bballk,ƒoƒXƒPƒbƒgƒ{[ƒ‹ƒLƒ“ƒO,_ŒËƒXƒg[ƒNƒX‚ÌVƒz[ƒ€ƒAƒŠ[ƒi–¼Ì‚ªŒˆ’èc’nŒ³Šé‹Æ‚Æƒp[ƒgƒi[Œ_–ñwGLION ARENA KOBEx,https://news.yahoo.co.jp/articles/b0e86425d9f124a6c975db76174f87d5700af4f6,2/14(…) 16:08
bballk,ƒoƒXƒPƒbƒgƒ{[ƒ‹ƒLƒ“ƒO,æ”­‘Sˆõ‚ª2ƒPƒ^“¾“_‚ÌƒŒƒCƒJ[ƒY‚ªƒsƒXƒgƒ“ƒY‚Éˆ³Ÿc”ª‘º‚Í15“¾“_5ƒŠƒoƒEƒ“ƒh,https://news.yahoo.co.jp/articles/8051bdf604aea22b63d8b4c7f1c2c1e4dc3511d4,2/14(…) 15:34
bballk,ƒoƒXƒPƒbƒgƒ{[ƒ‹ƒLƒ“ƒO,ƒAƒ“ƒ\ƒj[EƒfƒCƒrƒX‚ª”ª‘º‚ÌƒfƒBƒtƒFƒ“ƒX‚ğ•]‰¿uŠÔˆá‚¢‚È‚­¬’·‚µ‚Ä‚¢‚év,https://news.yahoo.co.jp/articles/263ffdb5b2288a261ff9553d1e9a2f0d5110106d,2/14(…) 14:21
bballk,ƒoƒXƒPƒbƒgƒ{[ƒ‹ƒLƒ“ƒO,u‰½‚àŠw‚ñ‚Å‚¢‚È‚¢vu‰°•aÒvcƒOƒŠ[ƒ“‚Æƒkƒ‹ƒLƒbƒ`‚ªƒR[ƒg‚ÌŠO‚Åƒgƒ‰ƒbƒVƒ…ƒg[ƒN,https://news.yahoo.co.jp/articles/7f03622ca7df0ca759a1fc25426f35efa8142f5c,2/14(…) 14:21
bballk,ƒoƒXƒPƒbƒgƒ{[ƒ‹ƒLƒ“ƒO,ç—tJ‚Ì‹à‹ß—õ‚ªuBƒ‚ƒe’jNo.1v‘Ioc“¾•[”ƒ_ƒ“ƒgƒc‚ÅGwananx“oê‚Ö,https://news.yahoo.co.jp/articles/adf9dba6c19915d628065d23f01883b45b7a8410,2/14(…) 13:12
bballk,ƒoƒXƒPƒbƒgƒ{[ƒ‹ƒLƒ“ƒO,ƒXƒp[ƒY‚ÌVlƒrƒNƒ^[EƒEƒFƒ“ƒoƒ“ƒ„ƒ}‚ª20Î‚È‚ª‚çNBAjã5l–Ú‚Ì‰õ‹L˜^‚ğ’B¬,https://news.yahoo.co.jp/articles/2980a2bc78bc9fcea31046a3f31e3523b4a76b4f,2/14(…) 12:15
bballk,ƒoƒXƒPƒbƒgƒ{[ƒ‹ƒLƒ“ƒO,JBAO‰®‰ï’·u‘Iè‚½‚¿‚ğŒÖ‚è‚Év‚¢‚Ü‚·vŒÜ—Ö—\‘I‚ğŸ‚¿”²‚¢‚½—q“ú–{‘ã•\‚ğ˜J‚¤,https://news.yahoo.co.jp/articles/45631e1faab0621b48f9a8d6fbb81b7cf8550a63,2/14(…) 12:05
bballk,ƒoƒXƒPƒbƒgƒ{[ƒ‹ƒLƒ“ƒO,ƒoƒXƒP—q“ú–{‘ã•\u¢ŠE‚É‚à’Ê—p‚·‚é‚ÆŠmMvdˆ³‚Æg’··‚ğæ‚è‰z‚¦ŒÜ—ÖØ•„Šl“¾,https://news.yahoo.co.jp/articles/9fbc6d77e0e7c4e6dc660d7bfe096bf00daf9e8e,2/14(…) 12:00
bballk,ƒoƒXƒPƒbƒgƒ{[ƒ‹ƒLƒ“ƒO,35Î‚Ìƒxƒeƒ‰ƒ“ƒtƒHƒ[ƒhAƒTƒfƒBƒAƒXEƒ„ƒ“ƒO‚ªƒEƒFƒXƒg6ˆÊ‚ÌƒTƒ“ƒY‚Ö‰Á“ü,https://news.yahoo.co.jp/articles/d98cac3f6b4f125c402f00c1dedf4a3c35e6ed49,2/14(…) 10:51
bballk,ƒoƒXƒPƒbƒgƒ{[ƒ‹ƒLƒ“ƒO,¡‹G‘æ16T‚ÌTŠÔMVP‚Éƒ}ƒuƒX‚Ìƒhƒ“ƒ`ƒbƒ`AƒLƒƒƒuƒY‚Ìƒ~ƒbƒ`ƒFƒ‹‚ª‘Io,https://news.yahoo.co.jp/articles/e4a727b11970a84ae27fa5bc1bc0d708d8306a52,2/14(…) 10:19
bballk,ƒoƒXƒPƒbƒgƒ{[ƒ‹ƒLƒ“ƒO,ƒoƒXƒP—q“ú–{‘ã•\‚ªgOQTŠi•t‚¯h—Bˆê‚Ì2ƒ‰ƒ“ƒNƒAƒbƒvc“ÁˆÙƒXƒ^ƒCƒ‹D•]Aˆê•û‚Å’†‘‘ã•\‚Í•]‰¿‰º—,https://news.yahoo.co.jp/articles/5c453688550e635143eecd5ddde0c86272875495,2/13(‰Î) 15:41
bballk,ƒoƒXƒPƒbƒgƒ{[ƒ‹ƒLƒ“ƒO,“nç²—Y‘¾‚ªƒTƒ“ƒY‚©‚çƒgƒŒ[ƒh‚³‚ê‚½——Rc’nŒ³ƒƒfƒBƒA‚ª3‚Â‚ÌŠÏ“_‚©‚ç•ªÍ,https://news.yahoo.co.jp/articles/be66585f59df5034218f482f76f6896145c15618,2/13(‰Î) 15:36
bballk,ƒoƒXƒPƒbƒgƒ{[ƒ‹ƒLƒ“ƒO,Bƒ†[ƒXU18ƒCƒ“ƒ^[ƒiƒVƒ‡ƒiƒ‹”t‚ª•Â–‹cgƒhƒCƒc‘ã•\h‘SŸ—DŸAƒŒƒoƒ“ƒK“à“¡‚çMIPóÜ,https://news.yahoo.co.jp/articles/8da4c6befb390c60dff570ac3d7d2725ac6c9e9f,2/13(‰Î) 13:38
bballk,ƒoƒXƒPƒbƒgƒ{[ƒ‹ƒLƒ“ƒO,“nç²—Y‘¾‚ªŒÃ‘ƒƒOƒŠƒYƒŠ[ƒY‚ÅÄo”­c‰oê‚ÌƒyƒŠƒJƒ“ƒYí‚Å11“¾“_‚ÌŠˆ–ô,https://news.yahoo.co.jp/articles/80f115d8a2246c42e6e2b46b38fa1012666af39a,2/13(‰Î) 12:18
bballk,ƒoƒXƒPƒbƒgƒ{[ƒ‹ƒLƒ“ƒO,l‘Vl‘å‰ï‚ª•Â–‹c’jq‚Í–¾“¿‹`mA—q‚Í‰p–¾‚ª‚»‚ê‚¼‚ê‰hŠ¥‚ğ‚Â‚©‚Ş,https://news.yahoo.co.jp/articles/b0c951698e3f6176fb2b2e21aa568ae5095ea2d2,2/12(Œ) 19:38
bballk,ƒoƒXƒPƒbƒgƒ{[ƒ‹ƒLƒ“ƒO,’†‘Vl‘å‰ï‚Å’¹æé–k‚ªƒAƒxƒbƒN—DŸ‚ğü‚éc’jq‚Í‰A—q‚Í2”N˜A‘±2‰ñ–Ú‚Ì’¸“_‚É,https://news.yahoo.co.jp/articles/cffc314584154c3ffe8a9b509ed402bf867cd703,2/12(Œ) 19:34
bballk,ƒoƒXƒPƒbƒgƒ{[ƒ‹ƒLƒ“ƒO,÷‰ÔŠw‰€‚ªŠò•Œ—q‚ğ”j‚Á‚Ä“ŒŠCVl‘å‰ï‚ğ§‚·c’jq‚Í“¡}–¾½‚ğ‰º‚µ‚½”ü”Z‰Á–Î‚ª—DŸ,https://news.yahoo.co.jp/articles/83c87a6bc69bed172b994bb0f16d618dea948c0c,2/12(Œ) 19:30
bballk,ƒoƒXƒPƒbƒgƒ{[ƒ‹ƒLƒ“ƒO,•‰—£’E’†‚Ì¼“c—D‘åcO‰Í‚ªƒAƒWƒA”t—\‘I‚ÉŒü‚¯‚½“ú–{‘ã•\Œó•â‡h‚Ì«‘Ş‚ğ”­•\,https://news.yahoo.co.jp/articles/6020d059d3e44f2559b231213520fa0b7e3716d7,2/12(Œ) 18:11
bballk,ƒoƒXƒPƒbƒgƒ{[ƒ‹ƒLƒ“ƒO,–¼ŒÃ‰®D‚ª9˜AŸ‚ğü‚éc“‡ª‚ÍSRa’J‚Æ‚ÌÚí‚ğ§‚µ‚Ä˜A”s’Eo/2Œ11“úŠJÃ B1‡Œ‹‰Ê,https://news.yahoo.co.jp/articles/fab55fbd59de248f8069a37a29fa926e726bb1d3,2/12(Œ) 17:13
bballk,ƒoƒXƒPƒbƒgƒ{[ƒ‹ƒLƒ“ƒO,ƒpƒŠƒIƒŠƒ“ƒsƒbƒN—qƒoƒXƒP‚Éoê‚·‚é12ƒJ‘‚ªŒˆ’èc¢ŠEÅI—\‘I‚ÌŒ‹‰Êˆê——,https://news.yahoo.co.jp/articles/dac124ac4cf6c4bb96a0ee6cb35b9d66bd425c1b,2/12(Œ) 16:38
bballk,ƒoƒXƒPƒbƒgƒ{[ƒ‹ƒLƒ“ƒO,‹{è‘D‚ÆR–{–ƒˆß‚ÌƒK[ƒhƒRƒ“ƒr‚ªƒI[ƒ‹ƒXƒ^[5‚É‹P‚­c“ú–{‚ÌOQT“Ë”j‚ÉvŒ£,https://news.yahoo.co.jp/articles/ebe2d999bd064fa3d3453adb8aaef3d754ab50ca,2/12(Œ) 15:42
bballk,ƒoƒXƒPƒbƒgƒ{[ƒ‹ƒLƒ“ƒO,R–{–ƒˆß‚ªOQTƒnƒ“ƒKƒŠ[‰ïê‚ÌMVP‚É‘Ioc•½‹Ï17“¾“_‚Å“ú–{‚ğƒOƒ‹[ƒvñˆÊ‚É“±‚­,https://news.yahoo.co.jp/articles/e7f04412e39219fb39ebbc0b4c37cfbaee76d83d,2/12(Œ) 15:00
bballk,ƒoƒXƒPƒbƒgƒ{[ƒ‹ƒLƒ“ƒO,‘—Íí‚Å‚Â‚©‚ñ‚¾ƒpƒŠŒÜ—Öc”n‰ZƒXƒeƒtƒ@ƒj[‚Æìˆä–ƒˆßu‚Ü‚¾‚Ü‚¾¬’·‚Å‚«‚éƒ`[ƒ€v,https://news.yahoo.co.jp/articles/81258e759b8522c521aad6c6f8658f0ff0b4d6f4,2/12(Œ) 14:22
bballk,ƒoƒXƒPƒbƒgƒ{[ƒ‹ƒLƒ“ƒO,“ú–{‚ÉŠˆ—Í‚ğ—^‚¦‘±‚¯‚½”n‰ZƒGƒuƒŠƒ“u‚İ‚ñ‚È‚ªwƒGƒuƒŠƒ“‚Ìº‚ª•K—v‚¾x‚ÆŒ¾‚Á‚Ä‚­‚ê‚½v,https://news.yahoo.co.jp/articles/1c5526681289f6e120959196fc3469f1aa5e2594,2/12(Œ) 13:12
bballk,ƒoƒXƒPƒbƒgƒ{[ƒ‹ƒLƒ“ƒO,³ƒK[ƒh‚Æ‚µ‚Äí‚¢”²‚¢‚½‹{è‘D‚ª•ø‚¢‚Ä‚¢‚½v‚¢cu¯‚Æˆê‚Éí‚¢‚½‚©‚Á‚½‚µAŠæ’£‚è‚½‚©‚Á‚½v,https://news.yahoo.co.jp/articles/034a7621021ae3be964075ead063ac93a3b9cef3,2/12(Œ) 10:47
bballk,ƒoƒXƒPƒbƒgƒ{[ƒ‹ƒLƒ“ƒO,’j—‚»‚ë‚Á‚ÄƒpƒŠŒÜ—Ö‚Öcƒz[ƒoƒXHCu‚¨‚ß‚Å‚Æ‚¤‚²‚´‚¢‚Ü‚·I vA”nê—Y‘åu—¬Î‚Å‚·Iv,https://news.yahoo.co.jp/articles/606e8e4384b6511c228e2607cbbc3679889dba91,2/12(Œ) 1:15
bballk,ƒoƒXƒPƒbƒgƒ{[ƒ‹ƒLƒ“ƒO,—q“ú–{‘ã•\‚ªƒpƒŠŒÜ—ÖØ•„Šl“¾I@‰^–½‚ÌÅIí‚ÅŠiãƒJƒiƒ_‚ÉŸ—˜A2Ÿ1”s‚Åg€‚Ì‘gh“Ë”j,https://news.yahoo.co.jp/articles/2f14f094f34b8faba8594abf643ef7c82486860a,2/12(Œ) 0:53
bballk,ƒoƒXƒPƒbƒgƒ{[ƒ‹ƒLƒ“ƒO,‹g“cˆŸ¹”üA”n‰ZƒGƒuƒŠƒ“‚ªÅIí‚ğ‘O‚ÉŒˆˆÓc‰÷‚¢‚ªc‚ç‚È‚¢‚æ‚¤‚É‘S—Í‚ÅƒvƒŒ[‚·‚é‚¾‚¯,https://news.yahoo.co.jp/articles/dc93173b15378da402f5a521daa1a03e5b7e8e68,2/11(“ú) 21:09
bballk,ƒoƒXƒPƒbƒgƒ{[ƒ‹ƒLƒ“ƒO,‘æ3Q‚É–ÒU‚ğdŠ|‚¯‚½A“Œ‹‚ªñˆÊ‘ÎŒˆ‚ÅáJ‚ğ‰Ê‚½‚·c‚Â‚¢‚ÉO‰“‚Ì˜AŸ‚ªƒXƒgƒbƒv,https://news.yahoo.co.jp/articles/2eb2a5aa52dc6f1f2ae6264368e1373bac8f450d,2/11(“ú) 18:54
bballk,ƒoƒXƒPƒbƒgƒ{[ƒ‹ƒLƒ“ƒO,”ä]“‡T‚ª”nê—Y‘å‚Æ‚Ìg“ú–{‘ã•\‘ÎŒˆh‚ğ§‚·c’·è‚ğ”j‚Á‚½‰F“s‹{‚Í9˜AŸ‚ğü‚é,https://news.yahoo.co.jp/articles/6476134a61a7cd99b76d14d91bc4f3a744a456c6,2/11(“ú) 18:06
bballk,ƒoƒXƒPƒbƒgƒ{[ƒ‹ƒLƒ“ƒO,‰¡•lBC‚ªç—tJ‚ğ‰„’·í‚ÅŒ‚”j‚µ‚ÄWƒ†ƒEƒL‘ÎŒˆ‚Í’É‚İ•ª‚¯cƒJƒCEƒ\ƒbƒg‚ª©ŒÈÅ‘½26“¾“_,https://news.yahoo.co.jp/articles/2d96a7d4508aecbc8aea1ffe1547505dc476faa0,2/11(“ú) 17:40
bballk,ƒoƒXƒPƒbƒgƒ{[ƒ‹ƒLƒ“ƒO,ƒWƒFƒCƒRƒuƒX»‚ªƒVƒ…[ƒgƒm[ƒ~ƒX‚ÅƒLƒƒƒŠƒAƒnƒC‚Ì8“¾“_cƒnƒƒC‘å‚Í2˜AŸ‚ğü‚é,https://news.yahoo.co.jp/articles/1a627cfd8fc37ef59742cb967215e79eac2e01bc,2/11(“ú) 16:48
bballk,ƒoƒXƒPƒbƒgƒ{[ƒ‹ƒLƒ“ƒO,ƒJƒCƒ‹Eƒ‰ƒEƒŠ[‚ªƒz[ƒlƒbƒc‚ÆŒˆ•ÊcŒÌ‹½‚ğ–{‹’’n‚É’u‚­ƒVƒNƒT[ƒY‚ÆŒ_–ñ‚Ö,https://news.yahoo.co.jp/articles/bade1a5d2042a21d7e6a4649448acd7110268b5b,2/11(“ú) 13:41
bballk,ƒoƒXƒPƒbƒgƒ{[ƒ‹ƒLƒ“ƒO,ƒ|[ƒgƒ‰ƒ“ƒh‘å‚ªƒZƒ“ƒgƒƒŠ[ƒY‘å‚É”s‚ê‚Ä2˜A”scRƒm“à—E“o‚Í5“¾“_3ƒŠƒoƒEƒ“ƒh,https://news.yahoo.co.jp/articles/2c5320682a70258e421331739945f5f80cdd6ebf,2/11(“ú) 13:28
bballk,ƒoƒXƒPƒbƒgƒ{[ƒ‹ƒLƒ“ƒO,ƒŒƒCƒJ[ƒY‚ªgLA¶‚Ü‚êh‚Ìƒxƒeƒ‰ƒ“ƒK[ƒhAƒXƒyƒ“ƒT[EƒfƒBƒ“ƒEƒBƒfƒB[‚ÆŒ_–ñ,https://news.yahoo.co.jp/articles/470fa9202d205bcaad58ffb2fc7fb682e6c2ba4e,2/11(“ú) 12:52
bballk,ƒoƒXƒPƒbƒgƒ{[ƒ‹ƒLƒ“ƒO,“nç²—Y‘¾‚ªŒÃ‘ƒ‚Ö‡—¬cƒxƒ“ƒ`‚©‚ç‡‚ğŒ©ç‚é‚àAƒPƒKl‘±o‚ÌƒOƒŠƒYƒŠ[ƒY‚Í8˜A”s‚É,https://news.yahoo.co.jp/articles/dff91f78bd894d61cec1b5a06b190651249181a2,2/11(“ú) 12:45
bballk,ƒoƒXƒPƒbƒgƒ{[ƒ‹ƒLƒ“ƒO,ƒEƒFƒXƒg4ˆÊ‚ÌƒTƒ“ƒ_[‚ªƒxƒeƒ‰ƒ“ƒrƒbƒOƒ}ƒ“‚ÌƒrƒXƒ}ƒbƒNEƒrƒIƒ“ƒ{‚ÆŒ_–ñ,https://news.yahoo.co.jp/articles/831f1e514355d742e2ee8103d0a05d7b78a4c041,2/11(“ú) 12:02
bballk,ƒoƒXƒPƒbƒgƒ{[ƒ‹ƒLƒ“ƒO,“ú–{‚ª‘®‚·‚éu€‚Ì‘gv‚Íl‚Â”b‚Ì‚Ü‚ÜÅIí‚ÖcŒÜ—ÖoêŒ Šl“¾‚ğƒVƒ~ƒ…ƒŒ[ƒVƒ‡ƒ“,https://news.yahoo.co.jp/articles/b9247481c734431d3b1b75cd40e74cdbfc24b59c,2/11(“ú) 12:00
bballk,ƒoƒXƒPƒbƒgƒ{[ƒ‹ƒLƒ“ƒO,•x‰iŒ[¶‚ªƒQ[ƒ€ƒnƒC19“¾“_‚ÌŠˆ–ôcƒlƒuƒ‰ƒXƒJ‘å‚Íƒ~ƒVƒKƒ“‘å‚É‰õŸ‚Å˜A”sƒXƒgƒbƒv,https://news.yahoo.co.jp/articles/45d4afc8a9fddabb43709b5a50958b15a0ec3427,2/11(“ú) 12:00
bballk,ƒoƒXƒPƒbƒgƒ{[ƒ‹ƒLƒ“ƒO,“Œ’†ñˆÊ‘ÎŒˆ‚ğ§‚µAO‰“‚ª16˜AŸcgWƒ†ƒEƒLA”ä]“‡vs”nêh‘ã•\‘ÎŒˆ‚Ìs•û‚Í/2Œ10“úŠJÃ B1‡Œ‹‰Ê,https://news.yahoo.co.jp/articles/776e721c9d3ac8ee800213efd0a50fdc41206676,2/11(“ú) 11:30
bballk,ƒoƒXƒPƒbƒgƒ{[ƒ‹ƒLƒ“ƒO,ƒOƒŠƒYƒŠ[ƒY‚ª2ƒEƒFƒCŒ_–ñ‚ÅƒvƒŒ[‚µ‚Ä‚¢‚½GGEƒWƒƒƒNƒ\ƒ“2¢‚Æ4”NŒ_–ñ‚ğ’÷Œ‹,https://news.yahoo.co.jp/articles/71c4ff7ee9142319324d157caa33b4d04fa32039,2/11(“ú) 11:26
bballk,ƒoƒXƒPƒbƒgƒ{[ƒ‹ƒLƒ“ƒO,O‰“‚ªA“Œ‹‚Æ‚Ì“Œ’†ñˆÊŒˆí‚ğ§‚·c22“¾“_‚Ìƒ‰ƒxƒiŠÜ‚Şæ”­5–¼‚ª2ƒPƒ^“¾“_‚ÅvŒ£,https://news.yahoo.co.jp/articles/fac137d2eb2b61c45c4bd3ed91d7a81e72d7a611,2/10(“y) 17:37
bballk,ƒoƒXƒPƒbƒgƒ{[ƒ‹ƒLƒ“ƒO,“ú–{‘ã•\ƒK[ƒh‚Ìí‚¢‚Í•xŠ~—E÷—¦‚¢‚éç—tJ‚ÉŒR”zc‰¡•lBC‚Ì‰Í‘º—E‹P‚Í“¾“_•ƒAƒVƒXƒg‚Ìƒ_ƒuƒ‹ƒ_ƒuƒ‹,https://news.yahoo.co.jp/articles/ded3fc99616b708cfbf5717ff64f28305aafe29c,2/10(“y) 17:16
bballk,ƒoƒXƒPƒbƒgƒ{[ƒ‹ƒLƒ“ƒO,U–h‚É‚¨‚¢‚Äƒ`[ƒ€‚ğ‚¯‚ñˆø‚µ‚½îà“c^Šócƒnƒ“ƒKƒŠ[í‚Ì”sí‚É‚àŸ‚ÉŒü‚¯‚ÄuØ‚è‘Ö‚¦‚é‚±‚Æ‚ª‘å–v,https://news.yahoo.co.jp/articles/f85635af4d8e263f896ffeb3e3ff0d5c8892d795,2/10(“y) 16:56
bballk,ƒoƒXƒPƒbƒgƒ{[ƒ‹ƒLƒ“ƒO,21“¾“_5ƒŠƒoƒEƒ“ƒh‚Ì”ª‘º—ÛŠÜ‚Şæ”­5–¼‚Å100“_’´cƒŒƒCƒJ[ƒY‚ªƒyƒŠƒJƒ“ƒY‚ğŒ‚”j,https://news.yahoo.co.jp/articles/8dc5a111c8494f36b6833198a3d28333a6b71aa6,2/10(“y) 15:07
bballk,ƒoƒXƒPƒbƒgƒ{[ƒ‹ƒLƒ“ƒO,OGEƒAƒkƒmƒr[‚ª‰EƒqƒW‚Ìœ•Ğœ‹èp‚Å–ñ3TŠÔ—£’E‚ÌŒ©’Ê‚µcğ”N––‚ÉƒjƒbƒNƒX‚Ö‰Á“ü,https://news.yahoo.co.jp/articles/1f7c94667c6f267cc248b334e983fe72a903ebe1,2/10(“y) 13:29
bballk,ƒoƒXƒPƒbƒgƒ{[ƒ‹ƒLƒ“ƒO,ƒhƒCƒc‚ª‹­‹ƒZƒ‹ƒrƒA‚ğ‰º‚µƒpƒŠŒÜ—Ö‚Éˆê•à‘OicƒI[ƒXƒgƒ‰ƒŠƒA‚Íƒuƒ‰ƒWƒ‹‚Æ‚Ì‘åÚí‚ğ§‚·,https://news.yahoo.co.jp/articles/8be0c932078c9ec95856f5540a9176339799811f,2/10(“y) 12:17
bballk,ƒoƒXƒPƒbƒgƒ{[ƒ‹ƒLƒ“ƒO,Œ˜çŒ©‚¹‚½ƒtƒ‰ƒ“ƒX‚ªƒvƒGƒ‹ƒgƒŠƒR‚É‰õŸc’†‘‚Í‚‚³¶‚©‚µ‚½U–h‚Åƒjƒ…[ƒW[ƒ‰ƒ“ƒh‚ğŒ‚”j,https://news.yahoo.co.jp/articles/4d47a7972d5e5667230886a6bd6e99395e904eac,2/10(“y) 12:01
bballk,ƒoƒXƒPƒbƒgƒ{[ƒ‹ƒLƒ“ƒO,ƒxƒ‹ƒM[AƒiƒCƒWƒFƒŠƒA‚ªƒpƒŠŒÜ—Öoê‚ğŠm’ècg‰¤ÒhƒAƒƒŠƒJ‚Í’n—Í‚Ì‚‚³Œ©‚¹2˜AŸ,https://news.yahoo.co.jp/articles/bc03a5c93b14d90a44f57bce465849d5b9d2d078,2/10(“y) 11:56
bballk,ƒoƒXƒPƒbƒgƒ{[ƒ‹ƒLƒ“ƒO,NBA‚ªƒGƒ~ƒŒ[ƒcq‹ó‚Æƒp[ƒgƒi[ƒVƒbƒv’÷Œ‹cNBAƒJƒbƒv‚Ì‰‘ãŠ¥ƒXƒ|ƒ“ƒT[‚É,https://news.yahoo.co.jp/articles/c41aa93c041eee3fe200cfadc7de0529e6b12e44,2/10(“y) 9:56
bballk,ƒoƒXƒPƒbƒgƒ{[ƒ‹ƒLƒ“ƒO,ƒoƒXƒP‚É–£‚¹‚ç‚êŒƒ“®‚Ìi˜H‘I‘ğu‚©‚È‚è‹ê˜J‚µ‚½vƒVƒF[ƒtƒ@[‚ª•ÄiŠwAƒvƒ“ü‚è‚ÌŒoˆÜ‚ğU‚è•Ô‚é,https://news.yahoo.co.jp/articles/a947d524b9c72aa3c3fed8ccb5a68e9fda75b23a,2/10(“y) 8:00
bballk,ƒoƒXƒPƒbƒgƒ{[ƒ‹ƒLƒ“ƒO,“ú–{‘ã•\‚ª”s‚ê‘Sƒ`[ƒ€1Ÿ1”s‚Ì‘å¬íc‰¶’ËHCuŸ—˜‚É“±‚¯‚È‚©‚Á‚½‚±‚Æ‚ğ”½Èv,https://news.yahoo.co.jp/articles/51d629b32fdfec9e87f34228205530975d65e70b,2/10(“y) 4:53
bballk,ƒoƒXƒPƒbƒgƒ{[ƒ‹ƒLƒ“ƒO,—q“ú–{‘ã•\‚ª“G’nƒnƒ“ƒKƒŠ[‚ÅÉ”scƒpƒŠŒÜ—ÖoêŒ ‚Ìs•û‚ÍOQTÅIí‚Ö,https://news.yahoo.co.jp/articles/2a04e3e456a3e7fbb74833bf9f9cf68065d64644,2/10(“y) 3:55
bballk,ƒoƒXƒPƒbƒgƒ{[ƒ‹ƒLƒ“ƒO,›“ˆ‹±”V‰î‚ªÂXƒƒbƒc‚Æ‘IèŒ_–ñu^¶‚³‚ñ‚ªc‚µ‚Ä‚­‚ê‚½‘z‚¢‚àŠÜ‚ßcv,https://news.yahoo.co.jp/articles/4f61c188fc3348a8c550d636209444aee6564987,2/9(‹à) 19:39
bballk,ƒoƒXƒPƒbƒgƒ{[ƒ‹ƒLƒ“ƒO,ƒxƒoƒŠ[‚ÍƒoƒbƒNƒXAƒMƒƒƒtƒH[ƒh‚ªƒ}ƒuƒX‚ÖˆÚĞ/2024”NƒgƒŒ[ƒhƒfƒbƒhƒ‰ƒCƒ“‚Ü‚Æ‚ß,https://news.yahoo.co.jp/articles/cef04e9d6aea3d4ae6c3b23051d94a594d5e199f,2/9(‹à) 18:37
bballk,ƒoƒXƒPƒbƒgƒ{[ƒ‹ƒLƒ“ƒO,u12”Ô‚Ìƒ†ƒjƒtƒH[ƒ€‚ğ’…‚ÄƒR[ƒg‚É—§‚Á‚Ä‚·‚²‚­Šy‚µ‚©‚Á‚½vcƒXƒyƒCƒ“í‰Ÿ—˜‚ÉvŒ£‚µ‚½‹g“cˆŸ¹”ü‚ªÎŠç‚ÅƒRƒƒ“ƒg,https://news.yahoo.co.jp/articles/c39a5087a7664d2dc35d6d3b17e062b663e9da5e,2/9(‹à) 18:26
bballk,ƒoƒXƒPƒbƒgƒ{[ƒ‹ƒLƒ“ƒO,ƒGƒŠƒbƒNEƒ}[ƒtƒB[‚ª’ZŠúŒ_–ñ‚ÅìèƒuƒŒƒCƒuƒTƒ“ƒ_[ƒX‚Öc¡‹G3ƒ`[ƒ€–Úu‹@‰ï‚ğ‚¢‚½‚¾‚¯‚½‚±‚Æ‚ÉŠ´Óv,https://news.yahoo.co.jp/articles/f05b3fd338774bc28ad349e04876f303f5709f1b,2/9(‹à) 18:13
bballk,ƒoƒXƒPƒbƒgƒ{[ƒ‹ƒLƒ“ƒO,NBAƒvƒŒ[ƒ„[‚Æ‘¼‹£‹Zƒvƒ‘Iè‚Ìû“ü‚ğ”äŠrc”ª‘º—Û‚ÍƒeƒjƒX‚ÌƒWƒ‡ƒRƒrƒbƒ`‚Æ“¯Ši,https://news.yahoo.co.jp/articles/b3f7a6a4838cfe9d0aa13a056e307419ca5e29b3,2/9(‹à) 18:00
bballk,ƒoƒXƒPƒbƒgƒ{[ƒ‹ƒLƒ“ƒO,ƒŒƒoƒ“ƒK–kŠC“¹‚ªU18‘æ1Šú¶‚Ìi˜HŒö•\c ”¼”ˆÈã‚ªƒCƒ“ƒJƒŒoêZ‚ÖiŠwA“à“¡—s—I‚ÍƒXƒyƒCƒ“’ZŠú—¯Šw‚Ö,https://news.yahoo.co.jp/articles/3252580d5ed6a1c2fffa23d9eb3a93a0bc8af689,2/9(‹à) 17:34
bballk,ƒoƒXƒPƒbƒgƒ{[ƒ‹ƒLƒ“ƒO,¡”N‚Ì3ƒ|ƒCƒ“ƒgƒRƒ“ƒeƒXƒg‚Í‰ß‹2‘å‰ï‚Ì‰¤Òƒ^ƒEƒ“ƒY‚ÆƒŠƒ‰[ƒh‚ªQí,https://news.yahoo.co.jp/articles/a4e98f651e9178647d6e9404e511461c61433090,2/9(‹à) 16:33
bballk,ƒoƒXƒPƒbƒgƒ{[ƒ‹ƒLƒ“ƒO,ŠJÃ’nƒyƒCƒT[ƒY‘g‚ªgƒhƒ‰1ƒgƒŠƒIhAƒI[ƒ‹ƒXƒ^[‘g‚ÆƒXƒLƒ‹ƒYƒ`ƒƒƒŒƒ“ƒW‚ÅŒƒ“Ë,https://news.yahoo.co.jp/articles/42b80f89783858516cd1da1650c806f8cabfb98d,2/9(‹à) 15:39
bballk,ƒoƒXƒPƒbƒgƒ{[ƒ‹ƒLƒ“ƒO,ƒŒƒCƒJ[ƒY‚ªƒiƒQƒbƒc‚Æ‚Ì”Mí‚É”s‚ê‚Ä˜AŸƒXƒgƒbƒvcæ”­oê‚Ì”ª‘º—Û‚Í2“¾“_,https://news.yahoo.co.jp/articles/7266663142d9b338922552258898e6674d1320c2,2/9(‹à) 15:15
bballk,ƒoƒXƒPƒbƒgƒ{[ƒ‹ƒLƒ“ƒO,u‹ó‚¢‚½‚ç‘Å‚Æ‚¤‚Æv‚Á‚Ä‚¢‚½vc—ÑçŠó‚ª6–{‚Ì3P‚ğŠÜ‚Ş20“¾“_‚ÅŸ—˜‚ÉvŒ£,https://news.yahoo.co.jp/articles/bd7733a877c426f1e0382593fb1822163a6d22f1,2/9(‹à) 14:21
bballk,ƒoƒXƒPƒbƒgƒ{[ƒ‹ƒLƒ“ƒO,20“¾“_‚ğƒ}[ƒN‚µ‚½”n‰ZƒGƒuƒŠƒ“‚ªƒ`[ƒ€ƒ[ƒg‚ÉƒGƒiƒW[’“ücu‚±‚ê‚ª„‚Ì¶‚«‚é“¹‚Å‚·v,https://news.yahoo.co.jp/articles/1dcd0401587f961f8ba7978d2833cb40fa73c3c5,2/9(‹à) 14:04
bballk,ƒoƒXƒPƒbƒgƒ{[ƒ‹ƒLƒ“ƒO,æ”­‹N—p‚Ì”ª‘º‚ÉƒŒƒuƒƒ“‚ÆƒfƒCƒrƒX‚ªŠñ‚¹‚éM—Š‚ÆŠú‘Òcuãè‚­˜AŒg‚µ‚Ä‚¢‚év,https://news.yahoo.co.jp/articles/e2350c5ac23d21d4f347bb40ad1c42f233f1b1b1,2/9(‹à) 12:41
bballk,ƒoƒXƒPƒbƒgƒ{[ƒ‹ƒLƒ“ƒO,ğ‰Ä‚ÌƒoƒXƒPW”t‚ÅƒhƒCƒc‚ğ—DŸ‚Ö“±‚¢‚½ƒfƒjƒXEƒVƒ…ƒ‹[ƒ_[‚ªƒlƒbƒc‚ÖˆÚĞ,https://news.yahoo.co.jp/articles/0c7a1b971b7ef81f4d708b65949b563886e7fb9d,2/9(‹à) 12:35
bballk,ƒoƒXƒPƒbƒgƒ{[ƒ‹ƒLƒ“ƒO,æ”­w‚ÉƒPƒKl‚ª‘±o’†‚ÌƒjƒbƒNƒX‚ªƒsƒXƒgƒ“ƒY‚©‚çƒ{ƒOƒ_ƒmƒrƒbƒ`‚Æƒo[ƒNƒX‚ğŠl“¾,https://news.yahoo.co.jp/articles/a9cd70eac1af6a049fbf9d187d14f18949e1f795,2/9(‹à) 11:55
bballk,ƒoƒXƒPƒbƒgƒ{[ƒ‹ƒLƒ“ƒO,ƒR[ƒr[Eƒuƒ‰ƒCƒAƒ“ƒg‚Ì“º‘œ‚ª‚¨”â˜I–Úc81“¾“_‚ğ‹L˜^‚µ‚½“`à“I‡‚Ìƒ|[ƒY,https://news.yahoo.co.jp/articles/02440fda943c180025e0182526515a849b3110c4,2/9(‹à) 11:50
bballk,ƒoƒXƒPƒbƒgƒ{[ƒ‹ƒLƒ“ƒO,ƒyƒCƒT[ƒY‚ªƒoƒfƒBEƒq[ƒ‹ƒh‚ğƒVƒNƒT[ƒY‚É•úocƒ}ƒNƒ_[ƒ‚ƒbƒg‚ª–ñ3”N‚Ô‚è‚É•œ‹A,https://news.yahoo.co.jp/articles/e93fde4e6f78cb8af0b308cc6321df3286e11611,2/9(‹à) 11:06
bballk,ƒoƒXƒPƒbƒgƒ{[ƒ‹ƒLƒ“ƒO,yB1‘æ23ß Œ©‚Ç‚±‚ëz’–Ú‚Ígƒ†ƒEƒL‘ÎŒˆhc”ä]“‡Tvs”nê—Y‘åA“Œ’†ñˆÊŒˆí‚à•KŒ©,https://news.yahoo.co.jp/articles/eae9eeff74ee788f6c850195f5d8ff29458b085a,2/9(‹à) 11:00
bballk,ƒoƒXƒPƒbƒgƒ{[ƒ‹ƒLƒ“ƒO,y‡“ú’öE‡Œ‹‰ÊE•ú‘—”zME“ú–{‘ã•\ƒƒ“ƒo[zFIBA—qƒIƒŠƒ“ƒsƒbƒN¢ŠEÅI—\‘I2024,https://news.yahoo.co.jp/articles/c398450a7fef1cfbd917afd8066cffc4f2599fd6,2/9(‹à) 11:00
bballk,ƒoƒXƒPƒbƒgƒ{[ƒ‹ƒLƒ“ƒO,ƒEƒFƒXƒgñˆÊƒ^ƒC‚ÌƒTƒ“ƒ_[‚ªí—Í‘‹­cŒ³ƒI[ƒ‹ƒXƒ^[‚ÌƒS[ƒhƒ“EƒwƒCƒ[ƒh‚ğŠl“¾,https://news.yahoo.co.jp/articles/118c589edbaa7845bda60545c7e17036a2cd0b52,2/9(‹à) 9:33
bballk,ƒoƒXƒPƒbƒgƒ{[ƒ‹ƒLƒ“ƒO,ƒEƒFƒXƒg5ˆÊ‚ÌƒTƒ“ƒY‚ª3ƒ`[ƒ€ŠÔƒgƒŒ[ƒh‚ÅÀ—Í”hƒƒCƒXEƒIƒj[ƒ‹‚ğŠl“¾,https://news.yahoo.co.jp/articles/78cca175791f8ba209ced440a855ae7c1f00af28,2/9(‹à) 9:25
bballk,ƒoƒXƒPƒbƒgƒ{[ƒ‹ƒLƒ“ƒO,ƒXƒyƒCƒ“‚ğ“Ë‚«•ú‚·—ÑçŠó‚Ì3ƒ|ƒCƒ“ƒgƒVƒ…[ƒg‚ğ¶‚İo‚µ‚½Ô•ä‚Ğ‚Ü‚í‚è‚ÌƒrƒbƒOƒvƒŒ[,https://news.yahoo.co.jp/articles/15d2c084cfdbb9e4940cae51089f500881c2d4b7,2/9(‹à) 7:26
bballk,ƒoƒXƒPƒbƒgƒ{[ƒ‹ƒLƒ“ƒO,3ƒ`[ƒ€ŠÔƒgƒŒ[ƒh‚ÅŒÃ‘ƒƒOƒŠƒYƒŠ[ƒYˆÚĞ‚Ì“nç²—Y‘¾u‚±‚ê‚¾‚©‚çl¶‚Á‚ÄŠy‚µ‚¢v,https://news.yahoo.co.jp/articles/05719dccdbe5f9a5d4ae36f0ddec3b3ec2b94ceb,2/9(‹à) 6:54
bballk,ƒoƒXƒPƒbƒgƒ{[ƒ‹ƒLƒ“ƒO,—q“ú–{‘ã•\‚ª‹­‹ƒXƒyƒCƒ“‚ğ11“_·‚ÅŒ‚”jI ƒpƒŠŒÜ—Ö¢ŠEÅI—\‘I”’¯ƒXƒ^[ƒg‚É¬Œ÷,https://news.yahoo.co.jp/articles/8a0242d8be1e6ec9043cb09600a0527ecb79a05d,2/9(‹à) 2:08
bballk,ƒoƒXƒPƒbƒgƒ{[ƒ‹ƒLƒ“ƒO,EASLƒtƒ@ƒCƒiƒ‹4‚Ì‘g‚İ‡‚í‚¹Œˆ’ècç—tJ‚ÍŒ³NBAƒXƒ^[—i‚·‚é‘ä˜p‚Ì‹­‹‚Æ‘Îí,https://news.yahoo.co.jp/articles/002570504de7a99123ce637a3e197e76dadbe4af,2/8(–Ø) 20:44
bballk,ƒoƒXƒPƒbƒgƒ{[ƒ‹ƒLƒ“ƒO,B2ˆ¤•Q‚ÉƒCƒ“ƒJƒŒoê‚Ì—L–]Š”2–¼‚ª“Áw‰Á“üc•Ÿ‘å‘åŠogSFu1“ú1“ú‚ğ‘åØ‚Év,https://news.yahoo.co.jp/articles/67bb9d6d31023cd60cedf765e3c113ebc21f48db,2/8(–Ø) 18:30
bballk,ƒoƒXƒPƒbƒgƒ{[ƒ‹ƒLƒ“ƒO,’n“¹‚ÉƒRƒcƒRƒcu‚·‚²‚¢ƒNƒ‰ƒu‚É‚È‚é‚Æv‚¤v“‡“cƒ`ƒFƒAƒ}ƒ“‚ªˆïéƒƒ{ƒbƒcŒo‰cw‚ÉÅŒh—ç,https://news.yahoo.co.jp/articles/b879ebdd4d746a927500b6eab13c2305ac98bf91,2/8(–Ø) 17:45
bballk,ƒoƒXƒPƒbƒgƒ{[ƒ‹ƒLƒ“ƒO,—DŸŒó•âƒZƒ‹ƒeƒBƒbƒNƒX‚ªƒOƒŠƒYƒŠ[ƒY‚©‚çƒrƒbƒOƒ}ƒ“‚Ìƒ[ƒCƒrƒAEƒeƒBƒ‹ƒ}ƒ“Sr.‚ğŠl“¾,https://news.yahoo.co.jp/articles/3873d3aa404704caf2b675a29f6ed4a6572cc65d,2/8(–Ø) 16:48
bballk,ƒoƒXƒPƒbƒgƒ{[ƒ‹ƒLƒ“ƒO,–ñ6ƒJŒ‚Ì—ûKQ‰Á‚àuS‚ªÜ‚ê‚é‚±‚Æ‚Í‚È‚©‚Á‚½vc‰vq‘ñŒÈ‚ªƒCƒ“ƒpƒNƒg‚ ‚é–{‹’’nƒfƒrƒ…[,https://news.yahoo.co.jp/articles/bc40fb70a80975fe4ce926a60d40440dca4d7648,2/8(–Ø) 16:42
bballk,ƒoƒXƒPƒbƒgƒ{[ƒ‹ƒLƒ“ƒO,ƒsƒXƒgƒ“ƒY‚ª2‚Â‚ÌƒgƒŒ[ƒh‚É‡ˆÓcƒ‚ƒ“ƒeEƒ‚ƒŠƒX‚ªƒEƒFƒXƒgñˆÊƒ^ƒC‚ÌƒEƒ‹ƒuƒY‚Ö,https://news.yahoo.co.jp/articles/a1b0a49a863d7110dddca936f247fd0c487e2077,2/8(–Ø) 16:40
bballk,ƒoƒXƒPƒbƒgƒ{[ƒ‹ƒLƒ“ƒO,‹à‘ò‚ÅƒvƒŒ[‚µ‚½ƒWƒ‡ƒVƒ…ƒAEƒNƒƒtƒH[ƒh‚ª–kŠC“¹‚É‰Á“üc¡‹Gƒ_ƒuƒ‹ƒ_ƒuƒ‹‚ÌƒXƒ^ƒbƒc‚ğ‹L˜^,https://news.yahoo.co.jp/articles/437b1821393bc0401666c8b1ab8f971948e5919b,2/8(–Ø) 16:00
bballk,ƒoƒXƒPƒbƒgƒ{[ƒ‹ƒLƒ“ƒO,ìè‚ÌƒWƒ‡[ƒ_ƒ“Eƒq[ƒX‚ªIL“ü‚èc³”Oê‚É‚Ü‚½å—Í—£’E‚ÌƒAƒNƒVƒfƒ“ƒg,https://news.yahoo.co.jp/articles/d47ba7ca77c01ebcbe2c3c4182c48062a60698ad,2/8(–Ø) 15:39
bballk,ƒoƒXƒPƒbƒgƒ{[ƒ‹ƒLƒ“ƒO,•x‰iŒ[¶‚Ì‘ã–¼Œg3ƒ|ƒCƒ“ƒgh‚ª•s”­cƒlƒuƒ‰ƒXƒJ‘å‚Íƒm[ƒXƒEƒFƒXƒ^ƒ“‘å‚É”s‚ê2˜A”s,https://news.yahoo.co.jp/articles/9f3f8a0ce995446c31b9d3cc8b84402c6cde552c,2/8(–Ø) 14:11
bballk,ƒoƒXƒPƒbƒgƒ{[ƒ‹ƒLƒ“ƒO,ƒ|[ƒgƒ‰ƒ“ƒh‘åERƒm“à—E“o‚ªƒ`[ƒ€vŒ£“xƒgƒbƒvc2ƒPƒ^“¾“_ƒ}[ƒN‚àƒSƒ“ƒUƒK‘å‚É”sí,https://news.yahoo.co.jp/articles/481f72b9a998648995431b038081f9d4da734a9c,2/8(–Ø) 13:53
bballk,ƒoƒXƒPƒbƒgƒ{[ƒ‹ƒLƒ“ƒO,ƒ}ƒuƒX‚ÌƒJƒCƒŠ[EƒA[ƒrƒ“ƒO‚ªANTA‚ÌƒVƒOƒlƒ`ƒƒ[ƒ‚ƒfƒ‹uthe KAI 1v‚ğ‚¨”â˜I–Ú,https://news.yahoo.co.jp/articles/f49f671cac5b0365cff35066d0ab3b9256325cef,2/8(–Ø) 13:35
bballk,ƒoƒXƒPƒbƒgƒ{[ƒ‹ƒLƒ“ƒO,‰¡•lBC‚Ì‰Í‘º—E‹P‚ª“¾“_ƒ‰ƒ“ƒNƒgƒbƒv‚ÉÄ•‚ãcŸß‚Íç—tJ•xŠ~‚Æ“ú–{‘ã•\Wƒ†ƒEƒL‘ÎŒˆ,https://news.yahoo.co.jp/articles/e9cf6a6f0d678876a85a310353b8acc6dd705b6f,2/8(–Ø) 12:45
bballk,ƒoƒXƒPƒbƒgƒ{[ƒ‹ƒLƒ“ƒO,NBAjã‰‚Ì’¿–cƒNƒŠƒbƒp[ƒYAƒiƒQƒbƒc‚ğŠÜ‚Ş4ƒ`[ƒ€‚ªƒQ[ƒ€·‚È‚µ‚ÅƒEƒFƒXƒgñˆÊ‚É,https://news.yahoo.co.jp/articles/a1a68888a099580ca03db774a95bdb385f7b8574,2/8(–Ø) 12:40
bballk,ƒoƒXƒPƒbƒgƒ{[ƒ‹ƒLƒ“ƒO,ñˆÊ“Æ‘–‚ÌO‰“‚ª˜AŸ‹L˜^‚³‚ç‚ÉXVc‰¡•lBC‚Í‰Í‘º‚ª30“_”—‚éŠˆ–ô‚Å˜A”s’Eo/2Œ7“úŠJÃ B1‡Œ‹‰Ê,https://news.yahoo.co.jp/articles/50c7239bc81340d7aaf124ee9e497a3ce7b851fb,2/8(–Ø) 12:27
bballk,ƒoƒXƒPƒbƒgƒ{[ƒ‹ƒLƒ“ƒO,gŒ»–ğ•œ‹A‚µ‚½ƒŒƒWƒFƒ“ƒhh‚©‚çgŒö®í‰µW‚Ì22Îh‚Ü‚ÅcƒpƒŠŒÜ—Ö¢ŠEÅI—\‘I‚É—Õ‚Ş—q“ú–{‘ã•\12–¼‚ğ“O’êĞ‰îI,https://news.yahoo.co.jp/articles/636b3674bd2f058ef70626d71b899dfbfc7d6989,2/8(–Ø) 12:00
bballk,ƒoƒXƒPƒbƒgƒ{[ƒ‹ƒLƒ“ƒO,yB2‘æ21ß Œ©‚Ç‚±‚ëz•Ÿ‰ªvsŒF–{‚Í¡Œã‚àŒ©˜‚¦‚½d—v‚È’n‹æñˆÊŒˆí‚Éc_ŒË‚ÌƒqƒTƒ^ƒP‚Í‘‘¬‚ÌŒÃ‘ƒí,https://news.yahoo.co.jp/articles/ed16cce86ed7ff171644c999a7d1ea44283e4561,2/8(–Ø) 11:00
bballk,ƒoƒXƒPƒbƒgƒ{[ƒ‹ƒLƒ“ƒO,‹A‚Á‚Ä‚«‚½ƒŒƒWƒFƒ“ƒh‹g“cˆŸ¹”ü‚ª‹­’²cu‰í‚Ì‘åØ‚³‚Í‚í‚©‚Á‚Ä‚¢‚Ü‚·v,https://news.yahoo.co.jp/articles/f5e2650005a381b1de829b081619fa51adf8a74b,2/8(–Ø) 8:32
bballk,ƒoƒXƒPƒbƒgƒ{[ƒ‹ƒLƒ“ƒO,ƒfƒBƒtƒFƒ“ƒX‚Æ‘–—Í‚ğ•Ší‚ÉOQT‚Ö’§‚Ş–ìŒû‚³‚­‚çcu—^‚¦‚ç‚ê‚½–ğŠ„‚ğ‚â‚è’Ê‚µ‚½‚¢v,https://news.yahoo.co.jp/articles/63b1b7d7f25bd667a2fdcfde0c870b953b6f8ec5,2/8(–Ø) 6:55
bballk,ƒoƒXƒPƒbƒgƒ{[ƒ‹ƒLƒ“ƒO,“Vc”t€ŒˆŸ‚Ì‘O£í‚Í—®‹…ƒS[ƒ‹ƒfƒ“ƒLƒ“ƒOƒX‚ÉŒR”zcƒŠƒoƒEƒ“ƒh”‚ÅìèƒuƒŒƒCƒuƒTƒ“ƒ_[ƒX‚ğˆ³“|,https://news.yahoo.co.jp/articles/6f327ad16d468d846429591fc1698b0f3cd72deb,2/7(…) 22:08
bballk,ƒoƒXƒPƒbƒgƒ{[ƒ‹ƒLƒ“ƒO,NBA‚ªƒtƒ‹LEDƒR[ƒg‚ğƒI[ƒ‹ƒXƒ^[‚ÅÌ—pc’S“–Òu–]‚Ş‚à‚Ì‚È‚ç‰½‚Å‚àvVŠÏí‘ÌŒ±‚ğ’ñ‹Ÿ,https://news.yahoo.co.jp/articles/2b519f71b9e554d4cc132c68e4f5e1da1b438fb1,2/7(…) 20:17
bballk,ƒoƒXƒPƒbƒgƒ{[ƒ‹ƒLƒ“ƒO,“ú–{‘ã•\E‰¶’ËHCAƒƒ“ƒo[‘Il‚Ìƒ|ƒCƒ“ƒg‚Íu‘¬‚³A‚µ‚Â‚±‚³Aƒ`[ƒ€ƒ[ƒNvcƒpƒŠØ•„–Úw‚µ‚ÄOQT‚Ö,https://news.yahoo.co.jp/articles/2f65987eafbc03b233589cb43b5aae062f83149f,2/7(…) 19:27
bballk,ƒoƒXƒPƒbƒgƒ{[ƒ‹ƒLƒ“ƒO,Œƒí•KŠ‚ÌƒpƒŠŒÜ—Ö—\‘IuƒAƒ“‚Ìv‚¢‚ğ”w•‰‚Á‚Äv“ú–{‘ã•\E—ÑçŠó‚ª–³”O—£’E‚Ì’‡ŠÔv‚¤,https://news.yahoo.co.jp/articles/7b26974d7c55caea31a5188a929beee75d1c4fef,2/7(…) 18:45
bballk,ƒoƒXƒPƒbƒgƒ{[ƒ‹ƒLƒ“ƒO,ƒpƒŠŒÜ—Ö—\‘I‚É—Õ‚Ş“ú–{‘ã•\E”n‰ZƒXƒeƒtƒ@ƒj[uƒrƒbƒOƒ}ƒ“‚É‚Ç‚ê‚¾‚¯ƒAƒ^ƒbƒN‚Å‚«‚é‚©vo–…g‰‹¤‰‰h‚ÉÎŠç,https://news.yahoo.co.jp/articles/2a1217031f8ba99ecf44cc7dc77759c89db06662,2/7(…) 17:48
bballk,ƒoƒXƒPƒbƒgƒ{[ƒ‹ƒLƒ“ƒO,OQT‚Å“ú–{‘ã•\‰‘Ioc–ìŒû‚³‚­‚ç‚ªˆÓ‹C‚İu¸ˆê”t‘S—Í‚ÅŠæ’£‚è‚Ü‚·v,https://news.yahoo.co.jp/articles/79da621c1047b89fbf69f7e268263209040e84b2,2/7(…) 15:35
bballk,ƒoƒXƒPƒbƒgƒ{[ƒ‹ƒLƒ“ƒO,Œã”¼‚Éå“±Œ ‚ğ‚Â‚©‚ñ‚¾ƒTƒ“ƒY‚ªƒz[ƒ€‚ÅƒoƒbƒNƒX‚ğŒ‚”jcƒfƒ…ƒ‰ƒ“ƒg‚çƒG[ƒXw‚ª–ô“®,https://news.yahoo.co.jp/articles/e46de83f8e56b09d77687ad53c0174c3aa41d4b5,2/7(…) 14:42
bballk,ƒoƒXƒPƒbƒgƒ{[ƒ‹ƒLƒ“ƒO,ƒIƒŠƒ“ƒsƒbƒN¢ŠEÅI—\‘I‚Ìƒpƒ[ƒ‰ƒ“ƒLƒ“ƒOc—q“ú–{‘ã•\‚Í8ˆÊ‚Éƒ‰ƒ“ƒNƒCƒ“,https://news.yahoo.co.jp/articles/4f46b15fc1f1629da00d223e70b9305c4a8078b4,2/7(…) 13:59
bballk,ƒoƒXƒPƒbƒgƒ{[ƒ‹ƒLƒ“ƒO,êC‘å‚Ì¼–ì—y–í‚ªO‰“‚Ì—ûKQ‰ÁcñˆÊ“Æ‘–ƒ`[ƒ€‚É‹­‹‘å‚Ì—L–]Š”WŒ‹,https://news.yahoo.co.jp/articles/020e8f22dd6810e87f7ffd6f450770a5d92caba1,2/7(…) 13:48
bballk,ƒoƒXƒPƒbƒgƒ{[ƒ‹ƒLƒ“ƒO,ƒŒƒCƒJ[ƒY‚ªŒ»’n8“ú‚Ì‡‚Åƒuƒ‰ƒbƒNƒ}ƒ“ƒoƒ†ƒjƒtƒH[ƒ€‚ğ’…—pc“¯“ú‚ÉƒR[ƒr[‚Ì“º‘œœ–‹®‚àŠJÃ,https://news.yahoo.co.jp/articles/14506fa06894a32e0cfcb78b07ee8b253d7e3c7d,2/7(…) 13:07
bballk,ƒoƒXƒPƒbƒgƒ{[ƒ‹ƒLƒ“ƒO,2”NŠÔ‚Ì‰÷‚µ‚³‚ğ‚Ô‚Â‚¯‚éº˜aŠw‰@c‘å•’ŒER‰ºÎ—à“Ş‚Íu–ˆ‡gƒ_ƒuƒ‹ƒ_ƒuƒ‹hv‚ğŒf‚°‘S‘ƒxƒXƒg4‚Ö,https://news.yahoo.co.jp/articles/433b5e14c3a73f0955ef5f7fe4601b140d15e088,2/7(…) 12:41
bballk,ƒoƒXƒPƒbƒgƒ{[ƒ‹ƒLƒ“ƒO,“ú–{‘ã•\—‘I‚ÌƒIƒRƒG“m‰Ô‚ªƒG[ƒ‹uF‚ñ‚Èl‚Ì•ª‚Ü‚Å‘I‚Î‚ê‚½‘Iè‚ªŠæ’£‚Á‚Ä‚­‚ê‚é‚Æv‚¢‚Ü‚·v,https://news.yahoo.co.jp/articles/9abea21ee6200e68a1d7f50acbbce46a9be8d861,2/7(…) 12:37
bballk,ƒoƒXƒPƒbƒgƒ{[ƒ‹ƒLƒ“ƒO,ƒ‰ƒCƒWƒ“ƒOƒXƒ^[ƒY‚ÌƒƒXƒ^[Œˆ’ècƒŒƒWƒFƒ“ƒh‚ÌƒKƒ\ƒ‹‚ªƒEƒFƒ“ƒoƒ“ƒ„ƒ}‚ğg1ˆÊw–¼h,https://news.yahoo.co.jp/articles/2dbf51e89ec602285bf5ede255ea5d9d68bab299,2/7(…) 12:15
bballk,ƒoƒXƒPƒbƒgƒ{[ƒ‹ƒLƒ“ƒO,ƒxƒ“ƒ`‚©‚ç”’¯‚ğŒ©“Í‚¯‚½ƒgƒ“ƒvƒ\ƒ“c‰÷‚µ‚³‚É‚¶‚Ü‚¹‚é‚àáè‚Ì¬’·‚ÉuŠì‚Î‚µ‚¢‚±‚Æ‚¾v,https://news.yahoo.co.jp/articles/8e77d216f4e9d0d2f8aa410ba17ac6497f018726,2/7(…) 11:40
bballk,ƒoƒXƒPƒbƒgƒ{[ƒ‹ƒLƒ“ƒO,ENEOS‚ª¯ˆÇ—‚Ì•‰”­•\c‰¢B‚Å‚Ì“ú–{‘ã•\Šˆ“®‚Å¶•G‘O\šx‘Ñ’f—ôu©•ª‚ª‚Å‚«‚é‚±‚Æ‚ğ¸ˆê”tv,https://news.yahoo.co.jp/articles/a170af7ac2487747e933e42d95010b45734a98c5,2/7(…) 11:39
bballk,ƒoƒXƒPƒbƒgƒ{[ƒ‹ƒLƒ“ƒO,ƒVƒNƒT[ƒY‚Ì‘å•’ŒƒWƒ‡ƒGƒ‹EƒGƒ“ƒr[ƒh‚ª¶ƒqƒU‚ğèpcƒV[ƒYƒ“I”Õ‚Åí—ñ•œ‹A‚©H,https://news.yahoo.co.jp/articles/02ffa903c19cef822f928cb712bc79cbc2823d0a,2/7(…) 11:32
bballk,ƒoƒXƒPƒbƒgƒ{[ƒ‹ƒLƒ“ƒO,yB1‘æ22ß Œ©‚Ç‚±‚ëz¡‹G2“x–Úg‹ãƒ_[ƒr[h‚ÍƒK[ƒhw‚Ì‚â‚è‡‚¢‚É’–Úc“Vc”t€ŒˆŸg‘O£íh‚à,https://news.yahoo.co.jp/articles/0f272f8afc758aff9ba2bcba81bcefb409151b13,2/7(…) 11:00
bballk,ƒoƒXƒPƒbƒgƒ{[ƒ‹ƒLƒ“ƒO,ƒPƒK‚ÅŒ‡ê‚ÌƒGƒ“ƒr[ƒh‚Æƒ‰ƒ“ƒhƒ‹‚É‘ã‚í‚èAƒ„ƒ“ƒO‚Æƒo[ƒ“ƒY‚ªƒI[ƒ‹ƒXƒ^[“ü‚è,https://news.yahoo.co.jp/articles/d5a5186f4f04fcf8f05ea10b46cbe6de3a04a9e1,2/7(…) 10:46
bballk,ƒoƒXƒPƒbƒgƒ{[ƒ‹ƒLƒ“ƒO,ƒXƒ‰ƒ€ƒ_ƒ“ƒNƒRƒ“ƒeƒXƒg‚ÌQ‰Á—\’èÒ‚ªŒöŠJc“Œ‹­‹‚ÌƒG[ƒXAƒ‹[ƒL[2–¼‚ª‘O‰ñ‰¤Ò‚É’§‚Ş,https://news.yahoo.co.jp/articles/392c0139bad6b0dac588257abb824818beba5566,2/7(…) 10:14
bballk,ƒoƒXƒPƒbƒgƒ{[ƒ‹ƒLƒ“ƒO,y‡“ú’öE•ú‘—”zME“ú–{‘ã•\ƒƒ“ƒo[zFIBA—qƒIƒŠƒ“ƒsƒbƒN¢ŠEÅI—\‘I2024,https://news.yahoo.co.jp/articles/c836bedd439dde1de251aebf89e02e995140f59d,2/7(…) 10:00
bballk,ƒoƒXƒPƒbƒgƒ{[ƒ‹ƒLƒ“ƒO,—q“ú–{‘ã•\‚ÌƒpƒŠŒÜ—Ö—\‘IƒƒXƒ^[”­•\c‹g“cˆŸ¹”üA”n‰Zo–…‚ç12–¼‚ÅÅIŒˆí‚Ö,https://news.yahoo.co.jp/articles/0b49b98af34d8f7942701edf7f146e54ad4c1273,2/7(…) 9:36
bballk,ƒoƒXƒPƒbƒgƒ{[ƒ‹ƒLƒ“ƒO,ğ”N”eÒƒŠƒ‰[ƒh‚ğ•M“ª‚ÉAƒuƒ‰ƒ“ƒ\ƒ“‚âƒ}ƒ‹ƒJƒlƒ“‚çÀ—ÍÒ‚½‚¿‚ª3PƒRƒ“ƒeƒXƒgQí‚Ö,https://news.yahoo.co.jp/articles/481c67b995fddd757bccdc1c7a8fe59b167ba07d,2/6(‰Î) 19:27
bballk,ƒoƒXƒPƒbƒgƒ{[ƒ‹ƒLƒ“ƒO,ƒƒPƒbƒc‚É’Éècæ”­PGƒtƒŒƒbƒhEƒoƒ“ƒuƒŠ[ƒg‚ª¶“à“]‹Ø‚Ì•‰‚Åíü—£’E,https://news.yahoo.co.jp/articles/4eb2af2438226ce1ebbf662f2070a42f5cc99044,2/6(‰Î) 18:33
bballk,ƒoƒXƒPƒbƒgƒ{[ƒ‹ƒLƒ“ƒO,ƒoƒXƒP‚Å–hĞŠw‚Ôw‚»‚È‚¦‚ÄƒoƒXƒP”txŠJÃc‘O”NB1—DŸ‚Íç—tJu–hĞ—Í‚ğ‚‚ß‚Äv•xŠ~—E÷‚àŒÄ‚Ñ‚©‚¯,https://news.yahoo.co.jp/articles/01fcfed58e4255bc9eae7af96fe31e0f07f8aabd,2/6(‰Î) 18:12
bballk,ƒoƒXƒPƒbƒgƒ{[ƒ‹ƒLƒ“ƒO,gƒWƒFƒŠ[h‚Æ‚Ì‹­—ÍƒRƒ“ƒr‚É‚È‚ê‚é‚©cwŠöŠ¯‚àŠú‘Ò‚·‚é“ú–{q‹ó‚Ì·‚èã‚°‘à’·EO‘ºƒf[ƒ‹ƒAƒ“ƒ\ƒj[,https://news.yahoo.co.jp/articles/67b8c99b69b7a10750110de4dc56f829815ffce4,2/6(‰Î) 17:57
bballk,ƒoƒXƒPƒbƒgƒ{[ƒ‹ƒLƒ“ƒO,ƒEƒ‹ƒuƒY‚ÌƒNƒŠƒXEƒtƒBƒ“ƒ`HC‚ªƒI[ƒ‹ƒXƒ^[ƒQ[ƒ€‚ÅƒEƒFƒXƒg‚ÌwŠöŠ¯‚ÖA”C,https://news.yahoo.co.jp/articles/1c3159d8708813ff00fef8674466c01cb4cc68d2,2/6(‰Î) 17:47
bballk,ƒoƒXƒPƒbƒgƒ{[ƒ‹ƒLƒ“ƒO,‹Y‘å‚Ì“¡Œ´—Ä‰ä‚ª_ŒË‚É“Áw‰Á“üuƒAƒbƒvƒeƒ“ƒ|‚È‡“WŠJ‚ğì‚ê‚é‘Ièv,https://news.yahoo.co.jp/articles/0bed5c0690378c1a27a6763555996707f83f68b9,2/6(‰Î) 17:00
bballk,ƒoƒXƒPƒbƒgƒ{[ƒ‹ƒLƒ“ƒO,B1ˆïé‚ªU18Š‘®‚Ì2‘Iè‚ğƒ†[ƒXˆç¬“Á•Ê˜g‚Å“o˜^c3Œ‚ÌB1Œö®í‚Åƒxƒ“ƒ`“ü‚è—\’è,https://news.yahoo.co.jp/articles/6e0cdce3bc8ff3a83954e5840cc298618954c496,2/6(‰Î) 16:32
bballk,ƒoƒXƒPƒbƒgƒ{[ƒ‹ƒLƒ“ƒO,–kŠC“¹‚Ìƒg[ƒ}ƒXEƒEƒFƒ‹ƒVƒ…‚ªƒCƒ“ƒWƒ…ƒAƒŠ[ƒŠƒXƒg“ü‚èc1Œ––‚ÉŠO«‰EŒ¨ŠÖß’E‰P‚Æf’f,https://news.yahoo.co.jp/articles/21e2bd05e3487a4e8735c17e21cb45b6f8572c3d,2/6(‰Î) 16:25
bballk,ƒoƒXƒPƒbƒgƒ{[ƒ‹ƒLƒ“ƒO,¡‹G‘æ15T‚ÌTŠÔMVP‚ÉƒNƒŠƒbƒp[ƒY‚ÌƒŒƒi[ƒhAƒz[ƒNƒX‚Ìƒ„ƒ“ƒO‚ª‘Io,https://news.yahoo.co.jp/articles/c281e8b3e60efc7a6058e2f0d3118504bb9f0bb5,2/6(‰Î) 16:10
bballk,ƒoƒXƒPƒbƒgƒ{[ƒ‹ƒLƒ“ƒO,å‘ä89ERS‚ªƒGƒŠƒbƒNEƒ}[ƒtƒB[‚Æ‚ÌŒ_–ñ‚ğ–—¹cƒ‰ƒVƒ‡[ƒ“Eƒg[ƒ}ƒX‚ÍIL‚©‚ç–•Á,https://news.yahoo.co.jp/articles/ecfff5cb77d7f197460e59032bc164099db2263b,2/6(‰Î) 15:56
bballk,ƒoƒXƒPƒbƒgƒ{[ƒ‹ƒLƒ“ƒO,ƒI[ƒ‹ƒXƒ^[‘Io‚ÌƒWƒFƒCƒŒƒ“Eƒuƒ‰ƒEƒ“Aƒ_ƒ“ƒNƒRƒ“ƒeƒXƒg‚Ö‚ÌQ‰Á‚ğ^Œ•‚ÉŒŸ“¢‚©,https://news.yahoo.co.jp/articles/512264fec99f4ab3725425b8c24daade9b870652,2/6(‰Î) 15:09
bballk,ƒoƒXƒPƒbƒgƒ{[ƒ‹ƒLƒ“ƒO,WƒŠ[ƒO‹…‰ƒƒtƒ@ƒ““Š•[‚ÌŒ‹‰Ê”­•\c•xm’ÊE’¬“c—Ú—B‚ªƒ_ƒ“ƒgƒc‚ÌÅ‘½“¾•[‘Io,https://news.yahoo.co.jp/articles/71ceafcbe81123e43dd79de84830e60786e2b5ca,2/6(‰Î) 14:46
bballk,ƒoƒXƒPƒbƒgƒ{[ƒ‹ƒLƒ“ƒO,OQTEƒnƒ“ƒKƒŠ[WŒ‹‚Ì4‘‚ğFIBA‚ªƒvƒŒƒrƒ…[cŒƒí•KŠ‚ÌƒOƒ‹[ƒv‚ÅÅ‘å‚Ì“ä‚Í“ú–{!?,https://news.yahoo.co.jp/articles/9d2396a06b92a1b8d1c4567a3a997b11e10ce0fb,2/6(‰Î) 14:01
bballk,ƒoƒXƒPƒbƒgƒ{[ƒ‹ƒLƒ“ƒO,ƒŒƒCƒJ[ƒY‚ªƒz[ƒlƒbƒc‚©‚ç“¦‚°‚«‚Á‚Ä3˜AŸc”ª‘º—Û‚Í2í˜A‘±æ”­oê,https://news.yahoo.co.jp/articles/f9dfa0646d4c8692c3d061ecc1d999613d57ddcd,2/6(‰Î) 11:16
bballk,ƒoƒXƒPƒbƒgƒ{[ƒ‹ƒLƒ“ƒO,uƒQ[ƒ€‚Ì—ğj‚ğŠw‚ÑAæl‚ÉŒhˆÓ‚ğvƒŒƒuƒƒ“‚ªŸ¢‘ã‚ğ’S‚¤áè‚ÉƒAƒhƒoƒCƒX,https://news.yahoo.co.jp/articles/18d4df28c2d046303910e05144765a34734ab5c5,2/5(Œ) 19:55
bballk,ƒoƒXƒPƒbƒgƒ{[ƒ‹ƒLƒ“ƒO,“‡ªEƒrƒ…ƒtƒH[ƒh‚ªŒÂlƒXƒ^ƒbƒc2•”–åƒgƒbƒv•‚ãc‰Í‘º—E‹P‚Í23.4“¾“_6.7ƒAƒVƒXƒg‚Å2ˆÊ,https://news.yahoo.co.jp/articles/321a3de4d6b3540080fc8b0f899e5d709544555b,2/5(Œ) 19:27
bballk,ƒoƒXƒPƒbƒgƒ{[ƒ‹ƒLƒ“ƒO,ŠÖ“ŒVl‘å‰ï‚ÅƒWƒFƒ‰ƒ}ƒCƒA—i‚·‚é“ú–{q‹ó‚ª’¸“_‚Éc—q‚Íº˜aŠw‰@‚ª—DŸ‚ğü‚é,https://news.yahoo.co.jp/articles/80acadc50cd01fe3741526bd633574935f8aa7f0,2/5(Œ) 19:18
bballk,ƒoƒXƒPƒbƒgƒ{[ƒ‹ƒLƒ“ƒO,—®‹…g‹A‰»‘IèhƒJ[ƒN‚ªŠ´Ó‚ÌŒÃ‘ƒ‘ÎícwŠöŠ¯u•Ší‚É‚È‚évƒrƒbƒOƒ‰ƒCƒ“ƒiƒbƒv‚Éè‰‚¦,https://news.yahoo.co.jp/articles/62e40cbfba11660c653262643bf7aee423edd023,2/5(Œ) 17:58
bballk,ƒoƒXƒPƒbƒgƒ{[ƒ‹ƒLƒ“ƒO,©ŒÈÅ‘½35“¾“_‚Åìè‚ğŸ—˜‚É“±‚¢‚½ƒEƒBƒ“ƒuƒbƒVƒ…u–l‚½‚¿‚ÍŒ‹‰Ê‚Å‰‚¦‚½‚¢v,https://news.yahoo.co.jp/articles/d4062ef6851bc0ad6b92c955b14d1c39da1e837d,2/5(Œ) 16:23
bballk,ƒoƒXƒPƒbƒgƒ{[ƒ‹ƒLƒ“ƒO,u‚Ü‚½ŒˆŸ‚Å‰ï‚¨‚¤v7”N4ƒJŒ‚Ô‚è‚ÌgÄíhI‚¦–ñ‘©cA“Œ‹Eƒoƒ‰ƒ“ƒXƒL[‚ÍƒNƒ‰ƒu‚Ì¬’·ÀŠ´,https://news.yahoo.co.jp/articles/414a40d2c32742fc3f25f6d78fa93af7edfb4437,2/5(Œ) 15:41
bballk,ƒoƒXƒPƒbƒgƒ{[ƒ‹ƒLƒ“ƒO,14˜AŸ‚ÅƒŠ[ƒOÅ‚Ÿ—¦‚àO‰“‚É–û’f‚È‚µc‘å‰YéD‘¾u‚¢‚Â•‰‚¯‚Ä‚à‚¨‚©‚µ‚­‚È‚¢v,https://news.yahoo.co.jp/articles/8395c92088102572e57a29323803e5f62a9307be,2/5(Œ) 14:52
bballk,ƒoƒXƒPƒbƒgƒ{[ƒ‹ƒLƒ“ƒO,¶”¼Œ”Â‚Ì•‰‚ÅŒ‡ê’†‚ÌƒWƒ‡ƒGƒ‹EƒGƒ“ƒr[ƒhA‹ß“ú’†‚Éèp‚ğó‚¯’·Šú—£’E‚ÌŒ©’Ê‚µ,https://news.yahoo.co.jp/articles/1032076d147d7adcd9af6a8f621c0255d6c70819,2/5(Œ) 14:49
bballk,ƒoƒXƒPƒbƒgƒ{[ƒ‹ƒLƒ“ƒO,u»Œvv‚ÌŸ‚Íu©—R‚Ì—_v‚Æu‰¤Š¥vcƒgƒŒ[ƒhŠúŒÀ’¼‘O‚ÉˆÓ–¡[“Še‚ğ‘±‚¯‚éƒŒƒuƒƒ“,https://news.yahoo.co.jp/articles/2898731bdb4dad0e567b7edfe2fd671173c723a8,2/5(Œ) 14:22
bballk,ƒoƒXƒPƒbƒgƒ{[ƒ‹ƒLƒ“ƒO,•x‰iŒ[¶‚ªƒQ[ƒ€ƒnƒC31“¾“_‚Æ–ô“®cƒlƒuƒ‰ƒXƒJ‘å‚Í‹­‹ƒCƒŠƒmƒC‘å‚ÉOT‚ÅÉ”s,https://news.yahoo.co.jp/articles/5d93b215a0cb2a99ab66320bd0b7174736962b8d,2/5(Œ) 12:21
bballk,ƒoƒXƒPƒbƒgƒ{[ƒ‹ƒLƒ“ƒO,ƒz[ƒ€‚Å˜A”s‚ğ‹i‚µ‚½‰¡•lBCc33“¾“_‚Ì‰Í‘º—E‹P‚ÍuƒfƒBƒtƒFƒ“ƒX‚ğ‹s‚Å‚«‚È‚©‚Á‚½v,https://news.yahoo.co.jp/articles/f0d1929956331fb7955f7455b83dfcbdf094e66c,2/5(Œ) 12:16
bballk,ƒoƒXƒPƒbƒgƒ{[ƒ‹ƒLƒ“ƒO,ƒTƒ“ƒYAƒr[ƒ‹‚ªŒÃ‘ƒƒEƒBƒU[ƒY‘Šè‚É–ô“®‚µ‘åŸc“nç²‚Í7“¾“_2ƒXƒeƒB[ƒ‹‚ğ‹L˜^,https://news.yahoo.co.jp/articles/5dfb6261464fff2dc2b10b7af1af484e02c6db62,2/5(Œ) 12:11
bballk,ƒoƒXƒPƒbƒgƒ{[ƒ‹ƒLƒ“ƒO,ƒhƒbƒNEƒŠƒo[ƒXHC‚ªƒoƒbƒNƒX‚Å‰Ÿ—˜cƒI[ƒ‹ƒXƒ^[ƒQ[ƒ€‚ÌwŠöŠ¯‚É‚àA”CŒˆ’è,https://news.yahoo.co.jp/articles/0e9940109fc42c9c8d2c5d1cfead663b92cb1dd9,2/4(“ú) 19:55
bballk,ƒoƒXƒPƒbƒgƒ{[ƒ‹ƒLƒ“ƒO,ƒ‰ƒbƒZƒ‹EƒEƒFƒXƒgƒuƒ‹ƒbƒN‚ª’ÊZ2–œ5000“¾“_‚É“’BcNBAjã2l–Ú‚Ì‰õ‹“‚à’B¬,https://news.yahoo.co.jp/articles/53b5378c4e8dfb9f321f0ebc6dd19d7b3bf43d35,2/4(“ú) 19:48
bballk,ƒoƒXƒPƒbƒgƒ{[ƒ‹ƒLƒ“ƒO,–¼ŒÃ‰®D‚ªOT‚ÌŒƒ“¬‚ğ§‚µ‚Ä6˜AŸcO‰“‚Í“‡ª‚ğ”j‚Á‚Ä”j’|‚Ì14˜AŸ‚É/2Œ4“úŠJÃ B1‡Œ‹‰Ê,https://news.yahoo.co.jp/articles/64b8cf1bcc5d89282aa4555b51a3576f31462d5d,2/4(“ú) 19:12
bballk,ƒoƒXƒPƒbƒgƒ{[ƒ‹ƒLƒ“ƒO,ƒJƒŠ[‚ª3P10–{¬Œ÷‚Ì‘å”š”­cƒR[ƒr[‚Ìˆø‘Ş‡‚É‘±‚­35ÎˆÈã‚Å‚Ì60“¾“_’B¬Ò‚É,https://news.yahoo.co.jp/articles/85937a15d6db2fd1af89dce5e94f4cecbe725176,2/4(“ú) 18:27
bballk,ƒoƒXƒPƒbƒgƒ{[ƒ‹ƒLƒ“ƒO,ƒuƒ‹ƒY‚ÌƒUƒbƒNEƒ‰ƒr[ƒ“‚ª¡‹G”Y‚Ü‚³‚ê‚Ä‚«‚½‰E‘«‚Ìèp‚ğŒˆ’fcc‚è‡‚Í‘S‹x‚É,https://news.yahoo.co.jp/articles/49d512c0a95e51fa5a0b93c00ecfe8e1674ff91f,2/4(“ú) 18:22
bballk,ƒoƒXƒPƒbƒgƒ{[ƒ‹ƒLƒ“ƒO,ƒAƒEƒH[ƒh‘Io‚Ì‚½‚ß‚Ìg65‡oêh‚ÉƒnƒŠƒo[ƒgƒ“‚Íu”n­‚°‚½ƒ‹[ƒ‹‚¾‚Æv‚¤‚¯‚Çcv,https://news.yahoo.co.jp/articles/6456da718a1e00360c26922f849f858a99022997,2/4(“ú) 18:13
bballk,ƒoƒXƒPƒbƒgƒ{[ƒ‹ƒLƒ“ƒO,—®‹…‚ªƒAƒEƒF[‚Å‚ÌŒƒ“¬‚ğ§‚µ‚ÄA“Œ‹‚ÉƒŠƒxƒ“ƒWc“Œ¼ñˆÊ‘ÎŒˆ‚Í1Ÿ1”s‚ÌƒC[ƒuƒ“‚É,https://news.yahoo.co.jp/articles/1ab9565c90306b6c272e2238162ccddeea802155,2/4(“ú) 17:37
bballk,ƒoƒXƒPƒbƒgƒ{[ƒ‹ƒLƒ“ƒO,ƒŒƒoƒ“ƒK–kŠC“¹‚ªƒAƒEƒF[‚Å˜AŸ‚ğû‚ß‚éc‰¡•lBC‚Ì‰Í‘º—E‹P‚Í33“¾“_‚àŸ—˜‚É“Í‚©‚¸,https://news.yahoo.co.jp/articles/e6b7c1e41bf403efb610cc40e282336e16204193,2/4(“ú) 16:36
bballk,ƒoƒXƒPƒbƒgƒ{[ƒ‹ƒLƒ“ƒO,ƒWƒFƒCƒRƒuƒX»‚ª©ŒÈÅ’·‚Ìoê‚Å5“¾“_5ƒŠƒoƒEƒ“ƒhcƒnƒƒC‘åŠw‚Í˜AŸƒXƒgƒbƒv,https://news.yahoo.co.jp/articles/73021030634c45c221dcf3b50c2e05e32a0ced3d,2/4(“ú) 14:57
bballk,ƒoƒXƒPƒbƒgƒ{[ƒ‹ƒLƒ“ƒO,•‰Ò‚ª‘±‚­å‘äcƒ„ƒ“ƒWƒFƒ~ƒ“‚Í”]ká¹AÂ–Ø•ÛŒ›‚Í‰E‘O‹—äCx‘Ñ‘¹‚Å‘S¡–¢’è‚Æf’f,https://news.yahoo.co.jp/articles/067680c7b6c0501e0dc1f32be2a6b23f56ec6fa2,2/4(“ú) 14:28
bballk,ƒoƒXƒPƒbƒgƒ{[ƒ‹ƒLƒ“ƒO,ƒ|[ƒgƒ‰ƒ“ƒh‘å‚ªƒyƒp[ƒ_ƒCƒ“‘å‚ğ”j‚Á‚Ä2˜AŸ‚ğü‚écæ”­‚µ‚½Rƒm“à—E“o‚Í6“¾“_,https://news.yahoo.co.jp/articles/7a56cad7744b910cb6e99f04afce3b27749a8419,2/4(“ú) 13:31
bballk,ƒoƒXƒPƒbƒgƒ{[ƒ‹ƒLƒ“ƒO,ƒAƒ_ƒ€ƒY‚ªƒƒPƒbƒc‚ÖˆÚĞcƒOƒŠƒYƒŠ[ƒY‘ã‚Ìí—F‚Íu”Ş‚Í‚·‚²‚­Šy‚µ‚İ‚É‚µ‚Ä‚¢‚½v,https://news.yahoo.co.jp/articles/de397a3a163dc09b124248e511783abe1167fcc0,2/4(“ú) 13:16
bballk,ƒoƒXƒPƒbƒgƒ{[ƒ‹ƒLƒ“ƒO,ƒŒƒCƒJ[ƒY‚ª9˜AŸ’†‚ÌƒjƒbƒNƒX‚ğ“G’n‚ÅŒ‚”jcæ”­oê‚Ì”ª‘º—Û‚Í7“¾“_‚Å˜AŸ‚ÉvŒ£,https://news.yahoo.co.jp/articles/f6034a2a73cb0a2ad9c1725aaf9f492d2cc2a3b8,2/4(“ú) 13:03
bballk,ƒoƒXƒPƒbƒgƒ{[ƒ‹ƒLƒ“ƒO,g73“¾“_’jhƒhƒ“ƒ`ƒbƒ`‚ª2•”–å‚Å1ˆÊAƒTƒ{ƒjƒX‚ªU–h‚Å•±í/2024”N1Œ‚ÌŒŠÔƒ‰ƒ“ƒLƒ“ƒO,https://news.yahoo.co.jp/articles/2dde03005005c8ee46dd3a928aa325412a1027f3,2/4(“ú) 12:24
bballk,ƒoƒXƒPƒbƒgƒ{[ƒ‹ƒLƒ“ƒO,gˆÓ–¡[h‚ÈŠG•¶š‚ğ“Še‚µ‚Ä‚¢‚½ƒŒƒuƒƒ“c‰¯‘ª‚ğŒÄ‚Ô‚à‘ã—l‚Íƒ`[ƒ€c—¯‚ğ–¾Œ¾,https://news.yahoo.co.jp/articles/c44d22a3aecbfde21a490356c1d46b1eb00672ef,2/3(“y) 16:59
bballk,ƒoƒXƒPƒbƒgƒ{[ƒ‹ƒLƒ“ƒO,ƒŒƒCƒJ[ƒY‚Ìç”õElAƒWƒƒƒŒƒbƒhEƒoƒ“ƒ_[ƒrƒ‹ƒg‚ª‰E‘«•‰c¡Œã”TŠÔ‚ÍŒ‡êŒ©‚İ,https://news.yahoo.co.jp/articles/41559c0a734a591e7857c55cba881598a5a6ce95,2/3(“y) 16:21
bballk,ƒoƒXƒPƒbƒgƒ{[ƒ‹ƒLƒ“ƒO,V“V’n‚Ìå‘ä‚Å‚³‚ç‚È‚éi‰»‚ğ–Úw‚·ˆ¢•”—Èu‚Ç‚ê‚¾‚¯Ÿ‚¿‚ğì‚ê‚é‘Iè‚É‚È‚ê‚é‚©v/B MY HERO!,https://news.yahoo.co.jp/articles/1b413e6e6fecbc1f235155ed5a143ab530e421c7,2/3(“y) 15:40
bballk,ƒoƒXƒPƒbƒgƒ{[ƒ‹ƒLƒ“ƒO,ÂX‚Ìƒxƒeƒ‰ƒ“A•Ÿ“c^¶‚ªˆø‘Ş‚ğ•\–¾cu‹¹‚ğ’£‚Á‚ÄƒoƒXƒP‘Iè‚Æ‚µ‚ÄŠæ’£‚Á‚Ä‚±‚ç‚ê‚½v,https://news.yahoo.co.jp/articles/5e5cd34a65d2d2bc40aa0465164eedd64a116526,2/3(“y) 13:15
bballk,ƒoƒXƒPƒbƒgƒ{[ƒ‹ƒLƒ“ƒO,g_—lh‚ª—DŸ‚É’…—p‚µ‚Ä‚¢‚½ƒGƒAƒWƒ‡[ƒ_ƒ“6‘«‚Ì‹L”OƒRƒŒƒNƒVƒ‡ƒ“A‰ß‹Å‚‚Ì12‰­‰~‚Å—D,https://news.yahoo.co.jp/articles/5de888975c3eb30a8fa43e8101e6bb2043d98175,2/3(“y) 12:31
bballk,ƒoƒXƒPƒbƒgƒ{[ƒ‹ƒLƒ“ƒO,‘æ4Q‚Åƒz[ƒNƒX‚É‹£‚è•‰‚¯‚½ƒTƒ“ƒY‚ª”sícƒfƒ…ƒ‰ƒ“ƒg‚ªƒQ[ƒ€ƒnƒC35“¾“_‚Æ–ô“®,https://news.yahoo.co.jp/articles/3dbd0041daa1a68a57b9dc42c824681bca98190e,2/3(“y) 12:01
bballk,ƒoƒXƒPƒbƒgƒ{[ƒ‹ƒLƒ“ƒO,BƒŠ[ƒOuƒ‚ƒe’jNo.1Œˆ’èí2024vQí56‘Iè‚ª”­•\cğ‹G‚Í‰Í‘º—E‹P‚ª—DŸ‚µwananx“oê,https://news.yahoo.co.jp/articles/d4597826603ef118e334d6bf9ab71a6ef465201c,2/3(“y) 11:54
bballk,ƒoƒXƒPƒbƒgƒ{[ƒ‹ƒLƒ“ƒO,FIBA‚ªOQT’–Ú‘Iè‚ÉÔ•ä‚Ğ‚Ü‚í‚è‚ğƒsƒbƒNƒAƒbƒvcuç”õ‚Æ“—¦—Í‚ğ•¹‚¹‚ÂƒgƒbƒvƒNƒ‰ƒX‚Ì‘Ièv,https://news.yahoo.co.jp/articles/4ca59feca0db4099d8de688de7bdec6a72267ce8,2/3(“y) 10:29
bballk,ƒoƒXƒPƒbƒgƒ{[ƒ‹ƒLƒ“ƒO,NBAjãÅ‚ƒfƒ…ƒI‚ğ—á‚ÉcƒeƒCƒ^ƒ€‚ªƒ|ƒ‹ƒWƒ“ƒMƒX‚ÉŒ¾‹yuKP‚Í–{“–‚ÉŒ‡‚¯‚Ä‚¢‚½ƒs[ƒXv,https://news.yahoo.co.jp/articles/96853ddfb551d698a4a89ea7e4785ae86cbbf609,2/3(“y) 8:00
bballk,ƒoƒXƒPƒbƒgƒ{[ƒ‹ƒLƒ“ƒO,“ú‘Ì‘å‚ÌÎì‹¿‘¾˜Y‚ÆêC‘å‚Ì‰îìƒAƒ“ƒ\ƒj[ãÄ‚ªB1O‰“‚Ì—ûK‚ÉQ‰Á,https://news.yahoo.co.jp/articles/1eb00464c24c4413e1efd0554c2a9ba3fefb236d,2/2(‹à) 20:06
bballk,ƒoƒXƒPƒbƒgƒ{[ƒ‹ƒLƒ“ƒO,1Œ‚ÌŒŠÔÅ—DGVlÜ‚ÉƒXƒp[ƒY‚ÌƒEƒFƒ“ƒoƒ“ƒ„ƒ}Aƒz[ƒlƒbƒc‚Ìƒ~ƒ‰[‚ª‘Io,https://news.yahoo.co.jp/articles/f44612e60e09b6afb4f2fdd739db44223a191081,2/2(‹à) 18:44
bballk,ƒoƒXƒPƒbƒgƒ{[ƒ‹ƒLƒ“ƒO,1Œ‚ÌŒŠÔÅ—DGƒR[ƒ`Ü‚ÉƒNƒŠƒbƒp[ƒY‚Ìƒ‹[HCAƒjƒbƒNƒX‚ÌƒVƒ{ƒh[HC‚ª‘Io,https://news.yahoo.co.jp/articles/72c9126eb0270f29961311b22282c4f1e07c5248,2/2(‹à) 17:53
bballk,ƒoƒXƒPƒbƒgƒ{[ƒ‹ƒLƒ“ƒO,²‰ê‚ª—ûK¶‚Ì’†¼—C‰î‚Æ‘IèŒ_–ñcg‰Šúƒƒ“ƒo[hB1‚Ì•‘‘ä‚Åu‰¶•Ô‚µv,https://news.yahoo.co.jp/articles/0499726de88d1bf3b91f709ca33b8e4cfb2478a8,2/2(‹à) 17:31
bballk,ƒoƒXƒPƒbƒgƒ{[ƒ‹ƒLƒ“ƒO,ƒTƒ“ƒY‚ÌƒuƒbƒJ[AƒLƒƒƒoƒŠƒA[ƒY‚Ìƒ~ƒbƒ`ƒFƒ‹‚ª1Œ‚ÌŒŠÔÅ—DG‘IèÜ‚É‘Io,https://news.yahoo.co.jp/articles/31e7453f73d60be75baaba44d03e00b2ebb404ad,2/2(‹à) 17:12
bballk,ƒoƒXƒPƒbƒgƒ{[ƒ‹ƒLƒ“ƒO,B2Ã‰ª‚ª“ŒŠC‘åSG‚Æ“Á•Êw’è‘IèŒ_–ñc‘æ20ßEŒF–{í‚æ‚èƒGƒ“ƒgƒŠ[‰Â”\‚É,https://news.yahoo.co.jp/articles/1d12ff5891e927c19dc2604051cabb202d171fc2,2/2(‹à) 16:58
bballk,ƒoƒXƒPƒbƒgƒ{[ƒ‹ƒLƒ“ƒO,ìèƒuƒŒƒCƒuƒTƒ“ƒ_[ƒX‚ª3~3U23‘ã•\‚Ì‰vq‘ñŒÈ‚ÆŒ_–ñ’÷Œ‹c8Œ‚©‚ç—ûKQ‰ÁuŠ´Ó‚Ì‹C‚¿‚ğ–Y‚ê‚¸‚Év,https://news.yahoo.co.jp/articles/297e7965091748198c925682803d4da594cb4e1a,2/2(‹à) 16:27
bballk,ƒoƒXƒPƒbƒgƒ{[ƒ‹ƒLƒ“ƒO,ƒWƒFƒCƒRƒuƒX»‚ª“r’†oê‘¦3ƒ|ƒCƒ“ƒg¬Œ÷cƒnƒƒC‘å‚Í2˜AŸ‚Å¡ƒV[ƒYƒ“12Ÿ–Ú,https://news.yahoo.co.jp/articles/2b48f015503b427b4222fc3b193622eade516d30,2/2(‹à) 16:12
bballk,ƒoƒXƒPƒbƒgƒ{[ƒ‹ƒLƒ“ƒO,ƒlƒuƒ‰ƒXƒJ‘å‚ªŠiã‘Šè‚É‚Ü‚½‹à¯c•x‰iŒ[¶‚Íƒo[ƒXƒf[3P•s”­‚à–¼–åŒ‚”j,https://news.yahoo.co.jp/articles/c5e692dfb09a43760a26f894ec45e01891b8f864,2/2(‹à) 13:04
bballk,ƒoƒXƒPƒbƒgƒ{[ƒ‹ƒLƒ“ƒO,ğ‹GMVP‚ğŠl“¾‚µ‚½ƒWƒ‡ƒGƒ‹EƒGƒ“ƒr[ƒh‚ª¶ƒqƒU‚ÌŠO‘¤”¼Œ”Â‚ğ‘¹,https://news.yahoo.co.jp/articles/41229343a03165bf36c556eccc3e03e88546514f,2/2(‹à) 12:51
bballk,ƒoƒXƒPƒbƒgƒ{[ƒ‹ƒLƒ“ƒO,”n‰ZƒXƒeƒtƒ@ƒj[‚ªWNBAƒŠƒoƒeƒB‚ÆƒLƒƒƒ“ƒvŒ_–ñc2‹G˜A‘±‚ÅÅ‚•ô‚Ì•‘‘ä‚É’§í,https://news.yahoo.co.jp/articles/2c78547907e6c685376067e73ea7c7112dda7570,2/2(‹à) 12:17
bballk,ƒoƒXƒPƒbƒgƒ{[ƒ‹ƒLƒ“ƒO,ƒC[ƒXƒg‚©‚ç3‘Iè‚ª‰‘Io/NBAƒI[ƒ‹ƒXƒ^[2024ƒŠƒU[ƒuƒƒ“ƒo[,https://news.yahoo.co.jp/articles/afb729acb5e4f2bf119d7e8f1a2c52a9f14588a1,2/2(‹à) 12:02
bballk,ƒoƒXƒPƒbƒgƒ{[ƒ‹ƒLƒ“ƒO,ƒfƒCƒrƒX•ƒŒƒuƒƒ“Œ‡ê‚ÌƒŒƒCƒJ[ƒY‚ªƒZƒ‹ƒeƒBƒbƒNƒX‚ğŒ‚”jc”ª‘º—Û‚ÍUç—¼–Ê‚ÅŸ—˜‚ÉvŒ£,https://news.yahoo.co.jp/articles/2c80f0d4a5b17353745acd690e3e37cefbaeddb5,2/2(‹à) 12:01
bballk,ƒoƒXƒPƒbƒgƒ{[ƒ‹ƒLƒ“ƒO,yB2‘æ20ß Œ©‚Ç‚±‚ëz“Œ¼’n‹æñˆÊƒ`[ƒ€‚ªŒƒ“ËcƒŠƒxƒ“ƒW–Úw‚· ‰ê‚Íƒ‚[ƒ^ƒ€‚ÉŠú‘Ò,https://news.yahoo.co.jp/articles/041d64e35467fb5b2598dd42da4515c7e83b28a2,2/2(‹à) 11:10
bballk,ƒoƒXƒPƒbƒgƒ{[ƒ‹ƒLƒ“ƒO,yB1‘æ21ß Œ©‚Ç‚±‚ëzÅ’–Ú‚Í‘ãX–Ø‘æˆê‚Å‚ÌA“Œ‹vs—®‹…cg‹A‰»‘IèhƒJ[ƒN‚ªŒÃ‘ƒí‚Ö,https://news.yahoo.co.jp/articles/55c87d0592712659ecad79f6afbe780463c65710,2/2(‹à) 11:00
bballk,ƒoƒXƒPƒbƒgƒ{[ƒ‹ƒLƒ“ƒO,ƒOƒŠƒYƒŠ[ƒY‚Å”‘½‚­‚Ì‹…’c‹L˜^‚ğ•Û‚·‚éƒ}ƒ‹ƒNEƒKƒ\ƒ‹‚Ì”w”Ô†33‚ª‰i‹vŒ‡”Ô‚É,https://news.yahoo.co.jp/articles/59f473a81d2091e425f4e971ea6b5a9dec7ba95d,2/2(‹à) 10:20
bballk,ƒoƒXƒPƒbƒgƒ{[ƒ‹ƒLƒ“ƒO,u¡”NÅ‰ºˆÊ‚Å‚à—ˆ”N‚Í—DŸ‚ğcv“‡“cƒ`ƒFƒAƒ}ƒ“‚ªwB.ŠvVx‚Ì‘_‚¢Œê‚é,https://news.yahoo.co.jp/articles/08fbb48cb0678776d1f4ee7e694f2a716463eaaa,2/1(–Ø) 19:47
bballk,ƒoƒXƒPƒbƒgƒ{[ƒ‹ƒLƒ“ƒO,å‘ä‚Ì‰ª“c‘×Šó‚Í¡‹G’†‚Ì•œ‹Aâ–]“Ic‰EŒÒŠÖßO‘¹‚Ìèpó‚¯‘S¡4ƒJŒ”¼,https://news.yahoo.co.jp/articles/c325cdf41a4748bedd8841f0e9ba7c9795bf27a6,2/1(–Ø) 18:00
bballk,ƒoƒXƒPƒbƒgƒ{[ƒ‹ƒLƒ“ƒO,•Ÿ‰ª‘æˆê‚Ìèà_G“l‚ª—®‹…U18‚É‰Á“ücƒAƒƒŠƒJ—¯Šw‚ÖŒü‚¯‚Äg’nŒ³ƒNƒ‰ƒuh‚É’ZŠúİĞ,https://news.yahoo.co.jp/articles/d6fef9893b4c7a9e706763073960a6cc5ca445fb,2/1(–Ø) 15:52
bballk,ƒoƒXƒPƒbƒgƒ{[ƒ‹ƒLƒ“ƒO,EASL‚Ìƒtƒ@ƒCƒiƒ‹4ŠJÃ’n‚ª‰«“ê‚©‚çƒZƒu‚É•ÏXcç—tJ‰V‚Ì‰Â”\«A3Œ10“ú‚ÉŒˆŸ,https://news.yahoo.co.jp/articles/d400f7573ead6cf17cd615fd9cf7e55243dbd12b,2/1(–Ø) 15:18
bballk,ƒoƒXƒPƒbƒgƒ{[ƒ‹ƒLƒ“ƒO,ìèƒuƒŒƒCƒuƒTƒ“ƒ_[ƒX‚ªR“àƒWƒƒƒwƒ‹—®l‚Ì“Á•Êw’è‰Á“üŒ©‘—‚è‚ğ”­•\c‡—¬‘O‚É‘åŠw‚Ì—ûK‚Å•‰,https://news.yahoo.co.jp/articles/30ad749199dd7c50a54c4aed49ed6f3bfa9346e0,2/1(–Ø) 15:10
bballk,ƒoƒXƒPƒbƒgƒ{[ƒ‹ƒLƒ“ƒO,O‰“12˜AŸ‚Å30Ÿ“’Bc‰Í‘ºgƒXƒ^ƒbƒc2Š¥h‚©‚çŠ×—A—®‹…‚ÍVƒrƒbƒOƒ‰ƒCƒ“ƒiƒbƒv”â˜I/1Œ31“úŠJÃ B1‡Œ‹‰Ê,https://news.yahoo.co.jp/articles/020be4d133d70512b594374026e9d783b46253c1,2/1(–Ø) 14:07
bballk,ƒoƒXƒPƒbƒgƒ{[ƒ‹ƒLƒ“ƒO,ƒTƒ“ƒY‚ªƒlƒbƒc‚ÉŸ—˜cŒÃ‘ƒ‘Šè‚Éƒfƒ…ƒ‰ƒ“ƒg‚ª33“¾“_A“nç²—Y‘¾‚Í4í‚Ô‚èoê,https://news.yahoo.co.jp/articles/88143cd851a7dc37948d45090fb3e664b28c2d79,2/1(–Ø) 13:23
bballk,ƒoƒXƒPƒbƒgƒ{[ƒ‹ƒLƒ“ƒO,ƒlƒuƒ‰ƒXƒJ‘å‚Ìƒ`[ƒ€ƒ[ƒg‚ª•x‰iŒ[¶‚É‚Â‚¢‚ÄŒ¾‹ycu”Ş‚ÌƒGƒiƒW[‚Í“`õ‚·‚é‚ñ‚¾v,https://news.yahoo.co.jp/articles/b9b6b8808300f7f48439bdf67abb2fdcf006a2d0,2/1(–Ø) 13:02
bballk,ƒoƒXƒPƒbƒgƒ{[ƒ‹ƒLƒ“ƒO,ƒV[ƒz[ƒXO‰Í‚É˜N•ñc’·Šú—£’E‚ÌƒVƒF[ƒtƒ@[ƒAƒ”ƒBK÷‚ªí—ñ•œ‹A‚ÖuÅ‚ç‚¸‚É­‚µ‚¸‚Âv,https://news.yahoo.co.jp/articles/c9215c5d7ac3e1e05b0af7ea0a3a643cc232d9dc,2/1(–Ø) 12:51
bballk,ƒoƒXƒPƒbƒgƒ{[ƒ‹ƒLƒ“ƒO,EASLŒˆŸTio4ƒ`[ƒ€‚ªŒˆ’ècç—tJ‚ª‘SŸ“Ë”jAğ‹GB‰¤Ò‚Ì—®‹…‚Í”s‘ŞŒˆ’è,https://news.yahoo.co.jp/articles/ae95b2e4399c56a5933dde461e9fb4b29f35f665,2/1(–Ø) 12:18
bballk,ƒoƒXƒPƒbƒgƒ{[ƒ‹ƒLƒ“ƒO,ƒ}ƒ‹ƒNEƒKƒ\ƒ‹‚ªŒ»–ğˆø‘ŞcNBA‚Å13ƒV[ƒYƒ“‚É‚í‚½‚Á‚ÄƒvƒŒ[AƒXƒyƒCƒ“‘ã•\‚Æ‚µ‚Ä‚àŠˆ–ô,https://news.yahoo.co.jp/articles/68630021cc3255ed20b1b3aaf12f0e4ddbfbe6bf,2/1(–Ø) 12:09
bballk,ƒoƒXƒPƒbƒgƒ{[ƒ‹ƒLƒ“ƒO,BƒŠ[ƒO‚ÌNHK’†ŒpƒJ[ƒh’Ç‰Á”­•\c‰F“s‹{|A“Œ‹A‰¡•lBC|ìè‚ğ‘S‘•ú‘—,https://news.yahoo.co.jp/articles/f62bde096534df989896ff71d4e1b442d1b53a8b,1/31(…) 18:44
bballk,ƒoƒXƒPƒbƒgƒ{[ƒ‹ƒLƒ“ƒO,ƒjƒbƒNƒX‚ª¡‹GÅ’·‚Ì8˜AŸcƒWƒ‡ƒVƒ…Eƒn[ƒg‚ªƒLƒƒƒŠƒA‰‚ÌƒgƒŠƒvƒ‹ƒ_ƒuƒ‹,https://news.yahoo.co.jp/articles/37d803b220e30255d6632f1e2cdb63cf388179a1,1/31(…) 18:22
bballk,ƒoƒXƒPƒbƒgƒ{[ƒ‹ƒLƒ“ƒO,NBAˆø‘Ş‚ğŒˆ’f‚µ‚½ƒ‹ƒrƒI‚ªŒÃ‘ƒƒoƒ‹ƒZƒƒi‚Å—ûKŠJnu‰ñ•œ‚ÌÅI’iŠK‚ğŒ}‚¦‚½v,https://news.yahoo.co.jp/articles/6d4797298ca62fb1d21c9fe4d341e0e0eeb73b34,1/31(…) 17:55
bballk,ƒoƒXƒPƒbƒgƒ{[ƒ‹ƒLƒ“ƒO,gáè‚Ì‹£‰‰hƒ‰ƒCƒWƒ“ƒOƒXƒ^[ƒY‚ÅŒ³ƒyƒCƒT[ƒY‚ÌƒWƒFƒCƒŒƒ“Eƒ[ƒY‚ç‚ªƒR[ƒ`‚É‘Io,https://news.yahoo.co.jp/articles/84e8b578056106e542e690dc2b992ce3261746dd,1/31(…) 17:24
bballk,ƒoƒXƒPƒbƒgƒ{[ƒ‹ƒLƒ“ƒO,ƒvƒƒfƒrƒ…[‚ğü‚Á‚½ƒAƒ‹ƒeƒB[ƒŠç—t‚Ì•ìŒÕ“Ou‚±‚ÌŠÂ‹«‚ÅƒvƒŒ[‚Å‚«‚é‚±‚Æ‚É‚Æ‚Ä‚àŠ´Óv,https://news.yahoo.co.jp/articles/0a7bc8d07ae4f1f337cf7549cf24a662c4cc42ac,1/31(…) 16:35
bballk,ƒoƒXƒPƒbƒgƒ{[ƒ‹ƒLƒ“ƒO,ƒEƒFƒ“ƒoƒ“ƒ„ƒ}‚âƒzƒ‹ƒ€ƒOƒŒƒ“‚çŒv28‘Iè‚ªgáè‚Ì‹£‰‰hƒCƒxƒ“ƒg‚ÌƒƒXƒ^[‚É‘Io,https://news.yahoo.co.jp/articles/872a5cc6bbb7047d3c9708ef29050292d9b2fddc,1/31(…) 16:16
bballk,ƒoƒXƒPƒbƒgƒ{[ƒ‹ƒLƒ“ƒO,VŠƒ‚Ìgƒ`[ƒ€3Š¥h‘å•’Œ‚ÉƒAƒNƒVƒfƒ“ƒgc‘S¡–¢’è‚Ìu¶‘«ŠÖß”PÁv‚Æf’f,https://news.yahoo.co.jp/articles/bfa87639f01a9f7272bc6b7b8bd9ae17b95db0ec,1/31(…) 15:57
bballk,ƒoƒXƒPƒbƒgƒ{[ƒ‹ƒLƒ“ƒO,ƒvƒ“ü‚è1ƒJŒ‚Å“ú–{‘ã•\Œó•â“ü‚ècL“‡EO’JŒji˜Nu©•ª‚ç‚µ‚³‚ğ‘S–Ê‚Év,https://news.yahoo.co.jp/articles/0608fb2888a48557e806d2e1ced557c3c8457678,1/31(…) 15:10
bballk,ƒoƒXƒPƒbƒgƒ{[ƒ‹ƒLƒ“ƒO,ƒŒƒCƒJ[ƒY”ª‘º—Û‚ªƒŒƒMƒ…ƒ‰[ƒV[ƒYƒ“’ÊZ3000“¾“_’B¬cƒAƒWƒAog‘Iè‚Å‚Í2l–Ú,https://news.yahoo.co.jp/articles/9aa21b900a17d159a6c2815de36628f76f3aef45,1/31(…) 14:54
bballk,ƒoƒXƒPƒbƒgƒ{[ƒ‹ƒLƒ“ƒO,ƒtƒŠ[ƒXƒ[Šl“¾‚ªˆÙ—l‚É‘½‚¢¡‹G‚ÌƒŒƒCƒJ[ƒYc‘Îí‘Šè‚©‚ç‚Í“{‚è‚â”ç“÷‚à,https://news.yahoo.co.jp/articles/e749aae26d2117ded0d6ebde9b645f23cfa6fc6d,1/31(…) 14:16
bballk,ƒoƒXƒPƒbƒgƒ{[ƒ‹ƒLƒ“ƒO,’á–À’†‚ÌB1•xR‚ª‚‰ªHC‚Ì‘Ş”C”­•\c÷–ØƒWƒFƒCƒA[ƒ‹SVC‚ªƒ`[ƒ€wŠö‚Ö,https://news.yahoo.co.jp/articles/3ef16ce526541a20c54189fad026b60860df4189,1/31(…) 13:41
bballk,ƒoƒXƒPƒbƒgƒ{[ƒ‹ƒLƒ“ƒO,ƒJƒŠ[‚ÆWNBAƒˆƒlƒXƒN[‚ªƒI[ƒ‹ƒXƒ^[‚ÌƒTƒ^ƒf[ƒiƒCƒg‚Ìg3ƒ|ƒCƒ“ƒgƒ`ƒƒƒŒƒ“ƒWh‚Å‘ÎŒˆ,https://news.yahoo.co.jp/articles/d9827218ec0b456ca3ab20c3a3e75e6ba9c6ff0c,1/31(…) 13:39
bballk,ƒoƒXƒPƒbƒgƒ{[ƒ‹ƒLƒ“ƒO,O‰ÍE¼“c—D‘å‚ªu¶ƒnƒ€ƒXƒgƒŠƒ“ƒO‘¹vc“ú–{‘ã•\Œó•â“ü‚è’¼Œã‚É•‰”­•\,https://news.yahoo.co.jp/articles/566a317b959cad6386fc80697d5406e4edaf6233,1/31(…) 12:53
bballk,ƒoƒXƒPƒbƒgƒ{[ƒ‹ƒLƒ“ƒO,¡‹G‘O”¼‚Ìƒ†ƒjƒtƒH[ƒ€”„‚èã‚°ƒgƒbƒv‚ÍƒJƒŠ[Aƒ`[ƒ€ƒOƒbƒY‚ÍƒŒƒCƒJ[ƒY‚ª1ˆÊ,https://news.yahoo.co.jp/articles/0362f5e581d11ff7604f6e23a4974314056f7834,1/31(…) 12:43
bballk,ƒoƒXƒPƒbƒgƒ{[ƒ‹ƒLƒ“ƒO,‹e’nLl‚ªƒŒƒoƒ“ƒK–kŠC“¹‚Åƒvƒƒfƒrƒ…[uƒ`[ƒ€‚ğŸ‚¿‚É“±‚­‚±‚Æ‚ª‚Å‚«‚é‘Iè‚ÉvcHC‚àŠˆ–ô‚ğ•]‰¿,https://news.yahoo.co.jp/articles/31cd5143d86cf44f28b7ab1107479324ed048674,1/31(…) 12:40
bballk,ƒoƒXƒPƒbƒgƒ{[ƒ‹ƒLƒ“ƒO,ƒƒ“ƒh‚ªe‹y‚Ñ–ƒ–òŠ‚Å‘ß•ßcƒŒƒCƒJ[ƒY‚ÆƒZƒ‹ƒeƒBƒbƒNƒX‚ğ—DŸ‚É“±‚¢‚½i—ß“ƒ,https://news.yahoo.co.jp/articles/f57a4e05fdcf6ed8fa693ee9112484b167f9c54f,1/31(…) 12:06
bballk,ƒoƒXƒPƒbƒgƒ{[ƒ‹ƒLƒ“ƒO,ƒfƒCƒrƒX‚ğŒ‡‚¢‚½ƒŒƒCƒJ[ƒY‚ª˜A”sc”ª‘º—Û‚Í5í˜A‘±2ƒPƒ^“¾“_‚Æ–ô“®,https://news.yahoo.co.jp/articles/2dc911022e37aafc7214714bd4cc47ed02071472,1/31(…) 11:48
bballk,ƒoƒXƒPƒbƒgƒ{[ƒ‹ƒLƒ“ƒO,u‚Æ‚É‚©‚­ƒy[ƒX‚ğ‰Ÿ‚µã‚°‚é‚±‚ÆvcƒVƒ‚ƒ“ƒY‚ª•œ‹Aí‚ÅˆÓ¯‚µ‚Ä‚¢‚½‚±‚Æ‚ğ–¾‚©‚·,https://news.yahoo.co.jp/articles/4c5e2eecb8a573a5e9b249c5e499f91472986b9e,1/31(…) 11:39
bballk,ƒoƒXƒPƒbƒgƒ{[ƒ‹ƒLƒ“ƒO,ƒAƒWƒA”t—\‘I‚ÉŒü‚¯‚½“ú–{‘ã•\‡hµWƒƒ“ƒo[22–¼”­•\cƒnƒŒƒ‹ƒ\ƒ“‚Æˆ¢•”—È‚ª‰‘Io,https://news.yahoo.co.jp/articles/8959f0c61730df55a01de77477cf1c085b38a54b,1/31(…) 11:27
bballk,ƒoƒXƒPƒbƒgƒ{[ƒ‹ƒLƒ“ƒO,yB2‘æ19ß Œ©‚Ç‚±‚ëzŠâè‚Í‘O‰ñ‘Îí‚ÌƒŠƒxƒ“ƒW‚ÖcÂXvs‰z’J‚ÍŒZ’í‘ÎŒˆ‚É’–Ú,https://news.yahoo.co.jp/articles/b1c4f1a0a1574b91c26c3b11a67f64226035fb1e,1/31(…) 11:10
bballk,ƒoƒXƒPƒbƒgƒ{[ƒ‹ƒLƒ“ƒO,yB1‘æ20ß Œ©‚Ç‚±‚ëzìèvsFE–¼ŒÃ‰®‚Íƒ[ƒXƒRƒAƒQ[ƒ€‚ğ—\‘zcç—tJ‚ÆA“Œ‹‚ª¡‹G‰‘Îí,https://news.yahoo.co.jp/articles/43306eab8001261014e9a56ad45ae4f2b1e77c7d,1/31(…) 11:00
bballk,ƒoƒXƒPƒbƒgƒ{[ƒ‹ƒLƒ“ƒO,ƒƒPƒbƒc‚ÌƒVƒFƒ“ƒOƒ“‚ÆƒOƒŠ[ƒ“‚ª1‡‚Å30“¾“_10ƒŠƒoƒEƒ“ƒh‚ğ’B¬‚µ‚½Å”N­ƒfƒ…ƒI‚É,https://news.yahoo.co.jp/articles/5a5f59a32a657bfcb9ebbc2c0f6f43427949204b,1/31(…) 10:42
bballk,ƒoƒXƒPƒbƒgƒ{[ƒ‹ƒLƒ“ƒO,”ª‘º—Û‚ªƒAƒTƒqƒX[ƒp[ƒhƒ‰ƒCVCMo‰‰cƒ_ƒ“ƒN‚Æ•ú•¨ü‚ÅghŒûƒJ[ƒuh•\Œ»,https://news.yahoo.co.jp/articles/b94572ea3f3379cf07a3d9030ef74cebff4aac61,1/31(…) 8:00
bballk,ƒoƒXƒPƒbƒgƒ{[ƒ‹ƒLƒ“ƒO,—®‹…‘Ş’c‚Ìƒ^ƒ}ƒˆ‚çƒtƒBƒŠƒsƒ“‘ã•\12–¼”­•\c•‰—£’E’†‚Ì•xRŠ‘®ƒGƒhƒD‚àƒŠƒXƒgƒAƒbƒv,https://news.yahoo.co.jp/articles/55a47ddf6b84a0e9b91e6a0781ef49acd00a4490,1/30(‰Î) 19:35
bballk,ƒoƒXƒPƒbƒgƒ{[ƒ‹ƒLƒ“ƒO,ƒLƒ“ƒOƒX‚ÌƒTƒ{ƒjƒXuƒvƒŒ[ƒIƒt‚ÅƒxƒXƒg‚ÈƒV[ƒh‚ğè‚É‚·‚é‚½‚ß‚É‚Í‘½‚­‚ÌŸ—˜‚ª•K—vv,https://news.yahoo.co.jp/articles/aa555ff023b1192beb6546466e5e6d989ca490bf,1/30(‰Î) 18:40
bballk,ƒoƒXƒPƒbƒgƒ{[ƒ‹ƒLƒ“ƒO,“ú–{‘å‚Ì–ìŒû—C^‚ª“Á•Êw’è‚ÅŒF–{‚É‰Á“üc‚‚¢“¾“_”\—Í‚ÅŠÖ“Œ‘IèŒ V‚ÉvŒ£,https://news.yahoo.co.jp/articles/a0b10e350e2a0206b0726150093faa4dadf072c0,1/30(‰Î) 18:33
bballk,ƒoƒXƒPƒbƒgƒ{[ƒ‹ƒLƒ“ƒO,‰F“s‹{‚ªƒMƒƒƒrƒ“EƒGƒhƒ[ƒY‚ğIL‚©‚ç–•Ác2ƒJŒ‚Ô‚è‚ÌÀí•œ‹A‚Ö‘Oi,https://news.yahoo.co.jp/articles/7eb423883519a6b69efb12658981cea052d1370b,1/30(‰Î) 18:23
bballk,ƒoƒXƒPƒbƒgƒ{[ƒ‹ƒLƒ“ƒO,ŒÃ‘ƒƒlƒbƒcí‚ğT‚¦‚éƒfƒ…ƒ‰ƒ“ƒguj•Ÿ‚³‚ê‚é‚±‚Æ‚Í‰½ˆê‚Â¬‚µ‹‚°‚Ä‚¢‚È‚©‚Á‚½v,https://news.yahoo.co.jp/articles/29c1c6c8c61e96765aaf8c2d55311681d65fbe23,1/30(‰Î) 17:10
bballk,ƒoƒXƒPƒbƒgƒ{[ƒ‹ƒLƒ“ƒO,’·è‚ªƒfƒ{[ƒ“EƒƒVƒ“ƒgƒ“‚ÌŠl“¾‚ğ”­•\cB2VŠƒ‚Å‚ÍŸ—˜‚Ì—§–ğÒ‚Æ‚µ‚ÄŠˆ–ô,https://news.yahoo.co.jp/articles/9bc30601d74140a200e417c1e8eaaa85cb6a1607,1/30(‰Î) 16:32
bballk,ƒoƒXƒPƒbƒgƒ{[ƒ‹ƒLƒ“ƒO,‰¡•lBC‚ÌƒGƒhƒ[ƒhEƒ‚ƒŠƒX‚ªŠúŒÀ•t‚«ˆÚĞ‚Å“‡ª‚Öc”N–¾‚¯‚©‚ç‰F“s‹{‚Å6‡oê,https://news.yahoo.co.jp/articles/6f881d415e587d3dc42a65814af92364eaf23e54,1/30(‰Î) 16:25
bballk,ƒoƒXƒPƒbƒgƒ{[ƒ‹ƒLƒ“ƒO,ƒWƒ‡ƒGƒ‹EƒGƒ“ƒr[ƒh‚ª¡‹G12í–Ú‚ÌŒ‡êc¡Œã6‡Œ‡ê‚ÅƒAƒEƒH[ƒh‘IlŠO‚É,https://news.yahoo.co.jp/articles/3918eaa85d76d486df60b044dd6c022329553c40,1/30(‰Î) 16:02
bballk,ƒoƒXƒPƒbƒgƒ{[ƒ‹ƒLƒ“ƒO,—®‹…‚ÌƒJ[ƒN‚ª‹A‰»“o˜^•IL–•Á‚Å•œ‹A‚Öc“ú–{‘ã•\“ü‚è‚Ö‚Ìv‚¢‚àu‰«“ê‚ğ‘ã•\‚·‚é‘Iè‚Év,https://news.yahoo.co.jp/articles/29ab490fdde9427f631305786f713a27a398fe9f,1/30(‰Î) 15:26
bballk,ƒoƒXƒPƒbƒgƒ{[ƒ‹ƒLƒ“ƒO,‰¡•lBCE‰Í‘º—E‹P‚ªB1’ÊZ3P300–{’B¬cƒAƒVƒXƒg‹L˜^‚Ìß–Ú‚à”—‚é,https://news.yahoo.co.jp/articles/30280fa089fc968be6323ff0a804de5a4e37dfe1,1/30(‰Î) 13:42
bballk,ƒoƒXƒPƒbƒgƒ{[ƒ‹ƒLƒ“ƒO,¡”N‚ÌƒgƒŒ[ƒhsê‚Ì’–ÚŠ”ƒfƒWƒƒƒ“ƒeEƒ}ƒŒ[‚Ì•úo‚ğƒz[ƒNƒXwŠöŠ¯‚ª‘j~H,https://news.yahoo.co.jp/articles/ae04234410bae0db8429a1ae2173c50c37f688ee,1/30(‰Î) 13:13
bballk,ƒoƒXƒPƒbƒgƒ{[ƒ‹ƒLƒ“ƒO,ƒq[ƒg‚Ì–Ò’Ç‚©‚ç“¦‚°Ø‚èƒTƒ“ƒY‚ª˜A”s’Eoc“nç²—Y‘¾‚Í3‡˜A‘±oê‚È‚µ,https://news.yahoo.co.jp/articles/6e8a85231cb7b3f67ecf6c06e1d31ec8a11043c4,1/30(‰Î) 12:31
bballk,ƒoƒXƒPƒbƒgƒ{[ƒ‹ƒLƒ“ƒO,ƒC[ƒXƒg5ˆÊ‚ÌƒLƒƒƒuƒYAƒGƒoƒ“Eƒ‚[ƒuƒŠ[‚É‘±‚¢‚Äƒ_ƒŠƒAƒXEƒK[ƒ‰ƒ“ƒh‚àí—ñ•œ‹A‚Ö,https://news.yahoo.co.jp/articles/891c1b730dd4936465422e6a3b92215771967412,1/30(‰Î) 12:29
bballk,ƒoƒXƒPƒbƒgƒ{[ƒ‹ƒLƒ“ƒO,ƒŒƒCƒJ[ƒYAÅ‘å30“_·‚ğ’Ç‚¢ã‚°‚é‚àŸ—˜‚È‚ç‚¸c”ª‘º—Û‚Í4í˜A‘±2ƒPƒ^“¾“_,https://news.yahoo.co.jp/articles/a24c909073c17fa4b081c2b965a431d4cea6d434,1/30(‰Î) 12:25
bballk,ƒoƒXƒPƒbƒgƒ{[ƒ‹ƒLƒ“ƒO,‰EŒ¨‚ğ’E‰P‚µ‚½ƒjƒbƒNƒX‚ÌƒWƒ…ƒŠƒAƒXEƒ‰ƒ“ƒhƒ‹c’·Šú—£’E‚ğ‰ñ”ğ‚µ‚Ä”TŠÔŒã‚É•œ‹A‚©H,https://news.yahoo.co.jp/articles/e729fd3d71dc43f5c7b1873ffb98983908d7a51c,1/30(‰Î) 11:41
bballk,ƒoƒXƒPƒbƒgƒ{[ƒ‹ƒLƒ“ƒO,NBA‚ªƒŒƒCƒJ[ƒY‚ÌƒfƒBƒAƒ“ƒWƒFƒEƒ‰ƒbƒZƒ‹‚Ö–ñ220–œ‰~‚Ì”±‹àˆ•ª,https://news.yahoo.co.jp/articles/f3a0d47f4c450173e3a0160a62fa04b829801d9d,1/30(‰Î) 11:07
bballk,ƒoƒXƒPƒbƒgƒ{[ƒ‹ƒLƒ“ƒO,¡‹G‘æ14T‚ÌTŠÔMVP‚ÉƒTƒ“ƒY‚ÌƒuƒbƒJ[AƒoƒbƒNƒX‚ÌƒAƒfƒgƒNƒ“ƒ{‚ª‘Io,https://news.yahoo.co.jp/articles/9c314aee6d8e1f352d7da3a05533d8e4b30349fd,1/30(‰Î) 10:35
bballk,ƒoƒXƒPƒbƒgƒ{[ƒ‹ƒLƒ“ƒO,ƒlƒuƒ‰ƒXƒJ‘å‚ÌwŠöŠ¯‚ªŒê‚é•x‰i¬’·‚Ì‘«ÕcuƒVƒ…[ƒg‚ğŒˆ‚ß‚«‚é—Í‚ªNBA‚Ö‚ÌƒLƒbƒvv,https://news.yahoo.co.jp/articles/5b07c6113ba331e8bb511cf269c441be51d80a47,1/30(‰Î) 7:30
bballk,ƒoƒXƒPƒbƒgƒ{[ƒ‹ƒLƒ“ƒO,—q“ú–{‘ã•\‚ªgƒƒ“ƒo[”ñŒö•\h‚ÅOQT‚Öo”­c‰¶’ËHCu‡’²vA—ÑçŠóu3˜AŸ‚µ‚Ä‹A‚Á‚Ä‚«‚½‚¢v,https://news.yahoo.co.jp/articles/ef2cf5d8e5b027cceca75f8cab56d83b62182b27,1/29(Œ) 20:16
bballk,ƒoƒXƒPƒbƒgƒ{[ƒ‹ƒLƒ“ƒO,ƒJ[ƒƒ‚ª—ğ‘ãƒsƒ…ƒAƒXƒRƒAƒ‰[‚ğ‘IocƒŒƒuƒƒ“‚âƒAƒfƒgƒNƒ“ƒ{‚Í‘IŠO‚ÌƒƒP,https://news.yahoo.co.jp/articles/aaa222651b0acdb665ccbdc0a0351c900b13916d,1/29(Œ) 20:00
bballk,ƒoƒXƒPƒbƒgƒ{[ƒ‹ƒLƒ“ƒO,u‚±‚±‚É‚¢‚½‚¢vcƒhƒŠƒ…[EƒzƒŠƒf[‚ªƒZƒ‹ƒeƒBƒbƒNƒX‚Å’·ŠúŠÔƒvƒŒ[‚·‚é‚±‚Æ‚ğŠó–],https://news.yahoo.co.jp/articles/582bea882dc91840ce64d5bfe68e22157337a256,1/29(Œ) 19:09
bballk,ƒoƒXƒPƒbƒgƒ{[ƒ‹ƒLƒ“ƒO,•½‹Ï“¾“_ƒ‰ƒ“ƒLƒ“ƒO‚Å3ˆÊ‚É‚Â‚¯‚é“‡ª‚ÌˆÀ“¡¾Æu“ú–{l‘Iè‚ª“ü‚é‚Ì‚Í‚¢‚¢ŒXŒüv,https://news.yahoo.co.jp/articles/b35e3d66e6db49870667b8f32e4bef771e5a50d9,1/29(Œ) 19:04
bballk,ƒoƒXƒPƒbƒgƒ{[ƒ‹ƒLƒ“ƒO,uƒ„ƒjƒX‚ÆƒfƒCƒ€B‚»‚ê‚ª“š‚¦‚¾vcƒoƒbƒNƒX‚ÌƒhƒbƒNEƒŠƒo[ƒXVHC‚ª–{Šin“®,https://news.yahoo.co.jp/articles/8679b117a6e059f590ebda3fe1881d97ce947ae7,1/29(Œ) 18:17
bballk,ƒoƒXƒPƒbƒgƒ{[ƒ‹ƒLƒ“ƒO,Œ»–ğ•œ‹A‘¦g“ú–{‘ã•\“ü‚èh‚Ì‹g“cˆŸ¹”ü‚ªŒ©˜‚¦‚éƒpƒŠŒÜ—Ö—\‘Iu¡‚Ì©•ª‚ª‚Å‚«‚é‚±‚Æ‚ğv,https://news.yahoo.co.jp/articles/4bb192c37fd0416fa66bdca36a8d48393212946c,1/29(Œ) 18:00
bballk,ƒoƒXƒPƒbƒgƒ{[ƒ‹ƒLƒ“ƒO,—®‹…‚ğ‹~‚¤“¯“_3P‚ğ’¾‚ßA©ŒÈÅ‘½“¾“_‚ğ‹“‚°‚½¼˜eŒ\uu‰÷‚µ‚¢Œ‹‰Ê‚©‚çC³‚Å‚«‚½v,https://news.yahoo.co.jp/articles/b8e412213e681d2eab98d5e9e354ed73deba3926,1/29(Œ) 17:32
bballk,ƒoƒXƒPƒbƒgƒ{[ƒ‹ƒLƒ“ƒO,¡‹G‰‘ÎŒˆ‚ğI‚¦‚½ƒŒƒuƒƒ“‚ÆƒJƒŠ[‚ªŒİ‚¢‚ğÌ^u‰´‚½‚¿‚ÍŒİ‚¢‚ÉƒvƒbƒVƒ…‚µ‚Ä‚«‚½v,https://news.yahoo.co.jp/articles/8d0568a10b94ef79bbc84420ec9325071648facf,1/29(Œ) 17:15
bballk,ƒoƒXƒPƒbƒgƒ{[ƒ‹ƒLƒ“ƒO,ƒAƒ‹ƒoƒ‹ƒN“Œ‹‚ğ9˜AŸ‚É“±‚¢‚½ƒƒCƒ“ƒfƒ‹u©•ª‚ÌƒvƒŒ[‚Åƒtƒ@ƒ“‚ğŠì‚Î‚¹‚½‚¢v,https://news.yahoo.co.jp/articles/3c322668f1f1138f66397c6a99610fb063abb93a,1/29(Œ) 16:07
bballk,ƒoƒXƒPƒbƒgƒ{[ƒ‹ƒLƒ“ƒO,’·è‚Ìƒuƒ‰ƒ“ƒgƒŠ[‚ªƒCƒ“ƒWƒ…ƒAƒŠ[ƒŠƒXƒg“ü‚èc‰E“à“]‹Ø’É‚ßÅ’á1ƒJŒ‚Í—£’E,https://news.yahoo.co.jp/articles/e5e50f135010014ae9d51938af6a29aeaad0af28,1/29(Œ) 16:06
bballk,ƒoƒXƒPƒbƒgƒ{[ƒ‹ƒLƒ“ƒO,‰H•‚Z3”N‚Ì¬ì‰lŸ˜Y‚ª“Á•Êw’è‚Å’nŒ³EH“cƒm[ƒUƒ“ƒnƒsƒlƒbƒc‚Ö‰Á“ü,https://news.yahoo.co.jp/articles/305ad0b85c89253cdace9aeaef89da687d9a9bfc,1/29(Œ) 15:27
bballk,ƒoƒXƒPƒbƒgƒ{[ƒ‹ƒLƒ“ƒO,ƒoƒXƒP“ú–{‘ã•\2˜Aí‚Ìƒ`ƒPƒbƒgŠ®”„cƒz[ƒoƒXƒWƒƒƒpƒ“gÄn“®h‚É’–ÚW‚Ü‚é,https://news.yahoo.co.jp/articles/3a3098c7baecec13f95154bae070dbe2910d9d1a,1/29(Œ) 14:27
bballk,ƒoƒXƒPƒbƒgƒ{[ƒ‹ƒLƒ“ƒO,ƒŠ[ƒOÅ‰ºˆÊ‚ÌƒsƒXƒgƒ“ƒY‚ªƒEƒFƒXƒgñˆÊƒTƒ“ƒ_[‚ğŒ‚”jc2”N–Ú‚Ìƒfƒ…[ƒŒƒ“‚ª‘å–\‚ê,https://news.yahoo.co.jp/articles/bb0783f9dfdc79c45fe8159b6206d7a8e9d326fc,1/29(Œ) 13:37
bballk,ƒoƒXƒPƒbƒgƒ{[ƒ‹ƒLƒ“ƒO,—®‹…‚ªOT‚ÌŒƒ“¬‚ğ§‚µ‚Ä‹“s‚ÉƒŠƒxƒ“ƒWcO‰“‚Í’·è‚É‰õŸ‚µ‚Ä11˜AŸ/1Œ28“úŠJÃ B1‡Œ‹‰Ê,https://news.yahoo.co.jp/articles/693a781b7f69ad493e671ecacda74fee1feff945,1/29(Œ) 12:56
bballk,ƒoƒXƒPƒbƒgƒ{[ƒ‹ƒLƒ“ƒO,6˜AŸ‚ÆD’²‚ÈƒjƒbƒNƒX‚É’ÉècƒI[ƒ‹ƒXƒ^[‚ÌƒWƒ…ƒŠƒAƒXEƒ‰ƒ“ƒhƒ‹‚ª‰EŒ¨‚ğ’E‰P,https://news.yahoo.co.jp/articles/2b0771f1e6ae57b7d2de962534cf76a31f5d7e8d,1/29(Œ) 12:30
bballk,ƒoƒXƒPƒbƒgƒ{[ƒ‹ƒLƒ“ƒO,ƒuƒbƒJ[‚ª44“¾“_‚àƒTƒ“ƒY‚ªƒ}ƒWƒbƒN‚É”s‚ê‚Ä2˜A”sc“nç²—Y‘¾‚Í2í˜A‘±oê‚È‚µ,https://news.yahoo.co.jp/articles/f46bb66eb991f92986e237f2e44a8fef571d4247,1/29(Œ) 11:42
bballk,ƒoƒXƒPƒbƒgƒ{[ƒ‹ƒLƒ“ƒO,ƒTƒ“ƒY‚ÌƒPƒrƒ“Eƒfƒ…ƒ‰ƒ“ƒg‚ªNBAjã4”Ô–Ú‚Ì‘¬‚³‚Å’ÊZ2–œ8000“¾“_‚É“’B,https://news.yahoo.co.jp/articles/ca158cc7271d4a5146516b64848dc57a9387436a,1/29(Œ) 11:36
bballk,ƒoƒXƒPƒbƒgƒ{[ƒ‹ƒLƒ“ƒO,’¼‹ß10í‚Å9Ÿ1”s‚ÆD’²‚ÈƒLƒƒƒuƒY‚É˜N•ñcƒGƒoƒ“Eƒ‚[ƒuƒŠ[‚ªŸí‚Å•œ‹A‚©H,https://news.yahoo.co.jp/articles/7af4c954703a9073e1be0c5be335f0384e87c576,1/29(Œ) 10:51
bballk,ƒoƒXƒPƒbƒgƒ{[ƒ‹ƒLƒ“ƒO,Œ»–ğÅ”N’·‚ÌƒŒƒuƒƒ“EƒWƒF[ƒ€ƒY‚ª‹…’cjã3l–Ú‚Ì30“¾“_20ƒŠƒoƒEƒ“ƒh10ƒAƒVƒXƒg’´‚¦,https://news.yahoo.co.jp/articles/536da3238a2959db2f9fcf2e5f0a45937f8e2c45,1/29(Œ) 10:04
bballk,ƒoƒXƒPƒbƒgƒ{[ƒ‹ƒLƒ“ƒO,¡‹G‚à¬’·‚ğ~‚ß‚È‚¢•x‰iŒ[¶cƒŠ[ƒ_[‚Ì©Šo‚à‰è¶‚¦A–²‚ÌNBA“ü‚è‚ğ–Úw‚·,https://news.yahoo.co.jp/articles/d6bd48f593bcdf01a2a97ccd190e8e605326e0c7,1/29(Œ) 7:30
bballk,ƒoƒXƒPƒbƒgƒ{[ƒ‹ƒLƒ“ƒO,2‡‚Å•½‹Ï50“¾“_’´‚¦‚ÌƒgƒŠƒvƒ‹ƒ_ƒuƒ‹cƒ‹ƒJEƒhƒ“ƒ`ƒbƒ`‚ªNBAjã‰‚Ì‰õ‹“‚ğ’B¬,https://news.yahoo.co.jp/articles/db5bd774f3ee0ce33db3b932e325a64cd6ab92b3,1/28(“ú) 19:36
bballk,ƒoƒXƒPƒbƒgƒ{[ƒ‹ƒLƒ“ƒO,“G’n‚ÅƒZƒ‹ƒeƒBƒbƒNƒX‚É‰õŸ‚µ‚½ƒNƒŠƒbƒp[ƒY‚Ìƒn[ƒfƒ“u¡“ú‚Í‚¢‚¢ƒeƒXƒg‚É‚È‚Á‚½v,https://news.yahoo.co.jp/articles/0606ebab2a6309afe6af59c9eed11b3847b36184,1/28(“ú) 19:28
bballk,ƒoƒXƒPƒbƒgƒ{[ƒ‹ƒLƒ“ƒO,A“Œ‹‚ª‘åã‚Æ‚ÌŒƒ“¬‚ğ§‚µ‚Ä9˜AŸc“y’dê‚ÅƒƒCƒ“ƒfƒ‹‚ª‹t“]ƒŒƒCƒAƒbƒv‚ğ‚Ë‚¶‚Ş,https://news.yahoo.co.jp/articles/5e1ac35b063684c239bb960e92148dc6dc3362e2,1/28(“ú) 18:47
bballk,ƒoƒXƒPƒbƒgƒ{[ƒ‹ƒLƒ“ƒO,‘O”¼‚Ì2ƒPƒ^ƒrƒnƒCƒ“ƒh‚ğ’µ‚Ë•Ô‚µ‚½‰F“s‹{ƒuƒŒƒbƒNƒXcƒz[ƒ€‚Å²‰êƒoƒ‹[ƒi[ƒY‚ğŒ‚”j,https://news.yahoo.co.jp/articles/e739f1e14f05725da1e8042e385176f4c12119c7,1/28(“ú) 18:03
bballk,ƒoƒXƒPƒbƒgƒ{[ƒ‹ƒLƒ“ƒO,ƒEƒFƒXƒgÅ‰ºˆÊ‚ÌƒXƒp\ƒY‚ªãˆÊƒEƒ‹ƒuƒY‚É‹t“]Ÿ—˜cwŠöŠ¯‚ÍuƒxƒXƒg‚ÈŸ—˜v,https://news.yahoo.co.jp/articles/28377093af162e704078d392c88563a0df8dbcc8,1/28(“ú) 18:00
bballk,ƒoƒXƒPƒbƒgƒ{[ƒ‹ƒLƒ“ƒO,ƒWƒ‡ƒGƒ‹EƒGƒ“ƒr[ƒh‚ªƒiƒQƒbƒcí‚ğŒ‡êc2ƒV[ƒYƒ“˜A‘±‚ÌMVP‘Io‚É‰©M†,https://news.yahoo.co.jp/articles/09d12ad3955c2679aaeeaeb83968b82ba5ba8432,1/28(“ú) 17:51
bballk,ƒoƒXƒPƒbƒgƒ{[ƒ‹ƒLƒ“ƒO,ƒWƒFƒCƒRƒuƒX»‚ª3ƒ|ƒCƒ“ƒg‚ÆƒŒƒCƒAƒbƒv‚Å5“¾“_‚ğƒ}[ƒNcƒnƒƒC‘åŠw‚Í˜A”s’Eo,https://news.yahoo.co.jp/articles/946d57653342edc38164e7b54bedf65cc8ce63bb,1/28(“ú) 17:03
bballk,ƒoƒXƒPƒbƒgƒ{[ƒ‹ƒLƒ“ƒO,“‡ª‚ª“G’n‚Å‰¡•lBC‚É2˜AŸ‚ğü‚écƒrƒ…ƒtƒH[ƒh‚ªƒgƒŠƒvƒ‹ƒ_ƒuƒ‹‹‰‚ÌŠˆ–ô,https://news.yahoo.co.jp/articles/01c2e1df94f9167898b78d4652053f7021a9acc5,1/28(“ú) 16:20
bballk,ƒoƒXƒPƒbƒgƒ{[ƒ‹ƒLƒ“ƒO,BƒŠ[ƒO‚ªƒI[ƒXƒgƒ‰ƒŠƒA‚ÌNBL‚Æƒp[ƒgƒi[ƒVƒbƒv’÷Œ‹‚ÉŠî–{‡ˆÓu‘å‚«‚È•Ï‰»‚ğcv,https://news.yahoo.co.jp/articles/3097ad76a6532588d41a94283ee96e504e32186e,1/28(“ú) 14:58
bballk,ƒoƒXƒPƒbƒgƒ{[ƒ‹ƒLƒ“ƒO,ƒŒƒCƒJ[ƒY‚ªƒEƒHƒŠƒA[ƒY‚Æ‚Ì€“¬‚ğ§‚·c”ª‘º—Û‚Í2í˜A‘±ƒVƒ…[ƒgƒm[ƒ~ƒX‚Ì11“¾“_,https://news.yahoo.co.jp/articles/6cb0c3de18753d11d39fc699bb206ce62a7fac4f,1/28(“ú) 14:05
bballk,ƒoƒXƒPƒbƒgƒ{[ƒ‹ƒLƒ“ƒO,ƒlƒuƒ‰ƒXƒJ‘å‚ªƒAƒEƒF[‚ÅƒƒŠ[ƒ‰ƒ“ƒh‘å‚É•¯c•x‰iŒ[¶‚Í“¾ˆÓ‚Ì3PŠÜ‚Ş7“¾“_,https://news.yahoo.co.jp/articles/25e52473a0072cca831f9acbed44d3b30c7c3b0e,1/28(“ú) 11:47
bballk,ƒoƒXƒPƒbƒgƒ{[ƒ‹ƒLƒ“ƒO,ŒQ”nA’Ò‚ª3ƒ|ƒCƒ“ƒg‚Å‘å‹L˜^’B¬‚µ“Œ5ˆÊ‚É•‚ãc“‡ª‚Í¼ñˆÊ‚Æ‚ÌƒQ[ƒ€·w1x‚É/1Œ27“úŠJÃ B1‡Œ‹‰Ê,https://news.yahoo.co.jp/articles/3105c788eade78986b676c7fb6f7e56eca0f868e,1/27(“y) 21:37
bballk,ƒoƒXƒPƒbƒgƒ{[ƒ‹ƒLƒ“ƒO,‘åŠw¶BƒŠ[ƒK[‚ª‘±X‚Æƒvƒƒfƒrƒ…[c’}”g‘åEO’JŒji˜N‚ÍL“‡‚Å3‡˜A‘±æ”­,https://news.yahoo.co.jp/articles/705baa8d23c013e81b08ff43ddbe2affefd032d9,1/27(“y) 20:38
bballk,ƒoƒXƒPƒbƒgƒ{[ƒ‹ƒLƒ“ƒO,20”N˜A‘±‚ÅƒI[ƒ‹ƒXƒ^[“ü‚è‚µ‚½ƒŒƒuƒƒ“uƒtƒ@ƒ“‚Ì‚İ‚ñ‚È‚ğ‚·‚²‚­ƒŠƒXƒyƒNƒg‚µ‚Ä‚¢‚év,https://news.yahoo.co.jp/articles/66a04218bfc8069f524ea82809caf107754c3401,1/27(“y) 18:41
bballk,ƒoƒXƒPƒbƒgƒ{[ƒ‹ƒLƒ“ƒO,¼’n‹æ2ˆÊE“‡ª‚ª‰¡•lBC‚ğŒ‚”jcƒrƒ…ƒtƒH[ƒh‚ÍƒgƒŠƒvƒ‹ƒ_ƒuƒ‹‹‰‚ÌŠˆ–ô,https://news.yahoo.co.jp/articles/5ad6f14ed9d641d325800b2548f343558b211b67,1/27(“y) 18:10
bballk,ƒoƒXƒPƒbƒgƒ{[ƒ‹ƒLƒ“ƒO,‰F“s‹{A“ú–{‘ã•\‚Ì”ä]“‡‚ª19“¾“_‚Å²‰ê‚É‰õŸcgŸ¢‘ã‘ã•\h¬ì“Ö–ç‚àƒvƒƒfƒrƒ…[,https://news.yahoo.co.jp/articles/67ab8fdfc0a29e2ac4ae02e89bd36ffdd1e33733,1/27(“y) 18:02
bballk,ƒoƒXƒPƒbƒgƒ{[ƒ‹ƒLƒ“ƒO,ƒC[ƒXƒg‚ÌƒK[ƒh•”–å‚Åƒuƒ‰ƒ“ƒ\ƒ“‚ªÉ‚µ‚­‚àæ”­“ü‚è‚ğ“¦‚·/NBAƒI[ƒ‹ƒXƒ^[2024,https://news.yahoo.co.jp/articles/21112e8d89764a2ec8ad3e50b6476507b4fe3ffe,1/27(“y) 17:30
bballk,ƒoƒXƒPƒbƒgƒ{[ƒ‹ƒLƒ“ƒO,ƒAƒŒƒbƒNƒXEƒJƒ‹[ƒ\‚ÌgŒÃ‘ƒhƒŒƒCƒJ[ƒY‚Ö‚Ìv‚¢cu¡‚à”Ş‚ç‚Æˆê‚Éí‚¦‚½‚©‚àv,https://news.yahoo.co.jp/articles/99c381553de3ee91231126fbce46db20648a4a3f,1/27(“y) 16:24
bballk,ƒoƒXƒPƒbƒgƒ{[ƒ‹ƒLƒ“ƒO,¡”N‚Ì3ƒ|ƒCƒ“ƒgƒRƒ“ƒeƒXƒg‚ÅƒJƒŠ[‚ÆWNBAƒˆƒlƒXƒN[‚É‚æ‚ég’´‹‰Ø‘ÎŒˆh‚ªÀŒ»‚©H,https://news.yahoo.co.jp/articles/f0599070017c48216b208db251bd5194aa12dff9,1/27(“y) 14:13
bballk,ƒoƒXƒPƒbƒgƒ{[ƒ‹ƒLƒ“ƒO,—ğ‘ã4ˆÊƒ^ƒCAŒ»–ğÅ‘½‚Ì73“¾“_‚ğ’@‚«o‚µ‚½ƒ‹ƒJEƒhƒ“ƒ`ƒbƒ`cjã10l–Ú‚ÌˆÌ‹Æ‚ğ’B¬,https://news.yahoo.co.jp/articles/2bae1d66a6e24839913daf85b1be93773a187fd6,1/27(“y) 13:43
bballk,ƒoƒXƒPƒbƒgƒ{[ƒ‹ƒLƒ“ƒO,ƒŠ[ƒOñˆÊ‚ÌƒZƒ‹ƒeƒBƒbƒNƒX‚ğˆø‚Á’£‚éƒeƒCƒ^ƒ€‚ª5ˆÊ‚Ö•‚ã/ÅV”ÅMVPŒó•âƒ‰ƒ“ƒLƒ“ƒO,https://news.yahoo.co.jp/articles/a35fed25968d2089148f7dd3881b00c118f4518d,1/27(“y) 12:36
bballk,ƒoƒXƒPƒbƒgƒ{[ƒ‹ƒLƒ“ƒO,ƒLƒƒƒŠƒAƒnƒC73“¾“_‚ÅŸ—˜‚Ì—§–ğÒ‚Æ‚È‚Á‚½ƒhƒ“ƒ`ƒbƒ`cƒ}ƒuƒX‚ªƒz[ƒNƒXŒ‚”j‚Å˜A”sƒXƒgƒbƒv,https://news.yahoo.co.jp/articles/6a5582f2a854955bd2fa6f8790d5d01468aa87f3,1/27(“y) 12:25
bballk,ƒoƒXƒPƒbƒgƒ{[ƒ‹ƒLƒ“ƒO,ƒhƒbƒNEƒŠƒo[ƒXVHC‚ğŒ}‚¦‚½ƒoƒbƒNƒXcƒCƒF[ƒK[‚ÆƒJƒ‰ƒ~ƒAƒ“‚ªAC‚Æ‚µ‚Ä‰Á“ü‚Ö,https://news.yahoo.co.jp/articles/c2dd6bd094b67539370df94c59f01d621eaae2de,1/27(“y) 11:49
bballk,ƒoƒXƒPƒbƒgƒ{[ƒ‹ƒLƒ“ƒO,InƒŠ[ƒh‚àƒTƒ“ƒY‚ªƒyƒCƒT[ƒY‚É‹t“]•¯cƒuƒbƒJ[‚Í1TŠÔ‚ÅƒV[ƒYƒ“ƒnƒCXV‚Ì62“¾“_,https://news.yahoo.co.jp/articles/ed196b7d9cb2c2f481b5e827e9dc3b0526c0cd26,1/27(“y) 11:39
bballk,ƒoƒXƒPƒbƒgƒ{[ƒ‹ƒLƒ“ƒO,ƒ~ƒƒCƒFƒ”ƒBƒbƒ`AC‘¼ŠE‚Ì‚½‚ßA‰„Šú‚³‚ê‚Ä‚¢‚½ƒEƒHƒŠƒA[ƒY‚Ì‡“ú’ö‚ª”­•\,https://news.yahoo.co.jp/articles/b39ae3f4dca0ea1a91e5d30b785a9b6b507c4559,1/27(“y) 11:05
bballk,ƒoƒXƒPƒbƒgƒ{[ƒ‹ƒLƒ“ƒO,ƒ}ƒCƒ‹ƒYEƒuƒŠƒbƒWƒY‚ÉƒTƒ“ƒY‚ç3ƒ`[ƒ€‚ªŠÖS‚©cŒğÂŒ³‚Ìƒz[ƒlƒbƒc‚Íw–¼Œ ‚ğ‘_‚¤,https://news.yahoo.co.jp/articles/f1d3057c8bd55f451576f978d5817db150049b81,1/27(“y) 10:51
bballk,ƒoƒXƒPƒbƒgƒ{[ƒ‹ƒLƒ“ƒO,ƒoƒbƒNƒX‚ÌƒfƒCƒ~ƒAƒ“EƒŠƒ‰[ƒh‚ª2˜A”e‚ğ‚©‚¯‚ÄƒI[ƒ‹ƒXƒ^[‚Ì3PƒRƒ“ƒeƒXƒgQí‚Ö,https://news.yahoo.co.jp/articles/5413f6f03c4bb744d15a9d270b1e264d5d4771d0,1/27(“y) 10:34
bballk,ƒoƒXƒPƒbƒgƒ{[ƒ‹ƒLƒ“ƒO,ƒŒƒCƒJ[ƒY‚ÌƒLƒƒƒ€EƒŒƒfƒBƒbƒVƒ…‚ª‰E‘«ñ”PÁ‚ÅÅ’á2TŠÔ‚Ì—£’Ec24“ú‚ÌgLA‘ÎŒˆh‚Å•‰,https://news.yahoo.co.jp/articles/3176dc27425ce2e413e3bc0acd96da99e42fe3e1,1/27(“y) 9:44
bballk,ƒoƒXƒPƒbƒgƒ{[ƒ‹ƒLƒ“ƒO,ìè‚ª18“_·‰õŸ‚Å˜A”s’EocH“c‚ÍŒ³“c‘å—z‚ªƒfƒrƒ…[í‚Å10“¾“_‚Æ–ô“®,https://news.yahoo.co.jp/articles/be6faffda25cbf3e608b0f1c337777994594b699,1/26(‹à) 21:39
bballk,ƒoƒXƒPƒbƒgƒ{[ƒ‹ƒLƒ“ƒO,ƒpƒŠŒÜ—Ö—\‘I‚ÖƒoƒXƒP—q“ú–{‘ã•\‚ªƒƒ“ƒo[i‚è‚İcg—‘IgŒö•\‚ÌƒIƒRƒG‚àu‘Il‚Éc‚Á‚Ä‚¢‚év,https://news.yahoo.co.jp/articles/c3135a8433937d9b1ed32c201aaa469f0fc506ab,1/26(‹à) 19:25
bballk,ƒoƒXƒPƒbƒgƒ{[ƒ‹ƒLƒ“ƒO,ƒpƒŠŒÜ—Ö‚ÌƒAƒƒŠƒJ‘ã•\Œó•â‚É“ü‚Á‚½ƒ|[ƒ‹EƒWƒ‡[ƒWu‚±‚Ì‹@‰ï‚ğ“¦‚µ‚½‚è‚Í‚µ‚È‚¢‚³v,https://news.yahoo.co.jp/articles/750f3866eb4238d700a1c3fbb4e331f82700b87f,1/26(‹à) 19:03
bballk,ƒoƒXƒPƒbƒgƒ{[ƒ‹ƒLƒ“ƒO,ƒ„ƒjƒX‚ª‘S‘Ì1ˆÊ‚Ì542–œ•[’´‚¦A”ª‘º—Û‚Í–ñ9–œ•[/NBAƒI[ƒ‹ƒXƒ^[2024ƒtƒ@ƒ““Š•[ÅIŒ‹‰Ê,https://news.yahoo.co.jp/articles/51b5d629631c310d9dac1f7d8d50189a726ffb6f,1/26(‹à) 18:00
bballk,ƒoƒXƒPƒbƒgƒ{[ƒ‹ƒLƒ“ƒO,ƒWƒFƒCƒRƒuƒX»‚ª©ŒÈÅ’·‚ÌƒvƒŒ[ƒ^ƒCƒ€‚Å4“¾“_cƒnƒƒC‘å‚Í3˜A”s,https://news.yahoo.co.jp/articles/37d3983d6ba47e8f159f9896ddb7fd409fa94c9d,1/26(‹à) 17:23
bballk,ƒoƒXƒPƒbƒgƒ{[ƒ‹ƒLƒ“ƒO,ƒOƒŠ[ƒ“‚ªƒpƒŠŒÜ—Ö‚Ì•Ä‘ã•\Œó•â‘IŠO‚Écƒqƒ‹‚ªà–¾u¡”N‹N‚±‚Á‚½o—ˆ–‚ğl—¶‚µ‚Äv,https://news.yahoo.co.jp/articles/e07cce8b736961291108a350be5ec4d7e6b06cf2,1/26(‹à) 16:28
bballk,ƒoƒXƒPƒbƒgƒ{[ƒ‹ƒLƒ“ƒO,“‡ªƒXƒTƒmƒIƒ}ƒWƒbƒN‚ªƒEƒBƒŠƒAƒ€ƒXƒjƒJ‚ğƒCƒ“ƒWƒ…ƒAƒŠ[ƒŠƒXƒg‚Ö“o˜^c˜’Å’ÅŠÔ”Âƒwƒ‹ƒjƒA‚Åíü—£’E,https://news.yahoo.co.jp/articles/270cc95971e4aad6c2c5aaa81a6085a9da8ec7f6,1/26(‹à) 15:50
bballk,ƒoƒXƒPƒbƒgƒ{[ƒ‹ƒLƒ“ƒO,êC‘å‚ÌƒXƒeƒB[ƒu‚ªB3‚µ‚È‚ª‚í‚É‰Á“üc•Ÿ‰ª‘æˆê‚Å‘S‘§”e‚ğŒoŒ±‚µ‚½¢‘ãÅ‹­—¯Šw¶‘Iè,https://news.yahoo.co.jp/articles/19aafd9973eeff0616eb12f86e972fd01b58ca96,1/26(‹à) 15:32
bballk,ƒoƒXƒPƒbƒgƒ{[ƒ‹ƒLƒ“ƒO,”ª‘º—ÛAƒVƒ…[ƒgƒm[ƒ~ƒX‚Å2í˜A‘±2ƒPƒ^“¾“_cƒŒƒCƒJ[ƒY‚ªƒuƒ‹ƒY‚ÉŸ—˜,https://news.yahoo.co.jp/articles/8e4c6919f619d7563160d2b721aef2e3c0d6ab7b,1/26(‹à) 15:16
bballk,ƒoƒXƒPƒbƒgƒ{[ƒ‹ƒLƒ“ƒO,ƒr[ƒ‹A‘åŠˆ–ô‚ÌƒuƒbƒJ[‚ğç’kŒğ‚¦Ü^cu‚ ‚ÌƒIƒŒƒ“ƒWF‚Ì‚â‚ÂA‚ ‚é‚Å‚µ‚åHv,https://news.yahoo.co.jp/articles/3e0779e7d9e70dd12e8d20f4794aafb2fe95bd5e,1/26(‹à) 14:43
bballk,ƒoƒXƒPƒbƒgƒ{[ƒ‹ƒLƒ“ƒO,ƒZƒ‹ƒeƒBƒbƒNƒX‚Ìæ”­ƒZƒ“ƒ^[Aƒ|ƒ‹ƒWƒ“ƒMƒX‚ª¶‘«ñ”PÁc•‰‘Şê‚à”äŠr“IŒyH,https://news.yahoo.co.jp/articles/e14bd62d581b0059a1a1bfe03f1392c6cd8b16bd,1/26(‹à) 13:57
bballk,ƒoƒXƒPƒbƒgƒ{[ƒ‹ƒLƒ“ƒO,ƒS[ƒ‹‰º‚Å•±“¬‚àRƒm“à—E“o‚Í3í˜A‘±2ƒPƒ^“¾“_‚È‚ç‚¸cƒ|[ƒgƒ‰ƒ“ƒh‘å‚Í”’¯‚ğ“¦‚·,https://news.yahoo.co.jp/articles/e92cb91e512da728372e817da07e4f2b0c147311,1/26(‹à) 13:51
bballk,ƒoƒXƒPƒbƒgƒ{[ƒ‹ƒLƒ“ƒO,ƒƒPƒbƒc‚Ì•œ’²‚ğx‚¦‚éuƒxƒr[EƒˆƒLƒbƒ`vcüˆÍ‚Ì•]‰¿‚É‘Î‚·‚é•¡G‚Èv‚¢Œê‚é,https://news.yahoo.co.jp/articles/94d1e39ceab9286385f3780c9ea6f3bbabadc5a2,1/26(‹à) 13:50
bballk,ƒoƒXƒPƒbƒgƒ{[ƒ‹ƒLƒ“ƒO,ƒEƒFƒ“ƒoƒ“ƒ„ƒ}‚Æƒzƒ‹ƒ€ƒOƒŒƒ“‚ª¡‹G2“x–Ú‚Ì‘ÎŒˆ/ÅV”Åƒ‹[ƒL[ƒ‰ƒ“ƒLƒ“ƒO,https://news.yahoo.co.jp/articles/e7b6534f4e870848100c8c9ed74f9c5772831261,1/26(‹à) 13:49
bballk,ƒoƒXƒPƒbƒgƒ{[ƒ‹ƒLƒ“ƒO,ƒoƒbƒNƒX‚ª2026|27ƒV[ƒYƒ“‚Ü‚ÅƒhƒbƒNEƒŠƒo[ƒXHC‚ÆŒ_–ñc‘Šz‚Í–ñ59‰­‰~‘OŒã‚©,https://news.yahoo.co.jp/articles/f53cb1e17b1fdc01f5d87a3240e4cbe6ebdc97a2,1/26(‹à) 12:49
bballk,ƒoƒXƒPƒbƒgƒ{[ƒ‹ƒLƒ“ƒO,ƒEƒBƒU[ƒY‚ÌƒEƒFƒXEƒAƒ“ƒZƒ‹ƒhJr.‚ªƒtƒƒ“ƒg‚ÖˆÚsc¡‹Gc‚è‡‚ÍƒL[ƒtAC‚ªHC‘ãs‚É,https://news.yahoo.co.jp/articles/331d80c28c16981e491f46697c50b570e09113a4,1/26(‹à) 12:38
bballk,ƒoƒXƒPƒbƒgƒ{[ƒ‹ƒLƒ“ƒO,ƒ_ƒ“ƒJƒ“Eƒƒrƒ“ƒ\ƒ“A3x3‚Å‚ÌƒpƒŠŒÜ—Öoê‚ÉˆÓ—~cu©•ª‚Ì‘‚ğ‘ã•\‚µ‚ÄƒvƒŒ[‚µ‚½‚¢v,https://news.yahoo.co.jp/articles/dc4f03de26c1d875efc781167545baee41d6d450,1/26(‹à) 12:05
bballk,ƒoƒXƒPƒbƒgƒ{[ƒ‹ƒLƒ“ƒO,ƒŒƒCƒJ[ƒY‚Ìƒ_[ƒrƒ“Eƒnƒ€HC‚ªƒoƒbƒNƒX‚ÌwŠöŠ¯‰ğ”C‚É”½‰u‚ ‚ÌÈ‚ÉÀ‚é‚½‚ß‚Écv,https://news.yahoo.co.jp/articles/a818f5a350accd246c76e0703f2bf2ba4e2373d8,1/26(‹à) 11:59
bballk,ƒoƒXƒPƒbƒgƒ{[ƒ‹ƒLƒ“ƒO,NBAƒI[ƒ‹ƒXƒ^[ƒQ[ƒ€‚Ìæ”­w‚ª”­•\cƒŒƒuƒƒ“‚ª—ğ‘ãÅ‘½20“x–Ú‚Ì‘Io,https://news.yahoo.co.jp/articles/3f56529557da86ee59af040d29adfe0450442ece,1/26(‹à) 11:05
bballk,ƒoƒXƒPƒbƒgƒ{[ƒ‹ƒLƒ“ƒO,¡‹G–`“ª‚©‚ç2ƒJŒ”¼—£’E‚Ìƒxƒ“EƒVƒ‚ƒ“ƒYAÅ’Z‚Å1Œ30“ú‚Ìƒ†ƒ^EƒWƒƒƒYí‚©‚ç•œ‹A‚©,https://news.yahoo.co.jp/articles/21db83d5e05e112a0ea1083a2d913b17f9348887,1/26(‹à) 10:28
bballk,ƒoƒXƒPƒbƒgƒ{[ƒ‹ƒLƒ“ƒO,¡‹G•xR‚ÅƒvƒŒ[‚µ‚½ƒAƒ“ƒWƒFƒEƒ`ƒ‡ƒ‹‚ªH“c‚É‰Á“ücå—ÍƒrƒbƒOƒ}ƒ“•œ‹A‚Ü‚Å‚Ì’ZŠúŒ_–ñ,https://news.yahoo.co.jp/articles/ced9fcd39e04717ccdda6302f0c4b1a477e1d399,1/26(‹à) 9:37
bballk,ƒoƒXƒPƒbƒgƒ{[ƒ‹ƒLƒ“ƒO,“‡“cƒ`ƒFƒAƒ}ƒ“‚Ì‹…‰ƒƒŠƒ|[ƒgŒã•Òc”ä]“‡TAÔ•ä—‹‘¾‚É‰Á‚¦‚Ü‚³‚©‚Ì—“üƒQƒXƒg‚à“oê,https://news.yahoo.co.jp/articles/09bc64866b4a43229798d3d790bf806e3b56aa97,1/25(–Ø) 19:00
bballk,ƒoƒXƒPƒbƒgƒ{[ƒ‹ƒLƒ“ƒO,ˆïéƒƒ{ƒbƒc‚ªŒã”¼í‚ÉŒü‚¯‚Äº–¾”­•\cuB1Œp‘±EƒvƒŒƒ~ƒA¸Šiv‚É–Ú•WC³,https://news.yahoo.co.jp/articles/2618c1e17a1c784e8b2badf21d9598069237c6cc,1/25(–Ø) 17:52
bballk,ƒoƒXƒPƒbƒgƒ{[ƒ‹ƒLƒ“ƒO,B3‚Ì“¿“‡ƒKƒ“ƒoƒƒEƒYA“ŒŠC‘å4”N‚Ìå‚qC“ñ‚ğ“Á•Êw’è‘Iè‚Æ‚µ‚Ä“o˜^cUç‚ÅŠˆ–ô‚Å‚«‚éƒn[ƒhƒ[ƒJ[,https://news.yahoo.co.jp/articles/1db64f1ffdc2656727465e319955fe3a23737a24,1/25(–Ø) 17:14
bballk,ƒoƒXƒPƒbƒgƒ{[ƒ‹ƒLƒ“ƒO,“ŒŠC‘å4”N‚ÌŒ³“c‘å—zA“Á•Êw’è‚ÅH“cƒm[ƒUƒ“ƒnƒsƒlƒbƒc‚Ö“ü’cc¢‘ã•Ê‘ã•\ŒoŒ±‚ğ‚ÂSG,https://news.yahoo.co.jp/articles/d9415bde6463245a0e3b6bcb9cba67d6f6329482,1/25(–Ø) 16:45
bballk,ƒoƒXƒPƒbƒgƒ{[ƒ‹ƒLƒ“ƒO,B2¼’n‹æ4ˆÊ‚Ì_ŒËƒXƒg[ƒNƒX‚ª•â‹­cƒ}ƒbƒNƒXEƒqƒTƒ^ƒP‚ğŠl“¾uvŒ£‚·‚é‚±‚Æ‚ğ¾‚¢‚Ü‚·v,https://news.yahoo.co.jp/articles/49d86727e3d445ae3dc8c2b9ddfeee39ac00c736,1/25(–Ø) 15:53
bballk,ƒoƒXƒPƒbƒgƒ{[ƒ‹ƒLƒ“ƒO,u‚±‚±‚Ü‚Å‚­‚é‰ß’ö‚ğ‹ß‚­‚ÅŒ©‚Ä‚½‚©‚çcvƒJ[ƒN‚Ì“ú–{‘Ğæ“¾‚É“c’†‘å‹M‚È‚Ç‚ªj•Ÿ‚ÌŒ¾—t,https://news.yahoo.co.jp/articles/fe1103652f669720d7ed5f154607c7d45a8fe209,1/25(–Ø) 15:24
bballk,ƒoƒXƒPƒbƒgƒ{[ƒ‹ƒLƒ“ƒO,BƒŠ[ƒOU15ƒ`ƒƒƒ“ƒsƒIƒ“ƒVƒbƒv2024A‰ß‹Å‘½48ƒNƒ‰ƒu‚ªoêc3Œ27“ú‚©‚ç“Œ‹‘ÌˆçŠÙ‚ÅŠJÃ,https://news.yahoo.co.jp/articles/8ddae9129a1ab3a9ad949f3b869b07a58ff7bf50,1/25(–Ø) 14:17
bballk,ƒoƒXƒPƒbƒgƒ{[ƒ‹ƒLƒ“ƒO,‘O”¼‚©‚ço”Ô‚ğ“¾‚½“nç²—Y‘¾A6‡‚Ô‚è‚Ìoê‚Å“¾“_‚à‹L˜^cƒTƒ“ƒY‚Í˜AŸŒp‘±,https://news.yahoo.co.jp/articles/fee7477799d02c908eccc27567d378327a06e4aa,1/25(–Ø) 13:12
bballk,ƒoƒXƒPƒbƒgƒ{[ƒ‹ƒLƒ“ƒO,—®‹…ƒS[ƒ‹ƒfƒ“ƒLƒ“ƒOƒXAEASL‚ğ3Ÿ3”s‚ÅI—¹cƒtƒ@ƒCƒiƒ‹4io‚Í‘¼ƒ`[ƒ€‚ÌŒ‹‰ÊŸ‘æ,https://news.yahoo.co.jp/articles/2a7d374203d802cf3f80859ece45bfdeee32e5b1,1/25(–Ø) 12:18
bballk,ƒoƒXƒPƒbƒgƒ{[ƒ‹ƒLƒ“ƒO,yR˜e–¾q‚ÌLA’ÊMzƒ}ƒbƒNƒj[ƒ‹ƒLƒVƒƒ[ƒ“‘å‰Íu‚±‚ê‚©‚ç‘±‚­“ú–{‚Ìq‹Ÿ‚½‚¿‚Ì–²‚ğL‚°‚Ä‚¢‚¯‚ê‚Îv,https://news.yahoo.co.jp/articles/f9c86a10c80aa66f972e8c8c58d95db02c7d212f,1/25(–Ø) 11:57
bballk,ƒoƒXƒPƒbƒgƒ{[ƒ‹ƒLƒ“ƒO,yB2‘æ18ß Œ©‚Ç‚±‚ëz ‰ê‚ªD‘Š«‚Ìƒz[ƒ€‚Å•Ÿ“‡‚ÆŒƒ“ËcVŠƒ‚Íˆ¤•Q‚Æ‚Ì’¼Ú‘ÎŒˆ,https://news.yahoo.co.jp/articles/db44bb82bd5da7fcd65a6acac0eaa6932a0983ed,1/25(–Ø) 11:10
bballk,ƒoƒXƒPƒbƒgƒ{[ƒ‹ƒLƒ“ƒO,B3‚Ì‹à‘ò•m’cA2Œ3“ú‚Ì‡‚©‚çŒö®íQ‰ÁÄŠJu”w’†‚ğ‰Ÿ‚µ‚Ä‚¢‚½‚¾‚¯‚Ü‚·‚ÆK‚¢‚Å‚·v,https://news.yahoo.co.jp/articles/2f918b9e32e980e01e3c3ef2e342f37497518697,1/25(–Ø) 11:09
bballk,ƒoƒXƒPƒbƒgƒ{[ƒ‹ƒLƒ“ƒO,yB1‘æ19ß Œ©‚Ç‚±‚ëz’·è‚ª‹­“G‘Šè‚É˜A”s’Eo‚ğ–Úw‚·c’n‹æ7ˆÊ“¯m‚Ì‘Îí‚à,https://news.yahoo.co.jp/articles/62ce4dbdeb1af1cc67938b37bf43bb408fade03f,1/25(–Ø) 11:00
bballk,ƒoƒXƒPƒbƒgƒ{[ƒ‹ƒLƒ“ƒO,ƒAƒŒƒbƒNƒXEƒJ[ƒN‚ª“ú–{‘Ğ‚ğæ“¾ug‚Ìˆø‚«’÷‚Ü‚év‚¢‚Å‚¢‚Á‚Ï‚¢vcBƒŠ[ƒO7‹G–ÚA‹A‰»‘Iè‚É,https://news.yahoo.co.jp/articles/77496548980caa986d8e2f084a4ed07abe895c45,1/25(–Ø) 9:36
bballk,ƒoƒXƒPƒbƒgƒ{[ƒ‹ƒLƒ“ƒO,g’´‘åŒ^VlhƒEƒFƒ“ƒoƒ“ƒ„ƒ}‚ªNBA‚ÌŒµ‚µ‚³‚ğŒê‚éu‘S‡‚ª’n–‚Ì‚æ‚¤‚Èí‚¢v,https://news.yahoo.co.jp/articles/9b78e3ad8a680853a2018803987840649ddc1962,1/24(…) 18:41
bballk,ƒoƒXƒPƒbƒgƒ{[ƒ‹ƒLƒ“ƒO,VŠƒ‚ª•Ûò—É‚ÆƒAƒ}ƒ`ƒ…ƒA‘IèŒ_–ñcÂŠw‘å‘²Œãu‹ê‚µ‚¢ŠÔv”OŠè‚ÌBQí,https://news.yahoo.co.jp/articles/e2e13f809f6bc4a8c906da58b4f8f821a949a028,1/24(…) 18:15
bballk,ƒoƒXƒPƒbƒgƒ{[ƒ‹ƒLƒ“ƒO,ƒuƒ‰ƒEƒ“‚ÉgƒAƒ“ƒNƒ‹ƒuƒŒƒCƒNh‚³‚ê‚½ƒhƒ“ƒ`ƒbƒ`uƒtƒƒA‚ÅŠO‚µ‚Ä‚­‚ê‚Æ‹F‚Á‚Ä‚¢‚½v,https://news.yahoo.co.jp/articles/15c720cdf707cdf180f87e3b2242f8c5cbe2c25a,1/24(…) 16:46
bballk,ƒoƒXƒPƒbƒgƒ{[ƒ‹ƒLƒ“ƒO,ƒsƒXƒgƒ“ƒY‚É˜N•ñcå²ƒJƒjƒ“ƒOƒnƒ€A¡‹GŒ‡ê‚ª‘±‚¢‚Ä‚¢‚½ƒ‚ƒŠƒX‚ªŸí‚Å•œ‹A‚Ö,https://news.yahoo.co.jp/articles/7fb91d200cd35b291160342d4ac770401192c341,1/24(…) 15:41
bballk,ƒoƒXƒPƒbƒgƒ{[ƒ‹ƒLƒ“ƒO,ƒ|[ƒgƒ‰ƒ“ƒh‘å‚ÌRƒm“à—E“o‚ª2‡˜A‘±‚Ì2Œ…“¾“_c’·‹——£–C‚àãXƒAƒs[ƒ‹,https://news.yahoo.co.jp/articles/d5e33d294fefd8b6e0e702684deeb71a9481120c,1/24(…) 15:10
bballk,ƒoƒXƒPƒbƒgƒ{[ƒ‹ƒLƒ“ƒO,ƒŒƒCƒJ[ƒY‚É”ò‚ÑŒğ‚¤ƒgƒŒ[ƒh‚Ì‰\cwŠöŠ¯‚Íu¡‚Ìƒ`[ƒ€‚ÍƒgƒŒ[ƒh‚È‚µ‚Åí‚¦‚év,https://news.yahoo.co.jp/articles/ef5c3a04eccf9c55d01626a0bd1466d8731e1ca9,1/24(…) 14:53
bballk,ƒoƒXƒPƒbƒgƒ{[ƒ‹ƒLƒ“ƒO,ƒŒƒCƒJ[ƒY‚ªgLA‘ÎŒˆh‚É”s‚êÄ‚ÑØ‹à1c”ª‘º—Û‚Íæ”­oê‚µ11“¾“_3ƒŠƒoƒEƒ“ƒh,https://news.yahoo.co.jp/articles/e1ea7d901e42b385e9116473dd5241c2f3948d1c,1/24(…) 14:34
bballk,ƒoƒXƒPƒbƒgƒ{[ƒ‹ƒLƒ“ƒO,B1O‰Í‚Ì’·–ì½j‚ªƒCƒ“ƒWƒ…ƒAƒŠ[ƒŠƒXƒg“ü‚ècƒŠƒnƒrƒŠê”O‚Å2Œ’†•œ‹A‚Ì‰Â”\«Á–Å,https://news.yahoo.co.jp/articles/66975ba6af995ebe66e54f6c2bca048f0a5205ef,1/24(…) 13:35
bballk,ƒoƒXƒPƒbƒgƒ{[ƒ‹ƒLƒ“ƒO,ƒlƒuƒ‰ƒXƒJ‘åAƒIƒnƒCƒIB—§‘å‚ğ”j‚è2˜AŸc•x‰i‚Í3ƒ|ƒCƒ“ƒg1–{ŠÜ‚Ş5“¾“_,https://news.yahoo.co.jp/articles/90107d392d647291e6565536ddbdc5477a33f372,1/24(…) 13:17
bballk,ƒoƒXƒPƒbƒgƒ{[ƒ‹ƒLƒ“ƒO,ƒoƒbƒNƒX‚ÌVƒwƒbƒhƒR[ƒ`‚ÉƒhƒbƒNEƒŠƒo[ƒX‚ªA”Cc–¼«‚ğŒ}‚¦“ü‚ê—DŸ‚Ö–{˜‚©,https://news.yahoo.co.jp/articles/0a3d420add5136c77c84788b1fa853663fe59ff2,1/24(…) 13:06
bballk,ƒoƒXƒPƒbƒgƒ{[ƒ‹ƒLƒ“ƒO,ƒC[ƒXƒg2ˆÊ‚ÌƒoƒbƒNƒX‚ªA”C1”N–Ú‚ÌƒGƒCƒhƒŠƒAƒ“EƒOƒŠƒtƒBƒ“HC‚ğ‰ğ”C,https://news.yahoo.co.jp/articles/a6c0339d74e42a958dc7be4ab3e47b4758cdabcc,1/24(…) 12:59
bballk,ƒoƒXƒPƒbƒgƒ{[ƒ‹ƒLƒ“ƒO,u“ú–{‘ã•\‚É‚È‚é‚½‚ß‚Év‘åŠw‘Ş•”‚µƒvƒ“ü‚ècŠú‘Ò‚Ì‘åŒ^PG‚ª‰F“s‹{“ü’c‰ïŒ©‚Åv‚¢Œê‚é,https://news.yahoo.co.jp/articles/d38b4fb4355f0f2ab91fd022c0cdbca371b65209,1/24(…) 12:51
bballk,ƒoƒXƒPƒbƒgƒ{[ƒ‹ƒLƒ“ƒO,ƒTƒ“ƒƒbƒJ[ƒYa’J‚ªPaidy‚Æ¡‹G‚ÌƒIƒtƒBƒVƒƒƒ‹ƒXƒ|ƒ“ƒT[Œ_–ñ‚ğ’÷Œ‹,https://news.yahoo.co.jp/articles/edfb3a397f7ebfbf031d70502cd3f531137e7599,1/24(…) 12:36
bballk,ƒoƒXƒPƒbƒgƒ{[ƒ‹ƒLƒ“ƒO,‰F“s‹{‚ÅŠJÃ‚³‚ê‚é3~3UOQT2‚Ì‘g‚İ‡‚í‚¹‚ªŒˆ’èc—DŸƒ`[ƒ€‚ÍƒpƒŠŒÜ—ÖoêŒ ‚ğŠl“¾,https://news.yahoo.co.jp/articles/09913dd7b519ad18f8355f6575d3c4901c2b92b5,1/24(…) 12:31
bballk,ƒoƒXƒPƒbƒgƒ{[ƒ‹ƒLƒ“ƒO,ƒyƒCƒT[ƒY‚Ìƒ^ƒCƒŠ[ƒXEƒnƒŠƒo[ƒgƒ“‚ªƒnƒ€ƒXƒgƒŠƒ“ƒO•‰‚Å¡Œã3‡‚ğŒ‡ê‚Ö,https://news.yahoo.co.jp/articles/c11ee9092f171aa3315761dcb8ff94e5087c575c,1/24(…) 12:15
bballk,ƒoƒXƒPƒbƒgƒ{[ƒ‹ƒLƒ“ƒO,ƒoƒXƒPW”t‚Ì”M‹¶‚©‚ç4ƒJŒc‰Í‘º—E‹P‚ç“ú–{‘ã•\12–¼‚ÌƒXƒ^ƒbƒc’†ŠÔƒ`ƒFƒbƒN,https://news.yahoo.co.jp/articles/041c603dbbd4d44ba302d0e46a5b9895dda1f4de,1/24(…) 12:05
bballk,ƒoƒXƒPƒbƒgƒ{[ƒ‹ƒLƒ“ƒO,ƒ`[ƒ€USAAƒpƒŠŒÜ—Ö‘ã•\Œó•â41–¼‚ª”­•\c5˜A”e‚ğ¾‚¢Œ»‘ã‚ÌƒhƒŠ[ƒ€ƒ`[ƒ€Œ`¬‚Ö,https://news.yahoo.co.jp/articles/8e2da87711025bd9ce186feed9bd38244f06061a,1/24(…) 12:02
bballk,ƒoƒXƒPƒbƒgƒ{[ƒ‹ƒLƒ“ƒO,ƒLƒƒƒuƒY‚ÌƒgƒŠƒXƒ^ƒ“Eƒgƒ“ƒvƒ\ƒ“‚ª–ò•¨‹K’èˆá”½‚Ì‚½‚ß25‡‚Ìoê’â~ˆ•ª,https://news.yahoo.co.jp/articles/93f8153dbb5508b5177a5a3ead5292703b1cd411,1/24(…) 11:38
bballk,ƒoƒXƒPƒbƒgƒ{[ƒ‹ƒLƒ“ƒO,ƒq[ƒg‚Æƒz[ƒlƒbƒc‚ÅƒgƒŒ[ƒh¬—§cƒXƒRƒAƒ‰[‚ÌƒƒWƒA[‚Æƒxƒeƒ‰ƒ“‚Ìƒ‰ƒEƒŠ[‚ªˆÚĞ,https://news.yahoo.co.jp/articles/4ecb4b1b0d6a66e924bdac45f4026a762a59a3e3,1/24(…) 10:57
bballk,ƒoƒXƒPƒbƒgƒ{[ƒ‹ƒLƒ“ƒO,y‡“ú’öE•ú‘—”zMzFIBA—qƒIƒŠƒ“ƒsƒbƒN¢ŠEÅI—\‘I2024,https://news.yahoo.co.jp/articles/2ae6d449ae6a7606dbf41096b926ccf6e4a8e0de,1/24(…) 7:00
bballk,ƒoƒXƒPƒbƒgƒ{[ƒ‹ƒLƒ“ƒO,ğ‹G‰¤ÒƒiƒQƒbƒc‚Æ‚Ìˆêí‚ğI‚¦‚½ƒ|ƒ‹ƒWƒ“ƒMƒXu‚à‚µƒ|ƒXƒgƒV[ƒYƒ“‚Å‘Îí‚·‚ê‚Îcv,https://news.yahoo.co.jp/articles/82be18ff1882a509240225259d0c8009aad88424,1/23(‰Î) 19:37
bballk,ƒoƒXƒPƒbƒgƒ{[ƒ‹ƒLƒ“ƒO,ƒtƒƒ“ƒgƒR[ƒg‹­‰»‚ğ‘_‚¤ƒ}ƒuƒXcƒJƒCƒ‹EƒN[ƒYƒ}Šl“¾‚ÉŒü‚¯‚ÄƒEƒBƒU[ƒY‚ÆÚG‚©H,https://news.yahoo.co.jp/articles/4d1250e0df2731990fba8c71a9b27ae32e712d5d,1/23(‰Î) 18:22
bballk,ƒoƒXƒPƒbƒgƒ{[ƒ‹ƒLƒ“ƒO,ƒpƒŠŒÜ—Öoê‚Ö‚ÌƒL[ƒ}ƒ“‚ÍcFIBA‚ª¢ŠEÅI—\‘I‚É—Õ‚Ş—q“ú–{‘ã•\‚ğ•ªÍ,https://news.yahoo.co.jp/articles/595b9a96eb01046170efc281b30c17293df2d13b,1/23(‰Î) 17:31
bballk,ƒoƒXƒPƒbƒgƒ{[ƒ‹ƒLƒ“ƒO,NBA‚Å–ñ”¼¢‹I‚Ô‚è‚Ì‰õ‹“cƒGƒ“ƒr[ƒh‚Æƒ^ƒEƒ“ƒY‚ªˆê–é‚É‚µ‚Ä60“¾“_ˆÈã‚ğƒ}[ƒN,https://news.yahoo.co.jp/articles/288989a51b6fdde19d6bc92fa4ff0517e4a3dddf,1/23(‰Î) 17:15
bballk,ƒoƒXƒPƒbƒgƒ{[ƒ‹ƒLƒ“ƒO,Œã”¼‚©‚ç—§‚Ä’¼‚µ‚½ƒTƒ“ƒY‚ªƒuƒ‹ƒYŒ‚”j‚Å6˜AŸcŒˆŸ“_‹“‚°‚½ƒfƒ…ƒ‰ƒ“ƒg‚ª43“¾“_‚Æ–ô“®,https://news.yahoo.co.jp/articles/775e8e161b2f55e5d97a18bc6cebc50d9b16e58e,1/23(‰Î) 13:27
bballk,ƒoƒXƒPƒbƒgƒ{[ƒ‹ƒLƒ“ƒO,ƒ^ƒEƒ“ƒY‚ª‘O”¼‚¾‚¯‚Å8–{‚Ì3PŠÜ‚Ş44“¾“_cƒEƒ‹ƒuƒY‚ÍÉ”s‚àKAT‚Í‹…’c‹L˜^‚ğXV,https://news.yahoo.co.jp/articles/d93091e1cb6364e59683f3ccdf890703431053a5,1/23(‰Î) 13:15
bballk,ƒoƒXƒPƒbƒgƒ{[ƒ‹ƒLƒ“ƒO,uNBAƒ‰ƒCƒoƒ‹ƒEƒB[ƒNv‚ª“ú–{ŠÔ24“ú‚©‚çŠJÃc¡”N‚Ì‘ÎíƒJ[ƒhˆê——‚ğƒ`ƒFƒbƒN,https://news.yahoo.co.jp/articles/c0aa6408a9a13937b8953351ebc0ce0e41385cd4,1/23(‰Î) 13:08
bballk,ƒoƒXƒPƒbƒgƒ{[ƒ‹ƒLƒ“ƒO,—®‹…‚ÌŠİ–{—²ˆê‚ª‹…‰ƒ3PƒRƒ“ƒeƒXƒg‚ÌÜ‹à‚ğ‘SŠzŠñ•tcu—ß˜a6”N”\“o”¼“‡’nkv•œ‹»‚ğx‰‡,https://news.yahoo.co.jp/articles/a47aa5a4bf5947678d5b7a30e0004534c1c71f8e,1/23(‰Î) 12:40
bballk,ƒoƒXƒPƒbƒgƒ{[ƒ‹ƒLƒ“ƒO,ƒGƒ“ƒr[ƒh‚ªƒLƒƒƒŠƒAƒnƒC70“¾“_‚Ì‘å”š”­c1‡70“¾“_ˆÈã‚ğ‹“‚°‚½jã9l–Ú‚Ì‘Iè‚É,https://news.yahoo.co.jp/articles/beb96bf5d33c13d0edc0d521d19f1f82f832db3d,1/23(‰Î) 12:06
bballk,ƒoƒXƒPƒbƒgƒ{[ƒ‹ƒLƒ“ƒO,ƒOƒŠƒYƒŠ[ƒY‚ÌƒWƒƒƒŒƒ“EƒWƒƒƒNƒ\ƒ“Jr.‚ª‘æ1Q‚¾‚¯‚Å6ƒXƒeƒB[ƒ‹c‹…’cV‹L˜^‚ğ÷—§,https://news.yahoo.co.jp/articles/33c8828e45fb887bcfdca61279eeee59ab995ceb,1/23(‰Î) 12:00
bballk,ƒoƒXƒPƒbƒgƒ{[ƒ‹ƒLƒ“ƒO,¡‹G‘æ13T‚ÌTŠÔMVP‚ÉƒTƒ“ƒY‚Ìƒfƒ…ƒ‰ƒ“ƒgAƒVƒNƒT[ƒY‚ÌƒGƒ“ƒr[ƒh‚ª‘Io,https://news.yahoo.co.jp/articles/074fac3eb90d661c5449d0d341f1d07a3c69b240,1/23(‰Î) 11:06
bballk,ƒoƒXƒPƒbƒgƒ{[ƒ‹ƒLƒ“ƒO,ƒz[ƒNƒX‚ÌƒgƒŒƒCEƒ„ƒ“ƒO‚ªƒLƒƒƒuƒXíI”Õ‚É“ª•”•‰c”]k‚Æ‚¤‚Å•œ‹AŠú‚Í–¢’è‚É,https://news.yahoo.co.jp/articles/eaa01860017eae6aef44f507516bda27e5475ee6,1/23(‰Î) 10:53
bballk,ƒoƒXƒPƒbƒgƒ{[ƒ‹ƒLƒ“ƒO,ƒpƒXƒJƒ‹EƒVƒAƒJƒ€Šl“¾‚ÌƒyƒCƒT[ƒYcƒoƒfƒBEƒq[ƒ‹ƒh‚ç‚ğŞ—¿‚É‚³‚ç‚È‚éƒgƒŒ[ƒh‚ğ–Íõ‚©,https://news.yahoo.co.jp/articles/d8f711d31cdc1d0ddb32c685eaff10c63660b67a,1/23(‰Î) 10:24
bballk,ƒoƒXƒPƒbƒgƒ{[ƒ‹ƒLƒ“ƒO,ƒ‰ƒvƒ^[ƒY‚Ìƒuƒ‹[ƒXEƒuƒ‰ƒEƒ“‚ªÄ‚ÑƒgƒŒ[ƒhŒó•â‚Éc–{l‚ÌŠó–]‚ÍƒjƒbƒNƒXs‚«‚©H,https://news.yahoo.co.jp/articles/9d43aa23d738dd3e046ebd3a5d0efafcb74b472c,1/22(Œ) 19:52
bballk,ƒoƒXƒPƒbƒgƒ{[ƒ‹ƒLƒ“ƒO,u‰´‚Í‰½‚ğ¬‚µ‹‚°‚Ä‚¢‚È‚¢‚ñ‚¾Hvƒfƒ…ƒ‰ƒ“ƒg‚ª©g‚ğŠÜ‚Ü‚È‚¢GOAT˜_‘ˆ‚É•s–,https://news.yahoo.co.jp/articles/6c9b01b91d41152fc240a3205adfcf06d6b25f2b,1/22(Œ) 19:00
bballk,ƒoƒXƒPƒbƒgƒ{[ƒ‹ƒLƒ“ƒO,ƒNƒŠƒbƒp[ƒY‚ªc‚è–ñ5•ª‚©‚çˆ³Šª‚Ì22˜A‘±“¾“_cƒlƒbƒc‚ğ‰º‚µ‚ÄƒEƒFƒXƒg4ˆÊ‚ğƒL[ƒv,https://news.yahoo.co.jp/articles/cbb8ac0bdbee9271185df62e6fbc43cb7b6e8386,1/22(Œ) 18:49
bballk,ƒoƒXƒPƒbƒgƒ{[ƒ‹ƒLƒ“ƒO,ƒpƒŠŒÜ—Ö“ú–{‘ã•\‚Ö‚Ìv‚¢‚à‚‚Ü‚é2024”Ncgƒe[ƒuƒX•ƒLƒ“ƒO—¬h‚ÌƒvƒŒƒbƒVƒƒ[‚Æ‚ÌŒü‚«‡‚¢•û,https://news.yahoo.co.jp/articles/828e1d8645594e447d1dd5a10b6251f07c39b11e,1/22(Œ) 18:45
bballk,ƒoƒXƒPƒbƒgƒ{[ƒ‹ƒLƒ“ƒO,NBAjã3l–Ú‚Ì‰õ‹“‚ğ’B¬‚µ‚½ƒGƒ“ƒr[ƒh‚ªñˆÊ‚ÉŒN—Õ/ÅV”ÅMVPŒó•âƒ‰ƒ“ƒLƒ“ƒO,https://news.yahoo.co.jp/articles/b01087f63f0cbe34b7e8eb1f0be9d6236e2f75be,1/22(Œ) 17:54
bballk,ƒoƒXƒPƒbƒgƒ{[ƒ‹ƒLƒ“ƒO,g•ƒoƒXº—Dh’JR‹IÍ‚ªŒê‚é¡‹G‚ÌNBAc”ª‘º—ÛA“nç²—Y‘¾‚É‚Íƒ`[ƒ€‚É•K—v‚Æ‚³‚ê‚éŠˆ–ô‚ğŠú‘Ò,https://news.yahoo.co.jp/articles/edadfc246dd9bac86cd8e9951afd93be655f0b33,1/22(Œ) 17:00
bballk,ƒoƒXƒPƒbƒgƒ{[ƒ‹ƒLƒ“ƒO,¡ƒV[ƒYƒ“‚ÌuƒI[ƒ‹NBAƒtƒ@[ƒXƒgƒ`[ƒ€v‚Íjã‰‚Ìg‘SˆõŠCŠO‘Ièh‚ÉH,https://news.yahoo.co.jp/articles/515f878966d235eabb0a06bbebe4b695553e12c0,1/22(Œ) 15:09
bballk,ƒoƒXƒPƒbƒgƒ{[ƒ‹ƒLƒ“ƒO,‰Í‘º—E‹P‚ª3í˜A‘±30“¾“_’´‚¦‚ÅÚí‚ğ§‚µ‚½‰¡•lBCu‹­“x‚‚­ƒfƒBƒtƒFƒ“ƒX‚Å‚«‚½v,https://news.yahoo.co.jp/articles/9de4f4edbb739dad2cf47f03d7aa90f393c88486,1/22(Œ) 14:37
bballk,ƒoƒXƒPƒbƒgƒ{[ƒ‹ƒLƒ“ƒO,ƒŒƒCƒJ[ƒYA”ª‘º‚ªæ”­oê‚µ9“¾“_cƒuƒŒƒCƒU[ƒY‚Éˆ³Ÿ‚µÄ‚ÑŸ—¦5Š„‚É•œ‹A,https://news.yahoo.co.jp/articles/554716550c304536cdfd51ab7286e33ad334f935,1/22(Œ) 14:24
bballk,ƒoƒXƒPƒbƒgƒ{[ƒ‹ƒLƒ“ƒO,•Ÿ‘å‘åŠ‚Ì2”N¶A“nç³—à‰¹‚ªB2Å”N­oê‹L˜^‚ğ’B¬u‚¸‚Á‚Æ–²‚ÉŒ©‚Ä‚«‚½•‘‘äv,https://news.yahoo.co.jp/articles/b3e49c9fea9f8f8a9e4e435195e45d22416cec9a,1/22(Œ) 13:22
bballk,ƒoƒXƒPƒbƒgƒ{[ƒ‹ƒLƒ“ƒO,Œ»–ğ‚Å‚Íƒhƒ“ƒ`ƒbƒ`‚ÉŸ‚®2l–ÚcƒTƒ“ƒ_[‚ÌƒVƒFƒCEƒMƒ‹ƒWƒƒƒXEƒAƒŒƒNƒTƒ“ƒ_[‚ª‰õ‹“,https://news.yahoo.co.jp/articles/7cdf76879c760598b8c68247eb159c018cfc1503,1/22(Œ) 13:20
bballk,ƒoƒXƒPƒbƒgƒ{[ƒ‹ƒLƒ“ƒO,"Ÿ•‰‚Ç‚±‚ë‚Å""ƒrƒbƒO3""‚ª–ô“®‚µ‚½ƒTƒ“ƒY‚ªƒyƒCƒT[ƒY‚ğ”j‚è5˜AŸc“nç²‚Íoê‚¹‚¸",https://news.yahoo.co.jp/articles/5372c77a685a08f51f856ad33d5554b463a6cb12,1/22(Œ) 10:45
bballk,ƒoƒXƒPƒbƒgƒ{[ƒ‹ƒLƒ“ƒO,ˆïé‚ª“‡ª‚Ì“Œ‹ŠJÃƒz[ƒ€ƒQ[ƒ€‚ÉŸ—˜cL“‡‚Í7˜AŸ’†‚ÌSRa’J‚ğŒ‚”j/1Œ21“úŠJÃ B1‡Œ‹‰Ê,https://news.yahoo.co.jp/articles/31159e156056eff9cd5ef37a2a4f820b5c21013e,1/21(“ú) 18:54
bballk,ƒoƒXƒPƒbƒgƒ{[ƒ‹ƒLƒ“ƒO,“G’n‚Å3P‚Ì‰J‚ğ~‚ç‚¹‚½–¼ŒÃ‰®D‚ªƒŠƒxƒ“ƒW‚ğ‰Ê‚½‚·cO‰Í‚Í˜AŸ‚ªu5v‚ÅƒXƒgƒbƒv,https://news.yahoo.co.jp/articles/f935bbe29094bba71e70bd641e8e4f0abd433759,1/21(“ú) 17:54
bballk,ƒoƒXƒPƒbƒgƒ{[ƒ‹ƒLƒ“ƒO,ˆ¢•”—È‚ªƒLƒƒƒŠƒAƒnƒC‚Ì26“¾“_‚ğ‹“‚°‚Äå‘ä89ERS‚ª2˜AŸcìè‚Í‹ê‚µ‚¢5˜A”s‚É,https://news.yahoo.co.jp/articles/822ccd1a6a9cd11a34c9a685f5573165121525f6,1/21(“ú) 17:16
bballk,ƒoƒXƒPƒbƒgƒ{[ƒ‹ƒLƒ“ƒO,‰F“s‹{‚ªƒ‰ƒXƒg4•ª‚Å13|0‚Ìƒ‰ƒ“‚ğ“WŠJc—®‹…‚Æ‚ÌŒƒ“¬‚ğ§‚µ‚ÄãˆÊ‘ÎŒˆ‚Í’É‚İ•ª‚¯‚É,https://news.yahoo.co.jp/articles/c3d73501627fbbcebfe5270db06651d70f833dbc,1/21(“ú) 16:41
bballk,ƒoƒXƒPƒbƒgƒ{[ƒ‹ƒLƒ“ƒO,‰¡•lBC‚ª“G’n‚Å‘åã‚ÉƒŠƒxƒ“ƒWc‰Í‘º—E‹P‚ÍŸ—˜‚ğˆø‚«Šñ‚¹‚é˜A‘±3P‚ğ’¾‚ß‚Ä31“¾“_,https://news.yahoo.co.jp/articles/b244ec24da5ae2cfda18c57bb10cf0eb28547da0,1/21(“ú) 16:13
bballk,ƒoƒXƒPƒbƒgƒ{[ƒ‹ƒLƒ“ƒO,Œ´C‘¾‚Ì•œ‹A‚Åã¸‹C—¬‚Éæ‚éç—tƒWƒFƒbƒcuƒPƒK‚ğ‚·‚é‘O‚æ‚è‚àg‘Ì‚Ìó‘Ô‚ª‚¢‚¢v,https://news.yahoo.co.jp/articles/1dc2c93bde387b00d2b2a864a354d545ed3fdba8,1/21(“ú) 14:31
bballk,ƒoƒXƒPƒbƒgƒ{[ƒ‹ƒLƒ“ƒO,Rƒm“à—E“o‚ªƒV[ƒYƒ“ƒnƒC‚Ì17“¾“_‚Æ–ô“®cƒ|[ƒgƒ‰ƒ“ƒh‘åŠw‚Í3˜A”s‚ğ‹i‚·‚é,https://news.yahoo.co.jp/articles/6b5a8395239cfd053c5e77a1fb0b16851379fd1c,1/21(“ú) 13:28
bballk,ƒoƒXƒPƒbƒgƒ{[ƒ‹ƒLƒ“ƒO,ƒWƒFƒCƒRƒuƒX»‚ª3‡˜A‘±‚Ì3ƒ|ƒCƒ“ƒg¬Œ÷cÚí‚É”s‚ê‚½ƒnƒƒC‘åŠw‚Í2˜A”s‚É,https://news.yahoo.co.jp/articles/6a119b48e032a20ae9c8b790427b87c034153da4,1/21(“ú) 12:23
bballk,ƒoƒXƒPƒbƒgƒ{[ƒ‹ƒLƒ“ƒO,ƒlƒuƒ‰ƒXƒJ‘å‚Ì•x‰iŒ[¶‚ªÚí‚ÅŸ•‰‹­‚³”­ŠöcŸ—˜‚ğèŒJ‚èŠñ‚¹‚é3P‚ğŒˆ‚ß‚Ä14“¾“_,https://news.yahoo.co.jp/articles/f85386b7f76d0734c5fc2b98cd0d21ccb095af1d,1/21(“ú) 11:53
bballk,ƒoƒXƒPƒbƒgƒ{[ƒ‹ƒLƒ“ƒO,Ï‹É“I‚ÈU‚ß‚ÅŠˆ—Í‚ğ—^‚¦‚é“ú—§ƒnƒCƒeƒN‚Ìƒ‹[ƒL[ŒE“c^—Dcu1‡1‡A‰½‚©‚ğ“¾‚ÄAŠw‚ñ‚Åv,https://news.yahoo.co.jp/articles/3bb41c33b1d378df8321932b4ff1f3fc9c0f862a,1/21(“ú) 9:52
bballk,ƒoƒXƒPƒbƒgƒ{[ƒ‹ƒLƒ“ƒO,“Œ‹‰ŠJÃ‚Ìƒz[ƒ€ƒQ[ƒ€‚Å“‡ª‚ª‰õŸcˆÀ“¡¾Æ‚ÍuƒAƒOƒŒƒbƒVƒu‚ÈDF‚ğŒ©‚¹‚½‚¢v,https://news.yahoo.co.jp/articles/362c02d9a178c11aeeca0b7e22408757b8af52a6,1/21(“ú) 8:17
bballk,ƒoƒXƒPƒbƒgƒ{[ƒ‹ƒLƒ“ƒO,’†’n‹æ‚Æ¼’n‹æ‚Å‡ˆÊ•Ï“®cO‰“‚ÆA“Œ‹‚Í—h‚é‚ª‚Ê‹­‚³‚Å˜AŸŒp‘±/1Œ20“úŠJÃ B1‡Œ‹‰Ê,https://news.yahoo.co.jp/articles/48cd20adfbb2e31b3633038143691faca4799420,1/20(“y) 20:11
bballk,ƒoƒXƒPƒbƒgƒ{[ƒ‹ƒLƒ“ƒO,ç—tJ‚Ì•xŠ~—E÷‚ªƒLƒƒƒŠƒAƒnƒC‚É•À‚Ô42“¾“_c‘æ1Q‚Å24“¾“_‚Ì‘å”š”­‚àu‘æ2Q‚©‚ç•’i‚Ì©•ª‚Év,https://news.yahoo.co.jp/articles/cde2542f8095523c0cb2c2ab1edf699dccd2ac1e,1/20(“y) 17:51
bballk,ƒoƒXƒPƒbƒgƒ{[ƒ‹ƒLƒ“ƒO,O‰“‚ªFE–¼ŒÃ‰®‚Æ‚Ìˆ¤’m‘ÎŒˆ§‚µ8˜AŸc“Á•Êw’èEŸÇ–ì‚Í2ƒPƒ^“¾“_‚Å–ô“®,https://news.yahoo.co.jp/articles/47cd2df2419c9c27b7e9681eaffecf59b62b37be,1/20(“y) 17:37
bballk,ƒoƒXƒPƒbƒgƒ{[ƒ‹ƒLƒ“ƒO,“¯‹½‚Ìw“±Ò‚ğ–S‚­‚·‚à•±‹N‚µ‚½ƒˆƒLƒbƒ`cƒvƒŒ[ƒIƒt‚³‚È‚ª‚ç‚Ìˆêí‚ğƒiƒQƒbƒc‚ª§‚·,https://news.yahoo.co.jp/articles/ee8c84f6e0f2207fe6579b5a396f7c3bcdc6f264,1/20(“y) 17:14
bballk,ƒoƒXƒPƒbƒgƒ{[ƒ‹ƒLƒ“ƒO,‘æ3Q‚É–Ò’ÇŒ©‚¹‚é‚à‰¡•lBC‚ª‘åã‚É”sícƒG[ƒXƒK[ƒh‚Ì‰Í‘º—E‹P‚ÍƒQ[ƒ€ƒnƒC30“¾“_,https://news.yahoo.co.jp/articles/256757dca5b3e7e97d70ec07a2d2c46dcf8c955f,1/20(“y) 16:20
bballk,ƒoƒXƒPƒbƒgƒ{[ƒ‹ƒLƒ“ƒO,“‡ª‚Ìƒrƒ…ƒtƒH[ƒh‚ÆƒPƒC‚ªƒ_ƒuƒ‹ƒ_ƒuƒ‹‚Å‰õŸc—®‹…‚Æ2ƒQ[ƒ€·‚Ì‚Ü‚Ü‘æ2í‚Ö,https://news.yahoo.co.jp/articles/8145b1c023808a64c967f9391ed141a1a3962fab,1/20(“y) 16:17
bballk,ƒoƒXƒPƒbƒgƒ{[ƒ‹ƒLƒ“ƒO,Œã”¼‚©‚ç’²q‚ğ—‚Æ‚µ‚½ƒŒƒCƒJ[ƒY‚ªƒlƒbƒc‚É”síc”ª‘º—Û‚Í—vŠ‚ÅƒAƒ^ƒbƒN‚à“¾“_‚È‚ç‚¸,https://news.yahoo.co.jp/articles/6bd16ea002e021408d225caff8bddfe166a7cd16,1/20(“y) 14:53
bballk,ƒoƒXƒPƒbƒgƒ{[ƒ‹ƒLƒ“ƒO,B1H“c‚ÌÔ•ä—‹‘¾‚ªw‰E‰º‘ÚO“ª‹Ø“÷—£‚êx‚Å•‰—£’Ec‘S¡‚Í3TŠÔ‘OŒã,https://news.yahoo.co.jp/articles/fb3bccb01a30c0e86df866a6b2622cfae53ae230,1/20(“y) 14:29
bballk,ƒoƒXƒPƒbƒgƒ{[ƒ‹ƒLƒ“ƒO,ƒK[ƒhw‚Ì•â‹­‚ğ‘_‚¤ƒjƒbƒNƒXAƒWƒƒƒY‚ÌƒWƒ‡[ƒ_ƒ“EƒNƒ‰[ƒNƒ\ƒ“‚ç•¡”‘Iè‚ÉŠÖS‚©,https://news.yahoo.co.jp/articles/b7e72b8d78c88fcc937736fd409dc3c61bc6dd46,1/20(“y) 12:39
bballk,ƒoƒXƒPƒbƒgƒ{[ƒ‹ƒLƒ“ƒO,ƒuƒbƒJ[‚ª¡‹GÅ‘½52“¾“_‚ÅƒyƒŠƒJƒ“ƒY‚ğŒ‚”jcƒTƒ“ƒY‚ª˜AŸ”‚ğu4v‚ÉA“nç²—Y‘¾‚Íoê‚¹‚¸,https://news.yahoo.co.jp/articles/b08c4d4e7ecdcdcddc4b7a9bd4a0aad9b1dbce59,1/20(“y) 12:27
bballk,ƒoƒXƒPƒbƒgƒ{[ƒ‹ƒLƒ“ƒO,ƒuƒ‹ƒY‚ÌƒUƒbƒNEƒ‰ƒr[ƒ“‚ª‰E‘«”PÁ‚ÅÅ’á1`2TŠÔ‚ÌŒ‡êc”N–¾‚¯‚É18‡‚Ô‚è•œ‹A‚àÄ—£’E‚É,https://news.yahoo.co.jp/articles/ffa74c03933a6f231059fe0d2805481391551274,1/20(“y) 10:54
bballk,ƒoƒXƒPƒbƒgƒ{[ƒ‹ƒLƒ“ƒO,ŒÜ—Ö¢ŠEÅI—\‘I‚É—Õ‚Ş—q“ú–{‘ã•\c“ú–{í‘S‡‚ğNHK BS‚ÆDAZN‚Å•ú‘—E”zMŒˆ’è,https://news.yahoo.co.jp/articles/9acd21fb4f32ef47c55eb41412bf05f47c908119,1/20(“y) 9:47
bballk,ƒoƒXƒPƒbƒgƒ{[ƒ‹ƒLƒ“ƒO,2Š¥‹–ì‚Ì‰Í‘º—E‹P‚É”—‚é–œ”\ím‚Ì‘«‰¹c1Œ’†‚É“¾“_•ƒAƒVƒXƒgñˆÊŒğ‘ã‚Ì‰Â”\«‚à,https://news.yahoo.co.jp/articles/048ade29036603bcf19cfa5999bec2284dafb319,1/19(‹à) 19:00
bballk,ƒoƒXƒPƒbƒgƒ{[ƒ‹ƒLƒ“ƒO,ƒgƒŒ[ƒhŒó•â‚ÌƒWƒFƒŒƒ~[EƒOƒ‰ƒ“ƒguƒ`[ƒ€‚ª•K—v‚Æ‚µ‚Ä‚­‚ê‚éŒÀ‚èA–l‚Í‚±‚±‚É‚¢‚év,https://news.yahoo.co.jp/articles/99c9428b9dca1309ee371550ad67c287ccd4147d,1/19(‹à) 18:00
bballk,ƒoƒXƒPƒbƒgƒ{[ƒ‹ƒLƒ“ƒO,WƒŠ[ƒO‹…‰ƒƒtƒ@ƒ““Š•[‚Ì’†ŠÔŒ‹‰Ê”­•\c“ú–{‘ã•\‚Ì’¬“c—Ú—B‚Æîà“c^Šó‚ªÅ‘½“¾•[,https://news.yahoo.co.jp/articles/69b1bb0b9ff0b4f3683e4115fc39edf1db487e01,1/19(‹à) 17:52
bballk,ƒoƒXƒPƒbƒgƒ{[ƒ‹ƒLƒ“ƒO,–¢¬”N‚Æ•s“KØs“®‚ÌƒMƒfƒB[cŒx@‚Í‘{¸I—¹‚àNBA‚Í’²¸‘±s‚©,https://news.yahoo.co.jp/articles/db1ef2bea217670c0adf648cf555a460fae93dda,1/19(‹à) 17:00
bballk,ƒoƒXƒPƒbƒgƒ{[ƒ‹ƒLƒ“ƒO,B2Ã‰ª‚ªU15Š‘®‚Ì2‘Iè‚ğƒ†[ƒXˆç¬“Á•Ê˜g‚Å“o˜^c«—ˆŠú‘Ò‚Ì’†Šw¶‚Égƒvƒ‚ÌhŒƒh,https://news.yahoo.co.jp/articles/e2067a86f525b3c670a1545b19e5597cb3e5c72e,1/19(‹à) 16:30
bballk,ƒoƒXƒPƒbƒgƒ{[ƒ‹ƒLƒ“ƒO,ƒTƒ“ƒY‚ª3P¬Œ÷—¦1ˆÊ‚ÌƒOƒŒƒCƒ\ƒ“EƒAƒŒƒ“‚ğƒgƒŒ[ƒh‚©csê‰¿’lƒAƒbƒv‚ä‚¦•úo‚Ì‰Â”\«,https://news.yahoo.co.jp/articles/aeff3b82f3db9c2efc1e2e8e65b6167dfd90eea6,1/19(‹à) 14:58
bballk,ƒoƒXƒPƒbƒgƒ{[ƒ‹ƒLƒ“ƒO,ƒnƒƒC‘åEƒWƒFƒCƒRƒuƒX»‚ªNCAA©ŒÈÅ’·oêc2‡˜A‘±‚Å3ƒ|ƒCƒ“ƒg•¡”¬Œ÷,https://news.yahoo.co.jp/articles/46f095fb7c8d8b44437a3bb1388df8cde14013b8,1/19(‹à) 14:56
bballk,ƒoƒXƒPƒbƒgƒ{[ƒ‹ƒLƒ“ƒO,B1‘æ21ß‚Ì•xRvsH“c‚ÍNHK•ú‘—’†~u—ß˜a6”N”\“o”¼“‡’nk‚Ì‰e‹¿‚ğó‚¯v,https://news.yahoo.co.jp/articles/463f06e0d9feaec129defb107363e16e1dc843f1,1/19(‹à) 14:15
bballk,ƒoƒXƒPƒbƒgƒ{[ƒ‹ƒLƒ“ƒO,ƒ_ƒCƒiƒ~ƒbƒN‚ÈƒvƒŒ[‚Å–£—¹‚·‚é3x3—q“ú–{‘ã•\‚Ì‰i“c–GŠGcu3x3‚Í‚â‚Á‚Ï‚èŠy‚µ‚¢v,https://news.yahoo.co.jp/articles/9301c82fd73ed7cc2764b03977dda38b3451b58e,1/19(‹à) 14:08
bballk,ƒoƒXƒPƒbƒgƒ{[ƒ‹ƒLƒ“ƒO,u‚İ‚ñ‚È”Ş‚Ì‚±‚Æ‚ğ–Y‚ê‚Ä‚È‚¢‚©HvƒJ[ƒƒ‚ª‘I‚Ô“¯¢‘ãÅ‚‚ÌƒVƒ…[ƒeƒBƒ“ƒOƒK[ƒh,https://news.yahoo.co.jp/articles/01492778640697649240f07670b1fb53c97c6899,1/19(‹à) 14:05
bballk,ƒoƒXƒPƒbƒgƒ{[ƒ‹ƒLƒ“ƒO,NBAƒI[ƒ‹ƒXƒ^[2024ƒtƒ@ƒ““Š•[‚Ì“r’†Œo‰ß‘æ3’e‚ª”­•\c‘S‘Ìƒgƒbƒv‚Íƒ„ƒjƒX‚Ì–ñ431–œ•[,https://news.yahoo.co.jp/articles/7ba681de8590e78452af28de7bb121d693ccdc81,1/19(‹à) 13:28
bballk,ƒoƒXƒPƒbƒgƒ{[ƒ‹ƒLƒ“ƒO,NBAƒXƒ^[‚½‚¿‚ªgˆç‚Ä‚Ìehƒ‹ƒrƒI‚ÉŠ´ÓuƒLƒƒƒŠƒA‚Éâ‘å‚È‰e‹¿‚ğ—^‚¦‚Ä‚­‚ê‚½v,https://news.yahoo.co.jp/articles/49a36085fbdd9768e3a73239179aab09e4f9c35e,1/19(‹à) 12:31
bballk,ƒoƒXƒPƒbƒgƒ{[ƒ‹ƒLƒ“ƒO,ƒŒƒuƒƒ“‚ªƒ}ƒuƒXí‚Å—¬‚ê‚½g©g‚Ì‹L˜^h‚É”½‰u‰½‚¾‚Á‚ÄH ‚»‚è‚á‚·‚²‚¢‚Èv,https://news.yahoo.co.jp/articles/3a8c33d4263b526ed7ca6419eb9105ce119163bd,1/19(‹à) 12:24
bballk,ƒoƒXƒPƒbƒgƒ{[ƒ‹ƒLƒ“ƒO,yB2‘æ17ß Œ©‚Ç‚±‚ëz“Œ¼ãˆÊ‘ÎŒˆ‚ªÀŒ»c•Ÿ‰ª‚ÍAç—t‚Ìã“_‚ğ“Ë‚¯‚é‚©,https://news.yahoo.co.jp/articles/25a6c6bf21b40ad2a1b3e9f597ba38e7a7e53269,1/19(‹à) 11:05
bballk,ƒoƒXƒPƒbƒgƒ{[ƒ‹ƒLƒ“ƒO,’¼‹ß9í‚Å20“¾“_ˆÈã‚ğ8“x‚à‹L˜^‚·‚éƒEƒFƒ“ƒoƒ“ƒ„ƒ}‚ªñˆÊ/ÅV”Åƒ‹[ƒL[ƒ‰ƒ“ƒLƒ“ƒO,https://news.yahoo.co.jp/articles/101452de6657d538d49f3cd642ec8e204ec2bc36,1/19(‹à) 11:04
bballk,ƒoƒXƒPƒbƒgƒ{[ƒ‹ƒLƒ“ƒO,yB1‘æ18ß Œ©‚Ç‚±‚ëz˜A”s’Eo‚ğ–Úw‚·å‘ä‚Æìè‚ªŒƒ“Ëcg‘O“cHC‘ÎŒˆhA“‡ª‚Ì“Œ‹ŠJÃ‡‚à,https://news.yahoo.co.jp/articles/e9901bc5deb504d3a0188fc38ff76975a5897314,1/19(‹à) 11:00
bballk,ƒoƒXƒPƒbƒgƒ{[ƒ‹ƒLƒ“ƒO,‹­‚³‚Æ‚¤‚Ü‚³‚ğŒ“‚Ë”õ‚¦‚é3x3—q“ú–{‘ã•\Œó•â‚Ì‹{‰ºŠó•Ûcu‹‚ß‚ç‚ê‚Ä‚¢‚é‚±‚Æ‚ğŠæ’£‚é‚¾‚¯v,https://news.yahoo.co.jp/articles/1611f818931eb66bd57fd69cb132dc0d68c5050d,1/19(‹à) 8:15
bballk,ƒoƒXƒPƒbƒgƒ{[ƒ‹ƒLƒ“ƒO,•P˜HƒC[ƒOƒŒƒbƒc‚Ìƒ‹[ƒL[c”N—EÎ–qˆ¨‚ÍŒª‹•‚Å‚Ğ‚½‚Ş‚«‚È“_æ‚è‰®,https://news.yahoo.co.jp/articles/8e1c875346b900b4386d06657f79f35772f9640a,1/19(‹à) 7:30
bballk,ƒoƒXƒPƒbƒgƒ{[ƒ‹ƒLƒ“ƒO,‹…‰ƒŒ»’n‚©‚ç“‡“cƒ`ƒFƒAƒ}ƒ“‚ªƒŠƒ|[ƒgc‰«“êog‚ÌR“à·‹vA•À—¢¬‚ªƒ`[ƒ€ˆ¤‚ğŒê‚é,https://news.yahoo.co.jp/articles/941f1e1a995aff87ec3644186d5f8e78eea0416b,1/18(–Ø) 19:14
bballk,ƒoƒXƒPƒbƒgƒ{[ƒ‹ƒLƒ“ƒO,B2¼’n‹æ3ˆÊ‚ÌŒF–{ƒ”ƒHƒ‹ƒ^[ƒY‚ª–{‘º—º•ã‚ÌƒCƒ“ƒWƒ…ƒAƒŠ[ƒŠƒXƒg–•Á‚ğ”­•\c‘æ17ß‚©‚çƒGƒ“ƒgƒŠ[‰Â”\‚É,https://news.yahoo.co.jp/articles/239a64627fbe5faa5fa7c6997d5b953e58820c95,1/18(–Ø) 18:56
bballk,ƒoƒXƒPƒbƒgƒ{[ƒ‹ƒLƒ“ƒO,BƒŠ[ƒO‚ª12Œ“xMVP‚ğ”­•\c“‡ª‚Ìƒrƒ…ƒtƒH[ƒh‚ª¡‹G‰óÜu¬’·‚µ‘±‚¯‚Ä‚¢‚«‚½‚¢v,https://news.yahoo.co.jp/articles/1c574b84510f7f428b7cb8d65b7ec20e24983923,1/18(–Ø) 18:30
bballk,ƒoƒXƒPƒbƒgƒ{[ƒ‹ƒLƒ“ƒO,–¼ŒÃ‰®D‚ª¼’n‹æñˆÊ‚©‚ç”’¯Šl“¾cA“Œ‹A‰F“s‹{‚ÍD’²ˆÛ‚Å5˜AŸ/1Œ17“úŠJÃ B1‡Œ‹‰Ê,https://news.yahoo.co.jp/articles/eceae32421b43b76d361b7e1388b4551118921e2,1/18(–Ø) 16:08
bballk,ƒoƒXƒPƒbƒgƒ{[ƒ‹ƒLƒ“ƒO,—®‹…‚ÌŠİ–{—²ˆê‚ªBƒŠ[ƒO’ÊZ3ƒ|ƒCƒ“ƒg800–{’B¬c•xŠ~—E÷‚ÉŸ‚¢‚Å2l–Ú‚Ì‰õ‹“,https://news.yahoo.co.jp/articles/c9c02dba623ac50f473821eebabc86d65019493d,1/18(–Ø) 16:07
bballk,ƒoƒXƒPƒbƒgƒ{[ƒ‹ƒLƒ“ƒO,—®‹…ƒS[ƒ‹ƒfƒ“ƒLƒ“ƒOƒX‚ªƒJ[ƒ‹Eƒ^ƒ}ƒˆ‚Ì‘Ş’c”­•\cu‘Iè‚Ì«—ˆAŒ»ƒ`[ƒ€ó‹µv‚ğl—¶,https://news.yahoo.co.jp/articles/e2a73cc11495f8a28916158020de377181fff650,1/18(–Ø) 15:22
bballk,ƒoƒXƒPƒbƒgƒ{[ƒ‹ƒLƒ“ƒO,ƒTƒ“ƒƒbƒJ[ƒYa’JAg—LƒRƒhŠJÃ‚ÅƒNƒ‰ƒuÅ‘½“üêÒ”‘å•XVc9668l‚ª”M‹¶,https://news.yahoo.co.jp/articles/c12f6b1ca9e6fc5b2e22ab5e555742301ccd23cf,1/18(–Ø) 14:02
bballk,ƒoƒXƒPƒbƒgƒ{[ƒ‹ƒLƒ“ƒO,ƒŒƒCƒJ[ƒY‚ªƒ}ƒuƒX‚ğ‰º‚µ‚ÄŸ—¦5Š„•œ‹Ac”ª‘º—Û‚Í˜A‘±2ƒPƒ^“¾“_‚ªƒXƒgƒbƒv,https://news.yahoo.co.jp/articles/5200e673e40bee4a4ff828b8d8d432749a14f4f1,1/18(–Ø) 13:06
bballk,ƒoƒXƒPƒbƒgƒ{[ƒ‹ƒLƒ“ƒO,•x‰iŒ[¶‚ª4–{‚Ì3P‚ğŠÜ‚Ş16“¾“_‚àŸ—˜‚È‚ç‚¸cƒlƒuƒ‰ƒXƒJ‘å‚ÍOT“Ë“ü‚ÌÚí—‚Æ‚µ2˜A”s,https://news.yahoo.co.jp/articles/1fee00e0aaba58a917c57f5f87115e00a2aea5f3,1/18(–Ø) 12:44
bballk,ƒoƒXƒPƒbƒgƒ{[ƒ‹ƒLƒ“ƒO,ƒˆƒLƒbƒ`‚ÆƒGƒ“ƒr[ƒh‚ÌgMVP‘ÎŒˆh‚ªÀŒ»u‚¢‚¢‘Îí‚¾‚Á‚½vu”Ş‚ªƒŠ[ƒOƒxƒXƒgv,https://news.yahoo.co.jp/articles/9313c9697f93925c7c8ecb87ff208203651f7528,1/18(–Ø) 12:39
bballk,ƒoƒXƒPƒbƒgƒ{[ƒ‹ƒLƒ“ƒO,ƒNƒŠƒbƒp[ƒY•s“®‚Ìæ”­ƒZƒ“ƒ^[AƒCƒrƒcƒ@EƒYƒoƒbƒc‚ªÅ’á4TŠÔ‚Ìíü—£’E,https://news.yahoo.co.jp/articles/7ebd95a73d69440a0b9368fcc87ac3d581d7b99f,1/18(–Ø) 11:47
bballk,ƒoƒXƒPƒbƒgƒ{[ƒ‹ƒLƒ“ƒO,ƒEƒHƒŠƒA[ƒY‚Ìƒfƒ„ƒ“Eƒ~ƒƒCƒFƒ”ƒBƒbƒ`AC‚ªÀ‹cƒWƒƒƒYí‚Í‰„Šú‚É,https://news.yahoo.co.jp/articles/7da7e80138c02251db55bb50240816c98261d96a,1/18(–Ø) 11:07
bballk,ƒoƒXƒPƒbƒgƒ{[ƒ‹ƒLƒ“ƒO,3ƒ`[ƒ€ŠÔƒgƒŒ[ƒh‚ª‡ˆÓcƒI[ƒ‹ƒXƒ^[‚ÌƒpƒXƒJƒ‹EƒVƒAƒJƒ€‚ªƒyƒCƒT[ƒYˆÚĞ‚Ö,https://news.yahoo.co.jp/articles/d3de829af0d006842a3a73b675de100d18e31f48,1/18(–Ø) 10:19
bballk,ƒoƒXƒPƒbƒgƒ{[ƒ‹ƒLƒ“ƒO,‰Í‘º—E‹P‚ª32“¾“_6ƒAƒVƒXƒg‚Å‰¡•lBCŸ—˜c¡‹G•½‹Ï23.4“¾“_‚Å“¾“_‰¤‘ˆ‚¢ƒgƒbƒv,https://news.yahoo.co.jp/articles/bafd415fd21319fd192dc08dc809ddccbf72cdcc,1/17(…) 21:50
bballk,ƒoƒXƒPƒbƒgƒ{[ƒ‹ƒLƒ“ƒO,“¾“_‚ÆƒAƒVƒXƒg‚ğ—ÊY‚·‚éƒz[ƒNƒX‚ÌƒgƒŒƒCEƒ„ƒ“ƒO‚ªNBAjãÅ‘¬‚Å‘å‘ä‚ğƒNƒŠƒA,https://news.yahoo.co.jp/articles/1caf722a30e32a0f2324c69ceb2c9ba4d46e3609,1/17(…) 18:53
bballk,ƒoƒXƒPƒbƒgƒ{[ƒ‹ƒLƒ“ƒO,B2‰z’J‚ÌŠ™“c^‚ªƒCƒ“ƒWƒ…ƒAƒŠ[ƒŠƒXƒg‚©‚ç–•Ác‰E‘«ñ‚ÌƒPƒK–ü‚¦•œ‹A‚Ö‘Oi,https://news.yahoo.co.jp/articles/44e9abcbc3032b98761cc4e8dfaa492e9057a289,1/17(…) 17:09
bballk,ƒoƒXƒPƒbƒgƒ{[ƒ‹ƒLƒ“ƒO,_ŒË‘Ş’c‚ÌƒXƒpƒCƒNƒX‚ªg“ú–{10‹…’c–Úhˆ¤•Q‚ÖˆÚĞuƒGƒiƒW[‚ÆŒoŒ±‚ğƒ`[ƒ€‚É’‚¬“¬‚Á‚Ä‚¢‚«‚½‚¢v,https://news.yahoo.co.jp/articles/26d0e8c9919040ee467401eed313abcf1a5ce03b,1/17(…) 16:28
bballk,ƒoƒXƒPƒbƒgƒ{[ƒ‹ƒLƒ“ƒO,B2ˆ¤•Q‚ÌƒWƒƒƒoƒŠEƒiƒ‹ƒVƒX‚ªŒ_–ñ‰ğœc¡‹G‰Á“ü‚µ‚½ƒgƒŠƒjƒ_[ƒhEƒgƒoƒSogƒrƒbƒOƒ}ƒ“,https://news.yahoo.co.jp/articles/e602791e77543275ae954dc1a5d5c6e62ed85877,1/17(…) 15:56
bballk,ƒoƒXƒPƒbƒgƒ{[ƒ‹ƒLƒ“ƒO,ƒEƒFƒ“ƒoƒ“ƒ„ƒ}‚ª‹…‰ƒƒXƒLƒ‹ƒYƒ`ƒƒƒŒƒ“ƒWQí‚©cg’·224ƒZƒ“ƒ`‰ö•¨Vl‚Ì•s“¾ˆÓ•ª–ì‚ğ•ªÍ,https://news.yahoo.co.jp/articles/513d83168c51023bed2996aeac328a6d4851f84d,1/17(…) 15:30
bballk,ƒoƒXƒPƒbƒgƒ{[ƒ‹ƒLƒ“ƒO,‹P‚­gƒfƒCƒ€Eƒ^ƒCƒ€hcƒŠƒ‰[ƒh‚ªƒNƒ‰ƒbƒ`ƒ^ƒCƒ€‚Ì‹L˜^‚ğ“h‚è‘Ö‚¦NBAÅ‹­‚ÌŒˆŸ’e‰¤‚É,https://news.yahoo.co.jp/articles/f0a4d9eeebe664cdbf2a2e37d2119ff9ba3e7fe9,1/17(…) 14:53
bballk,ƒoƒXƒPƒbƒgƒ{[ƒ‹ƒLƒ“ƒO,ƒTƒ“ƒY‚ªÅ‘å22“_·‚ğ•¢‚µƒLƒ“ƒOƒX‚É‘å‹t“]Ÿ—˜c“nç²‚Í‘Ì’²•s—Ç‚Ì‚½‚ßŒ‡ê,https://news.yahoo.co.jp/articles/c9dc5e90647ada08d5c2ab43f4b2543dc5541b42,1/17(…) 14:14
bballk,ƒoƒXƒPƒbƒgƒ{[ƒ‹ƒLƒ“ƒO,‹ó`“à‚ÉƒoƒXƒPgƒtƒ‹ƒR[ƒgh‚ª’a¶cƒI[ƒ‹ƒXƒ^[‚ÖŒü‚¯‚ÄŠú‘Ò‚‚Ü‚é‰‰o,https://news.yahoo.co.jp/articles/ecc6a12d64262c73a2fe1b1bf34dc8362e8dcf54,1/17(…) 12:47
bballk,ƒoƒXƒPƒbƒgƒ{[ƒ‹ƒLƒ“ƒO,ƒPƒKl‘±o‚ÌƒOƒŠƒYƒŠ[ƒY‚É’Éèc“¾“_Œ¹ƒfƒYƒ‚ƒ“ƒhEƒxƒCƒ“‚àÅ’á6TŠÔ‚Ì—£’E,https://news.yahoo.co.jp/articles/784779a623d822b129d24f50b47f49838cb6376b,1/17(…) 12:47
bballk,ƒoƒXƒPƒbƒgƒ{[ƒ‹ƒLƒ“ƒO,¡‹G‘æ12T‚ÌTŠÔMVP‚ÉƒWƒƒƒY‚Ìƒ}ƒ‹ƒJƒlƒ“Aƒq[ƒg‚ÌƒAƒfƒoƒˆ‚ª‘Io,https://news.yahoo.co.jp/articles/8b4be3c55a0a97fc3c5abf8c495151511035d947,1/17(…) 12:15
bballk,ƒoƒXƒPƒbƒgƒ{[ƒ‹ƒLƒ“ƒO,‘åY‘å‚Ìîà–Ø‘ñŠC‚ª‘åãƒGƒ”ƒFƒbƒT‚É“Áw‰Á“üu“DL‚¢‚±‚Æ‚à¸ˆê”tŠæ’£‚è‚Ü‚·v,https://news.yahoo.co.jp/articles/b60404b4a9946807fa41eaf75c90b81e1959ce31,1/17(…) 11:45
bballk,ƒoƒXƒPƒbƒgƒ{[ƒ‹ƒLƒ“ƒO,2026”NƒI[ƒ‹ƒXƒ^[ŠJÃ’n‚ªƒƒTƒ“ƒ[ƒ‹ƒX‚ÉŒˆ’èc¡‰ÄŠ®¬‚ÌƒNƒŠƒbƒp[ƒY–{‹’’n,https://news.yahoo.co.jp/articles/e13e6fcdeca81ad06a50a573f299c33a27efeb90,1/17(…) 11:28
bballk,ƒoƒXƒPƒbƒgƒ{[ƒ‹ƒLƒ“ƒO,yB1‘æ17ß Œ©‚Ç‚±‚ëz–¼ŒÃ‰®D‚ª’n‹æñˆÊ‚Ì—®‹…‚ÆŒƒ“Ëcg—LƒRƒhŠJÃ‚ÌSRa’Jvsìè‚à’–Ú,https://news.yahoo.co.jp/articles/dffd0e58d21c2c37f83fb30f976b89b9b8563e1c,1/17(…) 11:00
bballk,ƒoƒXƒPƒbƒgƒ{[ƒ‹ƒLƒ“ƒO,ŒÜ—ÖƒCƒ„[Œ}‚¦‚½g”N—h“Œ“¡‚È‚Èq‚Ì¾‚¢cƒgƒˆƒ^–aD‚Å‚Ì’§í‚Æ¬’·‚Ì“úX,https://news.yahoo.co.jp/articles/2565647584b22433c7ee43c599787eca9d0b2872,1/17(…) 7:30
bballk,ƒoƒXƒPƒbƒgƒ{[ƒ‹ƒLƒ“ƒO,“ŒŠC‘åPG‚ª“Á•Êw’è‚ÅSRa’J‚É‰Á“üc—®‹…AŒQ”n‚É‘±‚«3“x–Ú‚ÌgBƒŠ[ƒO“ü‚èh,https://news.yahoo.co.jp/articles/b4729c262d1cdf178bc26aeef2621a45cf3ed776,1/16(‰Î) 15:50
bballk,ƒoƒXƒPƒbƒgƒ{[ƒ‹ƒLƒ“ƒO,VŠƒƒAƒ‹ƒrƒŒƒbƒNƒXBB‚ªVŠO‘Ğ‘Iè‚ğŠl“¾c205ƒZƒ“ƒ`109ƒLƒ‚ÌPFŒ“C,https://news.yahoo.co.jp/articles/8fbf970d2f5fd4f3b116ff31b58d062f3ce853f9,1/16(‰Î) 15:48
bballk,ƒoƒXƒPƒbƒgƒ{[ƒ‹ƒLƒ“ƒO,ƒŒƒCƒJ[ƒYE”ª‘º—Û‚ª‹‰õƒuƒƒbƒN•ƒ_ƒ“ƒNc•œ‹AŒã2‡˜A‘±‚Ì2Œ…“¾“_‚ÅŸ—˜‚ÉvŒ£,https://news.yahoo.co.jp/articles/743d76d23f574eab8a5d7120b00be1b7dce645eb,1/16(‰Î) 14:55
bballk,ƒoƒXƒPƒbƒgƒ{[ƒ‹ƒLƒ“ƒO,‰F“s‹{‚ª21ÎPG‚Ì¬ì“Ö–ç‚ÆƒvƒŒ_–ñc’}”g‘åƒoƒXƒP•”‚ğ‘Ş•”‚µBƒŠ[ƒO’§í,https://news.yahoo.co.jp/articles/b1f9ebfd648c11a916fef586dec227779acdb424,1/16(‰Î) 12:53
bballk,ƒoƒXƒPƒbƒgƒ{[ƒ‹ƒLƒ“ƒO,g‚¨‘›‚ª‚¹’jhƒOƒŠ[ƒ“‚ª17‡‚Ô‚è•œ‹Acƒu[ƒCƒ“ƒOó‚¯‚È‚ª‚ç“r’†oê,https://news.yahoo.co.jp/articles/405ff5941a1077444a96b8821cede61e6d22c899,1/16(‰Î) 12:01
bballk,ƒoƒXƒPƒbƒgƒ{[ƒ‹ƒLƒ“ƒO,£ŒË“à‚Z‚Ìà_“c“T–ç‚ªB1L“‡‚Ì—ûKQ‰Á c‚·‚Å‚Éi˜H“à’èuƒvƒ‚ÌƒŒƒxƒ‹Šw‚ñ‚Åv,https://news.yahoo.co.jp/articles/70930392e7c0908631e99c75f410109398983024,1/15(Œ) 20:57
bballk,ƒoƒXƒPƒbƒgƒ{[ƒ‹ƒLƒ“ƒO,s‘D•ÂŠwOB‚Ì•Ûò—É‚ªB2VŠƒ‚Ì—ûKQ‰Áu“²‚ê‚Ä‚«‚½–²‚Ì•‘‘ä‚Ü‚Å‚ ‚Æ­‚µv,https://news.yahoo.co.jp/articles/5d266c469495fed735aafe6be75a86f36d7d5729,1/15(Œ) 20:26
bballk,ƒoƒXƒPƒbƒgƒ{[ƒ‹ƒLƒ“ƒO,ƒEƒHƒŠƒA[ƒY‚ÌƒhƒŒƒCƒ‚ƒ“ƒhEƒOƒŠ[ƒ“‚ª“ú–{ŠÔ16“ú‚ÌƒOƒŠƒYƒŠ[ƒYí‚Åí—ñ•œ‹A‚©H,https://news.yahoo.co.jp/articles/46a009a2ecfcd10d17b31835cfe041eccd0ad585,1/15(Œ) 18:17
bballk,ƒoƒXƒPƒbƒgƒ{[ƒ‹ƒLƒ“ƒO,uƒoƒXƒP‚ÌŠy‚µ‚İ•û‚Í–³ŒÀvBƒI[ƒ‹ƒXƒ^[’¼‘O‚É‹£‹Z‚ÌŠ_ª’´‚¦‚½ƒ^ƒbƒOƒvƒŒ[,https://news.yahoo.co.jp/articles/a2c3f13235e540b9fc4a2e869d2717f75b7a54b0,1/15(Œ) 17:57
bballk,ƒoƒXƒPƒbƒgƒ{[ƒ‹ƒLƒ“ƒO,“¾“_—Í‚Ì‚‚³‚ªŒõ‚éƒK[ƒh‚ÌR–{–ƒˆßcuƒ|ƒWƒVƒ‡ƒ“‚É‚±‚¾‚í‚ç‚¸A‚â‚ê‚é‚±‚Æ‚ğv,https://news.yahoo.co.jp/articles/4abc482978fde0e93b424f1e110ffd94388ed56a,1/15(Œ) 17:48
bballk,ƒoƒXƒPƒbƒgƒ{[ƒ‹ƒLƒ“ƒO,ƒsƒXƒgƒ“ƒY‚ÆƒEƒBƒU[ƒY‚ÅƒgƒŒ[ƒh¬—§cŒ³ƒhƒ‰ƒtƒg‘S‘Ì2ˆÊw–¼‚ÌƒoƒOƒŠ[O¢‚ªˆÚĞ,https://news.yahoo.co.jp/articles/261cc6d750600500c2b2cbe49464d7484a704ed8,1/15(Œ) 17:37
bballk,ƒoƒXƒPƒbƒgƒ{[ƒ‹ƒLƒ“ƒO,BƒŠ[ƒO‹…‰ƒA”ä]“‡‚ÉƒoƒXƒPƒbƒgLIVE On FireÜu‘åD‚«‚ÈƒAƒŠ[ƒi‚É‚È‚Á‚½v,https://news.yahoo.co.jp/articles/53299e22e3d651679a7f67d512c1c6cc5b01e06f,1/15(Œ) 14:56
bballk,ƒoƒXƒPƒbƒgƒ{[ƒ‹ƒLƒ“ƒO,hƒrƒbƒO3h‚ªD’²‚ÈƒTƒ“ƒY‚ªƒuƒŒƒCƒU[ƒY‚ğ”j‚è2˜AŸc“nç²‚ÍoêŠÔ‚È‚µ,https://news.yahoo.co.jp/articles/71e825a2af4ea6232b82ebbdf70a7df80c71d6ca,1/15(Œ) 14:33
bballk,ƒoƒXƒPƒbƒgƒ{[ƒ‹ƒLƒ“ƒO,ƒI[ƒ‹ƒXƒ^[MVPŠİ–{A‹…‰ƒ‚ğU‚è•Ô‚èuƒoƒXƒP‚Ì–£—Í‚ğ‰«“ê‚©‚ç”­M‚µ‚Ä‚¢‚«‚½‚¢v,https://news.yahoo.co.jp/articles/ec7457ed8ff6d2baffe54bca9d999688275332b6,1/15(Œ) 13:23
bballk,ƒoƒXƒPƒbƒgƒ{[ƒ‹ƒLƒ“ƒO,ŠØ‘‘ã•\‚ÌŠç‚Æ‚µ‚ÄŠˆ–ô‚µ‚½ƒLƒ€Eƒ_ƒ“ƒrc“ú–{‘ã•\‚©‚ç‚Ì‰Ô‘©‚ÉuŠ´Ó‚ÆŠ´“®v,https://news.yahoo.co.jp/articles/2627a7bc16cd15acdbadd7628d5f3834c2b4ee9d,1/15(Œ) 13:12
bballk,ƒoƒXƒPƒbƒgƒ{[ƒ‹ƒLƒ“ƒO,ƒq[ƒg‚Ìƒz[ƒ€ƒAƒŠ[ƒi‚ÉƒEƒFƒCƒh‚Ì“º‘œ‚ªİ’u‚Öc“a“°“ü‚èƒZƒŒƒ‚ƒj[‚Å”­•\,https://news.yahoo.co.jp/articles/b51dcfa0717c5a902f14128405648debaef758d0,1/15(Œ) 11:35
bballk,ƒoƒXƒPƒbƒgƒ{[ƒ‹ƒLƒ“ƒO,‹­‰»‚ği‚ß‚é—q“ú–{‘ã•\‚ªg”’í‚ğŒöŠJc‰¶’ËHCA—ÑƒLƒƒƒvƒeƒ“‚ªOQT‚Å‚ÌŠˆ–ô‚ğ¾‚¤,https://news.yahoo.co.jp/articles/81a89f1aea52afe4f591eeabb9ab600c28661709,1/14(“ú) 19:34
bballk,ƒoƒXƒPƒbƒgƒ{[ƒ‹ƒLƒ“ƒO,ƒnƒƒC‘åŠw‚ÌƒWƒFƒCƒRƒuƒX»‚ª©ŒÈÅ‘½6“¾“_‚ğƒ}[ƒNc2–{‚Ì3P‚ğŒˆ‚ß‚ÄŸ—˜‚ÉvŒ£,https://news.yahoo.co.jp/articles/0c6c91cac4cbd9687fdf6fa3ae476e83b30ce341,1/14(“ú) 18:43
bballk,ƒoƒXƒPƒbƒgƒ{[ƒ‹ƒLƒ“ƒO,B.WHITE‚ª‘å”Mí‚ÌƒI[ƒ‹ƒXƒ^[ƒQ[ƒ€‚ğ§‚·cMVP‚ÍB.BLACK‚©‚ç24“¾“_‚ğ‹“‚°‚½Šİ–{—²ˆê,https://news.yahoo.co.jp/articles/0ede37f3c300554fa738bf49b4c896679c3a6ebb,1/14(“ú) 17:09
bballk,ƒoƒXƒPƒbƒgƒ{[ƒ‹ƒLƒ“ƒO,wWƒŠ[ƒO SUPERGAMESxáèƒ`[ƒ€U25‚ªO26‚ÉŸ—˜c–ô“®‚µ‚½ƒCƒ]ƒWƒF ƒEƒ`ƒF‚ªMVP‚É‹P‚­,https://news.yahoo.co.jp/articles/4e2e1a07deebe08be75fe9883a6b2a5a457d2c47,1/14(“ú) 15:29
bballk,ƒoƒXƒPƒbƒgƒ{[ƒ‹ƒLƒ“ƒO,‰«“êƒAƒŠ[ƒi‚Å”M‹¶‘h‚éu‘æƒ[ƒŠ´v‘å‡¥cBƒI[ƒ‹ƒXƒ^[‚Éu10-FEETv‚ªƒTƒvƒ‰ƒCƒY“oê,https://news.yahoo.co.jp/articles/98778ae3165c9ef7acdb45837da754a935e3ba45,1/14(“ú) 15:00
bballk,ƒoƒXƒPƒbƒgƒ{[ƒ‹ƒLƒ“ƒO,ƒŒƒCƒJ[ƒY‚ªƒWƒƒƒY‚É‹£‚è•‰‚¯‚Ä2˜A”sc”ª‘º—Û‚Í6‡‚Ô‚è‚Ìíü•œ‹A‚Å17“¾“_‚ÌŠˆ–ô,https://news.yahoo.co.jp/articles/c041f21a581fc2c0d9a8971dceb72b46824b04fa,1/14(“ú) 14:23
bballk,ƒoƒXƒPƒbƒgƒ{[ƒ‹ƒLƒ“ƒO,U18ƒI[ƒ‹ƒXƒ^[ƒQ[ƒ€‚Å30“_·‚ğ•¢‚·‘å‹t“]Œ€c—®‹…U18‚Ì‹X•Û”¹–í‚ª‹t“]3P‚ğƒqƒbƒg,https://news.yahoo.co.jp/articles/844ad52aca6cb0c63592cfbcc86bce138549088d,1/14(“ú) 13:53
bballk,ƒoƒXƒPƒbƒgƒ{[ƒ‹ƒLƒ“ƒO,ƒEƒHƒŠƒA[ƒY‚ÌƒNƒŒƒCEƒgƒ“ƒvƒ\ƒ“‚ªƒŒƒuƒƒ“’´‚¦c’ÊZ3ƒ|ƒCƒ“ƒg¬Œ÷”‚Å—ğ‘ã7ˆÊ‚É,https://news.yahoo.co.jp/articles/f0eb5e7d1670cffc8f07570ec4b4b8ee117bcceb,1/14(“ú) 13:16
bballk,ƒoƒXƒPƒbƒgƒ{[ƒ‹ƒLƒ“ƒO,ƒIƒŠƒ“ƒsƒbƒN5˜A”e‚ğ–Úw‚·ƒAƒƒŠƒJ‘ã•\c’´‹‰Ø‚ÈƒƒXƒ^[Œó•â‚ª1Œ’†‚É”­•\‚©H,https://news.yahoo.co.jp/articles/73d21f4544210bc498f51f062d40ff8e355094c1,1/14(“ú) 12:10
bballk,ƒoƒXƒPƒbƒgƒ{[ƒ‹ƒLƒ“ƒO,ƒCƒ“ƒV[ƒYƒ“Eƒg[ƒiƒƒ“ƒg‚Í‘±scƒRƒ~ƒbƒVƒ‡ƒi[u—ˆ”N‚àŠJÃ‚·‚é‚±‚Æ‚ÍŠm‚©‚Å‚·v,https://news.yahoo.co.jp/articles/aa6c950d1c538d8e7b308db587ef2af15c1cf373,1/14(“ú) 11:23
bballk,ƒoƒXƒPƒbƒgƒ{[ƒ‹ƒLƒ“ƒO,ç—tJ‚ÌƒXƒeƒtƒFƒ“ƒY‚ª’´âƒpƒtƒH[ƒ}ƒ“ƒX‚ğŒˆ‚ß‚Äƒ_ƒ“ƒNƒRƒ“ƒeƒXƒg‚ğ‰§”e,https://news.yahoo.co.jp/articles/29f1d3147a34badbb5b85958a327dee7639daae2,1/13(“y) 21:13
bballk,ƒoƒXƒPƒbƒgƒ{[ƒ‹ƒLƒ“ƒO,u¡“úŸ‚½‚¸‚µ‚Ä‚¢‚ÂŸ‚Â‚ñ‚¾Ivc’nŒ³—®‹…‚ÌŠİ–{—²ˆê‚ª3ƒ|ƒCƒ“ƒgƒRƒ“ƒeƒXƒg‚Å‰—DŸ,https://news.yahoo.co.jp/articles/4811e5e302bfb869b23a7ba48976bb3a8ed31fc8,1/13(“y) 21:11
bballk,ƒoƒXƒPƒbƒgƒ{[ƒ‹ƒLƒ“ƒO,ƒm[ƒ~ƒX‚ÌÂR—³Â‚ğ‹t“]‚µ‚Ä‰Í‘º—E‹P‚ªuG-SHOCK ƒXƒLƒ‹ƒYƒ`ƒƒƒŒƒ“ƒWv2˜A”e’B¬,https://news.yahoo.co.jp/articles/b6e360625dc8bdc257738a1567b32511f7bc3569,1/13(“y) 17:28
bballk,ƒoƒXƒPƒbƒgƒ{[ƒ‹ƒLƒ“ƒO,ƒLƒ“ƒOŠJ‚ª30“¾“_‚ğƒ}[ƒN‚·‚é‚à‘‡—Í‚Åã‰ñ‚Á‚½ASIA RISING STARS‚ªŸ—˜,https://news.yahoo.co.jp/articles/b05b2a046a047c0ed182ed7b993af11c00620e16,1/13(“y) 15:06
bballk,ƒoƒXƒPƒbƒgƒ{[ƒ‹ƒLƒ“ƒO,ƒ‚[ƒ[ƒXEƒ€[ƒfƒB[‚ª¶‚Ó‚­‚ç‚Í‚¬‚Ì’£‚è‚Å10“úŠÔ—£’EcƒEƒHƒŠƒA[ƒY‚ÍƒK[ƒhw‚Ì•‰‘±‚­,https://news.yahoo.co.jp/articles/3107945de8425622d929d7a9484fdd6cbe3af710,1/13(“y) 13:56
bballk,ƒoƒXƒPƒbƒgƒ{[ƒ‹ƒLƒ“ƒO,“¾ˆÓ‚Ì3ƒ|ƒCƒ“ƒg‚ª•s”­‚ÉI‚í‚Á‚½•x‰iŒ[¶cƒlƒuƒ‰ƒXƒJ‘å‚Íå“±Œ ‚ğ’D‚¦‚¸˜AŸ‚ğ“¦‚·,https://news.yahoo.co.jp/articles/d4707db0dc488b8cf1c7d1ef5a81e96b106140d0,1/13(“y) 13:34
bballk,ƒoƒXƒPƒbƒgƒ{[ƒ‹ƒLƒ“ƒO,wDREAM HOOP PROJECT in ‰«“êx‚ªŠJÃcƒgƒbƒvƒAƒXƒŠ[ƒg‚ªg–²h‚ğƒe[ƒ}‚É’†Šw¶‚Öö‹Æ,https://news.yahoo.co.jp/articles/840ab5f89172489d3b122d90f49cb97a8b1f0904,1/13(“y) 13:24
bballk,ƒoƒXƒPƒbƒgƒ{[ƒ‹ƒLƒ“ƒO,ƒNƒŠƒbƒp[ƒY‚ÌgV–{‹’’nhƒCƒ“ƒeƒ…ƒCƒbƒgEƒh[ƒ€‚ªNBAƒI[ƒ‹ƒXƒ^[2026‚Ì‰ïê‚É,https://news.yahoo.co.jp/articles/879e80733cfc5bc37f8c625b123a3e8200acddb7,1/13(“y) 12:43
bballk,ƒoƒXƒPƒbƒgƒ{[ƒ‹ƒLƒ“ƒO,ƒEƒFƒXƒgñˆÊƒ^ƒC‚Ö•‚ã‚µ‚½ƒTƒ“ƒ_[‚ÌSGA‚ª3ˆÊ‚ğƒL[ƒv/ÅV”ÅMVPŒó•âƒ‰ƒ“ƒLƒ“ƒO,https://news.yahoo.co.jp/articles/42c726926792af23b3981f89d6058948ba519cdb,1/13(“y) 12:43
bballk,ƒoƒXƒPƒbƒgƒ{[ƒ‹ƒLƒ“ƒO,ƒz[ƒNƒX‚Ìç”õŒ^ƒK[ƒhAƒfƒWƒƒƒ“ƒeEƒ}ƒŒ[‚ÉƒŒƒCƒJ[ƒYŠÜ‚Ş•¡”‹…’c‚ª”M‹ü‚©,https://news.yahoo.co.jp/articles/ef76a3dd3e06940b8d0fa0d68a0dd3ac3c39b38e,1/13(“y) 10:13
bballk,ƒoƒXƒPƒbƒgƒ{[ƒ‹ƒLƒ“ƒO,3x3ƒ[ƒ‹ƒhƒJƒbƒv‚ÅŠˆ–ô‚µ‚½]‘º—D—L‚ğ‘IocƒpƒŠŒÜ—Ö‚ğ–Úw‚·13–¼‚Å‹­‰»‡h‚ğÀ{,https://news.yahoo.co.jp/articles/c4f73c26f9aa1b1098d2bb954898d9c3edba07cf,1/12(‹à) 20:57
bballk,ƒoƒXƒPƒbƒgƒ{[ƒ‹ƒLƒ“ƒO,ƒgƒŠƒvƒ‹ƒ_ƒuƒ‹‚Å”X‚Ì‹L˜^‚ğc‚µ‚½ƒEƒFƒ“ƒoƒ“ƒ„ƒ}uŸ—˜‚µ‚½‡‚Å‚Å‚«‚½‚±‚Æ‚ª‚·‚×‚Äv,https://news.yahoo.co.jp/articles/656bb84d456e447e118304b61a7c590fa8de3332,1/12(‹à) 19:24
bballk,ƒoƒXƒPƒbƒgƒ{[ƒ‹ƒLƒ“ƒO,“ú–{‚ğ‚¯‚ñˆø‚·‚éi—ß“ƒ‚Ì‹{è‘Dc‹g“c‚Ì‰Á“ü‚ÉhŒƒ‚ğó‚¯ŒÜ—Ö‚Ö‚ÌŒˆˆÓ‚ğV‚½‚É,https://news.yahoo.co.jp/articles/976b071cdf1b2ae9e7e5bea8f465c4fedd5a6586,1/12(‹à) 18:52
bballk,ƒoƒXƒPƒbƒgƒ{[ƒ‹ƒLƒ“ƒO,ƒAƒ“ƒKƒXEƒuƒ‰ƒ“ƒg‚ªMB‚ÆŒ_–ñcuMB‚ÅƒV[ƒYƒ“‚ÌV‚µ‚¢Í‚ğn‚ß‚ç‚ê‚é‚±‚Æ‚ğŠy‚µ‚İ‚É‚µ‚Ä‚¢‚Ü‚·v,https://news.yahoo.co.jp/articles/a19b408f1194ed8d751d379a2c9952e891bdcb30,1/12(‹à) 18:21
bballk,ƒoƒXƒPƒbƒgƒ{[ƒ‹ƒLƒ“ƒO,”ª‘º—Û‚ªƒƒTƒ“ƒ[ƒ‹ƒX‚É10‰­‰~’´‚¦‚Ì‹“@‚ğw“ücƒWƒ€‚âƒxƒbƒhƒ‹[ƒ€6•”‰®‚ğŠ®”õ,https://news.yahoo.co.jp/articles/73f350e7789f1cd0abae7fed37a4bfb8f1b68647,1/12(‹à) 17:44
bballk,ƒoƒXƒPƒbƒgƒ{[ƒ‹ƒLƒ“ƒO,‹v‰ªK‘¾˜Y‚ªˆïéƒƒ{ƒbƒc‚ÉˆÚĞcuŠF‚³‚ñ‚Æ‚Ü‚½ƒR[ƒg‚Å‚¨‰ï‚¢‚Å‚«‚é‚±‚Æ‚ğŠy‚µ‚İ‚É‚µ‚Ä‚¢‚Ü‚·v,https://news.yahoo.co.jp/articles/2934a1203bceabd6a55ddfae45e0a4caafadda7a,1/12(‹à) 17:20
bballk,ƒoƒXƒPƒbƒgƒ{[ƒ‹ƒLƒ“ƒO,u–²‚ÍNBA‘Iè‚É‚È‚é‚±‚ÆvcƒƒŠƒm[ƒ‹Šw‰@’†Šw‚Ì–{“c•™ˆÈ‚ª–Úw‚·‚Ì‚Íƒ|[ƒ‹EƒWƒ‡[ƒW,https://news.yahoo.co.jp/articles/b3073482899e290be47b817cd974cbf2ef8a39ed,1/12(‹à) 16:05
bballk,ƒoƒXƒPƒbƒgƒ{[ƒ‹ƒLƒ“ƒO,“¾“_—Í‚ğŒ©‚¹‚Â‚¯‚½ƒTƒ“ƒY‚ªƒŒƒCƒJ[ƒY‚É‘åŸc“nç²‚Í–ñ4•ª”¼oêA”ª‘º‚ÍŒ‡ê,https://news.yahoo.co.jp/articles/2a9ab3662bcaecb800989ab197127ce9cde967d1,1/12(‹à) 14:57
bballk,ƒoƒXƒPƒbƒgƒ{[ƒ‹ƒLƒ“ƒO,•s’²‚ÈƒEƒHƒŠƒA[ƒY‚Éƒz[ƒ€‚Åƒu[ƒCƒ“ƒOcƒJƒŠ[u–l‚à©•ª‚Éƒu[ƒCƒ“ƒO‚µ‚Ä‚¢‚év,https://news.yahoo.co.jp/articles/70a9c9cd4d86f7cdf09ef72d1a5e2ed9f1c60c46,1/12(‹à) 13:47
bballk,ƒoƒXƒPƒbƒgƒ{[ƒ‹ƒLƒ“ƒO,‰¶’ËHCu‘–‚è‚«‚éƒVƒ…[ƒ^[ŒR’c‚ÉvƒpƒŠŒÜ—ÖØ•„’Dæ‚ÖƒoƒXƒP—q“ú–{‘ã•\‚ªn“®,https://news.yahoo.co.jp/articles/3741cff03057f14b416a9421ec78dafd4d21fa3b,1/12(‹à) 13:39
bballk,ƒoƒXƒPƒbƒgƒ{[ƒ‹ƒLƒ“ƒO,NBAƒI[ƒ‹ƒXƒ^[2024ƒtƒ@ƒ““Š•[‚Ì“r’†Œo‰ß‘æ2’e‚ª”­•\cƒŒƒuƒƒ“‚ªƒEƒFƒXƒgÅ‘½“¾•[,https://news.yahoo.co.jp/articles/6e4173a155be623c51345a1ad10fb1a32725eb6d,1/12(‹à) 12:46
bballk,ƒoƒXƒPƒbƒgƒ{[ƒ‹ƒLƒ“ƒO,ç—tƒWƒFƒbƒc‚ÌŒ´C‘¾‚ªŒ‹¥”­•\c2ƒVƒ‡ƒbƒgŒöŠJux‚¦‡‚¢‚È‚ª‚çŠæ’£‚Á‚Ä‚¢‚«‚Ü‚·v,https://news.yahoo.co.jp/articles/66a9f613b89ead2c5a8f85cdd8f1a4cec82f86ff,1/12(‹à) 12:27
bballk,ƒoƒXƒPƒbƒgƒ{[ƒ‹ƒLƒ“ƒO,NBA‚ªR”»‚ğ”á”»‚µ‚½ƒ‰ƒvƒ^[ƒY‚Ìƒ_ƒ‹ƒREƒ‰ƒ„ƒRƒrƒbƒ`HC‚Ö–ñ362–œ‰~‚Ì”±‹àˆ•ª,https://news.yahoo.co.jp/articles/89eca336bbe89ce8f8100db8e5ff05f6211c821d,1/12(‹à) 11:25
bballk,ƒoƒXƒPƒbƒgƒ{[ƒ‹ƒLƒ“ƒO,•x‰iŒ[¶‚Ì“®Œü‚à’–Ú‚Ì2024”NNBAƒhƒ‰ƒtƒgc¡”N‚Íu2“úŠÔŠJÃv‚ÆŒ»’n•ñ“¹,https://news.yahoo.co.jp/articles/9fc1e5e3df7005b50b2822182638303738553879,1/12(‹à) 11:24
bballk,ƒoƒXƒPƒbƒgƒ{[ƒ‹ƒLƒ“ƒO,ƒ‚ƒ‰ƒ“ƒg‚ª‘S‹x‚Æ‚È‚Á‚½ƒOƒŠƒYƒŠ[ƒY‚É’Éècƒ}[ƒJƒXEƒXƒ}[ƒg‚ªw‚Ì•‰‚Åíü—£’E,https://news.yahoo.co.jp/articles/16319d1dd2210e82218469d0f88b1fc44510f37e,1/12(‹à) 10:32
bballk,ƒoƒXƒPƒbƒgƒ{[ƒ‹ƒLƒ“ƒO,“ú–{‘ã•\g—Bˆê‚Ì‚Z¶hîm–ì‰ÄŠC‚Ì“Áê”\—Íc‰¶’ËHCu3P‚ªãè‚¢‚¾‚¯‚È‚çŒÄ‚ñ‚Å‚È‚¢v,https://news.yahoo.co.jp/articles/3a6e13084d957ab32f6fd832ed4353117a7dc197,1/12(‹à) 10:05
bballk,ƒoƒXƒPƒbƒgƒ{[ƒ‹ƒLƒ“ƒO,‹g“cˆŸ¹”ü‚ª–ñ4”N‚Ô‚è‚É“ú–{‘ã•\Šˆ“®Q‰Áu„©g‚àƒXƒ^[ƒg‚Åo‚é‚Æ‚Ív‚Á‚Ä‚¢‚È‚¢v,https://news.yahoo.co.jp/articles/cebcea6199ee58f2c63041deddcd5f60f6ad9e11,1/12(‹à) 7:00
bballk,ƒoƒXƒPƒbƒgƒ{[ƒ‹ƒLƒ“ƒO,B2VŠƒAƒfƒ{[ƒ“EƒƒVƒ“ƒgƒ“‚ÆŒ_–ñ–—¹c¡‹G4Ÿ‚Ì‚¤‚¿3Ÿ‚ğİĞ1ƒJŒŠÔ‚ÅŠl“¾,https://news.yahoo.co.jp/articles/00cfdc095a8d33c8e9fff4f381ed1bde82af67cb,1/11(–Ø) 18:28
bballk,ƒoƒXƒPƒbƒgƒ{[ƒ‹ƒLƒ“ƒO,•xŠ~—E÷‚ªwG-SHOCK SKILLS CHALLENGEx‚ğŒ‡êcƒI[ƒ‹ƒXƒ^[ƒQ[ƒ€‚Íoê—\’è,https://news.yahoo.co.jp/articles/6152f5bca707e8ffca266a092d4e0c3ced239f80,1/11(–Ø) 17:46
bballk,ƒoƒXƒPƒbƒgƒ{[ƒ‹ƒLƒ“ƒO,ŠØ‘WKBLƒI[ƒ‹ƒXƒ^[‚ÉWƒŠ[ƒO‘I”²‚ªQícO•H“d‹@‚ÌŠ}’u°Ø‚ª3P—‰¤‚É,https://news.yahoo.co.jp/articles/84b74cb4221793a74de7ce3d5b91709a9de4221b,1/11(–Ø) 16:17
bballk,ƒoƒXƒPƒbƒgƒ{[ƒ‹ƒLƒ“ƒO,ƒEƒFƒ“ƒoƒ“ƒ„ƒ}A‰ƒgƒŠƒvƒ‹ƒ_ƒuƒ‹‚Íƒ^[ƒ“ƒI[ƒo[g0h cÅ”N­‹L˜^‚ğ“h‚è‘Ö‚¦,https://news.yahoo.co.jp/articles/e55780fcbd2d7570ebf43913e73242dccb73213c,1/11(–Ø) 15:37
bballk,ƒoƒXƒPƒbƒgƒ{[ƒ‹ƒLƒ“ƒO,ƒV[ƒz[ƒXO‰Í‚ª’·–ì½j‚Ìf’fŒ‹‰Ê‚ğ”­•\c‰EÚœŒsó“Ë‹NœÜ‚Å‘S¡–¢’è,https://news.yahoo.co.jp/articles/3a679f85392c91c8d82404024c66094adbdf4737,1/11(–Ø) 14:02
bballk,ƒoƒXƒPƒbƒgƒ{[ƒ‹ƒLƒ“ƒO,4˜AŸ’†‚ÌL“‡‚É’Éèc“Á•Êw’è‘Iè‚Ì•“à—‹M‚ª‘S¡3`4TŠÔ‚Ì•‰‚Åíü—£’E,https://news.yahoo.co.jp/articles/1788b05229ae6cd324a8ba74c911d49acfdc2361,1/11(–Ø) 13:57
bballk,ƒoƒXƒPƒbƒgƒ{[ƒ‹ƒLƒ“ƒO,ƒTƒ“ƒY‚Ìƒfƒ…ƒ‰ƒ“ƒg‚ªƒTƒ“ƒ_[‘ã‚É‹¤“¬‚µ‚½ƒrƒbƒO3‚ğ‰ñ‘zu‚¸‚Á‚Æ–Y‚ê‚È‚¢v,https://news.yahoo.co.jp/articles/2156fb7e421a8a11ff90efcd5a2612edc993d2a7,1/11(–Ø) 13:29
bballk,ƒoƒXƒPƒbƒgƒ{[ƒ‹ƒLƒ“ƒO,“nç²—Y‘¾‚ªƒ`[ƒ€‚ÌƒTƒ|[ƒg‚ÉŠ´Óu‚à‚Á‚Æ—Ç‚­‚È‚ê‚é‚Æ‚í‚©‚Á‚Ä‚¢‚év,https://news.yahoo.co.jp/articles/68934e28ca57c041d0cf98e175728b79d88b807f,1/11(–Ø) 12:58
bballk,ƒoƒXƒPƒbƒgƒ{[ƒ‹ƒLƒ“ƒO,‹…‰ƒŠJÃŠÔ‹ßc“‡“cƒ`ƒFƒAƒ}ƒ“‚ªƒGƒ“ƒ^ƒ‚ğŒê‚éuƒgƒbƒvƒIƒuƒgƒbƒv‚Íl•¿‚àˆê—¬v,https://news.yahoo.co.jp/articles/7014e23dda0cb6792126585bea912f8ec9e16493,1/11(–Ø) 12:31
bballk,ƒoƒXƒPƒbƒgƒ{[ƒ‹ƒLƒ“ƒO,ƒŒƒoƒ“ƒK–kŠC“¹‚ª÷ˆä—Ç‘¾‚Ìˆø‘Ş‡ŠJÃ‚ğ”­•\c6Œ8“ú‚É–kŠC‚«‚½‚¦[‚é‚ÅÀ{,https://news.yahoo.co.jp/articles/0ca1a63b81400117c5737eb67c8eacc298bfbbbf,1/11(–Ø) 12:00
bballk,ƒoƒXƒPƒbƒgƒ{[ƒ‹ƒLƒ“ƒO,’¼‹ß6í‚Å‹ÁˆÙ“I‚È”š‚ğc‚·ƒEƒFƒ“ƒoƒ“ƒ„ƒ}‚ªƒgƒbƒv/ÅV”Åƒ‹[ƒL[ƒ‰ƒ“ƒLƒ“ƒO,https://news.yahoo.co.jp/articles/81ccfc99a45d94005386fcd251e0d9d20aa82129,1/11(–Ø) 11:31
bballk,ƒoƒXƒPƒbƒgƒ{[ƒ‹ƒLƒ“ƒO,ŠJ–‹‚©‚çŒ’N‘Ì‚ğˆÛ‚·‚éƒJƒƒCEƒŒƒi[ƒh‚ªƒNƒŠƒbƒp[ƒY‚Æ3”N–ñ222‰­‰~‚Å‰„’·Œ_–ñ,https://news.yahoo.co.jp/articles/fe77b5fa44f5bf8a97d045f1870e36862ee8bfe8,1/11(–Ø) 10:45
bballk,ƒoƒXƒPƒbƒgƒ{[ƒ‹ƒLƒ“ƒO,‰F“s‹{ƒuƒŒƒbƒNƒX‚ª‰¡•lƒr[EƒRƒ‹ƒZƒA[ƒY‚ğŒ‚”jc6”N˜A‘±‚Å“Vc”tƒxƒXƒg4“ü‚è,https://news.yahoo.co.jp/articles/e75279a3ed5140cd8274bf360a2ce349bac11059,1/10(…) 21:42
bballk,ƒoƒXƒPƒbƒgƒ{[ƒ‹ƒLƒ“ƒO,ìèƒuƒŒƒCƒuƒTƒ“ƒ_[ƒX‚ª“Vc”t€ŒˆŸiocƒƒXƒREƒAƒŒƒ“‚ªc‚è1.8•b‚Ì‹t“]’eŠÜ‚Ş25“¾“_,https://news.yahoo.co.jp/articles/3be2d188f8503c2db1b27e8652a121cc7484eaa7,1/10(…) 21:20
bballk,ƒoƒXƒPƒbƒgƒ{[ƒ‹ƒLƒ“ƒO,ç—tƒWƒFƒbƒcE‘å‘qéD‘¾‚ª‹…‰ƒŒ‡êcuƒ‰ƒCƒWƒ“ƒOƒXƒ^[ƒYv‰‘Io‚à•‰—£’E,https://news.yahoo.co.jp/articles/59234c23c55a51f7ecf6b59dd39f934110a2168e,1/10(…) 20:45
bballk,ƒoƒXƒPƒbƒgƒ{[ƒ‹ƒLƒ“ƒO,ƒoƒXƒP’jq“ú–{‘ã•\‚Ì2.25’†‘í‚Í’nã”g•ú‘—‚ ‚ècƒAƒWƒA”t—\‘I12“ú‚©‚çƒ`ƒPƒbƒg”Ì”„ŠJn,https://news.yahoo.co.jp/articles/a3d578dddbddc9b46e7a464889124f71489af47d,1/10(…) 18:36
bballk,ƒoƒXƒPƒbƒgƒ{[ƒ‹ƒLƒ“ƒO,ƒ‰ƒvƒ^[ƒY‚Ìæ”­ƒZƒ“ƒ^[Aƒ„ƒRƒuEƒp[ƒgƒ‹‚ª¶‘«ñ”PÁ‚Ì‚½‚ß–³ŠúŒÀ‚Ì—£’E,https://news.yahoo.co.jp/articles/b4ca4b9909f1583cac695460e4735267fc7ba48c,1/10(…) 18:10
bballk,ƒoƒXƒPƒbƒgƒ{[ƒ‹ƒLƒ“ƒO,ìè‚Ìƒtƒ@ƒW[ƒJƒX‚Í‘S¡6TŠÔcgŒ»–ğƒ‰ƒXƒgƒCƒ„[hƒoƒCƒEƒB[ƒN–¾‚¯‚É•œ‹A‚©,https://news.yahoo.co.jp/articles/44e084f7092f04cd2cf9ad0291f0cf6477d389a9,1/10(…) 17:43
bballk,ƒoƒXƒPƒbƒgƒ{[ƒ‹ƒLƒ“ƒO,ƒyƒCƒT[ƒY‚ÌƒI[ƒ‹ƒXƒ^[ƒK[ƒhAƒ^ƒCƒŠ[ƒXEƒnƒŠƒo[ƒgƒ“‚ª–ñ2TŠÔ‚Ì—£’E,https://news.yahoo.co.jp/articles/643f162b92ea1d474eb3a9b9e8e69ea7a3f1dbe6,1/10(…) 17:29
bballk,ƒoƒXƒPƒbƒgƒ{[ƒ‹ƒLƒ“ƒO,‘mŠÚ‘å‚Ì²“¡I‚ªç—tƒWƒFƒbƒc‚Ì—ûK¶‚Éu©Šo‚ğ‚¿“úX“w—Í‚µ‚Ä‚¢‚«‚Ü‚·v,https://news.yahoo.co.jp/articles/5bfd0069820946995c042c86a0f687998855e59e,1/10(…) 17:02
bballk,ƒoƒXƒPƒbƒgƒ{[ƒ‹ƒLƒ“ƒO,8”N‘Šz172‰­‰~ˆÈãcƒGƒŠƒbƒNEƒXƒ|[ƒ‹ƒXƒgƒ‰HC‚ªƒq[ƒg‚Æ’´‚Šz‚È‰„’·Œ_–ñ‚É‡ˆÓ,https://news.yahoo.co.jp/articles/c2ec8a1dda96bb0f0c3194710ff7d5a69d974b9a,1/10(…) 16:23
bballk,ƒoƒXƒPƒbƒgƒ{[ƒ‹ƒLƒ“ƒO,ˆø‘ŞŒŸ“¢‚àu‚»‚ñ‚È‚±‚Æ‚Í‚³‚¹‚È‚¢vcƒOƒŠ[ƒ“‚ªNBAƒRƒ~ƒbƒVƒ‡ƒi[‚Æ‚Ì‰ï˜b‚ğ–¾‚©‚·,https://news.yahoo.co.jp/articles/800fa153a5771bf7f855ba42614d2f1f8abcd4db,1/10(…) 16:02
bballk,ƒoƒXƒPƒbƒgƒ{[ƒ‹ƒLƒ“ƒO,’²q‚Ìã‚ª‚ç‚È‚¢ƒ`[ƒ€‚ÉƒLƒ“ƒO‚ªƒ`ƒN‚ècuƒuƒƒj[‚Í¡‚·‚®ƒŒƒCƒJ[ƒY‚ÅƒvƒŒ[‚Å‚«‚év,https://news.yahoo.co.jp/articles/7403f8d01a8bd019ce54047a43044bd821bcd5af,1/10(…) 15:56
bballk,ƒoƒXƒPƒbƒgƒ{[ƒ‹ƒLƒ“ƒO,ƒŒƒCƒJ[ƒYAƒ‰ƒvƒ^[ƒY‚Æ‚ÌƒV[ƒ\[ƒQ[ƒ€‚ğ§‚µ2˜AŸc”ª‘º‚ÍƒPƒK‚ÅŒ‡ê,https://news.yahoo.co.jp/articles/448fad18a90916358919d6d29b6de2970b836544,1/10(…) 15:45
bballk,ƒoƒXƒPƒbƒgƒ{[ƒ‹ƒLƒ“ƒO,’†‰›‘å‚Ì“à”ö‘—‚ª“Á•Êw’è‘Iè‚Æ‚µ‚Äç—tƒWƒFƒbƒc‰Á“üu“DL‚­æÃ—~‚Év,https://news.yahoo.co.jp/articles/3d3ca592a2f931f9217d7304e2e111e2bc176130,1/10(…) 15:29
bballk,ƒoƒXƒPƒbƒgƒ{[ƒ‹ƒLƒ“ƒO,ƒŠ[ƒOƒ[ƒXƒg‚É’¾‚ŞƒsƒXƒgƒ“ƒYcƒPƒCƒhEƒJƒjƒ“ƒOƒnƒ€‚ª¶ƒqƒU•‰‚ÅÅ’á1TŠÔ‚Ì—£’E,https://news.yahoo.co.jp/articles/56290d962acf8f14381b6ce166c38a58f217ea79,1/10(…) 13:26
bballk,ƒoƒXƒPƒbƒgƒ{[ƒ‹ƒLƒ“ƒO,ƒlƒuƒ‰ƒXƒJ‘åE•x‰iŒ[¶‚ª‹à¯‚ÉvŒ£c‘S•Ä1ˆÊ‚Ì‹­‹‘Šè‚ÉÅ‘½19“¾“_‚Å‘¶İŠ´,https://news.yahoo.co.jp/articles/a067be70d4380246e0c0eaa828b3b3def8b78499,1/10(…) 13:22
bballk,ƒoƒXƒPƒbƒgƒ{[ƒ‹ƒLƒ“ƒO,“‡ª‚Ìƒrƒ…ƒtƒH[ƒh‚ªƒ_ƒ“ƒNƒRƒ“ƒeƒXƒgŒ‡êcƒI[ƒ‹ƒXƒ^[‚Íoê—\’è,https://news.yahoo.co.jp/articles/3a445d08566c2855df4acb3805fa22a9bc01430e,1/10(…) 12:41
bballk,ƒoƒXƒPƒbƒgƒ{[ƒ‹ƒLƒ“ƒO,¡‹G‘æ11T‚ÌTŠÔMVP‚ÉƒƒPƒbƒc‚ÌƒVƒFƒ“ƒOƒ“AƒjƒbƒNƒX‚Ìƒuƒ‰ƒ“ƒ\ƒ“‚ª‘Io,https://news.yahoo.co.jp/articles/e28addc77b402dee06e1acb17300b94749c92ca9,1/10(…) 12:36
bballk,ƒoƒXƒPƒbƒgƒ{[ƒ‹ƒLƒ“ƒO,ƒŒƒCƒJ[ƒY‚Ì‰p—YƒVƒƒƒbƒN‚ª”ª‘º‚É–¼w‚µ‚Å‹êŒ¾uƒXƒeƒbƒvƒAƒbƒv‚µ‚È‚¯‚ê‚Î‚¢‚¯‚È‚¢v,https://news.yahoo.co.jp/articles/678b569d856f54eb7cd4a19e63dafe786b8a69b4,1/10(…) 12:22
bballk,ƒoƒXƒPƒbƒgƒ{[ƒ‹ƒLƒ“ƒO,u‚ ‚Á‚Æ‹Á‚­ƒvƒŒ[‚ğ‚İ‚¹‚Ä‚­‚ê‚é‚æ‚¤‚É‚È‚Á‚½v‹“s¸‰Ø‚ÌgVƒXƒs[ƒhƒXƒ^[h‚R—¯—¢“ß,https://news.yahoo.co.jp/articles/e697adadec3ed56c514f00c48cb60e8fc087fa4d,1/9(‰Î) 19:15
bballk,ƒoƒXƒPƒbƒgƒ{[ƒ‹ƒLƒ“ƒO,‹à‘ò•m’cA2ß˜A‘±‚Å’†~‚Éc—ûKÄŠJ‚âƒŠ[ƒOíQí‚ÍuTd‚ÉŒŸ“¢v,https://news.yahoo.co.jp/articles/cbc0cc56431ec979ada67d68d83a7654598a877a,1/9(‰Î) 18:28
bballk,ƒoƒXƒPƒbƒgƒ{[ƒ‹ƒLƒ“ƒO,ƒAƒfƒgƒNƒ“ƒ{‚ªƒEƒFƒ“ƒoƒ“ƒ„ƒ}‚ÌŒö•\g’·‚ÉˆÙ‹cu221ƒZƒ“ƒ`‚È‚ñ‚Ä‰R‚¾v,https://news.yahoo.co.jp/articles/632c0fcd61595466abf71746450a1380b872f1f1,1/9(‰Î) 17:45
bballk,ƒoƒXƒPƒbƒgƒ{[ƒ‹ƒLƒ“ƒO,B1ˆïé‚ªŠO‘Ğ‘Iè“ü‚ê‘Ö‚¦cNBL‚ÅMVPŒoŒ±‚ ‚é•ÄogPF‚ğŠl“¾,https://news.yahoo.co.jp/articles/268623d54f72bd08c61c5522443f51efc388417b,1/9(‰Î) 17:33
bballk,ƒoƒXƒPƒbƒgƒ{[ƒ‹ƒLƒ“ƒO,ƒWƒƒEƒ‚ƒ‰ƒ“ƒg‚ª‰EŒ¨èp‚Å¡‹Gâ–]coê’â~–¾‚¯D’²‚àƒOƒŠƒYƒŠ[ƒY’Éè,https://news.yahoo.co.jp/articles/17841ca2ddea7872fe791268ecf35468c1958905,1/9(‰Î) 16:19
bballk,ƒoƒXƒPƒbƒgƒ{[ƒ‹ƒLƒ“ƒO,ƒTƒ“ƒY‚ÍŒã”¼‚É“Ë‚«•ú‚³‚ê2˜A”sc2‡‚Ô‚è“r’†oê‚Ì“nç²—Y‘¾1“¾“_,https://news.yahoo.co.jp/articles/bd221c6f6a3b79eb134e05cecc0b87d9fbd45af1,1/9(‰Î) 15:28
bballk,ƒoƒXƒPƒbƒgƒ{[ƒ‹ƒLƒ“ƒO,ƒ}[ƒNŠL“‡‚ªB2 ‰ê‚Ìƒfƒxƒƒbƒvƒƒ“ƒgƒR[ƒ`‚ÉA”Cc¡‹G“r’†‚Éˆïé‚ÌGM‰ğ”C,https://news.yahoo.co.jp/articles/63d60663064f2c3ea78895e308c708f968eeca1a,1/9(‰Î) 14:16
bballk,ƒoƒXƒPƒbƒgƒ{[ƒ‹ƒLƒ“ƒO,uƒƒŠƒm[ƒ‹‚Íi‚è‚æ‚¤‚ª‚È‚¢BÅ‹­‚â‚Æv‚¤v‹“s¸‰Ø’†HC‚ª‰¤Ò‚ÉH‚ç‚¢‚Â‚¢‚½‹³‚¦qÌ‚¦‚é,https://news.yahoo.co.jp/articles/9924f5d440c4e2e7141b3e9e2206e28332a9c526,1/9(‰Î) 12:20
bballk,ƒoƒXƒPƒbƒgƒ{[ƒ‹ƒLƒ“ƒO,–Ú•W‚Íu“ú–{‘ã•\‚ÆWNBAvc1‘Î1‚ğ•Ší‚Æ‚·‚éŠú‘Ò“xƒ}ƒbƒNƒX‚Ì‘Š–Í—q‘åE’|“à‚İ‚â,https://news.yahoo.co.jp/articles/257f9726e6c91e292f626b095b7f560eafbc602a,1/9(‰Î) 8:48
bballk,ƒoƒXƒPƒbƒgƒ{[ƒ‹ƒLƒ“ƒO,‘å•’Œ‚ª’·Šú—£’E‚Ììècƒ`[ƒ€ˆêŠÛ‚Å”—‚é“Vc”t‚ÖuƒjƒbƒN‚Ì‹C‚¿‚àó‚¯æ‚Á‚Äcv,https://news.yahoo.co.jp/articles/eb700b95aff982be0f0d5afcc7a49bebf2e0a460,1/8(Œ) 21:25
bballk,ƒoƒXƒPƒbƒgƒ{[ƒ‹ƒLƒ“ƒO,’·èƒ”ƒFƒ‹ƒJ‚ª˜A”sƒXƒgƒbƒvcU–h—¼–Ê‚Å–ô“®‚µ‚½”nê—Y‘åuƒ`[ƒ€‚Æ‚µ‚Ä‚¢‚¢ƒoƒXƒP‚ª‚Å‚«‚½v,https://news.yahoo.co.jp/articles/cb4915e7498d3f4cf4936ad09f699a7bc509f7ea,1/8(Œ) 20:08
bballk,ƒoƒXƒPƒbƒgƒ{[ƒ‹ƒLƒ“ƒO,ƒNƒŠƒbƒp[ƒY‚Æƒ‰ƒvƒ^[ƒYcNBA‚Å‰i‹vŒ‡”Ô•sİ‚Ì2ƒ`[ƒ€‚©‚çŒó•â‘Iè‚ğƒsƒbƒNƒAƒbƒvI,https://news.yahoo.co.jp/articles/c5c5e6fa7c9fd7455fe70838f7314f0dd75783d3,1/8(Œ) 19:44
bballk,ƒoƒXƒPƒbƒgƒ{[ƒ‹ƒLƒ“ƒO,“¾“_Œ¹‚Æ‚µ‚Äç—tƒWƒFƒbƒc‚Ì‹t“]Ÿ—˜‚ÉvŒ£‚µ‚½‹à‹ß—õuÅŒã‚Ü‚Å‹­‚­ƒvƒŒ[‚µ‘±‚¯‚ç‚ê‚½v,https://news.yahoo.co.jp/articles/eaa17189a4840c1b8fc3ed4c78b10689583842e6,1/8(Œ) 19:19
bballk,ƒoƒXƒPƒbƒgƒ{[ƒ‹ƒLƒ“ƒO,39Î‚È‚ª‚çˆêü‹‰‚ÅŠˆ–ô‚·‚éƒŒƒuƒƒ“EƒWƒF[ƒ€ƒY‚ªXV‚µ‘±‚¯‚é‰õ‹L˜^‚Æ‚ÍH,https://news.yahoo.co.jp/articles/f719d93c86b2cb392fdcb3df5772bbbc692a467b,1/8(Œ) 17:43
bballk,ƒoƒXƒPƒbƒgƒ{[ƒ‹ƒLƒ“ƒO,ƒgƒˆƒ^–aD‚ÉV‰Á“ü‚ÌƒfƒBƒ}ƒ ƒWƒFƒVƒJ‚ª–ô“®cƒgƒˆƒ^©“®Ô‚Í•xm’Ê‚É”s‚ê‚Ä¡‹G‰•¯/WƒŠ[ƒO‘æ9ß,https://news.yahoo.co.jp/articles/06bc32fb84f7c0274bc36e9e8af7bd078f08cb37,1/8(Œ) 17:33
bballk,ƒoƒXƒPƒbƒgƒ{[ƒ‹ƒLƒ“ƒO,ƒjƒbƒNƒX‚ªƒxƒeƒ‰ƒ“‚Ìƒ^[ƒWEƒMƒuƒ\ƒ“‚ğƒEƒFƒCƒucğ”N––‚É–³•ÛØŒ_–ñ‚ÅŒÃ‘ƒ‚Ö•œ‹A,https://news.yahoo.co.jp/articles/75c5e44a7f4e33972cae58da9f8fd3a9fc8b421b,1/8(Œ) 16:54
bballk,ƒoƒXƒPƒbƒgƒ{[ƒ‹ƒLƒ“ƒO,”N––”Nn‚É‹ÁˆÙ‚ÌƒVƒ‡ƒbƒg¬Œ÷—¦‚ğc‚µ‚½ƒˆƒLƒbƒ`‚ª2ˆÊ‚ğŒ˜/ÅV”ÅMVPŒó•âƒ‰ƒ“ƒLƒ“ƒO,https://news.yahoo.co.jp/articles/20c051561385f538d8d365aefd6b6cbec17c77a4,1/8(Œ) 16:51
bballk,ƒoƒXƒPƒbƒgƒ{[ƒ‹ƒLƒ“ƒO,‚Z‚É‘±‚«’†Šw‚à‘S‘‘å‰ï2Š¥c‹“s¸‰ØER–{Cu‘Iè‚½‚¿‚ğŒÖ‚è‚Év‚¢‚Ü‚·v,https://news.yahoo.co.jp/articles/e157f9bd31faeb128ee1419b182bff876fa67bb3,1/8(Œ) 16:13
bballk,ƒoƒXƒPƒbƒgƒ{[ƒ‹ƒLƒ“ƒO,Jr.ƒEƒCƒ“ƒ^[ƒJƒbƒv—qƒxƒXƒg5c‹“s¸‰Ø‚ÌÎˆä“úØ‚ª2”N˜A‘±óÜA‘Š–Í—q‘åŠw’†‚©‚ç‚Í’|“à‚İ‚â‚ç2–¼‘Io,https://news.yahoo.co.jp/articles/3ce85877ba2d2ac09d18dfb0dc8c9edc45eb4117,1/8(Œ) 15:19
bballk,ƒoƒXƒPƒbƒgƒ{[ƒ‹ƒLƒ“ƒO,Jr.ƒEƒCƒ“ƒ^[ƒJƒbƒv’jqƒxƒXƒg5cl“úsƒƒŠƒm[ƒ‹‚Ì–{“c•™ˆÈ‚ç3–¼A‹“s¸‰Ø‚©‚ç¡¼‘å—Ç‚ç2–¼‘Io,https://news.yahoo.co.jp/articles/fb630026094073f9aba0e503ad6869d42139ffbd,1/8(Œ) 14:54
bballk,ƒoƒXƒPƒbƒgƒ{[ƒ‹ƒLƒ“ƒO,ƒNƒŠƒbƒp[ƒY‚Æ‚ÌgLA‘ÎŒˆh‚ğ§‚µ‚½ƒŒƒCƒJ[ƒY‚ªV”N‰”’¯cƒŒƒuƒƒ“‚ª‹­—óƒ_ƒ“ƒN‚ğ‚¨Œ©•‘‚¢,https://news.yahoo.co.jp/articles/386a5c01871844da13201c9d522b110c9d781ece,1/8(Œ) 14:03
bballk,ƒoƒXƒPƒbƒgƒ{[ƒ‹ƒLƒ“ƒO,‘O”¼‚Éå“±Œ ˆ¬‚Á‚½l“úsƒƒŠƒm[ƒ‹Šw‰@‚ª‹“s¸‰ØŠw‰€‚ğŒ‚”j‚µ‰—DŸ/Jr.ƒEƒCƒ“ƒ^[ƒJƒbƒv’jq,https://news.yahoo.co.jp/articles/03dc69908fa7d5ff19feabf4fca8aa780cebfe32,1/8(Œ) 13:14
bballk,ƒoƒXƒPƒbƒgƒ{[ƒ‹ƒLƒ“ƒO,ƒOƒŠ[ƒ“‚ª•œ‹A‚ÖŒü‚¯‚Ä‘Oi‚àAƒNƒŠƒXEƒ|[ƒ‹‚ª¶èèp‚Ì‚½‚ß4`6TŠÔ‚Ì—£’E,https://news.yahoo.co.jp/articles/2c15be1c7310f690b4572d10e7b4f9072de2b8e3,1/8(Œ) 12:43
bballk,ƒoƒXƒPƒbƒgƒ{[ƒ‹ƒLƒ“ƒO,ƒOƒŠƒYƒŠ[ƒY‚Ì–ÒU‚É‹ê‚µ‚İƒTƒ“ƒY‚ª‹t“]•‰‚¯cƒuƒbƒJ[‚ç‘Sæ”­‚ª2ƒPƒ^“¾“_A“nç²—Y‘¾‚Íoê‚È‚µ,https://news.yahoo.co.jp/articles/45ceadcc0135f8c2717a3d1a9b0d3d6d630ef6bd,1/8(Œ) 12:39
bballk,ƒoƒXƒPƒbƒgƒ{[ƒ‹ƒLƒ“ƒO,‹“s¸‰ØŠw‰€‚ª‘Š–Í—q‘åŠw’†Šw•”‚ğ”j‚è”ßŠè‚Ì‰—DŸ•‰Ä“~2Š¥/Jr.ƒEƒCƒ“ƒ^[ƒJƒbƒv—q,https://news.yahoo.co.jp/articles/a638ab28a06335d17fade66b31e4628ce8fa8b4e,1/8(Œ) 11:24
bballk,ƒoƒXƒPƒbƒgƒ{[ƒ‹ƒLƒ“ƒO,¶ƒqƒUŠÖß“à‘¤‘¤•›x‘Ñ‘¹‚Å‘S¡–¢’è‚ÌƒjƒbƒNEƒtƒ@ƒW[ƒJƒXcBƒI[ƒ‹ƒXƒ^[‚ÍŒ‡ê‚É,https://news.yahoo.co.jp/articles/fbb767b6ae7235e5633e25bf48d5d264527d0d4b,1/8(Œ) 9:28
bballk,ƒoƒXƒPƒbƒgƒ{[ƒ‹ƒLƒ“ƒO,ç—tJ‚ª‘æ4Q‚É‹t“]Œ€‚ğ”â˜IcÚí‚ğ§‚µ‚½•xR‚Íƒz[ƒ€‚Ìƒtƒ@ƒ“‚ÖŸ—˜‚ğ“Í‚¯‚é/1Œ7“úŠJÃ B1‡Œ‹‰Ê,https://news.yahoo.co.jp/articles/d653a17aa7403aa45a49a6fd58ad174798de6ed8,1/7(“ú) 19:24
bballk,ƒoƒXƒPƒbƒgƒ{[ƒ‹ƒLƒ“ƒO,WƒŠ[ƒO‚ªwƒTƒ}[ƒLƒƒƒ“ƒv 2024 in Îìx‚Ì’†~‚ğ”­•\c‰ïê‚ª”ğ“ïŠg—p‚Ì‚½‚ß‘ã‘ÖŠJÃ‚Ö,https://news.yahoo.co.jp/articles/285924d432ac4e593cd46477b76ba77e5e607a97,1/7(“ú) 18:20
bballk,ƒoƒXƒPƒbƒgƒ{[ƒ‹ƒLƒ“ƒO,ƒ|[ƒgƒ‰ƒ“ƒh‘åƒfƒrƒ…[‚ğü‚Á‚½Rƒm“à—E“o‚ªƒ_ƒuƒ‹ƒ_ƒuƒ‹c{“¡ƒ^ƒCƒŒƒ‹‘ñ‚àƒxƒ“ƒ`‚©‚çoê,https://news.yahoo.co.jp/articles/a1034cb6ac6bac6b0e062657abf2ffd66622a55d,1/7(“ú) 17:56
bballk,ƒoƒXƒPƒbƒgƒ{[ƒ‹ƒLƒ“ƒO,‹“s¸‰ØŠw‰€‚ªƒTƒ“ƒƒbƒJ[ƒYa’JU15‚Æ‚ÌÚí‚ğ§‚µ‚ÄŒˆŸio/Jr.ƒEƒCƒ“ƒ^[ƒJƒbƒv’jq,https://news.yahoo.co.jp/articles/e82bc6285d5260b4f16303093ca095e7ec81eea1,1/7(“ú) 16:22
bballk,ƒoƒXƒPƒbƒgƒ{[ƒ‹ƒLƒ“ƒO,•x‰iŒ[¶‚ª3–{‚Ì3PŠÜ‚Ş17“¾“_‚àƒlƒuƒ‰ƒXƒJ‘å‚Ì˜AŸƒXƒgƒbƒvcƒEƒBƒXƒRƒ“ƒVƒ“‘å‚É•¯,https://news.yahoo.co.jp/articles/75b6897ebc71605e335b38b5ae91bbc4822b20fb,1/7(“ú) 15:32
bballk,ƒoƒXƒPƒbƒgƒ{[ƒ‹ƒLƒ“ƒO,‘S’†‰¤Ò‚Ìl“úsƒƒŠƒm[ƒ‹‚ªŒˆŸ‚Ì•‘‘ä‚Öc‰õiŒ‚‚ÌGYMRATS‚ğŒ‚”j/Jr.ƒEƒCƒ“ƒ^[ƒJƒbƒv’jq,https://news.yahoo.co.jp/articles/b1d4516542577cfa05f7683c6b70612625e460c7,1/7(“ú) 14:47
bballk,ƒoƒXƒPƒbƒgƒ{[ƒ‹ƒLƒ“ƒO,ìè‚ÌƒjƒbƒNEƒtƒ@ƒW[ƒJƒX‚ªíü—£’Ec¶ƒqƒUŠÖß“à‘¤‘¤•›x‘Ñ‘¹‚Å‘S¡–¢’è‚É,https://news.yahoo.co.jp/articles/669bfa07bc0d772893df86cf83306a2dc92af929,1/7(“ú) 14:03
bballk,ƒoƒXƒPƒbƒgƒ{[ƒ‹ƒLƒ“ƒO,‘S’†‰¤Ò‚Ì‹“s¸‰ØŠw‰€‚ªl“úsƒƒŠƒm[ƒ‹Šw‰@‚É‰õŸ‚µ‚ÄŒˆŸio/Jr.ƒEƒCƒ“ƒ^[ƒJƒbƒv—q,https://news.yahoo.co.jp/articles/802116cb8e4d21fbfe9e547a5f2ea53abe63212f,1/7(“ú) 13:35
bballk,ƒoƒXƒPƒbƒgƒ{[ƒ‹ƒLƒ“ƒO,‘Š–Í—q‘åŠw’†Šw•”‚ªÜ”ö‚ğ”j‚Á‚ÄŒˆŸ‚Öc’|“à‚İ‚â‚ª34“¾“_/Jr.ƒEƒCƒ“ƒ^[ƒJƒbƒv—q,https://news.yahoo.co.jp/articles/b4ad6abea22aadf4b27f87d3093320357edab894,1/7(“ú) 12:54
bballk,ƒoƒXƒPƒbƒgƒ{[ƒ‹ƒLƒ“ƒO,‰Í‘º—E‹P‚ª25“¾“_‚É‰Á‚¦AB1V‹L˜^‚Ìg20hƒAƒVƒXƒg’B¬u‚¢‚¢ƒƒCƒhƒI[ƒvƒ“‚ğì‚èo‚¹‚½v,https://news.yahoo.co.jp/articles/2980aaf96be42ddec5212ddde6bb229e735a4c71,1/7(“ú) 11:56
bballk,ƒoƒXƒPƒbƒgƒ{[ƒ‹ƒLƒ“ƒO,‰õiŒ‚‚ÌGYMRATS‚È‚ÇJr.ƒEƒCƒ“ƒ^[4‹­cSRa’JU15‚Í‰¡•lBCU15‚Æ‚ÌŒƒí§‚·/’jq3“ú–Ú‚Ü‚Æ‚ß,https://news.yahoo.co.jp/articles/022cc35fdc236ecf793514c28b929f3618616815,1/7(“ú) 11:52
bballk,ƒoƒXƒPƒbƒgƒ{[ƒ‹ƒLƒ“ƒO,U16“ú–{‘ã•\Al“úsƒƒŠƒm[ƒ‹‚Ì”’’J’Œ½ƒWƒƒƒbƒN‚ªŒ³‹C‚É•œ‹Acu—DŸ‚ğ–Úw‚µ‚ÄŠæ’£‚è‚Ü‚·v,https://news.yahoo.co.jp/articles/b1b38e7a770782ce03c5aa1c509345bba33a6f01,1/7(“ú) 11:08
bballk,ƒoƒXƒPƒbƒgƒ{[ƒ‹ƒLƒ“ƒO,Jr.ƒEƒCƒ“ƒ^[ƒJƒbƒv‚ÌƒxƒXƒg4Œˆ’ècƒƒŠƒm[ƒ‹‚Æ‹“s¸‰Ø‚ªŒƒ“Ë‚Ö/—q3“ú–Ú‚Ü‚Æ‚ß,https://news.yahoo.co.jp/articles/113735e092d2e2172f8737e6908c48295a9149d4,1/7(“ú) 9:25
bballk,ƒoƒXƒPƒbƒgƒ{[ƒ‹ƒLƒ“ƒO,M”OŠÑ‚«3ƒ|ƒCƒ“ƒg26–{‚Ì‘å‰ïV‹L˜^c«—ˆ‚ÍuƒAƒƒŠƒJ‚ÅvNorth Waveg‹{éeqh‚Ì’§í,https://news.yahoo.co.jp/articles/66ddd808c9345211c6e7397c784c8e2d12714b9b,1/7(“ú) 7:15
bballk,ƒoƒXƒPƒbƒgƒ{[ƒ‹ƒLƒ“ƒO,‹t“]•‰‚¯‚ÉƒG[ƒX—Üuƒvƒ‚Å‹P‚¯‚é‘Iè‚Év‘S’†€V‚Ì‘q•~“ì‚ÍJr.ƒEƒCƒ“ƒ^[3‰ñí”s‘Ş,https://news.yahoo.co.jp/articles/bc3b68bed74852c09824c569b9ff6beb5a3218d2,1/7(“ú) 7:00
bballk,ƒoƒXƒPƒbƒgƒ{[ƒ‹ƒLƒ“ƒO,ƒ`ƒFƒ“ƒoƒŒƒ“‚ÉŸ‚®NBAjã2l–Ú‚Ì‰õ‹“cƒVƒƒƒbƒN‚ªŠ‘®‚µ‚½3‹…’c‚Å‰i‹vŒ‡”Ô‚É,https://news.yahoo.co.jp/articles/cc3856e498096fd9c4f645b826021ff199130a8a,1/6(“y) 19:11
bballk,ƒoƒXƒPƒbƒgƒ{[ƒ‹ƒLƒ“ƒO,25“¾“_‚ÌƒT[ƒfƒBEƒ‰ƒxƒi‚ªˆ³Šªƒ_ƒ“ƒN‚ğ”â˜IcO‰“‚ªŒã”¼‚Å–¼ŒÃ‰®D‚ğ“Ë‚«•ú‚µ5˜AŸ,https://news.yahoo.co.jp/articles/c5388080eb74fc6af6446ea3f71f893485ef72a8,1/6(“y) 17:29
bballk,ƒoƒXƒPƒbƒgƒ{[ƒ‹ƒLƒ“ƒO,‘æ4Q‚Ì–ÒƒAƒ^ƒbƒN‚ÅƒŠ[ƒh‚ğL‚Î‚µ‚½A“Œ‹AìèŒ‚”j‚Å3˜AŸcƒTƒCƒY•ƒƒCƒ“ƒfƒ‹‚ÅŒv48“¾“_,https://news.yahoo.co.jp/articles/c8d8d72b552b6238a30e431592594c119bcb2ae7,1/6(“y) 17:07
bballk,ƒoƒXƒPƒbƒgƒ{[ƒ‹ƒLƒ“ƒO,u«—ˆ‚Í‰Í‘º—E‹P‘Iè‚Ì‚æ‚¤‚Évc‚‚¢ƒ|ƒeƒ“ƒVƒƒƒ‹‚ğ¦‚µ‚½OŒÒ‚Ì2‘Iè‚É’–Ú,https://news.yahoo.co.jp/articles/ec63c44d1d846f7f119ec86ce717d0a2833e66b9,1/6(“y) 15:11
bballk,ƒoƒXƒPƒbƒgƒ{[ƒ‹ƒLƒ“ƒO,‘æ4Q‚Å‚Ì¸‘¬‚ª‹¿‚¢‚½ƒŒƒCƒJ[ƒYAƒOƒŠƒYƒŠ[ƒYŒ‚”j‚È‚ç‚¸4˜A”sc”ª‘º—Û‚Í2í˜A‘±Œ‡ê,https://news.yahoo.co.jp/articles/4bde4db23668943e9cf46abc974388bc35eb3eff,1/6(“y) 15:01
bballk,ƒoƒXƒPƒbƒgƒ{[ƒ‹ƒLƒ“ƒO,ƒAƒŒƒ“‚ª3ƒ|ƒCƒ“ƒg9–{‚Ì‘å–\‚êcƒTƒ“ƒY‚ªƒq[ƒg‚ğŒ‚”jA“nç²—Y‘¾‚Í2‡‚Ô‚èoê‚Å2“¾“_,https://news.yahoo.co.jp/articles/60eda448bd2a882a2640d58bfc3888f6e2f79dfa,1/6(“y) 13:20
bballk,ƒoƒXƒPƒbƒgƒ{[ƒ‹ƒLƒ“ƒO,ƒ„ƒjƒX‘Šè‚ÉDŸ•‰‚ğ‰‰‚¶‚½ƒEƒFƒ“ƒoƒ“ƒ„ƒ}‚Í2ˆÊ/ÅV”Åƒ‹[ƒL[ƒ‰ƒ“ƒLƒ“ƒO,https://news.yahoo.co.jp/articles/64df518a0234c1ed30dcc949b8b3ffeec3b60ecc,1/6(“y) 12:55
bballk,ƒoƒXƒPƒbƒgƒ{[ƒ‹ƒLƒ“ƒO,ŒÜ—Ö¢ŠEÅI—\‘I‚ÉŒü‚¯‚½—q“ú–{‘ã•\Œó•â‚ª”­•\cîm–ì‰ÄŠCA‹g“cˆŸ¹”ü‚ç‚ª‰¶’ËHC‘Ì§‚Å‰µW,https://news.yahoo.co.jp/articles/f8df80289f1ba693dcbce2461343b5a4348d71e9,1/6(“y) 12:36
bballk,ƒoƒXƒPƒbƒgƒ{[ƒ‹ƒLƒ“ƒO,12Œ‚ÌŒŠÔÅ—DGVlÜ‚É2ƒJŒ˜A‘±‚ÅƒTƒ“ƒ_[‚Ìƒzƒ‹ƒ€ƒOƒŒƒ“Aƒq[ƒg‚ÌƒnƒPƒXJr.‚ª‘Io,https://news.yahoo.co.jp/articles/e71ab176a4972632a9724953127d070ba6ff3a16,1/6(“y) 11:32
bballk,ƒoƒXƒPƒbƒgƒ{[ƒ‹ƒLƒ“ƒO,ƒƒXƒ^[‚ÌÄ•Ò‚Éæ‚è‘g‚Şƒ‰ƒvƒ^[ƒYcƒVƒAƒJƒ€‚Í¼’n‹æ‹…’c‚Ö‚ÌƒgƒŒ[ƒh‚ª”ZŒúH,https://news.yahoo.co.jp/articles/e31dc875181d17bed1109e875e0f170bf1470a6a,1/6(“y) 11:30
bballk,ƒoƒXƒPƒbƒgƒ{[ƒ‹ƒLƒ“ƒO,12Œ‚ÌŒŠÔÅ—DGƒR[ƒ`Ü‚ÉƒNƒŠƒbƒp[ƒY‚Ìƒ‹[HCAƒZƒ‹ƒeƒBƒbƒNƒX‚Ìƒ}ƒY[ƒ‰HC‚ª‘Io,https://news.yahoo.co.jp/articles/d67701b3c90481e37101e0e114c53577985ca8d8,1/6(“y) 10:48
bballk,ƒoƒXƒPƒbƒgƒ{[ƒ‹ƒLƒ“ƒO,ƒiƒQƒbƒcí‚Åè’É‚¢•¯‚ğ‹i‚µ‚½ƒEƒHƒŠƒA[ƒYcáèƒtƒHƒ[ƒh‚ÌƒNƒ~ƒ“ƒK‚ÍwŠöŠ¯‚É•s–”š”­‚©,https://news.yahoo.co.jp/articles/2cd26983ccff5ba783592fa4c27afbc5bce6afaf,1/6(“y) 10:26
bballk,ƒoƒXƒPƒbƒgƒ{[ƒ‹ƒLƒ“ƒO,ƒTƒ“ƒ_[‚ÌSGAAƒoƒbƒNƒX‚Ìƒ„ƒjƒX‚ª2023”N12Œ‚ÌŒŠÔÅ—DG‘IèÜ‚É‘Io,https://news.yahoo.co.jp/articles/5b085f25c93c54cf83535b8bff637b1364cc0930,1/6(“y) 10:02
bballk,ƒoƒXƒPƒbƒgƒ{[ƒ‹ƒLƒ“ƒO,ƒ†ƒjƒz[ƒ€‚©‚çƒX[ƒc‚Öc‰¡•lƒr[EƒRƒ‹ƒZƒA[ƒYU15—q‚ÌwŠö‚ğ·‚éŒ³WƒŠ[ƒK[,https://news.yahoo.co.jp/articles/183c828db3142a42cec9d3940d369ff5db16a3cb,1/6(“y) 8:59
bballk,ƒoƒXƒPƒbƒgƒ{[ƒ‹ƒLƒ“ƒO,‘O‰ñ‰¤Ò‚Í‰í”s‘Şc‘S’†‰¤Ò‚Ìl“úsƒƒŠƒm[ƒ‹Šw‰@‚È‚Ç3‰ñíio/’jq2“ú–Ú‚Ü‚Æ‚ß,https://news.yahoo.co.jp/articles/21ea69c8163d818fb0e9bb5cc3ac2053902b8d51,1/5(‹à) 20:02
bballk,ƒoƒXƒPƒbƒgƒ{[ƒ‹ƒLƒ“ƒO,‘æ4‰ñƒWƒ…ƒjƒAƒEƒCƒ“ƒ^[16‹­‚ªŒˆ’ècg3”N˜A‘±ŒˆŸioh‚Ì‹“s¸‰Ø‚È‚Ç2‰ñí“Ë”j/—q2“ú–Ú‚Ü‚Æ‚ß,https://news.yahoo.co.jp/articles/43ce4d2ac6ebf6c7e39bcce1e9f4de4b8af655af,1/5(‹à) 19:07
bballk,ƒoƒXƒPƒbƒgƒ{[ƒ‹ƒLƒ“ƒO,ƒŠƒbƒL[Eƒ‹ƒrƒI‚ªNBAˆø‘Ş‚ğ•\–¾uŠF‚³‚ñ‚Ìˆ¤‚ÆƒTƒ|[ƒg‚ÉŠ´Ó‚µ‚Ä‚¢‚Ü‚·Iv,https://news.yahoo.co.jp/articles/a5f55b798e552cc09b86b023591f1d14cf83243f,1/5(‹à) 18:34
bballk,ƒoƒXƒPƒbƒgƒ{[ƒ‹ƒLƒ“ƒO,’é‹ˆÀÏ‚Ì›–ì—¤A“Á•Êw’è‚Å•Ÿ“‡ƒtƒ@ƒCƒ„[ƒ{ƒ“ƒY‚Ö‰Á“ücƒXƒN[ƒ‹AU15‚Å‚àˆç‚Á‚½uË”\ˆì‚ê‚éPGv,https://news.yahoo.co.jp/articles/c997e697df20a28ce628208dd79623f0a5bb67a5,1/5(‹à) 18:27
bballk,ƒoƒXƒPƒbƒgƒ{[ƒ‹ƒLƒ“ƒO,B1L“‡‚ÌƒAƒCƒUƒCƒAEƒ}[ƒtƒB[‚ªŠáâ|’êœÜc‘S¡2TŠÔ‚Æf’f‚³‚êíü—£’E,https://news.yahoo.co.jp/articles/27f38af02e26d6aab21d8a2e89e8fa7822c6c264,1/5(‹à) 18:11
bballk,ƒoƒXƒPƒbƒgƒ{[ƒ‹ƒLƒ“ƒO,“ŒŠC‘å‚Ì•ìŒÕ“OA“Á•Êw’è‘Iè‚Æ‚µ‚ÄƒAƒ‹ƒeƒB[ƒŠç—t‚Öu‘Sˆõ‚ªƒ`[ƒ€‚Ì‚½‚ß‚Éí‚¤p¨‚ÉS‚ğä‚©‚ê‚Ü‚µ‚½v,https://news.yahoo.co.jp/articles/bde5511d1e5141628875dbfb04f25e58dd2ff831,1/5(‹à) 17:42
bballk,ƒoƒXƒPƒbƒgƒ{[ƒ‹ƒLƒ“ƒO,‹ê‹«‚ğŒ}‚¦‚½“nç²—Y‘¾‚ª‰ü‘P‚ğ¾‚¤uƒ}ƒCƒ“ƒh‚Æƒƒ“ƒ^ƒ‹‚ğ³‚³‚È‚¯‚ê‚Î‚¢‚¯‚È‚¢v,https://news.yahoo.co.jp/articles/cd7fc3b9d2d1d055e013e20bf4a4124f409fe6a4,1/5(‹à) 17:21
bballk,ƒoƒXƒPƒbƒgƒ{[ƒ‹ƒLƒ“ƒO,ƒlƒuƒ‰ƒXƒJ‘å‚Ì•x‰iŒ[¶A‰Æ‘°‚Ì‘O‚Å‘åŠˆ–ôuƒŠƒYƒ€‚Éæ‚ê‚ê‚Î100“‚Ì©M‚ÅƒVƒ…[ƒg‚ğ‘Å‚Ä‚év,https://news.yahoo.co.jp/articles/9b887df3df9cbd3e06d999bb89e8c9b0f11c6208,1/5(‹à) 16:50
bballk,ƒoƒXƒPƒbƒgƒ{[ƒ‹ƒLƒ“ƒO,“xd‚È‚é–\—Ísˆ×‚Å–³ŠúŒÀoê’â~’†‚ÌƒOƒŠ[ƒ“A‹ß“ú’†‚É•œ‹A‚©cŒ»’nƒƒfƒBƒA‚ª•ñ“¹,https://news.yahoo.co.jp/articles/afb498740b562d6ad676e0627b58abe71ea9c485,1/5(‹à) 14:52
bballk,ƒoƒXƒPƒbƒgƒ{[ƒ‹ƒLƒ“ƒO,BƒŠ[ƒO‹…‰ƒ‚Ìƒ_ƒ“ƒNƒRƒ“ƒeƒXƒgA”nê—Y‘å‚ÍŒ¨‚ÌƒRƒ“ƒfƒBƒVƒ‡ƒ“•s—Ç‚É‚æ‚èŒ‡ê,https://news.yahoo.co.jp/articles/a45070f62c6727b1553e5f2e3cf1c47a48165d1f,1/5(‹à) 14:48
bballk,ƒoƒXƒPƒbƒgƒ{[ƒ‹ƒLƒ“ƒO,‚Â‚¢‚ÉŸ—¦5Š„‚ğØ‚Á‚½ƒŒƒCƒJ[ƒYAƒfƒCƒrƒX‚ªƒ`[ƒ€‚ÌŒ»ó‚ÉŒ¾‹yu—Û‚Ì—£’E‚Í¡‹GÅ‘å‚Ì‘r¸v,https://news.yahoo.co.jp/articles/978452912fabef9da07f7d920b5bdd895c11c36b,1/5(‹à) 13:12
bballk,ƒoƒXƒPƒbƒgƒ{[ƒ‹ƒLƒ“ƒO,NBAƒI[ƒ‹ƒXƒ^[2024ƒtƒ@ƒ““Š•[‚Ì“r’†Œo‰ß‘æ1’e‚ª”­•\cƒ„ƒjƒX‚ª‘S‘Ìƒgƒbƒv‚Ì–ñ217–œ•[,https://news.yahoo.co.jp/articles/f97bad36062f82d4c7aac691be1a5b0981e709c7,1/5(‹à) 12:34
bballk,ƒoƒXƒPƒbƒgƒ{[ƒ‹ƒLƒ“ƒO,•Ÿ‘å‘åŠ‚Ì“nç³—à‰¹‚ªBƒŠ[ƒO‚Ì•‘‘ä‚Öc“Á•Êw’è‘Iè‚Æ‚µ‚Äƒ‰ƒCƒWƒ“ƒOƒ[ƒtƒ@[•Ÿ‰ª‚Ö‰Á“ü,https://news.yahoo.co.jp/articles/4fa45752c362820b1364fb724753ecae326c72c2,1/5(‹à) 12:24
bballk,ƒoƒXƒPƒbƒgƒ{[ƒ‹ƒLƒ“ƒO,‹…’c‘nİ35‹G–Ú‚Ìƒ}ƒWƒbƒNcƒVƒƒƒbƒN‚Ì”w”Ô†32‚ªjã‰‚Ì‰i‹vŒ‡”Ô‚É,https://news.yahoo.co.jp/articles/661118823ca43440bfcb5a63c5a55fe719e808a3,1/5(‹à) 11:23
bballk,ƒoƒXƒPƒbƒgƒ{[ƒ‹ƒLƒ“ƒO,"“²‚ê‚Ì‘¶İ‚ÍuƒGƒuƒŠƒ“‘IèvcƒWƒ…ƒjƒAƒEƒCƒ“ƒ^[§”e‚ğ–Úw‚·J,sphere‚ÌŠâ“cä»“Ş‚ª27“¾“_",https://news.yahoo.co.jp/articles/1eb9c03f97c837b032287203549884384bceb2a9,1/5(‹à) 8:15
bballk,ƒoƒXƒPƒbƒgƒ{[ƒ‹ƒLƒ“ƒO,²•~’†E•½—Ç”üŠC38“¾“_‚ÌŠˆ–ô‚ÅJr.ƒEƒCƒ“ƒ^[‰Ÿ—˜cu‘S‘‚Ì•‘‘ä‚Å3P‚ğv‘åƒPƒK‚Ì’‡ŠÔv‚¢ƒ`[ƒ€ˆêŠÛ,https://news.yahoo.co.jp/articles/d354ba76348244a501d1e9bfe408c0e35111aad4,1/5(‹à) 7:00
bballk,ƒoƒXƒPƒbƒgƒ{[ƒ‹ƒLƒ“ƒO,B3‚Ì‹à‘ò•m’cA6“ú‚©‚çŠJÃ—\’è‚Ì“G’n2˜Aí‚ª’†~Œˆ’èc’nk‚Ì‰e‹¿‚ğl—¶,https://news.yahoo.co.jp/articles/a9d6614c62052764eeb90f03485b97f4b1046e5d,1/4(–Ø) 18:36
bballk,ƒoƒXƒPƒbƒgƒ{[ƒ‹ƒLƒ“ƒO,w‚Æ‚ñ‚Ë‚é‚¸‚ÌƒXƒ|[ƒc‰¤xgƒoƒXƒPƒbƒgƒ{[ƒ‹‘ÎŒˆ Š®‘S”Åh‚Æ‚µ‚Ä6“ú12‚©‚çÄ•ú‘—Œˆ’ècTVer‚Å‚à”zM,https://news.yahoo.co.jp/articles/30e17b10a5ade70acb71f06513a1c58079a1f6b1,1/4(–Ø) 18:18
bballk,ƒoƒXƒPƒbƒgƒ{[ƒ‹ƒLƒ“ƒO,Jr.ƒEƒCƒ“ƒ^[ƒJƒbƒvŠJ–‹cŒ€“IŸ—˜‚Ìs—§À’ÃAƒgƒŒƒCEƒ„ƒ“ƒO‚É“²‚ê‚éƒtƒ@ƒ“ƒ^ƒWƒXƒ^‚ª22“¾“_‚Å‚¯‚ñˆø,https://news.yahoo.co.jp/articles/096702ec17b5c92c4da39caeeb7416e5d4235c93,1/4(–Ø) 17:24
bballk,ƒoƒXƒPƒbƒgƒ{[ƒ‹ƒLƒ“ƒO,BƒŠ[ƒO‚ª‘æ16ß‚ÌŠJÃ‚É‚Â‚¢‚Ä”­•\c•xRƒOƒ‰ƒEƒW[ƒY‚Ìƒz[ƒ€ƒQ[ƒ€‚ğ‚Í‚¶‚ß‘S‡—\’è‚Ç‚¨‚èŠJÃ,https://news.yahoo.co.jp/articles/45450adfd3b7de80d756f84bacd313e9a60834c1,1/4(–Ø) 16:06
bballk,ƒoƒXƒPƒbƒgƒ{[ƒ‹ƒLƒ“ƒO,ƒŒƒCƒJ[ƒY‚ªƒq[ƒg‚É‹£‚è•‰‚¯V”N‰”’¯‚Í‚¨—a‚¯c”ª‘º—Û‚Í¶‚Ó‚­‚ç‚Í‚¬•‰‚ÅŒ‡ê,https://news.yahoo.co.jp/articles/38cf5ae0aa2b9129aa622455e1538a32bfdfeb40,1/4(–Ø) 14:33
bballk,ƒoƒXƒPƒbƒgƒ{[ƒ‹ƒLƒ“ƒO,˜”Õ‚©‚ç’Ç‚¢‚©‚¯‚é“WŠJ‚Æ‚È‚Á‚½ƒTƒ“ƒYA‘æ4Q‚É–Ò’Ç‚àƒNƒŠƒbƒp[ƒY‚É”síc“nç²—Y‘¾‚Íoê‚È‚ç‚¸,https://news.yahoo.co.jp/articles/a30d54d2b3836984a54c4d85134f251108e494e2,1/4(–Ø) 13:47
bballk,ƒoƒXƒPƒbƒgƒ{[ƒ‹ƒLƒ“ƒO,•x‰iŒ[¶‚ª3ƒ|ƒCƒ“ƒg4–{ŠÜ‚ŞƒQ[ƒ€ƒnƒC28“¾“_cƒlƒuƒ‰ƒXƒJ‘å‚ª˜AŸ”‚ğu5v‚ÉL‚Î‚·,https://news.yahoo.co.jp/articles/3e2838a995333fb8af4fdd967ca246cdb63c1709,1/4(–Ø) 13:23
bballk,ƒoƒXƒPƒbƒgƒ{[ƒ‹ƒLƒ“ƒO,yB1‘æ16ß Œ©‚Ç‚±‚ëzç”õ—ÍŒõ‚é2ƒ`[ƒ€‚ªŒƒ“Ëc–¼ŒÃ‰®DvsO‰“‚ÍŒƒí•KŠ,https://news.yahoo.co.jp/articles/8d30f09e3ebeb7cc941139c9e0e858147e5afc1a,1/4(–Ø) 12:59
bballk,ƒoƒXƒPƒbƒgƒ{[ƒ‹ƒLƒ“ƒO,u“ú–{‚ÅƒXƒ|[ƒc‚ğŒ©‚é‚È‚çBƒŠ[ƒOvc“‡“cƒ`ƒFƒAƒ}ƒ“‚ª–Úw‚·ƒŠ[ƒO‚Ì–¢—ˆ‚ğ”M•Ù,https://news.yahoo.co.jp/articles/02ca67978fadddc8d11f156118e49837d889d908,1/4(–Ø) 12:03
bballk,ƒoƒXƒPƒbƒgƒ{[ƒ‹ƒLƒ“ƒO,D’²‘±‚­ƒuƒ‹ƒY‚É˜N•ñAå—Í‚ÌƒUƒbƒNEƒ‰ƒr[ƒ“‚ª‹ß“ú’†‚É•œ‹A‚©cwŠöŠ¯‚Í’²q‚ÉDŠ´G,https://news.yahoo.co.jp/articles/43b980bf30fb4a14f02d8712bf9a6a0c2fdc16bd,1/4(–Ø) 11:39
bballk,ƒoƒXƒPƒbƒgƒ{[ƒ‹ƒLƒ“ƒO,yB2‘æ16ß Œ©‚Ç‚±‚ëz2024”N‰í‚ÍŸ—˜‚Åü‚è‚½‚¢cAç—t‚Ì˜AŸ‚ğ~‚ß‚é‚Ì‚Í‚Ç‚±‚©!?,https://news.yahoo.co.jp/articles/1e7ced0d92f1e972174d86fcc564273a04c329d4,1/4(–Ø) 11:06
bballk,ƒoƒXƒPƒbƒgƒ{[ƒ‹ƒLƒ“ƒO,NBA”N—î’²¸c•½‹Ï”N—î‚ªÅ‚EÅ’á‚ÌãˆÊ3‹…’c‚ğƒŠƒXƒgƒAƒbƒv,https://news.yahoo.co.jp/articles/666ecd2299d588f710569abb2297ba7afcb931b5,1/3(…) 18:57
bballk,ƒoƒXƒPƒbƒgƒ{[ƒ‹ƒLƒ“ƒO,‹“s¸‰ØŠw‰€E–x“à÷‰Ô‚ªWƒŠ[ƒO‰“¾“_‚ğ‹L˜^cƒXƒeƒB[ƒ‹‚©‚ç‚Ìƒtƒ@ƒXƒgƒuƒŒƒCƒN‚àŒˆ‚ß‚é,https://news.yahoo.co.jp/articles/5fc1c0d0efa95a05588a9ba7687a8d7eae6c56c5,1/3(…) 13:30
bballk,ƒoƒXƒPƒbƒgƒ{[ƒ‹ƒLƒ“ƒO,ƒWƒƒƒY‚Ì‘Iè‚Æ‚µ‚Ä–ñ16”N‚Ô‚ècƒWƒ‡[ƒ_ƒ“EƒNƒ‰[ƒNƒ\ƒ“‚ª‰‚ÌƒgƒŠƒvƒ‹ƒ_ƒuƒ‹‚ğ’B¬,https://news.yahoo.co.jp/articles/a9d3319fd5ac7da490fa4525436eb91a29012068,1/3(…) 12:48
bballk,ƒoƒXƒPƒbƒgƒ{[ƒ‹ƒLƒ“ƒO,–x“à÷‰Ôi‹“s¸‰ØŠw‰€juUç‚Æ‚à‚É’´–œ”\A¢‘ãNo.1ƒK[ƒhv/WC2023—qƒxƒXƒg5,https://news.yahoo.co.jp/articles/affe7ad94a203b358c9335b83393525efdcff17f,1/3(…) 12:30
bballk,ƒoƒXƒPƒbƒgƒ{[ƒ‹ƒLƒ“ƒO,ƒhƒ“ƒ`ƒbƒ`‚ª‚q•±v‚Ì“­‚«Aƒz[ƒNƒX‚Ìƒ„ƒ“ƒO‚ª‰õ‹“/2023”N12Œ‚ÌŒŠÔƒ‰ƒ“ƒLƒ“ƒO,https://news.yahoo.co.jp/articles/45089722fbeba362c09220b0c4f75cc5f3e161b5,1/3(…) 11:56
bballk,ƒoƒXƒPƒbƒgƒ{[ƒ‹ƒLƒ“ƒO,¡‹G‘æ10T‚ÌTŠÔMVP‚ÉƒTƒ“ƒ_[‚ÌSGAAƒyƒCƒT[ƒY‚ÌƒnƒŠƒo[ƒgƒ“‚ª‘Io,https://news.yahoo.co.jp/articles/5288f567bdc3ef22cea68a70d137f7c5b8751ac1,1/3(…) 10:49
bballk,ƒoƒXƒPƒbƒgƒ{[ƒ‹ƒLƒ“ƒO,“ú–{‘ã•\E”ä]“‡T‚ªg‘ålh‚ğŒê‚écuƒTƒbƒ|ƒ¶ƒr[ƒ‹•ƒ‰ƒxƒ‹vSPŠé‰æ‚É“oê,https://news.yahoo.co.jp/articles/df112dff4abf56b5783ec6dc526a2ab2cc025e9d,1/2(‰Î) 17:18
