media_en,title_articles,link_articles,date_original
satvv,100歳以上は過去最多の2808人…最高齢は112歳　静岡県,https://news.yahoo.co.jp/articles/e33cb75d05488b6edf281783f50e2279b86ab6a0,9/18(月) 11:58
satvv,世界最高齢89歳サーファーが妙技披露　「5日後に90歳になるので…」　静岡・牧之原市,https://news.yahoo.co.jp/articles/0b343c6b1ae279fd4858cfa8f591a7e61c97073d,9/18(月) 11:53
satvv,「ドボン」という音が聞こえ、人がいなくなった　51歳男性が海に転落、意識不明の重体　静岡県・焼津漁港,https://news.yahoo.co.jp/articles/03a10b3bea483f65d3364b4e42e8c6796a5883a9,9/18(月) 9:16
satvv,「島田髷(まげ)まつり」4年ぶりに通常開催　まげ娘たちが日本髪の美しさをアピール　静岡・島田市,https://news.yahoo.co.jp/articles/12d878f99b58a156995d4b389e6506368053cd99,9/17(日) 21:02
satvv,【速報】藤枝MYFCが首位町田と価値あるスコアレスドロー！J2残留へ勝点1を積み上げる,https://news.yahoo.co.jp/articles/54f98c8280a82cc04214d8c4b036f3c8679a61f6,9/17(日) 20:15
satvv,【速報】清水エスパルスが今季初めてJ1自動昇格圏の2位に浮上！アウェーで金沢に3発快勝,https://news.yahoo.co.jp/articles/db83c087c84655e157180c98fbc6f4e61423513c,9/17(日) 20:04
satvv,実験で理科の面白さを体験する「おもしろ理科教室」を開講　静岡理工科大学「お理工塾応援隊」　静岡市,https://news.yahoo.co.jp/articles/828426f1e947a739f7a307f217a32d6de218a2db,9/17(日) 18:12
satvv,親子で災害から命を守るために必要な行動を学ぶ「防災フェスタ」　静岡・富士市「富士山こどもの国」,https://news.yahoo.co.jp/articles/285642fb9c994321fad561585ab4354de300b8d7,9/17(日) 18:09
satvv,工場から爆発音 建物から黒煙との通報も　すぐに鎮火しけが人もなし　静岡市清水区の工場,https://news.yahoo.co.jp/articles/985d46c56c4bdb05db9ca51b36cfab86f48ac923,9/17(日) 17:15
satvv,手芸サークルのメンバーによる古い布を使った作品展　静岡・JR掛川駅「これっしか処ギャラリー」,https://news.yahoo.co.jp/articles/4351c54d93e1e5fa757aa603d5a0dbffe4945e33,9/17(日) 12:15
satvv,「お達者度」静岡県内最長は男性は菊川市19．45年、女性は御殿場市22．57年,https://news.yahoo.co.jp/articles/72c508d93176fa9448b4a69e5d18b2515bd2faa7,9/17(日) 12:12
satvv,渓流釣りに行ったまま行方不明になっていた男性を静岡県の防災ヘリコプターが発見・救助　静岡市葵区,https://news.yahoo.co.jp/articles/b9468780a0faa1ab4d323ef1f66d4f4af97c4c55,9/17(日) 10:48
satvv,無免許で酒気帯び運転をした疑いで69歳の男を逮捕　カーブを曲がり切れず単独事故　浜松市東区,https://news.yahoo.co.jp/articles/5ef4666d58e38311cb39348b38651a98affd3afc,9/17(日) 9:58
satvv,山岳遭難の恐れも　渓流釣りに出かけた高齢の男性が行方不明　静岡県警の山岳遭難救助隊が捜索に　静岡市葵区,https://news.yahoo.co.jp/articles/994b9b308fa7b2930cc8982ca51fa2f5550eefed,9/17(日) 9:43
satvv,80代女性に見破られ逃走…特殊詐欺の受け子か　指名手配の26歳の男を逮捕　浜松東警察署,https://news.yahoo.co.jp/articles/872b83e6f958939410b2521678e1d488eb45a02c,9/16(土) 23:32
satvv,【8強決定】秋季高校野球静岡県大会3回戦結果。日大三島や常葉大菊川が準々決勝進出も加藤学園は浜松工に惜敗,https://news.yahoo.co.jp/articles/2d52643683e1da82097bf19f6116ce388dd42c9b,9/16(土) 23:11
satvv,宿泊客増やす秘密兵器は「カピバラ」　まるで一緒に寝泊まりしているコテージ　静岡・東伊豆町　/伊地アナが行くニュースの現場,https://news.yahoo.co.jp/articles/c626dfe62cdd54f91c6031043864bb1bcf5f699e,9/16(土) 22:02
satvv,「あちらの旅館の温泉にもどーぞ」…宿泊客激減にライバル旅館がタッグ　静岡・伊豆長岡温泉　/伊地アナが行くニュースの現場,https://news.yahoo.co.jp/articles/57632aa0e39c96a484e29ef4c17bed0027e8caa5,9/16(土) 21:23
satvv,【速報】2位ジュビロ磐田が19位山口と痛恨のスコアレスドロー！　17日3位清水の結果次第ではJ1自動昇格圏から後退も…,https://news.yahoo.co.jp/articles/aa311e885186ae31b464db8de9cb24f72cbe62ad,9/16(土) 21:02
satvv,新型コロナとインフルエンザのW流行で「薬が足りない」　県担当者「解熱剤などの備えも必要」　静岡県,https://news.yahoo.co.jp/articles/c0b6414de30a3597633f7d33bf45a17fa550c664,9/16(土) 19:33
satvv,来場者「まだ寝てばっかり…」…赤ちゃんの様子をモニターで公開　レッサーパンダのイベント　静岡市・日本平動物園,https://news.yahoo.co.jp/articles/4b28dbe581b2d7c629790aad1379ec6ba01a724c,9/16(土) 18:00
satvv,再び走ることができるか…80年前のSLが大井川鉄道に　富山県の公園に50年間展示　静岡・島田市,https://news.yahoo.co.jp/articles/565b7d111ece884e370d87c2cba8761eb8595401,9/16(土) 17:57
satvv,真夏日過去最多更新続く、そんな時は「ところてん？」/偽造防止対策強化/7年ぶりトップ会談　【一気にわかる今週の静岡】,https://news.yahoo.co.jp/articles/2ac5582ce112dfa1b34cefe437c9e0c21c256600,9/16(土) 16:09
satvv,車と原付バイクが出合い頭に衝突…バイクが転倒し35歳女性が負傷　車は逃走…警察がひき逃げ事件として捜査　静岡・磐田市,https://news.yahoo.co.jp/articles/f33c270b9f36fe9a2dda676917d1fe954c593487,9/16(土) 14:05
satvv,無許可で盛り土造成か…残土処分会社の元役員を逮捕　静岡・函南町,https://news.yahoo.co.jp/articles/0f92cb163cfd13e41fe50a313735ab95b72d9b58,9/16(土) 12:15
satvv,酒に酔って駐車中の車を蹴ってへこます…20代の静岡市職員を戒告処分,https://news.yahoo.co.jp/articles/601300ee55ff35bfbc778bed9a9c2e207dbf52f7,9/16(土) 12:08
satvv,トラックに追突され自転車の66歳男性が意識不明の重体　静岡・牧之原市の国道150号,https://news.yahoo.co.jp/articles/4c47139087a9c9acdd1ec9d2b12a0bedb47aa67a,9/16(土) 11:19
satvv,お互いの利用客に知ってもらって誘客図る…静岡鉄道が台湾の鉄道会社と友好協定　静岡市,https://news.yahoo.co.jp/articles/87662d5c7cb9572ec474b8fe0d3ba2de08389886,9/16(土) 11:08
satvv,大人の親指ほど…ジャンボ落花生の出荷始まる　12月上旬までに6トンの見込み　静岡・島田市,https://news.yahoo.co.jp/articles/b4db8f62e2dcdfd54860c6a5e03cf64cddea8571,9/16(土) 10:57
satvv,オレオレ詐欺の受け子役の19歳大学生を逮捕…防犯カメラから浮上　73歳女性から100万円だまし取った疑い　静岡・富士宮市,https://news.yahoo.co.jp/articles/cd3471e70ef5600a96d33565d40da8fdc949b08e,9/15(金) 22:03
satvv,去年より3カ月以上早くインフルエンザ『流行期』に…3週連続で目安超える　9月は11日間で127学級が「学級閉鎖」　静岡県,https://news.yahoo.co.jp/articles/05838d85740b68ac7eb49b171cd62ddc0042c8d5,9/15(金) 21:02
satvv,【新型コロナ】静岡県1日3000人感染と推計　前週より減少も全保健所管内で「警報レベル」上回る　/9月4日～10日,https://news.yahoo.co.jp/articles/49745d9a99ae42099032f00a8782db70128d37f6,9/15(金) 20:55
satvv,県の防災ヘリコプターと市の山岳救助隊が連携　滑落者の救助想定し合同訓練　静岡・富士宮市,https://news.yahoo.co.jp/articles/8d03e3ba83807f25c72691b291e8f9a722a88486,9/15(金) 20:28
satvv,遺体をほかの場所から車で運んだか…浜松市の死体遺棄事件　容疑者との金銭トラブルも,https://news.yahoo.co.jp/articles/5af02b30788adfa9686f3ef6f0f9e3c79de83ce3,9/15(金) 19:53
satvv,あなたの「体力年齢」は？　腹筋や反復横跳び、20mシャトルランなど6種目で測定　静岡・東伊豆町,https://news.yahoo.co.jp/articles/e06cf5499c25304a5807b6d6107c1bdb36e15eb4,9/15(金) 19:40
satvv,雑貨に食品に…「オクシズ」のコンセプトショップが市街地にオープン　静岡市,https://news.yahoo.co.jp/articles/2be19222611c78b2243d84edcbdcef094e4e2a88,9/15(金) 19:35
satvv,2年連続で全国優勝…ボクシング小学生チャンピオンが練習拠点の静岡・伊東市長を表敬訪問　「オリンピックで勝つ」,https://news.yahoo.co.jp/articles/bd57df7882073ff1764296514b7d3838eb53e325,9/15(金) 19:32
satvv,なぜ？　9月に入って蚊が活発化…虫よけ、虫刺され治療薬の売れ行き好調　静岡,https://news.yahoo.co.jp/articles/4e1de4b5f2dc41e54385e17c24b7af257659bc22,9/15(金) 19:29
satvv,さっぱりしたものが欲しいから？　厳しい残暑にところてんの売れ行き好調　静岡・三島市,https://news.yahoo.co.jp/articles/d0cd4b63962daa752d77c91f9c625b2aa45aaae4,9/15(金) 19:18
satvv,台風2号の災害復旧費用など…静岡県が82億円の9月補正予算案を発表,https://news.yahoo.co.jp/articles/8c1d56d9c9ddeb083bf1b19691508d92299e4a1c,9/15(金) 19:14
satvv,保険会社が「不自然な点がある」と通報　わざと事故起こし保険金だまし取ろうとしたか…30代男2人逮捕　静岡・伊東警察署,https://news.yahoo.co.jp/articles/c9ea5cea7fa7515ab56afcd23c2abc6b4f518dc1,9/15(金) 18:46
satvv,【速報】東海道新幹線が運転再開　　15日午後6時25分,https://news.yahoo.co.jp/articles/24845cdee69b53aee11cfb5025f292856a9c3b76,9/15(金) 18:35
satvv,【速報】東海道新幹線　上り新大阪から東京間、下り東京から静岡間で運転見合わせ　15日午後5時45分,https://news.yahoo.co.jp/articles/f0861e1208ccb0e4f6f1be9907a3979308d3ba52,9/15(金) 18:19
satvv,【速報　熱中症】静岡県内11人を救急搬送…中等症3人、軽症8人　/9月15日,https://news.yahoo.co.jp/articles/7ca8cb9e9111f77ab58757a44fd12adb62ef29f4,9/15(金) 17:27
satvv,日本平動物園生まれのジャガー「小春」が大阪へ　園はお別れイベント開催を予定　静岡市,https://news.yahoo.co.jp/articles/3f6e244f9c5ebfb3b1681b03448a52722076711e,9/15(金) 15:37
satvv,車で遺体を発見現場まで運んだか　殺人容疑も視野に捜査　浜松市の死体遺棄事件,https://news.yahoo.co.jp/articles/f2aa55b60b22384f0b2368a5f8dfb1de5a0582db,9/15(金) 12:11
satvv,相次ぐ『橋名板』盗難…新たに島田市と藤枝市でも　被害は2市で計150万円　静岡,https://news.yahoo.co.jp/articles/e6405b041a80fb7eaa9163bdc072f52efaba5867,9/15(金) 11:55
satvv,【異例】静岡ダービーのチケットの高額転売で「不正転売は違法行為」と清水が声明を発表,https://news.yahoo.co.jp/articles/487fa5d375832a0c1d56cb60c7be3fab99528362,9/15(金) 10:49
satvv,【速報】阪神タイガースが11連勝で18年ぶりリーグ優勝！岩崎優（静岡市出身）が胴上げ投手に,https://news.yahoo.co.jp/articles/fef4363f294f750e9619778d18b5ee20980e5f16,9/14(木) 20:55
satvv,ダイビング歴20年以上…千葉・船橋市の55歳の女性がおぼれ死亡　静岡・東伊豆町,https://news.yahoo.co.jp/articles/16af6e1ae5a78c463a8120c6c6d7c886271113f1,9/14(木) 20:21
satvv,20代女性のスカート内をスマホで撮影か　23歳の男を再逮捕　静岡・富士市,https://news.yahoo.co.jp/articles/b3aa61056e6a9b62ffa1f0ece4a1947d90e2181e,9/14(木) 19:52
satvv,静岡市内在住のフランス人男性を招き生きたフランス語を学ぶ　静岡県立城北高校,https://news.yahoo.co.jp/articles/eba24a6483e62c366b26b7ad29691386bbc10296,9/14(木) 19:30
satvv,【袴田事件】初公判10月27日　結審は来年3月27日か　姉ひで子さん「期待している」,https://news.yahoo.co.jp/articles/0f6f71f00d9d27a97e3300618a3f61d2bb98a3be,9/14(木) 19:30
satvv,伊豆半島ではクマは絶滅したはず? 南伊豆町でクマとみられる動物の目撃情報が! はたして?!,https://news.yahoo.co.jp/articles/113ed38994e4e13e965af930e6666ba102c5d221,9/14(木) 19:23
satvv,7人が死亡した東名高速日本坂トンネル事故から44年　8機関99人が参加した防災訓練を実施,https://news.yahoo.co.jp/articles/6dbad290f0628d8756736b92a0af357f4f329a76,9/14(木) 19:20
satvv,モロッコ地震に遭遇　静岡県伊豆の国市山下正行市長が当時の状況を報告,https://news.yahoo.co.jp/articles/a91cff6d60bc77d5fce17d6108d04adb57603c91,9/14(木) 19:15
satvv,樹齢300年以上のお茶の木から仕上げた…「長寿の香り」を高齢者施設に贈呈　静岡・藤枝市,https://news.yahoo.co.jp/articles/9605c9f41732265053d52bd1cbbab38d3d786ffb,9/14(木) 19:14
satvv,上川陽子外務大臣始動　林芳正前大臣と引き継ぎ式～来週にはG7=先進7カ国外相会議へ,https://news.yahoo.co.jp/articles/c5e6710d25c5dedd0342bef0d01236fd88817bc9,9/14(木) 19:11
satvv,沼津市議が市の土地を有料駐車場として貸出し不当な利益を得たとして市が提訴　市議は提訴取りやめを求める,https://news.yahoo.co.jp/articles/9ffa211528ca6e2114dd8198256150896ddd7fd4,9/14(木) 19:07
satvv,100m走選手「歩幅を広くして」　やり投げ選手「声をあげると勢いが付く」　世界クラスの選手が児童を指導　静岡・掛川市,https://news.yahoo.co.jp/articles/4117f2c180de9686b4b157748341f7c66e2d0f2f,9/14(木) 18:52
satvv,【速報　熱中症】静岡・裾野市の中学校で体育祭の練習後…5人が体調不良訴え、生徒2人を救急搬送　/9月14日,https://news.yahoo.co.jp/articles/2eeabefe619d44f0aaf272f5e5bc63795dbf036f,9/14(木) 17:10
satvv,病院の女子更衣室内をスマートホンで撮影か…当時の出入り業者を再逮捕　押収したスマホに画像　静岡・森町,https://news.yahoo.co.jp/articles/3f7183fd933388b77e2a34405ba3b53f73cf6f33,9/14(木) 16:12
satvv,ガールズバーに6時間…代金3万3000円払わず　44歳の男を詐欺容疑で現行犯逮捕　浜松市,https://news.yahoo.co.jp/articles/93944c0fdd09c3d6d371aa1e7edc9a7d461b442d,9/14(木) 15:50
satvv,女性に人気のテーマパーク「富士山ぶどうランド」ブドウがなくなり次第終了　静岡・富士宮市,https://news.yahoo.co.jp/articles/54e3c3f9c50444fe4531a3d94c1242d46e6e9693,9/14(木) 12:12
satvv,「暮らし向きが苦しくなっている」との回答が1980年の調査開始以来初めて半数超える　静岡県政世論調査,https://news.yahoo.co.jp/articles/cdae371c2974ff4b79b9352db8269dba8b2a8860,9/14(木) 12:08
satvv,9月21日は「国際平和デー」小学校3年生が市長とともに平和の鐘を　静岡・富士市,https://news.yahoo.co.jp/articles/f4e7c0bbcdbf7af3df920f204eb38c7ddb40c418,9/14(木) 12:05
satvv,ガソリン価格18週ぶり値下がり　全国平均184．8円（前週比－1．7円）、静岡県は183．2円（－3．1円）,https://news.yahoo.co.jp/articles/7d087a47f2b7c311ca8c96efe978b02cef09d0ac,9/14(木) 12:03
satvv,小型カメラを施設のトイレに設置したか…30代女性を隠し撮りした容疑で31歳男を逮捕　静岡・沼津警察署,https://news.yahoo.co.jp/articles/0299ea1b3175f1be8841cc81a011e07a1929798e,9/14(木) 11:40
satvv,【熱海市土石流災害】市が提示した復興補助金制度に約8割の被災者が賛同と市議会で答弁　斉藤栄熱海市長,https://news.yahoo.co.jp/articles/6fb05c29f3d488b6332e666d8d6fd51968fae250,9/14(木) 9:40
satvv,喫煙場所巡りトラブルに…仲裁の73歳男性殴った疑いで62歳の男を逮捕　被害者は頭を打ち入院　静岡・伊東市,https://news.yahoo.co.jp/articles/0a083fb99dbadba14a1aef6cffbf86e94f2dab73,9/14(木) 9:05
satvv,「音止の滝」に展望デッキが完成 高さ25mの滝をより近くで楽しめる　静岡・富士宮市,https://news.yahoo.co.jp/articles/532e0a01645f64a3d5e66fd1617b484bc793d70a,9/13(水) 19:50
satvv,侍ジャパンU18日本代表・新妻恭介選手ワールドカップ初優勝報告会　浜松開誠館高校,https://news.yahoo.co.jp/articles/4fdeacdc0c25c130a2e307ac059f76795a297a9e,9/13(水) 19:46
satvv,新型コロナ再拡大の兆し、そして深刻になりつつある「薬不足」,https://news.yahoo.co.jp/articles/d546b2b50004b689548486970234d95ca32775f6,9/13(水) 19:40
satvv,「ホーユー経営破綻問題」背景にコストの高騰が　給食事業の現状は　静岡県内の事業者の場合,https://news.yahoo.co.jp/articles/3c7e10a76cae61545c2f1e46dcaca1042790fcd2,9/13(水) 19:33
satvv,静岡市議会9月定例会開会9月補正予算案など37議案が上程,https://news.yahoo.co.jp/articles/aa710d2f8cccfcd849f9f5fe138b5829c36ee48e,9/13(水) 19:30
satvv,静岡市季節外れの真夏日　今年71回目　1940年の統計開始以来過去最多,https://news.yahoo.co.jp/articles/2190b7e1d2e47687d94a51d3c879ba270eee994e,9/13(水) 19:20
satvv,上川陽子衆議院議員外務大臣として再入閣　女性の外務大臣就任は20年ぶり　第2次岸田再改造内閣,https://news.yahoo.co.jp/articles/fc785e5161311ca7c5392033766562a6cbbf9674,9/13(水) 19:14
satvv,【サッカーJ2】清水vs磐田、10月7日の静岡ダービーチケットが完売も、リセールサイトで即転売。定価の4倍以上も,https://news.yahoo.co.jp/articles/1a82c3f2d4a072bbc8c10f6eb9d25910dfd2fba3,9/13(水) 18:12
satvv,浜松市東区で男性の遺体を車の中に遺棄した疑いで男女3人を逮捕,https://news.yahoo.co.jp/articles/6b157b5346f2c9dae4f403b14868707480b8ec2b,9/13(水) 17:46
satvv,面識のある男性を脅して無理やり配下の暴力団員として活動させようとしたとして暴力団組長を逮捕　浜松東警察署,https://news.yahoo.co.jp/articles/d455735688157c80d1db4651cf63669826daf3ef,9/13(水) 14:04
satvv,女性を刺し殺そうとした男は事前に刃物を用意していた疑い　男を送検し犯行の計画性を追及　静岡市葵区,https://news.yahoo.co.jp/articles/aeabf32c05aab62763cfd2e22879b14ecc094927,9/13(水) 12:23
satvv,13日も静岡県内真夏日に　今年の真夏日71日目　1940年の統計開始以来最多に,https://news.yahoo.co.jp/articles/05da8f22155a053bf1d7ddac83884d12c6f707d2,9/13(水) 12:22
satvv,衆院静岡1区上川陽子氏外務大臣で再入閣へ　第2次岸田再改造内閣,https://news.yahoo.co.jp/articles/3ec4963da08a026765d90cae778a6d02fe00bafa,9/13(水) 12:17
satvv,「空手道」を核としたまちづくりを進める静岡県御殿場市をスポーツ庁の室伏広治長官が視察,https://news.yahoo.co.jp/articles/accab2b6bd28d9fa28f77318624a472914c156d1,9/13(水) 10:45
satvv,また橋の名前のプレート盗まれる　磐田市で6枚およそ30万円相当　静岡県西部で被害相次ぐ,https://news.yahoo.co.jp/articles/6b9de45ed88c910a0198a1a63d080beff284b11b,9/12(火) 20:51
satvv,【橋げた落下事故】橋げたと落下防止の装置をつなぐボルトが破断したことが原因だと結論,https://news.yahoo.co.jp/articles/3c088fc0c75b8db8a8ddfc15be93ffe9373b0b2b,9/12(火) 20:49
satvv,「袴田事件」5回目の三者協議　初公判は最速で10月27日という候補日が示される,https://news.yahoo.co.jp/articles/f4b43a3ab1ed49f3fd37f96991dc5bbda3e243cb,9/12(火) 20:43
satvv,新しい日本銀行券・お札の見学会　偽造対策をさらに強化　肖像画の向きが変わって見える最先端のホログラムを導入,https://news.yahoo.co.jp/articles/fc814c8ca7ce4e517c370917af89227349596d0f,9/12(火) 20:15
satvv,「ホーユー」給食停止発覚から1週間　学校の現場で生徒たちは…,https://news.yahoo.co.jp/articles/8ac7661c15fa9048dfb29249616370f9dae02c0e,9/12(火) 20:03
satvv,アリーナは「スポーツの拠点としてだけではなく、総合的な文化力の拠点として」難波静岡市長,https://news.yahoo.co.jp/articles/0ce67b1b94ec3ec90eb804a73fd4283d9f18aac5,9/12(火) 19:33
satvv,女性が腹を刺され重傷　兵庫県の派遣社員の男を殺人未遂容疑で逮捕　女性の長女と以前交際か,https://news.yahoo.co.jp/articles/2a936834b9a7eac1fa52ba911671eb9f29d0bb69,9/12(火) 19:31
satvv,【速報】袴田事件　再審の初公判は10月下旬に,https://news.yahoo.co.jp/articles/bdfe0ef25d1ea2e38da3837f59a38b188e234cd7,9/12(火) 17:45
satvv,勤務中に上司の顔を殴りけがをさせたとして会社員の男を傷害容疑で逮捕　静岡・掛川市,https://news.yahoo.co.jp/articles/58bf59712c3a0189176db88777f60a67af6b56f1,9/12(火) 15:35
satvv,軽乗用車と自転車が衝突し自転車に乗っていた81歳の女性が搬送先の病院で死亡　静岡・藤枝市,https://news.yahoo.co.jp/articles/2101d0c70602da8e1180a7b3eee1d1c35395cec7,9/12(火) 15:13
satvv,病院事業や下水道事業の会計で不適切な予算の流用が監査委員の審査で明らかに　静岡市,https://news.yahoo.co.jp/articles/d20176e3906f1c7dabbd860a9b46f5a527a2213b,9/12(火) 14:56
satvv,バーでたまたま居合わせた男の顔を殴ったとして暴行容疑の建設作業員を逮捕　浜松市中区,https://news.yahoo.co.jp/articles/88cfe1828c5735c89ea7ee8d15e5e9e4753d2026,9/12(火) 13:07
satvv,諸子沢地区の地滑りについて「今後現地調査をして慎重に撤去へ」　静岡市葵区,https://news.yahoo.co.jp/articles/38835385575b2a3dfcfb8597661319e90ff3fa08,9/12(火) 12:10
satvv,自称フリージャーナリストの男を逮捕　75歳の男性をひき逃げした疑い　静岡・御前崎市,https://news.yahoo.co.jp/articles/294f02c20199b2197348658170db45c7bd40a577,9/12(火) 12:06
satvv,女性(48)を刃物で刺して殺そうとした兵庫県の男(27)を逮捕　女性の長男と長女が取り押さえる　女性は腹を刺され重症　静岡市葵区,https://news.yahoo.co.jp/articles/e7c4d6bf46f5de62ed798a1d048bc560b38dcab0,9/12(火) 12:03
satvv,48歳女性が刺され重傷…兵庫・豊岡市の27歳男を逮捕　取り押さえた14歳長男もけが　静岡市,https://news.yahoo.co.jp/articles/13cd5d7adf754206319579a4bd2a1a577560e447,9/12(火) 7:16
satvv,【速報】10日閉山した富士山で山岳遭難が発生。男性「足がけいれんして動けない」と救助要請。警察官7名が救助へ,https://news.yahoo.co.jp/articles/5f86db3a1213cbd160f4fcca66648f97b7ca20dc,9/12(火) 4:42
satvv,【速報】48歳の女性を刃物で刺したか…兵庫県の27歳の男を現行犯逮捕　14歳の少年も救急搬送　静岡市葵区,https://news.yahoo.co.jp/articles/73b90ce9a257e60ebc2f9a30726923def6ad3904,9/12(火) 0:17
satvv,リニアトンネル工事による発生土置き場の安全性について「河川管理者としての静岡県の責任は?」難波静岡市長が疑問を投げかける,https://news.yahoo.co.jp/articles/666462eee1c59cd3ffab467c858586cca6411ebd,9/11(月) 19:40
satvv,ドライバーの人材不足と高齢化　利用客の減少、燃料の高騰の中サービスの質を保てなくなったとして伊豆地域でタクシーが値上げ,https://news.yahoo.co.jp/articles/eb2adf0e8451fa7a572392b15e9cbf93fb98a98c,9/11(月) 19:30
satvv,富士山で小学5年生の児童8人が一時行方不明に　学校側が会見し謝罪　静岡市立西豊田小学校,https://news.yahoo.co.jp/articles/1615496f49b114c1f4908b9f328b57b6214d6abc,9/11(月) 19:24
satvv,大井川鉄道の全線復旧を求めて3万6000筆の署名を静岡県に提出　「大井川鉄道は公共交通機関であるだけでなく重要な観光資源」,https://news.yahoo.co.jp/articles/cea4a288fc749053632dcc39c84534b6f4781c8b,9/11(月) 19:21
satvv,「ホーユー」給食停止問題　調理員直接雇用などで一日も早い再開目指す　静岡県,https://news.yahoo.co.jp/articles/cb4210d26233bd800613ff36ea56ceba22920681,9/11(月) 19:17
satvv,7年ぶりに「静岡県知事・政令市市長会議」「人口減少」や「防災」について議論,https://news.yahoo.co.jp/articles/1c738e951ca591dbd5d62534f8ef794d98501215,9/11(月) 19:10
satvv,将軍謁見に向かう道中に…駿府の地で亡くなった琉球王子の法要　沖縄県副知事ら60人が参列　静岡市清水区,https://news.yahoo.co.jp/articles/da635321abe7f916226121634f70e801606d5248,9/11(月) 18:54
satvv,神奈川県の60代男性がドクターヘリで救急搬送　サーフィン中に意識不明に　静岡・下田市,https://news.yahoo.co.jp/articles/1ab8872ff2fde1b4575053f7c1e943b315c25080,9/11(月) 18:49
satvv,【速報　熱中症】静岡県内5人救急搬送　中等症1人、軽症4人　15歳と16歳の少年も　9月11日,https://news.yahoo.co.jp/articles/25bb7da725d5abc1584fa84dfddeb2989ceefee0,9/11(月) 18:12
satvv,「どうする投票率研究会」が初会合…課題は若年層　投票所にマルシェ設置し親子で来てもらうのは？　静岡市,https://news.yahoo.co.jp/articles/025a37eac9065355a07f3b0ccebf4540c76e9d83,9/11(月) 17:35
satvv,【速報】サーフィン中に60代男性が意識不明　ドクターヘリで救急搬送　静岡・下田市,https://news.yahoo.co.jp/articles/f5ed79b0991455d8b254bb9806f4a7a14fb62acb,9/11(月) 14:46
satvv,幻の藤井七冠の王位戦第6局　元外交官女性が考案「勝負メシ」1位のスイーツに込めた思い　静岡・牧之原市,https://news.yahoo.co.jp/articles/9fa11dfb17ec306bf2c353bf0fffd915b091309e,9/11(月) 13:40
satvv,市の特産品「アジの干物」のブランド化を目指して　静岡・沼津市,https://news.yahoo.co.jp/articles/88b628a85bb6ed8b23d4548a251ecedddf31131f,9/11(月) 12:07
satvv,福島から仕入れた種のヒマワリが見ごろに「福島ひまわり里親プロジェクト」　静岡・富士市　静岡郵便局,https://news.yahoo.co.jp/articles/6176f5a9781ab165ae3f04345013d0e49da87d5b,9/11(月) 12:03
satvv,ホーユーの調理員2人を静岡県が直接雇用して11日から給食を再開　県立焼津水産高校,https://news.yahoo.co.jp/articles/24386cff8d849222564ed0ee2eaa133dec0f2dd5,9/11(月) 12:00
satvv,診療行為と偽って少女にわいせつ行為をしたか…40代の小児科医師を強制わいせつの罪で起訴　静岡地検浜松支部,https://news.yahoo.co.jp/articles/2363b3bb393adaeaae0167b62f11c207fe0b19aa,9/11(月) 11:24
satvv,【16強決定】秋季高校野球静岡県大会、浜松開誠館や日大三島が快勝。150km右腕小船擁する知徳は常葉大橘に惜敗しセンバツは絶望的に,https://news.yahoo.co.jp/articles/1519f50f81169c32c34c3627475fdc44358ca4e8,9/10(日) 22:38
satvv,60代女性「登って改めてよい山だと思った」…富士山夏山シーズン終了　静岡県内の富士山3ルート閉鎖,https://news.yahoo.co.jp/articles/74a13204732f112a3eedc0948cc3c49531f9551b,9/10(日) 22:08
satvv,藤井聡太七冠がトークショー…友達になりたい駒は「桂馬」そのワケとは　悩みは「二度寝」？　静岡・牧之原市,https://news.yahoo.co.jp/articles/762c1f0f7a5cbc89b8f22b67e4345635a67a3e6a,9/10(日) 21:35
satvv,【深刻】「ごみがごみを呼ぶ」…富士山ごみ問題の現場　70代の山岳ガイドに密着　雨具にペットボトル、排泄物まで　静岡,https://news.yahoo.co.jp/articles/d71b8c7618e6c7a8e0c7503c45646fa24c6550dd,9/10(日) 19:05
satvv,目指せ「天城ドーム」…男子24、女子6チーム出場　静甲・静岡スバルカップ争奪ソフトボール大会開会　静岡・島田市,https://news.yahoo.co.jp/articles/65ebd079da755c5b366c79f9165b0fef974a6faa,9/10(日) 18:13
satvv,親子で釣り体験教室…「アジ9匹釣れた」「てんぷらにして食べる」　静岡市　清水港,https://news.yahoo.co.jp/articles/764f05ea50d7cbd55aec44fba9c27ca0bc7f52f9,9/10(日) 18:08
satvv,災害時にペットと一緒に避難…防災訓練で理解求める　半数近い避難所がペット受け入れ　静岡・熱海市,https://news.yahoo.co.jp/articles/a7051cf962c3bcb50c9542d6024d6d605a8274fb,9/10(日) 18:03
satvv,警察官に呼び止められ逃走…行き止まりで車乗り捨てさらに逃走 　一時不停止の疑いで男を現行犯逮捕　静岡市,https://news.yahoo.co.jp/articles/34433333cdab1f45bf4595cce724fcf0fc298f91,9/10(日) 16:59
satvv,シュノーケリングの男子大学生が溺れ、意識不明に…ライフセイバーが救助し意識回復　静岡・南伊豆町,https://news.yahoo.co.jp/articles/a1ffc9c96cc0234ae959b17cfb9ac3a37feb7c6f,9/10(日) 16:33
satvv,「別れたのだが、別れられない」　元交際相手にストーカーか…浜松市の20代の男を逮捕　静岡県警,https://news.yahoo.co.jp/articles/99f33ba65a073bdf74522f5e2eb3dc20c3cdd964,9/10(日) 15:23
satvv,止めに入った小学生にも暴行か…知人女性への傷害容疑で35歳の女を逮捕　静岡・磐田警察署,https://news.yahoo.co.jp/articles/ddad1c9b6a379739784291cf71a97c162ce1c40a,9/10(日) 15:09
satvv,あれから3カ月…気田川の氾濫で大きな被害を受けたキャンプ場は　復旧への大きな障害は2つ　新キャンプ場建設も…　浜松市,https://news.yahoo.co.jp/articles/41679bc3883ade4c543ac85bcb3b53f2820e6ca9,9/10(日) 13:46
satvv,【リニア】大井川流域の市町が「事務レベルの連絡調整会議設置」提案…JR東海も賛同　静岡市,https://news.yahoo.co.jp/articles/fbc08cc8af3ef1494b9d2d8492b1c55e641f21da,9/10(日) 12:16
satvv,歩道に乗り上げ73歳女性はねたか…乗用車運転の27歳の男を逮捕　女性は搬送先で死亡　静岡市,https://news.yahoo.co.jp/articles/ce38b7ae0eca10fea293ff161e9124ad48e19b54,9/10(日) 12:13
satvv,秋季高校野球静岡県大会1回戦結果：阪神・岩崎優の母校清水東が16強入り。夏準V東海大静岡翔洋は初出場・伊豆伊東をコールドで下す,https://news.yahoo.co.jp/articles/f368de3c9fd13cfaf4d5c61ff26951e24070516d,9/9(土) 23:22
satvv,【J2】清水エスパルスが前半だけで3発!3試合ぶり勝点3！背番号33、出場停止明け・乾貴士が2得点に絡む活躍,https://news.yahoo.co.jp/articles/76d4d552ba1d01456f25bcc1753b156cb491566b,9/9(土) 22:54
satvv,【J2】ジュビロ磐田がラストプレーで決勝点！最下位・大宮に逆転勝ちで2位を死守。藤川がまたも大仕事。,https://news.yahoo.co.jp/articles/bfa04ba9b64474d8042ecb0f5fa4489d0925d751,9/9(土) 22:25
satvv,1人で富士登山をしていた男性(62)が突然倒れ、静岡県警の山岳救助隊に救助されたものの意識不明の重体,https://news.yahoo.co.jp/articles/503d30da8b8b03c8aef0f49c56942a37bff33fcb,9/9(土) 18:38
satvv,遺体収容所設置訓練　遺体の洗浄、死因の特定から身元確認、安置までダミー人形を使って　静岡・松崎町,https://news.yahoo.co.jp/articles/779749c6d9cb21b244511b49df325bfae68c80df,9/9(土) 18:20
satvv,水道や電気が使えない災害時の調理法を学ぶセミナー　静岡・富士市,https://news.yahoo.co.jp/articles/18870bb10f0f1158fd5073f52d1a0d45f9420fe7,9/9(土) 18:15
satvv,稲取に伝わる大漁を願う伝統行事「はんまあさま」作りを子どもたちに伝える　静岡・東伊豆町,https://news.yahoo.co.jp/articles/63cbb325341c6f24c0c812207727b7ea7da0df06,9/9(土) 18:11
satvv,赤い羽根共同募金の寄付で作られた誕生日ケーキをプレゼント　静岡市の子ども食堂「しずおかキッズカフェ」,https://news.yahoo.co.jp/articles/1d273d6f0c96d37f25fbaa4164da9ddc660ef302,9/9(土) 18:08
satvv,車が歩道に乗り上げ歩行者の女性をはねる　女性は意識不明の重体　警察は運転手の男を過失運転致傷の疑いで現行犯逮捕　静岡市葵区,https://news.yahoo.co.jp/articles/2507f092f6acedddb7724ef5524fcf2a97e38904,9/9(土) 17:07
satvv,【阪神】優勝マジック10！今季30セーブの守護神・岩崎優独占インタビュー。元日本代表・乾貴士も激励、清水エスパルス愛も披露,https://news.yahoo.co.jp/articles/051a1a9b88f12ef35b4c19cd621007feac008872,9/9(土) 14:20
satvv,子どもたちが制作する地域情報誌「KURURA」が「ふじのくに地域共生大賞」の最優秀賞を受賞　静岡・伊豆市,https://news.yahoo.co.jp/articles/d487d9791c5c8d2d38f21f27fa59d2fc0cf07c2b,9/9(土) 12:33
satvv,「安倍川橋」建設100周年記念展示会　当時の最新技術や建設の背景ストーリーなどを紹介　静岡市歴史博物館,https://news.yahoo.co.jp/articles/a7c86ff186f33d0d1d99118bc176c31f4f50afa2,9/9(土) 12:29
satvv,また橋の名前のプレート盗まれる袋井市で2カ所6枚　静岡県西部で被害相次ぐ,https://news.yahoo.co.jp/articles/23807ae2b35138b020439ebf187b629870418285,9/9(土) 12:24
satvv,【新型コロナ】静岡県1日推計3300人感染…感染拡大続く　全保健所管内で「警報レベル」　（8月28日～9月3日）,https://news.yahoo.co.jp/articles/48416c0c7dfae6884dc07689e430fee9c61e4e5e,9/8(金) 22:13
satvv,「値上げの波」止まらず…おにぎり屋さん「上がっていない具材はない」　仕入れ値2倍…メニューから外すか悩んだ具材も　静岡市,https://news.yahoo.co.jp/articles/7f995d64b1f4840949c99544b457ec0486d1c05e,9/8(金) 20:55
satvv,いまが売り時？　金が過去最高値…買い取り専門店には多くの客が　静岡市,https://news.yahoo.co.jp/articles/c2dcc24e6b6b2a2a2a84b26ba757fae2b5a0c7c8,9/8(金) 20:29
satvv,生まれ変わる港町・清水　「河岸の市」が「駿河湾フェリー乗り場」が　さらに…,https://news.yahoo.co.jp/articles/8c2745f7878d11de2f8374ad89dbde33883662e6,9/8(金) 19:59
satvv,中山真珠県議の辞職願を6日付けで正式に受理　静岡県議会　辞職願は6日付で議長あてに郵送され議長が8日に確認,https://news.yahoo.co.jp/articles/917edb5799151fdf235ab9b042c8b793c97f4b71,9/8(金) 19:53
satvv,71歳の男が妻の首を絞めて殺害しようとした事件　妻が搬送先の病院で死亡　容疑を殺人に切り替えて動機などを追及　静岡・熱海市,https://news.yahoo.co.jp/articles/adb55744619bbe8701060e58f0ac49e2cb083333,9/8(金) 19:49
satvv,触ってご利益も？…25億円の巨大金塊に注目　金は過去最高値…18年前は4億円　静岡・伊豆市　土肥金山,https://news.yahoo.co.jp/articles/5ac7e6315080b8b4d8ed3cc0fdf954a2e86ae9f4,9/8(金) 19:48
satvv,台風13号【中継・帰宅時間のピークを迎えるJR静岡駅】,https://news.yahoo.co.jp/articles/f49817e56f4061c5a39680254b932e39e08c3097,9/8(金) 19:47
satvv,台風13号【中継・台風が接近しているマリンパーク御前崎】,https://news.yahoo.co.jp/articles/14e98e4b1a027c2f46681d3a31234e55c2a7511c,9/8(金) 19:41
satvv,【台風13号】9月8日の台風近づく静岡の一日,https://news.yahoo.co.jp/articles/5c81e711d0b5c846840fc627064b824cfbdaa8b4,9/8(金) 19:35
satvv,【台風13号】勢力弱め上陸前に熱帯低気圧に変わる見込み　土砂災害や急な雨には引き続き注意を,https://news.yahoo.co.jp/articles/d13a82e3716a071327bdd38eec5e02f40352a829,9/8(金) 19:30
satvv,トヨタが地元で雪辱を果たせるか…FIA世界耐久選手権富士6時間耐久レース　静岡・小山町　富士スピードウェイ,https://news.yahoo.co.jp/articles/b67ff623bbd9de81df4a35b145a9ff411d0679cf,9/8(金) 18:58
satvv,百条委員会の設置議案否決　認定こども園再編を巡り　静岡・御前崎市議会,https://news.yahoo.co.jp/articles/b4139779e509471f7832dd55223393f62fbb3c5f,9/8(金) 18:54
satvv,【速報】JR東海道線　静岡～富士間上り線も運転再開,https://news.yahoo.co.jp/articles/ac01a11740267da8670e59f085f3dd1edf9ee471,9/8(金) 18:52
satvv,静岡県警が警察官3人を懲戒免職処分に　窃盗や覚せい剤使用で逮捕・起訴されいずれも容疑認める,https://news.yahoo.co.jp/articles/587775b1e998be892b07fbd2f9faa887a388e872,9/8(金) 18:42
satvv,【速報】JR東海道線　静岡～富士間下り線のみ運転再開,https://news.yahoo.co.jp/articles/0ca4174e43f0d4c128d64503294ddf78b90c34e4,9/8(金) 18:24
satvv,【速報】JR東海道線は静岡～富士間で上下線とも運転見合わせ,https://news.yahoo.co.jp/articles/bc8ac64694ffd1fb0fdd877494d742dd89cdad00,9/8(金) 16:45
satvv,ガソリン高騰でクリーニング店も『死活問題』　「ガソリンはすぐ値上げするがクリーニング代に転嫁できない」　静岡市,https://news.yahoo.co.jp/articles/cd6dc529005675e74f7955fdbc02956be52b38ac,9/8(金) 15:41
satvv,【速報】窃盗や覚醒剤使用などの警察官3人を懲戒免職　静岡県警,https://news.yahoo.co.jp/articles/afe3c06f7884e82cd6135d004ae216efac10eecf,9/8(金) 15:19
satvv,【速報】『無免許運転』中山真珠静岡県議の辞職を許可,https://news.yahoo.co.jp/articles/45cc2b1ba9443703dac1d5d73c42a852434aff77,9/8(金) 13:06
satvv,パソコンに少年の裸の写真…31歳の男を再逮捕　ほかにも同様の写真を確認…ほとんどが男の子　静岡・裾野警察署,https://news.yahoo.co.jp/articles/16bd8fb64085cdf405fb4b663da5a1a85138cbc5,9/8(金) 12:54
satvv,台風13号【中継・JR静岡駅】,https://news.yahoo.co.jp/articles/5b28d235bfde67cae7eae45abbf7bae9d83cbb87,9/8(金) 12:10
satvv,台風13号【中継・静岡市用宗海岸】,https://news.yahoo.co.jp/articles/b45083b6f87e96a53e0f001913a6e38a99ac5d5a,9/8(金) 12:06
satvv,【台風13号】8日夜静岡県内に上陸する恐れ　南伊豆町の3850世帯に「高齢者等避難」発令　西伊豆町など2600世帯で停電,https://news.yahoo.co.jp/articles/c116ef204c6f6d48d733eea6976d8b8e5378103a,9/8(金) 12:03
satvv,71歳の男を殺人未遂容疑で緊急逮捕…「妻の首を絞めた」と自ら通報　妻は意識不明の重体　静岡・熱海市,https://news.yahoo.co.jp/articles/2f6b301c067064393cfc90187d11f7be6e0ec1da,9/7(木) 22:35
satvv,73歳の男が下半身露出か…公然わいせつ容疑で逮捕　目撃者からの通報で発覚　男は容疑を否認　静岡市,https://news.yahoo.co.jp/articles/70a7ca07a6860915cb2a397ac80c50a60739396e,9/7(木) 22:10
satvv,左折の大型トラックが自転車を巻き込む…44歳の公務員の男性が死亡　トラック運転手の68歳の男を現行犯逮捕　浜松市,https://news.yahoo.co.jp/articles/d9cc3d2ce3cd99dd73fcffad1633db72a01fa71a,9/7(木) 21:45
satvv,「犯行は巧妙で悪質」…重機を盗んだとされる男に懲役2年6ヵ月を求刑　弁護側は執行猶予付き判決を求める　静岡地裁,https://news.yahoo.co.jp/articles/b3f2f539ad4c974cfd1796590938722166d383c0,9/7(木) 21:32
satvv,給食停止の現場…教員「突然でびっくり」　校長「相談は1度もない」　初日は備蓄の「防災食」食べ、翌日以降はお弁当持参　静岡県,https://news.yahoo.co.jp/articles/83d1485d9eb461704d2fa901fd59e49b2a3cdb6b,9/7(木) 21:05
satvv,店頭に並ばない未活用魚を知って…園児が水産業者から教わる　小さいアジの揚げ物に「身はふわふわで、外はカリカリ」　静岡・熱海市,https://news.yahoo.co.jp/articles/8133abcf629af0fe66b2e22e13e66c992782578d,9/7(木) 20:43
satvv,伊豆西海岸への陸路寸断を想定…緊急支援物資を海から運ぶ訓練　着岸できるのは土肥港、松崎新港、下田港　静岡,https://news.yahoo.co.jp/articles/a6410ebf8e282d29b930b3eedd59309c028b2e20,9/7(木) 20:35
satvv,【ビッグモーター】店舗前から除草剤の成分検出…静岡県が警察に被害届　店側は県の聞き取りに除草剤使用を否定　静岡・富士市,https://news.yahoo.co.jp/articles/ddad9fd004075c4740c86a35f365d963afaee5fc,9/7(木) 20:27
satvv,児童「想像以上に重かった」…東京パラリンピック・パワーリフティングの金メダリストらと交流　静岡・富士市,https://news.yahoo.co.jp/articles/4880af975b36907bd8cbc86c9b00cdb51ba7536e,9/7(木) 20:23
satvv,通報で駆け付けた警察官の頭を殴ったか…公務執行妨害の疑いで60歳の男を現行犯逮捕　静岡・伊東市,https://news.yahoo.co.jp/articles/9486df1e32447ce8c72bdeb66938f684a7f0a744,9/7(木) 20:15
satvv,原因は人権意識の欠如…対策は防犯カメラの設置や研修会の実施　園児虐待が発覚したさくら保育園の最終報告書を受理　静岡・裾野市,https://news.yahoo.co.jp/articles/f353fe4a207a4715ad2d7948e46cd9e86433d1d5,9/7(木) 19:46
satvv,映像を活用した誘客は…観光と地域活性化について協議　東海3県2市知事市長会議　浜松市,https://news.yahoo.co.jp/articles/dd3afaed2a0d2c00a4a168f3eb9b32408b9c9737,9/7(木) 19:41
satvv,【袴田事件】静岡地検に有罪立証取り下げ求める　弁護団「ねつ造の主張に反論できないなら潔く断念すべき」,https://news.yahoo.co.jp/articles/5aee341f44ed72e4d0c2ee889d6e9f431d2a4aa3,9/7(木) 19:35
satvv,『無免許運転』中山真珠静岡県議が辞職願　各会派は…,https://news.yahoo.co.jp/articles/dfcc75a73a0615b29a7d48b6773b19d34a4c8a38,9/7(木) 19:25
satvv,【台風13号】静岡県内あす警報級の大雨も…夕方に「県内に上陸する恐れ」も,https://news.yahoo.co.jp/articles/a861f0800a0b72a8b9793253241da17820ed8c79,9/7(木) 19:00
satvv,【台風13号】東海道新幹線が8日始発から運転見合わせの可能性　JR東海が発表　7日午後6時半,https://news.yahoo.co.jp/articles/7c9bab984f8d06dceeb4893a22f8e70fabb93c95,9/7(木) 18:49
satvv,【台風13号】新東名高速　浜松いなさJCT～新城IC　あす8日午後通行止めの可能性　中日本高速が発表,https://news.yahoo.co.jp/articles/6079fd68044f287e4aa50a5e4fbcc8fc03c9edb2,9/7(木) 18:25
satvv,【速報】静岡県が警察に「被害届」　ビッグモーター店舗前の土壌から除草剤検出で,https://news.yahoo.co.jp/articles/3cda8e2471aaeaad12aeef0efd6e451e54d2f172,9/7(木) 14:01
satvv,【台風13号】東海道新幹線は8日午前中心に運休や遅れの恐れも　JR東海が発表,https://news.yahoo.co.jp/articles/819f2a6255667ad5a25e01e10c06ac4c1b4a3698,9/7(木) 13:48
satvv,【続報】意識不明で搬送の女性が死亡　海に浮いているのを観光客が見つける　静岡・熱海市,https://news.yahoo.co.jp/articles/cfc12efc7ab16396b077f9ec89a0f5698b7aa159,9/7(木) 13:32
satvv,【速報】観光客が海に浮いている50代くらいの女性を発見…救急搬送時には意識なし　静岡・熱海市,https://news.yahoo.co.jp/articles/48de6a02c8d6231a7fd976f13e5ed01e488593b7,9/7(木) 12:52
satvv,金属回収業者に売却か…側溝の金属製のふた120枚を盗んだ疑い　32歳の会社員の男を逮捕　静岡・島田市,https://news.yahoo.co.jp/articles/1ed80717ecc5a7d2f19736aff22e394d210e8c3d,9/7(木) 12:26
satvv,【リニア】静岡・難波市長が県の姿勢に疑問　発生土置き場に関し「JR東海に対処だけ求めるのは…」,https://news.yahoo.co.jp/articles/67f986e08d68d0944fd310ade299074dadacde67,9/7(木) 12:13
satvv,【台風13号】静岡県…あす8日は「警報級の大雨」も,https://news.yahoo.co.jp/articles/a9ef95505aa5669c10f7dd95a538efd64bba0dbc,9/7(木) 11:54
satvv,護岸工事後に井戸枯れ！？　国交省が調査始める　9月末頃メドに住民説明会開催へ　静岡・島田市,https://news.yahoo.co.jp/articles/66828eec4771d80ff8c9b0e716c025ec34daaf99,9/7(木) 11:27
satvv,ホテルの駐車場と勘違いして止めたら…車にスプレーで『駐車に対する警告』書かれ　65歳男を器物損壊容疑で逮捕　静岡・掛川市,https://news.yahoo.co.jp/articles/cf77a0019d98611c3a021d752d974c78c2e5f6d5,9/6(水) 22:46
satvv,キャッシュカード詐欺相次ぐ浜松市…新たに3件を確認　計1000万円引き出される,https://news.yahoo.co.jp/articles/4efb0b82de862838935acddac5626abb22e56628,9/6(水) 21:53
satvv,幻の王位戦第6局の地で将棋の藤井聡太七冠がトークショー　地元は「勝負メシ」で盛り上がり　静岡・牧之原市,https://news.yahoo.co.jp/articles/d8e10edadedc81801c67f4812a7dfcc017f9866a,9/6(水) 21:22
satvv,20代女性にわいせつ行為か…51歳のインド人の男を逮捕　容疑は否認　静岡県警,https://news.yahoo.co.jp/articles/349aae66caaf406fb0b68361026e4d4280dc8369,9/6(水) 21:18
satvv,無免許の中山真珠静岡県議が辞職願　中沢議長「粛々と手続きする」,https://news.yahoo.co.jp/articles/fedb74049b3a25dbe9f083a7fdc94fd0efd02b8e,9/6(水) 20:16
satvv,「自転車は早めのライトオンにヘルメット着用を」　警察官が街頭指導　静岡・袋井市,https://news.yahoo.co.jp/articles/370adeae23540dd1ef65b77bc684b32e535cdc8d,9/6(水) 19:49
satvv,7日午前にかけ「線状降水帯」発生の恐れも　静岡県への台風13号の最接近は8日夕方から夜遅くか,https://news.yahoo.co.jp/articles/afc3cb88a88558fd77e72e453424edd129d9aaf3,9/6(水) 19:44
satvv,「南海トラフで1000万人住む場所がなくなる」耐震化の必要性訴える…名古屋大の福和伸夫名誉教授が講演　静岡市,https://news.yahoo.co.jp/articles/b2482d390facea4a9067e4f65a12d8d88c203ac3,9/6(水) 19:23
satvv,静岡・川勝知事が自らの「給与返上の条例案」の説明に各会派周り　「コシヒカリ発言」のペナルティー,https://news.yahoo.co.jp/articles/f52d639cc77fe06f47369ae9761d3c78ca15e564,9/6(水) 19:21
satvv,「南海トラフで1000万人住む場所がなくなる」耐震化の必要性訴える…名古屋大の福和伸夫名誉教授が講演　静岡市,https://news.yahoo.co.jp/articles/a311f9c782878c054e6f1bb867bb8998408be15a,9/6(水) 19:14
satvv,「無免許運転」で辞職願提出の中山真珠静岡県議がコメント　「自分を見失っていた」,https://news.yahoo.co.jp/articles/c1067f764cf2192d51f5389ad0552d2a19bae56c,9/6(水) 18:50
satvv,【速報】「無免許」中山真珠静岡県議が辞職願,https://news.yahoo.co.jp/articles/a7212665272075975e4b1f2df5c0be9770ec8a22,9/6(水) 17:50
satvv,出入り業者が女子更衣室に　43歳の男を建造物侵入容疑で逮捕　静岡・森町,https://news.yahoo.co.jp/articles/a12c6947e919e6bc363fc72a640df8854316f29d,9/6(水) 14:54
satvv,自ら飛び込んだか…男性が貨物列車にはねられ死亡　東海道線の一部区間が一時運転見合わせ　静岡・富士市,https://news.yahoo.co.jp/articles/8d808d0523783b0c6a33a31348874756ccdd2431,9/6(水) 14:25
satvv,業者と連絡取れず…静岡県内5校が「給食中止」　当面は弁当持参で…,https://news.yahoo.co.jp/articles/1e0c8d8b918f6b50e17c1e38af1f040d0e168b8e,9/6(水) 14:14
satvv,家宅捜索で「動画」見つかり…43歳の医師3回目の逮捕　診療行為装いわいせつ行為か　医師は『黙秘』　静岡・掛川警察署,https://news.yahoo.co.jp/articles/7834193b0b2010adeb69ec6febefcc43be0e734d,9/6(水) 14:02
satvv,トイレ個室内の男児を盗撮か…30歳の無職の男を逮捕　「子どもが盗撮されたようだ」と通報　静岡・焼津市,https://news.yahoo.co.jp/articles/933da28a5e4c943ad8bc35256ffdcaa3104dfaa4,9/6(水) 13:41
satvv,【速報】JR東海道線　沼津～富士間運転再開　6日午後0時51分,https://news.yahoo.co.jp/articles/fc4da24ec10e9ec3a80409d070ed08b9a4bbefda,9/6(水) 13:06
satvv,「お金を払ってくれない」と店から110番　飲食店で店員に暴行か…男2人を現行犯逮捕　静岡中央警察署,https://news.yahoo.co.jp/articles/19cb87c01ea369c4208a79c19f7386d1e22eb9b1,9/6(水) 12:24
satvv,静岡県6日昼過ぎ～7日明け方に激しい雨　台風13号の県内最接近は8日夕方から夜遅くか,https://news.yahoo.co.jp/articles/b7d6a5ae389ee289c85f04fca7828822136a5978,9/6(水) 12:01
satvv,【速報】JR東海道線　沼津～富士間運転見合わせ　6日午前11時30分現在,https://news.yahoo.co.jp/articles/bd1c1b777c743b35abc7292ea25d4251eb9c175b,9/6(水) 11:36
satvv,「疲れて足が動かない」　富士山『弾丸登山』で下山中の55歳男性を警察官が救助　静岡　富士山御殿場口,https://news.yahoo.co.jp/articles/9f006ce95f3637a6ef0b0a51f94cdcd61709e292,9/5(火) 22:20
satvv,木造平屋建ての住宅が全焼…焼け跡から遺体　70代男性と連絡取れず　静岡・湖西市,https://news.yahoo.co.jp/articles/b7754c29edff80a22503ffa8c665a7b198d2a655,9/5(火) 21:40
satvv,「教育公務員として許し難い行為」…痴漢行為で逮捕の男性教諭を停職6カ月　静岡市教育委員会,https://news.yahoo.co.jp/articles/00ed1287ca5710d67a2126f4b433bc10b618ce7e,9/5(火) 21:28
satvv,静岡県市長会が県の来年度予算に対する要望内容を協議　最大の課題は「自然災害の対応」,https://news.yahoo.co.jp/articles/f93d809b3a491d2f621b7706a5178da7b844e52d,9/5(火) 21:17
satvv,「海水温の上昇」も原因の一つか…サンマが高騰　水温上昇は静岡県のシラス漁にも影響　静岡,https://news.yahoo.co.jp/articles/8dfbf5c24ccfff3ca20fa3542760c59e938c14f6,9/5(火) 20:34
satvv,29人死傷観光バス横転事故　遺族が公判で実刑判決を求め検察は禁錮4年6カ月を求刑,https://news.yahoo.co.jp/articles/83b6015250570370cea01cc0d26f7a5cb2f22bba,9/5(火) 19:39
satvv,ビッグモーター除草剤問題で静岡県知事、富士市長、浜松市長の発言は,https://news.yahoo.co.jp/articles/df8804a8937e8f4ea9e11dffc94703eb14b954c3,9/5(火) 19:35
satvv,同居の小学生女児にわいせつ行為か…40歳の男を逮捕　児童相談所が警察に相談,https://news.yahoo.co.jp/articles/4ef1cb175e4f097c0a5ed0a182db937e324b30ff,9/5(火) 19:34
satvv,送迎用バスの安全装置の設置率は静岡県全体で53% 障害児童が通う施設の設置率が伸びず,https://news.yahoo.co.jp/articles/f7f91aa46b404ead3ff89bc5b9388c80f2c05bd4,9/5(火) 19:31
satvv,1年前に最愛の娘を突然失った遺族の思いは,https://news.yahoo.co.jp/articles/8eb4cc8abedd94a12dffd8831fa1f1fc18fa425b,9/5(火) 19:20
satvv,【中継】川崎幼稚園の駐車場から,https://news.yahoo.co.jp/articles/4afa4fafc64ea00831869f08f0b6fe21099143d6,9/5(火) 19:07
satvv,河本千奈ちゃんがバスに置き去りにされ死亡した事件から1年　川崎幼稚園には多くの人が献花に,https://news.yahoo.co.jp/articles/51877a4e8c7ccd59629ce32b43b92ec0378b3054,9/5(火) 19:04
satvv,口座には数億円の入金記録…無登録で金融商品取引業営んだ疑い　30代男女を逮捕　詐欺容疑視野に余罪を捜査　静岡県警,https://news.yahoo.co.jp/articles/e6309724d23e534c34ced8589c74907133946896,9/5(火) 18:59
satvv,国の有形文化財「安倍川橋」に落書き　40万円かけて除去作業始まる　静岡市,https://news.yahoo.co.jp/articles/bf17dda3f86c12624d285912e7ef3b59ea7faacf,9/5(火) 18:51
satvv,【速報　熱中症】運動中の12歳の2人も…静岡県内15人救急搬送　中等症3人、軽症12人　/9月5日,https://news.yahoo.co.jp/articles/1dc31d829334d722815f33da0fa088f644fdb0ca,9/5(火) 18:00
satvv,居合わせたサーファーの心臓マッサージで意識回復　遊泳中の大学生が一時意識不明に　静岡・下田市,https://news.yahoo.co.jp/articles/0401929f191204fd8642dd3224843283ae578b70,9/5(火) 16:55
satvv,【ビッグモーター】社長が社員に向けメール　各店舗に利益上積み求める…「給与補填の継続難しい」,https://news.yahoo.co.jp/articles/94def8b9c2446b05f8c0c22de0ce553b1d6890ac,9/5(火) 16:01
satvv,【地震速報】関東で震度3の地震を観測,https://news.yahoo.co.jp/articles/0c907640011fbce0802e9d9e22246d033179e493,9/5(火) 13:49
satvv,【地震速報】関東地方で震度2　熱海市や伊豆市などでも震度1を観測,https://news.yahoo.co.jp/articles/edee1c82b573d486e0374a98940cf98523022d5b,9/5(火) 13:46
satvv,旧優生保護法で不妊手術を強制　原告の全盲女性「国は間違い認めて」　静岡地裁浜松支部,https://news.yahoo.co.jp/articles/e98fbebedcb10e0876c222094bcbffee709a6f16,9/5(火) 12:21
satvv,3歳女児送迎バス置き去り死事件から1年　幼稚園には献花に訪れる人の姿が　静岡・牧之原市,https://news.yahoo.co.jp/articles/cd1d9fdcd4dd9c2851f739379f793de73e272c30,9/5(火) 12:07
satvv,「還付金がある」…うその電話で浜松市の70代女性からキャッシュカードだまし取ったか　札幌市の48歳の女を逮捕,https://news.yahoo.co.jp/articles/d6d7d2ae8d716d1b69ab9050ce0e44b6e2f16109,9/5(火) 11:41
satvv,焼津市の事業者輸入の赤貝から基準値超の腸炎ビブリオ検出,https://news.yahoo.co.jp/articles/a36969fa2d55accd15ca3dc6a917bc6ff46bb0f8,9/4(月) 21:15
satvv,横断歩道で小学校1年の男児がはねられ大けが　乗用車を運転していた男を過失運転致傷の疑いで現行犯逮捕　静岡・清水町,https://news.yahoo.co.jp/articles/c0364dd25ea88da9f30467e3660d92e2b9106811,9/4(月) 20:39
satvv,浜田防衛大臣と西村環境大臣に有機フッ素化合物問題への協力を要請　浜松市中野祐介市長,https://news.yahoo.co.jp/articles/9fccb358b1d53050d690dd5c419ca9a9242f8bd6,9/4(月) 20:01
satvv,静岡県総合防災訓練　湖西市では自衛隊ヘリによる救出訓練　浜松市では大量の支援物資の配送訓練を実施,https://news.yahoo.co.jp/articles/efbbcaba730b485755d23bd13d155ac333dce6ae,9/4(月) 19:52
satvv,警戒区域が解除された伊豆山地区を川勝平太知事が視察　復興に全力を尽くすことを約束　静岡・熱海市,https://news.yahoo.co.jp/articles/1bad92990c1736f5b76e54bc01db0380bcd5179d,9/4(月) 19:44
satvv,安全装置の義務化など送迎バスをめぐる安全への取り組みの変化～静岡市の幼稚園では,https://news.yahoo.co.jp/articles/1f9abc1040362e377f9b390dda83410b130bd521,9/4(月) 19:36
satvv,【速報】秋季高校野球静岡県大会の組み合わせ決まる。2季連続甲子園めざす浜松開誠館は初戦で清水桜が丘と富士の勝者と対戦へ,https://news.yahoo.co.jp/articles/534d8c8544d0f8e7ad784dd4950ef49534184130,9/4(月) 16:12
satvv,道路を横断していた高齢男性がはねられ重傷の模様　静岡・島田市,https://news.yahoo.co.jp/articles/0f30c4729f79701e05238c14684059313c2f43a0,9/4(月) 16:09
satvv,V22オスプレイが静岡県焼津市の航空自衛隊静浜基地に予防着陸　動力系統に異常か　機体の損傷けが人なし,https://news.yahoo.co.jp/articles/a07dd3f655801cc4312258daf7b47c9d53c0bf32,9/4(月) 15:39
satvv,ヒツジと一緒にかけっこレース　静岡・富士宮市「まかいの牧場」,https://news.yahoo.co.jp/articles/9551d038a3893b518acda535070aa2e9fb2fa6a8,9/4(月) 12:20
satvv,富士山の噴火や崩落の歴史を地層から学ぶ企画展　今後発生しうる現象についても考える　静岡・富士宮市「富士山世界遺産センター」,https://news.yahoo.co.jp/articles/3cbe1eac6aafdc837590958554cf9f30f92e50b7,9/4(月) 12:17
satvv,豪雨被害の復旧費や対策費など一般会計で84億円あまりの9月補正予算案を発表　浜松市,https://news.yahoo.co.jp/articles/c0f333d2a78772a452017f75d6dead1c90fc0722,9/4(月) 12:13
satvv,心肺停止の大学生が偶然居合わせた東京消防庁職員の救命措置で意識回復　離岸流により沖に流され…　静岡・下田市,https://news.yahoo.co.jp/articles/d13c47966fda407a2a5f3352a54ff9b49c09df65,9/3(日) 21:03
satvv,【速報】清水エスパルス勝てば昇格圏浮上も、2試合連続ドロー！17位徳島と分ける。,https://news.yahoo.co.jp/articles/39e3546807a233383470e082a0b723251098711a,9/3(日) 20:06
satvv,一夜限りの「反射炉ビヤガー電車」4種類のクラフトビールが飲み放題　120人の乗客が過行く夏の伊豆を満喫　静岡・伊豆箱根鉄道,https://news.yahoo.co.jp/articles/92280e2d46e31d44adb09902a98c465fb7e147e7,9/3(日) 18:13
satvv,「熱海土石流災害の問題性と盛土規制法をめぐって」日本住宅会議が熱海市でセミナーを開催,https://news.yahoo.co.jp/articles/af96805ee1c23408299274850566a6ba83110688,9/3(日) 18:09
satvv,静岡県総合防災訓練　浜松市と湖西市をメイン会場に警察や自衛隊など2万人が参加,https://news.yahoo.co.jp/articles/39f9253b875ca9b4c9f1af58991d8600b186765b,9/3(日) 18:06
satvv,静岡県総合防災訓練～湖西市・浜松市のメイン会場　大型ヘリコプター使用の救助訓練など実施,https://news.yahoo.co.jp/articles/1e43a07140d6a1f3a16b0fe4ea972cba39ca451c,9/3(日) 12:12
satvv,94歳の男性が運転する車が理容店に突っ込む　反転しようとして運転誤ったか　静岡・掛川市,https://news.yahoo.co.jp/articles/e2752cff0c55f72bead607d425bd879d52358399,9/3(日) 10:30
satvv,酒気帯び運転でカーブミラーに衝突し車を横転させる事故を起こした男を現行犯逮捕　静岡市葵区,https://news.yahoo.co.jp/articles/6cb954ae3364a40e0806754742be0338794df829,9/3(日) 10:03
satvv,【速報】2位ジュビロ磐田、土壇場で秋田に追いつきドロー！　途中出場・藤川虎太朗が超絶ミドル弾,https://news.yahoo.co.jp/articles/89647d5944d7ae92f67c12bb6826aad845442e3c,9/2(土) 21:07
satvv,B2参戦…プロバスケ「ベルテックス静岡」壮行会　加納主将「ワールドカップ追い風に静岡を盛り上げたい」,https://news.yahoo.co.jp/articles/fc1d7e19c7d659725f90932e6d6cbf5ecfae6dc9,9/2(土) 18:33
satvv,オートキャンプ場にお茶セットを…ドローン配送の実証実験　災害時の孤立地区支援にも期待　静岡・川根本町,https://news.yahoo.co.jp/articles/24911cb2720f40589356f92db6f94554f0e55095,9/2(土) 18:29
satvv,静岡市が一般会計41億円余りの9月補正予算案提出へ　台風2号の復旧費9億6650万円など,https://news.yahoo.co.jp/articles/30ae0d1a35496993b385131c5ce74496375e5bd5,9/2(土) 18:27
satvv,「車が川に落ちている」通行人から110番通報　高齢男性を救急搬送するも死亡　静岡・焼津市,https://news.yahoo.co.jp/articles/5d1a0f3abddbdf341433b4543e9d05033b099cab,9/2(土) 17:55
satvv,静岡大と浜松医大の統合準備室の規模縮小へ…子ども家庭部移転の影響で　浜松市,https://news.yahoo.co.jp/articles/e5bc94526ea54dad16175a900eadf42835342c23,9/2(土) 16:18
satvv,人身事故多発…14年連続で政令市ワースト1位　汚名返上へ…AIで『危険度予測マップ』作成しHPで公開　浜松市,https://news.yahoo.co.jp/articles/4e4d0fb917b9655684a6377de66d5f7835f6cb76,9/2(土) 15:49
satvv,女子7人制ラグビー「アザレア・セブン」のヘッドコーチに清原祥氏　静岡・袋井市のエコパ拠点,https://news.yahoo.co.jp/articles/2daf1d2162ce64e004279910e4272b0888a9dec5,9/2(土) 14:31
satvv,被害者は全員『浜松市中区』の『80代女性』　2日間で7件の詐欺電話…キャッシュカードだまし取られ総額630万円引き出される,https://news.yahoo.co.jp/articles/8bc66f9b91f6dc2e94c6cf87c91e72daf2b469ec,9/2(土) 14:06
satvv,女子高校生にみだらな行為か…28歳の男を不同意性交等の疑いで逮捕　静岡県警,https://news.yahoo.co.jp/articles/189baaf247ce8bbc9e505357c1b99e2afe69e028,9/2(土) 13:13
satvv,小銭しかもっていないのに…チークブラシやメイク道具など6500円分万引きしたか　41歳の無職の女を逮捕　静岡・富士市,https://news.yahoo.co.jp/articles/b7467f3b209b6741837eaeaade20b234c4ff8938,9/2(土) 12:46
satvv,静岡県の小・中学生は過去最少、高校生も7年連続の減少,https://news.yahoo.co.jp/articles/d1b02f890d07a0e52f95b8c44cc9ce463edd8014,9/2(土) 12:29
satvv,大規模地震の際に緊急車両を走らせるため…がれきをどかして道路を通す訓練　静岡・富士市,https://news.yahoo.co.jp/articles/fb74fdc2d403a058a6538176a4c7de3084d5abb1,9/2(土) 12:14
satvv,落書き事件相次ぐ静岡市…新たに安倍川橋で3カ所　大きいものは幅6メートル…警察に被害届,https://news.yahoo.co.jp/articles/5c897c05bc9c029286f893e9b5b1421147c85b7c,9/2(土) 12:05
satvv,夜中の中学校…プールで泳いでいた22歳男性が死亡　体育館でスポーツをした後プールに入ったか　静岡・湖西市,https://news.yahoo.co.jp/articles/885039784f6cb0d1eadb7f7cbf36d4c78f469e3b,9/2(土) 11:18
satvv,市内の死者・行方不明者100人…大津波で大きな被害　関東大震災から100年　静岡・伊東市で被害伝える特別展,https://news.yahoo.co.jp/articles/c5821f33d91a453c45323056adba85d11373753a,9/2(土) 11:07
satvv,マンション1室が焼け、焼け跡から男性の遺体　住人の80代男性と連絡取れず　静岡・清水町,https://news.yahoo.co.jp/articles/685aac2bfcf47d9bcb6bdf37cf527da355a688db,9/2(土) 10:52
satvv,「声をかけたが意識がない」…富士山頂付近で倒れている登山者　警察官が8合目の衛生センターに搬送も死亡確認　静岡・富士宮口,https://news.yahoo.co.jp/articles/dfbaedb680b7c5b8f650786bd8bc76f41e261987,9/1(金) 22:46
satvv,学校行事で富士山下山中の小学5年生8人が道に迷いSOS…警察官が救助しけがはなし　静岡,https://news.yahoo.co.jp/articles/8e37d81bbc0e124664e2ababe2499a0a41840983,9/1(金) 21:56
satvv,【新型コロナ】1日推計3100人感染…静岡県「感染拡大警報レベル」続く　/8月21～27日,https://news.yahoo.co.jp/articles/f62e4fd75c14069e8a6f2d36b8ba50d6f266bb1b,9/1(金) 21:41
satvv,高濃度の有機フッ素化合物が検出問題　週明けにも関係省庁に出向き調査と対策を要望へ　浜松市中野祐介市長,https://news.yahoo.co.jp/articles/5630f2fec2dcac920120a82fe1b71de9788e3468,9/1(金) 19:41
satvv,中山真珠県議の辞職を求める請願の審議は9月定例会開会日の21日に　辞職勧告決議案提出の動きも　静岡県議会,https://news.yahoo.co.jp/articles/e2a81664e47c37336be4504795b22872621cea39,9/1(金) 19:38
satvv,ビッグモーター富士店前の土壌調査で2種類の除草剤の成分を検出　静岡県は被害届提出へ,https://news.yahoo.co.jp/articles/62eb939000064aeb4f859b096734accc92ac02ca,9/1(金) 19:32
satvv,運送会社の駐車場で会社役員の女性(76)がひき逃げされ死亡した事件　従業員の男を逮捕　静岡市清水区,https://news.yahoo.co.jp/articles/b0293c47cca3a6863764808eaf14df1a1830b8cd,9/1(金) 19:28
satvv,【中継】待ちわびた日　被災者は・警戒区域が解除された熱海市伊豆山地区から,https://news.yahoo.co.jp/articles/db09a4152bf637855c4251bf7ffd30abb3f7da55,9/1(金) 19:26
satvv,【熱海市土石流災害】被災から2年2カ月警戒区域解除「復旧復興の大きな節目、一里塚」,https://news.yahoo.co.jp/articles/6b5b2c7b4638a03b84c9250847341c8751c29f59,9/1(金) 19:16
satvv,カーボンニュートラルに向け浜松市が新たな脱炭素化方針を策定　太陽光パネルの設置、公用車の電動化など,https://news.yahoo.co.jp/articles/4591d80b67d141a8ee94324e15f1d59d22a02afb,9/1(金) 15:49
satvv,同居する女子高生の体を触るなどのわいせつな行為をした疑いで監護者の男を逮捕　裾野警察署,https://news.yahoo.co.jp/articles/fa26d7c817161e1d384c22972f92d54938025269,9/1(金) 14:15
satvv,8月31日夜から9月1日朝にかけて交通事故が相次ぐ高齢の男性1人が死亡2人が重体　静岡・浜松市、袋井市,https://news.yahoo.co.jp/articles/1454a7e6ac96f2321c97858e7e68abe44b372572,9/1(金) 12:06
satvv,【中継】警戒区域が解除された熱海市伊豆山地区から,https://news.yahoo.co.jp/articles/8706a66f4fea9d5784fbd344357a8edb35de4bb8,9/1(金) 12:05
satvv,【熱海市土石流災害】2年2カ月続いた熱海市伊豆山の警戒区域が午前9時に解除,https://news.yahoo.co.jp/articles/408151b6c71361959167ae4e376c985e8ecaccb1,9/1(金) 11:59
satvv,「実現していくべき施設」…静岡・難波市長がアリーナ構想に前向き　「年内にも一定の判断」,https://news.yahoo.co.jp/articles/512442e5ad6b4f455c8dea089be34e87ed636429,8/31(木) 22:06
satvv,「あなたはバカですか」…原発処理水の放出めぐる嫌がらせ電話広がる　中国有力紙は嫌がらせ電話をやめるよう求める　静岡,https://news.yahoo.co.jp/articles/f15a5637b4f423a512df8688e343ecbd551a8262,8/31(木) 21:18
satvv,無免許運転の中山真珠県議の「辞職」求める請願　袋井市民が議長に提出　静岡県議会,https://news.yahoo.co.jp/articles/bbdb0a03ce4e1687113b31636d1f8257bec30d0e,8/31(木) 20:38
satvv,警視庁に逮捕された静岡県警の警察官　直前にも一般人に暴行してけがをさせた疑いで逮捕・送検されていたことが判明,https://news.yahoo.co.jp/articles/e8bb515ea3f67943e10077bca55d8dcd2fcf6062,8/31(木) 19:42
satvv,【袴田弁護団】静岡地裁に対し検察の立証方針を撤回させることや証拠請求の却下を求める意見書を提出,https://news.yahoo.co.jp/articles/2cee36716d2f2ee685a42e9dfa269e1947acaeb6,8/31(木) 19:39
satvv,駿府城公園など静岡市役所周辺11カ所に落書き　市は被害届提出へ,https://news.yahoo.co.jp/articles/0c2f169e08dc9b4497ccb0b50501a974663042fe,8/31(木) 19:35
satvv,ビニールハウスの草刈り巡りトラブルか　71歳男性に右手骨折のけがさせた疑い…76歳の男を傷害容疑で逮捕　静岡・磐田市,https://news.yahoo.co.jp/articles/2b765ec8c14149f3b50c162ac19fa593788757c6,8/31(木) 19:35
satvv,無人島で釣りをしていた男性(60)が海に流され、救助されたものの搬送先の病院で死亡が確認される　静岡・下田市神子元島,https://news.yahoo.co.jp/articles/5c5b307b8c7210238c64e1bcdd303c47fb05c15b,8/31(木) 19:30
satvv,ビッグモーター富士店の店舗前の土壌から除草剤の成分が検出　市民からは怒りの声が　静岡・富士市,https://news.yahoo.co.jp/articles/d6e5a1be32306e99aec2349f8f90cc6974a9ed4f,8/31(木) 19:28
satvv,凶器示して「殺すぞ」と脅したか…20代の男女を逮捕　被害男性と何らかのトラブルがあったとみて捜査　静岡・伊東市,https://news.yahoo.co.jp/articles/5c640dd929ee89d2dc7fe9849220684a8f466f5c,8/31(木) 19:25
satvv,【土石流災害】崩落の起点部分の土砂の撤去完了　しかし被災者の不安はぬぐえず　静岡・熱海市伊豆山地区,https://news.yahoo.co.jp/articles/1aea8f32bd30ef3e3aec40fa0a714f084d89c1f2,8/31(木) 19:08
satvv,「ヒヤッとする場面もあったがほっとしている」　夏山シーズン9月10日まで…富士山閉山式　静岡・御殿場市,https://news.yahoo.co.jp/articles/ac54e542db9eb2b7fb042455e96980e1fbafc482,8/31(木) 19:00
satvv,「静岡からムーブメントを」…パラアスリートから期待の声　パラスポーツ推進のための官民連携組織発足,https://news.yahoo.co.jp/articles/d19f5d4fd35522f4b3157e75b0c45c65fef36787,8/31(木) 18:57
satvv,20周年…「浜名湖花博」1日から前売り券販売開始　浜名湖ガーデンパークとはままつフラワーパークの2カ所で開催,https://news.yahoo.co.jp/articles/ce62e74f21a510dc3cbbbf4ad78d8376b17ec776,8/31(木) 18:54
satvv,【速報　熱中症】体育の授業中の中学生も…静岡県内7人を救急搬送　中等症1人、軽症6人　/8月31日,https://news.yahoo.co.jp/articles/90889c1319d163c0c5b19466b55ad00efc510997,8/31(木) 17:49
satvv,親族が通報して発覚　高校生の息子の手を食器で殴ったか…傷害容疑で母親（36）を逮捕　静岡県警,https://news.yahoo.co.jp/articles/df58208599e4b8c96128f66c0748abd60ce87390,8/31(木) 15:14
satvv,「覚えていない」と容疑否認…掃除用ブラシで妻を殴ったとして77歳男を傷害容疑で逮捕　浜松市,https://news.yahoo.co.jp/articles/686a44ca45bdec68971b5d0f33d7e0e91e96e0c1,8/31(木) 14:30
satvv,浜松医科大学付属病院でぼや…患者ら約70人が一時避難　浜松市東区,https://news.yahoo.co.jp/articles/a1cadbc9a25bdde704de90822bda4eeb0a0371f5,8/31(木) 13:55
satvv,富士市の「ビッグモーター」店舗前から除草剤の成分検出 　静岡県の土壌検査で判明、県が会見へ,https://news.yahoo.co.jp/articles/3b5a654ec005334d6128f2ab186a8bd5afa78a30,8/31(木) 13:32
satvv,釣りの60代男性が行方不明　捜索中の海保が漂流していた心肺停止の男性発見…不明者とみて確認中　静岡・下田市,https://news.yahoo.co.jp/articles/62943bf043f78f2a4c746a7929a189e8efdfa88a,8/31(木) 12:27
satvv,夏の終わりを告げる海水浴場の閉場式　来場者は台風や猛暑でコロナ禍前に届かず　静岡・牧之原市さがらサンビーチ,https://news.yahoo.co.jp/articles/50ca4cb62c67e96c0131b82b0c9d0a825ae2a052,8/31(木) 12:16
satvv,牛舎で火事およそ30頭の牛が焼け死んだ模様　従業員2人がやけど　静岡・三島市,https://news.yahoo.co.jp/articles/1a5875da9f351b7d12c9ed9b77b4575bc646421e,8/31(木) 12:12
satvv,土石流災害の崩落の起点にあった土砂の撤去完了し被災者に公開　あす警戒区域への立ち入りが解除　静岡・熱海市伊豆山地区,https://news.yahoo.co.jp/articles/58d45dd68701668a410fabfcec92f698872ac67a,8/31(木) 12:09
satvv,【速報】無免許運転の中山真珠静岡県議の「辞職を求める」請願提出,https://news.yahoo.co.jp/articles/b0de72880562b7806e8d6f90771026d0d8385f0c,8/31(木) 11:46
satvv,中学生の妹を棒で殴りけがをさせたとして21歳のとび職の男を傷害の疑いで逮捕　学校からの通報で犯行が明らかに　袋井警察署,https://news.yahoo.co.jp/articles/6f66a2cd7339f6b6012b7e9b2506d12ac61d0f37,8/31(木) 10:09
satvv,JR東海が高校生と津波の避難誘導訓練を実施　電車走行中に南海トラフ地震が発生したとの想定　静岡・湖西市,https://news.yahoo.co.jp/articles/0d4aebc6721b44daa64de509ddaeb7b12ba13131,8/31(木) 9:41
satvv,【一報】30数頭の乳牛を飼育する牛舎で火災…従業員2人がやけど　静岡・三島市,https://news.yahoo.co.jp/articles/9c9bb16ee283121ee86bb671e0a2b0c11db5ab68,8/30(水) 22:36
satvv,「自分で使うために」…自宅で大麻草栽培か　49歳の男を逮捕…自宅に照明器具や肥料など「栽培キット」　静岡・函南町,https://news.yahoo.co.jp/articles/9ca7314b808ebfd645babbabb0797eed0f1e2587,8/30(水) 21:55
satvv,フィールドは「街中」…アーバンスポーツって何？　狙いは「子どもの選択肢拡大」と「地域活性化」　静岡・御前崎市,https://news.yahoo.co.jp/articles/86cb3b78651af1e9c9949136baa9fb628646cd16,8/30(水) 21:20
satvv,【リニア】JR「トンネル工事の影響は高山植物に及ばない」　国の有識者会議,https://news.yahoo.co.jp/articles/2ee4becde3dafe7b1322bdb04981dcb691327deb,8/30(水) 20:56
satvv,3歳女児バス置き去り死事件から間もなく1年　父親「無念晴らして娘に報告したい」　静岡・牧之原市,https://news.yahoo.co.jp/articles/f17c0f9f493af9c971ee49b86a5f68843dd45d62,8/30(水) 20:38
satvv,【速報】甲信越地方で震度1　熱海市と小山町でも震度1の揺れ,https://news.yahoo.co.jp/articles/f01200a2bc13b1be189a1f12e15f0792fec6a7a3,8/30(水) 20:25
satvv,今年から対象を全国の大学生らに広げ…25人に奨学金給付の認定証　TOKAIグループ富士山育英財団,https://news.yahoo.co.jp/articles/fd28ea517bb566e9cdd5afb4cdff79fda51abd13,8/30(水) 19:35
satvv,中山県議の『無免許運転』を国民民主幹部が謝罪　玉木代表「期待を大きく裏切る結果に」　前原代表代行「改めてお詫び申し上げたい」　静岡市,https://news.yahoo.co.jp/articles/0d39ff7b7504cf54957947bf6f599ddb8db4bcda,8/30(水) 19:29
satvv,5人重軽傷のひき逃げ事件で起訴の男ら2人…無免許隠してレンタカー借りた疑いで逮捕　静岡南警察署,https://news.yahoo.co.jp/articles/d4dc87244cbfd079ca07bc3351dc47d623d9ae4f,8/30(水) 19:13
satvv,浜松市の住宅に空き巣12万円盗んだか…67歳の男を逮捕　市内のほかの窃盗事件にも関与か,https://news.yahoo.co.jp/articles/2f12ed29d01ffe05d3d405908fd65645dd004ed8,8/30(水) 17:28
satvv,【速報　熱中症】静岡県内5人を救急搬送　中等症4人、軽症1人　/8月30日,https://news.yahoo.co.jp/articles/18ce8c6babc36ffcc809db7b8ce44f9de4fc48dd,8/30(水) 16:40
satvv,絶滅危惧種…レッサーパンダの赤ちゃん誕生　9月のイベントで巣箱内を映像カメラで紹介　静岡市立日本平動物園,https://news.yahoo.co.jp/articles/fbb56e6419c5f148c3a83e349c455665b7d20e4f,8/30(水) 15:07
satvv,【注意】刺されると痛みやはれ…毒を持つアカカミアリが2000匹　静岡市・清水港,https://news.yahoo.co.jp/articles/2a64f9fbe81cd3580e4c9141dd8e5d471531bd14,8/30(水) 13:49
satvv,運転手から任意で事情を聴く…「気づかなかった」　女性死亡ひき逃げ事件　静岡市清水区,https://news.yahoo.co.jp/articles/80ced507c54430b68af79fbc341e5d40939cafb7,8/30(水) 12:38
satvv,【相次ぐ盗難】袋井市でも橋のプレート4枚盗まれる…ボルトを残し　掛川・湖西に続き8月に入り3件目　静岡,https://news.yahoo.co.jp/articles/8a26ea2f591493b62596b35bc33834dae320bfff,8/30(水) 12:16
satvv,情報共有して「いじめ防止」を…浜松市でいじめ対策連絡協議会　生徒会が自浄作用高める取り組みも,https://news.yahoo.co.jp/articles/f7c4784457ed355169d4d78d36d63630e3ddb3c3,8/30(水) 12:12
satvv,ひき逃げで死亡の女性は76歳会社役員と判明　静岡・清水区,https://news.yahoo.co.jp/articles/6c8b1244cbe211f8f176e36c6e0940e4240b21c5,8/30(水) 1:23
satvv,「100万円用意してほしい」オレオレ詐欺“受け子”16歳無職の少年を詐欺未遂容疑で逮捕　静岡中央署,https://news.yahoo.co.jp/articles/aaee8a29d8fb1fe2cd65d206248c5e653aba1b6c,8/30(水) 1:17
satvv,【ビッグモーター】浜松市の店舗でも「除草剤散布」　市長「かかった費用は請求」　市民「怒りを感じる」　そしてビッグモーター広報は…,https://news.yahoo.co.jp/articles/723ef9aca4c9d5dc9bbe48c37248d88cadd496f6,8/29(火) 22:23
satvv,「怪しい男がいる」と店員が通報　店舗内で18歳女性のスカート内を盗撮したか…23歳男を逮捕　静岡・富士市,https://news.yahoo.co.jp/articles/d65991c65ffeba385a8f270c9efff93638a898a7,8/29(火) 22:06
satvv,姉妹で果物1個をスーパーで万引きか…30代姉妹を現行犯逮捕　静岡・富士市,https://news.yahoo.co.jp/articles/9a626558234450eeb6bd21e48d7ae46e11a0c56e,8/29(火) 21:18
satvv,疲労による遭難の防止に…富士山9合目にオープン　日本一〝高い〟整体,https://news.yahoo.co.jp/articles/b33691d6c3277b8565a6ef2fd612ee37da545a3c,8/29(火) 20:48
satvv,「バカ野郎！」「富士山が早く爆発すること祈ります」　処理水放出をめぐり中国からの迷惑電話相次ぐ　静岡県,https://news.yahoo.co.jp/articles/2b4f27b4dea8486427c594de16c6cb3d88228225,8/29(火) 20:31
satvv,【袴田事件】検察提出の新証拠却下を…弁護団が静岡地裁に要請へ「審理の蒸し返しに当たる」,https://news.yahoo.co.jp/articles/0d46c3f880e7fad274f75bb358246d49e194281e,8/29(火) 19:34
satvv,発がん性疑われるPFAS検出…市の要請受け浜松基地が調査する方針,https://news.yahoo.co.jp/articles/319078b366954a426f0bafe40440f0e0ebb17db9,8/29(火) 19:25
satvv,大雨の影響でアユ釣り中止に追い込まれた太田川の早期復旧を…町長と漁協組合長が川勝知事に要望　静岡県,https://news.yahoo.co.jp/articles/2a9b2608d724832010131b3257a47a6144e009dd,8/29(火) 19:21
satvv,【速報　熱中症】静岡県内8人を救急搬送…中等症2人、軽症6人　/8月29日,https://news.yahoo.co.jp/articles/775675b1eda23783e4e2bd7a3c350f8341b9c880,8/29(火) 19:17
satvv,小学校に頭がない猫の死骸…刃物で切断か　教職員が見回り実施　静岡・掛川市,https://news.yahoo.co.jp/articles/f54f9166f015f9b03d5f5647107690c4eacf7ca2,8/29(火) 19:09
satvv,死亡ひき逃げ事件として捜査　60歳くらいの女性その場で死亡確認　静岡市清水区　（西尾アナ現場中継も）,https://news.yahoo.co.jp/articles/aa70b92c37ec43b8fdb00e13c49496dea52961a5,8/29(火) 18:58
satvv,【続報】浮き輪が破れ…海水浴の53歳男性が溺れ死亡　水上バイクで救助も心肺停止　静岡・熱海市,https://news.yahoo.co.jp/articles/f2f483d6a506828110100bf3d7a1e701de750961,8/29(火) 18:54
satvv,【速報】死亡ひき逃げ事件発生…「60歳くらいの女性が倒れている」　静岡市清水区,https://news.yahoo.co.jp/articles/d11f2514133ecaa3848e679f3b8201dd00c2fdbf,8/29(火) 17:29
satvv,「前はこれでやってもらった」と名刺渡し…ガソリン代金払わず逃走か　詐欺容疑で自称・会社役員の男を逮捕　静岡・富士市,https://news.yahoo.co.jp/articles/32c64469feda40fd36d9b1511ff22cd2c5fd744a,8/29(火) 17:14
satvv,神奈川県の50代男性溺れて死亡　男性3人で海水浴中　静岡・熱海市,https://news.yahoo.co.jp/articles/21dbacce503a978dca7185ae5af984d01a99a14d,8/29(火) 16:23
satvv,【速報】海水浴中の男性2人が溺れ1人死亡　静岡・熱海市,https://news.yahoo.co.jp/articles/ff8fbc538b5c182e60d68628b098d358a62c5758,8/29(火) 15:52
satvv,富士山8合目付近で心疾患の症状…60代女性をヘリコプターで救急搬送　静岡・富士山富士宮口,https://news.yahoo.co.jp/articles/2265e0d529eaa396dd7b143458622d59da7f0bd3,8/29(火) 15:42
satvv,「息子さんののどに腫瘍がある」医師名乗る男からの電話きっかけに140万円だまし取られる　浜松市,https://news.yahoo.co.jp/articles/eba942fc7eb6c518d47da9a5ecf60cc171b177a9,8/29(火) 15:20
satvv,28歳アメリカ人女性が足の痛み訴えて救助要請…警察官が背負って下山　静岡・富士山須走口,https://news.yahoo.co.jp/articles/19dc7b688ed7e65096d3c3801f8b6d7b001e768f,8/29(火) 15:12
satvv,富士山の山小屋で体調不良に…三重県の25歳男性が頭痛と発熱　警察官が担架に乗せ5合目まで下山　静岡・富士山富士宮口,https://news.yahoo.co.jp/articles/e9d18a9c383ab858de8074294ff8bdef9eb68d37,8/29(火) 14:33
satvv,【速報】小学校に頭部と左前足を切断された猫の死骸　警察は動物愛護法違反の疑いを視野に捜査,https://news.yahoo.co.jp/articles/34d5f62ab3668effab8c8e48aca81ff691e24771,8/29(火) 14:15
satvv,防犯カメラに犯行の様子…警備員が警察に通報　15歳高校生殴ったか…傷害容疑で18歳建設作業員を逮捕　静岡・沼津市,https://news.yahoo.co.jp/articles/d6309c0f610cf6076bb11f9e81a625d315724c33,8/29(火) 12:57
satvv,元郵便局長が廃車バイクのナンバー付け替え配達業務させる　日本郵便は法律違反の疑いがあると警察に相談　静岡・函南郵便局,https://news.yahoo.co.jp/articles/2d8f0cabacf0c1614e440f38a435f1bca12d0a8b,8/29(火) 12:00
satvv,南海トラフ地震発生を想定し災害対策本部の運営訓練　30機関7000人参加…情報共有や支援の手順を確認　静岡県,https://news.yahoo.co.jp/articles/e4fd99f216afee765044d324d0fcd1868ffe047a,8/29(火) 11:58
satvv,「6階ベランダから火が出ている」…マンションの1室が全焼、焼け跡から遺体　40代女性と連絡とれず　浜松市,https://news.yahoo.co.jp/articles/0820b0a1891e5af1dd129e696b4a01aab5fba8c7,8/29(火) 11:53
satvv,静岡県の最低賃金984円に…引き上げ額40円は2002年度以降最大　静岡県,https://news.yahoo.co.jp/articles/e8fa083bb90e02167b4de8ba320078e01b57c52a,8/28(月) 21:02
satvv,周辺で発がん性疑われる高濃度の有機フッ素化合物検出　浜松基地が「調査実施」と浜松市に回答,https://news.yahoo.co.jp/articles/1b79bafe3453be9c69b779c102a39e3ec746e6df,8/28(月) 20:46
satvv,音楽と絵画で伊東を感じ取ってそれを伝えていく～シンガーソングライター藤森愛さん31歳,https://news.yahoo.co.jp/articles/132d127063b7c08f52f22e2291852f468f22896a,8/28(月) 19:34
satvv,静岡市の多くの小学校では夏休みが終わり授業が再開「久しぶりの学校は?」,https://news.yahoo.co.jp/articles/41cc13431e96fc20c1e2cd32ab4e5d7fce0e3fad,8/28(月) 19:26
satvv,静岡県内初の導入を目指してAIによる交通誘導の検証　深刻な人手不足の緩和のため 　沼津市,https://news.yahoo.co.jp/articles/b7a2f3b63f3540bbc590b80cce0a5ad53a15cf4d,8/28(月) 19:22
satvv,9月1日の警戒区域解除前に防犯灯や防犯カメラの設置を進める　センサーライトも導入　静岡・熱海市伊豆山地区,https://news.yahoo.co.jp/articles/e92cad04c9d7c8e4f17060742c0a9c0bf6114d39,8/28(月) 19:19
satvv,8つの工事現場で17件の法律違反を確認　橋げた落下事故を受け静岡県内の橋の工事現場70カ所に立ち入り調査　静岡労働局,https://news.yahoo.co.jp/articles/aa29bab26ca534f3abf03967be6b528e6a6be144,8/28(月) 19:16
satvv,夏祭りの会場に車で突っ込み殺人未遂容疑で逮捕・送検された男を鑑定留置し刑事責任能力を調べる　静岡地検,https://news.yahoo.co.jp/articles/84c83c7577392495c3aa5f14757f142a6c0e7b2c,8/28(月) 19:08
satvv,ビッグモーターすでに閉店済の浜松市の店舗で除草剤の散布認める　浜松市は伐採費用全額請求へ,https://news.yahoo.co.jp/articles/f78668ba96ee8d74b816045ea47f2810c41c40c7,8/28(月) 19:05
satvv,島田髷まつり前に美容師が勉強会　日本髪の結上げのコツ学ぶ　静岡・島田市,https://news.yahoo.co.jp/articles/f78488a3f7e3074cbd39330a1c672b2bd1323c62,8/28(月) 18:55
satvv,「伊豆中央警察署」誕生…旧大仁署が老朽化で移転・名称変更　東部初の「拳銃射撃場」も　静岡・伊豆の国市,https://news.yahoo.co.jp/articles/9884bc6af6194f55a6cffdeed3e653c690dc6b8e,8/28(月) 18:53
satvv,【速報　熱中症】草刈りの84歳女性は体温40度超、50代男性は倉庫で意識失う、15歳少女も救急搬送　静岡県8人搬送…重症1人、中等症3人、軽症4人　8月28日,https://news.yahoo.co.jp/articles/4469961ecc5dfbd932992de84f0f91de9f13ddab,8/28(月) 17:59
satvv,観光以外の交流も深めたい…協定名を「観光」から「友好」に変更　うなぎなど浜松産品の輸出も　浜松市＆台北市,https://news.yahoo.co.jp/articles/8f8a607aedd4b1adb460eb8ebe6e70bba27334ee,8/28(月) 16:46
satvv,「裁判所に保証金支払わないと逮捕される」…80代女性が3100万円だまし取られる　大阪市の32歳男を再逮捕　静岡市,https://news.yahoo.co.jp/articles/4dd797adbbe1c7445ccb788e3a78651b6833f9cb,8/28(月) 16:26
satvv,「物価上昇が続いており時期尚早」…浜松市が「家庭ごみ有料化」条例案の9月議会提出を見送り,https://news.yahoo.co.jp/articles/46edfc1f8e07e3cdcb051648af622e1fe99e582b,8/28(月) 16:05
satvv,登山者「左胸が痛い」…医師「肺気胸の恐れも」　警察「緊急性高い」とヘリ要請も霧で着陸できず　37歳男性をブルドーザーで救助　静岡・富士山富士宮口,https://news.yahoo.co.jp/articles/40edc7ac31e89d869a2a587d1b9732d8e6508ab3,8/28(月) 15:10
satvv,夏休み終わり　きょうから学校再開「夏休みの一番の思い出は?」　静岡市立森下小学校,https://news.yahoo.co.jp/articles/80faba6c80e7eecab34263a6e402493c3852eb8d,8/28(月) 12:09
satvv,道の真ん中で頭から血を流して倒れている男性を発見　傍らには自転車　搬送先の病院で死亡を確認　静岡・裾野市,https://news.yahoo.co.jp/articles/92f5077146b4c1db355d943a1a9d10c92c78e420,8/28(月) 12:05
satvv,大型バイクがガードレールや支柱に衝突　男性が死亡　静岡・湖西市,https://news.yahoo.co.jp/articles/5b198a795bf65d19820de1be7a46678daf3c24d6,8/28(月) 12:01
satvv,家族で遊泳中に7歳の男の子が溺れドクターヘリで搬送されたものの間もなく死亡　静岡・東伊豆町,https://news.yahoo.co.jp/articles/cf9a889c5cc615f2d988e2e536ca405ec70c6456,8/27(日) 21:07
satvv,【速報】3位清水はアウェーで秋田と1-1ドロー！　乾不在を埋めきれず。2位磐田とは勝点1差に,https://news.yahoo.co.jp/articles/e14bb984dbe4956c42373f164b6148c747850764,8/27(日) 20:04
satvv,【速報】東伊豆町の漁港で7歳の男の子がおぼれ意識不明の重体に,https://news.yahoo.co.jp/articles/4592c0e728cee9aa37db6afae1e26635d2a79017,8/27(日) 18:57
satvv,クラフトビール祭り　30種類のビールの飲み比べを楽しむ　静岡・藤枝市,https://news.yahoo.co.jp/articles/47cc3454bcd2f0dd7f17b7b0554cbf2e8aeaac86,8/27(日) 18:12
satvv,イルカのトレーナー体験　イルカにサインを出していろいろな技に挑戦　静岡・沼津市「三津シーパラダイス」,https://news.yahoo.co.jp/articles/393250516ed8561d6d70c38b76a745a758d72577,8/27(日) 18:07
satvv,静岡県警の警察官が警視庁に現行犯逮捕　酔って暴れて警視庁の警察官を顔を蹴るなど公務執行妨害の疑い,https://news.yahoo.co.jp/articles/f73864fec3c97e7b52b4b7c6e8e5cdac6181185c,8/27(日) 18:02
satvv,志太こどもミュージカル9月の本番間近　練習会場を中野弘道焼津市長が激励に　静岡・焼津市、藤枝市,https://news.yahoo.co.jp/articles/50829e3a0f05af3bef09fd48c0eb63e946133092,8/27(日) 17:32
satvv,サーキットでバイクが転倒　男性がけがをし救急搬送される　静岡・富士宮市,https://news.yahoo.co.jp/articles/0d2548149221910cc46ddf26fec1a0c7767a0b6b,8/27(日) 15:12
satvv,防災多目的車両「ブルーコマンドワン」を総合防災訓練の現地対策本部として初運用　静岡・焼津市,https://news.yahoo.co.jp/articles/7fee8bc1823389b3d8ff648cf2cdcde8f5d2b754,8/27(日) 12:27
satvv,木造平屋建ての公会堂が全焼　出火当時利用者はいたものの原因は不明　静岡・袋井市,https://news.yahoo.co.jp/articles/f3a992f706e00d72d92dbe94fe2ac5a933aac154,8/27(日) 12:24
satvv,ホテル宿泊客の男がホテル関係者の女性の体を触ったとして不同意わいせつの疑いで逮捕　静岡市葵区,https://news.yahoo.co.jp/articles/d946adb6b66187b1913f2ba7dfd0a2d0d7d71c5a,8/27(日) 11:23
satvv,「忍法・水上ゴザ渡り」～沈んでいくゴザの上を一気に駆け抜ける人気のアトラクション　静岡・富士市「富士山こどもの国」,https://news.yahoo.co.jp/articles/e63013e2dcdd236b638d031ca449b55a53b2693d,8/26(土) 18:12
satvv,市制100周年記念「けんせつ体験まつり」子どもたちが工事車両を体験　静岡・沼津市,https://news.yahoo.co.jp/articles/bbe1d2b7ee684291b77073f8433282cb35992445,8/26(土) 18:08
satvv,未明に73歳の男性が運転する車が87歳の女性をはねる　女性は大けが　静岡市清水区,https://news.yahoo.co.jp/articles/073560b9efdd7c152c737ef30a0d954c208a4281,8/26(土) 18:04
satvv,海岸で身元不明の男性の遺体を釣り人が発見　50歳くらいか大きな外傷見当たらず　静岡・伊東市,https://news.yahoo.co.jp/articles/6d00eeaced4855ac720e655b1079acce11d534f8,8/26(土) 15:22
satvv,万引きで罰金命令を受けた静岡地方気象台の職員を停職6カ月の懲戒処分に　職員は辞職　気象庁,https://news.yahoo.co.jp/articles/e7537125cb4837a5af0034f652c45e9c07f5fc70,8/26(土) 12:33
satvv,静岡県湖西市でも4つの橋で橋名板(橋の名前のプレート)14枚が盗まれる　被害額は約70万円か,https://news.yahoo.co.jp/articles/7df786d99fa580ee05f0345319d6706c6d78b601,8/26(土) 12:29
satvv,静岡市山間部地滑り　飲料水供給施設の配管が破断し4軒が断水　市が飲料水配布,https://news.yahoo.co.jp/articles/8dff9b9f78feea87a2e4f2b4f77a31febbffca82,8/26(土) 12:26
satvv,同僚の女性教職員のスカートの中をスマートフォンで盗撮した男性教師を懲戒免職処分に　目撃した児童が教頭に相談　静岡県教育委員会,https://news.yahoo.co.jp/articles/cd340d8d567cacc806811809d6a9441a11056e48,8/26(土) 12:23
satvv,ブランド梨「藤里梨」の品評会　生育は順調で美味しい梨に仕上がる　静岡・藤枝市,https://news.yahoo.co.jp/articles/c611f90000a6e5b9856b9e67d106dc501277e573,8/26(土) 10:17
satvv,登山用の杖が岩場に引っ掛かり転倒…頭から出血、左手首も骨折の疑い　69歳男性を救助　静岡県　富士山御殿場口,https://news.yahoo.co.jp/articles/37dee9b61e2f2287b021cbdb2a62d1cd05579225,8/26(土) 1:24
satvv,「ウイルスに感染しました」…パソコンに警告画面　60代男性がプリペイドカード139万円分だまし取られる　静岡・南伊豆町,https://news.yahoo.co.jp/articles/96e4242ff0f08dc5b109430c6c430da9cad69743,8/26(土) 0:38
satvv,ビッグモーター「社長メッセージ」入手…「当社の常識が世の中の常識と合っていなかった」,https://news.yahoo.co.jp/articles/3655437ae1f46ad6ec7efe2c316c59170cf8cbef,8/25(金) 22:22
satvv,20代女性を暴行か…傷害容疑で男2人を逮捕　通報で駆け付けた警察官が女性を保護　浜松市,https://news.yahoo.co.jp/articles/1d77799c2862b49b2e0a6522675b1cb0daba417f,8/25(金) 21:56
satvv,市役所職員名乗る男からの電話を信じ…指示されるままにATM操作　60代女性が150万円の詐欺被害　静岡・伊豆市,https://news.yahoo.co.jp/articles/2dbbc37d39b64adaebc8f1e169b95e9afc9bacae,8/25(金) 21:42
satvv,シュノーケリングの東京・練馬区の30代男性が意識不明の重体　漂流しているのをライフセーバーが発見　静岡・南伊豆町,https://news.yahoo.co.jp/articles/6dfdd840f180946698494bfb9eeb73124d33c2ff,8/25(金) 21:33
satvv,事前に飛行計画届け出ず…静岡・沼津市のドローン撮影で18件の不備　映像を削除,https://news.yahoo.co.jp/articles/44719535bb708e8f923cd871f006c782ef0acc9f,8/25(金) 21:25
satvv,下山中の男性が転倒し頭を負傷し救助要請　別の登山者が消防に通報　静岡県　富士山御殿場口9合目,https://news.yahoo.co.jp/articles/3d98543559c80ec67a4e78c53752d70db6c2c791,8/25(金) 21:15
satvv,護岸工事後に井戸が枯れた…国土交通省が同じ地区の59の井戸の現状確認へ　静岡・島田市,https://news.yahoo.co.jp/articles/ca2063075b6012f34adf440434b424c961d8fb91,8/25(金) 20:55
satvv,青山祐司さんの3連覇なるか…「浜松ジオラマグランプリ」始まる,https://news.yahoo.co.jp/articles/da34fcb3322b633c1e5707e8daa36762acdab518,8/25(金) 20:02
satvv,廃校した小学校で「海ぶどう」養殖　沖縄の名産品を静岡・沼津市で…「最適な環境だった」そのワケは,https://news.yahoo.co.jp/articles/52d4768a800d75fde1dd0bd78b3a4edc1930f096,8/25(金) 19:53
satvv,【新型コロナ】静岡県再び「感染拡大警報レベル」…1日2600人感染と推計　医療機関「予約枠はほぼ一杯」　薬局「抗原検査キット販売数急増」,https://news.yahoo.co.jp/articles/afead7c295036553a07bc35214c5eaab12645131,8/25(金) 19:19
satvv,無免許運転の中山県議の「辞職勧告決議案」提出へ　各会派異議なく…当時の所属会派も「虚偽説明は言語道断」　静岡県議会,https://news.yahoo.co.jp/articles/76a35249f90a1d5ad1ca3040cc50972ee6330087,8/25(金) 19:03
satvv,【橋げた落下事故】作業員立ち合い事故当時の状況を再現　橋脚の損傷状況も確認　静岡市清水区,https://news.yahoo.co.jp/articles/cab1ed73455da6a550b742a26695432d68c472e2,8/25(金) 19:00
satvv,【速報　熱中症】86歳「なぜ倒れていたか分からない」　11歳男児は吐き気の症状で…静岡県内7人が救急搬送　中等症1人、軽症6人　/8月25日,https://news.yahoo.co.jp/articles/a44a6c52b4f6553a52c7af475eec7884aab6b3ba,8/25(金) 17:56
satvv,窃盗罪で罰金の気象台職員に停職6カ月の懲戒処分　職員は辞職,https://news.yahoo.co.jp/articles/c6c0a8590bafc0320480beed02050d6333965fe4,8/25(金) 16:44
satvv,【速報】「無免許運転」中山真珠静岡県議の「辞職勧告決議案」提出へ　9月県議会初日,https://news.yahoo.co.jp/articles/3d0e5fc2706fca17ad37f899a6809e002035f5f1,8/25(金) 16:18
satvv,ガソリンスタンド「国の補助金なくなれば200円も…」　14週連続ガソリン値上がり…来週にも過去最高値を更新か,https://news.yahoo.co.jp/articles/6daa7f7e1b9a0a0c708ab5a27b3966f282ca4c6d,8/25(金) 14:40
satvv,停車中のバスにトラックが追突…バスの乗客にけがはない　静岡・伊豆の国市,https://news.yahoo.co.jp/articles/a45aeb2b92e5c3b8087594e1056b2e0b5882ee90,8/25(金) 13:58
satvv,【夏の風物詩】たいまつの火に飛び込む害虫を駆除　1キロの農道に大たいまつ111本　静岡・藤枝市,https://news.yahoo.co.jp/articles/9e2f5b71951384ab35434cfd75ed03143a384fa2,8/25(金) 12:11
satvv,【橋げた落下事故】国交省や警察が作業員立ち合いで調査　140トン橋げた落下8人死傷　静岡市清水区,https://news.yahoo.co.jp/articles/a2427041ae5444db8d3f481fdd479e6a53fe5b20,8/25(金) 12:02
satvv,2度訪れた『息子の関係者』…80代女性が『オレオレ詐欺』で20万円などだまし取られる　静岡・焼津市,https://news.yahoo.co.jp/articles/e4cc58442b81db787ef86535807d026545e5fae7,8/25(金) 11:55
satvv,伊豆市の柿木川に流入の廃棄物…県が行政代執行へ　調査費3000万円盛り込んだ補正予算案提出へ　静岡県,https://news.yahoo.co.jp/articles/a97a89d8953e0f1086480a7a6b439716aac4e67b,8/25(金) 11:54
satvv,電車乗務員の股間を殴ったか…41歳の男を暴行容疑で現行犯逮捕「手は当たった」と供述　静岡・熱海市,https://news.yahoo.co.jp/articles/8c55bbff6c94b9611e4d562189f4e32acd6e66c5,8/25(金) 11:01
satvv,空き店舗対策の補助金を利用してオープンした店舗を市長らが激励訪問　静岡・富士宮市,https://news.yahoo.co.jp/articles/e4efda8e8b33238045cc65a218b83d46a1b0e0c9,8/24(木) 19:49
satvv,浜松市出身・柔道男子73キロ級の橋本壮市選手パリオリンピック代表に内定　静岡県勢第1号,https://news.yahoo.co.jp/articles/b34a4da727bbf7f5bc4685c3a025e7baa6a3415f,8/24(木) 19:45
satvv,藤井聡太七冠「王位」のタイトルを防衛　第6局が消えた牧之原市の思いは複雑,https://news.yahoo.co.jp/articles/1e334bcdecbd5ed5ae8eeec13169c1e4263c999b,8/24(木) 19:41
satvv,「布川事件」の桜井昌司さんが死去　袴田ひで子さん「意志を引き継ぐ」思いを語る,https://news.yahoo.co.jp/articles/2bf5d7bf0286dcf4875134a80655371d4c618f80,8/24(木) 19:37
satvv,【スプリンクラー誤作動】楽団は裾野市の事故報告は「虚偽」だとして事故の原因は「漏水」であると改めて主張,https://news.yahoo.co.jp/articles/b12013bcc62280fe8fe4467e0d009bf5caaae5f9,8/24(木) 19:35
satvv,助成金8200万円を不正受給　新型コロナで休業と虚偽の申請　静岡県熱海市の人材派遣会社,https://news.yahoo.co.jp/articles/9cf0e566eb962ccc391eb3dc73d60216979ac557,8/24(木) 19:31
satvv,【熱海土石流災害】9月1日警戒区域解除へ　斉藤市長「解除は復旧復興の大きな一里塚」,https://news.yahoo.co.jp/articles/1aebab2a8740c2e9c34146c768bf02b7095134ef,8/24(木) 19:29
satvv,局地的に強い雨が降る不安定な天気続く　静岡市では大規模な地滑りが,https://news.yahoo.co.jp/articles/c38231d644e82a5e69967c13028adeaea2ed233c,8/24(木) 19:23
satvv,夏祭りの会場に車が突っ込み3人がけがをした事件 　事件現場を再現し容疑者立ち合いで当時の状況を確認　静岡市葵区,https://news.yahoo.co.jp/articles/1ea1a9c46cb1de58cf4ce124fa28a963b9a3370f,8/24(木) 19:19
satvv,スポーツ施設の利用客の財布から現金とクレジットカードを盗んだ疑いで元従業員の女を逮捕,https://news.yahoo.co.jp/articles/f3c2b45c99b5824f202f757da4f708df0e5d35d6,8/24(木) 17:15
satvv,ウナギのかば焼き14点を盗んだとして70歳の男を逮捕　冷凍真空パックのかば焼きを数回に分けて盗んだ疑い　静岡・河津町,https://news.yahoo.co.jp/articles/8df3702e62ad35598663175132394d38cd2fa87f,8/24(木) 15:43
satvv,静岡市葵区の山間部で大規模な地すべり　市長視察後住民への避難の呼びかけは解除,https://news.yahoo.co.jp/articles/45edf13fa713a17e403ee3db45fa5813eb811f6f,8/24(木) 11:59
satvv,未明に住宅地でアパート火災焼け跡から1人の遺体が見つかる　浜松市中区,https://news.yahoo.co.jp/articles/1269baf3a01569d8cf690a33108da4c8262aeaf8,8/24(木) 11:56
satvv,女性警察官の自宅の浴室にカメラを設置し盗撮したとして県迷惑行為等防止条例違反などの罪で三島警察署の警部補を起訴　静岡地検沼津支部,https://news.yahoo.co.jp/articles/3faa5133fe84a2a3c644438975e9c5d006312281,8/24(木) 9:50
satvv,パラリンアートコンテスト 静岡エリア静岡マツダ賞「クレーンでゲットしたいえがおくんの車」,https://news.yahoo.co.jp/articles/8642beefaa9524493699504bb32e3f0efb788668,8/24(木) 9:26
satvv,何らかの便宜を図る約束で…女子生徒にみだらな行為か　43歳の男を逮捕「やっていない」と容疑を否認　浜松東警察署,https://news.yahoo.co.jp/articles/7a22fea0b695e072f6e8781e6541c631e9849c64,8/23(水) 22:27
satvv,元交際相手にメール送ったり、自宅前をうろついたり…36歳の男を逮捕　「ストーカーには当たらない」と容疑否認　浜松東警察署,https://news.yahoo.co.jp/articles/9e5b666d75ea33776785a661a1092b6c63539e13,8/23(水) 22:10
satvv,小学生の女の子にわいせつ行為か…40代の男を不同意わいせつの疑いで逮捕　静岡県警,https://news.yahoo.co.jp/articles/2a8b5d80f1e441106bcc4ba9bd49e6a1c7cb3dd2,8/23(水) 21:52
satvv,建造物侵入容疑の男のパソコンに「裸の子ども」の写真　入浴施設で盗撮したか…児童ポルノ禁止法違反で再逮捕　静岡・裾野警察署,https://news.yahoo.co.jp/articles/548d537039d41ec7a85d38f6713ef68f1717ad91,8/23(水) 21:44
satvv,下車しようとしたら「カバンがない」…電車の荷物棚から盗んだか　57歳男を逮捕　静岡中央警察署,https://news.yahoo.co.jp/articles/62d452e33d9a9656a9a6df98e0d45c8e95eac640,8/23(水) 21:19
satvv,「頭から出血している」と目撃者が通報…凶器は『長机』　同僚男性殴った傷害容疑で48歳男を逮捕　静岡・清水町,https://news.yahoo.co.jp/articles/1cfde72a638a209c34a41616d09fef1d5f74e0f7,8/23(水) 21:12
satvv,飲食店店長を装い高級シャンパン2本（6万円）を注文　無職の54歳男を詐欺容疑で逮捕　浜松中央警察署,https://news.yahoo.co.jp/articles/b4039978d171ab3ce10c9b214074c94e1be11d31,8/23(水) 20:56
satvv,トラブルからか？…車のフロントガラス割り67歳男性にけがさせた疑い　84歳男を傷害などの容疑で逮捕　静岡・島田市,https://news.yahoo.co.jp/articles/defcb667133b0f7960f4d7ece632f681a3ce49a1,8/23(水) 20:48
satvv,性的暴行を加えた女性をメールで脅迫か…栃木・宇都宮市の21歳の男を再逮捕　静岡・沼津警察署,https://news.yahoo.co.jp/articles/a5e20eb0e506b9bc77b8edd1f54a8279dd47d28c,8/23(水) 20:37
satvv,酒に酔って面識がない50代男性に暴行か…傷害容疑で61歳の暴力団員ら4人逮捕　静岡・富士市,https://news.yahoo.co.jp/articles/c8e75cf70a2cc61b2cafb42a8eb6c68d76cc8b51,8/23(水) 19:54
satvv,台風7号はナスにとっては恵みの雨? それでも高い今年の夏野菜,https://news.yahoo.co.jp/articles/43d5341d86a76d6774f32cf51412031d5bf31cec,8/23(水) 19:24
satvv,パチンコ店立体駐車場を緊急立ち入り検査　被害を最小限にとどめるため事業者としてやらねばならないことを指導　静岡市消防局,https://news.yahoo.co.jp/articles/a48a5719bf77f6f402c9e21c07ade174497d4ab3,8/23(水) 19:19
satvv,横断歩道を渡っていた看護師の男性をはねてけがをさせ、そのまま逃げた元医師の被告に懲役3年執行猶予5年の判決　静岡地裁,https://news.yahoo.co.jp/articles/3a5c31be3ca7c85980fb4cd3fb01880f95bc3726,8/23(水) 19:17
satvv,不適切な保育が明らかになった問題で市民に謝罪　保育の質を強化するための研修を実施へ　静岡・裾野市,https://news.yahoo.co.jp/articles/5a51382cc237192a2cf09f1ffe75a63a0e67bd7d,8/23(水) 19:15
satvv,沼津市教育委員会　業者にカメラなど購入を強要か　市長は徹底的な調査と報告を要求,https://news.yahoo.co.jp/articles/40172bd8973e119932da6088fe5ea54b1000e057,8/23(水) 19:11
satvv,ずぶ濡れになって格闘…園児がヤマメのつかみ取り　静岡・藤枝市,https://news.yahoo.co.jp/articles/bfbc8e5abe62c77763772c6622a507ea9c12e6fa,8/23(水) 19:05
satvv,中山真珠静岡県議会議員に対し当時の所属会派は本人に強く辞職を促す方針,https://news.yahoo.co.jp/articles/58daa4bb10b260a65f1abd82b919e30c1e7dc4c8,8/23(水) 19:04
satvv,ずぶ濡れになって格闘…園児がヤマメのつかみ取り　静岡・藤枝市,https://news.yahoo.co.jp/articles/fd548fea94fbe60b82dfb86602c23ac61fb8bf14,8/23(水) 19:03
satvv,全編英語…中学生が今川義元の絵本を1年かけて制作　制作過程を11枚のパネルで展示　静岡市歴史博物館,https://news.yahoo.co.jp/articles/ed2e0869955c96ee5a1dd93ec167d77f83188b11,8/23(水) 19:00
satvv,【橋げた落下事故】25日に現場付近の通行を規制…警察や労基署などが事故の状況を調べる　静岡市清水区,https://news.yahoo.co.jp/articles/69eb55079a1209e43743f617379fd625f078b9be,8/23(水) 18:56
satvv,面識がない女性の体を触ったか…不同意わいせつの疑いで50歳の男を逮捕　静岡・島田警察署,https://news.yahoo.co.jp/articles/6bed79ffb386d89893287e4901786bfc2c6d1ef5,8/23(水) 18:34
satvv,職を失いネットカフェ転々と…26歳男が連続事務所荒らしか　「生活費や遊興費がほしかった」　静岡県警32件検挙し捜査終結と発表,https://news.yahoo.co.jp/articles/5e0355ac32902e1e495e01134ba08969ce79396e,8/23(水) 17:48
satvv,【速報　熱中症】静岡県内6人を救急搬送…中等症3人、軽症3人　/8月23日,https://news.yahoo.co.jp/articles/05678b0982ad5edb256ad8e9d1ade7d2a0f4af2c,8/23(水) 17:21
satvv,救助活動終え下山中の警察官の前で…77歳男性が疲労で倒れる　警察官が背負って下山　富士山富士宮口,https://news.yahoo.co.jp/articles/6907e6bc26b1d1188ee70799cfd813ffd3ed734c,8/23(水) 16:34
satvv,従業員が旅館露天風呂の10代女性『盗撮』未遂か…数十メートル離れた場所から撮影しようとして気づかれる　静岡・熱海市,https://news.yahoo.co.jp/articles/19b46b7fedd2d5dfb67ab2d521531eb1a8471739,8/23(水) 14:49
satvv,玄関の「暗証番号」特定した驚きの手口…1人暮らしの女性宅に侵入か　警察が注意喚起「可能な限り長く複雑な番号で設定を」　静岡県警,https://news.yahoo.co.jp/articles/2c7a8e7489b269e9a5f0bdaa1876ec951552c4a6,8/23(水) 13:07
satvv,20代女性が富士山で「低体温症」か…8合目の富士山衛生センターの医師から通報　静岡・富士宮口,https://news.yahoo.co.jp/articles/999a3b0056bdcc2e8b6e50bd4748e4fe90a07891,8/23(水) 12:57
satvv,大型量販店で電子機器を盗んだ疑いで逮捕された静岡地方気象台の職員に罰金30万円の略式命令　静岡簡易裁判所,https://news.yahoo.co.jp/articles/2bb7833841a7d49b10f2c54c1b5d73b9cee2e0fe,8/23(水) 12:10
satvv,無免許運転が発覚した中山真珠静岡県議会議員に対し元所属会派が強く辞職を促すとコメント　虚偽説明は言語道断,https://news.yahoo.co.jp/articles/64c4fa70d79aa30358b3e900430f8534d52a9314,8/23(水) 11:57
satvv,全国13都市の工場夜景をリレー形式で展示する写真展　8月29日までは「富士川楽座」で　静岡・富士市,https://news.yahoo.co.jp/articles/7c83ecc7cb2a2d654db62df6f43259205d566f33,8/23(水) 9:40
satvv,「必要だったが予算が通らなかった」…遺跡発掘調査の委託業者に職員がデジタルカメラなど買わせる　静岡・沼津市,https://news.yahoo.co.jp/articles/862a386f4785aa9be07f5726aedd4b5345dcdd0c,8/22(火) 21:11
satvv,乗用車と自転車が衝突…高齢女性が重傷　現場は信号機のない交差点　静岡・島田市,https://news.yahoo.co.jp/articles/112a20a562146216be78606df57b72c34a0e9ae2,8/22(火) 20:48
satvv,知人の20代女性に性的暴行か…31歳のフィリピン人の男を逮捕　複数人で酒を飲んだ後に…男は容疑を否認　静岡県警,https://news.yahoo.co.jp/articles/5f3fc804ca73e3d4a53c00dac4887b50b8686bee,8/22(火) 20:41
satvv,浜松開誠館・新妻恭介捕手（3年）が野球のU-18日本代表メンバーに選出,https://news.yahoo.co.jp/articles/bee9f1e7dcee8e48bef910736e145043785ede9a,8/22(火) 19:53
satvv,縄跳び世界大会で金メダル獲得　静岡県富士市の中学生2人が川勝知事に世界一の技を披露,https://news.yahoo.co.jp/articles/0a55c002a36a0d816343a673b1b53fb850551b72,8/22(火) 19:26
satvv,「機械より竹を使った方がおいしい」　12mの竹で「流しそうめん」イベント　静岡・三島市,https://news.yahoo.co.jp/articles/64e05e85471857bd182a37a579cf8dc093f59413,8/22(火) 19:19
satvv,旧静岡マルイ跡地「駿河屋本店」始動　静岡市の新たな中心街に,https://news.yahoo.co.jp/articles/7757bb283c11c59af825fb23fd30a0dcfbd2f813,8/22(火) 19:19
satvv,静岡県内きょうも危険な暑さに　4日連続で熱中症警戒アラート発表,https://news.yahoo.co.jp/articles/6acf60856df317299cdd26e898ae51c09f13ebe5,8/22(火) 19:16
satvv,潜む危険を考えて避難ルート決める…小学生が防災教室　「車が通らないところを通って避難した」　浜松市,https://news.yahoo.co.jp/articles/3b157d0d23c5cf9463d5303f07dfbb8faef14151,8/22(火) 19:14
satvv,甲子園で準優勝した男性を不起訴処分　元同僚から14万円だまし取った容疑で逮捕・送検　静岡地検浜松支部,https://news.yahoo.co.jp/articles/d9a15021f0767dd053f49c5a004153086f60b37f,8/22(火) 19:12
satvv,大井川の国交省の護岸工事で井戸が枯れ、農家にイチゴの苗が全て枯れる被害が,https://news.yahoo.co.jp/articles/086ea0ba7ed1dce87a5011a86cfe05e12c40fab8,8/22(火) 19:09
satvv,無免許運転が発覚した中山真珠静岡県議会議員　免許センターからの帰りも自ら車を運転か,https://news.yahoo.co.jp/articles/ae5341b762f5eddb3d07702e633125a06f984adf,8/22(火) 19:05
satvv,被爆2世に決断させたのは娘が発した衝撃の一言「広島と静岡でなぜ温度差があるの？」…「私の使命は後世に語り継ぐこと」,https://news.yahoo.co.jp/articles/73c96ac8ae12a2b9c18356bc3c95332470778222,8/22(火) 19:00
satvv,【速報　熱中症】静岡県…部活の女子中学生とサッカー試合後の男子高校生ら21人救急搬送　中等症4人、軽症17人　8月22日,https://news.yahoo.co.jp/articles/6a7affc595cad8960c98099b136f4de0e918124d,8/22(火) 17:29
satvv,【独自】無免許の中山真珠静岡県議…説明と食い違い　免許センターの帰りも自ら運転か,https://news.yahoo.co.jp/articles/8ae27d432fe3e819a742e0695e32d2037ceba46a,8/22(火) 16:46
satvv,移住希望地3年連続1位…他県から見た静岡の魅力とは　「暖かい」「海と山がある」　三島市に移住した大橋さんは「4世代同居」,https://news.yahoo.co.jp/articles/c9e00595dd59fccc0cc208e79a81abbbd35a3067,8/22(火) 15:35
satvv,防災ペーパークラフトを使った防災体験教室　災害時にどのように身の安全を守るかを学習　浜松市立芳川小学校,https://news.yahoo.co.jp/articles/805f6e13fe1fdb057cdf7a5466fac4f5d12d1df1,8/22(火) 12:05
satvv,病院に救急搬送された100人分の個人情報を誤ってメールで送信　名前や住所、搬送先の病院などが記載　静岡・富士宮市,https://news.yahoo.co.jp/articles/d4309da4806f015bc08babdc90ccb084a7f48101,8/22(火) 11:59
satvv,清水区の3人を「災害関連死」として認定…災害による生活環境の変化で身体的・精神的に負担　静岡市,https://news.yahoo.co.jp/articles/2c954e6ce0a86b0cd632d2cd0378105b8543e09a,8/21(月) 21:29
satvv,原爆の悲惨さ後世に…静岡市で写真や被爆者の絵の展示会　被害者の会会長「核兵器禁止まで考えて」,https://news.yahoo.co.jp/articles/b3ee8a7a2be7633f93a0685a0887ca322296736e,8/21(月) 21:12
satvv,藤井七冠と佐々木七段の王位戦「勝負メシ」は市内飲食店から募集…市民投票で上位5位が候補に　静岡・牧之原市,https://news.yahoo.co.jp/articles/c4d634771ca0ec86663cbbfb0ea274a6c74b4036,8/21(月) 21:00
satvv,「夫が腰痛で下山できない」…妻が山小屋に駆け込み消防に救助要請　富士山須走口,https://news.yahoo.co.jp/articles/670491384fbec5efaed5761e07cd403db721d25f,8/21(月) 20:37
satvv,お盆休みが明け…それぞれのリスタート　会社員「頭が回らなくて大変」　大学生「みんなに会えてうれしかった」,https://news.yahoo.co.jp/articles/2579a015886eb25f03944e44a2e2b3c0ee7b03b4,8/21(月) 19:48
satvv,ラムネがピンチ…ビンやビー玉不足に頭抱えるメーカー　売り上げの4割に上る海外ではペットボトルは不評　静岡,https://news.yahoo.co.jp/articles/2ff15b57657aef2b4a18e1d1a88c38638de003bf,8/21(月) 19:40
satvv,無免許運転の中山真珠県議が診断書提出「9月末までの休養を要する」　自民「まずは本人から説明を」　静岡県議会,https://news.yahoo.co.jp/articles/92b70dcd76173dc9a397555d03b8e881e1c72fe4,8/21(月) 19:11
satvv,【速報　熱中症】部活中の男子高校生は中等症、女子中学生は軽症…静岡県内18人救急搬送　中等症5人、軽症13人　/8月21日,https://news.yahoo.co.jp/articles/86ff889827288bc913d53be5b2ccd925ab1eef32,8/21(月) 17:50
satvv,女性の車に乗り込み刃物突きつけ「金を出せ」　出頭の50代男を逮捕　静岡・磐田市,https://news.yahoo.co.jp/articles/2e9864edcb46527d23ea9a403f242e6755681963,8/21(月) 16:25
satvv,台風、そして猛暑　農家から「悲鳴」も…買い物客「ちょっと高い気が…」　かき氷店は最大45分待ち　静岡,https://news.yahoo.co.jp/articles/db8a3f4c0441a94c3d24a969056f82b9590cdad0,8/21(月) 15:28
satvv,ラグビー・静岡ブルーレヴズの新監督に藤井雄一郎氏　日本代表ナショナルチームディレクター,https://news.yahoo.co.jp/articles/54b83d63f1afc0ebba37d7a0453e4306e7a8e332,8/21(月) 14:45
satvv,弘法大師が開創した修禅寺で秋の「万灯会」…4年ぶり一般参加者も交えて　静岡・伊豆市,https://news.yahoo.co.jp/articles/4a72fd05d10e4625994738553090f38e47351d9d,8/21(月) 12:01
satvv,明治～大正時代撮影の富士登山の絵ハガキなど展示　富士山世界遺産登録10周年記念の企画展　静岡・富士宮市,https://news.yahoo.co.jp/articles/2be869923305e222695a3c2c4e08672d61900902,8/21(月) 11:59
satvv,会社事務所など2軒が全焼　ともに留守でけが人はおらず　浜松市東区,https://news.yahoo.co.jp/articles/bcc65f29845d6ddc862e9d368648fbea1c24d2d9,8/21(月) 11:54
satvv,「二俣まつり」の屋台引き回しで男性が転倒…屋台にぶつかり軽傷　浜松市天竜区,https://news.yahoo.co.jp/articles/48e39b4d8ee253f2ee8088f8e4306b95690ba9e5,8/21(月) 11:12
satvv,ジュビロ磐田…1点を守りアウェーで甲府に勝利　J1自動昇格圏の2位をキープ,https://news.yahoo.co.jp/articles/7519472d0760a6721cb92560cf9a6844da3c9435,8/20(日) 21:50
satvv,台風に竜巻…新幹線が最大5時間運転見合わせ　書き入れ時の台風襲来に観光地は　今週の静岡,https://news.yahoo.co.jp/articles/b4b120db850398d772390987b2cd7301e57238e6,8/20(日) 21:41
satvv,【速報】「部屋の中が赤い」「窓から煙が…」　浜松市で建物火災、2軒に延焼か　けが人、逃げ遅れはいない模様,https://news.yahoo.co.jp/articles/00efec089015a253185db7e3b08b1fb28a33efe3,8/20(日) 20:23
satvv,甲子園「初出場初勝利」　浜松開誠館の強さのヒミツは…佐野監督「指導方針を180度変えた」　浜松市,https://news.yahoo.co.jp/articles/8e1f7a738ba8d037a2d2a8c641a18795e33efe21,8/20(日) 18:26
satvv,感謝の気持ちを伝えたい…500発の打ち上げ花火　静岡・富士市　道の駅「富士川楽座」,https://news.yahoo.co.jp/articles/f359d3407f01ec7d64b908b31ce315a12a7b615e,8/20(日) 18:11
satvv,小学生たちの武者行列も…頼朝ゆかりの「富士の巻狩り陣馬の滝まつり」　静岡・富士宮市,https://news.yahoo.co.jp/articles/07c64dd83d9041fe1814f8a46dfeb65473144a93,8/20(日) 18:08
satvv,「まずはバス運転手に興味を持ってほしい」…静岡市で運転体験会　バス業界の課題は人手不足,https://news.yahoo.co.jp/articles/35f2ebe4d453171034ce8096b8961a78f4024c3d,8/20(日) 18:00
satvv,ダイビング講習中に女性が意識不明の重体…ドクターヘリで搬送　静岡・伊東市,https://news.yahoo.co.jp/articles/8c7c361a68f41d0ffa5ca213244ed6f7dcf3a167,8/20(日) 16:22
satvv,静岡空港復活へ（後）カギ握るのは会社収益の半分占める「免税店」　心待ちは「中国便の再開」,https://news.yahoo.co.jp/articles/de07bf944a3aa4cd237d7df7b0339bfb382868c5,8/20(日) 14:47
satvv,静岡空港復活へ（前）…利用者の半数は『見物客』　都民「静岡の空港は穴場」　社長「まず19年並みに…」,https://news.yahoo.co.jp/articles/f0715867977a1570d95cdaef0b66f55c226e8ec6,8/20(日) 14:26
satvv,居合わせた医師が応急処置したものの出血止まらず救助要請…富士山下山中の40代男性が転倒し岩に頭ぶつけ　御殿場口七合九勺,https://news.yahoo.co.jp/articles/06ec39a6ca2960c1f70859045132768a7bae5d7c,8/20(日) 12:12
satvv,「ペットショップで買うよりは…」　命を失いかけた保護犬の譲渡会　静岡・伊豆の国市,https://news.yahoo.co.jp/articles/d261bdede5b2562b10e104d42caf8318b9c8694b,8/20(日) 12:08
satvv,「静岡ー上海線」定期便が今秋再開へ…日本への団体旅行解禁で　静岡空港の国内線搭乗者21カ月連続で前年の同じ月上回る,https://news.yahoo.co.jp/articles/edc39716ce68c4ad4dcfb21ec5e4a2df671c8e52,8/20(日) 12:05
satvv,【速報】清水エスパルスが首位町田に大逆転勝利！0-2から3-2、チアゴサンタナが決勝ゴール！！,https://news.yahoo.co.jp/articles/267e1e9eac455fec1d9125ce70ee408f67ba8416,8/19(土) 20:05
satvv,元競泳日本代表の松田丈志さんのトークショー　食事に偏りなく栄養素を取り入れるテクニックを紹介　浜松市,https://news.yahoo.co.jp/articles/ad3eb1e97ac3bb02cdcb8814979512b59804bdf0,8/19(土) 18:28
satvv,「ブラックジャック」になれるかな?　中学生が手術を模擬体験　静岡・富士市立中央病院,https://news.yahoo.co.jp/articles/eb2df3dbe4586c710ecb9430af1b74cd913ab644,8/19(土) 18:24
satvv,静波海水浴場でハワイ「マウイ島」山火事被災者を支援する募金活動　静岡・牧之原市,https://news.yahoo.co.jp/articles/c7d913879451599c26e808c7f13d793732377951,8/19(土) 18:21
satvv,車2台が出合い頭に衝突　男性（68）が意識不明の重体で病院に搬送されたがその後死亡　静岡・吉田町,https://news.yahoo.co.jp/articles/a53d1d6a60ddbb7e738662c6b9ac72d3bcb01f38,8/19(土) 18:14
satvv,清水エスパルスOB鎌田翔雅さんが町田戦のアイスタ来場、現役引退を報告　サポーターの拍手に涙。「色んなことがよみがえってきて…」,https://news.yahoo.co.jp/articles/b46d76a9d5739e481922b6b11186391fcb7def45,8/19(土) 17:28
satvv,【速報】2位ジュビロ磐田、アウェー甲府戦スタメン発表！43歳遠藤保仁が7戦ぶり先発、守護神三浦がベンチ外,https://news.yahoo.co.jp/articles/b832fbc7ff3f80d3583ea4e0ff0ba2d235ab0174,8/19(土) 16:31
satvv,【速報】J2今節の大一番！清水vs町田スタメン発表！清水は乾貴士やカルリーニョスが先発、町田はエリキらが先発,https://news.yahoo.co.jp/articles/0f60049239c9ba5f28b1038a577413f5dc111644,8/19(土) 16:21
satvv,お盆休みの東海道新幹線の利用客去年の1．25倍に増える　コロナ禍前水準には及ばず0．86倍,https://news.yahoo.co.jp/articles/db5285265aaec5373fcdfd1ae6c2e40b229e0b2b,8/19(土) 12:23
satvv,子どもの車内放置による熱中症事故を防ごうと買い物客に呼びかけ　静岡市清水区,https://news.yahoo.co.jp/articles/56b541aaefcf4738827f64b80e03fd70fe78bb3d,8/19(土) 12:19
satvv,横断中にはねられた女性が死亡　容疑を過失運転致死に切り替えてブラジル国籍の男を取り調べ　静岡・磐田市,https://news.yahoo.co.jp/articles/4469db8e634b7d1b2a4a804337072ac064e82dd7,8/19(土) 12:16
satvv,市役所の職員を名乗る男から「納めすぎた年金を返却する」とATMの操作を指示され100万円だまし取られる　浜松市,https://news.yahoo.co.jp/articles/8e403bff30a694112bf2e65d31d9c98ff9e1e0bc,8/19(土) 11:29
satvv,名門「川奈ホテルゴルフコース」で親子で楽しめるゴルフイベント　静岡・伊東市,https://news.yahoo.co.jp/articles/c4b25018ab0e9002d6d6f43e9e8c5c5ef93dd831,8/19(土) 9:55
satvv,児童「暗くてちょっとだけ怖かった」…コンテナターミナルで仕事体験　清水港が果たす役割学ぶ　静岡市,https://news.yahoo.co.jp/articles/fb1e112fbabdd0646694d6ba1de9072887043759,8/18(金) 22:02
satvv,『日本刀騒ぎ』にも発展…急ブレーキや割り込みなど互いに「危険な運転」か　53歳と62歳の男性を書類送検　静岡県警,https://news.yahoo.co.jp/articles/e790ccbf9a963ed1af1975e9f1debc4696d29dac,8/18(金) 21:47
satvv,横断歩道を渡っていた女性がはねられ意識不明の重体　69歳の男を過失運転致傷の現行犯で逮捕　静岡・袋井市,https://news.yahoo.co.jp/articles/3b5b937a3357a36d72496a128326b45491b955e4,8/18(金) 21:11
satvv,横断歩道ではねられ77歳女性が重傷…乗用車運転の31歳男を過失運転致傷の疑いで現行犯逮捕　静岡・熱海市,https://news.yahoo.co.jp/articles/2a93d973345995ff5358696634adaf8408b44126,8/18(金) 20:28
satvv,児童虐待か…小学生の男の子に足蹴りや平手打ち　監督責任ある40歳男を傷害容疑で逮捕　静岡県警,https://news.yahoo.co.jp/articles/f1bb6f39b1009155952a622d9b2239047d980a8a,8/18(金) 20:17
satvv,海に身元不明の女性の遺体…年齢不詳で白髪で短髪　警察が身元調べる　静岡市清水区,https://news.yahoo.co.jp/articles/5a2c71d0a2c9e24da79545e41d9f0125338ff811,8/18(金) 19:38
satvv,中学生姉妹が剣道の全国大会出場へ…監督は父、コーチは母　姉「気持ちで負けない」　妹「1回でも多く試合を」　静岡・磐田市,https://news.yahoo.co.jp/articles/1bfeebc40676dc3e52cbdc2eebed011e3784413d,8/18(金) 19:30
satvv,お盆休みに相次ぐ車のトラブル　JAFロードサービスの作業員が現場から現場へ急行,https://news.yahoo.co.jp/articles/6ba45da4f824ebdaa98d3c4798a4c553f7632aa6,8/18(金) 19:03
satvv,袴田巌さんが逮捕されて57年　支援者は警察の逮捕に抗議し検察の有罪立証方針を撤回するよう求める署名活動を浜松で,https://news.yahoo.co.jp/articles/47a7291a96f55527d57d66996ef44d08fa604aa3,8/18(金) 18:58
satvv,5人搬送3人重体事故　普通乗用車は制限時速を大幅に超えるスピードで前の車に衝突　ブレーキをかけた痕跡なし　浜松市西区,https://news.yahoo.co.jp/articles/6d749543ca0d2c322916d9673e42fbe9c6c1fa53,8/18(金) 18:54
satvv,軽乗用車と原付バイクが衝突2人死亡事故　軽乗用車を運転し死亡した男性は飲酒運転をしていた疑いが　静岡市葵区,https://news.yahoo.co.jp/articles/951fbe5d877aa8a419c37b5b865d5b541f2c639b,8/18(金) 18:51
satvv,25匹の猫を遺棄したか…母娘を書類送検　「増えすぎて飼えなくなった」　静岡・沼津市,https://news.yahoo.co.jp/articles/bf6477732cdb738cd533c2d4f827e325ea723ac6,8/18(金) 18:48
satvv,30代から50代か…女性の遺体が海岸に漂着　特異な外傷はなく警察が身元の確認進める　静岡・沼津市,https://news.yahoo.co.jp/articles/8727ff4461153962c2266361ea3f50e143d76a52,8/18(金) 18:32
satvv,【速報　熱中症】高校生2人が中等症、店舗で倒れていた男性も　静岡県20人が救急搬送…中等症10人、軽症10人　8月18日,https://news.yahoo.co.jp/articles/2552aed6d4cbf619203ca13fd86e3574d61cf40b,8/18(金) 17:44
satvv,【新型コロナ】静岡県1日平均2000人感染か…定点医療機関は前週より減少　東部は『感染拡大警報レベル』　/8月7～13日,https://news.yahoo.co.jp/articles/b0de2d41dce1efd4ea73b04ec6f3d04439c654df,8/18(金) 15:21
satvv,組員ら3人を傷害容疑で逮捕…2つのグループが乱闘か　警察が事件の全容を捜査　静岡・藤枝市,https://news.yahoo.co.jp/articles/599ea17188150e3f63883bb703a82813834e9af3,8/18(金) 14:38
satvv,「さらって沈めるぞ」…20代女性を脅したか　恐喝未遂容疑で組長ら4人を逮捕　浜松東警察署,https://news.yahoo.co.jp/articles/a7992105a992641a2c0ab92a74461921c1223f32,8/18(金) 13:00
satvv,コンテナターミナルでの仕事を体験し、荷物が安全に運ばれることの重要性を学ぶ　静岡市・清水港,https://news.yahoo.co.jp/articles/2ed7876c0ee89e5ec5b050fd25fab84d39c9dfad,8/18(金) 12:21
satvv,双子の容疑者は無修正のわいせつな動画をネットのサイトで販売した疑い　3億円を売り上げたか　静岡県警,https://news.yahoo.co.jp/articles/49fd43814151992673d4ff8593c61f202c0d3f90,8/18(金) 12:19
satvv,「雨で増水し沢を渡れない」…20代男性ら5人を救助　静岡・富士宮市の毛無山,https://news.yahoo.co.jp/articles/6b6eaf714f8d9c9a49425135c7577c80085e8359,8/18(金) 12:09
satvv,追突した乗用車が対向の軽乗用車に衝突か　5人が病院に搬送されうち3人が重体　浜松市西区の国道,https://news.yahoo.co.jp/articles/67c966ec8cfeb8c213f912dd9419f5e2b0a0735e,8/18(金) 12:05
satvv,静岡ガスとその社員に感謝状　訪問先の高齢者宅で特殊詐欺を未然に防ぐ　静岡・沼津警察署,https://news.yahoo.co.jp/articles/f367b9255477a228adb04c19c085ee917d6fa440,8/18(金) 9:35
satvv,行政財産の緑地誤売却訴訟で掛川市は上告せず4400万円の賠償の支払いが確定,https://news.yahoo.co.jp/articles/60b1f42a7dd564b3f926b8a77087ee3b2f5fb160,8/18(金) 9:32
satvv,「死亡したのは去年の台風15号が原因」　清水区の3人を「災害関連死」に認定　静岡市,https://news.yahoo.co.jp/articles/2adadb6f0690f178bd13b485c4a986306727eb50,8/17(木) 22:58
satvv,今川義元を題材に中学生が全編英語の絵本制作　静岡市歴史博物館でパネル展,https://news.yahoo.co.jp/articles/9b8cc0a241aec2b25561b5941fe2ba4936feb1bb,8/17(木) 22:26
satvv,21万人に影響…東海道新幹線28本が運休し最大2時間半の遅れ　あす18日は始発から通常通り運行予定,https://news.yahoo.co.jp/articles/aef292d04a7c8007cc4e90b03d816826ba73dc68,8/17(木) 22:18
satvv,【速報】国道で3台関連の事故…5人搬送、うち2人は重体か　浜松市,https://news.yahoo.co.jp/articles/e03c022e7cf9558830a7f3c58c472cd307aaf169,8/17(木) 21:55
satvv,静岡県内の『ガソリン不足』…輸送再開で供給回復も　価格は高騰リッター180円超…観光地では悲鳴！「お盆の時期に…」,https://news.yahoo.co.jp/articles/141e77d817cd981d5f83020930e117e2bbfdad39,8/17(木) 21:21
satvv,父の背中を太鼓代わりに練習も…祭りばやし「しゃぎり」に打ち込む女子中学生　静岡・三島市,https://news.yahoo.co.jp/articles/c87de434764ea8061be4b6e4cd9d1fc526511796,8/17(木) 20:38
satvv,診察中に13歳未満の女の子にわいせつ行為か　43歳の医師を再逮捕…病院を家宅捜索　静岡・掛川警察署,https://news.yahoo.co.jp/articles/c1a44b718741bcd048749595e98051e82ddb8248,8/17(木) 19:51
satvv,お盆の送り火「百八体流灯祭」　350の灯ろうが海岸から流され海へ　静岡・熱海市,https://news.yahoo.co.jp/articles/a900c043d281de270d5bf03c44e22eb7af34d0f5,8/17(木) 19:43
satvv,「ショックが大きい」…「グレーチング」盗まれた茶農家の男性　32歳の男を逮捕…換金目的か　静岡・島田市,https://news.yahoo.co.jp/articles/eedea5e7d75315eaae130b1a6f42496e57290630,8/17(木) 19:34
satvv,近畿日本ツーリスト過大請求事件…焼津市は和解、掛川市も和解手続き進める,https://news.yahoo.co.jp/articles/f810cfd9a6eb107e40e5554a2f4c725e248c1389,8/17(木) 19:28
satvv,【大雨】新幹線17日も混乱続く…一時、一部区間で運転見合わせ　竜巻被害29件確認　静岡市,https://news.yahoo.co.jp/articles/981a40382ac4f71e1b6313ff93f91a3f79a455dd,8/17(木) 19:24
satvv,中山真珠県議の無免許運転問題　自民「辞職勧告決議案提出」をいったん保留し推移見守る　静岡県議会,https://news.yahoo.co.jp/articles/9125f2ed975b75cd15869bdaded31b4baaf18f48,8/17(木) 19:11
satvv,時給1000円時代が目の前に…街では「1500円でもいいくらい」　事業者は「その額でも人が集まらない」　静岡,https://news.yahoo.co.jp/articles/0df0277bd547ed24843bbe96182b935e7e6af976,8/17(木) 15:36
satvv,女性の下着盗もうと…午前0時に敷地に侵入したか　49歳の男を住居侵入容疑で逮捕　静岡・袋井市,https://news.yahoo.co.jp/articles/fe1dd624acbf9360aed91de4e7c2a17a8a1980e7,8/17(木) 14:37
satvv,診察中の13歳未満の少女にわいせつ行為か…43歳の小児科医を強制わいせつ容疑で再逮捕　静岡県警,https://news.yahoo.co.jp/articles/2b03287eda95db5655305b7be2edaf9152bc6872,8/17(木) 12:49
satvv,静岡県警の元警部補を不起訴処分　中古車を無許可転売した容疑で書類送検　静岡地検,https://news.yahoo.co.jp/articles/f8c7563063bbe98cf812ffa96e54920b878dc5d5,8/17(木) 12:02
satvv,新幹線が一時運転見合わせ…運転再開も最大2時間半の遅れ,https://news.yahoo.co.jp/articles/bc62c5aa7cbc262646e92e9b33f1380be568d3c0,8/17(木) 11:58
satvv,換金目的か…金属製の側溝「グレーチング」盗んだ容疑　32歳の男を逮捕　静岡・島田市,https://news.yahoo.co.jp/articles/4bb9f94f563de375508774ac7e561186e9e91be1,8/17(木) 11:53
satvv,最初は「儲けが出た」と数万円振り込まれたものの…30代男性が投資名目で2000万円の詐欺被害　静岡・磐田市,https://news.yahoo.co.jp/articles/3222ebdd8f373d42b1a909f7b6c02ecd15cc089c,8/16(水) 22:41
satvv,【大雨】冠水の被害があった静岡・富士市の様子は　林アナウンサーの中継,https://news.yahoo.co.jp/articles/42db4943802039e722ab21d71cb71df5b201f86b,8/16(水) 21:33
satvv,女子高校生が考えた「子ども食堂」…ヤングケアラーらが利用　静岡・伊東市で実証実験始まる,https://news.yahoo.co.jp/articles/f4c25d508b61f30ef0461687d40f5b54fc721420,8/16(水) 21:16
satvv,【大雨】混乱が続くJR静岡駅…帰宅時間帯の様子は　西尾梓アナ中継,https://news.yahoo.co.jp/articles/740276ecbe430a5411820f10b41f7f0774224593,8/16(水) 21:05
satvv,静岡地方気象台は「竜巻と認められる」風速は40mと推定　屋根が飛び窓ガラスが割れ…被害の状況は　静岡市,https://news.yahoo.co.jp/articles/026b9c32115c18c71fb89d722510fefaa836a6a1,8/16(水) 20:47
satvv,【大雨】交通網も大混乱…新幹線は6時間も運転見合わせ　冠水で立ち往生するマイクロバスも　静岡,https://news.yahoo.co.jp/articles/26c92064c1d16ac95aaefab097242b81c5adc214,8/16(水) 20:25
satvv,富士市の24時間雨量は8月の観測史上最大…静岡県内は局地的な大雨　交通機関も大混乱,https://news.yahoo.co.jp/articles/14a49c62db5d28f64c2a31c758e6410b9b680cb2,8/16(水) 18:59
satvv,「身バレした。動画を削除してくれない」…AV出演の女性に契約書渡さなかったか　「AV出演被害防止・救済法違反」県警初適用し兄弟を逮捕　静岡県警,https://news.yahoo.co.jp/articles/ea967fafb30cf3eaa29cacbe2bc233379a1c8da3,8/16(水) 18:26
satvv,【速報】15日の突風は「2つの竜巻」…静岡地方気象台が発表,https://news.yahoo.co.jp/articles/d693a03e0ac13bd37033b1229d942bfafb9f1c62,8/16(水) 17:54
satvv,【大雨】「氾濫危険水位（特別警戒水位）」に達した小潤井川の水位下がる　静岡・富士市,https://news.yahoo.co.jp/articles/8b1cc7833fa861dd3dcf91f8fa4d6f81c19b912d,8/16(水) 17:38
satvv,車が横転し投げ出されたか…運転していた20代男性が重体　静岡・長泉町,https://news.yahoo.co.jp/articles/4206f72c0dee1707e0633795152261bb25cd724a,8/16(水) 17:05
satvv,【交通情報】東海道線　上り静岡～沼津と下りの沼津～東静岡が運転再開　16日午後4時25分ごろ,https://news.yahoo.co.jp/articles/8e26f7781938a137be777183c9c742994a44db6d,8/16(水) 16:54
satvv,16歳の高校生を大麻所持などの疑いで逮捕　職務質問の際に巻紙を所持し家宅捜索受ける　浜松市,https://news.yahoo.co.jp/articles/87c76396a1e9f1f680e07073b6f4abb27acf4ed2,8/16(水) 16:31
satvv,自転車に衝突しそのまま逃走か…転倒して75歳女性がけが　乗用車運転の49歳の男を逮捕　浜松市,https://news.yahoo.co.jp/articles/8a070adcd76975f8b2a52b66131d541e27fbff82,8/16(水) 16:19
satvv,【交通情報】静岡県内の高速道路3区間で今夜通行止めの可能性　中日本高速道路が発表,https://news.yahoo.co.jp/articles/9202a675ca95679fff0f1b1455f7c48b103d2e2e,8/16(水) 16:07
satvv,【交通情報】伊豆急行　伊東～伊豆急下田間の全線で運転見合わせ　16日午後3時40分,https://news.yahoo.co.jp/articles/66587e91a262c11b7feebae900561ee3feb5e025,8/16(水) 15:50
satvv,大学生ら19歳の男4人を大麻所持の疑いで逮捕　職務質問から1人を現行犯逮捕…その後の捜査で3人を通常逮捕　静岡・大仁警察署,https://news.yahoo.co.jp/articles/882d2eaa65836a3bcc53f00b4322984d8ece0c8b,8/16(水) 15:18
satvv,【速報】東海道新幹線が運転再開　16日午後2時10分,https://news.yahoo.co.jp/articles/a9b3cf2e3eded4178baa2ebcca21372a34f9e772,8/16(水) 14:38
satvv,【大雨】東海道線・上り静岡～沼津、下り沼津～東静岡で運転見合わせ　16日午後1時40分,https://news.yahoo.co.jp/articles/2235f1b17e88617ae1e0688fc592ab6fd5066851,8/16(水) 14:13
satvv,【交通情報】新東名・新富士IC～新清水IC間　東名・沼津IC～清水JCTが通行止め　静岡　16日午後1時25分,https://news.yahoo.co.jp/articles/d1301e648d719948e680d17370154dbd5d78e045,8/16(水) 13:49
satvv,【交通情報】東海道新幹線　東京～新大阪の全線で運転見合わせ　山陽新幹線は運転再開,https://news.yahoo.co.jp/articles/045813f155618bfd25eb65236403c8efcd317c5d,8/16(水) 13:35
satvv,竜巻は複数発生か…建物などの被害9件確認、1人けが　静岡市,https://news.yahoo.co.jp/articles/1d1fe6289503912b42eb1b77d3b35deae448b438,8/16(水) 12:56
satvv,2階建て住宅全焼し1人暮らしのお年寄りが救急搬送…腕や顔にやけど　静岡・磐田市,https://news.yahoo.co.jp/articles/f5b682946ce9adcec4bb098526e0b0d1e8af29ba,8/16(水) 12:37
satvv,【大雨】静岡市南部・富士市・富士宮市に土砂災害警戒情報　今夜遅くにかけ非常に激しい雨が降る恐れ　静岡県,https://news.yahoo.co.jp/articles/a89ab72b1b9581b59cee18b8e9322c23ae322205,8/16(水) 12:28
satvv,新幹線・上り博多ー東京、下り東京ー名古屋などで運転見合わせ　大雨の影響…再開のめど立たず,https://news.yahoo.co.jp/articles/fdf902b1693381b2a89470e76d6558857b4e524d,8/16(水) 12:20
satvv,【大雨】小潤井川が「氾濫危険水位（特別警戒水位）」に達する　静岡・富士市　8月16日午前11時15分発表,https://news.yahoo.co.jp/articles/f6d3483f54882b26afd0de294bc0c827f866d3e6,8/16(水) 12:03
satvv,【交通情報】新東名・新富士IC～新清水IC間　東名・富士IC～清水JCTが通行止め　静岡　16日午前11時,https://news.yahoo.co.jp/articles/84a25589788160487c97531c3c1f4aa5851701f5,8/16(水) 11:34
satvv,【交通情報】新幹線　三島～静岡間で雨量規制　この影響で上り博多～東京間などで運転見合わせ　16日午前11時現在,https://news.yahoo.co.jp/articles/d763a84e5cf8a21da2ea587eda4c0b9c79373ac1,8/16(水) 11:03
satvv,【大雨】静岡市南部・富士市・富士宮市に土砂災害警戒情報　東海道新幹線は新富士～静岡間で運転見合わせ　/16日10時20分現在,https://news.yahoo.co.jp/articles/23ebfef366d1611c320489049a5d4d994c75215f,8/16(水) 10:33
satvv,【事故】「ガタン」という音が…。72歳母親が44歳息子をはねる事故で重体　静岡・御殿場市,https://news.yahoo.co.jp/articles/aaf30f04981d6ffe39a3ab43566a3a16a165f28a,8/16(水) 1:51
satvv,10代の男5人が役割分担してバッグなど万引きか…神奈川県の19歳の男を再逮捕　静岡・御殿場市,https://news.yahoo.co.jp/articles/ea3bc5520d97968cbefc3e3c5898fbe7c7d7129b,8/15(火) 22:17
satvv,【速報】静岡・磐田市で住宅火災　80代男性を救急搬送,https://news.yahoo.co.jp/articles/8614e6c3ebbf1609cb91e71d2ded880fe0c0293c,8/15(火) 21:49
satvv,「だまされたふり作戦」で逮捕した男2人が大金所持…別のオレオレ詐欺事件で再逮捕　浜松市,https://news.yahoo.co.jp/articles/8522e56de7f63809cec58c6d86767d3216a79b45,8/15(火) 21:36
satvv,【竜巻か】発生7時間…現場の様子を林輝彦アナウンサーが中継,https://news.yahoo.co.jp/articles/f9a051d6fdd0a6244c0993179cb1e04975a0193c,8/15(火) 21:01
satvv,【続報】トラックがトンネルの壁に衝突し助手席の18歳男性死亡　運転の41歳男を逮捕　静岡市,https://news.yahoo.co.jp/articles/00bca28831b4523a567d8b1c9c1975397624ebb5,8/15(火) 20:50
satvv,知人男性の頭をバットで殴ったか…被害者は頭を骨折する重傷　33歳の男を殺人未遂容疑で逮捕　静岡・袋井市,https://news.yahoo.co.jp/articles/87eb0213fb6f37bc3ec2c1dd7a09f40b7663b911,8/15(火) 20:39
satvv,【台風7号】ガソリンが品薄に…船舶による石油輸送に大幅な遅れ　浜松市では動物園やフラワーパークなど『臨時休業』に　静岡,https://news.yahoo.co.jp/articles/21c367cb8643ae4060fbfeba7f24dfc873b342c0,8/15(火) 20:36
satvv,終戦から78年…平和祈る式典　台風7号の影響で規模縮小し開催　静岡市,https://news.yahoo.co.jp/articles/3dbdae4373830241316406906a5d7ba8c62a98db,8/15(火) 19:35
satvv,吉松主将「最高の場所で最高の仲間と野球ができた」　近藤投手「悔いなく投げられた」　浜松開誠館の選手が浜松に戻る,https://news.yahoo.co.jp/articles/ded3f0725957f85ac20df519b27ee2771348673b,8/15(火) 19:31
satvv,東海道新幹線あすは始発から通常運転の予定　台風被害の状況次第では「見合わせ」も　静岡,https://news.yahoo.co.jp/articles/7a9fc0a52ee4f0bf60cbb41b62da5107f5a57a92,8/15(火) 19:29
satvv,【台風7号】あす午前までは線状降水帯発生の恐れも　引き続き土砂災害や河川の増水に警戒必要　静岡県,https://news.yahoo.co.jp/articles/9fb6bb495cdddda1d2017f7d259867c566f5775e,8/15(火) 19:19
satvv,【竜巻か】窓ガラスが割れ床一面にガラスの破片…一時2000軒余りが停電　静岡市,https://news.yahoo.co.jp/articles/e1b151115e22f3c287b2ecdf67a495338292c291,8/15(火) 19:15
satvv,【竜巻か】「空に板と木が飛んでいった」…屋根が飛ばされ、車横転　1人軽いけが　静岡市,https://news.yahoo.co.jp/articles/ff7dd42c56bdff173bb5d37c371390091d6a046a,8/15(火) 19:12
satvv,【速報　熱中症】静岡県5人を救急搬送…中等症2人、軽症3人　8月15日,https://news.yahoo.co.jp/articles/ccfa3f5dff3defeb909043f8a9968d07a3ac62d9,8/15(火) 17:20
satvv,トラックがトンネルの壁に衝突…18歳のアルバイト男性が死亡　静岡市葵区,https://news.yahoo.co.jp/articles/a4e5da0f96bb1de0e0bc53c3aa91cb702078b60d,8/15(火) 15:50
satvv,【台風7号】FDA静岡空港発着の16便の欠航を決定　新東名はあす16日に一部区間通行止めの可能性　静岡,https://news.yahoo.co.jp/articles/ed745904552e6c2ee43879aea23a54d29ba9424c,8/15(火) 12:04
satvv,台風7号が和歌山県に上陸…静岡県でも警報級大雨の可能性,https://news.yahoo.co.jp/articles/80d4493df611b284aecd73aa3c44259b5019c645,8/15(火) 12:00
satvv,【速報】静岡市で「竜巻」か…屋根が飛ばされ、車が横転,https://news.yahoo.co.jp/articles/effc801d01e6f2569e8d69e636c428a66cd40e7c,8/15(火) 11:57
satvv,無免許運転の中山県議が議長ヒアリングをキャンセル　8月中に臨時議会開催か　静岡県議会,https://news.yahoo.co.jp/articles/201d6fbc6e9fc7d56f4d2678cda12a445f6179d3,8/15(火) 10:54
satvv,「感動をありがとう！」…甲子園大会で惜敗の浜松開誠館高校に浜松・中野市長がコメント,https://news.yahoo.co.jp/articles/767e517f8391a0995711370e8906786d0d0e521a,8/15(火) 10:29
satvv,消防士殉職の呉服町ビル火災から1年　駿河消防署では署長らが献花し再発防止を改めて誓う　静岡市,https://news.yahoo.co.jp/articles/2db5e2f08db5f803bd468b3ff3eb350f5f4af158,8/15(火) 10:13
satvv,インターネットで知り合った10代の少女を誘拐したとして47歳の男を現行犯逮捕,https://news.yahoo.co.jp/articles/618dc952c318e6a21ccad13c22cf461affb33b0c,8/14(月) 21:08
satvv,19歳の男性を殴りけがをさせた疑いで建設作業員の男を逮捕　湖西市,https://news.yahoo.co.jp/articles/9bd026460728c44552a0c330d9dacbd960443196,8/14(月) 20:58
satvv,「今ある日常がいつまでも続きますように」終戦記念日に平和への願いを書くイベント　富士市「ふじ・紙の　アートミュージアム」,https://news.yahoo.co.jp/articles/165ec2bd91e4225566ba7a728e95fd17408c7712,8/14(月) 20:46
satvv,全国高校野球選手権2回戦　浜松開誠館は強豪南北海道の北海高校と対戦 父親のリベンジ燃える双子の兄弟が先発,https://news.yahoo.co.jp/articles/182948ea5ebfac1e866f26008566230c9c2ef316,8/14(月) 20:04
satvv,【2人死亡事故】運転手が死亡した軽乗用車は事故直前に別の場所でも追突事故を起こし走り去っていた疑い,https://news.yahoo.co.jp/articles/d7db3f24747a35c32e5449a26f446fb3220aaea7,8/14(月) 19:59
satvv,夏祭りの会場に車で突っ込んだ男は、そのまま現場から立ち去ろうとしていたことが判明　静岡市葵区,https://news.yahoo.co.jp/articles/435b59596633185edfd34877c922a959323a90b9,8/14(月) 19:54
satvv,去年台風8号で被害を受けた静岡県松崎町　1年後その教訓は,https://news.yahoo.co.jp/articles/3665abd09923d1f7fcf85e23cd2620bbbb1ffa5f,8/14(月) 19:47
satvv,静岡駅から中継,https://news.yahoo.co.jp/articles/60555faabef4990e84ae7dfcf9d29720f6c59ba0,8/14(月) 19:42
satvv,【台風7号】東海道新幹線・大阪～名古屋15日全面運休　東京～名古屋大幅に本数減らして運転,https://news.yahoo.co.jp/articles/d5a2054e8d6201febb36f3c792edbf753ad5fc89,8/14(月) 19:38
satvv,【台風7号】15日朝に紀伊半島に上陸する見込み　静岡県内も今夜から15日の夜にかけて警報級の大雨に,https://news.yahoo.co.jp/articles/2fc721bffa1bffb4fd742a7eb13c54f22454faea,8/14(月) 19:31
satvv,刃物で「金を出せ」と女性を脅したものの女性が「助けて」と叫ぶと何も取らずに逃走　静岡・磐田市の大型量販店駐車場で強盗未遂事件,https://news.yahoo.co.jp/articles/3f3f1b02d30b8d02bb55991543c2dc22f14064ce,8/14(月) 16:58
satvv,【速報】高校野球選手権　浜松開誠館高校は北海高校と対戦し2対3で惜敗,https://news.yahoo.co.jp/articles/e35b0883e904531d6eb25a6583c36c7d9060eabb,8/14(月) 16:09
satvv,中学校の後輩2人を殴りけがをさせたとして建設作業員の少年を傷害の疑いで逮捕　静岡・函南町,https://news.yahoo.co.jp/articles/cb5794eea6b2f2732f86b2c194a2ef0920e8d1b7,8/14(月) 13:38
satvv,2人死亡事故の軽乗用車　事故の直前にも別の場所で追突事故を起こしそのまま走り去っていた疑い　静岡市葵区,https://news.yahoo.co.jp/articles/a66ed757b8a53bd36ec930b1997f986af87c9161,8/14(月) 12:24
satvv,15日東海道新幹線・東京～名古屋間大幅に本数を減らして運航　フジドリームエアラインズ・3便の欠航が決定,https://news.yahoo.co.jp/articles/679b2f3f7264d8de5defa742d24c2130ce164d5f,8/14(月) 12:19
satvv,【台風7号】静岡県内14日午後から15日夜にかけて警報級の大雨になる恐れ　線状降水帯が発生する可能性も,https://news.yahoo.co.jp/articles/72314ba088e3c4712ca39e0d4da42fe1df69dccf,8/14(月) 12:13
satvv,【台風7号】東海地方に「線状降水帯」発生の恐れ　14日午後～15日夜,https://news.yahoo.co.jp/articles/2be86e568386dbf2ae2d57414902328b0572a099,8/14(月) 8:22
satvv,【台風7号】15日昼過ぎから夕方にかけて静岡県に最接近する見込み　JR東海は15日東海道新幹線の計画運休を実施,https://news.yahoo.co.jp/articles/fe61498cb3b3d24f3e5fac2058c394e81d8d18c9,8/13(日) 21:03
satvv,【台風7号】15日火曜日の午後静岡県内に最接近する見通し　JR東海は新幹線の計画運休15日は実施する可能性,https://news.yahoo.co.jp/articles/659fc20af37d75fc772e82e2d29b883359332cbd,8/13(日) 17:57
satvv,夏祭りの会場に車で突っ込み殺人未遂の疑いで逮捕された男を送検　動機などを追及へ　静岡県警,https://news.yahoo.co.jp/articles/8343a3f8777d8966aba13ff6afb124b7f943b37a,8/13(日) 12:17
satvv,「車が燃えている」と通報　軽乗用車と原付バイクが衝突・炎上　2人が死亡　静岡市葵区,https://news.yahoo.co.jp/articles/b7065a9819a1e1fd32d517d0bd34148b1fb8f765,8/13(日) 12:06
satvv,「足をけがしている。歩けない」富士山須走口6合目付近を下山中のアメリカ人女性を救助 　御殿場警察署,https://news.yahoo.co.jp/articles/8c3496b988b2fc36373bdec51b2d7407f65aa3f8,8/13(日) 11:42
satvv,「一瞬で殺してやるぞ」旅館の従業員を脅迫したとして宿泊客の男を現行犯逮捕　静岡・東伊豆町,https://news.yahoo.co.jp/articles/0168304d23b99ba705c183d6f658a25d88d0a52d,8/13(日) 11:08
satvv,【速報】13日未明静岡市で軽乗用車とバイクが衝突し炎上　2人の死亡を確認,https://news.yahoo.co.jp/articles/7ad771cbdd47f4508743a57258cb2357c75cd573,8/13(日) 9:56
satvv,【詳報】高波にさらわれた息子助けようと父親も海へ…海上保安部が水上バイクで2人を救助　静岡・伊東市,https://news.yahoo.co.jp/articles/9ce164a5f62deb469a2f6478162431aba1c5feea,8/12(土) 21:24
satvv,【速報】ジュビロ磐田、首位町田との直接対決に惜敗！　松原后が1点返すも2本のPKに沈む,https://news.yahoo.co.jp/articles/6dba7b30c978f1852f1a1122e1bb7d604e7f0bd8,8/12(土) 21:06
satvv,【速報】清水エスパルスが山口破って3連勝！J1自動昇格圏2位磐田とついに勝点差2！次節首位町田戦,https://news.yahoo.co.jp/articles/eb92e7455c584adab100a3dba85cb0d35c22c01c,8/12(土) 20:01
satvv,「弾丸登山」で下山中に足がふらつき転倒…負傷のフランス人男性をブルドーザーで救助　富士山富士宮口,https://news.yahoo.co.jp/articles/c1ee191668974ddf08afaa8908b4979d57670d58,8/12(土) 19:26
satvv,バッグに穴をあけてスマホで…20代女性のスカート内を盗撮か　38歳の男を現行犯逮捕　浜松市,https://news.yahoo.co.jp/articles/1b0c7c5c016dc3d29908294427a65ff6378779b4,8/12(土) 18:50
satvv,三嶋大祭り盛り上げる「しゃぎり電車」　ホームに太鼓や鐘の音響く　静岡・三島市,https://news.yahoo.co.jp/articles/58f4089731c36778f2190cbe74a819c56ff33aec,8/12(土) 18:19
satvv,きれいな水に生息する生物がたくさん…狩野川で小学生が「水生生物観察会」静岡・伊豆市,https://news.yahoo.co.jp/articles/43d15b7b1c8b226f1ae28f69087a652e5993ac99,8/12(土) 18:16
satvv,15日に東海地方にかなり近づく恐れ　JR東海は14～16日に運転見合わせの恐れがあると発表　静岡,https://news.yahoo.co.jp/articles/e9b37829943804cf231d3e283e7fe96dba494c98,8/12(土) 18:06
satvv,歩行者天国に車で突っ込んだ容疑で逮捕の男「個人的な悩みがあった」　自宅など複数個所を家宅捜索　静岡市,https://news.yahoo.co.jp/articles/6b6c180513a8f4b819a7349491279bbacd2d032a,8/12(土) 18:02
satvv,釣り人が高波にさらわれ海に転落…助けようとした男性も転落　1人はドクターヘリで搬送　静岡・伊東市,https://news.yahoo.co.jp/articles/0c6bbf69b4943339ac34a8b102b1a6d9af7fa4c1,8/12(土) 17:03
satvv,パラソルの返却求めトラブルか…男性に頭突きしたとして海の家従業員を逮捕　静岡・下田市,https://news.yahoo.co.jp/articles/1c71004762cd1c3b5a1f5b29e40b54337043409f,8/12(土) 16:39
satvv,【速報】3位清水エスパルス、3連勝かけた山口戦スタメン発表！山原が24戦ぶり、チアゴサンタナもスタメン復帰！,https://news.yahoo.co.jp/articles/a71883b91951d705b12ac3dae9792fd0d21b6aea,8/12(土) 16:27
satvv,軽装で弾丸登山…ベトナム人男性9合目で引き返すも疲労で立ち上がれず　警察の山岳遭難救助隊員が救助　富士山富士宮口,https://news.yahoo.co.jp/articles/ff5b41882b1bf97d4dfd14decadfc606aa70f6dd,8/12(土) 15:34
satvv,【台風7号】14～16日に新幹線などで計画運休や運転見合わせの可能性　JR東海静岡広報室/12日午後1時,https://news.yahoo.co.jp/articles/f2632e99f77d2fd276f85f0cfda1e2aee4fcc57c,8/12(土) 14:19
satvv,疲労で座り込んだり、転倒してけがしたり…近くにいた登山者が『救助要請』　富士山富士宮口で遭難相次ぐ,https://news.yahoo.co.jp/articles/f945de09473ebe1970dd175f6c73e0cfc36d8105,8/12(土) 13:19
satvv,山伏岳に登山の82歳男性が行方不明　登山道入り口に男性の車　静岡市,https://news.yahoo.co.jp/articles/6a1f4c9221bb3a203acf6e33701cc97c986261a3,8/12(土) 12:43
satvv,「いい子のイメージしかない」　歩行者天国に車で突っ込み殺人未遂容疑で逮捕の男「むしゃくしゃしてやった」　静岡市,https://news.yahoo.co.jp/articles/6b63fd577beb3524a2b5958672c04015b0e48d8b,8/12(土) 12:30
satvv,戦時中の遺品など展示…激しい地上戦あった沖縄の写真や原爆語り継ぐ広島の高校生の絵も,https://news.yahoo.co.jp/articles/6f099b086ebfdac05c53fc2081bf33bda21e68d2,8/12(土) 12:23
satvv,【台風7号】15日ごろ東海地方に接近か…進路によっては来週前半は大荒れの天気　静岡,https://news.yahoo.co.jp/articles/e5e2a4e40a28119e9bc190bf2c7d6753577f72ff,8/12(土) 12:17
satvv,目撃者「減速する様子なく突き進んだ」…歩行者天国に車で突っ込み3人負傷　殺人未遂容疑で26歳男を現行犯逮捕　静岡市,https://news.yahoo.co.jp/articles/b5d38890bbc24f12a02591f91084d0d456e789e1,8/12(土) 10:51
satvv,【続報】「むしゃくしゃしてやった」…逮捕の男容疑認める　歩行者天国に車で突っ込み2歳児ら3人にけがさせた殺人未遂容疑　静岡市,https://news.yahoo.co.jp/articles/6c20d2efbd47ce8bd714a9d61ee2aafd09ca23aa,8/11(金) 22:59
satvv,【続報】車が歩行者天国に突っ込み2歳児ら3人けが　26歳の男を殺人未遂容疑で現行犯逮捕　静岡市,https://news.yahoo.co.jp/articles/ecc5419ae473b70a5ecfe711348b793769be9428,8/11(金) 21:59
satvv,トラックが前を走る車4台に次々と衝突　トラックの運転手が頭を打ち軽いけが　静岡・三島市,https://news.yahoo.co.jp/articles/aef4837aff64bd8b287d3bbf203211284ce5d613,8/11(金) 20:48
satvv,「按針祭」のフィナーレを飾る花火大会22万5000人の人出でにぎわう　静岡・伊東市,https://news.yahoo.co.jp/articles/fc1e4d3514f69835b37544a7cbd1049f83834b03,8/11(金) 20:40
satvv,静岡市の「夜店市」の会場で複数人が車にはねられる,https://news.yahoo.co.jp/articles/aa7442febd516762056691ca070a5b4a0ecfb788,8/11(金) 20:06
satvv,「サルは有罪か無罪か」小学生の模擬裁判テーマは「桃太郎」　静岡地裁,https://news.yahoo.co.jp/articles/af042010e28aca97bec3412686f19eb5ae858776,8/11(金) 19:54
satvv,【ビッグモーター街路樹伐採問題】閉店した3店舗も含め街路樹が枯れた理由について社内調査するよう求める　浜松市中野祐介市長,https://news.yahoo.co.jp/articles/362f541f3cca2dbf0d8d0c5dc7a62ce0c745330c,8/11(金) 19:45
satvv,来週台風7号が静岡県に最接近　去年台風15号で甚大な被害を受けた静岡市清水区では,https://news.yahoo.co.jp/articles/6f7b33acafaa154df8a621d487030948f0468f48,8/11(金) 19:30
satvv,東海道新幹線お盆休みの帰省客で下りの混雑ピークに　JR静岡駅,https://news.yahoo.co.jp/articles/71d2da431518e702952c2c567759d51878b072e0,8/11(金) 19:25
satvv,【速報】静岡市の夜店市に車が突入　複数人はねられる,https://news.yahoo.co.jp/articles/606d6ce806c253b7cc506d56a1b2c1779c953030,8/11(金) 18:43
satvv,交際相手の女性の髪をつかみ、引きずり倒したとして暴行容疑で23歳の男を逮捕　静岡中央警察署,https://news.yahoo.co.jp/articles/f1d619f7162d9297afebf87cac42c39337d93467,8/11(金) 17:58
satvv,飲食店で知人男性の顔を殴った疑いで牧之原市の建設業の男を逮捕　静岡・藤枝市,https://news.yahoo.co.jp/articles/3c318b553286fd9b83e2bb632b8c6881f85c4bee,8/11(金) 15:39
satvv,東海道新幹線下りがお盆の混雑ピークに　11日朝から混み合う　「ひかり」乗車率上り100%下り120%　JR静岡駅,https://news.yahoo.co.jp/articles/2e76f065dceac9753b2e6c0d557a298fcf1d19f5,8/11(金) 12:03
satvv,東名高速下りで追突事故　お盆休み初日で渋滞発生　静岡・大井川焼津藤枝スマートインター付近,https://news.yahoo.co.jp/articles/6294bce0b510ecb79665b355f2e231892fc68483,8/11(金) 12:00
satvv,男性会社員にナイフを投げつけて殺そうとしたとして調理師の男を殺人未遂容疑で逮捕　会社員は軽傷　静岡・三島市,https://news.yahoo.co.jp/articles/90b9c7b711365c467ef16631c37a8e7055ecfdce,8/11(金) 10:35
satvv,小学生と家族がお金の仕組みやSDGsを学ぶイベント　証券会社社員らが講義　静岡・沼津市,https://news.yahoo.co.jp/articles/ec64d44b6562910359431c1d0f2cf9b448017fba,8/11(金) 10:15
satvv,行政財産の緑地を誤って売却　東京高裁は掛川市に4400万円の賠償を命じる判決,https://news.yahoo.co.jp/articles/a188793dc596d5b5fdb13d28e4270c5343392e5e,8/11(金) 10:11
satvv,20代の女性の裸をスマートフォンで撮影した疑いで自称会社員の男を逮捕　性的姿態等撮影処罰法違反容疑　静岡・富士市,https://news.yahoo.co.jp/articles/8c9f48536219f997279131cd4760bcd65fb853a6,8/11(金) 9:59
satvv,油圧ショベルの運転席のガラス割ったか…逮捕の40歳の男「覚えていない」　静岡市,https://news.yahoo.co.jp/articles/31e1ea6846ed80fddb376762ef12687eeb37be98,8/10(木) 23:00
satvv,警察官を窃盗罪で起訴…白バイでパトロール中に駐車車両から18万円盗んだか　静岡地検浜松支部,https://news.yahoo.co.jp/articles/788a14c45b5ce1d94cc47a6ce245a992b5fd8627,8/10(木) 22:51
satvv,警察官の勘で不審に思い職務質問…女子高生を宮崎県から埼玉県まで連れ去ったか　30歳男を逮捕　静岡・富士市,https://news.yahoo.co.jp/articles/2f8f8912fbef36b67f70d9f2d67db683afed109f,8/10(木) 22:47
satvv,「熱中症警戒アラート」…7月だけで去年の3倍　浜松・中野市長「発表された日は不要不急の外出控えて」,https://news.yahoo.co.jp/articles/f22a79a0ac0d9e8bc912834bc26ae8d574e8f78c,8/10(木) 21:24
satvv,「問題の本質はそこにない」…静岡大の提案に静岡・難波市長　静岡大・浜松医大の統合・再編問題,https://news.yahoo.co.jp/articles/d444caab2d92292fddc0b8ca8841ad841fb1d536,8/10(木) 21:01
satvv,新型コロナ患者が増加する中あすからお盆休みに…医療機関はどこも休診,https://news.yahoo.co.jp/articles/d597993cee88cd81572d3d59fd2c1eeeb41ba7e9,8/10(木) 19:29
satvv,台風15号災害時の市の対応を再検討　新たな実施計画を発表　静岡市・難波市長「私がその時市長であれば自衛隊はすぐ要請しただろう」,https://news.yahoo.co.jp/articles/4288bb9985e09f4cf4a2940a5fe65f18773fe19b,8/10(木) 19:26
satvv,台風7号15日に静岡県最接近か14日、15日は警報級の大雨の恐れ　JR東海道新幹線で計画運休の可能性も　静岡地方気象台が注意呼びかけ,https://news.yahoo.co.jp/articles/158fe4b80d857bd5a8866159f6e771220cbb79d2,8/10(木) 19:22
satvv,【台風7号】13～16日に東海道新幹線や静岡県内の在来線で計画運休・運転見合わせの可能性　JR東海静岡広報室,https://news.yahoo.co.jp/articles/9751f58f75b847a30b1c0b99864041ec4fec7e94,8/10(木) 19:20
satvv,全国高校野球選手権　浜松開誠館1回戦で熊本の東海大熊本星翔を5対2で破り初勝利,https://news.yahoo.co.jp/articles/e7e189f5c6817bfe70444ee65696493e59d8f81b,8/10(木) 19:06
satvv,日本初の洋式帆船を建造…イギリス人・三浦按針の功績をたたえるセレモニー　静岡・伊東市,https://news.yahoo.co.jp/articles/3ff86145b80f1b32dc7668dfaea86da0d17da007,8/10(木) 18:55
satvv,3日間で30時限…中学3年生対象に夏の特訓　帰宅後も受験の心得を学ぶオンライン授業　浜松市,https://news.yahoo.co.jp/articles/21f3a181aa8731812e62d690cc49b3ae5b0335e7,8/10(木) 18:51
satvv,【速報　熱中症】静岡県内で男子中学生ら計11人を救急搬送　中等症5人、軽症6人　/8月10日,https://news.yahoo.co.jp/articles/106e388ad9d9763247503316b4b502f0483e960c,8/10(木) 17:41
satvv,自席近くの棚に入れたまま…100万円の入金処理忘れる　39歳の男性職員を戒告処分　静岡・松崎町,https://news.yahoo.co.jp/articles/0bd2809481f4bb67199e06126d998cb696268dc6,8/10(木) 17:10
satvv,どうなる？　ワゴン販売名物「硬いアイスクリーム」　新幹線「のぞみ」「ひかり」のワゴン販売10月末で終了,https://news.yahoo.co.jp/articles/ae9775ff7f3b9efba5c678b4a977020faf6e3a1b,8/10(木) 15:27
satvv,【ビッグモーター】静岡・川勝知事「除草剤の成分検出されれば警察に被害届提出」　店舗前の街路樹伐採問題で,https://news.yahoo.co.jp/articles/5f22d148748bbd8a809fe78ddc0563fb13ad0ba7,8/10(木) 13:50
satvv,静岡県CMグランプリ　テレビ部門の最優秀賞は静岡銀行・相続「とりわけ」篇,https://news.yahoo.co.jp/articles/6fa84e258f2a0b2fbacd1ebbe44f693219e0bca1,8/10(木) 12:00
satvv,勤務中に現金4万円を奪い店長の女性を殴った疑いでトルコ国籍のバー従業員を逮捕　浜松市中区,https://news.yahoo.co.jp/articles/9c58128d90217ee59436d27c843b0854222cdf99,8/10(木) 11:28
satvv,全国高校野球選手権　浜松開誠館は熊本の東海大熊本星翔を下して1回戦突破,https://news.yahoo.co.jp/articles/355059f63abbce3c1807ffcb758ad7a5d9fe28ee,8/10(木) 11:09
satvv,下田海上保安部が美しい海を守ろうと絵本「うみがめマリンの大冒険」を下田市内の小中学校に寄贈,https://news.yahoo.co.jp/articles/6195b82e4aff691a09de5d3f92ad591c4245e554,8/10(木) 9:34
satvv,高校生が1日市長に「僕が市長か・・・何か気持ちいいです（笑）」静岡・御殿場市,https://news.yahoo.co.jp/articles/c9ef60882468227d1b4c7eb0e52ebad9120d54cc,8/9(水) 20:02
satvv,高齢者に幸せと前向きな気持ちを届ける「福祉ネイル」～静岡県沼津市の高齢者施設から,https://news.yahoo.co.jp/articles/de0e55ed1a4ee8266fd55a5cd0619b2778efe597,8/9(水) 19:52
satvv,お盆休み前に悩ましい～レギュラーガソリン高騰180円に　車で遠出もできず、日帰り温泉ですら…,https://news.yahoo.co.jp/articles/38fd859cc99f3a3b3d99c270cac55d121cde3a8e,8/9(水) 19:41
satvv,台風7号発生　静岡県東部の観光地では警戒感　伊豆・三津シーパラダイス&沼津港,https://news.yahoo.co.jp/articles/500bb71162a0eaa2344a79be8d20c59abfd31117,8/9(水) 19:29
satvv,静岡県が業務用モバイルパソコン9台を紛失　盗難と紛失両方の可能性　情報の漏えいはなし,https://news.yahoo.co.jp/articles/8d8eb95b7b4b6963fe6bbd6cf3ac76087803e57e,8/9(水) 19:26
satvv,「静岡マラソン」2024年3月10日に5年ぶり開催決定　フルマラソン・定員1万2000人,https://news.yahoo.co.jp/articles/9b5b9f8cfb1318bb1c1f619386b81d66b0cb927b,8/9(水) 19:23
satvv,富士山で傷害事件　5合目の駐車場でフランス人男性の頭を殴るなどの暴行を加えけがをさせたとしてスリランカ国籍の男を逮捕,https://news.yahoo.co.jp/articles/4d21fb46ac196405f0168b5b02a339fe94473d67,8/9(水) 17:48
satvv,軽四貨物自動車と軽乗用車が正面衝突し軽四貨物の84歳の男性が死亡　どちらかがセンターラインをはみ出したか　静岡・焼津市,https://news.yahoo.co.jp/articles/39b67049c97dc728dbc1c4edfbaec103d679e692,8/9(水) 17:12
satvv,高校1年の男子生徒の顔を殴るなどして全治1カ月半の大けがをさせた疑いで16歳の少年を逮捕　静岡・沼津市,https://news.yahoo.co.jp/articles/b1e456201493defb28f403e71562d7f709a8ce78,8/9(水) 12:15
satvv,大理石やガラスなどを砕きそのかけらを寄せ合わせる装飾技法　鈴村敦夫壁画展　静岡・熱海市「起雲閣」,https://news.yahoo.co.jp/articles/9cdda4be0b1af1104f6c59f9788f62d36453ebae,8/9(水) 12:01
satvv,航空自衛隊浜松基地の周辺で高濃度の有機フッ素化合物が検出されている問題　浜田防衛大臣が基地内の調査を実施する方針を示す,https://news.yahoo.co.jp/articles/8a7964570e3c5ee797752a0c7a3a4328414cd267,8/9(水) 11:58
satvv,深夜の路上で外国人とみられる2人に襲われ現金6万円が入った財布を奪われる　警察は強盗事件としてマスクをした2人組の行方を追う　浜松市北区,https://news.yahoo.co.jp/articles/80ce3ef5c426d4f90a0ed1e3ce04463116a98817,8/9(水) 11:56
satvv,20代の女性にわいせつ行為か…74歳の男を準強制性交等の疑いで逮捕　静岡県警,https://news.yahoo.co.jp/articles/d124e7581ade0074f25b095d7bf198efbeb7b993,8/8(火) 22:35
satvv,酒気帯びでトラック運転し乗用車と衝突か…夫婦と5歳と9歳の男児の計4人がけが　58歳の男を逮捕　静岡・富士市,https://news.yahoo.co.jp/articles/a89836bc2dd90810b18ddc7dc7938a1116f1f6e3,8/8(火) 22:22
satvv,ビッグモーター提訴の翌月に亡くなった店長　LINEに残された上司の厳しい言葉…父「あれが暴言じゃないなら何が暴言か」　静岡,https://news.yahoo.co.jp/articles/3fc200e324bb877f73a7c09ca2122711948efe96,8/8(火) 21:51
satvv,少子高齢・過疎化の実情は…社会福祉学部の学生がフィールドワーク　静岡・伊豆市の土肥地区,https://news.yahoo.co.jp/articles/6dde8e474903e0c0e6ad8925f77ad186549f6d17,8/8(火) 21:41
satvv,「東京ガールズコレクション」2024年1月13日静岡市で開催決定　「みちょぱ」こと池田美優さんが意気込みを語る,https://news.yahoo.co.jp/articles/f3e5919090977884f0d2254f1ffc45dae3d13db0,8/8(火) 19:32
satvv,浜名湖アサリの収穫ルールを変更　採取時期を3月から8月末までに限定　1人の採取量2キロ以下から1キロ以下に　浜名漁協,https://news.yahoo.co.jp/articles/2125eff82acfb88d307c70893a754ddaedbc82a6,8/8(火) 19:26
satvv,【バイパス橋げた落下事故】橋げたの中心部のズレを調整する作業中に落下した疑い 国交省事故調査委員会,https://news.yahoo.co.jp/articles/789d2a3e4bceffd43ab85df08beca8455dde94e4,8/8(火) 19:21
satvv,「駿府の工房　匠宿」にプラモデル組み立てる「模型工房」　タミヤが監修…田宮社長「期待してほしい」　静岡市,https://news.yahoo.co.jp/articles/b3c933004772a46f1efb4e690d5e6b6b11c91b44,8/8(火) 19:17
satvv,【リニア新幹線】川勝知事と経済産業副大臣との面会は調整難航　そしてトンネル工事での新たな動き「先進坑」とは,https://news.yahoo.co.jp/articles/491bad9eaeeb2b6f051821056e9360f652078824,8/8(火) 19:14
satvv,去年の台風15号と今年の2号…2年連続被災の世帯に「支援金上乗せ」　対象は25世帯　静岡・磐田市,https://news.yahoo.co.jp/articles/9e22d103638161b486156e9b83118a148eba30f2,8/8(火) 19:13
satvv,無免許運転が発覚した中山真珠県議が謝罪会見　自民党改革会議は辞職勧告決議案提出へ　静岡県議会,https://news.yahoo.co.jp/articles/5e90a6ac8e8f238c3f00a028f93d7884e3594573,8/8(火) 19:07
satvv,合格発表日以前に結果発表　禁止の途中退席認める　簿記実務検定試験で不適切な運営や採点ミス　静岡,https://news.yahoo.co.jp/articles/054127d4a545001f529a91537c3ad746d8cbab33,8/8(火) 19:04
satvv,【速報　熱中症】部活動中の中高生も…静岡県13人救急搬送　中等症6人、軽症7人　/8月8日,https://news.yahoo.co.jp/articles/bc36ae4ff82fdf94160a2eb685730eef72a18d9c,8/8(火) 18:07
satvv,無免許運転で追突事故起こしたか…18歳の男を無免許過失運転致傷の疑いで逮捕　静岡市,https://news.yahoo.co.jp/articles/e14952bb4a24b5176ced83fb949a8e814fba75ca,8/8(火) 16:26
satvv,庭の防犯カメラで気づく　のぞき目的で庭に侵入か…41歳の男を住居侵入容疑で逮捕　静岡・裾野市,https://news.yahoo.co.jp/articles/1642ff119c4edda1cf0a1da0ac4da7b1297e8b3f,8/8(火) 16:14
satvv,【挑戦】清水FW鈴木唯人が再び海外移籍へ　 J2 3位に導く復帰後初ゴールから2日、パリ五輪世代の10番,https://news.yahoo.co.jp/articles/fd1f0921f8321c0a064f6feed7e1df29eb33a941,8/8(火) 15:52
satvv,路線バスが8歳男児の自転車と衝突　男児は右手に軽傷　静岡市,https://news.yahoo.co.jp/articles/d109c77602026021b9f293f143b36842fd08eb7e,8/8(火) 12:24
satvv,「あなたの携帯からウイルスが拡散され多額の損失が」女性が現金4300万円だまし取られる　静岡・磐田市,https://news.yahoo.co.jp/articles/a2b23643e32f6dd1585db5069155c017197a3007,8/8(火) 12:04
satvv,国道1号藤枝バイパス下り線でトラック3台が絡む事故　運転手1人がけが　現場は一時通行止めに　静岡・藤枝市,https://news.yahoo.co.jp/articles/1f50968a45270af865d584377ef2610258d1525d,8/8(火) 12:01
satvv,無免許運転が発覚した中山真珠静岡県議会議員が謝罪会見　進退については明言を避ける　静岡市清水区選出,https://news.yahoo.co.jp/articles/09eef9602c8d2cfce97ad8de3e0f853884135483,8/8(火) 11:58
satvv,金銭トラブルから知人男性に家族に電話させたか…強要容疑で自称・会社役員の29歳の男を逮捕　浜松市,https://news.yahoo.co.jp/articles/4f45d82804aecfa1b8886365007b5790ef0e526d,8/8(火) 11:51
satvv,初めての登山が富士山…「思ったよりペースが上がらなかった」　60歳男性「暗くて道が分からない」と救助要請,https://news.yahoo.co.jp/articles/7cee6286f0c74e85134cd9ebfa7a931f3aa45980,8/8(火) 11:27
satvv,建設会社が「本気で作った」長さが70m高さが15mの巨大流しそうめんを親子で楽しむ　静岡・三島市,https://news.yahoo.co.jp/articles/773bf28310daa532077077f3bd6b82db620bfb5e,8/8(火) 9:54
satvv,橋の名前が書かれた金属製のプレート16枚が盗まれる　被害額は86万円相当　静岡・掛川市,https://news.yahoo.co.jp/articles/5d37a7964876ae453063be53e2bb0681c85789c8,8/8(火) 9:51
satvv,【通行止め解除】藤枝バイパス下り線,https://news.yahoo.co.jp/articles/e0867cf36f35d323fa3d61214a1d782341581157,8/8(火) 6:36
satvv,「サイトの料金が未納」「支払わないと逮捕される」…60代女性が4500万円だまし取られる　静岡・磐田市,https://news.yahoo.co.jp/articles/1d8bbebf45a9abea841c1b5805739d4218483858,8/8(火) 6:30
satvv,【事故】藤枝市国道1号線バイパス下り線が通行止め,https://news.yahoo.co.jp/articles/c0abfecf560a2eb389cc3a3112cb825203ad1ad7,8/8(火) 3:41
satvv,「お腹が空いていた」…生ビール3杯とサーロインステーキなど無銭飲食か　静岡・伊東市,https://news.yahoo.co.jp/articles/dc6e0004b638c10ebb48ce199446e41ccacb5ce7,8/7(月) 22:19
satvv,【犯行の瞬間】肉の無人販売店で3日連続盗難被害…犯行映像を店内で流しても…繰り返される犯行　浜松市,https://news.yahoo.co.jp/articles/bc792442501e048876a77b459b9e45312c821317,8/7(月) 21:51
satvv,普段入れない工事現場に…親子建設現場見学会　小2男児「建築家とかしたい」　静岡・牧之原市,https://news.yahoo.co.jp/articles/258c91ffaaed1cb86b399fcc8d1f7fe0daf75be4,8/7(月) 21:35
satvv,土砂崩れの行政対応で第三者委「慎重さ欠く」　去年の台風15号で住宅3棟損壊　浜松市,https://news.yahoo.co.jp/articles/f680805c9ec53dfeedeb41a7c7cfcc361536063e,8/7(月) 21:02
satvv,「魔が差した」…60代町職員が酒気帯び運転で罰金30万円の略式命令　停職2カ月の懲戒処分　静岡・函南町,https://news.yahoo.co.jp/articles/5e61e1b090c837878c88c2b4c6cc923943ec16a6,8/7(月) 20:57
satvv,ビッグモーター問題で「新たな疑惑」…『閉店した』店舗の街路樹を市が調査　浜松市,https://news.yahoo.co.jp/articles/3fd7adc556fe10e3133a7a5c9b4ebf1efa123a05,8/7(月) 20:48
satvv,住宅火災相次ぎ2人死亡　袋井市の火事は1人暮らしの59歳男性と確認　菊川市では88歳男性と連絡取れず,https://news.yahoo.co.jp/articles/4def562aebab41b3465e232dc29457b48c1dffeb,8/7(月) 19:52
satvv,台風6号の影響で不安定な空模様に　湿度が高く蒸し暑い1日に…13日連続で熱中症警戒アラート発表　静岡県,https://news.yahoo.co.jp/articles/b71eb229d11a57b12d812532f628dda8359777be,8/7(月) 19:50
satvv,無免許運転の中山真珠県議「失効自覚しながら運転」　会派から除名、国民民主党は離党届受理　静岡,https://news.yahoo.co.jp/articles/dc08643f39f534989028874506bdeef73443d7e1,8/7(月) 19:10
satvv,【速報　熱中症】静岡県11人搬送…中等症5人、軽症6人　/8月7日,https://news.yahoo.co.jp/articles/e271b19f6a39e156b0d4708ae934ba37e7af6299,8/7(月) 16:51
satvv,「妻が暴言はいている」と夫が通報　店舗内で店の女性に刃物突きつけたか…75歳の女を緊急逮捕　浜松市,https://news.yahoo.co.jp/articles/5144ea894ea4b1e2088b5aebe703eee92edaca15,8/7(月) 15:59
satvv,中学生ら3人を窃盗容疑で逮捕　住宅の駐車場から車2台を盗んだ疑い　静岡・富士市,https://news.yahoo.co.jp/articles/b21a46d21e94c6515d7348e21b5aff1f90a04c4d,8/7(月) 15:40
satvv,自分のキャッシュカードを他人に送ったか…77歳女を逮捕　「送ってくれればお金が借りられる」と言われ　犯罪収益の移転防止法違反の疑い　浜松市,https://news.yahoo.co.jp/articles/26037c13e757f7b899a90564afcc37259c5537f1,8/7(月) 14:24
satvv,エレベーターのドアを蹴って壊したか　19歳の男を建造物損壊の疑いで逮捕　浜松市,https://news.yahoo.co.jp/articles/81f745d5a00bcf904dff7e578bb058fddc89f102,8/7(月) 14:07
satvv,静岡・菊川市と袋井市で住宅火災相次ぐ…2人が死亡,https://news.yahoo.co.jp/articles/5340f227ffe819f610f820ca515d5fe43886f3c7,8/7(月) 12:26
satvv,静岡県に「熱中症警戒アラート」…松崎町や三島市などですでに30度を上回る,https://news.yahoo.co.jp/articles/73100d94bca3b998506c77bd4514a48282d42e3c,8/7(月) 12:04
satvv,「免許失効を承知しながら運転したことは重い」…所属会派が「無免許運転」の中山真珠静岡県議を除名,https://news.yahoo.co.jp/articles/2da8f636b0481a15e5a30b20ca735ca56593a292,8/7(月) 11:55
satvv,11戦負けなし磐田・金子翔太「どう町田から点を取るか」仙台戦で2点目のミドルを決め、次節の直接対決を見据える。選手のチャントにも言及,https://news.yahoo.co.jp/articles/e585982c90ed4daba61282e8dffb02891fccad1d,8/6(日) 22:41
satvv,ヘラクレスにギラファ…人気の「カブトムシ・クワガタ展」　5歳児「はさみがかっこいい」　静岡・御殿場市,https://news.yahoo.co.jp/articles/e41d1bda4954a5ad02a23b9f07a3a5aa90388d71,8/6(日) 21:15
satvv,【速報】磐田が4発快勝！長澤和輝や齋藤学補強の仙台下し2連勝で11戦負けなし,https://news.yahoo.co.jp/articles/5f207b62a3c8036b5fb8acc15d011ff111d4e811,8/6(日) 21:04
satvv,【速報】清水エスパルスが3位浮上！鈴木唯人の復帰後初ゴールが決勝点！虎の子の一点を守り切る,https://news.yahoo.co.jp/articles/093aaab1b451affc3512a00fead607af0788b775,8/6(日) 20:05
satvv,『夏バテ』でニワトリもグロッキー…卵のサイズが小さく　「この暑さが1カ月続くと影響が出る」　静岡市,https://news.yahoo.co.jp/articles/a908a42a294278935298ed92ff62ac6975f0906e,8/6(日) 19:17
satvv,風水害から身を守るには…気象予報士が防災教室　去年の台風の浸水・断水被害きっかけに開催　静岡市清水区,https://news.yahoo.co.jp/articles/ecd4e4f2b223a5d67bcebba2ac17873ce90a7fa8,8/6(日) 18:04
satvv,「彼氏に振られたぁ」「振袖特注になっちゃったぁ」…ラグビーとソフトボールの女性選手が大声大会　静岡・掛川市,https://news.yahoo.co.jp/articles/85040b40660b009d6b1b1f838c39111cc77139ac,8/6(日) 18:00
satvv,【速報】2位ジュビロ磐田、仙台戦スタメン発表！ジャーメインやドゥドゥが先発、30周年記念マッチ,https://news.yahoo.co.jp/articles/b714b29464cda1dce852c6c89f41c16f7ef663d5,8/6(日) 17:14
satvv,【速報】勝てば3位浮上の大一番！清水エスパルス、アウェー東京V戦スタメン発表！鈴木唯人が復帰後初先発、サンタナがベンチ入り,https://news.yahoo.co.jp/articles/29b0f71a52445981e12656252938867cbbd4672d,8/6(日) 16:21
satvv,どうなる「ふるさと納税」…基準厳格化で戸惑う自治体も　10月以降は値上げが加速か　静岡,https://news.yahoo.co.jp/articles/a1990c8a509476e5021d96148f6223608975715d,8/6(日) 15:59
satvv,【第9波】静岡県「感染拡大警報」発表…1日推計2100人感染　医師「コロナは収まったわけではない」,https://news.yahoo.co.jp/articles/ce8044056aa5436498aa2dcd3069ced98ddea067,8/6(日) 15:13
satvv,酔っぱらって寝込み…終点で起こされ腹を立てて暴行か　39歳の男「覚えていない」　浜松市,https://news.yahoo.co.jp/articles/8ff1a267abc9c95369e1e0ca7a254b1efc236137,8/6(日) 14:09
satvv,卓球・静岡ジェード初戦飾れず…張本選手擁する昨年王者・琉球アスティーダに敗れる,https://news.yahoo.co.jp/articles/2ebc357315754066bf75280b1bf19a6feeb669c5,8/6(日) 12:17
satvv,夏の甲子園大会が開幕…浜松開誠館も堂々と入場行進　初戦は大会5日目第1試合で東海大熊本星翔（熊本）,https://news.yahoo.co.jp/articles/f2010d9d5fdd259c8ba6cf2bf5610a2d559a6027,8/6(日) 12:07
satvv,境界線トラブルが原因か…男性を農具で殴ったとして70歳男を傷害容疑で逮捕　静岡・東伊豆町,https://news.yahoo.co.jp/articles/1468653ff27cf1fb68ddf3a8ea2f5b9f020027c8,8/5(土) 21:42
satvv,無免許運転で追突事故起こし逃走か　37歳の男をひき逃げなどの容疑で逮捕　静岡・富士市,https://news.yahoo.co.jp/articles/3f3a745a02caa0d773d4a6d4aa1cb366c50a4763,8/5(土) 21:22
satvv,7歳女児を車ではねて逃走か　スクールバスのドライブレコーダーから浮上…37歳男をひき逃げなどの容疑で逮捕　静岡・三島市,https://news.yahoo.co.jp/articles/9953f07f0dedf7b33cb074679233827cca799c4a,8/5(土) 21:17
satvv,【速報】藤枝MYFC、山形に1-2で惜敗。岩渕のゴールで追いつくも元清水・後藤が試合終了間際に決勝点,https://news.yahoo.co.jp/articles/42f6e7e37a02ee6e8ab3ac7aa757c7b364bc6bea,8/5(土) 21:05
satvv,中山真珠静岡県議が免許失効後に無免許運転　国民民主・玉木代表「事実を確認したうえで厳正に対処します」,https://news.yahoo.co.jp/articles/512450bfe727d6b53021b695a0a5e9c5dab6de3f,8/5(土) 19:50
satvv,山仲間が発見…山中に1週間、不明の滋賀県男性「岩が足に当たり動けなかった」　静岡・川根本町,https://news.yahoo.co.jp/articles/8199fa9c7d2d0b22ee63ac0e7f6b6175fa133ab8,8/5(土) 18:46
satvv,電車工場で「親子電車教室」…車内放送など車掌業務を体験　児童「将来電車の運転士になりたい」　静岡・三島市,https://news.yahoo.co.jp/articles/d253bfa5283a60656a65b5d22ba3337241e5a607,8/5(土) 18:00
satvv,【独自】最年少当選の中山真珠静岡県議が無免許運転…5月に失効　離党届提出へ,https://news.yahoo.co.jp/articles/2ae760c2f912cf4be9adda693c6184dcbd86783d,8/5(土) 17:33
satvv,風俗店の女性を脅しサービス料払わずに逆に1万円強奪か　20歳男を強盗容疑で逮捕　浜松市,https://news.yahoo.co.jp/articles/8672dfef011efe02d16e9a51f6da55b8a05f05d0,8/5(土) 16:24
satvv,どうして？　暑すぎて『海離れ』…コロナ禍前の3分の2に　海の家「メニューを制限」　静岡・牧之原市,https://news.yahoo.co.jp/articles/aeb77900c8aaa73e6496bf55fecb2d5d08de678c,8/5(土) 15:40
satvv,【続報】高山病か…登山断念し下山中に頭痛やおう吐　72歳イギリス人女性を救助　静岡・富士山須走口,https://news.yahoo.co.jp/articles/8a7ce6628dd0aeffbc602683bd1afb4528d48eba,8/5(土) 15:11
satvv,「一発大波」にさらわれたか…海に転落した釣り人を漁船が救助　静岡・伊東市,https://news.yahoo.co.jp/articles/56583edb2905833ec1b9287fe5c44a01fd9ccb7a,8/5(土) 14:39
satvv,接触事故の相手が通報「酒の臭いがする」　71歳の男を酒酔い運転の疑いで現行犯逮捕　静岡・富士市,https://news.yahoo.co.jp/articles/c6d8d79f80676c882d7d09b3c425ce13930fd755,8/5(土) 14:00
satvv,夏の甲子園大会開会式リハーサル　浜松開誠館も元気に行進…大会5日目（10日）第1試合で東海大熊本星翔と対戦,https://news.yahoo.co.jp/articles/c28da852fa5362c4996222bd63b6bbee5fee8ac0,8/5(土) 13:39
satvv,神奈川県水泳連盟が2連覇…3人一組で12kmを2時間20分3秒で泳ぐ　静岡・熱海市で団体競泳大会,https://news.yahoo.co.jp/articles/0813fbd41b17c85ea1e416f2b06d0d1492ba26e1,8/5(土) 12:15
satvv,静岡県に11日連続で「熱中症警戒アラート」　日中35℃近くまで上がるところも　/8月5日,https://news.yahoo.co.jp/articles/4b4db59ea6f53bdcd228ab1aeec2c8c97e17457a,8/5(土) 12:08
satvv,86歳父親を角材で複数回殴ったか…父親は入院　60歳の息子を傷害容疑で逮捕　静岡市,https://news.yahoo.co.jp/articles/dc948851bcdc61f7b3c82faa34a0558c54818029,8/5(土) 11:27
satvv,「過去に万引きした女がいる」…警察官が職務質問するとバッグの中に食料品など21点　31歳の女を逮捕　静岡・長泉町,https://news.yahoo.co.jp/articles/fef94610d1a4a6556b96d114a4797c0bcc70f621,8/5(土) 11:09
satvv,「下痢やおう吐がおさまらない」…下山途中の70代の外国人女性が体調不良でSOS　静岡・富士山須走口,https://news.yahoo.co.jp/articles/c9c059db7443aa66332b3cef57a1f96a07f04210,8/5(土) 10:51
satvv,患者を救うために必要なのは…企業の代表者対象に救命講習会　静岡・富士宮市,https://news.yahoo.co.jp/articles/16f0ffd5091d7512432683673816c45c6244513a,8/5(土) 10:41
satvv,入院患者が看護師に暴行か…75歳の男を傷害容疑で逮捕　静岡・富士市,https://news.yahoo.co.jp/articles/185b39736f30e205c550a1f14d0936457cc872bb,8/4(金) 21:50
satvv,高さ30mの『水柱』…水道管から勢いよく水が噴き出し　空気弁の破損が原因か　浜松市,https://news.yahoo.co.jp/articles/e5bf531b257929f6a6dd99a161050f5c10665382,8/4(金) 20:23
satvv,物価高騰の影響を受ける医療機関を支援…病院は1病床2万円　申請は10月6日まで　静岡県,https://news.yahoo.co.jp/articles/4da5a8c736a5e48a6dd1b171819a37d72a45a80d,8/4(金) 19:18
satvv,缶詰王国静岡をPR　サービスエリアに自動販売機…まずはカレー系の商品が10種,https://news.yahoo.co.jp/articles/0855a161a4e62587c707ead8c17b94b22c39c4ef,8/4(金) 19:00
satvv,【新型コロナ】「第9波」…静岡県が最も深刻な「感染拡大警報」発表　医師「今のコロナは感染力が強い」,https://news.yahoo.co.jp/articles/3b64a617cc64229fd4ec6b0a2f874dffea3ad7f9,8/4(金) 18:40
satvv,お盆期間の新幹線の予約は去年の1．5倍以上…ピークは下り11日、上り13日　静岡,https://news.yahoo.co.jp/articles/24a4e3fb326caa8590903d2a95edf9bec122fd70,8/4(金) 17:41
satvv,【速報　熱中症】静岡県10人救急搬送　部活中の女子高生ら中等症2人、軽症8人,https://news.yahoo.co.jp/articles/44166ef6565a7999b276de041a73d34a9a55f3a1,8/4(金) 16:54
satvv,2カ月連続70点以下で更迭…アスファルトの隙間から数本の雑草でアウト　ビッグモーター「環境整備」とは　静岡,https://news.yahoo.co.jp/articles/27ca3f368159c2a0dfdca1fc2e51fb984dd4c915,8/4(金) 16:00
satvv,【速報】静岡県が独自の「感染拡大警報」発表　1日2100人ほど感染と推計,https://news.yahoo.co.jp/articles/85eaafc7193934da08466cc1fcfeefd984cba1be,8/4(金) 15:09
satvv,【リニア】静岡県「工事に伴う土砂置き場の再検討を」…深層崩壊の発生を懸念,https://news.yahoo.co.jp/articles/6bcc053396bfbf78e2895299f94d44c30fe39df4,8/4(金) 13:31
satvv,【速報】浜松市西区に『水柱』　水管橋で漏水事故,https://news.yahoo.co.jp/articles/51a86603ce7421c8da06da5079871dfaaff38aa2,8/4(金) 12:10
satvv,土石流災害の犠牲者に向け28発の慰霊の花火も…4年ぶりに伊豆山港で花火大会　静岡・熱海市,https://news.yahoo.co.jp/articles/f0dfd70be62957e7bcfede5c43cf2791d3dd6701,8/4(金) 11:52
satvv,漁港に係留中のヨットに漁船が衝突…ヨットは沈没　けが人はいない　静岡・南伊豆町,https://news.yahoo.co.jp/articles/65672b52d404652a8cb100e2c9e9f61c9ebae784,8/4(金) 10:57
satvv,『代わりの者が取りに行く』は詐欺…車の購入代金名目で「息子の上司の息子」称する男に250万円渡す　静岡市,https://news.yahoo.co.jp/articles/9b6800f1abb8d7266cc5f82b9874cd6ced1a23aa,8/4(金) 10:49
satvv,軽乗用車が中央分離帯に衝突…93歳の母親が死亡　運転していた62歳の娘は軽傷　静岡市,https://news.yahoo.co.jp/articles/22368790108e7faf1e0d41c173c593efa8110f67,8/3(木) 22:22
satvv,「体温が下がり足も痛めている」…家族4人で登山の男性が体調不良で警察に救助要請　富士山須走口,https://news.yahoo.co.jp/articles/63069630a07c48f0df91759f0a1c3c5f3d42061d,8/3(木) 21:47
satvv,20代の姉妹の車に体液つけたり、卑わい画像見せたか…29歳夫ら2人をストーカー規制法違反容疑で逮捕　静岡県警,https://news.yahoo.co.jp/articles/b3f4564a099a5d9dd909d3fe0da00994f301c8d1,8/3(木) 21:28
satvv,大学生が考える「投票率アップ」の秘策は…市選管と静岡大政治学ゼミが連携して調査研究　静岡市,https://news.yahoo.co.jp/articles/f91c84639127c18aed17b354ce242ff4ece7ea44,8/3(木) 21:09
satvv,清水トレセンのジャグジーから基準値を超えるレジオネラ菌　ジャグジーを当面使用禁止に　ほかの設備は利用可　静岡市,https://news.yahoo.co.jp/articles/a98d2fb0175277d314f7f4835e569a718150b45c,8/3(木) 20:42
satvv,天国の「まり子先生への思いを伝えたい」…ねむの木学園の子どもたちの作品展　静岡・三島市,https://news.yahoo.co.jp/articles/d585dd27adf604f0c6eb68349ca4e7e855052a59,8/3(木) 20:14
satvv,浜松開誠館の初戦は東海大熊本星翔（熊本）　吉松主将「初勝利、甲子園優勝を目指し頑張る」,https://news.yahoo.co.jp/articles/4494ecdbca9313f73717db359fbe5f7490773209,8/3(木) 19:53
satvv,茶園で相次ぐ「送電線」盗難　「おじさん、防霜ファンの線いらないでしょ？」…不審な出来事も　静岡・掛川市,https://news.yahoo.co.jp/articles/345e5c45acb0932b54e36b93c4923f94ec42c6d5,8/3(木) 19:52
satvv,市長「場合によっては被害届も」…ビッグモーター「街路樹問題」　静岡・富士市,https://news.yahoo.co.jp/articles/ec9864b0e481f371c2689950f10a6f46019ceaea,8/3(木) 19:37
satvv,大災害から2年1カ月…最後の月命日の黙とう　来月「立ち入り禁止の警戒区域」解除　静岡・熱海市,https://news.yahoo.co.jp/articles/fc51b3189443a08f0eae082bc4bb0c57c86ddcde,8/3(木) 19:29
satvv,【速報　熱中症】浜松市と沼津市で「意識障害ある」重症患者　静岡県16人救急搬送…重症2人、中等症4人、軽症10人,https://news.yahoo.co.jp/articles/344cb9692fdc4f2b7b0bc3fd8ff8de4fe3602b82,8/3(木) 17:23
satvv,自宅から20代女性警察官の下着など発見　三島署刑事課の警部補を窃盗容疑で再逮捕　静岡県警,https://news.yahoo.co.jp/articles/d384f3619de8537ab233ce3af6eb944ad5bd65db,8/3(木) 16:51
satvv,浜松基地に調査を要請　地下水からも基準を超える有機フッ素化合物検出…井戸の所有者に飲料利用を控えるよう連絡,https://news.yahoo.co.jp/articles/dff445cf3a675902e71e2075fa84e0eda28f7461,8/3(木) 15:33
satvv,山岳遭難か…予定時刻になっても下山せず　滋賀県大津市の58歳男性を捜索　浜松市,https://news.yahoo.co.jp/articles/6baed2a4f57a009fff76e71477d5bb39433a850b,8/3(木) 14:48
satvv,【速報】浜松開誠館の初戦は東海大熊本星翔に決定　大会5日目第1試合（順調に進めば10日）,https://news.yahoo.co.jp/articles/805f4ef69ffa0f93e178f9552727f455ee0bc14e,8/3(木) 14:15
satvv,【速報】三島警察署の警部補を窃盗容疑で再逮捕　20代女性の家から下着など盗んだ疑い　静岡県警,https://news.yahoo.co.jp/articles/556114cfa679879ed0d20a38ef51645134aae9df,8/3(木) 14:11
satvv,【朗報】J3アスルクラロ沼津に元日本代表・川又堅碁が加入！「感謝の気持ちを胸に秘めJ2に」クラブは好調4位,https://news.yahoo.co.jp/articles/bb7a3ebd28f43095ff2664bb6e7f26085d6346d3,8/3(木) 12:27
satvv,【続報】追突した大型トラックの男性運転手が死亡　高速道路の路肩に止まっていたか…トラックに追突　静岡・御殿場市,https://news.yahoo.co.jp/articles/010246972699bab85ab964f205a97078003af6c2,8/3(木) 12:03
satvv,「見慣れている人にも新しい発見がある」…『365日富士山写真展』開催　静岡・富士市,https://news.yahoo.co.jp/articles/58f4028220e145ea186e93c562af9763e1c4e120,8/3(木) 12:00
satvv,「海から上がってこない」と110番通報…潜っていた横浜市の80歳男性が死亡　静岡・西伊豆町,https://news.yahoo.co.jp/articles/0bae73c7385520c51e05c1dceba40024fb87d755,8/3(木) 11:16
satvv,女子高生を誘拐したか　長野県の自称・会社員の男を現行犯逮捕　静岡市から沼津市まで車で連れ去った疑い,https://news.yahoo.co.jp/articles/2b1569847cc1918e4e3ccf7a0b7ec32ac1d1cc05,8/3(木) 10:57
satvv,知人の20代女性に抱きつきお尻を触ったか　アルバイト店員の26歳の男を逮捕　浜松市中区,https://news.yahoo.co.jp/articles/54b849679a43476ffc021a16d0ac76b43c1675a9,8/3(木) 10:54
satvv,東名高速の路肩に停車中のトラックに追突か…大型トラックの運転手が意識不明　静岡・御殿場市,https://news.yahoo.co.jp/articles/11fe9b32bd72a7cafb8af73c07b721e216221b3a,8/3(木) 10:51
satvv,夏季繁華街総合対策出発式　夏の繁華街の安全を確保するため毎日巡回パトロールを実施　静岡中央警察署,https://news.yahoo.co.jp/articles/f9a307a0221a006d630d6b21f34fea6585e8155a,8/2(水) 21:04
satvv,川勝知事が中学生に特別講義「富士山は万人の宝として選ばれた日本の国土の象徴」,https://news.yahoo.co.jp/articles/066500a386a1fb49dc84575453631eb1868f9f4d,8/2(水) 21:01
satvv,海岸で横浜市の80歳の男性がおぼれ搬送先の病院で死亡　静岡・西伊豆町,https://news.yahoo.co.jp/articles/fe2c1236b2f7ab11f64a9e880e42307e59d4be04,8/2(水) 20:58
satvv,マダニが媒介する感染症「日本紅斑熱」への感染者を確認　静岡県内今年5例目,https://news.yahoo.co.jp/articles/9b856c9598f76d122b81c927a174195b15386a3e,8/2(水) 20:48
satvv,浜松医科大学とドラッグストアの杏林堂が災害物資調達協定を締結　浜松市,https://news.yahoo.co.jp/articles/a8ccb166ef64bff65bb5704c90742709ff3e5ade,8/2(水) 19:57
satvv,消防士死亡のビル火災で再発防止のための組織改革などを検討「大事なのは風通しの良い組織文化」,https://news.yahoo.co.jp/articles/ef492b8c14d28ada45a672c9a1ea7d030e363a49,8/2(水) 19:53
satvv,静岡県8日連続熱中症警戒アラート　人間だけでなく牛も夏バテ　乳製品さらに値上げの恐れ,https://news.yahoo.co.jp/articles/b1a878ef38197388991b0c293e21dbbfb667c215,8/2(水) 19:44
satvv,熱戦から3日　浜松開誠館野球部が夢舞台へ出発　創部26年で初の甲子園へ,https://news.yahoo.co.jp/articles/467591340c608b2316ddb6ad49afbf215fed62e7,8/2(水) 19:39
satvv,静清バイパスの交通規制午前5時に解除　近隣の住民からはあんどの声　静岡市清水区,https://news.yahoo.co.jp/articles/d9a6898481ada96f4be186406eb95c107d0c075d,8/2(水) 19:32
satvv,「ビッグモーター」富士店前で土壌の調査を開始 　会社の「環境整備」との関連は?,https://news.yahoo.co.jp/articles/6c57e990fc602d0604605fa41dcf812cdf10d85b,8/2(水) 19:25
satvv,覚醒剤の販売代金を他人の口座に送金させ収益を隠そうとした覚せい剤の密売人を追送検「これまでに100人以上に売った」などと供述,https://news.yahoo.co.jp/articles/babea37bba98679146139a6ba162950210950df4,8/2(水) 16:18
satvv,知人の50代の女性に対しわいせつな行為をした疑いで38歳のパート従業員の女を逮捕　静岡南警察署,https://news.yahoo.co.jp/articles/54bcaf582fcdeeddf723e681c8875094d1bccd21,8/2(水) 15:59
satvv,【大学統合・再編】静岡大学が「1大学2校」案を浜松医大に提示　名称や本部の移転にもこだわらず,https://news.yahoo.co.jp/articles/6df8c6c0190323fc1e632089df439dd37027c531,8/2(水) 12:08
satvv,「ビッグモーター」富士店　店舗前の街路樹があった土壌を採取し調査　静岡県,https://news.yahoo.co.jp/articles/f2acca953826740f63ac550f8826113d2cd91b4f,8/2(水) 12:05
satvv,静清バイパス橋げた落下事故　現場の交通規制が2日午前5時に解除　静岡市清水区,https://news.yahoo.co.jp/articles/d3d02ba6c7d890737e1bc25b7883454d4f4d9531,8/2(水) 12:01
satvv,フランス人男性が下山中に足をねんざ…下山困難になり救助要請　背負ったり担架に乗せたりして6時間後に5合目に　富士山須走口,https://news.yahoo.co.jp/articles/0d49d0e17f2c61298302d455fecf292c20813da2,8/1(火) 22:39
satvv,「波が強く帰れない」…ミニボートの男性2人が海上保安部にSOS　4時間後に救助完了、けがはなし　静岡・磐田市,https://news.yahoo.co.jp/articles/c59d60f0781a537898d7cd80d23d9198fc1ad93e,8/1(火) 21:26
satvv,店舗内で20代女性にわいせつ行為か…店の関係者が110番通報し37歳男を現行犯逮捕　静岡・富士市,https://news.yahoo.co.jp/articles/bdb876daf49c46215b806e72ff76d987fec76539,8/1(火) 21:06
satvv,「二度と核が使われることがないよう」…高校生平和大使ら3人が静岡・富士市長に抱負,https://news.yahoo.co.jp/articles/0a9df8fbe550500b099b564734bcfdde81aa05e9,8/1(火) 20:26
satvv,小型ビデオカメラで19歳女性の下着姿を盗撮か　女性が気付き…51歳の男を現行犯逮捕　静岡・御前崎市,https://news.yahoo.co.jp/articles/85e79c42dfa18343ac60ed834ec11c01a1aad685,8/1(火) 20:18
satvv,30代男性マダニにかまれ「日本紅斑熱」感染…静岡県内で今年4例目　過去5年間では2人が死亡　活発化するマダニ…感染を防ぐには？　かまれたらどう対応？,https://news.yahoo.co.jp/articles/d76c54c07187f453e1a9d5e4ba0d574ccaab2021,8/1(火) 19:33
satvv,なでしこジャパン1位で決勝トーナメントへ　藤枝順心高校女子サッカー部員が藤枝市から先輩にエール,https://news.yahoo.co.jp/articles/4636b806f5d44ca845d460bb744ca961447d2a16,8/1(火) 19:28
satvv,【静清バイパス橋げた落下事故】対面通行の交通規制は2日午前5時に解除へ　静岡市清水区,https://news.yahoo.co.jp/articles/e3db174c44c0e80309dbb15842b5b56c8d45a7cd,8/1(火) 19:24
satvv,消防士死亡のビル火災で調査報告書を提出　3つの要因を指摘しその再発防止策を提言　静岡市,https://news.yahoo.co.jp/articles/1c528a0a6ef5f40e1cf3d4bd380d4f893105479f,8/1(火) 19:19
satvv,連日の暑さで車の故障が相次ぐ　エアコンの故障だけではなく高温になる車内ではこんな危険も,https://news.yahoo.co.jp/articles/983a0a5473338d8b720daf7a7a501b9650420c7c,8/1(火) 19:10
satvv,高齢者宅の訪問や通学路の見守りなどの成果か　300日連続で交通死亡事故ゼロ　静岡・三島市,https://news.yahoo.co.jp/articles/d4110e8d43239937b4395a744949a40b0337fec5,8/1(火) 19:08
satvv,火災原因の24％が「電気関連」　電気事故防止訴え街頭キャンペーン　静岡市,https://news.yahoo.co.jp/articles/f8a36c3eeb20e4771706e033f8efc50faed217d3,8/1(火) 19:04
satvv,【明暗くっきり】中学生は全教科で全国平均上回る　小学生は全教科下回る　/全国学力テスト,https://news.yahoo.co.jp/articles/564d08df2d9045329a3b6413375af658d1dd77b3,8/1(火) 19:00
satvv,黒塗りせずに…役員らの住所をサイト上で公開　3つのNPO法人の事業報告…9カ月以上公表された法人も　静岡県,https://news.yahoo.co.jp/articles/fed74badfc9875c3fe12fb3f4d33383b4230b617,8/1(火) 17:57
satvv,【速報　熱中症】静岡県14人救急搬送　中等症1人・軽症13人　/8月1日,https://news.yahoo.co.jp/articles/a34df6af4b37bdd99f2354ff6748a1ab0b81601b,8/1(火) 16:58
satvv,夏休みの予算がコロナ禍前を大きく上回る　静岡県民50人に聞いた「夏休みの予定」,https://news.yahoo.co.jp/articles/1c8d4b59ed1753f95c88acd2ac6f5e0bda5336fa,8/1(火) 12:38
satvv,これぞ一石二鳥？　米寿のお祝いに贈呈する手揉茶…市民向け技術講習会で製造　静岡・富士市,https://news.yahoo.co.jp/articles/7bc23fd273b833dbe4196c23cf87040330083816,8/1(火) 12:04
satvv,武田と徳川に分かれチャンバラ合戦　戦国時代に両軍が合戦した諏訪原城の築城450周年イベント　静岡・島田市,https://news.yahoo.co.jp/articles/202f6c5daf440114e2f8462f6863edafb6d2442d,8/1(火) 12:00
satvv,「これまでと違う図書館に」蔵書200万冊　9階建てで多目的ホールやカフェも…2027年度開館予定の静岡県立中央図書館　紆余曲折…かつては「ヤクザ・ゴロツキ発言」も,https://news.yahoo.co.jp/articles/11e672a434c6daf9058133e8587f23637426efd2,8/1(火) 10:34
satvv,2社のアイスミルクから大腸菌群や基準値超える細菌数検出　保健所が回収命じる　静岡,https://news.yahoo.co.jp/articles/f67def0b5dd5998be5602cb6264c8b2954ab66a8,7/31(月) 21:13
satvv,【地震速報】山梨県中・西部で震度1　静岡・富士宮市でも震度1を観測,https://news.yahoo.co.jp/articles/3ac243e4a0007b4577b5de9eb120fba2c3ffb020,7/31(月) 20:23
satvv,4年ぶり行動制限のない夏…花火大会に多くの見物客「サイコー」「一生忘れない」　静岡・袋井市、沼津市,https://news.yahoo.co.jp/articles/18c142e0b84e2cfa4a105f1eaf6a1605a0302cf5,7/31(月) 19:37
satvv,街のにぎわいを取り戻そうと地元飲食店が企画　浴衣のファッションショー＆盆踊りのイベント　静岡・掛川市,https://news.yahoo.co.jp/articles/a2515e18997cf3dc12c94f7e76bdad098c455df4,7/31(月) 19:28
satvv,静岡市にプロ野球新球団誕生か　ハヤテ223が日本野球機構に2軍リーグ新規参入を申請,https://news.yahoo.co.jp/articles/1a7599eca8d60928b17796c27061121bad810df8,7/31(月) 19:24
satvv,初の夢舞台へ…浜松開誠館ナインが優勝を報告　主将「全力プレーで頑張る」　川勝知事「浜松のからっ風は追い風」,https://news.yahoo.co.jp/articles/f972c4f913bcb28fc0cd54796bc8818ae6802703,7/31(月) 19:17
satvv,農家にとって『死活問題』…連日の猛暑で野菜の生育に影響「水をやってもすぐに蒸発。完全に水不足」　静岡,https://news.yahoo.co.jp/articles/a61d112a6d74b596821ac3e8ce5ca9e2d6c35aba,7/31(月) 19:06
satvv,【速報　熱中症】静岡県20人を救急搬送…中等症9人、軽症が11人,https://news.yahoo.co.jp/articles/4c2b4dfb4eb031d69ea26ca125753a5f6072b2ca,7/31(月) 16:56
satvv,30代男性マダニにかまれ「日本紅斑熱」感染…静岡県内で今年4例目　野山や畑などに入るときは「肌の露出を少なく」,https://news.yahoo.co.jp/articles/d8f0aa07cab2098ed55f10f68bc0de8932add43e,7/31(月) 15:15
satvv,取り調べには「黙秘」…80歳女性から150万円だまし取ったか　30歳の男を再逮捕　静岡市,https://news.yahoo.co.jp/articles/d7336186a0ad2561ba50086694184d004333e344,7/31(月) 15:03
satvv,【リニア】「駅ができないから反対している」中谷経産副大臣の発言に…静岡・川勝知事は「直接会話したい」　難波静岡市長「みんな一生懸命頑張ってる」,https://news.yahoo.co.jp/articles/0a9796c2d03156f65dfba74159d34e45a371632f,7/31(月) 14:00
satvv,相次ぐ警察官の逮捕…44歳の警部補が覚醒剤使用の疑い　自ら申告「今回初めて使った」　静岡県警,https://news.yahoo.co.jp/articles/c5ccfb465e53ffa8e1d831fdd958b3c8107ef68b,7/31(月) 13:36
satvv,消防署と消防団の連携強化を…合同で訓練　双方の車を使い水を送り、無線連絡も確認　静岡・富士宮市,https://news.yahoo.co.jp/articles/63959b7400b91fc34184374de954ac7751f994cb,7/31(月) 12:03
satvv,「1試合でも多く校歌を歌う」　創部26年で初の甲子園出場…浜松開誠館が優勝報告会,https://news.yahoo.co.jp/articles/b93849e0349a3f8057f52bd9c2ac363e924a2f3f,7/31(月) 11:55
satvv,静岡県に「熱中症警戒アラート」発表,https://news.yahoo.co.jp/articles/f49889f4954b62c47164f4d18c416dc153667b72,7/31(月) 10:36
satvv,【速報】静岡県警の警部補を緊急逮捕　覚せい剤を使用した疑い　7月に入り3人目の警察官逮捕,https://news.yahoo.co.jp/articles/9328309067c2138c7336ef38d5857556a296e151,7/31(月) 2:10
satvv,水上オートバイで並走していて衝突か…40代男性が足を骨折する重傷　静岡・牧之原市,https://news.yahoo.co.jp/articles/96e10e8aff0a271d5148cebefb67d0251eb90941,7/30(日) 19:53
satvv,中学生の長男を殺害しようと自宅に放火したとして48歳の母親を逮捕　長男は軽傷夫は外出中　浜松西警察署,https://news.yahoo.co.jp/articles/9adbd89db5781fa8058407c3f57dd254fd8e488f,7/30(日) 18:18
satvv,無人の空き家が全焼　山林にも燃え広がり700平方メートルを焼失　静岡・菊川市,https://news.yahoo.co.jp/articles/11841b37b4cae721ef84a093d9938e4559dd3556,7/30(日) 18:14
satvv,30日も静岡県内厳しい暑さに　佐久間で37．2℃など各地で猛暑日に　熱中症に注意,https://news.yahoo.co.jp/articles/3dce30b1204e83278bce195be29bd2d8e1493fd5,7/30(日) 18:09
satvv,自分の長男を殺そうと自宅に火をつけたとして会社員の女を逮捕　現住建造物等放火と殺人未遂の疑い　浜松西警察署,https://news.yahoo.co.jp/articles/4381270e2bce182bd8bb271c6ec0c01d5dc9bc66,7/30(日) 13:57
satvv,新大井川橋が完成　国道1号島田金谷バイパスの4.3キロが来年度から4車線化に,https://news.yahoo.co.jp/articles/1abc76bef2fb69f42b6cda79aaa2ab337a7ed4e1,7/30(日) 12:05
satvv,袋井市の医師の男 10代女性にわいせつ行為をしたとして逮捕,https://news.yahoo.co.jp/articles/baae1e7e9b239c30b1e08b61836594bcfd2231b7,7/29(土) 23:11
satvv,小学生女子児童を盗撮か　57歳自称アルバイト作業員の男逮捕　静岡南警察署,https://news.yahoo.co.jp/articles/e88f53c445c65e159a4ce26221475e34ed341908,7/29(土) 21:11
satvv,【高校野球　静岡大会決勝】浜松開誠館が東海大静岡翔洋を破り初の甲子園出場を決める,https://news.yahoo.co.jp/articles/968ed677855ddcc5bc48395a5e6f41f6ad033a04,7/29(土) 18:00
satvv,バイクが転倒し男性が死亡した事故　ひき逃げの疑いで神奈川県海老名市の会社員を逮捕　静岡・函南町,https://news.yahoo.co.jp/articles/11f47da26cedc52e0944e7a299b02554bc26d3b1,7/29(土) 16:49
satvv,商業施設の試着室に火をつけ部屋の一部を損壊した疑いで静岡県内に住む男子高校生を逮捕　焼津警察署,https://news.yahoo.co.jp/articles/8817ae0f51b000694c4124d633790e239f597785,7/29(土) 14:51
satvv,弥生・古墳時代の装身具・勾玉(まがたま)づくり教室　静岡・伊豆の国市,https://news.yahoo.co.jp/articles/ebe3005852898b339be939e4414176170bf81207,7/29(土) 12:04
satvv,【バイパス橋げた落下事故】落下した橋げたの搬出作業終了　道路面の補修作業始まる,https://news.yahoo.co.jp/articles/bf4db9e67d3345f284663200657f5d781ba81d32,7/29(土) 12:00
satvv,役場の職員を名乗る電話による還付金詐欺　女性が44万円だまし取られる　静岡・吉田町,https://news.yahoo.co.jp/articles/577c82934ac0591f95db81c69380ec9dbd561ec0,7/29(土) 11:35
satvv,「静岡市は失敗例だと思っていない」前回のG3サミットでの知事発言を否定　静岡市難波市長,https://news.yahoo.co.jp/articles/8aa2f6243efc272025636269bd7a69185f8939e1,7/29(土) 10:19
satvv,焼津さかなセンターで食中毒防止の一斉点検を実施　静岡県中部保健所　静岡・焼津市,https://news.yahoo.co.jp/articles/05f7a783378b0bd758bd6dbc925216225c4a4f12,7/29(土) 10:16
satvv,大型クルーズ船「にっぽん丸」が熱海に寄港,https://news.yahoo.co.jp/articles/52b8adec42c060ebaef84a5356e9fe643df61909,7/28(金) 20:42
satvv,厳しい暑さで12人が熱中症の疑いで搬送　80代の女性が重症,https://news.yahoo.co.jp/articles/f39e6305dfc83c3a4f815a3a9edef48b18643b78,7/28(金) 20:02
satvv,【バイパス橋げた落下事故】8月2日に現場の交通規制解除へ,https://news.yahoo.co.jp/articles/ccd3424186233e2d13396132ebd09504e02c0950,7/28(金) 19:58
satvv,【スプリンクラー誤作動】楽団側は裾野市の事故調査委員会の最終報告は「不適切」と改めて批判,https://news.yahoo.co.jp/articles/a964357d268d3e1f58fb5f4e73806f7f7ffc0e62,7/28(金) 19:55
satvv,【新型コロナ】静岡市と中部保健所管内は「感染拡大警報レベル」　静岡県警戒呼びかけ「第9波と言わざるを得ない」,https://news.yahoo.co.jp/articles/c08d997ed7bb3a4f0a3f8ec7de46070010bcf207,7/28(金) 19:51
satvv,プロ野球新球団の創設に向けて静岡県と静岡市、運営会社「ハヤテ223」の3者が協定,https://news.yahoo.co.jp/articles/e9fe60aceada95970736de3e55ca263064e36a53,7/28(金) 19:47
satvv,【高校野球　静岡大会あす決勝】打撃好調ノーシードながら次々と強豪破り決勝進出　東海大静岡翔洋,https://news.yahoo.co.jp/articles/3b16d49b9d76cceac533c59830e96d13e9c9b3b2,7/28(金) 19:36
satvv,【高校野球　静岡大会あす決勝】準決勝ではわずか1イニングで降板したエースがリベンジを期す　浜松開誠館,https://news.yahoo.co.jp/articles/570f2a269e7534ae2b6f9272bc415f09d2e0d3d5,7/28(金) 19:29
satvv,清水庁舎は「ガチガチの耐震補強する必要はなくてギリギリの耐震補強をすればいい」静岡市難波市長,https://news.yahoo.co.jp/articles/61af6d17f51963fd32a468174d8b1498110e4766,7/28(金) 19:24
satvv,中古車販売大手ビッグモーターの保険金不正請求問題　国土交通省が全国34店舗に一斉立ち入り検査,https://news.yahoo.co.jp/articles/00b8663512e9fdf49b70d2b100de22e487debee2,7/28(金) 19:13
satvv,モーターパラグライダーが単独飛行中に墜落　71歳の男性を病院に搬送　静岡・湖西市,https://news.yahoo.co.jp/articles/e97f9c003baba8fc95e86fbc573e6ba6b18f471e,7/28(金) 16:41
satvv,長年交通安全活動に尽力し内閣総理大臣表彰を受賞　静岡県湖西市の中村一寿さん,https://news.yahoo.co.jp/articles/4d5470cffa01f3ef59b7fa37e865a9f52d41d50c,7/28(金) 12:57
satvv,マックスバリュ東海の労働組合幹部が20年間にわたり計4700万円余り着服　交通費などを二重請求や架空請求,https://news.yahoo.co.jp/articles/0a4fd163004ed26ebf64fc3bc166c0716997704f,7/28(金) 12:49
satvv,他人のキャッシュカードを使い50万円を盗んだ疑いで御殿場市の高校生を逮捕　闇バイトで犯行か 浜松中央警察署,https://news.yahoo.co.jp/articles/cfcc9c04c641fe46eff13371ba4bfbcca460f982,7/28(金) 12:40
satvv,ビッグモーターによる保険金の不正請求問題　国土交通省が浜松南店など全国34店舗に一斉立ち入り検査,https://news.yahoo.co.jp/articles/fb2a9970c2ce104450b23054bbf6a2e98352e7ca,7/28(金) 12:31
satvv,秘密データの取り扱い許可されていないパソコンでメールを送信　3等陸佐を減給処分　静岡・小山町　陸上自衛隊富士学校,https://news.yahoo.co.jp/articles/6829c63af70ef8ed613fa9bd66ce233c24383384,7/28(金) 10:49
satvv,堤防が決壊した敷地川周辺の自治会が市長に抜本的な防災対策の実施を要望　静岡・磐田市,https://news.yahoo.co.jp/articles/55958c4c01ff76ebe0edc995b3845974f0ddc9b2,7/28(金) 9:45
satvv,下校途中の自転車の女子高校生をはねて逃走したか…23歳の会社員の男をひき逃げ容疑で緊急逮捕　静岡・焼津市,https://news.yahoo.co.jp/articles/737e352259587c02d453de62cd5da6ac8b922bf5,7/28(金) 0:06
satvv,夜空を彩る1万2000発の花火…会場は「人・人・人」　外国からのグループも　静岡市で「日本平まつり」,https://news.yahoo.co.jp/articles/acb92bba430ea1db07be0cb7edc91eea87a7632f,7/27(木) 21:08
satvv,島田消防署の消防士長（26）を懲戒免職…自宅に放火した罪などで公判中　消防局長が謝罪のコメント　静岡市消防局,https://news.yahoo.co.jp/articles/90cbe7c17f0154ef7e3e2436c0c0b057437e525b,7/27(木) 19:44
satvv,「破裂音のような音が聞こえた」…静岡市中心部に黒煙　消防車23台で懸命の消火活動も2棟全焼,https://news.yahoo.co.jp/articles/3ffb4d607c3b93ccaf27365ae362fcba9b262211,7/27(木) 19:41
satvv,「ここまで大変だと思わなかった」…高校生が一日ナース体験　静岡・富士宮市,https://news.yahoo.co.jp/articles/9149cd557d89600b45378023b0fe9148671df417,7/27(木) 19:25
satvv,「将来ロボット制作の仕事につきたい」…高校生がロボットの設計・制作を体験　浜松市,https://news.yahoo.co.jp/articles/15a13cc17584278b798d0ce415a6d0e7899f19ef,7/27(木) 19:22
satvv,皇室に献上した手揉み茶を川勝知事に贈呈　知事「戦略を練って県内の茶をPRしたい」　静岡,https://news.yahoo.co.jp/articles/94027892ef0113612c2734c8401ca27a9add2e3b,7/27(木) 19:19
satvv,【高校野球静岡大会】浜松開誠館が逆転サヨナラ勝ちで決勝進出　藤枝明誠5点差逆転も,https://news.yahoo.co.jp/articles/645ea9dbf68d103d14b6692091cb96e0c7f50e0a,7/27(木) 19:17
satvv,【高校野球静岡大会】ノーシード東海大静岡翔洋が決勝進出　日大三島の2年連続甲子園ならず,https://news.yahoo.co.jp/articles/d44b0e0850250fc298ee86f4fafeb7e2ee259fd2,7/27(木) 19:10
satvv,ヤマハが都市対抗野球準優勝…本社で報告会　中田社長「多くの人が元気をもらった」　浜松市,https://news.yahoo.co.jp/articles/0b0f988a5c29e4278e4df325e0b46295e6c4a659,7/27(木) 19:04
satvv,【速報　熱中症】静岡県内14人が救急搬送　中等症が5人、軽症9人　/7月27日,https://news.yahoo.co.jp/articles/efc1072549b84dd322272ad5cfbd2ce819ea0b3c,7/27(木) 17:03
satvv,【速報】高校野球静岡大会準決勝、東海大静岡翔洋が前年王者・日大三島に逆転勝ちで2年ぶり決勝へ,https://news.yahoo.co.jp/articles/99426538d56918e72d3180a26a15d761e5297fd8,7/27(木) 16:06
satvv,【世界水泳】望月絹子選手（静岡市出身）決勝進出ならず　女子4×200mフリーリレー,https://news.yahoo.co.jp/articles/58fb207beecbe29de7455b256a7a40e4bfc78e85,7/27(木) 15:14
satvv,保険金目的に自宅に放火した罪で起訴…26歳の消防士を懲戒免職　静岡市消防局,https://news.yahoo.co.jp/articles/31f233aaebb9d4caed46fb2489dedecddb38f47b,7/27(木) 14:54
satvv,4000万円だまし取った容疑で詐欺グループリーダーの組員を再逮捕　「かけ子」が一部着服か　静岡県警,https://news.yahoo.co.jp/articles/8606124582f1ce2b2e8678e2d4fb9637694fe734,7/27(木) 14:20
satvv,【速報】浜松開誠館が劇的サヨナラ勝ちで決勝へ　藤枝明誠は5点差逆転も力尽きる　/高校野球静岡大会,https://news.yahoo.co.jp/articles/ad0058440f83d2082db875a5ecc639e1a0c8cf45,7/27(木) 12:44
satvv,28歳男性医師を不起訴に　乗用車のドア蹴りへこませたとして逮捕・送検　静岡地検,https://news.yahoo.co.jp/articles/abadf95838e6cc19fc39246b76b060885cfd4392,7/27(木) 12:20
satvv,【リニア】JRが生態系に影響でた場合の「代償措置」を初めて示す　静岡県副知事「県の専門部会に委ねたい」,https://news.yahoo.co.jp/articles/cb682218da75ddcc615b5d75280a49cc54f8a3ac,7/27(木) 12:03
satvv,「建物の1階から炎が出ている」…住宅半焼し焼け跡の1階部分から遺体見つかる　静岡・沼津市,https://news.yahoo.co.jp/articles/cce24f4edcaa87231832a3898a246a1581d29c75,7/27(木) 11:59
satvv,2階建て店舗兼住宅など2棟全焼…搬送の2人はけがなし　静岡市,https://news.yahoo.co.jp/articles/d5c72151b5d08cc83d199de5e17410e85d5fb476,7/27(木) 11:56
satvv,【続報】飲食店兼住宅で火災　消防団員ら2人を救急搬送…ともに軽症か　静岡市葵区,https://news.yahoo.co.jp/articles/54bec96bf6ae7866d8b12280fa5d5652f029a874,7/26(水) 22:45
satvv,実質的経営者の男性に罰金50万円の略式命令　16歳少女を働かせた風営法違反の罪　沼津簡易裁判所,https://news.yahoo.co.jp/articles/47bd5577a71103ecdfbb6ea87b4ea0287479263e,7/26(水) 22:13
satvv,ビッグモーター現役社員を取材…社長会見をどう見たか？　経営計画書には「部下の生殺与奪権与える」との記載も,https://news.yahoo.co.jp/articles/471296a10123d7ab0aff1197d9f055bb4cc69a42,7/26(水) 21:35
satvv,静岡県内4地点で猛暑日に　沼津市の水族館では「流しアジ」！？　で涼を,https://news.yahoo.co.jp/articles/d9b52071a4cf5ed7dca5bc50f3cc446f4f8071ec,7/26(水) 20:25
satvv,出会ったばかりの仲間と海上で過ごす3日間…やいづ少年の船が出発　静岡・焼津市,https://news.yahoo.co.jp/articles/f0254685ea351c2e8c8b71e32581f028f760a0be,7/26(水) 19:50
satvv,【速報】「爆発音が聞こえ煙が出た」　静岡市葵区で建物火災,https://news.yahoo.co.jp/articles/e26a506ede39cb3f92ebc472f44b39989dd86db8,7/26(水) 19:34
satvv,児童を粘着テープで椅子に固定　50代女性教師を『戒告』処分　静岡市教委が発表,https://news.yahoo.co.jp/articles/05ed5b546431a923afbf922bc04982768aa34334,7/26(水) 19:09
satvv,【新型コロナ】「警報レベルに達する恐れ」…街のクリニック「7月は6月の倍」　静岡市,https://news.yahoo.co.jp/articles/e04d88944b040cf228f29f1ec076b255f870c0db,7/26(水) 19:06
satvv,十両優勝の熱海富士が故郷に凱旋　市民と交流深め「地元の応援を改めて実感した」　静岡・熱海市,https://news.yahoo.co.jp/articles/3825fc48a7621ddd0c48ae3716ed02ecfc21142f,7/26(水) 18:56
satvv,【速報　熱中症】静岡県内16人救急搬送…中等症5人、軽症11人　未成年者も4人　/7月26日,https://news.yahoo.co.jp/articles/79a760e50d4a3ee4f5a5b37c237d39235dc2a2f3,7/26(水) 16:43
satvv,小型カメラ設置し20代女性の下着姿を盗撮か…39歳男を逮捕　県内初「性的姿態撮影等処罰法」を適用　静岡・富士市,https://news.yahoo.co.jp/articles/562ba9e232b82178a9f5ede9bd115535d8a465e0,7/26(水) 15:54
satvv,スーパーで痴漢か39歳の男を逮捕　女性に声を上げられ車で逃走…防犯カメラなどから浮上　静岡・袋井市,https://news.yahoo.co.jp/articles/52601389a8f57ded3be8eef0e7fa3d9b9ca1233d,7/26(水) 15:11
satvv,10代女性の裸を盗撮か…40代男を逮捕　ホテルの客室に小型カメラ設置…女性が気づき警察に相談　浜松市,https://news.yahoo.co.jp/articles/1ba3dceda6ed4cad92185c240537dff7d06c8e94,7/26(水) 14:18
satvv,静岡県が今年2回目の「食中毒警報」発表　30℃以上が10時間以上継続する予測,https://news.yahoo.co.jp/articles/3a8a62b4cd4b7dc637566d47998cae0db2ef2779,7/26(水) 13:47
satvv,【速報】児童の太ももに粘着テープ巻いて椅子に固定　50代女性教師を戒告処分　静岡市教育委員会,https://news.yahoo.co.jp/articles/d1d270eb3597302b82a30a4ab5c2f13fdaee548f,7/26(水) 13:43
satvv,警察官がお年寄りを装い受け渡し場所へ…声をかけてきた受け子と見張り役を逮捕　2人に面識なし　浜松市,https://news.yahoo.co.jp/articles/dcd7b396341789aeaf7778ccd093d39f6a120327,7/26(水) 12:25
satvv,浜松市の店舗でも37件で不適切行為の疑い　中古車販売大手「ビッグモーター」,https://news.yahoo.co.jp/articles/e5f105f02254af073366738421922024f1161674,7/26(水) 12:05
satvv,【新型コロナ】2週間ほどで「警報レベル」の恐れも　感染拡大続く　静岡,https://news.yahoo.co.jp/articles/f77ccb024130a2fd84678b1384db804d227db10b,7/26(水) 12:03
satvv,浜松市佐久間はすでに35．1度の猛暑日　静岡県に熱中症警戒アラート発表,https://news.yahoo.co.jp/articles/f0f4b711749128cf1567accb372884aede31b2ff,7/26(水) 11:55
satvv,路線バスと乗用車が衝突…3人重軽傷　バスには15人ほどの乗客　静岡・島田市,https://news.yahoo.co.jp/articles/695b42874e2ac07b39a84e71ec083837ed4cd01b,7/26(水) 11:07
satvv,【高校野球　静岡大会】25日準々決勝の結果4強決定！春の東海王者・第1シード加藤学園とセンバツ出場の常葉大菊川が敗退。聖隷クリストファーも日大三島に逆転負け。,https://news.yahoo.co.jp/articles/49d77d9f58999295831387a700de8db74d187b65,7/25(火) 20:37
satvv,伊豆山土石流災害の警戒区域を9月1日の午前中に一斉解除する方針明らかに　静岡・熱海市　斉藤栄市長,https://news.yahoo.co.jp/articles/492fe2961158807e1f499a9ea917f179511d5e0d,7/25(火) 20:30
satvv,秋篠宮家の次女佳子さま静岡県御殿場市へ全日本高校馬術競技大会をご観覧,https://news.yahoo.co.jp/articles/d70ec7a05bc1b15ecac7f669aca54167fc7c323b,7/25(火) 20:23
satvv,【高校野球　静岡大会】2年連続の甲子園出場を目指す日大三島 VS 初の甲子園出場を狙う聖隷クリストファー,https://news.yahoo.co.jp/articles/d91be65277f60827b36e34391318fdf82bd8f2bc,7/25(火) 20:20
satvv,【高校野球　静岡大会】第1シード春の東海王者の加藤学園 VS 藤枝明誠　まさかの…,https://news.yahoo.co.jp/articles/93b2618f9da84e64736db42d34abed6573fa1a8e,7/25(火) 20:14
satvv,【高校野球　静岡大会】シード校・常葉菊川 VS 強豪・東海大静岡翔洋,https://news.yahoo.co.jp/articles/e06bcfebf4af6d850e6bd4d3c2a0993b5633f139,7/25(火) 20:08
satvv,暑い日が続く夏に水難事故を無くすには…,https://news.yahoo.co.jp/articles/c3376e265037ec15ca392ed1e4498c0fa0b6bef3,7/25(火) 19:59
satvv,真夜中の住宅街11階建てマンションの9階から出火　幹線道路を通行止めに周辺は一時騒然と　静岡市駿河区,https://news.yahoo.co.jp/articles/3410083af9ffa63a74384045343e1435f6c66431,7/25(火) 19:52
satvv,さくら保育園と運営法人が裾野市に不適切保育の原因をまとめた調査報告書と最終報告書を提出,https://news.yahoo.co.jp/articles/be36d007f4afe5721f46924f3363a7d16100652b,7/25(火) 19:44
satvv,裾野市の私立保育園で女性保育士2人が園児に威圧的な態度をとるなど不適切保育が判明　市長には通報翌日に報告　静岡・裾野市,https://news.yahoo.co.jp/articles/f57beb0fdc17218ed851a6a0684cd426b6071dcb,7/25(火) 19:39
satvv,静岡県警の警部補が勤務中に自動車を無許可で売買したとして古物営業法違反の疑いで書類送検される　県警本部長は県民の信頼回復に取り組むよう訓示,https://news.yahoo.co.jp/articles/f034e33e1939bc0b255ff4811e6e324580de3437,7/25(火) 19:31
satvv,車を急発進させて元妻にけがをさせたとして傷害の疑いで山梨県の男を逮捕　掛川警察署,https://news.yahoo.co.jp/articles/021516ab5c177cedd2a67d83b243e5bb4eda76bf,7/25(火) 16:21
satvv,暴力団員であることを隠して宿泊施設に宿泊したとして暴力団幹部らを逮捕　富士警察署,https://news.yahoo.co.jp/articles/e1c6440e7c446048513af20d7f358ed7d8091334,7/25(火) 15:21
satvv,2歳の長女をハンガーなどで殴りけがをさせた疑いで自称アルバイト店員の女を逮捕「食べたものをわざと吐き出して私をいらいらさせた」,https://news.yahoo.co.jp/articles/7de4260bbc05de689ddd4b192d12488bee1737e4,7/25(火) 13:57
satvv,10代の女性の胸を触ったとして強制わいせつの疑いで元焼津市議会議員の男を逮捕,https://news.yahoo.co.jp/articles/14104f86858141978a0c80176f6774ea4503dc14,7/25(火) 13:41
satvv,【速報】元焼津市議会議員の安竹克好容疑者（54）を 強制わいせつの疑いで 逮捕,https://news.yahoo.co.jp/articles/7b2826b3491354a518c729b04942290238c87064,7/25(火) 12:50
satvv,住宅街の11階建てのマンションで火災　住民2人がけが　静岡市駿河区,https://news.yahoo.co.jp/articles/db17d9750a91173ea2beef579dde39aaa3783423,7/25(火) 12:37
satvv,市立保育園の女性保育士2人が園児をばかにするような不適切保育をしていたことが判明　静岡・裾野市,https://news.yahoo.co.jp/articles/0ae68488af2562b180a45a1c7a7bdde08b0ca76d,7/25(火) 12:30
satvv,職務の合間に無許可で中古自動車を売買し利益を得ていたとして静岡県警の元警察官を書類送検,https://news.yahoo.co.jp/articles/4e42eff853ae7f7443045b2c15d3bfb493e68693,7/25(火) 12:23
satvv,熱海市の斉藤栄市長が土石流災害で母親を亡くした太田朋晃さん宅を訪れ意見要望を聞く,https://news.yahoo.co.jp/articles/23c34d331e435f9385d7a14fdfc83d0c4749775f,7/25(火) 9:50
satvv,【続報】11階建てマンションの火災で60代女性を救急搬送…避難時に転倒しけが　静岡市,https://news.yahoo.co.jp/articles/3b9fef0d8bc88caa892c504c70837508adc35b23,7/25(火) 0:37
satvv,【速報】11階建てマンションで火災　消火作業続く　現時点で逃げ遅れやけが人の情報なし　静岡市,https://news.yahoo.co.jp/articles/1501f6745c1f244f460fb49759eb48a7f5b16761,7/24(月) 23:56
satvv,【続報】富士山頂付近で吐き気や頭痛…36歳カナダ人男性が救助要請　山岳遭難救助隊がブルドーザーで救助　静岡・御殿場警察署,https://news.yahoo.co.jp/articles/ae448bd8320ff5b51ca228b99d8ee01c7dd899a1,7/24(月) 22:20
satvv,【袴田事件】「9月再審開始」はならなかったものの　弁護団「大いに前進」…そのワケは　静岡,https://news.yahoo.co.jp/articles/08a576013cfc836ce3a5d7414e19fb9f20b1d13e,7/24(月) 21:37
satvv,釈放後すぐにストーカー行為か…39歳の女を今月2回目の逮捕　静岡・三島警察署,https://news.yahoo.co.jp/articles/e4d31ba1382de00c3e0cf7445c08251084c1e4cb,7/24(月) 21:19
satvv,「道路上に人とバイクが倒れている」…男性を搬送するも重体　静岡・函南町,https://news.yahoo.co.jp/articles/67de2fd3e144329a59da2f02bb168f87a0575f70,7/24(月) 20:57
satvv,プレジャーボートが小型漁船に追突か…52歳男性が足を打撲　浜松市,https://news.yahoo.co.jp/articles/de12049add2c93ee9c092b10153089e027c79a9a,7/24(月) 20:36
satvv,「還付金があるのでATM機に行って」…指示通り操作して140万円だまし取られる　静岡市清水区,https://news.yahoo.co.jp/articles/de0013a6681451450e98e7b1f72d85a397144ba2,7/24(月) 20:30
satvv,55万人が夢と魔法に包まれた70回目の安倍川花火大会,https://news.yahoo.co.jp/articles/d2d64939af80120722cc2dd0c566914b699c6d08,7/24(月) 19:31
satvv,静岡県選出の自民党国会議員8人がリニア新幹線に試乗　時速500キロの世界を体感,https://news.yahoo.co.jp/articles/18e56b4553dcb7d23120563416d4d82f451f7631,7/24(月) 19:28
satvv,「注意されたが言葉が分からずカッとなった」…勤務先の男性を金属製工具で殴ったか　26歳のフィリピン人の男を逮捕,https://news.yahoo.co.jp/articles/560ef407f2ab9c1549f562352d6eca1dd1344761,7/24(月) 19:24
satvv,不信任決議案の採決後初の記者会見　川勝知事は給与返上の条例改正案について「出せない状況だった」と改めて語る　静岡県,https://news.yahoo.co.jp/articles/1e1f8f9bd5c53bd1afb0e329cd0cd28d71d9b3ad,7/24(月) 19:15
satvv,静清バイパス橋げた落下事故　落下した橋げたの搬出作業始まる　静岡市清水区,https://news.yahoo.co.jp/articles/99fe12c89bba4e34e223e58e7e056b840449bc68,7/24(月) 19:07
satvv,「濡れた手でコンセント触ると感電の危険も」　キッズでんき教室で安全な電気の使い方を指導　静岡市,https://news.yahoo.co.jp/articles/c32766ef6661928fd098fa4ab76362c2883d4141,7/24(月) 18:53
satvv,静岡地裁・永渕健一新所長が抱負「デジタル化でより良い司法サービスを」　再審手続きの法整備については『立法にかかわる問題』と回答控える,https://news.yahoo.co.jp/articles/dc9b448ca9f347718625f2c75b3ab67c721f0ca5,7/24(月) 18:49
satvv,大麻所持容疑の20歳男をMDMA使用の疑いで再逮捕　入手経路など捜査　浜松中央警察署,https://news.yahoo.co.jp/articles/9af7d44bea603e7a7ee4b118ef963f1e2fd583b8,7/24(月) 18:30
satvv,富士山山頂付近で外国人男性が体調不良に…警察の山岳遭難救助隊が救助に向かう　静岡・御殿場警察署,https://news.yahoo.co.jp/articles/b961ea4abe9609c0b67b5e75ca6bc2fd8cca682c,7/24(月) 17:27
satvv,ストレスから無断欠勤か…51歳の男性自衛官を停職処分　隊員が捜索し夜になって保護　静岡・御殿場市　板妻駐屯地,https://news.yahoo.co.jp/articles/fa5ef927d3baf80c6d5b6c6bdc7cdba66f4a1074,7/24(月) 17:09
satvv,【速報　熱中症】静岡県10人救急搬送　中等症4人、軽症6人　/7月24日,https://news.yahoo.co.jp/articles/4dc5903b8a15e1ea08a8a70025cd432d4581134d,7/24(月) 16:53
satvv,マダニにかまれ感染…今年県内3人目のSFTS患者を確認　80代男性「かまれた自覚なく」感染場所は不明　静岡,https://news.yahoo.co.jp/articles/014878db56b778666b2df2c42b1199106e4d47ab,7/24(月) 16:24
satvv,“待ち合わせ場所”に現れ…張り込んでいた警察官が大阪の32歳男を現行犯逮捕　静岡市,https://news.yahoo.co.jp/articles/1797ea9578e7e1fd3e675b4f936c4d69c1154788,7/24(月) 16:04
satvv,被災地に必要な公共施設は…避難生活を続ける被災者が参加し検討　静岡・熱海市,https://news.yahoo.co.jp/articles/2eb2aba250852505ac8fad679a2791359807cb87,7/24(月) 12:07
satvv,JR東海道線の踏切で高齢女性がはねられ死亡　用宗（静岡市）～掛川間が上下線で2時間運転見合わせ　静岡・藤枝市,https://news.yahoo.co.jp/articles/aaf4a9447a4328ff4c067303d3d659f6e4021ddf,7/24(月) 12:05
satvv,8人死傷事故…落下した橋げたの搬出始まる　対面通行は8月半ばに解除へ　静岡市清水区,https://news.yahoo.co.jp/articles/3f84e798139c03315c79e952964fe366f9a12187,7/24(月) 12:00
satvv,【速報】JR東海道線　用宗～掛川運転再開　24日午前9時16分,https://news.yahoo.co.jp/articles/a3cead1da59d0ed0722f874075cd2dfe4ead8d80,7/24(月) 9:35
satvv,【速報】JR東海道線　用宗～掛川間が上下線で運転見合わせ　静岡,https://news.yahoo.co.jp/articles/5044b97012404927d222425345df6d71539f14d3,7/24(月) 8:03
satvv,【速報】ジュビロ磐田アウェーで群馬とドローも2位をキープ！金子翔太弾で追いつき9戦負けなし,https://news.yahoo.co.jp/articles/ba4e28edcea580559abc246530ed6a81dfde3e18,7/23(日) 21:31
satvv,「逮捕してほしい」…交番で下半身露出か　51歳の男を公然わいせつ容疑で現行犯逮捕　静岡市,https://news.yahoo.co.jp/articles/e71f3a864e0d9efa4ea562eec72e007b2bd9515d,7/23(日) 19:19
satvv,ネッツトヨタ静岡が静岡県漁業振興基金に協力金を贈呈し、子どもたちとマダイの稚魚を放流,https://news.yahoo.co.jp/articles/8b3496559bee0b4b28b6d49d248ef184673fc3e8,7/23(日) 18:32
satvv,将棋日本シリーズJTプロ公式戦 静岡市で1回戦　佐藤天彦九段と稲葉陽八段が対局,https://news.yahoo.co.jp/articles/a9b75264e20a1370570b8d817f78624740427ef1,7/23(日) 18:29
satvv,【高校野球　静岡大会】春夏連続甲子園を目指す常葉菊川 VS かつて常葉菊川を率いてセンバツ優勝果たした森下監督の御殿場西,https://news.yahoo.co.jp/articles/4884dfb39e4128e7c28d3ca1794c3724eb980c04,7/23(日) 18:25
satvv,軽くて水に浮く水陸両用車椅子で海水浴を楽しむユニバーサルビーチ体験会　静岡・下田市,https://news.yahoo.co.jp/articles/953229bd37bd33abdedefe94d7995511e78d57c1,7/23(日) 18:21
