media_en,title_articles,link_articles,date_original
badspi,yƒoƒhƒ~ƒ“ƒgƒ“zƒWƒ‡ƒiƒ^ƒ“‚ª¡‹G3‚Â–Ú‚Ìƒ^ƒCƒgƒ‹Šl“¾I@’Â‰JäÉ‚Í‘Õ‘‰n‚ğ2-0‚Å‰º‚µ‚Ä—DŸIqƒtƒ‰ƒ“ƒXƒI[ƒvƒ“r,https://news.yahoo.co.jp/articles/01feba8c7b95840a08e92f4abb13720e463b89b3,10/30(Œ) 19:23
badspi,yƒoƒhƒ~ƒ“ƒgƒ“z“ú–{¨‚Í€ŒˆŸ‚Å”s‘ŞB“n•Ó•“Œ–ì‚Í`ƒyƒA‚ÉÉ”sƒƒtƒ‰ƒ“ƒXƒI[ƒvƒ“„,https://news.yahoo.co.jp/articles/fdb8b1ad46ce60814f437125abf17050bbfe5560,10/29(“ú) 18:48
badspi,yƒoƒhƒ~ƒ“ƒgƒ“z‘å–xÊ‚ªƒ}ƒŠ[ƒ“‚É2-0‚ÅŸ—˜I@“n•Ó•“Œ–ì‚àƒxƒXƒg4“ü‚èIƒƒtƒ‰ƒ“ƒXƒI[ƒvƒ“„,https://news.yahoo.co.jp/articles/ac554593857a11c572f97b9cd0981a467c0fd469,10/28(“y) 13:44
badspi,yƒoƒhƒ~ƒ“ƒgƒ“zuŠJÃ•¬‹à‚ª‘¼‚Ì‘å‰ï‚Æ”äŠr‚·‚é‚Æ“ËovBáè‚Ì“o—³–åE‘åã‘Ûƒ`ƒƒƒŒƒ“ƒW‚ÌŠJÃI—¹‚ğ”­•\,https://news.yahoo.co.jp/articles/729c010f71f26f6962cdd6c2839fa2888b4e8f93,10/27(‹à) 20:42
badspi,yƒoƒhƒ~ƒ“ƒgƒ“z“Ş—Ç‰ªŒ÷‘åA‘å–xÊ‚ªƒxƒXƒg8“ü‚èI@—qƒ_ƒuƒ‹ƒX‚Í3ƒyƒA‚ª€XŒˆŸ‚ÖIƒƒtƒ‰ƒ“ƒXƒI[ƒvƒ“„,https://news.yahoo.co.jp/articles/0e763c27ced030835aa557fba79b859318440965,10/27(‹à) 20:38
badspi,yƒoƒhƒ~ƒ“ƒgƒ“ÅV¢ŠEƒ‰ƒ“ƒLƒ“ƒOz’jqƒ_ƒuƒ‹ƒX‚ÍƒCƒ“ƒhƒyƒA‚ªñˆÊƒL[ƒvI@“ú–{‚Í“n•Ó•“Œ–ì‚ª2ˆÊ‚ğç‚éIƒƒ_ƒuƒ‹ƒX„,https://news.yahoo.co.jp/articles/6eaabfe8b90619484134348b6a1c88dc8d413cb3,10/26(–Ø) 21:09
badspi,yƒoƒhƒ~ƒ“ƒgƒ“z•Û–Ø•¬—Ñ‚ª‹­“G‚ğ2-1‚Å‘Ş‚¯2‰ñí‚ÉioI“n•Ó•“Œ–ì‚à‰í‚ğ“Ë”jI@ƒtƒ‰ƒ“ƒXƒI[ƒvƒ“,https://news.yahoo.co.jp/articles/9e7bf2cc3a6e78f628598d13e9ac7f22058d2f86,10/26(–Ø) 17:50
badspi,yƒoƒhƒ~ƒ“ƒgƒ“ÅV¢ŠEƒ‰ƒ“ƒLƒ“ƒOz“Ş—Ç‰ªŒ÷‘å‚Í3ˆÊ‚ğƒL[ƒvI@ƒLƒƒƒƒŠ[ƒiEƒ}ƒŠ[ƒ“‚ª5ˆÊ‚É•‚ãIƒƒVƒ“ƒOƒ‹ƒX„,https://news.yahoo.co.jp/articles/450d1c4e9f50c37d801881462b41ef0ff1d1bf4d,10/25(…) 20:52
badspi,yƒoƒhƒ~ƒ“ƒgƒ“z“Ş—Ç‰ªŒ÷‘åA•Ÿ“‡•œA“c‚ç‚ª‰í‚ğ“Ë”jI@¼–{‚Í“ï“G‚É”síƒƒtƒ‰ƒ“ƒXƒI[ƒvƒ“„,https://news.yahoo.co.jp/articles/300d539e09c1f9d36a03c7d399c67c9e30c6569a,10/25(…) 18:05
badspi,yƒoƒhƒ~ƒ“ƒgƒ“zƒr[ƒ`‚Å”MíI@Ü‹à•t‚«‚Ìw‘æ1‰ñƒGƒAƒoƒhƒ~ƒ“ƒgƒ“‘å‰ïx‚ªŠJÃ,https://news.yahoo.co.jp/articles/e1bf1decad9ae71df3cf94460aed571e9105592b,10/24(‰Î) 19:10
badspi,yƒoƒhƒ~ƒ“ƒgƒ“zğ”N€—DŸ‚ÌYAMATO“Ş—Ç‚ªŠØ‘‚ÌChallenge Korea‚ğ”j‚Á‚Ä‰VIqƒˆƒlƒbƒNƒX”t‘Ûe‘PƒŒƒfƒB[ƒX2023r,https://news.yahoo.co.jp/articles/bd6db04bc148645649fb4687e5e84019e8f18a17,10/23(Œ) 19:11
badspi,yƒoƒhƒ~ƒ“ƒgƒ“zu“c•¼R‚ÍŒˆŸ‚Å”s‚ê€—DŸI@ƒJƒiƒ_ƒI[ƒvƒ“ˆÈ—ˆ‚Ì—DŸ‚Í‚È‚ç‚¸iƒfƒ“ƒ}[ƒNƒI[ƒvƒ“j,https://news.yahoo.co.jp/articles/85742585fbad122f32ec14c5f8a93b3b4f99e66a,10/23(Œ) 19:05
badspi,yƒoƒhƒ~ƒ“ƒgƒ“zƒfƒ“ƒ}[ƒNƒI[ƒvƒ“‚Åu“cç—z•¼R“Ş–¢‚ªŒˆŸ‚ÖI@’†‘ƒyƒA‚Æ—DŸ‚ğ‚©‚¯‚ÄŒƒ“ËI,https://news.yahoo.co.jp/articles/2496468fd873164d4d659b787dc5e6c7228aedae,10/22(“ú) 14:58
badspi,yƒoƒhƒ~ƒ“ƒgƒ“zƒfƒ“ƒ}[ƒNƒI[ƒvƒ“‚Å—qƒ_ƒuƒ‹ƒX3ƒyƒA‚ªƒxƒXƒg4“ü‚èI@’†¼•Šâ‰i‚Í’†‘ƒyƒA‚ğ‰º‚·I,https://news.yahoo.co.jp/articles/7660f11cff69a61a3975d36b0c52949351a74b25,10/21(“y) 22:07
badspi,yƒoƒhƒ~ƒ“ƒgƒ“zƒfƒ“ƒ}[ƒNƒI[ƒvƒ“‚Å¼–{Œ‘¾‚ª“ï“GEü“V¬‚ğŒ‚”jI@¼–{•‰iŒ´‚ç‚à€XŒˆŸ‚ÉioI,https://news.yahoo.co.jp/articles/b0d99260e5ddff57855427128e1d32d116bda454,10/20(‹à) 20:20
badspi,yƒoƒhƒ~ƒ“ƒgƒ“zŒÃ‰ê•âV“¡A•Û–Ø•¬—Ñ‚ç‚ª‡“–‚É2‰ñí‚ÉioI@ƒfƒ“ƒ}[ƒNƒI[ƒvƒ“,https://news.yahoo.co.jp/articles/4f5369d88b72514cbb2927ed6dcff362186c7eb8,10/19(–Ø) 17:37
badspi,yƒoƒhƒ~ƒ“ƒgƒ“zu“c•¼RA¼–{•‰iŒ´‚È‚Ç—qƒ_ƒuƒ‹ƒX‚Í4ƒyƒA‚ª‰í‚ğ“Ë”jIiƒfƒ“ƒ}[ƒNƒI[ƒvƒ“j,https://news.yahoo.co.jp/articles/d758d62ac78d14335b0bcff7667e7e01bda03bb3,10/18(…) 20:32
badspi,yƒoƒhƒ~ƒ“ƒgƒ“z‘O‰ñ—DŸ‚ÌŠò•Œ‚ªŒˆŸ‚Åé‹Ê‚ğ2-1‚Å§‚µ‚Ä˜A”e’B¬Iƒ­™“‡‘‘Ì¬”N—q„,https://news.yahoo.co.jp/articles/ed1a2070ce96e51c30b9f5f414bba1da7127c833,10/17(‰Î) 6:52
badspi,yƒoƒhƒ~ƒ“ƒgƒ“­™“‡‘‘Ìzé‹Ê‚ª5”N‚Ô‚è‚Ì—DŸI@ÂX‚Æ‚ÌŒˆŸ‚ğ2-1‚Å§‚·Iƒ­”N’jq„,https://news.yahoo.co.jp/articles/58d63791b5ecf495f201c4f22f61225cca8f4d8b,10/16(Œ) 23:19
badspi,yƒoƒhƒ~ƒ“ƒgƒ“­™“‡‘‘Ìz•xR‚ªŒˆŸ‚Å ‰ê‚ğ2-0‚Å”j‚èA‘Ol–¢“‚Ì6˜A”e‚ğ’B¬Iƒ¬”N’jq„,https://news.yahoo.co.jp/articles/2dbaaaef40d2c2e703119003c56ed4041c1fee90,10/16(Œ) 23:15
badspi,yƒoƒhƒ~ƒ“ƒgƒ“­™“‡‘‘ÌzƒgƒbƒvƒWƒ…ƒjƒA‚ğ—i‚·‚éRŒû‚ª‰‚Ì’¸“_“’BIƒ­”N—q„,https://news.yahoo.co.jp/articles/8fb35c9b8c0b9095f73055e63382ff83ffbb2d0c,10/16(Œ) 22:03
badspi,yƒoƒhƒ~ƒ“ƒgƒ“zƒA[ƒNƒeƒBƒbƒNƒI[ƒvƒ“@ƒŠ[EƒWƒWƒƒ‚ªƒ}ƒŒ[ƒVƒAŒˆŸ‚ğ§‚µ‚Ä—DŸI,https://news.yahoo.co.jp/articles/4bf02776d196a886250cd0b231f511a104dd1d40,10/16(Œ) 21:52
badspi,yƒoƒhƒ~ƒ“ƒgƒ“zƒA[ƒNƒeƒBƒbƒNƒI[ƒvƒ““ú–{¨‚Í€ŒˆŸ‚Å”s‘ŞBíRŠ²‘¾A¼–{•‰iŒ´‚çãˆÊŒó•â‚ÍŒˆŸ‚ÉŸ‚¿i‚ß‚¸,https://news.yahoo.co.jp/articles/1973dd511428077f84178ba9c471cfa29bbed593,10/15(“ú) 11:22
badspi,íRŠ²‘¾A—Îì•âV“¡‚ç‚ªƒxƒXƒg4ioI@—qƒ_ƒuƒ‹ƒX2ƒyƒA‚à€ŒˆŸ‚ÖIyƒoƒhƒ~ƒ“ƒgƒ“@ƒA[ƒNƒeƒBƒbƒNƒI[ƒvƒ“z,https://news.yahoo.co.jp/articles/b6ca23f8d7fb66f50e467ac2f8128047aa5e8798,10/14(“y) 12:12
badspi,yƒoƒhƒ~ƒ“ƒgƒ““ú–{ƒCƒ“ƒJƒŒz—´’J‘å‘ÎŒˆ‚ÌŒˆŸí‚ğ’†o•“cç³‚Ì2”N¶ƒyƒA‚ª§‚·Iƒ—qƒ_ƒuƒ‹ƒX„,https://news.yahoo.co.jp/articles/263a879893c99471fbbe70cdfc98f8db694b0daa,10/13(‹à) 21:12
badspi,yƒoƒhƒ~ƒ“ƒgƒ““ú–{ƒCƒ“ƒJƒŒz–{–½‹‚ÌƒvƒŒƒbƒVƒƒ[‚Ì’†A‹êí‚ğ‘Ï‚¦”²‚¢‚½¬ì•ŒF’J‚ª‰‰hŠ¥Iƒ’jqƒ_ƒuƒ‹ƒX„,https://news.yahoo.co.jp/articles/bb558923652c63ec1b0b43ceb9d6657ebadee474,10/13(‹à) 21:08
badspi,yƒoƒhƒ~ƒ“ƒgƒ“zŠÛ™ƒoƒhƒ~ƒ“ƒgƒ“•”ƒTƒCƒg‚ªƒŠƒjƒ…[ƒAƒ‹I@’jqƒ`[ƒ€–¼‚ÍuŠÛ™ƒXƒeƒB[ƒ‰[ƒYv‚É,https://news.yahoo.co.jp/articles/a539bc253a7d11d4e11818a934ccf501d9951d5d,10/13(‹à) 20:59
badspi,yƒoƒhƒ~ƒ“ƒgƒ“@ƒA[ƒNƒeƒBƒbƒNƒI[ƒvƒ“z¼–{•‰iŒ´A’†¼•Šâ‰i‚ç‚ª‡“–‚É€XŒˆŸ‚ÖI,https://news.yahoo.co.jp/articles/5d29adea5bfccfc5374430550bafe0fa6de15f0e,10/13(‹à) 20:55
badspi,yƒoƒhƒ~ƒ“ƒgƒ“ƒCƒ“ƒJƒŒ2023z“Œ“ú–{ƒCƒ“ƒJƒŒ8‹­‚Ì\‹T‰Á“Ş]‚ª‰õiŒ‚Œ©‚¹A‰‚ÌƒCƒ“ƒJƒŒ—‰¤‚ÉIƒ—qƒVƒ“ƒOƒ‹ƒX„,https://news.yahoo.co.jp/articles/e12a495bb245df520c60f62b8a21f2d669c52f05,10/13(‹à) 20:48
badspi,yƒoƒhƒ~ƒ“ƒgƒ“ƒCƒ“ƒJƒŒ2023z2”N˜A‘±‚Å–¾¡‘å‚©‚ç1”N¶‰¤Ò‚ª’a¶I@ŒˆŸ‚Å“¯Z‘ÎŒˆ‚ğ§‚µ‚½‚Ì‚Í“¡Œ´–rŒƒ’jqƒVƒ“ƒOƒ‹ƒX„,https://news.yahoo.co.jp/articles/14c98bfcf2f046d8acb4693cded80e2694b2c881,10/13(‹à) 20:43
badspi,yƒoƒhƒ~ƒ“ƒgƒ“zƒA[ƒNƒeƒBƒbƒNƒI[ƒvƒ“‚Å“nç³q‹M‚ª‘ä˜p‚Ì‹­“G‚ğŒ‚”jI—Îì•âV“¡‚ç‚à2‰ñí‚ÉioI,https://news.yahoo.co.jp/articles/5532f42c38e0a07c91510bba9289bac556c0d9b9,10/12(–Ø) 17:20
badspi,yƒoƒhƒ~ƒ“ƒgƒ“z—qƒVƒ“ƒOƒ‹ƒX‚ÌƒG[ƒXERŒûˆ©‚ª‰E‘«‚Ì•‰‚Åƒˆ[ƒƒbƒp‰“ª‚ğƒLƒƒƒ“ƒZƒ‹,https://news.yahoo.co.jp/articles/f372889aeedf309a30d01164297ea123f514d81e,10/11(…) 20:32
badspi,yƒoƒhƒ~ƒ“ƒgƒ“zƒA[ƒXƒeƒBƒbƒNƒI[ƒvƒ“‚Å‰œŒ´Šó–]A‹àq•¼—F‚Í‰í”s‘Ş‚ÉI‚í‚é,https://news.yahoo.co.jp/articles/df471d91a48e208018a46d8c3c856419a1091b75,10/11(…) 20:17
badspi,y¢ŠEƒWƒ…ƒjƒAƒoƒhƒ~ƒ“ƒgƒ“‘IèŒ z“cŒû^Ê•‹Ê–ØˆŸ–í‚ª—qƒ_ƒuƒ‹ƒX‚Å¢ŠEˆê‚É‹P‚­I,https://news.yahoo.co.jp/articles/0aef25757eff6cb72654c06ec311fb9edec76011,10/9(Œ) 20:07
badspi,yYBƒAƒWƒA‘å‰ïƒoƒhƒ~ƒ“ƒgƒ“zu¡‚Ìó‘Ô‚Åƒƒ_ƒ‹‚ğ‚µ‚Á‚©‚èæ‚ê‚½‚Ì‚ª‚æ‚©‚Á‚½v“Ş—Ç‰ªŒ÷‘å@‹A‘ƒRƒƒ“ƒgj,https://news.yahoo.co.jp/articles/e5da64d9fe66e6f037af3b5d7e0b24d66199dff2,10/9(Œ) 12:03
badspi,yYBƒAƒWƒA‘å‰ïƒoƒhƒ~ƒ“ƒgƒ“zu©•ª‚ªv‚Á‚Ä‚¢‚½ˆÈã‚ÌƒpƒtƒH[ƒ}ƒ“ƒX‚ğo‚·‚±‚Æ‚ª‚Å‚«‚½v‘å–xÊ ‹A‘ƒRƒƒ“ƒg,https://news.yahoo.co.jp/articles/1c4ffb3fcd4280d689b3906c22e4c522b1299f2e,10/9(Œ) 11:59
badspi,yƒoƒhƒ~ƒ“ƒgƒ““ú–{ƒCƒ“ƒJƒŒz’}”g‘å‚ª–¾¡‘å‚ğŒˆŸ‚Å”j‚èA2”N‚Ô‚è‚Ì“ú–{ˆêIƒ—q’c‘Ì„,https://news.yahoo.co.jp/articles/7140d5bb28e8321800445db32bad3ef47cd9cebc,10/8(“ú) 22:55
badspi,yƒoƒhƒ~ƒ“ƒgƒ““ú–{ƒCƒ“ƒJƒŒz–@­‘å‚ªŒˆŸ‚Å–¾¡‘å‚ğ3-2‚Å”j‚èA8”N‚Ô‚è‚É“ú–{ˆêIƒ’jq’c‘Ì„,https://news.yahoo.co.jp/articles/09fb6c1f9759c53f1502a8115e364027187e27f1,10/8(“ú) 22:51
badspi,yYBƒAƒWƒA‘å‰ïƒoƒhƒ~ƒ“ƒgƒ“‹A‘‰ïŒ©zu‹v‚µ‚Ô‚è‚ÉƒtƒNƒqƒ‚ç‚µ‚¢‹C‚¿‚Ì“ü‚Á‚½ƒvƒŒ[‚ğo‚¹‚½‚Ì‚ªûŠnvi•Ÿ“‡—R‹Ij,https://news.yahoo.co.jp/articles/ebcf6a12a1a0f31166ce848e3d5bb5716b2140e3,10/8(“ú) 22:44
badspi,yYBƒAƒWƒA‘å‰ïƒoƒhƒ~ƒ“ƒgƒ“‹A‘‰ïŒ©zu‚à‚¤ˆê‚Âã‚ª‚ ‚é‚Æ‚¢‚¤‚Ì‚ğ‰ü‚ß‚ÄÀŠ´‚µ‚½B‚Ü‚½‚Ğ‚½‚Ş‚«‚ÉŠæ’£‚é‚¾‚¯vi“n•Ój,https://news.yahoo.co.jp/articles/135878b90fae7169193c724f17498516955dfa11,10/8(“ú) 22:40
badspi,y¢ŠEƒWƒ…ƒjƒAƒoƒhƒ~ƒ“ƒgƒ“z“cŒû•‹Ê–Ø‚ª´£••½–{‚Æ‚Ì“ú–{ƒyƒA‘ÎŒˆ‚ğ§‚µ‚ÄŒˆŸioIR–k•{“¡‚ÍÉ”s‚ÅƒxƒXƒg4I,https://news.yahoo.co.jp/articles/9ffd84e276d5f487e9c5c38fadac697a5f2ff794,10/8(“ú) 15:18
badspi,y¢ŠEƒWƒ…ƒjƒAƒoƒhƒ~ƒ“ƒgƒ“z—qƒ_ƒuƒ‹ƒX3ƒyƒA‚ª€XŒˆŸ‚ÉŸ—˜‚µƒxƒXƒg4“ü‚èI@‰«–{—D‘åA‹{è—F‰Ô‚ÍãˆÊio‚È‚ç‚¸,https://news.yahoo.co.jp/articles/30d33592ea30227ba9133a8a91a8378a8cd84a74,10/7(“y) 18:42
badspi,yYBƒAƒWƒA‘å‰ïƒoƒhƒ~ƒ“ƒgƒ“z“n•Ó—E‘å^“Œ–ì—LÑ‚Í‹âƒƒ_ƒ‹Bu“Œ‹ŒÜ—Ö‚Å“ºƒƒ_ƒ‹A¡‰ñ‚ÌƒAƒWƒA‘å‰ï‚Å‹âƒƒ_ƒ‹‚¾‚Á‚½‚©‚çAŸ‚Í‹àƒƒ_ƒ‹‚ğæ‚ê‚é‚æ‚¤‚Év,https://news.yahoo.co.jp/articles/a453385ae62e8837dc334060d9254d7680fec93d,10/7(“y) 18:36
badspi,yYBƒAƒWƒA‘å‰ïƒoƒhƒ~ƒ“ƒgƒ“z“n•Ó•“Œ–ì‚ªA¬‡ƒ_ƒuƒ‹ƒX“ú–{lƒyƒA‰‚ÌŒˆŸioI,https://news.yahoo.co.jp/articles/1f5d4d6b8717b2400a3402c08f15eb25cd34222c,10/7(“y) 12:23
badspi,yYBƒAƒWƒA‘å‰ïƒoƒhƒ~ƒ“ƒgƒ“z•Ÿ“‡—R‹I•œA“c‚Í“ºƒƒ_ƒ‹Buğ“ú‚Ìˆêí‚ğæ‚è‰z‚¦‚½‚Ì‚ÍûŠn‚¾‚¯‚ÇA‚à‚¤1‰ñŸ‚Â—Í‚ª—~‚µ‚¢viœA“cj,https://news.yahoo.co.jp/articles/bfb8ccb585e08bf0b24d1c27313c529067f49e6c,10/7(“y) 6:38
badspi,yYBƒAƒWƒA‘å‰ïƒoƒhƒ~ƒ“ƒgƒ“z“Ş—Ç‰ªŒ÷‘å‚Í“ºƒƒ_ƒ‹BuŸ‚¿‚½‚©‚Á‚½‚Å‚·‚¯‚ÇA¡“ú‚Í‘Šè‚ª‹­‚·‚¬‚½v,https://news.yahoo.co.jp/articles/613af64d370704f9932ac8df37cf09c21efd2bb8,10/6(‹à) 23:35
badspi,yYBƒAƒWƒA‘å‰ïƒoƒhƒ~ƒ“ƒgƒ“z‘å–xÊ‚Í“ºƒƒ_ƒ‹BuÅŒã‚Í‰÷‚µ‚¢•‰‚¯‚Å‚·‚ªA120ƒp[ƒZƒ“ƒg‚Ì—Í‚ªo‚¹‚½‘å‰ï‚¾‚Á‚½v,https://news.yahoo.co.jp/articles/cff54c93def900a40485c4e0f3d09f862ad2a946,10/6(‹à) 23:13
badspi,yYBƒAƒWƒA‘å‰ïƒoƒhƒ~ƒ“ƒgƒ“z“n•Ó—E‘å•“Œ–ì—LÑ‚ªŒˆŸ‚ÖBu–l‚ç‚ª‚ß‚´‚µ‚Ä‚é‚Ì‚Í‚à‚¤ˆê‚ÂãB‚¢‚¢€”õ‚ª‚Å‚«‚Ä‚¢‚évi“n•Ój,https://news.yahoo.co.jp/articles/4b8577cc5468bc30ba0049a24b74f3c0665bc68c,10/6(‹à) 23:07
badspi,yYBƒAƒWƒA‘å‰ïƒoƒhƒ~ƒ“ƒgƒ“z‘å–xÊA“Ş—Ç‰ªŒ÷‘åA•Ÿ“‡•œA“cA“n•Ó•“Œ–ì‚ªƒƒ_ƒ‹Šm’èI,https://news.yahoo.co.jp/articles/a2f91b2bdb7427cef77835d77720e3739d061de5,10/6(‹à) 18:36
badspi,y¢ŠEƒWƒ…ƒjƒAƒoƒhƒ~ƒ“ƒgƒ“z—qƒ_ƒuƒ‹ƒX‚Í3ƒyƒA‚ª€XŒˆŸ‚ÉioI,https://news.yahoo.co.jp/articles/43fe8a522fef3cbf671b121159fbca5ed5f75059,10/6(‹à) 18:30
badspi,yYBƒAƒWƒA‘å‰ïƒoƒhƒ~ƒ“ƒgƒ“z•Ÿ“‡—R‹I•œA“cÊ‰Ô‚ªƒxƒXƒg4ioBu‹C‚¿‚ªÜ‚ê‚©‚¯‚½‚¯‚ê‚ÇA©•ª‚Å©•ª‚ğ‚È‚ñ‚Æ‚©•±‚¢—§‚½‚¹‚½vi•Ÿ“‡j,https://news.yahoo.co.jp/articles/5bc0ad2105a8eaf64e4275b759341f0bdca83558,10/6(‹à) 18:21
badspi,yYBƒAƒWƒA‘å‰ïƒoƒhƒ~ƒ“ƒgƒ“z‘å–xÊ‚ªƒxƒXƒg4ioBu‚Ç‚ñ‚Èã‚Ì‘Šè‚É‚àí‚¦‚éB–¾“ú‚à‚»‚ñ‚È©•ª‚ğŒ©‚Ä‚Ù‚µ‚¢v,https://news.yahoo.co.jp/articles/6dfb35bd9836cb42b4289834f8ebdc109fcc95f6,10/6(‹à) 18:13
badspi,yYBƒAƒWƒA‘å‰ïz“Ş—Ç‰ªŒ÷‘å‚ªƒƒ_ƒ‹Šm’èBuƒƒ_ƒ‹‚à‚¤‚ê‚µ‚¢‚¯‚ÇAƒ|ƒCƒ“ƒg‚É‚Â‚È‚ª‚é‚Ì‚ÅA‚â‚Á‚½I‚Æ‚¢‚¤Š´‚¶v,https://news.yahoo.co.jp/articles/fadcdc51d3f58740105123bb5a51ed902d4ba3c1,10/6(‹à) 18:07
badspi,yYBƒAƒWƒA‘å‰ïƒoƒhƒ~ƒ“ƒgƒ“z“n•Ó—E‘å•“Œ–ì—LÑ‚ªƒƒ_ƒ‹Šm’èBuƒƒ_ƒ‹‚Í‚¤‚ê‚µ‚¢‚¯‚ÇA‚Ü‚¾ã‚ª2‚Â‚ ‚é‚Ì‚ÅA‚»‚±‚ğ‚ß‚´‚µ‚Ä‚¢‚«‚½‚¢vi“n•Ój,https://news.yahoo.co.jp/articles/d2c4d2b38fb3f64e92767fecc7a9919932dd22ed,10/5(–Ø) 21:36
badspi,yYBƒAƒWƒA‘å‰ïƒoƒhƒ~ƒ“ƒgƒ“zu“cç—z•¼R“Ş–¢‚Í€XŒˆŸ”s‘ŞBuƒƒ_ƒ‹‚ğæ‚ê‚È‚­‚Ä‚·‚²‚­‰÷‚µ‚¢‚¯‚ÇA‚»‚ê‚ÍƒIƒŠƒ“ƒsƒbƒN‚É‚Æ‚Á‚Ä‚¨‚­‹C‚¿‚Åv,https://news.yahoo.co.jp/articles/0e59a560f0a7555dd612d72b0de05622fd4319d9,10/5(–Ø) 21:14
badspi,y¢ŠEƒWƒ…ƒjƒAƒoƒhƒ~ƒ“ƒgƒ“z“ú–{¨‚Í5í–Ú‚Å4‰ñí‚ÉioIƒŒÂlíE3“ú–ÚŒ‹‰Ê„,https://news.yahoo.co.jp/articles/ace5cd078fb2419a8d71b544cd8009c783174810,10/5(–Ø) 21:05
badspi,yYBƒAƒWƒA‘å‰ïƒoƒhƒ~ƒ“ƒgƒ“z‘å–xÊ‚ª‘Õ‘‰n‚ğƒXƒgƒŒ[ƒg‚Å”j‚é‹à¯‚Å€XŒˆŸioI u‚±‚ñ‚È“WŠJ‚É‚È‚é‚Æ‚Í—\‘z‚Å‚«‚È‚©‚Á‚½v,https://news.yahoo.co.jp/articles/4bf2f777730dea55a2abd991f8c622f11a55b055,10/5(–Ø) 5:33
badspi,yYBƒAƒWƒA‘å‰ïƒoƒhƒ~ƒ“ƒgƒ“z“Ş—Ç‰ªŒ÷‘å‚ª3‰ñí“Ë”jBuƒtƒ@ƒCƒiƒ‹‚É‚¢‚Á‚Ä‚à‘åä•v‚Æv‚Á‚½‚¯‚ê‚ÇA2-0‚ÅŸ‚Ä‚Ä‚æ‚©‚Á‚½v,https://news.yahoo.co.jp/articles/0856c35faa0cb9289327bf5c8807208692d13926,10/4(…) 23:03
badspi,yYBƒAƒWƒA‘å‰ïƒoƒhƒ~ƒ“ƒgƒ“z•Ÿ“‡—R‹I•œA“cÊ‰Ô‚Í3‰ñí‚ÖBu“ü‚è‚Íˆ«‚­‚È‚©‚Á‚½‚©‚ç–¾“ú‚É‚Â‚È‚°‚Ä‚¢‚«‚½‚¢vi•Ÿ“‡j,https://news.yahoo.co.jp/articles/42a18ad97efa6543d3e1834c90d54d93f7a33eec,10/4(…) 22:52
badspi,yYBƒAƒWƒA‘å‰ïƒoƒhƒ~ƒ“ƒgƒ“z‘å–xÊ‚ª€XŒˆŸioBu‰‚ß‚Ä‚ÌŸ‚¿•û‚ª‚±‚¤‚È‚é‚Æ‚Í©•ª‚Å‚à‚Ñ‚Á‚­‚èv,https://news.yahoo.co.jp/articles/884b5929e86b9b64db0e90c2aaf799b12b74fdea,10/4(…) 22:45
badspi,yYBƒAƒWƒA‘å‰ïƒoƒhƒ~ƒ“ƒgƒ“z¼–{Œ‘¾‚Í3‰ñí”s‘ŞBuƒxƒXƒgƒpƒtƒH[ƒ}ƒ“ƒX‚Ío‚¹‚½‚ªA‹ì‚¯ˆø‚«‚â“_‚Ìæ‚è•û‚ª‘Šè‚Ì•û‚ªã‚¾‚Á‚½v,https://news.yahoo.co.jp/articles/eb96fe20b121c0bccffe10e0df5bafd7212879ec,10/4(…) 22:19
badspi,yYBƒAƒWƒA‘å‰ïƒoƒhƒ~ƒ“ƒgƒ“z“n•Ó—E‘å^“Œ–ì—LÑ‚ªŸ—˜Bu‹C‚¿‚Ì‚Â‚­‚è•û‚à‚¤‚Ü‚­‚¢‚Á‚½‚µA‰ä–‚·‚éƒƒ“ƒ^ƒ‹‚à®‚¦‚ç‚ê‚Ä‚¢‚½vi“n•Ój,https://news.yahoo.co.jp/articles/39fcf62a5d0be515bf809ef2e9ceba90075f5219,10/4(…) 21:57
badspi,yYBƒAƒWƒA‘å‰ïƒoƒhƒ~ƒ“ƒgƒ“zu“cç—z•¼R“Ş–¢‚Í2‰ñí“Ë”jBu©•ª‚Ìƒ~ƒX‚Í©•ª‚Åæ‚è•Ô‚·‚Â‚à‚è‚ÅÅŒã‚Ü‚ÅŠæ’£‚è‚Ü‚µ‚½viu“cj,https://news.yahoo.co.jp/articles/a33be8e02224fb73ee1647cdfe8b0f95a2497436,10/4(…) 21:44
badspi,yYBƒAƒWƒA‘å‰ïƒoƒhƒ~ƒ“ƒgƒ“z•Û–Ø‘ì˜N•¬—Ñ—DŒá‚ª‘Ì’²•s—Ç‚ğ——R‚É2‰ñí‚ğŠüŒ ,https://news.yahoo.co.jp/articles/7c00c86f15253897e2dff8ed8b6eb94644e7c7d2,10/4(…) 17:21
badspi,y¢ŠEƒWƒ…ƒjƒAƒoƒhƒ~ƒ“ƒgƒ“zƒAƒWƒAƒWƒ…ƒjƒA‚Ìƒƒ_ƒŠƒXƒg‰«–{—D‘åAR–k•{“¡‚È‚Ç‚ª‡“–‚É2‰ñí‚ğ“Ë”jI,https://news.yahoo.co.jp/articles/385b338cb4d0b40a2c27d45279e2a8a4edd03fb3,10/4(…) 16:42
badspi,yYBƒAƒWƒA‘å‰ïƒoƒhƒ~ƒ“ƒgƒ“zm•½ØŒ‚Í‰½™u›g‚ÆÄíI@”sí‚àƒtƒ@ƒCƒiƒ‹ƒQ[ƒ€‚É‚¿‚ŞŒ’“¬,https://news.yahoo.co.jp/articles/ee97e9d415de0fcd260538882302bc0485388ce5,10/3(‰Î) 21:49
badspi,yYBƒAƒWƒA‘å‰ïƒoƒhƒ~ƒ“ƒgƒ“zu“cç—z•¼R“Ş–¢‚ª‰í“Ë”jBu©•ª‚½‚¿‚Í‚Å‚«‚é‚Æ‚¢‚¤‹C‚¿‚ªo‚Ä‚«‚½‚µA—DŸ‚Å‚«‚é‚Æ‚±‚ë‚ğŒ©‚¹‚½‚¢vi¼Rj,https://news.yahoo.co.jp/articles/874fee5fe7bab0414ed78cb5cff458843ec82ad5,10/3(‰Î) 21:44
badspi,yYBƒAƒWƒA‘å‰ïƒoƒhƒ~ƒ“ƒgƒ“z“Ş—Ç‰ªŒ÷‘å‚Í3‰ñí‚ÖBu‚Ç‚±‚Ü‚Å‚Å‚«‚é‚©‚í‚©‚ç‚È‚¢‚¯‚ÇAŸ‚à•‰‚¯‚È‚¢‚æ‚¤‚ÉŠæ’£‚év,https://news.yahoo.co.jp/articles/82188775f751b3b677da1de4a493421a58737578,10/3(‰Î) 20:56
badspi,yYBƒAƒWƒA‘å‰ïƒoƒhƒ~ƒ“ƒgƒ“z‘å–xÊ‚ª2‰ñí“Ë”jBu’c‘Ìí‚©‚ç‚¢‚¢Œ`‚ÅŒÂlí‚É‚à‚Á‚Ä‚±‚ç‚ê‚Ä‚¢‚év,https://news.yahoo.co.jp/articles/2896b137b1940fbbf00b9d9dd13504760c8b805b,10/3(‰Î) 20:44
badspi,yYBƒAƒWƒA‘å‰ïƒoƒhƒ~ƒ“ƒgƒ“z¼–{Œ‘¾‚Í3‰ñí‚ÖBu–¾“ú‚à‚¤ˆê‚ÂŠK’i‚ğã‚ª‚é‚½‚ß‚ÉA€‚Ê‹C‚ÅŠæ’£‚è‚½‚¢v,https://news.yahoo.co.jp/articles/afe55f0755ffb37e0d475778354fc8cdff478bde,10/3(‰Î) 20:37
badspi,yYBƒAƒWƒA‘å‰ïƒoƒhƒ~ƒ“ƒgƒ“zm•½ØŒ‚Í2‰ñí”s‘ŞBu‚¢‚¢‡‚ğ‚µ‚Ä‚à•‰‚¯‚Í•‰‚¯BŸ‚¿‚É‚Â‚È‚°‚ç‚ê‚¸‰÷‚µ‚¢v,https://news.yahoo.co.jp/articles/7a16d6de041a115fe44c2209c5c41e7e6d8091fe,10/3(‰Î) 20:31
badspi,yYBƒAƒWƒA‘å‰ïƒoƒhƒ~ƒ“ƒgƒ“zm•½ØŒ‚Í2‰ñí”s‘ŞBu‚¢‚¢‡‚ğ‚µ‚Ä‚à•‰‚¯‚Í•‰‚¯BŸ‚¿‚É‚Â‚È‚°‚ç‚ê‚¸‰÷‚µ‚¢v,https://news.yahoo.co.jp/articles/1d0727ba8165937db8e3f90b61595b66d318d514,10/3(‰Î) 20:31
badspi,y¢ŠEƒWƒ…ƒjƒAƒoƒhƒ~ƒ“ƒgƒ“zŒÂlí‚ªƒXƒ^[ƒgI@’J‰ª‘å@Aó–ì^‰›‚È‚Ç‚ª‰í‚ğ“Ë”jI,https://news.yahoo.co.jp/articles/d193729d636bbdc710de93e04563b7ba7cacc752,10/3(‰Î) 20:22
badspi,yYBƒAƒWƒA‘å‰ïƒoƒhƒ~ƒ“ƒgƒ“z¼–{Œ‘¾A•Û–Ø•¬—Ñ‚ª2‰ñí‚ÖqŒÂlí1“ú–Úƒ_ƒCƒWƒFƒXƒgr,https://news.yahoo.co.jp/articles/52201ed6367979d5dff5eaf4465efef935161efd,10/2(Œ) 23:05
badspi,yYBƒAƒWƒA‘å‰ïƒoƒhƒ~ƒ“ƒgƒ“zŒÃ‰ê‹P•âV“¡‘¾ˆê‚Í1‰ñí”s‘ŞBu‘S‘Ì“I‚É‘Šè‚Ì—Í‚ª‘S‘Rã‚¾‚Á‚½viâV“¡j,https://news.yahoo.co.jp/articles/6a8726ef031286752c96a3b52ea13bb264013e80,10/2(Œ) 21:34
badspi,yYBƒAƒWƒA‘å‰ïƒoƒhƒ~ƒ“ƒgƒ“z•Û–Ø‘ì˜N•¬—Ñ—DŒá‚Í2‰ñí‚ÖBu˜”Õ‚Å“_·‚ğ—£‚»‚¤‚Æƒƒ“ƒOƒT[ƒrƒX‚Å—h‚³‚Ô‚Á‚½vi¬—Ñj,https://news.yahoo.co.jp/articles/9653cd7ccd4faa906895be19b25b7a2b908b3ac5,10/2(Œ) 21:26
badspi,yYBƒAƒWƒA‘å‰ïƒoƒhƒ~ƒ“ƒgƒ“zR‰º‹±u•½•Â’JØ—¯‚Í1‰ñí”s‘ŞBu‘Šè‚ª‚Ç‚ñ‚Ç‚ñ—¬‚ê‚ğ‚Á‚Ä‚¢‚Á‚Ä‚µ‚Ü‚Á‚½viÂ’Jj,https://news.yahoo.co.jp/articles/466f4fbf95e1c7bcda2b0b18ed641079e450577a,10/2(Œ) 16:54
badspi,yYBƒAƒWƒA‘å‰ïƒoƒhƒ~ƒ“ƒgƒ“z¼–{Œ‘¾‚Í2-0‚Å‰í“Ë”jBu’c‘Ìí‚Å“¾‚½ŒoŒ±‚â—Í‚ğŒÂlí‚Å”­Šö‚Å‚«‚é‚æ‚¤‚É‚µ‚½‚¢v,https://news.yahoo.co.jp/articles/44b6d6eb1186eed013747f4c357230b5462760fa,10/2(Œ) 16:47
badspi,yYBƒAƒWƒA‘å‰ïƒoƒhƒ~ƒ“ƒgƒ“z’jq’c‘ÌŒˆŸ‚Í’†‘‚ªƒCƒ“ƒh‚É‹t“]Ÿ—˜I@Å‘½6“x–Ú‚Ì—DŸ,https://news.yahoo.co.jp/articles/d336e9a913c5e1d1ecae3a6fd05ce9cd81a641ae,10/2(Œ) 16:41
badspi,yYBƒAƒWƒA‘å‰ïz—q’c‘Ì‚ÍŠØ‘‚ª‹àƒƒ_ƒ‹I ğ”N‚Ìƒ†[ƒo[”t‚É‘±‚«’c‘Ìí§”eI,https://news.yahoo.co.jp/articles/147ba8f711af32eaa2eb28b9352b7d4bdc433537,10/1(“ú) 21:33
badspi,yƒAƒWƒA‘å‰ïƒoƒhƒ~ƒ“ƒgƒ“zŒÂlí—qƒVƒ“ƒOƒ‹ƒX‚ÍRŒûˆ©‚É‘ã‚í‚èAm•½ØŒ‚ªoê‚Ö,https://news.yahoo.co.jp/articles/47be6e52a12198900b42932cbe22cf8d88dd2210,10/1(“ú) 21:30
badspi,yƒAƒWƒA‘å‰ïƒoƒhƒ~ƒ“ƒgƒ“z“ú–{’jq‚Í’†‘‚É€ŒˆŸ‚ÅÉ”sI@¼–{Œ‘¾‚ªŸ—˜‚àŒã‚ª‘±‚©‚¸2‘å‰ï˜A‘±“ºƒƒ_ƒ‹,https://news.yahoo.co.jp/articles/a1aa1cee6661f0b87a948562f0484ecd42f37a6e,10/1(“ú) 21:28
badspi,yƒAƒWƒA‘å‰ïƒoƒhƒ~ƒ“ƒgƒ“zŒÃ‰ê‹P^âV“¡‘¾ˆê‚ª”síBu‘Šè‚ª‚Ç‚ñ‚Ç‚ñ‘O‚É‚«‚Ä‚¢‚½‚Ì‚Åˆø‚¢‚Ä‚µ‚Ü‚Á‚½viâV“¡j,https://news.yahoo.co.jp/articles/63b71e0691ea1e698ba447be48395957eb1dedd7,10/1(“ú) 21:23
badspi,yƒAƒWƒA‘å‰ïƒoƒhƒ~ƒ“ƒgƒ“zíRŠ²‘¾‚Í0-2‚Å”s‚ê‚éBu‹Ù’£‚Í‚È‚©‚Á‚½‚¯‚ÇA‰½‚©‚â‚è‚«‚ê‚È‚¢Š´‚¶‚ª‚ ‚Á‚½v,https://news.yahoo.co.jp/articles/f49e80aca10345913b2a90bd49079453e740d573,10/1(“ú) 8:07
badspi,yƒAƒWƒA‘å‰ïƒoƒhƒ~ƒ“ƒgƒ“z•Û–Ø‘ì˜N^¬—Ñ—DŒá‚ª”s‚ê‚éBu‚à‚Á‚Æ˜”Õ‚©‚çƒvƒŒƒbƒVƒƒ[‚ğ‚©‚¯‚Ä‚¢‚¯‚½‚ç‚æ‚©‚Á‚½vi•Û–Øj,https://news.yahoo.co.jp/articles/c3ecf4312b1035ea17cdcc5c937f1347a6e1e37a,10/1(“ú) 8:02
badspi,yƒAƒWƒA‘å‰ïƒoƒhƒ~ƒ“ƒgƒ“z¼–{Œ‘¾‚ªÎ‰FŠï‚ÉŸ‚ÂBu‘Å‚½‚¹‚ÄƒJƒEƒ“ƒ^[‚Æ‚¢‚¤ƒCƒ[ƒW‚ÅƒvƒŒ[‚Å‚«‚Ä‚¢‚½v,https://news.yahoo.co.jp/articles/0b97760916340024c5aee0bcc8d2c107c9488658,10/1(“ú) 7:24
badspi,yƒAƒWƒA‘å‰ïƒoƒhƒ~ƒ“ƒgƒ“zŒÃ‰ê‹P^âV“¡‘¾ˆê‚Í”síBu‘Šè‚ª‚Ç‚ñ‚Ç‚ñ‘O‚É‚«‚Ä‚¢‚½‚Ì‚Åˆø‚¢‚Ä‚µ‚Ü‚Á‚½viâV“¡‘¾ˆêj,https://news.yahoo.co.jp/articles/fd81f17693e46eb503a04563166ad7b7b0157fde,10/1(“ú) 7:18
badspi,yƒAƒWƒA‘å‰ïƒoƒhƒ~ƒ“ƒgƒ“z“ú–{—q‚Í’†‘‚É1-3‚Å”s‘Ş‚µ“ºƒƒ_ƒ‹Iu“c•¼R‚ªˆê–î•ñ‚¢‚é,https://news.yahoo.co.jp/articles/32bd96da43866ad15b6a44699aa913d9c90d60b0,9/30(“y) 22:00
badspi,yƒAƒWƒA‘å‰ïƒoƒhƒ~ƒ“ƒgƒ“z•Ÿ“‡—R‹I^Â’JØ—¯‚Í¢ŠEƒ‰ƒ“ƒN6ˆÊ‚É”s‚ê‚éBu‚ß‚¿‚á‚­‚¿‚á‹Ù’£‚µ‚ÄS‘Ÿ‚ªƒoƒNƒoƒN‚µ‚Ä‚¢‚Ü‚µ‚½viÂ’Jj,https://news.yahoo.co.jp/articles/381d008906b2ba96525b58849ab9c143f4bc7b6a,9/30(“y) 21:55
badspi,yƒAƒWƒA‘å‰ïƒoƒhƒ~ƒ“ƒgƒ“zm•½ØŒ‚Í0-2‚Å”s‚ê‚éBu‚¢‚Â‚à‚Æ‚Íˆá‚Á‚½‹Ù’£Š´‚ª‚ ‚Á‚½v,https://news.yahoo.co.jp/articles/3439347dd4cdd8339ea47bbdfcde9aba7a3bed4d,9/30(“y) 21:44
badspi,yƒAƒWƒA‘å‰ïƒoƒhƒ~ƒ“ƒgƒ“zu“cç—z^¼R“Ş–¢‚ªƒ‰ƒ“ƒN1ˆÊ‚ğ”j‚éBu©•ª‚½‚¿‚ÌƒpƒtƒH[ƒ}ƒ“ƒX‚ğo‚µØ‚ê‚ÎŸ•‰‚ª‚Å‚«‚éAŸ‚Ä‚é‚Æ‚¢‚¤©M‚É‚È‚Á‚½viu“cj,https://news.yahoo.co.jp/articles/f8f2cc9d0ffff3b2671b4ad8bcfa51028de83b44,9/30(“y) 21:38
badspi,yƒAƒWƒA‘å‰ïƒoƒhƒ~ƒ“ƒgƒ“zu‘æ1ƒVƒ“ƒOƒ‹ƒX‚Å‚àŸ•‰‚Å‚«‚ép‚ğŒ©‚¹‚½‚©‚Á‚½v,https://news.yahoo.co.jp/articles/65cf46724ad18f21a90ee354baad2d27c69eee53,9/30(“y) 21:32
badspi,y¢ŠEƒWƒ…ƒjƒAƒoƒhƒ~ƒ“ƒgƒ“z“ú–{‚Íƒtƒ‰ƒ“ƒX‚É3-0‚ÅŸ—˜I 5ˆÊ‚Å’c‘Ìí‚ğI‚¦‚é,https://news.yahoo.co.jp/articles/7fac00913b36e5c22e34d2a26e5c562d3fa07237,9/30(“y) 21:25
badspi,yƒAƒWƒA‘å‰ïƒoƒhƒ~ƒ“ƒgƒ“zƒG[ƒX•s’²‚à“ú–{’jq‚ª‹t“]Ÿ‚¿‚ÅƒxƒXƒg4ioI€ŒˆŸ‚Í’†‘‚ÆŒƒ“ËI,https://news.yahoo.co.jp/articles/aab6c83b4aedde15d91aeaa660866394643bfe4a,9/30(“y) 21:22
badspi,yƒAƒWƒA‘å‰ïƒoƒhƒ~ƒ“ƒgƒ“zŒÃ‰ê‹P^âV“¡‘¾ˆê‚ªŸ—˜Buƒ`ƒƒƒ“ƒX‚ª‚ ‚ê‚Î‰º‚©‚ç‚Å‚à—‚Æ‚·‹…‚Éƒgƒ‰ƒC‚µ‚½viŒÃ‰êj,https://news.yahoo.co.jp/articles/712595b34e7a3e50ab9447041a163e04d547aed8,9/29(‹à) 23:21
badspi,yƒAƒWƒA‘å‰ïƒoƒhƒ~ƒ“ƒgƒ“z¼–{Œ‘¾‚Í2|1‚ÅŸ—˜Bu‚¢‚¢ˆÓ–¡‚ÅŠ…‚ğ“ü‚ê‚Ä‚à‚ç‚Á‚½v,https://news.yahoo.co.jp/articles/54c3ee50c8b57e239db12687892115ff8e5390bd,9/29(‹à) 23:13
badspi,yƒAƒWƒA‘å‰ïƒoƒhƒ~ƒ“ƒgƒ“z•Û–Ø‘ì˜N^¬—Ñ—DŒá‚Í2-0‚ÅŸ—˜Bu‚±‚Ì‘å‰ï‚Åƒƒ_ƒ‹‚ğæ‚é‚±‚Æ‚ªŸ‚ÌƒXƒeƒbƒv‚Ì‚½‚ß‚É•K—v‚¾‚Æv‚¤vi¬—Ñj,https://news.yahoo.co.jp/articles/ab706b80ef0271c64daf37be81898469b689e8d1,9/29(‹à) 23:06
badspi,yƒAƒWƒA‘å‰ïƒoƒhƒ~ƒ“ƒgƒ“z“Ş—Ç‰ªŒ÷‘å‚ª”s‚ê‚éBu‰‚ß‚Ä‚ÌƒAƒWƒA‘å‰ï‚Å‹Ù’£‚à‚ ‚Á‚½B•‰‚¯‚Ä‚·‚²‚­‰÷‚µ‚¢v,https://news.yahoo.co.jp/articles/240e6b61b8678ab0a06168941c94f7be6bb95e46,9/29(‹à) 22:50
badspi,yƒAƒWƒA‘å‰ïƒoƒhƒ~ƒ“ƒgƒ“zu“cç—z^¼R“Ş–¢‚ªŸ—˜BuƒVƒ“ƒvƒ‹‚È‚±‚Æ‚ğ‚µ‚Á‚©‚è‚â‚ë‚¤‚Æv‚Á‚ÄƒR[ƒg‚É“ü‚èA‚»‚ê‚ª‚¤‚Ü‚­‚Å‚«‚½viu“cj,https://news.yahoo.co.jp/articles/fe60bbd9bd10325ba2c7104d6cac4faaf0887474,9/29(‹à) 22:39
badspi,yƒAƒWƒA‘å‰ïƒoƒhƒ~ƒ“ƒgƒ“z‘æ2ƒVƒ“ƒOƒ‹ƒX‚Ì‘å–xÊ‚ªŸ—˜Bu‚¢‚Â‚àˆÈã‚ÉŸ‚¿‚½‚¢‹C‚¿‚ª‹­‚­A‚»‚Ì€”õ‚Ì•”•ª‚©‚ç‘Šè‚ğã‰ñ‚ê‚½v,https://news.yahoo.co.jp/articles/e44d41c3cd11466c1d2690cd90b58162aa553467,9/29(‹à) 22:29
badspi,yƒAƒWƒA‘å‰ïƒoƒhƒ~ƒ“ƒgƒ“z•Ÿ“‡—R‹I^“Œ–ì—LÑ‚ª2-0‚ÅŸ—˜Bu‘Šè‚ğƒoƒbƒN‘¤‚É’Ç‚¢‚ñ‚Å‘O‚É“ü‚é“WŠJ‚ğ‚Ë‚ç‚Á‚Ä‚¢‚½vi“Œ–ìj,https://news.yahoo.co.jp/articles/b9c8d4082b14016d82cd6a0acfa6f64e820ed043,9/29(‹à) 22:21
badspi,yƒAƒWƒA‘å‰ïƒoƒhƒ~ƒ“ƒgƒ“z“ú–{‚ª‘ä˜p‚ğ‰º‚µƒxƒXƒg4io‚àRŒûˆ©‚ª•‰ŠüŒ B€ŒˆŸ‚Ì’†‘í‚ÉˆÃ‰_,https://news.yahoo.co.jp/articles/f91449a31be45de022c312f8f3ff2c7b1fec4de8,9/29(‹à) 22:14
badspi,y¢ŠEƒWƒ…ƒjƒAƒoƒhƒ~ƒ“ƒgƒ“z“ú–{‚Í’†‘‚É€XŒˆŸ‚Å”s‚êAƒƒ_ƒ‹Šl“¾‚È‚ç‚¸,https://news.yahoo.co.jp/articles/1e8dc1481fd2e803ba620030ee11e3a1cfe89518,9/29(‹à) 22:02
badspi,yƒAƒWƒA‘å‰ïƒoƒhƒ~ƒ“ƒgƒ“z“ú–{’jq‚ªD”­i‚Å8‹­“ü‚èIuˆêŠÛ‚Å—DŸ‚ß‚´‚·vi¼–{Œ‘¾j,https://news.yahoo.co.jp/articles/4ca3ef92eec055c4c32f7ddff1006dff4348d736,9/29(‹à) 20:56
badspi,yƒAƒWƒA‘å‰ïƒoƒhƒ~ƒ“ƒgƒ“z‘æ2ƒVƒ“ƒOƒ‹ƒX‚ÌíRŠ²‘¾‚ÍƒXƒgƒŒ[ƒgŸ—˜Buƒpƒ[Ÿ•‰‚É‚¤‚Ü‚­•t‚«‡‚í‚È‚¢‚æ‚¤‚É‚â‚Á‚Ä‚¢‚½viíRŠ²‘¾j,https://news.yahoo.co.jp/articles/4c568f93f93b7d9e7aa6338684fe3c163a90b922,9/29(‹à) 6:39
badspi,yƒAƒWƒA‘å‰ïƒoƒhƒ~ƒ“ƒgƒ“z•Û–Ø‘ì˜N^¬—Ñ—DŒá‚ÍƒXƒgƒŒ[ƒgŸ—˜Bu©•ª‚½‚¿‚ÌƒxƒXƒgƒpƒtƒH[ƒ}ƒ“ƒX‚ğo‚¹‚ê‚Î‚æ‚¢í‚¢‚ª‚Å‚«‚évi•Û–Øj,https://news.yahoo.co.jp/articles/c823f417e2c8db14ad36c4a8c90a570f043bc1dc,9/29(‹à) 6:33
badspi,yƒAƒWƒA‘å‰ïƒoƒhƒ~ƒ“ƒgƒ“z‘æ1ƒVƒ“ƒOƒ‹ƒX‚Å¼–{Œ‘¾‚ªŸ—˜BugÌ‚ÄƒVƒ“h‚¾‚Æv‚í‚ê‚½‚­‚È‚©‚Á‚½v,https://news.yahoo.co.jp/articles/1c8a38bb2bb0d1d1cf9d1dfb327bc1409c9e2b57,9/29(‹à) 6:25
badspi,y¢ŠEƒWƒ…ƒjƒAƒoƒhƒ~ƒ“ƒgƒ“z“ú–{‚Í3˜AŸ‚Å—\‘IƒŠ[ƒO1ˆÊ’Ê‰ßI@€XŒˆŸ‚Í’†‘‚ÆŒƒ“ËIƒ’c‘ÌíE3“ú–Ú„,https://news.yahoo.co.jp/articles/1fd4ecffc30135ec50a486cb98b4f20007180510,9/29(‹à) 6:18
badspi,y¢ŠEƒWƒ…ƒjƒAƒoƒhƒ~ƒ“ƒgƒ“z“ú–{‚ªƒVƒ“ƒKƒ|[ƒ‹‚ğ5-0‚ÅŒ‚”jIƒ’c‘ÌíE2“ú–Ú„,https://news.yahoo.co.jp/articles/735965b292e1355bf82e9ff5121bca22a659561f,9/27(…) 19:52
badspi,yƒAƒWƒA‘å‰ïƒoƒhƒ~ƒ“ƒgƒ“zu‘O‰ñ‘å‰ï‚Í‚¢‚¢¬Ñ‚Å‚Í‚È‚©‚Á‚½‚Ì‚ÅA¡‰ñ‚Í‚¢‚¢F‚Ìƒƒ_ƒ‹‚ğæ‚ê‚é‚æ‚¤‚ÉŠæ’£‚évi“n•Ó•“Œ–ìj,https://news.yahoo.co.jp/articles/9e9abe07da49e93316581f9abf08e22091dc554d,9/27(…) 19:47
badspi,y¢ŠEƒWƒ…ƒjƒAƒoƒhƒ~ƒ“ƒgƒ“z“ú–{‚Í—\‘IƒŠ[ƒO‚Å2‚Â‚Ì”’¯‚ğŠl“¾Iƒ’c‘ÌíE‰“ú„,https://news.yahoo.co.jp/articles/61d3d4b5a8952f13ad5110a10431023f8dd95b78,9/26(‰Î) 17:11
badspi,yƒAƒWƒA‘å‰ïƒoƒhƒ~ƒ“ƒgƒ“zu’²®•s‘«‚¾‚ªA‚â‚ê‚é‚±‚Æ‚ğ‘S•”‚â‚Á‚Ä‡‚É‡‚í‚¹‚Ä‚¢‚¯‚ê‚Îvi“Ş—Ç‰ªŒ÷‘åj,https://news.yahoo.co.jp/articles/dfbedbe6cbc587232e2e7e53a7cf6131d3e8a4d8,9/26(‰Î) 17:07
badspi,yƒAƒWƒA‘å‰ïƒoƒhƒ~ƒ“ƒgƒ“zu’c‘Ìí‚Åƒ`[ƒ€‚É‚¢‚¢—¬‚ê‚ğ‚à‚Á‚Ä‚±‚ç‚ê‚é‚æ‚¤‚È‡‚ª‚Å‚«‚ê‚ÎviRŒûˆ©j,https://news.yahoo.co.jp/articles/51aee0060970a6232e893da2fbaad7c2053ccc4a,9/25(Œ) 18:32
badspi,y‘S“ú–{ƒWƒ…ƒjƒAƒoƒhƒ~ƒ“ƒgƒ“z’jq‚Í”‹Œ´xŠóA—q‚Í“nç³—M”T‚ª—DŸIƒƒWƒ…ƒjƒAVl‚Ì•”„,https://news.yahoo.co.jp/articles/608c59a7b8fa466b5da414200f092c9ee3851435,9/19(‰Î) 16:08
badspi,y‘S“ú–{ƒWƒ…ƒjƒAƒoƒhƒ~ƒ“ƒgƒ“z’†Ã•¼ì‚ª’¸“_“’BI@’†Ã‚ÍƒVƒ“ƒOƒ‹ƒX‚Æ‚Ì2Š¥’B¬Iƒ’jqƒ_ƒuƒ‹ƒX„,https://news.yahoo.co.jp/articles/a8eed600236e445aaeae2a3bf496bed0322e9de2,9/19(‰Î) 15:55
badspi,y‘S“ú–{ƒWƒ…ƒjƒAƒoƒhƒ~ƒ“ƒgƒ“z¬í‚Æ‚È‚Á‚½ƒ_ƒuƒ‹ƒX‚ğÂXR“c‚Ì•½–{•‰¡“à‚ª§‚µ‚Ä—DŸIƒ—qƒ_ƒuƒ‹ƒX„,https://news.yahoo.co.jp/articles/7b989a66ef1a8053e53f8b6505f488d08d1d6397,9/19(‰Î) 15:50
badspi,y‘S“ú–{ƒWƒ…ƒjƒAƒoƒhƒ~ƒ“ƒgƒ“z’P•¡ŒˆŸio‚Ì¼“cmˆßØ‚ªƒVƒ“ƒOƒ‹ƒX‚Å—DŸIƒ—qƒVƒ“ƒOƒ‹ƒX„,https://news.yahoo.co.jp/articles/7d3532e2045e5f5ae94fd077051d445baf69b8ee,9/19(‰Î) 15:10
badspi,y‘S“ú–{ƒWƒ…ƒjƒAƒoƒhƒ~ƒ“ƒgƒ“z‚Ó‚½‚Î–¢—ˆ‚Ì’†Ã—I“l‚ªƒVƒ“ƒOƒ‹ƒX‚ğ§”eIƒ’jqƒVƒ“ƒOƒ‹ƒX„,https://news.yahoo.co.jp/articles/0fe229ff30505aa74da812830fdb482d25ed567b,9/19(‰Î) 15:01
badspi,yƒoƒhƒ~ƒ“ƒgƒ“`ƒI[ƒvƒ“zRŒûˆ©‚ª¡‹G5ŒÂ–Ú‚Ìƒ^ƒCƒgƒ‹‚ğŠl“¾I¼–{Œ‘¾‚Í€—DŸI,https://news.yahoo.co.jp/articles/87a556c68590ad669973166fbb3aae873a3fc230,9/18(Œ) 8:02
badspi,yƒoƒhƒ~ƒ“ƒgƒ“`ƒI[ƒvƒ“z¼–{Œ‘¾‚ª‘æ2ƒV[ƒh‚ÌƒMƒ“ƒeƒBƒ“‚ğ”j‚èŒˆŸioI@RŒûˆ©‚à€ŒˆŸ‚ğ“Ë”jI,https://news.yahoo.co.jp/articles/19355db1ffc87278fa5a67e83b50a12ad3760429,9/17(“ú) 21:42
badspi,yƒoƒhƒ~ƒ“ƒgƒ“`ƒI[ƒvƒ“z—Îì•âV“¡‚ªƒxƒXƒg4ioI@RŒûˆ©A¼–{Œ‘¾‚à€ŒˆŸ‚ÖI,https://news.yahoo.co.jp/articles/ede38e459e2407ee784b96fe1377838b4dcd43dd,9/15(‹à) 23:41
badspi,yƒoƒhƒ~ƒ“ƒgƒ“`ƒI[ƒvƒ“zRŒûˆ©‚ªƒtƒ@ƒCƒiƒ‹Ÿ•‰‚ğ§‚µ‚Ä€XŒˆŸ‚ÉioI—Îì•âV“¡‚àƒxƒXƒg8“ü‚èI,https://news.yahoo.co.jp/articles/83f9246ec176fb91e7ae3c1f2b0598f6eda28b82,9/15(‹à) 16:26
badspi,yƒoƒhƒ~ƒ“ƒgƒ“ÅV¢ŠEƒ‰ƒ“ƒLƒ“ƒOz“Ş—Ç‰ªŒ÷‘å‚Í3ˆÊ‚ğƒL[ƒvIŠØ‘‚ÌƒG[ƒXAƒAƒ“EƒZƒˆƒ“‚Í11–œƒ|ƒCƒ“ƒg’´‚¦I,https://news.yahoo.co.jp/articles/71e8d7ed090639d9bd383c6156c7157cbd413cbe,9/15(‹à) 16:12
badspi,yƒoƒhƒ~ƒ“ƒgƒ“`ƒI[ƒvƒ“z¼–{Œ‘¾‚Í’†‘ƒI[ƒvƒ“€V‚Ì‹­“G‚ğ2-0‚ÅŒ‚”jI@RŒûˆ©‚à‰í‚ğ“Ë”jI,https://news.yahoo.co.jp/articles/bb8b1482f40144bb209b8f93dd75066ad10e75e3,9/13(…) 22:22
badspi,yƒoƒhƒ~ƒ“ƒgƒ“`ƒI[ƒvƒ“z’|“à•¼‹‚ª¢ŠEƒ‰ƒ“ƒN8ˆÊ‚ğ2-0‚ÅŒ‚”jI@u“c•¼RAŸN–{•‹{‰Y‚ç‚à2‰ñí‚ÖI,https://news.yahoo.co.jp/articles/92c638f6444836cd6fa1cc7cee46c6b92017c7c3,9/13(…) 8:21
badspi,yƒoƒhƒ~ƒ“ƒgƒ“’†‘ƒI[ƒvƒ“zRŒûˆ©‚ÍƒAƒ“EƒZƒˆƒ“‚É0-2‚Å”s‚ê€—DŸƒŒˆŸíŒ‹‰Ê„,https://news.yahoo.co.jp/articles/09cf059776472581ae7b01a404f65c133d75c382,9/10(“ú) 19:52
badspi,yƒoƒhƒ~ƒ“ƒgƒ“’†‘ƒI[ƒvƒ“zRŒûˆ©‚ªƒ‰ƒCƒoƒ‹‚Ì’Â‰JäÉ‚ğ‰º‚µŒˆŸ‚ÉioIƒ_ƒuƒ‹ƒX3ƒyƒA‚ÍƒxƒXƒg4‚Å”s‘Ş,https://news.yahoo.co.jp/articles/38a60b71d406cb3a7fc2aea4496544c6acaa7ecb,9/10(“ú) 7:59
badspi,yƒoƒhƒ~ƒ“ƒgƒ“’†‘ƒI[ƒvƒ“zu“c•¼RAŸN–{•‹{‰Y‚ªƒxƒXƒg4ioI•Û–Ø•¬—Ñ‚à¢ŠE‘IèŒ ‹âƒƒ_ƒ‹ƒyƒA‚ğŒ‚”jI,https://news.yahoo.co.jp/articles/81617c8eb1924d910c6d287b1910d19399f881ef,9/9(“y) 19:23
badspi,yƒoƒhƒ~ƒ“ƒgƒ“’†‘ƒI[ƒvƒ“z“n•Ó•“Œ–ì‚ÍƒXƒgƒŒ[ƒgŸ—˜‚ÅƒxƒXƒg8“ü‚èI@RŒûˆ©A“Ş—Ç‰ªŒ÷‘å‚à€XŒˆŸioI,https://news.yahoo.co.jp/articles/cd2a90eee952f8bdb1b1aaeb28ff76f44e068159,9/7(–Ø) 22:44
badspi,¬‡ƒ_ƒuƒ‹ƒX‚ÍV‹KƒyƒA‚Ì‘šã—Yˆê^•ÛŒ´Ê‰Ä‚ª’¸“_‚ÖIy‘S“ú–{Ğ‰ïlƒoƒhƒ~ƒ“ƒgƒ“z,https://news.yahoo.co.jp/articles/586fc1cc94839342ada900baee58b5b39b8e2f42,9/7(–Ø) 7:10
badspi,u“ú–{‘ã•\“ü‚è‚ª–Ú•WviR“cjB’jqƒ_ƒuƒ‹ƒX‚ÍÄ“cˆê÷^R“c®‹P‚ªĞ‰ïl‰ƒ^ƒCƒgƒ‹By‘S“ú–{Ğ‰ïlƒoƒhƒ~ƒ“ƒgƒ“z,https://news.yahoo.co.jp/articles/0a50c4b6da82a80571acfffb7db20c55f186a77d,9/7(–Ø) 7:02
badspi,u–ˆ‡‘S—Í‚ğs‚­‚·‚±‚Æ‚ğ–Ú•W‚É‘å‰ï‚É—Õ‚ñ‚¾vi‘å’|jB—qƒ_ƒuƒ‹ƒX‚Í‘å’|–]Œ^îà‹´”ü—D‚ª‰—DŸy‘S“ú–{Ğ‰ïlƒoƒhƒ~ƒ“ƒgƒ“z,https://news.yahoo.co.jp/articles/51495ef1675e83e924bf452d3b20a4aba3022577,9/7(–Ø) 6:56
badspi,yƒoƒhƒ~ƒ“ƒgƒ“’†‘ƒI[ƒvƒ“z“Ş—Ç‰ªŒ÷‘åAíRŠ²‘¾‚ª“ï“G‚ğƒtƒ@ƒCƒiƒ‹Ÿ•‰‚Ì––‚É‰º‚µ2‰ñíioI,https://news.yahoo.co.jp/articles/e713c4ccff2280c332334a4870de4a95605a929c,9/7(–Ø) 6:39
badspi,y‘S“ú–{Ğ‰ïlƒoƒhƒ~ƒ“ƒgƒ“zŒÃ‰ê•ä‚ª2“x–Ú‚ÌVI@¬¼tµ‚ÍƒVƒ“ƒOƒ‹ƒX‰ƒ^ƒCƒgƒ‹‚ğŠl“¾I,https://news.yahoo.co.jp/articles/10452396c57522d06d48e9b50d50a2557d513949,9/6(…) 21:01
badspi,yƒoƒhƒ~ƒ“ƒgƒ“’†‘ƒI[ƒvƒ“zƒ_ƒuƒ‹ƒX¨‚ªD”­iI@•Û–Ø•¬—ÑA•Ÿ“‡•œA“c‚ç‚ª‡“–‚É1‰ñí‚ğ“Ë”jI,https://news.yahoo.co.jp/articles/7e255b18481f46cc924c7190add2e757ccdcba94,9/6(…) 7:59
badspi,yƒoƒhƒ~ƒ“ƒgƒ“ƒAƒWƒA‘å‰ïz““cŒ«“l‚ª˜‚ÌƒPƒK‚É‚æ‚èƒAƒWƒA‘å‰ï‚Ìoê‚ğ«‘Ş,https://news.yahoo.co.jp/articles/a4fbbf3b634e6f06917b0b333094d462713c5bac,9/2(“y) 11:33
badspi,yƒoƒhƒ~ƒ“ƒgƒ“ÅV¢ŠEƒ‰ƒ“ƒLƒ“ƒOz“ú–{¨‚ÍãˆÊ‚ğƒL[ƒvI@¢ŠE‘IèŒ —DŸ‚Ì™³É&ƒJƒ“Eƒ~ƒ“ƒqƒ…ƒN‚ª4ˆÊ‚É•‚ãIƒƒ_ƒuƒ‹ƒX„,https://news.yahoo.co.jp/articles/1283c664146ac80e368566ae8b3ca1a1c54e9544,8/31(–Ø) 17:58
badspi,yƒoƒhƒ~ƒ“ƒgƒ“ÅV¢ŠEƒ‰ƒ“ƒLƒ“ƒOz¢ŠE‘IèŒ ‹âƒƒ_ƒ‹‚Ì“Ş—Ç‰ªŒ÷‘å‚Í3ˆÊ‚É•‚ãI @ƒAƒ“EƒZƒˆƒ“‚Í10–œƒ|ƒCƒ“ƒg‰z‚¦IƒƒVƒ“ƒOƒ‹ƒX„,https://news.yahoo.co.jp/articles/3027102aed70c09ffcddb96079f146da1b13865b,8/30(…) 21:41
badspi,yƒoƒhƒ~ƒ“ƒgƒ“z•Ÿ“‡‚ªŒˆŸ‚ÅƒWƒƒƒJƒ‹ƒ^‚ğ”j‚èA3“x–Ú‚ÌVIƒƒWƒ…ƒjƒAƒXƒ|[ƒcƒAƒWƒAŒğ—¬‘å‰ï„,https://news.yahoo.co.jp/articles/305ea306ba907069749d9263862c7300c8f07b75,8/30(…) 8:27
badspi,ƒNƒ“ƒ‰ƒrƒbƒgEƒrƒeƒBƒTƒ‰ƒ“iƒ^ƒCj‚ÆƒAƒ“EƒZƒˆƒ“iŠØ‘j‚ª‰‚Ì¢ŠEˆê‚ÉBŠØ‘‚Ì™³É‚Í2Š¥’B¬‚ÅAŠØ‘‚Í3‚Â‚Ì‹àƒƒ_ƒ‹‚ğŠl“¾yƒoƒhƒ~ƒ“ƒgƒ“¢ŠE‘IèŒ z,https://news.yahoo.co.jp/articles/eeb0bb4e720065b7a60ad9f62ca46f21c9add9e7,8/28(Œ) 12:10
badspi,u‹âƒƒ_ƒ‹‚ğæ‚ê‚é‚Æv‚Á‚Ä‚¢‚È‚©‚Á‚½‚Ì‚ÅA‚·‚²‚­‚¤‚ê‚µ‚¢vyƒoƒhƒ~ƒ“ƒgƒ“¢ŠE‘IèŒ z,https://news.yahoo.co.jp/articles/a95e4e5c23af35c3feb2bfb1fd1ddc420fd0518e,8/28(Œ) 11:57
badspi,“Ş—Ç‰ªŒ÷‘å‚ª‹âƒƒ_ƒ‹Šl“¾I@ƒ‰ƒCƒoƒ‹‚Æ‚ÌŒˆŸ‚Íƒ^ƒtƒ}ƒbƒ`‚Å—Ís‚«‚éyƒoƒhƒ~ƒ“ƒgƒ“¢ŠE‘IèŒ z,https://news.yahoo.co.jp/articles/bc2bd521775a86d6c92c87228d33405c391cfb43,8/28(Œ) 9:06
badspi,’jqƒVƒ“ƒOƒ‹ƒXŒˆŸ‚Í“Ş—Ç‰ªŒ÷‘å‚ÆƒNƒ“ƒ‰ƒrƒbƒgEƒrƒeƒBƒTƒ‰ƒ“‚Ì“¯¢‘ã‘ÎŒˆ‚ÉB—qƒVƒ“ƒOƒ‹ƒX‚Í¢ŠE1ˆÊ‚ÌƒAƒ“EƒZƒˆƒ“‚Æ•œŠˆ‚Ìƒ}ƒŠ[ƒ“‚ªŒˆŸ‚Öyƒoƒhƒ~ƒ“ƒgƒ“¢ŠE‘IèŒ z,https://news.yahoo.co.jp/articles/f52d4e766d7a339ae5a8f86de8129e72692324fe,8/27(“ú) 15:41
badspi,y¢ŠE‘IèŒ 2023z“Ş—Ç‰ªŒ÷‘å‚ª’nŒ³ƒfƒ“ƒ}[ƒN‘Iè‚ğ”j‚è‰‚ÌŒˆŸioI@RŒûˆ©A“n•Ó•“Œ–ì‚Í“ºƒƒ_ƒ‹I,https://news.yahoo.co.jp/articles/bd8608b6f256a2550b33b932aa452b3b76c34e0b,8/27(“ú) 15:34
badspi,“Ş—Ç‰ªŒ÷‘å‚ªŒˆŸioIuÅ‰‚ÍƒAƒEƒF[‚Ì•µˆÍ‹C‚Å‚â‚è‚Ã‚ç‚©‚Á‚½‚¯‚ÇAŒã”¼‚É‚¤‚Ü‚­—§‚Ä’¼‚¹‚½vyƒoƒhƒ~ƒ“ƒgƒ“¢ŠE‘IèŒ z,https://news.yahoo.co.jp/articles/1e223c6c81a1ba1509a43261f798b0a02e437742,8/27(“ú) 15:28
badspi,RŒûˆ©‚Í“ºƒƒ_ƒ‹BuÅ‰‚ÌƒQ[ƒ€‚ğæ‚è‚«‚ê‚¸A‰Ÿ‚µ‚«‚ç‚ê‚Ä‚µ‚Ü‚Á‚½viRŒûj  yƒoƒhƒ~ƒ“ƒgƒ“¢ŠE‘IèŒ z,https://news.yahoo.co.jp/articles/2da24bf311a3aef5179212e964ae143310fefa29,8/27(“ú) 15:22
badspi,“n•Ó—E‘å^“Œ–ì—LÑ‚Í“ºƒƒ_ƒ‹Buã‚É‚Íã‚ª‚¢‚é‚±‚Æ‚ğv‚¢’m‚ç‚³‚ê‚½‘å‰ï‚¾‚Á‚½vi“n•Ój  yƒoƒhƒ~ƒ“ƒgƒ“¢ŠE‘IèŒ z,https://news.yahoo.co.jp/articles/7e09ec2f0416255a09eaee7abcd154ec1db4ad9b,8/27(“ú) 13:25
badspi,‘O”N”eÒ‚ÌƒrƒNƒ^[EƒAƒNƒZƒ‹ƒZƒ“‚ª”s‚ê‚é”g—I@ƒLƒƒƒƒŠ[ƒiEƒ}ƒŠ[ƒ“‚Í5”N‚Ô‚è€ŒˆŸioyƒoƒhƒ~ƒ“ƒgƒ“¢ŠE‘IèŒ z,https://news.yahoo.co.jp/articles/7b63559cd6a71ef1cb33dba4f28109d5af8c04c4,8/26(“y) 21:02
badspi,“Ş—Ç‰ªŒ÷‘åARŒûˆ©A“n•Ó•“Œ–ì‚ªƒxƒXƒg4ioIƒƒ_ƒ‹‚ªŠm’èI  yƒoƒhƒ~ƒ“ƒgƒ“¢ŠE‘IèŒ z,https://news.yahoo.co.jp/articles/c61f7650f1ead82949f0dc247ed4189eb6bb59f9,8/26(“y) 18:28
badspi,¼–{Œ‘¾‚Í€XŒˆŸ”s‘ŞBu‚±‚Æ‚²‚Æ‚­”Ş‚Ì‚Æ‚±‚ë‚É‹z‚¢‚Ü‚ê‚Ä‚¢‚­‚æ‚¤‚ÈŠ´‚¶‚¾‚Á‚½vyƒoƒhƒ~ƒ“ƒgƒ“¢ŠE‘IèŒ z,https://news.yahoo.co.jp/articles/bb9e9dde5921ad32f428c1ca8bf5d8b8df886f6b,8/26(“y) 10:05
badspi,“Ş—Ç‰ª‚ÍƒxƒXƒg4ioBu‘Šè‚ÍƒXƒ}ƒbƒVƒ…‚ª“¾ˆÓ‚È‚Ì‚ÅAU‚ß‚³‚¹‚È‚¢‚æ‚¤‚É‚Æv‚Á‚Äí‚Á‚½vyƒoƒhƒ~ƒ“ƒgƒ“¢ŠE‘IèŒ z,https://news.yahoo.co.jp/articles/d8fbb297a739b89215e6277665b890019a87a1b3,8/26(“y) 10:00
badspi,RŒûˆ©‚Í€ŒˆŸioBu‘½­ƒŠ[ƒh‚³‚ê‚Ä‚àA©•ª‚©‚ç•ö‚ê‚È‚¢‚æ‚¤‚É‚Æv‚Á‚Ä‚¢‚½vyƒoƒhƒ~ƒ“ƒgƒ“¢ŠE‘IèŒ z,https://news.yahoo.co.jp/articles/676a5fdb1ed32d457d3226725ce7b9706bbe5481,8/26(“y) 9:55
badspi,‰œŒ´Šó–]‚ÍƒxƒXƒg8Bu¡‚Ì©•ª‚Ì120ƒp[ƒZƒ“ƒg‚ğo‚µ‚«‚ê‚½‚ñ‚¶‚á‚È‚¢‚©‚Æ‚¢‚¤‡‚Å‚µ‚½vyƒoƒhƒ~ƒ“ƒgƒ“¢ŠE‘IèŒ z,https://news.yahoo.co.jp/articles/ea2f5e112b845a3b9ceefdecc45de5ff424b33a4,8/26(“y) 7:34
badspi,u“cç—z^¼R“Ş–¢‚Í€XŒˆŸ”s‘ŞBuƒfƒBƒtƒFƒ“ƒX‚Ì‚à‚ë‚³‚ªo‚Ä‚µ‚Ü‚Á‚½vi¼Rjyƒoƒhƒ~ƒ“ƒgƒ“¢ŠE‘IèŒ z,https://news.yahoo.co.jp/articles/894c570011fb6711db16cbc2f66738b91ea39a04,8/26(“y) 7:28
badspi,“n•Ó—E‘å^“Œ–ì—LÑ‚ª€ŒˆŸioBu©•ª‚½‚¿‚ÌƒŠƒYƒ€‚ğ‘‚¢‚¤‚¿‚É‚Á‚Ä‚±‚ê‚é‚©‚ª‘å–vi“n•Ójyƒoƒhƒ~ƒ“ƒgƒ“¢ŠE‘IèŒ z,https://news.yahoo.co.jp/articles/39f47b7676d689d3799179370af523ae673aab8a,8/26(“y) 6:28
badspi,•Ÿ“‡—R‹I^œA“cÊ‰Ô‚ÍƒxƒXƒg8~‚Ü‚èBu‘Šè‚ÌƒT[ƒrƒX‚Ü‚í‚è‚ª‚¤‚Ü‚·‚¬‚ÄA‘z’è‚æ‚è‚à‚â‚è‚Ã‚ç‚©‚Á‚½vi•Ÿ“‡jyƒoƒhƒ~ƒ“ƒgƒ“¢ŠE‘IèŒ z,https://news.yahoo.co.jp/articles/f25e61e185ba77b57c59d3eaad2440c33228c97d,8/26(“y) 6:22
badspi,¼–{Œ‘¾‚ªíRŠ²‘¾‚Æ‚ÌŒƒí§‚·I@“ú–{¨‚Í4í–Ú‚Å8‹­“ü‚èIyƒoƒhƒ~ƒ“ƒgƒ“¢ŠE‘IèŒ z,https://news.yahoo.co.jp/articles/0e75fae3a7d0d281e1e458069a779eb2114c8b2f,8/25(‹à) 19:54
badspi,•Û–Ø‘ì˜N^¬—Ñ—DŒá‚Í3‰ñí”s‘ŞBu‚Ç‚¤‚µ‚Ä‚à 1“_‚ª—~‚µ‚¢‚Æ–³ˆÓ¯‚Év‚Á‚Ä—Í‚ñ‚Å‚µ‚Ü‚Á‚½vi¬—Ñjyƒoƒhƒ~ƒ“ƒgƒ“¢ŠE‘IèŒ z,https://news.yahoo.co.jp/articles/1d1ac142b5d483a7eb2184b9058fd4387952ea30,8/25(‹à) 19:42
badspi,“Ş—Ç‰ªŒ÷‘å‚Í€XŒˆŸioBu‘¬‚¢“WŠJ‚Å‘Šè‚ğ”æ‚ê‚³‚¹‚æ‚¤‚Æv‚Á‚Ä‚¢‚½vyƒoƒhƒ~ƒ“ƒgƒ“¢ŠE‘IèŒ z,https://news.yahoo.co.jp/articles/7533572591a8a5cd52e5d7745e0ab0d2bbb7cfa7,8/25(‹à) 19:31
badspi,íRŠ²‘¾‚Í¼–{Œ‘¾‚É”s‚ê‚éBu©M‚ğ‚Á‚Ä‚‚­ã‚°‚Ä‚¢‚ê‚ÎA‚à‚¤­‚µå“±Œ ‚ğˆ¬‚ê‚Ä‚¢‚½‚Æv‚¤vyƒoƒhƒ~ƒ“ƒgƒ“¢ŠE‘IèŒ z,https://news.yahoo.co.jp/articles/cf40a08b110d117ceaee8fb14d779fb42e502118,8/25(‹à) 19:25
badspi,¼–{Œ‘¾‚ª“ú–{l‘ÎŒˆ‚ğ§‚·BuÅŒã‚Í–l‚ÌŸ‚¿‚½‚¢‹C‚¿‚Ì•û‚ª‚¿‚å‚Á‚Æ‘å‚«‚©‚Á‚½‚©‚È‚Æv‚¤vyƒoƒhƒ~ƒ“ƒgƒ“¢ŠE‘IèŒ z,https://news.yahoo.co.jp/articles/a25d54c8e3d49e042cb5d26c6e15c65d8f5a1031,8/25(‹à) 19:20
badspi,•Ÿ“‡—R‹I^œA“cÊ‰Ô‚Í€XŒˆŸ‚ÖBu¡“ú‚Í‘¬‚ß‚Éƒ^ƒbƒ`‚µ‚ÄA‘Šè‚æ‚è‚àæè‚ğæ‚ê‚½vi•Ÿ“‡jyƒoƒhƒ~ƒ“ƒgƒ“¢ŠE‘IèŒ z,https://news.yahoo.co.jp/articles/d6a27733679e1487c113acf7e7be893da1d09c5d,8/25(‹à) 19:13
badspi,‰œŒ´Šó–]‚ª¢ŠEƒ‰ƒ“ƒN7ˆÊ‚ğ”j‚éBu’·‚¢ƒ‰ƒŠ[‚ª­‚È‚©‚Á‚½‚Ì‚ÅAƒLƒc‚¢‚Æv‚¤“WŠJ‚Í‚ ‚Ü‚è‚È‚©‚Á‚½vyƒoƒhƒ~ƒ“ƒgƒ“¢ŠE‘IèŒ z,https://news.yahoo.co.jp/articles/3b7cf9d904f2e8238b99a63f3f230ee90b960ad3,8/25(‹à) 19:07
badspi,“n•Ó—E‘å^“Œ–ì—LÑ‚Í3‰ñí“Ë”jBu‚ ‚Ü‚è‘Îí‚µ‚Ä‚¢‚È‚¢ƒyƒA‚Æí‚¤‚±‚Æ‚ª‘½‚­‚ÄA‚·‚²‚¢Šy‚µ‚¢vi“Œ–ìjyƒoƒhƒ~ƒ“ƒgƒ“¢ŠE‘IèŒ z,https://news.yahoo.co.jp/articles/ee55c50c8f5b2967b50c224711fbbe1c7273a009,8/25(‹à) 19:00
badspi,u“cç—z^¼R“Ş–¢‚ª“ú–{ƒyƒA‘ÎŒˆ‚ÉŸ—˜BuŸ‚¿‚½‚¢‹C‚¿‚ª‹­‚©‚Á‚½‚Ì‚ÅƒR[ƒg‚Ì’†‚Å‘O–Ê‚Éo‚µ‚½viu“cjyƒoƒhƒ~ƒ“ƒgƒ“¢ŠE‘IèŒ z,https://news.yahoo.co.jp/articles/e295f2338b83c604c496dd2bb77d9340cdc65645,8/25(‹à) 6:51
badspi,’†¼‹M‰f^Šâ‰i—é‚Í3‰ñí”s‘ŞBuç‚éŠÔ‘Ñ‚ª‘½‚©‚Á‚½‚Ì‚ªA‚±‚Ì“_·‚É‚È‚Á‚½‚Æv‚¤vi’†¼jyƒoƒhƒ~ƒ“ƒgƒ“¢ŠE‘IèŒ z,https://news.yahoo.co.jp/articles/2773e9042a9e1fb70037e8b602c91991f23635dc,8/25(‹à) 6:46
badspi,¼–{–ƒ—C^‰iŒ´˜a‰Â“ß‚Í3‰ñí”s‘ŞBu‹v‚µ‚Ô‚è‚É‚±‚¤‚¢‚¤•‰‚¯•û‚ğ‚µ‚ÄA‚·‚²‚¢‰÷‚µ‚¢vi‰iŒ´jyƒoƒhƒ~ƒ“ƒgƒ“¢ŠE‘IèŒ z,https://news.yahoo.co.jp/articles/ac7a777af9be98f5489fecbf508d03548e272815,8/25(‹à) 6:39
badspi,‚Ó‚½‚Î–¢—ˆ‚Ì‹{‰º•‘“c‚ª‘S‡2-0‚ÌƒXƒgƒŒ[ƒgŸ‚¿‚Å—DŸIyƒoƒhƒ~ƒ“ƒgƒ“‘S‘’†ŠwZz’jqƒ_ƒuƒ‹ƒX,https://news.yahoo.co.jp/articles/1828be6a915b88239cc575aea0dbb199ac233749,8/24(–Ø) 19:50
badspi,‹­‚³Û—§‚Á‚½Ré­l‚ª’jqƒVƒ“ƒOƒ‹ƒX‚ğ§”eIy‘S‘’†ŠwZ2023z’jqƒVƒ“ƒOƒ‹ƒX,https://news.yahoo.co.jp/articles/0e20ef9639efac8cc56c43f260aec4a31ed46e04,8/24(–Ø) 19:41
badspi,ƒAƒWƒA‚ÌŸ¢‘ã‚É‚æ‚é”Mí‚ğ“Œ‹‚Å–ÚŒ‚‚¹‚æI u2023ƒWƒ…ƒjƒAƒXƒ|[ƒcƒAƒWƒAŒğ—¬‘å‰ïv‚ª8Œ26“ú‚©‚ç28“ú‚Ü‚ÅŠJÃI,https://news.yahoo.co.jp/articles/5d2a42b6980daf4c4dc9b2c4f199f6c1ef287b91,8/24(–Ø) 19:35
badspi,RŒûA•Û–Ø•¬—ÑA¼–{•‰iŒ´‚ç—DŸŒoŒ±Ò‚ª2‰ñí‚ğ“Ë”jI  yƒoƒhƒ~ƒ“ƒgƒ“¢ŠE‘IèŒ z,https://news.yahoo.co.jp/articles/50dbbcdf402ec5b5b85fc353304ae427c550f4e4,8/24(–Ø) 18:41
badspi,•Ÿ“‡—R‹I^œA“cÊ‰Ô‚Í3‰ñíioBu“®‚«‚Í‘S‘Rˆ«‚­‚È‚¢B‚¢‚Â‚à’Ê‚è‚µ‚Á‚©‚è“®‚¯‚Ä‚¢‚évi•Ÿ“‡j yƒoƒhƒ~ƒ“ƒgƒ“¢ŠE‘IèŒ z,https://news.yahoo.co.jp/articles/c5bff5568d45ba36f8bcc17d1906e04f545ed1fd,8/24(–Ø) 18:29
badspi,•Û–Ø‘ì˜N^¬—Ñ—DŒá‚Í3‰ñíioBuˆêíˆêí‚â‚é‚Æ‚¢‚¤‹C‚¿‚ªˆê”Ô‘å–vi•Û–Øjyƒoƒhƒ~ƒ“ƒgƒ“¢ŠE‘IèŒ z,https://news.yahoo.co.jp/articles/c8452f13f6d4f07b1560644da31260cb455d9ffd,8/24(–Ø) 18:18
badspi,ŒÃ‰ê‹P^âV“¡‘¾ˆê‚Í2‰ñí”s‘ŞBu‚¢‚Â‚à’Ê‚è‚É‰ä–‰ä–‚Å‚â‚ê‚Î‚à‚Á‚Æˆá‚Á‚½“WŠJ‚É‚È‚Á‚½‚Æv‚¤viâV“¡jyƒoƒhƒ~ƒ“ƒgƒ“¢ŠE‘IèŒ z,https://news.yahoo.co.jp/articles/464a2b7a4b3723d0874871c3af70392e567e6096,8/24(–Ø) 10:05
badspi,¼–{–ƒ—C^‰iŒ´˜a‰Â“ß‚ª3‰ñíioBuƒT[ƒrƒX‚©‚ç“WŠJ‚ğ‚Â‚­‚Á‚Ä“_”‚ğæ‚ê‚½vi¼–{jyƒoƒhƒ~ƒ“ƒgƒ“¢ŠE‘IèŒ z,https://news.yahoo.co.jp/articles/1e920d3d822eb743627605a6bf708ae23a0fb92a,8/24(–Ø) 9:59
badspi,’†¼^Šâ‰i‚Íu“c^¼R‚Æ‚Ì3‰ñí‚ÖBu2l‚Åwâ‘Î‚Å‚«‚éx‚Æº‚ğ‚©‚¯‚ ‚Á‚Ä‚È‚ñ‚Æ‚©æ‚è‚«‚Á‚½vi’†¼jyƒoƒhƒ~ƒ“ƒgƒ“¢ŠE‘IèŒ z,https://news.yahoo.co.jp/articles/7596a64e1f95419db303bc6bb9f502fccc8337a1,8/24(–Ø) 9:54
badspi,u“cç—z^¼R“Ş–¢‚Í3‰ñíioBuv‚Á‚½‚æ‚è‚à©•ª‚½‚¿‚ª—âÃ‚ÉƒvƒŒ[‚Å‚«‚½viu“cjyƒoƒhƒ~ƒ“ƒgƒ“¢ŠE‘IèŒ z,https://news.yahoo.co.jp/articles/29b5a49fe8dea4eac26bb0197cd7a8b0d0dda9db,8/24(–Ø) 9:47
badspi,¼–{‚ª2‰ñí“Ë”jBu’n—ÍAŒoŒ±‚Å–l‚ª­‚µ”Ş‚ğã‰ñ‚ê‚½‚Æv‚¤vyƒoƒhƒ~ƒ“ƒgƒ“¢ŠE‘IèŒ z,https://news.yahoo.co.jp/articles/a58dc19531777d80fd0014051c499ade9dc870b9,8/24(–Ø) 9:42
badspi,íRŠ²‘¾‚ª3‰ñíioBu1ƒQ[ƒ€–Ú‚ÌŒã”¼‚©‚ç‘Šè‚Ì“ª‚Ìã‚ğ”²‚­‚æ‚¤‚È‹…‚ğg‚¦‚½vyƒoƒhƒ~ƒ“ƒgƒ“¢ŠE‘IèŒ z,https://news.yahoo.co.jp/articles/aec0abdbf02f30196f8f50407093961c878a12a2,8/24(–Ø) 9:36
badspi,R‰º‹±•½•Â’JØ—¯‚Í2‰ñí”s‘ŞBu‚à‚Á‚Æ‚à‚Á‚Æ‰ä–‚Å‚«‚½‚çŸ‚¿‚É‚Â‚È‚ª‚Á‚½‚Æv‚¤viR‰ºjyƒoƒhƒ~ƒ“ƒgƒ“¢ŠE‘IèŒ z,https://news.yahoo.co.jp/articles/3c88879c1c06510115471e90d6cb9a08580c5c39,8/24(–Ø) 9:27
badspi,RŒûˆ©‚ª3‰ñíioBu©•ª‚ª‚Å‚«‚é”ÍˆÍ‚ÅA’š”J‚É‚â‚ë‚¤‚Æv‚Á‚Ä‚¢‚½vyƒoƒhƒ~ƒ“ƒgƒ“¢ŠE‘IèŒ z,https://news.yahoo.co.jp/articles/cabfa15efdac8fbca6263746020b6292788f51ba,8/23(…) 23:13
badspi,‚Ó‚½‚Î–¢—ˆ‚Ì“¯ZŒˆŸ‚ğ§‚µ‚½”©R•a”ö‚ª’†Šw“ú–{ˆê‚É‹P‚­Iyƒoƒhƒ~ƒ“ƒgƒ“‘S‘’†ŠwZz—qƒ_ƒuƒ‹ƒX,https://news.yahoo.co.jp/articles/eb3f2c8aa5a4e8fd602c4f74689f538f6a1cb662,8/23(…) 23:09
badspi,2”N¶‚Ìˆ¢”g‰èˆßç‚ª’¸“_“’BI@˜A”e‚ğ‚Ë‚ç‚¤ó–ì^‰›‚ğŒˆŸ‚Å‰º‚·I yƒoƒhƒ~ƒ“ƒgƒ“‘S‘’†ŠwZzƒ—qƒVƒ“ƒOƒ‹ƒX„,https://news.yahoo.co.jp/articles/df782ed98bc03a394f1fd82f8b19d4543ecdf740,8/23(…) 23:00
badspi,“Ş—Ç‰ªŒ÷‘å‚Í2‰ñí“Ë”jBuƒCƒ[ƒW’Ê‚è‚É‚µ‚Á‚©‚èŸ‚Ä‚Ä‚¢‚é‚Æv‚¤vyƒoƒhƒ~ƒ“ƒgƒ“¢ŠE‘IèŒ z,https://news.yahoo.co.jp/articles/bb62f9c7a348ac20f469f85605e39d610624fd00,8/23(…) 21:22
badspi,“n•Ó—E‘å^“Œ–ì—LÑ‚Í3‰ñí‚ÖBu’†”Õ‚©‚çI”Õ‚É‚©‚¯‚Ä‘Šè‚ğÅ‚ç‚¹‚é‚±‚Æ‚ª‚Å‚«‚½vi“n•Ójyƒoƒhƒ~ƒ“ƒgƒ“¢ŠE‘IèŒ z,https://news.yahoo.co.jp/articles/cd4a55cf3a45172184d82ca5d9824aff3654e90c,8/23(…) 21:15
badspi,‰œŒ´‚ªƒ‰ƒCƒoƒ‹‚ÌƒVƒ“ƒhƒD‚É2-0‚ÅŠ®ŸI @—Îì•âV“¡‚Í‰í”s‘Şyƒoƒhƒ~ƒ“ƒgƒ“¢ŠE‘IèŒ z,https://news.yahoo.co.jp/articles/4623da59750b2231dd805a28fe425518d50e6d0a,8/23(…) 11:49
badspi,‰œŒ´Šó–]‚Í2‰ñí“Ë”jI@uğ“ú‚æ‚è‚à‰ä–‚µ‚«‚ê‚½‚µAW’†—Í‚ğØ‚ç‚³‚¸‚ÉƒvƒŒ[‚Å‚«‚½‚Ì‚Íğ“ú‚æ‚è¬’·‚µ‚½•”•ªvyƒoƒhƒ~ƒ“ƒgƒ“¢ŠE‘IèŒ z,https://news.yahoo.co.jp/articles/5172d8d98143e721f20f96065787fe9c468eeb80,8/23(…) 8:28
badspi,ƒ_ƒuƒ‹ƒX‚Í‚Ó‚½‚Î–¢—ˆŠw‰€‚©‚ç3ƒyƒA‚ªƒxƒXƒg4“ü‚èIyƒoƒhƒ~ƒ“ƒgƒ“‘S‘’†ŠwZz—qƒ_ƒuƒ‹ƒX,https://news.yahoo.co.jp/articles/077ab4812edddba0ccc3fbcb8d4e9b184e66896c,8/23(…) 0:14
badspi,ÂXR“c‚Ìó–ì‚ª2˜A”e‚ÉŒü‚¯‚Ä€ŒˆŸioI@y‘S‘’†ŠwZz—qƒVƒ“ƒOƒ‹ƒX,https://news.yahoo.co.jp/articles/92eaa68a1c5952894308a9206f550f87502e871e,8/23(…) 0:01
badspi,—Îì‘å‹P^âV“¡‰Ä‚Í1‰ñí”s‘ŞBu©•ª‚Ì‚â‚è‚½‚¢‚±‚Æ‚ğ‘Šè‚É‚â‚ç‚³‚ê‚Ä‚µ‚Ü‚Á‚½vi—Îìjyƒoƒhƒ~ƒ“ƒgƒ“¢ŠE‘IèŒ z,https://news.yahoo.co.jp/articles/f882c1b8462c6ca1afac1a55197a1b5fb0268eec,8/22(‰Î) 23:54
badspi,‚Ó‚½‚Î–¢—ˆŠw‰€‚ª3Š¥‚É’§íI@—DŸŒó•â‚Ì‹{‰º&‘“c‚ª‡“–‚ÉƒxƒXƒg4ioIyƒoƒhƒ~ƒ“ƒgƒ“‘S‘’†ŠwZz’jqƒ_ƒuƒ‹ƒX,https://news.yahoo.co.jp/articles/d9b70c286903621b4057d4e806dd803ffbca9bc4,8/22(‰Î) 21:47
badspi,‚Ó‚½‚Î–¢—ˆŠw‰€‚ª3Š¥‚É’§íI@—DŸŒó•â‚ÌRé‚ª‡“–‚ÉƒxƒXƒg4ioI@y‘S‘’†ŠwZ2023z’jqƒVƒ“ƒOƒ‹ƒX,https://news.yahoo.co.jp/articles/ecdf9767c856de161841fffa379a03dab1d497e8,8/22(‰Î) 21:39
badspi,‹{è—F‰Ô‚ªƒtƒ@ƒCƒiƒ‹‚ÌŒƒ“¬‚ğ§‚µ‚Ä‰hŠ¥I@ƒoƒhƒ~ƒ“ƒgƒ“–kŠC“¹ƒCƒ“ƒ^[ƒnƒC—qƒVƒ“ƒOƒ‹ƒX,https://news.yahoo.co.jp/articles/8ecb100dc025adbab288d4e324e0b91b853cb53c,8/22(‰Î) 19:29
badspi,‰«–{—D‘å‚ª‘I”²‚É‘±‚¢‚ÄŒÂl’P•¡‚ğ§”eI@ƒoƒhƒ~ƒ“ƒgƒ“–kŠC“¹ƒCƒ“ƒ^[ƒnƒC’jqƒVƒ“ƒOƒ‹ƒX,https://news.yahoo.co.jp/articles/a9d326c41b20aa328cf187ab90a8150db89a3b7e,8/22(‰Î) 19:17
badspi,‰œŒ´Šó–]‚ª5ƒJŒ‚Ô‚è‚ÌŸ—˜I@¼–{Œ‘¾‚ÍŒ³¢ŠEƒ‰ƒ“ƒN1ˆÊ‚É‰õŸIyƒoƒhƒ~ƒ“ƒgƒ“¢ŠE‘IèŒ z,https://news.yahoo.co.jp/articles/7cc795732a7e7f67c04ff01431aed764d3f504da,8/22(‰Î) 19:11
badspi,{“¡•R–k“Ş‚ª‘I”²‚ÌƒŠƒxƒ“ƒW‰Ê‚½‚µ‚Ä‘ÕŠ¥Iyƒoƒhƒ~ƒ“ƒgƒ“–kŠC“¹ƒCƒ“ƒ^[ƒnƒCz—qƒ_ƒuƒ‹ƒX,https://news.yahoo.co.jp/articles/2ee7b786c42d51ab5bd84fec643a389a5a73e666,8/22(‰Î) 18:49
badspi,“Ş—Ç‰ª‚ª1‰ñí“Ë”jBuŸ‚ÉŸ‚Ä‚é•ÛØ‚Í‚È‚¢‚Ì‚ÅA–¾“ú‚µ‚Á‚©‚è’²®‚µ‚½‚¢vyƒoƒhƒ~ƒ“ƒgƒ“¢ŠE‘IèŒ z,https://news.yahoo.co.jp/articles/058b2a7a0c764f6043da2faf108827a8e40cc9af,8/22(‰Î) 18:40
badspi,‰«–{•Šp“c‚ªƒtƒ@ƒCƒiƒ‹‹t“]Ÿ—˜‚Åt‰Ä˜A”e’B¬I@ƒoƒhƒ~ƒ“ƒgƒ“–kŠC“¹ƒCƒ“ƒ^[ƒnƒC@’jqƒ_ƒuƒ‹ƒX,https://news.yahoo.co.jp/articles/a071a31104c858c83ee51f617964e4116e85164d,8/22(‰Î) 18:32
badspi,¼–{Œ‘¾‚Í2‰ñí‚ÖBu“®‚«‚Ì•”•ª‚Åã‰ñ‚Á‚Ä‚¢‚­‹C‚¿‚Å‚Å‚«‚½‚Ì‚ª‚æ‚©‚Á‚½vyƒoƒhƒ~ƒ“ƒgƒ“¢ŠE‘IèŒ z,https://news.yahoo.co.jp/articles/1f94c2085829232453a788416a1a3c53cd91b5c8,8/22(‰Î) 18:23
badspi,íRŠ²‘¾‚Í1‰ñí“Ë”jBuğ”N‚Ì‰÷‚µ‚³‚ğ°‚ç‚·‹C‚¿‚Å—Õ‚ñ‚Å‚¢‚évyƒoƒhƒ~ƒ“ƒgƒ“¢ŠE‘IèŒ z,https://news.yahoo.co.jp/articles/aceb06e7be668cce0057b4299f905cb0a6c1e223,8/22(‰Î) 18:16
badspi,ŒÃ‰ê‹P^âV“¡‘¾ˆê‚ª1‰ñí“Ë”jBu‚¢‚Â‚à’Ê‚è‚ÉƒvƒŒ[‚·‚é‚±‚Æ‚ğˆÓ¯‚µ‚½viâV“¡j yƒoƒhƒ~ƒ“ƒgƒ“¢ŠE‘IèŒ z,https://news.yahoo.co.jp/articles/c2add98c12fdd82c2d9963ec1f7ac729e2652fe4,8/22(‰Î) 6:58
badspi,‚Ó‚½‚Î–¢—ˆŠw‰€—q‚ª2019”NˆÈ—ˆ‚Ì—DŸIu6Š¥v‚Ö‘æˆê•à‚ğ“¥‚İo‚·y‘S‘’†ŠwZƒoƒhƒ~ƒ“ƒgƒ“z—q’c‘Ì,https://news.yahoo.co.jp/articles/6cc085f71fe0d9ca37c988a1617a761eac688f7e,8/22(‰Î) 6:53
badspi,u‹ê‚µ‚¢‡‚ª‘±‚¢‚Ä‚¢‚éBŒÀ‚ç‚ê‚½ŠÔ‚Ì’†‚Å‚Ç‚¤‚É‚©¡‚ğæ‚è‰z‚¦‚½‚¢vi‹àqjyƒoƒhƒ~ƒ“ƒgƒ“¢ŠE‘IèŒ z,https://news.yahoo.co.jp/articles/5b8f27f95e3ca6926f57eed2cc938bb1e7edba08,8/22(‰Î) 6:47
badspi,u‹ì‚¯ˆø‚«‚Ì’†‚ÅA‚Ç‚±‚ÅdŠ|‚¯‚ç‚ê‚é‚©‚ğ’T‚è‚È‚ª‚ç‚¾‚Á‚½vi‰œŒ´jyƒoƒhƒ~ƒ“ƒgƒ“¢ŠE‘IèŒ z,https://news.yahoo.co.jp/articles/c769afadffc287e355419e2beb4951f32c99061b,8/21(Œ) 22:28
badspi,‚Ó‚½‚Î–¢—ˆŠw‰€’jq‚ª2‘å‰ï˜A‘±9‰ñ–Ú‚Ì“ú–{ˆêI yƒoƒhƒ~ƒ“ƒgƒ“‘S‘’†ŠwZ2023z’jq’c‘Ì,https://news.yahoo.co.jp/articles/918c15c9bafc290d76c04a2e08537dbb6f0bf531,8/21(Œ) 21:39
badspi,“ú–{‘ã•\‚ª‰ïê—ûK‚ğI—¹Bu‚‚¢‹…‚ğ‘Å‚Â•|‚³‚Í‚ ‚évi¼–{jyƒoƒhƒ~ƒ“ƒgƒ“¢ŠE‘IèŒ 2023z,https://news.yahoo.co.jp/articles/53d850cb100b715009d596e4fc956ac99e7b65fb,8/21(Œ) 18:30
badspi,u“ª‚à‹C‚¿‚à®—‚µ‚Ä—Õ‚İ‚½‚¢vi¼–{jyƒoƒhƒ~ƒ“ƒgƒ“¢ŠE‘IèŒ z,https://news.yahoo.co.jp/articles/15a1465bee1a80edc62812e3eba880121a79816c,8/21(Œ) 18:11
badspi,uŒãæ‚ğl‚¦‚¸A‡‚¾‚¯‚ÉW’†‚·‚ê‚Îƒ`ƒƒƒ“ƒX‚ª‚ ‚évi•Û–Øjyƒoƒhƒ~ƒ“ƒgƒ“¢ŠE‘IèŒ 2023z,https://news.yahoo.co.jp/articles/359614b01b7541745c46a25aa807c72a1beb561c,8/21(Œ) 17:51
badspi,ƒV[ƒh‚Ì‚Ó‚½‚Î–¢—ˆŠw‰€Al“V‰¤›‚È‚Ç‚ª—q’c‘Ì‚ÅƒxƒXƒg8“ü‚èIy‘S‘’†ŠwZƒoƒhƒ~ƒ“ƒgƒ“2023z,https://news.yahoo.co.jp/articles/552176c5ed1277be9a47274c3e747d5196865c0c,8/20(“ú) 20:54
badspi,‰«–{‚â’J‰ª‚çÀ—ÍÒ‚½‚¿‚ª€ŒˆŸioIy–kŠC“¹ƒCƒ“ƒ^[ƒnƒC2023z’jqƒVƒ“ƒOƒ‹ƒX,https://news.yahoo.co.jp/articles/56c40f638826f041003f844283397577322810b1,8/20(“ú) 20:31
badspi,‘I”²V‚Ì‹{è—F‰Ô‚ªŒ˜À‚ÉŸ—˜‚ğd‚Ë‚ÄÅI“ú‚Öy–kŠC“¹ƒCƒ“ƒ^[ƒnƒCz—qƒVƒ“ƒOƒ‹ƒX,https://news.yahoo.co.jp/articles/b4bcb3748275235bd7b534bd2ed5f6d3d570fb93,8/20(“ú) 19:59
badspi,u‘O‰ñ‚Ío‚ç‚ê‚È‚©‚Á‚½‚Ì‚ÅAˆêíˆêí‚ğ‘åØ‚Éí‚Á‚Ä‚¢‚¯‚ê‚ÎviœA“cjyƒoƒhƒ~ƒ“ƒgƒ“¢ŠE‘IèŒ z,https://news.yahoo.co.jp/articles/93f1682835f462b682d0c5cad8b935e7358ebc7f,8/20(“ú) 7:32
badspi,“ú–{‘ã•\‚ª‰ïê—ûK‚ğŠJnIuƒVƒƒƒgƒ‹‚Ì”ò‚Ñ•û‚Í“ª‚É“ü‚ê‚Ä‚¨‚©‚È‚¢‚Æviu“cjyƒoƒhƒ~ƒ“ƒgƒ“¢ŠE‘IèŒ z,https://news.yahoo.co.jp/articles/c07bd69ee0bad26b234e149577b8595f18515600,8/20(“ú) 7:21
badspi,u‹C‚¿‚Æg‘Ì‚Ì€”õ‚ğ‚µ‚ÄƒxƒXƒgƒpƒtƒH[ƒ}ƒ“ƒX‚ğo‚¹‚é‚æ‚¤‚ÉŠæ’£‚è‚½‚¢vi‰iŒ´jyƒoƒhƒ~ƒ“ƒgƒ“¢ŠE‘IèŒ z,https://news.yahoo.co.jp/articles/c00eff523dc1e69349ffcf666b10872fd35f0c86,8/20(“ú) 7:09
badspi,u‰÷‚¢‚ğc‚³‚È‚¢‡‚ğd‚Ë‚Ä‚¢‚¯‚ÎŒ‹‰Ê‚Í‚Â‚¢‚Ä‚­‚éviu“cjyƒoƒhƒ~ƒ“ƒgƒ“¢ŠE‘IèŒ z‘IèƒRƒƒ“ƒg,https://news.yahoo.co.jp/articles/371e1800add96a8b1dc7048d17d738662344beaf,8/20(“ú) 6:53
badspi,‰«–{•Šp“c‚È‚Ç‚ª•±“¬‚µ‚ÄƒxƒXƒg4ioIyƒoƒhƒ~ƒ“ƒgƒ“–kŠC“¹ƒCƒ“ƒ^[ƒnƒCz’jqƒ_ƒuƒ‹ƒX,https://news.yahoo.co.jp/articles/c2c807406cb4e26460f07b5cb4248d2990f5464a,8/19(“y) 20:40
badspi,´£••½–{‚ªt‰Ä˜A”e‚ÉŒü‚¯‚Ä–ô“®Iyƒoƒhƒ~ƒ“ƒgƒ“–kŠC“¹ƒCƒ“ƒ^[ƒnƒCz—qƒ_ƒuƒ‹ƒX,https://news.yahoo.co.jp/articles/d345659384e1aa9880f0f01e077d77d53b0b67cd,8/19(“y) 20:03
badspi,–öˆä¤H‚ª‘N‚â‚©‚É3”N˜A‘±ut‰Ä˜A”ev’B¬Iyƒoƒhƒ~ƒ“ƒgƒ“–kŠC“¹ƒCƒ“ƒ^[ƒnƒCz—q’c‘Ì,https://news.yahoo.co.jp/articles/a5d4144cb8a9ae6e3b53015008315e214d339611,8/18(‹à) 23:48
badspi,‚Ó‚½‚Î–¢—ˆŠw‰€‚ª2”N‚Ô‚è‚Ì‰hŠ¥Iyƒoƒhƒ~ƒ“ƒgƒ“–kŠC“¹ƒCƒ“ƒ^[ƒnƒCz’jq’c‘Ì,https://news.yahoo.co.jp/articles/45c04e4c13114cc4f34048d7e88baa4e2d4c8c7e,8/18(‹à) 23:42
badspi,uæ‚ğl‚¦‰ß‚¬‚¸–Ú‚Ì‘O‚Ì1“ú1“ú‚ğ‘åØ‚É‚µ‚½‚¢vi“n•Ójyƒoƒhƒ~ƒ“ƒgƒ“¢ŠE‘IèŒ z‘IèƒRƒƒ“ƒg-3,https://news.yahoo.co.jp/articles/8c17334786fcf0c0b6f9a88508d59519f389dc78,8/18(‹à) 18:30
badspi,uŒ»ê‚ÅƒxƒXƒgƒRƒ“ƒfƒBƒVƒ‡ƒ“‚ğ‚Â‚­‚èAƒ`[ƒ€ƒWƒƒƒpƒ“‚ÅŠæ’£‚è‚½‚¢vi–p’Œ•òHCjyƒoƒhƒ~ƒ“ƒgƒ“¢ŠE‘IèŒ zŠÄ“ÂƒRƒƒ“ƒg,https://news.yahoo.co.jp/articles/94b4413b82bc825e88cea47adfc82caa6586c0cf,8/18(‹à) 18:04
badspi,u©•ª‚ª‚Å‚«‚é‚±‚Æ‚ğ‚â‚ê‚½‚ç‚¢‚¢‚©‚È‚Æv‚¤viRŒûˆ©jyƒoƒhƒ~ƒ“ƒgƒ“¢ŠE‘IèŒ z‘IèƒRƒƒ“ƒg,https://news.yahoo.co.jp/articles/f96ae341743effe3752569f1ca662f964b530740,8/18(‹à) 17:31
badspi,u‹”N‚æ‚è‘½‚­Ÿ‚¿‚½‚¢‚µA‚Å‚«‚ê‚Îã‚Ü‚Å‚¢‚«‚½‚¢vi“Ş—Ç‰ªjy¢ŠEƒoƒhƒ~ƒ“ƒgƒ“‘IèŒ 2023z‘IèƒRƒƒ“ƒg-1,https://news.yahoo.co.jp/articles/89e7621c9060c3f555680385ba98c1812248fd43,8/18(‹à) 17:00
badspi,yƒoƒhƒ~ƒ“ƒgƒ“z3”N˜A‘±t‰Ä˜A”e‚Ö–öˆä¤H‚ª‡’²‚É”­iI ‚Ó‚½‚Î–¢—ˆŠw‰€‚àDƒXƒ^[ƒg@–kŠC“¹ƒCƒ“ƒ^[ƒnƒC2023q—q’c‘Ìr,https://news.yahoo.co.jp/articles/4649923f201535b3474a9cac1266759ae4285844,8/17(–Ø) 23:13
badspi,yƒoƒhƒ~ƒ“ƒgƒ“zt‰Ä˜A”e‚ğ‚ß‚´‚·é‹Ê‰h‚Ù‚©‹­‹Z‚ª‡“–‚ÉŸ‚¿ã‚ª‚éI@–kŠC“¹ƒCƒ“ƒ^[ƒnƒC2023q’jq’c‘Ìr,https://news.yahoo.co.jp/articles/86f345a9b928d7132de0342a1b71e364aee79b8a,8/17(–Ø) 23:05
badspi,yƒoƒhƒ~ƒ“ƒgƒ“zt‰Ä6˜A‘±V‚ğ‚ß‚´‚·–öˆä¤Hq–kŠC“¹ƒCƒ“ƒ^[ƒnƒC2023—q’c‘Ì“W–]r,https://news.yahoo.co.jp/articles/21e16ef853e8ee9e63d904892bf8b6a59d243639,8/15(‰Î) 15:01
badspi,yƒoƒhƒ~ƒ“ƒgƒ“zé‹Ê‰h‚ğ–Ò’Ç‚·‚é‹­‹Zq–kŠC“¹ƒCƒ“ƒ^[ƒnƒC2023’jq’c‘Ì“W–]r,https://news.yahoo.co.jp/articles/d870d5406288d2874ee828e15260cbf5544a7f9b,8/15(‰Î) 12:37
badspi,yƒoƒhƒ~ƒ“ƒgƒ“z‘S‘¬Šw¶ABC 2023•y“cç°‚ªAƒOƒ‹[ƒv‚ğ§”eIƒ—q„,https://news.yahoo.co.jp/articles/0eba403dd5ac6f14510a8df1bf91c2c7a096932b,8/14(Œ) 17:18
badspi,yƒoƒhƒ~ƒ“ƒgƒ“z‘S‘¬Šw¶ABC 2023@AƒOƒ‹[ƒv‚Í‹øŠÔ‘¾­‚É‰hŠ¥Iƒ’jq„,https://news.yahoo.co.jp/articles/12dbecc6dad2d944070bb4a1c161bfedfc61c8fd,8/14(Œ) 17:13
badspi,yƒoƒhƒ~ƒ“ƒgƒ“zŒ³À‹Æ’cŠ‘®‚Ì—q‘Iè‚½‚¿‚ªƒgƒŒ[ƒjƒ“ƒOƒ`[ƒ€‚ğŒ‹¬I Šˆ“®‘‹à‚ğ•å‚èAƒNƒ‰ƒEƒhƒtƒ@ƒ“ƒfƒBƒ“ƒOŠJn,https://news.yahoo.co.jp/articles/b4e6d2762fc2dddd26d6837a40cf5ce3c092aaaf,8/9(…) 18:45
badspi,yƒoƒhƒ~ƒ“ƒgƒ“ ƒI[ƒXƒgƒ‰ƒŠƒAƒI[ƒvƒ“z’jqƒ_ƒuƒ‹ƒX‚Ì•Û–Ø•¬—Ñ‚Í2‘å‰ï˜A‘±‚Å€VI ¬‡ƒ_ƒuƒ‹ƒX‚Ì—Îì•âV“¡‚à€—DŸ‚ÌD¬Ñ,https://news.yahoo.co.jp/articles/a4aa1ed545bfc2d1fb242ed1aa7f4b4c2c8dc18f,8/6(“ú) 19:46
badspi,yƒoƒhƒ~ƒ“ƒgƒ“ ƒI[ƒXƒgƒ‰ƒŠƒAƒI[ƒvƒ“z•Û–Ø•¬—Ñ‚ª2‘å‰ï˜A‘±‚ÅŒˆŸ‚ÉioI@—Îì•âV“¡‚Í¡‹G2‚Â–Ú‚Ìƒ^ƒCƒgƒ‹Šl“¾‚É’§íI,https://news.yahoo.co.jp/articles/3adadc3b16b5905400172a6a1ef4deb052834d91,8/5(“y) 20:22
badspi,yƒoƒhƒ~ƒ“ƒgƒ“ ƒI[ƒXƒgƒ‰ƒŠƒAƒI[ƒvƒ“z“ú–{ƒyƒA‘ÎŒˆ‚Í•Ÿ“‡•œA“c‚ÆŸN–{•‹{‰Y‚ª§‚µ‚ÄƒxƒXƒg4ioI,https://news.yahoo.co.jp/articles/5fa4e3c972d7171b209b5b6c76f76a5d1fa6a15c,8/4(‹à) 21:58
badspi,yƒoƒhƒ~ƒ“ƒgƒ“ ƒI[ƒXƒgƒ‰ƒŠƒAƒI[ƒvƒ“z—qƒ_ƒuƒ‹ƒX‚Í“ú–{¨4ƒyƒA‚ª€XŒˆŸ‚ÉioI,https://news.yahoo.co.jp/articles/3f2e7874d33ae5573b43034348639edf8d1d2b71,8/3(–Ø) 21:14
badspi,yƒoƒhƒ~ƒ“ƒgƒ“ÅV¢ŠEƒ‰ƒ“ƒLƒ“ƒOz“n•Ó•“Œ–ì‚Í2ˆÊ‚ğƒL[ƒvI@•Û–Ø•¬—ÑA¼–{•‰iŒ´A•Ÿ“‡•œA“c‚àãˆÊ‚ğç‚éIƒƒ_ƒuƒ‹ƒX„,https://news.yahoo.co.jp/articles/648733d4a3a202bd30893d09fbbe20556683f713,8/3(–Ø) 20:59
badspi,yƒoƒhƒ~ƒ“ƒgƒ“z¢ŠE‚Ìƒgƒbƒv‘Iè‚½‚¿‚ª‘±X—ˆêI@ƒˆƒlƒbƒNƒXuŠ´Ó‚Ì—[‚×v,https://news.yahoo.co.jp/articles/1d4a7614f09c469d8229e595ea5ba2812bdfbb75,8/3(–Ø) 20:49
badspi,yƒoƒhƒ~ƒ“ƒgƒ“ ƒI[ƒXƒgƒ‰ƒŠƒAƒI[ƒvƒ“zu“c•¼RA‘å–xÊ‚ç‚ª2‰ñí‚ÉioI@’jqƒVƒ“ƒOƒ‹ƒX‚Í4‘Iè‚ª‰í”s‘Ş‚ÉI‚í‚é,https://news.yahoo.co.jp/articles/3120f5cc40157b0ac136e79cedc4a970615e038e,8/2(…) 22:29
badspi,yƒoƒhƒ~ƒ“ƒgƒ“ÅV¢ŠEƒ‰ƒ“ƒLƒ“ƒOz¡‹GâD’²‚ÌƒAƒ“EƒZƒˆƒ“‚ª”OŠè‚Ì1ˆÊ‚É•‚ãI@ƒAƒNƒZƒ‹ƒZƒ“‚ÍñˆÊ‚ğ÷‚ç‚¸IƒƒVƒ“ƒOƒ‹ƒX„,https://news.yahoo.co.jp/articles/1a78dc3fd4caed669baee0bf9a83a134e4eb0e2c,8/2(…) 22:24
badspi,yƒoƒhƒ~ƒ“ƒgƒ“ ƒI[ƒXƒgƒ‰ƒŠƒAƒI[ƒvƒ“zƒWƒƒƒpƒ“ƒI[ƒvƒ“ãˆÊ‚Ì•Ÿ“‡•œA“cA¼–{•‰iŒ´‚ç‚ª‰í‚ğ“Ë”jI,https://news.yahoo.co.jp/articles/ce4b5d96b6fa124232ac6542e2468fbb81e47350,8/1(‰Î) 22:32
badspi,yƒoƒhƒ~ƒ“ƒgƒ“á—tƒJƒbƒv2023zÚí‚ğ§‚µ‚½JBC‚Ó‚¿‚ã‚¤‚É‰hŠ¥Iƒ—q„,https://news.yahoo.co.jp/articles/c8f99b47529961c33f22d6bc235c152dc5920e3a,7/31(Œ) 20:15
badspi,yƒoƒhƒ~ƒ“ƒgƒ“á—tƒJƒbƒv2023z¼”öƒWƒ…ƒjƒA‚ª“°X‚Ì2˜A”e’B¬Iƒ’jq„,https://news.yahoo.co.jp/articles/09e93f92bcca25feec6f7584e9b57c49d353c856,7/31(Œ) 20:07
badspi,yƒoƒhƒ~ƒ“ƒgƒ“ ƒWƒƒƒpƒ“ƒI[ƒvƒ“z“n•Ó•“Œ–ì‚ª¬‡ƒ_ƒuƒ‹ƒX‚Å“ú–{¨‰‚Ì—DŸI@•Û–Ø•¬—Ñ‚ÍŒÜ—Ö‰¤Ò‚É”s‚ê€—DŸ,https://news.yahoo.co.jp/articles/2db37e1ed2e20e05a9ae93a34f83974eea6561a4,7/30(“ú) 22:10
badspi,yƒ[ƒ‹ƒhƒgƒsƒbƒNƒXzƒ‰ƒ“ƒLƒŒƒbƒfƒB‚Æƒ^ƒ“‚ÌƒXƒ}ƒbƒVƒ…‰‘¬‚ÌƒMƒlƒX¢ŠE‹L˜^”F’èØ‘¡’æ®‚ªÀ{,https://news.yahoo.co.jp/articles/fdaa24c227d346817bc60dd754e814a95e210905,7/30(“ú) 21:05
badspi,yƒoƒhƒ~ƒ“ƒgƒ“ ƒWƒƒƒpƒ“ƒI[ƒvƒ“z¢ŠE‰¤ÒƒAƒNƒZƒ‹ƒZƒ“‚ªŠÑ˜\‚ÌŸ—˜‚Å6”N‚Ô‚è‚Ì’¸“_“’BI,https://news.yahoo.co.jp/articles/3744dca82932fbc2f97eaa2ef266bcd095d472e3,7/30(“ú) 20:59
badspi,yƒoƒhƒ~ƒ“ƒgƒ“ ƒWƒƒƒpƒ“ƒI[ƒvƒ“z“n•Ó—E‘å^“Œ–ì—LÑ‚ª‘å‰ï‰—DŸIu‹C‚¿‚ğØ‚ç‚³‚¸‚ÉAÅŒã‚Ü‚ÅW’†‚Å‚«‚½‚Ì‚ªŸˆövi“n•Ój,https://news.yahoo.co.jp/articles/fe6b47cf3634e5f3a8b970cdcf2596199685d1a9,7/30(“ú) 19:24
badspi,yƒoƒhƒ~ƒ“ƒgƒ“ ƒWƒƒƒpƒ“ƒI[ƒvƒ“z•Û–Ø‘ì˜N^¬—Ñ—DŒá‚ª€—DŸBuƒT[ƒrƒX‚Ü‚í‚è‚ğ‚¢‚©‚É‘Î‰‚µ‚Ä‚¢‚­‚©‚ª‰Û‘èvi•Û–Øj,https://news.yahoo.co.jp/articles/e0cd86acf4a8d34a60bb7eee1690b5209cdaf32c,7/30(“ú) 15:21
badspi,yƒoƒhƒ~ƒ“ƒgƒ“ ƒWƒƒƒpƒ“ƒI[ƒvƒ“z“ï“G‚ğŒ‚”j‚µ‚½“n•Ó•“Œ–ì‚Æ•Û–Ø•¬—Ñ‚ªŒˆŸioI@“Ş—Ç‰ªŒ÷‘å‚Í¢ŠE‰¤Ò‚ÉŠ®”s,https://news.yahoo.co.jp/articles/0ba89926c88528652e56b2e5c2f1bcf158e25a5d,7/29(“y) 22:12
badspi,yƒoƒhƒ~ƒ“ƒgƒ“ ƒWƒƒƒpƒ“ƒI[ƒvƒ“z“n•Ó—E‘å^“Œ–ì—LÑ‚ªŒˆŸioBu‹£‚Á‚½ê–Ê‚Å‚Í‘å‚«‚Èº‰‡‚ª”w’†‚ğ‰Ÿ‚µ‚Ä‚­‚ê‚½‚±‚Æ‚ªˆê”Ô‚ÌŸˆövi“n•Ój,https://news.yahoo.co.jp/articles/6c803ddc5e2ccbe1a10a48ab1fa8ac7cf3fd9018,7/29(“y) 21:57
badspi,yƒoƒhƒ~ƒ“ƒgƒ“ ƒWƒƒƒpƒ“ƒI[ƒvƒ“z“Ş—Ç‰ª‚ÍŒˆŸio‚È‚ç‚¸Bu¡‚Å‚«‚é‘S—Í‚Í‚Å‚«‚½‚Ì‚©‚È‚Æv‚¢‚Ü‚·vi“Ş—Ç‰ªj,https://news.yahoo.co.jp/articles/c836ae8229d6ea3ba440fb844217d1043a50075c,7/29(“y) 19:35
badspi,yƒoƒhƒ~ƒ“ƒgƒ“ ƒWƒƒƒpƒ“ƒI[ƒvƒ“z•Û–Ø‘ì˜N^¬—Ñ—DŒá‚ÍŒˆŸioBuS‚Ì’ê‚©‚ç‚±‚İã‚°‚Ä‚­‚é‚¤‚ê‚µ‚³‚ª‚ ‚Á‚½vi¬—Ñj,https://news.yahoo.co.jp/articles/9a6dd31f21d6c763df825cac78ba69d8dc425650,7/29(“y) 19:30
badspi,yƒoƒhƒ~ƒ“ƒgƒ“ ƒWƒƒƒpƒ“ƒI[ƒvƒ“z¼–{–ƒ—C^‰iŒ´˜a‰Â“ß‚ÍƒxƒXƒg4‚Å”s‘ŞBuˆÀ‘S‚É•Ô‚·ƒŒƒV[ƒu‚É‚È‚Á‚ÄA‘Šè‚É‚¢‚¢Œ`‚ÅUŒ‚‚³‚ê‚Ä‚µ‚Ü‚Á‚½vi‰iŒ´j,https://news.yahoo.co.jp/articles/75f2a9cddd0084ce371b6a2e91992304bef93fec,7/29(“y) 15:28
badspi,yƒoƒhƒ~ƒ“ƒgƒ“ƒWƒƒƒpƒ“ƒI[ƒvƒ“z•Ÿ“‡—R‹I^œA“cÊ‰Ô‚ÍŒˆŸio‚È‚ç‚¸Bu‚ ‚é’ö“xƒŒƒV[ƒu‚Í’Ê‚¶‚é‚ÆŠ´‚¶‚½Bƒ`ƒƒƒ“ƒX‚Í‚ ‚évi•Ÿ“‡j,https://news.yahoo.co.jp/articles/34479e0ec843b2bfe9ce6ae00c2f30792f8a2956,7/29(“y) 15:22
badspi,yƒoƒhƒ~ƒ“ƒgƒ“ ƒWƒƒƒpƒ“ƒI[ƒvƒ“zƒAƒ“EƒZƒˆƒ“A‘Õ‘‰n‚ç‚ª‡“–‚ÉƒxƒXƒg4ioI “Œ‹ŒÜ—Ö‰¤Ò‚à€ŒˆŸ‚ÖI,https://news.yahoo.co.jp/articles/ca46e918bcd8f7de51db4a7122d71eab872de8f9,7/29(“y) 6:47
badspi,yƒoƒhƒ~ƒ“ƒgƒ“ ƒWƒƒƒpƒ“ƒI[ƒvƒ“z•Û–Ø&¬—Ñ‚ª¢ŠE‰¤Ò‚É‹t“]Ÿ—˜I@¢ŠEƒ‰ƒ“ƒLƒ“ƒO1ˆÊ‚ÌRŒûˆ©‚Í3˜A”e‚ğ“¦‚·,https://news.yahoo.co.jp/articles/0e5996a2ea6e38757ce1d077faf04443dae26e95,7/28(‹à) 23:20
badspi,yƒoƒhƒ~ƒ“ƒgƒ“ ƒWƒƒƒpƒ“ƒI[ƒvƒ“zu‘Šè‚Ìã‚©‚ç‚ÌƒVƒ‡ƒbƒg‚ª‚·‚²‚­‚æ‚­‚ÄA‚»‚Ì‘Î‰‚ª“ï‚µ‚©‚Á‚½viRŒûj,https://news.yahoo.co.jp/articles/feb7aa0d1f8d4d4b67e754f66c1729cae9ae3899,7/28(‹à) 23:10
badspi,yƒoƒhƒ~ƒ“ƒgƒ“ ƒWƒƒƒpƒ“ƒI[ƒvƒ“zuƒXƒ}ƒbƒVƒ…‚ªŒˆ‚Ü‚ç‚È‚¢ŠÂ‹«‚¾‚©‚çA‘Å‚Á‚Ä•ö‚·‚Æ‚¢‚¤ƒCƒ[ƒW‚Å‚â‚Á‚Ä‚¢‚½v,https://news.yahoo.co.jp/articles/3cd92eba366e1e7d88daf87f9ff84d55b90e9b60,7/28(‹à) 18:44
badspi,yƒoƒhƒ~ƒ“ƒgƒ“ ƒWƒƒƒpƒ“ƒI[ƒvƒ“zu‘Šè‚ªUŒ‚‚É‚Â‚È‚°‚ç‚ê‚È‚¢‚æ‚¤‚ÈƒŒƒV[ƒu‚ª‚Å‚«‚½vi¼–{j,https://news.yahoo.co.jp/articles/2d57bb705605d2d8806253b0d2325ae8f3948f69,7/28(‹à) 18:38
badspi,yƒoƒhƒ~ƒ“ƒgƒ“ ƒWƒƒƒpƒ“ƒI[ƒvƒ“zuŠJ‚«’¼‚Á‚½‚Ì‚ª‚æ‚©‚Á‚½‚Ì‚©‚È‚Æv‚¤vi•Û–Øj,https://news.yahoo.co.jp/articles/132dc12235ff0cf6abd8eb8cb2deaeaccc99e81f,7/28(‹à) 18:30
badspi,yƒoƒhƒ~ƒ“ƒgƒ“ ƒWƒƒƒpƒ“ƒI[ƒvƒ“zu–¾“ú‚Ì’†‘í‚Íƒtƒ@ƒ“‚ÌŠF‚³‚ñ‚Ìº‰‡‚ğ—Í‚É‚µ‚½‚¢vi•Ÿ“‡j,https://news.yahoo.co.jp/articles/79197395315bc551428852ccfd09dc31f3236b64,7/28(‹à) 18:20
badspi,yƒoƒhƒ~ƒ“ƒgƒ“ ƒWƒƒƒpƒ“ƒI[ƒvƒ“z—DŸŒó•â‚ÌƒAƒNƒZƒ‹ƒZƒ“‚ª‡“–‚ÉƒxƒXƒg8ioI@’Â‰JäÉ‚ÍƒXƒgƒŒ[ƒg•‰‚¯‚Å2‰ñí”s‘Ş,https://news.yahoo.co.jp/articles/9b36c532f3990a5d89768755fea843fb280574d5,7/28(‹à) 5:03
badspi,yƒoƒhƒ~ƒ“ƒgƒ“ ƒWƒƒƒpƒ“ƒI[ƒvƒ“zŒÃ‰ê•âV“¡‚ª‘O‰ñ—DŸƒyƒA‚ğŒ‚”jI@“ú–{¨‘ÎŒˆ‚Í•Ÿ“‡•œA“c‚ÉŒR”zI,https://news.yahoo.co.jp/articles/e9feb7cacc929a36d1c03ddf74d69a6d5aa0d6d6,7/28(‹à) 4:58
badspi,yƒWƒƒƒpƒ“ƒI[ƒvƒ“2023zu‚¤‚Ü‚­U‚ß‚ÌŒ`‚ğ‘±‚¯‚é‚½‚ß‚Ì‰ä–‚ª‚Å‚«‚½vi“n•Ój,https://news.yahoo.co.jp/articles/cff9e117ab4ae65ee3b2920dcca2f104db5c0889,7/27(–Ø) 21:36
badspi,yƒoƒhƒ~ƒ“ƒgƒ“ ƒWƒƒƒpƒ“ƒI[ƒvƒ“zu¡“ú‚ÍŠÏ‚Ä‚¢‚él‚ª‘½‚­‚Ä‚¤‚ê‚µ‚©‚Á‚½viRŒûj,https://news.yahoo.co.jp/articles/dec2469271710ea9dd165baccfb082b7bf69e6a9,7/27(–Ø) 21:30
badspi,yƒoƒbƒhƒ~ƒ“ƒgƒ“ ƒWƒƒƒpƒ“ƒI[ƒvƒ“zu©•ª‚½‚¿‚ªc‚ÌƒXƒ^ƒCƒ‹‚ÅUŒ‚‚·‚é‚±‚Æ‚ª‘å–‚¾‚Æv‚Á‚Ä‚¢‚½vi•Û–Ø‘ì˜Nj,https://news.yahoo.co.jp/articles/0aa2831bfca9d0553fec419d79c20d6eabab2d16,7/27(–Ø) 21:22
badspi,yƒoƒhƒ~ƒ“ƒgƒ“ ƒWƒƒƒpƒ“ƒI[ƒvƒ“zuƒR[ƒg‚Åº‰‡‚ğ•·‚¢‚ÄA‹C‡‚¢‚ª‚à‚Á‚Æ“ü‚è‚Ü‚µ‚½vi“nç³q‹Mj,https://news.yahoo.co.jp/articles/4522674f85c11227f1e2e60ffe7dbf70c92ccb2b,7/27(–Ø) 21:13
badspi,yƒoƒhƒ~ƒ“ƒgƒ“ ƒWƒƒƒpƒ“ƒI[ƒvƒ“zuÅŒã‚Ü‚Å‹ê‚µ‚¢ê–Ê‚ª‘½‚©‚Á‚½‚¯‚ÇŸ‚¿‚«‚ê‚½‚±‚Æ‚ª‚æ‚©‚Á‚½vi¼R“Ş–¢j,https://news.yahoo.co.jp/articles/1d8712a95a5f65cdaa9d54fa1f7710e6c179267a,7/27(–Ø) 21:08
badspi,yƒoƒhƒ~ƒ“ƒgƒ“ ƒWƒƒƒpƒ“ƒI[ƒvƒ“zu’á‚¢“WŠJ‚É‚µ‚ÄA‘Šè‚ªƒ^ƒCƒ~ƒ“ƒO‚ğæ‚è‚â‚·‚¢‹…‚É‚È‚Á‚½‚Ì‚ª”sˆöviíRj,https://news.yahoo.co.jp/articles/090e0d28ba0ddda887b5e157a3d90f28dd8b07aa,7/27(–Ø) 20:45
badspi,yƒoƒhƒ~ƒ“ƒgƒ“ ƒWƒƒƒpƒ“ƒI[ƒvƒ“zu‚Ç‚¤‚É‚©ƒŒƒV[ƒu‚µ‚È‚ª‚ç‰ä–‚Å‚«‚½‚Ì‚Í‚æ‚©‚Á‚½vi•Ÿ“‡—R‹Ij,https://news.yahoo.co.jp/articles/03e3d96fa89a297f88528c03c7b0fe3b65a5ef5b,7/27(–Ø) 20:38
badspi,yƒoƒhƒ~ƒ“ƒgƒ“ÅV¢ŠEƒ‰ƒ“ƒLƒ“ƒOz“Ş—Ç‰ªŒ÷‘å‚Í“ú–{ÅãˆÊ‚Ì4ˆÊ‚ğƒL[ƒvI@RŒûˆ©‚Í1ˆÊ•Ï‚í‚ç‚¸IƒƒVƒ“ƒOƒ‹ƒX„,https://news.yahoo.co.jp/articles/4fbd0d28cdcbee6e46852e6a31557d5a266fba78,7/27(–Ø) 16:45
badspi,yƒoƒhƒ~ƒ“ƒgƒ“ ƒWƒƒƒpƒ“ƒI[ƒvƒ“z3‘å‰ï˜A‘±—DŸ‚ğ‚ß‚´‚·ƒVƒFƒeƒB•ƒ‰ƒ“ƒLƒŒƒbƒfƒB‚ª2‰ñí‚ÉioI,https://news.yahoo.co.jp/articles/2122ad3a3dbb398a2e85b157a2178ece5ee498b9,7/26(…) 22:44
badspi,yƒoƒhƒ~ƒ“ƒgƒ“ ƒWƒƒƒpƒ“ƒI[ƒvƒ“zuƒ`ƒƒƒ“ƒX‚Íƒ[ƒ‚Å‚Í‚È‚¢‚Ì‚Å’§íÒ‚Ì‹C‚¿‚ÅŒü‚©‚Á‚Ä‚¢‚«‚½‚¢vi‘å–xÊj,https://news.yahoo.co.jp/articles/b4bec145d553b79148e7e3caad49ccef3c5ca21a,7/26(…) 22:24
badspi,yƒoƒhƒ~ƒ“ƒgƒ“ ƒWƒƒƒpƒ“ƒI[ƒvƒ“z¼–{Œ‘¾‚ª‘å‰ï2˜A”e‚Ö‘OiIíRŠ²‘¾‚Í¢ŠEƒ‰ƒ“ƒN2ˆÊ‚ğ2-0‚ÅŒ‚”jI,https://news.yahoo.co.jp/articles/96d7dc6254185a647305ebc09b5cd047d9d94a53,7/26(…) 22:18
badspi,yƒoƒhƒ~ƒ“ƒgƒ“ ƒWƒƒƒpƒ“ƒI[ƒvƒ“zu©•ª‚½‚¿‚ÌU‚ß‚Ìƒpƒ^[ƒ“‚ğ‚Â‚­‚ê‚½v—qƒ_ƒuƒ‹ƒX‚Ì¼–{–ƒ—C,https://news.yahoo.co.jp/articles/eba09cb4affc687f3e8bb84acd246d43837bc345,7/26(…) 21:51
badspi,yƒoƒhƒ~ƒ“ƒgƒ“ ƒWƒƒƒpƒ“ƒI[ƒvƒ“zu‘Šè‚ğ‚µ‚Á‚©‚èŒ©‚È‚ª‚ç©•ª‚ÌƒvƒŒ[‚ª‚Å‚«‚½vi¬—Ñ—DŒáj,https://news.yahoo.co.jp/articles/4000c58cdd8d4eae2bfc57efeea5daf146e487dd,7/26(…) 21:42
badspi,yƒoƒhƒ~ƒ“ƒgƒ“ ƒWƒƒƒpƒ“ƒI[ƒvƒ“zu¡“úŸ‚Ä‚È‚©‚Á‚½‚çA‚à‚¤ƒ`ƒƒƒ“ƒX‚Í‚È‚¢‚Æ‚¢‚¤v‚¢‚ÅŒü‚©‚Á‚Ä‚¢‚Á‚½vi“nç³q‹Mj,https://news.yahoo.co.jp/articles/b5860c7e91a5ddcb58c9a234600590fb9a71a299,7/26(…) 18:48
badspi,yƒoƒhƒ~ƒ“ƒgƒ“ ƒWƒƒƒpƒ“ƒI[ƒvƒ“zu‚Ô‚Á“|‚ê‚Ä‚à‚¢‚¢‚Ì‚ÅA‚»‚Ì“ú‚Å‚«‚é100ƒp[ƒZƒ“ƒg‚ğo‚·‚Â‚à‚è‚ÅŠæ’£‚è‚½‚¢vi¼–{Œ‘¾j,https://news.yahoo.co.jp/articles/5b1ef572af51a60fe969a669b8409a9aba378202,7/26(…) 17:59
badspi,yƒoƒhƒ~ƒ“ƒgƒ“ ƒWƒƒƒpƒ“ƒI[ƒvƒ“zu¡‚Ì©•ª‚½‚¿‚ª‚Å‚«‚éˆê”Ô‚¢‚¢ƒvƒŒ[‚ğo‚µ‚ÄŒ‹‰Ê‚É‚Â‚È‚°‚½‚¢viâV“¡‘¾ˆêj,https://news.yahoo.co.jp/articles/c8b08ae1dfafa63a1530ac2ca260664dba00742b,7/26(…) 17:48
badspi,yƒoƒhƒ~ƒ“ƒgƒ“ ƒWƒƒƒpƒ“ƒI[ƒvƒ“zƒAƒNƒZƒ‹ƒZƒ“AÎ‰FŠï‚ç‚ª‡“–‚É2‰ñí‚ÖI,https://news.yahoo.co.jp/articles/8a7100ef996c9ca4999772c2943c64151ada790a,7/25(‰Î) 21:31
badspi,yƒoƒhƒ~ƒ“ƒgƒ“ ƒWƒƒƒpƒ“ƒI[ƒvƒ“z“Ş—Ç‰ªŒ÷‘å‚ª92•ª‚ÌŒƒ“¬‚ğ§‚µ‚Ä2‰ñí‚ÉioI RŒûˆ©A“n•Ó•“Œ–ì‚à‰í“Ë”jI,https://news.yahoo.co.jp/articles/6b616fc11e4009af51d6ffba1d9591e2d71118e8,7/25(‰Î) 20:53
badspi,yƒoƒhƒ~ƒ“ƒgƒ“ ƒWƒƒƒpƒ“ƒI[ƒvƒ“zu©•ª‚½‚¿‚ªˆø‚©‚¸‚ÉƒŒƒV[ƒu‚·‚é‚±‚Æ‚ªâ‘Î‚É‘å–‚¾‚Á‚½vi•Ÿ“‡—R‹Ij,https://news.yahoo.co.jp/articles/c10dc524c50fba512e76e54a0f028ae85342d9de,7/25(‰Î) 20:44
badspi,yƒoƒhƒ~ƒ“ƒgƒ“ ƒWƒƒƒpƒ“ƒI[ƒvƒ“zu‡‚ğ’Ê‚µ‚ÄŒµ‚µ‚¢“WŠJ‚¾‚Á‚½‚¯‚ÇA—vŠ‚Å©•ª‚ç‚µ‚¢ƒvƒŒ[‚ào‚¹‚½vi‰œŒ´Šó–]j,https://news.yahoo.co.jp/articles/4a6a4e97458df018561eb1894c98b2bd4105fc4a,7/25(‰Î) 20:37
badspi,yƒoƒhƒ~ƒ“ƒgƒ“ ƒWƒƒƒpƒ“ƒI[ƒvƒ“zuƒtƒ@ƒCƒiƒ‹ƒQ[ƒ€‚Å‚â‚é‚µ‚©‚È‚¢‚È‚Æv‚Á‚½vi“Ş—Ç‰ªj,https://news.yahoo.co.jp/articles/3ac84bec5c1a77f5cba678d668c96b2e01cc54c5,7/25(‰Î) 20:29
badspi,yƒoƒhƒ~ƒ“ƒgƒ“ ƒWƒƒƒpƒ“ƒI[ƒvƒ“zu2ƒQ[ƒ€–Ú‚ÅŸ‚¿Ø‚ê‚½‚Ì‚Í‚¨‹q‚³‚ñ‚Ì‘¶İ‚Ì‚¨‚©‚°viRŒûj,https://news.yahoo.co.jp/articles/ca2bb1c3e721b2b72c3988264f5ca43d35d5f468,7/25(‰Î) 20:23
badspi,yƒ_ƒCƒnƒcƒWƒƒƒpƒ“ƒI[ƒvƒ“z“ú–{‘Iè‚ª‹A‘“–“ú‚É‘O“ú—ûK@u‚Æ‚è‚ ‚¦‚¸–¾“ú‚Ü‚ÅŠæ’£‚è‚½‚¢vi“Ş—Ç‰ªŒ÷‘åj,https://news.yahoo.co.jp/articles/688ff813903cd5bc279b18819fafddafb583b520,7/25(‰Î) 5:57
badspi,yƒoƒhƒ~ƒ“ƒgƒ“ŠØ‘ƒI[ƒvƒ“zŠØ‘‚ÌƒG[ƒXAƒAƒ“EƒZƒˆƒ“‚ª’nŒ³‚Å¡‹G6ŒÂ–Ú‚Ìƒ^ƒCƒgƒ‹Šl“¾I@ƒAƒ“ƒgƒ“ƒZƒ“‚Í‹vX‚ÌV’B¬I,https://news.yahoo.co.jp/articles/c57bab52b4770db7e3860fca67d61a065f957592,7/23(“ú) 21:25
badspi,yƒoƒhƒ~ƒ“ƒgƒ“zu‚±‚Ì‹@‰ï‚ÉŠ´Ó‚µ‚ÄA–Ú•W‚ÉŒü‚©‚Á‚ÄŠæ’£‚év@ŒSiä»q‚ªuŸ‚¿”Ñv•×‹­‰ïwith–¡‚Ì‘f‚ÉQ‰ÁI,https://news.yahoo.co.jp/articles/172cbfabda066d2a5ca3b54aebd7b3027f3dce10,7/22(“y) 21:57
badspi,yƒoƒhƒ~ƒ“ƒgƒ“ŠØ‘ƒI[ƒvƒ“z“ú–{¨‚Íƒ‰ƒCƒoƒ‹‚½‚¿‚ÉÉ”sB4í–Ú‚ÅŒˆŸio‚ğ“¦‚·B,https://news.yahoo.co.jp/articles/2bff0af018b0bef0fdfe1b9c8d810b10803f6eea,7/22(“y) 21:47
badspi,yƒoƒhƒ~ƒ“ƒgƒ“ŠØ‘ƒI[ƒvƒ“z¼–{•‰iŒ´‚ª’nŒ³ŠØ‘ƒyƒA‚ğŒ‚”jIRŒûˆ©A“n•Ó•“Œ–ì‚ç‚àƒxƒXƒg4“ü‚èI,https://news.yahoo.co.jp/articles/f675c298f7b8315b6bb65c07c66bea2f59feb323,7/21(‹à) 21:17
badspi,yƒoƒhƒ~ƒ“ƒgƒ“ŠØ‘ƒI[ƒvƒ“z“n•Ó•“Œ–ìARŒûˆ©A“Ş—Ç‰ªŒ÷‘å‚ç¢ŠEƒgƒbƒvƒ‰ƒ“ƒJ[‚ª€XŒˆŸ‚ÉioI,https://news.yahoo.co.jp/articles/7f3f3850eb3da197edf40150a417d1cfc2e4a48d,7/20(–Ø) 22:40
badspi,yƒoƒhƒ~ƒ“ƒgƒ“ÅV¢ŠEƒ‰ƒ“ƒLƒ“ƒOz“ú–{‚ÌãˆÊw‚É‘å‚«‚È•Ï“®‚È‚µI@“n•Ó•“Œ–ì‚Í2ˆÊ‚ğƒL[ƒvIƒƒ_ƒuƒ‹ƒX„,https://news.yahoo.co.jp/articles/80295182ee0e58d1b0f79bd76726e9cc45ad0d83,7/20(–Ø) 20:11
badspi,yƒoƒhƒ~ƒ“ƒgƒ“ÅV¢ŠEƒ‰ƒ“ƒLƒ“ƒOzƒ^ƒC‚ÌƒG[ƒX‚ª“Ş—Ç‰ªŒ÷‘å‚ğ”²‚¢‚Ä3ˆÊ•‚ãIRŒûˆ©‚ÌñˆÊ‚Í•Ï‚í‚ç‚¸ƒƒVƒ“ƒOƒ‹ƒX„,https://news.yahoo.co.jp/articles/ec61e413964ecf8940b1a840760215e119a1de57,7/19(…) 21:25
badspi,yƒoƒhƒ~ƒ“ƒgƒ“ ŠØ‘ƒI[ƒvƒ“z““cŒ«“l‚ª‹vX‚Ì”’¯IRŒûˆ©A“n•Ó•“Œ–ì‚ç‚à2‰ñí‚ÖI,https://news.yahoo.co.jp/articles/b1641b56070645bfacd0782bb9b73153f5d19131,7/19(…) 21:16
badspi,yƒoƒhƒ~ƒ“ƒgƒ“@ŠØ‘ƒI[ƒvƒ“z•Û–Ø•¬—ÑA¼–{•‰iŒ´‚ç‚ª1‰ñí‚ğ“Ë”jI’†¼•Šâ‰i‚Í“ú–{ƒyƒA‘ÎŒˆ‚ğ§‚·I,https://news.yahoo.co.jp/articles/5f4e6ea7b350fd20d3849f928dcf0399e69b832d,7/18(‰Î) 22:03
badspi,yTOPICSzƒ‰ƒ“ƒLƒŒƒbƒfƒB‚ªƒXƒ}ƒbƒVƒ…‰‘¬ƒXƒs[ƒh‚ÌƒMƒlƒX¢ŠE‹L˜^‚ğ10”N‚Ô‚è‚ÉXVIyƒoƒhƒ~ƒ“ƒgƒ“zƒ‰ƒ“ƒLƒŒƒbƒfƒB‚ªƒXƒ}ƒbƒVƒ…‰‘¬ƒXƒs[ƒh‚ÌƒMƒlƒX¢ŠE‹L˜^‚ğ10”N‚Ô‚è‚ÉXVI,https://news.yahoo.co.jp/articles/f76217811aad7a68cf952c51aa2e04fb072edb54,7/18(‰Î) 20:56
badspi,yƒoƒhƒ~ƒ“ƒgƒ“@ƒAƒWƒAƒWƒ…ƒjƒA‘IèŒ zR–k•{“¡‚ªŠØ‘ƒyƒA‚ğ2-1‚Å‰º‚µ—DŸI@‰«–{‚Í’†‘‘Iè‚É”s‚ê‚Ä€V,https://news.yahoo.co.jp/articles/d5673602c1878b2ad458790daa1841e86cd0d44c,7/17(Œ) 19:03
badspi,yƒoƒhƒ~ƒ“ƒgƒ“zŒÜ—ÖƒŒ[ƒX‚Å‚àuŠy‚µ‚ñ‚ÅƒvƒŒ[‚·‚é‚¾‚¯vi“n•Ó—E‘å•“Œ–ì—LÑj BIPROGY‚ªŒöŠJ—ûK‚ğÀ{I,https://news.yahoo.co.jp/articles/0ef429481bab76b03a607d6566ba55987a31e47a,7/15(“y) 20:29
badspi,yƒoƒhƒ~ƒ“ƒgƒ“zu‚¢‚ë‚¢‚ë‚È{İ‚ª‚ ‚èA‚µ‚Á‚©‚èƒgƒŒ[ƒjƒ“ƒO‚Å‚«‚év“Ş—Ç‰ªŒ÷‘å‚ªƒh[ƒ€—§ì—§”ò‚ÅŒöŠJ—ûK‚ğÀ{,https://news.yahoo.co.jp/articles/d4e68990146927342be73dcc7cf8fe30d19b8c99,7/15(“y) 20:23
badspi,yƒoƒhƒ~ƒ“ƒgƒ“ ƒAƒWƒAƒWƒ…ƒjƒA‘IèŒ zR–k•{“¡Aì–ì•àV“c‚ç‚ª2‰ñí‚ğŸ—˜I’†ì—F“ß‚ÍƒV[ƒh‘Iè‚ğ‰º‚·I,https://news.yahoo.co.jp/articles/4ee71bd5605d1a9b5a2bea6949657105f8e72e9b,7/14(‹à) 7:56
badspi,yƒoƒhƒ~ƒ“ƒgƒ“ÅV¢ŠEƒ‰ƒ“ƒLƒ“ƒOzƒJƒiƒ_ƒI[ƒvƒ“—DŸ‚Ìu“c•¼R‚Í4ƒ‰ƒ“ƒNƒAƒbƒv‚É¬Œ÷Iƒƒ_ƒuƒ‹ƒX„,https://news.yahoo.co.jp/articles/79e03c05f08b0199f9c6e26763f885d4b75acc1f,7/13(–Ø) 12:38
badspi,yƒoƒhƒ~ƒ“ƒgƒ“@ƒAƒWƒAƒWƒ…ƒjƒA‘IèŒ z‹{è—F‰ÔA‰«–{—D‘åA’J‰ª&“cŒû‚ç‚ª1A2‰ñí‚ğ“Ë”jI,https://news.yahoo.co.jp/articles/6c2cd12f46b2d3adf81317d8b38908b10a1a4a2a,7/13(–Ø) 12:30
badspi,yƒoƒhƒ~ƒ“ƒgƒ“ÅV¢ŠEƒ‰ƒ“ƒLƒ“ƒOzƒJƒiƒ_ƒI[ƒvƒ“—DŸ‚Ìƒ‰ƒNƒVƒƒEƒZƒ“‚ª7ƒ‰ƒ“ƒNƒAƒbƒvI@RŒûˆ©AƒAƒNƒZƒ‹ƒZƒ“‚ÍñˆÊƒL[ƒvIƒƒVƒ“ƒOƒ‹ƒX„,https://news.yahoo.co.jp/articles/e7e9d867f4a02ac264e811b46d6c5e249964ddd8,7/12(…) 17:05
badspi,“ú–{‚ª’nŒ³ƒCƒ“ƒhƒlƒVƒA‚É3-2‚ÅŸ—˜I@11”N‚Ô‚è‚ÉƒAƒWƒA‰¤Ò‚É‹P‚­Iyƒoƒhƒ~ƒ“ƒgƒ“@ƒAƒWƒAƒWƒ…ƒjƒA‘IèŒ z’c‘ÌíEŒˆŸ,https://news.yahoo.co.jp/articles/3fdfc7f2c017012847773ef739cd4b4a1cad1f22,7/11(‰Î) 21:49
badspi,yƒoƒhƒ~ƒ“ƒgƒ“ ƒAƒWƒAƒWƒ…ƒjƒA‘IèŒ z“ú–{‚Í’†‘A‘ä˜p‚É˜AŸ‚µ‚ÄŒˆŸioI@—DŸ‚É‰¤èI,https://news.yahoo.co.jp/articles/aadd7f23edd02048ed501943607a929e8b15769c,7/10(Œ) 22:12
badspi,yƒoƒhƒ~ƒ“ƒgƒ“ ƒJƒiƒ_ƒI[ƒvƒ“z“ú–{¨‚Í3í–Ú§”eI—Îì•âV“¡‚ÍãˆÊ‘å‰ï‰—DŸI@RŒûˆ©Au“c•¼R‚à’¸“_“’BI,https://news.yahoo.co.jp/articles/37bc893f54c2720954a6bcc821dcd343e0f2697b,7/10(Œ) 22:08
badspi,yƒoƒhƒ~ƒ“ƒgƒ“ ƒJƒiƒ_ƒI[ƒvƒ“zRŒûˆ©A—Îì•âV“¡‚ªŒˆŸ‚ÉioI—qƒ_ƒuƒ‹ƒX‚à“ú–{ƒyƒAŒˆŸ‚ÉI,https://news.yahoo.co.jp/articles/30fb98c9e537e3308ca4b07283afbf39f3a933c5,7/10(Œ) 22:04
badspi,yƒoƒhƒ~ƒ“ƒgƒ“@ƒAƒWƒAƒWƒ…ƒjƒA‘IèŒ z“ú–{‚ª‘ä˜p‚É3-2‚ÅŸ—˜I—\‘IƒŠ[ƒOñˆÊ‚ÅŒˆŸƒg[ƒiƒƒ“ƒg‚ÖI,https://news.yahoo.co.jp/articles/9d29a134fa08db3d5962352b4b06b9f7dbdbdc91,7/8(“y) 23:52
badspi,yƒoƒhƒ~ƒ“ƒgƒ“nz‘—Ş•s”õ‚ÅƒJƒiƒ_ƒI[ƒvƒ“‚Éoê‚Å‚«‚È‚©‚Á‚½‘å–xÊ‚ÍA¡Œã“¯ƒOƒŒ[ƒh‚Ì‘å‰ï”hŒ­‚Ö,https://news.yahoo.co.jp/articles/0c432eee1f23d0eef775435708c2519b57c87d6d,7/8(“y) 23:49
badspi,yƒoƒhƒ~ƒ“ƒgƒ“ ƒAƒWƒAƒWƒ…ƒjƒA‘IèŒ z“ú–{‚ÍƒtƒBƒŠƒsƒ“AƒVƒ“ƒKƒ|[ƒ‹‚É2˜AŸI,https://news.yahoo.co.jp/articles/dbe3154a24b337fed63654145a8362ae50217f1d,7/8(“y) 23:15
badspi,yƒoƒhƒ~ƒ“ƒgƒ“ƒJƒiƒ_ƒI[ƒvƒ“zŒÃ‰ê•âV“¡‚Í“ú–{ƒyƒA‘ÎŒˆ‚ğ§‚µ‚Ä€ŒˆŸ‚ÖI@—qƒ_ƒuƒ‹ƒX‚Í3ƒyƒA‚ªƒxƒXƒg4“ü‚èI,https://news.yahoo.co.jp/articles/54bf43687496d9921a1807c409cfd8efbc091663,7/8(“y) 23:12
badspi,“ú–{ƒoƒhƒ~ƒ“ƒgƒ“‹¦‰ï‚ª•]‹cˆõ‚Ì”CŠú–—¹‚É‹C•t‚©‚¸A‰ü‘Iè‘±‚«‚ğ¸”O ‘‹}‚É•]‹cˆõ‘I”C‚Ìè‘±‚«‚Ö,https://news.yahoo.co.jp/articles/395a59920fa6cac6dc2dd0e5374efc990dccfb30,7/7(‹à) 22:10
badspi,yƒoƒhƒ~ƒ“ƒgƒ“ ƒJƒiƒ_ƒI[ƒvƒ“z“ú–{¨‚Í‡“–‚ÉŸ—˜I@5í–Ú‚ÅƒxƒXƒg8ioŒˆ‚ß‚éI,https://news.yahoo.co.jp/articles/1d7d9e751837568028948e95d457389791f3daa8,7/7(‹à) 22:02
badspi,yƒoƒhƒ~ƒ“ƒgƒ“ƒJƒiƒ_ƒI[ƒvƒ“z‘æ1ƒV[ƒh‚ÌRŒûˆ©A“n•Ó•“Œ–ì‚ç‚ª‡“–‚É‰í‚ğ“Ë”jI““cŒ«“l‚Í0-2‚Å”s‚ê‰í”s‘Ş,https://news.yahoo.co.jp/articles/2cdf007c598ec6ac6d16f7c823fdce780952a872,7/6(–Ø) 21:58
badspi,ƒIƒOƒVƒI‚±‚Æ¬–¸‹v”üq‚³‚ñ‚Æ’ª“c—æq‚³‚ñ‚ªwƒˆƒlƒbƒNƒX2024V»•i”­•\‰ïx‚Åƒg[ƒNƒVƒ‡[I,https://news.yahoo.co.jp/articles/16074e605102cc86099ba67d0f8ea4bdc855c3f5,7/5(…) 22:11
badspi,yƒoƒhƒ~ƒ“ƒgƒ“ÅV¢ŠEƒ‰ƒ“ƒLƒ“ƒOzƒˆ[ƒƒbƒp‰¤Ò‚É‹P‚¢‚½ƒAƒNƒZƒ‹ƒZƒ“‚ªñˆÊ“Æ‘–I@RŒûˆ©‚àñˆÊ‚ğƒL[ƒvIƒƒVƒ“ƒOƒ‹ƒX„,https://news.yahoo.co.jp/articles/ad6391a7d1d55d37477e445259c05fa8d65d4dbc,7/5(…) 21:47
badspi,yƒoƒhƒ~ƒ“ƒgƒ“ ƒJƒiƒ_ƒI[ƒvƒ“z“ú–{‘ã•\‚Í’j—‚Æ‚à‚Éƒ_ƒuƒ‹ƒX¨‚ªD”­iI,https://news.yahoo.co.jp/articles/586cac4a95683ff38e1ef5c15fcc980b7fdf5c42,7/5(…) 16:50
badspi,yƒoƒhƒ~ƒ“ƒgƒ“z“ü‘\¿‚Ì‘—Ş•s”õ‚É‚æ‚è‘å–xÊ‚ÌƒJƒiƒ_ƒI[ƒvƒ“oê‚ªæ‚èÁ‚µ‚É,https://news.yahoo.co.jp/articles/b04d9e454c854959b050068970de98f842dca293,7/5(…) 16:32
badspi,’ª“c—æq‚³‚ñ‚ªŒ³’†“úƒhƒ‰ƒSƒ“ƒY‚Ì’J”ÉŒ³M‚³‚ñ‚ÌYouTubeƒ`ƒƒƒ“ƒlƒ‹‚Éo‰‰I,https://news.yahoo.co.jp/articles/96fa402e13e31f455d30812639fefa14215e38fa,7/4(‰Î) 20:51
badspi,y“ÆèƒCƒ“ƒ^ƒrƒ…[z““cŒ«“lu‘Š“–Œµ‚µ‚¢í‚¢‚Å‚·‚¯‚ÇA‚¾‚©‚ç‚±‚»Šy‚µ‚İ‚½‚¢v\\‹tP‚Í‚±‚±‚©‚çƒŒã•Ò„,https://news.yahoo.co.jp/articles/05d540f9bb032b3775b303cb275548796016ddbb,7/4(‰Î) 20:21
badspi,y“ÆèƒCƒ“ƒ^ƒrƒ…[z““cŒ«“luŒÜ—ÖƒŒ[ƒX‚Å‚Í–À‚í‚¸A‘S•”o‚µØ‚év\\‹tP‚Í‚±‚±‚©‚çƒ‘O•Ò„,https://news.yahoo.co.jp/articles/ae2abadb813bd36fde7f85d4c9b4c82544f727f3,7/4(‰Î) 20:12
badspi,y‘Ûƒoƒhƒ~ƒ“ƒgƒ“U16¯“à2023z“ú–{¨‚ª’j—ƒAƒxƒbƒNVI @’jq‚ÍR˜eO§A—q‚Íˆ¢”g‰èˆßç‚É‰hŠ¥,https://news.yahoo.co.jp/articles/f8d8d5b4a70aaeac8d0cf3a959f1225b8a877eb7,7/3(Œ) 17:15
badspi,y‰¢B‘å‰ïƒoƒhƒ~ƒ“ƒgƒ“z¢ŠEƒ‰ƒ“ƒN1ˆÊ‚ÌƒAƒNƒZƒ‹ƒZƒ“‚ªƒˆ[ƒƒbƒp‰¤Ò‚É‹P‚­I@ƒ}ƒŠ[ƒ“‚àŠÑ˜\‚ÌV’B¬I,https://news.yahoo.co.jp/articles/73638d8ea3cb1d45097bfbead4b89b2fb3461b94,7/3(Œ) 17:12
badspi,y‘Ûƒoƒhƒ~ƒ“ƒgƒ“U16¯“à2023zƒIƒŠƒ“ƒsƒAƒ“‚Ì•Ä‘q‰Á“Şq‚³‚ñA‘O“c”ü‡‚³‚ñ‚ª’ß‰ª‚Ì¬Šw¶80–¼‚ğw“±,https://news.yahoo.co.jp/articles/84f72fac39ab19fda3c7778f578951937def42f7,7/2(“ú) 9:35
badspi,yƒoƒhƒ~ƒ“ƒgƒ“U16‘å‰ïz10ƒJ‘‚ÌƒgƒbƒvƒWƒ…ƒjƒA‚ª”MíI ‘Ûƒoƒhƒ~ƒ“ƒgƒ“U16¯“à2023‚ªRŒ`Œ§’ß‰ªs‚ÅŠJÃ’†,https://news.yahoo.co.jp/articles/14bf338b63ee47f536c60a7628b8b6a235fdd3a9,7/1(“y) 18:57
badspi,BIPROGY‚ªÄtŠÙ»–òŠ‚É3-0‚Å‰õŸI 5”N‚Ô‚è‚É’¸“_“’BIy‘S“ú–{À‹Æ’cƒoƒhƒ~ƒ“ƒgƒ“—qz,https://news.yahoo.co.jp/articles/c4ee5242946aa39f040d03f01699cda6a887545f,6/25(“ú) 21:31
badspi,NTT“Œ“ú–{‚ªƒgƒiƒ~‰^—A‚Æ‚Ì–¼–å‘ÎŒˆ‚ğ§‚µ‚Ä9”N‚Ô‚è‚ÌV’B¬Iy‘S“ú–{À‹Æ’cƒoƒhƒ~ƒ“ƒgƒ“’jqz,https://news.yahoo.co.jp/articles/575485eb183fa6ae355249553346645f329041fe,6/25(“ú) 21:17
badspi,BIPROGY‚ª˜A”e‚ğ‚Ë‚ç‚Á‚½ƒˆƒlƒbƒNƒX‚É3-0‚ÅŸ—˜I@ÄtŠÙ»–òŠ‚àŠÛ™‚ğ‘Ş‚¯ŒˆŸ‚ÖIy‘S“ú–{À‹Æ’cƒoƒhƒ~ƒ“ƒgƒ“z,https://news.yahoo.co.jp/articles/6a2f442c041d5fb810947e75f3e93db9c9107243,6/25(“ú) 6:41
badspi,ƒgƒiƒ~‰^—A‚ª‘O‰ñ”eÒ‚ÌBIPROGY‚ğŒƒí‚Ì––‚É‰º‚·I@ŒˆŸ‚Í‘‡—Í‚Ì‚‚¢NTT“Œ“ú–{‚ÆŒƒ“ËIy‘S“ú–{À‹Æ’cƒoƒhƒ~ƒ“ƒgƒ“z,https://news.yahoo.co.jp/articles/de05d8b4e1e7ec5c1878c2b95798c329421c2f18,6/25(“ú) 6:34
badspi,ÄtŠÙ»–òŠ‚ª‹N€‰ñ¶‚Ì‹t“]Ÿ—˜‚Å€XŒˆŸ‚ÖI@’jq‚Í˜A”e‚Ë‚ç‚¤BIPROGY‚È‚Ç‚ª8‹­ioIy‘S“ú–{À‹Æ’cƒoƒhƒ~ƒ“ƒgƒ“z,https://news.yahoo.co.jp/articles/76a960c59e9c89b867d24bdfafba52104f7c7e8f,6/23(‹à) 21:25
badspi,yƒoƒhƒ~ƒ“ƒgƒ“ÅV¢ŠEƒ‰ƒ“ƒLƒ“ƒOz’j—ƒ_ƒuƒ‹ƒX‚Ì1ˆÊ‚Í•Ï‚í‚ç‚¸B¬‡ƒ_ƒuƒ‹ƒX‚Ì“n•Ó•“Œ–ì‚Í3ˆÊ‚ğƒL[ƒvIƒƒ_ƒuƒ‹ƒX„,https://news.yahoo.co.jp/articles/59da44405995541380fe9b71d85fc07023ac0eb2,6/23(‹à) 21:18
badspi,yƒoƒhƒ~ƒ“ƒgƒ“ÅV¢ŠEƒ‰ƒ“ƒLƒ“ƒOzñˆÊ‚ğç‚éRŒûˆ©‚ÉƒAƒ“EƒZƒˆƒ“‚ª“÷”–I@ƒAƒNƒZƒ‹ƒZƒ“‚Í“Æ‘–ó‘ÔIƒƒVƒ“ƒOƒ‹ƒX„,https://news.yahoo.co.jp/articles/00547499fcfeeb1624f1075b7445659ac3d77355,6/21(…) 20:25
badspi,yƒoƒhƒ~ƒ“ƒgƒ“zRŒûˆ©‚ª2014”NˆÈ—ˆ2“x–Ú‚Ìu•ÄR–«Üv‚ğóÜ,https://news.yahoo.co.jp/articles/aa7f3d78276279c7200a069d260c39f9b43132bf,6/20(‰Î) 18:30
badspi,yƒoƒhƒ~ƒ“ƒgƒ“z9Œ‚ÉŠJ–‹‚·‚éYBƒAƒWƒA‘å‰ï‚Ì“ú–{‘ã•\“à’è‘IèEƒXƒ^ƒbƒt‚ğ”­•\I,https://news.yahoo.co.jp/articles/7192408ff61dc4da3b637682826ab134430d056c,6/20(‰Î) 17:49
badspi,V‘Ì§‚É‚Â‚¢‚Äuƒoƒhƒ~ƒ“ƒgƒ“‹¦‰ï‚ª•Ï‚í‚ê‚ÎA“ú–{‚ÌƒXƒ|[ƒcŠE‚ª•Ï‚í‚é‚Æ‚¢‚¤‚±‚Æ‚ğM‚¶‚½•zwvi‘ºˆä–‰ï’·j,https://news.yahoo.co.jp/articles/6d0f0575bc43eb9de8192f5f79c59b44fa382aeb,6/19(Œ) 7:25
badspi,“n•Ó•“Œ–ì‚Í¢ŠEƒ‰ƒ“ƒN1ˆÊ‚É”s‚ê€—DŸI@•Ÿ“‡•œA“c‚àŠØ‘ƒyƒA‚É‹ü‚µ‚Ä€Vyƒoƒhƒ~ƒ“ƒgƒ“ ƒCƒ“ƒhƒlƒVƒAƒI[ƒvƒ“z,https://news.yahoo.co.jp/articles/fe584c00cda633f2e9eca745576eea699a7a2ce0,6/19(Œ) 6:40
badspi,“ú–{ƒoƒhƒ~ƒ“ƒgƒ“‹¦‰ï‚ÌV—–‚ªŒˆ’èI ‘ºˆä–‚ª‰ï’·‚ÉA”CA’r“cM‘¾˜Y‚ª—–‚É,https://news.yahoo.co.jp/articles/c4946c0e0045fc838cb2500c20c9789597cbea0b,6/18(“ú) 21:14
badspi,“n•Ó•“Œ–ì‚Í¢ŠEƒ‰ƒ“ƒN1ˆÊ‚É”s‚ê€—DŸI@•Ÿ“‡•œA“c‚àŠØ‘ƒyƒA‚É‹ü‚µ‚Ä€Vyƒoƒhƒ~ƒ“ƒgƒ“ ƒCƒ“ƒhƒlƒVƒAƒI[ƒvƒ“z,https://news.yahoo.co.jp/articles/4b9f186a3cbb18270a327b4fde6709ca24159212,6/18(“ú) 21:04
badspi,“n•Ó•“Œ–ì‚ª2‘å‰ï˜A‘±‚ÅŒˆŸioI@“ú–{ƒyƒA‘ÎŒˆ‚Í•Ÿ“‡•œA“c‚ÉŒR”zIyƒoƒhƒ~ƒ“ƒgƒ“ ƒCƒ“ƒhƒlƒVƒAƒI[ƒvƒ“z,https://news.yahoo.co.jp/articles/bc27b8502ecd5247cfc927893ef4b60a89ca6e99,6/18(“ú) 20:59
badspi,“n•Ó•“Œ–ì‚ª€ŒˆŸioI@—qƒ_ƒuƒ‹ƒX‚Í•Ÿ“‡•œA“cA¼–{•‰iŒ´‚Ì2ƒyƒA‚ªƒxƒXƒg4“ü‚èI  yƒoƒhƒ~ƒ“ƒgƒ“ƒCƒ“ƒhƒlƒVƒAƒI[ƒvƒ“z,https://news.yahoo.co.jp/articles/a5536649a53f53048a50842fddacd339645f12ee,6/17(“y) 7:26
badspi,ŒÃ‰ê•âV“¡‚ªÄ‚Ñƒgƒbƒvƒ‰ƒ“ƒJ[‚ğŒ‚”jI@“Ş—Ç‰ª‚à’†‘ƒG[ƒX‚ÉƒŠƒxƒ“ƒW¬Œ÷Iyƒoƒhƒ~ƒ“ƒgƒ“ ƒCƒ“ƒhƒlƒVƒAƒI[ƒvƒ“z,https://news.yahoo.co.jp/articles/0563738371bd554ca6768163a4f2e4a5a93d92d9,6/16(‹à) 6:02
badspi,“Ş—Ç‰ªŒ÷‘å‚ªƒfƒ“ƒ}[ƒN‘Iè‚ğ‰º‚µ2‰ñí‚ÖI@ŒÃ‰ê•âV“¡‚ÍŒÜ—Ö‰¤Ò‚ğŒ‚”jIyƒoƒhƒ~ƒ“ƒgƒ“ ƒCƒ“ƒhƒlƒVƒAƒI[ƒvƒ“z,https://news.yahoo.co.jp/articles/023592e8786e0a34619510428b0d33a69a0c229a,6/15(–Ø) 6:17
badspi,’†¼•Šâ‰iA—Îì•âV“¡‚ª‰í“Ë”jI@““cŒ«“l‚Í`‘Iè‚É0-2‚Å”síyƒCƒ“ƒhƒlƒVƒAƒI[ƒvƒ“z,https://news.yahoo.co.jp/articles/c46af03ec2d114f120e2e9eff5825af9f348a258,6/13(‰Î) 21:19
badspi,•Û–Ø•¬—Ñ‚ªáè’†‘ƒyƒA‚ğ‰º‚µ‹vX‚ÌƒcƒA[§”e‚ğ’B¬I RŒûA“n•Ó•“Œ–ì‚Í€—DŸIyƒoƒhƒ~ƒ“ƒgƒ“ ƒVƒ“ƒKƒ|[ƒ‹ƒI[ƒvƒ“z,https://news.yahoo.co.jp/articles/02f59e6c1e7d5b0da95497405cad5c21aea81748,6/11(“ú) 21:03
badspi,“n•Ó•“Œ–ì‚ªƒ}ƒŒ[ƒVƒAƒyƒA‚ğ‰º‚µ‚ÄŒˆŸ‚ÉioI@‹vX‚Ì—DŸ‚É‰¤èI yƒoƒhƒ~ƒ“ƒgƒ“ ƒVƒ“ƒKƒ|[ƒ‹ƒI[ƒvƒ“z,https://news.yahoo.co.jp/articles/bc97b6157d674d1aaf1e2aa370bb8cbb34c1cbd0,6/11(“ú) 6:25
badspi,“Ş—Ç‰ªŒ÷‘å‚ª’†‘‚ÌƒG[ƒX‚ÉƒŠƒxƒ“ƒW¬Œ÷I@RŒûˆ©‚Í“ú–{l‘ÎŒˆ§‚·I@yƒoƒhƒ~ƒ“ƒgƒ“ ƒVƒ“ƒKƒ|[ƒ‹ƒI[ƒvƒ“z,https://news.yahoo.co.jp/articles/679cd79f7373e6b5e789fa31a094f135603895ba,6/10(“y) 6:08
badspi,•Û–Ø•¬—Ñ‚ªŒ³¢ŠEƒ‰ƒ“ƒN1ˆÊ‚É‰õŸ‚µƒxƒXƒg8‚ÉioIyƒoƒhƒ~ƒ“ƒgƒ“ ƒVƒ“ƒKƒ|[ƒ‹ƒI[ƒvƒ“z,https://news.yahoo.co.jp/articles/8e03b3e9544fab047fba9e830a2ca9fcaee0900a,6/9(‹à) 6:48
badspi,y¢ŠEƒ‰ƒ“ƒLƒ“ƒOz¬‡ƒ_ƒuƒ‹ƒX‚Í“AvˆÛ&‰©‰ëàù‚ª11–œƒ|ƒCƒ“ƒg’´‚¦‚ÅñˆÊ“Æ‘–Iƒƒ_ƒuƒ‹ƒX„,https://news.yahoo.co.jp/articles/203b0d0d79f1af1d88c809d6538415d7b7802653,6/8(–Ø) 16:37
badspi,yƒoƒhƒ~ƒ“ƒgƒ“ ƒVƒ“ƒKƒ|[ƒ‹ƒI[ƒvƒ“2023zŒÃ‰ê•âV“¡‚ªƒCƒ“ƒh‚Ì’·gƒyƒA‚ğ2-1‚ÅŒ‚”jI•Û–Ø•¬—Ñ‚à2‰ñí‚ÉioI,https://news.yahoo.co.jp/articles/752ab7bf5434bdf0fa71bba41953273351fdb0e2,6/8(–Ø) 3:58
badspi,yƒoƒhƒ~ƒ“ƒgƒ“ÅV¢ŠEƒ‰ƒ“ƒLƒ“ƒOzƒ^ƒC‚ÌƒG[ƒXEƒNƒ“ƒ‰ƒrƒbƒg‚ª3ˆÊ‚É•‚ãI¢ŠE—‰¤ERŒûˆ©‚ÍñˆÊƒL[ƒvIƒƒVƒ“ƒOƒ‹ƒX„,https://news.yahoo.co.jp/articles/4c2dca5762ea3eefbbca0ec1adada35360c00360,6/7(…) 17:06
badspi,yƒoƒhƒ~ƒ“ƒgƒ“ ƒVƒ“ƒKƒ|[ƒ‹ƒI[ƒvƒ“2023zRŒûˆ©‚ªƒo[ƒXƒf[Ÿ—˜‚ğü‚è2‰ñíioI“Ş—Ç‰ªŒ÷‘å‚à“ï“G‰º‚µ‰í“Ë”jI,https://news.yahoo.co.jp/articles/08076f972f783f985413afacdabe046417af7ad7,6/7(…) 8:22
badspi,yƒoƒhƒ~ƒ“ƒgƒ“ ƒ^ƒCƒI[ƒvƒ“2023z‹àq•¼—FA—Îì•âV“¡‚ÍãˆÊio‚È‚ç‚¸,https://news.yahoo.co.jp/articles/9cb817b793755cc6595b6f2a083a3403ce6ea461,6/3(“y) 5:08
badspi,yƒoƒhƒ~ƒ“ƒgƒ“@ƒ^ƒCƒI[ƒvƒ“z’†¼•Šâ‰i‚ªƒCƒ“ƒhƒlƒVƒA‚ÌƒG[ƒXƒyƒA‚ğŒ‚”jI,https://news.yahoo.co.jp/articles/d7fc4b5207d838f9ae4b03bd3870eeaa63bf428c,6/2(‹à) 7:08
badspi,yƒoƒhƒ~ƒ“ƒgƒ“@ƒ^ƒCƒI[ƒvƒ“z’†¼•Šâ‰iA‹àq•¼—F‚ç‚ª‰í“Ë”jI,https://news.yahoo.co.jp/articles/3768bb590fb693b637e608c0a8ceaa4c32d35d0d,6/1(–Ø) 18:32
badspi,yƒoƒhƒ~ƒ“ƒgƒ““ú–{ƒ‰ƒ“ƒLƒ“ƒOƒT[ƒLƒbƒgz’jqƒVƒ“ƒOƒ‹ƒX‚ÍŒÃ‰ê•ä‚ª‚‹´Ÿ©m‚ğ‰º‚µ2‰ñ–Ú‚ÌV,https://news.yahoo.co.jp/articles/5924290eddb429b0df24c60f02ae29cd7dc4a862,6/1(–Ø) 5:08
badspi,yƒoƒhƒ~ƒ“ƒgƒ““ú–{ƒ‰ƒ“ƒLƒ“ƒOƒT[ƒLƒbƒgz¬‡ƒ_ƒuƒ‹ƒX‚Í‰º”_•d“c‚ª‰VIÄ“c‚ÍÉ‚µ‚­‚à2Š¥‚È‚ç‚¸,https://news.yahoo.co.jp/articles/7ad05778b793e8e58194ceb08345572a53252e0f,6/1(–Ø) 5:03
badspi,yƒoƒhƒ~ƒ“ƒgƒ““ú–{ƒ‰ƒ“ƒLƒ“ƒOƒT[ƒLƒbƒgz—qƒ_ƒuƒ‹ƒX‚ÍŒƒ‚µ‚¢‘Å‚¿‡‚¢‚ğ§‚µ‚½ì“Y•¬¼‚ª‰‚Ì‘ÕŠ¥I,https://news.yahoo.co.jp/articles/6e7708e0d447f984b8955534a18f7456b53df650,5/31(…) 22:25
badspi,yƒoƒhƒ~ƒ“ƒgƒ““ú–{ƒ‰ƒ“ƒLƒ“ƒOƒT[ƒLƒbƒgz‹àq•‘å“c‚ª’jqƒ_ƒuƒ‹ƒX‚ğ§”eI‹àq‚Í‘å‰ï˜A”e‚ğ’B¬I,https://news.yahoo.co.jp/articles/d530a10f3779414204183bad30206d559b1ba64a,5/31(…) 22:19
badspi,yƒoƒhƒ~ƒ“ƒgƒ““ú–{ƒ‰ƒ“ƒLƒ“ƒOƒT[ƒLƒbƒgzu‚Ü‚¾‚Ü‚¾¬’·‚Å‚«‚é©•ª‚ª‚¢‚é‚ÆŠ´‚¶‚½vi‰º”_‘–jƒ¬‡ƒ_ƒuƒ‹ƒX„,https://news.yahoo.co.jp/articles/20fbd5eda7c789a1be83161183504b574c4119b2,5/31(…) 22:10
badspi,yƒoƒhƒ~ƒ“ƒgƒ““ú–{ƒ‰ƒ“ƒLƒ“ƒOƒT[ƒLƒbƒgzuˆÈ‘O‚æ‚è‚Íƒ~ƒX‚ª­‚È‚­‚È‚Á‚ÄAˆÀ’è‚µ‚Ä—Í‚ğo‚¹‚½viì“Y–ƒˆËqjƒ—qƒ_ƒuƒ‹ƒX„,https://news.yahoo.co.jp/articles/cea9782acbf83eb4661b1a689fc9a3cc7c0517ef,5/31(…) 22:06
badspi,yƒoƒhƒ~ƒ“ƒgƒ““ú–{ƒ‰ƒ“ƒLƒ“ƒOƒT[ƒLƒbƒgzuƒ~ƒX‚µ‚Ä‚àˆø‚«‚¸‚ç‚¸w‘åä•vx‚ÆM‚¶‚Äí‚Á‚½vi‘å“c”¹–çjƒ’jqƒ_ƒuƒ‹ƒX„,https://news.yahoo.co.jp/articles/976a181ecadf518d3947a7b3649d215845d45d96,5/31(…) 22:01
badspi,yƒoƒhƒ~ƒ“ƒgƒ““ú–{ƒ‰ƒ“ƒLƒ“ƒOƒT[ƒLƒbƒgzu‚à‚Á‚Æ‚à‚Á‚Æ‚¤‚Ü‚­A‹­‚­‚È‚è‚½‚¢‚Å‚·viŒÃ‰ê•äjƒ’jqƒVƒ“ƒOƒ‹ƒX„,https://news.yahoo.co.jp/articles/855ec2db1f027d5321f42e1390d6f06b66cfb610,5/31(…) 21:58
badspi,yƒoƒhƒ~ƒ“ƒgƒ““ú–{ƒ‰ƒ“ƒLƒ“ƒOƒT[ƒLƒbƒgzu¬’·‚ğ©•ª‚ÅŠ´‚¶‚ç‚ê‚é‘å‰ï‚É‚È‚è‚Ü‚µ‚½viŒIŒ´‚ ‚©‚èjƒ—qƒVƒ“ƒOƒ‹ƒX„,https://news.yahoo.co.jp/articles/37a54065d2500a08cb52ce7e87f1c46a865eca06,5/31(…) 21:51
badspi,yƒoƒhƒ~ƒ“ƒgƒ““ú–{ƒ‰ƒ“ƒLƒ“ƒOƒT[ƒLƒbƒgz—qƒVƒ“ƒOƒ‹ƒXŒˆŸ‚ÍŠw¶‘ÎŒˆI ‘åŠw¶‚ÌŒIŒ´‚Æ‚Z¶‚Ì‹{è‚ª‰—DŸ‚ğ‚©‚¯‚ÄŒƒ“ËI,https://news.yahoo.co.jp/articles/2825d2475d90f10341f4367c596f4ddba693cc41,5/31(…) 7:51
badspi,yƒoƒhƒ~ƒ“ƒgƒ““ú–{ƒ‰ƒ“ƒLƒ“ƒOƒT[ƒLƒbƒgz2‰ñ–Ú‚Ì—DŸ‚ğ‚Ë‚ç‚¤ŒÃ‰ê•ä‚Æ‰‚Ì‘S‘ƒ^ƒCƒgƒ‹‚É’§‚Ş‚‹´Ÿ©m‚ªŒˆŸ‚ÉioI,https://news.yahoo.co.jp/articles/619a3659ee7fee08702a004fce95c2d8786f0e9e,5/31(…) 7:45
badspi,yƒoƒhƒ~ƒ“ƒgƒ““ú–{ƒ‰ƒ“ƒLƒ“ƒOƒT[ƒLƒbƒgz‘O‰ñ—‰¤‚ğ‹ê‚µ‚ß‚½‘å‚«‚Èdˆ³ƒ‘å‰ïƒTƒCƒhƒXƒg[ƒŠ[„,https://news.yahoo.co.jp/articles/6904ef7ee94fa679b00b6abeacc9bdc16fb92e58,5/31(…) 7:40
badspi,yƒoƒhƒ~ƒ“ƒgƒ““ú–{ƒ‰ƒ“ƒLƒ“ƒOƒT[ƒLƒbƒgzÄ“c•”öí•A‰º”_•d“c‚ª€ŒˆŸ‚ğ“Ë”jI Ä“c‚Í’jqƒ_ƒuƒ‹ƒX‚Æ‚Ì2Š¥‚É’§íIƒ€ŒˆŸƒ_ƒCƒWƒFƒXƒg-3„,https://news.yahoo.co.jp/articles/09f2ece69327b9e835d7cb29f9ce3de3bc07b98a,5/30(‰Î) 21:39
badspi,yƒoƒhƒ~ƒ“ƒgƒ““ú–{ƒ‰ƒ“ƒLƒ“ƒOƒT[ƒLƒbƒgzÀ—ÍƒyƒA‚ğ‘Ş‚¯‚½–Ñ—˜•¡ˆä‚Æì“Y•¬¼‚ªŒˆŸ‚ÅŒƒ“ËIƒ€ŒˆŸƒ_ƒCƒWƒFƒXƒg-2„,https://news.yahoo.co.jp/articles/6584322844280676aa8c58264b8854b33160e17c,5/30(‰Î) 21:35
badspi,yƒoƒhƒ~ƒ“ƒgƒ““ú–{ƒ‰ƒ“ƒLƒ“ƒOƒT[ƒLƒbƒgzu“ú‚É“ú‚É—‰ğ‚µ‡‚¦‚ÄƒRƒ“ƒrƒl[ƒVƒ‡ƒ“‚ª‚æ‚­‚È‚Á‚Ä‚«‚½vi”öí•¹Djƒ¬‡ƒ_ƒuƒ‹ƒX‘IèƒRƒƒ“ƒg„,https://news.yahoo.co.jp/articles/bd217ade7fb4330e06d99caa1fd436cc75135b0a,5/30(‰Î) 21:30
badspi,yƒoƒhƒ~ƒ“ƒgƒ““ú–{ƒ‰ƒ“ƒLƒ“ƒOƒT[ƒLƒbƒgzu—DŸ‚ğˆÓ¯‚µ‚·‚¬‚¸1‹…1‹…‚µ‚Á‚©‚èW’†‚µ‚Ä‚¢‚­vi¡ˆä—D•àjƒ—qƒ_ƒuƒ‹ƒX‘IèƒRƒƒ“ƒg„,https://news.yahoo.co.jp/articles/48c51cb079c6461b6806487608092438e0308cb7,5/30(‰Î) 21:25
badspi,yƒoƒhƒ~ƒ“ƒgƒ““ú–{ƒ‰ƒ“ƒLƒ“ƒOƒT[ƒLƒbƒgzu‘Šè‚Ì”N—î‚Æ‚©‚ÍŠÖŒW‚È‚­v‚¢‚«‚Á‚ÄƒvƒŒ[‚·‚é‚¾‚¯vi‘å“c”¹–çjƒ’jqƒ_ƒuƒ‹ƒX‘IèƒRƒƒ“ƒg„,https://news.yahoo.co.jp/articles/1ded15b9b12fced0b87f75e805feadfdac7dddd6,5/30(‰Î) 21:21
badspi,yƒoƒhƒ~ƒ“ƒgƒ““ú–{ƒ‰ƒ“ƒLƒ“ƒOƒT[ƒLƒbƒgzuƒ‰ƒŠ[‚ğ‚µ‚Ä©•ª‚Ì—Í‚ğo‚µ‚«‚ê‚ÄŸ‚Ä‚½‚Ì‚ª‚¤‚ê‚µ‚¢viŒIŒ´‚ ‚©‚èjƒ—qƒVƒ“ƒOƒ‹ƒX‘IèƒRƒƒ“ƒg„,https://news.yahoo.co.jp/articles/6b672706f2d977a350a8400fd5e5bfc8d20326e7,5/30(‰Î) 21:17
badspi,yƒoƒhƒ~ƒ“ƒgƒ““ú–{ƒ‰ƒ“ƒLƒ“ƒOƒT[ƒLƒbƒgzu‘½‚­‚ÌƒTƒ|[ƒg‚Ì‚¨‚©‚°‚Å‚à‚¤ˆê“xŠæ’£‚ë‚¤‚Æ‚¢‚¤‹C‚¿‚É‚È‚ê‚½viŒÃ‰ê•äjƒ’jqƒVƒ“ƒOƒ‹ƒX‘IèƒRƒƒ“ƒg„,https://news.yahoo.co.jp/articles/4ff6cb537508521130ec07c580df8bf72ace4008,5/30(‰Î) 21:13
badspi,yƒoƒhƒ~ƒ“ƒgƒ““ú–{ƒ‰ƒ“ƒLƒ“ƒOƒT[ƒLƒbƒgz¢ŠEƒWƒ…ƒjƒA—‰¤‚Ì¨‚¢~‚Ü‚ç‚¸I ‚Z2”N‚Ì‹{è—F‰Ô‚ªƒxƒXƒg4ioIƒ€XŒˆŸƒ_ƒCƒWƒFƒXƒg-5„,https://news.yahoo.co.jp/articles/ddb4086895b9447efe399028cf726969d835089b,5/30(‰Î) 19:39
badspi,yƒoƒhƒ~ƒ“ƒgƒ““ú–{ƒ‰ƒ“ƒLƒ“ƒOƒT[ƒLƒbƒgz3‰ñ–Ú‚Ì—DŸ‚ğ‚Ë‚ç‚¤ŒÜ\—’—D‚ª‘æ1ƒV[ƒh‚Ì“c’†—Nm‚ÉŸ—˜Iƒ€XŒˆŸƒ_ƒCƒWƒFƒXƒg-4„,https://news.yahoo.co.jp/articles/651d9c2029d0b76738bc776a81499dec8ea49e92,5/30(‰Î) 19:34
badspi,yƒoƒhƒ~ƒ“ƒgƒ““ú–{ƒ‰ƒ“ƒLƒ“ƒOƒT[ƒLƒbƒgzuÅ‰‚©‚çƒŠ[ƒh‚µ‚Ä©•ª‚½‚¿‚Ì‚¢‚¢Œ`‚ğo‚µ‚Ä‚¢‚«‚½‚¢vi‰º”_‘–jƒ¬‡ƒ_ƒuƒ‹ƒX‘IèƒRƒƒ“ƒg„,https://news.yahoo.co.jp/articles/7bd40adb2f531793f0fe5f42c3c83d91a3d7085c,5/30(‰Î) 19:29
badspi,yƒoƒhƒ~ƒ“ƒgƒ““ú–{ƒ‰ƒ“ƒLƒ“ƒOƒT[ƒLƒbƒgzuƒVƒ“ƒvƒ‹‚Éˆê”Ô‚â‚é‚×‚«‚±‚Æ‚¾‚¯‚ğl‚¦‚Ä‚¢‚Ü‚µ‚½vi–Ñ—˜–¢‰Àjƒ—qƒ_ƒuƒ‹ƒX‘IèƒRƒƒ“ƒg„,https://news.yahoo.co.jp/articles/923cb557a3020b8026101dc2338be6229182ae74,5/30(‰Î) 19:25
badspi,yƒoƒhƒ~ƒ“ƒgƒ““ú–{ƒ‰ƒ“ƒLƒ“ƒOƒT[ƒLƒbƒgzu‚¢‚¢ƒvƒŒ[‚ª‚Å‚«‚é‹Ù’£Š´‚ğ‚Á‚Äí‚¦‚Ä‚¢‚Ü‚·viÄ“cˆê÷jƒ’jqƒ_ƒuƒ‹ƒX‘IèƒRƒƒ“ƒg„,https://news.yahoo.co.jp/articles/f96c73de8353ed5185a229122019379d116ff293,5/30(‰Î) 8:44
badspi,yƒoƒhƒ~ƒ“ƒgƒ““ú–{ƒ‰ƒ“ƒLƒ“ƒOƒT[ƒLƒbƒgzu©‘R‚Æ—‚¿’…‚¢‚Äƒ‰ƒŠ[‚ª‚Å‚«‚Ä‚¢‚Ü‚·viîà‹´–¾“újƒ—qƒVƒ“ƒOƒ‹ƒX‘IèƒRƒƒ“ƒg„,https://news.yahoo.co.jp/articles/d814555bd1dd158b5f7d55bbdcf006fcb71effde,5/30(‰Î) 8:41
badspi,yƒoƒhƒ~ƒ“ƒgƒ““ú–{ƒ‰ƒ“ƒLƒ“ƒOƒT[ƒLƒbƒgz‰—DŸ‚Ö4ƒyƒA‚ª€ŒˆŸ‚ÉioI@ŒQ—YŠ„‹’‚Ì¬‡ƒ_ƒuƒ‹ƒX‚ğ§‚·‚é‚Ì‚Í!?,https://news.yahoo.co.jp/articles/79ec40ca0b02eb7d3d86d6ee9018765bab20d85f,5/30(‰Î) 8:36
badspi,yƒoƒhƒ~ƒ“ƒgƒ““ú–{ƒ‰ƒ“ƒLƒ“ƒOƒT[ƒLƒbƒgzuƒtƒ@ƒCƒiƒ‹‚ÍÅ‰‚©‚çƒMƒA‚ğã‚°‚Ä‚¢‚¯‚½‚Ì‚ª‚æ‚©‚Á‚½viŒÜ\—’—Djƒ’jqƒVƒ“ƒOƒ‹ƒX‘IèƒRƒƒ“ƒg„,https://news.yahoo.co.jp/articles/3e7c88e73afeb310c61321206703c0b2a6ec9c62,5/30(‰Î) 8:28
badspi,yƒoƒhƒ~ƒ“ƒgƒ““ú–{ƒ‰ƒ“ƒLƒ“ƒOƒT[ƒLƒbƒgz˜A”e‚ğ‚Ë‚ç‚¤‘å’|•îà‹´AB‘ã•\‚Ì•ÛŒ´•…’Ã‚ç‚ª€ŒˆŸ‚ÖI,https://news.yahoo.co.jp/articles/b3d43fe310aea08c26af139fdbd758ff009a1169,5/30(‰Î) 8:25
badspi,yƒoƒhƒ~ƒ“ƒgƒ““ú–{ƒ‰ƒ“ƒLƒ“ƒOƒT[ƒLƒbƒgz‡IÒ‚Ì’|“à•¬ì‚ªƒxƒXƒg4‚ÉioI‘ã•\¨‚ÍŒµ‚µ‚¢Œ‹‰Ê‚Éc,https://news.yahoo.co.jp/articles/d4a6618ed4ed4489cc80feb3861a35cbcda7c992,5/30(‰Î) 8:21
badspi,yƒoƒhƒ~ƒ“ƒgƒ““ú–{ƒ‰ƒ“ƒLƒ“ƒOƒT[ƒLƒbƒgzŠª‚«•Ô‚µ‚ğ‚Ë‚ç‚¤“nç³q‹M‚ªÄŠm”F‚µ‚½u•Šív‚Ìg‚¢•ûƒ‘å‰ïƒTƒCƒhƒXƒg[ƒŠ[„,https://news.yahoo.co.jp/articles/1a5d232a0d888f5efaf31671107c0698ec986995,5/30(‰Î) 8:18
badspi,yƒoƒhƒ~ƒ“ƒgƒ““ú–{ƒ‰ƒ“ƒLƒ“ƒOƒT[ƒLƒbƒgzŠª‚«•Ô‚µ‚ğ‚Ë‚ç‚¤“nç³q‹M‚ªÄŠm”F‚µ‚½u•Šív‚Ìg‚¢•ûƒ‘å‰ïƒTƒCƒhƒXƒg[ƒŠ[„,https://news.yahoo.co.jp/articles/9accd3dbdd4e53370c9d304394a898622da94149,5/29(Œ) 21:40
badspi,yƒoƒhƒ~ƒ“ƒgƒ““ú–{ƒ‰ƒ“ƒLƒ“ƒOƒT[ƒLƒbƒgzo–…‘ÎŒˆ‚Ío‚Ì‹t“]Ÿ—˜‚ÅŒˆ’…Iuˆø‘Ş‚·‚é‘O‚ÉŸ‚Á‚ÄI‚í‚è‚½‚¢v,https://news.yahoo.co.jp/articles/9d7b0b6ae42f178f43340883d9293552b6e3f24b,5/29(Œ) 21:36
badspi,yƒoƒhƒ~ƒ“ƒgƒ““ú–{ƒ‰ƒ“ƒLƒ“ƒOƒT[ƒLƒbƒgz‚Z¶ƒyƒA‚Ì´£•“¡ˆä‚ªƒxƒXƒg8“ü‚èI@¬‡ƒ_ƒuƒ‹ƒX‚Í‘æ1ƒV[ƒh‚ª”síƒ2‰ñíƒ_ƒCƒWƒFƒXƒg-2„,https://news.yahoo.co.jp/articles/4dbafdb7db42ac456b39ed67f5f502425f6e5f88,5/29(Œ) 21:31
badspi,yƒoƒhƒ~ƒ“ƒgƒ““ú–{ƒ‰ƒ“ƒLƒ“ƒOƒT[ƒLƒbƒgzu‚µ‚Á‚©‚èU‚ß‚Ä‚¢‚­‚±‚Æ‚ªA”öí•æ”y‚Æ‚Ì‹¤’Ê”F¯viÄ“cˆê÷jƒ¬‡ƒ_ƒuƒ‹ƒX‘IèƒRƒƒ“ƒg„,https://news.yahoo.co.jp/articles/bbd13b934e4ad064287538812f7c616905e4191f,5/29(Œ) 21:25
badspi,yƒoƒhƒ~ƒ“ƒgƒ““ú–{ƒ‰ƒ“ƒLƒ“ƒOƒT[ƒLƒbƒgzu©M‚ğ‚Á‚ÄA2l‚Å‹C‚¿‚ğˆê‚Â‚É‚µ‚ÄƒvƒŒ[‚µ‚Ü‚·vi‘å’|•îà‹´jƒ—qƒ_ƒuƒ‹ƒX‘IèƒRƒƒ“ƒg„,https://news.yahoo.co.jp/articles/c49d81e91d2131d5b8f6249edc4cbf5f767cd5a9,5/29(Œ) 21:22
badspi,yƒoƒhƒ~ƒ“ƒgƒ““ú–{ƒ‰ƒ“ƒLƒ“ƒOƒT[ƒLƒbƒgz—qƒVƒ“ƒOƒ‹ƒX‚ÍB‘ã•\5l‚ª€XŒˆŸ‚ÉioIƒ2‰ñíƒ_ƒCƒWƒFƒXƒg-1„,https://news.yahoo.co.jp/articles/dd38c1b0e894204fa59e7dffaf969316297779b6,5/29(Œ) 21:19
badspi,yƒoƒhƒ~ƒ“ƒgƒ““ú–{ƒ‰ƒ“ƒLƒ“ƒOƒT[ƒLƒbƒgzuƒ`ƒƒƒŒƒ“ƒWƒƒ[‚Ì‹C‚¿‚ğ‚¿‚Â‚Â‚àA—DŸ‚ğ‚ß‚´‚µ‚Äí‚Á‚Ä‚¢‚«‚½‚¢vi‹àq^‘åjƒ’jqƒ_ƒuƒ‹ƒX‘IèƒRƒƒ“ƒg„,https://news.yahoo.co.jp/articles/7b033ce91ac1e1005dc66fd49b37dd3676ee8661,5/29(Œ) 21:14
badspi,yƒoƒhƒ~ƒ“ƒgƒ““ú–{ƒ‰ƒ“ƒLƒ“ƒOƒT[ƒLƒbƒgzu”N—î‚à‘ã•\‚Ì—§ê‚àæ‚Á•¥‚Á‚ÄAƒ`ƒƒƒŒƒ“ƒW‚µ‚½‚¢viŒIŒ´‚ ‚©‚èjƒ—qƒVƒ“ƒOƒ‹ƒX‘IèƒRƒƒ“ƒg„,https://news.yahoo.co.jp/articles/61104196edfdf786b3bb6ab2ab80d0e8c193d148,5/29(Œ) 21:12
badspi,yƒoƒhƒ~ƒ“ƒgƒ““ú–{ƒ‰ƒ“ƒLƒ“ƒOƒT[ƒLƒbƒgzu‰‚ß‚Ä–{‹C‚Å—DŸ‚ğ‚Ë‚ç‚¢‚É‚¢‚Á‚Ä‚¢‚é‘å‰ïvi“c’†—Nmjƒ’jqƒVƒ“ƒOƒ‹ƒX‘IèƒRƒƒ“ƒg„,https://news.yahoo.co.jp/articles/ef5dc4111935cba8b61d3023deda44d26ae59a6c,5/29(Œ) 21:08
badspi,yƒoƒhƒ~ƒ“ƒgƒ“ ƒ}ƒŒ[ƒVƒAƒ}ƒXƒ^[ƒYz¢ŠE—‰¤ERŒûˆ©‚ª2-0‚ÌƒXƒgƒŒ[ƒgŸ—˜‚Å—DŸI,https://news.yahoo.co.jp/articles/450dd7678b5bcb5e6dc86fa4d3e6d3d30574c6ee,5/29(Œ) 21:05
badspi,‹³ˆõ‚Æ¶“k‚ÌˆÙFƒyƒAA1‰ñí“Ë”j‚È‚ç‚¸‚àu—«“¯m‚Ì‹“_‚©‚çx‚¦‚évyƒoƒhƒ~ƒ“ƒgƒ““ú–{ƒ‰ƒ“ƒLƒ“ƒOƒT[ƒLƒbƒgz,https://news.yahoo.co.jp/articles/d806317be11eac95a1122aad239d32e8f4b948f8,5/28(“ú) 16:16
badspi,yƒoƒhƒ~ƒ“ƒgƒ““ú–{ƒ‰ƒ“ƒLƒ“ƒOƒT[ƒLƒbƒgzu–¾“ú‚àŸ‚Á‚ÄA€XŒˆŸ‚Ü‚ÅŸ‚¿i‚Ş‚Ì‚ª–Ú•Wvi´£•“¡ˆäjƒ—qƒ_ƒuƒ‹ƒX‘IèƒRƒƒ“ƒg„,https://news.yahoo.co.jp/articles/6d00e3361e8739b76ab8aa2279e5b0bd22a0d605,5/28(“ú) 8:04
badspi,yƒoƒhƒ~ƒ“ƒgƒ““ú–{ƒ‰ƒ“ƒLƒ“ƒOƒT[ƒLƒbƒgzuŒü‚©‚Á‚Ä‚¢‚­‚¾‚¯‚¾‚Á‚½‚Ì‚ÅA©•ª‚½‚¿‚ªv‚¤‚æ‚¤‚ÈƒvƒŒ[‚ª‚Å‚«‚½vi’J‰ª•¼ìjƒ’jqƒ_ƒuƒ‹ƒX‘IèƒRƒƒ“ƒg„,https://news.yahoo.co.jp/articles/a19a47f8c63175f210248bd2b56a73d8cf20b9cc,5/28(“ú) 8:01
badspi,yƒoƒhƒ~ƒ“ƒgƒ““ú–{ƒ‰ƒ“ƒLƒ“ƒOƒT[ƒLƒbƒgzuğ”N•‰‚¯‚Ä‚¢‚é‘Šè‚¾‚Á‚½‚Ì‚ÅA¡”N‚Í‚È‚ñ‚Æ‚©Ÿ‚¿‚½‚©‚Á‚½vi‹{‰º—åjƒ’jqƒVƒ“ƒOƒ‹ƒX‘IèƒRƒƒ“ƒg„,https://news.yahoo.co.jp/articles/39c20e41a444beaf079fc3153d82c4eabef7839c,5/28(“ú) 7:58
badspi,yƒoƒhƒ~ƒ“ƒgƒ““ú–{ƒ‰ƒ“ƒLƒ“ƒOƒT[ƒLƒbƒgz‘å’|•îà‹´‚ª˜A”e‚ÉŒü‚¯‚ÄD”­iI@‚Z¶ƒyƒA‚ÍĞ‰ïl‘Šè‚ÉŒ’“¬Iƒ1‰ñíƒ_ƒCƒWƒFƒXƒg-2„,https://news.yahoo.co.jp/articles/e5c4f4cba3154577b6a19ffefb64149b2c4b8b8d,5/28(“ú) 7:54
badspi,yƒoƒhƒ~ƒ“ƒgƒ“@“ú–{ƒ‰ƒ“ƒLƒ“ƒOƒT[ƒLƒbƒgzuâ‘Î‚É—DŸ‚ğ‚Ë‚ç‚¤‹C‚¿‚Å—Õ‚ñ‚Å‚¢‚évi‹{è—F‰Ôjƒ—qƒVƒ“ƒOƒ‹ƒX‘IèƒRƒƒ“ƒg„,https://news.yahoo.co.jp/articles/93bd304c7e3ba550671c2c6cffc9c143cf93d036,5/28(“ú) 7:47
badspi,yƒoƒhƒ~ƒ“ƒgƒ““ú–{ƒ‰ƒ“ƒLƒ“ƒOƒT[ƒLƒbƒgzuŸ‚¿‚É‚Ç‚ñ—~‚É‚¢‚Á‚ÄA‰—DŸ‚Å‚«‚ê‚Îvi¼‘å‹Pjƒ¬‡ƒ_ƒuƒ‹ƒX‘IèƒRƒƒ“ƒg„,https://news.yahoo.co.jp/articles/3ef06b543d65884cd2554a0931d8dad39521c202,5/28(“ú) 7:43
badspi,—DŸŒó•â‚Ì“c’†—Nm‚ª‰í“Ë”jI@¢ŠEƒWƒ…ƒjƒA—‰¤‚Ì‹{è—F‰Ô‚à2‰ñí‚ÉioIyƒoƒhƒ~ƒ“ƒgƒ““ú–{ƒ‰ƒ“ƒLƒ“ƒOƒT[ƒLƒbƒgz,https://news.yahoo.co.jp/articles/9fa1ef34e667f563aa34e457472c1caa9a5df2f8,5/28(“ú) 7:07
badspi,yƒoƒhƒ~ƒ“ƒgƒ“ ƒ}ƒŒ[ƒVƒAƒ}ƒXƒ^[ƒYz¢ŠE—‰¤‚ÌRŒûˆ©‚ª2-0‚ÌƒXƒgƒŒ[ƒgŸ‚¿‚ÅŒˆŸ‚ÉioI•Û–Ø•¬—ÑA¼–{•‰iŒ´‚ÍŠØ‘ƒyƒA‚É”sí,https://news.yahoo.co.jp/articles/e4dbe75a47b8d9a497c3283b4e4c682adfb5f8b7,5/28(“ú) 7:00
badspi,yƒoƒhƒ~ƒ“ƒgƒ“ ƒ}ƒŒ[ƒVƒAƒ}ƒXƒ^[ƒYzRŒûˆ©A•Û–Ø•¬—ÑA¼–{•‰iŒ´‚ªƒxƒXƒg4ioI“Ş—Ç‰ª‚Í2ŠÔ‚ÌŒƒ“¬‚Ì––‚É‹t“]•‰‚¯I,https://news.yahoo.co.jp/articles/f57f8d3c54095665d0af5bd021fb102a7dc41b86,5/27(“y) 7:50
badspi,yƒoƒhƒ~ƒ“ƒgƒ“@ƒ}ƒŒ[ƒVƒAƒ}ƒXƒ^[ƒYz“Ş—Ç‰ªŒ÷‘åA¼–{Œ‘¾‚ç‚ªƒxƒXƒg8“ü‚èI@RŒûˆ©‚àƒfƒ“ƒ}[ƒN‘Iè‚ğ”j‚è2‰ñí‚ğ“Ë”jI,https://news.yahoo.co.jp/articles/74466c7ab4a3b43d4604bcdcd53657ad6434a958,5/26(‹à) 8:21
badspi,yƒoƒhƒ~ƒ“ƒgƒ“ÅV¢ŠEƒ‰ƒ“ƒLƒ“ƒOzƒ^ƒC‚ÌƒG[ƒXEƒNƒ“ƒ‰ƒrƒbƒg‚ª4ƒ‰ƒ“ƒNƒAƒbƒvI@RŒûˆ©‚ÍñˆÊ‚ğƒL[ƒvIƒƒVƒ“ƒOƒ‹ƒX„,https://news.yahoo.co.jp/articles/f1d8091020a804e23b978c293c6b828983e3f791,5/25(–Ø) 12:23
badspi,yƒoƒhƒ~ƒ“ƒgƒ“ ƒ}ƒŒ[ƒVƒAƒ}ƒXƒ^[ƒYzu“c/¼RA‹àq/¼—F‚ç‚ª2‰ñí‚ÉioI,https://news.yahoo.co.jp/articles/578c74bd600658fec6ff4e1699da1c33fb14a956,5/25(–Ø) 8:41
badspi,yƒoƒhƒ~ƒ“ƒgƒ“ ƒ}ƒŒ[ƒVƒAƒ}ƒXƒ^[ƒYzƒXƒfƒBƒ‹ƒ}ƒ“”toê‚Ì•Û–Ø^¬—ÑA•Ÿ“‡^œA“c‚ç‚ª‰í‚ğ“Ë”jI,https://news.yahoo.co.jp/articles/ac3758d6376f013ba6bd8c0d09c81f5f71e1de16,5/24(…) 8:09
badspi,yƒoƒhƒ~ƒ“ƒgƒ“ ƒXƒfƒBƒ‹ƒ}ƒ“ƒJƒbƒvz’nŒ³’†‘‚ªƒ‰ƒCƒoƒ‹‚ÌŠØ‘‚ğ3-0‚ÅŒ‚”jI3‘å‰ï˜A‘±V‚ğ’B¬I,https://news.yahoo.co.jp/articles/ab7944ad4ae6b958b91fed0e31805cebd24076ff,5/21(“ú) 21:25
badspi,yƒoƒhƒ~ƒ“ƒgƒ“ ƒXƒfƒBƒ‹ƒ}ƒ“ƒJƒbƒvzŒˆŸ–Ú‘O‚É”—‚Á‚½“ú–{‚ª’†‘‚Éˆ«–²‚Ì‹t“]•‰‚¯BƒxƒXƒg4‚ÅI–‹,https://news.yahoo.co.jp/articles/e54d9669549f2201677e7fde7d91b21e39c8b7b6,5/21(“ú) 6:06
badspi,yƒoƒhƒ~ƒ“ƒgƒ“ ƒXƒfƒBƒ‹ƒ}ƒ“ƒJƒbƒvz’†‘‚ÍƒCƒ“ƒhƒlƒVƒA‚É3-0‚ÅŸ—˜I@ŠØ‘Aƒ}ƒŒ[ƒVƒA‚àƒxƒXƒg4“ü‚èI,https://news.yahoo.co.jp/articles/4cd599d9512502fc9a1dad2a4ca81849df2d7ace,5/20(“y) 9:34
badspi,yƒoƒhƒ~ƒ“ƒgƒ“@ƒXƒfƒBƒ‹ƒ}ƒ“ƒJƒbƒvz“ú–{‚ª‹­‹ƒ^ƒC‚ğ‹t“]‚ÅŒ‚”jI@5‘å‰ï˜A‘±ƒxƒXƒg4io‚ğŒˆ‚ß‚éI,https://news.yahoo.co.jp/articles/83ebaf2efb4186921eeb59180e206f00a0093c58,5/19(‹à) 19:25
badspi,yƒoƒhƒ~ƒ“ƒgƒ“ ƒXƒfƒBƒ‹ƒ}ƒ“ƒJƒbƒvz’†‘Aƒ^ƒC‚ª1ˆÊ’Ê‰ßI€XŒˆŸ‚Å“ú–{‚Íƒ^ƒC‚Æ‚Ì‘Îí‚ªŒˆ’èI,https://news.yahoo.co.jp/articles/8896f9fe0d25b981026b6c86202de5fe53719e03,5/19(‹à) 7:45
badspi,yƒoƒhƒ~ƒ“ƒgƒ“ ƒXƒfƒBƒ‹ƒ}ƒ“ƒJƒbƒvzu‚à‚¤ˆê‰ñƒ`ƒƒƒ“ƒX‚ª‚ ‚é‚Ì‚ÅØ‚è‘Ö‚¦‚Ä‚¢‚«‚½‚¢viRŒûj,https://news.yahoo.co.jp/articles/bacad65f933bfac084f481bd71acbcd66ca9e503,5/18(–Ø) 8:22
badspi,yƒoƒhƒ~ƒ“ƒgƒ“ ƒXƒfƒBƒ‹ƒ}ƒ“ƒJƒbƒvzƒ}ƒŒ[ƒVƒA‚ª‘ä˜p‚ğ‰º‚µ‚Äg€‚ÌƒOƒ‹[ƒvh‚ğñˆÊ’Ê‰ßI,https://news.yahoo.co.jp/articles/4f5e235a0faf3fdd015887c2de2731fd6965e667,5/18(–Ø) 8:18
badspi,yƒoƒhƒ~ƒ“ƒgƒ“ ƒXƒfƒBƒ‹ƒ}ƒ“ƒJƒbƒvz“ú–{‚Íƒ‰ƒCƒoƒ‹‚ÌŠØ‘‚É0-5‚ÅŠ®”sBƒŠ[ƒO2ˆÊ‚Å€XŒˆŸ‚ÉioB,https://news.yahoo.co.jp/articles/139d6a8e22e3cbd0d08ba9b3bf32274048ffb2a0,5/18(–Ø) 8:14
badspi,yƒoƒhƒ~ƒ“ƒgƒ“ ƒXƒfƒBƒ‹ƒ}ƒ“ƒJƒbƒvz’†‘AƒCƒ“ƒhƒlƒVƒA‚ª2˜AŸI@ŒˆŸƒg[ƒiƒƒ“ƒgioƒ`[ƒ€‚ªŒˆ’èI,https://news.yahoo.co.jp/articles/f36ec42ac71190af6d65f190d375fa73e3417dd4,5/17(…) 21:01
badspi,ƒCƒ“ƒhƒlƒVƒA‚ª5-0‚ÅƒJƒiƒ_‚É‰õŸI@‘ä˜pAƒ}ƒŒ[ƒVƒA‚ç‚à2Ÿ–Ú‚ğŠl“¾Iyƒoƒhƒ~ƒ“ƒgƒ“ƒXƒfƒBƒ‹ƒ}ƒ“ƒJƒbƒvz,https://news.yahoo.co.jp/articles/3358fb19098f0e947fe0bc1f0a0742699d332652,5/16(‰Î) 7:00
badspi,“ú–{‚Íƒtƒ‰ƒ“ƒX‚É4-1‚ÅŸ—˜I@ƒŠ[ƒO2˜AŸ‚ÅŒˆŸƒg[ƒiƒƒ“ƒgio‚ªŒˆ’èI@yƒoƒhƒ~ƒ“ƒgƒ“ƒXƒfƒBƒ‹ƒ}ƒ“ƒJƒbƒvz,https://news.yahoo.co.jp/articles/602eb331c13d78081216fd7f887153b438211347,5/16(‰Î) 5:45
badspi,yƒoƒhƒ~ƒ“ƒgƒ“ ƒXƒfƒBƒ‹ƒ}ƒ“ƒJƒbƒvz’†‘Aƒfƒ“ƒ}[ƒNA‘ä˜p‚ç‚ª‰í‚ğ”’¯”­iI,https://news.yahoo.co.jp/articles/42d6b6047ad122db6b9bcdc60f6b3d18bb959d92,5/15(Œ) 7:55
badspi,yƒoƒhƒ~ƒ“ƒgƒ“ ƒXƒfƒBƒ‹ƒ}ƒ“ƒJƒbƒvz‘æ2ƒV[ƒh‚Ì“ú–{‚ªƒCƒ“ƒOƒ‰ƒ“ƒh‚É5-0‚ÅŸ—˜I,https://news.yahoo.co.jp/articles/0b487e9a70b59eb7cfbd233bba799f25ae9a887f,5/15(Œ) 7:52
badspi,–³“GE—´’J‘åAtH’Ê‚¶‚Ä22˜A”eyŠÖ¼Šw¶ƒoƒhƒ~ƒ“ƒgƒ“t‹GƒŠ[ƒOzƒ—q„,https://news.yahoo.co.jp/articles/382cf6a1b5c2460e3b8493777920a0415c5fc032,5/14(“ú) 20:11
badspi,ŠÖ¼Šw‰@‘å‚ª5”N‚Ô‚è‚É‰¤À’DŠÒyŠÖ¼Šw¶t‹GƒŠ[ƒOzƒ’jq„,https://news.yahoo.co.jp/articles/e3ab62a9bb0cc5fa276e56e8954f27c62b74340c,5/14(“ú) 20:01
badspi,yƒXƒfƒBƒ‹ƒ}ƒ“”t2023zuÓ”C‚ğ”w•‰‚¢‚·‚¬‚¸A‚Ç‚ê‚¾‚¯•’i‚ÌƒvƒŒ[‚ª‚Å‚«‚é‚©‚Ç‚¤‚©viRŒûjƒƒoƒhƒ~ƒ“ƒgƒ““ú–{‘ã•\‚ÌˆÓ‹C‚İ„,https://news.yahoo.co.jp/articles/fb8ef7f048da0e0711fee525c660f3ed1b53b3c1,5/14(“ú) 19:48
badspi,yƒoƒhƒ~ƒ“ƒgƒ“ ƒNƒC[ƒ“ƒYƒT[ƒLƒbƒgzŠÛ™‚ª‚Ó‚½‚Î–¢—ˆŠw‰€‚‚É‹t“]Ÿ—˜‚ğü‚è—DŸI,https://news.yahoo.co.jp/articles/6dac1efdad82b2c8e4254e950fbd7f7104744701,5/7(“ú) 19:22
badspi,yŠÖ“Œ‘åŠwƒoƒhƒ~ƒ“ƒgƒ“ƒŠ[ƒOz’}”g‘å‚ª‘SŸ‚ÅtƒŠ[ƒO‚ğ§‚·Iƒ—qÅI“ú„,https://news.yahoo.co.jp/articles/1dd3b43d58adff48cbe7bcf2d7cf3047d99dca25,5/5(‹à) 8:55
badspi,yŠÖ“Œ‘åŠwƒoƒhƒ~ƒ“ƒgƒ“ƒŠ[ƒOz“ú–{‘å‚ª•‰‚¯‚È‚µ‚Ì5˜AŸ‚ÅtƒŠ[ƒO‚ğ§”eIƒ’jqÅI“ú„,https://news.yahoo.co.jp/articles/af253cd17722341f1f61234624e107e10d240981,5/5(‹à) 7:15
