media_en,media_jp,title_articles,date_original
elleonline,ELLE DIGITAL,アリアナ・グランデ、ミュージカル女優への転身を計画か　映画『ウィキッド』で「昔の私に再び繋がった」,11/8(金) 21:50
elleonline,ELLE DIGITAL,リリー・コリンズ、『エミリー、パリへ行く』のスピンオフの願望を語る,11/8(金) 21:30
elleonline,ELLE DIGITAL,【演説全文訳】カマラ・ハリス、米大統領選の敗北後に発した希望のメッセージ「絶対にあきらめないで」,11/8(金) 21:20
elleonline,ELLE DIGITAL,『リトル・マーメイド』のハリー・ベイリー、無断で息子をSNSに出した元パートナーに激怒,11/8(金) 21:02
elleonline,ELLE DIGITAL,ドナルド・トランプ次期大統領の愛娘イヴァンカ・トランプ、政権復帰の予定なし　関係者が語る,11/8(金) 20:40
elleonline,ELLE DIGITAL,キャサリン皇太子妃の元ルームメイト、秘蔵写真を公開,11/8(金) 20:20
elleonline,ELLE DIGITAL,ヘイリー・ビーバー、ケンダル・ジェンナーらが大統領選の結果にコメント「重罪犯を支持するなんて正気の沙汰じゃない」,11/8(金) 20:01
elleonline,ELLE DIGITAL,トランプ前大統領の再選、ヘンリー王子＆メーガン妃の今後にどう影響？,11/8(金) 19:00
elleonline,ELLE DIGITAL,ハイディ・クルム、「露出しすぎ」の声に反論　母娘3代のランジェリーCMも批判の的に,11/7(木) 21:20
elleonline,ELLE DIGITAL,ナタリー・ポートマン、元夫の新恋報道には「驚かない」,11/7(木) 21:02
elleonline,ELLE DIGITAL,韓国・ソウルの注目スイーツはここで！ 噂のパティスリー4選,11/7(木) 20:50
elleonline,ELLE DIGITAL,キャサリン皇太子妃の容態についてウィリアム皇太子が語る　今後の公務はインパクト重視か,11/7(木) 20:40
elleonline,ELLE DIGITAL,芸術の秋に行きたい、アート&デザインの展覧会10,11/7(木) 20:40
elleonline,ELLE DIGITAL,元モデルで身長180cm！ メラニア・トランプ元大統領夫人の歴代ベストファッション集,11/7(木) 20:20
elleonline,ELLE DIGITAL,ディディ、拘置所で迎えた誕生日を子どもたちが電話で祝福　お祝いメニューは「パスタとチャーハン」,11/7(木) 20:01
elleonline,ELLE DIGITAL,ドナルド・トランプ前大統領が当選確実　メラニア夫人＆愛娘イヴァンカも勝利宣言を見守る,11/7(木) 19:01
elleonline,ELLE DIGITAL,ウィリアム皇太子、子どもたちからフレンドシップブレスレットを贈られる　南アフリカ訪問中に披露,11/6(水) 21:01
elleonline,ELLE DIGITAL,いも・栗・かぼちゃ！ 2024年の秋限定スイーツ 10選,11/6(水) 20:50
elleonline,ELLE DIGITAL,ジジ・ハディッド、愛娘とディズニーランドへ　SNSでプライベートショットを披露,11/6(水) 20:40
elleonline,ELLE DIGITAL,イーロン・マスクと元恋人のグライムス、一緒に暮らす家を探す　現パートナーも加えた共同生活を計画中,11/6(水) 20:20
elleonline,ELLE DIGITAL,ベン・アフレック、元妻ジェニファー・ロペスを賞賛「素晴らしい演技」,11/6(水) 20:01
elleonline,ELLE DIGITAL,カミラ王妃、呼吸器系の感染症で公務を離れる　今週末の式典にはキャサリン皇太子妃と出席か,11/6(水) 19:02
elleonline,ELLE DIGITAL,スペインのフェリペ国王とレティシア王妃が洪水の被災地を訪問　住民から泥を投げつけられる,11/5(火) 21:40
elleonline,ELLE DIGITAL,アリアナ・グランデ、姓を変える　疎遠だった父の姓ブテラを加えて『ウィキッド』に出演,11/5(火) 21:20
elleonline,ELLE DIGITAL,チャールズ国王、アンドルー王子への経済支援を打ち切る　警備費用の支払いも停止,11/5(火) 21:01
elleonline,ELLE DIGITAL,SNSで話題のイワシダイエットは安全？ 専門家が解説,11/5(火) 20:50
elleonline,ELLE DIGITAL,『トップガン マーヴェリック』のジェニファー・コネリー、ニューヨークマラソンを完走　夫ポール・ベタニーと愛娘が祝福,11/5(火) 20:40
elleonline,ELLE DIGITAL,ビアンカ・センソリ、カニエ・ウェストと東京のマクドナルドに出没　寒さに負けず高露出ファッションを披露,11/5(火) 20:20
elleonline,ELLE DIGITAL,マーゴット・ロビーがママに！　息子を出産したことが明らかに,11/5(火) 20:02
elleonline,ELLE DIGITAL,クロエ・グレース・モレッツ、ゲイであることをカミングアウト,11/5(火) 19:01
elleonline,ELLE DIGITAL,スイーツや紅茶でカウントダウン！ センスが光るアドベントカレンダー10選,11/4(月) 20:50
elleonline,ELLE DIGITAL,まるで双子！ 英国王室メンバー＆セレブ界のそっくりさんを比較,11/4(月) 20:40
elleonline,ELLE DIGITAL,台湾の注目エリアは桃園！ 今行くべき新オープン施設 3選,11/4(月) 20:40
elleonline,ELLE DIGITAL,ダイアナ元妃譲りの美形ぞろい！　華麗なる“スペンサー家三姉妹”を深堀り！,11/4(月) 20:20
elleonline,ELLE DIGITAL,永遠のファッションアイコン、キャロリン・ベセット＝ケネディの比類なき美とスタイル,11/4(月) 20:01
elleonline,ELLE DIGITAL,栄光の陰で。世間を騒がせたアメリカ歴代大統領のドラ息子&ドラ娘たち,11/3(日) 21:02
elleonline,ELLE DIGITAL,最高のイタリアンを味わうならここ！ シェフのセンスが光る4軒,11/3(日) 20:50
elleonline,ELLE DIGITAL,美しさはママ譲り　スペイン王室レオノール王女＆ソフィア王女姉妹の美貌遍歴,11/3(日) 20:40
elleonline,ELLE DIGITAL,プロが指南！部屋をチープに見せるかもしれない、NGインテリア10,11/3(日) 20:40
elleonline,ELLE DIGITAL,カマラ・ハリスのファッションに見る、新時代の女性リーダー像,11/3(日) 20:20
elleonline,ELLE DIGITAL,ニットは水洗いできる？ 毛玉ケアや洗濯頻度は？ プロが教えるニットのお手入れ方法12,11/3(日) 20:02
elleonline,ELLE DIGITAL,今年も関係修復は難しい？ ウィリアム皇太子vsヘンリー王子の確執タイムライン,11/2(土) 21:40
elleonline,ELLE DIGITAL,ラブコールが止まらない！ aespaの中国人メンバー、ニンニンのヘア＆メイク遍歴,11/2(土) 21:20
elleonline,ELLE DIGITAL,因縁深すぎる…ダイアナ妃の実家がウィリアム派とヘンリー派に分裂か？,11/2(土) 21:02
elleonline,ELLE DIGITAL,週末はご褒美モーニングへ！ 東京のおいしい朝ごはんスポット 5,11/2(土) 20:50
elleonline,ELLE DIGITAL,【3大デニムトレンド】人気は継続中！ 買って損ナシ2024秋冬トレンドデニム,11/2(土) 20:40
elleonline,ELLE DIGITAL,建築＆デザイン好きなら訪れたい！ 鎌倉のおすすめスポット5,11/2(土) 20:40
elleonline,ELLE DIGITAL,最旬ヘアバンド・アレンジ！ 実用的かつトレンドのアレンジヘアに挑戦,11/2(土) 20:20
elleonline,ELLE DIGITAL,祝24歳！ aespaの日本人メンバー、ジゼルの着用ファッションをパパラッチ,11/2(土) 20:02
elleonline,ELLE DIGITAL,ニューヨーカーの特権！ NY市内の人気美術館が投票所に,11/1(金) 21:20
elleonline,ELLE DIGITAL,キム・カーダシアンの長男、YouTubeチャンネルを削除される　ハリス大統領候補の中傷動画が原因か,11/1(金) 21:01
elleonline,ELLE DIGITAL,「ゴシップガール」のチャックことエド・ウェストウィックがもうすぐパパに　今年8月に結婚,11/1(金) 20:40
elleonline,ELLE DIGITAL,ヘンリー王子、NATOの会議にオンラインで出席　背後の棚にはメーガン妃との結婚式の額入り写真が,11/1(金) 20:20
elleonline,ELLE DIGITAL,セレーナ・ゴメス、トランプ陣営の差別発言「プエルトリコはゴミの島」を批判,11/1(金) 20:01
elleonline,ELLE DIGITAL,バラク・オバマ元大統領、姓を変えて活動中の長女について語る　マリア・アンの名前で監督デビュー,11/1(金) 19:01
elleonline,ELLE DIGITAL,『エミリー、パリへ行く』シーズン5、ガブリエル役は降板を検討？,10/31(木) 21:40
elleonline,ELLE DIGITAL,ニーナ・ドブレフ、スノーボード選手のショーン・ホワイトと婚約　交際5年でゴールイン,10/31(木) 21:20
elleonline,ELLE DIGITAL,【祝・誕生日】日韓ミックスでマルチリンガル！ aespaジゼルのビジュアル遍歴,10/31(木) 21:02
elleonline,ELLE DIGITAL,おいしくてユニークなスタイルのモンブラン おすすめ 10選,10/31(木) 20:50
elleonline,ELLE DIGITAL,リアーナ、愛息子2人と新キャンペーンに登場　お揃いのパジャマ姿を披露,10/31(木) 20:40
elleonline,ELLE DIGITAL,ホアキン・フェニックス、『ダークナイト』のジョーカー役をオファーされていたことを明かす,10/31(木) 20:20
elleonline,ELLE DIGITAL,チャニング・テイタムの元妻ジェナ・ディーワンの婚約者が謎の投稿　ゾーイ・クラヴィッツとの破局を嘲笑か,10/31(木) 20:00
elleonline,ELLE DIGITAL,メーガン妃、元共演者が「SUITS/スーツ」の未公開写真を披露　キャストたちとの関係回復を狙う？,10/31(木) 19:00
elleonline,ELLE DIGITAL,ウィリアム皇太子、ダイアナ元妃との秘蔵写真を公開　シェルター訪問時の思い出を振り返る,10/30(水) 21:01
elleonline,ELLE DIGITAL,キッチンがおしゃれに見える6つの方法,10/30(水) 20:50
elleonline,ELLE DIGITAL,ディディ、寝室に隠しカメラをつけていた　女性ゲストは体重計に乗せて判定「贅肉とセルライトはNG」,10/30(水) 20:40
elleonline,ELLE DIGITAL,便秘気味の人へ！ すぐに試したくなる手軽なケア方法 12,10/30(水) 20:40
elleonline,ELLE DIGITAL,ショーン・メンデス、ゲイの噂について言及「今も自分のセクシャリティを探っている」,10/30(水) 20:20
elleonline,ELLE DIGITAL,ジゼル・ブンチェンが新恋人ジョアキム・ヴァレンテとの子どもを妊娠　自宅での出産を計画中,10/30(水) 20:01
elleonline,ELLE DIGITAL,ジョニー・デップ、ハリウッド映画にカムバック　泥沼訴訟中も味方だったペネロペ・クルスと4度目の共演,10/30(水) 19:01
elleonline,ELLE DIGITAL,祝29歳！NCT 127の日本人メンバーYUTAの最新ファッションを追っかけ,10/29(火) 21:01
elleonline,ELLE DIGITAL,シアーシャ・ローナン、女性が暴力の恐怖に晒されていることを指摘　「携帯を武器にする」ことを冗談にした男性セレブたちを黙らせる,10/29(火) 21:01
elleonline,ELLE DIGITAL,チーズは冷凍可能？ チーズの冷凍保存について知っておくべきこと,10/29(火) 20:50
elleonline,ELLE DIGITAL,ヒュー・ジャックマンの元妻デボラ・リー・ファーネス、夫と共演者の浮気を疑っていた,10/29(火) 20:40
elleonline,ELLE DIGITAL,インテリアや建築も魅力！ プライベートサウナ付きのおしゃれ宿 3,10/29(火) 20:40
elleonline,ELLE DIGITAL,ジェームズ・フランコ、性的虐待疑惑で友情崩壊　20年来の親友セス・ローゲンから絶交されたことを語る,10/29(火) 20:20
elleonline,ELLE DIGITAL,ウィリアム皇太子、カミラ王妃の息子が苦手　チャールズ国王のクリスマスランチでの同席を拒否か,10/29(火) 20:02
elleonline,ELLE DIGITAL,アンジェリーナ・ジョリー、子どもたちが俳優デビューする可能性を否定「彼らは恥ずかしがり屋」,10/29(火) 19:01
elleonline,ELLE DIGITAL,“踊る宝石“！ Stray Kids リノのヘア＆メイク総まとめ【祝26歳】,10/28(月) 21:40
elleonline,ELLE DIGITAL,恋多きモテ女 BLACKPINK ジェニーの色気たっぷりな最新ヘア＆メイク,10/28(月) 21:20
elleonline,ELLE DIGITAL,アデル、公演中に観客席のセリーヌ・ディオンと再会　号泣しながらハグ,10/28(月) 21:02
elleonline,ELLE DIGITAL,夕方から焼き立てのパンが楽しめる！ 豪徳寺「ブラン ア トウキョウ」が打ち出す「夜パン」,10/28(月) 20:50
elleonline,ELLE DIGITAL,ウィリアム皇太子、ヘンリー王子に言及　ダイアナ元妃とホームレスのシェルターを訪れたときのことを語る,10/28(月) 20:40
elleonline,ELLE DIGITAL,「アン・ハサウェイは私を召使のように扱った」セレブ御用達のヘアスタイリストが暴露,10/28(月) 20:20
elleonline,ELLE DIGITAL,ティモシー・シャラメそっくりさんコンテストが開催、本人が人混みの中にサプライズ登場する,10/28(月) 20:01
elleonline,ELLE DIGITAL,熟年カップル誕生なるか　リーアム・ニーソン、パメラ・アンダーソンへの愛を激白,10/28(月) 19:01
elleonline,ELLE DIGITAL,上質な肌にはお金が必要!?　美しく輝く“超エクスペンシブ肌”とは,10/27(日) 21:02
elleonline,ELLE DIGITAL,どれくらい危険なの？ 果物と野菜を洗わずに食べるのことの真実,10/27(日) 20:50
elleonline,ELLE DIGITAL,迷える30代を救う！ 悩んだとき、立ち止まったときに見るべき映画4選,10/27(日) 20:41
elleonline,ELLE DIGITAL,片付けのプロが絶対に買わない収納用品 10,10/27(日) 20:40
elleonline,ELLE DIGITAL,世界を夢中にさせた、90年代イケメンハリウッドスターたちの今＆昔を比較,10/27(日) 20:20
elleonline,ELLE DIGITAL,早期決断が鍵！？　妊娠中に別れたセレブ達の事情。カーディ・Bとオフセットも。,10/27(日) 20:01
elleonline,ELLE DIGITAL,「ウルフカット」に初トライするなら？ 最旬ヘアと成功の秘訣を伝授,10/26(土) 21:40
elleonline,ELLE DIGITAL,カマラ・ハリスの継娘がおしゃれと話題！ 新世代アイコン、エラ・エムホフのファッションスタイル集,10/26(土) 21:20
elleonline,ELLE DIGITAL,脱「部屋着」！ スウェットをおしゃれに着こなす3つのルール,10/26(土) 21:01
elleonline,ELLE DIGITAL,三軒茶屋の横エリア「ヨコチャ」を1日満喫！ 注目のグルメスポット3選,10/26(土) 20:50
elleonline,ELLE DIGITAL,アメリカNo.1セレブ、カーダシアン＆ジェンナー家の最新家系図,10/26(土) 20:40
elleonline,ELLE DIGITAL,イェことカニエの近況が騒がしい！ ビアンカ・センソリ離婚説、東京移住の噂、ディディ関係や訴訟問題を探る,10/26(土) 20:20
elleonline,ELLE DIGITAL,「ロングブーツ」が名脇役！ パリジェンヌ流、秋の大人コーデ,10/26(土) 20:02
elleonline,ELLE DIGITAL,ヒュー・ジャックマン、新恋人との関係を公に？　交際が囁かれる女優のサットン・フォスターが離婚を申請,10/25(金) 20:40
elleonline,ELLE DIGITAL,エヴァ・ロンゴリア、キアヌ・リーブズを救う　9億円を出資して『ジョン・ウィック』の撮影中止を阻止,10/25(金) 20:21
elleonline,ELLE DIGITAL,ビヨンセ、ハリス大統領候補の選挙集会に出演決定　オバマ元大統領はエミネムのラップを披露,10/25(金) 20:01
elleonline,ELLE DIGITAL,ジェニファー・ローレンスが第2子妊娠発表後初めてレッドカーペットに　プレママ姿を披露する,10/25(金) 19:01
elleonline,ELLE DIGITAL,ノルウェーのメッテ＝マリット王太子妃、病気のため公務を休む　長男の暴行騒ぎも未だ解決せず,10/24(木) 21:02
elleonline,ELLE DIGITAL,パンマニアが夢中の「ロブロ」とは？ 注目の3軒をリポート,10/24(木) 20:50
elleonline,ELLE DIGITAL,テイラー・スウィフトの恋人の兄、コンサート中に居眠り　証拠写真が拡散するも「寝ていない」と主張,10/24(木) 20:40
elleonline,ELLE DIGITAL,クリスマスを彩る「イケア」のインテリア小物＆家具 15,10/24(木) 20:40
elleonline,ELLE DIGITAL,ヘイリー・ビーバー、友人たちとピラティスへ　変わらぬボディを披露,10/24(木) 20:20
elleonline,ELLE DIGITAL,乳房を切除したオリヴィア・マン、キム・カーダシアンの乳がん啓発キャンペーンに出演　手術痕を公開「傷痕はすべて闘いの証拠」,10/24(木) 20:00
elleonline,ELLE DIGITAL,ジェニファー・ロペスの元夫、「離婚はディディのせい」と非難,10/24(木) 19:00
elleonline,ELLE DIGITAL,ノース・ウェスト、母キムの誕生日にダイヤのネックレスを贈る　刻印された妙な言葉にキム当惑,10/23(水) 21:02
elleonline,ELLE DIGITAL,体に悪いって本当？ 低カロリー甘味料「キシリトール」について知っておきたいこと,10/23(水) 20:50
elleonline,ELLE DIGITAL,メーガン妃、ユニクロを入手　親友クレア・ワイト・ケラーとの関係を語る,10/23(水) 20:40
elleonline,ELLE DIGITAL,マドンナ、ビリー・アイリッシュのコンサートへ　バックステージでの写真を披露,10/23(水) 20:20
elleonline,ELLE DIGITAL,グウィネス・パルトロウ、ティモシー・シャラメとのキスへの夫の反応は？　ファンの質問にのろけで答える,10/23(水) 20:02
elleonline,ELLE DIGITAL,ディディの子どもたちが声明を発表「父を応援する」　あるプロスポーツ選手から性的暴行を止められていたことも発覚,10/23(水) 19:00
elleonline,ELLE DIGITAL,チャールズ国王、訪問中のオーストラリアで議員の抗議を受ける「あなたは私の王ではない」,10/22(火) 21:01
elleonline,ELLE DIGITAL,今年の見どころは？「世田谷パン祭り2024」が開催,10/22(火) 20:50
elleonline,ELLE DIGITAL,テイラー・スウィフトの元恋人ジョー・アルウィン、第2のハリー・スタイルズに？　ケンダル・ジェンナーと急接近,10/22(火) 20:40
elleonline,ELLE DIGITAL,新作85作品から厳選！ 「大地の芸術祭 越後妻有アートトリエンナーレ2024」の注目作品 10,10/22(火) 20:40
elleonline,ELLE DIGITAL,ヴィクトリアズ・シークレットのショー初の日本人モデル、「やる気がない」という中傷に見事反撃,10/22(火) 20:20
elleonline,ELLE DIGITAL,ディディ、13歳の少女に性的暴行を働いたとして提訴される　セレブ2人が共犯,10/22(火) 20:02
elleonline,ELLE DIGITAL,リアム・ペイン、転落時に摂取していた薬物が判明　ジャスティン・ビーバーも追悼,10/22(火) 19:01
elleonline,ELLE DIGITAL,ジャスティン・ビーバー、ラッパーのドン・トリヴァーのステージにサプライズ登場　ヘイリー・ビーバーも応援に,10/21(月) 21:01
elleonline,ELLE DIGITAL,クッキー缶が大人気！ 名古屋の「カフェタナカ」が日本橋三越本店にオープン,10/21(月) 20:50
elleonline,ELLE DIGITAL,アンジェリーナ・ジョリー、新恋人と噂される社会活動家をプレミアに招く,10/21(月) 20:40
elleonline,ELLE DIGITAL,ジェニファー・ローレンスが第2子を妊娠,10/21(月) 20:20
elleonline,ELLE DIGITAL,デザイナーのヴェラ・ウォン、美の秘密は8時間睡眠「75歳がどう感じるべきなのか、わからない」,10/21(月) 20:02
elleonline,ELLE DIGITAL,リアム・ペイン、ホテル従業員から薬物を入手か　転落数時間前にコールガールたちとパーティーしていた,10/21(月) 19:01
elleonline,ELLE DIGITAL,ヘンリー王子とアメリカ大統領選挙のゆくえ。王室の伝統は？ メーガン夫人の影響は？,10/20(日) 21:40
elleonline,ELLE DIGITAL,イメチェンに成功した海外セレブの最旬ヘアスタイル3,10/20(日) 21:20
elleonline,ELLE DIGITAL,今季のトレンドは？ 秋におすすめのボブヘアTOP3,10/20(日) 21:00
elleonline,ELLE DIGITAL,スイーツと食のプロが厳選！ おいしい鉄板手土産5選,10/20(日) 20:50
elleonline,ELLE DIGITAL,未来のベルギー女王。美しすぎるプリンセス、エリザベート王女の最新スナップ,10/20(日) 20:40
elleonline,ELLE DIGITAL,ルイ王子の持っている絵本は155万円！ 知る人ぞ知る、イギリス王室メンバーのエピソード集,10/20(日) 20:20
elleonline,ELLE DIGITAL,バッグはデコるが勝ち！「バッグチャーム」トレンドがストリートを席巻中,10/20(日) 20:00
elleonline,ELLE DIGITAL,BLACKPINKリサも参加！ 「ヴィクトリアズ・シークレット」2024のアフターパーティー、豪華セレブのドレスアップ集,10/20(日) 19:26
elleonline,ELLE DIGITAL,才色兼備さが光る“未来の女王”、ベルギー王室エリザベート王女ってどんな人物？,10/19(土) 21:40
elleonline,ELLE DIGITAL,「涙の女王」主演！ エレガントに変身を遂げたキム・ジウォンの美貌遍歴,10/19(土) 21:20
elleonline,ELLE DIGITAL,【新情報を総まとめ】米大物ラッパー、ディディとグルなセレブは誰？,10/19(土) 21:02
elleonline,ELLE DIGITAL,寿司はヘルシーなの？ メリットとリスクを栄養士が解説,10/19(土) 20:50
elleonline,ELLE DIGITAL,秋はトレンチコートの出番！ パリジェンヌ流最旬トレンチコーデ,10/19(土) 20:41
elleonline,ELLE DIGITAL,日光で巡りたい、美しい新旧名建築 5,10/19(土) 20:40
elleonline,ELLE DIGITAL,秋冬ネイルはヌード＆ミルキーで！ 温もりのあるベージュからエスプレッソ色まで,10/19(土) 20:20
elleonline,ELLE DIGITAL,『ジョーカー：フォリ・ア・ドゥ』衝撃の結末を、ホアキン＆監督が説く【ネタバレあり】,10/19(土) 20:01
elleonline,ELLE DIGITAL,グウィネス・パルトロウが愛娘アップルの推し、ティモシー・シャラメとキス　5年ぶりに映画に本格出演,10/18(金) 21:20
elleonline,ELLE DIGITAL,セレーナ・ゴメス、自分のベッドルームで眠れない理由を明かす「暗かった時代を連想してしまう」,10/18(金) 21:01
elleonline,ELLE DIGITAL,ダイアナ元妃の姪、レディ・キティ・スペンサーが元妃ゆかりの慈善イベントへ　ウィリアム皇太子と同席,10/18(金) 20:40
elleonline,ELLE DIGITAL,ヘンリー王子、サーフィンの腕前を披露する　メーガン妃がレッスンをプレゼント,10/18(金) 20:20
elleonline,ELLE DIGITAL,転落死のリアム・ペイン、遺族が声明を発表,10/18(金) 20:02
elleonline,ELLE DIGITAL,リアム・ペインの死因が判明　部屋には白い粉とアルミホイル、画面の割れたテレビが残されていた,10/18(金) 19:00
elleonline,ELLE DIGITAL,ロメオ・ベッカム、有名フォトグラファーの娘との交際を認める　新ネポベイビーカップル誕生,10/17(木) 21:40
elleonline,ELLE DIGITAL,スペインのレオノール王女、建国記念日のレセプションに出席　ゲストに気が付かれない事態が発生,10/17(木) 21:20
elleonline,ELLE DIGITAL,本日笑顔で除隊！ カリスマダンス隊長、防弾少年団BTS J-HOPEの美貌ヒストリー,10/17(木) 21:02
elleonline,ELLE DIGITAL,東京駅構内の新スイーツエリアがアツい！ 注目商品を紹介,10/17(木) 20:50
elleonline,ELLE DIGITAL,アン王女の義理息子、メーガン妃に反論か　ロイヤルファミリーに馴染むのは「簡単なこと」,10/17(木) 20:40
elleonline,ELLE DIGITAL,世界中で愛される、ジャパンディ（Japandi）を徹底解説,10/17(木) 20:40
elleonline,ELLE DIGITAL,ヘンリー王子とメーガン妃、ポルトガルにホリデー用の家を購入？　移動自由のゴールデンビザが目的か,10/17(木) 20:20
elleonline,ELLE DIGITAL,ギリシャのニコラオス王子と離婚したタティアナ妃、今の心境を語る「今年は苦難の年だった」,10/17(木) 20:01
elleonline,ELLE DIGITAL,BTSのJ-HOPEが除隊！ JINが駆け付けたお出迎えシーンを写真で振り返り,10/17(木) 19:00
elleonline,ELLE DIGITAL,カニエ・ウェスト、ビアンカ・センソリとの離婚の噂を自分で流す？　性的暴行裁判から目を逸らさせる作戦か,10/16(水) 21:01
elleonline,ELLE DIGITAL,ぬか漬け生活のハードルを下げる「野田琺瑯」ぬか漬け小町,10/16(水) 20:50
elleonline,ELLE DIGITAL,ダイアナ元妃の弟チャールズ・スペンサー伯爵の新恋人、伯爵の元妻を訴える,10/16(水) 20:40
elleonline,ELLE DIGITAL,アリアナ・グランデのコントを恋人イーサン・スレーターも賞賛　アフターパーティーに揃って出席していたことも発覚,10/16(水) 20:20
elleonline,ELLE DIGITAL,カーラ・デルヴィーニュ、セレブの地位から失墜？　人気テレビ番組の収録を観覧しようとして門前払いされる,10/16(水) 20:00
elleonline,ELLE DIGITAL,ジジ・ハディッド、恋人ブラッドリー・クーパーについて珍しく言及「彼はとても支えになってくれる」,10/16(水) 19:00
elleonline,ELLE DIGITAL,祝29歳！ BTS（防弾少年団）ジミンの私服ファッションから愛用ブランドまで猛追,10/15(火) 21:01
elleonline,ELLE DIGITAL,ミレニアルとX世代は17種類のがんリスクが増加している？ 英医学誌に掲載,10/15(火) 20:50
elleonline,ELLE DIGITAL,アリアナ・グランデ、ブリトニーとマイリーのモノマネを披露　ジェニファー・クーリッジのトークも完コピ,10/15(火) 20:40
elleonline,ELLE DIGITAL,ニコール・キッドマン、サルマ・ハエックとトラブル？　パリコレ会場で腕を押しのける動画が浮上,10/15(火) 20:20
elleonline,ELLE DIGITAL,メーガン夫人、少女たちに「世界で一番のいじめられっ子」だと語る　メンタルヘルスのイベントに参加,10/15(火) 20:00
elleonline,ELLE DIGITAL,大御所エンジェル、アドリアナ・リマがヴィクトリアズ・シークレットのショーへの出演を発表,10/15(火) 19:00
elleonline,ELLE DIGITAL,がん治療を終えたキャサリン皇太子妃が公の場に　公務ファッションをレポート,10/15(火) 7:01
elleonline,ELLE DIGITAL,最近のドーナツ事情は？ 東京で注目の進化系ドーナツ BEST3,10/14(月) 20:50
elleonline,ELLE DIGITAL,深刻な“生理の貧困”……10代の3人に1人「生理用品の入手に困難」米研究、日本の現状は？,10/14(月) 20:40
elleonline,ELLE DIGITAL,2024年秋のインテリアトレンドをピンタレストから予測！,10/14(月) 20:40
elleonline,ELLE DIGITAL,ジャスティン・ビーバーやゼンデイヤ、家計を支えたキッズセレブたち,10/14(月) 20:20
elleonline,ELLE DIGITAL,最旬ヘアは“チョッピーボブ”！ お手本の髪型とキマる秘訣,10/14(月) 20:00
elleonline,ELLE DIGITAL,オーガニックコットンは、本当にサステナブル？,10/13(日) 22:00
elleonline,ELLE DIGITAL,【作業効率を上げるテク3選】メンタルをむしばむ仕事のキャパオーバーを防ぐには？,10/13(日) 21:40
elleonline,ELLE DIGITAL,【祝29歳】BTSジミンの、カリスマと色気あふれるベストショット集,10/13(日) 21:20
elleonline,ELLE DIGITAL,スペイン王室が危機！？　君主制度存続への険しい道を専門家が解説,10/13(日) 21:02
elleonline,ELLE DIGITAL,テフロン風邪って？ ノンスティック加工のフライパンで起こりうる症状を解説,10/13(日) 20:50
elleonline,ELLE DIGITAL,兄弟姉妹だからこそ上手くいかない？ 不仲説が囁かれる海外セレブたち,10/13(日) 20:40
elleonline,ELLE DIGITAL,85コースから厳選「京都モダン建築祭」で必見のガイドツアー 5選,10/13(日) 20:40
elleonline,ELLE DIGITAL,アメリカ育ちの華やか美人！ LE SSERAFIM ユンジンの私服ファッション＆衣装をプレイバック,10/13(日) 20:20
elleonline,ELLE DIGITAL,「愛のあとにくるもの」ほか秋に観たいしっとり韓国メロドラマBEST3,10/13(日) 20:01
elleonline,ELLE DIGITAL,【釜山国際映画祭 2024】坂口健太郎くんを追っかけ！ 現地レポート,10/12(土) 22:01
elleonline,ELLE DIGITAL,短すぎないボブ「ロブヘア」が最旬髪型！  海外おしゃれセレブのお手本スタイル,10/12(土) 21:40
elleonline,ELLE DIGITAL,敏感肌でもレチノールを使って大丈夫？ おすすめの使い方を専門医が解説,10/12(土) 21:20
elleonline,ELLE DIGITAL,秋のモノトーンコーデ3。パリジェンヌの秋服コーデをスナップ！,10/12(土) 21:01
elleonline,ELLE DIGITAL,東京・新宿でハント！ 駅チカで買えるおいしい手土産 8選,10/12(土) 20:50
elleonline,ELLE DIGITAL,バロン・トランプ、NY大学でネポ・キッズのリベラル精神に染まる？,10/12(土) 20:40
elleonline,ELLE DIGITAL,「ニンテンドーミュージアム」リポート！ 懐かしのゲームや人気キャラクターに会いに行こう,10/12(土) 20:40
elleonline,ELLE DIGITAL,ウインクの妖精！ キュートな童顔 NewsJeans ハニの愛されヘアメイクを分析,10/12(土) 20:20
elleonline,ELLE DIGITAL,ウィリアム皇太子VSヘンリー王子だけじゃない！　兄弟で不仲説が囁かれる世界のロイヤルメンバーたち,10/12(土) 20:01
elleonline,ELLE DIGITAL,【釜山国際映画祭 2024】チェ・ジョンヒョプが新人賞！ アジアコンテンツアワードに大注目,10/11(金) 21:02
elleonline,ELLE DIGITAL,キャサリン皇太子妃、公の場にサプライズ登場　テイラー・スウィフト関連イベントで起きた刺殺事件の遺族に対面,10/11(金) 20:40
elleonline,ELLE DIGITAL,ディディ、盗聴を疑ってジャスティン・ビーバーをボディチェック　関係者がジャスティンの精神状態を語る,10/11(金) 20:20
elleonline,ELLE DIGITAL,カニエ・ウェスト、妻ビアンカ・センソリやカーダシアン一家をスパイ？　元従業員から訴えられる,10/11(金) 20:01
elleonline,ELLE DIGITAL,ジョージア・メイ・ジャガーに第1子が誕生　祖父ミック・ジャガーの元妻も祝福,10/11(金) 19:01
elleonline,ELLE DIGITAL,ジェニファー・ロペス、ベン・アフレックとの破局を語る「他の人に幸せを求めることはできない」,10/10(木) 21:40
elleonline,ELLE DIGITAL,ソフィー妃、エドワード王子とともにマルタへ　エリザベス女王の思い出の地を訪問,10/10(木) 21:20
elleonline,ELLE DIGITAL,ニコール・キッドマン、愛娘サンデー・ローズにアドバイス　「ネポベイビー」の猛批判に動揺,10/10(木) 21:01
elleonline,ELLE DIGITAL,オーツミルクは体にいいの？ 栄養士が長所と短所を教えてくれた,10/10(木) 20:50
elleonline,ELLE DIGITAL,アン・ハサウェイ、インタビューでの感じ悪い態度を謝罪　インタビュアーにメールを送る,10/10(木) 20:40
elleonline,ELLE DIGITAL,現地在住ライターが案内！ ストックホルムで行くべきスポット 11選,10/10(木) 20:40
elleonline,ELLE DIGITAL,デンマークのフレデリック国王とメアリー王妃、即位して初の公式晩餐会を開催　王室に伝わるティアラを着用,10/10(木) 20:20
elleonline,ELLE DIGITAL,【10月10日は世界メンタルヘルスデー】自身が抱える“不安”について、赤裸々に打ち明けた海外セレブたち,10/10(木) 20:03
elleonline,ELLE DIGITAL,カマラ・ハリスがパンツスーツを選ぶ理由とは。米大統領候補のパワー・ドレッシング術,10/10(木) 19:03
elleonline,ELLE DIGITAL,カニエ・ウェストとビアンカ・センソリ、破局報道を否定か　東京でデートシーンを披露,10/9(水) 21:02
elleonline,ELLE DIGITAL,食べておいしい、見てかわいい！ 心がときめく手土産リスト10,10/9(水) 20:50
elleonline,ELLE DIGITAL,エイサップ・ロッキー、リアーナが自分に惚れた瞬間を明かす「まさにこのソファで恋に落ちた」,10/9(水) 20:40
elleonline,ELLE DIGITAL,マイケル・ジャクソン、35歳までバージンだった　元妻リサ・マリー・プレスリーが回顧録で暴露,10/9(水) 20:20
elleonline,ELLE DIGITAL,メーガン妃、小児病院のガラには「写真を撮られに来ていただけ」 元友人が主張,10/9(水) 20:01
elleonline,ELLE DIGITAL,チャールズ国王、メラニア・トランプ夫人とは文通友達　メラニア夫人が回顧録で明かす,10/9(水) 19:01
elleonline,ELLE DIGITAL,『ジョーカー：フォリ・ア・ドゥ』監督、続編も関連作品も「予定なし」とコメント,10/8(火) 21:40
elleonline,ELLE DIGITAL,ディディ、ラッパーの2パック殺害事件にも関わっていた？　遺族が敏腕弁護士を雇って調査を進める,10/8(火) 21:20
elleonline,ELLE DIGITAL,カーディ・B、ウェストの脂肪吸引疑惑を否定「これが私の本当の姿」,10/8(火) 21:01
elleonline,ELLE DIGITAL,腸内環境を整えるには？ 骨や筋肉を強化するのは？ 効果的な食品を栄養士がアンサー,10/8(火) 20:50
elleonline,ELLE DIGITAL,『リトル・マーメイド』のハリー・ベイリーが恋人と破局　昨年1月に長男が誕生,10/8(火) 20:40
elleonline,ELLE DIGITAL,【ミラノデザインウィーク2024】世界を魅了したインスタレーション 5,10/8(火) 20:40
elleonline,ELLE DIGITAL,スキ・ウォーターハウスとロバート・パティンソン、2人でイベントに出席　子どもが生まれて初,10/8(火) 20:20
elleonline,ELLE DIGITAL,「メーガン妃は最高の上司」と擁護していたスタッフ、王子と妃の財団を辞めて独立,10/8(火) 20:00
elleonline,ELLE DIGITAL,坂口健太郎や有村架純も来場！ 「釜山国際映画祭 2024」序盤の注目ポイントを総括,10/8(火) 19:01
elleonline,ELLE DIGITAL,メーガン妃、セレブの集まる小児病院のガラに出席　ヘンリー王子の活動ポリシーとの違いが拡大か,10/7(月) 21:01
elleonline,ELLE DIGITAL,【パリ・グルメガイド2024】腕利きシェフの最旬ビストロ 3選,10/7(月) 20:50
elleonline,ELLE DIGITAL,ショーン・コムズ、ジャスティン・ビーバーをカメラの前で口止め　ウィリアム皇太子＆ヘンリー王子もパーティーに招待,10/7(月) 20:40
elleonline,ELLE DIGITAL,キアヌ・リーブス、プロのレーサーとしてデビュー　スピンアウトするも完走,10/7(月) 20:20
elleonline,ELLE DIGITAL,『プリティ・プリンセス』第3弾が正式に始動　アン・ハサウェイもインスタグラムで出演を匂わせ,10/7(月) 20:02
elleonline,ELLE DIGITAL,マドンナの弟クリストファー・チッコーネが死去　昨年の兄の訃報に続く,10/7(月) 19:00
elleonline,ELLE DIGITAL,ガガ豹変！『ジョーカー：フォリ・ア・ドゥ』のプレスツアーファッションがすごい,10/6(日) 21:03
elleonline,ELLE DIGITAL,1万円台で大満足！ 食のプロが通うハイレベルでリーズナブルな店 3選,10/6(日) 20:50
elleonline,ELLE DIGITAL,ウィリアム皇太子やレティシア王妃ら、欧州ロイヤルの「不倫スキャンダル」事件簿,10/6(日) 20:40
elleonline,ELLE DIGITAL,中性的な神ビジュアル！ SEVENTEEN ジョンハンの美貌遍歴,10/6(日) 20:20
elleonline,ELLE DIGITAL,Stray Kidsの最強リーダー！ バンチャンの肉体美＆ビジュアルギャラリー,10/6(日) 20:01
elleonline,ELLE DIGITAL,韓国おしゃれセレブのヘアチェンジ速報！ NewJeansやTWICE etc…,10/5(土) 21:20
elleonline,ELLE DIGITAL,10月はピンクリボン月間。「乳がん」を恐れないために知っておくべき10のこと,10/5(土) 21:01
elleonline,ELLE DIGITAL,栄養士が指南！ 安全に早く体重を減らす方法 10,10/5(土) 20:50
elleonline,ELLE DIGITAL,もはや第二のエプスタイン。米大物ラッパー、ディディとグルなセレブは誰？,10/5(土) 20:40
elleonline,ELLE DIGITAL,マリー・アントワネットの隠れ家が一般公開中,10/5(土) 20:40
elleonline,ELLE DIGITAL,パリジェンヌはジャケット使いの達人！ ストリート発、秋の洗練コーデ3,10/5(土) 20:20
elleonline,ELLE DIGITAL,パリコレで直撃！ 「ジャーナリストは何着てる？」エディターが現地レポ,10/5(土) 20:01
elleonline,ELLE DIGITAL,ウィリアム皇太子、パリ五輪に行かなかったのはキャサリン皇太子妃を思ってのことだった「危険を冒したくなかった」,10/4(金) 20:40
elleonline,ELLE DIGITAL,ジェニファー・アニストン、「鮭の精子エステ」は真実だった！　「オバマ元大統領と相思相愛」説は否定,10/4(金) 20:20
elleonline,ELLE DIGITAL,アマンダ・サイフリッド、『マンマ・ミーア!』第3弾の娘役にサブリナ・カーペンターを推す「私が実現させる」,10/4(金) 20:01
elleonline,ELLE DIGITAL,リース・ウィザースプーンが小説家に　親友グウィネス・パルトロウにも極秘で人気推理作家とコラボ,10/4(金) 19:00
elleonline,ELLE DIGITAL,性犯罪で逮捕されたショーン・コムズ、パーティーで俳優のデンゼル・ワシントンを激怒させていた,10/3(木) 21:01
elleonline,ELLE DIGITAL,B級グルメが進化中！ 東京で話題の焼きそば専門店3選,10/3(木) 20:50
elleonline,ELLE DIGITAL,エディ・スリマンが「セリーヌ」を退任。後任はマイケル・ライダー,10/3(木) 20:40
elleonline,ELLE DIGITAL,キャサリン皇太子妃、余命半年の10代がん患者と対面　「かなえたい夢」の実現に協力する,10/3(木) 20:20
elleonline,ELLE DIGITAL,ミリー・ボビー・ブラウン、結婚式の写真を公開　ドラマ「ストレンジャー・シングス」の共演者が司宰に,10/3(木) 20:01
elleonline,ELLE DIGITAL,アンジェリーナ・ジョリーに新恋報道　噂のラッパーの写真をインスタグラムに投稿,10/3(木) 19:00
elleonline,ELLE DIGITAL,ニコール・キッドマンの愛娘サンデー・ローズ、パリ・ファッションウィークでモデルデビュー,10/2(水) 21:01
elleonline,ELLE DIGITAL,腸の健康に！ おすすめの食品と習慣 7,10/2(水) 20:50
elleonline,ELLE DIGITAL,ウィリアム皇太子とデヴィッド・ベッカムがサプライズ対面　ヘンリー王子に対するメッセージか,10/2(水) 20:40
elleonline,ELLE DIGITAL,ヘイリー・ビーバー、息子ジャック・ブルースへの愛を込めたネックレスを披露,10/2(水) 20:20
elleonline,ELLE DIGITAL,カミラ王妃、「酒豪説」は嘘だった？　愛息子トムが反論「ほろ酔い程度にしかなったことがない」,10/2(水) 20:01
elleonline,ELLE DIGITAL,ベアトリス王女が第2子妊娠を発表,10/2(水) 19:01
elleonline,ELLE DIGITAL,セレーナ・ゴメス、妖艶ダンスを披露　恋人ベニー・ブランコをどぎまぎさせる,10/1(火) 21:01
elleonline,ELLE DIGITAL,上野のベーカリー「B2D」に注目！ すべて手ごねでつくるパンの魅力に迫る,10/1(火) 20:50
elleonline,ELLE DIGITAL,アンジェリーナ・ジョリー、子どもたちと共にプレミアに出席　ブラッドと不仲な3人とレッドカーペットへ,10/1(火) 20:40
elleonline,ELLE DIGITAL,レディー・ガガ、エイプリルフールにプロポーズされたことを明かす「冗談かと思った」,10/1(火) 20:20
elleonline,ELLE DIGITAL,ヘンリー王子、イギリスに単独帰国　和解が噂されたチャールズ国王やウィリアム皇太子とは面会せず,10/1(火) 20:01
elleonline,ELLE DIGITAL,ブラッド・ピット、恋人イネス・デ・ラモンとの将来を計画「彼女との間に特別なものがあるのに気がついた」,10/1(火) 19:03
elleonline,ELLE DIGITAL,栄養士が警告！「ヘルシー」と言われ過ぎている食べ物10,9/30(月) 20:50
elleonline,ELLE DIGITAL,ハル・ベリー、わき毛を披露　フサフサすぎてフォロワー驚愕,9/30(月) 20:40
elleonline,ELLE DIGITAL,節約のためにスイッチをオフにしておくべき家電5,9/30(月) 20:40
elleonline,ELLE DIGITAL,トム・クルーズ、コンサートにサプライズ登場　オーケストラの生演奏で映画を観るのが「夢だった」,9/30(月) 20:20
elleonline,ELLE DIGITAL,ヘンリー王子、タトゥーを入れる？　納税申告書への記載漏れ疑惑も浮上する中、サロンを訪問,9/30(月) 20:01
elleonline,ELLE DIGITAL,ヴィクトリア＆デヴィッド・ベッカムの愛息子クルスに新恋人　10歳年上の女性シンガーと交際,9/30(月) 19:02
elleonline,ELLE DIGITAL,実話がモデル。『モンスターズ: メネンデス兄弟の物語』のキャストと実際の人物を比較,9/29(日) 21:40
elleonline,ELLE DIGITAL,2メートル超も！　驚くほど高身長のセレブキッズ3人,9/29(日) 21:20
elleonline,ELLE DIGITAL,ブリジット・バルドー風！ 60年代な「カーテンバングス」を取り入れているおしゃれセレブたち,9/29(日) 21:01
elleonline,ELLE DIGITAL,東京限定！ プロが選ぶ新店の手土産スイーツBEST5,9/29(日) 20:50
elleonline,ELLE DIGITAL,俳優ヒョンビン19年間のビジュアル遍歴！ 「私の名前はキム・サムスン」から「愛の不時着」まで,9/29(日) 20:40
elleonline,ELLE DIGITAL,プロが教える、インテリア3つのNG,9/29(日) 20:40
elleonline,ELLE DIGITAL,40代以降の女性はだれでも太る!?　 管理栄養士による更年期ダイエットの極意,9/29(日) 20:20
elleonline,ELLE DIGITAL,恋愛で自分のタイプ以外の人と付き合うメリット4選,9/29(日) 20:02
elleonline,ELLE DIGITAL,K-POP“果汁顔”代表！ TWICE ナヨンのキュート＆ジューシーなビジュアル遍歴,9/28(土) 21:40
elleonline,ELLE DIGITAL,【祝90歳】ブリジット・バルドーの色気の秘密はトップスにあり！60年代フレンチスタイルを紐解く,9/28(土) 21:20
elleonline,ELLE DIGITAL,王族の子どもなのに継承権がない？　各国王室の婚外子エピソード,9/28(土) 21:20
elleonline,ELLE DIGITAL,6万個以上を食したマニアが解説！ アイス＆ジェラートの最新トレンド＆おいしい店の見分け方,9/28(土) 20:50
elleonline,ELLE DIGITAL,膣ケアやセクシュアリティなど、オープンに発言する海外女性セレブの最新事情,9/28(土) 20:40
elleonline,ELLE DIGITAL,ニコライ・バーグマンが自宅で実践する、花の飾り方,9/28(土) 20:40
elleonline,ELLE DIGITAL,BB生誕90年！ ブリジット・バルドーがお手本の「小悪魔スタイル」3選,9/28(土) 20:20
elleonline,ELLE DIGITAL,パリジェンヌ流、秋のデニムコーデ3。こなれたコーディネートのコツは？,9/28(土) 20:00
elleonline,ELLE DIGITAL,『ハリー・ポッター』「ダウントン・アビー」のマギー・スミスが死去　共演者がメッセージを発表,9/28(土) 19:17
elleonline,ELLE DIGITAL,キャサリン・ゼタ・ジョーンズ、夫マイケル・ダグラスの誕生日をヌード写真で祝福「プレゼントのアイディアがネタ切れ」,9/27(金) 21:02
elleonline,ELLE DIGITAL,ナオミ・キャンベル、チャリティ目的で集めた寄付金を不正使用　高級ホテルやエステに費やす,9/27(金) 20:40
elleonline,ELLE DIGITAL,カーディ・B、オフセットに浮気を告発されて認める　「私はあなたにもったいない」,9/27(金) 20:20
elleonline,ELLE DIGITAL,『キューティー・ブロンド』前日譚、主人公は一般公募　リース・ウィザースプーンがオーディションを告知,9/27(金) 20:01
elleonline,ELLE DIGITAL,ラナ・デル・レイ、ワニハンターの恋人とゴールインか　結婚許可証を取得したことが発覚,9/27(金) 19:00
elleonline,ELLE DIGITAL,ジョニー・デップ、美容整形＆全身改造を計画か　すでに歯の大規模修繕は完了,9/26(木) 21:01
elleonline,ELLE DIGITAL,毎日きゅうり一本を食べるのは健康的？ TikTokの流行について栄養士が解説,9/26(木) 20:50
elleonline,ELLE DIGITAL,ベラ・ハディッド、2年ぶりにショーに出演　パリ・ファッション・ウィークのランウェイに登場,9/26(木) 20:40
elleonline,ELLE DIGITAL,カミラ・カベロ、サブリナ・カーペンターをディスる？　元恋人ショーン・メンデスの”味”を巡ってバトル勃発か,9/26(木) 20:20
elleonline,ELLE DIGITAL,メーガン妃陣営、”モンスター上司”報道に反論するも新たな証言が浮上「典型的なナルシスト」,9/26(木) 20:01
elleonline,ELLE DIGITAL,ブラッド・ピットになりすますロマンス詐欺が発生　本人の代理人が声明を発表,9/26(木) 19:01
elleonline,ELLE DIGITAL,アシュトン・カッチャー、性的人身売買で起訴されたショーン・コムズの話題を拒否していた「話せないことがたくさんある」,9/25(水) 21:01
elleonline,ELLE DIGITAL,新感覚の「冷やし蕎麦」が楽しめる東京のニュー酒場 3選,9/25(水) 20:50
elleonline,ELLE DIGITAL,ジェニファー・ローレンス、カマラ・ハリス候補支持を表明「中絶する権利が投票にかかっている」,9/25(水) 20:41
elleonline,ELLE DIGITAL,意外と参考になる！ ChatGPTが教えてくれた、狭い部屋でもおしゃれに暮らす8つのポイント,9/25(水) 20:40
elleonline,ELLE DIGITAL,ケイト・ウィンスレット、エマ・トンプソンが30年前にくれたアドバイスを明かす「働くのと同じくらい働かないことも大切」,9/25(水) 20:20
elleonline,ELLE DIGITAL,ジョニー・デップ、新作記者会見で泥沼裁判について仄めかす　元妻アンバー・ハードはスペインで娘と隠遁生活中,9/25(水) 20:01
elleonline,ELLE DIGITAL,ジャネット・ジャクソン、カマラ・ハリス大統領候補を「黒人ではない」と発言して大炎上　兄ランディに洗脳されている疑惑が浮上,9/25(水) 19:01
elleonline,ELLE DIGITAL,「コール・ミー・ベイビー」でブレイクしたカーリー・レイ・ジェプセンが婚約　お相手はプロデューサー,9/24(火) 21:02
elleonline,ELLE DIGITAL,地球環境にもいい「プラネタリーヘルスダイエット」とは？ 栄養士が解説,9/24(火) 20:50
elleonline,ELLE DIGITAL,セレーナ・ゴメス、出産できないことを告白した理由を語る「弱さをさらけ出すことには力がある」,9/24(火) 20:40
elleonline,ELLE DIGITAL,ドージャ・キャットに婚約報道が浮上　「ストレンジャー・シングス」のジョセフ・クインから指輪をもらう？,9/24(火) 20:20
elleonline,ELLE DIGITAL,ヘンリー王子、40歳になって独り立ち？　メーガン妃抜きで1週間の巡業に,9/24(火) 20:02
elleonline,ELLE DIGITAL,アンジェリーナ・ジョリー、娘とお揃いのタトゥーを入れたことを告白,9/24(火) 19:01
elleonline,ELLE DIGITAL,『エミリー、パリへ行く』シーズン4の撮影地は？ ロケ地を徹底解剖,9/23(月) 22:50
elleonline,ELLE DIGITAL,『エミリー、パリへ行く』シーズン5、舞台がパリから離れる本当の理由は？,9/23(月) 21:02
elleonline,ELLE DIGITAL,地元っ子にも人気！ 韓国・ソウルの最新カフェ＆ティーサロン 3選,9/23(月) 20:50
elleonline,ELLE DIGITAL,ジェンダーレスなビジュアルが魅力！　スキズの“天使”ことStray Kids フィリックスのヘアメイクを分析,9/23(月) 20:40
elleonline,ELLE DIGITAL,イメチェン成功！？ 海外おしゃれセレブの最旬ヘアスタイルBefore＆After,9/23(月) 20:20
elleonline,ELLE DIGITAL,エミリーは黒ではなくブルーを着るーー『エミリー、パリへ行く』のおしゃれ哲学,9/23(月) 20:01
elleonline,ELLE DIGITAL,食欲の秋！　“ほおばる”英国ロイヤルファミリーのベストショット集,9/22(日) 21:20
elleonline,ELLE DIGITAL,爽やかイケメンな韓国俳優チョン・ヘインの清潔感あふれる美貌ヒストリー,9/22(日) 21:02
elleonline,ELLE DIGITAL,バナナはダイエットに効果的？ 栄養士がアンサー,9/22(日) 20:50
elleonline,ELLE DIGITAL,「日本で人気」自慢が最近のトレンド!?　日本語歌詞で話題を集めた洋楽ソング4選,9/22(日) 20:40
elleonline,ELLE DIGITAL,70・80代が魅せる！ マチュアセレブの「レッドカーペット」圧巻ルック集,9/22(日) 20:20
elleonline,ELLE DIGITAL,おしどり夫婦も熟年離婚。メリル・ストリープほか、大御所セレブカップルの破局を分析！,9/22(日) 20:03
elleonline,ELLE DIGITAL,【2024秋ネイル】セレブが夢中の「こっくりカラー」を追跡,9/21(土) 21:40
elleonline,ELLE DIGITAL,歴代セレブの伝説のシューズ5選。オードリー・ヘップバーンからマイケル・ジャクソンまで,9/21(土) 21:20
elleonline,ELLE DIGITAL,セルフ前髪カットを失敗しないコツ　「また切りすぎた！」を避けるには？,9/21(土) 21:00
elleonline,ELLE DIGITAL,パン屋からディープな酒場まで！ エディターの激推し京都グルメ7選,9/21(土) 20:50
elleonline,ELLE DIGITAL,初秋のパートナーは「シャツ」！ パリジェンヌの最新コーデ3,9/21(土) 20:40
elleonline,ELLE DIGITAL,癒やし効果抜群！ 植物愛好家がおすすめする、国内の美しい植物館 3選,9/21(土) 20:40
elleonline,ELLE DIGITAL,専門家が教える、より幸せな人生を送るための10の習慣,9/21(土) 20:20
elleonline,ELLE DIGITAL,BLACKPINKリサも出演！「ヴィクトリアズ・シークレット」ショー2024、6年ぶりのショーについてわかっていること,9/21(土) 20:01
elleonline,ELLE DIGITAL,カミラ王妃がドキュメンタリー番組の主役に。メーガン＆ヘンリー夫妻への復讐か？,9/21(土) 20:01
elleonline,ELLE DIGITAL,セレブが魅せた！歴史的ポップカルチャーへのオマージュルック3選【MTV VMA 2024】,9/21(土) 19:40
elleonline,ELLE DIGITAL,アンジェリーナ・ジョリー、事故を起こした息子のために凄腕の形成外科医を雇っていた,9/20(金) 20:40
elleonline,ELLE DIGITAL,レディー・ガガ、「元男性」説に反論しなかった理由を語る「犠牲になっているとは思わなかった」,9/20(金) 20:20
elleonline,ELLE DIGITAL,「テイラー・スウィフトよりカニエがいい」とツイートしたカントリーシンガー、炎上してアカウントを閉鎖,9/20(金) 20:02
elleonline,ELLE DIGITAL,ブラッド・ピット、ジョージ・クルーニーをからかう「彼がいまだに生きている最もセクシーな男」,9/20(金) 19:01
elleonline,ELLE DIGITAL,俳優のヘイデン・パネッティーア、広場恐怖症が再発したことを語る　弟の突然の死が引き金に,9/19(木) 21:40
elleonline,ELLE DIGITAL,メーガン妃とヘンリー王子、投票を訴える 　エリザベス女王の「政治に触れない」ルールを再び拒否,9/19(木) 21:20
elleonline,ELLE DIGITAL,エミー賞レッドカーペットで見つけた、トレンドヘアメイク3,9/19(木) 21:01
elleonline,ELLE DIGITAL,マグネシウムとビタミンDは一緒に摂取していいの？ リスクを栄養士が解説,9/19(木) 20:50
elleonline,ELLE DIGITAL,ヘンリー王子、王室離脱でも巨額遺産を相続する理由,9/19(木) 20:40
elleonline,ELLE DIGITAL,狭いバスルームを広く、おしゃれに見せる4つのポイント,9/19(木) 20:40
elleonline,ELLE DIGITAL,ロメオ・ベッカム、違う女性と立て続けにデート　インフルエンサーとモデルを両天秤にかける？,9/19(木) 20:20
elleonline,ELLE DIGITAL,オランダのカタリナ＝アマリア王女　イギリスのセーラ元妃とドレスがかぶる　国王＆王妃と共に国会開会式へ,9/19(木) 20:00
elleonline,ELLE DIGITAL,ファレル・ウィリアムス、セレブの政治的メッセージを批判　「イラつく」「黙れ」と発言して炎上中ファレル・ウィリアムス、セレブの政治的メッセージを批判　「イラつく」「黙れ」と発言して炎上中,9/19(木) 19:01
elleonline,ELLE DIGITAL,全国選抜！ スイーツ好きが推す、最中（もなか）ベスト11,9/18(水) 20:50
elleonline,ELLE DIGITAL,マイリー・サイラス、ブルーノ・マーズの楽曲を盗作したとして訴えられる,9/18(水) 20:40
elleonline,ELLE DIGITAL,「エミリー、パリへ行く」シーズン5の制作が決定　舞台はパリから新たな街へ,9/18(水) 20:20
elleonline,ELLE DIGITAL,エミリー・ブラント、『プラダを着た悪魔』続編の制作を認める？　「あのアイメイクが楽しみ」,9/18(水) 20:01
elleonline,ELLE DIGITAL,メーガン妃とヘンリー王子のスタッフが長続きしない理由とは　関係者は「誰もが妃を怖がっている」,9/18(水) 19:01
elleonline,ELLE DIGITAL,英国王室、メーガン妃を削除？　ヘンリー王子の誕生日を祝う画像の修整疑惑を否定,9/17(火) 21:02
elleonline,ELLE DIGITAL,驚くほど簡単にできる！ キッチンの小バエを駆除する方法と予防法,9/17(火) 20:50
elleonline,ELLE DIGITAL,アリアナ・グランデの恋人イーサン・スレーター、ようやくシングルに　妻との離婚が成立,9/17(火) 20:40
elleonline,ELLE DIGITAL,セレーナ・ゴメス、恋人ベニー・ブランコと一緒にエミー賞授賞式へ,9/17(火) 20:20
elleonline,ELLE DIGITAL,ケイト・ウィンスレット、男性ホルモンを補充「またセクシーな気持ちになれる」,9/17(火) 20:01
elleonline,ELLE DIGITAL,ジェニファー・ロペスとベン・アフレック、子どもたちをつれてブランチへ　キスシーンを目撃される,9/17(火) 19:01
elleonline,ELLE DIGITAL,グルメな友人と行きたい！5000円台で楽しめるおいしい店 4選,9/16(月) 20:50
elleonline,ELLE DIGITAL,ニコライ・バーグマンの新居を公開！ 季節の花と北欧デザインが彩る邸宅,9/16(月) 20:40
elleonline,ELLE DIGITAL,韓ドラのプロが厳選！　のめり込見必至の韓ドラサスペンスBEST3,9/16(月) 20:20
elleonline,ELLE DIGITAL,今すぐ真似したい！「短い爪が好き」派のおすすめネイルデザイン4,9/16(月) 20:01
elleonline,ELLE DIGITAL,真田広之が「将軍 SHGUN」でエミー賞主演男優賞を受賞　作品賞＆主演女優賞も獲得,9/16(月) 19:53
elleonline,ELLE DIGITAL,チャールズ国王とウィリアム皇太子、ヘンリー王子の誕生日にメッセージ　3年ぶりにSNSで祝福,9/16(月) 19:31
elleonline,ELLE DIGITAL,IUと熱愛中 新韓流四天王、俳優イ・ジョンソクのビジュアル遍歴,9/15(日) 21:17
elleonline,ELLE DIGITAL,祝35歳！ “新・韓流四天王”俳優イ・ジョンソクのファッション遍歴,9/15(日) 21:05
elleonline,ELLE DIGITAL,メーガン妃＆ヘンリー王子、ふたりの歴代炎上ヒストリー,9/15(日) 21:01
elleonline,ELLE DIGITAL,【祝24歳】Stray Kids フィリックスの最新ファッション＆着用ブランドを調査,9/15(日) 20:56
elleonline,ELLE DIGITAL,福岡のベーカリー「パンストック」がすごい理由,9/15(日) 20:50
elleonline,ELLE DIGITAL,夏→秋の移行期間、おしゃれセレブは何を着る？「ブリッジコーデ」のお手本帳,9/15(日) 20:40
elleonline,ELLE DIGITAL,美容医療の近未来。アンチエイジングを叶えられるのは富裕層だけになるのか？,9/15(日) 20:20
elleonline,ELLE DIGITAL,世界で最も裕福なセレブキッズBEST3【2024年度版】,9/15(日) 20:02
elleonline,ELLE DIGITAL,Stray Kidsのアメリカ人気を示す7つの現象。「MTV VMAs 2024」に3年連続ノミネート！,9/14(土) 21:03
elleonline,ELLE DIGITAL,魚を毎日食べることはどれくらい健康に良いの？ 食のプロが解説,9/14(土) 20:50
elleonline,ELLE DIGITAL,カリスマあふれるTXTの最年長メンバー、YEONJUNの髪色＆メイク遍歴,9/14(土) 20:40
elleonline,ELLE DIGITAL,ディープな京都を体感できる、海外デザイナーのお気に入りスポット5,9/14(土) 20:40
elleonline,ELLE DIGITAL,オアシス15年ぶり再結成。だがツアー開始しても油断禁物？ 兄弟の喧嘩遍歴を振り返る,9/14(土) 20:20
elleonline,ELLE DIGITAL,「名品バッグ」がコーデの主役！ パリジェンヌの愛用バッグ＆ブランドを街角調査,9/14(土) 20:00
elleonline,ELLE DIGITAL,テイラー・スウィフトは新記録樹立！　「2024 MTV VMAs」の見逃せないシーン5選,9/13(金) 21:20
elleonline,ELLE DIGITAL,カーディ・Bが第3子出産　授乳シーンも披露,9/13(金) 21:01
elleonline,ELLE DIGITAL,ジェニファー・ロペス、新たな豪邸購入へ　約半額に値切ろうと奮闘中,9/13(金) 20:40
elleonline,ELLE DIGITAL,ヘイリー・ビーバー、出産後初めてパパラッチにキャッチされる　親友カイリー・ジェンナーとディナーに,9/13(金) 20:21
elleonline,ELLE DIGITAL,ジャスティン・ティンバーレイク、飲酒運転で司法取引に応じる　妻ジェシカ・ビールの指示か,9/13(金) 20:01
elleonline,ELLE DIGITAL,チャールズ国王、ラグビー選手たちとのハグに大喜び　ニュージーランド女子代表チームと対面,9/13(金) 19:00
elleonline,ELLE DIGITAL,BTS（防弾少年団）を率いる天才リーダー、RMのビジュアル遍歴,9/12(木) 21:02
elleonline,ELLE DIGITAL,TikTokの「キュウリ男」が原因？キュウリが世界各地で品薄に,9/12(木) 20:50
elleonline,ELLE DIGITAL,ケイティ・ペリーも公認　オーランド・ブルーム、キム・カーダシアンのお尻に目が釘付け,9/12(木) 20:40
elleonline,ELLE DIGITAL,マドンナ、あわや転倒　遅刻したせいでハプニングシーンに注目集まる,9/12(木) 20:20
elleonline,ELLE DIGITAL,ウィリアム皇太子、シャーロット王女の趣味を明かす　ひげ顔に賛否両論も,9/12(木) 20:01
elleonline,ELLE DIGITAL,ソフィー・ターナーとジョー・ジョナス、離婚が成立,9/12(木) 19:02
elleonline,ELLE DIGITAL,テイラー・スウィフト、大統領選挙でカマラ・ハリス支持を表明「私が信じている権利のために闘う人」,9/11(水) 21:20
elleonline,ELLE DIGITAL,マーゴット・ロビー、妊娠が発覚してから初のレッドカーペットに,9/11(水) 21:01
elleonline,ELLE DIGITAL,地中海式ダイエットが高血圧リスクの低下につながる？ 英医学誌に掲載,9/11(水) 20:50
elleonline,ELLE DIGITAL,セレブスタイリストのレイチェル・ゾー、26年の結婚生活に終止符,9/11(水) 20:40
elleonline,ELLE DIGITAL,48億円で売り出し中！ グウィネス・パルトローの邸宅を公開,9/11(水) 20:40
elleonline,ELLE DIGITAL,シェフ修行中のブルックリン・ベッカム、妻にパンケーキを焼いていてヤケドを負う,9/11(水) 20:20
elleonline,ELLE DIGITAL,大御所ミュージシャンのデイヴ・グロール、浮気の末に隠し子が生まれたことを告白「妻の信頼を取り戻したい」,9/11(水) 20:01
elleonline,ELLE DIGITAL,ヘンリー王子のポロ番組、予告画像を公開　キャサリン皇太子妃のメッセージ発表直後の投稿に賛否両論,9/11(水) 19:01
elleonline,ELLE DIGITAL,ビヨンセ、カントリー・ミュージック・アワードにノミネートされず　主催者側の人種差別が指摘される,9/10(火) 21:02
elleonline,ELLE DIGITAL,2024年の夏パンの注目はコレ！ エピのおすすめ 10選,9/10(火) 20:50
elleonline,ELLE DIGITAL,ジェニファー・ロペス、マット・デイモンの手を握って語り合う　元夫ベン・アフレックの大親友との友情が深まる？,9/10(火) 20:40
elleonline,ELLE DIGITAL,新たなネポベイビーが誕生　ロブ・カーダシアンの娘ドリームがランウェイデビュー,9/10(火) 20:20
elleonline,ELLE DIGITAL,アンジェリーナ・ジョリー、事故連発の次男とレッドカーペットへ　生々しい傷跡を披露,9/10(火) 20:01
elleonline,ELLE DIGITAL,キャサリン皇太子妃、がんの化学療法を終える　ウィリアム皇太子や子どもたちとのピクニック動画と共に発表,9/10(火) 19:00
elleonline,ELLE DIGITAL,セレーナ・ゴメスがビリオネアに　コスメブランドの成功で資産額が10億ドルを突破,9/9(月) 21:20
elleonline,ELLE DIGITAL,アシュレイ・ティスデイルに第2子誕生　親友ヴァネッサ・ハジェンズはベビーとの散歩シーンを初披露,9/9(月) 21:02
elleonline,ELLE DIGITAL,"栄養士が考えた一日1,300kcalのダイエットプラン",9/9(月) 20:50
elleonline,ELLE DIGITAL,エリザベス女王の2周忌にチャールズ国王とカミラ王妃が礼拝へ　女王の馬丁が最後の乗馬の思い出を語る,9/9(月) 20:40
elleonline,ELLE DIGITAL,アンジェリーナ・ジョリーの次男、バイク事故の2か月前にもあわや大惨事　自動車でトラックに激突,9/9(月) 20:20
elleonline,ELLE DIGITAL,NFLスーパーボウル2025、ケンドリック・ラマーがハーフタイムショーのヘッドライナーに決定,9/9(月) 20:03
elleonline,ELLE DIGITAL,【ベネチア国際映画祭2024】 金獅子賞はアルモドバル監督作！受賞結果一覧。ニコール・キッドマンに女優賞！,9/9(月) 19:02
elleonline,ELLE DIGITAL,「となりのMr.パーフェクト」主演！　清純派女優チョン・ソミンの垢抜けビューティ遍歴,9/8(日) 21:00
elleonline,ELLE DIGITAL,旅行者が選ぶ、機内食がおいしい航空会社ベスト20,9/8(日) 20:50
elleonline,ELLE DIGITAL,あの頃に戻りたい…！？ ヘンリー王子と英国王室ファミリーが仲良しだった頃の写真アルバム,9/8(日) 20:40
elleonline,ELLE DIGITAL,海外セレブの「婚前契約」ってどうなってる？ アンジー＆ブラピほか驚きのエピソード3選,9/8(日) 20:20
elleonline,ELLE DIGITAL,15周年でカムバック！ 2NE1の元祖ガールクラッシュな“奇抜ヘアメイク”ヒストリー,9/8(日) 20:02
elleonline,ELLE DIGITAL,ダイアナ元妃の姪ほか、世界で最も有名な双子セレブ5組,9/7(土) 21:20
elleonline,ELLE DIGITAL,TikTokで話題の公爵令嬢！ Z世代のイットガール、レディ・ララ・コジマってどんな人？,9/7(土) 21:01
elleonline,ELLE DIGITAL,新店が続々！ 下北沢の横エリア「ヨコキタ」のおいしい店3選,9/7(土) 20:50
elleonline,ELLE DIGITAL,ジェニファー・ロペスとの20年愛に終止符！ ベン・アフレックは今何を思う？,9/7(土) 20:40
elleonline,ELLE DIGITAL,建築やデザインに注目！ エディターが今こそ行きたい旅先 5選,9/7(土) 20:40
elleonline,ELLE DIGITAL,ジョージ王子やシャーロット王女ほか、テイラー・スウィフトと対面したセレブ＆ロイヤルキッズ,9/7(土) 20:20
elleonline,ELLE DIGITAL,パリジェンヌの愛用スニーカーは？ 街角スニーカーコーデスナップ,9/7(土) 20:01
elleonline,ELLE DIGITAL,アンジェリーナ・ジョリー、50歳を前に加齢を語る「高齢女性になったよう」,9/6(金) 20:40
elleonline,ELLE DIGITAL,メーガン妃、ライフスタイルブランドの商標がいまだに登録できず　特許庁から申請を却下される,9/6(金) 20:20
elleonline,ELLE DIGITAL,カイア・ガーバー、誕生日は家族と過ごす　母シンディ・クロフォードらとディズニーランドへ,9/6(金) 20:01
elleonline,ELLE DIGITAL,ヘンリー王子の元カノ、チェルシー・ダーヴィーの現在は？　2人目の子が生まれたことを明かす,9/6(金) 19:01
elleonline,ELLE DIGITAL,レディー・ガガ、ベネチア国際映画祭で婚約者とレッドカーペットデビュー　『ジョーカー：フォリ・ア・ドゥ』のプレミアに揃って出席,9/5(木) 21:02
elleonline,ELLE DIGITAL,がんによる死亡の40％は予防できる？ 米の研究結果をの専門家が解説,9/5(木) 20:50
elleonline,ELLE DIGITAL,フローレンス・ピューに新恋の噂　「ピーキー・ブラインダーズ」のフィン・コールとパーティーを抜け出す,9/5(木) 20:40
elleonline,ELLE DIGITAL,ヘンリー王子陣営、「ひとりぼっち」報道に猛反論「友達はたくさんいる！」,9/5(木) 20:20
elleonline,ELLE DIGITAL,ナオミ・キャンベルとアナ・ウィンター、授賞式のステージで口撃しあう「遅刻魔だ」「選んだのは私じゃない」,9/5(木) 20:02
elleonline,ELLE DIGITAL,ドナルド・トランプ元大統領の愛息子バロンがニューヨーク大学に入学　通学シーンを目撃される,9/5(木) 19:00
elleonline,ELLE DIGITAL,レディー・ガガ、婚約者とベネチア国際映画祭へ　巨大な婚約指輪も披露,9/4(水) 21:20
elleonline,ELLE DIGITAL,ヘンリー王子、ダイアナ元妃が幼い頃に暮らした邸宅に宿泊　家のない王子にスペンサー家が提供,9/4(水) 21:01
elleonline,ELLE DIGITAL,食べたもので蚊に刺されやすくなるって本当？ 専門家がアンサー,9/4(水) 20:50
elleonline,ELLE DIGITAL,ヘンリー王子＆メーガン妃の友人シェフ、ウィリアム皇太子のアースショット賞の審査員に,9/4(水) 20:40
elleonline,ELLE DIGITAL,ジャスティン・ビーバーとヘイリー・ビーバー、パパ＆ママライフを満喫中　ヘイリーは「ママリング」を披露,9/4(水) 20:20
elleonline,ELLE DIGITAL,反ワクチン派の元祖スーパーモデル、乳がんの化学療法を拒否「自分の信念が必要」,9/4(水) 20:01
elleonline,ELLE DIGITAL,神技や蝶のマスクなどが話題に！ パラアスリートが世界を沸かせた瞬間5選【パリ2024パラリンピック】,9/4(水) 19:00
elleonline,ELLE DIGITAL,デンマークのクリスチャン皇太子、アフリカに長期滞在　農場で働くことを発表,9/3(火) 21:02
elleonline,ELLE DIGITAL,何が違うの？ ベーキングパウダーとベーキングソーダの知るべき5つのこと,9/3(火) 20:50
elleonline,ELLE DIGITAL,ジェニファー・ロペス、ショッピングモールで大はしゃぎ　愛娘と買い物中に踊るシーンも,9/3(火) 20:40
elleonline,ELLE DIGITAL,「ニンテンドーミュージアム」が京都に10月2日オープン！ 内部を紹介,9/3(火) 20:40
elleonline,ELLE DIGITAL,アデル、長期の活動休止を発表　「これまで築いてきた新しい人生を生きたい」,9/3(火) 20:20
elleonline,ELLE DIGITAL,アン・ハサウェイ、すっぴんを披露　ニキビパッチをつけたセルフィーを投稿,9/3(火) 20:02
elleonline,ELLE DIGITAL,スウェーデンのカール・フィリップ王子とソフィア妃、第4子の妊娠を発表,9/3(火) 19:01
elleonline,ELLE DIGITAL,ジェシカ・ビール、息子サイラスとテニス観戦　飲酒運転で逮捕された夫ジャスティンは連れずに親子デート,9/2(月) 21:02
elleonline,ELLE DIGITAL,平野紗季子さんが選ぶ、鉄板手土産3つ,9/2(月) 20:50
elleonline,ELLE DIGITAL,ベン・アフレック、週末はファストフードのデリバリー三昧　ジェニファーは意味深メッセージを発表,9/2(月) 20:40
elleonline,ELLE DIGITAL,ブラッド・ピット、恋人イネス・デ・ラモンとベネチア国際映画祭へ　ジョージ・クルーニー夫妻とダブルデート,9/2(月) 20:20
elleonline,ELLE DIGITAL,アンジェリーナ・ジョリー、離婚のせいでロサンゼルスから離れられない　末っ子が18歳になったら「即、引っ越す予定」,9/2(月) 20:01
elleonline,ELLE DIGITAL,セレーナ・ゴメス、コロラドの高校のバレーボール部をサプライズ訪問　街に貼られたポスターがきっかけに,9/2(月) 19:01
elleonline,ELLE DIGITAL,【祝27歳】BTSの黄金マンネ！ジョングクのビジュアル遍歴をプレイバック,9/1(日) 21:30
elleonline,ELLE DIGITAL,気を付けて！ 洗っていないレタスを食べるリスクを解説,9/1(日) 20:50
elleonline,ELLE DIGITAL,“天性のアイドル”！ IVE ウォニョンのデビューから2024最新ヘアメイクまでを大追跡,9/1(日) 20:20
elleonline,ELLE DIGITAL,70年代ボーホー風ヘアトレンド「バタフライカット」が復活！,9/1(日) 20:02
elleonline,ELLE DIGITAL,祝20歳！ 天性のアイドル、IVEウォニョンの最新ファッション,8/31(土) 23:35
elleonline,ELLE DIGITAL,ヨルダン王室・ラーニア王妃の才色兼備なヘア＆メイクを学生時代からプレイバック,8/31(土) 21:02
elleonline,ELLE DIGITAL,おいしくないのはなぜ？ 機内食の味が変わる3つの要因,8/31(土) 20:50
elleonline,ELLE DIGITAL,日本ミニアルバムを発売！ 韓国俳優ソ・イングクのビジュアル遍歴,8/31(土) 20:40
elleonline,ELLE DIGITAL,涼しい夜にアートを鑑賞！ ナイトミュージアムのおすすめ3選,8/31(土) 20:40
elleonline,ELLE DIGITAL,問題を抱えた子どもたちが犠牲に。「プロブレム・ティーン産業」の闇,8/31(土) 20:20
elleonline,ELLE DIGITAL,ブレイク・ライブリーが炎上中！ 好感度抜群セレブがなぜバッシングの的に？,8/31(土) 20:01
elleonline,ELLE DIGITAL,チャニング・テイタムとジェナ・ディーワン元夫妻、金銭を巡る裁判が泥沼化　『マジック・マイク』の利益を求めて対立,8/30(金) 21:02
elleonline,ELLE DIGITAL,人工甘味料が腸にダメージを与える？ 海外の研究で判明,8/30(金) 20:50
elleonline,ELLE DIGITAL,ジェニファー・アニストンの元夫ジャスティン・セロー、交際発覚1年半で婚約　23歳年下の恋人が指輪を披露,8/30(金) 20:40
elleonline,ELLE DIGITAL,モデルのアジョア・アボワー、第1子を出産　友人ヘイリー・ビーバーの息子の誕生日をうっかりバラす,8/30(金) 20:20
elleonline,ELLE DIGITAL,ブラッド・ピットとアンジェリーナ・ジョリー、ベネチア国際映画祭で鉢合わせの可能性は？　主催者が語る,8/30(金) 20:00
elleonline,ELLE DIGITAL,ウィリアム皇太子とヘンリー王子、叔父の追悼式に出席　「互いに近寄らず言葉も交わしていなかった」,8/30(金) 19:11
elleonline,ELLE DIGITAL,パリス・ヒルトン、子どもに救命胴衣を着せずにクルージングして炎上中　「大きな船だから大丈夫」,8/30(金) 19:00
elleonline,ELLE DIGITAL,ベン・アフレック、ケネディ家令嬢を一度ふっていた？　アナ・デ・アルマスと天秤にかけた疑惑が浮上,8/29(木) 21:01
elleonline,ELLE DIGITAL,レモンウォーターは本当に体にいいの？ 栄養士が回答,8/29(木) 20:50
elleonline,ELLE DIGITAL,メーガン妃、「妃お気に入り」として人気が出たブランドに投資　「私が身につけるものには注目が集まる」,8/29(木) 20:40
elleonline,ELLE DIGITAL,レオナルド・ディカプリオの華麗なる不動産遍歴,8/29(木) 20:40
elleonline,ELLE DIGITAL,クリスティーナ・アギレラ、トップレスで雑誌の表紙を飾る　20キロを超える減量に成功,8/29(木) 20:20
elleonline,ELLE DIGITAL,ラナ・デル・レイ、新恋人はワニハンター　フェス会場で手繋ぎシーンを目撃される,8/29(木) 20:01
elleonline,ELLE DIGITAL,ヘンリー王子、ウィリアム皇太子のサミットに合わせて開催地ニューヨークを訪問　皇太子の動向に注目集まる,8/29(木) 19:02
elleonline,ELLE DIGITAL,【パリ・グルメガイド2024】イチ押しのパン屋＆ブーランジェリー5選,8/28(水) 20:50
elleonline,ELLE DIGITAL,『グラディエーターII』のポール・メスカルがシンガーのグレイシー・エイブラムスと交際　デイジー・エドガー＝ジョーンズとダブルデート,8/28(水) 20:41
elleonline,ELLE DIGITAL,節約ポイントやトレンドは？ キッチンリフォームに関する7つのアンサー,8/28(水) 20:40
elleonline,ELLE DIGITAL,ジェナ・オルテガ、ジョニー・デップと交際が噂されたことについて語る「正気とは思えない」,8/28(水) 20:20
elleonline,ELLE DIGITAL,炎上続きのブレイク・ライブリー、姉のロビンが擁護　妊娠中の女性に関するコメントにも批判殺到,8/28(水) 20:01
elleonline,ELLE DIGITAL,ヘンリー王子の回顧録がペーパーバックに　王室と和解する意思がないことの表明か,8/28(水) 19:00
elleonline,ELLE DIGITAL,メリル・ストリープに新恋報道　共演者のマーティン・ショートと手を繋いでアフターパーティーへ,8/27(火) 21:02
elleonline,ELLE DIGITAL,デカフェコーヒーが体に悪いって本当？ 安全な商品の選び方をチェック,8/27(火) 20:50
elleonline,ELLE DIGITAL,「ゴシップガール」のエド・ウェストウィックが結婚　「スーパーガール」のエイミー・ジャクソンと豪華挙式,8/27(火) 20:40
elleonline,ELLE DIGITAL,リゾ、ギャップイヤーをとっていることを報告　セクハラで提訴される中「自分の平穏を守っている」,8/27(火) 20:20
elleonline,ELLE DIGITAL,マライア・キャリー、母と姉が同じ日に亡くなったことを公表,8/27(火) 20:00
elleonline,ELLE DIGITAL,オランダのウィレム＝アレクサンダー国王とマクシマ王妃、F1観戦へ　留学が決まったアレクシア王女と親子の時間を楽しむ,8/27(火) 19:00
elleonline,ELLE DIGITAL,レディー・ガガ、ブルーノ・マーズとのデュエット曲のヒットに感動「みんなの愛が音楽の力を思い出させてくれた」,8/26(月) 21:02
elleonline,ELLE DIGITAL,韓国在住ライターが選ぶ！ ソウルで買いたい、グルメなお土産 10選,8/26(月) 20:50
elleonline,ELLE DIGITAL,ヘンリー王子とメーガン妃、コロンビアにドラムセットを寄付したと発表　外遊もどきへの批判の鎮火が目的か,8/26(月) 20:40
elleonline,ELLE DIGITAL,ベン・アフレックに早くも新たな女性の影？　ケネディ家令嬢と交際か,8/26(月) 20:20
elleonline,ELLE DIGITAL,テイラー・スウィフト、炎上中のブレイク・ライブリーを隠れ家に招く　それぞれ恋人＆夫を連れてバカンス,8/26(月) 20:03
elleonline,ELLE DIGITAL,キャサリン皇太子妃、スコットランドのバルモラル城で目撃される　チャールズ国王らと夏休みを過ごす,8/26(月) 19:00
elleonline,ELLE DIGITAL,いくら稼いで、いくら使ってる？ イギリス王室のお財布事情を調査,8/25(日) 21:20
elleonline,ELLE DIGITAL,ジェニファー・ロペス＆ベン・アフレックの離婚、元パートナーたちの反応は？,8/25(日) 21:00
elleonline,ELLE DIGITAL,歩道で卵は焼けるの？ 科学的に解明！,8/25(日) 20:50
elleonline,ELLE DIGITAL,新世代のケネディ家を担う注目株、キーラ・ケネディの華やかな素顔,8/25(日) 20:40
elleonline,ELLE DIGITAL,Airbnbで泊まれる世界の大豪邸 10選,8/25(日) 20:40
elleonline,ELLE DIGITAL,日本ファンミ開催！ 韓国の国民的スター、パク・ソジュンの歴代ヘアスタイルを振り返る,8/25(日) 20:20
elleonline,ELLE DIGITAL,『エミリー、パリへ行く』のリリー・コリンズが考える“パリジェンヌ”らしい美しさ,8/25(日) 20:03
elleonline,ELLE DIGITAL,マドンナ66歳。37歳年下の新彼氏、アキーム・モリスってどんな人？,8/24(土) 22:00
elleonline,ELLE DIGITAL,日本人モデルも活躍中！ 歴代スーパーモデルたちの「最強ウォーキング」を解剖,8/24(土) 21:40
elleonline,ELLE DIGITAL,みんな若かった韓国イケオジ俳優たちのNOW＆THENを比較,8/24(土) 21:20
elleonline,ELLE DIGITAL,キング・オブ・K-POP！ “生きる伝説” BIGBANG G-DRAGONのビジュアル変遷,8/24(土) 21:01
elleonline,ELLE DIGITAL,8月に行きたいフードイベント5選！ カレーフェスやナイトパーティーも。,8/24(土) 20:50
elleonline,ELLE DIGITAL,王太子妃の連れ子が逮捕… ノルウェー王室に今何が起きている？,8/24(土) 20:40
elleonline,ELLE DIGITAL,“シャーマン婚”で賛否両論！ ノルウェー王室マッタ・ルイーセ王女の現在,8/24(土) 20:20
elleonline,ELLE DIGITAL,故フィリップ殿下のスキャンダル、真相は2046年まで秘密！,8/24(土) 20:01
elleonline,ELLE DIGITAL,ミーガン・ジー・スタリオン、MTVビデオ・ミュージック・アワードの司会者に抜擢,8/23(金) 21:01
elleonline,ELLE DIGITAL,アシャンティ、ネリーとの第1子を出産,8/23(金) 20:40
elleonline,ELLE DIGITAL,エリザベス女王の葬儀でガーズマンを務めた近衛兵、ミスター・ワールドのイギリス代表に選ばれる,8/23(金) 20:20
elleonline,ELLE DIGITAL,ジェニファー・ロペス、ベン・アフレックからもらった8億円の婚約指輪はそのまま所有　歴代婚約指輪コレクションは総額25億円,8/23(金) 20:01
elleonline,ELLE DIGITAL,スウェーデンのヴィクトリア皇太子、軍で特別訓練に参加　迷彩服姿を披露,8/23(金) 19:01
elleonline,ELLE DIGITAL,ニューオープンが続々！ 今、注目のタコスショップおすすめ5軒,8/22(木) 20:50
elleonline,ELLE DIGITAL,エミリー・ラタコウスキー、通りすがりの男のボディシェイミングを告発　「シャツを着なさい」と説教される,8/22(木) 20:21
elleonline,ELLE DIGITAL,ブラッド・ピット、ジョージ・クルーニーの元へ傷心旅行？　愛娘シャイロの改姓認可後、イタリアへ,8/22(木) 20:01
elleonline,ELLE DIGITAL,ベン・アフレック、ジェニファー・ロペスとの夫婦関係の修復に「努力も興味も見せなかった」,8/22(木) 19:02
elleonline,ELLE DIGITAL,マドンナ、66歳の誕生日パーティーを開催　話題の新カレ＆子どもたちとイタリアの遺跡でお祝い,8/21(水) 21:40
elleonline,ELLE DIGITAL,エリザベス女王、ドナルド・トランプ元大統領を「失礼な人」　知人に打ち明けていたことが発覚,8/21(水) 21:20
elleonline,ELLE DIGITAL,セレブキッズが続々大学へ！　ケイティ・ホームズ、グウィネス・パルトロウ、ベン・アフレック＆ジェニファー・ガーナーが子どもたちの入寮に付き添い,8/21(水) 21:01
elleonline,ELLE DIGITAL,ベッドルームを素敵な香りで満たす7つのコツ,8/21(水) 20:50
elleonline,ELLE DIGITAL,ラッパーのアイス・スパイス、糖尿病薬でのダイエットを否定　スリムになったのは「ジム通いの成果」,8/21(水) 20:40
elleonline,ELLE DIGITAL,ソーダやシリアルなどの超加工品は本当に体に悪いの？ イギリスの最新研究結果を解説,8/21(水) 20:40
elleonline,ELLE DIGITAL,ダイアナ元妃のお下がりも！ メーガン妃のコロンビア訪問ファッションを総覧,8/21(水) 20:20
elleonline,ELLE DIGITAL,ヘンリー王子とメーガン妃、コロンビア訪問の警護費用は2.8億円　コロンビア国内から批判の声,8/21(水) 20:02
elleonline,ELLE DIGITAL,ジェニファー・ロペスとベン・アフレックが離婚　ジェニファーが挙式2周年の記念日に申請,8/21(水) 19:00
elleonline,ELLE DIGITAL,アンジェリーナ・ジョリーの愛娘シャイロ、改姓が認められる　父ブラッド・ピットの姓を法的に捨てる,8/20(火) 21:20
elleonline,ELLE DIGITAL,「装いは知恵」―ガブリエル シャネルのスタイル＆生き方のヒント,8/20(火) 21:01
elleonline,ELLE DIGITAL,パリで話題のカフェ日本人オーナーのお気に入りスポット,8/20(火) 20:50
elleonline,ELLE DIGITAL,チャールズ国王、アンドルー王子のセキュリティチームを解雇,8/20(火) 20:40
elleonline,ELLE DIGITAL,マララ・ユスフザイ、テイラー・スウィフトのThe Erasでコンサートを初体験「すべての少女が音楽を楽しめる世界になりますように」,8/20(火) 20:20
elleonline,ELLE DIGITAL,キャメロン・ディアス、珍しく子どもたちとのお出かけシーンを披露,8/20(火) 20:02
elleonline,ELLE DIGITAL,シンガーのケシャ、全裸で食事「服を着るのに飽きちゃった」,8/20(火) 19:01
elleonline,ELLE DIGITAL,サブリナ・カーペンター、バリー・コーガンと破局？　「酔って騒ぐ彼にうんざり」と関係者,8/19(月) 21:02
elleonline,ELLE DIGITAL,料理に食卓塩を追加すると胃がんリスクが41%増加する恐れ【イギリスの研究結果】,8/19(月) 20:50
elleonline,ELLE DIGITAL,ブレイク・ライブリー、インタビューでのふざけた回答でまた炎上　ファンへの冷たい態度にも批判噴出,8/19(月) 20:40
elleonline,ELLE DIGITAL,ダコタ・ジョンソン、クリス・マーティンとの破局報道を否定　パパラッチの前で婚約指輪も披露,8/19(月) 20:20
elleonline,ELLE DIGITAL,メーガン妃、ダイアナ元妃のイヤリングをつけてコロンビアの小学校を訪問,8/19(月) 20:00
elleonline,ELLE DIGITAL,ドージャ・キャット、「ストレンジャー・シングス」のジョセフ・クインとの交際が発覚,8/19(月) 19:01
elleonline,ELLE DIGITAL,パリ五輪でカムバック。英国アン王女と五輪の深い関係を探る,8/18(日) 22:07
elleonline,ELLE DIGITAL,美しすぎるモナコ公室メンバー、ベアトリーチェ・ボロメオについて知りたい！,8/18(日) 21:20
elleonline,ELLE DIGITAL,アン・ハサウェイの再来 「垢抜けた」と話題のデイジー・エドガー=ジョーンズってどんな人？,8/18(日) 21:00
elleonline,ELLE DIGITAL,肌のツヤ感を高めるって本当？ ターメリックの効能10,8/18(日) 20:50
elleonline,ELLE DIGITAL,ニコール・キッドマンの美しすぎる娘も！ メディアへの露出が少ないレアな2世セレブたち,8/18(日) 20:40
elleonline,ELLE DIGITAL,大きな葉が魅力の観葉植物 10選,8/18(日) 20:40
elleonline,ELLE DIGITAL,TikTokで話題。より少ない消費やミニマルな贅沢を謳う、#underconsumptionって何？,8/18(日) 20:20
elleonline,ELLE DIGITAL,日本でも大ブレイク中！　チェ・ジョンヒョプのおすすめ出演作BEST3,8/18(日) 20:02
elleonline,ELLE DIGITAL,依存症につけ込んだ？『フレンズ』マシュー・ペリーの死亡めぐり関係者ら5人が訴追,8/17(土) 21:40
elleonline,ELLE DIGITAL,世界平和度指数ランキング2024、日本は9位から17位にランクダウン「軍事化の影響」首位は17年連続で北欧の島国,8/17(土) 21:20
elleonline,ELLE DIGITAL,祝・第1子誕生！ ヨルダン王室の才媛、ラジワ皇太子妃の最新ビューティルック,8/17(土) 21:02
elleonline,ELLE DIGITAL,その症状、食物アレルギーかも？ 対処法と予防法を医師が解説,8/17(土) 20:50
elleonline,ELLE DIGITAL,何が永遠の愛を終わらせたの？ ジェニファー・ロペス＆ベン・アフレックの不仲の理由,8/17(土) 20:41
elleonline,ELLE DIGITAL,ファッションの流行がインテリアにも！ プレッピースタイルに注目,8/17(土) 20:40
elleonline,ELLE DIGITAL,華麗なるギリシャ王室の末裔たちの現在を調査,8/17(土) 20:20
elleonline,ELLE DIGITAL,真夏も「ミニバッグ」が相棒！ パリジェンヌの愛用バッグ＆ブランドを拝見,8/17(土) 20:00
elleonline,ELLE DIGITAL,2024年のトレンドは？ この夏話題の新作かき氷15選,8/16(金) 20:50
elleonline,ELLE DIGITAL,ヘンリー王子とメーガン妃、コロンビアに到着　副大統領と対面する,8/16(金) 20:40
elleonline,ELLE DIGITAL,壁をおしゃれに飾るコツ 10,8/16(金) 20:40
elleonline,ELLE DIGITAL,ノース・ウェスト、義理母ビアンカ・センソリの服装を真似る？　そっくりスタイリングで実母キムと外出,8/16(金) 20:21
elleonline,ELLE DIGITAL,ブレイク・ライブリー、過去の失礼な態度を暴露される　最新作のPRを巡って批判の声も浮上,8/16(金) 20:01
elleonline,ELLE DIGITAL,ブレイキン女子のレイ・ガン選手、選考過程で不正を働いたという噂が浮上　本人も五輪委員会も全面否定,8/16(金) 19:01
elleonline,ELLE DIGITAL,【2024パリ五輪】ある意味で歴史に残る!? 忘れられないベストシーン5選,8/15(木) 21:20
elleonline,ELLE DIGITAL,ウィリアム皇太子とキャサリン皇太子妃、がんで亡くなったピザ職人にお悔やみの手紙を送る,8/15(木) 21:00
elleonline,ELLE DIGITAL,今食べるべきはこれ！ 韓国のインスタントラーメンおすすめ 10選,8/15(木) 20:50
elleonline,ELLE DIGITAL,映画『マンマ・ミーア!』第3弾が進行中　キャストのクリスティーン・バランスキーが明かす,8/15(木) 20:40
elleonline,ELLE DIGITAL,トップデザイナーがカーテン選びを重要視する理由,8/15(木) 20:40
elleonline,ELLE DIGITAL,ケイティ・ペリーの新MV、自然保護区域を傷つけた疑い　無許可で撮影したとしてスペインの環境局が調査,8/15(木) 20:20
elleonline,ELLE DIGITAL,パリ五輪ボクシングのイマネ・ケリフ選手、ネット上のハラスメントを告訴　訴状にはイーロン・マスク、J・K・ローリングの名を記載,8/15(木) 20:02
elleonline,ELLE DIGITAL,ヘンリー王子とメーガン妃、コロンビア政府から利用される？　訪問は「汚職から目をそらせるため」,8/15(木) 19:00
elleonline,ELLE DIGITAL,ティモシー・シャラメ、カイリー・ジェンナーとバハマへ　プライベートジェットから降りてくる現場を激写される,8/14(水) 21:20
elleonline,ELLE DIGITAL,【Stray Kids チャンビン編】スキズの“天才ラッパー”、CHANGBINのビジュアルをデビューから一挙プレイバック！,8/14(水) 21:02
elleonline,ELLE DIGITAL,レストランの新トレンド「ターブルドット」とは？ 東京と山梨の人気店3選,8/14(水) 20:50
elleonline,ELLE DIGITAL,ヘンリー王子の右腕幹部、就任3か月で突然離職　コロンビア外遊直前に辞めたことが発覚,8/14(水) 20:40
elleonline,ELLE DIGITAL,カフェ、レトロ建築まで！ ベトナム・ホーチミンで訪れるべきスポット7,8/14(水) 20:40
elleonline,ELLE DIGITAL,ケイティ・ホームズ、愛娘スリ・クルーズの大学進学を語る「寂しいけれど誇りに思う」,8/14(水) 20:20
elleonline,ELLE DIGITAL,テイラー・スウィフトの元カレ、名門ケネディ家の御曹司が婚約,8/14(水) 20:01
elleonline,ELLE DIGITAL,ヘンリー王子、曽祖母のクイーンマザーから13億円の遺産を相続　叔父の葬儀欠席に批判も,8/14(水) 19:00
elleonline,ELLE DIGITAL,【2024パリ五輪】見逃してない？閉会式のベストモーメント7を復習,8/13(火) 21:20
elleonline,ELLE DIGITAL,ホアキン・フェニックス、撮影直前にドタキャン　男性同士の恋愛映画への出演を取りやめる,8/13(火) 21:01
elleonline,ELLE DIGITAL,医師が指南！ 腸の健康のために効果的な食べ方,8/13(火) 20:50
elleonline,ELLE DIGITAL,アデル、ブレイキンの“クロネコヤマトの人”のファンに！「すごく笑って幸せな気持ちになった」,8/13(火) 20:40
elleonline,ELLE DIGITAL,事前に確認したい！ アンティーク家具の基本と購入方法,8/13(火) 20:40
elleonline,ELLE DIGITAL,“飛び込み王子”トーマス・デーリー、競技生活からの引退を発表「別れを告げるのはとてもつらい」,8/13(火) 20:20
elleonline,ELLE DIGITAL,ウィリアム皇太子、15年ぶりにひげを生やす　ヘンリー王子との関係悪化の一因はひげだった,8/13(火) 20:01
elleonline,ELLE DIGITAL,ビアンカ・センソリ、ビリビリのシャツ＆ボトムで妹と2ショット　カニエ・ウェストのパーティーに出席,8/13(火) 19:01
elleonline,ELLE DIGITAL,夏はルーフトップバーで飲み放題！ 都心のおしゃれテラスレストラン 5選,8/12(月) 20:50
elleonline,ELLE DIGITAL,66歳のシャロン・ストーンが歩んできた、ファッショナブルなヘア遍歴17,8/12(月) 20:40
elleonline,ELLE DIGITAL,定番からSNS映えまで！ タイで巡りたい美しい寺院建築 5選,8/12(月) 20:40
elleonline,ELLE DIGITAL,トラヴィス・スコット、パリで逮捕　ホテルのロビーで手錠をかけられ連行される,8/12(月) 20:30
elleonline,ELLE DIGITAL,ウィリアム皇太子とキャサリン皇太子妃、パリ五輪のイギリス代表選手たちに感謝のメッセージ,8/12(月) 20:26
elleonline,ELLE DIGITAL,まだまだいる！ 世界の独身プリンス＆貴族を大発掘,8/12(月) 20:20
elleonline,ELLE DIGITAL,メーガン妃だけじゃない。英国王室メンバーの“クセが強すぎる”親戚たち,8/12(月) 20:01
elleonline,ELLE DIGITAL,アデル、ついに結婚を認める？　「私はもう結婚している」とコンサートで発言,8/11(日) 21:50
elleonline,ELLE DIGITAL,【SF9 ロウン編】ロン毛が似合う189cmの彫刻美男！ビジュアル遍歴をプレイバック,8/11(日) 21:20
elleonline,ELLE DIGITAL,コッポラ監督も。ハリウッドのセクハラ問題は終わらない！,8/11(日) 21:00
elleonline,ELLE DIGITAL,野菜中心食の人が注意すべき、ビタミンB12欠乏症のサイン10,8/11(日) 20:50
elleonline,ELLE DIGITAL,キャミソール＆タンクトップがパートナー！ パリジェンヌ流真夏の大人コーデ3,8/11(日) 20:40
elleonline,ELLE DIGITAL,死ぬまでに訪れたい、美しすぎる世界の図書館 10選,8/11(日) 20:40
elleonline,ELLE DIGITAL,祝49歳！俳優シャーリーズ・セロンの16歳からのドラマチック人生と美貌遍歴,8/11(日) 20:20
elleonline,ELLE DIGITAL,結婚、出産、転職etc. 人生のステージが変わってしまった親友と絆を保つ方法,8/11(日) 20:01
elleonline,ELLE DIGITAL,【2024パリ五輪】あまり語られない…舞台裏で起こっていた”名迷”場面5選,8/10(土) 21:20
elleonline,ELLE DIGITAL,パリ五輪で注目！　バスケや陸上などで活躍する現役アスリートママたち,8/10(土) 21:03
elleonline,ELLE DIGITAL,【パリ・グルメガイド2024】おやつやお土産にしたい絶品スイーツ5選,8/10(土) 20:50
elleonline,ELLE DIGITAL,幸せ絶頂！五輪開催中のパリで婚約した5組のカップル,8/10(土) 20:40
elleonline,ELLE DIGITAL,エルメス、ルイ・ヴィトン…、憧れブランドのインテリアアイテム 11選,8/10(土) 20:40
elleonline,ELLE DIGITAL,クセが強すぎる！ メーガン夫人のお騒がせな親族たち,8/10(土) 20:20
elleonline,ELLE DIGITAL,毎日髪を洗わない？ 憧れのパリジェンヌになれる美容メソッド,8/10(土) 20:01
elleonline,ELLE DIGITAL,ブラッド・ピット、事故を起こした次男を「心配している」　事故目撃者は「口が血でいっぱいだった」,8/9(金) 21:20
elleonline,ELLE DIGITAL,ヴィクトリア・ベッカム、TikTokトレンドの犠牲者に　家族からだまされる,8/9(金) 21:01
elleonline,ELLE DIGITAL,ザクロが記憶力向上に役立つ？ 研究で判明,8/9(金) 20:50
elleonline,ELLE DIGITAL,ドレイク、セリーナ・ウィリアムズとの関係を認める　曲のネタにしたことも告白「俺は君にはもったいない」,8/9(金) 20:40
elleonline,ELLE DIGITAL,ケイト・ブランシェット、歴史的大ヒット作『ロード・オブ・ザ・リング』はノーギャラ？　「もらったのはサンドイッチだけ」,8/9(金) 20:20
elleonline,ELLE DIGITAL,ブレイク・ライブリー、まさかの「パンツ裏返し」を告白　同じコーディネートに改めて挑戦,8/9(金) 20:02
elleonline,ELLE DIGITAL,【SEVENTEEN エスクプス編】セブチの長男で頼れるリーダー、S.COUPSの歴代ビューティ遍歴,8/9(金) 19:01
elleonline,ELLE DIGITAL,エミリー・ラタコウスキーに新恋人？　ミュージシャンのシャブージーとのデート報道が浮上,8/8(木) 21:40
elleonline,ELLE DIGITAL,ヨルダンのラジワ皇太子妃と娘のイマン王女が退院　フセイン皇太子と親子3ショットを披露,8/8(木) 21:02
elleonline,ELLE DIGITAL,セリーナ・ウィリアムズ、パリの高級レストランから入店拒否されたと主張　従業員は「他の客と同じように対応しただけ」,8/8(木) 20:40
elleonline,ELLE DIGITAL,イーロン・マスクの娘、父を非難「嘘つきの不倫男」,8/8(木) 20:20
elleonline,ELLE DIGITAL,ノルウェーのメッテ＝マリット王太子妃の息子、女性に暴力を振るって逮捕される,8/8(木) 20:01
elleonline,ELLE DIGITAL,ブレイク・ライブリーが20年前のブリトニー・スピアーズのドレスを着用！,8/8(木) 19:00
elleonline,ELLE DIGITAL,映画『スター・ウォーズ』出演俳優、バセドウ病の診断を受けたことを公表,8/7(水) 21:20
elleonline,ELLE DIGITAL,ブレイク・ライブリー、母親としての罪の意識を語る「仕事中、プライベートの方の私でないことが苦しい」,8/7(水) 21:02
elleonline,ELLE DIGITAL,全国のトロピカルスイーツ10選！限定アフタヌーンティーやかき氷が登場,8/7(水) 20:50
elleonline,ELLE DIGITAL,ハル・ベリー、8年前に別れた元夫とまだ揉めていた　子育てを巡って裁判所に申し立て,8/7(水) 20:40
elleonline,ELLE DIGITAL,子どもの夏休みにおすすめの海外旅行先 10選,8/7(水) 20:40
elleonline,ELLE DIGITAL,リアーナ、故郷バルバドスのパレードに5年ぶりに参戦　ビジューだけの大胆コスチュームで登場,8/7(水) 20:20
elleonline,ELLE DIGITAL,英国ソフィー妃、女子チームスプリントの金メダルに大興奮　パリ五輪自転車トラックを観戦,8/7(水) 20:01
elleonline,ELLE DIGITAL,ウクライナ人ブレイキン選手「踊ってないで軍隊に行け」批判に反論「国を代表してオリンピックの舞台で勝ちたい」,8/7(水) 19:00
elleonline,ELLE DIGITAL,トム・クルーズ、25歳のシンガーとの恋愛報道が浮上　トムの操縦するヘリコプターで映画のプレミアへ,8/6(火) 21:40
elleonline,ELLE DIGITAL,【SHINee キー編】シャイニーが誇る“万能KEY”のセンスあふれるビジュアル遍歴,8/6(火) 21:20
elleonline,ELLE DIGITAL,アンジェリーナ・ジョリー、交通事故を起こした次男に手を焼いていた　「彼は問題児」と関係者が語る,8/6(火) 21:02
elleonline,ELLE DIGITAL,スイカの種は食べても大丈夫なの？ リスクを栄養士にASK,8/6(火) 20:50
elleonline,ELLE DIGITAL,ヘンリー王子とメーガン妃、王室との緊張感がさらに高まる　コロンビア外遊計画は「国王を明らかに軽視」,8/6(火) 20:40
elleonline,ELLE DIGITAL,性別騒動の女子ボクサー、イマネ・ヘリフ選手が訴える「アスリートへのいじめを慎んで欲しい」,8/6(火) 20:20
elleonline,ELLE DIGITAL,7カ月にもわたる900億円越えの結婚式！ “アジア一リッチなインド大富豪の御曹司”、豪華ウェディングの一部始終,8/6(火) 20:01
elleonline,ELLE DIGITAL,【2024パリ五輪】海外の報道カメラマンが厳選！ 注目の女性アスリートを収めた“決定的瞬間”,8/6(火) 19:03
elleonline,ELLE DIGITAL,マドンナ、新恋人とベッドでトップレス写真を撮影,8/5(月) 21:20
elleonline,ELLE DIGITAL,ザック・エフロン、バカンス中に水の事故　病院に搬送される,8/5(月) 21:02
elleonline,ELLE DIGITAL,韓国好きエディターが厳選！ ソウルで今いちばん行きたい店3選,8/5(月) 20:50
elleonline,ELLE DIGITAL,アデル、コンサート中にパリ五輪をパブリックビューイング　ファンと一緒に陸上100m女子を観戦,8/5(月) 20:40
elleonline,ELLE DIGITAL,メーガン妃、新インタビューで王室時代の自殺願望を改めて語る「オープンにすることで癒される」,8/5(月) 20:20
elleonline,ELLE DIGITAL,2024パリ五輪、初の「託児所」がママアスリートの“夢の実現”をサポート,8/5(月) 20:01
elleonline,ELLE DIGITAL,ヨルダンのフセイン皇太子とラジワ皇太子妃に第1子が誕生,8/5(月) 19:01
elleonline,ELLE DIGITAL,サマソニで初来日！ 南アフリカ出身の新星タイラ（Tyla）って何者？,8/4(日) 21:40
elleonline,ELLE DIGITAL,パリでやりたい4つのこと｜パリ在住エディターおすすめの最旬おしゃれアドレス,8/4(日) 21:20
elleonline,ELLE DIGITAL,そのメイクのままで大丈夫？ 30代後半から見直したい5つのルール,8/4(日) 21:02
elleonline,ELLE DIGITAL,ダイエット中にもおすすめ！ グレープフルーツを食べるべき10の理由,8/4(日) 20:50
elleonline,ELLE DIGITAL,あらためて知りたい、セリーヌ・ディオンの凄すぎる伝説5,8/4(日) 20:40
elleonline,ELLE DIGITAL,夏休みに行きたい、アート&デザインの展覧会おすすめ10,8/4(日) 20:40
elleonline,ELLE DIGITAL,世界でメガヒットを記録中！『デッドプール＆ウルヴァリン』のカメオ出演者たち,8/4(日) 20:20
elleonline,ELLE DIGITAL,ボトックスの代替療法　“ノートックス”によるエイジングケア、海外の美容トレンドに迫る,8/4(日) 20:02
elleonline,ELLE DIGITAL,「エイジレスな海外セレブ」の美容習慣は？！ 年齢を重ねてなお美しさが増すマイルール4,8/3(土) 22:01
elleonline,ELLE DIGITAL,真夏は「ワンピース」一択！ パリジェンヌの愛用ワンピースコーデ3,8/3(土) 21:40
elleonline,ELLE DIGITAL,「ザ・グローリー」「Sweet Home」出演！ 人気俳優イ・ドヒョンのビジュアル遍歴,8/3(土) 21:20
elleonline,ELLE DIGITAL,恋多きロイヤル、モナコ公室シャルロット・カシラギの歴代恋人ギャラリー,8/3(土) 21:02
elleonline,ELLE DIGITAL,【2024年上半期】東京にオープンした話題のベーカリー 3選,8/3(土) 20:50
elleonline,ELLE DIGITAL,“チーク塗り過ぎ”が流行 今チークメイクを楽しむべき理由,8/3(土) 20:40
elleonline,ELLE DIGITAL,デザインも楽しめる、おしゃれな虫よけグッズ 5,8/3(土) 20:40
elleonline,ELLE DIGITAL,米大統領選で注目。ドナルド・トランプが溺愛する末っ子バロン・トランプって何者？,8/3(土) 20:20
elleonline,ELLE DIGITAL,夏休みに行きたい、国内アートイベント24選,8/3(土) 20:01
elleonline,ELLE DIGITAL,【祝・誕生日】LE SSERAFIMのリーダー、チェウォンの最新ファッションスタイルを追っかけ,8/2(金) 21:20
elleonline,ELLE DIGITAL,ヘンリー王子、アーチー王子とリリベット王女を見せないのは「歴史を繰り返したくない」から　メーガン妃との外遊第2弾も発表,8/2(金) 21:01
elleonline,ELLE DIGITAL,ブリトニー・スピアーズの大ヒット回顧録が映画化　『ウィキッド』のジョン・M・チュウが監督,8/2(金) 20:40
elleonline,ELLE DIGITAL,リース・ウィザースプーンに新恋報道　投資会社の重役とヘリ移動でディナーデート,8/2(金) 20:20
elleonline,ELLE DIGITAL,チャールズ国王、「ペンにブチギレ」事件をジョークに　「うまく書ける状態なのを願うよ」,8/2(金) 20:01
elleonline,ELLE DIGITAL,カーディ・B、第3子を妊娠　オフセットとの離婚申請直後に発表,8/2(金) 19:01
elleonline,ELLE DIGITAL,【祝24歳】IZ*ONE時代から華麗なる変身を遂げた、LE SSERAFIM チェウォンのビジュアル遍歴,8/1(木) 21:20
elleonline,ELLE DIGITAL,サンドラ・ブロック、間もなく表舞台に復帰か　「仕事に戻る準備はできている」と関係者が証言,8/1(木) 21:02
elleonline,ELLE DIGITAL,新たな食トレンド“モダンインディアン”とは？ 注目のレストランをレポート,8/1(木) 20:50
elleonline,ELLE DIGITAL,ブレイク・ライブリー、ヘアケアラインを発表　開発に7年をかけてついに完成,8/1(木) 20:40
elleonline,ELLE DIGITAL,ニコラ・ペルツ、愛犬のチワワを虐待死させたとしてトリマーを訴える,8/1(木) 20:20
elleonline,ELLE DIGITAL,ヘンリー王子、チャールズ国王が電話に出てくれないと嘆く　警護問題を訴えすぎることが原因か,8/1(木) 20:01
elleonline,ELLE DIGITAL,飛び込み王子のトーマス・デーリー選手、パリでも編み物　完成したばかりの五輪記念ニットをお披露目,8/1(木) 19:01
elleonline,ELLE DIGITAL,ニコール・キッドマン、愛娘サンデー・ローズとレッドカーペットへ　2ショットを披露,7/31(水) 21:01
elleonline,ELLE DIGITAL,パンをおいしく長持ちさせよう！購入派も手作り派も覚えておくべき保存のコツ,7/31(水) 20:50
elleonline,ELLE DIGITAL,マット・デイモン、キルスティン・ダンストの夫ジェシー・プレモンスに激似であることを認める,7/31(水) 20:40
elleonline,ELLE DIGITAL,クリスティアーノ・ロナウド、ついに結婚？　ジョージナ・ロドリゲスを「妻」と呼ぶ,7/31(水) 20:20
elleonline,ELLE DIGITAL,レディー・ガガ、パリ五輪開会式のステージは録画だったことが発覚　関係者が理由を明かす,7/31(水) 20:01
elleonline,ELLE DIGITAL,【2024パリ五輪】最もクールな各国代表チームのユニフォーム5選,7/31(水) 19:01
elleonline,ELLE DIGITAL,アンジェリーナ・ジョリーとブラッド・ピットの息子パックス、交通事故を起こして病院に運ばれる,7/31(水) 19:01
elleonline,ELLE DIGITAL,セレーナ・ゴメス、整形疑惑に反応　ボトックスの使用をカミングアウト,7/30(火) 21:01
elleonline,ELLE DIGITAL,夏の和菓子は「あんみつ」がトレンド！ 最新お取り寄せランキングBEST 5,7/30(火) 20:50
elleonline,ELLE DIGITAL,ジャスティン・ビーバー、ヘイリー・ビーバーとの2ショット動画を投稿　幸せいっぱいなシーンを披露,7/30(火) 20:40
elleonline,ELLE DIGITAL,ウィリアム皇太子夫妻もAirbnbを利用！ ウェールズでの宿泊先をチェック,7/30(火) 20:40
elleonline,ELLE DIGITAL,レディー・ガガ、パリの街で歌う　ホテルの前に集まったファンにサプライズプレゼント,7/30(火) 20:20
elleonline,ELLE DIGITAL,シアーシャ・ローナン、俳優のジャック・ロウデンと極秘結婚,7/30(火) 20:00
elleonline,ELLE DIGITAL,ウィリアム皇太子、キャサリン皇太子妃に電話で別れ話　新伝記で婚約前の破局の顛末が明らかに,7/30(火) 19:01
elleonline,ELLE DIGITAL,ヘンリー王子、メーガン妃をイギリスに連れて行かない理由を語る「危険な国だから」,7/29(月) 21:02
elleonline,ELLE DIGITAL,皮付きのにんじんを食べるのはダメなこと？ 専門家に注意点をASK,7/29(月) 20:50
elleonline,ELLE DIGITAL,ライアン・レイノルズとブレイク・ライブリーの子どもたち、『デッドプール＆ウルヴァリン』にカメオ出演　1人はヒュー・ジャックマンのサポート役？,7/29(月) 20:40
elleonline,ELLE DIGITAL,ベン・アフレック、一人暮らし用の家を購入　ジェニファー・ロペスの誕生日パーティーにも参加せず,7/29(月) 20:20
elleonline,ELLE DIGITAL,ビアンカ・センソリ、セレブ御用達ホテルにドレスコードを変えさせる？　ビキニトップで「ビジネスカジュアル」エリアに出没,7/29(月) 20:01
elleonline,ELLE DIGITAL,ジェシカ・チャステイン、珍しく子どもたちとのお出かけシーンを披露　パリ五輪観戦へ,7/29(月) 19:01
elleonline,ELLE DIGITAL,SNSや飲酒はOK？オリンピック選手村、「滞在中のルール」とは,7/28(日) 22:00
elleonline,ELLE DIGITAL,パリジェンヌ流【涼感コーデ】　ヘルシーな肌見せコーデのコツを紹介,7/28(日) 21:40
elleonline,ELLE DIGITAL,ハリウッドのイケオジセレブたちの意外な交友関係「この人とこの人、繋がってたの？」,7/28(日) 21:20
elleonline,ELLE DIGITAL,ネガティブな思考のスパイラル、「考えすぎ」を止める方法,7/28(日) 21:01
elleonline,ELLE DIGITAL,【2024年上半期】東京にオープンしたスイーツショップを総まとめ！,7/28(日) 20:50
elleonline,ELLE DIGITAL,心ときめく景色に出会える！　散歩で行きたいパリのベストスポット,7/28(日) 20:40
elleonline,ELLE DIGITAL,デザインとコスパを備えた「イケア」のおすすめ犬猫グッズ10,7/28(日) 20:40
elleonline,ELLE DIGITAL,改めて振り返る、アメリカ大統領暗殺未遂事件の歴史,7/28(日) 20:20
elleonline,ELLE DIGITAL,究極のクローゼット断捨離テク6選。プロ直伝、衣類の正しい保管方法＆NGな行為とは？,7/28(日) 20:01
elleonline,ELLE DIGITAL,ヒップでリーズナブルな、パリの最新デザインホテル3選,7/27(土) 21:40
elleonline,ELLE DIGITAL,『デッドプール＆ウルヴァリン』の素朴な疑問：ウルヴァリンはなぜ生きている？,7/27(土) 21:20
elleonline,ELLE DIGITAL,50代以上のセレブはどんなスキンケアをしている 愛用クリームを公開,7/27(土) 21:02
elleonline,ELLE DIGITAL,セリーヌ・ディオンもカムバック！ パリオリンピック開会式、セレブたちの豪華衣装について解説,7/27(土) 20:56
elleonline,ELLE DIGITAL,気を付けて！ 再冷凍NGな3つの食べ物,7/27(土) 20:50
elleonline,ELLE DIGITAL,グレース・ケリーにダイアナ妃……暗殺された噂が消えないセレブ4人,7/27(土) 20:40
elleonline,ELLE DIGITAL,海外のデザイン好きが、日本でしたい10のこと,7/27(土) 20:40
elleonline,ELLE DIGITAL,今も当時も麗しい！英国王室メンバーの「ティーン時代」を振り返り,7/27(土) 20:20
elleonline,ELLE DIGITAL,地毛は黒髪、クルクルな人も！ 海外セレブの髪色＆地毛ビフォー＆アフター,7/27(土) 20:02
elleonline,ELLE DIGITAL,【2024パリ五輪】特に注目すべき5名の女性選手たち,7/26(金) 21:02
elleonline,ELLE DIGITAL,ベハティ・プリンスルー、ヴィクトリアズ・シークレットにカムバック 　6年ぶりにキャンペーンに登場,7/26(金) 20:40
elleonline,ELLE DIGITAL,ウィリアム皇太子、カミラ王妃の妹を再雇用せず　過去20年、公領のインテリアデザイナーとして働く,7/26(金) 20:20
elleonline,ELLE DIGITAL,ジェニファー・アニストン、共和党副大統領候補の発言を批判「カマラ・ハリスは子どものいない惨めな猫おばさん」,7/26(金) 20:01
elleonline,ELLE DIGITAL,アリシア・ヴィキャンデル、第2子を出産したことを認める,7/26(金) 19:01
elleonline,ELLE DIGITAL,ジジ・ハディッド、スキ・ウォーターハウスに激怒？　ブラッドリー・クーパーを巡る発言が原因に,7/25(木) 21:20
elleonline,ELLE DIGITAL,『エミリー、パリへ行く』シーズン4配信直前！気になるワードローブをのぞき見,7/25(木) 21:01
elleonline,ELLE DIGITAL,運動後に何を食べるべき？ 筋肉の回復に効果的な食べ物 10選,7/25(木) 20:50
elleonline,ELLE DIGITAL,イーロン・マスク、トランスジェンダーの我が子について語る「息子は意識高い系ウィルスに殺された」,7/25(木) 20:40
elleonline,ELLE DIGITAL,ヘンリー王子、家族との関係が壊れたのは「タブロイドとの裁判が原因」　新インタビューで発言,7/25(木) 20:20
elleonline,ELLE DIGITAL,ウィリアム皇太子、年収は46億円　コーンウォール公領からの収入が公表される,7/25(木) 20:02
elleonline,ELLE DIGITAL,ティモシー・シャラメ、ボブ・ディランそっくりの歌声を披露　『A Complete Unknown』のトレイラーが公開,7/25(木) 19:01
elleonline,ELLE DIGITAL,ライアン・レイノルズとブレイク・ライブリー、第4子の名前を明かす「もっと子どもが欲しい」,7/24(水) 21:01
elleonline,ELLE DIGITAL,地元民も通う、青森・弘前と白神山地のおすすめグルメ,7/24(水) 20:50
elleonline,ELLE DIGITAL,ヘンリー王子のインビクタス、10年ぶりにイギリスでの開催が決定　家族との関係回復を目指して単独帰国を計画か,7/24(水) 20:40
elleonline,ELLE DIGITAL,建築やインテリアも魅力！ 韓国・ソウルで行くべき、おしゃれ本屋4,7/24(水) 20:40
elleonline,ELLE DIGITAL,ブラッド・ピットとアンジェリーナ・ジョリー、ベネチア国際映画祭で遭遇する可能性が浮上　出演作の上映が決定,7/24(水) 20:20
elleonline,ELLE DIGITAL,ヘイリー・ビーバー、実家と疎遠になっていることを明かす「今はそれほど親しくない」,7/24(水) 20:01
elleonline,ELLE DIGITAL,セリーヌ・ディオン、パリ五輪の開会式に3億円で出演か　パリのホテルに到着,7/24(水) 19:00
elleonline,ELLE DIGITAL,アンドリュー・ガーフィールドと交際中のスピリチュアルメンター、マスコミを「女性差別的」と批判,7/23(火) 21:02
elleonline,ELLE DIGITAL,ヨーグルトを毎日食べるのはヘルシー？ 栄養士2名が解説,7/23(火) 20:50
elleonline,ELLE DIGITAL,マドンナの息子デヴィッド・バンダ、母と暮らしていた家を出る　「残飯を漁っている」発言でプチ炎上,7/23(火) 20:40
elleonline,ELLE DIGITAL,ケイティ・ペリー、オーランド・ブルームとバカンス　ロマンティックなキスシーンを披露,7/23(火) 20:20
elleonline,ELLE DIGITAL,カーディ・B、カマラ・ハリス副大統領への支持を表明,7/23(火) 20:02
elleonline,ELLE DIGITAL,ジョージ王子が11歳に！　ウィリアム皇太子とキャサリン皇太子妃が記念のポートレートを発表,7/23(火) 19:01
elleonline,ELLE DIGITAL,アンジェリーナ・ジョリーの娘シャイロ、新聞広告で改姓宣言　ブラッド・ピットの姓を捨てる手続き進行中,7/22(月) 21:02
elleonline,ELLE DIGITAL,パリで絶対行きたい！ ミュージアムカフェ＆レストラン5選,7/22(月) 20:50
elleonline,ELLE DIGITAL,チャールズ国王、キレやすい性格がまた露呈　カミラ王妃を手助けしない従者を一喝,7/22(月) 20:40
elleonline,ELLE DIGITAL,キム・キャトラル、「セックス・アンド・ザ・シティ新章」新シーズンへの出演報道を否定,7/22(月) 20:20
elleonline,ELLE DIGITAL,アン・ハサウェイ、テイラー・スウィフトのコンサートで踊りまくっているところを激写される,7/22(月) 20:01
elleonline,ELLE DIGITAL,レオナルド・ディカプリオの元恋人カミラ・モローネに新恋報道　お相手はジジ・ハディッドの元カレ,7/22(月) 19:00
elleonline,ELLE DIGITAL,ジョージ王子がパパ・ウィリアム皇太子とそっくりだった瞬間,7/21(日) 22:01
elleonline,ELLE DIGITAL,数字で検証！　TWICEの世界的な人気を証明する7の事実,7/21(日) 21:40
elleonline,ELLE DIGITAL,祝42歳！ プリヤンカー・チョープラーの華やか人生とゴージャスな美貌をプレイバック！,7/21(日) 21:20
elleonline,ELLE DIGITAL,ヘルシー＆涼しげ！おしゃれセレブの「肌見せファッション」実例3【肌見せパーツ別】,7/21(日) 21:01
elleonline,ELLE DIGITAL,迷ったら捨てるのが一番！ 鶏肉が悪くなったかどうか見分ける方法,7/21(日) 20:50
elleonline,ELLE DIGITAL,そっくりすぎてホラー？　カミラ王妃と妹アナベル、激似の双子風アルバム,7/21(日) 20:40
elleonline,ELLE DIGITAL,【インテリア実例】「ティファニー ホーム」のディレクターがハンプトンの家を公開,7/21(日) 20:40
elleonline,ELLE DIGITAL,歴代オリンピック（夏季・冬季大会）にみる、聖火ランナーを務めた注目の著名人を時系列でプレイバック,7/21(日) 20:20
elleonline,ELLE DIGITAL,祝・高校卒業スリ・クルーズの0歳から最新ルックまでのベストショットを一挙公開！,7/21(日) 20:02
elleonline,ELLE DIGITAL,シャーロット王女とチャールズ国王、色違いの“友情ブレスレット”を着用？,7/20(土) 22:40
elleonline,ELLE DIGITAL,【BTS ジミン編】祝・兵役中カムバック！防弾少年団JIMIN11年間のビューティヒストリー,7/20(土) 22:20
elleonline,ELLE DIGITAL,舌出しに爪噛みも！　カミラ王妃の仰天顔アルバム,7/20(土) 22:00
elleonline,ELLE DIGITAL,トレンド発信源！韓国アイドルたちのヘアチェンジ速報！ NewJeans、BABYMONSTER etc…,7/20(土) 21:40
elleonline,ELLE DIGITAL,韓国・富川国際ファンタスティック映画祭 2024、5つの注目ポイントを振り返り！,7/20(土) 21:20
elleonline,ELLE DIGITAL,嫌われ役から英国王室を救う存在へ。カミラ王妃の好感度逆転劇を追う,7/20(土) 21:01
elleonline,ELLE DIGITAL,手土産にも！ ラグジュアリーホテルの絶品定番スイーツ 10選,7/20(土) 20:50
elleonline,ELLE DIGITAL,酷暑予想のパリ五輪、エアコンなし選手村にSNS上で議論勃発　日本は自前調達も……CO2削減「台無し」の声,7/20(土) 20:40
elleonline,ELLE DIGITAL,絶景と建築が楽しめる、沖縄のおしゃれAirbnb 5,7/20(土) 20:40
elleonline,ELLE DIGITAL,インド一の大富豪、アンバニ家とは？　ムケシュ・アンバニの子どもたちを紹介,7/20(土) 20:20
elleonline,ELLE DIGITAL,夏のモノトーン、どう着る？ パリジェンヌのシンプルコーデを拝見,7/20(土) 20:01
elleonline,ELLE DIGITAL,祝31歳！ カリスマ性で魅せるSHINeeテミンのビジュアル遍歴をデビュー時から振り返る,7/19(金) 21:20
elleonline,ELLE DIGITAL,【2024年女性大臣の日】リーダーシップを発揮して、世界をけん引する注目の女性たち,7/19(金) 21:01
elleonline,ELLE DIGITAL,冷たい水と常温の水、どちらを飲むほうがいいの？ 専門家にASK,7/19(金) 20:50
elleonline,ELLE DIGITAL,コンゴ初の女性首相が誕生「国全体で“ガラスの天井”を打ち破る」260万人の雇用創出とAI技術の発展を目指す,7/19(金) 20:40
elleonline,ELLE DIGITAL,キム・カーダシアン、息子がマイケル・ジャクソンと同じ皮膚疾患を患っていることを告白,7/19(金) 20:20
elleonline,ELLE DIGITAL,アンジェリーナ・ジョリー、ブラッド・ピットにワイナリーの訴訟を取り下げるよう要求,7/19(金) 20:01
elleonline,ELLE DIGITAL,ドバイのシェイカ王女、SNSで夫に離婚宣告「親愛なる夫へ。私はあなたと離婚します」,7/19(金) 19:02
elleonline,ELLE DIGITAL,ウィル・スミスとジョニー・デップ、プライベートで遭遇　レアな仲良しショットを披露,7/18(木) 21:02
elleonline,ELLE DIGITAL,一度は訪れたい！ 世界の美しいスターバックス 5選,7/18(木) 20:50
elleonline,ELLE DIGITAL,カミラ王妃が77歳に　ウィリアム皇太子夫妻が祝福、公務先では小学生が歌とカードをプレゼント,7/18(木) 20:40
elleonline,ELLE DIGITAL,山梨・清春芸術村で「こどものための建築」プロジェクトがスタート,7/18(木) 20:40
elleonline,ELLE DIGITAL,アリアナ・グランデ、整形手術明けの兄フランキーと共に恋人の公演へ　フランキーは鼻のビフォア＆アフターを大公開,7/18(木) 20:20
elleonline,ELLE DIGITAL,ジェニファー・ロペスとベン・アフレック、結婚記念日を別々に過ごす,7/18(木) 20:01
elleonline,ELLE DIGITAL,第75回エミー賞の候補が発表　「将軍 SHGUN」が最多25ノミネーションを獲得、真田広之＆アンナ・サワイも,7/18(木) 19:00
elleonline,ELLE DIGITAL,ヘンリー王子、ヴィーナス・ウィリアムズにディスられる？　妹セリーナはメーガン妃の大親友,7/17(水) 21:02
elleonline,ELLE DIGITAL,栄養士がおすすめ！ ヘルシーな中華料理 7選,7/17(水) 20:50
elleonline,ELLE DIGITAL,シャナン・ドハーティー、死の直前に離婚に合意　前日に扶養者手当放棄の書類にサインしていた,7/17(水) 20:40
elleonline,ELLE DIGITAL,ナタリー・ポートマン、離婚を乗り越えられたのはリアーナからのあの言葉のおかげ「すべての離婚女性が言ってもらうべき」,7/17(水) 20:20
elleonline,ELLE DIGITAL,ジョニー・デップに新恋報道　お相手はロシア出身のモデル＆美容師,7/17(水) 20:00
elleonline,ELLE DIGITAL,エマ・ロバーツ、俳優のコーディ・ジョンと婚約,7/17(水) 19:00
elleonline,ELLE DIGITAL,『WALK』でカムバック！NCT 127の日本人メンバーYUTA（ユウタ）の最新ファッションを追っかけ,7/16(火) 21:20
elleonline,ELLE DIGITAL,ショーン・メンデスとカミラ・カベロがまた復縁？　ファンからは「第2のジェレーナ」とからかう声も,7/16(火) 21:02
elleonline,ELLE DIGITAL,手土産にしたいスイーツに出合った！ イクアリーの「クレープショコラサンド」,7/16(火) 20:50
elleonline,ELLE DIGITAL,ティモシー・シャラメは「被害妄想狂のディーバ」？　新作の撮影スタッフが「自分のことしか考えていない」と証言,7/16(火) 20:40
elleonline,ELLE DIGITAL,キム・カーダシアン、インドの大富豪御曹司の結婚式に出席　500カラット超えのエメラルドでドレスアップ,7/16(火) 20:20
elleonline,ELLE DIGITAL,カニエ妻のビアンカ・センソリ、極小ビキニで映画デート,7/16(火) 20:01
elleonline,ELLE DIGITAL,ウィリアム皇太子とジョージ王子、EURO2024決勝を観戦　シャーロット王女とルイ王子はテレビの前で応援,7/16(火) 19:00
elleonline,ELLE DIGITAL,世界的なチョコレート危機「カカオショック」とは？ スイーツ好きが今できること,7/15(月) 20:50
elleonline,ELLE DIGITAL,カビを撃退！ 簡単な掃除方法と予防策,7/15(月) 20:40
elleonline,ELLE DIGITAL,『ソンジェ背負って走れ』で大ブレイク！ 実は苦労人の元モデル俳優、ピョン・ウソクの出演作BEST3,7/15(月) 20:20
elleonline,ELLE DIGITAL,キャサリン妃がウィンブルドン選手権に出席！ メーガン妃のお気に入りブランドを着用,7/15(月) 20:00
elleonline,ELLE DIGITAL,化粧下地は日焼け対策になる？ 日焼け止めにまつわる4つの疑問を専門家が解説,7/15(月) 20:00
elleonline,ELLE DIGITAL,キャサリン皇太子妃、ウィンブルドン選手権に　シャーロット王女＆妹ピッパと観戦,7/15(月) 19:50
elleonline,ELLE DIGITAL,BTSのJIN、パリオリンピックの聖火リレーに参加　ルーブル美術館エリアでランナーを務める,7/15(月) 18:40
elleonline,ELLE DIGITAL,キティ・スペンサーほか、ダイアナ妃の華麗なる姪＆甥たちをおさらい,7/14(日) 21:20
elleonline,ELLE DIGITAL,友情を壊さずに女子旅を成功させるための心得6選,7/14(日) 21:00
elleonline,ELLE DIGITAL,"1,000円台で贅沢感を味わえる！ 「麻布台ヒルズ」のおすすめテイクアウトグルメ 5選",7/14(日) 20:50
elleonline,ELLE DIGITAL,毛穴の悩みにも！ 角質ケアの適切な方法と成分の選び方を皮膚科医が解説,7/14(日) 20:40
elleonline,ELLE DIGITAL,ブラピだって我が子に会いたい。子どもたちへの愛を語った切なすぎる発言集,7/14(日) 20:40
elleonline,ELLE DIGITAL,SNSで人気のインテリア実例ランキング1位！ ファッションデザイナー丸山敬太のオブジェのある暮らし,7/14(日) 20:40
elleonline,ELLE DIGITAL,髪型に迷ったら！ 「ボブヘア」トレンドをおしゃれセレブからウォッチ,7/14(日) 20:20
elleonline,ELLE DIGITAL,ビタミンDの効果効能って？積極的にとるべき7つの理由を専門医師が解説！,7/14(日) 20:00
elleonline,ELLE DIGITAL,第1子誕生間近！　ヨルダン王室・フセイン皇太子＆ラジワ皇太子妃のLOVEショット集,7/13(土) 21:02
elleonline,ELLE DIGITAL,おひとりさまOK！ 韓国・ソウルで行くべきおいしい店 5選,7/13(土) 20:50
elleonline,ELLE DIGITAL,ヘンリー王子とメーガン妃、ESPY賞授賞式に出席　王子の受賞に反対していたティルマンの母に賛辞,7/13(土) 20:40
elleonline,ELLE DIGITAL,雨の日にこそ訪れたい、国内のおすすめ美術館 5選,7/13(土) 20:40
elleonline,ELLE DIGITAL,「フラットサンダル」が夏のパートナー！ パリジェンヌの最新サマーコーデ3,7/13(土) 20:21
elleonline,ELLE DIGITAL,ベッカム家の新妻二コラ・ペルツ、トリミングサロンで愛犬が不審死。徹底抗戦へ,7/13(土) 20:01
elleonline,ELLE DIGITAL,カーディ・B、「シャネル」の巨大なバッグの中身を披露「特別なものは入ってない」,7/12(金) 20:40
elleonline,ELLE DIGITAL,ベン・アフレックの18歳の愛娘、ロサンゼルスの「マスク禁止令」の動きを批判　郡委員会でスピーチ,7/12(金) 20:21
elleonline,ELLE DIGITAL,ジョージ・クルーニーがバイデン大統領に出馬を考え直すように求める　ライバルのトランプ大統領がクルーニーを批判,7/12(金) 20:01
elleonline,ELLE DIGITAL,メーガン妃、ブランドの滑り出しは「好調」　ローンチしてないけれどメルマガ登録10万人に「満足している」,7/12(金) 19:00
elleonline,ELLE DIGITAL,スキ・ウォーターハウス、出産4か月後のビキニ姿を披露　美しすぎるボディにファン騒然,7/11(木) 21:20
elleonline,ELLE DIGITAL,デンマークのメアリー王妃と英国ロイヤルのザラ・ティンダル、服がかぶる　1日違いで同じドレス姿を披露,7/11(木) 21:02
elleonline,ELLE DIGITAL,世界のオシャレすぎる「マクドナルド」6連発,7/11(木) 20:50
elleonline,ELLE DIGITAL,ブラッド・ピット、成人した子どもたちとは「ほとんど接触していない」　下の子どもたちとも「限られた」関係に,7/11(木) 20:40
elleonline,ELLE DIGITAL,ブラッド・ピットとアンジェリーナ・ジョリー、今も離婚成立の見込みは立たず!? 「まだ話し合っている」と関係者,7/11(木) 20:31
elleonline,ELLE DIGITAL,ヘンリー王子、ドキュメンタリー番組への出演が決定　タブロイドとの訴訟が「使命」である理由を語る,7/11(木) 20:21
elleonline,ELLE DIGITAL,デヴィッド・ベッカムとヴィクトリア・ベッカム、愛娘ハーパー・セブンの誕生日を祝福　兄ブルックリンも2ショットを投稿,7/11(木) 20:11
elleonline,ELLE DIGITAL,デヴィッド・ベッカムとヴィクトリア・ベッカムの愛娘ハーパー・セブンが13歳に　秘蔵映像で盛大にお祝い,7/11(木) 20:02
elleonline,ELLE DIGITAL,キャストは？ 進行中の『プラダを着た悪魔』続編について今わかっていること,7/11(木) 19:00
elleonline,ELLE DIGITAL,アリアナ・グランデ、鼻を整形した兄フランキーを応援　術後の生々しい写真に「全部完璧！」,7/10(水) 21:02
elleonline,ELLE DIGITAL,カニエ・ウェストの元恋人ジュリア・フォックス、レズビアンであることを告白,7/10(水) 20:40
elleonline,ELLE DIGITAL,ベアトリス王女の姿も！ 豪華セレブの「ウィンブルドン選手権」観戦ファッション,7/10(水) 20:10
elleonline,ELLE DIGITAL,ウィリアム皇太子、かつて働いていた空軍基地を訪問　皇太子仕様にグレードアップしたマグカップを贈られる,7/10(水) 20:01
elleonline,ELLE DIGITAL,BLACKPINKのジェニー、室内での喫煙を謝罪　カプリ島での動画で炎上,7/10(水) 19:01
elleonline,ELLE DIGITAL,「Heaven」でカムバック！ SM顔代表、少女時代テヨンの最新ファッション3,7/9(火) 21:20
elleonline,ELLE DIGITAL,カーラ・デルヴィーニュ、火事で自宅を失ったことを振り返る「断酒していたから乗り越えられた」,7/9(火) 21:02
elleonline,ELLE DIGITAL,今年はサヴァラン！「フランス パティスリーウィーク2024」で食べたいおすすめ5選,7/9(火) 20:50
elleonline,ELLE DIGITAL,ブリトニー・スピアーズ、前科ありの恋人と破局か「もう一生、男の人とは付き合わない」,7/9(火) 20:40
elleonline,ELLE DIGITAL,1日1組限定の滞在型アートプロジェクト「不時泊」がスタート,7/9(火) 20:40
elleonline,ELLE DIGITAL,アン王女、公務復帰はまだ先　退院後も自宅で療養か,7/9(火) 20:21
elleonline,ELLE DIGITAL,ヘンリー王子、インビクタスを世襲制にしたい　「アーチー王子にパトロン職を継がせる予定」と関係者が証言,7/9(火) 20:02
elleonline,ELLE DIGITAL,ブラッド・ピット、交際中のイネス・デ・ラモンとF1観戦　手つなぎショットを披露,7/9(火) 19:01
elleonline,ELLE DIGITAL,キアヌ・リーブス、MotoGPを観戦　恋人アレクサンドラ・グラントとチェッカーフラッグを振る,7/8(月) 21:02
elleonline,ELLE DIGITAL,ワークアウトの前と後、どちらに食べるべき？ 栄養士がアンサー,7/8(月) 20:50
elleonline,ELLE DIGITAL,ジェニファー・ロペス、母からベン・アフレックと別れるよう勧められる「まず離婚しろ」,7/8(月) 20:40
elleonline,ELLE DIGITAL,ジャスティン・ビーバー、ギャラは16億円？　インドの大富豪御曹司の結婚祝賀パーティーでパフォーマンス,7/8(月) 20:20
elleonline,ELLE DIGITAL,キャサリン皇太子妃、最後のウィンブルドンの試合を終えたアンディ・マリー選手を称える,7/8(月) 20:02
elleonline,ELLE DIGITAL,BTS JINが「フレッド」の新グローバルブランドアンバサダーに就任！,7/8(月) 19:10
elleonline,ELLE DIGITAL,マーゴット・ロビーが第1子を妊娠　ふっくらしたお腹で夫とバカンス,7/8(月) 19:01
elleonline,ELLE DIGITAL,食べるだけじゃない！ 家事に使える賢いレモンの使い方 10,7/7(日) 20:50
elleonline,ELLE DIGITAL,クリスティーナ・アギレラ、ロシア系富豪主催のパーティ出席でバッシング,7/7(日) 20:40
elleonline,ELLE DIGITAL,比較的お得？ ヨーロッパの「穴場」な旅先トップ5,7/7(日) 20:40
elleonline,ELLE DIGITAL,英国ロイヤルの一員、フローラ・ヴェスターバーグってどんな人？ 知る人ぞ知る美しきパワーウーマンの美貌遍歴,7/7(日) 20:21
elleonline,ELLE DIGITAL,パリジェンヌの【コンフォートネックレス】を拝見！ 心に残るエピソード＆お守りジュエリー3選,7/7(日) 20:02
elleonline,ELLE DIGITAL,祝37歳！ “ロマンス俳優”から新たなフェーズへ。チ・チャンウクのビジュアル遍歴,7/6(土) 21:20
elleonline,ELLE DIGITAL,観客も要注意！テニス4大大会（グランドスラム）の意外なルール10,7/6(土) 21:01
elleonline,ELLE DIGITAL,円安ユーロ高でも大丈夫。驚くほどお手頃なヨーロッパ旅行先5選,7/6(土) 21:01
elleonline,ELLE DIGITAL,人気が止まらない！ マニアが注目する「いなり寿司」の店 5選,7/6(土) 20:50
elleonline,ELLE DIGITAL,イケメン韓国俳優ビョン・ウソクの美貌変遷！ 「ソンジェ背負って走れ」で大ブレイク,7/6(土) 20:41
elleonline,ELLE DIGITAL,初心者でも安心！ アジサイの育て方と手入れ方法,7/6(土) 20:40
elleonline,ELLE DIGITAL,テイラー・スウィフト、ワールドツアー後に活動休止を計画？,7/6(土) 20:20
elleonline,ELLE DIGITAL,ミニバッグが相棒！ パリジェンヌの愛用バッグ＆最旬コーデ3,7/6(土) 20:01
elleonline,ELLE DIGITAL,『リトル・マーメイド』のハリー・ベイリー、極秘出産した息子との2ショットを初披露,7/5(金) 20:40
elleonline,ELLE DIGITAL,元ギリシャ王室のコンスタンティノス・アレクシオス王子、水着モデルのブルックス・ネイダーと交際,7/5(金) 20:20
elleonline,ELLE DIGITAL,ベッカムの姿も！「ウィンブルドン選手権2024」豪華セレブたちの観戦ファッションをウォッチ,7/5(金) 20:10
elleonline,ELLE DIGITAL,ヘンリー王子のESPN賞受賞に反対する署名が6万人を超える　専門家は「女王の晩年を不必要に苦しめたことが影響」,7/5(金) 20:01
elleonline,ELLE DIGITAL,モニカ・ベルッチ、Globo d'Oro賞の功労賞を受賞　交際中のティム・バートン監督とレッドカーペットへ,7/5(金) 19:01
elleonline,ELLE DIGITAL,デヴィッド・ベッカムとヴィクトリア・ベッカム、結婚25周年を祝福　あのパープルのスーツ＆ドレスで2ショット,7/4(木) 21:20
elleonline,ELLE DIGITAL,ダイアナ元妃の姪キティ・スペンサー、ついに子どもの名前を明かす　新たな写真も披露,7/4(木) 21:02
elleonline,ELLE DIGITAL,今すぐ食事に追加したい、腸内環境を改善する5つの食べ物,7/4(木) 20:50
elleonline,ELLE DIGITAL,メーガン妃、Netflixの料理番組がまもなく完成か　「万事順調」と関係者,7/4(木) 20:40
elleonline,ELLE DIGITAL,トム・クルーズが62歳に！サルマ・ハエックがヴィクトリア・ベッカムの誕生日パーティーで撮影した写真を披露,7/4(木) 20:20
elleonline,ELLE DIGITAL,スペインのレティシア王妃、レオノール王女の伝達式に出席　式当日に不倫疑惑の相手が新たな主張「今も連絡をとっている」,7/4(木) 20:02
elleonline,ELLE DIGITAL,ヴァネッサ・ハジェンズがママに！　プロ野球選手コール・タッカーとの第1子を出産,7/4(木) 19:01
elleonline,ELLE DIGITAL,韓国名物！ 人気K-POPアイドルたちの最新「空港ファッション」を拝見,7/3(水) 21:20
elleonline,ELLE DIGITAL,カニエ・ウェストの妻ビアンカ・センソリ、従業員に性的なコンテンツを送りつけた疑惑を否定,7/3(水) 21:02
elleonline,ELLE DIGITAL,人気再燃！ アサイーボウルがおいしい東京の専門店＆カフェ 5選,7/3(水) 20:50
elleonline,ELLE DIGITAL,ビヨンセの愛娘ブルー・アイビー、BETアワードのヤングスター賞を受賞　祖母ティナが祝福,7/3(水) 20:40
elleonline,ELLE DIGITAL,アウトドア家具に強いのは？ 今、知っておきたいブランド3選,7/3(水) 20:40
elleonline,ELLE DIGITAL,スーザン・サランドンの娘エヴァ・アムリ、ウェディングドレスを「胸がこぼれそう」と批判され反論,7/3(水) 20:20
elleonline,ELLE DIGITAL,デュア・リパ、俳優のカラム・ターナーとの交際を認める　インスタグラムで2ショットを初披露,7/3(水) 20:01
elleonline,ELLE DIGITAL,メーガン妃の父トーマス・マークル、チャールズ国王に親近感　アーチー王子とリリベット王女の境遇を嘆く,7/3(水) 19:01
elleonline,ELLE DIGITAL,ティモシー・シャラメとカイリー・ジェンナー、半年ぶりにデートシーンを目撃される,7/2(火) 21:02
elleonline,ELLE DIGITAL,簡単で栄養満点！ 子どもに食べさせたいヘルシーおやつ 10選,7/2(火) 20:50
elleonline,ELLE DIGITAL,ビアンカ・センソリ、義理娘ノース・ウェストと東京観光　全身タイツでコンビニに出没,7/2(火) 20:40
elleonline,ELLE DIGITAL,カミラ王妃、ガーデンパーティーに来られなかった男の子を招いてお茶会を開催,7/2(火) 20:20
elleonline,ELLE DIGITAL,ジュリア・ロバーツ、テイラー・スウィフトファンを怒らせる　コンサート会場でトラヴィス・ケルシーといちゃつく,7/2(火) 20:01
elleonline,ELLE DIGITAL,ヘンリー王子、戦死したアメフト選手を称えて設立された賞を受賞　選手の母が抗議「もっとふさわしい人がいる」,7/2(火) 19:01
elleonline,ELLE DIGITAL,DJディプロ、リベンジポルノで提訴される,7/1(月) 21:01
elleonline,ELLE DIGITAL,冷蔵庫に入れてはいけない、10の食材,7/1(月) 20:50
elleonline,ELLE DIGITAL,ブルックリン・ベッカムの妻、愛犬のチワワがトリミング中に突然死　弁護士を雇ってトリマーの責任を追及,7/1(月) 20:40
elleonline,ELLE DIGITAL,ヨルダンのラーニア王妃、フセイン皇太子の誕生日を祝福　ラジワ皇太子妃との新たなポートレートを投稿,7/1(月) 20:20
elleonline,ELLE DIGITAL,ベン・アフレック、完全別居か　ジェニファー・ロペスの留守中に私物をすべて運びだす,7/1(月) 20:02
elleonline,ELLE DIGITAL,ヘンリー王子、証拠隠滅について法廷で説明するよう命じられる　裁判官が証人喚問を要求,7/1(月) 19:01
elleonline,ELLE DIGITAL,熱愛や離婚、妊娠報道まで！ 上半期の海外セレブゴシップを一挙振り返り,6/30(日) 21:02
elleonline,ELLE DIGITAL,5日間の暴飲暴食による体重への影響はほとんどなし？ 研究により判明,6/30(日) 20:50
elleonline,ELLE DIGITAL,シンプルなのに小粋！ パリジェンヌ・スタイルを作る、5つのファッションルール,6/30(日) 20:41
elleonline,ELLE DIGITAL,パリ・オリンピックのマラソン競技コース上の見るべき名建築10,6/30(日) 20:40
elleonline,ELLE DIGITAL,キャサリン妃は何を話していた？ ロイヤルたちのリアル会話を読唇術で解読【トゥルーピング・ザ・カラー2024】,6/30(日) 20:20
elleonline,ELLE DIGITAL,アニャ・テイラー＝ジョイやジャスティン・ビーバーも。意外なところでスカウトされたセレブ,6/30(日) 20:02
elleonline,ELLE DIGITAL,前髪に迷ったら「カーテンバングス」がおすすめ！ おしゃれセレブのお手本ルック3選,6/29(土) 22:01
elleonline,ELLE DIGITAL,【追悼】フランソワーズ・アルディが残した、60年代の象徴的なヘアスタイルをエピソードと共に振り返る,6/29(土) 21:40
elleonline,ELLE DIGITAL,結婚25年。ベッカム夫妻は仮面夫婦か？,6/29(土) 21:20
elleonline,ELLE DIGITAL,娘の同性婚に反対した父親、結婚式への参列を拒否……花嫁の兄弟が父親代理を務める動画に「複雑」海外SNSで議論勃発,6/29(土) 21:01
elleonline,ELLE DIGITAL,エディターが推すパンのお供7選！ おいしい食べ方や合わせたいパンも,6/29(土) 20:50
elleonline,ELLE DIGITAL,いつも頭に【スカーフ】を！ セレブ流のトレンドコーデを拝見,6/29(土) 20:41
elleonline,ELLE DIGITAL,大人も夢中になれる、美しい水族館 5選,6/29(土) 20:40
elleonline,ELLE DIGITAL,大胆なイメチェンに成功！ 海外おしゃれセレブの髪型チェンジBefore&After,6/29(土) 20:20
elleonline,ELLE DIGITAL,ジュエリーは重ね付けが定番。おしゃれパリジェンヌの愛用ジュエリースナップ,6/29(土) 20:01
elleonline,ELLE DIGITAL,ニコール・キッドマン、15歳の娘とほとんど双子　パリ ファッションウィークに揃って出席,6/28(金) 21:02
elleonline,ELLE DIGITAL,エマ・ロバーツ、ネポベイビー批判に男女格差があると指摘「誰もジョージ・クルーニーがネポだとは言わない」,6/28(金) 20:40
elleonline,ELLE DIGITAL,「ブリジャートン家」からリアルカップルが誕生　デブリン卿役サム・フィリップスとプルーデンス役ベシー・カーターが交際を認める,6/28(金) 20:20
elleonline,ELLE DIGITAL,ヘンリー王子、タブロイド紙との裁判で証拠隠滅？　テキストメッセージを全消去,6/28(金) 20:01
elleonline,ELLE DIGITAL,キャサリン皇太子妃、ウィンブルドン選手権に出席？　開催者は「皇太子妃に合わせて柔軟に対応」,6/28(金) 19:02
elleonline,ELLE DIGITAL,メリル・ストリープの娘ルイーザ・ガマー、同性愛者であることをカミングアウト　母の誕生日に明かす,6/27(木) 21:00
elleonline,ELLE DIGITAL,表参道「アマムダコタン」で絶対食べたい新作 5選,6/27(木) 20:50
elleonline,ELLE DIGITAL,テイラー・スウィフトの恋人トラヴィス・ケルシー、ウィリアム皇太子との対面に大興奮「超いい人だった！」,6/27(木) 20:40
elleonline,ELLE DIGITAL,ビル・ゲイツの愛娘フィービー、ポール・マッカートニーの孫息子との交際を認める,6/27(木) 20:20
elleonline,ELLE DIGITAL,ケンダル・ジェンナー、ルーヴル美術館を貸し切る　裸足で歩いてプチ炎上,6/27(木) 20:01
elleonline,ELLE DIGITAL,スリ・クルーズ、母ケイティ・ホームズのミドルネームを姓に使い始めた理由は？「新たなスタートを切りたい」,6/27(木) 19:00
elleonline,ELLE DIGITAL,栄養の専門家に聞く、植物性たんぱく質を摂取するベストな方法,6/26(水) 20:50
elleonline,ELLE DIGITAL,ジジ・ハディッド、親友のテイラー・スウィフトに「好きなもの」を集めたリングをプレゼント,6/26(水) 20:40
elleonline,ELLE DIGITAL,寝室におきたいフレグランスアイテム8,6/26(水) 20:40
elleonline,ELLE DIGITAL,名作恋愛映画『きみに読む物語』のジーナ・ローランズ、役と同じアルツハイマー病を患っていることが明らかに,6/26(水) 20:20
elleonline,ELLE DIGITAL,【速報】天皇皇后両陛下、英国ロイヤルとの交流アルバム,6/26(水) 20:02
elleonline,ELLE DIGITAL,ジェニファー・ロペス、エコノミーで移動　ツアーキャンセルでお財布事情が悪化か,6/26(水) 20:01
elleonline,ELLE DIGITAL,アン王女、一時的な記憶喪失に　脳震盪を起こした事故の詳細が思い出せず,6/26(水) 19:01
elleonline,ELLE DIGITAL,天皇皇后両陛下、チャールズ国王とカミラ王妃とともに馬車でパレード　バッキンガム宮殿での昼食会に出席,6/26(水) 8:09
elleonline,ELLE DIGITAL,缶詰の賞味期限はどのくらい？ 安全に食べられる期間をチェック,6/25(火) 20:50
elleonline,ELLE DIGITAL,デンマークのクリスチャン皇太子が高校卒業　メアリー王妃とフレデリック国王が祝福に,6/25(火) 20:40
elleonline,ELLE DIGITAL,クロエ・カーダシアン、6歳の娘の厚化粧に批判が集まる　「みんな狂ってる」と反論,6/25(火) 20:20
elleonline,ELLE DIGITAL,ベン・アフレック、パパラッチにキレる　ジェニファー・ロペスのバカンス中は結婚指輪を外して娘とランチへ,6/25(火) 20:00
elleonline,ELLE DIGITAL,アン王女が入院　自宅敷地内の「事故」で脳震盪を起こす,6/25(火) 19:01
elleonline,ELLE DIGITAL,テイラー・スウィフトのステージに恋人トラヴィス・ケルシーがサプライズ登場　お姫さま抱っこを披露,6/24(月) 21:20
elleonline,ELLE DIGITAL,トム・クルーズの娘スリ・クルーズ、父の姓を捨てる　トムは卒業式に姿を見せずテイラー・スウィフトのコンサートへ,6/24(月) 21:02
elleonline,ELLE DIGITAL,ほうれん草を食べると口の中が不快に感じるのはなぜ？ 防ぎ方も解説,6/24(月) 20:50
elleonline,ELLE DIGITAL,ビアンカ・センソリ、トップスはサスペンダーだけ！　カニエを置いてディナーにおでかけ,6/24(月) 20:40
elleonline,ELLE DIGITAL,買って支援につながる、デザインのいい“寄付つき”アイテム6,6/24(月) 20:40
elleonline,ELLE DIGITAL,ロバート・パティンソン、父になった心境を語る「娘はすごくかわいい」,6/24(月) 20:20
elleonline,ELLE DIGITAL,イーロン・マスク、密かに12人目の子どもが生まれていたことが発覚,6/24(月) 20:01
elleonline,ELLE DIGITAL,ザラ・ティンダル夫妻、テイラー・スウィフトのコンサートへ！　スパンコール＆ピンクの衣装でスウィフティーズであることを証明,6/24(月) 19:01
elleonline,ELLE DIGITAL,イ・ソンギュン遺作『スリープ』が公開。人気俳優が紡いだ人生の光と影、必見名作6選,6/23(日) 21:40
elleonline,ELLE DIGITAL,セレブに学ぶ「まとめ髪」の極意！ 夏のヘアアレンジはタイムレスなシニヨンで,6/23(日) 21:20
elleonline,ELLE DIGITAL,パン好きなら外せない！「虎ノ門・麻布台」エリアの人気ベーカリー5軒,6/23(日) 20:50
elleonline,ELLE DIGITAL,祝・57歳！ ニコール・キッドマン の40年分の美貌＆美ボディ遍歴,6/23(日) 20:40
elleonline,ELLE DIGITAL,インパクト抜群のハットにも注目！ 「ロイヤルアスコット」最終日、英国ロイヤル＆セレブが魅せたフォーマルファッション,6/23(日) 20:22
elleonline,ELLE DIGITAL,3度目の離婚が話題！ ダイアナ元妃の弟チャールズ・スペンサー伯爵の華麗なる3人の妻たち,6/23(日) 20:20
elleonline,ELLE DIGITAL,ウィリアム皇太子と子どもたち、テイラー・スウィフトのコンサートへ　一緒にセルフィーを撮影,6/23(日) 20:07
elleonline,ELLE DIGITAL,食べて良し塗って良し　マヌカハニーがもたらす肌へのメリットをおさらい,6/23(日) 20:01
elleonline,ELLE DIGITAL,プライド月間に反発し「異性愛者はビール1杯無料」差別的なキャンペーンを発表したアメリカのバーに「ホモフォビア」批判殺到,6/22(土) 21:40
elleonline,ELLE DIGITAL,ロイヤルアスコット4日目！ カミラ王妃ほか、ロイヤル＆豪華セレブの優美なフォーマルコーデを拝見,6/22(土) 21:06
elleonline,ELLE DIGITAL,キャリア、結婚、出産… 迷える30代。ミレニアル世代が「クォーターライフ・クライシス」から抜け出す道は？,6/22(土) 21:01
elleonline,ELLE DIGITAL,キャサリン皇太子妃、ウィリアム皇太子の誕生日をポートレートで祝福　躍動感あふれるショットに賞賛の声,6/22(土) 20:51
elleonline,ELLE DIGITAL,健康志向の人にこそ知ってほしい！ ヘルシーな食事に関する迷信7つ,6/22(土) 20:50
elleonline,ELLE DIGITAL,今泊まるべき、日本全国ニューオープンのおしゃれ宿10選,6/22(土) 20:40
elleonline,ELLE DIGITAL,いつだって「スニーカー 」 が相棒！ パリジェンヌの最新スニーカーコーデ3,6/22(土) 20:20
elleonline,ELLE DIGITAL,スポーツの応援もファッショナブルに！ 海外おしゃれセレブのスポーツ観戦ルック5選,6/22(土) 20:02
elleonline,ELLE DIGITAL,可愛すぎる英王室の三きょうだい！ トゥルーピング・ザ・カラーでの様子を写真で振り返り,6/21(金) 22:10
elleonline,ELLE DIGITAL,今注目すべき新ファッションアイコンTOP3！ センス＆スタイルを徹底解説,6/21(金) 22:01
elleonline,ELLE DIGITAL,祝28歳！ SEVENTEENのカリスマパフォーマー、HOSHI（ホシ）のビューティ遍歴,6/21(金) 21:20
elleonline,ELLE DIGITAL,ロイヤルアスコット3日目！ カミラ王妃ほか、ロイヤル＆豪華セレブの優美なフォーマルコーデを拝見,6/21(金) 21:20
elleonline,ELLE DIGITAL,英王室主催イベントに“ド派手ハット”が大集結！ 個性あふれる帽子＆ファシネーターをパパラッチ,6/21(金) 21:03
elleonline,ELLE DIGITAL,ジェシカ・ビール、ジャスティン・ティンバーレイクの逮捕に「不快感を感じている」,6/21(金) 21:01
elleonline,ELLE DIGITAL,ヘンリー王子＆メーガン妃が愛を深めた「ソーホーハウス」が東京・青山に日本初上陸,6/21(金) 20:40
elleonline,ELLE DIGITAL,ボーイフレンドの存在も発覚！　トム・クルーズの娘スリ・クルーズが高校のプロムへ,6/21(金) 20:40
elleonline,ELLE DIGITAL,カニエ妻のビアンカ・センソリ、お尻丸出しでパリに出没　ヘアスタイルはキム・カーダシアンを意識か,6/21(金) 20:20
elleonline,ELLE DIGITAL,『ハンガーゲーム』のドナルド・サザーランドが死去　息子のキーファー・サザーランドが発表,6/21(金) 20:02
elleonline,ELLE DIGITAL,ウィリアム皇太子の義母サービスデー？ 英王室イベント「ロイヤルアスコット2024」2日目の様子をレポート,6/21(金) 19:01
elleonline,ELLE DIGITAL,キャサリン皇太子妃は不在？ 英国王室が主催する競馬イベント「ロイヤルアスコット2024」、現地の様子を徹底レポート,6/20(木) 21:40
elleonline,ELLE DIGITAL,イギリス社交界の大イベント「ロイヤルアスコット2024」2日目、英王室メンバーたちの来場ファッション,6/20(木) 21:20
elleonline,ELLE DIGITAL,ジェニファー・ロペス、ベン・アフレックとのバカンスを計画するも単身でイタリアに出没,6/20(木) 21:00
elleonline,ELLE DIGITAL,狭いバスルーム・洗面所を素敵にする、インテリアアイデア 8,6/20(木) 20:50
elleonline,ELLE DIGITAL,セリーヌ・ディオン、自身のドキュメンタリー映画の上映会に　難病告白後初めてレッドカーペットに登場,6/20(木) 20:40
elleonline,ELLE DIGITAL,美食の町メルボルン最新ガイド！ 世界一のクロワッサンやカフェをチェック,6/20(木) 20:40
elleonline,ELLE DIGITAL,ジャスティン・ティンバーレイク、長年アルコールの問題を抱えていた　逮捕前は「べろべろに酔っていた」,6/20(木) 20:20
elleonline,ELLE DIGITAL,エドワード王子とソフィー妃、結婚25周年をお祝い　記念のポートレートを発表する,6/20(木) 20:01
elleonline,ELLE DIGITAL,チャールズ国王も学んだ名門寄宿学校、長年にわたる虐待が行われていたことを認める,6/20(木) 19:00
elleonline,ELLE DIGITAL,「ロイヤルアスコット2024」が開幕！ 英王室メンバーの豪華来場ファッションを総覧,6/19(水) 22:00
elleonline,ELLE DIGITAL,アシュレイ・ベンソン、産後ダイエットに糖尿病治療薬を使った疑いを否定,6/19(水) 21:40
elleonline,ELLE DIGITAL,キャサリン皇太子妃のトゥルーピング・ザ・カラーでの装いが意味すること,6/19(水) 21:20
elleonline,ELLE DIGITAL,“台湾の宝”！ TWICEのビジュアル担当、ツウィの美貌ヒストリー,6/19(水) 21:02
elleonline,ELLE DIGITAL,手軽にできる！ バナナが熟すのを遅らせる5つのヒント,6/19(水) 20:50
elleonline,ELLE DIGITAL,ジャスティン・ティンバーレイク、飲酒運転で逮捕される マグショットも公開,6/19(水) 20:40
elleonline,ELLE DIGITAL,『男と女』のアヌーク・エーメが死去　享年92歳,6/19(水) 20:20
elleonline,ELLE DIGITAL,ジョージア・メイ・ジャガー、第1子妊娠を発表,6/19(水) 20:02
elleonline,ELLE DIGITAL,キャサリン皇太子妃、次の登場までしばらく休養か　パレードが「大きな負担になった」王室専門家が分析,6/19(水) 19:01
elleonline,ELLE DIGITAL,TWICEやStray Kidsも！ 人気韓国アイドル＆セレブの「空港ファッション」を追っかけ,6/18(火) 21:40
elleonline,ELLE DIGITAL,英王室の公務に従事するメンバー「ワーキング・ロイヤル」、現在の顔ぶれを改めておさらい,6/18(火) 21:21
elleonline,ELLE DIGITAL,グウィネス・パルトロウ、メーガン妃派ではなかった？　キャサリン皇太子妃の復帰を祝福,6/18(火) 21:02
elleonline,ELLE DIGITAL,世界的トレンド！ 今行くべき、中東テイストの新レストラン3選【東京・神奈川】,6/18(火) 20:50
elleonline,ELLE DIGITAL,草間彌生のアートが堪能できる、国内スポット10,6/18(火) 20:50
elleonline,ELLE DIGITAL,レディ・ガブリエラ・ウィンザー、夫の死後初めて王室行事に出席　トゥルーピング・ザ・カラーで目撃される,6/18(火) 20:41
elleonline,ELLE DIGITAL,ジャスティン・ビーバーを見出した敏腕マネージャー、スクーター・ブラウンが引退を発表,6/18(火) 20:20
elleonline,ELLE DIGITAL,アンジェリーナ・ジョリー、愛娘ヴィヴィアンとトニー賞授賞式に出席　4部門を受賞,6/18(火) 20:01
elleonline,ELLE DIGITAL,ウィリアム皇太子、ガーター勲章授与式に出席,6/18(火) 19:01
elleonline,ELLE DIGITAL,「ストレンジャー・シングス」のノア・シュナップ、クラブで泥酔　他の客に絡んでつまみ出される,6/17(月) 21:02
elleonline,ELLE DIGITAL,体のサインに注意！ 知っておきたいマグネシウム欠乏症の症状,6/17(月) 20:50
elleonline,ELLE DIGITAL,ジョー・アルウィン、テイラー・スウィフトとの別れを初めて語る,6/17(月) 20:40
elleonline,ELLE DIGITAL,"マイリー・サイラスの父、妻に1,500万円を使い込まれる　離婚申請に対するリベンジか",6/17(月) 20:20
elleonline,ELLE DIGITAL,メーガン妃、新商品を発表　キャサリン皇太子妃がパレードに登場する数時間前に友人が写真を投稿,6/17(月) 20:02
elleonline,ELLE DIGITAL,キャサリン皇太子妃、父の日にウィリアム皇太子と子どもたちの写真を発表,6/17(月) 19:01
elleonline,ELLE DIGITAL,ルイ王子はダンスにあくび！キャサリン妃は笑顔。トゥルーピング・ザ・カラー2024のキッズ写真アルバム,6/16(日) 21:13
elleonline,ELLE DIGITAL,キャサリン皇太子妃も出席！　英王室の伝統行事「トゥルーピング・ザ・カラー2024」を徹底レポート,6/16(日) 21:02
