media_en,title_articles,link_articles,date_original
nmit,知事選挙へ公開討論会　立候補予定の現職と新人が政策訴える＜岩手県＞,https://news.yahoo.co.jp/articles/8a25dedb27a9ef73254f79489d5527c5281e3978,8/10(木) 13:33
nmit,岩手県に「熱中症警戒アラート」　外出なるべく避け水分補給を,https://news.yahoo.co.jp/articles/60696ddf50e37493166c408e2f390ac186a811da,8/10(木) 13:09
nmit,クマに襲われ女性死亡　発見時「クマ、クマ」と　頭から出血し肩にクマの爪痕＜岩手・一戸町＞,https://news.yahoo.co.jp/articles/a50a25fe5c92965056727a0d336808d80f884aba,8/10(木) 12:43
nmit,【速報】クマに襲われ８３歳女性死亡　自宅近くの林＜岩手・一戸町＞,https://news.yahoo.co.jp/articles/5e1d9f07c2f063dd682b409a15cdf6108b861199,8/9(水) 23:52
nmit,県立病院を縮小・統合しないよう署名提出　市民団体が県に１万８０００人分＜岩手県＞,https://news.yahoo.co.jp/articles/1ce444f40985ba448d546d37aca9caf703fd31bb,8/9(水) 22:44
nmit,ヘルパンギーナ患者数　３週連続減少も、依然警報レベル超水準続く＜岩手県＞,https://news.yahoo.co.jp/articles/c5c338f20816a415616a770af518070dd7101103,8/9(水) 21:55
nmit,新型コロナ　７週連続増加　１医療機関１５．７９人＜岩手県＞,https://news.yahoo.co.jp/articles/4ecf6c2478af04e96686918082df5062ffeee0e6,8/9(水) 21:43
nmit,菊池雄星投手　７回１失点と好投も援護なく４敗目,https://news.yahoo.co.jp/articles/edc91bd2cf5b72a21f49cb07e859e61c3c1dfc69,8/9(水) 21:33
nmit,大谷翔平選手　チーム救うタイムリーヒット　打って走って連敗脱出,https://news.yahoo.co.jp/articles/6ef17cf347d72b106cc83ab6c4c9140a90702eff,8/9(水) 21:26
nmit,丸山茂樹プロや深堀圭一郎プロも出場　岩手県オープンゴルフ１０日開催　９日はチャリティー大会＜岩手県＞,https://news.yahoo.co.jp/articles/db879eac7ab6191258775a6ac2cd17f47478659e,8/9(水) 21:19
nmit,「大相撲南部久慈場所 」１５年ぶり開催　新三役確実視の錦木関が来場所へ意気込み＜岩手県＞,https://news.yahoo.co.jp/articles/a09b5fcb1a454369cadbcd0f4a5f3c7b160debc7,8/9(水) 21:06
nmit,クマがキジとニワトリ１００羽以上食べる＜岩手・遠野市＞,https://news.yahoo.co.jp/articles/7df03f2651014be3d8058fa7b1c0bec203424d0c,8/9(水) 20:58
nmit,新幹線 混雑のピーク　下り１１日・上り１５日　お盆期間＜岩手県＞,https://news.yahoo.co.jp/articles/2de7cfa019abcd69f5d1342641e09d0c474ab74c,8/9(水) 20:48
nmit,ドライバーから悲鳴　ガソリン１５年ぶりに１７５円超＜岩手県＞,https://news.yahoo.co.jp/articles/0fd43a6f1e6f98a58b9593d2f0ed6e2404f0faa0,8/9(水) 20:21
nmit,８年ぶり初戦突破の花巻東　ＯＢも喜びの声「出場できなかった自分たちの分まで」＜岩手県＞,https://news.yahoo.co.jp/articles/eba68f46d48ef4ff819f6c957d0fd67d8f382eeb,8/9(水) 20:13
nmit,「全国地ビールフェスティバルｉｎ一関」　４年ぶりに開催へ＜岩手・一関市＞,https://news.yahoo.co.jp/articles/c17a880f9e057d45b63897de82acdb1602498244,8/9(水) 12:29
nmit,新医療センター「利用者目線で検討を」　奥州市に市民グループが要望書＜岩手県＞,https://news.yahoo.co.jp/articles/a4f691dd7c26dcbec03d1c4772f5641d2a904f3e,8/9(水) 12:15
nmit,ブリ・カンパチは刺し身がおすすめ　台風の影響で入荷状況に影響も　盛岡市中央卸売市場＜岩手・盛岡市＞,https://news.yahoo.co.jp/articles/fac2dd212ce08b9c87ee65e5888ad1c18b30acd8,8/9(水) 11:45
nmit,盛岡市長選挙　次のかじ取り役に市民が望むこと　２候補３度目の対決＜岩手・盛岡市＞,https://news.yahoo.co.jp/articles/13b91ffbb019d7ab79caf237114539718f26e6b7,8/8(火) 23:12
nmit,県内の各局アナウンサーが「交通安全アドバイザー」に＜岩手県＞,https://news.yahoo.co.jp/articles/f7e9f642375587d39895529e2081adc72dffa133,8/8(火) 21:58
nmit,３１歳の男「のぞき目的だった」　女子トイレの壁に穴　３度目の逮捕＜岩手県＞,https://news.yahoo.co.jp/articles/f1a5e9d793247ee0f335598f508665f7ff1a916d,8/8(火) 21:43
nmit,及川栞選手「アジア制しパリへの切符を」　岩手町出身・女子ホッケー日本代表＜岩手県＞,https://news.yahoo.co.jp/articles/1ecd581367545393533378f716fe70a540efa0d7,8/8(火) 21:27
nmit,大谷翔平選手 ４試合ぶり複数安打　盗塁や激走の活躍もチームは７連敗,https://news.yahoo.co.jp/articles/139cedf98ce4075b7bfb5a9f722c0c629358218f,8/8(火) 20:52
nmit,伝統の「うごく七夕」と「けんか七夕」　復興へ歩む街に活気＜岩手・陸前高田市＞,https://news.yahoo.co.jp/articles/87cadf014bdada09a7377d3d304f9fb3deb0e063,8/8(火) 20:45
nmit,最低賃金３９円引き上げ８９３円に　引き上げ幅過去最大　審議会が岩手労働局に答申＜岩手県＞,https://news.yahoo.co.jp/articles/f3a06504f5dc760bc1ce417ce753c71d254cfe6f,8/8(火) 20:31
nmit,大相撲奥州場所　錦木にファンから歓声　５年ぶりの開催＜岩手・奥州市＞,https://news.yahoo.co.jp/articles/44e65c97c1457743b14e0665dc905997fa445056,8/8(火) 20:22
nmit,夏の甲子園　花巻東８年ぶり初戦突破　プロ注目の佐々木麟太郎選手が３安打＜岩手県＞,https://news.yahoo.co.jp/articles/2f6d4f3512609a3837d0536d7e41d7c515682367,8/8(火) 20:22
nmit,ラグビー・釜石ＳＷ　新シーズンへ始動　「今度こそ３位以内に」会見で決意＜岩手・釜石市＞,https://news.yahoo.co.jp/articles/4d3f4192c43f1c31257f150e0d61fb82280d1410,8/8(火) 12:40
nmit,殺人未遂容疑　フィリピン国籍の男を逮捕　会社敷地内で同僚殴る＜岩手・花巻市＞,https://news.yahoo.co.jp/articles/11ad04adda239378e33c72edba203e6bb8af6581,8/8(火) 12:10
nmit,【速報】花巻東（岩手）が初戦突破　宇部鴻城（山口）を４対１で破る　夏の甲子園,https://news.yahoo.co.jp/articles/7ad68ca8fefcf61a62313a1415af40a51000b3c5,8/8(火) 10:32
nmit,いわてグルージャ盛岡　ゴールラッシュで快勝　ＡＣ長野パルセイロと対戦＜岩手県＞,https://news.yahoo.co.jp/articles/d9c52cd94d6e687870cec0378e35a1f3eb88beec,8/8(火) 0:12
nmit,相撲１００キロ級優勝　平舘高校・工藤佳太選手　北海道インターハイ＜岩手県＞,https://news.yahoo.co.jp/articles/40062a9e6ef7db853683619c3846e27129011a6c,8/7(月) 23:45
nmit,盛岡市長選・市議選　期日前投票始まる　市内６カ所に投票所＜岩手・盛岡市＞,https://news.yahoo.co.jp/articles/2f7fc281aa14de4463c1681d8c448a7373e52213,8/7(月) 23:11
nmit,岩手県警が選挙違反取締本部を設置　県知事選・県議選に向けて＜岩手県＞,https://news.yahoo.co.jp/articles/0186205a9815bafdb96610d5986923562ae07429,8/7(月) 22:47
nmit,盛岡市長選挙　候補２人の政策　少子化・雇用・市街地活性化・教育＜岩手・盛岡市＞,https://news.yahoo.co.jp/articles/d075fcd56f8808bf50d6fdb220dbcdd99e21f7eb,8/7(月) 22:31
nmit,ＪＲ北上線　全線運転再開　ほっとゆだ～横手間で大雨被害＜岩手県＞,https://news.yahoo.co.jp/articles/f016c9592a576594e538f6a494039555b997fcb5,8/7(月) 21:43
nmit,“さんさ効果” を実感する声　盛岡さんさ踊り　来場者去年の倍１１３万８０００人＜岩手・盛岡市＞,https://news.yahoo.co.jp/articles/219d5116979d11b9b10631ee90662b71d336e6ae,8/7(月) 21:08
nmit,大谷翔平選手　２試合ぶりのヒット　チームは６連敗,https://news.yahoo.co.jp/articles/7b16af22cd0efd86092b7db129a6897a99475fa4,8/7(月) 20:26
nmit,花巻東　８日に初戦　佐々木麟太郎選手も調整順調　夏の甲子園＜岩手県＞,https://news.yahoo.co.jp/articles/8aefbc78d3d67da87b72fa0e3637137b96fa050f,8/7(月) 20:10
nmit,港町彩る「海上七夕パレード」　三陸・大船渡夏まつり開催＜岩手県＞,https://news.yahoo.co.jp/articles/d62777a44bb105fb483c0a7bc71e007cb358560c,8/7(月) 13:03
nmit,大槌町長選　巴戦制す　現職・平野公三氏が３選＜岩手県＞,https://news.yahoo.co.jp/articles/d4c48a8a7289af3ce7fd0664cad3f647932afb70,8/7(月) 12:26
nmit,【速報】大槌町長選挙　現職・平野公三氏が３選＜岩手県＞,https://news.yahoo.co.jp/articles/a099485300df8fc989f826ee2b1def6e99dbe7f9,8/6(日) 20:53
nmit,川に転落し男性死亡＜岩手・一戸町＞,https://news.yahoo.co.jp/articles/51d00e2c64ac3bb703232a7e80bfa3e25ee33c19,8/6(日) 20:15
nmit,夏の甲子園開幕　花巻東力強く行進　４年ぶり選手全員が開会式に＜岩手県＞,https://news.yahoo.co.jp/articles/a4d6af8200c5e50763f1195aa1b530d87ea8a774,8/6(日) 19:46
nmit,大槌町長選挙　投票日　即日開票へ　現職・新人２人による選挙戦＜岩手県＞,https://news.yahoo.co.jp/articles/b8909abad98d978e09ad693e43bbf887d00b8088,8/6(日) 19:30
nmit,盛岡市長選挙告示  新人と現職立候補　内舘氏・谷藤氏による一騎打ちに＜岩手県＞,https://news.yahoo.co.jp/articles/738f071fce4242fbae41e61ddec3ba3c651323ec,8/6(日) 19:12
nmit,八幡平市・岩手町に土砂災害警戒情報・大雨警報　八幡平市に洪水警報＜岩手県＞,https://news.yahoo.co.jp/articles/a852602a4d58bd6a176d3e80409cf7723d1c9c42,8/6(日) 19:07
nmit,大槌町長選挙　投票日　３人による争い　即日開票へ＜岩手県＞,https://news.yahoo.co.jp/articles/1dc635fe10aceddc48946f2651f7fe210bfeda54,8/6(日) 13:17
nmit,盛岡市長選告示  新人・現職立候補　内舘氏・谷藤氏２人による争い濃厚＜岩手県＞,https://news.yahoo.co.jp/articles/ae07202af1724b2d57e8521950debb64e825e3d7,8/6(日) 12:23
nmit,サラダファーム　８月７日から事業停止　観光施設も休園＜岩手・八幡平市＞,https://news.yahoo.co.jp/articles/6e8fcbbe811b7b990d332d88b74a59aab80bd65d,8/5(土) 19:37
nmit,トンネルに衝突３９歳男性死亡   一戸町の八戸道＜岩手県＞,https://news.yahoo.co.jp/articles/1846b05b1dd0cae5450c6de572029edeff6c2912,8/5(土) 19:37
nmit,リハーサルで花巻東ナイン入場行進    夏の甲子園大会＜岩手県＞,https://news.yahoo.co.jp/articles/6468e558480dcea91ab5df82a2712041e6a35ac7,8/5(土) 19:37
nmit,トラックドライバーコンテスト　県内の物流担う＜岩手・盛岡市＞,https://news.yahoo.co.jp/articles/6f978db652abee0fc645fa0cbc1cb1a05833b112,8/5(土) 19:35
nmit,野外音楽堂　完成式典　　建築家・隈研吾さんが設計＜岩手・陸前高田市＞,https://news.yahoo.co.jp/articles/93e0a1924760ec9e8d1ed60bf9a6aabdbbf0d48c,8/5(土) 12:45
nmit,祭りの華「ミスさんさ踊り」 しなやかに舞う　母の背追いミスさんさ踊りに　２度目の挑戦＜岩手・盛岡市＞,https://news.yahoo.co.jp/articles/3380cabbdf22fb8013390ca82d70f4fd05153666,8/4(金) 23:48
nmit,クマに保管庫内のコメ袋引き裂かれる　扉にはクマの爪痕も＜岩手・北上市＞,https://news.yahoo.co.jp/articles/29b8e0e8db7a572c3b70f0dbd3431e0d1aa6d23a,8/4(金) 22:07
nmit,子牛の生態や体の仕組みを知ろう　小中学生が学ぶ　岩手大学が企画＜岩手・盛岡市＞,https://news.yahoo.co.jp/articles/8b5c3541550ec3e51cff01a9a00dc8cc810ce850,8/4(金) 21:42
nmit,全日本モトクロス第５戦優勝　横澤拓夢選手　矢巾町長を表敬＜岩手県＞,https://news.yahoo.co.jp/articles/0a9e217d6b2399197f4247d5f8153f34b2251a42,8/4(金) 21:07
nmit,岩手ビッグブルズ　バスケットボール教室　高校生がプロのプレー学ぶ＜岩手・盛岡市＞,https://news.yahoo.co.jp/articles/38642bc271e91675398e1784f9901bb5f7f5e389,8/4(金) 20:56
nmit,カヌージャパン杯　８月５日開幕　いさわカヌー競技場で公式練習＜岩手・奥州市＞,https://news.yahoo.co.jp/articles/4aecce522d7eff77a69eaadcd7a150488f83a6b0,8/4(金) 20:27
nmit,日本に寄港する最大級の客船が宮古に　クルーズ船ＭＳＣベリッシマ初入港＜岩手・宮古市＞,https://news.yahoo.co.jp/articles/c9ebfc79eff25889d525c4d73d551f8f2de359a7,8/4(金) 20:26
nmit,大谷翔平選手 二刀流で出場　４０号ホームラン　右手けいれんで降板 １０勝目は次回以降に,https://news.yahoo.co.jp/articles/2a0f98b18ea3ba341e44be0e49605b5ebac60388,8/4(金) 19:06
nmit,熱中症疑い２０人搬送　高校生が部活動中に体調崩し病院搬送　２日連続の熱中症警戒アラート＜岩手県＞,https://news.yahoo.co.jp/articles/827eddde2211c1cc694b3367bb7a897765c9b49f,8/4(金) 19:06
nmit,中学生平和友好派遣団が広島へ出発　平和記念式典など出席へ＜岩手・盛岡市＞,https://news.yahoo.co.jp/articles/a5103e5715e8a2e98db00a3a8180390986848d61,8/4(金) 13:03
nmit,４日も熱中症警戒アラート発表　１１時時点で６カ所で猛暑日　 厳重警戒を＜岩手県＞,https://news.yahoo.co.jp/articles/58491653cc3024aabdf7116346d8c3755a83e072,8/4(金) 12:41
nmit,福祉事業所と連携の古民家カフェ　民話の里・遠野の象徴カッパのクッキーやオリジナルケーキ＜岩手県＞,https://news.yahoo.co.jp/articles/4a82e9808f5b69ff61b86f3c77292d8f0ad67780,8/4(金) 11:45
nmit,大人の健康プロテイン発売　産学官が連携し開発＜岩手・紫波町＞,https://news.yahoo.co.jp/articles/a818ae8d159c13fdcc171f36dceb0a8c694aaabc,8/3(木) 22:33
nmit,車の寄付呼び掛け　大雨被害の秋田県へ無料貸し出し　カーシェアリング協会＜岩手県＞,https://news.yahoo.co.jp/articles/c4fded3b927c547d13fba8614d8d498ee08759a7,8/3(木) 21:22
nmit,震災犠牲者３人の身元判明　１２年４カ月ぶりに遺族のもとへ「戻ってきて良かった」＜岩手・陸前高田市＞,https://news.yahoo.co.jp/articles/96f5580bc6a241d298702ff2d8e2cb3873175e2f,8/3(木) 21:05
nmit,「さんさ甲子園」　青春の群舞戻る　４年ぶりに復活＜岩手・盛岡市＞,https://news.yahoo.co.jp/articles/9d106a423c73974cbd8d44e9c46d5a9365e4013d,8/3(木) 20:59
nmit,「ＴＨＥ ＩＣＥ」盛岡公演　世界のトップスケーターが夢の共演＜岩手県＞,https://news.yahoo.co.jp/articles/a010f86ee4346ff5148521c64cc87a59a342e33a,8/3(木) 19:46
nmit,大谷翔平選手　２カ月連続 月間МＶＰ　日本人最多４度目,https://news.yahoo.co.jp/articles/53df46c8e3c47085b509e0124d659c9a4f800fbc,8/3(木) 18:45
nmit,菊池雄星投手９勝目　メジャー自己最多更新　６回１失点 圧巻の投球,https://news.yahoo.co.jp/articles/4f36166e8b1c938e30b6073d8b52cc96df10f2e8,8/3(木) 18:42
nmit,花巻東　初戦は宇部鴻城（山口）　夏の高校野球組み合わせ決まる＜岩手県＞,https://news.yahoo.co.jp/articles/e18f86b8d2bf9f12ff39086db6da6c921a237d41,8/3(木) 18:42
nmit,熱中症の疑いで２人が意識不明　ドクターヘリで搬送も＜岩手県＞,https://news.yahoo.co.jp/articles/103ad9550cca665a34ee1606b3c66c9ea332a3b8,8/3(木) 17:31
nmit,岩手県に「熱中症警戒アラート」　水分補給など熱中症対策を,https://news.yahoo.co.jp/articles/bd32a55699bd66fd25d232d5429f92d5bc8a7fcf,8/3(木) 13:27
nmit,トラクターが道路脇に転落　運転していた男性死亡＜岩手・奥州市＞,https://news.yahoo.co.jp/articles/13105cf7ded771bde7dd9fe8504bda14f3983e9e,8/3(木) 12:38
nmit,岩手県内に熱中症警戒アラート　午前中に釜石など県内５地点で猛暑日に,https://news.yahoo.co.jp/articles/1b95817c239fa5580112fd778fa3add4d36a6f5b,8/3(木) 12:23
nmit,地域防災力の向上へ　高校生の防災活動から学ぶ＜岩手・盛岡市＞,https://news.yahoo.co.jp/articles/405800c031091f50f730b5cb9de038fe11a62456,8/3(木) 11:40
nmit,夏本番で県産のトウモロコシや枝豆がオススメ　盛岡市中央卸売市場＜岩手県＞,https://news.yahoo.co.jp/articles/a19e3a1145cd138c8936f8d9a5aa997997bde019,8/3(木) 11:40
nmit,３人の遺骨の身元特定　１２年を経て遺族のもとへ　東日本大震災の後に発見＜岩手県＞,https://news.yahoo.co.jp/articles/bceecc99f8883129bbf64c71c304967bd6015312,8/2(水) 22:57
nmit,約１６年ぶり　西和賀町に書店オープン＜岩手県＞,https://news.yahoo.co.jp/articles/92714944ee72225f6d10435133c99a95291f8f99,8/2(水) 22:41
nmit,４年ぶり”熱い夏”戻る「盛岡さんさ踊り」　外国人や観光客も輪踊りに参加＜岩手県＞,https://news.yahoo.co.jp/articles/1b76adb5570baf6e4db58e1a5f837f144c0e6024,8/2(水) 22:33
nmit,「ＴＨＥ ＩＣＥ」盛岡公演開幕　本番直前をリポート＜岩手県＞,https://news.yahoo.co.jp/articles/c677fff90f99ba2a007fd84ea3b05c5fb29b147a,8/2(水) 21:44
nmit,ヘルパンギーナ患者数　依然高い水準続く＜岩手県＞,https://news.yahoo.co.jp/articles/c29a44df4a09d98349e6f42f1a79775c7cfb6608,8/2(水) 21:25
nmit,新型コロナ　６週連続増加　１医療機関１３．２６人＜岩手県＞,https://news.yahoo.co.jp/articles/d428d66b0eb62b76691b8a77dd440654d980c88e,8/2(水) 21:25
nmit,新聞配達中出合い頭に衝突　原付バイクの男性死亡　交差点で軽乗用車と＜岩手・金ケ崎町＞,https://news.yahoo.co.jp/articles/f684c958d05255b9be9e961e86ff5e866fe6f879,8/2(水) 21:00
nmit,エンゼルス残留決定の大谷翔平選手　６試合連続ヒットに盗塁も　ブレーブス戦,https://news.yahoo.co.jp/articles/457d8947312c82cb92213eb4ec838965b211bcdf,8/2(水) 20:51
nmit,原爆投下７８年　悲惨さ伝えるパネル展＜岩手・盛岡市＞,https://news.yahoo.co.jp/articles/ef945b0c22a792d2f40ad2b90a082101c49f7f80,8/2(水) 19:50
nmit,ガソリン１７１．９円　１１週連続値上がり　２００８年以来の高値＜岩手県＞,https://news.yahoo.co.jp/articles/a4a61e32ff43bbdd3adc8eec4725d5a828627bd2,8/2(水) 19:41
nmit,北上市「不交付団体」にはならず　普通交付税全国最少の９２３万円＜岩手県＞,https://news.yahoo.co.jp/articles/3e694c8f36630d7746c5cfc8a6d6aef6f0a6731e,8/2(水) 19:35
nmit,「北上・みちのく芸能まつり」８月４日から　４年ぶり通常開催＜岩手県＞,https://news.yahoo.co.jp/articles/5ff210b8f465bed1d62c0953a4a8d93fcf592635,8/2(水) 12:44
nmit,「生サンマ直送便」予約受け付け開始　大船渡市のスーパー　９月中旬発送へ＜岩手県＞,https://news.yahoo.co.jp/articles/bf800fbde3c3995977520a122615981be74d059c,8/2(水) 12:35
nmit,盛岡さんさ踊り　初日人出２９万３０００人　２０２２年の倍　４年ぶり通常開催＜岩手県＞,https://news.yahoo.co.jp/articles/6c803046d78fd83f5023bc64d39304a8512a9a0a,8/2(水) 12:24
nmit,熱中症の疑いで９人病院搬送＜岩手県＞,https://news.yahoo.co.jp/articles/e4be8013a11d914bed430e0a33d4f6b51c3e74b0,8/1(火) 23:14
nmit,盛岡さんさ踊り開幕　飛び入り参加できる「輪踊り」も４年ぶりに復活＜岩手県＞,https://news.yahoo.co.jp/articles/e191770155b8a872b785a93826b40d17b85c5f90,8/1(火) 23:06
nmit,秋サケ回帰１０万匹　震災前の１％の見込み　前年度比５６％予想＜岩手県＞,https://news.yahoo.co.jp/articles/8b89c8162b8f8aa90184edd0f2441faedb1783f7,8/1(火) 22:44
nmit,大学野球強豪校招き盛岡でリーグ戦　県内野球のレベルアップと次世代育成へ＜岩手県＞,https://news.yahoo.co.jp/articles/85bdfe4fcc89d1061a605b1fc7594bd56462cefc,8/1(火) 22:30
nmit,釜石市役所新庁舎の着工遅れる　「釜石市国際外語大学校」も開校延期＜岩手県＞,https://news.yahoo.co.jp/articles/ebcfb049b9e62ab1b657b59cc0354c89fbd61c7c,8/1(火) 22:24
nmit,大槌町長選挙告示　３人が立候補　現職と新人２人による争い確定＜岩手県＞,https://news.yahoo.co.jp/articles/e1356c521aa061ddfdc18e037b96a4aab7c23ca9,8/1(火) 21:28
nmit,連日の暑さで“屋内の遊び場”にぎわう　花と泉の公園「キッズランドモーリー」＜岩手・一関市＞,https://news.yahoo.co.jp/articles/e533abc1e93b18e48a05c63fadbba6aa9c135c74,8/1(火) 21:16
nmit,「ＴＨＥ ＩＣＥ」盛岡公演　２日開幕　世界のトップスケーター集結＜岩手・盛岡市＞,https://news.yahoo.co.jp/articles/10b6e76da1666e895202f410376c35fc13809cd8,8/1(火) 21:05
nmit,友野一希さんに岩谷堂箪笥贈呈　「ＴＨＥ ＩＣＥ」出演スケーター＜岩手・盛岡市＞,https://news.yahoo.co.jp/articles/e9c5d9ca71848cfa609414483bd422445dad1fb8,8/1(火) 21:05
nmit,大谷翔平選手　今季３回目の週間ＭＶＰ　１日のブレーブス戦でマルチヒットで勝利に貢献,https://news.yahoo.co.jp/articles/50cd8720a02d27711a884d4b1ef9fce50d997b5c,8/1(火) 20:32
nmit,色鮮やかに「盛岡七夕まつり」開幕　長さ３６５メートルのアーケードに七夕飾り＜岩手県＞,https://news.yahoo.co.jp/articles/39ed5917a953ecf8ac1065e515864a828f5dd5c1,8/1(火) 20:07
nmit,「盛岡さんさ踊り」４年ぶり完全復活　美しく踊るコツは止まる・動くのメリハリと笑顔＜岩手県＞,https://news.yahoo.co.jp/articles/7e334949b3560cc49286fe3c194b65310d902544,8/1(火) 19:57
nmit,「ミスさんさ踊り」先頭にパレードスタート　盛岡さんさ踊り開幕　４年ぶり通常開催＜岩手県＞,https://news.yahoo.co.jp/articles/33c8dfd7c1ceb76f567845bc9231fd474f36ebcb,8/1(火) 18:50
nmit,大槌町長選挙告示　３人が立候補　現職と新人２人の争い濃厚＜岩手県＞,https://news.yahoo.co.jp/articles/0fea3f45dd17bb6ea592a4dbbb22440724470b6a,8/1(火) 12:38
nmit,知事選と県議選の投票用紙　市町村に発送　９月３日投開票へ県選管が作業＜岩手県＞,https://news.yahoo.co.jp/articles/1b9df646cb578da44774a2d5407822002806e67e,8/1(火) 12:27
nmit,盛岡さんさ踊り　８月１日開幕へ　盛岡の予想最高気温は３２℃＜岩手県＞,https://news.yahoo.co.jp/articles/f24f84d96329c2835e77685961db027bf445a04b,8/1(火) 12:18
nmit,「海宝漬」のミニ版　８月１日から販売開始　岩手を代表する海鮮ギフト＜岩手県＞,https://news.yahoo.co.jp/articles/97861591be4ee04a742c085bc4019c75bb0ec4a2,7/31(月) 22:44
nmit,グルージャ＆ブルズ　初の合同交流イベント　「真夏の大感謝祭」にファンなど約６００人＜岩手県＞,https://news.yahoo.co.jp/articles/8c82f015dacc21b7ab5e46cdb040c723bb02fa33,7/31(月) 22:33
nmit,脱炭素社会実現へ若者の意見取り入れ　県がワーキンググループ設置＜岩手県＞,https://news.yahoo.co.jp/articles/dc5b1fe14a57f7eecc8cfee691261feb9a2f92f0,7/31(月) 22:33
nmit,いわてグルージャ盛岡　奈良クラブと引き分け　直近３試合負けなし＜岩手県＞,https://news.yahoo.co.jp/articles/815dd0d07260bcf240566f11199e5a90f67c1ca6,7/31(月) 22:25
nmit,妊婦の不安軽減に「家庭用エコー」　家族とのコミュニケーションにも効果＜岩手県＞,https://news.yahoo.co.jp/articles/b39ef37ccefa5969a895edc75b621c54898e306b,7/31(月) 21:53
nmit,ＪＲ北上線・ほっとゆだ～横手間　８月７日から運転再開　大雨で線路脇の斜面崩落＜岩手県＞,https://news.yahoo.co.jp/articles/10d9dfa8d9a6d7897a77bb62e2d85960728455df,7/31(月) 21:19
nmit,花巻東「岩手から日本一」悲願達成を　佐々木麟太郎選手の“逆襲”夏の陣へ＜岩手・花巻市＞,https://news.yahoo.co.jp/articles/d6fb9491823181087bf9ca2052fcd0e567e8c80d,7/31(月) 21:05
nmit,盛岡市長選と市議選　投票所入場券が選管に納入　８月６日告示・１３日投票＜岩手県＞,https://news.yahoo.co.jp/articles/3757580d275c4b5c49f1be9eb75ad21e91a6ad6b,7/31(月) 20:47
nmit,中学英語は全国４６位　小学国語は全国６位　全国学力テスト結果＜岩手県＞,https://news.yahoo.co.jp/articles/5c5e3265063e66d446da0d764f44fa9ffc9b39f8,7/31(月) 20:45
nmit,盛岡さんさ踊り「輪踊り」「さんさ甲子園」も４年ぶり復活　交通規制に注意＜岩手・盛岡市＞,https://news.yahoo.co.jp/articles/93eb46b541c9449e9accb7c7fb4c0d1297a21e6e,7/31(月) 20:24
nmit,いよいよ開幕！盛岡さんさ踊り　４年ぶり通常開催へ準備万全＜岩手県＞,https://news.yahoo.co.jp/articles/f2b4481b6d305169a52bbc641918490a848c65dc,7/31(月) 20:18
nmit,大谷翔平選手　４試合連続ヒット　２試合連続２つの敬遠,https://news.yahoo.co.jp/articles/1aae0a86afde543cbeece165dee9408c23f080eb,7/31(月) 19:00
nmit,熱中症の疑いで２０人病院搬送　北上市ではクラブ活動中の３人も＜岩手県＞,https://news.yahoo.co.jp/articles/3a0127b289773a956ded837a2556ccc25f930415,7/31(月) 18:54
nmit,記録更新　一関で７日連続猛暑日　猊鼻渓には涼を求めて多くの観光客＜岩手県＞,https://news.yahoo.co.jp/articles/782c6b143b711dc8bbafacbd6cb781636c26bf12,7/31(月) 18:54
nmit,「ハツコエンドウ」新作ドレス発表会＜岩手・盛岡市＞,https://news.yahoo.co.jp/articles/26fa1e4026a217f768a305f70a75a4a17986354b,7/31(月) 12:20
nmit,小中学生が避難所設営体験　夏休み中に備えを学ぶ＜岩手・盛岡市＞,https://news.yahoo.co.jp/articles/db3c66f8a64394568994ef4b8f59866594c08d4d,7/31(月) 12:15
nmit,大槌町追悼施設整備へ安全祈願祭　東日本大震災犠牲者を慰霊＜岩手県＞,https://news.yahoo.co.jp/articles/af46437bbab320043fce78d42699a077323cf71c,7/30(日) 19:27
nmit,全日空機・自衛隊機衝突墜落事故から５２年   雫石町で犠牲者に祈り捧げる＜岩手県＞,https://news.yahoo.co.jp/articles/fccd8baddfb00e354209eaa6b46cbfbed145be50,7/30(日) 19:02
nmit,土用の丑の日　「うなぎ」かば焼きづくり大忙し＜岩手・盛岡市＞,https://news.yahoo.co.jp/articles/366313770b1ca760fb0afac7435946a916a1eef9,7/30(日) 18:48
nmit,１７カ所で猛暑日　熱中症疑い１９人　一関で初めて６日連続の猛暑日＜岩手県＞,https://news.yahoo.co.jp/articles/c2286047d3937addf4bb9e9dbf9cd1699c471811,7/30(日) 18:44
nmit,子供たちが劇で歯みがき学ぶ　「歯の健康」大切さ伝える＜岩手・盛岡市＞,https://news.yahoo.co.jp/articles/db6f2f1283530c1d46b6aaa9eafd1e93eeb10bef,7/30(日) 13:44
nmit,起業家支援組織「岩手イノベーションベース」　社団法人化　＜岩手県＞,https://news.yahoo.co.jp/articles/8093d93f229acfbfaa41d8da106949d82033b4f7,7/29(土) 18:52
nmit,県総合防災訓練４市町で実施　岩手山の噴火と土石流を想定＜岩手・雫石町＞,https://news.yahoo.co.jp/articles/19f9e4959d66576f9ffeba4e8cf7c45a6d635d96,7/29(土) 18:44
nmit,大谷翔平選手　３打席連続の一発    今シーズン３９号＜岩手県＞,https://news.yahoo.co.jp/articles/8943fdb545a9cd4e2946456aa746c4d96728d11e,7/29(土) 18:37
nmit,県内１３地点で３５℃以上の猛暑日　海開きを迎えた海岸も＜岩手県＞,https://news.yahoo.co.jp/articles/d15c5dbce070053d185512f79a6f074528a29581,7/29(土) 18:35
nmit,滝沢スイカ　過去最高２玉７万円　県内一の生産量＜岩手・滝沢市＞,https://news.yahoo.co.jp/articles/783ea69d7dfa034e179e09cf97fac6e1d5f5f92a,7/29(土) 12:43
nmit,フィンランドの魅力に触れる展示　県立美術館で２９日からライフスタイル展＜岩手・盛岡市＞,https://news.yahoo.co.jp/articles/a1df58815e99050f0c161ae6af37017294fceffd,7/28(金) 21:19
nmit,「岩手山噴火」想定で図上訓練　 大雨で土石流も　 連携強化へ県と４市町＜岩手県＞,https://news.yahoo.co.jp/articles/1359b53621915ef3c02fb8e2720c5ee85d8fe0a8,7/28(金) 21:08
nmit,盛岡の街を歩き「俳句」で交流　盛岡と東京都文京区の中学生　石川啄木が“縁”＜岩手県＞,https://news.yahoo.co.jp/articles/9c32db0379b1ad0c6f7bd007d70272e9727f8983,7/28(金) 21:00
nmit,夏休み中の小学生が科学実験楽しむ＜岩手・盛岡市＞,https://news.yahoo.co.jp/articles/53f6aa86ebbfc1858f22ebd646d332a641214f1a,7/28(金) 20:51
nmit,いわちく「グランプリ」受賞　ジャパン・フード・セレクション　県内企業で初＜岩手・盛岡市＞,https://news.yahoo.co.jp/articles/f705828b4196aa314627ad86a9a159635a2a21c1,7/28(金) 20:41
nmit,夏休み中の児童が裁判の仕組み学ぶ　「裁判所こども調査隊」＜岩手・盛岡市＞,https://news.yahoo.co.jp/articles/4a7454bb66fbcfb5ac36b180c35a48a65ad1fc34,7/28(金) 20:31
nmit,“お化け屋敷”オープン　暑気払いに「あのお屋敷に入ってはいけない」かも＜岩手・盛岡市＞,https://news.yahoo.co.jp/articles/ded0440152246431a5f07a78ae807994e9702632,7/28(金) 20:30
nmit,コロナ患者数　岩手は全国３５番目　７月２３日までの１週間 で１０．７９人,https://news.yahoo.co.jp/articles/7da39a4004617364baea11d0d1a267d4ceb82f51,7/28(金) 20:30
nmit,１６人熱中症の疑い　一関・奥州市江刺・住田で３５℃超え＜岩手県＞,https://news.yahoo.co.jp/articles/ec82052e88a44468737631683602e02049adc1dc,7/28(金) 20:30
nmit,今季初のダブルヘッダーで大暴れ　大谷翔平選手が「初完封」さらに２打席連続ホームラン,https://news.yahoo.co.jp/articles/f910c3d38392738961c630158ce44dccff9bf2a3,7/28(金) 12:28
nmit,昼前に３０℃超の真夏日　さらに気温上がり一関や奥州で猛暑日も＜岩手県＞,https://news.yahoo.co.jp/articles/cc65c565068bf0f5358790aa8373a1a03202b05c,7/28(金) 12:24
nmit,海水浴場で中学生２人溺れる　無事救助　深みにはまった１２歳を助けようと１３歳も＜岩手・久慈市＞,https://news.yahoo.co.jp/articles/a73ec5f78b67c2e86adc3e36f28d7c99622512fe,7/28(金) 12:16
nmit,トラクターの下敷き８１歳男性死亡 　妻と農作業中に転落か＜岩手・滝沢市＞,https://news.yahoo.co.jp/articles/59e1add8f07a47356ac94103c839d2a32d74b43d,7/28(金) 12:15
nmit,『バリバリ』って音が　クマがモモ食い荒らす　約１００個被害　住宅敷地内＜岩手・一関市＞,https://news.yahoo.co.jp/articles/5f8c894955ecfcda881a94f687a5e36470e6290a,7/27(木) 21:41
nmit,カヌージャパンカップ　奥州開催をＰＲ　国内トップクラス選手が出場＜岩手県＞,https://news.yahoo.co.jp/articles/5d33b123fe7e80796b5da0578ecff09c6fb07040,7/27(木) 21:28
nmit,埼玉の「ご当地うどん」を“麺文化の岩手”に根付かせたい　盛岡の「武蔵野うどん雫」＜岩手県＞,https://news.yahoo.co.jp/articles/1a33f6d3790d41fda3158c35f26fa836cb360b59,7/27(木) 21:24
nmit,“インパクトスタートアップ”が県と意見交換　「次世代により良い社会を残すため」＜岩手県＞,https://news.yahoo.co.jp/articles/93cd937e38f39fb0ae4308a75f2c40539b641927,7/27(木) 21:12
nmit,盛岡市の新市庁舎どこに　規模や整備エリアの評価方法など協議＜岩手県＞,https://news.yahoo.co.jp/articles/d1b8d8b5ff03cc97d9e1d9903b3f789b2cab8880,7/27(木) 21:04
nmit,「御所野遺跡」で地元小学生がガイド　世界遺産登録２年＜岩手・一戸町＞,https://news.yahoo.co.jp/articles/0814e1f9d079348367c0b26214c58e3bc891817a,7/27(木) 20:59
nmit,県内３地点で猛暑日　熱中症で９人搬送　２８日以降も厳しい暑さ＜岩手県＞,https://news.yahoo.co.jp/articles/259e1d6a597c574e85e09f0e781f1588463cf05f,7/27(木) 20:51
nmit,菊池雄星投手　メジャー自己最多８勝目　花巻東の後輩たちに届けとばかりの好投,https://news.yahoo.co.jp/articles/d6b27c9e975a3eec3bab0a9b4ce71d9205ae0c7c,7/27(木) 20:40
nmit,「命を懸けて戦い抜く」花巻東の佐々木麟太郎選手　優勝報告会　甲子園への決意＜岩手・花巻市＞,https://news.yahoo.co.jp/articles/16fb80f10dff7644ced9a2c59fd2541038723fbc,7/27(木) 20:33
nmit,“猛暑日”に迫る暑さ　釜石で既に３３．５℃　屋内屋外問わず熱中症に注意を＜岩手県＞,https://news.yahoo.co.jp/articles/e9e1cfb54b5a459700c46a2d90d5747c3db385e2,7/27(木) 12:53
nmit,「脱炭素」へ県内最大の風力発電所完成　遠野市と住田町にまたがる山中＜岩手県＞,https://news.yahoo.co.jp/articles/872d14a21915b55c57846ef88c5c40c9498e2390,7/27(木) 12:47
nmit,「サトル文字」で母校の校歌を描く　自閉症のアート作家・小林覚さん＜岩手・釜石市＞,https://news.yahoo.co.jp/articles/8822fbd5dc0e1b8857b8affcb48856e44a977c60,7/26(水) 22:33
nmit,廃部の危機乗り越え「鹿踊部」が演舞　岩谷堂高校オープンキャンパス＜岩手・奥州市＞,https://news.yahoo.co.jp/articles/8c013658ac2f4b7d23bbfae590f33652cbfc0651,7/26(水) 22:17
nmit,連合岩手　立憲・国民と合意書締結　知事選・県議選に向けて＜岩手県＞,https://news.yahoo.co.jp/articles/47ed287823b8bde0c58e31eaf37f02ce0e0fca81,7/26(水) 22:09
nmit,大谷翔平選手　走塁で勝利に貢献　勝負避けられ無安打　タイガース戦,https://news.yahoo.co.jp/articles/17f373b24f69b70bc3202f5cd6ca89fd94b14ee9,7/26(水) 22:01
nmit,岩手県内のガソリン １６９．４円　全国最低価格も１０週連続値上がり,https://news.yahoo.co.jp/articles/09bd3e3cec4fda749a36c68a94ae5095e7d09f29,7/26(水) 21:54
nmit,クマが“牛の餌”を横取りか　トウモロコシをかんだような痕跡＜岩手・葛巻町＞,https://news.yahoo.co.jp/articles/40f23f35035c37eb51a454c95b7f30594f4d02b6,7/26(水) 21:49
nmit,石川啄木モチーフのおつまみが最優秀賞　「盛岡りんご」新商品　学生がプレゼン＜岩手県＞,https://news.yahoo.co.jp/articles/e79f55a2896dfa60556fe5eb92fc30abebf89ef2,7/26(水) 21:49
nmit,感染拡大「ヘルパンギーナ」対策を医師に聞く　食器類やおむつの処理に注意　３密の回避も＜岩手県＞,https://news.yahoo.co.jp/articles/862383217012941620ac835a56773a969cfde6b4,7/26(水) 20:56
nmit,ヘルパンギーナ　依然高い水準続く　７つの地域で警報レベル超＜岩手県＞,https://news.yahoo.co.jp/articles/9dee688ce5e5b5099d887d61c9f47150895ecfbe,7/26(水) 20:40
nmit,新型コロナ　前週比１．５倍　５週連続増加　１医療機関当たり１週間の患者数１０．７９人＜岩手県＞,https://news.yahoo.co.jp/articles/17f24255a51c478b68cf54247536830b1dff7324,7/26(水) 20:30
nmit,釜石で３７．７℃　東北で２０２３年一番の暑さ　２２人が熱中症の疑いで搬送＜岩手県＞,https://news.yahoo.co.jp/articles/82222402e96fbd3bb49e98849eb9b019a28919ea,7/26(水) 20:25
nmit,「サッカーの火が消えないよう」　スタジアム改修に向け協議会初会合　いわてグルージャ盛岡＜岩手県＞,https://news.yahoo.co.jp/articles/84ff721b3e738046c68b166f7964ab2e3ccee9e8,7/26(水) 20:15
nmit,花巻東が優勝４年ぶりに夏の甲子園へ　猛攻見せ盛岡三の“夢”砕く　夏の高校野球岩手県大会,https://news.yahoo.co.jp/articles/f6ee63c1ef1dc164ee2194866b4261c415696ba8,7/26(水) 19:50
nmit,夏休み中の高校生が保育体験　３年ぶり実施＜岩手・盛岡市＞,https://news.yahoo.co.jp/articles/cd58e26142bc572b8c48a0aff36b5bb3f756bfee,7/26(水) 12:37
nmit,午前中すでに釜石で猛暑日に　厳しい暑さ続く　屋内屋外問わず熱中症対策を＜岩手県＞,https://news.yahoo.co.jp/articles/774f7eb53f9b5b69306e81c102752ed0ac4d0198,7/26(水) 12:32
nmit,ホタテ出荷規制　県内３つの海域で解除　貝毒の規制値下回る＜岩手県＞,https://news.yahoo.co.jp/articles/84b2ab8b9d3624f49973488e11e6e1c9ca2e3c85,7/26(水) 12:25
nmit,【速報】花巻東が４年ぶり夏の岩手大会制す　ホームラン１４０本の佐々木麟太郎が甲子園へ,https://news.yahoo.co.jp/articles/79013392299c5a5b8e0b801147133aab7d134975,7/26(水) 12:20
nmit,土用の丑の日に向け「ウナギ」と「シジミ」で暑い夏を　盛岡市中央卸売市場＜岩手県＞,https://news.yahoo.co.jp/articles/a784e060516861b359e39003e1580b5a1e52c068,7/26(水) 11:40
nmit,高校生が練習に熱　「さんさ甲子園」４年ぶりに復活　盛岡中央高校さんさ同好会＜岩手・盛岡市＞,https://news.yahoo.co.jp/articles/e2674d71ecc5c08a109c0eff2768607a19cdcf0b,7/26(水) 7:30
nmit,遠隔操作「草刈り機」の実演会　スマート農業目指す　農作業の危険と負担軽減へ＜岩手・陸前高田市＞,https://news.yahoo.co.jp/articles/af9c074bbb512ac7e35d7b27c61ff76d10f5483e,7/26(水) 7:00
nmit,「ＳＬ銀河」の機関車存続求め署名提出　県に対し５３７４人分＜岩手県＞,https://news.yahoo.co.jp/articles/b91efe5325a2fff2a6939b3ba8bdfafe582c3dd1,7/25(火) 22:18
nmit,「選挙違反を許さない」県知事選と県議選に　県選挙管理員会などが共同声明＜岩手県＞,https://news.yahoo.co.jp/articles/0080087abaedcb93b4ca21c95dfc9d2f800e6df1,7/25(火) 22:10
nmit,”カーチェイス”後逮捕の男　覚醒剤で再逮捕　カンボジア国籍の２４歳＜岩手県＞,https://news.yahoo.co.jp/articles/6c64b01840e80f9fac37149a33b398b3779834e7,7/25(火) 21:35
nmit,１０代女性を連れ去り未遂容疑　わいせつ目的の３１歳男を逮捕＜岩手・山田町＞,https://news.yahoo.co.jp/articles/6cc9b3c3056f2a360560a13301333146207a7f14,7/25(火) 21:27
nmit,葛巻町長選　鈴木重男氏が５選　無投票は４回連続＜岩手県＞,https://news.yahoo.co.jp/articles/0b3593b3eeb1a5a0dd21790ba620b64c8b9c3dce,7/25(火) 21:23
nmit,７月２５日は「かき氷の日」　猛烈な暑さ　かき氷で涼む人も＜岩手県＞,https://news.yahoo.co.jp/articles/19b9d2da17158ac49b83f1c779499086e9f0dd48,7/25(火) 21:16
nmit,県交通バス　初乗り２０円増１７０円へ　国に運賃改定認可申請　１０月にも導入＜岩手県＞,https://news.yahoo.co.jp/articles/a2e5738d2b2668b7df00099913cd8a783fad3c41,7/25(火) 21:06
nmit,ミスさんさ踊りが奉納演舞　本番まであと７日　母の背中追い踊る娘の思い＜岩手・盛岡市＞,https://news.yahoo.co.jp/articles/ab1bbf126f10b4f663b8e355c841b9a7aac9b1e4,7/25(火) 20:52
nmit,佐々木朗希投手　左脇腹の肉離れで「登録抹消」　復帰には２カ月,https://news.yahoo.co.jp/articles/330adf50a30333d636f1edc637cabc46a576a927,7/25(火) 20:23
nmit,佐々木朗希投手　後半戦初登板　６回１失点　先発の責任果たす,https://news.yahoo.co.jp/articles/6cf98e77f09b232636e57f193a64a6e0d2634c62,7/25(火) 20:18
nmit,吉里吉里海水浴場　海開き　子どもたちが海にダイブ＜岩手・大槌町＞,https://news.yahoo.co.jp/articles/c512b8d2bc41d92eb62c9d7c91fc05283eeae5a9,7/25(火) 20:10
nmit,熱中症の疑いで２２人が病院搬送　岩泉で３６．３℃　県内９地点で猛暑日＜岩手県＞,https://news.yahoo.co.jp/articles/a138579601d2a3e0df0d1cb18f364a7856154fde,7/25(火) 20:10
nmit,葛巻町長選告示　現職１人が立候補　無投票で５選が濃厚＜岩手県＞,https://news.yahoo.co.jp/articles/e83e75d0ec0d74f223b47970f2423b6ee11b98e1,7/25(火) 12:22
nmit,午前中すでに岩泉で猛暑日　厳しい暑さ続く　熱中症に注意＜岩手県＞,https://news.yahoo.co.jp/articles/72a03fd8a4af011c60713e2926367094b2726894,7/25(火) 12:18
nmit,伝統をつなぐ「ちびっこさんさ」　本番間近　練習に励む子どもたち＜岩手・盛岡市＞,https://news.yahoo.co.jp/articles/7029be7c56241115c7545a287865e42a9829c4e7,7/25(火) 11:41
nmit,「宮古うみねこ丸」ガイド　前の遊覧船時代から約２５年間、宮古の海を案内＜岩手・宮古市＞,https://news.yahoo.co.jp/articles/462cf4b9a23f809a8d44966447c6697b4fd6658c,7/25(火) 11:40
nmit,地元経営者が高校生の就職支援へ　スキルアップ研修会＜岩手・盛岡市＞,https://news.yahoo.co.jp/articles/ae5f2145ee104aedb0f3fd0e01ef72eb9e8f4463,7/24(月) 22:20
nmit,高校生が模擬“人工衛星”制作　落下実験　花巻北高スペースプロジェクト＜岩手・花巻市＞,https://news.yahoo.co.jp/articles/4a1f424811c53fd2dcf6b1232dd44efdee1d864c,7/24(月) 22:00
nmit,錦木関　初の三賞「殊勲賞」を受賞　大相撲名古屋場所１０勝５敗　地元から喜びの声＜岩手・盛岡市＞,https://news.yahoo.co.jp/articles/78929929a8f9cac5fdb0a5534cd6b8a5a38a3fcd,7/24(月) 21:47
nmit,いわてグルージャ盛岡　ガイナーレ鳥取と引き分け　アウェーで勝ち点,https://news.yahoo.co.jp/articles/f1d17a0e8d65b4a7d8b5695573e7ea6d7c8c978a,7/24(月) 21:39
nmit,接種後死亡　岩手県内２人に国の給付認定　新型コロナワクチン死亡一時金,https://news.yahoo.co.jp/articles/6546adfd9aecba56d304a2ceb359eff976270a48,7/24(月) 21:30
nmit,熱中症の疑いで１４人搬送　盛岡３４．８℃　猛暑日に迫る暑さ＜岩手県＞,https://news.yahoo.co.jp/articles/fb38215d05029b0c626a522349587a165ef01814,7/24(月) 20:01
nmit,１００円で「福田パン」　岩手大で学生支援第３弾　物価高騰のなか＜岩手・盛岡市＞,https://news.yahoo.co.jp/articles/90ccacb57e44f70920d75e9ab793fecdf9328a03,7/24(月) 20:00
nmit,警察官を酒気帯び運転と判断　戒告処分　呼気検査では基準値下回る　処分受け依願退職＜岩手県＞,https://news.yahoo.co.jp/articles/d2f003d39a2733a42b1b6512c2e92617d0619461,7/24(月) 19:38
nmit,上司の決裁得ず無断で事務進め契約　県立学校４０代男性職員　停職６カ月＜岩手県＞,https://news.yahoo.co.jp/articles/296e0f9eea3f0f0b0a3c8b4335042845f7369bc3,7/24(月) 19:38
nmit,盛岡三が１２年ぶり決勝進出　盛岡商に逆転勝ち　夏の高校野球岩手県大会準決勝,https://news.yahoo.co.jp/articles/fd8e75529f4d3f2850b04a315c2bf5b2c4602d71,7/24(月) 18:50
nmit,逆転に次ぐ逆転劇　花巻東が２年ぶり決勝進出　盛岡一リード守り切れず　夏の高校野球岩手県大会準決勝,https://news.yahoo.co.jp/articles/5a42639536d992e855fcd1e14ad9ceca0335c538,7/24(月) 18:50
nmit,花巻東か盛岡三か　甲子園出場かけ激突　決勝戦は２６日　夏の高校野球岩手県大会,https://news.yahoo.co.jp/articles/f962bc6cd783087c9788618718210859d30da665,7/24(月) 16:12
nmit,世界的な人気キャラクターデザインの入院用パジャマ　２つの県立病院で導入＜岩手県＞,https://news.yahoo.co.jp/articles/9af64fd3f3fe21008e9ef3d72056f39a82c4bc65,7/24(月) 13:41
nmit,大谷翔平　３６号ソロ　あっという間にフェンス越え　打球速度１８２キロ　５試合ぶりライナーでスタンドへ,https://news.yahoo.co.jp/articles/f427957a693c1311d79f5bf4b650fc8d2c4aff22,7/24(月) 12:48
nmit,全社員約５４０人集め会議　ワイズマン設立４０周年　医療施設向けシステム開発など＜岩手・盛岡市＞,https://news.yahoo.co.jp/articles/10db4b5656330baaa9d99a51c02258bdeef5cba9,7/24(月) 12:33
nmit,８２４人が北上川をゴムボートで下る　盛岡の夏の風物詩　４年ぶり通常開催＜岩手県＞,https://news.yahoo.co.jp/articles/5f8b224ae86acaaae200dc16465bff36774fbe89,7/24(月) 12:22
nmit,錦木　竜電に敗れ４敗目　大相撲名古屋場所・１４日目＜岩手県＞,https://news.yahoo.co.jp/articles/ecad6be939fcc5d9398e93bdca17e7a12110b08a,7/22(土) 20:34
nmit,夏の高校野球岩手県大会   準々決勝　花巻東が盛岡誠桜を下す＜岩手県＞,https://news.yahoo.co.jp/articles/0b83502bbd95fac46275cda9d1f25b414702d0da,7/22(土) 20:32
nmit,大谷翔平選手　今季８勝目　パイレーツ戦二刀流＜岩手県＞,https://news.yahoo.co.jp/articles/ac6c468fab0e13e382be454c88ae4d1884719765,7/22(土) 20:32
nmit,東北地方　梅雨明け　２３日以降　夏本番の暑さ＜岩手県＞,https://news.yahoo.co.jp/articles/89c191658b31617adba5298ad45eed6dcb6e1303,7/22(土) 20:32
nmit,ＪＲ北上線　一部区間で運休続く　２０日の大雨の影響＜岩手県＞,https://news.yahoo.co.jp/articles/4b650a5a55ffcc575d21d7e342e5fd2d3ee427fd,7/22(土) 12:47
nmit,ビールがうまい！イベント　盛岡八幡宮で屋外フェスティバル＜岩手・盛岡市＞,https://news.yahoo.co.jp/articles/a4e1ca599b0c4e5fd2cc1863735b9b1af934e30d,7/21(金) 21:08
nmit,成長中のブラックホール周辺に”豊富なガス”　国立天文台水沢の研究者ら発表＜岩手県＞,https://news.yahoo.co.jp/articles/224a520dd1f9eb516397924a0c53b106fe0de0ea,7/21(金) 20:33
nmit,夏の高校野球岩手県大会３回戦　試合結果　盛岡四は２年ぶり・専大北上は７年ぶりにベスト８,https://news.yahoo.co.jp/articles/687b1e4cd640744d900267819cf04271a439e746,7/21(金) 20:13
nmit,朗希投手の弟・怜希「最高の仲間に支えられた」大船渡あと１本が出ず　盛岡一８強　夏の高校野球岩手県大会,https://news.yahoo.co.jp/articles/9b8ad74570d7d4ed3ac93e04e5d1503d41c0af6d,7/21(金) 19:36
nmit,盛岡三が１２安打猛攻で８強進出　一関二ホーム遠く　夏の高校野球岩手県大会３回戦,https://news.yahoo.co.jp/articles/f6b53696fee0965fe3b5d7817de2213277e73bf2,7/21(金) 19:20
nmit,プロスノーボーダー岩渕麗楽選手　県庁で表彰状　英語で料理動画話題に＜岩手県＞,https://news.yahoo.co.jp/articles/257177ac91632b5438d9de53b4cea22d89b945e0,7/21(金) 18:56
nmit,錦木　３敗目　優勝争い一歩後退　大相撲名古屋場所・１３日目＜岩手県＞,https://news.yahoo.co.jp/articles/7285c3ddae7b2f49c19bbb63af56307eecd806ea,7/21(金) 18:45
nmit,岩手の「ベスト８」出そろう　私立４校と公立４校　夏の高校野球県大会　２２日準々決勝へ,https://news.yahoo.co.jp/articles/41d715fa2c4229b1cb7a40c2ea96fddd7f7e7915,7/21(金) 16:31
nmit,県内初　全身МＲＩがん検診開始へ　検査費用は４万円　奥州市総合水沢病院＜岩手県＞,https://news.yahoo.co.jp/articles/4a347aadf98e6e8031e0ff12298f896bcb9755d3,7/21(金) 12:31
nmit,期待膨らませ夏休みへ　小学校終業式ピーク＜岩手・盛岡市＞,https://news.yahoo.co.jp/articles/8527806cb88e345e70c69bc7c7e952a89769dd87,7/21(金) 12:13
nmit,そば好きに愛された名店の味を復活　香り高く太めの“そば”が特徴的＜岩手・北上市＞,https://news.yahoo.co.jp/articles/b116fd8922fa8e19dad539463d7c075d5b4245dc,7/21(金) 11:30
nmit,ガソリン価格　９週連続上昇　値上がり傾向９月末まで続く見込み＜岩手県＞,https://news.yahoo.co.jp/articles/e4fd767351f1dc16c0551c818971a0caab362b4f,7/20(木) 21:57
nmit,警察官が「逮捕術」競う　４年ぶり通常開催＜岩手・盛岡市＞,https://news.yahoo.co.jp/articles/cc28c46146ac706e92ea5912a854624390b96e9a,7/20(木) 21:49
nmit,“芸能プロ”名乗る男　３度目の逮捕　別の男性に対する詐欺容疑＜岩手県＞,https://news.yahoo.co.jp/articles/26344084cf9dd27389ad5965b54665dffcfb6a35,7/20(木) 21:42
nmit,佐々木朗希投手　球宴で好投　勝利投手に　高校時代のコーチに見守られ　１回２奪三振 無失点,https://news.yahoo.co.jp/articles/8f7a7f2bab81862be0289b8fb3f3a76ada4d7a62,7/20(木) 21:25
nmit,ホームランと３塁打でメジャー単独トップの大谷翔平選手　勝負避けられ４四球,https://news.yahoo.co.jp/articles/4e35846196769d82e48944151d15bdfda5d564dc,7/20(木) 21:01
nmit,盛岡誠桜が創部７年目で初のベスト８進出　盛岡商業がシード校水沢工業破る　夏の高校野球岩手県大会,https://news.yahoo.co.jp/articles/5b7ca24e823352e7c24aa0b92ce38076c19baf79,7/20(木) 20:51
nmit,連覇目指す一関学院が“逆転”コールドでベスト８進出　大東との同地区対決制す　夏の高校野球岩手県大会,https://news.yahoo.co.jp/articles/bf13474c3cd4eb6c37216c307cf90583f2c4ae8c,7/20(木) 20:44
nmit,第一シード花巻東　延長タイブレーク制しベスト８進出　夏の高校野球岩手県大会,https://news.yahoo.co.jp/articles/9e7be6ff77bf93537fddd977b71d93fee959c001,7/20(木) 20:40
nmit,錦木　２敗目喫するも首位タイ　大相撲名古屋場所・１２日目＜岩手県＞,https://news.yahoo.co.jp/articles/cb13ce6e2512723b53c29bc44b3c457bec7f4363,7/20(木) 20:00
nmit,【速報】“不発弾” 発見　自衛隊が回収　艦砲射撃のあった１９４５年頃のものか＜岩手・釜石市＞,https://news.yahoo.co.jp/articles/c90540d8a91af496092900cf539630308b5b21db,7/20(木) 19:31
nmit,ＪＲ北上線・ほっとゆだ～横手駅間　復旧のめど立たず　奥州金ケ崎地域には大雨警報＜岩手県＞,https://news.yahoo.co.jp/articles/db593cd4152612efe7eb9e5d85971f67448427eb,7/20(木) 19:05
nmit,新型コロナ「影響継続」３６．９％で過去最少に　企業アンケート＜岩手県＞,https://news.yahoo.co.jp/articles/ca88202890b1b011d095771008c5e9087de0985c,7/20(木) 12:19
nmit,秋田新幹線　５日ぶりに運転再開　記録的大雨の影響＜岩手県＞,https://news.yahoo.co.jp/articles/9cde67ac2dbbe3635adc3883445aa61f3e34743a,7/20(木) 12:11
nmit,「夢や進路」など児童生徒の意見募集へ　県教育振興計画策定の参考に＜岩手県＞,https://news.yahoo.co.jp/articles/000bb189b65c31102d5d5f82cd7b03e922162459,7/19(水) 22:07
nmit,終戦から７８年　盛岡市で戦没者追悼式　遺族が世界平和願う＜岩手県＞,https://news.yahoo.co.jp/articles/15bcf5612477c59665e1dd18a25e1b4165db695b,7/19(水) 21:58
nmit,いわてグルージャ盛岡　紫波町にクラブハウス建設へ　２０２５年供用開始＜岩手県＞,https://news.yahoo.co.jp/articles/fec37f100817649140201032903cbc2c5d5dfeef,7/19(水) 21:42
nmit,岩手県知事選　事実上の“与野党対決”の構図　現職と新人の一騎打ちへ　８月１７日告示,https://news.yahoo.co.jp/articles/2d50488602852f14ec304a15bba65fa40bdb5079,7/19(水) 21:32
nmit,列車と衝突動物はシカが８割以上　山田線と釜石線が８割　ＪＲ東日本盛岡支社管内で２０２２年度＜岩手県＞,https://news.yahoo.co.jp/articles/4cf86ecdcee71dc685f7dc5813f802f87bd6b4d3,7/19(水) 21:11
nmit,強制わいせつ起訴内容を一部否認　青森県の２６歳男　２０代女性に対する傷害などの罪＜岩手・盛岡市＞,https://news.yahoo.co.jp/articles/6c8504985cbdbf19ed130a97386a20064e056827,7/19(水) 21:11
nmit,断続的に雨　「どんなことが起こるか予想つかず避難した」　旅館では予約のキャンセル相次ぐ＜岩手県＞,https://news.yahoo.co.jp/articles/1576b42b108a2648263c5141c1039e57981f1515,7/19(水) 20:56
nmit,ヘルパンギーナ　県内で感染拡大続く　過去最多更新　石けんでの手洗いを＜岩手県＞,https://news.yahoo.co.jp/articles/a5af284eba90a96cf97f60a3c6a1a5e8c8456229,7/19(水) 20:41
nmit,新型コロナ　４週連続増加　１医療機関６．９８人＜岩手県＞,https://news.yahoo.co.jp/articles/c7ebc521c5432be8357a5076509b0c141cf172eb,7/19(水) 20:32
nmit,大谷翔平選手　リーグトップ７本目の３塁打　７試合連続安打,https://news.yahoo.co.jp/articles/bda484d077b29ef565a945e4d51eb6b32b4bddd0,7/19(水) 19:50
nmit,錦木１０勝目　単独首位守る　大相撲名古屋場所・１１日目＜岩手県＞,https://news.yahoo.co.jp/articles/0c9299abe9f7a14aed038a0ad1d22399fce56d61,7/19(水) 19:45
nmit,県南部中心に雨　土砂災害への厳重警戒続く　北上市に一時「避難指示」＜岩手県＞,https://news.yahoo.co.jp/articles/1a3ec447b3ac90deed1f1f03a4e0aa58b0cbac9c,7/19(水) 12:21
nmit,植物と彫刻が彩る庭園「ニノガーデン」　関東からＵターンし夫婦で作り上げた癒しの庭園＜岩手・二戸市＞,https://news.yahoo.co.jp/articles/b571d36f4c8f113aea3c477fc059f3d0189f022c,7/19(水) 7:00
nmit,旬のモモやブドウが入荷　８月にかけ東北産も続々と　盛岡市中央卸売市場＜岩手県＞,https://news.yahoo.co.jp/articles/eb68ea20ea01a659b5af080179dfac528735a274,7/18(火) 21:05
nmit,盛岡市の新庁舎　議員が意見交換　秋田の大雨受け「防災面に配慮を」＜岩手県＞,https://news.yahoo.co.jp/articles/c7bf20ca0bd3cc45404e515976a5c93f10a0a961,7/18(火) 20:45
nmit,岩手県知事選　立候補届出説明会　現職と新人２陣営が出席,https://news.yahoo.co.jp/articles/2971598bd68a6350464f9293e2dd8517ee84a632,7/18(火) 20:25
nmit,錦木　３連勝で９勝１敗　大相撲名古屋場所・１０日目＜岩手県＞,https://news.yahoo.co.jp/articles/2729ac944bda9c4e0207de6d6fc35a7729f9c9a7,7/18(火) 20:00
nmit,大谷翔平選手ほえた！　３試合連続 ３５号ホームラン　昨シーズン超え,https://news.yahoo.co.jp/articles/fe7146aa05841e8fa02c49dee89583995d759479,7/18(火) 20:00
nmit,大雨　北上市で約２万人に避難指示　西和賀町で高齢者等避難や町道崩れ通行止め＜岩手県＞,https://news.yahoo.co.jp/articles/e2738443541e4ca9383d47dd775ec33f18e563c3,7/18(火) 19:48
nmit,B2 岩手ビッグブルズ始動　昇格１年目 新チーム練習公開＜岩手・矢巾町＞,https://news.yahoo.co.jp/articles/88219d622a171fcce85acfcc60052b8383749fa7,7/18(火) 19:16
nmit,「１００円朝食」で学生支援　岩手大学　食堂利用者３～４割増＜岩手県＞,https://news.yahoo.co.jp/articles/2c1297c6f4bb3083017154282052b139db7da93c,7/18(火) 19:15
nmit,岩手県内の海水浴場　海開きの日程　１８カ所の海水浴場開設,https://news.yahoo.co.jp/articles/aa532fe592070796199649283d8f45e891d17e54,7/18(火) 17:00
nmit,「職場のストレスから金を盗んだ」　勤務時間中に計１０万円盗む　保育施設勤務の奥州市職員＜岩手県＞,https://news.yahoo.co.jp/articles/9c98067b2f738afd2c62cafa6c47f062e0a0a4d4,7/18(火) 14:28
nmit,主演の菊地凛子さん舞台挨拶　東北を縦断して撮影した映画＜岩手県＞,https://news.yahoo.co.jp/articles/1606c6b7163d364004beac89fbc0f6777fe9827a,7/18(火) 12:37
nmit,盛岡市長選と市議選のポスター用掲示板設置　８月６日告示１３日投開票＜岩手県＞,https://news.yahoo.co.jp/articles/ee7e9942969ba106f0eb69675548c257baf21e31,7/18(火) 12:18
nmit,新型コロナ患者　入院受け入れ訓練　５類移行から２カ月　八幡平市の病院＜岩手県＞,https://news.yahoo.co.jp/articles/4472df509ce850ae78af61c3b19987961a294f7a,7/18(火) 12:02
nmit,プリンセス気分でサッカー教室　元なでしこジャパン・澤さんと宮間さんも参加＜岩手・北上市＞,https://news.yahoo.co.jp/articles/936f3cbdbf23044551598dbd2ba4f600a7130469,7/18(火) 12:02
nmit,夏の高校野球岩手県大会２回戦　花巻球場で２試合　１７日試合結果,https://news.yahoo.co.jp/articles/3415505d541f61fd2d4afd85fa5a388dab57e1d0,7/17(月) 23:36
nmit,いわてグルージャ盛岡　３試合ぶり白星　Ｙ．Ｓ．Ｃ．Ｃ．横浜にホームで勝利＜岩手県＞,https://news.yahoo.co.jp/articles/31b834e9760d927b22fe21f0c99780cd31ce2fcf,7/17(月) 23:30
nmit,錦木　自己最速の勝ち越し　大相撲名古屋場所・９日目＜岩手県＞,https://news.yahoo.co.jp/articles/eb18dc4b2dd551f7ce70c57a3d64d83b8670d063,7/17(月) 23:25
nmit,ＳＬ銀河の蒸気機関車　見学会　定期運行の終了後も魅力健在＜岩手・盛岡市＞,https://news.yahoo.co.jp/articles/009fe97be8ca86a5717a70f87a4567bbae1026a5,7/17(月) 23:14
nmit,４２年前から続く伝統行事　小学校で「相撲フェスティバル」＜岩手・八幡平市＞,https://news.yahoo.co.jp/articles/3248438044b8a6021501b5aff93ffbcdcab3a771,7/17(月) 23:07
nmit,地引き網体験に歓声　根浜海岸で約１００人が参加＜岩手県＞,https://news.yahoo.co.jp/articles/a2a0bbb598343205720a77623d4dbf91ecaad118,7/17(月) 22:53
nmit,東北初の海上アスレチック　海の日　海水浴場にぎわう＜岩手・陸前高田市＞,https://news.yahoo.co.jp/articles/ef3588be444fea3c7cb3639f73ad29a9b316b891,7/17(月) 22:47
nmit,シーソーゲームは劇的な結末　専大北上VS久慈　夏の高校野球岩手県大会２回戦,https://news.yahoo.co.jp/articles/84083e51bd108e0315ab21663937156f84708cbc,7/17(月) 22:35
nmit,朗希投手の弟擁する大船渡が登場　夏の高校野球岩手県大会２回戦,https://news.yahoo.co.jp/articles/c04c93f288bef5d39d6c0804e3fa4de673283f07,7/17(月) 22:25
nmit,菊池雄星投手　勝ち負けつかず　今季１００個目の奪三振,https://news.yahoo.co.jp/articles/a4a3b10594b5b7babace6feb76fe149a5f7b9ba7,7/17(月) 22:15
nmit,大谷翔平選手　３４号ソロホームラン　キング独走　敬遠後の一発にファンも総立ち,https://news.yahoo.co.jp/articles/d2f2a56c50ca031d0ce72fe6f91bdc3952843c0e,7/17(月) 22:02
nmit,中尊寺の外で初　国宝の仏像展示　金色堂建立９００年で特別展開催へ＜岩手・平泉町＞,https://news.yahoo.co.jp/articles/e1c2e66112623dd740e1b13e49f0bf592a3ca436,7/17(月) 21:50
nmit,浄土ヶ浜の遊歩道で男性がクマに襲われる　遊歩道は暫定的に立ち入り禁止＜岩手・宮古市＞,https://news.yahoo.co.jp/articles/9403510901a90241f3a254f015bb0c63795e3324,7/17(月) 21:41
nmit,大雨から一転　大迫で県内初の猛暑日　交通機関への影響続く＜岩手県＞,https://news.yahoo.co.jp/articles/82c48354aee806b7c0a9c37d2a08bb12a4e1b14f,7/17(月) 21:40
nmit,不来方バレー部員自殺　再発防止策「岩手モデル」２０２４年３月に取りまとめ＜岩手県＞,https://news.yahoo.co.jp/articles/15df99ac2d033ea478c8605ad92114d1e2edadad,7/17(月) 13:49
nmit,大雨の峠越えるも鉄道の影響続く　秋田新幹線盛岡～秋田間など終日運休　土砂災害に警戒を＜岩手県＞,https://news.yahoo.co.jp/articles/536640e890e2eb6ded61079f1cf8546d1a467e84,7/17(月) 13:38
nmit,大谷翔平選手　逆転サヨナラ勝利を呼び込む３３号ＨＲ,https://news.yahoo.co.jp/articles/7b77bd55cfe89126a915d86f9988cea29e1570ed,7/16(日) 18:27
nmit,錦木　押し出しで翔猿に勝ち７勝１敗　大相撲名古屋場所八日目,https://news.yahoo.co.jp/articles/67701f19b8fa8600f0deea377961d902ae61f292,7/16(日) 18:25
nmit,土砂災害に警戒続く　西和賀町沢内で４８時間に３０４ミリの降水量＜岩手県＞,https://news.yahoo.co.jp/articles/1ea7c81f61447385d74c6fe55863f7940b500690,7/16(日) 18:25
nmit,トヨタのスポーツカーブランド県内初出店　「ＧＲ　Ｇａｒａｇｅ」オープン＜岩手・紫波町＞,https://news.yahoo.co.jp/articles/06a6ae5208fa187e3bb502cb6cd7b23a35d2d405,7/16(日) 18:23
nmit,内陸中心に大雨　国道４６号道の駅雫石あねっこから秋田方面「通行止め」　土砂災害に警戒＜岩手県＞,https://news.yahoo.co.jp/articles/190f6577205fe76728be084a3d5b336b01a959bd,7/16(日) 12:18
nmit,宮古うみねこ丸　就航１周年記念セレモニー＜岩手県＞,https://news.yahoo.co.jp/articles/c6194b8204f6786d9f5679a0779370f61ee9eaa6,7/15(土) 19:07
nmit,市道で男性が大型トラックにはねられ重体＜岩手・盛岡市＞,https://news.yahoo.co.jp/articles/84dc8f9a9b42bac6e5ac30fb9ce5562e58132898,7/15(土) 18:46
nmit,県内３市町に高齢者等避難情報　内陸中心に大雨  土砂災害に警戒 ＜岩手県＞,https://news.yahoo.co.jp/articles/2eb46291c3754002765a959bf9885bd5b9a2737e,7/15(土) 18:32
nmit,大雨の恐れ　土砂災害などに警戒　ＪＲ一部区間で終日運休＜岩手県＞,https://news.yahoo.co.jp/articles/b3e969f7ec58b06454d690907b0fcfcfdf946e3c,7/15(土) 12:30
nmit,夏の高校野球岩手県大会７日目　花巻球場で３試合　試合結果,https://news.yahoo.co.jp/articles/bf3b9a935e3ee0a63ffb97601618356c61706355,7/14(金) 22:40
nmit,夏の高校野球岩手県大会７日目　きたぎんボールパークで３試合　試合結果,https://news.yahoo.co.jp/articles/f149de4215127369957b88fdde7894c430670142,7/14(金) 22:32
nmit,シード校の盛岡四が接戦制す　遠野あと一歩及ばず　夏の高校野球岩手県大会,https://news.yahoo.co.jp/articles/108eced5120383625d4cdc3e75dc34c868bcbc90,7/14(金) 22:20
nmit,盛岡三が東北ベスト４の実力発揮　一関高専寄せ付けずコールド発進　夏の高校野球岩手県大会,https://news.yahoo.co.jp/articles/238dd9ac9773e1f58cec7c2cb7088053d6888280,7/14(金) 22:16
nmit,「子どもの泣き声が今も残っている」９２歳の証言　釜石艦砲射撃７８年＜岩手・釜石市＞,https://news.yahoo.co.jp/articles/6588f91884e7b0890a130722dad0515ec6708009,7/14(金) 22:10
nmit,ＥＵ日本産食品輸入規制撤廃　達増知事「科学的判断で撤廃はよかった」＜岩手県＞,https://news.yahoo.co.jp/articles/dd6ccd8786878aead21658d301a6ecae10f175cb,7/14(金) 22:06
nmit,山田町官製談合事件　建設会社元社長に懲役１年２カ月求刑＜岩手県＞,https://news.yahoo.co.jp/articles/bf24b91e9a0c7ffcd8c7e2c41dd45a55eacbcb52,7/14(金) 21:52
nmit,渓流釣りの神戸市の男性 遺体で発見　沢沿いでキャンプ予定＜岩手・雫石町＞,https://news.yahoo.co.jp/articles/6d271411ff99e8f79130ee23593640f0f4c84447,7/14(金) 21:45
nmit,原付バイク転倒で男性意識不明の重体　街灯がなく暗い道路＜岩手・奥州市＞,https://news.yahoo.co.jp/articles/98fbe5ac66c225266d2ef8562593807df19e6184,7/14(金) 21:32
nmit,秋田新幹線など計画運休　１５日昼前から大雨見込み　土砂災害など厳重警戒＜岩手県＞,https://news.yahoo.co.jp/articles/a2f7d275532e83ddd3bb3dc0811ebb91a591d951,7/14(金) 21:19
nmit,久慈市で新種カメ類の化石発見　約９０００万年前の地層から＜岩手県＞,https://news.yahoo.co.jp/articles/b48e0b05563c8b2b7ce2cf1129ac201811c9c025,7/14(金) 12:26
nmit,夏の交通事故防止へ警察などが出発式＜岩手・盛岡市＞,https://news.yahoo.co.jp/articles/035350f65882c06bd4bf1a4d74be45cf670fdf44,7/14(金) 12:03
nmit,大谷翔平選手 “МＬＢベスト選手” 受賞　３年連続「ＥＳＰＹ賞」,https://news.yahoo.co.jp/articles/c8a1b18d19567d4ce4a7c76c59f5c3f33f4ed21b,7/14(金) 11:56
nmit,黒いからあげや海鮮メンチカツ　オリジナリティあふれる総菜　テイクアウト専門店＜岩手・盛岡市＞,https://news.yahoo.co.jp/articles/cdbf237a5c24990bd8181f90c4a9cff70d7c9cba,7/14(金) 11:30
nmit,錦木　初日から５連勝の快進撃　大相撲名古屋場所５日目＜岩手県＞,https://news.yahoo.co.jp/articles/0fa2165f6cc74d773dd12bd268746881469f03f7,7/13(木) 21:54
nmit,盛岡の夏を「ゆかた」で歩こう！　約６０店舗で割引やサービス　フォトコンテストも＜岩手県＞,https://news.yahoo.co.jp/articles/1179cccddeca5a1b3286ad5f78baff0cf3f89833,7/13(木) 21:51
nmit,「宮古うみねこ丸」運航開始１周年へ　花火鑑賞船など記念イベント＜岩手県＞,https://news.yahoo.co.jp/articles/eacfbfd64b9fcf5b2015344baf86df2165eabd36,7/13(木) 21:50
nmit,「事業継承」へ　高齢化や後継者不足の改善を　生活衛生同業組合など４団体が初めて業務連携＜岩手県＞,https://news.yahoo.co.jp/articles/77e8bf978ce278db649fe4302125ae39dcd497d3,7/13(木) 21:33
nmit,ガソリン価格　８週連続値上がり　平均小売価格１６８．２円に＜岩手県＞,https://news.yahoo.co.jp/articles/d197a5ae409cf205a8d82fbeae308bdf50c58f0b,7/13(木) 21:27
nmit,「風流踊」ユネスコ文化遺産登録を報告　北上市の鬼剣舞連合保存会が市長表敬＜岩手県＞,https://news.yahoo.co.jp/articles/6ff09b5b7a9c1db6e2b6a38565888b1c0ec6ed0e,7/13(木) 20:55
nmit,「動物実験」廃止へ共同でベンチャー企業　盛岡の企業と京大教授が設立＜岩手県＞,https://news.yahoo.co.jp/articles/f4b09fdcc05dec8fe853419f4190fd9578642a58,7/13(木) 20:32
nmit,ＪＲ６路線１０区間で「輸送密度」１０００人未満　存続の在り方協議を促進＜岩手県＞,https://news.yahoo.co.jp/articles/a87ac6def83cba719c78db55bbe5e03b34863fb5,7/13(木) 20:32
nmit,夏の高校野球岩手県大会６日目　花巻球場で３試合　試合結果＜岩手県＞,https://news.yahoo.co.jp/articles/b486560d2fb510a242d97271cb99824b8cb791db,7/13(木) 20:09
nmit,夏の高校野球岩手県大会６日目　きたぎんボールパークで３試合　試合結果＜岩手県＞,https://news.yahoo.co.jp/articles/60e423c4adda5285e59200fdcbc421294399dbf8,7/13(木) 19:30
nmit,注目のスラッガー佐々木麟太郎選手初ヒット　花巻東コールド発進　盛岡市立を撃破＜岩手県＞,https://news.yahoo.co.jp/articles/89e9bf111bcecadf506d5fded2ecfe2ba1a5adfe,7/13(木) 19:05
nmit,２年連続へ一関学院がコールド発進　昨夏の決勝カード再び　盛岡中央雪辱ならず＜岩手県＞,https://news.yahoo.co.jp/articles/f6cb0baf99262da989febe393b5b3f70530198a8,7/13(木) 19:05
nmit,ショベルカー横転　伐採作業道工事の男性死亡　山林で作業中＜岩手・葛巻町＞,https://news.yahoo.co.jp/articles/1b9875d4c10232bf0f2001f84b46da552482e401,7/13(木) 12:27
nmit,「心中」目的で妻殺害　男に懲役３年求刑　“承諾殺人”の罪＜岩手県＞,https://news.yahoo.co.jp/articles/a95309d53ecd0c528aaa25072c0b8d5ed1708e27,7/13(木) 12:22
nmit,佐々木朗希投手　１４奪三振７勝目　最速１６５キロ 今季自己最多三振奪う,https://news.yahoo.co.jp/articles/18cba76aeaf3fd001a7191a74966b20e3be529cc,7/13(木) 12:14
nmit,街なかの釣り堀が復活　思い出いっぱいの市民の憩いの場　経営引き継いだ男性＜岩手・北上市＞,https://news.yahoo.co.jp/articles/b455e513baa42608faf73a374c3f4b327d80eda9,7/12(水) 21:23
nmit,「断水時のトイレ」全国ワースト２位　避難所となる公立学校の防災機能＜岩手県＞,https://news.yahoo.co.jp/articles/4fee9d8e3c6192ff222d5bcf5ee226ffeb97995d,7/12(水) 20:22
nmit,新型コロナ　３週連続増加　１医療機関６．７３人＜岩手県＞,https://news.yahoo.co.jp/articles/96f477437620a942f57c01998f1ba800f6f3c849,7/12(水) 19:56
nmit,夏の高校野球岩手県大会　雨で１３日に順延　新球場屋内練習場で調整,https://news.yahoo.co.jp/articles/fba9c6840d8791e02ebc05676c998506d90e27ce,7/12(水) 19:47
nmit,ヘルパンギーナ患者数　過去最多更新　警報レベル超　県平均１４．７人 前週から大幅増＜岩手県＞,https://news.yahoo.co.jp/articles/f6cdf9716e3207f46006dce3e47c470057af1987,7/12(水) 19:47
nmit,大気不安定　雨で「秋田新幹線」運休も　土砂災害など注意警戒＜岩手県＞,https://news.yahoo.co.jp/articles/d0f8f7e801f26ea9240392939bee25b18f1ab06d,7/12(水) 19:32
nmit,野菜不足を解消　野菜の摂取量を“見える化”　「ベジメータ」体験会＜岩手・北上市＞,https://news.yahoo.co.jp/articles/aa2345eca3659d9263d12508dc4d641988dcfd02,7/12(水) 19:30
nmit,大谷翔平選手　オールスター出場　地元からエール　３年連続３回目＜岩手・奥州市＞,https://news.yahoo.co.jp/articles/ddfd22cf2c4ab2a2a75cabb5d1a9c61aeef80bf0,7/12(水) 19:30
nmit,５月から行方不明男性の死因　「交通事故で死亡」と警察が発表　バイクで沢に転落か＜岩手・奥州市＞,https://news.yahoo.co.jp/articles/98a8a5ae179252b607fced74eeeba9558bf59517,7/12(水) 17:00
nmit,中国雲南省の中高生４年ぶり訪問　いわて親善大使に任命＜岩手県＞,https://news.yahoo.co.jp/articles/f53e3ff641274b14ec19dcd60beed0c4ea3515fd,7/12(水) 12:32
nmit,岩手県内大雨見込み　土砂災害などに警戒　高校野球県大会１３日に順延,https://news.yahoo.co.jp/articles/6a7f972ded83a3e868c4a4eb17a2e546d31fa8fe,7/12(水) 12:27
nmit,バーベキューには海の幸　ホタテ・ハマグリ・サザエがおすすめ　盛岡市中央卸売市場＜岩手県＞,https://news.yahoo.co.jp/articles/280165467636b4ae2626f9b3d3115ab509db6e34,7/12(水) 7:00
nmit,盛岡市がマイナカード誤交付　顔写真確認などせず他人のカード渡す＜岩手県＞,https://news.yahoo.co.jp/articles/fe6e6b4f23b92d3d5d4d62594682510dfb290a60,7/11(火) 17:00
nmit,他人のマイナンバーカードを誤って交付　岩手県盛岡市,https://news.yahoo.co.jp/articles/e6af53a50237bfdfb5baafd1b8ca7453013dc211,7/10(月) 20:25
nmit,盛岡駅の新幹線利用３４％増　２０２２年度 移動需要が回復＜岩手県＞,https://news.yahoo.co.jp/articles/95f1f51e0d66a109a114dd24b9bced7453f9c588,7/10(月) 19:50
nmit,就職希望者数は求人数大きく下回る　企業と高校の進路指導教諭が情報交換＜岩手・盛岡市＞,https://news.yahoo.co.jp/articles/04ac43623a92c1ddb5722cc7a896d93574b3e397,7/10(月) 18:55
nmit,東北道でオートバイ事故　１７歳男性死亡　友人と旅行中＜岩手・滝沢市＞,https://news.yahoo.co.jp/articles/4c190a779250ce984d3b97d8034b57acfed95907,7/10(月) 18:55
nmit,クマを知るための企画展　子どもたちへ「クマはかせになろう！」＜岩手・盛岡市＞,https://news.yahoo.co.jp/articles/0791c5da0878f57c878bd00ffd1175b914912ee4,7/9(日) 19:00
nmit,クマの目撃情報相次ぐ　盛岡・北上・花巻で＜岩手県＞,https://news.yahoo.co.jp/articles/01538549ca2c687b1e213a0da099aa50ac7495f9,7/9(日) 18:43
nmit,１００万円横領　２０代市職員を懲戒免職＜岩手・宮古市＞,https://news.yahoo.co.jp/articles/f7581e84aa7d6c85d77868e8c3d49bd029308218,7/8(土) 19:19
nmit,自転車保険の努力義務化 条例施行　身近な乗り物に新たな条例が施行された背景と現状＜岩手県＞,https://news.yahoo.co.jp/articles/36f90c8f2e0c5a876c291db756d4a7ab9c40fd35,7/7(金) 21:31
nmit,被災３県の生協連　放出反対の署名提出　国と東電に各３万３０００人分＜岩手県＞,https://news.yahoo.co.jp/articles/52b79ba3d229ad213ad9567b4b9466ab670f1962,7/7(金) 20:53
nmit,達増知事「国が責任持って丁寧に説明を」　処理水放出　原子力規制委が「合格」＜岩手県＞,https://news.yahoo.co.jp/articles/699ac9ce1de3f3167a4f72b98a599a64a8051cc8,7/7(金) 20:40
nmit,車掌が寝過ごし　釜石線の列車に遅れ＜岩手県＞,https://news.yahoo.co.jp/articles/48df7bb05560c0ab76fa3bd9d1a347fc73178b6e,7/7(金) 20:17
nmit,「毛越寺」境内で不審火　枯れ枝を焼いたような跡が複数　国の特別史跡指定＜岩手・平泉町＞,https://news.yahoo.co.jp/articles/68c512963214ee63173b9f9556e027995e4f31d4,7/7(金) 20:17
nmit,クマ出没で休園中の動物公園 が営業再開　電気柵強化＜岩手・盛岡市＞,https://news.yahoo.co.jp/articles/f69ee6416a7c743207553758f437507d0812a002,7/7(金) 12:10
nmit,ほど良い辛さの麻婆豆腐や担々麺　エビチリが一番人気の町中華＜岩手・花巻市＞,https://news.yahoo.co.jp/articles/f7a144e8797246e12349ae38e810fa4a9c07e633,7/7(金) 6:30
nmit,半導体関連部品製造「ミラプロ」工場完成　奥州市に東北工場　１５０人規模採用へ＜岩手県＞,https://news.yahoo.co.jp/articles/e55eba37f1aab5d9239578848c8452e2d281b92b,7/6(木) 21:38
nmit,一戸産の夏秋野菜をトップセールス　生育順調　レタスの出荷最盛期＜岩手県＞,https://news.yahoo.co.jp/articles/6c295e5aa17187a6ed1bd861adc9e1dd91fd2cd3,7/6(木) 21:22
nmit,大槌高校　２０２４年度に普通科を「地域探究科」に改編へ　岩手県教育委員会,https://news.yahoo.co.jp/articles/7280bf1e1c3b626ffeb91bcbd663093bd6719f2c,7/6(木) 20:32
nmit,前沢高校２０２４年度「１学級削減」へ　岩手県教育委員会＜岩手・奥州市＞,https://news.yahoo.co.jp/articles/e2244778b87ca5738cae01279ae02f9e248ab37a,7/6(木) 20:22
nmit,大谷翔平選手応援へ「南部鉄瓶」キャップ　　エンゼルスカラーの赤にアラレ模様＜岩手・奥州市＞,https://news.yahoo.co.jp/articles/aa6e046f3f7190cabef5d97c7e8898ef3b7244ce,7/6(木) 20:22
nmit,クマが人里に出没増える恐れ　ブナの実「大凶作」の予測＜岩手県＞,https://news.yahoo.co.jp/articles/cf5201526338f0c3ac412e23237fcfccc32903f8,7/6(木) 19:22
nmit,スプレー缶が爆発　衣服に燃え移り女性死亡　ファンヒーターに引火＜岩手・久慈市＞,https://news.yahoo.co.jp/articles/662997a7feeda79f1ce376410a964fdbcdcdd91d,7/6(木) 12:09
nmit,またトイレの壁が破損　一関市で被害相次ぐ＜岩手県＞,https://news.yahoo.co.jp/articles/17a6157ed0cd3cbaacb3d891ec9ca358664355a5,7/5(水) 22:48
nmit,梅雨を空彩るアジサイ　４万株・４００種類以上が咲き誇る　みちのくあじさい園＜岩手・一関市＞,https://news.yahoo.co.jp/articles/cc2e5148849ecd684c5da9547396ba6e438bbef2,7/5(水) 22:01
nmit,風評被害に懸念拭えず　処理水放出 ＩＡＥＡが”お墨付き”に水産関係者＜岩手県＞,https://news.yahoo.co.jp/articles/4cd50b25a12ebb1d97597cf5998b22636f182128,7/5(水) 20:35
nmit,子馬誕生で伝統の継承に期待　チャグチャグ馬コ支える存在に　名前を募集中＜岩手・滝沢市＞,https://news.yahoo.co.jp/articles/7ea26cde2bb5f51190d8bdc9eacaadcd1074d64b,7/5(水) 20:21
nmit,通院中のタヌキ？　あわてて逃走　専門家「かなり珍しい」＜岩手・盛岡市＞,https://news.yahoo.co.jp/articles/5fd9702c3e8eb4c1cccb0defb26a11cb40540445,7/5(水) 18:00
nmit,岩手の誇り「ＳＬ銀河」ｍｅｍｏｒｉｅｓ　２０２３年６月１１日ラストラン,https://news.yahoo.co.jp/articles/b4427c505c9a3198ff642039e7b7e94bd8c706d9,7/5(水) 12:18
nmit,ＥＴＣ料金一部調整反映されず　約２９００台に返金手続きへ　ネクスコ東日本　道の駅で一時退出実験＜岩手,https://news.yahoo.co.jp/articles/7ee19641e35e3943ba4945202679a52e2860a809,7/4(火) 21:30
nmit,“７億円の夢” 盛岡市で初めて抽選会　サマージャンボ宝くじ発売＜岩手県＞,https://news.yahoo.co.jp/articles/dd7fde972a3dd43a074e9bffbb0195e83081a3df,7/4(火) 21:10
nmit,北東北３県の警察が合同訓練　土砂災害時の救助想定＜岩手・滝沢市＞,https://news.yahoo.co.jp/articles/64834ea71b9467c3d0b630f27d14b6d1efcd4f3c,7/4(火) 20:50
nmit,大谷選手の“お宝”に興奮　地元の駅に展示　県外からのファンも＜岩手・奥州市＞,https://news.yahoo.co.jp/articles/495e0a7e2957ce64686700e341a2c24b3f2c4784,7/4(火) 20:34
nmit,出合い頭に軽乗用車同士が衝突　２人軽傷　十字路交差点＜岩手・奥州市＞,https://news.yahoo.co.jp/articles/ae4857f66357ecd8402e54da5c264a981bd3939c,7/4(火) 19:41
nmit,水道料金など着服　５０代職員懲戒免職　ボランティアで市営住宅の集金業務＜岩手・一関市＞,https://news.yahoo.co.jp/articles/4ba3129f55b13597596e952d6efa6eb30ce471d8,7/4(火) 19:40
nmit,B1琉球・小野寺選手（一関市出身）“日本一の技”伝える　バスケット教室＜岩手・紫波町＞,https://news.yahoo.co.jp/articles/2474c90b31cb3307c7922d094e7b8741f5fdb5ea,7/3(月) 21:30
nmit,５０年以上愛されてきた味「室根からあげ」が日本一に　おいしさの秘密は飼育から＜岩手・一関市＞,https://news.yahoo.co.jp/articles/8f30b21ced7ea2359b06c7b5499353c256b4126f,7/3(月) 20:38
nmit,「新庁舎は内丸地区に」住民が署名提出　建て替えエリア巡り初めて　１１の町内会＜岩手・盛岡市＞,https://news.yahoo.co.jp/articles/e2f0335327df9e843991985b11467c41203e7524,7/3(月) 20:37
nmit,「北限の海女」素潜り漁 実演始まる　４年ぶり 予約なしでも見学可＜岩手・久慈市＞,https://news.yahoo.co.jp/articles/f5c6bfa48a62376edf0acfdd64aeda03f34576a4,7/3(月) 20:34
nmit,“野生”のクマが動物園に侵入　再び臨時休園　６月にも足跡が＜岩手・盛岡市＞,https://news.yahoo.co.jp/articles/c0b7d865f2c021c3a601bf8549ef150a81266529,7/3(月) 11:58
nmit,クマに足をかまれ転倒し手首骨折のけが　自宅の裏で＜岩手・紫波町＞,https://news.yahoo.co.jp/articles/f442a2681e0904b30a7abf62de3efde322510fe3,7/2(日) 12:31
nmit,県内最高峰の岩手山で山開き　本格的な夏山シーズン到来＜岩手・滝沢市＞,https://news.yahoo.co.jp/articles/018b7c068a2bc4056164dda83be085e322aac0c5,7/1(土) 18:55
nmit,ヘルパンギーナ　園児が集団感染　盛岡市内の教育保育施設＜岩手県＞,https://news.yahoo.co.jp/articles/b31fd84a0f39e3b50893f7c708ae2eec620c0183,7/1(土) 13:25
nmit,感染性胃腸炎の集団発生　１７人が嘔吐や下痢　盛岡市内の教育・保育施設＜岩手県＞,https://news.yahoo.co.jp/articles/2c82a4b0640ad4e3579cc59527783fdb09dcecc9,6/30(金) 21:55
nmit,“従来の保険証廃止”の中止求める請願　県内１０医療団体「システム構築してから義務化を」＜岩手県＞,https://news.yahoo.co.jp/articles/da8ff162cd2f8e3dcf21a4f2a1144974e8db9506,6/30(金) 21:16
nmit,盛岡駅ビル飲食店で「特別メニュー」　ＪＡ新いわて管内の食材で７月１日から＜岩手県＞,https://news.yahoo.co.jp/articles/5774c12647060179f67c01b47d5c94744779a128,6/30(金) 20:33
nmit,宮古市２０代職員が約１００万円を着服　消防団の共済金を自分の口座へ「ローン返済のため」＜岩手県＞,https://news.yahoo.co.jp/articles/202b0f616d05b98350031e98545347826c9e2cda,6/30(金) 20:10
nmit,今度は男子トイレの壁が破損　先週女子トイレの壁に穴がかけられる被害＜岩手・一関＞,https://news.yahoo.co.jp/articles/e4e386696df9a6b0d149732ce0239ce0aaef6458,6/30(金) 20:01
nmit,また閉校した小学校で窓ガラスが割られる＜岩手・一関市＞,https://news.yahoo.co.jp/articles/e730006013b656f20d2352d216939364421d0697,6/30(金) 17:54
nmit,福島第一原発　処理水放出めぐる現状は…＜岩手県＞,https://news.yahoo.co.jp/articles/aad486fac63d8697ae31e8c01ec0386d9d8df484,6/29(木) 22:04
nmit,焼き干しの「そば」と「ラーメン」　岩手県民になじみ深いメニュー「そば冷麺」も人気＜岩手・盛岡市＞,https://news.yahoo.co.jp/articles/a6bf1d4c6c50292cea17bc46970ec7d3e2886c7b,6/29(木) 21:17
nmit,津波避難に新たなルール　大槌町が車での避難認める防災計画に改定　事情ある人対象に＜岩手県＞,https://news.yahoo.co.jp/articles/03fb43a1eaffb7053768f98b278f8dfc882c5f4f,6/29(木) 20:00
nmit,岩手県内の新設法人数は５０１社　２０２２年　前年からの減少率は全国最大,https://news.yahoo.co.jp/articles/757a1b841ca998cf9ea723ba1789ac6be22d25fc,6/29(木) 12:45
nmit,処理水海洋放出に県漁連「改めて反対」　渡辺復興相が来県＜岩手県＞,https://news.yahoo.co.jp/articles/5b86af173906a4b5aee29d80a1872f0db8944b97,6/29(木) 12:31
nmit,「翔くん」から世界の大谷翔平へ　髪型の原点　８６歳理容師が語る幼少期のエピソード＜岩手・奥州市＞,https://news.yahoo.co.jp/articles/d59a2b3a90d97540c5cbaee368a233fedb02defe,6/28(水) 22:04
nmit,“大谷翔平”田んぼアートが見頃　４年ぶりに復活＜岩手・奥州市＞,https://news.yahoo.co.jp/articles/a5a2bee1b7f47bf9549576783d35b6a475fc1a33,6/28(水) 21:37
nmit,「消防救助技術」訓練の成果を披露　消防隊員の県大会＜岩手・矢巾町＞,https://news.yahoo.co.jp/articles/8be7647496b1f877282daa867c7f5e41896fa40e,6/28(水) 21:10
nmit,酒気帯び運転の県職員　懲戒免職　自宅で焼酎を飲んだ後、車を運転＜岩手県＞,https://news.yahoo.co.jp/articles/fb401962ecf86d344cbba804181aaa6d93c99564,6/28(水) 20:08
nmit,釣り人がため池に転落　意識不明の重体＜岩手・奥州市＞,https://news.yahoo.co.jp/articles/e62860dae0f9d7afc1779c3d3149e1513a6c24b7,6/28(水) 20:03
nmit,女子トイレの壁に“穴”　被害相次ぐ　一関市が警察に被害届＜岩手県＞,https://news.yahoo.co.jp/articles/28c85c28267251a63d5671f218d5d243fbda3a7c,6/28(水) 12:11
nmit,「花の名山」として知られる焼石岳　花に彩られた夏山求めて全国から登山者＜岩手県＞,https://news.yahoo.co.jp/articles/c43326b779e2407856aea1e29eece4ea4fa56317,6/27(火) 22:03
nmit,午前４時過ぎの住宅地にクマ　付近に保育園や老人ホーム＜岩手・盛岡市＞,https://news.yahoo.co.jp/articles/d0d32283a96671becda92acfe6dfc21c86be37e8,6/27(火) 11:45
nmit,全国大会で準優勝　起死回生のハンバーガー　自慢の「ハンドチョップパティ」＜岩手・奥州市＞,https://news.yahoo.co.jp/articles/8f2d877790b38dafa64317a9bc583a1a2049e5bf,6/26(月) 22:03
nmit,「盛岡城」の復元へ老舗店舗の蔵の調査に同行　懸賞金最大１０００万円をかけ資料探し＜岩手・盛岡市＞,https://news.yahoo.co.jp/articles/524440bc3e6ba6ab501e3a2412c5821c0833f41f,6/26(月) 19:15
nmit,クマに襲われ顔や頭にけが　女性が自宅近くで農作業中＜岩手・二戸市＞,https://news.yahoo.co.jp/articles/aeb09b6e9dfd58759b422e85c9800adade3051f2,6/25(日) 12:24
nmit,【裁判傍聴記録】岩手・奥州市集団暴行死事件＜判決＞　懲役１０年,https://news.yahoo.co.jp/articles/b862ab835b7cd227aaeccf104ccebcc292bf6d1d,6/24(土) 20:19
nmit,【裁判傍聴記録】岩手・奥州市集団暴行死事件＜結審＞　求刑は懲役１１年,https://news.yahoo.co.jp/articles/f58e15793de500c48807253325bbb0659157efc5,6/24(土) 20:00
nmit,【裁判傍聴記録】岩手・奥州市集団暴行死事件＜第２回公判＞　会社の異常な実態,https://news.yahoo.co.jp/articles/62f72b8212d83a01149c94a4047b61958e86805f,6/24(土) 20:00
nmit,【裁判傍聴記録】岩手・奥州市集団暴行死事件＜第３回公判＞　保身のための暴行,https://news.yahoo.co.jp/articles/8ace978dcbb85b0fa7be487d831db7229a664b73,6/24(土) 20:00
nmit,脱サラして醸造家へ「クラフトビールは…めちゃくちゃうまい」　好奇心と挑戦とサイコーな笑顔＜岩手県＞,https://news.yahoo.co.jp/articles/9acde5eb580ddc68f7d38ecf0545d653bc4d5325,6/23(金) 20:57
nmit,中学校のテニスコートにクマ出没　生徒は教室でテスト中＜岩手・滝沢市＞,https://news.yahoo.co.jp/articles/36e59021346b02fa6bda66dd8393f42ecfab8bde,6/23(金) 19:36
nmit,アメリカンなハンバーガー店　店主の“バーガー愛”あふれるメニューが魅力＜岩手・花巻市＞,https://news.yahoo.co.jp/articles/a54067b20833d97fd0da79f0c35463a2b4873b77,6/23(金) 7:00
nmit,“クマとの共生”考えるゲーム　盛岡市動物公園が開発中＜岩手・盛岡市＞,https://news.yahoo.co.jp/articles/eacc3ee8e33336318553e5344a449f1673a42d84,6/22(木) 22:46
nmit,「マイナ保険証」県内医療機関の約６割でトラブル　利用控える人も＜岩手県＞,https://news.yahoo.co.jp/articles/424d0987a3db37af8208e609d40f4a495b26e2d7,6/22(木) 20:00
nmit,不来方高校男子生徒自殺から５年　県教育長「再発防止へ一丸で取り組む」＜岩手県＞,https://news.yahoo.co.jp/articles/de69fb0a84e591f9007131e10876084da190fd72,6/21(水) 21:07
nmit,クマ３頭発見　そのうちの１頭に襲われる　顔を引っかかれ男性けが＜岩手・久慈市＞,https://news.yahoo.co.jp/articles/f55c1ba1de96e5ffecac2bfb2350171ac2f6584a,6/21(水) 19:50
nmit,トラックが横転し乗用車は大破　すれ違いざまに衝突＜岩手・滝沢市＞,https://news.yahoo.co.jp/articles/e22240cfb172f09605362c54c93547a6bb1a5402,6/21(水) 19:50
nmit,高校生の県内就職率７３．６％　統計開始以降３番目に高い割合＜岩手県＞,https://news.yahoo.co.jp/articles/02491586c7c69052f643adb15293daa924f1a35d,6/21(水) 12:16
nmit,２１歳女性作業員　後退中の４トントラックにはねられ死亡　東北道で工事作業中＜岩手・花巻市＞,https://news.yahoo.co.jp/articles/510b50466e22b16a950f914fbd1718ef24913414,6/20(火) 19:50
nmit,５月の倒産８件 　過去１０年で２番目　負債総額は１５億１００万円に＜岩手県＞,https://news.yahoo.co.jp/articles/679140a6a988ac5dbc4497a59773e7988c701ef0,6/20(火) 12:34
nmit,二戸市職員が飲酒運転の疑いで摘発　市道で単独事故＜岩手県＞,https://news.yahoo.co.jp/articles/cb980a1d18c3618a668d8c4caeec0e54100cc7ae,6/20(火) 12:27
nmit,ＳＬ銀河の客車　解体のため秋田へ　「銀河鉄道の夜」モチーフ　最後の姿　“別れ”の汽笛鳴り響き＜岩手＞,https://news.yahoo.co.jp/articles/5c8e06606620bae67a82969143d63fefd03d6cc8,6/19(月) 20:43
nmit,酒気帯び運転の男性教諭　懲戒免職　「甘い考えで取り返しつかないことに」＜岩手・矢巾町＞,https://news.yahoo.co.jp/articles/db644ef961dcd53193696cb813b4fd2533f0acba,6/19(月) 20:17
nmit,大槌町の不祥事で再発防止策を答申　第三者委員会「行政が危機的な状況にあると感じざるをえない」＜岩手＞,https://news.yahoo.co.jp/articles/62d277841e29174687a50ee32ffd29d8baeeb8d1,6/19(月) 20:17
nmit,クマがフェンスを軽々と乗り越える　「これほど間近に見たことない」　また盛岡でクマ出没＜岩手・盛岡市＞,https://news.yahoo.co.jp/articles/31b23d47c935ce678f5b2ca54c5f3b44d72b9b15,6/16(金) 20:09
nmit,クマ連日出没に専門家「同じ個体ではないか」「山の中はクマでミチミチに」この時期特有の原因も＜岩手＞,https://news.yahoo.co.jp/articles/e6ea3c05c51da646761044504b7f61192da12aa8,6/16(金) 19:41
nmit,目指すはオリジナルのラーメン　妥協を許さない最高の“一杯”を＜岩手・花巻市＞,https://news.yahoo.co.jp/articles/7ad41599d255b93e47d913c862597faa86fc5462,6/15(木) 21:32
nmit,子グマが住宅地を徘徊か　盛岡市高松付近で複数の目撃情報　警察が警戒＜岩手県＞,https://news.yahoo.co.jp/articles/3ae6b6c654df176bc7b9f8a0fe67558a923769ef,6/15(木) 19:11
nmit,岩手駐屯地　射撃訓練一時中止　陸自候補生発砲事件受け＜岩手・滝沢市＞,https://news.yahoo.co.jp/articles/531d131c618c7be4263d732dd62a3a9fbab09b78,6/15(木) 12:32
nmit,在宅診療所が開く患者を「しのぶ会」　看取った家族とスタッフが語り合う＜岩手・一関市＞,https://news.yahoo.co.jp/articles/a865e7e6b6682454ec9c06c705bab917a84114dd,6/14(水) 21:20
nmit,住宅地でクマの目撃相次ぐ　「クワの木の実を食べ山へ」＜岩手・盛岡市＞,https://news.yahoo.co.jp/articles/3e9480d40672327d51b32812611efb987349dc17,6/14(水) 12:18
nmit,ありがとう「ＳＬ銀河」　惜しまれながらラストラン　 震災復興を後押し　走り続けた９年２カ月＜岩手＞,https://news.yahoo.co.jp/articles/31736c9a2fddb26a45e9fd7c442d993922f8140c,6/13(火) 21:01
nmit,昔の農作業を再現　「チャグチャグ馬コ」伝統行事を後世につなぐための活動＜岩手県＞,https://news.yahoo.co.jp/articles/4ad33ee37b999d577e2fdcfa9e3a2bb13d45ef21,6/13(火) 7:00
nmit,伝統を受け継ぐ「チャグチャグ馬コ」４年ぶり通常開催　街に本来のにぎわい戻る＜岩手県＞,https://news.yahoo.co.jp/articles/79fa5c8274d2516df9ad92479220bba2f114fc47,6/12(月) 21:03
