media_en,title_articles,link_articles,date_original
jisin,‰ëq‚³‚Ü@‚²Ã—{’†~A“¯‚¶ƒhƒŒƒX‚ğŒJ‚è•Ô‚µcgƒeƒBƒAƒ‰«‘Şh‚Ìˆ¤q‚³‚Ü‚É‚àŒp³‚³‚ê‚½uŒ–ñ‚Ì¸_v,https://news.yahoo.co.jp/articles/422cc8b68c9fce78180987b10ff050944649381c,8/8(‰Î) 6:05
jisin,y“Æèzsìš£\˜Y‚É9”NŠÔ‚Å3‰­‰~I¬“cs–¯‚ª’m‚ç‚È‚¢uŠÏŒõ‘ågv‚Ìgr‰Ò‚¬h‚È“àî,https://news.yahoo.co.jp/articles/ab396382d7042dfc287e92a2ab46b2f98749677c,8/8(‰Î) 6:05
jisin,‰H¶Œ‹Œ·@ƒAƒCƒXƒVƒ‡[Šy‰®‚Å–ÚŒ‚‚³‚ê‚Ä‚¢‚½ge–§—«h‚Æ‚Ì2ƒVƒ‡ƒbƒgc‰^‰c‘¤‚Íâ­Œû—ß‚ÌŒµ‰ú‘Ô¨,https://news.yahoo.co.jp/articles/44f95f0430672d26f3167a6a5846364806e7a8f8,8/8(‰Î) 6:05
jisin,L––—Áq@“ª•”‚Ş‚«o‚µ‚ÌƒJƒ“ƒJƒ“–X‚ª˜b‘èc‰ß‹‚É–ÚŒ‚‚µ‚Ä‚¢‚½g”w’†‚É’wåh‚ÌŒÂ«“I‚·‚¬‚é„•p,https://news.yahoo.co.jp/articles/bf4ba73046965071dc361f479b2df59ff4009e50,8/8(‰Î) 6:01
jisin,‰ëq‚³‚Ü g“üÈ“¯Šúh‚ªŠO–±––±ŸŠ¯‚Éo¢I•ƒ‚Æ‚à§ˆÓ‚Èg–¿—FŠOŒğŠ¯h‚Ì‘fŠç,https://news.yahoo.co.jp/articles/5462318e8a78488a9f96c4d8567b0c9392120c09,8/7(Œ) 18:45
jisin,u“ª‚Ìd‚¢ƒWƒWƒC‚Î‚©‚èvƒzƒŠƒGƒ‚ƒ“ ƒSƒ‹ƒtŠE‚Ìg–Ò‹‚Å‚àƒVƒƒƒcƒCƒ“hƒhƒŒƒXƒR[ƒh‚É‹êŒ¾,https://news.yahoo.co.jp/articles/45104b0895c5388ad3f52056cf1fde008a3195cd,8/7(Œ) 17:26
jisin,uDŠ´“x‰º‚ª‚Á‚½‚ívç’¹ƒmƒu@‰Š“V‰º‚Å‘–‚é—«ƒLƒƒƒfƒB[‚ğ—Á‚µ‚¢Šç‚Å–TŠÏcg”ñî‘Î‰h‚ÉŒuŒ´‚©‚ç”á”»‚ª”ò‚Ñ‰Î,https://news.yahoo.co.jp/articles/fa55d848bb025bc5745f2493e7a2315ef7b14387,8/7(Œ) 16:54
jisin,•ŸŒ´ˆ¤@y‹³ö–±‚ß‚éÂX‘åŠw‚Æ¡Œã‚ÌŒ_–ñ‚Íu’²®’†vc2”Nã‚Åu‹`‚Í‚½‚Á‚½1‰ñ‚àŠw¶‚©‚ç‚Íu‘å•ÏD•]v,https://news.yahoo.co.jp/articles/5d3a3d9fc94b233d1306a4d0aa825e6559269ea4,8/7(Œ) 15:25
jisin,Ü”M“ú·‚µ‚ª”’”¯‚âƒnƒQ‚ÌŒ´ˆö‚ÉcI¡‚·‚®‚Å‚«‚é“ª”ç‘Îô4,https://news.yahoo.co.jp/articles/e52d1560cf3158c769d77e1ca4439415ec49314c,8/7(Œ) 11:01
jisin,‰¡RŒõº‚³‚ñ‚ª‰ğàuVNISA‚Å60Î‚©‚ç˜VŒã‘‹à‚Í800–œ‰~‚ğ–Úw‚·v,https://news.yahoo.co.jp/articles/2018031729d2f74de5d368e38c548f7b29ef56c5,8/7(Œ) 11:00
jisin,Sexy Zone‘S‘ƒcƒA[ƒŠƒ|u3‘åƒh[ƒ€”­•\A©B‚èƒ^ƒCƒ€‚àv,https://news.yahoo.co.jp/articles/92f5cfe5ef2faead113f319e183d224fc3a781c7,8/7(Œ) 11:00
jisin,™‰YKwƒ„ƒkƒX‚Ì‹¾x‚Å‚Íæ¶–ğ‚ÌR‰º^i‚³‚ñ‚É30‰ñ‚à“Š‚°”ò‚Î‚³‚ê‚Ü‚µ‚½,https://news.yahoo.co.jp/articles/bd78f29dec2b8029d0a46d814f5f6b10290b9fdd,8/6(“ú) 6:05
jisin,80Î‚ÌŒ»–ğ——DE²X–Øˆ¤‚³‚ñ‚ª‘·–º‚Ö‚Æˆø‚«Œp‚®u•‘‘ä‚Å‚µ‚©–¡‚í‚¦‚È‚¢ƒ‚ƒ„ƒ‚ƒ„v,https://news.yahoo.co.jp/articles/c1615412f0c45fcf3389ae4da3b1ed3f4060a69d,8/6(“ú) 6:04
jisin,u¡“ú‚à–¾“ú‚à–ˆõŒä—çv˜V•ÜŒ€’c‚ğ—«4¢‘ã‚Åç‚è‘±‚¯‚é80Î‚ÌŒ»–ğ——DE²X–Øˆ¤‚³‚ñ,https://news.yahoo.co.jp/articles/d56babcd237a245cb07caf3d7a018724dc93b211,8/6(“ú) 6:04
jisin,D‚«‚Èw“ú—jŒ€êxƒhƒ‰ƒ}ƒ‰ƒ“ƒLƒ“ƒOI1ˆÊw”¼‘ò’¼÷x3ˆÊw‰º’¬ƒƒPƒbƒgxc2ˆÊ‚ÍH,https://news.yahoo.co.jp/articles/7c7058ad30a6895f6dd29ccb8da201c4b74c3786,8/6(“ú) 6:04
jisin,‹êè‚È“ú—jŒ€ê‚Ì–¼ìƒ‰ƒ“ƒLƒ“ƒOc3ˆÊw‰Ø—í‚È‚éˆê‘°xA2ˆÊw”¼‘ò’¼÷x‚ğ—}‚¦‚½‚Ü‚³‚©‚Ì1ˆÊ‚ÍH,https://news.yahoo.co.jp/articles/cb2b4cc885303e225f17df2b7ecbfff2c5babd42,8/6(“ú) 6:04
jisin,ƒRƒ€ƒhƒbƒgE‚â‚Ü‚Æ@ƒ}ƒ‰ƒ\ƒ“’E—‚ÉŒ¾‚¢–óA“®‰æ‚Å†‹ƒcg‹­‹C‚ÌƒcƒPh‚ÅŒœ”O‚³‚ê‚éƒtƒ@ƒ“‚ÌuŠ^‰»Œ»Ûv,https://news.yahoo.co.jp/articles/e875b23480a8106bc9672a5fb3c18fb0018c5301,8/5(“y) 14:41
jisin,uŒ‹¥•ñ‚Ü‚ÅƒXƒgƒCƒbƒNv‰H¶Œ‹Œ·@“õ‚í‚¹ƒiƒVA‘f«‚àˆêØŒö•\‚¹‚¸I‚¨‘ŠèŠ®‘SƒK[ƒh‚Ìgam‚·‚¬‚éh“dŒ‚”­•\,https://news.yahoo.co.jp/articles/c60fb5793811100395c934f32911827405bd7d45,8/5(“y) 11:01
jisin,u28Î‚É¥Šú‚ª—ˆ‚é‚Æv‰H¶Œ‹Œ·‚ÌŒ‹¥‚ğ—\Œ¾‚µ‚½gƒXƒS˜r‰A—zth‚ª“–‚Ä‚Ä‚¢‚½g‚à‚¤ˆê‚Â‚ÌŒc–h,https://news.yahoo.co.jp/articles/cba7c4684c3cfc7ae389be0d1f63430ba6bea043,8/5(“y) 11:00
jisin,—é­‰›muH”ïß–ñ‚Ì‚½‚ß‚Éƒpƒ“‚Ì¨‚ğˆÀ‚­”ƒ‚Á‚Ä‚¢‚Ü‚µ‚½v,https://news.yahoo.co.jp/articles/66723f52198d16f62162aecc34e206603ed6c102,8/5(“y) 6:05
jisin,’†‘º—Ï–ç …–mƒAƒi‚ÆŒ‹¥Œã‚ÌS‹«–¾‚©‚·u‰½‚à•Ï‚í‚ç‚È‚¢‚Å‚·v,https://news.yahoo.co.jp/articles/961eaa191daa989b8abfa5ce7b0842f7e9120c66,8/5(“y) 6:05
jisin,ƒXƒXƒLƒm“ª•”Ø’f–Œ@‰ÁŠQÒeq‚Ö‚ÌŒ¸ŒY–¼‚ª3“ú‚Å1000l“Ë”ju‹C‚¿‚Í’É‚¢‚Ù‚Ç‚í‚©‚évuŠú®‘v‚Æ^”Û,https://news.yahoo.co.jp/articles/4331fff4a6fb82c8a78741ecfcad896cdb583356,8/5(“y) 6:04
jisin,ŠŠã‚Ìˆ«‚³‚Í˜V‰»‚Ì‡}\\‹ÇƒAƒi’¼“`w‚ ‚¢‚¤‚¦‚¨ŠŠãƒgƒŒ[ƒjƒ“ƒOx‚Å”F’mÇ—\–hI,https://news.yahoo.co.jp/articles/167dc685d6b5d23c5c384a7e88de2d8ed03d192d,8/5(“y) 6:04
jisin,1“ú3ŠÔˆÈã‚Ì—˜—p‚Åg‚¤‚Â‚Ìˆ«‰»ƒŠƒXƒNh‚ª2”{ccu‰Ä‹x‚İSNSv‚Å‚Â‚¢‚½‚Æ‚«‚Ìˆ•ûâ³5,https://news.yahoo.co.jp/articles/2d970be57ad9541df69273693854ab9bb50a9d19,8/5(“y) 6:04
jisin,u‚Í‚Üõiv‚Å—eŠí‚Égg—pÏ‚İ‚í‚³‚Ñ•t’…h‘›“®c3Œ‚É‚ÍgŠúŒÀØ‚êHŞ’ñ‹Ÿh‘›“®‚Å‚‚Ü‚é•sˆÀ,https://news.yahoo.co.jp/articles/69f15f744e464b8b816048f55e6a1eabf9d4f3eb,8/5(“y) 6:04
jisin,ìÆ”V@‰”V•”í‚Æ–Ê‰ïI—û‚èã‚°‚½“y‰ºÀ‚ÌuàVàb‰®Ä‹»Œv‰æv,https://news.yahoo.co.jp/articles/b779af51ec3758f568b52bbe10fbd345196fc18a,8/5(“y) 6:03
jisin,Â–öãÄugƒZƒtƒŒh‚Æ‚Í‚ ‚éíA‚Æ‚Ä‚à”ü‚µ‚¢‚à‚Ì‚¾‚Æv‚¤v,https://news.yahoo.co.jp/articles/c1c2ec96a77b771a741d8b8856e63bbc6c649556,8/5(“y) 6:01
jisin,Šİ“cñ‘Š ‘ŠŸ‚®ƒ}ƒCƒiƒJ[ƒhƒgƒ‰ƒuƒ‹‚ğ’ÂÓ‚àui‚ß•û‚Éàêár‚Í‚È‚¢v,https://news.yahoo.co.jp/articles/fb63775723416177c9cbda1a43bc051c2d3d6343,8/5(“y) 6:00
jisin,“¡“cƒjƒRƒ‹@ˆî—t—F‚ÆŒ‹¥I–ÚŒ‚‚µ‚Ä‚¢‚½ƒ‰ƒuƒ‰ƒu‚¨‰ÔŒ©ƒf[ƒgp,https://news.yahoo.co.jp/articles/a44f080c866b37801f1bb9a2437df8e9af7ffd44,8/4(‹à) 19:55
jisin,•ŸŒ´ˆ¤@ƒoƒJƒ“ƒX–‹i•ñ“¹‚Ì‰A‚Åcg’·’j˜A‚ê‹‚èh‘›“®‚É•ÙŒìm‚©‚ç‚àˆÙ˜_•¬ou–Ê‰ï‚ğÀŒ»‚·‚×‚«vu–ñ‘©‚ğç‚é‚æ‚¤‚Év,https://news.yahoo.co.jp/articles/59d70649568b5a4c958a54f7a388d7a1e4573a5f,8/4(‹à) 19:53
jisin,u”p•”‚É‚·‚é‚µ‚©‚È‚¢v“ú‘åƒAƒƒtƒg•”@ˆá–@–ò•¨‘›“®‚Åg5”NÄŒšh‚ª–³‘Ê‚Éc”á”»E“‚àˆê•”‚Å“¯î‚Ìº,https://news.yahoo.co.jp/articles/2ec507984df3fb600f5ad1e10eafb89ede232d00,8/4(‹à) 19:46
jisin,‚’mƒ†ƒiƒCƒeƒbƒhSC‚ªĞ’c–@l‚Æ‚Ìƒp[ƒgƒi[Œ_–ñ‰ğœ‚ğ”­•\c’¼‘O‚É‘ã•\—–‚Ì“Vc•Ã‰º‚Ö‚Ìg•s“KØ”­Œ¾h‚ª‰Šã,https://news.yahoo.co.jp/articles/ad3cffb4375a0a5a71c686c14b3dd10e0a64ce92,8/4(‹à) 18:25
jisin,ulŠÔ‚Á‚Ä‚±‚±‚Ü‚Å•Ï‚í‚é‚Ì‚©cvƒrƒbƒOƒ‚[ƒ^[g“ñ¢h•›Ğ’·@’ml‚ª–¾‚©‚·ƒpƒƒnƒ‰‹^˜f‚Æ^‹t‚Èg‘åŠw‘ãh,https://news.yahoo.co.jp/articles/5c81fe3b071918910f02c9a74298fdf5772d5b21,8/4(‹à) 17:36
jisin,ƒnƒ‰ƒCƒ`Šâˆäuƒhƒ“ƒYƒxƒŠv‚Æ‹{í•x‚ÌÅVì‚É’É—ów“EuƒCƒW‚ç‚È‚¢‚Æƒ_ƒv,https://news.yahoo.co.jp/articles/7ad4e3103d461dbfd894870076ec410c2c2818bf,8/4(‹à) 17:02
jisin,ƒCƒIƒ“‚ªƒrƒbƒOƒ‚[ƒ^[‚Éƒuƒ`ƒMƒŒu–@“I‘[’u‚àŒŸ“¢vœ‘ÜA”°Ì‚ÌŸ‚ÍAÍ‚ğƒRƒ“ƒNƒŠ•Ü‘•,https://news.yahoo.co.jp/articles/4f46d59ff17673ef55e114f148c0cfa43a6e5e40,8/4(‹à) 15:50
jisin,O“cŠ°q@ˆêŠë“Ä‚Ì87ÎÀ•ƒ‚ÉŒğ‚í‚µ‚½•s—Ï•vE’†‘ºÅŠã‚Æg—£¥‚µ‚È‚¢h–ñ‘©,https://news.yahoo.co.jp/articles/20c1fec352897349accaf502c61c05368d300231,8/4(‹à) 15:50
jisin,ƒVƒjƒAŒü‚¯’èŠú•ÛŒ¯‚ÌƒŠƒXƒN‚ğ‰ğàBÅ‰‚ÍˆÀ‚­AXVŒã‚Íã‚ª‚éã©‚É’ˆÓI,https://news.yahoo.co.jp/articles/7564c2c2d50ed8adb0f156e7ea77cc0258326eb9,8/4(‹à) 15:50
jisin,‘å’JãÄ•½@‘Š–_’Ê–óE…Œ´‚ğƒpƒpƒ‰ƒbƒ`15l‚ª’ÇÕIƒgƒŒ[ƒh‹A‚É‘S•Ä‚ª’´ˆÙ—á‚Ì’–Ú‚Ô‚è,https://news.yahoo.co.jp/articles/b2d42816c16d3b24b74486ed4c3c6305e035b879,8/4(‹à) 11:01
jisin,•ŸŒ´ˆ¤@Œ³•v‚Æm‹`‚È‚«“DÀƒoƒgƒ‹ce“ú‘E‘ä˜p‚©‚ç“ú–{‚ÌƒCƒ[ƒWƒ_ƒEƒ“‚ÌŒœ”O‚à,https://news.yahoo.co.jp/articles/516d3565f0ba5d61bd62cd0693d25acf172d0e73,8/4(‹à) 11:00
jisin,u‚È‚ñ‚Ä‘f“G‚Èæ‚è‘g‚İv‹÷“cì‰Ô‰Î‘å‰ï‚Ì—‚’©‚ÉƒSƒ~E‚¢Šˆ“®‚Ìƒ}ƒbƒ`ƒ‡40l‚ÉÌ^‚Ìº,https://news.yahoo.co.jp/articles/84e40b7bf2a4ba6413aa11e79fe97d07010db4ba,8/4(‹à) 11:00
jisin,‰ëq‚³‚Ü@®“T‚Åg“`à‚ÌŠÅŒìth‚É‚©‚¯‚ç‚ê‚½Š´ŠS‚Ì‚¨Œ¾—tc’†“Œ‚Ì’n‚ÅÚ“_‚à,https://news.yahoo.co.jp/articles/3e4f42beb7b17c964cadb8b00a14815043eca49d,8/4(‹à) 6:04
jisin,–ó‚ ‚èH•i’Ê”Ì‚ÅH”ï‚ªŒ3–œˆÀ‚­‚È‚éI@ß–ñ‚Ìƒvƒ‚¨‚·‚·‚ß‚ÌƒTƒCƒg‚Í,https://news.yahoo.co.jp/articles/b5c83cc4326c627aac49276ef588a6a96256f87f,8/4(‹à) 6:04
jisin,uƒ}ƒW“ú–{‚â‚Î‚¢v’†“c“Ö•F‚Éu40Î‚Åq‹Ÿö‚©‚éA’p‚¸‚©‚µv”­Œ¾‚Å‘å‰Šã‚Ìl‹CYouTuber‚ªŠJ‚«’¼‚èu‚¨‚ß‚Å‚Æ‚¤‚¾‚¯‚Å“®‰æB‚ê‚é‚©v,https://news.yahoo.co.jp/articles/fae87c5195d0e534dd9adf8d79a31ed1e656c79a,8/4(‹à) 6:04
jisin,¼“à‚Ü‚è‚â@LA‚Å‚ÌÔ”¯Œƒ•Ïp‚ª˜b‘èI—Ü‚È‚ª‚ç‚ÉŒê‚Á‚Ä‚¢‚½gˆø‘Şàh‚Ì^‘Š,https://news.yahoo.co.jp/articles/0bbaec41dcac111c2288ae53d462667ed36db6a2,8/4(‹à) 6:02
jisin,‰ëq‚³‚Ü g‚²¬¥‚Ì‰¶lh‚Ì”ß‚µ‚İ‚ÉŠñ‚è“Y‚í‚êc‹vq‚³‚Ü‚Æ‚ÌŒğ—¬35”N”é˜b,https://news.yahoo.co.jp/articles/6329993d62c46227ef3fc576d03b592a0550b630,8/3(–Ø) 19:45
jisin,RŒû’qq‚ªŒ©‚¹‚½‹à”¯gŒƒ•Ïhp‚Éƒlƒbƒg“®—hcu‚±‚ê‚à‘f“G‚È——D‚³‚ñ‚Ì¶‚«•û‚¾‚Æv‚¤v,https://news.yahoo.co.jp/articles/b569481e1e344cdd4ec77b68d88f3370ae7bc2fb,8/3(–Ø) 18:35
jisin,–Î–ØŒ’ˆê˜Y@“äƒLƒƒƒ‰‚Å©–¯“}‚Ì•§Œ¤C‚ğ—iŒì‚à”–‚¢”½‰cL––‚Ö‚ÌƒG[ƒ‹‚É‘±‚«ƒXƒxƒŠ‘±‚¯‚ég‹t’£‚èh,https://news.yahoo.co.jp/articles/78abc975d2c8422d61f6837cf4b871a65159fafb,8/3(–Ø) 18:10
jisin,¡ˆäŠG—q‹cˆõ@1ƒJŒ‚Å2‰ñ‚àŠCŠO‹@Iƒxƒgƒiƒ€‹@’†‚É‚Íu‘§q‚ÌƒvƒƒŒƒXŠÏívA¬‰Ê•ñ‚É‚‚Ü‚éŠú‘Ò,https://news.yahoo.co.jp/articles/cf8f029366a64b160d2706b83572efae2ac0bff1,8/3(–Ø) 17:15
jisin,ƒrƒbƒOƒ‚[ƒ^[g“ñ¢hŒ³•›Ğ’·@‰ïŒ©‚©‚ç‘±‚¯‚é‰_‰B‚êcŠCŠO‚É‚’µ‚Ñà•‚ã‚àgw–¼è”zhó‘Ô‚É,https://news.yahoo.co.jp/articles/3458675b093f6aac5ee7235fcd19a139927b9e05,8/3(–Ø) 17:00
jisin,uŒ´”š‚Ì”íŠQ‚ªáâ¬‰»‚³‚ê‚Ä‚¢‚évL“‡‚Ì”í”š’j«i83j‚ªŒê‚Á‚½wƒo[ƒr[xŒ´”š‘›“®‚Ö‚Ìv‚¢,https://news.yahoo.co.jp/articles/bc25bd789e22e2b82bd5575cbdc96a954d8baf2d,8/3(–Ø) 16:25
jisin,âŒûŒ’‘¾˜Y@ƒiƒ`ƒ…ƒ‰ƒ‹‚·‚¬‚ÄgŒ|”\l‚Á‚Û‚­‚È‚¢h„•p‚ğ–ÚŒ‚,https://news.yahoo.co.jp/articles/07112e8c1a0b9eb5ef2efa431ac0d3e8bdce92eb,8/3(–Ø) 15:50
jisin,‰H¶Œ‹Œ·@ƒAƒCƒXƒŠƒ“ƒN‚©‚ç‚±‚Ç‚àH“°‚Ü‚Å‘Šz1‰­’´‚¦Iƒvƒ“]Œü‚Å‰Á‘¬‚·‚éq‹Ÿ‚½‚¿‚Ö‚ÌŠñ•t,https://news.yahoo.co.jp/articles/2cb625ac5a1a8314e470407f39c9359dd1b1550b,8/3(–Ø) 15:50
jisin,‹ó‚«‰Æ‚ÌŒÅ’è‘YÅ6”{‚ÉcÅ§‰ü³‚Å‘Š‘±Å‚à‘å•‘I,https://news.yahoo.co.jp/articles/b2b1c18e75791a5ce302fe471b8ed28649a0146e,8/3(–Ø) 15:50
jisin,¼‰ªä—D@eq‚Å––±ŠˆÚĞ‚ğ’QŠèc•ê‚Ææ‚è‰z‚¦‚½ƒ}ƒl[ƒWƒƒ[‚©‚ç‚Ìgƒpƒƒnƒ‰ƒgƒ‰ƒEƒ}h,https://news.yahoo.co.jp/articles/fcdc694a6ad7813b016c04bd8d9c8aa2f2ace52a,8/3(–Ø) 11:02
jisin,‘Ì“àŒv‚ÌƒYƒŒ‚©‚ç•s’²‚ÌŒ´ˆö‚Écu30•ª’´‚Ì’‹Qv‚ªƒƒ^ƒ{‚ğµ‚­,https://news.yahoo.co.jp/articles/22e8487bb006bf9d1db70cd03a9d681cf694c19c,8/3(–Ø) 11:01
jisin,Œú˜JÈ‚ªd‘å•›ì—p‚Æ‚µ‚Ä’Ç‹Lw¦IƒRƒƒi¡—Ã–òƒ]ƒR[ƒo‚ÅƒAƒiƒtƒBƒ‰ƒLƒV[‚É,https://news.yahoo.co.jp/articles/1401e7cc09b2fa4a88e66c0186d8bcf5e7e800c1,8/3(–Ø) 6:05
jisin,ä‰ëlwVIVANTx‰ß“ƒƒP‚ğx‚¦‚éƒˆƒK‹³º’Ê‚¢@åÉÒ‚Íg‹ó’†•‚—gh‰ï“¾‚Ìgålh,https://news.yahoo.co.jp/articles/3930f8802a87ad99a1857a0f4d487c60d29849a5,8/3(–Ø) 6:04
jisin,u‘z‘œ‚ğ’´‚¦‚é‚²”z—¶vˆ¤q‚³‚Ü@ƒeƒBƒAƒ‰§ì‚ğ3“x–Ú‚Ì«‘ŞcŠÑ‚©‚ê‚ég‘–¯‚Ì‚½‚ßh¸_,https://news.yahoo.co.jp/articles/ae6ad06d20d9d2d3e806e4a5c74442365049e9d0,8/3(–Ø) 6:03
jisin,ƒqƒJƒLƒ“@‰Æ’À2–œ‰~‚ÌƒAƒŠŒQ‚ª‚é‰ÆAH–‚Í1H200‰~c20‰­‰~‹“@‚Ü‚Å‚É‚ ‚Á‚½g‘sâ‹É•nh¶Šˆ,https://news.yahoo.co.jp/articles/08aa9348e560102b11ddb695ce344923f80eda92,8/3(–Ø) 6:00
jisin,ƒiƒCƒ^[A‹C‰·25“xA‰®ª‚ ‚ècc‚»‚ê‚Å‚à”M’†Ç‚É‚È‚éƒXƒ|[ƒcŠÏí‚Ì—‚Æ‚µŒŠI,https://news.yahoo.co.jp/articles/95428617e4aee5e1ea0301b3048c155ea6a070dd,8/2(…) 19:10
jisin,D•]w‚ç‚ñ‚Ü‚ñx‚àŒã”¼í“Ë“ü@’–Ú‚Í—v‚Æu‘¸~‚ª‰‰‚¶‚églŠÔL‚¢ƒLƒƒƒ‰ƒNƒ^[hI,https://news.yahoo.co.jp/articles/7715b934916f765445dab1a5be3b4a973339d980,8/2(…) 18:32
jisin,_“c‚¤‚Ì@•v‚Ì•s—Ï•ñ“¹‚Æ“—Ê^ƒAƒbƒv‚Ì‘S^‘ŠIu–Ê”’‚¨‚©‚µ‚­”Û’è‚µ‚æ‚¤v,https://news.yahoo.co.jp/articles/34f80ce8e382b114f98ca671f186c0f5bc159e43,8/2(…) 17:00
jisin,uˆê•û“I‚ÉUŒ‚‚ğó‚¯‚éĞ‰ï“I‚ÈãÒv•ŸŒ´ˆ¤@“O’ê‚·‚ég”íŠQÒƒAƒs[ƒ‹h‚ªµ‚­‹t•—,https://news.yahoo.co.jp/articles/6b4ddd6ea1278e899a09de97631c25b97aef6495,8/2(…) 16:25
jisin,uŠj•ºŠí‚Ì•|‚³‚ğ–¢—ˆ‚É“`‚¦‚Ä‚¢‚évDeNAƒoƒEƒA[@‰f‰æwƒo[ƒr[x•ÄŒö®‚ª‰Šã‚Ì— ‚ÅŒ´”šƒh[ƒ€‚ğŒ©Šwc^‹t‚Ì^•‚³‚É‘ŠŸ‚®Ì^,https://news.yahoo.co.jp/articles/6baa50cb836e1ae6c97af2fc3823188f2fbea2b6,8/2(…) 16:23
jisin,‹½“Ö•^Œ•—C@Œ‹¥‚Æ‚ÍˆÙ‚È‚è”ñŒö•\ŠÑ‚¢‚½uW‚¨‚ß‚Å‚½v–{‚ª’m‚éˆ¤È‚Ô‚è,https://news.yahoo.co.jp/articles/86c5ec595a357e0ac2ed4c0853fa3ca06fb96ffe,8/2(…) 15:55
jisin,—L“­—R”üq@“Á”ÔƒMƒƒƒ‰‚Í‹‹100–œ‰~I“úƒeƒŒ‚©‚ç”jŠi‘Ò‹ö‚Å”Nû2‰­‰~‚Ì‘å‘ä‚É,https://news.yahoo.co.jp/articles/62f77c636bd813f674684d8edbc4db9fb6d07614,8/2(…) 15:50
jisin,–{“–‚ÍŠÔˆá‚Á‚Ä‚¢‚½ƒGƒAƒRƒ“ß“d–@7@’m¯‚ğƒAƒbƒvƒf[ƒg‚µ‚Ä“d‹C‘ã‚“«‚ğæ‚èØ‚ë‚¤,https://news.yahoo.co.jp/articles/1fb86e70b6cf6817477419c3e36db2839d76df77,8/2(…) 15:50
jisin,¡ˆäŠG—q‹cˆõ‚Ì‘Y‘Šz‚Í9838–œ‰~‚Å—«ƒgƒbƒvIƒZƒŒƒuŒ¤C”á”»‚Ö‚Ì”½˜_‚É‚ ‚Á‚½u–¯‚Æ‚©‚¯—£‚ê‚½‰ù–îv,https://news.yahoo.co.jp/articles/553555055912bbb4fd015f50f1bf83b68f87369f,8/2(…) 12:08
jisin,uŠ£‚¢‚½ƒ^ƒIƒ‹‚ÅŠ¾‚ğ@‚­vu§Š¾Ü‚ğ‘½—pvc‰Ä‚ÌƒjƒIƒC‚ÌŒ³u”ç•†ƒKƒXv”­¶‚É‚²—pS,https://news.yahoo.co.jp/articles/cc431fee4729f264152b2828d6c6fc5ec25153c2,8/2(…) 11:02
jisin,uŒ¾—t‚Ì— ‚ğ“Ç‚ß‚È‚¢l‚½‚¿vƒE[ƒ}ƒ“‘º–{@Œ´”­Ä‰Ò“­‚ß‚®‚é‰ßŒƒ”­Œ¾‚É‚Â‚¢‚Äß–¾‚à•ª‚©‚ê‚é^”Û,https://news.yahoo.co.jp/articles/073ef5b709d6b0fc4ae314ae6a2fe2f51012dc40,8/2(…) 11:00
jisin,ue‚Ì“s‡‚Å—£¥‚µ‚Äq‹Ÿ‚½‚¿‚ª•sœàvƒLƒƒƒ“ƒhƒ‹EƒWƒ…ƒ“@À•ƒ‚ªŒê‚Á‚½œÜœªS’†cL––—Áq‚Íg——D•œ‹AhŠó–]‚Ì”\“V‹C‚Ô‚è,https://news.yahoo.co.jp/articles/d20c9e7207d730f34aac24ea9d67e5813ae3d8bb,8/2(…) 6:03
jisin,ƒXƒVƒ[‚ª6700–œ‰~¿‹æ‚è‰º‚°‚Åƒyƒƒyƒ­”N‚ÉƒG[ƒ‹‚àcŒƒƒ„ƒZœÜœª•ê‚ª‘›“®Œã‚ÉŒê‚Á‚Ä‚¢‚½gœğ‰÷h,https://news.yahoo.co.jp/articles/eabb34fbe59a464b6ad5b027d4ab6f82a404dafe,8/2(…) 6:03
jisin,u–¢¬”NÒ—U‰ûß‚Å‚Ì‘i‚àv•ŸŒ´ˆ¤ g‹ƒ‚«’ˆ¤‚¿‚á‚ñh‚ªŒö‘R“DÀƒoƒgƒ‹‚Ì“]—‚Éu‚Ç‚¤‚µ‚Ä‚±‚¤‚È‚Á‚½v‚Æƒlƒbƒgâ‹å,https://news.yahoo.co.jp/articles/446003625a6e1691ac7f77fc4642f37c6ac8ef21,8/2(…) 6:03
jisin,u‚¾‚©‚ç•s—Ï‚¿‚á‚¤‚Äv•§Œ¤C‚Å‰Šã‚Ì¡ˆäŠG—q‚ğŒğÛ’†‚ÌŒ³_ŒËs‹c‚ª“O’ê—iŒìu‚¨‚ê‚È‚çƒuƒ`Ø‚ê‚év,https://news.yahoo.co.jp/articles/eae93fe738ef191f822c2416046cf752039425ab,8/1(‰Î) 20:17
jisin,u36l’†33l‚ªŸ’·EvuŒ»‹Ç’·‚Í95‘ã–Úv•§Œ¤C‚Å‰Šã‚Ì—«‹Ç‚Ì•s‰Â‰ğ‚È“äc©–¯“}‚Ì‰ñ“š‚ÍH,https://news.yahoo.co.jp/articles/e0bd73e417d15f113d5bec75f7d46e46fa1270cf,8/1(‰Î) 18:58
jisin,u©ŒÈ•‰’S‚Æ“}”ï‚Å˜d‚Á‚½v”á”»ŒÄ‚Ôƒtƒ‰ƒ“ƒXŒ¤C‚ÌgÅ‹àg—ph‚ğ©–¯“}‚ª‘S”Û’è,https://news.yahoo.co.jp/articles/abb3d1443d8cb981becf543f9cfad9b67330d9e7,8/1(‰Î) 18:42
jisin,•ŸŒ´ˆ¤‚ÆL––—Áq‚Ì‹t•—ŒÄ‚Ôg‹¤’Ê“_h@‚Æ‚à‚Ég•êeƒAƒs[ƒ‹h‚à—IX©“K‚È„¶Šˆ,https://news.yahoo.co.jp/articles/1c059ba2771d43e06fdc37786215a6f5dc5b2eef,8/1(‰Î) 18:09
jisin,uƒrƒbƒOƒ‚[ƒ^[‚Æ“¯‚¶vŠİ“cñ‘Š@”é‘Š¯ƒNƒr’·’j‚ªÄ‹NéŒ¾‚àÓß‰ïŒ©•úŠü‚Åg•ƒ—Š‚èh‚ÈŠÃ‚¿‚á‚ñ‚Ô‚è,https://news.yahoo.co.jp/articles/1f25b7d49a6b8050e018273aec353f7db318d7ca,8/1(‰Î) 16:05
jisin,sì‰”V•@•Ûß‚à‰Ì•‘ŠêŠE‚Íj‚Ì‚Ş‚µ‚ë‚ÅgæÜßo‰Æh‚Ì“¹‚àcŒê‚Á‚Ä‚¢‚½”ä‰bR‚Ö‚Ì“²‚ê,https://news.yahoo.co.jp/articles/280adb4157e560b81324c1253977e03fa4b1e54b,8/1(‰Î) 13:54
jisin,u1ƒJŒ‚Í‘Ò‚Ä‚È‚¢v•ŸŒ´ˆ¤@Œ³•v‚Ì‘ã—l‚ªŒê‚ég’·’jˆø‚«“n‚µh‚ÌŠúŒÀcŒY–‘i‚È‚ç‘Ûw–¼è”z‚Ì‰Â”\«‚à,https://news.yahoo.co.jp/articles/e8f03c1221143def4c74c8487f806317bddaae0e,8/1(‰Î) 6:02
jisin,ƒrƒbƒOƒ‚[ƒ^[‘OĞ’·@’nŒ³‚Å‚àš‘‚©‚ê‚Ä‚¢‚½ˆ«•]cÄ¥È‚Íƒxƒ“ƒc‚ÅƒSƒ~o‚µA‹ß—×Z–¯‚Æƒoƒgƒ‹‚à,https://news.yahoo.co.jp/articles/7d3fa89a7e4c20e1e101d0bbaea961633950dfee,8/1(‰Î) 6:02
jisin,ŒöŠJ’†~‹‚ß‚éƒnƒbƒVƒ…ƒ^ƒO‚Ü‚Åc‰f‰æwƒo[ƒr[x•Ä‘Œö®‚ªgŒ´”šˆ‰h“Še‚É”½‰‚Å“ú–{Œö®‚ªÓß‚à~‚Ü‚ç‚Ê“{‚è,https://news.yahoo.co.jp/articles/f43b239b6ccc3949df4b1e7974c591bf8d29aa15,8/1(‰Î) 6:01
jisin,—Im‚³‚Ü@‰üCŒã‚Ì‚¨•”‰®‚ÍˆÙ—á‚ÌL‚³‚Éc17Î“–‚Ì“Vc•Ã‰º‚ğã‰ñ‚éƒŒƒxƒ‹‚©,https://news.yahoo.co.jp/articles/ee80b45c00b1b33320f961df754378d958731800,8/1(‰Î) 6:00
jisin,u‚¨‘O‚Í‚½‚¾‚½‚¾ã‚©‚Á‚½vl‹CYouTuber@“®‰æ‚Å’©‘q–¢—ˆ‚ÌS”s‚ÉŠ½Šìuƒ`ƒƒƒ“ƒsƒIƒ“‚ÌŠí‚Å‚Í‚È‚¢v‚Æ’§”­‚à,https://news.yahoo.co.jp/articles/8f6c87611cd5f1303ca9f397018a9027c77cb310,7/31(Œ) 17:56
jisin,u’P‚È‚é¹“ivƒzƒŠƒGƒ‚ƒ“@©–¯—«‹Ç‚Ìƒtƒ‰ƒ“ƒXŒ¤C”á”»‚ğ‹^–â‹u‘–¯Š´î‚É”z—¶‚µ‚ë‚Æ‚©•n–R‚­‚³‚¢‚±‚Æv,https://news.yahoo.co.jp/articles/35db90b900e65f673e506363fbbae0e08f3dec73,7/31(Œ) 16:56
jisin,•Û‰È—L—¢@‘å’J—´‘¾‚ÌÊ^‚ğ“Še‚àg‘å’JãÄ•½ŒZh‚Æ‚¾‚¯‹LÚ‚µu‚¿‚á‚ñ‚Æ–¼‘O‚ğŒÄ‚ñ‚Åv‚Æ‹^–â‚Ìº,https://news.yahoo.co.jp/articles/9ddb849df16a303f560184aef7d0a16d9dff8612,7/31(Œ) 15:39
jisin,ƒfƒ”ƒB•vl ƒ”ƒ@ƒCƒIƒŠƒjƒXƒg‚ğâ^u”Ş—‚Ì‚æ‚¤‚Èl‚Í¢ŠE‰v,https://news.yahoo.co.jp/articles/5aaaffe97bc895725f5070c5d9a252785f536396,7/31(Œ) 11:00
jisin,Îì‚Ğ‚Æ‚İ‚³‚ñ‚Ìƒfƒrƒ…[45ü”N”é˜buw‚Ü‚¿‚Ô‚¹x‚Íˆø‘Ş‘O’ñ‚Ì‰Ì‚Å‚µ‚½v,https://news.yahoo.co.jp/articles/90aba5d5ca8227225335725ae474e2b9db78bcd0,7/31(Œ) 11:00
jisin,uí‘ˆ‚Å‚Â‚¢‚½“ú—p•i‚ğƒA[ƒgì•i‚ÉvƒEƒNƒ‰ƒCƒi”ğ“ï–¯—«‚ª‘nì‚É‚ß‚égŠè‚¢h,https://news.yahoo.co.jp/articles/263e653f07f8af5b65bd5c86c6ed33cad837158e,7/30(“ú) 6:02
jisin,“ú–{‚Å‚Ì¶ŠˆŠJn‚©‚ç1”NAƒEƒNƒ‰ƒCƒi”ğ“ï–¯‰Æ‘°‚Ìu‚½‚Á‚½ˆê‚Â‚ÌŠè‚¢v,https://news.yahoo.co.jp/articles/550e032c13f89d412d7c18b1550bbb2381265128,7/30(“ú) 6:02
jisin,ƒRƒ€ƒhƒbƒg‚Í“o˜^Ò”‚ğ‰ñ•œ‚Å‚«‚é‚Ì‚©H400–œlŠ„‚ê‚Å‚àê–å‰Æ‚ÍuŸ‚¿‘gv‚Æ•]‰¿A‹‚ß‚ç‚ê‚éu‘S•ûˆÊ’E‹pv,https://news.yahoo.co.jp/articles/25cadb8da8e785701cf4958080a72e1e1ae9627d,7/30(“ú) 6:02
jisin,ˆÉŒá˜Y@”é‹Zu˜œ‚Í‚¸‚µv‚Í‚â‚ç‚ê–ğ‚ªNG˜A”­‚·‚é‚Ù‚Ç‚Ì‘å‹Z‚Å‚µ‚½,https://news.yahoo.co.jp/articles/d37392d7c4e439c6753d038db4ffb40e9b57e1f9,7/30(“ú) 6:02
jisin,y“y—p‚Ì‰N‚Ì“úzâ–ÅŠëœœ‚Ìu‚¤‚È‚¬v‚ÍH‚×‚Ä‚æ‚¢Hu—{B‚¾‚©‚çOKv‚É‚Í‘å‚«‚ÈŒë‰ğ‚ª,https://news.yahoo.co.jp/articles/0785484b3dbfd5f08ad21552c7e26aca51acf52e,7/30(“ú) 6:00
jisin,King•Prince‚Íuæ”y‚½‚¿‚ªÎ‚¢‚ÉvƒWƒƒƒjƒIƒ^’jqE‘š“cu‰º”¼Šú’–Úv‚Ì3ƒOƒ‹[ƒv‚ÍH,https://news.yahoo.co.jp/articles/0f820630f7de73c0d7d8d58591fe596b534dcf5a,7/29(“y) 11:01
jisin,ƒ‰ƒE[ƒ‹‚Íu–Ø‘º‘ñÆ‚³‚ñ‚àâ^vƒWƒƒƒjƒIƒ^’jqE‘š“cu‰º”¼Šú’–Úv‚Ì3l‚ÍH,https://news.yahoo.co.jp/articles/57ac4c27c6191e5f1ef79fb2ea08aa041a700fe7,7/29(“y) 11:01
jisin,gÅ‹¥‚Ì¶“kh‰Á“¡´j˜Y‚ğ—}‚¦‚½1ˆÊ‚ÍH@7ŒŠúƒhƒ‰ƒ}‚ÅuƒuƒŒ[ƒN‚µ‚»‚¤‚È”o—Dv,https://news.yahoo.co.jp/articles/c0cd83175db1c55a37696b47daffca7e883374fb,7/29(“y) 11:00
jisin,–ØŒ´Š¯–[•›’·Š¯u‚ß‚Å‚½‚¢IvˆÈ~2ƒ•ŒSNS’¾–ÙcÈ‚Ì‘O•v•sR€‚ß‚®‚èg‰ïŒ©—v–]h‘±o,https://news.yahoo.co.jp/articles/d9c9654c6007e6c4b543c6f06814c7743a145e95,7/29(“y) 7:30
jisin,ˆ»£‚Í‚é‚©uƒŠƒ{ƒ‹ƒo[®‚Ìe‚Íd‚½‚¢‚Ì‚ÅA˜r‚ªƒvƒ‹ƒvƒ‹v,https://news.yahoo.co.jp/articles/4fe40f010110114f726a6b79385b54b0b1db6ad0,7/29(“y) 6:03
jisin,R‰º’q‹v Œ³d–’‡ŠÔ‚½‚¿‚ÉƒG[ƒ‹u‚İ‚ñ‚È‚ª©—R‚É¶‚«‚é‘ãv,https://news.yahoo.co.jp/articles/9d483744cdc529b387e290bd9663a23829e094eb,7/29(“y) 6:03
jisin,•ŸŒ´—y~[“c‹±q 16Î·‚Ì—öƒoƒi‘Î’kuŒİ‚¢‚É‚È‚¢‚à‚Ì‚Éä‚©‚ê‡‚¤v,https://news.yahoo.co.jp/articles/cfa97d9d28647bc861210b2f02ed44cc4e952f12,7/29(“y) 6:03
jisin,•ŸŒ´ˆ¤@eŒ –â‘è‚ÅŒ³•v‚Æ’n–‚Ì‰VcŒ|”\ŠEu”½Eˆ¤‚¿‚á‚ñv‚Ìº‚ªƒƒCƒhƒVƒ‡[‚Å‚àL‚ª‚é,https://news.yahoo.co.jp/articles/79d75104a11189ac0693e6985d0f42681d5a045d,7/28(‹à) 19:45
jisin,•ŸŒ´ˆ¤‚ª–{’¼Œ‚‚ÉŒê‚Á‚Ä‚¢‚½g–¾‚ç‚©‚ÈƒEƒ\hcŒ³•v‚Ì‰ïŒ©‚É–Ò”½˜_‚à“¾‚ç‚ê‚Ê‹¤Š´,https://news.yahoo.co.jp/articles/f4c6ee0cf33309eb869b890da4e302a1efaf5a8a,7/28(‹à) 17:38
jisin,u‰­ƒVƒ‡ƒ““¯±A‚‹‰Ô‚Å‘—Œ}v•ŸŒ´ˆ¤‚ªæ‰Ì‚µ‚Ä‚«‚½—öl‚Æ‚ÌƒZƒŒƒu¶ŠˆAeŒ ƒgƒ‰ƒuƒ‹“DÀ‰»‚Ì— ‚Å‚İ‚¦‚½‰A‚è,https://news.yahoo.co.jp/articles/7d6ba2a24e3589730179cac2a4711c4999ccfb73,7/28(‹à) 17:25
jisin,•Ä‘q—Áq@’nã”g˜Aƒhƒ‰‚É‚Í‹y‚Ñ˜‚àcAmazon‚ª’ñ¦‚µ‚½‘±•Òƒhƒ‰ƒ}‚Ìg”jŠiƒMƒƒƒ‰h,https://news.yahoo.co.jp/articles/a1e25988f054060bf95aa2af5d3627e5ad4fe261,7/28(‹à) 15:50
jisin,V†•¼‚Í24”N7Œ‚É—¬’Ê‚Æ”­•\@ƒsƒ“D•s‘«‚â‹U‘¢–h~‚Í‚Ç‚¤‚È‚é,https://news.yahoo.co.jp/articles/17c0df056a39dbeea89af2849a8e3270d463b2df,7/28(‹à) 15:50
jisin,‚È‚É‚í’jq ‘å¼—¬¯u”Nã—«‚Æ‚Ì—öˆ¤‚à‘f“G‚â‚È‚Á‚Äv‚¢‚Ü‚·v,https://news.yahoo.co.jp/articles/bf1bd3f0802d39197cfde39eab7b090e5a395343,7/28(‹à) 11:04
jisin,ug–@—¥’m‚ç‚È‚©‚Á‚½h‚Í’Ê—p‚µ‚È‚¢v“d“®ƒLƒbƒNƒ{[ƒh‚Ìƒ‹[ƒ‹ŠÉ˜a‚Éö‚Ş‘å‚«‚ÈƒŠƒXƒN,https://news.yahoo.co.jp/articles/27bb06232d2c0b4446d92cb60fec0ff93664696a,7/28(‹à) 11:03
jisin,uq‹Ÿ‚ªˆê”Ô‚©‚í‚¢‚»‚¤v•ŸŒ´ˆ¤‚ÆŒ³•v‚Ì’·’jˆø‚«“n‚µƒgƒ‰ƒuƒ‹‚ª“DÀ‰»‚ÅU‚è‰ñ‚³‚ê‚éq‚½‚¿‚É“¯î‘ŠŸ‚®,https://news.yahoo.co.jp/articles/c9eef470c659032890e32d161835b9820862bf91,7/28(‹à) 11:01
jisin,u‹e”V•‚¾‚¯‚Í‚È‚¢‚Æv‚Á‚Ä‚½‚Ì‚Évš£\˜Y‚Í“ñŒÒ•ñ“¹Am¶‰q–å‚ÍŠš‚İ‚Â‚«•s—Ïc‚â‚Ü‚Ê‰Ì•‘ŠêŠE‚Ì—«–â‘è,https://news.yahoo.co.jp/articles/e758a8aa93a7d93a42e2c2c0ed2f14b25f9a89c4,7/28(‹à) 11:01
jisin,”M’†Ç€‚µ‚È‚¢‚½‚ß‚Ìuè‚Ì‚Ğ‚ç—â‹pv‹ßŠ‚Ì‚¨o‚©‚¯‚É‚à•Û—âÜ‚ÅŠÈ’P‚É‘Îô,https://news.yahoo.co.jp/articles/e7ef68fee9455ac76892d6c4bb2a222b9d33b581,7/28(‹à) 6:04
jisin,‰i£—õ@•½–ì‡—s‚ÌuTOBEv‡—¬‚Éu˜bˆá‚¤v‚Æ¢˜fc‚»‚ÌŒã–{l‚Æ˜A—æ‚è˜a‰ğ,https://news.yahoo.co.jp/articles/ececec96cb714da93de50379674f122bcf82df45,7/28(‹à) 6:04
jisin,uHIP HOP‚Ì‰˜“_vZeebrao‰‰ƒtƒŠ[ƒXƒ^ƒCƒ‹ƒoƒgƒ‹‘å‰ï‚Ì“®‰æ‚ª•¨‹cc‚²–@“x‚Ì–\—ÍƒV[ƒ“‘½”‚Å“¯‹ÆÒ‚à•s‰õŠ´,https://news.yahoo.co.jp/articles/5d1d8165a6289f08411cb41fb494b284908ea841,7/28(‹à) 6:03
jisin,”öã‹e”V•‚É•s—Ï•ñ“¹@–S‚«‹`•ƒE‹g‰E‰q–å‚³‚ñ‚Ö‚Ìd‚·‚¬‚é— Ø‚èu“V‘‚Å‚Ç‚ê‚¾‚¯”ß‚µ‚Ü‚ê‚Ä‚é‚©v,https://news.yahoo.co.jp/articles/10929b6f7e8bbc1572f2b719c45bbc15bef8ed2a,7/28(‹à) 6:03
jisin,”öã‹e”V• 19Î”N‰º—«‚Æ‚Ì–§‰ï•ñ“¹‚ª”g–äcš£\˜Y‚ÌƒXƒLƒƒƒ“ƒ_ƒ‹‚ÉgŒƒ“{h‚µ‚½‰ß‹‚ªƒu[ƒƒ‰ƒ“‚É,https://news.yahoo.co.jp/articles/794202cba0c4d8bbceb2c65abf0740a5afab7319,7/28(‹à) 6:02
jisin,L––—ÁquƒPEƒZƒ‰EƒZƒ‰‚Á‚ÄŠ´‚¶v—£¥‚Å‚àŠÑ‚­’´‘OŒü‚«l¶@‰Šã’†‚É9ŠÔƒp[ƒeƒB‚Ì|ƒƒ“ƒ^ƒ‹‚ÍŒ’İ,https://news.yahoo.co.jp/articles/139ec03e1b3346c06819dc538bc5eee4a596a83b,7/28(‹à) 6:02
jisin,‰¡•lVSŒc‰‚ÅgŒëRh‚Æ‚Ìw“E‚ª‘±oc‚‚Ü‚é‚–ì˜A‚Ö‚ÌuƒrƒfƒI”»’èv“±“ü‹‚ß‚éº,https://news.yahoo.co.jp/articles/ab416a64f1b7067c0a239a274338229528dc483f,7/27(–Ø) 16:41
jisin,›“‡‚µ‚Ì‚Ô@ˆÙ—á‚Ì‰Ì•‘Šêo‰‰Ií—FE‰”V•‘ß•ß‚ÅŒˆˆÓ‚µ‚½ˆ¤‘§‚Æ‚Ì—œ‰€‰üŠv,https://news.yahoo.co.jp/articles/54f16d2ffcfe610f20edea0e81de5e4921f53585,7/27(–Ø) 15:50
jisin,’jqƒoƒŒ[“ºƒƒ_ƒ‹—§–ğÒ‚Ìîà‹´—•A‰¶t‚ªŒê‚ég“V«‚ÌƒŒƒV[ƒuh‚ÌŒ´“_,https://news.yahoo.co.jp/articles/40be0b27b648588aaf89ccede8e4c843c04d1cff,7/27(–Ø) 15:50
jisin,œ‘ÜU•z‚ÌƒrƒbƒOƒ‚[ƒ^[@Ğ’·‚Ì©‘î‚Í—Î‚ ‚Ó‚ê‚ég60‰­‰~‘å‹“@h‚Ì”ç“÷,https://news.yahoo.co.jp/articles/2dff032278356bd82c7d6f132b0e14da0ff6e319,7/27(–Ø) 11:15
jisin,‘å’JãÄ•½‚ğx‚¦‚éu©ìƒXƒ€[ƒW[v‚ğ‘å’²¸IŒ®‚ÍƒuƒƒbƒRƒŠ[•ƒ„ƒNƒ‹ƒg1000,https://news.yahoo.co.jp/articles/6496b1cddd4a2c36d7d585513da9e443a559e98a,7/27(–Ø) 11:02
jisin,uÓß‚ÌˆÓv‚ªŠ´‚¶‚ç‚ê‚È‚¢v’¹‰Hüì@ƒWƒ…ƒ“‚Ì—£¥”­•\‚Å˜I’æ‚µ‚½g•s½À‘Î‰h,https://news.yahoo.co.jp/articles/843ccc8501128c6fc79b863e37acbe5098d90ca1,7/27(–Ø) 11:01
jisin,ƒLƒƒƒ“ƒhƒ‹EƒWƒ…ƒ“—£¥‚Å‰Ê‚½‚µ‚«‚ê‚È‚©‚Á‚½uL––Å‰‚Ì•v‚Æ‚Ì–ñ‘©v‚»‚ê‚Å‚à–Ê‰ïŒğ—¬Œ ‚¾‚¯‚Í—v‹,https://news.yahoo.co.jp/articles/ff3baabb8b3ca19835e886e01f9d35fec831fdaa,7/27(–Ø) 11:00
jisin,‘Å”Û’è‚©‚ç–h‰q‘Å‚ğÀs‚µ‚½g‘O‰ÈhcŠİ“cñ‘Š–Ú˜_‚ŞƒTƒ‰ƒŠ[ƒ}ƒ“‘Å‚Åu”Nû600–œ‰~¢‘Ñ‚Å37–œ‰~‚Ì•‰’S‘‚ÌŒœ”Ov,https://news.yahoo.co.jp/articles/255bd7c34d230b06e15b562e96eebba4d866c7e4,7/27(–Ø) 11:00
jisin,‘åã–œ”—U’v‚ÌÀÑ‚ğŒÖ‚Á‚Ä‚«‚½‚Ì‚Éc‹g‘º•{’m–‚ª‘‚Éƒwƒ‹ƒvƒR[ƒ‹‚ÅAÁ‚¦‚éŒŒÅ‚Í1000‰­‰~’´‚Ì‰Â”\«,https://news.yahoo.co.jp/articles/fb7e1d83a52b620182c65a69abc3d17d785f723d,7/27(–Ø) 6:02
jisin,L––—Áq@’a¶“úƒp[ƒeƒB‚É˜Hã‚Å©B‚ècƒCƒ[ƒW•ö‰óAd–ŒƒŒ¸‚Å‚àˆì‚êo‚é—£¥‚Ì‰ğ•úŠ´,https://news.yahoo.co.jp/articles/b24b09ffce37fef73041ae53bcbab59a80fbb0bd,7/27(–Ø) 6:02
jisin,—Im‚³‚Ü@“¯¢‘ã‚Æ‚Ì§’k‚ÅŒœ”O‚³‚ê‚½g–³•\îh‚Ô‚èc‘¤‹ß‘Ş”Cà‚Ü‚Å•‚ã‚·‚éHÂ‹{‰Æ‚Ì¬–À,https://news.yahoo.co.jp/articles/ea02331196c23d97944a70ac84a67f2cb5193e81,7/27(–Ø) 6:02
jisin,u’N‚àŠì‚ñ‚Å‚È‚¢vgˆäãçŠy•ú’uh‘›“®‚É’j«ƒAƒi‚ª”æ˜JœÜcw27ŠÔƒeƒŒƒrxƒ}ƒ‰ƒ\ƒ“Šé‰æ‚Ì–â‚í‚ê‚é‘¶İ‰¿’l,https://news.yahoo.co.jp/articles/c25f999a73a3ecf31459b6df3b1f85e2f6b58ba1,7/26(…) 18:55
jisin,ƒrƒbƒOƒ‚[ƒ^[@”g–äŒÄ‚ÔŠX˜H÷‚ÌŒÍ€–â‘ècƒXƒgƒŠ[ƒgƒrƒ…[‚É‚Í“X•Ü‘O‚Éœ‘Ü‚Ìp‚ª,https://news.yahoo.co.jp/articles/488fbcf725254d10d6359eeb461d8ae3d36b20e7,7/26(…) 17:34
jisin,‰ª“cyˆê@–¼•¨‚ÍŒF‚µ‚á‚ÔI‘å‰ÍEM’·D‰‰‚Ì‰A‚Å–K‚ê‚Ä‚¢‚½ ‰ê‚Ì‹ÉãƒWƒrƒG“X,https://news.yahoo.co.jp/articles/ff2624f14d56a1e129ca9975155311faa531f653,7/26(…) 15:50
jisin,˜VŒã‘‹à400–œ‰~ƒ‰ƒNƒ‰ƒN’™‚Ü‚éIwxoƒ[ƒ‰~ƒf[x,https://news.yahoo.co.jp/articles/cacc1c5504c08c2af1e69e0be4dc19c1445cd7b0,7/26(…) 15:50
jisin,–Ò‹‚Å‚à‰õ–°Iê–åˆã‚ª’ñˆÄg38‚Å20•ªhu‚İ‚¼‚¨‚¿—v‚Å—‚’©ƒXƒbƒLƒŠI,https://news.yahoo.co.jp/articles/6bfcd8e3f0ecce2905104deafbdae9d6b048e924,7/26(…) 11:04
jisin,‰H¶Œ‹Œ·@ƒvƒ“]Œü1”N‚ÌŒoÏŒø‰Ê‚Í200‰­’´‚¦I40–œ‰~ƒX[ƒcƒP[ƒX‚ªŠ®”„Aƒhƒ‰ƒCƒo[‚Ü‚Å,https://news.yahoo.co.jp/articles/2adf23f38533c635dbac579a6e2ec49911c24569,7/26(…) 11:01
jisin,uƒGƒA–¼w‚µv‚Å•s–“ŠecË‰ê‹I¶‰q–åƒJƒbƒvƒ‹‚Ì”j‹Ç‚ÉgŠÖŒW‚±‚¶‚ê‚é’è”Ôh‚ª‚Ù‚Ú–Ô—…,https://news.yahoo.co.jp/articles/7ba4c969d550b38ee1103f8b43f9392dd6dd4b10,7/26(…) 6:03
jisin,ãc‚²•vÈ@4”N‚Ô‚è‚Ìu“ß{‚²Ã—{v‚Éˆê•”‚©‚çS‚È‚¢º‚àc‚²Œˆ’f‚É‚ ‚Á‚½‰ëq‚³‚Ü‚©‚ç‚Ì‚¨Š©‚ß,https://news.yahoo.co.jp/articles/c24810c55779d90968f8668ece6468fcf18e2689,7/26(…) 6:03
jisin,L––—Áq@•s—Ï‚ÌgI’…éŒ¾h‚ÉƒAƒ“ƒ~ƒJA”~‘ò‚àŒƒ“{I—£¥Œã‚à~‚Ü‚ç‚ÊŒ|”\ŠE‚Ìu”½ƒqƒƒXƒGv‚Ì”g,https://news.yahoo.co.jp/articles/e396b4e1eac10935eeb8c33949b010f738674b69,7/26(…) 6:03
jisin,u”Ô‘gƒXƒ^ƒbƒt‚à‰î•ø‚µ‚½v”g–äŒÄ‚Ôw27ŠÔƒeƒŒƒrxƒ}ƒ‰ƒ\ƒ“Šé‰æ‚Å‚ÌgˆäãçŠy•ú’uh–â‘è‚ÉƒtƒWƒeƒŒƒr‚ªŒê‚Á‚½u^‘Šv,https://news.yahoo.co.jp/articles/d4bfc56919ca04c6041a5d4afefd74131b245fd4,7/26(…) 6:02
jisin,uo‚Ä‚±‚¢Ivu“¦‚°‚é‚Èvƒpƒƒnƒ‰•ñ“¹‚ÌƒrƒbƒOƒ‚[ƒ^[•›Ğ’·‚ª‰_‰B‚ê‚ÅƒlƒbƒgŒƒ“{c‰ïŒ©‚Å”½È•¶‚ğ‘ã“Ç‚³‚¹‚égq‹Ÿ‚Ô‚èh,https://news.yahoo.co.jp/articles/8f3b4d2d6cd9a3dcc0c27850b7aad8d618cbb7ce,7/26(…) 6:01
jisin,‚¿‚Ş‚Ç‚ñ‹r–{‰Æ‚ÌwƒgƒŠƒŠƒIƒ“ƒQ[ƒ€x‚ªD•]ISNS‚Å‚Ìg”½È‰ïh‚à‚È‚µ,https://news.yahoo.co.jp/articles/889e2ff363453e9e04e904b3333bd5fdebd3e555,7/25(‰Î) 19:15
jisin,u‚»‚è‚á•‰‚¯‚é‚¾‚ëvƒ\ƒtƒgƒoƒ“ƒN@‹ß“¡A–ö“c‚ªƒxƒ“ƒ`‚ÅŸ‚¿ŠmM‚Ìƒwƒ‰ƒwƒ‰’¼Œã‚ÉƒTƒˆƒiƒ‰•‰‚¯c‹Ù’£Š´‚Ì‚È‚³‚Éƒtƒ@ƒ““{‚è,https://news.yahoo.co.jp/articles/283a37176e60a88ba9ce59a1043d4ef061c571b2,7/25(‰Î) 19:00
jisin,ƒrƒbƒOƒ‚[ƒ^[‚ÌŠX˜H÷‚Ö‚Ìuœ‘ÜU•zv‹^˜fc‰ïŒ©‚ÅŒ©‚¹‚½gŒƒƒ„ƒo‰ñ“šh,https://news.yahoo.co.jp/articles/098b261b1d69f6cf2aeffc2da25dedbf87fd6f97,7/25(‰Î) 18:46
jisin,Œ³‚¨ƒjƒƒƒ“qƒNƒ‰ƒuE“n•Ó”ü“Ş‘ã‚ªƒŠƒ“ƒOƒ}ƒ}‚ÉIŠi“¬‰ÆŸ’j‚Ægeq‹¤“¬h,https://news.yahoo.co.jp/articles/935130addcf35b856f2b1b1b93b4c9ab87009af8,7/25(‰Î) 18:45
jisin,ujãÅˆ«‚ÌƒgƒbƒvvƒrƒbƒOƒ‚[ƒ^[Ğ’·@•s³‚ÍŒ»ê‚Ì”»’fA¿–â‚É”¼Î‚¢‚ÌgÅ’á‰ïŒ©h‚Éƒlƒbƒg‘åŒƒ“{,https://news.yahoo.co.jp/articles/daab1f39fcc66b4bb624bed33bdc0d2b8bd238dd,7/25(‰Î) 17:23
jisin,uYŒãŸT‰Á‘¬‚·‚év”ö“¹s‚Ìgƒpƒp‚Ì•s–hÚ‚¹‚½”D•wŒü‚¯ƒ`ƒ‰ƒV‚É”á”»•¬ocL“‡Œ§‚Å‚Í2”N‘O‚à—«‚ğu‚æ‚­‚Î‚èvŒÄ‚Î‚í‚è‚Å‰Šã,https://news.yahoo.co.jp/articles/ce0777c8e255dd030048d6621a96e0e10727a997,7/25(‰Î) 16:20
jisin,uƒRƒ€ƒhƒbƒg‚Á‚ÄŒ¾‚í‚ê‚é‚Ì‚¾‚¯Œ™v‘š~‚è–¾¯E‘e•i‚Æ’‡—Ç‚µŒ|l‚½‚¿‚ª‘åƒCƒW‚èuˆ«ŒûŒ¾‚¢‚½‚¢‚¯‚Çv‚Æ‚à,https://news.yahoo.co.jp/articles/6cc261193499668212d77237a70e069a58a87abc,7/25(‰Î) 16:07
jisin,u³’¼‹C‚¿ˆ«‚¢v–¾Î‰Æ‚³‚ñ‚Ü@P—á‚Ìg‚¨‹C‚É“ü‚è—«h”­•\Šé‰æ‚ª•œŠˆ‚à‘ŠŸ‚®u‘ãöŒëv‚Ìw“E,https://news.yahoo.co.jp/articles/e59eab0de836c12faa416ec72e31de74f07c71b0,7/25(‰Î) 16:00
jisin,‘ã–ğå‰‰‚ª˜b‘è‚Ìá‘º–ƒ—R”ü@–S‚«g‹³‘ch•v‚ª–{‚ÉŒê‚Á‚Ä‚¢‚½Œ‹¥”é˜buŒå‚è‚Ö“¥‚İo‚µ‚½‚¢‹C‚¿Š´‚¶‚½v,https://news.yahoo.co.jp/articles/0860ff35c289bebb8d44d388727ecb4da268f599,7/25(‰Î) 14:35
jisin,uƒNƒ\ƒ_ƒT‚¢vƒRƒ€ƒhƒbƒg‚â‚Ü‚Æ@‹­‹C”­Œ¾‚à100kmƒ}ƒ‰ƒ\ƒ“Š®‘–‚Å‚«‚¸gŒû‚¾‚¯h‚É~‚Ü‚ç‚Êƒtƒ@ƒ“—£‚ê,https://news.yahoo.co.jp/articles/44440b5f139b2667c8dad6cc5ab6d86b07b29e30,7/25(‰Î) 11:02
jisin,ƒtƒWE27ŠÔƒeƒŒƒru100ƒLƒƒ}ƒ‰ƒ\ƒ“vƒ‰ƒ“ƒi[‚ª–ñ17ŠÔ‚ÅŠ®‘–c–â‚í‚ê‚éw24ŠÔƒeƒŒƒrx‚ÌgƒMƒŠƒMƒŠƒS[ƒ‹h,https://news.yahoo.co.jp/articles/fa8bbcd6fd26ecb256caa0d87b4defa53258a52f,7/25(‰Î) 6:03
jisin,‘åò—m@‹’®—¦’á–À‚Åwg”’x4”N–Úi‰ï‚ªŒğ‘ãŠë‹@IŒã”CÅ—L—Í‚Í’JŒ´Í‰î,https://news.yahoo.co.jp/articles/f0a1e3644b92f16507ba347fc6792286cce89ad8,7/25(‰Î) 6:02
jisin,‹{í•xŠÄ“Â@•ù‚°‘±‚¯‚éwƒiƒEƒVƒJx»ì’†‚ÉÀ‹‚µ‚½•aã•ê‚Ö‚Ìˆ¤cVì‰f‰æ‚É‚à“Š‰e,https://news.yahoo.co.jp/articles/fe19da15e235c389fdb92b2f1223ce98d2c69d46,7/25(‰Î) 6:02
jisin,L––—Áq@—£¥”­•\’¼‘O‚Ìg—–‚«h‚ğ–ÚŒ‚IƒZƒNƒV[‰º’…w“üA•êe‚ÆƒŠƒ‰ƒNƒZ[ƒVƒ‡ƒ“ƒTƒƒ“‚É‚à,https://news.yahoo.co.jp/articles/70058b2b6cbb0214134a3c60870127d7622df126,7/25(‰Î) 6:01
jisin,ƒsƒU—^‚¦‚½‚¹‚¢‚ÅƒNƒ}‚ª‹ìœHX‚Ì’†‚Å“®‰æB‰e‚Ìl‹CYouTuber‚É”á”»‘±ocD–ys‚ªŒê‚Á‚½u^‘Šv,https://news.yahoo.co.jp/articles/c4271cede9a77526c6b5031bc436844a13898cc5,7/24(Œ) 18:15
jisin,u¡”N1‚ÌƒrƒbƒNƒŠvƒJ[ƒŠƒ“ƒO“¡àVŒÜŒ@ƒoƒLƒoƒL‚ÈgŒƒ•Ïph‚ÉƒlƒbƒgÕŒ‚c‚à‚®‚à‚®ƒ^ƒCƒ€‚Ì–Ê‰e‚Í0,https://news.yahoo.co.jp/articles/e56a61197946e7a1cfa7da3d2b98546304563884,7/24(Œ) 17:46
jisin,L––—Áq@—£¥”­•\‚ÅgW•s—Ï‚ÍI’…héŒ¾‚Ì–³_Œo‚Ô‚ècƒAƒ“ƒ~ƒJ‚àu’¹‰HƒVƒFƒtÈ‚É”z—¶‚È‚¢v‚Æ‹êŒ¾,https://news.yahoo.co.jp/articles/7c4d93c17d44d2f6fff25b54235dbee4b44eb483,7/24(Œ) 16:30
jisin,—ˆ”N1ŒƒXƒ^[ƒgcVNISA‚É‚È‚Á‚Ä‚à‹ŒNISA‚Ì”ñ‰ÛÅ˜g‚Íc‚é‚Ì‚Å¡‚·‚®n‚ß‚é‚Ì‚ª³‰ğ,https://news.yahoo.co.jp/articles/f72432c4c5ee3ba4758e4cbf80ad875b27d1bfab,7/24(Œ) 11:03
jisin,u¬”ƒ_ƒjv‚ÅˆÓ¯áŠQ‚ÌŠë‹@@‰Ä‚Ìƒpƒ“ƒP[ƒL‚â‚¨D‚İÄ‚«‚É’ˆÓ,https://news.yahoo.co.jp/articles/3f6b5f04ed3f2ec4bc9d04ed2ba7afc30e44b03f,7/24(Œ) 11:02
jisin,’†X–¾Ø@Än“®‚»‚Á‚¿‚Ì‚Á‚¯‚Å‹­‹C‚ÈƒOƒbƒY”Ì”„c5–œ5ç‰~‚ÌƒLƒƒƒ“ƒhƒ‹ƒZƒbƒg‚Éƒtƒ@ƒ“¢˜f,https://news.yahoo.co.jp/articles/928b9fcf26c96ab7f14a47e02a3307851d732ef3,7/24(Œ) 6:02
jisin,L––—Áq‚ªƒXƒs[ƒh—£¥cC•œ–]‚ñ‚¾gƒTƒŒ•vhƒWƒ…ƒ“‚ªÈq¸‚¤c“‚ÈŒ‹––,https://news.yahoo.co.jp/articles/72b6f2c8f7a65f98ace74883dc89c4fa3697f761,7/23(“ú) 18:15
jisin,uDNAvu°vcl‘ã–Ú‚ª‚±‚¾‚í‚è‘±‚¯‚½uàVàb‰®‚ÌØ–¾v‰”V•4‘ã150”N‚Ì–¾‚ÆˆÃ,https://news.yahoo.co.jp/articles/d39add414c80c71332038e992e121db1caa93f4f,7/23(“ú) 6:03
jisin,o‚½‚¼uƒƒg7v1“™10‰­‰~IgK‚¹‚ÌÔ‚¢ƒ|ƒXƒgh‚ª‚ ‚é‰ªRŒ§u‹v¢‚ä‚ßƒ^ƒEƒ“ƒ`ƒƒƒ“ƒXƒZƒ“ƒ^[v‚ÌŠïÕ,https://news.yahoo.co.jp/articles/ea1d8d0b90844c9b7d49b708e6c594f5f0d0c4bc,7/23(“ú) 6:03
jisin,‰‘ã‚Í”j–åAO‘ã–Ú‚Ì”½œS‚ª¶‚ñ‚¾uƒX[ƒp[‰Ì•‘Šêvc‰”V•4‘ã150”N‚Ì–¾‚ÆˆÃ,https://news.yahoo.co.jp/articles/871047b4b2671ff810c393224496348e47f7fa7f,7/23(“ú) 6:02
jisin,u¢‚Ì’†‚©‚ç‘å‚«‚¢UŒ‚ó‚¯‚½vƒRƒ€ƒhƒbƒg@“o˜^Ò”400–œlŠ„‚ê‚àg”íŠQÒƒdƒ‰hcƒtƒWƒeƒŒƒr‚ÌƒSƒŠ‰Ÿ‚µ‚à‰Á‘¬‚³‚¹‚éƒtƒ@ƒ“—£‚ê,https://news.yahoo.co.jp/articles/5d36d4de8ec11c249b7aad530784364c370a9a84,7/23(“ú) 6:01
jisin,’j«‚ÌuÀ‚èƒVƒ‡ƒ“v‚Ì•‹y‚Æu”Aƒ‚ƒŒv‚ÌŠÖŒW‚É‚Â‚¢‚Äê–åˆã‚É˜b‚ğ•·‚¢‚Ä‚İ‚½,https://news.yahoo.co.jp/articles/00c5bed7ad790e9bea90839cf777723c576ab69f,7/23(“ú) 6:00
jisin,‰ëq‚³‚Ü@‚²Œö–±‘‚Åu“`“‚Ì‚¨–XqvƒR[ƒfƒBƒl[ƒg‚É’–Ú,https://news.yahoo.co.jp/articles/746e89b755a8dcb74071906f0a12001cbfeac157,7/22(“y) 6:05
jisin,Î“cƒˆê@^‰Ä‚Å‚àgƒˆêŠª‚«h‚ÅI“dƒ_ƒbƒVƒ…I‘D‹´‚©‚ç“dÔ‹A‘î‚Ì“úX,https://news.yahoo.co.jp/articles/b5a9302a9575539b3a33caf50ff0d17984aa2499,7/22(“y) 6:04
jisin,ucº‚ÌƒCƒ[ƒW‚ğˆ«‚­‚µ‚Ä‚év‰Àq‚³‚Ü‚Ìg1l•é‚ç‚µhŒö•\‚ß‚®‚è‹{“à’¡’·Š¯‚ÆckE‚ªg“à—Ö†‚ßh‚Ì—’_,https://news.yahoo.co.jp/articles/d474b15f5eb785f18bbcbafa4921d07df3fb7753,7/22(“y) 6:03
jisin,f23”Nã”¼ŠúuƒuƒŒƒCƒN‚ª”[“¾‚Å‚«‚évƒ^ƒŒƒ“ƒgƒ‰ƒ“ƒLƒ“ƒOI3ˆÊ_“cˆ¤‰ÔA2ˆÊ‚â‚·q‚ğ—}‚¦‚½1ˆÊ‚ÍH,https://news.yahoo.co.jp/articles/35ac7d466f1be8e6dd4c691658c337b58b18fd0d,7/22(“y) 6:03
jisin,f23”Nã”¼ŠúuƒuƒŒƒCƒN‚ª”[“¾‚Å‚«‚È‚¢vƒ^ƒŒƒ“ƒgƒ‰ƒ“ƒLƒ“ƒOc3ˆÊ˜C•zƒJƒ‹ƒ}A2ˆÊ_“cˆ¤‰Ô‚ğ—}‚¦‚½1ˆÊ‚ÍH,https://news.yahoo.co.jp/articles/05c173aac7c1db4df6b2bd22bf49f5cc09c3b541,7/22(“y) 6:03
jisin,’†”ö–¾Œc@‰–K–â‚Ìƒ‰[ƒƒ““X‚Å“Xˆõ‚ÆŒû˜_cwŒ´ä»”T‚Íul‚É‚Ç‚¤v‚í‚ê‚é‚©‹C‚É‚µ‚Ä‚Ù‚µ‚¢v‚Æ”á”»,https://news.yahoo.co.jp/articles/91be37f73516c933ee5c65aae793fb67f0e6a1be,7/22(“y) 6:03
jisin,‚â‚·q@™“¶—{Œì{İA‚Z‚Å‚Í’‡ŠÔ‚Í‚¸‚ê‚Å•ÖŠ”ÑcƒuƒŒƒCƒNŒ|l‚Ü‚Å‚É‚ ‚Á‚½g‘sâ”¼¶h,https://news.yahoo.co.jp/articles/e56bac446635b8e95365cfe8650720d4076af177,7/22(“y) 6:03
jisin,“c’†”ü“ŞquŠç‚ª•|‚­‚Ä˜b‚µ‚©‚¯‚ç‚ê‚È‚¢v‚ÆƒEƒbƒ`ƒƒƒ“‚ª‹°‚ê‚½w‚à‚¤’N‚àˆ¤‚³‚È‚¢x‚Ìˆ«—‚Ô‚è,https://news.yahoo.co.jp/articles/412c1ba12b6a10587b185808e665f61476eda107,7/22(“y) 6:02
jisin,ƒxƒbƒL[@ƒRƒ€ƒhƒbƒg‚ÆƒRƒ‰ƒ{‚ÅáÒ‚Él‹CŠg‘å‚Öc‚¨’ƒ‚ÌŠÔ‚©‚ç‚ÌDŠ´“x‚Í‰ñ•œ‚Ì’›‚µ‚È‚µ,https://news.yahoo.co.jp/articles/018644853ac998500a45fa07d7970c4730098a78,7/22(“y) 6:02
jisin,u’a¶“úƒvƒŒƒ[ƒ“ƒg‚ÉvŒ³E¬—Ñ–ƒ–ë•vÈ‚ªVŠƒ‚ÉˆÚZéŒ¾Iu‘f“G‚Èƒ}ƒ“ƒVƒ‡ƒ“‚Å‚·v,https://news.yahoo.co.jp/articles/08ec65db154c058448fe698e7ede39478e0eab29,7/22(“y) 6:00
jisin,u„‚Í“ú–{‚ªD‚«‚Å‚·vg“ú–{”á”»h‚Æ”g–ä‚ÌŠØ‘lYouTuber‚ªß–¾u‘S‚Ä‚ª‚¨‚¢‚µ‚¢‚Å‚·v‚ÆÌ^“®‰æ‚à,https://news.yahoo.co.jp/articles/e28aefe18ab5ed1b3971b850c8567450b0c21d77,7/21(‹à) 19:35
jisin,“ú–{l—«‰W”tåR‚Ì‰õ‹“I@R‰º—Ç”ü‚³‚ñ‚ª–{‚ÉŒê‚Á‚Ä‚¢‚½ŠoŒå,https://news.yahoo.co.jp/articles/cfcefbc09d62bbd5f2557fa297a8b257a9faf9ee,7/21(‹à) 18:12
jisin,uĞ’·‚Ì‘¿‚ğ‹^‚¤vƒrƒbƒOƒ‚[ƒ^[Ğ’·‚ª‚Ü‚³‚©‚Ìg‹tƒMƒŒLINEh•ñ“¹c”½È‚È‚«•ğ‚ê‚½p¨‚ÉƒlƒbƒgŒƒ“{,https://news.yahoo.co.jp/articles/34f538edd5881a859905746bfba04b931d00be71,7/21(‹à) 14:39
jisin,w…ƒ_ƒEx‚ÅŒ‹¥”­•\IƒUEƒ}ƒ~ƒBğˆä‚Ìg–Ÿ‰æ‚İ‚½‚¢‚È‰œ‚³‚ñ‚Ì–¼‘Ohƒlƒbƒg‚Ì—\‘z‚ÍH,https://news.yahoo.co.jp/articles/14d9a82223583d3e4e1fa75401f79d3122e80d3b,7/21(‹à) 6:05
jisin,“¡˜QW‘¾˜Y‚ªg‘å’J‰z‚¦h‚Ì“ú–{lƒvƒŒ[ƒIƒtoêÅ—L—Í‚ÉI‚Ü‚³‚©‚Ì‘å‹t“]‚É”äŠr“Še‚ª‹}‘,https://news.yahoo.co.jp/articles/57b023c2d03364128ff7aa3ce560cd91a649bd18,7/21(‹à) 6:05
jisin,“Œ‹ƒfƒBƒYƒj[ƒV[‚Ì‰Ä‚Ígƒ_ƒbƒtƒB[‚Ü‚İ‚êh‚Å–ü‚³‚ê‚é,https://news.yahoo.co.jp/articles/26219da81e338802820f5193dd1df6409e29be54,7/21(‹à) 6:04
jisin,”Nû‚Ì•Ç@ƒp[ƒg‚Å130–œ‰~‰Ò‚®‚Æ‘¹‚·‚éc­•{‚ª‘Îô‚à˜J“­Ò‚Ö‚Ì•â•‚È‚µ,https://news.yahoo.co.jp/articles/f427ee2e6f087e622d640d3c05a4b5364bf3eb8a,7/21(‹à) 6:04
jisin,u—‚É–ß‚Á‚½‚È‚Á‚Äv”Mˆ¤•ñ“¹‚Ì’·’Jì‹q@‘O•v‚Æ‚Ì•Ê‹’†‚ÉŒê‚Á‚Ä‚¢‚½g—·‚èh‚Ì–K‚ê,https://news.yahoo.co.jp/articles/9af39f05ddef490a4ecd70c271d8777ed94b3998,7/21(‹à) 6:02
jisin,’·’Jì‹q g“õ‚í‚¹‚È‚µh‚ÈV‚½‚È—ö‚ÉƒG[ƒ‹‘±oIq‹ŸŠª‚«‚ŞggŸè•s—ÏhL––—Áq‚Æ‚ÌuŠi‚Ì·v,https://news.yahoo.co.jp/articles/ccb4cf0b8380c3329a8a9df38055b7bae0a9453f,7/21(‹à) 6:01
jisin,O‰Y—Ú—íu•s—Ï‚Íˆ¤‚Ì‘ã‘Ö•¨vL––—Áq‚ÌW•s—Ï‚É˜_c–{‚à–ÚŒ‚‚µ‚Ä‚¢‚½¢ŠÔ‘Ì‚ğ‹C‚É‚µ‚È‚¢g„¶Šˆh,https://news.yahoo.co.jp/articles/4dc4d7c76d3eea80044093865014181e73dfdf30,7/21(‹à) 6:01
jisin,u—‚¿‚é‚Æ‚±‚ë‚Ü‚Å—‚¿‚½vg«ŠûŠE‚ÌˆÙ’[™h‚ªEl–¢‹‹^‚¢‚Å‘ß•ßcƒNƒ‚ÅŒ³È‚ğ‰£‘Å‚Ì”Øs‚Éƒlƒbƒgâ‹å,https://news.yahoo.co.jp/articles/83359e2872fffa69881fde5aad34cd1ac600bef2,7/21(‹à) 6:00
jisin,ˆÇ‚Ìuˆç™‚Íl‚Ìè‚ğ—Š‚Á‚Äv”­Œ¾‚Ö‚Ì”á”»‚ÉŠ´‚¶‚½Šë‹@Š´c]—ˆŒ^‚Ì•êe‘œ‚Æˆá‚¤l‚ğ“ª‚²‚È‚µ‚É”Û’è‚·‚él‚½‚¿,https://news.yahoo.co.jp/articles/2563672d44f93264f99e0bc3687b3814400b439f,7/21(‹à) 6:00
jisin,sŠİ“c«‚ß‚ëts‚Ü‚½‚à‚â‚Á‚Ä‚éŠ´t‹ãB‘å‰J‚Ì”íĞ’n‚ğ‚æ‚»–Ú‚Ég—D‰ë‚ÈŠO—VO–†h,https://news.yahoo.co.jp/articles/061c64de12349f0df44b0c1d2d8dd39793ceb8f0,7/20(–Ø) 18:21
jisin,u‹¾Œ©‚Ä‚©‚ç‚µ‚á‚×‚êAƒ{ƒPvË‰ê‹I¶‰q–å@ƒp[ƒgƒi[‚ªgœ˜Š…‰¹ºh‚ğ–\˜IA–À¥‚à‰ğÁcg“DÀƒgƒ‰ƒuƒ‹h‘±‚«‚àƒuƒƒOuƒpƒp•”–åv1ˆÊ‚Ì”ç“÷,https://news.yahoo.co.jp/articles/95148fd7f2dce5f4d29556a1ce605cc338a947f7,7/20(–Ø) 17:33
jisin,u‰A‚ÅgD‚«h‚Á‚ÄŒ¾‚í‚ê‚½‚¢v’·’Jì‹q@”N‰º—öl‚É–ÒƒAƒ^ƒbƒNI“¯«‚©‚ç‚àxW‚ß‚ég“÷Hh‚È—öˆ¤ŠÏ,https://news.yahoo.co.jp/articles/71cb21919554e3d48ba6d6a0fb0c3832133b1c05,7/20(–Ø) 16:55
jisin,sŠÔw’è‚µ‚Æ‚é‚È‚ç‰Æ‚É‚¨‚ê‚âtÄ”z’B‚É•sİA•sğ—‚ÈƒNƒŒ[ƒ€cƒƒKƒ}ƒ}ŒÚ‹q‚É”Y‚Ü‚³‚ê‚é‘î”z”z’Bl‚Ì’Q‚«,https://news.yahoo.co.jp/articles/70c8baa21b00c5d6f1fe5e52652815ee7b45cf88,7/20(–Ø) 15:50
jisin,u‹­§‚Å‚Í‚È‚¢‚Ì‚É‘Ü’@‚«‚ÉvƒzƒŠƒGƒ‚ƒ“Œê‚Á‚½gƒ}ƒXƒN‚â‚ß‚Äh”­Œ¾‚Ì^ˆÓu“¯’²ˆ³—Í‚Å‚©‚È‚èŒ™‚È–Ú‚Év,https://news.yahoo.co.jp/articles/255c0194dc7127e7c6d32a09a9ec48a5c4fba139,7/20(–Ø) 15:35
jisin,uƒX[ƒp[‰Ì•‘ŠêvÁ–ÅŠë‹@I•œ‹Aâ–]‚Ì‰”V•‚ª‰Ê‚½‚µ‚Ä‚¢‚½â‘Î“I–ğŠ„,https://news.yahoo.co.jp/articles/6a067ca1f55d4b404c3c4ceb87397f65d4681195,7/20(–Ø) 15:14
jisin,u‚¢‚¢’ñŒ¾vuŒ¾‚¢‰ß‚¬‚¶‚á‚È‚¢HvƒJƒYƒŒ[ƒU[‚ÌuˆùH“XƒƒPv‚Ö‚Ìg˜_h‚É^”Û,https://news.yahoo.co.jp/articles/80b66b026f103c242155b79d93afba426d21a6d5,7/20(–Ø) 11:02
jisin,•ÛŒ¯Ø‚¾‚¯‚¶‚á‚È‚¢I ‰^“]–Æ‹–ØA•êqè’ cƒ}ƒCƒiƒJ[ƒhˆêŒ³‰»‚ª¡Œãµ‚­u¡ˆÈã‚Ìƒgƒ‰ƒuƒ‹vƒŠƒXƒg,https://news.yahoo.co.jp/articles/00422202c3d202d2f3134953c08797ed797b82ab,7/20(–Ø) 6:05
jisin,“Œ‹ƒfƒBƒYƒj[ƒ‰ƒ“ƒh@40ü”N‚Ì‰Ä‚Íg‚Ñ‚µ‚å”G‚êh‚È‚ç‚Êg‚¸‚Ô”G‚êh,https://news.yahoo.co.jp/articles/be1536239faa882438bf27b99cbfde93d1893776,7/20(–Ø) 6:05
jisin,‚¢‚µ‚¾ˆë¬18Î”N‰º”ü—‚Æ‚Í1ƒJŒ‚Å”j‹Çc–{‚Å–¢—ûŒê‚Á‚½’¼Œã‚É12Î”N‰º‚ÌV—öl‚ÆŒğÛŠJnyã”¼ŠúƒXƒN[ƒv‚»‚ÌŒãz,https://news.yahoo.co.jp/articles/329a088a22f2b7c5073762e73d08e9313c2b285c,7/20(–Ø) 6:04
jisin,uƒ}ƒXƒNĞ‰ï‚É–ß‚é‚Ì’´Œ™vƒzƒŠƒGƒ‚ƒ“‚ªg^‰Ä‚Ìƒ}ƒXƒN’…—ph‚Éƒuƒ`Ø‚êu‚Â‚¯‚Ä‚¢‚é“zƒAƒz‚È‚ñ‚¶‚á‚Ë‚¥‚ÌHv,https://news.yahoo.co.jp/articles/129224b9431142ef050179987c9854c206844769,7/19(…) 15:06
jisin,ryuchell‚³‚ñ‹}€‚©‚ç1TŠÔcpecoÀ•ê‚ª–{‚ÉŒJ‚è•Ô‚µŒê‚Á‚Ä‚¢‚½g”Ş‚Ì‹ê‚µ‚İhyæŞ”é˜bz,https://news.yahoo.co.jp/articles/f339f47b840afa57e78c70971d2cdc4be488d120,7/19(…) 14:30
jisin,u‚È‚ñ‚Å‚¾‚ß‚È‚Ìv•èÈ‚Ìl‚ªQ‚é‚Ì‚Íƒ}ƒi[ˆá”½H˜_‘ˆ‚ª˜b‘è ‚Ğ‚ë‚ä‚«‚àQíu‚‘¬‚ÍQ‚Ä‚Ä’¸‚¯‚é‚ÆAAAv,https://news.yahoo.co.jp/articles/255a89576b5f29a5e2c410f8b14efa2b769428c6,7/19(…) 11:02
jisin,–x–k^Šó‚³‚ñ@ƒ}ƒ}—F‚Æ’kÎA‰Æ‘°‚Å“cÉ‚ÉˆÚZIª‹­‚¢•œ‹A‘Ò–]˜_‚àgK‚¹‚ÈƒŠƒ^ƒCƒA¶Šˆh,https://news.yahoo.co.jp/articles/0efb6a64b2ad0ef2768f736d6048ee27c0bc95ee,7/19(…) 11:02
jisin,‹}Œƒ‚È‰·“x•Ï‰»‚É—v’ˆÓcg”~‰J–¾‚¯1ƒJŒŠÔh‚ÉS¾Š³ƒŠƒXƒN‚ªŒƒ‘,https://news.yahoo.co.jp/articles/c5baebf6bcaa8f0971351de9fbae226f4cdbb23c,7/19(…) 6:04
jisin,King•Prince ‰ƒtƒ@ƒ“ƒ~gÀÛs‚Á‚½‹C•ª‚É‚È‚ê‚éhö“üƒŠƒ|,https://news.yahoo.co.jp/articles/b14dd9cbb4af47082a3df2ab838a8669d816fb20,7/19(…) 6:04
jisin,uÔ‹ÆŠE‚Ì’pvƒrƒbƒOƒ‚[ƒ^[@•s³–â‘è‚ÅĞ’·‚ª•ñV1”N•Ôã‚àu‘S‚­’Ş‚è‡‚í‚È‚¢v‚Æƒlƒbƒg•®“{,https://news.yahoo.co.jp/articles/d500c45cc01f3ca1eb02464ee0b335fa2030a48a,7/19(…) 6:02
jisin,u—ç‹V³‚µ‚¢—Ç‚¢qv‚³‚ñ‚Ü•ãÀŒb”üq‚àâ^@ryuchell‚³‚ñ‚Ì‘fŠç,https://news.yahoo.co.jp/articles/ac484e46e0f032d34ea1fe3f692e89d0a4681ac0,7/18(‰Î) 19:00
jisin,ìŒût“Ş@V‚½‚È’´‚‹‰˜rŒv‚ğ‚¨”â˜I–ÚIƒƒŒƒbƒNƒX’´‚¦‚é‰ß‹Å‚ƒNƒ‰ƒX‚Ì‹Áœ±‰¿Ši‚ÍH,https://news.yahoo.co.jp/articles/b400c71200175ea40e510ffa294eb5a61052e364,7/18(‰Î) 18:02
jisin,ä‰ëlwVIVANTx¬Œ÷¶‚ñ‚¾ŠÄ“Â‚Æ‚Í’·’j‚Ì–¼–åZ“üŠw‚ğg‘Š’kh‚·‚é’‡c‹L˜^“®‰æ‚ÅƒJƒbƒg‚³‚ê‚½‹Â“V”­Œ¾,https://news.yahoo.co.jp/articles/40e3abd68c3850efe233c78f11ed7ed109089554,7/18(‰Î) 17:52
jisin,‘å’JãÄ•½@”sí‚Å’‡ŠÔ‚ÌƒO[ƒ^ƒbƒ`‚ğ‹‘”Ûcƒz[ƒ€ƒ‰ƒ““Æ‘–‚à~‚Ü‚ç‚Êu‚È‚¨ƒGv‚ÅŒœ”O‚³‚ê‚égah,https://news.yahoo.co.jp/articles/4f13c42c5b8086e9c457d686b221a1b0ea67672d,7/18(‰Î) 13:16
jisin,u˜A‚ê‚Ä‚±‚¢IvƒWƒƒƒK[‰¡“c@’·’j‚ÉuƒLƒ‚‚¢v‚Æ”­Œ¾‚µ‚½—q¶“k‚ÉŒƒ“{‚Ìg‰ß•ÛŒìh‚Ô‚ècue‚ªo‚¿‚áƒ_ƒv‚Æ”á”»‘±o,https://news.yahoo.co.jp/articles/11551d89b9fec759c3b842e21a13d05065787ee3,7/18(‰Î) 11:01
jisin,‚İ‚¿‚å‚Ï‚¾‚¯‚¶‚á‚È‚¢I•v•w‚Å‚¨•—˜C‚É“ü‚éŒ|”\l@l‹C——D‚ÍŒğÛ7”N‚Å‚à“ñl‚Å“ü—‚ğŒp‘±,https://news.yahoo.co.jp/articles/8211dc03eeb7ded0699453b012327f7d499ba8e9,7/18(‰Î) 11:01
