media_en,media_jp,title_articles,link_articles,date_original
minnagolf,‚İ‚ñ‚È‚ÌƒSƒ‹ƒtƒ_ƒCƒWƒFƒXƒg,Å‹ß‚ÌƒSƒ‹ƒtƒ@[‚ÍƒfƒWƒ^ƒ‹‚Ì”š‚É—Š‚è‚·‚¬!? ƒVƒ“ƒOƒ‹‚ª‹³‚¦‚Ä‚­‚ê‚½g˜r‘O‚ªã‚ª‚éh‹——£Œv‘ªŠí‚Ìg‚¢•ûyQã!@ƒSƒ‹ƒtƒ@[‰‰‡‘àz,https://news.yahoo.co.jp/articles/434624d61a215efc9627353de824b7ae69741a11,2/13(‰Î) 20:03
minnagolf,‚İ‚ñ‚È‚ÌƒSƒ‹ƒtƒ_ƒCƒWƒFƒXƒg,DPƒ[ƒ‹ƒhƒcƒA[‰—DŸI ¯–ì—¤–ç‚ÌƒXƒEƒBƒ“ƒO‚ğAI‚Å•ªÍ,https://news.yahoo.co.jp/articles/4db325d1fab2c82e69255b37a20ae7207f2e4687,2/13(‰Î) 18:31
minnagolf,‚İ‚ñ‚È‚ÌƒSƒ‹ƒtƒ_ƒCƒWƒFƒXƒg,‚â‚³‚µ‰ß‚¬‚¸“K“x‚É‚Â‚©‚Ü‚éA100Ø‚è‚â90Ø‚è‚ğ–Úw‚·l‚Éƒsƒbƒ^ƒŠ‚Èƒhƒ‰ƒCƒo[!? uƒpƒ‰ƒ_ƒCƒ€ Ai ƒXƒ‚[ƒN MAX FAST ƒEƒBƒƒ“ƒYvy]àVˆŸ–í‚ªƒŒƒfƒBƒXƒNƒ‰ƒu‚ğ‘Åz,https://news.yahoo.co.jp/articles/063dd835d994d005f94f991274e7d11e0ac48b4f,2/13(‰Î) 11:31
minnagolf,‚İ‚ñ‚È‚ÌƒSƒ‹ƒtƒ_ƒCƒWƒFƒXƒg,ŒK–Øu”¿‚Ìƒpƒ^[‚Ì”Y‚İ‚ÉAƒxƒeƒ‰ƒ“E“¡“cŠ°”V‚ªƒAƒhƒoƒCƒX! uŠÉ‚İv‚Í‚Ç‚¤’¼‚·? Ÿ•‰Š‚ÅŒˆ‚ß‚é‚½‚ß‚É‚Ç‚ñ‚È—ûK‚ğ‚·‚é?,https://news.yahoo.co.jp/articles/bc211a72be908428da53781bda44849b7912d85b,2/13(‰Î) 9:43
minnagolf,‚İ‚ñ‚È‚ÌƒSƒ‹ƒtƒ_ƒCƒWƒFƒXƒg,ƒ]ƒfƒBƒAƒwƒbƒh~ƒtƒWƒNƒ‰ƒVƒƒƒtƒgB‹­’e“¹ƒwƒbƒh‚Æ‚’e“¹ƒVƒƒƒtƒg‚Ì‘g‚İ‡‚í‚¹Iyl‹CƒSƒ‹ƒtH–[‚Ì‚Ô‚Á”ò‚Ñƒhƒ‰ƒCƒo[‚ğƒLƒ“ƒOEƒIƒuE‘Å‚ªŒê‚éz,https://news.yahoo.co.jp/articles/7685d594106d9109e915a6796fe4d09d094e6550,2/13(‰Î) 7:31
minnagolf,‚İ‚ñ‚È‚ÌƒSƒ‹ƒtƒ_ƒCƒWƒFƒXƒg,wƒ[ƒNƒVƒI13 ƒAƒCƒAƒ“x‚©‚çŒ©‚¦‚Ä‚«‚½”ò‚ÑŒnƒAƒCƒAƒ“‚ÌƒlƒNƒXƒgƒXƒe[ƒWyƒwƒbƒhƒf[ƒ^•ªÍ‚Å”»–¾z,https://news.yahoo.co.jp/articles/56185d15383655b809ddda52daadcbeb4586c55a,2/12(Œ) 19:30
minnagolf,‚İ‚ñ‚È‚ÌƒSƒ‹ƒtƒ_ƒCƒWƒFƒXƒg,u–Úü‚ğ‰º‚°‚év‚¾‚¯‚Å‚¢‚¢!? ‹g“c‘×Šîƒvƒ’¼“`A•—‚ª‹­‚¢“ú‚É–ğ—§‚Â’á‚¢ƒhƒ‰ƒCƒo[ƒVƒ‡ƒbƒg‚Ì‘Å‚¿•û‚ğÀÛ‚É‚µ‚Ä‚İ‚½,https://news.yahoo.co.jp/articles/01137629d5ccf94e87142eebb1f6ce95d1520010,2/12(Œ) 18:30
minnagolf,‚İ‚ñ‚È‚ÌƒSƒ‹ƒtƒ_ƒCƒWƒFƒXƒg,ƒjƒbƒNEƒe[ƒ‰[‚ªƒvƒŒ[ƒIƒt§‚µuWMƒtƒFƒjƒbƒNƒXOPv—DŸB¢ŠEƒ‰ƒ“ƒN300ˆÊAƒ^ƒCƒK[‚Æ“¯¢‘ã‚Ìƒ`ƒƒ[ƒŠ[Eƒzƒtƒ}ƒ“‚Í8”N‚Ô‚èV–Ú‘O‚ÅÉ”s,https://news.yahoo.co.jp/articles/508a17cef1c087c52001b40d22bd9521a29987e2,2/12(Œ) 12:00
minnagolf,‚İ‚ñ‚È‚ÌƒSƒ‹ƒtƒ_ƒCƒWƒFƒXƒg,‚¢‚Ü‚Ç‚«ƒhƒ‰ƒCƒo[‚Íƒƒtƒg‘½‚ß‚ğ‚·‚×‚«!?@Å‹ßA‘‚¦‚Ä‚¢‚éu12“xƒƒtƒgv‚Ìg”ò‹——£Œø‰Êh‚ğƒtƒBƒbƒ^[‚É•·‚¢‚½,https://news.yahoo.co.jp/articles/74e2a8eb08c1374995bdc473824ac1ba6178caa5,2/12(Œ) 6:31
minnagolf,‚İ‚ñ‚È‚ÌƒSƒ‹ƒtƒ_ƒCƒWƒFƒXƒg,ˆ³“|“Il‹C‚ğŒÖ‚é2ƒ‚ƒfƒ‹uƒjƒ…[ƒ|[ƒg2v‚ÆuTimelessvyƒLƒƒƒƒƒ“ƒ}ƒjƒAéŒ¾z,https://news.yahoo.co.jp/articles/ace3cc16581307d7f8de98b3e4e228d38ae58ddc,2/11(“ú) 11:30
minnagolf,‚İ‚ñ‚È‚ÌƒSƒ‹ƒtƒ_ƒCƒWƒFƒXƒg,"‹r‚Ì“®‚«‚Æ˜‚Ì‰ñ“]‚ÍEê‚Åƒ}ƒXƒ^[‚Å‚«‚é!?  ƒV[ƒYƒ“’¼‘O‚ÍƒLƒƒƒXƒ^[•t‚«‚ÌˆÖq‚ğg‚Á‚½""ƒtƒbƒgƒ[ƒNƒhƒŠƒ‹""‚Éæ‚è‘g‚à‚¤y“äƒLƒƒƒ‰ƒR[ƒ`w‚í‚«‚ã‚¤x‚Ì‹C‚É‚È‚é˜bò52z",https://news.yahoo.co.jp/articles/1caf400c93cdce9147067f70ed127378512c4e49,2/11(“ú) 7:30
minnagolf,‚İ‚ñ‚È‚ÌƒSƒ‹ƒtƒ_ƒCƒWƒFƒXƒg,Œ¨bœü‚è‚Ì_“î«ƒAƒbƒv‚ÅƒAƒEƒgƒTƒCƒhƒCƒ“‚Ì‹O“¹‚Æ‚¨•Ê‚ê! yŒK–Øu”¿‚Ì‰õiŒ‚‚ğƒTƒ|[ƒg‚·‚éƒgƒŒ[ƒi[‚ª‹³‚¦‚éŠÈ’PƒgƒŒ[ƒjƒ“ƒOz,https://news.yahoo.co.jp/articles/26a69d8840b6b0768c378d6b859a24f5a4017288,2/11(“ú) 6:30
minnagolf,‚İ‚ñ‚È‚ÌƒSƒ‹ƒtƒ_ƒCƒWƒFƒXƒg,y–¼è‚Ì–¼Œ¾zƒjƒbƒNEƒtƒ@ƒ‹ƒhuƒSƒ‹ƒt‚ÉŠ®àø‚ğ‹‚ß‚Ä‚Í‚¢‚¯‚È‚¢v,https://news.yahoo.co.jp/articles/728831d8831ff4d5251b064c095624ea996b23f3,2/10(“y) 12:30
minnagolf,‚İ‚ñ‚È‚ÌƒSƒ‹ƒtƒ_ƒCƒWƒFƒXƒg,uAiƒXƒ‚[ƒNMAXv‚ÆuQi10v‚ğ‘Å‚¿”ä‚×B˜b‘è‚ÌŠOƒuƒ‰2–{‚ÌuƒXƒ^ƒ“ƒ_[ƒhƒ‚ƒfƒ‹v‚ÌŠ®¬“x‚Í‚¢‚©‚Ù‚Ç?,https://news.yahoo.co.jp/articles/bda8dc5ef8f9c0dc5c8703d488a105d7d0722217,2/10(“y) 12:06
minnagolf,‚İ‚ñ‚È‚ÌƒSƒ‹ƒtƒ_ƒCƒWƒFƒXƒg,ÅVŒy—Êƒhƒ‰ƒCƒo[‚Ìi‰»‚Íuƒ[ƒNƒVƒIv‚Ì‚¨‚©‚°‚©‚à!? ‚”½”­‹K§¨Œy—Ê‰»‹£‘ˆ‚Æ‚½‚Ç‚Á‚½i‰»‚Ì—ğj‚ğU‚è•Ô‚é,https://news.yahoo.co.jp/articles/e7cdccc46dd80bdc6d50f78a7a2cabd69fb1a2af,2/10(“y) 11:30
minnagolf,‚İ‚ñ‚È‚ÌƒSƒ‹ƒtƒ_ƒCƒWƒFƒXƒg,2023”N“ú–{ƒAƒ}—DŸÒA’†–ì—Ù‘¾˜N‚ÌƒXƒEƒBƒ“ƒO‚ğ‰ğà!y’–Ú‚ÌŸ¢‘ã‘IèƒXƒEƒBƒ“ƒO}ŠÓz,https://news.yahoo.co.jp/articles/e7ca03b787356e1101e0092dff7d1e1a3409f7be,2/10(“y) 7:30
minnagolf,‚İ‚ñ‚È‚ÌƒSƒ‹ƒtƒ_ƒCƒWƒFƒXƒg,uƒXƒRƒA‚ğ’Ç‹‚µ‚½‚ç‚±‚¤‚È‚Á‚½vAƒRƒŠƒ“Eƒ‚ƒŠƒJƒ‚ÌÅVƒZƒbƒeƒBƒ“ƒOBƒEƒbƒh‚ÍƒVƒƒƒ[ƒwƒbƒhAƒAƒCƒAƒ“‚Í‹——£‚É‡‚í‚¹‚Äƒ‚ƒfƒ‹•Ï‰»,https://news.yahoo.co.jp/articles/c53bb25f36ed983b34312de34293c2ab884b27f6,2/10(“y) 6:30
minnagolf,‚İ‚ñ‚È‚ÌƒSƒ‹ƒtƒ_ƒCƒWƒFƒXƒg,ƒLƒƒƒƒEƒFƒC‚ÌÅVƒcƒA[ƒ‚ƒfƒ‹uƒpƒ‰ƒ_ƒCƒ€ Ai ƒXƒ‚[ƒN v‚Í‚Ç‚ñ‚ÈƒSƒ‹ƒtƒ@[‚ÉƒIƒXƒXƒHyƒKƒ`‘ÅŒv‘ªE“®‰æ‚ ‚èz,https://news.yahoo.co.jp/articles/1d59d0bcdedf3b6af8f3b813c05b39a2264d1f8e,2/9(‹à) 18:30
minnagolf,‚İ‚ñ‚È‚ÌƒSƒ‹ƒtƒ_ƒCƒWƒFƒXƒg,uiPGAƒcƒA[‚ÅjŠF‚ªí‚Á‚Ä‚¢‚é—lq‚ğŒ©‚é‚Ì‚Ív‚Á‚Ä‚¢‚½‚æ‚è‚à‚¸‚Á‚Æ‘å•Ï‚¾‚Á‚½vBLIVˆÚĞ‚ÌƒWƒ‡ƒ“Eƒ‰[ƒ€‚ª‹¹‚ğ‹l‚Ü‚ç‚¹‚é‚Ù‚Ç—ö‚µ‚ª‚éƒJƒŠƒtƒHƒ‹ƒjƒA‚ÌÂ‚¢‹ó,https://news.yahoo.co.jp/articles/d40d48cc89637a4a931beaad73fe3f415a30134d,2/9(‹à) 12:05
minnagolf,‚İ‚ñ‚È‚ÌƒSƒ‹ƒtƒ_ƒCƒWƒFƒXƒg,ƒAƒ}ƒ`ƒ…ƒA‚Ìƒ~ƒX‚Ì8Š„‚Íh\‚¦h‚ªŒ´ˆö! ‚ ‚È‚½‚Íh³‚µ‚­h—§‚Ä‚Ä‚¢‚Ü‚·‚©?,https://news.yahoo.co.jp/articles/387f72814dcd48708b2ab1c1ba54cc92862a17a1,2/9(‹à) 11:33
minnagolf,‚İ‚ñ‚È‚ÌƒSƒ‹ƒtƒ_ƒCƒWƒFƒXƒg,Œø—¦‚æ‚­ã’B‚·‚é‚½‚ß‚É‚Íuƒ‰ƒEƒ“ƒh‚ÌU‚è•Ô‚èv‚ªd—vI ‚»‚Ì‚½‚ß‚Éƒƒ‚‚µ‚Ä‚¨‚­‚×‚«‚±‚Æ‚Í‚È‚ÉHy‰SÒ‚ğ’E‚µ‚½ƒSƒ‹ƒtƒ@[‚ªw100x‚ğØ‚é‚½‚ß‚ÌƒŒƒbƒXƒ“z,https://news.yahoo.co.jp/articles/c49d3c7cecb9c5958acb8f7ffefb1004be2e3da0,2/9(‹à) 7:31
minnagolf,‚İ‚ñ‚È‚ÌƒSƒ‹ƒtƒ_ƒCƒWƒFƒXƒg,­‚µ‘O‚¾‚¯‚ÇŒê‚Á‚Ä‚¨‚«‚½‚¢Bƒ\ƒj[ƒI[ƒvƒ“EƒCƒ“EƒnƒƒC‚É—¬‚ê‚é“ú–{‚Ì“`“,https://news.yahoo.co.jp/articles/324a7195c265633834655ae10f20d7a4995aab6f,2/9(‹à) 6:30
minnagolf,‚İ‚ñ‚È‚ÌƒSƒ‹ƒtƒ_ƒCƒWƒFƒXƒg,“~‚±‚»ƒTƒ“ƒOƒ‰ƒXI ƒcƒA[‚Å‚àˆ¤—pÒ‚Ì‘½‚¢uESSvuSWANSv‚Ì2ƒ‚ƒfƒ‹‚ğƒvƒ‚ªƒR[ƒX‚Å‚µ‚Ä‚İ‚½,https://news.yahoo.co.jp/articles/507730f147ecfef117d62aad633bcbf2a6cf185b,2/8(–Ø) 19:04
minnagolf,‚İ‚ñ‚È‚ÌƒSƒ‹ƒtƒ_ƒCƒWƒFƒXƒg,gjãÅŒy—Êh‚ÌƒŒ[ƒU[‹——£ŒvwCaddy Talk minionx‚ÆƒnƒCƒGƒ“ƒhƒ‚ƒfƒ‹wGOLFBUDDY aim L30x‚ğ”­•\,https://news.yahoo.co.jp/articles/2c4553018af07aff0614e488a62ef8cea1fd2424,2/8(–Ø) 19:04
minnagolf,‚İ‚ñ‚È‚ÌƒSƒ‹ƒtƒ_ƒCƒWƒFƒXƒg,2024ƒtƒ@[ƒ}[ƒYuƒg[ƒ^ƒ‹ƒhƒ‰ƒCƒrƒ“ƒOv1ˆÊ‚Æ2ˆÊ‚Ì‹¤’Ê“_‚Í?yƒSƒ‹ƒt‚È‚ñ‚Å‚àƒ‰ƒ“ƒLƒ“ƒOz,https://news.yahoo.co.jp/articles/ac8e99a11e8edaa03f7ecd41d994d7d3661b9825,2/8(–Ø) 12:30
minnagolf,‚İ‚ñ‚È‚ÌƒSƒ‹ƒtƒ_ƒCƒWƒFƒXƒg,ƒXƒEƒBƒ“ƒOC³‚¾‚¯‚¶‚á‚È‚¢BŠCŠO‚ÅŠˆ–ô‚µn‚ß‚Ä‚¢‚éuí—ªƒR[ƒ`v‚Æ‚Í?y–ÚàVGŒ›EƒXƒEƒBƒ“ƒO3.0 ”12z,https://news.yahoo.co.jp/articles/2dcec03f053807e6a96ed5ab0f2ced05180e0e2e,2/8(–Ø) 11:35
minnagolf,‚İ‚ñ‚È‚ÌƒSƒ‹ƒtƒ_ƒCƒWƒFƒXƒg,ƒWƒFƒCƒ\ƒ“EƒfƒC‚Æƒƒ“ƒ^ƒ‹ƒR[ƒ`‚ªlˆÄ‚µ‚½ƒ{[ƒ‹‚ª‰æŠú“I!? g”ò‚Î‚È‚¢ƒ{[ƒ‹h‚É•Ï‚í‚é‘å”­–¾‚ÆPGAƒVƒ‡[‚Å˜b‘è‚É!,https://news.yahoo.co.jp/articles/e2417695bab20e26d66c4b988320ac03405c2f02,2/8(–Ø) 11:34
minnagolf,‚İ‚ñ‚È‚ÌƒSƒ‹ƒtƒ_ƒCƒWƒFƒXƒg,³‚µ‚¢ƒAƒhƒŒƒXì‚è‚É’´d—vI u‘OŒXp¨v‚ğì‚éƒRƒcA‚»‚Ì‚½‚ß‚É—LŒø‚ÈƒXƒgƒŒƒbƒ`‚ğAƒvƒ‚ªƒCƒ‰ƒXƒg‚ğŒğ‚¦‚Ä‰ğà,https://news.yahoo.co.jp/articles/3d5676588a4092ef89d17c04082685a017e97bac,2/8(–Ø) 7:30
minnagolf,‚İ‚ñ‚È‚ÌƒSƒ‹ƒtƒ_ƒCƒWƒFƒXƒg,—Ç‚¢ƒŠƒYƒ€‚ÅƒXƒEƒBƒ“ƒO‚·‚é‚½‚ß‚ÉŠo‚¦‚½‚¢uè‚Ìg‚¢•ûvB¶èñ‚Íuƒtƒ‰ƒbƒgvA‰Eèñ‚Íu”w‹üv‚ª”éŒyƒSƒ‹ƒtƒƒJƒjƒNƒXŒ¤‹†Š #8z,https://news.yahoo.co.jp/articles/63ec23bde573de211625fb3a7823e0c2c63c327f,2/8(–Ø) 6:32
minnagolf,‚İ‚ñ‚È‚ÌƒSƒ‹ƒtƒ_ƒCƒWƒFƒXƒg,ƒˆƒlƒbƒNƒX‚ª2024”Nƒ‚ƒfƒ‹uEZONE GTvƒVƒŠ[ƒY‚ğ”­•\I æiƒJ[ƒ{ƒ“Ì—p‚Å—ğ‘ãÅ‚‚Ìg”ò‚Ñh‚ğÀŒ»BŠâˆäo–…g—pƒJƒ‰[ƒ‚ƒfƒ‹‚à,https://news.yahoo.co.jp/articles/f49c6d07d9e5e2b1781a44b231667b3fbcad9e49,2/7(…) 19:14
minnagolf,‚İ‚ñ‚È‚ÌƒSƒ‹ƒtƒ_ƒCƒWƒFƒXƒg,‚¿‚å‚Á‚Æ‚¨‚‚­Š´‚¶‚é‚¯‚ÇccƒQ[ƒ€Š´Šo‚Å‘ål”‚ÅŠy‚µ‚ß‚é—ûKêuTOPGOLFv‚ğƒŒƒ|[ƒgIyƒƒTƒ“ƒ[ƒ‹ƒXƒSƒ‹ƒt–îz,https://news.yahoo.co.jp/articles/6d72b8bef9fb6b3b7e143640c9304be296abf14c,2/7(…) 18:30
minnagolf,‚İ‚ñ‚È‚ÌƒSƒ‹ƒtƒ_ƒCƒWƒFƒXƒg,yƒSƒ‹ƒtƒ‹[ƒ‹ƒNƒCƒYzƒOƒŠ[ƒ“•ûŒü‚É–Úˆó‚ğ’u‚¢‚½‚ç2”±‘Å‚Æw“EB‘Å‚Â‘O‚Éæ‚èœ‚¯‚Î”±‚Í‚È‚¢?,https://news.yahoo.co.jp/articles/f2347c8771abe0612df392b26fa93cacec95ca2d,2/7(…) 12:30
minnagolf,‚İ‚ñ‚È‚ÌƒSƒ‹ƒtƒ_ƒCƒWƒFƒXƒg,u„‚Í4•ªŠÔ€‚ñ‚Å‚¢‚½vƒyƒuƒ‹ƒr[ƒ`‚Å‹ã€‚Éˆê¶‚ğ“¾‚½–¼•¨ƒLƒƒƒfƒB‚ªŒê‚Á‚½‚ ‚ÌuŠÔB“Ë‘R€‚ğ–h‚®‚½‚ß‚ÌƒAƒhƒoƒCƒX‚Æ‚ÍH,https://news.yahoo.co.jp/articles/0b7aecbfa3ffcae307bb57d9a10ad5dfc41abc1c,2/7(…) 12:23
minnagolf,‚İ‚ñ‚È‚ÌƒSƒ‹ƒtƒ_ƒCƒWƒFƒXƒg,"‘‚­‚àLIVƒSƒ‹ƒt‚É""ƒ‰[ƒ€Œø‰Ê""‚ª•\‚ê‚½!? PGAƒcƒA[‚©‚ç840‰­‰~‚Ì“dŒ‚ˆÚĞŒãAŠJ–‹í‚Å‰Ø—í‚Èƒfƒrƒ…[‚ğü‚é!",https://news.yahoo.co.jp/articles/bcba3bb196afa0e902ae995a4440cd47111d54a9,2/7(…) 11:32
minnagolf,‚İ‚ñ‚È‚ÌƒSƒ‹ƒtƒ_ƒCƒWƒFƒXƒg,‚Ç‚¤‚µ‚Ä‚àŠ¦‚³‚ÅU‚è‚Ã‚ç‚¢“~ƒSƒ‹ƒtBƒXƒEƒBƒ“ƒO‚ª‘å•ö‚ê‚µ‚È‚¢‚½‚ß‚ÉƒrƒMƒi[‚ªˆÓ¯‚µ‚½‚¢u2‚Â‚Ì‚±‚Æv,https://news.yahoo.co.jp/articles/3b0184ee6df9348cb843b0aa84d25442d0f294a2,2/7(…) 7:30
minnagolf,‚İ‚ñ‚È‚ÌƒSƒ‹ƒtƒ_ƒCƒWƒFƒXƒg,u‰¡EcEŠOüv‚Æ3ƒ^ƒCƒv‚ ‚éƒhƒ‰ƒCƒo[‚ÌgƒEƒFƒCƒg’²®‹@”\hB‚»‚ê‚¼‚êA‚Ç‚ñ‚ÈƒSƒ‹ƒtƒ@[‚É‚¨‚·‚·‚ßHyƒNƒ‰ƒu‘I‚Ñ‚ğƒN[ƒ‹‰ğà!z,https://news.yahoo.co.jp/articles/bcb2684aefad0ccf0735566e03d5000504890fba,2/7(…) 6:30
minnagolf,‚İ‚ñ‚È‚ÌƒSƒ‹ƒtƒ_ƒCƒWƒFƒXƒg,ƒq[ƒ‹•”‚Ü‚Å‚‰‘¬ƒGƒŠƒA‚ªŠg‘åI ƒ~ƒYƒm‚Ìƒjƒ…[ƒ‚ƒfƒ‹wST-MAX 230x‚ª“oêI,https://news.yahoo.co.jp/articles/6253602c39202362605562fe180f487ebbf5507a,2/6(‰Î) 19:00
minnagolf,‚İ‚ñ‚È‚ÌƒSƒ‹ƒtƒ_ƒCƒWƒFƒXƒg,ƒ³ƒVƒƒƒtƒg‚È‚çHS35m/s‚ª“K³!? ƒpƒ‰ƒ_ƒCƒ€ Ai ƒXƒ‚[ƒN MAX D ƒEƒBƒƒ“ƒYy]àVˆŸ–í‚ªƒŒƒfƒBƒXƒNƒ‰ƒu‚ğ‘Åz,https://news.yahoo.co.jp/articles/48fce24c8eacc40ac3b1ba3ca618a2ce0d5a5867,2/6(‰Î) 18:31
minnagolf,‚İ‚ñ‚È‚ÌƒSƒ‹ƒtƒ_ƒCƒWƒFƒXƒg,\‚¦‚½‚Æ‚«ƒƒbƒOƒ‹‚â‘«‚ğƒpƒ^ƒpƒ^‚³‚¹‚é–{“–‚Ì——RBƒXƒ€[ƒY‚Én“®‚·‚éƒXƒEƒBƒ“ƒO‚ÌƒRƒc‚ğƒVƒ“ƒOƒ‹‚ª‹³‚¦‚Ä‚­‚ê‚½yQã!@ƒSƒ‹ƒtƒ@[‰‰‡‘àz,https://news.yahoo.co.jp/articles/af9b8f7fae2db4a6f5352ba5a27c153da3d560dd,2/6(‰Î) 12:31
minnagolf,‚İ‚ñ‚È‚ÌƒSƒ‹ƒtƒ_ƒCƒWƒFƒXƒg,ƒ€ƒW[ƒNƒwƒbƒh~ƒVƒ“ƒJƒOƒ‰ƒtƒ@ƒCƒgƒVƒƒƒtƒgBØ‚è•Ô‚µ‚ª‚ä‚Á‚­‚è‚ßAHS43m/s‘OŒã‚ÌƒSƒ‹ƒtƒ@[‚ÉIyl‹CƒSƒ‹ƒtH–[‚Ì‚Ô‚Á”ò‚Ñƒhƒ‰ƒCƒo[‚ğƒLƒ“ƒOEƒIƒuE‘Å‚ªŒê‚éz,https://news.yahoo.co.jp/articles/b9b34299e871695b0410258edc0a993f9c1e464b,2/6(‰Î) 11:31
minnagolf,‚İ‚ñ‚È‚ÌƒSƒ‹ƒtƒ_ƒCƒWƒFƒXƒg,—‰¤‚ÌR‰º”ü–²—L‚â—é–Øˆ¤‚ç‘½‚­‚Ìƒvƒ‚ª‹`‰‡‹à‚ğŠñ•tB’ÃCC‚Í2/7‚Éƒ`ƒƒƒŠƒeƒBƒvƒƒAƒ}‚ğŠJÃB”\“o”¼“‡’nkĞŠQ•œ‹»‚ÖƒSƒ‹ƒtŠE‚©‚ç‚Ìx‰‡‚Í‘±‚­,https://news.yahoo.co.jp/articles/f878fcb671c7f57cfbf1b291426a8de84d61d309,2/6(‰Î) 7:30
minnagolf,‚İ‚ñ‚È‚ÌƒSƒ‹ƒtƒ_ƒCƒWƒFƒXƒg,“ñƒNƒ‰ƒX‚âƒ^ƒCƒK[‚ğ’´‚¦‚éˆíŞ!? ƒjƒbƒNEƒ_ƒ“ƒ‰ƒbƒv‚ÌƒXƒEƒBƒ“ƒO‚ğƒvƒ‚ª‰ğàyƒX[ƒp[ƒ‹[ƒL[‚ÌƒXƒEƒBƒ“ƒOz,https://news.yahoo.co.jp/articles/48fc4d15e4a921089950087bc65c264d3192ee8a,2/6(‰Î) 7:06
minnagolf,‚İ‚ñ‚È‚ÌƒSƒ‹ƒtƒ_ƒCƒWƒFƒXƒg,ƒhƒ‰ƒCƒo[IÒ‚Ì‹g“c‘×Šî‚ªƒhƒ[‚âƒtƒF[ƒhA‚’á‚Ì’e“¹‚Ì‘Å‚¿•ª‚¯•û‚ğ‰ğàBuƒ{[ƒ‹ˆÊ’u‚âƒAƒhƒŒƒX‚ğ•Ï‚¦‚Ä‚àAƒXƒEƒBƒ“ƒO‚Íâ‘Î•Ï‚¦‚Ä‚Í‚¢‚¯‚È‚¢!v,https://news.yahoo.co.jp/articles/a0bd70e7bbd45739f1d7941a64abe6894b0d9eed,2/6(‰Î) 6:31
minnagolf,‚İ‚ñ‚È‚ÌƒSƒ‹ƒtƒ_ƒCƒWƒFƒXƒg,t–‚µ‚Ä‚©‚ç4˜A‘±ƒgƒbƒv10I gŠ´Šo”hh‚Ì‰¡“c^ˆêƒvƒ‚ğ•Ï‚¦‚½A’J«‹MƒR[ƒ`‚Ìu\‚¦‚½ˆÊ’u‚É–ß‚év‹³‚¦‚ÌŒø‰Ê‚ğAÀÛ‚É‚µ‚ÄŠm‚©‚ß‚½,https://news.yahoo.co.jp/articles/23b3d654292edf08306cb84f8201313bd3816091,2/5(Œ) 18:31
minnagolf,‚İ‚ñ‚È‚ÌƒSƒ‹ƒtƒ_ƒCƒWƒFƒXƒg,PGAƒcƒA[‚Åƒ}ƒLƒƒC‚ª–¼‘O‚ğŠÔˆá‚¦‚ç‚ê‚é’¿–Bu2ƒyƒi‚ğó‚¯‚½‚Ì‚Íƒ}ƒLƒƒC‚Å‚Í‚È‚­ƒ}ƒbƒNƒƒC‚¾‚Á‚½v,https://news.yahoo.co.jp/articles/4f3208a312634e80a869eeb9622a46a23cc4235d,2/5(Œ) 12:02
minnagolf,‚İ‚ñ‚È‚ÌƒSƒ‹ƒtƒ_ƒCƒWƒFƒXƒg,ˆîŒ©–G”J‚ÌƒpƒbƒeƒBƒ“ƒOƒR[ƒ`¬•éLŠC‚ªŒ©‚½u•ÄLPGA‚ÆJLPGA‚Ìˆá‚¢v‚ÆuˆîŒ©–G”J‚Ì‰Â”\«v,https://news.yahoo.co.jp/articles/b5066463dfc31fe819e4b710745b1b7d6f884a7e,2/5(Œ) 11:31
minnagolf,‚İ‚ñ‚È‚ÌƒSƒ‹ƒtƒ_ƒCƒWƒFƒXƒg,3‘ã–Úuƒ[ƒNƒVƒIXvƒAƒCƒAƒ“‚Í”ò‚Ñ‚ğ‹É‚ß‚½‚â‚³‚µ‚¢ƒcƒA[ƒAƒCƒAƒ“ yƒwƒbƒhƒf[ƒ^•ªÍ‚Å”»–¾z,https://news.yahoo.co.jp/articles/0c418315a00ddf4406b63e2acbf50be12348b7c4,2/5(Œ) 7:30
minnagolf,‚İ‚ñ‚È‚ÌƒSƒ‹ƒtƒ_ƒCƒWƒFƒXƒg,ƒCƒ„‚Èó‹µ‚©‚çgƒxƒXƒgƒŠƒJƒoƒŠ[h‚·‚é‚½‚ß‚ÌƒNƒ‰ƒu‚ğ‚Á‚Ä‚Ü‚·‚©H@ƒXƒRƒAƒƒCƒN‚Ì‚½‚ß‚ÌƒZƒbƒeƒBƒ“ƒO‚ğƒtƒBƒbƒ^[‚Æl‚¦‚½!,https://news.yahoo.co.jp/articles/d2bacd3edfc4e627dd9489a0c05b347e8e6ca994,2/5(Œ) 6:30
minnagolf,‚İ‚ñ‚È‚ÌƒSƒ‹ƒtƒ_ƒCƒWƒFƒXƒg,ƒcƒA[ƒJ[ƒhŠl“¾‚à–²‚¶‚á‚È‚¢!? ƒgƒ‰ƒ“ƒXƒWƒFƒ“ƒ_[‚ÌƒwƒCƒŠ[Eƒfƒrƒbƒhƒ\ƒ“‚ª—Õ‚Şƒ~ƒjƒcƒA[—DŸ‚©‚ç•Ä—q‰º•”ƒcƒA[‚Ö‚Ì“¹,https://news.yahoo.co.jp/articles/d74d81226a18b405cf7de7e9af32911b8d34490f,2/4(“ú) 12:20
minnagolf,‚İ‚ñ‚È‚ÌƒSƒ‹ƒtƒ_ƒCƒWƒFƒXƒg,‚±‚¾‚í‚è”²‚©‚ê‚½‘Å‰¹‚Æ‘ÅŠ´Bƒ}ƒjƒA‚Ì‹L‰¯‚Éc‚éwBEACHxƒVƒŠ[ƒY‚Æ‚ÍyƒLƒƒƒƒƒ“ƒ}ƒjƒAéŒ¾z,https://news.yahoo.co.jp/articles/67503f1e4a8cec15a75777487951f1627bc6d224,2/4(“ú) 11:30
minnagolf,‚İ‚ñ‚È‚ÌƒSƒ‹ƒtƒ_ƒCƒWƒFƒXƒg,"”nêçŠóAîà–Ø—D“ŞAˆîŠ_“ß“ŞqAƒ‹[ƒL[3l‚ÌƒIƒt‚Ì—\’è‚Í? ""ƒ`[ƒ€‚í‚«‚ã‚¤""‚Íƒ`[ƒ€‚Å‚Í‚È‚­AŒÂ•Ê‚É‘“à‡h!?y“äƒLƒƒƒ‰ƒR[ƒ`w‚í‚«‚ã‚¤x‚Ì‹C‚É‚È‚é˜bò43z",https://news.yahoo.co.jp/articles/b225ebab72ac1ebed2478c480373b8ee9a374378,2/4(“ú) 7:31
minnagolf,‚İ‚ñ‚È‚ÌƒSƒ‹ƒtƒ_ƒCƒWƒFƒXƒg,“úí¶Šˆ‚É‚à–ğ—§‚Â! ”P“]·‚ğì‚éu‹¹Šsv‚ğ‚Ù‚®‚·ƒXƒgƒŒƒbƒ`–@yŒK–Øu”¿‚Ì‰õiŒ‚‚ğƒTƒ|[ƒg‚·‚éƒgƒŒ[ƒi[‚ª‹³‚¦‚éŠÈ’PƒgƒŒ[ƒjƒ“ƒOz,https://news.yahoo.co.jp/articles/17559f51ea2c790e18bedfda23554119f2e190dc,2/4(“ú) 6:30
minnagolf,‚İ‚ñ‚È‚ÌƒSƒ‹ƒtƒ_ƒCƒWƒFƒXƒg,ƒRƒƒi‰Ğ‘O‚æ‚è‚à·‹µ!? ƒ[ƒJ[’S“–Ò‚ª‚İ‚½¡”N‚ÌuPGAƒVƒ‡[v,https://news.yahoo.co.jp/articles/7cbdcc7734e43ee4d0ebd24179d46ac672d9b382,2/3(“y) 16:01
minnagolf,‚İ‚ñ‚È‚ÌƒSƒ‹ƒtƒ_ƒCƒWƒFƒXƒg,ƒxƒXƒgƒV[ƒYƒ“‚æ‚èug‚¦‚Ä‚¢‚é‚©v‚ª•‚‚«’¤‚è‚É‚È‚é!? “~ƒSƒ‹ƒt‚±‚»ˆÓ¯‚µ‚½‚¢uèñv‚Ì“®‚«y‰SÒ‚ğ’E‚µ‚½ƒSƒ‹ƒtƒ@[‚ªw100x‚ğØ‚é‚½‚ß‚ÌƒŒƒbƒXƒ“z,https://news.yahoo.co.jp/articles/11e3a2e98f52249d5cf8c399f9731b940137428f,2/3(“y) 12:05
minnagolf,‚İ‚ñ‚È‚ÌƒSƒ‹ƒtƒ_ƒCƒWƒFƒXƒg,“ú–{ƒSƒ‹ƒtÊ^‰Æ‹¦‰ï‚ª40ü”N‚ğ‹L”O‚µ‚½•ñ“¹Ê^“W‚ğ“Œ‹‚Æ‘åã‚ÅŠJÃ!,https://news.yahoo.co.jp/articles/67502a670cf576698d89c7f56a610a83e253e59a,2/3(“y) 11:30
minnagolf,‚İ‚ñ‚È‚ÌƒSƒ‹ƒtƒ_ƒCƒWƒFƒXƒg,ƒXƒ^[ƒg‘O‚Ì—ûK‚ÍƒJƒbƒvƒCƒ“‚æ‚è‹——£Š´‚ğd‹‚µ‚½‚Ù‚¤‚ª‚¢‚¢!? –{”Ô‚Ìƒpƒbƒg‚ª—Ç‚­‚È‚éAƒ^ƒbƒ`‚ğ‡‚í‚¹‚é—ûK–@‚ğ,https://news.yahoo.co.jp/articles/283c316884d4fd72f8c6c532e29416f84b8c179b,2/3(“y) 7:30
minnagolf,‚İ‚ñ‚È‚ÌƒSƒ‹ƒtƒ_ƒCƒWƒFƒXƒg,u–l‚Ì•Ší‚Íƒhƒ‰ƒCƒo[vƒ^ƒCƒgƒŠƒXƒgTSR2‚Å•½‹Ï317ƒ„[ƒh”ò‚Î‚·Aƒ‰ƒhƒrƒbƒOEƒAƒo[ƒO‚ÌÅVƒZƒbƒeƒBƒ“ƒO,https://news.yahoo.co.jp/articles/bef03972e81346494d6a544ea160f177e368ae0c,2/3(“y) 6:30
minnagolf,‚İ‚ñ‚È‚ÌƒSƒ‹ƒtƒ_ƒCƒWƒFƒXƒg,uG430 MAX 10Kv‚Í‘Å“_ƒYƒŒ‚É‹­‚­A“K“x‚ÈƒXƒsƒ“‚Å^‚Á‚·‚®”ò‚Ô! yƒKƒ`‘ÅŒv‘ªE“®‰æ‚ ‚èz,https://news.yahoo.co.jp/articles/2945e1ced5215c452115966397bd96f58ec929d8,2/2(‹à) 19:02
minnagolf,‚İ‚ñ‚È‚ÌƒSƒ‹ƒtƒ_ƒCƒWƒFƒXƒg,ƒXƒoƒ‹‚ÌuƒŒƒ”ƒH[ƒO ƒŒƒCƒoƒbƒNv‚Í‰œ‚³‚Ü‚Æ‚ÌƒSƒ‹ƒtƒf[ƒg‚ÉÅ“KI,https://news.yahoo.co.jp/articles/ba2f7466c106bdb4794e750a06d96241ad433792,2/2(‹à) 18:31
minnagolf,‚İ‚ñ‚È‚ÌƒSƒ‹ƒtƒ_ƒCƒWƒFƒXƒg,ƒvƒƒR[ƒ`‚ªPGAƒVƒ‡[‚ğƒŒƒ|[ƒg! Œ»’n‚ÅŠ´‚¶‚½AƒR[ƒ`‚âƒ[ƒJ[‚àˆç‚Ü‚ê‚éƒAƒƒŠƒJ‚ÌƒSƒ‹ƒt•¶‰»,https://news.yahoo.co.jp/articles/86c36929dcab169bc1fe75b0aa7932e3695dce01,2/2(‹à) 17:00
minnagolf,‚İ‚ñ‚È‚ÌƒSƒ‹ƒtƒ_ƒCƒWƒFƒXƒg,ƒSƒ‹ƒtê‚Ì‰‚Ì‰º‚Ì—Í‚¿!uƒOƒŠ[ƒ“ƒL[ƒp[v‚Á‚Ä‚Ç‚ñ‚Èd–?y–¾“úg‚¦‚éƒSƒ‹ƒt—pŒêz,https://news.yahoo.co.jp/articles/dfc3df2b623614e088ddceeb6e67014f6ae9e8d3,2/2(‹à) 12:30
minnagolf,‚İ‚ñ‚È‚ÌƒSƒ‹ƒtƒ_ƒCƒWƒFƒXƒg,33”N‚Ô‚èƒAƒ}—DŸ‚Å˜b‘è‚ÌƒjƒbƒNEƒ_ƒ“ƒ‰ƒbƒvBƒyƒuƒ‹ƒr[ƒ`‚Å‚Ìƒvƒƒfƒrƒ…[í‰“ú‚ÍÅ‰ºˆÊƒ^ƒC‚Ì‚Ù‚ë‹êƒXƒ^[ƒg‚É,https://news.yahoo.co.jp/articles/01a6e4ab65e2df44b29828002ce2a8644e847c03,2/2(‹à) 11:50
minnagolf,‚İ‚ñ‚È‚ÌƒSƒ‹ƒtƒ_ƒCƒWƒFƒXƒg,"PGMÎ‰ªGC‚Å¶‚Ü‚ê‚½""ƒNƒ‰ƒ`ƒƒƒ“•ÙŒìm""‚ªA‹£‹ZƒSƒ‹ƒt‚ÅŠw‚ñ‚¾u•ÙŒì‚Ìd–‚É’Ê‚¸‚éAã’B‚Ì”éŒv‚Æ‚Í",https://news.yahoo.co.jp/articles/7fccf75ad43abc4daaf9822a08c9dbd9f6aa877c,2/2(‹à) 11:30
minnagolf,‚İ‚ñ‚È‚ÌƒSƒ‹ƒtƒ_ƒCƒWƒFƒXƒg,‚ ‚Ìì“Şƒzƒeƒ‹‚ÅƒSƒ‹ƒt‘ÌŒ±‚à! u‘²‹Æ—·svƒvƒ‰ƒ“‚ğ”Ì”„,https://news.yahoo.co.jp/articles/0f906c31a66b5345decffeaddb8602d62d21829e,2/2(‹à) 7:30
minnagolf,‚İ‚ñ‚È‚ÌƒSƒ‹ƒtƒ_ƒCƒWƒFƒXƒg,¬j‚³‚­‚ç‚ÍŠC‚ª‹êè‚ÅƒTƒ‚à•|‚¢B‚È‚Ì‚É‚È‚º‚©Šy‚µ‚»‚¤‚ÉŒê‚éƒnƒƒC‚ÌgƒP[ƒWƒ_ƒCƒrƒ“ƒOh‘ÌŒ±,https://news.yahoo.co.jp/articles/1dec01c0fbcec7c5c2b8c4a5d6196b7587e3e8ab,2/2(‹à) 6:30
minnagolf,‚İ‚ñ‚È‚ÌƒSƒ‹ƒtƒ_ƒCƒWƒFƒXƒg,’r“c—E‘¾‚ª’ñ¥‚·‚é’jqƒcƒA[Ä”R‚ÌŒ®‚ÍH,https://news.yahoo.co.jp/articles/2ef85d3afc25fa99f3a8f3d83435983d21256755,2/1(–Ø) 21:18
minnagolf,‚İ‚ñ‚È‚ÌƒSƒ‹ƒtƒ_ƒCƒWƒFƒXƒg,”ò‚Î‚È‚¢‚¯‚Çğ”N2Ÿ! Â–Ø£—ß“Ş‚É•·‚­AƒNƒ‰ƒuƒZƒbƒeƒBƒ“ƒO‚Ì‹ÉˆÓ,https://news.yahoo.co.jp/articles/8b7e83be60b8fa25822b93a4dd6dd7e69025051b,2/1(–Ø) 18:30
minnagolf,‚İ‚ñ‚È‚ÌƒSƒ‹ƒtƒ_ƒCƒWƒFƒXƒg,"LIVƒSƒ‹ƒt‚Ì""ƒgƒbƒv""‚ª‘i×¹‘¿‚ÅPGAƒcƒA[‚Æ‚Ì“‡‚É’x‚êccBƒRƒ~ƒbƒVƒ‡ƒi[‚ÌJEƒ‚ƒiƒnƒ“‚ª‘Iè‚ÉŒğÂ‰„Šú‚ğ“`‚¦‚é",https://news.yahoo.co.jp/articles/eab1fcc6a4bbec1a0befe75fa388c5fde86d706f,2/1(–Ø) 18:30
minnagolf,‚İ‚ñ‚È‚ÌƒSƒ‹ƒtƒ_ƒCƒWƒFƒXƒg,‹ó‘O‚ÌƒCƒ“ƒhƒAƒSƒ‹ƒtƒXƒ^ƒWƒIƒu[ƒ€! ƒXƒ^ƒWƒI‘I‚Ñ‚Ìƒ`ƒFƒbƒNƒ|ƒCƒ“ƒg‚Í?,https://news.yahoo.co.jp/articles/92031f581631a313b853773137a2aeb4bf04a0ab,2/1(–Ø) 12:11
minnagolf,‚İ‚ñ‚È‚ÌƒSƒ‹ƒtƒ_ƒCƒWƒFƒXƒg,ƒRƒŠƒ“Eƒ‚ƒŠƒJƒ‚ÌƒR[ƒ`‚ª‘Iè‚©‚çˆø‚Á’£‚è‚¾‚±! •]‰¿‚ª‚‚¢uƒ`[ƒ€‚ÅƒR[ƒ`ƒ“ƒO‚ğs‚¤•ª‹ÆƒXƒ^ƒCƒ‹v‚ğ“ú–{‚à^—‚½‚Ù‚¤‚ª‚¢‚¢?y–ÚàVGŒ›EƒXƒEƒBƒ“ƒO3.0 ”11z,https://news.yahoo.co.jp/articles/50f0d65e82bc56d437482d83312e47b13629b92f,2/1(–Ø) 11:30
minnagolf,‚İ‚ñ‚È‚ÌƒSƒ‹ƒtƒ_ƒCƒWƒFƒXƒg,ƒXƒEƒBƒ“ƒO‚Ì²u”wœv‚Í‚È‚ºd—vH ²ƒuƒŒ‚¹‚¸‚ÉU‚é‚½‚ß‚ÌƒgƒŒ[ƒjƒ“ƒO–@‚ÍH ƒvƒ‚ªƒCƒ‰ƒXƒg‚ğŒğ‚¦‚Ä‰ğà,https://news.yahoo.co.jp/articles/5f8a300b2d8911003fd6c88e5794d0af4d2b6d5e,2/1(–Ø) 7:30
minnagolf,‚İ‚ñ‚È‚ÌƒSƒ‹ƒtƒ_ƒCƒWƒFƒXƒg,ã‹‰Ò‚ªˆÓ¯‚·‚éuƒXƒEƒBƒ“ƒO‚ÌƒŠƒYƒ€v‚Ì–{¿‚Æ‚Í!?yƒSƒ‹ƒtƒƒJƒjƒNƒXŒ¤‹†Š #7z,https://news.yahoo.co.jp/articles/a7e143afebc90f4517b72f731b63ab9ec4bd16fc,2/1(–Ø) 6:31
minnagolf,‚İ‚ñ‚È‚ÌƒSƒ‹ƒtƒ_ƒCƒWƒFƒXƒg,¢ŠEˆê”ò‚Î‚·’jAƒJƒCƒ‹Eƒo[ƒNƒVƒƒ[—ˆ“ú! ƒfƒ‚ƒ“ƒXƒgƒŒ[ƒVƒ‡ƒ“‚Å383Y‚ğ‹L˜^yƒRƒuƒ‰V»•i”­•\‰ïz,https://news.yahoo.co.jp/articles/6524b7dd684b0bfcd0eacd31e34bcc4f2d5834fc,1/31(…) 19:30
minnagolf,‚İ‚ñ‚È‚ÌƒSƒ‹ƒtƒ_ƒCƒWƒFƒXƒg,ƒSƒ‹ƒtƒ@[‚ÌŒ`¬‚ÍŠÂ‹«‚ÆƒNƒ‰ƒuŸ‘æ!? ƒvƒƒR[ƒ`‚ªPGAƒVƒ‡[‚És‚Á‚ÄŠ´‚¶‚½“ú•Ä‚Ìˆá‚¢,https://news.yahoo.co.jp/articles/92512d8155cb791b715d6e40c5192eab12cbca9e,1/31(…) 18:30
minnagolf,‚İ‚ñ‚È‚ÌƒSƒ‹ƒtƒ_ƒCƒWƒFƒXƒg,yƒSƒ‹ƒtƒ‹[ƒ‹ƒNƒCƒYzƒJƒCƒ‚Å‰·‚ß‚½ƒ{[ƒ‹‚ğ‘Å‚Æ‚¤‚Æ‚µ‚½‚çu¸Šiv‚ÆŒ¾‚í‚ê‚½B‚»‚ñ‚È‚Í‚¸‚È‚¢‚æ‚Ë?,https://news.yahoo.co.jp/articles/9e1222ba4e7783706c669fc34780d357b8d9db07,1/31(…) 12:30
minnagolf,‚İ‚ñ‚È‚ÌƒSƒ‹ƒtƒ_ƒCƒWƒFƒXƒg,ƒeƒCƒ‰[EƒXƒEƒBƒtƒg‚ªƒŒƒWƒFƒ“ƒhƒSƒ‹ƒtƒ@[ƒfƒUƒCƒ“‚ÌƒuƒŒƒXƒŒƒbƒg‚ğ’…—p!? l‹C‰Ì•P‚ÆƒSƒ‹ƒt‚ÌŠÖŒW‚ÍH,https://news.yahoo.co.jp/articles/096eb6e6c33e8179332b25fce9aae9563084a63e,1/31(…) 12:04
minnagolf,‚İ‚ñ‚È‚ÌƒSƒ‹ƒtƒ_ƒCƒWƒFƒXƒg,ˆË‘¶Ç‚©‚ç‚Ì•œŠˆ! ƒ\ƒj[ƒI[ƒvƒ“‚Å—DŸ‚ğü‚Á‚½ƒOƒŒƒCƒ\ƒ“Eƒ}ƒŒ[‚É’–Úy²“¡MlƒAƒCƒYz,https://news.yahoo.co.jp/articles/f9c2066f00cb5e281aa024fc36b1b948d741233e,1/31(…) 11:31
minnagolf,‚İ‚ñ‚È‚ÌƒSƒ‹ƒtƒ_ƒCƒWƒFƒXƒg,ƒSƒ‹ƒt‚ÌuƒLƒƒƒXƒeƒBƒ“ƒOv‚Á‚Ä‚È‚ÉH ‚È‚ºƒ_ƒ‚È‚ÌH ƒrƒMƒi[‚ªŠo‚¦‚Ä‚¨‚«‚½‚¢AŒ´ˆö‚Æ‰ü‘P–@,https://news.yahoo.co.jp/articles/efb516a0f052b26f65528dd4ecd4e229afd7f427,1/31(…) 7:31
minnagolf,‚İ‚ñ‚È‚ÌƒSƒ‹ƒtƒ_ƒCƒWƒFƒXƒg,‚¢‚Ü‚Ç‚«ƒAƒCƒAƒ“‚ÍgƒRƒ“ƒ{h‚ª“–‚½‚è‘O!? HS40m/s‘OŒãƒAƒxƒŒ[ƒW‚ÌƒRƒ“ƒ{ƒZƒbƒeƒBƒ“ƒO‚Í‚±‚±‚É’ˆÓ!yƒNƒ‰ƒu‘I‚Ñ‚ğƒN[ƒ‹‰ğà!z,https://news.yahoo.co.jp/articles/b669a09eceea248aa06fa17eaca065013eeca2c6,1/31(…) 6:31
minnagolf,‚İ‚ñ‚È‚ÌƒSƒ‹ƒtƒ_ƒCƒWƒFƒXƒg,QT15ˆÊ‚ÅoêŒ ‚ğ“¾‚½‘º“c—¹‚ªŒê‚ég–Ú•W‚Æ‰Û‘èhBu‘O”¼í‚Å‚¢‚©‚ÉŒ‹‰Ê‚ğc‚¹‚é‚©A1‡1‡AW’†‚µ‚Ä‚¢‚«‚½‚¢v,https://news.yahoo.co.jp/articles/337c1a52852de59c8ef3aaf3837d80164ef7b10d,1/30(‰Î) 18:31
minnagolf,‚İ‚ñ‚È‚ÌƒSƒ‹ƒtƒ_ƒCƒWƒFƒXƒg,‚ ‚ÌœA–ìƒSƒ‹ƒt‹äŠy•”‚ªŒšİ‹ÆŠE‚©‚çu“y–ØÜv‚ğóÜ! ƒSƒ‹ƒtê‚ª•\²‚³‚ê‚é‚Ì‚Í‘O‘ã–¢•·!? ‚»‚Ì‰õ‹“‚Ì——R‚Æ‚Í?,https://news.yahoo.co.jp/articles/83fde2ea063a1359b2b8e10d0799f6ff1bf97fcc,1/30(‰Î) 18:30
minnagolf,‚İ‚ñ‚È‚ÌƒSƒ‹ƒtƒ_ƒCƒWƒFƒXƒg,uèŒ³‚ğ‚Ç‚±‚Éã‚°‚é‚©vl‚¦‚é“_‚ÅŠÔˆá‚Á‚Ä‚é!? ³‚µ‚¢ƒoƒbƒNƒXƒEƒBƒ“ƒO‚ğ‚·‚é‚½‚ß‚Ìƒ|ƒCƒ“ƒg‚Æ‚ÍHyQã!@ƒSƒ‹ƒtƒ@[‰‰‡‘àz,https://news.yahoo.co.jp/articles/990ff4a71eaa885d4a984b5111032c6e049bae38,1/30(‰Î) 12:06
minnagolf,‚İ‚ñ‚È‚ÌƒSƒ‹ƒtƒ_ƒCƒWƒFƒXƒg,‘OE‚Í‘å“—Ì”­Ë–½—ß‚ÌuŠjƒ{ƒ^ƒ“‚ğ‰Ÿ‚·ŒWv! ¢ŠEˆêƒƒ“ƒ^ƒ‹‚Ì‹­‚¢PGAƒcƒA[‘Iè‚ª’a¶!?,https://news.yahoo.co.jp/articles/a8510a6a0133e2d98fab261bbe3dfee020cfdc1e,1/30(‰Î) 11:32
minnagolf,‚İ‚ñ‚È‚ÌƒSƒ‹ƒtƒ_ƒCƒWƒFƒXƒg,uƒJƒ‹ƒ`ƒƒ[‚ÆƒSƒ‹ƒt‚ğ—Z‡‚·‚évƒAƒfƒBƒ_ƒXƒSƒ‹ƒt‚Æƒ}ƒ‹ƒ{ƒ“ƒSƒ‹ƒt‚ª‰‚ÌƒRƒ‰ƒ{ƒŒ[ƒVƒ‡ƒ“! 1Œ30“ú‚É”—ÊE“X•ÜŒÀ’è‚Å”­”„!,https://news.yahoo.co.jp/articles/b50b04a6882c1500dcd237c9afe0791227bf1009,1/30(‰Î) 7:31
minnagolf,‚İ‚ñ‚È‚ÌƒSƒ‹ƒtƒ_ƒCƒWƒFƒXƒg,yì‘×‰Ê ƒCƒ“ƒ^ƒrƒ…[z©M‚Ì’·Šuƒhƒ‰ƒCƒo[‚Ì¸“xv‚ğ•Ší‚ÉuŠCŠOƒcƒA[‚Å‚Ì1Ÿv‚ª¡”N‚Ì–Ú•W,https://news.yahoo.co.jp/articles/0ad9824932f2a2111cf7641691ec6ee2cb509c42,1/30(‰Î) 6:32
minnagolf,‚İ‚ñ‚È‚ÌƒSƒ‹ƒtƒ_ƒCƒWƒFƒXƒg,ƒXƒEƒBƒ“ƒO‚Ì‘S‚Ä‚ª‹l‚Ü‚Á‚Ä‚¢‚é!? ƒNƒ‰ƒ`ƒƒƒ“‚ª‚â‚Á‚Ä‚¢‚éu1ƒ„[ƒhƒAƒvƒ[ƒ`v—ûK‚ÌŒø‰Ê‚Í‚¢‚©‚Ù‚Ç‚©AÀÛ‚É‚µ‚Ä‚İ‚½,https://news.yahoo.co.jp/articles/9ef36435783bb96ae2cb225400b0505307161c5f,1/29(Œ) 18:31
minnagolf,‚İ‚ñ‚È‚ÌƒSƒ‹ƒtƒ_ƒCƒWƒFƒXƒg,ˆéqCC‚ª’E’Y‘fĞ‰ï‚Ìˆê•‚É‚È‚é! ”­“d‚Å‚«‚éƒ\[ƒ‰[ƒJ[ƒ|[ƒg‚ğİ’uB—]è“d—Í‚Í’nˆæZ–¯‚É’ñ‹Ÿ‚à,https://news.yahoo.co.jp/articles/201d295197233ab81893e7fd1d9ece76c601b789,1/29(Œ) 18:30
minnagolf,‚İ‚ñ‚È‚ÌƒSƒ‹ƒtƒ_ƒCƒWƒFƒXƒg,ƒAƒ}ƒ`ƒ…ƒA‚É‚ ‚è‚ª‚¿‚Èˆ«‚¢ƒgƒbƒv‚ÌŒ`ƒxƒXƒg3uƒŠƒo[ƒXƒsƒ{ƒbƒgvu”P“]•s‘«vu–_—§‚¿vBC³‚·‚é‚É‚Íƒ}ƒLƒƒC‚ğƒ}ƒl‚·‚ê‚Î‚¢‚¢!?,https://news.yahoo.co.jp/articles/45f2b102bb4feaf9e0cd7e917b7f50697ab897a4,1/29(Œ) 11:33
minnagolf,‚İ‚ñ‚È‚ÌƒSƒ‹ƒtƒ_ƒCƒWƒFƒXƒg,ƒtƒ‰ƒ“ƒX¨‰‚ÌPGAƒcƒA[ƒ`ƒƒƒ“ƒsƒIƒ“’a¶I g—‚¿‚±‚Ú‚êhƒ}ƒVƒ…[Eƒpƒ{ƒ“‚ªƒpƒŠŒÜ—ÖƒCƒ„[‚É‰õ‹“’B¬,https://news.yahoo.co.jp/articles/3ce4d5099b7685acb63bd2e11648433056cba18d,1/29(Œ) 11:30
minnagolf,‚İ‚ñ‚È‚ÌƒSƒ‹ƒtƒ_ƒCƒWƒFƒXƒg,Š°—e«‚ÍŠ„‚èØ‚Á‚ÄA”ò‹——£«”\‚ğ‚Æ‚±‚Æ‚ñ’Ç‹Bë‚Á‚½«”\‚ª–£—Í‚ÌƒRƒuƒ‰uƒGƒAƒƒWƒFƒbƒg LS ƒhƒ‰ƒCƒo[vyƒwƒbƒhƒf[ƒ^•ªÍ‚Å”»–¾z,https://news.yahoo.co.jp/articles/d9326e14b818931d703d556c992da8dd57a4a238,1/29(Œ) 7:30
minnagolf,‚İ‚ñ‚È‚ÌƒSƒ‹ƒtƒ_ƒCƒWƒFƒXƒg,“~ƒSƒ‹ƒt‚Å‚Íƒhƒ‰ƒCƒrƒ“ƒOƒŒƒ“ƒW‚æ‚èƒAƒvƒ[ƒ`—ûKê‚ğ—Dæ‚·‚é!?@ƒXƒ^[ƒg‘O‚ÌŒø‰Ê“I‚ÈƒAƒvƒ[ƒ`—ûK‚Æ‚ÍH,https://news.yahoo.co.jp/articles/c77de03695b90d09d82ad405a6a398c521b36350,1/29(Œ) 6:30
minnagolf,‚İ‚ñ‚È‚ÌƒSƒ‹ƒtƒ_ƒCƒWƒFƒXƒg,ƒAƒƒŠƒJl‚Íƒ‰ƒEƒ“ƒh’†A‚¨ğ‚ğˆù‚İ‰ß‚¬!? ƒCƒMƒŠƒXl‚Í‚Ù‚Æ‚ñ‚Çˆù‚Ü‚È‚¢!? ¢ŠE‚ÌŒf¦”Â‚âƒTƒCƒg‚É‚ ‚Á‚½ƒSƒ‹ƒtƒ@[‚½‚¿‚Ìˆùğƒf[ƒ^,https://news.yahoo.co.jp/articles/effc3b8b61d21a4974704e68e6cbcde276f26c80,1/28(“ú) 12:05
minnagolf,‚İ‚ñ‚È‚ÌƒSƒ‹ƒtƒ_ƒCƒWƒFƒXƒg,ƒpƒ^[‚É•`‚©‚ê‚½uƒLƒƒƒ‰ƒNƒ^[v‚àƒ}ƒjƒA‚É‘ål‹C!? ƒLƒƒƒƒƒ“‚Ìˆ¤Œ¢‚àƒLƒƒƒ‰ƒfƒUƒCƒ“‚Ìƒ‚ƒ`[ƒt‚É,https://news.yahoo.co.jp/articles/d48480cfb390fe409fe0d4978065dc10c6f8a683,1/28(“ú) 11:30
minnagolf,‚İ‚ñ‚È‚ÌƒSƒ‹ƒtƒ_ƒCƒWƒFƒXƒg,g‚‘¬˜A‘±‘fU‚èh‚ÅÄŒ»«‚ÆƒwƒbƒhƒXƒs[ƒh‚ªƒAƒbƒv! y“äƒLƒƒƒ‰ƒR[ƒ`w‚í‚«‚ã‚¤x‚Ì‹C‚É‚È‚é˜b ò50z,https://news.yahoo.co.jp/articles/82432130c829b94a289ed3ddf3306cf2b43db4de,1/28(“ú) 7:30
minnagolf,‚İ‚ñ‚È‚ÌƒSƒ‹ƒtƒ_ƒCƒWƒFƒXƒg,ƒXƒEƒBƒ“ƒO’†‚Ì²ƒuƒŒ‚ğ–h‚®‚½‚ß‚É‚àd—v‚Èu‘Ì‘¤v‚ğŒø—¦‚æ‚­L‚Î‚·ƒXƒgƒŒƒbƒ`–@yŒK–Øu”¿‚Ì‰õiŒ‚‚ğƒTƒ|[ƒg‚·‚éƒgƒŒ[ƒi[‚ª‹³‚¦‚éŠÈ’PƒgƒŒ[ƒjƒ“ƒOz,https://news.yahoo.co.jp/articles/5f168a11dee87b1145aae87e795f56c8eee621fb,1/28(“ú) 6:30
minnagolf,‚İ‚ñ‚È‚ÌƒSƒ‹ƒtƒ_ƒCƒWƒFƒXƒg,y–¼è‚Ì–¼Œ¾zƒxƒ“Eƒz[ƒKƒ“uƒ~ƒXƒVƒ‡ƒbƒg‚Ì•Ù‰ğ‚ÍA‚ ‚È‚½‚Ì—F‚ğ‹ê‚µ‚ß‚é‚¾‚¯‚Å‚È‚­A©•ª‚ğ‚à•sK‚É‚·‚év,https://news.yahoo.co.jp/articles/02a478738157415eeb50b0380df28fe9b9bb0244,1/27(“y) 12:30
minnagolf,‚İ‚ñ‚È‚ÌƒSƒ‹ƒtƒ_ƒCƒWƒFƒXƒg,ƒR[ƒX©–‚Ì‚ ‚Á‚½‚©ƒ‰ƒ“ƒ`u’è”Ôƒƒjƒ…[vsVƒƒjƒ…[vB‚ ‚È‚½‚Í‚Ç‚Á‚¿”h?,https://news.yahoo.co.jp/articles/42709b46a2c145a907f2be4e8d593bd997bc98f1,1/27(“y) 12:05
minnagolf,‚İ‚ñ‚È‚ÌƒSƒ‹ƒtƒ_ƒCƒWƒFƒXƒg,’ZŠÔ‚ÅŒø‰Ê”²ŒQ! 1“ú3•ª‚ÌƒVƒƒƒh[ƒXƒEƒBƒ“ƒO‚ªƒXƒRƒA‚ğk‚ß‚éy“äƒLƒƒƒ‰ƒR[ƒ`w‚í‚«‚ã‚¤x‚Ì‹C‚É‚È‚é˜b ò49z,https://news.yahoo.co.jp/articles/3d1087af7f0269cfcd7ae9e1dc8331d5784345b1,1/27(“y) 11:30
minnagolf,‚İ‚ñ‚È‚ÌƒSƒ‹ƒtƒ_ƒCƒWƒFƒXƒg,uƒAƒvƒŠ‚ÅŠÇ—vu©ŒÈƒxƒXƒg‚¾‚¯•Û‘¶vƒXƒRƒAƒJ[ƒhA‚Ç‚¤‚µ‚Ä‚é? ˆê”ÊƒSƒ‹ƒtƒ@[‚â¯Ò‚É•·‚¢‚Ä‚İ‚½,https://news.yahoo.co.jp/articles/f42fb4563f4670be3b682805d36fdf8c914bffa9,1/27(“y) 7:30
minnagolf,‚İ‚ñ‚È‚ÌƒSƒ‹ƒtƒ_ƒCƒWƒFƒXƒg,ƒUƒ“ƒ_[EƒVƒƒƒEƒtƒFƒŒ‚ÌÅVƒZƒbƒeƒBƒ“ƒOBAiƒXƒ‚[ƒN‚Ì1W‚Æ3W‚ğ“Š“üBƒ{[ƒ‹‚Í–¢”­•\‚ÌƒNƒƒ€ ƒcƒA[,https://news.yahoo.co.jp/articles/d226a330bf632ed32b87f90e5341409447781752,1/27(“y) 6:30
minnagolf,‚İ‚ñ‚È‚ÌƒSƒ‹ƒtƒ_ƒCƒWƒFƒXƒg,wƒpƒ‰ƒ_ƒCƒ€ Ai ƒXƒ‚[ƒNx‚ÌV»•i”­•\ƒp[ƒeƒB[‚ÉÎì—É‚ª“oê! uƒgƒEŠñ‚è‚ÉŠO‚µ‚½ƒ~ƒX‚Å‚àƒhƒ[‰ñ“]‚Å‚µ‚Á‚©‚è–ß‚Á‚Ä‚­‚ê‚év,https://news.yahoo.co.jp/articles/bf864cd77cda015ebd37e451dcadaf2e418dd611,1/26(‹à) 19:33
minnagolf,‚İ‚ñ‚È‚ÌƒSƒ‹ƒtƒ_ƒCƒWƒFƒXƒg,ƒCƒ“ƒhƒAƒSƒ‹ƒtƒXƒN[ƒ‹‚ğ‘I‚Ô‚Æ‚«‚Ìƒ|ƒCƒ“ƒg‚Í? ƒSƒ‹ƒt‚Ìã’B‚â‘Å‚¿•ú‘è‚æ‚è—˜•Ö«!? ƒSƒ‹ƒtƒ@[‚½‚¿‚ÌĞŒğê‚Æ‚µ‚Ä‚Ì–£—Í‚àB2–œ6000l‚ÉƒAƒ“ƒP[ƒg‚ğÀ{,https://news.yahoo.co.jp/articles/ecf8ee59688b844aacec0b8acd93d37a8cfbbc36,1/26(‹à) 18:30
minnagolf,‚İ‚ñ‚È‚ÌƒSƒ‹ƒtƒ_ƒCƒWƒFƒXƒg,•Ä—qƒcƒA[‘æ2í‚ÉQí’†‚ÌˆîŒ©–G”JB¡T‚ÌƒRƒ“ƒfƒBƒVƒ‡ƒ“‚Í‚Ç‚¤H Œ»’n‚Ì–ö‹´Í“¿ƒR[ƒ`‚É•·‚¢‚Ä‚İ‚½,https://news.yahoo.co.jp/articles/38b0450c54bd1b1b964d085d256309e411d52582,1/26(‹à) 12:44
minnagolf,‚İ‚ñ‚È‚ÌƒSƒ‹ƒtƒ_ƒCƒWƒFƒXƒg,¼R‰p÷‚ÉƒCƒ“ƒ^ƒrƒ…[! –{l‚ªŒê‚éƒxƒXƒgƒXƒEƒBƒ“ƒOu–l‚Ì—‘z‚Í2014”N‚Å‚·v,https://news.yahoo.co.jp/articles/0d431b74d6e4857990bb5e6ddde08987c323596e,1/26(‹à) 11:34
minnagolf,‚İ‚ñ‚È‚ÌƒSƒ‹ƒtƒ_ƒCƒWƒFƒXƒg,¼R‰p÷PGAƒcƒA[‰‚ÌƒG[ƒXI •ÄƒƒfƒBƒA‚àuoê247‡‚ÅÅ‰‚Ìƒz[ƒ‹ƒCƒ“ƒƒ“‚ª”ò‚Ño‚µ‚½Iv‚Æ‹»•±,https://news.yahoo.co.jp/articles/fafcb86f131aa670d4488ca9424f3e31ab980824,1/26(‹à) 11:30
minnagolf,‚İ‚ñ‚È‚ÌƒSƒ‹ƒtƒ_ƒCƒWƒFƒXƒg,ƒp[3‚ÌƒeƒB[ƒVƒ‡ƒbƒgƒ}ƒlƒWƒƒ“ƒgBƒOƒŠ[ƒ“—¼ƒTƒCƒh‚É”z’u‚³‚ê‚½ƒoƒ“ƒJ[A¶‰E‚Ç‚¿‚ç‚ğ—Dæ‚µ‚Ä”ğ‚¯‚é‚×‚«Hy‰SÒ‚ğ’E‚µ‚½ƒSƒ‹ƒtƒ@[‚ªw100x‚ğØ‚é‚½‚ß‚ÌƒŒƒbƒXƒ“z,https://news.yahoo.co.jp/articles/a4bdcbaca4527af215f6de8c16f8f7d526ba98c5,1/26(‹à) 7:30
minnagolf,‚İ‚ñ‚È‚ÌƒSƒ‹ƒtƒ_ƒCƒWƒFƒXƒg,ƒzƒuƒ‰ƒ“AƒVƒƒƒEƒtƒFƒŒAƒ‚ƒŠƒJƒAƒXƒs[ƒXcƒgƒbƒv‘Iè‚ªWŒ‹‚·‚éƒVƒOƒlƒ`ƒƒ[ƒCƒxƒ“ƒgBPGAƒcƒA[‚Ån‚Ü‚Á‚½8‚Â‚Ìg¸Ši‡h,https://news.yahoo.co.jp/articles/5e1a553ed701e3f47673f65b1030b0a9ed02a298,1/26(‹à) 6:31
minnagolf,‚İ‚ñ‚È‚ÌƒSƒ‹ƒtƒ_ƒCƒWƒFƒXƒg,Œ´‰pä»‰Ô‚ÌgOŠ´h‚ğ–‚½‚·ƒSƒ‹ƒtƒ{[ƒ‹! ƒuƒŠƒaƒXƒgƒ“‚ªVƒ{[ƒ‹wƒcƒA[B XxAwƒcƒA[B XSx‚ğ”­•\,https://news.yahoo.co.jp/articles/16ea268c75dd714a38374ec6a1ad40c156c24fd6,1/25(–Ø) 19:06
minnagolf,‚İ‚ñ‚È‚ÌƒSƒ‹ƒtƒ_ƒCƒWƒFƒXƒg,’–Ú‚Ìƒ‹[ƒL[A”nêçŠó‚ªŒê‚é¡Œã‚Ì“W–]u–ˆ”N‹­‚­‚È‚Á‚Ä‚¢‚­”nêçŠó‚ğŒ©‚¹‚½‚¢!v,https://news.yahoo.co.jp/articles/8b63d6db6bd08fb268746d21656d2760ced44f52,1/25(–Ø) 19:06
minnagolf,‚İ‚ñ‚È‚ÌƒSƒ‹ƒtƒ_ƒCƒWƒFƒXƒg,ƒnƒƒC‚ğƒRƒ“ƒZƒvƒg‚É‚µ‚½ƒJƒtƒF‚ªÃ“ìµ—¢ƒ–•l‚ÉƒSƒ‹ƒt—ûKê‚ğ¡tŠJê! V‹@²‚Ì—ûKê‚ÍáÒ‚Ìl‹CƒXƒ|ƒbƒg‚É‚È‚é‚©?,https://news.yahoo.co.jp/articles/84adce2c6165ba0586476c27a272fbf6e3bb2ae0,1/25(–Ø) 12:05
minnagolf,‚İ‚ñ‚È‚ÌƒSƒ‹ƒtƒ_ƒCƒWƒFƒXƒg,”ò‚Î‚·‘Iè‚Ì“®‚«‚Í¡‚àÌ‚àhƒVƒbƒgƒ_ƒEƒ“h!? ƒ\ƒj[ƒI[ƒvƒ“ƒEƒHƒbƒ`ƒƒ[‚Ìƒxƒeƒ‰ƒ“ƒvƒ‚ª‰ğà,https://news.yahoo.co.jp/articles/293a30927708f843406e9eb57b6afaafea8d48e8,1/25(–Ø) 11:31
minnagolf,‚İ‚ñ‚È‚ÌƒSƒ‹ƒtƒ_ƒCƒWƒFƒXƒg,ƒoƒbƒNƒXƒEƒBƒ“ƒO‚Å‘Ì‚Ì‹N‚«ã‚ª‚è‚ğ–h‚®ƒRƒc‚Íu• ‹Ø‚ğ‚µ‚Á‚©‚è’÷‚ß‚év‚±‚ÆI ƒvƒ‚ªƒCƒ‰ƒXƒg‚ğŒğ‚¦‚Ä‰ğà,https://news.yahoo.co.jp/articles/b2a03ad849650d213d17b1acf73ad94a2ef4171c,1/25(–Ø) 7:31
minnagolf,‚İ‚ñ‚È‚ÌƒSƒ‹ƒtƒ_ƒCƒWƒFƒXƒg,V¯EƒjƒbƒNEƒ_ƒ“ƒ‰ƒbƒv‚ÉŒ©‚éƒXƒEƒBƒ“ƒO‚ÌƒgƒŒƒ“ƒhB‚à‚Á‚Æ‚à’n–Ê”½—Í‚ğŠˆ‚©‚¹‚é‚Ì‚Íƒ_ƒEƒ“‚Åu¶‹r‚Éæ‚év‚Å‚Í‚È‚­u¶‹r‚ğƒ{[ƒ‹•ûŒü‚ÉR‚évyƒSƒ‹ƒtƒƒJƒjƒNƒXŒ¤‹†Š #6z,https://news.yahoo.co.jp/articles/773c0fe30a477fbe57bc34680be8e93ae8c158f8,1/25(–Ø) 6:30
minnagolf,‚İ‚ñ‚È‚ÌƒSƒ‹ƒtƒ_ƒCƒWƒFƒXƒg,ƒeƒB[ƒVƒ‡ƒbƒg‚âƒpƒbƒeƒBƒ“ƒO‚Åƒ^[ƒQƒbƒg‚ª‘_‚¢‚â‚·‚­‚È‚é! hü‚â•¿“ü‚èƒ{[ƒ‹h‚Ì‘I‚Ñ•ûAg‚¢•ûB¬Œ÷—¦‚ªã‚ª‚éuƒAƒ‰ƒCƒƒ“ƒgƒ{[ƒ‹v‚Ì‡‚í‚¹•û‚àĞ‰î,https://news.yahoo.co.jp/articles/21444c6436771ffa67329cb21095eb516cb4c5a2,1/24(…) 19:03
minnagolf,‚İ‚ñ‚È‚ÌƒSƒ‹ƒtƒ_ƒCƒWƒFƒXƒg,ƒ^ƒCƒgƒŠƒXƒg‚ÌÅVƒEƒFƒbƒWƒtƒBƒbƒeƒBƒ“ƒO‚ğ‘ÌŒ±! ”¼’[‚È‚¢¸“x‚ÌƒAƒvƒŠ‚Åƒ{ƒuEƒ{[ƒPƒC‚ªƒtƒBƒbƒeƒBƒ“ƒO‚µ‚½‚Ì‚Æ“¯‚¶Œ‹‰Ê‚É,https://news.yahoo.co.jp/articles/e4b472df725644a4c5da6459cdcaa2ceed9d412b,1/24(…) 18:30
minnagolf,‚İ‚ñ‚È‚ÌƒSƒ‹ƒtƒ_ƒCƒWƒFƒXƒg,¼‹½^‰›‚Ì•Äƒfƒrƒ…[íuLPGAƒhƒ‰ƒCƒuƒIƒ“‘IèŒ v‚Éoê‚·‚é”ülƒvƒ‚É‘Šø‚ª‚È‚¢!? Œo—ğ‚Æ——R‚ğ’T‚Á‚½,https://news.yahoo.co.jp/articles/f40a42c1f80c1d1df3c3bcc5446e6b4db80289c1,1/24(…) 13:38
minnagolf,‚İ‚ñ‚È‚ÌƒSƒ‹ƒtƒ_ƒCƒWƒFƒXƒg,yƒSƒ‹ƒtƒ‹[ƒ‹ƒNƒCƒYz‘Å‚Á‚½‹…‚ªƒeƒB[ƒCƒ“ƒOƒGƒŠƒA“à‚É~‚Ü‚Á‚½!@‚à‚¤ˆê“xƒeƒB[ƒAƒbƒv‚µ‚Ä‘Å‚Â‚Ì‚Íƒ_ƒ?,https://news.yahoo.co.jp/articles/6cc37214f7e1c24eeafff381c0feaf647c91e039,1/24(…) 12:31
minnagolf,‚İ‚ñ‚È‚ÌƒSƒ‹ƒtƒ_ƒCƒWƒFƒXƒg,ƒXƒ|[ƒcƒxƒbƒ^[‚ªƒAƒ}ƒ`ƒ…ƒAV‚ÌƒjƒbƒNEƒ_ƒ“ƒ‰ƒbƒv‚É“q‚¯‚Ä15–œƒhƒ‹‚ğŠl“¾I ‘¼‚É‚à‚ ‚Á‚½“q‚¯‚É‚Ü‚Â‚í‚é‚¨˜b,https://news.yahoo.co.jp/articles/c7b548b8c991e96928736d15477c5a06f517fe97,1/24(…) 11:32
minnagolf,‚İ‚ñ‚È‚ÌƒSƒ‹ƒtƒ_ƒCƒWƒFƒXƒg,"23”NÜ‹à‰¤E’†“‡Œ[‘¾‚Ì‹­‚³‚Ì”é–§‚Æ""lŠÔ—Í""Buƒvƒ‚ğ–Úw‚·q‚Ç‚à‚½‚¿‚Ìƒ[ƒ‹ƒ‚ƒfƒ‹‚É‚È‚év«—ˆ«‚ğŒê‚éy²“¡MlƒAƒCƒYz",https://news.yahoo.co.jp/articles/8e4b406a8697d1d75d897811345cd1da7d02c319,1/24(…) 11:32
minnagolf,‚İ‚ñ‚È‚ÌƒSƒ‹ƒtƒ_ƒCƒWƒFƒXƒg,u“~ƒSƒ‹ƒtv‚ÍƒrƒMƒi[‚ÌƒR[ƒXƒfƒrƒ…[‚ÉƒIƒXƒXƒ!? ‚¢‚Á‚½‚¢‚È‚ºH,https://news.yahoo.co.jp/articles/282efc164db1acf85e3707e6ceb54dd8ff1aa0b4,1/24(…) 7:31
minnagolf,‚İ‚ñ‚È‚ÌƒSƒ‹ƒtƒ_ƒCƒWƒFƒXƒg,gŠOƒuƒ‰ŒäO‰Æh‚ÌVìƒhƒ‰ƒCƒo[BHS40m/s‘OŒã‚ÌƒAƒxƒŒ[ƒWƒSƒ‹ƒtƒ@[‚ª‘Å‚¿‚â‚·‚¢‚Ì‚ÍuQi10vAuG430MAX 10KvAuƒpƒ‰ƒ_ƒCƒ€AiƒXƒ‚[ƒNv‚Ì‚Ç‚êHyƒNƒ‰ƒu‘I‚Ñ‚ğƒN[ƒ‹‰ğà!z,https://news.yahoo.co.jp/articles/f7e071cf9371bfd741ff313dee2e8d082fbf4670,1/24(…) 6:31
minnagolf,‚İ‚ñ‚È‚ÌƒSƒ‹ƒtƒ_ƒCƒWƒFƒXƒg,Šâˆä–¾ˆ¤Eç—åo–…‚àƒTƒvƒ‰ƒCƒYƒQƒXƒg‚Å“oê! ‘æ40‰ñƒSƒ‹ƒtƒ_ƒCƒWƒFƒXƒgƒAƒ[ƒhöÜ®ƒŒƒ|[ƒg,https://news.yahoo.co.jp/articles/9cfed3abc3d1cf9461e14a69b80a6237d562e68d,1/23(‰Î) 19:00
minnagolf,‚İ‚ñ‚È‚ÌƒSƒ‹ƒtƒ_ƒCƒWƒFƒXƒg,PXGwBlack Opsx‚ÌƒRƒ“ƒZƒvƒg‚Íu”ò‹——£‚ğ‹]µ‚É‚µ‚È‚¢‚‚¢Š°—e«vBŠJ”­Ò‚É’¼Œ‚ƒCƒ“ƒ^ƒrƒ…[I,https://news.yahoo.co.jp/articles/97bb9b6dee75325b61488917e991e33e5862f8d5,1/23(‰Î) 18:30
minnagolf,‚İ‚ñ‚È‚ÌƒSƒ‹ƒtƒ_ƒCƒWƒFƒXƒg,ƒ^ƒCƒgƒŠƒXƒg‚Ìƒjƒ…[ƒEƒFƒbƒWuƒ{[ƒPƒCSM10v‚ğÅ‘¬‘ÅI \‚¦‚â‚·‚­AƒXƒsƒ“«”\‚ªŒüã,https://news.yahoo.co.jp/articles/0092772cc62928b898dbdb67538af715dae9d4a5,1/23(‰Î) 12:30
minnagolf,‚İ‚ñ‚È‚ÌƒSƒ‹ƒtƒ_ƒCƒWƒFƒXƒg,uƒpƒ‰ƒ_ƒCƒ€ Ai ƒXƒ‚[ƒN MAXv‚ÆuQi10 MAXv‚ğ“¯ˆêƒVƒƒƒtƒg‚Å‘Å! ƒwƒbƒh“Á«‚ğ”äŠr‚µ‚Ä‚İ‚½ yMyƒSƒ‹ƒtƒ_ƒCƒWƒFƒXƒgz,https://news.yahoo.co.jp/articles/eef21962b8440ab1129d905c9a342cd93b3955d7,1/23(‰Î) 12:01
minnagolf,‚İ‚ñ‚È‚ÌƒSƒ‹ƒtƒ_ƒCƒWƒFƒXƒg,ƒSƒ‹ƒtƒ@[‚É‚Æ‚Á‚Äg”ˆ«‚ÌªŒ¹h!?@‰º‚ğŒü‚«‚·‚¬‚éu‘O‚Ì‚ß‚èƒAƒhƒŒƒXv‚É‹C‚ğ•t‚¯‚æ‚¤!yQã!@ƒSƒ‹ƒtƒ@[‰‰‡‘àz,https://news.yahoo.co.jp/articles/9b9c8a4ec7fb3d2c8db39c291663565816b5fe64,1/23(‰Î) 11:30
minnagolf,‚İ‚ñ‚È‚ÌƒSƒ‹ƒtƒ_ƒCƒWƒFƒXƒg,"uƒsƒ“ƒpƒ^[v‚Ì""Œ´“_""‚ğ“ú–{‚Å”­Œ©! PING‚Ì‘n‹ÆÒ‚ªèì‚è‚µ‚½gƒŒƒbƒhƒEƒbƒhƒVƒeƒBh‚Í1500–œ‰~’´‚Åæˆø‚³‚ê‚½!?",https://news.yahoo.co.jp/articles/91206cf9e952bdd796a72cba19a5b94622541663,1/23(‰Î) 7:30
minnagolf,‚İ‚ñ‚È‚ÌƒSƒ‹ƒtƒ_ƒCƒWƒFƒXƒg,u‚Ü‚½“o‚è‚½‚¢R‚ª‚ ‚évƒvƒ16”N–Ú‚ÌÎì—É‚É“ÆèƒCƒ“ƒ^ƒrƒ…[!,https://news.yahoo.co.jp/articles/8ef22f6207985c7ecf42983592d459f052a524c7,1/23(‰Î) 6:31
minnagolf,‚İ‚ñ‚È‚ÌƒSƒ‹ƒtƒ_ƒCƒWƒFƒXƒg,ƒ^ƒCƒgƒŠƒXƒgwƒvƒV1xƒtƒ@ƒ~ƒŠ[‚Ég‘ÅŠ´‚µ‚Á‚©‚èh‚Ìƒ{[ƒ‹wƒvƒV1x ƒŒƒtƒgƒ_ƒbƒVƒ…x“oêI,https://news.yahoo.co.jp/articles/cf1e4be2097c94d130e544994d6a1a7b39f6a6fe,1/22(Œ) 19:11
minnagolf,‚İ‚ñ‚È‚ÌƒSƒ‹ƒtƒ_ƒCƒWƒFƒXƒg,8”N˜A‘±ƒtƒFƒAƒEƒFƒCƒL[ƒv—¦1ˆÊI ˆîX—C‹Mƒvƒ‚ª‚â‚Á‚Ä‚¢‚éuƒhƒ‰ƒCƒo[‚Å‹È‚°‚È‚¢ƒVƒ‡ƒbƒg‚ğ‘Å‚Â”éŒv‚ğAÀÛ‚É‚µ‚Ä‚İ‚½,https://news.yahoo.co.jp/articles/40ae859b993d36fc7ed527a3a7f04e2129928e2f,1/22(Œ) 18:30
minnagolf,‚İ‚ñ‚È‚ÌƒSƒ‹ƒtƒ_ƒCƒWƒFƒXƒg,y–¼è‚Ì–¼Œ¾zƒtƒ@ƒW[Eƒ[ƒ‰[uHappy-go-lucky!v,https://news.yahoo.co.jp/articles/dc16d3524196f91f8420181aaa8dcc97d9aff393,1/22(Œ) 12:30
minnagolf,‚İ‚ñ‚È‚ÌƒSƒ‹ƒtƒ_ƒCƒWƒFƒXƒg,uƒ[ƒNƒVƒI13v‚Í‚Â‚©‚Ü‚Á‚½‚’e“¹‚ª‘Å‚¿‚â‚·‚¢! yƒwƒbƒhƒf[ƒ^•ªÍ‚Å”»–¾z,https://news.yahoo.co.jp/articles/155abbf57cee96ead7ed88fdc089e88f5c6968d8,1/22(Œ) 12:18
minnagolf,‚İ‚ñ‚È‚ÌƒSƒ‹ƒtƒ_ƒCƒWƒFƒXƒg,1Œ22“ú‚ÍƒJƒŒ[‚Ì“ú! ‚Ü‚½‰ñ‚è‚½‚­‚È‚éƒR[ƒX‚É‚ÍA‚Ü‚½H‚×‚½‚­‚È‚éƒJƒŒ[‚ª‚ ‚éy–Â”öGCE•xmCCz,https://news.yahoo.co.jp/articles/ba722a9ef2f233a0b0243060e36e132781ec2305,1/22(Œ) 11:33
minnagolf,‚İ‚ñ‚È‚ÌƒSƒ‹ƒtƒ_ƒCƒWƒFƒXƒg,ƒ~ƒPƒ‹ƒ\ƒ“ˆÈ—ˆ33”N‚Ô‚èI PGAƒcƒA[‚ÅƒAƒ}ƒ`ƒ…ƒA—DŸ‚ÌƒjƒbƒNEƒ_ƒ“ƒ‰ƒbƒvBV‘ˆ‚¢‚ÌJEƒg[ƒ}ƒX‚à”F‚ß‚é‚»‚ÌÀ—Í,https://news.yahoo.co.jp/articles/7359f7caab42d1892aac874a9362e8a3b8c41e7b,1/22(Œ) 11:30
minnagolf,‚İ‚ñ‚È‚ÌƒSƒ‹ƒtƒ_ƒCƒWƒFƒXƒg,u©•ª‚É‚Íg‚¢‚±‚È‚¹‚È‚¢v‚Æv‚Á‚Ä‚¢‚½ƒ{[ƒ‹‚ªAˆÓŠO‚É‚à‚Ò‚Á‚½‚èƒnƒ}‚é‚±‚Æ‚ª‚ ‚é!?@ƒ{[ƒ‹‚Ì‘I‚Ñ•û‚ğ‰ü‚ß‚ÄƒtƒBƒbƒ^[‚Æl@,https://news.yahoo.co.jp/articles/4d2a29df0c41e65a18e3f3d322754c1b4b3a1377,1/22(Œ) 6:30
minnagolf,‚İ‚ñ‚È‚ÌƒSƒ‹ƒtƒ_ƒCƒWƒFƒXƒg,"ƒ~ƒYƒm‚Æ‚Ì’ñŒg‚Å¶‚Ü‚ê‚½""ƒNƒ‰ƒVƒJƒ‹‚È•ƒuƒŒ[ƒh""B’†ŒÃsê‚Åè‚É‚µ‚½‚¢MƒVƒŠ[ƒYyƒLƒƒƒƒƒ“ƒ}ƒjƒAéŒ¾z",https://news.yahoo.co.jp/articles/9b9b67401282e690047723e82f5c6bc674298821,1/21(“ú) 11:30
minnagolf,‚İ‚ñ‚È‚ÌƒSƒ‹ƒtƒ_ƒCƒWƒFƒXƒg,ƒp[4‚Ì‰EƒhƒbƒOƒŒƒbƒOƒz[ƒ‹A‰E‚É‚Í×–‚‚È–ØA¶‚É‚ÍOBcc‚Ç‚¤ƒeƒB[ƒVƒ‡ƒbƒg‚ğ‘Å‚Â‚Ì‚ª³‰ğHy‰SÒ‚ğ’E‚µ‚½ƒSƒ‹ƒtƒ@[‚ªw100x‚ğØ‚é‚½‚ß‚ÌƒŒƒbƒXƒ“z,https://news.yahoo.co.jp/articles/cc57da77b3d846c6ceaaf8defac224b9dde5e58e,1/21(“ú) 7:30
minnagolf,‚İ‚ñ‚È‚ÌƒSƒ‹ƒtƒ_ƒCƒWƒFƒXƒg,ƒe[ƒNƒoƒbƒN‚©‚çƒtƒHƒ[‚Ü‚ÅAƒXƒEƒBƒ“ƒO‚ğx‚¦‚éd—v‚È‹Ø“÷u‘å“a‹Øv‚Ì‚¨‚·‚·‚ßƒXƒgƒŒƒbƒ`yŒK–Øu”¿‚Ì‰õiŒ‚‚ğƒTƒ|[ƒg‚·‚éƒgƒŒ[ƒi[‚ª‹³‚¦‚éŠÈ’PƒXƒgƒŒƒbƒ`z,https://news.yahoo.co.jp/articles/205a5a8a7e58679c6497b2ed7db0ae75f6399e44,1/21(“ú) 6:30
minnagolf,‚İ‚ñ‚È‚ÌƒSƒ‹ƒtƒ_ƒCƒWƒFƒXƒg,Â–Ø£—ß“Ş‚ÌƒIƒtƒgƒŒ‡h‚Éö“ü! ƒgƒXƒoƒbƒeƒBƒ“ƒO‚Åƒpƒ[ƒAƒbƒv!?,https://news.yahoo.co.jp/articles/13f83d8851df5ebc77dcffbdac3122997d4a287e,1/20(“y) 17:30
minnagolf,‚İ‚ñ‚È‚ÌƒSƒ‹ƒtƒ_ƒCƒWƒFƒXƒg,1ˆÊ‚Ìƒ}ƒbƒNƒXEƒz[ƒ}‚Í477Y‚ÅPGAƒcƒA[‹L˜^‚ğXV! ƒUEƒZƒ“ƒgƒŠ[uÅ’·”ò‹——£vƒgƒbƒv10yƒSƒ‹ƒt‚È‚ñ‚Å‚àƒ‰ƒ“ƒLƒ“ƒOz,https://news.yahoo.co.jp/articles/3e4ec230524edeba893e3ddf6612a3c711f3d09e,1/20(“y) 12:30
minnagolf,‚İ‚ñ‚È‚ÌƒSƒ‹ƒtƒ_ƒCƒWƒFƒXƒg,‘“à‚Ì2‘å‹“ªAˆäã½ˆê‚Æã“c¡! ‚»‚µ‚Ä’m‚él‚¼’m‚éİŒv‰Æ‚Æ–¼ƒR[ƒX‚ğU‚è•Ô‚éyƒR[ƒXİŒv‰ÆEŒã•Òz,https://news.yahoo.co.jp/articles/d1ee09f46e2ee24cc6b9150c29e3d66844989761,1/20(“y) 11:31
minnagolf,‚İ‚ñ‚È‚ÌƒSƒ‹ƒtƒ_ƒCƒWƒFƒXƒg,•ƒƒ^ƒCƒK[‚ğ’´‚¦‚½!? 355Y‚ğƒƒ“ƒIƒ“‚·‚éƒ`ƒƒ[ƒŠ[EƒEƒbƒY‚ÌÅVƒXƒEƒBƒ“ƒO‚ğ“O’ê‰ğàI,https://news.yahoo.co.jp/articles/a50425c6f570534c38cb33f423efb56e5f7d013b,1/20(“y) 7:30
minnagolf,‚İ‚ñ‚È‚ÌƒSƒ‹ƒtƒ_ƒCƒWƒFƒXƒg,¬j‚³‚­‚ç‚ÌÅVƒZƒbƒeƒBƒ“ƒOB’–Ú‚ÍƒlƒbƒN’²®‹@”\‚ª•t‚¢‚½ƒcƒA[ƒvƒƒg3W,https://news.yahoo.co.jp/articles/ce953ec38cb5ef8e1805e56fcbd51682c186c49d,1/20(“y) 6:31
minnagolf,‚İ‚ñ‚È‚ÌƒSƒ‹ƒtƒ_ƒCƒWƒFƒXƒg,“ú–{‚ÉƒSƒ‹ƒt‚ª‚ ‚é‚Ì‚Í‚±‚Ì4l‚Ì‚¨‚©‚°!? ƒAƒŠƒ\ƒ“A‘å’JŒõ–¾AÔ¯ŒZ’í‚ªİŒv‚µ‚½ƒSƒ‹ƒt‘‘nŠú‚Ì–¼ƒR[ƒX‚ğU‚è•Ô‚éyƒR[ƒXİŒv‰ÆE‘O•Òz,https://news.yahoo.co.jp/articles/e9ea0dbd992759bddbb57744552a9fee495142e7,1/19(‹à) 18:30
minnagolf,‚İ‚ñ‚È‚ÌƒSƒ‹ƒtƒ_ƒCƒWƒFƒXƒg,"""9ƒz[ƒ‹ƒvƒŒ[""‚ªƒCƒMƒŠƒX‚Åƒu[ƒ€!? “ú–{‚Å‚à—\–ñŠJn30•ª‚Å—\–ñ‚ª–„‚Ü‚él‹C‚Ì9ƒz[ƒ‹ƒR[ƒX‚à",https://news.yahoo.co.jp/articles/5eaa1c87fdf34760aef51e5d4e937395ec0413c2,1/19(‹à) 12:08
minnagolf,‚İ‚ñ‚È‚ÌƒSƒ‹ƒtƒ_ƒCƒWƒFƒXƒg,ƒAƒ_ƒ€EƒXƒRƒbƒg‚ÌŒúˆÓ‚É‰‚¦‚½ƒ~ƒ“ƒE[EƒŠ[BƒI[ƒW[‚ÌãJ‚ğ[‚ß‚½‚¿‚å‚Á‚Æ‚¢‚¢˜b,https://news.yahoo.co.jp/articles/4400ead7748354f979518214ded5078830509982,1/19(‹à) 11:30
minnagolf,‚İ‚ñ‚È‚ÌƒSƒ‹ƒtƒ_ƒCƒWƒFƒXƒg,ŒÃ]Ê‰À‚ª•Ä—qƒcƒA[ŠJ–‹í‚Å’P“ÆñˆÊƒXƒ^[ƒgI ‚»‚Ìè‚É‚ÍƒuƒŠƒaƒXƒgƒ“‚ÌVƒhƒ‰ƒCƒo[‚ª!?,https://news.yahoo.co.jp/articles/b7730c42bb50bb5a024ba8286bfc1e929bf74db9,1/19(‹à) 11:19
minnagolf,‚İ‚ñ‚È‚ÌƒSƒ‹ƒtƒ_ƒCƒWƒFƒXƒg,wƒpƒ‰ƒ_ƒCƒ€ Ai ƒXƒ‚[ƒNx‚àwQi10x‚àƒVƒŠ[ƒY“à‚Åˆá‚¢‚ª–¾Šm! ŒŠ§GD•ÒW’·‚àQí‚µ‚½g2024”NÅVƒhƒ‰ƒCƒo[‘åŒ¤‹†h,https://news.yahoo.co.jp/articles/5d71954fca4a6bfa9c765460a3d42a47fbb6a6a4,1/19(‹à) 7:30
minnagolf,‚İ‚ñ‚È‚ÌƒSƒ‹ƒtƒ_ƒCƒWƒFƒXƒg,¬j‚³‚­‚ç‚ªŒê‚ég©g‚Ì–²h‚ÆgƒIƒt‚Ì‰ß‚²‚µ•ûh u‚¢‚Â‚©ˆùH“X‚ğ‚â‚Á‚Ä‚İ‚½‚¢v,https://news.yahoo.co.jp/articles/d597a4723642b60ac385514b9f091e05ad50057c,1/19(‹à) 6:10
minnagolf,‚İ‚ñ‚È‚ÌƒSƒ‹ƒtƒ_ƒCƒWƒFƒXƒg,“ú–{ƒ~ƒbƒhƒAƒ}3˜A”e‚Ì–L“‡–L‚³‚ñ‚ÍƒXƒeƒ‹ƒX ƒOƒ[ƒŒ‚È‚Çh‚â‚³‚µ‚¢ƒwƒbƒhh‚ÅƒXƒRƒA‚ğì‚é,https://news.yahoo.co.jp/articles/b2d7aeec0abae683ac22a539b1a42810cab2043b,1/18(–Ø) 18:30
minnagolf,‚İ‚ñ‚È‚ÌƒSƒ‹ƒtƒ_ƒCƒWƒFƒXƒg,"u”ò‚Î‚È‚­‚È‚é‚Ì‚ÍŠ¨•Ù‚µ‚Ä‚Ù‚µ‚¢v""ƒ{[ƒ‹‹K§“±“ü""‚ÉØÀ‚Èº‚ª‘±X! ^¬‚ÌˆÓŒ©‚Í­”!?",https://news.yahoo.co.jp/articles/6c60eed3bd3bea7163066d5ff649f2fb92d1c8a2,1/18(–Ø) 12:06
minnagolf,‚İ‚ñ‚È‚ÌƒSƒ‹ƒtƒ_ƒCƒWƒFƒXƒg,”\“o”¼“‡’nk‚ÉƒSƒ‹ƒtŠE‚©‚ç‘½‚­‚Ìx‰‡‚Ìè! Îìog‚ÌìŠİ—ÇŒ“‚ªƒzƒXƒg‚Åu•œ‹»x‰‡ƒ`ƒƒƒŠƒeƒBƒvƒƒAƒ}ƒSƒ‹ƒt‰ïv2/12ŠJÃ,https://news.yahoo.co.jp/articles/b247f038ea4c42d64337c78d5c829fc68eb2ab73,1/18(–Ø) 11:35
minnagolf,‚İ‚ñ‚È‚ÌƒSƒ‹ƒtƒ_ƒCƒWƒFƒXƒg,‚ ‚¨‚è‘Å‚¿EU‚è’x‚ê‚ÌŒ´ˆö‚ÍƒRƒŒ‚©‚àH ƒXƒEƒBƒ“ƒO’†‚Ì³‚µ‚¢u¶•Iv‚Ì“®‚©‚µ•ûA‰ü‘P‚Ì‚½‚ß‚Ì—ûKƒhƒŠƒ‹‚ğƒvƒ‚ªƒCƒ‰ƒXƒg‚ğŒğ‚¦‚Ä‰ğà,https://news.yahoo.co.jp/articles/f2f2a0def29952e592072efdf187830c58910007,1/18(–Ø) 7:30
minnagolf,‚İ‚ñ‚È‚ÌƒSƒ‹ƒtƒ_ƒCƒWƒFƒXƒg,uƒ|ƒXƒg¼Rv‚Ì‹ví—ÁAì‘×‰Ê‚ğƒXƒ^ƒbƒc‚Å‰ğàyƒSƒ‹ƒtƒƒJƒjƒNƒXŒ¤‹†Š #5z,https://news.yahoo.co.jp/articles/163a6b60907ab7a3da87fe95c6bd8e1d952795af,1/18(–Ø) 6:32
minnagolf,‚İ‚ñ‚È‚ÌƒSƒ‹ƒtƒ_ƒCƒWƒFƒXƒg,ŠJ–‹’¼‘OI ˆîŒ©–G”J‚ÌƒR[ƒ`‚É“ÆèæŞBu¡T‚Ì–G”J‚ÍŒ‹\–Ê”’‚¢‚Æv‚¢‚Ü‚·‚ævi–ö‹´Í“¿ƒR[ƒ`j,https://news.yahoo.co.jp/articles/f220e5faf86896e778c30bfe89798e47b77c6dda,1/17(…) 19:56
minnagolf,‚İ‚ñ‚È‚ÌƒSƒ‹ƒtƒ_ƒCƒWƒFƒXƒg,ƒSƒ‹ƒt—ğ2”N‚ÅƒxƒXƒg74! ƒgƒbƒvƒAƒ}‚ª”ò‹——£ƒAƒbƒv‚Ì‚½‚ß‚ÉˆÓ¯‚µ‚½‚Ì‚ÍuƒNƒ‰ƒu‚ğgˆø‚­h“®‚«v‚ÆuƒOƒŠƒbƒvˆ³v,https://news.yahoo.co.jp/articles/05e237d9aa4b6d867e6de949bd0748e75bd6d2b9,1/17(…) 18:30
minnagolf,‚İ‚ñ‚È‚ÌƒSƒ‹ƒtƒ_ƒCƒWƒFƒXƒg,DPƒ[ƒ‹ƒhƒcƒA[uƒhƒoƒCµ‘Òv‚Å—DŸ‚µ‚½ƒgƒ~[EƒtƒŠ[ƒgƒEƒbƒh‚ÌƒXƒEƒBƒ“ƒO‚ğAI‚Å•ªÍ,https://news.yahoo.co.jp/articles/8ea5b2e57944a4fd09ad4dc104b190b14aca50e2,1/17(…) 12:08
minnagolf,‚İ‚ñ‚È‚ÌƒSƒ‹ƒtƒ_ƒCƒWƒFƒXƒg,u‚ ‚Ìƒ}ƒiƒZƒ‚ª–ß‚Á‚Ä‚«‚½v16”NƒŠƒIŒÜ—ÖŒã‚Ì‘åƒXƒ‰ƒ“ƒv‚©‚ç‰¢BƒcƒA[‚É•œ‹A! 17Î‚Å‹rŒõ‚ğ—‚Ñ‚½28Î‚ÌƒCƒ^ƒŠƒA‘Iè‚É’–Úy²“¡MlƒAƒCƒYz,https://news.yahoo.co.jp/articles/f2ef6b1941767e9106b66f1053e7df458e406c21,1/17(…) 11:32
minnagolf,‚İ‚ñ‚È‚ÌƒSƒ‹ƒtƒ_ƒCƒWƒFƒXƒg,uƒtƒ‰ƒCƒ“ƒOƒGƒ‹ƒ{[v‚Á‚Ä‚Ç‚¤‚¢‚¤ó‘ÔH ‚È‚º‹N‚±‚éH ƒrƒMƒi[‚ªŠo‚¦‚Ä‚¨‚«‚½‚¢AŒ´ˆö‚Æ‰ü‘P–@,https://news.yahoo.co.jp/articles/1b8407be327bc280a246a81fdbc7078327dc016c,1/17(…) 7:30
minnagolf,‚İ‚ñ‚È‚ÌƒSƒ‹ƒtƒ_ƒCƒWƒFƒXƒg,ƒAƒvƒ[ƒ`‚ª‹êè‚Èl‚ÍƒVƒƒƒtƒg‚ğ‘Ö‚¦‚é‚Ì‚ª‚¢‚¢!? ƒEƒFƒbƒW‚ÌgƒŠƒVƒƒƒtƒgŒø‰Êh‚ğl‚¦‚Ä‚İ‚½yƒNƒ‰ƒu‘I‚Ñ‚ğƒN[ƒ‹‰ğà!z,https://news.yahoo.co.jp/articles/bcb0f62877052c3ba8f3a566c4165433411642a1,1/17(…) 6:31
minnagolf,‚İ‚ñ‚È‚ÌƒSƒ‹ƒtƒ_ƒCƒWƒFƒXƒg,2023”NƒvƒƒeƒXƒgƒgƒbƒv‡Ši ´–{”ü”g‚ÉƒCƒ“ƒ^ƒrƒ…[u‚¨›‚Æ‚©”ü‚µ‚¢Œš•¨‚ªD‚«v,https://news.yahoo.co.jp/articles/ff4cbc0403f1eb3f4ce5843781a700659e94ab14,1/16(‰Î) 18:40
minnagolf,‚İ‚ñ‚È‚ÌƒSƒ‹ƒtƒ_ƒCƒWƒFƒXƒg,’áƒXƒsƒ“«”\‚È‚çuƒpƒ‰ƒ_ƒCƒ€ Ai ƒXƒ‚[ƒN MAXvA‰‘¬‚È‚çuQi10 MAXv!? ƒLƒƒƒƒEƒFƒC‚Æƒe[ƒ‰[ƒƒCƒh‚ÌÅVƒhƒ‰ƒCƒo[‚ğ‘Å‚¿”ä‚×! yMyƒSƒ‹ƒtƒ_ƒCƒWƒFƒXƒgz,https://news.yahoo.co.jp/articles/581a93103e89eabfe05e48de35672d41f2358988,1/16(‰Î) 12:06
minnagolf,‚İ‚ñ‚È‚ÌƒSƒ‹ƒtƒ_ƒCƒWƒFƒXƒg,ƒSƒ‹ƒtƒ@[‚ªg—Í‚Şh‚Ì‚Í˜r‚âŒ¨‚Å‚È‚­À‚Íu‰º”¼gv!? ƒXƒ€[ƒY‚ÉƒXƒEƒBƒ“ƒO‚·‚é‚½‚ß‚ÌƒRƒc‚ğƒVƒ“ƒOƒ‹‚ª‹³‚¦‚Ä‚­‚ê‚½yQã!@ƒSƒ‹ƒtƒ@[‰‰‡‘àz,https://news.yahoo.co.jp/articles/3dd956f548ac4371d989a18d20e392fa10b6ecd3,1/16(‰Î) 11:30
minnagolf,‚İ‚ñ‚È‚ÌƒSƒ‹ƒtƒ_ƒCƒWƒFƒXƒg,”\“oCC‚ÍkĞ’¼Œã‚©‚çˆù—¿’ñ‹ŸAéë‚Ì‘äCC‚âˆ°Œ´GC‚Í’Ã”g”ğ“ï‚ÉŠJ•úB”\“o”¼“‡’nk‚ÌƒSƒ‹ƒtê”íŠQó‹µ‚Æ’nˆævŒ£,https://news.yahoo.co.jp/articles/8948dd63fc3d6f4eaef089e7541c144c3f924254,1/16(‰Î) 7:30
minnagolf,‚İ‚ñ‚È‚ÌƒSƒ‹ƒtƒ_ƒCƒWƒFƒXƒg,ƒvƒƒT[ƒtƒ@[ ŒÜ\—’ƒJƒmƒA ~ ƒvƒƒSƒ‹ƒtƒ@[¬j‚³‚­‚çAˆÙF‚Ì‘Î’k‚ªÀŒ»! uƒT[ƒt•ƒ^[ƒtA‚Ç‚¿‚ç‚àÅ‚‚Å‚·‚æ‚Ë!v,https://news.yahoo.co.jp/articles/3c74f163738e32c59183f3b858cd809359a8c154,1/16(‰Î) 6:31
minnagolf,‚İ‚ñ‚È‚ÌƒSƒ‹ƒtƒ_ƒCƒWƒFƒXƒg,ABEMAƒcƒA[Ü‹à‰¤E¶Œ¹›—´Œ›‚ª‹³‚¦‚éƒAƒCƒAƒ“‚Ì”÷–­‚È‹——£‚Ì‘Å‚¿•ª‚¯•ûBƒ{[ƒ‹ˆÊ’u‚¾‚¯‚Å5ƒ„[ƒh”ò‹——£‚ğ’²®‚Å‚«‚é!? ÀÛ‚É‚µ‚Ä‚İ‚½,https://news.yahoo.co.jp/articles/32beabb20356bad2c2d9eff2bc5630a351fd9313,1/15(Œ) 18:32
minnagolf,‚İ‚ñ‚È‚ÌƒSƒ‹ƒtƒ_ƒCƒWƒFƒXƒg,—DŸ‘ˆ‚¢ˆê“]ƒI[ƒo[ƒp[‚ÅŒã‘Ş‚·‚é‚àu­‚µ‚Í¬’·‚µ‚½‚©‚Èvì‘×‰Ê‚Ìƒ\ƒj[EƒI[ƒvƒ“,https://news.yahoo.co.jp/articles/7c4620eb94ae79164d690720005278083cf36729,1/15(Œ) 12:30
minnagolf,‚İ‚ñ‚È‚ÌƒSƒ‹ƒtƒ_ƒCƒWƒFƒXƒg,PXG‚ÌVƒhƒ‰ƒCƒo[‚à10K’´‚¦!? wBlack OpsxƒVƒŠ[ƒY‚ğ”­•\,https://news.yahoo.co.jp/articles/938414f9f858205afb3943d65452475123889fbd,1/15(Œ) 11:32
minnagolf,‚İ‚ñ‚È‚ÌƒSƒ‹ƒtƒ_ƒCƒWƒFƒXƒg,¡•½üŒá‚ªg—p‚·‚éƒ„ƒ}ƒnuRMX VD^Rv‚ÍƒtƒF[ƒh‚ª‘Å‚¿‚â‚·‚¢ƒcƒA[ƒ‚ƒfƒ‹yƒwƒbƒhƒf[ƒ^‚Í‰R‚Â‚©‚È‚¢!z,https://news.yahoo.co.jp/articles/acba128fb56e1ec02575a17b33b8124b647d29df,1/15(Œ) 7:30
minnagolf,‚İ‚ñ‚È‚ÌƒSƒ‹ƒtƒ_ƒCƒWƒFƒXƒg,g10Kh‚ÌVìƒhƒ‰ƒCƒo[‚Å˜b‘è‚ÌuŠµ«ƒ‚[ƒƒ“ƒgvB”’l‚ª‚‚¯‚ê‚Î‚·‚×‚Ä‚ª—Ç‚­‚È‚é!?@ƒNƒ‰ƒuƒtƒBƒbƒ^[‚ª‰•à‚©‚ç‰ğà,https://news.yahoo.co.jp/articles/b15966fd6102579816e56ddabd6aff1d704db9b0,1/15(Œ) 6:31
minnagolf,‚İ‚ñ‚È‚ÌƒSƒ‹ƒtƒ_ƒCƒWƒFƒXƒg,ƒG[ƒWƒVƒ…[ƒg“ú–{ˆê!? 90Î‚ÌÔí•‚³‚ñ‚ª‹ÁˆÙ‚Ì2000‰ñ–Ú‚ğ’B¬,https://news.yahoo.co.jp/articles/45ebc3626f2a175ee5c3c304e804ea593a73b101,1/14(“ú) 18:30
minnagolf,‚İ‚ñ‚È‚ÌƒSƒ‹ƒtƒ_ƒCƒWƒFƒXƒg,ƒvƒŒ[‚·‚é‚¾‚¯‚Å‰^‹C‚ªã‚ª‚éƒSƒ‹ƒtê‚ª‚ ‚é!? Ÿ•‰‰^‚ğ‚‚ß‚é‚¨ç‚è‚ğè‚É‚µ‚ÄƒxƒXƒgƒXƒRƒA‚ğ‘_‚¨‚¤!,https://news.yahoo.co.jp/articles/058d52d9ec626895aaf0db6c05add8f561c9b36f,1/14(“ú) 11:30
minnagolf,‚İ‚ñ‚È‚ÌƒSƒ‹ƒtƒ_ƒCƒWƒFƒXƒg,ƒtƒF[ƒX‚ğŠJ‚¢‚Ä‹…‚ğã‚°‚éuƒtƒBƒlƒXƒVƒ‡ƒbƒgv‚ªƒAƒvƒ[ƒ`•ƒoƒ“ƒJ[ƒVƒ‡ƒbƒgã’B‚ÌƒJƒM‚É‚È‚é!?y“äƒLƒƒƒ‰ƒR[ƒ`w‚í‚«‚ã‚¤x‚Ì‹C‚É‚È‚é˜b ò48z,https://news.yahoo.co.jp/articles/e4539d2a1ea24da60a86ed7b58580f797ad731bc,1/14(“ú) 7:30
minnagolf,‚İ‚ñ‚È‚ÌƒSƒ‹ƒtƒ_ƒCƒWƒFƒXƒg,‘OŒXp¨‚ğƒL[ƒv‚·‚é“à“]‹Ø‚ÌƒXƒgƒŒƒbƒ`yŒK–Øu”¿‚Ì‰õiŒ‚‚ğƒTƒ|[ƒg‚·‚éƒgƒŒ[ƒi[‚ª‹³‚¦‚éŠÈ’PƒgƒŒ[ƒjƒ“ƒOz,https://news.yahoo.co.jp/articles/8ad7eb3515623afee96e5f573f3bac3f7744bc03,1/14(“ú) 6:30
minnagolf,‚İ‚ñ‚È‚ÌƒSƒ‹ƒtƒ_ƒCƒWƒFƒXƒg,“²‚ê‚ÌƒvƒŠÔ‹ß‚É! ]àVˆŸ–í•‘å¼ˆ¨åÃƒRƒ“ƒy‚ª‘å·‚èã‚ª‚è!,https://news.yahoo.co.jp/articles/098176aa86c4164ac4012c24f5fcc16bc501c64f,1/13(“y) 20:37
minnagolf,‚İ‚ñ‚È‚ÌƒSƒ‹ƒtƒ_ƒCƒWƒFƒXƒg,“~ƒSƒ‹ƒt‚±‚»ƒ‰ƒEƒ“ƒhŒã‚Ì‚¨•—˜C‚Å”æ˜J‰ñ•œI ‹A‚è‚Ì‰^“]‚Å–°‚­‚È‚ç‚È‚¢“ü—–@‚Æ‚ÍH,https://news.yahoo.co.jp/articles/26cf715e912caf5c692b9314d097190189affb6a,1/13(“y) 18:30
minnagolf,‚İ‚ñ‚È‚ÌƒSƒ‹ƒtƒ_ƒCƒWƒFƒXƒg,2024”N‚Í‰·òƒR[ƒX‚ªƒpƒ[ƒXƒ|ƒbƒg!? ƒvƒŒ[Œã‚É‚¨•—˜C‚ÉZ‚©‚Á‚Ä‰^‹CƒAƒbƒv!,https://news.yahoo.co.jp/articles/c1e155976f8d4b8810563942c50df6642505fcf6,1/13(“y) 11:30
minnagolf,‚İ‚ñ‚È‚ÌƒSƒ‹ƒtƒ_ƒCƒWƒFƒXƒg,"u’C”Nv‚Í""X—ÑƒR[ƒX""‚Å‰^‹CƒAƒbƒv!  –¼‘O‚Éu—³v‚âu’Cv‚Ìš‚ª‚ ‚él‚àƒSƒ‹ƒt‰^‚ª‚‚¢?",https://news.yahoo.co.jp/articles/ee3581d75852192f1fdfec1deca20837eb577fe7,1/13(“y) 7:30
minnagolf,‚İ‚ñ‚È‚ÌƒSƒ‹ƒtƒ_ƒCƒWƒFƒXƒg,"ƒ‰ƒEƒ“ƒh’†A¬Œ÷ƒCƒ[ƒW‚ğ•¦‚©‚¹‚é•û–@‚Æ‚ÍH@ƒSƒ‹ƒtƒ@[‚ÍŠÔ‚Ì—¬‚ê‚ğg–¢—ˆh‚©‚çl‚¦‚½‚Ù‚¤‚ª‚¢‚¢!?yŒ³ƒvƒ–ì‹…R”»‚ÌƒR[ƒ`‚ª‹³‚¦‚é""SƒgƒŒ""”13z",https://news.yahoo.co.jp/articles/337a090e04a5d2566bbd827ad0fc5cb10a1bde34,1/13(“y) 7:02
minnagolf,‚İ‚ñ‚È‚ÌƒSƒ‹ƒtƒ_ƒCƒWƒFƒXƒg,gƒhƒ‹ƒtƒ@[h›ÀØX‚É“ÆèƒCƒ“ƒ^ƒrƒ…[u©•ª‚ÌŠ´Šo‚ğ‘å–‚É‚µ‚È‚ª‚çVƒV[ƒYƒ“‚àŠæ’£‚è‚Ü‚·Iv,https://news.yahoo.co.jp/articles/1996456d1982439559156c485e333af528ef479c,1/13(“y) 6:30
minnagolf,‚İ‚ñ‚È‚ÌƒSƒ‹ƒtƒ_ƒCƒWƒFƒXƒg,ƒXƒYƒL ƒXƒy[ƒVƒAƒJƒXƒ^ƒ€‚ÍˆÀ‚¢E‘¬‚¢E’´•Ö—˜‚ÅƒSƒ‹ƒt‚¾‚¯‚¶‚á‚à‚Á‚½‚¢‚È‚¢Iy¬‘òƒR[ƒW‚Ì‘ü¡ƒR[ƒW’†!z,https://news.yahoo.co.jp/articles/b80d2aa9f19f839144694464fa7357781b53ff92,1/12(‹à) 18:40
minnagolf,‚İ‚ñ‚È‚ÌƒSƒ‹ƒtƒ_ƒCƒWƒFƒXƒg,uƒqƒfƒLEƒ}ƒcƒ„ƒ}‚ª‚Ü‚³‚©‚±‚ñ‚È‚É‚È‚é‚Æ‚ÍvƒƒWƒƒ[ƒ`ƒƒƒ“ƒvBEƒn[ƒ}ƒ“‚ªŒê‚Á‚½u©•ª‚ÍŒ©‚é–Ú‚ª‚È‚¢v‚ÌƒƒP‚ÍH,https://news.yahoo.co.jp/articles/519e12535c7eeb6aaba797309cf3774398a598db,1/12(‹à) 12:30
minnagolf,‚İ‚ñ‚È‚ÌƒSƒ‹ƒtƒ_ƒCƒWƒFƒXƒg,”¨‰ª“ŞÑ‚ª“°X1ˆÊ!@2023•Ä—qƒcƒA[uƒo[ƒfƒB”vƒgƒbƒv10yƒSƒ‹ƒt‚È‚ñ‚Å‚àƒ‰ƒ“ƒLƒ“ƒOz,https://news.yahoo.co.jp/articles/5780e6b2195993f04dcf2786807d36a5c134ec68,1/12(‹à) 12:30
minnagolf,‚İ‚ñ‚È‚ÌƒSƒ‹ƒtƒ_ƒCƒWƒFƒXƒg,"©ì‚Ì""ƒp[ƒVƒ‚ƒ“""‚Å•ÄƒVƒjƒAƒcƒA[Qí‚ğ–Úw‚·’j‚ª‚¢‚½! ÅVƒeƒNƒmƒƒW[‚æ‚è""Š`‚Ì–Ø""‚ğ‘I‚ñ‚¾ƒgƒbƒhEƒfƒ€ƒV\‚Æ‚»‚Ì——R",https://news.yahoo.co.jp/articles/c0a8b46054d54dc07e011906bff21e637d5519bf,1/12(‹à) 11:31
minnagolf,‚İ‚ñ‚È‚ÌƒSƒ‹ƒtƒ_ƒCƒWƒFƒXƒg,ƒOƒŠ[ƒ“ƒIƒ“‚ğ‘_‚¤u‘Å‚¿‰º‚ë‚µƒVƒ‡ƒbƒgv‚Íˆê”Ôè‰º‚°‚é‚Ì‚Å‚Í‚È‚­ƒRƒ“ƒgƒ[ƒ‹ƒVƒ‡ƒbƒg‚ª‚¢‚¢!? ‚¢‚Á‚½‚¢‚È‚ºHy‰SÒ‚ğ’E‚µ‚½ƒSƒ‹ƒtƒ@[‚ªw100x‚ğØ‚é‚½‚ß‚ÌƒŒƒbƒXƒ“z,https://news.yahoo.co.jp/articles/ee90690c71bafe3be26bcd1ce7bc09c37539d50e,1/12(‹à) 7:31
minnagolf,‚İ‚ñ‚È‚ÌƒSƒ‹ƒtƒ_ƒCƒWƒFƒXƒg,uŒ‚É1“x‚Í‡‚Éo‚évBƒ^ƒCƒK[‚ªŒê‚Á‚½¡ƒV[ƒYƒ“‚ÉŒü‚¯‚Ä‚Ì‘OŒü‚«ƒVƒiƒŠƒI,https://news.yahoo.co.jp/articles/0de1bbec02f70fc08818e64fe0d40e2d8055621f,1/12(‹à) 6:30
minnagolf,‚İ‚ñ‚È‚ÌƒSƒ‹ƒtƒ_ƒCƒWƒFƒXƒg,‹à’J‘ñÀ “ÆèƒCƒ“ƒ^ƒrƒ…[! u‹°‚ê‚È‚ª‚çƒvƒŒ[‚·‚é©•ª‚ªo‚Ä‚¢‚½v23”N‚ÌU‚è•Ô‚èA‚»‚µ‚Ä24”N‚ÖŒü‚¯‚½v‚¢‚Æ‚Í,https://news.yahoo.co.jp/articles/aa9416b760ac78d1f20fcfd6633e6f9b5474e8f0,1/11(–Ø) 18:30
minnagolf,‚İ‚ñ‚È‚ÌƒSƒ‹ƒtƒ_ƒCƒWƒFƒXƒg,ƒCƒMƒŠƒX‚Å—¬s’†‚Ìuƒrƒ“ƒSEƒoƒ“ƒSEƒ{ƒ“ƒSv‚Á‚Ä’m‚Á‚Ä‚éH,https://news.yahoo.co.jp/articles/b427fdf3ae63ba8b49f29c9b7c6596f1d2750a7f,1/11(–Ø) 12:08
minnagolf,‚İ‚ñ‚È‚ÌƒSƒ‹ƒtƒ_ƒCƒWƒFƒXƒg,ƒAƒCƒAƒ“‚Íu‹…‹Ø‚ÉŠÖŒW‚È‚­vƒXƒNƒGƒA‚É\‚¦‚é‚Ì‚ª³‰ğ‚¾‚Á‚½! ‚¢‚Á‚½‚¢‚È‚ºHy–ÚàVGŒ›EƒXƒEƒBƒ“ƒO3.0 ”10z,https://news.yahoo.co.jp/articles/22819e257120b7b84d45f9aa342b317ce8d2e1ec,1/11(–Ø) 11:31
minnagolf,‚İ‚ñ‚È‚ÌƒSƒ‹ƒtƒ_ƒCƒWƒFƒXƒg,‚Â‚©‚Ü‚Á‚½ƒ{[ƒ‹‚ğ‘Å‚Â‚½‚ß‚ÉƒtƒHƒ[ƒXƒ‹[‚ÅˆÓ¯‚µ‚½‚¢u¶•Iv‚Ì“®‚©‚µ•û‚Æ‚ÍH ƒvƒ‚ªƒCƒ‰ƒXƒg‚ğŒğ‚¦‚Ä‰ğà,https://news.yahoo.co.jp/articles/882b91fee171ff1ac1d17dfa489d4345fbe4905e,1/11(–Ø) 7:31
minnagolf,‚İ‚ñ‚È‚ÌƒSƒ‹ƒtƒ_ƒCƒWƒFƒXƒg,PGAƒcƒA[’†Œp‚Å‚¨“éõ‚İAƒŠƒAƒ‹ƒ^ƒCƒ€‚Å’e“¹‚ğ‰Â‹‰»‚µ‚Ä‚­‚ê‚éƒVƒ‡ƒbƒg•ªÍƒVƒXƒeƒ€uShotLinkv‚ª‚à‚½‚ç‚µ‚½ƒSƒ‹ƒtŠE‚Ö‚Ì‰e‹¿‚Æ‚ÍHyƒSƒ‹ƒtƒƒJƒjƒNƒXŒ¤‹†Š #4z,https://news.yahoo.co.jp/articles/244a60e8474e06e466071e5daee7eb8dd5c1d124,1/11(–Ø) 6:31
minnagolf,‚İ‚ñ‚È‚ÌƒSƒ‹ƒtƒ_ƒCƒWƒFƒXƒg,uQi10 MAXv‚Í‘Å“_‚ªƒYƒŒ‚Ä‚àƒ{[ƒ‹‚ª‹­‚¢IyƒKƒ`‘ÅŒv‘ªE“®‰æ‚ ‚èz,https://news.yahoo.co.jp/articles/1b09e7b8b00e676b0660b158295744bdd2ac5a97,1/10(…) 20:50
minnagolf,‚İ‚ñ‚È‚ÌƒSƒ‹ƒtƒ_ƒCƒWƒFƒXƒg,‘Oì‚æ‚è‚à‚³‚ç‚Ég‚â‚³‚µ‚¢hƒe[ƒ‰[ƒƒCƒh‚ÌVìƒNƒ‰ƒuuQi10v‚ª‚¨”â˜I–Ú!,https://news.yahoo.co.jp/articles/b7cdc02d4b1e5d2020f2f0dacd84e220cb02b605,1/10(…) 20:15
minnagolf,‚İ‚ñ‚È‚ÌƒSƒ‹ƒtƒ_ƒCƒWƒFƒXƒg,ƒsƒ“‚Ìƒjƒ…[ƒAƒCƒAƒ“uƒuƒ‹[ƒvƒŠƒ“ƒgTvuƒuƒ‹[ƒvƒŠƒ“ƒgSv‚Í‚»‚ê‚¼‚ê‚Ç‚ñ‚È«”\H V»•i”­•\‰ï‚©‚çƒŒƒ|[ƒgI,https://news.yahoo.co.jp/articles/960115db616ad37fff86077af1304b31bf62ec48,1/10(…) 19:40
minnagolf,‚İ‚ñ‚È‚ÌƒSƒ‹ƒtƒ_ƒCƒWƒFƒXƒg,ƒsƒ“‚ÌÅVƒhƒ‰ƒCƒo[uG430 MAX 10Kv‚ğÅ‘¬‘ÅI ‹C‚É‚È‚é«”\‚ÍuMAXv‚ÆuLSTv‚Ìg—Ç‚¢‚Æ‚±æ‚èh‚¾‚Á‚½!?,https://news.yahoo.co.jp/articles/7f046839f2da882b4eecd37fa3901704cf2ef726,1/10(…) 15:20
minnagolf,‚İ‚ñ‚È‚ÌƒSƒ‹ƒtƒ_ƒCƒWƒFƒXƒg,4‚Â‚Ìƒ‚ƒfƒ‹‚ğƒRƒ“ƒ{‚·‚éƒRƒŠƒ“Eƒ‚ƒŠƒJƒ‚ÌuƒAƒCƒAƒ“lv,https://news.yahoo.co.jp/articles/03496203a91a68539fd9e897864e2c122ca046bc,1/10(…) 14:10
minnagolf,‚İ‚ñ‚È‚ÌƒSƒ‹ƒtƒ_ƒCƒWƒFƒXƒg,ƒe[ƒ‰[ƒƒCƒh‚ÌVì1WuQi10v‚Í‹É‘åŠµ«ƒ‚[ƒƒ“ƒg‚Å”ò‚ñ‚Å‹È‚ª‚ç‚È‚¢!?,https://news.yahoo.co.jp/articles/8e3619d1c63bbad8c7050f6b23b8c9dfb76b4b57,1/10(…) 11:41
minnagolf,‚İ‚ñ‚È‚ÌƒSƒ‹ƒtƒ_ƒCƒWƒFƒXƒg,"23”NABEMAƒcƒA[Ü‹à‰¤‚Ía–ì“úŒüq‚Ì“¯‹‰¶!  –³–¼‚¾‚Á‚½u¶Œ¹›—´Œ›v‚Ì""ƒTƒNƒZƒXƒXƒg[ƒŠ[""‚É’–Úy²“¡MlƒAƒCƒYz",https://news.yahoo.co.jp/articles/77bf36d56b33750bdc471c5b971009f6957bfdfa,1/10(…) 11:30
minnagolf,‚İ‚ñ‚È‚ÌƒSƒ‹ƒtƒ_ƒCƒWƒFƒXƒg,”L”wƒAƒhƒŒƒX‚ğ‰ü‘PI ƒrƒMƒi[‚ªŠo‚¦‚Ä‚¨‚«‚½‚¢AƒLƒŒƒC‚È‘OŒXp¨‚ğì‚éƒIƒXƒXƒ—ûK–@,https://news.yahoo.co.jp/articles/9ae47c9614deeca8268f70384025e1a9df09992e,1/10(…) 7:31
minnagolf,‚İ‚ñ‚È‚ÌƒSƒ‹ƒtƒ_ƒCƒWƒFƒXƒg,ƒAƒCƒAƒ“‚ÌƒoƒEƒ“ƒXŠp‚Æ—ûKêƒ}ƒbƒg‚É‚Í‘Š«‚ª‚ ‚é!? —ûKê‚ÅƒAƒCƒAƒ“‚ªãè‚­‘Å‚Ä‚È‚¢——R‚ğl‚¦‚½yƒNƒ‰ƒu‘I‚Ñ‚ğƒN[ƒ‹‰ğà!z,https://news.yahoo.co.jp/articles/f181c950d2e40016838cecf7b27640618167ec9b,1/10(…) 6:31
minnagolf,‚İ‚ñ‚È‚ÌƒSƒ‹ƒtƒ_ƒCƒWƒFƒXƒg,ABEMAƒcƒA[Ü‹à‰¤E¶Œ¹›—´Œ›‚ª–Úw‚·‚Æ‚±‚ë u‚Ğ‚Æ‚Â‚Å‚àã‚ÌƒtƒB[ƒ‹ƒh‚Åí‚¢‚½‚¢v,https://news.yahoo.co.jp/articles/df05a71ecdebfc2fc9b4a2d83f1fd50dd0483951,1/9(‰Î) 18:40
minnagolf,‚İ‚ñ‚È‚ÌƒSƒ‹ƒtƒ_ƒCƒWƒFƒXƒg,2223”NPGAƒcƒA[Å“ïŠÖƒz[ƒ‹‚ÍKu–ìCC ƒNƒC[ƒ“C 16”ÔI,https://news.yahoo.co.jp/articles/69bb7dc1051f0089c49ee9917c89686871a98444,1/9(‰Î) 12:06
minnagolf,‚İ‚ñ‚È‚ÌƒSƒ‹ƒtƒ_ƒCƒWƒFƒXƒg,ˆÓŠO‚Èƒ`ƒƒƒ“ƒsƒIƒ“‚Ì’a¶I ƒAƒ‹ƒR[ƒ‹ˆË‘¶Ç•ŸT•a‚ğ•‚µ‚½38ÎAƒNƒŠƒXEƒJ[ƒN‚ªŠJ–‹íuƒUEƒZƒ“ƒgƒŠ[v§”e,https://news.yahoo.co.jp/articles/188743b252f94417e40d942a3b0cd218f9c27054,1/9(‰Î) 11:32
minnagolf,‚İ‚ñ‚È‚ÌƒSƒ‹ƒtƒ_ƒCƒWƒFƒXƒg,‚±‚Ì‘O‚Ìƒ‰ƒEƒ“ƒh‚Å‚ÍA‹C‚¿‚æ‚­U‚ê‚Ä‚¢‚½‚Ì‚ÉA¡“ú‚Í‚È‚º‚Ğ‚Ç‚¢ƒ~ƒXƒVƒ‡ƒbƒg!?@ƒSƒ‹ƒtƒ@[‚ ‚é‚ ‚é‚ÌuƒXƒEƒBƒ“ƒO‚Ì—‚êv‚Ì——RyQã!@ƒSƒ‹ƒtƒ@[‰‰‡‘àz,https://news.yahoo.co.jp/articles/83db8e2a4e8a21541082786eed36aa6afb3f45c9,1/9(‰Î) 7:30
minnagolf,‚İ‚ñ‚È‚ÌƒSƒ‹ƒtƒ_ƒCƒWƒFƒXƒg,ƒCEƒ{ƒ~‚É“²‚ê‚½­—‚ª‘å–ôiI ŸNˆäS“ß‚ÉƒCƒ“ƒ^ƒrƒ…[,https://news.yahoo.co.jp/articles/3f0e6765974f2ab1f896130fc2ef833f82286e5a,1/9(‰Î) 6:30
minnagolf,‚İ‚ñ‚È‚ÌƒSƒ‹ƒtƒ_ƒCƒWƒFƒXƒg,ƒAƒvƒ[ƒ`‚Å‚Ğ‚´‚ğ‹È‚°‰ß‚¬‚Ä‚È‚¢H ˆäã–õƒvƒ‚ª‹³‚¦‚éƒ_ƒtƒŠ‚âƒgƒbƒv‚ğ–h‚®\‚¦•ûE‘Å‚¿•û‚ğÀÛ‚É‚µ‚Ä‚İ‚½,https://news.yahoo.co.jp/articles/514d8495518a81212c1fa91c5d6ed72c14ced7ef,1/8(Œ) 18:30
minnagolf,‚İ‚ñ‚È‚ÌƒSƒ‹ƒtƒ_ƒCƒWƒFƒXƒg,‘å‹K–Í‰ÎĞ‚©‚ç5ƒJŒBPGAƒcƒA[ŠJ–‹í‚ÌƒR[ƒX‚É‚Ù‚Ç‹ß‚¢ŠXAuƒ‰ƒnƒCƒiv‚Ì¡,https://news.yahoo.co.jp/articles/ee18d8b2dc01a7d89c1d463e5c4233f864197516,1/8(Œ) 12:24
minnagolf,‚İ‚ñ‚È‚ÌƒSƒ‹ƒtƒ_ƒCƒWƒFƒXƒg,3‘ã–Úƒ[ƒNƒVƒI ƒGƒbƒNƒXƒhƒ‰ƒCƒo[‚ÍuƒtƒF[ƒhŒn‚Öv‰Ø—í‚È‚é•Ïgyƒwƒbƒhƒf[ƒ^‚Í‰R‚Â‚©‚È‚¢z,https://news.yahoo.co.jp/articles/d7bbf1dbf98608bc36fe08b15c4fa343b8b3b890,1/8(Œ) 11:30
minnagolf,‚İ‚ñ‚È‚ÌƒSƒ‹ƒtƒ_ƒCƒWƒFƒXƒg,¡”N‚±‚»‹£‹Zƒfƒrƒ…[!  èŒy‚ÉQ‰Á‚Å‚«‚éuƒpƒu‘Iv‚Í‚¢‚©‚ª? \‚µ‚İ•û–@‚â”NŠÔƒXƒPƒWƒ…[ƒ‹‚ğƒ`ƒFƒbƒN!,https://news.yahoo.co.jp/articles/61b53393c3f429105c2e58873edf51c1cdf431cc,1/8(Œ) 7:30
minnagolf,‚İ‚ñ‚È‚ÌƒSƒ‹ƒtƒ_ƒCƒWƒFƒXƒg,ƒwƒbƒh‚ÆƒVƒƒƒtƒgA‚Ç‚Á‚¿‚É‚±‚¾‚í‚é? ©•ª‚É‚Ò‚Á‚½‚è‡‚¤ƒNƒ‰ƒu‚ÌŒ©‚Â‚¯•û‚ğƒtƒBƒbƒ^[‚Æl‚¦‚½,https://news.yahoo.co.jp/articles/b166414123fdd81fd142405fc7635f5168e4a3ee,1/8(Œ) 6:31
minnagolf,‚İ‚ñ‚È‚ÌƒSƒ‹ƒtƒ_ƒCƒWƒFƒXƒg,ƒXƒRƒbƒeƒBƒLƒƒƒƒƒ“‚ª“ú–{ƒVƒŠ[ƒY‚Åƒpƒ^[g—p—¦1ˆÊ‚ÉyƒLƒƒƒƒƒ“ƒ}ƒjƒAéŒ¾z,https://news.yahoo.co.jp/articles/081f8f01be70d86fbb8275b400df7cb36bb6383d,1/7(“ú) 11:30
minnagolf,‚İ‚ñ‚È‚ÌƒSƒ‹ƒtƒ_ƒCƒWƒFƒXƒg,ƒoƒ“ƒJ[ƒVƒ‡ƒbƒg‚Í10Y‚à30Y‚àU‚è•‚ğ“¯‚¶‚É‚·‚é‚Æ‚¢‚¢!? 10Y‚ÍƒtƒF[ƒX‚ğŠJ‚¢‚ÄA30Y‚Íƒ{[ƒ‹‚É‹ß‚Ã‚¢‚Ä\‚¦‚éy“äƒLƒƒƒ‰ƒR[ƒ`w‚í‚«‚ã‚¤x‚Ì‹C‚É‚È‚é˜bò47z,https://news.yahoo.co.jp/articles/a92ef175b9351e54b11ce05f57741c3f61a52c68,1/7(“ú) 7:30
minnagolf,‚İ‚ñ‚È‚ÌƒSƒ‹ƒtƒ_ƒCƒWƒFƒXƒg,‘å‚«‚È”P“]·‚ğì‚é‚½‚ß‚Éd—v‚Èu‘Ì‘¤i‚½‚¢‚»‚­jv‚ÌƒXƒgƒŒƒbƒ`–@‚Æ‚ÍH yŒK–Øu”¿‚Ì‰õiŒ‚‚ğƒTƒ|[ƒg‚·‚éƒgƒŒ[ƒi[‚ª‹³‚¦‚éŠÈ’PƒgƒŒ[ƒjƒ“ƒOz,https://news.yahoo.co.jp/articles/06275d418cc9ab7a459019cadffc3fbfb55ac72c,1/7(“ú) 6:30
minnagolf,‚İ‚ñ‚È‚ÌƒSƒ‹ƒtƒ_ƒCƒWƒFƒXƒg,ƒpƒ‰ƒ_ƒCƒ€ Ai ƒXƒ‚[ƒN‚É‘æ5‚Ìƒ‚ƒfƒ‹Hu MAXv‚ª‘¶İ‚µ‚½,https://news.yahoo.co.jp/articles/13130755977af81e9018c9292b4040c9175b33f9,1/6(“y) 20:22
minnagolf,‚İ‚ñ‚È‚ÌƒSƒ‹ƒtƒ_ƒCƒWƒFƒXƒg,"–¼–åƒyƒuƒ‹ƒr[ƒ`‚Í’N‚Å‚àƒvƒŒ[‚Å‚«‚é!? ¢ŠEÅ‚‚ÌƒpƒuƒŠƒbƒNƒR[ƒX‚Ì""•à‚«•û""",https://news.yahoo.co.jp/articles/f13133ed0b46fff0ad3bb261e70e8ed851df960b,1/6(“y) 18:30
minnagolf,‚İ‚ñ‚È‚ÌƒSƒ‹ƒtƒ_ƒCƒWƒFƒXƒg,ƒpƒp‚É‚à‘õ™ƒSƒ‹ƒt‚ğIíİƒLƒbƒYƒ‹[ƒ€‚ğŠJİ‚µ‚½2‚Â‚ÌƒSƒ‹ƒtê,https://news.yahoo.co.jp/articles/ff417e2c07e5db771493bea8dfefc0d0eadf3183,1/6(“y) 18:30
minnagolf,‚İ‚ñ‚È‚ÌƒSƒ‹ƒtƒ_ƒCƒWƒFƒXƒg,2024”N‘“à—qƒcƒA[“ú’ö‚Ü‚Æ‚ßI ğ”N‚©‚ç1‡Œ¸‚Ì‘S37‡‚ªŠJÃŒˆ’èA2Œ29“ú‚©‚çŠJ–‹,https://news.yahoo.co.jp/articles/16311d825e5cec29ad0667448143c0f5f5dc5ee1,1/6(“y) 11:30
minnagolf,‚İ‚ñ‚È‚ÌƒSƒ‹ƒtƒ_ƒCƒWƒFƒXƒg,24”N‚Í‹g“c—D—˜A¼‹½^‰›AˆîŒ©–G”J‚ª•ÄƒcƒA[Qí! ¢ŠEio‚·‚é—qƒvƒ‚½‚¿‚ª‘‚¦‚½‚Ì‚Ía–ì“úŒüq‚ª‚«‚Á‚©‚¯!?,https://news.yahoo.co.jp/articles/e39b8f33b5343b1ee34bcb568cd6568cf539b0de,1/6(“y) 7:30
minnagolf,‚İ‚ñ‚È‚ÌƒSƒ‹ƒtƒ_ƒCƒWƒFƒXƒg,"ƒvƒŒ[‚âƒƒ“ƒ^ƒ‹‚É‚à‰e‹¿‚·‚éu‹Šov‚âu‹—ÍvBƒSƒ‹ƒtƒ@[‚É‚Íg–Ú‚Ì‹ØƒgƒŒh‚ª•K—v!?yŒ³ƒvƒ–ì‹…R”»‚ÌƒR[ƒ`‚ª‹³‚¦‚é""SƒgƒŒ""”12z",https://news.yahoo.co.jp/articles/b4d07405a4f079dfcef1717196776250f9cc692b,1/6(“y) 7:01
minnagolf,‚İ‚ñ‚È‚ÌƒSƒ‹ƒtƒ_ƒCƒWƒFƒXƒg,‚Ü‚é‚Å–ì‹…‚Ìƒz[ƒ€ƒ‰ƒ“ƒoƒbƒ^[!? ’†“‡Œ[‘¾‚Ìƒhƒ‰ƒCƒo[ƒXƒEƒBƒ“ƒO‚ğAI‚Å•ªÍ,https://news.yahoo.co.jp/articles/e504d857fcf0245bcbd0ec0bc916450e585fc11b,1/6(“y) 6:31
minnagolf,‚İ‚ñ‚È‚ÌƒSƒ‹ƒtƒ_ƒCƒWƒFƒXƒg,ƒ`ƒbƒvƒVƒ‡ƒbƒg‚Íƒ{[ƒ‹‰‘¬‚ğ‰º‚°‚ê‚ÎŠÈ’P‚ÅŠmÀI ‚»‚Ì‚½‚ß‚É‚ ‚¦‚ÄƒgƒE‘¤‚Å‘Å‚Â‚Ì‚ª‚¢‚¢!?y”N––”Nn‚Åg‚É•t‚¯‚éƒXƒEƒBƒ“ƒO‚ÌŠî–{‡Gz,https://news.yahoo.co.jp/articles/3bebde97ca7829730638b6a14885868d147e2c7b,1/5(‹à) 18:30
minnagolf,‚İ‚ñ‚È‚ÌƒSƒ‹ƒtƒ_ƒCƒWƒFƒXƒg,uƒpƒ‰ƒ_ƒCƒ€ Ai ƒXƒ‚[ƒN MAXv‚Í‘Å“_‚ªƒYƒŒ‚Ä‚à•ûŒü«‚ÍƒYƒŒ‚È‚¢IyƒKƒ`‘ÅŒv‘ªE“®‰æ‚ ‚èz,https://news.yahoo.co.jp/articles/22a1cd6d13b9ad5275bc20a644b84d96c7519333,1/5(‹à) 15:37
minnagolf,‚İ‚ñ‚È‚ÌƒSƒ‹ƒtƒ_ƒCƒWƒFƒXƒg,u–l‚ª‘I‚ñ‚¾wQi10 MAXx‚Ì—Ç‚³‚ğ˜b‚»‚¤‚©vŠJ–‹í‰“ú2ˆÊ‚ÌCEƒ‚ƒŠƒJƒ‚ªV1W‚ğŒê‚Á‚½,https://news.yahoo.co.jp/articles/473ecae4105cf4491b7c3cde6e4e313f072ebbdd,1/5(‹à) 14:04
minnagolf,‚İ‚ñ‚È‚ÌƒSƒ‹ƒtƒ_ƒCƒWƒFƒXƒg,y2023”NŠCŠOƒƒWƒƒ[ƒvƒŒ[ƒoƒbƒNzuŒ‚É‚à”ò‚ñ‚Å‚¢‚«‚»‚¤‚È‹C•ªIvB‘S‰pƒI[ƒvƒ“‚Í¬•¿‚ÈƒŒƒtƒeƒBA36Î‚Ìƒuƒ‰ƒCƒAƒ“Eƒn[ƒ}ƒ“‚Ìˆ³Ÿ,https://news.yahoo.co.jp/articles/e53a70673db6c63f31ac761ba4763a44392cb19e,1/5(‹à) 11:30
minnagolf,‚İ‚ñ‚È‚ÌƒSƒ‹ƒtƒ_ƒCƒWƒFƒXƒg,c‚ğŠO‚µ‚Ä‚à”ò‹——£‚â•ûŒü«‚ª•Ï‚í‚ç‚È‚¢!? uƒpƒ‰ƒ_ƒCƒ€ Ai ƒXƒ‚[ƒNvƒVƒŠ[ƒY‚ª“oê,https://news.yahoo.co.jp/articles/944e5c62d51bd4e90588670e1cefb327d316bf4a,1/5(‹à) 10:30
minnagolf,‚İ‚ñ‚È‚ÌƒSƒ‹ƒtƒ_ƒCƒWƒFƒXƒg,–³ğŒ‚Å‰I‰ñcc‚¶‚á‚È‚­‚Ä‚àƒIƒbƒP[I u–Ø‰z‚¦ƒVƒ‡ƒbƒgv‚ğÏ‹É“I‚É‘_‚Á‚Ä‚¢‚¢ó‹µ‚Æ‚ÍHy‰SÒ‚ğ’E‚µ‚½ƒSƒ‹ƒtƒ@[‚ªw100x‚ğØ‚é‚½‚ß‚ÌƒŒƒbƒXƒ“z,https://news.yahoo.co.jp/articles/621612a33c6e0b55b0d3a04524926aebeb5f7985,1/5(‹à) 7:30
minnagolf,‚İ‚ñ‚È‚ÌƒSƒ‹ƒtƒ_ƒCƒWƒFƒXƒg,u‚â‚Á‚Ï‚è‚³‚­‚ç‚Á‚ÄA‚·‚²‚¢ƒvƒ‚È‚ñ‚¾vBƒSƒ‹ƒt‚ğn‚ß‚½‚Z‘ã‚Ì—Fl‚ÖA¬j‚³‚­‚ç‚ª‘—‚Á‚½ƒSƒ‹ƒt‚ÌƒAƒhƒoƒCƒX‚Æ‚Í?,https://news.yahoo.co.jp/articles/c38e549bd9de30d080364b13f39ac979046c8ce0,1/5(‹à) 6:30
minnagolf,‚İ‚ñ‚È‚ÌƒSƒ‹ƒtƒ_ƒCƒWƒFƒXƒg,ƒAƒhƒŒƒX‚Å‚Íƒwƒbƒh‚ğ’n–Ê‚É’…‚¯‚¸u‚¿‚å‚¢•‚‚©‚µv‚ª‚¢‚¢!? ‚¢‚Á‚½‚¢‚È‚ºHy”N––”Nn‚Åg‚É•t‚¯‚éƒXƒEƒBƒ“ƒO‚ÌŠî–{‡Fz,https://news.yahoo.co.jp/articles/44dadb276c395264e673f0d1ed796db89217c22c,1/4(–Ø) 18:30
minnagolf,‚İ‚ñ‚È‚ÌƒSƒ‹ƒtƒ_ƒCƒWƒFƒXƒg,ŒÜ—Ö˜A”e‚ÉŒü‚¯‚½Ø‚èD‚ÍƒfƒTƒ“ƒg!?,https://news.yahoo.co.jp/articles/cbb1563b57f5f080eb96745fb7d8ee1fa83b9c68,1/4(–Ø) 17:30
minnagolf,‚İ‚ñ‚È‚ÌƒSƒ‹ƒtƒ_ƒCƒWƒFƒXƒg,¼‘º—DØ‚Íh•à‚­ƒXƒ}ƒCƒ‹h! ƒVƒ‡ƒbƒgŒã‚Æƒz[ƒ‹ŠÔˆÚ“®‚ÌÎŠç‚ğŒ©“¦‚·‚Èy—qƒvƒÊ^ŠÙ/¼‘º—DØ•Òz,https://news.yahoo.co.jp/articles/73cf0d31de2ad2bf39e93795c983530676e9a2ad,1/4(–Ø) 11:30
minnagolf,‚İ‚ñ‚È‚ÌƒSƒ‹ƒtƒ_ƒCƒWƒFƒXƒg,ƒ|ƒCƒ“ƒg‚Íu‰Eè‚ÌŠp“xvI ƒ{[ƒ‹‚ğ•ß‚Ü‚¦‚é‚½‚ß‚ÉˆÓ¯‚·‚×‚«‚±‚Æ‚ğAƒvƒ‚ªƒCƒ‰ƒXƒg‚ğŒğ‚¦‚Ä‰ğà,https://news.yahoo.co.jp/articles/28f46d23d0407c678636f523a3b23d152a21de91,1/4(–Ø) 7:30
minnagolf,‚İ‚ñ‚È‚ÌƒSƒ‹ƒtƒ_ƒCƒWƒFƒXƒg,”ò‚Î‚µ‰®ƒvƒ‚Ì‹¤’Ê“_I uƒƒCƒh‚Èƒe[ƒNƒoƒbƒNv‚ğƒ}ƒl‚·‚éƒRƒc‚ÍHyƒSƒ‹ƒtƒƒJƒjƒNƒXŒ¤‹†Š #3z,https://news.yahoo.co.jp/articles/595bc5628f222a68ab8fe849752a7722aab7c48f,1/4(–Ø) 6:30
minnagolf,‚İ‚ñ‚È‚ÌƒSƒ‹ƒtƒ_ƒCƒWƒFƒXƒg,PGAƒcƒA[‚ÌŠJ–‹í‚Å–ÚŒ‚I ‚ ‚ê!? ƒUƒ“ƒ_[EƒVƒƒƒEƒtƒFƒŒ‚ª’…‚Ä‚é‚ÌAƒfƒTƒ“ƒg?,https://news.yahoo.co.jp/articles/1793ab7214b0d86159f82dc6033545d682e28aa6,1/4(–Ø) 0:52
minnagolf,‚İ‚ñ‚È‚ÌƒSƒ‹ƒtƒ_ƒCƒWƒFƒXƒg,ƒSƒ‹ƒt‚Åu¶èå“±‚ÅU‚è”²‚­v‚Ì‚ª‚¢‚¢‚ÆŒ¾‚í‚ê‚é——RAŒø‰Ê“I‚È—ûK–@‚ÍHy”N––”Nn‚Åg‚É•t‚¯‚éƒXƒEƒBƒ“ƒO‚ÌŠî–{‡Ez,https://news.yahoo.co.jp/articles/5f98d58a576fab0282e3d936d022834b03b916a5,1/3(…) 18:30
minnagolf,‚İ‚ñ‚È‚ÌƒSƒ‹ƒtƒ_ƒCƒWƒFƒXƒg,"""‚¨‚µ‚á‚ê”Ô’·""‚Ì‹g“c—D—˜‚ÍƒR[ƒX‰f‚¦‚·‚é!? ƒƒWƒƒ[—DŸ‚Ì‹­‚³‚Æ‚Ù‚ñ‚í‚©ƒXƒ}ƒCƒ‹‚ª–£—Í! y—qƒvƒÊ^ŠÙ/‹g“c—D—˜•Òz",https://news.yahoo.co.jp/articles/c982e5506cf39152e4de0ada345a675c03ea4eb4,1/3(…) 11:30
minnagolf,‚İ‚ñ‚È‚ÌƒSƒ‹ƒtƒ_ƒCƒWƒFƒXƒg,ƒrƒMƒi[‚ÉƒIƒXƒXƒ‚Ìƒpƒ^[—ûI ƒpƒ^[ƒ}ƒbƒg‚È‚µ‚Å‚Å‚«‚éu•Ç‚É‚¨K‚ğ‚Â‚¯‚ÄƒXƒgƒ[ƒN‚·‚évƒhƒŠƒ‹,https://news.yahoo.co.jp/articles/2ea95de1a12648fb2c88402c9eeb881efbf9e363,1/3(…) 7:30
minnagolf,‚İ‚ñ‚È‚ÌƒSƒ‹ƒtƒ_ƒCƒWƒFƒXƒg,ƒEƒFƒbƒW‚Í–{“–‚ÉuÁ–Õ•iv!? ƒAƒ}ƒ`ƒ…ƒA‚Í‚Ç‚Ì‚­‚ç‚¢‚Ì•p“x‚Å‘Ö‚¦‚é‚Ì‚ªƒxƒXƒgH ƒNƒ‰ƒuƒtƒBƒbƒ^[‚Æl‚¦‚Ä‚İ‚½,https://news.yahoo.co.jp/articles/5d61d9c9806a421d83a5a065c9999a4eaa86f194,1/3(…) 6:30
minnagolf,‚İ‚ñ‚È‚ÌƒSƒ‹ƒtƒ_ƒCƒWƒFƒXƒg,’´ŠÈ’P‚ÈƒAƒEƒgƒTƒCƒhEƒCƒ“‚ÆƒCƒ“ƒTƒCƒhEƒAƒEƒg‚Ì’¼‚µ•ûBu‘«— ‚Ì‚Ç‚±‚É‘Ìd‚ğæ‚¹‚é‚©v‚ÅƒNƒ‰ƒu‹O“¹‚Í‚·‚®•Ï‚í‚é!?y”N––”Nn‚Åg‚É•t‚¯‚éƒXƒEƒBƒ“ƒO‚ÌŠî–{‡Dz,https://news.yahoo.co.jp/articles/6e8664e881e2bae2d11fa1b9157c4d58c715b4e8,1/2(‰Î) 18:30
minnagolf,‚İ‚ñ‚È‚ÌƒSƒ‹ƒtƒ_ƒCƒWƒFƒXƒg,”¨‰ª“ŞÑ‚Í70.156‚Å9ˆÊB‚Å‚Í1ˆÊ‚Í?u2023”N•Ä—qƒcƒA[•½‹ÏƒXƒgƒ[ƒNvƒgƒbƒv10yƒSƒ‹ƒt‚È‚ñ‚Å‚àƒ‰ƒ“ƒLƒ“ƒOz,https://news.yahoo.co.jp/articles/a9c78658dea6724e61b08ed56b601062ff39c660,1/2(‰Î) 12:30
minnagolf,‚İ‚ñ‚È‚ÌƒSƒ‹ƒtƒ_ƒCƒWƒFƒXƒg,u’¼ƒhƒ‰vu•ĞèƒAƒvƒ[ƒ`v–Ÿ‰æ‚İ‚½‚¢‚ÈƒSƒ‹ƒt‚ªŠâˆäo–…‚Ì^œ’¸! LPGA‚Ì”NŠÔƒxƒXƒgƒVƒ‡ƒbƒgÜ‚àŒƒÊy—qƒvƒÊ^ŠÙ/Šâˆäo–…•Òz,https://news.yahoo.co.jp/articles/cf04a8d08625c807b3e64b2efca468b6056f4d76,1/2(‰Î) 11:30
minnagolf,‚İ‚ñ‚È‚ÌƒSƒ‹ƒtƒ_ƒCƒWƒFƒXƒg,R‰º”ü–²—L‚Ì‰åé‚ğ•ö‚µ“¾‚é’–Ú‘Iè‚ÍH ƒŠƒ‰ƒ“ƒLƒ“ƒOAŠCŠOƒƒWƒƒ[oêŒ ‘ˆ‚¢‚Æ‘O”¼‚©‚çà•—ó‚Èí‚¢‚ÉB2024”N‘“à—qƒcƒA[‚Ì’–Úƒ|ƒCƒ“ƒg‚ğƒsƒbƒNƒAƒbƒvI,https://news.yahoo.co.jp/articles/5a5a5fe3f1377b8a300993c9beaf93872b156ed9,1/2(‰Î) 7:30
minnagolf,‚İ‚ñ‚È‚ÌƒSƒ‹ƒtƒ_ƒCƒWƒFƒXƒg,2024”N‘“à’jqƒcƒA[‚ÍŠâí•ˆŸ‹v—³‚çáè‚ÌŠˆ–ô‚ÉŠú‘Ò‘åI Ü‹àƒ‰ƒ“ƒNƒgƒbƒv3¨‰¢B¨PGAƒcƒA[‚Ìg‹ví—Áƒ‹[ƒgh‚ğ–Úw‚·‘Iè‚ª‘‚¦‚éH,https://news.yahoo.co.jp/articles/46cf41feb69a8f22942da5564b4ca5bd486f6ac3,1/2(‰Î) 6:30
minnagolf,‚İ‚ñ‚È‚ÌƒSƒ‹ƒtƒ_ƒCƒWƒFƒXƒg,ƒgƒbƒv•È‚ğ’¼‚·‚½‚ß‚Ìƒ|ƒCƒ“ƒg‚Íu¶Œ¨v‚É‚ ‚èI ³‚µ‚¢“®‚«‚ª‚í‚©‚éu¶è‚Ì•Ğè‘fU‚èvƒhƒŠƒ‹y”N––”Nn‚Åg‚É•t‚¯‚éƒXƒEƒBƒ“ƒO‚ÌŠî–{‡Cz,https://news.yahoo.co.jp/articles/7af6d87f90ddf6e15f0563c21781aefd9d359373,1/1(Œ) 18:30
minnagolf,‚İ‚ñ‚È‚ÌƒSƒ‹ƒtƒ_ƒCƒWƒFƒXƒg,"uƒ‚ƒfƒ‹‚İ‚½‚¢vuè‘«’·cvƒXƒ^ƒCƒ‹”²ŒQ‚ÌŒ´‰pä»‰Ô‚Í""‰Ø—í‚³""‚à“ú–{ˆê!? “ú–{—qOP—‰¤‚Ìƒ_ƒCƒiƒ~ƒbƒN‚ÈƒXƒEƒBƒ“ƒO‚àƒtƒ@ƒ“‚ğ–£—¹y—qƒvƒÊ^ŠÙ/Œ´‰pä»‰Ô•Òz",https://news.yahoo.co.jp/articles/52e933137d6845284be713d35808191243803c0e,1/1(Œ) 11:30
minnagolf,‚İ‚ñ‚È‚ÌƒSƒ‹ƒtƒ_ƒCƒWƒFƒXƒg,2024”NŠCŠO’jqƒcƒA[’–Úƒ|ƒCƒ“ƒg‚ğƒsƒbƒNƒAƒbƒvI PGAƒcƒA[‚É‹ví—Á‚ªQíBÈwˆê˜N‚ÍLIVA‰¢B’jq‚É‚Í’†“‡Œ[‘¾cc“ú–{l‘Iè‚ª‘±XŠCŠOioI,https://news.yahoo.co.jp/articles/4437901f727e706dd3495b2d61ccee787f926c2e,1/1(Œ) 7:30
minnagolf,‚İ‚ñ‚È‚ÌƒSƒ‹ƒtƒ_ƒCƒWƒFƒXƒg,ƒCƒ“ƒhƒA‚¾‚©‚ç‚±‚»‚Å‚«‚éI ƒ{[ƒ‹‚ğ•¡”g‚Á‚½Aƒ_ƒt‚è‚ğ‰ğÁ‚·‚é—ûKƒhƒŠƒ‹y”N––”Nn‚Åg‚É•t‚¯‚éƒXƒEƒBƒ“ƒO‚ÌŠî–{‡Bz,https://news.yahoo.co.jp/articles/def352199c293c765c0dcd82a7afc4fdacd29a1b,2023/12/31(“ú) 18:30
minnagolf,‚İ‚ñ‚È‚ÌƒSƒ‹ƒtƒ_ƒCƒWƒFƒXƒg,"¬j‚³‚­‚ç‚Ì""‘SŠJƒXƒ}ƒCƒ‹""‚ÍŒƒƒŒƒA!?@’WX‚ÆƒvƒŒ[‚·‚é“V‘RƒLƒƒƒ‰‚ÌƒVƒƒƒbƒ^[ƒ`ƒƒƒ“ƒX‚Í?y—qƒvƒÊ^ŠÙ/¬j‚³‚­‚ç•Òz",https://news.yahoo.co.jp/articles/33dc2aba27ece745f330701fcbb265b2be6efc5e,2023/12/31(“ú) 11:33
minnagolf,‚İ‚ñ‚È‚ÌƒSƒ‹ƒtƒ_ƒCƒWƒFƒXƒg,"Îì—É’¼“`‚Ì""»‘Å‚¿""‚ÆƒTƒEƒi‚Å24”N•œŠˆ—DŸ‚ğ–Úw‚·‰iˆä‰Ô“ŞBƒXƒEƒBƒ“ƒO‚Æ‘Ì‚Ì®‚¦•û‚ğŒê‚é",https://news.yahoo.co.jp/articles/4d4348d4109fe49552aaa5b9bed2972ab8ee5339,2023/12/31(“ú) 7:30
minnagolf,‚İ‚ñ‚È‚ÌƒSƒ‹ƒtƒ_ƒCƒWƒFƒXƒg,‘OŒXƒL[ƒv‚Ì—v‚É‚È‚é‹Ø“÷I ã”¼g‚Æ‰º”¼g‚ğ‚Â‚È‚®u’°˜‹Øv‚ÌƒgƒŒ[ƒjƒ“ƒO–@yŒK–Øu”¿‚Ì‰õiŒ‚‚ğƒTƒ|[ƒg‚·‚éƒgƒŒ[ƒi[‚ª‹³‚¦‚éŠÈ’PƒgƒŒ[ƒjƒ“ƒOz,https://news.yahoo.co.jp/articles/83bb41a5196bbd11bcb28551b2e7131c67119071,2023/12/31(“ú) 6:30
minnagolf,‚İ‚ñ‚È‚ÌƒSƒ‹ƒtƒ_ƒCƒWƒFƒXƒg,”P“]·‚ğŠˆ‚©‚µ‚Ä‘Å‚Â‚½‚ß‚ÉI ‰º”¼g‚Å‘ÌdˆÚ“®‚·‚éŠ´Šo‚ğ’Í‚Şu‘«“¥‚İ•ƒXƒeƒbƒvvƒhƒŠƒ‹y”N––”Nn‚Åg‚É•t‚¯‚éƒXƒEƒBƒ“ƒO‚ÌŠî–{‡Az,https://news.yahoo.co.jp/articles/8af64ec63902bee4a6295183eef91dd24a219963,2023/12/30(“y) 18:30
minnagolf,‚İ‚ñ‚È‚ÌƒSƒ‹ƒtƒ_ƒCƒWƒFƒXƒg,50‘ã‚Ì—q‘å¶‚ªŠw‚ÔƒSƒ‹ƒt‚ÆƒŠƒnƒrƒŠƒe[ƒVƒ‡ƒ“BƒXƒ|[ƒc‚Æ–@—¥A‚»‚µ‚Äu‹¤¶Ğ‰ïv‚ªi‚Ş‚½‚ß‚É,https://news.yahoo.co.jp/articles/a1b1c99836a0728f1f7c2ee75e5498c82d13604d,2023/12/30(“y) 17:25
minnagolf,‚İ‚ñ‚È‚ÌƒSƒ‹ƒtƒ_ƒCƒWƒFƒXƒg,u‚Â‚©‚Ü‚è‚·‚¬‚¸Aƒ‰ƒN‚Éã‚ª‚é‚±‚Æ‚ª‘å–v“ú–{OP”eÒEŠâí•ˆŸ‹v—³‚Ì14–{ƒZƒbƒeƒBƒ“ƒO,https://news.yahoo.co.jp/articles/e4ea79ee6afe01d726ba0d90017cbe8d5a4ad595,2023/12/30(“y) 12:30
minnagolf,‚İ‚ñ‚È‚ÌƒSƒ‹ƒtƒ_ƒCƒWƒFƒXƒg,ƒJƒƒ‰–Úü‚Ì›ÀØX‚Íu©ÌƒAƒCƒhƒ‹v–{—Ì”­Šö! ƒVƒ‡ƒbƒg‚Ì—Í‹­‚³‚Æ‚ÌƒMƒƒƒbƒv‚Éƒtƒ@ƒ“‚àƒƒƒƒ!?y—qƒvƒÊ^ŠÙ/›ÀØX•Òz,https://news.yahoo.co.jp/articles/831b779b6fd22ef29ba183747d7c26787035ff17,2023/12/30(“y) 11:32
minnagolf,‚İ‚ñ‚È‚ÌƒSƒ‹ƒtƒ_ƒCƒWƒFƒXƒg,u–Ú”z‚èA‹C”z‚èAS”z‚èvƒ‰ƒOƒr[Œ³“ú–{‘ã•\E‘å”¨‘å‰î‚ªŒê‚éƒXƒNƒ‰ƒ“ƒuƒ‹‹£‹Z‚Ì–£—Í,https://news.yahoo.co.jp/articles/928d2d6af095b8e63bd27a470205c59ac98c3647,2023/12/30(“y) 7:30
minnagolf,‚İ‚ñ‚È‚ÌƒSƒ‹ƒtƒ_ƒCƒWƒFƒXƒg,‰—DŸ‚©‚çˆê‹C‚É3ŸAŠâˆä–¾ˆ¤‚ÌÅVƒZƒbƒeƒBƒ“ƒOB‘å••ÏX‚È‚µAƒNƒ‰ƒu‚ÌˆÀ’è‚à‹­‚³‚É‚Â‚È‚ª‚Á‚½,https://news.yahoo.co.jp/articles/d7c52bd8e54f594d8e6fa2fbd5a81e27cf3f0f65,2023/12/30(“y) 6:30
minnagolf,‚İ‚ñ‚È‚ÌƒSƒ‹ƒtƒ_ƒCƒWƒFƒXƒg,³‚µ‚¢ƒoƒbƒNƒXƒEƒBƒ“ƒO‚ªg‚É•t‚­I u‹t‘fU‚èvƒhƒŠƒ‹‚ğ‚â‚Á‚Ä‚İ‚æ‚¤y”N––”Nn‚Åg‚É•t‚¯‚éƒXƒEƒBƒ“ƒO‚ÌŠî–{‡@z,https://news.yahoo.co.jp/articles/6a7c33f4308f0627d1386273b365202ec1b6f29e,2023/12/29(‹à) 18:30
minnagolf,‚İ‚ñ‚È‚ÌƒSƒ‹ƒtƒ_ƒCƒWƒFƒXƒg,2024”N‚à•¡”—DŸ‚ª–Ú•W! Šâˆä–¾ˆ¤Eç—åo–…ƒCƒ“ƒ^ƒrƒ…[,https://news.yahoo.co.jp/articles/53b337200e14b7828afd55d85374e348518beb49,2023/12/29(‹à) 17:39
minnagolf,‚İ‚ñ‚È‚ÌƒSƒ‹ƒtƒ_ƒCƒWƒFƒXƒg,Œ´‰pä»‰Ô‚ÍØ‚è•Ô‚µA¬j‚³‚­‚ç‚ÍƒtƒBƒjƒbƒVƒ…Aƒ[ƒYEƒWƒƒƒ“‚ÍƒAƒhƒŒƒXAŸNˆäS“ß‚Í’n–Ê”½—ÍB4l‚Ì—qƒvƒ‚Ì^—‚Ç‚±‚ë‚ğ’†ˆäŠw‚ª‰ğà,https://news.yahoo.co.jp/articles/d46fbbbd7ffb80f1b760a5975b617678d3fd4a60,2023/12/29(‹à) 12:08
minnagolf,‚İ‚ñ‚È‚ÌƒSƒ‹ƒtƒ_ƒCƒWƒFƒXƒg,y2023”NŠCŠOƒƒWƒƒ[ƒvƒŒ[ƒoƒbƒNzgƒNƒ‰ƒX19g‚Ì—‚¿‚±‚Ú‚êB‘S•ÄƒI[ƒvƒ“‚ğ§‚µ‚½‚Ì‚Í’x‚ê‚Ä‚«‚½•š•ºƒEƒBƒ“ƒ_ƒ€EƒNƒ‰[ƒN,https://news.yahoo.co.jp/articles/b1b8041dbe3f3594f0da882fc8705a40fdf93bff,2023/12/29(‹à) 11:30
minnagolf,‚İ‚ñ‚È‚ÌƒSƒ‹ƒtƒ_ƒCƒWƒFƒXƒg,‹}Šp“x‚Å‹È‚ª‚éƒhƒbƒOƒŒƒbƒO‚Å‚Íu“Ë‚«”²‚¯OBv‚É—v’ˆÓI ƒZ[ƒtƒeƒB‚ÉƒeƒB[ƒVƒ‡ƒbƒg‚ğ‘Å‚Â‚½‚ß‚Ìl‚¦•û‚Æ‚ÍHy‰SÒ‚ğ’E‚µ‚½ƒSƒ‹ƒtƒ@[‚ªw100x‚ğØ‚é‚½‚ß‚ÌƒŒƒbƒXƒ“z,https://news.yahoo.co.jp/articles/62af0941a6acdc6f026d7dc317f2242e1d4f1a9f,2023/12/29(‹à) 7:31
minnagolf,‚İ‚ñ‚È‚ÌƒSƒ‹ƒtƒ_ƒCƒWƒFƒXƒg,VEƒzƒuƒ‰ƒ“AREƒtƒ@ƒEƒ‰[AJEƒ‰[ƒ€Aì‘×‰Ê‚Í‰½‚ªƒXƒS‚¢?  ƒVƒ‡ƒbƒgƒ[ƒJ[‚ÌƒXƒEƒBƒ“ƒO‚ğ’†ˆäŠw‚ª‰ğà,https://news.yahoo.co.jp/articles/1f9fdba2b25ed28ab50e95cecb39d788a292a456,2023/12/28(–Ø) 18:30
minnagolf,‚İ‚ñ‚È‚ÌƒSƒ‹ƒtƒ_ƒCƒWƒFƒXƒg,’†Úƒpƒ^[‚ÉAƒgƒ‰ƒbƒNƒ}ƒ“‚à!?uƒNƒ‰ƒuEƒIƒuEƒUEƒCƒ„[v‚ğ‘Io‚µ‚½10l‚ÌƒMƒAŒ«Ò‚ª“Á•ÊÜ‚Éƒmƒ~ƒl[ƒg‚µ‚½¡”N‚Ì’–ÚƒMƒA‚Í?,https://news.yahoo.co.jp/articles/fb672909b77ebd6044d3d52ddd613d3fc1aa04a5,2023/12/28(–Ø) 18:30
minnagolf,‚İ‚ñ‚È‚ÌƒSƒ‹ƒtƒ_ƒCƒWƒFƒXƒg,JLPGA‰! oYŒoŒ±Œã‚ÉƒvƒƒeƒXƒg‡ŠiE_’J˜a‘t‚Ì•¨Œê,https://news.yahoo.co.jp/articles/75c6d3fb56e6f0303f241de5f4f6f71794c55caf,2023/12/28(–Ø) 11:32
minnagolf,‚İ‚ñ‚È‚ÌƒSƒ‹ƒtƒ_ƒCƒWƒFƒXƒg,ƒSƒ‹ƒtƒNƒ‰ƒu‚Ìg‘å‘|œhA‚à‚¤Ï‚Ü‚¹‚½H è“ü‚ê‚Ìd•û‚ğƒvƒ‚ªƒCƒ‰ƒXƒg‚ğŒğ‚¦‚Ä‰ğà,https://news.yahoo.co.jp/articles/6a2d635463745eb5240a945f59e13c77a5d1a45b,2023/12/28(–Ø) 7:31
minnagolf,‚İ‚ñ‚È‚ÌƒSƒ‹ƒtƒ_ƒCƒWƒFƒXƒg,‚¢‚©‚Éuè‚Ì’Ê‚è“¹v‚ğŠm•Û‚·‚é‚©‚ªŠã–½‘è!? ŠCŠOƒvƒ‚½‚¿‚Ì“Á’¥uƒƒCƒhƒoƒbƒNƒXƒEƒBƒ“ƒOv‚©‚çŒ©‚¦‚éAÅVƒSƒ‹ƒtƒXƒEƒBƒ“ƒOŒ¤‹†‚ÌƒgƒŒƒ“ƒhyƒSƒ‹ƒtƒƒJƒjƒNƒXŒ¤‹†Š #2z,https://news.yahoo.co.jp/articles/3c9fd8d91521a2235dbaa7ad46a06477295ad298,2023/12/28(–Ø) 6:30
minnagolf,‚İ‚ñ‚È‚ÌƒSƒ‹ƒtƒ_ƒCƒWƒFƒXƒg,ZX5 Mk‡U‚Ìˆê‹­H uƒNƒ‰ƒuEƒIƒuEƒUEƒCƒ„[v‚Ì‘IlÒ‚½‚¿‚ª‚»‚ê‚¼‚ê‘I‚ñ‚¾A2023”N’–ÚƒAƒCƒAƒ“‚ÍH,https://news.yahoo.co.jp/articles/e393bf440bae739931e5137c48b7ec41a9634e7f,2023/12/27(…) 19:03
minnagolf,‚İ‚ñ‚È‚ÌƒSƒ‹ƒtƒ_ƒCƒWƒFƒXƒg,‹L˜^‚æ‚è‹L‰¯‚Éc‚é’¿ƒvƒŒ[EDƒvƒŒ[yƒf[ƒ^‚ÅU‚è•Ô‚é23”Nz,https://news.yahoo.co.jp/articles/53fbfc98a385dcba32ea14f1f0733c887d30808d,2023/12/27(…) 18:30
minnagolf,‚İ‚ñ‚È‚ÌƒSƒ‹ƒtƒ_ƒCƒWƒFƒXƒg,yƒSƒ‹ƒtƒ‹[ƒ‹ƒNƒCƒYz“¯”ºÒ‚Ì‘Å‚Á‚½‹…‚ª©•ª‚Ìƒ{[ƒ‹‚É“–‚½‚Á‚Äƒsƒ“‚©‚ç‰“‚´‚©‚Á‚½!@Œ³‚É–ß‚µ‚Ä‚¢‚¢‚ñ‚¾‚Á‚¯?,https://news.yahoo.co.jp/articles/ba7d2071d9717e14248fa7a98c3c40df69e70c3c,2023/12/27(…) 12:30
minnagolf,‚İ‚ñ‚È‚ÌƒSƒ‹ƒtƒ_ƒCƒWƒFƒXƒg,SNS‚Åƒ}ƒjƒAƒbƒN‚È’m¯‚ğ”â˜I‚·‚éƒ}ƒCƒPƒ‹EƒLƒ€‚É’–Úy²“¡MlƒAƒCƒYz,https://news.yahoo.co.jp/articles/36998507ffb3cfc1a828331e1ef9219f0018f103,2023/12/27(…) 11:33
minnagolf,‚İ‚ñ‚È‚ÌƒSƒ‹ƒtƒ_ƒCƒWƒFƒXƒg,“úí‚Å‚Í‚Ü‚¸‚µ‚È‚¢AƒSƒ‹ƒtƒXƒEƒBƒ“ƒO‚Ìu‘Ì‚ğ‚Ë‚¶‚é“®‚«v‚Ég‚¤‹Ø“÷‚ğ‚Ù‚®‚µ‚Ä‚¨‚±‚¤I ƒrƒMƒi[‚ÉƒIƒXƒXƒAu•G—§‚¿ƒn[ƒtƒXƒEƒBƒ“ƒOvƒXƒgƒŒƒbƒ`,https://news.yahoo.co.jp/articles/b085de27958fb1b42068f25fbf477486221d34a5,2023/12/27(…) 7:30
minnagolf,‚İ‚ñ‚È‚ÌƒSƒ‹ƒtƒ_ƒCƒWƒFƒXƒg,‰‘ãuƒzƒƒCƒgEƒzƒbƒgv‚ªƒVƒjƒAƒcƒA[‚Ål‹C! 20”N‘O‚Ìƒpƒ^[‚Ì‚¢‚¢‚Æ‚±‚ë‚Ígd‚ß‚Ì’÷‚Ü‚Á‚½h‰¹!?yƒNƒ‰ƒu‘I‚Ñ‚ğƒN[ƒ‹‰ğà!z,https://news.yahoo.co.jp/articles/4ae1f5efc32c722a590bf450c5d7f40374277a55,2023/12/27(…) 6:30
minnagolf,‚İ‚ñ‚È‚ÌƒSƒ‹ƒtƒ_ƒCƒWƒFƒXƒg,‘åÜ‚Íuƒpƒ‰ƒ_ƒCƒ€v‚¾‚Á‚½‚¯‚ê‚ÇBuƒNƒ‰ƒuEƒIƒuEƒUEƒCƒ„[v‚Ì‘IlÒ‚½‚¿‚ª‚»‚ê‚¼‚ê‘I‚ñ‚¾A2023”N’–Úƒhƒ‰ƒCƒo[‚Í‚Ç‚êH,https://news.yahoo.co.jp/articles/85ba04920a3d52e9b60566c5f8ce15db5d0669be,2023/12/26(‰Î) 19:02
minnagolf,‚İ‚ñ‚È‚ÌƒSƒ‹ƒtƒ_ƒCƒWƒFƒXƒg,ƒuƒ‰ƒCƒ\ƒ“EƒfƒVƒƒƒ“ƒ{[‚Ìu58vAƒXƒeƒB[ƒuEƒXƒgƒŠƒbƒJ[‚Í4‚Â‚Ì‹L˜^‚ğXVyƒf[ƒ^‚ÅU‚è•Ô‚é23”N LIVƒSƒ‹ƒtA•ÄƒVƒjƒAA•Ä‰º•”ƒcƒA[•Òz,https://news.yahoo.co.jp/articles/0219f731c9aed8f4cae5b4a61caa7dc95352746b,2023/12/26(‰Î) 18:30
minnagolf,‚İ‚ñ‚È‚ÌƒSƒ‹ƒtƒ_ƒCƒWƒFƒXƒg,ƒSƒ‹ƒtƒ@[‚ğ‘‚â‚·AƒR[ƒX‚ğ‘¶‘±‚³‚¹‚écBuƒSƒ‹ƒt‚Ö‚Ì‰¶•Ô‚µv‚ğ­‚µ‚¾‚¯l‚¦‚Ä‚İ‚Ü‚¹‚ñ‚©?yQã!@ƒSƒ‹ƒtƒ@[‰‰‡‘àz,https://news.yahoo.co.jp/articles/f45cc592583ef390f653a6378a7441ab415d27fe,2023/12/26(‰Î) 12:05
minnagolf,‚İ‚ñ‚È‚ÌƒSƒ‹ƒtƒ_ƒCƒWƒFƒXƒg,¼R‰p÷‚Í–Ÿ‰æwƒI[ƒC! ‚Æ‚ñ‚Úx‚Ì‘åƒtƒ@ƒ“‚¾‚Á‚½! ‚ ‚éƒV[ƒ“‚ÌƒƒU‚É’§í‚µ‚½‚±‚Æ‚àBg¢ŠE‚Ì¼Rh‚ÉŒ´ì‚Ì‚©‚í‚³‚«Œ’‚ª’¼Œ‚,https://news.yahoo.co.jp/articles/63682640f6b185693222cd11069a0963526b04dc,2023/12/26(‰Î) 6:30
minnagolf,‚İ‚ñ‚È‚ÌƒSƒ‹ƒtƒ_ƒCƒWƒFƒXƒg,gƒVƒ“ƒfƒŒƒ‰ƒ{[ƒChƒ‰ƒhƒrƒbƒOEƒAƒo[ƒO‚âgƒxƒeƒ‰ƒ“hƒtƒŒƒbƒhEƒJƒvƒ‹ƒX‚È‚Ç‚ª‹L˜^XVI yƒf[ƒ^‚ÅU‚è•Ô‚é23”N •Ä‘ƒcƒA[A‰¢BƒcƒA[•Òz,https://news.yahoo.co.jp/articles/75711c3ed75486657ef5633ca9aa3c8706cc57e7,2023/12/25(Œ) 19:02
minnagolf,‚İ‚ñ‚È‚ÌƒSƒ‹ƒtƒ_ƒCƒWƒFƒXƒg,u¶˜r‚Ì‚‚ê•ûv‚Å©•ª‚ÉÅ“K‚ÈƒOƒŠƒbƒv‚ª‚í‚©‚é!? ¬—Ñ–çƒvƒ‚ª‹³‚¦‚éA3ƒXƒeƒbƒv‚Å‚Å‚«‚é”»•Ê–@‚ğÀÛ‚É‚µ‚Ä‚İ‚½,https://news.yahoo.co.jp/articles/91b8896cebcbba8657aea28c1e63504db42b1368,2023/12/25(Œ) 18:30
minnagolf,‚İ‚ñ‚È‚ÌƒSƒ‹ƒtƒ_ƒCƒWƒFƒXƒg,y2023”NŠCŠOƒƒWƒƒ[ƒvƒŒ[ƒoƒbƒNzƒuƒ‹ƒbƒNƒXEƒPƒvƒJAƒPƒK‚ÆƒXƒ‰ƒ“ƒv‚ğæ‚è‰z‚¦‚Ä’Í‚ñ‚¾ƒƒWƒƒ[5“x–Ú‚Ì‘ÕŠ¥‚Éu¡‰ñ‚ÌŸ—˜‚ªˆê”ÔƒXƒEƒB[ƒgIv,https://news.yahoo.co.jp/articles/152433bab760844ac4935e15f1bd944ae40dacb7,2023/12/25(Œ) 11:32
minnagolf,‚İ‚ñ‚È‚ÌƒSƒ‹ƒtƒ_ƒCƒWƒFƒXƒg,ƒ„ƒ}ƒnuRMX VD^Mv ƒhƒ‰ƒCƒo[B‚Æ‚±‚Æ‚ñuÅ“K‰»v‚É‚±‚¾‚í‚Á‚½ƒlƒIƒAƒXƒŠ[ƒgƒ‚ƒfƒ‹yƒwƒbƒhƒf[ƒ^‚Í‰R‚Â‚©‚È‚¢z,https://news.yahoo.co.jp/articles/853c9db54d9a7adeb5a7d2724f3c885ed0e0d36b,2023/12/25(Œ) 7:30
minnagolf,‚İ‚ñ‚È‚ÌƒSƒ‹ƒtƒ_ƒCƒWƒFƒXƒg,“V‘‚Éˆê”Ô‹ß‚¢“‡Eƒjƒ…[ƒJƒŒƒhƒjƒA^¢ŠEˆâY‚ÌŠC‚ÆƒSƒ‹ƒt‚ğ–‹iyŒã•Òz,https://news.yahoo.co.jp/articles/9f79bee2cb03d09e7d08563928c549a62045596a,2023/12/25(Œ) 7:04
minnagolf,‚İ‚ñ‚È‚ÌƒSƒ‹ƒtƒ_ƒCƒWƒFƒXƒg,“~‚ÌŠ¦‚³‚â‹­•—‰º‚ÅgˆÀ’è‚µ‚½ƒXƒEƒBƒ“ƒOh‚ğ‚·‚é‚É‚Í‚Ç‚¤‚·‚ê‚Î‚¢‚¢? ƒNƒ‰ƒuƒtƒBƒbƒ^[‚Æl‚¦‚Ä‚İ‚½,https://news.yahoo.co.jp/articles/c13c2e82715236c7866adde56b3f3b1c52dbeee9,2023/12/25(Œ) 6:31
minnagolf,‚İ‚ñ‚È‚ÌƒSƒ‹ƒtƒ_ƒCƒWƒFƒXƒg,R‰º”ü–²—LAŠâˆäo–…A’†“‡Œ[‘¾ccjã‰AÅ”N­AÅ‘½AÅ’·‚ğ’T‚µ‚½I yƒf[ƒ^‚ÅU‚è•Ô‚é23”N ‘“à’j—ƒcƒA[•Òz,https://news.yahoo.co.jp/articles/6a7f47f5f08c68c071298e2b33c001a14f67a7d4,2023/12/24(“ú) 18:30
minnagolf,‚İ‚ñ‚È‚ÌƒSƒ‹ƒtƒ_ƒCƒWƒFƒXƒg,÷‰ƒCƒ“ƒT[ƒg‚Íg‚í‚È‚¢I ƒLƒƒƒƒƒ“ƒpƒ^[‚ª‹à‘®‚É‚±‚¾‚í‚è‘±‚¯‚é——R‚Æ‚ÍyƒLƒƒƒƒƒ“ƒ}ƒjƒAéŒ¾z,https://news.yahoo.co.jp/articles/3c33803774088eccdeb3e1876b470829c3fea077,2023/12/24(“ú) 11:31
minnagolf,‚İ‚ñ‚È‚ÌƒSƒ‹ƒtƒ_ƒCƒWƒFƒXƒg,ƒUƒbƒNƒŠ‚·‚éŒ´ˆö‚ÍƒRƒR‚É‚ ‚é‚©‚à!? ƒoƒ“ƒJ[ƒVƒ‡ƒbƒg‚Å‚Ìèñ‚Ìg‚¢•ûy“äƒLƒƒƒ‰ƒR[ƒ`w‚í‚«‚ã‚¤x‚Ì‹C‚É‚È‚é˜bò46z,https://news.yahoo.co.jp/articles/160151adea84873837028ff835cb277c0865aa25,2023/12/24(“ú) 7:31
minnagolf,‚İ‚ñ‚È‚ÌƒSƒ‹ƒtƒ_ƒCƒWƒFƒXƒg,“V‘‚Éˆê”Ô‹ß‚¢“‡Eƒjƒ…[ƒJƒŒƒhƒjƒA^¢ŠEˆâY‚ÌŠC‚ÆƒSƒ‹ƒt‚ğ–‹iyƒkƒƒA•Òz,https://news.yahoo.co.jp/articles/36ab01e8488c4863648be540b548c93d12095109,2023/12/24(“ú) 7:03
minnagolf,‚İ‚ñ‚È‚ÌƒSƒ‹ƒtƒ_ƒCƒWƒFƒXƒg,ƒuƒŒ‚È‚¢ƒXƒEƒBƒ“ƒO‚ğì‚éI ‘ÌŠ²‚ğ’b‚¦‚éuƒvƒ‰ƒ“ƒN‚Å‰¡•à‚«vƒgƒŒyŒK–Øu”¿‚Ì‰õiŒ‚‚ğƒTƒ|[ƒg‚·‚éƒgƒŒ[ƒi[‚ª‹³‚¦‚éŠÈ’PƒgƒŒ[ƒjƒ“ƒOz,https://news.yahoo.co.jp/articles/6c24dc88d6e6da10f2607b881dc674d3f201f9e1,2023/12/24(“ú) 6:30
minnagolf,‚İ‚ñ‚È‚ÌƒSƒ‹ƒtƒ_ƒCƒWƒFƒXƒg,–¼ƒR[ƒX‚ª34”N‚Ì—ğj‚É–‹y•x—¢ƒSƒ‹ƒt‹äŠy•”z,https://news.yahoo.co.jp/articles/a58bbd965cc7aa1d4e929c85426bbea089cd6e55,2023/12/23(“y) 18:30
minnagolf,‚İ‚ñ‚È‚ÌƒSƒ‹ƒtƒ_ƒCƒWƒFƒXƒg,uƒvƒ‚¾‚¯‚¶‚áƒ_ƒ?vuŠy‚µ‚İ‚ªŒ¸‚év”ò‚Î‚È‚¢ƒ{[ƒ‹‹K§‚É¯Ò‚âƒAƒ}ƒ`ƒ…ƒAƒSƒ‹ƒtƒ@[‚ÌˆÓŒ©‚Í?,https://news.yahoo.co.jp/articles/31c09572572ad39fd5b99bd81595799e5b714527,2023/12/23(“y) 11:31
minnagolf,‚İ‚ñ‚È‚ÌƒSƒ‹ƒtƒ_ƒCƒWƒFƒXƒg,uÅ‚ç‚¸©•ª‚ÌƒSƒ‹ƒt‚ğ‚·‚ê‚Î‚¢‚¢vŠú‘Ò‚Ìƒ‹[ƒL[E‹gàV—MŒyƒCƒ“ƒ^ƒrƒ…[z,https://news.yahoo.co.jp/articles/4a85e6a0ce1bbfcaef5bf0be3de2e383bc5bf9d2,2023/12/23(“y) 7:31
minnagolf,‚İ‚ñ‚È‚ÌƒSƒ‹ƒtƒ_ƒCƒWƒFƒXƒg,"‚ ‚È‚½‚Íg–¢—ˆ“W–]Œ^h? ‚»‚ê‚Æ‚àg‰ß‹‰ñ‘zŒ^hH ƒSƒ‹ƒt‚ÉŠˆ—p‚Å‚«‚éƒ^ƒCƒv•ÊuS—ƒxƒNƒgƒ‹v‚Æuvlƒpƒ^[ƒ“v‚Æ‚ÍHyŒ³ƒvƒ–ì‹…R”»‚ÌƒR[ƒ`‚ª‹³‚¦‚é""SƒgƒŒ""”11z",https://news.yahoo.co.jp/articles/6317f78c8f05af4a93fa0cb30edb67f3e91f9b0d,2023/12/23(“y) 7:03
minnagolf,‚İ‚ñ‚È‚ÌƒSƒ‹ƒtƒ_ƒCƒWƒFƒXƒg,ƒXƒNƒƒbƒh‚Æ2ƒ{[ƒ‹ƒuƒŒ[ƒhAƒpƒ^[“ñ“—¬‚Å5ŸB”NŠÔ—‰¤ER‰º”ü–²—L‚ÌÅVƒZƒbƒeƒBƒ“ƒO,https://news.yahoo.co.jp/articles/6fee7df114169fd904b9349c7665fe39c55a3a35,2023/12/23(“y) 6:30
minnagolf,‚İ‚ñ‚È‚ÌƒSƒ‹ƒtƒ_ƒCƒWƒFƒXƒg,–l‚ç‚¾‚©‚çAŠy‚µ‚ß‚é! Ô‚¢‚·ƒSƒ‹ƒtƒ@[‚ÌH•v‚Æ’§í,https://news.yahoo.co.jp/articles/00c03b2f99532a29e1e705eabfbe113913d83a3f,2023/12/22(‹à) 19:04
minnagolf,‚İ‚ñ‚È‚ÌƒSƒ‹ƒtƒ_ƒCƒWƒFƒXƒg,ƒAƒCƒAƒ“‚Íuƒ[ƒNƒVƒI12v‚ÆuƒXƒeƒ‹ƒXv‚ª¡”N‚àl‹C! Še—Ê”Ì“X‚Ì2023”NƒNƒ‰ƒu”„‚èã‚°ƒ‰ƒ“ƒLƒ“ƒO‚Ü‚Æ‚ßyƒAƒCƒAƒ“AƒEƒFƒbƒWAƒ`ƒbƒp[Aƒpƒ^[•Òz,https://news.yahoo.co.jp/articles/d15cca2ab1058ef0cf972410511c53b7de1702ab,2023/12/22(‹à) 18:30
minnagolf,‚İ‚ñ‚È‚ÌƒSƒ‹ƒtƒ_ƒCƒWƒFƒXƒg,y2023”NŠCŠOƒƒWƒƒ[ƒvƒŒ[ƒoƒbƒNzƒZƒx‚É•ù‚°‚éƒ}ƒXƒ^[ƒYV ƒXƒyƒCƒ“¨4l–Ú‚ÌƒOƒŠ[ƒ“ƒWƒƒƒPƒbƒg‚ÉƒWƒ‡ƒ“Eƒ‰[ƒ€‚ª‹ƒ‚¢‚½,https://news.yahoo.co.jp/articles/5476504726cfa2b55479f5aa7e0b4df55154fe4d,2023/12/22(‹à) 12:05
minnagolf,‚İ‚ñ‚È‚ÌƒSƒ‹ƒtƒ_ƒCƒWƒFƒXƒg,ƒ[ƒYAƒfƒCAƒtƒ@ƒEƒ‰[AƒOƒ[ƒo[ccg•œŠˆ‚Ìƒhƒ‰ƒ}h‚ª˜b‘è‚ğŒÄ‚ñ‚¾¡”N‚ÌPGAƒcƒA[,https://news.yahoo.co.jp/articles/feaf8107420cf3a35e2cb33d5280ddb9d9b244fb,2023/12/22(‹à) 11:32
minnagolf,‚İ‚ñ‚È‚ÌƒSƒ‹ƒtƒ_ƒCƒWƒFƒXƒg,ƒtƒFƒAƒEƒFƒCƒoƒ“ƒJ[‚©‚ç‚Ì’Eo‚Íu‚ ‚¦‚Äƒgƒbƒv‚·‚év‚ª³‰ğ!? ‚¢‚Á‚½‚¢‚È‚ºH ƒgƒbƒv‚µ‚â‚·‚¢ƒAƒhƒŒƒX‚ğì‚éƒRƒc‚ÍHy‰SÒ‚ğ’E‚µ‚½ƒSƒ‹ƒtƒ@[‚ªw100x‚ğØ‚é‚½‚ß‚ÌƒŒƒbƒXƒ“z,https://news.yahoo.co.jp/articles/f5ec7363b6ed73430f0facb5a4243164c02166c5,2023/12/22(‹à) 7:31
minnagolf,‚İ‚ñ‚È‚ÌƒSƒ‹ƒtƒ_ƒCƒWƒFƒXƒg,“Œ‚Ìˆäã½ˆêA¼‚Ìã“c¡‚à‡“–‚É‘IoI ƒR[ƒXİŒvÒ“a“°‚ÌŠç‚Ô‚ê,https://news.yahoo.co.jp/articles/ca428d0ec674b213065493b9a8dfb467a781b829,2023/12/22(‹à) 6:32
minnagolf,‚İ‚ñ‚È‚ÌƒSƒ‹ƒtƒ_ƒCƒWƒFƒXƒg,ƒhƒ‰ƒCƒo[‚ÍuG430 MAXv‚ªˆ³“|“Il‹C!? Še—Ê”Ì“X‚Ì2023”NƒNƒ‰ƒu”„‚èã‚°ƒ‰ƒ“ƒLƒ“ƒO‚Ü‚Æ‚ßy1WAFWAUT•Òz,https://news.yahoo.co.jp/articles/10544a8bcb3e3249e3082fa0a8b2c900b4b20265,2023/12/21(–Ø) 18:30
minnagolf,‚İ‚ñ‚È‚ÌƒSƒ‹ƒtƒ_ƒCƒWƒFƒXƒg,ƒXƒ‰ƒCƒT[‚Í‰E‚ğŒü‚¢‚Ä\‚¦‚é‚ÆƒXƒEƒBƒ“ƒO‚ªƒXƒ€[ƒY‚É‚È‚é!? ƒhƒ‰ƒCƒo[ƒVƒ‡ƒbƒg‚ª—Ç‚­‚È‚é\‚¦•ûy–ÚàVGŒ›EƒXƒEƒBƒ“ƒO3.0@”9z,https://news.yahoo.co.jp/articles/10671bf65dfa347f96c995131a6db302392f9777,2023/12/21(–Ø) 12:08
minnagolf,‚İ‚ñ‚È‚ÌƒSƒ‹ƒtƒ_ƒCƒWƒFƒXƒg,ƒAƒ}ƒ`ƒ…ƒA‚Í5Y”ò‚Î‚È‚­‚È‚é? g”ò‚Î‚È‚¢ƒ{[ƒ‹–â‘èhuƒvƒ‚Í28”NAƒAƒ}‚Í30”N‚©‚çvƒ‹[ƒ‹Ì—p! ƒ[ƒJ[‚â‘Iè‚½‚¿‚Ì”½‰‚Í?,https://news.yahoo.co.jp/articles/12b62d141ae40443db6a5d857098c8673a2c3c98,2023/12/21(–Ø) 11:31
minnagolf,‚İ‚ñ‚È‚ÌƒSƒ‹ƒtƒ_ƒCƒWƒFƒXƒg,ƒAƒCƒAƒ“‚Ìƒ~[ƒg—¦ƒAƒbƒv‚É‚Â‚È‚ª‚éI ‘Ì‚Ì²‚ğˆÀ’è‚³‚¹‰“S—Í‚ğŠˆ‚©‚µ‚ÄU‚éƒRƒc‚ğAƒvƒ‚ªƒCƒ‰ƒXƒg‚ğŒğ‚¦‚Ä‰ğà,https://news.yahoo.co.jp/articles/95316acec7175d7f89fe1c2690e17c291e57bc8b,2023/12/21(–Ø) 7:30
minnagolf,‚İ‚ñ‚È‚ÌƒSƒ‹ƒtƒ_ƒCƒWƒFƒXƒg,‘å’JãÄ•½‚Ìu–Ú•WƒV[ƒgv‚É‚à’Ê‚¶‚éA—Ç‚¢ƒpƒtƒH[ƒ}ƒ“ƒX‚ğo‚·‚½‚ß‚Ìuƒƒ“ƒ^ƒ‹ƒ}ƒlƒWƒƒ“ƒgv‚Ìl‚¦•û‚Æ‚ÍHyƒSƒ‹ƒtƒƒJƒjƒNƒXŒ¤‹†Š #1z,https://news.yahoo.co.jp/articles/6cae137555f48475848685852e0054456172b1da,2023/12/21(–Ø) 6:30
minnagolf,‚İ‚ñ‚È‚ÌƒSƒ‹ƒtƒ_ƒCƒWƒFƒXƒg,ƒAƒ}ƒ`ƒ…ƒA‚É‘«‚è‚È‚¢‚Ì‚ÍuU‚èØ‚év“®‚«!?@ƒxƒeƒ‰ƒ“ƒvƒ‚ª‹³‚¦‚Ä‚­‚ê‚½gƒXƒRƒA‚É‚Â‚È‚ª‚éhƒXƒEƒBƒ“ƒO‚Æ‚Í?,https://news.yahoo.co.jp/articles/1acc0a6c860edfbb93268de815545845ce5d4aca,2023/12/20(…) 19:00
minnagolf,‚İ‚ñ‚È‚ÌƒSƒ‹ƒtƒ_ƒCƒWƒFƒXƒg,ƒƒCƒ„ƒ‹ƒRƒŒƒNƒVƒ‡ƒ“uBBv‚ª1–œ‰ñ“]!! ˆê”Ô~‚Ü‚éƒEƒFƒbƒW‚Í‚Ç‚ê‚¾!? y2023”NS-1ƒOƒ‰ƒ“ƒvƒŠ^ƒxƒXƒg16z,https://news.yahoo.co.jp/articles/c9e8d154f408834519b49e9341aa42624ae7d668,2023/12/20(…) 18:56
minnagolf,‚İ‚ñ‚È‚ÌƒSƒ‹ƒtƒ_ƒCƒWƒFƒXƒg,R‰º”ü–²—L‚ªu4Š¥v‚ğ’B¬I ‹g“c—D—˜‚âŒ´‰pä»‰Ô‚È‚Ç‚ª‰ï‚É‰Ø‚ğ“Y‚¦‚½yJLPGA ƒAƒ[ƒh 2023z,https://news.yahoo.co.jp/articles/0cd51eaec4e7730036b03c5c02c67d1de187b2c7,2023/12/20(…) 16:10
minnagolf,‚İ‚ñ‚È‚ÌƒSƒ‹ƒtƒ_ƒCƒWƒFƒXƒg,’jqƒSƒ‹ƒt‚ÍA’†“‡Œ[‘¾Aì‘×‰ÊA‹à’J‘ñÀ‚ÌuNSKv‘ã“—ˆ!? OÒO—l‚ÌƒLƒƒƒ‰‚ÆƒXƒ^ƒCƒ‹‚É’–Úy²“¡MlƒAƒCƒYz,https://news.yahoo.co.jp/articles/9eaa6ee7e9ee1197cc0c3a10a88be0825181ae01,2023/12/20(…) 11:33
minnagolf,‚İ‚ñ‚È‚ÌƒSƒ‹ƒtƒ_ƒCƒWƒFƒXƒg,ƒrƒMƒi[‚ªŠ¨ˆá‚¢‚µ‚â‚·‚¢•\Œ»u‘Ì‚Ì³–Ê‚Å‘Å‚Âv‚ğ[Œ@‚èI n‚ß‚½‚Ä‚Í‘Ì‚à˜rEƒNƒ‰ƒu‚à^³–Ê‚ğŒü‚¢‚Ä‚¢‚¢!?,https://news.yahoo.co.jp/articles/d8cb27d6fe47a40610419d882944b7087c446ae5,2023/12/20(…) 7:31
minnagolf,‚İ‚ñ‚È‚ÌƒSƒ‹ƒtƒ_ƒCƒWƒFƒXƒg,HS40m/sEƒAƒxƒŒ[ƒWƒSƒ‹ƒtƒ@[‚ÌƒAƒCƒAƒ“‘I‚ÑB‘å‚«‚Èƒwƒbƒh‚Æ¬‚³‚ÈƒwƒbƒhA‚Ç‚Á‚¿‚ª‚¢‚¢?yƒNƒ‰ƒu‘I‚Ñ‚ğƒN[ƒ‹‰ğà!z,https://news.yahoo.co.jp/articles/11d49c0ab2c2d9165c6b56e3e61b55390593c173,2023/12/20(…) 6:32
minnagolf,‚İ‚ñ‚È‚ÌƒSƒ‹ƒtƒ_ƒCƒWƒFƒXƒg,ƒƒCƒ„ƒ‹ƒRƒŒƒNƒVƒ‡ƒ“uBBv‚ª1–œ‰ñ“]’´!! ÅVƒEƒFƒbƒW16ƒ‚ƒfƒ‹‚Ì’†‚Åˆê”ÔƒXƒsƒ“‚ª‚©‚©‚Á‚Ä~‚Ü‚é‚Ì‚Í‚Ç‚ê‚¾!? y2023”NS-1ƒOƒ‰ƒ“ƒvƒŠ^—\‘Iz,https://news.yahoo.co.jp/articles/d450f2965430a6af4dab7e6c21fb6e72b04ce95b,2023/12/19(‰Î) 18:30
minnagolf,‚İ‚ñ‚È‚ÌƒSƒ‹ƒtƒ_ƒCƒWƒFƒXƒg,ƒVƒ‡ƒbƒg‚âƒpƒbƒg‚ÌƒCƒ[ƒW‚Íˆ«‚­‚È‚¢‚Ì‚ÉA‚È‚º‚©ƒXƒRƒA‚ªˆ«‚¢ccB‚»‚ñ‚ÈƒSƒ‹ƒtƒ@[‚É‘åØ‚È‚Ì‚ÍƒRƒŒ!yQã!@ƒSƒ‹ƒtƒ@[‰‰‡‘àz,https://news.yahoo.co.jp/articles/9a45804172d6e7d3e2f6e93cb94280f2f24c725a,2023/12/19(‰Î) 18:00
minnagolf,‚İ‚ñ‚È‚ÌƒSƒ‹ƒtƒ_ƒCƒWƒFƒXƒg,ƒXƒ|ƒ“ƒT[‚É‚ÍŒµ‚µ‚¢¢ŠEH PGAƒcƒA[‚ÌÜ‹àŠz‚Ì‚“«‚Í‚Ç‚±‚Ü‚ÅH ƒEƒFƒ‹ƒYEƒtƒ@[ƒS‚ªPGAƒcƒA[“P‘Ş,https://news.yahoo.co.jp/articles/551617434cabf730caeab4361d67654f273dff60,2023/12/19(‰Î) 12:08
minnagolf,‚İ‚ñ‚È‚ÌƒSƒ‹ƒtƒ_ƒCƒWƒFƒXƒg,‰‚Ìƒ~ƒbƒNƒXí‚ÅƒWƒFƒCƒ\ƒ“EƒfƒC‚ÆƒŠƒfƒBƒAEƒR[‚ÌŒ³¢ŠEƒ‰ƒ“ƒN1ˆÊƒRƒ“ƒr‚ª—DŸI,https://news.yahoo.co.jp/articles/b77e2d9ea1a83fbf37bc8b0e29a1433f346bfb2f,2023/12/19(‰Î) 7:31
minnagolf,‚İ‚ñ‚È‚ÌƒSƒ‹ƒtƒ_ƒCƒWƒFƒXƒg,24”N‚ÍƒAƒƒŠƒJƒcƒA[Qí! u‘ål‚É‚È‚Á‚½vˆîŒ©–G”J‚ªƒXƒEƒBƒ“ƒO‚â«Ši‚Ì•Ï‰»‚ğŒê‚éy“ÆèƒCƒ“ƒ^ƒrƒ…[z,https://news.yahoo.co.jp/articles/5dc494679f15605d92546ad9b8eb0f3bc3317e9c,2023/12/19(‰Î) 6:31
minnagolf,‚İ‚ñ‚È‚ÌƒSƒ‹ƒtƒ_ƒCƒWƒFƒXƒg,23”N‚ÌƒSƒ‹ƒtMVPA‚ ‚È‚½‚È‚ç’N‚ğ‘I‚Ô? —q‚à’jq‚à‚â‚Á‚Ï‚èÜ‹à‰¤? ¯Ò‚âˆê”ÊƒSƒ‹ƒtƒ@[‚É•·‚¢‚Ä‚İ‚½,https://news.yahoo.co.jp/articles/701c0524e3931dac77cabbb29659ee2ec9bcaa17,2023/12/18(Œ) 19:01
minnagolf,‚İ‚ñ‚È‚ÌƒSƒ‹ƒtƒ_ƒCƒWƒFƒXƒg,‚â‚é‚¾‚¯‚Åâ‘Î‚Éãè‚­‚È‚é!? ƒvƒƒR[ƒ`E‰Y‘å•ã‚ªƒIƒXƒXƒ‚·‚éƒAƒvƒ[ƒ`Eƒpƒ^[‚Ì—ûKƒhƒŠƒ‹‚ğ‚µ‚Ä‚İ‚½,https://news.yahoo.co.jp/articles/5c19a1bc20bf8cf6ffa5e74a990b9cf079168cd9,2023/12/18(Œ) 18:30
minnagolf,‚İ‚ñ‚È‚ÌƒSƒ‹ƒtƒ_ƒCƒWƒFƒXƒg,ƒ^ƒCƒK[‚ÌƒLƒƒƒfƒB‚Í’·—ƒTƒ€I eq3l‚Å‚ÌPNC‘IèŒ ‚Íu‚·‚×‚Ä‚ÌuŠÔ‚ª“Á•Ê‚¾‚Á‚½vB‘§qƒ`ƒƒ[ƒŠ[‚ÌƒKƒbƒcƒ|[ƒY‚É‚Íu©•ª‚ğŒ©‚Ä‚é‚İ‚½‚¢iÎjv,https://news.yahoo.co.jp/articles/5064b9f079141d3378fe8ad589b6d58a3d235186,2023/12/18(Œ) 11:32
minnagolf,‚İ‚ñ‚È‚ÌƒSƒ‹ƒtƒ_ƒCƒWƒFƒXƒg,ƒe[ƒ‰[ƒƒCƒhuP790vƒAƒCƒAƒ“B‚â‚â’·‚ß‚ÌƒtƒF[ƒX’·‚ÅˆÀSŠ´‚ª‚ ‚èAƒ‰ƒt‚Ì”²‚¯‚à‚¢‚¢yƒwƒbƒhƒf[ƒ^‚Í‰R‚Â‚©‚È‚¢!z,https://news.yahoo.co.jp/articles/6ddf6e0dbb09afeb9713722974de6986c859ebe6,2023/12/18(Œ) 7:31
minnagolf,‚İ‚ñ‚È‚ÌƒSƒ‹ƒtƒ_ƒCƒWƒFƒXƒg,u100Ø‚èv‚ÉŒø‰Ê“I‚ÈƒNƒ‰ƒuƒZƒbƒeƒBƒ“ƒO‚ğƒtƒBƒbƒ^[‚Æl‚¦‚Ä‚İ‚½Bƒhƒ‰ƒCƒo[‚Íƒƒtƒg11“x‚Å44.5`45ƒCƒ“ƒ`‚ª‚¨‚·‚·‚ß!?,https://news.yahoo.co.jp/articles/dec6fa3cabbbfe1e2ef4ba4f1349e0b7d834cbb8,2023/12/18(Œ) 6:30
minnagolf,‚İ‚ñ‚È‚ÌƒSƒ‹ƒtƒ_ƒCƒWƒFƒXƒg,"Šw¶‚ğ""Ğ‰ïl""‚Æ‚µ‚Äˆç‚Ä‚é! “ú–{ƒvƒ•“ú–{Šw¶‰¤Ò‚ğ¶‚ñ‚¾‘åãŠw‰@‘åƒSƒ‹ƒt•”y‘åŠwƒSƒ‹ƒt•”‚Ì‹³‚¦‡B—Ñ‰hìŠÄ“Âz",https://news.yahoo.co.jp/articles/0feb5e23352b806de8fdef4e26a6d6df3c304085,2023/12/17(“ú) 18:30
minnagolf,‚İ‚ñ‚È‚ÌƒSƒ‹ƒtƒ_ƒCƒWƒFƒXƒg,ˆîŒ©–G”JA‰Pˆä—íA‹gàV—MŒ‚ª‰‚ÌƒWƒ…ƒjƒAƒŒƒbƒXƒ“‚ğÀ{I,https://news.yahoo.co.jp/articles/630c11c1ad42cf1e799a1394de554a7085a99bb5,2023/12/17(“ú) 17:16
minnagolf,‚İ‚ñ‚È‚ÌƒSƒ‹ƒtƒ_ƒCƒWƒFƒXƒg,ƒ}ƒXƒ^[ƒY‚ÌƒOƒŠ[ƒ“‚ğ‘ÌŒ±‚Å‚«‚éH ‚º’rGC‚ÆƒJƒŒƒhƒjƒAƒ“GCA14ƒtƒB[ƒg‚Ö‚Ì’§í,https://news.yahoo.co.jp/articles/364847fdf111a06f6af2ec44ab1ca4c1d4a30b41,2023/12/17(“ú) 11:30
minnagolf,‚İ‚ñ‚È‚ÌƒSƒ‹ƒtƒ_ƒCƒWƒFƒXƒg,"""ƒJƒbƒg‚É‘Å‚Â""‚Íƒoƒ“ƒJ[ƒVƒ‡ƒbƒg‚Ì”ñí¯!? ƒXƒNƒGƒA‚É\‚¦‚Ä""ƒVƒ‡ƒbƒgŠ´Šo""‚ª’Eo‚Ì‹ß“¹‚¾y“äƒLƒƒƒ‰ƒR[ƒ`w‚í‚«‚ã‚¤x‚Ì‹C‚É‚È‚é˜bò45z",https://news.yahoo.co.jp/articles/4c5c08404bdff6513abb6bd09bad39659f44fbee,2023/12/17(“ú) 7:30
minnagolf,‚İ‚ñ‚È‚ÌƒSƒ‹ƒtƒ_ƒCƒWƒFƒXƒg,—‘z“I‚ÈƒXƒEƒBƒ“ƒO‚Ì‘æˆê•àI ³‚µ‚¢ƒAƒhƒŒƒX‚Ìp¨‚ğì‚éƒgƒŒ[ƒjƒ“ƒOyŒK–Øu”¿‚Ì‰õiŒ‚‚ğƒTƒ|[ƒg‚·‚éƒgƒŒ[ƒi[‚ª‹³‚¦‚éŠÈ’PƒgƒŒ[ƒjƒ“ƒOz,https://news.yahoo.co.jp/articles/f5f40f1d358b7ae8cf8688123f271c187ab402fd,2023/12/17(“ú) 6:30
minnagolf,‚İ‚ñ‚È‚ÌƒSƒ‹ƒtƒ_ƒCƒWƒFƒXƒg,u©—Rv‚Æu©ŒÈÓ”Cv‚ª‹­‚³‚ğì‚é! Ü‹à‰¤‚Ì’†“‡Œ[‘¾‚â‰Í–{—Í‚ç‚ğ¶‚ñ‚¾“ú‘Ì‘åƒSƒ‹ƒt•”y‘åŠwƒSƒ‹ƒt•”‚Ì‹³‚¦‡A–ØŒ´—S“ñŠÄ“Âz,https://news.yahoo.co.jp/articles/48afc16142865efb44f70b43255d13e728d08a06,2023/12/16(“y) 18:30
minnagolf,‚İ‚ñ‚È‚ÌƒSƒ‹ƒtƒ_ƒCƒWƒFƒXƒg,ŠCŠO‚Å¬Œ÷‚·‚é‚É‚Íƒtƒ@ƒ“ƒ_ƒƒ“ƒ^ƒ‹‚Æƒƒ“ƒ^ƒ‹‚ªd—vI “ú–{‚ÆƒI[ƒXƒgƒ‰ƒŠƒA‚ÌƒSƒ‹ƒt‚Ìˆá‚¢‚ğƒuƒ‰ƒbƒhEƒPƒlƒfƒB‚ÌƒR[ƒ`‚ªŒê‚Á‚½,https://news.yahoo.co.jp/articles/83a5564f9553e26915e00af4d4509d4ed58726c2,2023/12/16(“y) 11:32
minnagolf,‚İ‚ñ‚È‚ÌƒSƒ‹ƒtƒ_ƒCƒWƒFƒXƒg,"ƒSƒ‹ƒtƒ@[‚Ìs“®ƒpƒ^[ƒ“‚Íu–Ú•WvlŒ^v‚Æuó‹µ‘Î‰Œ^v‚Ì2‚Â‚É•ª—Ş‚³‚ê‚é!? ‚»‚ê‚¼‚ê‚Ç‚ñ‚È“Á’¥‚ª‚ ‚éHyŒ³ƒvƒ–ì‹…R”»‚ÌƒR[ƒ`‚ª‹³‚¦‚é""SƒgƒŒ""”10z",https://news.yahoo.co.jp/articles/eab2f6f2ff54b2a67093c4e6bc2cc9cb80887008,2023/12/16(“y) 7:30
minnagolf,‚İ‚ñ‚È‚ÌƒSƒ‹ƒtƒ_ƒCƒWƒFƒXƒg,7l–Ú‚ÌƒAƒ}ƒ`ƒ…ƒA—DŸA™‰Y—I‘¾‚ÌÅVƒZƒbƒeƒBƒ“ƒOBVƒpƒ^[Ai-ONE‚Ì“Š“ü‚àƒYƒoƒŠ‚Í‚Ü‚Á‚½!,https://news.yahoo.co.jp/articles/a65a3b5ecae7635107143030c618ecefa1de39d9,2023/12/16(“y) 6:30
minnagolf,‚İ‚ñ‚È‚ÌƒSƒ‹ƒtƒ_ƒCƒWƒFƒXƒg,"uƒp[ƒIƒ“‹Ö~ƒ‰ƒEƒ“ƒhv‚Å""Œ«‚¢ƒSƒ‹ƒt""‚ğ–‚¢‚Ä‚é!? “ú–{ƒAƒ}‰¤ÒE’†–ì—Ù‘¾˜N‚ğ”yo‚µ‚½‘‘åƒSƒ‹ƒt•”‚Ìˆç¬•ûjy‘åŠwƒSƒ‹ƒt•”‚Ì‹³‚¦‡@Ä–ìŒbNŠÄ“Âz",https://news.yahoo.co.jp/articles/4edb56a8ef21c552f2bd33cdcc718a4bec79929b,2023/12/15(‹à) 18:31
minnagolf,‚İ‚ñ‚È‚ÌƒSƒ‹ƒtƒ_ƒCƒWƒFƒXƒg,¡‹GƒƒWƒƒ[2ŸA—q¢ŠEƒ‰ƒ“ƒN1ˆÊƒŠƒŠƒAEƒuB‹­‚­í‚¤‚½‚ß‚ÌgŒ´“®—Íh‚ÍAí‰Ğ‚ğ“¦‚ê‰Æ‘°‚ğ‹~‚Á‚½‘c•ƒ‚Ì‘¶İ,https://news.yahoo.co.jp/articles/9ccf4aff242befc15fb5216fd8c7d92357ac6f5f,2023/12/15(‹à) 12:04
minnagolf,‚İ‚ñ‚È‚ÌƒSƒ‹ƒtƒ_ƒCƒWƒFƒXƒg,ƒvƒ‚ğ–Úw‚·ƒSƒ‹ƒtƒ@[‚Ì—ûKŠÔ‚Í1“ú2ŠÔ!? “ú–{‚ÆƒI[ƒXƒgƒ‰ƒŠƒA‚ÌƒSƒ‹ƒt‚Ìˆá‚¢‚ğƒuƒ‰ƒbƒhEƒPƒlƒfƒB‚ÌƒR[ƒ`‚ªŒê‚Á‚½,https://news.yahoo.co.jp/articles/821a2d9e50e57a60f7a5f60b998017b3faddd561,2023/12/15(‹à) 11:32
minnagolf,‚İ‚ñ‚È‚ÌƒSƒ‹ƒtƒ_ƒCƒWƒFƒXƒg,uƒOƒ‰ƒXƒoƒ“ƒJ[v‚©‚ç’Eo‚·‚éÛ‚É‹C‚ğ•t‚¯‚½‚¢ƒ|ƒCƒ“ƒgA‚»‚µ‚Ä»‚Ìƒoƒ“ƒJ[‚Æ‚Ìg‘å‚«‚Èˆá‚¢h‚Æ‚ÍHy‰SÒ‚ğ’E‚µ‚½ƒSƒ‹ƒtƒ@[‚ªw100x‚ğØ‚é‚½‚ß‚ÌƒŒƒbƒXƒ“z,https://news.yahoo.co.jp/articles/65c8efe78f497d9fb68aad4ffeb26114870f3249,2023/12/15(‹à) 7:31
minnagolf,‚İ‚ñ‚È‚ÌƒSƒ‹ƒtƒ_ƒCƒWƒFƒXƒg,‚Z‘ã‚àu‚ ‚Ì‚Ü‚ñ‚Ü‚Å‚µ‚½vB¬j‚³‚­‚ç‚Ì’nŒ³E–kŠC“¹‚Ì—F’B‚ªŒê‚ég“V‘RƒGƒsƒ\[ƒhh,https://news.yahoo.co.jp/articles/4653bcb0930d3cf9a25449930c8b9c1318a2af4e,2023/12/15(‹à) 6:31
minnagolf,‚İ‚ñ‚È‚ÌƒSƒ‹ƒtƒ_ƒCƒWƒFƒXƒg,"""ƒ„ƒ}ƒn‚ÌƒNƒ‰ƒu‚ğg‚Á‚Ä‚Ä‚æ‚©‚Á‚½!"" ƒcƒA[ƒvƒ‚©‚çˆê‘«‘‚¢""ƒNƒŠƒXƒ}ƒXƒvƒŒƒ[ƒ“ƒg"" uYAMAHA GOLF FAN SUMMIT 2023vŠJÃ",https://news.yahoo.co.jp/articles/344695bb5782148592eb13d030d5b2bf39562210,2023/12/14(–Ø) 19:00
minnagolf,‚İ‚ñ‚È‚ÌƒSƒ‹ƒtƒ_ƒCƒWƒFƒXƒg,ƒIƒfƒbƒZƒCƒpƒ^[‚ª‘S38‡’†22Ÿ!? 2023”N‘“à—qƒcƒA[—DŸÒ‚½‚¿‚Ìg—pƒMƒA‚ğ‘‚Ü‚Æ‚ßIyƒpƒ^[Eƒ{[ƒ‹EƒVƒƒƒtƒg•Òz,https://news.yahoo.co.jp/articles/b61a97fed237e5910c02985b9e454de1ccf434e6,2023/12/14(–Ø) 18:30
minnagolf,‚İ‚ñ‚È‚ÌƒSƒ‹ƒtƒ_ƒCƒWƒFƒXƒg,2”N˜A‘±”NŠÔ—‰¤‚ÌR‰º”ü–²—L‚Æƒvƒ2”N–Ú‚ÅÜ‹à‰¤‚Ì’†“‡Œ[‘¾B2l‚Ìƒhƒ‰ƒCƒo[ƒXƒEƒBƒ“ƒO‚ğ“ìG÷ƒvƒƒR[ƒ`‚ª‰ğà,https://news.yahoo.co.jp/articles/5f4ca197f7a661aee100b1979a4441a8de5dd214,2023/12/14(–Ø) 11:30
minnagolf,‚İ‚ñ‚È‚ÌƒSƒ‹ƒtƒ_ƒCƒWƒFƒXƒg,ƒSƒ‹ƒtƒXƒEƒBƒ“ƒO‚Ì‘ÌdˆÚ“®A‚Ç‚¤‚â‚é‚Ì‚ª³‰ğH ƒvƒ‚ªƒCƒ‰ƒXƒg‚ğŒğ‚¦‚Ä‰ğà,https://news.yahoo.co.jp/articles/b50c186a0e66e4adf32d54ac0c77b68dde23990b,2023/12/14(–Ø) 7:31
minnagolf,‚İ‚ñ‚È‚ÌƒSƒ‹ƒtƒ_ƒCƒWƒFƒXƒg,ƒEƒFƒbƒW‚Åu‚‚­vAu_‚ç‚©‚­v‘Å‚Â‚½‚ß‚Ì4‚Â‚ÌuŠî–{Œ´‘¥v‚Æ‚ÍHy‰ğàuƒUEƒSƒ‹ƒtƒBƒ“ƒOƒ}ƒV[ƒ“v#108z,https://news.yahoo.co.jp/articles/8e4975949e84bbc50abcf4e2e2292973a41442af,2023/12/14(–Ø) 6:31
minnagolf,‚İ‚ñ‚È‚ÌƒSƒ‹ƒtƒ_ƒCƒWƒFƒXƒg,ƒ`ƒƒƒ“ƒsƒIƒ“‚½‚¿‚ÌƒNƒ‰ƒu`2023”NJLPGAƒŒƒMƒ…ƒ‰[ƒcƒA[`yƒhƒ‰ƒCƒo[AƒAƒCƒAƒ“•Òz,https://news.yahoo.co.jp/articles/2312110b0f483e6733cdfadcbfbc3b808dd83204,2023/12/13(…) 18:33
minnagolf,‚İ‚ñ‚È‚ÌƒSƒ‹ƒtƒ_ƒCƒWƒFƒXƒg,9”N‚Ô‚è‚Ì—DŸ‚ğ“V‘‚Ì–º‚Ö•ù‚°‚½ƒJƒ~ƒEƒrƒWƒFƒKƒX‚ğƒsƒbƒNƒAƒbƒvIy²“¡MlƒAƒCƒYz,https://news.yahoo.co.jp/articles/b4bc41d126e49ec2b119c3a55cddf6eca8105c80,2023/12/13(…) 18:06
minnagolf,‚İ‚ñ‚È‚ÌƒSƒ‹ƒtƒ_ƒCƒWƒFƒXƒg,•œ‹A‚ğ‰Ê‚½‚µ‚½ƒ^ƒCƒK[EƒEƒbƒY‚ª‘I‚ñ‚¾ƒjƒ…[ƒMƒA‚ÍHyWhat's in the Bag?z,https://news.yahoo.co.jp/articles/ce22a4b33e04bf2e301ade93d78730de07983bcf,2023/12/13(…) 17:31
minnagolf,‚İ‚ñ‚È‚ÌƒSƒ‹ƒtƒ_ƒCƒWƒFƒXƒg,yƒSƒ‹ƒtƒ‹[ƒ‹ƒNƒCƒYz“¯”ºÒ‚Ìƒ{[ƒ‹‚ğ’T‚µ‚Ä‚¢‚é‚Æ‚«‚ÉR‚Á‚Ä‚µ‚Ü‚Á‚½!@ƒ{[ƒ‹‚ğŒ³‚ÌˆÊ’u‚É–ß‚·‚Ì‚Í’N‚ª‚â‚é‚×‚«?,https://news.yahoo.co.jp/articles/0e3fe91213546bc9b9dcd61825be6e18340c9ef8,2023/12/13(…) 12:30
minnagolf,‚İ‚ñ‚È‚ÌƒSƒ‹ƒtƒ_ƒCƒWƒFƒXƒg,ƒ^ƒCƒK[EƒEƒbƒY‚ÌƒXƒgƒCƒbƒN‚ä‚¦‚Ìgˆ«•Èh!?  Œß‘O4‚É’‡ŠÔ‚Ìƒvƒ‚½‚¿‚É‘—‚Á‚½ƒ[ƒ‹‚Ì’†g‚Æ‚Í?,https://news.yahoo.co.jp/articles/bc8717bb25ebd586b35d5f353a00475ede24b703,2023/12/13(…) 11:32
minnagolf,‚İ‚ñ‚È‚ÌƒSƒ‹ƒtƒ_ƒCƒWƒFƒXƒg,“~ê‚Ì‘Å‚¿‚Á•ú‚µ—ûK‚ÅŠ×‚è‚ª‚¿‚È’ˆÓ“_BŠ¦‚¢‚©‚çuU‚ê‚È‚¢v‚Å‚È‚­uU‚ç‚È‚¢v‚É‚È‚Á‚Ä‚È‚¢H,https://news.yahoo.co.jp/articles/6484304a8a4a34262b1f850150ebbf7e65f519e4,2023/12/13(…) 7:30
minnagolf,‚İ‚ñ‚È‚ÌƒSƒ‹ƒtƒ_ƒCƒWƒFƒXƒg,2023”Nƒ‚ƒfƒ‹‚Ìƒhƒ‰ƒCƒo[‚Í‚Ç‚ê‚ª—Ç‚©‚Á‚½?@ƒNƒ‰ƒuİŒv‰Æ‚ª‘I‚ñ‚¾ƒxƒXƒg3‚Í‚±‚ê‚¾!yƒNƒ‰ƒu‘I‚Ñ‚ğƒN[ƒ‹‰ğà!z,https://news.yahoo.co.jp/articles/08d813cf688b7125e51df136c920598079de0f3e,2023/12/13(…) 6:31
minnagolf,‚İ‚ñ‚È‚ÌƒSƒ‹ƒtƒ_ƒCƒWƒFƒXƒg,^‚Á‚·‚®”ò‚Î‚·ƒ|ƒCƒ“ƒg‚Íu‹¹‚Ì‘O‚ÌOŠpŒ`‚ğ•ö‚³‚È‚¢‚±‚Æv Šâˆäo–…‚ÌƒR[ƒ`E‰iˆä“N“ñ‚ª”ò‚Î‚µ‰®ƒ†[ƒW‚Éu‹È‚ª‚ç‚È‚¢‹Zpv‚ğƒŒƒbƒXƒ“!,https://news.yahoo.co.jp/articles/6a73a3a552b821b5b61087f9debb6d0788238e28,2023/12/12(‰Î) 18:31
minnagolf,‚İ‚ñ‚È‚ÌƒSƒ‹ƒtƒ_ƒCƒWƒFƒXƒg,ˆê”ÊƒSƒ‹ƒtƒ@[‚Í30”N‚©‚çBR&A‚ÆUSGA‚ª”ò‚Î‚È‚¢ƒ{[ƒ‹Ì—p‚ğ³®”­•\!,https://news.yahoo.co.jp/articles/8bee7caa9ab0875a908716f5d1f1ad6b84da3c00,2023/12/12(‰Î) 12:01
minnagolf,‚İ‚ñ‚È‚ÌƒSƒ‹ƒtƒ_ƒCƒWƒFƒXƒg,n“®‚©‚çƒCƒ“ƒpƒNƒg‚Ü‚ÅƒNƒ‰ƒu‚Æ‘Ì‚ªŒ©–‚É“¯’²I 96ŠúVlí—DŸîà–Ø—D“Ş‚ÌƒXƒEƒBƒ“ƒO‚ğƒvƒ‚ª‰ğàyŸÒ‚ÌƒXƒEƒBƒ“ƒOz,https://news.yahoo.co.jp/articles/6c23b37345cfe9433cce7664ad0f1eed37fdabf5,2023/12/12(‰Î) 11:30
minnagolf,‚İ‚ñ‚È‚ÌƒSƒ‹ƒtƒ_ƒCƒWƒFƒXƒg,”ò‚Î‚È‚¢ƒ{[ƒ‹‚Å‚àƒSƒ‹ƒt‚ğŠy‚µ‚ß‚é!?@ƒSƒ‹ƒtƒ@[‚Ìu”ò‹——£v‚Æu‘ƒ„[ƒf[ƒWv‚ÌŠÖŒW‚ğl‚¦‚éyQã!@ƒSƒ‹ƒtƒ@[‰‰‡‘àz,https://news.yahoo.co.jp/articles/04feb9ee357f87a3c2c9319685a688bba25311ed,2023/12/12(‰Î) 7:30
minnagolf,‚İ‚ñ‚È‚ÌƒSƒ‹ƒtƒ_ƒCƒWƒFƒXƒg,ƒgƒŠƒvƒ‹ƒAƒNƒVƒ‡ƒ“‚Å”ò‹——£\•ªI 95ŠúVlí—DŸƒE[Eƒ`ƒƒƒCƒFƒ“‚ÌƒXƒEƒBƒ“ƒO‚ğƒvƒ‚ª‰ğàyŸÒ‚ÌƒXƒEƒBƒ“ƒOz,https://news.yahoo.co.jp/articles/353c5eeb571c5549473047ae5f64d91e4b16b562,2023/12/12(‰Î) 6:31
minnagolf,‚İ‚ñ‚È‚ÌƒSƒ‹ƒtƒ_ƒCƒWƒFƒXƒg,^‚Á‚·‚®”ò‚Î‚·‚½‚ß‚É‚Í‘Ì‚ğ‚Ç‚¤g‚¦‚Î‚¢‚¢H Šâˆäo–…‚ğw“±‚·‚é‰iˆä“N“ñƒR[ƒ`‚Ì‹³‚¦‚ğÀÛ‚É‚µ‚Ä‚İ‚½,https://news.yahoo.co.jp/articles/a383f77c139bec57a9a150bcf29dbcc90879e9ae,2023/12/11(Œ) 18:31
minnagolf,‚İ‚ñ‚È‚ÌƒSƒ‹ƒtƒ_ƒCƒWƒFƒXƒg,ƒWƒ‡ƒ“Eƒ‰[ƒ€‚ª“Ë‘R‚ÌLIVƒSƒ‹ƒtˆÚĞAŒ_–ñ‹à‚Í3‰­ƒhƒ‹’´B“ú–{‚©‚ç‚Í—\‘I‰ï‚ğ“Ë”j‚µ‚½Èwˆê˜N‚ªoêŒ ‚ğŠl“¾,https://news.yahoo.co.jp/articles/a1784a4478f7603b5b6907d9747e4f1b983813fa,2023/12/11(Œ) 12:01
minnagolf,‚İ‚ñ‚È‚ÌƒSƒ‹ƒtƒ_ƒCƒWƒFƒXƒg,ƒAƒ}ƒ`ƒ…ƒA—DŸ‚Ì™‰Y—I‘¾‚Í‚Ç‚ñ‚ÈƒvƒŒ[ƒ„[H ƒWƒ…ƒjƒA‘ã‚©‚ç’m‚éƒR[ƒ`‚ªŒê‚é‹­‚³‚Ì”é–§‚Íu—ûK‚©‚çˆê‹…ˆê‹…’š”J‚É‘Å‚Â‚±‚Æv,https://news.yahoo.co.jp/articles/e2d1c2b445e8f58656fc3c3eeedeab3b06b61fb6,2023/12/11(Œ) 11:30
minnagolf,‚İ‚ñ‚È‚ÌƒSƒ‹ƒtƒ_ƒCƒWƒFƒXƒg,ƒuƒŠƒaƒXƒgƒ“u233 HFvƒAƒCƒAƒ“B‚Ç‚ñ‚Èó‹µ‚Å‚àˆÀS‚µ‚Ä‘Å‚Ä‚éyƒwƒbƒhƒf[ƒ^‚Í‰R‚Â‚©‚È‚¢!z,https://news.yahoo.co.jp/articles/414067fd7885ba12c6eb210124abac04c7b32624,2023/12/11(Œ) 7:30
minnagolf,‚İ‚ñ‚È‚ÌƒSƒ‹ƒtƒ_ƒCƒWƒFƒXƒg,uƒpƒ^[ãèv‚É‚È‚è‚½‚¢ƒSƒ‹ƒtƒ@[‚ª’m‚Á‚Ä‚¨‚«‚½‚¢©‘î‚Å‚Å‚«‚éŒø‰Ê“I‚Èƒpƒbƒg—ûK–@‚Æ‚Í? ‚Ü‚¸‚Í©•ª‚ÌƒpƒbƒeƒBƒ“ƒO‚ğ“®‰æB‰e!?,https://news.yahoo.co.jp/articles/f977349d32e810294f8ae97be21bb094402d69f4,2023/12/11(Œ) 6:30
minnagolf,‚İ‚ñ‚È‚ÌƒSƒ‹ƒtƒ_ƒCƒWƒFƒXƒg,g100Î‚ÅŒ»–ğƒSƒ‹ƒtƒ@[h¶Šˆ‚ğ–Úw‚·‡hBÔé‘ÛCC‚ÅŠJÃI,https://news.yahoo.co.jp/articles/88e4cc396d9573a5d09cf6691550dc2a9e8d2905,2023/12/10(“ú) 18:31
minnagolf,‚İ‚ñ‚È‚ÌƒSƒ‹ƒtƒ_ƒCƒWƒFƒXƒg,y–¼è‚Ì–¼Œ¾zƒWƒ‡ƒCƒXEƒEƒFƒU[ƒhu„‚Ìƒ‹[ƒ‹‚ÍA‘Šè‚ğˆÓ¯‚¹‚¸©•ª‚Ì³‚µ‚¢ƒtƒH[ƒ€‚ÉW’†‚·‚é‚±‚Æv,https://news.yahoo.co.jp/articles/c6c554c78813df9bbb642d0531756068aab85216,2023/12/10(“ú) 12:30
minnagolf,‚İ‚ñ‚È‚ÌƒSƒ‹ƒtƒ_ƒCƒWƒFƒXƒg,"ƒJƒ~ƒEƒrƒWƒFƒKƒX‚Ì""—ö‚ÌŒƒ‘–ƒyƒ_ƒ‹""‚ªSNS‚Å•¦“«! ”Ş—‚ªZ‚Ş250ƒLƒæ‚Ìƒ}ƒCƒAƒ~‚Ü‚Åg©“]Ô’Ê‚¢h!?",https://news.yahoo.co.jp/articles/4eaf122a942e6b62bd218141caf391f1a1588897,2023/12/10(“ú) 12:06
minnagolf,‚İ‚ñ‚È‚ÌƒSƒ‹ƒtƒ_ƒCƒWƒFƒXƒg,”ü‚µ‚¢‚Ì‚ÉÀ—p“I! ƒLƒƒƒƒƒ“‚Ì^œ’¸AƒcƒCƒXƒgƒlƒbƒN‚ÌuP3v yƒLƒƒƒƒƒ“ƒ}ƒjƒAéŒ¾z,https://news.yahoo.co.jp/articles/7ae083c41d9b82680e9ef052009af871b3e6f392,2023/12/10(“ú) 11:31
minnagolf,‚İ‚ñ‚È‚ÌƒSƒ‹ƒtƒ_ƒCƒWƒFƒXƒg,‰º”¼g‚ğg‚Á‚ÄƒXƒEƒBƒ“ƒO‚·‚é‚½‚ß‚Ìd—v€–ÚuŒÒŠÖß‚Éæ‚évŠ´Šo‚ğ‚Â‚©‚ß‚éu•Ğ‘«—§‚¿vƒgƒŒyŒK–Øu”¿‚Ì‰õiŒ‚‚ğƒTƒ|[ƒg‚·‚éƒgƒŒ[ƒi[‚ª‹³‚¦‚éŠÈ’PƒgƒŒ[ƒjƒ“ƒOz,https://news.yahoo.co.jp/articles/b29f79a1e61725e4ed96b7f91a6682464aa43f9c,2023/12/10(“ú) 6:30
minnagolf,‚İ‚ñ‚È‚ÌƒSƒ‹ƒtƒ_ƒCƒWƒFƒXƒg,ƒvƒ‚ªƒŒƒ“ƒ^ƒ‹ƒNƒ‰ƒu‚Å^Œ•‹£‹Z!? PGAåŠÇ‚Ì‘“à‰‚ÌƒqƒbƒRƒŠ[‘å‰ïA—DŸ‚ÍÂè‹I•vI,https://news.yahoo.co.jp/articles/08c351225e143a8f58d466f318e414e4dbd8b757,2023/12/9(“y) 18:30
minnagolf,‚İ‚ñ‚È‚ÌƒSƒ‹ƒtƒ_ƒCƒWƒFƒXƒg,ƒoƒ“ƒJ[ƒVƒ‡ƒbƒg‚Ìƒ|ƒCƒ“ƒg‚ÍèŒ³‚æ‚è‚àƒwƒbƒh‚ğæs‚³‚¹‚é‚±‚ÆI è‚ª¶‚Éo‚È‚¢Š´Šo‚ğ‚Â‚©‚Ş‚½‚ß‚Ì—ûKƒhƒŠƒ‹y“äƒLƒƒƒ‰ƒR[ƒ`w‚í‚«‚ã‚¤x‚Ì‹C‚É‚È‚é˜bò44z,https://news.yahoo.co.jp/articles/dbb84df03f43165facca53af2ad87c9290ddf2b1,2023/12/9(“y) 11:30
minnagolf,‚İ‚ñ‚È‚ÌƒSƒ‹ƒtƒ_ƒCƒWƒFƒXƒg,"3•ª—Ş‚³‚ê‚éƒSƒ‹ƒtƒ@[‚Ìvl–@B’m‚Á‚Ä‚¨‚­‚Æl‚Æ‚Ì•t‚«‡‚¢‚ª‘Î‰‚µ‚â‚·‚­‚È‚é!?yŒ³ƒvƒ–ì‹…R”»‚ÌƒR[ƒ`‚ª‹³‚¦‚é""SƒgƒŒ""”9z",https://news.yahoo.co.jp/articles/4b81f05f9e81eb6e0b4f575ee5af2fd7da61cbda,2023/12/9(“y) 7:30
minnagolf,‚İ‚ñ‚È‚ÌƒSƒ‹ƒtƒ_ƒCƒWƒFƒXƒg,ƒG[ƒXƒAƒCƒAƒ“‚Í2021”Nƒ‚ƒfƒ‹‚ÌuAPEX MBvI ù¶—D‰Ô‚ÌÅVƒNƒ‰ƒuƒZƒbƒeƒBƒ“ƒO,https://news.yahoo.co.jp/articles/dd7fa23914e5122b2a7d5c744985e07c6d5bd309,2023/12/9(“y) 6:30
minnagolf,‚İ‚ñ‚È‚ÌƒSƒ‹ƒtƒ_ƒCƒWƒFƒXƒg,ƒeƒCƒ‰[EƒXƒEƒBƒtƒg‚ª‘ã•\ŠiBƒvƒƒSƒ‹ƒtƒ@[‚É‚à‘½‚¢uƒeƒCƒ‰[vB’j—E©–¼–â‚í‚¸g‚í‚ê‚é‚Ì‚Í‚È‚ºH Œ¾ŒêŠw‚Ì¯Ò‚É•·‚¢‚Ä‚İ‚½,https://news.yahoo.co.jp/articles/d6a781bcec5a90c052cd8235a4b125580cabd66f,2023/12/8(‹à) 18:31
minnagolf,‚İ‚ñ‚È‚ÌƒSƒ‹ƒtƒ_ƒCƒWƒFƒXƒg,uQT‚ª‚È‚¢‚Ì‚Å‚±‚Ì‡‚ÉŒü‚¯‚Ä€”õ‚Å‚«‚½v‚Æ˜b‚·ƒE[Eƒ`ƒƒƒCƒFƒ“‚ª—DŸyJLPGAVlí ‰Á‰ê“dqƒJƒbƒv95Šúz,https://news.yahoo.co.jp/articles/e480c03dfc118f1164dafe5f0ba1aeb63233f10e,2023/12/8(‹à) 18:23
minnagolf,‚İ‚ñ‚È‚ÌƒSƒ‹ƒtƒ_ƒCƒWƒFƒXƒg,JLPGAVlí ‰Á‰ê“dqƒJƒbƒvB96Šú¶‚Ì—DŸ‚Íg‰©‹à¢‘ãhÅŒã‚Ì‘å•¨Eîà–Ø—D“Ş,https://news.yahoo.co.jp/articles/76fe88b8b25649488d7f86f287008a84f24670b5,2023/12/8(‹à) 18:11
minnagolf,‚İ‚ñ‚È‚ÌƒSƒ‹ƒtƒ_ƒCƒWƒFƒXƒg,yƒSƒ‹ƒtƒ‹[ƒ‹ƒNƒCƒYz“¯”ºÒ‚ªí‚Á‚½Å‚ªƒ{[ƒ‹‚É•t’…!@‚±‚Ìê‡Aƒ{[ƒ‹‚ğ@‚¢‚Ä‚à‚¢‚¢‚ñ‚¾‚æ‚Ë?,https://news.yahoo.co.jp/articles/142ac7a623d5187bc6a34a22fe380662761a1f74,2023/12/8(‹à) 12:30
minnagolf,‚İ‚ñ‚È‚ÌƒSƒ‹ƒtƒ_ƒCƒWƒFƒXƒg,ƒOƒŠ[ƒ“‚Ì—d¸ƒ[ƒ‰Eƒ{[‚Ì‘§qAƒGƒŠƒbƒNEƒR[ƒ‹‚ª35Î‚É‚µ‚ÄPGAƒcƒA[VlÜŒó•â‚É! ‡‚ª‚ ‚ê‚Îo‚¸‚É‚Í‚¢‚ç‚ê‚È‚¢AgƒSƒ‹ƒt’†“Åh‚È¶Šˆ‚ª˜b‘è‚É,https://news.yahoo.co.jp/articles/699bf01775f9080b326f26559e1aba6e7c8b5fea,2023/12/8(‹à) 12:05
minnagolf,‚İ‚ñ‚È‚ÌƒSƒ‹ƒtƒ_ƒCƒWƒFƒXƒg,¡‹GPGAƒcƒA[‚ğU‚è•Ô‚èI gƒX[ƒp[4hƒVƒFƒtƒ‰[Aƒ‰[ƒ€Aƒ}ƒLƒƒCAƒzƒuƒ‰ƒ“‚ª–ô“®‚µ‚½,https://news.yahoo.co.jp/articles/85c45aca6ae778a3c3c2a9a52556f81a19e863d9,2023/12/8(‹à) 11:33
minnagolf,‚İ‚ñ‚È‚ÌƒSƒ‹ƒtƒ_ƒCƒWƒFƒXƒg,ƒeƒB[ƒCƒ“ƒOƒGƒŠƒA‚ÌŒiF‚ªL‚­‚Ä‚à—v’ˆÓI ƒR[ƒX‚Ìã©‚Éƒnƒ}‚ç‚È‚¢‚½‚ß‚Ìƒ}ƒlƒWƒƒ“ƒg y‰SÒ‚ğ’E‚µ‚½ƒSƒ‹ƒtƒ@[‚ªw100x‚ğØ‚é‚½‚ß‚ÌƒŒƒbƒXƒ“z,https://news.yahoo.co.jp/articles/3f4e524779680c50f761f3978fcc96b19ff7fba6,2023/12/8(‹à) 7:31
minnagolf,‚İ‚ñ‚È‚ÌƒSƒ‹ƒtƒ_ƒCƒWƒFƒXƒg,Ğ‰ï‚Ì‚½‚ß‚É‚È‚éƒSƒ‹ƒt‚Ì¶‚©‚µ•û‚ğ“úX’Ç‹!? ”öè’¼“¹‚ÌŒ³ƒLƒƒƒfƒBE‘«—§”ü“s÷‚³‚ñ‚ªæ‚è‘g‚ŞuƒSƒ‹ƒtƒHƒƒW[v‚Æ‚Í?,https://news.yahoo.co.jp/articles/fb14e2840ff8500fd91025030c747849b5a2e210,2023/12/8(‹à) 6:30
minnagolf,‚İ‚ñ‚È‚ÌƒSƒ‹ƒtƒ_ƒCƒWƒFƒXƒg,yƒNƒ‰ƒuEƒIƒuEƒUEƒCƒ„[ “Á•ÊÜzƒŠƒbƒL[Eƒtƒ@ƒEƒ‰[‚ªg‚Á‚½‚±‚Æ‚Å‘åƒuƒŒ[ƒN! ƒIƒfƒbƒZƒCuƒŠƒ~ƒeƒbƒhƒGƒfƒBƒVƒ‡ƒ“ ƒWƒFƒCƒ‹ƒo[ƒh380v‚ªóÜ,https://news.yahoo.co.jp/articles/1150353f5c74f683050153e0d46ca126cd69ecdf,2023/12/7(–Ø) 18:31
minnagolf,‚İ‚ñ‚È‚ÌƒSƒ‹ƒtƒ_ƒCƒWƒFƒXƒg,uƒgƒbƒv10“ü‚è‰ñ”v‚ÍR‰º”ü–²—L‚ª20‰ñ‚Å1ˆÊB‚»‚ÌR‰º‚ğuƒgƒbƒv10—¦v‚Åã‰ñ‚Á‚½‚Ì‚Í?yƒSƒ‹ƒt‚È‚ñ‚Å‚àƒ‰ƒ“ƒLƒ“ƒOz,https://news.yahoo.co.jp/articles/1072b8d687edd77fb436cc7bf9a1beb7b4f4be81,2023/12/7(–Ø) 12:30
minnagolf,‚İ‚ñ‚È‚ÌƒSƒ‹ƒtƒ_ƒCƒWƒFƒXƒg,"ƒ[ƒŠ[Eƒ}ƒLƒƒC‚Í30Y‚à‰E‚ğŒü‚­!? ƒhƒ[ƒ{[ƒ‹‚ªŠÈ’P‚É‘Å‚Ä‚é""ƒZƒbƒgƒAƒbƒv""‚Ìƒ|ƒCƒ“ƒgy–ÚàVGŒ›EƒXƒEƒBƒ“ƒO3.0@”8z",https://news.yahoo.co.jp/articles/7d1b1d70c3be0b096a46020ce34679d545248c61,2023/12/7(–Ø) 12:08
minnagolf,‚İ‚ñ‚È‚ÌƒSƒ‹ƒtƒ_ƒCƒWƒFƒXƒg,ƒp[ƒLƒ“ƒ\ƒ“•a‚Æ“¬‚¢‚È‚ª‚ç•ÄƒVƒjƒAƒcƒA[‚ÉQí‚·‚éƒWƒ‡ƒ“EƒZƒ“ƒfƒ“! k‚¦‚é‰E˜r‚ğ—}‚¦‚È‚ª‚ç‚àƒSƒ‹ƒt‚Íu‚â‚ß‚é‚Â‚à‚è‚Í‚È‚¢v‚Æ‹Cä‚ÉŒê‚é,https://news.yahoo.co.jp/articles/5d2c27801b03f4c8fec98fffd7ea84262d6b01a0,2023/12/7(–Ø) 11:30
minnagolf,‚İ‚ñ‚È‚ÌƒSƒ‹ƒtƒ_ƒCƒWƒFƒXƒg,ƒvƒ‚ÆƒAƒ}‚ÌƒoƒbƒNƒXƒEƒBƒ“ƒOA‘Ì‚Ì“®‚©‚µ•û‚Í‚Ç‚¤ˆá‚¤H ƒvƒ‚ªƒCƒ‰ƒXƒg‚ğŒğ‚¦‚Ä‰ğà,https://news.yahoo.co.jp/articles/8d3be873fd5faf55154ba776e6310cb43ee55082,2023/12/7(–Ø) 7:31
minnagolf,‚İ‚ñ‚È‚ÌƒSƒ‹ƒtƒ_ƒCƒWƒFƒXƒg,PGAƒcƒA[‚Íƒhƒ‰ƒCƒo[‚Å‚àƒpƒ^[‚Å‚à‚È‚­uƒEƒFƒbƒWƒQ[ƒ€v‚¾‚Á‚½!? ƒOƒŠ[ƒ“ü‚è‚ÌƒVƒ‡ƒbƒg‚Ìl‚¦•û‚Íƒtƒ‹ƒVƒ‡ƒbƒg‚Æ‚Ç‚¤ˆá‚¤Hy‰ğàuƒUEƒSƒ‹ƒtƒBƒ“ƒOƒ}ƒV[ƒ“v”107z,https://news.yahoo.co.jp/articles/183cad6b7443c9fbaf4267a336938f67afd377e3,2023/12/7(–Ø) 6:30
minnagolf,‚İ‚ñ‚È‚ÌƒSƒ‹ƒtƒ_ƒCƒWƒFƒXƒg,yƒNƒ‰ƒuEƒIƒuEƒUEƒCƒ„[ ƒAƒCƒAƒ“•”–å‘åÜz‘“à’j—ƒcƒA[‚Å¡‹G14Ÿ‚µ‚½uƒXƒŠƒNƒ\ƒ“ ZX5 Mk‡Uv! ”ò‹——£A‘€ì«A Œ©‚½–Ú‚É‰Á‚¦‚ÄgŠ°—e«h‚à”õ‚¦‚½ƒAƒXƒŠ[ƒgƒ‚ƒfƒ‹,https://news.yahoo.co.jp/articles/9538a92296b4dafdcd906d0c11e3c621a380c0af,2023/12/6(…) 18:30
minnagolf,‚İ‚ñ‚È‚ÌƒSƒ‹ƒtƒ_ƒCƒWƒFƒXƒg,"""”ò‚Ôƒ{[ƒ‹‹K§""‚Ìs•û‚Í? u”N“à‚É•ûŒü«‚ğ¦‚·vR&A‚ÌCEO‚ªŒ©‰ğ",https://news.yahoo.co.jp/articles/fc8a0cc3d209c486a14b23977309eb8c66fbd28c,2023/12/6(…) 12:07
minnagolf,‚İ‚ñ‚È‚ÌƒSƒ‹ƒtƒ_ƒCƒWƒFƒXƒg,gPGAƒcƒA[‚Ì’m–¼“x‚ğ‚‚ß‚½hƒ{[ƒiƒX‚Å‚È‚ñ‚Æ22‰­‰~‚ğŠl“¾I uƒvƒŒ[ƒ„[EƒCƒ“ƒpƒNƒgEƒvƒƒOƒ‰ƒ€v‚ÍREƒ}ƒLƒƒC‚ªƒ^ƒCƒK[‚ğ—}‚¦1ˆÊ‚É,https://news.yahoo.co.jp/articles/df0cc0498296dcf0082d5b4f1123344565756eed,2023/12/6(…) 11:31
minnagolf,‚İ‚ñ‚È‚ÌƒSƒ‹ƒtƒ_ƒCƒWƒFƒXƒg,ƒrƒMƒi[‚ÍƒpƒbƒeƒBƒ“ƒO‚ÌÛ‚Éƒsƒ“‚ğ”²‚¢‚½‚Ù‚¤‚ª‚¢‚¢H ‚»‚ê‚Æ‚à·‚µ‚½‚Ü‚ÜH,https://news.yahoo.co.jp/articles/eaf2d8c7dfd839c1d0a5c67c4e18d84b54fdf14e,2023/12/6(…) 7:30
minnagolf,‚İ‚ñ‚È‚ÌƒSƒ‹ƒtƒ_ƒCƒWƒFƒXƒg,2024”Nƒ‚ƒfƒ‹‚Í‚Ç‚ñ‚È«”\? ƒLƒƒƒƒEƒFƒC‚Æƒe[ƒ‰[ƒƒCƒh‚ÌVìƒhƒ‰ƒCƒo[‚ğƒNƒ‰ƒuİŒv‰Æ‚ª‘å’_—\‘z!yƒNƒ‰ƒu‘I‚Ñ‚ğƒN[ƒ‹‰ğà!z,https://news.yahoo.co.jp/articles/6f67eee65b1d151ef2aece4946a9b125019c21a4,2023/12/6(…) 6:31
minnagolf,‚İ‚ñ‚È‚ÌƒSƒ‹ƒtƒ_ƒCƒWƒFƒXƒg,ˆÙ—á‚Ì2Šú“¯ŠJÃI JLPGAVlí ‰Á‰ê“dqƒJƒbƒvB96Šú¶‚Ì’–Ú‚Íîà–Ø—D“Ş,https://news.yahoo.co.jp/articles/b1c9050962079be936dc4400f6d62a3d63101488,2023/12/5(‰Î) 21:12
minnagolf,‚İ‚ñ‚È‚ÌƒSƒ‹ƒtƒ_ƒCƒWƒFƒXƒg,yƒNƒ‰ƒuEƒIƒuEƒUEƒCƒ„[ ƒhƒ‰ƒCƒo[•”–å‘åÜz“ú•Ä’j—ƒcƒA[‚Å20Ÿ‚ğ‹“‚°‚½ƒLƒƒƒƒEƒFƒCuƒpƒ‰ƒ_ƒCƒ€v‚ªóÜB“Æ©‚Ì‘fŞ‚Æ‹Zp‚Åu”ò‹——£v‚Æu‚â‚³‚µ‚³v‚Æ‚¢‚¤‘Š”½‚·‚é—v‘f‚ğ—¼—§,https://news.yahoo.co.jp/articles/41daf613bbc0df49d3758f420ccc37b92610e42c,2023/12/5(‰Î) 18:31
minnagolf,‚İ‚ñ‚È‚ÌƒSƒ‹ƒtƒ_ƒCƒWƒFƒXƒg,“~ƒSƒ‹ƒt‚Ì‹­‚¢–k•—‚ÍŠy‚µ‚Ü‚È‚«‚á‚à‚Á‚½‚¢‚È‚¢!? ƒVƒ“ƒOƒ‹‚ª‚â‚Á‚Ä‚¢‚é‘Îô‚Æ‚Í?yQã!@ƒSƒ‹ƒtƒ@[‰‰‡‘àz,https://news.yahoo.co.jp/articles/33d4f4a0d03dddc85f842454c38aee00d349aca3,2023/12/5(‰Î) 12:04
minnagolf,‚İ‚ñ‚È‚ÌƒSƒ‹ƒtƒ_ƒCƒWƒFƒXƒg,gŒ©‚¦‚´‚é—Íh‚É“±‚©‚ê‚½ƒGƒŠƒbƒNEƒtƒ@ƒ“Eƒ[ƒGƒ“‚ğƒsƒbƒNƒAƒbƒvIy²“¡MlƒAƒCƒYz,https://news.yahoo.co.jp/articles/29a22296f6c26ef6841e627e15f91eed926332e9,2023/12/5(‰Î) 11:30
minnagolf,‚İ‚ñ‚È‚ÌƒSƒ‹ƒtƒ_ƒCƒWƒFƒXƒg,"""ƒŒƒbƒXƒ“EƒIƒuEƒUEƒCƒ„[""‚ÍŠâˆäo–…‚ÌƒR[ƒ`E‰iˆä“N“ñ! ""¡‹GÅ‚•]‰¿‚ğó‚¯‚½ƒhƒ‰ƒCƒo[‚ÆƒAƒCƒAƒ“""‚Í‚Ç‚ê‚¾‚Á‚½?y‘æ40‰ñƒSƒ‹ƒtƒ_ƒCƒWƒFƒXƒgƒAƒ[ƒh”­•\z",https://news.yahoo.co.jp/articles/60f92b165fec2c8d37f09b6ff872dd932cba41d5,2023/12/5(‰Î) 7:31
minnagolf,‚İ‚ñ‚È‚ÌƒSƒ‹ƒtƒ_ƒCƒWƒFƒXƒg,‘“à’jqƒcƒA[ÅIí‚ğ§‚µ‚½ì‘×‰Ê‚ÌuL’£”½Ë‚ğÅ‘åŒÀ‚ÉŠˆ‚©‚µ‚Ä”P“]·‚ğì‚évƒXƒEƒBƒ“ƒO‚ğƒvƒ‚ª‰ğàyŸÒ‚ÌƒXƒEƒBƒ“ƒOz,https://news.yahoo.co.jp/articles/5686b0e97e36b9f7f93a6c7eb3bd0337023b0103,2023/12/5(‰Î) 6:31
minnagolf,‚İ‚ñ‚È‚ÌƒSƒ‹ƒtƒ_ƒCƒWƒFƒXƒg,ƒpƒbƒg‚ğƒLƒŒƒC‚É“]‚ª‚·‚É‚ÍuƒCƒ“ƒpƒNƒgƒƒtƒg1.5“xv‚ª—‘z“I!? ‚Å‚Í‚Ç‚¤ÀŒ»‚·‚éH ƒpƒbƒgê–åƒR[ƒ`EŠÛRéD‘¾‚ª‹³‚¦‚é\‚¦•ûE‘Å‚¿•û‚ÌƒRƒc‚ğ‚µ‚Ä‚İ‚½,https://news.yahoo.co.jp/articles/5abd20528c51cb5705508657c370d34bd75da263,2023/12/4(Œ) 18:31
minnagolf,‚İ‚ñ‚È‚ÌƒSƒ‹ƒtƒ_ƒCƒWƒFƒXƒg,ƒ^ƒCƒK[‚ªŒê‚Á‚½•œ‹Aí‚ÌˆÓ‹`Bu‚È‚ñ‚Æ‚©æ‚è‰z‚¦‚Ä‚Ü‚½ƒ‰ƒEƒ“ƒh‚ğ‘g‚İ—§‚Ä‚Í‚¶‚ß‚ç‚ê‚é‚±‚Æ‚É–ˆ“ú‹»•±‚µ‚Ä‚¢‚½Iv,https://news.yahoo.co.jp/articles/a638579c3ab86b1def6ff8450b0d61784f4d990c,2023/12/4(Œ) 16:32
minnagolf,‚İ‚ñ‚È‚ÌƒSƒ‹ƒtƒ_ƒCƒWƒFƒXƒg,u“ú–{ƒVƒŠ[ƒYv‰—DŸ‚Ìì‘×‰ÊB—ˆ‹G‚Ì–Ú•W‚ÍuŠCŠO1ŸvBÜ‹à‰¤‚Ì’†“‡Œ[‘¾‚ÆÜ‹à3ˆÊ‚Ì‹à’J‘ñÀ‚à—ˆ‹G‚ÍŠCŠO‚ğåíê‚É!?,https://news.yahoo.co.jp/articles/c1e19a473ed587c7f685466c91f83ac042e52b37,2023/12/4(Œ) 11:31
minnagolf,‚İ‚ñ‚È‚ÌƒSƒ‹ƒtƒ_ƒCƒWƒFƒXƒg,ƒ„ƒ}ƒnuRMX VD/XvƒAƒCƒAƒ“B”²‚¯‚ª‘Oì‚©‚ç‘å•‰ü‘PIyƒwƒbƒhƒf[ƒ^‚Í‰R‚Â‚©‚È‚¢!z,https://news.yahoo.co.jp/articles/54e4d1f53cd7ca3c5287061c60a533901573625c,2023/12/4(Œ) 7:30
minnagolf,‚İ‚ñ‚È‚ÌƒSƒ‹ƒtƒ_ƒCƒWƒFƒXƒg,“~‚Ìƒ‰ƒEƒ“ƒh‚Å‚±‚ê‚¾‚¯‚Í‹C‚ğ•t‚¯‚½‚¢‚±‚ÆBŒ˜À‚ÉƒvƒŒ[‚·‚ê‚ÎAƒxƒXƒgƒXƒRƒA‚ªŠú‘Ò‚Å‚«‚é!?,https://news.yahoo.co.jp/articles/468a950a5b810d63d5a94d3a428dd7b7211ebd30,2023/12/4(Œ) 6:31
minnagolf,‚İ‚ñ‚È‚ÌƒSƒ‹ƒtƒ_ƒCƒWƒFƒXƒg,‚©‚Â‚Ä‚ÌgƒSƒ‹ƒtŒ¤C¶h‚ª•œŠˆ!? _“ŞìŒ§‚Ì” ªCC‚ªƒvƒ‚ğ–Úw‚µ‚Ä¶Šˆ‚·‚éV‚µ‚¢Œ¤C¶§“x‚ğƒXƒ^[ƒg,https://news.yahoo.co.jp/articles/c9b77aa8c3b552f2cfc8980aad783d637090701b,2023/12/3(“ú) 18:30
minnagolf,‚İ‚ñ‚È‚ÌƒSƒ‹ƒtƒ_ƒCƒWƒFƒXƒg,"""ŸŠúƒ^ƒCƒK[""‚ÌŒÄ‚Ñº‚‚¢ƒXƒEƒF[ƒfƒ“og‚ÌLEƒAƒo[ƒOB”Ş‚Ì‹­‚İAuƒXƒEƒBƒ“ƒO‚Å‚Í‚È‚­ƒpƒtƒH[ƒ}ƒ“ƒX‚ğd‹‚·‚évƒSƒ‹ƒt‚Æ‚ÍH",https://news.yahoo.co.jp/articles/96f316dbf88790f796d02cb4b5dd0596979cb71c,2023/12/3(“ú) 11:31
minnagolf,‚İ‚ñ‚È‚ÌƒSƒ‹ƒtƒ_ƒCƒWƒFƒXƒg,ƒSƒ‹ƒt‚ÌƒvƒŒ[‚ÉuÎŠçv‚ÍŒø‰Ê“I!? ƒpƒtƒH[ƒ}ƒ“ƒX‚ªã‚ª‚éu•\îv‚Ìì‚è•û‚ğê–å‰Æ‚ª‰ğàBu–³•\îv‚É‚à‘½‚­‚ÌƒƒŠƒbƒg‚ª‚ ‚Á‚½!,https://news.yahoo.co.jp/articles/753a737980a300811bcb38cb59989e7e5eb4d14f,2023/12/3(“ú) 7:30
minnagolf,‚İ‚ñ‚È‚ÌƒSƒ‹ƒtƒ_ƒCƒWƒFƒXƒg,ÄŒ»«‚Ì‚‚¢ƒXƒEƒBƒ“ƒO‚ªg‚É•t‚­I ƒSƒ€ƒ`ƒ…[ƒu‚ğg‚Á‚½u‘ÌŠ²vƒgƒŒyŒK–Øu”¿‚Ì‰õiŒ‚‚ğƒTƒ|[ƒg‚·‚éƒgƒŒ[ƒi[‚ª‹³‚¦‚éŠÈ’PƒgƒŒ[ƒjƒ“ƒOz,https://news.yahoo.co.jp/articles/3812414c99f5abc757ea798b04d22dec5576ad6c,2023/12/3(“ú) 6:30
minnagolf,‚İ‚ñ‚È‚ÌƒSƒ‹ƒtƒ_ƒCƒWƒFƒXƒg,ƒVƒ‡ƒbƒg‚âƒpƒbƒg‚Ì‘O‚Íu‘§‚ğ3•b‹z‚Á‚ÄA3•b“f‚­vB‘Å‚¿‹}‚¬‚â‹C‚¿‚ÌÅ‚è‚ª‚È‚­‚È‚éuŒÄ‹z–@v‚ğ—qƒvƒ‚ÌƒgƒŒ[ƒi[‚ª‰ğà,https://news.yahoo.co.jp/articles/f0dcd532b9c3769edaff6d5feb890d6f12c42cbb,2023/12/2(“y) 18:30
minnagolf,‚İ‚ñ‚È‚ÌƒSƒ‹ƒtƒ_ƒCƒWƒFƒXƒg,"’´“ïŠÖ‚Ì—qƒvƒƒeƒXƒg‚ğ""‹³‚¦q""‚ª3l‚à“Ë”j!@‡Ši‚Å‚«‚½——R‚ÍAü‚è‚ÌƒvƒŒ[‚æ‚è©•ª‚ÌƒXƒRƒA‚ÉW’†‚Å‚«‚½‚©‚çy“äƒLƒƒƒ‰ƒR[ƒ`w‚í‚«‚ã‚¤x‚Ì‹C‚É‚È‚é˜bò43z",https://news.yahoo.co.jp/articles/7e66f1c3014fa285ac05279d23bcadde0d8c210d,2023/12/2(“y) 11:30
minnagolf,‚İ‚ñ‚È‚ÌƒSƒ‹ƒtƒ_ƒCƒWƒFƒXƒg,"ƒSƒ‹ƒt‚Í""S‚ÌƒXƒ|[ƒc""I ƒZƒ‹ƒtƒRƒ“ƒgƒ[ƒ‹‚Ì‚½‚ß‚ÉA‚Ü‚¸‚Í©•ª©g‚Ì‚±‚Æ‚ğ’m‚Á‚Ä‚İ‚æ‚¤yŒ³ƒvƒ–ì‹…R”»‚ÌƒR[ƒ`‚ª‹³‚¦‚é""SƒgƒŒ""”8z",https://news.yahoo.co.jp/articles/1a32e3896fc33a2ad9d5a946d6fccc9f384eab6a,2023/12/2(“y) 7:30
minnagolf,‚İ‚ñ‚È‚ÌƒSƒ‹ƒtƒ_ƒCƒWƒFƒXƒg,ƒNƒ‰ƒuŒ_–ñƒtƒŠ[‚¾‚©‚ç‚±‚»AƒAƒbƒvƒf[ƒg‚ğd‚Ë‚Ä—DŸ‚É‚Â‚È‚ª‚Á‚½I ˆîŒ©–G”J‚Ì1”N‚ÌƒNƒ‰ƒu•Õ—ğA‚»‚µ‚ÄÅVƒZƒbƒeƒBƒ“ƒO‚ğ‚Ü‚Æ‚ß‚½,https://news.yahoo.co.jp/articles/86370d31cbe667df686219ae00dfd74323aa48a8,2023/12/2(“y) 6:31
minnagolf,‚İ‚ñ‚È‚ÌƒSƒ‹ƒtƒ_ƒCƒWƒFƒXƒg,ƒtƒ@ƒCƒiƒ‹QTƒgƒbƒv’Ê‰ß‚Í‘v‰À‹âiƒ\ƒ“EƒKƒEƒ“jB5ˆÊ’Ê‰ß‚Ì›•–‰Ø‚Íu‘æ2‚Ì_’J‚»‚çv‚É‚È‚ê‚é!?,https://news.yahoo.co.jp/articles/97d6e79866108d14b9d8d5f2642dc63a72ffaf4f,2023/12/1(‹à) 18:31
minnagolf,‚İ‚ñ‚È‚ÌƒSƒ‹ƒtƒ_ƒCƒWƒFƒXƒg,uƒq[ƒ[ƒ[ƒ‹ƒhƒ`ƒƒƒŒƒ“ƒWv‚à‚¤ˆêl‚Ì’–Ú‘IèAƒEƒBƒ‹EƒUƒ‰ƒgƒŠƒXBƒ^ƒCƒK[‚Æ“¯‚¶ŠO‰Èˆã‚Ìèp‚ğó‚¯AŠï‚µ‚­‚à“¯‚¶‡‚Å8‚©ŒU‚è‚Ì•œ‹A‚Ö,https://news.yahoo.co.jp/articles/1a57a2e29442a2205de2a0c6d76bb47c45b9f856,2023/12/1(‹à) 12:03
minnagolf,‚İ‚ñ‚È‚ÌƒSƒ‹ƒtƒ_ƒCƒWƒFƒXƒg,‰¢BƒcƒA[ÅIí‚Å‹N‚«‚½’¿–BuƒNƒ‰ƒu‚ª3–{‚à–Ø‚É‚È‚Á‚½v‚»‚Ìˆê•”nI‚Æ‹C‚É‚È‚éŒ‹––,https://news.yahoo.co.jp/articles/cb6c828e9b61f6eb21b726f3c9436e1156f83c0c,2023/12/1(‹à) 11:31
minnagolf,‚İ‚ñ‚È‚ÌƒSƒ‹ƒtƒ_ƒCƒWƒFƒXƒg,ƒ‰ƒt‚©‚ç‚Ì’Z‚¢ƒAƒvƒ[ƒ`B‚È‚é‚×‚­ƒsƒ“‚ÖŠñ‚¹‚é‚½‚ß‚É‹C‚ğ•t‚¯‚éƒ|ƒCƒ“ƒg‚ÍHy‰SÒ‚ğ’E‚µ‚½ƒSƒ‹ƒtƒ@[‚ªw100x‚ğØ‚é‚½‚ß‚ÌƒŒƒbƒXƒ“z,https://news.yahoo.co.jp/articles/98abea8a6991c1f74db9a42e474edd420c7964f8,2023/12/1(‹à) 7:31
minnagolf,‚İ‚ñ‚È‚ÌƒSƒ‹ƒtƒ_ƒCƒWƒFƒXƒg,¬j‚³‚­‚ç‚Ígl‚ğÎ‚í‚¹‚éh‚±‚Æ‚ªD‚«B©•ª‚ªƒlƒ^‚É‚È‚Á‚ÄgÎ‚í‚ê‚éh‚Ì‚àuŒ™‚¢‚¶‚á‚È‚¢‚Å‚·v,https://news.yahoo.co.jp/articles/613b29b7c2c34f2fac0c407b58c91eebfb2d77a6,2023/12/1(‹à) 6:31
minnagolf,‚İ‚ñ‚È‚ÌƒSƒ‹ƒtƒ_ƒCƒWƒFƒXƒg,¡‹GÜ‹à‰¤‚Ì’†“‡Œ[‘¾‚ªˆ³Šª‚ÌƒC[ƒOƒ‹‚ÅñˆÊ‚ÉI uƒSƒ‹ƒt“ú–{ƒVƒŠ[ƒYJTƒJƒbƒvv‰“úƒŒƒ|[ƒg,https://news.yahoo.co.jp/articles/a09a0844e470fe045bba653c563f8cea06ae9859,2023/11/30(–Ø) 18:30
minnagolf,‚İ‚ñ‚È‚ÌƒSƒ‹ƒtƒ_ƒCƒWƒFƒXƒg,LIVƒSƒ‹ƒt‚à^‚ÁÂ!? •Ä—qƒcƒA[—ˆ‹GÅIí‚Ì—DŸÜ‹à‚ª6‰­‰~‚ÉI,https://news.yahoo.co.jp/articles/1908d12d60710d16250e8d9b159cc5627495a291,2023/11/30(–Ø) 12:04
minnagolf,‚İ‚ñ‚È‚ÌƒSƒ‹ƒtƒ_ƒCƒWƒFƒXƒg,uƒtƒF[ƒX‚ğŠJ‚¢‚ÄAƒAƒEƒgƒTƒCƒhƒCƒ“v‚ª‹†‹É‚ÌƒXƒEƒBƒ“ƒO!? ƒxƒ“Eƒz[ƒKƒ“‚ÌŒ¤‹†‰Æ‚ª’ñˆÄ‚·‚éu‰º‰ñ‚èƒXƒEƒBƒ“ƒOv‚Æ‚Í?,https://news.yahoo.co.jp/articles/af6cd757de8b5c04aa6b1c4ce3b1a107f4fa3874,2023/11/30(–Ø) 11:31
minnagolf,‚İ‚ñ‚È‚ÌƒSƒ‹ƒtƒ_ƒCƒWƒFƒXƒg,ƒ`ƒFƒbƒNƒ|ƒCƒ“ƒg‚Íu•I‚ÌˆÊ’uvI ƒNƒ‰ƒu‚Ì‹O“¹‚ğˆÀ’è‚³‚¹‚éƒRƒc‚ğAƒvƒ‚ªƒCƒ‰ƒXƒg‚ğŒğ‚¦‚Ä‰ğà,https://news.yahoo.co.jp/articles/867b631486b3495eac6bfd4bf73a4219cfce956f,2023/11/30(–Ø) 7:31
minnagolf,‚İ‚ñ‚È‚ÌƒSƒ‹ƒtƒ_ƒCƒWƒFƒXƒg,‚»‚à‚»‚àl‚ÍƒSƒ‹ƒtƒXƒEƒBƒ“ƒO‚ğ‚Ç‚¤‚â‚Á‚Äu‘Ì‚ÅŠo‚¦‚évH ‚Ç‚¤—ûK‚·‚é‚Ì‚ªŒø—¦“IH ‰ÈŠw“I‚Él‚¦‚½y‰ğàuƒUEƒSƒ‹ƒtƒBƒ“ƒOƒ}ƒV[ƒ“v”106z,https://news.yahoo.co.jp/articles/d98d85df42d1865b3c8dd601f77f8efcd979aa39,2023/11/30(–Ø) 6:30
minnagolf,‚İ‚ñ‚È‚ÌƒSƒ‹ƒtƒ_ƒCƒWƒFƒXƒg,–¼‘O‚¾‚¯‚¶‚á‚È‚­ƒVƒƒƒtƒg‚àˆê!? ƒ^ƒCƒK[EƒEƒbƒYAì‘×‰Ê‚ª‘‘¬“Š“ü‚µ‚½uƒcƒA[AD VFv‚Í‰½‚ª—Ç‚¢H ì–{l‚É•·‚¢‚Ä‚İ‚½,https://news.yahoo.co.jp/articles/d9a0d70fb78b989934383fbc4be79180901cac04,2023/11/29(…) 18:30
minnagolf,‚İ‚ñ‚È‚ÌƒSƒ‹ƒtƒ_ƒCƒWƒFƒXƒg,yƒSƒ‹ƒtƒ‹[ƒ‹ƒNƒCƒYzƒ{[ƒ‹ƒ}[ƒN‚ÌC•œ’†‚ÉƒJƒ‰[‚É‚ ‚éƒ{[ƒ‹‚ğ“®‚©‚µ‚¿‚á‚Á‚½!@‚±‚ê‚Á‚Ä”±‚Í‚ ‚é?,https://news.yahoo.co.jp/articles/baa7efda23b5b8e9876bb409d49d851471d12079,2023/11/29(…) 13:06
minnagolf,‚İ‚ñ‚È‚ÌƒSƒ‹ƒtƒ_ƒCƒWƒFƒXƒg,ƒ^ƒCƒK[‚Æƒ}ƒLƒƒC‚É‚æ‚éVƒŠ[ƒOuTGLv‚ªŠJÃ‚ğ2025”N‚É‰„Šú,https://news.yahoo.co.jp/articles/d601a72512be93f5fce3c55e4c8553ae32661cea,2023/11/29(…) 11:31
minnagolf,‚İ‚ñ‚È‚ÌƒSƒ‹ƒtƒ_ƒCƒWƒFƒXƒg,‰ƒV[ƒh‚ğŠl“¾‚µ‚½•ÄàV˜@‚É’–Ú! ƒSƒ‹ƒt‚Ìo‡‚¢‚ÍƒjƒgƒŠ‚Ì—×‚ÉƒSƒ‹ƒt—ûKê‚ª‚ ‚Á‚½‚©‚çy²“¡MlƒAƒCƒYz,https://news.yahoo.co.jp/articles/dfa056fa3894281a9b7bd5f83d7d3305277b960a,2023/11/29(…) 7:31
minnagolf,‚İ‚ñ‚È‚ÌƒSƒ‹ƒtƒ_ƒCƒWƒFƒXƒg,ƒ~ƒYƒm‚ÌƒAƒCƒAƒ“‚ª—qƒvƒ‚½‚¿‚Éƒ‚ƒe‚é‚Ì‚Í‚È‚º!? l‹C‚Ì——R‚ğƒNƒ‰ƒuİŒv‰Æ‚ªl@yƒNƒ‰ƒu‘I‚Ñ‚ğƒN[ƒ‹‰ğà!z,https://news.yahoo.co.jp/articles/395e438955a62b398747d0f9b2b258723051a5a9,2023/11/29(…) 6:31
minnagolf,‚İ‚ñ‚È‚ÌƒSƒ‹ƒtƒ_ƒCƒWƒFƒXƒg,"u‚±‚ñ‚Èl‚Æ‚Ü‚½ˆê‚É‰ñ‚è‚½‚¢!v“¯”º‹£‹ZÒ‚©‚ç""ƒ‚ƒe‚él""‚ÌƒvƒŒ[ƒXƒ^ƒCƒ‹‚âs“®ƒpƒ^[ƒ“‚Æ‚Í?",https://news.yahoo.co.jp/articles/92e69653fd4f085538827b4a83de7c1099db89e6,2023/11/28(‰Î) 18:30
minnagolf,‚İ‚ñ‚È‚ÌƒSƒ‹ƒtƒ_ƒCƒWƒFƒXƒg,u1W‚Ö‚ÌM—ŠŠ´‚ªŸ•‰‚ğ•ª‚¯‚évƒUƒ“ƒ_[EƒVƒƒƒEƒtƒFƒŒ‚Ì14–{ƒZƒbƒeƒBƒ“ƒO,https://news.yahoo.co.jp/articles/78a3c5a229afee69a1028d7d55e2a064045edf75,2023/11/28(‰Î) 12:30
minnagolf,‚İ‚ñ‚È‚ÌƒSƒ‹ƒtƒ_ƒCƒWƒFƒXƒg,“~‚ÌƒOƒŠ[ƒ“ü‚è‚Ì’è”Ôu“]‚ª‚µvƒAƒvƒ[ƒ`B‚È‚ºA“]‚ª‚µ‚ª‚¢‚¢? ³‚µ‚¢‘Å‚¿•û‚Í? ‚â‚³‚µ‚¢”Ôè‚Í?yQã! ƒSƒ‹ƒtƒ@[‰‰‡‘àz,https://news.yahoo.co.jp/articles/bab2783e522e0234735582170a8a7c615d5c9314,2023/11/28(‰Î) 12:03
minnagolf,‚İ‚ñ‚È‚ÌƒSƒ‹ƒtƒ_ƒCƒWƒFƒXƒg,uƒƒWƒƒ[‰—DŸv‚ÆuƒpƒŠŒÜ—Öoêv‚ğ–Úw‚·”¨‰ª“ŞÑBƒIƒt‚Ì‰Û‘è‚Íu‘Ì‚Ì‰ñ“]‚ğ~‚ß‚È‚¢‚Å‘Å‚Âƒhƒ[ƒ{[ƒ‹v,https://news.yahoo.co.jp/articles/0d878b174591f1d407dfa409793e2ad3a9782cb4,2023/11/28(‰Î) 11:30
minnagolf,‚İ‚ñ‚È‚ÌƒSƒ‹ƒtƒ_ƒCƒWƒFƒXƒg,ud–‚Å—ûK‚à‚Ü‚Ü‚È‚ç‚È‚¢vƒAƒ}ƒ`ƒ…ƒAƒSƒ‹ƒtƒ@[–L“‡–L‚³‚ñ‚ª“ú–{ƒ~ƒbƒhƒAƒ}3˜A”e’B¬! ŠÖ“Œƒ~ƒbƒhƒAƒ}‚à3˜A”e,https://news.yahoo.co.jp/articles/578947205cd989ca4d94c7d991c1a19577cf0bb1,2023/11/28(‰Î) 7:30
minnagolf,‚İ‚ñ‚È‚ÌƒSƒ‹ƒtƒ_ƒCƒWƒFƒXƒg,ƒvƒŒƒbƒVƒƒ[‚Ì‚©‚©‚Á‚½ê–Ê‚Å‚àA‚¢‚Â‚Å‚à“¯‚¶ƒeƒ“ƒ|BR‰º”ü–²—L‚ÌÅ‹­ƒXƒEƒBƒ“ƒO‚ğƒvƒ‚ª‰ğàyŸÒ‚ÌƒXƒEƒBƒ“ƒOz,https://news.yahoo.co.jp/articles/03c54b3b65c2f9568a017681314d13535a4a3ceb,2023/11/28(‰Î) 6:31
minnagolf,‚İ‚ñ‚È‚ÌƒSƒ‹ƒtƒ_ƒCƒWƒFƒXƒg,ƒXƒEƒBƒ“ƒO’†‚Ìu‰Eèv‚Ì–ğŠ„‚Á‚Ä‚È‚ÉH ƒrƒMƒi[‚ªŠo‚¦‚Ä‚¨‚«‚½‚¢A”ò‚Î‚µ‚ÌŠî‘b’m¯,https://news.yahoo.co.jp/articles/0e7e35383fc2937785b27688644d474683531790,2023/11/27(Œ) 18:32
minnagolf,‚İ‚ñ‚È‚ÌƒSƒ‹ƒtƒ_ƒCƒWƒFƒXƒg,ˆÀ’èŠ´‚ÌSEƒVƒFƒtƒ‰[‚©A—DŸ‰ñ”‚ÌJEƒ‰[ƒ€‚©BPGAƒcƒA[‚ÌuƒvƒŒ[ƒ„[EƒIƒuEƒUEƒCƒ„[v‚É‹P‚­‚Ì‚Í‚Ç‚Á‚¿H,https://news.yahoo.co.jp/articles/74af3de642640e0370b6df6c32563c9d52c4ca85,2023/11/27(Œ) 12:00
minnagolf,‚İ‚ñ‚È‚ÌƒSƒ‹ƒtƒ_ƒCƒWƒFƒXƒg,"uƒJƒVƒIƒ[ƒ‹ƒhv‚ÅÜ‹à‰¤‚ğŒˆ‚ß‚½’†“‡Œ[‘¾! “Ë‘R“V‘‚É—·—§‚Á‚½—c‚È‚¶‚İ‚ª""—Í""‚ğ‚­‚ê‚½@—DŸ‚Íƒvƒ12”N–Ú‚Ì“ç’J‘¾ˆê",https://news.yahoo.co.jp/articles/007a26fdf7ac6d64d78a4930c35b42fe7416f942,2023/11/27(Œ) 11:31
minnagolf,‚İ‚ñ‚È‚ÌƒSƒ‹ƒtƒ_ƒCƒWƒFƒXƒg,R‰º”ü–²—L‚ªƒcƒA[ÅIí‚ÌuƒŠƒR[ƒJƒbƒvv‚ğ˜A”e! 2”N˜A‘±‚Å”NŠÔ—‰¤‚Æ•½‹ÏƒXƒgƒ[ƒN60‘ä‚à’B¬,https://news.yahoo.co.jp/articles/d7334986c6a3bdf1cafb15d8eeb1f4a769826ca7,2023/11/27(Œ) 11:00
minnagolf,‚İ‚ñ‚È‚ÌƒSƒ‹ƒtƒ_ƒCƒWƒFƒXƒg,ƒLƒƒƒƒEƒFƒCuAPEX MBvƒAƒCƒAƒ“BƒVƒƒ[ƒv‚Íƒwƒbƒh‚Å‚‚¢‘€ì«‚ÆˆÀ’è‚µ‚½”ò‹——£‚ğ‹‚ß‚éƒSƒ‹ƒtƒ@[‚É‚¨‚·‚·‚ß!yƒwƒbƒhƒf[ƒ^‚Í‰R‚Â‚©‚È‚¢!z,https://news.yahoo.co.jp/articles/bf31ed443a7c159425b1606648f0fa0e0b12944f,2023/11/27(Œ) 7:30
minnagolf,‚İ‚ñ‚È‚ÌƒSƒ‹ƒtƒ_ƒCƒWƒFƒXƒg,‚¢‚Ü‚Ç‚«‚Ì—qƒvƒ‚ªˆ¤—p‚·‚éu7”Ô‚Åƒƒtƒg30“x‘OŒãvƒAƒCƒAƒ“ƒ‚ƒfƒ‹B‚»‚ÌŒø—p‚ğƒNƒ‰ƒuƒtƒBƒbƒ^[‚É•·‚¢‚Ä‚İ‚½,https://news.yahoo.co.jp/articles/005bd2b616f6c3befbdbc837a60b4489f123c148,2023/11/27(Œ) 6:30
minnagolf,‚İ‚ñ‚È‚ÌƒSƒ‹ƒtƒ_ƒCƒWƒFƒXƒg,"•Ä‘‚Ì""ƒ†[ƒ`ƒ…[ƒo[""ƒvƒƒSƒ‹ƒtƒ@[‚Ì‚Ù‚ñ‚í‚©¶ŠˆBŸ‚¿•‰‚¯‚æ‚èŠy‚µ‚Ş‚±‚Æ‚ª‘åØ!?",https://news.yahoo.co.jp/articles/a88897a6f20c319fe8ecf5f531d9121ddc7bcab8,2023/11/26(“ú) 18:30
minnagolf,‚İ‚ñ‚È‚ÌƒSƒ‹ƒtƒ_ƒCƒWƒFƒXƒg,"""”’‚¢‚²”Ñ""‚ª‘åD‚«‚ÈƒSƒ‹ƒtƒ@[‚ÖBƒ‰ƒEƒ“ƒh‘OAƒ‰ƒEƒ“ƒh’†‚ÌŒø‰Ê“I‚È‚²”Ñ‚ÌH‚×•û‚Æ‚Í? H‚Ìê–å‰Æ‚É˜b‚ğ•·‚¢‚½",https://news.yahoo.co.jp/articles/826b32d49b528e7e5b4daeb814439c0d6e8c710a,2023/11/26(“ú) 11:30
minnagolf,‚İ‚ñ‚È‚ÌƒSƒ‹ƒtƒ_ƒCƒWƒFƒXƒg,"PGAƒcƒA[‚Å31”N‚Ô‚è‚ÉV‹L˜^’B¬B""”ò‚Î‚È‚¢""AEƒƒ“ƒO‚ª69ƒz[ƒ‹˜A‘±‚ÅƒtƒFƒAƒEƒFƒC‚ğƒL[ƒvB10ƒz[ƒ‹‚à‹L˜^‚ğXV!",https://news.yahoo.co.jp/articles/efda29516e20a6da7cc06088a2aeb07f5cbbd2a3,2023/11/26(“ú) 7:30
minnagolf,‚İ‚ñ‚È‚ÌƒSƒ‹ƒtƒ_ƒCƒWƒFƒXƒg,‘OŒXp¨ƒL[ƒv‚ÆˆÀ’è‚µ‚½‘Ì‚Ìƒ^[ƒ“‚ª‚Å‚«‚é! ‰º”¼g‚Ì—Í‚ğã”¼g‚É“`‚¦‚éu• Î‹ØvƒgƒŒyŒK–Øu”¿‚Ì‰õiŒ‚‚ğƒTƒ|[ƒg‚·‚éƒgƒŒ[ƒi[‚ª‹³‚¦‚éŠÈ’PƒgƒŒ[ƒjƒ“ƒOz,https://news.yahoo.co.jp/articles/203ab55bdfaf24e41f2c23b1b10a1262da2bf9b7,2023/11/26(“ú) 6:30
minnagolf,‚İ‚ñ‚È‚ÌƒSƒ‹ƒtƒ_ƒCƒWƒFƒXƒg,‰¢BƒcƒA[E“ìƒAƒtƒŠƒJ‚Ì‘å‰ï‚Å—DŸ‚µ‚½MEƒz[ƒ}B‘å‰ï‘O‚É•v•w‚ÅƒTƒtƒ@ƒŠ‚ğ–‹i!? –{l‚¢‚í‚­ul¶‚ğ•Ï‚¦‚é—·v,https://news.yahoo.co.jp/articles/865c1c00d056bed5a54bda0b0252b59147ef8fa1,2023/11/25(“y) 18:31
minnagolf,‚İ‚ñ‚È‚ÌƒSƒ‹ƒtƒ_ƒCƒWƒFƒXƒg,y–¼è‚Ì–¼Œ¾zƒOƒŒƒbƒOEƒm[ƒ}ƒ“u”s‚ê‚½‚©‚ç‚Æ‚¢‚Á‚ÄAl¶‚ªI‚í‚Á‚½‚í‚¯‚¶‚á‚È‚¢v,https://news.yahoo.co.jp/articles/9315f71e5d77665e9d33da8687495a9554d30090,2023/11/25(“y) 12:30
minnagolf,‚İ‚ñ‚È‚ÌƒSƒ‹ƒtƒ_ƒCƒWƒFƒXƒg,ƒOƒŠ[ƒ“ü‚è‚ÅƒUƒbƒNƒŠ‚µ‚È‚¢! ƒ\[ƒ‹‚ğŠŠ‚ç‚·uƒtƒBƒlƒXƒVƒ‡ƒbƒgv‚ÌƒAƒvƒ[ƒ`‚ğŠo‚¦‚æ‚¤y“äƒLƒƒƒ‰ƒR[ƒ`w‚í‚«‚ã‚¤x‚Ì‹C‚É‚È‚é˜bò42z,https://news.yahoo.co.jp/articles/e5e89451fa02b144b3db51fd2ff60189fac08339,2023/11/25(“y) 11:31
minnagolf,‚İ‚ñ‚È‚ÌƒSƒ‹ƒtƒ_ƒCƒWƒFƒXƒg,"‚È‚ºƒvƒƒcƒA[‚ÅƒAƒ}ƒ`ƒ…ƒA‘Iè‚Ì—DŸ‚ª‘‚¦‚½‚Ì‚©?@‘Iè‚Ìu”\—Ív‚ğˆø‚«o‚·ƒƒ“ƒ^ƒ‹ƒgƒŒ[ƒjƒ“ƒO‚ÌŒø—p‚ğl‚¦‚éyŒ³ƒvƒ–ì‹…R”»‚ÌƒR[ƒ`‚ª‹³‚¦‚é""SƒgƒŒ""”7z",https://news.yahoo.co.jp/articles/0b0075ecaef83cea77e4bd019586437522eecbfe,2023/11/25(“y) 7:31
minnagolf,‚İ‚ñ‚È‚ÌƒSƒ‹ƒtƒ_ƒCƒWƒFƒXƒg,Œ´‰pä»‰Ô‚ÌÅVƒZƒbƒeƒBƒ“ƒOBŒ_–ñƒtƒŠ[A5ƒuƒ‰ƒ“ƒh‚É‚æ‚é14–{‚Å“ú–{—qƒI[ƒvƒ“§”e,https://news.yahoo.co.jp/articles/d5d5d86664306f0d13d581b795aadf8576e04a31,2023/11/25(“y) 6:30
minnagolf,‚İ‚ñ‚È‚ÌƒSƒ‹ƒtƒ_ƒCƒWƒFƒXƒg,ñˆÊ‚Í7ƒAƒ“ƒ_[‚ÌX“c—y‚Å1‘Å·2ˆÊ‚ÉR‰º”ü–²—LB3‘Å·3ˆÊT‚É‰oê‚ÌˆÀ“c—SBT––‚à–Ú‚ª—£‚¹‚È‚¢!yJLPGAƒcƒA[ƒ`ƒƒƒ“ƒsƒIƒ“ƒVƒbƒvƒŠƒR[ƒJƒbƒv2“ú–ÚƒŒƒ|z,https://news.yahoo.co.jp/articles/d76506114f95a805967f3d63c62ae429766f380e,2023/11/24(‹à) 18:31
minnagolf,‚İ‚ñ‚È‚ÌƒSƒ‹ƒtƒ_ƒCƒWƒFƒXƒg,ƒ^ƒCƒK[Aƒ`ƒƒ[ƒŠ[ŒN‚Æeq‘å‰ï‚É4”N˜A‘±oêIuƒSƒ‹ƒtˆ¤‚ğ‘§q‚Æ‹¤—L‚Å‚«‚é‚Ì‚ÍÅ‚‚Ì‘¡‚è•¨viƒ^ƒCƒK[j,https://news.yahoo.co.jp/articles/929a6404f4c213dd1bf6df980e22319ec3ccec00,2023/11/24(‹à) 12:03
minnagolf,‚İ‚ñ‚È‚ÌƒSƒ‹ƒtƒ_ƒCƒWƒFƒXƒg,•ƒe‚ÌŒ£g“I‚È‰‰‡‚Í“Á•ÊƒJƒƒ‰‚Å’Ç‚í‚ê‚é‚Ù‚Ç!? ƒCƒ“ƒhŒn•Ä‘l‘IèSEƒeƒB[ƒKƒ‰‚ÌƒSƒ‹ƒt‚É’–Ú‚µ‚½y²“¡MlƒAƒCƒYz,https://news.yahoo.co.jp/articles/f5f55e5c668158b81ddda9dc6ba1981996220b76,2023/11/24(‹à) 11:32
minnagolf,‚İ‚ñ‚È‚ÌƒSƒ‹ƒtƒ_ƒCƒWƒFƒXƒg,ƒ`ƒƒƒ“ƒXƒz[ƒ‹‚¾‚©‚ç‚±‚»‹C‚ğ•t‚¯‚½‚¢I ‹——£‚Ì’Z‚¢ƒp[4‚ÌƒeƒB[ƒVƒ‡ƒbƒg‚Ì’ˆÓ“_y‰SÒ‚ğ’E‚µ‚½ƒSƒ‹ƒtƒ@[‚ªw100x‚ğØ‚é‚½‚ß‚ÌƒŒƒbƒXƒ“z,https://news.yahoo.co.jp/articles/97cd45f624d9fbae8476d7d4382aac7964901a02,2023/11/24(‹à) 7:30
minnagolf,‚İ‚ñ‚È‚ÌƒSƒ‹ƒtƒ_ƒCƒWƒFƒXƒg,ƒXƒRƒbƒeƒBƒLƒƒƒƒƒ“‚ÌŒÀ’èƒŒƒAƒ‚ƒfƒ‹B‚ ‚È‚½‚¾‚Á‚½‚çg‚¤? ‚»‚ê‚Æ‚àü‚é‚¾‚¯?yƒLƒƒƒƒƒ“ƒ}ƒjƒAéŒ¾z,https://news.yahoo.co.jp/articles/9065d78b0159dfb3b61c7cd670e7918d129c2eba,2023/11/24(‹à) 6:31
minnagolf,‚İ‚ñ‚È‚ÌƒSƒ‹ƒtƒ_ƒCƒWƒFƒXƒg,u‘Ì‚Ì‰ñ“]‚ğ~‚ß‚¸‚É‘Å‚Âv‚ÅƒVƒ‡ƒbƒg‚ªD’²‚ÈŸNˆäS“ß‚ªñˆÊ‚É1‘Å·‚Å”­iB2‘Å·‚ÉŒÃ]Ê‰ÀA\ƒWƒGAR‰º”ü–²—L!yJLPGAƒcƒA[ƒ`ƒƒƒ“ƒsƒIƒ“ƒVƒbƒvƒŠƒR[ƒJƒbƒv‰“úƒŒƒ|z,https://news.yahoo.co.jp/articles/22ced56b58c5b2deb35131ef96c5e83a9647d42e,2023/11/23(–Ø) 18:29
minnagolf,‚İ‚ñ‚È‚ÌƒSƒ‹ƒtƒ_ƒCƒWƒFƒXƒg,uƒXƒ‰ƒCƒT[‚ª‘å”¼v‚ÍÌ‚Ì˜b?@ƒSƒ‹ƒtƒ@[‚Ìg‚¿‹…h‚ğ’²¸‚µ‚½‚çAˆÓŠO‚ÈŒ‹‰Ê‚É!yƒjƒbƒ|ƒ“ƒSƒ‹ƒtÀ‘Ô’²¸z,https://news.yahoo.co.jp/articles/85344cb79daeeb0fb86fa79b8c69ecb195fa0a95,2023/11/23(–Ø) 12:30
minnagolf,‚İ‚ñ‚È‚ÌƒSƒ‹ƒtƒ_ƒCƒWƒFƒXƒg,Vl—qƒAƒiAŠC“n–¢—ˆBƒcƒA[‰ïê‚Åƒ‰ƒEƒ“ƒhƒŠƒ|[ƒ^[‚Æ‚µ‚Ä•±“¬‚·‚ép‚ğ’Ç‚Á‚Ä‚İ‚½,https://news.yahoo.co.jp/articles/d8114fe31fe1d11acf83b4a8910409e1f59225d1,2023/11/23(–Ø) 11:31
minnagolf,‚İ‚ñ‚È‚ÌƒSƒ‹ƒtƒ_ƒCƒWƒFƒXƒg,Œ»‘ã‚Ìƒhƒ‰ƒCƒo[‚Éƒ}ƒbƒ`‚µ‚½AƒtƒF[ƒX‚ğuƒVƒƒƒbƒgv‚Ég‚¤ƒXƒEƒBƒ“ƒO‚ÌƒRƒc‚ÍH ƒvƒ‚ªƒCƒ‰ƒXƒg‚ğŒğ‚¦‚Ä‰ğà,https://news.yahoo.co.jp/articles/a7048521589582486d3d77ba43d071647f559bd0,2023/11/23(–Ø) 7:30
minnagolf,‚İ‚ñ‚È‚ÌƒSƒ‹ƒtƒ_ƒCƒWƒFƒXƒg,ƒpƒbƒeƒBƒ“ƒO‚É‚Íu—˜‚«–Úv‚ªd—vBsöŒë‚ÌãAJEƒ‰[ƒ€‚ª•Ò‚İo‚µ‚½\‚¦•û‚Æ‚ÍH y‰ğàuƒUEƒSƒ‹ƒtƒBƒ“ƒOƒ}ƒV[ƒ“v”105z,https://news.yahoo.co.jp/articles/7faf1e0775980980d46d04dae960979cae1e0330,2023/11/23(–Ø) 6:30
minnagolf,‚İ‚ñ‚È‚ÌƒSƒ‹ƒtƒ_ƒCƒWƒFƒXƒg,PGA‚ÌƒgƒbƒvƒvƒŒ[ƒ„[‚ÌƒAƒvƒ[ƒ`B‘z‘œˆÈã‚Éƒƒtƒg‚ğ—§‚Ä‚ÄAƒ_ƒEƒ“ƒuƒ[‚É‘Å‚Á‚Ä‚¢‚é!?y–ÚàVGŒ›EƒXƒEƒBƒ“ƒO3.0@”7z,https://news.yahoo.co.jp/articles/15251e74c0604c0440109432d7684d6a604f5611,2023/11/22(…) 18:31
minnagolf,‚İ‚ñ‚È‚ÌƒSƒ‹ƒtƒ_ƒCƒWƒFƒXƒg,h”ò‚Î‚µ‚Ì˜_•¶hì¬Œ»ê‚Å”­Œ©I ‰ñ“]‘¬“x‚Íu‘«— ‚Ìg‚¢•ûv‚Åã‚ª‚é,https://news.yahoo.co.jp/articles/ffc5bd127bcead3d24bb24dec2e347cb3261d4d1,2023/11/22(…) 12:34
minnagolf,‚İ‚ñ‚È‚ÌƒSƒ‹ƒtƒ_ƒCƒWƒFƒXƒg,yƒSƒ‹ƒtƒ‹[ƒ‹ƒNƒCƒYzƒoƒbƒNƒXƒEƒBƒ“ƒO‚ğŠJn‚µ‚½‚ç‹…‚ª“®‚¢‚½!@‚»‚Ì‚Ü‚Ü‘Å‚Á‚½‚çƒyƒiƒ‹ƒeƒB?,https://news.yahoo.co.jp/articles/45d9a8cf764b0e21fb36582c681ea18d49e763a4,2023/11/22(…) 12:30
minnagolf,‚İ‚ñ‚È‚ÌƒSƒ‹ƒtƒ_ƒCƒWƒFƒXƒg,“ú–{ƒvƒÅ”N­—DŸE•½“cŒ›¹‚Ì‘fŠçB ƒcƒA[ƒvƒ‚Í‡“–“úA‚Ç‚ñ‚Èƒ‹[ƒeƒBƒ“‚Å‰ß‚²‚µ‚Ä‚é?y•½“cŒ›¹~¼—²Œõ ’jqƒvƒ‘Î’k‡Bz,https://news.yahoo.co.jp/articles/51f6bc856e40a8db68ddf18b74e42274e4326147,2023/11/22(…) 12:05
minnagolf,‚İ‚ñ‚È‚ÌƒSƒ‹ƒtƒ_ƒCƒWƒFƒXƒg,’jqƒcƒA[JGTO”­‘«ŒãA‰‚Ì’¿–B‹£‹Z¬—§Œã‚É‰ß­\‚Å¸ŠiBÅI¬ÑAÜ‹à”z•ªA•”–å•Êƒf[ƒ^‚È‚Ç‚·‚×‚Ä‚ğ’ù³,https://news.yahoo.co.jp/articles/f0a0d61541a434f1c62373cb6a096eeb7c24c707,2023/11/22(…) 11:31
minnagolf,‚İ‚ñ‚È‚ÌƒSƒ‹ƒtƒ_ƒCƒWƒFƒXƒg,ƒNƒ‰ƒu‚Í—¼è‚Åˆ¬‚é‚¯‚Ç“®‚«‚Í‚»‚ê‚¼‚êˆá‚¤I ƒrƒMƒi[‚ªŠo‚¦‚Ä‚¨‚«‚½‚¢AƒXƒEƒBƒ“ƒO’†‚Ìu¶èv‚Ì–ğŠ„‚Æ‚ÍH,https://news.yahoo.co.jp/articles/ed7b385f1450f0613ab0c8597e8d664b93e0c168,2023/11/22(…) 7:30
minnagolf,‚İ‚ñ‚È‚ÌƒSƒ‹ƒtƒ_ƒCƒWƒFƒXƒg,ƒAƒxƒŒ[ƒWƒSƒ‹ƒtƒ@[‚ÌƒEƒFƒbƒW‘I‚ÑB‚â‚³‚µ‚­Šñ‚¹‚ç‚ê‚éƒƒtƒg‚Í‰½“xHyƒNƒ‰ƒu‘I‚Ñ‚ğƒN[ƒ‹‰ğà!z,https://news.yahoo.co.jp/articles/c1f1beb21d0edf68963cd055a10b3a580da6aba0,2023/11/22(…) 6:32
minnagolf,‚İ‚ñ‚È‚ÌƒSƒ‹ƒtƒ_ƒCƒWƒFƒXƒg,ug‚Æ‚ñ‚Úh‚Í•`‚«‚½‚©‚Á‚½—‘z‘œ‚»‚Ì‚à‚ÌvHUNTER~HUNTER•yŠ~‹`”‚Ìg„‚µh‚Íê–å˜AÚ‚ÌƒSƒ‹ƒt–Ÿ‰æ!?,https://news.yahoo.co.jp/articles/17ee78d3563ec5c5ff72affd6beda8bb0c5f00f8,2023/11/22(…) 6:02
minnagolf,‚İ‚ñ‚È‚ÌƒSƒ‹ƒtƒ_ƒCƒWƒFƒXƒg,uVƒ[ƒNƒVƒIv‚Ìƒhƒ‰ƒCƒo[•ƒAƒCƒAƒ“‚ğ‘Å‚ÌƒXƒyƒVƒƒƒŠƒXƒg‚ª“O’ê•ªÍ! ‘Oì‚©‚ç‚Ç‚¤•Ï‚í‚Á‚½? ›ÀØXAÂ–Ø£—ß“Ş‚ªâ^‚·‚é‚»‚ÌÀ—Í‚Æ‚Í?,https://news.yahoo.co.jp/articles/75b4ab506269768a4494c8bb317c8e8afcbde4a6,2023/11/21(‰Î) 18:31
minnagolf,‚İ‚ñ‚È‚ÌƒSƒ‹ƒtƒ_ƒCƒWƒFƒXƒg,“ú–{‚ÌƒvƒƒSƒ‹ƒtj‚ğÊ‚Á‚Ä‚«‚½ƒ_ƒ“ƒƒbƒvƒtƒFƒjƒbƒNƒX‚Í¡”N‚Å50ü”NI@”X‚Ì–¼Ÿ•‰‚ğ¶‚ñ‚¾H‚ÌƒrƒbƒOƒg[ƒiƒƒ“ƒg‚Ì—ğj‚ğ’m‚ë‚¤,https://news.yahoo.co.jp/articles/b5dd5a80c4dfe7a2932874028a2b03652b3aab14,2023/11/21(‰Î) 16:34
minnagolf,‚İ‚ñ‚È‚ÌƒSƒ‹ƒtƒ_ƒCƒWƒFƒXƒg,”ò‚ÔƒXƒEƒBƒ“ƒO‚Ì•K{—v‘fuXƒtƒ@ƒNƒ^[v‚Á‚Ä‚È‚ñ‚Ì‚±‚Æ?y–¾“úg‚¦‚éƒSƒ‹ƒt—pŒêz,https://news.yahoo.co.jp/articles/9369623de2da1c33f75d2d0fe7fd7b3a4fe13687,2023/11/21(‰Î) 12:30
minnagolf,‚İ‚ñ‚È‚ÌƒSƒ‹ƒtƒ_ƒCƒWƒFƒXƒg,ƒ^ƒCƒK[‚©‚ç’·’jƒ`ƒƒ[ƒŠ[ŒN‚Ö‚ÌƒAƒhƒoƒCƒX‚Íu–l‚Å‚Í‚È‚­Aƒ[ƒŠ[iƒ}ƒLƒƒCj‚ÌƒXƒEƒBƒ“ƒO‚ğƒRƒs[‚µ‚È‚³‚¢vB12Œ‚ÉPNC‘IèŒ ‚Éeq‚Åoê‚©yPGAƒcƒA[ƒzƒbƒgƒ‰ƒCƒ“z,https://news.yahoo.co.jp/articles/4b8d165c8d891bab4a5fb98a59556550b3ad63ec,2023/11/21(‰Î) 12:06
minnagolf,‚İ‚ñ‚È‚ÌƒSƒ‹ƒtƒ_ƒCƒWƒFƒXƒg,ƒŒƒbƒXƒ“ŒnYouTube“®‰æ‚Æ‚Ì•t‚«‡‚¢•ûBu‰“‚­‚Ìƒ†[ƒ`ƒ…[ƒo[‚æ‚è‹ß‚­‚ÌƒSƒ‹ƒt’‡ŠÔv‚ª³‰ğ!?yQã! ƒSƒ‹ƒtƒ@[‰‰‡‘àz,https://news.yahoo.co.jp/articles/44469d2ff33a933c6e2872a4d20eee2f1d1c9370,2023/11/21(‰Î) 11:30
minnagolf,‚İ‚ñ‚È‚ÌƒSƒ‹ƒtƒ_ƒCƒWƒFƒXƒg,ƒ[ƒŠ[Eƒ}ƒLƒƒC‚ª‰¢BƒcƒA[‚Å2”N˜A‘±5‰ñ–Ú‚Ì”NŠÔ‰¤ÒB ‚¿‚È‚İ‚É6‰ñƒ^ƒCƒgƒ‹‚ğŠl“¾‚µ‚Ä‚¢‚é‚Ì‚Í‚ ‚ÌƒJƒŠƒXƒ}‘Iè!,https://news.yahoo.co.jp/articles/10c850a4883e04e0ae4eb9f7a4fc45e8fa52b237,2023/11/21(‰Î) 7:30
minnagolf,‚İ‚ñ‚È‚ÌƒSƒ‹ƒtƒ_ƒCƒWƒFƒXƒg,uƒ_ƒ“ƒƒbƒvƒtƒFƒjƒbƒNƒXv—DŸ‚Ì™‰Y—I‘¾B‰º”¼g‚Ì—Í‚ÅƒNƒ‰ƒu‚ğŒø—¦‚æ‚­‰Á‘¬‚³‚¹‚éƒXƒEƒBƒ“ƒO‚ğƒvƒ‚ª‰ğàyŸÒ‚ÌƒXƒEƒBƒ“ƒOz,https://news.yahoo.co.jp/articles/d42b2262552dce6787e99d693582d1adc4db8ba9,2023/11/21(‰Î) 6:30
minnagolf,‚İ‚ñ‚È‚ÌƒSƒ‹ƒtƒ_ƒCƒWƒFƒXƒg,ƒNƒ‰ƒu‚Égd–h‚ğ‚³‚¹‚ê‚ÎA‘Ì‚ğ’b‚¦‚È‚­‚Ä‚à”ò‚Î‚¹‚éI ‰¡“c^ˆêƒvƒ‚ª‹³‚¦‚é”ò‹——£ƒAƒbƒv‚ÌƒRƒc‚ğÀÛ‚É‚µ‚Ä‚İ‚½,https://news.yahoo.co.jp/articles/d4509d6982cc0d0fd955234f6c81ad6cb0a5d04b,2023/11/20(Œ) 18:31
minnagolf,‚İ‚ñ‚È‚ÌƒSƒ‹ƒtƒ_ƒCƒWƒFƒXƒg,‚à‚Ì‚·‚²‚¢ƒ‹[ƒL[Œ»‚éI ƒXƒEƒF[ƒfƒ“‚ÌV¯LEƒAƒo[ƒO‚ªPGAƒcƒA[ÅIí‚ÅŒˆŸƒ‰ƒEƒ“ƒh2“úŠÔ61-61‚ğƒ}[ƒN‚µˆ³Ÿ,https://news.yahoo.co.jp/articles/8fbfc03758d3e032484df02ca340a26435b4cd56,2023/11/20(Œ) 12:30
minnagolf,‚İ‚ñ‚È‚ÌƒSƒ‹ƒtƒ_ƒCƒWƒFƒXƒg,ƒAƒ}‚Ì™‰Y—I‘¾‚ªuƒ_ƒ“ƒƒbƒvƒtƒFƒjƒbƒNƒXv—DŸ‚Ì‰õ‹“! ‘‘¬ƒvƒ“]Œü‚µ‚½“ú‘å4”N¶‚Í¡TuƒJƒVƒIƒ[ƒ‹ƒhv‚É—Õ‚Ş,https://news.yahoo.co.jp/articles/1e43006df21b850e5a6e103dd165e6e5fd56b36f,2023/11/20(Œ) 12:00
minnagolf,‚İ‚ñ‚È‚ÌƒSƒ‹ƒtƒ_ƒCƒWƒFƒXƒg,Â–Ø£—ß“Ş‚ªuƒGƒŠƒG[ƒ‹ƒŒƒfƒBƒXv‚Å‹t“]VBu‹Öğv‚Éuï–¡••ˆóvBŸ—˜‚ğŒÄ‚Ñ‚ñ‚¾ƒXƒgƒCƒbƒN‚È¶Šˆ,https://news.yahoo.co.jp/articles/ccf5077c3ae13469ff8c1b7e16a8c5cc8676b777,2023/11/20(Œ) 11:32
minnagolf,‚İ‚ñ‚È‚ÌƒSƒ‹ƒtƒ_ƒCƒWƒFƒXƒg,7”Ô‚ÌƒƒtƒgŠp29.6“xBƒvƒƒ‚ƒfƒ‹Œ`ó‚ªD‚«‚ÅA”ò‹——£‚ª—~‚µ‚¢ƒSƒ‹ƒtƒ@[‚É‚¨‚·‚·‚ß! uMizuno Pro 245vƒAƒCƒAƒ“yƒwƒbƒhƒf[ƒ^‚Í‰R‚Â‚©‚È‚¢!z,https://news.yahoo.co.jp/articles/a276443dc4605549d3ea33e0db004ae8a30659f5,2023/11/20(Œ) 7:31
minnagolf,‚İ‚ñ‚È‚ÌƒSƒ‹ƒtƒ_ƒCƒWƒFƒXƒg,HS40m/s‚ÌƒAƒxƒŒ[ƒWƒSƒ‹ƒtƒ@[‚ÌƒNƒ‰ƒuƒZƒbƒeƒBƒ“ƒOBFW‚ÆUT‚ÌƒxƒXƒg‚È‘g‚İ‡‚í‚¹‚ğƒtƒBƒbƒ^[‚Æl‚¦‚½,https://news.yahoo.co.jp/articles/2977282ca9350a42c4510d19033e9af7a70a85b3,2023/11/20(Œ) 6:30
minnagolf,‚İ‚ñ‚È‚ÌƒSƒ‹ƒtƒ_ƒCƒWƒFƒXƒg,25ÎˆÈã‚ÌĞ‰ïl‚ª‘ÎÛBg‘S“ú–{ƒrƒWƒlƒXƒSƒ‹ƒtƒ@[ƒY‘IèŒ 2024h‚ÌƒGƒ“ƒgƒŠ[•åWŠJnB“ú–{ƒpƒuƒŠƒbƒNƒSƒ‹ƒt‹¦‰ï‚ªåÃ,https://news.yahoo.co.jp/articles/2135a1411d0253727c35264831ffe7d0ff4a0217,2023/11/19(“ú) 18:30
minnagolf,‚İ‚ñ‚È‚ÌƒSƒ‹ƒtƒ_ƒCƒWƒFƒXƒg,5”ÔƒAƒCƒAƒ“‚ÅƒƒuƒVƒ‡ƒbƒg!? ‰¢BƒcƒA[‚ÅuƒWEƒƒ“ƒNƒ‰ƒuEƒ‰ƒEƒ“ƒhv‚ÌƒCƒxƒ“ƒg‚ğŠJÃB‚ ‚È‚½‚¾‚Á‚½‚ç‰½”Ô‚ğ‘I‚Ô?,https://news.yahoo.co.jp/articles/4b7da511de3d432fd6f1c8b0171bb22deae3f0c2,2023/11/19(“ú) 12:30
minnagolf,‚İ‚ñ‚È‚ÌƒSƒ‹ƒtƒ_ƒCƒWƒFƒXƒg,y–¼è‚Ì–¼Œ¾z‹{–{—¯‹gu”ò‹——£‚Í‚à‚Á‚Ä¶‚Ü‚ê‚½‚à‚ÌB‹t‚ç‚Á‚Ä‚Í©•ª‚ÌƒXƒ^ƒCƒ‹‚ÍŠm—§‚µ‚È‚¢v,https://news.yahoo.co.jp/articles/1141669b326b97ca60cecc9bf2d62b071acf034e,2023/11/19(“ú) 12:30
minnagolf,‚İ‚ñ‚È‚ÌƒSƒ‹ƒtƒ_ƒCƒWƒFƒXƒg,‚±‚ê‚©‚ç‚Ì‹GßAÀ‚Í“ï‚µ‚¢!? u‰Ô“¹v‚©‚ç‚ÌƒAƒvƒ[ƒ`Bƒsƒ“‚ª‰œAè‘O‚Ìó‹µ•ÊƒŒƒbƒXƒ“•—ûK–@‚ğ¬–ì›½ƒvƒ‚ª‰ğà,https://news.yahoo.co.jp/articles/bb6b0682ca0d962b89b7385f9bd2c7fb25f1b5db,2023/11/19(“ú) 7:30
minnagolf,‚İ‚ñ‚È‚ÌƒSƒ‹ƒtƒ_ƒCƒWƒFƒXƒg,ƒSƒ‹ƒt‚ªŒ’N’·õ‚É‚¢‚¢——RB50‘ã‚Ì—q‘å¶‚ªŠw‚ÔƒSƒ‹ƒt‚ÆƒŠƒnƒrƒŠƒe[ƒVƒ‡ƒ“,https://news.yahoo.co.jp/articles/548423c614c22faf641167f3b89ed61cc0bd22b9,2023/11/19(“ú) 7:03
minnagolf,‚İ‚ñ‚È‚ÌƒSƒ‹ƒtƒ_ƒCƒWƒFƒXƒg,‘ÌŠ²‚ª‚ä‚é‚Ü‚È‚¢ƒXƒEƒBƒ“ƒOŠ´Šo‚ğ‚Â‚©‚ß‚é!@‘Ì‚ÌˆÀ’è«‚ª–‚©‚ê‚éuƒXƒ^ƒrƒŠƒeƒBvƒgƒŒyŒK–Øu”¿‚Ì‰õiŒ‚‚ğƒTƒ|[ƒg‚·‚éƒgƒŒ[ƒi[‚ª‹³‚¦‚éŠÈ’PƒgƒŒ[ƒjƒ“ƒOz,https://news.yahoo.co.jp/articles/ccb022902f26229bd50efb925f20f60e359f0eba,2023/11/19(“ú) 6:30
minnagolf,‚İ‚ñ‚È‚ÌƒSƒ‹ƒtƒ_ƒCƒWƒFƒXƒg,"""ƒp[4‚Å2“x–Ú‚Ìƒz[ƒ‹ƒCƒ“ƒƒ“""‚ğƒSƒ‹ƒtƒ†[ƒ`ƒ…[ƒo[‚ª’B¬!uŠïÕvu‘f°‚ç‚µ‚¢v‚ÆSNS‚ª‘å‘›‚¬",https://news.yahoo.co.jp/articles/b935348b7e4186037ba335f502e398fd8437811a,2023/11/18(“y) 18:30
minnagolf,‚İ‚ñ‚È‚ÌƒSƒ‹ƒtƒ_ƒCƒWƒFƒXƒg,yƒSƒ‹ƒtƒ‹[ƒ‹ƒNƒCƒYzƒoƒ“ƒJ[‚Éƒ{[ƒ‹‚ª–„‚Ü‚Á‚ÄŒ©‚¦‚È‚¢!@»‚ğí‚Á‚Ä”­Œ©‚µ‚½‚¯‚ÇA»‚ğŒ³‚É–ß‚·•K—v‚Í‚ ‚é?,https://news.yahoo.co.jp/articles/4dcfe069375e4a44e23177a591300c75dbb1c317,2023/11/18(“y) 12:30
minnagolf,‚İ‚ñ‚È‚ÌƒSƒ‹ƒtƒ_ƒCƒWƒFƒXƒg,"”ò‹——£‚ğL‚Î‚·‚É‚Í""‘Ì‚Ìd‚³""‚ğ—˜—p‚·‚é!? d‚³‚ªæ‚Á‚½Œú‚¢ƒCƒ“ƒpƒNƒg‚É‚È‚é³‚µ‚¢u‰E‘«‚ÌR‚è•ûv‚Æ‚Í?",https://news.yahoo.co.jp/articles/b7d78f8ad7ede575af60dc674343c322bcfaa6c4,2023/11/18(“y) 11:40
minnagolf,‚İ‚ñ‚È‚ÌƒSƒ‹ƒtƒ_ƒCƒWƒFƒXƒg,"u‚â‚è‘±‚¯‚é”\—Ív‚±‚»‚ªƒSƒ‹ƒtƒ@[‚Ìã’B‚Éd—v!? ""©•ª‚É‚Í–³—""‚Å‚È‚­""©•ª‚É‚à‚Å‚«‚é""‚Æ‚¢‚¤v‚¢‚İ‚ª‰Â”\«‚ğL‚°‚éIyŒ³ƒvƒ–ì‹…R”»‚ÌƒR[ƒ`‚ª‹³‚¦‚é""SƒgƒŒ""”6z",https://news.yahoo.co.jp/articles/423570cf0b75050a2288047563fc45f4b4baf452,2023/11/18(“y) 7:31
minnagolf,‚İ‚ñ‚È‚ÌƒSƒ‹ƒtƒ_ƒCƒWƒFƒXƒg,ƒgƒbƒvƒvƒ‚ªg—p‚·‚éƒXƒRƒbƒeƒBƒLƒƒƒƒƒ“‚Ì3ƒ‚ƒfƒ‹Aƒtƒ@ƒ“ƒgƒ€XE009ETimelessyƒLƒƒƒƒƒ“ƒ}ƒjƒAéŒ¾z,https://news.yahoo.co.jp/articles/0c620d0585eae8a8d01ef6d1ab56f2287aeadc55,2023/11/18(“y) 6:30
minnagolf,‚İ‚ñ‚È‚ÌƒSƒ‹ƒtƒ_ƒCƒWƒFƒXƒg,ƒUƒbƒNƒŠ‚µ‚È‚¢ƒAƒvƒ[ƒ`‚ÍuƒOƒŠƒbƒvƒGƒ“ƒh‚ğˆÓ¯v‚·‚é!? ƒ\[ƒ‹‚ğãè‚­ŠŠ‚ç‚¹‚éƒEƒFƒbƒW‚Ìg‚¢•û‚Í‚±‚ê!y“äƒLƒƒƒ‰ƒR[ƒ`w‚í‚«‚ã‚¤x‚Ì‹C‚É‚È‚é˜bò41z,https://news.yahoo.co.jp/articles/5b13c306b956e5d997b7a8daf52297f98a70290e,2023/11/17(‹à) 18:31
minnagolf,‚İ‚ñ‚È‚ÌƒSƒ‹ƒtƒ_ƒCƒWƒFƒXƒg,U‚ß‚ÌƒSƒ‹ƒt‚Ì‘ã–¼Œ!uƒo[ƒfƒB—¦v‚Í’†“‡Œ[‘¾‚ªƒgƒbƒv‚ğ“Æ‘–yƒSƒ‹ƒt‚È‚ñ‚Å‚àƒ‰ƒ“ƒLƒ“ƒOz,https://news.yahoo.co.jp/articles/2b2ce9ca97d19e65342b9485d2bc6312691c5786,2023/11/17(‹à) 12:30
minnagolf,‚İ‚ñ‚È‚ÌƒSƒ‹ƒtƒ_ƒCƒWƒFƒXƒg,—DŸÜ‹à3‰­‰~‚Ì•Ä—qƒcƒA[ÅIí‚Å”¨‰ª“ŞÑ‚ªƒƒPƒbƒgƒXƒ^[ƒgI —LI‚Ì”ü‚ğü‚ê‚é‚©H,https://news.yahoo.co.jp/articles/b5526010653a2e9cf7369e595aa86399505b258c,2023/11/17(‹à) 12:01
minnagolf,‚İ‚ñ‚È‚ÌƒSƒ‹ƒtƒ_ƒCƒWƒFƒXƒg,"ÅVƒVƒƒƒtƒguƒcƒA[AD VFv‚ÆuƒŠƒ“ƒN ƒuƒ‹[EXv‚ğ‘Å”äŠrB""—‚Ä”ñ‚È‚é""èŒ³ŒnƒVƒƒƒtƒg2ƒ‚ƒfƒ‹‚Í‚Ç‚ñ‚ÈƒSƒ‹ƒtƒ@[‚É‚¨‚·‚·‚ß?",https://news.yahoo.co.jp/articles/fd295c36a7bc72493cd5378a0902dbd31f5aa413,2023/11/17(‹à) 11:32
minnagolf,‚İ‚ñ‚È‚ÌƒSƒ‹ƒtƒ_ƒCƒWƒFƒXƒg,ƒK[ƒhƒoƒ“ƒJ[‚©‚ç’EoA‚»‚µ‚Äƒsƒ“‚Ö‚ÌŠñ‚¹‚Ü‚Å‘_‚¤‚½‚ß‚É‹C‚ğ•t‚¯‚½‚¢‚±‚Æ‚ÍHy‰SÒ‚ğ’E‚µ‚½ƒSƒ‹ƒtƒ@[‚ªw100x‚ğØ‚é‚½‚ß‚ÌƒŒƒbƒXƒ“z,https://news.yahoo.co.jp/articles/3a01a412b7f60387cc47cd1fffe677d97d3e76f1,2023/11/17(‹à) 7:30
minnagolf,‚İ‚ñ‚È‚ÌƒSƒ‹ƒtƒ_ƒCƒWƒFƒXƒg,ƒhƒ‰ƒCƒo[‚Í3”N‘O‚ÌSIM‚ğÌ—pBZOZOŸÒAƒRƒŠƒ“Eƒ‚ƒŠƒJƒ‚Ìƒe[ƒ‰[V‹Œƒ‚ƒfƒ‹¬‡ƒZƒbƒeƒBƒ“ƒO,https://news.yahoo.co.jp/articles/c65f20a8222ec3d5da923d556a98efe1f983e049,2023/11/17(‹à) 6:30
minnagolf,‚İ‚ñ‚È‚ÌƒSƒ‹ƒtƒ_ƒCƒWƒFƒXƒg,uƒpƒbƒeƒBƒ“ƒO‚Í1“_‚ğŒ©‘±‚¯‚év‚Æ“ü‚éŠm—¦‚ªã‚ª‚é! ‰ÈŠw‚ªØ–¾‚µ‚½uƒNƒƒCƒGƒbƒgEƒAƒCv‚ÌŒø‰Ê‚Æ‚Í?,https://news.yahoo.co.jp/articles/bad20e023bdbc70b57d127761a83ec7a13718f9b,2023/11/16(–Ø) 18:30
minnagolf,‚İ‚ñ‚È‚ÌƒSƒ‹ƒtƒ_ƒCƒWƒFƒXƒg,yTŠ§GD“ÆèIzPGAƒcƒA[oêŒ Šl“¾‚ğ–Úw‚µA‹ví—Á‚ÌDPƒ[ƒ‹ƒhƒcƒA[‚ÌÅIí‚ª‚¢‚æ‚¢‚æn‚Ü‚éc,https://news.yahoo.co.jp/articles/a6c71bf2883e925ce22f9e71ab031af5deeeaac9,2023/11/16(–Ø) 16:03
minnagolf,‚İ‚ñ‚È‚ÌƒSƒ‹ƒtƒ_ƒCƒWƒFƒXƒg,41Î‚ÌgƒXƒpƒCƒ_[ƒ}ƒ“h‚ª9”N‚Ô‚è‚Ì•œŠˆ—DŸI ƒJƒ~ƒEƒrƒWƒFƒKƒX‚ÌƒXƒEƒBƒ“ƒO‚ğAI‚Å•ªÍ,https://news.yahoo.co.jp/articles/7e8739cc10f0b4aa0f13214a1ff11d696f1e3b14,2023/11/16(–Ø) 13:00
minnagolf,‚İ‚ñ‚È‚ÌƒSƒ‹ƒtƒ_ƒCƒWƒFƒXƒg,PGAƒcƒA[‚É•œ‹A‚·‚é‰‚ÌLIVƒSƒ‹ƒtƒ@[’a¶‚È‚é‚©!? QƒXƒN[ƒ‹Q‰Á‚ª‹–‚³‚ê‚½TEƒyƒeƒBƒbƒg‚É’–Ú!,https://news.yahoo.co.jp/articles/c2d20a0ce443aa685417ea6abe1ada0b14574c11,2023/11/16(–Ø) 12:07
minnagolf,‚İ‚ñ‚È‚ÌƒSƒ‹ƒtƒ_ƒCƒWƒFƒXƒg,¬j‚³‚­‚ç‚Ö’¼‹…¿–âA‚¸‚Î‚èD‚«‚Èƒ^ƒCƒv‚Í? uÎŠç‚ª‘f“G‚ÈlBZZZZ‚ª‚ ‚él‚à‚¢‚¢‚Å‚·‚Ëv,https://news.yahoo.co.jp/articles/b1bc64db40f168564b9daf0151aed451ebfe9e47,2023/11/16(–Ø) 11:33
minnagolf,‚İ‚ñ‚È‚ÌƒSƒ‹ƒtƒ_ƒCƒWƒFƒXƒg,ƒXƒNƒGƒAEƒEƒB[ƒN‚ÆƒXƒgƒƒ“ƒOƒOƒŠƒbƒv‚Æ‚ÅAƒXƒEƒBƒ“ƒO’†‚Ì“®‚«‚Í‚Ç‚¤•Ï‚í‚éH ƒvƒ‚ªƒCƒ‰ƒXƒg‚ğŒğ‚¦‚Ä‰ğà,https://news.yahoo.co.jp/articles/8cfb11fbc15ff7e3ce7ca8dcc711c358feb29389,2023/11/16(–Ø) 7:30
minnagolf,‚İ‚ñ‚È‚ÌƒSƒ‹ƒtƒ_ƒCƒWƒFƒXƒg,"PGAƒcƒA[‚Å‹‚ß‚ç‚ê‚é""’e“¹‚Ì‚‚³""B‘Iè‚½‚¿‚ª‚’e“¹‚ğÀŒ»‚·‚é‚½‚ß‚Éd‹‚·‚éuœ”Õ‚Ì“®‚«v‚Æ‚Í?y‰ğàuƒUEƒSƒ‹ƒtƒBƒ“ƒOƒ}ƒV[ƒ“v”104z",https://news.yahoo.co.jp/articles/0eb2f2c01a8254cf75947f37756756b46530a379,2023/11/16(–Ø) 6:32
minnagolf,‚İ‚ñ‚È‚ÌƒSƒ‹ƒtƒ_ƒCƒWƒFƒXƒg,u‚à‚¤“ñ“x‚Æˆê‚É‰ñ‚è‚½‚­‚È‚¢ƒSƒ‹ƒtƒ@[v‚Ì“Á’¥‚Æ‚Í? Œ™‚í‚ê‚é“¯”ºÒ‚ ‚é‚ ‚é‚Ü‚Æ‚ßB—«ƒSƒ‹ƒtƒ@[‚©‚ç‚ÌƒVƒrƒA‚Èº‚àcc,https://news.yahoo.co.jp/articles/b1203b6acd051ff398b500dbd254a9f05c5a362b,2023/11/15(…) 18:31
minnagolf,‚İ‚ñ‚È‚ÌƒSƒ‹ƒtƒ_ƒCƒWƒFƒXƒg,PGA–¢Ÿ—˜‚Åƒ‰ƒCƒ_[ƒJƒbƒv‚Ì‰¢Bƒ`[ƒ€‚ÉˆÙ—á‚Ì”²“FB’´ƒuƒŒƒCƒN’†‚ÌƒXƒEƒF[ƒfƒ“l‘IèALEƒGƒCƒo[ƒO‚É’–Ú!y²“¡MlƒAƒCƒYz,https://news.yahoo.co.jp/articles/0350b6a3ae19bd1e93ccf4e4c1c34c6aaa698890,2023/11/15(…) 12:07
minnagolf,‚İ‚ñ‚È‚ÌƒSƒ‹ƒtƒ_ƒCƒWƒFƒXƒg,MLB‚Ìn‹…®‚ÉƒOƒŠ[ƒ“ƒWƒƒƒPƒbƒgp‚Å“oê‚µ‚½JEƒ‰[ƒ€BƒXƒEƒBƒ“ƒO“¯—l¬‚³‚Èƒ‚[ƒVƒ‡ƒ“‚Å“Š‚°‚½ƒ{[ƒ‹‚Í‘å‚«‚­‰E‚Ö!?,https://news.yahoo.co.jp/articles/ba3f58c0c35c9c0bb596143bde3322e9c340347c,2023/11/15(…) 11:33
minnagolf,‚İ‚ñ‚È‚ÌƒSƒ‹ƒtƒ_ƒCƒWƒFƒXƒg,ƒVƒƒƒtƒg‚Ì‚µ‚È‚è‚Á‚ÄˆÓ¯‚·‚×‚«‚È‚ÌH ‚»‚à‚»‚àŠ´‚¶‚ç‚ê‚é‚à‚ÌH ƒrƒMƒi[‚Ì‹^–â‚ğ‰ğàI,https://news.yahoo.co.jp/articles/459e89683eda26186808f539dbcaef46c64858d4,2023/11/15(…) 7:31
minnagolf,‚İ‚ñ‚È‚ÌƒSƒ‹ƒtƒ_ƒCƒWƒFƒXƒg,"Îì—É‚Í""ƒcƒmŒ^ƒZƒ“ƒ^[ƒVƒƒƒtƒg""ƒpƒ^[‚Éƒ`ƒFƒ“ƒWBƒAƒ}ƒ`ƒ…ƒA‚à«Ši‚ª‚Ü‚Á‚½‚­ˆá‚¤ƒpƒ^[‚É‘Ö‚¦‚é‚ÆƒƒŠƒbƒg‚ª‚ ‚é!?yƒNƒ‰ƒu‘I‚Ñ‚ğƒN[ƒ‹‰ğà!z",https://news.yahoo.co.jp/articles/b3ad8380ab67586298ebc3413ef34a26a240ebf3,2023/11/15(…) 6:31
minnagolf,‚İ‚ñ‚È‚ÌƒSƒ‹ƒtƒ_ƒCƒWƒFƒXƒg,"ƒoƒ“ƒJ[ƒVƒ‡ƒbƒg‚Í""˜r—Í""‚æ‚è""‹r—Í""! ¶‘«‘ÌdƒL[ƒv‚Ì‚½‚ß‚Ì‘¾‚à‚à‚Ìg‚¢•û‚ğƒvƒ‚ÆƒgƒŒ[ƒi[‚ª‰ğà",https://news.yahoo.co.jp/articles/f9c70bd16ce952f4cb31e02d816a2c626a90c41b,2023/11/14(‰Î) 18:31
minnagolf,‚İ‚ñ‚È‚ÌƒSƒ‹ƒtƒ_ƒCƒWƒFƒXƒg,M—Š‚³‚¦‚à¸‚¤d‘å‚Èˆá”½!@ƒSƒ‹ƒt‚Åu—‘‚ğY‚Şv‚Á‚Ä‚Ç‚ñ‚Èsˆ×?y–¾“úg‚¦‚éƒSƒ‹ƒt—pŒêz,https://news.yahoo.co.jp/articles/eccba4aedacb7ac54753c8a1a324d73906ba82de,2023/11/14(‰Î) 12:29
minnagolf,‚İ‚ñ‚È‚ÌƒSƒ‹ƒtƒ_ƒCƒWƒFƒXƒg,ƒR[ƒX‚Å‚ÌƒvƒŒ[lŒû‚Í2560–œlAƒR[ƒXŠO‚ÌƒvƒŒ[lŒû‚Í2790–œl!? ƒAƒƒŠƒJ‚Ål‹C‚Ì—ûK{İuƒgƒbƒvƒSƒ‹ƒtv‚ªŠCŠO‚Å‚³‚ç‚ÉŠg‘å,https://news.yahoo.co.jp/articles/4543c161a28b6c4f90cb74fb683d22bb40255296,2023/11/14(‰Î) 12:05
minnagolf,‚İ‚ñ‚È‚ÌƒSƒ‹ƒtƒ_ƒCƒWƒFƒXƒg,‹}‚ÉŠ¦‚­‚È‚Á‚½‚±‚ÌŠúBƒvƒŒ[‘O‚Ì€”õAƒNƒ‰ƒuAƒEƒFƒAcƒSƒ‹ƒtƒ@[‚ª‚â‚é‚×‚«uƒSƒ‹ƒt‚Ìˆß‘Ö‚¦v‚Æ‚Í?yQã! ƒSƒ‹ƒtƒ@[‰‰‡‘àz,https://news.yahoo.co.jp/articles/ced11853db1159a08086b0dfc2ed41425019b896,2023/11/14(‰Î) 11:30
minnagolf,‚İ‚ñ‚È‚ÌƒSƒ‹ƒtƒ_ƒCƒWƒFƒXƒg,"LIVƒSƒ‹ƒt‚ª""ƒXƒ|[ƒcjã‰""‚Æ‚¤‚½‚¤‘å••ÏX‚ğ”­•\Bƒ|ƒCƒ“ƒg‚Íuƒ`[ƒ€ŠÔ‚Ì‘IèƒgƒŒ[ƒhv‚ÆuƒtƒŠ[ƒG[ƒWƒFƒ“ƒg˜gv",https://news.yahoo.co.jp/articles/13581c9ca2024faf9fc3ccd56a8e40a8d7b97d03,2023/11/14(‰Î) 7:31
minnagolf,‚İ‚ñ‚È‚ÌƒSƒ‹ƒtƒ_ƒCƒWƒFƒXƒg,•œŠˆV‚Ì¼‹½^‰›BƒtƒF[ƒh‚©‚çƒXƒCƒbƒ`‚µ‚½‹È‚ª‚è•‚Ì­‚È‚¢‚’e“¹ƒhƒ[‚ğ•ú‚ÂƒXƒEƒBƒ“ƒO‚ğƒvƒ‚ª‰ğàyŸÒ‚ÌƒXƒEƒBƒ“ƒOz,https://news.yahoo.co.jp/articles/e8731ca308d6390909fcb30cc14d3267669127dc,2023/11/14(‰Î) 6:31
minnagolf,‚İ‚ñ‚È‚ÌƒSƒ‹ƒtƒ_ƒCƒWƒFƒXƒg,ƒAƒvƒ[ƒ`‚Åƒ_ƒt‚éŒ´ˆö‚Íu‘Ì‚ª‰ñ‚Á‚Ä‚¢‚È‚¢v‚©‚çI ‘Ì‚Ì‰ñ“]‚ğˆÓ¯‚Å‚«‚é2‚Â‚Ì—ûKƒhƒŠƒ‹‚ğ‚µ‚Ä‚İ‚½,https://news.yahoo.co.jp/articles/0eeade2cb611d8c3c545d6d7dbe53232d034b286,2023/11/13(Œ) 18:31
minnagolf,‚İ‚ñ‚È‚ÌƒSƒ‹ƒtƒ_ƒCƒWƒFƒXƒg,‚¢‚Ü‚Í–S‚«ˆ¤–º‚É•ù‚°‚éŸ—˜BgƒXƒpƒCƒ_[ƒ}ƒ“ƒ|[ƒYh‚Å˜b‘è‚Æ‚È‚Á‚½41Î‚ÌƒJƒ~ƒEƒrƒWƒFƒKƒX‚ª9”N‚Ô‚è‚Ì•œŠˆV,https://news.yahoo.co.jp/articles/419bb1f038a4aa789ad1071c0504f3b114f5020d,2023/11/13(Œ) 12:30
minnagolf,‚İ‚ñ‚È‚ÌƒSƒ‹ƒtƒ_ƒCƒWƒFƒXƒg,uVISA‘¾•½—mƒ}ƒXƒ^[ƒYv‚Å¡‹G2Ÿ–Ú‚ğ‚ ‚°‚½¡•½üŒáB—DŸ‚ğˆø‚«Šñ‚¹‚½g3W2–{ƒZƒbƒeƒBƒ“ƒOh‚É’–Ú,https://news.yahoo.co.jp/articles/b5b4fc54c42813d24af2048c0fc71aecf96ca043,2023/11/13(Œ) 12:01
minnagolf,‚İ‚ñ‚È‚ÌƒSƒ‹ƒtƒ_ƒCƒWƒFƒXƒg,¼‹½^‰›‚ªuˆÉ“¡‰€ƒŒƒfƒBƒXv‚Å•œŠˆVB¡Œ––‚Ì•Ä—qƒcƒA[QT‚ÖŒü‚¯‚Ä‹ŠE—ÇD!@ƒV[ƒhŒ ‘ˆ‚¢‚à”’”M,https://news.yahoo.co.jp/articles/714ce619758377b0992e6ac5bffc74bdf51b1b3e,2023/11/13(Œ) 11:32
minnagolf,‚İ‚ñ‚È‚ÌƒSƒ‹ƒtƒ_ƒCƒWƒFƒXƒg,"‚¿‚å‚Á‚Æ‚â‚³‚µ‚¢ƒcƒA[ƒ‚ƒfƒ‹!@’·‚­g‚¦‚é""‚¢‚¢ƒAƒCƒAƒ“""uMizuno Pro 243vyƒwƒbƒhƒf[ƒ^‚Í‰R‚Â‚©‚È‚¢!z",https://news.yahoo.co.jp/articles/266d1c3e298722e9b7cdb804aea716e6e988a8df,2023/11/13(Œ) 7:30
minnagolf,‚İ‚ñ‚È‚ÌƒSƒ‹ƒtƒ_ƒCƒWƒFƒXƒg,"—qƒvƒ‚Ìƒƒtƒg‚ª8`9“x‚Å’jqƒvƒ‚Í9`10“x!?@‚¢‚Ü‚Ç‚«‚Ì""ƒhƒ‰ƒCƒo[“K³ƒƒtƒg""‚Ì‘I‚Ñ•û‚ğƒNƒ‰ƒuƒtƒBƒbƒ^[‚É•·‚¢‚½",https://news.yahoo.co.jp/articles/612cd57de973820627eae194ba4e80d6cf4c1e79,2023/11/13(Œ) 6:30
minnagolf,‚İ‚ñ‚È‚ÌƒSƒ‹ƒtƒ_ƒCƒWƒFƒXƒg,—ˆ”N1ŒŠJ–‹!@ƒ^ƒCƒK[‚Æƒ}ƒLƒƒC‚ÌVƒSƒ‹ƒtƒŠ[ƒOuTGLvBl‹C‘Iè‚ªQ‰Á‚·‚é6ƒ`[ƒ€‚É‚æ‚é‹£‹ZŒ`®‚ÌÚ×‚ğ”­•\,https://news.yahoo.co.jp/articles/222df21acfc29c7117d44e017da11398e11ab999,2023/11/12(“ú) 18:30
minnagolf,‚İ‚ñ‚È‚ÌƒSƒ‹ƒtƒ_ƒCƒWƒFƒXƒg,‘Ğ‚ğ——R‚É‚µ‚½“ü‰ï‹‘”Û‚ÍNGBŠò•ŒŒ§‚ÌƒSƒ‹ƒtƒNƒ‰ƒu‚É”…–½—ß,https://news.yahoo.co.jp/articles/99e2a978bf9d6a479c8443065b39b375ba45565c,2023/11/12(“ú) 11:30
minnagolf,‚İ‚ñ‚È‚ÌƒSƒ‹ƒtƒ_ƒCƒWƒFƒXƒg,"ƒSƒ‹ƒtê‚ÌŠQb”íŠQ‘ÎôƒAƒƒŠƒJ”ÅBƒAƒŠƒ]ƒi‚ÌƒR[ƒX‚Ås‚í‚ê‚½""‹ìœ‚¹‚¸¶‚©‚·""uƒXƒpƒCƒV[‚È‚èvìí‚Æ‚ÍH",https://news.yahoo.co.jp/articles/01e73ed6d8670f0ee6d8eb98725b7c583a5fb95f,2023/11/12(“ú) 7:30
minnagolf,‚İ‚ñ‚È‚ÌƒSƒ‹ƒtƒ_ƒCƒWƒFƒXƒg,‚Ç‚Á‚µ‚è\‚¦‚Â‚ÂƒXƒ€[ƒY‚É“®‚«o‚¹‚éƒAƒhƒŒƒX‚ªì‚ê‚é! ‰º”¼g‚Æã”¼g‚ğ‚Â‚È‚®u’°˜‹Øv‚ÌƒgƒŒyŒK–Øu”¿‚Ì‰õiŒ‚‚ğƒTƒ|[ƒg‚·‚éƒgƒŒ[ƒi[‚ª‹³‚¦‚éŠÈ’PƒgƒŒ[ƒjƒ“ƒOz,https://news.yahoo.co.jp/articles/1ff82fc9b1c0f69f5e1826e1496429c934925fed,2023/11/12(“ú) 6:30
minnagolf,‚İ‚ñ‚È‚ÌƒSƒ‹ƒtƒ_ƒCƒWƒFƒXƒg,¡‹GÜ‹à‚¾‚¯‚Å50‰­‰~‹ß‚­‰Ò‚¢‚¾VEƒzƒuƒ‰ƒ“B’nŒ³ƒIƒNƒ‰ƒzƒ}‚ÌƒCƒxƒ“ƒg‚Å—DŸÜ‹à190–œ‰~‚ğŠl“¾‚µ‚Ä––Ê‚ÌÎŠç!,https://news.yahoo.co.jp/articles/5b68faa111c50e23b11a2954d78bf218d6b7ed86,2023/11/11(“y) 18:30
minnagolf,‚İ‚ñ‚È‚ÌƒSƒ‹ƒtƒ_ƒCƒWƒFƒXƒg,y–¼è‚Ì–¼Œ¾zƒhƒƒCƒgEDEƒAƒCƒ[ƒ“ƒnƒ[uƒXƒRƒA‚Í•·‚­‚È!v,https://news.yahoo.co.jp/articles/8aacc61f9b3c6a41d6f3da6cd995515ca5c4a699,2023/11/11(“y) 12:30
minnagolf,‚İ‚ñ‚È‚ÌƒSƒ‹ƒtƒ_ƒCƒWƒFƒXƒg,"ƒvƒ‚Ì“ª‚ÍŠF“®‚¢‚Ä‚¢‚é!?@è‘Å‚¿‚ğ–h‚®‚½‚ß‚Ì""“ª‚ğ“®‚©‚·""ƒAƒvƒ[ƒ`‚Æ‚Í?y“äƒLƒƒƒ‰ƒR[ƒ`w‚í‚«‚ã‚¤x‚Ì‹C‚É‚È‚é˜bò40z",https://news.yahoo.co.jp/articles/9a33d721f0fe18bd1c3513ff69dd3ab3b5c6c3c3,2023/11/11(“y) 11:31
minnagolf,‚İ‚ñ‚È‚ÌƒSƒ‹ƒtƒ_ƒCƒWƒFƒXƒg,"ƒSƒ‹ƒtƒ@[‚ªƒ~ƒX‚µ‚Ä‚à‚ ‚í‚Ä‚È‚¢•û–@B""S‚ÌŒÄ‹z""‚ª‹C‚¿‚ğØ‚è‘Ö‚¦‚éƒXƒCƒbƒ`‚É‚È‚é!yŒ³ƒvƒ–ì‹…R”»‚ÌƒR[ƒ`‚ª‹³‚¦‚é""SƒgƒŒ""”5z",https://news.yahoo.co.jp/articles/ee36adf87d2dc99ccd2ae73f25bf9e525c40fb7e,2023/11/11(“y) 7:31
minnagolf,‚İ‚ñ‚È‚ÌƒSƒ‹ƒtƒ_ƒCƒWƒFƒXƒg,uƒLƒƒƒƒEƒFƒC‚ÌAIƒeƒNƒmƒƒW[‚ÌƒƒŠƒbƒg‚ğÀŠ´‚Å‚«‚Ä‚¢‚évBƒUƒ“ƒ_[EƒVƒƒƒEƒtƒFƒŒ‚ÉƒCƒ“ƒ^ƒrƒ…[APGAƒcƒA[‚Åí‚¤‚½‚ß‚Ìu“¹‹ï‚Ö‚Ì‚±‚¾‚í‚èv‚Æ‚ÍH,https://news.yahoo.co.jp/articles/62831dabb2fe436d485f445b9aa27de6033695e4,2023/11/11(“y) 6:30
minnagolf,‚İ‚ñ‚È‚ÌƒSƒ‹ƒtƒ_ƒCƒWƒFƒXƒg,ŒK–Øu”¿‚Ì¡T‚ÌƒLƒƒƒfƒB‚Íu‚İ‚ñƒSƒ‹•ÒW•”ˆõv!  ƒC[ƒuƒ“ƒp[‚ÅI‚¦‚½‰“ú‚ÌƒvƒŒ[‚Í‚Ç‚¤‚¾‚Á‚½?yˆÉ“¡‰€ƒŒƒfƒBƒX‰“úz,https://news.yahoo.co.jp/articles/b5c269a20b924beeab0b792edb761ce412075bd2,2023/11/10(‹à) 19:00
minnagolf,‚İ‚ñ‚È‚ÌƒSƒ‹ƒtƒ_ƒCƒWƒFƒXƒg,"u_“î«‚ª—‚¿‚½ƒxƒeƒ‰ƒ“ƒSƒ‹ƒtƒ@[v‚Ù‚Ç—v’ˆÓBƒAƒCƒAƒ“‚ª“–‚½‚ç‚È‚¢‚Ì‚Í""èã‚°""‚ªŒ´ˆö‚©‚à!? ‹ÚàV‘å‰îƒvƒ‚ª‰ğà",https://news.yahoo.co.jp/articles/271311ebf39c9c0d9846262a52fb28df60cd663b,2023/11/10(‹à) 18:30
minnagolf,‚İ‚ñ‚È‚ÌƒSƒ‹ƒtƒ_ƒCƒWƒFƒXƒg,yƒMƒƒƒ‰ƒvƒ‰’T–Kz‚³‚·‚ªu‚¨’ƒ‚ÌˆÉ“¡‰€v! ƒNƒ‰ƒuƒnƒEƒX‚Ìƒeƒ‰ƒX‚Å—§—ç®‚¨“_‘O‘ÌŒ±,https://news.yahoo.co.jp/articles/91f30ca9c872c8f54811da50bce48031c7da0c69,2023/11/10(‹à) 18:03
minnagolf,‚İ‚ñ‚È‚ÌƒSƒ‹ƒtƒ_ƒCƒWƒFƒXƒg,ƒVƒ‡[ƒgƒAƒCƒAƒ“‚ğ”²‚¢‚ÄJAWSƒEƒFƒbƒW5–{‚ğƒoƒbƒOƒCƒ“I Îì—É‚ÌÅVƒNƒ‰ƒuƒZƒbƒeƒBƒ“ƒO,https://news.yahoo.co.jp/articles/1588b9bc9b31e6d6285eadc8d52909c217ac4148,2023/11/10(‹à) 16:01
minnagolf,‚İ‚ñ‚È‚ÌƒSƒ‹ƒtƒ_ƒCƒWƒFƒXƒg,Ÿ‚İ‚È‚İA¬•½’qcc•ÄƒcƒA[‚ÌƒV[ƒh‚ğŒœ‚¯‚½í‚¢‚É’§‚Ş“ú–{¨‚ªD”­iB“ìƒA‚Å‚Í‹ví—Á‚à–ô“®,https://news.yahoo.co.jp/articles/8edbd23a39964e5237a84fc671795336ed9af858,2023/11/10(‹à) 12:05
minnagolf,‚İ‚ñ‚È‚ÌƒSƒ‹ƒtƒ_ƒCƒWƒFƒXƒg,ƒvƒŒƒbƒVƒƒ[‚ª‚©‚©‚é’r‰z‚¦E’J‰z‚¦‚ÌƒeƒB[ƒVƒ‡ƒbƒgB¬Œ÷‚Ì‚½‚ß‚É‹C‚ğ•t‚¯‚½‚¢‚±‚Æ‚Æ‚ÍHy‰SÒ‚ğ’E‚µ‚½ƒSƒ‹ƒtƒ@[‚ªw100x‚ğØ‚é‚½‚ß‚ÌƒŒƒbƒXƒ“z,https://news.yahoo.co.jp/articles/e196b0b34c1893e2abea1bd13596091871572e6a,2023/11/10(‹à) 7:31
minnagolf,‚İ‚ñ‚È‚ÌƒSƒ‹ƒtƒ_ƒCƒWƒFƒXƒg,‚±‚ê‚ª‹­—ó‚ÈƒXƒsƒ“‚ğ‚©‚¯‚é•û–@!? •ÄƒcƒA[‚ÌƒAƒvƒ[ƒ`–¼è‚ÍƒCƒ“ƒpƒNƒg‚ÅƒVƒƒƒtƒg‚ğ15“x‚àŒX‚¯‚Ä‚¢‚éIy–ÚàVGŒ›EƒXƒEƒBƒ“ƒO3.0@”6z,https://news.yahoo.co.jp/articles/8ac65e0465987dfb42b7fcc9304313b4e046f97d,2023/11/10(‹à) 6:30
minnagolf,‚İ‚ñ‚È‚ÌƒSƒ‹ƒtƒ_ƒCƒWƒFƒXƒg,ƒSƒ‹ƒtƒ@[‚Ì‚½‚ß‚Ì‚¢‚Ü‚Ç‚«‰ïˆõŒ ‘I‚ÑBƒRƒƒi‰Ğ‚Å‘Šê‚Í‚Ç‚¤‚È‚Á‚½?  ƒ|ƒCƒ“ƒg‚Í‚â‚Á‚Ï‚èƒAƒNƒZƒX?@ƒŠƒ][ƒg’n‚àƒAƒŠ!?,https://news.yahoo.co.jp/articles/467163d39de9805ed55162438a9f9af2d6599507,2023/11/9(–Ø) 18:30
minnagolf,‚İ‚ñ‚È‚ÌƒSƒ‹ƒtƒ_ƒCƒWƒFƒXƒg,13‘ã–Úƒ[ƒNƒVƒI‚ª‚Â‚¢‚É”­•\I ƒhƒ‰ƒCƒo[‚©‚çƒAƒCƒAƒ“‚Ü‚ÅA‹C‚É‚È‚éÚ×‚ğ‚Ü‚Æ‚ß‚Ä‚İ‚½,https://news.yahoo.co.jp/articles/a1a641a1d4e447f293fbc1f143c69375102038e4,2023/11/9(–Ø) 16:01
minnagolf,‚İ‚ñ‚È‚ÌƒSƒ‹ƒtƒ_ƒCƒWƒFƒXƒg,‘S•Äƒvƒ‚Å—L–¼‚É‚È‚Á‚½MEƒuƒƒbƒN‚ªA•à‚¢‚Ä100ƒz[ƒ‹‰ñ‚égƒ}ƒ‰ƒ\ƒ“ƒvƒŒ[h‚É’§íI á‚¢ƒSƒ‹ƒtƒ@[‚Ì‚½‚ß‚Ìƒ`ƒƒƒŠƒeƒBƒCƒxƒ“ƒg‚ÅuƒSƒ‹ƒt‚É‰¶•Ô‚µv,https://news.yahoo.co.jp/articles/f81106eb78e05950d135fc5c04af401d85577866,2023/11/9(–Ø) 12:04
minnagolf,‚İ‚ñ‚È‚ÌƒSƒ‹ƒtƒ_ƒCƒWƒFƒXƒg,ƒ^ƒCƒK[‚Ì•œ‹A‚Í‚¢‚Â‚©? Šó–]“IŠÏ‘ª‚Å‚Í11Œ––‚Ìƒq[ƒ[ƒ[ƒ‹ƒhƒ`ƒƒƒŒƒ“ƒWA‚»‚ê‚Æ‚à12Œ‚ÌPNC‘IèŒ ?yPGAƒcƒA[ƒzƒbƒgƒ‰ƒCƒ“z,https://news.yahoo.co.jp/articles/037c23e2353849cca856e842a6f4fa67a20df84b,2023/11/9(–Ø) 11:31
minnagolf,‚İ‚ñ‚È‚ÌƒSƒ‹ƒtƒ_ƒCƒWƒFƒXƒg,ƒtƒF[ƒX‚ğ•Ô‚µ‚½‚Ù‚¤‚ª‚¢‚¢‚©A•Ô‚³‚È‚¢‚Ù‚¤‚ª‡‚Á‚Ä‚¢‚é‚©‚Íu¶è‚ÌƒOƒŠƒbƒv‚ÌŒ`v‚Å‚í‚©‚é!? ƒvƒ‚ªƒCƒ‰ƒXƒg‚ğŒğ‚¦‚Ä‰ğà,https://news.yahoo.co.jp/articles/8376c189339e80df93d66c7b468ad3d2bfdeeef8,2023/11/9(–Ø) 7:30
minnagolf,‚İ‚ñ‚È‚ÌƒSƒ‹ƒtƒ_ƒCƒWƒFƒXƒg,ƒWƒ‡ƒ“Eƒ‰[ƒ€‚Ìgg‘Ì‚É‡‚Á‚½hƒXƒEƒBƒ“ƒO‚ğì‚èã‚°‚½uTPIv‚Á‚Ä‚Ç‚ñ‚È‚Æ‚±‚ëH ƒZƒ~ƒi[‚ÉQ‰Á‚µ‚Ä‚İ‚½y‰ğàuƒUEƒSƒ‹ƒtƒBƒ“ƒOƒ}ƒV[ƒ“v”103z,https://news.yahoo.co.jp/articles/973daacb87ede866120edd4c1bc90ce1d8425595,2023/11/9(–Ø) 6:32
minnagolf,‚İ‚ñ‚È‚ÌƒSƒ‹ƒtƒ_ƒCƒWƒFƒXƒg,ƒRƒXƒp”²ŒQ‚Ìƒ{[ƒ‹‚Í‚Ç‚ê‚¾? “X“ª‰¿Ši4000‰~ˆÈ‰º‚Ì”ò‚ñ‚Å~‚Ü‚éƒ{[ƒ‹‚ğ’T‚µ‚Äƒvƒ‚ª‘Å,https://news.yahoo.co.jp/articles/6a7d076064883614fa0d43f1e81e06e83f9faa89,2023/11/8(…) 18:30
minnagolf,‚İ‚ñ‚È‚ÌƒSƒ‹ƒtƒ_ƒCƒWƒFƒXƒg,"—ˆ‹G‚Ìƒƒ“ƒo[“ü‚è‚ğ‚©‚¯‚½""LIVƒSƒ‹ƒt—\‘I‰ï""‚ª12Œ8“ú‚©‚çŠJÃBug·•Ê‚Ì‚È‚¢“¹h‚ğØ‚èŠJ‚¢‚½v‚Æ‚¢‚¤A’–Ú‚Ìoê‘Ši‚Ü‚Æ‚ß",https://news.yahoo.co.jp/articles/99094e1199249e29e16b40b4e9d2e7bff2a766c3,2023/11/8(…) 12:07
minnagolf,‚İ‚ñ‚È‚ÌƒSƒ‹ƒtƒ_ƒCƒWƒFƒXƒg,‚È‚ºAƒCEƒ{ƒ~‚Í“ú–{‚Ìƒtƒ@ƒ“‚Éˆ¤‚³‚ê‚½‚Ì‚©? uÎŠçvu‹Á‚­‚×‚«ƒtƒ@ƒ“ƒT[ƒrƒXvuÜ‹à—‰¤2‰ñ‚ÌÀ—Ív,https://news.yahoo.co.jp/articles/9703a5e67dae8a2c2e5af7536538a30c883559cb,2023/11/8(…) 11:32
minnagolf,‚İ‚ñ‚È‚ÌƒSƒ‹ƒtƒ_ƒCƒWƒFƒXƒg,ƒgƒbƒvEƒ`ƒ‡ƒ‚ğ’¼‚µ‚½‚¢‚Æ‚«‚Éuƒ_ƒtƒŠv‚ªo‚é‚Ì‚ÍA‚Ş‚µ‚ë—Ç‚¢‚±‚Æ!? ƒrƒMƒi[‚ªŠo‚¦‚Ä‚¨‚«‚½‚¢uƒVƒ‡ƒbƒg‚Ì—Ç‚µˆ«‚µv‚Ì”»’fŠî€,https://news.yahoo.co.jp/articles/86e5bd6b8b456a9f86c213a88c72a638920effc1,2023/11/8(…) 7:30
minnagolf,‚İ‚ñ‚È‚ÌƒSƒ‹ƒtƒ_ƒCƒWƒFƒXƒg,u‚¨•‚¯ƒEƒFƒbƒWv‚ÍƒAƒŠ? ƒiƒV? @ƒoƒ“ƒJ[‚ª‹êè‚Èl‚ªg‚¤‚×‚«ƒEƒFƒbƒW‚Æ‚Í?yƒNƒ‰ƒu‘I‚Ñ‚ğƒN[ƒ‹‰ğà!z,https://news.yahoo.co.jp/articles/e48d49aaf86f302f5e895b7237012178771f87ad,2023/11/8(…) 6:31
minnagolf,‚İ‚ñ‚È‚ÌƒSƒ‹ƒtƒ_ƒCƒWƒFƒXƒg,ZOZO‚Å‚à6ˆÊTA‘å’–Ú‚ÌáèƒvƒE•½“cŒ›¹BŠCŠO‘Iè‚Æ‚Ìƒ‰ƒEƒ“ƒh‚Å“¾‚½ƒ‚ƒmA‚»‚µ‚Äui‰»‚µ‚½ƒNƒ‰ƒu‚µ‚©’m‚ç‚È‚¢v¢‘ã‚ÌgƒSƒ‹ƒtŠÏh‚Æ‚ÍHy•½“cŒ›¹~¼—²Œõ ’jqƒvƒ‘Î’k‡Az,https://news.yahoo.co.jp/articles/21addb0e78be9276b19c09367c7706fb15ed5878,2023/11/7(‰Î) 18:31
minnagolf,‚İ‚ñ‚È‚ÌƒSƒ‹ƒtƒ_ƒCƒWƒFƒXƒg,—DŸ‚ÌƒRƒŠƒ“‚Í324.3Y‚Å15ˆÊuZOZOƒ`ƒƒƒ“ƒsƒIƒ“ƒVƒbƒv2023v•½‹Ï”ò‹——£ƒgƒbƒv10yƒSƒ‹ƒt‚È‚ñ‚Å‚àƒ‰ƒ“ƒLƒ“ƒOz,https://news.yahoo.co.jp/articles/d42bfbb55b991c63c3dcb4fdc01c4356acdcaa29,2023/11/7(‰Î) 12:30
minnagolf,‚İ‚ñ‚È‚ÌƒSƒ‹ƒtƒ_ƒCƒWƒFƒXƒg,PGAƒcƒA[‚ÅA‰º•”ƒcƒA[2‘Iè‚ª“q”sˆ×B—Ï—ƒvƒƒOƒ‰ƒ€ˆá”½‚Åoê’â~ˆ•ª,https://news.yahoo.co.jp/articles/a1c16057046d66fc175d9d53542f69a58856b1e4,2023/11/7(‰Î) 12:05
minnagolf,‚İ‚ñ‚È‚ÌƒSƒ‹ƒtƒ_ƒCƒWƒFƒXƒg,‚‘¬‚àƒR[ƒX‚à¬G‚µ‚Ä‚¢‚é‚±‚Ì‹GßBuƒSƒ‹ƒt ƒvƒ‰ƒXƒ¿@‚ä‚Á‚½‚èŠÛˆê“úƒvƒ‰ƒ“v‚ğ‚µ‚Ä‚İ‚æ‚¤!yQã! ƒSƒ‹ƒtƒ@[‰‰‡‘àz,https://news.yahoo.co.jp/articles/d49b611e3d5812955afcf5b7171ac37f5b64c60a,2023/11/7(‰Î) 11:30
minnagolf,‚İ‚ñ‚È‚ÌƒSƒ‹ƒtƒ_ƒCƒWƒFƒXƒg,"""‚Á‚Ä‚é""‚Ì‚ÍKu–ìCC? ZOZO?@ƒ^ƒCƒK[A¼RAƒuƒ‰ƒbƒhƒŠ[Aƒ‚ƒŠƒJƒ‚ÆƒƒWƒƒ[ƒ`ƒƒƒ“ƒv‚ª—DŸ‚ğü‚é——R‚Æ‚Í?y²“¡MlƒAƒCƒYz",https://news.yahoo.co.jp/articles/6072e7cc398c30e58af1aa6b02e8ee93987d4e64,2023/11/7(‰Î) 7:30
minnagolf,‚İ‚ñ‚È‚ÌƒSƒ‹ƒtƒ_ƒCƒWƒFƒXƒg,"¡‹G‰V‚ÌˆîŒ©–G”JB""ƒCƒ“ƒpƒNƒgƒoƒbƒO""ƒhƒŠƒ‹‚Åè‚É“ü‚ê‚½‘Ì‚ÆƒNƒ‰ƒu‚Ì“®‚«‚ªƒVƒ“ƒvƒ‹‚ÈƒXƒEƒBƒ“ƒO‚ğƒvƒ‚ª‰ğàyŸÒ‚ÌƒXƒEƒBƒ“ƒOz",https://news.yahoo.co.jp/articles/30417ac35cf399d1448495a09b649f160bead758,2023/11/7(‰Î) 6:31
minnagolf,‚İ‚ñ‚È‚ÌƒSƒ‹ƒtƒ_ƒCƒWƒFƒXƒg,TOTOƒWƒƒƒpƒ“ƒNƒ‰ƒVƒbƒNV‚ÌˆîŒ©–G”J‚ÌŒˆ’f‚É¢ŠE‚ª’–Ú!@‘¦LPGAƒcƒA[ƒƒ“ƒo[‚©A—ˆ‹G‚Ìƒ‹[ƒL[‚ğ–Úw‚·‚Ì‚©?,https://news.yahoo.co.jp/articles/2dc265503988a897a86d7e1c18fc4e30c76a52aa,2023/11/6(Œ) 19:02
minnagolf,‚İ‚ñ‚È‚ÌƒSƒ‹ƒtƒ_ƒCƒWƒFƒXƒg,ƒAƒ}‚ÍR‚é•ûŒü‚ğŠÔˆá‚¦‚Ä‚é‚©‚à!? ”ò‹——£ƒAƒbƒv‚Ì‚½‚ß‚Ìu‰E‘«‚Ì³‚µ‚¢R‚è•ûv‚ğÀÛ‚É‚µ‚Ä‚İ‚½,https://news.yahoo.co.jp/articles/d2061dc27e825be64ae0c416a45ae214595519b9,2023/11/6(Œ) 18:30
minnagolf,‚İ‚ñ‚È‚ÌƒSƒ‹ƒtƒ_ƒCƒWƒFƒXƒg,ˆîŒ©–G”J‚ª•œŠˆ—DŸ‚Å—ˆ‹G‚Ì•ÄƒcƒA[oêŒ Šl“¾! Qí‚ÌŒˆ’f‚Íuƒ`[ƒ€‚ÅŒˆ‚ß‚½‚¢v‚Ææ‘—‚è,https://news.yahoo.co.jp/articles/921d863ce710c7dc01c554a242be6c8625e3892c,2023/11/6(Œ) 11:30
minnagolf,‚İ‚ñ‚È‚ÌƒSƒ‹ƒtƒ_ƒCƒWƒFƒXƒg,ƒsƒ“‚ÖŒü‚©‚Á‚Ä‘_‚Á‚½‹——£‚ğ‘Å‚Ä‚éA¬‚Ô‚èƒwƒbƒh‚ÌƒcƒA[ƒ‚ƒfƒ‹Bg‚±‚ê‚¼ƒAƒCƒAƒ“!h‚ÌuMizuno Pro241vyƒwƒbƒhƒf[ƒ^‚Í‰R‚Â‚©‚È‚¢!z,https://news.yahoo.co.jp/articles/70297399dc04319ea3a0335e7ecf0cf763e774cc,2023/11/6(Œ) 7:30
minnagolf,‚İ‚ñ‚È‚ÌƒSƒ‹ƒtƒ_ƒCƒWƒFƒXƒg,‚à‚¤­‚µ‚ÅƒxƒXƒgƒXƒRƒAXV‚Å‚«‚»‚¤‚ÈƒSƒ‹ƒtƒ@[‚ÌŠF‚³‚ñ!@©•ª‚É‡‚Á‚Ä‚¢‚éƒpƒ^[‚©‚Ç‚¤‚©A‰ü‚ß‚ÄŒ©’¼‚µ‚Ä‚İ‚Ü‚¹‚ñ‚©?,https://news.yahoo.co.jp/articles/1af80218572668866dac1a9982baa7046458372b,2023/11/6(Œ) 6:30
minnagolf,‚İ‚ñ‚È‚ÌƒSƒ‹ƒtƒ_ƒCƒWƒFƒXƒg,u’nˆæ‚Ìs—§’†ŠwZ‚ÉƒSƒ‹ƒt•”‘nİ‚ğvB•ºŒÉŒ§ì¼s‚ÌŠé‹ÆE‹³ˆçˆÏˆõ‰ïE‘åŠwƒSƒ‹ƒt•”‚É‚æ‚éYŠwŠ¯˜AŒg‚Ìæ‚è‘g‚İ,https://news.yahoo.co.jp/articles/4880733ddbf888b64d1700707095f159060ce2dc,2023/11/5(“ú) 18:30
minnagolf,‚İ‚ñ‚È‚ÌƒSƒ‹ƒtƒ_ƒCƒWƒFƒXƒg,"""Œ³‘c""ƒcƒA[‘Ñ“¯ƒR[ƒ`Eˆäã“§‚ÌƒSƒ‹ƒt•Õ—ğB•ĞRWŒà‚ÌˆêŒ¾‚â’†“ˆíK‚Æ‚Ìo‰ï‚¢‚Å•Ï‚í‚Á‚½ƒSƒ‹ƒtl¶‚Æ‚Í?",https://news.yahoo.co.jp/articles/137c73c94a58e8a3beef7e4fb9562fcdfc690fac,2023/11/5(“ú) 11:31
minnagolf,‚İ‚ñ‚È‚ÌƒSƒ‹ƒtƒ_ƒCƒWƒFƒXƒg,PGAƒcƒA[H‚ÌwuƒtƒFƒfƒbƒNƒXƒJƒbƒvƒtƒH[ƒ‹vBZOZO‚ÅŠˆ–ô‚µ‚½‘Iè‚½‚¿‚Ìƒ|ƒCƒ“ƒgƒŒ[ƒX‚Í‚Ç‚¤‚È‚Á‚½!?,https://news.yahoo.co.jp/articles/e1c75ee30741320929001ce3955ab9158ef2bed9,2023/11/5(“ú) 7:30
minnagolf,‚İ‚ñ‚È‚ÌƒSƒ‹ƒtƒ_ƒCƒWƒFƒXƒg,‰º”¼g‚ªƒOƒ‰‚Â‚©‚¸‚ÉƒXƒEƒBƒ“ƒO‚ªˆÀ’è!@‚µ‚Á‚©‚è‘f‘‚­œ”Õƒ^[ƒ“‚ª‚Å‚«‚éuŒÒŠÖß‚Ì“àùvƒgƒŒyŒK–Øu”¿‚Ì‰õiŒ‚‚ğƒTƒ|[ƒg‚·‚éƒgƒŒ[ƒi[‚ª‹³‚¦‚éŠÈ’PƒgƒŒ[ƒjƒ“ƒOz,https://news.yahoo.co.jp/articles/80013331d26b228505bec91742284d24313eb65c,2023/11/5(“ú) 6:30
minnagolf,‚İ‚ñ‚È‚ÌƒSƒ‹ƒtƒ_ƒCƒWƒFƒXƒg,’¹æŒ§‚É’a¶‚µ‚½X—ÑŠÂ‹«•Û‘SƒvƒƒWƒFƒNƒguƒLƒƒƒƒEƒFƒC‚ÌXv,https://news.yahoo.co.jp/articles/965c6ccd4f639160b6234b568be208be0495a00c,2023/11/4(“y) 18:30
minnagolf,‚İ‚ñ‚È‚ÌƒSƒ‹ƒtƒ_ƒCƒWƒFƒXƒg,ƒoƒEƒ“ƒX‚ª—˜‚¢‚ÄAƒUƒbƒNƒŠ‚ªo‚É‚­‚­‚È‚é! èñ‚ğƒŠƒŠ[ƒX‚·‚éƒAƒvƒ[ƒ`‚ğ–‚±‚¤y“äƒLƒƒƒ‰ƒR[ƒ`w‚í‚«‚ã‚¤x‚Ì‹C‚É‚È‚é˜bò39z,https://news.yahoo.co.jp/articles/402c0a77ea2289e238592697647f62d9c7ece805,2023/11/4(“y) 11:31
minnagolf,‚İ‚ñ‚È‚ÌƒSƒ‹ƒtƒ_ƒCƒWƒFƒXƒg,"ƒSƒ‹ƒtƒ@[‚ªƒ‰ƒEƒ“ƒh’†‚Ìƒ~ƒX‚ğ‚È‚­‚·•û–@B—ûK‚Ì1‹…1‹…‚ÅuS‚Ì‘Ì—Ív‚ğ—{‚¨‚¤!yŒ³ƒvƒ–ì‹…R”»‚ÌƒR[ƒ`‚ª‹³‚¦‚é""SƒgƒŒ""”4z",https://news.yahoo.co.jp/articles/6e9bf0274d4d0aa5100635c34aea6b118a3f4fe7,2023/11/4(“y) 7:30
minnagolf,‚İ‚ñ‚È‚ÌƒSƒ‹ƒtƒ_ƒCƒWƒFƒXƒg,”ò‚Î‚µ‚½‚¢‚È‚çug”w’†‚ğŠÛ‚ß‚½hƒCƒ“ƒpƒNƒgv‚ª—Ç‚¢!? ‚¢‚Á‚½‚¢‚È‚º? ”ò‹——£ƒAƒbƒv“Á‰»ƒŒƒbƒXƒ“‚ªl‹C‚Ì••”Œö—ƒƒvƒ‚É‹³‚¦‚Ä‚à‚ç‚Á‚½,https://news.yahoo.co.jp/articles/77d3d95eb9d42ab242534d4b4d4129e3a5a59187,2023/11/4(“y) 6:30
minnagolf,‚İ‚ñ‚È‚ÌƒSƒ‹ƒtƒ_ƒCƒWƒFƒXƒg,—ûKê‚Åu90•ª‘Å‚¿•ú‘èv‚È‚çA‚Ç‚ñ‚È—ûK‚ğ‚Ç‚ê‚¾‚¯‚·‚éH ãè‚­‚È‚é‚½‚ß‚ÌgŠÔŠ„h‚ğƒvƒ‚ª‹³‚¦‚Ä‚­‚ê‚½!,https://news.yahoo.co.jp/articles/2157f6a6469887cedc9cd390589835864c9c50e0,2023/11/3(‹à) 18:30
minnagolf,‚İ‚ñ‚È‚ÌƒSƒ‹ƒtƒ_ƒCƒWƒFƒXƒg,¡TAÎì—É‚ªƒ^ƒCƒK[İŒvƒR[ƒXŠJÃ‚Ì‘å‰ï‚ÉQíBuPGAƒcƒA[‚É–ß‚è‚½‚¢‚Æv‚Á‚Ä‚¢‚év”­Œ¾‚ÉŠCŠOƒƒfƒBƒA‚à’–Ú!,https://news.yahoo.co.jp/articles/4770d47149c0b0484c4dcb706e3900605a07edd4,2023/11/3(‹à) 11:31
minnagolf,‚İ‚ñ‚È‚ÌƒSƒ‹ƒtƒ_ƒCƒWƒFƒXƒg,ƒOƒŠ[ƒ“‚ªŒ©‚¦‚È‚¢u‘Å‚¿‰º‚ë‚µv‚Å‚ÌƒVƒ‡ƒbƒg‚Å‹C‚ğ•t‚¯‚é‚×‚«‚±‚Æ‚ÍHy‰SÒ‚ğ’E‚µ‚½ƒSƒ‹ƒtƒ@[‚ªw100x‚ğØ‚é‚½‚ß‚ÌƒŒƒbƒXƒ“z,https://news.yahoo.co.jp/articles/b8c0b4585c80d26864789f984e3fd0fa76ddf32b,2023/11/3(‹à) 7:30
minnagolf,‚İ‚ñ‚È‚ÌƒSƒ‹ƒtƒ_ƒCƒWƒFƒXƒg,‘åèƒ[ƒJ[‚©‚çH–[Œn‚Ü‚Å¢ŠE’†‚©‚ç‘I‚è‚·‚®‚èBƒAƒ_ƒ€EƒXƒRƒbƒg‚ÌÅVgƒhƒŠ[ƒ€hƒZƒbƒeƒBƒ“ƒO,https://news.yahoo.co.jp/articles/23a4cfff8cb301b9c2bc5aceeab83ff14e06ba32,2023/11/3(‹à) 6:31
minnagolf,‚İ‚ñ‚È‚ÌƒSƒ‹ƒtƒ_ƒCƒWƒFƒXƒg,Šâˆä–¾ˆ¤‚ª9ƒAƒ“ƒ_[‚ÅñˆÊ”­i! 2ˆÊƒ^ƒC‚ÌˆîŒ©–G”JA¼‘º—DØ‚Ì8ƒo[ƒfƒBEƒm[ƒ{ƒM[‚ÌƒSƒ‹ƒt‚É‚à’–ÚyTOTOƒWƒƒƒpƒ“ƒNƒ‰ƒVƒbƒN‰“úƒŒƒ|z,https://news.yahoo.co.jp/articles/182bcaa3745afeb6e7b626341d149d5bcdd8e4e9,2023/11/2(–Ø) 18:31
minnagolf,‚İ‚ñ‚È‚ÌƒSƒ‹ƒtƒ_ƒCƒWƒFƒXƒg,y–¼è‚Ì–¼Œ¾zƒ{ƒr[EƒƒbƒNuƒpƒ^[‚Í¶ŠU‚Ì”º—µB•‚‹CÒ‚É–¼è‚Í‚¢‚È‚¢v,https://news.yahoo.co.jp/articles/f01f3928ceca1ddf2cdbe158d3babf5bfc1e1fe0,2023/11/2(–Ø) 12:30
minnagolf,‚İ‚ñ‚È‚ÌƒSƒ‹ƒtƒ_ƒCƒWƒFƒXƒg,¬j‚³‚­‚ç‚ªŒê‚éAƒWƒ…ƒjƒA‚Ì ‚Æ•Ï‚í‚Á‚½‚±‚ÆBu¬’·‚µ‚½‚Ì‚Í‹…‚Ì‚‚³‚Æ”ò‹——£‚ÆƒAƒvƒ[ƒ`Aƒ_ƒ‚É‚È‚Á‚½‚Ì‚Íccv,https://news.yahoo.co.jp/articles/c73ae8882cbfd7f7299caef0b56efb6b8b6a9fe6,2023/11/2(–Ø) 12:04
minnagolf,‚İ‚ñ‚È‚ÌƒSƒ‹ƒtƒ_ƒCƒWƒFƒXƒg,•Ä‘‚Ì˜V•ÜƒR[ƒXETPCƒXƒRƒbƒcƒf[ƒ‹‚ÉuíİƒMƒƒƒ“ƒuƒ‹{İv‚ªƒI[ƒvƒ“BNBAA‘åƒŠ[ƒO‚È‚Ç‚ÌƒXƒ^ƒWƒAƒ€‚É‘±‚«“¯’nˆæ4‚Â–Ú‚ÌƒXƒ|[ƒc“q”{İ,https://news.yahoo.co.jp/articles/b60d025507d1b5a3b1584de33b386266c47a32be,2023/11/2(–Ø) 11:30
minnagolf,‚İ‚ñ‚È‚ÌƒSƒ‹ƒtƒ_ƒCƒWƒFƒXƒg,ƒoƒ“ƒJ[ƒVƒ‡ƒbƒg‚Å‚ÍNG‚Èuƒnƒ“ƒhƒtƒ@[ƒXƒgv‚ÆuƒtƒF[ƒXƒ[ƒe[ƒVƒ‡ƒ“v‚ğ—}‚¦‚éƒRƒc‚ÍH ƒvƒ‚ªƒCƒ‰ƒXƒg‚ğŒğ‚¦‚Ä‰ğà,https://news.yahoo.co.jp/articles/db9b8434d6d3ebe17dfded79f3c1c2ab43aecd55,2023/11/2(–Ø) 7:31
minnagolf,‚İ‚ñ‚È‚ÌƒSƒ‹ƒtƒ_ƒCƒWƒFƒXƒg,uŠw–âv‚Æ‚µ‚Ä‚ÌƒSƒ‹ƒtB‰”N‚Ì–¼ƒvƒŒ[ƒ„[‚ÌƒnƒEƒc[–{‚©‚çŒ»‘ã‚Ìƒf[ƒ^Šˆ—pƒCƒ“ƒXƒgƒ‰ƒNƒVƒ‡ƒ“‚Ü‚Ål‚¦‚½y‰ğàuƒUEƒSƒ‹ƒtƒBƒ“ƒOƒ}ƒV[ƒ“v”102z,https://news.yahoo.co.jp/articles/a07b7d9d2f5a34ecbbf85152ef66073a9b34bf18,2023/11/2(–Ø) 6:31
minnagolf,‚İ‚ñ‚È‚ÌƒSƒ‹ƒtƒ_ƒCƒWƒFƒXƒg,©•ª‚Éƒ}ƒbƒ`‚·‚éƒpƒ^[‚Í‚Ç‚¤‘I‚Ô‚×‚«?@ƒsƒ“uPLDvƒpƒ^[‚ÌƒfƒUƒCƒi[‚Éƒvƒ‚ª˜b‚ğ•·‚¢‚Ä‚İ‚½yTOTOƒWƒƒƒpƒ“ƒNƒ‰ƒVƒbƒN—ûK“úƒŒƒ|z,https://news.yahoo.co.jp/articles/2765ea4ca861fae814d549ea82b19b3459ac615d,2023/11/1(…) 18:31
minnagolf,‚İ‚ñ‚È‚ÌƒSƒ‹ƒtƒ_ƒCƒWƒFƒXƒg,"—ˆ‹G‚ÌƒXƒPƒWƒ…[ƒ‹‚Í¡”N“x“¯—l!?@‚â‚Á‚Ï‚è‹C‚É‚È‚éLIVƒSƒ‹ƒt‚Ì""¡Œã""",https://news.yahoo.co.jp/articles/43a785fed8473be6c756fa86c3dcd8564c57a96f,2023/11/1(…) 12:08
minnagolf,‚İ‚ñ‚È‚ÌƒSƒ‹ƒtƒ_ƒCƒWƒFƒXƒg,"‘Å‚¿•û‚æ‚è‚àl‚¦•û‚ª‘åØ!? u’r‚É“ü‚ê‚½‚­‚È‚¢v‚Æv‚¤‚Æ’r‚És‚Á‚Ä‚µ‚Ü‚¤""ƒSƒ‹ƒtƒ@[‚ ‚é‚ ‚é""‚ÌŒ´ˆö‚Æ‘Îˆ–@!",https://news.yahoo.co.jp/articles/f8f290c1d48ad0e1cb7231ad2267859b669730ba,2023/11/1(…) 11:31
minnagolf,‚İ‚ñ‚È‚ÌƒSƒ‹ƒtƒ_ƒCƒWƒFƒXƒg,Ï‹É“I‚É‰º”¼gƒŠ[ƒh‚µ‚È‚¢ƒXƒEƒBƒ“ƒO‚Ì—Ç‚¢‚¨è–{BƒrƒMƒi[‚Ì‚¨è–{‚É‚È‚éAƒuƒ‹ƒbƒNƒXEƒPƒvƒJ‚Ìu‰º”¼g‚Ìg‚¢•ûv,https://news.yahoo.co.jp/articles/29d49a61d369533393b6e71be242108a3ed57118,2023/11/1(…) 7:31
minnagolf,‚İ‚ñ‚È‚ÌƒSƒ‹ƒtƒ_ƒCƒWƒFƒXƒg,ƒXƒRƒAƒƒCƒN‚É‚Â‚È‚ª‚éƒ{[ƒ‹‚Æ‚Í? ƒ{[ƒ‹‚ÍƒAƒCƒAƒ“‚Ì”ò‚Ñ•û‚Å‘I‚Ô‚×‚«‚Á‚Ä–{“–!?yƒNƒ‰ƒu‘I‚Ñ‚ğƒN[ƒ‹‰ğà!z,https://news.yahoo.co.jp/articles/de7110151be3da2520ebcfeb4066401b00dedfdf,2023/11/1(…) 6:31
minnagolf,‚İ‚ñ‚È‚ÌƒSƒ‹ƒtƒ_ƒCƒWƒFƒXƒg,"u‚à‚¤“ñ“x‚Æˆê‚É‰ñ‚è‚½‚­‚È‚¢!v‚Æv‚¤ƒSƒ‹ƒtƒ@[‚Á‚Ä‚Ç‚ñ‚Èl?@‚İ‚ñ‚È‚Ì""S‚Ìº""‚ğ•·‚¢‚Ä‚İ‚½",https://news.yahoo.co.jp/articles/07564d95b2fb17b19c6fd3a7614a1ff3e9e6a68f,2023/10/31(‰Î) 19:01
minnagolf,‚İ‚ñ‚È‚ÌƒSƒ‹ƒtƒ_ƒCƒWƒFƒXƒg,ƒAƒvƒ[ƒ`‚ª‹êè‚ÈƒSƒ‹ƒtƒ@[‚É‹~¢åŒ»‚é!? ƒƒCƒ„ƒ‹ƒRƒŒƒNƒVƒ‡ƒ“uBBƒEƒFƒbƒWvBƒUƒbƒNƒŠ‚µ‚Ä‚àŸè‚Éƒwƒbƒh‚ª”²‚¯‚éƒ\[ƒ‹‚ÌH•v‚É’–Ú!,https://news.yahoo.co.jp/articles/2f58e2ee14db7141a89e56f60e67abd22b183a5f,2023/10/31(‰Î) 18:30
minnagolf,‚İ‚ñ‚È‚ÌƒSƒ‹ƒtƒ_ƒCƒWƒFƒXƒg,ƒXƒgƒƒ“ƒOƒƒtƒg‚Å‚à‚µ‚Á‚©‚è~‚Ü‚é!@“¹‹ï‚Æ‚Æ‚à‚Éi‰»‚·‚é“¡“cŠ°”V‚Ì14–{ƒZƒbƒeƒBƒ“ƒO,https://news.yahoo.co.jp/articles/5ff52ce30ca3e633fbbfb667a1d2dfc6ebc35064,2023/10/31(‰Î) 12:30
minnagolf,‚İ‚ñ‚È‚ÌƒSƒ‹ƒtƒ_ƒCƒWƒFƒXƒg,ƒSƒ‹ƒtƒ‹[ƒ‹‚Ì•sv‹cB‚È‚ºƒ{[ƒ‹‚ğ’u‚­uƒvƒŒ[ƒXv‚Å‚È‚­uƒhƒƒbƒvv?@Œ¨‰z‚µAŒ¨‚Ì‚‚³A•G‚Ì‚‚³‚©‚çc•û–@‚à‚È‚º•Ï‚í‚Á‚Ä‚«‚½?yQã!@ƒSƒ‹ƒtƒ@[‰‰‡‘àz,https://news.yahoo.co.jp/articles/2e5448de1c7bc63bc6179b27fd0352a1b9ef9207,2023/10/31(‰Î) 12:02
minnagolf,‚İ‚ñ‚È‚ÌƒSƒ‹ƒtƒ_ƒCƒWƒFƒXƒg,11Œ9“úŠJ–‹‚ÌPGAƒcƒA[‘å‰ïA15Î‚Ì­”N‚ªoêŒ ‚ğŠl“¾! ‚¿‚È‚İ‚ÉƒcƒA[Å”N­oê‹L˜^‚Í14Î3ƒJŒ‚ÌMEƒEƒB\,https://news.yahoo.co.jp/articles/b0d1007934424b823f33d80e61236b29d5abcd3d,2023/10/31(‰Î) 11:30
minnagolf,‚İ‚ñ‚È‚ÌƒSƒ‹ƒtƒ_ƒCƒWƒFƒXƒg,‘IèAƒMƒƒƒ‰ƒŠ[AŠF‚ª¶‚ñ‚¾–¼Ÿ•‰B‘æ88‰ñ“ú–{ƒI[ƒvƒ“‚ğU‚è•Ô‚éy²“¡MlƒAƒCƒYz,https://news.yahoo.co.jp/articles/e3fff1e8f5da2707a7a4cae2a01d2db759e16450,2023/10/31(‰Î) 7:31
minnagolf,‚İ‚ñ‚È‚ÌƒSƒ‹ƒtƒ_ƒCƒWƒFƒXƒg,ƒcƒA[‰V‚ÌƒŠEƒnƒiB‘¬‚¢ƒOƒŠ[ƒ“‘Îô‚Ìuè‘O‚©‚çƒ}ƒlƒWƒƒ“ƒgv‚Æ‘ÌŠ²‚ğg‚¤ˆÀ’èƒXƒEƒBƒ“ƒO‚ğƒvƒ‚ª‰ğàyŸÒ‚ÌƒXƒEƒBƒ“ƒOz,https://news.yahoo.co.jp/articles/196f49d850b5a82a51e0f3e37b6a1d9d4b4487ea,2023/10/31(‰Î) 6:31
minnagolf,‚İ‚ñ‚È‚ÌƒSƒ‹ƒtƒ_ƒCƒWƒFƒXƒg,‚ ‚ç‚ä‚éƒ~ƒX‚É‚Â‚È‚ª‚éu‘OŒXŠp‚Ì•ö‚êv‚ğ–h‚®I Îˆä—Y“ñƒR[ƒ`‚ª‹³‚¦‚éƒAƒhƒŒƒX‚ÌƒRƒc‚ğÀÛ‚É‚µ‚Ä‚İ‚½,https://news.yahoo.co.jp/articles/16535a97b117dc9c45809696ccbccecf892b0f71,2023/10/30(Œ) 18:32
minnagolf,‚İ‚ñ‚È‚ÌƒSƒ‹ƒtƒ_ƒCƒWƒFƒXƒg,ğ”N1ˆÊAŒ»İ101ˆÊ! ƒVƒ“ƒfƒŒƒ‰ƒXƒg[ƒŠ[‚Ì‚æ‚¤‚¾‚Á‚½22”N‚©‚çˆê“]‚Ç‚ñ’ê‚ÖBuˆø‘Ş‚à‚æ‚¬‚Á‚½vƒŠƒfƒBƒAEƒR[‚Ì“]‹@‚Æ‚ÍH,https://news.yahoo.co.jp/articles/95d8c0460a0cd9077278daec341ac716437b62d6,2023/10/30(Œ) 12:01
minnagolf,‚İ‚ñ‚È‚ÌƒSƒ‹ƒtƒ_ƒCƒWƒFƒXƒg,uO•H“d‹@ƒŒƒfƒBƒXv‚ÍŠØ‘‚ÌƒŠEƒnƒi‚ª—Ü‚Ì‰—DŸ! mˆä—D‰Ô‚ÍÉ‚µ‚­‚à2ˆÊBR‰º”ü–²—L‚Í”NŠÔ—‰¤‘ˆ‚¢‚Å1ˆÊ‚É•Ô‚èç‚«,https://news.yahoo.co.jp/articles/b20c9f93e19d7688ad061ab03be64fe7e70de61b,2023/10/30(Œ) 11:31
minnagolf,‚İ‚ñ‚È‚ÌƒSƒ‹ƒtƒ_ƒCƒWƒFƒXƒg,ƒLƒƒƒƒEƒFƒCuAPEX PROvƒAƒCƒAƒ“B‚â‚âƒO[ƒX‚ÅA7”Ô‚Ìƒƒtƒg33“x‚ÌƒcƒA[ƒ‚ƒfƒ‹BˆÀ’è‚µ‚½’e“¹‚Æ”ò‹——£‚ªè‚É“ü‚é!,https://news.yahoo.co.jp/articles/e71958427c2b95b964867678b79f6965bd59b9c9,2023/10/30(Œ) 7:30
minnagolf,‚İ‚ñ‚È‚ÌƒSƒ‹ƒtƒ_ƒCƒWƒFƒXƒg,ƒXƒRƒA‚ğo‚µ‚â‚·‚¢‘g‚İ‡‚í‚¹‚ª‚ ‚é!?@HS40m/s‘OŒãƒAƒxƒŒ[ƒW‚Ì14–{ƒZƒbƒeƒBƒ“ƒO‚ğƒNƒ‰ƒuƒtƒBƒbƒ^[‚Æl‚¦‚½!,https://news.yahoo.co.jp/articles/bedabbe556ec1ba8fe4db84cef3e2b19da0d218a,2023/10/30(Œ) 6:30
minnagolf,‚İ‚ñ‚È‚ÌƒSƒ‹ƒtƒ_ƒCƒWƒFƒXƒg,ŠP~‚ß–ò‚Åƒh[ƒsƒ“ƒOˆá”½!? ƒAƒ“Eƒrƒ‡ƒ“ƒtƒ“‚ª•ÄPGAƒcƒA[‚Å3ƒJŒ‚Ìoê’â~,https://news.yahoo.co.jp/articles/80f3a839eb045201a06eb8a1389b13226f14ef15,2023/10/29(“ú) 18:30
minnagolf,‚İ‚ñ‚È‚ÌƒSƒ‹ƒtƒ_ƒCƒWƒFƒXƒg,¼—²Œõ‚ğˆç‚Ä‚½Â’Ë•‹v‚Ìu‘fU‚èŠí‹ïv‚Ö‚Ìl‚¦•ûB”üƒXƒEƒBƒ“ƒO‚ğì‚é‚É‚ÍAƒVƒ“ƒvƒ‹‚È‘fU‚è–_‚Å‚¢‚¢!?,https://news.yahoo.co.jp/articles/bbd0c3f9d5b912f53b19db3ced875b96cbd9a31e,2023/10/29(“ú) 11:30
minnagolf,‚İ‚ñ‚È‚ÌƒSƒ‹ƒtƒ_ƒCƒWƒFƒXƒg,1930”N‘ã‚Éƒ^ƒCƒ€ƒXƒŠƒbƒv? ì“Ş‚Ì‘å“‡C‚ªŠJê“–‚ÌgƒEƒBƒbƒJ\ƒoƒXƒPƒbƒgEƒsƒ“h‚ğ•œŒ³‚µ‚½ƒI[ƒvƒ“ƒRƒ“ƒyƒCƒxƒ“ƒg‚ğŒv‰æ,https://news.yahoo.co.jp/articles/c63a83edfe7c00d845cf6bbdd18023546b358f67,2023/10/29(“ú) 7:30
minnagolf,‚İ‚ñ‚È‚ÌƒSƒ‹ƒtƒ_ƒCƒWƒFƒXƒg,ƒe[ƒNƒoƒbƒN‚Å‚µ‚Á‚©‚è‘Ì‚Ìƒpƒ[‚ª‚½‚ß‚ç‚ê‚é! ‚ä‚é‚İ‚Ì‚È‚¢ƒXƒEƒBƒ“ƒO‚ğì‚éu“à“]‹ØvƒgƒŒyŒK–Øu”¿‚Ì‰õiŒ‚‚ğƒTƒ|[ƒg‚·‚éƒgƒŒ[ƒi[‚ª‹³‚¦‚éŠÈ’PƒgƒŒ[ƒjƒ“ƒOz,https://news.yahoo.co.jp/articles/c5775ec95bfce58b349ae03e9ab3ad47b5e4636e,2023/10/29(“ú) 6:30
minnagolf,‚İ‚ñ‚È‚ÌƒSƒ‹ƒtƒ_ƒCƒWƒFƒXƒg,40”NŠÔA1”ÔƒeƒB[‚É—§‚¿‘±‚¯‚½‘S‰pƒI[ƒvƒ“‚Ì–¼•¨ƒXƒ^[ƒ^[A83Î‚ÅÀ‹,https://news.yahoo.co.jp/articles/4bca06880595503371c5275367d9a7997832ae9e,2023/10/28(“y) 18:30
minnagolf,‚İ‚ñ‚È‚ÌƒSƒ‹ƒtƒ_ƒCƒWƒFƒXƒg,y–¼è‚Ì–¼Œ¾zƒWƒƒƒbƒNEƒjƒNƒ‰ƒXu„‚ÍŒˆ‚µ‚ÄƒvƒŒ[‚ª’x‚¢‚Æ‚Ív‚í‚È‚¢‚ªA‚»‚¤Œ©‚¦‚é‚Ì‚Å‚ ‚ê‚Îcv,https://news.yahoo.co.jp/articles/a2ec1f166da11bcbf00e7fd73431b5bdd95f95c1,2023/10/28(“y) 12:30
minnagolf,‚İ‚ñ‚È‚ÌƒSƒ‹ƒtƒ_ƒCƒWƒFƒXƒg,‹——£Š´‚ªo‚µ‚â‚·‚­‚ÄAƒUƒbƒNƒŠ‚Ìƒ~ƒX‚Ío‚É‚­‚¢!?@u‹tƒV[ƒNƒGƒ“ƒXv‚ÌƒAƒvƒ[ƒ`‚Æ‚Í?y“äƒLƒƒƒ‰ƒR[ƒ`w‚í‚«‚ã‚¤x‚Ì‹C‚É‚È‚é˜bò38z,https://news.yahoo.co.jp/articles/8dbbfca8420aaf834bdbb57f5fcecddc0c13871c,2023/10/28(“y) 11:30
minnagolf,‚İ‚ñ‚È‚ÌƒSƒ‹ƒtƒ_ƒCƒWƒFƒXƒg,"‘S·Šú‚Ìƒ^ƒCƒK[‚ª_‚ª‚©‚è“IƒVƒ‡ƒbƒg‚ğ‘Å‚Ä‚½——RBg¬Œ÷h‚ÌƒCƒ[ƒW‚ğ•`‚¢‚Ä‚İ‚æ‚¤IyŒ³ƒvƒ–ì‹…R”»‚ÌƒR[ƒ`‚ª‹³‚¦‚é""SƒgƒŒ""”3z",https://news.yahoo.co.jp/articles/6db1db6dfceebfe29f23e553a9ef8fefe26df879,2023/10/28(“y) 7:31
minnagolf,‚İ‚ñ‚È‚ÌƒSƒ‹ƒtƒ_ƒCƒWƒFƒXƒg,"""ƒhƒ‰ƒRƒ“‰¤""‚ÌKEƒo[ƒNƒVƒƒ[‚ª579.63Y‚Ì¢ŠE‹L˜^‚ğƒ}[ƒN! ¡‚âƒhƒ‰ƒRƒ“ŠE‚Å‚Í400Y‚Í“–‚½‚è‘O‚ç‚µ‚¢!?",https://news.yahoo.co.jp/articles/a20851778c8fa2d641e755d1e07633ff3614c761,2023/10/28(“y) 6:30
minnagolf,‚İ‚ñ‚È‚ÌƒSƒ‹ƒtƒ_ƒCƒWƒFƒXƒg,ƒŒƒ“ƒWƒ{[ƒ‹‚Ì«”\‚ÍƒR[ƒXƒ{[ƒ‹‚Æ‚Ç‚¤ˆá‚¤?@ƒSƒ‹ƒtƒ@[‚ª—ûKê‚Å’ˆÓ‚µ‚½‚¢3‚Â‚Ìƒ|ƒCƒ“ƒg,https://news.yahoo.co.jp/articles/343227fee90e37c646769b737e541da926ff16d5,2023/10/27(‹à) 19:00
minnagolf,‚İ‚ñ‚È‚ÌƒSƒ‹ƒtƒ_ƒCƒWƒFƒXƒg,‰“ú3ƒAƒ“ƒ_[8ˆÊƒ^ƒC”­i‚µ‚½ƒZƒLEƒ†ƒEƒeƒBƒ“‚ÌA“Á•Êƒ`ƒ…[ƒ“‚ğ{‚µ‚½ƒsƒ“uPLDvƒpƒ^[‚Éƒvƒ‚ª’–Ú!yO•H“d‹@ƒŒƒfƒBƒX2023‰“úƒŒƒ|z,https://news.yahoo.co.jp/articles/64a4d1e4b5655cf9f989b3648ac93d913fb46743,2023/10/27(‹à) 18:30
minnagolf,‚İ‚ñ‚È‚ÌƒSƒ‹ƒtƒ_ƒCƒWƒFƒXƒg,”­‘«‚©‚ç‚à‚¤2”NB¡‚ÌLIVƒSƒ‹ƒt‚ğæ‚èŠª‚­ó‹µ‚ÍH ‘Iè‚Ì–{‰¹‚ÍuƒƒWƒƒ[‚Éo‚½‚¢Iv,https://news.yahoo.co.jp/articles/728a32b0f920874eeeb7baa670917932deb7a442,2023/10/27(‹à) 12:05
minnagolf,‚İ‚ñ‚È‚ÌƒSƒ‹ƒtƒ_ƒCƒWƒFƒXƒg,VEƒzƒuƒ‰ƒ“‚ªg’´‹êèh‚¾‚Á‚½ƒOƒŠ[ƒ“ü‚è‚ÌƒAƒvƒ[ƒ`‚ğ•‚µ‚½•û–@Bƒ|ƒCƒ“ƒg‚Íuƒ~[ƒg—¦‚ğ‚¢‚©‚É‰º‚°‚é‚©v!?y–ÚàVGŒ›EƒXƒEƒBƒ“ƒO3.0@”5z,https://news.yahoo.co.jp/articles/25efe7b67986175b5c120f67c2856cd7c5845350,2023/10/27(‹à) 11:32
minnagolf,‚İ‚ñ‚È‚ÌƒSƒ‹ƒtƒ_ƒCƒWƒFƒXƒg,ƒEƒFƒbƒW‚æ‚è‚àƒpƒ^[‚âƒVƒ‡[ƒgƒAƒCƒAƒ“‚Åu“]‚ª‚µ‚ÄŠñ‚¹‚év‚Ù‚¤‚ª—Ç‚¢ó‹µ‚Æ‚ÍHy‰SÒ‚ğ’E‚µ‚½ƒSƒ‹ƒtƒ@[‚ªw100x‚ğØ‚é‚½‚ß‚ÌƒŒƒbƒXƒ“z,https://news.yahoo.co.jp/articles/7f3affa80fb75d6a2dd3ed964aed0e4bcc8c188a,2023/10/27(‹à) 7:30
minnagolf,‚İ‚ñ‚È‚ÌƒSƒ‹ƒtƒ_ƒCƒWƒFƒXƒg,ƒjƒ…[ƒhƒ‰ƒCƒo[uRMX VD/Mv‚Å‚¢‚«‚È‚èƒƒWƒƒ[—DŸI •½‹Ï”ò‹——£ƒcƒA[1ˆÊA_’J‚»‚ç‚ÌÅVƒZƒbƒeƒBƒ“ƒO,https://news.yahoo.co.jp/articles/b434779af24f25e91e34c3686cfc38a48a519b08,2023/10/27(‹à) 6:31
minnagolf,‚İ‚ñ‚È‚ÌƒSƒ‹ƒtƒ_ƒCƒWƒFƒXƒg,ƒtƒF[ƒXƒRƒ“ƒgƒ[ƒ‹‚Ì³‚µ‚¢•û–@BˆÓ¯‚·‚×‚«‚ÍuƒOƒŠƒbƒvƒGƒ“ƒhv‚¾‚Á‚½!?,https://news.yahoo.co.jp/articles/10f8d490e0649d4bda4f5b8e99b26c1134efad67,2023/10/26(–Ø) 19:00
minnagolf,‚İ‚ñ‚È‚ÌƒSƒ‹ƒtƒ_ƒCƒWƒFƒXƒg,u—DŸ‘ˆ‚¢‚Ì‚È‚©A‚±‚±‚Ü‚Å‹È‚ª‚ç‚È‚©‚Á‚½‚Ì‚Í‰‚ß‚Äv‚Æ‚¢‚¤›ÀØX‚Ìƒjƒ…[ƒhƒ‰ƒCƒo[‚ğƒ`ƒFƒbƒN!yO•H“d‹@ƒŒƒfƒBƒX—ûK“úƒŒƒ|z,https://news.yahoo.co.jp/articles/fa416ee4fe1e0f426edff2b16de0bb49869e27ad,2023/10/26(–Ø) 18:31
minnagolf,‚İ‚ñ‚È‚ÌƒSƒ‹ƒtƒ_ƒCƒWƒFƒXƒg,ƒ|ƒ‹ƒVƒF‚ÌƒNƒ‰ƒVƒbƒNƒJ[‚ÌƒhƒAƒ~ƒ‰[‚É‘M‚¢‚½! ƒpƒ^[‚Ì–¼ŠígƒŒƒbƒhXh‚Ìn‚Ü‚èyƒLƒƒƒƒƒ“ƒ}ƒjƒAéŒ¾z,https://news.yahoo.co.jp/articles/e0af133a0553fc9fae94dd6885e0a33cd7561170,2023/10/26(–Ø) 16:59
minnagolf,‚İ‚ñ‚È‚ÌƒSƒ‹ƒtƒ_ƒCƒWƒFƒXƒg,ƒAƒXƒŠ[ƒg‚É‚Í’¿‚µ‚¢g‰·ŒúƒCƒ[ƒWh‚ÌƒvƒƒSƒ‹ƒtƒ@[AˆÀXˆê‹M‚ÌƒSƒ‹ƒt‚ÆƒMƒA‚Ì‚±‚¾‚í‚è‚É’–Ú‚µ‚½y²“¡MlƒAƒCƒYz,https://news.yahoo.co.jp/articles/b0b96b0ef854791a8992410bc499a5193cd292bc,2023/10/26(–Ø) 12:30
minnagolf,‚İ‚ñ‚È‚ÌƒSƒ‹ƒtƒ_ƒCƒWƒFƒXƒg,1ˆÊ‚Í‹à“c‹v”üq‚Ì11”N189“úB‚±‚Ì‹L˜^‚ğ”j‚é‰Â”\«‚ª‚ ‚é‚Ì‚Í?@‘“à—qƒcƒA[uƒuƒ‰ƒ“ƒN—DŸvƒgƒbƒv10yƒSƒ‹ƒt‚È‚ñ‚Å‚àƒ‰ƒ“ƒLƒ“ƒOz,https://news.yahoo.co.jp/articles/6ff79610206355f49e7ac4ba9699cd2d28292a7a,2023/10/26(–Ø) 12:30
minnagolf,‚İ‚ñ‚È‚ÌƒSƒ‹ƒtƒ_ƒCƒWƒFƒXƒg,—\‘I“Ë”j‚Í‚È‚ç‚¸‚¾‚ªAƒŒƒLƒV[Eƒgƒ“ƒvƒ\ƒ“‚Ì’jqƒcƒA[Qí‚Í‘å¬Œ÷! ‘å‰ï’†‚Ì•½‹Ï”ò‹——£‚ª301.2YAÅ’·316Y‚ÆÀ—Í‚ğ”­ŠöBLIV‚àHw‚ğL‚Î‚·!?,https://news.yahoo.co.jp/articles/8afcf0ced44077ee93c567bdfa3ceeb5cad74ec0,2023/10/26(–Ø) 11:32
minnagolf,‚İ‚ñ‚È‚ÌƒSƒ‹ƒtƒ_ƒCƒWƒFƒXƒg,ƒoƒ“ƒJ[ƒVƒ‡ƒbƒg‚Å‚Íèñ‚ÌƒRƒbƒN‚ª’´d—v!? ‘Å‚¿•û‚ÌƒRƒc‚ğƒvƒ‚ªƒCƒ‰ƒXƒg‚ğŒğ‚¦‚Ä‰ğà,https://news.yahoo.co.jp/articles/8b7806d22db3b17bc3f4270306d563152409054d,2023/10/26(–Ø) 7:31
minnagolf,‚İ‚ñ‚È‚ÌƒSƒ‹ƒtƒ_ƒCƒWƒFƒXƒg,ƒRƒŠƒ“Eƒ‚ƒŠƒJƒ‚Ì‚æ‚¤‚È”ü‚µ‚¢ƒtƒHƒ[ƒXƒ‹[‚ğì‚è‚½‚¢I ‘åØ‚È‚Ì‚ÍuƒNƒ‰ƒu‚Ì³‚µ‚¢‚¿•ûvy‰ğàuƒUEƒSƒ‹ƒtƒBƒ“ƒOƒ}ƒV[ƒ“v”101z,https://news.yahoo.co.jp/articles/0d46ba4cc9b768b0bbf558b35534777cd681dfe5,2023/10/26(–Ø) 6:31
minnagolf,‚İ‚ñ‚È‚ÌƒSƒ‹ƒtƒ_ƒCƒWƒFƒXƒg,yƒSƒ‹ƒtƒ‹[ƒ‹ƒNƒCƒYzˆêu‚½‚è‚Æ‚à“ú‚ÉÄ‚¯‚½‚­‚È‚¢! ‚Å‚àAP‚ğ·‚µ‚½‚Ü‚Üƒpƒbƒg‚Í‚³‚·‚ª‚Éƒ_ƒ‚¾‚æ‚Ë?,https://news.yahoo.co.jp/articles/7d1f0fe4a509cfcccbdc7e5ba1cb5ad0aa2aab70,2023/10/25(…) 12:30
minnagolf,‚İ‚ñ‚È‚ÌƒSƒ‹ƒtƒ_ƒCƒWƒFƒXƒg,LIVƒSƒ‹ƒt‚Ì”NŠÔ‰¤ÒATEƒO[ƒ`BLIV‘å‰ï13‡‚Å50‰­‰~‹ß‚­‚ğŠl“¾! PGAƒcƒA[‚Å‚Í123‡‚Éoê‚µ‚Ä¶ŠUŠl“¾Ü‹à‚Í–ñ14‰­‰~,https://news.yahoo.co.jp/articles/596f583f155d0ee64a8612184b19b75c6930019b,2023/10/25(…) 12:04
minnagolf,‚İ‚ñ‚È‚ÌƒSƒ‹ƒtƒ_ƒCƒWƒFƒXƒg,"ZOZO‚Å6ˆÊƒ^ƒCA¡‹G2Ÿ‚Ì•½“cŒ›¹B—DŸ‚µ‚½“ú–{ƒvƒ‚ÅAƒvƒ`‰Šã‚µ‚½""‡’†‚ÌƒCƒ“ƒ^ƒrƒ…[""‚ÌŠ´‘z‚Í?y•½“cŒ›¹~¼—²Œõ ’jqƒvƒ‘Î’k‡@z",https://news.yahoo.co.jp/articles/128eadb65bfa5df13a10378277ef751872bed6f5,2023/10/25(…) 11:31
minnagolf,‚İ‚ñ‚È‚ÌƒSƒ‹ƒtƒ_ƒCƒWƒFƒXƒg,ƒSƒ‹ƒtƒXƒEƒBƒ“ƒO‚ÌuƒrƒWƒlƒXƒ][ƒ“v‚Á‚Ä‚È‚ÉH ‚È‚º‘å–‚ÅA‚Ç‚¤—ûK‚·‚é‚ÌH ƒrƒMƒi[‚Ì‹^–â‚ğ‰ğàI,https://news.yahoo.co.jp/articles/fc4aaedf8777c2a092df488d709a185005890bc0,2023/10/25(…) 7:31
minnagolf,‚İ‚ñ‚È‚ÌƒSƒ‹ƒtƒ_ƒCƒWƒFƒXƒg,g’áƒXƒsƒ“‚Í”ò‚ÔBƒXƒsƒ“‘½‚¢”ò‚Î‚È‚¢h‚Æv‚¢‚ñ‚Å‚¢‚Ü‚¹‚ñ‚©H ƒSƒ‹ƒtƒ@[‚È‚ç’m‚Á‚Ä‚¨‚«‚½‚¢u“K³ƒXƒsƒ“—Êv‚Æ‚Í?yƒNƒ‰ƒu‘I‚Ñ‚ğƒN[ƒ‹‰ğà!z,https://news.yahoo.co.jp/articles/22bca9f322c515a63f40e0da4bce8231f970c733,2023/10/25(…) 6:32
minnagolf,‚İ‚ñ‚È‚ÌƒSƒ‹ƒtƒ_ƒCƒWƒFƒXƒg,ƒSƒ‹ƒtê‚ÌƒhƒŒƒXƒR[ƒhA‚Ç‚¤v‚¤? u•‘•‚Ì‹K’è“P”pvVSu’Zƒpƒ“•o‚µNGAƒWƒƒƒPƒbƒg’…—pv‚Æ“ñ‹É‰»‚ªi‚Ş!?,https://news.yahoo.co.jp/articles/f83d9c16b9165b8025d91b0ba51b90943dfd5dd4,2023/10/24(‰Î) 18:30
minnagolf,‚İ‚ñ‚È‚ÌƒSƒ‹ƒtƒ_ƒCƒWƒFƒXƒg,"ƒpƒbƒg‚É”Y‚İ‚ğ•ø‚¦‚Ä‚¢‚éƒSƒ‹ƒtƒ@[•KŒ©! ""ƒpƒ^[“ñ“—¬""‚ÌƒXƒXƒ‚Æ‚ÍHyQã!@ƒSƒ‹ƒtƒ@[‰‰‡‘àz",https://news.yahoo.co.jp/articles/e6bf20cd5af651121453952182a7116f3e99e865,2023/10/24(‰Î) 12:04
minnagolf,‚İ‚ñ‚È‚ÌƒSƒ‹ƒtƒ_ƒCƒWƒFƒXƒg,"ƒuƒ‹ƒbƒNƒXEƒPƒvƒJ‚Æ’íƒ`ƒFƒCƒXEƒPƒvƒJ‚Ì""”ßŠì""BLIVƒSƒ‹ƒt‚ÅŒZ‚Í‘½Šz‚Ìƒ{[ƒiƒXŠl“¾A’í‚ÍLIVoê‘Ši‚ğ‘r¸!?",https://news.yahoo.co.jp/articles/4ef4fdacdad270666cb3a63962d989cf02dd7de2,2023/10/24(‰Î) 11:30
minnagolf,‚İ‚ñ‚È‚ÌƒSƒ‹ƒtƒ_ƒCƒWƒFƒXƒg,PGAƒcƒA[‚ÌƒAƒWƒAŒ—ƒfƒBƒŒƒNƒ^[‚ª„‚·A2024”NƒƒWƒƒ[‰—DŸ‚Ì•M“ª‚ÍgƒUƒ“ƒ_[EƒVƒƒƒEƒtƒFƒŒh,https://news.yahoo.co.jp/articles/d0c160116eb9fd844b9d5037437501f532714d4a,2023/10/24(‰Î) 7:30
minnagolf,‚İ‚ñ‚È‚ÌƒSƒ‹ƒtƒ_ƒCƒWƒFƒXƒg,uZOZOƒ`ƒƒƒ“ƒsƒIƒ“ƒVƒbƒvv‚Å2”N‚Ô‚è‚ÌŸ—˜!@CEƒ‚ƒŠƒJƒ‚Ì•ûŒü«‚ğd‹‚µ‚½ƒLƒŒƒLƒŒ‚ÌƒAƒCƒAƒ“ƒVƒ‡ƒbƒg‚ğƒvƒ‚ª‰ğàyŸÒ‚ÌƒXƒEƒBƒ“ƒOz,https://news.yahoo.co.jp/articles/ee852f99357982b312fd0a5af720071ecefbaf7b,2023/10/24(‰Î) 6:30
minnagolf,‚İ‚ñ‚È‚ÌƒSƒ‹ƒtƒ_ƒCƒWƒFƒXƒg,ƒVƒjƒA‚É‚È‚é‚ÆƒAƒCƒAƒ“‚Ìƒ~ƒX‚ª‘‚¦‚é!? ‚¢‚Á‚½‚¢‚È‚ºH ‹ÚàV‘å‰îƒvƒ‚ª‹³‚¦‚é‘Îô–@‚ğÀÛ‚É‚µ‚Ä‚İ‚½,https://news.yahoo.co.jp/articles/b022ae7ef3a4ee45fd5a5bc5e059b839168fdfc9,2023/10/23(Œ) 18:31
minnagolf,‚İ‚ñ‚È‚ÌƒSƒ‹ƒtƒ_ƒCƒWƒFƒXƒg,ZOZOƒ`ƒƒƒ“ƒsƒIƒ“ƒVƒbƒv‚Å4ˆÊƒ^ƒCI Îì—É‘ã‚ÌÄ—ˆ‚Í‚ ‚é‚©H ‹P‚«‚ğæ‚è–ß‚µ‚½u1‘Å‚ÉƒtƒH[ƒJƒXv‚·‚é—Í,https://news.yahoo.co.jp/articles/805af0dceb0faea9ae6b6e70d3f61be0401ebefb,2023/10/23(Œ) 12:01
minnagolf,‚İ‚ñ‚È‚ÌƒSƒ‹ƒtƒ_ƒCƒWƒFƒXƒg,"¡‹G2Ÿ–Ú‚Ì›ÀØX‚ÍƒCEƒ{ƒ~‚ÌŒãŒpÒ!? ""ƒXƒ}ƒCƒ‹ƒLƒƒƒ‰""‚Í©ÌƒAƒCƒhƒ‹‚ªˆø‚«Œp‚®",https://news.yahoo.co.jp/articles/3182a2168a5601f96498cc2b5d38855fca58dc71,2023/10/23(Œ) 11:31
minnagolf,‚İ‚ñ‚È‚ÌƒSƒ‹ƒtƒ_ƒCƒWƒFƒXƒg,ƒ„ƒ}ƒnuRMX VD/MvƒAƒCƒAƒ“B‘€ì«‚ª—Ç‚­‚Ä7”Ô‚Ìƒƒtƒg31“xB“¡“cŠ°”V‚Ì“ú–{ƒVƒjƒAOP—DŸ‚ÉvŒ£‚µ‚½ƒ‚ƒfƒ‹!yƒwƒbƒhƒf[ƒ^‚Í‰R‚Â‚©‚È‚¢!z,https://news.yahoo.co.jp/articles/ac3f278680af1dbd9e133ac947f5910ac341f194,2023/10/23(Œ) 7:31
minnagolf,‚İ‚ñ‚È‚ÌƒSƒ‹ƒtƒ_ƒCƒWƒFƒXƒg,VìƒVƒƒƒtƒg‚ª‚¼‚­‚¼‚­“oêB©•ª‚Éƒsƒbƒ^ƒŠ‚Ì1–{‚ğŒ©‚Â‚¯‚é‚½‚ß‚Ìg‚¨ì–@h‚Æ‚ÍH,https://news.yahoo.co.jp/articles/73a21ba8ad17c387da4cb44787e0a2637a14766e,2023/10/23(Œ) 6:30
minnagolf,‚İ‚ñ‚È‚ÌƒSƒ‹ƒtƒ_ƒCƒWƒFƒXƒg,ƒAƒ}‘ã‚©‚çLIV‚Ì‘å‰ï‚Éoê‚µ‚Ä‚¢‚½21Î‚Ìƒ‹[ƒL[‚ªƒAƒWƒAƒ“ƒcƒA[‚Åˆ³ŸBƒvƒ“]ŒüŒã‚·‚®‚ÉŠˆ–ô‚Å‚«‚½——R‚Æ‚Í?,https://news.yahoo.co.jp/articles/99b344f79ca3db7659230a5ab9e02e1a89b3520c,2023/10/22(“ú) 18:00
minnagolf,‚İ‚ñ‚È‚ÌƒSƒ‹ƒtƒ_ƒCƒWƒFƒXƒg,‚Ü‚½º˜a‚ª‰“‚­‚È‚éccB“s“à‚Ì˜V•ÜƒpƒuƒŠƒbƒNƒR[ƒXAº˜a‚ÌXGC‚ª‰c‹Æ‚ğI—¹,https://news.yahoo.co.jp/articles/f049690a0a17eceadbb56a99e75213b697397817,2023/10/22(“ú) 11:30
minnagolf,‚İ‚ñ‚È‚ÌƒSƒ‹ƒtƒ_ƒCƒWƒFƒXƒg,PGAƒcƒA[‚ÆUSLPGAƒcƒA[A‚Æ‚à‚É‰º•”‚©‚ç‚Ì¸Ši‘Iè‚ªŒˆ’èB“ú–{‚Å‚¨“éõ‚İ‚àƒ`ƒƒƒ“EƒLƒ€‚àƒƒ“ƒo[“ü‚è,https://news.yahoo.co.jp/articles/aec1367478a2ec834ee9aaa667df72edc29465ec,2023/10/22(“ú) 7:30
minnagolf,‚İ‚ñ‚È‚ÌƒSƒ‹ƒtƒ_ƒCƒWƒFƒXƒg,‘Ì‚Ìƒpƒ[‚ªg‚¦‚ÄAƒXƒEƒBƒ“ƒO‚ÌÄŒ»«‚à‚‚Ü‚é! œ”Õ‚ğ‘f‘‚­ƒ^[ƒ“‚³‚¹‚ç‚ê‚éu“à“]‹ØvƒgƒŒyŒK–Øu”¿‚Ì‰õiŒ‚‚ğƒTƒ|[ƒg‚·‚éƒgƒŒ[ƒi[‚ª‹³‚¦‚éŠÈ’PƒgƒŒ[ƒjƒ“ƒOz,https://news.yahoo.co.jp/articles/efef9530e59852b06e90aafeec12be1321f210c1,2023/10/22(“ú) 6:30
minnagolf,‚İ‚ñ‚È‚ÌƒSƒ‹ƒtƒ_ƒCƒWƒFƒXƒg,"""‰Âˆ¤‚­‚ÄA‹­‚­‚ÄA—D‚µ‚¢""B¬j‚³‚­‚çAã“c“qA”óŒû‹vqA´…dŒ›ƒLƒƒƒfƒB‚ªAƒCEƒ{ƒ~‚ªŠF‚©‚çˆ¤‚³‚ê‚é——R‚ğŒê‚é",https://news.yahoo.co.jp/articles/c41f8fd7270605c1e43b804175dd022047e674bb,2023/10/21(“y) 18:30
minnagolf,‚İ‚ñ‚È‚ÌƒSƒ‹ƒtƒ_ƒCƒWƒFƒXƒg,y–¼è‚Ì–¼Œ¾zƒ}ƒCƒPƒ‹Eƒ{ƒiƒ‰ƒbƒNuƒ‹[ƒ‹‚Æƒ}ƒi[‚ğ•×‹­‚µ‚½‚Ü‚¦BƒXƒRƒA‚ğŒû‚É‚·‚é‚Ì‚ÍA‚»‚ê‚©‚ç‚¾v,https://news.yahoo.co.jp/articles/4660cc3c073d3451170be72473307e8bcba5c755,2023/10/21(“y) 12:30
minnagolf,‚İ‚ñ‚È‚ÌƒSƒ‹ƒtƒ_ƒCƒWƒFƒXƒg,"ƒVƒ‡ƒbƒg‚Å‚Í""ˆ«‚¢""‚Æ‚³‚ê‚é“®‚«‚ªƒAƒvƒ[ƒ`‚Å‚Í³‰ğ‚É‚È‚é‚±‚Æ‚à‚ ‚é!?@èñ‚Ì“®‚«‚ğl@Iy“äƒLƒƒƒ‰ƒR[ƒ`w‚í‚«‚ã‚¤x‚Ì‹C‚É‚È‚é˜bò37z",https://news.yahoo.co.jp/articles/95eac4f4f752175865e3a25ec8a486665ebfedd5,2023/10/21(“y) 11:32
minnagolf,‚İ‚ñ‚È‚ÌƒSƒ‹ƒtƒ_ƒCƒWƒFƒXƒg,"—ûKê‚Å‚ÍuŠ®àø!v‚Æv‚¦‚½‚Ì‚ÉA‚È‚ºƒR[ƒX‚Éo‚é‚Æãè‚­‚Å‚«‚È‚¢? ""ƒ~ƒX‚ÌƒƒJƒjƒYƒ€""‚ğ’m‚Á‚Ä‚¨‚±‚¤yŒ³ƒvƒ–ì‹…R”»‚ÌƒR[ƒ`‚ª‹³‚¦‚é""SƒgƒŒ""”2z",https://news.yahoo.co.jp/articles/66ba44f88447d2529aa635edbe3c8fb78b22b304,2023/10/21(“y) 7:30
minnagolf,‚İ‚ñ‚È‚ÌƒSƒ‹ƒtƒ_ƒCƒWƒFƒXƒg,ƒVƒFƒtƒ‰[Aƒtƒ@ƒEƒ‰[AƒPƒvƒJcc¢ŠE‚Ìƒgƒbƒv‚ÍƒAƒCƒAƒ“‚æ‚è‚àƒEƒFƒbƒW‚Ì‚Ù‚¤‚ªg“î‚ç‚©ƒVƒƒƒtƒgh‚ğg‚Á‚Ä‚¢‚é!?,https://news.yahoo.co.jp/articles/561082d90181806641be5e9658059f3a3a93807f,2023/10/21(“y) 6:30
minnagolf,‚İ‚ñ‚È‚ÌƒSƒ‹ƒtƒ_ƒCƒWƒFƒXƒg,5ƒAƒ“ƒ_[‚Ì¬•½’q‚ª3ˆÊAˆîX—C‹M‚ª4ˆÊTAÎì—ÉA–xì–¢—ˆ–²‚ª8ˆÊTBT––‚à“ú–{¨‚ÌŠˆ–ô‚ÉŠú‘Ò!yZOZOƒ`ƒƒƒ“ƒsƒIƒ“ƒVƒbƒv2“ú–ÚŒ»’nƒŒƒ|z,https://news.yahoo.co.jp/articles/0b3c031408df8ef1f49addcd5e2c7b7106f67e78,2023/10/20(‹à) 18:30
minnagolf,‚İ‚ñ‚È‚ÌƒSƒ‹ƒtƒ_ƒCƒWƒFƒXƒg,‚È‚ºƒCEƒ{ƒ~‚Í“ú–{ƒcƒA[‚ğˆø‘Ş‚·‚é‚Ì‚©?@–{l‚ªŒê‚é“ú–{‚Å‰ß‚²‚µ‚½12”NŠÔ,https://news.yahoo.co.jp/articles/52b7e4949f854a9b96f9ad5910f38e70b3d67abd,2023/10/20(‹à) 18:01
minnagolf,‚İ‚ñ‚È‚ÌƒSƒ‹ƒtƒ_ƒCƒWƒFƒXƒg,ƒoƒbƒNƒtƒF[ƒX‚É“ä‚ÌgRó·‚èã‚ª‚èhBƒIƒfƒbƒZƒC‚Ìƒjƒ…[ƒpƒ^[‚ªZOZOƒ`ƒƒƒ“ƒsƒIƒ“ƒVƒbƒv‚Ì‰ïê‚Å‚¨”â˜I–Ú,https://news.yahoo.co.jp/articles/f70c65ace12318e05a567be6b1d98c7bb07ac762,2023/10/20(‹à) 17:01
minnagolf,‚İ‚ñ‚È‚ÌƒSƒ‹ƒtƒ_ƒCƒWƒFƒXƒg,"ƒVƒ‡[ƒgƒpƒbƒg‚ª“ü‚ç‚È‚¢‚Ì‚Í""‘Å‚Ä‚È‚¢""‚©‚ç!? ƒvƒ‚É‹³‚í‚éuƒR[ƒX‚Å‚Ì‘Îˆ–@v‚Æu‚¨‰Æ‚Å‚Ì—ûK–@v",https://news.yahoo.co.jp/articles/0df582e3ebb6bcd26eb4f7894c687af67d8b9842,2023/10/20(‹à) 12:10
minnagolf,‚İ‚ñ‚È‚ÌƒSƒ‹ƒtƒ_ƒCƒWƒFƒXƒg,ZOZO‚ÅñˆÊ”­i‚ÌƒRƒŠƒ“Eƒ‚ƒŠƒJƒB‘å‰ï‘O‚É–K‚ê‚Ä‚¢‚½—\–ñ‚Ìæ‚ê‚È‚¢õi‰®‚ÅŠ´Œƒ!?u‚ ‚ê‚ğH‚×‚½‚ç‚à‚¤2“x‚Æõi‚ÍH‚×‚ç‚ê‚È‚¢v,https://news.yahoo.co.jp/articles/5117811ba81e304f7e6ddc784dd799887623fdc3,2023/10/20(‹à) 11:30
minnagolf,‚İ‚ñ‚È‚ÌƒSƒ‹ƒtƒ_ƒCƒWƒFƒXƒg,–Ú‚Ì‘O‚É‚Í–ØA‚»‚Ì‰œ‚ÉƒOƒŠ[ƒ“BƒXƒ^ƒCƒ~[‚Èó‹µ‚Å‚Í‚Ç‚¤ƒ}ƒlƒWƒƒ“ƒg‚·‚é‚Ì‚ª³‰ğHy‰SÒ‚ğ’E‚µ‚½ƒSƒ‹ƒtƒ@[‚ªw100x‚ğØ‚é‚½‚ß‚ÌƒŒƒbƒXƒ“z,https://news.yahoo.co.jp/articles/ffa1043682a117dfe9b4bee9fc5a04ce6365df1e,2023/10/20(‹à) 7:31
minnagolf,‚İ‚ñ‚È‚ÌƒSƒ‹ƒtƒ_ƒCƒWƒFƒXƒg,¬j‚³‚­‚ç‚©‚çãè‚­‚È‚è‚½‚¢ŠF‚³‚ñ‚ÖBu100Ø‚è‚àA80Ø‚è‚àA•K—v‚È‚Ì‚ÍŒ‹‹Ç—ûK‚Å‚·v,https://news.yahoo.co.jp/articles/2588d4a724c994060ae9669097f6ad75ccc11167,2023/10/20(‹à) 6:30
minnagolf,‚İ‚ñ‚È‚ÌƒSƒ‹ƒtƒ_ƒCƒWƒFƒXƒg,ƒCEƒ{ƒ~A¡T‚Ì“ú–{ƒ‰ƒXƒgƒ}ƒbƒ`‚ªI‚í‚Á‚½‚ç‰½‚ğ‚µ‚½‚¢?u‚Æ‚è‚ ‚¦‚¸¡‚Í‰½‚àŒv‰æ‚à‚¹‚¸A©—R‚É¶‚«‚Ä‚İ‚½‚¢‚Å‚·iÎjv,https://news.yahoo.co.jp/articles/c72d8709a9150bd01cfb9198e13050505e13948d,2023/10/19(–Ø) 19:01
minnagolf,‚İ‚ñ‚È‚ÌƒSƒ‹ƒtƒ_ƒCƒWƒFƒXƒg,ƒRƒŠƒ“Eƒ‚ƒŠƒJƒ‚ª6ƒAƒ“ƒ_[‚ÅñˆÊBƒ~ƒNƒ€EƒzƒŠƒJƒi–xì–¢—ˆ–²j‚ª“ú–{¨Å‚ˆÊ‚Ì2ˆÊƒ^ƒC‚Å”­iIyZOZOƒ`ƒƒƒ“ƒsƒIƒ“ƒVƒbƒv‰“úŒ»’nƒŒƒ|z,https://news.yahoo.co.jp/articles/655a52ceb2dd7f5ba7977ef1716ea2a5265c7568,2023/10/19(–Ø) 18:31
minnagolf,‚İ‚ñ‚È‚ÌƒSƒ‹ƒtƒ_ƒCƒWƒFƒXƒg,u‘Ö‚¦‚½‚¢‚¯‚Ç‚·‚®‚É‚Í‘Ö‚¦‚ç‚ê‚È‚¢cv ‰¢BƒcƒA[‚ÅŸ‚Á‚½”ò‚Î‚µ‰®‚Ì‹ví—Á‚ªƒG[ƒXƒhƒ‰ƒCƒo[‚ğè—£‚µ‚Ä‚àg‚¢‚½‚¢ƒhƒ‰ƒCƒo[‚Æ‚Í?,https://news.yahoo.co.jp/articles/69853c6a2973983ab78ff187cbf55a8d7ef4d1d8,2023/10/19(–Ø) 17:30
minnagolf,‚İ‚ñ‚È‚ÌƒSƒ‹ƒtƒ_ƒCƒWƒFƒXƒg,¡Tˆø‘Ş‚ÌƒCEƒ{ƒ~‚Í8‰­’´‚¦‚Å11ˆÊB‚Å‚Í1ˆÊ‚Ç‚ê‚¾‚¯‰Ò‚¢‚Å‚¢‚é? ‘“à—qƒcƒA[u¶ŠUŠl“¾Ü‹àvƒgƒbƒv10yƒSƒ‹ƒt‚È‚ñ‚Å‚àƒ‰ƒ“ƒLƒ“ƒOz,https://news.yahoo.co.jp/articles/79305359a26cd3df3bee24906bf8fbdcee047c51,2023/10/19(–Ø) 12:30
minnagolf,‚İ‚ñ‚È‚ÌƒSƒ‹ƒtƒ_ƒCƒWƒFƒXƒg,"""ƒSƒ‹ƒtƒ@[""JEƒ‰[ƒ€‚Í26”N‘O‚ÌƒXƒyƒCƒ“‚Å‚Ìƒ‰ƒCƒ_[ƒJƒbƒv‚©‚ç¶‚Ü‚ê‚½!? ²“¡Mlƒvƒ‚ª‰¢B‚Å‚Ì”M‹¶‚Ô‚è‚ğŒê‚é",https://news.yahoo.co.jp/articles/20ecd6f6394e0daee544b7c1e2c7d639661f5a40,2023/10/19(–Ø) 12:05
minnagolf,‚İ‚ñ‚È‚ÌƒSƒ‹ƒtƒ_ƒCƒWƒFƒXƒg,LIVƒSƒ‹ƒt‚Å‚ÍA‚â‚Á‚Ï‚è¢ŠEƒ‰ƒ“ƒLƒ“ƒO‚Ìƒ|ƒCƒ“ƒg‚ğŠl“¾‚Å‚«‚È‚¢!?@OWGR‰ï’·‚ÌŒ©‰ğ‚ÆLIV¨‚Ì”½‰‚Í,https://news.yahoo.co.jp/articles/41f7b7161bec8f0592a42c4e7959fa9bc8ac27a7,2023/10/19(–Ø) 11:30
minnagolf,‚İ‚ñ‚È‚ÌƒSƒ‹ƒtƒ_ƒCƒWƒFƒXƒg,ƒsƒ“‚Ü‚Å‚Ì‹——£‚Åƒoƒ“ƒJ[ƒVƒ‡ƒbƒg‚Ì\‚¦‚à•Ï‚í‚é!? ‹——£•Ê‚ÌƒAƒhƒŒƒX”÷’²®•û–@‚ğAƒvƒ‚ªƒCƒ‰ƒXƒg‚ğŒğ‚¦‚Ä‰ğà,https://news.yahoo.co.jp/articles/4dc68e79bf47143497ef9e0d86456a2daaf048f8,2023/10/19(–Ø) 7:30
minnagolf,‚İ‚ñ‚È‚ÌƒSƒ‹ƒtƒ_ƒCƒWƒFƒXƒg,“ú–{‚Æ‰¢•Ä‚ÌƒXƒEƒBƒ“ƒO‚É‘Î‚·‚él‚¦•û‚Ìˆá‚¢‚Æ‚ÍH ƒŒƒbƒXƒ“—pŒêuƒJƒ‰ƒ_‚ğ‰ñ‚µ‚Ä‘Å‚Âv‚ğl‚¦‚Ä‚İ‚½y‰ğàuƒUEƒSƒ‹ƒtƒBƒ“ƒOƒ}ƒV[ƒ“v”100z,https://news.yahoo.co.jp/articles/723bf313ad9ef72c4e4dc5befca66e3b0cba9b4d,2023/10/19(–Ø) 6:32
minnagolf,‚İ‚ñ‚È‚ÌƒSƒ‹ƒtƒ_ƒCƒWƒFƒXƒg,HS55m/s‚ÅƒLƒƒƒŠ[300Y‰z‚¦!@—ˆ‹GPGA¸Ši‚Ìƒ~ƒ“EƒE[EƒŠ[‚Ì—ûKƒ‰ƒEƒ“ƒh‚Éƒvƒ‚ª’–Ú‚µ‚Ä‚İ‚½yZOZOƒ`ƒƒƒ“ƒsƒIƒ“ƒVƒbƒv—ûK“úƒŒƒ|z,https://news.yahoo.co.jp/articles/6083e84bf8268e30d4ff59af657465baf905ea01,2023/10/18(…) 18:30
minnagolf,‚İ‚ñ‚È‚ÌƒSƒ‹ƒtƒ_ƒCƒWƒFƒXƒg,MEƒtƒBƒbƒcƒpƒgƒŠƒbƒN‚ª‰¢BƒcƒA[‚ÌƒvƒƒAƒ}Œ`®‘å‰ï‚ÅŒÂl&ƒ`[ƒ€íW—DŸ! u•ê‚ÆƒvƒŒ[‚·‚é–²‚ªŠ‚Á‚½v,https://news.yahoo.co.jp/articles/fa1b7483b1150c1267f0f815b9a713337305e271,2023/10/18(…) 18:04
minnagolf,‚İ‚ñ‚È‚ÌƒSƒ‹ƒtƒ_ƒCƒWƒFƒXƒg,yƒSƒ‹ƒtƒ‹[ƒ‹ƒNƒCƒYzub’è‹…‚Å‚¢‚¢‚âv‚Æv‚Á‚½‚çÅ‰‚Ì‹…‚ªŒ©‚Â‚©‚Á‚½B•úŠü‚µ‚Äb’è‹…‚ğƒvƒŒ[c‚Í”F‚ß‚ç‚ê‚é?,https://news.yahoo.co.jp/articles/3a9421927fc6860db09f288ea75361bccc5fc8c4,2023/10/18(…) 12:30
minnagolf,‚İ‚ñ‚È‚ÌƒSƒ‹ƒtƒ_ƒCƒWƒFƒXƒg,ƒCƒ^ƒŠƒAŠJÃ‚Ìƒ‰ƒCƒ_[ƒJƒbƒv‰ïê‚Å‘å‰Î–!  ”Mí‚©‚ç4“úŒãAgƒ[ƒ}‚Ì•½“ú h‚É‚È‚º?,https://news.yahoo.co.jp/articles/82f75c471aef94ca8a6d358666c0bbfc345e5b80,2023/10/18(…) 12:06
minnagolf,‚İ‚ñ‚È‚ÌƒSƒ‹ƒtƒ_ƒCƒWƒFƒXƒg,–¾“úŠJ–‹AZOZOƒ`ƒƒƒ“ƒsƒIƒ“ƒVƒbƒvBŠÏí‘O‚É‰ß‹3‘å‰ï‚ğU‚è•Ô‚ë‚¤!y21”N—DŸE¼R‰p÷‚ÌƒX[ƒp[ƒVƒ‡ƒbƒg˜A‘±Ê^z,https://news.yahoo.co.jp/articles/0049057e24e488e4e4e3c5df5556207da8054f7d,2023/10/18(…) 11:33
minnagolf,‚İ‚ñ‚È‚ÌƒSƒ‹ƒtƒ_ƒCƒWƒFƒXƒg,ƒrƒMƒi[‚ªŠo‚¦‚Ä‚¨‚«‚½‚¢A³‚µ‚¢•ûŒü‚ÉƒNƒ‰ƒu‚ğã‚°‚éƒRƒcBƒwƒbƒh‚ğˆÓ¯‚·‚é‚Ì‚ÍNGI ‚Å‚Í‚Ç‚±‚ª³‰ğH,https://news.yahoo.co.jp/articles/6f3bd75ac7d1fcb586312cb193416e56a6fbb4ce,2023/10/18(…) 7:30
minnagolf,‚İ‚ñ‚È‚ÌƒSƒ‹ƒtƒ_ƒCƒWƒFƒXƒg,ƒAƒCƒAƒ“‚Í‰½”Ô‚©‚ç“ü‚ê‚é‚Ì‚ª³‰ğ?@5”Ô‚ğ”²‚­‚Æ6”Ô‚ª‘Å‚Ä‚È‚­‚È‚é‚Á‚Äƒzƒ“ƒg!?yƒNƒ‰ƒu‘I‚Ñ‚ğƒN[ƒ‹‰ğà!z,https://news.yahoo.co.jp/articles/0055bb622fc1e3534a61ca85362e286ace0d6b52,2023/10/18(…) 6:32
minnagolf,‚İ‚ñ‚È‚ÌƒSƒ‹ƒtƒ_ƒCƒWƒFƒXƒg,ã’B‚µ‚½‚¢ƒSƒ‹ƒtƒ@[‚ÍA‚Ü‚¸‚Ç‚ñ‚È‡‚Éo‚Ä‚İ‚é‚×‚«!?@ã‹‰Ò‚½‚¿‚ªŒê‚ég‹£‹ZƒSƒ‹ƒth‘ÌŒ±’kyŒã•Òz,https://news.yahoo.co.jp/articles/9bbff9a6bbc65a8166af301baef771ad655eba88,2023/10/17(‰Î) 18:30
minnagolf,‚İ‚ñ‚È‚ÌƒSƒ‹ƒtƒ_ƒCƒWƒFƒXƒg,ƒVƒ‡[ƒgƒQ[ƒ€ãè‚Ì‹¤’Ê“_‚ÍƒRƒŒI g‘Ì‚ÆƒNƒ‰ƒuƒwƒbƒh‚ğg“¯’²h‚³‚¹‚Ä‚İ‚æ‚¤yQã!@ƒSƒ‹ƒtƒ@[‰‰‡‘àz,https://news.yahoo.co.jp/articles/2a23f5056e14e57091dea06e1e1dbec42e0609c1,2023/10/17(‰Î) 12:02
minnagolf,‚İ‚ñ‚È‚ÌƒSƒ‹ƒtƒ_ƒCƒWƒFƒXƒg,“ú–{ƒvƒƒSƒ‹ƒtƒVƒjƒA‘IèŒ ‚Åƒ^ƒClƒvƒƒSƒ‹ƒtƒ@[‚ª‘åŠˆ–ôB’Ë“cDé‚ªŒê‚éAƒ^ƒClƒvƒ‚ª‹­‚¢2‚Â‚Ì——R‚Æ‚ÍH,https://news.yahoo.co.jp/articles/d082a6bf8fd194c0fab26fccc71cb1ab9dcee433,2023/10/17(‰Î) 11:33
minnagolf,‚İ‚ñ‚È‚ÌƒSƒ‹ƒtƒ_ƒCƒWƒFƒXƒg,ƒSƒ‹ƒt‚Ì‡‚ÍƒsƒAƒm‚Ì”­•\‰ï‚İ‚½‚¢‚È‚à‚Ì!?@ã‹‰Ò‚½‚¿‚ªŒê‚ég‹£‹ZƒSƒ‹ƒth‚Ì–£—Í‚Æ‚Í?y‘O•Òz,https://news.yahoo.co.jp/articles/191c343b81e5ba34185b81111c560e7e674bcd4d,2023/10/17(‰Î) 7:30
minnagolf,‚İ‚ñ‚È‚ÌƒSƒ‹ƒtƒ_ƒCƒWƒFƒXƒg,’n–Ê‚ğ“¥‚İ‚Ş‰º”¼g‚Ìƒpƒ[‚Å”ò‹——£‚ÆÄŒ»«‚Ì‚‚³‚ğ¶‚Ş! “ú–{ƒI[ƒvƒ“VEŠâèˆŸ‹v—³‚ÌƒXƒEƒBƒ“ƒO‚ğƒvƒ‚ª‰ğàyŸÒ‚ÌƒXƒEƒBƒ“ƒOz,https://news.yahoo.co.jp/articles/f931b9eb1e52148483e5c2aab747bf774e1bbe8f,2023/10/17(‰Î) 6:30
minnagolf,‚İ‚ñ‚È‚ÌƒSƒ‹ƒtƒ_ƒCƒWƒFƒXƒg,ƒVƒ‡[ƒgƒpƒbƒg‚ª‹êè‚ÈƒSƒ‹ƒtƒ@[‚ª‚â‚é‚×‚«—ûK3‘II ‚·‚×‚ÄÀÛ‚É‚µ‚Ä‚İ‚½,https://news.yahoo.co.jp/articles/517a99e613cd5a45c7ca7825e53405065e116d06,2023/10/16(Œ) 18:31
minnagolf,‚İ‚ñ‚È‚ÌƒSƒ‹ƒtƒ_ƒCƒWƒFƒXƒg,“ú–{ƒI[ƒvƒ“V‚ÌŠâí•ˆŸ‹v—³Bƒ‰ƒEƒ“ƒhƒŒƒ|[ƒ^[‚Å—ğ‘ãƒ`ƒƒƒ“ƒv‚Ì“c’†G“¹‚ªŒê‚éAŒˆ’è‘Å‚Æ‚È‚Á‚½g—Ñ‚©‚ç‚ÌƒX[ƒp[ƒVƒ‡ƒbƒgh‚ª‘Å‚Ä‚½——R‚Æ‚ÍH,https://news.yahoo.co.jp/articles/ae82665c931553ce9bcdd1f06f3910f92d8c7acd,2023/10/16(Œ) 12:04
minnagolf,‚İ‚ñ‚È‚ÌƒSƒ‹ƒtƒ_ƒCƒWƒFƒXƒg,c‚è6‡‚Åg10‘ãÅ‘½Ÿ—˜h‚Ì‹L˜^XV‚È‚é‚©!? ŸNˆäS“ß‚ªƒcƒA[4Ÿ–Ú,https://news.yahoo.co.jp/articles/2de645c842e923e046f8c0267e41a2251d3602f1,2023/10/16(Œ) 11:31
minnagolf,‚İ‚ñ‚È‚ÌƒSƒ‹ƒtƒ_ƒCƒWƒFƒXƒg,ƒ^ƒCƒgƒŠƒXƒguT150vƒAƒCƒAƒ“BuT200v‚æ‚è‚àƒ~ƒXƒqƒbƒg‚Ö‚ÌŠ°—e«‚ª‚‚¢ƒwƒbƒh«”\‚Å’†ã‹‰Ò‚É‚¨‚·‚·‚ß!yƒwƒbƒhƒf[ƒ^‚Í‰R‚Â‚©‚È‚¢!z,https://news.yahoo.co.jp/articles/249ded18daa67f272439f09dd853a9825c138211,2023/10/16(Œ) 7:31
minnagolf,‚İ‚ñ‚È‚ÌƒSƒ‹ƒtƒ_ƒCƒWƒFƒXƒg,HS40m/s‚ÌƒAƒxƒŒ[ƒW‚ÍA7”ÔƒAƒCƒAƒ“‚Å‰½ƒ„[ƒh”ò‚×‚Î‚¢‚¢?@ƒNƒ‰ƒuƒtƒBƒbƒ^[‚É•·‚¢‚Ä‚İ‚½,https://news.yahoo.co.jp/articles/05d92ba4d34506b8e7b16089a0235743f260f58a,2023/10/16(Œ) 6:30
minnagolf,‚İ‚ñ‚È‚ÌƒSƒ‹ƒtƒ_ƒCƒWƒFƒXƒg,u“ª‚ğ“®‚©‚·‚Èvu˜‚ğ‰ñ‚¹v‚Íƒ~ƒX‚É‚àƒPƒK‚É‚à‚Â‚È‚ª‚é!?—Šw—Ã–@m‚ª‹³‚¦‚éƒSƒ‹ƒtƒ@[‚Ì‚½‚ß‚Ì³‚µ‚¢gƒŒƒbƒXƒ“—pŒêh,https://news.yahoo.co.jp/articles/13de41b0856225f4b8dfa98996c01b53bebc37c7,2023/10/15(“ú) 18:30
minnagolf,‚İ‚ñ‚È‚ÌƒSƒ‹ƒtƒ_ƒCƒWƒFƒXƒg,‰p‘‚ÌƒSƒ‹ƒtê‚ªŸX‚ÉÌ—p‚·‚é“d“®ÅŠ ‚è‹@BƒJ[ƒ{ƒ“ƒjƒ…[ƒgƒ‰ƒ‹‚ÉŒü‚¯“ú–{‚Å‚à•‹y‚ªi‚Ş‚©,https://news.yahoo.co.jp/articles/2381632448320e996d8ff17938ea49b6f87a5366,2023/10/15(“ú) 11:31
minnagolf,‚İ‚ñ‚È‚ÌƒSƒ‹ƒtƒ_ƒCƒWƒFƒXƒg,ˆÉ“¤”¼“‡“ì’[‚ÌˆÉ“¤‰º“cCC‚ª—ˆ”N12Œ––‚É‰c‹Æ‚ğI—¹B “üêÒ”Œ¸‚ÆƒCƒmƒVƒV‘Îô‚ªŒo‰c‚ğˆ³”—‚µ‚½!?,https://news.yahoo.co.jp/articles/6fb928f5095225ec4916860217ad870ce37e6af0,2023/10/15(“ú) 7:30
minnagolf,‚İ‚ñ‚È‚ÌƒSƒ‹ƒtƒ_ƒCƒWƒFƒXƒg,‰E‚©‚©‚Æ‚ª•‚‚©‚È‚¢g‰Ÿ‚µ‚ŞƒCƒ“ƒpƒNƒgh‚É‚È‚é!@‰º”¼g‚Ì—Í‚ªŒø—¦‚æ‚­g‚¦‚éu’†“a‹ØvƒgƒŒyŒK–Øu”¿‚Ì‰õiŒ‚‚ğƒTƒ|[ƒg‚·‚éƒgƒŒ[ƒi[‚ª‹³‚¦‚éŠÈ’PƒgƒŒ[ƒjƒ“ƒOz,https://news.yahoo.co.jp/articles/a48a6715e401ab842117cb899bec93a5381ca3cd,2023/10/15(“ú) 6:30
minnagolf,‚İ‚ñ‚È‚ÌƒSƒ‹ƒtƒ_ƒCƒWƒFƒXƒg,‰p‘ƒAƒ}ŠE‚Ì‹¯Aƒ}ƒCƒPƒ‹Eƒ{ƒiƒ‰ƒbƒN‹¨‚ª88Î‚ÅÀ‹,https://news.yahoo.co.jp/articles/04a140238ecd24f5ef93f40c1a1c7ad98133fdfb,2023/10/14(“y) 18:30
minnagolf,‚İ‚ñ‚È‚ÌƒSƒ‹ƒtƒ_ƒCƒWƒFƒXƒg,ƒSƒ‹ƒtê‚Ì–¼Ì‚Ég‚í‚ê‚Ä‚¢‚éuƒJƒ“ƒgƒŠ[ƒNƒ‰ƒuv–{—ˆ‚ÌˆÓ–¡‚Æ‚Í?y–¾“úg‚¦‚éƒSƒ‹ƒt—pŒêz,https://news.yahoo.co.jp/articles/ddc98ab77281aa7beb4b588fa12be3c5172f4e05,2023/10/14(“y) 12:31
minnagolf,‚İ‚ñ‚È‚ÌƒSƒ‹ƒtƒ_ƒCƒWƒFƒXƒg,REƒtƒ@ƒEƒ‰[‚àu©•ª‚É‡‚Á‚½ƒXƒEƒBƒ“ƒOv‚É•Ï‚¦‚Ä‘å•œŠˆB•s’²‚Æ•Ï‚í‚Á‚½‚Ì‚Í‚Ç‚Ì•”•ªHy–ÚàVGŒ›EƒXƒEƒBƒ“ƒO3.0@”4z,https://news.yahoo.co.jp/articles/3b0c83c8de57b87a478867b63be8d30e53072cc3,2023/10/14(“y) 11:31
minnagolf,‚İ‚ñ‚È‚ÌƒSƒ‹ƒtƒ_ƒCƒWƒFƒXƒg,"ƒSƒ‹ƒt‚Íƒƒ“ƒ^ƒ‹‚Å•Ï‚í‚éI@ƒŒƒbƒXƒ“‚ÅŒ©—‚Æ‚³‚ê‚Ä‚«‚½""S""‚Ì‘¶İ‚É’–Ú‚µ‚Ä‚İ‚æ‚¤ yŒ³ƒvƒ–ì‹…R”»‚Ìƒƒ“ƒ^ƒ‹ƒR[ƒ`‚ª‹³‚¦‚é""SƒgƒŒ""”1z",https://news.yahoo.co.jp/articles/936ed293f54837958488403659c5e0b1bd105481,2023/10/14(“y) 7:31
minnagolf,‚İ‚ñ‚È‚ÌƒSƒ‹ƒtƒ_ƒCƒWƒFƒXƒg,’†“ˆŒ[‘¾Eì‘×‰Ê‚Ì“¯¢‘ãƒ‰ƒCƒoƒ‹A—é–ØW—S‚ÌÅVƒZƒbƒeƒBƒ“ƒOBT100‚ÆT150‚ÌƒRƒ“ƒ{‚Å”ò‹——£‚ÌŠK’iƒoƒbƒ`ƒŠ!,https://news.yahoo.co.jp/articles/e91bb668b7c6e797292558f4c453479263a74494,2023/10/14(“y) 6:30
minnagolf,‚İ‚ñ‚È‚ÌƒSƒ‹ƒtƒ_ƒCƒWƒFƒXƒg,ƒSƒ‹ƒt‚àƒT[ƒtƒBƒ“‚àg‘Ì‚ÌƒRƒAh‚ª‚â‚Á‚Ï‚è‘åØ!?@“Œ‹ŒÜ—ÖƒT[ƒtƒBƒ“‹âƒƒ_ƒŠƒXƒgEŒÜ\—’ƒJƒmƒA‚ÌƒSƒ‹ƒtŠÏ‚Æ‚Í?,https://news.yahoo.co.jp/articles/f09beda797e9942342f7a351ccd58523b1ef2a92,2023/10/13(‹à) 18:30
minnagolf,‚İ‚ñ‚È‚ÌƒSƒ‹ƒtƒ_ƒCƒWƒFƒXƒg,6ƒAƒ“ƒ_[‚ÌˆîŒ©–G”J‚ªñˆÊƒ^ƒC”­i! ƒvƒƒeƒXƒg“ñŸ—\‘Iƒgƒbƒv’Ê‰ß‚ÌƒAƒ}E“s—æ‰Ø‚Ìƒ†ƒj[ƒN—ûK‚É‚à’–Ú‚µ‚½y•xm’ÊƒŒƒfƒB[ƒX‰“úƒŒƒ|z,https://news.yahoo.co.jp/articles/52e6f0a8c0348eb7b803749c2399f714b50ad6dc,2023/10/13(‹à) 18:02
minnagolf,‚İ‚ñ‚È‚ÌƒSƒ‹ƒtƒ_ƒCƒWƒFƒXƒg,ƒXƒRƒbƒeƒBƒLƒƒƒƒƒ“gƒT[ƒNƒ‹Th‚Å‚Í‚È‚­gƒT[ƒNƒ‹Lh‚ğ’m‚Á‚Ä‚¢‚Ü‚·‚©?yƒLƒƒƒƒƒ“ƒ}ƒjƒAéŒ¾z,https://news.yahoo.co.jp/articles/56478ec9aa3decf6fe1af542af2338db401d8dc5,2023/10/13(‹à) 17:30
minnagolf,‚İ‚ñ‚È‚ÌƒSƒ‹ƒtƒ_ƒCƒWƒFƒXƒg,‚½‚¾‚¢‚ÜPGAƒcƒA[Qí’†‚ÌƒŒƒNƒV[Eƒgƒ“ƒvƒ\ƒ“Buq‹Ÿ‚½‚¿‚É–²‚ğ’Ç‚¢‚©‚¯‚é‚±‚Æ‚Ì‘f°‚ç‚µ‚³‚ğ“`‚¦‚½‚¢Iv‚Æ—\‘I’Ê‰ß‚ğ–Úw‚·,https://news.yahoo.co.jp/articles/1fb643e6e1e01f91281ec422c02f031b9251c35b,2023/10/13(‹à) 13:00
minnagolf,‚İ‚ñ‚È‚ÌƒSƒ‹ƒtƒ_ƒCƒWƒFƒXƒg,ƒp[4Aƒp[5‚ÌƒeƒB[ƒVƒ‡ƒbƒgƒ}ƒlƒWƒƒ“ƒgBƒtƒFƒAƒEƒFƒCƒZƒ“ƒ^[‚ÌŠøuIPv‘_‚¢‚ªƒhˆÀ’è!?y‰SÒ‚ğ’E‚µ‚½ƒSƒ‹ƒtƒ@[‚ªw100x‚ğØ‚é‚½‚ß‚ÌƒŒƒbƒXƒ“z,https://news.yahoo.co.jp/articles/aee020c027919b1e788fae61df598ab593d37a72,2023/10/13(‹à) 7:31
minnagolf,‚İ‚ñ‚È‚ÌƒSƒ‹ƒtƒ_ƒCƒWƒFƒXƒg,REƒtƒ@ƒEƒ‰[‚ÌÈƒAƒŠƒ\ƒ“‚³‚ñ‚ÍŒÜ—ÖŒó•â‚É‹“‚ª‚Á‚½‚±‚Æ‚à‚ ‚éŒ³ƒAƒXƒŠ[ƒg!?@ƒtƒ@ƒEƒ‰[‚Ì©‘î‚É‚ ‚Á‚½‹Á‚«‚Ìİ”õ‚Æ‚Í?,https://news.yahoo.co.jp/articles/af9d46f1bdaee694d58adce4e07e4bbad0578c10,2023/10/13(‹à) 6:32
minnagolf,‚İ‚ñ‚È‚ÌƒSƒ‹ƒtƒ_ƒCƒWƒFƒXƒg,13‘ã–Ú‚ÌVƒ[ƒNƒVƒI‚©!?@ƒcƒA[‚Å‰‚¨–ÚŒ©‚¦BÂ–Ø£—ß“ŞA¬j‚³‚­‚ç‚Ì‘ÅƒeƒXƒg•—Œi‚ğƒ`ƒFƒbƒN‚µ‚½y•xm’ÊƒŒƒfƒB[ƒX—ûK“úƒŒƒ|z,https://news.yahoo.co.jp/articles/ae721aa3975831fc82b3267da24be5414ffbfb80,2023/10/12(–Ø) 18:31
minnagolf,‚İ‚ñ‚È‚ÌƒSƒ‹ƒtƒ_ƒCƒWƒFƒXƒg,“ú–{ƒI[ƒvƒ“‰“ú6ˆÊƒ^ƒC”­i‚Ì‹ví—ÁB21Î‚Å‰¢BƒcƒA[VA‘f‚Ì‚Ü‚Ü‚Åƒ[ƒ‹ƒhƒNƒ‰ƒX‚ÌƒSƒ‹ƒt‚É’–Ú‚µ‚½y²“¡MlƒAƒCƒYz,https://news.yahoo.co.jp/articles/efbfb91857e29ded4de536546b48d7d711584f68,2023/10/12(–Ø) 18:02
minnagolf,‚İ‚ñ‚È‚ÌƒSƒ‹ƒtƒ_ƒCƒWƒFƒXƒg,yƒSƒ‹ƒtƒ‹[ƒ‹ƒNƒCƒYzƒŠƒvƒŒ[ƒX‚·‚é‚Æ‚«Aƒpƒ^[‚ğg‚Á‚Ä‹…‚ğƒZƒbƒg‚µ‚½B‚Æ‚­‚Éƒyƒiƒ‹ƒeƒB[‚Í‚È‚¢‚æ‚Ë?,https://news.yahoo.co.jp/articles/c6f7886566d442584cc626cf06e4811ec60e5c87,2023/10/12(–Ø) 12:30
minnagolf,‚İ‚ñ‚È‚ÌƒSƒ‹ƒtƒ_ƒCƒWƒFƒXƒg,ƒ‰ƒCƒ_[ƒJƒbƒvAŠe‘Iè‚ÌŠˆ–ô“x‚ğ“Æ©Ì“_B“ÁA‚Í‚ ‚Ì‚¨•û‚ÅA{‚Í’N? —‘æ“_‚Í‚ ‚Ì‘Iè!,https://news.yahoo.co.jp/articles/d5a57722f3ba9d97b3beae67d5ee1fc95755495b,2023/10/12(–Ø) 12:07
minnagolf,‚İ‚ñ‚È‚ÌƒSƒ‹ƒtƒ_ƒCƒWƒFƒXƒg,ƒUƒ“ƒ_[EƒVƒƒƒEƒtƒFƒŒ‚Ì’†‚É‘N–¾‚Éc‚é“ú–{‚Ìv‚¢oB¡”N‚àZOZOƒ`ƒƒƒ“ƒsƒIƒ“ƒVƒbƒv‚ÉoêyPGAƒcƒA[ƒzƒbƒgƒ‰ƒCƒ“z,https://news.yahoo.co.jp/articles/2201ef8f3f206e953835f9d24b398fe892a6d9b8,2023/10/12(–Ø) 11:32
minnagolf,‚İ‚ñ‚È‚ÌƒSƒ‹ƒtƒ_ƒCƒWƒFƒXƒg,ƒoƒ“ƒJ[ƒVƒ‡ƒbƒg‚ª‹êè‚Èl‚ÍA‚Ü‚¸ƒAƒhƒŒƒX‚ğŒ©’¼‚µ‚Ä‚İ‚æ‚¤I ³‚µ‚¢\‚¦‚Ìì‚è•û‚ğAƒvƒ‚ªƒCƒ‰ƒXƒg‚ğŒğ‚¦‚Ä‰ğà,https://news.yahoo.co.jp/articles/387b8ae6e2d6af945cc5e70aeb47a3e5894ff0ba,2023/10/12(–Ø) 7:31
minnagolf,‚İ‚ñ‚È‚ÌƒSƒ‹ƒtƒ_ƒCƒWƒFƒXƒg,ƒAƒvƒ[ƒ`ã’B‚É‚Í‚È‚É‚ª‘åØ?@ƒEƒFƒbƒWƒQ[ƒ€‚Æƒtƒ‹ƒVƒ‡ƒbƒg‚Ìˆá‚¢‚©‚çl‚¦‚½y‰ğàuƒUEƒSƒ‹ƒtƒBƒ“ƒOƒ}ƒV[ƒ“v”99z,https://news.yahoo.co.jp/articles/454ace848bc2d8475fc55dcce440c26064b2e38b,2023/10/12(–Ø) 6:32
minnagolf,‚İ‚ñ‚È‚ÌƒSƒ‹ƒtƒ_ƒCƒWƒFƒXƒg,“¡“cŠ°”V‚à‚½‚¾‚¢‚Ü—ûK’†!@g¢ŠE‚ÌƒXƒ^ƒ“ƒ_[ƒhhAƒ{[ƒ‹‚ª~‚Ü‚éuƒNƒŠ[ƒ“ƒCƒ“ƒpƒNƒgv‚Ì‘Å‚¿•û‚Æ‚Í?,https://news.yahoo.co.jp/articles/286a59ad40dc0bfeb9c29b731c2b0250de085de4,2023/10/11(…) 19:00
minnagolf,‚İ‚ñ‚È‚ÌƒSƒ‹ƒtƒ_ƒCƒWƒFƒXƒg,“¯’nŠJÃ‚Ì27”N‘O‚æ‚è‚àƒ‰ƒt‚Í’Z‚¢B‚È‚Ì‚É“ïˆÕ“x‚ª‚‚¢——R‚Æ‚Í? ¡T‚Ì“ú–{ƒI[ƒvƒ“ƒSƒ‹ƒtAŒ»’nƒŒƒ|[ƒg,https://news.yahoo.co.jp/articles/7952e2a15d88d50a10ab6573ee785e60fb261693,2023/10/11(…) 18:50
minnagolf,‚İ‚ñ‚È‚ÌƒSƒ‹ƒtƒ_ƒCƒWƒFƒXƒg,‰¢B‚Å—DŸA“ú–{ƒI[ƒvƒ“Qí‚Ì‹ví—ÁBƒhƒ‰ƒCƒo[ƒXƒEƒBƒ“ƒO‚ğAI‚Å•ªÍ‚µ‚Ä‚í‚©‚Á‚½u3‚Â‚Ì“Á’¥v‚Æ‚ÍH,https://news.yahoo.co.jp/articles/5e16e492b42a948690dc3d9bc4d69f373717dabf,2023/10/11(…) 18:31
minnagolf,‚İ‚ñ‚È‚ÌƒSƒ‹ƒtƒ_ƒCƒWƒFƒXƒg,–§º‚Ì‚¨H–‰ï‚Éö“ü‚µ‚Ä‚İ‚½ –¾“úŠJ–‹A‘æ88‰ñ“ú–{ƒI[ƒvƒ“ƒSƒ‹ƒtB—ğ‘ãƒ`ƒƒƒ“ƒsƒIƒ“‚½‚¿‚É‚æ‚é”N‚Éˆê“x‚ÌƒfƒBƒi[,https://news.yahoo.co.jp/articles/74ef763c0b04948bcf6f84b648868e242ae6b3e4,2023/10/11(…) 13:01
minnagolf,‚İ‚ñ‚È‚ÌƒSƒ‹ƒtƒ_ƒCƒWƒFƒXƒg,6ˆÊ‚Ì‘åã‚Í6‰ñ‚Æ‚àˆï–ØCC‚Å‚ÌŠJÃ‚¾‚Á‚½!@“s“¹•{Œ§•Êu“ú–{ƒI[ƒvƒ“vŠJÃ‰ñ”yƒSƒ‹ƒt‚È‚ñ‚Å‚àƒ‰ƒ“ƒLƒ“ƒOz,https://news.yahoo.co.jp/articles/dae61fcc2e45f0809139dca156e3d56e6c5d2c56,2023/10/11(…) 12:30
minnagolf,‚İ‚ñ‚È‚ÌƒSƒ‹ƒtƒ_ƒCƒWƒFƒXƒg,–¾“úŠJ–‹A“ú–{ƒI[ƒvƒ“Bˆï–ØCC¼C‚Å‚Ì‰ß‹2‘å‰ï‚ğ‚¨‚³‚ç‚¢BŸ”s‚ÌƒJƒM‚ğˆ¬‚é‚Ì‚Í18”Ô¶ƒTƒCƒh‚Ì’r!?,https://news.yahoo.co.jp/articles/fc3f7f782f3f5bd4613dfe31f1a5d388dd36dd95,2023/10/11(…) 12:05
minnagolf,‚İ‚ñ‚È‚ÌƒSƒ‹ƒtƒ_ƒCƒWƒFƒXƒg,JEƒ‰[ƒ€‚ªƒXƒyƒCƒ“Lê‚Å‹N‚±‚µ‚½ŠïÕ‚Ìƒƒ“ƒV[ƒ“!? ƒ‰ƒCƒ_[ƒJƒbƒv‘O–éÕ‚ÅÈ‚Ì‘«Œ³‚É‚Ğ‚´‚Ü‚¸‚«cc,https://news.yahoo.co.jp/articles/bc7729666acec6948a83b0a1e4700fec7cde9193,2023/10/11(…) 11:31
minnagolf,‚İ‚ñ‚È‚ÌƒSƒ‹ƒtƒ_ƒCƒWƒFƒXƒg,d‚­‚Ä‘¬‚¢ƒOƒŠ[ƒ“‚Å‚àƒgƒbƒvƒvƒ‚½‚¿‚Ìƒ{[ƒ‹‚ª~‚Ü‚é——R‚Íuƒ{[ƒ‹‚¾‚¯‚ğƒNƒŠ[ƒ“‚É‘Å‚Âv‚©‚ç!? ‚Ç‚¤‘Å‚Â‚Ì‚©ÀÛ‚É‚µ‚Ä‚İ‚½,https://news.yahoo.co.jp/articles/58082674a7f899fd7a699e7f0c7c1771b795f8c9,2023/10/11(…) 7:31
minnagolf,‚İ‚ñ‚È‚ÌƒSƒ‹ƒtƒ_ƒCƒWƒFƒXƒg,HS40m/s‚ÌƒAƒxƒŒ[ƒWƒSƒ‹ƒtƒ@[‚Ì14–{ƒZƒbƒeƒBƒ“ƒO‚ğl@BƒEƒbƒh‚ğ“ü‚ê‚é‚È‚ç1A3A5WH ‚»‚ê‚Æ‚à 1A4 A7WHyƒNƒ‰ƒu‘I‚Ñ‚ğƒN[ƒ‹‰ğà!z,https://news.yahoo.co.jp/articles/c89b4f732fbd053bd644c3dbcb90bb15ea2b46eb,2023/10/11(…) 6:31
minnagolf,‚İ‚ñ‚È‚ÌƒSƒ‹ƒtƒ_ƒCƒWƒFƒXƒg,gƒŠƒnƒrƒŠŠwh‚ÍáŠQÒ‚¾‚¯‚Ì‚à‚Ì‚É‚ ‚ç‚¸B50‘ã‚Ì—q‘å¶‚ªŠw‚ÔƒSƒ‹ƒt‚ÆƒŠƒnƒrƒŠƒe[ƒVƒ‡ƒ“,https://news.yahoo.co.jp/articles/39b921d10595bc2f5a441d4f030b108f9698324e,2023/10/10(‰Î) 20:30
minnagolf,‚İ‚ñ‚È‚ÌƒSƒ‹ƒtƒ_ƒCƒWƒFƒXƒg,ƒAƒ_ƒ€EƒXƒRƒbƒg‚ª–¢—ˆ‚ÌƒgƒbƒvƒSƒ‹ƒtƒ@[‚Öw“±Bu–l‚ÌƒXƒEƒBƒ“ƒOƒŠƒYƒ€‚ÌƒCƒ[ƒW‚ÍƒCƒ“ƒr\Eƒp[ƒNh‚È‚ñ‚¾v,https://news.yahoo.co.jp/articles/3ab3119cac06787ac5f3d518e6370b133f95a7e0,2023/10/10(‰Î) 19:21
minnagolf,‚İ‚ñ‚È‚ÌƒSƒ‹ƒtƒ_ƒCƒWƒFƒXƒg,¡Œã‚ÌƒcƒA[Qí—\’è‚Í?  ƒeƒB[ƒ`ƒ“ƒOƒvƒ‚Æ‚È‚Á‚½O‰Y“‚ªuƒXƒ^ƒ“ƒŒ[ƒŒƒfƒBƒXƒzƒ“ƒ_voê‚ğU‚è•Ô‚é,https://news.yahoo.co.jp/articles/5627b3a52e946510244129415a549c43840dc5d6,2023/10/10(‰Î) 19:00
minnagolf,‚İ‚ñ‚È‚ÌƒSƒ‹ƒtƒ_ƒCƒWƒFƒXƒg,’jqƒSƒ‹ƒtŠE‚ÌgƒlƒNƒXƒgƒq[ƒ[h‚Í’N!?  ¡T‚Ì“ú–{ƒI[ƒvƒ“oêÒ‚âR‰º”ü–²—L•Šâˆäo–…‚Ì’í‚È‚Ç’–Ú‚Ì‘åŠw¶ƒAƒ}‚ğ‚²Ğ‰î,https://news.yahoo.co.jp/articles/24578dd4d8f8504df1d381e1e14209d955816416,2023/10/10(‰Î) 18:31
minnagolf,‚İ‚ñ‚È‚ÌƒSƒ‹ƒtƒ_ƒCƒWƒFƒXƒg,"""‚Ü‚½•·‚«‚Ì’m¯""‚Å‚µ‚á‚×‚Á‚Ä‚È‚¢!? ƒSƒ‹ƒtƒ@[‚ªƒ‹[ƒ‹‚Å†‚ß‚½‚Æ‚«‚ÌƒxƒXƒg‚È‘Îˆ–@‚Æ‚Í?yQã! ƒSƒ‹ƒtƒ@[‰‰‡‘àz",https://news.yahoo.co.jp/articles/614be649973f2caa9012bc4be29b257407f9bfa7,2023/10/10(‰Î) 12:00
minnagolf,‚İ‚ñ‚È‚ÌƒSƒ‹ƒtƒ_ƒCƒWƒFƒXƒg,•œ‹A‚Ö‚Ì‘OŒü‚«‚ÈƒƒbƒZ[ƒW‚©!? ƒ^ƒCƒK[EƒEƒbƒY‚ÌƒEƒFƒbƒWƒVƒ‡ƒbƒg“®‰æ‚ªSNS‚ÅŒöŠJ,https://news.yahoo.co.jp/articles/0f876c33616c9b7f2b4fccdaee99b4c54e57fb6f,2023/10/10(‰Î) 11:33
minnagolf,‚İ‚ñ‚È‚ÌƒSƒ‹ƒtƒ_ƒCƒWƒFƒXƒg,‰¢BƒcƒA[—DŸ‚Ì‹ví—Á‚ªu_—lv‚Æ•ç‚¤ì‘º¹OB‰¢BƒcƒA[‚Å‘ÌŒ±‚µ‚½ƒR[ƒX“àAƒR[ƒXŠO‚Å‚Ìƒ^ƒt‚Èo—ˆ–‚Æ‚ÍHyì‘º¹O~¼—²Œõ ’jqƒvƒ‘Î’k‡Dz,https://news.yahoo.co.jp/articles/283cd4cf4389c43a62d891bcc7c3874f3837b6b7,2023/10/10(‰Î) 7:30
minnagolf,‚İ‚ñ‚È‚ÌƒSƒ‹ƒtƒ_ƒCƒWƒFƒXƒg,ƒp[ƒIƒ“—¦79.6“!@X“c—y‚ÌƒAƒCƒAƒ“ƒVƒ‡ƒbƒgB‰º”¼g‚Æ‹¹‚Ìƒ^[ƒ“‚ª˜A“®‚·‚éˆÀ’èƒXƒEƒBƒ“ƒO‚ğƒvƒ‚ª‰ğàyŸÒ‚ÌƒXƒEƒBƒ“ƒOz,https://news.yahoo.co.jp/articles/d94f266d789027da608297d98d8652efd95f2dc7,2023/10/10(‰Î) 6:30
minnagolf,‚İ‚ñ‚È‚ÌƒSƒ‹ƒtƒ_ƒCƒWƒFƒXƒg,ƒgƒbƒv‚Å‚Í~‚Ü‚éH ~‚Ü‚ç‚È‚¢H ƒrƒMƒi[‚ª’m‚Á‚Ä‚¨‚«‚½‚¢ƒXƒEƒBƒ“ƒO’†‚ÌgŠÔh‚Ì˜b,https://news.yahoo.co.jp/articles/0c4ad89909f1ad97c4f53cff902894ccbeb3833b,2023/10/9(Œ) 18:30
minnagolf,‚İ‚ñ‚È‚ÌƒSƒ‹ƒtƒ_ƒCƒWƒFƒXƒg,uƒXƒ^ƒ“ƒŒ[ƒŒƒfƒBƒXƒzƒ“ƒ_v‚ÅX“c—y‚ª6”N‚Ô‚è‚Ì—DŸ!@2ˆÊ‚ÌˆÀ“c—S‚à—ˆ‹GƒV[ƒh‚ª“–Šm,https://news.yahoo.co.jp/articles/0e5d244f4881891275df3340517c0db76cc6a4b6,2023/10/9(Œ) 11:31
minnagolf,‚İ‚ñ‚È‚ÌƒSƒ‹ƒtƒ_ƒCƒWƒFƒXƒg,‘€ì«‚Ì‚‚¢ƒwƒbƒh‚É“î‚ç‚©‚­‚ÄS’n‚¢‚¢‘ÅŠ´BˆÀ’è‚µ‚½”ò‹——£‚ÅƒXƒRƒA‚ğ‚Ü‚Æ‚ß‚½‚¢l‚É‚¨‚·‚·‚ß! ƒ„ƒ}ƒnuRMX VD/RvƒAƒCƒAƒ“yƒwƒbƒhƒf[ƒ^‚Í‰R‚Â‚©‚È‚¢!z,https://news.yahoo.co.jp/articles/6c7d40ee35f18079cabd1d32295b631fa83b4f8f,2023/10/9(Œ) 7:30
minnagolf,‚İ‚ñ‚È‚ÌƒSƒ‹ƒtƒ_ƒCƒWƒFƒXƒg,ƒp[4‚Ì2‘Å–ÚA—qƒvƒ‚½‚¿‚à28“xUT‚Åƒxƒ^ƒsƒ“! ƒAƒxƒŒ[ƒW‚ªuƒnƒCƒƒtƒgUTv‚ğg‚¤‚Æ‚«‚É‹C‚ğ•t‚¯‚éƒ|ƒCƒ“ƒg‚Í?,https://news.yahoo.co.jp/articles/71f08dbae69a1111166546f28241087fb57274ea,2023/10/9(Œ) 6:30
minnagolf,‚İ‚ñ‚È‚ÌƒSƒ‹ƒtƒ_ƒCƒWƒFƒXƒg,"‘Ì‚Ìƒ^[ƒ“‚ğæs‚³‚¹‚ÄƒCƒ“ƒpƒNƒgB”ò‚Î‚µ‚Ìƒ|ƒWƒVƒ‡ƒ“‚ğ‘ÌŠ´‚Å‚«‚é""ƒgƒ~ƒSƒ‹""‚±‚Æ•x‰ª‘ñ–²ƒR[ƒ`‚ÌuƒoƒŒƒ‹ƒXƒEƒBƒ“ƒOv‚É’–Ú‚µ‚Ä‚İ‚½!",https://news.yahoo.co.jp/articles/e632168de21120579d24a0ac21a33c649dbed2fa,2023/10/8(“ú) 18:30
minnagolf,‚İ‚ñ‚È‚ÌƒSƒ‹ƒtƒ_ƒCƒWƒFƒXƒg,ŠØ‘ƒSƒ‹ƒt‚Í¡‚ªƒoƒuƒ‹!? ‰ïˆõŒ 1‰­‰~’´‚¦‚Ìg‰­ƒJƒ“h‚ª7ƒR[ƒX! ƒSƒ‹ƒtƒEƒFƒAsê‚à“ú–{‚Ì–ñ6”{!,https://news.yahoo.co.jp/articles/5b8dc92cf08b15733db3a866965783ea6485d9e2,2023/10/8(“ú) 11:31
minnagolf,‚İ‚ñ‚È‚ÌƒSƒ‹ƒtƒ_ƒCƒWƒFƒXƒg,—qƒcƒA[uƒXƒ^ƒ“ƒŒ[ƒŒƒfƒBƒXƒzƒ“ƒ_v‚ªŠJÃ’†! –¼Ÿ•‰E–¼ê–Ê‚ğ¶‚ñ‚Å‚«‚½“Œ–¼CC‚Í‚Ç‚ñ‚ÈƒR[ƒXH@2‚Â‚Ìƒ|ƒCƒ“ƒg‚ğ‰ğàB,https://news.yahoo.co.jp/articles/c72b38dbd3e72817df11ae676a1cd3bbf2d00c3b,2023/10/8(“ú) 8:30
minnagolf,‚İ‚ñ‚È‚ÌƒSƒ‹ƒtƒ_ƒCƒWƒFƒXƒg,ƒNƒ‰ƒu“D–_‚ğŒ»s”Æ‚Å‘ß•ß! ‘åã‚Ì‚«‚³‚¢‚¿CC]‹Æˆõ‚ª˜AŒgƒvƒŒ[‚Å‚¨è•¿,https://news.yahoo.co.jp/articles/443ba566c199984dfc48ebf260d18e3505ee7ff0,2023/10/8(“ú) 7:30
minnagolf,‚İ‚ñ‚È‚ÌƒSƒ‹ƒtƒ_ƒCƒWƒFƒXƒg,è‘Å‚¿‚ğ–h‚®‚É‚ÍƒAƒhƒŒƒX‚Ìp¨‚©‚ç! ‘ÌŠ²‚ğg‚¦‚é\‚¦‚ª‚Å‚«‚éu”w‹ØvƒgƒŒyŒK–Øu”¿‚Ì‰õiŒ‚‚ğƒTƒ|[ƒg‚·‚éƒgƒŒ[ƒi[‚ª‹³‚¦‚éŠÈ’PƒgƒŒ[ƒjƒ“ƒOz,https://news.yahoo.co.jp/articles/bedcab3e276282d876c76ecc8b7c8288852f28a9,2023/10/8(“ú) 6:30
minnagolf,‚İ‚ñ‚È‚ÌƒSƒ‹ƒtƒ_ƒCƒWƒFƒXƒg,•Ä‘—qƒoƒXƒP‚ÌŠw¶ƒXƒ^[‘Iè‚ÍƒSƒ‹ƒt‚àãè‚¢!? uƒSƒ‹ƒt‚©‚ç‚Í¸_—Í‚ªŠw‚×‚Ü‚·v,https://news.yahoo.co.jp/articles/a08f5299abccd706b4eb4ee0ad0314a29564fc53,2023/10/7(“y) 18:30
minnagolf,‚İ‚ñ‚È‚ÌƒSƒ‹ƒtƒ_ƒCƒWƒFƒXƒg,g—ß˜aÅ‹­h‚Ì‚¨‚¶‚³‚ñƒSƒ‹ƒtƒ@[‚©‚àB–L“‡–L‚³‚ñ‚ªŠÖ“Œƒ~ƒbƒhƒAƒ}‚Å3˜A”e‚ğ’B¬I,https://news.yahoo.co.jp/articles/694a3ff6b80722b4cecf41017d96ed556c8b1a85,2023/10/7(“y) 11:31
minnagolf,‚İ‚ñ‚È‚ÌƒSƒ‹ƒtƒ_ƒCƒWƒFƒXƒg,ƒVƒ‡ƒbƒg‚Æ’Z‚¢ƒAƒvƒ[ƒ`‚Å‚Í‘Ì‚ğ“®‚©‚·‡”Ô‚ªˆá‚¤!?@ƒ_ƒtƒŠ‚ª­‚È‚¢u‹tƒV[ƒNƒGƒ“ƒXv‚Ì“®‚«‚Æ‚Í?y“äƒLƒƒƒ‰ƒR[ƒ`w‚í‚«‚ã‚¤x‚Ì‹C‚É‚È‚é˜bò36z,https://news.yahoo.co.jp/articles/f47b9b2502cf3948f12c5e5f57f4fe405bec3c7b,2023/10/7(“y) 7:31
minnagolf,‚İ‚ñ‚È‚ÌƒSƒ‹ƒtƒ_ƒCƒWƒFƒXƒg,›ÀØX‚ÌÅVƒZƒbƒeƒBƒ“ƒOBg’¼ƒhƒ‰h–¼l‚ª‘I‚ñ‚¾‚Ì‚Í2‘ã–Úƒ[ƒNƒVƒIXƒhƒ‰ƒCƒo[I u’¼ƒhƒ‰‚ª‚ ‚é‚Ì‚Å3”ÔƒEƒbƒh‚Í“ü‚ê‚Ü‚¹‚ñv,https://news.yahoo.co.jp/articles/c30951099f65a2d5264470a33175d15a5fe57848,2023/10/7(“y) 6:31
minnagolf,‚İ‚ñ‚È‚ÌƒSƒ‹ƒtƒ_ƒCƒWƒFƒXƒg,ƒCEƒ{ƒ~gƒXƒ}ƒCƒ‹EƒLƒƒƒ“ƒfƒBh‚Ì—qƒcƒA[Eƒ‰ƒXƒg‹¶‘›‹È‚ªn‚Ü‚Á‚½,https://news.yahoo.co.jp/articles/e02a2a90ff6d85b54cef4f2f1012bd3753f66b24,2023/10/6(‹à) 19:22
minnagolf,‚İ‚ñ‚È‚ÌƒSƒ‹ƒtƒ_ƒCƒWƒFƒXƒg,18Î‚Ì‚Z¶ƒAƒ}A´…‘ ”V‰î‚ªƒvƒƒcƒA[‚Å—DŸ! ƒvƒ“]Œü‚Íu—¼e‚Æ‚Z‚Ìæ¶‚Æ˜b‚ğ‚µ‚Äv‚©‚ç,https://news.yahoo.co.jp/articles/0863e62c1da3806641f80582c45ad1683a0993db,2023/10/6(‹à) 18:51
minnagolf,‚İ‚ñ‚È‚ÌƒSƒ‹ƒtƒ_ƒCƒWƒFƒXƒg,D’²‚ª‘±‚­Â–Ø£—ß“ŞAƒpƒ^[‚ğ•Ï‚¦‚½‰iˆä‰Ô“Ş‚ç‚ª7ƒAƒ“ƒ_[ƒ^ƒC‚ÅñˆÊ”­i! ƒAƒCƒAƒ“‚Æƒpƒ^[‚ğƒ`ƒFƒ“ƒW‚µ‚½ˆîŒ©–G”J‚ç‚ª6ƒAƒ“ƒ_[4ˆÊƒ^ƒC‚Å‘±‚­yƒXƒ^ƒ“ƒŒ[ƒŒƒfƒBƒXƒzƒ“ƒ_‰“úƒŒƒ|z,https://news.yahoo.co.jp/articles/7a79fa7b4962a7bc5806f9792b3cd6774cb3d481,2023/10/6(‹à) 18:50
minnagolf,‚İ‚ñ‚È‚ÌƒSƒ‹ƒtƒ_ƒCƒWƒFƒXƒg,uÅ’á‚Å‚àT6000ƒhƒ‹i–ñ90–œ‰~j‚©‚©‚évBƒ‹[ƒL[ƒCƒ„[‚ÉƒV[ƒhŠm•Û‚Ìƒxƒ“EƒOƒŠƒtƒBƒ“APGAƒcƒA[“]í‚É‚©‚©‚éŒo”ï‚ğÔ—‡X”’I,https://news.yahoo.co.jp/articles/c21aaad4cd21b010306175b63b7eb8c901ed06d5,2023/10/6(‹à) 12:09
minnagolf,‚İ‚ñ‚È‚ÌƒSƒ‹ƒtƒ_ƒCƒWƒFƒXƒg,uƒNƒƒXƒnƒ“ƒhv‚ÆuƒNƒ[vƒOƒŠƒbƒv‚ª—qƒcƒA[‚Å‹}‘’†! ‚»‚ê‚¼‚ê‚ÌƒƒŠƒbƒg‚Æ‘Å‚¿•û‚ğƒvƒ‚ª‰ğà,https://news.yahoo.co.jp/articles/9a1fbea727b355a3eda5c3d8b155f924c638a245,2023/10/6(‹à) 11:31
minnagolf,‚İ‚ñ‚È‚ÌƒSƒ‹ƒtƒ_ƒCƒWƒFƒXƒg,100Ø‚è‚ğ–Úw‚·‚È‚çuí‚ÉƒOƒŠ[ƒ“ƒZƒ“ƒ^[‘_‚¢v‚ª“S‘¥I ‚¢‚Á‚½‚¢‚È‚ºHy‰SÒ‚ğ’E‚µ‚½ƒSƒ‹ƒtƒ@[‚ªw100x‚ğØ‚é‚½‚ß‚ÌƒŒƒbƒXƒ“z,https://news.yahoo.co.jp/articles/5a1bae35287b870a638f0730784bf5cc5afaacc5,2023/10/6(‹à) 7:31
minnagolf,‚İ‚ñ‚È‚ÌƒSƒ‹ƒtƒ_ƒCƒWƒFƒXƒg,ƒcƒA[ŠF‹ÎA¬j‚³‚­‚ç‚ÌƒŠƒ‰ƒbƒNƒX–@BƒcƒA[’‡ŠÔ‚Ì’|“c—í‰›‚Æ–ì‹…ŠÏíAŠâˆäo–…‚Æï–¡‚ÌƒEƒNƒŒƒŒ‚Åƒ†ƒjƒbƒgŒ‹¬!?,https://news.yahoo.co.jp/articles/fdb4d705332abe427df3fdcc0211d8f032813731,2023/10/6(‹à) 6:32
minnagolf,‚İ‚ñ‚È‚ÌƒSƒ‹ƒtƒ_ƒCƒWƒFƒXƒg,˜AŸ‚ªŒœ‚©‚éŒ´‰pä»‰ÔA‹A‘Qí‚Ìù¶—D‰ÔA4”NU‚èƒcƒA[oê‚ÌO‰Y“Aˆø‘Ş‚ª‹ß‚Ã‚­ƒCEƒ{ƒ~cc’–Ú‘Iè‚½‚¿‚Ìdã‚ª‚è‚ğƒ`ƒFƒbƒNIyƒXƒ^ƒ“ƒŒ[ƒŒƒfƒBƒXƒzƒ“ƒ_Œ»’nƒŒƒ|z,https://news.yahoo.co.jp/articles/1a53bbc04c72fb86727145648877f735b9db7fc6,2023/10/5(–Ø) 18:31
minnagolf,‚İ‚ñ‚È‚ÌƒSƒ‹ƒtƒ_ƒCƒWƒFƒXƒg,Å‚àŸ‚Á‚½‚Ì‚Íƒ}ƒXƒ^[ƒY‚à§‚µ‚½‚ ‚Ìƒ‚ƒfƒ‹!u22-23PGAƒcƒA[—DŸƒhƒ‰ƒCƒo[vƒgƒbƒv10yƒSƒ‹ƒt‚È‚ñ‚Å‚àƒ‰ƒ“ƒLƒ“ƒOz,https://news.yahoo.co.jp/articles/539b52af1d5aad57cc18a1942369da3d84c31f5a,2023/10/5(–Ø) 12:30
minnagolf,‚İ‚ñ‚È‚ÌƒSƒ‹ƒtƒ_ƒCƒWƒFƒXƒg,‘S•ÄƒI[ƒvƒ“‰¤Ò‚ğ“Ë”@P‚Á‚½•accƒQ[ƒŠ[EƒEƒbƒhƒ‰ƒ“ƒh‚ªu”]îá‡œ‹èpv‚ğó‚¯‚½‚Æ”­•\,https://news.yahoo.co.jp/articles/8ed3ddc3b64b979bee0ca65b8c083b74a06bd929,2023/10/5(–Ø) 11:33
minnagolf,‚İ‚ñ‚È‚ÌƒSƒ‹ƒtƒ_ƒCƒWƒFƒXƒg,"–¾“úŠJ–‹‚Ì—qƒcƒA[uƒXƒ^ƒ“ƒŒ[ƒŒƒfƒBƒXƒzƒ“ƒ_v‚Á‚Ä‚Ç‚ñ‚È‘å‰ïH@ƒzƒXƒgƒvƒ‚ª7l!?@ƒvƒ‚ªè‚±‚¸‚é""“Œ–¼‚‘¬""ƒOƒŠ[ƒ“‚Æ‚Í?",https://news.yahoo.co.jp/articles/4fcd0f2c24fd7122291c787f16e3d2e23381e8a9,2023/10/5(–Ø) 11:00
minnagolf,‚İ‚ñ‚È‚ÌƒSƒ‹ƒtƒ_ƒCƒWƒFƒXƒg,ƒoƒ“ƒJ[ƒVƒ‡ƒbƒg‚©‚çƒXƒ€[ƒY‚É’Eo‚·‚é‚½‚ß‚ÉI ƒoƒEƒ“ƒX‚ğŠˆ‚©‚¹‚éƒAƒhƒŒƒX‚Ìì‚è•û‚ğAƒvƒ‚ªƒCƒ‰ƒXƒg‚ğŒğ‚¦‚Ä‰ğàI,https://news.yahoo.co.jp/articles/f6a9b186f5bafd0c49da7c20ac1e0ea24bd8d809,2023/10/5(–Ø) 7:31
minnagolf,‚İ‚ñ‚È‚ÌƒSƒ‹ƒtƒ_ƒCƒWƒFƒXƒg,gœŠih‚Ì“®‚«‚ğl‚¦‚é‚ÆƒXƒEƒBƒ“ƒO‚ª‚æ‚­‚È‚é!?@ƒL[ƒ[ƒh‚Íu‰Â“®‚³‚¹‚éœŠiv‚ÆuˆÀ’è‚³‚¹‚éœŠiv!y‰ğàuƒUEƒSƒ‹ƒtƒBƒ“ƒOƒ}ƒV[ƒ“v”98z,https://news.yahoo.co.jp/articles/bf7ed8c967253a7ee46817ac716992ca43a2f530,2023/10/5(–Ø) 6:30
minnagolf,‚İ‚ñ‚È‚ÌƒSƒ‹ƒtƒ_ƒCƒWƒFƒXƒg,ÅVƒXƒpƒCƒNƒŒƒXŒy—Êƒ‚ƒfƒ‹‚ğƒvƒ‚ª—š‚«”ä‚×!@ƒtƒbƒgƒWƒ‡ƒCuƒX[ƒp[ƒ‰ƒCƒgXPvVSƒuƒŠƒaƒXƒgƒ“uƒ[ƒEƒXƒpƒCƒN@ƒoƒCƒ^[ƒ‰ƒCƒgv,https://news.yahoo.co.jp/articles/4f9524b418321b4e7a4f943c90b2dafeddd003ed,2023/10/4(…) 18:30
minnagolf,‚İ‚ñ‚È‚ÌƒSƒ‹ƒtƒ_ƒCƒWƒFƒXƒg,yƒSƒ‹ƒtƒ‹[ƒ‹ƒNƒCƒYz–Ø‚Ìã‚Ìƒ{[ƒ‹‚ğŒ•“¹‚Ìg–Êh‚Ì‚æ‚¤‚É‘Å‚Á‚½‚ç2”±‘Å‚Æw“Ec‚±‚ê‚Á‚Äƒ_ƒ‚È‚Ì?,https://news.yahoo.co.jp/articles/f14a0d2724cad08b0ef9e320bd7857febac243eb,2023/10/4(…) 12:36
minnagolf,‚İ‚ñ‚È‚ÌƒSƒ‹ƒtƒ_ƒCƒWƒFƒXƒg,—qƒSƒ‹ƒt‚Ì‰¢B•Ä‘‘ÎRíuƒ\ƒ‹ƒnƒCƒ€ƒJƒbƒvv‚Íjã‰‚Ìˆø‚«•ª‚¯‚ÅI—¹!@ƒJƒbƒv‚Í‹K’è‚Å‘O‰ñ”eÒ‚Ì‰¢Bƒ`[ƒ€‚ÌŒ³‚Ö,https://news.yahoo.co.jp/articles/754b8d93b45ed354224363db49b29ce7702d3f8b,2023/10/4(…) 12:04
minnagolf,‚İ‚ñ‚È‚ÌƒSƒ‹ƒtƒ_ƒCƒWƒFƒXƒg,•½‹Ï300Y’´‚¦‚Ì”ò‚Î‚µ‰®‚Åƒpƒbƒg‚àãèB—ˆ‹G‚ÌPGAƒcƒA[¸Ši‚ğŒˆ‚ß‚½ƒ`ƒƒƒ“EƒLƒ€‚ÌƒSƒ‹ƒt‚É’–Ú‚µ‚Ä‚İ‚½y²“¡MlƒAƒCƒYz,https://news.yahoo.co.jp/articles/4b5a8fa503416c225f93cd0796732b516008d86f,2023/10/4(…) 11:31
minnagolf,‚İ‚ñ‚È‚ÌƒSƒ‹ƒtƒ_ƒCƒWƒFƒXƒg,ƒrƒMƒi[‚Ù‚ÇŠÉ‚İ‚ª‚¿‚ÈuƒVƒ‡[ƒgƒAƒvƒ[ƒ`vBŠÉ‚Ü‚¸³‚µ‚­ƒCƒ“ƒpƒNƒg‚·‚é‚½‚ß‚Ìƒ|ƒCƒ“ƒg‚Æ—ûK–@‚ğ‰ğà,https://news.yahoo.co.jp/articles/dfdade8ee99683b89b6c12f8566d6660771dbf1a,2023/10/4(…) 7:31
minnagolf,‚İ‚ñ‚È‚ÌƒSƒ‹ƒtƒ_ƒCƒWƒFƒXƒg,ƒXƒeƒ“ƒŒƒX‚Ì‚Ù‚¤‚ª“î“S‚æ‚è‚â‚í‚ç‚©‚¢!?@‚³‚Ü‚´‚Ü‚ÈƒAƒCƒAƒ“‚Ì‘fŞA‚»‚Ì’·Š‚Æ’ZŠ‚ğl@!yƒNƒ‰ƒu‘I‚Ñ‚ğƒN[ƒ‹‰ğà!z,https://news.yahoo.co.jp/articles/e1d3da82e294f1f4b028cb74032ff73acb43e788,2023/10/4(…) 6:31
minnagolf,‚İ‚ñ‚È‚ÌƒSƒ‹ƒtƒ_ƒCƒWƒFƒXƒg,u‘«‚ÌŠ´Šov‚ª–ÚŠo‚ß‚é‚ÆƒSƒ‹ƒt‚ªãè‚­‚È‚é!?@ƒSƒ‹ƒtƒ@[‚É‚à–ğ—§‚ÂA•‘—x‰ÆE¼‰€”üœ\‚Ìg–‚—ƒgƒŒh‚Æ‚Í?,https://news.yahoo.co.jp/articles/2ac33df593a37dd880d460a9997abf40f49c4179,2023/10/3(‰Î) 18:31
minnagolf,‚İ‚ñ‚È‚ÌƒSƒ‹ƒtƒ_ƒCƒWƒFƒXƒg,u‚¹‚ß‚Ä“d˜b‚­‚ç‚¢‚©‚¯‚Ä‚­‚ê‚ê‚Î‚¢‚¢‚Ì‚ÉvB‚½‚¾‚¢‚ÜâD’²‚ÌBEƒfƒVƒƒƒ“ƒ{[‚ªA‰¢Bƒ`[ƒ€Ÿ—˜‚Å–‹‚ğ•Â‚¶‚½ƒ‰ƒCƒ_[ƒJƒbƒv‚Ö¦‚İß!?,https://news.yahoo.co.jp/articles/8c4a0816ce97924668ad62e3cc2532603711baee,2023/10/3(‰Î) 12:06
minnagolf,‚İ‚ñ‚È‚ÌƒSƒ‹ƒtƒ_ƒCƒWƒFƒXƒg,‚È‚º‚©ƒ{[ƒ‹‚ª‚¤‚Ü‚­“–‚½‚ç‚È‚­‚È‚Á‚½cB‚»‚ñ‚È‚Æ‚«‚É‚Íu“®“IƒhƒŠƒ‹v‚ğ‚µ‚Ä‚İ‚æ‚¤!yQã!@ƒSƒ‹ƒtƒ@[‰‰‡‘àz,https://news.yahoo.co.jp/articles/a188942950ab0d6b705a4b06c4a726184d9f2c6e,2023/10/3(‰Î) 11:30
minnagolf,‚İ‚ñ‚È‚ÌƒSƒ‹ƒtƒ_ƒCƒWƒFƒXƒg,¼“ú‚ª‚Ü‚Ô‚µ‚­‚È‚é‚±‚ê‚©‚ç‚Ì‹Gß‚±‚»•Kù•i!?@ƒSƒ‹ƒtƒ@[‚ÌƒTƒ“ƒOƒ‰ƒXAƒƒŠƒbƒg‚ÆƒfƒƒŠƒbƒg‚ğl‚¦‚½!,https://news.yahoo.co.jp/articles/6ab40dfd3ce73f5157e71b350eb3a8945bddd864,2023/10/3(‰Î) 7:30
minnagolf,‚İ‚ñ‚È‚ÌƒSƒ‹ƒtƒ_ƒCƒWƒFƒXƒg,"Œ´‰pä»‰Ô‚ÌŒø—¦‚æ‚­‰Á‘¬‚³‚¹‚é""ƒXƒ€[ƒYƒXƒEƒBƒ“ƒO""‚ğƒvƒ‚ª‰ğàB17“ú‚©‚ç‚Ì•ÄƒcƒA[QT‚Ö‚à‹ŠE—ÇD!yŸÒ‚ÌƒXƒEƒBƒ“ƒOz",https://news.yahoo.co.jp/articles/5d0dcc56a46a482b4a29dbd16b9367c8a2e86a2b,2023/10/3(‰Î) 6:30
minnagolf,‚İ‚ñ‚È‚ÌƒSƒ‹ƒtƒ_ƒCƒWƒFƒXƒg,—qƒvƒ‚½‚¿‚ª‚â‚Á‚Ä‚¢‚éI ƒeƒB[‚ğg‚Á‚½ƒpƒbƒg‚Ì—ûK–@‚ğÀÛ‚É‚µ‚Ä‚İ‚½,https://news.yahoo.co.jp/articles/3bebc5090002dbb44775f2193741944931421653,2023/10/2(Œ) 18:30
minnagolf,‚İ‚ñ‚È‚ÌƒSƒ‹ƒtƒ_ƒCƒWƒFƒXƒg,ƒXƒRƒAƒƒCƒN‚ÌŠî–{uƒ‰ƒ“ƒjƒ“ƒOƒAƒvƒ[ƒ`v‚Í‰pŒê‚Å‚Í’Ê‚¶‚È‚¢?@³‚µ‚¢Œ¾‚¢•û‚Í?yƒSƒ‹ƒtg˜a»‰pŒêh«“Tz,https://news.yahoo.co.jp/articles/8923346e7a1acf207c2572d9a6c65d94b10ed606,2023/10/2(Œ) 12:30
minnagolf,‚İ‚ñ‚È‚ÌƒSƒ‹ƒtƒ_ƒCƒWƒFƒXƒg,ƒ‰ƒCƒ_[ƒJƒbƒv‚Í‰¢Bƒ`[ƒ€‚Ì—ğj“IŸ—˜I ‚»‚Ì— ‚ÅƒLƒƒƒvƒeƒ“Aƒ‹[ƒNEƒhƒiƒ‹ƒh‚ªÀ‘H‚µ‚½u‘Iè‚ÌS‚ğ¶ˆ¬‚·‚é•û–@v‚Æ‚ÍH,https://news.yahoo.co.jp/articles/6533cfeb40f160a3323532bfbac51d2d07a48b0d,2023/10/2(Œ) 12:08
minnagolf,‚İ‚ñ‚È‚ÌƒSƒ‹ƒtƒ_ƒCƒWƒFƒXƒg,"Œ´‰pä»‰Ô‚ª“ú–{—qƒI[ƒvƒ“—DŸBˆÙŸŒ³‚Ì‹­‚³‚ğŒ©‚¹‚½uƒjƒ…[‰pä»‰Ôv‚ª""ƒGƒŠƒJ‘ÎŒˆ""‚ğ§‚µ‚½",https://news.yahoo.co.jp/articles/275a66b66660dc0fcafdf07f8b9765344db8a7fb,2023/10/2(Œ) 11:31
minnagolf,‚İ‚ñ‚È‚ÌƒSƒ‹ƒtƒ_ƒCƒWƒFƒXƒg,HS‚ğã‚°‚Ä”ò‹——£‚ğL‚Î‚µA‚Â‚©‚Ü‚Á‚½ƒtƒF[ƒhŒn’e“¹‚ÅU‚ß‚½‚¢ƒSƒ‹ƒtƒ@[‚É‚¨‚·‚·‚ß!@ƒOƒ[ƒuƒ‰ƒCƒhuƒIƒmƒt@ƒhƒ‰ƒCƒo[@ƒNƒvyƒwƒbƒhƒf[ƒ^‚Í‰R‚Â‚©‚È‚¢!z,https://news.yahoo.co.jp/articles/98eea943088c73def5dbcf9fa62be2af815bcd6e,2023/10/2(Œ) 7:31
minnagolf,‚İ‚ñ‚È‚ÌƒSƒ‹ƒtƒ_ƒCƒWƒFƒXƒg,‚±‚ÌHAVŒ^ƒAƒCƒAƒ“‚ª–Lì! ©•ª‚É‡‚Á‚½ƒAƒCƒAƒ“‚ğ‘I‚ÔŠî€‚ÍA‚æ‚è³Šm‚ÉuƒAƒvƒ[ƒ`ƒVƒ‡ƒbƒgv‚ª‘Å‚Ä‚éƒ‚ƒfƒ‹!?,https://news.yahoo.co.jp/articles/32a82872e49f58b7e854d54436906297aa5c9f53,2023/10/2(Œ) 6:31
minnagolf,‚İ‚ñ‚È‚ÌƒSƒ‹ƒtƒ_ƒCƒWƒFƒXƒg, ‰êŒ§‚Ìƒ[ƒYGC‚ÅgƒSƒ‹ƒt&ƒ~ƒ…[ƒWƒbƒNhƒ‰ƒCƒuƒCƒxƒ“ƒgŠJÃBFM COCOLO‚ÆƒRƒ‰ƒ{AƒXƒe[ƒW‚É‚ÍMs.OOJA,https://news.yahoo.co.jp/articles/a67a2ef14de10e5854fd70f2d776bca3e50176cb,2023/10/1(“ú) 18:30
minnagolf,‚İ‚ñ‚È‚ÌƒSƒ‹ƒtƒ_ƒCƒWƒFƒXƒg,y–¼è‚Ì–¼Œ¾zƒiƒ“ƒV[EƒƒyƒXu‚Ü‚®‚ê“–‚½‚è‚Í–Y‚ê‚é‚±‚ÆB‚»‚¤‚Å‚È‚¢‚ÆA‰^‚Ü‚©‚¹‚Ì‹C•ª‰®ƒSƒ‹ƒtƒ@[‚É‚µ‚©‚È‚ê‚È‚¢v,https://news.yahoo.co.jp/articles/449a0e21e6c4214d816d1a45cfdd5b3c255b6955,2023/10/1(“ú) 12:30
minnagolf,‚İ‚ñ‚È‚ÌƒSƒ‹ƒtƒ_ƒCƒWƒFƒXƒg,‘S•Äƒvƒ‚Åˆê–ôƒq[ƒ[‚É‚È‚Á‚½ƒNƒ‰ƒuƒvƒAMEƒuƒƒbƒNB¶ŠU9‰ñ–Ú‚ÌƒAƒ‹ƒoƒgƒƒX’B¬‚àSNS‚Ì”½‰‚Ícc,https://news.yahoo.co.jp/articles/5a7fff9762cd709fe9d610ac40077f82dcf15ef8,2023/10/1(“ú) 11:30
minnagolf,‚İ‚ñ‚È‚ÌƒSƒ‹ƒtƒ_ƒCƒWƒFƒXƒg,u©•ª‚É‡‚Á‚½ƒXƒEƒBƒ“ƒOv‚ğŒ©‚Â‚¯‚é‘æˆê•àI —‘z‚ÌƒCƒ“ƒpƒNƒgƒ|ƒWƒVƒ‡ƒ“‚Ì’T‚µ•ûy–ÚàVGŒ›EƒXƒEƒBƒ“ƒO3.0@”3z,https://news.yahoo.co.jp/articles/515a3df8cc197f9051108446d8f66baac8ba7860,2023/10/1(“ú) 7:30
minnagolf,‚İ‚ñ‚È‚ÌƒSƒ‹ƒtƒ_ƒCƒWƒFƒXƒg,‚µ‚Á‚©‚èŒÒŠÖß‚Éæ‚Á‚Ä‘Ì‚ğƒ^[ƒ“! ÄŒ»«‚Ì‚‚¢ˆÀ’èƒXƒEƒBƒ“ƒO‚É‚È‚éuã‘Ì‚Ë‚¶‚èvƒgƒŒyŒK–Øu”¿‚Ì‰õiŒ‚‚ğƒTƒ|[ƒg‚·‚éƒgƒŒ[ƒi[‚ª‹³‚¦‚éŠÈ’PƒgƒŒ[ƒjƒ“ƒOz,https://news.yahoo.co.jp/articles/6c702424f65820a986e23c69ca56f94347704b51,2023/10/1(“ú) 6:30
minnagolf,‚İ‚ñ‚È‚ÌƒSƒ‹ƒtƒ_ƒCƒWƒFƒXƒg,‚à‚¤‚â‚è‚Ü‚¹‚ñ! ƒtƒBƒ‹Eƒ~ƒPƒ‹ƒ\ƒ“‚ªSNS‚Å©g‚ÌƒMƒƒƒ“ƒuƒ‹l¶‚ğ–ÒÈ,https://news.yahoo.co.jp/articles/7d5d94521101a411bee8612da456937e7dfa5852,2023/9/30(“y) 18:30
minnagolf,‚İ‚ñ‚È‚ÌƒSƒ‹ƒtƒ_ƒCƒWƒFƒXƒg,Œ_–ñƒtƒŠ[‚É‚µ‚ÄƒCƒ`‚©‚çƒŠƒZƒbƒg!@•ƒ‚Æ’z‚«ã‚°‚½•g“c‚İ‚È”ü‚Ì14–{ƒZƒbƒeƒBƒ“ƒO,https://news.yahoo.co.jp/articles/4e42d9926e1147d2c50150fdb9fdf42b5c1b5502,2023/9/30(“y) 12:30
minnagolf,‚İ‚ñ‚È‚ÌƒSƒ‹ƒtƒ_ƒCƒWƒFƒXƒg,ƒSƒ‹ƒtƒ@[‚È‚ç’m‚Á‚Ä‚¨‚«‚½‚¢uƒnƒ“ƒh•ƒlƒCƒ‹vƒPƒAuÀB‚±‚Ì‰Ä‚Ì‡ŠOü‚É‚æ‚éƒ_ƒ[ƒW‚É—v’ˆÓ!,https://news.yahoo.co.jp/articles/2d7afc8b242139bd7d3235708bd13bc0f3c75fb2,2023/9/30(“y) 11:30
minnagolf,‚İ‚ñ‚È‚ÌƒSƒ‹ƒtƒ_ƒCƒWƒFƒXƒg,‘«‚ğ“¥‚İ‚Ş•ûŒüAˆÓ¯‚µ‚Ä‚éH ©‘R‚È‰º”¼gƒŠ[ƒh‚Æ‰ñù‰^“®‚ğì‚éƒRƒcy“äƒLƒƒƒ‰ƒR[ƒ`w‚í‚«‚ã‚¤x‚Ì‹C‚É‚È‚é˜bò35z,https://news.yahoo.co.jp/articles/b8ef08530cc86bf6181ee5858c681f1ba50171bd,2023/9/30(“y) 7:31
minnagolf,‚İ‚ñ‚È‚ÌƒSƒ‹ƒtƒ_ƒCƒWƒFƒXƒg,gƒƒtƒg‘å‚«‚­AƒVƒƒƒtƒg’·‚­h‚ÅƒXƒsƒ“—ÊŠm•ÛBƒAƒ}‚ÌQl‚É‚È‚éˆ¢‹v’Ã–¢—ˆ–ç‚ÌÅVƒZƒbƒeƒBƒ“ƒO,https://news.yahoo.co.jp/articles/3c41a6202ecdd9b455844eddb53723b94bc076a4,2023/9/30(“y) 6:30
minnagolf,‚İ‚ñ‚È‚ÌƒSƒ‹ƒtƒ_ƒCƒWƒFƒXƒg,ƒAƒ}ƒ`ƒ…ƒA‚É‚Æ‚Á‚ÄÅ“ïŠÖƒVƒ‡ƒbƒg‚Ì‚Ğ‚Æ‚Â!? ƒtƒFƒAƒEƒFƒCƒoƒ“ƒJ[‚©‚çƒ~ƒX‚µ‚È‚¢‚½‚ß‚Ìl‚¦•ûA‘Å‚¿•û‚Æ‚Í?,https://news.yahoo.co.jp/articles/db95a634be59b14b72b2ab85b56e35159291a3e7,2023/9/29(‹à) 18:30
minnagolf,‚İ‚ñ‚È‚ÌƒSƒ‹ƒtƒ_ƒCƒWƒFƒXƒg,‚¢‚æ‚¢‚æŠJ–‹‚Ìƒ‰ƒCƒ_[ƒJƒbƒvB‰“úŒß‘O‚ÌŒ©‚Ç‚±‚ë‚Íg–³“GƒRƒ“ƒrhƒVƒƒƒEƒtƒFƒŒ•ƒJƒ“ƒgƒŒ[vsƒ}ƒLƒƒC•ƒtƒŠ[ƒgƒEƒbƒhƒyƒA,https://news.yahoo.co.jp/articles/81c7925cce10c0d3d64d9aac37857dc8eaa6ec61,2023/9/29(‹à) 12:03
minnagolf,‚İ‚ñ‚È‚ÌƒSƒ‹ƒtƒ_ƒCƒWƒFƒXƒg,1ƒ‰ƒEƒ“ƒh–ñ18–œ5000‰~!? ¢ŠE‚ÅÅ‚àƒvƒŒ[‘ã‚Ì‚‚¢ƒSƒ‹ƒtƒR[ƒX‚Í‚Ç‚±H 2”Ô–Ú‚É‚‚¢‚Ì‚Í—L–¼‚È‚ ‚ÌƒpƒuƒŠƒbƒN!?,https://news.yahoo.co.jp/articles/83a8d55172440b61e3c2a78f889baeab6ca174f0,2023/9/29(‹à) 11:31
minnagolf,‚İ‚ñ‚È‚ÌƒSƒ‹ƒtƒ_ƒCƒWƒFƒXƒg,ƒ‰ƒEƒ“ƒh‘O‚Éâ‘Î‚â‚è‚½‚¢I uƒOƒŠ[ƒ“v‚Æuƒoƒ“ƒJ[v—ûK‚Ì‚â‚è•û‚Ü‚Æ‚ßy‰SÒ‚ğ’E‚µ‚½ƒSƒ‹ƒtƒ@[‚ªw100x‚ğØ‚é‚½‚ß‚ÌƒŒƒbƒXƒ“z,https://news.yahoo.co.jp/articles/36a3ecdb3d5d20c47c7285c33f7f2cc66987c45a,2023/9/29(‹à) 7:31
minnagolf,‚İ‚ñ‚È‚ÌƒSƒ‹ƒtƒ_ƒCƒWƒFƒXƒg,ƒXƒRƒbƒeƒBƒLƒƒƒƒƒ“‚ÌƒŒƒAƒpƒ^[gƒT[ƒNƒ‹ThƒVƒŠ[ƒY‚Ìn‚Ü‚è‚Æ‚Í?yƒLƒƒƒƒƒ“ƒ}ƒjƒAéŒ¾z,https://news.yahoo.co.jp/articles/3e83e2bf9230a1c17a90c268af1c6c454521e644,2023/9/29(‹à) 6:30
minnagolf,‚İ‚ñ‚È‚ÌƒSƒ‹ƒtƒ_ƒCƒWƒFƒXƒg,"ƒAƒxƒŒ[ƒW‚Ìƒhƒ‰ƒCƒo[ã’B‚É‚Í""—ûK‚Ì‚â‚è•û""‚ª‘åØ!?@ƒhƒ‰ƒCƒo[‚ªãè‚­‘Å‚Ä‚È‚¢4‚Â‚ÌŒ´ˆö‚Æ‚»‚Ì‘Îˆ–@‚Æ‚Í?",https://news.yahoo.co.jp/articles/ee38a0dd48ca2ab1fc67ce11bfa16785d9aa219e,2023/9/28(–Ø) 18:30
minnagolf,‚İ‚ñ‚È‚ÌƒSƒ‹ƒtƒ_ƒCƒWƒFƒXƒg,14Î‚Å‚Ì—\‘I’Ê‰ß‚ª3l‚à!u“ú–{—qƒI[ƒvƒ“”N­—\‘I’Ê‰ß‹L˜^vƒgƒbƒv10yƒSƒ‹ƒt‚È‚ñ‚Å‚àƒ‰ƒ“ƒLƒ“ƒOz,https://news.yahoo.co.jp/articles/4af44bab5c9fa1746decca9af9a353ef13c06c1a,2023/9/28(–Ø) 12:30
minnagolf,‚İ‚ñ‚È‚ÌƒSƒ‹ƒtƒ_ƒCƒWƒFƒXƒg,ƒSƒ‹ƒtƒ@[‚É‚Æ‚Á‚Ä‘åØ‚È‰^“®Š´Šouƒoƒ‰ƒ“ƒX—ÍvBg–Ú‚ğ‚Â‚Ô‚éhƒgƒŒ[ƒjƒ“ƒO‚Åuƒoƒ‰ƒ“ƒX—Ív‚ğƒAƒbƒv‚µ‚æ‚¤!,https://news.yahoo.co.jp/articles/cea399ab21d3af369ed970ae2cc9aee37f4686b5,2023/9/28(–Ø) 12:06
minnagolf,‚İ‚ñ‚È‚ÌƒSƒ‹ƒtƒ_ƒCƒWƒFƒXƒg,‚¢‚æ‚¢‚æŠJ–‹Aƒ‰ƒCƒ_[ƒJƒbƒvBƒ`[ƒ€“ü‚è‚Å‚«‚È‚©‚Á‚½DEƒWƒ‡ƒ“ƒ\ƒ“‚ªØ‚È‚év‚¢‚ğŒê‚é!?,https://news.yahoo.co.jp/articles/43b2c556ef76c16fa92ad022388738532d8be022,2023/9/28(–Ø) 11:52
minnagolf,‚İ‚ñ‚È‚ÌƒSƒ‹ƒtƒ_ƒCƒWƒFƒXƒg,‰E‚É‹È‚ª‚éuƒXƒ‰ƒCƒXv‚ª‹N‚«‚Ä‚µ‚Ü‚¤Œ´ˆö‚Æ‰ğŒˆ–@‚ÍH ƒvƒ‚ªƒCƒ‰ƒXƒg‚ğŒğ‚¦‚Ä‰ğàI,https://news.yahoo.co.jp/articles/280d4b2f97786a19ea91a89a3158a8031d99d418,2023/9/28(–Ø) 7:31
minnagolf,‚İ‚ñ‚È‚ÌƒSƒ‹ƒtƒ_ƒCƒWƒFƒXƒg,"14–{‚ÌuU‚èS’nv‚ğ‘µ‚¦‚é‚É‚Í‚Ç‚¤‚·‚ê‚Î‚¢‚¢? ƒNƒ‰ƒuƒZƒbƒeƒBƒ“ƒO‚ğ""‰ÈŠw""‚·‚éy‰ğàuƒUEƒSƒ‹ƒtƒBƒ“ƒOƒ}ƒV[ƒ“v”97z",https://news.yahoo.co.jp/articles/54ea69b5e176d42e9a2f0d77dcfd5b233161a476,2023/9/28(–Ø) 6:30
minnagolf,‚İ‚ñ‚È‚ÌƒSƒ‹ƒtƒ_ƒCƒWƒFƒXƒg,ŠJ–‹‘O‚É“ú–{—qƒI[ƒvƒ“‚Ì—ğj‚ğU‚è•Ô‚ë‚¤! ‰ß‹‚Ì–¼Ÿ•‰‚©‚ç11ê–Ê‚ğƒvƒŒ[ƒoƒbƒN,https://news.yahoo.co.jp/articles/95fd3c2ab938d524984f0ef5bb49e8ebc80b0c9b,2023/9/27(…) 18:30
minnagolf,‚İ‚ñ‚È‚ÌƒSƒ‹ƒtƒ_ƒCƒWƒFƒXƒg,yƒSƒ‹ƒtƒ‹[ƒ‹ƒNƒCƒYz‚Ü‚³‚©‚ÌƒZƒJƒ“ƒhOBc‚Æv‚Á‚½‚ç‘Å‚Á‚½‚Ì‚ÍgŒë‹…h‚¾‚Á‚½! Œ©‚Â‚©‚Á‚½–{‹…‚Í‰½‘Å–Ú‚É‚È‚é‚Ì?,https://news.yahoo.co.jp/articles/2c459702d3bbd94344f97be67ae9349933810eb7,2023/9/27(…) 12:30
minnagolf,‚İ‚ñ‚È‚ÌƒSƒ‹ƒtƒ_ƒCƒWƒFƒXƒg,PGAƒcƒA[A’–Úƒ‹[ƒL[‚ÌVEƒm[ƒ}ƒ“B—öl‚Ì—qƒvƒ‚ª©g‚Ì‡Œã500ƒLƒ‚Ì“¹‚Ì‚è‚ğ‚©‚¯‚Â‚¯‰—DŸ‚ğ‚¨j‚¢!?y²“¡MlƒAƒCƒYz,https://news.yahoo.co.jp/articles/01eecaa52e3cd49bf45840658042d5cb134b8000,2023/9/27(…) 12:05
minnagolf,‚İ‚ñ‚È‚ÌƒSƒ‹ƒtƒ_ƒCƒWƒFƒXƒg,¡TŠJ–‹‚Ìƒ‰ƒCƒ_[ƒJƒbƒvA‰¢B¨‚ªâD’²!  ’–Ú‚Íƒ‰[ƒ€Aƒ}ƒLƒƒCAƒzƒuƒ‰ƒ“‚ÌhVƒˆ[ƒƒbƒpOemh,https://news.yahoo.co.jp/articles/759bae39bce948c3768d6524a576394baf8dee32,2023/9/27(…) 11:32
minnagolf,‚İ‚ñ‚È‚ÌƒSƒ‹ƒtƒ_ƒCƒWƒFƒXƒg,g‰½‚Æ‚È‚­h‚Å‚Í‹tŒø‰Ê‚©‚à!? ƒrƒMƒi[‚ª’m‚Á‚Ä‚¨‚«‚½‚¢u‘fU‚èv‚ğ‚·‚éÛ‚Ì3‚Â‚Ìƒ|ƒCƒ“ƒg,https://news.yahoo.co.jp/articles/bd7356bb4e48af44fbbc88c963b0f5901cde6666,2023/9/27(…) 7:31
minnagolf,‚İ‚ñ‚È‚ÌƒSƒ‹ƒtƒ_ƒCƒWƒFƒXƒg,S20C‚ÆS25C‚Í‚Ç‚¤ˆá‚¤? “î“S’b‘¢ƒAƒCƒAƒ“‚ğ‘I‚Ô‚È‚ç‘fŞ‚Ì‚±‚Æ‚à’m‚Á‚Ä‚¨‚±‚¤!yƒNƒ‰ƒu‘I‚Ñ‚ğƒN[ƒ‹‰ğà!z,https://news.yahoo.co.jp/articles/dd3868914483289ddca902e5f4f951348283a4a3,2023/9/27(…) 6:30
minnagolf,‚İ‚ñ‚È‚ÌƒSƒ‹ƒtƒ_ƒCƒWƒFƒXƒg,ƒrƒNƒgƒ‹Eƒzƒuƒ‰ƒ“–ôi‚Ì‚«‚Á‚©‚¯Bu©•ª‚Í‚Å‚«‚év‚»‚Ì‹C‚¿‚Å30ƒ„[ƒh‚ÌƒAƒvƒ[ƒ`‚ğŒ€“I‰ü‘PIyPGAƒcƒA[ƒzƒbƒgƒ‰ƒCƒ“z,https://news.yahoo.co.jp/articles/f0dd2ca060bda6ba6984ffa14c8a250fb9a1650d,2023/9/26(‰Î) 18:30
minnagolf,‚İ‚ñ‚È‚ÌƒSƒ‹ƒtƒ_ƒCƒWƒFƒXƒg,"‰¢BƒcƒA[V‚Ì‹ví—ÁBƒRƒ“ƒpƒNƒgƒgƒbƒv‚©‚ç‚Ì""ƒuƒ`‚©‚Ü‚·""ƒXƒEƒBƒ“ƒO‚ğƒvƒ‚ª‰ğàB“ú–{ƒI[ƒvƒ“‚Å‚à’–Ú!yŸÒ‚ÌƒXƒEƒBƒ“ƒOz",https://news.yahoo.co.jp/articles/4bb0d692fa869bf5190a1d7b10e16e2a08d47b98,2023/9/26(‰Î) 18:02
minnagolf,‚İ‚ñ‚È‚ÌƒSƒ‹ƒtƒ_ƒCƒWƒFƒXƒg,ƒSƒ‹ƒt‚Ìƒ‹[ƒ‹‚Æ‚Ç‚¤Œü‚«‡‚¦‚Î‚¢‚¢?@‹K‘¥‚ğŠw‚Ô‚±‚Æ‚ÅAƒSƒ‹ƒtƒQ[ƒ€‚Ì¸_‚ğŠw‚Ú‚¤!yQã!@ƒSƒ‹ƒtƒ@[‰‰‡‘àz,https://news.yahoo.co.jp/articles/2626fb253911ab1db46ac207f40e88b9df1bd4d1,2023/9/26(‰Î) 12:03
minnagolf,‚İ‚ñ‚È‚ÌƒSƒ‹ƒtƒ_ƒCƒWƒFƒXƒg,4”N‚Ô‚è‚ÉÀ{‚³‚ê‚éé‹Ê‚ÌuŒ§–¯ƒSƒ‹ƒtƒfƒCvB’´–¼–åƒR[ƒX‚ğ‰ñ‚ê‚éƒCƒxƒ“ƒgA‚ ‚ÌƒR[ƒX‚Í‚Ü‚¾—\–ñ‚Å‚«‚é!,https://news.yahoo.co.jp/articles/412a0b2db4d9b8a957874b93f6ab4faf00bbcd18,2023/9/26(‰Î) 11:30
minnagolf,‚İ‚ñ‚È‚ÌƒSƒ‹ƒtƒ_ƒCƒWƒFƒXƒg,"ƒvƒŒ[‚µ‚½‘‚Í70ƒJ‘!@¢ŠE‚ÌƒSƒ‹ƒtê‚Å""—·lƒSƒ‹ƒtƒ@[""ì‘º¹O‚ªƒxƒXƒg‚ÆŠ´‚¶‚½ƒR[ƒX‚Í‚Ç‚±?yì‘º¹O~¼—²Œõ ’jqƒvƒ‘Î",https://news.yahoo.co.jp/articles/a03db3044de42a5bb6605df33586455d9305aadf,2023/9/26(‰Î) 7:31
minnagolf,‚İ‚ñ‚È‚ÌƒSƒ‹ƒtƒ_ƒCƒWƒFƒXƒg,Šâˆä–¾ˆ¤‚Ìƒp[ƒIƒ“—¦1ˆÊ‚ÌƒAƒCƒAƒ“ƒVƒ‡ƒbƒgBgƒtƒ‹ƒVƒ‡ƒbƒgh‚Æg•ûŒü«d‹h‚Ì‘Å‚¿•ª‚¯‚ğƒvƒ‚ª‰ğàyŸÒ‚ÌƒXƒEƒBƒ“ƒOz,https://news.yahoo.co.jp/articles/4b5e665bc771da03545cc8e15cb76cae746d8571,2023/9/26(‰Î) 6:31
minnagolf,‚İ‚ñ‚È‚ÌƒSƒ‹ƒtƒ_ƒCƒWƒFƒXƒg,¡Aƒvƒ‚ÌƒAƒvƒ[ƒ`‚ÍƒI[ƒvƒ“‚Å‚Í‚È‚­ƒXƒNƒGƒA‚É\‚¦‚Ä‘Å‚Â‚Ì‚ªå—¬!? ‘Å‚¿•û‚Ìƒ|ƒCƒ“ƒg‚ğÀÛ‚É‚µ‚Ä‚İ‚½,https://news.yahoo.co.jp/articles/60381050c8dd1dce29abd6820c0882e79da7bff7,2023/9/25(Œ) 18:30
minnagolf,‚İ‚ñ‚È‚ÌƒSƒ‹ƒtƒ_ƒCƒWƒFƒXƒg,ƒ^ƒCƒK[EƒEƒbƒY‚ª‘I‚Ôu¡‚Ü‚Å‚ÅÅ‚‚Ì1‘Åv‚Í‚Ç‚êH ƒe[ƒ‰[ƒƒCƒhŒö®SNS‚Å–{l‚ª“š‚¦‚½,https://news.yahoo.co.jp/articles/ad2f506ac455709056dce4aeef96fad127c15179,2023/9/25(Œ) 12:01
minnagolf,‚İ‚ñ‚È‚ÌƒSƒ‹ƒtƒ_ƒCƒWƒFƒXƒg,Šâˆä–¾ˆ¤‚ª 2T˜A‘±Š®‘S—DŸB¡‹G‚Ì•½‹ÏƒXƒgƒ[ƒN‚ª60‘ä‚É“Ë“ü!uæT—DŸ‚µ‚ÄA•sˆÀ‚ª©M‚É•Ï‚í‚Á‚½v,https://news.yahoo.co.jp/articles/8f529b31a2e37e3d489309916a37d2fadd995851,2023/9/25(Œ) 11:31
minnagolf,‚İ‚ñ‚È‚ÌƒSƒ‹ƒtƒ_ƒCƒWƒFƒXƒg,‹…‹Ø‚ğ‘€‚ê‚é! ƒXƒsƒ“‚ª“ü‚Á‚Äƒsƒ“‚ğ‘_‚¦‚é! 7”Ô‚ÌƒŠƒAƒ‹ƒƒtƒgŠp34.2“x‚Ìƒ^ƒCƒgƒŠƒXƒguT100vƒAƒCƒAƒ“yƒwƒbƒhƒf[ƒ^‚Í‰R‚Â‚©‚È‚¢!z,https://news.yahoo.co.jp/articles/6f87def88afbc8b75cc7b84d707f27742cbae5bd,2023/9/25(Œ) 7:30
minnagolf,‚İ‚ñ‚È‚ÌƒSƒ‹ƒtƒ_ƒCƒWƒFƒXƒg,©•ªD‚İ‚Ìƒpƒ^[‚ÌŒ©‚Â‚¯•ûBƒpƒ^[«”\‚É‘å‚«‚­‰e‹¿‚·‚éuƒlƒbƒNŒ`óv‚É‚Â‚¢‚Ä‰ü‚ß‚Ä‚¨‚³‚ç‚¢!,https://news.yahoo.co.jp/articles/6defa2cb5021341cf2b64258f642b78de3e8f2a4,2023/9/25(Œ) 6:30
minnagolf,‚İ‚ñ‚È‚ÌƒSƒ‹ƒtƒ_ƒCƒWƒFƒXƒg,7Î‚Ì­”N‚Ì–²‚ğŠ‚¦‚½ƒ[ƒŠ[Eƒ}ƒLƒƒCB”]îá‡‚Æ“¬‚¤ƒ}ƒCƒPƒ‹ŒN‚Ö‚Ìƒvƒ‰ƒCƒXƒŒƒX‚ÈƒvƒŒƒ[ƒ“ƒg‚Æ‚ÍH,https://news.yahoo.co.jp/articles/879461e945fde94c79cb470d72278b9d2534ba60,2023/9/24(“ú) 18:30
minnagolf,‚İ‚ñ‚È‚ÌƒSƒ‹ƒtƒ_ƒCƒWƒFƒXƒg,PGAƒcƒA[‚Å‚à’B¬Ò‚Í1l‚¾‚¯BTPCƒXƒRƒbƒcƒf[ƒ‹‚Ì17”Ôƒp[4‚ÅƒAƒ}ƒ`ƒ…ƒA‚ªƒAƒ‹ƒoƒgƒƒXƒz[ƒ‹ƒCƒ“ƒƒ“I,https://news.yahoo.co.jp/articles/f7cfdf3d8e168d3f5721711300d60e39dd52a447,2023/9/24(“ú) 11:30
minnagolf,‚İ‚ñ‚È‚ÌƒSƒ‹ƒtƒ_ƒCƒWƒFƒXƒg,ˆäã½ˆêİŒv‚Ìˆ¤’mŒ§Et“úˆäCCBŠJê60ü”N‚Ì—ˆ”NA1ƒOƒŠ[ƒ“‰ñ‹A‚Ö“ŒƒR[ƒX18ƒz[ƒ‹‚ğ‰üC,https://news.yahoo.co.jp/articles/f4f32ed758b57687eb092c4fadc1db634f785fcc,2023/9/24(“ú) 7:30
minnagolf,‚İ‚ñ‚È‚ÌƒSƒ‹ƒtƒ_ƒCƒWƒFƒXƒg,"¡‹G•sU‚ÌJEƒg[ƒ}ƒXB•ƒ‚ÅƒR[ƒ`‚Ìƒ}ƒCƒN‚³‚ñ‚Æ‚Ì""t’íŠÖŒW""‰ğÁ•ñ“¹‚Ì^‘Š‚ÍH",https://news.yahoo.co.jp/articles/f3107ee97ad8165e7bbaa1752ad81a709f28efd1,2023/9/24(“ú) 6:30
minnagolf,‚İ‚ñ‚È‚ÌƒSƒ‹ƒtƒ_ƒCƒWƒFƒXƒg,uƒ{[ƒ‹‚ğŒ©‰º‚·v\‚¦‚ª3”ÔƒEƒbƒh‚Ì‘Å‚¿•û‚Ìƒ|ƒCƒ“ƒg!?@ƒXƒv[ƒ“‚ğ‘Å‚¿‚±‚È‚·‚½‚ß‚Ìh‹à”¯æ¶h‚±‚Æ“c’†—S•PƒR[ƒ`‚Ì–{‹CƒŒƒbƒXƒ“,https://news.yahoo.co.jp/articles/0ca2fb450d62464bc6a04556a0f3dae1adc8ae51,2023/9/23(“y) 18:30
minnagolf,‚İ‚ñ‚È‚ÌƒSƒ‹ƒtƒ_ƒCƒWƒFƒXƒg,uƒSƒ‹ƒtê‚Í‘å‚«‚ÈƒrƒIƒg[ƒvvB¶•¨•Û‘S‚Éæ‚è‘g‚Ş_“ŞìŒ§‚Ì2‚Â‚ÌƒSƒ‹ƒtê‚ªg‚¢‚«‚à‚Ì‹¤¶–‹Æ„i‹¦‹c‰ïh‚©‚ç”FØ‚ğó‚¯‚é,https://news.yahoo.co.jp/articles/aaea4882aebb095a0ceb9c4e370b3f9d067d55f7,2023/9/23(“y) 11:30
minnagolf,‚İ‚ñ‚È‚ÌƒSƒ‹ƒtƒ_ƒCƒWƒFƒXƒg,ƒ_ƒEƒ“‚Å‰E‚©‚©‚Æ‚ª‘å‚«‚­ã‚ª‚Á‚Ä‚È‚¢!? ƒpƒ[‚ÆƒXƒs[ƒh‚ªo‚¹‚é–{“–‚Ì‘«‚Ìg‚¢•û‚Æ‚Í?y“äƒLƒƒƒ‰ƒR[ƒ`w‚í‚«‚ã‚¤x‚Ì‹C‚É‚È‚é˜bò34z,https://news.yahoo.co.jp/articles/37d18bfd71e4f6557e01b758d90cc0b7cbb2110f,2023/9/23(“y) 7:30
minnagolf,‚İ‚ñ‚È‚ÌƒSƒ‹ƒtƒ_ƒCƒWƒFƒXƒg,“¡“cŠ°”V‚ÌÅVƒZƒbƒeƒBƒ“ƒOBl¶‰‚ÌgƒfƒBƒXƒ^ƒ“ƒXŒnhƒAƒCƒAƒ“ƒZƒbƒg‚Å“ú–{ƒVƒjƒAƒI[ƒvƒ“‰—DŸ,https://news.yahoo.co.jp/articles/734e0d953ae95a6739c4495cc2b5a108aec90ee6,2023/9/23(“y) 6:30
minnagolf,‚İ‚ñ‚È‚ÌƒSƒ‹ƒtƒ_ƒCƒWƒFƒXƒg,—ûKê‚Ì‘ÅÈ‘I‚Ñ‚ªã’B‚Ì‘å‚«‚È·‚ğ¶‚Ş!?@ƒrƒMƒi[‚Í2ŠKˆÈã‚ª‚¢‚¢——R‚Æ‚ÍH,https://news.yahoo.co.jp/articles/821324e37dbd8438d98afcfa38fdc7b5342de57a,2023/9/22(‹à) 18:30
minnagolf,‚İ‚ñ‚È‚ÌƒSƒ‹ƒtƒ_ƒCƒWƒFƒXƒg,yƒSƒ‹ƒtƒ‹[ƒ‹ƒNƒCƒYzgH‚¢‚ñ‚¾‹…h‚ğ‹~Ï‚µ‚½‚¢‚¯‚ÇA‚·‚®Œã‚ë‚ªƒoƒ“ƒJ[!@”±‚È‚µ‚Ì‹~Ï‚Í‚Å‚«‚é? ‚Å‚«‚È‚¢?,https://news.yahoo.co.jp/articles/bdb4fad3028a903d01cee81f6dba8b6b6d047bb5,2023/9/22(‹à) 12:30
minnagolf,‚İ‚ñ‚È‚ÌƒSƒ‹ƒtƒ_ƒCƒWƒFƒXƒg,R‰Î–ĞŠQ‚Ìƒ}ƒEƒC“‡‚ÉPGAƒcƒA[‚ª‹A‚Á‚Ä‚­‚éBƒ^ƒCƒK[‚ª498ƒ„[ƒh”ò‚Î‚µ‚½ƒR[ƒX‚Å‚ÌŒƒ“¬‚ª•œ‹»‚Ìˆê•‚É‚È‚é!?,https://news.yahoo.co.jp/articles/7b4534881177749d7878cbc5d51b46f58b2fb06f,2023/9/22(‹à) 12:03
minnagolf,‚İ‚ñ‚È‚ÌƒSƒ‹ƒtƒ_ƒCƒWƒFƒXƒg,ƒvƒŒ[lŒû‚ª490–œlAƒSƒ‹ƒtƒR[ƒXˆÈŠO‚ÅŠy‚µ‚Şl‚ª1630–œl!?@ƒCƒMƒŠƒX‚Å‚Í–ñ4Š„‚Ì¬l‚ªu‰½‚ç‚©‚ÌŒ`v‚ÅƒSƒ‹ƒt‚ğŠy‚µ‚ñ‚Å‚¢‚é!,https://news.yahoo.co.jp/articles/4caefc6917c0f9f5015c8bde3a0a9730ebaf1446,2023/9/22(‹à) 11:30
minnagolf,‚İ‚ñ‚È‚ÌƒSƒ‹ƒtƒ_ƒCƒWƒFƒXƒg,ƒn[ƒhƒ‹‚Í‰º‚°‚É‰º‚°‚é‚×‚«!? ’©ƒCƒ`‚ÌƒeƒB[ƒVƒ‡ƒbƒg‚Å—¬‚ê‚ğˆ«‚­‚µ‚È‚¢‚½‚ß‚Ì2‚Â‚Ìƒ|ƒCƒ“ƒg‚Æ‚Íy‰SÒ‚ğ’E‚µ‚½ƒSƒ‹ƒtƒ@[‚ªw100x‚ğØ‚é‚½‚ß‚ÌƒŒƒbƒXƒ“z,https://news.yahoo.co.jp/articles/4a5b7ec4df3aac0289e6e954ec119e9834780b82,2023/9/22(‹à) 7:31
minnagolf,‚İ‚ñ‚È‚ÌƒSƒ‹ƒtƒ_ƒCƒWƒFƒXƒg,¬j‚³‚­‚çu„‚Íˆê”N’†gH—~‚ÌHh‚©‚àB“¾ˆÓ—¿—‚Í‹ï‚¾‚­‚³‚ñ‚Ì‚¨–¡‘X`‚Å‚·vB–{l‚ª‘å–‚É‚µ‚Ä‚¢‚égHh‚É‚Â‚¢‚Ä•·‚¢‚½,https://news.yahoo.co.jp/articles/c83faf6f657e8f467a5c87405a1e8fe1c90d14c5,2023/9/22(‹à) 6:30
minnagolf,‚İ‚ñ‚È‚ÌƒSƒ‹ƒtƒ_ƒCƒWƒFƒXƒg,"”]‰ÈŠw‚Ìæ¶‚ª‹³‚¦‚Ä‚­‚ê‚½uƒpƒbƒgã’Bv‚Ìƒqƒ“ƒgBƒƒWƒƒ[‚ÅŸ‚Ä‚é""ƒpƒbƒeƒBƒ“ƒO‚Ì\‚¦""‚Æ‚Í?",https://news.yahoo.co.jp/articles/bc912334db1132a9717888c12460e8647ac434d9,2023/9/21(–Ø) 18:30
minnagolf,‚İ‚ñ‚È‚ÌƒSƒ‹ƒtƒ_ƒCƒWƒFƒXƒg,jã‰‚Ì‚Z¶ƒvƒ‚ª’a¶!@2003”N‚Ìuƒ~ƒ„ƒMƒeƒŒƒr”tƒ_ƒ“ƒƒbƒv—qƒI[ƒvƒ“v‚ğ§‚µ‚½‚Ì‚Í?yƒSƒ‹ƒt‚È‚ñ‚Å‚àƒ‰ƒ“ƒLƒ“ƒOz,https://news.yahoo.co.jp/articles/cfffb9a321952e8038e1975b60af5dc97d4503b0,2023/9/21(–Ø) 12:30
minnagolf,‚İ‚ñ‚È‚ÌƒSƒ‹ƒtƒ_ƒCƒWƒFƒXƒg,”š‚ÅU‚è•Ô‚éPGAƒcƒA[BƒcƒA[‚Ì•½‹Ï”ò‹——£‚Í299.9ƒ„[ƒh!?@1ˆÊ‚Ì•½‹Ï326.3ƒ„[ƒh‚Í‚ ‚Ì‘Iè!,https://news.yahoo.co.jp/articles/bff64b9b80f2528cdc5f5fbdfc7d692fab57cdde,2023/9/21(–Ø) 12:01
minnagolf,‚İ‚ñ‚È‚ÌƒSƒ‹ƒtƒ_ƒCƒWƒFƒXƒg,‰¢BƒcƒA[Qí’†‚Ì“ú–{‘Iè4l‚ÌíÑ‚Í? ¯–ì—¤–ç‚Í—ˆ‹GƒV[ƒhŠl“¾‚Öƒ‰ƒ“ƒNƒAƒbƒv! ‹ví—Á‚Æì‘º¹O‚ÍˆÀ‘×!? ”ä‰Ãˆê‹M‚Í‹êí’†?,https://news.yahoo.co.jp/articles/a7260bebc681daf4386bdc3ecc5890b265e81252,2023/9/21(–Ø) 11:31
minnagolf,‚İ‚ñ‚È‚ÌƒSƒ‹ƒtƒ_ƒCƒWƒFƒXƒg,u‘Å‚Á‚½Œãv‚àƒXƒEƒBƒ“ƒO‚ÍI‚í‚ç‚È‚¢I ƒLƒŒƒC‚ÈƒtƒBƒjƒbƒVƒ…‚ğì‚éƒRƒc‚ğƒvƒ‚ªƒCƒ‰ƒXƒg‚ğŒğ‚¦‚Ä‰ğàI,https://news.yahoo.co.jp/articles/f0976d181410b0ba7d60dc957306bffafac660f1,2023/9/21(–Ø) 7:30
minnagolf,‚İ‚ñ‚È‚ÌƒSƒ‹ƒtƒ_ƒCƒWƒFƒXƒg,‘Ì‚ğ’b‚¦‚¸‚ÉƒwƒbƒhƒXƒs[ƒh‚ğã‚°‚é‚½‚ß‚Ìl‚¦•ûBuŠp‰^“®v‚Æu˜r‚ÆƒNƒ‰ƒu‚ÌƒV[ƒPƒ“ƒXv‚Æ‚ÍHy‰ğàuƒUEƒSƒ‹ƒtƒBƒ“ƒOƒ}ƒV[ƒ“v”96z,https://news.yahoo.co.jp/articles/f01fb76528578caf9d1dd5781d274dfb0a5f0ee3,2023/9/21(–Ø) 6:31
minnagolf,‚İ‚ñ‚È‚ÌƒSƒ‹ƒtƒ_ƒCƒWƒFƒXƒg,"ŸNˆäS“ß‚ÉŠâˆäo–…cc”ò‚Ô—qƒvƒ‚½‚¿‚Í‚İ‚ñ‚È‚±‚Ì“®‚«I ”ò‹——£ƒAƒbƒv‚É‘åØ‚È3‚Â‚Ì""ƒpƒ[ƒ|ƒCƒ“ƒg""‚Æ‚ÍH",https://news.yahoo.co.jp/articles/4f9deab1452117759e4872b7f0e8afb21f38ecca,2023/9/20(…) 18:30
minnagolf,‚İ‚ñ‚È‚ÌƒSƒ‹ƒtƒ_ƒCƒWƒFƒXƒg,ƒnƒ“ƒhƒtƒ@[ƒXƒg‚Ìuƒtƒ@[ƒXƒgv‚Á‚Ägfirsth? gfasth?yƒSƒ‹ƒtg˜a»‰pŒêh«“Tz,https://news.yahoo.co.jp/articles/4021a74ecd3e332893eb3eaf92aa5c8ebd34cd5a,2023/9/20(…) 12:30
minnagolf,‚İ‚ñ‚È‚ÌƒSƒ‹ƒtƒ_ƒCƒWƒFƒXƒg,¼R‰p÷‚Ì‚±‚Ì1”N‚ğ‚ ‚ç‚½‚ß‚ÄU‚è•Ô‚éBPGAƒcƒA[‚Ìƒgƒbƒv‘IèA¼R‚É—ˆ‹GŠú‘Ò‚µ‚½‚¢‚±‚Æ‚Æ‚Í?y²“¡MlƒAƒCƒYz,https://news.yahoo.co.jp/articles/77bf77792d30e3c9224b13773d358d4b9724e63a,2023/9/20(…) 12:05
minnagolf,‚İ‚ñ‚È‚ÌƒSƒ‹ƒtƒ_ƒCƒWƒFƒXƒg,ˆÙí‚È‹‚³‚Å‘S‘‚ÌƒSƒ‹ƒtê‚ÌÅ‚ªƒ_ƒEƒ“Bƒg[ƒiƒƒ“ƒg’†Œp‚ğŒ©‚Ä‚àS”z‚É‚È‚éÅ‚Ìó‘Ô‚É‘Iè‚àƒL[ƒp[‚à¢˜f,https://news.yahoo.co.jp/articles/d5d45bbfa38538414730b3f9ef710110fa0d1001,2023/9/20(…) 11:33
minnagolf,‚İ‚ñ‚È‚ÌƒSƒ‹ƒtƒ_ƒCƒWƒFƒXƒg,5‰ºƒVƒ“ƒOƒ‹‚½‚¿‚ª‚â‚Á‚Ä‚¢‚éƒOƒŠ[ƒ“ü‚è‚ÌƒAƒvƒ[ƒ`—ûK–@4‘II ‚·‚×‚ÄÀÛ‚É‚µ‚Ä‚İ‚½,https://news.yahoo.co.jp/articles/62cbcf7ea706ad58dc45b18ce3cc907c4033d323,2023/9/20(…) 7:30
minnagolf,‚İ‚ñ‚È‚ÌƒSƒ‹ƒtƒ_ƒCƒWƒFƒXƒg,"d‚¢ƒpƒ^[‚ÆŒy‚¢ƒpƒ^[AƒAƒ}ƒ`ƒ…ƒA‚É‚¨‚·‚·‚ß‚È‚Ì‚Í‚Ç‚Á‚¿?@ƒpƒ^[‚Ì""d‚³–â‘è""‚ğl@yƒNƒ‰ƒu‘I‚Ñ‚ğƒN[ƒ‹‰ğà!z",https://news.yahoo.co.jp/articles/90bd2c40b5f2bf13440a31a2432fcfe354004b5e,2023/9/20(…) 6:31
minnagolf,‚İ‚ñ‚È‚ÌƒSƒ‹ƒtƒ_ƒCƒWƒFƒXƒg,"uƒtƒFƒAƒEƒFƒCæ‚è“ü‚êvuƒLƒƒƒfƒB‚³‚ñ‚àæ‚é? æ‚ç‚È‚¢?vetcB“‹ƒSƒ‹ƒt‚Ì""ƒJ[ƒg—˜—p–â‘è""‚ğƒvƒ‚â¯Ò‚ç‚Ål‚¦‚½",https://news.yahoo.co.jp/articles/4a5526b14ef5c20135df5dcf939a02b4ac3f8aaf,2023/9/19(‰Î) 18:31
minnagolf,‚İ‚ñ‚È‚ÌƒSƒ‹ƒtƒ_ƒCƒWƒFƒXƒg,ƒpƒbƒeƒBƒ“ƒO‚ÌŠî–{uƒwƒbƒh‚ğ’á‚­’·‚­“®‚©‚·v‚ÍA‚È‚º‚¢‚¢‚Ì‚©?@‚Ç‚ñ‚ÈƒCƒ[ƒW‚Å‚â‚é‚Ì‚ª³‰ğHyQã!@ƒSƒ‹ƒtƒ@[‰‰‡‘àz,https://news.yahoo.co.jp/articles/724efe13c56ae33ccce77a03c482e81218dec9f1,2023/9/19(‰Î) 12:00
minnagolf,‚İ‚ñ‚È‚ÌƒSƒ‹ƒtƒ_ƒCƒWƒFƒXƒg,‰¢BƒcƒA[BMW PGA‘IèŒ ‚Å—DŸ‚µ‚½ƒ‰ƒCƒAƒ“EƒtƒHƒbƒNƒXBƒVƒƒƒ“ƒpƒ“ƒVƒƒƒ[‚ªu‚ ‚Ü‚è‚É‚à‰ºèv‚ÆSNS‚Å•]”»‚É,https://news.yahoo.co.jp/articles/3dede433aaa70788229639a0eccf7ac7562f4c25,2023/9/19(‰Î) 11:32
minnagolf,‚İ‚ñ‚È‚ÌƒSƒ‹ƒtƒ_ƒCƒWƒFƒXƒg,ƒwƒbƒh‘ÌÏ444CC‚ÅdS‹——£37.8ƒ~ƒŠB‚Â‚©‚Ü‚¦‚é‚Ì‚ª‹êè‚ÈƒSƒ‹ƒtƒ@[‚ªƒtƒbƒNŒn‚’e“¹‚Å”ò‚Î‚¹‚éƒuƒŠƒaƒXƒgƒ“uB2HTvƒhƒ‰ƒCƒo[yƒwƒbƒhƒf[ƒ^‚Í‰R‚Â‚©‚È‚¢!z,https://news.yahoo.co.jp/articles/fb95027769596de1cef3b2a2140cddd1117cbac2,2023/9/19(‰Î) 7:40
minnagolf,‚İ‚ñ‚È‚ÌƒSƒ‹ƒtƒ_ƒCƒWƒFƒXƒg,ƒcƒA[2Ÿ–Ú‚ÌŠâˆä–¾ˆ¤Bƒsƒ“‚ğh‚·ƒVƒ‡ƒbƒg‚ğ¶‚Şƒoƒ‰ƒ“ƒX‚ª—Ç‚­‚ÄA‚æ‚Ç‚İ‚È‚¢ƒXƒEƒBƒ“ƒO‚ğƒvƒ‚ª‰ğàyŸÒ‚ÌƒXƒEƒBƒ“ƒOz,https://news.yahoo.co.jp/articles/c7ed8f4a6055862df08bd03e7e2dfc9aa74e4f0d,2023/9/19(‰Î) 6:30
minnagolf,‚İ‚ñ‚È‚ÌƒSƒ‹ƒtƒ_ƒCƒWƒFƒXƒg,ƒrƒMƒi[‚É‚ ‚è‚ª‚¿‚Èu‘Ì‚ª‹N‚«ã‚ª‚évŒ´ˆö2‘II ‚»‚Ì‰ü‘P–@‚ÍH,https://news.yahoo.co.jp/articles/fb7f81490e4092c1045cac15ef9d61b326f5511d,2023/9/18(Œ) 18:30
minnagolf,‚İ‚ñ‚È‚ÌƒSƒ‹ƒtƒ_ƒCƒWƒFƒXƒg,Šâˆä–¾ˆ¤‚ªƒcƒA[2Ÿ–ÚBƒp[ƒIƒ“—¦A•½‹Ïƒo[ƒfƒB”1ˆÊ‚Åƒ|ƒCƒ“ƒg‚àñˆÊ‚Ì\ƒWƒGA2ˆÊR‰º‚É“÷”–B”NŠÔ—‰¤‘ˆ‚¢‚ª–Ê”’‚­‚È‚é!?,https://news.yahoo.co.jp/articles/38de6e7301c67fb8f485a46a89ea495138bd433c,2023/9/18(Œ) 11:32
minnagolf,‚İ‚ñ‚È‚ÌƒSƒ‹ƒtƒ_ƒCƒWƒFƒXƒg,‚ ‚Æ10ƒJŒ‚ÅƒpƒŠŒÜ—ÖŠJ–‹!@‚Æ‚±‚ë‚Åƒtƒ‰ƒ“ƒX‚ÌƒSƒ‹ƒtê‚Á‚ÄA‚Ç‚ñ‚ÈƒR[ƒX?,https://news.yahoo.co.jp/articles/bb8d928341598512c3fff34054f5da6775fddf03,2023/9/18(Œ) 7:30
minnagolf,‚İ‚ñ‚È‚ÌƒSƒ‹ƒtƒ_ƒCƒWƒFƒXƒg,iPhone‚ÌÅVƒ‚ƒfƒ‹‚Íƒ`ƒ^ƒ“‚ÅŒy—Ê‰»!? ‚¿‚È‚İ‚ÉA‚È‚ºƒhƒ‰ƒCƒo[‚Ìƒwƒbƒh‘fŞ‚Íƒ`ƒ^ƒ“‚ªå—¬‚É‚È‚Á‚½?,https://news.yahoo.co.jp/articles/31ea5c9b4daf9c551ea7aee4b17113cfed40156b,2023/9/18(Œ) 6:30
minnagolf,‚İ‚ñ‚È‚ÌƒSƒ‹ƒtƒ_ƒCƒWƒFƒXƒg,9Œ28“úŠJ–‹‚Ì“ú–{—qƒI[ƒvƒ“BŠJÃƒR[ƒX‚ªƒLƒƒƒfƒB‚Ì§•‚ğˆêV! ˆ°Œ´GC‚ªg‘@ˆÛ‰¤‘•Ÿˆäh‚ğƒAƒs[,https://news.yahoo.co.jp/articles/662d6d209d9c0bf961b13d61f12d12dd7f8fea9a,2023/9/17(“ú) 18:30
minnagolf,‚İ‚ñ‚È‚ÌƒSƒ‹ƒtƒ_ƒCƒWƒFƒXƒg,¢ŠEƒSƒ‹ƒt“a“°‚ªƒAƒƒŠƒJƒSƒ‹ƒt‚Ì¹’ngƒpƒCƒ“ƒn[ƒXƒgh‚ÖˆÚ“]BUSGA‚Æ˜AŒgA—ˆ”N‚Ì‘S•ÄƒI[ƒvƒ“‚Í“a“°ƒZƒŒƒ‚ƒj[‚ğŠJÃ,https://news.yahoo.co.jp/articles/21503591fffaf79338c1e1d0b1a05b26117c0b6c,2023/9/17(“ú) 11:32
minnagolf,‚İ‚ñ‚È‚ÌƒSƒ‹ƒtƒ_ƒCƒWƒFƒXƒg,ƒ‰ƒOƒr[W”t‰ğàE‘å”¨‘å‰î‚ÌƒSƒ‹ƒt¬’·‹LBÂ–ØãÄƒR[ƒ`‚Ég’íq“ü‚èh‚µ‚Ä–ì‹…ŠE‚ÌƒŒƒWƒFƒ“ƒhEãŒ´_¡‚ğ–Ú•W‚Éí‚Á‚½!?,https://news.yahoo.co.jp/articles/946c940d0916557c0e454722ed81d01bf2c21857,2023/9/17(“ú) 7:30
minnagolf,‚İ‚ñ‚È‚ÌƒSƒ‹ƒtƒ_ƒCƒWƒFƒXƒg,"Œø—¦‚æ‚­—Í‚ğg‚¦‚éƒ_ƒEƒ“ƒXƒEƒBƒ“ƒO‚É!@‹Ø“÷‚Ì""L’·”½Ë""‚Ì“®‚«‚ªg‚É•t‚­uƒNƒƒXƒ‚[ƒVƒ‡ƒ“vƒgƒŒyŒK–Øu”¿‚Ì‰õiŒ‚‚ğƒTƒ|[ƒg‚·‚éƒgƒŒ[ƒi[‚ª‹³‚¦‚éŠÈ’PƒgƒŒ[ƒjƒ“ƒOz",https://news.yahoo.co.jp/articles/294dbb63784de06f60f2b9902c1f879b2c0dd416,2023/9/17(“ú) 6:30
minnagolf,‚İ‚ñ‚È‚ÌƒSƒ‹ƒtƒ_ƒCƒWƒFƒXƒg,¡”N‚Ìƒhƒ‰ƒRƒ“—‰¤‚Í271.3ƒ„[ƒh‚Å’|“c—í‰›‚ÉŒˆ’è!@LPGAŒö”Fu’©“úƒCƒ“ƒeƒbƒNƒhƒ‰ƒRƒ“—‰¤voê‘Iè‚ÌŒ‹‰Ê‚ÆƒNƒ‰ƒuƒXƒyƒbƒN‚ğ‚²Ğ‰îyZ—F¶–½ƒŒƒfƒBƒX“ŒŠCƒNƒ‰ƒVƒbƒNEŒ»’nƒŒƒ|z,https://news.yahoo.co.jp/articles/2c8cde82715bf44058db3eb85436e607ce16e1bf,2023/9/16(“y) 19:50
minnagolf,‚İ‚ñ‚È‚ÌƒSƒ‹ƒtƒ_ƒCƒWƒFƒXƒg,y–¼è‚Ì–¼Œ¾zƒwƒ“ƒŠ[Eƒƒ“ƒOƒn[ƒXƒguƒSƒ‹ƒt‚Ì—Bˆê‚ÌŒ‡“_‚ÍA–Ê”’‚·‚¬‚é‚±‚Æ‚Å‚ ‚év,https://news.yahoo.co.jp/articles/ef6818d17c8052c658df786ed06c77609ab6bbd6,2023/9/16(“y) 12:30
minnagolf,‚İ‚ñ‚È‚ÌƒSƒ‹ƒtƒ_ƒCƒWƒFƒXƒg,R&A‚ª‰‚ÌƒWƒƒƒpƒ“ƒTƒ~ƒbƒg‚ğŠJÃBƒe[ƒ}‚Í“ú–{ƒSƒ‹ƒtŠE‚Ö‚Ìg—«‚ÆƒSƒ‹ƒthgŒ’N‚ÆƒSƒ‹ƒth‚Ì„i,https://news.yahoo.co.jp/articles/df0818a0da07b3595e2c9a8091592a2f468ae642,2023/9/16(“y) 11:31
minnagolf,‚İ‚ñ‚È‚ÌƒSƒ‹ƒtƒ_ƒCƒWƒFƒXƒg,ƒXƒEƒBƒ“ƒO‚Å‘åØ‚È‰º”¼g‚Ìg‚¢•ûBu‹r‚Ì“®‚«v‚ÍƒCƒX‚ÉÀ‚Á‚Ä“®‚­‚Æ‚æ‚­‚í‚©‚é!?y“äƒLƒƒƒ‰ƒR[ƒ`w‚í‚«‚ã‚¤x‚Ì‹C‚É‚È‚é˜bò33z,https://news.yahoo.co.jp/articles/bca94a7f3bf0a76685f1743f790378557f6dae4c,2023/9/16(“y) 7:31
minnagolf,‚İ‚ñ‚È‚ÌƒSƒ‹ƒtƒ_ƒCƒWƒFƒXƒg,ŸNˆäS“ß‚ÌÅVƒZƒbƒeƒBƒ“ƒOBƒhƒ‰ƒCƒo[‚ÌD‚İ‚ÍƒAƒxƒŒ[ƒWƒSƒ‹ƒtƒ@[‚Æ^‹tgã‚ª‚è‚É‚­‚­‚Ä‚Â‚©‚Ü‚è‰ß‚¬‚È‚¢h«”\,https://news.yahoo.co.jp/articles/c01e7be65cdfa44fa6256a8a67f6b875c303c54d,2023/9/16(“y) 6:30
minnagolf,‚İ‚ñ‚È‚ÌƒSƒ‹ƒtƒ_ƒCƒWƒFƒXƒg,Šâˆä–¾ˆ¤‚ª9ƒAƒ“ƒ_[‚ÌƒR[ƒXƒŒƒR[ƒhƒ^ƒC‚ÅñˆÊ”­i!@ƒXƒRƒA‚ÌL‚Î‚µ‡‚¢•KŠ‚Ì“WŠJ‚ğ§‚·‚é‚Ì‚Í’N‚¾!?yZ—F¶–½ƒŒƒfƒBƒX“ŒŠCƒNƒ‰ƒVƒbƒNE‰“úƒŒƒ|z,https://news.yahoo.co.jp/articles/c497218ecf05f86efe59b1830ccabea78dea9c5a,2023/9/15(‹à) 18:31
minnagolf,‚İ‚ñ‚È‚ÌƒSƒ‹ƒtƒ_ƒCƒWƒFƒXƒg,2018”N•œ‹AŒã‚Ìuƒ^ƒCƒK[EƒXƒEƒBƒ“ƒOv‚ÍgŒø—¦‚¨‰»‚¯h!?@¶‘«‚Â‚Üæ‚ÌŒü‚«‚Ål@!y–ÚàVGŒ›EƒXƒEƒBƒ“ƒO3.0@”2z,https://news.yahoo.co.jp/articles/6b1fd0c842acb5443b01cec8f818c4fb43f9e069,2023/9/15(‹à) 12:08
minnagolf,‚İ‚ñ‚È‚ÌƒSƒ‹ƒtƒ_ƒCƒWƒFƒXƒg,‹£‹Z‚©‚ç—£‚ê‚Ä‚¢‚½8Œ‚Íu‰½“ú‚à–°‚ê‚È‚¢–é‚ğ‰ß‚²‚µ‚½vuŒ³ƒJƒm‚ÌS‹«‚¾‚Á‚½v‚ÆƒWƒƒƒXƒeƒBƒ“Eƒg[ƒ}ƒXB‚¢‚Á‚½‚¢‚È‚ñ‚ÅH,https://news.yahoo.co.jp/articles/05609bc1263fee315bf49ba060bae75c27491ce0,2023/9/15(‹à) 11:30
minnagolf,‚İ‚ñ‚È‚ÌƒSƒ‹ƒtƒ_ƒCƒWƒFƒXƒg,ƒsƒ“‚ÌVƒAƒCƒAƒ“uƒuƒ‹[ƒvƒŠƒ“ƒgSv‚ğ—qƒcƒA[‚Å”­Œ©! ƒLƒƒƒrƒeƒBŒ`ó‚Ì’b‘¢ƒ‚ƒfƒ‹‚ğÀí“Š“ü‚µ‚½ƒZƒLEƒ†ƒEƒeƒBƒ“‚ÌŠ´‘z‚ÍHyZ—F¶–½ƒŒƒfƒBƒX“ŒŠCƒNƒ‰ƒVƒbƒNEŒ»’nƒŒƒ|z,https://news.yahoo.co.jp/articles/7b27bd8266d34136908ede122e9c85326515b8a2,2023/9/15(‹à) 9:30
minnagolf,‚İ‚ñ‚È‚ÌƒSƒ‹ƒtƒ_ƒCƒWƒFƒXƒg,JEƒ‰[ƒ€‚Ìƒ}ƒXƒ^[ƒY—DŸ”é˜bB ƒŒƒWƒFƒ“ƒhAJE“ñƒNƒ‰ƒX‚É‹³‚í‚Á‚½ƒ}ƒXƒ^[ƒY’¼‘O‚ÌuT––‚Ì‰ß‚²‚µ•ûv‚Æ‚ÍH,https://news.yahoo.co.jp/articles/bde37d9bcc0382d1ea5f6ff4ac0c8732a717d192,2023/9/15(‹à) 7:30
minnagolf,‚İ‚ñ‚È‚ÌƒSƒ‹ƒtƒ_ƒCƒWƒFƒXƒg,Œ»İ‚ÌƒXƒRƒbƒeƒBƒLƒƒƒƒƒ“l‹C‚Í‚±‚±‚©‚çn‚Ü‚Á‚½B‚»‚Ì–¼‚ğ¢‚É’m‚ç‚µ‚ß‚½u30”N‘O‚Ìo—ˆ–v‚Æ‚Í?yƒLƒƒƒƒƒ“ƒ}ƒjƒAéŒ¾z,https://news.yahoo.co.jp/articles/4fcb81ea899c52e1dfb52ec6df424f8956d3f731,2023/9/15(‹à) 6:31
minnagolf,‚İ‚ñ‚È‚ÌƒSƒ‹ƒtƒ_ƒCƒWƒFƒXƒg,äÑ—tƒ‹ƒ~‚Í‘”ò‹——£287ƒ„[ƒh! “y—j‚ÌŒö”Fƒhƒ‰ƒRƒ“‘å‰ï‚ğ‘O‚É’–Ú—qƒvƒ‚Ì”ò‹——£‚ğŒ»’n‚ÅŒv‘ª‚µ‚Ä‚İ‚½yZ—F¶–½ƒŒƒfƒBƒX“ŒŠCƒNƒ‰ƒVƒbƒNE—ûK“úƒŒƒ|z,https://news.yahoo.co.jp/articles/4c9cb8ff6869594729dc0d586df625f5055bfb88,2023/9/14(–Ø) 18:30
minnagolf,‚İ‚ñ‚È‚ÌƒSƒ‹ƒtƒ_ƒCƒWƒFƒXƒg,"ƒcƒA[6Ÿ‚Ìƒgƒj[EƒtƒBƒiƒE‚ª‘i‚¦‚ç‚ê‚½!  2l‚Ì""Œ³ŒoÏ“Ix‰‡Ò""‚ªu”ç–œƒhƒ‹v‚ğ’´‚¦‚é‹Šz‚ÌÙ”»‚ğ‹N‚±‚µ‚½ƒƒP",https://news.yahoo.co.jp/articles/b3be4cdb66ad9f0d5457a759c41954d5e96cc846,2023/9/14(–Ø) 18:03
minnagolf,‚İ‚ñ‚È‚ÌƒSƒ‹ƒtƒ_ƒCƒWƒFƒXƒg,”ò‹——£ƒgƒbƒv‚Í‰Í–{A‚Å‚ÍƒeƒB[ƒVƒ‡ƒbƒg‚ªÅ‚àgãè‚¢h‚Ì‚Í?@‘“à’jquƒg[ƒ^ƒ‹ƒhƒ‰ƒCƒrƒ“ƒOvƒgƒbƒv10yƒSƒ‹ƒt‚È‚ñ‚Å‚àƒ‰ƒ“ƒLƒ“ƒOz,https://news.yahoo.co.jp/articles/30bc56fa0638cf8564ab5b1ecfd1711de8ca3185,2023/9/14(–Ø) 12:30
minnagolf,‚İ‚ñ‚È‚ÌƒSƒ‹ƒtƒ_ƒCƒWƒFƒXƒg,"‰¢B—qƒcƒA[‚Å""1W‚Ì”ßŒ€""Bƒhƒ‰ƒCƒo[”j‘¹‚Å—DŸ‚ğ“¦‚µ‚½ƒcƒA[‹üw‚Ì”ò‚Î‚µ‰®—qƒvƒ",https://news.yahoo.co.jp/articles/6e30773fbb3931d3b1254aba6133560acce852b7,2023/9/14(–Ø) 12:08
minnagolf,‚İ‚ñ‚È‚ÌƒSƒ‹ƒtƒ_ƒCƒWƒFƒXƒg,ƒƒWƒƒ[3“ú–ÚƒXƒ^[ƒg’¼‘O‚Å‚àA‹^–â‚ª¶‚¶‚½‚çPING‚ÌƒNƒ‰ƒu’S“–‚É‘¦’¼“d!? ”NŠÔ‰¤Òƒzƒuƒ‰ƒ“‚Ì‹­‚³‚ğx‚¦‚ég–O‚­‚È‚«’T‹ShyPGAƒcƒA[ƒzƒbƒgƒ‰ƒCƒ“z,https://news.yahoo.co.jp/articles/c0eb98336c8ec23d6a31945feb7f6d45e265cbb7,2023/9/14(–Ø) 11:31
minnagolf,‚İ‚ñ‚È‚ÌƒSƒ‹ƒtƒ_ƒCƒWƒFƒXƒg,ƒ_ƒEƒ“ƒXƒEƒBƒ“ƒO‚Å‚Ìu‘Ì‚Ì‹N‚«ã‚ª‚èv‚ğ–h‚®‚½‚ß‚Ìƒ|ƒCƒ“ƒg‚ÍH ƒvƒ‚ªƒCƒ‰ƒXƒg‚ğŒğ‚¦‚Ä‰ğàI,https://news.yahoo.co.jp/articles/7e4ccf832ec99e875ecdf13afdc62d1b83f6955b,2023/9/14(–Ø) 7:30
minnagolf,‚İ‚ñ‚È‚ÌƒSƒ‹ƒtƒ_ƒCƒWƒFƒXƒg,"""‚µ‚È‚è‚Å”ò‚Î‚·""‚Í–{“–‚©?@ƒXƒEƒBƒ“ƒO’†‚ÌuƒVƒƒƒtƒg‚Ì‚µ‚È‚èv‚ğ‰ÈŠw‚·‚éy‰ğàuƒUEƒSƒ‹ƒtƒBƒ“ƒOƒ}ƒV[ƒ“v”95z",https://news.yahoo.co.jp/articles/0608b5695574c5bb19fc51c4a1bf5a6b00062cb6,2023/9/14(–Ø) 6:31
minnagolf,‚İ‚ñ‚È‚ÌƒSƒ‹ƒtƒ_ƒCƒWƒFƒXƒg,ƒ„ƒ}ƒn‚ÌVìƒhƒ‰ƒCƒo[uRMX VDvƒVƒŠ[ƒYBRAMAX‚Ì3ƒ‚ƒfƒ‹A‚»‚ê‚¼‚ê‚Ç‚ñ‚È«ŠiH@ƒvƒ‚ªƒR[ƒX‚Å‘Å‰ğà,https://news.yahoo.co.jp/articles/a7d7b9f34080b08ac084dd78c13ce33779809638,2023/9/13(…) 18:30
minnagolf,‚İ‚ñ‚È‚ÌƒSƒ‹ƒtƒ_ƒCƒWƒFƒXƒg,ƒAƒ}ƒ`ƒ…ƒA‚Ì8Š„‚Íƒ{[ƒ‹‚Ì‹ß‚­‚É—§‚¿‚·‚¬!? ‹C‚¿‚æ‚­ƒXƒEƒBƒ“ƒO‚·‚é‚½‚ß‚ÌƒAƒhƒŒƒX‚Ìì‚è•û‚ğ‚à‚¤ˆê“x‚¨‚³‚ç‚¢!,https://news.yahoo.co.jp/articles/90f53e555232fd19efaf7d50d10dc525ecd72b90,2023/9/13(…) 18:01
minnagolf,‚İ‚ñ‚È‚ÌƒSƒ‹ƒtƒ_ƒCƒWƒFƒXƒg,yƒSƒ‹ƒtƒ‹[ƒ‹ƒNƒCƒYzg3•ªˆÈ“àh‚ÉŒ©‚Â‚©‚Á‚½‚¯‚ÇA©•ª‚Ì‹…‚©Šm”F‚Å‚«‚È‚¢!@3•ª‚ğ‚¿‚å‚Á‚Æ‚®‚ç‚¢‰ß‚¬‚Ä‚à–â‘è‚È‚¢‚æ‚Ë?,https://news.yahoo.co.jp/articles/527d068f19f82b801c5e3c27eae372bd498ea941,2023/9/13(…) 12:30
minnagolf,‚İ‚ñ‚È‚ÌƒSƒ‹ƒtƒ_ƒCƒWƒFƒXƒg,ƒ‰ƒCƒ_[ƒJƒbƒv‰oê‚ÌMEƒz[ƒ}‚Íu¡‹G2Ÿ‚Ìƒvƒƒ€ƒLƒ“ƒOv‚Æ•Äƒ`[ƒ€å«B‚»‚ê‚Á‚Ä‚Ç‚¤‚¢‚¤ˆÓ–¡!?,https://news.yahoo.co.jp/articles/1f75b847ac2dafffa36556c29b4620f16ada3973,2023/9/13(…) 12:05
minnagolf,‚İ‚ñ‚È‚ÌƒSƒ‹ƒtƒ_ƒCƒWƒFƒXƒg,›ÀØX‚àƒ~ƒX‚µ‚½‚çu‚à‚¤‚Ç‚¤‚É‚Å‚à‚È‚êv‚ÆŠJ‚«’¼‚éBƒvƒ‚½‚¿‚ªÀ‘H‚·‚éÅ‹­‚Ìƒƒ“ƒ^ƒ‹pu—Ç‚¢ŠJ‚«’¼‚è•ûv‚ÌƒRƒc‚Æ‚ÍH,https://news.yahoo.co.jp/articles/8e7f9077527efff05d31572dbd422b4104d7f721,2023/9/13(…) 11:32
minnagolf,‚İ‚ñ‚È‚ÌƒSƒ‹ƒtƒ_ƒCƒWƒFƒXƒg,ƒrƒMƒi[‚±‚»ƒ}ƒl‚µ‚½‚¢A¼R‰p÷‚ÌƒpƒbƒeƒBƒ“ƒOB’´ƒI[ƒ\ƒhƒbƒNƒX‚ÈƒXƒ^ƒCƒ‹‚ğ‰ğà,https://news.yahoo.co.jp/articles/7b060d7381930d848862ebc083bbb3cafa05de08,2023/9/13(…) 7:31
minnagolf,‚İ‚ñ‚È‚ÌƒSƒ‹ƒtƒ_ƒCƒWƒFƒXƒg,–x‹Õ‰¹‚Í2012”NuX-DRIVE GRvA¡•½üŒá‚Í2011”Nuƒ^ƒCƒgƒŠƒXƒg910Hv‚ğˆ¤—pB‚È‚ºƒvƒ‚ÍgŒÃ‚ßhUTAFW‚ğD‚Ş‚Ì‚©?yƒNƒ‰ƒu‘I‚Ñ‚ğƒN[ƒ‹‰ğà!z,https://news.yahoo.co.jp/articles/8d8d0036bf48b4b10b169a6bcc2d3ddfef1788fc,2023/9/13(…) 6:32
minnagolf,‚İ‚ñ‚È‚ÌƒSƒ‹ƒtƒ_ƒCƒWƒFƒXƒg,uPGA‚Å¡ˆê”ÔƒVƒ‡[ƒgƒQ[ƒ€‚ª‰ºè‚È‘Ièv‚ÆSNS“®‰æ‚ğ”­M‚µ‚Ä‚¢‚½VEƒzƒuƒ‰ƒ“B”NŠÔ‰¤Ò‚Æ‚È‚Á‚½¡‹G‘å–ôi‚Ì—vˆö‚Æ‚Í?y²“¡MlƒAƒCƒYz,https://news.yahoo.co.jp/articles/46fa22a26d366594049863fdf053a376127cacf0,2023/9/12(‰Î) 18:30
minnagolf,‚İ‚ñ‚È‚ÌƒSƒ‹ƒtƒ_ƒCƒWƒFƒXƒg,"uOKƒpƒbƒgv‚É‚Â‚¢‚ÄV’ñˆÄBƒJƒbƒv•t‹ß‚Å""‚»‚í‚»‚í""‚·‚éƒSƒ‹ƒt‚ÍA‚à‚¤‚â‚ß‚É‚µ‚Ü‚¹‚ñ‚©?yQã! ƒSƒ‹ƒtƒ@[‰‰‡‘àz",https://news.yahoo.co.jp/articles/64abdba9f2aa4aead71073c7e6569fd070de9b05,2023/9/12(‰Î) 12:03
minnagolf,‚İ‚ñ‚È‚ÌƒSƒ‹ƒtƒ_ƒCƒWƒFƒXƒg,ƒ}ƒLƒƒC•ƒ‰[ƒ€APGA”NŠÔ‰¤Òƒzƒuƒ‰ƒ“‚ç‚ğ—i‚·‚é‰¢Bƒ`[ƒ€‚Ìƒƒ“ƒo[‚ªŒˆ’èBƒCƒ^ƒŠƒAEƒ[ƒ}‚ÅŠJÃ‚Ìƒ‰ƒCƒ_[ƒJƒbƒv,https://news.yahoo.co.jp/articles/52e312c9744731c1c0352b829976467ba429c90c,2023/9/12(‰Î) 11:33
minnagolf,‚İ‚ñ‚È‚ÌƒSƒ‹ƒtƒ_ƒCƒWƒFƒXƒg,"""—·lƒSƒ‹ƒtƒ@[""ì‘º¹OBŠCŠO‚ğåíê‚É‚µ‘±‚¯‚éƒ‚ƒ`ƒx[ƒVƒ‡ƒ“‚Æ‚Í?yì‘º¹O~¼—²Œõ ’jqƒvƒ‘Î’k‡Bz",https://news.yahoo.co.jp/articles/5ae7adef634537900d5e6517c5c9e36a8b24aec3,2023/9/12(‰Î) 7:31
minnagolf,‚İ‚ñ‚È‚ÌƒSƒ‹ƒtƒ_ƒCƒWƒFƒXƒg,"ƒcƒA[2Ÿ–ÚA_’J‚»‚ç‚ÌƒXƒEƒBƒ“ƒO‚ğƒvƒ‚ª‰ğàBˆ³“|“I”ò‹——£‚Æ•ûŒü«‚Ì—Ç‚³‚ğ¶‚Ş""‘ÌŠ²""‚Æ""èŒ³""‚Ì“®‚«‚Æ‚ÍHyŸÒ‚ÌƒXƒEƒBƒ“ƒOz",https://news.yahoo.co.jp/articles/e44a4ad7ba3db6721230c779cb431124b856f5c1,2023/9/12(‰Î) 6:32
minnagolf,‚İ‚ñ‚È‚ÌƒSƒ‹ƒtƒ_ƒCƒWƒFƒXƒg,ƒAƒCƒAƒ“ƒVƒ‡ƒbƒg‚Íuƒ{[ƒ‹‚ªƒtƒF[ƒX‚©‚ç—£‚ê‚é‚Ü‚Å‚Í‰EdSv‚ª³‰ğ!? ‰E‚É”ò‚Î‚³‚È‚¢‚½‚ß‚Ì’ˆÓ“_‚ğÀÛ‚É‚µ‚Ä‚İ‚½,https://news.yahoo.co.jp/articles/8afdd870f9ff1bd8f16fa94b46ba59bf607a4ded,2023/9/11(Œ) 18:31
minnagolf,‚İ‚ñ‚È‚ÌƒSƒ‹ƒtƒ_ƒCƒWƒFƒXƒg,ƒ}ƒLƒƒC‚Å‚à‚±‚ñ‚È‚±‚Æ‚ ‚é‚ÌH g’rƒ|ƒ`ƒƒh4”­‚Å—DŸ“¦‚·B¯–ì—¤–ç‚ÍŒ’“¬I ¡‹G2“x–Ú‚Ìƒgƒbƒv10“ü‚è,https://news.yahoo.co.jp/articles/5f69facd7c4730cf4454aa83d02c2a978c541175,2023/9/11(Œ) 12:30
minnagolf,‚İ‚ñ‚È‚ÌƒSƒ‹ƒtƒ_ƒCƒWƒFƒXƒg,gƒ~ƒYƒm—qh‚ª‘B’†BƒNƒ‰ƒuŒ_–ñƒtƒŠ[‚Ì—qƒvƒ‚ªƒ~ƒYƒm‚Ì’b‘¢ƒAƒCƒAƒ“‚ğ‘I‚ÔƒƒP‚Æ‚Í?,https://news.yahoo.co.jp/articles/f368e5c776695db02cf35a24fb79c218b76f3a38,2023/9/11(Œ) 12:06
minnagolf,‚İ‚ñ‚È‚ÌƒSƒ‹ƒtƒ_ƒCƒWƒFƒXƒg,“ú–{—qƒvƒ‘IèŒ ‚ÅƒcƒA[2Ÿ–Ú‚Ì_’J‚»‚çB•½‹Ï”ò‹——£1ˆÊ‚Ì–{l‚ª“š‚¦‚É‹‡‚·‚éu”ò‚Î‚µ‚Ì”éŒv‚Æ‚Í?,https://news.yahoo.co.jp/articles/7a51ccf30a14de3ec59f8bbe35bcef510a6e1266,2023/9/11(Œ) 11:32
minnagolf,‚İ‚ñ‚È‚ÌƒSƒ‹ƒtƒ_ƒCƒWƒFƒXƒg,"©•ª‚É‚Ò‚Á‚½‚è‚ÈƒAƒCƒAƒ“‘I‚Ñ‚É‚Í""ƒ\[ƒ‹""‚ª‘åØBƒ\[ƒ‹•AŒ`óAƒoƒEƒ“ƒXŠpcA«”\‚Ìˆá‚¢‚ğŒ©•ª‚¯‚éƒ|ƒCƒ“ƒg‚Æ‚ÍH",https://news.yahoo.co.jp/articles/5b166bc66c05187be1ce525c96680eef5e76a7c2,2023/9/11(Œ) 7:30
minnagolf,‚İ‚ñ‚È‚ÌƒSƒ‹ƒtƒ_ƒCƒWƒFƒXƒg,ƒŠƒAƒ‹ƒƒtƒgŠp29.4“x‚ÌƒfƒBƒXƒ^ƒ“ƒXŒnB‚â‚³‚µ‚­”ò‹——£‚ğo‚µ‚½‚¢ƒSƒ‹ƒtƒ@[‚É‚¨‚·‚·‚ß‚Ìƒ^ƒCƒgƒŠƒXƒguT350vƒAƒCƒAƒ“yƒwƒbƒhƒf[ƒ^‚Í‰R‚Â‚©‚È‚¢!z,https://news.yahoo.co.jp/articles/a3c93460fc57ff2dbecc2e76a7c208c20eadd0ec,2023/9/11(Œ) 6:30
minnagolf,‚İ‚ñ‚È‚ÌƒSƒ‹ƒtƒ_ƒCƒWƒFƒXƒg,V‚µ‚­‚È‚Á‚½PGAƒcƒA[H‚ÌwgƒtƒFƒfƒbƒNƒXƒJƒbƒvƒtƒH[ƒ‹h‚Á‚Ä‚Ç‚ñ‚ÈˆÊ’u‚Ã‚¯? ğ”N‚Æ‰½‚ª‚Ç‚¤•Ï‚í‚é‚Ì‚©‚Ü‚Æ‚ß‚½,https://news.yahoo.co.jp/articles/0bcb795337ec92c0ba6138d0e71114e0b070a0dd,2023/9/10(“ú) 18:30
minnagolf,‚İ‚ñ‚È‚ÌƒSƒ‹ƒtƒ_ƒCƒWƒFƒXƒg,‚ ‚È‚½‚Ìƒz[ƒ€ƒR[ƒX‚É‚àÌ—p‚³‚ê‚Ä‚¢‚é‚©‚à?@ƒR[ƒXİŒv‚ÌŠî–{‚ÌƒLuƒŒƒ_ƒ“v‚Á‚Ä‚Ç‚ñ‚ÈƒŒƒCƒAƒEƒg? y–¾“úg‚¦‚éƒSƒ‹ƒt—pŒêz,https://news.yahoo.co.jp/articles/d1263c08e49c15396a8a2143a5da063150e11041,2023/9/10(“ú) 12:30
minnagolf,‚İ‚ñ‚È‚ÌƒSƒ‹ƒtƒ_ƒCƒWƒFƒXƒg,‚Ô‚Á”ò‚Ñƒhƒ‰ƒCƒo[Œˆ’è!@42ƒ‚ƒfƒ‹‚ÌƒKƒ`ƒ“ƒR‘Å‘ÎŒˆ‚Åˆê”Ô”ò‚ñ‚¾ƒhƒ‰ƒCƒo[‚Í‚±‚ê‚¾!y2023”ND]1ƒOƒ‰ƒ“ƒvƒŠz,https://news.yahoo.co.jp/articles/6e21809ef1b0265a515ee72be2b2a188ca55c486,2023/9/10(“ú) 11:30
minnagolf,‚İ‚ñ‚È‚ÌƒSƒ‹ƒtƒ_ƒCƒWƒFƒXƒg,"“ú–{‚Ì""Œ³Ü‹à‰¤""ƒ`ƒƒƒ“EƒLƒ€‚ª—ˆ‹GPGAƒcƒA[‚Ö‰º•”ƒcƒA[‚©‚ç¸ŠiQí! À‚Í¢ŠE’†‚ÌƒvƒƒeƒXƒg‚ğó‚¯‚Ü‚­‚Á‚Ä“ú–{‚Ì’¸“_‚É—§‚Á‚½‹ê˜Jl‚¾‚Á‚½!?",https://news.yahoo.co.jp/articles/ccdda4a458b28c926a16003a8e21672e62358d12,2023/9/10(“ú) 7:31
minnagolf,‚İ‚ñ‚È‚ÌƒSƒ‹ƒtƒ_ƒCƒWƒFƒXƒg,”P“]·‚ğì‚Á‚Ä”ò‹——£ƒAƒbƒv‚·‚é‚½‚ß‚É‚Íu‘ÌŠ²v‚ªd—vI ƒoƒ‰ƒ“ƒX‚ğ•ö‚³‚¸‘Ì‚ğ‚Ë‚¶‚ê‚é‚æ‚¤‚É‚È‚é‘ÌŠ²ƒgƒŒyŒK–Øu”¿‚Ì‰õiŒ‚‚ğƒTƒ|[ƒg‚·‚éƒgƒŒ[ƒi[‚ª‹³‚¦‚éŠÈ’PƒgƒŒ[ƒjƒ“ƒOz,https://news.yahoo.co.jp/articles/f5953bc52c69cf37c46e8f4e2290af7a268dd6cb,2023/9/10(“ú) 6:30
minnagolf,‚İ‚ñ‚È‚ÌƒSƒ‹ƒtƒ_ƒCƒWƒFƒXƒg,"""10‘ã3Ÿ""ŸNˆäS“ßA""ƒAƒCƒhƒ‹""›ÀØXA""‰©‹à¢‘ã""¬‘ê…‰¹A""ƒvƒ8”N–Ú""•g“c‚İ‚È”üB‰—DŸ4l‚Ì—qƒvƒƒXƒEƒBƒ“ƒO‚ğƒvƒƒR[ƒ`‚ª‰ğà",https://news.yahoo.co.jp/articles/031067ae25402a456375560f8e61443bafb070c5,2023/9/9(“y) 18:30
minnagolf,‚İ‚ñ‚È‚ÌƒSƒ‹ƒtƒ_ƒCƒWƒFƒXƒg,y–¼è‚Ì–¼Œ¾zƒEƒHƒ‹ƒ^[Eƒw[ƒQƒ“uƒxƒXƒg‚ğs‚­‚µ‚Ä‘Å‚ÄBŒ‹‰Ê‚ª‚æ‚¯‚ê‚ÎÎ‚¢Aˆ«‚¯‚ê‚Î–Y‚ê‚ëv,https://news.yahoo.co.jp/articles/d9d09b9fa3c405ad0cfe8a4759a8a6b6e1e3f65b,2023/9/9(“y) 12:30
minnagolf,‚İ‚ñ‚È‚ÌƒSƒ‹ƒtƒ_ƒCƒWƒFƒXƒg,ƒrƒWƒFƒCEƒVƒ“5”N‚Ô‚è—DŸ‚Ì‰A‚ÅAñˆÊ‚ğ‘ˆ‚Á‚Ä‚¢‚½‘Iè‚É‹N‚«‚½u1ƒIƒ“5ƒpƒbƒgv‚Ì”ßŒ€,https://news.yahoo.co.jp/articles/2be006087c37d83ed03473cdabd18259f228a41f,2023/9/9(“y) 11:31
minnagolf,‚İ‚ñ‚È‚ÌƒSƒ‹ƒtƒ_ƒCƒWƒFƒXƒg,"Ø‚è•Ô‚µ‚Å‚Ì³‚µ‚¢‰º”¼g‚Ìg‚¢•ûBƒ_ƒEƒ“ƒXƒEƒBƒ“ƒO‚Í""‘«""‚Å‰Ÿ‚µ‚Ä""‹r""‚ğL‚Î‚·!?y“äƒLƒƒƒ‰ƒR[ƒ`w‚í‚«‚ã‚¤x‚Ì‹C‚É‚È‚é˜bò32z",https://news.yahoo.co.jp/articles/2b360ead8253c1ad04aa86d689d71d4984b68703,2023/9/9(“y) 7:31
minnagolf,‚İ‚ñ‚È‚ÌƒSƒ‹ƒtƒ_ƒCƒWƒFƒXƒg,•œŠˆŸ—˜‚©‚ç3ƒJŒAƒWƒFƒCƒ\ƒ“EƒfƒC‚ÌÅVƒZƒbƒeƒBƒ“ƒOBƒAƒCƒAƒ“‚ğƒ}ƒbƒXƒ‹ƒoƒbƒN‚ÉƒXƒCƒbƒ`AÔ‚¢ƒ}ƒŒƒbƒgƒpƒ^[‚ª•œŠˆ,https://news.yahoo.co.jp/articles/959b9f7d194324c9cda879add990f6ca11eb5f11,2023/9/9(“y) 6:30
minnagolf,‚İ‚ñ‚È‚ÌƒSƒ‹ƒtƒ_ƒCƒWƒFƒXƒg,¬j‚³‚­‚ç‚ª’P“ÆƒgƒbƒvI¼‹½^‰›AˆîŒ©–G”J‚ç‚ª’Ç‚¤“WŠJ‚ÌƒƒWƒƒ[2“ú–ÚBŒ»’n‚©‚çƒvƒ‚ªƒŒƒ|[ƒgy“ú–{—qƒvƒ‘IèŒ ƒRƒjƒJƒ~ƒmƒ‹ƒ^”tE2“ú–ÚƒŒƒ|z,https://news.yahoo.co.jp/articles/5a493587a378aef8957c16cf73168e08b6867a44,2023/9/8(‹à) 19:31
minnagolf,‚İ‚ñ‚È‚ÌƒSƒ‹ƒtƒ_ƒCƒWƒFƒXƒg,"¡‹G‚Í8l‚àƒjƒ…[ƒqƒƒCƒ“‚ª’a¶!  u""‰—DŸ‘g""‚ª‘½‚¢——Rv‚ğ—qƒvƒƒR[ƒ`‚ÆƒcƒA[’Ê‚Ìƒvƒ‚ª•ªÍ‚µ‚½",https://news.yahoo.co.jp/articles/b76a760f38c15435fa83c08df2ec1c2b5d285994,2023/9/8(‹à) 18:30
minnagolf,‚İ‚ñ‚È‚ÌƒSƒ‹ƒtƒ_ƒCƒWƒFƒXƒg,’·è‚Í¡”N‚Å2‰ñ–ÚB•ºŒÉ‚Æ•À‚ñ‚ÅÅ‚à‘½‚­ŠJÃ‚µ‚Ä‚¢‚éŒ§‚Í?@“s“¹•{Œ§•Êu“ú–{—qƒvƒvŠJÃ‰ñ”ƒ‰ƒ“ƒLƒ“ƒO,https://news.yahoo.co.jp/articles/55929b14162c1c54593db3eb514675ffb807518f,2023/9/8(‹à) 12:30
minnagolf,‚İ‚ñ‚È‚ÌƒSƒ‹ƒtƒ_ƒCƒWƒFƒXƒg,ƒRƒŠƒ“Eƒ‚ƒŠƒJƒAuƒxƒXƒgƒnƒYƒoƒ“ƒhÜv‚Éƒmƒ~ƒl[ƒgH È‚Ì‚½‚ßƒJ[ƒg‚ÉÏ‚İ‚«‚ê‚È‚¢‚ ‚é‚à‚Ì‚ğw“ü,https://news.yahoo.co.jp/articles/db5f6b064b8fb259789d1cedf454a5e638eb0ec0,2023/9/8(‹à) 11:33
minnagolf,‚İ‚ñ‚È‚ÌƒSƒ‹ƒtƒ_ƒCƒWƒFƒXƒg,PGAƒRƒ~ƒbƒVƒ‡ƒi[Eƒ‚ƒiƒnƒ“‚ªŠÏ‹q‚©‚ç‘åƒu[ƒCƒ“ƒO!  LIVƒSƒ‹ƒt‚ÆPGAƒcƒA[‚Ìu•s“§–¾‚È“‡v‚É”½Š´‚ğ”ƒ‚Á‚½!?,https://news.yahoo.co.jp/articles/bc2c7050ec413e9ce3e92b8dac72cc2033602e60,2023/9/8(‹à) 7:31
minnagolf,‚İ‚ñ‚È‚ÌƒSƒ‹ƒtƒ_ƒCƒWƒFƒXƒg,¬j‚³‚­‚ç‚ÉuƒvƒŒ[‚ª‘‚¢vu“V‘R‚Å‚µ‚åvu–º‚É‚µ‚½‚¢vAƒtƒ@ƒ““Š•[2ˆÊ‚É‚È‚Á‚½º‚ğ“`‚¦‚Ä‚İ‚½‚çc,https://news.yahoo.co.jp/articles/5508a507b78848d2f4217636dcc5cf4e063c6710,2023/9/8(‹à) 6:30
minnagolf,‚İ‚ñ‚È‚ÌƒSƒ‹ƒtƒ_ƒCƒWƒFƒXƒg,6ƒo[ƒfƒBA1ƒ{ƒM[‚ÌˆîŒ©–G”J‚ªb’èñˆÊ”­iB¬j‚³‚­‚çA›ÀØX‚à4ƒAƒ“ƒ_[‚ÆãXBŒ»’n‚©‚çƒvƒ‚ªƒŒƒ|[ƒgBy“ú–{—qƒvƒ‘IèŒ ƒRƒjƒJƒ~ƒmƒ‹ƒ^”tE‰“úƒŒƒ|z,https://news.yahoo.co.jp/articles/be4500e5491a8a6e2a951f51fc716e15388fd446,2023/9/7(–Ø) 16:02
minnagolf,‚İ‚ñ‚È‚ÌƒSƒ‹ƒtƒ_ƒCƒWƒFƒXƒg,ƒAƒCƒAƒ“‚Ì‹ÉˆÓuƒ_ƒEƒ“ƒuƒ[v‰pŒê‚Å‚ÌŒ¾‚¢•û‚Í‚¿‚å‚Á‚Æˆá‚¤?yƒSƒ‹ƒtg˜a»‰pŒêh«“Tz,https://news.yahoo.co.jp/articles/bea64e2982f2de581a944a2b7d6a12479d63c03a,2023/9/7(–Ø) 12:30
minnagolf,‚İ‚ñ‚È‚ÌƒSƒ‹ƒtƒ_ƒCƒWƒFƒXƒg,9Œ29“úƒ‰ƒCƒ_[ƒJƒbƒvŠJ–‹B•Ä‘ƒ`[ƒ€‚ÍÅ‘½oê‚Ìƒtƒ@ƒEƒ‰[AƒXƒs[ƒX‚ªƒƒWƒƒ[—DŸÒ2l‚ÌŒoŒ±•s‘«‚ğ•â‚¤!?,https://news.yahoo.co.jp/articles/5682e0da2ee9c3cf1a4da75eb26ee221aa29eb01,2023/9/7(–Ø) 12:00
minnagolf,‚İ‚ñ‚È‚ÌƒSƒ‹ƒtƒ_ƒCƒWƒFƒXƒg,jãÅ”N­u“ú–{ƒvƒv”eÒ‚Ì•½“cŒ›¹Bƒvƒ“ü‚è2”N–Ú‚ÌƒuƒŒƒCƒN‚Ì—vˆö‚ÍuƒRƒcƒRƒcA^–Ê–Ú‚É‚â‚é‚±‚Æv!?,https://news.yahoo.co.jp/articles/6f779af8f01b11778cd3aaf42881bd76886d7970,2023/9/7(–Ø) 11:32
minnagolf,‚İ‚ñ‚È‚ÌƒSƒ‹ƒtƒ_ƒCƒWƒFƒXƒg,c‹——£‚ª‡‚í‚È‚¢‚Ì‚Íu²ƒuƒŒv‚ªŒ´ˆö‚©‚àH ‘Ì‚Ì²‚ğ•Û‚Á‚ÄƒXƒEƒBƒ“ƒO‚·‚éƒRƒc‚ğAƒvƒ‚ªƒCƒ‰ƒXƒg‚ğŒğ‚¦‚Ä‰ğàI,https://news.yahoo.co.jp/articles/6f8f7596d8d479550ea0898c1bd75399b29f4609,2023/9/7(–Ø) 7:31
minnagolf,‚İ‚ñ‚È‚ÌƒSƒ‹ƒtƒ_ƒCƒWƒFƒXƒg,ã‹‰Ò‚Ù‚Çg‚¸‚éŒ«‚­hƒwƒbƒhƒXƒs[ƒh‚ğã‚°‚Ä‚¢‚é!?@ud—Ív‚ğŠˆ—p‚·‚é‚½‚ß‚ÌƒSƒ‹ƒt‚Ì•¨—Šw‚Æ‚ÍHy‰ğàuƒUEƒSƒ‹ƒtƒBƒ“ƒOƒ}ƒV[ƒ“v”94z,https://news.yahoo.co.jp/articles/9ea77afb1de578352fc8bc28036bed4e4b1d8319,2023/9/7(–Ø) 6:30
minnagolf,‚İ‚ñ‚È‚ÌƒSƒ‹ƒtƒ_ƒCƒWƒFƒXƒg,ƒ^ƒCƒK[EƒEƒbƒY‚Íí‚ÉÅV—˜_‚ÅƒXƒEƒBƒ“ƒO‚ği‰»‚³‚¹‚Ä‚«‚½!? ‘S·Šú‚ÌuƒWƒƒƒ“ƒv“®ìv‚Ål@!y–ÚàVGŒ›EƒXƒEƒBƒ“ƒO3.0”1z,https://news.yahoo.co.jp/articles/ff09dd67d00cd2b84c21d96bfda31956a96b410a,2023/9/6(…) 19:01
minnagolf,‚İ‚ñ‚È‚ÌƒSƒ‹ƒtƒ_ƒCƒWƒFƒXƒg,uƒsƒ“ƒ|ƒCƒ“ƒg‚Å‘_‚¦‚év30“xUT‚ÆuƒeƒB[ƒAƒbƒvvƒEƒFƒbƒW—ûBÂ–Ø£—ß“Ş‚Ì—ûK“ú‚Éƒvƒ‚ª’–ÚIy“ú–{—qƒvƒ‘IèŒ ƒRƒjƒJƒ~ƒmƒ‹ƒ^”tE—ûK“úƒŒƒ|z,https://news.yahoo.co.jp/articles/0b3a4fb0d95c0e0d9f44efec4167a65d0fb591dd,2023/9/6(…) 18:30
minnagolf,‚İ‚ñ‚È‚ÌƒSƒ‹ƒtƒ_ƒCƒWƒFƒXƒg,ƒV[ƒYƒ“”¼‚Î‚Ü‚Å‚ÍƒV[ƒhŒ ‘r¸‚Æˆø‘Ş‚ÌŠë‹@BI”Õ‚É2T˜A‘±—DŸ‚ğ‰Ê‚½‚µ‚½ƒ‹[ƒJƒXEƒOƒ[ƒo[‚ÌŠïÕ‚Æ‚Í?y²“¡MlƒAƒCƒYz,https://news.yahoo.co.jp/articles/8df23247aa66e246a486b12b88f2fb25f8fcba6b,2023/9/6(…) 12:04
minnagolf,‚İ‚ñ‚È‚ÌƒSƒ‹ƒtƒ_ƒCƒWƒFƒXƒg,’jqƒcƒA[uKBCƒI[ƒKƒXƒ^v‚ÌTV’†Œp‰ğà‚Åg’¿–h‚ª‹N‚«‚½!?@ƒMƒƒƒ‰ƒŠ[”‚Í2–œl’´‚¦‚Å”²ŒQ‚ÌW‹q—Í,https://news.yahoo.co.jp/articles/2c54d9750249f6425bfcf02e1dbd4ddc721e41b7,2023/9/6(…) 11:30
minnagolf,‚İ‚ñ‚È‚ÌƒSƒ‹ƒtƒ_ƒCƒWƒFƒXƒg,ƒrƒMƒi[‚ªŠo‚¦‚Ä‚¨‚«‚½‚¢ƒƒ“ƒ^ƒ‹ƒ}ƒlƒWƒƒ“ƒgBƒ~ƒX‚Å—‚¿‚Ü‚È‚¢‚½‚ß‚É‚ÍuÏ‹É“I‚ÈŠ´î•\Œ»v‚ª‘å–!?,https://news.yahoo.co.jp/articles/af6dfeecb81e864e09b07cf13e247d1edb4852c8,2023/9/6(…) 7:30
minnagolf,‚İ‚ñ‚È‚ÌƒSƒ‹ƒtƒ_ƒCƒWƒFƒXƒg,uƒpƒ‰ƒ_ƒCƒ€ŸŸŸvuZX7Mk‡UvuB1STvcg‚¿‚å‚¢¬‚Ô‚èhƒhƒ‰ƒCƒo[‚ª—qƒvƒ‚Él‹C‚È‚Ì‚Íƒiƒ[HyƒNƒ‰ƒu‘I‚Ñ‚ğƒN[ƒ‹‰ğà!z,https://news.yahoo.co.jp/articles/db25b59af25a0f742419bd9691b3ed7a61d60ddc,2023/9/6(…) 6:31
minnagolf,‚İ‚ñ‚È‚ÌƒSƒ‹ƒtƒ_ƒCƒWƒFƒXƒg,’·èog‚ÌŸNˆäS“ßB¡TA©‘î‚©‚ç’Ê‚¦‚éƒƒWƒƒ[‰ïê‚É‚Ç‚¤—Õ‚Ş? ƒvƒ‚ª—ûKƒ‰ƒEƒ“ƒh‚ğƒ`ƒFƒbƒN‚µ‚½y“ú–{—qƒvƒ‘IèŒ ƒRƒjƒJƒ~ƒmƒ‹ƒ^”tE—ûK“úƒŒƒ|z,https://news.yahoo.co.jp/articles/ac69709d253b3a79695c703728bca28bf96f8a5a,2023/9/5(‰Î) 18:30
minnagolf,‚İ‚ñ‚È‚ÌƒSƒ‹ƒtƒ_ƒCƒWƒFƒXƒg,‹ŠoáŠQÒ‚ÌƒgƒŒ[ƒjƒ“ƒO‚ÉŒ©‚Â‚¯‚½ƒSƒ‹ƒt‚Æ‚Ì‹¤’Ê“_B50‘ã‚Ì—q‘å¶‚ªŠw‚ÔƒSƒ‹ƒt‚ÆƒŠƒnƒrƒŠƒe[ƒVƒ‡ƒ“‡D,https://news.yahoo.co.jp/articles/0d50a859aa69255658ff775b30269f35e812869e,2023/9/5(‰Î) 17:30
minnagolf,‚İ‚ñ‚È‚ÌƒSƒ‹ƒtƒ_ƒCƒWƒFƒXƒg,ƒOƒŠ[ƒ“ã‚ÌƒJƒbƒv‚ÌˆÊ’uuƒsƒ“ƒvƒŒ[ƒXƒƒ“ƒgv‚ª“ú‚É‚æ‚Á‚Ä•Ï‚í‚é——R‚Æ‚Í?y–¾“úg‚¦‚éƒSƒ‹ƒt—pŒêz,https://news.yahoo.co.jp/articles/1bfe455fc35961767eded5dbb3633ab6b23881c1,2023/9/5(‰Î) 12:30
minnagolf,‚İ‚ñ‚È‚ÌƒSƒ‹ƒtƒ_ƒCƒWƒFƒXƒg,–kŠC“¹‚ÌˆÙí‚È‹‚³‚âƒƒWƒƒ[ÅI—\‘I‚à‰Á‚í‚Á‚½‰ß–§“ú’ö‚É—qƒvƒ‚½‚¿‚ª”ß–Â!?@‘“à—qƒcƒA[A‘Îô‚Í‚Ç‚¤‚·‚é?,https://news.yahoo.co.jp/articles/3c6e4a567b537e350954c65570af1ec618802efc,2023/9/5(‰Î) 12:05
minnagolf,‚İ‚ñ‚È‚ÌƒSƒ‹ƒtƒ_ƒCƒWƒFƒXƒg,‘¼l‚ÌƒXƒEƒBƒ“ƒO‚ğŒ©‚ÄA©•ª‚Ìã’B‚É–ğ—§‚Ä‚é3‚Â‚Ì•û–@Bƒ}ƒLƒƒC‚ÌgŠ®ƒRƒsh‚Í–³—‚Å‚àuŠÏ@v‚·‚é‚¾‚¯‚Åƒvƒ‰ƒX‚©‚à!?yQã!@ƒSƒ‹ƒtƒ@[‰‰‡‘àz,https://news.yahoo.co.jp/articles/7a0de350b6305c97bd011e6a0bdeb491b4c0d781,2023/9/5(‰Î) 11:30
minnagolf,‚İ‚ñ‚È‚ÌƒSƒ‹ƒtƒ_ƒCƒWƒFƒXƒg,‚±‚ê‚Í•|‚¢!@ƒSƒ‹ƒtƒ@[‚½‚¿‚Ìu”M’†Çv‘ÌŒ±Bc‹ƒSƒ‹ƒt‚Å‚Ü‚¾‚Ü‚¾‹C‚ğ•t‚¯‚½‚¢ƒ|ƒCƒ“ƒg‚Æ‚ÍH,https://news.yahoo.co.jp/articles/0bcfd67a43f7d6466fece00ecc8b8d5076463ca3,2023/9/5(‰Î) 7:30
minnagolf,‚İ‚ñ‚È‚ÌƒSƒ‹ƒtƒ_ƒCƒWƒFƒXƒg,“ïƒZƒbƒeƒBƒ“ƒO‚Ì•xm÷‚Å‹à’J‘ñÀ‚ªVI ¢ŠEƒŒƒxƒ‹‚Ì‹…¿‚ğ¶‚ŞuˆÀ’èƒCƒ“ƒpƒNƒgv‚ÌƒXƒEƒBƒ“ƒO‚ğƒvƒ‚ª‰ğàyŸÒ‚ÌƒXƒEƒBƒ“ƒOz,https://news.yahoo.co.jp/articles/e75748b871b7e19cdcc2b20efb26c39484f30b93,2023/9/5(‰Î) 6:32
minnagolf,‚İ‚ñ‚È‚ÌƒSƒ‹ƒtƒ_ƒCƒWƒFƒXƒg,—Ç‚¢ƒVƒ‡ƒbƒg‚Í—Ç‚¢\‚¦‚©‚çI ƒAƒhƒŒƒX‚ğ•ö‚³‚È‚¢‚½‚ß‚É‹C‚ğ•t‚¯‚½‚¢u5‚Â‚Ìƒ|ƒCƒ“ƒgv‚ğÀÛ‚ÉŠm‚©‚ß‚Ä‚İ‚½,https://news.yahoo.co.jp/articles/728764f6e6752605d906059270f522c89ab4a96f,2023/9/4(Œ) 18:30
minnagolf,‚İ‚ñ‚È‚ÌƒSƒ‹ƒtƒ_ƒCƒWƒFƒXƒg,22-23”NPGAƒcƒA[‚Å¶‚Ü‚ê‚½‹Á‚­‚×‚«‹L˜^‚Ì”XBˆê”Ô”ò‚Î‚µ‚½‚Ì‚ÍH Å’·ƒpƒbƒg‚ğŒˆ‚ß‚½‚Ì‚Í’N‚¾‚Á‚½H,https://news.yahoo.co.jp/articles/db1d6e7607dec6399e1da5736206da1ce07d07b7,2023/9/4(Œ) 12:03
minnagolf,‚İ‚ñ‚È‚ÌƒSƒ‹ƒtƒ_ƒCƒWƒFƒXƒg,"¡‹G3Ÿ–Ú‚ğ‹“‚°‚½ŸNˆäS“ßB ¡T‚Í’nŒ³E’·è‚ÅŠJÃ‚Ì“ú–{—qƒvƒ‚Å""ƒƒWƒƒ[V""&""10‘ã4Ÿ–Ú""‚ğ‘_‚¤!",https://news.yahoo.co.jp/articles/76dc08865c003b930d26098c10795b357f394db0,2023/9/4(Œ) 11:32
minnagolf,‚İ‚ñ‚È‚ÌƒSƒ‹ƒtƒ_ƒCƒWƒFƒXƒg,dS‹——£37.5ƒ~ƒŠ‚ÅAg“¦‚°Š´h‚Ì‚ ‚éƒwƒbƒhB‘ÅŠ´‚Ì“î‚ç‚©‚³‚Æ‘€ì«‚Ì—Ç‚³‚ª“Á’¥! ƒ^ƒCƒgƒŠƒXƒguT200vƒAƒCƒAƒ“yƒwƒbƒhƒf[ƒ^‚Í‰R‚Â‚©‚È‚¢!z,https://news.yahoo.co.jp/articles/c8afd359a60d826ce1ee5878369ec6546eef7650,2023/9/4(Œ) 7:30
minnagolf,‚İ‚ñ‚È‚ÌƒSƒ‹ƒtƒ_ƒCƒWƒFƒXƒg,©•ª‚É‚Ò‚Á‚½‚è‚ÌƒAƒCƒAƒ“ƒVƒƒƒtƒg‚ÌŒ©‚Â‚¯•ûBƒtƒBƒbƒeƒBƒ“ƒO‚ªó‚¯‚ç‚ê‚È‚¢ê‡A‚Ç‚±‚É‹C‚ğ•t‚¯‚éH@‚Ç‚¤‘I‚×‚Î‚¢‚¢H,https://news.yahoo.co.jp/articles/f59a597933310b52e7b5e9f4ffb0c1ecef718d27,2023/9/4(Œ) 6:30
minnagolf,‚İ‚ñ‚È‚ÌƒSƒ‹ƒtƒ_ƒCƒWƒFƒXƒg,9Î‚ÌƒlƒbƒgƒtƒŠƒbƒNƒXo‰‰Al‹CÒ‚É‚È‚Á‚½—‚Ìq‚ª19Î‚ÅƒcƒA[‰—DŸBƒAƒŒƒNƒTEƒpƒm‚Á‚Ä‚±‚ñ‚È‘Iè,https://news.yahoo.co.jp/articles/66f69593916a006bddfd02a1e23debef4cc814b7,2023/9/3(“ú) 18:30
minnagolf,‚İ‚ñ‚È‚ÌƒSƒ‹ƒtƒ_ƒCƒWƒFƒXƒg,ƒSƒ‹ƒt‚Íg¶‰E‚Ìè‚Ìˆø‚Á’£‚è‡‚¢h‚ª‘å–!@ƒXƒEƒBƒ“ƒO‚ª‚æ‚­‚È‚éuè‚Æwv‚Ìg‚¢•û‚Æ‚Í?yã”¼gƒŠ[ƒhEŒã•Òz,https://news.yahoo.co.jp/articles/1f93da60993c0e2c404071b31439e71002b50ab5,2023/9/3(“ú) 11:30
minnagolf,‚İ‚ñ‚È‚ÌƒSƒ‹ƒtƒ_ƒCƒWƒFƒXƒg,uƒXƒEƒBƒ“ƒO‚Íã”¼gƒŠ[ƒhv!?@ƒxƒeƒ‰ƒ“‰œ“c–õŒÈƒvƒ‚àg–ÚƒEƒƒRh‚Ì”ò‚Î‚·‚½‚ß‚Ì—¼è‚Ì“®‚«‚Æ‚ÍHyã”¼gƒŠ[ƒhE‘O•Òz,https://news.yahoo.co.jp/articles/8a05fe41caeb58e776642165574804fdcc42cd20,2023/9/3(“ú) 7:30
minnagolf,‚İ‚ñ‚È‚ÌƒSƒ‹ƒtƒ_ƒCƒWƒFƒXƒg,g‘OŒXp¨ƒL[ƒvh‚ÍŒÒŠÖß‚Ì_“î«‚©‚ç ! ’·‚¢ƒCƒ“ƒpƒNƒgƒ][ƒ“‚É‚È‚Á‚Ä”ò‹——£‚Æ•ûŒü«‚ªˆÀ’è‚·‚éuŒÒŠÖßvƒgƒŒyŒK–Øu”¿‚Ì‰õiŒ‚‚ğƒTƒ|[ƒg‚·‚éƒgƒŒ[ƒi[‚ª‹³‚¦‚éŠÈ’PƒgƒŒ[ƒjƒ“ƒOz,https://news.yahoo.co.jp/articles/2ca75f7aec4c5774b5d2db58449a6200c424df5e,2023/9/3(“ú) 6:30
minnagolf,‚İ‚ñ‚È‚ÌƒSƒ‹ƒtƒ_ƒCƒWƒFƒXƒg,‘S•ÄƒAƒ}‚Å16Î‚Ì­”N‚ªg‹…¹hƒ{ƒr[EƒWƒ‡[ƒ“ƒY‚ª‚Á‚Ä‚¢‚½‹L˜^‚ğ“h‚è‘Ö‚¦‚é‰õ‹“,https://news.yahoo.co.jp/articles/fd290ed7f07bb85054aca778c9e4f5539e36f546,2023/9/2(“y) 18:30
minnagolf,‚İ‚ñ‚È‚ÌƒSƒ‹ƒtƒ_ƒCƒWƒFƒXƒg,15Î‚Ì’†“‡Œ[‘¾‚âÎì—ÉA17Î‚Ì”ä‰Ãˆê‹MccBƒcƒA[‚ÅŠˆ–ô‚·‚é’jqƒvƒ‚½‚¿‚ÌƒWƒ…ƒjƒA‘ã‚ğƒvƒŒ[ƒoƒbƒN!yuGDƒWƒ…ƒjƒAƒJƒbƒvvƒAƒ‹ƒoƒ€‡Az,https://news.yahoo.co.jp/articles/ad26a5533e8f4093c15339a731600ea85bb09dd4,2023/9/2(“y) 11:31
minnagolf,‚İ‚ñ‚È‚ÌƒSƒ‹ƒtƒ_ƒCƒWƒFƒXƒg,ƒAƒ}ƒ`ƒ…ƒA‚É‘½‚¢ƒe[ƒNƒoƒbƒN‚Ìg‘ÌdˆÚ“®‚ÌŠ¨ˆá‚¢h‚Æ‚ÍH ‚Ç‚¤“®‚­‚Ì‚ª³‰ğHy“äƒLƒƒƒ‰ƒR[ƒ`w‚í‚«‚ã‚¤x‚Ì‹C‚É‚È‚é˜bò31z,https://news.yahoo.co.jp/articles/380611e2c65639e93978fd6b653e8a97fa6a9f55,2023/9/2(“y) 7:31
minnagolf,‚İ‚ñ‚È‚ÌƒSƒ‹ƒtƒ_ƒCƒWƒFƒXƒg,ƒAƒCƒAƒ“‚ÉƒEƒFƒbƒW‚àg’b‘¢‚Ì¹’nh•ºŒÉŒ§sì’¬‚Ì“¡–{‹ZH»I ¡‹GAbema‚Å2˜AŸ‚Ìƒz[ƒvE¶Œ¹›—´Œ›‚Ìg‚±‚¾‚í‚èhƒZƒbƒeƒBƒ“ƒO,https://news.yahoo.co.jp/articles/818956501157ba47afc7405f713fff7ba65d51d4,2023/9/2(“y) 6:30
minnagolf,‚İ‚ñ‚È‚ÌƒSƒ‹ƒtƒ_ƒCƒWƒFƒXƒg,‹g–{‚Ğ‚©‚é‚Ì‰—DŸ‚ğ“±‚¢‚½’†“‡•q‰ëƒR[ƒ`‚Ì‹³‚¦BƒVƒ‡[ƒgƒQ[ƒ€‚Åg’²q‚Ì”gh‚ª‹N‚«‚È‚¢uƒtƒF[ƒX‚Éæ‚¹‚év‹Zp‚Æ‚ÍH,https://news.yahoo.co.jp/articles/6f3e7532925b5e79e9fb8e6882c01a6ed86c2c2d,2023/9/1(‹à) 18:30
minnagolf,‚İ‚ñ‚È‚ÌƒSƒ‹ƒtƒ_ƒCƒWƒFƒXƒg,ƒtƒWƒTƒ“ƒPƒC‚ÅD”­iI “ú–{ƒAƒ}‚à§‚µ‚½‘‘å¶E’†–ì—Ù‘¾˜N‚Í‚Ç‚ñ‚È‘IèH –{l‚É’¼Ú•·‚¢‚Ä‚İ‚½,https://news.yahoo.co.jp/articles/22d944b1658b3975d20fe74d10a1c969f1732f31,2023/9/1(‹à) 18:04
minnagolf,‚İ‚ñ‚È‚ÌƒSƒ‹ƒtƒ_ƒCƒWƒFƒXƒg,y–¼è‚Ì–¼Œ¾zƒEƒHƒ‹ƒ^[EƒVƒ“ƒvƒ\ƒ“uƒSƒ‹ƒt‚Í^Œ•‚Éæ‚è‘g‚İ‚·‚¬‚é‚Æ©‘R‚Ö‚ÌˆØŒh‚Ì”O‚Ü‚Å‚È‚­‚µ‚Ä‚µ‚Ü‚¤v,https://news.yahoo.co.jp/articles/acc2fcd16901d5e74294c6620fd9877ea22bccb4,2023/9/1(‹à) 12:30
minnagolf,‚İ‚ñ‚È‚ÌƒSƒ‹ƒtƒ_ƒCƒWƒFƒXƒg,ƒzƒeƒ‹‚Ì‚È‚©‚Å—ûK•ƒo[ƒ`ƒƒƒ‹ƒ‰ƒEƒ“ƒh! •iìƒvƒŠƒ“ƒX‚ÉuSEIBU FAST SPORTS FIELD•iìƒSƒ‹ƒtv‚ªŠJ‹Æ,https://news.yahoo.co.jp/articles/cb49965b4f6d95e0f2265575ce87671f13e14923,2023/9/1(‹à) 11:32
minnagolf,‚İ‚ñ‚È‚ÌƒSƒ‹ƒtƒ_ƒCƒWƒFƒXƒg,PGAƒcƒA[‚ÌuƒvƒŒ[ƒ„[EƒCƒ“ƒpƒNƒgEƒvƒƒOƒ‰ƒ€vA¡”N‚Ì1ˆÊ‚ÍƒŠƒbƒL[Eƒtƒ@ƒEƒ‰[‚ÅŒˆ‚Ü‚èH •œŠˆ‚µ‚½l‹CÒ‚É”œ‘å‚ÈƒNƒŠƒXƒ}ƒXƒ{[ƒiƒX‚Ì—\Š´,https://news.yahoo.co.jp/articles/cbe751d7b6cb29fd6e0c637f209c974878edb6f2,2023/9/1(‹à) 11:30
minnagolf,‚İ‚ñ‚È‚ÌƒSƒ‹ƒtƒ_ƒCƒWƒFƒXƒg,ƒOƒŠ[ƒ“‚Ö‚ÌgŠñ‚¹h‚É‚à—LŒø!? 100Ø‚è‚Ì‚½‚ß‚Ìƒ†[ƒeƒBƒŠƒeƒBŠˆ—p–@y‰SÒ‚ğ’E‚µ‚½ƒSƒ‹ƒtƒ@[‚ªw100x‚ğØ‚é‚½‚ß‚ÌƒŒƒbƒXƒ“z,https://news.yahoo.co.jp/articles/7f7adef38763068e32b95f2416c7b015a6fb2183,2023/9/1(‹à) 7:30
minnagolf,‚İ‚ñ‚È‚ÌƒSƒ‹ƒtƒ_ƒCƒWƒFƒXƒg,©‘î‚ÌƒKƒŒ[ƒW‚©‚ç¢ŠE‚Ìƒgƒbƒv‚É“o‚è‚Â‚ß‚½ƒpƒ^[ƒuƒ‰ƒ“ƒhuƒXƒRƒbƒeƒBƒLƒƒƒƒƒ“v‚Ì–£—Í‚ğ‰ü‚ß‚Äl‚¦‚½yƒLƒƒƒƒƒ“ƒ}ƒjƒAéŒ¾z,https://news.yahoo.co.jp/articles/41fbd8e91e041f136622d9c7675eb58fa0598317,2023/9/1(‹à) 6:32
minnagolf,‚İ‚ñ‚È‚ÌƒSƒ‹ƒtƒ_ƒCƒWƒFƒXƒg,"66ÎBEƒ‰ƒ“ƒK[‚Æ54Î“¡“cŠ°”V‚Ì‹Zp‚Ì·‚Æ‚Í?@ŠCŠOƒƒWƒƒ[‚Åƒxƒeƒ‰ƒ““¡“c‚ª‰‘ÌŒ±‚µ‚½ƒVƒjƒA‚Ì""¢ŠEŠî€""",https://news.yahoo.co.jp/articles/6c678cef5db2fe700d10f0f8d8811fa0f952a8de,2023/8/31(–Ø) 19:00
minnagolf,‚İ‚ñ‚È‚ÌƒSƒ‹ƒtƒ_ƒCƒWƒFƒXƒg,9Î‚Ì¼‘º—DØA11Î‚ÌˆîŒ©–G”JA13Î‚ÌŠâˆäo–…A24”N‘O‚Ìã“c“qcc¡‚ğ‚Æ‚«‚ß‚­—qƒvƒ‚½‚¿‚ÌƒŒƒAÊ^”­Œ@!yuGDƒWƒ…ƒjƒAƒJƒbƒvvƒAƒ‹ƒoƒ€‡@z,https://news.yahoo.co.jp/articles/b9c03e29bb9e75f711a33e3cf0319d1688bf1c3f,2023/8/31(–Ø) 18:30
minnagolf,‚İ‚ñ‚È‚ÌƒSƒ‹ƒtƒ_ƒCƒWƒFƒXƒg,h‘Ö‚¦‚È‚¢’jh‚ªƒJ[ƒ{ƒ“ƒNƒ‰ƒEƒ“‚ÌVì‚Éƒgƒ‰ƒC!@¡•½üŒá‚Ì14–{ƒZƒbƒeƒBƒ“ƒO,https://news.yahoo.co.jp/articles/659f3a8e6c1fa1493b9733e6e8acb8c3fb87e982,2023/8/31(–Ø) 12:30
minnagolf,‚İ‚ñ‚È‚ÌƒSƒ‹ƒtƒ_ƒCƒWƒFƒXƒg,‘S‰pOP2ŸA‘S•Äƒvƒ1Ÿ‚ÌPEƒnƒŠƒ“ƒgƒ“Bƒ†[ƒ`ƒ…[ƒo[‚Æ‚µ‚Ä‚àŠˆ–ô‚·‚é51Î‚ÌƒSƒ‹ƒt‚É’–Ú!y²“¡MlƒAƒCƒYz,https://news.yahoo.co.jp/articles/98be5008b683f978555ea9ba9efe7ef5edd29fd7,2023/8/31(–Ø) 12:06
minnagolf,‚İ‚ñ‚È‚ÌƒSƒ‹ƒtƒ_ƒCƒWƒFƒXƒg,"“¹‹ï‚Ìi‰»‚É‚æ‚éuƒSƒ‹ƒt‚Ì•Ï¿v‚ªƒvƒ‚¾‚¯‚Å‚È‚­Šw¶ƒSƒ‹ƒtŠE‚É‚à!? ""ƒAƒ“ƒ_[‡í""‚Í‚Ç‚±‚Ü‚Å‘±‚­?",https://news.yahoo.co.jp/articles/6185df9e22971a12175fa083ac73a5bd1e4a3ee5,2023/8/31(–Ø) 11:32
minnagolf,‚İ‚ñ‚È‚ÌƒSƒ‹ƒtƒ_ƒCƒWƒFƒXƒg,‘Ì‚Ì²‚ªƒuƒŒ‚é‚Ì‚ÍuƒNƒ‰ƒu‚Ì“®‚©‚µ•ûv‚ÌƒCƒ[ƒW‚ªŠÔˆá‚Á‚Ä‚¢‚é‚©‚ç‚©‚à!? ³‚µ‚¢“®‚«‚ğƒvƒ‚ªƒCƒ‰ƒXƒg‚ğŒğ‚¦‚Ä‰ğàI,https://news.yahoo.co.jp/articles/489240e5e696177c7f58e02a8fc0e321eeec09f6,2023/8/31(–Ø) 7:30
minnagolf,‚İ‚ñ‚È‚ÌƒSƒ‹ƒtƒ_ƒCƒWƒFƒXƒg,uƒVƒƒƒ\ƒCƒ“ƒOv‚È‚ç‚ÊuƒXƒeƒB[ƒsƒ“ƒOv!? •ÄƒcƒA[”NŠÔ‰¤ÒAVEƒzƒuƒ‰ƒ“‚ÌƒXƒEƒBƒ“ƒO‚ğ‰ÈŠw“I‚É•ªÍy‰ğàuƒUEƒSƒ‹ƒtƒBƒ“ƒOƒ}ƒV[ƒ“v”93z,https://news.yahoo.co.jp/articles/01d833edbf9bfc884d6d6957b504bff0255184e0,2023/8/31(–Ø) 6:31
minnagolf,‚İ‚ñ‚È‚ÌƒSƒ‹ƒtƒ_ƒCƒWƒFƒXƒg,Œ‹‰Ê‚ªo‚È‚­‚Ä‚àƒ|ƒWƒeƒBƒu‚É!! ”ò‹——£ƒAƒbƒv‚ğ–Úw‚·Šİ•”“q‚Ì•±“¬‚ğ’Ç‚¢‚©‚¯‚½,https://news.yahoo.co.jp/articles/71383cf04b27627697fe53d557f55063e0015bec,2023/8/30(…) 18:30
minnagolf,‚İ‚ñ‚È‚ÌƒSƒ‹ƒtƒ_ƒCƒWƒFƒXƒg,ƒ}ƒLƒƒC‚ªƒfƒVƒƒƒ“ƒ{[‚ğ’´‚¦‚Ä—ğ‘ãÅ’·‹L˜^‚ğXV!@PGAƒcƒA[•½‹Ï”ò‹——£ƒgƒbƒv10yƒSƒ‹ƒt‚È‚ñ‚Å‚àƒ‰ƒ“ƒLƒ“ƒOz,https://news.yahoo.co.jp/articles/383424e8fd9cb6cd26c1235d8d56a298a767f073,2023/8/30(…) 12:30
minnagolf,‚İ‚ñ‚È‚ÌƒSƒ‹ƒtƒ_ƒCƒWƒFƒXƒg,"ƒXƒsƒ“‚ğ‚©‚¯‚éƒEƒFƒbƒW‚Ìg‚¢•û‚ğƒNƒ‰ƒuİŒv‰Æ‚ª‰ğàB""ƒtƒF[ƒX‚ğŠJ‚¢‚Ä•Â‚¶‚é""“®‚«‚ªƒ|ƒCƒ“ƒg!?yƒNƒ‰ƒu‘I‚Ñ‚ğƒN[ƒ‹‰ğà!z",https://news.yahoo.co.jp/articles/f55a90274aad0895b32822162160d5911fb725ce,2023/8/30(…) 12:04
minnagolf,‚İ‚ñ‚È‚ÌƒSƒ‹ƒtƒ_ƒCƒWƒFƒXƒg,"¢ŠE‚ÅŠˆ–ô‚·‚é‚Ì‚É•K—v‚È‚Ì‚Í""Œª‹•‚³""?  ""Œú‚©‚Ü‚µ‚³""? —·lƒSƒ‹ƒtƒ@[Eì‘º¹O‚©‚ç“ú–{‚Ìáèƒvƒ‚ÖƒƒbƒZ[ƒWyì‘º¹O~¼—²Œõ ’jqƒvƒ‘Î’k‡Az",https://news.yahoo.co.jp/articles/188485cd440e219841d31b40b6a2a72003206a91,2023/8/30(…) 11:32
minnagolf,‚İ‚ñ‚È‚ÌƒSƒ‹ƒtƒ_ƒCƒWƒFƒXƒg,ƒXƒEƒBƒ“ƒO’†‚Éuƒwƒbƒh‚ª‘–‚év‚Á‚Ä‹ï‘Ì“I‚É‚Ç‚¤‚¢‚¤ó‘ÔH ƒrƒMƒi[‚ÍˆÓ¯‚µ‚½‚Ù‚¤‚ª‚¢‚¢‚ÌH,https://news.yahoo.co.jp/articles/2f56351ae0e91ea57f9e63565431dc80ed6e1b8e,2023/8/30(…) 7:30
minnagolf,‚İ‚ñ‚È‚ÌƒSƒ‹ƒtƒ_ƒCƒWƒFƒXƒg,PGAƒcƒA[‚Æ‰¢BƒcƒA[Aˆá‚¤‘å‰ï‚Å“¯T2ˆÊ! –ô“®‚µ‚½ƒ}ƒVƒ…[‚ÆƒAƒŒƒbƒNƒX‚ÌƒtƒBƒbƒcƒpƒgƒŠƒbƒNŒZ’í,https://news.yahoo.co.jp/articles/c2248739ee95e71b6ad17a9c35a56e9c4c3e711a,2023/8/30(…) 6:30
minnagolf,‚İ‚ñ‚È‚ÌƒSƒ‹ƒtƒ_ƒCƒWƒFƒXƒg,"ƒQ[ƒ€ƒ`ƒFƒ“ƒWƒƒ[‚Ì“oê‚© ‘•’…ˆ³—Í‚Å""ƒVƒƒƒtƒg‚Ì“Á«""‚ğ•Ï‰»‚³‚¹‚éƒfƒoƒCƒXuƒvƒƒRƒAv‚ª‰ã—¤!",https://news.yahoo.co.jp/articles/6bb2f35aceab940b31f7b99b52fbcced0196f1af,2023/8/29(‰Î) 18:30
minnagolf,‚İ‚ñ‚È‚ÌƒSƒ‹ƒtƒ_ƒCƒWƒFƒXƒg,9Œ”­”„‚Ìƒe[ƒ‰[ƒƒCƒhuƒ~ƒ‹ƒhƒOƒ‰ƒCƒ“ƒh4iMG4jv‚ğƒvƒ‚ªæs‘Å‰ğàI VìƒEƒFƒbƒW‚ÌƒXƒsƒ“«”\‚Í?,https://news.yahoo.co.jp/articles/29bdf06cb6b527cfd086097ba4d37b5f0df0518a,2023/8/29(‰Î) 18:01
minnagolf,‚İ‚ñ‚È‚ÌƒSƒ‹ƒtƒ_ƒCƒWƒFƒXƒg,"ƒSƒ‹ƒt‚ÌŠy‚µ‚İ•û‚ÌV’ñˆÄBuƒXƒgƒ[ƒNƒvƒŒ[vˆÈŠO‚à‚µ‚Ä‚İ‚È‚¢H  ""ƒKƒ`""ƒSƒ‹ƒtƒ@[‚É‚ÍuƒtƒHƒAƒ{[ƒ‹vuƒtƒHƒAƒTƒ€vA‰E’†‹‰Ò‚É‚ÍuƒXƒe[ƒuƒ‹ƒtƒH[ƒhvyQã!@ƒSƒ‹ƒtƒ@[‰‰‡‘àz",https://news.yahoo.co.jp/articles/7f5d02bc22de8713a6ed87d1fe2a499df573bc2a,2023/8/29(‰Î) 12:02
minnagolf,‚İ‚ñ‚È‚ÌƒSƒ‹ƒtƒ_ƒCƒWƒFƒXƒg,ƒnƒƒCR‰Î–AƒSƒ‹ƒtŠE‚ª‘±Xx‰‡! ^‚Áæ‚Éè‚ğ‹“‚°‚½ƒRƒŠƒ“Eƒ‚ƒŠƒJƒuƒ}ƒEƒC‚Í„‚ÌS‚Ì’†‚Å“Á•Ê‚ÈêŠv,https://news.yahoo.co.jp/articles/4aa5508033925a8b4dcbc0eb3c0def561fa64308,2023/8/29(‰Î) 11:31
minnagolf,‚İ‚ñ‚È‚ÌƒSƒ‹ƒtƒ_ƒCƒWƒFƒXƒg,‘§q‚ÉƒR[ƒ`‚µ‚È‚ª‚çƒAƒ‹ƒoƒgƒƒX!? ƒgƒj[EƒtƒBƒiƒE‚Ìƒvƒ‰ƒCƒx[ƒgƒ‰ƒEƒ“ƒh‚É“¯s‚µ‚½‚çA‚â‚Á‚Ï‚è‹C‚³‚­‚Å‚·‚²‚©‚Á‚½yPGAƒcƒA[ ƒzƒbƒgƒ‰ƒCƒ“z,https://news.yahoo.co.jp/articles/5a691944f98dedafbbae7ec78744cee3f3b11e4d,2023/8/29(‰Î) 7:31
minnagolf,‚İ‚ñ‚È‚ÌƒSƒ‹ƒtƒ_ƒCƒWƒFƒXƒg,¡‹G‰—DŸ‚Ì‹e’nŠG—B•ûŒü«‚Ì‚¢‚¢gƒAƒvƒ[ƒ`“IhƒtƒF[ƒXg‚¢‚ÌƒXƒEƒBƒ“ƒO‚ğƒvƒ‚ª‰ğàyŸÒ‚ÌƒXƒEƒBƒ“ƒOz,https://news.yahoo.co.jp/articles/c7971c9197ad563d7377291d5b3b150a8ed35434,2023/8/29(‰Î) 6:31
minnagolf,‚İ‚ñ‚È‚ÌƒSƒ‹ƒtƒ_ƒCƒWƒFƒXƒg,ƒeƒjƒXƒ{[ƒ‹‚ğ‘Å‚Â‚ÆuƒCƒ“ƒpƒNƒg‚Í’Ê‰ß“_v‚ÌƒCƒ[ƒW‚ª‚Â‚©‚ß‚é‚©‚à!? ]˜A’‰ƒvƒ‚ª‹³‚¦‚éA—Í‚Ü‚¸U‚èØ‚é‚½‚ß‚Ì—ûK–@‚ğ‚µ‚Ä‚İ‚½,https://news.yahoo.co.jp/articles/9b868af3985263947ef8c9b7e467c7ce16adbd27,2023/8/28(Œ) 18:30
minnagolf,‚İ‚ñ‚È‚ÌƒSƒ‹ƒtƒ_ƒCƒWƒFƒXƒg,PGAƒcƒA[”NŠÔ‰¤Ò‚ÍƒrƒNƒgƒ‹Eƒzƒuƒ‰ƒ“‚ÉI ÅIí‚àˆ³ŸA25Î‚ªÀŒ»‚µ‚½g2TŠÔ‚Å30‰­’´ƒQƒbƒgh‚ÉŠJ‚¢‚½Œû‚ªÇ‚ª‚ç‚È‚¢H,https://news.yahoo.co.jp/articles/f68dfd11382bdd05eff048339b20c961c887380d,2023/8/28(Œ) 12:00
minnagolf,‚İ‚ñ‚È‚ÌƒSƒ‹ƒtƒ_ƒCƒWƒFƒXƒg,’nŒ³E–kŠC“¹‚ÌuƒjƒgƒŠƒŒƒfƒBƒXv‚Å‹e’nŠG—‚ªŸ—˜I  ˆ«“VŒó‚Å5ŠÔ‘Ò‚¿‚Ìu‹êèv‚ÈƒvƒŒ[ƒIƒt‚ğ§‚·,https://news.yahoo.co.jp/articles/2f0e4a5f3203d413d62a597ccd1347b0c3f9d4dd,2023/8/28(Œ) 11:31
minnagolf,‚İ‚ñ‚È‚ÌƒSƒ‹ƒtƒ_ƒCƒWƒFƒXƒg,gc’·ƒwƒbƒhh‚¾‚¯‚ÇdS‹——£‚ª”ñí‚É’Z‚¢36.6ƒ~ƒŠ‚Å‘€ì«—Ç‚µI ƒuƒŠƒaƒXƒgƒ“uB1STvƒhƒ‰ƒCƒo[yƒwƒbƒhƒf[ƒ^‚Í‰R‚Â‚©‚È‚¢!z,https://news.yahoo.co.jp/articles/8c8ab42972cd8892eea22c4e0adc35c66e4eba12,2023/8/28(Œ) 7:30
minnagolf,‚İ‚ñ‚È‚ÌƒSƒ‹ƒtƒ_ƒCƒWƒFƒXƒg,ƒEƒFƒbƒW‚ÌƒƒtƒgŠp‚Í‰½“x‚ª‚¨‚·‚·‚ß? ƒOƒŠ[ƒ“ü‚è‚Å‘å‚«‚Èƒ~ƒX‚É‚È‚è‚Ã‚ç‚¢ƒƒtƒgŠp‚Æ‚¢‚¤‚à‚Ì‚ª‚ ‚é!?,https://news.yahoo.co.jp/articles/4cda78d2019b00663b4954b19fe3e6c21fd71943,2023/8/28(Œ) 6:30
minnagolf,‚İ‚ñ‚È‚ÌƒSƒ‹ƒtƒ_ƒCƒWƒFƒXƒg,"”nêçŠó‚ç‚ªè‚É‚·‚é—qƒvƒÅIƒeƒXƒg‚Ö‚Ì""ƒvƒ‰ƒ`ƒiƒ`ƒPƒbƒg""‚Æ‚Í?@ƒiƒVƒ‡ƒiƒ‹ƒ`[ƒ€“ü‚è‚ªˆê”Ô‚Ì‹ß“¹!?",https://news.yahoo.co.jp/articles/b3b1b0caa552530fb9d53ee7a05b4e5545eabe75,2023/8/27(“ú) 18:30
minnagolf,‚İ‚ñ‚È‚ÌƒSƒ‹ƒtƒ_ƒCƒWƒFƒXƒg,uƒOƒƒXvuƒlƒbƒgvuƒxƒXƒOƒvc‚±‚ê‚Á‚Ä‚¢‚Á‚½‚¢‰½‚Ì‚±‚Æ?y–¾“úg‚¦‚éƒSƒ‹ƒt—pŒêz,https://news.yahoo.co.jp/articles/e2d8e155253b4b8824ba51a074583464bab2b979,2023/8/27(“ú) 12:30
minnagolf,‚İ‚ñ‚È‚ÌƒSƒ‹ƒtƒ_ƒCƒWƒFƒXƒg,ƒSƒ‹ƒt‚Ì‹†‹Éu54ƒrƒWƒ‡ƒ“v‚ğÀŒ»‚·‚é19Î!? •Ä‘‚Ì‘åŠw¶‚ª¦‚¢ƒXƒRƒA‚ğ˜A”­,https://news.yahoo.co.jp/articles/7ec0444456deb5b778c0393ed9f07d6b7bb2d642,2023/8/27(“ú) 11:30
minnagolf,‚İ‚ñ‚È‚ÌƒSƒ‹ƒtƒ_ƒCƒWƒFƒXƒg,Ã‰ªŒ§‚Ì“ŒˆÉ“¤’¬‚Íg’¬–¯‚ÌƒSƒ‹ƒt‚Ì˜r‘O‚ª“ú–{ˆêh!? ˆîæGC‚Å’¬‚®‚é‚İ‚ÌƒSƒ‹ƒt‘å‰ï‚ğŠJÃ,https://news.yahoo.co.jp/articles/9b866cf4651dee066d89875f6f050ed7bc1e9e5c,2023/8/27(“ú) 7:30
minnagolf,‚İ‚ñ‚È‚ÌƒSƒ‹ƒtƒ_ƒCƒWƒFƒXƒg,‰º”¼g‚ğŠˆ‚©‚µ‚Äg‰Á‘¬ƒXƒEƒBƒ“ƒOh‚É! ‘OŒXp¨‚ğƒL[ƒv‚µ‚Â‚Âœ”Õ‚ğ‰ñ‚·“®‚«‚ªg‚É•t‚­uŒÒŠÖßvƒgƒŒyŒK–Øu”¿‚Ì‰õiŒ‚‚ğƒTƒ|[ƒg‚·‚éƒgƒŒ[ƒi[‚ª‹³‚¦‚éŠÈ’PƒgƒŒ[ƒjƒ“ƒOz,https://news.yahoo.co.jp/articles/c6a5b86acda25a3988e5a2d9a7ecba738673519c,2023/8/27(“ú) 6:30
minnagolf,‚İ‚ñ‚È‚ÌƒSƒ‹ƒtƒ_ƒCƒWƒFƒXƒg,q‚Ç‚à‚æ‚èƒXƒRƒA‚ğ‹C‚É‚·‚ée‚Ö‚Ìw“±‚à•K—v!? d“c‰hìƒR[ƒ`‚ª“`‚¦‚½‚¢uƒSƒ‹ƒt‚Ì–{¿v‚Æ‚Í?y—qƒvƒƒR[ƒ`EƒWƒ…ƒjƒAw“±˜_‡B,https://news.yahoo.co.jp/articles/eab0a52c71772b39f2e35eb097454e40a8a9171e,2023/8/26(“y) 18:30
minnagolf,‚İ‚ñ‚È‚ÌƒSƒ‹ƒtƒ_ƒCƒWƒFƒXƒg,y–¼è‚Ì–¼Œ¾zƒEƒHƒ‹ƒ^[Eƒgƒ‰ƒrƒXuƒpƒbƒg‚ğ§‚·‚éÒ‚Í¢ŠE‚ğ§‚·v,https://news.yahoo.co.jp/articles/1ad8319dba733035d686ad43136ee4ca58cbf9b8,2023/8/26(“y) 12:30
minnagolf,‚İ‚ñ‚È‚ÌƒSƒ‹ƒtƒ_ƒCƒWƒFƒXƒg,ƒLƒƒƒfƒB‚³‚ñ‚à”M’†Ç‘ÎôBœA–ì‚Æì“Ş‚ªƒtƒ@ƒ“•t‚«ƒLƒƒƒfƒBƒEƒFƒA‚ğ“±“ü,https://news.yahoo.co.jp/articles/6fcb4ff957cc5255e4a47a8a670b86c1fa46d187,2023/8/26(“y) 11:31
minnagolf,‚İ‚ñ‚È‚ÌƒSƒ‹ƒtƒ_ƒCƒWƒFƒXƒg,ƒoƒbƒNƒXƒEƒBƒ“ƒO‚Å‚Ì“®‚«‚Ì‹^–âB‚Ü‚¸ã”¼g‚©‚ç‰ñ‚·H ‚»‚ê‚Æ‚àãE‰º”¼g‚ğ“¯‚É‰ñ‚·Hy“äƒLƒƒƒ‰ƒR[ƒ`w‚í‚«‚ã‚¤x‚Ì‹C‚É‚È‚é˜bò30z,https://news.yahoo.co.jp/articles/741aa179da01ad9b1b7c311c0a27de16ae431b48,2023/8/26(“y) 7:30
minnagolf,‚İ‚ñ‚È‚ÌƒSƒ‹ƒtƒ_ƒCƒWƒFƒXƒg,¬j‚³‚­‚çu„‚Ìl¶‚ÅƒSƒ‹ƒtˆÈŠO‚ÌƒƒCƒ“‚Æ‚¢‚¦‚ÎccvB‡‚ÌƒXƒgƒŒƒX‚ğŒ¸‚ç‚µAƒSƒ‹ƒt‚ÖW’†‚·‚é‚½‚ß‚ÉŒ‡‚©‚¹‚È‚¢‚±‚Æ‚Æ‚ÍH,https://news.yahoo.co.jp/articles/3bd41590b5ebf5a774a682ae9d4ed031591600a6,2023/8/26(“y) 6:30
minnagolf,‚İ‚ñ‚È‚ÌƒSƒ‹ƒtƒ_ƒCƒWƒFƒXƒg,20”N‚É“n‚Á‚ÄƒWƒ…ƒjƒAƒXƒN[ƒ‹‚ğåÉBƒSƒ‹ƒt‚ÍulŠÔ‹³ˆç‚Ìƒc[ƒ‹v‚ÆŒê‚éOæXŠìˆêƒR[ƒ`‚ÌM”O‚Æ‚ÍHy—qƒvƒƒR[ƒ`EƒWƒ…ƒjƒAw“±˜_‡Az,https://news.yahoo.co.jp/articles/e59cb467e32e3252aa0ea46f73d907e80e788b20,2023/8/25(‹à) 18:30
minnagolf,‚İ‚ñ‚È‚ÌƒSƒ‹ƒtƒ_ƒCƒWƒFƒXƒg,È‚ªŒê‚Á‚½ƒcƒA[ƒvƒ‚ÌƒIƒtƒV[ƒYƒ“‰“úBu‚±‚Ìl‚ÍŠ®‘S‚ÉƒCƒJƒŒƒe‚¢‚év‚Æ‚¢‚Á‚½‚Ì‚Í’N‚ÌÈH,https://news.yahoo.co.jp/articles/4c8ef8cd5328c43d10e6774f1feea336055eff31,2023/8/25(‹à) 11:31
minnagolf,‚İ‚ñ‚È‚ÌƒSƒ‹ƒtƒ_ƒCƒWƒFƒXƒg,"uJEƒXƒs[ƒX‚ç‚µ‚¢v‚Æƒtƒ@ƒ“‚ªâ^!@ƒ‰ƒEƒ“ƒh’†AƒXƒs[ƒX‚ªƒMƒƒƒ‰ƒŠ[‚É‚Æ‚Á‚½""‚ ‚és“®""‚Æ‚Í?",https://news.yahoo.co.jp/articles/1e9799442cac0756d89eaa41169112cab0c31fde,2023/8/25(‹à) 11:00
minnagolf,‚İ‚ñ‚È‚ÌƒSƒ‹ƒtƒ_ƒCƒWƒFƒXƒg,ƒRƒR‚¾‚¯‚Í‹C‚ğ•t‚¯‚½‚¢ƒSƒ‹ƒtƒNƒ‰ƒu‘I‚Ñ‚Ìd—vƒ|ƒCƒ“ƒgA©•ª‚É‡‚Á‚½uƒNƒ‰ƒud—Êv‚ÌŒ©‚Â‚¯•ûy‰SÒ‚ğ’E‚µ‚½ƒSƒ‹ƒtƒ@[‚ªw100x‚ğØ‚é‚½‚ß‚ÌƒŒƒbƒXƒ“z,https://news.yahoo.co.jp/articles/7f805ee23b72e0aa8ae80db63083dbe9323b8056,2023/8/25(‹à) 7:31
minnagolf,‚İ‚ñ‚È‚ÌƒSƒ‹ƒtƒ_ƒCƒWƒFƒXƒg,REƒtƒ@ƒEƒ‰[‚İ‚½‚¢‚Èu’†Úƒpƒ^[‚ÅƒOƒŠƒbƒv—]‚ç‚¹vƒXƒgƒ[ƒN‚ªƒAƒ}ƒ`ƒ…ƒA‚É‚àŒø‰Ê‘å‚Á‚Ä–{“–H,https://news.yahoo.co.jp/articles/53aeec5d03f4c2020a2b641229e7836378e958e9,2023/8/25(‹à) 6:31
minnagolf,‚İ‚ñ‚È‚ÌƒSƒ‹ƒtƒ_ƒCƒWƒFƒXƒg,"Šâˆä–¾ˆ¤Eç—å‚Ì""S‚ÌƒIƒAƒVƒX""!?@Šâˆäo–…‚ÌƒSƒ‹ƒt‚ğ¬Šw2”N‚©‚ç‚İ‚Ä‚«‚½‰iˆä“N“ñƒR[ƒ`‚Ì‹³‚¦‚Æ‚Í?y—qƒvƒƒR[ƒ`‚ÌƒWƒ…ƒjƒAw“±˜_‡@",https://news.yahoo.co.jp/articles/9a643f1a1031e97fec7309955d65d6fe6c09d5a7,2023/8/24(–Ø) 18:30
minnagolf,‚İ‚ñ‚È‚ÌƒSƒ‹ƒtƒ_ƒCƒWƒFƒXƒg,•ÄƒcƒA[”NŠÔ‰¤Ò‚È‚é‚©!? ƒvƒŒ[ƒIƒt2í–Ú‚ğ§‚µ‚½ƒrƒNƒgƒ‹Eƒzƒuƒ‰ƒ“‚Ìug‘Ì‚Ì‰ñ“]‚ÉŠÖ‚í‚é”’lv‚ª‘å‚«‚¢ƒXƒEƒBƒ“ƒO‚ğAI‚Å•ªÍ‚µ‚Ä‚İ‚½,https://news.yahoo.co.jp/articles/2c5df2fb3e196a39bfc955ba2a389d190b833eb0,2023/8/24(–Ø) 18:02
minnagolf,‚İ‚ñ‚È‚ÌƒSƒ‹ƒtƒ_ƒCƒWƒFƒXƒg,1ˆÊ‚Ìƒ{[ƒiƒX‚Í5‰­‰~’´! u2022-23 ƒRƒ€ƒLƒƒƒXƒg ƒrƒWƒlƒXEƒcƒA[ƒgƒbƒv10vyƒSƒ‹ƒt‚È‚ñ‚Å‚àƒ‰ƒ“ƒLƒ“ƒOz,https://news.yahoo.co.jp/articles/24549e00c04769d03cc02612ccd61660f42a6ac1,2023/8/24(–Ø) 12:30
minnagolf,‚İ‚ñ‚È‚ÌƒSƒ‹ƒtƒ_ƒCƒWƒFƒXƒg,‘S•Ä—qOP2ˆÊA‘S‰p—qOP3ˆÊAƒƒ‹ƒZƒfƒXƒ‰ƒ“ƒN1ˆÊ‚Ì\ƒWƒGB‹­‚³‚Ì”éŒ‚Íu—]—T‚ğ‚Á‚ÄŠy‚µ‚Şvp¨!?,https://news.yahoo.co.jp/articles/63c0852d502e65b6273908f5a769e35022ba98ac,2023/8/24(–Ø) 11:32
minnagolf,‚İ‚ñ‚È‚ÌƒSƒ‹ƒtƒ_ƒCƒWƒFƒXƒg,"•½“cŒ›¹‚Ì""”ò‚ñ‚Å‹È‚ª‚ç‚È‚¢""ƒXƒEƒBƒ“ƒO‚ğÚ×‰ğàBQl‚É‚µ‚½‚¢u‰E‚Ğ‚¶‚Æ‚¨K‚Ìg‚¢•ûvy¡Œ©‚é‚×‚«7l‚ÌƒXƒEƒBƒ“ƒOE‘æ4‰ñz",https://news.yahoo.co.jp/articles/47210df90da723ccac8baf7fde7249ac96eb5b85,2023/8/24(–Ø) 11:01
minnagolf,‚İ‚ñ‚È‚ÌƒSƒ‹ƒtƒ_ƒCƒWƒFƒXƒg,”ò‚Î‚µ‚½‚¢‚Æ‚«‚Ù‚Ç—v’ˆÓI —Í‚Ü‚¸‚Éu‘Ì‚Ì”P“]v‚ğŠˆ‚©‚µ‚Ä”ò‹——£ƒAƒbƒv‚·‚éƒRƒc‚ğAƒvƒ‚ªƒCƒ‰ƒXƒg‚ğŒğ‚¦‚Ä‰ğàI,https://news.yahoo.co.jp/articles/e03185321156027572c000a4e479d910d60b2a11,2023/8/24(–Ø) 7:31
minnagolf,‚İ‚ñ‚È‚ÌƒSƒ‹ƒtƒ_ƒCƒWƒFƒXƒg,u‚È‚ºƒhƒ‰ƒCƒo[g‚¾‚¯h‹È‚ª‚é‚Ì‚©v‚ğ‰ÈŠw“I‚Él@B”ò‹——£‚Æ•ûŒü«‚ÌƒJƒM‚Æ‚È‚él‚¦•ûuƒŠƒjƒAƒtƒH[ƒXv‚Æ‚ÍHy‰ğàuƒUEƒSƒ‹ƒtƒBƒ“ƒOƒ}ƒV[ƒ“v”92z,https://news.yahoo.co.jp/articles/1eb3f620d99d33d628e1b483a2245dc74311573b,2023/8/24(–Ø) 6:30
minnagolf,‚İ‚ñ‚È‚ÌƒSƒ‹ƒtƒ_ƒCƒWƒFƒXƒg,"”¨‰ª“ŞÑ‚Ì""”ò‚Ô""ƒXƒEƒBƒ“ƒO‚ğƒvƒƒR[ƒ`‚ª‰ğàBu‰E˜r‚Æ—¼‚Ğ‚´‚Ìg‚¢•ûv‚ª”ò‚Î‚µ‚Ì”éŒy¡Œ©‚é‚×‚«7l‚ÌƒXƒEƒBƒ“ƒOE‘æ3‰ñz",https://news.yahoo.co.jp/articles/4c4dbe0ec070390f22166d283cc3eddf62597b80,2023/8/23(…) 18:30
minnagolf,‚İ‚ñ‚È‚ÌƒSƒ‹ƒtƒ_ƒCƒWƒFƒXƒg,yƒSƒ‹ƒtƒ‹[ƒ‹ƒNƒCƒYzƒLƒƒƒfƒB‚ªb’è‹…‚¾‚Æv‚Á‚ÄE‚Á‚½‹…‚ª•Ê‚ÌƒvƒŒ[ƒ„[‚Ì‹…‚¾‚Á‚½! ‚±‚ê‚Á‚Ä’N‚©‚É”±‚Í‚Â‚­‚Ì?,https://news.yahoo.co.jp/articles/15e6b614e9924290ae32dbad98ba05e60e0e48ec,2023/8/23(…) 12:30
minnagolf,‚İ‚ñ‚È‚ÌƒSƒ‹ƒtƒ_ƒCƒWƒFƒXƒg,¡‹G‚ÌŠl“¾Ü‹à‘Šz22‰­‰~‚ÌƒLƒƒƒƒƒ“EƒXƒ~ƒX‚Í‚¢‚Ü‚âLIV‚ÌŠç!?@ƒtƒBƒ‹Eƒ~ƒPƒ‹ƒ\ƒ“‚ÍLIV‰—DŸ‚¨—a‚¯,https://news.yahoo.co.jp/articles/29e65ffd112479298342365be8dfaf32208a30aa,2023/8/23(…) 11:32
minnagolf,‚İ‚ñ‚È‚ÌƒSƒ‹ƒtƒ_ƒCƒWƒFƒXƒg,ƒLƒƒƒƒEƒFƒC‚ÌVƒAƒCƒAƒ“uAPEX PROvuAPEX MB vuAPEX CBv‚ğƒvƒ‚ª‘ÅƒŒƒ|[ƒg!@‚Ç‚ñ‚È‚Ó‚¤‚Éi‰»‚µ‚½?,https://news.yahoo.co.jp/articles/619126b9896da596efc1e93d2fcc89410ef4bc24,2023/8/23(…) 11:02
minnagolf,‚İ‚ñ‚È‚ÌƒSƒ‹ƒtƒ_ƒCƒWƒFƒXƒg,èŒ³‚ªŒ¨‚æ‚è’á‚¢ƒgƒbƒv‚ÍŠëŒ¯‚©‚à!? ƒrƒMƒi[‚ªŠo‚¦‚Ä‚¨‚«‚½‚¢uƒgƒbƒv‚Ì‚‚³v‚Ì˜b,https://news.yahoo.co.jp/articles/d13d8f63bf9c39c39637e7f200f19163d68a4715,2023/8/23(…) 7:31
minnagolf,‚İ‚ñ‚È‚ÌƒSƒ‹ƒtƒ_ƒCƒWƒFƒXƒg,ƒXƒsƒ“‚ğ—˜‚©‚¹‚Äƒ{[ƒ‹‚ğ~‚ß‚½‚¢! ƒAƒ}ƒ`ƒ…ƒA‚Í‚Ç‚ñ‚ÈƒEƒFƒbƒW‚ğ‘I‚ñ‚¾‚ç‚¢‚¢?yƒNƒ‰ƒu‘I‚Ñ‚ğƒN[ƒ‹‰ğà!z,https://news.yahoo.co.jp/articles/2a02b1179147d277f2c9c45483808ef52eb736b1,2023/8/23(…) 6:31
minnagolf,‚İ‚ñ‚È‚ÌƒSƒ‹ƒtƒ_ƒCƒWƒFƒXƒg,›ÀØX‚É‰—DŸ‚ÌS‹«‚ğ•·‚¢‚½BŸˆö‚ÍuƒRƒ“ƒgƒ[ƒ‹ƒVƒ‡ƒbƒgv‚ÆuÎŠçƒ}ƒlƒWƒƒ“ƒgv!?,https://news.yahoo.co.jp/articles/8572152c65633a77598ef120f8eb4ae826c89ad0,2023/8/22(‰Î) 18:31
minnagolf,‚İ‚ñ‚È‚ÌƒSƒ‹ƒtƒ_ƒCƒWƒFƒXƒg,ƒpƒbƒg‚ÌuOKv‚Í’Ê‚¶‚È‚¢?@‰pŒê‚Å‚Í‚È‚ñ‚ÆŒ¾‚¤?yƒSƒ‹ƒtg˜a»‰pŒêh«“Tz,https://news.yahoo.co.jp/articles/4fb41b9d7f424aa8ba74b80fbfebfc012dbefeba,2023/8/22(‰Î) 12:30
minnagolf,‚İ‚ñ‚È‚ÌƒSƒ‹ƒtƒ_ƒCƒWƒFƒXƒg,PGAƒcƒA[‚Í1ŒŠJÃA‰¢BƒcƒA[‚Í‘å••ÏXB2‘åƒcƒA[‚Ì“ú’ö•ÏX‚ÍLIVƒSƒ‹ƒt‚Ì‰e‹¿!?,https://news.yahoo.co.jp/articles/d18592fe8887aed3d0e3cf60208b7cfb02cc67e4,2023/8/22(‰Î) 11:33
minnagolf,‚İ‚ñ‚È‚ÌƒSƒ‹ƒtƒ_ƒCƒWƒFƒXƒg,"ƒSƒ‹ƒtƒ@[‚Ì‚³‚Ü‚´‚Ü‚Èƒ~ƒX‚ÌŒ´ˆöu—Í‚İvB""ˆ¬‚ç‚È‚¢""ƒOƒŠƒbƒv‚ªu—Í‚İv–h~‚É‚È‚é‚Á‚Ä–{“–HyQã!@ƒSƒ‹ƒtƒ@[‰‰‡‘àz",https://news.yahoo.co.jp/articles/f6a4fad1fc10ef15ecf2f9cf8187229ba2c2b1ac,2023/8/22(‰Î) 11:03
minnagolf,‚İ‚ñ‚È‚ÌƒSƒ‹ƒtƒ_ƒCƒWƒFƒXƒg,FW‚É‚à‚±‚¾‚í‚é¼R‰p÷BƒV[ƒYƒ“I”Õí‚Åg‚Á‚½ƒ‚ƒfƒ‹‚Í‰½‚¾‚Á‚½H,https://news.yahoo.co.jp/articles/07a945bee618a22e0b8a0f870eaa05b2167b0e80,2023/8/22(‰Î) 7:31
minnagolf,‚İ‚ñ‚È‚ÌƒSƒ‹ƒtƒ_ƒCƒWƒFƒXƒg,ƒcƒA[‰V‚Ì•g“c‚İ‚È”üB”w’†‚ğ‚µ‚Á‚©‚è‰ñ‚·uƒRƒ“ƒpƒNƒgƒgƒbƒvvƒXƒEƒBƒ“ƒO‚ğƒvƒ‚ª‰ğàyŸÒ‚ÌƒXƒEƒBƒ“ƒOz,https://news.yahoo.co.jp/articles/972b3b3b3cfe9eca877f17cbbccc2edce8ef31e2,2023/8/22(‰Î) 6:30
minnagolf,‚İ‚ñ‚È‚ÌƒSƒ‹ƒtƒ_ƒCƒWƒFƒXƒg,u’¼ƒhƒ‰v‚Ì—ûK‚ª—Ç‚¢ƒXƒEƒBƒ“ƒOì‚è‚É‚Â‚È‚ª‚é‚Á‚Äƒzƒ“ƒgH ÀÛ‚É‚µ‚Ä‚İ‚½I,https://news.yahoo.co.jp/articles/de4c7dcbe25dcfceb8a02f8ccdf94fe39178dc60,2023/8/21(Œ) 18:30
minnagolf,‚İ‚ñ‚È‚ÌƒSƒ‹ƒtƒ_ƒCƒWƒFƒXƒg,PGAƒcƒA[ƒvƒŒ[ƒIƒt2í–Ú‚ÍVEƒzƒuƒ‰ƒ“‚ª‹t“]VI ¼R‰p÷‚Í–³”O‚ÌŠüŒ BƒLƒƒƒŠƒA‰‚Ìuƒgƒbƒv30v“ü‚è‚ğ“¦‚·,https://news.yahoo.co.jp/articles/d6ea7d7128df0180c9efde222de315442f830bbd,2023/8/21(Œ) 12:01
minnagolf,‚İ‚ñ‚È‚ÌƒSƒ‹ƒtƒ_ƒCƒWƒFƒXƒg,•g“c‚İ‚È”ü‚ªƒvƒ8”N–Ú‚Å—Ü‚Ì‰—DŸ!  ƒvƒŒ[ƒIƒt‚ÅŠïÕ‚ÌƒX[ƒp[ƒVƒ‡ƒbƒg‚ğ¶‚ñ‚¾•ƒ‚ÌŒ¾—t,https://news.yahoo.co.jp/articles/880440ab6b71a699b81adeef057f249dd14a7e79,2023/8/21(Œ) 11:31
minnagolf,‚İ‚ñ‚È‚ÌƒSƒ‹ƒtƒ_ƒCƒWƒFƒXƒg,ƒAƒfƒBƒ_ƒX‚ÌV‚µ‚¢uƒR[ƒhƒJƒIƒXv‚ğƒR[ƒX‚Å—š‚¢‚Ä‚İ‚½! uƒTƒˆƒiƒ‰ƒNƒcƒqƒ‚v‚Á‚Äƒz[ƒ‹ƒhŠ´‚Í‘åä•vH,https://news.yahoo.co.jp/articles/a4f41beb1eea2c69fd3eabb9324051c951cb8046,2023/8/21(Œ) 7:31
minnagolf,‚İ‚ñ‚È‚ÌƒSƒ‹ƒtƒ_ƒCƒWƒFƒXƒg,u”ò‚Î‚È‚¢vu—Í‚ª‚È‚¢v‚©‚çƒƒtƒg‚Ì—§‚Á‚½ƒAƒCƒAƒ“!?@ƒƒtƒg‚Ì‘åØ‚È–ğŠ„‚ğ‰ü‚ß‚Äl‚¦‚½!,https://news.yahoo.co.jp/articles/3b45e35d7d0054fe8b37399b0907dd85ecb5a8d5,2023/8/21(Œ) 6:30
minnagolf,‚İ‚ñ‚È‚ÌƒSƒ‹ƒtƒ_ƒCƒWƒFƒXƒg,“ú–{ƒvƒ‚ÅjãÅ”N­—DŸB¡”N‹}Œƒ‚É‹­‚­‚È‚Á‚Ä‚«‚½•½“cŒ›¹‚ÌƒSƒ‹ƒt‚É’–Ú!y²“¡MlƒAƒCƒYz,https://news.yahoo.co.jp/articles/16871d9cdcfca775d4144c3437b39819cb79167b,2023/8/20(“ú) 18:30
minnagolf,‚İ‚ñ‚È‚ÌƒSƒ‹ƒtƒ_ƒCƒWƒFƒXƒg,’E’Y‘f”­“dA–Ø»ƒ}[ƒJ[AŒu‚Ì—[‚×ccƒSƒ‹ƒtê‚ÌSDGs‚ğ’²¸‚µ‚Ä‚İ‚½yŒã•Òz,https://news.yahoo.co.jp/articles/3aef6ef97d3192af7cc881d66fde1f41df206d87,2023/8/20(“ú) 11:32
minnagolf,‚İ‚ñ‚È‚ÌƒSƒ‹ƒtƒ_ƒCƒWƒFƒXƒg,ƒOƒŠ[ƒ“ƒtƒH[ƒN&ƒ}[ƒJ[‚Ì”z•zA‚¨•—˜Cê‚Ìƒrƒj[ƒ‹‘Ü‚Ì”p~‚Åƒvƒ‰íŒ¸Aƒt[ƒhƒƒX–â‘èA’nˆæ‚Æ‚Ì˜AŒgccƒSƒ‹ƒtê‚ÌSDGs‚ğ’²¸‚µ‚Ä‚İ‚½y‘O•Òz,https://news.yahoo.co.jp/articles/52e9ae053c60e19dad4ef3ae01d583744d505443,2023/8/20(“ú) 7:31
minnagolf,‚İ‚ñ‚È‚ÌƒSƒ‹ƒtƒ_ƒCƒWƒFƒXƒg,‘ÌŠ²‚ª‚ä‚é‚Ü‚¸A‘Ì‚ğ‚µ‚Á‚©‚è‚Ë‚¶‚Á‚Ä‚¢‚¯‚é!@ˆÀ’èƒXƒEƒBƒ“ƒO‚ğì‚èã‚°‚éu‘ÌŠ²‚Ë‚¶‚èvƒgƒŒyŒK–Øu”¿‚Ì‰õiŒ‚‚ğƒTƒ|[ƒg‚·‚éƒgƒŒ[ƒi[‚ª‹³‚¦‚éŠÈ’PƒgƒŒ[ƒjƒ“ƒOz,https://news.yahoo.co.jp/articles/9924febb2942d120e58e5142234e7cdd6fe81349,2023/8/20(“ú) 6:30
minnagolf,‚İ‚ñ‚È‚ÌƒSƒ‹ƒtƒ_ƒCƒWƒFƒXƒg,’†“‡Œ[‘¾AŠâˆäç—åAù¶—D‰ÔB“ú–{l‘Iè3l‚ÌƒXƒEƒBƒ“ƒO‚©‚ç‚»‚ê‚¼‚êŠw‚Ô‚×‚«‚±‚Æy¡Œ©‚é‚×‚«7l‚ÌƒXƒEƒBƒ“ƒOE‘æ2‰ñz,https://news.yahoo.co.jp/articles/d142148f3cdb5b284ef0cde899c4ba0c939af02b,2023/8/19(“y) 18:30
minnagolf,‚İ‚ñ‚È‚ÌƒSƒ‹ƒtƒ_ƒCƒWƒFƒXƒg,"ƒŠƒbƒL[Eƒtƒ@ƒEƒ‰[‚Ì""•œŠˆ""ƒXƒEƒBƒ“ƒOAƒ[ƒŠ[Eƒ}ƒLƒƒC‚Ì""Å‹­""ƒXƒEƒBƒ“ƒO‚ğƒvƒƒR[ƒ`‚ªÚ×‰ğà!y¡Œ©‚é‚×‚«7l‚ÌƒXƒEƒBƒ“ƒOE‘æ1‰ñz",https://news.yahoo.co.jp/articles/689f45f44b3165ebebc45aeffa05303b57e90c95,2023/8/19(“y) 11:30
minnagolf,‚İ‚ñ‚È‚ÌƒSƒ‹ƒtƒ_ƒCƒWƒFƒXƒg,—ûKê‚Å‚Í‚¢‚¢Š´‚¶‚È‚Ì‚ÉA‚È‚º–{”Ô‚ÅƒXƒRƒA‚É‚È‚ç‚È‚¢!?@ƒSƒ‹ƒtƒ@[Å‘å‚Ì‹^–â‚É‚Â‚¢‚Äl‚¦‚½y“äƒLƒƒƒ‰ƒR[ƒ`w‚í‚«‚ã‚¤x‚Ì‹C‚É‚È‚é˜bò29z,https://news.yahoo.co.jp/articles/dd51d31c0147cff2d7fb68f4306960dfdcaefc49,2023/8/19(“y) 7:30
minnagolf,‚İ‚ñ‚È‚ÌƒSƒ‹ƒtƒ_ƒCƒWƒFƒXƒg,ug’¼ƒhƒ‰h‚ÅƒXƒEƒBƒ“ƒO‚ª—Ç‚­‚È‚éA”ò‹——£‚ªL‚Ñ‚év‚Á‚Ä–{“–!? ƒvƒ‚ÌˆÓŒ©‚ÍH ÀÛ‚É‚µ‚½ƒAƒ}‚Í‚Ç‚¤Š´‚¶‚½H,https://news.yahoo.co.jp/articles/db0e9da1798184e36b9b75ae9b99b35553b1d54e,2023/8/19(“y) 6:31
minnagolf,‚İ‚ñ‚È‚ÌƒSƒ‹ƒtƒ_ƒCƒWƒFƒXƒg,¼‹½^‰›‚ªƒR[ƒXƒŒƒR[ƒh63‚ÅñˆÊ! ¼‹½AŸ‚İ‚È‚İAŒK–Øu”¿‚Ì‰“ú‚ÌƒvƒŒ[‚ğƒvƒ‚ªƒ`ƒFƒbƒNyCAT Ladies‰“úƒŒƒ|z,https://news.yahoo.co.jp/articles/b522b68a8432a67ebc4f0378c1d74b1f66c18ec7,2023/8/18(‹à) 18:30
minnagolf,‚İ‚ñ‚È‚ÌƒSƒ‹ƒtƒ_ƒCƒWƒFƒXƒg,ƒVƒ‡ƒbƒg‚ÆƒVƒ‡ƒbƒg‚ÌŠÔ‚É“Ç‘!? ‰º•”ƒcƒA[‚ÅƒvƒŒ[‚·‚é—qƒvƒ‚Ìƒ‹[ƒeƒBƒ“‚ª˜b‘è‚É,https://news.yahoo.co.jp/articles/e3021b81cf3797f1578abbf317e440d493dad64c,2023/8/18(‹à) 11:32
minnagolf,‚İ‚ñ‚È‚ÌƒSƒ‹ƒtƒ_ƒCƒWƒFƒXƒg,‰Ä‚Å‚à—Á‚µ‚­—ûK‚Å‚«‚éƒCƒ“ƒhƒAƒXƒ^ƒWƒIB‘Å‚¿‚Á•ú‚µ‚Æ—ûK“à—e‚Í‚Ç‚¤•Ï‚í‚éHy‰SÒ‚ğ’E‚µ‚½ƒSƒ‹ƒtƒ@[‚ªw100x‚ğØ‚é‚½‚ß‚ÌƒŒƒbƒXƒ“z,https://news.yahoo.co.jp/articles/57d0b108da6e725c903f61362192d7aa8014176f,2023/8/18(‹à) 7:31
minnagolf,‚İ‚ñ‚È‚ÌƒSƒ‹ƒtƒ_ƒCƒWƒFƒXƒg,ƒuƒ‹ƒbƒNƒXEƒPƒvƒJ‚ÌÅVƒZƒbƒeƒBƒ“ƒOBƒXƒŠƒNƒ\ƒ“ZX5 Mk‡U LSƒhƒ‰ƒCƒo[‚ÍuƒtƒF[ƒh‚Æƒhƒ[‚ğ‘Å‚¿•ª‚¯‚â‚·‚¢v,https://news.yahoo.co.jp/articles/e663406bd9ccb658dd6b4290190c3c4e2b485cc2,2023/8/18(‹à) 6:30
