media_en,title_articles,link_articles,date_original
bfj,u‚ ‚ÌŒ§‚ª‚‚¢HvƒKƒ\ƒŠƒ“‰¿ŠiA“s“¹•{Œ§ƒ‰ƒ“ƒLƒ“ƒO,https://news.yahoo.co.jp/articles/4ae85da66af9fdf7707792ed4eba22ddf858dded,8/23(…) 15:35
bfj,yƒRƒƒ_zƒVƒƒƒŠƒVƒƒƒŠHŠ´‚ªƒNƒZ‚É‚È‚éI“€‚Á‚½‚Ü‚ÜH‚×‚éuVŠ´ŠoƒP[ƒLv‚Ð‚ñ‚â‚è”ZŒú‚Å‰Ä‚Éƒsƒbƒ^ƒŠ‚Å‚·,https://news.yahoo.co.jp/articles/9324505e852c662c9fbc18ec3f9c093f4d6ac660,8/23(…) 15:35
bfj,yƒtƒ@ƒ~ƒ}z–¨‚ª‚Ð‚½‚Ð‚½‚É“ü‚Á‚Ä‚éISNS‘åâŽ^‚ÌuÄ‚«ˆð‚¨‚â‚Âv‚Æ‚ë‚Æ‚ëHŠ´‚ª‚â‚Ý‚Â‚«‚É,https://news.yahoo.co.jp/articles/3425b3e7207ea06aa385fba22b5fc4c50d790b75,8/23(…) 14:35
bfj,y‘¬•ñzƒKƒ\ƒŠƒ“‰¿Ši‚ª‰ß‹ŽÅ‚‚É“÷”–A183.7‰~‚ÉB14T˜A‘±‚Ì’lã‚ª‚èAŒoŽYÈ‚ª”­•\,https://news.yahoo.co.jp/articles/d23e60e413e2803de88271d30dad753052981018,8/23(…) 14:15
bfj,yƒjƒgƒŠzƒe[ƒuƒ‹‰º‚É‚à“ü‚Á‚Ä•Ö—˜I‹·‚¢êŠ‚É’u‚¯‚éuƒLƒƒƒXƒ^[•t‚«ƒƒSƒ“v‰Æ’†‚Å‘åŠˆ–ô‚Å‚·I,https://news.yahoo.co.jp/articles/571e5a09ccda16d8f742526785cab9a1206442f0,8/23(…) 13:35
bfj,uô‘ó‹@‚ðŠJ‚¯‚½‚çcv‹{ì‘å¹‚Ì•ê‚ª–‚ðô‘ó¨ƒpƒ‰ƒpƒ‰‚ÌƒIƒ€ƒ`ƒƒ[ƒnƒ“‚ªŠ®¬,https://news.yahoo.co.jp/articles/d44f9327b86f984401f3a27118e2266c341f149b,8/23(…) 12:35
bfj,yGUz‚Æ‚ë‚¯‚é‚æ‚¤‚È”§G‚èI3“_ƒZƒbƒg‚ÌuŠy‚¿‚ñƒ‹[ƒ€ƒEƒFƒAv‚¨‰Æ‚Å‚ÌƒŠƒ‰ƒbƒNƒXƒ^ƒCƒ€‚É‚Ò‚Á‚½‚è‚Å‚·,https://news.yahoo.co.jp/articles/299778eac734c0f601d296cff137407d87f46878,8/23(…) 12:35
bfj,u‰ï‚¢‚½‚­‚Ä‚½‚Ü‚ç‚È‚¢v‘O‰€^¹Aˆ¤ƒuƒ^‚Ì—·—§‚¿‚ð•ñB14”N˜A‚ê“Y‚Á‚½–S‚«‰Æ‘°‚ÖŽv‚¢‚ð‚Â‚Ã‚éu‚±‚ê‚©‚ç‚à‚¸‚Á‚Æcv,https://news.yahoo.co.jp/articles/f9db1f73dca68da4176c6d6d2bb37e2f54b44925,8/23(…) 11:35
bfj,u‰ù‚©‚µ‚¢‚â‚Â‚ªo‚Ä‚«‚½v‚Æ‚à‚³‚©‚è‚¦A12Îƒfƒrƒ…[Žž‚ÌéÞŽÊ^‚ðŒöŠJ¨u‚·‚Å‚Éo—ˆã‚ª‚Á‚Ä‚évu‚©‚í‚¢‚¢I‚»‚Ì‚Ü‚ÜIv‚Æ˜b‘è‚É,https://news.yahoo.co.jp/articles/6bffef4e60315c9c6e9f5af52999e1aa00282823,8/23(…) 11:35
bfj,yƒKƒXƒgz‹ÁˆÙ‚Ì1400kcal‰z‚¦I‚©‚ç‚ ‚°10ŒÂ‚à“ü‚Á‚½uƒ{ƒŠƒ…[ƒ€–ž“_’èHv1‚Â100‰~ˆÈ‰º‚ÅƒRƒXƒp”²ŒQ‚Å‚·,https://news.yahoo.co.jp/articles/d0a87898a2b85dcc982b685e0a035dfa1e120036,8/23(…) 11:35
bfj,uƒ|ƒPƒ‚ƒ“‚­‚ç‚¢i‰»‚µ‚Ü‚·vƒ|ƒƒ‰ƒjƒAƒ“‚Ì“¤’mŽ¯‚ªÕŒ‚‚·‚¬‚½Iˆê‘Ì‚Ç‚¤•Ï‚í‚éH,https://news.yahoo.co.jp/articles/f31c64ac024459c34fe3a2d9fbe6af8d9406baba,8/23(…) 8:05
bfj,—L‹gOs‚É“ª‚©‚ç…‚ðcIH ƒtƒ‚¿‚á‚ñ‚Ìg‰ŠãhƒVƒ‡ƒbƒg‚Éu‚Þ‚µ‚ëÁ‰Î‚È‚Ì‚Å‚Ívu‰Šã‚¶‚á‚È‚­‚ÄƒGƒ“ƒWƒ‡ƒCv,https://news.yahoo.co.jp/articles/a7ea21e3b78b03a67be9c79bd2b178dc3fb229f4,8/23(…) 8:05
bfj,goìƒK[ƒ‹h‚Ì’J‚Ü‚è‚ Aoì“N˜NŽB‰e‚ÌƒCƒbƒeQƒIƒtƒVƒ‡ƒbƒg‚ðŒöŠJcIu‚©‚í‚¢‚¢vuŠy‚µ‚»‚¤v,https://news.yahoo.co.jp/articles/228d9f602c4e495b8f5027d1f519f18e33d6a459,8/23(…) 7:00
bfj,yZARAz¡‚Á‚Û‚¢ƒfƒUƒCƒ“‚ª‚©‚í‚¢‚¢I‘¶ÝŠ´ƒoƒbƒ`ƒŠ‚Ìu‚¨‚µ‚á‚êƒ~ƒjƒoƒbƒOv3‘I,https://news.yahoo.co.jp/articles/f8f83154fcab515cf1a9cb396a8fa8fb72bc62d7,8/22(‰Î) 20:30
bfj,y3coinszƒVƒ‹ƒo[ƒ‰ƒ‚ª‚¨‚µ‚á‚êBã•i‚Èuƒe[ƒuƒ‹ƒNƒƒXvH‘ì‚ªƒpƒb‚Æ‰Ø‚â‚©‚É‚È‚é‚ñ‚Å‚·,https://news.yahoo.co.jp/articles/6fec08ebf0d78e39ad4afcb4b5fc2f6577ede527,8/22(‰Î) 20:05
bfj,ƒgƒ‰ƒuƒ‹‘ŠŽŸ‚¢‚¾wƒ\[ƒhƒA[ƒgEƒIƒ“ƒ‰ƒCƒ“xƒXƒ}ƒzƒQ[ƒ€AˆÙ—á‚Ì’·Šúƒƒ“ƒeƒiƒ“ƒX“Ë“ü‚ÖBu2024”NIHvu‚Ü‚³‚©‚Ì1”Nƒƒ“ƒev‚Æ‹Á‚«‚Ìº,https://news.yahoo.co.jp/articles/dd5d189c63d0ef032861add6aec4ee593f3c52c4,8/22(‰Î) 20:05
bfj,uƒXƒƒ“ƒ{[ƒg‚©‚ÆŽv‚Á‚½‚çcvŒÎ‚ÅŽB‚ç‚ê‚½ŽÊ^‚ªgƒ€ƒLƒ€ƒLh‚·‚¬‚é‚Æ˜b‘èI¨uƒWƒ€’Ê‚Á‚Ä‚»‚¤vu‚±‚Ìƒ{[ƒg‚Í’¾‚Ü‚È‚¢v,https://news.yahoo.co.jp/articles/1c3070d0ab26583136b1498a69fbb87854f66351,8/22(‰Î) 20:05
bfj,y3coinsŽo–…“XzŽèì‚è•—‚Å‚©‚í‚¢‚¢IƒTƒ“ƒŠƒIƒRƒ‰ƒ{‚ÌuƒŒƒgƒƒJƒŒƒ“ƒ_[v—D‚µ‚¢ƒ^ƒbƒ`‚É–ü‚â‚³‚ê‚Ü‚·B,https://news.yahoo.co.jp/articles/7d63747cfa2d2bdfbb0f0ccd9542a6e53cc8f16b,8/22(‰Î) 20:05
bfj,u‚Ç‚¤‚È‚Á‚Ä‚é‚Ì!?v‰½“xŒ©‚Ä‚à‚í‚©‚ç‚È‚¢I•r‚Ì’†‚ÌƒRƒCƒ“ƒ^ƒ[‚Ìì‚è•û,https://news.yahoo.co.jp/articles/b27907154c98d1f137f0e6681c7a1b9805412988,8/22(‰Î) 19:35
bfj,yƒ[ƒ\ƒ“zŠÃ‚¢‚è‚ª‚½‚Ü‚ç‚È‚¢I‚­‚é‚Ý‚ÆƒRƒRƒiƒbƒc‚Ìu‚â‚Ý‚Â‚«ƒiƒbƒcvŽè‚ªŽ~‚Ü‚ç‚È‚¢”ü–¡‚µ‚³‚Å‚·,https://news.yahoo.co.jp/articles/f314d477e1a584f6c733035b016a6c0abaf59d36,8/22(‰Î) 19:35
bfj,”o—DƒR[ƒ‹EƒXƒvƒ‰ƒEƒXAŒðÛ•ñ“¹Œã‚ÉuŽEŠQ—\v‚ðŽó‚¯Žæ‚Á‚½‰ß‹Ž‚ð–¾‚©‚·B”M‹¶“Iƒtƒ@ƒ“‚Ìs“®‚É–{‰¹‚ð“f˜I,https://news.yahoo.co.jp/articles/adb90d6f034811a60b48ef1a1d2363d53e488801,8/22(‰Î) 19:30
bfj,u‚©A_‘Î‰ž‚âcvŠ´Œƒ‚·‚éº‚ª‘±oBƒeƒjƒvƒŠÕ•”‚ªƒtƒ@ƒ“‚ÌŒ‹¥Ž®‚ÉŽQ—ñA‚Ü‚³‚©‚Ìƒtƒ@ƒ“ƒT[ƒrƒX‚É‘å”½‹¿,https://news.yahoo.co.jp/articles/adf81a994149dca5d35c70502649c89a6f195621,8/22(‰Î) 19:05
bfj,‚±‚ê‚Íˆ³Šª‚¾‚í......I‘å­ˆºA’nŒ³E–kŠC“¹‚ÌgâŒi‚Ð‚Ü‚í‚è”¨g‚ð–K‚ê‚é¨uÅ‚‚ÉãY—ívu‘sŠÏ‚Å‚·v‚ÆÌŽ^‚Ìº,https://news.yahoo.co.jp/articles/c5484c7bcd91ad1b7c19ed50c2d8b6018f2ed7ba,8/22(‰Î) 19:05
bfj,yƒ_ƒCƒ\[z’u‚­‚¾‚¯‚ÅƒTƒ}‚É‚È‚éIŠØ‘•—‚Å‚©‚í‚¢‚¢uƒoƒuƒ‹‚Ý‚½‚¢‚È‰Ô•rv‚¨•”‰®‚ªˆê‹C‚ÉC”²‚¯‚Ü‚·,https://news.yahoo.co.jp/articles/391299a544a9f5ec60b3409b1f1caaf6050ece59,8/22(‰Î) 19:05
bfj,y–³ˆó—Ç•i3‘Iz”’•Ä‚ª‚ß‚Á‚¿‚ái‚ÞB‚²”Ñ‚É‚©‚¯‚é‚¾‚¯‚ÌuŠy‚¿‚ñƒƒjƒ…[vƒŒƒgƒ‹ƒg‚Æ‚ÍŽv‚¦‚È‚¢ƒNƒIƒŠƒeƒB‚Å‚·B,https://news.yahoo.co.jp/articles/8a1e929991257a2e19429c568ae004d2c64f19da,8/22(‰Î) 18:35
bfj,u‘²ƒAƒ‹ŽÊ^‚Å‚±‚ÌƒNƒIƒŠƒeƒBv‘š~‚è–¾¯E‚¹‚¢‚â‚ª‘²ƒAƒ‹‚ðŒöŠJ¨u“¯‹‰¶‚É‚¢‚½‚ç›‚ê‚Ä‚évu‚©‚Á‚±‚¢‚¢v‹¹ƒLƒ…ƒ“‚·‚éƒtƒ@ƒ“‚ª‘±o,https://news.yahoo.co.jp/articles/38c7a9e6f7d83009ed86fc34063920833d40fa7a,8/22(‰Î) 18:05
bfj,u‚½‚ß‘§‚ªo‚é‚Ù‚Ç‚©‚í‚¢‚¢vu‚È‚ñ‚Å‚àŽ—‡‚¢‚·‚¬v•ŸŒ´—y‚ª‰“oê‚µ‚½ŽGŽ‚ÌŽB‰eƒVƒ‡ƒbƒg‚Éƒtƒ@ƒ“Š½Šì,https://news.yahoo.co.jp/articles/22e686ac7a1c78c233e77ae982b6580f985ea87a,8/22(‰Î) 17:40
bfj,‹g‰ª—¢”¿‚ª‰iŽR‰l‘¾‚Æ‚ÌgƒAƒS‚Ì‚¹h2ƒVƒ‡ƒbƒg‚ðŒöŠJ¨uƒzƒ“ƒƒJƒJƒbƒvƒ‹vu2l‚Æ‚à‚ß‚¿‚á‚©‚ív,https://news.yahoo.co.jp/articles/073d8f47ff768a8fb9631fca201ef937f3070dd1,8/22(‰Î) 17:35
bfj,yƒjƒgƒŠzƒRƒ“ƒpƒNƒg‚ÉŽû”[‚Å‚«‚ÄŠð‚µ‚¢B1290‰~¨1190‰~‚É’l‰º‚°’†‚ÌuƒXƒ‰ƒCƒT[ƒZƒbƒgv1‘ä7–ð‚Å•Ö—˜‚Å‚·B,https://news.yahoo.co.jp/articles/34959c5f03b30c898eae6e73274e5b8ee4d4c2fa,8/22(‰Î) 17:35
bfj,yƒjƒRƒAƒ“ƒhzƒRƒƒ“‚Æ‚µ‚½Œ`‚ª‰Âˆ¤‚¢Iƒ~ƒjƒoƒbƒO‚Ý‚½‚¢‚Èu‚¨‚µ‚á‚êƒ|[ƒ`vƒR[ƒf‚ÌƒAƒNƒZƒ“ƒg‚ÉŽg‚¦‚Ü‚·I,https://news.yahoo.co.jp/articles/931ae2a5834c7e4b7245494da076c87fe7474e43,8/22(‰Î) 16:30
bfj,yƒCƒPƒA3‘Izƒiƒ`ƒ…ƒ‰ƒ‹Š´‚ª‘f“GBƒzƒeƒ‹‚É‚ ‚è‚»‚¤‚Èu‚¨‚µ‚á‚êŽû”[ƒ{ƒbƒNƒXv•”‰®‚ªƒXƒbƒLƒŠ‚µ‚Ü‚·B,https://news.yahoo.co.jp/articles/6d1e756bb125e876036bed9bf575c02a6fdd815d,8/22(‰Î) 15:35
bfj,¡‚Í”ü‚µ‚¢ƒXƒC[ƒc‚ð¶‚Ýo‚·Œ»–ð‚ÌƒpƒeƒBƒVƒGB»‰ÙŠw¶Žž‘ã‚ÍcH ÕŒ‚‚ÌƒrƒtƒHƒAƒtŽÊ^‚É20–œu‚¢‚¢‚Ëv,https://news.yahoo.co.jp/articles/b4f588bc33474da7cfe9932cde5de4c5c0d81ced,8/22(‰Î) 15:05
bfj,yƒtƒ@ƒ~ƒ}zƒLƒƒƒ‰ƒƒ‹‚½‚Á‚Õ‚è‚ÅæÒ‘òBƒJƒtƒF‚Ý‚½‚¢‚Èuâ•iƒXƒR[ƒ“vŽè‚ªŽ~‚Ü‚ç‚È‚¢”ü–¡‚µ‚³‚Å‚·,https://news.yahoo.co.jp/articles/4aa894a4cc359e492a07165abecbad9df261239d,8/22(‰Î) 14:35
bfj,y3coinszƒyƒbƒgƒ{ƒgƒ‹‚ª‚¸‚Á‚Æ—â‚½‚¢IƒŒƒrƒ…[âŽ^‚Ìu—DGƒzƒ‹ƒ_[v•Û—âŒø‰ÊƒoƒcƒOƒ“‚È‚ñ‚Å‚·,https://news.yahoo.co.jp/articles/d60ac13198dce3fbadfabfefa2adeb55293bdc99,8/22(‰Î) 13:35
bfj,u—‰ð‚Å‚«‚È‚¢‚Æ—‰ð‚·‚é‚±‚Æv‰F‘½“cƒqƒJƒ‹‚ªgŽ©Ž€ˆâ‘°h‚Æ‚µ‚Ä‚ÌŽv‚¢‚ð‚Â‚Ã‚éB•êE“¡Œ\Žq‚³‚ñ‚ÌŽ€‚©‚ç10”N,https://news.yahoo.co.jp/articles/9b4313d846d39b903805f6d476022a5ce1ad45db,8/22(‰Î) 13:05
bfj,ŽŸìwƒX[ƒp[ƒ}ƒŠƒIƒuƒ‰ƒU[ƒY ƒƒ“ƒ_[x‚ÍV‚½‚Èº—D‚ªƒ}ƒŠƒI’S“–‚ÉB”C“V“°‚ªŽæÞ‚É–¾‚©‚·,https://news.yahoo.co.jp/articles/bac0ad5bc3c2fa9246c688f61d5f39ae0fe17ef7,8/22(‰Î) 13:00
bfj,ŽwŒ´ä»”TA‰ƒZƒ“ƒ^[‹È‚Ì”­”„‚©‚ç10Žü”N‚ðHŒ³N‚Æj‚¤¨u‚¨‚ß‚Å‚Æ‚¤vu‰ù‚©‚µ‚¢v‚Ìº,https://news.yahoo.co.jp/articles/f51b5a1c385cfe5547f370e7381ad7024a2432fd,8/22(‰Î) 12:50
bfj,ƒ‰ƒ“ƒ_ƒ€‚Å“K“–‚ÈêŠ‚Ì’n}‚ð•\Ž¦‚·‚é‚¾‚¯‚ÌƒAƒvƒŠu—X•Ö”Ô†ƒKƒ`ƒƒv‚ª˜b‘èBuƒ_[ƒc‚Ì—·‚Ý‚½‚¢vuƒŠƒAƒ‹‚Ô‚Á‚Æ‚ÑƒJ[ƒhv‚Ìº,https://news.yahoo.co.jp/articles/07dfc0a5bbb600f2a1e60b4c392572f0bb7573a8,8/22(‰Î) 12:50
bfj,ƒI[ƒCƒVƒ}ƒTƒˆƒV‚Æ—é–Øˆ¤—‚ªƒpƒtƒH[ƒ}ƒ“ƒX’†‚Ég•ú‘—Ž–ŒÌhIH¨uŽv‚í‚¸Î‚¢‚Ü‚µ‚½vuƒWƒƒWƒ‚­‚évˆê‘Ì‚È‚É‚ªH,https://news.yahoo.co.jp/articles/e1561d8cb1b7f237d9575cd95f7df5b2d2b1e898,8/22(‰Î) 12:50
bfj,uŽ„‚Ü‚ÅŠð‚µ‚­vu‚·‚Ä‚«ƒGƒsƒ\[ƒh‚·‚¬v‚¨‚Î‚½‚Ì‚¨ŒZ‚³‚ñ‚Ì_‘Î‰ž‚É‚Ù‚Á‚±‚è¨ ƒtƒ@ƒ“‚Ì­—‚Ì‚½‚ß‚É‚µ‚½‚±‚Æ‚Æ‚Íˆê‘Ì‰½H,https://news.yahoo.co.jp/articles/b122e6941b329564f98ccfa7c8cde162e92296db,8/22(‰Î) 12:35
bfj,y’Ç‹LzuŽ–‘O—\‚à‚È‚­‚±‚ê‚Á‚Ä“‚·‚¬‚év Xi‹ŒTwitterj‚Å2013”NˆÈ‘O‚Ì‰æ‘œ‚ªŒ©‚ç‚ê‚È‚­‚È‚èˆêŽž‘›‘R,https://news.yahoo.co.jp/articles/3a4c93f79653b75d809f9551696928d2478a590c,8/22(‰Î) 12:10
bfj,–kìŒiŽqAƒCƒ‚ƒgƒAƒ„ƒR‚É37Î’a¶“ú‚ðj‚Á‚Ä‚à‚ç‚¤¨u‚¨“ñl‚Æ‚à‚©‚í‚¢‚¢vu‰Æ”„‚éƒIƒ“ƒiƒyƒAÅ‚v‚ÆÌŽ^‚Ìº,https://news.yahoo.co.jp/articles/ca562f5575bab1bb0fc968a10cc23be36d6fcb70,8/22(‰Î) 12:05
bfj,u‚¨c‚¨‚Ê‚µ‰½ŽÒ`Ivg‚ ‚é•¶–[‹ïh‚Éƒuƒ`ƒMƒŒ‚ÈŽÄŒ¢‚ª˜b‘è‚É¨u‚È‚ñ‚Å‚±‚ñ‚È‚±‚Æ‚Éwvu‚¸‚Á‚ÆŒ©‚Ä‚ç‚ê‚év,https://news.yahoo.co.jp/articles/669526c42bd4287dfddc68c222e80740796bb3a1,8/22(‰Î) 12:05
bfj,ŽR–{•‘‚ª’nŒ³‚Ì‚¨Õ‚è‚ÉƒQƒXƒgo‰‰¨•”¯ƒ|ƒj[ƒe[ƒ‹ŽpŒöŠJ‚Éu•µˆÍ‹Cˆá‚Á‚ÄÅ‚vuƒCƒ[ƒWV‚µ‚¢v‚Ìº,https://news.yahoo.co.jp/articles/66ce9fc71e2315c91ac169533ebb0d890c16106d,8/22(‰Î) 12:05
bfj,yGUz‚Í‚­‚¾‚¯‚Å‹r‚ª×‚­Œ©‚¦‚éI1990‰~‚Ìu‚Œ©‚¦ƒpƒ“ƒcvã•i‚ÈƒfƒUƒCƒ“‚Éˆê–Ú›‚ê‚µ‚½,https://news.yahoo.co.jp/articles/21189e3817edc8f8111efecb6f85e2edd58889db,8/22(‰Î) 12:05
bfj,u¬‚³‚¢Žž‚Ì‚¨Šç‚à‰Âˆ¤‚¢`•Ï‚í‚Á‚Ä‚È‚¢Iv‚â‚·Žq‚ª¬ŠwZŽž‘ã‚ÌŽÊ^‚ðŒöŠJBg‚»‚Ì‚Ü‚Ü‘ål‚É‚È‚Á‚½Š´‚¶h‚Æ’–ÚW‚ß‚é,https://news.yahoo.co.jp/articles/d49a2ca2a47b43d99963cd460099594654fd9b85,8/22(‰Î) 10:50
bfj,y’Ç‹Lzuƒ}ƒŠƒIvº—D‚ª‚Â‚¢‚ÉŒð‘ã‚ÖA¡Œã‚Ígƒ}ƒŠƒI‚Ìe‘P‘åŽgh‚ÉBƒlƒbƒgã‚Å‚Íuˆê‚Â‚ÌŽž‘ã‚ªI‚í‚évu“ñ‘ã–Ú‚ÌƒvƒŒƒbƒVƒƒ[ƒ„ƒo‚»‚¤v‚Ìº,https://news.yahoo.co.jp/articles/54cdefc3589dee8eca761cda3eb1e79da72cd06d,8/22(‰Î) 9:00
bfj,EXIT‚ªHŒã‚Ì‰ïŒv‚Åg¬‹£‚è‡‚¢h‚É”­“WcIH¨“XŽå‚©‚ç‚°‚ç‚ê‚½ÕŒ‚‚Ì‚Ð‚ÆŒ¾‚Éu‚©‚Á‚¿‚å—Ç‚·‚¬vuƒjƒ„ƒb‚Æ‚µ‚Ä‚µ‚Ü‚¤ƒGƒsƒ\[ƒhv,https://news.yahoo.co.jp/articles/251632c00d3cf85db451af42495c8075bee362a3,8/22(‰Î) 9:00
bfj,ƒpƒ‹ƒ€V–¡uˆÀ”[ˆð–¡v‚ÌƒpƒbƒP[ƒW‚É‹­—ó‚ÈŠùŽ‹Š´Bƒ{[ƒhƒQ[ƒ€uƒJƒ^ƒ“v‚É‚»‚Á‚­‚è‚Æ˜b‘è‚Écc”Ì”„Œ³‚à”½‰ž,https://news.yahoo.co.jp/articles/7e5885784616afd0db7ebfc33c973b3926d54686,8/22(‰Î) 8:50
bfj,—¢“c‚Ü‚¢A7Î’·’j‚Ì‰˜‚ê‚½ƒ†ƒjƒtƒH[ƒ€‚ðô‚¢‚È‚ª‚çƒOƒb‚Æ‚­‚éŽ©•ª‚Éu‘z’èŠOv¨u—Ü‚ªo‚Ü‚µ‚½vu‹¹‚ª”M‚­‚È‚è‚Ü‚µ‚½v‚Æ‹¤Š´‚Ìº,https://news.yahoo.co.jp/articles/3e1e68da03db968c3990b888d4e0b8d4e3305ffe,8/22(‰Î) 8:35
bfj,‚ ‚È‚½‚Í‰½ŒÂ’m‚Á‚Ä‚éH 2000”NˆÈ~‚É“oê‚µ‚½gŽáŽÒ‚ÌZZ—£‚êh158ŒÂ‚ðˆê‹“ŒöŠJI¨u‚ß‚¿‚áÎ‚Á‚½vu‚¢‚ë‚¢‚ë‚ ‚è‚·‚¬‚Ä‘åŠì—˜ó‘Ôv,https://news.yahoo.co.jp/articles/a3bcbf226dc0f378a569ac9bd427168c52f813f1,8/22(‰Î) 8:15
bfj,‰ªè‘ÌˆçAƒTƒ}ƒ\ƒj‚ÅuŽjã—Bˆê‚ÌƒA[ƒeƒBƒXƒgv‚É‚È‚écIH ¨‚»‚Ì——R‚Æ‚ÍHu‹Éã‚ÌeFsvu‚¢‚¢‘§Žq‚³‚ñ‚âv,https://news.yahoo.co.jp/articles/27a035e377f0dee422d9f2571b4b3bb2fb83ba06,8/22(‰Î) 7:40
bfj,u•s—Ï‚É‘–‚è4”NB•v‚Í—‚Æ‚µ‚ÄŒ©‚Ä‚­‚ê‚¸cv‘Š’k‚ÉãÀŒb”üŽq‚ª‚Ü‚³‚©‚Ì‰ñ“šB‚±‚ê‚Í‰ßŒƒ‚¾‚íI,https://news.yahoo.co.jp/articles/7c46d8517c6c1c62943ececca61d9221749d0a11,8/21(ŒŽ) 21:10
bfj,‚È‚ñ‚©‚¢‚écBŽU•à’†‚ÉŒ©‚Â‚¯‚½g‹‘å‚Ð‚Ü‚í‚èh‚ª‚¿‚å‚Á‚Æ•|‚¢I¨u’†‚Él“ü‚Á‚Ä‚Ü‚·‚Ëvu–é‚ÉŒ©‚½‚ç‹ƒ‚¢‚¿‚á‚¤v,https://news.yahoo.co.jp/articles/eb1a2ebd58e7182be05c42a983e8d289f585138b,8/21(ŒŽ) 21:10
bfj,yH•Mz‘ÌŒ^‚ªƒXƒbƒLƒŠŒ©‚¦‚éI1’…649‰~‚ÌuŠy‚¿‚ñƒgƒbƒvƒXv¡‚Á‚ÛƒfƒUƒCƒ“‚ªƒIƒVƒƒƒŒ‚È‚ñ‚Å‚·,https://news.yahoo.co.jp/articles/8cb14177c71047b8fbd9ffb0527b7e63eac85420,8/21(ŒŽ) 20:35
bfj,u‚Ý‚È‚³‚ñ‚àŽ„‚½‚¿‚ªK‚¹‚¾‚Á‚½‚Ý‚½‚¢‚ÉccvNewJeans‚ªƒTƒ}ƒ\ƒjŠÏ‹q‚ÉƒƒbƒZ[ƒW‚ð‚Â‚Ã‚é¨u“ú–{‚É—ˆ‚Ä‚­‚ê‚Ä‚ ‚è‚ª‚Æ‚¤vuÅ‚‚¾‚Á‚½v,https://news.yahoo.co.jp/articles/f5d43bc0562dbd2c0113a46961b89ac11ef716c4,8/21(ŒŽ) 20:25
bfj,y3coinsŽo–…“X~ƒTƒ“ƒŠƒIzƒŒƒgƒ•—ƒfƒUƒCƒ“‚ÌuƒuƒbƒNƒJƒo[v”½‘¥‹‰‚Ì‚©‚í‚¢‚³‚È‚ñ‚Å‚·,https://news.yahoo.co.jp/articles/7a645dcdb5eac0a6a7af23825d813367407f7740,8/21(ŒŽ) 20:05
bfj,‚±‚ê‰½‚ÉŒ©‚¦‚écH XŽµØ‚ªg–é‹ó‚Å‰j‚®‚à‚Ìh‚ð”­Œ©¨u–Ú‚ªŒõ‚Á‚Ä‚évu‚±‚Á‚¿‚ÉŒü‚©‚Á‚Ä‚­‚év‚Æ˜b‘è‚É,https://news.yahoo.co.jp/articles/744eff96d95163ef4c78c1407860b35b45997654,8/21(ŒŽ) 19:45
bfj,yƒZƒuƒ“z–•’ƒ‚ª”Z‚­‚Ä‚¨‚¢‚µ‚¢ISNSâŽ^‚ÌuæÒ‘ò‚©‚«•Xv—û“û‚½‚Á‚Õ‚è‚ÅK‚¹‚Å‚·I,https://news.yahoo.co.jp/articles/30b4b9bb316e9f3ab078993675f651658cb7f458,8/21(ŒŽ) 19:35
bfj,y3coinszˆê“xŽg‚Á‚½‚çŽè•ú‚¹‚È‚¢uƒtƒ[ƒYƒ“ƒ[ƒJ[vƒtƒ‰ƒyƒ`[ƒm‚Ý‚½‚¢‚ÈƒhƒŠƒ“ƒN‚ªŠÈ’P‚É‚Å‚«‚é‚ñ‚Å‚·I,https://news.yahoo.co.jp/articles/686ded78a304c5a7c4c59c3b186c717caa58a013,8/21(ŒŽ) 19:05
bfj,Œã“¡^ŠóA—ˆßŽp‚ð”â˜I¨u‚ß‚Á‚¿‚á—ˆß”ülvu‰½’…‚Ä‚àŽ—‡‚¤v‚Æƒtƒ@ƒ“âŽ^,https://news.yahoo.co.jp/articles/9f47d1a4be43c2e54b47413e48a8affa2513f0e8,8/21(ŒŽ) 18:35
bfj,yƒ[ƒ\ƒ“zƒRƒ“ƒrƒj‚Æ‚ÍŽv‚¦‚È‚¢‚­‚ç‚¢–{Ši“II‚²”Ñ‚ª‚Ç‚ñ‚Ç‚ñi‚Þuâ•i‚¨‚©‚¸v3‘I,https://news.yahoo.co.jp/articles/d41cb64837dd3e02d723aa8fc09cd2c411ede19f,8/21(ŒŽ) 18:35
bfj,“y‰®‘¾–PA’©ƒhƒ‰w‚Ü‚êx‚Ì•‘‘ä‚ð–K–â¨g“²‚ê‚Ì‚²•v•wg‚Æ‚ÌÄ‰ï‚Éu‚²‰‚ð‘åØ‚É‚µ‚Ä‚ÄƒXƒeƒLvuK‚¹‚Ì‚¨ž•ª‚¯‚ð‚ ‚è‚ª‚Æ‚¤v‚Ìº,https://news.yahoo.co.jp/articles/58e2165b4425b561f8f6b06cfb892e76e56312ef,8/21(ŒŽ) 18:30
bfj,ƒ{[ƒg‚ðæ‚è‚±‚È‚µ‚Ä‚¢‚écIH …’…‚ÅƒoƒJƒ“ƒX’†‚Ìƒƒ“ƒR‚ª˜b‘è‚ÉB‚±‚ê‚Í‹CŽ‚¿‚æ‚³‚»‚¤`I,https://news.yahoo.co.jp/articles/d77921dec2ae3fb2cffc62a36a4adc455ea7f2db,8/21(ŒŽ) 18:25
bfj,u¶‚Ü‚ê‚Ä‰‚ß‚Ävl‹Cƒ^ƒŒƒ“ƒgA’·—‚Ìˆ×‚É‘å‚«‚È‚¨”ƒ‚¢•¨¨u‘f“G‚È—§”h‚Èƒ}ƒ}‚â`vu‘f°‚ç‚µ‚¢IIŠÌ‚Á‹Ê•ê‚¿‚á‚ñv‚Æ”½‹¿,https://news.yahoo.co.jp/articles/1bcdd64c81268c0faadd40128a868c32c8851cb8,8/21(ŒŽ) 18:10
bfj,u‰á‚É‚©‚Ü‚ê‚é‚Á‚Ä•ûŒ¾Hv‘«—§—œ‰Ô‚Ì‹^–â‚É‘S‘‚Ìƒtƒ@ƒ“‚©‚çˆÓŒ©ŽE“žu‰á‚ÉH‚í‚ê‚é”hvuŽh‚³‚ê‚é‚Å‚·‚Ëv,https://news.yahoo.co.jp/articles/2f3becf47f48bcda00f0e7e699ed0e1004a0ac2d,8/21(ŒŽ) 18:05
bfj,yƒ_ƒCƒ\[zƒRƒ“ƒpƒNƒg‚Éô‚ß‚Ä•Ö—˜IŽRèŽÀ‹Æ‚Ý‚½‚¢‚Èu‚¨‚µ‚á‚êƒhƒA—pƒtƒbƒNv•”‰®Š±‚µ‚â—m•žŽû”[‚É‚Ò‚Á‚½‚è‚Å‚·,https://news.yahoo.co.jp/articles/1135ac85e6120a6a55f322020d21581c5cef3c11,8/21(ŒŽ) 17:35
bfj,ŒÜÊ”ê‰Ä‚³‚ñŽ€‹ŽB“o˜^ŽÒ”85–œl‚Ì”ü—eŒnYouTuberBu‚ ‚Ü‚è‚É“Ë‘Rv‚ÆŠ‘®Ž––±Š,https://news.yahoo.co.jp/articles/a8c897aded8c5320a7f02284e80c340fa9edce66,8/21(ŒŽ) 17:15
bfj,“¯‚¶ƒhƒŒƒX‚ð’…—p‚µ‚½—L–¼l‚½‚¿‚ðu”äŠr‚·‚évƒlƒbƒg‚ÉA‰ÌŽèƒWƒFƒVƒJEƒVƒ“ƒvƒ\ƒ“‚ªˆêŒ¾uƒZƒNƒV[‚³‚É—¬s’x‚ê‚È‚ñ‚Ä‚È‚¢v,https://news.yahoo.co.jp/articles/875f08215a6210153c5201c91401c064c3f27d4f,8/21(ŒŽ) 17:10
bfj,y–³ˆó—Ç•izƒJƒtƒF‚Ý‚½‚¢‚È”ü–¡‚µ‚³I1”t20‰~‚Ìu‘u‚â‚©ƒhƒŠƒ“ƒNv‚Ù‚ñ‚Ì‚èƒŒƒ‚ƒ“•—–¡‚ª‰Ä‚É‚Ò‚Á‚½‚è,https://news.yahoo.co.jp/articles/ad237013cb0f118641b70e7c01248fb853b9545a,8/21(ŒŽ) 16:35
bfj,y¬éÎˆäz‚Æ‚ë‚¯‚éŒû—n‚¯‚ª‚½‚Ü‚ç‚È‚¢I‹ïÞ‚ª‚²‚ë‚²‚ë“ü‚Á‚½u‚²–J”üƒAƒWƒAƒ“ƒXƒC[ƒcv‚¢‚ë‚¢‚ë‚ÈHŠ´‚ªŠy‚µ‚ß‚Ü‚·I,https://news.yahoo.co.jp/articles/320f3058be380985b0f7e5ff068c59e4a303bf64,8/21(ŒŽ) 14:35
bfj,yƒtƒ‰ƒCƒ“ƒOƒ^ƒCƒK[z‰½‚ð“ü‚ê‚Ä‚àƒIƒVƒƒƒŒI‹i’ƒ“X‚É‚ ‚è‚»‚¤‚Èu‘u‚â‚©ƒOƒ‰ƒXvŒ©‚é‚½‚Ñ‚É‹C•ª‚ªƒAƒK‚è‚Ü‚·I,https://news.yahoo.co.jp/articles/ad324e213bfdd6a1d91f92c9012bc54739e62c14,8/21(ŒŽ) 13:35
bfj,yGUVìz‚à‚¤ƒ|[ƒ`‚¢‚ç‚È‚¢‚©‚àI‰×•¨‚ª‚·‚Á‚«‚è®—‚Å‚«‚éu‘å—e—ÊƒoƒbƒOv2990‰~‚Æ‚ÍŽv‚¦‚È‚¢•Ö—˜‚³‚Å‚·I,https://news.yahoo.co.jp/articles/97c6a8a39cc1d14187c9b083e4b6a085deac5944,8/21(ŒŽ) 12:35
bfj,ƒVƒxƒŠƒAƒ“ƒnƒXƒL[‚Ì—‚ÌŽq‚ªgŽí‚Ì‰^‚Ñ‰®‚³‚ñh‚ðŠJ‹ÆcIH¨u‚±‚ê‚Í‚·‚²‚¢vu‚½‚­‚³‚ñ‰^‚ñ‚¾‚Ëv,https://news.yahoo.co.jp/articles/fcf4bfbc8778b8d25ca19f3d93d107584e7d39f5,8/21(ŒŽ) 11:50
bfj,yƒKƒXƒg~ƒS[ƒS[ƒJƒŒ[z‚¨• ‚ª‚Í‚¿‚«‚ê‚»‚¤Bl‹Cƒƒjƒ…[‚Ä‚ñ‚±·‚è‚Ìu‚æ‚­‚Î‚èƒJƒŒ[v‚ªæÒ‘ò‚·‚¬‚Ü‚·B,https://news.yahoo.co.jp/articles/433893aa8cba4a40128b8f126f8c3ca3ad3de7f4,8/21(ŒŽ) 11:35
bfj,u¢ŠEˆêŽ—‡‚¤vuÅ‹­ƒMƒƒƒ‹v“c’†‚ê‚¢‚È‚ªƒcƒCƒ“ƒe[ƒ‹Žp‚ð”â˜I¨u‹v‚µ‚Ô‚è‚ÌƒcƒCƒ“ƒe[ƒ‹‚Ç[‚¨Hv‚Éƒtƒ@ƒ“Š½Šì,https://news.yahoo.co.jp/articles/cf99a70b678d343eed0a28b9347effabd81879e8,8/21(ŒŽ) 10:20
bfj,AKB48E”–Ø—R‹IAƒnƒƒvƒ50‹È‚ð‰Ì‚¤“®‰æ‚ðŒöŠJ¨uÅ‚Šé‰ævu‹L‰¯—ÍƒXƒS‚·‚¬v‚ÆÌŽ^‚Ìº,https://news.yahoo.co.jp/articles/e1d540ef1a6f4328bf4a6877094c9743cbece227,8/21(ŒŽ) 10:15
bfj,‚¨’cŽqƒwƒA‚ÌƒEƒBƒbƒO‚ªc‚ß‚Á‚¿‚á•Ö—˜‚ÉI “VË“I‚ÈƒAƒCƒfƒA‚ªu‚·‚²‚¢vu‚¨’cŽqŠv–½‚Å‚·‚â‚ñIv‚Æ˜b‘è‚É,https://news.yahoo.co.jp/articles/1788a834146534a0f14c74c3fc33bc1ef4771c98,8/21(ŒŽ) 8:40
bfj,ˆ¤”L‚Æ‚ÌŽÊ^‚ÉiPhone‚ªŸŽè‚Éƒ^ƒCƒgƒ‹‚ð‚Â‚¯‚½Œ‹‰Ê¨uŠÔˆá‚¦‚Å‚Í‚È‚¢vu‚±‚ÌiPhone‚â‚è‚¨‚éwwwvuƒZƒ“ƒX‘f“Gv,https://news.yahoo.co.jp/articles/33bb653f3c6072887c210a0432dad0562ce04b48,8/21(ŒŽ) 8:05
bfj,yZARAVìzƒRƒƒ“‚Æ‚µ‚½Œ`‚ª‰Âˆ¤‚¢BƒXƒ}ƒz‚Æà•z‚ª‚·‚Á‚Û‚è“ü‚éu‚¨‚µ‚á‚êƒoƒbƒOv‚¨o‚©‚¯‚Ì‚¨‹Ÿ‚Éƒsƒbƒ^ƒŠ‚Å‚·B,https://news.yahoo.co.jp/articles/60fb894cc5a2cf99931a0a218966bf474ddb4eed,8/20(“ú) 20:35
bfj,yƒƒtƒgz‚ä‚é‚Á‚Æ‚µ‚½•\î‚ª‰Âˆ¤‚¢BƒXƒ‰ƒCƒ€‚ªŒ©‚Â‚ß‚Ä‚­‚éu‚¨‚µ‚á‚êƒNƒŠƒbƒvvƒhƒ‰ƒNƒGD‚«‚É‚Í‚½‚Ü‚è‚Ü‚¹‚ñB,https://news.yahoo.co.jp/articles/b7d4a545466afb365633c3e6b5a94682af4b9854,8/20(“ú) 20:05
bfj,yƒtƒ@ƒ~ƒ}VìzƒzƒCƒbƒv‚½‚Á‚Õ‚è‚ÅK‚¹BƒJƒtƒFƒXƒC[ƒc‚Ý‚½‚¢‚Èu‚²–J”üƒh[ƒiƒcv‚Ó‚í‚Ó‚íHŠ´‚ª‚½‚Ü‚è‚Ü‚¹‚ñB,https://news.yahoo.co.jp/articles/0bb4f65478eb9358b219827402a63be4ec6e43d1,8/20(“ú) 19:35
bfj,yƒCƒPƒAz‘N‚â‚©ƒJƒ‰[‚Éˆê–Ú›‚êB‚‹‰Š´‚·‚²‚¢u‚¨‚µ‚á‚ê‰Ô•rv•”‰®‚ªƒzƒeƒ‹‚Ý‚½‚¢‚É‚È‚Á‚½B,https://news.yahoo.co.jp/articles/509603df1121305f0b396098399f67a780c3898a,8/20(“ú) 19:05
bfj,yƒZƒuƒ“z‚½‚Á‚Õ‚è“ü‚Á‚Ä‘å–ž‘«BƒzƒNƒzƒN‚Ìuƒ{ƒŠƒ…[ƒ€–ž“_ƒ|ƒeƒgvH‚×‚éŽè‚ªŽ~‚Ü‚è‚Ü‚¹‚ñ,https://news.yahoo.co.jp/articles/e868a5ab85ab55c325800528b0eb0f3d1d67a3a2,8/20(“ú) 18:35
bfj,—ß˜a‚ÌŽq‚Ç‚à‚Í‰Ä‹x‚Ý‚Ìh‘è‚ð‚±‚¤‚â‚Á‚Ä‰ð‚­IH –ìŠÔŒû“O‚ÌŽŸ’j‚ª•Ò‚Ýo‚µ‚½”éô‚Éu“VËvu«—ˆ—L–]v‚Æ”½‹¿,https://news.yahoo.co.jp/articles/b94668111d5b09c81383a76312deaa8dfb706465,8/20(“ú) 17:50
bfj,yƒ_ƒCƒ\[zƒAƒŒƒ“ƒW–³ŒÀ‘å‚Å•Ö—˜B110‰~‚Ìu‚¨‚µ‚á‚ê»•XƒOƒbƒYv‚¨‚¤‚¿‚ÅƒJƒtƒFƒhƒŠƒ“ƒN‚ª‚Å‚«‚é‚ñ‚Å‚·,https://news.yahoo.co.jp/articles/d45b1a6cfacb7bbcf490344c7902edeaff5e54ee,8/20(“ú) 17:35
bfj,yƒ†ƒjƒNƒz‰B‚ê‚½–¼•i‚©‚àB”üƒVƒ‹ƒGƒbƒg‚Ìu‚Œ©‚¦ƒXƒJ[ƒgvƒfƒUƒCƒ“‚à‹@”\«‚à100“_–ž“_‚Å‚·,https://news.yahoo.co.jp/articles/e16f3bd8303c7e73e0c786806f2651276b1ef9bf,8/20(“ú) 16:35
bfj,yƒ[ƒ\ƒ“zƒLƒ‰ƒLƒ‰‚µ‚Ä‚Ä‚©‚í‚¢‚¢I•óÎ‚Ý‚½‚¢‚Èu“‚½‚Á‚Õ‚èƒ[ƒŠ[v‰Ä‚É‚Ò‚Á‚½‚è‚È‚¨‚¢‚µ‚³‚Å‚·,https://news.yahoo.co.jp/articles/9752bfcaaf6bebc445b66a3015b3398fd87d483f,8/20(“ú) 14:35
bfj,y3coinsz‚¸‚Á‚ÆG‚Á‚Ä‚¢‚½‚¢‹CŽ‚¿‚æ‚³I‚Ó‚íƒ‚ƒ`‘fÞ‚Ìu‚¨‚µ‚á‚êƒJƒo[vƒ}ƒ‹ƒ`‚ÉŽg‚¦‚Ä•Ö—˜‚Å‚·,https://news.yahoo.co.jp/articles/b1d2efe1b1a7fb598a7ff528a549f3fb5424c9eb,8/20(“ú) 13:35
bfj,w‚¿‚¢‚©‚íxÅV˜b‚É“oê‚µ‚½uƒJƒcƒJƒŒ[‚ÆŠL`v‚ÌƒZƒbƒgAŽ‘‚³‚ñ‚¤‚Ç‚ñ‚È‚çH‚×‚ç‚ê‚éI ŒöŽ®‚àu‚Ç‚¿‚ç‚à‚ ‚è‚Ü‚·‚Ëv‚Æ”½‰ž,https://news.yahoo.co.jp/articles/f6a385d12fba859fc9dd730fac107f5bca178f2c,8/20(“ú) 13:20
bfj,yH•Mz‘ÌŒ^ƒJƒo[‚Å‚«‚ÄŠð‚µ‚¢IƒtƒŠƒ“ƒW‚ª‚©‚í‚¢‚¢uŠy‚¿‚ñƒpƒ“ƒcv‚Í‚­‚¾‚¯‚ÅƒIƒVƒƒƒŒŒ©‚¦‚µ‚Ü‚·,https://news.yahoo.co.jp/articles/45ffef99edd2295ab6c9ddfc1b79a9fb5f594a2d,8/20(“ú) 12:35
bfj,u‚¸‚Á‚ÆŽü‚è‚Ì‚¹‚¢‚É‚µ‚Ä¶‚«‚Ä‚«‚½v¬“cØƒqƒ‚ªl¶‚É”Y‚ÞŽ‹’®ŽÒ‚ÉƒLƒbƒpƒŠ‰ñ“šB‚±‚ê‚Í‘Sl—Þ‹¤Š´‚¾‚íI,https://news.yahoo.co.jp/articles/8858de865866259c9c54c7c651dc5eb4364ab624,8/20(“ú) 12:05
bfj,yƒtƒ@ƒ~ƒ}z‚³‚Á‚Ï‚èH‚×‚ç‚ê‚Ä‚¨‚¢‚µ‚¢I‹ï‚¾‚­‚³‚ñ‚Ìu‚Ë‚Î‚Ë‚Î—â»ƒpƒXƒ^v‹‚¢“ú‚Ìƒ‰ƒ“ƒ`‚É‚Ò‚Á‚½‚è‚Å‚·,https://news.yahoo.co.jp/articles/3c361f8258146d6013b081c386132a3d5a6ec04a,8/20(“ú) 11:35
bfj,uŠÔˆá‚¦‚é‚Æ‘S•”‚Ì‘ŸŠí“f‚«o‚·‚ñ‚¾‚¯‚Ç•|‚·‚¬‚év5Î‚Ì‚ß‚¢‚ªŽ‚Á‚Ä‚«‚½‚¨‚à‚¿‚á‚ª‘ål‚àƒrƒr‚é•|‚³¨uƒKƒ`‚Å•|‚¢vuâ‘Î‚Ù‚µ‚¢v‚Æ17.9–œ‚¢‚¢‚Ë,https://news.yahoo.co.jp/articles/3a157ee146493a4e7aa1ec3f9b258d288269431c,8/20(“ú) 11:30
bfj,u33Î§•ž‚Å‚·vƒ_ƒŒƒmƒKƒŒ–¾”üAŽ©ŽB‚èƒVƒ‡ƒbƒg‚ðŒöŠJ¨u”ül“]Z¶‚ª—ˆ‚½cvu‚©‚í‚¢‚¢‚µŽ—‡‚¢‚·‚¬v‚Æƒtƒ@ƒ“âŽ^,https://news.yahoo.co.jp/articles/409a45ebdfd7c9efbef9f90c880611653386365c,8/20(“ú) 10:35
bfj,u”§‚ªƒcƒ‹ƒcƒ‹‚·‚¬‚évƒAƒ“ƒ~ƒJ‚ª“c’†‚Ý‚ÈŽÀ‚Æ‚Ìƒc[ƒVƒ‡ƒbƒg‚ðŒöŠJ¨u‚¨“ñl‚Æ‚àãY—ívuÅ‹­—ŽqƒRƒ‰ƒ{v,https://news.yahoo.co.jp/articles/ececbe12d52ce6204a244aaf5595943335842de6,8/20(“ú) 9:35
bfj,u‚È‚º‚©22•ªŽüŠú‚Å“ä‚Ì“d”g‚ð•úŽË‚µ‘±‚¯‚Ä‚¢‚é“V‘Ìv‚ª1–œ5000Œõ”Næ‚Å”­Œ©‚³‚ê‚éB‚Ü‚³‚©‚Ìˆê’v‚ÉAƒQ[ƒ€wOuter Wildsx”­”„Œ³‚à”½‰ž,https://news.yahoo.co.jp/articles/e6b896e72913aea01378621c9ace9739da79897f,8/20(“ú) 9:35
bfj,ƒnƒXƒL[‚ÌƒNƒZ‚ª‹­‚·‚¬‚ég‚¨‚·‚í‚èh ‚ÉŽv‚í‚¸3“xŒ©‚µ‚½Iu‚È‚ñ‚¿‚ã‚¤À‚è•û‚âvu‘«_‚ç‚©‚¢‚Å‚·‚Ë[wv,https://news.yahoo.co.jp/articles/583f056cebba5cbbcf16a8f06ad0b6d70e698129,8/20(“ú) 9:05
bfj,u”Þ‚Æ‚ÌŠÖŒW‚É”æ‚ê‚Ä‚µ‚Ü‚Á‚½c‚Ü‚½Šy‚µ‚­‰ß‚²‚·‚É‚ÍHv—öˆ¤‘Š’k‚É‚¨Žo‚³‚Ü‚ªƒoƒbƒTƒŠ‰ñ“šB‚±‚ê‚Íƒnƒb‚Æ‚·‚éI,https://news.yahoo.co.jp/articles/883032154e8286cc9c926025b9998029b320267e,8/19(“y) 21:05
bfj,yƒ†ƒjƒNƒz‹r‚ªƒXƒbƒLƒŠŒ©‚¦‚ÄŠð‚µ‚¢Iƒ{ƒŠƒ…[ƒ€Š´‚ªƒIƒVƒƒƒŒ‚ÈuŠy‚¿‚ñƒVƒ‡[ƒgƒpƒ“ƒcv‚«‚ê‚¢‚ß‚É‚àƒJƒWƒ…ƒAƒ‹‚É‚àŽg‚¦‚é–¼•i‚Å‚·,https://news.yahoo.co.jp/articles/cb03667c7b0e9cef9b348cc3f0feb21a56232914,8/19(“y) 20:35
bfj,y–³ˆó—Ç•izŽq‚Ç‚à‚Ìì•iŽû”[‚É‚Ò‚Á‚½‚èIƒTƒb‚Æ‹²‚Þ‚¾‚¯‚Ìu‚¨‚¦‚©‚«ƒnƒ“ƒK[vƒA[ƒg‚Ý‚½‚¢‚É‚È‚Á‚ÄƒIƒVƒƒƒŒ‚Å‚·,https://news.yahoo.co.jp/articles/4b54555ac04006b7ffb2a6ffe5db1d5b57d3dda0,8/19(“y) 20:05
bfj,yƒtƒ@ƒ~ƒ}z‚Ë‚Á‚Æ‚è”ZŒú‚Å‚¨‚¢‚µ‚¢I–•’ƒ~ƒ`ƒ‡ƒR‚Ìu‚à‚¿‚à‚¿ƒNƒŒ[ƒvvH‚×‰ž‚¦‚½‚Á‚Õ‚è‚ÅæÒ‘ò‚Å‚·,https://news.yahoo.co.jp/articles/b638cf74cacbdf26f3e0f25ee273b2a5ef1c6991,8/19(“y) 19:35
bfj,y3coinsz•”‰®‚ªˆê‹C‚ÉŠØ‘‚Á‚Û‚­‚È‚Á‚½IƒJƒtƒF‚Ý‚½‚¢‚Èuƒ‰ƒ^ƒ“•—ƒgƒŒƒCvŠÛô‚¢‚Å‚«‚Ä550‰~‚ÍŠð‚µ‚¢I,https://news.yahoo.co.jp/articles/a5f8a73db355f973be84279a664bd653f593cb75,8/19(“y) 19:05
bfj,yƒZƒuƒ“zVŠ´Šo‚¾‚¯‚Ç”ü–¡‚µ‚¢B–¾‘¾Žq~ƒgƒƒ‚Ìu‚Ë‚Î‚Ë‚ÎƒpƒXƒ^v‹‚¢“ú‚Å‚àƒcƒ‹ƒb‚ÆH‚×‚ç‚ê‚Ü‚·B,https://news.yahoo.co.jp/articles/6939a98e29ffce62edc492e028d223f1b9cc6d9e,8/19(“y) 18:35
bfj,g—â“€‚²‚Í‚ñh‚ð‚Ê‚¢‚®‚é‚Ý‚Éc‚Á‚Ä‚Ç‚¤‚¢‚¤‚±‚ÆIH¨uŒ©•ª‚¯‚ª‚Â‚©‚È‚¢vuŠÔˆá‚Á‚Ä—â“€ŒÉ‚É“ü‚ê‚»‚¤vƒNƒIƒŠƒeƒB‚‚·‚¬‚é‚Ì‚æcI,https://news.yahoo.co.jp/articles/8eb43ea1f6ff430af10260eef7887a424f07e659,8/19(“y) 18:05
bfj,yƒfƒBƒYƒj[‚¨“yŽYz‚Ç‚±‚©‚çŒ©‚Ä‚à‰Âˆ¤‚¢Bƒ~ƒbƒL[‚¾‚ç‚¯‚Ìuƒ`ƒ‡ƒR‹l‚ß‡‚í‚¹v‹ÊŽè” ‚Ý‚½‚¢‚ÅƒƒNƒƒN‚ªŽ~‚Ü‚ç‚È‚¢B,https://news.yahoo.co.jp/articles/b38a7114eaaad99999954d9bbabcd3f6b4f1b573,8/19(“y) 17:35
bfj,“ŒŠCƒIƒ“ƒGƒAE‚Æ‚µ‚Ý‚ÂA10”N‘O‚Ìu‚Ç‚®‚¹‚¥IvƒvƒŠƒNƒ‰ŒöŠJ¨‰X‚µ‚¢2l‚ÌŽp‚ÉuÆ‚ê‚Ä‚é‚Ì‰Âˆ¤‚¢vuÂt‚Ì‚èv,https://news.yahoo.co.jp/articles/d94786e43e9cda4d90dc720382c398a76cf02ca2,8/19(“y) 17:00
bfj,yGUVìzŽñ‚Ü‚í‚è‚ªƒXƒbƒLƒŠŒ©‚¦‚ÄŠð‚µ‚¢I1490‰~‚Ìu‰ØšøŒ©‚¦TƒVƒƒƒcvƒNƒVƒ…‚Á‚Æ‚µ‚½‘³‚ª‰Âˆ¤‚¢‚ñ‚Å‚·,https://news.yahoo.co.jp/articles/a171cd881fafde8f1da07b4fcd95abdcc0b313d0,8/19(“y) 16:35
bfj,yƒ_ƒCƒ\[z’©‚²‚Í‚ñ‚ªƒJƒtƒF”Ñ‚Ý‚½‚¢‚É‚È‚Á‚½B‚Å‚±‚Ú‚±–Í—l‚ª‰Âˆ¤‚¢uƒg[ƒXƒgƒvƒŒ[ƒgvæ‚¹‚é‚¾‚¯‚ÅƒIƒVƒƒƒŒ‚Å‚·B,https://news.yahoo.co.jp/articles/f8d1775ffb233d6e89d379ab7e12f2edb2ab7c44,8/19(“y) 15:35
bfj,yƒXƒ^ƒoz“‚ªƒSƒƒSƒ“ü‚Á‚Ä‚éIƒfƒp’n‰º‚É‚ ‚è‚»‚¤‚ÈuæÒ‘òƒP[ƒLvƒWƒ…[ƒV[‚ÈŠÃ‚³‚ª‚½‚Ü‚è‚Ü‚¹‚ñI,https://news.yahoo.co.jp/articles/60c90dd3150f1c0baffc81cf3c457365a1448fc4,8/19(“y) 14:35
bfj,yH•MzƒXƒ^ƒCƒ‹‚ª·‚ê‚ÄŠð‚µ‚¢IŒú’ê‚ªƒJƒƒCƒCu‚Œ©‚¦ƒ[ƒtƒ@[v—š‚­‚¾‚¯‚ÅƒR[ƒf‚ªƒTƒ}‚É‚È‚è‚Ü‚·,https://news.yahoo.co.jp/articles/06a8a02d54168dc117937594e393e1cc3c9adda3,8/19(“y) 12:35
bfj,‚Ü‚é‚ÅŠG‰æ‚Ì‚æ‚¤cI¬“ˆ—zØAƒCƒ^ƒŠƒA‚Å‚ÌƒoƒJƒ“ƒXƒVƒ‡ƒbƒg‚ðŒöŠJ¨uƒ}ƒW—_vuƒ|ƒXƒgƒJ[ƒh‚Ý‚½‚¢v,https://news.yahoo.co.jp/articles/1c44528df7bb93f176f4da3326d9f5bc4bcdd8d7,8/19(“y) 12:15
bfj,yƒtƒ@ƒ~ƒ}zSNS‚Å˜b‘è‚Ìu40%‘—ÊƒpƒXƒ^ƒTƒ‰ƒ_vƒ{ƒŠƒ…[ƒ€–ž“_‚Å‘å–ž‘«‚Å‚·I,https://news.yahoo.co.jp/articles/039f0daed48c379fffdda08b9045f26eba778f46,8/19(“y) 12:05
bfj,y‚·‚«‰Æzƒjƒ“ƒjƒN‚Ä‚ñ‚±·‚èISNS‚Å˜b‘è‚Ìu•ƒ}[–û‹˜¥vƒMƒ‹ƒeƒB‚Å”ü–¡‚µ‚¢‚ñ‚Å‚·I,https://news.yahoo.co.jp/articles/e4e2d672160142e4fcc474551d9fc79eae51c5e1,8/19(“y) 11:35
bfj,”——Í‚·‚²cI•y‰iˆ¤‚ª•“cMŒº–ð‚Ìƒ|ƒXƒ^[‚ðŒöŠJ¨u‚©‚Á‚±‚¢‚¢vu™zX‚µ‚­‚ÄƒXƒeƒLv,https://news.yahoo.co.jp/articles/956a64eebac4083cb074cc59da5966514b5eb8d7,8/19(“y) 11:20
bfj,yŒ»–ðCA‚ª‹³‚¦‚ézuƒXƒ}ƒz‚Íƒe[ƒuƒ‹‚É’u‚©‚È‚¢‚ÅIvŠCŠO—·s‚Ì’ˆÓ“_‚ðƒvƒ‚ª‰ðàBˆê”Ô•|‚¢‚à‚Ì‚Æ‚ÍH,https://news.yahoo.co.jp/articles/13cdaff307ec2ff35c718f72ded05b3008efba2b,8/19(“y) 11:15
bfj,u‰s‚¢•\î‚¾‚ª‚æ‚­Œ©‚é‚Æcv‰Ô]‰ÄŽ÷‚Ìˆ¤”L‚ª‚©‚í‚¢‚·‚¬‚é‚Æ˜b‘èI¨uƒMƒƒƒbƒv–G‚¦vu‚¨’ƒ–Ú‚³‚ñv‚ÌºW‚Ü‚é,https://news.yahoo.co.jp/articles/3594dcda1c13993fd39f30e1b0b03cd5926dd3ea,8/19(“y) 11:05
bfj,u‚¨lŒ`‚Ý‚½‚¢vuS‘Ÿ‚ªŽ‚½‚È‚¢vLE SERAFIMƒzƒ“EƒEƒ“ƒ`ƒF‚ª‹à”¯‚ÉƒCƒƒ`ƒFƒ“‚³‚·‚ª‚É‚©‚í‚¢‚·‚¬‚é‚Á‚ÄcI,https://news.yahoo.co.jp/articles/a5e39dca22db7d710f02d78160491045af8f6a9b,8/19(“y) 10:20
bfj,‚±‚ê‚ªƒX[ƒp[ƒ‚ƒfƒ‹‚Ì•êS‚©cI •y‰iˆ¤‚Ì‘§ŽqEÍˆû‚ªŒöŠJ‚µ‚½g‚ ‚é‚ ‚éh˜b‚Éu‚¢‚¢‚È[vu‰h—{‚à—Ç‚³‚»‚¤v‚Æ‘A‚Þº,https://news.yahoo.co.jp/articles/192daa5a0c5a168bd01c8b42b21c327396095cc2,8/19(“y) 8:05
bfj,ƒI[ƒhƒŠ[t“ú‚ª‚¨‹à‚Å‚µ‚©“®‚©‚È‚¢g’´ƒhƒPƒ`hŒ|l‚¾‚Á‚½‚çH¨ƒhƒbƒLƒŠ‚È‚Ì‚Éu‹ƒ‚¯‚½v‚ÆŠ´“®‚Ìº‘±XI,https://news.yahoo.co.jp/articles/66e10ea920fc010563031ed3d37767c322a81d99,8/19(“y) 7:05
bfj,uâ‘Î˜L‰º‚Ì‰œ‚©‚ç‚È‚ñ‚©—ˆ‚évŒÃ–¯‰Æ‚ÅŽB‰e‚³‚ê‚½ƒXƒCƒJ‚ÌŽÊ^‚ªŠ®‘S‚Éƒzƒ‰[‰f‰æ‚¾‚Æ˜b‘è‚É Ë SNS‚ÌuElv‚½‚¿‚ª‘±X‚Æƒ|ƒXƒ^[ì¬,https://news.yahoo.co.jp/articles/038a2c2a334785f5585303ee052cc6e9ce147681,8/18(‹à) 22:05
bfj,yGUz‚‹‰Š´‚½‚Á‚Õ‚è‚ÅƒIƒVƒƒƒŒBƒm[ƒgPC‚à‚Ü‚é‚Á‚Æ“ü‚éu‘å—e—Êƒg[ƒgƒoƒbƒOvŒ¨‚ª”æ‚ê‚É‚­‚¢–¼•i‚Å‚·I,https://news.yahoo.co.jp/articles/12855137f814babfdb3a7a68168b214cbce0647a,8/18(‹à) 20:35
bfj,‘Š•ŽÑ‹Gu‘§Žq‚ÉŒƒŽÊ‚³‚ê‚½v¨ƒnƒ“ƒo[ƒK[‚É‚©‚Ô‚è‚Â‚­Žp‚Éu”Ñƒeƒvu‚¢‚¢ŽÊ^‚Æ‚é‚â‚ñIv‚ÆÌŽ^‚Ìº,https://news.yahoo.co.jp/articles/dc779a3bcf2b6b4b63d00494bb9112ffd1b92561,8/18(‹à) 20:15
bfj,u•‰‚¯‚½l‚Íwƒjƒƒ[x‚Æ–Â‚«‚Ü‚·vƒlƒR‚ð‚¬‚ã‚¤‚¬‚ã‚¤‚É•~‚«‹l‚ß‚½‚Ù‚¤‚ªŸ‚¿BŒ©‚½–Ú‚ªÅ‚‚É‚©‚í‚¢‚¢ƒ{[ƒhƒQ[ƒ€‚ª˜b‘è‚É,https://news.yahoo.co.jp/articles/325c3d6da6a20a602a7200f32a234b479b10d15c,8/18(‹à) 19:50
bfj,yƒtƒ@ƒ~ƒ}zƒNƒŠ[ƒ€‚½‚Á‚Õ‚è‚ÅK‚¹B138‰~‚ÌuƒzƒCƒbƒvƒRƒƒlv‚µ‚Á‚Æ‚èƒ‚ƒ`ƒ‚ƒ`‚Å‚¨‚¢‚µ‚¢I,https://news.yahoo.co.jp/articles/4f2eb310b1f4524f3f1c44fb7b1980c20ef2412f,8/18(‹à) 19:35
bfj,uE‚ÍƒGƒlƒ‹ƒM[‚ÌƒCƒGƒFƒFƒF`ƒCIvƒTƒ“ƒVƒƒƒCƒ“’rè‚ª100•ª‚Å‘Š‘Î«—˜_‚ðŠw‚ÑA3•ª‚Å„‚µ‚Éà–¾‚Å‚«‚é‚©Œ©Žç‚é”Ô‘g‚ª¡ŒŽ•ú‘—B‘s‘å‚·‚¬‚é‘OƒtƒŠ,https://news.yahoo.co.jp/articles/6eb691f6b037070508ef7271d695806a3094523d,8/18(‹à) 19:05
bfj,ƒoƒJƒŠƒYƒ€Awƒuƒ‰ƒbƒVƒ…ƒAƒbƒvƒ‰ƒCƒtxo‰‰ŽÒ‚Æ‚ÌW‡ƒVƒ‡ƒbƒg‚ðŒöŠJ¨u‚·‚²‚­‹‰Ø‚ÈW‚Ü‚èIvu’nŒ³Š´ƒTƒCƒR[‚Å‚·v‚Æ˜b‘è,https://news.yahoo.co.jp/articles/75b3ee13c713837610d857e26466caac066174ee,8/18(‹à) 19:05
bfj,yƒZƒuƒ“zƒsƒŠh‚ª‚â‚Ý‚Â‚«‚É‚È‚éBƒVƒƒƒEƒGƒbƒZƒ“‚ÌuƒzƒbƒgƒhƒbƒOv’[‚Ü‚Åƒ\[ƒZ[ƒW‚ª“ü‚Á‚Ä‚éI,https://news.yahoo.co.jp/articles/f12bb4049828ebdb36c7fdc555e1e660dd6439e0,8/18(‹à) 19:00
bfj,yƒƒtƒgzƒIƒ“ƒ‰ƒCƒ“ÝŒÉØ‚ê‚à”[“¾Bƒhƒ‰ƒNƒGD‚«Š½Šì‚ÌuZ“§ˆóƒXƒ^ƒ“ƒvv‚Ó‚¹‚ñ‚ð‰Âˆ¤‚­‚Å‚«‚é‚ñ‚Å‚·,https://news.yahoo.co.jp/articles/6d4a7615c617f6fecc756bcc648cff2a173f2860,8/18(‹à) 18:35
bfj,yŽdŽ–‚ÌŒø—¦ƒAƒbƒvz‚Ü‚¾ƒ}ƒEƒX‚Åƒ|ƒ`ƒ|ƒ`‚µ‚Ä‚é‚ÌH Šo‚¦‚Ä‚¨‚­‚Æ•Ö—˜‚ÈuƒVƒ‡[ƒgƒJƒbƒgƒL[v‚ð‚Ü‚Æ‚ß‚Ü‚µ‚½I,https://news.yahoo.co.jp/articles/9f51d267ac33a9449e3112f4ba7f6ddc5fef36b2,8/18(‹à) 18:05
bfj,yZARAz‚´‚Á‚­‚è•Ò‚Ý‚ªƒIƒVƒƒƒŒB‹‚¢“ú‚àƒTƒ‰ƒŠ‚Æ’…‚ç‚ê‚éu“§‚¯Š´ƒgƒbƒvƒXv‚Ç‚ñ‚Èƒ{ƒgƒ€ƒX‚É‚à‡‚í‚¹‚â‚·‚¢B,https://news.yahoo.co.jp/articles/e7ac9eb808d004854c9d637904111e8f39fdd1ce,8/18(‹à) 16:35
bfj,y¯”TàÛàèzƒCƒ`ƒS‚½‚Á‚Õ‚è‚ÅæÒ‘òBƒ{ƒŠƒ…[ƒ€–ž“_‚Ìu‚¯‚¸‚èä•ƒpƒtƒFv‚Ç‚±‚ðH‚×‚Ä‚à”ü–¡‚µ‚¢B,https://news.yahoo.co.jp/articles/0d9fb3226c64f222c3193d18ebbb9172f427464f,8/18(‹à) 14:35
bfj,Perfume‚ªƒhƒ‰ƒ}‚ÌŽB‰eŒ»ê‚ÉIH o‰‰ŽÒ‚Æ‚Ì‹L”OŽÊ^‚Éu–{“–‚É”ü’j”ü—‚âvuƒJƒƒIo‰‰‚µ‚Ä—~‚µ‚¢v‚Ìº,https://news.yahoo.co.jp/articles/db78c4de3cdc64d34b439125b5c4c405f8bbdd88,8/18(‹à) 13:05
bfj,u‚·‚°[‚ÈƒWƒuƒŠv‚ÆŠ½Šì‚ÌºBwŒN‚½‚¿‚Í‚Ç‚¤¶‚«‚é‚©xê–ÊŽÊ^14–‡‚ðuíŽ¯‚Ì”ÍˆÍ‚Å‚²Ž©—R‚É‚¨Žg‚¢‚­‚¾‚³‚¢v,https://news.yahoo.co.jp/articles/bc95d3026779516ab4731baf1b9148788a1f261c,8/18(‹à) 12:55
bfj,y–³ˆó—Ç•i3‘IzƒTƒ‰ƒb‚Æ’…‚ç‚ê‚Ä‰õ“KBUVƒJƒbƒg‹@”\•t‚«‚Ìu’…‚é“úÄ‚¯Ž~‚ßv’…‰ñ‚µ—ÍƒoƒcƒOƒ“‚Å‚·B,https://news.yahoo.co.jp/articles/0ff3e8092dd7535fd300481d1ed30ec15c8f8d69,8/18(‹à) 12:35
bfj,‰Í–k–ƒ—FŽqA[g‚Ì—ˆßŽp‚ð”â˜I¨u‚¨”ü‚µ‚¢‚Å‚·vu‚ß‚Á‚¿‚á‚¨Ÿ­—Žv‚Æƒtƒ@ƒ“âŽ^,https://news.yahoo.co.jp/articles/adb7c562e35159b81c5bb47c49028e4c5c291e31,8/18(‹à) 12:00
bfj,yƒtƒ@ƒ~ƒ}z‚¨Žq—lƒ‰ƒ“ƒ`‚Ý‚½‚¢‚Å‹‰ØBƒ{ƒŠƒ…[ƒ€–ž“_‚Ìuƒnƒ“ƒo[ƒO•ƒGƒrƒtƒ‰ƒC•Ù“–v‘ål‚àƒƒNƒƒN‚µ‚Ü‚·B,https://news.yahoo.co.jp/articles/d38c10dd3e6b934b283aa04657e5684fe28ac0b2,8/18(‹à) 11:35
bfj,Žc‹Æ‚É‘Î‚·‚é“{‚è‚ª”š”­‚µ‚½‰ïŽÐˆõ¨‰Î‚ðŽg‚í‚È‚¢u¶ƒ`ƒ“ƒWƒƒƒIƒ[ƒX[v‚ª”š’aIHu”­‘z‚ªD‚«vu‚±‚ê‚Í”ü–¡‚µ‚»‚¤v‚Æ˜b‘è,https://news.yahoo.co.jp/articles/381a34ce6ac2e03b654f21aab75c0f6cb40bf4b3,8/18(‹à) 8:05
bfj,e‹ßŠ´‚·‚²cI •–ØƒƒCƒTAƒTƒCƒt‚É•K‚¸“ü‚ê‚Ä‚¢‚é‚à‚Ì‚ð”’u‚·‚®Žg‚¦‚év ƒoƒbƒO‚Ì’†‚ÉˆÓŠO‚ÈƒAƒCƒeƒ€‚àH,https://news.yahoo.co.jp/articles/5269db508c4993ce020225c912d00b0f92785bf2,8/18(‹à) 7:40
bfj,DJ¼‰iAƒ‰ƒCƒu’†‚É‚Ü‚³‚©‚Ì—ˆ‹q‚Å‚Ù‚Á‚±‚èBŽwæ‚ÉŽ~‚Ü‚Á‚½³‘Ì‚É”½‹¿u’®‚«‚É—ˆ‚Ä‚­‚ê‚½‚ñ‚Å‚·‚Ëvu­”N‚Ý‚½‚¢v,https://news.yahoo.co.jp/articles/6eddbbf2e7ece3290cf120a0f470e1c5d54d73af,8/18(‹à) 7:05
bfj,H“¡ÃATikTok‚Å‰‚ß‚Ä‚Ìg—x‚Á‚Ä‚Ý‚½h“®‰æ‚ðŒöŠJcIH¨‚Ü‚³‚©‚ÌƒAƒŒƒ“ƒW”â˜I‚Éu‚³‚·‚ª‚Å‚·vuƒtƒ@ƒ“ƒT_‚Å‚·‚Ëv,https://news.yahoo.co.jp/articles/3a809403960848c4a55a06cc40761367926f4011,8/17(–Ø) 21:10
bfj,yH•Mzƒn[ƒg‚ÌŒ`‚ª‰Âˆ¤‚¢BŽ‚Â‚¾‚¯‚ÅƒIƒVƒƒƒŒ‚Èuƒ~ƒjƒoƒbƒOvH“~‚Ü‚ÅƒKƒ“ƒKƒ“Žg‚¦‚Ü‚·B,https://news.yahoo.co.jp/articles/14391f69ee5d269d71999077358062a0e31bc7a2,8/17(–Ø) 20:35
bfj,‚É‚¶‚³‚ñ‚¶ƒ‰ƒCƒo[‚ª‰^‰c‚©‚ç‚Ì‚¨’†Œ³‚ð“Še¨uºo‚µ‚Äƒƒƒ^vuƒJƒIƒX‚·‚¬v‘Ì‚ð’£‚Á‚½CEO‚ÌŽp‚ª˜b‘è‚É,https://news.yahoo.co.jp/articles/b35c85a85cd2ca7bc527313606ae0dc33b7c0ab4,8/17(–Ø) 20:20
bfj,"XŽµØ‚ªæ¶‚É""‚²•ñgu‚ ‚½‚µ‚Æ‚¤‚«‚å‚¤‚Åcv¨u‚Ñ‚Á‚­‚èvu‚¤‚ê‚µ‚·‚¬‚Ä‹ƒ‚­v‚Æƒtƒ@ƒ“Š½ŠìBˆê‘Ì‚È‚ºH",https://news.yahoo.co.jp/articles/20748932a5015ce506d7a87f2406a21c7b03f9b9,8/17(–Ø) 19:40
bfj,u‚Ç‚Á‚¿‚ªƒIƒtƒFƒ“ƒX‚Å‚·‚©Hv‹g“c¹•Û—¢‚ÆƒTƒbƒJ[‚Å‘ÎŒˆ¨‚Ü‚³‚©‚ÌŒ‹‰Ê‚Éu‚³‚·‚ª—ì’·—ÞÅ‹­IvuÅ‚‚·‚¬‚Ü‚·v,https://news.yahoo.co.jp/articles/8160714ee23e5cf50e142a68537f11b521ecc201,8/17(–Ø) 19:35
bfj,yƒZƒŠƒAz‚Œ©‚¦‚ªƒXƒS‚¢BƒI[ƒƒ‰‚Ý‚½‚¢‚É‹P‚­u‚¨‚µ‚á‚êƒOƒ‰ƒXv‰½‚ð“ü‚ê‚Ä‚àƒIƒVƒƒƒŒ‚Å‚·B,https://news.yahoo.co.jp/articles/c417b27406e465101632e57056ae474f602a0826,8/17(–Ø) 19:35
bfj,yƒtƒ@ƒ~ƒ}z‘u‚â‚©‚³‚Éƒnƒ}‚Á‚½Bƒtƒ‹[ƒc‚ðŽg‚Á‚½u‚²–J”üƒXƒC[ƒc 3‘Iv‚Ð‚Æ‚­‚¿‚ÌK•ŸŠ´‚ªƒXƒS‚¢B,https://news.yahoo.co.jp/articles/c17e9491ee4ae6dde5463715b28bf33e0a6ba422,8/17(–Ø) 19:35
bfj,u‚à‚¤c‚½‚Ü‚ç‚ñ‚Ì‚ævu100‰­‰ñ‚¢‚¢‚Ë‚µ‚½‚¢v‚­‚Â‚ë‚¬’†‚Ì”L‚¿‚á‚ñ‚ªŒ©‚¹‚½g‚©‚í‚¢‚·‚¬‚éŽd‘h‚É–ãâ‚·‚élA‘±ocI,https://news.yahoo.co.jp/articles/703a710a1cea5d4612ee85d5fd1faa891375d329,8/17(–Ø) 19:05
bfj,ƒ}ƒEƒC“‡‚ÌŽR‰ÎŽ–A“ú–{‰~‚Å‚Ì‹~‰‡‹àŽó•t‚ªŠJŽnBƒNƒŒƒWƒbƒgƒJ[ƒh‚Å1000‰~‚©‚ç,https://news.yahoo.co.jp/articles/b893b7f53651ec5a94a53aa1f32b0fcab6a97f19,8/17(–Ø) 18:35
bfj,y–³ˆó—Ç•izƒ{ƒŠƒ…[ƒ€–ž“_‚ÅK‚¹B‚¨“÷‚ª‚Ý‚Á‚¿‚è‹l‚Ü‚Á‚½uŽÏž‚Ýƒnƒ“ƒo[ƒOv—mH‰®‚³‚ñ‚Ý‚½‚¢‚È”ü–¡‚µ‚³‚Å‚·B,https://news.yahoo.co.jp/articles/bbcf95c37cb40d70f7efee4009388ec762721bfd,8/17(–Ø) 18:35
bfj,‰ÌŽè‚ÌƒAƒ_ƒ€Eƒ‰ƒ“ƒo[ƒgA—öl‚Ì•ž‘•‚É‘Î‚·‚éƒAƒ“ƒ`ƒRƒƒ“ƒg‚ðˆêRu”Þ‚Í”ü‚µ‚­A—EŠ¸v,https://news.yahoo.co.jp/articles/f7ebc93895892ec69325d665457b964989696c52,8/17(–Ø) 18:10
bfj,ƒGƒ‚‚·‚¬‚é‚Á‚ÄcI –{“c—ƒA‚ ‚Ì•‰ªŽR“V‰¹‚Æ3ƒVƒ‡ƒbƒg”â˜I¨3”N‚Ô‚è‚Ìg‚Î‚Á‚½‚èhW‡‚Éu‚È‚ñ‚Ä‚¢‚¢Žv‚¢ovu‘¸‚·‚¬v,https://news.yahoo.co.jp/articles/5e955c60eca86d3b722c5198d1375ab87d4bea9f,8/17(–Ø) 18:05
bfj,yGUzƒIƒ“ƒIƒt’…‰ñ‚¹‚Ä—DGB1990‰~¨1490‰~‚Ìu‚Œ©‚¦ƒgƒbƒvƒXv‚«‚ê‚¢‚ßƒR[ƒf‚É‘åŠˆ–ô‚µ‚Ü‚·I,https://news.yahoo.co.jp/articles/607ddee0f8ff3ec92b0630d0fd0acd45d9f15da0,8/17(–Ø) 16:35
bfj,yƒVƒƒƒgƒŒ[ƒ[z‰Âˆ¤‚­‚ÄŽv‚í‚¸”ƒ‚Á‚½IŽq‹Ÿ‚Ì–²‚Ý‚½‚¢‚Èuƒƒƒ“ƒ\[ƒ_ƒ[ƒŠ[v‚Â‚é‚ñ‚ÆHŠ´‚ª‚½‚Ü‚ç‚È‚¢I,https://news.yahoo.co.jp/articles/02b82c11a51b9c4aefa98093c7f7fe258763a3a5,8/17(–Ø) 14:35
bfj,ƒMƒƒƒbƒv‚·‚²cI‚ä‚¤‚¿‚á‚Ý‚ªg´‘^”hh‚É‘å•Ïg¨‚»‚ÌŽp‚Éu‚Ñ‚Á‚­‚èvu•Êl‚©‚Æv‚Æƒtƒ@ƒ“‹Áœ±I,https://news.yahoo.co.jp/articles/f77faa7ef30464fbd41a4710b93e595c8f566cd5,8/17(–Ø) 13:50
bfj,Å‚‚Ì‰ß‚²‚µ•û‚¶‚á‚ñI ‰Ä‚ð‘å–ž‹i‚·‚éŒõ‰Y–õŽq‚Ì—lŽq‚Éu[ŽÀ‚µ‚Ä‚Ä‘A‚Ü‚µ‚¢vu¶‚«¶‚«‚µ‚Ä‚Ü‚·‚Ëv‚Ìº,https://news.yahoo.co.jp/articles/59f612b384213422b14bd930db41fa2b20692b06,8/17(–Ø) 12:35
bfj,—¢“c‚Ü‚¢A‰ù‚©‚µ‚ÌgƒwƒLƒTƒSƒ“ƒtƒ@ƒ~ƒŠ[h‚ÌƒXƒUƒ“ƒk‚ÆÄ‰ï‚µƒc[ƒVƒ‡ƒbƒgŒöŠJ¨u“ñl‚Æ‚à•Ï‚í‚ç‚È‚¢‰Âˆ¤‚¢‚³v‚Æƒtƒ@ƒ“âŽ^,https://news.yahoo.co.jp/articles/6b1bb886b04d8654ceaa42ae68d61fd788df0e76,8/17(–Ø) 12:05
bfj,y‚µ‚Ü‚Þ‚çzŒy‚­‚ÄŠy‚¿‚ñIƒm[ƒgPC‚ª‚Ü‚é‚Á‚Æ“ü‚éuƒVƒ‡ƒ‹ƒ_[ƒoƒbƒOvŒ¨‚ª”æ‚ê‚É‚­‚¢–¼•i‚Å‚·,https://news.yahoo.co.jp/articles/fe195e6323f4e36e0ee3443eb460a8893226f05e,8/17(–Ø) 12:05
bfj,yƒRƒRƒXz‚¨“÷‚ªƒSƒƒSƒ“ü‚Á‚Ä‚éIƒ{ƒŠƒ…[ƒ€–ž“_‚Ìu‰ÄŒÀ’èƒJƒŒ[vƒsƒŠƒb‚Æ‚µ‚½h‚³‚Éƒnƒ}‚è‚Ü‚·,https://news.yahoo.co.jp/articles/90016ffdf5d89ddbac87585ac9206a5958a8e729,8/17(–Ø) 11:35
bfj,u–{•¨‚©‚ÆvŽá’Îç‰Ä‚ªwƒ|ƒjƒ‡x‚Ì‘å‹´‚Ì‚¼‚Ý‚ðŠ®‘SÄŒ»¨u‚»‚Ì‚à‚Ì‚Å‚µ‚½Ivu‚Ù‚ñ‚Æ‚É‚©‚í‚¢‚¢v”½‹¿W‚Ü‚é,https://news.yahoo.co.jp/articles/824a205dca9e4c0d4dc35be2d84343604d747c54,8/17(–Ø) 11:05
bfj,ŽR“c—T‹MAuƒRƒRƒCƒ`vƒAƒ“ƒoƒTƒ_[‚Ì’nˆÊŠë‚¤‚µH Œ|”\l‚½‚¿‚ª‘±X‚ÆgƒRƒRƒCƒ`‚Ì—Öh‚ÉŽQí¨uŸ‚Ä‚Á‚±‚È‚¢vu‹­‚·‚¬‚év‚ÆŠë‹@Š´,https://news.yahoo.co.jp/articles/8f790e0a84d8e1b5b864404bbec705a1d88d659f,8/17(–Ø) 8:50
bfj,ƒIƒYƒƒ‹ƒhEˆÉ“¡r‰îA‹ó‹CŠK’iE…ì‚©‚½‚Ü‚è‚Ì•‘‘ä— ‚ðŒƒŽÊ¨‚Ü‚³‚©‚ÌŽp‚ÉuŽ„‚à‚»‚±‘I‚Ôvu‹CŽ‚¿‚í‚©‚év‚Æ‹¤Š´‚·‚él‘±oIH,https://news.yahoo.co.jp/articles/6c9f0f7e89e20bc378845d84c20cae7633b74c04,8/17(–Ø) 8:50
bfj,‹{í•x‚ç‚ªƒAƒNƒVƒfƒ“ƒg‚Å‰¹Šy‰Æ2l‚ðŽð‚Ü‚Ý‚ê‚ÉcI ƒWƒuƒŠ‚ªŒˆ’è“IuŠÔ‚ð“Še¨uƒpƒƒtƒ‹‚¨‚¶‚¢‚¿‚á‚ñv‚Æ˜b‘è‚É,https://news.yahoo.co.jp/articles/513dc36b55ac90046a8b551c26551faa8e328599,8/17(–Ø) 7:35
bfj,u‚Ü‚½eÊ‚ª‘‚¦‚Ü‚µ‚½vDAIGOA”öã¼–ç‚ª‰“‚¢eÊ‚¾‚Æ”­ŠoI ŒöŠJ‚µ‚½ƒc[ƒVƒ‡ƒbƒg‚É‹Áœ±‚Ìº‚ªW‚Ü‚é,https://news.yahoo.co.jp/articles/24dddf21b46189b87d42f2410f5f8c926c4d79ca,8/17(–Ø) 7:35
bfj,u‚¸‚Á‚ÆgŽwŽ¦‘Ò‚¿h‚È“¯—»B6”N–Ú‚È‚Ì‚ÉcvEê‚Ì”Y‚Ý‚É“¡–{”ü‹M‚ª‰ðŒˆô‚ð’ñˆÄBŽ¨‚ª’É‚¢‚ícI,https://news.yahoo.co.jp/articles/88a0f6289c4285725557bfdff772a0bcf7667db2,8/16(…) 20:45
bfj,yH•Mzƒm[ƒgPC‚ª‚·‚Á‚Û‚è“ü‚éu‘å—e—ÊƒoƒbƒOv‚‹‰Š´‚½‚Á‚Õ‚è‚ÅƒIƒVƒƒƒŒ‚È‚ñ‚Å‚·,https://news.yahoo.co.jp/articles/08488fc2b8846352b3db6d8bc73a86681e524595,8/16(…) 20:35
bfj,uˆÓŽ¯‚‚­‚Ä‚¦‚ç‚·‚¬vu‚³‚·‚ªvl‹C‰ÌŽè‚ªƒVƒ‡ƒbƒsƒ“ƒO’†‚ÌŽÊ^‚ð”â˜I¨“O’ê“I‚È“úÄ‚¯‘Îô‚ª˜b‘è‚É,https://news.yahoo.co.jp/articles/5dee3ef1bfb520fb7379f1ff032c4f44f248f704,8/16(…) 20:05
bfj,yƒ~ƒjƒXƒgƒbƒvzƒ{ƒŠƒ…[ƒ€–ž“_‚ÌuVìƒXƒC[ƒcvƒ}ƒ“ƒS[‚ªƒSƒƒSƒ“ü‚Á‚Ä‚¢‚Ä‚¨‚¢‚µ‚¢I,https://news.yahoo.co.jp/articles/1c6180f2acd106eb97c23849df79f28063c1a7db,8/16(…) 19:35
bfj,Œ´”š“Š‰ºŒã‚à‚È‚ºcH L“‡‚Ì‹CÛ‘ä‚ª‹L˜^‚ðâ‚â‚³‚È‚©‚Á‚½——RB‹CÛ’¡‚É•·‚¢‚Ä‚Ý‚½,https://news.yahoo.co.jp/articles/87cb56a350a8607ea6170913e3de0067466bcf06,8/16(…) 19:05
bfj,‘å­ˆºAge—Fh²X–ØŠó‚ç‚Æ–kŠC“¹—·s‚Ö¨u3l‚Æ‚à—Ç‚¢ÎŠçvuˆê‚És‚«‚Ä‚¥v‚Ìº,https://news.yahoo.co.jp/articles/b106198b40489b1a5d50aeeb8987d5025dbcb1aa,8/16(…) 19:05
bfj,yƒCƒPƒAz‚­‚·‚ÝƒJƒ‰[‚ª‚¨‚µ‚á‚êBƒŒƒrƒ…[âŽ^‚Ìu‘å—e—ÊƒSƒ~” v’u‚­‚¾‚¯‚ÅƒXƒ^ƒCƒŠƒbƒVƒ…‚È‚ñ‚Å‚·,https://news.yahoo.co.jp/articles/a09729b87a6421ee2dd0029347d8af27a4a43ad4,8/16(…) 19:05
bfj,‚±‚ê‚Í“ñ“xŒ©‚·‚écIƒh‚Å‚©ƒƒ“‚¿‚á‚ñAŽÀ‚Í¶Œã9ƒ–ŒŽ‚ÌŽqŒ¢‚Á‚Äƒ}ƒWIH,https://news.yahoo.co.jp/articles/018a923bf898920e4236f644ab2e8ac35b48408f,8/16(…) 18:35
bfj,u‚Ý‚ñ‚È‚Æˆê‚Å‚ÍŒ™v’·’Jì‹žŽq‚ª‚±‚¾‚í‚è‚ÌŽ©‘î‚ð‘åŒöŠJI¨u‰f‰æ‚Ì¢ŠEŠÏvuƒIƒVƒƒƒŒ‚Èl‚Ì‰Æv‚Æ˜b‘è‚É,https://news.yahoo.co.jp/articles/c8cf4fa1bdc3010b6dc8bb6044a83532f231cb20,8/16(…) 18:35
bfj,y–³ˆó—Ç•izƒMƒ‹ƒeƒBŠ´‚·‚²‚¢Iƒjƒ“ƒjƒN‚ªŒø‚¢‚Ä‚éu‹ï‚½‚Á‚Õ‚èƒAƒq[ƒWƒ‡v‚¨Žð‚ªi‚ñ‚Å‚µ‚å‚¤‚ª‚È‚¢,https://news.yahoo.co.jp/articles/4710376ff000b8498743dcec6aec174054536b52,8/16(…) 18:35
bfj,uƒZƒbƒNƒXƒVƒ“ƒ{ƒ‹v‚Æ‚µ‚Äˆµ‚í‚ê‚Ä‚«‚½2000”N‘ã‚Ìl‹C——Dƒ~[ƒKƒ“EƒtƒHƒbƒNƒXAŽW‚ðo”Åuº‚ðã‚°‚é‚«‚Á‚©‚¯‚Év,https://news.yahoo.co.jp/articles/cbf896bbd445712113ea230423530a88409acd87,8/16(…) 18:20
bfj,wƒ~ƒM‚Æƒ_ƒŠxº—DwA•ú‘—2ƒJŒŽ‘O‚ÉŽ€‹Ž‚µ‚½Œ´ìŽÒ‚ð’Ç“‰Bu‚í‚­‚í‚­‚ðˆê‚É‹¤—L‚µ‚½‚©‚Á‚½v,https://news.yahoo.co.jp/articles/cdbc6252256add356d2b4b03295abb214c93286a,8/16(…) 18:10
bfj,‚È‚ñ‚©•·‚¢‚½‚±‚Æ‚ ‚éƒŠƒYƒ€‚¾‚ÈcB_–Ø—²”V‰î‚ÌŽ©ŽB‚è“®‰æ‚Éu–­‚È’†“Å«‚ª‚ ‚évu“ª‚©‚ç—£‚ê‚È‚¢v,https://news.yahoo.co.jp/articles/29ff3a3c31fc70e114c16af8ec34a7a2f487add7,8/16(…) 18:05
bfj,u°‚ê’…‚ÌƒqƒƒCƒ“‚ð’Ç‚¢•Ô‚µAˆêl‰Œw‚Å—öˆ¤¬A‚ð‹FŠèvRTA In Japanw‚Æ‚«ƒƒ‚x–Ú‰B‚µRTA‚ªƒgƒŒƒ“ƒh1ˆÊ‚ÉBu—öˆ¤ƒQ[ƒ€˜g‚©‚ÆŽv‚Á‚½‚çƒzƒ‰[˜g‚¾‚Á‚½v,https://news.yahoo.co.jp/articles/8336a04b3aef5358c06823a1367065db817dd8b6,8/16(…) 17:15
