media_en,title_articles,link_articles,date_original
netshop,宅配水事業などのナック子会社が総合ECサイトを開設。家具・家電や、美容・健康商材などを販売,https://news.yahoo.co.jp/articles/79bfa9385c885057ec9070e3964f2a3a9c9e8092,10/3(火) 8:31
netshop,EC売上300億円をめざすヒマラヤのEC戦略とユニファイドコマースとは,https://news.yahoo.co.jp/articles/3303d37504910209143b19d3aa2ed71464f8030b,10/3(火) 7:31
netshop,「カラーミーショップ」が「Amazon Pay」と「WordPress」の月額利用料を無料化、その理由は？【GMOペパボのEC事業部長に聞いた】,https://news.yahoo.co.jp/articles/fbc9c143648f20fb5e52abe49ee8d13cf28d8b70,10/2(月) 15:01
netshop,「LINEヤフー株式会社」が発足、コマースカンパニーCEOは上級執行役員の秀誠氏,https://news.yahoo.co.jp/articles/ab4248c331f8777b795b7c467da8d17d11b44c77,10/2(月) 10:11
netshop,「ヤフオク!」「PayPayフリマ」の「おてがる配送」、配送サービスの一部で送料値上げ,https://news.yahoo.co.jp/articles/b388d7d80a80f6bedeebf897e12b0a48e52cab2a,10/2(月) 9:06
netshop,商品ページ掲載文の作成、作業時間短縮――ネットショップ担当者のAI活用事例とは,https://news.yahoo.co.jp/articles/b2c09f8172746bd4ec75dcd908424baf5be35e7f,10/2(月) 8:01
netshop,ファミリーマートが始める荷物の発送＋受け取りができる自社運用のスマートロッカー「ファミロッカー」とは,https://news.yahoo.co.jp/articles/2466d7898b0ba8e7658314e79b7680e6b9944fea,10/2(月) 7:31
netshop,10月1日スタートの「ステマ規制」がEC・D2C事業者に与える影響とは？「記事型広告」はオワコンに？,https://news.yahoo.co.jp/articles/b1cda8a5c3545c47ef116ca91cbabee269e2d277,10/2(月) 7:01
netshop,アマゾンジャパンが災害支援物資の保管・配送拠点「Disaster Relief Hub」を相模原市に設置,https://news.yahoo.co.jp/articles/be018f2e600f703e2cacc69f5095f93845316e0a,9/29(金) 8:31
netshop,Amazonプライムデー実施の認知度は6割以上。買ったもの1位は「日用品」、使用金額は「1万円前後」が最多,https://news.yahoo.co.jp/articles/a4c8913c902ca66a99c88c397801d3313a62a2de,9/29(金) 7:31
netshop,「洋服の青山」がバーチャル試着サービス、「オンライン上では商品の着用イメージがわきにくい」などの悩みを解決,https://news.yahoo.co.jp/articles/ab8d74c71600b31d1436a44e9dddf31c5200d8f1,9/29(金) 7:01
netshop,【顧客満足度の高いECサイト】ヨドバシカメラが10年連続1位、ECモールでは「楽天市場」がトップ,https://news.yahoo.co.jp/articles/b6cc94841321beeeb3e82d7c9d127a54f075824b,9/28(木) 8:36
netshop,高島屋が商品購入型のクラウドファンディング事業をスタート,https://news.yahoo.co.jp/articles/5420ea86891a2d3824c932762921932a7edcc81b,9/28(木) 8:01
netshop,EC売上が最大20倍アップしたSNS活用法＋TiKTokとInstagramの違い＆使い分けを米国アパレル企業に学ぶ,https://news.yahoo.co.jp/articles/5f3dae1bcb0d7e33d5b6a3f718dc486518d57595,9/28(木) 7:01
netshop,ECとブランドサイトを統合した三陽商会の狙いは？ メディアコマース化＋OMO推進をめざすEC戦略,https://news.yahoo.co.jp/articles/2cd74e1aee3c6c37121270c1669040257aac1b90,9/27(水) 8:31
netshop,長年使い続ける通販化粧品があると回答は約8割。支持の理由は？ 購入の決め手は？ 50代以上女性の購入実態調査まとめ,https://news.yahoo.co.jp/articles/e7a8b4f4ecd84db1af495811604de3184177bbbb,9/27(水) 8:01
netshop,キーワード入力機能「ZETA SEARCH サジェスト」がリテールメディア広告エンジン「ZETA AD」と連携,https://news.yahoo.co.jp/articles/40fa998c65a5a9e10c70a034f61889c2f847c4a3,9/26(火) 9:01
netshop,日本郵便が始めた地域内の流通をサポートする配送サービス「ぽすちょこ便」とは,https://news.yahoo.co.jp/articles/16ccb70a2117d624af960c60908b180c0adf8669,9/26(火) 8:31
netshop,JR東日本の新幹線荷物輸送トライアル、東京駅で過去最大の約200箱を荷下ろし。新たな物流インフラの構築へ,https://news.yahoo.co.jp/articles/5cb75f421e0c553b82dbea52e59706ef6ff12e5f,9/26(火) 7:31
netshop,越境ECのビィ・フォアード、売上高が初の1000億円突破（2023年6月期）,https://news.yahoo.co.jp/articles/c4eecfd770564748b8dff6bf561105cddcef371a,9/25(月) 8:31
netshop,通販売上約600億円のファーマフーズ、ダイセルのヘルスケア通信販売事業を承継,https://news.yahoo.co.jp/articles/3fa8cf1596a491f00e853b4e386b2f7ae883be29,9/25(月) 8:01
netshop,「とらのあな」、DX事業の流通総額は前期比7％増の331億円【2023年度】,https://news.yahoo.co.jp/articles/4d94468ba5894519e34a154131f648e94c23291a,9/22(金) 7:31
netshop,フューチャーショップ、CRI・ミドルウェアの画像軽量化ソリューション「SmartJPEG」と連携,https://news.yahoo.co.jp/articles/825b65bbaa568d9ccd01c344a73405021c08446c,9/22(金) 7:01
netshop,Amazonプライム会員限定のセール「プライム感謝祭」とは,https://news.yahoo.co.jp/articles/907ced97bf270f1eac27a580905e608c890b09de,9/21(木) 9:31
netshop,スーツ型作業着「WWS」、2023年上半期の営業利益が5倍増、外出機会の増加などで需要拡大,https://news.yahoo.co.jp/articles/db1618fc90186de16a4f83579491367b044db264,9/21(木) 7:31
netshop,アマゾンの「Buy with Prime」とは？ プライム会員の自社ECサイト利用を促進させる新機能＋CVRアップなど導入効果を解説,https://news.yahoo.co.jp/articles/857511d33c80f217afc74c78ce5e3c1ee7ca539e,9/21(木) 7:11
netshop,中国の2022年ダブルイレブンから見る成長分野と今後のEC業界の変化,https://news.yahoo.co.jp/articles/e6205c74c942a86d93f019ecff5ec56546c3cd99,9/20(水) 9:01
netshop,アスクル、事業所向け通販「ASKUL」「ソロエルアリーナ」の配送料金を自社負担する注文金額基準を「税込2000円以上」に変更,https://news.yahoo.co.jp/articles/5ebeeae5450fcbcb48883c441c5b9b92b5ff8feb,9/20(水) 8:31
netshop,Amazon、米国「JAPAN STORE」の2023年上半期売れ筋商品トップ3を発表。「だし」「茶葉」「酒粕」など日本文化が人気,https://news.yahoo.co.jp/articles/c3dfaf3804c0e15ccef5c5e2ace00f1b6d1130a9,9/20(水) 7:31
netshop,会計ソフト「freee」と「Amazonビジネス」が連携、インボイス制度＋電子取引データの電子保存に対応,https://news.yahoo.co.jp/articles/dd741e1f06427afa34de4767e7b92a3820f52260,9/19(火) 9:01
netshop,イノベーションを生み出す“パーパス経営”を実現する考え方とは？ 識者がディスカッション【第9回Amazon Academy】,https://news.yahoo.co.jp/articles/fbbf095672c8cb27f6308c6c728c02353bc06f5f,9/19(火) 7:31
netshop,コクヨ、一部エリアへの家具製品の配送リードタイムを1日延長へ,https://news.yahoo.co.jp/articles/7b7c395ded6952a3ce9d0d17e6ac732ddab6c3ab,9/15(金) 8:31
netshop,アマゾンジャパン、日本初の仕分け拠点「ソートセンター」を東京に新設,https://news.yahoo.co.jp/articles/fd078ea4d961da75064812b19c40ede1f575cd4e,9/15(金) 7:31
netshop,日本直販、秋元康氏が総合プロデューサーに就任した理由と目的とは？,https://news.yahoo.co.jp/articles/9e264b21144c09129b4bbedc3f3c9ecc02e45f7d,9/14(木) 8:31
netshop,化粧品における「パケ買い」の影響力とは？ 新規獲得だけでなくリピート購入にもつながる効果【調査結果まとめ】,https://news.yahoo.co.jp/articles/92956a35e2945a83df2a6a119a1dca547f32c3fe,9/14(木) 8:01
netshop,OTC医薬品のEC市場規模、2025年には885億円と予測【オンライン薬局市場に関する調査】,https://news.yahoo.co.jp/articles/c1bb0ff69ba45da39df13ee68a85801ece8a021e,9/14(木) 7:31
netshop,Amazonも始めた生成AIのレビュー活用。買い物体験の向上につなげる米国の家電EC大手の導入事例,https://news.yahoo.co.jp/articles/9dc2dd485c52eb620ac5d9434360fd8ca66aee10,9/14(木) 7:01
netshop,京都銀行がECビジネスを強化、「京銀アプリ」を通じて「ことよりモール」の利用を促進,https://news.yahoo.co.jp/articles/5f1f49323a8172f4e9eb19a1fb4d0bd1b68d9f11,9/13(水) 8:31
netshop,最安350円からの置き配専用配送サービス「置ＴoＣ」とは？ 「日時指定なし」「再配達なし」ルールで安価な配送料金を実現,https://news.yahoo.co.jp/articles/576df83511e9b8819eb46cf27a8eea068399e6cd,9/13(水) 7:31
netshop,20代、30代が結婚を知る手段「LINE・電話」が49%で最多。約80%が「結婚祝いのカジュアル化」を感じる,https://news.yahoo.co.jp/articles/ccbc7c38d223c014bd6ae2ca85f1a09e4e15811a,9/12(火) 9:01
netshop,中国で進むバーチャル空間＋テクノロジー＋ECを活用した買い物体験の今とこれから,https://news.yahoo.co.jp/articles/1fce1d3979ec9a111621d6823ca8ec3c1ec8d3aa,9/11(月) 9:01
netshop,3期以上連続増収の秘訣1位は「発生コストの最適化」が5割、2位は「商品ラインナップの見直しや分析強化」で46.8％,https://news.yahoo.co.jp/articles/88443b3428133d65da150df69638f17b3dc2c266,9/11(月) 8:31
netshop,イオンリテールがECのマーケットプレイスを立ち上げへ。シニアケアのプラットフォーム事業内で展開,https://news.yahoo.co.jp/articles/4003c1035453780e206c59c22d3876373966dfc9,9/11(月) 7:31
netshop,ZETA、「ZETA CXシリーズ」対象製品の新規導入でポイントバック施策の費用を一部負担するキャンペーンを実施,https://news.yahoo.co.jp/articles/d0d65ec249284c768e2410af1c0608cf212911c9,9/11(月) 7:01
netshop,ユニクロが拡大を進める「リペア」「リサイクル」のカスタマーサービス「RE.UNIQLO STUDIO」、 新たに6店舗で展開,https://news.yahoo.co.jp/articles/547ef36457ef4f6a75d73d22655d45a39ec46412,9/8(金) 8:31
netshop,カゴ落ちの理由の 1位は「送料への不満」で28%、「商品の価格に不満」が26%、「詳細を見たらイメージと違った」が23%,https://news.yahoo.co.jp/articles/25192e0509500aab086481ae5d963ee6230b0920,9/8(金) 7:31
netshop,楽天、フリマアプリで偽造品の撲滅図る「ラクマ鑑定サービス」を試験提供。コメ兵との提携で実現,https://news.yahoo.co.jp/articles/ad73416b56c437788b7f08cd9e5aab2e355192be,9/8(金) 7:01
netshop,イオンリテールがEC本部を新設。「ネットスーパー」「イオンショップ」「イオンスタイルオンライン」を1つの本部に統合,https://news.yahoo.co.jp/articles/8ecbf229564880aac1215178cfc86fe6a01084db,9/7(木) 9:01
netshop,エアークローゼット、3.3万か所の郵便局とローソンを返却拠点に追加。日本郵便との連携でサブスク服の利便性アップ,https://news.yahoo.co.jp/articles/ab1a2bc02800c631a114c08676032edacb35e0dc,9/7(木) 8:31
netshop,4割が配送料を抑えるために「長めの配送オプションを選択する」。消費者1000人に聞いた満足度の高い配送方法【2023年調査】,https://news.yahoo.co.jp/articles/afd78a04ef65f202698dabe0b2ef67389f57f8b9,9/7(木) 8:01
netshop,そごう・西武が千葉店に開設する食のOMOストアとは？ ECと実店舗の垣根を超えたファン作りを実現,https://news.yahoo.co.jp/articles/6be45edf92e2e3ce85cbd9d223e73ddb65a3c307,9/7(木) 7:31
netshop,「送料無料」表示を見直す場合は「送料弊社（社名）負担」などコスト負担の明示を。「小売業全体で取り組むことを希望」,https://news.yahoo.co.jp/articles/20fd077684b05f73bca62840cdadcc4acd0562fe,9/6(水) 8:31
netshop,「京セラ」「日産」などによるメタバース活用術＋メタコマースの可能性と成功ポイントを解説,https://news.yahoo.co.jp/articles/c573bb28613c625132bd1df9c8f11be672df8b5e,9/6(水) 8:01
netshop,クラダシと出光興産が業務提携。公式アプリ「Drive On」会員にフードロスECを展開,https://news.yahoo.co.jp/articles/7d8d5419efa7cf940a3d883942839193c82c68aa,9/6(水) 7:31
netshop,ヨドバシカメラ、「Makuake」発の人気商品の売り場を拡大,https://news.yahoo.co.jp/articles/21033cf14b048ebb3cc44d51bd17bfb46cf58281,9/5(火) 9:06
netshop,ビーディーエスがバイク&パーツ検索サイト「BDSバイクセンサー」に「ZETA SEARCH」を導入,https://news.yahoo.co.jp/articles/bf86c1ea46ca0586fca82af354c4404693cbcacb,9/5(火) 9:01
netshop,法人向けのBtoB-EC市場規模は420兆2354億円。最新トピック＋業種別の市場規模、EC化率は？【2022年の電子商取引調査】,https://news.yahoo.co.jp/articles/c4aa4e38058f5be789a12c5f702ac7a9a6a397db,9/5(火) 8:31
netshop,「ebisumart」のインターファクトリー、越境EC事業の支援を強化。グローバルEC支援のLingbleと業務提携,https://news.yahoo.co.jp/articles/c69fb5a0c1143cf06227d87ca218ddb0c72e36f6,9/5(火) 7:31
netshop,中国小売・EC市場でニーズ拡大のペット産業。「エンプティネスト」が市場拡大を後押ししている背景とは,https://news.yahoo.co.jp/articles/6dc5005621d51818e6040b533d3d133158160f33,9/4(月) 11:01
netshop,インターファクトリーがコマースプラットフォーム「ebisumart」の大規模EC向けの新サービス「ebisu commerce」を提供開始、その特徴とは？,https://news.yahoo.co.jp/articles/5f6c36dc30ed81235a0cdcbf4206ea41cc346879,9/4(月) 8:31
netshop,約14兆円の物販系EC市場、カテゴリー別規模とEC化率、市場動向【2022年の電子商取引調査まとめ】,https://news.yahoo.co.jp/articles/b224f8bdb3bdb6c39ef4847dee34ff383ffffed1,9/4(月) 7:31
netshop,吉野家がECサイトの「送料無料」表示を「送料込み」に変更、「2024年物流問題に積極的に取り組む」,https://news.yahoo.co.jp/articles/24c3f065f763f4ef8c44d9d60acf7c838895a62e,9/4(月) 7:01
netshop,スマートフォン経由のBtoC-EC市場規模は7.8兆円。スマホ比率は約56%【2022年の電子商取引調査】,https://news.yahoo.co.jp/articles/97c771aa56e0ca799c602e15beb76835c40262e6,9/1(金) 9:01
netshop,中国・米国向け越境EC市場は約3.5兆円で6%増。中国向けは約2.2兆円、米国向けが約1.3兆円【2022年の海外向けEC規模】,https://news.yahoo.co.jp/articles/a85142ddf6116d3c955e20e53e740858c360d362,9/1(金) 8:31
netshop,インターファクトリーの「ebisumart」がSaaS型ECサイト構築ツールとして市場5年連続シェア1位を獲得,https://news.yahoo.co.jp/articles/7aaf5bb394b4b27a99ca5f3c58161c5af6768b86,9/1(金) 7:31
netshop,「タグを埋め込むだけ」でオンライン接客、「STAFF START」を即日＋ゼロ円で利用できる新機能とは,https://news.yahoo.co.jp/articles/bdad18742b15555efcc079b3587f3f3a94254c79,9/1(金) 7:01
netshop,BtoC-EC市場規模は22.7兆円。物販系は約14兆円でEC化率は9.1%【2022年の電子商取引調査まとめ】,https://news.yahoo.co.jp/articles/ee3ca4e87ed61ffae3c064140f6c878150e68f64,8/31(木) 14:21
netshop,SHEINと「Forever 21」のSPARCグループが戦略的パートナーシップを締結、「SHEIN」で「Forever 21」を展開へ,https://news.yahoo.co.jp/articles/9dc24fccef35448de591334e5caa11cc382f9976,8/31(木) 10:01
netshop,「価格転嫁できない」企業は12.9％。価格転嫁率は43.6％、コスト100円上昇で売価反映は43.6円,https://news.yahoo.co.jp/articles/ecb30b84715734620488ad617e63fd5cdcbcb30a,8/31(木) 9:31
netshop,CO2を5.1トン、輸送台数を205台削減。アスクルが花王、コクヨと「発注量の平準化に関する実証実験」で得た成果とは？,https://news.yahoo.co.jp/articles/bc0ab34f497d793bba579526fdad1a3e865697f2,8/31(木) 7:31
netshop,フルフィルメント費用を平均20～30％ダウンする「4PL」サービスとは？米国中小企業の物流改善事例,https://news.yahoo.co.jp/articles/851936dcc434d9068b47297c464dca6e0916a88a,8/31(木) 7:01
netshop,Ｊ．フロント リテイリングのコミュニティを活用した次世代のリテール構想とは,https://news.yahoo.co.jp/articles/b4ec50ee2a191e7b853d4fb3efa5c9394d65eeb0,8/30(水) 9:01
netshop,普段の支払い方法「現金」は約4割。利用しているQRコード決済の上位は「PayPay」「楽天ペイ」「d払い」,https://news.yahoo.co.jp/articles/eed8cdd7db4f2c740c84ff47d43bf1a38e1e6d41,8/30(水) 7:31
netshop,「無印良品」の良品計画が「ZOZOTOWN」に出店、ECモールでの販売を進める理由は？,https://news.yahoo.co.jp/articles/b1e49995f4873d9c853db1edb9b352aca28b6a21,8/29(火) 9:01
netshop,ZETA、複数商品を組み合わせ提案できるECキュレーションエンジン「ZETA BASKET」を開発。「回遊率向上とSEO改善が期待できる」,https://news.yahoo.co.jp/articles/12f4129c962c4a705cdaa12d1ba1dfbd423bb0c1,8/29(火) 8:31
netshop,日本通販CRM協会が台湾政府の「デジタル発展部」と協力し、台湾の無店舗小売業協会と覚書締結,https://news.yahoo.co.jp/articles/c4590e1ca500c36744edeb83935427621281a928,8/29(火) 7:31
netshop,しまむらのネット通販、店舗受取は約9割。店頭で他の商品購入する比率は44%で客単価は1.5倍,https://news.yahoo.co.jp/articles/bea1275952be18f231db5c4c34e3bb7ed848941c,8/28(月) 8:31
netshop,ヤマト運輸と日本郵便の協業、「ネコポス」は2025年3月＋「クロネコDM便」は2024年2月までにJPへ全配送業務を委託,https://news.yahoo.co.jp/articles/24cdf6eadef041bd7b0c604f9ae19e615424a5d8,8/28(月) 7:31
netshop,欧米の消費者はメタバースに肯定的、日本では教育現場や高齢化社会への対応に期待【消費者調査＋レポートまとめ】,https://news.yahoo.co.jp/articles/8f7f06b0deff0025d95703aeb322f618b68b0b9e,8/25(金) 8:31
netshop,通販・EC市場は約11％増の12.7兆円【2022年度JADMA調査】,https://news.yahoo.co.jp/articles/443ac489b576ab0fc8b61955480f14ccca044038,8/25(金) 7:31
netshop,スクロール360、「物流倉庫見学」の特設サイトを開設。見学会を3拠点で随時開催へ,https://news.yahoo.co.jp/articles/4256d188cdf350ab11c299fe672d60d002c0c089,8/25(金) 7:01
netshop,レビュー・口コミ・Q&Aエンジン「ZETA VOICE」導入サイトのレビュー、Q＆Aの投稿数が1000万件を突破,https://news.yahoo.co.jp/articles/73f68884d18642a52c583ae9b2ab871ebe3e5918,8/24(木) 10:01
netshop,幸楽苑ホールディングスがECモール店を閉店、通販事業から撤退する理由,https://news.yahoo.co.jp/articles/177c59bf2a232e1e63cd06f13df47148f354374c,8/24(木) 9:01
netshop,ロイヤル顧客を生む会員プログラムとは？ 8割が会員登録＆売上UP＋客単価増＋注文回数増に導いた米アパレル企業の事例,https://news.yahoo.co.jp/articles/b08507b1445bd1eff15dbd45c84e1fb8fb44b6d4,8/24(木) 8:46
netshop,米Amazon、自社配送の出品事業者へ新たに2%の手数料を徴収へ,https://news.yahoo.co.jp/articles/489bad45220b2cbbc2237afe4506c4e2c22713f6,8/24(木) 8:31
netshop,フューチャーショップ、EC物流代行の富士ロジテックHDと連携開始,https://news.yahoo.co.jp/articles/aad6a3c2e00a81ff976b66918e82b94a3a224efc,8/24(木) 7:01
netshop,ヤマト運輸の法人向け送料は順次交渉中、宅配便の平均単価は「段階的に上昇していくと想定」,https://news.yahoo.co.jp/articles/e7c13b17c4f357eadc2b65b27225b1751cb90bcc,8/23(水) 8:31
netshop,「ロムアンド」など参入予定の「即日発送」「安価な販売手数料」を打ち出す美容ECプラットフォーム「AURUDA」とは？,https://news.yahoo.co.jp/articles/0b44177402ce169ea6e1b75afee590e77da5f666,8/23(水) 7:31
netshop,アイスタイル、Amazon内に「@cosme.SHOPPING」を2024年度中にオープン予定。「システム開発はおおむね完了」,https://news.yahoo.co.jp/articles/da11f810e9fe570b2a5f0c70250ba5faf783bb59,8/22(火) 9:01
netshop,80社超の食品・飲料品ECが使う「試食屋」とは？ リアル店舗で購入＋2回目以降はECや小売店に誘導するビジネスモデル,https://news.yahoo.co.jp/articles/fe3d2118a55e6acb2be8fdcb213b0a6589905d15,8/22(火) 7:31
netshop,崎陽軒のネット通販、配送料金と送料無料バーを引き上げへ,https://news.yahoo.co.jp/articles/f26b0298c666d11bf12692560e9ab062fe38cfd3,8/21(月) 10:01
netshop,「配送品質向上制度」「AI活用の検索」「クーポンシステム無料提供終了」など楽天が2023年下期に取り組むこと【戦略まとめ】,https://news.yahoo.co.jp/articles/b8d16e9b073c4c741e4a42698b0fd6bb8dda0805,8/21(月) 8:01
netshop,最も活用しているポイント上位は「楽天ポイント」「Tポイント」「Pontaポイント」。意識している経済圏1位は「楽天経済圏」,https://news.yahoo.co.jp/articles/01cd65664e2cd9e09211f423d8d62347a25bd8d8,8/21(月) 7:31
netshop,楽天グループが組織再編、楽天カードに決済ビジネスを集約,https://news.yahoo.co.jp/articles/f21e6135f7acd525555501b2f80fb31b6769dc17,8/18(金) 9:01
netshop,越境ECヒットアイテムのポイントは「独自性」「高品質」「世界観」【2023年上半期トピックスレポート】,https://news.yahoo.co.jp/articles/16d5ec16ecf0662e34fa1da91dec1c61970cb5c7,8/18(金) 7:31
netshop,楽天グループの国内EC流通総額は2.8兆円で11%増【2023年中間期】,https://news.yahoo.co.jp/articles/e2cc0c6e10aa61d94d13d13127b330ef33f752ab,8/17(木) 10:31
netshop,後払い決済サービスのネットプロテクションズ、台湾やベトナムなどアジア圏での事業拡大を計画,https://news.yahoo.co.jp/articles/8407034b1a0e8d2d0f28b59debf3f0786039e1ed,8/17(木) 9:01
netshop,アウトドアブランド「finetrack」がグローバルECストアを開設、その特徴とは？,https://news.yahoo.co.jp/articles/0f825149b2fecff09eb7abfec1e9894bf15f5e14,8/17(木) 7:31
netshop,商品詳細ページ作りに生成AIを活用するメリットとは？ 多店舗の効率的な運用管理、収益UPに直結するマーケティングなどを実現,https://news.yahoo.co.jp/articles/cbf269bcf690f4e896c1ddaf30fb1e63c05c0b6b,8/17(木) 7:01
netshop,アマゾンジャパン、「Amazon プライム」会員費を値上げ。年会費は4900円から5900円、月額は500円から600円に,https://news.yahoo.co.jp/articles/9040b5e56d1369fb889bd8019eca7fa960652044,8/10(木) 14:06
netshop,【お盆期間中の配送】ヤマト運輸、佐川急便、日本郵便の対応まとめ（2023年）,https://news.yahoo.co.jp/articles/656ad8b2d0353148c5a9569a2aeb1a52239a9d02,8/10(木) 9:01
netshop,アルペンのEC売上高は250億円強で1.3%増【2023年6月期】,https://news.yahoo.co.jp/articles/11a06071c5b3d99e4bebec44ddec356c89c1eebc,8/10(木) 8:31
netshop,売上2ケタ成長Walgreensの原動力は利便性の追求。「顧客はより多くのお金を使うようになる」,https://news.yahoo.co.jp/articles/d275d4c56a151243c3741f5cc69729212511638c,8/10(木) 8:01
netshop,「送料無料」表示の見直しに取り組む消費者庁、「持続可能な物流の実現のために意識や行動を変えていくことが必要」,https://news.yahoo.co.jp/articles/dbcadac82249f2c1d70a7293f929b5d993b25386,8/10(木) 7:31
netshop,そごう・西武がバーコードとRFIDに依存しないAI活用の単品在庫管理の取り組みとは,https://news.yahoo.co.jp/articles/dca34c6fb3e31b716d4c24a10be9ea458576e990,8/9(水) 8:36
netshop,【UGC活用例】コーセーの通販ブランド「米肌」がCVR1.27倍アップに成功したLP改善施策とは？,https://news.yahoo.co.jp/articles/c0356d2632480dba236454e147c9313d56a72104,8/9(水) 7:31
netshop,J.フロントがコレクター向けトレカ専門店「magi」に出資・業務提携した理由とは？,https://news.yahoo.co.jp/articles/175ac9a42048e26b3906b7db5b86e301464fdb01,8/8(火) 9:01
netshop,SNSのシェアで割引購入＋商品は工場直送で低価格販売＋ターゲットは20～30歳代のアパレルECサイト「12HiTOE」とは？,https://news.yahoo.co.jp/articles/8ffbdd346da033cfc940a2be70f24efdadc3a783,8/8(火) 8:31
netshop,ファッションEC「fifth」事業をGSIクレオスがCODESHAREから買収,https://news.yahoo.co.jp/articles/e4bb80467ce52719c3c727fc0c036f87eb2f4469,8/8(火) 7:31
netshop,ヤフーのショッピング事業取扱高は8%減で「想定内での着地」。「Yahoo!ショッピング」の粗利率は22ポイント改善,https://news.yahoo.co.jp/articles/8660e44678ba249be80eb3d58fbdc047af30e4f0,8/7(月) 8:31
netshop,送料、配送業者の選定、破損・汚損対策、禁制品の確認――国際配送で気を付けるべき4つのポイント,https://news.yahoo.co.jp/articles/67bfcd64a624dc5eb65a749d8f348ddb3e532f0e,8/7(月) 8:01
netshop,年間700トン以上のCO2排出量を削減する大日本印刷の環境配慮型「ラベル伝票」、通販・物流・宅配業者に提供開始,https://news.yahoo.co.jp/articles/cbfce5a4bbc39a56fc511ba4c725143f2b2f07d8,8/7(月) 7:31
netshop,【台風6号の配送への影響】ヤマト運輸、佐川急便、日本郵便は沖縄・鹿児島の一部地域宛て荷物の預かりを停止,https://news.yahoo.co.jp/articles/1c1242a9938e1987afc928f527c7b1df0ac500f2,8/4(金) 9:06
netshop,ヤフー社長でeコマース革命旗振り役の小澤社長が退任、「LINEヤフー」では顧問に,https://news.yahoo.co.jp/articles/04f51ec4c3b047fcec70dca1994b50f2a9cd2ebb,8/4(金) 9:01
netshop,佐川急便が始めた海外向けECをトータルサポートする「SAGAWAの海外通販まるごとサポート」とは,https://news.yahoo.co.jp/articles/0c0f06131f13b24aed80ab70aaeb617354b0a8e9,8/4(金) 8:31
netshop,Hamee、自社ECサイトにカスタムオーダー機能を導入できる「CustoMee（カスタミィ）」のベータ版を提供,https://news.yahoo.co.jp/articles/8a833923311518b3186b0f062a268aee04e9c292,8/4(金) 7:31
netshop,千趣会が「ベルメゾン」ユーザーに宅配クリーニングサービス「せんたく便」を提供,https://news.yahoo.co.jp/articles/33b9c3053cfa191de4438b915ec7e7f5c2bd63ec,8/4(金) 7:01
netshop,DM三井製糖が食のD2C企業「マッスルデリ」を買収、拡大するアクティブシニア市場を開拓,https://news.yahoo.co.jp/articles/9143afacdf8b63f73d6559403355ef3c32df3fd9,8/3(木) 9:01
netshop,ZETA、リテールメディア広告エンジン「ZETA AD」にハッシュタグ連動広告機能を搭載,https://news.yahoo.co.jp/articles/40b423ff2d4ab76942cb9e10a8ac5eb20b515fd2,8/3(木) 8:31
netshop,メルマガのブロックで配信成功率・開封率の低下に陥ったEC企業の打開策＋エンゲージメントUPのメールマーケティング事例,https://news.yahoo.co.jp/articles/f2726fc57e8b8aadf47bd28257bec72f1ff2a9a0,8/3(木) 7:31
netshop,「楽天市場」のクーポンシステム利用料、無料キャンペーンを2024年3月末で終了,https://news.yahoo.co.jp/articles/f26b19c2a00483ed0b7b225e14bf7ff1cdeb4bb5,8/3(木) 7:01
netshop,カクヤスグループが従業員の基本給を月額7%アップ、新卒入社者の初任給は最大7%引き上げを実施へ,https://news.yahoo.co.jp/articles/dd57480fa301e3bdcec90195c1f3d6741042555f,8/2(水) 9:01
netshop,「カクヤスネットショッピング」の一部商品の販売価格を平均11.7%値上げ,https://news.yahoo.co.jp/articles/1ef7e9f7febccea2fcb4155c394e4120c6110055,8/2(水) 8:36
netshop,ZOZOの商品取扱高は1319億円で3.1%増、「Yahoo!ショッピング」店は3.4%増の116億円【2023年1Q】,https://news.yahoo.co.jp/articles/6f0ecfb34c1eba544f315af73fa93187ff1eda64,8/2(水) 8:31
netshop,ユーズドセレクトショップ「ラグタグ」がクリーニングの白洋舍と提携。異業種へ買取窓口を拡大,https://news.yahoo.co.jp/articles/826b2b349d0bafe02037b15abf2eb4b0d48e5d6d,8/2(水) 7:31
netshop,ドコモが「dポイント」「d払い」加盟店を拡大、「カクヤスネットショッピング」などが導入,https://news.yahoo.co.jp/articles/4bbc1f0a07b7cd3089b5fc712ae08698553adf50,8/1(火) 10:01
netshop,在庫の機会損失3%改善を実現したアダストリア、需要予測AIを取り入れた取り組みとは？,https://news.yahoo.co.jp/articles/eabcd2cba9b49f3611d91348072c1b049d3a4903,8/1(火) 9:01
netshop,バロックジャパンリミテッド、自動生成したハッシュタグを商品詳細ページやブランドページに表示,https://news.yahoo.co.jp/articles/c0f19fa3bb37d5990ffa2c547745707fe0348f0f,8/1(火) 8:31
netshop,【越境ECトレンド】インバウンド需要の回復＋円安で高額商品の売れ行き好調、商品ではトレーディングカードが急伸,https://news.yahoo.co.jp/articles/d2ae29c4d4421cf9cf9c5d2119ffae3fe919cda0,8/1(火) 7:31
netshop,大塚商会、愛知県に物流センター「中部物流センター」を開設、ロボット導入で1.5倍の出荷に対応できる作業効率を実現,https://news.yahoo.co.jp/articles/c8c65b40f9f4937a1d358149bad6fdb0ff43265f,7/31(月) 8:31
netshop,ネット広告の不当表示対応を強化する東京都が「東京デジタルCATS」発足、小池都知事「悪質事業者への対策のギアを一段と上げる」,https://news.yahoo.co.jp/articles/cedbb0279bb58b507db795f9e2c3fffd9c2406d6,7/31(月) 7:31
netshop,エアークローゼットが、ディズニーアイテムのファッションレンタル「Disney FASHION CLOSET」を2023年秋からスタート,https://news.yahoo.co.jp/articles/a118b556bb3a933e51b71ee6e32c532f15fa9118,7/28(金) 9:06
netshop,「ZETA CX」シリーズ、EC売上高TOP100ランキングで30社が導入,https://news.yahoo.co.jp/articles/ac9c625e8b4f093ac7ec9e3ff0afe5eec5e04eae,7/28(金) 9:01
netshop,そごう・西武がAIカメラ活用し来店顧客のフロアをまたいだ行動を分析、顧客体験価値の向上が目的,https://news.yahoo.co.jp/articles/8c51d97069d2060669e637685ffefa8666a24f75,7/28(金) 8:31
netshop,ネットショップ支援室の「楽楽B2B」、インボイス制度に対応。請求書仕様変更の手間を削減,https://news.yahoo.co.jp/articles/b4fc765128868b1da70d7fcf02c300697070a23c,7/27(木) 11:31
netshop,オイシックス・ラ・大地グループ、シニア向け雑誌ビジネスに参入,https://news.yahoo.co.jp/articles/040bb9e8a8b7b051db977868e648b3aac5e19ca2,7/27(木) 8:31
netshop,ZOZO NEXT、東京大学と細尾との共同プロジェクトによる作品展示会「Ambient Weaving Collection --環境と織物」を開催,https://news.yahoo.co.jp/articles/22612ad9817e6478c2f6a8046e5396f89b6a1d0e,7/27(木) 7:31
netshop,数字で振り返る2023年「Amazonプライムデー」。競合企業は「プライムデー」前後のセール実施で競争を避ける傾向に,https://news.yahoo.co.jp/articles/727d91f313259ff8d89ed507713695857d5da880,7/27(木) 7:01
netshop,アダストリア、グループ最大規模の物流センター「アダストリア 常総DC」を新設,https://news.yahoo.co.jp/articles/96d6fd727eaf711b83bede4e81f89985b21630d7,7/27(木) 6:31
netshop,毎日利用しているアプリ数「10個以上」は約2割で、「SNS」「ニュース」が上位に【スーパーアプリに関する調査】,https://news.yahoo.co.jp/articles/e0d489203cae7d253493b83c234a99ae147e6c72,7/26(水) 9:01
netshop,“落とし穴の有識者”である出川哲朗さんを「ecforce」の新CMに起用、「EC売上の落とし穴はECカートにあり」を啓発,https://news.yahoo.co.jp/articles/5b3efe71c7595d0166c72cf616d4bd88b2b4174e,7/26(水) 8:31
netshop,GoogleのUX指標「CoreWebVitals」のフェーズ2。ページ応答性を測る「FID」が「INP」にチェンジ！ その違いや計測方法を解説,https://news.yahoo.co.jp/articles/d8ac913f3d95e8344d91a469da3f9e2e0a8aa01e,7/26(水) 8:01
netshop,ヤマト運輸、玄関前配達サービスと連携。オートロック＋宅配ボックスの空きなしでも「置き配」可能に,https://news.yahoo.co.jp/articles/82d5da5b5fb737cc5dc50b8a2cd032d775bb488a,7/26(水) 7:31
netshop,アズワンが公式通販サイト「アズキッチン」にEC商品検索・サイト内検索エンジン「ZETA SEARCH」を導入,https://news.yahoo.co.jp/articles/8232a527192716f69659be91cc8b6e87bca82b9b,7/25(火) 13:31
netshop,東京都がネット広告の不当表示対応を強化、悪質な不当表示の根絶をめざす「東京デジタルCATS」とは,https://news.yahoo.co.jp/articles/0bea40ae69dea1d713063500d6eeafa1837317c7,7/25(火) 8:31
netshop,ベイクルーズが自社食品ブランドのECサイトを開設。女性の食とライフスタイルを応援,https://news.yahoo.co.jp/articles/f8de8727465e37f281d018811587bd820291067b,7/25(火) 7:31
netshop,【事例に学ぶ悪質なECマーケの実態】営業「お金さえ払えば検索1位になれる!」、EC企業「300万円をドブに捨てるところだった」,https://news.yahoo.co.jp/articles/84be9f149977dba79747ebc6ba0aac93ebf66b35,7/25(火) 7:01
netshop,「Amazon」「楽天市場」の両モール利用経験者は7割。よく使うのはAmazonが47%、「楽天市場」は37%,https://news.yahoo.co.jp/articles/25ee749bfaa29e563d37247f0649af38815a374d,7/25(火) 6:01
netshop,EC構築プラットフォーム「ecbeing」が、アパレルEC向けサイズレコメンドエンジン「unisize」と連携,https://news.yahoo.co.jp/articles/5f7f660a81ec6652ce5383592f85a3e8b57595c8,7/24(月) 11:31
netshop,カインズがAmazonで独自商品の販売をスタート,https://news.yahoo.co.jp/articles/3afbfdb92e63244a1e9fa96d0495c56e06ea20c0,7/24(月) 8:31
netshop,ファッションレンタルEC「airCloset」、マタニティ向け対応サービスを拡充,https://news.yahoo.co.jp/articles/d8aa1248e4faaf07bd4d04d953e8afdaf1e9a52c,7/24(月) 7:31
netshop,イオンの新ネットスーパー「Green Beans（グリーンビーンズ）」がスタート,https://news.yahoo.co.jp/articles/516e61ec05bc89ff0a8f047806fbbc05e5a28ba4,7/21(金) 8:31
netshop,「ZOZOTOWN」の即日配送サービスが甲信越地域に対応,https://news.yahoo.co.jp/articles/1abd4efffb701415390d22cc1acc03f19e429afc,7/21(金) 7:31
netshop,オルビス、「ORBISアプリ」の累計ダウンロード数が500万を突破,https://news.yahoo.co.jp/articles/34fead9a96e17741051e41cea87eeacdb72b7297,7/21(金) 7:01
netshop,楽天グループと日本郵便、A5サイズに対応した新規格の配送サービス「ゆうパケットポストmini」を全国一律160円で提供,https://news.yahoo.co.jp/articles/e54e32c4a9c3beaac0121f2ff8f680f5c05d9598,7/20(木) 9:01
netshop,ナイキのEコマース事業の現状は？ 全社売上の26%を占め133億ドル規模に達したNikeのデジタル事業の今＋これからの課題,https://news.yahoo.co.jp/articles/bfcb705a3a49682771d55ccf01d6ec8d70b424bb,7/20(木) 7:01
netshop,楽天グループが新キュレーションメディアを本格展開、クーポン特化の「人気のクーポン獲り放題！わくわくクーポンランド」とは,https://news.yahoo.co.jp/articles/40fccc55ea9e4a00bf322d96145314e5c90212ce,7/19(水) 7:31
netshop,DIY用品EC大手の大都に楽天グループが資本参加、楽天キャピタルが出資,https://news.yahoo.co.jp/articles/ae8f865f52d94df10b27e7f4f253d07684074549,7/18(火) 10:16
netshop,楽天が始めた地域の魅力を発信する動画サイト「のぞいてニッポン」とは。地方放送局13社＋LiveParkとコンソーシアムを設立,https://news.yahoo.co.jp/articles/3d5194897490eb5ddddea668a2bf55115f7ba265,7/18(火) 8:31
netshop,自社ECで役立つGA4の基礎と活用法とは？ UAとの違い、注意点、レポートの活用法などを運営堂の森野氏が解説！,https://news.yahoo.co.jp/articles/b9efa1ee0401a72820a33b13f172d1d61f1fe07a,7/18(火) 8:01
netshop,久光製薬が通販・ECを強化へ。新設子会社「久光ウエルネス」へ通販事業を移管,https://news.yahoo.co.jp/articles/e9f56476e3a22e281504c294acfbb7894b6f0d10,7/18(火) 7:31
netshop,コメリの配送サービス「コッコ便」が対応エリアを拡大、宮城県・福島県を追加して全17都府県で展開,https://news.yahoo.co.jp/articles/ce46c273443cee7f2eb129762051e4eadf0f71b3,7/14(金) 8:31
netshop,阪急阪神百貨店が取り組む館内物流業務の自動化とは？,https://news.yahoo.co.jp/articles/74a62e71835ebe188a811b443c772f9536ca459d,7/14(金) 7:31
netshop,【通販基幹システム調査】6割以上が導入後に売上UP。満足できない理由上位は「操作性」「サポート体制」「カスタマイズ性」,https://news.yahoo.co.jp/articles/97947ac83d910d39b9785d70ccf0c6787eefc096,7/14(金) 7:01
netshop,BtoB通販の顧客満足度1位はコクヨ「@office」、2位は「ASKUL」、3位は「Amazon Business」。2022年1位の「たのめーる」は4位に,https://news.yahoo.co.jp/articles/a31777524402ca3366a98eb23dfd73472fde3fcd,7/13(木) 9:01
netshop,コスト増時代を生き抜くためのアイデアを解説。送料無料ラインUP、フルフィルメントの最適化、価格勝負の回避などのEC事例3選,https://news.yahoo.co.jp/articles/67ac15175e879865ad19582de02f454d7cad9e18,7/13(木) 8:01
netshop,QRコード決済で利用しているチャージ・連携方法が使えなくなる場合「他サービスに乗り換える」は3割【QRコード決済サービス調査】,https://news.yahoo.co.jp/articles/df830bb92090926734a6c5a6d71842fb072746d4,7/13(木) 7:31
netshop,ミレニアル世代が着用しているファッションブランド第1位はUNIQLO。SHEINも着用率アップ【2023年上半期ランキング】,https://news.yahoo.co.jp/articles/90bc2d39fda661f7d1b02673ec6d582a1057d8cd,7/13(木) 7:01
netshop,伊藤園が日本茶などの公式ECサイト「TEA SHOP ITOEN」を刷新、「会員ステージ制」「決済拡充」など利便性を向上,https://news.yahoo.co.jp/articles/be2d5f5675bf17d679963f7222ff7dfa7a0eab06,7/12(水) 9:06
netshop,ヤフーの「Yahoo!ショッピング」に新規出店した脱炭素社会を推進する「Earth hacksモール」とは,https://news.yahoo.co.jp/articles/cc66f93a5d14d82b627415c8dfb2bd2a95099aaf,7/12(水) 9:01
netshop,GMOペパボの「カラーミーショップ大賞 2023」、全390ショップがノミネート【一般投票受付中】,https://news.yahoo.co.jp/articles/e0e985f9f0c7fcc93aa9fc3bae3dd5b9bad0b55e,7/12(水) 7:31
netshop,DearOne、企業公式アプリの開発支援サービスが9000万DL突破,https://news.yahoo.co.jp/articles/aee95edcb6a785705400365460914f334a4969b5,7/12(水) 6:31
netshop,SUPER STUDIOと三井不動産が展開、ECブランドの店舗展開を支援する次世代型OMOショップ「THE [　] STORE」とは,https://news.yahoo.co.jp/articles/d6dd7d78e14ed9f7dfd4e7b3a9c273e3b5aae450,7/11(火) 9:01
netshop,モバオクがオークションサービス「モバオク」にEC商品検索・サイト内検索エンジン「ZETA SEARCH」を導入,https://news.yahoo.co.jp/articles/0a4c1b15b75b6b341afc6f06e169d5d8c8f2da83,7/11(火) 8:31
netshop,【九州北部地方の大雨】ヤマト運輸、佐川急便、日本郵便の九州向け荷物の一部で配送遅延が発生中,https://news.yahoo.co.jp/articles/99d47b521a2b9d6c5f4ffe7efe9622ee9ee13f80,7/11(火) 7:31
netshop,家具・インテリアの購入場所は「家具店」が1位で6割、ECは2割超。商品選びの参考でECやカタログを選ぶ割合は15%,https://news.yahoo.co.jp/articles/650d9189feb502fc890588da7d427fd21caf7a97,7/11(火) 7:01
netshop,文具大手のナカバヤシ、脱プラ対応製品のBtoB-ECサイト「asue オンラインショップ」を開設,https://news.yahoo.co.jp/articles/599614e213071cb4d68322e6e6a17ffb2b1e1846,7/10(月) 10:01
netshop,アスクルの「LOHACO」が初の黒字化。インフレや原価高騰など環境の変化には法人向け商品のBtoC展開などで対応する方針,https://news.yahoo.co.jp/articles/7b45d3f84901f843d0e4197aee06736a0782685d,7/10(月) 9:01
netshop,「リピート客」を生むためのCRM、ちゃんと理解していますか？ 顧客を管理する9つのセグメント、KPI設定のコツを解説,https://news.yahoo.co.jp/articles/91a5e2bb1803e40ba36c582a8a115b491a24681b,7/10(月) 8:01
netshop,グローバル売上30億円をめざすI-neの中国法人が米原料メーカーと共同研究室設立【中国市場の取り組みまとめ】,https://news.yahoo.co.jp/articles/b816aba7d98ce99b1315ad196a64433c7aafd1eb,7/7(金) 8:31
netshop,アマゾンの「置き配指定サービス」利用率は約75%,https://news.yahoo.co.jp/articles/710176d36f8b780d9492fc6685154bb13e32d0d9,7/7(金) 7:31
netshop,アマゾンが置き配、当日・翌日配送を強化。全国11か所にデリバリーステーションを新設,https://news.yahoo.co.jp/articles/fbd09d4b8bb30828b65adda083df539aeb093751,7/7(金) 7:01
netshop,ヤフーの「Yahoo!ショッピング」が定期購入機能を実装。検索面などで新たな購入導線を設ける予定,https://news.yahoo.co.jp/articles/533cca5dca0e502e17f5c9359b94741ae4e27838,7/6(木) 10:06
netshop,有機野菜ECの坂ノ途中、パナソニックから出資。人と環境にやさしい食のバリューチェーン構築へ協業,https://news.yahoo.co.jp/articles/40820d4d0dafdf09692b69f6c264bf4301da4f55,7/6(木) 9:01
netshop,ユナイテッドアローズ会員プログラムを刷新、顧客との接点増と関係性強化を狙う新サービス「UAクラブ」とは,https://news.yahoo.co.jp/articles/9376e3b4d8e191deae4b3c89f8ada14b6d00bb5f,7/6(木) 8:31
netshop,GoogleのAIを活用したバーチャル試着ツールとは？,https://news.yahoo.co.jp/articles/a783bba5fb406b9f623db8486a2243d866454ba6,7/6(木) 8:01
netshop,Hameeがコンセプトストア「iFace Lab（アイフェイスラボ）」を東京・原宿にオープン,https://news.yahoo.co.jp/articles/79a388b39599840026c2cedc2ed087438233a1e6,7/6(木) 7:01
netshop,Amazon、「プライムデー」でアイスタイルと初コラボ。「特設ページ」での商品紹介、原宿の旗艦店で商品体験など,https://news.yahoo.co.jp/articles/d1b971d4c9ec0e64b93559b5187e6a3aa7e87dd4,7/6(木) 6:01
netshop,Googleの「Search Central Live Tokyo 2023」から考えるEC事業者がAI活用で意識すべきポイント,https://news.yahoo.co.jp/articles/c73c24b27053f2504a242dae66b244429860dbe8,7/5(水) 8:01
netshop,バニッシュ・スタンダードが「STAFF START」をリニューアル。写真と動画を組み合わせて投稿できる「SNAP PLAY」機能を実装,https://news.yahoo.co.jp/articles/4d3e9083e8eb6bfdb25769ac7ab13cc34c5b7fc2,7/5(水) 7:31
netshop,【Amazonプライム利用調査】加入率は44%で、20代の加入割合は5割以上,https://news.yahoo.co.jp/articles/b38723f94c3d1d4572dbe4a44aaf1e2c3bb192c7,7/5(水) 6:01
netshop,【九州の大雨】ヤマト運輸、佐川急便、日本郵便の九州向け荷物の一部で配送遅延が発生,https://news.yahoo.co.jp/articles/b28ffbd6666765c55b6b0ffa3603d0463cd42eaa,7/4(火) 9:01
netshop,再春館製薬所が「LINEギフト」に出店、ドモホルンリンクルなどを販売,https://news.yahoo.co.jp/articles/dd5da617f16d14314f361e7894846d396eebd05b,7/4(火) 8:31
netshop,リユースで購入したブランドの新品購入機会増加は約4割。買い物は「長持ちする商品を購入する」が8割【リユースに関する調査】,https://news.yahoo.co.jp/articles/cffe2dac7775637260147f9686f2c91743287e77,7/4(火) 7:31
netshop,【テレビ通販大手の2022年度売上】ショップチャンネルは1.2%減の1555億円、QVCは3.8%増の1329億円,https://news.yahoo.co.jp/articles/70505bbc6c324ef8bdb44796e0f1a59c0aa34839,7/3(月) 9:01
netshop,ポスト投函できる小荷物を1個120円で配送。セイノーグループが始める通販・EC向けの新サービス「コニポス」とは,https://news.yahoo.co.jp/articles/1e4bca101ea62e91165e08cdc1d1ca1fe4abfced,7/3(月) 8:31
netshop,ショップチャンネルの売上高は1.2%減の1555億円、経常利益は6.7%増の194億円【2023年3月期】,https://news.yahoo.co.jp/articles/19051c51c737aba2119b29e37694dbd6ff64afdf,6/30(金) 8:31
netshop,宅配便の再配達率は約11.4%（2023年4月）で1年前比約0.3ポイント改善、「物流2024年問題」の改善に向けた数値目標は6%,https://news.yahoo.co.jp/articles/cc30a8ece9e96bf88eec63e6b58ec82aa8073aa6,6/30(金) 7:01
netshop,ネットショップ支援室が薬機法チェック事業のREGAL COREと業務提携,https://news.yahoo.co.jp/articles/feac630a8879e48162c31a6e5dd6a0f82f668bd7,6/29(木) 11:31
netshop,ECの最終画面でわかりやすい契約事項表示を求める改正特商法にネット通販会社が違反、その違反行為と処分内容とは？,https://news.yahoo.co.jp/articles/39831394e6f81d5e8c127974250dc0adac44f822,6/29(木) 10:36
netshop,小売市場は縮小時代に突入。2030年度の市場規模は114兆円、2022年比約14%減,https://news.yahoo.co.jp/articles/b57f850665d5f58a0e8981ac3aec89581e0b856a,6/29(木) 9:01
netshop,【メルマガ調査】読むきっかけは「件名」が最多、解約1位の理由は「面白くない」。メルマガ経由の購入はセールが決め手,https://news.yahoo.co.jp/articles/8d4e64dd8c6ee6ddfe3cd97eee00fa20560b4478,6/29(木) 7:31
netshop,Amazonプライムは「同意を得ずに会員登録している」。米取引委の見解と今後のアマゾンvs.FTCの行方を米EC専門誌が解説,https://news.yahoo.co.jp/articles/1c0355043ed17ef37222cbff3f18e227398cab46,6/29(木) 7:01
netshop,【楽天の2023年夏トレンド予測】「物価高対抗」「Return to Normal消費」などがキーワード,https://news.yahoo.co.jp/articles/65b64e7e47a0062437903ff18160ad86d2fe67b9,6/29(木) 7:01
netshop,購入最多は「日用品」、購入金額は7割が5000円未満。男女別の利用傾向や利用頻度などをまとめたEC利用調査,https://news.yahoo.co.jp/articles/9df4990ab983b852b9159746dd19bcb91a6077ef,6/28(水) 7:01
netshop,ネットショップ支援室の「楽々リピート」、「EMV 3-Dセキュア（3Dセキュア2.0）」に対応開始,https://news.yahoo.co.jp/articles/046bda4a12b70dd53cb0576c50660644062fe9d7,6/27(火) 11:16
netshop,「北欧、暮らしの道具店」のクラシコム、ファッションブランド「foufou」事業を買収,https://news.yahoo.co.jp/articles/0a7e5aa81f996c4f488d217e9bfd5ba6a05f63b8,6/27(火) 9:31
netshop,ANA Xが公式ECモール「ANA Mall」にレコメンドエンジン「ZETA RECOMMEND」を導入,https://news.yahoo.co.jp/articles/4aea291c036179ab1ebe36b5cb78291dd278f52d,6/27(火) 8:31
netshop,I-neが男性向けスキンケア市場に参入、男性向けコスメブランド「murphy」を開発,https://news.yahoo.co.jp/articles/539a4d9bca43a1b5b39c475cf4c1d71866d798eb,6/27(火) 7:31
netshop,「ChatGPT」などのAIでどんなEC機能が出てくる？ ビジネスの拡大、サービスの幅が広がる可能性を秘めたECのAI活用,https://news.yahoo.co.jp/articles/b83c0a8fb1632381c395bb69f3b1a328a6891cb9,6/27(火) 7:01
netshop,スクロール360とKDDIエボルバが業務提携。「EC・通販トータルサポートサービス」を7月から提供開始,https://news.yahoo.co.jp/articles/c35d71b7f36e3cead2ff53ef57ae5b4693be7bbb,6/26(月) 7:31
netshop,「メタバース」の基礎と活用方法を日産自動車＋アダストリアの事例、Roblox＋VRChat＋クラスターなどのサービスに学ぶ,https://news.yahoo.co.jp/articles/2baf6673d4e2f1ea2f56ef40c0578c89fce9e140,6/26(月) 7:01
netshop,PayPayの他社クレジットカード利用、8月1日の停止を2025年1月に延長,https://news.yahoo.co.jp/articles/a94a443d7a67867f37092c5e9631b2d6c064032d,6/23(金) 9:01
netshop,EC事業者の「ChatGPT」活用を支援。ECの運営に完全特化した「ChatGPT サポートパッケージ」とは,https://news.yahoo.co.jp/articles/064cd861262c42df4a3feee28588fa795d97c493,6/23(金) 7:31
netshop,Amazonの2023年「プライムデー」は7/11＋12。「パーソナライズ表示」「先行セール」「ポップアップカフェ出店」などを実施,https://news.yahoo.co.jp/articles/8db66684c6423ff50b6732e890ce8539d76ca75f,6/23(金) 7:01
netshop,ファッションレンタルECの「airCloset」、「月額料金まとめ払い」を全プランに適用＋「過去アイテムの色違い購入機能」の提供を開始,https://news.yahoo.co.jp/articles/5de6d428c92cc25663fcd23f8e872d6ec40ebcce,6/22(木) 9:01
netshop,ベルーナが総合通販サイト「ベルーナオンラインストア」にレビュー・口コミ・Q＆Aエンジン「ZETA VOICE」を導入,https://news.yahoo.co.jp/articles/7b3788674d61b1218c4927a610b0f5b30da4c9a4,6/22(木) 8:46
netshop,アプリDL数300万突破のクラシコム「北欧、暮らしの道具店」。その背景は？,https://news.yahoo.co.jp/articles/336df28e411e70555f7fbe32565ea78f11a035a1,6/22(木) 8:31
netshop,米サブスクEC企業の事例に学ぶリピート率・客単価向上につながるコミュニケーション施策・効果的なマーケティング手法,https://news.yahoo.co.jp/articles/3ab38a690e7d2743c445d44e9662983d7bc05940,6/22(木) 8:01
netshop,「ChatGPT」など生成AIを活用・検討している企業は6割超。回答者から「新たに有益な相談役が加わった感覚」の声,https://news.yahoo.co.jp/articles/2cb9bfd049b1d0c5f129560815b8559136752987,6/21(水) 10:01
netshop,ムラサキスポーツのECサイト刷新のポイントは「OMO」。エンドレスアイル、店舗受け取りなど展開,https://news.yahoo.co.jp/articles/ee00a51011039097051c24f2e960cf06946ea1d8,6/21(水) 8:31
netshop,ECの現場で使える「ChatGPT」活用法。ネット通販担当者がビジネスシーンで利用するための基礎知識と事例を解説,https://news.yahoo.co.jp/articles/9ecb270343685bd43a6d336270a68853b82c7486,6/21(水) 7:31
netshop,新たに誕生する「Vポイント」経済圏とは？ Tポイント＋VポイントをCCCグループと三井住友グループが統合へ,https://news.yahoo.co.jp/articles/8412045757fa207265efd1526ecee93ddcaa9ad8,6/20(火) 10:31
netshop,売上アップに直結する「EC運用力」の向上に必要な13ポイント。SNS活用、ページ作り、CVR、客単価、バックオフィスの視点で解説,https://news.yahoo.co.jp/articles/bdf2cf76f229a3778394814a9d101c99ad468ea1,6/20(火) 8:01
netshop,ヤマト運輸が「メール便」「ネコポス」を順次終了。メール便・小型薄物荷物領域は配送を日本郵便に委託へ,https://news.yahoo.co.jp/articles/c3cbd3df27c6447a7cd8ccd6ef04edf9c127e5e4,6/20(火) 7:31
netshop,広告に掲載ない商品の「アップセル」「クロスセル」、通販広告に必要な事項あれば通信販売に、表示がない場合は電話勧誘販売に,https://news.yahoo.co.jp/articles/3604cb3ad0ac7e4aa5a7aa7c1ced6e56537c3f51,6/19(月) 9:01
netshop,ヒマラヤのEC売上は150億円規模、小田新社長「ユニファイド・コマース化を推進していく」,https://news.yahoo.co.jp/articles/06673c16adc33445d71832f06fc01c43786fa705,6/19(月) 7:31
netshop,キューサイが刷新する新しいメンバーシッププログラム「キューサイウェルエイジングクラブ」とは,https://news.yahoo.co.jp/articles/17d76f2b964300b54fd8542519ddc4c465d52a5e,6/16(金) 7:31
netshop,自社ECとアフィリエイトで広告のサプリに効果なし、No.1表示で景表法違反（優良誤認）。ペット用品EC会社に措置命令の内容とは,https://news.yahoo.co.jp/articles/efa55708ba09bb9091d89733fca957c0893157f4,6/16(金) 7:01
netshop,アスクルがSNSキャンペーン「もらうだけで地球に貢献！サステナブルBOXプレゼント第1弾」を開始,https://news.yahoo.co.jp/articles/abc23c47bddd24569b879df61461bcc2e5967522,6/15(木) 8:31
netshop,配送コストを削減する方法は？ 米国のデータや企業事例に学ぶ送料無料の実態&改善アプローチ,https://news.yahoo.co.jp/articles/1d2a849918947738cb7fc0dea678714e69b09ed6,6/15(木) 8:01
netshop,【シニアのEC利用率】高齢世帯は2割超。65～74歳は約4割、75歳以上は25%,https://news.yahoo.co.jp/articles/8ab56da5b1b15f596c7b720cec66633f0d54488f,6/15(木) 7:31
netshop,【ECモール利用実態】1位はAmazon、2位は楽天、3位はヤフー。利用するモール、頻度や金額、年代・性別など調査まとめ,https://news.yahoo.co.jp/articles/78b67020bfb4645a442d66c7196cda7cdd4143d0,6/15(木) 7:01
netshop,クレカの不正利用によるチャージバックを防ぐには？ 最新の状況・データ、EC事業者に求められる今後の対策まとめ,https://news.yahoo.co.jp/articles/652501a7fe161e440ea3b7e6858c7af16f0905b5,6/14(水) 8:31
netshop,通販・ECなどの「無店舗小売業」倒産件数が3年ぶり増加した理由とは？東京商工リサーチは「淘汰が始まった」,https://news.yahoo.co.jp/articles/6a3d3582bb07f285ec54c2a0c6388e8a76cb6f42,6/14(水) 8:01
netshop,SDGsに取り組む企業に「好感が持てる」約9割。好感度が高いテーマは「住み続けられるまちづくりを」【Z世代への調査】,https://news.yahoo.co.jp/articles/8579beeadd629c315ebc0a816958acff1dbadd0b,6/14(水) 6:01
netshop,ホームセンターのDCM、通常配送と送料無料ラインを値上げ,https://news.yahoo.co.jp/articles/86724e1dcbe57fff6bc15a6bcda711a20890bb26,6/13(火) 8:31
netshop,イトキンが公式通販サイト「イトキンオンラインストア」にEC商品検索・サイト内検索エンジン「ZETA SEARCH」を導入,https://news.yahoo.co.jp/articles/5b2b583da1f7fa3b2c2a04a639699166c36822e7,6/13(火) 8:31
netshop,ヨドバシカメラ、「Makuake」発の人気商品をECサイト・実店舗で販売,https://news.yahoo.co.jp/articles/e2dfe9034f524eab0b976a20c6684e92ea9dbb5a,6/13(火) 7:31
netshop,産直品市場、2027年までに3兆6900億円を予想。コロナ禍で産直EC活況、アフターコロナでも継続なるか,https://news.yahoo.co.jp/articles/cd3a186b31df6fe23d328b831b4775bd7c06c4a7,6/12(月) 10:01
netshop,日本郵便が「ゆうパック」の基本運賃を平均約10%値上げ,https://news.yahoo.co.jp/articles/5b929855e4d12db6d9b37ff5eecb367b080b1635,6/12(月) 8:31
netshop,ECビジネスでAI（人工知能）はどんな役割を持つようになる？ 対策は必要？ 活用メリットは？ 気になる疑問を聞いてみた,https://news.yahoo.co.jp/articles/75240ea5c0940189d5cdd5a51e862cb282c0ee90,6/12(月) 8:01
netshop,ディノスが“売れる”物作りを担うデザイナーの育成を目的に長岡造形大学と産学連携プロジェクト,https://news.yahoo.co.jp/articles/2f8b8302873055b0612949008f51a0fa5f3b5b40,6/12(月) 7:31
netshop,三井ショッピングパークのECモール「&mall」、UGCを軸にしたコミュニティ機能を搭載,https://news.yahoo.co.jp/articles/dcc8c68fcfe9628eec86b4dc9531f532a2738f5f,6/9(金) 8:31
netshop,問い合わせを3割削減でCS業務効率化と顧客満足度の向上を実現したシェア買いアプリ「カウシェ」の改善施策,https://news.yahoo.co.jp/articles/273ba2613faee1ed601b32f2252e2e6a703d938a,6/9(金) 7:31
netshop,対話型AIサービス「ChatGPT」の利用経験は1割。利用経験率が高い職業は「管理職」「経営者・役員」「学生」,https://news.yahoo.co.jp/articles/6383c8a3d6ce63c3df8bf17fec3f6c95082e2aa1,6/9(金) 7:01
netshop,「ChatGPT」は経営者の7割超が「コスト削減できる」。AIの進化で起きるビジネスの変化は「生産性向上」が35％,https://news.yahoo.co.jp/articles/75fd95e40913066b8b2d28cf4be42d83192c9b37,6/8(木) 9:01
netshop,アイスタイル、化粧品専門店「シドニー」を買収。実店舗の商圏を拡大,https://news.yahoo.co.jp/articles/b4194f04a67959522524e071f9f9675d526a2539,6/8(木) 7:31
netshop,初めて使う化粧品をECで購入、「失敗経験あり」は約8割。ECで買う理由トップは「実店舗よりも安い」,https://news.yahoo.co.jp/articles/82e5bfe7fa51226283c193e0adcbbcc32f5d981b,6/8(木) 7:01
netshop,Cake.jpが初の海外展開。シンガポールの越境EC市場を選んだ狙い＋今後の展開とは？,https://news.yahoo.co.jp/articles/083f0def638cce0581be8ef93abab3ae7ba923aa,6/7(水) 10:01
netshop,【再配達削減策】政府は「緊急的な対策を講じる」、ポイントなどインセンティブ付与に向けて調整,https://news.yahoo.co.jp/articles/5efb667f3d8f26562fa3ebb43350a64261275bac,6/7(水) 8:31
netshop,ニトリグループが中国向けEC支援事業、北海道産品を「Wechat」内の公式ミニプログラムで販売,https://news.yahoo.co.jp/articles/a281c2f0d9891e3719c1d24ee32e155eb8330f83,6/7(水) 7:31
netshop,タレントがショッピングMCを担うジャパネット＋スターフライヤーの機内番組とは？1回目はゴルゴ松本さんが登場,https://news.yahoo.co.jp/articles/f2a864b20ee77a8b86138f9cc48095d05a78c261,6/6(火) 10:01
netshop,「送料無料」表示の見直しを求める政府の方針とは？ 過去には経産省幹部が「送料は当社負担という表現に」と業界に要請,https://news.yahoo.co.jp/articles/bbd88bd6e8704d0938fa274c7c8db9bdf3024d68,6/6(火) 9:01
netshop,【楽天市場のお中元・夏ギフト】友人・親戚などに贈る「カジュアル化」が進む。「カタログギフト」の流通総額は約3倍に,https://news.yahoo.co.jp/articles/3eef8f7f23712c2c07aaf0a1254e5e4ed39b51e0,6/6(火) 7:31
netshop,ハルメク、サブスク型メディア「ハルメク365」を法人向け福利厚生サービスとして展開,https://news.yahoo.co.jp/articles/ef2fb19a09710183e4567d99167ec1eaa2f7ccc1,6/6(火) 7:31
netshop,コロナの行動制限緩和も外出ためらうのはなぜ？ 「インドア慣れ」「節約志向」の傾向【コロナ＋値上げの消費者調査まとめ】,https://news.yahoo.co.jp/articles/1058d90db616b04dc6a9a93a645a476198862ac2,6/5(月) 11:01
netshop,Googleのアップデート情報＆ヤッホーブルーイングの事例に学ぶこれからのSEO施策に重要なポイント,https://news.yahoo.co.jp/articles/7723b761d61848d263a6ad1ea0a535c618790080,6/5(月) 8:01
netshop,eBay Japanがオンラインの「Qoo10大学」開校。「Qoo10」で売り上げを伸ばすためのノウハウ、事例を無料配信,https://news.yahoo.co.jp/articles/c03c1e08ec6cde872368134725980221ddcecd18,6/5(月) 7:31
netshop,ヤマト運輸と佐川急便の荷物の配送、全国的に遅延が発生中【台風2号の影響】,https://news.yahoo.co.jp/articles/90d25b1ce608a652af74ef23b1fa975d1a1ec429,6/3(土) 11:16
netshop,Amazon、フルフィルメントセンターを千葉市と埼玉県狭山市に新設,https://news.yahoo.co.jp/articles/0fde855951c4ab923a14d2e845912520fa1c0698,6/2(金) 9:31
netshop,決済手段の追加コストを10分の1に削減。GMO-PGが決済サービスに新接続方式「OpenAPIタイプ」を導入,https://news.yahoo.co.jp/articles/164af252feef5c582e52156d4c28610a39644cd3,6/2(金) 8:31
netshop,フードロス削減ECのクラダシ、商品1点から購入できる常設店舗。実店舗ならではの「3つの仕掛け」とは？,https://news.yahoo.co.jp/articles/43140a58e8fa3eac8df8a26791bb97f3309a3fe3,6/2(金) 7:31
netshop,広告主のインフルエンサー探しを助けるプラットフォーム 「KOL Radar」とは？ ChatGPT搭載でテキスト検索も可能に,https://news.yahoo.co.jp/articles/feaa3ea4c7ba7da1141f4ecd352de28fb1fac728,6/2(金) 7:01
netshop,Z世代のコマース行動「バイヤー型消費」とは？買物行動の特徴は「開拓志向」「越境志向」「見極志向」「即決志向」,https://news.yahoo.co.jp/articles/8b5a7b1f4bbd470c6dba207fe58ada21f9a22d33,6/1(木) 9:01
netshop,オンワードHD、ウィゴーの発行済み株式20%を取得し資本業務提携,https://news.yahoo.co.jp/articles/13fc428d7d88598b4613aca4acfefb9b3c8018d0,6/1(木) 8:31
netshop,商品購入に直結するデジタルマーケティングは何？ 上位を占めたのはEメールとSNS【消費者1000人調査まとめ】,https://news.yahoo.co.jp/articles/c1a0ee6c833931a7ee0f5cd9737fcf95d3163b36,6/1(木) 8:01
netshop,日本航空グループが始めたECモール「JAL Mall（ジャルモール）」とは,https://news.yahoo.co.jp/articles/9db9ea89980cfff51728a8cd10bc9decd1efb8f5,5/31(水) 9:01
netshop,キューサイが公式ECサイトを刷新。顧客体験の向上をめざしたリニューアルのポイントとは,https://news.yahoo.co.jp/articles/7d0968f95e7d75a5cdc11ad51e6224017730ae4e,5/31(水) 8:31
netshop,【首都高6/10までの通行止め】ヤマト運輸、佐川急便、日本郵便で荷物の配送に遅れが生じる可能性,https://news.yahoo.co.jp/articles/b8b04d42aa86121dcb7102dc1ec24f9e2fb4d035,5/31(水) 7:31
netshop,ECサイトにおける商品の探し方「キーワード検索」が約7割。タグ検索では「商品カテゴリ」がトップ,https://news.yahoo.co.jp/articles/e0ce2255951d272f501e65046bcc882fcbc8d533,5/30(火) 10:01
netshop,「EC運用力」が身につく10のポイントとは？ 発売日のスケジューリング、商品の縦・横展開、ページのABテストなどは押さえるべし！,https://news.yahoo.co.jp/articles/73b40fa741802c274db9a3f9ace333e31ea5b6a8,5/30(火) 8:01
netshop,グロース市場に上場するフードロス削減に取り組むEC企業「クラダシ」とは,https://news.yahoo.co.jp/articles/0a0827fa73979349685f646b6caed13e03c17593,5/30(火) 7:31
netshop,「ChatGPT」などのAI（人工知能）はどんなもの？ ECビジネスに役立ちますか？ などの基礎情報を解説,https://news.yahoo.co.jp/articles/23f42658689a0be97cec3383863b137e6dc542a9,5/29(月) 7:01
netshop,日本郵便の「ゆうパック」値上げ、「改定率や実施時期は検討中」「法人向け単価は基本運賃を定めた後、交渉する」,https://news.yahoo.co.jp/articles/59a5bad6c353aa10b19b591c6743815ab8467b7e,5/26(金) 9:01
netshop,EC構築プラットフォーム「ecbeing」の流通総額は9912億円で41%増【2022年実績】,https://news.yahoo.co.jp/articles/d8a95562e96a0c2a0f63bbdabfe10a6ef687b9f6,5/26(金) 7:31
netshop,【消費者が企業に求める情報発信方法の調査】情報の受け取り方法は？ アプリのDL・公式LINEを友だちに追加するきっかけは？,https://news.yahoo.co.jp/articles/fed4e24d38873918ceccf02e0f4176a6cc2e22ca,5/26(金) 7:01
netshop,消費者に選ばれる通販のポイントは「送料の安さ」「価格」「品ぞろえ」【オンラインショッピング利用調査まとめ】,https://news.yahoo.co.jp/articles/6cdcfc395e74f0a28296346a08c6b3bd93a389b5,5/25(木) 10:01
netshop,【中国EC】ポストコロナ時代の新たな消費動向と2023年「618商戦」対策,https://news.yahoo.co.jp/articles/09ab43d28240e18d28ee736d572868fffdf62dc9,5/25(木) 9:06
netshop,【世界のマーケットプレイスまとめ】流通総額1位はタオバオ、2位はTmall、3位はAmazon。流通総額は3.25兆ドル,https://news.yahoo.co.jp/articles/ce74ba9b55defd0cfad3ccbfe468c7dfe0a27b6e,5/25(木) 8:01
netshop,ヤマト運輸、都内・神奈川・千葉の一部地域宛ての荷物に遅延の可能性（5/27～6/10）,https://news.yahoo.co.jp/articles/42e6e1b0bbf9a49178940e581882b258bdbae87e,5/25(木) 7:31
netshop,環境負荷軽減や社会課題の解決に取り組む企業に「好感を抱く」は55.3%,https://news.yahoo.co.jp/articles/77da64ae7eb40fd3d9d5b2f0d56551540c01107a,5/25(木) 7:01
netshop,「Amazonフレッシュ」の送料、購入金額1万円未満を値上げへ,https://news.yahoo.co.jp/articles/6b2f73566d51a235c185783fbcf655cce3ec0ef6,5/24(水) 8:01
netshop,アマゾンジャパン、「Amazonフレッシュ」の配送エリアを拡大,https://news.yahoo.co.jp/articles/b71a0a17b4f30ef8b2f27fc01c70af8a3058b2fe,5/24(水) 7:31
netshop,アディダスが自社ECなどにショップスタッフのコーディネート投稿機能を実装、ZOZOの専用ツール「FAANS」を導入,https://news.yahoo.co.jp/articles/1f579d30cb020aff209c429a3d0bab68c1364a55,5/23(火) 9:01
netshop,スクロール360、倉庫管理システムの「L-Spark」と「ECコネクター」の標準連携を開始,https://news.yahoo.co.jp/articles/2915e0cb0367759e71748ecff5057e4f41144c9e,5/23(火) 8:31
netshop,ハルメク、シニア女性向けに「ロボホン」の実証実験開始。シャープと共同開発した“ハルメク仕様”で顧客に貸与,https://news.yahoo.co.jp/articles/4ee09565d17d040b198a12524713c3a7179099a0,5/23(火) 7:01
netshop,2023年の通販市場は15.6兆円、EC市場は13.8兆円に拡大する見込み,https://news.yahoo.co.jp/articles/f2d2631a79c8baf0ae8355f937707f0210937c5a,5/22(月) 10:01
netshop,CRMのプロを自社で育成すべき理由とは？ 消費行動や市場の変化、ロイヤルカスタマーの育成とCRM施策の基礎を解説,https://news.yahoo.co.jp/articles/230be0b6884a6db01fb3d4bcbd268caf301e1bb5,5/22(月) 8:01
netshop,フューチャーショップ、メイキップが提供するアパレルEC向けサイズレコメンドエンジン「unisize」と連携,https://news.yahoo.co.jp/articles/4b69c1bdb8dffe3b75e9e13a599892104f907379,5/22(月) 7:01
netshop,マツキヨココカラ＆カンパニー、自社ECで最短当日配送の店舗デリバリーサービス「マツキヨココカラQ（キュー）」とは,https://news.yahoo.co.jp/articles/f7ac40e4abd5ce387655409734cc2d58ced3484b,5/19(金) 10:01
netshop,食品ECの購入で多いのは「海鮮」「冷凍食品」「レトルト・パウチ食品」。重視するのは「品ぞろえ」「土地ならではの商品」,https://news.yahoo.co.jp/articles/0ea225fc67d0e0c6b20f8e861d6bdfa905896ee1,5/19(金) 7:31
netshop,TSIホールディングスの「ナノ・ユニバース」、海外に初出店。台湾の“ららぽーと”に店舗オープン,https://news.yahoo.co.jp/articles/a38b0d65f024b59fc0f16787bf507e8a1b06cda0,5/19(金) 7:01
netshop,大丸松坂屋百貨店が始める冷凍グルメのネット通販「ラクリッチ」とは,https://news.yahoo.co.jp/articles/09535e260f36c6bfaa57c9b1e59fee5273497dd4,5/18(木) 11:31
netshop,【ミールキット利用に関する調査】注文・購入方法は「ネット（Web・アプリ）」が78.4,https://news.yahoo.co.jp/articles/711139fe3016e3b59cf7541788adf43d7442843d,5/18(木) 8:31
netshop,車中受け取りから撤退する時の判断基準＆カーブサイドピックアップで顧客満足度を高める6つのポイント,https://news.yahoo.co.jp/articles/e8a2e6f6a359e294e40eb5f0b8b5554f79bffaa0,5/18(木) 8:01
netshop,食材宅配サービス、利用経験上位は「おうちCO-OP」「コープデリ」「パルシステム」【食材宅配サービス利用に関する調査】,https://news.yahoo.co.jp/articles/a082aafda18e8b38bd829ea441d79fdab480f6a8,5/18(木) 7:31
netshop,楽天グループ、直販サービスに化粧品を販売する「楽天24 コスメ館」をオープン,https://news.yahoo.co.jp/articles/3b6503b6567b8abde029e93e9af92eb45a2b8586,5/17(水) 9:01
netshop,エイベックスのEC売上は1.3%増の128億円（2023年3月期）,https://news.yahoo.co.jp/articles/30ab24ca5dc402f4cd0c66ed2f67f69eb303d467,5/17(水) 9:01
netshop,売上1000億円めざすI-ne流“人材育成術”。優秀なダイレクトマーケターを育てるための組織作り＆陥りやすい“落とし穴”とは,https://news.yahoo.co.jp/articles/8a66d2608fc3bb4983ee538b5b4a01497b7120cc,5/17(水) 8:01
netshop,スープストックトーキョーのECがデジタルギフトに対応。住所がわからなくても冷凍スープを気軽に贈れる仕組みとは,https://news.yahoo.co.jp/articles/006a0dad891ee71fe3038ebc9fa93cd6ff73cb51,5/17(水) 7:01
netshop,ZETA、リテールメディアにおける共同事業展開に向けてジーニーと提携,https://news.yahoo.co.jp/articles/e85466c41784f775a2f309fe45abc0cd7f38a805,5/16(火) 10:01
netshop,楽天グループの国内EC流通総額は約1.4兆円で12%増【2023年1Q】,https://news.yahoo.co.jp/articles/d5d9419f6e9dc74e8ceca80e31e89bc688a0abad,5/16(火) 9:31
netshop,ヤマト運輸、宅配便の2023年度平均単価は4.7%上昇の見込み。「法人顧客に対しても、（値上げの）交渉を進めている」,https://news.yahoo.co.jp/articles/1ac5ddf348385b518c8be0a25cfc5b0c76f74924,5/16(火) 8:31
netshop,CROOZ SHOPLISTがファッション通販サイト「SHOPLIST.com by CROOZ」にサイト内広告エンジン「ZETA AD」を導入,https://news.yahoo.co.jp/articles/111baf99b4a2fe654414dd2c044c13f9d9e9f4b7,5/16(火) 8:01
netshop,産経新聞グループが始めた「メディア＋通販＋サービス」のヘルスケア事業「健活手帖」とは,https://news.yahoo.co.jp/articles/6bab32cba946b129b2f3547fc171119c6bc41cab,5/15(月) 10:01
netshop,Z世代のサブスク利用経験者は7割超。Ｘ・Y世代はECで“価格と送料”を重視【消費意識まとめ】,https://news.yahoo.co.jp/articles/c4c040eea301150667611f28a4030c88f514d6cf,5/15(月) 7:31
netshop,【Zホールディングス】eコマース取扱高4.1兆円など2022年度の実績＆LINEヤフー発足など2023年度の取り組むことや方針まとめ,https://news.yahoo.co.jp/articles/8d4921216da9c07bfbb009712fe8822dc3ff757e,5/12(金) 9:01
netshop,「2024年物流問題」の懸念、通販の配送「コスト増加」が8割以上、「商品到着の遅延」が6割以上,https://news.yahoo.co.jp/articles/13a8abca4b20878120750e5e13de9d8f9f4e0a79,5/12(金) 8:31
netshop,ユーグレナがハヤカワ五味氏をブランドマネージャーに起用したフェムケアブランド「SOLUME（ソリューム）」とは,https://news.yahoo.co.jp/articles/1c50d58c78ff82137d4317ded095a3f5f2b7c733,5/12(金) 7:01
netshop,上新電機のEC売上は755億円で0.4%減、EC化率は18.5%【2023年3月期】,https://news.yahoo.co.jp/articles/2f48d5ae2e12297d82e0ff3991096c3cfb7c99c8,5/11(木) 9:01
netshop,スクロールの「EC・通販企業」から「ダイレクトマーケティングソリューションカンパニー」への転換めざす中期経営計画,https://news.yahoo.co.jp/articles/1530948810d55b43addf82f640ad82e063067bc6,5/11(木) 8:31
netshop,アップルの後払い決済「Apple Pay Later」（Apple Payで後払い）はシェアを伸ばす？ BNPL導入効果や市況感まとめ,https://news.yahoo.co.jp/articles/4be827b6d00232908db62ac06101472a5e0460ad,5/11(木) 8:01
netshop,実店舗とECサイトの顧客情報を一元管理、「Shopify」との連携――「STORES ブランドアプリ」の特徴やめざす未来とは,https://news.yahoo.co.jp/articles/152cfaa5f691d56edd73dd44d2f40ce23b631186,5/11(木) 7:01
netshop,企業のリスキリングの実態は？ DX推進のためには管理職や中堅層のITスキル教育がポイント【調査結果まとめ】,https://news.yahoo.co.jp/articles/c30e2dbfa7f2db0e254e27e7bd108f3c162d6017,5/11(木) 7:01
netshop,【G7広島サミットの配送状況】配達の遅延が発生する見込み。ヤマト運輸、日本郵便、佐川急便の配送対応まとめ,https://news.yahoo.co.jp/articles/84e482340bc922bd98f48d379b581551c2717777,5/10(水) 10:01
netshop,ニトリの通販・EC売上高は28.3%増の921億円、EC化率は11.2％【2023年3月期】,https://news.yahoo.co.jp/articles/b4037f3ce64d79b4651c971633792cc5d09d169a,5/10(水) 9:01
netshop,物流企業のイノベーションがEC事業者、消費者、地球環境にもたらすメリットとは,https://news.yahoo.co.jp/articles/d1409259bbe6e2ba58ec28250814a6f069e93c65,5/10(水) 7:01
netshop,ロコンド社員の片瀬那奈さんがプロデュースした、段ボールがペットハウスに変身する「キャットハウス段ボール」とは,https://news.yahoo.co.jp/articles/8633b5c45b687cbf7ef8e6c89d545e095b459aa4,5/9(火) 8:31
netshop,オルビス、業界初となる無人販売店舗「ORBIS Smart Stand」をオープン,https://news.yahoo.co.jp/articles/f5201f0e942b16bcdd51943e7fd8208bee94a4f4,5/9(火) 7:31
netshop,印刷通販事業者のうち、顧客満足度が高い企業は？ 「品質」「納期」など多方面から評価【調査結果まとめ】,https://news.yahoo.co.jp/articles/4056f3e475b124459548adc05d1fe2e5ac94b98e,5/9(火) 7:01
netshop,TSIが「ナノ・ユニバース」全店舗に「LINE STAFF START」を導入,https://news.yahoo.co.jp/articles/3ddc6bb25c6f7605348d11644506f9cf6372c99d,5/8(月) 7:01
netshop,採用活動で約6割の企業がSNSを活用、使うのはTwitterが最多 【人事担当者への調査まとめ】,https://news.yahoo.co.jp/articles/96f53712266ba6c2ebd858542e10f6d494bebbb6,4/28(金) 10:01
netshop,【2023年GWの配送まとめ】ヤマト運輸、日本郵便の配送対応＆遅延可能性について,https://news.yahoo.co.jp/articles/8a49be0ff66c449c1fcdc929b9fd17f960791bb4,4/28(金) 9:31
netshop,ZOZOの配送コストが低減した理由は？「荷造運賃」の低減につながった物流対策＆定価販売と値引き抑制,https://news.yahoo.co.jp/articles/5b6f311e7ced41755240b1d4c4801d11ab6d00d7,4/28(金) 8:31
netshop,ZOZOの商品取扱高は5443億円で7%増。「Yahoo!ショッピング」店は498億円【2023年3月期】,https://news.yahoo.co.jp/articles/4ac1aa17fe6fefaebb6641e5c36ca8697e9a2414,4/28(金) 7:01
netshop,コメリのEC売上高は11.9%増の204億円（推計）、店舗受け取りの比率は8割【2023年3月期】,https://news.yahoo.co.jp/articles/7db93aba8eeb82ef98d0c12e2aa3aa59281969ce,4/27(木) 8:31
netshop,D2C企業が脱ECを進めた理由とは？ 「どこでも買える環境作り」のチャネル戦略と自社ECのコミュニティ戦略,https://news.yahoo.co.jp/articles/63e48d9f0c6bb0ecc06174a442cfd57be6f45762,4/27(木) 8:01
netshop,「ショート動画を見て商品を購入したことがある」は32.2%。購入ジャンルのトップは「食品」【ショート動画とEC調査】,https://news.yahoo.co.jp/articles/4f8c8bbd012f9ed56aac1f3ba87ffec484d4d1f6,4/27(木) 7:31
netshop,【インフルエンサーの影響力調査】 Z世代の7割「商品を購入したことがある」、参考にするSNSは「Instagram」が76%,https://news.yahoo.co.jp/articles/4ee4ca00c0e08fe8f9e35ba2976d6e2a4cda0953,4/27(木) 7:01
netshop,SEVEN BEAUTYが美容・コスメの総合公式通販サイト「セブンショップ」にEC商品検索・サイト内検索エンジン「ZETA SEARCH」を導入,https://news.yahoo.co.jp/articles/72b5ffce0130fe94444d1b78f360f9130e9634ac,4/26(水) 10:31
netshop,日本郵便が一部「荷物の付加サービス」料金を値上げ＆廃止、郵便物の特殊取扱料と国際郵便料金も料金引き上げ,https://news.yahoo.co.jp/articles/4bd67fc79e8cc85753b5d97b6ea6983899e0ee55,4/26(水) 9:01
netshop,EC売上高50億円をめざす「東京靴流通センター」のチヨダ、EC事業強化施策とは,https://news.yahoo.co.jp/articles/c27bc445f4a11d750037d7ac1c6baa251f99e182,4/26(水) 9:01
netshop,【再配達・置き配の意識調査】「再配達問題に関心あり」が94%。配送員の負荷削減に協力的な意見が多数,https://news.yahoo.co.jp/articles/21de6e843ce9a12b4dafd04f8d709154f779bd72,4/26(水) 8:31
netshop,検索動向の振り返りで痛感「顧客ニーズへ最適に応える重要性」。2023年以降のポイントは“過去データに頼りすぎない”こと,https://news.yahoo.co.jp/articles/835e698541e601991ab355811761f7c8fd1ee8b0,4/26(水) 8:01
netshop,2023年「母の日」トレンドを予測。商機はGWの「おもたせ」「手土産」需要にあり？,https://news.yahoo.co.jp/articles/da4b088abd238ddaa8f3cd9a8fc0ed8294270177,4/26(水) 7:31
netshop,ショートメッセージの配信サービス「Cuenote SMS」、双方向SMSで国内携帯キャリア4社の共通番号に対応,https://news.yahoo.co.jp/articles/00c7fe8c972592a0c1c1d40da3c85707ec786cf4,4/26(水) 6:31
netshop,ワコールが食品ECに進出、出品型ECサイト「WACOAL SPOON」で厳選した商品を販売,https://news.yahoo.co.jp/articles/af44c585903e50d10f2751840f4ee10fe43bf525,4/25(火) 7:31
netshop,ヤフー、「Yahoo!ショッピング」内の低価格・割引率が高い商品を集めた企画「トクプラ」を終了,https://news.yahoo.co.jp/articles/b98ed79011ea1c50920f52d2f9354e75ce6fbb72,4/24(月) 9:01
netshop,日本テレビHDがフラッシュセールECのla belle vieを買収、通販・ECなどの物販事業を強化,https://news.yahoo.co.jp/articles/a6b9eae0eebff56fc8cca643f1f55727f237bc3a,4/24(月) 8:31
netshop,SDGsをやったら儲かりますか？「人」「時間」「お金」がない企業が知っておくべき事例＋やるべき理由＋すぐできる取り組み,https://news.yahoo.co.jp/articles/a14b4c385231abef7bef77e4dc521eb1cbdef7db,4/24(月) 7:31
netshop,ECサイト利用者の約8割が「購入目的なくてもECサイトを訪問」,https://news.yahoo.co.jp/articles/047ef011ebc48b5b56e508a7ab7558346d9d7e19,4/24(月) 7:01
netshop,国内ユニクロのEC売上は9.7%増の794億円【2023年度中間期】,https://news.yahoo.co.jp/articles/b0f5d014b40a6adbd519684012927ba33e4d352f,4/21(金) 9:01
netshop,ジャパネットたかたグループの連結売上は前期比1.1%減の2487億円【2022年12月期】,https://news.yahoo.co.jp/articles/04adc6c75c2229d47fc5937ade802b45b31c8e57,4/21(金) 8:31
netshop,「楽天24」の物流センターが東京都八王子市で稼働開始。関東地方の中心拠点として新設,https://news.yahoo.co.jp/articles/c2e3a1ad22d27a3a0f2f7fe549ecc7c896838481,4/21(金) 7:31
netshop,大王グループ、紙と印刷の法人向け通販サイトを開設。ビジネス・販促用途の紙製品を受注、将来的にはWeb制作まで,https://news.yahoo.co.jp/articles/79b4667379538496ab958f729aae6de7a5c8a93e,4/21(金) 7:01
netshop,「無印良品」の良品計画がEC注文の店舗受け取りサービスを拡充、対象商品は9割以上,https://news.yahoo.co.jp/articles/35589d713d246ecd0e2f4773165205bb8ca323c9,4/20(木) 10:01
netshop,EC売上1000億円めざすライフコーポレーション、2023年2月期売上は48%増の142億円,https://news.yahoo.co.jp/articles/b96975948ebed294dcf1b0c5d78837dbdae9f39e,4/20(木) 9:01
netshop,ヤマト運輸、配送先住所変更（転送）は運賃収受へ。「宅急便転居転送サービス」の新規申し込みは終了,https://news.yahoo.co.jp/articles/67da621897cc16b064a1045eb89f3268a8cc6b4b,4/20(木) 8:31
netshop,サステナブルで顧客の心をつかむ「商品開発」「物流」「事業戦略」を米国のDtoCブランドに学ぶ,https://news.yahoo.co.jp/articles/d6106f0d4fd5fde666cc16db95449f7a65794b3c,4/20(木) 8:01
netshop,シャディ、D2Cサービスを集めたカタログギフトを自社ECで販売。20～30代の利用拡大を狙う,https://news.yahoo.co.jp/articles/98e58cd3e03250d52c3fc573f2ba16d30119f23d,4/20(木) 7:31
netshop,ヤマト運輸が一部配送区間で配送体制を見直し、荷物のお届け「翌日」から「翌々日」に,https://news.yahoo.co.jp/articles/55f8e6d3352d90d828069ff39ba592f7dede09d3,4/19(水) 9:01
netshop,【Z世代調査】「効率的でないことにストレスを感じる」が6割、クレカ利用で半数以上「リアルタイムに利用を把握したい」,https://news.yahoo.co.jp/articles/1cfa887464c300c117c26c820ee827ec20d08cb5,4/19(水) 8:31
netshop,ヤフー、「Yahoo!ショッピング」の一部付与特典を「PayPayポイント」から「ヤフーショッピング商品券」へ切り替えへ,https://news.yahoo.co.jp/articles/593f1302ed9d67fa8077cc707cb9594cfe1ffec0,4/19(水) 8:01
netshop,「ECの利用経験あり」は85%。実店舗と使い分ける理由、ECでの購入に安心感を与えるポイントとは？【調査まとめ】,https://news.yahoo.co.jp/articles/579c6078a9c4748a4c3a8043aa29493b9f465acc,4/19(水) 7:31
netshop,【2022年度】健康食品の市場規模は1%増の8925億円、機能性表示食品市場は11%増の4692億円の見込み,https://news.yahoo.co.jp/articles/50a0625d9cbcc46320d03ad83346be96a8538383,4/18(火) 9:01
netshop,BASEがネットショップ作成サービス利用者向けに提供する後払い決済サービス「あと払い（Pay ID）」とは？,https://news.yahoo.co.jp/articles/a6ffaffa72b2ca3ad169ae538577cd660f054163,4/18(火) 8:01
netshop,健康食品・サプリの購入で半数以上が「失敗経験あり」。その理由と、購入前の不安を減らす手法とは？【消費者調査まとめ】,https://news.yahoo.co.jp/articles/5bff31234c395bb532b0f5e259dad7a9c567384a,4/18(火) 7:31
netshop,松屋フーズ、EC売上37億円のノウハウで食品のネット通販拡大をサポートする支援サービス「ブチアゲ！」とは,https://news.yahoo.co.jp/articles/12abd09f9107259ffcc96b2874f8e75011262b6d,4/18(火) 7:01
netshop,2023年GWのお出かけトレンドは「グルメ満喫旅」「お手軽アウトドア」など。特集ページを「楽天市場」に開設,https://news.yahoo.co.jp/articles/f46acc61a7a1d673b97eac2715f7bf382f896756,4/17(月) 8:31
netshop,セブン＆アイ子会社のEC売上は軒並み前年割れ,https://news.yahoo.co.jp/articles/6cd2dbee1affe8b83efd3cf5b0ae794d3a50784e,4/14(金) 8:41
netshop,池部楽器店のECが「店舗受取サービス」開始。4店舗でスタート、対応店は順次拡大,https://news.yahoo.co.jp/articles/ee3107ea577c28a538d248c9d581764da7e9cfbc,4/14(金) 7:01
netshop,ネットショップ支援室の「楽楽B2B」が在庫管理システム「商蔵奉行クラウド」とAPI連携。出荷指示やデータ登録を自動で反映,https://news.yahoo.co.jp/articles/fc4fcf26e8484ee17485d83674fdd0f9eee4f8cf,4/13(木) 11:11
netshop,「試してから買う」でEC購入に安心感を。サマンサタバサが通販サイトで始めた新たな買い物体験とは？,https://news.yahoo.co.jp/articles/ef286bd0ba2955777188495d690732fdfafa917e,4/13(木) 9:31
netshop,シニア世代のネットショッピング利用率は91%、 ECで“つまずく”ポイントは「会員登録」「決済」,https://news.yahoo.co.jp/articles/f8ba3796f097246a4277b792e7e086380d0ce1fb,4/13(木) 9:01
netshop,景表法違反（優良誤認）で大幸薬品に6億円の課徴金納付命令、何が問題だった？,https://news.yahoo.co.jp/articles/6e105127dee7c5a5c802dc6640502ee2e4d9b336,4/13(木) 8:01
netshop,利益を伸ばすにはどうすればいい？ 収益改善3つのポイント&業種業態別の原価率・営業利益率など調査まとめ,https://news.yahoo.co.jp/articles/0fd2bceade52c53f8bb2359245131421c2ae6fd5,4/13(木) 8:01
netshop,EC事業者らが評価するアワード「ネットショップグランプリ」受賞5店舗に学ぶ支持されるサイト作りのコツとは,https://news.yahoo.co.jp/articles/0efb97b361d939a2548ea7bf3b55d1e38c99d267,4/13(木) 7:01
netshop,ユニクロが力を入れる「リペア」「リサイクル」の新しいカスタマーサービス「RE.UNIQLO STUDIO」とは,https://news.yahoo.co.jp/articles/c753b48c2ee2b0bbfd20d9cfadd47819f4bba54d,4/12(水) 9:01
netshop,消費者庁のステマ規制、「PR明記ルール」の認知は7割、規制強化を評価は6割,https://news.yahoo.co.jp/articles/c1a132de307cc9be246a813da62d7fe8ebb0417e,4/12(水) 8:31
netshop,なぜその商品・店舗が選ばれるのか？ EC事業改善に役立つ市場調査とユーザーレビューの確認ポイントとは,https://news.yahoo.co.jp/articles/0b5f49dc3562b8f731c63f191084a8ac524d0eb2,4/12(水) 8:01
netshop,ヤフーの「Yahoo!ショッピング」、標準より遅い届け日指定でPayPayポイントを付与する「おトク指定便」を全ストアに展開,https://news.yahoo.co.jp/articles/6bb27c6bb9691cff34a869ab1530c4a31d0b9bb3,4/12(水) 6:31
netshop,アダストリアのEC売上高は約9%増の626億円、EC化率は28.7%【2023年2月期】,https://news.yahoo.co.jp/articles/daaed8f381979251161cd5257063f8cf712f627a,4/11(火) 9:01
netshop,「ジーユー」ブランドを愛する“ジーユーマニア”が集まるコミュニティ「GU MANIA」の募集をスタート,https://news.yahoo.co.jp/articles/269a5ed7af93c0b163bfc5edda49e67a633da8fc,4/11(火) 8:31
netshop,クレカ不正利用の被害額は436億円、ECなど非対面取引の番号登用被害は411億円,https://news.yahoo.co.jp/articles/6d44b7ba6cabd5f58453055fb07d4586db6e34d5,4/11(火) 8:01
netshop,近鉄百貨店、役務サービスのECサイト「近鉄文化サロン」を刷新,https://news.yahoo.co.jp/articles/96699989df81d4d2ec21510a8a4bbd2838ae0292,4/10(月) 10:01
netshop,ラオックスHDがバーニーズジャパンを買収、セブン＆アイHDから全株式取得,https://news.yahoo.co.jp/articles/227a7c56e74a8133bf6cf5f497196517c1df5bdb,4/10(月) 9:01
netshop,コロナ特需一巡後も月次売上は約2倍。MOON-X子会社のベビー&マタニティブランド「kert」に聞く好調のワケ,https://news.yahoo.co.jp/articles/8a539e90b88662884ebfd350440581435d87b102,4/10(月) 8:01
netshop,アシックスが自社ECサイトでUGCコンテンツ掲載を開始。新規顧客の獲得、ファン作りなどを狙う,https://news.yahoo.co.jp/articles/24bb2af811832e8af0d65d39617f005f3ea31e4c,4/10(月) 7:31
netshop,アダストリアは“人”への投資に注力、平均6%の賃上げを実施へ,https://news.yahoo.co.jp/articles/4efbf733fe951211ecc1ffe2926d14c20a27cb72,4/7(金) 8:31
netshop,「fracora」の協和、ビタミンCを用いたブライトニングケア化粧品を取扱開始。夏向けの軽やかなテクスチャーも追求,https://news.yahoo.co.jp/articles/1338f45fddb4cee8b86cdc39a40f387714f5815b,4/7(金) 8:31
netshop,イオンの新ネットスーパー「Green Beans（グリーンビーンズ）」とは,https://news.yahoo.co.jp/articles/c4d31a473f0ca04ee3d1ce87d70312de01d79c06,4/7(金) 8:01
netshop,住宅リモート手当5万円、交通費上限15万円、ハイブリッド型勤務――などZOZOが手当や働き方をアップデートした内容とは,https://news.yahoo.co.jp/articles/957c64964c6ba9e5432deedda2c827879e049c84,4/7(金) 7:01
