media_en,media_jp,title_articles,link_articles,date_original
rkbv,RKB毎日放送,判決文を偽造か　福岡県弁護士会所属の弁護士の男（34）を逮捕　有印公文書偽造などの疑い,https://news.yahoo.co.jp/articles/4861d6847981b18248ee2ba405f371a40f4c32ab,9/5(木) 12:28
rkbv,RKB毎日放送,福岡市の小学校　水泳授業を民間委託へ　来年度から順次実施,https://news.yahoo.co.jp/articles/d54002387e0b06536f3d0fb66b5eeda27adf036a,9/5(木) 12:16
rkbv,RKB毎日放送,「自宅で襲われた」30代の元妻に暴行を加え性交等をしてけがをさせた疑い　41歳会社員の男を逮捕　容疑を一部否認,https://news.yahoo.co.jp/articles/d13ef65650253b47b67aedc738579c6a11d8745f,9/5(木) 12:06
rkbv,RKB毎日放送,ニセ電話詐欺でだまし取ったカードで170万円引き出す 無職の男逮捕,https://news.yahoo.co.jp/articles/6e14789e36f083cff94254ec3c201939c9f2aa8e,9/5(木) 0:08
rkbv,RKB毎日放送,「抜けていると思った」酒気帯び運転の疑いで男逮捕,https://news.yahoo.co.jp/articles/9c5d0124ac5d1d05cb7254a4e4038036f9ff8477,9/4(水) 22:02
rkbv,RKB毎日放送,「トイレに血が・・・」辻希美さんも発症を告白　夏にリスクが高まる膀胱炎　専門家「水分補給・トイレ・睡眠を」,https://news.yahoo.co.jp/articles/bf0fe19ed2f8ca5a950bf5ca37e7023ae4b75532,9/4(水) 19:39
rkbv,RKB毎日放送,「最後の一瞬まで戦う」国民スポーツ大会　福岡県選手団結団式,https://news.yahoo.co.jp/articles/05d3655ee3494298490244681f1008ff6f0b4f8b,9/4(水) 19:06
rkbv,RKB毎日放送,早くも「おせち商戦」スタート　西日本一早いおせち売り場の老舗百貨店　売れ筋は4人前で3万円,https://news.yahoo.co.jp/articles/2ae9f7e0cc7c4a7e2fc86caff38b4e60666801eb,9/4(水) 18:49
rkbv,RKB毎日放送,倉庫ガラガラ　「新米の取り合いに」　気になる新米の価格も値上がり,https://news.yahoo.co.jp/articles/2bcbcb666ef1cdbc55cdeb8c975ee9759bbe9ecd,9/4(水) 18:28
rkbv,RKB毎日放送,「命の尊さを学んでいる」農業高校生が和牛「けんじ」と目指す「和牛甲子園で日本一」,https://news.yahoo.co.jp/articles/8382a4566b1585fe2004fbe1a50e1369cd8c72d1,9/4(水) 18:21
rkbv,RKB毎日放送,「トクリュウ」グループ新たに男1人逮捕　不正入手したクレジットカード使った詐欺事件に関与か,https://news.yahoo.co.jp/articles/0f370528dbd7fd6c9f3db145ca03421fa20bb687,9/4(水) 18:11
rkbv,RKB毎日放送,コメ不足いつまで　例年の1.5倍の価格でもとぶように売れる新米,https://news.yahoo.co.jp/articles/06ce793d35e656cff5b50778f4b2a0c36400a95a,9/4(水) 17:39
rkbv,RKB毎日放送,【2024年版】博多の三大祭 筥崎宮「放生会（ほうじょうや）」の楽しみ方,https://news.yahoo.co.jp/articles/684c8b0e78a811f4f57cc217bcf439289f2ac9d0,9/4(水) 17:39
rkbv,RKB毎日放送,部活動で上級生からいじめ　自殺した男子生徒の遺族と上級生1人が和解　わいせつ行為への加担認め謝罪　上級生3人は棄却求め係争中,https://news.yahoo.co.jp/articles/7bfb854ea0cae586f2c7e423b797935b6eb6ec31,9/4(水) 16:24
rkbv,RKB毎日放送,「生活費の足しにした」都市高速の通行料金約5万9000円を着服　料金収受員を解雇,https://news.yahoo.co.jp/articles/969406711502eda1c0f921905ff1cbfb7a59f523,9/4(水) 15:46
rkbv,RKB毎日放送,「弁解することはありません」酒を飲んで軽乗用車を運転した疑い　会社員の男（59）を逮捕,https://news.yahoo.co.jp/articles/71583604b769768ce31f9adf3f862c476c0ac377,9/4(水) 15:26
rkbv,RKB毎日放送,関東地方、大雨の後は猛暑が復活　原因は、夏の高気圧と秋の高気圧の勢力争いだった,https://news.yahoo.co.jp/articles/3f47959ceff631107c7863f9fe676c1c52c19a7e,9/4(水) 15:16
rkbv,RKB毎日放送,【台風情報】今週末、沖縄付近に「熱帯じょう乱」発生か　台風11号はラオスへ,https://news.yahoo.co.jp/articles/a5cddd9360d5ad8371ec79fa8d23b7cf5658b0e4,9/4(水) 14:48
rkbv,RKB毎日放送,旧門司駅遺構の“取り壊し”にイコモス本部がヘリテージアラート発出「文化遺産を北九州市が軽視」,https://news.yahoo.co.jp/articles/24023d14d7d7d7c047ab1a54be40fd24495adb7c,9/4(水) 14:32
rkbv,RKB毎日放送,軍用機の領空侵犯…北京を訪問した日中友好議員連盟に中国はどう説明?,https://news.yahoo.co.jp/articles/b2bab97f69689aff0a0a54284a3ee72b1634c691,9/4(水) 13:53
rkbv,RKB毎日放送,太陽光発電所への発砲事件は家族3人の犯行か　土木建設業の男と妻、父親を逮捕　暴力団関係者の関与も視野　福岡・川崎町,https://news.yahoo.co.jp/articles/328c56186271e0b12c3eaa05d9f5db2356239c93,9/4(水) 13:43
rkbv,RKB毎日放送,育休取得者の同僚に手当　九州電力が制度を創設　「カバーする負担を減らし皆で出産・育児を喜びたい」,https://news.yahoo.co.jp/articles/88dfc30f1d7b10092ad4c2b6800e21f8f8b86cfd,9/4(水) 13:34
rkbv,RKB毎日放送,「コメ不足の話を聞きますけれども・・・多くのお米が収穫できたら」深刻なコメ不足の中、五穀豊穣を願う神事,https://news.yahoo.co.jp/articles/fb76efa9a9907d6113ffa695a9a4e99913142b87,9/4(水) 12:36
rkbv,RKB毎日放送,佐賀県立大学　開学は2029年4月　JR佐賀駅から徒歩圏内に,https://news.yahoo.co.jp/articles/9c1e1233714b4a65d274eddfe65a8fbbb3987696,9/4(水) 12:32
rkbv,RKB毎日放送,信号青でも発進せず蛇行運転・・・酒気帯び運転の疑いで自称アルバイトの男を逮捕「体から抜けたと思っていた」,https://news.yahoo.co.jp/articles/7791ea7e6e65d61643dfffe326fe45c8979800d4,9/4(水) 10:41
rkbv,RKB毎日放送,「停車した後に飲酒しました」車内に酒類はなく…酒気帯び運転の疑いで自称自営業の男を逮捕,https://news.yahoo.co.jp/articles/4c235fcdd9a76d52e958392c336ef2f7327bcf0d,9/4(水) 10:17
rkbv,RKB毎日放送,「電工」と「左官」で技能五輪出場の2人　知事を表敬　10日からフランス・リヨンで開催,https://news.yahoo.co.jp/articles/51277e86acecf9af82ce33e1837d7a9118804a0e,9/4(水) 6:43
rkbv,RKB毎日放送,ホテルの客室でマッチングアプリで知り合った女性のクレジットカード3枚を盗んだ疑い　韓国籍の男を逮捕「彼女からもらった」と否認,https://news.yahoo.co.jp/articles/66ac2ec910823efd11f32f75eb1ace654bca3a94,9/4(水) 5:39
rkbv,RKB毎日放送,運転手不足問題　人材確保へ　バス・タクシー・トラック業界が合同企業説明会,https://news.yahoo.co.jp/articles/d093b0a79711774358599fa40dae82166946b6ec,9/3(火) 23:53
rkbv,RKB毎日放送,フィリピン拠点に特殊詐欺など関与「JPドラゴン」メンバーの男　払出盗疑いで5回目の逮捕　”3億円”を国外に持ち出しか,https://news.yahoo.co.jp/articles/710138b5ff800597f074b5fad62a5a75c4c32389,9/3(火) 18:54
rkbv,RKB毎日放送,キャナルシティ博多の貴金属で窃盗疑いの男の捜査終結　23件の窃盗事件に関与か　立件された8事件の被害総額は”5300万円”,https://news.yahoo.co.jp/articles/e65be567d49404c623e42337d9fba679c73ba6ee,9/3(火) 18:47
rkbv,RKB毎日放送,【SNS型投資詐欺】70代の男性が約1億8000万円だまし取られる　架空の投資サイトで利益が出ている表示を見て信用,https://news.yahoo.co.jp/articles/8a9c7e0c1089c9c4efb1d74c63f75e1d66317e3d,9/3(火) 18:44
rkbv,RKB毎日放送,復興進まぬ能登半島地震　福岡の志賀海神社が能登・志賀町に義援金,https://news.yahoo.co.jp/articles/4d9e9eb840f6a575c586a32c475ac102239b733e,9/3(火) 18:36
rkbv,RKB毎日放送,浸水など隠ぺいの「クイーンビートル」　第三者委設置し真相解明へ　運航再開のめどは立たないまま,https://news.yahoo.co.jp/articles/7a3a0f39fd3d4388d34643766919a8764985fcd0,9/3(火) 18:28
rkbv,RKB毎日放送,酒を飲んだ様子で車に乗る男目撃→警察通報→周辺で車発見→呼気からアルコール検出　酒気帯び運転疑い66歳男を現行犯逮捕,https://news.yahoo.co.jp/articles/8f619e68b26f416d8f9661ace59114d8ed684fb1,9/3(火) 18:09
rkbv,RKB毎日放送,「クールでかっこいい」「ホークスを感じられて良い」ホークスコラボのローソン　リニューアルオープン,https://news.yahoo.co.jp/articles/c76e3523a9d4e58769e50fc6c97e20a5c14ec028,9/3(火) 17:21
rkbv,RKB毎日放送,「全ての表現の奥にはバイブレーションがある」インディーズ映画の巨匠が念願の映画化　安部公房の代表作『箱男』,https://news.yahoo.co.jp/articles/f798797c871fa8491958f4b91e3fe0bf6714b97b,9/3(火) 17:02
rkbv,RKB毎日放送,むし歯治療後”容体急変”2歳女児死亡　民事裁判で両親と歯科医らの和解成立　刑事裁判では有罪判決受けた元院長が上告中,https://news.yahoo.co.jp/articles/4e28d0ebccda321737aa459bf206f1602dcc7dd3,9/3(火) 16:38
rkbv,RKB毎日放送,松尾潔「兄弟が組んだときの化学反応を誰よりも知っている」Oasis再結成,https://news.yahoo.co.jp/articles/2489a685a64dd11f998e55d0633b236a60a19eb5,9/3(火) 15:39
rkbv,RKB毎日放送,洋上風力発電　25基の風車建設へ　国と北九州市・事業者が協定締結,https://news.yahoo.co.jp/articles/34715ca6de5ad5a5fa0888c12850a2e1a384b69c,9/3(火) 15:37
rkbv,RKB毎日放送,日本の南海上に台風のたまごが続々　たまごの元”熱帯じょう乱”も　9月の台風はさらに危険!,https://news.yahoo.co.jp/articles/ba2a42727840710e5dc68c024a4af03b543e27e1,9/3(火) 14:57
rkbv,RKB毎日放送,交差点の先頭に青信号でも動かない車→「腕を組んだまま起きない」通報→呼気からアルコール検出　逮捕の32歳男は容疑否認,https://news.yahoo.co.jp/articles/7eca370910a19c7ddf541b649969a14f2663aff4,9/3(火) 14:36
rkbv,RKB毎日放送,「仕事を押しつけて、誰も助けてくれない…」大学職員の男性（55）が過労自殺　裁判で和解成立　大学が遺族に解決金5800万円,https://news.yahoo.co.jp/articles/d042e10ae06a2621077da9287797d45edf73d435,9/3(火) 14:06
rkbv,RKB毎日放送,【不起訴】消防格納庫から盗まれた発電機を盗品と知りながら売却疑いの24歳女性　夫の元消防団員は窃盗などの罪で起訴,https://news.yahoo.co.jp/articles/79030264144ec62e3a23c02f3c7fb7fc011a01e6,9/3(火) 14:01
rkbv,RKB毎日放送,”球速150キロ超”元ドラ1投手は今・・・　地元で営業マン＆少年野球チーム監督の二刀流　「佐賀からメジャーリーガーを」,https://news.yahoo.co.jp/articles/7e31fa6019ea0ce6c049a49682142d9409658361,9/3(火) 13:49
rkbv,RKB毎日放送,国際会議等で訪れた人たちをおもてなし　マリンメッセにパブリックアートお披露目　イメージは”美しく、成長していく街”,https://news.yahoo.co.jp/articles/1390b9bafd61b9b1e8ccd544d23b54f190fbd3f8,9/3(火) 12:21
rkbv,RKB毎日放送,「おにぎりにして食べたい」　児童たちが鎌を手に稲刈り体験　北九州・門司区,https://news.yahoo.co.jp/articles/5b046f07dd3edc80281a36c14e527fa3473f59fb,9/3(火) 12:13
rkbv,RKB毎日放送,「毎日死ぬ思いで生活してます」2024年夏　猛暑と災害が暮らしを直撃,https://news.yahoo.co.jp/articles/677bf179f5996a9d7af4f80bf17accc4e8e2f3f6,9/3(火) 11:51
rkbv,RKB毎日放送,男子大学生にライターの火をあて現金奪ったか　被告の男は「していません」強盗傷人罪について無罪主張,https://news.yahoo.co.jp/articles/e7831f437518f39189e6bb04a59abbe4dae8af57,9/3(火) 8:04
rkbv,RKB毎日放送,「体にお酒が残っているとは思わなかった」酒を飲んで軽トラ運転か　57歳の男逮捕,https://news.yahoo.co.jp/articles/f08ccc98a9c0dbda1b5e57a3b62daa3a80471adc,9/3(火) 7:17
rkbv,RKB毎日放送,災害時の広域連携確認　九州・沖縄の市長らが意見交換,https://news.yahoo.co.jp/articles/c1e2d58b39db77699876a231592f80cb6d5fc8b5,9/2(月) 23:59
rkbv,RKB毎日放送,福岡城天守閣の「復元」議論　事務局が福岡市に発掘調査や資料収集を要望,https://news.yahoo.co.jp/articles/9a37fa2a29ab855d2a8aa0d21979401ab37b26b2,9/2(月) 23:57
rkbv,RKB毎日放送,男子高校生に顔面を殴る・たばこの火を押しつける等の暴行を加えけがをさせ現金奪った疑い　15～17歳の少年少女4人を逮捕,https://news.yahoo.co.jp/articles/26cf37856556308b6aed23e17d928ff43ce0fd8d,9/2(月) 18:58
rkbv,RKB毎日放送,「この国で生きる当事者に未来の選択肢をください」同性婚訴訟・福岡高裁12月に判決,https://news.yahoo.co.jp/articles/419f05c7bcedee71151429e6b265c11604bb0688,9/2(月) 18:18
rkbv,RKB毎日放送,架空の暗号資産運用サイトで約20％の利益→元本・利益を115万円出金→信用して入金し現金2055万円だまし取られる,https://news.yahoo.co.jp/articles/ffdc65eab5094996550bbc1a02cb95823f14cefc,9/2(月) 18:08
rkbv,RKB毎日放送,衆院選・立候補予定者は今・・・　W党首選の結果→風向きの変化に神経尖らす　大激戦続く「福岡2区」,https://news.yahoo.co.jp/articles/541bb2de31eea3df8a056d9384355618baaf5851,9/2(月) 17:58
rkbv,RKB毎日放送,5年間で60人が病気休暇・休職で第三者委員会設置へ　副市長のパワハラ指摘の声も市長は「熱心にやっている」福岡・大野城市,https://news.yahoo.co.jp/articles/03e111e1472b6a6b20b1db8e0eee7338303b166d,9/2(月) 17:36
rkbv,RKB毎日放送,「棚が寂しい　台風前に買っておけばよかった」 台風抜けても続く余波　物流ストップで品薄,https://news.yahoo.co.jp/articles/7a1031abf189bca1e965625e22c352aa37047bfb,9/2(月) 17:06
rkbv,RKB毎日放送,男子大学生の性器に火をあててやけどをさせ現金を奪ったなどの罪に問われた中国籍の会社役員初公判　起訴内容を否認,https://news.yahoo.co.jp/articles/c7629fd19a6344e12f28babb3ab9ca1ef2efc2c9,9/2(月) 16:13
rkbv,RKB毎日放送,15歳少女が運転し15歳少年が同乗のバイクが民家の石垣に衝突　共に大けがも命に別状無し　パトカーの追跡中の事故,https://news.yahoo.co.jp/articles/9a565955f2a46d5df59d6fe51ac25d5585324195,9/2(月) 15:22
rkbv,RKB毎日放送,ノロノロ台風10号　低気圧に変わっても変わらない2つの危険　関東甲信・東北・北海道で雨が続くおそれ,https://news.yahoo.co.jp/articles/52497af17cc9bcc38c25a22b40e20ad1e06b42bd,9/2(月) 15:06
rkbv,RKB毎日放送,「一番苦しくなる場所に凱旋門　パワーもらえるはず」　プロポーズされた思い出の地・パリでパラリンピック連覇へ!　東京パラ金メダリスト　道下美里選手（47）,https://news.yahoo.co.jp/articles/9c23cc5012700dbbcb9be1e9654a735ad1b1e66f,9/2(月) 14:02
rkbv,RKB毎日放送,観光列車「SL人吉」北九州市の車両センターで最後の見学会　車体老朽化で今年3月に引退　今後は熊本県人吉市に無償譲渡,https://news.yahoo.co.jp/articles/ce328ca4de541d267839482a0caaf5b4dc5e2410,9/2(月) 12:02
rkbv,RKB毎日放送,「大変申し訳なく思っている」市長が謝罪　”台風10号接近で暴風警報発表中に児童・生徒を登校→すぐ下校”問題　福岡市,https://news.yahoo.co.jp/articles/c8c4bc98d4d97a58b039318e5230b8b7844a79e3,9/2(月) 11:26
rkbv,RKB毎日放送,“日本一危険な断層”「警固断層」を再調査　能登半島・日向灘地震などを受け　福岡県,https://news.yahoo.co.jp/articles/d65554343db1eb5b672714061598cccedeab8b35,9/2(月) 11:08
rkbv,RKB毎日放送,こけら落としはMISIAさんのコンサート　来年3月開館予定の「福岡市民ホール」,https://news.yahoo.co.jp/articles/d54f97253f3f31a2a803e5a8ebb0fc8ed60e9974,9/2(月) 10:14
rkbv,RKB毎日放送,背中を「トントン」とたたかれた女性（60代）　振り返るとサルが!　住宅街で女性がサルに襲われ軽傷負う,https://news.yahoo.co.jp/articles/0d506c8a8ce8af68aa14100ffd848f1aa4ba96c0,9/1(日) 19:46
rkbv,RKB毎日放送,地元の食材を使った料理を提供「地域食堂」が福岡県大木町にオープン　幅広い世代が集まる交流の場に,https://news.yahoo.co.jp/articles/3c937e2f3195969de0020d1631e9cfeec3fb41d4,9/1(日) 19:06
rkbv,RKB毎日放送,佐賀市のスーパーに車が突っ込む　けが人なし　運転手が駐車時にアクセルとブレーキを踏み間違えたか　警察が事故原因を捜査,https://news.yahoo.co.jp/articles/06c4163dcdae14ab1e5816cb344cf99f061ddae0,9/1(日) 17:36
rkbv,RKB毎日放送,若い親子連れにも防災についての学びを　楽しめる体験型イベント「防災フェスタ」,https://news.yahoo.co.jp/articles/07d0d9a327639a4a0eb2c210e87859072a6d137b,9/1(日) 14:36
rkbv,RKB毎日放送,全国大会へつながる九州六大学野球開幕　優勝チームのみが九州大学野球選手権へ出場へ,https://news.yahoo.co.jp/articles/14a51001554bd4af8709bcfe97d9c4ce140fc7d5,9/1(日) 12:14
rkbv,RKB毎日放送,基準値の約6倍超のアルコール検出　31歳自称会社員の男を酒気帯び運転の疑いで逮捕,https://news.yahoo.co.jp/articles/b3bba918ea9afcfc6230b3b97830fecadf8be0c8,9/1(日) 7:57
rkbv,RKB毎日放送,「2人の将来のため」「絶対儲かる」は詐欺を疑って!　SNS型投資・ロマンス詐欺の被害額43億円超　福岡県警,https://news.yahoo.co.jp/articles/284a61b1f31bb70d44d5fdbb80913de6dabb8f37,9/1(日) 7:06
rkbv,RKB毎日放送,博多人形や久留米絣の新作も　福岡県の伝統工芸品を一堂に展示,https://news.yahoo.co.jp/articles/dfa88c78fe9ccc3cae5fdf03b3b5ffa05ba9fa27,8/31(土) 16:21
rkbv,RKB毎日放送,「自宅で焼酎の水割りを4～5杯飲みました」無職の男（69）を酒気帯び運転の疑いで現行犯逮捕　直前にブロック塀に衝突,https://news.yahoo.co.jp/articles/da5e56351ae208bdb8f0b0b1ff03c001db8c1fc8,8/31(土) 15:26
rkbv,RKB毎日放送,健やかな成長祈り赤ちゃんの土俵入り　飯盛神社で「風止祭」,https://news.yahoo.co.jp/articles/66a616cd363c6bf86525d06cea69e7bc4940db7f,8/31(土) 12:26
rkbv,RKB毎日放送,「父が川に流されたかもしれない」84歳男性死亡　台風の影響で川は流れが速く増水,https://news.yahoo.co.jp/articles/8cdb5fd203d92bcfe2ae8848b6303c1c79413912,8/31(土) 12:22
rkbv,RKB毎日放送,緊急走行中の警察車両と軽乗用車が交差点で衝突　軽乗用車の運転手女性が軽傷,https://news.yahoo.co.jp/articles/02d1e340791940885688e839792604c77fc565d2,8/31(土) 10:28
rkbv,RKB毎日放送,道路標識を支える柱に衝突　大型トラックの前面が破損　運転手の男性は重体,https://news.yahoo.co.jp/articles/cbacb6e1c0f02c85a58e64ddd6841e68427c6779,8/31(土) 6:36
rkbv,RKB毎日放送,「性行為の動画を職場に送るよ」18歳女性にメッセージ送信し面会などを要求か　強要未遂容疑で男逮捕,https://news.yahoo.co.jp/articles/ea129d3cdada5b1fbb11f30e332899e50d46d1b4,8/31(土) 3:46
rkbv,RKB毎日放送,「父の姿が見えず川に流されているかも」約200メートル下流で浮いていた男性の死亡確認　台風の影響で川は流れが速く増水か,https://news.yahoo.co.jp/articles/5ca8599866f7e0aad9942ffaefd5c3b356dd819c,8/31(土) 2:46
rkbv,RKB毎日放送,北九州市の指定有形文化財「旧高崎家住宅」の白壁が剥がれ落ちる　台風の雨と風の影響か　けが人なし,https://news.yahoo.co.jp/articles/0509b51f6d0f6e9fc40dad2cc33bbbb46fb33fab,8/30(金) 22:06
rkbv,RKB毎日放送,「なんか起こしたら組に連れて行ってぼてくりまわして…」暴力団であることを示して女性を脅迫したか　組長の男（52）逮捕,https://news.yahoo.co.jp/articles/952d8b12852fecc7b862fa78c451787888ae9f24,8/30(金) 20:57
rkbv,RKB毎日放送,”148時間を超える時間外労働”と”パワハラ”　24歳の男性は教師になって半年で自殺した　母「原因究明と謝罪を」,https://news.yahoo.co.jp/articles/7d34fc5ee184e60569e9a7370aadf3ab1ad9de24,8/30(金) 19:32
rkbv,RKB毎日放送,【台風10号　交通機関の運行状況】　新幹線・在来線・バス・飛行機・高速道路,https://news.yahoo.co.jp/articles/588dfa9b92db003b0ed5657440a2a1efe616e172,8/30(金) 18:43
rkbv,RKB毎日放送,「暴風警報下で登校」判断の遅れ認めた福岡市教委　北九州市は「強風域に入る見込み」が休校基準　分かれた対応,https://news.yahoo.co.jp/articles/427521a819b626049942862f53a96ea7d372a666,8/30(金) 18:36
rkbv,RKB毎日放送,ごみにカラス　台風10号で露呈した「判断と伝達」の難しさ,https://news.yahoo.co.jp/articles/ccbefd1fbd3380647a91d41c4e459f896529c38c,8/30(金) 17:58
rkbv,RKB毎日放送,ジョギング並みのノロノロ台風10号　なぜ強風域がこんなに広大?,https://news.yahoo.co.jp/articles/b4b9fe6318c48d9b91f23b67b3c00f76de861e7d,8/30(金) 16:21
rkbv,RKB毎日放送,浅い溝の中に倒れていた女性がその場で死亡確認　台風の風や雨が影響した可能性も　警察がいきさつを捜査,https://news.yahoo.co.jp/articles/25a129d78498f36fb191f81ceffe4b9398591f2f,8/30(金) 15:43
rkbv,RKB毎日放送,証言台の特攻隊長　捕虜の扱い「国際法は知らず」処刑は前にも～28歳の青年はなぜ戦争犯罪人となったのか【連載：あるBC級戦犯の遺書】＃57,https://news.yahoo.co.jp/articles/f0e6581e8f408cce44aed03f09599a2391b0c0e8,8/30(金) 15:25
rkbv,RKB毎日放送,福岡市地下鉄　午前9時から運転再開　九州新幹線や路線バスなど多くの交通機関はストップ,https://news.yahoo.co.jp/articles/3b7465ab66ac6aadaacc66d7bd2b6d6b69ca2c9c,8/30(金) 12:22
rkbv,RKB毎日放送,台風10号被害広がる　高齢男性2人が死亡　16人が重軽傷　福岡・佐賀,https://news.yahoo.co.jp/articles/e9f8e945c310af963d3d1154fadc965ced2fa1e6,8/30(金) 12:22
rkbv,RKB毎日放送,「高タンパク・低脂質のドッグフード」…原料は「食害魚」　環境改善や漁師の収入アップにも,https://news.yahoo.co.jp/articles/fda71e4de496ac76fb6fb67729dd022b00b3e7a6,8/30(金) 11:49
rkbv,RKB毎日放送,飲酒運転で警察署に知人のお迎え?43歳の男を逮捕　呼気からは基準値の6倍超えのアルコール「強い薬の影響」と否認,https://news.yahoo.co.jp/articles/0b509db7499cb5aacaf502c81d890af5c462164f,8/30(金) 2:28
rkbv,RKB毎日放送,小学生「濡れながら登校したのに」台風接近なのに休校しなかった福岡市教委 一転「保護者は迎えに来て」批判殺到で謝罪,https://news.yahoo.co.jp/articles/df822a6a0d4df2c12d81c6e15d461efcc390f94e,8/30(金) 1:16
rkbv,RKB毎日放送,台風で増水した河川の様子を見に行った高齢男性が行方不明　川の下流では男性の遺体発見　警察が身元の確認進める,https://news.yahoo.co.jp/articles/8338b0d9171878dd112d2b1c56304ad240ed585c,8/30(金) 0:51
rkbv,RKB毎日放送,台風10号　影響＆注意点,https://news.yahoo.co.jp/articles/18e79aa83875fb4ccff850e159371b7032755e00,8/29(木) 23:57
rkbv,RKB毎日放送,博多切りつけ事件　殺人未遂容疑で逮捕の少年少女を家裁に送致,https://news.yahoo.co.jp/articles/e36a8903ad3288b4149f6c4e8115dc4643e8a046,8/29(木) 23:04
rkbv,RKB毎日放送,台風10号の強風の影響か?　神社の参道で頭から血を流して倒れていた80代の男性　約4時間後に病院で死亡,https://news.yahoo.co.jp/articles/0130b40537aca9c51f4650d30c06bb2773e23a76,8/29(木) 21:46
rkbv,RKB毎日放送,台風の影響?牛舎から火が出て牛28頭が死ぬ　強風で電線が切れたことが原因か,https://news.yahoo.co.jp/articles/4f92b3771f6e12373732549fdeb3642005d40c5f,8/29(木) 20:28
rkbv,RKB毎日放送,【台風10号】計画運休の前に停電　山陽新幹線の博多～広島運転再開のめどたたず,https://news.yahoo.co.jp/articles/a7c5fe805f906f2cdfefd44446b8bdd0a2f0be85,8/29(木) 19:01
rkbv,RKB毎日放送,「困ります」順次運転見合わせに、改札に駆け込む人の姿も　台風10号の影響各地に,https://news.yahoo.co.jp/articles/1e982a91537f9ec8d1e2b08367abe4d30daa2901,8/29(木) 18:51
rkbv,RKB毎日放送,【台風10号】雨戸を閉めようとして75歳女性が1.5メートル下転落　福岡・佐賀で13人けが,https://news.yahoo.co.jp/articles/a5c33fa3540dd7a9fedf71f7e1dc20d28813fdb3,8/29(木) 18:49
rkbv,RKB毎日放送,【台風10号】週末、四国～近畿で停滞するおそれも　九州を横断後は動きが複雑に?,https://news.yahoo.co.jp/articles/b03ea484016ded5dc2e79cf63b59ef3d554a4fc0,8/29(木) 18:36
rkbv,RKB毎日放送,交差点で追突事故→示談断られ逃走か　「飲酒運転がばれるので逃げた」”当て逃げ”容疑で飲食店経営の男（44）を逮捕,https://news.yahoo.co.jp/articles/3828a72aee98ed8486c08d2be8fd0a469fe4f7dc,8/29(木) 17:54
rkbv,RKB毎日放送,【台風10号】30日は路線バスも運休に　鉄道・バス・地下鉄・モノレール　運行状況,https://news.yahoo.co.jp/articles/e68ebbd8206eedd29844888ab107741e84708252,8/29(木) 17:14
rkbv,RKB毎日放送,【台風10号　進路】北上し九州を横断熊本→佐賀→福岡→大分→山口最も近づく時間は?,https://news.yahoo.co.jp/articles/2824e8466759f46355a342be00b814853a35f19e,8/29(木) 16:31
rkbv,RKB毎日放送,住居侵入疑い→ストーカー規制法違反疑い→大麻所持疑い→大麻営利目的所持疑い 22歳スリランカ国籍の男4度目の逮捕,https://news.yahoo.co.jp/articles/68a923b1c025a33f1c4aae6f5d296b01fec720c8,8/29(木) 16:21
rkbv,RKB毎日放送,【台風10号】交通機関への影響　在来線の多くも運転見合わせへ　福岡空港は270便が欠航,https://news.yahoo.co.jp/articles/ff9a7479dd2e74331f83467b1a2601cf5e4b2f34,8/29(木) 12:24
rkbv,RKB毎日放送,【台風10号　九州上陸】九州の玄関口・博多駅は　運休や運転見合わせ・予定変更した家族・出張で訪れた人も,https://news.yahoo.co.jp/articles/a499b934c5815e61481e5902063fed0d719f92b8,8/29(木) 11:31
rkbv,RKB毎日放送,【台風10号】九州全域で26万2810戸が停電「切れた電線や垂れた電線は危険　絶対触れないで」,https://news.yahoo.co.jp/articles/ca711d46bdaf0077035fdc72fdc6668e2879e05c,8/29(木) 10:46
rkbv,RKB毎日放送,非常に強い台風10号、29日午後に九州北部上陸か,https://news.yahoo.co.jp/articles/5eb55513c802270115849fef072c7dd600e2ee26,8/29(木) 7:08
rkbv,RKB毎日放送,非常に強い台風10号が九州接近　ビニールハウスは飛ばされないよう対策　福岡名物屋台は「稼ぎ時なのに・・」,https://news.yahoo.co.jp/articles/e46758bc6a5ce66c02a9a070c9d7b98b9c22ce65,8/28(水) 20:01
rkbv,RKB毎日放送,【最強クラスの台風10号】29日～30日に九州上陸へ　その後は中国・四国・近畿・東海を”ゆっくり”縦断　　影響が長期化するおそれ,https://news.yahoo.co.jp/articles/61a25517160c82de17e8711ee0dc19627680c475,8/28(水) 19:21
rkbv,RKB毎日放送,難病や障害がある人と家族のキャンプ「がんばれ共和国」今年で31回目　熱気球体験も　初めて参加した家族は,https://news.yahoo.co.jp/articles/69c07b67c547bd8f6a50aadd1aa5cb7842c1f153,8/28(水) 19:02
rkbv,RKB毎日放送,「閉館はショック」福岡空港近くの憩いの場「万葉の湯」最終営業日も別れ惜しむ多くの入浴客,https://news.yahoo.co.jp/articles/07677e1abc47ca7bf47ee6379b2b5c79227f0b85,8/28(水) 18:21
rkbv,RKB毎日放送,「木の香りがする」セブンーイレブンの木造店舗　国内1号店がオープンへ　内装を公開,https://news.yahoo.co.jp/articles/8061a65457827bd178ed0c56a7e1a7d076bb0b52,8/28(水) 18:08
rkbv,RKB毎日放送,松尾潔・兵庫県知事めぐる報道に「人が亡くなっている重みを考えるべき」,https://news.yahoo.co.jp/articles/7f138cedd169a3d51a65690679982a1f964f2e19,8/28(水) 17:36
rkbv,RKB毎日放送,「苦しい時もたくさんありましたが・・・」 パリオリンピック　フェンシング女子サーブル団体　銅メダルの福島史帆実選手が凱旋報告,https://news.yahoo.co.jp/articles/db61a273263a1c26bcd93d39cf4e1602426e60f9,8/28(水) 17:32
rkbv,RKB毎日放送,「8月最後の週末、痛い」「倒れたら終わり」　のろのろ台風10号に屋台も農家も対策に悲鳴,https://news.yahoo.co.jp/articles/c2a64d7bf24db6bff689e5818c3c6ce1b8517a61,8/28(水) 16:36
rkbv,RKB毎日放送,「不倫相手に子供ができた。コロナで声が変わった」息子を名乗る男から電話　1000万円だまし取られる詐欺被害,https://news.yahoo.co.jp/articles/56c1eb5e885fc5d7f6582511635450bb5aedcdda,8/28(水) 16:06
rkbv,RKB毎日放送,JR九州　29日は多くの路線が運転見合わせ　特急は全線で運休,https://news.yahoo.co.jp/articles/8300e06742fac0e59903ee6509edf4b487d482a0,8/28(水) 15:04
rkbv,RKB毎日放送,”慰霊の日”を汚す人たち　関東大震災での朝鮮人虐殺”否定”するデマ　101年目の追悼を前に,https://news.yahoo.co.jp/articles/b86337c2c2198f618a2973884e21fcc7c116ac82,8/28(水) 14:51
rkbv,RKB毎日放送,北九州市小倉北区でアパート火災　男性1人搬送　一時激しく煙上がる,https://news.yahoo.co.jp/articles/851e6c369baac5cf327d2b467caac088ba82e065,8/28(水) 12:40
rkbv,RKB毎日放送,台風10号　農家で対策続く　鹿児島県に台風の特別警報発表のおそれ,https://news.yahoo.co.jp/articles/8dc4a8107906d74691480bbd42f37a9475ca000f,8/28(水) 12:24
rkbv,RKB毎日放送,「信号や一時停止を守って安全を確認を」自転車指導啓発重点地区で取り締まり　11人に指導警告票,https://news.yahoo.co.jp/articles/3e905beebd8b063dc27509c42f594076932431a2,8/28(水) 12:16
rkbv,RKB毎日放送,台風10号　新幹線並みの猛烈な風　特別警報発表か　すでに発表基準満たす　命を守る行動を,https://news.yahoo.co.jp/articles/0c1dca889830d70b9a6f88f5a05ec11b42f66bae,8/28(水) 11:54
rkbv,RKB毎日放送,子ゾウが柵をすり抜け一時ゾウ舎の外へ　来場者が発見→自力で戻る　福岡市動物園,https://news.yahoo.co.jp/articles/5c3457963d0314d01dac3b46c513ffe047c8e722,8/27(火) 20:43
rkbv,RKB毎日放送,「息子がどうしてこうなったのか　原因究明と謝罪を」自殺した教員の母が法廷で訴え,https://news.yahoo.co.jp/articles/96ddc22d0e524be2165b0e94f75ff5190f2dee62,8/27(火) 19:32
rkbv,RKB毎日放送,約5000万円を不正受給　障害児の放課後デイサービス運営事業者　福岡市が指定取り消しと返還求める,https://news.yahoo.co.jp/articles/0a13f90ff5b03235a92c13578ed8cd5dbd23a1e8,8/27(火) 19:01
rkbv,RKB毎日放送,「もう勘弁」「早く涼みたい」福岡・太宰府市で今年46日目の猛暑日　日数の歴代1位に並ぶ,https://news.yahoo.co.jp/articles/2bcad81b3d5cc2ea49664e420e2a2658e09806be,8/27(火) 18:43
rkbv,RKB毎日放送,九州新幹線　28日夜以降、計画運休に　29日以降は路線バスにも影響のおそれ,https://news.yahoo.co.jp/articles/932b1f99a4eff90a10b410f96c0c24fce8b505f8,8/27(火) 18:36
rkbv,RKB毎日放送,「水揚げ減る　困った」「収穫量増やした」果樹園や漁港で台風対策　生活直撃,https://news.yahoo.co.jp/articles/b2015dfa59fa1c8a8d89427518f37b74f3d14fde,8/27(火) 18:02
rkbv,RKB毎日放送,パリパラリンピック・女子マラソン　道下美里選手　ホームグラウンドで最後の練習,https://news.yahoo.co.jp/articles/608751801f0f685d03d040d84999549b738f6f2f,8/27(火) 16:09
rkbv,RKB毎日放送,”真夏の車内に置き去り”10か月男児の死亡事故から1年　「車内に残すことは絶対しない」高校生制作の音声を駐車場で放送,https://news.yahoo.co.jp/articles/20ac934596eedb7d9729a7852336e42d2b68a54c,8/27(火) 16:02
rkbv,RKB毎日放送,「暴力団との戦いは決して歩みを止めてはならない」福岡県警の新たな本部長・住友一仁 警視監（55）着任会見,https://news.yahoo.co.jp/articles/e5d8b9b0592a8ac9ca8ef767160cf79e5d3c38df,8/27(火) 15:47
rkbv,RKB毎日放送,台風10号 進路予想　【九州上陸】日本・アメリカ・イギリス　【九州上陸せず】カナダ　予報にずれ　まだ確定できない進路と影響,https://news.yahoo.co.jp/articles/7156c61b7e196029b37900ac3abf30efd21a6ed8,8/27(火) 15:36
rkbv,RKB毎日放送,JR筑肥線・九大学研都市～周船寺　約3時間半にわたり運転見合わせ　架線を支える柱から出火,https://news.yahoo.co.jp/articles/3f1bb60c8ddb2b3796fc486f2d517296c594a9aa,8/27(火) 15:11
rkbv,RKB毎日放送,地震・台風・・・防災意識高まり品薄商品も　人気の防災グッズ・非常食のストック術は　防災士・料理研究家が薦めるアレンジレシピも,https://news.yahoo.co.jp/articles/353dd22fb01c366cae51fc8f824643da4d821ecc,8/27(火) 12:57
rkbv,RKB毎日放送,「みんなに会うの楽しみだった?」「はーい!」福岡市の小学校で始業式,https://news.yahoo.co.jp/articles/f129b9827703bb38ced53c130d7c88b761d9ef50,8/27(火) 11:56
rkbv,RKB毎日放送,【台風10号・最新予報円発表】九州南部に西から上陸か　のろのろ台風で「暴風・大雨・高波」に加え「高潮」の危険性も,https://news.yahoo.co.jp/articles/f68356ca095eff3ed40fe955681d5341b2fd8dc9,8/27(火) 10:54
rkbv,RKB毎日放送,台風10号　非常に強い勢力で西日本に接近か　交通に影響出るおそれも,https://news.yahoo.co.jp/articles/455ad554a239862a085523a8cacb8b2fccbddca4,8/26(月) 18:44
rkbv,RKB毎日放送,イスラエルとパレスチナの若者が対話　日本の学生も関心を　合同学生会議　今年で20回目「今開催することが大切」,https://news.yahoo.co.jp/articles/c15b0baad1c343ac5339e9b3db0d8f171342adb4,8/26(月) 18:36
rkbv,RKB毎日放送,台風10号　九州に上陸のおそれ　身近なものが凶器に・・・　明るいうちに備えを,https://news.yahoo.co.jp/articles/7e5406923bbdd4eeba8a68e7e1b29d569a50ea92,8/26(月) 17:47
rkbv,RKB毎日放送,逮捕者が語る「酒はもう抜けていると思った」は本当か　年齢も性別も違う記者3人が検証した　「酔ってる感じはないのに・・・」,https://news.yahoo.co.jp/articles/d0a02506ef2979d21d2bdccf7d4b09044e529102,8/26(月) 17:14
rkbv,RKB毎日放送,旧門司駅遺構で追加の発掘調査始まる　北九州市は記録保存し取り壊す予定「精緻に記録が残るよう努めたい」　保存求める声も,https://news.yahoo.co.jp/articles/46b2e36177c792575ca4a5b77921dd54d1478ea6,8/26(月) 16:29
rkbv,RKB毎日放送,約50台の車が燃える火事　海外への輸出用　保管場所に人が出入りした形跡なし,https://news.yahoo.co.jp/articles/72f916edd940442996c9fd343c1fd64b0b2a62e1,8/26(月) 16:27
rkbv,RKB毎日放送,混戦模様の自民党総裁選　佐賀でも国会議員の動き活発化　立憲議員「濁った水がきれいになるわけではない」批判,https://news.yahoo.co.jp/articles/f17606f670dd4884da0a59b69a0889239bd9d8d8,8/26(月) 16:16
rkbv,RKB毎日放送,【進路予想】台風10号　29日（木）に九州南部上陸か　外国はさらに遅い上陸を予想　「進路の予想がまだ不確実」,https://news.yahoo.co.jp/articles/e84f11dfad17a988d99153b4c51e195eb21fd42d,8/26(月) 15:51
rkbv,RKB毎日放送,「プールが楽しかった」「理科を頑張りたい」2学期始まる　熱中症対策でオンラインで始業式　北九州市の小中学校,https://news.yahoo.co.jp/articles/d6074b5d1275292b9ca874dc9224c1b3ed88b92b,8/26(月) 12:02
rkbv,RKB毎日放送,3児が死亡した飲酒事故から18年　福岡県下一斉飲酒取り締まりで11人検挙,https://news.yahoo.co.jp/articles/06af7d1a40fd67295490b1757e55e52e7c0b20bb,8/26(月) 11:59
rkbv,RKB毎日放送,福岡県太宰府市　39日連続猛暑日　日本記録更新,https://news.yahoo.co.jp/articles/0ecdc94c98679110253baee49e438381eda903b1,8/26(月) 11:45
rkbv,RKB毎日放送,【最新の進路予想】台風10号28日（水）～29日（木）に九州南部上陸か関東～九州の太平洋側は上陸前から警報級の大雨のおそれ,https://news.yahoo.co.jp/articles/894ebf334a7f62008a2c8b4ebb10269b8a778df4,8/26(月) 10:59
rkbv,RKB毎日放送,飲酒運転ゼロへ　県下一斉飲酒運転撲滅取締り,https://news.yahoo.co.jp/articles/5dbf5fd0a5c31a35127a7be4646006584375954e,8/26(月) 6:44
rkbv,RKB毎日放送,相次ぐSNS型投資詐欺　会社役員の男性が600万円余りをだまし取られる,https://news.yahoo.co.jp/articles/e52a41a441fcaf3e42834bb7ad654b0e58578b9c,8/25(日) 5:27
rkbv,RKB毎日放送,太宰府37日連続の猛暑日　日本記録を更新,https://news.yahoo.co.jp/articles/f193d9061ae4333bf673a0b103006b576ceb6e0a,8/24(土) 18:13
rkbv,RKB毎日放送,自分にかえってくると思ったお金が相手の口座に・・・公務員の女性が還付金詐欺被害　49万円をだまし取られる,https://news.yahoo.co.jp/articles/232a38f53a610a25aec67a0121c4b389c62a5f12,8/24(土) 14:56
rkbv,RKB毎日放送,長野県産の農産物　九州の消費者にアピール　宗像大社に奉納,https://news.yahoo.co.jp/articles/5e3715a60acf693ba1f807c3ab16856bf46ad43d,8/24(土) 12:31
rkbv,RKB毎日放送,「鉄道キッズお仕事チャレンジ」博多駅で子供たちが駅員や車掌の仕事を体験,https://news.yahoo.co.jp/articles/10811070e91cc4a712e0e1ecfc8cd178db9ca5fd,8/24(土) 12:24
rkbv,RKB毎日放送,きっかけは“イノシシ対策”　藍染めに魅了された女性（53）が独学で作品をつくるまで,https://news.yahoo.co.jp/articles/a7fa0ed74d0366eedfccbe72f8e849ed9f0ecc8d,8/23(金) 18:11
rkbv,RKB毎日放送,障害ある9人の入院患者を虐待　国立病院機構「大牟田病院」の男性職員4人,https://news.yahoo.co.jp/articles/a39f86e390f1827ca6efedd73e328fb836009d11,8/23(金) 17:44
rkbv,RKB毎日放送,九州新幹線西九州ルート・未整備区間　1年半ぶりに佐賀県と国が協議,https://news.yahoo.co.jp/articles/8fa33b0ed0cd19588acd0498d8cd27476d7024d5,8/23(金) 17:36
rkbv,RKB毎日放送,JR西日本　台風10号接近に伴い「山陽新幹線」計画運休実施の可能性があると発表,https://news.yahoo.co.jp/articles/89481f670569d7813c94ceb928c3c5e2502071a0,8/23(金) 17:22
rkbv,RKB毎日放送,全日空　福岡空港の「門限」に間に合わない時は佐賀空港に臨時便　中型・小型機で運用,https://news.yahoo.co.jp/articles/13907a8c6e441ee0672a4ea5724318fb401c3b89,8/23(金) 17:16
rkbv,RKB毎日放送,幼い子供3人が死亡した飲酒運転事故から18年　「飲酒運転撲滅を」園児や高校生らが呼びかけ,https://news.yahoo.co.jp/articles/7d02b6bb76d9db6b717523c4e01d928bb34688cb,8/23(金) 16:16
rkbv,RKB毎日放送,北九州市のごみ処理施設で粗大ごみの破砕機から出火　約17時間半後にようやく消し止められる　けが人なし,https://news.yahoo.co.jp/articles/c130a8f3e29c65c95e72780f00972ec6487f00bc,8/23(金) 16:06
rkbv,RKB毎日放送,台風10号はどこに行く?高気圧で進路が分かる　西に強まれば四国・九州ルート　東に強まれば関東・東北ルート,https://news.yahoo.co.jp/articles/b8b837ce117016998fc8f340509d00cc39e115ff,8/23(金) 16:02
rkbv,RKB毎日放送,処刑場に向かう若いアメリカ兵の表情「思い出して胸が痛い」西部軍・司令部の情報隊員だった女性（99）,https://news.yahoo.co.jp/articles/19fbd895bc9de36ce2bedd00ae4600a04e786650,8/23(金) 15:54
rkbv,RKB毎日放送,自民党総裁選は「政治家個人をみるよい機会」ジャーナリストが解説,https://news.yahoo.co.jp/articles/59575ed75a6167fbd8a934e91f3c012ea6b91971,8/23(金) 14:57
rkbv,RKB毎日放送,「ジーユー」が北九州市に初出店　9月27日（金）大型商業施設「セントシティ」にオープン,https://news.yahoo.co.jp/articles/5d220f05e1d49a8ed6723b6d46cd3e25f561b564,8/23(金) 13:21
rkbv,RKB毎日放送,西九州新幹線　1年半ぶりに佐賀県と国が協議へ　知事は「意見交換ができれば一定の成果」,https://news.yahoo.co.jp/articles/3f6dbc47045d6a6cc7bae76d7faf1abcf04113f0,8/23(金) 12:11
rkbv,RKB毎日放送,焼け跡から見つかった遺体は80代の夫婦　木造住宅を全焼した火事　福岡・豊前市,https://news.yahoo.co.jp/articles/99ed4a6b04c0dcc6f9eaf7b7be4e662d0ac93a15,8/23(金) 12:06
rkbv,RKB毎日放送,3児が死亡した事故から18年　飲酒運転撲滅を保育園児が宣言,https://news.yahoo.co.jp/articles/401a3727706e8e14beb92cf5572e432f6dc5839f,8/23(金) 12:02
rkbv,RKB毎日放送,証言台の特攻隊長「復讐心ではない 命令で斬ったのだ」～28歳の青年はなぜ戦争犯罪人となったのか【連載：あるBC級戦犯の遺書】＃56,https://news.yahoo.co.jp/articles/07b5e67da4937b86f480b651ab48d351e6ee85ba,8/23(金) 10:00
rkbv,RKB毎日放送,【クイーンビートル】浸水隠蔽工作は運航に関わる全員が把握 　JR九州・社長が謝罪　第三者委員会設置へ,https://news.yahoo.co.jp/articles/aea8a4d5ac465cad8bf94964722adabafb3aca22,8/22(木) 18:31
rkbv,RKB毎日放送,日本酒「ひやおろし」24の蔵元が試飲会　落ち着いた香り・なめらかな口当たり楽しむ,https://news.yahoo.co.jp/articles/04bb90fd3c36cdda05fd1776ac722c8dcd7b3e09,8/22(木) 17:36
rkbv,RKB毎日放送,痛ましい事故をなくすために…チャイルドシートの着用推奨　身長140センチから150センチに引き上げへ,https://news.yahoo.co.jp/articles/baded52095b79babf5607504a822fea390c017ce,8/22(木) 17:32
rkbv,RKB毎日放送,中国・台湾の観光客も利用する佐賀空港にオスプレイ国は”台湾有事”想定し「地の利」強調も市民は「事故」と「攻撃の対象」懸念,https://news.yahoo.co.jp/articles/d111bed70842ee5db84a2cfe2ce49b41cd32b4d8,8/22(木) 17:12
rkbv,RKB毎日放送,【通行止め】九州道・上り　古賀IC～若宮IC　道路脇の雑木林から出火,https://news.yahoo.co.jp/articles/8d126f4f3e44f3d4c9a89ebf57d73d4c93d408b8,8/22(木) 17:09
rkbv,RKB毎日放送,台風10号　27日（火）に強い勢力で九州～関東に直撃のおそれも　海面水温が高いコースを北上し急発達か,https://news.yahoo.co.jp/articles/a2eb5e6686cae643604fb30c305aa92bf87bb4ca,8/22(木) 16:38
rkbv,RKB毎日放送,「暑さでエサが食べられない」卵のサイズが小さく数も減った　弱るニワトリ　養鶏場の悲鳴,https://news.yahoo.co.jp/articles/06527b173cf7d3fbba46be652fbdfeea5df51c54,8/22(木) 16:32
rkbv,RKB毎日放送,一帯一路構想の象徴・中国ラオス国際鉄道に「思いがけない難敵」現る!?,https://news.yahoo.co.jp/articles/764b31c7ee805bb62360985b7350cf7caa00b5ff,8/22(木) 16:11
rkbv,RKB毎日放送,職員が患者の”胸や下半身触る”性的虐待の「国立病院機構・大牟田病院」　”頭を叩く、威嚇する”身体的・心理的虐待も発覚,https://news.yahoo.co.jp/articles/c45ae96079851c2a9dca5b6dbd61670554f09059,8/22(木) 16:06
rkbv,RKB毎日放送,【日本記録更新中】猛暑日連続35日の福岡・太宰府　なぜこんなに暑いのか　暑さの訳は観測地点の移設?,https://news.yahoo.co.jp/articles/9f28980063e4bbee8321ac987f80267d8ede9f3a,8/22(木) 15:24
rkbv,RKB毎日放送,献血協力者「猛暑で激減」?!　苦境の赤十字センターはアイスのプレゼントも　福岡,https://news.yahoo.co.jp/articles/f046af06586b2fae6794674ae51572dffb1621f2,8/22(木) 14:04
rkbv,RKB毎日放送,拡大する宇宙産業　参入促すイベント　宇宙飛行士・若田光一さんの講演も　「九州宇宙ビジネスキャラバン」　福岡・北九州市,https://news.yahoo.co.jp/articles/5f8056aae881271d59c569566eb85a354485ab53,8/22(木) 13:14
rkbv,RKB毎日放送,両親を殺害した元九大生（20）最高裁が上告棄却　懲役24年確定へ,https://news.yahoo.co.jp/articles/5ed7c7cd26c796a3d95fd3ae85e92861bca43243,8/22(木) 12:19
rkbv,RKB毎日放送,日韓のデザイナーの作品を展示　文化の違い作品にも　福岡アジア美術館で,https://news.yahoo.co.jp/articles/5709e64c5211bb3f7cc5d0c631ab4a82404d2eb9,8/22(木) 12:17
rkbv,RKB毎日放送,夏休みの宿題　保護者の56％が「少ないと感じる」調査結果も,https://news.yahoo.co.jp/articles/980bd106ebbbd87a7fb267a41f20d33ac0e2db19,8/21(水) 18:54
rkbv,RKB毎日放送,カステラの「福砂屋」が明治時代に販売していた「シュークリーム」　令和版を7日間だけ,https://news.yahoo.co.jp/articles/3b8aa2c82ef97c4b1eee0aa526f7e9ccf9792577,8/21(水) 18:32
rkbv,RKB毎日放送,「ミルクの質より牛の命」猛暑で弱る乳牛たち　真夏の出産で命を落とした母牛も　牧場長が心砕く牛舎の暑さ対策,https://news.yahoo.co.jp/articles/a6cd9378e95cba583ebc4aedea16b23b442946a2,8/21(水) 18:32
rkbv,RKB毎日放送,架空の注文を運んだことに…フードデリバリー業者から配送報酬を騙し取ったとして全国初の検挙　大手事業者「由々しき事態」,https://news.yahoo.co.jp/articles/713d2fbf0050ea604d7d493713e7b4dec6332fac,8/21(水) 17:54
rkbv,RKB毎日放送,路線バスと正面衝突　2女児死亡事故で西鉄社長「警察の捜査に最大限協力していく」,https://news.yahoo.co.jp/articles/b51c394214de9950c4988d90d947b33023987368,8/21(水) 17:34
rkbv,RKB毎日放送,南海トラフ地震が発生したら・・・専門家が被害想定のシミュレーション方法を確認,https://news.yahoo.co.jp/articles/d00bd1a54b3455ba62d83d202f70e6ee89b591a2,8/21(水) 16:24
rkbv,RKB毎日放送,【パリオリンピック】「日本は突然強くなったわけではない」号泣のフェンシング解説者・山口徹さん,https://news.yahoo.co.jp/articles/6eebfc4c8cd33743d0dbe754f1d996bb0774d0d3,8/21(水) 14:32
rkbv,RKB毎日放送,きっかけは県の「タレント発掘事業」元はソフトボール選手だったパリ五輪メダリストのフェンシング転向　反響大きく　予約すれば誰でも測定会に参加可能,https://news.yahoo.co.jp/articles/4a40dc716c1a40c0ba1e3bb0d0ffb503bfab346a,8/21(水) 13:34
rkbv,RKB毎日放送,福岡市博多区で観測史上最高タイ記録  38・2℃,https://news.yahoo.co.jp/articles/57bda754a69dcb5c572b2b59deb7869f37963e11,8/21(水) 13:24
rkbv,RKB毎日放送,若松の「北海岸エリア」で観光開発が可能に　市街化調整区域で規制緩和　北九州市,https://news.yahoo.co.jp/articles/744686d310a566b1db5139fa05dcf96cf45da31d,8/21(水) 12:09
rkbv,RKB毎日放送,太宰府天満宮の巫女も参加して飲酒運転0キャンペーン,https://news.yahoo.co.jp/articles/7697c7a43e9d7821b45c3ded8ad4227abbce1fef,8/21(水) 12:02
rkbv,RKB毎日放送,台風のたまご　24時間以内に台風10号発生か　来週はじめには九州から関東を直撃のおそれも,https://news.yahoo.co.jp/articles/9feacdb0e159242dfe2b8d59fb3a9f8ecfa5ca91,8/21(水) 11:34
rkbv,RKB毎日放送,「工藤会が弱体化している今だからこそ手を緩めない」岩下県警本部長が訓示　北九州市で暴力追放県民大会,https://news.yahoo.co.jp/articles/d0f015394769e6b45a7cc9518be3979ad041c092,8/20(火) 23:59
rkbv,RKB毎日放送,藤井聡太七冠　タイトル防衛＆永世王位に王手　王位戦七番勝負第4局で勝利,https://news.yahoo.co.jp/articles/81df9f32b22889945711250c7a1e24f545787d08,8/20(火) 19:31
rkbv,RKB毎日放送,「死者や遺族の無念を晴らせるのは私たち」　死因不明遺体の事件性を判断する「検視」の現場に初の女性警察官　福岡県警,https://news.yahoo.co.jp/articles/2eaf03d672d5187cd80154042cf4016c2ed69a0c,8/20(火) 19:14
rkbv,RKB毎日放送,「気づかずぶつかっていた」酒を飲んで運転したら・・・飲酒運転のこわさを体験,https://news.yahoo.co.jp/articles/086fa886f6ec2f8460e14b3d3734363705dfca11,8/20(火) 18:39
rkbv,RKB毎日放送,早い人は40代から　紫外線の影響で白内障が進行?専門医が白内障予防と対策を解説,https://news.yahoo.co.jp/articles/0d24adc4c707b89cb10a3cea07750c8c797c9822,8/20(火) 17:36
rkbv,RKB毎日放送,「国境通信」アインの妻が妊娠　生まれてくる子供の未来は　川のむこうはミャンマー～軍と戦い続ける人々の記録＃6,https://news.yahoo.co.jp/articles/e94637cf5239f532551ac94b67e415ef404b17a7,8/20(火) 17:35
rkbv,RKB毎日放送,33日連続の猛暑日　日本記録を更新　福岡・太宰府市　観測史上最高の気温を記録した地点も,https://news.yahoo.co.jp/articles/a7e40b1aed7b5d82c8b72404b6b9eea543ca50a1,8/20(火) 17:24
rkbv,RKB毎日放送,新千歳空港でのハサミ紛失に松尾潔「申し出たスタッフの勇気称えたい」,https://news.yahoo.co.jp/articles/38f4e54f65d01edca0e13b498c7b3b0ba233a819,8/20(火) 16:44
rkbv,RKB毎日放送,"燃える家の玄関扉叩くも反応無し""とっさの判断""扉を開けると飼いネコを探す高齢夫婦　近所に住む31歳女性に感謝状",https://news.yahoo.co.jp/articles/db6639bf0a77fc80f3b9e5f758b8c28680ae4f2c,8/20(火) 16:27
rkbv,RKB毎日放送,ネットで学ぶ高校生が「ドキュメンタリー制作」に挑戦　現場でメンバーは初顔合わせ,https://news.yahoo.co.jp/articles/19e1b8394df10e861248db5bc70144b11d284a00,8/20(火) 15:14
rkbv,RKB毎日放送,3日連続で予想最低気温30℃　めったにない超過酷な熱帯夜になるか　台風9号の影響で　21日～23日朝,https://news.yahoo.co.jp/articles/71a1bbf5ef6b806e09a7c6760057e1a5fa4fd375,8/20(火) 13:38
rkbv,RKB毎日放送,「たくさんの応援　結果につながり感謝」フェンシング女子団体でメダル獲得の高嶋選手　福岡県知事に報告,https://news.yahoo.co.jp/articles/dcd839c855b9ed646ce209a31acb30709b269b3b,8/20(火) 12:57
rkbv,RKB毎日放送,「警察官が来るまでの間しのぐための手段として」区役所職員が警察から不審者への対応などを学ぶ防犯訓練,https://news.yahoo.co.jp/articles/4923f929c9bc30156070eec7729b7053bed4f7d4,8/20(火) 6:38
rkbv,RKB毎日放送,瓶に付着した指紋を採取　覆面パトカーに乗車　大学生が警察官の業務を体験,https://news.yahoo.co.jp/articles/c8c92b0d0468c4ec384aca53b15e99000d25d4d7,8/19(月) 19:36
rkbv,RKB毎日放送,車内に置き去りか　死亡した生後10か月の男の子の両親を略式起訴　真夏のコストコ屋外駐車場,https://news.yahoo.co.jp/articles/75102f25f1ec5c6cc457e3ff0ab7ec5a3bdb4160,8/19(月) 18:58
rkbv,RKB毎日放送,「マリノアシティ福岡」24年の歴史に幕　「なくなるのは悲しい」シンボルの観覧車にも多くの人,https://news.yahoo.co.jp/articles/6077d8aded3fe0bb6bf774964bc247f4fe18ea90,8/19(月) 18:56
rkbv,RKB毎日放送,中央線はみ出し軽乗用車が対向車と正面衝突　衝突された車の運転手の男性が意識不明の重体,https://news.yahoo.co.jp/articles/c42d94caea356aa465933e762d484e9ae77ad4ff,8/19(月) 18:34
rkbv,RKB毎日放送,JR九州　お盆の利用　去年より増えるもコロナ禍前には届かず　南海トラフ地震臨時情報や台風が影響,https://news.yahoo.co.jp/articles/3d95edfc66584ab88a297e3099e5cfcf8e8cb4d5,8/19(月) 18:34
rkbv,RKB毎日放送,インターハイ日本一を目指した高校生たち　フェアリージャパン元コーチから指導も,https://news.yahoo.co.jp/articles/504011a6bc35cdcc65e6e910c7fd3745f9abe949,8/19(月) 18:16
rkbv,RKB毎日放送,未明に住宅火災　焼け跡から2遺体　80代夫婦と連絡取れず　福岡・豊前市,https://news.yahoo.co.jp/articles/056ce3e5f20830414c2037a5e0d22c4eb00680e4,8/19(月) 17:44
rkbv,RKB毎日放送,環境に配慮したパリオリンピック　大会の”レガシー”は　ほぼ既存の建物の一方で街が生まれ変わる再開発も,https://news.yahoo.co.jp/articles/49c26a02a86d6811edf2ce2d2d9eb319540ad4fc,8/19(月) 17:11
rkbv,RKB毎日放送,藤井七冠王位戦七番勝負第4局　渡辺九段が43手目を封じる　藤井七冠が勝てばタイトル防衛に王手　佐賀・唐津市,https://news.yahoo.co.jp/articles/94be68a08eb2116bcc8e3fc01159cabc7f7c0818,8/19(月) 16:24
rkbv,RKB毎日放送,予想最低気温30℃　めったにない超過酷な熱帯夜になるか　台風9号の影響で　21日夜～22日朝,https://news.yahoo.co.jp/articles/3abcb749f56c659e5567ba569713fcfec9dcdb3e,8/19(月) 13:02
rkbv,RKB毎日放送,福岡市営地下鉄　金曜日の終電時間を遅く　8月23日から最大35分,https://news.yahoo.co.jp/articles/a60ea2dd8d6b918b75bfdd7d5a4d5d9b1e24e71b,8/19(月) 12:39
rkbv,RKB毎日放送,「屋根の上から火が」木造住宅を全焼　骨組みむき出しに　80代の夫婦と連絡取れず,https://news.yahoo.co.jp/articles/8c4cfaba7ae062f9d2e8cdcc799b2e05e118dd17,8/19(月) 12:06
rkbv,RKB毎日放送,「屋根の上から火が出ている」住宅と隣接する2つの建物燃える　80代の夫婦と連絡取れず,https://news.yahoo.co.jp/articles/3a957fd9b7e7a41a4d9a6e24b10b6f75bc17567b,8/19(月) 4:12
rkbv,RKB毎日放送,「2日間集中する」藤井聡太七冠王手となるか?19日から王位戦七番勝負第4局,https://news.yahoo.co.jp/articles/b15f0f4b4aa24535413c76a8cb2fc5eaa9a6c66e,8/19(月) 1:48
rkbv,RKB毎日放送,観覧車に長蛇の列「24年間ありがとうございました」九州初の本格的なアウトレットモール「マリノアシティ福岡」最後の日,https://news.yahoo.co.jp/articles/54a3b0f0b9c06b91e89f4a6840cd14f9aa56b63e,8/19(月) 1:42
rkbv,RKB毎日放送,落雷で火災?　平屋建ての住宅1棟全焼　直前に「雷が鳴った」と通報　雷注意報発表中,https://news.yahoo.co.jp/articles/6622936ffa537b8a89f123a43de3ad7062accaf3,8/18(日) 19:38
rkbv,RKB毎日放送,「ロス五輪目指す　メダルの色を気にしたい」パリ五輪で銅メダル獲得　馬術・田中利幸選手が出身大学でロス五輪に意欲,https://news.yahoo.co.jp/articles/59081b40bf0de93b7c7b1c1dd2d01e4b99f04be9,8/18(日) 18:53
rkbv,RKB毎日放送,「ロス五輪目指す　メダルの色を気にしたい」パリ五輪で銅メダル獲得　馬術・田中利幸選手が出身大学でロス五輪に意欲,https://news.yahoo.co.jp/articles/6c8c805e103eda15c9619b193dc1fc285abdcddc,8/18(日) 18:51
rkbv,RKB毎日放送,落雷で火災?　平屋建ての住宅1棟全焼　直前に「雷が鳴った」と通報　雷注意報発表中,https://news.yahoo.co.jp/articles/f2ee60d0b53a360f7fdf826ea5a318a9708209cc,8/18(日) 18:44
rkbv,RKB毎日放送,軽乗用車に乗っていた5歳と7歳の女児2人死亡　西鉄バスと軽乗用車が正面衝突　車のフロントガラスは大破　福岡市早良区,https://news.yahoo.co.jp/articles/0eb7e0317d257227f2d922bed04db85b461d2d31,8/18(日) 12:09
rkbv,RKB毎日放送,アウトレットモール「マリノアシティ福岡」24年の歴史に幕　18日午後8時で閉館　新たな商業施設に建て替えへ,https://news.yahoo.co.jp/articles/2467b546ec72997d6804e3384e99295b31596c5c,8/18(日) 11:57
rkbv,RKB毎日放送,最大9連休のお盆休みUターンラッシュ続く　東京・大阪方面の便は終日ほぼ満席　台風7号の影響で臨時便も,https://news.yahoo.co.jp/articles/4871ac8af5ce72f57c83000a628c12f41d67641c,8/18(日) 11:54
rkbv,RKB毎日放送,北九州市小倉北区の洋食レストランで食中毒の疑い,https://news.yahoo.co.jp/articles/33431db4e8129554958041caefb683d4bb2d94e2,8/17(土) 16:12
rkbv,RKB毎日放送,博多駅でもUターンラッシュ　東京行き新幹線指定席はほぼ満席,https://news.yahoo.co.jp/articles/45c261439668239f6fad947e36ffe47554c03a38,8/17(土) 12:17
rkbv,RKB毎日放送,マリノアシティ最後の週末　シンボルの観覧車は?　後継施設は「三井アウトレットパーク」が有力,https://news.yahoo.co.jp/articles/80b0a44e6442db8100af6fa3622e6a2a9b2c9049,8/16(金) 20:12
rkbv,RKB毎日放送,朝鮮通信使の再現船260年ぶりに相島に　900本の松の木・設計から3年半,https://news.yahoo.co.jp/articles/cd24da119cbf37104c09978edc90b4d6bfdfdf91,8/16(金) 18:47
rkbv,RKB毎日放送,かつてはホークスジュニアでキャプテン　U-15侍ジャパン入りした福岡県在住の「野球少年」,https://news.yahoo.co.jp/articles/eefbad9405570b960d41883eedb63f8b608f7354,8/16(金) 18:44
rkbv,RKB毎日放送,台風7号　上陸しない方が危険?　海水温からエネルギー得て勢力を維持,https://news.yahoo.co.jp/articles/339a1b7f5fed53f518e5a3f1fcf772043a5f8918,8/16(金) 17:48
rkbv,RKB毎日放送,特攻隊長ですら恐怖を覚えた米軍の調査　真実を述べるために証言台へ～28歳の青年はなぜ戦争犯罪人となったのか【連載：あるBC級戦犯の遺書】＃55,https://news.yahoo.co.jp/articles/bc8d01df1bb2ec8b1e2855da8f4cdbcfb54b3256,8/16(金) 17:17
rkbv,RKB毎日放送,「絵本は時間が流れない滞在時間、自由に選べる魅力」　”猫が案内する絵本作家二人展”,https://news.yahoo.co.jp/articles/6f9e508a215d866a916ce213c8a16a76d1c52a26,8/16(金) 16:54
rkbv,RKB毎日放送,元毎日新聞オリパラ室長・パリ五輪の「隠れた快挙の裏側」を語る,https://news.yahoo.co.jp/articles/7f31bdbfe7e4f883ca12067ebf77b201ff25c1ae,8/16(金) 16:36
rkbv,RKB毎日放送,「墓じまい」どうしてますか?　遺された家族に金銭的・肉体的・精神的に負担をかけないお墓とは　多様化する故人の弔い方最新事情,https://news.yahoo.co.jp/articles/57114aeaafe29f574ca52df5d8c48961e8b65cc7,8/16(金) 16:16
rkbv,RKB毎日放送,全国大会で九州勢初の制覇　「全日本に入ってしっかりアタックとか決めていきたい」　鞍手ジュニアバレーボールクラブ,https://news.yahoo.co.jp/articles/38033cb32899970d5c8781b72c4239a31be4c09f,8/16(金) 12:44
rkbv,RKB毎日放送,「色々予定が狂っちゃった」お盆のUターン　台風7号の影響で空路も欠航相次ぐ,https://news.yahoo.co.jp/articles/e644b7b11d08d84753fa231b410cf2d76a3aed3e,8/16(金) 12:13
rkbv,RKB毎日放送,工藤会系組事務所撤去を確認「餃子の王将」社長射殺事件・実行役として逮捕起訴の男が所属,https://news.yahoo.co.jp/articles/e0d3a7d276c75983a89d06bdd3b5e80c6bfa2773,8/16(金) 10:02
rkbv,RKB毎日放送,ギラヴァンツ北九州の選手が一日駅長　17日から「サマーフェスティバル」,https://news.yahoo.co.jp/articles/21a4d1797049190921f812f811d790906250e4ac,8/15(木) 23:57
rkbv,RKB毎日放送,若い世代で「マイコプラズマ肺炎」増加中　感染から発症まで2～3週間の潜伏期間　呼吸器に持病ある人は重症化のおそれ,https://news.yahoo.co.jp/articles/d710d49fdf565d0f84abf49885fda601f77583a5,8/15(木) 17:54
rkbv,RKB毎日放送,手足口病の感染者数　前週より減少も警報レベル続く　福岡県,https://news.yahoo.co.jp/articles/82308d90be30799c31a3448c6b818d0e0ecf8328,8/15(木) 17:51
rkbv,RKB毎日放送,「南海トラフ地震」臨時情報から1週間　注意は継続　期間中の対応分かれた自治体,https://news.yahoo.co.jp/articles/5b4eeee6701e8ae9b9512ba8354e1e50a526bcb0,8/15(木) 17:32
rkbv,RKB毎日放送,早田ひな選手「生きていること、当たり前じゃない」国の命で散らされた若い命　特攻隊員”十死零生”の残酷,https://news.yahoo.co.jp/articles/715d9ac2c31c3b4c72a6e38731413a1ad616b5b5,8/15(木) 17:13
rkbv,RKB毎日放送,「当たり前の日々の暮らしの根底に、戦争で犠牲になった人々の歴史がある」福岡県戦没者追悼式,https://news.yahoo.co.jp/articles/73ac6011b9130346fc025d0a9749ea83a21bfb11,8/15(木) 16:16
rkbv,RKB毎日放送,8月15日「平和を祈念する日」に考える、日本の戦争加害責任,https://news.yahoo.co.jp/articles/4c02907e54d99731c3425ac854494db72311d0c4,8/15(木) 15:36
rkbv,RKB毎日放送,被爆後の人々や街並み、熱で変形した瓶・・・第1目標の小倉で原爆の悲惨さ伝える展示,https://news.yahoo.co.jp/articles/56ebb5f56dc612c33aab25b20f4131b31b480e6b,8/15(木) 13:12
rkbv,RKB毎日放送,「博多ラーメン食べられて嬉しかった」「カブトムシ捕まえた」　台風7号も影響　Uターンラッシュで交通機関は混雑,https://news.yahoo.co.jp/articles/b42b1cdb4b6a9c2a14af5e37873f1dd8988dc578,8/15(木) 12:28
rkbv,RKB毎日放送,天神地下街から書店が消える　半世紀営業の積文館書店、14日閉店,https://news.yahoo.co.jp/articles/cf06f190db364ffa60cc0f89e0293f2ea299e94c,8/14(水) 19:19
rkbv,RKB毎日放送,「立派な引き際」「シグナルは出ていた」自民議員は話すも市民は冷ややか「ずっと不信感つのってた」,https://news.yahoo.co.jp/articles/b6864169147c2f2c719381d80376b54ba430d20d,8/14(水) 18:58
rkbv,RKB毎日放送,「母と妹ら五人の無残な黒焦げの遺体 その時の気持ちは生涯忘れられない」娘が見つけた父の新聞投稿 95歳父が語らなかった壮絶な戦争体験,https://news.yahoo.co.jp/articles/15145b406fb31fb812133b9a662c2d77de2f77b1,8/14(水) 18:08
rkbv,RKB毎日放送,【ソフトバンク】いまだに2勝1敗ペース!実はコレ、驚異の勝率!,https://news.yahoo.co.jp/articles/474a2b947cd8a16efe2e913031a57ae6570c9f13,8/14(水) 17:34
rkbv,RKB毎日放送,日韓結ぶ国際航路で命を軽視　裏管理簿や警報センサーの位置ずらしで浸水隠し運航継続　JR九州は「トップの指示で隠蔽」と謝罪,https://news.yahoo.co.jp/articles/6913b99e3358292a375230b96b94917227c0c73d,8/14(水) 17:32
rkbv,RKB毎日放送,「寒い」「古本が好きな人は好きな匂いかも」図書館の裏側、歩いてみた,https://news.yahoo.co.jp/articles/ee8bf171a33f351ac6a1692b2d5c0d606efc72e6,8/14(水) 16:59
rkbv,RKB毎日放送,松尾潔、広島・長崎のイスラエルへの対応について「明暗がはっきりと出た」,https://news.yahoo.co.jp/articles/d509d6efdfecde4f7bc1d8ea3cf58654bd87d642,8/14(水) 16:57
rkbv,RKB毎日放送,山陽新幹線・下り　広島～博多で運転見合わせ　架線に支障物　上り方面は運転中,https://news.yahoo.co.jp/articles/57f0eacc5eb19794596c9c65336e2f9c80d84a3e,8/14(水) 16:37
rkbv,RKB毎日放送,東の空に木星と火星が大接近　15日未明～6年半ぶり,https://news.yahoo.co.jp/articles/664b37ab81a8748c04a3942a42018e2e9c941693,8/14(水) 16:17
rkbv,RKB毎日放送,子供たちが全身すす塗って黒鬼に　お盆の伝統行事「久富盆綱曳き」,https://news.yahoo.co.jp/articles/5ffa05904a9ea978a3ef8eabe2bf22574200fd6b,8/14(水) 15:24
rkbv,RKB毎日放送,「家に帰ったら母がうずくまって泣いていた」戦争で家族亡くした遺族団が全国戦没者追悼式に出発,https://news.yahoo.co.jp/articles/a897a36b5acfd307252880f47aeb0655bdf245ab,8/14(水) 14:16
rkbv,RKB毎日放送,「スカイプレミアム」事件　国外潜伏中とみられる主犯格の男（51）に逮捕状　金融商品取引法違反（無登録違反）の疑い,https://news.yahoo.co.jp/articles/f8a1a5e19e924f62e147352bfed7d665fc8bf6e7,8/14(水) 12:42
rkbv,RKB毎日放送,JR九州高速船「クイーンビートル」浸水隠して運航継続　隠蔽はトップが指示　表に出ないよう”裏管理簿”作成も,https://news.yahoo.co.jp/articles/2a027d187c8a546fbd6338c0f81de290318643c2,8/14(水) 11:41
rkbv,RKB毎日放送,「その時、私は何をしていたか」はっきり覚えている特別な日のこと　日航機墜落事故から「玉音放送」まで,https://news.yahoo.co.jp/articles/cbbb20f76cdfe4db50a9dbf721258720f75762f7,8/13(火) 20:27
rkbv,RKB毎日放送,太宰府市で猛暑日の連続記録を更新　26日連続で35℃以上に,https://news.yahoo.co.jp/articles/60a4ff7b4999a0ee824a61af5bb69c61587627d8,8/13(火) 18:33
rkbv,RKB毎日放送,JR九州高速船　社長交代　浸水データ改ざんで,https://news.yahoo.co.jp/articles/605dbf75face6651c5cee0847cb8adfd215a7d8d,8/13(火) 17:54
rkbv,RKB毎日放送,博多のお土産ランキング総合1位は「もう一つ食べたくなる」と幅広い年代に支持されたあの商品,https://news.yahoo.co.jp/articles/fdd9bad4a26a7804dfadbad8b01455e5dcbce217,8/13(火) 17:44
rkbv,RKB毎日放送,子供の水難事故　「河川」が最多の48.5％　1本の川でも深さや流れが違う,https://news.yahoo.co.jp/articles/50847bae6affe69350bfb71a22f42b72e614b599,8/13(火) 16:51
rkbv,RKB毎日放送,台風8号が発生　今週末、北海道に接近するおそれ,https://news.yahoo.co.jp/articles/d02b1dc46665427432efc94a83f4ad4487f7f1d7,8/13(火) 16:41
rkbv,RKB毎日放送,暑すぎる夏がもたらす”台風の関東・東北ルート”　「九州は台風銀座」の時代から一変,https://news.yahoo.co.jp/articles/a3c24c1e14d2c1b39fa487fbd2871e03cdb3af8c,8/13(火) 16:36
rkbv,RKB毎日放送,夏休み中の私立高校で火事　パソコン2台と印刷機を焼く　消防車15台が出動,https://news.yahoo.co.jp/articles/be86b5b69e3ff30eb31a19438f8443416a354282,8/13(火) 16:19
rkbv,RKB毎日放送,「広くていっぱい動ける」ホークス選手がプレーする”憧れ”のドームで子供たちがラジオ体操　芝生でキャッチボールや写真撮影も,https://news.yahoo.co.jp/articles/52edc1510bac794d56aa69f2c178f5390eae8942,8/13(火) 16:08
rkbv,RKB毎日放送,Uターン就職や移住に関する相談会　お盆で帰省した人を対象に,https://news.yahoo.co.jp/articles/9690d29c731289fb1305698321dc086953713d3f,8/13(火) 16:08
rkbv,RKB毎日放送,子供に「敵を突き殺せ」と教えた時代…　”軍国少年”のリアルな記憶を紙芝居にした作家,https://news.yahoo.co.jp/articles/cae89c07939ceac9e97c5dbe3e43aa459324226a,8/13(火) 15:41
rkbv,RKB毎日放送,特攻に散った19歳の少年飛行兵　弟を悼む石碑と母への最後の手紙,https://news.yahoo.co.jp/articles/8a3f60e571e34d1eee5908ebc20f066c2d6d150c,8/13(火) 14:34
rkbv,RKB毎日放送,「暑いですけど、年に1回のことなので・・・」　盆の入り　厳しい暑さの中で墓参り,https://news.yahoo.co.jp/articles/c67736cea56e8e0763c5df43c00cb79bccd99c2a,8/13(火) 12:09
rkbv,RKB毎日放送,【台風情報】台風7号お盆最後の週末に接近・上陸のおそれ　東日本や台風5号が上陸した東北にも,https://news.yahoo.co.jp/articles/abf566697254cacf4a3de701c62f6a005b69afbb,8/13(火) 11:29
rkbv,RKB毎日放送,【台風情報】異例！高気圧の圏内で台風続々発生　台風7号に続き台風8号のたまごも,https://news.yahoo.co.jp/articles/e927dee866e94291b84628b12174b3e06b39a7bd,8/13(火) 10:52
rkbv,RKB毎日放送,「黒パンと塩汁が毎日　ずっと空腹だった」16歳で経験したシベリア抑留　若い人に言いたい「平和に勝るものなし」,https://news.yahoo.co.jp/articles/d807b42c5c9e487ba343f9ba043340a579f8867b,8/12(月) 17:53
rkbv,RKB毎日放送,映画「オオムタアツシの青春」筧美和子さん陣内孝則さんら出演俳優が見どころをPR　昭和の風情残る福岡・大牟田市を舞台に,https://news.yahoo.co.jp/articles/df07281c7cbd18ba843884a75ac4672a0ee481c0,8/12(月) 16:19
rkbv,RKB毎日放送,「本物の日本に出会ってほしい」　仏・パリで有田焼を広める男性,https://news.yahoo.co.jp/articles/ba38e983d02cc1b1c8acd401adbdf239e6fc4fd9,8/12(月) 16:13
rkbv,RKB毎日放送,24時間以内に「台風7号」発生か　お盆休みに関東直撃のおそれも,https://news.yahoo.co.jp/articles/4490f7d44ca8238932d527c4f1728d61b39231d6,8/12(月) 13:04
rkbv,RKB毎日放送,お盆の九州自動車道は渋滞中　下りは午後6時ごろにピーク　上りは13日が混雑か　事故に注意,https://news.yahoo.co.jp/articles/e95824e3c237038689cb57134afb1afa3059403e,8/12(月) 12:19
rkbv,RKB毎日放送,うれしくない全国最長記録…　35度以上の「猛暑日」25日連続で　うだる福岡・太宰府市,https://news.yahoo.co.jp/articles/53bdcba00cf35ba47caa9ffdb9ea5713fa653ba8,8/12(月) 12:16
rkbv,RKB毎日放送,【パリ五輪】メダリスト卓球・早田ひなの原点に迫る!,https://news.yahoo.co.jp/articles/c5bd78f26a837ca1f8dbe113a324f108e75791ed,8/11(日) 18:44
rkbv,RKB毎日放送,「自分の体力に見合った登山計画を作り安全に楽しく登山を」　山の日に遭難事故防止キャンペーン,https://news.yahoo.co.jp/articles/03cbea82e209a062eac3f8c2af8d58dc52cc4e42,8/11(日) 12:51
rkbv,RKB毎日放送,高速道路の渋滞・下りのピーク　九州道下り（午前11時時点）筑紫野IC付近先頭に14キロ渋滞　上りのピークは13日,https://news.yahoo.co.jp/articles/5e4db833b277c5b104b25bc907f26dfcfa76e961,8/11(日) 12:44
rkbv,RKB毎日放送,タイの料理や舞踊　ムエタイのパフォーマンスも　福岡市でタイフェスティバル開催,https://news.yahoo.co.jp/articles/20d57432fe0afcf992e545f36834c30714938cae,8/11(日) 7:04
rkbv,RKB毎日放送,マンションの外壁の一部が落下　現場は博多区の大博通り沿い,https://news.yahoo.co.jp/articles/4a3ba3ded0ac3f3c6411bfabc4f133f3851d196b,8/11(日) 1:08
rkbv,RKB毎日放送,お盆の臨時列車運行のため…JR駅にある列車案内の「のりば」を誤表示　利用客が乗車できず　利用客からの申し出で発覚,https://news.yahoo.co.jp/articles/7f4622edd6b4e20a0250efa73e2cb362478fb582,8/10(土) 19:48
rkbv,RKB毎日放送,「カバは赤い汗をかくって知ってる?」飼育員が動物の意外な一面紹介「大哺乳類展」,https://news.yahoo.co.jp/articles/65ca6c92436fdcd75f23c5d459597f8e79857c7c,8/10(土) 18:22
rkbv,RKB毎日放送,九州道下りで20キロ超の渋滞発生　下りは10日11日が混雑ピーク,https://news.yahoo.co.jp/articles/b55553893d2a11a4cb7c9620bcf38c9445819a38,8/10(土) 12:32
rkbv,RKB毎日放送,お盆の帰省ラッシュ本格化　新幹線は南海トラフ臨時情報受けて一部遅れも　「のぞみ」は全席指定席で運行,https://news.yahoo.co.jp/articles/b6a9a5b2dd40c50292bda9a3756d2516eadb14e5,8/10(土) 12:28
rkbv,RKB毎日放送,「見ちゃいかん」滑走路のない旧日本海軍「秘匿基地」海面から飛び立つ”下駄履き特攻”で若者が死んだ,https://news.yahoo.co.jp/articles/f5aea928bc9c12b7680bb2ef549d395c80758007,8/10(土) 12:02
rkbv,RKB毎日放送,国内最大規模のナイトマーケット　福岡市で始まる　浴衣で訪れると割引の特典も,https://news.yahoo.co.jp/articles/3b1165157c4a4ab5731853965d1e05d0977bf37e,8/10(土) 0:59
rkbv,RKB毎日放送,”剣道の達人”特攻隊長は海戦で大けが 特攻出撃なく郷里に帰ったものの～28歳の青年はなぜ戦争犯罪人となったのか【連載：あるBC級戦犯の遺書】＃54,https://news.yahoo.co.jp/articles/369b0f303be6bdd8d95a27b1d63fc461e783b815,8/9(金) 17:53
rkbv,RKB毎日放送,浸水のデータ改ざん　JR九州高速船「クイーンビートル」13日から当面運休　安全確保に重大な問題と国が指摘,https://news.yahoo.co.jp/articles/77b93b8f6fb45f4aef0ca8a374d84da83d07178b,8/9(金) 17:48
rkbv,RKB毎日放送,「悲しみ、苦しみがお顔の中から…」被爆者の姿と言葉を次の世代へ　長崎への原爆投下から79年　撮影を続ける写真家,https://news.yahoo.co.jp/articles/2806c9038a0a62cf32d3d6ff921abbdfbd9feca8,8/9(金) 17:15
rkbv,RKB毎日放送,成績不振のサガン鳥栖　川井健太監督を契約解除,https://news.yahoo.co.jp/articles/782ad7974805bfbc5476eb116c5e0c9572346a41,8/9(金) 17:09
rkbv,RKB毎日放送,北九州市の日本語学校で結核の集団感染発生　生徒11人が発病,https://news.yahoo.co.jp/articles/de680f2e79e49b698a736ef92d8e113696c458bc,8/9(金) 16:22
rkbv,RKB毎日放送,福岡県警本部長に住友一仁氏が就任へ　現・本部長の岩下氏は大阪府警本部長に,https://news.yahoo.co.jp/articles/93210befbf7c1b8e6914c7e8e159c149ec51ec28,8/9(金) 15:56
rkbv,RKB毎日放送,花火の玉が落下して全損した弓道場　2年かけて再建　高専の部員たち喜び,https://news.yahoo.co.jp/articles/8dce14ce8fedc5d63f668cc7dbcb452f9659c73e,8/9(金) 15:41
rkbv,RKB毎日放送,パリオリンピックを「競技以外でも国威発揚の場」にしている中国,https://news.yahoo.co.jp/articles/6d198dd46fce4940e2652bef305571f78708884f,8/9(金) 15:22
rkbv,RKB毎日放送,福岡の最低賃金992円　51円引き上げを答申　福岡地方最低賃金審議会,https://news.yahoo.co.jp/articles/632cc9acce3bb73d87e5885f936b8c063df4efb5,8/9(金) 15:17
rkbv,RKB毎日放送,「”南海トラフ地震臨時情報”は武器だ」　今すべきこと　九大・杉山准教授に聞いた,https://news.yahoo.co.jp/articles/30db5db25ab3ecd037e58a89b4dd96a1d6835e92,8/9(金) 14:44
rkbv,RKB毎日放送,8月16・17・18日　高速道路渋滞予測（九州全域）,https://news.yahoo.co.jp/articles/0167c7cb4aac59dfe202dac3c2b6d96c6ba6c31a,8/9(金) 13:19
rkbv,RKB毎日放送,原爆投下の第一目標だった福岡県北九州市　平和祈念式典で黙祷し平和への誓い,https://news.yahoo.co.jp/articles/846786fc03b0d6b695926060da5d372e2bdbcf82,8/9(金) 12:22
rkbv,RKB毎日放送,南海トラフ臨時情報から一夜　福岡発着の高速バスや新幹線に影響なし　帰省客から心配の声も,https://news.yahoo.co.jp/articles/da0909a554fd1be27f6a511423f01c3caa832f91,8/9(金) 12:17
rkbv,RKB毎日放送,呼んでないのにいきなり訪問→不具合ないのに「雨漏りしますよ」　悪質なリフォーム業者に注意を　”屋根の点検商法”トラブル増加傾向,https://news.yahoo.co.jp/articles/29917ab0d7600405a2342f2ed0f447eb0b9cb8cc,8/9(金) 11:22
rkbv,RKB毎日放送,福岡管区気象台が会見「福岡でも今後地震があるおそれ」,https://news.yahoo.co.jp/articles/d89fe01d57447dcb44096c70c5924b48c499d83e,8/8(木) 18:53
rkbv,RKB毎日放送,九州で地震　福岡・佐賀の影響,https://news.yahoo.co.jp/articles/86eef901490b03ae151faa0cc8bd68a960aa858a,8/8(木) 18:36
rkbv,RKB毎日放送,8日は久留米・佐賀で39℃予想　各地で厳しい暑さとなる見込み　熱中症に警戒を,https://news.yahoo.co.jp/articles/a7289de372adcf18fd0794a6bebb73fa60d6b8e1,8/8(木) 12:41
rkbv,RKB毎日放送,「梅毒の感染がとても増えています」過去最高だった昨年と同ペース　無料・匿名の検査も,https://news.yahoo.co.jp/articles/f86aef1576416df1458ef19f2618650c4e99cdb5,8/8(木) 12:38
rkbv,RKB毎日放送,住宅3棟全焼する火事　焼け跡から1人の遺体発見　住民の50代男性か　北九州・若松区,https://news.yahoo.co.jp/articles/21585c6336c01f60507611157e3021fe8cabeaf3,8/8(木) 12:09
rkbv,RKB毎日放送,フォアグラと日本酒「最高に合います」　フランスで日本の酒は高級酒,https://news.yahoo.co.jp/articles/b161866d00c5cc54f111d42f32a6d3a9f11ca30f,8/8(木) 11:38
rkbv,RKB毎日放送,JR博多駅近くで発生した50歳男性切りつけ事件　15歳男子高校生と16歳女子高校生を殺人未遂疑いで逮捕　男性は女子高校生の元交際相手,https://news.yahoo.co.jp/articles/0713567d428a95fef6a5d3f48559d39917e335a7,8/8(木) 11:27
rkbv,RKB毎日放送,「便利すぎて引っ越せない」　福岡の「住みここちランキング」1位は5年連続で「薬院大通」,https://news.yahoo.co.jp/articles/4e511eef2f4102741a6d80202e8b5327fcfda7c1,8/8(木) 10:51
rkbv,RKB毎日放送,女子中学生がロボット作り　ピンポン球運びに挑戦!,https://news.yahoo.co.jp/articles/d455b73ead89b4194c1d7de5287156f891d6f0ad,8/8(木) 8:08
rkbv,RKB毎日放送,九州の交通の要衝「鳥栖市」が佐賀県の「住みここちランキング」トップ　2位は「江北町」,https://news.yahoo.co.jp/articles/75183d42b3d35fc63d8452123c92a9ab3a2a3e23,8/7(水) 19:22
rkbv,RKB毎日放送,「すしの都　北九州協議会」設立　国内外に北九州の寿司をアピール,https://news.yahoo.co.jp/articles/410e6cd4398319e4b5acd7d0967a4fc6e3a3876d,8/7(水) 18:28
rkbv,RKB毎日放送,「大丈夫ですか?」「はい」　それでも振り返った高校1年生　”とっさの判断”が車道に倒れた85歳男性を救う,https://news.yahoo.co.jp/articles/4afeda8b589fa289df02f6867353cf23e6d72715,8/7(水) 18:12
rkbv,RKB毎日放送,「国境通信」オクラを作ろう！ようやく動き出した事業　川のむこうはミャンマー～軍と戦い続ける人々の記録＃5,https://news.yahoo.co.jp/articles/f1c2d977221dd56d6b440b0a15971fefe4cf0414,8/7(水) 17:04
rkbv,RKB毎日放送,五輪選手への誹謗中傷に松尾潔が警告「指先で人命奪う実例見ているはず」,https://news.yahoo.co.jp/articles/a719531dc1717e890a46c0a8f3f21959673df881,8/7(水) 16:12
rkbv,RKB毎日放送,「朝起きたら家の周りが海のようになっていた」深夜の雨の音に気づかず・・・避難所で食事の知らせも聞こえない　聴覚障害者の現実を漫画で描く,https://news.yahoo.co.jp/articles/59eb98f3073ea0d2ed3d962366c9a36f1164d346,8/7(水) 13:42
rkbv,RKB毎日放送,立秋も厳しい「残暑」続く　福岡県は19日連続で熱中症警戒アラート発表,https://news.yahoo.co.jp/articles/8faceff145baf4419012e39e453f13aa646b1732,8/7(水) 12:22
rkbv,RKB毎日放送,フェリーの乗船客が行方不明に 荷物を船内の部屋に残し 大阪南港→新門司港に到着時いないことに気づく,https://news.yahoo.co.jp/articles/e6685c33ddfccdcb5a6a63202db107bdc23cf8d0,8/7(水) 10:53
rkbv,RKB毎日放送,台風5号発生か 10日（土）～11日（日）お盆休みの期間中、関東や東北・北海道に接近のおそれ,https://news.yahoo.co.jp/articles/008de3b583de7d2e9f61a54dc1468bcb0b14cd01,8/7(水) 10:32
rkbv,RKB毎日放送,「カッとなって刺した」知人男性を刺した殺人未遂の疑いで74歳の男を逮捕　直前にトラブルか,https://news.yahoo.co.jp/articles/966342a4158889002b1152b550a6da88c4a060d2,8/6(火) 22:59
rkbv,RKB毎日放送,ラーメン、おむすびにうどんも…海外で日本食がブーム!福岡の人気店もパリに進出,https://news.yahoo.co.jp/articles/5779ae08685031369624c3d60deed8c300a73b06,8/6(火) 19:19
rkbv,RKB毎日放送,寿司と「ド派手」衣装のファッションショーで街をPR　北九州空港サマーコレクション,https://news.yahoo.co.jp/articles/9fedbfa5fd1bd907d7c9c662c5a6795c5c11dd3a,8/6(火) 19:17
rkbv,RKB毎日放送,「不登校って何?」海外のビジネスコンテストで繰り返された質問に目からウロコ　参加した高校生が感じた学びの可能性「枠を外れてもいいんだ」,https://news.yahoo.co.jp/articles/07902be0b555d0a54c312589dab03d55ba9c6546,8/6(火) 19:02
rkbv,RKB毎日放送,野菜も”夏バテ”　水分足りず硬いオクラに　農家も「この暑さは異常です」,https://news.yahoo.co.jp/articles/9ac2b0b4903e41998daa69dd647842edb88ccf24,8/6(火) 18:21
rkbv,RKB毎日放送,オリンピック「敗れた日本選手に怒る」ナショナリズムにあおられる知人,https://news.yahoo.co.jp/articles/851a5f1a67492c148649e62b170d19cfac115c9b,8/6(火) 17:31
rkbv,RKB毎日放送,国会議員の香典に捜査のメス「特捜部は裏金の捜査をあきらめていない」,https://news.yahoo.co.jp/articles/f412fdc7ab24e5cf5ee139bdeee178f936e1aa80,8/6(火) 16:34
rkbv,RKB毎日放送,「私は、戦争の何を知っていたのか」堀川惠子さんの傑作ノンフィクションが学生に与えた印象,https://news.yahoo.co.jp/articles/c6b79373ed3075904a1fcc6ffaec2e173012cb30,8/6(火) 16:13
rkbv,RKB毎日放送,「仕事でもテキパキしていてすごいなと思った」子供たちが親のお仕事参観　西部ガスホールディングス,https://news.yahoo.co.jp/articles/06285f8d022a8134456c52bb97146844bf0f2877,8/6(火) 14:46
rkbv,RKB毎日放送,「原子爆弾は絶対に使ってはならないものだと日本が語り継いでいかなくては」　広島原爆「平和の火」八女市平和祈念式典,https://news.yahoo.co.jp/articles/cf664b231ec9ea238aae1ee80a024c895916fbb6,8/6(火) 12:06
rkbv,RKB毎日放送,「車は役に立たない」パリが自転車大国になった　脱”車社会”をめざす都市がとった驚きの施策,https://news.yahoo.co.jp/articles/b38088649edbb54bc16f1809eac65cbb7e5e9bc2,8/6(火) 11:53
rkbv,RKB毎日放送,低軌道衛星を使った通信で遠隔手術　手術支援ロボットがブタの左肺を切除,https://news.yahoo.co.jp/articles/19a9b85a19343241c9923a041beb6aff32386c70,8/5(月) 19:11
rkbv,RKB毎日放送,「フェンシングは絶対向いていない」と語っていた福島史帆実選手　高嶋理紗選手と団体で銅メダル　「タレント発掘事業」で見出された2人の才能,https://news.yahoo.co.jp/articles/dd8f70f5a260d423298dfa97ec225afe202bdb86,8/5(月) 18:36
rkbv,RKB毎日放送,サイバー犯罪の「専門捜査官」　警察が大学生を対象に講習会,https://news.yahoo.co.jp/articles/5eb4041e69865409a43e19bfc417c8c5a2d3e8e7,8/5(月) 17:12
rkbv,RKB毎日放送,増える高齢者の「てんかん」　認知症と間違えて見逃されるケースも,https://news.yahoo.co.jp/articles/f040ff51b6203b77040e1018ad88048fb8cc59ed,8/5(月) 16:51
rkbv,RKB毎日放送,「コジキ以下の老いぼれ糞婆さん　キャッシング不可能ですけど」姉を殺したホームレスの妹（52）に、知人の女（47）が事件当日おくったメッセージ　裁判は2審へ,https://news.yahoo.co.jp/articles/235c6c5e8d3e20599cfa75ea2986052118e5048a,8/5(月) 14:59
rkbv,RKB毎日放送,久留米で39.5℃　福岡県内の観測史上最高に並ぶ　各地で今年1番の暑さ,https://news.yahoo.co.jp/articles/6ac45a9133214a6d6d3cb277184aa2ac097ce1bc,8/5(月) 14:11
rkbv,RKB毎日放送,樹皮をはがして木を枯らす「皮むき間伐」木材軽量化で伐採や搬出が簡単に　親子連れが体験,https://news.yahoo.co.jp/articles/3af15972f0928d1ebb03026e8864cccf8fd2d1ad,8/5(月) 13:08
rkbv,RKB毎日放送,認知症の人に寄り添い「見る」「話す」「触れる」「立つ」を柱とする「ユマニチュード」　福岡市共催で来月学会を開催,https://news.yahoo.co.jp/articles/3e825ef13af187e97cfbe9bd592e689c3c7c63ef,8/5(月) 11:59
rkbv,RKB毎日放送,「いつもの彼女の笑顔、レースを楽しんだと思う」パリオリンピック競泳女子メドレー鈴木聡美選手を地元住民が応援,https://news.yahoo.co.jp/articles/7c2aa1fad7f8f0a9eb3b1c4436b748cbf045feb0,8/5(月) 11:56
rkbv,RKB毎日放送,4歳男児が意識不明になる水難事故受け　志賀島海水浴場における合同海浜パトロール,https://news.yahoo.co.jp/articles/da626238fd64092609a2e0ffaa6fe7ec475217dc,8/4(日) 14:46
rkbv,RKB毎日放送,久留米市で最高気温39℃・大牟田市で暑さ指数「37」予想　危険な暑さに警戒を,https://news.yahoo.co.jp/articles/fde6a9ba75083c061f6d314c74bb7b8f1e74eac7,8/4(日) 12:12
rkbv,RKB毎日放送,医師・中村哲さん写真展　医療活動の写真を中心に母校の九州大学・医学図書館で,https://news.yahoo.co.jp/articles/23aec17269e7578ab9ffbb272eede038b548ea25,8/4(日) 12:12
rkbv,RKB毎日放送,元Jリーガーによる子どもサッカー教室開催　本山雅志元選手ら参加,https://news.yahoo.co.jp/articles/3d535ff7e185b9fb642dd721922bbb3dc56412f0,8/4(日) 7:29
rkbv,RKB毎日放送,夏の風物詩「わっしょい百万夏まつり」が開幕　市内7つの祭りが集まる「夏まつり大集合」も,https://news.yahoo.co.jp/articles/744f3cec4a0858b49b30b44c27ef6511ed4efafa,8/3(土) 18:02
rkbv,RKB毎日放送,RKBアナウンサーによる朗読会「お話能舞台」　朗読で松尾芭蕉「奥の細道」の世界へ,https://news.yahoo.co.jp/articles/50e128a42449fc6a1486f44d3fd232305e1feebc,8/3(土) 17:57
rkbv,RKB毎日放送,300人が静かな熱戦繰り広げる　子供の将棋大会　日本シリーズにあわせて開催,https://news.yahoo.co.jp/articles/b658e5c99abfc6235a49a0f9049c8379364912e8,8/3(土) 12:57
rkbv,RKB毎日放送,女性（38）が投資名目で約500万円 出金手数料や税金名目で約900万円　計1400万円以上をだまし取られる,https://news.yahoo.co.jp/articles/e3d9f90a4bf342639a6f703a57f95194caa9aaa3,8/2(金) 22:57
rkbv,RKB毎日放送,SNS型ロマンス詐欺か　男性が女性名義のアカウントから約500万円を騙し取られる　このほかにも3度の被害,https://news.yahoo.co.jp/articles/95199e810d453b0db5f0c315543322c2d65d9127,8/2(金) 22:57
rkbv,RKB毎日放送,30歳の特攻隊長　嘆願書に書かれた「とりかえしのつかぬ不運」～28歳の青年はなぜ戦争犯罪人となったのか【連載：あるBC級戦犯の遺書】＃53,https://news.yahoo.co.jp/articles/1c9936b09cdfa583feafe695e5261491dd6424f5,8/2(金) 22:01
rkbv,RKB毎日放送,「きょうはまじめに仕事をしてかっこよかった」夏休み中の子供たちが親の職場を見学,https://news.yahoo.co.jp/articles/55017f370288b36ba4d016566deb65bdc06d1509,8/2(金) 19:06
rkbv,RKB毎日放送,「オスプレイの機体自体に構造上の欠陥ない」九州防衛局が佐賀県庁にオスプレイ墜落事故を説明,https://news.yahoo.co.jp/articles/e7bd6b52196508507bb604ae81e507b59af2c353,8/2(金) 18:28
rkbv,RKB毎日放送,"「いつか祖国でプロレスの試合を」内戦で難民となったシリア人レスラー　""九州プロレス""に参戦",https://news.yahoo.co.jp/articles/ef8e54fedb3c33c944e0e36535dcf23cb65f7742,8/2(金) 18:12
rkbv,RKB毎日放送,エアコンどっち?　睡眠時はつけっぱなし?切タイマー?　節電暑い時は風量強?1℃下げる?　節電風量は弱?自動?　節電風向きは水平?斜め下?,https://news.yahoo.co.jp/articles/bcc7f31bc75ac20c37b0f5b6625087ee9e193a9d,8/2(金) 17:22
rkbv,RKB毎日放送,採れたて野菜を「特急列車」で輸送　宗像市→博多駅まで27分　JR九州と宗像市が実証事業,https://news.yahoo.co.jp/articles/3a84e28f1e4719443bb1a871e57f66b3cbbdde5a,8/2(金) 16:48
rkbv,RKB毎日放送,福岡県太宰府市で初の39℃台　観測史上最も暑い日に,https://news.yahoo.co.jp/articles/d86b93d306de9cc9687efdc75ce91f5750ec2142,8/2(金) 15:48
rkbv,RKB毎日放送,サニーブランド引き継ぐ方針　買収完了したイズミが表明,https://news.yahoo.co.jp/articles/1d627f7f0b22408604196edc529a499088f71088,8/2(金) 15:24
rkbv,RKB毎日放送,福岡銀行　西日本シティ銀行 　普通預金の金利引き上げへ　　　0．02％→0．1％,https://news.yahoo.co.jp/articles/3bc5124d65acb98ccb8ac8c4a446488c16892cd2,8/2(金) 14:27
rkbv,RKB毎日放送,「こんな難しいことを一瞬でしているんだ」中学生が半導体工場を見学,https://news.yahoo.co.jp/articles/1d80254f708db893581f647f79eaf9804155db6f,8/2(金) 12:38
rkbv,RKB毎日放送,「お疲れ様、お疲れ様しかないです」競泳鈴木聡美選手　地元・遠賀町で盛り上がり,https://news.yahoo.co.jp/articles/3091967d6edf89fe21bfd56c4ec209ae6e289737,8/2(金) 12:36
rkbv,RKB毎日放送,姉への強盗殺人　一審判決で無期懲役のホームレスの女（52）が控訴,https://news.yahoo.co.jp/articles/b97e2176e33a387d4e027a8cc6ebe2f78cc29c89,8/2(金) 11:30
rkbv,RKB毎日放送,北九州市の住宅街で高齢夫婦が乗る軽乗用車が階段から落ちブロック塀に衝突　運転していた夫（79）が意識不明の重体,https://news.yahoo.co.jp/articles/766aa9138dac99548e7a77d8d8325b9598ad4b9a,8/1(木) 23:14
rkbv,RKB毎日放送,8月は「飲酒運転取締り強化月間」幼い3人の命奪った事故風化させず、撲滅へ　警察がパトロール強化,https://news.yahoo.co.jp/articles/f7a82af573fb568fc559d27bb8e5540357affa2e,8/1(木) 19:49
rkbv,RKB毎日放送,「金銭得るために考えられた計画的犯行」　姉を殺害し通帳など奪ったホームレスの女（52）に無期懲役の判決,https://news.yahoo.co.jp/articles/acfce6bc138395b3fbffd1360db858e96a8865d6,8/1(木) 19:38
rkbv,RKB毎日放送,生ごみ→堆肥→家庭菜園　パリで広がる「コンポスト」　開発したのは福岡の企業　難民の就労支援にも,https://news.yahoo.co.jp/articles/3011e711716a776b79df4f0c67998733e8f61c0d,8/1(木) 19:16
rkbv,RKB毎日放送,「アジアは成長率は高め、インフレ率が低め」アジア金融・経済フォーラム　福岡市で開催,https://news.yahoo.co.jp/articles/ec5bcd8e58b0bb9bdad9e63820a9c564e72f9454,8/1(木) 19:06
rkbv,RKB毎日放送,元妻の交際相手をハンマーのようなもので殴り殺害しようとしたか　会社員の男2人逮捕,https://news.yahoo.co.jp/articles/8b4aaf8371a699fcee076fc40b353698e08dea3c,8/1(木) 18:59
rkbv,RKB毎日放送,8月の食品値上げ642品目　値上げの勢いは後退感・・・一方で価格据え置きで量減らす「実質値上げ」広がる,https://news.yahoo.co.jp/articles/e298cc5fe380dd676027c5f8da0383f7fbfa1b46,8/1(木) 18:41
rkbv,RKB毎日放送,暑さで野菜が爆発!?　野菜価格が高騰する中、1日からプレミアム付き商品券販売,https://news.yahoo.co.jp/articles/ee1150b775fe0e489348544ff66e3a7f0b9ff783,8/1(木) 18:13
rkbv,RKB毎日放送,パリ五輪で「突出するドーピング検査数」に不満募らす中国,https://news.yahoo.co.jp/articles/80b67333c40b640bb3858e3b7dbdc553ed0c8be5,8/1(木) 17:41
rkbv,RKB毎日放送,九州大学　覚醒剤取締法違反容疑で逮捕の男性教員を懲戒解雇　聞き取りに「インターネット経由で購入した」,https://news.yahoo.co.jp/articles/5d7bbb4952a15d347ed99606c47e747d6b29773c,8/1(木) 16:41
rkbv,RKB毎日放送,パトカーに追跡されていた2人乗りの原付バイクが転倒　16歳の少年がけが　同乗者は逃走,https://news.yahoo.co.jp/articles/c887a2d17c4a2e55b2f2e2b8e9529e01d7629421,8/1(木) 16:24
rkbv,RKB毎日放送,”水の大切さ、川の恩恵を実感して節水を”「水の日」にあわせ「水」キャンペーン,https://news.yahoo.co.jp/articles/043f917ecc06d70b0bd648528f0257d69d36774e,8/1(木) 15:22
rkbv,RKB毎日放送,ホームレスの女（52）に無期懲役の判決　姉に対する強盗殺人に問われた辻和美被告,https://news.yahoo.co.jp/articles/fc8ea2a26eaaf7c4c27136082fdb0880a176575c,8/1(木) 15:02
rkbv,RKB毎日放送,新型コロナは11週連続増加　A群溶血性レンサ球菌咽頭炎と手足口病は警報レベル続く　福岡県,https://news.yahoo.co.jp/articles/0b30edacd2ebc28ddbb0648baac28b94d2a9bc42,8/1(木) 14:13
rkbv,RKB毎日放送,北九州に半導体「後工程」世界最大手の台湾ASE進出へ　市有地売買で仮契約　市長「シリコンシティ構築の動き加速に期待」,https://news.yahoo.co.jp/articles/44518867aabe34b06fd06a2665dbfb36f7b8f0c8,8/1(木) 11:58
rkbv,RKB毎日放送,「持ち味である粘り強い野球をして先輩たちができなかった1勝を・・・」有田工業高校野球部　甲子園へ向け出発,https://news.yahoo.co.jp/articles/0428812c8c8494912aa7cb60113f5ec03c2cbf8d,8/1(木) 11:44
rkbv,RKB毎日放送,北九州～羽田　新たに貨物便就航　深夜早朝に1往復「寝ているうちに運べるので新しい需要創出に期待」,https://news.yahoo.co.jp/articles/6658b6cff0f666e13dcaf05de7613e187f25e792,8/1(木) 7:59
rkbv,RKB毎日放送,九州電力「電力需給に余力　適切に冷房の利用を」,https://news.yahoo.co.jp/articles/8938edd36a5170673313f95836b9fe30c783601f,8/1(木) 6:53
rkbv,RKB毎日放送,北九州市と福岡県警 安全・安心な街づくりで連携確認,https://news.yahoo.co.jp/articles/f9ec1465535f7c0faabd5b5ae4f84aa8bbeda628,7/31(水) 23:48
rkbv,RKB毎日放送,死刑囚の訴えを一部認める判決　福岡地裁「養子縁組した3人は親族　手紙のやりとり不許可とされない」　国への損害賠償請求は棄却,https://news.yahoo.co.jp/articles/98aa9d876a1a9e8ebb89431269691d1081d94ea9,7/31(水) 21:46
rkbv,RKB毎日放送,【ソフトバンク】僅か1日で優勝マジック消滅,https://news.yahoo.co.jp/articles/b9a48c47735ec15a5a710a9bb98b5c7df40ff23e,7/31(水) 21:06
rkbv,RKB毎日放送,オリンピックの次はパラリンピック　連覇期待の女子マラソン・道下美里選手（47）地元で壮行会,https://news.yahoo.co.jp/articles/d54a243fb0d322f76e3db1ad3c4c89190af6784e,7/31(水) 19:27
rkbv,RKB毎日放送,「福岡に優勝旗を」夏の甲子園出場の西日本短大附属高校が知事表敬,https://news.yahoo.co.jp/articles/7acf8c893ec1b495821ae685322ef16775c56757,7/31(水) 19:08
rkbv,RKB毎日放送,西部ガス第1四半期連結決算　4期ぶりの減収・減益　LNG価格の下落などが背景,https://news.yahoo.co.jp/articles/7dba3ea88fc89a58cc373aa5e5a7f7ee6020695e,7/31(水) 18:38
rkbv,RKB毎日放送,パリ6区の人気カフェ　メニューに「八女茶」　注文客は「まるで香水のような香り」,https://news.yahoo.co.jp/articles/34310ae8eee8c41ad918ad02cf1e49e678c4a0a6,7/31(水) 18:08
rkbv,RKB毎日放送,死亡したのは50歳のパイロット男性と70歳の整備士男性と判明　福岡県柳川市のヘリ墜落事故　運航会社を家宅捜索し原因捜査,https://news.yahoo.co.jp/articles/f341eef220b34afff017a01004ea96734fe2ca37,7/31(水) 17:29
rkbv,RKB毎日放送,かすれ模様と柔らかな風合い　豪雨で打撃を受けた伝統の「久留米絣」　デパートのイベントが復興の力に,https://news.yahoo.co.jp/articles/a2e73dbb245f18ac0b6fbc66352a08edd8860cad,7/31(水) 17:15
rkbv,RKB毎日放送,「大親友」「債権者と債務者の関係」食い違う被告2人の証言　ホームレスの女（52）は姉の首を絞めて殺害したのか　あす判決,https://news.yahoo.co.jp/articles/9389bb1d379f7b84a7fba8e69081b2de6ca262fb,7/31(水) 16:04
rkbv,RKB毎日放送,動物園に4頭のゾウがやってきた!　全面公開は10月末ごろ予定も離れた場所からは見ることが可能　福岡市動物園,https://news.yahoo.co.jp/articles/60447f075d472685e37f173546595c96683dcc8c,7/31(水) 16:04
rkbv,RKB毎日放送,中学校の屋外プール～校舎を裸足で往復　中1女子生徒21人がやけど　5人の遅刻を受け女性教員が移動時間の計測を全員に指示,https://news.yahoo.co.jp/articles/dcc18a6094cbe2bef7561e9fc2d5b5f5093b400c,7/31(水) 15:34
rkbv,RKB毎日放送,お仕事体験や工作で”自分の可能性に気づいてほしい”　夏休み中の子どもたちにチャレンジイベント,https://news.yahoo.co.jp/articles/3ffff385c3ee9f3f6e7ef1ca88aa3a7e7f770ef0,7/31(水) 12:06
rkbv,RKB毎日放送,4頭のゾウ　福岡市が名前を公募　10月の公開前でも「離れた場所からは見えることも」,https://news.yahoo.co.jp/articles/036be1b50a2d46eef00d10b5dbab3ef5ef30ddf4,7/31(水) 11:56
rkbv,RKB毎日放送,21年ぶりに福岡で上演　劇団四季「オペラ座の怪人」2025年秋に,https://news.yahoo.co.jp/articles/277b70c458abb0114fbacd5c876b28389222d7aa,7/31(水) 4:02
rkbv,RKB毎日放送,北九州モノレールの軌道の一部が道路に落下　水分を含んで柔らかくなったことが原因か,https://news.yahoo.co.jp/articles/bde7cf8902989a2e872ca4d96ae64b69aa34cd4a,7/31(水) 0:02
rkbv,RKB毎日放送,【ソフトバンク】ついに優勝マジック42が点灯!,https://news.yahoo.co.jp/articles/b005c09c3be0e94f42fb312d7a00cfd4120669c9,7/30(火) 23:12
rkbv,RKB毎日放送,鬼木誠防衛副大臣　選挙区内で海自が持ち帰った「南極の氷」を配布　鬼木氏「公選法違反には抵触しないと考える」とコメント,https://news.yahoo.co.jp/articles/a908324fc2a7a4d4cafba5ec55537235e23f3856,7/30(火) 22:22
rkbv,RKB毎日放送,「私の中にも植松聖はいる」障害者殺傷事件から8年…差別を考える人びと,https://news.yahoo.co.jp/articles/124cea2e53b08745ba24fe8d084ef7df005f003c,7/30(火) 20:04
rkbv,RKB毎日放送,4頭のゾウ福岡市動物園に引っ越し完了　ミャンマーから20時間を超える長旅,https://news.yahoo.co.jp/articles/06548a6032b091ab1761a1abc005625de7e9f0e6,7/30(火) 19:31
rkbv,RKB毎日放送,人口増も「高齢者の一人暮らし率が高い」福岡市　老人福祉センターを「福岡100プラザ」にリニューアル,https://news.yahoo.co.jp/articles/d03c9bd9ccf5fe41fcd32e3edc022dd4badcbb5d,7/30(火) 19:06
rkbv,RKB毎日放送,「未経験者でも使える」インフラ点検に新技術　老朽化進む橋やトンネル・・・建設業界の人手不足解消に一役,https://news.yahoo.co.jp/articles/d392cc95df591780badfb2809953a38792c68416,7/30(火) 18:49
rkbv,RKB毎日放送,「学力テスト」小学生対象と思って甘く見たら誤答…それで考えたこと,https://news.yahoo.co.jp/articles/debe3678fc9c95f484f9f89fbcdadd926a95612f,7/30(火) 18:08
rkbv,RKB毎日放送,「まじ、やばすぎた!」　スケボーキッズたちの興奮　パリオリンピックで膨らむ夢,https://news.yahoo.co.jp/articles/05deb99c87f9014d460dca73e68c3e0cb2461770,7/30(火) 17:57
rkbv,RKB毎日放送,松尾潔・パリオリンピック開会式に「フランス文化の重層性をみた」,https://news.yahoo.co.jp/articles/b8a4a677599583b1748d3fb5260ae5268ddc885d,7/30(火) 17:34
rkbv,RKB毎日放送,サザエ1590キロを産地偽装「韓国産」「山口産」を「長崎産」に　若宮水産に是正を指示　九州農政局,https://news.yahoo.co.jp/articles/6b9f0886c40de53ad53c486c288d00acaf2eb077,7/30(火) 17:14
rkbv,RKB毎日放送,福岡県が投資銀行と連携協定　電動車の開発・生産拠点めざし地場企業を支援へ,https://news.yahoo.co.jp/articles/817ad68fdaec71b6275de44e3f56f34c88ad7556,7/30(火) 17:04
rkbv,RKB毎日放送,台湾語?それとも南（びんなん）語?…台湾で巻き起こる名称論争,https://news.yahoo.co.jp/articles/2ceaec8bef40aa22ee0fa789a64c2188966dc783,7/30(火) 16:54
rkbv,RKB毎日放送,海水浴場で4歳の子供2人が浮き輪から海に転落し沖に流された水難事故　意識不明の男の子の治療続く,https://news.yahoo.co.jp/articles/4a58449a2a79375ba3d4162cc26b2f0746ecc880,7/30(火) 16:00
rkbv,RKB毎日放送,県税収入7501億円　3年連続で過去最高を更新　福岡,https://news.yahoo.co.jp/articles/2a27ba6b72a325980499b37e6608aea74602c960,7/30(火) 15:34
rkbv,RKB毎日放送,「どうやったら知事になれる?」小学生が福岡県知事に直撃　夏休み子ども企画展　知事室も見学,https://news.yahoo.co.jp/articles/ce9347977e6cc6b6c13159431b49227b15d89978,7/30(火) 15:14
rkbv,RKB毎日放送,柳川市ヘリ墜落2人死亡事故　機体が空中で3つに分離か　運輸安全委員会「原因究明には困難を要する」,https://news.yahoo.co.jp/articles/75c310a008a50af911d40a9ed9b63276e7127b2a,7/30(火) 12:09
rkbv,RKB毎日放送,指導員の教習技術を高める　自動車学校教習競技大会,https://news.yahoo.co.jp/articles/06d65ca58dad28da11d04e6ffc6d330074a712cb,7/30(火) 0:09
rkbv,RKB毎日放送,「戸畑祇園大山笠」に不協和音　今年は競演会に不参加の団体も　5年前”工藤会の宴会”を機に態勢変更の振興会　山笠団体の復帰は是か非か,https://news.yahoo.co.jp/articles/cb1cf684d797b19d27ed5ced54779393d65988ff,7/29(月) 17:54
rkbv,RKB毎日放送,【元警察官の銃撃事件】「実行犯逃走のバイク運転したが、殺意なく共謀していない」殺人未遂罪に問われた道仁会系組幹部の男（40）初公判で,https://news.yahoo.co.jp/articles/f85e8b9256d4456139c28525c1f2414dfb0220dc,7/29(月) 17:08
rkbv,RKB毎日放送,【結果】全国学力・学習状況調査福岡は「数学」が全国平均下回る,https://news.yahoo.co.jp/articles/6d60bcda1d60506cb5ef72e36e9409f76d6ab1a9,7/29(月) 17:01
rkbv,RKB毎日放送,パリオリンピック　競泳・鈴木聡美選手に地元から熱い声援,https://news.yahoo.co.jp/articles/f9b7eae6afa805de91ce52a7668be67212c3a8da,7/29(月) 12:16
rkbv,RKB毎日放送,「悪に対しては毅然とした態度で臨む」「何事も積極的に」　福岡県警察学校で卒業式,https://news.yahoo.co.jp/articles/eae9fc12a71959a5ddbfc6f7a9a2a98a4d11e8d8,7/29(月) 12:06
rkbv,RKB毎日放送,小型の扇風機で暑さをしのぐ人も　28日も熱中症警戒アラート発表　エアコンの適切な使用と水分補給を心がけて　福岡・佐賀,https://news.yahoo.co.jp/articles/09ede189ae3ca88ab6f7c76b43157bbcf5ce39ab,7/29(月) 1:17
rkbv,RKB毎日放送,普段見ることが出来ない選手の浴衣姿に700人のファン感激!　アビスパ福岡のファン感謝祭,https://news.yahoo.co.jp/articles/8d0d0b9ad1e1aabefd2a03c8ca2cbad22cda80db,7/29(月) 1:14
rkbv,RKB毎日放送,男子トイレを素手で掃除「おしっこが飛び散っていて。気持ち悪かった」　女子児童に指示した小学校の職員「できるだけきれいな校舎にして卒業生を送り出したかった」,https://news.yahoo.co.jp/articles/43ff27ae2775f2b01fc6debca369a400b7953a49,7/28(日) 12:02
rkbv,RKB毎日放送,災害から身を守る方法を気象台で学ぶ　防災・お天気フェア,https://news.yahoo.co.jp/articles/becaa20c460c1b1d87df912c989554282af3c33c,7/28(日) 12:02
rkbv,RKB毎日放送,「言うことを聞かないと殺される」20歳の男が12歳女子児童に性的暴行  通学路で起きた卑劣な犯罪に、判決は懲役6年6か月,https://news.yahoo.co.jp/articles/2d11b5e3d0d25ea42a791d18b8363c3468501636,7/27(土) 22:06
rkbv,RKB毎日放送,秋篠宮さま「暑さ対策などに心を配られつつ、日頃の成果を大いに発揮されることを期待」インターハイ開会式で高校生を激励,https://news.yahoo.co.jp/articles/1dd2afc0e302738398984a810876510de7672df4,7/27(土) 17:57
rkbv,RKB毎日放送,”胃が20倍以上ふくらむ””小腸の長さは身長の5倍”「人体のサバイバル!　IN　北九州」遊びながら学ぶ体験型イベント,https://news.yahoo.co.jp/articles/9e54f9f2c3be3875dd86aa3c30b1705a3b0230e0,7/27(土) 16:24
rkbv,RKB毎日放送,高校生が市長に政策提言「リバースメンター」時事ユーチューバー・たかまつななさんも一役,https://news.yahoo.co.jp/articles/414ce294a8fdfca3fde2b50418312d9bed7f7256,7/26(金) 19:24
rkbv,RKB毎日放送,秋篠宮ご夫妻が福岡に　インターハイの会場などを視察　27日は総合開会式にご臨席,https://news.yahoo.co.jp/articles/91266c0cd00bd86c490da428d46b1956612f3902,7/26(金) 19:21
rkbv,RKB毎日放送,パリ五輪開幕　イオンでフランスフェア　ワイン・チーズなど一堂に　ピカールやティファールの人気商品も,https://news.yahoo.co.jp/articles/4c848114e875beaee67ee0626d2e579cec6fc2f6,7/26(金) 18:51
rkbv,RKB毎日放送,この暑さ…車内の温度はどうなる?　JAFが実験映像を公開　バス内に取り残された園児死亡事件から3年,https://news.yahoo.co.jp/articles/6dcc202ff4ba9e7e531143857e6e7d78eaa4bf35,7/26(金) 17:38
rkbv,RKB毎日放送,精神科病棟などに通院歴ある個人情報流出　延べ1万人分のディスク紛失　福岡・北九州市,https://news.yahoo.co.jp/articles/f52166efd8ce58387bd25c65711d6126ba5b9f67,7/26(金) 17:06
rkbv,RKB毎日放送,介護報酬約1500万円を不正請求　事業所の指定取り消し,https://news.yahoo.co.jp/articles/5452bf69f4eddda11668ea9f5feaef0696c056f7,7/26(金) 16:06
rkbv,RKB毎日放送,お盆期間の山陽新幹線の予約状況　去年の約1.2倍　ピークは下りが8月10日・上りは17日,https://news.yahoo.co.jp/articles/b14ad0731f516693c3feef3b6aaa3ba906609e50,7/26(金) 15:17
rkbv,RKB毎日放送,アメリカ軍兵士の性犯罪　福岡も非公表　県警「任意捜査事件は原則非公表とする運用にのっとった」,https://news.yahoo.co.jp/articles/1084ffed1f05daedcf3983de77b90ce717d5bf70,7/26(金) 14:12
rkbv,RKB毎日放送,「MMS=モバイルマッピングシステム」を導入　交通事故現場の測量時間を10分の1に短縮　「交通規制に伴う渋滞の緩和に期待」福岡県警,https://news.yahoo.co.jp/articles/dc217af3eda4abc2e60b0f05b99d9f58ebbd917b,7/26(金) 12:24
rkbv,RKB毎日放送,巨大地下空間に潜入　雨水を溜めて浸水被害防ぐ役割も「夏休み下水道たんけん隊」,https://news.yahoo.co.jp/articles/4f1fb546610f3fa85f4f099b033c659ddca35eb4,7/26(金) 12:02
rkbv,RKB毎日放送,夏の雷雨　航空機にも影響　16便が福岡空港に着陸できず,https://news.yahoo.co.jp/articles/b50254604ce67e8e4cca916525be9d567d526649,7/26(金) 10:53
rkbv,RKB毎日放送,「ヒルトン福岡シーホーク」みずほ傘下に　「みずほリース」の子会社が取得へ　8月下旬以降引き渡し,https://news.yahoo.co.jp/articles/068a8775a4c4fce5b9f2a80cf4acbafed1dabe05,7/26(金) 10:51
rkbv,RKB毎日放送,嘆願書「日本再建に極めて有用な青年」名前が書かれていたのは～28歳の青年はなぜ戦争犯罪人となったのか【連載：あるBC級戦犯の遺書】＃52,https://news.yahoo.co.jp/articles/251f6558a211d2c1e1980cc64716bc940712f124,7/26(金) 10:00
rkbv,RKB毎日放送,「車上狙いの被害に遭っているみたいですよ」女性に声をかけた男　刃物突き付け財布を奪い逃走　強盗事件として捜査,https://news.yahoo.co.jp/articles/8379423b7916d302e07aa09045dbdb12536c2d1e,7/26(金) 0:06
rkbv,RKB毎日放送,台湾の学生が北九州市の介護を学ぶ　老人ホーム見学,https://news.yahoo.co.jp/articles/52d5c5072d1c42c9b864b06ba367d1b63f05226f,7/26(金) 0:06
rkbv,RKB毎日放送,”危険な暑さ”ラジオ体操は汗だく　農作物に異変も　”熱中症”続出「家の中も危険」,https://news.yahoo.co.jp/articles/e178d7b6cac12b8737794569b5ea7a3d156edb94,7/25(木) 19:36
rkbv,RKB毎日放送,「戦場から離脱して日本に行きたい」SNSのメッセージを信じた58歳男性　飛行機代約100万円を振り込みだまし取られる,https://news.yahoo.co.jp/articles/9617b7e8ea1ab888d27d046f9bb2507237b310ce,7/25(木) 19:34
rkbv,RKB毎日放送,「高額な利益の出るイベントに参加してほしい」会社員の男性（72）　SNSに届いたメッセージから540万円の詐欺被害に,https://news.yahoo.co.jp/articles/953bb7e56865091cf330f087aec7b43f515210eb,7/25(木) 19:29
rkbv,RKB毎日放送,20代の自衛官を懲戒免職処分　駐屯地の寮で同僚の財布と現金1万円を盗んだか　陸上自衛隊・福岡駐屯地,https://news.yahoo.co.jp/articles/7d9fe4216bba249a3732f178d69d8efa619ca124,7/25(木) 19:06
rkbv,RKB毎日放送,「知的障害、発達障害の可能性を否定できない」姉への強盗殺人に問われたホームレスの妹（52）　弁護側、最終弁論で主張　売春し知人の女に5800万円を送金”謎多き事件”　8月1日に判決,https://news.yahoo.co.jp/articles/e0d923e44e25a54f02b9e685fc406ab6288e1bce,7/25(木) 18:57
rkbv,RKB毎日放送,なぜ?夏休みが短い!36日→25日に短縮　「児童にも教員にもメリット」その狙いとは,https://news.yahoo.co.jp/articles/f4b5053cd708d27b33eea821a5468089465b5c66,7/25(木) 18:21
rkbv,RKB毎日放送,「浮いて待ったら声も出せるし息もできる」小学生が溺れた時の対処法を体験　水難事故防止「水辺の安全講座」,https://news.yahoo.co.jp/articles/8c450e88a2c9b3a7c9cc67b03a4ad36433f7fe55,7/25(木) 16:22
rkbv,RKB毎日放送,JR九州　久大線　うきは～由布院　上下線とも運転見合わせ　大雨の影響,https://news.yahoo.co.jp/articles/19b0504b6b9acad7d633e197273f3fdc72c6a963,7/25(木) 15:39
rkbv,RKB毎日放送,妊婦に「マタニティギフト」29日から配布　人気パン店「シロヤ」地元ゆかりの選手を応援する企画も　北九州市,https://news.yahoo.co.jp/articles/8329bfa9ba4c513d89e71a7dc6cefac1684e4504,7/25(木) 13:51
rkbv,RKB毎日放送,新型コロナ10週連続で増加　10か月ぶりに感染者3000人超え　手足口病も警報レベル　福岡県,https://news.yahoo.co.jp/articles/a9012f1674c119f575bf33091fc2bae20ca34ad1,7/25(木) 13:43
rkbv,RKB毎日放送,”運転中に意識を失った可能性”も　大型ダンプカーがガードレールに衝突運転手の男性（63）死亡,https://news.yahoo.co.jp/articles/107de00b93da7c2af2ff90c6aebc58aeff9fe2ac,7/25(木) 12:41
rkbv,RKB毎日放送,久留米市や佐賀市で最高気温38℃予想!「体温超え」危険な暑さに警戒を,https://news.yahoo.co.jp/articles/1e18681efe5422e0d7f70830c436f7f4cc0076db,7/25(木) 12:29
rkbv,RKB毎日放送,国内最大級の「シャネル」が福岡に!来年春開業「ワンビル」に出店　西鉄「外国人観光客もターゲット」,https://news.yahoo.co.jp/articles/ceb76ec22f0dd7754773cf898f806e8c249d6c0b,7/25(木) 12:06
rkbv,RKB毎日放送,野村萬斎さん「ここほどいい能楽堂はない」福岡市の「大濠公園能楽堂」で受け継がれる伝統,https://news.yahoo.co.jp/articles/335467bc44bdaa0bdca356b754cda2d6caf87d2b,7/25(木) 11:06
rkbv,RKB毎日放送,「強盗ですけどお金を入れてください」カラオケ店で客の男が店員に刃物と袋を突きつけ約8万1000円を強盗　男は現在も逃走中,https://news.yahoo.co.jp/articles/66982e0012fc87ac93dbb58cabbe53ad44d9d8ad,7/25(木) 8:21
rkbv,RKB毎日放送,嘉穂劇場　開館から100年となる2031年度の再開を求める　検討委員会が飯塚市教育委員会に答申,https://news.yahoo.co.jp/articles/2b4e6d3ec69201c98349e5f01a019d8c20955e1f,7/25(木) 0:08
rkbv,RKB毎日放送,「ここはどこですか?」 乗客の一言に”とっさの判断”  認知症の男性を救った新人ドライバー「前職は看護師です」,https://news.yahoo.co.jp/articles/42c75037d218aed47cba2b9df6bd904b726da6f5,7/24(水) 20:29
rkbv,RKB毎日放送,【君はまだだまされるのか】投資詐欺・ロマンス詐欺　接触ツールの6割が「インスタグラム、ライン、フェイスブック」　被害はより若い世代にも,https://news.yahoo.co.jp/articles/11d1721adcad9d067f9dd6dcfff8d2889c49b5e7,7/24(水) 18:59
rkbv,RKB毎日放送,SNSで突然のDM　投資を勧誘され27歳女性1000万円超詐欺被害,https://news.yahoo.co.jp/articles/64efa65317faa883cdd3e932fb1c5869eb6d42ce,7/24(水) 18:54
rkbv,RKB毎日放送,「佐賀駅ルートが一番適している」JR九州古宮社長　九州新幹線西九州ルート「未整備区間」について改めて考え示す,https://news.yahoo.co.jp/articles/43cfb80e33d4071ba49a6dba603b322fa43ffe0c,7/24(水) 18:06
rkbv,RKB毎日放送,JR九州　新車両基地建設へ　候補地はJR貨物の東小倉駅　2031年度末ごろ竣工予定,https://news.yahoo.co.jp/articles/4647b2715b7f9d9374033ca78df824e44fef3ee5,7/24(水) 17:41
rkbv,RKB毎日放送,土用の丑の日　うなぎ店は大忙し　”老舗店のほぼ半額”リーズナブルなうなぎ専門店が急拡大,https://news.yahoo.co.jp/articles/140c8de70660ae6efae2520e6e9bc04d07411806,7/24(水) 17:29
rkbv,RKB毎日放送,船爆発のセメント工場でまた事故　クレーンから積荷落下し2人けが　20代男性は意識不明,https://news.yahoo.co.jp/articles/9e9e8c07a9c06c7a428000559214f6f104d9ae1b,7/24(水) 16:33
rkbv,RKB毎日放送,「ハンドパワーで病気が治る」アースハートなどに2440万円賠償命令　判決「科学的・医学的裏付け欠く」,https://news.yahoo.co.jp/articles/d3f94e5cafd7da78c5051dd722ee5b0b72e68757,7/24(水) 16:29
rkbv,RKB毎日放送,元毎日新聞オリパラ室長・パリ大会開幕をひかえ「その意義」を考える,https://news.yahoo.co.jp/articles/6fbfd6bbd43ea8115e298d8ead98e16d31ca29c8,7/24(水) 15:24
rkbv,RKB毎日放送,自転車で一方通行を逆送→警察官の制止無視→「赤切符」　自転車の事故増加で取り締まり強化,https://news.yahoo.co.jp/articles/f97407309bcf79470aa8697d3aedb2223a62f7cf,7/24(水) 12:59
rkbv,RKB毎日放送,「東京卍リベンジャーズ」の原画や等身大フィギュアが公開　最終決戦の裏側ストーリーも,https://news.yahoo.co.jp/articles/21836943042193c9b4a07a446a8d48975187d570,7/24(水) 12:31
rkbv,RKB毎日放送,全屋台の営業情報をLINEで確認できる新サービス　福岡市が開始　おすすめ屋台も紹介,https://news.yahoo.co.jp/articles/d1de5033149f54fd5ef0b8d69621b504c975b6d6,7/24(水) 11:46
rkbv,RKB毎日放送,“金銭への関心が薄い”女が4700万円を脱税した理由　判決が指摘「事務作業が極めて不得手→急激に人気漫画家となった→事務作業から逃げ続けた」　人気漫画「薬屋のひとりごと」“ねこクラゲ”裁判,https://news.yahoo.co.jp/articles/36265553c83962f0ff3667975020a7fdbb00b732,7/24(水) 11:35
rkbv,RKB毎日放送,「車の上でぴょんぴょん。ミラーにおしっこ。エンジンかけても逃げず」サルに襲われた女性“恐怖の10分間”,https://news.yahoo.co.jp/articles/6c6e32e3d075a988265ebbdd051283981c1bd4ab,7/24(水) 11:24
rkbv,RKB毎日放送,「なぜ原爆は広島に?」疑問を解くカギは陸軍の「船」にあった　陸軍船舶司令官の視点で見るアジア・太平洋戦争,https://news.yahoo.co.jp/articles/946fb67fd63ff2a327a3c89bfb8a7eb68e0b9bdb,7/24(水) 11:02
rkbv,RKB毎日放送,「福岡県航空機産業振興会議」総会,https://news.yahoo.co.jp/articles/3639fd7256e3b0ff094acc52134b91c22cb003db,7/24(水) 0:02
rkbv,RKB毎日放送,福岡親善大使・國崎成美さんが一日警察署長に　”性犯罪の抑止”呼びかけ,https://news.yahoo.co.jp/articles/bee40fed29e94d58e53c7014674b5b4db65889ce,7/23(火) 20:29
rkbv,RKB毎日放送,黄色と淡いグレー　涼しいのはどっち?　表面温度の変化、服の色で変化,https://news.yahoo.co.jp/articles/78d64d599f497e6871dae96829cf16a61c682766,7/23(火) 18:28
rkbv,RKB毎日放送,大型で強い台風3号　最接近は24日の午前　最新の進路予想,https://news.yahoo.co.jp/articles/3dabf4c77edb459ee555e13d5fc816851f45ac83,7/23(火) 18:22
rkbv,RKB毎日放送,学校現場に「トヨタの生産方式」導入　教員の働き方改革　宗像市の小学校が全国初の取り組み,https://news.yahoo.co.jp/articles/321c7bbaa5b7dc4f62a8f03f61c85fdc93aabc0b,7/23(火) 18:11
rkbv,RKB毎日放送,台湾の銀行が福岡市に出張所を開設　TSMCの熊本進出で商機「福岡の地方銀行とも協力してサービス提供したい」,https://news.yahoo.co.jp/articles/b599515272de527e8061cad01918d394ecf966ce,7/23(火) 17:54
rkbv,RKB毎日放送,佐賀県立大学は佐賀総合庁舎敷地に建設へ　2028年度の開学めざす,https://news.yahoo.co.jp/articles/29c454c6ee09397e21ecb79be8ed3f7d02acbd63,7/23(火) 17:19
rkbv,RKB毎日放送,福岡ーグアム　唯一の直行便　10月に運航終了　円安などで利用客低迷,https://news.yahoo.co.jp/articles/8608599c27f5d03622f318d06f2cf03001917986,7/23(火) 16:32
rkbv,RKB毎日放送,松尾潔「声あげることを容認する空気を」兵庫県知事パワハラ疑惑めぐり,https://news.yahoo.co.jp/articles/1a44987c9e7f2a5d3ae4c6518fdaee1a70026dda,7/23(火) 16:08
rkbv,RKB毎日放送,中国が緊急事態対応法を修正…人命のほかに政権が「守りたいもの」とは,https://news.yahoo.co.jp/articles/2e892cc2a9a4d1c2e6780c534ba6c4025c68db97,7/23(火) 15:58
rkbv,RKB毎日放送,台湾グルメ・台湾雑貨が一堂に　夜市をイメージしたイートインスペースも　台湾展開催,https://news.yahoo.co.jp/articles/04eb58eade997c6a79bb3a6f2419ec8dd4db3803,7/23(火) 15:46
rkbv,RKB毎日放送,北九州市の再開発促進事業　適用第1号のオフィスビルが小倉駅近くに完成　複数のIT企業が入居予定,https://news.yahoo.co.jp/articles/6ddb2f768ec66981e19a0058f3e46c3e50de3585,7/23(火) 12:17
rkbv,RKB毎日放送,職務質問による犯罪検挙・未然防止　パトカーの精鋭部隊　発足から50年,https://news.yahoo.co.jp/articles/c237d2147a38eb257c79452908d63d5e1fdca110,7/23(火) 12:17
rkbv,RKB毎日放送,水分補給に落とし穴「ペットボトル症候群」に注意　主な症状は「倦怠感」「吐き気」　重症化すれば意識障害も,https://news.yahoo.co.jp/articles/c613b23f6fd592896928798dffef9a10bc777a9d,7/23(火) 11:44
rkbv,RKB毎日放送,連日の猛暑日　熱中症リスクに備える保険　参入企業や加入者増える,https://news.yahoo.co.jp/articles/4eab1cc9e924d0396cb543a8fa4aa6105a98845b,7/23(火) 10:36
rkbv,RKB毎日放送,商品の搬送をAIで　次世代型物流施設が完成「2024年問題の解決につなげたい」,https://news.yahoo.co.jp/articles/ddff23ff5f6865e05ef3e9ea8153eb2701661053,7/23(火) 0:06
rkbv,RKB毎日放送,「めちゃくちゃ痛い」「生徒の接し方に変化が出る」教職員が生理痛を体験,https://news.yahoo.co.jp/articles/cd6a1c5da3156b887c9679b9c76ed096156b3d97,7/22(月) 19:19
rkbv,RKB毎日放送,「テクノロジー分野に興味持ってほしい」　女子中高生を対象に半導体工場を見学,https://news.yahoo.co.jp/articles/e1c0b330fcecd52399bafd36f9dd02201e1a0e79,7/22(月) 18:49
rkbv,RKB毎日放送,下関北九州道路「地域活性化につながる道路」国に要望へ,https://news.yahoo.co.jp/articles/a14ac267aed921d4a08575ace0620c5d14c1e5c1,7/22(月) 17:57
rkbv,RKB毎日放送,きっかけは”エアコンのつけ忘れ”「暑い。なんでつけてくれんかったと?　死ね」　発言した男子児童に担任が「一緒に死のうか」　廊下に連れ出し窓際で,https://news.yahoo.co.jp/articles/ca25a9da6d4902fbbcbe73333318794338b0d676,7/22(月) 17:51
rkbv,RKB毎日放送,「太鼓もバチも全て焼けてしまった」大規模火災で被災・・・伝統の夏祭りに込める復興への願い,https://news.yahoo.co.jp/articles/6ce8d48780cdbadd58dfcbdd59ae6bc62fc6bd0f,7/22(月) 17:16
rkbv,RKB毎日放送,23日の九州全域に熱中症警戒アラートを発表,https://news.yahoo.co.jp/articles/214cf669049b5df6611a2b74943294800b45a796,7/22(月) 17:16
rkbv,RKB毎日放送,到津の森公園ライオンの「ライ」死ぬ　北九州市,https://news.yahoo.co.jp/articles/d7475e448fc178843685765dbcd8a473bbc1e1b4,7/22(月) 16:48
rkbv,RKB毎日放送,BOSS　E-ZO　FUKUOKA　来場者500万人突破　小学生に記念品,https://news.yahoo.co.jp/articles/562cd57212e3137307aaccff741e1781ef7a94ba,7/22(月) 15:14
rkbv,RKB毎日放送,国境通信　治安の悪化のニュース　そして深夜に窓を叩く音　恐る恐る外を覗くと・・・　川のむこうはミャンマー　～軍と”戦い続ける人々の記録＃4,https://news.yahoo.co.jp/articles/43449d78fb23ea3601e01436a5c4e7d86f101e59,7/22(月) 13:47
rkbv,RKB毎日放送,山陽新幹線のぞみとひかり　上りの行き先はすべて新大阪に　脱線事故の影響,https://news.yahoo.co.jp/articles/1a92c6039389c3f4c168750e817f8acf4623db1e,7/22(月) 11:39
rkbv,RKB毎日放送,2人乗りの原付バイク　パトカー見て逃走→民家の壁に衝突し逃走　警察が道交法違反容疑で行方追う,https://news.yahoo.co.jp/articles/3beebd46a2b75581396a256b1b6210a45521c7bf,7/22(月) 11:31
rkbv,RKB毎日放送,ラジオ体操に向かう途中、正面からサル　手を伸ばして母親に・・・親子3人にけがはなし　遭遇したら「目を合わせずゆっくり離れて」,https://news.yahoo.co.jp/articles/1e4052eae019582297131664a7d60467b592f544,7/22(月) 11:04
rkbv,RKB毎日放送,九州北部が梅雨明け　平年より3日遅く　22日は猛暑日の見込み”熱中症警戒アラート”も,https://news.yahoo.co.jp/articles/be2fa991ca8908f4841738a3f19ee360a70637e7,7/22(月) 11:00
rkbv,RKB毎日放送,能登半島地震で隆起した海底調査「岩盤の割れ目から3列にわたって気体湧出」九州大学のグループ,https://news.yahoo.co.jp/articles/0937ab77cf0b114ad8c7a3434da0e19b6d0e5992,7/21(日) 18:34
rkbv,RKB毎日放送,障害がある人もない人も芸術を楽しめる社会を「関係するアート展」開催　佐賀県立博物館,https://news.yahoo.co.jp/articles/f0095b178b838724ea3c996447147034ffc27ae7,7/21(日) 14:54
rkbv,RKB毎日放送,「大暑」前に動物たちに冷た～いプレゼント　凍らせたフルーツにかじりつくニホンザルやマレーグマ,https://news.yahoo.co.jp/articles/377c8a98a741740f17daa65459d501251e033a85,7/21(日) 12:41
rkbv,RKB毎日放送,4500発の花火が夏の夜空彩る　北九州市で「くきのうみ花火の祭典」,https://news.yahoo.co.jp/articles/6d09d398818ac0a054b32f6a90d006973a53b58b,7/21(日) 8:19
rkbv,RKB毎日放送,「私が最初に6万出資する。利益はあなたの口座に入金する」実際に振り込まれ信用　SNS上の嘘の投資話で約1800万円をだまし取られる,https://news.yahoo.co.jp/articles/4d336b88bc8319c7986167aac6428e692e3ba64a,7/20(土) 23:53
rkbv,RKB毎日放送,微生物が生ごみを減らしてくれる!?　小学生が学ぶ「なつやすみコンポスト大研究」,https://news.yahoo.co.jp/articles/cb864ab8fd9fc755e9b460590db046bd7aa4f6b2,7/20(土) 18:34
rkbv,RKB毎日放送,『そうめん博士になろう!』　親子で一緒に手延べそうめんの製法を体験　　福岡県の食品メーカー「久原本家」が主催,https://news.yahoo.co.jp/articles/b86840b26b31ba0ec8e98ec40b9ca8062729b9e1,7/20(土) 18:34
rkbv,RKB毎日放送,【ソフトバンク】今度こそ!　オールスター明けのM点灯を期待!,https://news.yahoo.co.jp/articles/a1a4e949846f2b844397dd3d23d30f4d948857e7,7/20(土) 18:31
rkbv,RKB毎日放送,工藤元ホークス監督「勝つための思考」講演　事業継承考える,https://news.yahoo.co.jp/articles/99bbbe0b1ad7f104a252ac764e7f4bfca89d15d5,7/20(土) 16:24
rkbv,RKB毎日放送,小倉駅前に「おもてなし太鼓」　小倉祇園太鼓に合わせ太鼓を体験,https://news.yahoo.co.jp/articles/2b66970fe282e88b60556d2f3003d0051cc87796,7/20(土) 12:24
rkbv,RKB毎日放送,「一番儲かるのは暗号資産」ロマンス詐欺などで63歳の男性が約1500万円の詐欺被害,https://news.yahoo.co.jp/articles/c810fc761a7abf8e309d27663110beb2622c9706,7/20(土) 0:47
rkbv,RKB毎日放送,コロナ融資詐欺事件　元寝屋川市議・吉羽美華被告に懲役10年求刑,https://news.yahoo.co.jp/articles/8eff1c79678bc20c66a1c84d29f5872290fd0f95,7/20(土) 0:47
rkbv,RKB毎日放送,西鉄　駅員が常駐しない”無人駅”をさらに拡大　背景に人手不足,https://news.yahoo.co.jp/articles/f94c69bcb8c008ee32b250633fd3c0bc869a51a6,7/20(土) 0:44
rkbv,RKB毎日放送,絶対服従「上官の命令は天皇の命令」　命令を受けるものは単なる道具だった～28歳の青年はなぜ戦争犯罪人となったのか【連載：あるBC級戦犯の遺書】＃51,https://news.yahoo.co.jp/articles/cd2e20adb17390162a208489257a278a40867fe3,7/19(金) 22:00
rkbv,RKB毎日放送,「上司と協議するのを避けたかった」　生活保護受給者の病状調査表を偽造した北九州市の職員を懲戒免職処分,https://news.yahoo.co.jp/articles/fc8f42cd8b42f074f045fd105faf491756e53d3e,7/19(金) 18:32
rkbv,RKB毎日放送,家の中の「ダニ」が梅雨から夏に急激に繁殖!　アレルギーの原因に　取り除くには?,https://news.yahoo.co.jp/articles/a4e932ab82ec95b3f20fab36c26948a1b9b9dd31,7/19(金) 17:12
rkbv,RKB毎日放送,レトロな佇まいが魅力　昭和期のアパート「冷泉荘」が国の有形文化財に　茶の収蔵倉庫や農村集落の住宅も登録,https://news.yahoo.co.jp/articles/940a98f240541f0be5f88e10f63238e6fbf8ab42,7/19(金) 17:02
rkbv,RKB毎日放送,登校中の12歳女児に性的暴行　「多大な恐怖や苦痛を味わい日常の生活にも支障」20歳の男に懲役6年6か月の判決,https://news.yahoo.co.jp/articles/3414712fca6376bd3b2165639f18adf7ded3b995,7/19(金) 16:44
rkbv,RKB毎日放送,無許可でFX投資募り運用益を得たか　検察:工藤会幹部の男（48）に懲役1年6か月・罰金200万円を求刑,https://news.yahoo.co.jp/articles/2a555428ae0521d77449e82440cdcb609364eed2,7/19(金) 16:02
rkbv,RKB毎日放送,JR九州　運賃値上げを申請　初乗り170円→200円,https://news.yahoo.co.jp/articles/eb8afeb4d17a0589e2a8c48771055bdc4bec69f1,7/19(金) 16:01
rkbv,RKB毎日放送,どこの川でも起こりえる「崩れ砂」　子どもたちに伝えたい、上を向いて胸を張って「浮いて待て」,https://news.yahoo.co.jp/articles/d4489214520559b880f5aba0ae4a53d84ab6851a,7/19(金) 14:57
rkbv,RKB毎日放送,姉への強盗殺人事件　検察側「無期懲役」求刑　弁護側「知人の女が殺した疑いを払拭できない」などと主張,https://news.yahoo.co.jp/articles/b6119d92cba9446d4186f5f7f62fba203e2018d9,7/19(金) 13:58
rkbv,RKB毎日放送,「友達とプールに行きたい」小中学校で終業式　あすから夏休み　福岡,https://news.yahoo.co.jp/articles/bc91245b9eb6f5a5a3d8440a632f5909336eae5c,7/19(金) 11:57
rkbv,RKB毎日放送,1票足りず・・・2度目の不信任決議案も否決　市長による職員へのパワハラ問題　自身の給与6か月間3割カットの条例案提出へ,https://news.yahoo.co.jp/articles/4f75f59f30cdb3bba53a3e3eb502e69641c28a64,7/19(金) 11:27
rkbv,RKB毎日放送,5000人の大人が登校する児童見守る地域　21年前の殺人未遂事件きっかけに,https://news.yahoo.co.jp/articles/54bfd57cf52b885486dca814406f2101d1c0defb,7/19(金) 11:24
rkbv,RKB毎日放送,「1日は生活保護費の支給日。売春客が増える」そして事件は2日に起きた　姉に対する強盗殺人の罪に問われたホームレスの妹（52）　知人の女に伝えた言葉,https://news.yahoo.co.jp/articles/14b23350b0ea9bd5ca1d973264b45092342daa15,7/19(金) 10:36
rkbv,RKB毎日放送,九州総合通信局　新局長着任会見,https://news.yahoo.co.jp/articles/a59dd6d8ea938abdf54eedd960281e35ff7930da,7/19(金) 0:02
rkbv,RKB毎日放送,3人死傷の衝突事故　安全確認不十分で右折した86歳の男に執行猶予付き有罪判決,https://news.yahoo.co.jp/articles/ff4ee2fd1fdbf0e784d12758bed25eed7315492f,7/18(木) 19:09
rkbv,RKB毎日放送,SNS型ロマンス詐欺・・・サイバー犯罪に挑む　データ解析し容疑者を割り出す技術競う,https://news.yahoo.co.jp/articles/639355779990129ec7a366f97ab6217501c6e079,7/18(木) 19:06
rkbv,RKB毎日放送,「自分との結婚なんて考えてもらえない」　”最大の悩みは結婚”　障がい者の”きょうだい”に生まれて,https://news.yahoo.co.jp/articles/630425c8b0ebb4d793a8ed7f60f8afa3f591cabe,7/18(木) 18:49
rkbv,RKB毎日放送,「出会ったのは合コンです」　弟の存在を隠してきた兄の結婚　障がい者の”きょうだい”に生まれて,https://news.yahoo.co.jp/articles/369dece3e86ff0add27b7cd1e108c8bd67ef762a,7/18(木) 18:49
rkbv,RKB毎日放送,30周年の人気菓子「ブラックサンダー」が恩人探し…生産中止から復活のきっかけは九州,https://news.yahoo.co.jp/articles/a80ae0e11581a90f22cea65b8f969f1a0167e0f5,7/18(木) 16:39
rkbv,RKB毎日放送,”10年後に3割が消える”衝撃の試算が明らかに　バス会社が始めた近未来を変える取り組み,https://news.yahoo.co.jp/articles/4529db5f2242f5e2c11a82d32513f40a5ef3ed76,7/18(木) 16:04
rkbv,RKB毎日放送,新型コロナ変異株　福岡でも感染力強い「KP.3」が最多,https://news.yahoo.co.jp/articles/51dbaf4076be1f8e8a3334466c2d32de1576dc58,7/18(木) 14:08
rkbv,RKB毎日放送,「自転車も車両。当たり前のルール守って」　取締りで逆走7件,https://news.yahoo.co.jp/articles/7afb666d0718d045369446aa791c10264f0ebc29,7/18(木) 12:06
rkbv,RKB毎日放送,雨から一転・・・再び猛暑に　太宰府市は全国1位の36.7℃を記録　福岡県内で”熱中症疑い”45人救急搬送,https://news.yahoo.co.jp/articles/64dcd21741921f83f4005e8ad0779c953e846273,7/17(水) 19:21
rkbv,RKB毎日放送,全日空グループがコンテスト　グランドスタッフが接客技術を競う,https://news.yahoo.co.jp/articles/4fbec6ba352821c32769db2c86da9bcfc087701d,7/17(水) 19:19
rkbv,RKB毎日放送,「しっかり予防を」福岡県医師会が呼びかけ　新型コロナ・手足口病も増加傾向,https://news.yahoo.co.jp/articles/63603b6cd7a06ee3e92c15e17a6f618e79251a0a,7/17(水) 19:02
rkbv,RKB毎日放送,15年以上に及ぶ路上生活と売春　”睡眠不足になるほど客をとった”　姉への強盗殺人罪に問われた妹（52）　収入はほぼ知人の女に送金と証言　ふたりの不可解な関係,https://news.yahoo.co.jp/articles/2a843fa9fbdfb684b6de599a56a4e96fe4985444,7/17(水) 18:47
rkbv,RKB毎日放送,「道の駅」建設めぐり揺れるまち　高額な建設費に驚く市民も　市長は「来場者200万人めざす」,https://news.yahoo.co.jp/articles/f5d03fc528e2534b6d09cd80ec62c0d338b26820,7/17(水) 18:24
rkbv,RKB毎日放送,時代の空気映し出す広告フェア　「福岡広告協会賞」受賞作品を展示,https://news.yahoo.co.jp/articles/cf943b513d37c43e3399e4a1f428cc98804a7739,7/17(水) 16:06
rkbv,RKB毎日放送,福岡高検検事長に松本裕氏（60）「第一線の地検が力発揮できるよう務め果たす」,https://news.yahoo.co.jp/articles/33a2b549bbc75231300929445f57e2b811176a8e,7/17(水) 13:31
rkbv,RKB毎日放送,「針で刺すような暑さ」福岡県に熱中症警戒アラート　水分の補給やエアコンの適切な使用など熱中症への対策を,https://news.yahoo.co.jp/articles/30bb6616fd8587f5e53ff7887a4320e649c9aa69,7/17(水) 12:06
rkbv,RKB毎日放送,「暴力団を介入させない!」夏祭り前に露天商関係者が暴排宣言　北九州市,https://news.yahoo.co.jp/articles/b2f4e9f36f14cc28b7e9b50c36982345ff746366,7/17(水) 7:57
rkbv,RKB毎日放送,人口当たりの交通事故ワーストレベルの佐賀県　園児が「よかろうもん運転」根絶呼びかけ,https://news.yahoo.co.jp/articles/332c99127e528cbf0dbd35f436688df9dacbdd36,7/16(火) 23:59
rkbv,RKB毎日放送,「財布がなくなった」女子高校生の相談にゲームセンターの店長がとった”とっさの判断”「靴をみました」,https://news.yahoo.co.jp/articles/27b2f88e32ae39105861c950ee09e5f8f2c7e666,7/16(火) 19:22
rkbv,RKB毎日放送,アジア太平洋こども会議　こども大使が抱負「文化交流を楽しみたい」,https://news.yahoo.co.jp/articles/532f511a6e27382de995b1e4c176cd66e4246ea0,7/16(火) 18:41
rkbv,RKB毎日放送,福岡県・長崎県・熊本県に熱中症警戒アラート　九州でも蒸し暑さに警戒を,https://news.yahoo.co.jp/articles/2f04e3c9c2c452212614483c071eaf1454709edb,7/16(火) 18:31
rkbv,RKB毎日放送,"謎多き強盗殺人事件　妹「ありません」姉の首圧迫を否定　知人女への5,800万円は「貸したって言われたが現金もらってない」",https://news.yahoo.co.jp/articles/5c4f88a78175c46a89b5654a91c51666b3c8ca39,7/16(火) 18:06
rkbv,RKB毎日放送,新型コロナ　感染が再拡大　医師は「ピークはまだ。これからさらに増えると思う」,https://news.yahoo.co.jp/articles/dff8e77d823b20652faa8c52c4be7996048d2827,7/16(火) 17:51
rkbv,RKB毎日放送,「スカイプレミアム」最高経営責任者ら4人に有罪判決　無登録でFX取引の投資勧誘,https://news.yahoo.co.jp/articles/47fdbaad09f8bac7d3bb47887b4f2a6bd57e7d49,7/16(火) 17:41
rkbv,RKB毎日放送,"カルトかハーレムか「イエスの方舟」の""真実""描いたドキュメンタリー映画公開　若き監督が""方舟の地元""で語る",https://news.yahoo.co.jp/articles/d295a814b1287474dc25931b2547b84ec096a0f6,7/16(火) 17:17
rkbv,RKB毎日放送,JR鹿児島線　海老津～福間の上下線　運転を再開,https://news.yahoo.co.jp/articles/19c7e3c0e48ab8002b08f3235614289a2ccaee8b,7/16(火) 17:15
rkbv,RKB毎日放送,”掲示板ジャック”にNO　知事からも「選挙制度の見直し必要」の声　「公共的なものが販売されたのは問題」,https://news.yahoo.co.jp/articles/f87da2ddc3e441222092774e00189c5db58dbb06,7/16(火) 16:41
rkbv,RKB毎日放送,緊急時、窓ガラスを割って救助できない　”外国籍”理由に制限される消防団員の活動　なり手不足でも「非常勤特別職の地方公務員」がネックに,https://news.yahoo.co.jp/articles/1fe71c366203c4cdf4ffc5a468e90149c21416ca,7/16(火) 16:34
rkbv,RKB毎日放送,沖縄で相次ぐ米兵女性暴行事件と公表しなかった政府の「根深い問題」,https://news.yahoo.co.jp/articles/c24e053f6442d2a5867a4a839e9ea475459d890c,7/16(火) 16:22
rkbv,RKB毎日放送,公共施設にネーミングライツで愛称決定　「ももち文化センター」→「SAWARAPIA」に,https://news.yahoo.co.jp/articles/03c3f26e79a298101736f7a648bd38210eb6747b,7/16(火) 12:36
rkbv,RKB毎日放送,登校中の女子生徒、サルに追いかけられる　70代女性は髪の毛引っ張られ　2日前から目撃情報相次ぎ,https://news.yahoo.co.jp/articles/a8c7e57d7617d4bdef1809619e7535f28334808a,7/16(火) 12:18
rkbv,RKB毎日放送,黄色い電話帳「タウンページ」廃止へ　ネット版は継続,https://news.yahoo.co.jp/articles/ac1bd6f8969b947a3711ee207a58a95be18f6cfa,7/16(火) 12:06
rkbv,RKB毎日放送,博多駅前ストーカー殺人事件　懲役20年の1審判決が確定　寺内進被告も検察側も控訴せず,https://news.yahoo.co.jp/articles/ed3820efdda9eff5abb6e8cc0987b87bbcd1df95,7/16(火) 9:24
rkbv,RKB毎日放送,若松線　若松ー折尾　上下線運転見合わせ,https://news.yahoo.co.jp/articles/305f472afaf9e164e454174cedca79186722d7f5,7/16(火) 6:46
rkbv,RKB毎日放送,「家で焼酎の水割りを2杯」飲酒検問で発覚　飲酒運転容疑で64歳男逮捕,https://news.yahoo.co.jp/articles/26082f1c5d5df963c238a2360643e06187a0cb85,7/16(火) 6:24
rkbv,RKB毎日放送,「もっと英語を勉強したい」宝探しで海外の大学生と地元中学生が交流,https://news.yahoo.co.jp/articles/4d7e4e8090fa4a102f01abf73d357962745f5832,7/15(月) 23:59
rkbv,RKB毎日放送,「海水浴客がおぼれている」と通報を受けた想定で”海の日”に警察・消防など合同で救助訓練　福岡,https://news.yahoo.co.jp/articles/3c8e11b21c36a8300c1126f27e81071dc19351b4,7/15(月) 17:46
rkbv,RKB毎日放送,自転車ヘルメットの着用率高校生はわずか3.5％…　着用促進「リーダーズ」に期待　福岡,https://news.yahoo.co.jp/articles/3ef26d2a9c71ee2f3b7696eb3503de24a7824188,7/15(月) 17:36
rkbv,RKB毎日放送,境内にメダカが1万匹!”聖地”の寺　参拝者の半数は「メダカファン」　福岡・直方市,https://news.yahoo.co.jp/articles/60c48c6d067039ffed391d0b24cff84e64372c74,7/15(月) 17:29
rkbv,RKB毎日放送,博多祇園山笠「勇壮と安全は両立できる」　昨年の死亡事故踏まえ取り組み　千代流,https://news.yahoo.co.jp/articles/5ba0b83eab3a07f9a53c14d808dcc1248c8b7b18,7/15(月) 17:02
rkbv,RKB毎日放送,「農業ってお笑いみたいに楽しいよ!」芸人から農家へ　無農薬への挑戦　「大変だけどみんなの笑顔を見たい」,https://news.yahoo.co.jp/articles/0ade14a89e07ffb53bfdaa443a487f80a7748e7b,7/15(月) 15:38
rkbv,RKB毎日放送,九州新幹線で一部運転見合わせ　福岡県朝倉市は1時間に56ミリの大雨,https://news.yahoo.co.jp/articles/a73ff863d5b0846a94f5009585c37a6248dec25f,7/15(月) 12:24
rkbv,RKB毎日放送,「伝統が今も息づき、美しい」博多祇園山笠、早朝の街を駆け抜ける外国人観光客も感銘15日間の祭りフィナーレ,https://news.yahoo.co.jp/articles/0b6543dabd372cb659451aa5d87e273a1cd02b19,7/15(月) 11:59
rkbv,RKB毎日放送,九州北部　線状降水帯発生のおそれ　九州新幹線の熊本～鹿児島中央は始発から運転見合わせ,https://news.yahoo.co.jp/articles/8f955d01c648d5ab84e04a2090d44af31ec877ee,7/15(月) 7:09
rkbv,RKB毎日放送,15日の午前中にかけて九州北部地方で線状降水帯発生のおそれ　気象台が引き続き警戒を呼びかけ,https://news.yahoo.co.jp/articles/4574bc5b7abaeb1fadd45983ffd312ff9add095f,7/15(月) 2:19
rkbv,RKB毎日放送,九州北部地方の「線状降水帯発生予測情報」15日午前中まで延長　引き続き土砂災害などに警戒を,https://news.yahoo.co.jp/articles/dcce83eafda239cdcf2a3518fb3021c88fa3198e,7/14(日) 16:53
rkbv,RKB毎日放送,九州北部地方は15日昼過ぎにかけて大雨・土砂災害に警戒を,https://news.yahoo.co.jp/articles/e39e50dcb11cf89ff9e2ef52ad54d7c89b60a394,7/14(日) 13:32
rkbv,RKB毎日放送,14日午後にかけて福岡・佐賀など九州北部地方で線状降水帯発生のおそれ,https://news.yahoo.co.jp/articles/247057190e0a949777f0fb5cd0b906ad64c9307a,7/14(日) 7:06
rkbv,RKB毎日放送,博多祇園山笠の期間中1度だけ舁き山笠が福岡地区へ　「集団山笠見せ」,https://news.yahoo.co.jp/articles/c7f856bcb9dfb211a7d076a5dc935984bf5e5569,7/13(土) 20:08
rkbv,RKB毎日放送,「妹は死刑でいい」法廷で証言した実の兄　姉に対する強盗殺人に問われたホームレスの妹　失踪後の家族の生活、裁判で明らかに,https://news.yahoo.co.jp/articles/00107d1ed84341ee94720983afbd2cff3a90c265,7/13(土) 16:57
rkbv,RKB毎日放送,【線状降水帯発生予測】九州北部地方:14日午前から午後にかけ,https://news.yahoo.co.jp/articles/ac13b03671a502d93f0b05960c6e93db5947fef2,7/13(土) 16:48
rkbv,RKB毎日放送,累計50万部突破「すごすぎる天気の図鑑」展　夏休みの自由研究のテーマ探しにもおすすめ,https://news.yahoo.co.jp/articles/ced97b84c38af39cdd5d3d7d3af9f8e31fa30557,7/13(土) 13:13
rkbv,RKB毎日放送,福岡ゆかりのバドミントン3選手　パリパラリンピック出場を知事に報告「金メダルを持って帰れるように頑張りたい」と抱負,https://news.yahoo.co.jp/articles/61128edb3a7ca055465c2557d1637c4d7896bc70,7/13(土) 0:49
rkbv,RKB毎日放送,12日　博多祇園山笠の「追い山笠馴らし」　博多の街に勢い水舞う,https://news.yahoo.co.jp/articles/8b4e76066eb4ee38b043742279811f5094c752c4,7/13(土) 0:47
rkbv,RKB毎日放送,捕虜虐待の根底にあった「捕虜となることは大きな恥辱」嘆願書で強調した日本の”常識”～28歳の青年はなぜ戦争犯罪人となったのか【連載：あるBC級戦犯の遺書】＃50,https://news.yahoo.co.jp/articles/f7c5b8f059c44aaf78cfc0bc6a2882905b9967a9,7/12(金) 22:00
rkbv,RKB毎日放送,"スタンドで全力応援!　最後の夏迎えた""愛されキャラ""の応援団長　笑いも取って勝利を後押し　福岡県立東筑高",https://news.yahoo.co.jp/articles/d9361a679bad322784c251d55a241c3f3483e7fa,7/12(金) 19:43
rkbv,RKB毎日放送,博多祇園山笠若手離れ懸念の中、同級生5人が同時に赤手拭に～小学生の時の夢が実現～,https://news.yahoo.co.jp/articles/04f171296793d26cb651b3157f7de54682b747c8,7/12(金) 18:54
rkbv,RKB毎日放送,姉への強盗殺人罪に問われた妹の裁判　姉妹の兄が「やるせない」「死刑で良い」証言,https://news.yahoo.co.jp/articles/441244b73a0423d1c114d77ada9a54fa270ff674,7/12(金) 18:46
rkbv,RKB毎日放送,運転中に「てんかん」発作　歩行者9人はねた男に実刑　懲役2年6か月,https://news.yahoo.co.jp/articles/94f089534fd3b9068993ef419ee9d79d20cd3b51,7/12(金) 17:49
rkbv,RKB毎日放送,【博多祇園山笠】豪華絢爛　今年の飾り山笠　川端中央街・櫛田神社,https://news.yahoo.co.jp/articles/a80f4666bb85a34866fd72d71343da477883d050,7/12(金) 17:47
rkbv,RKB毎日放送,【博多祇園山笠】豪華絢爛　今年の飾り山笠　博多リバレイン・上川端通,https://news.yahoo.co.jp/articles/7ece7dde48b6ec6048f9dedbe2978c40d00293fd,7/12(金) 17:41
rkbv,RKB毎日放送,日本がカンボジアにデジタル分野で支援「ネット犯罪の温床」効果は?,https://news.yahoo.co.jp/articles/a7bc52e2bc33873271fba1da78fc08039cd38040,7/12(金) 16:51
rkbv,RKB毎日放送,「おなかを抱いて前屈みになったら赤ちゃんが出てきました」孤立出産で罪に問われる女性たち＃3,https://news.yahoo.co.jp/articles/b3f0db6fc4b3f26bc01aeb2437d7fecd9f28b16a,7/12(金) 16:28
rkbv,RKB毎日放送,きのう運航再開も亀裂で欠航　博多と韓国・釜山を結ぶ高速船クイーンビートル,https://news.yahoo.co.jp/articles/b424eb48c19808c6b2613d9353a9d7a974372ef3,7/12(金) 16:12
rkbv,RKB毎日放送,築100年以上の石垣　大雨で崩れる　13日未明にかけて非常に激しい雨のおそれ,https://news.yahoo.co.jp/articles/8ee2f578b1cd4c7f621a99c652f728aee5b1e121,7/12(金) 16:12
rkbv,RKB毎日放送,体長1.5メートル超・世界最大級の両生類も　13日から「両生類・は虫類展」,https://news.yahoo.co.jp/articles/1aa7ed44f0737b43ad047e4e527e1c3ab18e25fc,7/12(金) 11:57
rkbv,RKB毎日放送,九州北部13日未明にかけ大雨のおそれ　土砂災害に警戒を,https://news.yahoo.co.jp/articles/1eb32ac2a2618293fbad556edc18e58e9d7bafb0,7/12(金) 11:34
rkbv,RKB毎日放送,九州北部12日にかけて大雨に警戒を　局地的に非常に激しい雨が降るおそれ,https://news.yahoo.co.jp/articles/894628f1070b4c6198b9ad13b70445e26aab028f,7/11(木) 23:57
rkbv,RKB毎日放送,シャボン玉石けんがリバーウォーク北九州内に新オフィス　本社機能の一部を移転,https://news.yahoo.co.jp/articles/42c7207a8eff59e6f9229338be226e52e9eedf2b,7/11(木) 23:57
rkbv,RKB毎日放送,「お茶は女性議員にお願いしてるから頼むよ」地方議会でおきたハラスメント　周囲が黙認するとさらに悪化する,https://news.yahoo.co.jp/articles/edb5a8b044beacc96ac6e2fdc067f4f06a9b9e0a,7/11(木) 19:09
rkbv,RKB毎日放送,本格的な忍者ショー　子どもたちや外国人観光客がパフォーマンスに釘付け,https://news.yahoo.co.jp/articles/d31526ac22c38d059ad119ef573ca26eb1c250d6,7/11(木) 19:06
rkbv,RKB毎日放送,【博多祇園山笠】豪華絢爛　今年の飾り山笠　ソラリア・渡辺通一丁目,https://news.yahoo.co.jp/articles/5cbe3ce607b560b6ee0f22df060b8b20307c478e,7/11(木) 18:32
rkbv,RKB毎日放送,旦過市場2度目の火災　火元となった飲食店経営の女に有罪判決,https://news.yahoo.co.jp/articles/9a080536c6342a0cbc14d8117bb1d72b128f06ab,7/11(木) 16:34
rkbv,RKB毎日放送,新型コロナ　感染者は8週連続で増加　手足口病は警報レベル　感染者が前週の1.45倍に,https://news.yahoo.co.jp/articles/078eb1d64ff2620bc27e198d427a9a3d464c83cf,7/11(木) 16:34
rkbv,RKB毎日放送,国連が採用した「命の水」をつくる技術　”低コストでシンプル”日本から世界に広がる貯水タンク「ためとっと」,https://news.yahoo.co.jp/articles/a3e222a687f2c23a3a8ba90b5b1a9071bbb7f0fb,7/11(木) 16:02
rkbv,RKB毎日放送,”命を軽視”発言の男子児童に担任が「一緒に死のうか」問題　説明会で保護者が「引きずった」「首に手を当てた」体罰を指摘,https://news.yahoo.co.jp/articles/f2b89da77ca6b1d824546fc3d09a387dce4d6c79,7/11(木) 14:06
rkbv,RKB毎日放送,博多と韓国・釜山を結ぶクイーンビートル運航再開,https://news.yahoo.co.jp/articles/ca0eee35f940c0d6b7a0fcf411e682769d2fb263,7/11(木) 13:21
rkbv,RKB毎日放送,「地響きのような花火のような音がした」　工場横に着岸中の船で爆発　男性7人搬送　少なくとも3人が重傷,https://news.yahoo.co.jp/articles/22459fea310f8c6c68012bd558c51326ee91a19d,7/11(木) 11:30
rkbv,RKB毎日放送,【博多祇園山笠】朝山笠　子供たち乗せ早朝の博多の街を駆け抜ける,https://news.yahoo.co.jp/articles/3a00caac542d3a672839440e2bad2269c7da3a96,7/11(木) 11:24
rkbv,RKB毎日放送,「持ってるところを見せてやろう」元メジャーリーガー城島健司さんが国際カジキ釣り大会に参戦　マリナーズの先輩”大魔神”佐々木主浩さんも,https://news.yahoo.co.jp/articles/613aa0d97e8f21a8c13c36642f0353fc6aa7ed5b,7/11(木) 11:21
rkbv,RKB毎日放送,「備えることを忘れるな」地図記号になった先人からのメッセージ”自然災害伝承碑”全国に2100基以上,https://news.yahoo.co.jp/articles/c0d07184f2b0a9c3859a8786e54fcc6a2cb89714,7/11(木) 9:08
rkbv,RKB毎日放送,【運転見合わせ】JR山陽線　下関～門司　大雨の影響,https://news.yahoo.co.jp/articles/0d353c0edc2fa190c514f114e08549ecca7c5c98,7/11(木) 9:04
rkbv,RKB毎日放送,自民党派閥の裏金事件を受けて「政治刷新本部」福岡県連と意見交換　二転三転する党の方針に厳しい意見,https://news.yahoo.co.jp/articles/70804bcfa1595cb41d43c0a30b94125c8d5c13e6,7/11(木) 8:38
rkbv,RKB毎日放送,九州北部地方で激しい雨・・・北九州市の小中学校など臨時休校,https://news.yahoo.co.jp/articles/552d6c71c5d253dc16ae53f3a48b6b1b87b7d95d,7/11(木) 8:34
rkbv,RKB毎日放送,「AI投資をしているから必ず儲かる」詐欺の疑いで34歳の男を逮捕,https://news.yahoo.co.jp/articles/38656fc9f95335fa9906baa449f389b9674d3e6d,7/10(水) 21:02
rkbv,RKB毎日放送,新設の小学校に盛り土→周辺地域には最大1メートル超の浸水も　計画見直し求めた請願を市教委が不採択,https://news.yahoo.co.jp/articles/caacdc19e79070d30c49d604ae2eedb03a4babe8,7/10(水) 19:32
rkbv,RKB毎日放送,”静から動へ”　福岡の夏を彩る博多祇園山笠　舁き山笠が始動「流舁き」,https://news.yahoo.co.jp/articles/548b1feb2179d842b8b330a8d8eab4dcb8936f2b,7/10(水) 19:02
rkbv,RKB毎日放送,【博多祇園山笠】豪華絢爛　今年の飾り山笠　福岡ドーム・キャナルシティ博多,https://news.yahoo.co.jp/articles/d235cd205834127134e58db94bedf055a95ec5bc,7/10(水) 18:44
rkbv,RKB毎日放送,「リターンもリスクも高い局面」新NISA今始めるべき?　日経平均株価が連日の最高値更新,https://news.yahoo.co.jp/articles/2bf1fc0db459371090f5262d1958bbfa929fd3ad,7/10(水) 18:32
rkbv,RKB毎日放送,「東京タワー」「通天閣」と同じ内藤多仲さんが設計　「博多ポートタワー」夜の営業を5年ぶりに再開,https://news.yahoo.co.jp/articles/267c276d8e083da92e6c5852a87881292aa133d1,7/10(水) 18:17
rkbv,RKB毎日放送,プロ野球史上初!1球団でタイトル独占!?ソフトバンクが12部門中11部門でトップ独占中,https://news.yahoo.co.jp/articles/c93577e27e7a881af5df14a0305bf3a92e04642f,7/10(水) 17:59
rkbv,RKB毎日放送,「まさか発電所が建つとは」住民説明会ないまま着工　健康被害尋ねる質問に、事業者は「回答差し控える」　国には”飲食店で顔見せ”で「理解得られた」と報告,https://news.yahoo.co.jp/articles/e8f11c0f93b70b9e686d1d6eff36b7e433796204,7/10(水) 17:27
rkbv,RKB毎日放送,「猛暑で頭がクラクラしたことも」博多の街の観光人力車　スポーツドリンクや保冷剤で熱中症対策,https://news.yahoo.co.jp/articles/18fdd80987b9c47699e68e632440a34e9ad961a3,7/10(水) 17:22
rkbv,RKB毎日放送,「国境通信」農園の候補地を下見　タイ人の地主に不審者と間違われる　川のむこうはミャンマー～軍と”戦い続ける人々の記録＃3,https://news.yahoo.co.jp/articles/2d15f27d11863db1e6dc40881c6f05fbaa2a2db5,7/10(水) 16:33
rkbv,RKB毎日放送,BBQで18歳が焼死した専門学校　新理事長に長男（33）が就任　”ワンマン経営”指摘の報告書からわずか4日,https://news.yahoo.co.jp/articles/124c62ef3f5b7261085d10578d5ecd8bce94cf0d,7/10(水) 16:17
rkbv,RKB毎日放送,2024年版博多祇園山笠 飾り山笠の楽しみ方＆13基完全ガイド,https://news.yahoo.co.jp/articles/3f5dde23ba34fffad864aab6d67488e26ec34387,7/10(水) 15:36
rkbv,RKB毎日放送,男子児童が”命を軽視”発言→担任が”命の大切さ”指導→男子児童の返事無し→担任が男子児童に「一緒に死のうか」と発言　説明会で「体罰」指摘する声も,https://news.yahoo.co.jp/articles/7c4514400f709423ddbc41c225fb1d35bffa3c8d,7/10(水) 13:34
rkbv,RKB毎日放送,福岡市の市税収入額が過去最高を更新　3699億円に　前年度から3.3％の増収,https://news.yahoo.co.jp/articles/9505202da477856fefba934922350c434b904ae3,7/10(水) 11:56
rkbv,RKB毎日放送,力を抜く・両手足を広げる・あごを上げて息を吸う　夏休み前の児童に「着衣泳」教室,https://news.yahoo.co.jp/articles/b44b6d7e323af9ce2fabb1450a0ac2e790b40bc5,7/10(水) 11:51
rkbv,RKB毎日放送,「オッショイ!オッショイ!」山笠の安全な遂行と成功を祈願「お汐井取り」,https://news.yahoo.co.jp/articles/a0e7e1fcef433b2178f213f8756c91d0a786e43d,7/10(水) 8:02
rkbv,RKB毎日放送,謎多き強盗殺人事件　5千万円を共謀疑いの知人の女に渡したホームレスの女の裁判　知人の女「首を絞めたと言われた」証言,https://news.yahoo.co.jp/articles/7ed02120850e5ffac4c85740968457ee5b12dd76,7/9(火) 19:29
rkbv,RKB毎日放送,『空想労働シリーズ　サラリーマン』ラジオドラマが放送文化基金賞・ラジオ部門優秀賞に,https://news.yahoo.co.jp/articles/cbc68b50405d161489f5bc82239e22b30a78f191,7/9(火) 19:22
rkbv,RKB毎日放送,万一に備える　航空機炎上事故→乗客や乗員を救助　2000人が訓練,https://news.yahoo.co.jp/articles/6d59784ce23cbe1b4d07241e9af10beaf2917714,7/9(火) 19:13
rkbv,RKB毎日放送,ガスコンロとポリ袋さえあれば・・・災害時の”ポリ袋ごはん”　同じ方法でトマトパスタやプルコギ丼も,https://news.yahoo.co.jp/articles/f26d7867ecbf2f2737fa12a7c82b8a6aa57b0d6c,7/9(火) 19:06
rkbv,RKB毎日放送,「2人の将来の生活資金や財産をためましょう」暗号資産の投資で5億円以上の利益表示も…SNS型ロマンス詐欺　8600万円被害,https://news.yahoo.co.jp/articles/514cbe341b0af831a203e73e273d468f764226da,7/9(火) 18:48
rkbv,RKB毎日放送,【博多祇園山笠】豪華絢爛　今年の飾り山笠　東流・博多駅商店連合会,https://news.yahoo.co.jp/articles/f5e8faf56b6649955b94bb0cfbd6277f099c337e,7/9(火) 18:32
rkbv,RKB毎日放送,「エンジンかけている車見つけました」　トラック協会が飲酒運転の通報訓練,https://news.yahoo.co.jp/articles/6a44b60e29e23b6d19ffa05b66399eccfc4a60ac,7/9(火) 17:51
rkbv,RKB毎日放送,「つながりを”作り出す”」時代の先端を走った作家・森崎和江　3回忌にファン集まる,https://news.yahoo.co.jp/articles/ba0749b1eab28b53f2bdbfbed580c5e69dce67dd,7/9(火) 16:42
rkbv,RKB毎日放送,蘇州スクールバス殺傷事件に対する中国当局や国民の反応を考察する,https://news.yahoo.co.jp/articles/8a86adbf383646864e05c87a8da52cf234ba2304,7/9(火) 16:39
rkbv,RKB毎日放送,危険な暑さで相次ぐ熱中症　重い後遺症が残ることも　高次脳機能障害や歩行障害などのおそれ,https://news.yahoo.co.jp/articles/73bddb46e26ba9135e2a3ab282ceb86dbb4468d3,7/9(火) 16:24
rkbv,RKB毎日放送,松尾潔・東京都知事選は「ひとり街宣“の分水嶺となるかも」と期待,https://news.yahoo.co.jp/articles/ee482c3bcfe86b3dee1346f6739a06a8297e2f84,7/9(火) 16:17
rkbv,RKB毎日放送,旧優生保護法下の不妊手術強制は“違憲”「画期的な最高裁大法廷判決」,https://news.yahoo.co.jp/articles/5fb0913b75238cb78d0a683baf77e1aa1e6db970,7/9(火) 16:04
rkbv,RKB毎日放送,福岡市の9日未明～朝の最低気温は全国で最高の30.1℃　福岡県は9日も「熱中症警戒アラート」,https://news.yahoo.co.jp/articles/5d55f270492ba98a2b289568d549332b9c56ea0f,7/9(火) 12:02
rkbv,RKB毎日放送,日本で一番寝苦しい夜に　福岡で気温30.1℃までしか下がらず　二番目に暑い朝は沖縄県北大東島の29.3℃,https://news.yahoo.co.jp/articles/2fe8e4cc3dfe5744c0c4d1d3d7de1c2108097abb,7/9(火) 11:17
rkbv,RKB毎日放送,「溺れそうになったら体の力を抜いて」「助けてとは言えない」　水の事故を防ぐための提言,https://news.yahoo.co.jp/articles/10bc2a4f1f5ae30d7dd22e3698cdc49cd5252ce5,7/8(月) 19:48
rkbv,RKB毎日放送,うつ伏せ状態の姉の首を後ろから絞めたか　解剖医が法廷で証言　水巻町強盗殺人事件,https://news.yahoo.co.jp/articles/deda0e45f52fef1953b6d6b6971f19798a4d2745,7/8(月) 19:32
rkbv,RKB毎日放送,妊娠を知った時「帰国させられる、怖くて誰にも相談できなかった」　死産した子を遺棄した罪に問われた20歳の技能実習生,https://news.yahoo.co.jp/articles/333cdd67f7f0815f033c3159d6fae43e50800e3b,7/8(月) 19:08
rkbv,RKB毎日放送,史上最年少で日本記録を樹立した「逸材」スピードスケートショートトラックでオリンピック金メダル目指す中学生,https://news.yahoo.co.jp/articles/565357b659f7da502e7d2d0be5863c5204d56d3b,7/8(月) 18:58
rkbv,RKB毎日放送,ペットも暑さで体調崩す　イヌの熱中症「ショック症状から循環器不全に」,https://news.yahoo.co.jp/articles/ad63c0cb28a9371a74ba36d3763b2adbe24cf569,7/8(月) 17:48
rkbv,RKB毎日放送,「昼とは違う姿ぜひ見てほしい」 今年も”夜のすいぞくかん”開催,https://news.yahoo.co.jp/articles/c5b1c83015881b85c04f9bf74bdf6230f461c604,7/8(月) 17:43
rkbv,RKB毎日放送,学校のBBQで18歳生徒が焼死　消された「危ない」の声　危険性を指摘した生徒を理事長が無視か,https://news.yahoo.co.jp/articles/b91b19c2e94bfc97011df0e0193ab0292d927f4a,7/8(月) 17:08
rkbv,RKB毎日放送,本格的な海水浴シーズン前に海難救助訓練　飲酒後に溺れて死亡する事故発生　子供を助けようとして亡くなるケースも,https://news.yahoo.co.jp/articles/0579356248fec4a50ef80a92fb8ac69c5b6efcf6,7/8(月) 16:34
rkbv,RKB毎日放送,副業募集サイトに応募した32歳女性が400万円だまし取られる　その後さらに詐欺被害に,https://news.yahoo.co.jp/articles/23ff18d0f0c02cf35b645da4942ca115f2ccfb39,7/8(月) 15:56
rkbv,RKB毎日放送,福岡県警のマスコットキャラクター「ふっけい君」勤続20年で特別表彰　永年勤続者らを表彰,https://news.yahoo.co.jp/articles/5c64a1344742d24b1fe77fe410388fa4f26c1502,7/8(月) 12:08
rkbv,RKB毎日放送,イヤホン装着や並進の自転車に警告　自転車事故減らすため警察が街頭啓発「信号守って」,https://news.yahoo.co.jp/articles/15e41df9a6bb500b5efd8847b58bfa4e0cf9d2af,7/8(月) 11:59
rkbv,RKB毎日放送,JR福北ゆたか線　直方～桂川で一時運転見合わせ　線路内で車が脱輪,https://news.yahoo.co.jp/articles/1074b9665c3245ad4a7bf9d664ded83b03962969,7/8(月) 11:55
rkbv,RKB毎日放送,世界中の珍しいカブトムシやクワガタ集合　福岡市で「カブト・クワガタの森」,https://news.yahoo.co.jp/articles/24a56fed5850c5e8711883b82a399cc29f024217,7/7(日) 18:08
rkbv,RKB毎日放送,19年間に5800万円を知人の女に送金姉を殺害し通帳を奪った罪に問われたホームレスの辻和美被告（52）裁判で明らかにされた2人の関係性,https://news.yahoo.co.jp/articles/1fef0af9e9f0d5d463dedee14cd4f6efb81a86e2,7/7(日) 14:53
rkbv,RKB毎日放送,SNS型投資・ロマンス詐欺の被害が急増　ニセ電話詐欺もあわせ5月末までに34億円超被害,https://news.yahoo.co.jp/articles/0477b9608f42d4426ebc0fc5211a72492e10222c,7/7(日) 13:06
rkbv,RKB毎日放送,「涼しい！」福岡県内各地で今年一番の暑さに　海の中道海浜公園でプール開き,https://news.yahoo.co.jp/articles/0e50aad87756420c7fe0640a3fe24e5436a0f247,7/6(土) 18:25
rkbv,RKB毎日放送,昭和初期から続く北九州市の黄金市場で再開発「ふれあい市場」オープン,https://news.yahoo.co.jp/articles/72c41d9a513d49129a463831666d07094739a17d,7/6(土) 18:16
rkbv,RKB毎日放送,”危険な暑さ”厳重な対策を　福岡県に「熱中症警戒アラート」,https://news.yahoo.co.jp/articles/960a932d374258203ae770e2f7c1b885362c0fd0,7/6(土) 12:24
rkbv,RKB毎日放送,TGC北九州　今年は10月12日開催,https://news.yahoo.co.jp/articles/480a3726e317d41fbc7ee8cabed2aef93b24e1de,7/6(土) 5:53
rkbv,RKB毎日放送,筑後川夏の観光の目玉「鵜飼い」存続の危機　九州北部豪雨から7年今も川に大量の土砂　漁獲量は10分の1に,https://news.yahoo.co.jp/articles/d9e8e2cb6da9ac5d6c4a88e97e521bbc59202319,7/5(金) 19:09
rkbv,RKB毎日放送,米国人弁護士が交代石垣島事件の裁判をめぐる不運な事情～28歳の青年はなぜ戦争犯罪人となったのか【連載：あるBC級戦犯の遺書】＃49,https://news.yahoo.co.jp/articles/3270c46faadd54336f9ccf20809e4dcf113a9aa5,7/5(金) 19:00
rkbv,RKB毎日放送,就活は「1人1社」の慣例　高校生のための合同就職説明会,https://news.yahoo.co.jp/articles/c1881738aad6701841b00b1fd4d26677d6917bb9,7/5(金) 18:37
rkbv,RKB毎日放送,インフルエンザで行橋市の小学校2クラスが学級閉鎖　夏でも注意必要,https://news.yahoo.co.jp/articles/3881e4277cba92c5e6f34acca9b291d6b7687bb9,7/5(金) 17:57
rkbv,RKB毎日放送,クラス担任は「複数の教員がチームで」　従来の「担任固定制」から移行した中学校　「勇気をもってチャレンジした」,https://news.yahoo.co.jp/articles/1b3ad49b983376b84dd63701f8eea91c39baf2c4,7/5(金) 17:46
rkbv,RKB毎日放送,「水分補給は外遊びの2～3時間前に」こどもは熱中症になりやすい　大人がしてあげられる効果的な対策,https://news.yahoo.co.jp/articles/8107d9cf3a98b0ef8f73d4a06dbeb6dbd45cc70d,7/5(金) 17:42
rkbv,RKB毎日放送,保育施設でノロウイルスの集団感染か　園児と職員計10人に嘔吐や下痢の症状　福岡市では今年度23件目,https://news.yahoo.co.jp/articles/ef2a885d4c1e9e74a6db7c52db6d22d8256a615e,7/5(金) 16:57
rkbv,RKB毎日放送,高速船「クイーンビートル」7月11日（木）に運航再開へ　船体の損傷は溶接の熱で接合部の強度が弱くなったことが原因,https://news.yahoo.co.jp/articles/30162fa8aabea85875a3ec8fc7d3d58a207ce8bb,7/5(金) 16:19
rkbv,RKB毎日放送,北九州市が「企業誘致加速大作戦」打ち出す農地計20ヘクタールを産業用地として開発へ福岡,https://news.yahoo.co.jp/articles/ca42f6c599e032d63c53d2a9ec60dd4d57c3d6bf,7/5(金) 16:19
rkbv,RKB毎日放送,「新しい資本主義、未だによく分かりません」「情報の改ざんとか捏造もってのほか」　石破氏、安倍政権以降の自民党執行部との”距離”アピールか　総裁選念頭に,https://news.yahoo.co.jp/articles/0907f49ab1652b91f1be93a7d4cdf572eb3c23b3,7/5(金) 12:59
rkbv,RKB毎日放送,平成筑豊鉄道　田川市長へ法定協議会設置を要請　利用者減り厳しい経状況営,https://news.yahoo.co.jp/articles/c6099d1f3b8e4d0522a5d8575e977bc444b663ee,7/5(金) 12:01
rkbv,RKB毎日放送,漂白剤が混ざった水を客に提供　福岡市本社のレストラン「ピエトロ」　警察が業務上過失傷害の疑いで捜査,https://news.yahoo.co.jp/articles/af0fc3af5609781157179cd6ff22faceb2fbe92d,7/5(金) 11:32
rkbv,RKB毎日放送,”謎多き強盗殺人事件”姉を殺害し通帳を奪った罪に問われたホームレスの女（52）初公判で姉の殺害を否認,https://news.yahoo.co.jp/articles/ea24c922c1d638c7960d6de06b932f712cde962a,7/5(金) 10:49
rkbv,RKB毎日放送,今年こそ競歩日本一へ!文武両道の女子高校生がインターハイに挑む!【ハシモトゆきます】,https://news.yahoo.co.jp/articles/08d60582ac43d6ecd0233176b86d94c871c7b6c6,7/5(金) 10:38
rkbv,RKB毎日放送,姉の首を絞め殺害し通帳を奪った罪に問われたホームレスの女　”謎多き強盗殺人事件”きょう初公判,https://news.yahoo.co.jp/articles/9763317742821f1ba66a9bc19b2e225d91582a57,7/5(金) 0:02
rkbv,RKB毎日放送,空飛ぶクルマ運航に向けJR九州とスカイドライブが連携協定締結,https://news.yahoo.co.jp/articles/039adc038dbc490b9223890ab357839b699d3ad2,7/4(木) 19:44
rkbv,RKB毎日放送,「総理候補としてはいの一番に石破さんを推薦する」山崎拓元副総裁　福岡市で発言,https://news.yahoo.co.jp/articles/893174700b6483fb60954c1dcb413b252ef9a398,7/4(木) 18:59
rkbv,RKB毎日放送,「思い描いていた未来が本当に来た」　兄弟のように暮らしてきた博多人形師の2人　初めて競う「飾り山笠」制作,https://news.yahoo.co.jp/articles/069db421d4a1d726866d39a6c9ad31310c7cae62,7/4(木) 17:54
rkbv,RKB毎日放送,犯罪被害者を速やかに支援へ　警察と行政が協定締結　支援金の支払い迅速に,https://news.yahoo.co.jp/articles/020b3405cb2af69271d3476509206b3ca323a25b,7/4(木) 16:32
rkbv,RKB毎日放送,キリンを乗せたトラックが到着　「ハルマ」（2歳・オス）が到津の森公園に仲間入り,https://news.yahoo.co.jp/articles/64692f71ee070d68f6b5e068c8470b9c57f38ea2,7/4(木) 14:12
rkbv,RKB毎日放送,「経営体質が変わらない限り、再発する可能性が極めて高い」生徒4人死傷のBBQ事故　報告書受け理事長が辞職表明,https://news.yahoo.co.jp/articles/8e80810d24772b4e8ee56e4cdde1619dc582764a,7/4(木) 13:48
rkbv,RKB毎日放送,作家SouMaさんが手がける切り絵の世界　1枚の紙からうまれるアート作品を展示,https://news.yahoo.co.jp/articles/255d69a1b50ffb5f37d4a18684ea8b49fe568ed1,7/4(木) 12:22
rkbv,RKB毎日放送,水泳が苦手な子供が増えている?!　大学生が小学校で授業をサポート,https://news.yahoo.co.jp/articles/bd9de8b646f1c8e16ce7e9b95b0eb216fbb2e0b5,7/4(木) 12:14
rkbv,RKB毎日放送,新紙幣フィーバー　銀行には両替求める多くの人　福岡・佐賀にゆかりの人や場所も,https://news.yahoo.co.jp/articles/f4e1fdeff46e9c59f55873b4ab0851d609f5464f,7/3(水) 20:41
rkbv,RKB毎日放送,【ソフトバンク】早すぎる!最速で6日にVマジック54か55!,https://news.yahoo.co.jp/articles/39275ed5e8068a2c0ae294a6284bbe7fd487d87f,7/3(水) 19:36
rkbv,RKB毎日放送,福岡県内で”熱中症疑い”45人搬送　今年初の熱中症警戒アラート　福岡市や北九州市で35℃以上の猛暑日に,https://news.yahoo.co.jp/articles/27d144bab2312debc1a592b96a9b053c4baa4feb,7/3(水) 19:14
rkbv,RKB毎日放送,目玉はパンダ・クマ・モモンガなど約200点の剥製が並ぶ「哺乳類の大行進」　九州初上陸の「大哺乳類展」,https://news.yahoo.co.jp/articles/5c23214d6ec189d297804511730a78e2803fbd37,7/3(水) 17:36
rkbv,RKB毎日放送,遠隔で操作し効率化する建設機械　廃材から作ったレンガ　環境に優しい最新技術,https://news.yahoo.co.jp/articles/3e011e6f4bc994c3e4e63d18d82b1502476d87c1,7/3(水) 17:36
rkbv,RKB毎日放送,「”鎖で留学生を拘束”組織が黙認」　福岡地裁　日本語学校の登録抹消処分取り消し認めず,https://news.yahoo.co.jp/articles/4401dec994dd4ddf98c760b05d0222596c0bdd87,7/3(水) 17:19
rkbv,RKB毎日放送,【危険な暑さ】福岡市と北九州市で今年初の35℃超え　九州全域に熱中症警戒アラート,https://news.yahoo.co.jp/articles/223cb4c783e6240feb247e8c493bcd5d44dfb151,7/3(水) 13:38
rkbv,RKB毎日放送,社長の分身?!　AI社長を導入した老舗もつ鍋店　社長と同様、博多弁で社員の質問に回答,https://news.yahoo.co.jp/articles/11e20b9569dd57eb4400b6c771b576bd07713319,7/3(水) 13:34
rkbv,RKB毎日放送,「100枚くらい替えた」「手触りが全然違う」20年ぶり新紙幣発行　早速両替求める人も,https://news.yahoo.co.jp/articles/073228b45fc532737e0eeb5b55381c26d5855bba,7/3(水) 12:14
rkbv,RKB毎日放送,福岡県に今年初の熱中症警戒アラート　エアコンの適切な使用やこまめな水分補給など呼びかけ,https://news.yahoo.co.jp/articles/0d61e205b539fbca5578855bc91cc5ee0723ff70,7/3(水) 12:14
rkbv,RKB毎日放送,制作者に還元　障害者アートのギャラリーがオープン,https://news.yahoo.co.jp/articles/5be6bbf51d9135365ccf32274bd740073bbe478d,7/3(水) 11:21
rkbv,RKB毎日放送,ホークス山川　5/22以来の本塁打,https://news.yahoo.co.jp/articles/ee5466238308c16182eb27ed3fad9fd47c5b2cc3,7/2(火) 20:16
rkbv,RKB毎日放送,記録的な大雨から一夜　被害額”1000万円”床上浸水の美容室は再開のメド立たず　人的被害は無し,https://news.yahoo.co.jp/articles/9ab7e82b8750bc608cf8b8dae9f8c29aa4b74ca6,7/2(火) 19:51
rkbv,RKB毎日放送,福岡・佐賀に熱中症警戒アラート　3日の暑さ指数は「危険」31を超える,https://news.yahoo.co.jp/articles/d3d9360a4d80932bf0c9932b73049305026df715,7/2(火) 19:32
rkbv,RKB毎日放送,EVバッテリー回収→レアメタル再利用へ　全国初のシステム構築めざす,https://news.yahoo.co.jp/articles/dd0b45e4144fbac0b33564bea75250723308c633,7/2(火) 18:56
rkbv,RKB毎日放送,「クルルッ」屋根裏から鳴き声と足音　蓋をあけてキャットフードを食べる　アライグマ被害ついに住宅にも,https://news.yahoo.co.jp/articles/8f9f98cfa528cfb4f4bd5471640fabf42e7d86c9,7/2(火) 18:53
rkbv,RKB毎日放送,"まっすぐ80m両側ずらり本棚!　普段見られない""図書館の裏側""　貴重な映像フィルムは「冷蔵庫並み」で温度管理",https://news.yahoo.co.jp/articles/2bda0497fdd6f797f452ffa11a2f6d2527d7de34,7/2(火) 17:32
rkbv,RKB毎日放送,「花火大会を盛り上げたい」小学生が灯籠を製作　竹に花火をデザイン,https://news.yahoo.co.jp/articles/7c797e2b97325f5e40029a852a36d256a42c6982,7/2(火) 17:24
rkbv,RKB毎日放送,「福岡県に4年制の音楽大学を」高木学園が新設構想を発表　2026年4月開学を目指す,https://news.yahoo.co.jp/articles/f2c3ddfed91c09419b57026d8f2e3d1762da5015,7/2(火) 16:57
rkbv,RKB毎日放送,「治水対策、施設による効果が発揮」大雨で家屋の浸水や人的被害無し　福岡・久留米市,https://news.yahoo.co.jp/articles/9c246a7b76582973f037392f3ad0f6151212c46e,7/2(火) 16:34
rkbv,RKB毎日放送,「マイナビオールスター2024」ファン投票最終結果発表　ソフトバンクから打率・HRリーグトップの近藤・けがで離脱中の柳田が選出,https://news.yahoo.co.jp/articles/4d2ad215a198b2882e4981e86df240d29b04f68d,7/2(火) 16:01
rkbv,RKB毎日放送,「今後少しの雨でも土砂災害が引き起こされる可能性」土砂災害警戒情報発表で警戒呼びかけ　福岡県・服部知事,https://news.yahoo.co.jp/articles/dc95206a990330a399839eb22e5a1ecfc82973c6,7/2(火) 12:16
rkbv,RKB毎日放送,「買い物から持ち帰った後は放置することなく冷蔵庫に」デパ地下で食品の取り扱い状況など検査,https://news.yahoo.co.jp/articles/ca107588d0af4730309cd37f3c0eca166cf09601,7/2(火) 12:09
rkbv,RKB毎日放送,2日にかけて激しい雨のおそれ　土砂災害などの警戒続く,https://news.yahoo.co.jp/articles/493ce538bac24323f4c5c7b3f923084a99fb6415,7/1(月) 23:53
rkbv,RKB毎日放送,「リフレッシュにもなる。楽しみ」　”こども誰でも通園制度”福岡市では33施設で運用開始,https://news.yahoo.co.jp/articles/d2510e35a49eeb1776fedeb4dce768d59dc1c47f,7/1(月) 18:28
rkbv,RKB毎日放送,【福岡の路線価】上昇率トップは「千早並木通り」14.3％　都心部へのアクセスと九大跡地の再開発で期待値高まる,https://news.yahoo.co.jp/articles/c6fe7b1f76ed261888be9b33ae7d44efeb4fb52d,7/1(月) 17:44
rkbv,RKB毎日放送,汚物まみれのトイレに絶望→7年後に開発した”飾れる簡易トイレ”ようやく可視化された災害時のトイレ問題　能登半島地震・半年,https://news.yahoo.co.jp/articles/163f0e305552dad4c63575ff6c54158344bf7174,7/1(月) 17:38
rkbv,RKB毎日放送,大雨の恐れ　福岡から佐賀にかけ厳重警戒　JRは博多～小倉間で一時全列車が運休,https://news.yahoo.co.jp/articles/546da2660aab17d252e6e27a703be3b652f9ec41,7/1(月) 16:41
rkbv,RKB毎日放送,「キラキラがすごくいい!」人気アニメ・機動戦士ガンダムの動く飾り山笠　夏の風物詩”博多祇園山笠”が開幕,https://news.yahoo.co.jp/articles/c92fde24303749bed2ee7728cbde438f6c2bd9d0,7/1(月) 16:31
rkbv,RKB毎日放送,車の窓から脱出した人も　大雨で道路の冠水あいつぐ　2日明け方にかけて土砂災害の危険性,https://news.yahoo.co.jp/articles/43308a32ec28e618fa9653a1ee10b1afba74b568,7/1(月) 13:14
rkbv,RKB毎日放送,九州北部　1日夜にかけて大雨災害に警戒を　JR鹿児島線・折尾～福間で運転見合わせ,https://news.yahoo.co.jp/articles/4bda7eaf37e218c1e1055b01bae1026c81175cc2,7/1(月) 7:51
rkbv,RKB毎日放送,40代から80代の男女11人がスズメバチに刺される　9人が病院に運ばれる,https://news.yahoo.co.jp/articles/dd41bfa2b89bfa28c3832c1fb8d85120fc8ada41,7/1(月) 0:56
rkbv,RKB毎日放送,九州北部　1日にかけて警報級の大雨のおそれ　土砂災害や河川の増水・氾濫に警戒を,https://news.yahoo.co.jp/articles/0fdf58b40caf48d0310b3d82625215209590f2ed,6/30(日) 17:57
rkbv,RKB毎日放送,「ガンダム山笠」モビルスーツの人形飾り付け　高さ10m超”走る飾り山笠”上川端通,https://news.yahoo.co.jp/articles/75451bdba658d717557aaea099f35f9ee5ecbac7,6/30(日) 17:06
rkbv,RKB毎日放送,遊歩道で男女11人がスズメバチに刺される　1人中等症8人軽症,https://news.yahoo.co.jp/articles/5198d25e5f3be7fd882e9e9e492d0a3fac885668,6/30(日) 17:01
rkbv,RKB毎日放送,戸畑祇園大山笠「天籟寺」が競演会の参加見送り　振興会の組織体制に抗議　2016年ユネスコの無形文化遺産に登録,https://news.yahoo.co.jp/articles/2128814e58fe913de9b1d43389afd9c3703086c8,6/30(日) 15:44
rkbv,RKB毎日放送,九州北部　1日にかけて警報級の大雨のおそれ　土砂災害や河川の増水・氾濫に警戒を,https://news.yahoo.co.jp/articles/c0523638b0e0f6535568a7f9b466a2e4c90fa1cd,6/30(日) 14:48
rkbv,RKB毎日放送,福岡から世界に羽ばたくパラアスリートを発掘　北九州市で体力測定会開催,https://news.yahoo.co.jp/articles/d4214222627338cf29204550d432477d40add05f,6/30(日) 12:08
rkbv,RKB毎日放送,【令和の公害】”斜面に太陽光パネル”が土砂災害を引き起こす可能性　住民「出たいです、お金があれば」と懸念,https://news.yahoo.co.jp/articles/2067e378d1ca4c291714dbbb39b98a55361c0896,6/30(日) 12:02
rkbv,RKB毎日放送,大雨浸水の対策に　田主丸中央病院で「防水壁」完工式,https://news.yahoo.co.jp/articles/27c06f89384c9d72dc9a8e6b05c50c492a42ac97,6/29(土) 18:02
rkbv,RKB毎日放送,甲子園出場かけ球児たちの熱戦始まる　高校野球福岡大会開幕,https://news.yahoo.co.jp/articles/b9ea6542382b775ec430701d5aad187f1988c502,6/29(土) 16:24
rkbv,RKB毎日放送,若松区主婦殺人事件から23年　遺族らが情報提供呼びかけ,https://news.yahoo.co.jp/articles/094fab6a6bb73eb6a31747cfe4a32428a582c1fe,6/29(土) 12:28
rkbv,RKB毎日放送,下士官ですら死刑執行　米軍の怒りはどこに　石垣島事件厳罰の背景は～28歳の青年はなぜ戦争犯罪人となったのか【連載：あるBC級戦犯の遺書】＃48,https://news.yahoo.co.jp/articles/65fd9ea6f0228297c89989f1357cae970f7b7030,6/28(金) 22:00
rkbv,RKB毎日放送,正月の飲食店街大火災　2000トンのがれき3か月かけて撤去完了　北九州市「鳥町食道街」,https://news.yahoo.co.jp/articles/52ad6487daeea4ded5f1a306629e55d20d696c7d,6/28(金) 18:51
rkbv,RKB毎日放送,「知識悪用　被告以外の犯人は考えられない」保険金目的で叔父を殺害　福岡地裁が会社役員の男に無期懲役,https://news.yahoo.co.jp/articles/4f12216278e3671dcf85e0a5cff91a49bfeba88c,6/28(金) 17:59
rkbv,RKB毎日放送,「馬鹿アホ死ね殺すぞ素人か」後輩に暴言吐き故意に足踏む　こども病院でまたパワハラ　45歳職員を停職10日に,https://news.yahoo.co.jp/articles/b311b50cf5ae4bd7baa6b6f5eb2b9d20f7cff787,6/28(金) 17:54
rkbv,RKB毎日放送,6時間後には「もう逃げられませんよ」　AIで洪水の浸水範囲を予測　早期の避難を促すシステム,https://news.yahoo.co.jp/articles/79296567bb9b099fd995d169b90213d21bb22e30,6/28(金) 17:28
rkbv,RKB毎日放送,イワシ・サバ青魚をぬかみそで炊き込む「ぬか炊き」を広めたい!　有識者が集まり会議,https://news.yahoo.co.jp/articles/a5b2fb307d11f1666136cabd93e80952347509c9,6/28(金) 17:19
rkbv,RKB毎日放送,【博多駅前女性刺殺事件】寺内進被告（32）に懲役20年　福岡地裁が判決「計画性はなく衝動的に殺害」　元交際相手に対する”つきまとい”認定も”待ち伏せ”は認めず,https://news.yahoo.co.jp/articles/c04d773b01f9816a1ed93e3cf9b476995d3e6419,6/28(金) 15:02
rkbv,RKB毎日放送,勤務中の”熱中症”増加　すべての警察職員に「冷却ベスト」「サングラス」などの使用を許可　福岡県警,https://news.yahoo.co.jp/articles/e3aff392ca9fe110f1e6631105896a20e8e535c3,6/28(金) 13:44
rkbv,RKB毎日放送,博多祇園山笠開幕前に飾り山笠の飾り付けが本格化　中洲流の見送りは能登出身の天才絵師・長谷川等伯を題材に,https://news.yahoo.co.jp/articles/05b017443d76eb32802a79634596dcd9f61bf558,6/28(金) 13:16
rkbv,RKB毎日放送,去年の給与改定で政令市職員は2％以上の増額　公務員に夏のボーナス支給,https://news.yahoo.co.jp/articles/1e3663c374274fb17759f040bd5c03b6c308dd71,6/28(金) 12:06
rkbv,RKB毎日放送,都市対抗野球出場　KMG野球部表敬,https://news.yahoo.co.jp/articles/1a831c126324ea9c6f597063b672c1398dcdbc9b,6/28(金) 3:54
rkbv,RKB毎日放送,【博多駅前女性刺殺事件】　寺内進被告（32歳）にきょう判決　争点は事件当日「待ち伏せ」「つきまとい」があったのか,https://news.yahoo.co.jp/articles/4b5ac97dae69d1e2ab5d35c6000d3d4e5455b119,6/28(金) 3:54
rkbv,RKB毎日放送,「お帰り…」亡き夫そっくりの人形を妻は抱きしめた　作家が布人形に込める”魂”,https://news.yahoo.co.jp/articles/7641534a2a6918ca2862c9d835ae6202684b4d53,6/27(木) 20:48
rkbv,RKB毎日放送,「アノンシスト賞」2部門でRKBアナウンサーが優秀賞　TBSテレビで表彰式,https://news.yahoo.co.jp/articles/69d21b7e880769f121004848742e16a39df13a7c,6/27(木) 19:57
rkbv,RKB毎日放送,「危険性を具体的に予見することができた」九州建設アスベスト損賠訴訟　企業5社に約1億5000万円の支払い命じる　福岡,https://news.yahoo.co.jp/articles/3978b9e4c17a1826a0c96f592bf2a24bcbb40348,6/27(木) 19:24
rkbv,RKB毎日放送,1回5000円のくじで旅行先が決まる「くじきっぷ」　JR九州が初めて発売,https://news.yahoo.co.jp/articles/0e1a51c03e721ca1b697f6b129a3bc5c7bf50dbe,6/27(木) 18:57
rkbv,RKB毎日放送,台湾独立活動に死刑適用も…中国当局の新指針で見えた「価値観の狭さ」,https://news.yahoo.co.jp/articles/bb8ce44971dfb62cfdd181ebbdce02f81d803986,6/27(木) 18:46
rkbv,RKB毎日放送,機能を失った災害拠点病院　8億5000万円かけて水害対策　多額の費用負担など課題も,https://news.yahoo.co.jp/articles/fce7d7d269c0c4bb8a7b1ea59aab3af9f626c8a9,6/27(木) 18:21
rkbv,RKB毎日放送,福岡空港に”屋台コンシェルジュ”観光客におすすめの屋台を案内,https://news.yahoo.co.jp/articles/dc4e347611e7d88118dbfe3ac80d54ad95f0e69c,6/27(木) 16:51
rkbv,RKB毎日放送,「警察に聞かれたら『ウェブでみた』と答えて」被告の交際相手の男性が”口止め”証言　孤立出産で罪に問われる女性たち＃2,https://news.yahoo.co.jp/articles/e4f785075adb1b8fc09c92c5d6603f4ed573e18b,6/27(木) 16:43
rkbv,RKB毎日放送,【博多祇園山笠】上からの眺めも楽しめる十番山笠・福岡ドームで人形の飾り付け,https://news.yahoo.co.jp/articles/b545048f5487d2c3f402c6c1296261215643ad04,6/27(木) 14:19
rkbv,RKB毎日放送,教員の負担軽減も　広がる水泳授業の民間委託　スイミングスクールのノウハウで子供たちにも好評,https://news.yahoo.co.jp/articles/00d7b5383f4e053d8eabcc5376187cc7ee281fd8,6/27(木) 13:59
rkbv,RKB毎日放送,旧門司駅遺構の取り壊しにイコモス本部会長が反対声明「重大な懸念」表明,https://news.yahoo.co.jp/articles/2623582646dd2fe542a56d1313ba7ebf73111a2d,6/27(木) 13:19
rkbv,RKB毎日放送,200円または300円を乗車料金に上乗せ　福岡都市圏で「迎車料金」導入へ,https://news.yahoo.co.jp/articles/63b24ee484e90f72fbff5abd8b11f9dc1d6a134b,6/27(木) 12:06
rkbv,RKB毎日放送,九州北部今夜九州北部に線状降水帯発生予測　27日夜から28日午前中に大雨災害発生のおそれ,https://news.yahoo.co.jp/articles/7a0afe93769c7b1a9317719740879002c14b35dc,6/27(木) 11:31
rkbv,RKB毎日放送,九州電力株主総会　株主提案の18議案すべて否決,https://news.yahoo.co.jp/articles/6ca6fc2f635854372f2862e22416657a156820ae,6/27(木) 0:06
rkbv,RKB毎日放送,「天使の子」ちーちゃんの病気は100万人に1人の難病「KID症候群」　母は”最初は受け止められるか怖かった”,https://news.yahoo.co.jp/articles/e530f6cabfa9e38e93dea833f3692060700b19fb,6/26(水) 19:28
rkbv,RKB毎日放送,弁護側は「遺棄に当たらない」と無罪主張　死産の子の遺体を遺棄したとされるベトナム人技能実習生の裁判,https://news.yahoo.co.jp/articles/82bcec4f2526e3166bfe8d777b7ac7c52340c404,6/26(水) 18:57
rkbv,RKB毎日放送,ゾウ舎がリニューアルして3倍の広さに　坂や泥のプールも　7月に4頭のアジアゾウを受け入れる福岡市動物園,https://news.yahoo.co.jp/articles/303359f2147a89064bbe2815ff2a42ad04b63f39,6/26(水) 18:57
rkbv,RKB毎日放送,被告は「医師から『2年間は運転禁止』と言われていた」　持病「てんかん」発作→高校生など9人はねる事故の初公判で検察側,https://news.yahoo.co.jp/articles/382effdc9bc1bfec947fe7674dc24351b9908783,6/26(水) 18:32
rkbv,RKB毎日放送,大雨のち即、猛暑!　来週は真夏?東京・福岡など広範囲で35℃超える猛暑日・熱帯夜続出か,https://news.yahoo.co.jp/articles/04bcb24f58617a93e2696b8384f719251881ef63,6/26(水) 16:42
rkbv,RKB毎日放送,福岡空港の“門限”で相次ぐ北九州空港への代替着陸　福岡県が航空各社に給油体制の整備を依頼,https://news.yahoo.co.jp/articles/6ac126fcc72f636dcae9a5f4cc3710c1958e782d,6/26(水) 16:38
rkbv,RKB毎日放送,パリ・パラリンピック競泳日本代表に内定　福田果音選手が母校の中学校で壮行会　海外に必ず持っていくものは「チゲスープ」,https://news.yahoo.co.jp/articles/4d26c4c735e520a84c125b0612e829798986c34e,6/26(水) 15:36
rkbv,RKB毎日放送,松尾潔・日本版DBS法成立に「加害者の治療も同時に推し進めることが必要」,https://news.yahoo.co.jp/articles/a3c93e38a344d8943892618df427667e7ba9cd29,6/26(水) 14:57
rkbv,RKB毎日放送,玄海町で豚熱陽性のイノシシが2頭見つかる　隣接の唐津市では今月4頭見つかり経口ワクチン散布など対策実施,https://news.yahoo.co.jp/articles/d94eca2b9290992df6fe9001936bb85351191021,6/26(水) 14:34
rkbv,RKB毎日放送,430年続く唐津焼の名門　中里太郎右衛門家の秘蔵作品を展示,https://news.yahoo.co.jp/articles/e71d1a602c278faff84cca9fb97f2c1a9e637487,6/26(水) 12:13
rkbv,RKB毎日放送,【博多祇園山笠・追い山笠】特等席の桟敷券　15分で完売,https://news.yahoo.co.jp/articles/8a3edd6408b8e038100b8e812e46891692d33fa9,6/26(水) 11:34
rkbv,RKB毎日放送,学校でまた落下事故　文化祭練習中に今度は武道場の天井から重さ3.5キロの石膏ボード,https://news.yahoo.co.jp/articles/bbaca169da1373e9e5fdb99ac11bf68aae719d45,6/26(水) 10:57
rkbv,RKB毎日放送,「寿司職人が足りない」インバウンド需要と寿司人気の思わぬ誤算　3か月で寿司職人”養成所”まで開設外国人観光客にも人気が高い日本の「寿司」。,https://news.yahoo.co.jp/articles/60e0ae5670146bff742611325e1b9ea84837d3fb,6/26(水) 10:24
rkbv,RKB毎日放送,中学校の武道場で文化祭の練習中に天井の一部（3.5kg）が落下,https://news.yahoo.co.jp/articles/b715bb941dba68d35643a3c64307e10f0a671eef,6/26(水) 8:51
rkbv,RKB毎日放送,ラグビー男子 若手有力選手が強化合宿　日本代表を狙う,https://news.yahoo.co.jp/articles/e6dc9ea4a75d1a5316a616fb5caeb35f349d8fdb,6/26(水) 0:17
rkbv,RKB毎日放送,魅惑の音色「バンドネオン」　世界大会の優勝奏者がスタジオライブ　アルゼンチン・タンゴに欠かせない楽器,https://news.yahoo.co.jp/articles/fae996ef69876702a6cbe5b197e4e86e98c8dd9d,6/25(火) 18:51
rkbv,RKB毎日放送,3か月予報　気温は「高く」降水量は「平年並みか多い」　27日28日は大雨警戒,https://news.yahoo.co.jp/articles/a9bb60415586893e2e6d5ee31ab78a2cffd675ce,6/25(火) 18:32
rkbv,RKB毎日放送,ミャンマー人が福岡市に抗議　動物園にゾウ受け入れは「政治利用の懸念」,https://news.yahoo.co.jp/articles/1bbfa540aff11eae72cc5163ed49538d68546a7f,6/25(火) 18:32
rkbv,RKB毎日放送,沖縄メディアの痛切な反省「報道管制がなかったらどんな新聞を作るべきだったか」琉球新報の『沖縄戦新聞』,https://news.yahoo.co.jp/articles/2e65877ba2f0fd1beea4dce4af1df552bf50c00b,6/25(火) 18:28
rkbv,RKB毎日放送,トヨタ自動車九州・新社長が会見「決められた手順、ルール、基準は絶対に守るべき」,https://news.yahoo.co.jp/articles/0f6885b7b5f1e880d057f9fbf194c69048be6f46,6/25(火) 17:44
rkbv,RKB毎日放送,「26.7％の学生ほとんど朝食を食べていない」　大学で”100円朝勝食堂”,https://news.yahoo.co.jp/articles/6a5e801dbc0a6662d08244dc707d1d01191b8588,6/25(火) 17:41
rkbv,RKB毎日放送,「国境通信」野良犬を拾って育てる避難民　川のむこうはミャンマー～軍と戦い続ける人々の記録＃2,https://news.yahoo.co.jp/articles/30e19a6982983cbbc9ab35e714c017d1d1cf012c,6/25(火) 17:41
rkbv,RKB毎日放送,容疑者の取り押さえや酔って暴れる人に対処　「福岡県警察柔道大会」,https://news.yahoo.co.jp/articles/94820381a6ca33bbc2e5f1e560889f7af51c9f8f,6/25(火) 16:12
rkbv,RKB毎日放送,佐世保小6殺害事件から20年…家族のケアを担当した新聞記者が回顧,https://news.yahoo.co.jp/articles/43ded5cf430c3e260138d05d3c20d9b96edb386d,6/25(火) 15:28
rkbv,RKB毎日放送,最高値は1玉1万円　”シャリシャリ食感””高糖度”「きたざき西瓜」初競り,https://news.yahoo.co.jp/articles/c9272024b7ae6605db7b78dbc54896a0c4473d9e,6/25(火) 12:16
rkbv,RKB毎日放送,「ブレーキもハンドルも効かない」雨の日のハイドロプレーニング現象の恐怖,https://news.yahoo.co.jp/articles/0af9891c3f01177ee44332bff5e55df9fb84b0be,6/24(月) 20:11
rkbv,RKB毎日放送,パチンコ店の景品交換所で女性従業員から携帯電話を奪った男に懲役3年・執行猶予5年の判決,https://news.yahoo.co.jp/articles/8e788223e0a76c986341377a36ab3f77c81661f8,6/24(月) 19:42
rkbv,RKB毎日放送,議長が異例の続投　背景に海外視察の問題か?　議長は無言つらぬく,https://news.yahoo.co.jp/articles/e0485cd78432781bee3294b5893099c85852a015,6/24(月) 19:19
rkbv,RKB毎日放送,梅雨時期の熱中症はなぜ起こる?メカニズム学んで対策を,https://news.yahoo.co.jp/articles/97d434d10299061de7ea1308da28ec97b573e7fc,6/24(月) 18:49
rkbv,RKB毎日放送,"カッチンカッチン「堅パン」　新パッケージは「鉄」との硬度比較?　""鉄の街""のソウルフード　北九州市",https://news.yahoo.co.jp/articles/cb18b068ec58ea8771cbbb1e17a52c32388913ff,6/24(月) 17:46
rkbv,RKB毎日放送,「災害ゼロをめざして」転落や墜落事・・・　相次ぐ建設現場の労働災害に労働局長がパトロール,https://news.yahoo.co.jp/articles/955466bea9d62e7666980d541218b4a47724b321,6/24(月) 17:38
rkbv,RKB毎日放送,【強制不妊裁判】7月3日最高裁判決 「勝訴を期待」各地で係争中の原告が会見で訴え,https://news.yahoo.co.jp/articles/094a492a7317ab23c8a6cdc2d5f59e38b0e1e646,6/24(月) 16:48
rkbv,RKB毎日放送,博多駅前女性刺殺事件　被害者の母親「死刑にしてほしい」　検察側は懲役30年を求刑　弁護側は「突発的な殺人」と主張,https://news.yahoo.co.jp/articles/88a6c0a479dfa984ec4fe1f855812d0600ac3c3a,6/24(月) 16:42
rkbv,RKB毎日放送,家庭内暴力やセクハラ・離婚　女性の権利に関する相談に弁護士が無料で対応,https://news.yahoo.co.jp/articles/c829c28423d0bc543f0e0e1a0a300785993f907a,6/24(月) 12:34
rkbv,RKB毎日放送,来週、各地で記録的に早い「梅雨明け」か　それとも「長い梅雨の中休み」?　東京・大阪・福岡・鹿児島でも晴れ予報続く,https://news.yahoo.co.jp/articles/967efa1c2a18f9de0b95fda4196d5603b090596f,6/24(月) 11:59
rkbv,RKB毎日放送,【博多駅前女性刺殺事件】　寺内進被告（32）に懲役30年を求刑　検察側,https://news.yahoo.co.jp/articles/d403a1b2fe4693ae7863ac121dab60533574f813,6/24(月) 10:41
rkbv,RKB毎日放送,「国境通信」川を挟んだ目の前はミャンマー～軍の横暴を”許さない”戦い続ける人々の記録＃1,https://news.yahoo.co.jp/articles/465c89a8306be89f5d4f71225866d97708e0f260,6/24(月) 10:16
rkbv,RKB毎日放送,子供たちが薬物乱用防止呼びかけ　「薬物乱用はダメ。ゼッタイ。」,https://news.yahoo.co.jp/articles/43f602620e3fd4f2fd34d009ead4098914c6943f,6/23(日) 14:46
rkbv,RKB毎日放送,失敗を恐れずに挑戦する大切さ学んで　青年会議所が企画「北九州キッズチャレンジパーク」,https://news.yahoo.co.jp/articles/7da8063a4a3ec6093a8f85c9ddd59aeb9e9bf3bf,6/23(日) 12:06
rkbv,RKB毎日放送,23日夕方にかけて九州北部地方で非常に激しい雨が降るおそれ　気象台が注意呼びかけ,https://news.yahoo.co.jp/articles/f15cb59b76d78ff2a327c281e2b2719e5e83e926,6/23(日) 12:06
rkbv,RKB毎日放送,九州北部 23日夕方にかけて局地的に雷を伴った非常に激しい雨が降るおそれ,https://news.yahoo.co.jp/articles/4dbb72f8c0d46849d86a8e801cd2cb05432e725d,6/23(日) 7:14
rkbv,RKB毎日放送,飲酒運転撲滅モニュメント建立,https://news.yahoo.co.jp/articles/5e7c7007626b9d7f8ed449443de6c189c9fcf7b8,6/22(土) 17:53
rkbv,RKB毎日放送,高齢者の避難は?大雨に備え避難所受け入れ訓練　福岡県芦屋町,https://news.yahoo.co.jp/articles/10f46b8e8160dbdfe78ce7da91a4044393ce67b8,6/22(土) 13:14
rkbv,RKB毎日放送,飲酒運転や不正に改造された車などの取締り　計9人が検挙,https://news.yahoo.co.jp/articles/efe4441688aa4b2261c28f956a8bf51c242a2d06,6/22(土) 6:22
rkbv,RKB毎日放送,なぜ下士官までが極刑に　41人が死刑　石垣島事件の特殊要因は～28歳の青年はなぜ戦争犯罪人となったのか【連載：あるBC級戦犯の遺書】＃47,https://news.yahoo.co.jp/articles/98fb1df968fc20445085f45faf16f032f9a113a3,6/21(金) 22:00
rkbv,RKB毎日放送,派閥の裏金事件受けた「政治資金規正法改正」福岡選出の国会議員の評価は?,https://news.yahoo.co.jp/articles/dcd5cd8f3f9717393a1e5e28f653c68b9ed622b1,6/21(金) 18:39
rkbv,RKB毎日放送,被告「興奮していた」ストーカー禁止命令を受けていたのに被害者を追従した理由問われ　博多駅前女性刺殺事件,https://news.yahoo.co.jp/articles/01d5c52e80a4e7427cebff35907591916efccca2,6/21(金) 18:36
rkbv,RKB毎日放送,”18歳の自分を超えた” 33歳・鈴木聡美　日本競泳史上最年長で五輪代表,https://news.yahoo.co.jp/articles/c6e7f4f70409fd817562cd28e71ebcf13b87db65,6/21(金) 18:24
rkbv,RKB毎日放送,イオン九州「電子レシート」導入　年間のレシート使用量は地球1.5周分　CO2削減も期待,https://news.yahoo.co.jp/articles/071768be34c15b4ef2bb3f9ee9639066f020ce96,6/21(金) 17:44
rkbv,RKB毎日放送,「今度こそあがった!」クリークでテナガエビ釣り　少年の日のように楽しむ男性たち　指を挟まれ「痛っ、痛てて」,https://news.yahoo.co.jp/articles/fc86247793160d2434c350f3668984a0728aebf5,6/21(金) 16:39
rkbv,RKB毎日放送,「めちゃコミ」米ファンドが買収…電子コミックの現状と未来を解説,https://news.yahoo.co.jp/articles/888b44cd7a7ecee61e5c04d9726628bb30958405,6/21(金) 16:13
rkbv,RKB毎日放送,近代建築物に「八幡製鉄所のロール旋削工場」を選定　高さ異なる3つの屋根など評価　1941年に建設,https://news.yahoo.co.jp/articles/ebf07e982b4573c15597c6f58b7db77280bd27ca,6/21(金) 15:44
rkbv,RKB毎日放送,22日（土）から23日（日）にかけて九州北部で警報級の大雨のおそれ,https://news.yahoo.co.jp/articles/4234ac957d39453d458d71125fc815cc126e9bd1,6/21(金) 14:48
rkbv,RKB毎日放送,九州電力が75歳以上対象に「熱中症予防プラン」9月分から1500円割り引き　気兼ねなくエアコン使用を,https://news.yahoo.co.jp/articles/f47ed26812fe21ab745b0e2d9885f6a652852884,6/21(金) 13:27
rkbv,RKB毎日放送,JR九州の株主総会　西九州新幹線の未整備区間について古宮社長「関係者と議論続けたい」,https://news.yahoo.co.jp/articles/c7b748eabaf9f293f7d5487867c176192e9e6235,6/21(金) 12:28
rkbv,RKB毎日放送,「飲酒運転はばってん（×）」九州プロレスの選手が飲酒運転撲滅キャンペーン　福岡県内の検挙件数は前年上回る,https://news.yahoo.co.jp/articles/82edad48969790212e5106761a914f5512bf7e59,6/21(金) 12:28
rkbv,RKB毎日放送,九大法科大学院が伊都キャンパスに移転へ　2027年度・中央区六本松から,https://news.yahoo.co.jp/articles/7bf8a467f7ffa34c5944fb402048eecbff2f8e3b,6/21(金) 10:53
rkbv,RKB毎日放送,「平和は願うものではなく、努力して得られるものだ」　米兵を処刑した元戦犯の息子と処刑された米兵の孫　慰霊祭で共に平和を誓う,https://news.yahoo.co.jp/articles/0ee79708d29156614a49c83c2716fd1f1ec958e7,6/20(木) 19:53
rkbv,RKB毎日放送,インターハイで女王奪還へ!全国屈指の強豪・中村学園女子高校剣道部,https://news.yahoo.co.jp/articles/5ccebe4906def12106383e61736f872fff569668,6/20(木) 19:24
rkbv,RKB毎日放送,新たに20キロマラソン種目を新設　「北九州マラソン」来年は2月16日に開催,https://news.yahoo.co.jp/articles/63acbc32d3cfd19d4c55fcac9a5516e427c09a29,6/20(木) 18:06
rkbv,RKB毎日放送,「金融政策の効果にはタイムラグある　地域によって一様ではない」日本銀行福岡支店・支店長が言及,https://news.yahoo.co.jp/articles/ab76e8be036779a9784797a179edd99ee96b2e77,6/20(木) 17:46
rkbv,RKB毎日放送,太陽光で走るタクシー　充電もできる”次世代型”営業所が誕生,https://news.yahoo.co.jp/articles/5cbb716b4ff1eec8509159b5c076b82cd19f5bfb,6/20(木) 16:51
rkbv,RKB毎日放送,市長のパワハラ・セクハラ認定の報告書可決　市長は「働きやすい職場をつくる」と辞任を否定　福岡・宮若市,https://news.yahoo.co.jp/articles/7f8d966b3ec1aed5b8aa181614862a054dcff08c,6/20(木) 16:32
rkbv,RKB毎日放送,“吉祥の鳥”トキの繁殖で日本と中国が協力し合えるものとは?,https://news.yahoo.co.jp/articles/19ca3def4817a46e00addeb29727e0c1eb3427dd,6/20(木) 16:04
rkbv,RKB毎日放送,「九州北部でも線状降水帯発生予測を発表するおそれあり」福岡管区気象台が大雨警戒呼びかけ,https://news.yahoo.co.jp/articles/ada85fd463f69e025349fcfb2ae233d9a0a01419,6/20(木) 14:55
rkbv,RKB毎日放送,RKBとスタートアップ企業「アクセルスターズ」が資本業務提携　「睡眠通じ地域の健康増進に貢献する」,https://news.yahoo.co.jp/articles/9106eb84c9f09d9fb08b37bdb669de6cd28d9fc2,6/20(木) 14:12
rkbv,RKB毎日放送,テレビアニメ「推しの子」　制作の裏側まで楽しめる展覧会　絵コンテや制作資料も,https://news.yahoo.co.jp/articles/1d131646e6613dcc460f7be178457589136f11e9,6/20(木) 14:06
rkbv,RKB毎日放送,授業中に緊急地震速報が発表されたら・・・校内放送で子供たちがとった行動,https://news.yahoo.co.jp/articles/dd470c20c347210fb6ec0bb04e829c4f674c7308,6/20(木) 12:11
rkbv,RKB毎日放送,介護ロボットを使った「未来型介護モデル施設」整備へ　高齢化率が最も高い政令市,https://news.yahoo.co.jp/articles/8edfba813bc6e2480de8e37726a65647e3c398a9,6/20(木) 11:59
rkbv,RKB毎日放送,夏に流行する「手足口病」が警報レベルに  軽い発熱のあと3～5日後に口の中や手足に水疱性の発疹,https://news.yahoo.co.jp/articles/5cc4d0639c5daee954b91fdc63862363fbc39379,6/20(木) 11:26
rkbv,RKB毎日放送,【ソフトバンク】3割打者激減の中、近藤だけはレベチ!,https://news.yahoo.co.jp/articles/ce0000f4399ba669efa4af0ba7c8443d372fee5c,6/20(木) 10:22
rkbv,RKB毎日放送,絶滅危惧種の水生植物「ガシャモク」　九州で唯一自生が確認されている池で児童が保全活動,https://news.yahoo.co.jp/articles/13ecd5c4f93fbced704a62f172f54f127e841fec,6/19(水) 23:57
rkbv,RKB毎日放送,凶器の包丁「気付いたら逆手で…」男が証言　目撃者「刃物を淡々と振り下ろし『ふざけるなこの野郎』」博多駅前女性刺殺裁判,https://news.yahoo.co.jp/articles/e4f387f30df62122004e8b3818f5eab808c1f957,6/19(水) 19:31
rkbv,RKB毎日放送,「地域経済の発展に貢献したい」日銀北九州支店の新トップ・森下浩文氏が意気込み,https://news.yahoo.co.jp/articles/1ba5ec19997460f9fb57356c5cd23413a4dcc386,6/19(水) 19:28
rkbv,RKB毎日放送,温暖化で外で遊べなくなった子供たち　幼稚園がとった策は30メートルの巨大な日よけ,https://news.yahoo.co.jp/articles/d9bd7392e5910a8ceaf062048b899d001f7cc7a2,6/19(水) 18:54
rkbv,RKB毎日放送,保険金目当てに叔父を殺害したとされる被告　検察側「人の命を金に換える残忍な犯行」と無期懲役を求刑　弁護側は無罪を主張,https://news.yahoo.co.jp/articles/9f4bfbee35da697a5131d9cf1bc93ce8b72e6bc8,6/19(水) 18:46
rkbv,RKB毎日放送,「私は無実だ」えん罪を訴えるも死刑に処せられた男性「福岡事件」50回忌　無念を語り継ぐ人たち,https://news.yahoo.co.jp/articles/4b05714038f21c9f508a17d23de8a4f4d58d2de6,6/19(水) 18:32
rkbv,RKB毎日放送,死者・不明者1100人超「火の雨で焼かれた」福岡大空襲から79年　戦争の記憶どう語り継ぐ,https://news.yahoo.co.jp/articles/4a07ca86b8290750a70f40b307bee97cee5937d6,6/19(水) 18:12
rkbv,RKB毎日放送,疲弊する教員たち　連日、睡眠時間2～3時間「何もする気が起きなくなった」休職経験の教員の思い,https://news.yahoo.co.jp/articles/8f60bb3f55fc74fd40bc739e96662f48261ab946,6/19(水) 17:08
rkbv,RKB毎日放送,「船の上を走り回るほどびっくりしました」生きたリュウグウノツカイの幼魚をマリンワールドの職員が発見,https://news.yahoo.co.jp/articles/20647efcea8ddaa98e237615aead06932dc169cb,6/19(水) 13:36
rkbv,RKB毎日放送,福岡大空襲から79年　福岡市で戦没者合同追悼式　犠牲者に黙祷,https://news.yahoo.co.jp/articles/6ade0bdec0d2769ed1708a5b13e8f0c7850be2f9,6/19(水) 13:34
rkbv,RKB毎日放送,【熱中症警戒】九州北部は今年一番の暑さになる込み　午前中すでに30℃以上の真夏日,https://news.yahoo.co.jp/articles/dd7ee9ed563239dab0f4ed786903f80ffff93adc,6/19(水) 12:06
rkbv,RKB毎日放送,昭和レトロな雰囲気残る北九州市の「黄金市場」再開発へ　木造の建物密集し火災のリスクも　5年以内に賑わう街に,https://news.yahoo.co.jp/articles/e14a11cbb037244db7325b606bbf98074921dbae,6/18(火) 19:24
rkbv,RKB毎日放送,「励ますつもりで抱きついた」女子学生にセクハラ行為　福岡県庁の男性職員（34）を停職5か月の懲戒処分,https://news.yahoo.co.jp/articles/f02a3ceb2f86f96ded1b670b3d59578aa6c1caf7,6/18(火) 18:31
rkbv,RKB毎日放送,【不起訴】女性客への不同意性交等の疑いで逮捕　マッサージ店経営の男性,https://news.yahoo.co.jp/articles/b5c494afa77e1e2131b2d35999127e4b7204ff9f,6/18(火) 18:21
rkbv,RKB毎日放送,「後悔と申し訳ない気持ち」と語った男　「待ち伏せというのは違う」ストーカー行為は否定　博多駅前女性刺殺・被告人質問,https://news.yahoo.co.jp/articles/2542c04f6acf09fe97d9bd5d5675c405fccf72b0,6/18(火) 18:08
rkbv,RKB毎日放送,有料座席を試験導入した西鉄　乗車率は約2割にとどまる　ホークス戦開催日に試験導入も利用低調,https://news.yahoo.co.jp/articles/0b09028d91f6ad47f928462961928ad82564daa9,6/18(火) 17:28
rkbv,RKB毎日放送,海水の味は「わかめ」?　福岡県内で1番早い海開き　福岡市西区能古島,https://news.yahoo.co.jp/articles/2cfb9386460704fee77e65bb109b3e5991885b39,6/18(火) 16:46
rkbv,RKB毎日放送,「長時間労働・先輩教諭から激しい叱責、指導」公務上災害に認定　教諭になって半年で自殺した男性の遺族が損害賠償求め提訴,https://news.yahoo.co.jp/articles/55aa93f106fdffb4c3d89c3eb2e524816d9217a4,6/18(火) 16:36
rkbv,RKB毎日放送,訓練・装備に男女差無し　今年春に初の女性隊員が加わった「福岡県警機動隊」　女性記者が体験入隊,https://news.yahoo.co.jp/articles/7d6e55d0f5f48b0bd1dfb9dde32859ee726b1461,6/18(火) 16:31
rkbv,RKB毎日放送,松尾潔・Mrs.GREEN APPLEのMV公開停止に「我が事として考えて」,https://news.yahoo.co.jp/articles/49e6925a1f4330cd2dada5f2f5bacc44cea15729,6/18(火) 15:48
rkbv,RKB毎日放送,ボールを壁に投げると花火が・・・音と光の不思議な世界「魔法の美術館」開催　親子で遊べる体験型のイベント,https://news.yahoo.co.jp/articles/8f6d256a0690f1aafecde6e61df84ca2fd999ecc,6/18(火) 15:08
rkbv,RKB毎日放送,引退発表の「ドクターイエロー」博多駅でマスコミ公開　運行終了前に一般公開イベントも検討　JR西日本,https://news.yahoo.co.jp/articles/1719b43d0fb7df7cf0c56572e3a843994507d787,6/18(火) 12:13
rkbv,RKB毎日放送,「子育てしやすい環境作り」で北九州市と流通大手イズミが包括連携協定　妊婦や子供連れ優先の駐車場設置,https://news.yahoo.co.jp/articles/82b5b2bca94040e76c0c481ac374fe21db73f18e,6/18(火) 12:06
rkbv,RKB毎日放送,宗像市と湖池屋がコラボ　試食会開催　「湖池屋プライドポテト　日本の神業　九州焼きのり醤油」　今月24日から全国で販売開始,https://news.yahoo.co.jp/articles/2ff96b5d1c0411c731d98eaaa483c98195be6343,6/17(月) 23:57
rkbv,RKB毎日放送,サイバーセキュリティ分野の協力を強化　米領事館と九州の大学・行政・民間企業などがパートナーシップ,https://news.yahoo.co.jp/articles/b990b4e2b7e34870783d60b5a46141e56bba3202,6/17(月) 19:59
rkbv,RKB毎日放送,博多ストーカー殺人事件・初公判争点は、被告が否認した”ストーカー規制法違反の成否”と”量刑”　検察側「待ち伏せて追従」　弁護側「偶然が積み重なって起きた」,https://news.yahoo.co.jp/articles/c26db35b8ea0db528aec8f0ccdb7fd4c218bd115,6/17(月) 19:54
rkbv,RKB毎日放送,博多ストーカー殺人事件・初公判　 争点は「ストーカー行為の有無」　寺内被告「待ち伏せしたことは違います」起訴内容を否認,https://news.yahoo.co.jp/articles/dd0a304aac75e57b1e30a425f25c25781fe85a5c,6/17(月) 19:48
rkbv,RKB毎日放送,バレーボールネーションズリーグ約8万2千人が観戦　大会使用球を福岡県内の高校160校に寄贈へ,https://news.yahoo.co.jp/articles/81d7085cc58d566928298a18bbf19e6ce989d370,6/17(月) 19:44
rkbv,RKB毎日放送,「一番簡単で力強い方法は選挙に行くことじゃないか」若者の声が政治に反映される社会を　お笑いタレントが高校で出張授業,https://news.yahoo.co.jp/articles/fa4a3b0548f6341b5413bf9b9a48d4853ec5923f,6/17(月) 18:41
rkbv,RKB毎日放送,イルカの息づかいやトビハゼが跳ねる音”楽しむ「音を感じる水族館」　”聴覚過敏でイルカショーが見られない”客の要望を受け実現　人工音を排除,https://news.yahoo.co.jp/articles/85c2444884b5e4bd7981b0b22078f70f74e80ed5,6/17(月) 17:08
rkbv,RKB毎日放送,【西鉄バス】7月発行の新紙幣対応完了は2025年度末　鉄道は24年度末、スーパーは7月に対応完了,https://news.yahoo.co.jp/articles/f6dedcbae88d29edec0b4d34480ee1dcae967594,6/17(月) 17:04
rkbv,RKB毎日放送,【九州北部】観測史上4番目に遅い梅雨入り　18日朝にかけ局地的に雷を伴った非常に激しい雨のおそれ,https://news.yahoo.co.jp/articles/d3a4ec0f859515b6d05e1a86d72c7db933080022,6/17(月) 15:56
rkbv,RKB毎日放送,早乙女姿の巫女が苗を植え付け　”豊作””農業発展”祈る「御田植祭」,https://news.yahoo.co.jp/articles/d2b15694df1fe0f1d89b57ea1240c4a818e86492,6/17(月) 15:12
rkbv,RKB毎日放送,【九州北部】去年より19日遅く梅雨入り　観測史上4番目の遅さ,https://news.yahoo.co.jp/articles/940c811abbe4b38875ee11840b59eb6a77adc3dc,6/17(月) 11:31
rkbv,RKB毎日放送,"【博多ストーカー殺人】寺内進被告初公判　殺人罪""認める""　ストーカー規制法違反の罪""否認""",https://news.yahoo.co.jp/articles/3f2a322d5d7f11eb36510c2a4508ca8b8c29bc88,6/17(月) 10:11
rkbv,RKB毎日放送,博多駅前ストーカー殺人事件・寺内進被告　きょう裁判員裁判の初公判　法廷で何を語るのか?,https://news.yahoo.co.jp/articles/d7de32166a771f4e40d8037f9fecb50efb601f4c,6/17(月) 0:02
rkbv,RKB毎日放送,「いつも家族のために頑張ってくれてありがとう」 父の日にバラと栄養ドリンクをプレゼント　プロバスケットボール選手と駅員が配る,https://news.yahoo.co.jp/articles/f27924364c97c1a194882d86d4743695a913900c,6/16(日) 19:24
rkbv,RKB毎日放送,「ボンネットから煙が・・・」走行中の軽乗用車から出火　一時激しく炎上　運転していた女性が手にやけど,https://news.yahoo.co.jp/articles/d4c16ae781f97b48731e455d83d5609efb82db0b,6/16(日) 17:19
rkbv,RKB毎日放送,一時激しい黒煙上がる　北九州市で倉庫が全焼　けが人なし,https://news.yahoo.co.jp/articles/4103bdc12292b7254c6f1f8d3c8c2ba9db8b40cb,6/16(日) 15:45
rkbv,RKB毎日放送,東京の12私立大学が福岡で合同説明会　住まいや教育ローンの相談ブースも　今年で29回目の開催,https://news.yahoo.co.jp/articles/3a16b0cdc25373769d562893216af1464a4922d4,6/16(日) 11:54
rkbv,RKB毎日放送,「ギータ2世」笹川がプロ初本塁打,https://news.yahoo.co.jp/articles/8cb9f38a1d369ef4c272f7a43f262162c155f89d,6/15(土) 19:57
rkbv,RKB毎日放送,1500株のアジサイが見頃　到津の森公園で「あじさいフェア」初開催,https://news.yahoo.co.jp/articles/8f88ea5f91e900d3f0b9fb2f23735c25fdceafce,6/15(土) 12:36
rkbv,RKB毎日放送,福岡西鉄タクシー乗務員　未払いの割増賃金などの支払いを求める裁判　初弁論,https://news.yahoo.co.jp/articles/7b39f069a3fccc264dfb7795437bbc59b481509c,6/15(土) 5:59
rkbv,RKB毎日放送,「命令の実行者が絞首刑」石垣島事件の過酷な判決　ほかのBC級戦犯裁判はどうだった～28歳の青年はなぜ戦争犯罪人となったのか【連載：あるBC級戦犯の遺書】＃46,https://news.yahoo.co.jp/articles/a752ac99fe5f7334dc53599bac9fbaf415e4e71a,6/14(金) 22:00
rkbv,RKB毎日放送,最大会派・自民党県議団会長　知事と二人三脚で海外視察の意義をアピール　県民が知りたい詳細な費用と報告書は公開されず,https://news.yahoo.co.jp/articles/fdfe9067f6ca0a7f6bdb3768873572bfdf588bdb,6/14(金) 19:44
rkbv,RKB毎日放送,糸島市　アルバイトのマッチングアプリ運営会社と西日本の自治体では初めて連携協定を締結　人手不足解消に期待,https://news.yahoo.co.jp/articles/0f6773b9ec5098f88f5b5b72c89dcb2a702c5cf7,6/14(金) 18:59
rkbv,RKB毎日放送,市長から職員に対する「パワハラがあった」と結論　宮若市百条委員会が調査報告書をまとめる,https://news.yahoo.co.jp/articles/e23018989905d38049b95261174fa92f955b7dc3,6/14(金) 18:46
rkbv,RKB毎日放送,行方不明の旧国鉄客車「オハフ33」の座席　北九州市が返還交渉中,https://news.yahoo.co.jp/articles/267526c669fd953c4dc9ddf9c99d046b6d8e63b4,6/14(金) 18:43
rkbv,RKB毎日放送,九電グループ「キューへン」　顧客情報の流出は37万件超か,https://news.yahoo.co.jp/articles/794459da3087aadcd52c111caf13672a6c667806,6/14(金) 18:06
rkbv,RKB毎日放送,先生がテストを採点する時代はもう終わり?　AI導入で採点時間6割減少　生徒と向き合う時間に,https://news.yahoo.co.jp/articles/0e5d59973248d94650064d46d2e458e82b794bca,6/14(金) 17:51
rkbv,RKB毎日放送,運航停止中の「クイーンビートル」　「修理の安全を優先し十分な工期を確保する」　運休期間を12日間延長,https://news.yahoo.co.jp/articles/b28794f02650b8e70e2c56f6144b70ace7d8926a,6/14(金) 16:54
rkbv,RKB毎日放送,「父を殴った原告の気持ち　今なら分かる」　聴覚障害のある女性が法廷で語った強制不妊手術のつらさ,https://news.yahoo.co.jp/articles/f4f03f79a945f66d2313e7d8608e725342656224,6/14(金) 16:46
rkbv,RKB毎日放送,「取材源の秘匿」脅かし「権限のないデータ消去」も…鹿児島県警の捜索,https://news.yahoo.co.jp/articles/6507f5cf244bec7894cf547a379aee67574e42f9,6/14(金) 16:36
rkbv,RKB毎日放送,旧門司駅遺構の関連予算・議員報酬削減の条例改正案を可決　北九州市議会,https://news.yahoo.co.jp/articles/f17bd5a2242c7eab61d682f62bd5356b712d06df,6/14(金) 16:06
rkbv,RKB毎日放送,「ありました!磁気反応が出てる　すごい!」　鉄製の船か　九大グループが水深60メートルの海底で新発見　古来から船が行き交う玄界灘で,https://news.yahoo.co.jp/articles/669158c34d8f1e2c829274162063c30d8476dc68,6/14(金) 14:02
rkbv,RKB毎日放送,女性（20代）に対するストーカーなどの疑いで逮捕の男性（63）を不起訴に　福岡地検,https://news.yahoo.co.jp/articles/6531000a4e8d087ec5df2247f2e0e838d2a42f70,6/14(金) 12:36
rkbv,RKB毎日放送,バスターミナルのエスカレーター　高校生を盗撮未遂の疑いで逮捕の公務員男性を不起訴に　福岡地検,https://news.yahoo.co.jp/articles/e3eebfe4ffeddc29f88a7cfc1b91a944e8287706,6/14(金) 12:36
rkbv,RKB毎日放送,旧門司駅の遺構　関連予算を可決　今年度中に複合施設着工へ　北九州市議会　約12億6700万円の補正予算を可決,https://news.yahoo.co.jp/articles/b11d46d3782637d68653b4d560a59e8e8f739722,6/14(金) 12:22
rkbv,RKB毎日放送,警察学校伝統の耐久レース　18歳から28歳が過酷なコースを走り抜く,https://news.yahoo.co.jp/articles/aed898569037f094edf4e0a2b1fa15f30096d337,6/14(金) 12:16
rkbv,RKB毎日放送,旧優生保護法下の強制不妊手術　福岡訴訟　国が控訴,https://news.yahoo.co.jp/articles/fedb5e699bbb1c962a133f291b430b4ac0bf4975,6/14(金) 10:51
rkbv,RKB毎日放送,40代自衛官が上官の50代自衛官の容姿からかう→立腹した50代自衛官が平手打ち→2人とも停職3か月の懲戒処分,https://news.yahoo.co.jp/articles/4fbb67572f27b639afb04637c7adddc2f5b9bcdc,6/13(木) 18:49
rkbv,RKB毎日放送,休業中の嘉穂劇場2031年度にもリニューアルへ　大規模改修は数億円規模か　財源確保が課題に,https://news.yahoo.co.jp/articles/db531356118677c96b1daf2329465878b7c1d249,6/13(木) 18:32
rkbv,RKB毎日放送,【ドクターイエロー】引退へ「25センチ間隔で0.1ミリのズレ測定」　車内には多くの検測機器,https://news.yahoo.co.jp/articles/1d7882440744d92c563146610d7ef0c9b0ab4635,6/13(木) 18:12
rkbv,RKB毎日放送,A群溶血性連鎖球菌の感染者が今年最多に　手足口病の感染者も増加　福岡,https://news.yahoo.co.jp/articles/6220a8a281607feb050f90428210a6e638466201,6/13(木) 17:48
rkbv,RKB毎日放送,福岡市立福岡女子高校が共学化へ　有識者から「ジェンダー平等の社会の流れ」と指摘　定員割れも,https://news.yahoo.co.jp/articles/1f69f0a6759bc8eb9028bd3deacfcfbab90c6983,6/13(木) 17:24
rkbv,RKB毎日放送,「ニセ酒」撲滅運動から見えてくる中国の特権社会をウォッチャーが解説,https://news.yahoo.co.jp/articles/de836ccb0be1994423c84f913ab842866fcb76ce,6/13(木) 17:24
rkbv,RKB毎日放送,「医師と学校は健診に共通認識を」　小学校の健診で下腹部に聴診器　腸の音の診察は事前相談無し,https://news.yahoo.co.jp/articles/99fb93e2a34c83ac3397b92c617406d49f5609b7,6/13(木) 17:06
rkbv,RKB毎日放送,【九州道】上り・八女インター出口が通行可能に　大型ダンプの横転事故で約6時間通行止め,https://news.yahoo.co.jp/articles/e023a3effbef365309f7a55fccf79acd08e53b72,6/13(木) 16:24
rkbv,RKB毎日放送,「空の色をイメージ」世界にひとつだけの上履きを制作　聴覚に障害がある子供たちがワークショップ参加,https://news.yahoo.co.jp/articles/68451c5878515198b51725d7675e70b4e9f67281,6/13(木) 16:14
rkbv,RKB毎日放送,「土手を月見草でいっぱいにしよう」亡き親友との約束果たし　月見草が見ごろ,https://news.yahoo.co.jp/articles/03c2145cb477c37d3eed8915701a044052453cd9,6/13(木) 15:27
rkbv,RKB毎日放送,福岡県久留米市で35．0度を記録　2日連続で猛暑日を観測,https://news.yahoo.co.jp/articles/c9585998deefd933469f395168fa2f978fd29272,6/13(木) 14:52
rkbv,RKB毎日放送,豚熱　イノシシ向けのワクチン野外散布始まる,https://news.yahoo.co.jp/articles/be2da154fdf368f107afcdd7637bb0fcc04b4f6c,6/13(木) 12:22
rkbv,RKB毎日放送,毎日イチゴ1個分のごみを減らす　ごみ減量プロジェクト園児に出前授業,https://news.yahoo.co.jp/articles/c0416f5aaffd32b7562db73026108f68db48f875,6/13(木) 12:16
rkbv,RKB毎日放送,【九州道】上り・八女インター出口が通行止め　大型ダンプカーの横転事故　九州道本線は上り・下りとも影響なし,https://news.yahoo.co.jp/articles/3c0d317482f20ff696aae1e8c6752bfcb3096727,6/13(木) 11:20
rkbv,RKB毎日放送,黄色い新幹線「ドクターイエロー」引退へ　2027年以降をめどに検測を終了とJR西日本,https://news.yahoo.co.jp/articles/28832afdf6dafb39c697067a00af172f08fb1870,6/13(木) 10:31
rkbv,RKB毎日放送,「今後も謙虚な姿勢で」博多の夏祭り「博多祇園山笠振興会」創立70周年記念式典,https://news.yahoo.co.jp/articles/6a906fe7a5d83adbc5fb072988b546a7a3a24f3c,6/12(水) 23:57
rkbv,RKB毎日放送,慢性的なタクシー不足解消なるか　「ライドシェア」福岡でもサービス開始,https://news.yahoo.co.jp/articles/c08aa982e29ab0c7152fd520b6515eaad25c8fd7,6/12(水) 19:43
rkbv,RKB毎日放送,米も海苔も値上がり・・・国民食「おにぎり」がピンチ　コメ余りの時代が一変か,https://news.yahoo.co.jp/articles/6914169414d096da3739c90e3426500593c3299e,6/12(水) 19:16
rkbv,RKB毎日放送,50年以上進展がない「東九州新幹線」北九州の商工会議所トップが整備推進期成会の早期設置を県に要望,https://news.yahoo.co.jp/articles/7ff5ff9506190f9b03769dc60bb12fd04f68a4f4,6/12(水) 19:09
rkbv,RKB毎日放送,「費用を上回る効果を上げてきた自負がある」3年間で約2億8500万円の海外視察に自民党県議が主張,https://news.yahoo.co.jp/articles/8e02ad7c231c3e52f6b9e97af7b294da6d2d1a6d,6/12(水) 18:39
rkbv,RKB毎日放送,幼い頃泣けなかった私　「母は’お兄ちゃんのお母さん’で、私のお母さんではない」　障がい者のきょうだいに生まれて,https://news.yahoo.co.jp/articles/104469a590a90bbae5cb383184a8523bc0e98cc6,6/12(水) 17:16
rkbv,RKB毎日放送,酒粕を有効活用して生まれた「赤酢」全国コンテストでグランプリ受賞　酒どころ佐賀の特産品へ,https://news.yahoo.co.jp/articles/b57228579f0e8e3445ce5991d444a8ae0637be06,6/12(水) 16:36
rkbv,RKB毎日放送,「景色がきれい集中できる」校庭が狭い小学校　10年前から国の重要文化財「めがね橋」でスポーツテスト,https://news.yahoo.co.jp/articles/5adf4368f77678e8c33e096a37287a9beab71184,6/12(水) 16:36
rkbv,RKB毎日放送,「自然の色とは思えない」青いカエルを発見　専門家は色素の突然変異と”数奇な運命”を指摘,https://news.yahoo.co.jp/articles/b23dd89e993af9277115a1676060fb79e76dc1e3,6/12(水) 14:21
rkbv,RKB毎日放送,「ヌルヌルしてて楽しい」園児が田植え泥の感触楽しむ　農業高校の実習田で,https://news.yahoo.co.jp/articles/2d2870b5ce7b80ed54771399804792d1753dcb58,6/12(水) 12:04
rkbv,RKB毎日放送,「下着の中に聴診器を入れられた」小学校の健康診断で複数の児童が訴え　医師は「医療行為の一環」,https://news.yahoo.co.jp/articles/0737e880187ab5e1de1eb124a840774b1010d30f,6/12(水) 10:41
rkbv,RKB毎日放送,【高校野球】創部116年・春夏21回出場「小倉高校」vs創部124年・春夏9回出場「東筑高校」　伝統校の誇りかけ激突,https://news.yahoo.co.jp/articles/25f952526f0ef4c48bd52087569a26eddf6f112e,6/11(火) 19:28
rkbv,RKB毎日放送,【注意】SNS投資詐欺で62歳会社員男性約1800万円騙し取られる　女性名義の人物にフォローされ…,https://news.yahoo.co.jp/articles/11780f44e74af7c51c871180d540dd3065efa57a,6/11(火) 19:06
rkbv,RKB毎日放送,今週末～来週は各地で梅雨入りか　沖縄の梅雨明け近し,https://news.yahoo.co.jp/articles/442f470a88c10f0942003322b08360184e72b5b7,6/11(火) 19:02
rkbv,RKB毎日放送,大規模イベント前に”手荷物””巡回警備”確認　テロ対策福岡パートナーシップ推進会議,https://news.yahoo.co.jp/articles/d3e41d0e46e099eac91cc97db210c355cf1a98bf,6/11(火) 18:41
rkbv,RKB毎日放送,帽子→被らなくてOK　革靴→スニーカーでもOK　変化するバス運転手の労働環境,https://news.yahoo.co.jp/articles/bef2611d952f48e146593a13499d93aa9a3c5a49,6/11(火) 18:24
rkbv,RKB毎日放送,ミシュランガイド2つ星　60年続く名店の寿司職人が教える「本手返し」,https://news.yahoo.co.jp/articles/4b4b57fe9182c5a0a520f6379c04e558168b46f3,6/11(火) 17:53
rkbv,RKB毎日放送,博多祇園山笠　縁起物とお守りは9種類　「今年は事故やけがなく無事に成功しますように」,https://news.yahoo.co.jp/articles/a302129ae9f1e91acb190cd67ba4d83bb7915f4c,6/11(火) 17:44
rkbv,RKB毎日放送,"家でも学校でもない""サードプレイス""　駅前に民間図書館　開設から2か月「子供たちの居場所に」",https://news.yahoo.co.jp/articles/7bf24d0d109855a831f809c1f4ba75b74f41d295,6/11(火) 17:16
rkbv,RKB毎日放送,“脳トレ”川島隆太教授「スマホを長時間使う子供の学力は極端に低い」,https://news.yahoo.co.jp/articles/b4aa61784f7dc520580e99becce747280bf871d4,6/11(火) 16:14
rkbv,RKB毎日放送,松尾潔・国立大学の財務危機は「私立大出身の首相が続くから?」と疑問,https://news.yahoo.co.jp/articles/f7bd0b09356b34504e931a54d82ac57576d99dfa,6/11(火) 16:12
rkbv,RKB毎日放送,「これでいいんかよ」きっかけはひとりの女性が抱いた危機感　参加者わずか4人だった防災訓練5年で60倍に,https://news.yahoo.co.jp/articles/56d4a52b6fbec104e68f5b122fc45750116c455c,6/11(火) 14:46
rkbv,RKB毎日放送,2026年に「福岡フラワーショー」開催へ　ガーデニングイベントで国際的な社交の場を　福岡市長表明,https://news.yahoo.co.jp/articles/7ed1106a3de114fc00d7918e39285f56d180fd9f,6/11(火) 12:19
rkbv,RKB毎日放送,税金で海外視察  議長がドタキャン”急な公務”で  議会内部からの改善要望受け取らず,https://news.yahoo.co.jp/articles/13c5a4a21bb65e4b86cc54e25792ffb188b7cbfe,6/10(月) 22:12
rkbv,RKB毎日放送,全国でも珍しい「時計の供養祭」　口コミで広がり今年は約100個が各地から　供養後は再び誰かの時計の部品に,https://news.yahoo.co.jp/articles/5a2b2f822ba848db56b0b585d465a6808df63482,6/10(月) 20:06
rkbv,RKB毎日放送,福岡市動物園に「ゾウの花壇」　7月ミャンマーからゾウの到着前に,https://news.yahoo.co.jp/articles/9c040a57f9ceaf90df44a2dabcb4a2ae5bb68da0,6/10(月) 18:49
rkbv,RKB毎日放送,内水氾濫の被害を防げ　3年前の住宅浸水被害を教訓に　佐賀県,https://news.yahoo.co.jp/articles/0721bb1994f5428a752b9dd7bc751975785a23f7,6/10(月) 18:28
rkbv,RKB毎日放送,【不起訴】2件の盗撮疑いで逮捕の会社員の男性,https://news.yahoo.co.jp/articles/dab8db3c8323b68794e6c5605b3ea46ae52cc606,6/10(月) 18:19
rkbv,RKB毎日放送,自民逆風下の選挙区は　危機感の与党現職と攻めの野党　動き活発に,https://news.yahoo.co.jp/articles/1038aa0432e5be7811a6bd248ec2258d6f4af76d,6/10(月) 18:02
rkbv,RKB毎日放送,西鉄グループが蓄電池事業開始へ　再生可能エネルギーの普及後押し,https://news.yahoo.co.jp/articles/e1b9336e829efc268fb84283dc168bccba818268,6/10(月) 18:02
rkbv,RKB毎日放送,都市部の温泉施設「万葉の湯」が閉館へ　老朽化も建設コスト人件費増で建て替え断念,https://news.yahoo.co.jp/articles/0df86e34103ec1ff2e3d270eaec33b0ad300f91e,6/10(月) 17:44
rkbv,RKB毎日放送,【飯塚事件】「真実解明をちゃんとしろ」元死刑囚の遺族らが即時抗告　2度目の再審請求の棄却受け,https://news.yahoo.co.jp/articles/a17e01f1c29b085fcd48b492d60bf4ab10cf960b,6/10(月) 16:22
rkbv,RKB毎日放送,7月から”グラサン”警察官登場　職務中のサングラス着用を許可　目の保護・まぶしさによる事故防止目的　佐賀県警,https://news.yahoo.co.jp/articles/d3d84bcb681c088d8c2b883f8959cd211bcf4bfa,6/10(月) 16:08
rkbv,RKB毎日放送,佐賀県玄海町で”核のごみ”文献調査始まる　原子力発電環境整備機構（NUMO）コメント,https://news.yahoo.co.jp/articles/17190fb37d0250a8d0897c0c1782c57d4e76be8f,6/10(月) 15:42
rkbv,RKB毎日放送,核のごみ　佐賀県玄海町で文献調査始まる　経産大臣が認可,https://news.yahoo.co.jp/articles/a22bea09e1653a918820c7ed45429dd68b6f5c0c,6/10(月) 15:31
rkbv,RKB毎日放送,エレベーター式の立体駐車場で車が転落　60代女性を救助　足の痛み訴えるも命に別状無し,https://news.yahoo.co.jp/articles/e49b9f3e60def7968597ef2b4cdcc6ba54292d43,6/10(月) 14:29
rkbv,RKB毎日放送,【不起訴】容疑否認の会社員の男性　女性の胸をすれ違いざまに触った疑いで逮捕,https://news.yahoo.co.jp/articles/5a8dd071d01535d7804b05cb3c76105c3a377d4e,6/10(月) 14:08
rkbv,RKB毎日放送,”2重ロック”で自転車盗難被害の防止を　警察・交通指導員がキャンペーン　北九州・小倉南区,https://news.yahoo.co.jp/articles/133aa2c3902fbde235137bb8710e3d723ae1423f,6/10(月) 12:09
rkbv,RKB毎日放送,子供たちが海外の若者と一緒に歌やダンス披露　「ミュージックアウトリーチツアー」　北九州市では7回目の開催,https://news.yahoo.co.jp/articles/8cf64b400c2ebbb815dca755811630e7420067fa,6/10(月) 1:44
rkbv,RKB毎日放送,「50年先の若い世代に本が必要かどうか決めさせてあげる選択肢を」直木賞作家・今村翔吾さん　書店や出版業界の未来について語る,https://news.yahoo.co.jp/articles/95f7ca040f7edbb75ecc110ff006a1f14347deee,6/10(月) 1:42
rkbv,RKB毎日放送,子供たちが海外の若者と一緒に歌やダンス披露　「ミュージックアウトリーチツアー」　北九州市では7回目の開催,https://news.yahoo.co.jp/articles/069e496d56894b9768fd09b595dc7e304c931b5c,6/10(月) 1:39
rkbv,RKB毎日放送,「五輪出場権を獲得できるよう頑張りたい」　古賀紗理那選手らバレー女子日本代表選手が福岡入り,https://news.yahoo.co.jp/articles/f2de3c91250ae925ea8cae2d465dc81bc3d4b2f5,6/9(日) 17:59
rkbv,RKB毎日放送,周辺の物流拠点とのアクセス向上で混雑を緩和　小郡鳥栖南スマートインターチェンジ　開通式,https://news.yahoo.co.jp/articles/6c72e385cf6a83fa30c3496a04366b337e57143e,6/9(日) 14:41
rkbv,RKB毎日放送,小学生が自転車の運転技術競う　交通安全こども自転車福岡県大会　優勝チームは8月の全国大会へ,https://news.yahoo.co.jp/articles/7213721e9d654cd81b556f54c112844407bf0179,6/9(日) 12:29
rkbv,RKB毎日放送,「国民に政治不信が生まれる事態に」“裏金事件”で麻生副総裁が謝罪　自民党福岡県連大会,https://news.yahoo.co.jp/articles/34b5b98506b670752b68c6f629105d779342d28b,6/8(土) 15:06
rkbv,RKB毎日放送,飲食店で8人が下痢や発熱など食中毒　3人からサルモネラ菌が検出,https://news.yahoo.co.jp/articles/3359a4fbf7004abf90f2f812b20a9b1e560c2866,6/8(土) 13:46
rkbv,RKB毎日放送,九州初!公設「BMX専用パーク」がオープン　福岡県,https://news.yahoo.co.jp/articles/91e0876fd7e148490c08635292706eaab91d88b4,6/8(土) 12:29
rkbv,RKB毎日放送,福岡大空襲からまもなく79年　福岡市で戦争の悲惨さ伝える資料展始まる,https://news.yahoo.co.jp/articles/032ec0dd36a2a558eeed1cd4a3e0760f7f36a217,6/8(土) 12:27
rkbv,RKB毎日放送,吸い殻集めたごみ袋から出火か?　グランピング施設の火事,https://news.yahoo.co.jp/articles/f5ee448e85e6204fe658b5f715e89f4af8cdeb21,6/8(土) 0:46
rkbv,RKB毎日放送,間違った命令に従った場合は・・・戦犯裁判で抗弁にならなかった日本の認識～28歳の青年はなぜ戦争犯罪人となったのか【連載：あるBC級戦犯の遺書】＃45,https://news.yahoo.co.jp/articles/bf5a41a18786e576bf6153b18ab550f9bcfce3bf,6/7(金) 22:01
rkbv,RKB毎日放送,豚熱に感染した野生のイノシシが新たに見つかる　佐賀県が経口ワクチン散布するなど警戒強める,https://news.yahoo.co.jp/articles/154843a35cb1484ef18bb04ab1f5c8960bc95c9e,6/7(金) 20:33
rkbv,RKB毎日放送,“詳細は話さない”議員は足早に立ち去った　税金で海外視察「見直す」と宣言も会議は非公開で取材にも応じず　深まる疑念,https://news.yahoo.co.jp/articles/b49b8c1f3e3896aefd72f8056d693f1951c3460c,6/7(金) 20:19
rkbv,RKB毎日放送,ホークス　モイネロがプロ初安打,https://news.yahoo.co.jp/articles/5818853e2468f262275ad782e268fbb6dde32964,6/7(金) 19:46
rkbv,RKB毎日放送,男子バレー　ネーションズリーグ　「弁当は配らない」スポーツ大会でフードロスを減らす,https://news.yahoo.co.jp/articles/b333f24b652c8d82883e67a93ff8c845e0526c23,6/7(金) 19:31
rkbv,RKB毎日放送,サラリーマンの悲哀えがいたラジオドラマ　放送文化基金賞ラジオ部門で優秀賞,https://news.yahoo.co.jp/articles/7d1148d4229b405bbb4c6e25173756df9b353849,6/7(金) 19:13
rkbv,RKB毎日放送,ノロウイルスによる食中毒相次ぐ　佐賀の高齢者施設に福岡の保育施設…　手洗いの徹底や食品の取り扱いに注意を,https://news.yahoo.co.jp/articles/67c07c6798aca6022fda4a079e879377edb5f3bb,6/7(金) 18:28
rkbv,RKB毎日放送,「心配してもらうことで愛されていると実感したい」　若者に広がるオーバードーズ　依存症抜け出す鍵は「自分だけじゃない」,https://news.yahoo.co.jp/articles/f77235d87726b30acb1b2c5acb078d38aaff98f3,6/7(金) 18:24
rkbv,RKB毎日放送,福岡の高校でペンライトきらびやか「夜の体育祭」　熱中症対策で昼間から移行　花火にプロジェクションマッピングも,https://news.yahoo.co.jp/articles/e4d8363eb871986b197f3517fe56f25923f25652,6/7(金) 18:12
rkbv,RKB毎日放送,BC級戦犯　出所したはずの父は妻子の元へ帰ってこなかった,https://news.yahoo.co.jp/articles/a9f776e49f97745b174559486023c8a092114a0e,6/7(金) 17:34
rkbv,RKB毎日放送,「父は戦犯に問われた」スガモプリズンで描いた絵が語る父の苦しみ　娘がたどる父が体験した戦争の惨禍,https://news.yahoo.co.jp/articles/36b61ff94b116213f037c50207bf040f54a3b178,6/7(金) 17:18
rkbv,RKB毎日放送,ミラーボールにレコード　ファミコンにクリームソーダ　懐かしくて新しい昭和レトロ,https://news.yahoo.co.jp/articles/b19f3e2deff9e5ce1bc14f7f61659caad7add739,6/7(金) 17:12
rkbv,RKB毎日放送,職員に年齢と出産経験・出産方法を聞いた市長の発言はセクハラ　ほか7件をパワハラと認定　福岡・宮若市議会,https://news.yahoo.co.jp/articles/70c44d6173451dd84927594cca930f6526d44038,6/7(金) 16:19
rkbv,RKB毎日放送,九大大学院男性教員を覚醒剤所持の疑いで逮捕,https://news.yahoo.co.jp/articles/d5cd19e928e2358fa0045de9b5e8fb9f3b197d67,6/7(金) 16:09
rkbv,RKB毎日放送,九州大学の男性教員が覚醒剤取締法違反の疑いで逮捕か　九大総長「深くお詫び」,https://news.yahoo.co.jp/articles/db0dc21f2249e51de2342f07ad3d501c5bf52e80,6/7(金) 14:18
rkbv,RKB毎日放送,トイレになる椅子や救命胴衣になるリュックサック　災害時にも使える最新のフェーズフリー商品,https://news.yahoo.co.jp/articles/ad158a50b30d19b0e9c42b0e774031cc1a3067d7,6/7(金) 12:22
rkbv,RKB毎日放送,「父の日にバラを贈って」園芸農家が知事にジョリートレンドセッターの花束,https://news.yahoo.co.jp/articles/1b9770a9623a9235dad0e3136212ef47a21c3ce1,6/7(金) 12:06
rkbv,RKB毎日放送,スマホみながら、イヤホンつけながら　危険な自転車の「ながら運転」を取り締まり　1時間半で24件の警告,https://news.yahoo.co.jp/articles/f5031c29ff28ecd35093d7caed0ea0fac27158a5,6/7(金) 11:54
rkbv,RKB毎日放送,潜水調査の可能性を議論　科学潜水啓発シンポジウム,https://news.yahoo.co.jp/articles/73223a928140a535f680ab4cfc4f9107e375480c,6/7(金) 8:33
rkbv,RKB毎日放送,旧門司駅遺構の追加調査費計上　北九州市6月補正予算,https://news.yahoo.co.jp/articles/40d546b347556e57b9e38eda39f8f40d412b739a,6/6(木) 23:59
rkbv,RKB毎日放送,【ソフトバンク】東浜　ライナー直撃の右臀部痛みこらえ続投したが...,https://news.yahoo.co.jp/articles/594cb31226557ded8912420ac177d8232e46493e,6/6(木) 23:12
rkbv,RKB毎日放送,工藤会ナンバー3菊地敬吾被告「いつか説明しようと思っていたが否認していたから…」　控訴審で関与認めた理由を証言,https://news.yahoo.co.jp/articles/88589d7efb854eb69d69165e2f647dd551f304a4,6/6(木) 18:36
rkbv,RKB毎日放送,免許も検査もいらない釣り客に人気のミニボート　事故の約半数がインターネットで購入　草刈り機のエンジンを個人で改造する人も,https://news.yahoo.co.jp/articles/8d4943374a918ac826b37b62376cf2eab350f85e,6/6(木) 18:36
rkbv,RKB毎日放送,【不起訴】「博多どんたく」パレード会場で盗撮疑い　性的姿態等撮影容疑で逮捕の52歳の男性,https://news.yahoo.co.jp/articles/b846a299f2e5d85c7044de772b6a135da040cd88,6/6(木) 17:44
rkbv,RKB毎日放送,「私の不注意で大規模火災。深く反省しています」旦過市場2回目の火災飲食店経営者に禁錮2年を求刑経営者は起訴内容認める,https://news.yahoo.co.jp/articles/31924fd1f8bdec6199165987ec2115ed3f924fd5,6/6(木) 17:08
rkbv,RKB毎日放送,出生率過去最低1.20　東京は1割れの0.99　九州沖縄は上位にあるものの下落傾向続く,https://news.yahoo.co.jp/articles/798e0bcc2d78680ae186477d4045a6da14dd3c79,6/6(木) 16:54
rkbv,RKB毎日放送,「ライドシェア」福岡では6月12日からサービス開始,https://news.yahoo.co.jp/articles/cd951e1fcf8f77961d578ab70589859eb068b626,6/6(木) 16:19
rkbv,RKB毎日放送,利用者からの暴力やセクハラ4割が経験　在宅の医療や介護に携わる人に無料の相談窓口あす開設,https://news.yahoo.co.jp/articles/64b2ae31d8dcd0de94eba805d4ecc44c9a9098cc,6/6(木) 16:06
rkbv,RKB毎日放送,太平洋を渡る「毛むくじゃらの外交官」パンダが中国から渡米する意味,https://news.yahoo.co.jp/articles/221786dc2eb4d62d13989aabb127b024fd79b05b,6/6(木) 16:06
rkbv,RKB毎日放送,【サウナシュラン3年連続グランプリ】日本最高峰サウナ/御船山楽園ホテル（佐賀県武雄市武雄町）,https://news.yahoo.co.jp/articles/19670d9f9e56d9d34138cea9b966c2f48a6c642a,6/6(木) 16:00
rkbv,RKB毎日放送,福島県産さくらんぼ・桃のスナック菓子・しいたけカレー・やまめの缶詰　被災地の復興をを特産品で応援,https://news.yahoo.co.jp/articles/adac9b20e979ac2fba200f45e76e6aeec260f18b,6/6(木) 15:06
rkbv,RKB毎日放送,旧ビッグモータ街路樹問題　存続会社に土壌調査費など約200万円を請求　福岡・古賀市,https://news.yahoo.co.jp/articles/853740d4633a5887314b766b9c8b4f0d22ecfe34,6/6(木) 14:14
rkbv,RKB毎日放送,地下街に雨水が入ってきそうになったら・・・避難するためにやるべきことを確認,https://news.yahoo.co.jp/articles/b52de3484bc35e05ff7e35eac844bf2ed42875d6,6/6(木) 12:16
rkbv,RKB毎日放送,「豚熱」野生のイノシシ2頭感染確認　去年8月に養豚場で感染確認された佐賀県唐津市　養豚場での感染リスクは低い,https://news.yahoo.co.jp/articles/805092deafa179870155c46b4a429ee999627427,6/6(木) 9:37
rkbv,RKB毎日放送,九州・沖縄・山口の作品を表彰　大賞は”うみのなか未知”　福岡広告協会贈賞式,https://news.yahoo.co.jp/articles/bf89c82882b0b6cc20da9659d90d39c232fee2a9,6/6(木) 0:56
rkbv,RKB毎日放送,ホークスルーキー廣瀬がプロ初打点,https://news.yahoo.co.jp/articles/aa970211ce9b189dddd8e5cea309304b2be72d32,6/5(水) 21:48
rkbv,RKB毎日放送,九州電力グループ会社に不正アクセス　10万4000件の個人情報が流出した恐れ,https://news.yahoo.co.jp/articles/e1419f7c479004f7ba8f323af1c7ddb79a8665b1,6/5(水) 19:06
rkbv,RKB毎日放送,ふるさと納税した232人　住民税控除されず　市職員の確認ミスで,https://news.yahoo.co.jp/articles/eb78e418b98cb83ee70f8bedf4ed5d31f1bf5e34,6/5(水) 18:47
rkbv,RKB毎日放送,【新紙幣発行】「120万円は勇気ある出費・・・でも必要です」ラーメン店に納入された券売機　新紙幣は使えるものの夏目漱石は使えなくなった,https://news.yahoo.co.jp/articles/211f99168132ccec9ad3df50e83fc0ff967f5025,6/5(水) 18:24
rkbv,RKB毎日放送,福岡市動物園にゾウ4頭　7月中にミャンマー・ヤンゴンから　一般公開は10月,https://news.yahoo.co.jp/articles/3381cbd70b1b86a42f6895db36a77003bffc65a1,6/5(水) 18:22
rkbv,RKB毎日放送,竹中功・元吉本興業専務が経験に基づく“謝罪の極意”をラジオで伝授,https://news.yahoo.co.jp/articles/4706f26db7b63c314ee86866addb241b612f5f5b,6/5(水) 17:12
