media_en,media_jp,title_articles,link_articles,date_original
gisele,GISELe,実は「秋からも着回しが続いていく」黒キャミワンピースの選び方,https://news.yahoo.co.jp/articles/7a6481f3f4dcb3c3c545895b9e9e89213acdf3cf,9/14(土) 21:32
gisele,GISELe,スタイリストが長年愛用する「名品ミニバッグ」決め手は「ポケット以上・トート未満」のサイジング,https://news.yahoo.co.jp/articles/c4534496826fa4554515fadc610b49e61c4882c6,9/14(土) 21:04
gisele,GISELe,どう変わる？ 人気スタイリストに聞いた「これからのヘアスタイル」,https://news.yahoo.co.jp/articles/a46fd69c99d8676d7968c8f8782ba016345e3522,9/14(土) 20:32
gisele,GISELe,オシャレな人のお部屋拝見！「IKEA」で買ってよかったものは？,https://news.yahoo.co.jp/articles/11d56ea93895906d87f5a63fd0d98c150aaa53d0,9/14(土) 20:04
gisele,GISELe,使うだけで「髪がつるん」ヘアスタイリストが愛用している「ケアしながらセットも終わる」名品,https://news.yahoo.co.jp/articles/858ef4b6ccbecce7827d25d12976d97c4694e247,9/14(土) 19:34
gisele,GISELe,ポイントは「シックな色とやわらか素材」着回しが利く「着なくならない」柄スカート,https://news.yahoo.co.jp/articles/13aa27599f042e91bafe484cd26d6f3880aba0b5,9/14(土) 18:34
gisele,GISELe,手持ちリップ400本の美容通に聞く 「リップの中でもとくにいい」名品,https://news.yahoo.co.jp/articles/01d7918573b2ebd68dbb15545b50778505b9fe4b,9/13(金) 21:34
gisele,GISELe,ベーシックな服の「簡単でオシャレなアレンジ方法」ポイントは「どこか1つをネイビーに」,https://news.yahoo.co.jp/articles/6fbbf066869a8e74ad8419c185bef78dcb1b9bce,9/13(金) 21:04
gisele,GISELe,「服も変えず・小物も変えずに」着回しがワンパターンにならないコーディネートの作り方,https://news.yahoo.co.jp/articles/0f69f39b6a4cf3adc196cafe62b4344771529727,9/13(金) 20:32
gisele,GISELe,歯が白くてキレイな人に聞いた「使い続けて白くなった」歯磨き粉の名品,https://news.yahoo.co.jp/articles/64e10fba138db3157d801d1251eac4f53a4b9c05,9/13(金) 20:04
gisele,GISELe,「ワンピースはシルエットがすべて」シンプルなのに着映えする「考えなくていい」ワンピースの選び方,https://news.yahoo.co.jp/articles/c7cda5153f406910abd5f95925aed6472e2f8fc6,9/13(金) 19:34
gisele,GISELe,小物が要らないデザイン性「たった1枚で完成する」グレーのオールインワン,https://news.yahoo.co.jp/articles/19be64b2de1deebc1fe5b4032f9135d4d287476d,9/13(金) 18:34
gisele,GISELe,「それが髪を傷めている原因です」毛髪診断士が教える「やらない方がいい」やりがちな習慣,https://news.yahoo.co.jp/articles/a437b0108d6c1a2ab6ae68ce4f57a557b11a10ce,9/12(木) 21:32
gisele,GISELe,白と黒だけでここまで変わる「地味に見せない」コーディネートのテクニック,https://news.yahoo.co.jp/articles/a1d2a0627fb443575f08c8380466fc3a7d449358,9/12(木) 21:04
gisele,GISELe,似合う服が多いから「着回しにムダが出ない」 上下どちらも長く使えるセットアップの選び方,https://news.yahoo.co.jp/articles/a689942d067f00e051b52d085fdc09dc15ffe90b,9/12(木) 20:32
gisele,GISELe,「黒ワンピース1枚を」あの手この手でオシャレに見せる方法,https://news.yahoo.co.jp/articles/3df250b7adcb4b2faa3b94ea2f6e7ecbf67d889d,9/12(木) 20:04
gisele,GISELe,2人のスタイリストがそろって指名「あるようで中々ないから」つい手にとる「秀逸デニム」,https://news.yahoo.co.jp/articles/a6b16bcf734dff0b521d718dc68c95de1de72804,9/12(木) 19:34
gisele,GISELe,ふつうのジャケットよりも「長い期間活躍できる」オーバーサイズのダブルジャケット,https://news.yahoo.co.jp/articles/7c963d96887e84b447d3462edcea3c6910a95e4f,9/12(木) 18:34
gisele,GISELe,メイクのプロが選ぶ「分野別NO.1マスカラ」黒なら・色なら・キープ力なら？,https://news.yahoo.co.jp/articles/48ce1800ec368a582e4f49a9268b1b1798f062f3,9/11(水) 21:32
gisele,GISELe,新調するのは「足元だけ」いつものパンツで「いつもよりいい」腰から下のコーディネートプラン,https://news.yahoo.co.jp/articles/26859c78c45c4e82db5080f05a9263b662236bea,9/11(水) 21:11
gisele,GISELe,合わない服も靴もほぼない 「稼働率の高いスカート」の選び方,https://news.yahoo.co.jp/articles/2467b39ce36759ac9f86693935ab7caf28777f5d,9/11(水) 20:32
gisele,GISELe,「1つで目にとまる」イヤリング 「重ねづけせず1つでいい」シンプルな服に似合うデザイン,https://news.yahoo.co.jp/articles/5de5bd6973d99229c32f1025c410e6dd5b9f3949,9/11(水) 20:04
gisele,GISELe,「Qoo10で見つけました」美容通の編集長が買い逃さない「コスパ良し・成分良し」韓国スキンケア,https://news.yahoo.co.jp/articles/99cba76d5772bf6d37f227a222026640db6f2ee2,9/11(水) 19:34
gisele,GISELe,トップス・アウター「どちらもいける」モノトーンのアノラックパーカ,https://news.yahoo.co.jp/articles/f7a5c219ce33814396a0ed8158e45960ff92f698,9/11(水) 18:34
gisele,GISELe,選んだ理由は？ 人気スタイリスト3人が買った「秋からのトップス」,https://news.yahoo.co.jp/articles/77ee80f54a0c4c29de7bcad82849ebf80031f1f3,9/10(火) 21:32
gisele,GISELe,「サイズ感がちぐはぐに見えない」Tシャツとパンツでぴたっと決まる「バランス法則」,https://news.yahoo.co.jp/articles/6de22345ed76f78a9cc7528e7c587a3a2445bd9f,9/10(火) 21:04
gisele,GISELe,白パンツを選ぶなら？ スタイリストに聞いた「ゆずれない条件をクリアした」欠点がない名品,https://news.yahoo.co.jp/articles/fa13360112630c321c72f21ef8019ae92127a866,9/10(火) 20:32
gisele,GISELe,「ブラウンメイクが上手くなる」メイクのプロたちが使っている「もう1つ」のコスメ,https://news.yahoo.co.jp/articles/95ff2f7cd4e2bf88c6d568bec92df6385ae8508a,9/10(火) 20:04
gisele,GISELe,黒Tシャツとデニムで「定番だけど可愛い」着回しに差がつくテクニック,https://news.yahoo.co.jp/articles/a7f76f3b769fd65ef4c17d11ead0625356323407,9/10(火) 19:34
gisele,GISELe,ゆったり穿けるのに「だらしなく見えない」サテン素材のワイドパンツ,https://news.yahoo.co.jp/articles/59ab14fe92b6ff50671b5a6bf7af8a2905c6cae7,9/10(火) 18:34
gisele,GISELe,「間」を選ぶのがポイント 「ニットの中でも長く使えるニット」,https://news.yahoo.co.jp/articles/f73ab66421eb815f41e483876659f1f49ea00b86,9/9(月) 21:32
gisele,GISELe,デニムを足元でドレスアップ「合わせてみると意外と浮かない」ポップな色の先細シューズ,https://news.yahoo.co.jp/articles/a65eb23e5ca9354ea128a913029d46274cd895b7,9/9(月) 21:04
gisele,GISELe,どう着る？「たとえばこんなとき」 定番服の「これから」の活用法,https://news.yahoo.co.jp/articles/506a357bf6c380cded3ad48b8bda1cb6e9c64f0c,9/9(月) 20:32
gisele,GISELe,「上質なのにお手頃プライス」 スタイリストも思わず買った「期待以上に使える」ショルダーバッグ,https://news.yahoo.co.jp/articles/bb086331bcfa913daf66f7b262ed6276a7808159,9/9(月) 20:04
gisele,GISELe,ハンパな季節にちょうどいい「黒ブーツの1足目」重たさなく履ける「パンツとの合わせ方」,https://news.yahoo.co.jp/articles/4a4db9ba23827f6c5c00ae1ce82ea8c7fb2dde3c,9/9(月) 19:34
gisele,GISELe,まじめはもちろん「ラフにも着られる」使いみちの多い丸首ジャケット,https://news.yahoo.co.jp/articles/61e86ca316fa80aa2ad146382b2d670916bd50c6,9/9(月) 18:34
gisele,GISELe,変更点は？ 「秋からも着回しが長く続く」ベーシックな新しいボトム,https://news.yahoo.co.jp/articles/40ab59d7feda3c0a01cf9fa91853dd1a07a49ff4,9/8(日) 21:32
gisele,GISELe,「すっぴん以上・ばっちり未満」Tシャツ1枚にもよく似合う「頑張りすぎない日のメイクテクニック」,https://news.yahoo.co.jp/articles/e9adf0a9c600da5ff0f48f921565f7f30b1d497a,9/8(日) 21:04
gisele,GISELe,つけているとよく褒められる「自然といい匂いがする人」になれるフレグランス,https://news.yahoo.co.jp/articles/906f6ccc81ef7fb8b36d53fbe391af4d96583a48,9/8(日) 20:34
gisele,GISELe,「使って以来トリコになった」メイクのプロが 「コンビニで買ってよかった」コスメ,https://news.yahoo.co.jp/articles/c56d6d5d8a24d9054135b2e4f87c61ce6732ad31,9/8(日) 20:04
gisele,GISELe,「ミニバッグにも入るサイズ感」メイク直しついでにUVケアもできる「ファンデーションと化粧下地」,https://news.yahoo.co.jp/articles/96784c918d5822c72ef4972dd5952bbff1735506,9/8(日) 19:34
gisele,GISELe,「鮮やかじゃないからいい」ピンクベージュのノースリニット,https://news.yahoo.co.jp/articles/52381cd6a085910d3c20df9043f04ba841ca2031,9/8(日) 18:34
gisele,GISELe,「1着でこんなにできる」黒ワンピースの着回し方 「応用がきく」着方のテクニック,https://news.yahoo.co.jp/articles/54e3b2c5db443e84b45e8e30b60f9778002b05a2,9/7(土) 21:32
gisele,GISELe,シンプルでオシャレな人が「つい集めてしまうもの」集め方からわかる「オシャレな理由」,https://news.yahoo.co.jp/articles/7e436ab0aafaabc157e40a1d4fbaa669812e64bc,9/7(土) 21:04
gisele,GISELe,ポイントは「細く見えるゆるさ」ワイドパンツの中でも「とくにいい」進化したデニム,https://news.yahoo.co.jp/articles/e4e1a7df834be75026b89605d5c21d2679f4f7ac,9/7(土) 20:34
gisele,GISELe,メンテナンスのプロが検証 「アクセサリー・スニーカーをピカピカにする」裏ワザ,https://news.yahoo.co.jp/articles/4b386b4e5906d6ff907367d172a909016c7bd48e,9/7(土) 20:04
gisele,GISELe,トップスでラクしても「手抜きに見えない」スカートの選び方「ポイントはドレス手前の華やかさ」,https://news.yahoo.co.jp/articles/5639fd8a0c9a51ca2788fa5d4ecd9f3e26856616,9/7(土) 19:34
gisele,GISELe,シンプルな服でも凝って見える「色も質感も映える」フラットパンプス,https://news.yahoo.co.jp/articles/d892556cab0cda1e8d328234ea12f93284903c93,9/7(土) 18:34
gisele,GISELe,これまでのTシャツよりも「とくにいいところがある」これからのTシャツ,https://news.yahoo.co.jp/articles/7ad1cf3ab72d18c3734f1ca4b20f11995e519d7f,9/6(金) 21:32
gisele,GISELe,白・黒・ベージュの3色だけで「シンプルなのにオシャレに見える」コーディネートの成功例,https://news.yahoo.co.jp/articles/54d7f33a219c77ab23973a376656b207b34ae21d,9/6(金) 21:04
gisele,GISELe,トップスでデニムをドレスアップ「夏のうちに楽しみたい」コーディネート,https://news.yahoo.co.jp/articles/0afaa5b62f3b2d6405d06a52d053f3d75cd4ecf5,9/6(金) 20:32
gisele,GISELe,ミニスカートのように可愛く「ミニスカートよりも穿きやすい」 得するショートパンツの選び方,https://news.yahoo.co.jp/articles/2f02e85af02afd167b0b86f28363412f8101bf69,9/6(金) 20:07
gisele,GISELe,目立ちすぎず目にとまる「胸元とアクセサリー」服もデコルテもキレイに見える「ネックラインごとの合わせ方」,https://news.yahoo.co.jp/articles/209c9ec90b5d74dd915d73d60f06199225291018,9/6(金) 19:34
gisele,GISELe,「ラクなのに手が込んで見える」ロンT代わりのボディスーツ,https://news.yahoo.co.jp/articles/08c4958af122fe1150769dc06da9eaa01c633032,9/6(金) 18:34
gisele,GISELe,ビッグシャツで「なぜかわいい？」 人気スタイリストがよく使う「オシャレが上手くなる」簡単テクニック,https://news.yahoo.co.jp/articles/0e87f404242af444e6d291dfe60669ea631f4164,9/5(木) 21:34
gisele,GISELe,ルックスもスタイルも一変する「新感覚のデニム」定番の色で「少し変わった」デザイン性,https://news.yahoo.co.jp/articles/7283ecb3c267fab32013b1411305d23d659c6b42,9/5(木) 21:04
gisele,GISELe,忘れられないいい香り「色気を引き出す」注目ブランドのフレグランス,https://news.yahoo.co.jp/articles/36dcecfc1958d5ac4b2f511f18106c209d4f9a71,9/5(木) 20:32
gisele,GISELe,「どれだけ歩いても疲れない」おまけに脚も短く見えない「ニットパンプス」,https://news.yahoo.co.jp/articles/396d1fbf8226a8238ad7f7f83f575174e55408d0,9/5(木) 20:04
gisele,GISELe,指先に少しだから「とくにいい」少ない面積でパッと華やぐ「キレイ色のネイルカラー」,https://news.yahoo.co.jp/articles/3013c3e6a8443b7e12aed219b383d5d6a120b8ec,9/5(木) 19:34
gisele,GISELe,ポイントは「隠れた柄」肌を見せてもシックに着られる「ブラウンジレ」,https://news.yahoo.co.jp/articles/8ed787fdae121ee1b216f62ccffb0d04fe6065d9,9/5(木) 18:34
gisele,GISELe,ウエストが「いつもよりググっと上がる」 考えなくてもバランス上手に見えるワンピース,https://news.yahoo.co.jp/articles/d37011f3de7f776e3256fc934c4d57c032899112,9/4(水) 21:32
gisele,GISELe,段違いに「しっとり落ち着く」 美容通が使い続けている「広がる・パサつく」髪の救世主,https://news.yahoo.co.jp/articles/96149d8b3f0a99a4545fc59b88acb4b86d3247f4,9/4(水) 21:04
gisele,GISELe,「見事なスタイル補正力」 メリットしかない高性能なオールインワン,https://news.yahoo.co.jp/articles/38f65fe53c6d57e32de874891e42c0cbea754441,9/4(水) 20:32
gisele,GISELe,目立ちすぎずに目にとまる「まるでジュエリーのような」人気のヘアゴム,https://news.yahoo.co.jp/articles/03c40bf5d4864b119c33835ff5e62ba530f8d32e,9/4(水) 20:04
gisele,GISELe,人気スタイリストに聞いた「合わない服も小物も少ない」長く使える小物の選び方,https://news.yahoo.co.jp/articles/4e0d80fd6f6fdc83657f72aafc9017ec367c9d29,9/4(水) 19:34
gisele,GISELe,決まった組み合わせでも「また同じに見えない」ニット素材の白スカート,https://news.yahoo.co.jp/articles/b3521b9cf6284028102598c491657166fce6a583,9/4(水) 18:34
gisele,GISELe,上手な人はどこが違う？ 「シンプルなのに今っぽい」服と着方のテクニック,https://news.yahoo.co.jp/articles/4f07c31caf820354d546e748c304af737c8f1022,9/3(火) 21:32
gisele,GISELe,それどこの？ オシャレな人に聞いた「買って本当によかった」白と黒の小物,https://news.yahoo.co.jp/articles/94b0bdaa04d72e8684ccb12b69db740691687b8a,9/3(火) 21:04
gisele,GISELe,秋までも「秋からも」着回しが続いていく「黒キャミワンピース」の選び方,https://news.yahoo.co.jp/articles/8de383fca51648cf4c0877b22cc511ac496ea61e,9/3(火) 20:32
gisele,GISELe,肩掛けしたまま「走っても落ちない」 ズレない仕掛けがあるジャケット,https://news.yahoo.co.jp/articles/ff7f406f9b00f1210c1686a161cf23e327d6cc43,9/3(火) 20:04
gisele,GISELe,「悩みは乾燥・敏感肌」の美容通たちに聞いた「使って以来肌の調子がずっといい」コスメ,https://news.yahoo.co.jp/articles/2b5a2c329b8e838f65021b7bcb4bad7aaa7eaf9e,9/3(火) 19:34
gisele,GISELe,白T＋チノパンに「重ねるだけで一気に秋めく」赤のカーディガン,https://news.yahoo.co.jp/articles/849392a7bf4699d65ea4f0735e0e6bcf37052ae2,9/3(火) 18:34
gisele,GISELe,カジュアルが上手くなる「ロゴTシャツで大人っぽい」組み合わせの新ルール,https://news.yahoo.co.jp/articles/f2482d7daa54b034a8654fede9279c3d12c31f75,9/2(月) 21:04
gisele,GISELe,シンプルな服だけで「また同じに見せない」着方・合わせ方のテクニック,https://news.yahoo.co.jp/articles/840696d90250f29110baa3eb013bc1a585d2da7f,9/2(月) 19:34
gisele,GISELe,「ハンパな季節にちょうどいい」ツイード素材のショートパンツ,https://news.yahoo.co.jp/articles/fa09b2bd30b145b47a345e8f56e394db9451668d,9/2(月) 18:34
gisele,GISELe,美人の象徴「後ろ姿がキレイに見える」どこから見られてもいい服,https://news.yahoo.co.jp/articles/666ae8b8fe612beca8f705e70c5b6168bb67c7c4,9/1(日) 21:37
gisele,GISELe,人気スタイリストが買ったのは？「ユニクロ・GUのとくにいい」服とその選び方,https://news.yahoo.co.jp/articles/3e6e2e026995f27b5b03a24abb3da17d552c60f1,9/1(日) 21:04
gisele,GISELe,「スキニーよりもゆるく・ストレートよりも細い」 絶妙シルエットのデニムパンツ,https://news.yahoo.co.jp/articles/76f2aca37205a19f32bacfc8bd03ef26cdc20e8f,9/1(日) 20:34
gisele,GISELe,「だから肌の調子がいい」 美肌の人ほど続けている「ひと晩で翌朝が全然違う」保湿アイテム,https://news.yahoo.co.jp/articles/0fb91488f753d51aceb0a801f5d4e540e8156d88,9/1(日) 20:04
gisele,GISELe,「疲れ知らずのハイヒール」歩きやすく見た目も譲らない「ヒール7cm前後のパンプス」,https://news.yahoo.co.jp/articles/d6e664e9b68be848c6f0426d6aa2aa252a334b40,9/1(日) 19:34
gisele,GISELe,「1枚でもさまになる」しっとりとしたウール素材の白ベスト,https://news.yahoo.co.jp/articles/a0b6aa62d0574efec52a8b97edb0ac8fc5704b48,9/1(日) 18:34
gisele,GISELe,愛され続ける「有名な定番服」数字で分かる人気の名品,https://news.yahoo.co.jp/articles/c6131c5e4ee828676174ee9e97680e1d5ebb269b,8/31(土) 21:32
gisele,GISELe,"「マットが苦手な人にこそ使ってほしい！」ラメ入り派の編集長が心変わりした「1,000円台の名品アイシャドウ」",https://news.yahoo.co.jp/articles/b08164917f814d5fafe536d78f91a7353599fd7b,8/31(土) 21:04
gisele,GISELe,「ひと塗り」で見違える「白Tシャツにぴったり似合う」リップの選び方,https://news.yahoo.co.jp/articles/055e20ca2cf7cfef1c8f1dcf7470c5b3a54e9644,8/31(土) 20:32
gisele,GISELe,それどこの？ オシャレな人に聞いた「バッグの中でも本当に使える」週4バッグ,https://news.yahoo.co.jp/articles/4af6eb998d4a59df163bddb583336bacd5b7c163,8/31(土) 20:04
gisele,GISELe,服の中でも「ハットがあるといい服」オシャレの完成度が上がる「合わせ方のテクニック」,https://news.yahoo.co.jp/articles/b526af7c90f569cdd0beec007cabcfb9d0ac7617,8/31(土) 19:34
gisele,GISELe,黒ワンピースの印象が変わる「白よりもとり入れやすい」シルバー小物,https://news.yahoo.co.jp/articles/657a55c255783f1adb1909e49339cd2c494b1300,8/31(土) 18:34
gisele,GISELe,「ラクに穿けるのにスタイル良く見えるから」スタイリストが買いかえた新しいデニムパンツ,https://news.yahoo.co.jp/articles/57b2564eb89e21989cf8fa441b97100156852c29,8/30(金) 21:32
gisele,GISELe,自分で・自宅で「アクセサリーがピカピカに！」プロに聞いた「たった2つで十分」簡単お手入れ術,https://news.yahoo.co.jp/articles/187ce4fe429bd958535e3b50571d45126a9b3001,8/30(金) 21:04
gisele,GISELe,普通なのになぜ可愛い？ キレイな人ほど知っている「ベージュの服の選び方」,https://news.yahoo.co.jp/articles/b78a89b0773559dc7f02132fe0a9c52ec42bf9f2,8/30(金) 20:32
gisele,GISELe,使い続けて「肌が変わった」美容通たちの「本当は教えたくないコスメ」,https://news.yahoo.co.jp/articles/0aab62afaa00147c475ed33b070a6a956f0bd11c,8/30(金) 20:07
gisele,GISELe,シンプルなトップスに映える「シンプルじゃないシルバー」ふつうとは少し違う「ふと目にとまるデザイン」,https://news.yahoo.co.jp/articles/4cac74b9a170f9b4540aef38dc0047303492ba03,8/30(金) 19:34
gisele,GISELe,ライトに穿ける「リッチな質感」着回しが見違える「ゴールドのフレアスカート」,https://news.yahoo.co.jp/articles/187bd3f34a0b0654a62e82fb7a2631fac4515780,8/30(金) 18:34
gisele,GISELe,実は似合う服も多いから「メンズの方がいい」着回しやすい3つの定番服とは？,https://news.yahoo.co.jp/articles/365c1ad8d9946c72c0c55b15d39136e1f4f461cb,8/29(木) 21:32
gisele,GISELe,「カラーボトムが上手くなる」靴の選び方「着回しにも応用できる」品定めのポイント,https://news.yahoo.co.jp/articles/853d96966606002f68ecb48f4db91b0baa6322c9,8/29(木) 21:04
gisele,GISELe,違いは「スタイルにいい効果がある」 着回しが長く続くシンプルな白Tシャツ,https://news.yahoo.co.jp/articles/2988d04644e3d1ca67861669d46537cc7c2b2ba6,8/29(木) 20:32
gisele,GISELe,ポイントは「扱いやすいオールインワン風」 合わない色も服も少ない「高機能・ハイコスパ」のセットアップ,https://news.yahoo.co.jp/articles/dd2bb4bf767fc8787c45451870015bf736773918,8/29(木) 20:04
gisele,GISELe,"上質なのに10,000円以下！合わせやすいから「長く着回せる」シンプル以上の白シャツ",https://news.yahoo.co.jp/articles/caa9053343e71ff7668b9d5fbcd0a8d8c3bedbdb,8/29(木) 19:34
gisele,GISELe,雨だからこそ潔く「素足を出しても大人っぽい」ショートパンツとミュールのセット,https://news.yahoo.co.jp/articles/6c29b12de2b73a8c55e4116be9e8d05f05ea7e09,8/29(木) 18:34
gisele,GISELe,選ぶポイントは「腕を見せたら首もと隠す」 品のいい人のトップス,https://news.yahoo.co.jp/articles/90b06380b4ef7505e9282c7bf564d3db9fc96b6a,8/28(水) 21:32
gisele,GISELe,トップスでラクできる「見映えのいいスカート」ポイントは「ドレス手前の華やかさ」,https://news.yahoo.co.jp/articles/9e3d4f1ec7f3f5413765da0bb7eaf121f8966a30,8/28(水) 21:04
gisele,GISELe,「素材は甘く・形はキレイ」 上質なのにお手頃プライスのワンピース,https://news.yahoo.co.jp/articles/77e32f91338549a34c6d0713d54d3af58dcbf14b,8/28(水) 20:32
gisele,GISELe,正解は？ 「オールホワイトで分かる」 着回しが上手くなる白の服を選ぶ方法,https://news.yahoo.co.jp/articles/d7c3c9cdd32c3dd4b2910b76d72b6031404a710c,8/28(水) 20:04
gisele,GISELe,雨で汚れたシューズが簡単によみがえる「手間のかからない」お手入れアイテム,https://news.yahoo.co.jp/articles/8491f67501f954374d659f9b3c2de8bc99b5842b,8/28(水) 19:34
gisele,GISELe,ロンTよりも上品「襟つきシャツよりも気楽」ニット素材のラガーシャツ,https://news.yahoo.co.jp/articles/b27b1e366c4dad3cf9d83832bca9b1f08fc11336,8/28(水) 18:34
gisele,GISELe,Tシャツよりもキレイ・ブラウスほど甘くない「ブラウスのような可愛いTシャツ」,https://news.yahoo.co.jp/articles/62d2f6c18192487bef271131043400be3863cba8,8/27(火) 21:32
gisele,GISELe,「洗濯で服を傷めないために」 クリーニングのプロが「洗濯機に入れている」意外なもの,https://news.yahoo.co.jp/articles/7f52fa0b998c7076f29328e8346550ac2dd7df88,8/27(火) 21:17
gisele,GISELe,「ジャケットで可愛い」コーディネートのつくり方 注目すべきは「中のデザイン」,https://news.yahoo.co.jp/articles/cc61f7e1651d7f6b51701d9775fd0ead4b63851c,8/27(火) 21:04
gisele,GISELe,目にとまる「くびれからが脚」 脚は長く細く見えるスラックス風のワイドデニム,https://news.yahoo.co.jp/articles/c89b34180f04b88501f9a9d75f63ceba4df353ed,8/27(火) 20:34
gisele,GISELe,どこまでも着回せる「ワンピースよりもメリットが多い」見た目ワンピースのセットアップ,https://news.yahoo.co.jp/articles/88ea092219cd030981677f39be209dd33cce7096,8/27(火) 20:04
gisele,GISELe,「高保湿なのにベタつかない」美容のプロが使い続ける「名品クリーム」,https://news.yahoo.co.jp/articles/f0c8069667694d7e1d1fcf603d64f0a16d8a1d60,8/27(火) 19:34
gisele,GISELe,どれをとっても可愛い「同じようで違って見える」3種類のブルーデニム,https://news.yahoo.co.jp/articles/74f114d3789e6f37e83138198646eb7627d9738c,8/27(火) 18:34
gisele,GISELe,華やかだけど「気張って見えない」 着映える色を上手に着る方法,https://news.yahoo.co.jp/articles/ae8c7bc2fd403731942358a61da374d5a2406320,8/27(火) 12:03
gisele,GISELe,ローファーより気楽で「サンダルより品がいい」キレイに履けるスニーカー,https://news.yahoo.co.jp/articles/569e9ad5abd7d0b5d2b628f7af857cbdb4d1dd1d,8/26(月) 21:17
gisele,GISELe,「不快感がない」速乾素材のくつ下「見えても地味じゃない」アクセントに使えるデザイン,https://news.yahoo.co.jp/articles/0b5bf0fd82536f84f10f109f9dd5f7a8170dba90,8/26(月) 21:04
gisele,GISELe,スリムなのに動きやすい 「体のラインも出づらい」洗っても型くずれしないスカート,https://news.yahoo.co.jp/articles/d3a2b1685293c87ccd03c5c13bbd15d74d929695,8/26(月) 20:34
gisele,GISELe,変えたら「肌が変わった」　美容のプロたちが使い続けているクレンジングの名品,https://news.yahoo.co.jp/articles/ab6e83f4689c9a7891263363146353c0f6735b67,8/26(月) 20:04
gisele,GISELe,「休日はこれだけでいい」手抜きメイクに気づかれない「化粧下地・日焼け止め」の名品,https://news.yahoo.co.jp/articles/2b54512c9f404b1666f4abe62ce464daa5351388,8/26(月) 19:34
gisele,GISELe,クラシックなのに目新しい「メンズライクに差がつく」アディダスオリジナルスのボストンバッグ,https://news.yahoo.co.jp/articles/695906b5295d029717dc8ff85afd8047cc73e1e3,8/26(月) 18:34
gisele,GISELe,ポイントはストラップ「脚も着回しも安定する」 華奢に見えて歩きやすいヒールサンダル,https://news.yahoo.co.jp/articles/ef22fc738671614d59fadd3e3f0c5406e9e97f0f,8/25(日) 21:32
gisele,GISELe,センスのいい人のお部屋拝見！「生活感を見せない」部屋を広く見せるシンプルな収納アイディア,https://news.yahoo.co.jp/articles/118fe2adce51e3faabc71c3fbcb7dc8a03682e7c,8/25(日) 21:17
gisele,GISELe,ベアトップなのに「華奢見えする」ドレスのようなブラウス,https://news.yahoo.co.jp/articles/61e725fca948b864e890702d5db731415000fe71,8/25(日) 20:04
gisele,GISELe,「デニムがさらによくなる」カラーコスメ「色浮きせず使いやすい」さわやかな色合い,https://news.yahoo.co.jp/articles/de74622ad79841fcdd2f1e4d5199db11b5687af5,8/25(日) 19:34
gisele,GISELe,おかたいジャケットの隙間を埋める「ファニーなプリントT」,https://news.yahoo.co.jp/articles/47f701c2a1a360ebd6838b9832f81db00589e37d,8/25(日) 18:34
gisele,GISELe,シンプルでオシャレ見えするメガネ 「どんな服にも合わせやすい」上品なクリアフレーム,https://news.yahoo.co.jp/articles/984c3adef5571f1dc53071ba61da4c29f0def3d1,8/24(土) 22:04
gisele,GISELe,上手な人はどこが違う？ 人気スタイリストに聞いた「シンプルだけど可愛い」ロゴTシャツの選び方,https://news.yahoo.co.jp/articles/bee9d3f860122739578e607599c1975070dbea4c,8/24(土) 21:32
gisele,GISELe,実は髪を傷めている原因？ 毛髪診断士が教える「やらない方がいい」やりがちな習慣,https://news.yahoo.co.jp/articles/7eefd7a4e8d78edc3afeaf614c091351e43634db,8/24(土) 20:37
gisele,GISELe,「どう着てもスタイル良く見えるから」 どこまでも着回せるセットアップの名品,https://news.yahoo.co.jp/articles/e87bce5df9419562a22f89bbf11757c015a9e73e,8/24(土) 20:04
gisele,GISELe,いつもの服に「重ねるだけで凝って見える」シャツワンピース,https://news.yahoo.co.jp/articles/f74edc9cf1d054fc3e4c9f800a9df366a27ee1a6,8/24(土) 18:34
gisele,GISELe,朝起きたときの肌に感動！ 忙しくてもキレイな人の「寝る前習慣」,https://news.yahoo.co.jp/articles/d1fc9d182d394115a2d1339e0a761fe13c9bcba9,8/23(金) 22:04
gisele,GISELe,「今はTシャツ・秋からニット」着回しが終わらないスカートの選び方,https://news.yahoo.co.jp/articles/63dddcd7d3b30d9f36b28e00e82e2c91ae54833e,8/23(金) 21:32
gisele,GISELe,ゆるく透ける「透明感のあるシャツ」タンクトップやキャミソール姿に似合う「甘くてキレイなデザイン」,https://news.yahoo.co.jp/articles/4ac8b8fff979dd78006021c94b5afc2f2d6f3427,8/23(金) 21:04
gisele,GISELe,人気スタイリストがよく使う「失敗しないテクニック」キレイな色の上手な使い方,https://news.yahoo.co.jp/articles/d7023e1b7f0f3f8d281eb8bca2dfaa9be2c35e02,8/23(金) 20:34
gisele,GISELe,「ピリっとするけど効果はしっかり」美容のプロも感動した「高濃度」炭酸ガスパック,https://news.yahoo.co.jp/articles/b0fe3afd7ba2e86748bba742f610e4b4225aedbd,8/23(金) 20:04
gisele,GISELe,スタイリスト7人がよく頼る「どんな服にも使い回せる」定番小物,https://news.yahoo.co.jp/articles/971b7241e9647fa6712107f9fda5df9cc6f28302,8/23(金) 19:34
gisele,GISELe,軽くて穿きやすい「品格の上がる」ネイビーのフレアスカート,https://news.yahoo.co.jp/articles/2c85cd54d4a2d4034803ce1a06f41d3f8e04416b,8/23(金) 18:34
gisele,GISELe,「実は私も使ってます」 美容のプロたちの間で「カブる率が高い」とくにいいコスメ,https://news.yahoo.co.jp/articles/9bd10b2305f8bd6080578c6d074ee2f8a2bbe37b,8/22(木) 21:57
gisele,GISELe,スタイルUPだけじゃない「コーディネートが簡単になる」デニムを選ぶ「もう1つのポイント」,https://news.yahoo.co.jp/articles/6ca7d1a6f8e816d1e978dfbfda9fca725aa76cb2,8/22(木) 21:34
gisele,GISELe,ショートパンツに似合う足元は？短め丈と合わせても「バランスが断然いい」黒のショートブーツ,https://news.yahoo.co.jp/articles/cd762f68bbfab1972e454e31d46cb9866d8b9fe0,8/22(木) 21:04
gisele,GISELe,1枚でどこまでも着回せる「着ていく場所も天候も選ばない」バッグに入れて持ち運べるワンピース,https://news.yahoo.co.jp/articles/a237d211b3c3136cc004a6db5a8e58e98f4ea11d,8/22(木) 20:34
gisele,GISELe,上手な人はどこが違う？ 「服も合わせ方もシンプルで」オシャレに差がつくテクニック,https://news.yahoo.co.jp/articles/33a8f7367a1b0cdab23f7df0fdbb141b0dbb5231,8/22(木) 20:04
gisele,GISELe,黒でも白でもない「キレイに着られる」クルーネックのTシャツ,https://news.yahoo.co.jp/articles/6fef87108215b882ce1d3cb159f577b0b0eb34bc,8/22(木) 18:34
gisele,GISELe,「被るのはこんなとき」オシャレな人ほど知っている「キャップが似合う服」,https://news.yahoo.co.jp/articles/2fbf7792492f810c5db2a2910cd9e1de91184ccd,8/21(水) 21:57
gisele,GISELe,違いは「ボックス型のまっすぐなシルエット」 スリムに見えてぴったりしないワンピース,https://news.yahoo.co.jp/articles/c1801dfd8c2204b8445bc1d02054130bfe978d95,8/21(水) 21:32
gisele,GISELe,人気の理由は「汗がしみない」見た目も可愛い「特殊なTシャツ」,https://news.yahoo.co.jp/articles/756df38f5923d5c208c30deaf69ed9d863452c9c,8/21(水) 20:34
gisele,GISELe,高成分なのに低価格「美肌・ツヤ髪に欠かせない」美容のプロが使い続けているコスメ,https://news.yahoo.co.jp/articles/3ec4acb4d52ef0c573308ff8f7bf4145f74996a9,8/21(水) 20:04
gisele,GISELe,髪をまとめる「ついでに可愛く」後ろ姿もキレイに仕上がる「大人に似合うリボン」,https://news.yahoo.co.jp/articles/1ee46a556bd16b9f332f499b4fa5d90a31b3670b,8/21(水) 19:34
gisele,GISELe,Tシャツ姿のバリエが増える「1着で3パターン使える」変幻自在のデニム,https://news.yahoo.co.jp/articles/4c5c5682cf32852789292d189610bc268de3fbb1,8/21(水) 18:34
gisele,GISELe,靴にスタイルを左右されない「ヒールじゃなくてもスタイル良く見える」簡単な方法,https://news.yahoo.co.jp/articles/4b611f56cd0876ffb2fe29f7d5e772ebf66efb90,8/20(火) 21:32
gisele,GISELe,ハイヒールなのに疲れない「ハイテクなパンプス」とは？脚線がいちばん美しく見える「ヒール7cm前後のデザイン」,https://news.yahoo.co.jp/articles/99a4531f35a6cf6a1fd55132fbd92395b9f5e98c,8/20(火) 21:04
gisele,GISELe,Tシャツ1枚でドレスアップ「華やかだけど気張って見えない」Tシャツらしくないデザイン,https://news.yahoo.co.jp/articles/604631052346b4577600ee3e0d9c924d6ffad99e,8/20(火) 20:34
gisele,GISELe,穿くとひんやり「ムレない・透けない」洗える白パンツ,https://news.yahoo.co.jp/articles/b836113ad6e07cf2b83332f209edf6c3957ff485,8/20(火) 20:04
gisele,GISELe,「オイル派から一転」美容通の編集長が心変わりした「しっかり落ちる」クレンジングバームの名品,https://news.yahoo.co.jp/articles/cb8743beaa0e7d6172e234f0b26d2c0c1155f85b,8/20(火) 19:34
gisele,GISELe,カットソーなのにエレガント「涼しく着られる」機能素材のワンピース,https://news.yahoo.co.jp/articles/5929d9d83072e701bf6480182a30601a167791eb,8/20(火) 18:34
gisele,GISELe,Tシャツのような着心地で「シンプルなのに着映えする」着回しが長く続くワンピース,https://news.yahoo.co.jp/articles/bbc93582806d55810c185862d58c321c47cc3a65,8/19(月) 21:32
gisele,GISELe,オシャレがラクになる「服の組み合わせ方」重ねたほうが細く見える「コーディネートのテクニック」,https://news.yahoo.co.jp/articles/dd2f45c82da3651914c1b3159a376a9df50b1659,8/19(月) 21:04
gisele,GISELe,地味に見えないブラウンの服 「合わない」ことが少ない選び方,https://news.yahoo.co.jp/articles/22c3a23e89288f0cf9f856d2ec04403c7303f20a,8/19(月) 20:34
gisele,GISELe,重ね着してもカーディガンより涼しい 「顔映りもよく見える」何かと使える長そでトップス,https://news.yahoo.co.jp/articles/d34ffb6a9fcc1180ce918638c6887db1b39487fb,8/19(月) 20:04
gisele,GISELe,どの服と合わせても「キツく見えないサングラス」女性らしく見える「やわらかいデザイン」,https://news.yahoo.co.jp/articles/f67f1f02fea2143af0179a307b9445944b3f1d18,8/19(月) 19:34
gisele,GISELe,親しみやすいのに「個性が出せる」ワイドシルエットのチノパン,https://news.yahoo.co.jp/articles/68d0f5af44b66878ca6e94105b084989cb42751b,8/19(月) 18:34
gisele,GISELe,むしろ黒よりも使える色 「合わない服も小物も少ない」小物,https://news.yahoo.co.jp/articles/54f3a35e36e17097ae6dab31549423ff40d83f35,8/18(日) 21:32
gisele,GISELe,シンプルなのに着映えする「着回しが長く続く」白シャツの選び方,https://news.yahoo.co.jp/articles/c2ca610b3bfad8a8c7a1389f59712ee69aa15e57,8/18(日) 21:04
gisele,GISELe,脚とウエストも華奢見えする 「スタイルをごまかせる」トップスの選び方,https://news.yahoo.co.jp/articles/c4db31539fba5da6003022ff64328a4f8c6dd6bc,8/18(日) 20:34
gisele,GISELe,耳もとに「1つだけで目にとまる」シンプルな服に似合う「目立ちすぎない」アクセサリー,https://news.yahoo.co.jp/articles/f44fbf55aa924fe96e2f024eb0215aa7d6fefec0,8/18(日) 20:04
gisele,GISELe,デニムを彩る「カラーシューズ」キレイな見た目に直結する「使える色の」パンプスやスニーカー,https://news.yahoo.co.jp/articles/32bc7eb569c5ce4efa364423ba675af5a422ea07,8/18(日) 19:34
gisele,GISELe,ベストやタンクトップでは得られない「メリットのある」フレアジレ,https://news.yahoo.co.jp/articles/4505fa544321e162516525cf6f4779744c0116d7,8/18(日) 18:34
gisele,GISELe,人気ヘアメイクに聞いた 「作りこんで見えない」ニュアンスヘアの作りこみ方,https://news.yahoo.co.jp/articles/0a34d53ba268c989a5935dc2c38c57746b79d391,8/17(土) 21:32
gisele,GISELe,「ワンピースはシルエットがすべて」シンプルなのに着映えする「着回しが長続きする」ワンピースの選び方,https://news.yahoo.co.jp/articles/d0a3d7a24570eeb7033319d2271f3be306ac5a96,8/17(土) 21:04
gisele,GISELe,ただの美脚じゃない「選ばれている理由がある」黒パンツ,https://news.yahoo.co.jp/articles/ef7d620f8fc444e6e866e59196bbf7f2d4cbba0f,8/17(土) 20:34
gisele,GISELe,キレイな人はどこが違う？ タンクトップで「普通だけど可愛い」コーディネートの作り方,https://news.yahoo.co.jp/articles/97950648cd659e3dc2f5c2953036e38ef5ab026d,8/17(土) 20:04
gisele,GISELe,肌が「自然体なのにキレイ」に見える「ハイライトのテクニック」ポイントは「あえてくすませる重ね方」,https://news.yahoo.co.jp/articles/5a8cef4527e0f762fe295e194e8d24ded940588e,8/17(土) 19:34
gisele,GISELe,大人っぽく穿ける「かわいい柄」黒のドット柄パンツ,https://news.yahoo.co.jp/articles/c1904bfb6b37d23da0e25a269ffa066bb27b0c4d,8/17(土) 18:34
gisele,GISELe,気になるスタイルを「隠してる感なく隠せる」ノースリーブの選び方,https://news.yahoo.co.jp/articles/09ac0e1fe1236f6e3a7b7d53468a8d59bc1f0b6e,8/16(金) 21:04
gisele,GISELe,ラフすぎないのにラクできる「脱力感がちょうどいい」ダブルバックルサンダル,https://news.yahoo.co.jp/articles/2436626afca8795551f464d9f70b02f59ea57c88,8/16(金) 20:34
gisele,GISELe,「スタイルがすっきりキレイに見える」サテン素材の黒カーゴパンツ,https://news.yahoo.co.jp/articles/72ef99914b685047ca13ab6079a1ccefd867f883,8/16(金) 18:34
gisele,GISELe,ミニスカートよりも履きやすくミニのように可愛い「スタイル良く穿ける」得するショートパンツの選び方,https://news.yahoo.co.jp/articles/efbfca7e177fc29510fdc05bab0e6af352f95df1,8/15(木) 21:34
gisele,GISELe,アイシャドウなしで目力アップ「やめるとメイクがうまくいった」メイクのプロたちがしないこと,https://news.yahoo.co.jp/articles/d3fba9f8874734881d4378070e653c40177161b6,8/15(木) 21:07
gisele,GISELe,紫外線にも水にも強い「バッグに入れて持ち運べる」オーダー多数の人気ジャケット,https://news.yahoo.co.jp/articles/a12bb5362d5f493a2b80f65a494c11801e00048e,8/15(木) 20:34
gisele,GISELe,美肌の人ほど「続けている」 やめられない理由がある最高の化粧水・美容液,https://news.yahoo.co.jp/articles/858a062ab0e5c30677b08798ad0e30c3bd16c017,8/15(木) 20:04
gisele,GISELe,カジュアルなTシャツが見違える「白のレースパンツ」,https://news.yahoo.co.jp/articles/c7e4c4be6871daae8affef25249ff146e74b4618,8/15(木) 18:34
gisele,GISELe,"「上質なのに10,000円台」 スタイリストも思わず買った「期待以上に使える」ショルダーバッグ",https://news.yahoo.co.jp/articles/7d7dca9b059eadfc1540bf0c9d3edf599114931e,8/14(水) 21:32
gisele,GISELe,「洗えて涼しく前後でも着られる」 6000枚売れの名品ブラウス,https://news.yahoo.co.jp/articles/bd32e487ce7803069f486a850b00fda0de0dc2f0,8/14(水) 21:04
gisele,GISELe,それどこの？ 人気スタイリストに聞いた「バッグの中でも本当に使える」週4バッグ,https://news.yahoo.co.jp/articles/189d8c1e329db86313f9e655fd96720f42660b6c,8/14(水) 20:34
gisele,GISELe,センスのいい人はどこが違う？ 白Tシャツで「普通だけど可愛い」コーディネート,https://news.yahoo.co.jp/articles/6208fe5c0f929dfe05869bb8f9e8c71b4bd540f2,8/14(水) 20:04
gisele,GISELe,ワンピースのように着られて「ワンピースよりも着回せる」Tシャツとスカートのセット,https://news.yahoo.co.jp/articles/cce8fa389ca52849ef983317d490fbb9d39cd3c9,8/14(水) 18:34
gisele,GISELe,黒Tシャツとデニムで「定番だけど可愛い」着回しに差がつくテクニック,https://news.yahoo.co.jp/articles/6376579400bba87336068987e78204ffc9c40670,8/13(火) 21:04
gisele,GISELe,メンズっぽくなりすぎない「ヒールが似合うカーゴパンツ」穿くのも手入れも「ラクなデザイン」,https://news.yahoo.co.jp/articles/074f9c194714b825bb0d8228979b76ce8c21e0d1,8/13(火) 20:34
gisele,GISELe,美容師に聞いた「美容室帰りの髪が続く」シャンプーの名品,https://news.yahoo.co.jp/articles/7508e07c70e431e75dcc4b98194f0a0d7835a689,8/13(火) 20:04
gisele,GISELe,「きちんと穿けて疲れない」リネン素材のスラックス,https://news.yahoo.co.jp/articles/1412bd63697b1b05f7efb20b1143b7bfaefc6975,8/13(火) 18:34
gisele,GISELe,買い足すのは「引き算されたデザイン」人気スタイリストが買った「夏のシンプルな服」,https://news.yahoo.co.jp/articles/2c72c555fae7f8d0bb1ef76b1ec79329a3441fd9,8/12(月) 21:34
gisele,GISELe,SPF50＋なのにきしまない「外出時間が長い日にいい」ファンデ・化粧下地の名品,https://news.yahoo.co.jp/articles/ef046b5a9421e0283f687924556625252cdf3e99,8/12(月) 21:04
gisele,GISELe,アイロンが要らず「いつでも美しい」いつまでも穿ける黒のフレアスカート,https://news.yahoo.co.jp/articles/6f394d8283cf59357859aef7b03a1d5f08a71e8e,8/12(月) 20:34
gisele,GISELe,カジュアルにもドレッシーにも着こなせる「黒のベアトップドレス」,https://news.yahoo.co.jp/articles/92b82893881f282fdb7040d7c52d72d0918047ae,8/12(月) 18:34
gisele,GISELe,小さくても目にとまる色 「シンプルな服に似合う」目立ちすぎないカラフルな小物,https://news.yahoo.co.jp/articles/6f74358c2e5f8add145aa195fdd3f2ed86551dae,8/11(日) 21:32
gisele,GISELe,靴で失敗しないために「定番ボトムにぴったり似合う」選び方と合わせ方,https://news.yahoo.co.jp/articles/fa04080ae0e2902eb56475664574ce009a9582fc,8/11(日) 21:04
gisele,GISELe,一瞬でアクセサリーの輝きが復活 「買ったときに逆戻りする」名品,https://news.yahoo.co.jp/articles/cb913cd4f9536a642a7d83f1dc4401ce984f9596,8/11(日) 20:31
gisele,GISELe,「変わった服は選びません」 人気スタイリストが選んでいる「とくにいい」ベーシックな服,https://news.yahoo.co.jp/articles/69e808001e9bf932c07fa85b026f262cc8b7b1c3,8/11(日) 20:04
gisele,GISELe,「ひざから下が長く見える」ミニスカートのようなショートパンツ,https://news.yahoo.co.jp/articles/8fefcc8051bc19b2fef98d57dae68a523018cacb,8/11(日) 18:34
gisele,GISELe,女性に似合う「メンズのチノパンツ」 スタイル良く着回せる「ゆるくも細くもない」シルエット,https://news.yahoo.co.jp/articles/f1b4eb4e224ed8d82cb3dd38b12876a9f8b6f839,8/10(土) 21:32
gisele,GISELe,人気ヘアメイクがよく使う 「ナチュラルなのに肌がキレイに見える」コスメとその使い方,https://news.yahoo.co.jp/articles/ccc04a31548ceeece28dc48264654c08ee829d1e,8/10(土) 21:02
gisele,GISELe,ふわっと香る「何かいい匂いがする人」が選んでいるフレグランス,https://news.yahoo.co.jp/articles/aef3f491fcab234fbf0b59af1c23555e06eed987,8/10(土) 20:04
gisele,GISELe,スタイリストが旅行先でよく着る服「ふだんの着回しにも生かせる」服選びのポイント,https://news.yahoo.co.jp/articles/39424c2206441e9093ab3dd6961d8daa3a31ebf7,8/10(土) 19:34
gisele,GISELe,かわいいワンピースを「カッコよく仕上げる」黒のロゴキャップ,https://news.yahoo.co.jp/articles/caeedde07ada8ae2fcca2638ee2e5808c17160e3,8/10(土) 18:34
gisele,GISELe,「服のように装えるから」ビーチ以外でも使える「水着らしくない」スイムウェア,https://news.yahoo.co.jp/articles/45eb53a7a425d5957930289217076031378be663,8/9(金) 21:32
gisele,GISELe,「シワや色落ちに悩まない」スタイリストも唸った「手間がかからない」シャツとパンツの名品,https://news.yahoo.co.jp/articles/c13ed7c023a01fa28f4773c4a1f656feba4c8886,8/9(金) 21:07
gisele,GISELe,着回しで実証 「 普通のTシャツよりも着回せる」 女性に似合うメンズのTシャツ,https://news.yahoo.co.jp/articles/38ac133a73c88f54a9ecdac256b5bd6fb71754cd,8/9(金) 20:34
gisele,GISELe,ふつうで簡単なのにオシャレ「同じTシャツでも同じに見えない」テクニックの実例集,https://news.yahoo.co.jp/articles/bcaa90b8cd42af395a00417281fa56aaeff0ef94,8/9(金) 19:34
gisele,GISELe,タンクトップとサロペットで「ボーイッシュなのにキレイに見える」レイヤード,https://news.yahoo.co.jp/articles/d391cbedaf2f176aa6296b5e06d8feae4568b09d,8/9(金) 18:34
gisele,GISELe,たった1着で「4パターンの使い方」どこまでも着回せる優秀トップス,https://news.yahoo.co.jp/articles/82828ef488d5babf75d134f8594c3576b1d93933,8/8(木) 21:32
gisele,GISELe,1枚でも羽織りとしても「長く着回せるシャツの選び方」ポイントは「メンズシャツのようなほどよい厚み」,https://news.yahoo.co.jp/articles/1cd8e544e2b9edb0049ab892065f63897e10d09d,8/8(木) 21:04
gisele,GISELe,3000枚売れの実績 「紫外線にも水にも強い」高機能なオールインワン,https://news.yahoo.co.jp/articles/942837039ed8328122a7822196498d75f5a9c682,8/8(木) 20:34
gisele,GISELe,「隠しごとが上手くいく」コンシーラー 「もとからキレイな肌のような」美容のプロが使っている名品,https://news.yahoo.co.jp/articles/c2e8871d5b46ad97328ce73dcb2d43ad266a9898,8/8(木) 20:04
gisele,GISELe,キレイな人がやっている「セルフネイルのアイディア」ポイントは「至近距離で気づくかどうか」,https://news.yahoo.co.jp/articles/dcde33cc02a9b1751f294af0faf511f642ae62f0,8/8(木) 19:34
gisele,GISELe,黒でも白でもないから「オシャレに差がつく」キレイなタンクトップ,https://news.yahoo.co.jp/articles/3674c9e975434933735fb178506e00d155a42d7f,8/8(木) 18:34
gisele,GISELe,「肩が隠れる」メリットは？ ブラウスのように柔らかいノースリーブのトップス,https://news.yahoo.co.jp/articles/9fa241788bd301c3efc563dd2d93b227267b9225,8/7(水) 21:32
gisele,GISELe,シンプルな見た目で「シンプルじゃない機能性」全天候に対応する「実力派バッグとスニーカー」,https://news.yahoo.co.jp/articles/f975fd04efa2b2d9eeafb41fba25439d28e73f4b,8/7(水) 21:04
gisele,GISELe,自宅で洗えて紫外線もカット「ファミマにある」話題の優秀ハット,https://news.yahoo.co.jp/articles/13396beca065636742346dcc65fac574b5a7a521,8/7(水) 20:34
gisele,GISELe,半そでのように涼しくて「さらに品よく見える」透ける素材の長そでTシャツ,https://news.yahoo.co.jp/articles/8931369b42bfbf1851bc681e866cf3f1c0c33f68,8/7(水) 19:34
gisele,GISELe,広がりもぴったりもしないのに「スタイルがよく見える」黒のサテンスカート,https://news.yahoo.co.jp/articles/093b628e00d6cd5efbf2bc38baef2a4c299608e5,8/7(水) 18:34
gisele,GISELe,高くていいより「安くていい」 上質なのにお手頃プライスのワンピース,https://news.yahoo.co.jp/articles/3832e8c8a6f529bae214b286823265ce7c439235,8/6(火) 21:32
gisele,GISELe,だらしなく見えない「飾りがある」サンダル「ヒールのあり・なし問わず」キレイに履けるデザイン,https://news.yahoo.co.jp/articles/cd3347d4dc01f86e05bb331f7c1b843f3569288b,8/6(火) 21:04
gisele,GISELe,「日常で着回せるから」 ドレスよりもいい「ドレスのような服」,https://news.yahoo.co.jp/articles/ae2c85abccadce952605eeca91fe3370b93ac669,8/6(火) 20:34
gisele,GISELe,一度塗ったら「落ちない・にじまない」メイクのプロが使っている「眉とまつ毛をキレイに見せる」コスメ,https://news.yahoo.co.jp/articles/f146b967fbe55dab3c04425817a3395e90ae0507,8/6(火) 20:04
gisele,GISELe,「お守り代わりに鞄に入れています」美容のプロが手放せない「即効性の高い」スキンケアコスメ,https://news.yahoo.co.jp/articles/65c961c54af4bbc059d16359abadfc8d3b1d5eba,8/6(火) 19:34
gisele,GISELe,羽織りのようにラクに着られて「体が華奢に見える」透け素材の細ワンピース,https://news.yahoo.co.jp/articles/35176fcbf0540858b580fe45eba0e3284de716c3,8/6(火) 18:34
gisele,GISELe,形を変えればこんなに変わる 「よく着る服よりも着回せる」 女性に似合うメンズの服,https://news.yahoo.co.jp/articles/3e06953133d7d49cd02a659d5688cb4533d58386,8/5(月) 21:32
gisele,GISELe,「デニムにいちばん似合う」ヘアアクセサリー「目立ちすぎず目にとまる」浮かれすぎない可愛い色,https://news.yahoo.co.jp/articles/c84a56b92b7b22b2822a314761aa5954ecbf11bd,8/5(月) 21:04
gisele,GISELe,「肌との接触が少ない」から暑くもない「日焼け止めトップス」,https://news.yahoo.co.jp/articles/70ce9a8ce4b650ad68cd4765974b74a785bb716a,8/5(月) 20:34
gisele,GISELe,ラクに履けてきちんと見える「かかとがないローファー」キレイめ・カジュアル「どちらもいける」デザイン,https://news.yahoo.co.jp/articles/9cde4e0d8d8119c3a15d582ab0717c2b8a46811e,8/5(月) 19:34
gisele,GISELe,キレイ色でも力まず着られる「ニット素材のキャミソール」,https://news.yahoo.co.jp/articles/a2d0376bc8b9d01bafe618d93051fd75b73e5e1a,8/5(月) 18:34
gisele,GISELe,スタイリストも迷わず買った「大きく軽いトートバッグ」街もリゾートもどちらもいける名品,https://news.yahoo.co.jp/articles/f32e8c6a50274d7feeeae8d7406aa85be293db83,8/4(日) 21:32
gisele,GISELe,「左胸じゃないからいい」オシャレの質が上がる「位置がいつもと違う」ロゴ入りトップス,https://news.yahoo.co.jp/articles/915566a050d9e0659621d2904f0ef60095c2a691,8/4(日) 21:04
gisele,GISELe,トップスとの合わせで「ちぐはぐになりにくい」 快適に過ごせる最新インナー事情,https://news.yahoo.co.jp/articles/9bfd6fcac8674fe27cf61e0877d2ea8062167b3f,8/4(日) 20:34
gisele,GISELe,ファンデよりも下地重視のプロたちが使っている「悩みを1つで解決する」化粧下地,https://news.yahoo.co.jp/articles/a1f9454b448d8e64e46dad034728b42dea4cfd18,8/4(日) 20:04
gisele,GISELe,"上質なのに6,000円台以下「合わせやすいから長く使える」ZARAのパンプス",https://news.yahoo.co.jp/articles/9f1906738387bac4cee262a222ecdabc44eda84d,8/4(日) 19:34
gisele,GISELe,黒のキャミワンピースを品よく整える「かごバッグとスカーフ」の組み合わせ,https://news.yahoo.co.jp/articles/54af72ab31513b43bfb3a67d29c49eea8886b167,8/4(日) 18:34
gisele,GISELe,服選びにも失敗しない「失敗のないコーディネート」の法則,https://news.yahoo.co.jp/articles/0fa59714593530686736ba3ff0c9ee251129b760,8/3(土) 21:32
gisele,GISELe,スタイリストが旅行先でよく着る服「ふだんの着回しにも生かせる」服選びのポイント,https://news.yahoo.co.jp/articles/e57ea58b51b30a698d6b3e9a73f31eaa902c2f9c,8/3(土) 21:04
gisele,GISELe,足浮きせずに歩きやすい「脚も短く見せない」街向きのビーチサンダル,https://news.yahoo.co.jp/articles/8ae0678baf03e1db8239a9244801b6e33bc2d793,8/3(土) 20:34
gisele,GISELe,センスのいい人のお部屋拝見！ 「見せたくなる」シンプルなインテリア,https://news.yahoo.co.jp/articles/8af8391de3f90a92a29b9695a014913cf28917cd,8/3(土) 20:04
gisele,GISELe,ふとしたときに目にとまる「シンプルじゃないシルバー」小さいのに埋もれない「アクセサリーの選び方」,https://news.yahoo.co.jp/articles/6a1577f4a626dfe2be68e810e8cb93e12cc0887c,8/3(土) 19:34
gisele,GISELe,ふつうのシャツにはない「目にとまる立体感がある」白のシャツ,https://news.yahoo.co.jp/articles/49898e820ab030b08710751a47183be62cd41cb4,8/3(土) 18:34
gisele,GISELe,耳もとに「1つだけで目にとまる」 シンプルな夏服にぴったり似合う「目立ちすぎない」アクセサリー,https://news.yahoo.co.jp/articles/e94b5784b117a6c36e1ad1332563442d9f29b8b8,8/2(金) 22:04
gisele,GISELe,リゾートでも日常でも。「街でも着回せる」水陸両用のビーチアイテム,https://news.yahoo.co.jp/articles/9124d38f91573be24beb621b04b2acc829e8e7de,8/2(金) 21:34
gisele,GISELe,肌をキレイに見せるには？人気ヘアメイクに聞いた「あえてくすませる」ハイライトの選び方,https://news.yahoo.co.jp/articles/8370f39ff41a14b54d529c90d44c0c394d16beae,8/2(金) 21:04
gisele,GISELe,細身だけどぴったりしない「シンプルなのに立体的」なワンピース,https://news.yahoo.co.jp/articles/38e2210489c6e95bda42fe0ebb3bcd3dd0ddb347,8/2(金) 20:34
gisele,GISELe,「涼しくて可愛い」大人のミニスカート「スタイルよく見える」選びの３ポイント,https://news.yahoo.co.jp/articles/6a8355f085d7f50ccfe11d22fc68355aaa4d6d71,8/2(金) 19:34
gisele,GISELe,スラックスのように「シャープに穿ける」グレンチェックのタイトスカート,https://news.yahoo.co.jp/articles/6913e0484b5d3ccfec654b20f35fb680ffa945c0,8/2(金) 18:34
gisele,GISELe,カーディガンのように心地いい 「洗えるからなおさらいい」扱いやすいセットアップ,https://news.yahoo.co.jp/articles/57f4470ad0d0ea791d2d5797412c5760a5ea001a,8/1(木) 20:34
gisele,GISELe,ラクなのに品がいいのは「ブラウンだから」ゆったり着られるオールインワン,https://news.yahoo.co.jp/articles/3357f795c64e5320c574efda9f9cf356278775f2,8/1(木) 18:34
gisele,GISELe,服のコーディネートを「考える手間が省ける」簡単なテクニック,https://news.yahoo.co.jp/articles/beabcbdd9ede2472c669aef8a75545934ea419a4,7/31(水) 21:32
gisele,GISELe,キレイめ・カジュアル「どちらもいけるから」着回しが長く続く「上質素材のワークパンツ」,https://news.yahoo.co.jp/articles/241315ed9befcdeab1c428677dce4ce5d070f47a,7/31(水) 21:04
gisele,GISELe,違いは「とくにキレイな直線シルエット」シンプルなのに着映えするワンピース,https://news.yahoo.co.jp/articles/16655f577e8053a544853dfd3508f0547a97694c,7/31(水) 20:34
gisele,GISELe,普通で簡単なのにオシャレ「1枚の白シャツと定番ボトム」合わせ方の実例集,https://news.yahoo.co.jp/articles/a0f8e0cb58c5600249119fdafcde085eb09c09a6,7/31(水) 19:34
gisele,GISELe,ラフなのにキレイ「Tシャツ姿も引き締まる」黒のチノパン,https://news.yahoo.co.jp/articles/37f8c5f78dfdf019aeac66791fe14bde69d92356,7/31(水) 18:34
gisele,GISELe,ポイントは「4つの隠しどころ」 普通のノースリーブよりもメリットが多いトップスの選び方,https://news.yahoo.co.jp/articles/3131e24645bdb2a4314b43b0319a8d02695b5b27,7/30(火) 21:32
gisele,GISELe,オシャレの完成度が上がる「ハットの合わせ方」キャップとはまた違う「コーディネートがよく見えるメリット」,https://news.yahoo.co.jp/articles/51d864095f6548ceaa4b02d3f8e306efd2c607e6,7/30(火) 21:04
gisele,GISELe,なかなか無い「スキニーとストレートの間」 貴重なシルエットの黒パンツ,https://news.yahoo.co.jp/articles/b4bd06d92f9ba9eaa20d94731d14e071f1357006,7/30(火) 20:34
gisele,GISELe,歯が白くてキレイな人に聞いた「使い続けて白くなった」デンタルケアの名品,https://news.yahoo.co.jp/articles/28c0efe2f36a00c73269fab7c253a390c855c0d5,7/30(火) 20:04
gisele,GISELe,いつもの形で「色だけ華やか」派手に転ばず「合わせやすい」キレイな色の服,https://news.yahoo.co.jp/articles/b3a5c530e2f7755a816f6335cf112b5462dad6ce,7/30(火) 19:34
gisele,GISELe,肌が見える服に「あるといい起毛感」立体的なニットベスト,https://news.yahoo.co.jp/articles/af288a1afcf28bbb160943912fe4f83509951f30,7/30(火) 18:34
gisele,GISELe,美容のプロに聞いた 「いつもより肌がキレイに見える」コスメの「合わせ方」,https://news.yahoo.co.jp/articles/d56d4a8b897c53b5d09dd9ab37f56bd62fe035aa,7/29(月) 21:57
gisele,GISELe,「歩きやすくて履き回せる」どんな服にも違和感なく合う「安定感があるサンダル」の選び方,https://news.yahoo.co.jp/articles/5b776279e6134a3291eee297909dd11d1d4a2778,7/29(月) 21:32
gisele,GISELe,「シンプルなボトムがオシャレに変わる」地味でも派手でもない「ちょうどいい黒トップス」,https://news.yahoo.co.jp/articles/a6dbb4647939b4aa6bfa04f7f81fba53be53a022,7/29(月) 21:04
gisele,GISELe,"1,000円台で？ 美容のプロが絶賛する「デパコスに負けない」アイシャドウ",https://news.yahoo.co.jp/articles/06b9d3354527ae8df90516f20c7f687f1509ae0d,7/29(月) 20:34
gisele,GISELe,おめかしする日も「デニムでいい」適当に着ても品よく見える「デニムらしくないデニム」,https://news.yahoo.co.jp/articles/8b830f4a747bf7cd1912b865f5f709be981afaa5,7/29(月) 19:34
gisele,GISELe,飾ってないのに「着飾って見える」キレイな色のイージーパンツ,https://news.yahoo.co.jp/articles/0a17d841e3e3e58ec7d6de4d45957f0ab10eaa39,7/29(月) 18:34
gisele,GISELe,ポイントは「広がりすぎない」 可愛いよりもキレイな白フレアスカートの選び方,https://news.yahoo.co.jp/articles/4beeb50af1b66f877808032efb30c6567e9c1ce6,7/28(日) 21:32
gisele,GISELe,「定番なのにありきたりじゃない」人気スタイリストが買った「夏のシンプルな服」,https://news.yahoo.co.jp/articles/408c258ab22e7de4dc792feacf2496866c3bbcba,7/28(日) 21:04
gisele,GISELe,「何度もリピートしています」 メイクのプロたちの心をつかんだ「実直な働きぶり」が光る名品,https://news.yahoo.co.jp/articles/f69cad22d89514f0e1a43bd88b3c09878d47fcd3,7/28(日) 20:04
gisele,GISELe,コーディネートを考えなくていい「暑くるしさなくキレイに着られる」ベアトップのオールインワン,https://news.yahoo.co.jp/articles/9b648744637040ee2f4c0ccbbb768545c7ec47a5,7/28(日) 19:34
gisele,GISELe,品のいいぶかっと感「涼しく着られる」キレイなサマーニット,https://news.yahoo.co.jp/articles/260d3b7657b79184a024d368557b500184efab5d,7/28(日) 18:34
gisele,GISELe,メリットは「涼しいだけじゃない」リネンの中でも「とくにいい服」,https://news.yahoo.co.jp/articles/d4b372aefe8ad3a660d12635d032baa1d14df634,7/27(土) 21:32
gisele,GISELe,白でも透けない「細身だけどタイトじゃない」絶妙シルエットのロングスカート,https://news.yahoo.co.jp/articles/81d63c84f5f9b36f63bbbcebea86b9550a644dd0,7/27(土) 20:34
gisele,GISELe,「水光肌は乳液でつくれる」高保湿なのにベタつかない「暑い季節も使い続けられる」ハイスペック乳液,https://news.yahoo.co.jp/articles/82f7dc9132cb3effc6c8640cb744d1236a68cd80,7/27(土) 19:34
gisele,GISELe,着飾らずとも着映えする「着回し力も高い」黒のキャミワンピース,https://news.yahoo.co.jp/articles/a2733521eef7a187de7e531137b7fde1244caae4,7/27(土) 18:34
gisele,GISELe,シンプルだからオシャレに見える「色使いが上手くなる」配色のテクニック,https://news.yahoo.co.jp/articles/6593637679018c3d52051bfb664ec097384a47cb,7/26(金) 21:32
gisele,GISELe,サンダルなのにキレイ「ヒールなのに歩きやすい」おまけに足先が華奢に見える「いいこと尽くめのバーサンダル」,https://news.yahoo.co.jp/articles/14cadd97a231af1bba920751abb8a146d5b6e97d,7/26(金) 21:07
gisele,GISELe,夏服にぴったり似合う「意外な素材」 カジュアルが上品に変わるシンプルな小物,https://news.yahoo.co.jp/articles/574e978020de5409273b8f4a912edcb9d005e029,7/26(金) 20:34
gisele,GISELe,真っ白なのにかたすぎない「気軽に羽織れる」白の半そでジャケット,https://news.yahoo.co.jp/articles/8382222631ddb2ba206573531f0c0c532ce8fe3f,7/26(金) 18:34
gisele,GISELe,「だから肌の調子がいい」 美肌の人ほど続けている「ひと晩で翌朝が全然違う」寝る前の保湿アイテム,https://news.yahoo.co.jp/articles/a185a6f5233a7eaaae9f7ea2b886eb822502565b,7/25(木) 21:32
gisele,GISELe,「メリット多数の白シャツ」選び方のキーワードは3つ「パリッと・とろっと・ゆるっと」,https://news.yahoo.co.jp/articles/c679d4fd4544347459439eeaf0f902bde87b8ef7,7/25(木) 21:04
gisele,GISELe,ベーシックカラーなみに着回せる「合わない」ことが少ないベーシックじゃないスカート,https://news.yahoo.co.jp/articles/e4d65407cc01377e566f8afc370b291cc7827560,7/25(木) 20:34
gisele,GISELe,「ピリピリするけど効果はしっかり」美容のプロも感動した「高濃度」炭酸ガスパック,https://news.yahoo.co.jp/articles/fddf06b09b46e8ab35727b522b20c27dc2f86836,7/25(木) 20:04
gisele,GISELe,着回し力で選ぶ「柄パンツ」地味じゃないのに着回しやすい「選びのポイント」,https://news.yahoo.co.jp/articles/6e091ee85cec5609ed68e84bf01a856c41b2a124,7/25(木) 19:34
gisele,GISELe,穿くだけで「とにかく脚が長く見える」ハイウエストのサロペット,https://news.yahoo.co.jp/articles/d02ee38c3b8808048ef0f198086f6a56e1c19f77,7/25(木) 18:34
gisele,GISELe,気になる脚への思い込みもなくなる「欠点のないショートパンツ」の選び方,https://news.yahoo.co.jp/articles/1cbb70c360cbf38694d1367d3205e94fc3ee854f,7/24(水) 21:32
gisele,GISELe,今夏の足元は「ZARAでそろう！」合わせやすいから履き回せる「お手頃プライスのオシャレなシューズ」,https://news.yahoo.co.jp/articles/bd22afb6cf0f441a5dd3f803aa3bd80cbfdcb945,7/24(水) 21:04
gisele,GISELe,スカーフの上手な使い方は？ 「首に巻くだけじゃない」手持ちの服が見違えるテクニック,https://news.yahoo.co.jp/articles/4fdc48ed80316b854085d4c0475bed37dcd094aa,7/24(水) 20:34
gisele,GISELe,トップス選びに迷ったら「暑くても快適」街でも着られるスイムウェア,https://news.yahoo.co.jp/articles/28de9c3e081396a55022c580780c6052219c15ac,7/24(水) 18:34
gisele,GISELe,Tシャツの「買ったときのキレイを保つ」洗濯のプロに聞いた「伸び縮み・シワ・ニオイ」の解決法,https://news.yahoo.co.jp/articles/8db645c9f1e3c8873782d1fe13826a7b3dacf5b1,7/23(火) 22:04
gisele,GISELe,「被るのはこんなとき」オシャレな人ほど知っている「キャップが似合う服」,https://news.yahoo.co.jp/articles/789adee5c662c1bc1f69b3e534e20e7c3e28c408,7/23(火) 21:34
gisele,GISELe,スタイリストが長年愛用する「名品ミニバッグ」決め手は「ポケット以上・トート未満」のサイジング,https://news.yahoo.co.jp/articles/74dd52237704f6daeffc6b72f676d36ed73de361,7/23(火) 21:04
gisele,GISELe,「目力が簡単に上がる」メイクのプロたちに聞いた「目力を上げるとき」使っているマスカラ,https://news.yahoo.co.jp/articles/f7188d3c6f9d483aa0a6f527df6481c165be61b9,7/23(火) 20:34
gisele,GISELe,普通なのになぜ可愛い？ 選び方で大きく差がつく「ベージュの服」,https://news.yahoo.co.jp/articles/20dc397bf4cc88109219e61b0274c04a8db141fc,7/23(火) 20:04
gisele,GISELe,ファンデの仕上がりが段違い「変えるのがこわくなった」下地・パウダー・コンシーラーの名品,https://news.yahoo.co.jp/articles/3206c57cd241a62d79fe07e6e6283c38ebd8a57c,7/23(火) 19:34
gisele,GISELe,リネンなのに「ドレスのような気品が身につく」ベージュのフレアワンピース,https://news.yahoo.co.jp/articles/86e6c64027e5ac31d31f43717fbad541670d5695,7/23(火) 18:34
gisele,GISELe,ベルト1本でスタイル良く見える「ルーズなのにキレイ」 新注目のワイドパンツ,https://news.yahoo.co.jp/articles/1b60e5a7e275af1ff7d01f31ae128bc1864e98ad,7/22(月) 21:34
gisele,GISELe,タイトスカートで失敗しない「3つのルール」かわいいよりも「キレイに見える」大人のスカート選び,https://news.yahoo.co.jp/articles/3dae3e7964a42f58d712c21e062d3e2d221de744,7/22(月) 21:04
gisele,GISELe,「多幸感のある肌・立体的な顔」 チークの選びと使い方のテクニック,https://news.yahoo.co.jp/articles/3af38cdc1015facd2359c6ef2e0924995c8c5e05,7/22(月) 20:34
gisele,GISELe,「トップスとしても着られるから」 スタイリストが選んだ「見せても可愛いインナー」,https://news.yahoo.co.jp/articles/c68dfed7cedd41885ec28e3f4115031f56aaf08e,7/22(月) 20:04
gisele,GISELe,かかとが浮かず歩きやすい「スニーカーのようなサンダル」ポイントは「バランス上手な」ボリューム感,https://news.yahoo.co.jp/articles/bc7ae32d94387fd4bc0a51e8b77b8c08a53e33e3,7/22(月) 19:34
gisele,GISELe,ハーフパンツでスタイルを悪く見せない「色づかいのテクニック」,https://news.yahoo.co.jp/articles/85bb3d7996187f762ed922ce110d7c5282be257d,7/22(月) 18:34
gisele,GISELe,同じ服でもこんなに変わる 「使い方を変えられる服」,https://news.yahoo.co.jp/articles/28628c2246079ee7ff6103932e35f697b55ae5cc,7/21(日) 21:32
gisele,GISELe,「単純だから真似しやすい」オシャレに失敗しない「コーディネートの考え方」ポイントは「セットアップを参考に」,https://news.yahoo.co.jp/articles/efe0da78c16899fb436d9b8f729889a70a4c5eaf,7/21(日) 21:04
gisele,GISELe,シンプルなTシャツで「普通だけど可愛い」シンプルなアクセサリーの飾り方,https://news.yahoo.co.jp/articles/36a4475fbd0b29edbdb4205f4d6965c38b37a2c9,7/21(日) 20:34
gisele,GISELe,夏にこそ知っておきたい 「隠すオシャレが上手くなる」簡単なテクニック,https://news.yahoo.co.jp/articles/52e817fc535f8e70389832427241838e2d84e8d8,7/21(日) 20:07
gisele,GISELe,合わせるボトムを選ばない「スタイルよく見えて今っぽい」短丈トップス「選びの正解」,https://news.yahoo.co.jp/articles/f8a287453d1062d6d13c6980b4b7e7e000abd3fe,7/21(日) 19:34
gisele,GISELe,ヒップは小さく・脚は長く「後ろ姿がキレイに見える」シンゾーンのブルーデニム,https://news.yahoo.co.jp/articles/9a49e567cb2e8c719b1e11244ca903bf811c40a4,7/21(日) 18:34
gisele,GISELe,正解は？ 「オールホワイトで分かる」 着回しが上手くなる白い服を選ぶ方法,https://news.yahoo.co.jp/articles/7bede293c025dcf67ddf99be85b9a9fc98960204,7/20(土) 21:32
gisele,GISELe,「カジュアルなのに大人っぽい」スタイリストが使う「長く使い回せる」バッグの選び方,https://news.yahoo.co.jp/articles/5c89c30f0dfff761f4197ba756e7fa1537dbd9d7,7/20(土) 21:04
gisele,GISELe,ポイントは「素足感覚」 考えなくても服とのバランスがとりやすい「サンダルの色」,https://news.yahoo.co.jp/articles/40779a74c9722352fac3bc26fa2edc0a6d1adb58,7/20(土) 20:34
gisele,GISELe,高くていいより「安くていいコスメ」 美容のプロたちが買い続けている「コスメの中でもとくにいい」名品,https://news.yahoo.co.jp/articles/eff22c779a080234e97504d5d6a1c425c244291f,7/20(土) 20:04
gisele,GISELe,"キレイは「髪のまとめ方1つで作れる」2,000円台以下で印象を変える「シュシュとカチューシャ」",https://news.yahoo.co.jp/articles/ae79ba06df34156d30da5ca939ecbbfd48fba5df,7/20(土) 19:34
gisele,GISELe,ポイントは「メンズサイズにしか出せない余白」美シルエットのストライプシャツ,https://news.yahoo.co.jp/articles/197cf669256566492a495dfacfe6617bd939130e,7/20(土) 18:34
gisele,GISELe,キレイなのは色だけじゃない「形も目をひく」 ドレスのようなロングスカート,https://news.yahoo.co.jp/articles/beb4a5512fcbc64f0d1af0e087d2882a49ad5017,7/19(金) 21:34
gisele,GISELe,まじめなシャツを「まじめに着ない」シンプルが見違える「白シャツの着回しポイント」,https://news.yahoo.co.jp/articles/4a89aa0e589c8b1390d92577ee2c641baae0375e,7/19(金) 21:04
gisele,GISELe,パンツに求める条件は？ 「そのすべてがあるから」どこまでも着回せるチノパンツ,https://news.yahoo.co.jp/articles/a0348a229b44bd1bc50716b0196952177acdce03,7/19(金) 20:34
gisele,GISELe,「髪をキレイに見せたいとき」ヘアメイクたちが使っている「ハネない・広がらない・何もつけていない風」ヘアスタイリング剤,https://news.yahoo.co.jp/articles/926a042a294cbec7f86346f46fa7ca988807205d,7/19(金) 20:04
gisele,GISELe,重くないのに「目元がぱっちり」黒以外で使いやすい「名品カラーマスカラ」,https://news.yahoo.co.jp/articles/ca19a3f737ac55b89b5c747146cefae6adc87fb7,7/19(金) 19:34
gisele,GISELe,カジュアルすぎず使いやすい「節度をわきまえた」ロゴTシャツ,https://news.yahoo.co.jp/articles/8e86835a35db7308158b5ebd18b44b97421c3e5c,7/19(金) 18:34
gisele,GISELe,香水不要でいい匂いが続く 「輝くようにツヤも出る」ボディオイルの名品,https://news.yahoo.co.jp/articles/4381cccd6e858c749151a11cfb313b24173296a0,7/18(木) 21:04
gisele,GISELe,ソックスを合わせても「違和感が出にくい」夏サンダルの選び方「少ない投資で見違える」上手な使い方,https://news.yahoo.co.jp/articles/687e01a7a5082dda83d74fc64394287b40182b00,7/18(木) 20:34
gisele,GISELe,肌がキレイに見えるから「長そでの方がいい」ゆるくて涼しいトップス,https://news.yahoo.co.jp/articles/ff9e3e40f62e277038df79d6aac886e8e78dd750,7/18(木) 20:04
gisele,GISELe,フレアスカートが重たく見えない「歩きやすくてスタイルもよく見える」ローヒールシューズの合わせ方,https://news.yahoo.co.jp/articles/770e4832e721f64da9aec9397da94673304a4b4f,7/18(木) 19:34
gisele,GISELe,見た目と着心地「どちらもクール」首のつまったノースリーブ,https://news.yahoo.co.jp/articles/4c72088b76cabcba820c4c6aaf4e96c4713de7f0,7/18(木) 18:34
gisele,GISELe,「シンプルに見えて目にとまる」イヤリング 「重ねづけせず1つでいい」シンプルな服に似合うデザイン,https://news.yahoo.co.jp/articles/037fce308a6d4e24897c4337625a92416e0775c7,7/17(水) 21:32
gisele,GISELe,いつもの服を「飾る服」とは？「着方に工夫がいらない」1枚で着映えするデザイン,https://news.yahoo.co.jp/articles/57537668d6279a5ed38ae97db29deb04227cc04c,7/17(水) 21:04
gisele,GISELe,「チークならこれがいちばん」メイクのプロに選ばれている「肌もきれいに見える」名品,https://news.yahoo.co.jp/articles/0ff3f0aaa2ba5ef438b9709457f7a9dbe3466829,7/17(水) 20:47
gisele,GISELe,なぜスカートは「重め」がいい？ 「まっすぐなのに動きやすい」スリムに見えるシルエット,https://news.yahoo.co.jp/articles/f8e81a20b96f21601f44f0153a8d46dc322cfc02,7/17(水) 20:34
gisele,GISELe,スタイリストも思わず買った「ラクに穿けて脚がキレイに見える」黒パンツの名品,https://news.yahoo.co.jp/articles/acfec3d059b15db96728b3ab1d36633f18e2bd43,7/17(水) 20:07
gisele,GISELe,シティ・アウトドア「どちらも使える」ちょうどいいスポーティなバッグ,https://news.yahoo.co.jp/articles/c4f5370fda3e7d9988a76f162301072b7a0d0ac0,7/17(水) 19:34
gisele,GISELe,「白の細身」で着ぶくれしない「すらりと穿けるタイトスカート」,https://news.yahoo.co.jp/articles/37fb41c2c3f4b1b575eb659dcdf6820d23a4ac99,7/17(水) 18:34
gisele,GISELe,秘訣は？ 美容のプロに聞いた「テカらないツヤ肌」作りに欠かせないコスメ,https://news.yahoo.co.jp/articles/cd051efe99444decce393622a65544053c18b9eb,7/16(火) 21:32
gisele,GISELe,ポイントは「ひざ上につくるAライン」脚を出すことが「いい効果に変わる」ミニボトム選びの基本ルール,https://news.yahoo.co.jp/articles/d39ce8c8129320e3f70a1433ec98a64791ee25bd,7/16(火) 21:04
gisele,GISELe,どうせなら「着回せる方がいい」柄の服 「合わせやすいから長く使える」選び方,https://news.yahoo.co.jp/articles/10286aebb53304ad14e06cbfe9947fb8773542b6,7/16(火) 20:34
gisele,GISELe,「夏の口元の乾燥対策」ぷるんとした唇に導く「美容通が手放せない」リップケアの名品,https://news.yahoo.co.jp/articles/88908ac052b337a37335e17d55c64ce3fedac182,7/16(火) 19:34
gisele,GISELe,「1枚よりもオシャレに見える」異なる丈のベストで「ゆるくてキレイなレイヤード」,https://news.yahoo.co.jp/articles/0c3daa31e46fb25ede8e0e67ce60dd30f684a568,7/16(火) 18:34
gisele,GISELe,どこまでも履き回せる「黒の中でも稼働率が高い」サンダルの選び方,https://news.yahoo.co.jp/articles/1334563de8dba51a84f943b87fec92ddba1779ef,7/15(月) 21:04
gisele,GISELe,「シャツより甘く・ブラウスのように柔らかい」 シンプルなボトムにぴったり似合う「GUの白シャツ」,https://news.yahoo.co.jp/articles/caa4abaf8c88af4d4926cd75fb61d3a695aa5af0,7/15(月) 20:34
gisele,GISELe,夏のフォーマルなシーンにぴったり「暑くない」肩にゆとりのあるジャケット,https://news.yahoo.co.jp/articles/ccc1238e18f19f51a583ffa41604ad17f2bca89f,7/15(月) 20:04
gisele,GISELe,ストレスなく「スタイルをよく見せる」スーパー美形のストレートデニム,https://news.yahoo.co.jp/articles/e22e415424156632d29918eb738d7aa7fe0ca6e6,7/15(月) 18:34
gisele,GISELe,「ありがち」じゃないシンプルな眼鏡 「アクセよりも簡単にオシャレ見えする」どんな服にも似合うデザイン,https://news.yahoo.co.jp/articles/fbefe423fa1e83ed317728a0d91f7ed7200edefb,7/14(日) 21:32
gisele,GISELe,メイクのプロたちが「ファンデをやめた化粧下地」 カバーはしっかり・厚塗り感のない名品,https://news.yahoo.co.jp/articles/179da407a2ff61014c78a238ebbccf840e93b047,7/14(日) 21:04
gisele,GISELe,スタイルUPも自動的 「似合う服が多いから」長く何度も着回せる新しいパンツ,https://news.yahoo.co.jp/articles/4316d2177375d67576dd3acdff33e75c17ae8554,7/14(日) 20:34
gisele,GISELe,なぜいい？メイクのプロたちが「無印良品で買い続けている」メイクアイテム,https://news.yahoo.co.jp/articles/6b01cab56d1bd0bef2512f4bfd1b8b1fd5176572,7/14(日) 20:04
gisele,GISELe,涼しく軽やか「おまけに品もいい」シャカシャカ素材のネイビーワンピース,https://news.yahoo.co.jp/articles/73d0231588a681e30a613f83e34f50511cf11a28,7/14(日) 18:51
gisele,GISELe,夏の羽織りは「ブラウンがよさそう」白Tやデニムにもよく似合う「使い回せる」理由とは？,https://news.yahoo.co.jp/articles/cbbd047c4a020a3eedb5e3787f0b885421299dd1,7/13(土) 21:27
gisele,GISELe,「とくにいい」スタイリストがユニクロ・GUで買った「とにかくいい」服と選び方,https://news.yahoo.co.jp/articles/9acd5c366487a47506491889330b9fb4beacad75,7/13(土) 21:04
gisele,GISELe,「かける時間も使う量も減る」美容のプロたちが「メイクに頼らなくても良くなった」コスメ,https://news.yahoo.co.jp/articles/16f3ea2c51a39ef594deac511205e5c40c5b3153,7/13(土) 20:37
gisele,GISELe,譲れない条件をクリアした「不満が出ない」最高の半そで・ノースリ白ワンピース,https://news.yahoo.co.jp/articles/c4fefbb028295daf8856fea613bd85c7b90b83f0,7/13(土) 19:34
gisele,GISELe,【明日なに着る？】気だるくキレイに着られる「とろっとしたエクリュシャツ」,https://news.yahoo.co.jp/articles/2566035105dc56de9aaee037e5720cd1ed3cbfd6,7/13(土) 18:34
gisele,GISELe,「買い」のポイントは？ 人気スタイリストに聞いた「合わない服も小物も少ない」長く使える小物の選び方,https://news.yahoo.co.jp/articles/1cff76878ee0b4e671b20623699fe1e5f26dd420,7/12(金) 21:32
gisele,GISELe,メイクのプロたちが使っている「ブラウンメイクが上手くなる」コスメとその使い方,https://news.yahoo.co.jp/articles/dfda95f0e1ba07b6db464bc982eec664978260ff,7/12(金) 21:04
gisele,GISELe,顔の血色がよく見える「はっきりしない色づかい」ポイントは「くすんだピンクともう1色」,https://news.yahoo.co.jp/articles/d5b1c65278a0bf8833b9ba9dceb6ce3fb64d0516,7/12(金) 20:34
gisele,GISELe,「ふつうの白Tは着尽くした」シンプル好きも合わせやすい「意外と使える」シンプルじゃないTシャツ,https://news.yahoo.co.jp/articles/f15e535b5d98b65150750b5c8f41df6e7033e788,7/12(金) 19:34
gisele,GISELe,男の子っぽいけど可愛らしい「ショートパンツが上手くなる」ヒールとソックス,https://news.yahoo.co.jp/articles/69e5f9291b9d76fc90f1638cbf03c90f709dc5e9,7/12(金) 18:34
gisele,GISELe,スカートの新傾向は「可愛いよりもキレイな甘さ」 着回しもきく「フットワークも軽い」デザイン,https://news.yahoo.co.jp/articles/3acf1314906045e706005bc555f62b281d0b9083,7/11(木) 21:32
gisele,GISELe,他との違いは「続けるほどに結果が出る」美肌の持ち主3人が愛用するスキンケアコスメ,https://news.yahoo.co.jp/articles/267baa540261e5937b21fb84287704df9365f704,7/11(木) 21:04
gisele,GISELe,ポイントは「そでのデザイン」ラクをしながらキレイに着られる「新感覚ワンピース」,https://news.yahoo.co.jp/articles/c7bec219a3cc336c5355c28a021855d3bfdd543d,7/11(木) 20:34
gisele,GISELe,真っ白よりまじめすぎない「白っぽい色のシャツ」同じ服でも同じに見えない「着回しテクニック」,https://news.yahoo.co.jp/articles/b833aada9d7727117b0b79e0474e7950a7f0d5c6,7/11(木) 19:34
gisele,GISELe,「白から更新するだけで」半そで＋デニムもきちんと見える「ネイビーのカラーTシャツ」,https://news.yahoo.co.jp/articles/1a465401f33561cb5f4dbe0860b5db9239595723,7/11(木) 18:34
gisele,GISELe,「細く小さくても目をひく」ネックレス 「つけてる感のない」どんな服にも似合うデザイン,https://news.yahoo.co.jp/articles/92b2a9eb3a4285600bfce9a2bee75c22fe979908,7/10(水) 22:04
gisele,GISELe,「見た目以上に実用的」スタイリストに聞いた「本当に使える」週4バッグ,https://news.yahoo.co.jp/articles/b35d37be3259b287a428627d6795ec56c112349c,7/10(水) 21:34
gisele,GISELe,オシャレな15人の「買ってよかった色」身の回りが明るく華やぐ「色のオシャレなとり入れ方」,https://news.yahoo.co.jp/articles/5da1e0c5c2ac3c8d8e2866120c646afa8df2f0ef,7/10(水) 21:04
gisele,GISELe,着ると「スタイルにもいい効果がある」シャツ選びの変更点,https://news.yahoo.co.jp/articles/8d20a028453afa01a5497aef6acd7269aba76fd3,7/10(水) 20:34
gisele,GISELe,歩くたび揺れるシルエットが美しい「黒のドレスパンツ」,https://news.yahoo.co.jp/articles/7a71f0ef66190b8496859c862505b7518e25ef67,7/10(水) 18:34
gisele,GISELe,「肌の悩みはコレで解決しました」 美肌の人ほど「やめられない理由がある」コスメ,https://news.yahoo.co.jp/articles/4c7deed859befd4f382cbf8f083a6bccc27b5d78,7/9(火) 22:04
gisele,GISELe,夏のキーカラーは「合わない色も少ない色」 涼しく見える色の服,https://news.yahoo.co.jp/articles/2299a1609b22d28133025004448910ef8ee90bba,7/9(火) 21:32
gisele,GISELe,「ZARAで見つけた」履くだけで素足がキレイに見える「ジュエリーのようなサムリングのサンダル」,https://news.yahoo.co.jp/articles/1422838ad7bae9d4a06854c3d5fe17830d1f0749,7/9(火) 21:04
gisele,GISELe,上質なのにお手頃プライス「ワンピースよりもメリットがある」ワンピースのようなアウター,https://news.yahoo.co.jp/articles/65f027c0a9bf5c34da9d2951b549d09050c3355a,7/9(火) 20:34
gisele,GISELe,脚が細く見える「だけじゃない」上半身も華奢に見える「スカートのようなワイドパンツ」,https://news.yahoo.co.jp/articles/f33fb5537ee300240d8512880468366bb562c275,7/9(火) 19:34
gisele,GISELe,シンプルなのに「ちょっと違う」ロゴの位置をずらした「シンプル以上の白Ｔシャツ」,https://news.yahoo.co.jp/articles/541f09482fce7acc38bab1610d7f1c61a4325d3c,7/9(火) 18:34
gisele,GISELe,「中に穿くだけでいい」シンプルな黒ワンピが見違える「シンプル以上のワイドパンツ」着回しコーディネート,https://news.yahoo.co.jp/articles/5e586ff38e2180978a254ab9e87c1089ce0d1a01,7/8(月) 21:27
gisele,GISELe,「スタイル重視」のスタイリストに聞いた 「どんな服にも合わせやすい」長く使える小物と服の選び方,https://news.yahoo.co.jp/articles/1f79885bf4d4a215a41726cf147c8e097c501a5d,7/8(月) 21:04
gisele,GISELe,普通に見えてほかとは違う「脚につかず離れず」絶妙シルエットのデニムパンツ,https://news.yahoo.co.jp/articles/3e1b615d007fc31278e43e19c90ca06b77030db3,7/8(月) 20:34
gisele,GISELe,捨て色が「1色もない」 メイクのプロたちが絶賛する 最高のアイシャドウパレット,https://news.yahoo.co.jp/articles/7f538e5d7dcecdd40bd4be4d626e0fe96b6df70f,7/8(月) 20:04
gisele,GISELe,ワンピース1枚でもきちんと見える「手元・足元・顔回りにあるといい」チェック柄の上品な小物,https://news.yahoo.co.jp/articles/8e843005f82d0ea85c506b26de743087c73b5814,7/8(月) 19:34
gisele,GISELe,メンズのパンツ合わせが上手くなる「かわいい色のノースリーブ」,https://news.yahoo.co.jp/articles/7bc69282e19b17fb96a098821d22019951dafceb,7/8(月) 18:34
gisele,GISELe,服のプロが試着でやっていることは？ 「自分にぴったり似合うジーンズ」を見つける方法,https://news.yahoo.co.jp/articles/479d3c41523242f2eafb2179ed0a6019f2d8a811,7/7(日) 22:04
gisele,GISELe,「毎日Tシャツ」は卒業！「涼しくて品もいい」大人っぽくオシャレに着られる「透けるトップス」,https://news.yahoo.co.jp/articles/24f11082474033e11e07a182820fe0e3e04be92b,7/7(日) 21:27
gisele,GISELe,ふわっと香る「何かいい匂いがする人」が選んでいるフレグランス,https://news.yahoo.co.jp/articles/7813b1f9f8766f8a567d0fce6069566dfca370ab,7/7(日) 21:04
gisele,GISELe,背中や産毛もシミもバストも 「気になる部分を消して隠して改善する」部分特化コスメ,https://news.yahoo.co.jp/articles/f838c4fc18b6a38502773e86a9df1f490e8cb511,7/7(日) 20:34
gisele,GISELe,「涼しいだけじゃない」キレイに穿けて細く見える「メリットの多い」ハーフパンツの選び方,https://news.yahoo.co.jp/articles/fd2a998b7f1f50370594565daf7b76f3225c7d55,7/7(日) 19:34
gisele,GISELe,「ルーズなのに上品」涼しく穿ける「真っ白のリネンワイドパンツ」,https://news.yahoo.co.jp/articles/463d7da010f8bbbaefa0ca04851753ea77cbd6f6,7/7(日) 18:34
gisele,GISELe,違いは「とくにキレイな直線シルエット」シンプルなのに着映えするワンピース,https://news.yahoo.co.jp/articles/4c5929e8361a3dcc8fc9e241398f1bc4df5adc7f,7/6(土) 21:34
gisele,GISELe,シンプルでオシャレな人が愛用する「バッグとその中身」仕事から週末のファミリーデイまで兼用,https://news.yahoo.co.jp/articles/2cba70399917ff068e24c1ab4ddebfe799b24249,7/6(土) 21:04
gisele,GISELe,「洗濯で服を傷めないために」 クリーニングのプロが「洗濯機に入れている」意外なもの,https://news.yahoo.co.jp/articles/52fcef290064421c7dadce03f311aba5721b86b2,7/6(土) 20:37
gisele,GISELe,「今までに何度買ったか分からない」メイクのプロが「コスメの中でもよく使う」本当にいいコスメ,https://news.yahoo.co.jp/articles/9adf6a378cb645b3433ca701f836f24e0b2f2f19,7/6(土) 20:04
gisele,GISELe,「雨が降りそう…なに履く？」ムレにくく汚れにくい「急な悪天候でも快適」機能スニーカー,https://news.yahoo.co.jp/articles/1cda4d5442ce1b3857cba7e2aae0fe9b264226aa,7/6(土) 19:34
gisele,GISELe,1枚で済むのに地味に見えない「織り模様のオールインワン」,https://news.yahoo.co.jp/articles/416275db7cf587f2795f5ac2290c141c96c82e34,7/6(土) 18:34
gisele,GISELe,上手な人はどこが違う？ 「服も合わせ方もシンプルで」オシャレに差がつくテクニック,https://news.yahoo.co.jp/articles/e5de02d4e47fb73af2fce1244077bccaa7e381c9,7/5(金) 22:04
gisele,GISELe,小さくても「1つだけで目にとまる」 シンプルな夏服にぴったり似合う「目立ちすぎない」アクセサリー,https://news.yahoo.co.jp/articles/2c33e8b02ca3242af5221d90de665b67153044d1,7/5(金) 21:34
gisele,GISELe,ヒール「7・5・３の法則」歩きやすくて疲れにくいサンダルの選び方,https://news.yahoo.co.jp/articles/a6df4d69b06054ef9478bf37ef2ab98ffc4c221d,7/5(金) 21:04
gisele,GISELe,キレイな色でも気どって見えない「赤レースのキャミワンピース」,https://news.yahoo.co.jp/articles/78ed6dc09767a15fd3953aa4c9be9484a9d349c7,7/5(金) 18:34
gisele,GISELe,スタイリストも思わず買った「ラクに穿けて脚がキレイに見える」黒パンツの名品,https://news.yahoo.co.jp/articles/2762c9c44d0b6ffbbab4dec8bcb0a42ef5730388,7/4(木) 22:04
gisele,GISELe,正解は？ 本当に使える白の服「どう合わせても違和感がない」たった1つの簡単なルール,https://news.yahoo.co.jp/articles/58ef38d93463db4a1107fb9a7e03e8ee3a30e49c,7/4(木) 21:32
gisele,GISELe,自分ではいい匂いでも「くさいと思われない」プロが教える香水のつけ方,https://news.yahoo.co.jp/articles/fe7c1ec3166d44a0198031b13bd68c18877be763,7/4(木) 21:04
gisele,GISELe,コーディネートを考えなくていい「1枚でどこにでも行ける」キレイなオールインワン,https://news.yahoo.co.jp/articles/616db52076d6aa2d60a30cdd7394e4d45c438a69,7/4(木) 20:34
gisele,GISELe,「手持ち40コ以上」美容通の編集長が肌身離さない「ドラッグストアで買える」ハンドクリームの名品,https://news.yahoo.co.jp/articles/86903f5d97bc2a1ee101857040129f307d382f2d,7/4(木) 19:34
gisele,GISELe,どう着ても上品「かっちりしすぎない」ネイビーのポロシャツ,https://news.yahoo.co.jp/articles/59658baa60811d10bb432aab6a413b37693587e5,7/4(木) 18:34
gisele,GISELe,「使って以来トリコになった」メイクのプロが「ファミマで買う」コスメ,https://news.yahoo.co.jp/articles/7bdf1d0fa2be020bc191d446573f8e4a2d60afcb,7/3(水) 22:04
gisele,GISELe,歯が白くてキレイな人に聞いた「使い続けて白くなった」歯磨き粉,https://news.yahoo.co.jp/articles/e873ae8ef631ef79d096a74c18349c9d963aa73e,7/3(水) 21:31
gisele,GISELe,"上質なのに10,000円台！ 「期待以上に使える」ショルダーバッグ",https://news.yahoo.co.jp/articles/d7cde3c29c58fee9b00f53a02e0f2efbd7134619,7/3(水) 21:04
gisele,GISELe,いちばん可愛いのは「赤が・どこに・どのくらい？」デニム姿が「理屈抜きで可愛くなる」赤の使い方,https://news.yahoo.co.jp/articles/1e5e4d3e1b491e741fdfb67a6658eb8cd82594e4,7/3(水) 20:34
gisele,GISELe,スタイルが段違いによく見える「非の打ち所がない」美形なカーゴパンツ,https://news.yahoo.co.jp/articles/fb8666b07ebf5c82cea541565274bb0391fcae54,7/3(水) 18:34
gisele,GISELe,「手抜きに見えずラクできる」品のよさで選んだ「スポーティな服」,https://news.yahoo.co.jp/articles/304ad5af04cec3ec23090085baa1468641dd2038,7/2(火) 21:27
gisele,GISELe,「それが髪を傷めている原因です」 毛髪診断士が教える「やらない方がいい」やりがちな習慣,https://news.yahoo.co.jp/articles/48548dbf4b8adb667c9950a75954beb54553f52f,7/2(火) 21:04
gisele,GISELe,「くびれから くるぶしまで」 スタイルUPに直結するデニムスカートの選び方,https://news.yahoo.co.jp/articles/0954c875697d93b61992f3dc7e44719b7a4f0eb6,7/2(火) 20:34
gisele,GISELe,上手な人ほど知っている「夏のデニムの基本ルール」快適なのにラフすぎない「サンダルの選び方」,https://news.yahoo.co.jp/articles/2f88a91b2a5dbdee9ab1591b9c0c47c7d3847887,7/2(火) 19:34
gisele,GISELe,長そでなのに涼しく着られる「色も素材もちょうどいい」グレーのシアーニット,https://news.yahoo.co.jp/articles/58437cb462f2ed6dbc05f0883c7de9ab018e5df3,7/2(火) 18:34
gisele,GISELe,どこが変わった？「新しいシンプルな服」変更点は1か所だけ「なのにコーディネートが可愛くなる」デザイン,https://news.yahoo.co.jp/articles/ed2903bca5f9ddf4457e55441c3ec32576426d20,7/1(月) 21:27
gisele,GISELe,眉の「薄い・まばら・消える」を解決 「増える・落ちない・にじまない」アイブロウの名品,https://news.yahoo.co.jp/articles/0c26fd15053bbb204d30aa0079bcd28790a419b4,7/1(月) 20:34
gisele,GISELe,「熟睡した翌日のように」肌がパンッと目覚めるスキンケアの名品,https://news.yahoo.co.jp/articles/377259335e9f9d35038b04a3dd769fa1b08a7539,7/1(月) 19:34
gisele,GISELe,いつでも穿けてなんでもできる「ブラウンのボリュームスカート」,https://news.yahoo.co.jp/articles/8dc6d6e9b488774ef7d7766e9d505843245c1e90,7/1(月) 18:34
gisele,GISELe,普通の美脚パンツよりも「オシャレに見える」 長く見えて太くも見えない新美脚シルエット,https://news.yahoo.co.jp/articles/34b4ffed516b25b5f409b661020cce8ad9c5e45e,6/30(日) 21:32
gisele,GISELe,「マネしてみたい」 美容のプロどうしでおすすめし合う「使うとよく褒められる」コスメの名品,https://news.yahoo.co.jp/articles/e45928946b2cdb199386a4f38a75f72c6fa1ebd3,6/30(日) 21:04
gisele,GISELe,きちんと見えて地味じゃない「ふつう以上のシャツ」着回しに差がつく「選び方のポイント」,https://news.yahoo.co.jp/articles/023e91d2a9a9ab39e4dd163ba6f7768eb6b31dac,6/30(日) 20:34
gisele,GISELe,海外のオシャレな人はどこが違う？「ロゴの使い方」簡単でふつうなのに可愛い「コーディネート実例」,https://news.yahoo.co.jp/articles/cffffa5e5f1466c4ccecabb3e836d7162dc1ed6a,6/30(日) 19:34
gisele,GISELe,キレイめ・カジュアル「どちらもいける」真っ白のワンピース,https://news.yahoo.co.jp/articles/09538d1552144e86ff85909908deecad081f1b8f,6/30(日) 18:34
gisele,GISELe,顔のアップ撮影で「ちょっと毛穴が気になる」 そんなときにメイクのプロが使っているコスメ,https://news.yahoo.co.jp/articles/7f380bea064d32a681f7cc6c204c7ff4004ab08a,6/29(土) 21:57
gisele,GISELe,上手な人ほど知っている「スカートでシンプルだけどキレイ」コーディネートの作り方,https://news.yahoo.co.jp/articles/ef9ea8b0856bbd6ae95e20b5b64d5fb8021cd430,6/29(土) 20:47
gisele,GISELe,美容のプロたちの間でカブる率が高い「とくにいい」コスメ,https://news.yahoo.co.jp/articles/059b27755752a13b5485a86a5ec68583351620ba,6/29(土) 20:21
gisele,GISELe,お題は「抜群の収納力」スタイリストがサイズ別で選んだ「合わせやすくて実用的な」名品バッグ,https://news.yahoo.co.jp/articles/a7f2b52a9124e322e3afbc398b8d5e1ef58b972b,6/29(土) 19:34
gisele,GISELe,主張がないから使いやすい「ユニクロで買える」薄手のナイロンジャケット,https://news.yahoo.co.jp/articles/2d01f510935c6e5fb6dceb059d1e693d8d89a1f4,6/29(土) 18:34
gisele,GISELe,「コスメの中でもコレがいちばん」 メイクのプロたちが「何度買ったか分からない」廃番になると困る名品,https://news.yahoo.co.jp/articles/027727ca6c403719b4fa82293249ffa85d750810,6/28(金) 21:04
gisele,GISELe,「減点がない白Tシャツ」 カジュアルじゃない「カジュアルなボトムに似合う」デザイン,https://news.yahoo.co.jp/articles/733f85b50bdb0afb5f294bab69e45d7093468f0f,6/28(金) 20:34
gisele,GISELe,長そでなのに蒸し暑くない「シャツのように薄軽い」キレイなジャケット,https://news.yahoo.co.jp/articles/906f07ee4c1c1943f462a50987d9e0a6a5237c87,6/28(金) 19:34
gisele,GISELe,ブルーじゃないから「よさが出る」黒のデニムスカート,https://news.yahoo.co.jp/articles/c046757b08abd6eea673a9aa6a789a2103f0a376,6/28(金) 18:34
gisele,GISELe,なぜいい？メイクのプロたちが「無印良品で買い続けているもの」,https://news.yahoo.co.jp/articles/b8b594460fdeb179c628d71f4da53b138f86fa66,6/27(木) 22:04
gisele,GISELe,ユニクロで差がつくポイントは？ 人気スタイリストがユニクロで買う「シンプルなのにオシャレに見える服」,https://news.yahoo.co.jp/articles/90c269864d34159fd3bb4669572d8b65e6347a50,6/27(木) 21:32
gisele,GISELe,「香水よりもふんわり香る」ボディクリームよりも長持ちする「いい匂いがする人」の肌乗せフレグランス,https://news.yahoo.co.jp/articles/9fa08b3f5942a36cc465efb9c1d3dc198d3aaa13,6/27(木) 21:04
gisele,GISELe,「服がシンプルな日に」人気ヘアメイクがよく使う「目立たないけど目にとまる」カラーコスメの名品,https://news.yahoo.co.jp/articles/9feb76d5e7e49249c9fb4425dcd611a509b4beb1,6/27(木) 20:34
gisele,GISELe,ふとしたときに目にとまる「シンプルじゃないシルバー」小さいのに埋もれない「アクセサリーの選び方」,https://news.yahoo.co.jp/articles/9e53d3731648ad62f40e8b05f940bb0472ca7398,6/27(木) 19:34
gisele,GISELe,かぶったほうが品がいい「キャメルカラーのクロシェハット」,https://news.yahoo.co.jp/articles/ea405f5e28b1f14fce8f4e03f9bd4e69109fb238,6/27(木) 18:34
gisele,GISELe,「シンプルなのに見慣れない」オシャレに差がつく「シンプル以上の服」選び方,https://news.yahoo.co.jp/articles/5f4d1a13a96fdd8910d223ffa0619ea16c773b4e,6/26(水) 21:27
gisele,GISELe,厚塗りしていたコスメ通が変えてよかった「薄づきの素肌感ファンデーション」,https://news.yahoo.co.jp/articles/1faab109dbfbce7ac94f213127e37261de1760f4,6/26(水) 21:04
gisele,GISELe,気になるスタイルも「気にしなくていい」スタイル良く見える「直線的な長め丈」のトップス,https://news.yahoo.co.jp/articles/baf52438d0c783f85f704609317343fd60cdbe36,6/26(水) 20:34
gisele,GISELe,ざっくり着てもキレイ「きちんと見えて涼しい」黒のリネンシャツ,https://news.yahoo.co.jp/articles/2c44f68c8350ab40708a08d53935c87b09b7beb4,6/26(水) 18:34
gisele,GISELe,可愛い「そのうえ着回せる」 選び方で失敗しない「白だからいい服」,https://news.yahoo.co.jp/articles/b44e8a885cc69d6af56ccf5672ed624067f12bbf,6/25(火) 21:32
gisele,GISELe,「やめるとメイクがうまくいった」メイクのプロたちがしないこと,https://news.yahoo.co.jp/articles/90680602e29d68ea7fd2d42b414c2d766129a41c,6/25(火) 21:04
gisele,GISELe,重たく見えない「黒のフレアスカート」広がりすぎずひらつかない「穿くだけで余裕がにじむ」名品,https://news.yahoo.co.jp/articles/a67fcd2aa2dcc69b2906f443a108ccb994d4d2ba,6/25(火) 20:34
gisele,GISELe,目立ちすぎず目にとまる「バッグを2コもち」つやめくサテンとドライなかご,https://news.yahoo.co.jp/articles/57d8aa92dd683d774a609977d10bc988ff20776d,6/25(火) 18:34
gisele,GISELe,派手に見えない「使えるカラートップス」は？ 選びのポイントは「ちょっと暗いか白っぽい」,https://news.yahoo.co.jp/articles/376928b1b7ed965978f7fef569185b824c8cb492,6/24(月) 21:27
gisele,GISELe,「美肌の人が愛用している」 コスメ通が使って以来やめられなくなった「効き目段違い」の美容液,https://news.yahoo.co.jp/articles/c3e5321a30564a9753f8c4c73fa61adec30097b5,6/24(月) 21:04
gisele,GISELe,ボトムに悩まず履き回せる「シンプルじゃない」可愛いサンダルの選び方,https://news.yahoo.co.jp/articles/3e15f6e0267a186e33d60077eb7181b2c0f6d35d,6/24(月) 20:34
gisele,GISELe,シンプルなのに凝って見える「パンツに重ねるシアーパンツ」,https://news.yahoo.co.jp/articles/4ea90325feaa8aa08519f8e3f8c322d3a0c46a8a,6/24(月) 18:34
gisele,GISELe,人気スタイリストが新調した「ただの定番じゃない」ベーシックなパンツの選び方,https://news.yahoo.co.jp/articles/f0d847bdc1dfdf98731a3ef5405ea2f4f819afdc,6/23(日) 21:04
gisele,GISELe,気休め程度じゃない「効き目」 美肌の人ほど「ずっと使っている理由がある」最高のシートマスク・パック,https://news.yahoo.co.jp/articles/86549dcab6f76faccc3567f50d026aae00d9f8bb,6/23(日) 20:34
gisele,GISELe,ラクに着られて品もいい「キレイなロンT」ポイントは「ありきたりじゃない」そでまわりのデザイン,https://news.yahoo.co.jp/articles/d6c5530efbdae6232547c463ba52d48f1566723f,6/23(日) 19:34
gisele,GISELe,デニムなのにシックに穿ける「端正な見た目のブラウンデニム」,https://news.yahoo.co.jp/articles/9c0be8f92fb86569fde76fbc31789e44bbfdaf64,6/23(日) 18:34
gisele,GISELe,センスのいい人はどこが違う？ 白Tシャツで「普通だけど可愛い」コーディネート,https://news.yahoo.co.jp/articles/510e333d72b67bb4cb08647036701ce52ac63ee7,6/22(土) 21:32
gisele,GISELe,髪のキレイな人に聞いた「美容室帰りの髪が続く」シャンプーの名品,https://news.yahoo.co.jp/articles/29cf79719dd922a1a9e09427e610892c719cf6fb,6/22(土) 21:04
gisele,GISELe,「休日はこれだけでいい」手数を少なく健康的な肌をつくる「手抜きができる」化粧下地・日焼け止め,https://news.yahoo.co.jp/articles/7c51dd5e3e54d1b85754e3e81b3ca2558c2697d1,6/22(土) 20:34
gisele,GISELe,薄くて軽い「そのうえ品もいい」暑くないスプリングコート,https://news.yahoo.co.jp/articles/c3378fbe12fd1093c1aad3df004a0fec350cefdb,6/22(土) 18:32
gisele,GISELe,オシャレな人のお部屋拝見！「IKEA」で買ってよかったもの,https://news.yahoo.co.jp/articles/06f8175e4fde3fb9605bd741c43ac34107a8b6ed,6/21(金) 22:04
gisele,GISELe,トップスのように軽い「カーディガンのようなジャケット」 着ていて「ラクなのにキレイに見える」名品,https://news.yahoo.co.jp/articles/5bfb7980af2bf6a7a56bef8571171c5d74f63954,6/21(金) 21:37
gisele,GISELe,人気スタイリストがよく使う「失敗しないテクニック」キレイな色の上手な使い方,https://news.yahoo.co.jp/articles/f430ef76da50ce6e2d58473eac9b904e86935c52,6/21(金) 21:04
gisele,GISELe,重くないのに目元がぱっちり「黒同等のメリットがある」使いやすいカラーマスカラ,https://news.yahoo.co.jp/articles/7208d3f02ace2a683918936eb450021f637f672c,6/21(金) 20:34
gisele,GISELe,雨にも汗にも強い「天気に左右されない服」手入れしやすく機能的「着る時季を問わないから」長く使えるデザイン,https://news.yahoo.co.jp/articles/6f796d75274870bef764cea1a659d1c34c5f7149,6/21(金) 19:34
gisele,GISELe,考えなくてもスタイルアップ「コルセットに近いウエストの」ワイドデニム,https://news.yahoo.co.jp/articles/d3a279f4c4d75bf5dfd1444b46eb01a1535c4624,6/21(金) 18:32
gisele,GISELe,落ちにくいけど落としやすいマスカラ 「カールも長さも長持ちする」メイクのプロたちが重宝する名品,https://news.yahoo.co.jp/articles/8c86066e69ecd77b61b5d9b08693dfe82d62ca36,6/20(木) 22:04
gisele,GISELe,今までに「何度買ったか分からない」 美容のプロたちの「廃番になると困る」名品コスメ,https://news.yahoo.co.jp/articles/1a3974771190cae4dc6ebae029a9e0456f25fca9,6/20(木) 21:31
gisele,GISELe,最も使えるスニーカーは？ 人気スタイリストに聞いた「合わせる服を選ばない」2つの白,https://news.yahoo.co.jp/articles/f4c4506d17e31e271b8e58cbc1be65277d492e7a,6/20(木) 21:04
gisele,GISELe,それどこの？「オシャレな人の愛用バッグ」シンプルで上質なモノでまとめた「その中身」,https://news.yahoo.co.jp/articles/d19410fdc40c9d08b7814396604024dcaac0cdf4,6/20(木) 19:34
gisele,GISELe,「どのようにでも着られる」退屈せずに着回せるビッグシャツ,https://news.yahoo.co.jp/articles/d2f44dfe69b09512d07710239858e9ee3f81b20a,6/20(木) 18:32
gisele,GISELe,かかとが浮かず歩きやすい「スニーカーのようなサンダル」カジュアル感なく大人っぽい「品のいいデザイン」,https://news.yahoo.co.jp/articles/621f7805c33144fef3cfa3f2ea2e0f00edbc8f6b,6/19(水) 21:34
gisele,GISELe,キレイな人ほど「ギャップがある」サマーニットの選び方,https://news.yahoo.co.jp/articles/9c7f0d42e68cbb8ecce96a1ca6348bd0e3a01ec2,6/19(水) 21:04
gisele,GISELe,普通の白シャツよりも「着回しが上手くなる」コーディネートが可愛くなる白シャツの選び方,https://news.yahoo.co.jp/articles/88b7beb039889d2a918dbd0a925c2267cc0f20af,6/19(水) 20:34
gisele,GISELe,品行方正な「すっぴん風」 ベージュネイルの中でも「とくにいい色」,https://news.yahoo.co.jp/articles/29ca7e60af7457d2932c11266da8184fee6f68eb,6/19(水) 20:04
gisele,GISELe,半そでなのにラフに見えない「ロイヤルブルーのTシャツ」,https://news.yahoo.co.jp/articles/55f3eec5546d7e13c73c0051b119e502e8b87cb2,6/19(水) 18:34
gisele,GISELe,選ぶのは変わった服より「変わらない服」 人気スタイリストが選んでいる「とくにいい」ベーシックな服,https://news.yahoo.co.jp/articles/a83144fd608aaa392a5a39eb1b82e9b6d646bf4b,6/18(火) 22:04
gisele,GISELe,上も下も細く見える「太いパンツ」ラクしてスタイルアップができる「スカート手前のワイドシルエット」,https://news.yahoo.co.jp/articles/fb7140d5aca4adb6a671aab58efca0ce1a095411,6/18(火) 21:34
gisele,GISELe,目立ちすぎず目にとまる「胸元とアクセサリー」服もデコルテもキレイに見える「選びと合わせ」,https://news.yahoo.co.jp/articles/847f673d8490e8ebd80fbdf441d9a82232931ad8,6/18(火) 20:34
gisele,GISELe,美容のプロがずっと手放さない「肌がキレイと褒められる」周囲からも高評価のコスメ,https://news.yahoo.co.jp/articles/351e52d7849371b38a6580cf6806b064327b2bc7,6/18(火) 19:34
gisele,GISELe,タイトじゃないのに華奢に見える「くびれた形のフレアベスト」,https://news.yahoo.co.jp/articles/73d67c71321713caff275dbea3aafb860af376ca,6/18(火) 18:34
gisele,GISELe,センスのいい人のお部屋拝見！「生活感を見せない」部屋を広く見せるシンプルな収納アイディア,https://news.yahoo.co.jp/articles/9e8a75dcc475e47b2b35f32c5c30a5b11ae5dc92,6/17(月) 22:04
gisele,GISELe,「ちょうどいいバッグ」はどれ？ スタイリストが目をつけるのは「小さすぎない」使い回せるミニバッグ,https://news.yahoo.co.jp/articles/ba9b0315236c0583a939a16de3d058bdea83d71a,6/17(月) 21:34
gisele,GISELe,テクニック不要で簡単にスタイル良く見える「くびれて広がる」トップス,https://news.yahoo.co.jp/articles/5262eeaaca7840a80382b8c94dee092f0db44d77,6/17(月) 21:04
gisele,GISELe,簡単でひかえめ「なのに目にとまる」赤リップの選び方とメイクプラン,https://news.yahoo.co.jp/articles/6b89c7cd4ced62b560f09173624ad76e4087a686,6/17(月) 20:34
gisele,GISELe,ファンデよりも下地重視のプロたちが使っている「悩みを1つで解決する」化粧下地,https://news.yahoo.co.jp/articles/1824059cbe466019ab99f214df8af83fd9b2ebde,6/17(月) 19:34
gisele,GISELe,ふつうのシャツやTシャツもさまになる「上品なベージュのサロペット」,https://news.yahoo.co.jp/articles/9543bef8212384e7f4d542c5d80ac4251246d9e8,6/17(月) 18:32
gisele,GISELe,シンプルでオシャレな人が「つい集めてしまうもの」集め方からわかる「オシャレな理由」,https://news.yahoo.co.jp/articles/a2785948d066e88b538a2dfc9a34d91dca605e3b,6/16(日) 22:04
gisele,GISELe,嫌いな人がいない香り「ふわっといい香りがする人」が選んでいる肌乗せフレグランス,https://news.yahoo.co.jp/articles/64cc9845bd06f8d5f0b89a27127db1e47be61390,6/16(日) 21:34
gisele,GISELe,ふつうで簡単なのに可愛い「短め丈でも大人っぽい」ハーフパンツの「選び方と組み合わせ」,https://news.yahoo.co.jp/articles/4be2f0dd0211c0df591acca55720add5698b9cdd,6/16(日) 21:04
gisele,GISELe,メイクのプロに聞いた「目を大きく・もっと凛々しく見せたいとき」使っているアイシャドウ,https://news.yahoo.co.jp/articles/62a47ab1e1093f37aeeb534690b2a4399bc466e9,6/16(日) 20:34
gisele,GISELe,耳もとに「1つだけで目にとまる」シンプルな服に似合う「目立ちすぎない」アクセサリー,https://news.yahoo.co.jp/articles/1912bfd0b03931811019dc586170f5233800da41,6/16(日) 20:04
gisele,GISELe,素足がキレイに見える「つっかけサンダル」履くだけで華奢さが引き立つ秘訣は「ボリューム感」,https://news.yahoo.co.jp/articles/4c39f303a348ae7cb04127a33360abbbd351d96b,6/16(日) 19:34
gisele,GISELe,スタイルがよく見えるテクニック「定番チノが見違える」差がつく穿き方,https://news.yahoo.co.jp/articles/bff85fd9f744ef0719b27d5786b3a5842d6bb804,6/16(日) 18:32
gisele,GISELe,シンプルで簡単なのに可愛い「ロゴTシャツの使い方」大人っぽく着る秘訣は「選ぶ色」,https://news.yahoo.co.jp/articles/c040b16e42a304501aa33c5fa6d9166c1c855d04,6/15(土) 22:04
gisele,GISELe,朝起きたときの肌に感動！ 「体も翌日疲れなくなった」忙しくてもキレイな人の「寝る前習慣」,https://news.yahoo.co.jp/articles/2fb29dd57b500112f1f5fdd54401c237c0ff232f,6/15(土) 21:32
gisele,GISELe,「ツヤ肌メイクの秘訣は夜」美肌のコスメ通が「わざわざ時間差で使い分ける」クリーム,https://news.yahoo.co.jp/articles/1e21550be19e25e78db6492c53ab73f2cbc7df1d,6/15(土) 21:04
gisele,GISELe,"上質なのに2,000円台！ 「GUの中でもとくにいい」どこまでも着まわせる白シャツの名品",https://news.yahoo.co.jp/articles/b94bad653b95930a5dcb086bd0e21a74dc56b789,6/15(土) 20:34
gisele,GISELe,センスのいい人のお部屋拝見！ 「見せたくなる」シンプルなインテリアの実例集,https://news.yahoo.co.jp/articles/f8e2a0c72d74a8a040047400e2c3d7bbe0e5e57d,6/15(土) 20:04
gisele,GISELe,スラックスのようにキレイに穿ける「涼しいニットパンツ」,https://news.yahoo.co.jp/articles/42042f2996ea013e41d547ebe7c075078cee46c9,6/15(土) 18:32
gisele,GISELe,「基準はトップスの色」 人気スタイリストに聞いた「 スタイル良く着まわせる」理想の白デニムの選び方,https://news.yahoo.co.jp/articles/c524c6109834c12a249affcaf0a9a7918af6daa6,6/14(金) 21:32
gisele,GISELe,「髪をまとめるだけでいい」いつもの服が「簡単でキレイに見違える」メリットのあるシュシュとカチューシャ,https://news.yahoo.co.jp/articles/419bdc92898d15e1217abe5c1a9516da8ae18343,6/14(金) 21:04
gisele,GISELe,ポイントは「少し長め」スタイルUPに直結するノースリワンピの選び方,https://news.yahoo.co.jp/articles/81ee62123bd5f28060d63468fd6428aed625bd14,6/14(金) 20:34
gisele,GISELe,シンプルだけど絵になるセット「赤いスウェットとブルーのデニム」,https://news.yahoo.co.jp/articles/fa1e81d57ba805170dc19774f3da4472c6efdb4c,6/14(金) 18:32
gisele,GISELe,香水が苦手でも「なんかいい匂いがする人」になれるフレグランス,https://news.yahoo.co.jp/articles/34af8cd4e6c19db88cc4431e1bacfce02a6a63af,6/13(木) 22:04
gisele,GISELe,どこまでも履き回せる「黒の中でも稼働率の高い」サンダル・パンプスの選び方,https://news.yahoo.co.jp/articles/1d5c63d1a05e71a73860abafecba11ff2e775edf,6/13(木) 21:32
gisele,GISELe,上手な人ほど知っている「夏のデニムの基本ルール」涼しくキレイにデニムを穿く「選び方とテクニック」,https://news.yahoo.co.jp/articles/82ff676132c4a98fa923a2a5905da1a8abe13d26,6/13(木) 21:06
gisele,GISELe,リップ1つで見違える「白Tシャツにぴったり似合う」リップの選び方,https://news.yahoo.co.jp/articles/4a179cad336e8ac5250901a6e9cf3cdf43080a9e,6/13(木) 20:34
gisele,GISELe,秘訣は「シルエット」シンプルだけど華やか「白なのに甘く見えない」フレアスカートの名品,https://news.yahoo.co.jp/articles/cc2c15143927d7f2c90a37a45185083ed80ac890,6/13(木) 19:34
gisele,GISELe,キレイにゆれ広がる「すべて気にならない」白ワンピース,https://news.yahoo.co.jp/articles/85f720406e8cb18966212f8d9f56991ce69bd60b,6/13(木) 18:32
gisele,GISELe,ゆったりボトムにスニーカー「でもだらしなく見えない」ルーズな服ともぴったり似合う「バランス上手なスニーカー」,https://news.yahoo.co.jp/articles/d9bc590c9bcb2601fc3a4ecc2939128358db6d90,6/12(水) 22:04
gisele,GISELe,メリットは「細く見えるゆるさ」 白Tシャツの中でもとくにいい「柔らかいのに透けない」名品,https://news.yahoo.co.jp/articles/4299817d254a6ec62adc37ddd1b5fd2964978c3c,6/12(水) 21:32
gisele,GISELe,甘すぎないから着回せる「GUのカラートップス」選びのポイントは「色の中でも白まじり」,https://news.yahoo.co.jp/articles/d77f6b7d92fb27e8f0fe7dfc0c08ef039a252f07,6/12(水) 21:04
gisele,GISELe,人気ヘアメイクたちが「顔色も肌もキレイに見せたいとき」使っているコスメ,https://news.yahoo.co.jp/articles/880d45caeda372998291ee1f003a186bf1c3ee98,6/12(水) 20:34
gisele,GISELe,カジュアルすぎず「品もスタイルもよく見える」ウエストロゴのストレートパンツ,https://news.yahoo.co.jp/articles/ee5c1124114b5f50e9363f91df800e95e7a98958,6/12(水) 18:32
gisele,GISELe,「上質なのに1万円台」スタイリストも思わず買ったショルダーバッグ,https://news.yahoo.co.jp/articles/2e42d45686dda2ebff8734f2c3411596429f581c,6/11(火) 21:32
gisele,GISELe,なんど着回しても「見た目が似ない」上手に着回せる「新感覚の白シャツ」,https://news.yahoo.co.jp/articles/1089d0a63fd96ec5d90efd4a8d120e604325deda,6/11(火) 21:04
gisele,GISELe,目立ちすぎずに目にとまる「まるでジュエリーのような」人気のヘアゴム,https://news.yahoo.co.jp/articles/f46f1800444182dc70fb67b7d9e65c1c23d49c8a,6/11(火) 20:34
gisele,GISELe,美容のプロ3名がリピートし続ける「なくなったら困る！」No.1アイシャドウ,https://news.yahoo.co.jp/articles/94abfd870a11b70df75b8a46f1437e4f3951469f,6/11(火) 19:34
gisele,GISELe,ゆるいのに品がある「涼しく着られるリネンニット」,https://news.yahoo.co.jp/articles/0c5b65a7c4953466fde82672d13aa6eab807aac2,6/11(火) 18:32
gisele,GISELe,目元のくすみが飛ぶ「アイシャドウの使い方」ポイントは「濃いめのベージュともう1色」,https://news.yahoo.co.jp/articles/cd5d0d7ef2b411bd126d576faf69bcf5e34f5580,6/10(月) 22:04
gisele,GISELe,ポイントは「ウエスト」 着るとすべてが「上がる服」の選び方,https://news.yahoo.co.jp/articles/71451e3b1e02a607ff7df70bffd4794bd5731dfc,6/10(月) 21:32
gisele,GISELe,どうなりたい？「かけたときの印象別」サングラスの選び方,https://news.yahoo.co.jp/articles/559a7f847d8ee31e90b103df4c46bfee07cd81f9,6/10(月) 21:04
gisele,GISELe,理想の黒トップスは「地味でも派手でもない」　どんなボトムにも合わせやすいデザイン,https://news.yahoo.co.jp/articles/a568cba7f50376972c22cb0c0ab500c2dfd1fad8,6/10(月) 20:34
gisele,GISELe,ひかえめデザイン「だから合わせやすい」シンプルに使える「シンプル以上のシャツ」,https://news.yahoo.co.jp/articles/2b7b58ff5245803e150d1d91b5f2264e0397b687,6/10(月) 19:34
gisele,GISELe,パンツを穿くより脚が細く見える「まっすぐだけどタイトじゃない」デニムスカート,https://news.yahoo.co.jp/articles/49384ffa8cc86fec6d98164510554777a348b7be,6/10(月) 18:32
gisele,GISELe,美容のプロが使っている「むしろデパコスよりもいい」プチプラコスメ,https://news.yahoo.co.jp/articles/3a7676cb26419bbf41938c3a7bb420454947357d,6/9(日) 22:04
gisele,GISELe,普通に見えて「スタイルが見違える」 ひと味違うパンツの選び方,https://news.yahoo.co.jp/articles/ef9b33587c60021bfbb1ef242c462dc8def6534e,6/9(日) 21:32
gisele,GISELe,"「3,000円以下なのに本当にいい」美容通の編集長が使うとよく褒められる「アイシャドウの名品」",https://news.yahoo.co.jp/articles/3ca2cf00f21f4d6933181975b936e549a8095c5b,6/9(日) 21:04
gisele,GISELe,それどこの？ オシャレな人に聞いた「バッグの中でも本当に使える」週4バッグ,https://news.yahoo.co.jp/articles/511cc6c740f80842adaf06e95648a36d62ac8372,6/9(日) 20:34
gisele,GISELe,「カジュアルなのに大人っぽい」スタイリストが使う「長く使い回せる」バッグの選び方,https://news.yahoo.co.jp/articles/632746bda45bc1c7252892132a4d4eff40bbd1c9,6/9(日) 19:34
gisele,GISELe,セットアップ以上にラクできる「しかも手抜きに見えない」黒のジャンプスーツ,https://news.yahoo.co.jp/articles/f7498a77f49cb25cf6ed0a6220d09426b7e3c26b,6/9(日) 18:32
gisele,GISELe,"高機能なのに6,000円台以下「歩きやすくて合わせやすい」ありそうでなかった「使える色の」名品スニーカー",https://news.yahoo.co.jp/articles/4b070109297398e3606e5b0e2c8b3d275f93c1f8,6/8(土) 22:04
gisele,GISELe,美容のプロに聞いた「雨の日でもキレイにまとまる」思い通りの髪になれる」ヘアスタイリング剤の名品,https://news.yahoo.co.jp/articles/cd92ad1eed0f2d51ee64a0b388d8e8d209e073fc,6/8(土) 21:04
gisele,GISELe,着ると「スタイルにいい効果がある」GU・ユニクロの白シャツ,https://news.yahoo.co.jp/articles/414a9294e42797c0e7c89e90f44822d2fadcd109,6/8(土) 20:34
gisele,GISELe,「派手すぎず地味すぎない」ちょうどいいアクセサリー「もの足りないを解決する」アクセとネイルの組み合わせ,https://news.yahoo.co.jp/articles/3d5fbeb7a10e9b029c898c20accedac724754318,6/8(土) 19:34
gisele,GISELe,ぴったりもゆったりもしない「色も形もキレイなワンピース」,https://news.yahoo.co.jp/articles/adbcf11eb35d1be3081f50690780764cd8b5dcb0,6/8(土) 18:32
gisele,GISELe,「化粧水を塗る前に使ってください」美容のプロが美肌のために使い分けている「乳液の名品」,https://news.yahoo.co.jp/articles/daa6ed0afecd02b657afef2b6d185fd06ed018f0,6/7(金) 22:04
gisele,GISELe,美肌の人ほど続けている「やめられない理由がある」最高の化粧水・美容液,https://news.yahoo.co.jp/articles/b688d61fc5efdd1d4fa7678516ebf5757cd9ddfc,6/7(金) 21:34
gisele,GISELe,上質なのにお手頃プライス「着やせ・華奢見えする」白Tシャツ,https://news.yahoo.co.jp/articles/74ddefe66256433c861631e37468cb6e64a5998f,6/7(金) 20:34
gisele,GISELe,スタイルを気にしなくていい「自動的にスタイルがよく見える」美脚パンツの名品,https://news.yahoo.co.jp/articles/9acc54245939de8688f20cb5e472f2bda0dabd6f,6/7(金) 19:34
gisele,GISELe,合わない服がない「リーボックの白スニーカー」使える理由は「真っ白じゃないから」,https://news.yahoo.co.jp/articles/edf64ddbc62f999d522fbb7ca9cff8322ae8229c,6/7(金) 18:32
gisele,GISELe,透けない・まじめすぎない・着ぶくれしない「不満が出ない」最高の白ワンピース,https://news.yahoo.co.jp/articles/33500d8edaf6959f717ca279e49537c912ede9a6,6/6(木) 22:04
gisele,GISELe,変えたら「肌が変わった」　美容のプロたちが使い続けているクレンジングの名品,https://news.yahoo.co.jp/articles/eedef0f5b41e784ed6873d16889e9eae8a8d5def,6/6(木) 21:34
gisele,GISELe,ラクできるジャケットは？ゆるく着てもきちんと見える「都合のいいデザイン」,https://news.yahoo.co.jp/articles/cea9b69b99567e8e0d0db54c90a44607e8826e78,6/6(木) 21:04
gisele,GISELe,「ありがち」じゃない黒の小物 「合わせやすいから長く使える」デザイン,https://news.yahoo.co.jp/articles/22005cfb2219a6e0bbe1ae8f201be3543d4a9fae,6/6(木) 20:34
gisele,GISELe,シンプルな白Tをクラスアップ「ありきたりじゃない」シルバーのブレスレットやバングル,https://news.yahoo.co.jp/articles/101f9772587d4e33562e01cc579e188402445f10,6/6(木) 19:34
gisele,GISELe,Tシャツと着ても幼く見えない「地厚なリネンのハーフパンツ」,https://news.yahoo.co.jp/articles/9d56cf58670bf3f4e9f334186df4a014d9ae125a,6/6(木) 18:32
gisele,GISELe,「いろんな服が着回しやすくなる」合わない服がない「シンプルな黒の服」,https://news.yahoo.co.jp/articles/7463bfd8ccb064ad2d7857ad16842028a52b328d,6/5(水) 22:04
gisele,GISELe,「ファンデならコレがいちばん」 美容のプロに選ばれている納得の理由,https://news.yahoo.co.jp/articles/bd14cff83190fd000af0a9620e04c3e5b9b91b18,6/5(水) 21:32
gisele,GISELe,素足がキレイに見える「キレイな色のサンダル」歩きやすくて地味に見えない選びのポイントは？,https://news.yahoo.co.jp/articles/371832861e85f163bf5631811aed4998b9e9671e,6/5(水) 21:04
gisele,GISELe,普通のTシャツよりも「メリットが多い」 スタイル良く見えるシンプルなTシャツ,https://news.yahoo.co.jp/articles/a2303db4a2214817b117ca5f3b4bc31c527d793b,6/5(水) 20:34
gisele,GISELe,「パンプスのようにすっきり使える」新感覚ローファー「重厚感なく合わせやすい」細身のデザイン,https://news.yahoo.co.jp/articles/0a69e27a4e0caeb8d889800b802bcf537d98a5da,6/5(水) 19:34
gisele,GISELe,体がほっそり見えるゆるさがいい「ガーゼのようにやわらかい」白のロンT,https://news.yahoo.co.jp/articles/e21342897bf63233729017f26a405cc0863a394c,6/5(水) 18:32
gisele,GISELe,美容師が使っている「本当にいい」シャンプーは？「美容室帰りの髪が続く」名品,https://news.yahoo.co.jp/articles/5a6e06f1e058f642461f41cad8b083279249a0a9,6/4(火) 21:34
gisele,GISELe,ブラウスよりも気どらない「キレイなロンT」注目は1枚でもさまになる「そでのデザイン」,https://news.yahoo.co.jp/articles/d0cbd97ea7695db0e007c28065ab544aeff77b05,6/4(火) 21:04
gisele,GISELe,「このトートは減点がない」スタイリストが選んだ「あったらいい」があるバッグ,https://news.yahoo.co.jp/articles/fdde022409f532a0403a6bccc451c2cae435f222,6/4(火) 20:34
gisele,GISELe,上手な人ほど知っている「デニムで普通だけどキレイ」コーディネートの作り方,https://news.yahoo.co.jp/articles/ab12a05c1342db71b07b3ab7b2f6345ee77ad590,6/4(火) 20:04
gisele,GISELe,白や黒のシンプルなスニーカーも簡単に見違える「カラーソックスの重ねワザ」,https://news.yahoo.co.jp/articles/b4276a06f79b881b0b21d3172e28d067c666efdd,6/4(火) 18:42
gisele,GISELe,いつもより顔色がよく見える「チークとその使い方」透明感のポイントは「2つの色の重ね方」,https://news.yahoo.co.jp/articles/eaac467e29ba4251d92d91ee1f55390fd62f909f,6/3(月) 22:35
gisele,GISELe,人気スタイリストに聞いた「スニーカーが似合わない」を解決する簡単な方法,https://news.yahoo.co.jp/articles/15f2b1873fea405068af79554fd18b233f9783ea,6/3(月) 21:32
gisele,GISELe,よく着る服は「サイズ感が決め手」シンプルなオシャレに差がつく「服の選び方」,https://news.yahoo.co.jp/articles/7f7e8ede7319b66ffa90e98626d0108cd3a5a7a0,6/3(月) 21:04
gisele,GISELe,キレイな人の「夏のニットの使い方」シンプルな服でも差がつく「肌が引き立つ」選び方,https://news.yahoo.co.jp/articles/04d2bc5b289f471229a718d6ef853463ce6f89f8,6/3(月) 20:34
gisele,GISELe,「使って以来トリコになった」メイクのプロが 「コンビニで買ってよかった」コスメ,https://news.yahoo.co.jp/articles/5dfa0913665bc616e3e64e2d7669f037fb32d562,6/3(月) 20:04
gisele,GISELe,脚長・細見えにテクは不要！「穿くだけでくびれて見える」美脚をつくるパンツの名品,https://news.yahoo.co.jp/articles/5a1f9de9cb0603189ec482e429677274d742c236,6/3(月) 19:34
gisele,GISELe,広がるけれどひらつかない「甘く見えない」白のフレアスカート,https://news.yahoo.co.jp/articles/8d0b7697e310298245822297ac8f28814893a878,6/3(月) 18:32
gisele,GISELe,人気スタイリストたちが新調した「ただの定番じゃない」理想のベーシック服,https://news.yahoo.co.jp/articles/81eafa50d954b3fee7306c76580e012402cd683e,6/2(日) 21:32
gisele,GISELe,5cmのメリットとは？ 前提はスタイルUP「ただし歩きやすく疲れにくい」サンダルの選び方,https://news.yahoo.co.jp/articles/a35993fa09216a15d3e0652c2510a2105e8c277e,6/2(日) 20:34
gisele,GISELe,ふわっと香る「なんかいい匂いのする人」が選んでいるフレグランス,https://news.yahoo.co.jp/articles/7a62b93987113f1a836f5fc2ab618fe20c70aac2,6/2(日) 20:04
gisele,GISELe,カジュアルな服装を品よく見せる「手元・足元・顔回りにあるといい」チェック柄の小物,https://news.yahoo.co.jp/articles/1c491335ac5ef3a1b708a9d804088090fdcd5f2f,6/2(日) 19:34
gisele,GISELe,ナイロンよりも大人っぽくキレイに穿ける「サテン素材のカーゴパンツ」,https://news.yahoo.co.jp/articles/dec594ad5e8712fb4d4c6a0021596474b4a4749c,6/2(日) 18:32
gisele,GISELe,ポイントは「細く見えるゆるさ」ワイドパンツの中でも「とくにいい」進化したデニム,https://news.yahoo.co.jp/articles/f48942711dc11c0e45e9881354910dd6fb7b45ca,6/1(土) 21:32
gisele,GISELe,「とにかくいい」スタイリストがユニクロ・GUで買っている「とくにいい」パンツ,https://news.yahoo.co.jp/articles/f0b8b491b19031891ae2b978e5a0830ec32aa8c3,6/1(土) 20:04
gisele,GISELe,ポイントは「首・そでのデザイン」シンプルだけど「甘さがちょうどいい」地味に見えないロンT,https://news.yahoo.co.jp/articles/ce93cb1deeb103437041968138ad059f16219ba5,6/1(土) 19:34
gisele,GISELe,同じ服を同じに見せない「ワンピースのオシャレな重ね着テクニック」,https://news.yahoo.co.jp/articles/b32fc7e93c3ea9ab26b43fdce32d3f7dbdbba713,6/1(土) 18:32
gisele,GISELe,間違いないブランドの「白黒以外のスニーカー」シンプルなのに目にとまる「イメージ以上に使える色」,https://news.yahoo.co.jp/articles/50c7968196c00043945dfda54ff76f29780dba98,5/31(金) 22:04
gisele,GISELe,「隠しごとが上手くいく」コンシーラー 「もとからキレイな肌のような」美容のプロが使っている名品,https://news.yahoo.co.jp/articles/dde5ea7d3da1986f5198471244288871f48d769f,5/31(金) 21:34
gisele,GISELe,「涼しく・ラクで・品もいい」夏向きジャケット「羽織としても着回せる」カーディガンのようなデザイン,https://news.yahoo.co.jp/articles/369e2fef4da408f39bc085c51603f423f3aaeba0,5/31(金) 21:04
gisele,GISELe,「黒ワンピース1枚を」あの手この手でオシャレに見せる方法,https://news.yahoo.co.jp/articles/e80b4b7f10c1dff81cd12a61cdec0a4eb2d0be46,5/31(金) 20:34
gisele,GISELe,探してたのはこんなスカート 「スタイルよく見えるから着回せる」3つのタイプ,https://news.yahoo.co.jp/articles/daeb0820ee094a72fedc771583c4bfc7edff95f8,5/31(金) 20:04
gisele,GISELe,ふつうで簡単なのにオシャレ「同じシャツでも同じに見えない」着方のテクニック,https://news.yahoo.co.jp/articles/4761896487b8d49d413a1911e961af22bd496a37,5/31(金) 19:34
gisele,GISELe,半そでなのに華がある「映えるシルエットの白Tシャツ」,https://news.yahoo.co.jp/articles/844f198c9aa7207a2cad32b50e6f5c23aedc0e40,5/31(金) 18:32
gisele,GISELe,肌質が段違い「とくに肌がキレイに整う」 美容のプロが使い続けている化粧下地,https://news.yahoo.co.jp/articles/0f4cdb724d3df91cffda6bb43314889709d36526,5/30(木) 21:34
gisele,GISELe,「合わない服も小物も少ない」スタイリストに聞いた「使い回せるモノトーンの服」見つけ方,https://news.yahoo.co.jp/articles/baad260290730293a5eaf70e64089362d88dc64c,5/30(木) 21:04
gisele,GISELe,穿くだけで「ウエストが自然に上がる」 細くないスラックスのようなチノパンツ,https://news.yahoo.co.jp/articles/b00d05a9c2b14cf07124df02263ca483a3c8d763,5/30(木) 20:34
gisele,GISELe,コーディネートを楽にする「暑くても着られる」薄軽素材のセットアップ,https://news.yahoo.co.jp/articles/e38844b96996b58fbb09c0483dc4dad9f7c550bf,5/30(木) 19:34
gisele,GISELe,「いいところが3つある」シンプルなのにオシャレに見える「短い丈のデニムジャケット」,https://news.yahoo.co.jp/articles/5450216c9f0ab6c8f2ec3f8b5d6815c67ac2c886,5/30(木) 18:32
gisele,GISELe,美容ツウ数名が同じポイントを高評価「白Tやデニムを着る日に合わせるなら？」選ばれた赤リップの共通点,https://news.yahoo.co.jp/articles/e4437b9012efb2b4744bdeec36bc47e1e1bc37f4,5/29(水) 22:04
gisele,GISELe,姿形がいい「身だしなみが整う」デニムパンツの名品,https://news.yahoo.co.jp/articles/1765f2a553a882b38d83fa0a612b3952acd68896,5/29(水) 21:32
gisele,GISELe,着回しの利く柄スカート「選びの秘訣は柄より色み」落ち着いていて大人っぽい「着回しパターン」,https://news.yahoo.co.jp/articles/596ad70f1086ac2cecfb0635ee9e12de30c4bd97,5/29(水) 21:04
gisele,GISELe,サンダルのトレンドは？ 稼働率の高い黒で選ぶ「合わせやすい・履きやすい」長く使える名品,https://news.yahoo.co.jp/articles/30c28588689572c9415bd69338b62ad4bd6cde79,5/29(水) 20:34
gisele,GISELe,「小さめでも意外と入る」肩掛けも手持ちにもいい「小さすぎない」ショルダーバッグ,https://news.yahoo.co.jp/articles/f012b6df9c896a056b76f23bc80542b2e56fae6b,5/29(水) 20:04
gisele,GISELe,オシャレな人は知っている「キャップが似合う服」カジュアルすぎず大人っぽい「組み合わせの成功例」,https://news.yahoo.co.jp/articles/2ba4d8a61f7da5e4f7a825aafb08ab55a49fba46,5/29(水) 19:34
gisele,GISELe,キレイに着られて機能的「年中使える」上質素材の黒ロンT,https://news.yahoo.co.jp/articles/2e756056ef6c99f179056f63ec350c2b5f828a24,5/29(水) 18:32
gisele,GISELe,なぜそれを？ 収集癖のあるオシャレな人に聞いた「実用的でセンスもいい」コレクションとその理由,https://news.yahoo.co.jp/articles/7324d2da21f2878f0900b2caf72e9274b1664492,5/28(火) 22:04
gisele,GISELe,簡単にできる「ヒールじゃなくてもスタイルいい」服の選び方・コーディネートの作り方,https://news.yahoo.co.jp/articles/d04970a32c7b857163c2ed7e0248221448c0fd63,5/28(火) 21:32
gisele,GISELe,隠してカバー・見せて脚長「とにかくスタイルをよく見せたいとき」スタイル重視のシャツの選び方,https://news.yahoo.co.jp/articles/3cd8ae773dc3195a4dd7ebbab1ba2dfbb85bcb0e,5/28(火) 21:04
gisele,GISELe,とにかくスタイル重視のスタイリストに聞いた「どんな服にも合わせやすい」長く使える小物と服の選び方,https://news.yahoo.co.jp/articles/5dceac9026ec0ed5f8b955ced7f1192f3ebef994,5/28(火) 20:34
gisele,GISELe,ネイルの仕上がりが段違い「人気ヘアメイクが欠かさない」指先周辺のケアアイテム,https://news.yahoo.co.jp/articles/fd5d633e21279fe879dfb10f96b5e1de76e90c51,5/28(火) 19:34
gisele,GISELe,「合わせやすいぺたんこフォルム」ブルーのデニムにぴったり似合う「adidasの赤スニーカー」,https://news.yahoo.co.jp/articles/072a845ccf36c330b94cb1914ef245764ece3848,5/28(火) 18:32
gisele,GISELe,ラクしたい日に都合がいい「真っ白じゃない白い服」ゆるく着てもキレイに見える「選び方のポイント」,https://news.yahoo.co.jp/articles/999c74f74ae299d2e27f740a3d011e249a8b4e44,5/27(月) 22:04
gisele,GISELe,「Tシャツよりもキレイ・ブラウスほど甘くない」パリッとしてない長そでTシャツの名品,https://news.yahoo.co.jp/articles/103a88a8b260eeb59e1eb1de09266b636a444264,5/27(月) 21:32
gisele,GISELe,Tシャツを「買いたてのままキレイにキープ」洗濯のプロに教わる「伸び縮み・シワ・黄ばみ」解決法,https://news.yahoo.co.jp/articles/c1e409b554332fdacfd2f0e607368adde6bd481b,5/27(月) 21:04
gisele,GISELe,アクセ使いが「ちぐはぐに見えない」 スタイリストが基本にしている失敗しないルール,https://news.yahoo.co.jp/articles/7e08d04d2adc1f9ce3bb12b314c5ba1969f28250,5/27(月) 20:34
gisele,GISELe,ひと塗りで「ぷるん」手持ちリップ400本以上の美容通が欠かさないリップアイテム,https://news.yahoo.co.jp/articles/f7bbe9809cb0e24475c8c9cf92f19cc2e7c8193a,5/27(月) 20:04
gisele,GISELe,「時間がたてばたつほど肌がキレイに！」ノーファンデ派の編集長が使う名作ファンデーション,https://news.yahoo.co.jp/articles/2d3c0f97459e18e89ed91011d02e1d31f483d779,5/27(月) 19:34
gisele,GISELe,ラクしてキレイにスタイルアップ「リネン素材のサマージャケット」,https://news.yahoo.co.jp/articles/58d47a627187def932de9bee00c269e90c91d51b,5/27(月) 18:32
gisele,GISELe,「高くていい」より「安くていい」  美容のプロたちが買い続けている「コスメの中でもとくにいい」名品,https://news.yahoo.co.jp/articles/22f298f7e6e6eb1c6614928b51ca842bb0a60fba,5/26(日) 21:04
gisele,GISELe,「シャツのように軽い」キレイなジャケット 「ゆとりがあるから肩もこらない」フォーマルなデザイン,https://news.yahoo.co.jp/articles/a22129ae3b6b272963d3147a962ad318ceee81da,5/26(日) 20:34
gisele,GISELe,黒の中でも「とくにいい」キレイな人ほど選んでいる黒アイテムの名品,https://news.yahoo.co.jp/articles/780096849f8aa0a277a03fe913f479d48fd21992,5/26(日) 20:04
gisele,GISELe,「白シャツを着回し尽くしたら」白より目新しく・黒より強すぎない「バンドカラーのネイビーシャツ」,https://news.yahoo.co.jp/articles/b037305321ceff624f45e2ca12737a76fb500f8c,5/26(日) 18:32
gisele,GISELe,美肌の人ほど「続けている」 やめられない理由がある最高の化粧水・美容液,https://news.yahoo.co.jp/articles/8b97304b70d0b4b4f71b0d29b9c8246094395ea6,5/25(土) 22:04
gisele,GISELe,「変わった服は選びません」 人気スタイリストが選んでいる「とくにいい」ベーシックな服,https://news.yahoo.co.jp/articles/cb1fb27738068378c5c2476a082aae685dfa2e4c,5/25(土) 21:32
gisele,GISELe,それどこの？ ファッション業界のオシャレな人が愛用している「使えるミニバッグとその中身」,https://news.yahoo.co.jp/articles/9b75129be29c0cacf7e078af27aa3d3385fe07c3,5/25(土) 21:04
gisele,GISELe,着回しのきく「白以外のシャツ」 合わない色も服も少ない「柄シャツ・カラーシャツ」の選び方,https://news.yahoo.co.jp/articles/2c4ec293322338aef8d27b77b09dbe34294e1223,5/25(土) 20:34
gisele,GISELe,メイクのプロに聞いた「目力を上げたいとき」使っている黒マスカラ,https://news.yahoo.co.jp/articles/8577f67fc5efc146535a3379e05b56303b899c7e,5/25(土) 20:04
gisele,GISELe,パンプスやローファーだとしっくりこない「たとえばこんなとき」スニーカーが解決すること,https://news.yahoo.co.jp/articles/56372a6669aa7cf86569221a1cfb4769a8615c30,5/25(土) 19:34
gisele,GISELe,1枚で着てもさまになる「ZARAのキレイな白ベスト」,https://news.yahoo.co.jp/articles/59ddf38eed0195a47579c8c88889a2bbf5a74340,5/25(土) 18:32
gisele,GISELe,"ZARAで見つけた「歩きやすくて合わせやすい」長く使える6,000円台のローファー",https://news.yahoo.co.jp/articles/94560e534644ed2c6977f55650c94f9c6dc7319b,5/24(金) 22:04
gisele,GISELe,「のような服」とは？ シンプルな服「それ以上のメリットがある」シンプルな服の選び方,https://news.yahoo.co.jp/articles/4ec6029ba1eb3f25aac32c60371d571c6f1fb6e6,5/24(金) 21:32
gisele,GISELe,ポイントは「置き場所」ナチュラルだけど華がある「ぼやけないベージュ系メイク」作り方,https://news.yahoo.co.jp/articles/481f2eebc9599cdce503edbc620a98ac52b21dd0,5/24(金) 21:04
gisele,GISELe,「小さくても意外と入る」ミニショルダー「どんな服にも似合う」小さすぎないサイズ感,https://news.yahoo.co.jp/articles/4deffc09428b0a74a3b8233600370e46c6ae01e2,5/24(金) 20:34
gisele,GISELe,夏にキツく香らない「もとからいい匂いがする人」になれる肌乗せフレグランス,https://news.yahoo.co.jp/articles/559510147df3b82a313c6b89cd7bcd03adb61fa5,5/24(金) 20:04
gisele,GISELe,シンプルで甘すぎない「ピンクを上手に着る秘訣」コーディネート実例,https://news.yahoo.co.jp/articles/05bdb4c421abdd8483fa22ebd20abccc3eff2a99,5/24(金) 19:34
gisele,GISELe,【明日なに着る？】スキニーよりも脚が細長く見える「フレアすぎない美形フレアデニム」,https://news.yahoo.co.jp/articles/fba48df47af200a3cb9aad0ec0bef664f9870991,5/24(金) 18:32
gisele,GISELe,髪のキレイな人に選ばれている「髪の悩みを解決した」アイテムとは？,https://news.yahoo.co.jp/articles/75d00d966923f33dd02ec61a5c0a7a60d0be4767,5/23(木) 22:04
gisele,GISELe,どこが違う？ 「服も合わせ方もシンプルで」オシャレに差がつくテクニック,https://news.yahoo.co.jp/articles/6d3145a5a874fec6de2a80dd16014c6e3204afb8,5/23(木) 21:32
gisele,GISELe,オシャレな人は知っている「重ねたほうがいいアクセサリー」キレイに見える失敗しない組み合わせ方,https://news.yahoo.co.jp/articles/331cf0e83a0cdf716e5415e1e7bd498f3413fb86,5/23(木) 21:04
gisele,GISELe,涼しく着られて肩もこらない「軽い素材でキレイなデザイン」気楽さがいい半そでジャケット,https://news.yahoo.co.jp/articles/283553e9ff1d58ef8a6860be38d4640eb0d4e5a1,5/23(木) 20:34
gisele,GISELe,「変わった服は選ばない」 人気スタイリストが新調する「ベーシックな服」,https://news.yahoo.co.jp/articles/b54971ea4702c22dd4c4fc1a50efac4b2ce07399,5/23(木) 20:04
gisele,GISELe,美肌の人ほど「やめられない理由がある」 悩まなくなったコスメの名品,https://news.yahoo.co.jp/articles/80dd6ac654bb8cd072bcefffc07780902ad3f8d0,5/23(木) 19:34
gisele,GISELe,キレイめに使えるベーシック「ブラウスのような白シャツ」スラックスのようなチノパン,https://news.yahoo.co.jp/articles/361098cd33e2f9cbc150a9ee9b2633c3830a21e7,5/23(木) 18:32
gisele,GISELe,「グレーでも部屋着に見えないデザイン性」スタイリストが買った「キレイに着られるグレースウェット」,https://news.yahoo.co.jp/articles/ce489378a972deabd491760deb254d1e0da726d6,5/22(水) 22:04
gisele,GISELe,人気スタイリストに聞いた「柄の服で失敗しない」選び方「だから上手に着こなせる」納得の理由,https://news.yahoo.co.jp/articles/f900b8754e1c58640131864ab9625a9b4a138ab2,5/22(水) 21:32
gisele,GISELe,スニーカーは「メタリックが旬」見た目以上に使いやすい「派手に浮かないデザイン」,https://news.yahoo.co.jp/articles/78ad45ffdd27f1a91a0254806397ffab4dcff9f2,5/22(水) 21:04
gisele,GISELe,スタイリストも迷わず買った「上質なのにお手頃プライス」主役もサブも「どちらもいける」トートバッグ,https://news.yahoo.co.jp/articles/33dab6b76842429ed0d0b11dd492453a416f6626,5/22(水) 20:34
gisele,GISELe,なりたい肌で選ぶ「どれを選んでもキレイな肌」ファンデーションの新名品,https://news.yahoo.co.jp/articles/749ddd1ea453fb491ee62e4c593ccdcbf6c478ee,5/22(水) 20:04
gisele,GISELe,「夏こそ保湿」みずみずしいのにさっぱり使える「化粧水・マスク・クリームの名品」,https://news.yahoo.co.jp/articles/13bb0ce77f31ff96d2522659ecd21354b343236c,5/22(水) 19:34
gisele,GISELe,細身なのにラクできる「ほどよく透ける」黒のロングカーディガン,https://news.yahoo.co.jp/articles/f86d30d465e112b0f679901e7a33537e5def024e,5/22(水) 18:32
gisele,GISELe,「塗っている方が荒れません」美容マニアたちが「期待以上に効果を実感した」ケア効果のある名品コスメ,https://news.yahoo.co.jp/articles/f6a9d92f39475bf357acb5a2437fcbe7a7c8aee0,5/21(火) 22:04
gisele,GISELe,どう変わる？ 夏ジャケットの新傾向「脱がなくてもいい」羽織るだけじゃない役割,https://news.yahoo.co.jp/articles/bfcdadc633eebc9d8f2f3ffde642212e791409d0,5/21(火) 21:32
gisele,GISELe,上手いとオシャレに見える「ボーイッシュなスタイリング」大人っぽくキレイに整う「失敗しない服選びと合わせ方」,https://news.yahoo.co.jp/articles/e4b92f5b1b0d23ce0aacc14405e249f651143248,5/21(火) 21:04
gisele,GISELe,「ユニクロならサイズ感」スタイリストが買った「シャツの中でもとくにいい」名品,https://news.yahoo.co.jp/articles/f927a49bbaed6366e12db5bcaa0fc64cf6c3218a,5/21(火) 20:34
gisele,GISELe,肌質が一瞬で上がる「むしろファンデよりいい」 美容のプロたちに選ばれている化粧下地,https://news.yahoo.co.jp/articles/90332d9ef424b6ccd9239aa6585d555edbc4d19b,5/21(火) 20:04
gisele,GISELe,「理屈抜きで可愛い」デニムにぴったり似合う「シンプルで使いやすい」赤のパンプス・サンダル,https://news.yahoo.co.jp/articles/91892eb3e67e183f1712ffbf7061c595d2b774b6,5/21(火) 19:34
gisele,GISELe,スタイルカバーしながらキレイに穿ける「大人っぽいミニスカート」,https://news.yahoo.co.jp/articles/431e2ec79133abb9917d1acd83eab39ea4c4f186,5/21(火) 18:32
gisele,GISELe,「合わせやすくて歩きやすい」脚も短く見えない「稼働率の高い」ミュールの選び方,https://news.yahoo.co.jp/articles/afc9899a98a150e206504e5f00f2ceee4c00f198,5/20(月) 22:34
gisele,GISELe,涼しく着られてキレイに見える「進化したジャケット」ポイントは「かちっとしすぎない素材と色み」,https://news.yahoo.co.jp/articles/2f9af6dad4cc1b11341d9b4eb32ee66ec2606e9c,5/20(月) 22:04
gisele,GISELe,人気ヘアメイクに聞いた「ヘアゴムだけで」飾らないまとめ髪のテクニック,https://news.yahoo.co.jp/articles/8faffb53996cd227492e04f6308edf01decc9c8e,5/20(月) 21:32
gisele,GISELe,どんな服にも合う「２色のスニーカー」どこまでも履き回せる「配色」,https://news.yahoo.co.jp/articles/010090d917c6db9bc7fe5d136be99bb42b12420d,5/20(月) 20:34
gisele,GISELe,「美肌が作れるから」美容のプロたちが何度リピートしたか分からない「廃番になると困る」コスメ,https://news.yahoo.co.jp/articles/a2b1b10fe60412df2031f3337af37f77a0dc5bdd,5/20(月) 20:04
gisele,GISELe,なぜ「えりがない」と着回せる? ワンピースの中でも「着回しが長く続く」1枚の選び方,https://news.yahoo.co.jp/articles/21f4fec1362a6c3e4bbe29bf31a3af76772234b9,5/20(月) 19:34
gisele,GISELe,万能パンツの素材を変えたら？ メリット多く進化した「リネンのワイドパンツ」,https://news.yahoo.co.jp/articles/d4ad9ab05c86e806f3fb3e9a5dffec0ae015d76c,5/20(月) 18:32
gisele,GISELe,とにかくスタイル重視 「スタイルを気にしなくていい」スタイル良く見えるパンツ,https://news.yahoo.co.jp/articles/4ba9b9bb07487a5440567afad05dc5c5f2494e20,5/19(日) 21:32
gisele,GISELe,「メイクもオシャレも可愛くなるから」メイク上手が選んでいる「この服に似合う・このコスメ」,https://news.yahoo.co.jp/articles/b70384d3eb4414bb875c856e89e14987f52feec1,5/19(日) 21:04
gisele,GISELe,ポイントは「色」 夏の服にぴったり似合う「涼しい素材のバッグ」,https://news.yahoo.co.jp/articles/1f1919167de0a8cb2b4f7e1ac0c8500dc75bf835,5/19(日) 20:34
gisele,GISELe,「海外のキレイな人から盗む」Tシャツとシャツで「普通だけどオシャレ」な簡単テクニック,https://news.yahoo.co.jp/articles/75286ebb2b35b31b8e1003f3b2d4580db80a8e94,5/19(日) 19:34
gisele,GISELe,細く長く「まじめに見える」黒のロングジレ,https://news.yahoo.co.jp/articles/6896d2756d7afa9ccadda0dedff3865376a8e9fb,5/19(日) 18:32
gisele,GISELe,「これに勝るものはない」美容のプロが絶賛する「捨て色がない」メイクが上手くなるパレット,https://news.yahoo.co.jp/articles/71548232a287692243d9733c817235f6c3e8e2ea,5/18(土) 22:04
gisele,GISELe,キレイな人はどこが違う？ タンクトップで「普通だけど可愛い」コーディネートの作り方,https://news.yahoo.co.jp/articles/27b89b7bd97d44fa39615416ecb589a1da697768,5/18(土) 21:34
gisele,GISELe,納得のいかない化粧ノリ「見直すべきはメイクの前」コスメで隠さなくていい「肌悩み別・スキンケアの最適解」,https://news.yahoo.co.jp/articles/ae3ef63b7b1c8fca2393591ebc52736017a6351a,5/18(土) 21:04
gisele,GISELe,センスのいい人のお部屋拝見！ 生活感を見せない「見せたくなる収納」テクニック,https://news.yahoo.co.jp/articles/8edcf7dcb41da935be9c39fffee1818266b51e76,5/18(土) 20:34
gisele,GISELe,「日焼け止めはコレがいちばん」美容のプロが使っている「SPF50/PA＋＋＋＋」白くならない・荒れない・ベタつかない名品,https://news.yahoo.co.jp/articles/294bae8d07515e1c22bfc2dd319223bcb828544d,5/18(土) 20:04
gisele,GISELe,「今しか手に入らないオシャレな1足」歩きやすくて合わせやすい「人気ブランド同士のコラボ・別注スニーカー」,https://news.yahoo.co.jp/articles/2def9533485b26ce09b1b3809675dbd0d161542c,5/18(土) 19:34
gisele,GISELe,涼しく羽織れて「キレイめ・カジュアルどちらもこなす」メリットの多いカーディガン,https://news.yahoo.co.jp/articles/54831927bacc96208862a48aea5caab5b02bb329,5/18(土) 18:32
gisele,GISELe,普通なのになぜ可愛い？ キレイな人ほど知っている「ベージュの選び方」,https://news.yahoo.co.jp/articles/96910515e38ae67bb6ccc530725bcb30a3be2c4c,5/17(金) 21:32
gisele,GISELe,見た目が可愛い「だけで終わらない」服の稼働率が高まる「服選びのシンプルな考え方」,https://news.yahoo.co.jp/articles/12548b6be76b0102f73fb98e6beece45b6119451,5/17(金) 21:04
gisele,GISELe,ポイントは「スポーティすぎない」ラクなのにキレイに見える「モノトーンが上手くなる服」,https://news.yahoo.co.jp/articles/6ba72e13b51055e0f10b243406c5dd7f92c889be,5/17(金) 20:34
gisele,GISELe,洗濯のプロに聞いた「白い服の白さを保つ・取り戻す」クリーニング要らずの方法,https://news.yahoo.co.jp/articles/f71b6f715f04b383384e8aadc2f7907ae327acb8,5/17(金) 20:04
gisele,GISELe,美肌の秘訣は「タイミング」肌のキレイな美容通がこだわっている「スキンケアの時間帯」,https://news.yahoo.co.jp/articles/493a539332c094b7eccade464d62e00d8f9cf57f,5/17(金) 19:34
gisele,GISELe,「おめかしする日もデニムでいい」体のラインが美しく見える「ドレスのようなデニムワンピ」,https://news.yahoo.co.jp/articles/7dbad96d5e1ec2214f1e3b30dcb83aa04c306a0a,5/17(金) 18:32
gisele,GISELe,これが理想の脚線美「ワイドパンツの中でもとくにいい」チノの進化とデニムの変化,https://news.yahoo.co.jp/articles/8a8dd32097c2cf7c600f6b7244d4768693e93c1c,5/16(木) 21:32
gisele,GISELe,ベーシックカラーの服全般に似合う「最も使える」可愛い色のスニーカー,https://news.yahoo.co.jp/articles/e63bec02c9b6e9df7fbac1dbde53dcc07f2cdf26,5/16(木) 20:34
gisele,GISELe,「コーディネートが可愛くなる」白シャツの選び方「どこまでも着回せる」使い方,https://news.yahoo.co.jp/articles/16ce39bff9b9a5f3960704c15e8eb40e0baa3634,5/16(木) 20:04
gisele,GISELe,これからの白は「キレイすぎない白」気張ってないのにオシャレに見える「コーディネートの成功例」,https://news.yahoo.co.jp/articles/a1a5486cd16c16cf2d0829679928da41ba6d4a2b,5/16(木) 19:34
gisele,GISELe,Tシャツだけでこなれて見える「シャーベットカラーのレイヤード」,https://news.yahoo.co.jp/articles/0078c85441b402c4c0daa8a085c584e7cc7d9a24,5/16(木) 18:32
gisele,GISELe,コスメの「相乗効果」とは？「いつもより肌がキレイに見える」コスメの合わせ方,https://news.yahoo.co.jp/articles/a57f5c61113fb2b417895b410ceb05e8db8e92f3,5/15(水) 22:04
gisele,GISELe,スタイリストが選んだ「ワンピースよりも着回せる」自由度の高いスリーピース,https://news.yahoo.co.jp/articles/32a443b0c037cfd470998dba5b140f3abd1498e7,5/15(水) 21:34
gisele,GISELe,黒パンツの中でもとくにいい「ないことが4つある」黒パンツの名品,https://news.yahoo.co.jp/articles/9e944016b02391d3abe0753433fb8ca8ecef6dcb,5/15(水) 21:04
gisele,GISELe,服装がシンプルな日に「持つだけでオシャレがに高まる」アクセ感覚で絵になるバッグ,https://news.yahoo.co.jp/articles/e28dda34dde86f4ec2641eb0fd4014b7427124a0,5/15(水) 20:34
gisele,GISELe,プロはどう解決する？ 眉毛の「薄い・まばら・消える」一度描いたら落ちないアートメイク級の名品,https://news.yahoo.co.jp/articles/326b1958c21212486777a7fe6c0cb527a1f1f07a,5/15(水) 20:04
gisele,GISELe,なくても成立するけど「なくてはならない」美増しコスメ「キレイな肌の美容通が頼りきる」ベースメイクの名品,https://news.yahoo.co.jp/articles/a7965c1bcb5f6ee3a541b774020b2560bf32c01b,5/15(水) 19:34
gisele,GISELe,ゆったりしているのに着ぶくれしない「締めつけ感なくキレイに穿ける」とろみ素材のワイドパンツ,https://news.yahoo.co.jp/articles/931ea24b090f247df8854f49348c88f45f0a86b0,5/15(水) 18:32
gisele,GISELe,メイクのプロはこう隠す！「毛穴レスのさらり肌」コスメとコスメの組み合わせ」,https://news.yahoo.co.jp/articles/8ec4d11068aaae75a27c4b8dd236fd280e9aae26,5/14(火) 22:04
gisele,GISELe,耳もとに「1つだけで目にとまる」シンプルな服に似合う「目立ちすぎない」アクセサリー,https://news.yahoo.co.jp/articles/93d8f2bcf29dab933f9d807c81277b6888b2c8f0,5/14(火) 21:32
gisele,GISELe,考えなくてもスタイルUP「穿くだけで脚が長く・くびれて見える」美脚パンツの選び方,https://news.yahoo.co.jp/articles/bc914953ed997f196459ee8313fd9d26087346e4,5/14(火) 21:04
gisele,GISELe,「ZARAで見つけた」どんな色とも似合う色「どんな服でもスタイルUP」大人っぽくて使いやすいスニーカー,https://news.yahoo.co.jp/articles/289c4bebf9a5f8e9189bf83edbe8f1c57af32c60,5/14(火) 20:34
gisele,GISELe,香水らしくなく「清々しい」白いTシャツに似合う清潔感のある香り,https://news.yahoo.co.jp/articles/ad358185d91d7fa06d1a45f19d576486072f8827,5/14(火) 20:04
gisele,GISELe,Tシャツの「買ったときのキレイを保つ」洗濯のプロに聞いた「伸び縮み・シワ・ニオイ」の解決法,https://news.yahoo.co.jp/articles/8b5dccd9d6290209f3951b5ba7696629854e9c3a,5/14(火) 19:34
gisele,GISELe,定番服でも今っぽい「短め丈のブラウンポロシャツ」,https://news.yahoo.co.jp/articles/a00b97e6a27d3fec2305748e7eb10daf730692d3,5/14(火) 18:32
gisele,GISELe,塗ってる感なく「肌がくすんで見えない」メイクのプロに聞いたベースメイクの簡単テクニック,https://news.yahoo.co.jp/articles/3b4eab9d2d9f7942f6cbd08ba426df35435fd54e,5/13(月) 22:04
gisele,GISELe,キレイになれる「ニットの方がいい服」夏の服にも合わせやすい涼しく着られるデザイン,https://news.yahoo.co.jp/articles/2794e5de74f9f336e33872f4e31de7498bd7e9de,5/13(月) 21:32
gisele,GISELe,美容資格持ちの編集長が「使いこみすぎて底見えしている」ブルべもイエベも問わない名品チーク,https://news.yahoo.co.jp/articles/2a5f198b8538bf47906276bb5d5481a6bb6b6043,5/13(月) 21:04
gisele,GISELe,攻略法は？ 「これなら着やすい」透けるトップスの上手な扱い方,https://news.yahoo.co.jp/articles/74e1ae3064618bfef8d9fabd002dc71ed46ce0c5,5/13(月) 20:34
gisele,GISELe,メイクのプロたちに聞いた「目力がぐんと上がる」マスカラ,https://news.yahoo.co.jp/articles/7432e28287364b011d5e3375e84735912df5e8f1,5/13(月) 20:04
gisele,GISELe,シンプルだけど目にとまるバッグ「小さめでも意外と入る」収納力にも優れた黒と白,https://news.yahoo.co.jp/articles/872dc2965b7fb1bfb6d8f5c83a8205994db1cba0,5/13(月) 19:34
gisele,GISELe,まじめに見せてラクできる「カーディガンのようなノーカラージャケット」,https://news.yahoo.co.jp/articles/b78d270470f2c8fa01dc3710a21c0792d190cf87,5/13(月) 18:32
gisele,GISELe,キレイにもカジュアルにも履ける「バランス上手なローファー」かっちりしすぎず使いやすい「ちょうどいいデザイン」,https://news.yahoo.co.jp/articles/7b3c552bb588bfd3613d4e722b3727873876bb77,5/12(日) 21:34
gisele,GISELe,シンプルだけじゃ物足りない人に「理想の見た目に近づける」着回しもきくワンピースの選び方,https://news.yahoo.co.jp/articles/d552a3a522242f201455b2670dc1a2d0e0d1a952,5/12(日) 21:04
gisele,GISELe,ベージュネイルならコレがいちばん「上品に色づくすっぴん風」育ちのいい色,https://news.yahoo.co.jp/articles/b1abc1ef395599a241fa9efea428e3b4990df725,5/12(日) 20:34
gisele,GISELe,お題は「全部ユニクロで」 人気スタイリストに聞いた「シンプルでもオシャレに見える」服とその使い方,https://news.yahoo.co.jp/articles/21439c030836b9acdceaab4d3185f83aa6228e2b,5/12(日) 20:04
gisele,GISELe,一番着回せるのは？「3通りの丈の白シャツ」着回しが長く続く「シンプル以上のシャツの選び方」,https://news.yahoo.co.jp/articles/118c5677ff3b2f6e6b9ec0d764ee232c0da689f2,5/12(日) 19:34
gisele,GISELe,「ラクに着られてキレイが増す」手抜きに見えない「Vネックの長そでTシャツ」,https://news.yahoo.co.jp/articles/30ceba2d85e992901b5ed2a12f96c31670c04091,5/12(日) 18:32
gisele,GISELe,贈っても喜ばれる「いい香り」 3つのメリットがあるハンドクリーム,https://news.yahoo.co.jp/articles/c62bfa9cf83619ba5ae95dd116460ef0d3063ab0,5/12(日) 13:07
gisele,GISELe,キレイな人はどこが違う？ 「デニムで普通だけど可愛い」コーディネートの作り方,https://news.yahoo.co.jp/articles/8fa21823c2532cc1897713ba8f887cefb2389bf7,5/11(土) 21:32
gisele,GISELe,最も使えるスニーカーは？ 「どこまでも履き回せる」飾りけのない2つの黒,https://news.yahoo.co.jp/articles/9b1e036b3f3d2c69582d1ee6b5e8ab38bff4458b,5/11(土) 21:04
gisele,GISELe,オシャレに見えても「生活感は見せない」センスのいい人の収納テクニック,https://news.yahoo.co.jp/articles/ad707a762f85c4bf35cbca0c9952346a2011f246,5/11(土) 20:34
gisele,GISELe,きちんとしてるのにゆるく穿ける「体つきまですらっと見せる」新感覚スラックス,https://news.yahoo.co.jp/articles/f410d91631142966c64ad637b03ff7a274be9982,5/11(土) 18:32
gisele,GISELe,ポイントは「入れる方向と順番」メイクのプロに聞いた「顔色が良く見える」チークとその使い方,https://news.yahoo.co.jp/articles/4d5cb8ae809f045af046d56e866645b15833ddcb,5/10(金) 21:32
gisele,GISELe,キーワードは「ラクしてキレイ」黒だけどかた苦しく見えない「ゆるさがちょうどいい服」,https://news.yahoo.co.jp/articles/45467c83d103e54c6510bfc8fef87c6307d43f2d,5/10(金) 21:04
gisele,GISELe,「コレは美味しい」スタイリストが何度もリピートする「贈っても喜ばれる」お取り寄せグルメ,https://news.yahoo.co.jp/articles/d570f4aadf1919ad1e81c3b3e227623b2eed16fb,5/10(金) 20:34
gisele,GISELe,「合わせやすくて歩きやすい」脚も短く見えない「稼働率の高い」ミュール,https://news.yahoo.co.jp/articles/0130d33868136abc64ad9e710a96156abd0b6198,5/10(金) 20:04
gisele,GISELe,ポイントは「素材」スタイリストが惹かれた「これなら長く着回せる」上質な長そでTシャツ,https://news.yahoo.co.jp/articles/b949b621b45786198091236b8ce8e6f5fbe575d7,5/10(金) 19:34
gisele,GISELe,1枚でも使えて「上にも下にも重ねやすい」ほぼ一年中着回せる黒のキャミワンピース,https://news.yahoo.co.jp/articles/80772eb3d0ef1deceb59db5030674a0394c2e06a,5/10(金) 18:32
gisele,GISELe,なぜいい？メイクのプロたちが「無印良品で買い続けている」納得の理由がある名品,https://news.yahoo.co.jp/articles/5bb3d5ad640cfebd2d54339f2aa797aa57edec95,5/9(木) 21:51
gisele,GISELe,「合わない服がほぼない」スタイリストも真っ先に買った「どこまでも着回せる」シャツブルゾン,https://news.yahoo.co.jp/articles/2f88bc07b622d9456ca57c1e0a5d4b265c2c86fc,5/9(木) 21:34
gisele,GISELe,「色づかいが上手に見える」シンプルな服にもなじみやすい「オシャレなスニーカーの使える色」,https://news.yahoo.co.jp/articles/965dba26febea78e963b3ed30f8356e39aea7453,5/9(木) 21:04
gisele,GISELe,メイクのプロたちが「ファンデをやめた化粧下地」 カバーはしっかり・厚塗り感のない名品,https://news.yahoo.co.jp/articles/dc940805d5f8f47be6de08df11485cb780571187,5/9(木) 20:37
gisele,GISELe,「生活感を見せない」センスのいい人の「部屋を広く見せる」シンプルな収納アイディア,https://news.yahoo.co.jp/articles/281e600d048f875a1c24d5aea39df1684656d6da,5/9(木) 20:04
gisele,GISELe,プロが今はじめている美容貯金は？「数年後の肌に自信が持てる」エイジングケアの名品,https://news.yahoo.co.jp/articles/c3418f7f20b638d9bf7f581815f5b15f366c1d57,5/9(木) 19:34
gisele,GISELe,「ヒップを上げて目立たせない」後ろ姿がキレイに見える「ワイドデニム」,https://news.yahoo.co.jp/articles/f21764463a541e39b86708aed0c77e65a369bec3,5/9(木) 18:32
gisele,GISELe,スタイリストがよく頼る「どんな服にも合わせやすい」使い回せる小物,https://news.yahoo.co.jp/articles/077fcc2d240c11f662c97358f055b60e91b301db,5/8(水) 21:54
gisele,GISELe,どれをとってもキレイな肌「なりたい肌で選ぶ」ファンデーションの新名品,https://news.yahoo.co.jp/articles/a3a034822511bdb510085ae4324f2fe56cfe2a50,5/8(水) 21:32
gisele,GISELe,スタイルアップに直結！「腰位置が高く・くびれが際立つ」美脚がつくれるパンツやスカート,https://news.yahoo.co.jp/articles/299ffcf57a37ca9f9a43ea501445b1c1b6c7eea5,5/8(水) 21:04
gisele,GISELe,人気ブランドどうし「ならでは」のメリットがある 「話題のコラボスニーカー」,https://news.yahoo.co.jp/articles/90d4f89630a7a0403fee87403a8860df6b6bc484,5/8(水) 20:34
gisele,GISELe,「Tシャツらしくない」長そでTシャツ 「肌あたりがいい・シワにならない」ブラウスのような白,https://news.yahoo.co.jp/articles/da9669438c275ca4d79e65624377ad0febdced63,5/8(水) 20:04
gisele,GISELe,「長続きする柄ワンピースの選び方」浮かれず大人っぽく着られる「甘くないヴィンテージ柄」,https://news.yahoo.co.jp/articles/38f847a27b7ae001e91aabdb07921df9b60ebf89,5/8(水) 19:34
gisele,GISELe,ブラウスのようにも「ワンピースのようにも着られる」ロング丈のパフスリーブシャツ,https://news.yahoo.co.jp/articles/636342b6e93a76e164c5a33091bed84823d41799,5/8(水) 18:32
gisele,GISELe,Tシャツよりも華やかで「Tシャツのように合わせやすい」シンプルなトップス,https://news.yahoo.co.jp/articles/cd46c19beb8e63e5985d76a043f780f180113036,5/7(火) 21:34
gisele,GISELe,合わない服がないから「長く着回せる」メンズ感なくキレイに着られる「上質な黒Tシャツ」,https://news.yahoo.co.jp/articles/c4594ac3d1e640347e898f340e75d0d395f3c577,5/7(火) 21:04
gisele,GISELe,カラーメイクに失敗しない「カラーメイクが上手くなる」美容のプロたちが使っている「とくにいい色」,https://news.yahoo.co.jp/articles/dd525399c3d8af2114569adfbf4012251916c4d4,5/7(火) 20:34
gisele,GISELe,「インナーならこれがいちばん」スタイリストに選ばれている「1枚で着ても体がキレイに見える」名品,https://news.yahoo.co.jp/articles/9e1c5ee3d772a40d69ef1722229166e1bd6be8ed,5/7(火) 20:04
gisele,GISELe,スタイリストがこだわる「ふつう以上に使えるふつうのシャツ」選び方のポイント,https://news.yahoo.co.jp/articles/97cbc4f5e6ca226db7e86ac1559062581a52b9b7,5/7(火) 19:34
gisele,GISELe,360°どこから見てもオシャレに見える「淡いブルーのデニムセット」,https://news.yahoo.co.jp/articles/c1fce81f90ca78c15853148ba43380bf2d566b66,5/7(火) 18:32
gisele,GISELe,太く見えないワイドパンツ「脚は長く細く見える」スタイルを気にしなくていいデザイン,https://news.yahoo.co.jp/articles/2ee77abab675778faabc12c19a5d6e714ac930ab,5/6(月) 21:34
gisele,GISELe,「チークならこれがいちばん」メイクのプロに選ばれている「肌もきれいに見える」名品,https://news.yahoo.co.jp/articles/bf29625e1c16628a9a00d7727eec805e070a3bf4,5/6(月) 21:04
gisele,GISELe,ポイントは「可愛いよりもキレイな甘さ」シンプルなトップスにぴったり似合う黒スカート,https://news.yahoo.co.jp/articles/f0e2474396e0acd0e9a390806076d945e6ea81d8,5/6(月) 20:34
gisele,GISELe,「とにかくいい」美容のプロたちの間でカブる率が高い「とくにいい」コスメ,https://news.yahoo.co.jp/articles/9cc4d04785d4a2afb89c5a51c5dcd86d88060737,5/6(月) 20:04
gisele,GISELe,底が厚いから「さらにいい」歩きやすく疲れにくい「キレイなボトムとよく似合う」ニュアンスカラーのスニーカー,https://news.yahoo.co.jp/articles/10e2cd781d61adaeb95cad7cb3fffb472e722d51,5/6(月) 19:34
gisele,GISELe,自然と体のラインがキレイに見える「オン・オフ問わない」ベージュジャケット,https://news.yahoo.co.jp/articles/67ee719328132c6a994635dfdef60edf41eacc9f,5/6(月) 18:32
gisele,GISELe,「香水らしくない」いい香り「何かいい匂いのする人」になれるフレグランス,https://news.yahoo.co.jp/articles/fa7917aa1be3199fe7c0cd56e1668159fc67eb6d,5/5(日) 21:54
gisele,GISELe,「変わった服は選ばない」人気スタイリストがユニクロで買った服,https://news.yahoo.co.jp/articles/3ffd94d882a555330a29ce494ddf6deaef699898,5/5(日) 21:34
gisele,GISELe,「いつもより肌がキレイに見える」美肌の美容通に聞いたコスメの「合わせ方」,https://news.yahoo.co.jp/articles/97af00d4f9653a72a40c97298403cf3022be235a,5/5(日) 21:04
gisele,GISELe,スタイリストが着回しで証言「合わない服がない秘密がある」ストライプのビッグシャツ,https://news.yahoo.co.jp/articles/a3a01db67847f40e47103bc60df1ce9b0ad399d6,5/5(日) 19:34
gisele,GISELe,「穿くだけですらりとした脚線を演出する」重たく見えない「黒のツイードスカート」,https://news.yahoo.co.jp/articles/8a3f86fe0de084fece1fede012f1274472979029,5/5(日) 18:32
gisele,GISELe,安くて「本当にいいコスメ」美容のプロが買い続けているコスパ最高の名品,https://news.yahoo.co.jp/articles/486e6c5b6282a498e5496331c677861680ae685c,5/4(土) 21:54
gisele,GISELe,最も使えるスニーカーは？ 人気スタイリストに聞いた「合わせる服を選ばない」2つの白,https://news.yahoo.co.jp/articles/4a4d488db4209e4b91d13df5197ed0ae21eaeca5,5/4(土) 21:32
gisele,GISELe,日焼け止めならコレがいちばん「肌にやさしい SPF50/PA++++」白くならない・ベタつかない名品,https://news.yahoo.co.jp/articles/16a7cbe321778d6c88a6b8c59b9538818861e9d4,5/4(土) 21:04
gisele,GISELe,「私はこれで解決しました」美容通たちの「白髪・薄毛・脱毛」 対策,https://news.yahoo.co.jp/articles/8a56968b1afe18836480a6b375470289d3c39d12,5/4(土) 20:34
gisele,GISELe,キレイな人は「色が違う」 シンプルなのに華がある「目立ちすぎずに目にとまる」アクセサリー,https://news.yahoo.co.jp/articles/bb7210776bf451255f6241669cf0e05272162ddc,5/4(土) 20:04
gisele,GISELe,「これなら何とでも合うから」スタイリストが手にとった「オン・オフ問わず長く使える」ベーシックなキレイめジャケット,https://news.yahoo.co.jp/articles/00bd5f247cdd0debeafcbcf48226b660f669c455,5/4(土) 19:34
gisele,GISELe,真っ白じゃないからメリットが多い「サーマル素材の白ワンピ」,https://news.yahoo.co.jp/articles/f00818469015f764709d5b1d2a773b1586f6ded1,5/4(土) 18:32
gisele,GISELe,一瞬で肌質を上げるフェイスパウダー 「しっとりするけどテカらない」粉っぽくもならない名品,https://news.yahoo.co.jp/articles/e4387e811c7e459c0757404628d066ab1f27f397,5/3(金) 21:54
gisele,GISELe,「とにかくいい」スタイリストがユニクロ・GUで買った「とくにいい服」と選び方,https://news.yahoo.co.jp/articles/3db5a36ac4408cfa8fc7daca532ced72fce39d31,5/3(金) 21:34
gisele,GISELe,「脚が短く見えない」フラットパンプスの選び方 「合わない服もほぼない」締まって見えるデザイン,https://news.yahoo.co.jp/articles/178c6814aac6d40e76b8807fe8abf66cedc8024b,5/3(金) 21:04
gisele,GISELe,着心地も最高！ シンプルなのに「1枚で絵になるシルエット」ドレスのようなカットソーワンピース,https://news.yahoo.co.jp/articles/c48859702813d40e33108b962b4a37a1736f871f,5/3(金) 20:34
gisele,GISELe,「つけていると褒められる」ふわっと広がる「いい匂い」のフレグランス,https://news.yahoo.co.jp/articles/11c3ddd8529fdc1b6bd73f703923f8ee4c31809e,5/3(金) 20:04
gisele,GISELe,体を華奢に・脚を長く見せてくれる「デニムの腰高ハーフパンツ」,https://news.yahoo.co.jp/articles/50e826579d445b3470dae3280b862b61372d4592,5/3(金) 18:32
gisele,GISELe,髪のプロたちが愛用する「美容室帰りの髪が続く」シャンプーの名品,https://news.yahoo.co.jp/articles/1cbb4a53fde90b28410bc9adae533e879bd5795d,5/2(木) 21:54
gisele,GISELe,「どう着てもスタイル良く見えるから」スタイル重視のスタイリストが真っ先に買ったパンツ,https://news.yahoo.co.jp/articles/74bc85a76329f3308ff47096508b5c8b8d465903,5/2(木) 21:34
gisele,GISELe,「シャツより甘く・ブラウスよりも甘くない」シンプルなボトムにぴったり似合う白シャツ,https://news.yahoo.co.jp/articles/ec917e7cb5a62ae12720c5923237b2e71d739529,5/2(木) 20:47
gisele,GISELe,体を覆う涼しい羽織り 「体を真っすぐキレイに見せる」2通りの着方ができるワンピース,https://news.yahoo.co.jp/articles/216a9edef3eb37e48234049dec515b929206b589,5/2(木) 20:34
gisele,GISELe,「これに勝るものがないから」メイクのプロがずっと使っている「代えがきかない黒マスカラ・ライナー」,https://news.yahoo.co.jp/articles/d130ef7541ea67de0124faf5573e34806fc9e2ff,5/2(木) 20:04
gisele,GISELe,ラフなデニムも見違える「シンプルなのにオシャレに見える」地味に見えないデザイントップス,https://news.yahoo.co.jp/articles/4545bd90d8f6641a0bf2bfae2082fd007064a1fe,5/2(木) 19:34
gisele,GISELe,カジュアルなプリントTもキレイに見える「真っ白のレーススカート」,https://news.yahoo.co.jp/articles/860c65b447208c964aceb110940aecf0ce926a80,5/2(木) 18:32
gisele,GISELe,「色もシルエットも最優秀」 スタイリストが買いかえた「スタイルUPに直結する」デニムパンツ,https://news.yahoo.co.jp/articles/e01c5b98422a1f1936d502559f045b9612449f0d,5/1(水) 21:54
gisele,GISELe,「トップスとしても着られるから」 スタイリストがよく着る「見せても可愛いインナー」,https://news.yahoo.co.jp/articles/fb18df9d450bf16d61d9b511c9df486943ccdbb7,5/1(水) 21:34
gisele,GISELe,センスのいい人のお部屋拝見！「生活感を見せない」部屋を広く見せるシンプルな収納アイディア,https://news.yahoo.co.jp/articles/c67b4f698c05767672baf940663f653e63b8d1e3,5/1(水) 20:34
gisele,GISELe,白のビッグシャツで「オシャレが上手くなる」 人気スタイリストがよく使う簡単テクニック,https://news.yahoo.co.jp/articles/c265c1ac907b8048a39c2ad0e87147ab50de3f59,5/1(水) 20:04
gisele,GISELe,もうコスメのカバー力を気にせず済む「もとからカバーする必要のない肌へ」毛穴レススキンケアの優秀作,https://news.yahoo.co.jp/articles/9601a8c23ab4ee6ec916af05216a1d41ff7719ea,5/1(水) 19:34
gisele,GISELe,着るだけで華奢に見える「ブラウスのようなナイロンジャケット」,https://news.yahoo.co.jp/articles/3ac8041f1f7e0aae2f1b13a509529360f6bb7f8c,5/1(水) 18:32
gisele,GISELe,派手じゃないのに華がある「キラキラコスメの重ね方」色に頼らず大人っぽい「どこにでも行ける」メイクアップ,https://news.yahoo.co.jp/articles/10efe29da21da997250da0c51d79bd8158f16a01,4/30(火) 21:34
gisele,GISELe,「キレイに見えて着回せる」スタイリストが迷わず買った「理想どおりのスウェット」,https://news.yahoo.co.jp/articles/b36987e143c6e1cdf68c19ca7a9b761704a606e7,4/30(火) 20:34
gisele,GISELe,ロンTでラクしたい日にちょうどいい「華やかさを浮かずに足せる」ニット素材のパンツやスカート,https://news.yahoo.co.jp/articles/69aaaca609f5d0390c4e403e07e4f7464bbab7cd,4/30(火) 19:34
gisele,GISELe,「涼しく・ラクで・着やせする」かっちりしすぎない「リネンのボリュームブラウス」,https://news.yahoo.co.jp/articles/73cc94d7b6a6de0be593ae849f33397ed0f995fc,4/30(火) 18:32
gisele,GISELe,新注目のデニムは「Vシルエット」気になる部分が「大きく太く見えない」脚を長く見せるデザイン,https://news.yahoo.co.jp/articles/f9bb9a504e5691bdc2e0222e92edde3f3c924ee2,4/29(月) 21:54
gisele,GISELe,スタイリストが重宝する夏の長そで 「薄くて軽くパリッとしてない」着心地のいいハイネック,https://news.yahoo.co.jp/articles/1406e2e93d8b5acadfb4342f41931deaf91b007c,4/29(月) 21:34
gisele,GISELe,変えるとうまくいった「通わなくても・使わなくても良くなった」コスメ,https://news.yahoo.co.jp/articles/07ad0033761b413c39de761dc005e8343c5c213a,4/29(月) 20:34
gisele,GISELe,「低価格なのに高成分」美容のプロが使い続けている「美肌・ツヤ髪に欠かせない」コスメ,https://news.yahoo.co.jp/articles/2aa52a35acda67b62329551c50b499bf69d0b4c5,4/29(月) 20:04
gisele,GISELe,白の白さを保つ・取り戻すために「洗濯でやらない方がいい」やりがちなこと,https://news.yahoo.co.jp/articles/f009093543fead7379723ac89e49b979170b0b4e,4/29(月) 19:37
gisele,GISELe,ピンクと白を大人っぽく着る方法「なるべくさらっとIライン」,https://news.yahoo.co.jp/articles/71ae42a53bb02579a7d5c91dda9915642e48e5fd,4/29(月) 18:32
gisele,GISELe,1枚でスタイル良く見える「華奢さがきわ立つ」 計算高いデザインのワンピース,https://news.yahoo.co.jp/articles/5bd70eeee3a33d33edc818b9f499aac2bd4193de,4/28(日) 21:54
gisele,GISELe,「どんな服も小物も合わせやすい」メリットが多いワンピースの選び方,https://news.yahoo.co.jp/articles/5a3eea3aa0e4c5582c44eea5ea60ec135c31fba1,4/28(日) 21:34
gisele,GISELe,美肌の人ほど「やめられない理由がある」確かな効果を実感できたコスメ,https://news.yahoo.co.jp/articles/33ee63fa5d77fa7159ec178ee86a322c26a2bd1d,4/28(日) 21:17
gisele,GISELe,どう着回しても可愛くなる「どこまでも着回せる」白シャツの選び方,https://news.yahoo.co.jp/articles/87348406369be233a8d0d9e4bf87b06e4d0c9a2b,4/28(日) 21:04
gisele,GISELe,メイクのプロに聞いた「カラーメイクが上手くなるコスメ」 失敗しない「ほんのり色づくとくにいい色」,https://news.yahoo.co.jp/articles/3d96ffb5b14b46364d115debaa0335cc60f6006b,4/28(日) 20:34
gisele,GISELe,「ベージュの中でもとくにいい」スタイリストが自信をもって選ぶ「合わせる服も色も選ばない色み」,https://news.yahoo.co.jp/articles/45274c9d5ce341372b79166319b3b8d788fb5b1e,4/28(日) 19:34
gisele,GISELe,スタイルをぼかしてよく見せる「シアー素材のワンピース」,https://news.yahoo.co.jp/articles/352fef7afe65e29e358df3626d87ae9949761a01,4/28(日) 18:32
gisele,GISELe,メイクのプロが使っている「ブラウンメイクが上手くなる」コスメとその使い方,https://news.yahoo.co.jp/articles/92860c1a8087a1a52cf8dd45e8b082a93da14292,4/27(土) 21:34
gisele,GISELe,探してたのはこんなスカート 「スタイルよく見えるから着回せる」4つのタイプ,https://news.yahoo.co.jp/articles/1eca0a0b59ab4a20459bd243ec8f55d363930f88,4/27(土) 21:07
gisele,GISELe,センスのいい人のお部屋拝見！ 「見せたくなる」シンプルなインテリアの実例集,https://news.yahoo.co.jp/articles/2e1def3fbbd20651fce5c90ec4c3dbd6faf6d07c,4/27(土) 20:37
gisele,GISELe,2人のスタイリストがそろって指名した「探しても中々ない1本がある」注目のデニムブランド,https://news.yahoo.co.jp/articles/1e64aa9c1b5ba761955ad7e2d80fa507b2b82869,4/27(土) 19:34
gisele,GISELe,定番カジュアルでオシャレに夏を先どり「ボーダートップスとヘアアクセ」,https://news.yahoo.co.jp/articles/c702dd0eb1631661895e2693a70d0f98af138cae,4/27(土) 18:32
gisele,GISELe,「着やせしながらスタイルアップ」シンプルでも着映えするトップスの選び方,https://news.yahoo.co.jp/articles/097c213bf02e97037dfc1dd851a410863f9e6bf9,4/26(金) 21:34
gisele,GISELe,メイクのプロが「毛穴を隠すとき」に使っているコスメ,https://news.yahoo.co.jp/articles/a43bcf241e34a1f9a372d080266ab00d02f893ce,4/26(金) 21:04
gisele,GISELe,薄い・まばら・消える…メイクのプロたち自身の「眉毛コンプレックス」も解決したコスメ,https://news.yahoo.co.jp/articles/17cddc3ca2794550cd3a449877d3305414ff9a0d,4/26(金) 20:34
gisele,GISELe,スタイリストに聞いた「カジュアルにもキレイにも着られる」ボーダー柄の選び方,https://news.yahoo.co.jp/articles/c94ac0bfa73ef8eea2f51ac2355f310be191d005,4/26(金) 19:34
gisele,GISELe,【明日なに着る？】気になる部分が気にならない「すらっと細く見える美脚パンツ」,https://news.yahoo.co.jp/articles/e26aad317dc427db492a18a26cfb28bf5f268605,4/26(金) 18:32
gisele,GISELe,ポイントは「肌の出方」スタイリストに聞いた「黒でも重く見えない」シンプルだけどキレイになれるワンピース,https://news.yahoo.co.jp/articles/d03fddaf0a53d309b1364d27e612885ed1a061f2,4/25(木) 21:34
gisele,GISELe,「目力が簡単に上がる」メイクのプロたちに聞いた「目力を上げるとき」使っているマスカラ,https://news.yahoo.co.jp/articles/05b1fd139c6d4aba6fa71a65dcaffa05396dc02c,4/25(木) 21:04
gisele,GISELe,秘訣は「かわいいよりもカッコよく」甘くなりすぎずオシャレに見える「ピンクの上手な使い方」,https://news.yahoo.co.jp/articles/d3baac303c0b0e997ba03d303b3e8c1341b911e3,4/25(木) 20:34
gisele,GISELe,正解は？ 香水のプロたちがしない「やりがちなつけ方」,https://news.yahoo.co.jp/articles/b063a4e1cc376421456f6e8e4b0c4559cad37e1a,4/25(木) 20:17
gisele,GISELe,「スラックスのようにも着回せます」スタイリストが自信をもって選んだ「ラクなのに品もいい」ベージュのスウェットパンツ,https://news.yahoo.co.jp/articles/5bc6c5d43f51b19a2518ae786cac254952471755,4/25(木) 19:32
gisele,GISELe,上も下も短いからさまになる「ナイロン素材のセットアップ」,https://news.yahoo.co.jp/articles/93ab9f4ad72aebac646a5c493138c912c6638f7c,4/25(木) 18:32
gisele,GISELe,なぜそれを？ 人気スタイリストが買い「変えた」デニムのシルエット,https://news.yahoo.co.jp/articles/e34cc10883cd7e09ac6210622aed315978acb233,4/24(水) 21:34
gisele,GISELe,普通のシャツよりもメリットが多い「着るだけでスタイル良く見える」デザインシャツ,https://news.yahoo.co.jp/articles/10eea261855b6cc87fd74d846d38915e111e424e,4/24(水) 21:04
gisele,GISELe,着映えする「浮いて見えない華やぐ色」 スタイル良く見えるカラースカート,https://news.yahoo.co.jp/articles/359b98c97c616aa939781fe7360b6328827a12f4,4/24(水) 20:47
gisele,GISELe,シンプルだけど着映えする「おまけに似合う服も多い」ほぼ1年中着回せる「キャミワンピース」,https://news.yahoo.co.jp/articles/b0af564cfa6d0b8d7ee9fc1dd84234e17d1a3050,4/24(水) 20:34
gisele,GISELe,欲しいのは真っ白よりも「清潔感のある白肌」素肌っぽいけど「素肌よりキメが整う」透明感ファンデ,https://news.yahoo.co.jp/articles/b041e0ad78cf25f2dd850acfd0750877d93c29f7,4/24(水) 19:34
gisele,GISELe,デニムをキレイにドレスアップ「夏まで使えるシアーブルゾン」,https://news.yahoo.co.jp/articles/7a1a396047b1bd66bf81b7205af98fffadc59e57,4/24(水) 18:32
gisele,GISELe,ベーシックな色だけでオシャレが華やぐ「素材がちょうどいい」シンプルなスカート,https://news.yahoo.co.jp/articles/0e1a84304d0b5418a31e989ec81b50eeafeef2b0,4/23(火) 21:34
gisele,GISELe,スタイル重視のスタイリストが「買ってよかった」スタイル良く見えるスカートのようなパンツ,https://news.yahoo.co.jp/articles/14992b67d4bed8e3779afde15288c167865e236e,4/23(火) 21:04
gisele,GISELe,コーディネートを考えなくても上手くいく 「1つでバランスが整う」気楽に着られてキレイに見えるジャケット,https://news.yahoo.co.jp/articles/d30fd0ff33d7690192f0eda3e53cd35916710933,4/23(火) 20:34
gisele,GISELe,持ち歩きたくなるほど可愛いビジュアル「おまけに使用感も申し分なし！」満足度の高い新作コスメ,https://news.yahoo.co.jp/articles/b4e024ef7b3283990ebebe94d59d3a8e43ad26c2,4/23(火) 19:34
gisele,GISELe,スキニーが苦手な人も穿きやすい「しゃがめる美脚デニム」,https://news.yahoo.co.jp/articles/6b34defe283aeb30eed92dc7f2dff90fa0eae620,4/23(火) 18:32
gisele,GISELe,羽織っても1枚で着ても「どんな靴も合わせやすい」メリットが多いシャツワンピースの選び方,https://news.yahoo.co.jp/articles/0d0844a010d0bb1d35ccd46a9d70470a06c072ed,4/22(月) 21:34
gisele,GISELe,「ぷるぷるの唇になれるから」メイクのプロたちが使い続けている「ほかとは違う」美容成分たっぷりのリップ,https://news.yahoo.co.jp/articles/2ea501d8cc3624def004e7837ec1ed6efd2c25bd,4/22(月) 20:34
gisele,GISELe,スタイリスト7人がよく頼る「どんな服にも使い回せる」定番小物,https://news.yahoo.co.jp/articles/a40a610337af5c7b5537b65c7f8e1321d121ddcb,4/22(月) 19:34
gisele,GISELe,「可愛いというよりカッコいい」スタイリングの幅が広がる「辛口に着られるフリルブラウス」,https://news.yahoo.co.jp/articles/581551c0f922bbed8b17a05c21ecbb83d7de2f34,4/22(月) 18:32
gisele,GISELe,「見た目以上に合わせやすい！」キレイな色や凝った柄も派手に見えない「半そで＋短丈」ニット,https://news.yahoo.co.jp/articles/b3edeeaa529e2e954640a68dd1252e1a6b66fecb,4/21(日) 21:34
gisele,GISELe,「ラクに穿けるのにスタイル良く見えるから」スタイリストが買いかえた新しいデニムパンツ,https://news.yahoo.co.jp/articles/24ebe0442c08c1b1ec902f541569b947e34d3235,4/21(日) 21:04
gisele,GISELe,「ベーシックカラー全般に似合う」カラースカート 「浮かない・派手に見えない・スタイルアップできる」シルエット,https://news.yahoo.co.jp/articles/3ebf4908a9ffa6713b13b800fac5b6dc8bc05788,4/21(日) 20:34
gisele,GISELe,「むしろ夕方のほうがきれいな肌になれる」名作ファンデーション,https://news.yahoo.co.jp/articles/1590f0fd52080deb71c68a5a4f35efba962872e4,4/21(日) 19:34
gisele,GISELe,甘い色を甘く着ない「パステルピンクのオーバーシャツ」,https://news.yahoo.co.jp/articles/17cd4a928c6760e51e1453fe4bc72aac825a282f,4/21(日) 18:32
gisele,GISELe,無印良品で「買ってよかった」 目利きのプロたちに聞いた「使い方で分かる」納得の理由,https://news.yahoo.co.jp/articles/cc0705e9e4a641954955dc6ea588b5adb4958c40,4/20(土) 21:47
gisele,GISELe,柄づかいが上手くなる秘訣は？「色というよりトーンをそろえる」失敗しない組み合わせ,https://news.yahoo.co.jp/articles/ba7b3499545da47cb2203eef3ee68c01a12096b4,4/20(土) 21:34
gisele,GISELe,「体温で香りが広がる」脳波解析に基ずいて調合された人気のフレグランス,https://news.yahoo.co.jp/articles/324ac80a64fb9acbb40e8bdd6e4b84b77b7aaaef,4/20(土) 21:17
gisele,GISELe,スタイリストも思わず買った「シンプルなのに凝って見える」どこまでも着回せるワンピース,https://news.yahoo.co.jp/articles/e9b1d41883dcfa00254b1dead61e3900648e19d6,4/20(土) 21:04
gisele,GISELe,「夕方に顔色がくすまなくなった」いつ見てもキレイな肌の美容通が明かす「ツヤ足しスキンケア」,https://news.yahoo.co.jp/articles/40ed363a9e1336c0968430aa864cae0071842ee7,4/20(土) 20:34
gisele,GISELe,可愛いけれど「甘すぎない」Tシャツ感覚で合わせられる「ブラウスのような」トップス,https://news.yahoo.co.jp/articles/a092fcf8565f2a63377222ef05a633000bd5d309,4/20(土) 19:34
gisele,GISELe,Gジャンなのにハードに見えない「丸いフォルムの短丈デニムジャケット」,https://news.yahoo.co.jp/articles/ceefd40ef7a15145a1fd87ed9b87296cc94999f6,4/20(土) 18:32
gisele,GISELe,新しくなった「春のキーカラー」服はシンプルのままでいい「シンプル以上の配色マニュアル」,https://news.yahoo.co.jp/articles/487550f4794f09c3224b38abc8f44d4bd558e0cb,4/19(金) 21:34
gisele,GISELe,「乱れてもハネない」髪がキレイにまとまる「つけてない風」ヘアスタイリングアイテム,https://news.yahoo.co.jp/articles/c4eeddc5790d6880462a6d5d3bd7af68ac70f839,4/19(金) 21:18
gisele,GISELe,1つだけ選ぶなら？ 人気スタイリストたちに聞いた「体をキレイに見せる」理想の黒ボトム,https://news.yahoo.co.jp/articles/e2e0b478aec5d7350d9d67d07a402142f637e51d,4/19(金) 21:04
gisele,GISELe,"高くていいより「安くていい」上質なのに10,000円以下の長く履き回せるローファー",https://news.yahoo.co.jp/articles/f414a9b5fe929822aa45e55c9547213cf66b5f6c,4/19(金) 20:34
gisele,GISELe,「素足にサンダル」でも大人っぽく見える「春ネイルの正解カラー」,https://news.yahoo.co.jp/articles/6825dd630a3e9cf12307667a3fca109b5f7fce12,4/19(金) 19:32
gisele,GISELe,アウトドア感なく大人っぽい「チャンピオンのショートパンツ」,https://news.yahoo.co.jp/articles/1cc082cf40200125146096ade297b4e158ba3d5f,4/19(金) 18:32
gisele,GISELe,かかとがなくても「かかとが浮かない」ローファーのようなサンダル,https://news.yahoo.co.jp/articles/ab152f73203077f1f0b8ecd9609462cdb3b9299f,4/18(木) 21:34
gisele,GISELe,使いやすいだけじゃない「使うとよく褒められる」実績のあるカラーコスメ,https://news.yahoo.co.jp/articles/9728f24bfef4b37b07b37c57827c152af186c94a,4/18(木) 21:17
gisele,GISELe,疲れない・チクチクしない・スタイルを拾わない「着ていて気持ちがいい」春のニットワンピースの選び方,https://news.yahoo.co.jp/articles/7d259d3ab81f14d04f512649042c0ac0ca73e24c,4/18(木) 21:04
gisele,GISELe,「ツヤ肌メイクの秘訣は夜」美肌のコスメ通が「時間差で使い分ける」クリーム,https://news.yahoo.co.jp/articles/ccc961603163a3c1166bf38126a768516525ef40,4/18(木) 20:34
gisele,GISELe,なに着よう？「よくある悩み別」トップス選びに困らなくなる「仕事ができる」トップス,https://news.yahoo.co.jp/articles/78c222a8a1028efaff4717444e3fd42b158a7c39,4/18(木) 19:32
gisele,GISELe,シャツのようにキレイに着られる「上質な白ロンT」,https://news.yahoo.co.jp/articles/7d3a1dc3944bcc7471f0cd3a828248903fde22e7,4/18(木) 18:32
gisele,GISELe,人気スタイリストに聞いた「どう着ても違和感のない」夏の長そでTシャツの選び方,https://news.yahoo.co.jp/articles/d68feb5d2e7551ef3cad4f89d37b46073d37378d,4/17(水) 21:34
gisele,GISELe,黒なら・色なら・キープ力なら？ メイクのプロが選ぶ分野別NO.1「とにかく」マスカラ,https://news.yahoo.co.jp/articles/4a45fb2efed9656bb4f4078da1ba603be1ae04fc,4/17(水) 21:17
gisele,GISELe,「とにかくいい」美容のプロたちの間でカブる率が高い「とくにいい」コスメ,https://news.yahoo.co.jp/articles/2c1af2a78bd55fafec6db22dc04f182d5f11a732,4/17(水) 21:04
gisele,GISELe,なぜ？「スタイリストがシューズ探しから始める」アイテム選びに役立つ「納得の理由」,https://news.yahoo.co.jp/articles/2dab3097590acf1b1c8db66c947fcf8ad852aadc,4/17(水) 20:32
gisele,GISELe,「ジャケットスタイルも気楽に着られる」寒さにしばられない「春のニット＋デニム」,https://news.yahoo.co.jp/articles/c394474c9102635d911114211e3b6d87ac578347,4/17(水) 18:32
gisele,GISELe,普段づかいしやすくなった「ジャケット」キレイに見えて着回しも利く「新感覚のデザイン」,https://news.yahoo.co.jp/articles/29c8eed51473656543609132de7f77bd620a32f0,4/16(火) 21:32
gisele,GISELe,細身なのに脚にまとわりつかない「脚がまっすぐ長く見える」スカート選びのポイント,https://news.yahoo.co.jp/articles/605f24de9f598ad623d754dc1bfa8dc3bb42bce9,4/16(火) 20:32
gisele,GISELe,「パリジェンヌのようにキレイな人」が選んでいる「赤リップの共通点」,https://news.yahoo.co.jp/articles/69f266474505dd9c97d07e5b944b53f6856cf18f,4/16(火) 19:32
gisele,GISELe,「理由はあえてきちんと着ないから」キレイな色でもとり入れやすい「クラシックなカラーシャツ」,https://news.yahoo.co.jp/articles/243961681b622a6f2d3192c20026f102db04d437,4/16(火) 18:32
gisele,GISELe,「オシャレな人は赤が上手い」シンプルな服にぴったり似合う「シンプルな赤の使い方」,https://news.yahoo.co.jp/articles/c36bcc9500a2b02e02302424dc9ebc01c8534c22,4/15(月) 20:34
gisele,GISELe,透けない・おかたくない・太く見えない「不満が出ない」白ワンピースの名品,https://news.yahoo.co.jp/articles/90e18c3c8f3b82d1b2be392e69d9fa0364baca96,4/15(月) 19:32
gisele,GISELe,ヒールに頼らずスタイルUP「くびれが際立つワイドパンツ」,https://news.yahoo.co.jp/articles/41bfb59bdebb6341c8d47017c302602f0b450bb8,4/15(月) 18:32
gisele,GISELe,人気スタイリストに聞いた「キレイ色の服を上手に着る」失敗しないテクニック,https://news.yahoo.co.jp/articles/e9c3af47d927caf2f09b681334dbd80dd6ea90db,4/14(日) 21:32
gisele,GISELe,ふわっと香る「何かいい匂いがする人」が選んでいるフレグランス,https://news.yahoo.co.jp/articles/e96079f913feef3c5570db781395547498f76011,4/14(日) 21:04
gisele,GISELe,アイシャドウなしで目力アップ「やめるとメイクがうまくいった」メイクのプロたちがしないこと,https://news.yahoo.co.jp/articles/931751d8c432176772d83d7744fa842c7237e43c,4/14(日) 20:47
gisele,GISELe,シンプルに使える「シンプルじゃないデニム」ふつうのトップスもオシャレに変わる「選び方とコーディネート」,https://news.yahoo.co.jp/articles/ec2c09912567866b756ff20864a6ee03d3a15b9f,4/14(日) 20:32
gisele,GISELe,「意地でも化粧をくずしたくない」プロのヘアメイクがハードスケジュールの日に使う「鉄壁の3点セット」,https://news.yahoo.co.jp/articles/3b947c1cba628defb225b10d41fcb27c3c487260,4/14(日) 19:32
gisele,GISELe,「シンプルなデニムが今っぽく上品に」ウールやコットンにはないメリットがある「チュール素材の黒ジャケット」,https://news.yahoo.co.jp/articles/447b03a6d8f5e2dd87ea3fc7b6ef54da8b3283dc,4/14(日) 18:32
gisele,GISELe,3つ「それぞれにいいところがある」着回せる・着くずせるセットアップの名品,https://news.yahoo.co.jp/articles/01702535fc851459e8cec8b6623db7e83f069750,4/13(土) 21:34
gisele,GISELe,「毛穴カバーならコレがいちばん」美容のプロたちに聞いた「肌の欠点に目がいかない」欠点のないコスメ,https://news.yahoo.co.jp/articles/2d640cca8741e0bf25ca1f10921c669ff9a304a4,4/13(土) 21:07
gisele,GISELe,ラクしたい日に都合がいい「手抜きができる」シャツワンピースの選び方,https://news.yahoo.co.jp/articles/9bc07ad692b8753f1a13ec1a7871734c18097131,4/13(土) 20:34
gisele,GISELe,この下地さえあれば「ファンデは薄塗りでいい」 美肌の美容通が使っている「ベースメイクのセット」,https://news.yahoo.co.jp/articles/a53a340e5671a12fc1d3266a5e119f3380621d6f,4/13(土) 19:34
gisele,GISELe,1本目の白パンツに迷ったら？「MHL.の脚が細く見えるチノパンツ」,https://news.yahoo.co.jp/articles/87ad0c84a98bc4948f76b42e43203a1e7c602e88,4/13(土) 18:32
gisele,GISELe,着るだけでスタイルUP「きゃしゃさがきわ立つ」ワンピースを選ぶ秘訣,https://news.yahoo.co.jp/articles/258646a931db85bcd5a6b493b6af1d2b2af5cbbd,4/12(金) 21:34
gisele,GISELe,「ベースメイク時のポロポロ、モロモロがなくなった」コスメのプロが実際にとり入れている「メイク直前のスキンケア」,https://news.yahoo.co.jp/articles/5ae9aeac732703b0519912fd67797fa79c8ed1d2,4/12(金) 21:04
gisele,GISELe,ミュールは「かわいい方がいい」理由　脚も短く見えない選び方のポイントは？,https://news.yahoo.co.jp/articles/cdf29db94309199b164d25c5ab672ba048e2614c,4/12(金) 20:34
gisele,GISELe,キレイな人はココが違う 「目立たないけど目にとまる」シンプルなのに華があるアクセサリー,https://news.yahoo.co.jp/articles/6dd94409df8d13d30ca7c807425c2b4a57a1169d,4/12(金) 20:04
gisele,GISELe,色づかいはシンプルに「明暗を分ける」ブラウンをオシャレに着る方法,https://news.yahoo.co.jp/articles/3dfb002029ccefe6049737ebffd7c9c63601732d,4/12(金) 19:34
gisele,GISELe,黒1色でも重く見えない「しっとりした黒とかわいた黒」,https://news.yahoo.co.jp/articles/b7fa70dde142dc6a60f599125d9e4892f55a8a77,4/12(金) 18:32
gisele,GISELe,春のジャケットは「カジュアルでいい」大きく変わった「これからの狙い目」,https://news.yahoo.co.jp/articles/989c452a03f37bd0b3d6bc9d83cc3ccc6588c33b,4/11(木) 21:34
gisele,GISELe,カラーメイクが上手くなる「とくにいい色」発売前から人気の限定コスメ,https://news.yahoo.co.jp/articles/4f29c5d495f28e48fc2db58e4f686e2d67a1bd55,4/11(木) 21:04
gisele,GISELe,脚を「自然にできるだけ長く見せる」トップスの選び方,https://news.yahoo.co.jp/articles/4782d0dc08cabcd3d22701dd3c9df3a1bff42540,4/11(木) 20:34
gisele,GISELe,目元の悩みを明日解決！ 美容のプロたちも感動した「クマ消しコンシーラー」,https://news.yahoo.co.jp/articles/a14e28270250679f591f312b4668bc7e590a14a2,4/11(木) 20:04
gisele,GISELe,投資する価値アリ！「肌の景気がよくなる」確かな実力をもった「MVPスキンケア」,https://news.yahoo.co.jp/articles/b1d15420d76ca211dfe8a3df6ec7f99f115184e5,4/11(木) 19:32
gisele,GISELe,インディゴのデニムをクラスアップ「ブラウンのベルト・ローファー・バッグ」,https://news.yahoo.co.jp/articles/cc2e44e68d8347bc2785b1abbb6873fd5c22633d,4/11(木) 18:32
gisele,GISELe,どこまでも着回せる「2通りの使い方ができる」新しいワンピースの選び方,https://news.yahoo.co.jp/articles/97e6ed862f887c35906a5937abdca347ce4f84cb,4/10(水) 21:34
gisele,GISELe,「むしろファンデよりいい」美容のプロに選ばれている「肌質が上がる」化粧下地,https://news.yahoo.co.jp/articles/88006bb8927077d407645b21198bc8cafc2a9cd1,4/10(水) 21:17
gisele,GISELe,失敗しないバッグ選びのコツは？ 人気スタイリストがワードローブにそろえる「6つの種類」,https://news.yahoo.co.jp/articles/9ff591c8967f8fb777bb85f9fd989002c213a7ff,4/10(水) 21:07
gisele,GISELe,「ぜひやめてみてください」香水のプロが教える「やらない方がいい」やりがちなつけ方,https://news.yahoo.co.jp/articles/12968775d57a609e54f8cdaa09c0572d8e0441dc,4/10(水) 20:41
gisele,GISELe,注目は？デニムをオシャレに格上げする「透ける素材」,https://news.yahoo.co.jp/articles/674d0e5f73ec37dd4856f7933f5c72b5a3a5ad97,4/10(水) 20:34
gisele,GISELe,お題は「白と黒以外の色」着こなしの幅がぐっと広がる「カラーアイテムの選び方と合わせ方」,https://news.yahoo.co.jp/articles/2c8fdf3ac6a8441d20351bd361e59102df4611dd,4/10(水) 19:32
gisele,GISELe,腰位置高め・ひざ上丈・幅広め「細見えするハーフパンツ」,https://news.yahoo.co.jp/articles/a638da8248ab7f39b9502a23064493bdf647023b,4/10(水) 18:32
gisele,GISELe,どう変わる？ ニットの新傾向は「キレイになれる」ニットらしくないニット,https://news.yahoo.co.jp/articles/1e1001b1df3d3eb9addb216c324932970a8c3165,4/9(火) 21:31
gisele,GISELe,近くで見られても「フラットな潤い肌」高成分なのに低価格なベースメイクの新名品,https://news.yahoo.co.jp/articles/29bb176b75b562dec78c7ddcb204923f33d1bc92,4/9(火) 21:04
gisele,GISELe,合わせやすくて歩きやすい「かかとも浮かない」ショートブーツ「のようなミュール」,https://news.yahoo.co.jp/articles/19d35fbeaffa07937a6327ca19824adcc1be3e1d,4/9(火) 20:34
gisele,GISELe,手抜きをしてもキレイに見える「真っ白じゃない白」は？大人っぽく仕上がるアイテム選びの秘訣,https://news.yahoo.co.jp/articles/097ea9159dfc8adfa15b36cc14e5e9e26f509d9e,4/9(火) 19:32
gisele,GISELe,「ラフなロンTをドレスアップ」なじみやすく手抜きに見えない「ベージュ感覚のゴールドスカート」,https://news.yahoo.co.jp/articles/b4a8d8faf8251b286dbd5d678f77b5a0b3c2a72c,4/9(火) 18:32
gisele,GISELe,ワンピースよりもメリットが多い「ワンピースのようにも着られる」アウター,https://news.yahoo.co.jp/articles/19b570c01b9b0c68c5dc2d779a1609318eee36af,4/8(月) 21:34
gisele,GISELe,安くて本当にいいから「これだけは手放せない」美容のプロが買い続けているコスメ,https://news.yahoo.co.jp/articles/914d18b1d213cb619724300e571699521a84dcc5,4/8(月) 21:17
gisele,GISELe,「これに勝るものがないから」 メイクのプロたちの心をつかんだ信頼のおける名品,https://news.yahoo.co.jp/articles/186501e249ff38dee5fd7591e5d763c3d8ac738e,4/8(月) 20:47
gisele,GISELe,黒・白・グリーンのいいとこどり！「注目の色・万能カーキ」キレイにもカジュアルにも使える「対応力の高さを検証」,https://news.yahoo.co.jp/articles/0e0d6968fc3692f5c6257eee0d15a9e7b8e6cc80,4/8(月) 20:32
gisele,GISELe,スタイル良く見えるデニムパンツ「腰もヒザも上がって見える」絶妙シルエットの名品,https://news.yahoo.co.jp/articles/6c012b4d806cfbe35d7935e2cfa4d9d733df30fd,4/8(月) 20:04
gisele,GISELe,消す・隠すだけじゃない「顔がパッっと明るくなる」美容通がやっている「コンシーラーのW使い」,https://news.yahoo.co.jp/articles/0b5148a0fd47a0fc597ea574cb5e5fee63604a07,4/8(月) 19:34
gisele,GISELe,失敗しないボーダーは？「半そでニットで幅狭め」,https://news.yahoo.co.jp/articles/1346c70146effe16f6b1987f42fb84a7262c9a07,4/8(月) 18:32
gisele,GISELe,ボトムはゆるめで楽がいいから「合わせるだけでスタイルよく見える」トップスの新傾向,https://news.yahoo.co.jp/articles/21ef296770c487fe1d54bcb69587d05c7bc6d350,4/7(日) 21:34
gisele,GISELe,センスのいい人のお部屋拝見！ 「見せたくなる」シンプルなインテリア,https://news.yahoo.co.jp/articles/f04850b11b2a9b3b9e4ae00240c1d1b1c2f09bbf,4/7(日) 21:17
gisele,GISELe,「私はこれで解決しました」 美肌の人ほど「やめられない理由がある」コスメの名品,https://news.yahoo.co.jp/articles/da95eb6b5bced80fef074b88c85a3e4188fc13b9,4/7(日) 21:04
gisele,GISELe,人気スタイリストたちの「こんなときに贈ると必ず喜ばれる」鉄板ギフト,https://news.yahoo.co.jp/articles/924d33c83fc61b0fdd3ba63a5a43bddb20c1dcf5,4/7(日) 20:34
gisele,GISELe,よく穿くデニムに起きてる変化とは？探しても中々なかった「デニムでこういう形やデザイン」,https://news.yahoo.co.jp/articles/9bc0af6e9803969c588274a67541deeaf067a729,4/7(日) 19:34
gisele,GISELe,オフィスシーンでもスタイルアップ「なんにでも合うから長く使える」グレーの美脚パンツ,https://news.yahoo.co.jp/articles/e94c34128ce69282472ed08106465c399d425dcd,4/7(日) 18:32
gisele,GISELe,「ファンデは苦手だけどしっかりカバーしたい」 メイクのプロに聞いた「悩みを1つで解決する」化粧下地・コンシーラーの名品,https://news.yahoo.co.jp/articles/b4b604fa735ad37ed110891b29d45344e2357eba,4/7(日) 13:07
gisele,GISELe,「スリムになった」稼働率の高いローファー 「つま先も形も細い」パンプスのような新注目のデザイン,https://news.yahoo.co.jp/articles/14a04130e176f6c20577788403b3f2c8a0d27424,4/6(土) 21:34
gisele,GISELe,小さくても目にとまるアクセサリー 「重ねづけせず1つでいい」シンプルな服に合うデザイン,https://news.yahoo.co.jp/articles/4d7fddde0dd553dd4bf29185d51ebb9759fa17b2,4/6(土) 21:04
gisele,GISELe,白玉肌は一日にしてならず！「使うたびにもっちり・うるっと」続けやすいから美肌に近づく「スキンケアの精鋭」,https://news.yahoo.co.jp/articles/9a1b5ddc4fefe905a5c0346bd9e102a97c963097,4/6(土) 20:04
gisele,GISELe,ブーツが長持ちする「ブーツをしまう前に」クリーニングの専門家もやっている簡単なケアの方法,https://news.yahoo.co.jp/articles/d2fd75fcc4770007714fa4de51028c3d64e96b83,4/6(土) 19:37
gisele,GISELe,重ねたほうが体が細く・薄く見える「レイヤード」,https://news.yahoo.co.jp/articles/35aff82c523fcd550ae1e68412bd9e3f6f27fc51,4/6(土) 18:32
gisele,GISELe,髪のキレイな人の習慣 「女性は血流が滞りやすいから」頭皮ケアの方法と「注意点」,https://news.yahoo.co.jp/articles/701598883ee1776ecbd3ace14e0cf4e4559d5b40,4/5(金) 21:37
gisele,GISELe,デニム好きも苦手な人も穿きやすい「ゆるやかなAライン」新感覚のデニムパンツ,https://news.yahoo.co.jp/articles/f2bf4fedc831305a5986b060561f1615cc7578d0,4/5(金) 20:34
gisele,GISELe,「思ったよりも使いやすい！」普通のデニムもオシャレに格上げ「ゴールド・シルバーの服」,https://news.yahoo.co.jp/articles/d9c2df3826156fafe70c62094a081b23b499b835,4/5(金) 19:32
gisele,GISELe,メンズっぽさを抑えた「大人が履けるスニーカー」アシックスのゲルカヤノ14,https://news.yahoo.co.jp/articles/7eaa70bd2881e8c427a36fbad4129e285587afd0,4/5(金) 18:32
gisele,GISELe,粉っぽくならないフェイスパウダー「しっとりするけどテカらない」一瞬で肌質を上げる名品,https://news.yahoo.co.jp/articles/4d036babf5f571485a8fe93083a083bc56a23bc1,4/4(木) 21:34
gisele,GISELe,持っても肩掛けもぴったり似合う「大きく軽いトートバッグ」A４サイズもしっかり収納,https://news.yahoo.co.jp/articles/8a3d9d3276f7f5637bb0527a208b1358a86105c0,4/4(木) 21:17
gisele,GISELe,上手な人はどこが違う？ デニムで「普通だけど可愛い」人気スタイリストがよく使うシンプルなテクニック,https://news.yahoo.co.jp/articles/edceceef15a7e5965bbdc2746d3f86e5f7a6eee9,4/4(木) 21:07
gisele,GISELe,悩みは「肌がパキパキに乾いてしまう」 そんな美肌のコスメ通が使い続けている「しっとりするのに崩れない」ファンデの名品,https://news.yahoo.co.jp/articles/c067f39b586e83f4c37290edc0d1c8fbc94774bf,4/4(木) 20:34
gisele,GISELe,シンプルなのにキレイ「白・黒・ベージュがオシャレに見違える」短いトップスの名品,https://news.yahoo.co.jp/articles/4e2462976b8a710c2bfea10464dacb07f02dae85,4/4(木) 19:32
gisele,GISELe,シンプルな白Tも見違える「絵になる見た目」新しいワイドデニム,https://news.yahoo.co.jp/articles/07a7d8c8e39ec28f7b0cb58d16da59422e6f1e34,4/4(木) 18:32
gisele,GISELe,春服をひと通り見たスタイリストたちが「真っ先に買った服」,https://news.yahoo.co.jp/articles/c5dafc3eeae924b6a7185057488a6fd21bc5aee2,4/3(水) 21:34
gisele,GISELe,肩掛けもぴったりハマる「大きく軽いトートバッグ」 A4サイズもしっかり入るのに「荷物感が出ない」どんな服にも合わせやすいデザイン,https://news.yahoo.co.jp/articles/fe53a83f0b5fd35d2468ce70181ce9fec58d2217,4/3(水) 21:04
gisele,GISELe,香水が苦手でも「いい匂いがする人」になれる「香水にはないメリットも多い」練り香水,https://news.yahoo.co.jp/articles/81178176b892a3bf2436bf243cbb9a195db507bc,4/3(水) 20:47
gisele,GISELe,メイクのプロたちに聞いた「目力を上げるとき」使っているマスカラは？,https://news.yahoo.co.jp/articles/fd3bc783fe58b937d41b309ecf9f6f578d1f78b7,4/3(水) 20:34
gisele,GISELe,ポイントは色と形「よく着る服によく似合う」春の重ね着ルール,https://news.yahoo.co.jp/articles/4d6e685c326e2bdc981a1fa4b12be1cee488d35c,4/3(水) 20:04
gisele,GISELe,ブラウスのように使える「ハードに見えず可愛らしい」デニムらしくないデニムの羽織り,https://news.yahoo.co.jp/articles/2c5db564c4f3c7bbb50a0730c430825541643229,4/3(水) 19:04
gisele,GISELe,ブルゾンなのにキレイに着られる「クールだけどメンズすぎない」コクのあるグリーン,https://news.yahoo.co.jp/articles/02dbd26a21e83ea578af496aa9d9725a979992f9,4/3(水) 18:32
gisele,GISELe,スタイル重視で選ばれたローファー「歩きやすくて合わせやすい」普通のローファーにはないメリットのある選び方,https://news.yahoo.co.jp/articles/38391b7d24d8733095decaa14da4127ef5f2f096,4/2(火) 21:34
gisele,GISELe,「美容室帰りの髪が続く」髪のプロたちが愛用するシャンプー,https://news.yahoo.co.jp/articles/3535f9b25e37388d5ec513797d592bd0e88a883c,4/2(火) 21:04
gisele,GISELe,ヒールに頼らずスタイルUP「底が厚い」どこまでも履き回せる白黒スニーカーの名品,https://news.yahoo.co.jp/articles/3fab9109c1cfd25fb5397c562c0191c2b6e8c9c7,4/2(火) 20:48
gisele,GISELe,"無印良品ならコレ！ メイクのプロたちが使い続けている1,000円未満の名品",https://news.yahoo.co.jp/articles/d6d3d23abbeb4c847afd6f1101a366eaba7688bd,4/2(火) 20:04
gisele,GISELe,肌がとにかく乾かない！「花粉シーズンにぴったり」洗顔・化粧水・クリームのセット,https://news.yahoo.co.jp/articles/ef9ce16b2c576a442da0643a195dbd015d6d9e55,4/2(火) 19:04
gisele,GISELe,たった1枚でスタイルアップ「シンプルだけど着映えする」ひざ上丈のシャツドレス,https://news.yahoo.co.jp/articles/2a107d0018e42f6fbaec6fb04896926610b46697,4/2(火) 18:32
gisele,GISELe,高成分なのに低価格「美肌・ツヤ髪に欠かせない」美容のプロが使い続けているコスメ,https://news.yahoo.co.jp/articles/8004e8faf5eeda54b8d871e5481d4f20e915e7fb,4/1(月) 21:28
gisele,GISELe,美容のプロが買い続けている高くていいより安くていい」コスパ最高のコスメ,https://news.yahoo.co.jp/articles/91fb342356ddad6b3be5422e054bdaf91440d075,4/1(月) 21:07
gisele,GISELe,「この色を嫌いな人はいない」 美容通たちが買い続けている「貴重な色」のリップ,https://news.yahoo.co.jp/articles/14ce6091ce14d9f1bae7043ae00e36612e59cd68,4/1(月) 20:34
gisele,GISELe,ポイントはひざから下「スキニーよりもスタイル良く見える」スキニー風のデニムパンツ,https://news.yahoo.co.jp/articles/f28fd45548244274877122e4123a2e705f5be903,4/1(月) 20:04
gisele,GISELe,ファンデよりも下地重視のプロたちが使っている「悩みを1つで解決する」化粧下地,https://news.yahoo.co.jp/articles/ca6ca6219710f8fd08ebc38cf7cd056a76e7592d,4/1(月) 19:34
gisele,GISELe,白ロンＴが手抜きに見えない「ブラウンのメッシュトップス」,https://news.yahoo.co.jp/articles/41ad64719d4ac4f932fb08886a829787d8e00d26,4/1(月) 18:32
gisele,GISELe,"「気になる色・質感が気軽に試せる」ドラッグストアで見つけた2,000円以下の新作",https://news.yahoo.co.jp/articles/68dc8230d40cbb91533d3de6735fc76f7eb5dae4,3/31(日) 21:04
gisele,GISELe,これなら春もニットを着れる「デニムと組み合わせて軽やかに」スタイリングルール,https://news.yahoo.co.jp/articles/5799f9db7ad2be60c05e4149322510e964a5cf75,3/31(日) 20:32
gisele,GISELe,春から夏まで長く使える「キレイに整うかわいいブラウン」コーディネート実例集,https://news.yahoo.co.jp/articles/0d2c6e8d62b6565cbb264c29558e8b8aa1d5ab83,3/31(日) 20:04
gisele,GISELe,どんなコーディネートも羽織るだけでスタイルアップ「細くて長いノーカラーアウター」,https://news.yahoo.co.jp/articles/14795551b4562c38d9c195f7fa69951a048c2055,3/31(日) 19:04
gisele,GISELe,秘訣はベーシックなアイテムだけ「明るい色が上手くいく」オシャレの成功ルール,https://news.yahoo.co.jp/articles/8c3fd7c95f1c15b9304c922b06f3081fc01f670f,3/31(日) 18:32
gisele,GISELe,「選ぶ理由がある」おしゃれな人が注目している最新デニムとは？,https://news.yahoo.co.jp/articles/84a6f6f6794e260879586766dc1b45f5edee693b,3/30(土) 21:04
gisele,GISELe,「韓国美人さながらの水光感」最新のツヤ肌ファンデーションとは？,https://news.yahoo.co.jp/articles/a3306023cd758d2dc50626de4084f54ff2125299,3/30(土) 20:32
gisele,GISELe,「いつもの白をアイスブルーに置き換えるだけ」シンプル以上が叶うスタイリングテク,https://news.yahoo.co.jp/articles/a7ce35271f3992ef2af8e7e1baf9850e9c7f6596,3/30(土) 20:04
gisele,GISELe,羽織りものとしてオシャレに使える「薄くて軽い」定番色のスプリングコート,https://news.yahoo.co.jp/articles/ddfc79e83814502a1bb7235697ee607721b0e686,3/30(土) 19:04
gisele,GISELe,【明日なに着る？】いつものデニムでいつもと違う「丈を見直したセットアップ」,https://news.yahoo.co.jp/articles/304a10d29fc99fc6a03bed0111dfece1c374e5a2,3/30(土) 18:32
gisele,GISELe,今季のトレンド「メリージェーンシューズ」選びのポイントは？春の新作カタログ,https://news.yahoo.co.jp/articles/e2f460ab1d230bc19452c65d6d20695f2afb28d0,3/29(金) 21:04
gisele,GISELe,日本上陸で話題の「プラダ ビューティ」注目すべきコスメは？,https://news.yahoo.co.jp/articles/21efbd0157f46aa57b0f818ce6366799b0e14227,3/29(金) 20:32
gisele,GISELe,「お守り代わりに持ち歩いています」美容のプロが絶対の信頼をおく「即効性の高い肌ケアアイテム」,https://news.yahoo.co.jp/articles/f175f4ecb7a70fefbaf8461462499cc7e3da15c6,3/29(金) 20:04
gisele,GISELe,「カジュアル一辺倒から脱する」デニムに合わせたいトップスとは？,https://news.yahoo.co.jp/articles/caddaaf7f4a94b54d428dba840efc7277b3f9ee1,3/29(金) 19:04
gisele,GISELe,INした後ろ姿もさまになる「ウエストロゴのワイドパンツ」,https://news.yahoo.co.jp/articles/d6b3a508fcc87f48984bde76dda65cfa10ba6662,3/29(金) 18:32
gisele,GISELe,はおりとしてもトップスとしても「稼働率の高さで選ぶ」新作Gジャン,https://news.yahoo.co.jp/articles/315926b23c2023d8f7ea227db253bb37dc7fe120,3/28(木) 21:04
gisele,GISELe,自然な仕上がりで「スッと消える・隠せる」頼もしい新作コンシーラー,https://news.yahoo.co.jp/articles/288a8ec76296f2e0f495acf3f6b218d936e907f9,3/28(木) 20:32
gisele,GISELe,「肌は出しても質感はあたたかく」春目前にちょうどいい主役級のミュール,https://news.yahoo.co.jp/articles/a508ed7462140ff1c7e73c71464f1ddc40957e0a,3/28(木) 19:04
gisele,GISELe,着くずして着るのが正解「SHINZONEのビッグシャツ」,https://news.yahoo.co.jp/articles/603e7d50f15f450405462dd6f5b671ce97ae4e45,3/28(木) 18:32
gisele,GISELe,バランス上手の「新・ローファー」整え役にもハズしにもなる「かたさをほぐしたデザイン」,https://news.yahoo.co.jp/articles/b6af24cad6382fca208d821a69f68cbb11d913de,3/27(水) 21:04
gisele,GISELe,ポイントは足首「究極に細く見えるデニムとヒール」の組み合わせとは？,https://news.yahoo.co.jp/articles/9233bfd7e5e90bc1c87d8847e2be10d93bcb8f0b,3/27(水) 20:32
gisele,GISELe,実力派デパコスの中でも「持っているだけで気分がいい」惹かれるルックス【3選】,https://news.yahoo.co.jp/articles/5b5588cf5e919d953afaabee6712418cf1711c8b,3/27(水) 20:04
gisele,GISELe,今季のピンクの着こなし方とは？「シンプル以上かわいい未満」なスタイリングメソッド,https://news.yahoo.co.jp/articles/c21855188ef27df605382305d71408feb1a5e8d7,3/27(水) 19:04
gisele,GISELe,「ワントーンがもの足りない」を解決する「間隔がちょうどいいドット柄」,https://news.yahoo.co.jp/articles/22e4634a76fb36e69cc4acd71726fafe8dc63511,3/27(水) 18:32
gisele,GISELe,どう変わる？これからのデニム「定番ワイド＋定番以外のデザイン」が新傾向に,https://news.yahoo.co.jp/articles/9eab81c0a5cdeddbce19db16d9e1981c02d48f64,3/26(火) 21:04
gisele,GISELe,カジュアルでも品良く着れる「ナイロンコート」細く見えるオーバーサイズの中から厳選,https://news.yahoo.co.jp/articles/d7910fb51debb96402a7240d31db1bafd0e00d53,3/26(火) 20:32
gisele,GISELe,"「5,000円以下で探すキレイになれるギフト」プロも愛用するおすすめスキンケア",https://news.yahoo.co.jp/articles/cac3573c4c5d7c7d359cc80d1411c9e0d5d4b523,3/26(火) 20:04
gisele,GISELe,おしゃれな人が着ているオールインワンは「素肌にまとうが条件」,https://news.yahoo.co.jp/articles/acc9bb2cdfcfd6ee7dbbcfd35714e3e4e05e1d34,3/26(火) 19:04
gisele,GISELe,春のインナーは白より薄ピンク「定番デニムも見違える」薄くてやわらかいタートルネック,https://news.yahoo.co.jp/articles/de2f0aaa36faaae51ada91c8afab8983396f69a8,3/26(火) 18:32
gisele,GISELe,歩きやすくて疲れない「脚を短く見せない」フラットパンプスの選び方,https://news.yahoo.co.jp/articles/001f808bbd12032aff9fe28c476d90686c16c717,3/25(月) 21:27
gisele,GISELe,新作ファンデーションを厳選！疲れを出さない「多幸感のあるふっくら肌」を実現する名作,https://news.yahoo.co.jp/articles/b84614fd6f3d0b3ee2609989b4cba17dc01e5821,3/25(月) 20:04
gisele,GISELe,夏まで使える「白パンツの条件」とは？今おさえたいスタイリング実例も,https://news.yahoo.co.jp/articles/7e99bedfa5c490e85edb38782029e6bb4bccca65,3/25(月) 19:04
gisele,GISELe,ラクしているのにキレイに見える「Gapの短め丈フーディ」,https://news.yahoo.co.jp/articles/ec505746896aebf8ccf34960146bb60cb0964e2c,3/25(月) 18:32
gisele,GISELe,着回しがきくだけじゃない「スタイル重視で選ぶ」シンプルコーディネートに差がつく服,https://news.yahoo.co.jp/articles/4adcd00097c08030d70d0037c89a2021fa81702e,3/24(日) 21:07
gisele,GISELe,「ベーシックな服を“目にとまる装い”に変える」モチーフアクセサリー,https://news.yahoo.co.jp/articles/45f83d698353402b93dd046df345962c796f2d60,3/24(日) 20:32
gisele,GISELe,1万円台以下で探す「今から春じゅう着れる主役ニット」【3選】,https://news.yahoo.co.jp/articles/06add22510cd9e5053e3e527c952767a4a4e1ea3,3/24(日) 20:04
gisele,GISELe,黒の細身よりメリットの多い「レザーパンツ」選びのポイントは？,https://news.yahoo.co.jp/articles/57658e67a730bafbb230f9ef77aa6e639c7062cb,3/24(日) 19:04
gisele,GISELe,きちんと感と抜け感がちょうどいい「スラックスのような黒チノパン」,https://news.yahoo.co.jp/articles/e1f8715339bd879afb5e0e7746db8441a5740309,3/24(日) 18:32
gisele,GISELe,「チノパンの中でもとくにいい！」ずっと売れ続けている名作ワイドパンツ,https://news.yahoo.co.jp/articles/26a51002de08bc346defb600f549a76a103c78d2,3/23(土) 21:04
gisele,GISELe,シンプル服でも雰囲気のある人になる「アクセサリーの重ね付けアイデア」,https://news.yahoo.co.jp/articles/2269d2e746f8a0d12fc6104db6db5bbeae838635,3/23(土) 20:04
gisele,GISELe,プロに聞いた「洗濯してもキレイにならない」白のソックスを白に戻す方法,https://news.yahoo.co.jp/articles/2227c1c570bc3afaa3c6a82c116190f8681fc46a,3/23(土) 19:37
gisele,GISELe,忙しくてもキレイな人に選ばれる「ながら美容」効果の高い名品集,https://news.yahoo.co.jp/articles/4f1623f3f01d67e234620143397b6926fa5f1388,3/23(土) 19:04
gisele,GISELe,コート手前の軽やかさ「ステンカラーのロングジレ」,https://news.yahoo.co.jp/articles/5e35379609f146e2b69068fa22c1283a73e84e75,3/23(土) 18:32
gisele,GISELe,レザーを白でクリーンアップ「強気な素材が浮いて見えない」ちょうどいいモノトーンは？,https://news.yahoo.co.jp/articles/fd2968257dbc8eb474c9243e2f5bd4ed19b3337f,3/22(金) 21:04
gisele,GISELe,髪のキレイな人の「髪の悩みを解決してくれた」アイテムとは？,https://news.yahoo.co.jp/articles/24d99d1968856ece77aaabeff25d25a5060964a7,3/22(金) 20:34
gisele,GISELe,「GUで春物を買うなら？」2，00円以下で買える人気のトップス【3選】,https://news.yahoo.co.jp/articles/463888a28180c86b43ae410a0f1f675d38a57ad0,3/22(金) 20:04
gisele,GISELe,Gジャンよりライト「ドレスシャツより気張らない」オーバーサイズのデニムシャツ,https://news.yahoo.co.jp/articles/f1e91a2b515815655e378796401c9c4157f19c37,3/22(金) 18:32
gisele,GISELe,コレは優秀！「とにかく楽で動きやすい」1日中穿いてもシワにならないスタイルUPパンツ,https://news.yahoo.co.jp/articles/309d80a2235cfa6af36245401660806f87b3e086,3/21(木) 21:34
gisele,GISELe,この春ワードローブにあるといい「白」とは？白だけでまとめるとオシャレなスタイリング実例,https://news.yahoo.co.jp/articles/9d8d3af1e8e2d127c6477aaa4bbfd7e5cfb882b3,3/21(木) 21:04
gisele,GISELe,収集癖のあるセンスのいい人に聞いた「アイテム集めのマイルール」,https://news.yahoo.co.jp/articles/81f177c14de20bf8eed3a410121a94d40a261809,3/21(木) 20:32
gisele,GISELe,重ねずとも1つで十分「洒落顔になれる」ゴールドアクセサリーとは？,https://news.yahoo.co.jp/articles/9104827c694f7c34eb1d2916a456fefd04efa660,3/21(木) 20:04
gisele,GISELe,キレイな人が使うコスメは何が違う？「プロが成分で選んだ」究極の美白スキンケア,https://news.yahoo.co.jp/articles/8bc4aceac403d6bc91d1efc2d85a46e52a878769,3/21(木) 19:04
gisele,GISELe,重ね着してもすっきりまとまる「カーディガンのようなノーカラーコート」,https://news.yahoo.co.jp/articles/d772243c9d7bf87f0873452811db92dc94887b95,3/21(木) 18:32
gisele,GISELe,悩みは乾燥・敏感肌の美容通たちに聞いた「肌の調子がずっといいから」使い続けている最高のコスメ,https://news.yahoo.co.jp/articles/324c61f5bf777650acad1a89724984d654369de9,3/20(水) 21:04
gisele,GISELe,1万円以下で探す「定番以外の色のタートル」春スタイルにもあるといいデザイン,https://news.yahoo.co.jp/articles/f2bd46f20206e7251e009cec8a2a6ee46300dab3,3/20(水) 20:32
gisele,GISELe,「今までと違う視点で選んでみてもいい」オシャレな人の偏愛コスメ,https://news.yahoo.co.jp/articles/97e1634f5d9565c22124bb6896c30502be01be67,3/20(水) 20:04
gisele,GISELe,美人の象徴「ほっそりした首元」を作れる「シンプル以上のネックレス」名作カタログ,https://news.yahoo.co.jp/articles/bd56f06982b5414a89ca72c29e158fa4169022a8,3/20(水) 19:04
gisele,GISELe,フォーマルなのに親しみやすい「ネイビーのサスペンダー」,https://news.yahoo.co.jp/articles/c53d611b08dd36d22abb88b1d093d9c438828b4d,3/20(水) 18:32
gisele,GISELe,Gap新作の中でもとくにいい「1万円以下のベーシックアイテム」,https://news.yahoo.co.jp/articles/568a9f0f5df55b464d830c99b3363ca59cd5a12d,3/19(火) 21:04
gisele,GISELe,おしゃれな人はどう着る？メンズから着想を得た「ジャケットの上手な着崩し方」,https://news.yahoo.co.jp/articles/825e24589741cfe39b33487b6be0c7ffb5b8bd91,3/19(火) 20:32
gisele,GISELe,「そのまましまうと傷みます」プロが解説「セーターをダメにしない」正しいしまい方,https://news.yahoo.co.jp/articles/0087238ac1c9c9a95310ab93e18310c596f6167f,3/19(火) 20:07
gisele,GISELe,春色を足せばオシャレに見える「ニットとロンTの上手な重ね方」,https://news.yahoo.co.jp/articles/74acab1ad47e615f5fff934636de5a89888c6c34,3/19(火) 19:04
gisele,GISELe,はおるだけで腰位置が上がって見える「ショート丈ジャケット」,https://news.yahoo.co.jp/articles/5bb9b0a889e4078e4ccc60c4b55019b74a540e69,3/19(火) 18:32
