media_en,media_jp,title_articles,link_articles,date_original
tabelog,H‚×ƒƒOƒ}ƒKƒWƒ“,“÷‚Ì‚¤‚Ü‚İ‚½‚Á‚Õ‚è‚Ìâ•iƒ^ƒŒ‚Í‚â‚İ‚Â‚«ŠÔˆá‚¢‚È‚µI l‹Cƒ‰[ƒƒ““X‚Ì‚Ü‚º‚»‚Îê–å“X‚ªƒI[ƒvƒ“i“Œ‹EŒÜ”½“cj,https://news.yahoo.co.jp/articles/d3f178d07bcacc28525d8838b4bb7b94ab3ec1f9,6/19(…) 6:30
tabelog,H‚×ƒƒOƒ}ƒKƒWƒ“,©‰Æà„÷ƒR[ƒq[‚ÆŠy‚µ‚ŞAƒTƒNƒbIƒvƒŠƒbI‚ÌuƒGƒrƒJƒcƒTƒ“ƒhvi‹“sEŒ³“c’†j,https://news.yahoo.co.jp/articles/e679b96a81bdaa3eb8f7de9a82ae7a1c7f5e567f,6/19(…) 6:30
tabelog,H‚×ƒƒOƒ}ƒKƒWƒ“,ŠOH‚Í”NŠÔ600‰ñˆÈãI ƒ}ƒbƒL[–qŒ³‚Ì”­Œ@I ’n•û‚Ì–¼“X`_ŒË•Ò`,https://news.yahoo.co.jp/articles/80e1018b9b421c4c2a7dfa844fa592e82e28ce6a,6/19(…) 6:30
tabelog,H‚×ƒƒOƒ}ƒKƒWƒ“,o”ÅŠE‚«‚Á‚Ä‚ÌƒOƒ‹ƒE”Œ´Œõ‘¾˜Y’˜A–{“–‚Ìg‚¤‚Ü‚¢h‚ğW‚ß‚½u“Œ‹‚¢‚¢“X‚Í‚â‚é“XvŒfÚ“X‚ğĞ‰î,https://news.yahoo.co.jp/articles/376da5be5f0d6f8798f6a5e58fe011c5647a6725,6/19(…) 6:30
tabelog,H‚×ƒƒOƒ}ƒKƒWƒ“,gŒ|”\lŒä—p’BhƒƒP•ÙI ƒzƒƒzƒ“÷‚ª‚²‚ë‚²‚ëA‰¢•—ƒJƒŒ[‚ÌƒeƒCƒNƒAƒEƒgê–å“X‚ª“Œ‹‰wƒiƒJ‚Éi“Œ‹EŠÛ‚Ì“àj,https://news.yahoo.co.jp/articles/e55af829641bd7142e0a7f724d299b35b4fe762c,6/19(…) 6:30
tabelog,H‚×ƒƒOƒ}ƒKƒWƒ“,‰ÆŒnƒ‰[ƒƒ“‚É–£‚¹‚ç‚ê‚½“Xå‚ªì‚éAƒ}ƒCƒ‹ƒh‚Åˆù‚İŠ±‚¹‚é“Øœƒ‰[ƒƒ“i“Œ‹E“Œ‚‰~›j,https://news.yahoo.co.jp/articles/9cb10cff0df27d987aa1fdbe5d1666f0a14f5604,6/18(‰Î) 6:31
tabelog,H‚×ƒƒOƒ}ƒKƒWƒ“,‚â‚İ‚Â‚«’ˆÓ‚ÌŠëŒ¯‚È“çI ƒOƒ‹ƒ‚½‚¿‚ª‚Æ‚è‚±‚É‚È‚éuƒ}ƒbƒVƒ…ƒ‹[ƒ€‚µ‚á‚Ô‚µ‚á‚Ôv‚Æì‹Ê‚Ì“÷—¿—,https://news.yahoo.co.jp/articles/41d735cdf9a15c4619ba54ac524758b510cd2e51,6/18(‰Î) 6:31
tabelog,H‚×ƒƒOƒ}ƒKƒWƒ“,l‹CƒCƒ“ƒXƒ^ƒOƒ‰ƒ}[‚ª‹³‚¦‚éÅ‚‚ÌˆêM‚ÍA‚»‚Ì‚¨‚¢‚µ‚³‚ÍƒrƒWƒ…ƒAƒ‹‚ğ’´‚¦‚½Iu•lâ‚Ì‚¹‚±‚ª‚Év,https://news.yahoo.co.jp/articles/e4ef3269395e9f2fe66c827607647ecb3bc46aaf,6/18(‰Î) 6:30
tabelog,H‚×ƒƒOƒ}ƒKƒWƒ“,ƒXƒC[ƒc‚Ìƒvƒ‚ª‚¨‚·‚·‚ßI Å‹ß—¬s‚Á‚Ä‚é!?u‚í‚ç‚Ñ–İv10‘I,https://news.yahoo.co.jp/articles/e168a6426e7e176711e62e21a00b2884a6429f64,6/18(‰Î) 6:30
tabelog,H‚×ƒƒOƒ}ƒKƒWƒ“,‹x“ú‚Í‚‰~›‚ÅƒJƒŒ[ƒ‰ƒ“ƒ`I “ú—j‚Ì’‹‚Ì‚İ‰c‹Æ‚ÌŠÔØ‚èƒJƒŒ[“X‚ªƒI[ƒvƒ“,https://news.yahoo.co.jp/articles/e3a1647c76cb37c892a64744e66eec9d7db1d2de,6/18(‰Î) 6:30
tabelog,H‚×ƒƒOƒ}ƒKƒWƒ“,•S–¼“XogƒVƒFƒt‚ªì‚éA©‰Æ»“V‘Ry•êƒpƒ“‚ğ¢‚µã‚ª‚êI ¤“XŠX‚Éˆ¤‚³‚êƒx[ƒJƒŠ[‚ª’a¶i“Œ‹E’†‰„j,https://news.yahoo.co.jp/articles/fc844c1576a4994a0e8686eedac88f82effa47ca,6/16(“ú) 11:04
tabelog,H‚×ƒƒOƒ}ƒKƒWƒ“,‚¨q—lŠ½Œ}I “s‰ï‚Ì‚Ç^‚ñ’†‚É’¹‰HƒVƒFƒt‚ªl‚¦‚é—‘z‚Ìƒtƒ@ƒ~ƒŒƒX‚ªƒI[ƒvƒ“i“Œ‹EŒ´hj,https://news.yahoo.co.jp/articles/136821ab564fadd3615b4e429d1e10944fd55d4f,6/16(“ú) 11:04
tabelog,H‚×ƒƒOƒ}ƒKƒWƒ“,qH‚×ƒƒO3.5ˆÈ‰º‚Ì‚¤‚Ü‚¢“XrT2‰ñE2ŠÔ‚Ì‚İ‰c‹ÆB‹“sOğ‚ÌƒŒƒgƒ‚È“S”ÂÄ‚«“X‚ÍAˆ‚È‘ål‚½‚¿‚ªW‚Ü‚él‹C“X‚¾‚Á‚½I,https://news.yahoo.co.jp/articles/9bff2631352f088015f04bd2b94f7eb5eb16d693,6/16(“ú) 11:04
tabelog,H‚×ƒƒOƒ}ƒKƒWƒ“,v‚í‚¸“ñ“xŒ©I ˆ³Šª‚ÌƒtƒHƒ‹ƒ€‚Å˜b‘è‚Ìuâ•iƒh[ƒiƒc‚Ì‚Á‚¯ƒvƒŠƒ“v,https://news.yahoo.co.jp/articles/8af8962a7d0dbb2864043fbee47f88022f969c6b,6/15(“y) 11:03
tabelog,H‚×ƒƒOƒ}ƒKƒWƒ“,¡‚ª{I ƒXƒC[ƒc‚Ìƒvƒ‚ª’–Ú‚·‚éA‰Ä‚Ì‰¤—luƒƒƒ“v‚ÌƒXƒC[ƒc10‘I,https://news.yahoo.co.jp/articles/d7bd36d8670cfc5fc1f3c41749595a6d0dc89f74,6/15(“y) 11:03
tabelog,H‚×ƒƒOƒ}ƒKƒWƒ“,qH‚×ƒƒO3.5ˆÈ‰º‚Ì‚¤‚Ü‚¢“Xr‚Ğ‚ÆŒûH‚×‚é‚Æƒnƒb‚Æ‹Á‚­AŒ‰‚¢ƒR[ƒ“ƒX[ƒvB“ú–{—¿—‚ÌƒGƒbƒZƒ“ƒX‚ğŠ´‚¶‚éƒtƒŒƒ“ƒ`,https://news.yahoo.co.jp/articles/27e9c78445384e517700fa699c88fb4bf4aed90d,6/15(“y) 11:02
tabelog,H‚×ƒƒOƒ}ƒKƒWƒ“,’Y‰ÎÄ‚«‚Å–¡‚í‚¤”\“o‹‚ª”ü–¡I ‘åã‚Ìl‹CƒCƒ^ƒŠƒAƒ“‚ª“Œ‹‚É‰ioi“Œ‹E˜Z–{–Øj,https://news.yahoo.co.jp/articles/dcad6c82c802ee20991090a2c6d835c0d515e534,6/14(‹à) 6:32
tabelog,H‚×ƒƒOƒ}ƒKƒWƒ“,˜b‘è‚ÌV“X11Œ¬‚ğ‚Ü‚Æ‚ß‚ÄĞ‰îIu’¹‚µ‚«v‚Ì•ª“X‚©‚çuDIESELv‚ÌƒŒƒXƒgƒ‰ƒ“‚Ü‚Å,https://news.yahoo.co.jp/articles/3c7daece7e391d00aa865fd82196563f80a20bc0,6/14(‹à) 6:32
tabelog,H‚×ƒƒOƒ}ƒKƒWƒ“,Ä‚«‚½‚ÄƒXƒR[ƒ“‚à[ÀI À—Í”hƒpƒeƒBƒVƒG[ƒ‹‚ªì‚éÄ‚«‰Ùqê–å“X‚ª‹‚ÉƒI[ƒvƒ“i“Œ‹E÷V’¬j,https://news.yahoo.co.jp/articles/1027df67952d5906312023702381a09ecf336356,6/14(‹à) 6:31
tabelog,H‚×ƒƒOƒ}ƒKƒWƒ“,"ƒVƒFƒt‚Í–¼“Xog‚È‚Ì‚ÉƒR[ƒX4,400‰~`I —¿—‚à‹óŠÔ‚àg‚¢Ÿè‚à‚¢‚¢A‰©‹àƒoƒ‰ƒ“ƒX‚ÌƒCƒ^ƒŠƒAƒ“",https://news.yahoo.co.jp/articles/8f8574b4ffd523a0f5273007b71aa5bb976ca28b,6/14(‹à) 6:31
tabelog,H‚×ƒƒOƒ}ƒKƒWƒ“,ƒXƒC[ƒc‚Ìƒvƒ„‘EI ƒUƒbƒNƒUƒN‚ÌƒpƒC¶’n‚Æ”ZŒúƒLƒƒƒ‰ƒƒ‹ƒKƒiƒbƒVƒ…‚Ìƒ~ƒ‹ƒtƒB[ƒ†‚É‚©‚Ô‚è‚Â‚«‚½‚¢!!,https://news.yahoo.co.jp/articles/1336e0b40e68f0d73a62be71a2cc8d2e40bf7b20,6/13(–Ø) 6:30
tabelog,H‚×ƒƒOƒ}ƒKƒWƒ“,‚¨‚·‚·‚ß‚ÍƒvƒŠƒvƒŠ‚Ìu©‰Æ»‚¦‚Ñ‰_“ÛvI j“‡‚Ål‹C‚¾‚Á‚½ƒKƒ``—¿—“X‚ª–ƒ•z\”Ô‚Å•œŠˆi“Œ‹E–ƒ•z\”Ôj,https://news.yahoo.co.jp/articles/fb90ace5cae078d0523130bb3593328aa62e4f12,6/13(–Ø) 6:30
tabelog,H‚×ƒƒOƒ}ƒKƒWƒ“,ƒOƒ‰ƒ“ƒƒ]ƒ“‚Ì–¡‚ğƒJƒWƒ…ƒAƒ‹‚ÉI ƒtƒŒƒ“ƒ`‚Ì–¼“X‚ÅŠˆ–ô‚µ‚½À—Í”hƒVƒFƒt‚ªƒrƒXƒgƒ‚ğƒI[ƒvƒ“i“Œ‹ElŒ`’¬j,https://news.yahoo.co.jp/articles/fcb70006a3c707aa51da876c2e0b894a5e5ce2eb,6/13(–Ø) 6:30
tabelog,H‚×ƒƒOƒ}ƒKƒWƒ“,ã–ì‚Å16”Nˆ¤‚³‚ê‚½‰B‚ê‰ÆƒtƒŒƒ“ƒ`‚Ì–¼•¨‚ğ‹CŒy‚É–¡‚í‚¦‚éƒƒCƒ“ƒo[,https://news.yahoo.co.jp/articles/2169ac369fe73347f0d95f9128539c6e6b196ebe,6/12(…) 6:32
tabelog,H‚×ƒƒOƒ}ƒKƒWƒ“,—ß˜a‚ÌƒOƒ‹ƒ‰¤A•lè—´‚ª’–ÚI ‹“s‚Åo‰ï‚Á‚½Aƒpƒ‹ƒ~ƒWƒƒ[ƒmƒ`[ƒY‚Ì‚»‚Î,https://news.yahoo.co.jp/articles/71edaabc2491556e065efd50921ed8f5fb3132ce,6/12(…) 6:32
tabelog,H‚×ƒƒOƒ}ƒKƒWƒ“,’–Ú‚ÌV“X‚ğˆê‹“‚²Ğ‰îI 5Œ‚ÌNew Open Newsƒ‰ƒ“ƒLƒ“ƒO,https://news.yahoo.co.jp/articles/ecc3182a3a77060ed6d67f90cdb85bd4cef832b7,6/12(…) 6:32
tabelog,H‚×ƒƒOƒ}ƒKƒWƒ“,“s“à‰o“XIusiov’¹‰HƒVƒFƒtŠÄC‚ÌƒpƒXƒ^ê–å“Xi“Œ‹E‘åèL¬˜Hj,https://news.yahoo.co.jp/articles/a5667998658a93a759965497bff3a08a2c0865fb,6/12(…) 6:31
tabelog,H‚×ƒƒOƒ}ƒKƒWƒ“,uDIESELv‘nnÒ‚ªˆ¤‚·‚éƒCƒ^ƒŠƒAƒ“ƒŒƒXƒgƒ‰ƒ“‚ª“ú–{‰ã—¤Ii“Œ‹Ea’Jj,https://news.yahoo.co.jp/articles/3555b7bc3ce8f6400c97075cf8bde0c70f28e432,6/11(‰Î) 6:30
tabelog,H‚×ƒƒOƒ}ƒKƒWƒ“,ƒZƒ“ƒX‚¢‚¢‚ËI ƒf[ƒg‚Å–J‚ß‚ç‚ê‚é•µˆÍ‹C‚Ì‚¢‚¢’†–Ú•‚ÌƒrƒXƒgƒ,https://news.yahoo.co.jp/articles/806992094dae16ab143a31542390a1f0964beba7,6/11(‰Î) 6:30
tabelog,H‚×ƒƒOƒ}ƒKƒWƒ“,Œƒí‹æ‚É—v’–Ú“X‚ªI ƒJƒcƒJƒŒ[‚Ì‚¨‚¢‚µ‚¢‚Æ‚ñ‚©‚Â‰®‚³‚ñA_•Û’¬‚ÉŒ»‚é,https://news.yahoo.co.jp/articles/c31a59a57f3ee3fde5900f55a0ae0ea76f74212c,6/11(‰Î) 6:30
tabelog,H‚×ƒƒOƒ}ƒKƒWƒ“,•S‰İ“X‰o“XI •S–¼“X‚É‘I‚Î‚ê‚½ƒpƒeƒBƒVƒG‚É‚æ‚éA{‚Ìƒtƒ‹[ƒc‚ğg‚Á‚½ƒTƒXƒeƒiƒuƒ‹‚ÈƒXƒC[ƒci‘åãE”~“cj,https://news.yahoo.co.jp/articles/0208d8ca6417f718c9c68541ccbc61f5a5053a30,6/11(‰Î) 6:30
tabelog,H‚×ƒƒOƒ}ƒKƒWƒ“,˜b‘è‚ÌV“X15Œ¬‚ğ‚Ü‚Æ‚ß‚ÄĞ‰îI ‘ä˜p‚Ìƒ\ƒEƒ‹ƒt[ƒh‚©‚çAl‹CƒrƒXƒgƒ‚ªèŠ|‚¯‚éƒx[ƒJƒŠ[‚Ü‚Å,https://news.yahoo.co.jp/articles/59fa1a029ad7d62a379b9e6b798adf5ae59470ba,6/9(“ú) 11:01
tabelog,H‚×ƒƒOƒ}ƒKƒWƒ“,qH‚×ƒƒO3.5ˆÈ‰º‚Ì‚¤‚Ü‚¢“Xr“V˜Z‚Ì˜H’n— ‚ÉoŒ»I–¼“XogƒVƒFƒt2l‚É‚æ‚éƒCƒ^ƒŠƒAƒ“‚ÌV¯,https://news.yahoo.co.jp/articles/0f067392eea2a5b23d104f9ce0fec568d73a19d7,6/9(“ú) 11:01
tabelog,H‚×ƒƒOƒ}ƒKƒWƒ“,"‹_‰€‚Ìl‹C‰V“X‚©‚ç“Æ—§I ƒR[ƒX8,800‰~‚©‚ç‚Ì‰VŠ„–Bi‹“sE‹“ss–ğŠ‘Oj",https://news.yahoo.co.jp/articles/8d0b4952bd4d766b46f6beba00b44456baf50a40,6/9(“ú) 11:01
tabelog,H‚×ƒƒOƒ}ƒKƒWƒ“,—\–ñ¢“ï“Xog‚Ì2l‚ÌƒVƒFƒt‚É‚æ‚éAƒI[ƒvƒ“ƒLƒbƒ`ƒ“‚Å–¡‚í‚¤ƒtƒŒƒ“ƒ`i“Œ‹EÔâj,https://news.yahoo.co.jp/articles/1143e767341b095f9282569bd19d11a2cc23782b,6/9(“ú) 11:01
tabelog,H‚×ƒƒOƒ}ƒKƒWƒ“,‹{è‚©‚ç‹“s‚ÖB’z100”N‚Ì’¬‰®‚Å–¡‚í‚¤A¢ŠE‚ğ‚Æ‚è‚±‚É‚·‚éŒû•Ÿ‚Ì‚»‚Îi‹“sEŠÛ‘¾’¬j,https://news.yahoo.co.jp/articles/de7b73c66eb0ec40137a9c9ad5bf5f4adccef22b,6/8(“y) 11:03
tabelog,H‚×ƒƒOƒ}ƒKƒWƒ“,ƒXƒR[ƒ“ƒ}ƒjƒA‚Ì‚¨‚·‚·‚ßI “Œ‹‚ÅH‚×‚ç‚ê‚éƒXƒR[ƒ“9‘I,https://news.yahoo.co.jp/articles/c9ba1cb8c04621653f812ab4c67785e197748f02,6/8(“y) 11:03
tabelog,H‚×ƒƒOƒ}ƒKƒWƒ“,ƒXƒyƒVƒƒƒŠƒe‚ÌuƒjƒVƒ“v‚Í‚Æ‚ë‚¯‚éˆêŠÑBEl—ğ35”N‚Ìƒxƒeƒ‰ƒ“‚ªˆ¬‚éõi“X‚ª‘åã‚©‚çioi“Œ‹E‹âÀj,https://news.yahoo.co.jp/articles/1edd8bba22182d0e367bb78ace671cd7ea9097f5,6/8(“y) 11:02
tabelog,H‚×ƒƒOƒ}ƒKƒWƒ“,Ğ‰î§ƒŒƒXƒgƒ‰ƒ“uNO CODEv‚Ì•ÄàVƒVƒFƒt‚ªƒo[ƒK[•ƒrƒXƒgƒ‚ğƒI[ƒvƒ“I,https://news.yahoo.co.jp/articles/7e188ee171ca0cf2f6a35938380119d98177dea6,6/8(“y) 11:00
tabelog,H‚×ƒƒOƒ}ƒKƒWƒ“,‚ ‚È‚½‚Íu‘e”Ò‚«vu×”Ò‚«v‚Ç‚Á‚¿‚ªD‚«H ˆß‚à‘I‚×‚é‹†‹É‚Ì‚ ‚¶ƒtƒ‰ƒCi“Œ‹E–å‘O’‡’¬j,https://news.yahoo.co.jp/articles/19fd5295fc9282031df96f8c02707eb35275cc0f,6/7(‹à) 6:31
tabelog,H‚×ƒƒOƒ}ƒKƒWƒ“,qH‚×ƒƒO3.5ˆÈ‰º‚Ì‚¤‚Ü‚¢“XrŠó­‚È‹ß]‹‚ÌƒŒƒo[‚Ü‚Å!? ƒRƒXƒpÅ‚AZ‘îŠX‚ÌŒŠêÄ“÷“X,https://news.yahoo.co.jp/articles/9a8472b6a0016b4546be999a7ee8af8eb779a511,6/7(‹à) 6:30
tabelog,H‚×ƒƒOƒ}ƒKƒWƒ“,ƒRƒyƒ“ƒn[ƒQƒ“d‚İ‚Ì’–ÚƒNƒŒ[ƒvBƒ‚ƒ`ƒbIƒWƒƒƒŠƒbI‚È“Æ“Á‚ÌHŠ´‚ª‚½‚Ü‚ç‚È‚¢i“Œ‹Eù’Ëj,https://news.yahoo.co.jp/articles/2e189490a30a425137c31ca8e362995ef5819948,6/7(‹à) 6:30
tabelog,H‚×ƒƒOƒ}ƒKƒWƒ“,’´—\–ñ¢“ï“XI Ä’¹u’¹‚µ‚«v‚Ì•ª“X‚ª–ƒ•z‘äƒqƒ‹ƒY‚É“oêi“Œ‹E_’J’¬j,https://news.yahoo.co.jp/articles/34312238202a6fee003051694f3a782ffe8e4017,6/7(‹à) 6:30
tabelog,H‚×ƒƒOƒ}ƒKƒWƒ“,g‘Ì‚É—D‚µ‚­A‚¨‚¢‚µ‚¢h‚Í•Ï‚í‚ç‚¸I ƒJƒŒ[ •S–¼“X‚É‘I‚Î‚ê‚½–¼“X‚Ì‘n‹ÆÒ‚ªV‚½‚ÈƒXƒ^[ƒgi“Œ‹E‹îj,https://news.yahoo.co.jp/articles/7f3f318754dd88982fab86e7eb90c6b80c27495a,6/6(–Ø) 6:30
tabelog,H‚×ƒƒOƒ}ƒKƒWƒ“,‰»Šw’²–¡—¿•sg—p‚ÅA–ìØ‚âƒn[ƒu‚ª‚½‚Á‚Õ‚èI ŠÅ”Âƒƒjƒ…[‚ÍF‚Ç‚è‚ª”ü‚µ‚¢ƒJƒIƒ„ƒ€i“Œ‹E’†–Ú•j,https://news.yahoo.co.jp/articles/4feffe71ce437756d68aba00ee12ffb47aaa24de,6/6(–Ø) 6:30
tabelog,H‚×ƒƒOƒ}ƒKƒWƒ“,“÷A‚»‚ÎŠ„–B‚àBƒt[ƒhƒ‰ƒCƒ^[‚ª’Ê‚¤AÅ1–œ‰~‘ä‚ÅƒfƒBƒi[ƒR[ƒX‚ª–¡‚í‚¦‚é“s“à‚Ì˜aH“X,https://news.yahoo.co.jp/articles/7855a05caa3cd2ad4a02c0492d2e46ad855104de,6/6(–Ø) 6:30
tabelog,H‚×ƒƒOƒ}ƒKƒWƒ“,ƒXƒC[ƒcD‚«‚à‘å–‘«AƒfƒU[ƒg‚Ü‚Å‚¨‚¢‚µ‚¢ƒJƒŒ[“X10‘I,https://news.yahoo.co.jp/articles/05d6ead6fec6e83f3f9c166c4216d2ffc0c253cc,6/5(…) 6:31
tabelog,H‚×ƒƒOƒ}ƒKƒWƒ“,”’R‚Ås—ñ‚Ì‘ä˜pƒt[ƒh•ƒNƒ‰ƒtƒgƒr[ƒ‹‚Ìl‹C“XAuƒIƒ‹ƒ\[v‚ª¬“`”n’¬‚ÉƒI[ƒvƒ“i“Œ‹E¬“`”n’¬j,https://news.yahoo.co.jp/articles/3b3c0d95dc72e29e6bf683d821b12cba1793d7f4,6/5(…) 6:31
tabelog,H‚×ƒƒOƒ}ƒKƒWƒ“,–kƒCƒ^ƒŠƒA‚Ì‹½“y—¿—‚ğƒAƒ‰ƒJƒ‹ƒg‚ÅB‘ål‚ª’Ê‚¢‚½‚­‚È‚é3ŠKŒš‚Äƒgƒ‰ƒbƒgƒŠƒA,https://news.yahoo.co.jp/articles/39e72d8fbe3d53d96702b54998611545358c0c80,6/5(…) 6:30
tabelog,H‚×ƒƒOƒ}ƒKƒWƒ“,‘ål‚È‹óŠÔ‚ÅŠó­’nŒ{‚ğS‚ä‚­‚Ü‚ÅŠ¬”\BŒb”äõ‚Ìl‹CÄ‚«’¹“X‚ªo–…“X‚ğƒI[ƒvƒ“i“Œ‹E’†–Ú•j,https://news.yahoo.co.jp/articles/26aecda5f4805e1baeaffd5aac8dcde0beac4f4d,6/5(…) 6:30
tabelog,H‚×ƒƒOƒ}ƒKƒWƒ“,l‹CƒCƒ“ƒXƒ^ƒOƒ‰ƒ}[‚ª‹³‚¦‚éÅ‚‚ÌˆêM‚ÍAŠ´—ÜƒŒƒxƒ‹‚Ì‚¨‚¢‚µ‚³I ƒRƒN‚Æ_–¡‚ªâ–­‚Èu‚Ó‚®”’q‚Ìˆ¬‚èv,https://news.yahoo.co.jp/articles/a684a4f501a8fa8fb2d16a6e9103a28ee282ff56,6/4(‰Î) 6:31
tabelog,H‚×ƒƒOƒ}ƒKƒWƒ“,ƒXƒpƒCƒX—¿—•—r“÷D‚«W‚Ü‚êI uŒ³‘cBistro‚Ğ‚Â‚¶‚âv‚ÌV“X‚ª¼_“c‚ÉƒI[ƒvƒ“,https://news.yahoo.co.jp/articles/a38c28f690a51186520127ebab283d527c6315d4,6/4(‰Î) 6:31
tabelog,H‚×ƒƒOƒ}ƒKƒWƒ“,D‚İ‚Ìˆ¬‚è‚ğ1ŠÑ‚©‚ç—Š‚ß‚éƒJƒWƒ…ƒAƒ‹‚Èõi“X‚È‚ÇA’–Ú‚Ì14“X‚ğĞ‰îIq‘å–Ø~•v‚Ì5Œ‚ÌV“XƒAƒhƒŒƒXr,https://news.yahoo.co.jp/articles/7967e0078f6c46618ed855627e28f20e83d93a61,6/4(‰Î) 6:31
tabelog,H‚×ƒƒOƒ}ƒKƒWƒ“,’©8”¼ƒI[ƒvƒ“‚ª‚¤‚ê‚µ‚¢I ’©H‚âƒsƒNƒjƒbƒN‚ÉAƒJƒtƒFŠ´Šo‚Ì‚¨‚É‚¬‚èê–å“Xi“Œ‹E‘ãX–ØŒö‰€j,https://news.yahoo.co.jp/articles/816ac54453ec181acc66757605ec882f5418828e,6/4(‰Î) 6:31
tabelog,H‚×ƒƒOƒ}ƒKƒWƒ“,ƒ‰ƒ“ƒ`‚Í’Ğ‚¯˜¥880‰~`I –LFsê‚Ì“V‘Rƒ}ƒOƒ’‡‰µu—é•xv‚ªè‚ª‚¯‚éõi“X‚ªAˆÚ“]ƒI[ƒvƒ“i“Œ‹E’z’nj,https://news.yahoo.co.jp/articles/7a3119be5a2082de14b51d5fa68f8d1d77c270da,6/4(‰Î) 6:30
tabelog,H‚×ƒƒOƒ}ƒKƒWƒ“,l‹CƒrƒXƒgƒ‚ªè‚ª‚¯‚éƒpƒ“‰®‚ÌƒNƒƒbƒNƒ€ƒbƒVƒ…‚Í‚È‚ñ‚Æ3í—ŞIi“Œ‹EŒb”äõj,https://news.yahoo.co.jp/articles/06790a9e157f4efbc23f6642f17b7fb86811839e,6/4(‰Î) 6:30
tabelog,H‚×ƒƒOƒ}ƒKƒWƒ“,D–y‚Ìl‹C“X‚ª“Œ‹‚Å’§íI ‚Ô‚è‚ñ‚Ô‚è‚ñ‚Èè†‚İ‘¾–Ë‚ÆƒKƒbƒcƒŠŒnÏŠ±‚µƒX[ƒv‚Éƒnƒ}‚él‘±oi“Œ‹E‹ã’i‰ºj,https://news.yahoo.co.jp/articles/de42b5ef85c7cef87f69a71767324d7ef9ae15a2,6/3(Œ) 6:30
tabelog,H‚×ƒƒOƒ}ƒKƒWƒ“,¢ŠE‚ª’–Ú‚·‚éŠú‘Ò‚Ì‘åŒ^VlI ƒ[ƒJƒ‹ƒKƒXƒgƒƒmƒ~[‚ği‰»‚³‚¹‚éVi‹C‰s‚ÌƒtƒŒƒ“ƒ`EƒVƒFƒt‚Ì“W–]‚É”—‚é,https://news.yahoo.co.jp/articles/a34423186750e2b50bc7fcadaada8b8348871425,6/3(Œ) 6:30
tabelog,H‚×ƒƒOƒ}ƒKƒWƒ“,uH‚×‚év‚Æ‚¢‚¤‚±‚Æ‚ÌŒ´“_‚ÉBuKURKKU FIELDSv‚Å‘ÌŒ±‚Å‚«‚éA‚¨‚¢‚µ‚¢ƒTƒXƒeƒiƒuƒ‹‚Æ‚ÍH,https://news.yahoo.co.jp/articles/94e5c8f4538338f88f03e0dced1c333ea6656402,6/3(Œ) 6:30
tabelog,H‚×ƒƒOƒ}ƒKƒWƒ“,¢ŠEƒ`ƒƒƒ“ƒsƒIƒ“‚Ìì‚éƒ‚ƒ`ƒ‚ƒ`éLqI •S–¼“X‚Ì2†“X‚ªƒI[ƒvƒ“i“Œ‹E¬—¯j,https://news.yahoo.co.jp/articles/bed01d56684453d8e19d8cb406669e1df24f1b67,6/2(“ú) 11:01
tabelog,H‚×ƒƒOƒ}ƒKƒWƒ“,–¼•¨‚ÍƒSƒƒSƒ“÷‚Ì“÷‰òƒnƒ“ƒo[ƒOI V•x’¬‚Ìl‹CƒCƒ^ƒŠƒAƒ“‚ªˆÚ“]‚µƒŠƒjƒ…[ƒAƒ‹ƒI[ƒvƒ“i“Œ‹E”ª’š–xj,https://news.yahoo.co.jp/articles/aa119f27cf7cfbc24b0f08205729a926a3bef16c,6/2(“ú) 11:01
tabelog,H‚×ƒƒOƒ}ƒKƒWƒ“,ƒƒ“ƒ‰ƒ“ƒNã‚ÌƒXƒC[ƒcI ŠÖ¼‚Ål‹C‚ÌÄ‚«‰Ùq“X‚ª“Œ‹‚É2“X•Ü–Ú‚ğƒI[ƒvƒ“i“Œ‹E©—R‚ª‹uj,https://news.yahoo.co.jp/articles/035373a80b328aa9177df23e191b34199f4ba148,6/2(“ú) 11:01
tabelog,H‚×ƒƒOƒ}ƒKƒWƒ“,uƒGƒXƒLƒXvogƒVƒFƒt‚É‚æ‚éAƒtƒŒƒ“ƒ`‚Æ˜aH‚ª—Z‡‚µ‚½ƒKƒXƒgƒƒmƒ~[Ii“Œ‹E¼–ƒ•zj,https://news.yahoo.co.jp/articles/fbf7f36306598c686b1717e414c4aa855d061f0a,6/2(“ú) 11:00
tabelog,H‚×ƒƒOƒ}ƒKƒWƒ“,ŠØ‘Å‘åƒnƒ“ƒo[ƒK[•ƒ`ƒLƒ“ƒuƒ‰ƒ“ƒh‚Ì‘“à1†“X‚ªŒö‰€’Ê‚è‚ÉƒI[ƒvƒ“Ii“Œ‹Ea’Jj,https://news.yahoo.co.jp/articles/784549715ae79712b9f13c5a7c03c7896e25a986,6/2(“ú) 11:00
tabelog,H‚×ƒƒOƒ}ƒKƒWƒ“,¡‚ª—\–ñ‚Ìƒ`ƒƒƒ“ƒXI ’†–Ú•‚©‚ç‹âÀ‚ÖˆÚ“]‚µ‚½‘å–ôi’†‚Ì“÷Š„–B,https://news.yahoo.co.jp/articles/02060e4555f83d63e5ed93e922930f18444e8d29,6/1(“y) 11:02
tabelog,H‚×ƒƒOƒ}ƒKƒWƒ“,ç—tE–ØX’Ã‚É‚ ‚é•¡‡{İuKURKKU FIELDSv‚Ål‚Æ©‘R‚ª‹¤‘¶‚·‚éAƒTƒXƒeƒiƒuƒ‹‚È‘ÌŒ±‚ğI,https://news.yahoo.co.jp/articles/06bb32226cb34c078d361e36e359bf61be43733f,6/1(“y) 11:01
tabelog,H‚×ƒƒOƒ}ƒKƒWƒ“,uƒRƒ‹ƒVƒJv‚Ì–¡‚ğó‚¯Œp‚®I ”„‚ê‚Áqo’£—¿—l‚ª“Æ—§ŠJ‹Æ‚µ‚½ƒCƒ^ƒŠƒAƒ“i“Œ‹E–ƒ•z\”Ôj,https://news.yahoo.co.jp/articles/bcd3f1ec7a00f0e77a7ad9ba8d42135590baea10,6/1(“y) 11:01
tabelog,H‚×ƒƒOƒ}ƒKƒWƒ“,‚Ó‚©A‚à‚¿A‚Ş‚¬‚ã‚Ìƒx[ƒOƒ‹‚ª‚½‚Ü‚ç‚È‚¢I ‘ãX–ØŒö‰€‚Ìl‹C“X‚ªV“X•Ü‚ğƒI[ƒvƒ“i“Œ‹E©—R‚ª‹uj,https://news.yahoo.co.jp/articles/26eb5d93f89ce40d1f335afad2b78abdb6a45252,6/1(“y) 11:01
tabelog,H‚×ƒƒOƒ}ƒKƒWƒ“,‚±‚ê‚¼—ß˜a‚Ì‚·‚«Ä‚«B‹Éã“÷~ƒƒŒƒ“ƒQ—‘‚Éˆİ‘Ü‚Â‚©‚Ü‚ê‚éAŒÕƒm–å‚ÌƒJƒEƒ“ƒ^[‚·‚«Ä‚«“X,https://news.yahoo.co.jp/articles/6b85c0135bd5ae9b4fc510705ab013e086ec20b8,6/1(“y) 11:01
tabelog,H‚×ƒƒOƒ}ƒKƒWƒ“,O‚Â¯ƒtƒŒƒ“ƒ`og‚Ìƒ\ƒ€ƒŠƒG‚ªƒI[ƒi[I ŠÅ”Âƒƒjƒ…[‚ÍƒƒCƒ“‚ª‚·‚·‚ŞuƒJƒjƒNƒŠ[ƒ€ƒRƒƒbƒPvi“Œ‹E´Ÿ”’‰Íj,https://news.yahoo.co.jp/articles/b07b81f0085aa1bb30021fb792b2897fff746676,5/31(‹à) 6:32
tabelog,H‚×ƒƒOƒ}ƒKƒWƒ“,ƒoƒ^[‚¶‚ã‚í‚Á‚ÆÅ‚‚Ìè“yY ƒXƒC[ƒcê–å‰Æ‚ª‘I‚ÔAÄ‚«‚½‚ÄƒtƒBƒiƒ“ƒVƒF‚Ì‚¨‚¢‚µ‚¢“X,https://news.yahoo.co.jp/articles/b75d64471a49972991879a14bc5c6a35ba6e2340,5/31(‹à) 6:32
tabelog,H‚×ƒƒOƒ}ƒKƒWƒ“,¡‚·‚®H‚×‚½‚¢I ÅVƒWƒFƒ‰[ƒg10‘I,https://news.yahoo.co.jp/articles/57533bcbf2d5aff0c2064b12e350a5562bcafffc,5/31(‹à) 6:32
tabelog,H‚×ƒƒOƒ}ƒKƒWƒ“,ƒŠƒsŠm’èI s—ñ‚ª‚Å‚«‚é‰º–k‘ò‚ÌƒJƒŒ[‰®‚ÌƒvƒŠƒ“‚Ì”é–§‚É”—‚é,https://news.yahoo.co.jp/articles/6fadeef458c017fb9e99387b2ba3d3ae86473848,5/31(‹à) 6:31
tabelog,H‚×ƒƒOƒ}ƒKƒWƒ“,˜b‘è‚ÌV“X11Œ¬‚ğ‚Ü‚Æ‚ß‚ÄĞ‰îI —\–ñ¢“ï‚Ìâ•iƒtƒŒƒ“ƒ`‚©‚çA‹“s‚ÌƒXƒpƒCƒXƒJƒŒ[‚Ü‚Å,https://news.yahoo.co.jp/articles/591d5d05ce5a639281e09fbe861727defd2b1f0b,5/31(‹à) 6:31
tabelog,H‚×ƒƒOƒ}ƒKƒWƒ“,‚ ‚¶‚³‚¢‚Ì‹Gß‚Ìƒvƒ`—·s‚ÉI Š™‘q‚Å‚¨‚³‚¦‚é‚×‚«AÅ{HƒXƒ|ƒbƒg9‘I,https://news.yahoo.co.jp/articles/7c9f2f19a66714e97febe0d69bddd69eef5f6fc5,5/30(–Ø) 6:30
tabelog,H‚×ƒƒOƒ}ƒKƒWƒ“,–ñ90ƒuƒ‰ƒ“ƒh‚ÌƒNƒbƒL[ŠÊ‚ª‘S‘‚©‚ç‘åW‡I è“yY‚É‚à‚Å‚«‚éAƒNƒbƒL[‚Ì”——‰ï‚ªŠJÃ,https://news.yahoo.co.jp/articles/bc383e7c1c7c85cf534d508a31aaab02a68dbb17,5/30(–Ø) 6:30
tabelog,H‚×ƒƒOƒ}ƒKƒWƒ“,‘ä˜p‚Ìƒ\ƒEƒ‹ƒt[ƒh‚Å‰‹N‚ª—Ç‚­‚È‚é “Ø“÷‚Ì‚¤‚Ü‚İÛ—§‚Â‘ä˜pƒo[ƒK[i“Œ‹E‚“c”nêj,https://news.yahoo.co.jp/articles/17dbf8824f492e91ba5bce1dbc0a54880b052ee3,5/30(–Ø) 6:30
tabelog,H‚×ƒƒOƒ}ƒKƒWƒ“,ƒXƒC[ƒc‚Ìƒvƒ‚ª‚¨‚·‚·‚ßI ‚±‚Ì‰ÄH‚×‚½‚¢u˜a•—v‚©‚«•X5‘I,https://news.yahoo.co.jp/articles/3acd3c473a342103ecb730e10d4cf754ab964a52,5/30(–Ø) 6:30
tabelog,H‚×ƒƒOƒ}ƒKƒWƒ“,ƒI[ƒvƒ“‘X—\–ñ¢“ï“X‚ÉI ‚ ‚Ìu‚Æ‚¾‚©H“°v‚Ì4†“X‚ªƒt[ƒhƒz[ƒ‹‚É’a¶i“Œ‹E‘åèL¬˜Hj,https://news.yahoo.co.jp/articles/712d118612151c9e7aae90f3bc20a67eb21a51a9,5/29(…) 6:31
tabelog,H‚×ƒƒOƒ}ƒKƒWƒ“,ƒR[ƒX1–œ‰~‘äI ƒOƒ‹ƒ‚Èl‚É‚àŠmÀ‚ÉŠì‚Î‚ê‚éuÚ‘Ò‚Åg‚¦‚é“Xv10‘I,https://news.yahoo.co.jp/articles/09ac52ad075a93b54a08e0d0a8b4477c2c716271,5/29(…) 6:31
tabelog,H‚×ƒƒOƒ}ƒKƒWƒ“,V‚½‚ÈƒVƒ‡ƒRƒ‰‚Ì–£—Í‚Éo‡‚¤I ƒ‹ƒCEƒƒuƒVƒ‡ƒ“‚ªèŠ|‚¯‚é‰‚ÌƒVƒ‡ƒRƒ‰ƒgƒŠ[i“Œ‹E•\Q“¹j,https://news.yahoo.co.jp/articles/3eb5be0ae39c87aa9d8d4dedd4b9ffd53f6fe90d,5/29(…) 6:30
tabelog,H‚×ƒƒOƒ}ƒKƒWƒ“,‹ß–¢—ˆ‹óŠÔ‚Å“ú–{HŞ~¢ŠE‚Ìƒtƒ…[ƒWƒ‡ƒ“—¿—‚ğŠy‚µ‚ŞA“ú–{ƒƒCƒ“ê–åƒo[‚ªƒI[ƒvƒ“i‹“sE‰GŠÛŒÜğj,https://news.yahoo.co.jp/articles/506dc4c8c6569eec15511097d85fcbbc7dc4339c,5/29(…) 6:30
tabelog,H‚×ƒƒOƒ}ƒKƒWƒ“,–Ëƒ‰ƒo[‚à’–ÚB—\–ñ‚Ìæ‚ê‚È‚¢ƒJƒŒ[“XuKalpasiv‚ÌV‹Æ‘Ô‚Í‚È‚ñ‚ÆAƒ‰[ƒƒ““XI,https://news.yahoo.co.jp/articles/f36cf158c8baafcd84ed439f19b4d176085cf193,5/28(‰Î) 6:32
tabelog,H‚×ƒƒOƒ}ƒKƒWƒ“,•Û‘¶‚ª‘‚¦‚é‚Ì‚É‚ÍƒƒP‚ª‚ ‚éI “Œ‹ƒGƒŠƒA‚ÌH‚×ƒƒO•Û‘¶”‚Ì‘‰Áƒ‰ƒ“ƒLƒ“ƒO‚ğ”­•\Ii2024”N4Œj,https://news.yahoo.co.jp/articles/b6d2fe9f3f5792486b3a59f926912a6e3dba4da6,5/28(‰Î) 6:32
tabelog,H‚×ƒƒOƒ}ƒKƒWƒ“,qHR‹ï‹`‚Ì¡Œ‚ÌNEW–Ëru–Ë‚âµÊv‚È‚Ç–¼“X‚ÅC‹ÆAİ–û‚Ì‚è‚ª—§‚Âƒ‰[ƒƒ“,https://news.yahoo.co.jp/articles/f918552413f9343137317763562288d251a19cb5,5/28(‰Î) 6:31
tabelog,H‚×ƒƒOƒ}ƒKƒWƒ“,ã¿‚È“÷‚É‘å–‘«I –{Ši“I‚È‚·‚«Ä‚«‚Æ‚µ‚á‚Ô‚µ‚á‚Ô‚ğ‹CŒy‚ÉŠy‚µ‚ß‚élƒc‹´‚ÌV–¼Ši‘åãElƒc‹´j,https://news.yahoo.co.jp/articles/0e1ce5be5a53f216fb096c598d0446280786fc49,5/28(‰Î) 6:31
tabelog,H‚×ƒƒOƒ}ƒKƒWƒ“,‹“s‚Ì’©ƒJƒŒ[‚ÉŠú‘Ò‚Ìƒjƒ…[ƒJƒ}[I ƒXƒpƒCƒX‚é–{Ši”h‚Éƒnƒ}‚él‘±oi‹“sElğj,https://news.yahoo.co.jp/articles/b585c63b8b030f3b66e9c240262f56c4296c70bb,5/28(‰Î) 6:30
tabelog,H‚×ƒƒOƒ}ƒKƒWƒ“,ŠÅ”Âƒƒjƒ…[‚Íu­ƒ{ƒƒl[ƒ[‚Ìƒ‰ƒUƒjƒAvBƒWƒrƒG‚ª‚¨‚¢‚µ‚¢ƒJƒWƒ…ƒAƒ‹ƒCƒ^ƒŠƒAƒ“i“Œ‹Eó‘j,https://news.yahoo.co.jp/articles/9a582191c4effd7cf9940789aaa4b929d92e0ec8,5/26(“ú) 11:02
tabelog,H‚×ƒƒOƒ}ƒKƒWƒ“,—\–ñ¢“ï“Xog‚ÌƒVƒFƒt‚ªD‚è‚È‚·AƒCƒm[‚×ƒeƒBƒuEƒtƒ…[ƒWƒ‡ƒ“i“Œ‹E”’‹à‘äj,https://news.yahoo.co.jp/articles/20e3c08ad0050cfdac0c0b1c3cc86f6a27d4a7c9,5/26(“ú) 11:02
tabelog,H‚×ƒƒOƒ}ƒKƒWƒ“,‘ål‚ÌŠX‚ÅŠy‚µ‚ŞAâ•i‚Â‚Ü‚İ‚Ìˆ‚Èg‚»‚Î‘Oh‚Æ‚è‚‚¢\Š„‚»‚Îi“Œ‹E_Šyâj,https://news.yahoo.co.jp/articles/e29d0b58a336678e5968b50e98ebcbc9275bd2a9,5/26(“ú) 11:00
tabelog,H‚×ƒƒOƒ}ƒKƒWƒ“,˜b‘è‚ÌŠØ‘ƒOƒŠ[ƒNƒˆ[ƒOƒ‹ƒgê–å“X‚ª“oêI ”ZŒú‚Å‚à‚Á‚¿‚èƒNƒŠ[ƒ~[‚ÈHŠ´‚É‚¤‚Á‚Æ‚èi“Œ‹EŒ´hj,https://news.yahoo.co.jp/articles/2a55da777c57b8c76090d289170fb21a894c37db,5/25(“y) 11:03
tabelog,H‚×ƒƒOƒ}ƒKƒWƒ“,uCRAZY PIZZAv‚ğ‚¨‰Æ‚Å‚àI Š´“®‚Ì‚ ‚Ì–¡‚ğ‚¨“Í‚¯‚·‚éƒIƒ“ƒ‰ƒCƒ“ƒXƒgƒAŠJ“X,https://news.yahoo.co.jp/articles/eecf697ed9f208f86891526ad7515bbda1111b6a,5/25(“y) 11:03
tabelog,H‚×ƒƒOƒ}ƒKƒWƒ“,‰½“x‚Å‚às‚«‚½‚­‚È‚éBƒoƒjƒ‰‚ª‚éŠ•Ÿ‚Ìƒpƒ“ƒP[ƒL“X‚ªˆÚ“]ƒI[ƒvƒ“i“Œ‹EO‘é‘äj,https://news.yahoo.co.jp/articles/917d472370eb7e645da7212e2052311874432a69,5/25(“y) 11:00
tabelog,H‚×ƒƒOƒ}ƒKƒWƒ“,˜b‘è‚ÌV“X10Œ¬‚ğ‚Ü‚Æ‚ß‚ÄĞ‰îI –{Ši”h‚ÌƒVƒ“ƒKƒ|[ƒ‹—¿—“X‚©‚çAó‘‚Ìl‹CƒfƒU[ƒgê–å“X‚Ü‚Å,https://news.yahoo.co.jp/articles/3bf5e8c847bb2f1e3424964de287c94bed79c5ac,5/24(‹à) 6:30
tabelog,H‚×ƒƒOƒ}ƒKƒWƒ“,‹_‰€‚Ìƒ}ƒ}‚É•·‚­I ‹“s‚Åuƒpƒ“v‚ğ”ƒ‚¤‚È‚ç‚±‚Ì‚¨“X,https://news.yahoo.co.jp/articles/ddfa74e31831ce3bfcec588245e8f858f5f3bebb,5/24(‹à) 6:30
tabelog,H‚×ƒƒOƒ}ƒKƒWƒ“,ƒf[ƒg‚â‹L”O“ú‚É–K‚ê‚½‚¢A—\–ñ¢“ï‚ÈƒtƒŒƒ“ƒ`ƒŒƒXƒgƒ‰ƒ“‚ªÄƒI[ƒvƒ“Ii“Œ‹E–ƒ•z\”Ôj,https://news.yahoo.co.jp/articles/07331fb61d992bd9fe792061d8e8f6076453a645,5/24(‹à) 6:30
tabelog,H‚×ƒƒOƒ}ƒKƒWƒ“,ƒXƒC[ƒc‚Ìƒvƒ„‘EI ¢ŠEˆê‚ÆÌ‚³‚ê‚é˜V•Üƒzƒeƒ‹‚Ì‚Æ‚ë‚¯‚éƒtƒŒƒ“ƒ`ƒg[ƒXƒg,https://news.yahoo.co.jp/articles/2a94ac1bb618589d00410eaa66a93e6c9e6cdb3a,5/24(‹à) 6:30
tabelog,H‚×ƒƒOƒ}ƒKƒWƒ“,‘Šz››–œ!? 1ƒJŒ‚ÌH–ƒXƒPƒWƒ…[ƒ‹‚ÆH”ï‚ğ‘SŒöŠJIi4ŒEƒ}ƒbƒL[–qŒ³j,https://news.yahoo.co.jp/articles/803dc3949408b630cd6fbb8429e05c69a8e7b370,5/23(–Ø) 6:30
tabelog,H‚×ƒƒOƒ}ƒKƒWƒ“,ƒCƒ^ƒŠƒAƒ“umalcav‚Ì–k–ìƒVƒFƒt‚Ì‚Æ‚ñ‚©‚Âˆ¤‚ªày—ôI ŠO‰‘‘O‚ÉŠú‘Ò‚Ì‚Æ‚ñ‚©‚Âê–å“X‚ª’a¶,https://news.yahoo.co.jp/articles/6cbcca1240e2383df9b153e708d8d4b498c6c561,5/23(–Ø) 6:30
tabelog,H‚×ƒƒOƒ}ƒKƒWƒ“,–¼•¨‚ÍÕŒ‚‚Ì‚Ó‚í‚Ó‚í¶ƒnƒ€I ƒAƒ‰ƒJƒ‹ƒg‚àOK‚È‚¨Ÿ­—ƒCƒ^ƒŠƒAƒ“‚ª‰º’¬‚É’a¶,https://news.yahoo.co.jp/articles/6d76144bf2e966a74d588d3b43f55e536b3b568e,5/23(–Ø) 6:30
tabelog,H‚×ƒƒOƒ}ƒKƒWƒ“,‹“sE_‹{ŠÛ‘¾’¬A‰ÍŒ´’¬’Ê‰ˆ‚¢‚É‚ ‚éAƒAƒ‰ƒJƒ‹ƒg‚ÌÄ’¹“XI ƒtƒŒƒbƒVƒ…‚È‹Ô’nŒ{‚Æ”Mà“‚ğŠ¬”\‚µ‚Ä,https://news.yahoo.co.jp/articles/fc6e65b4d940d16ddf7cdce945bf9e63e083b77e,5/22(…) 6:30
tabelog,H‚×ƒƒOƒ}ƒKƒWƒ“,ƒTƒNƒbƒzƒ‚Ìâ•iƒXƒR[ƒ“‚ª1‚Â172‰~‚©‚ç!!i_“ŞìEŠ™‘qj,https://news.yahoo.co.jp/articles/59f7ca35f5d647a6ce068d3d16ec05f947b1ae64,5/22(…) 6:30
tabelog,H‚×ƒƒOƒ}ƒKƒWƒ“,“Xå©‚çë—ÂI ƒWƒrƒG—¿—‚Ìl‹C“Xuƒr[ƒgƒC[ƒgv‚ªƒnƒ‰ƒJƒh‚Éo“Xi“Œ‹E–¾¡_‹{‘Oj,https://news.yahoo.co.jp/articles/30d2ceceb46ff1d9c73e78801c452c167ab1054a,5/21(‰Î) 6:30
tabelog,H‚×ƒƒOƒ}ƒKƒWƒ“,‹“sE‘û–òtên‰®’¬‚É‚Å‚«‚½Al‹CƒCƒ^ƒŠƒAƒ“ŠÄC‚ÌV“XI ƒVƒ“ƒvƒ‹‚ÅƒƒCƒ“‚ªi‚Ş—¿—‚ğƒJƒWƒ…ƒAƒ‹‚ÉŠy‚µ‚ñ‚Å,https://news.yahoo.co.jp/articles/602c678957d28f04f6b527c8e110deaead6bb35d,5/21(‰Î) 6:30
tabelog,H‚×ƒƒOƒ}ƒKƒWƒ“,l‹CƒCƒ“ƒXƒ^ƒOƒ‰ƒ}[‚ª‹³‚¦‚éÅ‚‚ÌˆêM‚ÍA‚½‚Ü‚ç‚È‚¢‘g‚İ‡‚í‚¹‚É–ãâIu¼ã‹ƒtƒBƒŒ“÷‚ÆƒtƒHƒAƒOƒ‰‚ÌƒpƒC•ï‚İÄgƒEƒFƒŠƒ“ƒgƒ“hv,https://news.yahoo.co.jp/articles/26a44389dd6a0d2ae29f370a0f8271bbe070b132,5/21(‰Î) 6:30
tabelog,H‚×ƒƒOƒ}ƒKƒWƒ“,ŠOH‚Í”NŠÔ600‰ñˆÈãI ƒ}ƒbƒL[–qŒ³‚Ì”­Œ@I’n•û‚Ì–¼“X`‘åã•Ò`,https://news.yahoo.co.jp/articles/19636628e94c492684b148360f03bf180426dced,5/20(Œ) 6:30
tabelog,H‚×ƒƒOƒ}ƒKƒWƒ“,‰w’¼Œ‹‚ª‚¤‚ê‚µ‚¢I H—tŒ´‚Ål‹C‚ÌƒJƒŒ[“XuƒJƒŠƒKƒŠv‚ªVŒä’ƒƒm…‰w‚É’a¶,https://news.yahoo.co.jp/articles/6d85453b25351efeb311af6ac521e0f2010c6c3c,5/20(Œ) 6:30
tabelog,H‚×ƒƒOƒ}ƒKƒWƒ“,ƒsƒbƒcƒ@D‚«‚ÌŠÔ‚Å‘‚­‚à˜b‘è‚É‚È‚Á‚Ä‚¢‚é¢ŠEÅ‚•ô‚Ìƒsƒbƒcƒ@i“Œ‹EÔâŒ©•j,https://news.yahoo.co.jp/articles/68131c91dfcf824ead533c2d15fe1c9555628674,5/19(“ú) 11:02
tabelog,H‚×ƒƒOƒ}ƒKƒWƒ“,“Œ‹ƒ^ƒ[‚ğ’­‚ß‚È‚ª‚çŠ¬”\‚·‚éƒCƒ^ƒŠƒAƒ“I ƒXƒyƒVƒƒƒŠƒe‚ÍƒA[ƒŠƒIƒI[ƒŠƒIƒXƒpƒQƒbƒeƒB[ƒji“Œ‹EŠO‰‘‘Oj,https://news.yahoo.co.jp/articles/f9d85738de4ab26177efd6647bac7854a61d898c,5/19(“ú) 11:01
tabelog,H‚×ƒƒOƒ}ƒKƒWƒ“,‘åã‚Ì–¼Œš’zEÅìƒrƒ‹‚É’a¶‚µ‚½‰B‚ê‰ÆƒŠƒXƒgƒ‰ƒ“ƒe‚ÖI 100”N’´‚¦‚Ì‹óŠÔ‚Å–¡‚í‚¤AƒCƒ^ƒŠƒA‚Ìƒ‚ƒ_ƒ“•ƒNƒ‰ƒVƒbƒN,https://news.yahoo.co.jp/articles/a64f8be141df08c3cc6fc8283f59f57336ca2ea4,5/19(“ú) 11:01
tabelog,H‚×ƒƒOƒ}ƒKƒWƒ“,‹ØƒgƒŒ’†‚Å‚àƒ‰[ƒƒ“‚ªH‚×‚½‚¢I ‚ƒ^ƒ“ƒpƒN’áƒJƒƒŠ[A‚È‚Ì‚É”ZŒú‚È|‚İ‚Ìƒ‰[ƒƒ“‚ª’a¶,https://news.yahoo.co.jp/articles/36711d4916ff16898bcf963f8e8b1f0e04697c07,5/19(“ú) 11:00
tabelog,H‚×ƒƒOƒ}ƒKƒWƒ“,•Ÿ‰ª‚Ì‚¤‚Ç‚ñ•¶‰»‚ğ‘åã‚ÖI ‚Ó‚í‚Ó‚íHŠ´•o`‚ğ‹z‚Á‚Ä‚Ç‚ñ‚Ç‚ñ‚¨‚¢‚µ‚­‚È‚éu˜a‹“÷‚²‚Ú‚¤“V‚¤‚Ç‚ñv,https://news.yahoo.co.jp/articles/89aaa84c4f184bf67dc7160aaea04f86fc094c8d,5/18(“y) 11:03
tabelog,H‚×ƒƒOƒ}ƒKƒWƒ“,õi~‚Â‚Ü‚İ~ƒo[‚ÌƒnƒCƒuƒŠƒbƒh‚ªV’ª—¬,https://news.yahoo.co.jp/articles/9ad99c3fe44461c2ec6173d7d2b8c695256c13cd,5/18(“y) 11:03
tabelog,H‚×ƒƒOƒ}ƒKƒWƒ“,ƒXƒC[ƒcƒtƒ@ƒ“‘Ò–]I —\–ñ¢“ï‚ÈƒJƒEƒ“ƒ^[ƒfƒU[ƒg“X‚ªAó‘‚Éo–…“X‚ğƒI[ƒvƒ“i“Œ‹Eó‘j,https://news.yahoo.co.jp/articles/e4662dad61533705a853f97f2b841e9cd19b70b6,5/18(“y) 11:02
tabelog,H‚×ƒƒOƒ}ƒKƒWƒ“,˜e‰®ƒVƒFƒt‚©‚çŒO“©‚ğó‚¯‚½ˆ¤’íq‚ªa’J‚É‹ãBˆ¤‚ ‚Ó‚ê‚é’†‘—¿—“X‚ğƒI[ƒvƒ“I,https://news.yahoo.co.jp/articles/c3060ce7c5f5c5f51d2f2297eaaf5a75a3719ddc,5/18(“y) 11:00
tabelog,H‚×ƒƒOƒ}ƒKƒWƒ“,˜b‘è‚ÌV“X3Œ¬‚ğ‚Ü‚Æ‚ß‚ÄĞ‰îI l‹C‚ÌƒXƒC[ƒc“X‚©‚çAŒyˆä‘ò‚ÌƒŒƒXƒgƒ‰ƒ“‚Ü‚Å,https://news.yahoo.co.jp/articles/8783fea84e7b7eb370e66ded6407a7512f5e7060,5/17(‹à) 6:31
tabelog,H‚×ƒƒOƒ}ƒKƒWƒ“,—ß˜a‚ÌƒOƒ‹ƒ‰¤A•lè—´‚ª’–ÚI ‘åã‚Åo‰ï‚Á‚½Aˆù‚İ•ú‘è‚à‚ ‚éƒnƒCƒRƒXƒp‚ÈÄ‚«’¹,https://news.yahoo.co.jp/articles/e1292427d4a2fbc5ea332043d27b489152365b7e,5/17(‹à) 6:30
tabelog,H‚×ƒƒOƒ}ƒKƒWƒ“,qH‚×ƒƒO3.5ˆÈ‰º‚Ì‚¤‚Ü‚¢“XrÄ‚«’¹ƒu[ƒ€‚Ì—§–ğÒ‚ª–ƒ•z\”Ô‚ÉŒ»‚éI —\–ñ¢“ï‚É‚È‚é‘O‚É–K‚ê‚é‚×‚µ,https://news.yahoo.co.jp/articles/15da57cdc2e6d93c0d4364506f19c36273a874f0,5/17(‹à) 6:30
tabelog,H‚×ƒƒOƒ}ƒKƒWƒ“,ƒJƒŠƒbAƒWƒ…ƒƒb‚ÈƒNƒŠƒXƒs[ƒ|[ƒN‚ªâ•iI –{êƒVƒ“ƒKƒ|[ƒ‹‰®‘ä”Ñ‚ğŠy‚µ‚ß‚é“X‚ªƒI[ƒvƒ“i“Œ‹Ea’Jj,https://news.yahoo.co.jp/articles/6ce796b02007533291fd818a4bfc0d96b7d861a4,5/17(‹à) 6:30
tabelog,H‚×ƒƒOƒ}ƒKƒWƒ“,a’J‰w‘O‚Éu‰ô“]é½ ‹âÀ‚¨‚Ì‚Å‚ç–{“Xv‚Ìg‘§q“Xh‚ª’a¶Ii“Œ‹Ea’Jj,https://news.yahoo.co.jp/articles/f76e021dbebdead854158fe408beb895f58e68be,5/16(–Ø) 6:30
tabelog,H‚×ƒƒOƒ}ƒKƒWƒ“,ƒXƒC[ƒc‚Ìƒvƒ‚ª‚¨‚·‚·‚ßI ¡‚·‚®H‚×‚½‚¢ƒVƒ…[ƒNƒŠ[ƒ€10‘I,https://news.yahoo.co.jp/articles/acc942eeadd9c2fd524c84bafaf074805ed635ec,5/16(–Ø) 6:30
tabelog,H‚×ƒƒOƒ}ƒKƒWƒ“,¬’rb‚ª„‚·u—\–ñ¢“ï—\”õŒRv‚ÌÄ“÷“X‚Í‚±‚±‚¾I ©—R‚ª‹u‰w‚©‚ç“k•à30•b‚ÌêŠ‚É‚ ‚éA‹Éã‚Ì“÷¿‚ğŒÖ‚éƒfƒB[ƒv‚ÈÄ“÷“X,https://news.yahoo.co.jp/articles/964dcec38c2b2378f7999bab9842eccd6548128b,5/16(–Ø) 6:30
tabelog,H‚×ƒƒOƒ}ƒKƒWƒ“,‚±‚±‚Å‚µ‚©o‰ï‚¦‚È‚¢I ƒJƒŒ[‚ÆƒƒCƒ“‚Ìƒ}ƒŠƒA[ƒWƒ…‚ğŠy‚µ‚ß‚éV“X‚ªƒI[ƒvƒ“i“Œ‹E–kQ“¹j,https://news.yahoo.co.jp/articles/f56ce1d23eba39c97533480eaf67f6724dc1a9b5,5/15(…) 6:32
tabelog,H‚×ƒƒOƒ}ƒKƒWƒ“,ƒGƒXƒjƒbƒN~’†‰Ø‚ÌVŠ´Šo—¿—‚ª‚¤‚Ü‚¢I ƒVƒ“ƒKƒ|[ƒ‹—¿—‚Ìl‹C“X‚ª2†“X‚ğƒI[ƒvƒ“i“Œ‹Ea’Jj,https://news.yahoo.co.jp/articles/565bb47d99978898c8d630417d935f2dc8dc0226,5/15(…) 6:32
tabelog,H‚×ƒƒOƒ}ƒKƒWƒ“,’–Ú‚ÌV“X‚ğˆê‹“‚²Ğ‰îI 4Œ‚ÌNew Open Newsƒ‰ƒ“ƒLƒ“ƒO,https://news.yahoo.co.jp/articles/d7538fccd7e2e8f6ab5e4e63b50793dc80ad1cbf,5/15(…) 6:32
tabelog,H‚×ƒƒOƒ}ƒKƒWƒ“,‰·‚©‚­‚Ä—â‚½‚¢ƒVƒ…[ƒNƒŠ[ƒ€ VHŠ´‚É‹Á‚­I l‹CƒNƒƒƒbƒTƒ“ê–å“X‚©‚çVƒuƒ‰ƒ“ƒh‚ª’a¶i‹“sE¼Œü“új,https://news.yahoo.co.jp/articles/ab2bb19b3c96a74856fb4587ba2c373319abbd6d,5/15(…) 6:31
tabelog,H‚×ƒƒOƒ}ƒKƒWƒ“,qH‚×ƒƒO3.5ˆÈ‰º‚Ì‚¤‚Ü‚¢“XrĞ‰î§‚Ì“÷Š„–B‚ªˆê”Ê—\–ñ‚ğŠJ•úI ‹Éã‚Ì“÷—¿—‚ğ‚¢‚¿‘‚­‘ÌŒ±‚µ‚½‚¢,https://news.yahoo.co.jp/articles/a82fb6dc5642d58657d0ee46be626e9a2026d306,5/14(‰Î) 6:30
tabelog,H‚×ƒƒOƒ}ƒKƒWƒ“,‰Æ’ë“I‚ÈƒeƒCƒXƒg‚ª’nŒ³–¯‚Ìˆİ‘Ü‚ğ–£—¹B˜@À‰w‚Å˜b‘è‚Ì“ì•“ŒƒCƒ“ƒh—¿—“X,https://news.yahoo.co.jp/articles/d163cf82835561db4d3cd96c27de5d3f87f9c194,5/14(‰Î) 6:30
tabelog,H‚×ƒƒOƒ}ƒKƒWƒ“,‚±‚ê‚¼gìèƒ}ƒWƒbƒNhB–ìØ‚ÌV‚½‚È–¡‚í‚¢‚ğˆø‚«o‚·V¶uƒtƒƒŠƒŒ[ƒWƒ…v‚Éƒt[ƒhƒ‰ƒCƒ^[‚à”M‹ü,https://news.yahoo.co.jp/articles/c205f9ba7b109a035612d7c9dd022246fdfccf05,5/14(‰Î) 6:30
tabelog,H‚×ƒƒOƒ}ƒKƒWƒ“,Œyˆä‘ò‚Ì–¼“X‚É‚È‚é—\Š´I —ğj‚ ‚é“@‘î‚Å‹Gß‚ğ–¡‚í‚¤ƒCƒ^ƒŠƒAƒ“i’·–ìEŒä‘ã“cj,https://news.yahoo.co.jp/articles/92c53f5da2fe82c0baa206505a1f646f9a46f488,5/12(“ú) 11:02
tabelog,H‚×ƒƒOƒ}ƒKƒWƒ“,1M200‰~`I ¬M‚Â‚Ü‚İ–L•x‚ÅA—«ˆêl‚Å‚à‹S’n‚Ì‚¢‚¢“Œ‹Eª’Ã‚Ì©‘R”hƒƒCƒ“ƒo[,https://news.yahoo.co.jp/articles/e405ddc1cff4debec15261e08eddc04b66907b90,5/12(“ú) 11:02
tabelog,H‚×ƒƒOƒ}ƒKƒWƒ“,‹C‰s‚ÌƒXƒ^[ƒpƒeƒBƒVƒG‚Ì–£—Í‚ğ–‹iI l‹Cƒuƒ‰ƒ“ƒh‚ª‘Ò–]‚ÌŠøŠÍ“X‚ğƒI[ƒvƒ“i“Œ‹E‘ãŠ¯Rj,https://news.yahoo.co.jp/articles/02a1d0285c6c8bce2a411d78910fe502b9148293,5/11(“y) 11:03
tabelog,H‚×ƒƒOƒ}ƒKƒWƒ“,Ä’¹ŠE‚ÌƒŒƒWƒFƒ“ƒhu’¹‚µ‚«v‰‚ÌƒeƒCƒNƒAƒEƒgê–å“X‚ªƒI[ƒvƒ“i“Œ‹E_’J’¬j,https://news.yahoo.co.jp/articles/e502311107e3a20faaae73aa0c14d899372f59be,5/11(“y) 11:03
tabelog,H‚×ƒƒOƒ}ƒKƒWƒ“,qH‚×ƒƒO3.5ˆÈ‰º‚Ì‚¤‚Ü‚¢“Xr¼‰¬ŒE‚Åˆù‚Ş‚È‚ç‚±‚±I ©‰Æ»ƒŒƒ‚ƒ“ƒTƒ[‚ÆƒIƒŒƒ“ƒWƒƒCƒ“‚ªÅ‚‚É‡‚¤A’†‰Ø~ƒrƒXƒgƒ,https://news.yahoo.co.jp/articles/4bc3bb6128cba137c6876c8d31f896bfc5a3f6c3,5/10(‹à) 6:32
tabelog,H‚×ƒƒOƒ}ƒKƒWƒ“,˜b‘è‚ÌV“X10Œ¬‚ğ‚Ü‚Æ‚ß‚ÄĞ‰îI ‹“s”­El‹Cƒx[ƒOƒ‹“X‚Ì“s“àˆÚ“]ƒI[ƒvƒ“‚©‚çuGINZA SIXv‚ÉƒI[ƒvƒ“‚µ‚½õi“X‚Ü‚Å,https://news.yahoo.co.jp/articles/9150e855b42d165a0c210ec5bd77f1acb85a8171,5/10(‹à) 6:32
tabelog,H‚×ƒƒOƒ}ƒKƒWƒ“,’‹‚©‚çƒƒCƒ“‚ªi‚ñ‚¶‚á‚¤I ƒnƒƒC‚Ì—L–¼ƒVƒFƒt‚ªè‚ª‚¯‚édÄ‚«ƒŒƒXƒgƒ‰ƒ“‚Ì[Àƒ‰ƒ“ƒ`,https://news.yahoo.co.jp/articles/d326c21a2c8f6650982ec9aca8d76611c8eafe19,5/10(‹à) 6:31
tabelog,H‚×ƒƒOƒ}ƒKƒWƒ“,"“V‘R–{‚Ü‚®‚ëg—p‚Ì‚¨‚Ü‚©‚¹ƒR[ƒX‚ª5,500‰~`I GINZA SIX‚É‚ƒRƒXƒp]ŒË‘Oé½‚ª“oêi“Œ‹E‹âÀj",https://news.yahoo.co.jp/articles/532b3967ab8bb1efecce7a4bd4ff748d6439a8f5,5/9(–Ø) 6:30
tabelog,H‚×ƒƒOƒ}ƒKƒWƒ“,‹“sE‘û–òtên‰®’¬¼“ü‚É‚ ‚é—mŠÙ‚ÌƒCƒ^ƒŠƒAƒ“‚ÅŒ³‹C‚É‚È‚ê‚é“ìƒCƒ^ƒŠƒA‚Ì‹½“y—¿—‚ğ–¡‚í‚Á‚Ä‚İ‚ÄI,https://news.yahoo.co.jp/articles/26d46259d2eedbabeec648ea2cc0c6e12cec3962,5/9(–Ø) 6:30
tabelog,H‚×ƒƒOƒ}ƒKƒWƒ“,‘Ò–]‚Ì•œŠˆI ‘åã‚Ì‘nìƒXƒpƒCƒX—¿—“Xuƒ‚ƒ_ƒ“ƒXƒpƒCƒX “ø‚Ì•§v‚ªç“ú‘O‚ÉˆÚ“]ƒI[ƒvƒ“,https://news.yahoo.co.jp/articles/d89e7f58c3b3ed05cf3f5cea84d7b4458ee1a9cc,5/9(–Ø) 6:30
tabelog,H‚×ƒƒOƒ}ƒKƒWƒ“,L”ö‚Ìl‹C‰B‚ê‰ÆƒtƒŒƒ“ƒ`‚ªAˆÚ“]ƒI[ƒvƒ“Ii“Œ‹EL”öj,https://news.yahoo.co.jp/articles/e3d6a397dee5a36bfdcee8e81b5d18c958cd99ba,5/8(…) 6:30
tabelog,H‚×ƒƒOƒ}ƒKƒWƒ“,‚Ç‚¿‚ç‚àH‚×‚½‚¢I ‘Ì‚É—D‚µ‚¢’èH‚ÆƒJƒƒŠ[ƒIƒt‚ÌƒpƒtƒF‚ğŠy‚µ‚ß‚éƒJƒtƒF‚ªƒI[ƒvƒ“i“Œ‹EŒb”äõj,https://news.yahoo.co.jp/articles/071246cf077618f5f2e7fa8e63f87589d1a0b35f,5/8(…) 6:30
tabelog,H‚×ƒƒOƒ}ƒKƒWƒ“,ƒfƒCƒŠ[‚É’Ê‚¦‚éI ƒt[ƒhƒ‰ƒCƒ^[‚ªˆ¤‚·‚éA1ŠÑ‚¸‚Â—Š‚ß‚éõi‰®8‘I,https://news.yahoo.co.jp/articles/3c225440db8f3c5596511bb45d885157826193b2,5/8(…) 6:30
tabelog,H‚×ƒƒOƒ}ƒKƒWƒ“,30”N‚É‚í‚½‚è‹g’›‚Ì—¿—’·‚ğ–±‚ß‚½“Xå‚ª‰Æ‘°˜A‚ê‚Å‚àg‚¦‚é“ú–{—¿—“X‚ğƒI[ƒvƒ“I i“Œ‹E÷V’¬j,https://news.yahoo.co.jp/articles/0d1cedb66122a1eeff3c07c8f79ec65cbbd7c39d,5/8(…) 6:30
tabelog,H‚×ƒƒOƒ}ƒKƒWƒ“,•xR‚ÌŠ•óAIWA 5‚ÆTrsonnieriƒgƒŒƒ]ƒjƒGj‚Ì–²‚Ì‹À‰ƒ,https://news.yahoo.co.jp/articles/992946a4e88876ae6aae4058491d8be69ee876c5,5/5(“ú) 11:02
tabelog,H‚×ƒƒOƒ}ƒKƒWƒ“,ˆ¤Œ¢‚Æˆê‚ÉH–‚ª‚µ‚½‚¢I Œ¢OK‚Èƒeƒ‰ƒXÈ‚ª‚ ‚é“X15‘I,https://news.yahoo.co.jp/articles/feb9be0fc7495ac1b32bc943ea3cd2e10c4588c2,5/5(“ú) 11:02
tabelog,H‚×ƒƒOƒ}ƒKƒWƒ“,—rD‚«‚ÌA—rD‚«‚É‚æ‚éA—rD‚«‚Ì‚½‚ß‚ÌƒCƒxƒ“ƒg‚ª–LF‚ÅŠJÃI,https://news.yahoo.co.jp/articles/0809c68a23596616c8680e5b8cb5ebdc297c5e99,5/5(“ú) 11:02
tabelog,H‚×ƒƒOƒ}ƒKƒWƒ“,—ß˜a‚ÌƒOƒ‹ƒ‰¤A•lè—´‚ª’–ÚI ‹à‘ò‚Åo‰ï‚Á‚½Aí‰·ƒ~ƒ‹ƒNƒeƒB[‚ÌV‚µ‚¢–£—Í,https://news.yahoo.co.jp/articles/9479dc332f4652552413f4544a2c78557573a248,5/4(“y) 11:01
tabelog,H‚×ƒƒOƒ}ƒKƒWƒ“,qH‚×ƒƒO3.5ˆÈ‰º‚Ì‚¤‚Ü‚¢“Xr“‚—g‚°ê–å‰Æ‚ª„‚·I •ÊŠi‚ÌƒKƒŠƒWƒ…ƒHŠ´‚ª‚·‚²‚¢ƒ„ƒ“ƒjƒ‡ƒ€ƒ`ƒLƒ“,https://news.yahoo.co.jp/articles/7a5f2dab434f44efd67f4fe3c303918f70bba11d,5/4(“y) 11:01
tabelog,H‚×ƒƒOƒ}ƒKƒWƒ“,ƒCƒ^ƒŠƒA‚ÅC‹Æ‚ğÏ‚ñ‚¾ŒZ’íƒVƒFƒt‚É‚æ‚éA‰Ø‚â‚©‚ÈƒCƒ^ƒŠƒAƒ“ƒŒƒXƒgƒ‰ƒ“‚ªƒI[ƒvƒ“i•ºŒÉEO‹{j,https://news.yahoo.co.jp/articles/a490b53ec01416edc651bf5cf3b901addb162c2f,5/4(“y) 11:01
tabelog,H‚×ƒƒOƒ}ƒKƒWƒ“,"•ê‚Ì“ú‚És‚«‚½‚¢AƒR[ƒX5,500‰~ˆÈ“à‚Ìƒzƒeƒ‹ƒ‰ƒ“ƒ`",https://news.yahoo.co.jp/articles/ac55dbdadb0df8635414f469ec080dcfe0eb8af4,5/3(‹à) 11:02
tabelog,H‚×ƒƒOƒ}ƒKƒWƒ“,q‘å–Ø~•v‚Ì4Œ‚ÌV“XƒAƒhƒŒƒXrVh‚Å˜b‘è‚ÌƒOƒ‹ƒƒGƒŠƒA‚âA‘åã‚Ìl‹Cƒ^ƒC—¿—“X‚ªƒI[ƒvƒ“,https://news.yahoo.co.jp/articles/c7fbc7e26ad8b4d7ba92210ab16c0cf39286d7f0,5/3(‹à) 11:02
tabelog,H‚×ƒƒOƒ}ƒKƒWƒ“,Š´“®‚ğŒÄ‚ÔaV‚È‰ùÎ—¿—I “ú–{—¿—ŠE‚É”ò‚Ñ‹‰‚ÅŒ»‚ê‚½Šú‘Ò‚Ì‘åŒ^Vl‚ª•`‚­“W–]‚É”—‚é,https://news.yahoo.co.jp/articles/bfff9782ff6070ce7b69c8e570376b7a7ed0b2de,5/3(‹à) 11:00
tabelog,H‚×ƒƒOƒ}ƒKƒWƒ“,ƒpƒ“D‚«‚ğ‚Æ‚è‚±‚É‚·‚éƒ‰ƒOƒWƒ…ƒAƒŠ[ƒx[ƒOƒ‹I ‹“s”­l‹Cƒx[ƒJƒŠ[‚ªˆÚ“]ƒI[ƒvƒ“i“Œ‹E©—R‚ª‹uj,https://news.yahoo.co.jp/articles/09d3ab1272c3df4e24b11710f3013e94b85ee61f,5/2(–Ø) 6:30
tabelog,H‚×ƒƒOƒ}ƒKƒWƒ“,ƒ‰ƒ“ƒ`‚àl‹CI ‘ål‚Ì‰B‚ê‰Æ‚Å–¡‚í‚¤‘N“x”²ŒQ‚ÌÅ‚‹‰˜a‹i“Œ‹E“Œ‹âÀj,https://news.yahoo.co.jp/articles/51b8b57a2a0ad54258ea70f589146f612e35be0e,5/2(–Ø) 6:30
tabelog,H‚×ƒƒOƒ}ƒKƒWƒ“,˜b‘è‚ÌV“X8Œ¬‚ğ‚Ü‚Æ‚ß‚ÄĞ‰îI l‹Cƒ‰[ƒƒ““X‚Ìo–…“X‚©‚çuShibuya Sakura Stagev“à‚ÌV“X‚Ü‚Å,https://news.yahoo.co.jp/articles/86737f4f5e7b7af028fc97297a0eb7c05afd4d45,5/2(–Ø) 6:30
tabelog,H‚×ƒƒOƒ}ƒKƒWƒ“,HŞ‚ğ–³‘Ê‚É‚¹‚¸g©‘R‚Æ‚Ì‹¤‘¶h‚ğ–Úw‚·A–kŠC“¹u–¡“¹L˜Hv‚Ì—¿—‚É‚ß‚½v‚¢‚Æ‚Í,https://news.yahoo.co.jp/articles/ffab500218f81e62899c15cba8627ad692b7b368,5/2(–Ø) 6:30
tabelog,H‚×ƒƒOƒ}ƒKƒWƒ“,ƒVƒ“ƒvƒ‹ƒCƒYƒxƒXƒg‚Ì‹É‚İI ‹“sEŒ³“c’†‚ÅH‚×‚éƒJƒ`ƒ‡ƒGƒyƒy‚Í•KH‚ÌŠ®¬“x‚¾‚Á‚½,https://news.yahoo.co.jp/articles/29562c2ce86c9aa5ca280123eb31af96c7f16ab1,5/1(…) 6:31
tabelog,H‚×ƒƒOƒ}ƒKƒWƒ“,–{êNY‚Ì–¡AƒpƒXƒgƒ‰ƒ~ƒTƒ“ƒh‚É‚©‚Ô‚è‚Â‚­I l‹Cƒo[ƒK[“X‚ªˆÚ“]EƒŠƒjƒ…[ƒAƒ‹ƒI[ƒvƒ“i“Œ‹E’†–Ú•j,https://news.yahoo.co.jp/articles/27766a086977151209221a3df61656c8a0615c27,5/1(…) 6:30
tabelog,H‚×ƒƒOƒ}ƒKƒWƒ“,GW‚Ì‚¨‚Å‚©‚¯‚É‚àI –ƒ•z‘äƒqƒ‹ƒY ƒ}[ƒPƒbƒg‚Å’–Ú‚ÌƒeƒCƒNƒAƒEƒgŒÀ’è“X5‘I,https://news.yahoo.co.jp/articles/d0f15154f28c740bf3a36024ec829e4cc010e316,5/1(…) 6:30
tabelog,H‚×ƒƒOƒ}ƒKƒWƒ“,–Úw‚·‚Íg”¢‚Å‚àH‚×‚â‚·‚¢©—R‚ÈƒCƒ“ƒh—¿—hI —L–¼“XogÒ“¯m‚ªƒ^ƒbƒO‚ğ‘g‚Ş’–Ú‚ÌV“X‚ª”Ñ“c‹´‚É’a¶,https://news.yahoo.co.jp/articles/a6abf98039376d9310934088d9a129eab5cf534f,5/1(…) 6:30
tabelog,H‚×ƒƒOƒ}ƒKƒWƒ“,ƒgƒbƒvƒKƒXƒgƒƒmƒ~[uƒƒIƒWƒGv‚ÌƒGƒOƒ[ƒNƒeƒBƒuƒVƒFƒt‚ªæ‚è‘g‚ŞŠÂ‹«Ä¶Œ^”_–@‚Æ‚Í,https://news.yahoo.co.jp/articles/35873e20efc0569eb8a8e5099a2159d181722e9e,4/29(Œ) 11:03
tabelog,H‚×ƒƒOƒ}ƒKƒWƒ“,‹i’ƒ‚ğƒƒCƒ“‚ÉƒŠƒjƒ…[ƒAƒ‹ƒI[ƒvƒ“IuTORAYA GINZAvŒÀ’è‚Ì˜a‰Ùq‚ğŠ¬”\i“Œ‹E‹âÀj,https://news.yahoo.co.jp/articles/04b5a6fccd1a73bdec90eb94b55beb9b801ab4f6,4/29(Œ) 11:03
tabelog,H‚×ƒƒOƒ}ƒKƒWƒ“,ué½—˜í•vog‚Ì“Xå‚É‚æ‚éV“XI –¼•¨‚Íué¸ ŠÌƒ\[ƒXvi“Œ‹E”’‹à‚—Öj,https://news.yahoo.co.jp/articles/23a98c9dd03c0435d3191b1b62460575a3b641a7,4/29(Œ) 11:03
tabelog,H‚×ƒƒOƒ}ƒKƒWƒ“,‘åãE•Ÿ“‡‚É‚Å‚«‚½u‚¨—¿— ‹{–{v‚ÌV“WŠJ‚ÍA‰ùÎ—¿—“Xd‚İ‚Ì‚¾‚µ‚Ì‚è‚ªÀŠ´‚Å‚«‚é‚¤‚Ç‚ñ“XI,https://news.yahoo.co.jp/articles/97ca6bab7f7190044130afde0bcd63c7324ae8bc,4/29(Œ) 11:02
tabelog,H‚×ƒƒOƒ}ƒKƒWƒ“,uunisv‚ÌƒX[ƒVƒFƒt“à“c‚É‚æ‚éƒNƒŠƒGƒCƒVƒ‡ƒ“I “ú–{Še’n‚Ì‘fŞ‚ªD‚è‚È‚·ƒKƒXƒgƒƒmƒ~[‚ÉSŒi“Œ‹Ea’Jj,https://news.yahoo.co.jp/articles/16334698e4862a764a6c51a18eadcdaf7d3eb83a,4/28(“ú) 11:02
tabelog,H‚×ƒƒOƒ}ƒKƒWƒ“,‹_‰€‚Ìƒ}ƒ}‚É•·‚­I ‹“s‚Åu’Ğ•¨v‚ğ”ƒ‚¤‚È‚ç‚±‚Ì‚¨“X,https://news.yahoo.co.jp/articles/fac069f53ea392861de398b445d92efc133f01fa,4/28(“ú) 11:02
tabelog,H‚×ƒƒOƒ}ƒKƒWƒ“,‚ ‚Ì–¼•¨ƒpƒ“ƒP[ƒL‚à–¡‚í‚¦‚é s—ñ‚Ìâ‚¦‚È‚¢l‹C“X‚Ìƒ‚[ƒjƒ“ƒO‚ğ–ƒ•z‘äƒqƒ‹ƒY‚Å,https://news.yahoo.co.jp/articles/34320107a44fb9e5451a6b9e7f8f2776fbeb45da,4/28(“ú) 11:01
tabelog,H‚×ƒƒOƒ}ƒKƒWƒ“,˜b‘è‚ÌV“X8Œ¬‚ğ‚Ü‚Æ‚ß‚ÄĞ‰îI ué½ ‹âÀ‚¨‚Ì‚Å‚çv‚ÌV“X‚©‚çA˜b‘è‚ÌƒXƒC[ƒc“X‚Ü‚Å,https://news.yahoo.co.jp/articles/da7c3505bb20ccc2badde7d1813de1eb7911d9ea,4/28(“ú) 11:00
tabelog,H‚×ƒƒOƒ}ƒKƒWƒ“,—\–ñ¢“ï‚ÈƒsƒbƒcƒFƒŠƒA‚Ìo–…“XI ƒJƒ‰ƒ_‚É—D‚µ‚­‚¨‚¢‚µ‚¢ƒCƒ^ƒŠƒAƒ“‚ªƒI[ƒvƒ“i‹“sE“ŒRj,https://news.yahoo.co.jp/articles/88a9022ee09d880f817a6e03576f7ef597a9a411,4/27(“y) 11:02
tabelog,H‚×ƒƒOƒ}ƒKƒWƒ“,ƒvƒŠƒ“‚Ìã‚ÉƒR[ƒ“ƒAƒCƒX!? —V‚ÑS‚ ‚Ó‚ê‚é‚Ş‚¿‚á‚¤‚ÜƒvƒŠƒ“‚ªÅ‚‚·‚¬‚½,https://news.yahoo.co.jp/articles/0616383a9d2266f2518042a75e99a2e2c36b3c72,4/27(“y) 11:02
tabelog,H‚×ƒƒOƒ}ƒKƒWƒ“,Uôƒ‰ƒ“ƒ`‚ÉÅ“KI “ú–{‹´‚Ål‹C‚Ìƒx[ƒJƒŠ[‚ª“s—§–¾¡Œö‰€“à‚É2“X•Ü–Ú‚ğƒI[ƒvƒ“i“Œ‹Eç‘ÊƒP’Jj,https://news.yahoo.co.jp/articles/c40a5a34fe573f3b10233073600831cf0e249b7b,4/27(“y) 11:02
tabelog,H‚×ƒƒOƒ}ƒKƒWƒ“,a’J‚É‘ål‚ªg‚¦‚éƒ_ƒCƒjƒ“ƒO‚ª“oêI Oƒc¯ogƒVƒFƒt‚Ì—¿—‚ğŠ¬”\i“Œ‹Ea’Jj,https://news.yahoo.co.jp/articles/b682ae8f38dbf87c29ee00d68270a20b53d9d2d6,4/27(“y) 11:00
tabelog,H‚×ƒƒOƒ}ƒKƒWƒ“,‰œ‚Ü‚Á‚Ä‚¨”E‚ÑŠ´ƒAƒbƒvI Ä‚«’¹‚Ì•S–¼“X‚ªˆÚ“]ƒŠƒjƒ…[ƒAƒ‹ƒI[ƒvƒ“i“Œ‹E–ƒ•z\”Ôj,https://news.yahoo.co.jp/articles/d6224208531c3ade08cd196f8c06516414b421a8,4/26(‹à) 6:32
tabelog,H‚×ƒƒOƒ}ƒKƒWƒ“,ƒRƒ‰ƒ{‚Å’a¶I ƒNƒŒ[ƒv’n‚Ì‚¨‚¢‚µ‚³‚ğ’Ç‹‚µ‚½g‚É‹P‚­ƒpƒŠƒpƒŠƒNƒŒ[ƒvhi“Œ‹E•\Q“¹j,https://news.yahoo.co.jp/articles/acd2897bc92b4e4a2fdf326ff23648a4762733e8,4/26(‹à) 6:32
tabelog,H‚×ƒƒOƒ}ƒKƒWƒ“,D–y”­ƒoƒ^[ƒ~ƒ‹ƒNƒtƒ‰ƒCƒhƒ`ƒLƒ“ê–å“X‚ªA“s—§–¾¡Œö‰€“à‚É‰‚ÌÀ“X•Ü‚ğƒI[ƒvƒ“I,https://news.yahoo.co.jp/articles/bf0f28ac3375d514aac4d90a7193fec681a9383b,4/26(‹à) 6:32
tabelog,H‚×ƒƒOƒ}ƒKƒWƒ“,i‰»‚µ‘±‚¯‚éu‘Å‚¿‚½‚ÄEØ‚è‚½‚ÄE“’‚ª‚«‚½‚Äv‚Ìg3‚½‚Äh‚¤‚Ç‚ñ‚ÍA‘åãEQ‰®ìs‚É‚ ‚Á‚½I,https://news.yahoo.co.jp/articles/202b83417ac247555eb3ed14c6484cdf09196808,4/26(‹à) 6:32
tabelog,H‚×ƒƒOƒ}ƒKƒWƒ“,ŠOH‚Í”NŠÔ600‰ñˆÈãI ƒ}ƒbƒL[–qŒ³‚Ì”­Œ@I’n•û‚Ì–¼“X`RŒ`•Ò`,https://news.yahoo.co.jp/articles/e75c94a28b175ffb5ecde91d83082564a7299421,4/25(–Ø) 6:32
tabelog,H‚×ƒƒOƒ}ƒKƒWƒ“,’©ƒ‰[ƒƒ“‚É‚à‚¤‚ê‚µ‚¢I “Y‰Á•¨A‰»Šw’²–¡—¿•sg—p‚Ìˆê”ti“Œ‹E–kçZj,https://news.yahoo.co.jp/articles/f35e46b665276da1b76f318821b4c78df444b3c5,4/25(–Ø) 6:32
tabelog,H‚×ƒƒOƒ}ƒKƒWƒ“,GW‚Ì—·s‚É‚¨‚·‚·‚ßI •ŸˆäE¬•lsog‚Ìƒt[ƒhƒ‰ƒCƒ^[‘Dˆä—¢‚ªƒIƒXƒXƒ‚·‚éu•Ÿˆä‚Ì–¼“Xv9‘I,https://news.yahoo.co.jp/articles/be443d6525a900280a44d260bf3556c4ef5128e8,4/25(–Ø) 6:32
tabelog,H‚×ƒƒOƒ}ƒKƒWƒ“,ŠÅ”Âƒƒjƒ…[‚Íu‘ål‚Ìƒ`ƒLƒ“ƒ‰ƒCƒXvI ’Ê‚¢‚½‚­‚È‚é–ü‚â‚µ‚ÌƒrƒXƒgƒi‹“ss–ğŠ‘Oj,https://news.yahoo.co.jp/articles/8f597642c941f8da5aad57310550ddb43c1954a2,4/25(–Ø) 6:32
tabelog,H‚×ƒƒOƒ}ƒKƒWƒ“,‘Šz››–œ!? 1ƒJŒ‚ÌH–ƒXƒPƒWƒ…[ƒ‹‚ÆH”ï‚ğ‘SŒöŠJIi3ŒEƒ}ƒbƒL[–qŒ³j,https://news.yahoo.co.jp/articles/26bc72c51cb0d35d7af1e33801be8728442e3044,4/24(…) 6:30
tabelog,H‚×ƒƒOƒ}ƒKƒWƒ“,Å‚‚ÌÄ‚«—§‚ÄƒtƒBƒiƒ“ƒVƒF‚ª‘Ò‚Á‚Ä‚¢‚éI ƒtƒ‰ƒ“ƒX‰ÙqŠE‚Ì•ƒ‚ÌƒŒƒVƒs‚ğó‚¯Œp‚®A‘åè’¬‚Ì–¼ƒpƒeƒBƒXƒŠ[,https://news.yahoo.co.jp/articles/693377141ae0c35dd2ddbf7628fa15c3c2ae2521,4/24(…) 6:30
tabelog,H‚×ƒƒOƒ}ƒKƒWƒ“,qHR‹ï‹`‚Ì¡Œ‚ÌNEW–Ër“÷ŒúŒ{“V‚¤‚Ç‚ñ‚ª–¼•¨I “X–¼‚Éˆø‚©‚ê‚½uƒRƒ€ƒMƒMƒƒƒ‹ƒ\ƒ“v,https://news.yahoo.co.jp/articles/ec3d37d8e52b5302f8ed03ed8eab9c67bbd0782c,4/24(…) 6:30
tabelog,H‚×ƒƒOƒ}ƒKƒWƒ“,‘ãŠ¯R‚Ì–¼“XuƒVƒFEƒŠƒ…ƒCv‚ÌV‹Æ‘ÔI ƒVƒ‡ƒRƒ‰ƒeƒBƒG‚ªì‚éƒ‚ƒ“ƒuƒ‰ƒ“i“Œ‹E‘ãŠ¯Rj,https://news.yahoo.co.jp/articles/050778170e95be9494d7f3e95186ecfb69a0bae0,4/23(‰Î) 6:31
tabelog,H‚×ƒƒOƒ}ƒKƒWƒ“,¢ŠE‚Å‚à”F‚ß‚ç‚ê‚Ä‚¢‚éué½ ‹âÀ‚¨‚Ì‚Å‚çv‚ªA–¼ŒÃ‰®‚É‰o“XIiˆ¤’mE‰hj,https://news.yahoo.co.jp/articles/60197c88d0913668fb614266b17c16178dac1ac2,4/23(‰Î) 6:31
tabelog,H‚×ƒƒOƒ}ƒKƒWƒ“,‚±‚Ì‹‚·‚¶ƒJƒŒ[‚ğ‘Ò‚Á‚Ä‚¢‚½I —¬˜Q‚ÌŠÔØ‚èƒJƒŒ[“X‚ª¼Vh‚Å‘Ò–]‚ÌƒŠƒXƒ^[ƒg,https://news.yahoo.co.jp/articles/689d9a77530c947f2bcbd2cd1541936cf02e5e97,4/23(‰Î) 6:31
tabelog,H‚×ƒƒOƒ}ƒKƒWƒ“,Œ´hŒÀ’èƒ\ƒtƒgƒNƒŠ[ƒ€‚àI ƒ‚ƒ“ƒuƒ‰ƒ“‚ª—L–¼‚ÈuƒAƒ“ƒWƒFƒŠ[ƒiv‚ÌƒJƒtƒF‚ªÄã—¤i“Œ‹E–¾¡_‹{‘Oj,https://news.yahoo.co.jp/articles/c887b91872267b45cdf96b391c799ab56ae2aa91,4/23(‰Î) 6:31
tabelog,H‚×ƒƒOƒ}ƒKƒWƒ“,˜b‘è‚Ì–ƒ•z‘äƒqƒ‹ƒY ƒ}[ƒPƒbƒg‚Éué½ ‚³‚¢‚Æ‚¤v‚ª‘“à‰‚Ìx“X‚ğƒI[ƒvƒ“I,https://news.yahoo.co.jp/articles/6150fbc46c0c14dd8c022e58cc658e0406827d48,4/21(“ú) 11:04
tabelog,H‚×ƒƒOƒ}ƒKƒWƒ“,S–ô‚éƒyƒAƒŠƒ“ƒO‚ğ‘ÌŒ±I ƒƒCƒ“‚É‡‚í‚¹‚é“`“‚ÆŠvV‚Ì‘nìL“Œ—¿—i“Œ‹EL”öj,https://news.yahoo.co.jp/articles/6d602affc8fb38ce16980cd1df26e68a3fab79d2,4/21(“ú) 11:04
tabelog,H‚×ƒƒOƒ}ƒKƒWƒ“,GW‚Ì—·s‚É‚¨‚·‚·‚ßI o”ÅŠE‚«‚Á‚Ä‚ÌƒOƒ‹ƒE”Œ´Œõ‘¾˜Y‚ª‚¨‚·‚·‚ß‚·‚éu•xR‚Ì–¼“Xv9‘I,https://news.yahoo.co.jp/articles/e1626b8af7cab879c23d184f08d79dbacb43c161,4/21(“ú) 11:04
tabelog,H‚×ƒƒOƒ}ƒKƒWƒ“,uˆî’†v‚É–²’†I ƒVƒ“ƒvƒ‹‚ÈŒ©‚½–Ú‚É‚±‚¾‚í‚è‚½‚Á‚Õ‚è‚Ì’†‰Ø‚»‚Î,https://news.yahoo.co.jp/articles/0606dd08bc8e09733ce3eef84fb8bc67d3782066,4/20(“y) 11:07
tabelog,H‚×ƒƒOƒ}ƒKƒWƒ“,‰¡•l‚Ì–¼“X‚ª“Œ‹‚ÖioI ]ŒË‘O‚Ìgˆh‚Èõi‚ÉŠ´’QI,https://news.yahoo.co.jp/articles/22394a212e1c9da1107e8c97c221ee3ad2e05520,4/20(“y) 11:07
tabelog,H‚×ƒƒOƒ}ƒKƒWƒ“,t‚¾‚¯ŒÀ’èI RØ‚Éƒ~ƒ‹ƒL[‚Èƒ`[ƒY‚Æ‚ë‚¯‚é‘ål‚Ì‚Ù‚ë‹êƒsƒbƒcƒ@‚ğ¢‚µã‚ª‚ê,https://news.yahoo.co.jp/articles/0bb7e46f1f09ce79dc850002057fef54de29aba9,4/20(“y) 11:02
tabelog,H‚×ƒƒOƒ}ƒKƒWƒ“,l‹Cõi“X‚ªƒWƒƒƒ“ƒ‹‚ğ‰z‚¦‚½V‘ã‚Ìõig“Œ‹‘Oh‚Å–£—¹‚·‚é“X‚ğƒI[ƒvƒ“i“Œ‹E‘å–åj,https://news.yahoo.co.jp/articles/13fd740b94bd77ffb63e844d04c97df2469aeedb,4/19(‹à) 6:32
tabelog,H‚×ƒƒOƒ}ƒKƒWƒ“,qH‚×ƒƒO3.5ˆÈ‰º‚Ì‚¤‚Ü‚¢“XrˆêŒûH‚×‚ÄƒŠƒs[ƒgŒˆ’èI Ä“÷ì‰Æ‚ªâ^‚·‚éƒzƒ‹ƒ‚ƒ“Ä“÷‚Ì–¼“X,https://news.yahoo.co.jp/articles/db4a14ddcb4e95e888ad057427547b4abac6de20,4/19(‹à) 6:32
tabelog,H‚×ƒƒOƒ}ƒKƒWƒ“,˜b‘è‚ÌV“X7Œ¬‚ğ‚Ü‚Æ‚ß‚ÄĞ‰îI “Œ‹ioEƒsƒU‚Ì–¼“X‚©‚çAVŠÛƒrƒ‹‚Ìƒyƒ‹[—¿—“X‚Ü‚Å,https://news.yahoo.co.jp/articles/5cbe6de519294fb73193b7bfa5ab5938f6a5b64b,4/19(‹à) 6:32
tabelog,H‚×ƒƒOƒ}ƒKƒWƒ“,"u‚¨‚Ü‚©‚¹ƒR[ƒXv‚ª8,800‰~IuˆêÎO’¹v‚ª‚‹‰õi‚Ì‰¿Ši”j‰ó‚É’§íi“Œ‹E¬—¯j",https://news.yahoo.co.jp/articles/aebcf4b5309dc3990eef545e94dba90181d3826c,4/19(‹à) 6:31
tabelog,H‚×ƒƒOƒ}ƒKƒWƒ“,‘åã‚ÌŒ|”\lŒä—p’BƒpƒeƒBƒXƒŠ[uƒ|ƒA[ƒ‹v‚ÌV“WŠJ‚ÍAƒtƒBƒiƒ“ƒVƒFê–å“XI ‘fŞ‚ğ‹É‚ß‚½ˆê–¡ˆá‚¤Š´“®‚ğ,https://news.yahoo.co.jp/articles/253ff50d5d40e811e7cb13508dcea07920eabcdf,4/18(–Ø) 6:32
tabelog,H‚×ƒƒOƒ}ƒKƒWƒ“,qŠÖ¼”År‚±‚ê‚Å‚à‚¤”Y‚Ü‚È‚¢I ƒOƒ‹ƒ}ƒ“‚É‚àŠì‚Î‚ê‚éƒR[ƒX1.5–œ‰~ˆÈ‰º‚ÌÚ‘Ò‚Ég‚¦‚é“X5‘I,https://news.yahoo.co.jp/articles/da9f4689263b2bb2d72c13df747e9d47be47fb1c,4/18(–Ø) 6:32
tabelog,H‚×ƒƒOƒ}ƒKƒWƒ“,ƒŒƒXƒgƒ‰ƒ“•ƒo[‚Æ‰Æ‹ï‚ÌƒVƒ‡[ƒ‹[ƒ€‚ª—Z‡‚µAV‚µ‚¢H‚ÌŠy‚µ‚İ•û‚ğ‘n‚éI,https://news.yahoo.co.jp/articles/76d6c86b56f2d98f14dd269408c1a54129891782,4/18(–Ø) 6:32
tabelog,H‚×ƒƒOƒ}ƒKƒWƒ“,ƒXƒC[ƒc •S–¼“X‚Ìí˜AuƒVƒƒƒ“ƒhƒƒ][v‚ªƒŠƒjƒ…[ƒAƒ‹ƒI[ƒvƒ“Iié‹ÊEìŒûj,https://news.yahoo.co.jp/articles/fb64a04170c03076d89157ac1365b23a490c572b,4/18(–Ø) 6:31
tabelog,H‚×ƒƒOƒ}ƒKƒWƒ“,l‹CƒCƒ“ƒXƒ^ƒOƒ‰ƒ}[‚ª‹³‚¦‚éÅ‚‚ÌˆêM‚ÍA‰‚ß‚Ä‚ÌH‘ÌŒ±‚ÉŠ´“®‚Ì˜A‘±Iu•S‡ª‚Ì’YÄ‚«‚Æ‰ÚˆÎ­‚Ìƒ[ƒXƒgv,https://news.yahoo.co.jp/articles/7984698d851c48b3607c8a2f89c3d94c1184ca6f,4/17(…) 6:31
tabelog,H‚×ƒƒOƒ}ƒKƒWƒ“,‚ ‚Ìl‹CƒsƒU“X‚ªŒÕƒm–åƒqƒ‹ƒY‚Éo“XI “Æ‘n«‚Ì‚ ‚éƒsƒU‚ğƒXƒ^ƒCƒŠƒbƒVƒ…‚ÉŠy‚µ‚ñ‚Å,https://news.yahoo.co.jp/articles/77f5bbbd7713d43d7fe3c099126cf1c466f07cec,4/17(…) 6:30
tabelog,H‚×ƒƒOƒ}ƒKƒWƒ“,¯•t‚«ƒŒƒXƒgƒ‰ƒ“‚ÅC‹Æ‚ğÏ‚ñ‚¾ƒVƒFƒt‚É‚æ‚é“Œ–ƒ•z‚ÌV¯I ƒXƒg[ƒŠ[‚ª‹l‚Ü‚Á‚½ã¿‚È—¿—‚ğŠy‚µ‚ß‚é,https://news.yahoo.co.jp/articles/531bf66244177c391a3ffe68864a23d34dcfc1f6,4/17(…) 6:30
tabelog,H‚×ƒƒOƒ}ƒKƒWƒ“,ƒlƒ^‚ÌƒNƒIƒŠƒeƒB‚Í‚»‚Ì‚Ü‚ÜI —\–ñ¢“ï‚Èõi“X‚ª—§‚¿H‚¢õi“X‚ğƒI[ƒvƒ“i“Œ‹E‘å–åj,https://news.yahoo.co.jp/articles/28e335c43296ddca50533f069baa2aa7c1a24fa1,4/17(…) 6:30
tabelog,H‚×ƒƒOƒ}ƒKƒWƒ“,•Û‘¶‚ª‘‚¦‚é‚Ì‚É‚ÍƒƒP‚ª‚ ‚éI “Œ‹ƒGƒŠƒA‚ÌH‚×ƒƒO•Û‘¶”‚Ì‘‰Áƒ‰ƒ“ƒLƒ“ƒO‚ğ”­•\Ii2024”N3Œj,https://news.yahoo.co.jp/articles/6e6c9c5702160b0704f69e7325c9fcfbee39287f,4/16(‰Î) 6:30
tabelog,H‚×ƒƒOƒ}ƒKƒWƒ“,‚í‚´‚í‚´s‚­‚×‚«–¼“XI ŠÖ¼‚ÌƒXƒŠƒ‰ƒ“ƒJ—¿—“XuƒZƒCƒƒ“ƒJƒŠ[v‚ª“Œ‘åã‚É2†“X‚ğƒI[ƒvƒ“,https://news.yahoo.co.jp/articles/9ccd47ee063edda7f87c7458bc131bf48cb2e017,4/16(‰Î) 6:30
tabelog,H‚×ƒƒOƒ}ƒKƒWƒ“,ƒ‰ƒCƒuŠ´‚àŠy‚µ‚¢A{‚ÌHŞ‚É‚Ğ‚ÆèŠÔ‰Á‚¦‚½‹ø—g‚°‚ÌƒR[ƒX‚ğŠ¬”\i“Œ‹E–ƒ•z\”Ôj,https://news.yahoo.co.jp/articles/d6c91b4866876bce5e0956b9f783ffc6d3cbce23,4/16(‰Î) 6:30
tabelog,H‚×ƒƒOƒ}ƒKƒWƒ“,ƒvƒŠƒ“Œ¤‹†‰Æ‚ª‘åâ^I À‚é‚±‚Æ•KŠ‚Ìâ•i–•’ƒƒvƒŠƒ“,https://news.yahoo.co.jp/articles/c7692199d88cd24297f44020ffa49af8fba6dab0,4/16(‰Î) 6:30
tabelog,H‚×ƒƒOƒ}ƒKƒWƒ“,—\Z1–œ‰~ˆÈ‰º‚Ì‰ï‚É‚Ò‚Á‚½‚èI —¿—‚ª‚¨‚¢‚µ‚¢AƒRƒXƒpÅ‹­‚Ì—Ç“X5‘I,https://news.yahoo.co.jp/articles/b88c06985e72152ea7b7433ab478fd35f18e61c6,4/14(“ú) 11:03
tabelog,H‚×ƒƒOƒ}ƒKƒWƒ“,’z100”N‚ÌƒŒƒgƒ‚ÈŒš•¨‚ÅŠ¬”\‚·‚éA‹Éã‚Ìƒ‚ƒ_ƒ“ƒCƒ^ƒŠƒAƒ“i‘åãE—„‰®‹´j,https://news.yahoo.co.jp/articles/0d3c925f6ef7904cfa7c734fe1cf147a1c6ea6d1,4/14(“ú) 11:03
tabelog,H‚×ƒƒOƒ}ƒKƒWƒ“,ƒ~ƒVƒ…ƒ‰ƒ“ˆê‚Â¯’†‰Ø‚Ìo–…“XI ƒoƒ‹‚Æ‚¢‚¤–¼‚Ì–{ŠiL“Œ—¿—“XAŒÕƒm–å‚ÉŒ»‚é,https://news.yahoo.co.jp/articles/6fd818fe48c580622b0dd79d4e31a864127e4620,4/13(“y) 11:03
tabelog,H‚×ƒƒOƒ}ƒKƒWƒ“,‹“s‰ÍŒ´’¬‚É‚ ‚éõi“X‚Í’‹‚©‚ç‚Ì’Ê‚µ‰c‹ÆI ƒAƒ‰ƒJƒ‹ƒg•©•ªD‚İ‚ÌŠª•¨‚ğS‚ä‚­‚Ü‚ÅŠy‚µ‚ß‚é,https://news.yahoo.co.jp/articles/388df9f812e32dce6013e31197a4931084a451fe,4/13(“y) 11:00
tabelog,H‚×ƒƒOƒ}ƒKƒWƒ“,•S–¼“X‚ªè‚ª‚¯‚éI l‹CƒpƒeƒBƒVƒG‚ªèŠ|‚¯‚éŠ•Ÿ‚ÌƒWƒFƒ‰[ƒgi‹“sE‹“ss–ğŠ‘Oj,https://news.yahoo.co.jp/articles/1484ee0709b097743958f8994827f70c145766d6,4/12(‹à) 6:32
tabelog,H‚×ƒƒOƒ}ƒKƒWƒ“,‘YHŞ‚É‚±‚¾‚í‚Á‚½A‰»Šw’²–¡—¿•sg—p‚Ì –¡[‚¢ÏŠ±‚µƒ‰[ƒƒ“i“Œ‹E‰º‚ˆäŒËj,https://news.yahoo.co.jp/articles/8f736a68d29d202fe744ae79eeab938d7fb3c4ba,4/12(‹à) 6:32
tabelog,H‚×ƒƒOƒ}ƒKƒWƒ“,˜b‘è‚ÌV“X11Œ¬‚ğ‚Ü‚Æ‚ß‚ÄĞ‰îI –ƒ•z‘äƒqƒ‹ƒY ƒ}[ƒPƒbƒg‚ÌV“X‚©‚çA‹“s‚ÌƒpƒtƒFê–å“X‚Ü‚Å,https://news.yahoo.co.jp/articles/379a1fd55261d93ff513df0cc546e961912907bf,4/12(‹à) 6:32
tabelog,H‚×ƒƒOƒ}ƒKƒWƒ“,‚¢‚Ü’–Ú‚ÌHƒWƒƒƒ“ƒ‹Iuƒyƒ‹[—¿—v‚ğŒ»’n‹C•ª‚Å–¡‚í‚¦‚éV“Xi“Œ‹E‘åè’¬j,https://news.yahoo.co.jp/articles/1250f9b88e9ca04f325360d9f21ce9d04da8b295,4/12(‹à) 6:32
tabelog,H‚×ƒƒOƒ}ƒKƒWƒ“,ƒXƒC[ƒc‚Ìƒvƒ„‘EI ˜V•Ü‰Ê•¨‰®‚ª–Ú—˜‚«‚µì‚é‰Ê`‚ ‚Ó‚ê‚éƒtƒ‹[ƒcƒpƒtƒF!!,https://news.yahoo.co.jp/articles/0041a90803a47aecc6cd3446f9702502f593463d,4/11(–Ø) 6:31
tabelog,H‚×ƒƒOƒ}ƒKƒWƒ“,–ƒ•z\”Ôƒf[ƒg‚Ég‚¦‚éI ‚¨‚µ‚á‚ê‚Å¡‚Á‚Û‚¢AƒƒLƒVƒR—¿—‚ÌV“Xi“Œ‹E–ƒ•z\”Ôj,https://news.yahoo.co.jp/articles/5c3e30f184c555f6c7d7e8203a35b374e3285b5c,4/11(–Ø) 6:31
tabelog,H‚×ƒƒOƒ}ƒKƒWƒ“,’–Ú‚ÌV“X‚ğˆê‹“‚²Ğ‰îI 3Œ‚ÌNew Open Newsƒ‰ƒ“ƒLƒ“ƒO,https://news.yahoo.co.jp/articles/049f20ccdcf14bc5c755713784ef3ed2dc5397c3,4/11(–Ø) 6:31
tabelog,H‚×ƒƒOƒ}ƒKƒWƒ“,‚ ‚Ì–¼“X‚ª“Œ‹‚ÉI ‘S‘‚Åˆê”Ôl‹C‚É‚È‚Á‚½ƒsƒbƒcƒ@‚ğ‚²Š¬”\‚ ‚êi“Œ‹E‹_Šyâj,https://news.yahoo.co.jp/articles/c699322b62ad41447fc9ea56e05534d2b4071672,4/11(–Ø) 6:30
tabelog,H‚×ƒƒOƒ}ƒKƒWƒ“,‘åã‰o“XI ƒ~ƒVƒ…ƒ‰ƒ“ŒfÚu‹âÀ‚¨‚Ì‚Å‚çv‚ÌƒNƒIƒŠƒeƒB‚ğèŒy‚ÉŠy‚µ‚ß‚éõi“Xi‘åãESÖ‹´j,https://news.yahoo.co.jp/articles/745f688929e835b9df9586759f4163dabea2f667,4/10(…) 6:32
tabelog,H‚×ƒƒOƒ}ƒKƒWƒ“,’Y‰ÎÄ‚«e—r‚Ìƒnƒ“ƒo[ƒO‚Í•KHI ”’‹à‚—Ö‚Ìl‹Cƒuƒ‰ƒbƒXƒŠ[‚ªˆÚ“]ƒŠƒjƒ…[ƒAƒ‹ƒI[ƒvƒ“i“Œ‹EL”öj,https://news.yahoo.co.jp/articles/4a5eed4f3221d301d63baf1d2cbefd1197d8ef3d,4/10(…) 6:32
tabelog,H‚×ƒƒOƒ}ƒKƒWƒ“,s—ñ•KŠ‚Ìl‹C‚¤‚Ç‚ñ“X‚ªˆÚ“]ƒI[ƒvƒ“I –¼•¨‚Íˆù‚İŠ±‚µ‚½‚­‚È‚éu—â‚©‚¯vi‘åãE‚È‚É‚í‹´j,https://news.yahoo.co.jp/articles/ffd221efec34d42fcf137710b061cbe885bb843e,4/10(…) 6:32
tabelog,H‚×ƒƒOƒ}ƒKƒWƒ“,è ‚Å‰½‚ğH‚×‚Ä‚à‚¤‚Ü‚¢’†–Ú•‚Ì–¼•óI ‘åOŠ„–B‚ÌY‚¤‚Ç‚ñ,https://news.yahoo.co.jp/articles/fdd23fd77584f445edc62f31706874d54f1329ff,4/10(…) 6:32
tabelog,H‚×ƒƒOƒ}ƒKƒWƒ“,À‚Í‹³‚¦‚½‚­‚È‚¢H ˆêM‚Ì–‘«“x‚ª‚‚¢4MƒR[ƒX‚ğ‹‚ß‚ÄAí˜A‚ª’Ê‚¢‹l‚ß‚é‹âÀ‚Ì‰B‚ê‰ÆƒrƒXƒgƒ,https://news.yahoo.co.jp/articles/fbc80fe2cb6b22e9f990b816c8d4d74792c0e83a,4/9(‰Î) 6:32
tabelog,H‚×ƒƒOƒ}ƒKƒWƒ“,¢“c’J‚ÉV‚½‚ÈƒJƒŒ[‚Ì’–Ú“X‚ª“oêI l‹C“XogƒVƒFƒt‚ÌŒÂ«‚ªŒõ‚éˆêM‚ğŠ¬”\‚·‚×‚µ,https://news.yahoo.co.jp/articles/3865856746b73af8a5ab93a2ec00df92517c2d8f,4/9(‰Î) 6:32
tabelog,H‚×ƒƒOƒ}ƒKƒWƒ“,ƒpƒŠ‚Ìˆê‚Â¯ƒVƒFƒt‚ªì‚é‚²–J”üƒXƒC[ƒcI Š®‘S—\–ñ§‚ÌƒpƒtƒFê–å“X‚ÅŠ•Ÿ‚Ì‚Ğ‚Æ‚Æ‚«‚ği‹“ss–ğŠ‘Oj,https://news.yahoo.co.jp/articles/cac5493654c839ec2e4f232bbca1dbd5be25c95a,4/9(‰Î) 6:31
tabelog,H‚×ƒƒOƒ}ƒKƒWƒ“,–Ú‚Ì‘O‚Ì“S”Â‚ÅÄ‚­ƒ‰ƒCƒuŠ´‚ª–£—ÍI ‚à‚Á‚¿‚è‚Æ‚µ‚½HŠ´‚Ì©‰Æ»¶‘¾–Ë‚Ìƒ\[ƒXÄ‚«‚»‚Î‚Í‹“s‚Å–¡‚í‚¢‚½‚¢,https://news.yahoo.co.jp/articles/e3b6efed1138070761f389af05930752bf674311,4/9(‰Î) 6:30
tabelog,H‚×ƒƒOƒ}ƒKƒWƒ“,ƒXƒC[ƒc‚Ìƒvƒ‚ª‚¨‚·‚·‚ßI ƒŒƒgƒ‚ÈƒzƒbƒgƒP[ƒL5‘I,https://news.yahoo.co.jp/articles/44e2016180f1a54163b52a13d74eec1974b069ff,4/8(Œ) 6:30
tabelog,H‚×ƒƒOƒ}ƒKƒWƒ“,"ƒ‰ƒ“ƒ`‚Í1,300‰~`AƒfƒBƒi[‚ÍƒAƒ‰ƒJƒ‹ƒgOKB“úíg‚¢‚Å‚«‚éƒCƒ^ƒŠƒAƒ“‚ª‘ãX–ØãŒ´‚É“oêI i“Œ‹E‘ãX–ØãŒ´j",https://news.yahoo.co.jp/articles/6345f23b711948de055739ee09612fa5a7f6ee7b,4/8(Œ) 6:30
tabelog,H‚×ƒƒOƒ}ƒKƒWƒ“,’–Ú“x‹}ã¸’†I ‘åã‚©‚ç“Œ‹‚É‚â‚Á‚Ä‚«‚½u‚Ü‚º‚»‚Îv‚ÉƒmƒbƒNƒAƒEƒg,https://news.yahoo.co.jp/articles/a195b89d0e58f424c0acd607c22f4c9ddff50dc7,4/7(“ú) 11:03
tabelog,H‚×ƒƒOƒ}ƒKƒWƒ“,q‹Éã‚Ì’©Hr‚È‚ñ‚Æ630‰~I ’©‚©‚çƒSƒfƒBƒoƒ`ƒ‡ƒRƒŒ[ƒg‚ÌK‚¹ƒ‚[ƒjƒ“ƒO‚Æ‚ÍH,https://news.yahoo.co.jp/articles/63d4ff72a34b2f76ff4291dfbfcb58c45eb42a6b,4/7(“ú) 11:03
tabelog,H‚×ƒƒOƒ}ƒKƒWƒ“,ŠOƒJƒŠƒbA’†ƒ‚ƒ`ƒbI g—g‚°‚½‚Ähƒ`ƒ…ƒƒX‚ªƒu[ƒ€‚Ì—\Š´Hi“Œ‹E–{‹îj,https://news.yahoo.co.jp/articles/dc6e5a42c09598113b97cc42c3f44ceb5fb6a7e5,4/7(“ú) 11:02
tabelog,H‚×ƒƒOƒ}ƒKƒWƒ“,‘Šz››–œ!? 1ƒJŒ‚ÌH–ƒXƒPƒWƒ…[ƒ‹‚ÆH”ï‚ğ‘SŒöŠJIi2ŒEƒ}ƒbƒL[–qŒ³j,https://news.yahoo.co.jp/articles/ad85ba3f885339cfcb7a6d9a0d89387c27497f84,4/6(“y) 11:03
tabelog,H‚×ƒƒOƒ}ƒKƒWƒ“,‚Æ‚ñ‚©‚ÂD‚«•KHI umalcavƒVƒFƒt‚ªƒvƒƒfƒ…[ƒX‚Ì‚Æ‚ñ‚©‚Â“X‚ªƒI[ƒvƒ“i“Œ‹EŠO‰‘‘Oj,https://news.yahoo.co.jp/articles/c90a99f4abaf28430e28544eebfe7315969a1ce1,4/6(“y) 11:03
tabelog,H‚×ƒƒOƒ}ƒKƒWƒ“,ƒCƒ^ƒŠƒAŠeB‚ÅC‹Æ‚ğÏ‚ñ‚¾—L–¼ƒVƒFƒt‚ª‚Â‚¢‚É“Æ—§I ¡”N’–Ú‚ÌƒCƒ^ƒŠƒAƒ“‚ª’a¶i“Œ‹EŠO‰‘‘Oj,https://news.yahoo.co.jp/articles/ca9866ca4a395b5535f7c85ee552dd0786f3a124,4/6(“y) 11:00
tabelog,H‚×ƒƒOƒ}ƒKƒWƒ“,˜b‘è‚ÌV“X7Œ¬‚ğ‚Ü‚Æ‚ß‚ÄĞ‰îI ƒ‰[ƒƒ“ŠE‹ ‚ÌV“X‚©‚çA‹“s‚Ì‚İ‚½‚ç‚µ’cqê–å“X‚Ü‚Å,https://news.yahoo.co.jp/articles/d7d8a253e77f75a6fd9a780be0d80d98a4875859,4/5(‹à) 6:31
tabelog,H‚×ƒƒOƒ}ƒKƒWƒ“,–³“Y‰ÁE–³‰»’²‚Ì–Ë•‘yØê“XI l‹Cƒxƒgƒiƒ€—¿—“X‚ÌV‹Æ‘Ô‚ª–ƒ•z‘äƒqƒ‹ƒY‚É“oêi“Œ‹E_’J’¬j,https://news.yahoo.co.jp/articles/83445bb2e239c153a05020b25c93a4a82a3f3f7b,4/5(‹à) 6:31
tabelog,H‚×ƒƒOƒ}ƒKƒWƒ“,ŠCŠOVIP‚©‚ç‚àˆ¤‚³‚ê‚é’†‰Ø‚Ì–¼“Xu’†‘”Ñ“X •x—í‰Øv‚ª–ƒ•z‘äƒqƒ‹ƒY‚É‘yØ“X‚ğƒI[ƒvƒ“i“Œ‹E_’J’¬j,https://news.yahoo.co.jp/articles/68728e91a84405785d1f616fc1aab7b41f0b133b,4/5(‹à) 6:31
tabelog,H‚×ƒƒOƒ}ƒKƒWƒ“,˜aHD‚«‚É‚àAƒrƒXƒgƒD‚«‚É‚àh‚³‚éI uNekiv¼ƒVƒFƒt‚Æƒo[ƒeƒ“ƒ_[–ì‘º‚ªƒ^ƒbƒO‚ğ‘g‚ñ‚¾‘ålƒEƒP‚È‹ğ‰®,https://news.yahoo.co.jp/articles/735fc51c3644c86f283de89c13f2929b1366adfb,4/4(–Ø) 6:30
tabelog,H‚×ƒƒOƒ}ƒKƒWƒ“,uKabivŒn—ñogI á‚«ƒVƒFƒt‚ÌË”\‚Ì‚«‚ç‚ß‚«‚ğŠ¬”\‚Å‚«‚é_•Û’¬‚ÌƒtƒŒƒ“ƒ`‚ÍAƒpƒ“1ŒÂ100‰~`‚Ìgƒpƒ“ˆù‚İhƒCƒxƒ“ƒg‚àl‹C,https://news.yahoo.co.jp/articles/5e8d64092e7d704b4c647c3629d35928f6068d86,4/4(–Ø) 6:30
tabelog,H‚×ƒƒOƒ}ƒKƒWƒ“,ƒnƒƒC‚Ål‹CunatuRe waikikiv‚ÌV‹Æ‘Ô‚ª“ú–{‰ã—¤I i“Œ‹E‘—§‹£‹Zêj,https://news.yahoo.co.jp/articles/bb422e349f3b83c761aaed66533bc9bfc35dfb3e,4/3(…) 6:30
tabelog,H‚×ƒƒOƒ}ƒKƒWƒ“,—‘z‚Ì‚İ‚½‚ç‚µ’cqI ‹“s100”N‚Ì»“œ–â‰®‚ª–a‚®‹Éã‚Ì–¡‚í‚¢i‹“sE‰GŠÛŒä’rj,https://news.yahoo.co.jp/articles/1c412cd7dc3ef9d1f920979b876638d487c2853c,4/3(…) 6:30
tabelog,H‚×ƒƒOƒ}ƒKƒWƒ“,ƒXƒpƒCƒXˆù‚İ‚ÌVƒXƒ|ƒbƒgI ‹âÀ‚Ì–¼“XogƒVƒFƒt‚Ì–¡‚ğƒŠ[ƒYƒiƒuƒ‹‚ÉŠy‚µ‚ß‚é’–Ú“X‚ÉƒJƒŒ[‚¨‚¶‚³‚ñ‘åŠ´“®,https://news.yahoo.co.jp/articles/f0b64b472930549616f960b9433854ca1169021d,4/2(‰Î) 6:33
tabelog,H‚×ƒƒOƒ}ƒKƒWƒ“,q‘å–Ø~•v‚Ì3Œ‚ÌV“XƒAƒhƒŒƒXr‰¡•l‚©‚çˆÚ“]‚Ì³“”hõi‚âA˜b‘è‚Ì–ƒ•z‘äƒqƒ‹ƒY ƒ}[ƒPƒbƒg‚ªƒI[ƒvƒ“,https://news.yahoo.co.jp/articles/935f666b8eb674bb4e0830e27f5aea0780f19736,4/2(‰Î) 6:33
tabelog,H‚×ƒƒOƒ}ƒKƒWƒ“,É‚µ‚Ü‚ê‚½•Â“X‚©‚ç2”N”¼‚ğŒo‚ÄA“`à‚Ì“XuƒRƒ‹ƒVƒJv‚ª‘Ò–]‚Ì•œŠˆI,https://news.yahoo.co.jp/articles/dbd6a7c776454d0c094f637c57aba80f26b48408,4/2(‰Î) 6:33
tabelog,H‚×ƒƒOƒ}ƒKƒWƒ“,“÷ƒoƒJE¬’rb‚Ì‚¨‚·‚·‚ßI —\–ñ‚ªæ‚ê‚ÄƒRƒXƒp‚ª‚‚·‚¬‚éÄ“÷“X10‘I,https://news.yahoo.co.jp/articles/625dd2ca6ffc7f803fd47bd3be58160b31465920,4/2(‰Î) 6:32
tabelog,H‚×ƒƒOƒ}ƒKƒWƒ“,–{ê‚Ì–¡‚ªŠ¬”\‚Å‚«‚éI –¾‚é‚­Šy‚µ‚¢ƒCƒXƒ‰ƒGƒ‹—¿—“Xi‹“sE‰GŠÛŒä’rj,https://news.yahoo.co.jp/articles/dd8a6a99504620259edcd246bb5e97ba55877281,4/2(‰Î) 6:32
tabelog,H‚×ƒƒOƒ}ƒKƒWƒ“,uRITUELv‚ÌƒJƒtƒF•ƒuƒ‰ƒbƒXƒŠ[‚ªƒI[ƒvƒ“I l‹C‚ÍƒIƒjƒIƒ“ƒOƒ‰ƒ^ƒ“ƒX[ƒvi“Œ‹EŒÕƒm–åƒqƒ‹ƒY‰wj,https://news.yahoo.co.jp/articles/612f9355e251bafb6ce1afee52c6750b817c2966,3/31(“ú) 11:04
tabelog,H‚×ƒƒOƒ}ƒKƒWƒ“,ˆ³“|“I‚ÈƒrƒWƒ…ƒAƒ‹I ”ZŒúƒX[ƒv‚ğƒpƒC‚É•ï‚ñ‚ÅÄ‚«ã‚°‚½ƒ|ƒbƒgƒpƒC‚Â‚¯–Ëi_“ŞìE•½’Ëj,https://news.yahoo.co.jp/articles/c283baf73b87a5d37158bd2a86d9776abddb2543,3/31(“ú) 11:03
tabelog,H‚×ƒƒOƒ}ƒKƒWƒ“,qH‚×ƒƒO3.5ˆÈ‰º‚Ì‚¤‚Ü‚¢“Xr–¼h‘ã‚í‚è‚ÍŠ‚‚Ìƒ}ƒ‹ƒQƒŠ[ƒ^Iu”öR‘ä R“cv‚ÌAˆêl‚Å4í—Ş‚Ìƒsƒbƒcƒ@‚ªH‚×‚ç‚ê‚é‚¨‚Ü‚©‚¹ƒR[ƒX‚Æ‚ÍH,https://news.yahoo.co.jp/articles/a1819618b930c4235aa23896147b5dda610c0cb8,3/31(“ú) 11:03
tabelog,H‚×ƒƒOƒ}ƒKƒWƒ“,˜b‘è‚ÌV“X7Œ¬‚ğ‚Ü‚Æ‚ß‚ÄĞ‰îI _ŒË‚Ì‚â‚İ‚Â‚«ƒJƒŒ[‚©‚çAƒNƒŒ[ƒv‚ªâ•i‚ÌƒrƒXƒgƒ‚Ü‚Å,https://news.yahoo.co.jp/articles/dee29982f63b7de94f919407c1fa3201b002c86c,3/30(“y) 11:07
tabelog,H‚×ƒƒOƒ}ƒKƒWƒ“,¢ŠE‰‚ÌgƒVƒƒƒ“ƒpƒ“ƒzƒeƒ‹h‚É’a¶‚µ‚½é½ƒŒƒXƒgƒ‰ƒ“I —Bˆê–³“ñ‚Ìƒ}ƒŠƒA[ƒWƒ…‚ğŠy‚µ‚ñ‚Åi‘åãESÖ‹´j,https://news.yahoo.co.jp/articles/4a95a30f69bcbf34976f1bd5df89c6306a2f0233,3/30(“y) 11:01
tabelog,H‚×ƒƒOƒ}ƒKƒWƒ“,ƒtƒŒƒ“ƒ`•S–¼“X‚Ì2†“X‚ªƒI[ƒvƒ“I ƒŒƒgƒ‚È‹óŠÔ‚Å–¡‚í‚¢‚½‚¢AƒXƒyƒVƒƒƒŠƒe‚Ìƒ‰ƒrƒIƒŠié‹ÊE“ŒìŒûj,https://news.yahoo.co.jp/articles/c73a155a14f182e6eb3f8dd51a3342f87e9a73c2,3/30(“y) 11:00
tabelog,H‚×ƒƒOƒ}ƒKƒWƒ“,ƒ‰[ƒƒ“‰¤‚ªÀHI Œ´‰¿—¦‚ª‚‚·‚¬‚éA’‹ŒÀ’è‚ÌæÒ‘ò‚È–Ë,https://news.yahoo.co.jp/articles/6c73a2c264c30b0714d49dc03583c6a36390d412,3/29(‹à) 6:31
tabelog,H‚×ƒƒOƒ}ƒKƒWƒ“,2024”NuƒAƒWƒA‚ÌƒxƒXƒgƒŒƒXƒgƒ‰ƒ“50v‚ªŠØ‘Eƒ\ƒEƒ‹‚É‚Ä”­•\I öÜ®‚ÌŒ»’nƒŒƒ|[ƒg‚ğ‚¨“Í‚¯,https://news.yahoo.co.jp/articles/bc9736e24d990227eddf723182c1c5bc61cbd232,3/29(‹à) 6:31
tabelog,H‚×ƒƒOƒ}ƒKƒWƒ“,ƒ‰[ƒƒ“ŠE‚Ì‹ EXZ‚ÌV‚½‚È’§íI ”ñ“úí‹óŠÔ‚Å–¡‚í‚¤ŸÓg‚Ìˆê”tiç—tE‘å–Ô”’—¢j,https://news.yahoo.co.jp/articles/9e6dd57eccfdf9b2af9a3d5beffb74e9fabfccbd,3/29(‹à) 6:30
tabelog,H‚×ƒƒOƒ}ƒKƒWƒ“,–¼“Xu˜a‹v™Bv‚Å—¿—’·‚ğ–±‚ß‚½À—Í”h“Xå‚É‚æ‚éu¡‚Ü‚Å‚É‚È‚¢v“ú–{—¿—“X‚ª‹“sEãŒä—ì_Ğ‹ß‚­‚ÉƒI[ƒvƒ“,https://news.yahoo.co.jp/articles/f9756375a576bd1ff98d97e849a22945ef3aba76,3/28(–Ø) 6:30
tabelog,H‚×ƒƒOƒ}ƒKƒWƒ“,qH‚×ƒƒO3.5ˆÈ‰º‚Ì‚¤‚Ü‚¢“Xr‹“sE›’¬‚’Ò‚ÅŠØ‘‚Ì‹½“y—¿—‚â‰Æ’ë—¿—‚ğƒVƒ‡[ƒgƒgƒŠƒbƒv‹C•ª‚ÅŠy‚µ‚ß‚é,https://news.yahoo.co.jp/articles/3e80462fa4111530e4b6f1db186acf16050d30b4,3/28(–Ø) 6:30
tabelog,H‚×ƒƒOƒ}ƒKƒWƒ“,]ŒË‘O‚ÆƒXƒpƒCƒX‚Ì”ü–¡‚È‚éƒ^ƒbƒOI ˜b‘è‚Ìg•Ïƒ^ƒCõih‚ªa‚ÌŒû‚©‚çŒÕƒm–å‚Ö,https://news.yahoo.co.jp/articles/e51a752012668a948ac5db668fe245e14590202f,3/28(–Ø) 6:30
tabelog,H‚×ƒƒOƒ}ƒKƒWƒ“,‚¨‰ÔŒ©‚É‚Á‚Äs‚«‚½‚¢I ƒƒ“ƒ‰ƒ“ƒNã‚ÌƒeƒCƒNƒAƒEƒg10‘I,https://news.yahoo.co.jp/articles/9edb8c05a687ba596f0ad5486d09d640a6fb1319,3/27(…) 6:31
tabelog,H‚×ƒƒOƒ}ƒKƒWƒ“,qH‚×ƒƒO3.5ˆÈ‰º‚Ì‚¤‚Ü‚¢“Xr‹“sE‰GŠÛŒä’r‚É‚ ‚é‰B‚ê‰Æƒiƒ`ƒ…ƒ‰ƒ‹ƒƒCƒ“ƒJƒtƒF‚ÅA“ú·‚µ‚Æ—Î‚É–ü‚â‚³‚ê‚é,https://news.yahoo.co.jp/articles/c7308b0759eb753485b20eae671afd2aae86aaa2,3/27(…) 6:31
tabelog,H‚×ƒƒOƒ}ƒKƒWƒ“,qHR‹ï‹`‚Ì¡Œ‚ÌNEW–Ër•s“®‘O‚ÉV‰sƒ‰[ƒƒ“I ‚¢‚è‚±‚Æ©•z‚Ìo`‚ª‚é‰©‹àƒX[ƒv,https://news.yahoo.co.jp/articles/e1b6bf3a815bfeaeee003460ab32d4b084b71517,3/27(…) 6:31
tabelog,H‚×ƒƒOƒ}ƒKƒWƒ“,ƒJƒŒ[‚¨‚¶‚³‚ñ‚ÌƒCƒ`‰Ÿ‚µ‚ÍƒRƒ‹ƒ}ƒJƒŒ[I ‰B‚êƒJƒŒ[Œƒí‹æ‚Ì–¼“XuVìƒfƒŠ[v‚ªˆÚ“]ƒI[ƒvƒ“,https://news.yahoo.co.jp/articles/b13fa437b423c1c9700b6c4b96afdf8175252f81,3/26(‰Î) 6:32
tabelog,H‚×ƒƒOƒ}ƒKƒWƒ“,‚Ü‚¾ŠÔ‚É‡‚¤I “s“à‚Å‚ä‚Á‚½‚è‚¨‰ÔŒ©ƒ‰ƒ“ƒ`‚ªŠy‚µ‚ß‚é‚¨“X7‘I,https://news.yahoo.co.jp/articles/461e37d12e7d0af78f052a3f5b161761195cc2de,3/26(‰Î) 6:32
tabelog,H‚×ƒƒOƒ}ƒKƒWƒ“,ª’Ã‚Ì‚Ô‚ç‚èU•à‚ÉŠñ‚è“¹‚µ‚½‚¢I ¬‹{R—Y”ò‚³‚ñ‚ª’Ê‚¤A–{Ši‚»‚Î‚ÆƒAƒe‚ª|‚¢u‹¼” ¼•—v‚Ö,https://news.yahoo.co.jp/articles/bc7a78f8ab728e1c0b49f088aa0fcbe1ba9957ea,3/26(‰Î) 6:32
tabelog,H‚×ƒƒOƒ}ƒKƒWƒ“,SNS‘ƒtƒHƒƒ[”–ñ190–œlI ‹g“c”\ƒVƒFƒtŠÄC‚ÌƒRƒXƒp‚ª‚‚·‚¬‚éƒCƒ^ƒŠƒAƒ“‚ª•\Q“¹ƒqƒ‹ƒY‚ÉƒI[ƒvƒ“i“Œ‹E•\Q“¹j,https://news.yahoo.co.jp/articles/a34a17a97262d2e508d3dcc21341f1de52ca4adc,3/26(‰Î) 6:31
tabelog,H‚×ƒƒOƒ}ƒKƒWƒ“,s—ñ‚ª‚Å‚«‚éƒx[ƒJƒŠ[‚Ì–¼“X‚ªA’©’‹ƒJƒtƒF•–éƒrƒXƒgƒ‚Ì2‚Â‚ÌŠç‚ÅÄƒXƒ^[ƒgi“Œ‹EŒb”äõj,https://news.yahoo.co.jp/articles/fbafcabdedbe57d7418b8b9093c85eb017355d83,3/25(Œ) 6:30
tabelog,H‚×ƒƒOƒ}ƒKƒWƒ“,‹_‰€‚Ìƒ}ƒ}‚É•·‚­I ‹“s‚Åu‚¨‰ÔŒ©‚¨‚Â‚Ü‚İv‚ğ”ƒ‚¤‚È‚ç‚±‚Ì‚¨“X,https://news.yahoo.co.jp/articles/ee76b1c0c517b47e7405701098a4e06bc8ab6d2f,3/25(Œ) 6:30
tabelog,H‚×ƒƒOƒ}ƒKƒWƒ“,g–ìØ‚ªå–ğ‚É‚È‚é‚æ‚¤‚È—¿—‰®h ‚ÅƒWƒrƒG‚Ì–¡‚í‚¢‚ğ’m‚éˆêM‚ğI ‰B‚ê‰ÆƒrƒXƒgƒ‚É’–Úi“Œ‹E˜Z–{–Øj,https://news.yahoo.co.jp/articles/8159007139245cb78ccb7d4d84965f09ce017846,3/24(“ú) 11:03
tabelog,H‚×ƒƒOƒ}ƒKƒWƒ“,"20•i‚àŠy‚µ‚ß‚é12,000‰~u‚¨‚Ü‚©‚¹ƒR[ƒXv‚ÌƒNƒIƒŠƒeƒB[‚ª‚·‚²‚¢Ii“Œ‹E´Ÿ”’‰Íj",https://news.yahoo.co.jp/articles/79a6da782ecf30c5f3792ca53b76d241c9b5ca86,3/24(“ú) 11:03
tabelog,H‚×ƒƒOƒ}ƒKƒWƒ“,‹x“ú‰Û’·‚³‚ñ‚Ì„‚µI 1976”N‘n‹Æ‚Ì–¼“X‚Ìu‚½‚ç‚±ƒXƒpƒQƒeƒBv,https://news.yahoo.co.jp/articles/6a76fe7f99572ae7dd94b0efd9a0b6250ec5e4be,3/24(“ú) 11:02
tabelog,H‚×ƒƒOƒ}ƒKƒWƒ“,ƒI[ƒi[‚ÍO‚Â¯ƒŒƒXƒgƒ‰ƒ“og‚ÌÀ—ÍÒI ƒXƒyƒCƒ“”­‚Ì“S”ÂÄ‚«gƒvƒ‰ƒ“ƒ`ƒƒh‚ªå–ğ‚Ì—mH‹ğ‰®‚ªa’J‚É’a¶,https://news.yahoo.co.jp/articles/e374072f5ffbc28cce25a11e95987f8b0c303b53,3/23(“y) 11:03
tabelog,H‚×ƒƒOƒ}ƒKƒWƒ“,˜b‘è‚ÌV“X14Œ¬‚ğ‚Ü‚Æ‚ß‚ÄĞ‰îI –ƒ•z‘äƒqƒ‹ƒY‚Å˜b‘è‚Ìƒpƒ“‚âƒtƒŒƒ“ƒ`ƒeƒCƒXƒg‚Ìƒ‰[ƒƒ“‚È‚Ç,https://news.yahoo.co.jp/articles/10f1240befc7c490df288640d0ec9d230531764f,3/23(“y) 11:02
tabelog,H‚×ƒƒOƒ}ƒKƒWƒ“,uƒAƒ}ƒ€ƒ_ƒRƒ^ƒ“v‚ÌƒZƒJƒ“ƒhƒuƒ‰ƒ“ƒhuƒ_ƒR[v‚ÌV“X‚Íƒ†ƒj[ƒN‚Èƒx[ƒJƒŠ[ƒJƒtƒFi“Œ‹EŒä’ƒƒm…j,https://news.yahoo.co.jp/articles/c1012e138d5d094750016d939db8c84047169a29,3/23(“y) 11:00
tabelog,H‚×ƒƒOƒ}ƒKƒWƒ“,qHR‹ï‹`‚Ì¡Œ‚ÌNEW–Ëru“Œ’r‘Ü‘åŸŒ¬–{“Xv2‘ã–Ú“Xå‚ªì‚éA‚¤‚Ç‚ñ‚Ì‚æ‚¤‚ÈVŠ´Šoƒ‰[ƒƒ“,https://news.yahoo.co.jp/articles/c60ba3321aeb1d6384c2a702a2705ed9305c9126,3/22(‹à) 6:31
tabelog,H‚×ƒƒOƒ}ƒKƒWƒ“,–{êƒŒƒVƒs‚Å‘fŞ‚Ì‚¨‚¢‚µ‚³‚ğ¶‚©‚·AL“‡HŞ‚Åì‚éƒVƒ`ƒŠƒA—¿—ƒŒƒXƒgƒ‰ƒ“‚ªƒI[ƒvƒ“i“Œ‹E“Œ‹âÀj,https://news.yahoo.co.jp/articles/e485a44b81c07bb833c05c6fd07c798707b056a2,3/22(‹à) 6:31
tabelog,H‚×ƒƒOƒ}ƒKƒWƒ“,“`à‚Æ‚È‚Á‚½l‹CƒJƒŒ[“X‚Ì–¡‚ª•œŠˆI ‚â‚İ‚Â‚«‚É‚È‚éƒIƒŠƒWƒiƒ‹ƒJƒŒ[i•ºŒÉEuõj,https://news.yahoo.co.jp/articles/b2bcd35e5e62761249b3ac9b580f352f3fb4509e,3/22(‹à) 6:31
tabelog,H‚×ƒƒOƒ}ƒKƒWƒ“,—\–ñ•K{‚Ìl‹CƒXƒyƒCƒ“ƒŒƒXƒgƒ‰ƒ“‚ªƒoƒ‹‚ğ•¹İI ‹›‰î—ŞƒGƒLƒX‚½‚Á‚Õ‚è‚ÌuƒpƒGƒŠƒAv‚àŒ’İi“Œ‹E_òj,https://news.yahoo.co.jp/articles/e119a3fb962ec20ae7beaaff7760ad187d9a1f1a,3/21(–Ø) 6:31
tabelog,H‚×ƒƒOƒ}ƒKƒWƒ“,u‚ç[‚ß‚ñ‰üv‚©‚ç“Æ—§I ‚È‚ñ‚ÆƒtƒŒƒ“ƒ`ƒeƒCƒXƒg‚ÌuƒRƒ“ƒ\ƒ‚ç[‚ß‚ñv‚ªŠÅ”Âƒƒjƒ…[i“Œ‹E“ü’Jj,https://news.yahoo.co.jp/articles/51690bb44a291d8d014fe909dde987f01f4d8b57,3/21(–Ø) 6:31
tabelog,H‚×ƒƒOƒ}ƒKƒWƒ“,‚Ü‚é‚ÅƒXƒyƒCƒ“‚ÌŠXŠp‚Ì‚æ‚¤‚È‹óŠÔ‚É‚¤‚Á‚Æ‚èI ƒAƒWƒA‚Å˜b‘è‚Ì–{ŠiƒXƒyƒCƒ“—¿—“X‚ª‰ã—¤i“Œ‹E‹âÀj,https://news.yahoo.co.jp/articles/3f748e8f1c5116c6a05d7d252faf14decd910cce,3/21(–Ø) 6:30
tabelog,H‚×ƒƒOƒ}ƒKƒWƒ“,ƒJƒŒ[Œƒí‹æE‚‰~›‚Å’–ÚI “ú–{l‚ÌD‚İ‚ÉŠñ‚è“Y‚Á‚½ŠÔØ‚èƒJƒŒ[“X,https://news.yahoo.co.jp/articles/e3e06e0fa23dbbff3899e506206608b9e035abec,3/20(…) 11:03
tabelog,H‚×ƒƒOƒ}ƒKƒWƒ“,’Y‰ÎÄ‚«{”­yƒnƒ}‚é‚¨‚¢‚µ‚³I ‘ãŠ¯R‚Ì•°‰ÎƒCƒ^ƒŠƒAƒ“‚Ì–¼“X‚ªV“X‚ğƒI[ƒvƒ“i“Œ‹EŒÕƒm–åj,https://news.yahoo.co.jp/articles/e1522154629bc4997e879bfffc09b2b981d97c46,3/20(…) 11:03
tabelog,H‚×ƒƒOƒ}ƒKƒWƒ“,_Šyâ‚Ìl‹Cõi“X‚É•Ê“@‚ª’a¶I ã¿‚È‹óŠÔ‚Å–¡‚í‚¤‹Éã‚Ì]ŒË‘Oõii“Œ‹E_Šyâj,https://news.yahoo.co.jp/articles/91ce647dd4fda5cc8d1314eccf2ee3de9f6042f6,3/20(…) 11:00
tabelog,H‚×ƒƒOƒ}ƒKƒWƒ“,‹_‰€‚Ìƒ}ƒ}‚É•·‚­I ‹“s‚Åu‚¨‰ÔŒ©•Ù“–v‚ğ”ƒ‚¤‚È‚ç‚±‚Ì‚¨“X,https://news.yahoo.co.jp/articles/3d7d2ef0e53022ec76ec11dfd5ad7f366b3dad3c,3/19(‰Î) 6:31
tabelog,H‚×ƒƒOƒ}ƒKƒWƒ“,l‹CƒtƒŒƒ“ƒ`ƒxƒgƒiƒ~[ƒY‚ÌV“X‚Í©‰Æ»–Ëgƒuƒ“hê–å“Xi“Œ‹E—S“V›j,https://news.yahoo.co.jp/articles/f7d4cd559871fe89de923d61c235a65193b393fc,3/19(‰Î) 6:31
tabelog,H‚×ƒƒOƒ}ƒKƒWƒ“,l‹CƒCƒ“ƒXƒ^ƒOƒ‰ƒ}[‚ª‹³‚¦‚éÅ‚‚ÌˆêM‚ÍA‚ ‚Ì‚¨‚¢‚µ‚³‚ª–Y‚ê‚ç‚ê‚È‚¢IuƒEƒB[ƒi[ƒVƒ…ƒjƒbƒcƒFƒ‹v,https://news.yahoo.co.jp/articles/b868779b8f9f071b567f5baa98873d571ad4868a,3/19(‰Î) 6:31
tabelog,H‚×ƒƒOƒ}ƒKƒWƒ“,–¾¡‘n‹Æ‚Ìõi“X‚Åˆ‚Èƒ‰ƒ“ƒ`I “ú–{‹´‚Å–{Ši“I‚È]ŒË‘Oõi‚ğ‹CŒy‚ÉŠy‚µ‚İ‚½‚¢,https://news.yahoo.co.jp/articles/5ae49416f439aa44c0363a71088120f56c469f18,3/19(‰Î) 6:31
tabelog,H‚×ƒƒOƒ}ƒKƒWƒ“,‚±‚ê‚¼A‚è‚ğH‚×‚éƒJƒŒ[ƒ‰ƒCƒX ‚‰~›‚ÌƒJƒŒ[•S–¼“X‚ªŒb”äõ‚ÉŠÔØ‚è“X‚ğƒI[ƒvƒ“,https://news.yahoo.co.jp/articles/45742657b9c528ad5fa564ffe5ec079326531bcf,3/19(‰Î) 6:31
tabelog,H‚×ƒƒOƒ}ƒKƒWƒ“,•S–¼“XogI ƒŒƒR[ƒh‚ª’®‚¯‚é‚¨Ÿ­—‚Èƒnƒ“ƒo[ƒK[ƒVƒ‡ƒbƒvi“Œ‹E‹TŒËj,https://news.yahoo.co.jp/articles/c5ebf9a0568578b3f5eadd2c5f704451401b1d3c,3/18(Œ) 6:30
tabelog,H‚×ƒƒOƒ}ƒKƒWƒ“,qH‚×ƒƒO3.5ˆÈ‰º‚Ì‚¤‚Ü‚¢“Xr–¼“X‚Ì–¡‚ª—ß˜a‚É‚È‚Á‚Ä‚³‚ç‚Éi‰»I H’Ê‚©‚çˆ¤‚³‚ê‘±‚¯‚é‰¡•l‚ÌˆêŒ¬‰ÆƒŒƒXƒgƒ‰ƒ“,https://news.yahoo.co.jp/articles/0dcfa710bd47aec1b287acff6f0f2ad698018791,3/18(Œ) 6:30
tabelog,H‚×ƒƒOƒ}ƒKƒWƒ“,•Û‘¶‚ª‘‚¦‚é‚Ì‚É‚ÍƒƒP‚ª‚ ‚éI “Œ‹ƒGƒŠƒA‚ÌH‚×ƒƒO•Û‘¶”‚Ì‘‰Áƒ‰ƒ“ƒLƒ“ƒO‚ğ”­•\Ii2024”N2Œj,https://news.yahoo.co.jp/articles/4c95017e1f7722433b39b18bd01a6cc7197d4176,3/17(“ú) 11:04
tabelog,H‚×ƒƒOƒ}ƒKƒWƒ“,ƒpƒŠ‚Ì•—î‚ğŠ´‚¶‚é‚¨‚µ‚á‚ê‚È“X“à‚à–£—Í“I@‹CŒy‚É—§‚¿Šñ‚ê‚éAá‚«¸‰s‚½‚¿‚ÌŠˆ–ô‚·‚éƒrƒXƒgƒi“Œ‹EL”öj,https://news.yahoo.co.jp/articles/4ee8b7b6d4bf20e1b51128095d300574e3e0f291,3/17(“ú) 11:04
tabelog,H‚×ƒƒOƒ}ƒKƒWƒ“,‘Šz››–œ!? 1ƒJŒ‚ÌH–ƒXƒPƒWƒ…[ƒ‹‚ÆH”ï‚ğ‘SŒöŠJIi1ŒEƒ}ƒbƒL[–qŒ³j,https://news.yahoo.co.jp/articles/55fc2816d7a725e8e7e80f298b7aea28dc0ddbd1,3/17(“ú) 11:03
tabelog,H‚×ƒƒOƒ}ƒKƒWƒ“,qH‚×ƒƒO3.5ˆÈ‰º‚Ì‚¤‚Ü‚¢“XréLq‚Ìƒvƒ‚ª„‘EI Œ³ƒzƒeƒ‹ƒVƒFƒt‚ªì‚é‘nìéLq,https://news.yahoo.co.jp/articles/da5583fdba59fd3d93f0905990ccc0ad641d41c1,3/17(“ú) 11:03
tabelog,H‚×ƒƒOƒ}ƒKƒWƒ“,‚«‚Á‚Æ’N‚©‚É©–‚µ‚½‚­‚È‚éI ‰¹Šy‚Æ“ú–{ğ‚ğŠy‚µ‚ß‚é‘ål‚Ì‰B‚ê‰Æ‚ªƒI[ƒvƒ“i“Œ‹EÔâŒ©•j,https://news.yahoo.co.jp/articles/2984f72b485187c1ffe592f9b79255f276ba2e75,3/16(“y) 11:04
tabelog,H‚×ƒƒOƒ}ƒKƒWƒ“,–¼•¨‚Ìg‚©‚ç—g‚°h‚ªi‰»I ‘ãX–ØãŒ´‚Ìl‹C“Xuƒ‰ƒ“ƒ^ƒ“v‚ª‚Â‚­‚Á‚½‰B‚ê‰Æ‹ğ‰®i“Œ‹E“Œ–k‘òj,https://news.yahoo.co.jp/articles/f450d30930934ff6da5bbd30a9c8fe126b3f8070,3/16(“y) 11:04
tabelog,H‚×ƒƒOƒ}ƒKƒWƒ“,ƒnƒŒ‚Ì“ú‚És‚«‚½‚¢I O‚Â¯ƒVƒFƒt¬—Ñ Œ\ŠÄC‚ÌƒtƒŒƒ“ƒ`ƒŒƒXƒgƒ‰ƒ“‚ªƒI[ƒvƒ“i“Œ‹E˜Z–{–Øj,https://news.yahoo.co.jp/articles/c2cbce0ce822e0bb87c3ee271c98555659c40d20,3/16(“y) 11:04
tabelog,H‚×ƒƒOƒ}ƒKƒWƒ“,"‚È‚ñ‚Æ2,500‰~I VŠ´Šo‚Ì–k‹ƒ_ƒbƒNê–å“X‚Í‰B‚µ”à‚Ì‰œ‚É‚ ‚é",https://news.yahoo.co.jp/articles/df42898b9a5665a4608d9d86f263a72fff7057bf,3/16(“y) 11:03
tabelog,H‚×ƒƒOƒ}ƒKƒWƒ“,‚±‚¾‚í‚è‚Ìo`‚Åì‚é—¿—‚Æƒiƒ`ƒ…ƒ‰ƒ‹ƒƒCƒ“I ’Ê‚¢‚½‚­‚È‚é˜aH‹ğ‰®i“Œ‹E•‘ ¬Rj,https://news.yahoo.co.jp/articles/e74716246c5bc60be211ee21058b98d750ba46c7,3/15(‹à) 6:31
tabelog,H‚×ƒƒOƒ}ƒKƒWƒ“,uƒRƒ“ƒ[ƒnƒ“v‚ªH‚×‚ç‚ê‚éA‘ä˜p—¿—‚ÌV“X‚ª‘å’Ë‚ÉI i“Œ‹E‘å’Ëj,https://news.yahoo.co.jp/articles/a377f0456975d8458e35e7e42732645a8e4d29af,3/15(‹à) 6:31
tabelog,H‚×ƒƒOƒ}ƒKƒWƒ“,ƒXƒC[ƒc‚Ìƒvƒ‚ª‚¨‚·‚·‚ßI {‚Ì‚¢‚¿‚²ƒXƒC[ƒc10‘I,https://news.yahoo.co.jp/articles/ae6b4655a3a8eedf0f1f7ac68430178292419c13,3/15(‹à) 6:30
tabelog,H‚×ƒƒOƒ}ƒKƒWƒ“,–ƒ•z‘äƒqƒ‹ƒY‚ÌV‚½‚È’–Ú“XI ƒpƒ“‚Ì¢ŠE‘å‰ï‚Å“ú–{‰‚Ì‘‡—DŸ‚ğ‰Ê‚½‚µ‚½ƒx[ƒJƒŠ[i“Œ‹E_’J’¬j,https://news.yahoo.co.jp/articles/33ae95abe4a2860701d2e22e4aaa8d7ff47b1aa3,3/15(‹à) 6:30
tabelog,H‚×ƒƒOƒ}ƒKƒWƒ“,H‚×‰‚¦”²ŒQI “÷`‚ ‚Ó‚ê‚éÅVƒOƒ‹ƒƒo[ƒK[10‘I,https://news.yahoo.co.jp/articles/ee299a4c03afb45d5cb612f42d8284c574fd3f11,3/14(–Ø) 6:32
tabelog,H‚×ƒƒOƒ}ƒKƒWƒ“,"i‰»‚µ‚½ƒlƒMƒgƒ‚Í•KHI ‚¨‚Ü‚©‚¹ƒR[ƒX‚ª9,000‰~‚ÅŠy‚µ‚ß‚éA‘åãE’†‰›‘å’Ê‰ˆ‚¢‚Ìõi“X",https://news.yahoo.co.jp/articles/9b8fd0075c97d1378107a8b86b683c3e9aa37c7f,3/14(–Ø) 6:31
tabelog,H‚×ƒƒOƒ}ƒKƒWƒ“,’–Ú‚ÌV“X‚ğˆê‹“‚²Ğ‰îI 2Œ‚ÌNew Open Newsƒ‰ƒ“ƒLƒ“ƒO,https://news.yahoo.co.jp/articles/d89881541921a19db775d70cab87b72660d3ee35,3/14(–Ø) 6:31
tabelog,H‚×ƒƒOƒ}ƒKƒWƒ“,2024”N‚à‚±‚Ì‚¨‰Ùq‚ª”M‚¢I ’–Ú‚Ìuƒh[ƒiƒcv5‘I,https://news.yahoo.co.jp/articles/4b91a7604205e791e42a4846d69b5e03e03e8449,3/14(–Ø) 6:30
tabelog,H‚×ƒƒOƒ}ƒKƒWƒ“,‚Â‚¢‚ÉŠJ‹ÆIu–ƒ•z‘äƒqƒ‹ƒY ƒ}[ƒPƒbƒgv‚Ì’–Ú“X‚ğ‚²Ğ‰î,https://news.yahoo.co.jp/articles/8fcc2bdca5d6a7bb901d3749c8e8e11aeedbf4d0,3/13(…) 6:32
tabelog,H‚×ƒƒOƒ}ƒKƒWƒ“,Œ{‚ª‚çƒx[ƒX‚Ì–¡‘Xƒ_ƒŒ‚ªl‹CI ©‰Æ»‚É‚±‚¾‚í‚Á‚½u”’–¡‘Xf–Ëvi“Œ‹E‘å–åj,https://news.yahoo.co.jp/articles/77233e351283bf96e4e17aed91de6982564963c6,3/13(…) 6:32
tabelog,H‚×ƒƒOƒ}ƒKƒWƒ“,L“‡‚ğ‘ã•\‚·‚é–¼ƒtƒŒƒ“ƒ`‚ª‚Â‚­‚Á‚½AƒvƒŒƒ~ƒAƒ€‚ÈƒŒƒXƒgƒ‰ƒ“‚ª‘åã‚ÉƒI[ƒvƒ“Ii‘åãE’†”V“‡j,https://news.yahoo.co.jp/articles/e00a0931e5ae9ae08d7bf56787020ad0d1fe301e,3/13(…) 6:32
tabelog,H‚×ƒƒOƒ}ƒKƒWƒ“,©‰Æ»’²–¡—¿~—Ç¿‘fŞ|‚İ”{‘I ƒCƒ^ƒŠƒAƒ“•S–¼“X‚ªg”­yh‚ğƒe[ƒ}‚É‚µ‚½V“X‚ğƒI[ƒvƒ“,https://news.yahoo.co.jp/articles/9f3941e215dfec8c59c805a7f6212071b179ce01,3/13(…) 6:31
tabelog,H‚×ƒƒOƒ}ƒKƒWƒ“,“V‚Õ‚ç‚Ì–¼“Xu‚Ê‚Ü“cv‚Ì•ª“X‚ªƒI[ƒvƒ“I ƒ‰ƒCƒuŠ´‚Æ‹¤‚ÉEl‚Ì‹Z‚ğ–¡‚í‚¤i‘åãE‚È‚É‚í‹´j,https://news.yahoo.co.jp/articles/1efe82fd9bea64753c76d0c75c89df75af4c2442,3/13(…) 6:30
tabelog,H‚×ƒƒOƒ}ƒKƒWƒ“,uƒ„ƒUƒƒ~[ƒgv‚ªèŠ|‚¯‚é“÷‘yØ“X‚ÅA‚ ‚Ìl‹C“X‚Ìƒnƒ“ƒo[ƒO‚à‚Æ‚ñ‚©‚Â‚àŠy‚µ‚ß‚éi“Œ‹E_’J’¬j,https://news.yahoo.co.jp/articles/3e33ba17da991db40366415901bcb87a047afd75,3/12(‰Î) 6:31
tabelog,H‚×ƒƒOƒ}ƒKƒWƒ“,ì‰z‚Ìl‹CŠÔØ‚èƒJƒŒ[uƒ^ƒxƒJƒŒ[v‚ªƒŠƒjƒ…[ƒAƒ‹I ƒXƒpƒCƒX—¿—•”Mà“ƒyƒAƒŠƒ“ƒO‚ªƒAƒc‚¢,https://news.yahoo.co.jp/articles/f710a164caf8df360664a0aa377c26e061764aa5,3/12(‰Î) 6:31
tabelog,H‚×ƒƒOƒ}ƒKƒWƒ“,{‚ÌHŞ‚ğg‚Á‚½‚¨‚Ü‚©‚¹ƒR[ƒX‚ÉãŒÛI Vi‹C‰s‚ÌEl‚É‚æ‚éŒy‚â‚©‚È“V‚Õ‚çi“Œ‹E”Ñ“c‹´j,https://news.yahoo.co.jp/articles/b29ac55fa318da2f99a641ac90f6c415a35e3c47,3/12(‰Î) 6:30
tabelog,H‚×ƒƒOƒ}ƒKƒWƒ“,_ŒË‚Ìl‹Cƒnƒ“ƒo[ƒK[“X‚ª“Œ‹‰o“XI ”„Ø‚ê’ˆÓ‚ÌuØ‚Á‚½‚â‚Âv‚Æ‚ÍHi“Œ‹E“cŒ´’¬j,https://news.yahoo.co.jp/articles/6ebd4ca24f01ce4ea11f37a3c196c4479473bf1a,3/12(‰Î) 6:30
tabelog,H‚×ƒƒOƒ}ƒKƒWƒ“,ƒXƒC[ƒc‚Ìƒvƒ„‘EI ‚µ‚Á‚Æ‚èƒXƒ|ƒ“ƒW‚Æƒtƒ‰ƒ“ƒ{ƒ[ƒY‚Ìâ•iƒVƒ‡ƒRƒ‰ƒP[ƒL,https://news.yahoo.co.jp/articles/7358706c60faa27139130caa2011a6843631ae94,3/10(“ú) 11:03
tabelog,H‚×ƒƒOƒ}ƒKƒWƒ“,u_ŒË–k–ìƒzƒeƒ‹vV“WŠJ‚ÌƒŒƒXƒgƒ‰ƒ“‚ª_ŒËEz–KRŒö‰€“à‚ÉƒI[ƒvƒ“I âŒi‚Æ‚Æ‚à‚É¢ŠEˆê‚Ì’©H‚ğŠy‚µ‚ñ‚Å,https://news.yahoo.co.jp/articles/45224c4c800accf8a3789a76e9f75a7265efda2e,3/9(“y) 11:03
tabelog,H‚×ƒƒOƒ}ƒKƒWƒ“,“d˜b”Ô†”ñŒöŠJ‚Ì‘åã‚Ìõi“XI ’´â“ü‚è‚Ã‚ç‚¢“X‚ÍAˆê“xs‚¯‚Î’Ê‚¢‚½‚­‚È‚éŒŠê‚¾‚Á‚½,https://news.yahoo.co.jp/articles/bf9b129e1d8519bbcc71253453b8d4f22e4d90ef,3/9(“y) 11:03
tabelog,H‚×ƒƒOƒ}ƒKƒWƒ“,”üH‰Æ‚½‚¿‚ğ–£—¹‚·‚éƒyƒ‹[—¿—‚Ì”ü–¡‚ÉŠJŠáI •\Q“¹‚ÅŒ»’n‚³‚È‚ª‚ç‚Ì–¡‚í‚¢‚Éo‡‚¤,https://news.yahoo.co.jp/articles/fadd796c1d387e25a6417915c0b62d5fb0f0da73,3/8(‹à) 6:31
tabelog,H‚×ƒƒOƒ}ƒKƒWƒ“,d‰Î~”­y‚©‚ç¶‚Ü‚ê‚éV‚½‚È–{Ši˜aHI “ú–{—¿—‚ÌV‘ã‚ğ’S‚¤áè—¿—l‚Ì¢ŠEŠÏ‚É”—‚é,https://news.yahoo.co.jp/articles/7e27154c84468fe6889a8aaf9990e8361fb53226,3/8(‹à) 6:31
tabelog,H‚×ƒƒOƒ}ƒKƒWƒ“,5‚Â¯ƒzƒeƒ‹og‚ÌƒpƒeƒBƒVƒG‚É‚æ‚éA”ü‚µ‚¢ƒpƒtƒFi“Œ‹E¬éŠw‰€‘Oj,https://news.yahoo.co.jp/articles/b35b48afeeefa7e354d5f55b13017218eacf597a,3/8(‹à) 6:31
tabelog,H‚×ƒƒOƒ}ƒKƒWƒ“,‹x“ú‚Ìƒuƒ‰ƒ“ƒ`‚É‚¨‚·‚·‚ßI –{Šiƒ^ƒRƒX‚Ìl‹C“X‚ª2†“X‚ğƒI[ƒvƒ“i“Œ‹EŒb”äõj,https://news.yahoo.co.jp/articles/67cb11cea2d506b52912a87a0dcd92777dcb9570,3/8(‹à) 6:31
tabelog,H‚×ƒƒOƒ}ƒKƒWƒ“,Š™‘q‚Ìl‹CŒÃ–¯‰ÆƒJƒtƒFuƒTƒJƒmƒVƒ^v‚Ìo–…“X‚ªƒI[ƒvƒ“i_“ŞìEŠ™‘qj,https://news.yahoo.co.jp/articles/d240f5fd9f2391b9648b288d4901379a94362fd1,3/7(–Ø) 6:32
tabelog,H‚×ƒƒOƒ}ƒKƒWƒ“,ŠOH‚Í”NŠÔ600‰ñˆÈãI ƒ}ƒbƒL[–qŒ³‚Ì”­Œ@I’n•û‚Ì–¼“X`‘å•ª•Ò`,https://news.yahoo.co.jp/articles/81d257e46c1dd5c74373b60a1a7f663a092f54c8,3/7(–Ø) 6:32
tabelog,H‚×ƒƒOƒ}ƒKƒWƒ“,qH‚×ƒƒO3.5ˆÈ‰º‚Ì‚¤‚Ü‚¢“Xr‹âÀ‚Å1”t400‰~`I ‰ù‚É—D‚µ‚¢‚¨‚Å‚ñ•“ú–{ğƒo[,https://news.yahoo.co.jp/articles/b0c969e34c74efaa562eca9a71ec2e87665ece9e,3/7(–Ø) 6:31
tabelog,H‚×ƒƒOƒ}ƒKƒWƒ“,"9,800‰~‚Ì_ƒRƒXƒpƒR[ƒX‚ÉŠ½Šì‚Ìº‘±oI ‘‚­‚à—\–ñ‚ªæ‚ê‚È‚¢uˆêÎO’¹v‚Ìõi“Xi‘åãE’†”V“‡j",https://news.yahoo.co.jp/articles/cbc53e7031c305c0b71d5305d444c1857f82f4f3,3/7(–Ø) 6:30
tabelog,H‚×ƒƒOƒ}ƒKƒWƒ“,ƒXƒ^[ƒVƒFƒt‚ª–Ú‚Ì‘O‚ÉI ˜e‰®ƒVƒFƒt‚ÌV“X‚ÍæÒ‘ò‚·‚¬‚é,https://news.yahoo.co.jp/articles/19b1a9ce2264c7f76f7bba318b5af3d02bd4958b,3/6(…) 6:31
tabelog,H‚×ƒƒOƒ}ƒKƒWƒ“,T‚¦‚ß‚ÉŒ¾‚Á‚Ä‚¤‚Ü‚·‚¬‚éI —eÍ‚È‚µ‚ÉÀ‚ç‚¹‚Ä‚­‚éƒŒƒgƒ‹i’ƒ‚Ì”ZŒúƒvƒŠƒ“,https://news.yahoo.co.jp/articles/a526d59132b0f7c976789f9825a99a9c0a13852d,3/6(…) 6:31
tabelog,H‚×ƒƒOƒ}ƒKƒWƒ“,"_ŒË‚Ì‰º’¬E”Âh‚ÅA–¾Îd‚İ‚Ì–{Ši”hõiƒR[ƒX‚ª11,000‰~‚ÅŠy‚µ‚ß‚éI",https://news.yahoo.co.jp/articles/76e375e213379115976688a5fea93a11681401cd,3/6(…) 6:31
tabelog,H‚×ƒƒOƒ}ƒKƒWƒ“,‚¤‚Ç‚ñ‚É‚»‚ÎAƒpƒXƒ^‚Ü‚ÅI ‹“sE‘åã‚Ì‚¨‚¢‚µ‚¢–Ë10‘I,https://news.yahoo.co.jp/articles/991ae3964745a74e43605cf18ce8de24b78099f2,3/6(…) 6:31
tabelog,H‚×ƒƒOƒ}ƒKƒWƒ“,"•\Q“¹‚È‚Ì‚ÉƒR[ƒX5,500‰~I –¡‚à—§’n‚à‚ÈƒCƒ^ƒŠƒAƒ“‚ğ”­Œ©i“Œ‹E•\Q“¹j",https://news.yahoo.co.jp/articles/74b218254767ff1e36751f8745d8f21b7d03ea74,3/5(‰Î) 6:31
tabelog,H‚×ƒƒOƒ}ƒKƒWƒ“,ƒzƒƒCƒgƒf[‚É‚à ÅVƒXƒC[ƒc6‘I,https://news.yahoo.co.jp/articles/b376fdc864e0215184ed044df48b5a36f3db3882,3/5(‰Î) 6:31
tabelog,H‚×ƒƒOƒ}ƒKƒWƒ“,H‚×ƒƒOƒAƒ[ƒh 2024 GOLD‚ÌuƒOƒ‹ƒ}ƒ“ƒfƒB[ƒYv’·’Jì–k“lƒVƒFƒt‚ªŠÄCI ƒ^ƒCƒJƒŒ[‚ğŠ´‚¶‚éŠC˜V‚Â‚¯–Ë,https://news.yahoo.co.jp/articles/abe9a738cbbc9990c797532020727abf2f024200,3/5(‰Î) 6:31
tabelog,H‚×ƒƒOƒ}ƒKƒWƒ“,l‹CƒCƒ“ƒXƒ^ƒOƒ‰ƒ}[‚ª‹³‚¦‚éÅ‚‚ÌˆêM‚ÍA‚è‚Æ‰‚ÌŒû•ŸŠ´‚ÉÎ‚İ‚ª‚±‚Ú‚ê‚½uƒmƒhƒOƒ‚ÌƒpƒGƒŠƒAv,https://news.yahoo.co.jp/articles/7aafd725adab4a3b0e4419c35ed374d1e9f66eb8,3/5(‰Î) 6:31
tabelog,H‚×ƒƒOƒ}ƒKƒWƒ“,¬“c‹}üƒ†[ƒU[‚É˜N•ñI l‹C“ìƒCƒ“ƒh—¿—“Xuƒ^ƒ“ƒWƒƒƒCƒ~[ƒ‹ƒXv‚ªŒo“°‚É2†“X‚ğƒI[ƒvƒ“,https://news.yahoo.co.jp/articles/eade8f2b8f30788f7e9a288a3b44392e06fabcb7,3/5(‰Î) 6:30
tabelog,H‚×ƒƒOƒ}ƒKƒWƒ“,¬’rb‚ª„‚·u—\–ñ¢“ï—\”õŒRv‚ÌÄ“÷“X‚Í‚±‚±‚¾I ‚Æ‚É‚©‚­Šy‚µ‚¢!? “÷‚Ö‚Ìˆ¤‚É‚ ‚Ó‚ê‚½ŒÂ«”h“Xå‚É‚æ‚éƒRƒXƒpÅ‹­Ä“÷“X,https://news.yahoo.co.jp/articles/0ce1dbe010a878eb782ee7c685cc771e7731bbd0,3/3(“ú) 11:02
tabelog,H‚×ƒƒOƒ}ƒKƒWƒ“,ˆê¶‚Ìv‚¢o‚É‚È‚é‚æ‚¤‚Èˆê“ú‚ğBí‚É‚‚İ‚ğ–Úw‚µA–¡‚ğ’Ç‹‚µ‘±‚¯‚éué½ OSv,https://news.yahoo.co.jp/articles/c1dfb23c7ef66524def390a4a6e77769e82dc564,3/3(“ú) 11:00
tabelog,H‚×ƒƒOƒ}ƒKƒWƒ“,ƒsƒ…ƒA‚È–¡‚Æ‚è‚ª’²˜a –³‰»’²’†‰Ø‚Æ©‘R”hƒƒCƒ“‚Ì‹L‰¯‚Éc‚éƒ}ƒŠƒA[ƒWƒ…,https://news.yahoo.co.jp/articles/8810cde5cc5aa51b76e7875d09fc9ad5753fdf59,3/2(“y) 11:04
tabelog,H‚×ƒƒOƒ}ƒKƒWƒ“,ƒzƒ‹ƒ‚ƒ“D‚«‚É˜N•ñI ”ª‰¤q‚Ì–¼•¨“X‚Ì”é“`ƒ^ƒŒ‚ğó‚¯Œp‚®Ä“÷“X‚ªƒI[ƒvƒ“i“Œ‹E‚‰~›j,https://news.yahoo.co.jp/articles/dbf99487e45641b4aea938d8dc6c66a95211bc57,3/2(“y) 11:04
tabelog,H‚×ƒƒOƒ}ƒKƒWƒ“,q‘å–Ø~•v‚Ì2Œ‚ÌV“XƒAƒhƒŒƒXrƒWƒƒƒ“ƒ{ƒVƒ…ƒEƒ}ƒC‚ª–¼•¨‚Ì’¬’†‰ØAƒƒjƒ…[‚ª‘½Ê‚ÈƒWƒƒƒ}ƒCƒJ—¿—“X‚ªƒI[ƒvƒ“,https://news.yahoo.co.jp/articles/85b3ce4ea80a86f4cd3689bbafe5421b0fea8d55,3/2(“y) 11:04
tabelog,H‚×ƒƒOƒ}ƒKƒWƒ“,—ß˜a‚ÌƒOƒ‹ƒ‰¤A•lè—´‚ª’–ÚI ˆ¤•Q‚ÉƒCƒ^ƒŠƒAƒ“‚ÌV¯Œ»‚é,https://news.yahoo.co.jp/articles/eaf5dbdc89d8a4ac351221aaca7606cc33fc4b4c,3/1(‹à) 6:32
tabelog,H‚×ƒƒOƒ}ƒKƒWƒ“,ƒt[ƒhƒWƒƒ[ƒiƒŠƒXƒg¬¼Gq‚ª‘I‚ÔA‹“s‚Ì’©E’‹E–é,https://news.yahoo.co.jp/articles/8bbc72b7640fa8c56c148c5dc74ed8f5c6168aca,3/1(‹à) 6:32
tabelog,H‚×ƒƒOƒ}ƒKƒWƒ“,“ú–{‚Ì‘f“G‚È•¶‰»‚ğŠy‚µ‚ñ‚Å‚à‚ç‚¦‚é‚æ‚¤‚ÉB“ú–{—¿—ŠE‚ğŒ¡ˆø‚·‚éu–{ŒÎŒv,https://news.yahoo.co.jp/articles/b0cbb72c8a4081ef4da8330905421bd446dc0559,3/1(‹à) 6:31
tabelog,H‚×ƒƒOƒ}ƒKƒWƒ“,˜a‚Æ’†‰Ø‚Ì‚¾‚µ‚ª¶‚İo‚·AV‚½‚È‚»‚Î‚Ì‰Â”\« ’†‰Ø—¿—‚Ì‹ E˜e‰®ƒVƒFƒt‚ª‚»‚ÎŠ„–B‚ğƒI[ƒvƒ“,https://news.yahoo.co.jp/articles/6d385bf64cfa166279332986386af34913207a49,3/1(‹à) 6:31
tabelog,H‚×ƒƒOƒ}ƒKƒWƒ“,¡”NƒuƒŒƒCƒNŠÔˆá‚¢‚È‚µI ‰\‚ÌƒXƒC[ƒcAuƒtƒ‰ƒ“EƒpƒeƒBƒVƒGv‚É’–Úi“Œ‹E‘ãX–Ø”ª”¦j,https://news.yahoo.co.jp/articles/748a4ccb9002b66e5c8f267f5bf84bf114f94892,3/1(‹à) 6:31
tabelog,H‚×ƒƒOƒ}ƒKƒWƒ“,‚Ó‚í‚à‚¿HŠ´‚Ìl‹Cƒh[ƒiƒc“X‚ª‘ ‘O‚ÉƒI[ƒvƒ“I Œµ‘I‚³‚ê‚½HŞ‚Åì‚éA‚±‚¾‚í‚è‚ÌƒXƒC[ƒci“Œ‹E“cŒ´’¬j,https://news.yahoo.co.jp/articles/2ec6634d45c7f2c9f222f62212077116eeeacea9,2/29(–Ø) 6:32
tabelog,H‚×ƒƒOƒ}ƒKƒWƒ“,ƒƒjƒ…[‚É‚ÍHŞ–¼‚Ì‚İI ‹“s‚É‚ ‚éƒI[ƒ_[ƒƒCƒh‚ÌƒCƒ^ƒŠƒAƒ“‚ª‘ål‚ÌƒƒKƒ}ƒ}‚ğŠ‚¦‚é,https://news.yahoo.co.jp/articles/6cb962b8e6b00ad9b9346b420e5238afaae9614e,2/29(–Ø) 6:32
tabelog,H‚×ƒƒOƒ}ƒKƒWƒ“,‰¹ŠyD‚«‚É˜N•ñI ƒŒƒR[ƒh‚ÆH‚ğŠy‚µ‚ŞA‚Ü‚é‚ÅNY‚È“X‚ª’a¶i“Œ‹EŒo“°j,https://news.yahoo.co.jp/articles/637a8b806628ce1a69c2b20855f5103662244ccd,2/29(–Ø) 6:31
tabelog,H‚×ƒƒOƒ}ƒKƒWƒ“,©—R‚É‘I‚×‚éƒvƒŠƒtƒBƒbƒNƒXƒXƒ^ƒCƒ‹‚ª–£—ÍI ‰ù‚©‚µ‚³‚ÆV‚µ‚³‚ª¬‚´‚è‡‚¤ƒCƒ^ƒŠƒAƒ“i“Œ‹E“s—§‘åŠwj,https://news.yahoo.co.jp/articles/ace25544ddea1648eddc2c9637ed251f27ac97e5,2/29(–Ø) 6:31
tabelog,H‚×ƒƒOƒ}ƒKƒWƒ“,ƒRƒN‚Æ|‚İ‚ª‹ÃkI ‹“s‚Åˆê“x‚ÍH‚×‚Ä‚İ‚Ä‚Ù‚µ‚¢A”ü‚µ‚¢ƒ”ƒB[ƒKƒ“h–¡‘Xƒ‰[ƒƒ“,https://news.yahoo.co.jp/articles/953a38796b7935b79ea516bbd9bfa611565e61e5,2/29(–Ø) 6:31
tabelog,H‚×ƒƒOƒ}ƒKƒWƒ“,ƒtƒ‰ƒ“ƒX‚Ì‚¨‚â‚Â‚ª“ú–{ã—¤!! ƒtƒ‰ƒ“EƒpƒeƒBƒVƒG‚ª¡”N‚ÌƒgƒŒƒ“ƒh‚É!?,https://news.yahoo.co.jp/articles/6fb40c578f095aba8207887d48fae3cab4c8496b,2/28(…) 6:31
tabelog,H‚×ƒƒOƒ}ƒKƒWƒ“,ˆêŒû–Ú‚Ì‰·“xŠ´‚ğ‘åØ‚É‚µ‚½‚¢I •S–¼“X‚É‚à‘I‚Î‚ê‚Ä‚¢‚éu‚·‚µ —ÇŒv,https://news.yahoo.co.jp/articles/2d7deedd1a4a7ddb4a324e8ddbbc6f819d0e9b7f,2/28(…) 6:31
tabelog,H‚×ƒƒOƒ}ƒKƒWƒ“,ŠÖ¼‚Å‘ål‹C‚ÌuƒIƒ‹ƒo[ƒK[v‚ª5“X•Ü–Ú‚ğo“XI ‚±‚¾‚í‚è‚Ìƒnƒ“ƒo[ƒK[‚©‚ç–Ú‚ª—£‚¹‚È‚¢i‹“sE—Œ¼Œûj,https://news.yahoo.co.jp/articles/39daf601c6e0af8074d53b5fff792c391b12549f,2/28(…) 6:31
tabelog,H‚×ƒƒOƒ}ƒKƒWƒ“,‰¬ŒE‚ÉV‚½‚ÈƒJƒŒ[‚Ì’–Ú“X‚ª’a¶I ƒXƒpƒCƒXƒJƒŒ[d—§‚Ä‚ÌƒCƒ“ƒhƒlƒVƒA—¿—“X‚ª‰«“ê‚©‚ç‚â‚Á‚Ä‚«‚½,https://news.yahoo.co.jp/articles/c9a4f735076cd4e8bf7c5f1c573b25b43f97ddea,2/28(…) 6:30
tabelog,H‚×ƒƒOƒ}ƒKƒWƒ“,ŠÏŒõ’n‚Å•œŠˆI Œ|l“Xå‚ªì‚éƒRƒN|ƒ‰[ƒƒ“‚Ìl‹C“Xi“Œ‹Eó‘j,https://news.yahoo.co.jp/articles/d7fa740487127d6fc70102f267659615aebecee3,2/28(…) 6:30
tabelog,H‚×ƒƒOƒ}ƒKƒWƒ“,Ä“÷ŠE‚ÌƒŒƒWƒFƒ“ƒhu’Y‰ÎÄ“÷ ‚È‚©‚Í‚çv“Xå‚ª‚±‚æ‚È‚­ˆ¤‚·‚é˜aH‚Ì“X4Œ¬,https://news.yahoo.co.jp/articles/033daecb33fcb41421ff186f75e2cd12c3370ce7,2/24(“y) 11:04
tabelog,H‚×ƒƒOƒ}ƒKƒWƒ“,‚ ‚Ìumalcav‚Ì1ŠK‚ÉAƒEƒGƒCƒeƒBƒ“ƒO‚É‚àg‚¦‚éƒIƒVƒƒƒŒ‚ÈBar‚ªƒI[ƒvƒ“I,https://news.yahoo.co.jp/articles/019bb1d3af6ba958112bd09baeaa7f0c3d66e32f,2/23(‹à) 11:02
tabelog,H‚×ƒƒOƒ}ƒKƒWƒ“,ƒVƒƒƒ‹ƒLƒ…ƒgƒŠ[‚ÉƒpƒC•ï‚İÄ‚«I è‚Ì‚ñ‚¾—¿—‚ª©–‚ÌƒrƒXƒgƒ‚ÍAƒƒCƒ“ƒVƒ‡ƒbƒv•¹İ‚ÅƒOƒ‰ƒXƒƒCƒ“‚ª200í—ŞˆÈã‚©‚ç©—R‚É‘I‚×‚é,https://news.yahoo.co.jp/articles/6f89c8fc6035db0dc37a4f51caba43416ff59f1c,2/23(‹à) 11:01
tabelog,H‚×ƒƒOƒ}ƒKƒWƒ“,‘ål‚Ì‰B‚ê‰Æ‚Å–¡‚í‚¤A‹L‰¯‚Éc‚éƒnƒCƒNƒIƒŠƒeƒB‚ÈƒtƒŒƒ“ƒ`i“Œ‹E’z’nsêj,https://news.yahoo.co.jp/articles/ffd102540241dcc6708f84bffb35331f72c09f9f,2/22(–Ø) 6:30
tabelog,H‚×ƒƒOƒ}ƒKƒWƒ“,–kŠC“¹Eˆ®ì”­I s—ñ•KŠ‚ÌƒWƒ“ƒMƒXƒJƒ“E“Œ‹2†“X‚ªƒI[ƒvƒ“i“Œ‹EV‹´j,https://news.yahoo.co.jp/articles/83c7d3c31e6eff27d4f08ae070bdb8866b5414dc,2/22(–Ø) 6:30
tabelog,H‚×ƒƒOƒ}ƒKƒWƒ“,‚¨‚¢‚µ‚¢‚¾‚¯‚¶‚á‚È‚¢I Œ©‚½–Ú‚ÌƒCƒ“ƒpƒNƒg‚É‹Á‚­A‰f‚¦‚éŠ›‚Â‚¯‚»‚Îi‹“sE‹_‰€lğj,https://news.yahoo.co.jp/articles/4433507543154fc69d524122d26efd27bf54b31a,2/22(–Ø) 6:30
tabelog,H‚×ƒƒOƒ}ƒKƒWƒ“,l‹C“XƒOƒ‹[ƒv‚ÌV“XI |h‚ª•È‚É‚È‚éƒ‰[ƒƒ“i“Œ‹E—û”nj,https://news.yahoo.co.jp/articles/32a05113dea9f7517ff22ea8fa1666ed7d39c6b5,2/21(…) 6:31
tabelog,H‚×ƒƒOƒ}ƒKƒWƒ“,‹_‰€‚Ìƒ}ƒ}‚É•·‚­I ‹“s‚Åuö‚µõiv‚ğH‚×‚é‚È‚ç‚±‚Ì‚¨“X,https://news.yahoo.co.jp/articles/55654cef26c8dc0b382394339971d6e9fbcd4358,2/21(…) 6:31
tabelog,H‚×ƒƒOƒ}ƒKƒWƒ“,ƒtƒBƒ“ƒ‰ƒ“ƒh‚ÌƒŒƒXƒgƒ‰ƒ“‚Ìl‹Cƒƒjƒ…[‚ğ‹“s‚Ì’¬‰ÆƒJƒtƒF‚ªÄŒ»I ƒGƒXƒjƒbƒN‚ÈƒŒƒ‚ƒ“ƒpƒXƒ^‚ªƒNƒZ‚É‚È‚é,https://news.yahoo.co.jp/articles/5a7594f04f73dffba2e842eebb5407bef22f6c7b,2/21(…) 6:30
tabelog,H‚×ƒƒOƒ}ƒKƒWƒ“,Y‚²‚Í‚ñ‚É‚Ò‚Á‚½‚èI ƒŒƒxƒ‹‚ªˆá‚¤Aƒ^ƒC‚Ì–¡‘X‚ª—˜‚¢‚½ƒJƒIƒ}ƒ“ƒKƒC,https://news.yahoo.co.jp/articles/9b04f8ae9ce58189ac5b5f7a3abd894cafde53de,2/20(‰Î) 6:31
tabelog,H‚×ƒƒOƒ}ƒKƒWƒ“,••Õ“I‚È‚à‚Ì‚ğ–Úw‚µ‚ÄB^•‚ÉHŞ‚ÆŒü‚«‡‚¢A—Bˆê–³“ñ‚ÌÄ‚«’¹‚ğ¶‚Şu‚©‚³Œ´v,https://news.yahoo.co.jp/articles/d99a930de709412972d7bc2147932dd5d8ebee40,2/20(‰Î) 6:31
tabelog,H‚×ƒƒOƒ}ƒKƒWƒ“,l‹CƒCƒ“ƒXƒ^ƒOƒ‰ƒ}[‚ª‹³‚¦‚éÅ‚‚ÌˆêM‚ÍA‰ß‹ƒCƒ`‚Ì‚¨‚¢‚µ‚³‚ÉÕŒ‚‚ğó‚¯‚½uƒCƒxƒŠƒR“Øv,https://news.yahoo.co.jp/articles/8c250ee2df5e8befce54d2492159df45356f9701,2/20(‰Î) 6:31
tabelog,H‚×ƒƒOƒ}ƒKƒWƒ“,ƒCƒ“ƒh—¿—‚ÆƒXƒŠƒ‰ƒ“ƒJ—¿—‚Ì“ñ“—¬I ¼_“c‚É’–Ú‚ÌƒJƒŒ[ƒXƒ|ƒbƒg‚ª’a¶,https://news.yahoo.co.jp/articles/92b089617e1d2af2e5f2d5066efadce8fc0de4c3,2/20(‰Î) 6:31
tabelog,H‚×ƒƒOƒ}ƒKƒWƒ“,•Û‘¶‚ª‘‚¦‚é‚Ì‚É‚ÍƒƒP‚ª‚ ‚éI “Œ‹ƒGƒŠƒA‚ÌH‚×ƒƒO•Û‘¶”‚Ì‘‰Áƒ‰ƒ“ƒLƒ“ƒO‚ğ”­•\Ii2024”N1Œj,https://news.yahoo.co.jp/articles/69d25d24f813e319374b79cd516da93c500d7812,2/17(“y) 11:03
tabelog,H‚×ƒƒOƒ}ƒKƒWƒ“,˜H’n— ‚Éö‚ŞƒCƒ^ƒŠƒAƒ“ğê‚ÅA1•i390‰~‚©‚ç‚Ì–{Ši”h—¿—‚ğŠy‚µ‚ñ‚ÅI,https://news.yahoo.co.jp/articles/de0493fcdeccefa5c0c5c6bb86029fc7814d940f,2/16(‹à) 6:30
tabelog,H‚×ƒƒOƒ}ƒKƒWƒ“,–¼•¨‚ÍƒRƒN‚¤‚Üu‹ƒe[ƒ‹Ï‚İvI ƒŠƒs[ƒ^[‘±o‚ÌV¯ƒCƒ^ƒŠƒAƒ“i“Œ‹E—Î‚ª‹uj,https://news.yahoo.co.jp/articles/a10e9c2cfb53e07fa2a05a3edf3b5af06ec8a49a,2/16(‹à) 6:30
tabelog,H‚×ƒƒOƒ}ƒKƒWƒ“,ŠJ“X‰“ú‚©‚ç‘ås—ñI —L–¼ƒzƒeƒ‹ogƒpƒeƒBƒVƒG‚Ì—m‰Ùq“X‚ªŒƒí‹æE‰Y˜a‚É’a¶,https://news.yahoo.co.jp/articles/48e610d1c5d7a174fcfb7c8ecfcfe8f27e56a8e6,2/15(–Ø) 6:31
tabelog,H‚×ƒƒOƒ}ƒKƒWƒ“,ƒtƒŒƒ“ƒ`~ƒ‰[ƒƒ“ ‹†‹É‚ÌƒT[ƒ‚ƒ“ƒ‰[ƒƒ“ê–å“X‚ª‹“s‚É‚â‚Á‚Ä‚«‚½Ii‹“sEˆî‰×j,https://news.yahoo.co.jp/articles/a4d2fe09ae8ca323be5ad6749cb659b3628c5d65,2/15(–Ø) 6:30
tabelog,H‚×ƒƒOƒ}ƒKƒWƒ“,‚·‚×‚Ä‚ÍŠì‚ñ‚Å‚à‚ç‚¤‚½‚ß‚ÉBƒŒƒXƒgƒ‰ƒ“A¶YÒA‹q‚ğŒq‚®uO˜av,https://news.yahoo.co.jp/articles/4befcadaa5910607fc2a14c65b8946ae67c53f48,2/15(–Ø) 6:30
tabelog,H‚×ƒƒOƒ}ƒKƒWƒ“,’–Ú‚ÌV“X‚ğˆê‹“‚²Ğ‰îI 1Œ‚ÌNew Open Newsƒ‰ƒ“ƒLƒ“ƒO,https://news.yahoo.co.jp/articles/e46352cc2dcc4ab838c2c76317cfbc4512c60771,2/15(–Ø) 6:30
tabelog,H‚×ƒƒOƒ}ƒKƒWƒ“,"1,000‰~ˆÈ‰º‚Ìƒƒjƒ…[‚ª[ÀI ¡A–§‚©‚Él‹C‚ğW‚ß‚éu—§‚¿ˆù‚İ’†‰Øvi“Œ‹E©—R‚ª‹uj",https://news.yahoo.co.jp/articles/72384e5be18c252edb9dc686a95698e033efceaa,2/14(…) 6:31
tabelog,H‚×ƒƒOƒ}ƒKƒWƒ“,uŒÕƒm–åƒqƒ‹ƒY ƒXƒe[ƒVƒ‡ƒ“ƒ^ƒ[v‚ÉH‚ÌVƒGƒŠƒA‚ª’a¶I ’–Ú‚ÌƒJƒWƒ…ƒAƒ‹ˆù‚İƒXƒ|ƒbƒg5“X,https://news.yahoo.co.jp/articles/a3fa9253376641c17fb5060bd310f632b1aed9c2,2/14(…) 6:31
tabelog,H‚×ƒƒOƒ}ƒKƒWƒ“,d‚Ì‰Š‚ÆHŞ‚ªD‚è‚È‚·â–­‚Èƒn[ƒ‚ƒj[I Vi‹C‰s‚ÌƒVƒFƒt‚ªì‚é“Æ‘n“I‚È—¿—‚Ì¢ŠE‚É”—‚é,https://news.yahoo.co.jp/articles/2d5244f0a65d321144b5a80e17ce5b13120d29b5,2/14(…) 6:30
tabelog,H‚×ƒƒOƒ}ƒKƒWƒ“,ƒVƒ“ƒvƒ‹‚ğ‹É‚ß‚½ƒ`ƒLƒ“•½•‚Ìƒ|[ƒNƒJƒŒ[‚ÅŸ•‰I ”ª’š–x‚ÌƒJƒŒ[•S–¼“X‚ªA“ìVh‚ÉƒJƒŒ[ƒXƒ^ƒ“ƒh‚ğƒI[ƒvƒ“,https://news.yahoo.co.jp/articles/c36ccf1f005ea86fd8df550c647905ec6ad5306b,2/14(…) 6:30
tabelog,H‚×ƒƒOƒ}ƒKƒWƒ“,ƒoƒŠD‚«Š½ŠìI –{‹C‚ÌuƒiƒVƒ`ƒƒƒ“ƒvƒ‹[v‚Í‘åã‚É‚ ‚Á‚½,https://news.yahoo.co.jp/articles/91300f8d67ce0e2b45eca09508b301f96f91c57e,2/11(“ú) 11:04
tabelog,H‚×ƒƒOƒ}ƒKƒWƒ“,ƒ`ƒ‡ƒR‚Ì’†‚©‚çŠÛ‚²‚Æ‚¢‚¿‚² ¡AÂR‚Ås—ñ‚Ì‚Å‚«‚éƒ`ƒ‡ƒRƒŒ[ƒgƒVƒ‡ƒbƒv,https://news.yahoo.co.jp/articles/56b543d675b2efd48575aa905d20e1dae7a45e6f,2/11(“ú) 11:04
tabelog,H‚×ƒƒOƒ}ƒKƒWƒ“,"ˆ¬‚è‚ÌƒZƒbƒg‚ª2,800‰~‚©‚çI u‚·‚µ@’Bv‚Ì‘n‹ÆÒ‚ª©‚çˆ¬‚é–£˜f‚Ì’¬õiA‰‘ä‚ÉŒ»‚é",https://news.yahoo.co.jp/articles/0078833ebeed658eba6a74b0b9c02360dd7c836c,2/10(“y) 11:02
tabelog,H‚×ƒƒOƒ}ƒKƒWƒ“,–¡•t‚¯‚ğ•Ï‚¦‚½u‘åƒgƒ3ŠÑv‚ÌH‚×”ä‚×‚ªŠy‚µ‚¢I ‘åãE‚’Î‚Å37”Nˆ¤‚³‚ê‘±‚¯‚éA‹C‚Á•—‚ª—Ç‚¢õi“X,https://news.yahoo.co.jp/articles/81503db5b39b611654df3d4d5171349bfed27797,2/10(“y) 11:00
tabelog,H‚×ƒƒOƒ}ƒKƒWƒ“,–¼•¨‚Í¯Œ`ƒsƒUI •S–¼“X‚ÌƒsƒbƒcƒFƒŠƒA‚ª–ƒ•z‘äƒqƒ‹ƒY‚ÉƒI[ƒvƒ“i“Œ‹E_’J’¬j,https://news.yahoo.co.jp/articles/6359a95197a7b0adb74a3c77681cc63eb5feced3,2/9(‹à) 6:31
tabelog,H‚×ƒƒOƒ}ƒKƒWƒ“,"‚‹‰“V‚Õ‚ç“Xål‚Ìu‚â‚è‚½‚¢‚±‚Æv‚ª‹l‚Ü‚Á‚½V“X‚ÍAƒR[ƒX8,800‰~‚ÌƒJƒWƒ…ƒAƒ‹ƒ‰ƒCƒ“I",https://news.yahoo.co.jp/articles/cdaff2b315f1aa85869cc0e2b8a36cd4ddbbd811,2/9(‹à) 6:31
tabelog,H‚×ƒƒOƒ}ƒKƒWƒ“,2l‚Åì‚é—¿—‚ğ¢ŠE‚ÉL‚ß‚½‚¢B˜aHog‚Ì—¿—’·‚ªA‘fŞ‚ÉŠñ‚è“Y‚¤ƒ^ƒC—¿—u”ü‰ïv,https://news.yahoo.co.jp/articles/ff577bded3f344157e41509a54ef7116ea6a877c,2/9(‹à) 6:31
tabelog,H‚×ƒƒOƒ}ƒKƒWƒ“,‘ãŠ¯R‚Ìl‹CƒJƒtƒF‚ª“ï”g‚ÉƒI[ƒvƒ“I ƒƒCƒ“‚©‚çƒhƒ‹ƒ`ƒF‚Ü‚ÅŠy‚µ‚ß‚é–{ŠiƒCƒ^ƒŠƒAƒ“i‘åãE“ï”gj,https://news.yahoo.co.jp/articles/772dc0734e565eabe5525b0f6d5247d893b41cc8,2/8(–Ø) 6:32
tabelog,H‚×ƒƒOƒ}ƒKƒWƒ“,‘½‚­‚Ì’˜–¼l‚Éˆ¤‚³‚ê‚½˜V•Ü’¬’†‰Øu·‰^’àv‚ªˆÚ“]ÄƒI[ƒvƒ“Ii“Œ‹EL”öj,https://news.yahoo.co.jp/articles/4e308723499b804c8f4c2e5d804ce30e9527cdb1,2/8(–Ø) 6:32
tabelog,H‚×ƒƒOƒ}ƒKƒWƒ“,qH‚×ƒƒO3.5ˆÈ‰º‚Ì‚¤‚Ü‚¢“Xr‚±‚Ì“÷‚Í”’”Ñ“D–_I ˜Vá’j—‚ğ—¸‚É‚·‚éã–k‘ò‚Ì–¼Ä“÷“X,https://news.yahoo.co.jp/articles/2a1349577ae0ec81989eeba5e3e5c641b21d5954,2/8(–Ø) 6:32
tabelog,H‚×ƒƒOƒ}ƒKƒWƒ“,ƒoƒŒƒ“ƒ^ƒCƒ“‚É‘¡‚è‚½‚¢Iu¢ŠEˆê”–‚¢v‚ğƒe[ƒ}‚É‚µ‚½ƒ`ƒ‡ƒRƒŒ[ƒgi“Œ‹E_’J’¬j,https://news.yahoo.co.jp/articles/18347bac92d03592588d2ee5e8f9f45746d38093,2/8(–Ø) 6:31
tabelog,H‚×ƒƒOƒ}ƒKƒWƒ“,l‹CƒVƒFƒt~ƒgƒbƒvƒo[ƒeƒ“ƒ_[I ƒWƒƒƒ“ƒ‹ƒŒƒX‚ÈV‘ã‚Ì‹ğ‰®‚ªƒI[ƒvƒ“i“Œ‹EŒÕƒm–åj,https://news.yahoo.co.jp/articles/5f1caa23d77272b2197263883eefab75e8bb38e7,2/8(–Ø) 6:30
tabelog,H‚×ƒƒOƒ}ƒKƒWƒ“,‘Šz››–œ!? 1ƒJŒ‚ÌH–ƒXƒPƒWƒ…[ƒ‹‚ÆH”ï‚ğ‘SŒöŠJIi12ŒEƒ}ƒbƒL[–qŒ³j,https://news.yahoo.co.jp/articles/c4f87832dadc2d80f7cb7ec6efa8947042bf55f0,2/7(…) 6:31
tabelog,H‚×ƒƒOƒ}ƒKƒWƒ“,H‚Ì–¢—ˆ‚Æ‰Â”\«‚ª‹l‚Ü‚Á‚½ˆêM‚Ì‘ÌŒ±B˜V•ÜƒtƒŒƒ“ƒ`uƒƒIƒWƒGv,https://news.yahoo.co.jp/articles/24ff72320d6fd94399f03bed29fce34ce02b943d,2/7(…) 6:31
tabelog,H‚×ƒƒOƒ}ƒKƒWƒ“,ãY—í‚È“X“à‚ÅŠy‚µ‚ŞA©‰Æ»–Ë‚É‚±‚¾‚í‚Á‚½‹†‹É‚Ì’†‰Ø‚»‚Îi“Œ‹E’r‘Üj,https://news.yahoo.co.jp/articles/72f651e9dd4353467d4e85a254d98236bf83a834,2/7(…) 6:31
tabelog,H‚×ƒƒOƒ}ƒKƒWƒ“,‚Ü‚é‚Å‘ä˜p‚É‚¢‚é‹C•ªI ”é“`‚Ì‚Â‚¯ƒ_ƒŒ‚Å–¡‚í‚¤ˆêlÎ“ª‰Î“çi“Œ‹E‚“c”nêj,https://news.yahoo.co.jp/articles/4681462440b33b1ea73914e7611ee96f8456cf1a,2/7(…) 6:30
tabelog,H‚×ƒƒOƒ}ƒKƒWƒ“,€q‚Å‘ål‹C‚Ìèì‚èƒAƒCƒXƒNƒŠ[ƒ€ƒVƒ‡ƒbƒv2†“X‚ªƒI[ƒvƒ“i_“ŞìE‰¡{‰êj,https://news.yahoo.co.jp/articles/e1746b3fcebb759bd9c543816d4e9570727921bc,2/7(…) 6:30
tabelog,H‚×ƒƒOƒ}ƒKƒWƒ“,–¼•¨u¶ƒ†ƒbƒPv‚Í4í—ŞI lğ‰w‹ß‚­‚ÉƒJƒWƒ…ƒAƒ‹Ä“÷‚ªƒI[ƒvƒ“i‹“sElğj,https://news.yahoo.co.jp/articles/9d97ded1f9ebdcded933c836bceaf13cd5dc3e3f,2/6(‰Î) 6:31
tabelog,H‚×ƒƒOƒ}ƒKƒWƒ“,‚±‚Ì‚¨‚¢‚µ‚³Aƒnƒ}‚é‚©‚àI ƒƒjƒ…[[À‚Ìƒoƒ“ƒOƒ‰ƒfƒVƒ…ƒŒƒXƒgƒ‰ƒ“‚ª’r‘Ü‚ÉƒI[ƒvƒ“,https://news.yahoo.co.jp/articles/95b44605b3ebb695a4c42342778d0573bde85374,2/6(‰Î) 6:31
tabelog,H‚×ƒƒOƒ}ƒKƒWƒ“,u–ËFACTORY JAWSv‚ÌV‹Æ‘Ô‚ÍAÅ‚ª‚µİ–û‚ª‚é”ZŒú“Øœİ–ûƒ‰[ƒƒ“i‘åãE–k•lj,https://news.yahoo.co.jp/articles/cc6d4d1c5b4f69d9c0e1f40245a63454f3213c2d,2/6(‰Î) 6:31
tabelog,H‚×ƒƒOƒ}ƒKƒWƒ“,•S–¼“X‚Ìl‹C’†‰ØogƒVƒFƒt‚ªÄo”­I ƒWƒƒƒ“ƒ{ƒVƒ…ƒEƒ}ƒC‚ª”ªdF–¼•¨‚É!?i“Œ‹E“ú–{‹´j,https://news.yahoo.co.jp/articles/30dae871853f10aced4d1c348e42ced4ebab4ee2,2/6(‰Î) 6:31
tabelog,H‚×ƒƒOƒ}ƒKƒWƒ“,l‹CƒCƒ“ƒXƒ^ƒOƒ‰ƒ}[‚ª‹³‚¦‚éÅ‚‚ÌˆêM‚ÍA‹êèˆÓ¯‚ğ•Ï‚¦‚½I ‹Éã‚Ìu“ØƒŒƒo[v,https://news.yahoo.co.jp/articles/efee8f9cb729d8b55d0caadbe240717e2d9413e5,2/6(‰Î) 6:30
tabelog,H‚×ƒƒOƒ}ƒKƒWƒ“,ƒOƒ‹ƒ}ƒ“‚ª“²‚ê‚éƒrƒXƒgƒI Šm‚©‚È‹Zp‚ÆŠ´«‚ª¶‚İo‚·—¿—‚ªGˆí‚ÈuƒOƒ‹ƒ}ƒ“ƒfƒB[ƒYv,https://news.yahoo.co.jp/articles/71c06c96103c7f5e219ec1a2f532eae80063cf05,2/4(“ú) 11:04
tabelog,H‚×ƒƒOƒ}ƒKƒWƒ“,”üH‰Æ‚½‚¿‚ª‘‚­‚à’–ÚI ¯•t‚«ƒtƒŒƒ“ƒ`og‚ÌƒVƒFƒt‚É‚æ‚éƒƒ“ƒIƒyƒtƒŒƒ“ƒ`‚ªƒnƒCƒŒƒxƒ‹Ii“Œ‹E”¦ƒ–’Jj,https://news.yahoo.co.jp/articles/9b284531c761c0173a9062d0c2db81649f129379,2/4(“ú) 11:04
tabelog,H‚×ƒƒOƒ}ƒKƒWƒ“,n¬“÷ƒpƒeƒB‚Æ©‰Æ»ƒpƒXƒgƒ‰ƒ~‚Ì‚¨‚¢‚µ‚³‚ªGˆíI ‚±‚¾‚í‚è‚ÌƒOƒ‹ƒƒo[ƒK[i“Œ‹Ea’Jj,https://news.yahoo.co.jp/articles/61128e047cba5640d9fe4af5851f83c8f2679dc2,2/4(“ú) 11:03
tabelog,H‚×ƒƒOƒ}ƒKƒWƒ“,“ú–{‚É‚¨‚¯‚é’†‘—¿—‚ÌÅ‚•ô‚ğ–Úw‚µAlX‚ğ–£—¹‚µ‘±‚¯‚éu’ƒ‘T‰Øv,https://news.yahoo.co.jp/articles/0efbf5c088cdd1901e0b71e869bfc478e0c8addf,2/3(“y) 11:04
tabelog,H‚×ƒƒOƒ}ƒKƒWƒ“,ƒŒƒgƒ‚Å—‚¿’…‚­‹óŠÔ‚ÅŠy‚µ‚ŞAƒXƒpƒCƒX‚ª—˜‚¢‚½‚â‚³‚µ‚¢–¡‚í‚¢‚ÌƒWƒrƒGƒJƒŒ[i•ºŒÉE“yRj,https://news.yahoo.co.jp/articles/d29f6ff4f8fe806084b6f9b046efd352e21e132b,2/3(“y) 11:04
tabelog,H‚×ƒƒOƒ}ƒKƒWƒ“,ƒXƒC[ƒc‚Ìƒvƒ‚à’Ê‚¤I ƒ`ƒ‡ƒRƒŒ[ƒgƒP[ƒL‚ª‚¨‚¢‚µ‚¢ƒpƒeƒBƒXƒŠ[5‘I,https://news.yahoo.co.jp/articles/d0e3c4488cfb3428e5314207d702c58046b6b43f,2/3(“y) 11:03
tabelog,H‚×ƒƒOƒ}ƒKƒWƒ“,q‘å–Ø~•v‚Ì1Œ‚ÌV“XƒAƒhƒŒƒXr–{Ši—§‚¿ˆù‚İ’†‰Ø‚âAa’J‚Ìƒzƒeƒ‹“àƒ_ƒCƒjƒ“ƒO‚ªƒI[ƒvƒ“,https://news.yahoo.co.jp/articles/fd9557ecc566faed9da329fdf60d259217cbe98b,2/2(‹à) 6:31
tabelog,H‚×ƒƒOƒ}ƒKƒWƒ“,“y’n‚â•¶‰»‚ğ•\Œ»‚µ‚½—¿—‚ğB‚»‚Ìl‚ÉŠñ‚è“Y‚Á‚½‚¨‚à‚Ä‚È‚µ‚ğ’ñ‹Ÿ‚·‚éu—M–ØŒ³v,https://news.yahoo.co.jp/articles/ee5086356659b528eff1f13c4f583ceaff439b39,2/2(‹à) 6:31
tabelog,H‚×ƒƒOƒ}ƒKƒWƒ“,ŠOH‚Í”NŠÔ600‰ñˆÈãI ƒ}ƒbƒL[–qŒ³‚Ì”­Œ@I’n•û‚Ì–¼“X`•Ÿˆä•Ò`,https://news.yahoo.co.jp/articles/7060b6a68d77270bd83c3716dae34044c93ead1a,2/2(‹à) 6:31
tabelog,H‚×ƒƒOƒ}ƒKƒWƒ“,g‹ß‚ÈHŞ‚ğg‚²’y‘–h‚Éd—§‚Ä‚éA“ú–{—¿—u–¡“¹L˜Hv,https://news.yahoo.co.jp/articles/902b4de6b11c63d027cb989ece0244b00cef1c28,2/2(‹à) 6:31
tabelog,H‚×ƒƒOƒ}ƒKƒWƒ“,‹_‰€‚Ìƒ}ƒ}‚É•·‚­I ‹“s‚ÅuƒJƒŒ[‚¤‚Ç‚ñv‚ğH‚×‚é‚È‚ç‚±‚Ì‚¨“X,https://news.yahoo.co.jp/articles/caf59eee67b585143ec53c05fd66cdddbd49ba76,2/2(‹à) 6:30
tabelog,H‚×ƒƒOƒ}ƒKƒWƒ“,ƒCƒ`‰Ÿ‚µ‚Í‰²åy‚½‚Á‚Õ‚è‚Ì“y“ç‚²”ÑI ‚Â‚¢’Ê‚¢‚½‚­‚È‚éˆêŒ¬‰Æ‹ğ‰®‚ª“Œ–k‘ò‚ÉƒI[ƒvƒ“,https://news.yahoo.co.jp/articles/d31900699b09c9a10f7557f0942bd8502310d37d,2/1(–Ø) 6:31
tabelog,H‚×ƒƒOƒ}ƒKƒWƒ“,uƒGƒrƒXV“Œ‹Lv‚Ì–¡‚ª•œŠˆI Œb”äõ‚É‘Ò–]‚ÌƒVƒ“ƒKƒ|[ƒ‹—¿—“Xi“Œ‹EŒb”äõj,https://news.yahoo.co.jp/articles/c91c9261cb853ea32cfdfca5d2f9c58f9da02ca3,2/1(–Ø) 6:31
tabelog,H‚×ƒƒOƒ}ƒKƒWƒ“,¬’rb‚ª„‚·u—\–ñ¢“ï—\”õŒRv‚ÌÄ“÷“X‚Í‚±‚±‚¾I “÷‚Æƒ^ƒŒ‚Ì‘g‚İ‡‚í‚¹‚ª–ãâ‹‰‚É‚¤‚Ü‚¢uâ•iƒ[ƒXv‚Í–ì•û‚ÅŠy‚µ‚ß‚é,https://news.yahoo.co.jp/articles/c5677ddbd92c09160c27dc8b2bedf57ff37b5a38,2/1(–Ø) 6:30
tabelog,H‚×ƒƒOƒ}ƒKƒWƒ“,qH‚×ƒƒO3.5ˆÈ‰º‚Ì‚¤‚Ü‚¢“Xr–¼“Xog‚ÌƒVƒFƒt‚Æƒ\ƒ€ƒŠƒG‚ÌWå‰‰‚ğ‰Ê‚½‚·‘åãƒtƒŒƒ“ƒ`‚ÌV‰s,https://news.yahoo.co.jp/articles/e56076fb487ee631257aa5aaead2cbca107ea1bc,2/1(–Ø) 6:30
tabelog,H‚×ƒƒOƒ}ƒKƒWƒ“,‘f’Ê‚è‚µ‚Ä‚¢‚½l‚Í‘¹‚µ‚Ä‚éI ‘åã‹üw‚ÌƒXƒŠƒ‰ƒ“ƒJ—¿—‚Íˆê“x–¡‚í‚¦‚ÎƒNƒZ‚É‚È‚é‚±‚Æ•KŠ,https://news.yahoo.co.jp/articles/e7e10e58651e6330d2cfab472b5c233521c3f71e,2/1(–Ø) 6:30
tabelog,H‚×ƒƒOƒ}ƒKƒWƒ“,ƒ~ƒVƒ…ƒ‰ƒ“ƒKƒCƒhŒfÚ“XogƒpƒeƒBƒVƒG‚ªŠÄC‚Ì˜aƒJƒtƒFI ƒAƒtƒkƒ“‚İ‚½‚¢‚ÈÅ’†ƒZƒbƒg‚É‚Æ‚«‚ß‚­i‹“sE‰ÍŒ´’¬j,https://news.yahoo.co.jp/articles/e87645357e7517da19a7bc58304bf7ab8dac0659,1/31(…) 6:32
tabelog,H‚×ƒƒOƒ}ƒKƒWƒ“,8”N‚Ì‚ğŒo‚Ä•œŠˆI ‚³‚ç‚È‚éi‰»‚ğ‹‚°‚½Š´“®‚ÌˆêM,https://news.yahoo.co.jp/articles/bedbcaafa017551b0001dd5efa2e451b235c11f8,1/31(…) 6:32
tabelog,H‚×ƒƒOƒ}ƒKƒWƒ“,qH‚×ƒƒO3.5ˆÈ‰º‚Ì‚¤‚Ü‚¢“Xr’‹ˆù‚İ‚É‚àA2Œ¬–Ú‚É‚àd•ó‚·‚éI ‹“sE›’¬’Ê‚Ì¬Ÿ­—‚½ƒƒCƒ“ğê,https://news.yahoo.co.jp/articles/6b27eae5c513828391b88fc9ff7919ec7702c93e,1/31(…) 6:31
tabelog,H‚×ƒƒOƒ}ƒKƒWƒ“,‹âÀ‚ÉƒI[ƒvƒ“‚µ‚½‹†‹É‚Ìõi‰®@Šù‚É—\–ñ¢“ï‚ÈV“X‚Å–¡‚í‚¤A‹Éã‚Ìˆ¬‚è‚Æ{‚ÌMi“Œ‹E‹âÀj,https://news.yahoo.co.jp/articles/c8a1043bee9ffb407f4aca8c431feb68811d9e31,1/31(…) 6:31
tabelog,H‚×ƒƒOƒ}ƒKƒWƒ“,”\“o‚ÌƒVƒFƒt‚Ì¡‚ğƒCƒ“ƒ^ƒrƒ…[@•½“c–¾ì‚³‚ñiƒ”ƒBƒ‰Eƒfƒ‰Eƒp[ƒ`ƒFj,https://news.yahoo.co.jp/articles/3e7e7ef7f415f258441cb0e9a71ac6192a5fefe8,1/31(…) 6:31
tabelog,H‚×ƒƒOƒ}ƒKƒWƒ“,‰º’¬‚Ìƒgƒ‰ƒbƒgƒŠƒA‚Ì‰B‚êl‹Cƒƒjƒ…[I ƒCƒ^ƒŠƒAƒ“‚ÆƒXƒpƒCƒXƒJƒŒ[‚Ìâ•iƒRƒ‰ƒ{‚É–²’†‚É‚È‚éƒIƒŠƒWƒiƒ‹ƒpƒXƒ^,https://news.yahoo.co.jp/articles/e29ee86d2819a222552dc8d0a1718087e987acc2,1/30(‰Î) 6:31
tabelog,H‚×ƒƒOƒ}ƒKƒWƒ“,³“”hƒCƒ“ƒh—¿—“X‚ÆV‰s‚ÌƒXƒpƒCƒXƒJƒŒ[“XI ƒJƒŒ[‚¨‚¶‚³‚ñ‚ª–¼ŒÃ‰®‚ÅŒ©‚Â‚¯‚½’–Ú‚Ì2Œ¬,https://news.yahoo.co.jp/articles/444be72e61965748ac97a01c3b6cf83c51177d89,1/30(‰Î) 6:31
tabelog,H‚×ƒƒOƒ}ƒKƒWƒ“,‚»‚¤‚»‚¤A‚±‚Ì–¡I V¶ud’¹V_ŒËv‚ÌÄ‚«’¹‚Éƒt[ƒhƒ‰ƒCƒ^[‚àŠ½Šì,https://news.yahoo.co.jp/articles/f976df71fcf7b7161153c29572ddb91e4f87f98c,1/30(‰Î) 6:30
tabelog,H‚×ƒƒOƒ}ƒKƒWƒ“,g‹S’n‚Ì‚¢‚¢‹óŠÔ‚ğì‚é“w—Íh‚ª¶‚ñ‚¾A‹“s‚Ì’†‰Ø—¿—“X,https://news.yahoo.co.jp/articles/2c2372ba0cd62188fdecaf21f16a7ba3915a0dcd,1/30(‰Î) 6:30
tabelog,H‚×ƒƒOƒ}ƒKƒWƒ“,uƒCƒ‹EƒvƒŒ[ƒWƒ‡v‚Ìo–…“XI –L•x‚ÈƒAƒ‰ƒJƒ‹ƒg‚ÉS–ô‚éƒJƒEƒ“ƒ^[ƒCƒ^ƒŠƒAƒ“‚ª–ƒ•z‘äƒqƒ‹ƒY‚É’a¶,https://news.yahoo.co.jp/articles/6e2343e3cd358e953985699e335111c6ea535244,1/30(‰Î) 6:30
tabelog,H‚×ƒƒOƒ}ƒKƒWƒ“,ˆêM‚Éî”M‚ğ•\Œ»B1“ú1‘gŒÀ’è‚ÌƒtƒŒƒ“ƒ`uTSUSHIMIv,https://news.yahoo.co.jp/articles/b7f2f0db69b495c81079bbec5f87c6450445d9f3,1/28(“ú) 11:05
tabelog,H‚×ƒƒOƒ}ƒKƒWƒ“,˜b‘è‚Ìuƒzƒeƒ‹ŒÕƒm–åƒqƒ‹ƒYv‚ÉAƒAƒWƒA‰ã—¤‚ÌƒXƒ^[ƒVƒFƒtŠÄCƒŒƒXƒgƒ‰ƒ“‚ª–{ŠiƒI[ƒvƒ“i“Œ‹EŒÕƒm–åj,https://news.yahoo.co.jp/articles/0308465f25c5c918d48e8d4e1345c560ab70bb4c,1/28(“ú) 11:05
tabelog,H‚×ƒƒOƒ}ƒKƒWƒ“,–Ÿ‰æ‚à“Ç‚ß‚é‚­‚Â‚ë‚¬‚Ì‹óŠÔ‚Å–¡‚í‚¤AS‚Æg‘Ì‚ğ®‚¦‚é‰œ[‚¢ƒXƒpƒCƒXƒJƒŒ[i“Œ‹Eç‘Ê–Øj,https://news.yahoo.co.jp/articles/939a4ab2ae5a47bb9a640637caaf06806ce7ff47,1/28(“ú) 11:04
tabelog,H‚×ƒƒOƒ}ƒKƒWƒ“,‹ÉŒÀ‚Ü‚Åàu‚ß‚½‹Ê‚Ë‚¬‚ÌŠÃ‚³‚ÆƒXƒpƒCƒX‚Ìƒn[ƒ‚ƒj[‚ª‚½‚Ü‚ç‚È‚¢@–¼“X‚Ì–¡‚ğŒp³‚·‚éƒJƒŒ[“Xi“Œ‹E’†–Ú•j,https://news.yahoo.co.jp/articles/f5739a3c5246b181bad1305127f4ecc1a685a668,1/27(“y) 11:06
tabelog,H‚×ƒƒOƒ}ƒKƒWƒ“,‹âÀ‚Ì˜H’n— ‚Éº˜aƒŒƒgƒ‚È˜V•Ü‚ªI ƒ~ƒ…[ƒWƒVƒƒƒ“¬‹{R—Y”ò‚ª’Ê‚¤A‹›—¿—‚ª–Ú“–‚Ä‚Ì‘åOŠ„–B‚Ö,https://news.yahoo.co.jp/articles/475f958532fac70490fef79d36d28ab1692fbe03,1/27(“y) 11:06
tabelog,H‚×ƒƒOƒ}ƒKƒWƒ“,¢ŠE‚ÌƒOƒ‹ƒ‚É¸’Ê‚·‚é•l“cŠx•¶‚ª—\‘zI 2024”N‚É—¬s‚é‚Ì‚ÍAƒAƒ‰ƒJƒ‹ƒg‚ÅŠy‚µ‚ß‚éŠ„–B,https://news.yahoo.co.jp/articles/ff34e1c0c80564bbae42a51a3f917fdf28c5aa36,1/27(“y) 11:04
tabelog,H‚×ƒƒOƒ}ƒKƒWƒ“,‰¹ŠyŠE‚ÌƒOƒ‹ƒ”Ô’·E¬‹{R—Y”ò‚ª’–ÚI 2024”N‚É—¬s‚é‚Ì‚ÍA•œŠˆ‚µ‚½l‹C’¬’†‰Ø,https://news.yahoo.co.jp/articles/41153691ae45df800264421c0146b5462c6a9ba6,1/26(‹à) 6:31
tabelog,H‚×ƒƒOƒ}ƒKƒWƒ“,ƒvƒŠƒ“‰¤q‚ª—\‘zI 2024”N‚ÉƒoƒY‚é‚Ì‚ÍƒnƒCƒuƒŠƒbƒhƒXƒC[ƒc‚Ìu‚Ì‚Á‚¯ƒvƒŠƒ“v,https://news.yahoo.co.jp/articles/c84734070cdb464239b191151d20be62a5f63da8,1/26(‹à) 6:31
tabelog,H‚×ƒƒOƒ}ƒKƒWƒ“,“÷HƒRƒ‰ƒ€ƒjƒXƒgE‚¤‚ç‚Æ‚à‚¦‚ÌƒuƒŒƒCƒN—\‘zI ƒzƒeƒ‹ƒNƒIƒŠƒeƒB‚Ìƒ[ƒXƒgƒr[ƒtƒ^ƒ‹ƒg,https://news.yahoo.co.jp/articles/dbac22bb787849f1aee98f461382010c11fb240a,1/26(‹à) 6:30
tabelog,H‚×ƒƒOƒ}ƒKƒWƒ“,"ƒfƒBƒi[ƒR[ƒX4,000‰~`AƒŠ[ƒYƒiƒuƒ‹‚È‚Ì‚É‘fŞ‚Ì—Í‚ªŒõ‚é–å‘O’‡’¬‚Ì‘nìƒCƒ^ƒŠƒAƒ“",https://news.yahoo.co.jp/articles/7a09522e9ada399a7453ed15c4fc87a54bcb3eb3,1/26(‹à) 6:30
tabelog,H‚×ƒƒOƒ}ƒKƒWƒ“,‚¨‚¢‚µ‚³‚¾‚¯‚¶‚á‚È‚­A{ƒ¿‚ğBˆóÛ‚Éc‚é—¿—‚ğ’ñ‹Ÿ‚·‚éuƒvƒŒƒ[ƒ“ƒe ƒXƒMv,https://news.yahoo.co.jp/articles/3567dfbc2ed75ccdd3a0431e45677480241bc1ca,1/25(–Ø) 6:31
tabelog,H‚×ƒƒOƒ}ƒKƒWƒ“,”\“o‚ÌƒVƒFƒt‚Ì¡‚ğƒCƒ“ƒ^ƒrƒ…[@ì“ˆ ‹œ‚³‚ñiˆê–{™ ì“ˆj,https://news.yahoo.co.jp/articles/37284b952eb0bdc885f52fdcd8f3e1322b2c2eb8,1/25(–Ø) 6:31
tabelog,H‚×ƒƒOƒ}ƒKƒWƒ“,ƒOƒ‹ƒ•ú‘—ì‰Æ‚Ì‰–‘òq‚ª‘I‚Ô2024”N‚É—¬s‚é“X‚Æ‚ÍH 500‰~ˆÈ‰º‚ÅH‚×‚ç‚ê‚é‚¨‚¢‚µ‚¢ƒ^ƒRƒX,https://news.yahoo.co.jp/articles/6daab8392fbdd90bc0f925b12451a45468be17ad,1/25(–Ø) 6:31
tabelog,H‚×ƒƒOƒ}ƒKƒWƒ“,ƒt[ƒhƒpƒuƒŠƒVƒXƒg‚‹´ˆ»q‚ª’Ê‚¢‚Â‚ß‚é!? ¡”N’–Ú‚Ì–ƒ•z‘äƒqƒ‹ƒYAŒÕƒm–åƒqƒ‹ƒY,https://news.yahoo.co.jp/articles/fbc462c2aa346ac66811a57245ed37ed4730da84,1/25(–Ø) 6:31
tabelog,H‚×ƒƒOƒ}ƒKƒWƒ“,g‚±‚±‚Å‚µ‚©–¡‚í‚¦‚È‚¢h‚Æl‹C‚Ì•Ÿ‰ªu”bå†v‚ª“Œ‹Eó‘‚ÖˆÚ“]I,https://news.yahoo.co.jp/articles/cb401c1805b88f91def41fb0099543e25721afa1,1/25(–Ø) 6:30
tabelog,H‚×ƒƒOƒ}ƒKƒWƒ“,‘åã‚Ìƒ~ƒVƒ…ƒ‰ƒ“ˆê‚Â¯“X‚ªŠÖ“Œ‰o“XI ˜aHŞ‚ğg‚Á‚½‹Gß‚ğŠ´‚¶‚éƒtƒŒƒ“ƒ`‚ÉãŒÛi“Œ‹E˜Z–{–Øˆê’š–Új,https://news.yahoo.co.jp/articles/883ac2c8681fbb14bf69a50be90b26a383439c44,1/24(…) 6:32
tabelog,H‚×ƒƒOƒ}ƒKƒWƒ“,‘åØ‚Èl‚É‘¡‚è‚½‚­‚È‚éA‚¿‚å‚Á‚Æ“Á•Ê‚ÈƒkƒK[ƒTƒ“ƒh‚ÉS‚Æ‚«‚ß‚­i“Œ‹Eô‘«’rj,https://news.yahoo.co.jp/articles/3842bd0a8c4e6c9c0cc25c6b3c2b25a9b36e9599,1/24(…) 6:31
tabelog,H‚×ƒƒOƒ}ƒKƒWƒ“,qHR‹ï‹`‚Ì¡Œ‚ÌNEW–Ër˜b‘è‚Ì–ƒ•z‘äƒqƒ‹ƒY‚ÉƒI[ƒvƒ“I –¡•t‚¯‚Ìƒ\[ƒX‚ª‘I‚×‚éâ•i‚Ó‚©‚Ğ‚ê–Ë,https://news.yahoo.co.jp/articles/ef0859ac033877f7483eaaad6b82b6d296cd2665,1/24(…) 6:31
tabelog,H‚×ƒƒOƒ}ƒKƒWƒ“,“ì•§~ƒmƒ‹ƒfƒBƒbƒN@Vi‹C‰s‚ÌƒVƒFƒt‚ªì‚éA–Ú‚àã‚àŠì‚ÔVŠ´ŠoƒtƒŒƒ“ƒ`i“Œ‹E‰‘äj,https://news.yahoo.co.jp/articles/76baf2639eba46e778e71fc8cf19bdecd7da16e4,1/24(…) 6:31
tabelog,H‚×ƒƒOƒ}ƒKƒWƒ“,u‹âÀ é½Â–Øvog‚Ìá‚«‘å«‚ªè‚ª‚¯‚éA‹CŒy‚És‚«‚½‚¢ƒRƒXƒpÅ‚ƒ‰ƒ“ƒ`,https://news.yahoo.co.jp/articles/71979e35ee2abb55f0ec5dfcff217fb12e82c91a,1/24(…) 6:30
tabelog,H‚×ƒƒOƒ}ƒKƒWƒ“,“Xî•ñ‚Í‚Ù‚Ú–³‚µI ƒXƒpƒCƒXg‚¢‚ÆFÊ‚Ì”ü‚µ‚³‚Å–£—¹‚·‚é“ñ‚Â¯ƒVƒFƒt‚Ì”é–§‚Ì“X,https://news.yahoo.co.jp/articles/186d6d114ca28a430698fd1237d03106c9e00a68,1/23(‰Î) 6:31
tabelog,H‚×ƒƒOƒ}ƒKƒWƒ“,l‹CƒCƒ“ƒXƒ^ƒOƒ‰ƒ}[‚ª‹³‚¦‚éÅ‚‚ÌˆêM‚ÍAˆÙŸŒ³‚Ì‚È‚ß‚ç‚©‚³ ‚­‚¿‚Ç‚¯‚àŠÃ‚İ‚àŠ´“®‚Ì‘ÌŒ±u‚ ‚ñŠÌv,https://news.yahoo.co.jp/articles/1d5155b953309da93b40a6e2971e1fb8376fc323,1/23(‰Î) 6:30
tabelog,H‚×ƒƒOƒ}ƒKƒWƒ“,Œb”äõ‚Ìl‹CŠÔØ‚èƒJƒŒ[“XuRUBY MURRAYv‚ª¢“c’J‚Å“Æ—§“X•Ü‚ğƒI[ƒvƒ“I,https://news.yahoo.co.jp/articles/b4df929fa324598cb44bf6030bb56f9d9951fa18,1/23(‰Î) 6:30
tabelog,H‚×ƒƒOƒ}ƒKƒWƒ“,ŠÖ¼İZ‚ÌƒOƒ‹ƒƒ‰ƒCƒ^[E”L“c‚µ‚°‚é‚ª—\‘z‚·‚é¡”N‚Ì—¬sƒOƒ‹ƒI 2024”N‚Í–¼“X‚Ì–¡‚ğˆø‚«Œp‚¢‚¾ƒoƒ‹’†‰Ø‚É’–Ú,https://news.yahoo.co.jp/articles/974b7249f128510323c2cef92fcadfae6719a2a3,1/23(‰Î) 6:30
tabelog,H‚×ƒƒOƒ}ƒKƒWƒ“,u“Œ‹Å‚‚ÌƒŒƒXƒgƒ‰ƒ“v•ÒW’·‚ª’–ÚI “÷‚Ì‚¤‚Ü‚İ‚Æ‘¶İŠ´‚ª‘f°‚ç‚µ‚¢ƒnƒ“ƒo[ƒK[,https://news.yahoo.co.jp/articles/71a47d62c9883c1b4cf364ad78ea3896977d6b64,1/23(‰Î) 6:30
tabelog,H‚×ƒƒOƒ}ƒKƒWƒ“,uThe Tabelog Award 2024v”­•\I Gold‚É‹P‚¢‚½35“X•Ü‚ğˆê‹“ŒöŠJI,https://news.yahoo.co.jp/articles/7908b384b57fdc8d953dcbd217191e28e94d3088,1/22(Œ) 18:02
tabelog,H‚×ƒƒOƒ}ƒKƒWƒ“,ud˜aHv‚ÅH’Ê‚½‚¿‚ğ–£—¹‚µ‘±‚¯‚éA’´—\–ñ¢“ï“X‚ªˆÚ“]ƒI[ƒvƒ“i“Œ‹E¼–ƒ•zj,https://news.yahoo.co.jp/articles/62aaff1eb2c2c998fe5a2d7e6b8349b6bb26c6e4,1/21(“ú) 11:02
tabelog,H‚×ƒƒOƒ}ƒKƒWƒ“,ué½ ‹âÀ ‚¨‚Ì‚Å‚çvog‚ÌõiEl‚ª–‚ğ‚µ‚Ä“Æ—§I ‚‹‰õi“X‚Å”|‚Á‚½‹Zp‚Åˆ¬‚é‹Éã‚ÌˆêŠÑ‚É‚¤‚È‚éi“Œ‹EV‹´j,https://news.yahoo.co.jp/articles/ad256c2d836985dd9ece18379cf930c4a15399d8,1/21(“ú) 11:02
tabelog,H‚×ƒƒOƒ}ƒKƒWƒ“,’–Ú‚ÌV“X‚ğˆê‹“‚²Ğ‰îI 12Œ‚ÌNew Open Newsƒ‰ƒ“ƒLƒ“ƒO,https://news.yahoo.co.jp/articles/1bb81e71c68c6ea437fa27f53cbc983563e9d734,1/21(“ú) 11:00
tabelog,H‚×ƒƒOƒ}ƒKƒWƒ“,¢ŠE‚ğH‚×‚ ‚é‚­ƒ‰ƒCƒ^[E‘åÎ’qq‚ª—\‘z‚·‚é2024”N‚ÌƒuƒŒƒCƒN“XI ‘fŞ‚É‚Æ‚±‚Æ‚ñ‚±‚¾‚í‚éAÃ‰ª‚Ì’–Ú“X,https://news.yahoo.co.jp/articles/8596ce522040128189622df752ef22379f09a989,1/20(“y) 11:03
tabelog,H‚×ƒƒOƒ}ƒKƒWƒ“,H‚×ƒƒOƒtƒHƒƒ[”1ˆÊ‚Ììˆä‚ª—\‘z‚·‚é2024”N‚ÌƒuƒŒƒCƒN“XI ó‘‚ÉˆÚ“]‚µ‚½ƒtƒ@ƒ“‚Ì‘½‚¢‚»‚Î“X,https://news.yahoo.co.jp/articles/6c8bfcc0eda9d19990ddf0704704be44d2a21da7,1/20(“y) 11:03
tabelog,H‚×ƒƒOƒ}ƒKƒWƒ“,•Û‘¶‚ª‘‚¦‚é‚Ì‚É‚ÍƒƒP‚ª‚ ‚éI “Œ‹ƒGƒŠƒA‚ÌH‚×ƒƒO•Û‘¶”‚Ì‘‰Áƒ‰ƒ“ƒLƒ“ƒO‚ğ”­•\Ii2023”N12Œj,https://news.yahoo.co.jp/articles/6580b92bae926bf6c66524d48eb953a40781be0c,1/20(“y) 11:02
tabelog,H‚×ƒƒOƒ}ƒKƒWƒ“,”\“o”¼“‡’nkAH‚ğ’Ê‚¶‚Ä¡„‚½‚¿‚ª‚Å‚«‚é‚±‚Æ,https://news.yahoo.co.jp/articles/16a7418b3d82dff3a48f8d8b3b9ef2640da465b3,1/19(‹à) 17:00
tabelog,H‚×ƒƒOƒ}ƒKƒWƒ“,ƒ^ƒR‚Ì—x‚èH‚¢‚ªÅ‚I ƒA[ƒgƒfƒBƒŒƒNƒ^[HR‹ï‹`‚ª¡”N’–Ú‚·‚é“X‚Æ‚ÍH,https://news.yahoo.co.jp/articles/b7456935287778956bc6e5460767d314c51ce0be,1/19(‹à) 6:31
tabelog,H‚×ƒƒOƒ}ƒKƒWƒ“,u‚±‚ê‚ªƒ‰ƒUƒjƒA?!v‚Æ‚ë‚¯‚éHŠ´‚ÉŠ´“®‚Ìº‘±o‚ÌƒCƒ^ƒŠƒAƒ“‚ğ“Œ‹Eª’Ã‚Å”­Œ©!,https://news.yahoo.co.jp/articles/282bcc0e026b02384941fd62239017a0517b636d,1/19(‹à) 6:31
tabelog,H‚×ƒƒOƒ}ƒKƒWƒ“,"–j’£‚éŠì‚Ñ‚É–‚¿‚½ƒ}ƒOƒƒŠƒAƒ“I ƒR[ƒX6,600‰~‚©‚ç‚ÌO“c‚Ì—§‚¿H‚¢õi",https://news.yahoo.co.jp/articles/07e57f8599bf4daf5fd37e9238ef9ba201799407,1/19(‹à) 6:30
tabelog,H‚×ƒƒOƒ}ƒKƒWƒ“,ƒXƒC[ƒc‚Ìƒvƒ‚à’Ê‚¤I ƒVƒ‡[ƒgƒP[ƒL‚ª‚¨‚¢‚µ‚¢ƒpƒeƒBƒXƒŠ[5‘I,https://news.yahoo.co.jp/articles/80e196e470025b10d4249ba38f0de4ab270acbb1,1/19(‹à) 6:30
tabelog,H‚×ƒƒOƒ}ƒKƒWƒ“,•S–¼“X‚Ìl‹Cƒx[ƒJƒŠ[‚ªƒNƒƒƒbƒTƒ“‚ÆÄ‚«‰ÙqƒƒCƒ“‚ÌV“X‚ğƒI[ƒvƒ“i“Œ‹E_Šyâj,https://news.yahoo.co.jp/articles/d7b4bc538545422a42ebcfb29b7d265ad7d33ce8,1/19(‹à) 6:30
tabelog,H‚×ƒƒOƒ}ƒKƒWƒ“,‚Ó‚í‚Ó‚í‚à‚Á‚¿‚èHŠ´‚ª‚â‚İ‚Â‚«I _ŒË¶‚Ü‚ê‚Ìƒh[ƒiƒcA2†“X‚ªƒI[ƒvƒ“i•ºŒÉEO‹{j,https://news.yahoo.co.jp/articles/db106fb22f7c5edee3b340d2326c24fa513d9bc1,1/18(–Ø) 6:31
tabelog,H‚×ƒƒOƒ}ƒKƒWƒ“,“ú–{•¶‰»‚ğ‘ÌŠ´‚Å‚«‚é“Á•Ê‚È‹óŠÔ‚ÅA–~ÍE‚¨‰ÙqE‚¨’ƒEœ“Ÿ‚ğŠy‚µ‚Şi“Œ‹E•\Q“¹j,https://news.yahoo.co.jp/articles/6e49b9e94b7263da7671fa88c83c0fee2ff5012a,1/18(–Ø) 6:31
tabelog,H‚×ƒƒOƒ}ƒKƒWƒ“,‰¹Šy‹ÆŠE‚ÅŠˆ–ô‚·‚é“c’†’m”V‚ª—\‘z‚·‚é2024”N‚ÌƒuƒŒƒCƒN“XI ƒoƒ‰ƒGƒeƒB‚É•x‚ñ‚¾’¹—¿—‚ğŠy‚µ‚ß‚é–¼“X‚Æ‚ÍH,https://news.yahoo.co.jp/articles/51ab68a699966dc95c016eb0eb7c05fe1e0e8439,1/18(–Ø) 6:30
tabelog,H‚×ƒƒOƒ}ƒKƒWƒ“,2024”N‚É—¬s‚éƒOƒ‹ƒ‚ğ‹“sİZ‚Ìƒ‰ƒCƒ^[E’†ˆäƒVƒmƒu‚ª—\‘zI ×•”‚Ü‚Å”ü‚µ‚¢A’–Ú‚ÌƒtƒŒƒ“ƒ`‚Æ‚ÍH,https://news.yahoo.co.jp/articles/6296342420c7b7fe084acadb08bb9e45dd5ca0a1,1/18(–Ø) 6:30
tabelog,H‚×ƒƒOƒ}ƒKƒWƒ“,‘åãİZ‚Ìƒt[ƒhƒ‰ƒCƒ^[E‘Dˆä—¢‚ª—\‘z‚·‚é2024”N‚Ì’–Ú“XI Œ|p“I‚ÈˆêM‚ğ¶‚İo‚·“ú–{—¿—“X‚Æ‚ÍH,https://news.yahoo.co.jp/articles/54d2845daf84058c1874b4d8efffb59ebae25444,1/18(–Ø) 6:30
tabelog,H‚×ƒƒOƒ}ƒKƒWƒ“,ŠÖ¼ƒOƒ‹ƒŠE‚ÌŒ ˆĞA–åã•i‚ª‚±‚æ‚È‚­ˆ¤‚·‚éƒJƒŠƒb‚Æ‚Î‚µ‚¢g“Á»×‚ß‚ñÄ‚«‚»‚Îh‚Æ‚ÍH,https://news.yahoo.co.jp/articles/81c3d290f7afaed380b49c1ea257c0606546c863,1/17(…) 6:32
tabelog,H‚×ƒƒOƒ}ƒKƒWƒ“,ƒrƒŠƒ„ƒjD‚«‚É˜N•ñI ƒCƒ“ƒh—¿—‚Æƒ~ƒƒƒ“ƒ}[—¿—‚Ì—Z‡‚ğŠy‚µ‚ß‚éƒrƒŠƒ„ƒjê–å“X‚ª‘å’Ë‚ÉƒI[ƒvƒ“,https://news.yahoo.co.jp/articles/daa266671a543f3599a97622b0fad1a3497aae85,1/17(…) 6:31
tabelog,H‚×ƒƒOƒ}ƒKƒWƒ“,ƒ‰[ƒƒ“‰¤E¬—ÑF[‚ª—\‘zI 2024”N‚ÍƒlƒI‰ÆŒnƒ‰[ƒƒ“‚ª—ˆ‚é!?,https://news.yahoo.co.jp/articles/450b14d462a8c62df215d0e0ac035166794d41d9,1/17(…) 6:31
tabelog,H‚×ƒƒOƒ}ƒKƒWƒ“,H‚¢‚µ‚ñ–V•ÙŒìmERŠİ‹v˜N‚Ì„‚µƒOƒ‹ƒI 2024”N‚É’–Ú‚·‚×‚«•i¿‚É‚±‚¾‚í‚è‚Ê‚¢‚½Š›ê–å“X,https://news.yahoo.co.jp/articles/9aaf19122bf3b0f0f05a941f6b69092f4281a4c5,1/17(…) 6:31
tabelog,H‚×ƒƒOƒ}ƒKƒWƒ“,ƒOƒ‹ƒƒWƒƒ[ƒiƒŠƒXƒg“Œ—´‚ª2024”N‚É’–Ú‚·‚é‚Ì‚ÍA_ò‚ÉŒ»‚ê‚½ƒCƒ^ƒŠƒAlƒVƒFƒt‚Ì“X,https://news.yahoo.co.jp/articles/12f401441539bca2077d74309123ce5388639254,1/17(…) 6:31
tabelog,H‚×ƒƒOƒ}ƒKƒWƒ“,ƒsƒU‚Ì–¼“XuƒiƒvƒŒv‚ªŠÖ¼‰ioBd—q‚ÅÄ‚«ã‚°‚é–{•¨‚Ìƒiƒ|ƒŠƒsƒbƒcƒ@i‹“sE‹_‰€lğj,https://news.yahoo.co.jp/articles/f0ce5ecfbd73abfe042ecc8f1e6a16bcad287810,1/16(‰Î) 6:31
tabelog,H‚×ƒƒOƒ}ƒKƒWƒ“,ƒXƒC[ƒc‚Ìƒvƒ„‘EI â•iƒVƒ‡ƒRƒ‰ƒVƒ‡[ƒgƒP[ƒL‚Ì—v‚ÍA‚Ç‚Á‚µ‚è\‚¦‚½ƒXƒ|ƒ“ƒW‚¾‚Á‚½!!!,https://news.yahoo.co.jp/articles/699778f9e07e677ed424b1c46f3da9687261357e,1/16(‰Î) 6:31
tabelog,H‚×ƒƒOƒ}ƒKƒWƒ“,—¿—l‚Å‚ ‚èElB–{‹C‚ÌƒVƒFƒt‚ªì‚éAî”M‚Ì‹l‚Ü‚Á‚½ƒpƒXƒ^‚ª–Y‚ê‚ç‚ê‚È‚¢,https://news.yahoo.co.jp/articles/5845493af55034ba52b685fca630eb4ca994eebc,1/16(‰Î) 6:31
tabelog,H‚×ƒƒOƒ}ƒKƒWƒ“,Šù‚É—\–ñ¢“ï ƒt[ƒhƒRƒ‰ƒ€ƒjƒXƒgE–åã•i‚ª2024”N’–Ú‚·‚éA–¼“Xog‚Ì“V‚Õ‚ç“X,https://news.yahoo.co.jp/articles/88e0902d15e42d699ee7f0b915bf420eabf5d9b4,1/16(‰Î) 6:30
tabelog,H‚×ƒƒOƒ}ƒKƒWƒ“,ƒ^ƒ‰ƒRAƒoƒ^[AƒIƒŠ[ƒuƒIƒCƒ‹‚ªOˆÊˆê‘Ì‚ÉI ƒNƒZ‚É‚È‚égƒ^ƒ‰ƒRƒXƒpƒQƒbƒeƒBh‚Í‹“sE›’¬‚Å–¡‚í‚¦‚é,https://news.yahoo.co.jp/articles/67522db7d35bbb27148b6420eb90eb45181d128d,1/16(‰Î) 6:30
tabelog,H‚×ƒƒOƒ}ƒKƒWƒ“,‚½‚Á‚½12È‚Ì¬‚³‚ÈƒŒƒXƒgƒ‰ƒ“Buƒ^ƒxƒAƒ‹ƒLƒXƒgvƒ}ƒbƒL[–qŒ³‚ª2024”N’–Ú‚·‚éAV‚µ‚¢ƒCƒ^ƒŠƒAƒ“,https://news.yahoo.co.jp/articles/462de9a539188c3cb1672933fb4312561674b5a8,1/15(Œ) 6:31
tabelog,H‚×ƒƒOƒ}ƒKƒWƒ“,¨‚¢‚Ì~‚Ü‚ç‚È‚¢—\–ñ¢“ï“X‚ªˆÚ“]ƒI[ƒvƒ“I ‰Î“ü‚ê‚É‚±‚¾‚í‚éÅ‚‚Ì˜aHƒR[ƒXi“Œ‹E‹âÀj,https://news.yahoo.co.jp/articles/b51ca4983181e5e3578432c596be9e60db030772,1/15(Œ) 6:31
tabelog,H‚×ƒƒOƒ}ƒKƒWƒ“,éLq‚ÌƒXƒyƒVƒƒƒŠƒXƒg‚ª—\‘zI 2024”N‚ÍéLq‚Ìƒtƒ‹ƒR[ƒX‚ªH‚×‚ç‚ê‚éê–å“X‚ªƒuƒŒƒCƒN!?,https://news.yahoo.co.jp/articles/4ee3691189a430298cebe0a248f9a85865a7caa1,1/15(Œ) 6:31
tabelog,H‚×ƒƒOƒ}ƒKƒWƒ“,Ä“÷ì‰Æ‚ª—\‘zI 2024”NÄ“÷‚ÌƒL[ƒ[ƒh‚ÍgŒ´“_‰ñ‹Ah,https://news.yahoo.co.jp/articles/dd2a9d794293c6d5c7a32b8451fdcdfbc9cb63c3,1/15(Œ) 6:30
tabelog,H‚×ƒƒOƒ}ƒKƒWƒ“,d‚Ì‚è‚É•ï‚Ü‚ê‚Ä–¡‚í‚¤Aâ•idÄ‚«ƒnƒ“ƒo[ƒK[i“Œ‹EÔâŒ©•j,https://news.yahoo.co.jp/articles/0e0a11238c94028c3effcc5adb5fdd1888f0bc45,1/15(Œ) 6:30
tabelog,H‚×ƒƒOƒ}ƒKƒWƒ“,Šú‘Ò‚Ó‚­‚ç‚ŞAƒI[ƒxƒ‹ƒWƒ…ƒu[ƒ€“—ˆBH’ÊE–{“c’¼”V‚ªè‚¤A2024—¬s‚é“X,https://news.yahoo.co.jp/articles/44b2345de196a76a655d8b5e0d167d7aa3e6661d,1/14(“ú) 11:04
tabelog,H‚×ƒƒOƒ}ƒKƒWƒ“,˜a‚Æ—m‚Ì‰¤“¹‚ÉS–ô‚éI ƒeƒŒƒrƒvƒƒfƒ…[ƒT[–{‹½‹`_‚ª¡”N’–Ú‚·‚é“X‚Æ‚ÍH,https://news.yahoo.co.jp/articles/9559342982535a7f7c21980ed681efda874dfd65,1/14(“ú) 11:03
tabelog,H‚×ƒƒOƒ}ƒKƒWƒ“,ƒI[ƒvƒ“ŠÔ‚à‚È‚­—\–ñ¢“ï“X‚ÉBdÄ‚«‚Ì“ú–{—¿—‚ğŠy‚µ‚ß‚é—Bˆê–³“ñ‚Ì–¼“Xi“Œ‹EÔâŒ©•j,https://news.yahoo.co.jp/articles/0eb2c7736b19af5f759ad2f2137f72d0f94c0392,1/14(“ú) 11:03
tabelog,H‚×ƒƒOƒ}ƒKƒWƒ“,‚Ç‚±‚É‚à‚È‚¢V‚µ‚¢H•¶‰»‚ğ¢ŠE‚ÉŒü‚¯‚Ä”­M‚·‚éA–¼“XuCAINOYAv‚ªˆÚ“]ƒI[ƒvƒ“i‹“sEŒäºm˜a›j,https://news.yahoo.co.jp/articles/c25b47615f70867d55a2c07634c346d47aee201d,1/14(“ú) 11:03
tabelog,H‚×ƒƒOƒ}ƒKƒWƒ“,—\–ñ¢“ï“Xu—§‚¿H‚¢é½ ‚Ü‚³v‚ªˆÚ“]I ’…È‚ÅŠy‚µ‚ß‚éV“X‚ÉƒŠƒjƒ…[ƒAƒ‹i“Œ‹E˜Z–{–Øj,https://news.yahoo.co.jp/articles/7b8afe6a4dee6974d97ec3d4cf42853170035f61,1/14(“ú) 11:00
tabelog,H‚×ƒƒOƒ}ƒKƒWƒ“,ƒI[ƒvƒ“Œã‚½‚Á‚½7ƒJŒ‚Åƒ~ƒVƒ…ƒ‰ƒ“ˆê‚Â¯‚ğŠl“¾‚µ‚½AƒJƒWƒ…ƒAƒ‹ƒ‚ƒ_ƒ“‚Èƒ^ƒC—¿—‚ª“ú–{‰ã—¤I,https://news.yahoo.co.jp/articles/a88eec5b3d116db3218fb06306eed4482f7c7403,1/13(“y) 11:03
tabelog,H‚×ƒƒOƒ}ƒKƒWƒ“,qH‚×ƒƒO3.5ˆÈ‰º‚Ì‚¤‚Ü‚¢“XrƒyƒAƒŠƒ“ƒO‚ªƒtƒŠ[ƒtƒ[I ‰s‚¢ãŠ´Šo‚ğ‚ÂƒVƒFƒt‚Ìâ•iƒCƒ^ƒŠƒAƒ“,https://news.yahoo.co.jp/articles/5c2f9403e41cd2232df4d335b844b4386c1e5517,1/13(“y) 11:03
tabelog,H‚×ƒƒOƒ}ƒKƒWƒ“,‚·‚Å‚É—\–ñ¢“ï‚Æ‚Ì‰\I ‹“s‚ÌH’ÊEù‰ª—²•á‚ª’–Ú‚·‚éA2024”N‚³‚ç‚ÉƒuƒŒƒCƒN‚µ‚»‚¤‚ÈˆùH“X,https://news.yahoo.co.jp/articles/6ddb783b196f32282ec47560ff5ef3b6c165ab7d,1/13(“y) 11:02
tabelog,H‚×ƒƒOƒ}ƒKƒWƒ“,–¼“X‚©‚ç“Æ—§‚µ‚½õi“X‚Ìi‰»‚ÉŠú‘ÒI H‚âƒA[ƒg‚Ö‚Ì‘¢Œw‚ª[‚¢AR–{Œ›‘‚ª2024”N‚É’–Ú‚·‚é“X‚Æ‚ÍH,https://news.yahoo.co.jp/articles/8771f989cfeb42dc3315cec88ccf14356c0df857,1/13(“y) 11:02
tabelog,H‚×ƒƒOƒ}ƒKƒWƒ“,¬’rb‚ª„‚·u—\–ñ¢“ï—\”õŒRv‚ÌÄ“÷“X‚Í‚±‚±‚¾I •Ÿˆä‚Ì–¼“X‚Ì–¡‚ğŒp³‚·‚éÄ“÷“X‚Ì•ªŒú‚¢uƒnƒ‰ƒ~v‚Í•KHI,https://news.yahoo.co.jp/articles/dfb5317c72d29ed911bd1a63b8a9ea19fae19ae8,1/13(“y) 11:00
tabelog,H‚×ƒƒOƒ}ƒKƒWƒ“,’‹‚ÍƒJƒŒ[A–é‚ÍƒXƒpƒCƒXğêI ‹CŒy‚É–{ê‚Ì–¡‚ğŠy‚µ‚ß‚éƒXƒŠƒ‰ƒ“ƒJ—¿—“X‚ª“ìˆ¢²ƒP’J‚ÉƒI[ƒvƒ“,https://news.yahoo.co.jp/articles/651da5ccba4d83be345f4cedf4ee04df3b3c0998,1/12(‹à) 6:32
tabelog,H‚×ƒƒOƒ}ƒKƒWƒ“,o”ÅŠE‚«‚Á‚Ä‚ÌƒOƒ‹ƒE”Œ´Œõ‘¾˜Y‚ª—\‘zI 2024”N‚Í–ƒ•z\”Ô‚Å‚¿‚å‚¢ˆù‚İ‚ªƒAƒ^ƒŠ,https://news.yahoo.co.jp/articles/6f39604a9221a16da68e097f6e0e35b6dafcb396,1/12(‹à) 6:32
tabelog,H‚×ƒƒOƒ}ƒKƒWƒ“,l‹CƒCƒ“ƒXƒ^ƒOƒ‰ƒ}[‚ª‹³‚¦‚éÅ‚‚ÌˆêM‚ÍAƒWƒrƒG‚Ì‚¨‚¢‚µ‚³‚É‹C‚Ã‚©‚³‚ê‚½uƒGƒ]­‚ÌƒXƒe[ƒLv,https://news.yahoo.co.jp/articles/06527e2af4e8560cf4a4a08d1b1590cd26390838,1/12(‹à) 6:32
tabelog,H‚×ƒƒOƒ}ƒKƒWƒ“,–kQ“¹‚ÌƒtƒŒƒ“ƒ`‚Ì–¼“XuƒVƒ“ƒVƒAv‚ÌƒVƒFƒt‚ª‚Ğ‚ç‚ß‚«‚ğ‹‚ß‚Ä’Ê‚¤A‰Æ‘°‚àŠì‚Ôs‚«‚Â‚¯‚Æ‚ÍH,https://news.yahoo.co.jp/articles/7d3404f38be046da3e652b63dbf9a3a33b1dbf6e,1/12(‹à) 6:32
tabelog,H‚×ƒƒOƒ}ƒKƒWƒ“,”üH‰Æ‚½‚¿‚ğ‹Á‚©‚¹‚éA¢ŠE’†‚Ç‚±‚É‚à‚È‚¢gØ‚ê–¡h‚©‚ç¶‚Ü‚ê‚é—¿—‚ğì‚éOŒZ’í‚É”—‚é,https://news.yahoo.co.jp/articles/2e3c746a8096da58d3adc667ac8403730ea6145a,1/12(‹à) 6:31
tabelog,H‚×ƒƒOƒ}ƒKƒWƒ“,ˆ¬‚è‚Í‚È‚ñ‚Æ80‰~‚©‚çI lŒ`’¬‚ÉƒI[ƒvƒ“‚µ‚½u‚·‚µŒõ—Ôv‚Ìo–…“X‚ªƒXƒSƒC,https://news.yahoo.co.jp/articles/6cb1858de37d5300c29d974e7e6cd745903b9936,1/11(–Ø) 6:31
tabelog,H‚×ƒƒOƒ}ƒKƒWƒ“,–Ÿ‰æu‚Ü‚Ğ‚é‚Ìƒ‰ƒ“ƒ`‚¸‚µvŒ´ìÒ‚à’–ÚI “y“úŒÀ’è‚ÌæÒ‘òõiƒ‰ƒ“ƒ`,https://news.yahoo.co.jp/articles/c5c52f8774723961eaf2787b0ed9bd713e604c04,1/11(–Ø) 6:31
tabelog,H‚×ƒƒOƒ}ƒKƒWƒ“,ƒXƒC[ƒc‚Ìƒvƒ‚à”[“¾‚Ì–¡I 2024”N—¬s‚éƒ`ƒ‡ƒRƒŒ[ƒgƒXƒC[ƒcê–å“X‚Æ‚ÍH,https://news.yahoo.co.jp/articles/ce47b00090a0b7c51e1cb7e99784cfd437a23118,1/11(–Ø) 6:30
tabelog,H‚×ƒƒOƒ}ƒKƒWƒ“,ƒXƒC[ƒcê–å‰Æ‚ª¡”NƒCƒ`’–ÚI ƒtƒ‰ƒ“ƒX‰ÙqŠE‚ÌŠ•ó‚Ì–¡‚ğó‚¯Œp‚®ƒƒ]ƒ“‚Ì“ú–{‰‚Ì˜H–Ê“X,https://news.yahoo.co.jp/articles/98ca900d3cb2696e01a2fa159af2d4fb21841b2a,1/11(–Ø) 6:30
tabelog,H‚×ƒƒOƒ}ƒKƒWƒ“,ƒJƒŒ[‚¨‚¶‚³‚ñ‚ª2024”N‚ÉÅ’–ÚI ƒJƒŒ[ƒ}ƒjƒA‚©‚ç‚Ì”M‹ü‚ğW‚ß‚é‹v‰äR‚Ì“ìƒCƒ“ƒh—¿—“X,https://news.yahoo.co.jp/articles/a79752f35dc80d2231b83d6ba156a38575bbbcfa,1/11(–Ø) 6:30
tabelog,H‚×ƒƒOƒ}ƒKƒWƒ“,l‹C”š”­‘O‚És‚Á‚Ä‚¨‚«‚½‚¢I ŠÔØ‚èƒJƒŒ[‚Å’–Ú‚ğW‚ß‚½ƒVƒFƒt‚ª‘Ò–]‚Ì“Æ—§“X‚ğƒI[ƒvƒ“,https://news.yahoo.co.jp/articles/432468719d0c36bef7f0259c714886bca9dba20b,1/10(…) 6:31
tabelog,H‚×ƒƒOƒ}ƒKƒWƒ“,ƒt[ƒhƒ‰ƒCƒ^[EX˜eŒcq‚ªƒuƒŒƒCƒN—\‘zI 2024”N‘å’–Ú‚ÌAƒqƒ‹ƒYŒnƒŒƒXƒgƒ‰ƒ“,https://news.yahoo.co.jp/articles/2d53dbaf3a08c5d5b2e868cdf557839a362b134b,1/10(…) 6:31
tabelog,H‚×ƒƒOƒ}ƒKƒWƒ“,—ß˜a‚ÌƒOƒ‹ƒ‰¤A•lè—´‚ª—\‘zI 2024”N‚É—¬s‚é“X‚Æ‚ÍH,https://news.yahoo.co.jp/articles/70c191eeb2d74e263cf2d5876ddbd875b041b7b3,1/10(…) 6:31
tabelog,H‚×ƒƒOƒ}ƒKƒWƒ“,¡”N‚Í‚à‚ñ‚¶‚áÄ‚«‚É’–ÚI ƒOƒ‹ƒƒ‰ƒCƒ^[•’qV•½‚ªè‚¤A2024—¬s‚é“X,https://news.yahoo.co.jp/articles/da5fc9e051c85b8f7a9831f1a5623345cfa4d350,1/10(…) 6:31
tabelog,H‚×ƒƒOƒ}ƒKƒWƒ“,ŠØ‘‚ÌƒCƒCƒ_ƒR“ç‚ªƒx[ƒXI ƒJƒŒ[ƒ}ƒjƒA‚ª2024”N‚É’–Ú‚·‚éuƒ`ƒ…ƒNƒ~ƒJƒŒ[v‚Æ‚ÍH,https://news.yahoo.co.jp/articles/a687e594972ad0c9f0c3b20d5ad5c7452ae4111c,1/10(…) 6:31
tabelog,H‚×ƒƒOƒ}ƒKƒWƒ“,‹“s‚Ì–¼“X‚ª“Œ‹‚É‰ioI ‚±‚±‚Å‚µ‚©H‚×‚ç‚ê‚È‚¢u‚¨‚Å‚ñv‚Í•KHI,https://news.yahoo.co.jp/articles/e7834226523bd9e47a1bf48db3ddf90da4850916,1/4(–Ø) 6:30
tabelog,H‚×ƒƒOƒ}ƒKƒWƒ“,‹‰ùÎ—¿—‚Ì–¼“X‚ª–‚ğ‚µ‚ÄƒŠƒjƒ…[ƒAƒ‹ƒI[ƒvƒ“I ‘@×‚È—¿—‚ÆèŒú‚¢‚¨‚à‚Ä‚È‚µ‚ÉS‰·‚Ü‚é,https://news.yahoo.co.jp/articles/2cf443916f3acdd925b122ee3d376082883b575d,1/4(–Ø) 6:30
tabelog,H‚×ƒƒOƒ}ƒKƒWƒ“,õi“X‚Æ“¯‚¶d“ü‚ê‚Ì‹›‰î‚ğg—pI l‹Cõi“X‚ªèŠ|‚¯‚éV‚½‚È‹ø—g‚°“X‚ª‘åãE‹‹´‚ÌZ‘îŠX‚ÉƒI[ƒvƒ“I,https://news.yahoo.co.jp/articles/2e693c5128bd18ce737a5b48bc020cc44844821f,1/3(…) 11:02
tabelog,H‚×ƒƒOƒ}ƒKƒWƒ“,uƒUEƒRƒ“ƒ‰ƒ“ƒVƒ‡ƒbƒvv‚ªèŠ|‚¯‚é‘“à‰‚ÌƒŒƒXƒgƒ‰ƒ“‚ªƒI[ƒvƒ“B–ƒ•z‘äƒqƒ‹ƒY‚Å‘n‘¢«‚ ‚Ó‚ê‚éã¿‚È—¿—‚ği“Œ‹E_’J’¬j,https://news.yahoo.co.jp/articles/52e6a995a54af1fc508a30ef11037783aea27eb2,1/3(…) 11:02
tabelog,H‚×ƒƒOƒ}ƒKƒWƒ“,‹“sEOğV’¬‚É‚ ‚é˜V•Üõi“X‚Ì–¼•¨‚ÍA‹Ñ…‹Êq‚ª‚±‚ñ‚à‚è‚Æ”ü‚µ‚¢u‚¿‚ç‚µõiv,https://news.yahoo.co.jp/articles/391f9dd2373ab81a3d60680397988dec71a3bbe6,1/2(‰Î) 11:04
tabelog,H‚×ƒƒOƒ}ƒKƒWƒ“,ƒhƒŠƒ“ƒN‚ª99‰~!? 3ƒJŒæ‚Ü‚Å—\–ñ‚Ìæ‚ê‚È‚¢Ä“÷u–\ˆù–\Hv‚Ì2†“X‚ªƒI[ƒvƒ“Ii_“ŞìE•‘ ¬™j,https://news.yahoo.co.jp/articles/4c5416ab6d95b9090092f275ad860ee523164031,1/2(‰Î) 11:04
tabelog,H‚×ƒƒOƒ}ƒKƒWƒ“,¢ŠE‚ÌƒsƒU100“X‚É‚à‘IoI À—Í”h“Xå‚É‚æ‚éŒy‚â‚©‚È¶’n‚ÌƒsƒU‚Í‘Sí—Ş§”e‚µ‚½‚­‚È‚éI,https://news.yahoo.co.jp/articles/ad0e83db4c1a448a653e8e7e9447231c9db77eb5,1/1(Œ) 11:04
tabelog,H‚×ƒƒOƒ}ƒKƒWƒ“,ˆÙF‚Ì‘g‚İ‡‚í‚¹ –²‚Ì‹¤‰‰‚ª¶‚İo‚µ‚½u“÷‚â‚«‚»‚Îv‚Í•KHI,https://news.yahoo.co.jp/articles/063fee8cb897ade4a3a4e8a0b73f253f15a3cdf5,1/1(Œ) 11:04
tabelog,H‚×ƒƒOƒ}ƒKƒWƒ“,H’Ê‚ğ–£—¹‚µ‚½õi‰®‚ª’W˜H“‡‚ÉˆÚ“]I ƒt[ƒhƒ‰ƒCƒ^[‘Dˆä—¢‚ª‹³‚¦‚é2023”NƒxƒXƒgõi‰®‚Æ‚ÍH,https://news.yahoo.co.jp/articles/c618652584cc8268329a7af6c64b19020663fd00,2023/12/31(“ú) 11:03
tabelog,H‚×ƒƒOƒ}ƒKƒWƒ“,ŠÖ¼ƒOƒ‹ƒƒ‰ƒCƒ^[”L“c‚µ‚°‚é‚ª‘I‚Ô2023”N‚Ìƒiƒ“ƒo[ƒƒ“I ˆ¬‚è‚ª”ü‚µ‚¢õi‰®‚Ì“Xå‚ÍAŒ³ƒ{ƒNƒT[,https://news.yahoo.co.jp/articles/62af4bfd2cdf86374c061f0280fc15ea93769f8a,2023/12/31(“ú) 11:03
tabelog,H‚×ƒƒOƒ}ƒKƒWƒ“,æŞ“X‚Í1.5–œŒ¬ˆÈãI ŠÖ¼‚ÌH’Êƒ‰ƒCƒ^[’†ˆäƒVƒmƒu‚ª‘I‚Ô2023”N‚Ìƒiƒ“ƒo[ƒƒ“,https://news.yahoo.co.jp/articles/1a9cd5640553ed58bcfc0984a3727460c3216292,2023/12/31(“ú) 11:03
tabelog,H‚×ƒƒOƒ}ƒKƒWƒ“,‘“àŠO‚Ì‰¹Šy‹ÆŠE‚ÅŠˆ–ô‚·‚é“c’†’m”V‚ª‘I‚Ô2023”N‚Ìƒiƒ“ƒo[ƒƒ“I Ôâ‚É•œŠˆ‚µ‚½ƒCƒmƒx[ƒeƒBƒuƒŒƒXƒgƒ‰ƒ“,https://news.yahoo.co.jp/articles/d6610db5e779582a5a6b976b4e4ffb25868bdcf4,2023/12/30(“y) 11:07
tabelog,H‚×ƒƒOƒ}ƒKƒWƒ“,ƒ~ƒVƒ…ƒ‰ƒ“ˆê‚Â¯“X‚Å•›—¿—’·‚ğ“w‚ß‚½ƒVƒFƒt‚É‚æ‚éA“ìƒCƒ^ƒŠƒA‚ğ‘ÌŠ´‚Å‚«‚é–{ê‚Ì–¡i“Œ‹E¬ì’¬j,https://news.yahoo.co.jp/articles/3e1af16c4416a504e37a1c5e0a013cb54e649cb8,2023/12/30(“y) 11:06
tabelog,H‚×ƒƒOƒ}ƒKƒWƒ“,ƒOƒ‹ƒ•ú‘—ì‰Æ‚Ì‰–‘òq‚ª‘I‚Ô2023”N‚Ìƒiƒ“ƒo[ƒƒ“I ‰½“x‚Å‚àƒŠƒs[ƒg‚µ‚½‚­‚È‚éAƒƒCƒ‹ƒhŒn‰–ƒƒ“ƒ^ƒ“ƒƒ“,https://news.yahoo.co.jp/articles/ff5b09c655b1019d15d0fcff7bf2cb98f48cc4be,2023/12/30(“y) 11:06
tabelog,H‚×ƒƒOƒ}ƒKƒWƒ“,ƒOƒ‹ƒƒ‰ƒCƒ^[•’qV•½‚ª‘I‚Ô2023”N‚Ìƒiƒ“ƒo[ƒƒ“I ŠØ‘—¿—‚ÌŠT”O‚ª•Ï‚í‚éo‰ï‚¢uƒ^ƒbƒJƒ“ƒ}ƒŠv,https://news.yahoo.co.jp/articles/b8caa9ed79487b76993e785ea64606f9a302cd3f,2023/12/29(‹à) 11:04
tabelog,H‚×ƒƒOƒ}ƒKƒWƒ“,ƒA[ƒgƒfƒBƒŒƒNƒ^[HR‹ï‹`‚ªŠ´“®‘ÌŒ±I –éŒi‚àŠy‚µ‚ß‚é‰®Œ`‘D‚Ìõi,https://news.yahoo.co.jp/articles/85525047ca965c770c2995acf9075a4bbf93c22f,2023/12/29(‹à) 11:04
tabelog,H‚×ƒƒOƒ}ƒKƒWƒ“,—ß˜a‚ÌƒOƒ‹ƒ‰¤A•lè—´‚ª2023‚ÌNo.1‚É‘I‚ñ‚¾‚Ì‚ÍÅ‚•ô‚Ìu–k‹ƒ_ƒbƒNv,https://news.yahoo.co.jp/articles/5a26963fa7f3e86810c959cbd25ab88ed7c9992d,2023/12/29(‹à) 11:04
tabelog,H‚×ƒƒOƒ}ƒKƒWƒ“,ƒAƒWƒA1ˆÊ‚Ìƒ`ƒ‡ƒRƒŒ[ƒg“X‚©‚ç’a¶B–ƒ•z‘äƒqƒ‹ƒY‚ÉƒR[ƒXd—§‚Ä‚ÌV‹Æ‘Ô‚ªƒI[ƒvƒ“i“Œ‹E_’J’¬j,https://news.yahoo.co.jp/articles/23ea0d9def7ec0cb020bc30137aab4f6dbce4550,2023/12/28(–Ø) 6:32
tabelog,H‚×ƒƒOƒ}ƒKƒWƒ“,q‘å–Ø~•v‚Ì12Œ‚ÌV“XƒAƒhƒŒƒXr–ƒ•z‘äƒqƒ‹ƒY‚Ìâ•iƒ`[ƒYƒnƒ“ƒo[ƒO‚âAO‚Â¯“XŒn—ñ‚Ì’Ê‚¢‚½‚­‚È‚éƒrƒXƒgƒ‚ªƒI[ƒvƒ“,https://news.yahoo.co.jp/articles/81ffad8d8a2d809e9075bd6d452edefe2ed76b3b,2023/12/28(–Ø) 6:32
tabelog,H‚×ƒƒOƒ}ƒKƒWƒ“,Ä“÷ì‰Æ‚ª2023”N‚Ìƒiƒ“ƒo[ƒƒ“Ä“÷‚É‘I‚ñ‚¾‚Ì‚ÍA‚â‚Á‚Ï‚è‚±‚Ì“X‚¾‚Á‚½!!,https://news.yahoo.co.jp/articles/6f7885e8b5ba71483f6b9381c6bd808191b971ea,2023/12/28(–Ø) 6:32
tabelog,H‚×ƒƒOƒ}ƒKƒWƒ“,ˆùHŠE‚Ì–¼”ŒŠy‚ª“ñ‚Â¯u–¾âv‚ÌŸ‚ÉèŠ|‚¯‚é‚Ì‚ÍAáèÀ—Í”hƒVƒFƒt‚Ì©—R‚È”­‘z—Í‚ªŒõ‚éŸ¢‘ãƒtƒŒƒ“ƒ`,https://news.yahoo.co.jp/articles/e471166b4b69b12bbb80a29115b9532b1931f595,2023/12/28(–Ø) 6:32
tabelog,H‚×ƒƒOƒ}ƒKƒWƒ“,‰¹ŠyŠE‚ÌƒOƒ‹ƒ”Ô’·E¬‹{R—Y”ò‚ª‘I‚Ô¡”N‚ÌNo.1‚ÍA•ºŒÉŒ§‚Ì‚¹‚¢‚ë‚»‚Î,https://news.yahoo.co.jp/articles/24eefe0cebbed1c4cfebc88217863e43a5362c5c,2023/12/28(–Ø) 6:32
tabelog,H‚×ƒƒOƒ}ƒKƒWƒ“,ƒvƒŠƒ“‰¤q‚ª‘I‚Ô¡”N‚ÌNo.1I ƒ`[ƒYƒP[ƒLê–å“X‚ÌŠúŠÔŒÀ’è”ZŒúƒvƒŠƒ“,https://news.yahoo.co.jp/articles/8f4845bc68c8a36f212331f5e3c5a78454c414d0,2023/12/27(…) 6:32
tabelog,H‚×ƒƒOƒ}ƒKƒWƒ“,ƒt[ƒhƒpƒuƒŠƒVƒXƒg‚‹´ˆ»q‚ªŠ´“®I ƒ‚ƒ`ƒ‚ƒ`HŠ´‚Ìè‚à‚İ–Ë‚ª‚¨‚¢‚µ‚¢‰–‚»‚Î,https://news.yahoo.co.jp/articles/ab6890c48e02b7270daecb44908389363f82125e,2023/12/27(…) 6:32
tabelog,H‚×ƒƒOƒ}ƒKƒWƒ“,ƒeƒŒƒrƒvƒƒfƒ…[ƒT[–{‹½‹`_‚É•·‚¢‚½I 2023”N‚Ìƒiƒ“ƒo[ƒƒ“‚ÍAƒWƒ…[ƒV[‚È‹…‘Ì‚Ì‚Æ‚è‚±uƒ~ƒ“ƒ`ƒJƒcv,https://news.yahoo.co.jp/articles/a39764901c232971f264345d514d7d35fa55f9d3,2023/12/27(…) 6:32
tabelog,H‚×ƒƒOƒ}ƒKƒWƒ“,–{Ši”hƒ_ƒ‹ƒo[ƒg‚ª600‰~‚©‚ç–¡‚í‚¦‚éI ‘å‹v•Û‚Éƒlƒp[ƒ‹—¿—‚Ì’–Ú“X‚ª’a¶,https://news.yahoo.co.jp/articles/31805a2051c3dc1528cefb6de214fc7d2104d863,2023/12/27(…) 6:31
tabelog,H‚×ƒƒOƒ}ƒKƒWƒ“,©‘R”hƒƒCƒ“‚âŒÃğ‚Æ‚Ìƒ}ƒŠƒA[ƒWƒ…‚ÉŒ‚¢‚µ‚ê‚éA‰»Šw’²–¡—¿•sg—p‚Ìg‘Ì‚É—D‚µ‚¢’†‘—¿—i“Œ‹E’†–Ú•j,https://news.yahoo.co.jp/articles/d61c516233be692e4c3519e2687f93297abe3e16,2023/12/27(…) 6:31
tabelog,H‚×ƒƒOƒ}ƒKƒWƒ“,“÷HƒRƒ‰ƒ€ƒjƒXƒg‚Ì‚¤‚ç‚Æ‚à‚¦‚ª‘I‚Ô2023”N‚Ìƒiƒ“ƒo[ƒƒ“I ˆÓŠO‚ÈHŞ‚ğ‘g‚İ‡‚í‚¹‚½â•iƒXƒEƒF[ƒfƒ“—¿—,https://news.yahoo.co.jp/articles/424711e1cfad3ddaaf1b7cb26d72786025f405ac,2023/12/26(‰Î) 6:31
tabelog,H‚×ƒƒOƒ}ƒKƒWƒ“,‚ ‚Ìu–Ë‘¸RAGEv‚ª–ƒ•z‘äƒqƒ‹ƒY‚É‚â‚Á‚Ä‚«‚½I i“Œ‹E_’J’¬j,https://news.yahoo.co.jp/articles/dd54fa4708d72898ef11c320b7246d8823012cee,2023/12/26(‰Î) 6:31
tabelog,H‚×ƒƒOƒ}ƒKƒWƒ“,"4,000Œ¬ˆÈã‚ÌƒJƒŒ[“X‚ğH‚×•à‚­AƒJƒŒ[×–E‚ª2023”N‚ÉŠ´“®‚µ‚½uƒX[ƒvƒJƒŒ[v",https://news.yahoo.co.jp/articles/7d50e79e7f8d45271744fe24fb49413bc217273c,2023/12/26(‰Î) 6:31
tabelog,H‚×ƒƒOƒ}ƒKƒWƒ“,¢ŠE‚ğH‚×•à‚­ƒ‰ƒCƒ^[E‘åÎ’qq‚É•·‚¢‚½2023”N‚Ìƒiƒ“ƒo[ƒƒ“I ˆê—¬ƒzƒeƒ‹‚ÅH‚×‚ç‚ê‚éãŠCŠI‚Ìˆí•i,https://news.yahoo.co.jp/articles/6de5ef9fc1940dd7db2fc5f53d6140e773163782,2023/12/26(‰Î) 6:31
tabelog,H‚×ƒƒOƒ}ƒKƒWƒ“,‚ ‚Ìu—§‚¿‹ò‚¢é½ ƒuƒ‰ƒ{[v‚ªÀ‚ê‚éõi‰®‚É‚È‚Á‚ÄV‚½‚ÉƒI[ƒvƒ“i“Œ‹E’rK‘å‹´j,https://news.yahoo.co.jp/articles/38f2056ab8e2a6d874872ef30d6d266d72573555,2023/12/26(‰Î) 6:31
tabelog,H‚×ƒƒOƒ}ƒKƒWƒ“,‘Šz››–œ!? 1ƒJŒ‚ÌH–ƒXƒPƒWƒ…[ƒ‹‚ÆH”ï‚ğ‘SŒöŠJIi11ŒEƒ}ƒbƒL[–qŒ³j,https://news.yahoo.co.jp/articles/844ce927af4bfe5301cae96f83247f665b8dad7c,2023/12/25(Œ) 6:31
tabelog,H‚×ƒƒOƒ}ƒKƒWƒ“,¡”N‚àŠæ’£‚Á‚½©•ª‚É¬‚³‚ÈŒû•Ÿ‚ğBƒXƒC[ƒc‚Ìƒvƒ‚ª‘I‚ÔAƒ~ƒjƒƒƒ‹ƒfƒB[ƒYê–å“X‚Ì„‚µƒP[ƒL,https://news.yahoo.co.jp/articles/910206d2ed1f184eacbf8eb6504b3f32ff9cbeb5,2023/12/25(Œ) 6:31
tabelog,H‚×ƒƒOƒ}ƒKƒWƒ“,H‚×ƒƒOƒtƒHƒƒ[”1ˆÊ‚Ììˆä‚É•·‚¢‚½2023”N‚Ìƒiƒ“ƒo[ƒƒ“I `’¼“`‚Ì‚±‚Ì“X‚Å‚µ‚©H‚×‚ç‚ê‚È‚¢Œ{—¿—‚ÉŠ´–Á‚ğó‚¯‚é,https://news.yahoo.co.jp/articles/0cb5ee52aa90e0e5fd87dff8cfa530cd7f2d11c6,2023/12/25(Œ) 6:30
tabelog,H‚×ƒƒOƒ}ƒKƒWƒ“,2023”N‚ÌNo.1I ƒt[ƒhƒ‰ƒCƒ^[EX˜eŒcq‚ªŠ´“®‚µ‚½uŒÓ–ƒ“¤•…v‚Æ‚ÍH,https://news.yahoo.co.jp/articles/cb997864326b9e41b567552ec93d47c6bc362772,2023/12/25(Œ) 6:30
tabelog,H‚×ƒƒOƒ}ƒKƒWƒ“,u“Œ‹Å‚‚ÌƒŒƒXƒgƒ‰ƒ“v•ÒW’·‚ª„‚·‚Ì‚ÍA‚Ø‚ë‚è‚Æ‚¢‚¯‚éƒVƒƒƒoƒVƒƒƒoŒno`ƒJƒŒ[,https://news.yahoo.co.jp/articles/a2f30b9f13946f3a961241dd97dbf5067145896f,2023/12/25(Œ) 6:30
tabelog,H‚×ƒƒOƒ}ƒKƒWƒ“,K-POPƒAƒCƒhƒ‹Œä—p’B‚ÌŠØ‘”­ƒh[ƒiƒcƒJƒtƒF‚ª“ú–{‚É‰ã—¤Ii‘åãESÖ‹´j,https://news.yahoo.co.jp/articles/f5b711fb54c300ec7803f22644f5bf83182ac7b4,2023/12/24(“ú) 11:06
tabelog,H‚×ƒƒOƒ}ƒKƒWƒ“,“÷‚ğˆ¤‚·‚éƒt[ƒhƒ‰ƒCƒ^[¬›Œcq‚ª‘I‚Ô2023”N‚Ìƒiƒ“ƒo[ƒƒ“I É‚µ‚Ü‚ê‚Â‚Â•Â“X‚µ‚½À—Í”h’†‰Ø‚ª•œŠˆ,https://news.yahoo.co.jp/articles/ce5003d5b554892a640f7d47bd275eb391e201b3,2023/12/24(“ú) 11:06
tabelog,H‚×ƒƒOƒ}ƒKƒWƒ“,H‚¢‚µ‚ñ–V•ÙŒìmERŠİ‹v˜N‚ª‘I‚Ô2023”N‚Ìƒiƒ“ƒo[ƒƒ“I˜‚ª‚Ê‚¯‚é‚Ù‚Ç‚¨‚¢‚µ‚¢ƒIƒjƒIƒ“ƒOƒ‰ƒ^ƒ“ƒX[ƒv,https://news.yahoo.co.jp/articles/ee893f476765cc6b0252c8e162ef854971755e7b,2023/12/24(“ú) 11:06
tabelog,H‚×ƒƒOƒ}ƒKƒWƒ“,o”ÅŠE‚«‚Á‚Ä‚ÌƒOƒ‹ƒE”Œ´Œõ‘¾˜Y‚ª‘I‚Ô2023”N‚Ìƒiƒ“ƒo[ƒƒ“‚ÍÅVƒI[ƒxƒ‹ƒWƒ…‚Ìâ•iƒR[ƒX,https://news.yahoo.co.jp/articles/370247de28509d0016a80a6dc2a93de96dd8f9da,2023/12/24(“ú) 11:06
tabelog,H‚×ƒƒOƒ}ƒKƒWƒ“,u“÷‚Ì“V–‰®v‚Ìo–…“X‚ÍƒŠ[ƒYƒiƒuƒ‹‚È’Y‰ÎÄ“÷‚Æƒzƒ‹ƒ‚ƒ“‚Ì“Xi‘åãE“V–j,https://news.yahoo.co.jp/articles/d9e9816ade8ad2c08ed6a020aa24299f77a61890,2023/12/24(“ú) 11:05
tabelog,H‚×ƒƒOƒ}ƒKƒWƒ“,—\–ñ¢“ï“Xu\Mv‚Ìo–…“X‚ÍAŒÜŠ´‚ÅŠy‚µ‚Şd—¿—i‘åãE‚È‚É‚í‹´j,https://news.yahoo.co.jp/articles/61a29f8bab488f26c11255b83fc89cc3d2763ec6,2023/12/23(“y) 11:01
tabelog,H‚×ƒƒOƒ}ƒKƒWƒ“,‹x“ú‰Û’·‚³‚ñ‚Ì„‚µI eq2‘ã‚Åì‚éuŠ›`‚»‚Îv‚Ì–¡‚í‚¢‚É‚¤‚È‚é,https://news.yahoo.co.jp/articles/13a1074ff9b2f2a1ca54cfd53e6bf84384f5f209,2023/12/23(“y) 11:01
tabelog,H‚×ƒƒOƒ}ƒKƒWƒ“,–ƒ•z‘äƒqƒ‹ƒY‚Ì’–Ú“X‚Í‚ ‚Ìl‹CƒVƒFƒt‚ÌW‘å¬,https://news.yahoo.co.jp/articles/a4140057fa58e81232cb320725cea087dc4f757b,2023/12/23(“y) 11:00
tabelog,H‚×ƒƒOƒ}ƒKƒWƒ“,ŠÅ”Âƒƒjƒ…[‚Íuƒ`[ƒYƒnƒ“ƒo[ƒOvI –¼“Xu‚ç‚¢‚Ş‚ç‚¢‚Æv‚ª–ƒ•z‘äƒqƒ‹ƒY‚ÉƒI[ƒvƒ“i“Œ‹E_’J’¬j,https://news.yahoo.co.jp/articles/00a82cfe397285ffb30f564e6ebddbc26ec81196,2023/12/23(“y) 11:00
tabelog,H‚×ƒƒOƒ}ƒKƒWƒ“,‹_‰€‚Ìƒ}ƒ}‚É•·‚­B‹“s‚ÅuƒƒCƒ“v‚ğ”ƒ‚¤‚È‚ç‚±‚Ì‚¨“X,https://news.yahoo.co.jp/articles/340d82244462153a0bb77b8bbc5aad5f0e676679,2023/12/23(“y) 11:00
