media_en,media_jp,title_articles,link_articles,date_original
umatokuh,馬トク報知,【北九州記念】単勝１番人気はナナオの４・７倍　サーマルウインドが５・１倍で続く　前売り最終オッズ,https://news.yahoo.co.jp/articles/ee1a19b19e786e3f31458875907a7bb9c7a66131,6/29(土) 18:40
umatokuh,馬トク報知,【ラジオＮＩＫＫＥＩ賞】３連単は全て１００倍超えで穴党にはもってこい　１番人気はウインマクシマムで４・７倍,https://news.yahoo.co.jp/articles/3766058eefc2cc137c906d1a0746fc0448e8c4ed,6/29(土) 17:59
umatokuh,馬トク報知,【小倉１１Ｒ・博多Ｓ】母が重賞勝ち馬のアルジーヌがオープン入り　西村淳也騎手「自信を持って乗りました」,https://news.yahoo.co.jp/articles/6d626c7de28ac443113df44e3b192aa5550dc743,6/29(土) 16:35
umatokuh,馬トク報知,【福島１１Ｒ・バーデンバーデンＣ】キタノエクスプレスがコースレコードタイの１分７秒０でＶ　国分優作騎手「能力があるのは分かっていた」,https://news.yahoo.co.jp/articles/c366876f66f1431107bbda54c3a3fb966f323061,6/29(土) 16:18
umatokuh,馬トク報知,【函館１１Ｒ・ＴＶｈ杯】ミッキーハーモニーが豪快な大外一気でオープン入り,https://news.yahoo.co.jp/articles/e01352c1a176b73de9e35bdf0a9dd68a7ec0fea0,6/29(土) 16:10
umatokuh,馬トク報知,【函館９Ｒ・長万部特別】武豊騎手が騎乗機会３連勝　１番人気のナムラローズマリーで勝利「これで騒がないで」,https://news.yahoo.co.jp/articles/944cc9e9a78bdbe88618537856d6c6395e678930,6/29(土) 15:06
umatokuh,馬トク報知,土曜函館競馬場の注目激走馬…函館１１Ｒ・ＴＶｈ杯,https://news.yahoo.co.jp/articles/5b415e767bb79261231f6997cf50f936654022b5,6/29(土) 14:34
umatokuh,馬トク報知,土曜福島競馬場の注目激走馬…福島１１Ｒバーデンバーデンカップ,https://news.yahoo.co.jp/articles/ad79ec652dbb4ca93dd4c629de877638ddb9e3d7,6/29(土) 14:17
umatokuh,馬トク報知,【小倉６Ｒ・２歳新馬】デクラレーションオブウォー産駒のコスモストームがデビュー勝ち,https://news.yahoo.co.jp/articles/cffbb47c0f931d6826fd0b3c0bd8ff202079abbe,6/29(土) 13:47
umatokuh,馬トク報知,【函館６Ｒ・２歳新馬】９番人気の伏兵アースミューズが波乱演出　小林勝太騎手「人気はなかったですが…馬に感謝」,https://news.yahoo.co.jp/articles/7031e03d6a51f06b924d62aabef3cb4bad7136b9,6/29(土) 13:38
umatokuh,馬トク報知,【福島６Ｒ・２歳新馬】ＪＲＡ２勝目の大江原比呂騎手がラインパシオンに感謝「馬の力で勝たせてもらいました」,https://news.yahoo.co.jp/articles/78e44928b01bb54b132a80d778e26a959d4a7ef1,6/29(土) 13:37
umatokuh,馬トク報知,【小倉５Ｒ・２歳新馬】単勝１・４倍のエイヨーアメジストが圧勝　田口貫太騎手「次も楽しみかなと思います」,https://news.yahoo.co.jp/articles/cc9f9fd86185d2278d829c6307019de5dcde8955,6/29(土) 13:25
umatokuh,馬トク報知,【福島５Ｒ・２歳新馬】ヴァリアントマーチが先手を取って堂々の押し切り　戸崎圭太騎手「芝での走りが良かった」,https://news.yahoo.co.jp/articles/6d3dad2aaa4ca15f41b3c948a24decf66c0c70b5,6/29(土) 13:14
umatokuh,馬トク報知,【函館５Ｒ・２歳新馬】エンドレスサマーが５馬身差ぶっちぎりＶ　横山武史騎手は３勝目,https://news.yahoo.co.jp/articles/b9b03e5a5b9e197ed4221091a00a6f0824380f95,6/29(土) 13:13
umatokuh,馬トク報知,【船橋・森泰斗のタイトリスト】安定感抜群のエクスプロア（２Ｒ）を勝たせたい,https://news.yahoo.co.jp/articles/0d9b256b153f788fec7e273b31c400efbd74817e,6/29(土) 12:30
umatokuh,馬トク報知,【小倉１Ｒ・２歳未勝利】レイピアが逃げ切り「夏コク」一番星　新種牡馬タワーオブロンドンは産駒初勝利,https://news.yahoo.co.jp/articles/49187d274c758ac6ebea4b2e24740f99f5e917b2,6/29(土) 10:56
umatokuh,馬トク報知,【函館１Ｒ・２歳未勝利】単勝１・５倍のチギリが危なげなく勝ち上がり　横山武史騎手「最後も完勝だったと思います」,https://news.yahoo.co.jp/articles/e9769b372160865f0fb90831600b00b5fd4c4ed3,6/29(土) 10:48
umatokuh,馬トク報知,調教中に落馬の今村聖奈騎手は右肩脱臼　来週に手術へ　インスタグラムで明かす,https://news.yahoo.co.jp/articles/72a5acbe5e94f8579959fad4f106d74c25201fe8,6/28(金) 20:47
umatokuh,馬トク報知,池添謙一騎手と富田暁騎手の乗り替わり騎手が決定　土曜函館５Ｒ２歳新馬のデコピンは武豊騎手が騎乗,https://news.yahoo.co.jp/articles/4974d4376f7c77b169307557b8b7c352a271be78,6/28(金) 17:26
umatokuh,馬トク報知,粗暴な行為で騎乗停止となった池添謙一騎手がＸで謝罪「皆さんの信頼を失う行動をとってしまい申し訳ありませんでした」,https://news.yahoo.co.jp/articles/138d40cf31af8b1b403dc0eac9e676fcf2316ef2,6/28(金) 16:28
umatokuh,馬トク報知,池添謙一騎手と富田暁騎手が騎乗停止　函館の飲食の席で、もめたことが発端,https://news.yahoo.co.jp/articles/7c9f92f5a121bcec290d22da3149dcf6f6c82d3e,6/28(金) 15:33
umatokuh,馬トク報知,池添謙一騎手と富田暁騎手が騎乗停止　調整ルーム内で互いに粗暴な行為　土日函館で計２４鞍乗り替わりに,https://news.yahoo.co.jp/articles/8d65b461c0d1e7a5a880cca156910c6751e148d9,6/28(金) 14:11
umatokuh,馬トク報知,【園田・人気ジョッキーは語る】サンライズタイタン（１１Ｒ）に好感触の下原理騎手「状態はよくなっていると思う」,https://news.yahoo.co.jp/articles/de1ecfea10f7761be70457281a9cba36f1e61b6c,6/28(金) 12:30
umatokuh,馬トク報知,【船橋・森泰斗のタイトリスト】充実一途のタカラライナー（１２Ｒ）は９連勝へ,https://news.yahoo.co.jp/articles/920e230dd95f366415089228a917bee90a3ece0f,6/28(金) 12:30
umatokuh,馬トク報知,【注目馬動向】オークス馬のチェルヴィニアは秋華賞へ直行する方針,https://news.yahoo.co.jp/articles/e8668bda2f046d61e44f263f23d214355435521e,6/28(金) 11:28
umatokuh,馬トク報知,【巴賞】武豊騎手と新コンビを組むデビットバローズは充実一途　陣営「態勢は整いました」,https://news.yahoo.co.jp/articles/5f51390d09ebbcd724b645045ef9a2b791c9730b,6/28(金) 11:25
umatokuh,馬トク報知,【巴賞】ホウホウビスケッツは抜群の気配　陣営「かなりいい状態です。いい結果を期待」,https://news.yahoo.co.jp/articles/2b0e3af303171effa09ae835a47060ef91b4112c,6/28(金) 11:20
umatokuh,馬トク報知,【ラジオＮＩＫＫＥＩ賞】復活狙うジュンゴールドは積極策を示唆　友道調教師「前、前で流れに乗っていきたい」,https://news.yahoo.co.jp/articles/ed85d06f6dcf3d0d8eacd351e99642398fb8ef25,6/28(金) 11:16
umatokuh,馬トク報知,【注目馬動向】サトノグランツは京都大賞典から始動　ジャスティンスカイはＣＢＣ賞を視野,https://news.yahoo.co.jp/articles/f9a79fcb8efbc4cb9517e6d3d32aebcd97200497,6/28(金) 11:13
umatokuh,馬トク報知,【博多Ｓ】良血ジュリアバローズが「夏コク」開幕を飾る　上村調教師「前走は力のあるところを見せてくれた」,https://news.yahoo.co.jp/articles/dec7d755bc567ce55aed40af6aad7b042bf0483e,6/28(金) 11:11
umatokuh,馬トク報知,【北九州記念】ペアポルックスは小倉で２戦２勝　梅田調教師「１２００メートルのスペシャリストになってほしい」,https://news.yahoo.co.jp/articles/3e7b17d90a39e2b6c5c930de200c18ddc5558d98,6/28(金) 11:06
umatokuh,馬トク報知,藤田菜七子騎手は開幕週の福島で土日計１０鞍　 初陣迎えるサザンブラックは「跳びが大きくて柔らかい走り」,https://news.yahoo.co.jp/articles/58a97e536046d927d8a96ad7f3444289d18d14dd,6/28(金) 10:57
umatokuh,馬トク報知,１５日の函館競馬で落馬負傷し、休養していた斎藤新騎手が２８日から調教騎乗再開　３０日の小倉競馬で実戦復帰,https://news.yahoo.co.jp/articles/be54190afe2052f70ce9fb4eecb26daa309e04e4,6/28(金) 10:43
umatokuh,馬トク報知,【ラジオＮＩＫＫＥＩ賞】シリウスコルトは１枠１番　ショーマンフリートは大外１２番　枠順発表,https://news.yahoo.co.jp/articles/48a864f5b4ccb2464f3543848ddb1c0877f6a6b6,6/28(金) 10:27
umatokuh,馬トク報知,【北九州記念】重賞連勝を目指すピューロマジックは６枠１２番　逆転狙うナナオは７枠１４番　枠順決定,https://news.yahoo.co.jp/articles/1e12a192f0f31a9cad751c090e738de0896afb29,6/28(金) 10:22
umatokuh,馬トク報知,【ラジオＮＩＫＫＥＩ賞】メイショウヨゾラは坂路を力強く登坂　高柳瑞調教師５１キロに「展開が向けば」,https://news.yahoo.co.jp/articles/87df359996823e1c9a15df0f355d386e8a37e230,6/28(金) 8:50
umatokuh,馬トク報知,【注目馬動向】帝王賞２着のウィルソンテソーロは放牧へ　小手川調教師「精神面の成長をほめてもらった」,https://news.yahoo.co.jp/articles/bbfd3d1e482f62676e35367487a9a56484ff2e9c,6/28(金) 7:52
umatokuh,馬トク報知,【北九州記念】昨年の夏短距離王が王座防衛へ上昇　時計は地味でも団野大成騎手「手応えよかった」,https://news.yahoo.co.jp/articles/9f6ab2d8d28fcb6eed835aa5895943e5cde8bfc7,6/28(金) 6:00
umatokuh,馬トク報知,オオバンブルマイなど所有する岡浩二オーナー　永島まなみ騎手に今週４頭依頼し勝負気配「度胸がある！」,https://news.yahoo.co.jp/articles/553817d4c3b737104865c29f5c908767cef89595,6/27(木) 19:07
umatokuh,馬トク報知,２０２０年スプリングＳ優勝のガロアクリークが引退し乗馬に,https://news.yahoo.co.jp/articles/71965df5ef97d0b0c7ef3096e6c48bbe6897d200,6/27(木) 18:00
umatokuh,馬トク報知,今村聖奈騎手が右肩の負傷で今週末からの騎乗見合わせ　前日の調教中に落馬,https://news.yahoo.co.jp/articles/861c0d30090feddba1ecd3f6b7b12e2146004d7b,6/27(木) 16:09
umatokuh,馬トク報知,帝王賞制覇のキングズソードは２７日午前４時ごろ栗東帰厩　陣営「リラックスしていて元気です」,https://news.yahoo.co.jp/articles/cc7b859739ffd266f8d7622ec2631dcfd60a8140,6/27(木) 13:03
umatokuh,馬トク報知,【ラジオＮＩＫＫＥＩ賞】アレグロブリランテが着実に上昇　上原佑調教師「先週しっかりやっておいて良かった」,https://news.yahoo.co.jp/articles/7d18a12586e69bcd747527730f7635a1069a244a,6/27(木) 12:50
umatokuh,馬トク報知,【注目馬動向】ＢＣスプリント目標のドンフランキーはクラスターＣでの復帰を視野,https://news.yahoo.co.jp/articles/05caf5746c4cf296be31b39e3b0bfd576c19cfb9,6/27(木) 12:19
umatokuh,馬トク報知,【注目馬動向】宝塚記念Ｖのブローザホーンは京都大賞典を予定　吉岡調教師「カイバも食べていて元気です」,https://news.yahoo.co.jp/articles/ab5e83eee92fbc85eda3b2340e9fc1229e780044,6/27(木) 12:02
umatokuh,馬トク報知,【北九州記念】ジャスパークローネはリズム重視で素軽い走り　団野大成騎手「いい感じでいける」,https://news.yahoo.co.jp/articles/87375272512c4f1eaef6419cfa3f3b646d131934,6/27(木) 11:52
umatokuh,馬トク報知,【スパーキングレディーＣ】アーテルアストレアは追走して鋭い伸びみせる　菱田裕二騎手「乗りに来てよかった」,https://news.yahoo.co.jp/articles/af01d64fa54070e50a58eb73ba8ee7fbbf6ce9ee,6/27(木) 11:49
umatokuh,馬トク報知,【北九州記念】田口貫太騎手が騎乗予定だったサウンドビバーチェは左前脚の故障で出走回避し放牧へ,https://news.yahoo.co.jp/articles/8815e9c3b4457b0433b565a6d1a40debaab7825e,6/27(木) 11:27
umatokuh,馬トク報知,２２日に落馬負傷したルーキー長浜鴻緒騎手は今週末に実戦復帰「たいしたケガではなくて良かったです」,https://news.yahoo.co.jp/articles/fb4667ad60bcff4a700c6825c5027db9380f28cb,6/27(木) 11:21
umatokuh,馬トク報知,【巴賞】サンストックトンは追い切り翌日も元気に馬場入り　陣営「体調が良さそう」,https://news.yahoo.co.jp/articles/725fcd432e51b55932831718d06809fbe82643cc,6/27(木) 10:53
umatokuh,馬トク報知,【ＰＯＧ】昨年の桜花賞２着馬の半弟マジックサンズが七夕の日にデビュー予定　佐々木大輔騎手「いい意味で２歳っぽくないですね」,https://news.yahoo.co.jp/articles/56e36b1d90d802eb2247299439791d237d79942c,6/27(木) 10:48
umatokuh,馬トク報知,【ラジオＮＩＫＫＥＩ賞】皐月賞１４着馬が巻き返しへ　先行力生かせる福島なら重賞初制覇チャンス,https://news.yahoo.co.jp/articles/bdcf4a9d9a815059a947c008fe41530de7f05413,6/27(木) 6:00
umatokuh,馬トク報知,【帝王賞】キングズソードが藤岡佑介騎手と新馬戦以来のコンビで快勝　寺島調教師「東京大賞典使いたい」,https://news.yahoo.co.jp/articles/a2ca78e8fd444ee332b81d477673fc2d1d488b30,6/27(木) 6:00
umatokuh,馬トク報知,キングズソードがVの帝王賞売り上げレコード更新４４億３３５６万７９００円　昨年を０・６％上回る,https://news.yahoo.co.jp/articles/e4a84e2c10f191665566d91a4eb0f2c3d810c179,6/26(水) 21:48
umatokuh,馬トク報知,【帝王賞】地方馬最先着は大井のサヨノネイチヤで５着　西啓太騎手「力があるところは見せられた」,https://news.yahoo.co.jp/articles/6d3122598886c12e44485127da86d43695ff6aa0,6/26(水) 21:04
umatokuh,馬トク報知,【帝王賞】唯一の牝馬グランブリッジが４着に健闘　坂井瑠星騎手「強い馬を相手に頑張ってくれた」,https://news.yahoo.co.jp/articles/c7cf4218030ff4ac5dd9c5da192129eab5356a09,6/26(水) 21:02
umatokuh,馬トク報知,【帝王賞】横山和生騎手「気分良く走らせるために」後方から早めに動いたディクテオン９番人気で３着,https://news.yahoo.co.jp/articles/8981771337766e90476464b7380b1def0b40df91,6/26(水) 21:00
umatokuh,馬トク報知,【帝王賞】１番人気ウィルソンテソーロは直線届かず２着も川田将雅騎手「よく頑張ってくれた」,https://news.yahoo.co.jp/articles/149fe07444a812505ecab5775681e774d773144e,6/26(水) 20:57
umatokuh,馬トク報知,【帝王賞】武豊騎手騎乗のノットゥルノは７着　道中は中団も直線伸びず,https://news.yahoo.co.jp/articles/0fa14960ef6facb145305e1a39530d66baae330c,6/26(水) 20:55
umatokuh,馬トク報知,【帝王賞】早めに抜け出してキングズソードが完勝　藤岡佑介騎手「待たないでスパート」流れ読み切った,https://news.yahoo.co.jp/articles/6070de0f298adc405b765cd5cdc0bbb802239e43,6/26(水) 20:22
umatokuh,馬トク報知,【注目馬動向】宝塚記念８着ルージュエヴァイユ　秋は昨年と同じく府中牝馬Ｓからエリザベス女王杯へ,https://news.yahoo.co.jp/articles/dd8d8cff5f29cd8a803d9c677817c3b97bf11c96,6/26(水) 17:13
umatokuh,馬トク報知,水沼元輝騎手のスマホ不適切使用問題で第１回裁定委員会を開催　処分は第２回終了後に決定,https://news.yahoo.co.jp/articles/970af7d26ce77ff9559a0be9d97f93f23fd1c6b7,6/26(水) 17:09
umatokuh,馬トク報知,【北九州記念】オーシャンＳ３着のバースクライが坂路でシャープな動き　千田調教師「パワーアップした」,https://news.yahoo.co.jp/articles/643126f076070c1f3d5be486448c0b737238bb34,6/26(水) 15:53
umatokuh,馬トク報知,【北九州記念】栗東滞在のサーマルウインドは坂路で５２秒５　陣営「栗東は合っている」,https://news.yahoo.co.jp/articles/9df6db169ac9a14237c884671db3ca1d636bffac,6/26(水) 13:55
umatokuh,馬トク報知,【ＰＯＧ】良血馬のショウナンサムデイは北海道でのデビューを目指す　母はジャパンＣの勝ち馬,https://news.yahoo.co.jp/articles/002ced014504fff1b1d9eee207e8311a1fe0c1f9,6/26(水) 13:49
umatokuh,馬トク報知,【ラジオＮＩＫＫＥＩ賞】シリウスコルト伸び伸びスムーズ　三浦皇成騎手「いい調整ができている」,https://news.yahoo.co.jp/articles/b19138f1c425f08502a38f7c46edc95d066fe61c,6/26(水) 13:41
umatokuh,馬トク報知,【北九州記念】連対率１０割のペアポルックスは坂路で５４秒８　松若風馬騎手「古馬相手でも遜色ありません」,https://news.yahoo.co.jp/articles/3be1158d923368ab9a1c922c25bab1069c5f8e40,6/26(水) 13:38
umatokuh,馬トク報知,【ラジオＮＩＫＫＥＩ賞】ショーマンフリートが抜群の切れ味で先着　手塚調教師「良くなっている」,https://news.yahoo.co.jp/articles/96f592bc344033c6e57628400b21192ab73e578d,6/26(水) 13:36
umatokuh,馬トク報知,【注目馬動向】宝塚記念４着のプラダリア　秋は京都大賞典から香港ヴァーズが目標,https://news.yahoo.co.jp/articles/b0ebe9be5efba675004e1dbfc4972a53a795f540,6/26(水) 13:01
umatokuh,馬トク報知,【ラジオＮＩＫＫＥＩ賞】３連勝狙うミナデオロは軽快な動き　藤原調教師「自分でバランスを取って、いい動き」,https://news.yahoo.co.jp/articles/c59b5a0cbcc89a3e1e3d6abff83526c516e514cb,6/26(水) 13:00
umatokuh,馬トク報知,【巴賞】ホウオウビスケッツは函館・Ｗコースで軽快　陣営「動きは本当にいいですね」,https://news.yahoo.co.jp/articles/576e684fc5abcd7701e84de535df16a9bcca4ba0,6/26(水) 12:59
umatokuh,馬トク報知,【ＰＯＧ】２戦目を完勝の良血ショウナンザナドゥはアルテミスＳでの復帰が目標,https://news.yahoo.co.jp/articles/5d48910b9997b454ce0150db3d3f7acc75039392,6/26(水) 12:10
umatokuh,馬トク報知,【巴賞】武豊騎手と初コンビを組むデビットバローズはシャープな動き　鞍上「めちゃくちゃ乗りやすい」,https://news.yahoo.co.jp/articles/95b529b922cdd81cabbe04ba0ea4653ad86c6393,6/26(水) 11:19
umatokuh,馬トク報知,【ＰＯＧ】プロ野球ソフトバンクのギータ所有馬セイフウサツキが武豊騎手と初コンタクト「すごく真面目な馬」,https://news.yahoo.co.jp/articles/ed4cd18b23273ccbc7670e944db2e48b7c36d671,6/26(水) 11:12
umatokuh,馬トク報知,【こちら日高支局です・古谷剛彦】「１歳馬品評会」クナウの２０２３が最優秀賞に輝く　セールでも注目,https://news.yahoo.co.jp/articles/a78dcf2326f185654bd6ccca22eb23511b1f4aac,6/26(水) 10:10
umatokuh,馬トク報知,【ラジオＮＩＫＫＥＩ賞】メンバー唯一の重賞ウィナーは５８キロのハンデも得意距離で巻き返す,https://news.yahoo.co.jp/articles/ebaa0d76bdf6df9a26a89202bd8846e06f74c247,6/26(水) 6:30
umatokuh,馬トク報知,国枝栄調教師が語る春Ｇ１　ステレンボッシュは名牝アーモンドアイと“同じ道”たどる　【馬トクＹｏｕＴｕｂｅ】,https://news.yahoo.co.jp/articles/2b374e0faee2392131adc71960a004734f67d75d,6/26(水) 6:15
umatokuh,馬トク報知,「芦毛の怪物」ゴールドシップの真の姿は「優等生」　種牡馬として今年種付け頭数は最多１２０頭超,https://news.yahoo.co.jp/articles/1e7b9c0f326ded5ccd42b2b0a575a540bbedf01f,6/26(水) 6:00
umatokuh,馬トク報知,【注目馬動向】昨年の菊花賞馬ドゥレッツァが英Ｇ１インターナショナルＳに予備登録,https://news.yahoo.co.jp/articles/21849d7462f95cc21c7bd3a17a7b99344effa6ad,6/25(火) 17:39
umatokuh,馬トク報知,【ラジオＮＩＫＫＥＩ賞】２連勝中のミナデオロが重賞初挑戦Ｖ狙う　陣営「本当に楽しみ」,https://news.yahoo.co.jp/articles/e78cfa6b6fbba47e5dd520f357e7b7b6a27e9a21,6/25(火) 16:40
umatokuh,馬トク報知,【ラジオＮＩＫＫＥＩ賞】良血ログラールはハンデ５４キロも魅力　松永幹調教師「斤量を生かしたい」,https://news.yahoo.co.jp/articles/a58216ce0e1411847d535dcb21290d73a24c90a0,6/25(火) 16:39
umatokuh,馬トク報知,１９年ダービー馬のロジャーバローズが８歳の若さで急死　１２番人気で大波乱を演出,https://news.yahoo.co.jp/articles/9233396551450b1fa9f8472f222dbff585596eab,6/25(火) 16:25
umatokuh,馬トク報知,「あの調教では買えない」ヴィクトリアＭ後にＳＮＳで悲鳴殺到　テンハッピーローズの調教パートナー 平助手を直撃,https://news.yahoo.co.jp/articles/e3f7f0468dda8e1a5c55df68a76c6443d33ea3df,6/25(火) 16:00
umatokuh,馬トク報知,落馬負傷の小林美駒騎手は左肩脱臼骨折　師匠の鈴木伸調教師「すぐに（復帰）とはいかないと思う」,https://news.yahoo.co.jp/articles/87b5061a3881ce9c83b1b7d4125e3076e7531247,6/25(火) 15:54
umatokuh,馬トク報知,【北九州記念】グランテストが重賞初挑戦Ｖへ　今野調教師「ハンデも恵まれた」５３キロを歓迎,https://news.yahoo.co.jp/articles/5d77c606838e3ab06e6393926c0377b3230fe6ac,6/25(火) 14:04
umatokuh,馬トク報知,【北九州記念】小倉巧者のヤクシマがハイペースで浮上　寺島調教師「いい脚を使ってくれれば」,https://news.yahoo.co.jp/articles/5a6c0921368783b94b4eb3589c7130543c703305,6/25(火) 14:03
umatokuh,馬トク報知,【巴賞】オニャンコポンは函館に初登場　小島調教師「次につながる競馬を」,https://news.yahoo.co.jp/articles/e30c972e21d910b81b9133f85bc2c5020f234bf1,6/25(火) 12:16
umatokuh,馬トク報知,【巴賞】武豊騎手と初コンビを組むデビットバローズは充実一途　上村助手「賞金を加算したいですね」,https://news.yahoo.co.jp/articles/1b32a245fd6be3ec9c0af8012779004e21a57670,6/25(火) 12:05
umatokuh,馬トク報知,【巴賞】洋芝合うサンストックトンは気配抜群　陣営「函館にくると元気になりますね」,https://news.yahoo.co.jp/articles/8678831a73d7b6973e272bc276b4544b2c6f80f8,6/25(火) 11:58
umatokuh,馬トク報知,【ＰＯＧ】プロ野球ソフトバンクのギータと競馬界のレジェンド武豊の強力タッグ　セイフウサツキが函館でデビュー,https://news.yahoo.co.jp/articles/f7fac6fd00e46fd933d85cb34e53a17d09cfffab,6/25(火) 11:42
umatokuh,馬トク報知,【注目馬動向】ソウルラッシュは英マイルＧ１・サセックスＳへの出走を見送り,https://news.yahoo.co.jp/articles/f3a7d89abef3d8b9264dc83b841d45bccf7e76fa,6/25(火) 10:16
umatokuh,馬トク報知,福島牝馬Ｓで落馬負傷の木幡初也騎手が調教騎乗を再開　早ければ来週にも実戦復帰へ,https://news.yahoo.co.jp/articles/31e1a92ea988a48ef18f0aa5f8b313e403046cfc,6/25(火) 9:38
umatokuh,馬トク報知,宝塚記念制覇で興奮冷めやらぬ！？Ｇ１ジョッキー仲間入りの菅原明良騎手「小さい頃から何度夢に見たことか」,https://news.yahoo.co.jp/articles/663146c9137474e7cf971cbb8e27b69b0450396e,6/25(火) 9:20
umatokuh,馬トク報知,東京ドーム４個分！日本最大級の直線坂路も　栗東トレセンから車で５０分の場所に社台ファームの新たな外厩施設誕生,https://news.yahoo.co.jp/articles/228961ccbf965fc3347f99e97f61ab82c0d93096,6/25(火) 6:00
umatokuh,馬トク報知,【北九州記念】永島まなみ騎手 重賞２勝目へ 自厩舎の９歳馬とタッグ「なおさら頑張りたい」,https://news.yahoo.co.jp/articles/02bd8541862785b47e7dc524da4626ffd5e30486,6/25(火) 6:00
umatokuh,馬トク報知,【注目馬動向】桜花賞、オークス３着のライトバックが新潟記念を視野に調整　重賞初制覇に挑む,https://news.yahoo.co.jp/articles/fc9b7239b388da1208962964896d26f661a86829,6/24(月) 17:21
umatokuh,馬トク報知,【ラジオＮＩＫＫＥＩ賞】近走不振のジュンゴールドが反撃へ　陣営「能力自体はここでも足りる」,https://news.yahoo.co.jp/articles/4f542e4b26ab0173b47f3ab425d3d5efcc4146bd,6/24(月) 16:32
umatokuh,馬トク報知,【ラジオＮＩＫＫＥＩ賞・西山の特注馬】調教通りなら狙えるウインマクシマム,https://news.yahoo.co.jp/articles/5d0d2b6873d9341c60423b5b5d2f9b1995bbddc1,6/24(月) 15:01
umatokuh,馬トク報知,スマホ不正使用の水沼元輝騎手の処分は７月中旬にも　ＪＲＡ「そんなに軽い制裁にはならないと思います」,https://news.yahoo.co.jp/articles/24c44929c615ad94a0edfa58ac9d409817c40f56,6/24(月) 14:46
umatokuh,馬トク報知,ＪＲＡが馬産業の人材確保に対する取り組みを強化　仕事紹介サイトの立ち上げや育成研修の大幅負担軽減など,https://news.yahoo.co.jp/articles/d79c88f8a604714936b45528cb7f0dae8771e064,6/24(月) 14:32
umatokuh,馬トク報知,【北九州記念】サーマルウインドは２度目のスプリント戦で重賞初勝利の好機　前走は重賞ウィナーと僅差,https://news.yahoo.co.jp/articles/6a19aef649164939031154c8f53072e84518a918,6/24(月) 13:59
umatokuh,馬トク報知,【北九州記念】ナナオが重賞初制覇狙う　ここまで３勝は稍重か重馬場　雨ならさらにチャンス拡大,https://news.yahoo.co.jp/articles/48b7fd739433097b4f7aff29babb5fe8dab5e376,6/24(月) 13:15
umatokuh,馬トク報知,【今井千尋・ばんえい日和】流れが合えばホクセイサクランボ（１１Ｒ）もっとやれる,https://news.yahoo.co.jp/articles/30773960d4cc34ef4f18233e0545750311167503,6/24(月) 13:00
umatokuh,馬トク報知,【北九州記念・戸田の特注馬】バースクライが重賞初勝利のチャンス　スプリント路線に転じて“覚醒”,https://news.yahoo.co.jp/articles/c34168ae89918f3b5ef3d0f682a9b665ab96079c,6/24(月) 11:54
umatokuh,馬トク報知,【北九州記念展望】前走の葵ステークスを逃げ切ったピューロマジックが重賞連勝を狙う,https://news.yahoo.co.jp/articles/b65659689fa7a203ba600205189e373911f9fc9b,6/24(月) 11:53
umatokuh,馬トク報知,宝塚記念でＧ１初制覇のブローザホーン　雨中の激戦から一夜明けても元気いっぱい,https://news.yahoo.co.jp/articles/10c628fdff5abf968e07288068fa73f5de74a99f,6/24(月) 11:50
umatokuh,馬トク報知,【ラジオＮＩＫＫＥＩ賞・角田の特注馬】皐月賞馬に食い下がる動き再び！　ショーマンフリート素質抜けている,https://news.yahoo.co.jp/articles/a0612616c1ec78712394a30d8243a002c24bc8dd,6/24(月) 11:46
umatokuh,馬トク報知,【ラジオＮＩＫＫＥＩ賞・ヤマタケの特注馬】今年の隠れ「出世レース」で好走　サトノシュトラーセ好戦必至,https://news.yahoo.co.jp/articles/be1d52e7d20e123be9e8672d2233d21af3c49d92,6/24(月) 11:35
umatokuh,馬トク報知,【ラジオＮＩＫＫＥＩ賞】報知杯弥生賞ディープインパクト記念３着のシリウスコルトが小回りを歓迎　宗像調教師「コースはいい」,https://news.yahoo.co.jp/articles/548b9254c5617fd8d621b76183ce79fb930d3ebb,6/24(月) 11:05
umatokuh,馬トク報知,【ラジオＮＩＫＫＥＩ賞】３度目の重賞挑戦となるショーマンフリートが好気配　手塚調教師「十分に勝ち負けになる」,https://news.yahoo.co.jp/articles/805fd52eab264bf1bb186b6e79a920f2b382aa72,6/24(月) 11:02
umatokuh,馬トク報知,【ラジオＮＩＫＫＥＩ賞】青葉賞５着から巻き返しを狙うウインマクシマムが戦法をひと工夫　畠山調教師「我慢をする競馬を教えて」,https://news.yahoo.co.jp/articles/cbc523670a43018a4f288d12f177f9a30fa78273,6/24(月) 11:01
umatokuh,馬トク報知,【宝塚記念】１６年ぶり重馬場　道悪巧者が大外一気　菅原明良騎手＆ブローザホーンがＧ１初制覇,https://news.yahoo.co.jp/articles/265d8cbc1f846511d8bf7ea8f9c3c71c5a5c5da4,6/24(月) 6:00
umatokuh,馬トク報知,【ラジオＮＩＫＫＥＩ賞展望】青葉賞４着から重賞初Ｖに挑むサトノシュトラーセが中心,https://news.yahoo.co.jp/articles/ac018ae5bf2ffc34a91cd5247a0690a0f9caf1a3,6/23(日) 21:35
umatokuh,馬トク報知,リーディング首位浮上のルメール騎手が来週から約１か月の「リフレッシュ休暇」７月の新潟開幕週に復帰,https://news.yahoo.co.jp/articles/c38292c7837a44fd8952808f35879c4f345f0921,6/23(日) 19:00
umatokuh,馬トク報知,【宝塚記念】佐々木蔵之助が「故郷」で表彰式プレゼンター「例年とは異なる情景で新鮮味」,https://news.yahoo.co.jp/articles/ee1bee53b25c0110712a734bfd433fa9abdf2db0,6/23(日) 18:05
umatokuh,馬トク報知,藤沢則雄調教師が函館８ＲでＪＲＡ通算３００勝達成「まずは長嶋茂雄さんの通算打率（３割５厘）にちなんだ３０５勝を」,https://news.yahoo.co.jp/articles/cfaff0b99965d08390fea926cab9e65315b645cf,6/23(日) 17:39
umatokuh,馬トク報知,【宝塚記念】４連勝狙ったシュトルーヴェは見せ馬なく１１着　レーン騎手「いつもの伸びがなかった」,https://news.yahoo.co.jp/articles/bd2792a1cdbe8e1b6463e924a264d7cc0dd9fb82,6/23(日) 17:33
umatokuh,馬トク報知,【宝塚記念】ディープボンド７着　１６度目挑戦もＧ１勝利ならず　幸英明騎手「もっと前で競馬できれば…」,https://news.yahoo.co.jp/articles/f0a09c6474c89669098ca8d155d7531f4cf8fdc5,6/23(日) 17:23
umatokuh,馬トク報知,小林美駒騎手が落馬し左肩を負傷　函館１２Ｒで騎乗馬が転倒,https://news.yahoo.co.jp/articles/8495d0d65386cf85bbcc6cde11b62a4ef674765f,6/23(日) 17:20
umatokuh,馬トク報知,【宝塚記念】早めに仕掛けたローシャムパーク伸び切れず５着　戸崎圭太騎手「スピードの乗りが良くなかった」,https://news.yahoo.co.jp/articles/0a34d72451c62aafcf674395dea195bc58b0e026,6/23(日) 17:08
umatokuh,馬トク報知,【宝塚記念】上がり最速タイで猛追のソールオリエンス復活示す２着　横山武史騎手「これからが楽しみ」,https://news.yahoo.co.jp/articles/3f4cf8002dd9d178ab74d42ee4c8285a97da0c82,6/23(日) 17:03
umatokuh,馬トク報知,【宝塚記念】４角先頭も最後で力尽きプラダリア４着　池添謙一騎手「１、２着馬とは（馬場の）適性の部分」,https://news.yahoo.co.jp/articles/731bd35129bc1d6ffca6f1e4a87d3f5e09a0e6bb,6/23(日) 17:00
umatokuh,馬トク報知,【宝塚記念】１番人気の敗戦に安藤勝己氏「外へ出せない位置にハマってもうた」と指摘…５着馬には「Ｇ１獲れる器」,https://news.yahoo.co.jp/articles/f065be8d7f163679db934dc0172f539da5b87eaa,6/23(日) 16:56
umatokuh,馬トク報知,【宝塚記念】２番人気ジャスティンパレス伸び欠き１０着大敗　ルメール騎手「こういう重い馬場は難しい」,https://news.yahoo.co.jp/articles/ea98cffcb5e47e9b2091dcaf83c57f5cbbe5403a,6/23(日) 16:52
umatokuh,馬トク報知,【宝塚記念】大阪杯覇者ベラジオオペラはＧ１連勝ならず３着　横山和生騎手「勝ちにいったぶんですね」,https://news.yahoo.co.jp/articles/8c6d2e2b2f05f3d1b6071a8d8db50ab3fab2761d,6/23(日) 16:49
umatokuh,馬トク報知,【東京１１Ｒ・パラダイスＳ】オーキッドロマンスが逃げて後続を完封　内田博幸騎手「すんなり自分の形で運べた」,https://news.yahoo.co.jp/articles/2c665ae1ef8c09604349324840c866ecf594a9c0,6/23(日) 16:22
umatokuh,馬トク報知,【大沼Ｓ】重賞２着馬サヴァが力強い末脚で復活Ｖ　岩田康誠騎手「今日は左手前に替えてくれた」,https://news.yahoo.co.jp/articles/1744f9c90726bd728fee844e55b0a377337cc36f,6/23(日) 16:03
umatokuh,馬トク報知,【宝塚記念】２番人気のジャスティンパレス２度目のＧ１制覇ならず　ルメール騎手と５度目のコンビで初黒星,https://news.yahoo.co.jp/articles/a39859192e102614d07c8b73f96fab69045017a3,6/23(日) 15:53
umatokuh,馬トク報知,【宝塚記念】１番人気ドウデュース６着で４年連続Ｇ１勝利お預け　武豊騎手「反応が悪かったですね」,https://news.yahoo.co.jp/articles/c08783ecea28848c2766576b95d3562876a65984,6/23(日) 15:53
umatokuh,馬トク報知,【宝塚記念】ブローザホーンとＧ１初Ｖの６年目・菅原明良騎手「追ったら伸びる自信がありました」,https://news.yahoo.co.jp/articles/cd8f3131c011d5417d27815fac05143828cbe7de,6/23(日) 15:51
umatokuh,馬トク報知,【京都８Ｒ・木屋町特別】岩田望来騎手が渡仏前の“ラストウィーク”に勝利　宝塚記念はカラテに騎乗,https://news.yahoo.co.jp/articles/d6d61b618a377f3e19dbb8072555372a744e8eb7,6/23(日) 14:55
umatokuh,馬トク報知,日曜メインレースの注目激走馬…京都１１Ｒ宝塚記念・Ｇ１,https://news.yahoo.co.jp/articles/ec5479cf720f19bc7e4e4fc82d2c84be869168d3,6/23(日) 14:28
umatokuh,馬トク報知,日曜東京競馬場の注目激走馬…東京１１Ｒパラダイスステークス（Ｌ）,https://news.yahoo.co.jp/articles/db447c5fbb5cba16a8b94b1de76bdcc91c287a7c,6/23(日) 14:05
umatokuh,馬トク報知,【宝塚記念】「逆転の舞台は整った」森泰斗騎手が枠と展開が有利と見た本命馬は…,https://news.yahoo.co.jp/articles/3eb354bd7482bbf9e9ea106176652b22f39ac21f,6/23(日) 13:30
umatokuh,馬トク報知,【京都５Ｒ・２歳新馬】藤田晋オーナー見守る前で２・１億円馬エリキング快勝　川田将雅騎手「いい内容でした」,https://news.yahoo.co.jp/articles/260ab226358d4dfe921c26a21843458935c91214,6/23(日) 13:18
umatokuh,馬トク報知,【東京５Ｒ・２歳新馬】１番人気ジョリーレーヌが上がり最速で差し切り　石川裕紀人騎手「良い内容」,https://news.yahoo.co.jp/articles/2323a889fbb29e3bf955a04d9e2bfdec4948692d,6/23(日) 12:56
umatokuh,馬トク報知,宝塚記念当日の京都競馬場は外有利の馬場　４Ｒをプリズマジコで制した秋山稔樹騎手「外ですね」,https://news.yahoo.co.jp/articles/9cf78e0e3bb41e80558b903d7d61fcb342b39311,6/23(日) 12:49
umatokuh,馬トク報知,【函館５Ｒ・２歳新馬】断然人気のヤンキーバローズが初陣Ｖ　岩田康誠騎手「いろんな面で成長すると思う」,https://news.yahoo.co.jp/articles/8b569ae4a76297295fec631ba93e35f45b3cb89e,6/23(日) 12:46
umatokuh,馬トク報知,【宝塚記念】宮下瞳騎手が「本来の力を発揮できる」と太鼓判を押す注目馬は…,https://news.yahoo.co.jp/articles/00c6650cfb715d07dca37034cc76115b46de8b67,6/23(日) 12:10
umatokuh,馬トク報知,【宝塚記念】木之前葵騎手の本命は昨年の３着馬　４戦４勝ルメールとのコンビに期待,https://news.yahoo.co.jp/articles/4791c8bb04130e807bc68fb2161a230549482d96,6/23(日) 12:00
umatokuh,馬トク報知,【東京１Ｒ・２歳未勝利】単勝１７４・２倍の最低人気レーヴドロペラが勝利！　３連単３４５万５２７０円は１０頭立て以下の歴代最高配当,https://news.yahoo.co.jp/articles/ddc51516992351e9b99a7a9359db717c7bb1af7c,6/23(日) 10:50
umatokuh,馬トク報知,波乱決着のダービー的中芸人、宝塚記念の本命も伏兵を指名「ドウデュースが抜けているかと言ったら…」,https://news.yahoo.co.jp/articles/b5b2297f85018c2a1c40c563c4a677f8843d45d1,6/23(日) 10:15
umatokuh,馬トク報知,Ｇ１予想連敗中の粗品、宝塚記念の意外な本命馬に「これですり抜けたら神」「自信無い時の買い方や」の反応,https://news.yahoo.co.jp/articles/81d903fea4bf19dc4627de206eacf55733a539ad,6/23(日) 8:57
umatokuh,馬トク報知,【宝塚記念】ファン投票１位！　前日オッズも１番人気！！　熱い支持を受け、いざグランプリ連覇へ！！！,https://news.yahoo.co.jp/articles/194037102011278f5acd7c7777f8ad180b7684d4,6/22(土) 18:25
umatokuh,馬トク報知,長浜鴻緒騎手が函館８Ｒの落馬で首を負傷　２３日は全５鞍が乗り替わり,https://news.yahoo.co.jp/articles/69e22dadbba7a5476e48cf884237fa41aeb86baa,6/22(土) 17:02
umatokuh,馬トク報知,高田潤騎手が２日間の騎乗停止　東京ジャンプＳを制したジューンベロシティで斜行,https://news.yahoo.co.jp/articles/1ef22ab66df3f3e43a05ff65570127e7d6133fde,6/22(土) 16:58
umatokuh,馬トク報知,【江の島Ｓ】５番人気のマイネルモーントが逃げ切ってＯＰ入り　石川裕紀人騎手「リベンジできてよかった」,https://news.yahoo.co.jp/articles/af73c14b1811b02fe53aab2a5157b9349acbb8ac,6/22(土) 16:37
umatokuh,馬トク報知,【京都１１Ｒ・天保山Ｓ】サトノルフィアンが連勝でＯＰ初Ｖ　坂井瑠星騎手「スムーズで言うことない内容」,https://news.yahoo.co.jp/articles/a9e94363948d26da0ae8e612358afbde6daf575a,6/22(土) 16:32
umatokuh,馬トク報知,【函館１１Ｒ・青函Ｓ】洋芝大好きモリノドリームがＯＰ初勝利　横山武史騎手「一番適性がある舞台」,https://news.yahoo.co.jp/articles/8ecfd553ba22f34fee733d09915109e3828f1f9f,6/22(土) 16:19
umatokuh,馬トク報知,【東京８Ｒ・東京ＪＳ】ジューンベロシティが連覇　７年９か月ぶり重賞Ｖの高田潤騎手「一生懸命やるだけ」,https://news.yahoo.co.jp/articles/d6c0c27919a4dfeed3639e73cf07f957b5168558,6/22(土) 15:19
umatokuh,馬トク報知,長浜鴻緒騎手が函館８Ｒでスタート直後に落馬　以降の２鞍が乗り替わり,https://news.yahoo.co.jp/articles/2282906239a43070eae0441816850c57640bc87b,6/22(土) 15:01
umatokuh,馬トク報知,【京都５Ｒ・２歳新馬】ラプラーニュが首差で振り切ってＶ　松山弘平騎手「強い競馬をしてくれる」,https://news.yahoo.co.jp/articles/3770d6031bd45f231c2c4767e1b953ab8cdb3f0f,6/22(土) 13:49
umatokuh,馬トク報知,【東京６Ｒ・２歳新馬】サトノカルナバルが７馬身差Ｖ　レーン騎手が褒めちぎり「間違いなくポテンシャルの高い馬」,https://news.yahoo.co.jp/articles/bc566485c77017b9b7fa9ec987aca5c3b257702e,6/22(土) 13:40
umatokuh,馬トク報知,【宝塚記念】皐月賞馬ソールオリエンスが淀到着　大阪杯７着からの巻き返しへ、陣営「今回の方がゆとりがある」,https://news.yahoo.co.jp/articles/c20c5ff35780447f4e9846320f4b46963823ba73,6/22(土) 13:30
umatokuh,馬トク報知,【宝塚記念】大阪杯２着のローシャムパークが京都に到着　陣営「輸送はスムーズでした」,https://news.yahoo.co.jp/articles/a721f7942d60e152330f629f72880fe76c4dc2c3,6/22(土) 13:24
umatokuh,馬トク報知,【東京５Ｒ・２歳新馬】７番人気のモンドデラモーレが直線で抜け出す　千葉調教師は新馬戦初勝利,https://news.yahoo.co.jp/articles/5d088b587bc2ce4de9718c0b0085277f9da11e08,6/22(土) 13:10
umatokuh,馬トク報知,【函館５Ｒ・２歳新馬】伯母プリモシーンのカルプスペルシュがＶ　鮫島克駿騎手「調教からセンスがありそうだった」,https://news.yahoo.co.jp/articles/b5585b9bdfa09e7dfa032794af61515880567dbe,6/22(土) 12:59
umatokuh,馬トク報知,【宝塚記念】田中歩アナの本命はドバイ４着から帰国初戦のＧ１馬　世界の強豪にもまれた経験生かす,https://news.yahoo.co.jp/articles/9e8e5b752f6cfce977467186563d900c87d2543f,6/22(土) 12:05
umatokuh,馬トク報知,【京都１Ｒ・２歳未勝利】ショウナンザナドゥが５馬身差で初Ｖ　池添騎手「ポテンシャルやバネは素晴らしい」,https://news.yahoo.co.jp/articles/81f616b32f162e1e03d5f7e34aaa453e1c010c54,6/22(土) 10:57
umatokuh,馬トク報知,【東京１Ｒ・３歳未勝利】小林脩斗騎手が５か月半ぶりに実戦復帰「体が覚えていて違和感なく乗れました」,https://news.yahoo.co.jp/articles/0adcbe4a265df5419ac4f1af594d03639a1f0bc9,6/22(土) 10:51
umatokuh,馬トク報知,【大沼Ｓ】復活を目指すサヴァは侮れない存在　陣営「大型馬ですが小回りが得意」,https://news.yahoo.co.jp/articles/d24abfb48a95e52ad1cc184b151b2b2fe3c59dc0,6/22(土) 10:43
umatokuh,馬トク報知,【大沼Ｓ】アクションプランは実戦タイプ　菱田裕二騎手「こういう馬はレースに行って変わってくれる」,https://news.yahoo.co.jp/articles/194c14afd352b342c913f4fd6520653f8a563712,6/22(土) 10:38
umatokuh,馬トク報知,【函館１Ｒ・２歳未勝利】モジャーリオは６着から巻き返して初Ｖ　横山武史騎手「能力で勝ってくれました」,https://news.yahoo.co.jp/articles/5c87fc217dc4a7478f63db8cdbdd917feaf5575f,6/22(土) 10:32
umatokuh,馬トク報知,【宝塚記念】ベラジオオペラは入念な前日調整で行きっぷり抜群　陣営「昨日からすごく元気」,https://news.yahoo.co.jp/articles/e4e8c3d8909fb4b5acce71088399036fbf5e2a63,6/22(土) 10:08
umatokuh,馬トク報知,【宝塚記念】ディープボンドは７歳とは思えない若々しい身のこなし　陣営「元気よく、いい状態です」,https://news.yahoo.co.jp/articles/70013ad15f57fe83b9a44a9d56d4ecb7b5e3e468,6/22(土) 10:06
umatokuh,馬トク報知,ディープ最終世代オーギュストロダン、プリンスオブウェールズＳ勝利で“キングジョージ”１番人気に浮上,https://news.yahoo.co.jp/articles/54a78feef3d277eaca714074baac675dd1dca9e0,6/22(土) 10:00
umatokuh,馬トク報知,【宝塚記念】ブローザホーンは最終調整の坂路で力強い走り　吉岡調教師「万全だと思います」,https://news.yahoo.co.jp/articles/a3b51d4e997292b4c41a230f9c283f20ece345a9,6/22(土) 9:35
umatokuh,馬トク報知,【宝塚記念】ドウデュースは久々に栗東でレース前日の最終調整　友道調教師「落ち着きもあるし、いい感じです」,https://news.yahoo.co.jp/articles/a7d02fc0eb46c99eb85d09c3c0df45ba9ce621c1,6/22(土) 9:16
umatokuh,馬トク報知,【園田・人気ジョッキーは語る】プッシュユアセルフ（１１Ｒ）の下原理騎手「テンに行けるようになった」,https://news.yahoo.co.jp/articles/5d38c80c572b45033761fe83b51448a6345aeb2b,6/21(金) 12:30
umatokuh,馬トク報知,【ＰＯＧ】評判馬ヤンキーバローズ２３日函館で初陣　陣営「雰囲気がいいし、初戦向き」,https://news.yahoo.co.jp/articles/a8d2c74c90d3cf41eba82183b9209e1ee65049e6,6/21(金) 12:15
umatokuh,馬トク報知,【宝塚記念】ルージュエヴァイユは雨予報を歓迎せず　陣営「少しでも走りやすい馬場になってほしい」,https://news.yahoo.co.jp/articles/86ba2e89f3f916d1f3c96f52322244725cc68419,6/21(金) 12:10
umatokuh,馬トク報知,【大沼Ｓ】小回り巧者プリンスミノル勝負気配　陣営「この時期がいい」６月＆７月は３戦３連対,https://news.yahoo.co.jp/articles/00813ef0ba98f566b17147ff4b47856178d94142,6/21(金) 12:06
umatokuh,馬トク報知,【宝塚記念】週末の雨予報にローシャムパークは不安なし　田中博調教師「馬場が渋っても適性はある」,https://news.yahoo.co.jp/articles/500489ae685c153f87f990cb5ebace0c498b0e1f,6/21(金) 12:05
umatokuh,馬トク報知,【注目馬動向】ヴィクトリアマイル４着のドゥアイズはクイーンＳへ,https://news.yahoo.co.jp/articles/f75492f4ad01ca9962a4088d0913500c965aad23,6/21(金) 12:01
umatokuh,馬トク報知,【宝塚記念】好気配キープするドウデュース　４番枠に友道調教師「近くの有力馬を前に見ながら…」,https://news.yahoo.co.jp/articles/d6340d4778c5dc046cddafdbbf175849d86f3227,6/21(金) 12:00
umatokuh,馬トク報知,【青函Ｓ】中央移籍後オール馬券圏内カンティーユ６か月半ぶりも仕上がりに手応え,https://news.yahoo.co.jp/articles/a86e804e1751a9e982f242653e1d86bfa798b481,6/21(金) 11:57
umatokuh,馬トク報知,【宝塚記念】ベラジオオペラは戦闘モードで大一番へ　陣営「いい兆候が出てきています」,https://news.yahoo.co.jp/articles/9a53cb38653a1f0b2845c3363d61ddbe189be921,6/21(金) 11:55
umatokuh,馬トク報知,【宝塚記念】ジャスティンパレス上昇気配　杉山晴調教師「追い切りを重ねるたびにバランスが良くなった」,https://news.yahoo.co.jp/articles/4604da8e01ad878d0406348c96fb488b04052641,6/21(金) 11:50
umatokuh,馬トク報知,【宝塚記念】ソールオリエンスは輸送前の調整も気配上々　手塚調教師「頭数は少ない方がいい」,https://news.yahoo.co.jp/articles/7ab43984651a997582823c7f7ad983b30ad685ec,6/21(金) 11:45
umatokuh,馬トク報知,先週Ｖの藤田菜七子騎手は東京で土日計７鞍　前走上がり最速のリュウノタブーク「使った上積みがある」,https://news.yahoo.co.jp/articles/8c8d0195f0b459a7f220aa1583eeb19e868e7bab,6/21(金) 11:17
umatokuh,馬トク報知,【浦和・保園翔也　ｔａｋｅ　ｏｆｆ！】スプリングネージュ（７Ｒ）が最内枠から得意のスタイルを,https://news.yahoo.co.jp/articles/a42993991264820ca5db1f4b41ca0ea11ce02227,6/21(金) 10:30
umatokuh,馬トク報知,【宝塚記念】小柄も力強い動きのブローザホーン　吉岡調教師「柔らかい馬場の方がいい」,https://news.yahoo.co.jp/articles/bdadcc5313e671daa0a3755b1b7efaa622a6172e,6/21(金) 10:20
umatokuh,馬トク報知,【宝塚記念】京都で８戦中６度馬券圏内のキズナ産駒がホームで一発狙う,https://news.yahoo.co.jp/articles/f83b9521a1d9f39879853d36d5e4991b91267e20,6/21(金) 6:45
umatokuh,馬トク報知,調教助手から転身した３３歳障害ジョッキーが重賞初挑戦「何とかチャンスをものにできるように」デビューわずか３か月半での抜てき,https://news.yahoo.co.jp/articles/63c6c8b0da2d5493b97ec1cae54b0ccbdfb63f3b,6/21(金) 6:30
umatokuh,馬トク報知,【宝塚記念】京都巧者が父・ディープインパクト以来１８年ぶり淀でＧ１制覇狙う,https://news.yahoo.co.jp/articles/c93694fda605a4c84004ec9dbb1629798287f32f,6/21(金) 6:15
umatokuh,馬トク報知,【宝塚記念】豪州のＶ請負人がシュトルーヴェで参戦「ゴールまで末脚が力強く使える」１９年以来の制覇に自信,https://news.yahoo.co.jp/articles/b61061f69cf2ac7bfaabd987ccfaa652df311ed5,6/21(金) 6:00
umatokuh,馬トク報知,ルーキーの吉村誠之助騎手が園田競馬で５勝の大爆発　地方での一日５勝は武豊騎手を超えてＪＲＡ騎手では史上初,https://news.yahoo.co.jp/articles/575fc565fcfa7a5e8955b76a45878f23ca466669,6/20(木) 19:39
umatokuh,馬トク報知,競走馬の温泉施設は、ついほほ笑んでしまうような「ほのぼの空間」　気持ち良すぎてコクリコクリと舟をこぐ馬も,https://news.yahoo.co.jp/articles/b8013c2b12f09c4cc934b9f55afff51e5976d3f3,6/20(木) 17:45
umatokuh,馬トク報知,【宝塚記念】グランプリ連覇＆主要４場G１制覇を狙うドウデュースは４枠４番　陣営「偶数枠はプラス」,https://news.yahoo.co.jp/articles/5fb61e96fc0c3bf7758dd77669c654a63aa0bd25,6/20(木) 16:16
umatokuh,馬トク報知,【ＰＯＧ】昨年函館リーディングの佐々木大輔騎手が期待のポッドベイダー「この馬はなんとしても決めたい」,https://news.yahoo.co.jp/articles/ff81b05da27436e8579a2c913c86ebe080aa7032,6/20(木) 15:58
umatokuh,馬トク報知,【宝塚記念】ルメールと４戦４勝のジャスティンパレスは２枠２番　杉山晴調教師「ゲートを出ればいい枠」,https://news.yahoo.co.jp/articles/8f4b50755d56a4317a69f7e63395cec9f263896b,6/20(木) 15:45
umatokuh,馬トク報知,【宝塚記念】追い込みにかけるソールオリエンスは６枠９番　陣営「真ん中で良かった」,https://news.yahoo.co.jp/articles/d21a545d553f60725439b4671fdfb11323920fbc,6/20(木) 15:43
umatokuh,馬トク報知,【宝塚記念】大阪杯３着のルージュエヴァイユは大外８枠１３番　黒岩調教師「うまく立ち回れるように準備」,https://news.yahoo.co.jp/articles/104a3e522dddcaf81257fe5b02ae5b151af9e114,6/20(木) 15:41
umatokuh,馬トク報知,【宝塚記念】Ｇ１連勝を狙うベラジオオペラは３枠３番に決定　上村調教師「問題ない。いい枠じゃないですか」,https://news.yahoo.co.jp/articles/667c732e3204434a656a3c91485742869c91620a,6/20(木) 15:39
umatokuh,馬トク報知,【宝塚記念】武豊ドウデュースは４枠４番から復活狙う　ジャスティンパレスは２枠２番　枠順発表,https://news.yahoo.co.jp/articles/f1beee4936fa94ffbc04cf93777c401c849c43bf,6/20(木) 14:20
umatokuh,馬トク報知,【大沼Ｓ】丸山元気騎手を背にテーオードレフォンが力強い動き　アンタレスＳ１２着から巻き返しのポイントは,https://news.yahoo.co.jp/articles/78ab3b40abda2e63b01e11a15e7e0cb0864262ba,6/20(木) 13:22
umatokuh,馬トク報知,【ＰＯＧ】セレクトセール落札価格１億５０００万円のソルデマジョが放牧へ　来週の福島デビューは白紙に,https://news.yahoo.co.jp/articles/d3f561252bff432affaa08a9da6154d41387d3d7,6/20(木) 13:18
umatokuh,馬トク報知,【ＰＯＧ】新種牡馬フォーウィールドライブ産駒のヌーヴェルソールに吉村調教師「調教通りならおもしろい」,https://news.yahoo.co.jp/articles/507175951cc981d58c92326525b7a8a9f3c6da90,6/20(木) 13:15
umatokuh,馬トク報知,【注目馬動向】さきたま杯Ｖのレモンポップが週明けにも放牧へ　田中博調教師「結果を出せてよかった」,https://news.yahoo.co.jp/articles/88379869a43ffb465444ae3cd51736978b80a791,6/20(木) 13:14
umatokuh,馬トク報知,【ＰＯＧ】２億円ホースのエリキングが今週の京都でデビュー　陣営「調教での良さが実戦につながれば」,https://news.yahoo.co.jp/articles/852d0ad0869ad0b5a6229d957ceced372ed53037,6/20(木) 13:14
umatokuh,馬トク報知,【帝王賞】セラフィックコールとキングズソードが併せ馬　寺島調教師は２頭ともに手応え,https://news.yahoo.co.jp/articles/4ef03904d3407921781f429dbc54030931216c79,6/20(木) 12:31
umatokuh,馬トク報知,【ＰＯＧ】モーリス産駒のラプラーニュが初戦勝ちを狙う　渡辺調教師「初戦から好勝負できそう」,https://news.yahoo.co.jp/articles/7ab3c51d73b643c28193e8a15b975874f25fb5aa,6/20(木) 11:57
umatokuh,馬トク報知,【ＰＯＧ】永島まなみ騎手がマナミンに引き続き騎乗　７月６日の小倉で再び「まなみん」コラボ,https://news.yahoo.co.jp/articles/8b9cae9f40ad2576be2446554a2297a2fb592e9e,6/20(木) 11:41
umatokuh,馬トク報知,【注目馬動向】さきたま杯３着のシャマルは秋に南部杯からＪＢＣスプリントのローテを視野,https://news.yahoo.co.jp/articles/d951f95d936cebfc8dc528a16c4ebfe74e7b5f9f,6/20(木) 11:23
umatokuh,馬トク報知,【宝塚記念】復権期すＧ１馬が王道調整　天皇賞・春Ｖなど結果出した昨春と同じＣＷコースでラスト１１秒３　杉山晴調教師「ちょうどいい感じ」,https://news.yahoo.co.jp/articles/e1470bf4e3b1398278b73b3fe4449d7c9f8b6397,6/20(木) 7:30
umatokuh,馬トク報知,【宝塚記念】２３年皐月賞馬に復活の光　馬なりでラスト１１秒５　手塚調教師「思い通りいい調教」淀仕様調整で末脚取り戻した,https://news.yahoo.co.jp/articles/df683b115a3baae789617d0b444178561e847de7,6/20(木) 6:35
umatokuh,馬トク報知,【宝塚記念】天皇賞・春２着馬が納得の調整　菅原明「陣営がいつも、とてもいい状態に仕上げてくれている」,https://news.yahoo.co.jp/articles/8761d2a6b488724c246591eb3b8b64570a536878,6/20(木) 6:30
umatokuh,馬トク報知,【宝塚記念】ドウデュース、あえて抜かない調整で折り合い完璧　秋春グランプリ連覇へ死角なし,https://news.yahoo.co.jp/articles/a2f5ec8433c95bcbf554e900125882501857d7d8,6/20(木) 6:00
umatokuh,馬トク報知,【さきたま杯】タガノビューティーは追い込むも４着　石橋脩騎手「いつも頑張って偉い馬」,https://news.yahoo.co.jp/articles/f6199fcdd08002da9eb464f82f4a753284c50ab6,6/19(水) 18:44
umatokuh,馬トク報知,【さきたま杯】レモンポップが２馬身差Ｖ　坂井瑠星騎手とは国内無敗「負けないところが強いところ」,https://news.yahoo.co.jp/articles/e240d9a23b13163f7535bee196c70ae1350058ed,6/19(水) 18:40
umatokuh,馬トク報知,【さきたま杯】シャマルは交流Ｇ１連勝ならず３着　川須栄彦騎手「速い流れでも気力が折れることなく」,https://news.yahoo.co.jp/articles/bf359fc54fa33d2f4d6dcb31279f31cd5aa50c63,6/19(水) 18:40
umatokuh,馬トク報知,【さきたま杯】兵庫の雄イグナイターが末脚伸ばすも２着　笹川翼騎手「悲観する内容ではない」,https://news.yahoo.co.jp/articles/f6a0f30f7928df1690322c258715178cd7cda3c9,6/19(水) 18:35
umatokuh,馬トク報知,【さきたま杯】レモンポップが断然人気に応え早め先頭で圧倒　新生交流Ｇ１制す,https://news.yahoo.co.jp/articles/1bbf19853b69788448a28e8b0d1b3ebacadaf2a6,6/19(水) 17:54
umatokuh,馬トク報知,ディープインパクト最終世代の重賞勝ち馬ライトクオンタムが引退　今後は繁殖牝馬に,https://news.yahoo.co.jp/articles/dd91169ecd9f307bcf0b507fa3d5ca361d40d871,6/19(水) 16:45
umatokuh,馬トク報知,【ＰＯＧ】抜群の動きで最先着！陣営が自信を持って送り出すティピティーナ「さらに自信を深めることができた」,https://news.yahoo.co.jp/articles/815fc1feab417a6522dffa503234b28cc1e45f74,6/19(水) 16:36
umatokuh,馬トク報知,先週重賞初制覇の永島まなみ騎手が自厩舎のトゥラヴェスーラと北九州記念に参戦　「なおさら頑張りたい」,https://news.yahoo.co.jp/articles/d50bd576d38c4fa55d2ddcaa3682a8adbede8d24,6/19(水) 16:12
umatokuh,馬トク報知,【宝塚記念】ソールオリエンスが楽に併入で万全の仕上がり　手塚調教師「併走馬と気持ちだけ高ぶらせるような調教を」,https://news.yahoo.co.jp/articles/33c953af57ce5ceafc08e5415f09b74a1e61b8aa,6/19(水) 14:15
umatokuh,馬トク報知,【宝塚記念】３連勝中と勢いに乗るシュトルーヴェがレーン騎手と初コンタクト　「動きもアクションも良く…」,https://news.yahoo.co.jp/articles/150b3d914f34317366989ee4c4ce65dfcbcbed9c,6/19(水) 13:55
umatokuh,馬トク報知,【宝塚記念】ローシャムパークはスムーズな脚さばきで好調アピール　田中博調教師「いいリズムで走れていた」,https://news.yahoo.co.jp/articles/70d7fe73c92cb445c07ef3fc7f7b40ef1c182ae6,6/19(水) 13:51
umatokuh,馬トク報知,【ＰＯＧ】武豊騎手が蛯名正調教師との『同期コンビ』で函館新馬戦へ「素直な性格で、乗り難しさはない」,https://news.yahoo.co.jp/articles/1a7f3e3f41515fe76422e41ef4e2c0dabf60096f,6/19(水) 13:47
umatokuh,馬トク報知,【宝塚記念】ルージュエヴァイユは余力残しで登坂　黒岩調教師「疲労感もなく良い状態」,https://news.yahoo.co.jp/articles/8512b20d3f54742d7c5b2abc3e15af9f0a5c573b,6/19(水) 13:37
umatokuh,馬トク報知,【青函Ｓ】函館スプリントＳ３着のビッグシーザーは中１週の疲れを感じさせない動き　陣営「５９キロだけ」,https://news.yahoo.co.jp/articles/c57f28204dbac0dca4e9be9e4135f253c9f641e5,6/19(水) 13:36
umatokuh,馬トク報知,【宝塚記念】ディープボンドはＣＷコースで６ハロン８６秒６―１１秒９　幸英明騎手「いい意味で前走と変わらず」,https://news.yahoo.co.jp/articles/a951e6055db69a1bcfa9813fbddfd47ebea550f7,6/19(水) 13:24
umatokuh,馬トク報知,【宝塚記念】ブローザホーンが菅原明良騎手騎乗でシャープに反応　「いつもとてもいい状態に仕上げてくれる」,https://news.yahoo.co.jp/articles/275ae655853ea0742dfd4af48114258c4d148e9d,6/19(水) 13:21
umatokuh,馬トク報知,金子光希騎手が６月２１日付でフリーに,https://news.yahoo.co.jp/articles/d7c16456a83f4ff472e2ed4e70b24e5c2a155b8b,6/19(水) 13:12
umatokuh,馬トク報知,【宝塚記念】ファン投票歴代最多のドウデュース　武豊騎手「結果で応えたい気持ちがものすごく強い」,https://news.yahoo.co.jp/articles/5f479f9c160632f9b240b27809e2b4447e1473dd,6/19(水) 13:09
umatokuh,馬トク報知,【宝塚記念】ドウデュースは芝コースで伸び伸び併入　友道調教師「先週時計は出ているし、これ以上はいいでしょう」,https://news.yahoo.co.jp/articles/293f95a561242059dd38c1e99d95018e10934ef7,6/19(水) 12:59
umatokuh,馬トク報知,永島まなみ騎手に祝福の嵐　栗東トレセンで調教に騎乗「祝福していただいてありがたい」,https://news.yahoo.co.jp/articles/e471add4ed7679894fad495727b6523d73e0a68d,6/19(水) 12:57
umatokuh,馬トク報知,【宝塚記念】ジャスティンパレスはラスト１１秒２で理想的な追走先着　杉山晴調教師「やりすぎず、軽すぎず」,https://news.yahoo.co.jp/articles/15e071202a24ca1d444aff354dde489ed4c3c482,6/19(水) 11:45
umatokuh,馬トク報知,【注目馬動向】ソダシの半弟、白毛のカルパは来週の小倉で復帰　須貝調教師「成長して、随分と良くなってきた」,https://news.yahoo.co.jp/articles/dc8c0b000a37ed91934e70d969c7f87765b938e5,6/19(水) 11:17
umatokuh,馬トク報知,【こちら日高支局です・古谷剛彦】九州１歳市場、活気あるセリで売却総額前年比増　若い生産者も続々,https://news.yahoo.co.jp/articles/f4f4e242d81cdb49cf1fe773d8eff519ea8aa1f0,6/19(水) 10:05
umatokuh,馬トク報知,岩田望来騎手が来週からフランスで研修「ルメールさんの紹介で」,https://news.yahoo.co.jp/articles/4809ac0ad732fd5da63940fec31ab6b2be11aad7,6/19(水) 7:31
umatokuh,馬トク報知,【宝塚記念】初の京都芝２２００メートルも母系にヌレイエフ入るジャスティンパレスが魅力たっぷり,https://news.yahoo.co.jp/articles/c1154820279376f4626bbb6c2321031da1b7fea9,6/19(水) 6:00
umatokuh,馬トク報知,【宝塚記念】４戦４勝の黄金タッグが１年２か月ぶり復活　名手はジョッキー連覇へＶロード見えた,https://news.yahoo.co.jp/articles/d734d07788f109cecfd710a40dc846701c114f69,6/19(水) 6:00
umatokuh,馬トク報知,【宝塚記念】２３年の皐月賞Ｖ馬が復権へ調教変えた　手塚調教師「勝負にいこうと思ってつくっています」,https://news.yahoo.co.jp/articles/8495fa969b2d1deae5df797a2e622fe12e90390f,6/19(水) 6:00
umatokuh,馬トク報知,田口貫太騎手が今夏フランスで武者修行「一秒も無駄にしないように」初の海外競馬挑戦,https://news.yahoo.co.jp/articles/65540c3b3e71905b2ac41de87e3a0c7809e100f3,6/18(火) 19:00
umatokuh,馬トク報知,１８日の浦和競馬は大雨による馬場コンディション不良のため６Ｒ以降の開催取り止め　１９日はさきたま杯開催,https://news.yahoo.co.jp/articles/2b88938b1c9d31f0fc175e138699dfa543b6b845,6/18(火) 16:30
umatokuh,馬トク報知,藤田菜七子騎手が「騎乗を見ながら勉強していた」名手との“タッグ”で優勝狙う,https://news.yahoo.co.jp/articles/17aaddebda37e8611c8cd33942dea95140b84181,6/18(火) 16:08
umatokuh,馬トク報知,【ＰＯＧ】２歳新馬のガンバルマンは普段から馬名の通りの頑張り屋,https://news.yahoo.co.jp/articles/5745ee583b5483f98ad6563f269ceec718144b51,6/18(火) 14:27
umatokuh,馬トク報知,【ＰＯＧ】それいけ！今週の函館はソレイケドンチャンに注目　新種牡馬の父に２週連続新馬Ｖへ,https://news.yahoo.co.jp/articles/323c80d2357d40d7be049cd94dca9efd3f137e9d,6/18(火) 13:30
umatokuh,馬トク報知,アリスヴェリテの中竹調教師が永島まなみ騎手を絶賛「２歩目、３歩目の乗り方が」秋はビッグタイトル目指す,https://news.yahoo.co.jp/articles/0481cf8ebba2e78f4fd3d08514738ca41f3d51a3,6/18(火) 13:28
umatokuh,馬トク報知,【宝塚記念】ルージュエヴァイユは坂路から角馬場に入り調整　黒岩調教師「ハードトレーニングを克服」,https://news.yahoo.co.jp/articles/e18cb230371b6a4a3f458c92f742ebd3ca74526b,6/18(火) 13:22
umatokuh,馬トク報知,【注目馬動向】テーオーロイヤルは京都大賞典で復帰目指す　天皇賞・春Ｖ後に左前脚はく離骨折,https://news.yahoo.co.jp/articles/d26a23c6c5e45c5cd77bd242b4e2cd37b3ee18ab,6/18(火) 13:21
umatokuh,馬トク報知,【宝塚記念】ソールオリエンスが皐月賞以来Ｖへ　手塚調教師「条件的に京都２２００メートルはいい」,https://news.yahoo.co.jp/articles/72e70bcd5fc9f5c050a63b79fcb1f55cb62e6423,6/18(火) 13:20
umatokuh,馬トク報知,【宝塚記念】ローシャムパーク雨予報は問題なし　田中博調教師「不安材料になることはない」,https://news.yahoo.co.jp/articles/1eb55bb48f964292a90195aeb68053f428bb1cf7,6/18(火) 13:19
umatokuh,馬トク報知,【宝塚記念】大阪杯惜敗２着も非凡なスタミナを証明　イクイノックス世代の“遅れてきた大器”,https://news.yahoo.co.jp/articles/1859847654913a901a4d3bd049a79b4b2d4fd5f7,6/18(火) 7:00
umatokuh,馬トク報知,【宝塚記念】昨年の有馬記念馬がテイエムオペラオーなど４頭しかいない主要４場Ｇ１制覇へ　４年連続Ｇ１制覇とダブル達成なら史上初,https://news.yahoo.co.jp/articles/ab8fac9a9e4b71f123215d576b1ea6a35689cd06,6/18(火) 6:05
umatokuh,馬トク報知,種牡馬マテラスカイが結腸捻転のため１０歳で急死　武豊騎手と重賞２勝のＪＲＡレコードホルダー,https://news.yahoo.co.jp/articles/ce168324e02b1265dd84c4cc7e52b01d95963bc0,6/17(月) 19:41
umatokuh,馬トク報知,【宝塚記念】大阪杯は首差２着　ローシャムパークのＧ１初制覇へ田中博調教師「食い込める能力はある」,https://news.yahoo.co.jp/articles/69a38983f615d537d142347cefe0e6946c74801b,6/17(月) 14:18
umatokuh,馬トク報知,【宝塚記念】ルージュエヴァイユ悲願Ｇ１制覇へ気配上々　黒岩調教師「思い描いた通りに来ている」,https://news.yahoo.co.jp/articles/d651dd73c25db3f9d6587023195fbdb44cb9122f,6/17(月) 13:33
umatokuh,馬トク報知,【宝塚記念】ブローザホーンは悪天候を歓迎　陣営「京都もすごく得意だし、雨が降ってくれたらもっといい」,https://news.yahoo.co.jp/articles/3210c80101d223be73dd05aac11a36266c52f6ca,6/17(月) 13:26
umatokuh,馬トク報知,【宝塚記念・ヤマタケの特注馬】京都は「庭」のブローザホーン　買い材料がそろった今回は絶好機,https://news.yahoo.co.jp/articles/88ea0beb2f52a5b285ea53714a7f7d23fc528ef8,6/17(月) 13:10
umatokuh,馬トク報知,【宝塚記念】ベラジオオペラは肉体面が進化　陣営「かなり（調教を）やって、かなり食わしてます」,https://news.yahoo.co.jp/articles/39af8d07740f4bef8dde478064dae6c531252cf1,6/17(月) 13:08
umatokuh,馬トク報知,【宝塚記念】グランプリ連覇狙うドウデュース　陣営「抜群ですね。動きも素晴らしい」,https://news.yahoo.co.jp/articles/cc5bce57b4676361aac6c7b79994f0e3e30a36a3,6/17(月) 12:58
umatokuh,馬トク報知,【日野特別・角田の特注馬】精鋭ぞろいの３歳ダート路線　全く底を見せないアッシュルバニパルから目が離せない,https://news.yahoo.co.jp/articles/5f3de7bc1fcb1e5a5c413ce1acfff1e0742afdf4,6/17(月) 12:30
umatokuh,馬トク報知,【木屋町特別・水納の特注馬】フレミングフープの連勝に期待　非凡な瞬発力が武器,https://news.yahoo.co.jp/articles/dee7f385c94ecfd300a8e4f4b5dbf9acfd5ca519,6/17(月) 10:10
umatokuh,馬トク報知,【宝塚記念・坂本の特注馬】しまい勝負で巻き返しを狙うソールオリエンスが虎視たんたん　手塚調教師「勝負にいこうと思ってつくっています」,https://news.yahoo.co.jp/articles/0a048c5e8a15a36c1b8d6810c529977fb88fc3c3,6/17(月) 10:00
umatokuh,馬トク報知,【宝塚記念】“弱い”４歳牡馬最後のとりで　ベラジオオペラがＧⅠ連勝に挑む,https://news.yahoo.co.jp/articles/a1bf72bac7cd9759ffece6c3fbf86f3308900945,6/17(月) 7:00
umatokuh,馬トク報知,【マーメイドＳ】特技は「どこでも寝られる」永島まなみが重賞初制覇　バレット務める姉・みなみさん「ホッとした」涙,https://news.yahoo.co.jp/articles/fc6b21555897716c64fc192072247412a1ff857e,6/17(月) 6:00
umatokuh,馬トク報知,【宝塚記念展望】昨年の有馬記念に続くグランプリ連覇を目指すドウデュースが中心,https://news.yahoo.co.jp/articles/3b9346b5c48723039b8b2bb38ee782fc8248b3b6,6/16(日) 21:13
umatokuh,馬トク報知,【マーメイドＳ】１５番人気ファユエンが猛追も馬券圏内に首差の４着　菊沢一樹騎手「すごくいい脚を長く使ってくれた」,https://news.yahoo.co.jp/articles/e98c1ffeee803d249dac84892faf21c5a9127ed5,6/16(日) 17:43
umatokuh,馬トク報知,【マーメイドＳ】３着も格上挑戦ホールネスが食い込む　西塚洸二騎手「位置取りや乗り方が…」と反省,https://news.yahoo.co.jp/articles/18061367c26ae0735b36d24a6e72fd1a4248efbc,6/16(日) 17:33
umatokuh,馬トク報知,【マーメイドＳ】１番人気エーデルブルーメは末脚伸ばすも２馬身差２着　福永師も川田将雅騎手も「今日は勝った馬を褒めるしかないですね」,https://news.yahoo.co.jp/articles/ec4b7158196494880abab5ede1325c4091b10c4d,6/16(日) 17:30
umatokuh,馬トク報知,【マーメイドＳ】トップハンデのミッキーゴージャスは１３着惨敗　浜中俊騎手「最後は脚が上がったし斤量差もあって…」,https://news.yahoo.co.jp/articles/c009987e8ee53b27bc030234d402446c88a2b217,6/16(日) 17:28
umatokuh,馬トク報知,【マーメイドＳ】コスタボニータは出負けして１０着　重賞連勝ならず岩田望来騎手「今日はゲートが全て」,https://news.yahoo.co.jp/articles/0afb49176d5b2758bb1500e226e3a90b44daa469,6/16(日) 17:09
umatokuh,馬トク報知,【マーメイドＳ】永島まなみ騎手の初タイトルに父・太郎調教師も歓喜「素直にうれしかった。それでも、まだまだ」,https://news.yahoo.co.jp/articles/eb21194841014bed827d7a324efa4d331baa8219,6/16(日) 16:44
umatokuh,馬トク報知,番組初登場の美人声優が難解なマーメイドＳの３連単を的中！「美人すぎる」「神馬券師ありがとう」と話題,https://news.yahoo.co.jp/articles/ae16ea109cc4481f17ac1121977d0a0d515eb31d,6/16(日) 16:32
umatokuh,馬トク報知,【東京１１Ｒ・スレイプニルＳ】メイプルリッジがオープン初勝利　三浦皇成騎手「落とせないレースだと思っていた」,https://news.yahoo.co.jp/articles/10f0a7b215bfbd4b561eaa3634d1acf8575a8c36,6/16(日) 16:24
umatokuh,馬トク報知,【函館１１Ｒ・ＵＨＢ杯】永野猛蔵騎手が本日４勝目と絶好調！　１０番人気のマメコをＶへ導く,https://news.yahoo.co.jp/articles/8892799bbf622e4c9ce8c32e2e6c183d6cabc8d3,6/16(日) 16:21
umatokuh,馬トク報知,【マーメイドＳ】永島まなみ騎手がアリスヴェリテで大逃げ「後ろ来ないでくれって」うれしい重賞初Ｖ　ＪＲＡ女性騎手３人目,https://news.yahoo.co.jp/articles/efc8301fbae57ae46b114fca2d13abbf22e6b18f,6/16(日) 16:01
umatokuh,馬トク報知,戸崎圭太騎手が東京１０ＲでＪＲＡ通算１５００勝を達成！　「これからも１つ１つ丁寧に」現役９人目,https://news.yahoo.co.jp/articles/57238158658fb43ea2f9e0e8454343028513036b,6/16(日) 15:55
umatokuh,馬トク報知,【マーメイドＳ】永島まなみ騎手が最軽量ハンデ＆格上挑戦のアリスヴェリテで大逃げ打ち初タイトル　ＪＲＡ女性騎手３人目の快挙,https://news.yahoo.co.jp/articles/8eb4978372f6fb89fc5a7e892f862d2d3ef6f83f,6/16(日) 15:45
umatokuh,馬トク報知,日曜メインレースの注目激走馬…京都１１Ｒマーメイドステークス・Ｇ３,https://news.yahoo.co.jp/articles/c1d06ceced1a17d620b12f00ff4197764e12b4a1,6/16(日) 14:30
umatokuh,馬トク報知,日曜東京競馬場の注目激走馬…東京１１ＲスレイプニルＳ,https://news.yahoo.co.jp/articles/614588ad48cd02877da811885f2a3d0e6b98c56f,6/16(日) 13:56
umatokuh,馬トク報知,【京都５Ｒ・２歳新馬】ソフトバンク柳田は馬主デビュー即Ｖならず　所有馬ゴッドヴァレーは３着,https://news.yahoo.co.jp/articles/4b26fc485791de852e5fc3ca9d0c16e149519fae,6/16(日) 13:53
umatokuh,馬トク報知,前日に顔面負傷の古川奈穂騎手は「鼻骨と、頬の両側を骨折」矢作調教師が説明,https://news.yahoo.co.jp/articles/3e6eb61a12b803161e0a9400979a51062e4371ab,6/16(日) 13:44
umatokuh,馬トク報知,【東京５Ｒ・２歳新馬】キングマン産駒プリティディーヴァが１番人気に応える　ルメール騎手「伸びしろがあります」,https://news.yahoo.co.jp/articles/563c7f8db4ead8b66a85301c03bab643cdd78039,6/16(日) 13:19
umatokuh,馬トク報知,【京都５Ｒ・２歳新馬】バゴ産駒トータルクラリティがＶ　北村友一騎手「内容の濃いレースができた」,https://news.yahoo.co.jp/articles/814d7e0672d6843aa2f1b484bc9b25b85f53fd83,6/16(日) 13:15
umatokuh,馬トク報知,【函館５Ｒ・２歳新馬】ニシノラヴァンダが４馬身差の逃走劇　永野猛蔵騎手は早くも本日の３勝目！,https://news.yahoo.co.jp/articles/debc5a14129c4bc1718fc88bbf1eb80290595ec4,6/16(日) 13:02
umatokuh,馬トク報知,【東京３Ｒ・３歳未勝利】素質馬オオタニサーンが過去５年最速タイの１分２４秒２で勝利　三浦皇成騎手「完勝です」,https://news.yahoo.co.jp/articles/1a9f2676120790a647ff56887889d5640699d6a0,6/16(日) 12:24
umatokuh,馬トク報知,２０２０年新潟２歳Ｓ勝ち馬ショックアクションが右第１趾骨を剥離骨折　ＪＲＡ発表,https://news.yahoo.co.jp/articles/dc66fb74dbca0737b79cd11a16108115523eaa07,6/16(日) 10:51
umatokuh,馬トク報知,【米子Ｓ】トゥードジボン影すら踏ませず逃げ切り　四位調教師「チャンピオンを目指して使っていきます」,https://news.yahoo.co.jp/articles/3409a91d717b3d5e3b8c341bf07b4bb27b0331bf,6/16(日) 6:00
umatokuh,馬トク報知,【マーメイドＳ】超荒れる牝馬同士のハンデ戦　前日最終オッズで１番人気は重賞初挑戦の馬,https://news.yahoo.co.jp/articles/9ab40b4938bcac8f3196a5e0f64f31fa1a3296c0,6/15(土) 17:59
umatokuh,馬トク報知,斎藤新騎手が函館６Ｒで落馬負傷　１６日は全５鞍が乗り替わり,https://news.yahoo.co.jp/articles/56a3ab2e5ad6d8af6827404804ee19e7cfcd26c9,6/15(土) 17:46
umatokuh,馬トク報知,古川奈穂騎手が函館８Ｒのゲート内で顔面負傷　１６日は全３鞍が乗り替わり,https://news.yahoo.co.jp/articles/cf1490414d7ec797d5e9422e185ca10f58bf7baa,6/15(土) 17:40
umatokuh,馬トク報知,【東京１１Ｒ・多摩川Ｓ】ミシシッピテソーロがオープン入り　木幡巧也騎手「どこからでも競馬できるのが強み」,https://news.yahoo.co.jp/articles/043fb40b112f1ea07cafe0d7865f66de9970df06,6/15(土) 16:28
umatokuh,馬トク報知,【宝塚記念】ブローザホーンが坂路を力強く登坂　併走遅れにも吉岡調教師「状態はすごくいい」,https://news.yahoo.co.jp/articles/50ae373e6983f0c17b81a8ab3356f4afcb0fcab6,6/15(土) 16:23
umatokuh,馬トク報知,【京都１１Ｒ・米子Ｓ】サマーマイルシリーズ開幕戦はトゥードジボンが制す　松山弘平騎手「強い競馬をしてくれる」,https://news.yahoo.co.jp/articles/710f16a64ae9de03b57bc7c81235d66330eeb01b,6/15(土) 16:15
umatokuh,馬トク報知,【函館１１Ｒ・ＳＴＶ杯】武豊騎手この日３勝目　レッドアヴァンティで豪快に差し切り「折り合いバッチリ」,https://news.yahoo.co.jp/articles/cc6251ab5a61df6e92e0022cd644481def50770f,6/15(土) 16:06
umatokuh,馬トク報知,柴田善臣騎手が東京８ＲでＪＲＡ最年長勝利記録を更新　５７歳１０か月１７日　大竹調教師「さすがだなと思います」,https://news.yahoo.co.jp/articles/e0e1c7d6052c490854cd06c773b59b6654088698,6/15(土) 14:56
umatokuh,馬トク報知,土曜メインレースの注目激走馬…京都１１Ｒ米子ステークス（Ｌ）,https://news.yahoo.co.jp/articles/68268e8a20fbbd7ec2cb86d95c8b26e60d90f455,6/15(土) 14:23
umatokuh,馬トク報知,【東京６Ｒ・２歳新馬】新種牡馬ナダルやっべぇぞ！　クレーキングで産駒３勝目＆ワンツー決着,https://news.yahoo.co.jp/articles/46c264412c91dafb98832a2d855124d4f73bd98e,6/15(土) 14:04
umatokuh,馬トク報知,土曜東京競馬場の注目激走馬…東京１１Ｒ多摩川ステークス,https://news.yahoo.co.jp/articles/b485264f64cfd9769019a34470173ecd5c89dd13,6/15(土) 13:43
umatokuh,馬トク報知,【函館６Ｒ・２歳新馬】武豊騎手がリリーフィールドでＶ「いいフットワーク」　モズアスコットは産駒初勝利,https://news.yahoo.co.jp/articles/c27553c88f41a8765916414bceb5217602eb1661,6/15(土) 13:33
umatokuh,馬トク報知,【京都５Ｒ・２歳新馬】現２歳初のダート戦はハッピーマンが圧勝　坂井瑠星騎手「結果も内容も良かった」,https://news.yahoo.co.jp/articles/76d26e018e956169e099b7f517135cf86bba1617,6/15(土) 13:25
umatokuh,馬トク報知,【東京５Ｒ・２歳新馬】６番人気ショウナンマクベスが逃げ切り　岩田康誠騎手「最後は後ろが来るだけ反応してくれた」,https://news.yahoo.co.jp/articles/fc9166ad3c538db770faa2ee85bf143ec9818941,6/15(土) 13:17
umatokuh,馬トク報知,【函館５Ｒ・２歳新馬】叔父にシルバーステートの良血ヴーレヴー白星発進　浜中俊騎手「期待通りの走り」,https://news.yahoo.co.jp/articles/6816b09fd4f1b382dca20638043b7265ad2f33cc,6/15(土) 13:13
umatokuh,馬トク報知,【函館３Ｒ・３歳未勝利】藤田菜七子騎手が逃走劇で函館初勝利　「函館で勝つことができてうれしいです」,https://news.yahoo.co.jp/articles/9d2ab23950090feb7cd22de4ff6be442b927b65a,6/15(土) 11:46
umatokuh,馬トク報知,【マーメイドＳ】逃げて２連勝のベリーヴィーナスが展開のカギ握る　陣営「ゲートは失敗したことがない」,https://news.yahoo.co.jp/articles/cb37459ee557c374a3ae826eff657d13cd35d059,6/15(土) 9:48
umatokuh,馬トク報知,【マーメイドＳ】コスタボニータが重賞連勝を狙う　杉山佳調教師「体が膨らんできた」,https://news.yahoo.co.jp/articles/1bcb1e6e6f908459b79925afeca67f5a0949bab6,6/15(土) 9:46
umatokuh,馬トク報知,【ＰＯＧ】ヴァルキリーバースが２３日の東京・芝１６００メートルでデビュー　田中博師「頭がいい馬」,https://news.yahoo.co.jp/articles/409519daa81209739fd753fb3878bb7bded8845c,6/14(金) 12:36
umatokuh,馬トク報知,日本ダービー馬のダノンデサイルが９位にランクイン　ロンジンワールドベストレースホースランキング中間発表,https://news.yahoo.co.jp/articles/019c2838a8b9950746548f8087debec4967e5573,6/14(金) 12:19
umatokuh,馬トク報知,【注目馬動向】２０２２年の秋華賞馬スタニングローズはクイーンＳで復帰　前走ヴィクトリアマイルは９着,https://news.yahoo.co.jp/articles/c8fa94d46ac324281a96bae74384b2ee82fb7c49,6/14(金) 12:18
umatokuh,馬トク報知,【注目馬動向】桜花賞馬でオークス２着のステレンボッシュは秋華賞へ直行,https://news.yahoo.co.jp/articles/f62ae5b408e179eb07a34e33393e0108d516aaaa,6/14(金) 12:13
umatokuh,馬トク報知,【ＰＯＧ】１５日に函館でデビューのヴーレヴーは２週続けて好調教　叔父は現種牡馬のシルバーステート,https://news.yahoo.co.jp/articles/771475df0cb4abbe3fc63b8f4d2f47d9a3442eaf,6/14(金) 11:39
umatokuh,馬トク報知,【マーメイドＳ】７番枠に決まったマリネロは一発ムードが漂う　嘉藤調教師「具合は良さそう」,https://news.yahoo.co.jp/articles/ffd452b1e85806ea48ab388a7ea2111033987c06,6/14(金) 11:35
umatokuh,馬トク報知,【ＳＴＶ杯】母と姉が重賞ウィナーのサウンドクレアは一変に注意　鮫島克駿騎手「具合は本当にいい」,https://news.yahoo.co.jp/articles/9a8d0a17e171361ce6132eab7a84d677186dfdd8,6/14(金) 11:32
umatokuh,馬トク報知,【注目馬動向】２３年エリザベス女王杯の勝ち馬・ブレイディヴェーグは新潟記念で復帰,https://news.yahoo.co.jp/articles/e7e66857c297ce5070c7e583d14c00c9d02bb470,6/14(金) 11:20
umatokuh,馬トク報知,【注目馬動向】桜花賞、ＮＨＫマイルＣで２着のアスコリピチェーノは京成杯オータムＨへ,https://news.yahoo.co.jp/articles/14bb18a18a1e69712dd04793b5712c59ce0539e0,6/14(金) 11:15
umatokuh,馬トク報知,【ＰＯＧ】ファルコンＳ覇者ダノンマッキンリーの半妹デアマトローナが２２日の東京・芝１４００メートルでデビュー,https://news.yahoo.co.jp/articles/04f66814615d98d8e06bd61cf177f201fc6096bc,6/14(金) 11:08
umatokuh,馬トク報知,藤田菜七子騎手は土日計５鞍に騎乗　土曜函館３Ｒのサンマルブーケは「１０００メートルにも対応できる」,https://news.yahoo.co.jp/articles/c4021cfcf44c084d39f520c631d147a47de66534,6/14(金) 11:00
umatokuh,馬トク報知,【マーメイドＳ】エリカヴィータは復調気配　国枝調教師「完成の域に入りつつあるね」,https://news.yahoo.co.jp/articles/1327ee17727a62db328dd5cdc4b5f55b34b6c705,6/14(金) 10:45
umatokuh,馬トク報知,【マーメイドＳ】ミッキーゴージャスは２枠４番　永島まなみ騎手のアリスヴェリテは７枠１３番,https://news.yahoo.co.jp/articles/dec0e96ed50b95f3f709cf57fd57ec96a9425187,6/14(金) 10:42
umatokuh,馬トク報知,【注目馬動向】ウイングレイテストは夏のスプリント王を目指してアイビスＳＤへ,https://news.yahoo.co.jp/articles/4b074b67ebada380dd47af5208947d3c6f534076,6/14(金) 10:25
umatokuh,馬トク報知,【米子Ｓ】ノーブルロジャーがシンザン記念を制した京都マイルで反撃　吉岡調教師「改めて期待したい」,https://news.yahoo.co.jp/articles/9cb3899c916e7dd43f1666362458c525d35e156b,6/14(金) 10:03
umatokuh,馬トク報知,【注目馬動向】関東オークスを制したアンデスビエントはマリーンＣへ　前走は７馬身差の圧勝,https://news.yahoo.co.jp/articles/bcca9ba3d7462892f70372178efeefb84ad4f92b,6/14(金) 9:19
umatokuh,馬トク報知,【宝塚記念】プラダリア力強く加速　重賞２戦２勝相性抜群の京都でビッグタイトルに挑む,https://news.yahoo.co.jp/articles/c1acc7b7f202effa994c56c04a28a007e8929804,6/14(金) 6:30
umatokuh,馬トク報知,【マーメイドＳ】今年女性トップ１８勝騎手がアリスヴェリテで１０度目の重賞挑戦,https://news.yahoo.co.jp/articles/9518adf65a7d78dfe32c04ffa68e7653cb80ce77,6/14(金) 6:00
umatokuh,馬トク報知,１９年函館ＳＳの覇者カイザーメランジェが競走馬登録を抹消　地方競馬へ移籍,https://news.yahoo.co.jp/articles/c69e87e0abd4e1e2a2fc5050033ec86482632175,6/13(木) 17:55
umatokuh,馬トク報知,藤田菜七子騎手２度目のシャーガーＣ参戦　剛腕女性騎手と同チーム「光栄。優勝を狙えるように頑張りたい」,https://news.yahoo.co.jp/articles/74501a48c7dab6b0fea39323888e9ca18f443498,6/13(木) 17:39
umatokuh,馬トク報知,【ＰＯＧ】仏２歳Ｇ１馬を近親に持つプリティディーヴァ今週デビュー　陣営「直線長いコースは向くと思う」,https://news.yahoo.co.jp/articles/e51ece41c342759036ef1682e832ab7c654b0018,6/13(木) 16:47
umatokuh,馬トク報知,【注目馬動向】ウィリアムバローズは日本テレビ盃で復帰へ　秋はチャンピオンズＣが大目標,https://news.yahoo.co.jp/articles/b32d062997fab15ba169d698367d2a1d3e9d3b95,6/13(木) 16:24
umatokuh,馬トク報知,【ＰＯＧ】ドバイＷＣ覇者ウシュバテソーロ半妹ツインピークス陣営「軽い走りをする馬で芝は合うと思う」,https://news.yahoo.co.jp/articles/5894f809fde0240023d8c999a4eef32ee519e5f3,6/13(木) 16:19
umatokuh,馬トク報知,重賞初制覇の田口貫太騎手に栗東は祝福ムード「素直にうれしいです。今度は中央での重賞を」,https://news.yahoo.co.jp/articles/8b08612e9c1949aba79ab52b083113db7bb7833f,6/13(木) 15:55
umatokuh,馬トク報知,【ＰＯＧ】クイーンＣ勝ち馬が母のドゥカートがスタンバイ　宮田調教師「弾みがあっていい馬」,https://news.yahoo.co.jp/articles/b31eb9937c3a7e01e03dbe797e55fe21e30a49f5,6/13(木) 15:43
umatokuh,馬トク報知,【ＰＯＧ】きょうだいに活躍馬多数のオーケースマイル　相沢調教師「ゲートはすごく速い」今週東京デビュー,https://news.yahoo.co.jp/articles/031e9f5cabf41dfadbd5f600b2dd6f6d3adb88c2,6/13(木) 15:31
umatokuh,馬トク報知,【ＰＯＧ】洋芝にめっぽう強い血統のドゥアムール　兄と姉は函館２歳Ｓの覇者,https://news.yahoo.co.jp/articles/96484de5e7ee2c533e895c6ba7b9c3d3c78f9de9,6/13(木) 14:54
umatokuh,馬トク報知,【ＰＯＧ】Ｇ１馬の半弟ケイアイブイスリーは来週の京都・芝１４００メートルでデビュー　鞍上は坂井瑠星騎手,https://news.yahoo.co.jp/articles/db99bf2b30da888bb7e10087e4ee82bcc9a51278,6/13(木) 13:56
umatokuh,馬トク報知,【ＰＯＧ】新種牡馬ゴールドドリーム産駒の姿に記者もひと目ぼれ　ゴールドシリカ陣営「かわいくて美人さん」,https://news.yahoo.co.jp/articles/a77f6ec0371c203b90a52151108b827d4792323a,6/13(木) 13:54
umatokuh,馬トク報知,【宝塚記念】ディープボンドはダイナミックな伸び脚で好時計　幸英明騎手「前回と遜色なく、今回もいい」,https://news.yahoo.co.jp/articles/d8ff10cd1b43cb78f3b0929ff338ea0f464ac581,6/13(木) 13:08
umatokuh,馬トク報知,【さきたま杯】レモンポップ抜群７９秒７　坂井瑠星騎手「一番の敵はコース形態。スムーズなら」,https://news.yahoo.co.jp/articles/1059ff46186ce393b2c76c0e01b407dda87f4976,6/13(木) 13:06
umatokuh,馬トク報知,【川崎のエース山崎・スマイル誠士】叩いた上積み見込めるデルマニンフ（９Ｒ）は今度こそ,https://news.yahoo.co.jp/articles/231b268d27d8baefb1a22a049155b5eabede88e0,6/13(木) 13:00
umatokuh,馬トク報知,【マーメイドＳ】アリスヴェリテ力強く登坂５１秒８　初コンビ永島まなみ騎手「軽ハンデを生かして」,https://news.yahoo.co.jp/articles/26cebe515cf345dc3db9860d0497d60de54622d3,6/13(木) 11:58
umatokuh,馬トク報知,【ＰＯＧ】叔父サリオス、叔母サラキアの良血サラコスティは来週デビュー　池添調教師「乗っていて、気持ちいいですね」,https://news.yahoo.co.jp/articles/2a4f8b4fd47ed672c38c5dea9f5489932f6884e4,6/13(木) 11:20
umatokuh,馬トク報知,【園田・人気ジョッキーは語る】ルクスランページ（１１Ｒ）で重賞制覇を目指す杉浦健太騎手「内枠はいい」,https://news.yahoo.co.jp/articles/161b6d59519839dd4fcb773590469d6f18719dab,6/13(木) 9:30
umatokuh,馬トク報知,【マーメイドＳ】ダービーＶ安田翔伍厩舎、名牝の娘ミッキーゴージャス上昇,https://news.yahoo.co.jp/articles/807ddaa8c0966d52b3dba430e839e0074a727174,6/13(木) 7:00
umatokuh,馬トク報知,【米子Ｓ】アスクコンナモンダ軽快！サマーマイルＳ開幕戦「間に合った」,https://news.yahoo.co.jp/articles/a847f095bcc27edfc6ee976faf8203f97299e6c6,6/13(木) 7:00
umatokuh,馬トク報知,【宝塚記念】「調教だけでお金取れる」武豊ドウデュース超抜時計,https://news.yahoo.co.jp/articles/a248ccedf4da755cabdbd26c45571fc48c26e5e5,6/13(木) 6:00
umatokuh,馬トク報知,【関東オークス】船橋のミスカッレーラが地方馬最高の２着　御神本訓史騎手「復調の兆しは感じられた」,https://news.yahoo.co.jp/articles/389bbd8aa2ef112df0ec4128c3aa04ae4e77815e,6/12(水) 21:23
umatokuh,馬トク報知,【関東オークス】２年目の田口貫太騎手が重賞初Ｖ　アンデスビエントで逃げ切り３歳砂の女王に導く,https://news.yahoo.co.jp/articles/464199e026d237befd558ccc6c61640081cfef24,6/12(水) 20:29
umatokuh,馬トク報知,２０２１年アメリカＪＣＣ覇者のアリストテレスが登録抹消　阪神競馬場で乗馬へ,https://news.yahoo.co.jp/articles/bc409b17bc9c8edabae746429ee2445c3d5ccc03,6/12(水) 17:24
umatokuh,馬トク報知,２１年ＪＢＣ２歳優駿制覇のアイスジャイアントが登録抹消　千葉で乗馬に,https://news.yahoo.co.jp/articles/9c17c9b9bf0b7e554f32cc5d7a5079c3ded17329,6/12(水) 16:52
umatokuh,馬トク報知,【宝塚記念】ソールオリエンスがラスト１０秒８で最先着　手塚調教師「しまいだけしっかりと伸ばす感じ」,https://news.yahoo.co.jp/articles/f5a71b7bddbc52fbc63ccea28b412da9e8465d36,6/12(水) 15:03
umatokuh,馬トク報知,【マーメイドＳ】エリカヴィータがＷコースで素軽く併入　陣営「動きに関しては抜群」,https://news.yahoo.co.jp/articles/d74035fb06675533ac2b12e1b323ae83db5ddf65,6/12(水) 14:55
umatokuh,馬トク報知,【マーメイドＳ】ミッキーゴージャスは坂路で５７秒５　安田調教師「オーバーワークになりたくなかった」,https://news.yahoo.co.jp/articles/63d660d2265db2cdf98f37c8f28de2b875db0888,6/12(水) 14:09
umatokuh,馬トク報知,【宝塚記念】Ｇ１連勝を狙うベラジオオペラが伸び脚豪快　上村調教師自ら騎乗し「あれだけ動ければ十分」,https://news.yahoo.co.jp/articles/7e1d857302f3cfdcf4385359ce502e051dfd6e10,6/12(水) 13:55
umatokuh,馬トク報知,【宝塚記念】大阪杯２着のローシャムパークが１週前追い切りで一番時計　戸崎圭太騎手「前回と比べても遜色ない」,https://news.yahoo.co.jp/articles/f79112a1484e74919f1b187562a46597491a1d1d,6/12(水) 13:43
umatokuh,馬トク報知,【マーメイドＳ】エーデルブルーメに福永調教師が自ら騎乗で力強い伸び脚　重賞初制覇へ「順調にきているよ」,https://news.yahoo.co.jp/articles/ae7155afb8d8131a8f25b71f5ef584dba1f002cb,6/12(水) 13:28
umatokuh,馬トク報知,【ＰＯＧ】チギリは実戦のような追い切りで好仕上がり　陣営「スピードがあって１２００メートルは合いそう」,https://news.yahoo.co.jp/articles/841cdc04d274f30e8b1fddff7983914c235e727b,6/12(水) 13:14
umatokuh,馬トク報知,【ＰＯＧ】優秀な母系のスリーピースは１６日・函館５Ｒでデビューへ　武井調教師「動きや能力通りなら勝ち負け」,https://news.yahoo.co.jp/articles/178af572dc547b318030092b0bcfa7ec32f2d5eb,6/12(水) 13:06
umatokuh,馬トク報知,【注目馬動向】三宮Ｓで７馬身差圧勝のオメガギネスが放牧へ　大和田調教師「もともとソエを気にしていたので」,https://news.yahoo.co.jp/articles/d786c08dcd42ea31950735eb45035c141149e6b4,6/12(水) 13:05
umatokuh,馬トク報知,【川崎のエース山崎・スマイル誠士】キタノトパーズ（７Ｒ）はラストの破壊力が抜群,https://news.yahoo.co.jp/articles/7fd2d5b8b8bec4c7c845b4970d0d263e051f5a6d,6/12(水) 13:00
umatokuh,馬トク報知,【注目馬動向】右前浅屈腱炎で休養中のジャックドールは経過順調　藤岡調教師「秋に間に合えばいいね」,https://news.yahoo.co.jp/articles/fcf8150bc880c469ebc623939cf9d706d8fb54cb,6/12(水) 12:56
umatokuh,馬トク報知,【宝塚記念】松島正昭オーナーがドウデュースの１週前追い切りを視察　猛時計に「すごかったな」,https://news.yahoo.co.jp/articles/881b0be161c49b5a4c3fe8d04d90f1aa12e34e90,6/12(水) 12:40
umatokuh,馬トク報知,【ＵＨＢ杯】スカイロケットはオープン馬相手に楽々と先着　佐々木大輔騎手「この感じなら洋芝も問題ない」,https://news.yahoo.co.jp/articles/8bbfe54ebc7ffbc06919b7796bc327876a792739,6/12(水) 11:55
umatokuh,馬トク報知,【宝塚記念】ドウデュース１週前追い切りで超抜時計！ ラスト１０秒８に武豊騎手「調教だけでお金を取れる馬」,https://news.yahoo.co.jp/articles/c02180f4e5cf649eb780870f0b3e28494fc0dc7a,6/12(水) 11:48
umatokuh,馬トク報知,競馬界＆球界の大物コンビが早くも実現　柳田悠岐選手が馬主のセイフウサツキが武豊騎乗で３０日の函館デビューへ,https://news.yahoo.co.jp/articles/6ddd93811972cf1a4a06be0ced5f5f33382f027a,6/12(水) 11:42
umatokuh,馬トク報知,【こちら日高支局です・古谷剛彦】ヨカヨカやイロゴトシの活躍で注目度アップの九州１歳市場,https://news.yahoo.co.jp/articles/526fa22f2061a9fb9508bcd4f6a3290fa2c1fa8e,6/12(水) 10:30
umatokuh,馬トク報知,【園田・人気ジョッキーは語る】メトセラ（１１Ｒ）で一発狙う鴨宮祥行騎手「休養前よりも状態は良さそう」,https://news.yahoo.co.jp/articles/5c7e9890ac58ac4c96693ce45a25e1e8fe6644e8,6/12(水) 9:30
umatokuh,馬トク報知,【米子Ｓ】夏マイルで巻き返し狙う３歳馬　シンザン記念Ｖと同じ舞台に、陣営「古馬相手でも楽しみ」,https://news.yahoo.co.jp/articles/6f3b2f22331dade87646115809cbd3aa60ede104,6/12(水) 7:30
umatokuh,馬トク報知,ルーキーの長浜鴻緒騎手が函館で奮闘中　津軽海峡の先にある故郷・青森へ活躍届け続ける,https://news.yahoo.co.jp/articles/2297281889c8dfe50f6f883f8d8a0029a76c275f,6/12(水) 7:00
umatokuh,馬トク報知,【マーメイドＳ】０８年に３連単１９３万円超も出た「荒れるハンデ戦」　斤量５２キロ＆３連勝中の素質馬が穴を開けるか,https://news.yahoo.co.jp/articles/cee5b53ab911ebad1de6d4695103e86dca4121ef,6/12(水) 6:10
umatokuh,馬トク報知,【ＰＯＧ】ローレルゼロは希少なブルドッグボス産駒　走りや普段の様子はあの競馬漫画の主人公にそっくり！？,https://news.yahoo.co.jp/articles/32937d0571509190b3922b59143d25cc5dd1c865,6/11(火) 16:30
umatokuh,馬トク報知,ケンタッキーダービーを終えた矢作調教師から聞いた忘れられないひと言,https://news.yahoo.co.jp/articles/fe38217f869b61d6951025d3479200e8b369185d,6/11(火) 16:00
umatokuh,馬トク報知,【マーメイドＳ】復活星を狙うエリカヴィータは落ち着いた雰囲気　陣営「もう少しやれる雰囲気は…」,https://news.yahoo.co.jp/articles/0f7ab89cf9f0aad23b2d543f6314cb0204f9d692,6/11(火) 14:38
umatokuh,馬トク報知,【ＰＯＧ】ウシュバテソーロの半妹ツインピークスが東京・芝１４００で初陣へ　兄との共通点は我の強さ,https://news.yahoo.co.jp/articles/3d3825a2f76ef0582a4fa89664d845be5c6c066e,6/11(火) 13:36
umatokuh,馬トク報知,【注目馬動向】テンハッピーローズは米ブリーダーズＣマイルが目標　高柳大調教師「国内で１回使って目指したい」,https://news.yahoo.co.jp/articles/c530edc63e5a9c205048d3b36c888400b3d0d762,6/11(火) 13:32
umatokuh,馬トク報知,【ＰＯＧ】叔父が２歳ダート重賞Ｖのラーナローザ　陣営「パワーがあって、いいモノは持っています」,https://news.yahoo.co.jp/articles/fd3937eec940dee6185c107a69bf1290d52b3e90,6/11(火) 13:05
umatokuh,馬トク報知,【マーメイドＳ】デビュー１年で美浦から栗東に移籍した西塚洸二騎手　反省も胸にホールネスで恩返しＶ狙う,https://news.yahoo.co.jp/articles/6e9e7f9b64058c83a1c6a2c69e6815610f1bfb66,6/11(火) 12:01
umatokuh,馬トク報知,１月の落馬負傷で休業していた小林脩斗騎手が調教騎乗を再開　早ければ来週の東京開催で実戦へ,https://news.yahoo.co.jp/articles/31d246f92686d9e66936be48c370730860e8baab,6/11(火) 10:44
umatokuh,馬トク報知,【マーメイドＳ】２２年フローラＳの覇者が完全復活の兆し　国枝調教師「調子も良さそう」,https://news.yahoo.co.jp/articles/3eb42f279bda908ea35a476b64257cda6a65f2ba,6/11(火) 6:00
umatokuh,馬トク報知,【米子Ｓ】昨年の勝ち馬がサマーマイルシリーズ今年もフル参戦で史上初の連覇目指す,https://news.yahoo.co.jp/articles/10894034911cb4e42cbda4eb4633d160aaa39373,6/11(火) 6:00
umatokuh,馬トク報知,【マーメイドＳ】重賞連勝を狙うコスタボニータは京都開催を歓迎　杉山佳調教師「機動力があります」,https://news.yahoo.co.jp/articles/7ce34c65f8e3755e10a6b73817a602eafad5b903,6/10(月) 19:12
umatokuh,馬トク報知,【注目馬動向】兵庫で重賞３勝のベラジオソノダラブが栗東入厩　芝の福島テレビオープンを目標に調整,https://news.yahoo.co.jp/articles/dcb6b935f88c3e7a5a29fc6d5a3196b6e4613762,6/10(月) 19:08
umatokuh,馬トク報知,【マーメイドＳ】良血ミッキーゴージャスが重賞２勝目を狙う　安田調教師「気分を優先させる調教を」,https://news.yahoo.co.jp/articles/4d19acf6677ca686faaf87a15b1ef2465fe4abd1,6/10(月) 17:37
umatokuh,馬トク報知,【マーメイドＳ】Ｇ２勝ち馬エリカヴィータが復活の兆し　国枝調教師「体はひと回りしっかりしてきていいと思う」,https://news.yahoo.co.jp/articles/8c7a48cd5a7871fb4acce739cad5ffae19cbaed1,6/10(月) 16:45
umatokuh,馬トク報知,【川崎のエース山崎・スマイル誠士】最内枠のギンザターゲット（２Ｒ）は発馬を決めたい,https://news.yahoo.co.jp/articles/d6f2d1990ffc00aa7ab965d59fedea220bb49e2f,6/10(月) 13:00
umatokuh,馬トク報知,【函館新馬戦・松末の特注馬】チギリは初戦から勝負気配　鹿戸調教師「スタートを五分に出られれば」,https://news.yahoo.co.jp/articles/36636d007d162ce39a67a5dc123228c0c05c66e8,6/10(月) 12:00
umatokuh,馬トク報知,【マーメイドＳ・山下の特注馬】本格化したエーデルブルーメに期待　福永厩舎の重賞初Ｖへ,https://news.yahoo.co.jp/articles/d71407f4f0d59ffd8732fcf53893062b77540018,6/10(月) 11:40
umatokuh,馬トク報知,【マーメイドＳ・玉木の特注馬】１週前追い切りで好時計をマークしたタガノパッション　武幸調教師「牝馬同士なら」,https://news.yahoo.co.jp/articles/02c6a97ee9e0fa5e9d05bf41e877206f204f6efd,6/10(月) 11:20
umatokuh,馬トク報知,【三浦特別・イシゴーの特注馬】フローラＳ３着カニキュル　５３キロなら古馬初対戦も突破できる器,https://news.yahoo.co.jp/articles/74fa2112cf4f4fa62c7a66efeb69a273a37ca1f6,6/10(月) 11:00
umatokuh,馬トク報知,【函館スプリントＳ】生粋の短距離血統サトノレーヴが重賞初Ｖ　５歳馬でもキャリア８戦で伸びしろ十分,https://news.yahoo.co.jp/articles/bfa44c5df5bbbabc3e871de85cf82c59086b3053,6/10(月) 6:30
umatokuh,馬トク報知,【エプソムＣ】レーベンスティールが別次元の走りで「香港ショック」乗り越え復活Ｖ「勝つ自信がありました」鞍上のルメールは重賞１５０勝目,https://news.yahoo.co.jp/articles/c3273b6e7964f3c17c2e763f5b47f0b35e9539df,6/10(月) 6:00
umatokuh,馬トク報知,【マーメイドステークス展望】福島牝馬ステークスを勝って挑むコスタボニータが中心,https://news.yahoo.co.jp/articles/a4b7c2f8017756c1535f8960f461e9303d1fdcaa,6/9(日) 20:55
umatokuh,馬トク報知,粗品、新企画のＷＩＮ５は早くも撤退宣言！？１つ外しの惜しい予想にも「的中してもトリガミ」「１番人気買ってて必死すぎ」,https://news.yahoo.co.jp/articles/9f24454ce3030a38fcc95aad3260c13c4f72906b,6/9(日) 19:45
umatokuh,馬トク報知,【函館スプリントＳ】プレゼンターの佐々木蔵之介「自然を感じられる非常に気持ちの良い空間」,https://news.yahoo.co.jp/articles/918d723c9adcff7f6e7ac043a2eb9c438132f519,6/9(日) 17:48
umatokuh,馬トク報知,【エプソムＣ】サイルーン４着　岩田望来騎手「１６００メートルがベストじゃないか」,https://news.yahoo.co.jp/articles/0da8cfb544e71281bea86ae9e4b5d0d135317453,6/9(日) 17:38
umatokuh,馬トク報知,【エプソムＣ】シルトホルン２番手からしぶとく３着確保　吉田豊騎手「上位が強かった」,https://news.yahoo.co.jp/articles/c0fad8b367d5300648df30887932459618f095e7,6/9(日) 17:37
umatokuh,馬トク報知,【エプソムＣ】１年２か月ぶりヴェルトライゼンデは９着　戸崎圭太騎手「追ってからが…」,https://news.yahoo.co.jp/articles/d06caf9e30da9b5fb5af8748060395a8b8b948f7,6/9(日) 17:36
umatokuh,馬トク報知,【エプソムＣ】ニシノスーベニア、強い勝ち馬に食い下がって２着　初重賞制覇まであと一歩も,https://news.yahoo.co.jp/articles/a06dcb1fb40c394fc73bbc65f0f2e299cd8da3d3,6/9(日) 17:30
umatokuh,馬トク報知,【三宮Ｓ】オメガギネスが貫禄の７馬身差Ｖ,https://news.yahoo.co.jp/articles/331a849441500e5fd55175e5ecd4e5156ca6143a,6/9(日) 17:30
umatokuh,馬トク報知,【函館スプリントＳ】ウイングレイテスト正攻法で２着　初１２００メートルも５９キロも洋芝もクリア,https://news.yahoo.co.jp/articles/a9a6ad3d6d0224d15bd636fc60d1f873654c3960,6/9(日) 17:12
umatokuh,馬トク報知,【函館スプリントＳ】スムーズに運んで迫るもビッグシーザー３着　坂井瑠星騎手「枠の分でしょうね」,https://news.yahoo.co.jp/articles/fbced8f45cb351933b3a0e181171afb48c6352fd,6/9(日) 17:10
umatokuh,馬トク報知,【函館スプリントＳ】ゾンニッヒは外から猛追も６着まで　武豊騎手「内枠だったら…」,https://news.yahoo.co.jp/articles/e4233cab306b4fdc28916594e5a738a5ebb1c46a,6/9(日) 17:06
umatokuh,馬トク報知,【函館スプリントＳ】１番人気アサカラキング短距離戦で初めて崩れる　斎藤新騎手「妙に折り合いが…」,https://news.yahoo.co.jp/articles/06e1f75a79089c9d1ad6e2f0011612fef84a39e0,6/9(日) 17:04
umatokuh,馬トク報知,【エプソムＣ】さすがのルメール騎手でレーベンスティール完勝　初コンビで鮮やか重賞２勝目,https://news.yahoo.co.jp/articles/0df076eeaedd644ded89894b2534b9b3fc76d6a1,6/9(日) 16:02
umatokuh,馬トク報知,【函館スプリントＳ】サトノレーヴ８戦目で重賞初制覇　浜中俊騎手「競馬センスのいい馬」,https://news.yahoo.co.jp/articles/f9e7cab7e63cb1dc3375e164cd329adaaa0e7bc2,6/9(日) 15:35
umatokuh,馬トク報知,日曜メインレースの注目激走馬…東京１１Ｒエプソムカップ・Ｇ３,https://news.yahoo.co.jp/articles/09caf806e840816326ddc1a1f91ee072c252943b,6/9(日) 14:23
umatokuh,馬トク報知,「リスグラシュー一族対決」は弟が息子に鼻差に勝ち　エボルヴィングが京都６Ｒで初勝利,https://news.yahoo.co.jp/articles/21faa5157000d010dcb5cf9fbd3f5f725db0a42e,6/9(日) 14:10
umatokuh,馬トク報知,日曜函館競馬場の注目激走馬…函館１１Ｒ函館スプリントステークス・Ｇ３,https://news.yahoo.co.jp/articles/03538fd243437644bc2d986a797fe7ea27a957e1,6/9(日) 13:47
umatokuh,馬トク報知,【東京５Ｒ・２歳新馬】クロワデュノールがアルレッキーノを競り落とし２馬身半差の快勝　後続に４馬身差,https://news.yahoo.co.jp/articles/7392cb389ccb7e75d341b2c67f156341bb94d1db,6/9(日) 13:27
umatokuh,馬トク報知,【京都５Ｒ】新種牡馬ナダル産駒が連日の勝利　ポートデラメールに団野大成騎手「上積みは十分あります」,https://news.yahoo.co.jp/articles/8417994a869886f93523192cd3126fed2b9dfbae,6/9(日) 13:22
umatokuh,馬トク報知,【函館５Ｒ・２歳新馬】８番人気エメラヴィが抜け出してＶ　横山武史騎手「すごくいいレースができました」,https://news.yahoo.co.jp/articles/531fc54fe0ece882b934454c5a4aa5ee6fe8f4a7,6/9(日) 12:43
umatokuh,馬トク報知,大江原比呂騎手８９戦目の東京４ＲでＪＲＡ初勝利！　元調教師の祖父も「声が出ましたね」,https://news.yahoo.co.jp/articles/1c4184bdaa8718bba54653e085aa8d9ebc9182bd,6/9(日) 12:39
umatokuh,馬トク報知,横山ルリカ、競馬界の「偉大なる母」を訪問…「長生きして欲しい」「この出会いは一生の宝物」などの反応,https://news.yahoo.co.jp/articles/ea88eb18b026810fd1148c6a31a2d6497ed4e2f2,6/9(日) 9:45
umatokuh,馬トク報知,【川崎競馬・関東オークス（１２日）】亜咲花が推す！クリスマスパレード初ダートでも期待大,https://news.yahoo.co.jp/articles/eec7777205ebbf852d8472de026844796fa517c4,6/9(日) 6:00
umatokuh,馬トク報知,函館競馬が開幕　初日から６６７４人来場の盛況,https://news.yahoo.co.jp/articles/4acd7815745f6da46ff7350708bcbf378d5bfafd,6/9(日) 5:45
umatokuh,馬トク報知,【函館スプリントＳ】スピード自慢の４歳馬が単勝１・９倍で前日１番人気　春雷Ｓ制覇のサトノレーヴが続く,https://news.yahoo.co.jp/articles/697affe7fd6e0088e75d129fc6052c7831f3cf50,6/8(土) 19:03
umatokuh,馬トク報知,【エプソムＣ】前走大敗の実績馬が前日単勝１番人気に　２連勝中で重賞初挑戦のサイルーンが5・3倍の２番人気,https://news.yahoo.co.jp/articles/b19a556a5925b1ffe1a2fca14631d22147955424,6/8(土) 18:08
umatokuh,馬トク報知,【京都１１Ｒ・水無月Ｓ】ジュンブロッサムが単勝１・８倍の１番人気に応えてオープン入り,https://news.yahoo.co.jp/articles/5d455339ebfba4a81b5d094dfe1af4eaa68808e4,6/8(土) 16:27
umatokuh,馬トク報知,【東京１１Ｒ・ジューンＳ】エリカヴァレリアが差し切りＶでオープン入り　久保田調教師「本格化してきている」,https://news.yahoo.co.jp/articles/f1355991f59901e8dec8a3e30a9fff4e57229939,6/8(土) 16:24
umatokuh,馬トク報知,【函館１１Ｒ・函館日刊スポーツ杯】開幕日メインは３連単２６万円超えの波乱　１０番人気ナリタローゼが激走V,https://news.yahoo.co.jp/articles/ab22297457501d7ceed393a416934bccfd6c8f70,6/8(土) 16:05
umatokuh,馬トク報知,函館５Ｒで２歳新馬戦を勝った高杉吏麒騎手が２日間の騎乗停止　３コーナーで内側に斜行,https://news.yahoo.co.jp/articles/e90abdcc1731da9c87d97623b90994f2c50cd8c0,6/8(土) 15:31
umatokuh,馬トク報知,土曜京都競馬場の注目激走馬…京都１１Ｒ・水無月ステークス,https://news.yahoo.co.jp/articles/d4c5c9d44ca64284c71f9fdca5fcd6c8a62c38b0,6/8(土) 14:26
umatokuh,馬トク報知,宮田敬介調教師が東京４RでＪＲＡ通算１００勝を達成「トップに立つことを目指して一歩ずつ」,https://news.yahoo.co.jp/articles/17fa614ac2282516b1822e77895cec345961d9a7,6/8(土) 14:19
umatokuh,馬トク報知,菅原明良騎手が東京５RでＪＲＡ通算３００勝達成「無事に達成することができてうれしい」,https://news.yahoo.co.jp/articles/a0d250ab3f87761feec997b7a3e4dcebc6c17297,6/8(土) 14:04
umatokuh,馬トク報知,土曜メインレースの注目激走馬…東京１１Ｒジューンステークス,https://news.yahoo.co.jp/articles/de3044de87f018779d4b517e7fcd625b95a4d330,6/8(土) 13:58
umatokuh,馬トク報知,【京都５Ｒ・２歳新馬】サニーサルサが逃げ切り　通算９６勝目の永島まなみ騎手「この経験を生かして良くなってくる」,https://news.yahoo.co.jp/articles/7bd47ed632f83098ded7236231cf7ce9524a01a8,6/8(土) 13:42
umatokuh,馬トク報知,【東京５Ｒ・２歳新馬】コートアリシアンが５馬身差快勝！　新種牡馬サートゥルナーリア産駒が初勝利,https://news.yahoo.co.jp/articles/ad8dbc0f07fe01c8ff0cebaaf05f4f63eb5568cd,6/8(土) 13:22
umatokuh,馬トク報知,【函館５Ｒ・２歳新馬】北の大地で最初の新馬Ｖはヒデノブルースカイ　新種牡馬ナダル産駒の初勝利,https://news.yahoo.co.jp/articles/cb3ae387b3029340165bd7d93fe0cfd24816e387,6/8(土) 13:08
umatokuh,馬トク報知,北出調教師が京都２ＲでＪＲＡ通算３００勝達成　現役６８人目　「やっとたどり着くことができました」,https://news.yahoo.co.jp/articles/af488084abb35e98a527aa38461af4fb1ad9594f,6/8(土) 12:34
umatokuh,馬トク報知,【函館１Ｒ・３歳未勝利】武豊騎手が開幕Ｖ！ナムラローズマリー完勝「いいスタートが切れました」,https://news.yahoo.co.jp/articles/40e316ffd07a600fc9f85f40c5b04f6125ec4666,6/8(土) 10:34
umatokuh,馬トク報知,【函館スプリントＳ】夏場がいいウイングレイテスト　陣営「冬はなかなか絞れないけど、この時期は仕上げやすい」,https://news.yahoo.co.jp/articles/76156b3eea2bb8d3bec3747433b604772440725e,6/8(土) 9:30
umatokuh,馬トク報知,【函館スプリントＳ】アサカラキングは斎藤新騎手を背に競馬モード　鞍上「行きっぷりが良かった」,https://news.yahoo.co.jp/articles/3ee5ec0c2c819fb32dd43301b7a6369020826e9d,6/8(土) 9:09
umatokuh,馬トク報知,【函館スプリントＳ】鞍上が付きっ切りで調整するサウザンサニー　菱田裕二騎手「中団くらいで流れに乗れれば」,https://news.yahoo.co.jp/articles/dde0dd18ff36e512b28ea2436e492277efd8c0e3,6/8(土) 8:43
umatokuh,馬トク報知,【函館スプリントＳ】重賞初制覇を狙うビッグシーザーは気分上々　陣営「涼しい気候が合っている」,https://news.yahoo.co.jp/articles/ea014cf6f1a888dd22a01b8e7940311b3cd231e5,6/8(土) 8:27
umatokuh,馬トク報知,【兵庫県競馬】２０、２１年の年度代表馬ジンギが引退へ　重賞１１勝　獲得賞金は２億１０００万円超,https://news.yahoo.co.jp/articles/912e3b17d79e73115081965b633c83f7d8049501,6/7(金) 20:25
umatokuh,馬トク報知,【注目馬動向】安田記念１４着のウインカーネリアンはセントウルＳ、ウインマクシマムはラジオＮＩＫＫＥＩ賞へ,https://news.yahoo.co.jp/articles/89acfd1071b842852e26fa1cdc69ac37560add6f,6/7(金) 16:47
umatokuh,馬トク報知,史上最年少で昨年の函館リーディングに輝いた佐々木大輔騎手　２年連続の参戦へ「勝てない週がないように」,https://news.yahoo.co.jp/articles/0b8723d3b2969606ffcdd57b7975f5ae3edeed17,6/7(金) 16:43
umatokuh,馬トク報知,【園田・人気ジョッキーは語る】ジャンマギアーナ（１０Ｒ）に手応えの笹田知宏騎手「スムーズなレースができれば」,https://news.yahoo.co.jp/articles/fdf2c9682e9df20b77ff4e66108e882c5a6783a4,6/7(金) 12:30
umatokuh,馬トク報知,６９歳の国枝調教師が新たな“野望”に向けて精力的に調教騎乗　「新しくなった坂路に乗ってみたいからね」,https://news.yahoo.co.jp/articles/3846319a96a09948b318f7d09f1edbae1e786184,6/7(金) 12:23
umatokuh,馬トク報知,【エプソムＣ】トゥデイイズザデイは坂路で軽快なキャンター　陣営「１８００メートルの方がいい」,https://news.yahoo.co.jp/articles/4b2e2ac08535405abae7e03ab8b74dfdaff4f732,6/7(金) 12:19
umatokuh,馬トク報知,【エプソムＣ】１年２か月ぶり復帰のヴェルトライゼンデは坂路で最終調整　陣営「精神力が強い馬」,https://news.yahoo.co.jp/articles/36a021845c4c20a8f240d86757d7cddad922ba11,6/7(金) 11:58
umatokuh,馬トク報知,【エプソムＣ】アルナシームは追い切り翌日も絶好の雰囲気　陣営「すごく落ち着いています」,https://news.yahoo.co.jp/articles/37a9d158438e4ddf699971eb67648e031556497d,6/7(金) 11:45
umatokuh,馬トク報知,藤田菜七子騎手は東京で土日計７鞍　前走２着プルメリアクヒオは「ワンターンや距離短縮にも対応できる」,https://news.yahoo.co.jp/articles/755d2a9b5b6f8617054ea1c3d5a101572c912e3c,6/7(金) 11:43
umatokuh,馬トク報知,【エプソムＣ】軌道に乗ってきたマイネルケレリウスは坂路で調整　陣営「精神的にすごく落ち着いている」,https://news.yahoo.co.jp/articles/bd1a629ea6a6c396ebccaee0258f65888ed725ef,6/7(金) 11:38
umatokuh,馬トク報知,【函館スプリントＳ】重賞２勝目狙うウイングレイテストは５枠１０番　快速逃げ馬アサカラキングは２枠３番　枠順決定,https://news.yahoo.co.jp/articles/c564ecf49d10e82f3d664ca81e084c8e2eb4cb67,6/7(金) 11:33
umatokuh,馬トク報知,【ＰＯＧ】セレクトセール落札価格１億５０００万円のソルデマジョは６・３０福島デビューへ,https://news.yahoo.co.jp/articles/d06df6632233e8e178179b9819d44cf4c620aec7,6/7(金) 11:14
umatokuh,馬トク報知,【函館スプリントＳ】抽選突破のサウザンサニーはここが試金石　菱田裕二騎手「抽選を突破できてひとまず良かった」,https://news.yahoo.co.jp/articles/84bbfc0206e1a3177025360e1313523ae191a480,6/7(金) 11:04
umatokuh,馬トク報知,【函館スプリントＳ】活気にあふれるビッグシーザー　陣営「元気いっぱい。気合いも乗ってきた」,https://news.yahoo.co.jp/articles/6f1e00b8baa534bde9505dc4338d76fdae7151bd,6/7(金) 11:02
umatokuh,馬トク報知,【函館スプリントＳ】連覇に挑むキミワクイーンは横山武史騎手を背にゲートから発進　陣営「スタートを決めたい」,https://news.yahoo.co.jp/articles/4959ab5f50bfa80680df73ee4f8fd233850cdca9,6/7(金) 10:37
umatokuh,馬トク報知,【エプソムＣ】重賞２勝の実力馬ヴェルトライゼンデは２枠４番　前走大敗から巻き返し期すレーベンスティールは３枠６番　枠順決定,https://news.yahoo.co.jp/articles/f1ab7953049d855d9d1c0374246f58742383f2f6,6/7(金) 10:30
umatokuh,馬トク報知,【函館スプリントＳ】函館の水が合うゾンニッヒ　陣営「あとはユタカさんに任せるだけです」,https://news.yahoo.co.jp/articles/efba2ef5409fa0788862f1bdcd44a063da907c20,6/7(金) 10:15
umatokuh,馬トク報知,国枝調教師悲願のダービー制覇へ　オークス馬の半弟が９日東京５Ｒ新馬戦に登場,https://news.yahoo.co.jp/articles/e5602c582bad57890d462831221e3d8518c0ff58,6/7(金) 6:00
umatokuh,馬トク報知,【注目馬動向】目黒記念を制したシュトルーヴェが宝塚記念に登録へ　出走なら来日予定のレーン騎手と新コンビ,https://news.yahoo.co.jp/articles/708c8178a740682e233873de0167b59309736954,6/6(木) 17:28
umatokuh,馬トク報知,【宝塚記念】ドウデュースが歴代最多得票！　昨年のイクイノックス超え　ファン投票最終結果発表,https://news.yahoo.co.jp/articles/7b3ef4a4c3b3e9b102508bd6e87c269aeb0bc338,6/6(木) 16:32
umatokuh,馬トク報知,３年目の角田大河騎手が初の函館滞在　「今が頑張り時だと思っています」今週は土日で計１４鞍,https://news.yahoo.co.jp/articles/404b8b8d480ba7be8076d65311cb8602b9ff2c41,6/6(木) 16:02
umatokuh,馬トク報知,【ＰＯＧ】阪神牝馬Ｓ２勝のジョリーダンスが祖母のモジャーリオ　斎藤誠調教師「函館２歳Ｓに行きたい」,https://news.yahoo.co.jp/articles/55269d554abaf4ac863c24d5a2f380d503b4d753,6/6(木) 13:48
umatokuh,馬トク報知,【宝塚記念】ディープボンドは坂路で機敏なフットワーク　陣営「坂路で動くのは、調子がいい証拠」,https://news.yahoo.co.jp/articles/ca3b5303b8830e50091261a0a20ca68b091161e6,6/6(木) 13:36
umatokuh,馬トク報知,【注目馬動向】東京ダービー２着のサトノエピックは７日に放牧へ　国枝調教師「馬は使った後も大丈夫」,https://news.yahoo.co.jp/articles/f63e1fd92dc262177b9e4aeb4c3bc9c0e851525a,6/6(木) 13:29
umatokuh,馬トク報知,【エプソムＣ】横山典弘騎手が乗ったアルナシームに橋口調教師「ジョッキーは『ゴール後の雰囲気が良かった』と」,https://news.yahoo.co.jp/articles/2d26b6b3dd90dddc6e2e5c84063a400843d01abe,6/6(木) 13:14
umatokuh,馬トク報知,東京ダービー制覇から一夜明け　ラムジェットは馬房でうとうと　陣営「４角で、これヤバいんじゃないかと思って…」,https://news.yahoo.co.jp/articles/0072ea6bb8671fc50c1aa43a307c8c7eacebae75,6/6(木) 13:13
umatokuh,馬トク報知,【エプソムＣ】反撃を目指すレーベンスティールはラスト１ハロン１１秒５　田中博調教師「前回より弾みがある」,https://news.yahoo.co.jp/articles/f117b2b96462e517c701061af65e882256bdf823,6/6(木) 13:05
umatokuh,馬トク報知,【宝塚記念】大阪杯２着のローシャムパークが鋭伸１１秒４で鋭伸　田中博調教師「フォームの改善が見られます」,https://news.yahoo.co.jp/articles/7d011cb4446c743de6d93eefc686683a5fab6804,6/6(木) 12:57
umatokuh,馬トク報知,【函館スプリントＳ】アサカラキング重賞初Ｖへ準備ＯＫ　陣営「歩様は今までで一番いい」,https://news.yahoo.co.jp/articles/37bc767ffd999c850931a350014c9765d8e32062,6/6(木) 12:43
umatokuh,馬トク報知,【函館スプリントＳ】カルネアサーダは芝コースで好気配　鮫島克駿騎手「以前とは違うカルネが見られると思う」,https://news.yahoo.co.jp/articles/42e82633a0319b70ae519c04b764bf1913883ccb,6/6(木) 9:46
umatokuh,馬トク報知,【エプソムＣ】ニシノスーベニア、前走４着から反撃へ坂路で思惑通りソフトな調整で万全,https://news.yahoo.co.jp/articles/2a9008c964835f55f96c3b7e103ace4849046ea0,6/6(木) 7:00
umatokuh,馬トク報知,【函館スプリントＳ】「２着はいらない」重賞１３度目挑戦の斎藤誠調教師＆新騎手が親子タッグでタイトル奪取だ,https://news.yahoo.co.jp/articles/e0136e14528a3858f66ca5cfb3f8e53bc8a728ce,6/6(木) 6:30
umatokuh,馬トク報知,【東京ダービー】圧倒的1番人気のラムジェットが６馬身差の圧勝　さぁ秋にフォーエバーヤングと勝負だ,https://news.yahoo.co.jp/articles/f17f4d80cbe9b8d54a6f6a5a2e5fce74b38aeb45,6/6(木) 6:00
umatokuh,馬トク報知,【東京ダービー】レースの売り上げレコード更新　２６億円超で前年比２・３倍の大幅アップ,https://news.yahoo.co.jp/articles/d356aa0cc564d3c61005e2380d50fac0df14fcf7,6/5(水) 22:31
umatokuh,馬トク報知,【東京ダービー】ハビレは直線で離されて５着　笹川翼騎手「前走よりも乗りやすくなっていました」,https://news.yahoo.co.jp/articles/88fd18b2aa5a2ed7a24fb4f49cc322a93c703cbb,6/5(水) 22:04
umatokuh,馬トク報知,【東京ダービー】シンメデージーは地方馬最先着の４着　吉原寛人騎手「直線では夢を見ました」,https://news.yahoo.co.jp/articles/154bf295bc54060c1ddfb444835260a1911672c8,6/5(水) 21:56
umatokuh,馬トク報知,【東京ダービー】紅一点のアンモシエラは３着　松永幹調教師「いい内容でした。力もつけています」,https://news.yahoo.co.jp/articles/1f83a0d9377eb1a70d37c483b7571e7cd2c926af,6/5(水) 21:50
umatokuh,馬トク報知,【東京ダービー】ラムジェットが４連勝でＶ　佐々木調教師「フォーエバーヤングと五分の勝負がしたい」,https://news.yahoo.co.jp/articles/25b0785e847acfac63184b64cbf9b14d954185bb,6/5(水) 21:43
umatokuh,馬トク報知,【東京ダービー】サトノエピックは直線で脚を伸ばして２着　横山和生騎手「環境に戸惑わず頑張ってくれました」,https://news.yahoo.co.jp/articles/8340957d5acce29c25ee041176c71ec73b45482e,6/5(水) 21:41
umatokuh,馬トク報知,ＴＣＫのトーク―ショーに登場の中村アン「生で見られるのはワクワク」…“アン”が入っている注目馬の結果は,https://news.yahoo.co.jp/articles/9c37b328d9a8aa1c2a5c9f633f011ae4b204dbf3,6/5(水) 20:54
umatokuh,馬トク報知,【東京ダービー】１番人気のラムジェットが４連勝で１億円ゲット　三浦皇成騎手「鳥肌が立つような一日でした」,https://news.yahoo.co.jp/articles/017213bfcd4040892d9e2364d229f044cbace5fc,6/5(水) 20:18
umatokuh,馬トク報知,ソーヴァリアントが競走能力喪失で引退へ　２１、２２年にチャレンジＣを連覇,https://news.yahoo.co.jp/articles/a16d47c9566b2ed7788f995dc1abf3d3198e8b16,6/5(水) 19:29
umatokuh,馬トク報知,【宝塚記念】ジャスティンパレスがラスト１１秒５で鋭伸　杉山晴調教師「雰囲気的に完成されてきた感じ」,https://news.yahoo.co.jp/articles/9f3ce112fb893aa02703692741ea8fc4ddfbccd0,6/5(水) 15:45
umatokuh,馬トク報知,【エプソムＣ】ルージュリナージュはラスト１ハロン１１秒５　宗像調教師「前走の出来はキープしている」,https://news.yahoo.co.jp/articles/43f18fe39d43192f911a5c97639061218c8cd641,6/5(水) 14:31
umatokuh,馬トク報知,【宝塚記念】ベラジオオペラが２週前追い切り　上村調教師「前走ぐらいの状態に持って行けそう」,https://news.yahoo.co.jp/articles/6f01b1ba1a14e5871453c29d9b18895114490181,6/5(水) 14:19
umatokuh,馬トク報知,【宝塚記念】ソールオリエンスが皐月賞以来Ｖへラスト１ハロン１１秒０　手塚調教師「特性生かす」,https://news.yahoo.co.jp/articles/2b3b9c07b46cf2a91f3c22dadc7ca2d584e149ec,6/5(水) 12:34
umatokuh,馬トク報知,【エプソムＣ】ニシノスーベニアは坂路でラスト１ハロン１２秒１　上原博調教師「安定して走ってきてくれている」,https://news.yahoo.co.jp/articles/160e3792de5c56767e1b634a129c39c2cc30d2eb,6/5(水) 12:02
umatokuh,馬トク報知,【宝塚記念】ドウデュースが２週前追いでパワフル　友道調教師「体もシャープに仕上がった」,https://news.yahoo.co.jp/articles/cfe262a722fe27c767c11337f531453422797a03,6/5(水) 12:01
umatokuh,馬トク報知,ＪＲＡの藤田菜七子騎手、６・１２楽天―巨人戦で始球式　「全力投球で頑張ります」,https://news.yahoo.co.jp/articles/59cd67a15576b4f5f1b93086741969c2e3a05d8b,6/5(水) 11:54
umatokuh,馬トク報知,【函館スプリントＳ】斎藤親子で重賞Ｖへ　アサカラキングが豪快な伸びで視界良好,https://news.yahoo.co.jp/articles/c1f2e46139e3ac4b3866b8c311dbad88d03cdf3f,6/5(水) 11:25
umatokuh,馬トク報知,【函館スプリントＳ】ジュビリーヘッドはＷコースで上々の反応　富田暁騎手「一発あっておかしくないです」,https://news.yahoo.co.jp/articles/610b1bb52239bdf98fb6b4ba2ae115fe8bffb1b4,6/5(水) 11:08
umatokuh,馬トク報知,【函館スプリントＳ】ウイングレイテストは単走で軽快な動き　松岡正海騎手「先週より１段階上がった」,https://news.yahoo.co.jp/articles/acc5caed86c767371fac0c8a4b82a82829782886,6/5(水) 11:01
umatokuh,馬トク報知,【函館スプリントＳ】ゾンニッヒはダートで力強い脚さばき　陣営「乗っていて気持ちよかった」,https://news.yahoo.co.jp/articles/40191ce6bd28d08a7776eb653b730813c8528e47,6/5(水) 10:58
umatokuh,馬トク報知,【函館スプリントＳ】ジャスティンスカイは芝コースで軽快な動き　池添謙一騎手「速くならないように気をつけました」,https://news.yahoo.co.jp/articles/8702a777350ce8e8f4ae9ce48647f44c2bbef2ef,6/5(水) 10:41
umatokuh,馬トク報知,【こちら日高支局です・古谷剛彦】２歳トレーニングセールでヴァッサーマンの２０２２が最高価格２５００万円,https://news.yahoo.co.jp/articles/e8ef38a2797b42f13b7606e4d6c51282f2905ac3,6/5(水) 10:30
umatokuh,馬トク報知,【注目馬動向】安田記念９着ステラヴェローチェは引き続き横山典弘騎手で札幌記念へ　須貝調教師「洋芝は合うと思う」,https://news.yahoo.co.jp/articles/6d45b514ddc9cecf88247f6b5d445d9c84a54a45,6/5(水) 10:11
umatokuh,馬トク報知,【函館スプリントＳ】ウイングレイテスト、キャリア３５戦目で初の短距離に自信！主戦・松岡「サマースプリント王を目指して頑張りたい」,https://news.yahoo.co.jp/articles/16da28d0c8adb6521c8d15299823b60fa9ed0240,6/5(水) 7:00
umatokuh,馬トク報知,１６頭のＧⅠ馬の父・キングカメハメハが殿堂入り！史上初の変則２冠とともに評価された種牡馬としてのすごさ,https://news.yahoo.co.jp/articles/ac283313413126515660b585a7f87a3545a9c4f0,6/5(水) 6:30
umatokuh,馬トク報知,コントレイル、顕彰馬選定で名馬の仲間入り「コロナ禍の暗い日常に輝く光をもたらしてくれた英雄」矢作調教師も安堵,https://news.yahoo.co.jp/articles/bdad49bc5de63caa0a386ca468c57962196e161d,6/5(水) 6:00
umatokuh,馬トク報知,【注目馬動向】ダービー３着のシンエンペラーがアイリッシュチャンピオンＳに予備登録　２０年凱旋門賞馬ソットサスの全弟,https://news.yahoo.co.jp/articles/7181c67115fe991758463bdd260ab2e7e6612577,6/4(火) 16:33
umatokuh,馬トク報知,４票の重みをかみしめながらの投票　２０２４年度の顕彰馬にキングカメハメハとコントレイルが選定,https://news.yahoo.co.jp/articles/3779e0f8adf4d5dc174bcff1fcbcafbec06cbae4,6/4(火) 16:31
umatokuh,馬トク報知,コントレイルの顕彰馬選出に主戦騎手の福永祐一師「大変光栄なこと」種牡馬としても期待,https://news.yahoo.co.jp/articles/a3cbd4dd6a900b0f65b126d40d532073b44e12bd,6/4(火) 14:53
umatokuh,馬トク報知,２００４年の日本ダービーを制したキングカメハメハが殿堂入り　種牡馬としてはロードカナロアやアパパネを輩出,https://news.yahoo.co.jp/articles/27e759d0384fed0ae7f869b3f02a54bc4c57725e,6/4(火) 14:47
umatokuh,馬トク報知,【ＪＲＡ】無敗の３冠馬コントレイルが顕彰馬に選定　対象２年目で殿堂入り　昨年は１票足りず,https://news.yahoo.co.jp/articles/a860e51caa26c7d29574341a3b0f488d72fb3b5b,6/4(火) 14:30
umatokuh,馬トク報知,【函館スプリントＳ】連覇を狙うキミワクイーンは一変注意　陣営「馬は柔らかくて、すごく状態はいい」,https://news.yahoo.co.jp/articles/eb4180c324263d6804ab542abe05c6a22cfe1340,6/4(火) 13:16
umatokuh,馬トク報知,【エプソムＣ】ヴィクトリアＭ５着のルージュリナージュが初タイトルへ　宗像調教師「前走ぐらい脚を使ってくれれば」,https://news.yahoo.co.jp/articles/d1fa37ea1ac0c835f7c6388c64de67e61e0f7e91,6/4(火) 13:13
umatokuh,馬トク報知,【エプソムＣ】１週前に猛時計のアルナシーム　重賞初制覇へ馬具を工夫　陣営「ワクワクしている」,https://news.yahoo.co.jp/articles/c93638b7d2e9a827c0863ced6a6963fef84c428b,6/4(火) 12:58
umatokuh,馬トク報知,【エプソムＣ】ラケマーダが得意コースで重賞初挑戦　千田調教師「負けてないのは魅力」東京２戦２勝,https://news.yahoo.co.jp/articles/00d4e1419f8458221a6477623abf276befc8e626,6/4(火) 12:18
umatokuh,馬トク報知,【函館スプリントＳ】重賞初Ｖへアサカラキングは順調そのもの　陣営「ここを目標にきっちりできています」,https://news.yahoo.co.jp/articles/7d9d6edcc2940acc8a408a0d7bcb8d5fe3d1cda9,6/4(火) 12:15
umatokuh,馬トク報知,【函館スプリントＳ】ウイングレイテストは初の１２００メートル戦に挑む　陣営「平坦コースもいい」,https://news.yahoo.co.jp/articles/9f68aa7238ea9334b3b766170779c01f31f312b8,6/4(火) 12:01
umatokuh,馬トク報知,【函館スプリントＳ】初の１２００メートルはむしろ魅力のセッション　陣営「短距離が向くと思います」,https://news.yahoo.co.jp/articles/83cc5834a5d871028334af718c08c06aae7dfa06,6/4(火) 11:51
umatokuh,馬トク報知,【函館スプリントＳ】スプリンターとして開花のジャスティンスカイ　陣営「速い脚を持っているし、パワーもある」,https://news.yahoo.co.jp/articles/561be372cd22fb0051e3ec236c94ca827c1d3660,6/4(火) 11:15
umatokuh,馬トク報知,【函館スプリントＳ】成長確かなビッグシーザー　陣営「環境にも慣れて変わりなくきています」,https://news.yahoo.co.jp/articles/514f1f59c0f700d748267333f3e6e5550772a7d6,6/4(火) 11:03
umatokuh,馬トク報知,【エプソムＣ】１年２か月休養明けコントレイル世代の重賞２勝７歳馬が復活Ｖ目指す「気持ちは５歳くらい」,https://news.yahoo.co.jp/articles/ab4fe9ba5b921ab682ce68c9b308e6d9f497dbdc,6/4(火) 6:30
umatokuh,馬トク報知,【函館ＳＳ】中長距離の名門・友道厩舎の異色の存在が池添とのタッグでスプリント重賞初Ｖに挑む,https://news.yahoo.co.jp/articles/c68b0b6eb80a03aead1a5d4c2bd865f1f0038ad5,6/4(火) 6:00
umatokuh,馬トク報知,左前肢骨折のソーヴァリアントの手術は無事終わる,https://news.yahoo.co.jp/articles/49d3355a81259175a28663dee83d577217eaaec0,6/3(月) 20:11
umatokuh,馬トク報知,【函館ＳＳ・角田の特注馬】好メンバーもアサカラキングには通過点　重賞初勝利でＧ１へ,https://news.yahoo.co.jp/articles/106a8bb547e37834cdf154f1e53ab1677b0d35da,6/3(月) 17:47
umatokuh,馬トク報知,「耳をもっと意識しろ」缶ビールの音で目覚めた職人魂…元騎手が天国へ旅立った小林徹弥さんを追悼,https://news.yahoo.co.jp/articles/e653a83ea533f645b4c17df635482c035a1c0b01,6/3(月) 16:26
umatokuh,馬トク報知,安田記念Ｖロマンチックウォリアー、17着ヴォイッジバブルは宝塚記念に出走せず　JRA発表,https://news.yahoo.co.jp/articles/41f88dd6b3e86777c18187dc718174c9467e3747,6/3(月) 12:42
umatokuh,馬トク報知,【エプソムＣ】セルバーグが自分の形に持ち込んで反撃　鈴木孝調教師「逃げた方がいい」,https://news.yahoo.co.jp/articles/1bf4937bc10e792659962231d7a635c5a21d1512,6/3(月) 12:37
umatokuh,馬トク報知,安田記念でＧ１・８勝目ロマンチックウォリアーは馬房で静養　陣営「また伝説を作りたい」,https://news.yahoo.co.jp/articles/6ce36c8ca295bf0e117618af597ccfd4abde0623,6/3(月) 12:23
umatokuh,馬トク報知,【エプソムＣ】ディープ産駒の血統馬トゥデイイズザデイが重賞初制覇へ　池江調教師「ベストの１８００㍍」,https://news.yahoo.co.jp/articles/dfc15475003daed85e6abab11ca82ada31cfa591,6/3(月) 12:14
umatokuh,馬トク報知,【函館スプリントＳ・戸田の特注馬】ビッグシーザーを中心視　秋の飛躍へ初重賞制覇を,https://news.yahoo.co.jp/articles/f4a057888f293cf527dcff7799bcea2d2f209507,6/3(月) 12:00
umatokuh,馬トク報知,【函館スプリントステークス展望】洋芝での速力比べはピッタリのイメージ、アサカラキングが中心,https://news.yahoo.co.jp/articles/271fd8e76e9345d2905f7904e0ae61b5803b3770,6/3(月) 11:53
umatokuh,馬トク報知,【函館ＳＳ・吉田の特注馬】切れ味抜群のジャスティンスカイに重賞初制覇を期待,https://news.yahoo.co.jp/articles/7462e96d8fb993a928fd97318d811b001bf63326,6/3(月) 11:40
umatokuh,馬トク報知,【函館ＳＳ・松末の特注馬】ウイングレイテストは初の６ハロン戦が好走のファクター,https://news.yahoo.co.jp/articles/9791f894ee6cf02423121731547b048215d7bdca,6/3(月) 11:20
umatokuh,馬トク報知,【エプソムＣ・山下の特注馬】目覚めたアルナシームが重賞初制覇へ　１週前追い切りで猛時計マーク,https://news.yahoo.co.jp/articles/4f41e23e673173d21094a3ae8611d896514561c5,6/3(月) 11:00
umatokuh,馬トク報知,【安田記念】ロマンチックウォリアーが外国馬１８年ぶりＶ　宝塚記念に予備登録もシャム調教師「来シーズンまで休ませます」,https://news.yahoo.co.jp/articles/afe2e3773fca5a99ab828f48f5881cb87de898f6,6/3(月) 6:00
umatokuh,馬トク報知,【エプソムカップ展望】３冠馬コントレイル世代ヴェルトライゼンデが中心,https://news.yahoo.co.jp/articles/a3afd64a2b3759567a1ff325d9c0583483fb215e,6/2(日) 21:51
umatokuh,馬トク報知,【安田記念】もう一頭の香港馬ヴォイッジバブルはブービー１７着に沈む　パートン騎手「左回りは向かないのかも」,https://news.yahoo.co.jp/articles/2ec5c457f38adcbb2ff99a1e60eea969ca6d82f8,6/2(日) 18:17
umatokuh,馬トク報知,【安田記念】福永厩舎のダノンスコーピオン復活ならず１５着　戸崎圭太騎手「馬は前回よりも良くなっていました」,https://news.yahoo.co.jp/articles/a68f83383e644cd071b595510fd029334a21317d,6/2(日) 17:58
umatokuh,馬トク報知,【安田記念】１２番人気ジオグリフが馬群内から６着　北村宏司騎手「もう少し早めに進路が開いてくれればというところ」,https://news.yahoo.co.jp/articles/6d36b5f46eecc0ee6cd7b95810e69e35e41fafa5,6/2(日) 17:53
umatokuh,馬トク報知,【安田記念】レッドモンレーヴは後方から末脚不発１１着　横山和生騎手「今日は走りづらい馬場、メンバー」,https://news.yahoo.co.jp/articles/247ef2c9af9f488eed643cf876bee12ac04f8049,6/2(日) 17:42
umatokuh,馬トク報知,【安田記念】セリフォスは稍重馬場で追い上げ及ばず５着　川田将雅騎手「やはりどうしても渋ると苦手なので」,https://news.yahoo.co.jp/articles/3e617291ba8d26270871012d200b4a41ea3b46df,6/2(日) 17:35
umatokuh,馬トク報知,【安田記念】ガイアフォースは２年連続４着　勝った香港馬マークの長岡禎仁騎手「勝ちたかった」フェブラリーＳ２着から参戦,https://news.yahoo.co.jp/articles/326501ccad08b5fb1d571b4dac7d1cdcc423b78b,6/2(日) 17:33
umatokuh,馬トク報知,【安田記念】３年連続参戦のソウルラッシュはモレイラ騎手を背に過去最高３着も「最後の最後で脚いろが鈍ってしまいました」,https://news.yahoo.co.jp/articles/287e9ab918fffcb3b2b90e65f8e3f3b4f78fa0f7,6/2(日) 17:27
umatokuh,馬トク報知,【安田記念】ナミュールが最速末脚駆使も半馬身差２着　武豊騎手「惜しかった、残念、悔しい」,https://news.yahoo.co.jp/articles/b02c8ce6894391af84b8d723bdfdff70cfc45368,6/2(日) 17:25
umatokuh,馬トク報知,【安田記念】香港の強豪ロマンチックウォリアー快勝　馬主のラウ氏「おそらく休ませる」宝塚記念転戦しない見通し,https://news.yahoo.co.jp/articles/8f2f2de375150a8899618e2e2263e703b802212f,6/2(日) 17:19
umatokuh,馬トク報知,【安田記念】タイトル逃した人気馬に安藤勝己氏「甘いところがらしさ」…勝ち馬は「日本２戦目でもっと…」と指摘,https://news.yahoo.co.jp/articles/573a10f39a10b5a53907028d4ac8a4e6ab3db5ad,6/2(日) 17:01
umatokuh,馬トク報知,【京都１１Ｒ・松風月Ｓ】ジレトールが豪快な追い込み決める　鮫島克駿騎手「切れ味はすごいですね」,https://news.yahoo.co.jp/articles/bd62d457ea93ea928c6e95a94140e6d7dc12db83,6/2(日) 16:50
umatokuh,馬トク報知,ＪＲＡの小林徹弥元騎手が５０歳で死去　千田調教師「急すぎて何も言えません。昨日も仕事を…」,https://news.yahoo.co.jp/articles/ea517b5c69364810e5fd86962ee8a12d15017b56,6/2(日) 16:12
umatokuh,馬トク報知,【安田記念】香港の強豪ロマンチックウォリアーが日本勢蹴散らす　マクドナルド騎手「勝てたのは大きな名誉」,https://news.yahoo.co.jp/articles/acbd02c0d720bd444bdae3ce1af9b1a1aaad7f29,6/2(日) 16:00
umatokuh,馬トク報知,【安田記念】３年連続参戦のソウルラッシュ猛追も及ばず３着　Ｇ１初制覇ならず,https://news.yahoo.co.jp/articles/734569a82860f15d62120f2afeaa5cb0ee579512,6/2(日) 15:52
umatokuh,馬トク報知,【安田記念】昨秋マイルＣＳ制覇のナミュールは惜しくも２着　武豊騎手は単独最多４勝目ならず,https://news.yahoo.co.jp/articles/60a5355fcfbac0c113a2756bf4a5674966a83c98,6/2(日) 15:52
umatokuh,馬トク報知,【安田記念】香港の強豪ロマンチックウォリアーが圧倒　Ｇ１・５連勝で０６年以来の香港勢３勝目,https://news.yahoo.co.jp/articles/fecd399ab0940390da595c64e7a697b64585345f,6/2(日) 15:52
umatokuh,馬トク報知,日曜メインレースの注目激走馬…東京１１Ｒ安田記念・Ｇ１,https://news.yahoo.co.jp/articles/1a227ad832936d95c346333f2b804780cf9ce0dc,6/2(日) 14:27
umatokuh,馬トク報知,萩原清調教師が東京５Ｒで現役１０人目のＪＲＡ通算７００勝を達成「今を大事にしていきたい」,https://news.yahoo.co.jp/articles/71bca8da8e5539c39db335061848e254c8ada610,6/2(日) 14:23
umatokuh,馬トク報知,安田記念当日の東京競馬場は午後から雨が降り出す　内の馬場は悪化し外差し馬場になるか,https://news.yahoo.co.jp/articles/1e83358bc7378af0a1e88c9702b51872c0a4080a,6/2(日) 13:59
umatokuh,馬トク報知,日曜京都競馬場の注目激走馬…京都１１Ｒ松風月ステークス,https://news.yahoo.co.jp/articles/f060fe4149656bd25ba61fcb24256eb0b58b6ee0,6/2(日) 13:50
umatokuh,馬トク報知,【東京６Ｒ・２歳新馬】３億円馬スターウェーブが初陣を完勝　三浦皇成騎手「今後が楽しみな１頭に」,https://news.yahoo.co.jp/articles/4d02605274b539a5064f30aa1a2cdcaecdddeff4,6/2(日) 13:48
umatokuh,馬トク報知,横山武史騎手が東京３ＲのドリームクルーズでＪＲＡ通算６００勝達成「関係者の皆さまと馬に感謝」,https://news.yahoo.co.jp/articles/3ac2763b63806d67f393d09a2cae90de277c18b6,6/2(日) 13:33
umatokuh,馬トク報知,【安田記念】森泰斗騎手が「敬意を込めて」本命を打ったのは…,https://news.yahoo.co.jp/articles/be7820c7c64a494706fc678a4fc9c12d9b1f803d,6/2(日) 13:30
umatokuh,馬トク報知,【東京５Ｒ・２歳新馬】評判馬ぞろいの激戦をミリオンローズが制す　横山武史騎手「楽しみにしていました」,https://news.yahoo.co.jp/articles/cd2fa5b974ce7af8770905fea3d8cebf70b3beeb,6/2(日) 13:09
umatokuh,馬トク報知,【京都５Ｒ・２歳新馬】キトンインザスカイが初陣を飾る　父は新種牡馬シスキン,https://news.yahoo.co.jp/articles/3fe8eaf5727c69c8b4613c1d67bdd072297a1d72,6/2(日) 12:53
umatokuh,馬トク報知,ダービー会心的中のジャンポケ斉藤、「かなり注目されると思う」安田記念の本命は意外な二刀流ホース…危険馬にＧ１馬を指名,https://news.yahoo.co.jp/articles/cd615d779798c2acd33ab2043811fa1074da33de,6/2(日) 9:16
umatokuh,馬トク報知,安田記念は「どう考えても」２強と予想の粗品に「凄いところはガッチガチの人気馬飛ばすところ」「やっぱりなって感じ」,https://news.yahoo.co.jp/articles/2c56bba3d341f1e77af6094c008bc7435b6d25e3,6/2(日) 8:32
umatokuh,馬トク報知,【鳴尾記念】ヨーホーレイク屈腱炎から完全復活　２年４か月半ぶり重賞２勝目,https://news.yahoo.co.jp/articles/efd65f828f0ba46c147e85ec65368e3023fe09b8,6/2(日) 7:30
umatokuh,馬トク報知,【京都５Ｒ新馬戦】牝馬のダノンフェアレディが２歳開幕戦でいきなり最速タイム,https://news.yahoo.co.jp/articles/856330a951a49ff3430162b9a7de260308343e5a,6/2(日) 7:00
umatokuh,馬トク報知,【安田記念】前日オッズ１番人気ロマンチックウォリアー４・１倍と混戦　人馬初ＧⅠ狙う芦毛馬が５番人気,https://news.yahoo.co.jp/articles/f05f680da2c2d66ab0feca4da828d1da22122755,6/1(土) 18:17
umatokuh,馬トク報知,【地方競馬が熱い】アンモシエラ実績上位‥東京ダービー（５日・大井競馬場）,https://news.yahoo.co.jp/articles/7c6d00382c9c341f04fea2f323f85d62bc93bc22,6/1(土) 17:00
umatokuh,馬トク報知,【鳴尾記念】エアサージュしぶとさみせるも３着　松山弘平騎手「馬自身成長しています」,https://news.yahoo.co.jp/articles/5249ddd55890b1c941a7f3af9fb0bef0c174c1be,6/1(土) 16:49
umatokuh,馬トク報知,【鳴尾記念】長期休養経てヨーホーレイク頭差Ｖ　陣営「どこかでＧ１タイトルをとらせてあげたい」,https://news.yahoo.co.jp/articles/cde6375f6099fc9242093cc1547f5d0a26fbaa1d,6/1(土) 16:47
umatokuh,馬トク報知,【鳴尾記念】猛追ボッケリーニ頭差届かず…池江調教師２度目の３連覇ならず,https://news.yahoo.co.jp/articles/f049e06e5af1c486e8262fd8de82d68c77f787e1,6/1(土) 16:45
umatokuh,馬トク報知,【東京１１Ｒ・アハルテケＳ】７番人気ビヨンドザファザーがゴール前の激戦制す　北村友一騎手「よくしのいでくれた」,https://news.yahoo.co.jp/articles/2a1bb4653436bd6ac8dcede6f34e774183d02cdd,6/1(土) 16:38
umatokuh,馬トク報知,【鳴尾記念】ヤマニンサンパ４着　団野大成騎手「最後はいい脚を使ってくれました」,https://news.yahoo.co.jp/articles/063bd24c958bb711c256b41fe8feba9d23a40f0f,6/1(土) 16:35
umatokuh,馬トク報知,【鳴尾記念】ニホンピロキーフ直線伸びず１２着…田口貫太騎手のＪＲＡ重賞初Ｖお預け,https://news.yahoo.co.jp/articles/5275e6b460b08238ecba8dac8e22e89d7e90fef6,6/1(土) 16:27
umatokuh,馬トク報知,【鳴尾記念】ヨーホーレイク２年４か月半ぶり復活の重賞２勝目,https://news.yahoo.co.jp/articles/ea29fc8c57efb65270c3110ee66b2bb3a1da14ac,6/1(土) 15:44
umatokuh,馬トク報知,土曜メインレースの注目激走馬…京都１１Ｒ鳴尾記念・Ｇ３,https://news.yahoo.co.jp/articles/b0b22bdf8882049d48f3b1188e10b13fc85e11cf,6/1(土) 14:27
umatokuh,馬トク報知,土曜東京競馬場の注目激走馬…東京１１Ｒアハルテケステークス,https://news.yahoo.co.jp/articles/423e8f1f2bbd91cd7fdb6a8dc1f22188047e0097,6/1(土) 14:08
umatokuh,馬トク報知,【東京５Ｒ・２歳新馬】ウィンターベルが東京の一番星に輝く　ルメール騎手「まだ伸びしろがある」,https://news.yahoo.co.jp/articles/1686fc27f96757215a7ea9d5af1d6dba327c7c9a,6/1(土) 13:15
umatokuh,馬トク報知,【京都５Ｒ・２歳新馬】１億８５００万円馬ショウナンザナドゥは２着　池添謙一騎手は能力評価も悔しさあらわ,https://news.yahoo.co.jp/articles/1e3dce86d585dddd5eac466e0b681d1d4fc71feb,6/1(土) 13:13
umatokuh,馬トク報知,スマホ不適切使用の水沼元輝騎手はケースのみを預ける「偽装工作を行っていた」…ＪＲＡが説明,https://news.yahoo.co.jp/articles/5b5b711167ea8031fbccf08e7c8f3dd870d4bd43,6/1(土) 13:08
umatokuh,馬トク報知,【京都５Ｒ・２歳新馬】１番人気ダノンフェアレディが一番星！京都・芝マイルの２歳新馬戦で歴代最速タイム,https://news.yahoo.co.jp/articles/a08aa77605e3c588f1eb2c9996f8702e48a6ad0f,6/1(土) 13:07
umatokuh,馬トク報知,【安田記念】美浦滞在の関西馬ダノンスコーピオンは柔らかみのある身のこなし　最終調整終えた陣営「いい感じ」,https://news.yahoo.co.jp/articles/95633bdb173544709d60b6a9ea35848e15aaa64b,6/1(土) 8:45
umatokuh,馬トク報知,【安田記念】悲願のＧ１初制覇狙うウインカーネリアンは軽く流して最終調整　陣営「変わりなくいい」,https://news.yahoo.co.jp/articles/830e6e912d26b8cad6f1bead560b5d9c856faeff,6/1(土) 6:43
umatokuh,馬トク報知,２３年アルゼンチン共和国杯覇者のゼッフィーロが競走馬登録抹消　今後は社台ファームで乗馬に,https://news.yahoo.co.jp/articles/2b5c4ce226d2d82ea72aac15a9a0cbd09038801e,5/31(金) 17:42
umatokuh,馬トク報知,【安田記念】ステラヴェローチェは関西馬唯一の金曜輸送　やや外めの１３番枠にも須貝調教師「許容範囲」,https://news.yahoo.co.jp/articles/f36b8c3e0ef53e85d60185ea2eaf51cc6ff29f81,5/31(金) 16:12
umatokuh,馬トク報知,重賞２勝馬ソーヴァリアントが左前肢第一指骨を骨折　社台ホースクリニックで手術へ,https://news.yahoo.co.jp/articles/cc1272a6146882caaecd59c0fc73145c8307eb9e,5/31(金) 15:41
umatokuh,馬トク報知,【注目馬動向】大阪杯２着のローシャムパークは引き続き戸崎圭太騎手とのコンビで宝塚記念へ,https://news.yahoo.co.jp/articles/adab2a93831aa50becce3dc8bab0d128f4d79620,5/31(金) 15:37
umatokuh,馬トク報知,【園田・人気ジョッキーは語る】メイショウシマト（１１Ｒ）で連勝狙う下原理騎手「しまい脚は使う」,https://news.yahoo.co.jp/articles/d4f068c4f13fdae06a0c00a9409a28ef65bb34c7,5/31(金) 12:30
umatokuh,馬トク報知,【船橋・森泰斗のタイトリスト】再昇級のマイレレイ（１０Ｒ）は連勝も可能,https://news.yahoo.co.jp/articles/9e7e234948ae4d8e8137cc8f93e1be91399a9d5a,5/31(金) 12:30
umatokuh,馬トク報知,【安田記念】ヴォイッジバブルのイウ調教師が東京に到着　７枠１５番に「真ん中から外がいいと思っていた」,https://news.yahoo.co.jp/articles/50e0f18b36036edc6408f008d31637452bcf1c56,5/31(金) 11:40
umatokuh,馬トク報知,【安田記念】５番枠のナミュールは中２週でもパワーアップ　高野調教師「食欲がすごすぎるぐらい」,https://news.yahoo.co.jp/articles/17ed6b2ffedbd7e7f8d1872b816de9d01df46d28,5/31(金) 11:38
umatokuh,馬トク報知,【安田記念】ロマンチックウォリアー陣営は４枠７番に笑顔　シャム調教師「ラッキー７ですから」,https://news.yahoo.co.jp/articles/1c2081b594c5801d5ea38f9811ebbd975d8e2a01,5/31(金) 11:35
umatokuh,馬トク報知,水沼元輝騎手が騎乗停止　競馬開催中に調整ルームで持ち込み禁止のスマホ使用,https://news.yahoo.co.jp/articles/8a849f0f98dfea08f593b136ca6c3b0f09b03091,5/31(金) 11:22
umatokuh,馬トク報知,【注目馬動向】クイーンエリザベス２世Ｃ３着のノースブリッジは春全休　奥村武調教師「秋は香港を目標に」,https://news.yahoo.co.jp/articles/0aeedb5ea6918d29e863b3d22100d524a744df66,5/31(金) 11:12
umatokuh,馬トク報知,【安田記念】昨年逃げたウインカーネリアンは６枠１１番　陣営「絶対にハナって感じではない」,https://news.yahoo.co.jp/articles/eeb7b69d535a59de18909ac9958629870b24cb74,5/31(金) 11:07
umatokuh,馬トク報知,【安田記念】２連勝中のパラレルヴィジョンは５枠９番　国枝調教師は鞍上を信頼「ルメさんだしね」,https://news.yahoo.co.jp/articles/60e2d11752839f0cf665a45eeb18255b7ac7b813,5/31(金) 10:47
umatokuh,馬トク報知,【安田記念】ヴィクトリアＭ２着のフィアスプライドは６枠１２番　国枝調教師「外めの方がいいかも」,https://news.yahoo.co.jp/articles/a22660bd9e62a2689a37cce7a94f8d543c39d659,5/31(金) 10:43
umatokuh,馬トク報知,藤田菜七子騎手は東京で土日計５鞍に騎乗　母がＧ１・３勝馬のオーシャンズヨリは条件替わりに期待,https://news.yahoo.co.jp/articles/bada4aabf8b9fc413f519aab7a897d4a967e22e5,5/31(金) 10:40
umatokuh,馬トク報知,【鳴尾記念】ボッケリーニが連覇へ馬具を工夫　陣営「いい方向に出れば」,https://news.yahoo.co.jp/articles/2e1e5cc3416ec0f34139ca74e4227c898cc44240,5/31(金) 10:33
umatokuh,馬トク報知,【鳴尾記念】昨年の覇者ボッケリーニは３枠４番　重賞初Ｖを狙うロードデルレイは４枠６番に決まる　枠順決定,https://news.yahoo.co.jp/articles/b27c87dfba37152a59205716fc1f32dec2ce37f4,5/31(金) 10:21
umatokuh,馬トク報知,【安田記念】ソウルラッシュは近年好調の５枠１０番をゲット　陣営「偶数でちょうどいいところ」,https://news.yahoo.co.jp/articles/3a8652911269426f8b67dce8a026e39fc54dd96f,5/31(金) 10:12
umatokuh,馬トク報知,【安田記念】悲願Ｇ１制覇へソウルラッシュは５枠１０番　香港中距離最強馬ロマンチックウォリアーは４枠７番　枠順決定,https://news.yahoo.co.jp/articles/7a8a413512ff95c409f9a5d7f14f0b5ca9fe9590,5/31(金) 9:26
umatokuh,馬トク報知,【鳴尾記念】ニホンピロキーフはＥダートコースで調整　大橋調教師「十分チャンスはある」,https://news.yahoo.co.jp/articles/33f33244fa26e56488619660475230ecf398e0c4,5/31(金) 8:43
umatokuh,馬トク報知,福永調教師が新馬戦開幕週で初勝利狙う　現役時代に父も母も騎乗した２歳馬「お母さんのスピードが出ている」,https://news.yahoo.co.jp/articles/991dc0c62fd981fb6b9ab3ee6da018317089a91c,5/31(金) 6:00
umatokuh,馬トク報知,２３年セレクト１歳セールで３億円つけた超高額馬が開幕週の新馬戦に登場　追い切りで絶好の動き見せデビューＶ期待,https://news.yahoo.co.jp/articles/66f03722f7fcddbfc429dcc92646d0b069802232,5/31(金) 6:00
umatokuh,馬トク報知,２０２４年の新馬戦が開幕　ヤマタケ記者＆坂本達洋記者の注目は例年重賞クラス誕生の東京芝マイル戦,https://news.yahoo.co.jp/articles/47073cdd14cd9793564a7456787c0c729e9176b1,5/31(金) 6:00
umatokuh,馬トク報知,【安田記念】福永祐一調教師、Ｇ１初勝利へ「馬優先」主義貫き異例の美浦滞在　自ら手綱執った復活期す５歳馬,https://news.yahoo.co.jp/articles/4f8444c0baaf4a9bc52a0bc03f2a738c11ee35e0,5/31(金) 6:00
umatokuh,馬トク報知,【安田記念】馬場悪化必至で浮上した６歳馬　芝の稍重以下は４戦４勝　“三度目の正直”なるか,https://news.yahoo.co.jp/articles/000887195b994870075337c59f751a5a0498cad8,5/31(金) 5:30
umatokuh,馬トク報知,ニュージーランドで絶好調の橋詰大央騎手が栗東訪問　「ユタカさんに『頑張って』と言ってもらいました」,https://news.yahoo.co.jp/articles/fc263e5d9e683984236c5c0164a4150b45a7da59,5/30(木) 22:03
