media_en,media_jp,title_articles,link_articles,date_original
tvlife,TV LIFE web,–î“Şq‚ª“Ë”jƒhƒ‰ƒ}‚ÉQíIuƒXƒO‚â‚é‰Ûv‚Åƒ}ƒaƒ‰ƒu–ì“c•ƒpƒ“ƒT[”öŒ`‚Æ‹¤‚ÉƒJƒ‰ƒX‚ÆŠi“¬wTHE“Ë”jƒtƒ@ƒCƒ‹x,https://news.yahoo.co.jp/articles/81fc6009870e04411fca71f8170198fcb1b0af5c,11/29(…) 18:00
tvlife,TV LIFE web,–¾Î‰Æ‚³‚ñ‚ÜA‚—î‰»Ğ‰ï‚È‚ç‚Å‚Í‚Ì‚à‚¤‚¯˜b‚É‹Á‚«u‚¦‚ç‚¢‚Æ‚±‚É–Ú‚ğ‚Â‚¯‚½‚È‚Ÿ`Ivwƒzƒ“ƒ}‚Å‚Á‚©!?TVx,https://news.yahoo.co.jp/articles/0fbeeeccd8fd0d438fe02e045e8af16ad5c75719,11/29(…) 8:01
tvlife,TV LIFE web,²–ì—E“l‚ª’´”\—ÍŒ¢Eƒyƒ‚¿‚á‚ñ‚Æ‘S—Í¾‘–Iu–¼‘O‚Ì—·v‚ÍƒCƒ“ƒh”Åw‹l‚Ì¯x‚ÌdŠ|‚¯l‚ğæŞwÎ‚Á‚ÄƒRƒ‰‚¦‚ÄIx2ŠÔSP,https://news.yahoo.co.jp/articles/3ff0e51aacbf51c81697b3970366b7362d064af9,11/29(…) 7:06
tvlife,TV LIFE web,–îˆä“c“µ‚ªw‚ä‚è‚ æ¶‚ÌÔ‚¢…xB‰eŒ»ê‚ğŒƒ—ã–K–âIå‘è‰Ì¶”M¥‚É›–ì”ü•ä‚à—Üu‚İã‚°‚Ä‚­‚é‹C‚¿‚Å‹¹‚ª‚¢‚Á‚Ï‚¢‚Év,https://news.yahoo.co.jp/articles/3ed856533156814f5946ca69c114fb14cdac9986,11/29(…) 7:01
tvlife,TV LIFE web,‹T—œ˜a–ç‚ª—«w’ñˆÄ‚ÌƒVƒ`ƒ…ƒG[ƒVƒ‡ƒ“‚ÅgƒJƒbƒR‚¢‚¢Šìh‚ğ”â˜Iu–lAŠî–{ˆÓ–¡‚ª‚ ‚évwƒg[ƒNƒB[ƒ“ƒYx,https://news.yahoo.co.jp/articles/105ae7f3858d41fe2a3749aa0f4ca64a7514ce25,11/29(…) 7:00
tvlife,TV LIFE web,w—L‹g‚Ì•Çx‰ß‹Å‘½41‘g84l‚ª“Œ‹ƒXƒJƒCƒcƒŠ[ƒ^ƒEƒ“‚Åuˆê”Êl‚Ì•ÇvƒJƒJƒƒjA¢ŠÔ’m‚çƒYA‚Ô‚Á‚½‚Ü‚ª‰Qí,https://news.yahoo.co.jp/articles/3ba7cc21b8382ad87feaaf86deb79e2c1fd829f9,11/29(…) 6:03
tvlife,TV LIFE web,w“°–{ŒZ’í2023xR“c—Á‰îA•l•Ó”ü”gAano‚ªu“°–{ˆê–âˆê“šv‚É’§íIKinKi Kids‚ÍV‹Èu–³d—Í‚İ‚½‚¢‚Èˆ¤v‚ğƒeƒŒƒr‰”â˜I,https://news.yahoo.co.jp/articles/8dda2e7c5305ca3a063f436da4d98da63ac61581,11/29(…) 6:02
tvlife,TV LIFE web,w„‚ÌƒoƒJ‚¹‚Ü‚¢jxis‚ª‰i“‡—D”üƒAƒi‚©‚ç™Œ´çqƒAƒi‚Éƒoƒgƒ“ƒ^ƒbƒ`IMCƒoƒJƒŠƒYƒ€‚à‚Ë‚¬‚ç‚¢yƒRƒƒ“ƒg‚ ‚èz,https://news.yahoo.co.jp/articles/e0322912bf291878b45a7052e153c91c65573825,11/29(…) 5:30
tvlife,TV LIFE web,‰ªèÑŠG‚ª•Ÿm‘“‘¿å‰‰wƒAƒC‚Ì‚È‚¢—öl‚½‚¿x‚ÅGP‘Ñ‰ƒqƒƒCƒ“u—h‚ê“®‚­Š´î‚âSî‚Ì•Ï‰»‚ğ’š”J‚É‰‰‚¶‚½‚¢v,https://news.yahoo.co.jp/articles/05c67dc9e7cb0563e3063c6bdbf2602d599a2eba,11/29(…) 5:00
tvlife,TV LIFE web,ó–ì‚ä‚¤q‚ªg‰·qh–ğ‚Åw‚¤‚¿‚Ì•ÙŒìm‚Íè‚ª‚©‚©‚éx‘æ8˜b‚Éo‰‰ g‚ä‚¤qh–ğ‚Ì‚“c¹q‚ÆˆâY‘Š‘±ƒoƒgƒ‹yƒRƒƒ“ƒg‚ ‚èz,https://news.yahoo.co.jp/articles/f0c6e22561dd547a0ed6124848ba267b52d33b59,11/28(‰Î) 22:04
tvlife,TV LIFE web,“¹}x—Cå‰‰wƒ}ƒ‹ƒX|ƒ[ƒ‚ÌŠv–½|x29“ú‚æ‚è6“ú˜A‘±‚ÅƒLƒƒƒXƒg”­•\@ƒeƒBƒU[‰f‘œ‚ÌƒiƒŒ[ƒVƒ‡ƒ“‚ğ–±‚ß‚ég–lh‚Ì³‘Ì‚à–¾‚ç‚©‚É,https://news.yahoo.co.jp/articles/3b8debc4a6622c0d7c69619e00bb0e664dcdac76,11/28(‰Î) 22:00
tvlife,TV LIFE web,yBiS˜AÚƒRƒ‰ƒ€zƒCƒREƒ€ƒQƒ“ƒmƒJƒiƒ^g„‚Ìl¶‚ÉŒ‡‚©‚¹‚È‚¢‚­‚ç‚¢ˆ¤‚µ‚Ä‚â‚Ü‚È‚¢h‰f‰æuƒRƒ‰ƒ‰ƒCƒ“‚Æƒ{ƒ^ƒ“‚Ì–‚—v,https://news.yahoo.co.jp/articles/226b09b4f6cf348e5e56996679d03e7e0058d63c,11/28(‰Î) 20:21
tvlife,TV LIFE web,‘q“Ö‹M‚ªwƒ~ƒ‰ƒNƒ‹9x‰“oêIgŠ¨‚ğ“­‚©‚¹‚Äh•±“¬‚àu‰¤—Ñ‚³‚ñ‚É’íq“ü‚è‚µ‚½‚¢v,https://news.yahoo.co.jp/articles/c8264a3833c5b5fe362340f05c80942f623cc5f0,11/28(‰Î) 19:00
tvlife,TV LIFE web,A‚¥! group³–å—Ç‹KA‹“s‚ğˆê‚É–K‚ê‚½‚¢ƒƒ“ƒo[–¾‚©‚·@˜@˜Å”ü¹q‚Í³–å‚ÌƒAƒhƒŠƒu‚É‹Á‚«w‹“s‚Ì‚¨ˆø‰z‚µx,https://news.yahoo.co.jp/articles/2c47e3d2791133a83aec71c25d5c1b906924293b,11/28(‰Î) 18:03
tvlife,TV LIFE web,ŒÃì—Y‘å‚ªŒê‚éw‘å‰œ Season2x‚ÌŒ‹––ug–{“–‚Í‚±‚¤‚¾‚Á‚½‚Ì‚©‚à‚µ‚ê‚È‚¢h‚ÆŠó–]‚ğŠ´‚¶‚ç‚ê‚év,https://news.yahoo.co.jp/articles/f827ef93b4a9a2b2b66c29507dced1ba3fd5ff89,11/28(‰Î) 12:42
tvlife,TV LIFE web,”óŒûK•½‚ªw‘æ32‰ñ‘S“ú–{‚Z—qƒTƒbƒJ[‘IèŒ x‰‰‡ƒŠ[ƒ_[‚Éu‘S—Í‚Å‘Iè‚ÌŠF—l‚Ì—Í‚É‚È‚ê‚é‚æ‚¤‚É‰‰‡‚³‚¹‚Ä‚¢‚½‚¾‚«‚Ü‚·!!v,https://news.yahoo.co.jp/articles/7f45c1e5dcdff24b72f4a1c95603b754ab605be4,11/28(‰Î) 12:08
tvlife,TV LIFE web,¼”C’J—RÀ‚ªwƒUƒ‚Â‚­I‹à—j“úx‚É~—ÕI‘Sˆõ‰‹¤‰‰‚ÌƒUƒ‚Â‚­ƒgƒŠƒI‘å‹»•±‚àŒË˜f‚¢u‚È‚ñ‚Å‚±‚Ì”Ô‘g‚ÉHv,https://news.yahoo.co.jp/articles/35bcb2ad83f7392054ec48758b39683e12a77e83,11/28(‰Î) 8:01
tvlife,TV LIFE web,¬âÖç–L‚ªu6˜A’Pv‚ÉƒŠƒxƒ“ƒWQíIŒ¾‚¢‚½‚¢•ú‘è‚Ì`‹æ—q•ƒTƒ‰ƒŠ[ƒ}ƒ“‚ÉƒKƒ`”½Œ‚w‰Î—j‚Í‘S—ÍI ‰Ø‘å‚³‚ñ‚Æç’¹‚­‚ñx,https://news.yahoo.co.jp/articles/fd17b3c2ba616d4299f3b2ef868b33e2c8e63e5e,11/28(‰Î) 8:00
tvlife,TV LIFE web,ƒIƒYƒƒ‹ƒh‚ªu’´E”T–ØâƒXƒ^[’a¶ILIVEv‘SŒö‰‰o‰‰I”T–Øâ46E5Šú¶‚Æ¶ƒRƒ“ƒg‚ğ”â˜I@ƒƒ“ƒo[lˆÄ‚Ìƒpƒ“‚à”Ì”„,https://news.yahoo.co.jp/articles/166fead441c8ef226e4f88f05917cfdb1912c52b,11/28(‰Î) 8:00
tvlife,TV LIFE web,ƒzƒ‰ƒ“çH‚ÌÅV‰Æ“dƒvƒŒƒ[ƒ“‚Åoì“N˜N•’·“ˆˆê–Î‚ªu‹»–¡‚ª‚È‚¢v‚©‚ç‘O‚Ì‚ß‚è‚Åu‚±‚ê”ƒ‚¤‚ívwƒtƒVƒM‚Ì‰ï 2ŠÔSPx,https://news.yahoo.co.jp/articles/8338430d825c3eee53260a9d2f216cdef76d966d,11/28(‰Î) 7:31
tvlife,TV LIFE web,”öŒ`ŒR’c‚ªg”pŞRÏ‚İƒgƒ‰ƒbƒNhA¼‘ºŒR’c‚ªgƒjƒZ‘m—µh‚ğ’Ç‚¤Ig–³‹–‰Âƒoƒiƒih‚Ì’²¸‚àwƒAƒ“ƒ^ƒbƒ`ƒƒƒu‚éTVx,https://news.yahoo.co.jp/articles/71dd5a02a3f58c46f50a8716449b983893bc9e7b,11/28(‰Î) 7:30
tvlife,TV LIFE web,w‰Æ­•v‚Ìƒ~ƒ^ƒ]ƒmx‘æ8˜b@ƒ~ƒ^ƒ]ƒmi¼‰ª¹Gj‚ªqˆç‚Ä‚ğ‰Ø—í‚ÉƒTƒ|[ƒgI›“‡i‚ªƒQƒXƒgo‰‰uŠwZ‚ÅŠw‚×‚È‚¢‹³—{‚ª‚±‚Ìƒhƒ‰ƒ}‚É‚Í‚ ‚év,https://news.yahoo.co.jp/articles/61298b923aa45eac925d50a41f4b0231b315aa84,11/28(‰Î) 7:03
tvlife,TV LIFE web,•ŸR‰ë¡‚ª‘åò—m‚ÆwSONGSx‚Å‹vX‹¤‰‰I‰‚Ì“ú–{•“¹ŠÙƒŠƒTƒCƒ^ƒ‹‚É—Õ‚Ş‘åò‚ÉgS“¾h‚ğ“`ö,https://news.yahoo.co.jp/articles/23abc7d8f28c15d6d42dafb363be2559506d798d,11/28(‰Î) 6:20
tvlife,TV LIFE web,“¡Œ´äˆê˜Y‚ªŠâ–{Æ‚ÌŒã”y–ğAa’[~•½‚ª”’Î–ƒˆß‚ğ„‚é—ö‚Ìƒ‰ƒCƒoƒ‹–ğ‚Åw—ö‚·‚éŒxŒì24x‚Éo‰‰Œˆ’èyƒRƒƒ“ƒg‚ ‚èz,https://news.yahoo.co.jp/articles/3fddb02e54e474850180a638fb0d3967e3c555d6,11/28(‰Î) 6:02
tvlife,TV LIFE web,‹Ê–ØG‚ªƒGƒ“ƒ^ƒi–@ƒhƒ‰ƒ}wƒWƒƒƒ“ƒk‚ÌÙ‚«x‚Éå‰‰ gŒŸ@R¸ˆõh‚É‘I‚Î‚ê‚½­—–Ÿ‰æ‰Æ‚ÌƒVƒ“ƒOƒ‹ƒtƒ@[ƒU[‚ÉyƒRƒƒ“ƒg‚ ‚èz,https://news.yahoo.co.jp/articles/7683db23947260dca1a347ade2f4bb17d5fbb54c,11/28(‰Î) 6:00
tvlife,TV LIFE web,GACKTuƒ{ƒN‚Íƒrƒr‚è[ƒLƒ“ƒOvw“Ë‘R‚Å‚·‚ªè‚Á‚Ä‚à‚¢‚¢‚Å‚·‚©Hx‰“oê‚ÅˆÓŠO‚È–{«‚©‚ç—öˆ¤ŠÏ‚Ü‚Å–¾‚ç‚©‚É,https://news.yahoo.co.jp/articles/5425f9ab5a4a57b14d0d811389a87e73a544ee28,11/28(‰Î) 5:30
tvlife,TV LIFE web,m‘ºÑ˜aå‰‰wSHUT UPx‚É–î“‡Œ’ˆêA‰ª–{—æA–ì˜C‰À‘ã‚ªƒQƒXƒgo‰‰IOP‹È‚ÍQuwAmzsrz‚ª’S“–@ƒeƒBƒU[‰f‘œ‚à‰ğ‹Ö,https://news.yahoo.co.jp/articles/a7dae8af99a2b835bee34142d66baaec28be300b,11/27(Œ) 21:00
tvlife,TV LIFE web,wCDTVƒ‰ƒCƒuIƒ‰ƒCƒuIx2ŠÔSP‚ÉBTSEJUNG KOOK‚ªƒ\ƒ‚Å‰“oêINEWSASexy ZoneATravis Japan‚ào‰‰,https://news.yahoo.co.jp/articles/9b5c6d3176e42b730373f2db52bad015e35c94b2,11/27(Œ) 21:00
tvlife,TV LIFE web,EXILE TAKAHIRO‚ÆXè””V‚ğƒŠ[ƒ_[‚É‚¨‹à‚ÉŠÖ‚·‚éƒNƒCƒY‚Åƒ`[ƒ€íIis‚Íƒnƒ‰ƒCƒ`àV•”w‚¢‚­‚ç‚©‚í‚©‚é‹àHx,https://news.yahoo.co.jp/articles/7668a2d130ce092edfccd276bac370628936213b,11/27(Œ) 20:30
tvlife,TV LIFE web,¼“cãÄ‘¾Šé‰æEå‰‰‚ÌˆÓ—~ìwTHE TRUTHx‚ÉƒIƒ_ƒMƒŠƒWƒ‡[A›“c«ôA•¿–{¶A“¡Œ´ƒqƒƒV‚ç‹‰ØƒLƒƒƒXƒgWŒ‹yƒRƒƒ“ƒg‚ ‚èz,https://news.yahoo.co.jp/articles/a3a3e808b399783ac6c3da93a6e16c64ba72ca00,11/27(Œ) 20:05
tvlife,TV LIFE web,–ñ50”NŠÔg–„‘ ‹à“`àh‚ğ’Ç‚¢‘±‚¯‚é”ªd–ì[O‚ªwƒNƒŒƒCƒW[ƒWƒƒ[ƒj[x‚É“oêI15‰­‰~‘Š“–‚Ì“¿ì–„‘ ‹à’T‚µ‚É¼–{lu‚ç‘å‹»•±,https://news.yahoo.co.jp/articles/5b747a62141786669368a41fdafebda2c04f81c7,11/27(Œ) 17:40
tvlife,TV LIFE web,¼–{áØ‚ª”’‚²”Ñ‚Éƒƒ“ƒoƒ“‚³‚¹‚½‚¨‚©‚¸‚ğ“–‚Ä‚éVŠé‰æ‚É’§íIw‰½‚©gƒIƒ‚ƒVƒ‚¢ƒRƒgh‚È‚¢‚ÌHx,https://news.yahoo.co.jp/articles/7133c00ffb13f5619723b702186b2c37d826e6b8,11/27(Œ) 17:30
tvlife,TV LIFE web,NARITA THOMAS SIMPSON@ƒfƒrƒ…[ƒ‰ƒCƒu‚Í¬“cºŸ‚Ì‰¹Šyl¶‚ğ•R‰ğ‚­ƒZƒbƒgƒŠƒXƒg‚Å–ˆõ‚ÌŠÏ‹q‚ğ–£—¹yƒ‰ƒCƒuƒŒƒ|[ƒgz,https://news.yahoo.co.jp/articles/2aae7e617d7ef0fef368b41c66e85161c313e143,11/27(Œ) 12:19
tvlife,TV LIFE web,—Ñ‘¾˜Yiîà‹´—D“lj‚Æ‚¤‚İi–L“ˆ‰Ôj‚Í—]–½‚ğL‚Î‚·‚½‚ß‹——£‚ğ’u‚­‚±‚Æ‚ğŒˆˆÓwŒN‚ª€‚Ê‚Ü‚Å‚ ‚Æ100“úx‘æ6˜b,https://news.yahoo.co.jp/articles/0c7710278c753bc275f97de40b7d115e34917755,11/27(Œ) 8:02
tvlife,TV LIFE web,wƒ}ƒCEƒZƒJƒ“ƒhEƒAƒIƒnƒ‹x‘æ6˜b–¢•ú‘—•ª{‘æ7˜b‚ÌSP”Å‚Å•ú‘—@‘}“ü‰Ì‚ğ‰Ì‚¤asmi‚ª‚ä‚é‚Ó‚í—q‘å¶–ğ‚Åƒhƒ‰ƒ}‰o‰‰,https://news.yahoo.co.jp/articles/09ddb729900f51f05c85804fcc1662bbf08be45a,11/27(Œ) 8:02
tvlife,TV LIFE web,Travis Japan‹{‹ßŠC“l•’†‘ºŠCl‚ªƒ^ƒC‚ÅƒWƒƒƒ“ƒOƒ‹’Eo‚É’§‚ŞI‚ ‚Î‚ê‚éŒN‚ÌuR‚²‚à‚èvŠé‰æ‚ÍŠØ‘—¿—‘æ2’ewƒAƒCEƒAƒ€E–`Œ¯­”Nx,https://news.yahoo.co.jp/articles/f35e5c1c55869a056d38d9497c87400e29e0b054,11/27(Œ) 7:05
tvlife,TV LIFE web,‰f‰æuDr.ƒRƒg[f—ÃŠvuƒCƒ`ƒPƒC‚ÌƒJƒ‰ƒXv”Nn‚É–{•Òƒm[ƒJƒbƒg‚Å’nã”g‰•ú‘—@˜Aƒhƒ‰•“Á•Ê”Ô‘g‚ÌÄ•ú‘—‚àŒˆ’è,https://news.yahoo.co.jp/articles/dcc6bd2acc5bb3898c7b877f38de5245744c30ff,11/27(Œ) 7:05
tvlife,TV LIFE web,ØX‚Æ•xàV‚½‚¯‚µ‚ÌŠç‚ÌƒTƒCƒY·‚ÉˆÉ’B‚İ‚«‚¨‹Á‚«u4”{‚Í‚ ‚è‚»‚¤vw‹A‚êƒ}ƒ“ƒf[Œ©‚Á‚¯‘à!!x,https://news.yahoo.co.jp/articles/23bbaf31ced9bd5acd877c510e94ddbc1a1dd38a,11/27(Œ) 7:02
tvlife,TV LIFE web,‚—œ—Õ‚ªw•v‚ğĞ‰ï“I‚É–•E‚·‚é5‚Â‚Ì•û–@ Season2x‚Éå‰‰u—N‚«‹N‚±‚é“{‚è‚â”ß‚µ‚İA•œQS‚ğ‰‰‚¶‚Ä‚¢‚¯‚ê‚Îv,https://news.yahoo.co.jp/articles/adefec52cd11874bf784a247a8ca68cdca17f020,11/27(Œ) 7:00
tvlife,TV LIFE web,wƒWƒ‡ƒ“ƒ\ƒ“xƒƒ“ƒo[‚ªgl¶Å‚‚ÌƒLƒX‘ÌŒ±h‚ğÎ‚¢‚È‚µ‚ÅŠ®‘SÄŒ»IƒqƒRƒƒq[A“¡“cƒjƒRƒ‹A‰¤—ÑAƒGƒ‹ƒtrì‚à‘å‹»•±,https://news.yahoo.co.jp/articles/60f4376edf526e74832139c1fd6bec649c566d46,11/27(Œ) 6:02
tvlife,TV LIFE web,ÎŒ´‚³‚Æ‚İ‚ª3”N‚Ô‚è‚É˜Aƒhƒ‰•œ‹A•‰‚ÌŒŸ––ğ‚É’§íI‹g“c‹IqƒIƒŠƒWƒiƒ‹‹r–{wDestinyx24”N4ŒŠú•ú‘—yƒRƒƒ“ƒg‚ ‚èz,https://news.yahoo.co.jp/articles/674467ead4ea1033e2ff7b2db7943b2c438e2216,11/27(Œ) 5:00
tvlife,TV LIFE web,‹{ŠÚ—Á‘¾‚ª–Ø—jŒ€êw‘å‰œx‚Å‰‚Ì˜Aƒhƒ‰ƒŒƒMƒ…ƒ‰[o‰‰@‹T—œ˜a–çg“¿ì‰Æ¡h‚Ìƒ‰ƒCƒoƒ‹E¼•½’èM–ğyƒRƒƒ“ƒg‚ ‚èz,https://news.yahoo.co.jp/articles/62f96325e93b608340656163542ae28d7e680d7b,11/27(Œ) 5:00
tvlife,TV LIFE web,‘ºdˆÇ“Ş‚ªwONE DAYx‚ÅGP‘Ñ˜Aƒhƒ‰‰o‰‰u‘ºd‚ªŒ9‚Éo‚é¢ŠEü‚ª‚ ‚Á‚½‚ñ‚Å‚·‚©?!v,https://news.yahoo.co.jp/articles/b43ac2a32408575370b5f22aac5897db3de91128,11/27(Œ) 4:00
tvlife,TV LIFE web,¼R‚Æ“c’†”ü—í‚ªgƒtƒŠƒtƒŒh‚ğ‘Ì“–‚½‚è‚Å•\Œ»u—öl‚Á‚Ä‚È‚ñ‚¾‚ë‚¤‚Æl‚¦‚é‚«‚Á‚©‚¯‚Évw‚±‚¤‚¢‚¤‚Ì‚ª‚¢‚¢x,https://news.yahoo.co.jp/articles/6835603c4f2ff619ff5a71e7c19928466f09a71c,11/26(“ú) 18:01
tvlife,TV LIFE web,w‰Ø‘å‚³‚ñ‚Æç’¹‚­‚ñxTVer‚¨‹C‚É“ü‚è“o˜^‚ª100–œl‚ğ“Ë”jIg‚©‚Ü‚¢‚½‚¿h‚È‚µ‚Ì”Ô‘g–¼‚Éƒmƒuu–ˆTo‚Ä‚Ü‚·‚¯‚Ç‚ËiÎjv,https://news.yahoo.co.jp/articles/2e3af394baa9b0ed92961c990fd6266d1079944e,11/26(“ú) 18:01
tvlife,TV LIFE web,wƒxƒXƒgƒA[ƒeƒBƒXƒg2023xSKY-HI~NissyA&TEAMABE:FIRSTAIMP.‚ªuD.U.N.K. Showcasev‹ƒZƒ‰ƒh[ƒ€‚©‚ç’†Œp‚ÅƒpƒtƒH[ƒ}ƒ“ƒX,https://news.yahoo.co.jp/articles/0b0d588dd3f2575d9efbabb5716ad039010ba4c6,11/26(“ú) 17:01
tvlife,TV LIFE web,’†‘òŒ³‹IAg‚¨‚¶‚¢h¬“úŒü•¶¢‚Íu–l‚ª˜b‚µ‚â‚·‚¢‚æ‚¤‚ÉÚ‚µ‚Ä‚­‚¾‚³‚¢‚Ü‚·vw‰º™ã‹…™xƒCƒ“ƒ^ƒrƒ…[,https://news.yahoo.co.jp/articles/c4c38d236cb8f931c6b414fadc0780d8fb3113ed,11/26(“ú) 12:11
tvlife,TV LIFE web,w‰º™ã‹…™x’ËŒ´‚ ‚äqŠÄ“Â‚ª–¾‚©‚·ƒAƒjƒ[ƒVƒ‡ƒ“‚ğæ‚è“ü‚ê‚½‘_‚¢uÅI‰ñ‚Ü‚Å‚É”Ş‚ç‚ªƒAƒjƒ‚Ì¢ŠE‚É’Ç‚¢‚Â‚¢‚Ä‚¢‚­‚æ‚¤‚É‚µ‚½‚¢v,https://news.yahoo.co.jp/articles/ae556616e95933422e17b704dc5d88c79b0fa6cc,11/26(“ú) 11:01
tvlife,TV LIFE web,’†RGª‚Ì’·’jE’†RãÄ‹M‚ªw‰º™ã‹…™x‚ÅV1”N¶•”ˆõ‚ÉuÅ‹‚ğ‚µ‚È‚ª‚çŠ´î‚ª“®‚­‚Æ‚¢‚¤ŒoŒ±‚ªA‚Æ‚É‚©‚­–Ê”’‚¢v,https://news.yahoo.co.jp/articles/651736115f43a69b37219cf1a5864244a6904842,11/26(“ú) 10:30
tvlife,TV LIFE web,R‰º”üŒƒCƒ“ƒ^ƒrƒ…[uo’í‚Ì‰·‚©‚İ‚Ì‚ ‚éŠ|‚¯‡‚¢‚ğ‘å–‚É‰‰‚¶‚Ä‚¢‚Ü‚·vw‰º™ã‹…™x,https://news.yahoo.co.jp/articles/4214c02d73d31a1343dbb8f34bff062d6234d46d,11/26(“ú) 8:05
tvlife,TV LIFE web,“c’†‚³‚ñi–Ø“ì°‰Äj‚Íˆ¤qæ¶i–¢—Bmiej‚É—U‚í‚ê‚é‚ª‚Ü‚Ü‘fŠç‚ÅƒVƒ‡[‚Éo‚Ä‚µ‚Ü‚¢cwƒZƒNƒV[“c’†‚³‚ñx‘æ6˜b,https://news.yahoo.co.jp/articles/65701207c9df2c484aaee3314fec54ee71cd243f,11/26(“ú) 7:04
tvlife,TV LIFE web,ˆÉ’B‚³‚ä‚èAƒhƒ‰ƒ}‰o‰‰‚Å–ì‹…À‹µ‚É‚à’§íuƒAƒiƒEƒ“ƒT[‚ğ–Úw‚·‹{‘ò‚ğ¶‚«¶‚«‚Æ‚³‚¹‚Ä‚ ‚°‚½‚¢vw‰º™ã‹…™xƒCƒ“ƒ^ƒrƒ…[,https://news.yahoo.co.jp/articles/ba2541525f2292eeaf7c8658a2cf09a4191a3082,11/26(“ú) 6:10
tvlife,TV LIFE web,“ü—ˆä—¢~”’Î”¹–ç‚ª•s—Ï‚µ‚ ‚¤•v•w–ğ‚ÅWå‰‰w–¨‚Æ“Åx24”N1E10ƒXƒ^[ƒgyƒRƒƒ“ƒg‚ ‚èz,https://news.yahoo.co.jp/articles/de6539f81dcc6fa43a8674456ca1fd35589ae8a0,11/26(“ú) 6:03
tvlife,TV LIFE web,³ŒP—áw‚³‚ñƒ^ƒNxŒ³“ú•ú‘—Œˆ’èI–¾Î‰Æ‚³‚ñ‚Ü•–Ø‘º‘ñÆ‚ªgƒhƒLƒhƒLh‚ğƒe[ƒ}‚ÉƒƒP‚Ö,https://news.yahoo.co.jp/articles/d258e840545788ba5cbcdb96d88604fb6b0adc46,11/26(“ú) 6:02
tvlife,TV LIFE web,‹À’ëi‹e’r•—–j•‰ØqiR“cˆÇ“Şj‚ªƒNƒ‰ƒu‚Éö“üI‘Ø”[Ò‚ÌƒMƒƒƒ‹‚Æƒoƒgƒ‹–u”­wƒ[ƒCƒ`ƒ‡[x‘æ8˜b,https://news.yahoo.co.jp/articles/0eba78fcdea2980faadbb1f6c9789b7cf29881a0,11/25(“y) 23:00
tvlife,TV LIFE web,¬‘ë–]‚ªƒjƒ…[ƒJƒŒƒhƒjƒA‚ÌƒJ[ƒjƒoƒ‹‚Å‘å‚Í‚µ‚á‚¬IŒ»’n‚Ìl‹C”Ô‘g‚©‚ç‚Ì“ËŒ‚æŞ‚àwƒŠƒA“ËWEST.x,https://news.yahoo.co.jp/articles/b87172667cfcff525cc64a133e2ade84c831cb95,11/25(“y) 21:06
tvlife,TV LIFE web,”¨‰èˆçå‰‰~WEST.íî“c’—TA’†ì‘å•ã‹¤‰‰wƒpƒeƒBƒXƒŠ[MONxV•ÄƒpƒeƒBƒVƒG‚ªŒJ‚èL‚°‚ég‚ ‚ÜƒLƒ…ƒ“hƒ‰ƒuƒXƒg[ƒŠ[yƒRƒƒ“ƒg‚ ‚èz,https://news.yahoo.co.jp/articles/ea971544116d11b63f87d95d61152c1e618cc443,11/25(“y) 18:03
tvlife,TV LIFE web,ƒ{ƒfƒB[ƒrƒ‹JK‚ÌƒXƒgƒCƒbƒN‚È¶Šˆ‚É–§’…Iƒ}ƒaƒ‰ƒu–ì“cuƒ}ƒbƒ`ƒ‡ƒu[ƒ€‚ª—ˆ‚Ä‚é‚Á‚ÄŠmM‚µ‚½Ivw’´–³“GƒNƒ‰ƒXx,https://news.yahoo.co.jp/articles/f7c9ccf7cd4e55b494d51bd0494bb1b5e8481516,11/25(“y) 14:01
tvlife,TV LIFE web,y#¡{ƒRƒŒƒNƒVƒ‡ƒ“z–î“ŞqA–Ú•W‚ÍƒAƒNƒVƒ‡ƒ“——Du‚Å‚«‚½‚çƒMƒƒƒbƒv‚É‚È‚é‚©‚È‚Æ‹»–¡‚ª‚ ‚è‚Ü‚·v,https://news.yahoo.co.jp/articles/c66c84f195ee7450504c4059fe3135ee79280716,11/25(“y) 7:31
tvlife,TV LIFE web,“c•Ó½ˆê‚ªwƒnƒRƒrƒ„x‚ÅƒeƒŒ“Œ˜Aƒhƒ‰‰å‰‰I‹¤‰‰‚ÍŒ³“úŒüâ46E‰eR—D‰ÀyƒRƒƒ“ƒg‚ ‚èz,https://news.yahoo.co.jp/articles/e625d0c366a0552b2efa8236dd10fbaa9bea3083,11/25(“y) 7:03
tvlife,TV LIFE web,ˆä‰YV•O‰YãÄ•½‚ªw‚¨‚Á‚³‚ñ‚¸ƒ‰ƒu|ƒŠƒ^[ƒ“ƒY|x‚ÉQíI“c’†Œ\•—ÑŒ­“s‚Ì“ä‚ß‚¢‚½—×l–ğyƒRƒƒ“ƒg‚ ‚èz,https://news.yahoo.co.jp/articles/8ce9438157da45a176496f477a16bd08baf18080,11/25(“y) 7:00
tvlife,TV LIFE web,ŸNˆäãÄ‚ç‚ªXƒ}ƒXƒXƒC[ƒcƒrƒ…ƒbƒtƒF‚ÅŒ³æ‚èƒ`ƒƒƒŒƒ“ƒWI‚İ‚â‚¼‚ñ‚Í‘S‘1ˆÊ‚Ì‚²“–’nƒ‰[ƒƒ“‚ğŠ¬”\wSHOWƒ`ƒƒƒ“ƒlƒ‹x,https://news.yahoo.co.jp/articles/6067c51af3cf990c3d2cf0acde2f94c370847084,11/25(“y) 7:00
tvlife,TV LIFE web,2l‚«‚è‚Ì‰·ò—·s‚Öcwid‰ª‘å‹Bj‚Í‰ÔiV–Ø—Dqj‚ª”é‚ß‚Ä‚«‚½gÁ‚¹‚È‚¢‰ß‹h‚ğ’m‚é‚±‚Æ‚Éw’Pg‰Ô“úx‘æ7˜b,https://news.yahoo.co.jp/articles/bd75127bf1d37dfa4e902750541b8599e3beb7d2,11/25(“y) 6:30
tvlife,TV LIFE web,wVIVANTx‚Å’–Ú‚ÌŒÂ«”h”o—DE‰Í“à‘å˜a‚ª‚·‚²˜rƒqƒbƒgƒ}ƒ“–ğ‚ÉIu‚¢‚Â‚©ˆÃEÒ‚ğ‰‰‚¶‚½‚¢‚Æv‚Á‚Ä‚¢‚½vw¡“ú‚©‚çƒqƒbƒgƒ}ƒ“x,https://news.yahoo.co.jp/articles/86aa08525873a5d999138e568d24077c1b25fb12,11/25(“y) 0:20
tvlife,TV LIFE web,‰i£—õA‚Ç‚çÄ‚«‚ğ‚­‚ê‚½™ç‰Ô‚ÉŠ´Óuƒhƒ‰‚¦‚à‚ñ‚ÉŒ©‚¦‚½v–k‘º ŠC‚Í‚½‚±Ä‚«‚à‚ç‚¤u–½‚Ì‰¶l‚Å‚·v,https://news.yahoo.co.jp/articles/a5ade2cf74975f96dd7e491def442b82e073c5d3,11/24(‹à) 23:15
tvlife,TV LIFE web,ƒŒƒWƒFƒ“ƒhƒOƒ‰ƒhƒ‹EÂèˆ¤‚ªwƒTƒEƒi‚Ì_‚³‚Üx‚É“oêIl¶‚ªg‚Æ‚Æ‚Ì‚Á‚½huŠÔ‚ğŒê‚éyƒRƒƒ“ƒg‚ ‚èz,https://news.yahoo.co.jp/articles/d2ea2666c1d14256ae3a367a5e561634a5a1ccf6,11/24(‹à) 21:01
tvlife,TV LIFE web,²–ì—E“l‚ªŒ“‹ß‘å÷•–“‡^”V‰î‚Æé‹ÊŒ§[’Js‚Å‚²“–’nƒOƒ‹ƒ—·I¡Œã‚Ì–Ú•W‚âŒ‹¥‚Ö‚Ìv‚¢‚àŒê‚éwƒƒVƒhƒ‰x,https://news.yahoo.co.jp/articles/f687f41089c7dfcec645251f27111f22b67fcbeb,11/24(‹à) 20:30
tvlife,TV LIFE web,“à‘ºŒõ—Ç‚ÌVŠé‰æ‚Å34Î‘åŠw¶‚Ì1“ú‚É–§’…@©‘EŒ^ƒhƒLƒ…ƒƒ“ƒ^ƒŠ[uƒ}ƒCƒƒ“ƒ^ƒŠ[v‚ğ•ú‘—wƒ`ƒƒƒ“ƒnƒEƒXx,https://news.yahoo.co.jp/articles/2803999025b4f51de05a99afde35b83d46c041b5,11/24(‹à) 19:00
tvlife,TV LIFE web,w‚¢‚¿‚Î‚ñ‚·‚«‚È‰Ôx•¨Œê‚ÌƒL[‚Æ‚È‚ég”ü’¹h–ğ‚Í“c’†—í“ŞI4l‚ÌålŒö‚Æ‚Ì‚Â‚È‚ª‚è‚ğ“õ‚í‚¹‚éd—v‚È–ğ‚Ç‚±‚ë‚É,https://news.yahoo.co.jp/articles/71e3f59ca185d3a3039199bf73d16bde427c9afd,11/24(‹à) 17:40
tvlife,TV LIFE web,‹À’ëi‹e’r•—–j‚ç‘æOŒW‚ª‰H¶isì—Rˆßj‚©‚ç–¾‚©‚³‚ê‚é‚İ‚ä‚«‚Ìs‚ÌˆÅu’¥Å‹Ö~ƒŠƒXƒgv‚Ì“ä‚É”—‚éwƒ[ƒCƒ`ƒ‡[x‘æ7˜b,https://news.yahoo.co.jp/articles/fb29851fef523d7bd11254a503f9c5ed2dc547db,11/24(‹à) 16:00
tvlife,TV LIFE web,’|à‹P”V•‚ªƒ{ƒTƒ{ƒT“ª‚ÌƒCƒP‚¨‚¶ƒAƒjƒ[ƒ^[gƒ{ƒTƒmƒo‚³‚ñh–ğ‚ÅwMaybe —ö‚ª’®‚±‚¦‚éx‚Éo‰‰yƒRƒƒ“ƒg‚ ‚èz,https://news.yahoo.co.jp/articles/a0b8922ddd9d05d0f0129d98375b77159b00b567,11/24(‹à) 12:07
tvlife,TV LIFE web,Travis Japan‚Æ‘S‘‘å‰ï3˜A”e‚Ì‚Zƒ_ƒ“ƒX•”‚ªSixTONESu‚±‚Á‚©‚çv‚ÅƒIƒŠƒWƒiƒ‹ƒ_ƒ“ƒX‚ğ‘nì•”â˜IwTravis Japan‚Ìƒ_ƒ“ƒX‚¾‚º!!x,https://news.yahoo.co.jp/articles/261a2444551ee4a3b3ce89c01d3ace4e7fd388fe,11/24(‹à) 7:10
tvlife,TV LIFE web,wƒIƒIƒJƒ~­”Nx”Ô‘gŠJn3”N–Ú‚Å‰‚ÌƒƒPI•l“c‰ëŒ÷A“c’†÷•ƒWƒFƒV[‚ç‚ªV‘å‹v•ÛEŒ´hEÔâ‚ğ•‘‘ä‚É”N‚Ì·ƒNƒCƒYƒoƒgƒ‹,https://news.yahoo.co.jp/articles/099a3229beb74ab882cd572bc8aa4f0629b1841c,11/24(‹à) 7:04
tvlife,TV LIFE web,Ö“¡HA¼–{áØ‚ªwŒN‚ªS‚ğ‚­‚ê‚½‚©‚çx‚Éo‰‰Œˆ’è@‰i–ì‰èˆè‚Ég‰ß“‚ÈŠïÕh‚ğ’ñ¦‚·‚é‚ ‚Ì¢‚©‚ç‚ÌˆÄ“àl–ğyƒRƒƒ“ƒg‚ ‚èz,https://news.yahoo.co.jp/articles/e447185687b5d7f0c0b3ed19ebb2eeb1344f1356,11/24(‹à) 7:04
tvlife,TV LIFE web,u‚¤‚»‚¾‚ëIvŸNˆäãÄå‰‰w‘å•a‰@è‹’x‚Ì‘±•ÒwXXXè‹’x24”N1Œ•ú‘—Œˆ’èIè‹’‚Ì•‘‘ä‚ÍuŒÂl“I‚É‚ÍŒ‹\D‚«‚ÈêŠv,https://news.yahoo.co.jp/articles/75ff900d2f27ad1c58b4fcdfd96344f034a786e1,11/24(‹à) 5:00
tvlife,TV LIFE web,å‰‰E”½’¬—²j~‹r–{E•Šâ•×‚ªƒ^ƒbƒOIƒTƒoƒCƒoƒ‹ˆã—Ãƒ~ƒXƒeƒŠ[wƒOƒŒƒCƒgƒMƒtƒgx1ŒƒXƒ^[ƒg,https://news.yahoo.co.jp/articles/13799430100f4dfbcf9ae995a2efae889ef52ce2,11/24(‹à) 5:00
tvlife,TV LIFE web,A‚¥! group³–å—Ç‹K‚ªƒI[ƒ‹‹“sƒƒPƒhƒ‰ƒ}‚Åå‰‰I•’i’…‚Ì‹“s‚Æ‚»‚Ì¶Šˆ‚ğ‚»‚Á‚Æ‚Ì‚¼‚­‚æ‚¤‚È•¨Œê,https://news.yahoo.co.jp/articles/086d27802f98c304dc8ef952520531d72aa4860a,11/24(‹à) 4:30
tvlife,TV LIFE web,‘Š—t‰ë‹IMCwVt~•”x24”N1E3•ú‘—Œˆ’èwVSx–¼•¨Šé‰æuBABA”²‚«Åã‰¤Œˆ’èívŠJÃ,https://news.yahoo.co.jp/articles/92c86b5e01a6971e9f47c62c4615c7aeeba85e20,11/23(–Ø) 20:01
tvlife,TV LIFE web,u‚ ‚´‚Æ˜Aƒhƒ‰vVƒVƒŠ[ƒY‚ªƒXƒ^[ƒgI—é–Øˆ¤—‚Æ•ĞŠñ—Á‘¾•¬X”¹‚ª‘åŒƒ˜_w‚ ‚´‚Æ‚­‚Ä‰½‚ªˆ«‚¢‚ÌHx,https://news.yahoo.co.jp/articles/dded9574ca2c747148604877eed441d9e85d82a5,11/23(–Ø) 18:03
tvlife,TV LIFE web,GACKTA¼–{luA¬–Ø”–¾‚ç‚ªgÌ‚ÍŒ™‚¢‚¾‚Á‚½‚¯‚ÇD‚«‚É‚È‚Á‚½lh‚ğÀ–¼”’wğ‚Ìƒcƒ}ƒ~‚É‚È‚é˜bx,https://news.yahoo.co.jp/articles/1670c4fd9f70573edde0368df35be4354df5db64,11/23(–Ø) 15:00
tvlife,TV LIFE web,u‚¨‚Á‚³‚ñ‚¸ƒ‰ƒu“Wv12E23‚æ‚è‘S‘6“ss‚Å“¯ŠJÃI‘±•ÒwƒŠƒ^[ƒ“ƒYx“W¦ƒGƒŠƒA•ƒtƒHƒgƒXƒ|ƒbƒg‚à,https://news.yahoo.co.jp/articles/35bdbcf61d93d6f890812ea35a8107458e283198,11/23(–Ø) 12:01
tvlife,TV LIFE web,–kìŒiq‚ª–LbG‹gA“¿ì‰Æ‚ä‚©‚è‚Ì–¼•ó‚ğ„‚éu‘f’¼‚ÉŠ´“®‚µ‚Ü‚µ‚½vw‹“s “V‰ºl‚ªˆ¤‚µ‚½”üx,https://news.yahoo.co.jp/articles/717fb05a53b382ae1645fb409236e24c2e5f52f2,11/23(–Ø) 12:01
tvlife,TV LIFE web,STAYC‚É‘ºdˆÇ“Ş‚ª–§’…uTGCv•‘‘ä— ‚âƒXƒe[ƒWˆß‘••ƒƒ“ƒo[‚Ì„•¨ƒ`ƒFƒbƒN‚àwK-POP HOUSEx,https://news.yahoo.co.jp/articles/8ec1f7ecbe1ebc67541ffb5ff66b65ba6250a57e,11/23(–Ø) 11:00
tvlife,TV LIFE web,wƒS[ƒ‹ƒfƒ“ƒ‰ƒ”ƒBƒbƒgIx12E26‚É3ŠÔ¶•ú‘—I—j“úƒŒƒMƒ…ƒ‰[•ƒ‰ƒ”ƒBƒbƒgIƒtƒ@ƒ~ƒŠ[‘¨60l‚ªWŒ‹yo‰‰Òˆê——z,https://news.yahoo.co.jp/articles/b9f41f6ef76c9d97d6858ab474117a152e408c65,11/23(–Ø) 10:00
tvlife,TV LIFE web,wŠÖ“àƒfƒrƒ‹x4”N˜A‘±4‰ñ–Ú‚Ì”N‰z‚µ“Á”Ô¶•ú‘—•¶”zMŒˆ’èIƒGƒr’†‚É‚æ‚éƒ`ƒƒƒŒƒ“ƒWŠé‰æ‚à,https://news.yahoo.co.jp/articles/5a9ac19fcd6eaa9982cec8da89dd8ae0279ee845,11/23(–Ø) 7:10
tvlife,TV LIFE web,“¹}x—C‚ªƒS[ƒ‹ƒfƒ“‘Ñ˜Aƒhƒ‰‰å‰‰Il¶‰‚Ì‹à”¯‚Å“ä‘½‚«ƒJƒŠƒXƒ}“]Z¶‚Éwƒ}ƒ‹ƒX|ƒ[ƒ‚ÌŠv–½|x24”N1ŒƒXƒ^[ƒgyƒRƒƒ“ƒg‚ ‚èz,https://news.yahoo.co.jp/articles/76fe6a98f87d1ca78322646342a2c357d03a01a6,11/23(–Ø) 6:43
tvlife,TV LIFE web,ano‚Ì‹à”¯‰‚¨”â˜I–Ú‚àIBE:FIRSTAR‰º’q‹vAYOASOBI‚ç‚ªgƒuƒ‹[ƒJ[ƒyƒbƒgh‚ğƒEƒH[ƒLƒ“ƒOuMTV VMAJ 2023 Pre-Showv,https://news.yahoo.co.jp/articles/8a7a8c15466733cb79ed07154fc61f16c2ba3f47,11/23(–Ø) 6:31
tvlife,TV LIFE web,wƒpƒŠƒsE–¾xÅI˜b‚ÉŠô“c‚è‚çAƒnƒ‰ƒ~‚¿‚á‚ñABase Ball BearEŠÖªjDAŒ³ƒ]ƒtƒB[Eã“cq•½‚ªƒQƒXƒgo‰‰yƒRƒƒ“ƒg‚ ‚èz,https://news.yahoo.co.jp/articles/a2c737ba00de518bd0905ffafaae272f6e6f7811,11/23(–Ø) 6:03
tvlife,TV LIFE web,‚ä‚è‚ i›–ì”ü•äj‚ª—D–íi–ØŒË‘å¹j‚Ì•ƒE”i‹{“¡Š¯‹ã˜Yj‚Æ‰‘Î–Ê@u¶—¢i‹{àVƒGƒ}j‚Íg‰Æ‘°h‚ğˆø‚«—ô‚±‚¤‚Æ‘å–\‘–w‚ä‚è‚ æ¶‚ÌÔ‚¢…x‘æ6˜b,https://news.yahoo.co.jp/articles/57d62bc542605ab09367082eeb2fd6336e2eccad,11/23(–Ø) 6:00
tvlife,TV LIFE web,ƒ_ƒCƒAƒ“’Ã“c‚ªGP‘Ñƒoƒ‰ƒGƒeƒB[‚Å‰‚Ì’P“ÆMCIGACKT•“ñŠK“°‚Ó‚İ‚ªR¸ˆõ‚ÉwãÄ‚ñ‚Åé‹ÊPresents “ú–{‘S‘ ˆ¤‚·‚×‚«‹t‚¨‘©–GPx,https://news.yahoo.co.jp/articles/4bf6b12ca70a9310d45f16957f94dbbd6111bf30,11/23(–Ø) 5:30
tvlife,TV LIFE web,‚±‚Ì‚İiâV“¡”ò’¹j‚Æ‘Š—ÇiòàV—SŠój‚Ìo‰ï‚¢‚ğ•`‚­w‚¢‚¿‚Î‚ñ‚·‚«‚È‰ÔxƒXƒsƒ“ƒIƒtƒhƒ‰ƒ}‚ª”zMI‚ä‚­‚¦i‘½•”–¢‰Øqj‚à“oê,https://news.yahoo.co.jp/articles/0806176e6bd649f48b9d40e49f350f3111cd9345,11/23(–Ø) 4:30
tvlife,TV LIFE web,‚ ‚Ì‚ª—LŒ¾Às‚ÌwSASUKEx‰QíIŠâ–{ÆAíî“c’—TA&TEAMEFUMAAƒTƒ‹ƒSƒŠƒ‰Ô‰H‚ç‚à“oê@5”N‚Ô‚è‚É1stƒXƒe[ƒW‚ÉVƒGƒŠƒA,https://news.yahoo.co.jp/articles/4caeb9de007a5f66045bcd108fc2b59f13f5ceca,11/23(–Ø) 4:00
tvlife,TV LIFE web,Xìˆ¨‚ªuƒXƒ|[ƒcƒXƒ^ƒbƒLƒ“ƒOv‚Å‘å•‘‘ä‚ÖIƒ`ƒƒƒ“ƒJƒƒC‚ÍƒAƒtƒŠƒJ‚Å‹—Í‰ñ•œ‚É’§‚ŞwÀÛ‚Ç‚¤‚È‚Ì‰ÛxƒS[ƒ‹ƒfƒ“2ŠÔSP,https://news.yahoo.co.jp/articles/4e4a1c01160ef4007b3b999219bb1c1a83c64546,11/23(–Ø) 1:00
tvlife,TV LIFE web,w—L‹g‚Ì•ÇxuƒuƒŒƒCƒNƒA[ƒeƒBƒXƒg‘IèŒ vƒŠƒAƒ‹ƒ‰ƒCƒu‘æ3’e24”N2E15ŠJÃI—L‹gOs‰Qí•KOUGUˆÛV‚Íƒtƒ@ƒCƒiƒ‹,https://news.yahoo.co.jp/articles/0f8c3c6b1bc8432b52cb68bdf9b6f245d48fd1bf,11/22(…) 21:00
tvlife,TV LIFE web,LIL LEAGUE‚çLDH‚Ìáè4‘g‚ªƒQ[ƒ€‚ÅŒƒ“ËI‚¯‚ñ‚ƒŠƒŒ[‚â‹¹ƒLƒ…ƒ“‚º‚è‚Ó‘ÎŒˆ‚Å‰Î‰ÔU‚ç‚·uƒ”ƒBƒNƒgƒŠ[ƒOISPƒXƒe[ƒWv,https://news.yahoo.co.jp/articles/7d4d403c583257ea2f49c74f7fb25506b23b402f,11/22(…) 18:02
tvlife,TV LIFE web,‰¡R—T•‘å‘ò‚ ‚©‚Ë‚ª‘ä˜p‚Ìâ‘Î‚És‚­‚×‚«ŠÏŒõƒXƒ|ƒbƒg„‚èuK‚¹‚ª‚±‚±‚É‚ ‚è‚Ü‚·Ivwƒqƒ‹ƒiƒ“ƒfƒXIx,https://news.yahoo.co.jp/articles/e1a912cdb336264726077399c2831bd91dee8d1a,11/22(…) 14:01
tvlife,TV LIFE web,u‚ME ‰ÍŒû‰Ä‰¹‚Ì‚¦‚¦ŠG‰f‰æ‚Æcv‘æ16‰ñFuÅ‹­‚Ì‚Ó‚½‚èvy˜AÚƒRƒ‰ƒ€z,https://news.yahoo.co.jp/articles/8df0d1efb254a9f7e5b3c6f3f6cc19f63e93e237,11/22(…) 12:30
tvlife,TV LIFE web,‘Š—t‰ë‹I‚ªƒƒo[ƒgHRA‚à‚¤’†‚çlˆÄ‚ÌgHƒŠƒ|‚Åâ‘ÎŒ¾‚í‚È‚¢ˆêŒ¾h‚ğÀ‰‰u•Ï‚ÈŠ¾o‚Ü‚µ‚½‚Ëvw–Ø7~•”•ƒIƒhƒnƒ‰‡‘Ì2ŠÔSPx,https://news.yahoo.co.jp/articles/9987731bfb48d4d6d0b979467527f4aff12db856,11/22(…) 12:05
tvlife,TV LIFE web,wƒuƒ‰ƒbƒNƒtƒ@ƒ~ƒŠƒAxHuluƒIƒŠƒWƒiƒ‹ƒXƒg[ƒŠ[”zMŒˆ’è@ˆÉu—äi’·È—å‰›j‚Ì‰ß‹‚â—í”üi“›ˆä^—qj‚Ì’m‚ç‚ê‚´‚éŠ‹“¡‚ª–¾‚ç‚©‚É,https://news.yahoo.co.jp/articles/17f8930345bf58793a11e1057a4c66f0124d4a22,11/22(…) 12:02
tvlife,TV LIFE web,w²Œ´æ¶‚Æ“yŠò‚­‚ñxƒƒCƒ“ƒrƒWƒ…ƒAƒ‹‰ğ‹ÖIOPå‘è‰Ì‚ÍWATWINGA’Ç‰ÁƒLƒƒƒXƒg‚É‘]–ìw‘¾A¼–{‘å‹PA•S£‘ñÀA–xŠC“oyƒRƒƒ“ƒg‚ ‚èz,https://news.yahoo.co.jp/articles/7f5a2cd3bcabc91de391992ce4d58ae1e001273f,11/22(…) 8:04
tvlife,TV LIFE web,GACKTu–l‚Í©•ª‚Ì‚±‚Æ‚ª‚·‚²‚­Œ™‚¢‚¾‚Á‚½vS‚Ì’†‚ğ•]˜_‰ÆŒR’c‚ª“O’ê‰ğ–¾wƒzƒ“ƒ}‚Å‚Á‚©!?TVx,https://news.yahoo.co.jp/articles/145b737ba5b38d42e7005987f5558a5507104dfb,11/22(…) 8:03
tvlife,TV LIFE web,STU48E•õ‹gˆ¤—œ¹~•º“ªˆ¨~‰ª“c‚ ‚¸‚İ~‹v—¯“‡—D‰Ê~‚—Y‚³‚â‚©‚ªŠ¥”Ô‘g‚ÅHIPHOP‚ÆƒWƒƒƒYƒ_ƒ“ƒX‚É’§íIwSTU48‚ÌSTU‚Å‚¡ƒ_ƒ“ƒXxƒCƒ“ƒ^ƒrƒ…[,https://news.yahoo.co.jp/articles/8a04f2b2efc98e4edf4937d5fead03cb6753529a,11/22(…) 7:04
tvlife,TV LIFE web,STU48Eb”ãSˆ¤~”—•P‰Ø~‘]ìçˆ¨‚ªL“‡E”ö“¹‚ÅƒƒP‚É’§íIwSTU48‚ÌSTU‚Å‚¡ƒ_ƒ“ƒXxƒCƒ“ƒ^ƒrƒ…[,https://news.yahoo.co.jp/articles/4a810d42279f382a60325f53353ffc95a35faf47,11/22(…) 7:04
tvlife,TV LIFE web,ƒtƒW‘å‚İ‚»‚©‚Í2”N˜A‘±w“¦‘–’†x‰‚Ì”N‚Ü‚½‚¬•ú‘—‚Ågƒ^ƒCƒ€ƒŠ[ƒvh‚ğƒe[ƒ}‚É‹ó‚ğ’´‚¦‚½Œˆí,https://news.yahoo.co.jp/articles/fda55b1170d78dcc393f11fdfeaa4de4227ba022,11/22(…) 7:02
tvlife,TV LIFE web,w’©ƒƒV‚Ü‚ÅSPBx“Œ‹ƒXƒJƒCƒcƒŠ[Åã•”‚Ì“_ŒŸì‹Æ‚ğƒeƒŒƒr‰ŒöŠJ@’z’n‚Ì’©‚ğx‚¦‚é•v•w‚Ì‘sâl¶‚ÉƒXƒ^ƒWƒI—Ü,https://news.yahoo.co.jp/articles/195d41e3e10c45fb46fd21445e31ef03838bac17,11/22(…) 6:04
tvlife,TV LIFE web,gˆø‚«‚ªˆ«‚·‚¬‚é—‚½‚¿h‚Ì‚Ô‚Á‚¿‚á‚¯ƒg[ƒN‚ÉROLAND‚à‚¨èã‚°u–l‚Ìƒf[ƒ^ƒx[ƒX‚É‚Í‚È‚¢vwã“c‚Æ—‚ª–i‚¦‚é–éx,https://news.yahoo.co.jp/articles/77b8c7337ec89da04233a94d6755ff8d6ca664e9,11/22(…) 6:03
tvlife,TV LIFE web,w—L‹g‚Ì•ÇSPxƒAƒhƒŠƒu‘å‰Íu–Ê”’“a‚Ì17lv‚Å–À‰‰‹Z˜A”­@‚â‚·q‚ªƒ}ƒaƒ‰ƒu‘ºã‚ÆƒyƒAƒ‹ƒbƒNA‚ ‚¢‚È‚Õ‚£‚Íƒpƒ“ƒT[”öŒ`‚Æ…êƒlƒ^,https://news.yahoo.co.jp/articles/38102275af2477db396fd494535e13e530714ba8,11/22(…) 6:01
tvlife,TV LIFE web,‘Š—t‰ë‹Ii‰ïw2023FNS‰Ì—wÕx2T˜A‘±‚Å¶•ú‘—@o‰‰ƒA[ƒeƒBƒXƒg90‘g”­•\@Y‹x‚Ì‰i“‡—D”üƒAƒi‘ã‘Å‚Íˆäã´‰ØƒAƒi,https://news.yahoo.co.jp/articles/7212e4866d23bceb0b203d7c5c2420b21ac7667f,11/22(…) 6:00
tvlife,TV LIFE web,ˆ¢•”—º•½‚ªŸ¢‘ãƒGƒlƒ‹ƒM[‚ÌÅ‘Oü‚ğŠw‚ÔuƒSƒ~‚ğƒGƒlƒ‹ƒM[‚ÉzŠÂ‚³‚¹‚é•û–@‚ª‚ ‚é‚Ì‚ÍV‘N‚ÈŠw‚Ñ‚Å‚µ‚½vwLive News ƒCƒbƒgIx,https://news.yahoo.co.jp/articles/9f8207c8235d499fae99454e688d01016c730799,11/22(…) 5:30
tvlife,TV LIFE web,3‚ÌƒqƒƒCƒ“E•Ÿ“c–ƒ‹M‚ªƒtƒW…10˜gw¥Šˆ1000–{ƒmƒbƒNx‚Åƒhƒ‰ƒ}‰å‰‰@ƒNƒY’j‚Ì—H—ì‚Æ‹¤‚É¥Šˆ‚É•±“¬yƒRƒƒ“ƒg‚ ‚èz,https://news.yahoo.co.jp/articles/1e0a56e4c9b8b64cda864cc509aa56f817cc77f3,11/22(…) 5:00
tvlife,TV LIFE web,–k“ßA—Ñ‰èˆŸ—¢‚ª“n•ÓãÄ‘¾å‰‰wæ¶‚³‚æ‚¤‚È‚çx‚Éo‰‰Œˆ’èIƒNƒ‰ƒ“ƒNƒCƒ“ƒRƒƒ“ƒg‚à“’…,https://news.yahoo.co.jp/articles/f8ebde8f5b70977200027b0e855b0f7d402dcda6,11/22(…) 4:00
tvlife,TV LIFE web,w‘æ65‰ñ ‹P‚­I“ú–{ƒŒƒR[ƒh‘åÜxŠeÜóÜÒ‚ªŒˆ’è@—DGì•iÜ‚ÉV‚µ‚¢ŠwZ‚ÌƒŠ[ƒ_[ƒYAAdoAJO1ABE:FIRST‚çyóÜÒˆê——z,https://news.yahoo.co.jp/articles/c1e389ff6b43cb61e5e8b85ef4d97c7c73d03a14,11/22(…) 0:00
tvlife,TV LIFE web,«Šû‘Î‹ÇƒXƒ^ƒCƒ‹‚Å‡í‚ÌU–h‚ğ•`‚­wŒƒ“ËI‡í«Šûx‘æ2’e‚Íuoì‚Ìí‚¢vŸ’n—Á‚ªD“cM’·A‹Ê’u—æ‰›‚ªóˆä’·­‚ÉyƒRƒƒ“ƒg‚ ‚èz,https://news.yahoo.co.jp/articles/cd1d7610ef7e151fc37ae6bc1c0c4f2dd12121e7,11/21(‰Î) 20:18
tvlife,TV LIFE web,¬“c˜a³‚ÌgjãÅ”N’·h‘S‘ƒAƒŠ[ƒiƒcƒA[‚ÉNHK‚ª–§’…@‰¹Šy‚É‘Î‚·‚ép¨‚ğŒê‚éƒCƒ“ƒ^ƒrƒ…[‚à,https://news.yahoo.co.jp/articles/44bdb78d830537380ba72ece7eadc768bcf2e00b,11/21(‰Î) 20:02
tvlife,TV LIFE web,ã”’Î–G‰¹‚ªìŒ‚É‚àQ‰Á‚µ‚½V‹ÈuLoopv‚ª¼–{•äå‰‰SPƒhƒ‰ƒ}w©“]‚µ‚È‚ª‚çŒö“]‚·‚éxå‘è‰Ì‚ÉŒˆ’èu[‚­‹¤Š´‚µ‚È‚ª‚çŒ¾—t‚ğ–a‚¬‚Ü‚µ‚½v,https://news.yahoo.co.jp/articles/35f456ac56023c39a130e80f0654c105eb975c93,11/21(‰Î) 18:06
tvlife,TV LIFE web,‘íK„å‰‰wƒfƒtEƒ”ƒHƒCƒX –@’ì‚Ìè˜b’Ê–ómxu•·‚±‚¦‚éE•·‚±‚¦‚È‚¢v‚Æ‚¢‚¤ƒe[ƒ}‚ğ‹Šo“I‚É•\Œ»‚µ‚½ƒL[ƒrƒWƒ…ƒAƒ‹•—\ƒeƒBƒU[‰f‘œ‚ªŒöŠJ,https://news.yahoo.co.jp/articles/98fc21662325c80caafb15dd0cad29913ba3ac0a,11/21(‰Î) 14:43
tvlife,TV LIFE web,ƒ}ƒVƒ“ƒKƒ“ƒYŒR’c‚ª‘åã‚Ìƒ|ƒCÌ‚ÄƒSƒ~‚ÆŠi“¬IƒAƒ“ƒ^ƒbƒ`ƒƒƒuƒ‹‚Íg‘åã‚Ì‹ã—´éh‚Åƒ„ƒoƒEƒ}ƒOƒ‹ƒ‚ğŠ¬”\wƒAƒ“ƒ^ƒbƒ`ƒƒƒu‚éTVx,https://news.yahoo.co.jp/articles/79c74efddf236f14a89655da9353d2b2968ce31d,11/21(‰Î) 12:41
tvlife,TV LIFE web,gMr.ƒA[ƒ`ƒFƒŠ[hƒWƒFƒV[‚ª7“x–Ú‚Ì_‹Æ’B¬‚É’§‚ŞIƒEƒCƒJAl\Z‚³‚­‚çA‚È‚¦‚È‚Ì‚É‚æ‚éƒNƒŒ[ƒ“ƒQ[ƒ€—’éŒˆ’èí‚àwTHE_‹Æƒ`ƒƒƒŒƒ“ƒWSPx,https://news.yahoo.co.jp/articles/9b2b9eb66edb537d7ed1cc1035a9deb6bf2b5413,11/21(‰Î) 12:25
tvlife,TV LIFE web,w—öˆ¤‚Ì‚·T‚ßxjŒ[‰i‚çƒNƒCƒYŒ¤‹†‰ï~ƒAƒoƒ“ƒMƒƒƒ‹ƒfƒB~chelmico‚ªƒ_ƒ“ƒXƒRƒ‰ƒ{IƒoƒuƒŠ[ƒ_ƒ“ƒX‚Ì¶‚İ‚Ìeakane‚ªU•t,https://news.yahoo.co.jp/articles/7c03e8c04d24748354b2880772a5910c6052d8de,11/21(‰Î) 12:08
tvlife,TV LIFE web,‰Äquˆê‚É‚Â‚¶‚Â‚Ü‡‚í‚¹‚Ü‚µ‚å‚¤I vw‚ğ‚©‚¯‚é‚ÈA—öl‚½‚¿x‘æ7˜b‚ÍãÄi‰iR‰l‘¾j‚Ì¥–ñÒƒŠƒŠƒŠ[i‰Äqj‚ªŠˆ–ô,https://news.yahoo.co.jp/articles/213b5caef3d7db5e1d77310e9abcc7ee965cda62,11/21(‰Î) 8:30
tvlife,TV LIFE web,ƒnƒVƒ„ƒXƒEƒAƒcƒR‚ªuƒrƒXƒgƒƒ_ƒCƒAƒ“v‚É—ˆ“XIƒmƒuuŒ³BiSH‚Ìƒƒ“ƒo[‚Íç’¹‚Ì”Ô‘g‚Éˆê¶o‚ç‚ê‚é‚©‚ç‚Ëvw‰Ø‘å‚³‚ñ‚Æç’¹‚­‚ñx,https://news.yahoo.co.jp/articles/035678199d7c60534b5c8682e7fe1ec91c924f7a,11/21(‰Î) 8:03
tvlife,TV LIFE web,y#¡{ƒRƒŒƒNƒVƒ‡ƒ“z—é–Ø•ŸA‘f‚Ì«Ši‚ÍƒX[ƒp[ƒ|ƒWƒeƒBƒuHu•’i‚©‚çƒ}ƒCƒiƒX‚ÈŠ´î‚ª‘S‘R‚È‚¢‚ñ‚Å‚·v,https://news.yahoo.co.jp/articles/a2d0e586063bd7232c2825e67cfa30d627858b52,11/21(‰Î) 7:11
tvlife,TV LIFE web,wƒIƒ‚ƒEƒ}‚¢“XxVŠé‰æn“®I—\Z2000‰~ˆÈ“à‚Å’©E’‹E”Ó‚Æ1“ú3H‚ğŠy‚µ‚ß‚é‚Ì‚©H‰‰ñ‚Í‹“s‚Ö,https://news.yahoo.co.jp/articles/cb3c005c341e0269d3b0f19035c7ab670a737689,11/21(‰Î) 7:05
tvlife,TV LIFE web,w‰Æ­•v‚Ìƒ~ƒ^ƒ]ƒmx‘æ7˜b‚Ì”hŒ­æ‚Ígƒ|ƒcƒ“‚Æ‚µ‚½ˆêŒ¬‰Æh ƒ\ƒƒLƒƒƒ“ƒv‚Ì’BlEƒqƒƒV‚à“oêyƒRƒƒ“ƒg‚ ‚èz,https://news.yahoo.co.jp/articles/bb28933e25cb3ce9cba3ffbc627ab1b8997f6bd1,11/21(‰Î) 7:00
tvlife,TV LIFE web,’|“à—Á^‚Ì–…E‚½‚¯‚¤‚¿‚Ù‚Ì‚©•’íE’|“à—Bl‚ªw‚³‚ñ‚ÜŒä“ax‰“oêI“Œ‹23‹æŠO‚Åˆç‚Á‚½ƒ^ƒŒƒ“ƒg‚ªƒ}ƒEƒ“ƒg‡í,https://news.yahoo.co.jp/articles/87cc774c7b790eb945bb1eb7f7ffe8c2a8ba486f,11/21(‰Î) 6:01
tvlife,TV LIFE web,•½–ìƒŒƒ~‚ª‹âÀ‚ÌŒƒˆÀƒX[ƒp[‚Å”š”ƒ‚¢•Œƒ‚¤‚ÜƒŒƒVƒsŒöŠJI—é–ØˆŸ”ü‚ÌƒŠƒAƒ‹‰Æ–‚É‚à–§’…w‰Æ–ƒ„ƒƒE!!!2ŠÔSPx,https://news.yahoo.co.jp/articles/9dabf985fda9cf80fac7c414442a0880992fac48,11/21(‰Î) 6:00
tvlife,TV LIFE web,Î‹´‹M–¾~ƒAƒ“ƒ^ƒbƒ`ƒƒƒuƒ‹wƒUE×‚©‚·‚¬‚Ä“`‚í‚ç‚È‚¢ƒ‚ƒmƒ}ƒlx12E16•ú‘—I”Ô‘g‰‚Ì”NŠÔ2“x–Ú‚ÌŠJÃ,https://news.yahoo.co.jp/articles/210ed19fcea504b49064dd2cbf29988c115c3215,11/21(‰Î) 5:30
tvlife,TV LIFE web,Ado‚ªwƒxƒXƒgƒA[ƒeƒBƒXƒg2023x‚ÅƒeƒŒƒr‰ƒpƒtƒH[ƒ}ƒ“ƒXI‘åƒqƒbƒg‹Èu¥vuTot Musicav‚ğ‰Ì¥,https://news.yahoo.co.jp/articles/0359c84e4a8f675b6865da8154eb8e31eaf17aa9,11/21(‰Î) 5:00
tvlife,TV LIFE web,NMB48EˆÀ•”áØ‚Ìƒfƒrƒ…[¬àwƒAƒCƒhƒ‹¸ŠixR–{–]Šå‰‰‚Åƒhƒ‰ƒ}‰»@ƒKƒ`—öƒIƒ^ƒN‚ÆƒAƒCƒhƒ‹‚Ì—ö‚Æ¬’·‚Ì•¨ŒêyƒRƒƒ“ƒg‚ ‚èz,https://news.yahoo.co.jp/articles/0aad107878b9114242c8f22b400c4bd46855140e,11/20(Œ) 21:01
tvlife,TV LIFE web,wCDTVƒ‰ƒCƒuIƒ‰ƒCƒuIx2ŠÔSP‚ÅuKing GnuƒtƒFƒXvŠJÃI•ŸR‰ë¡ASuperflyAATEEZA¼‰ºŸ©•½A‚¢‚«‚à‚Ì‚ª‚©‚è‚à“oê,https://news.yahoo.co.jp/articles/8c56f3ee2adadb5394d611c7c75a55e1b3d5c67b,11/20(Œ) 21:00
tvlife,TV LIFE web,Xìˆ¨‚ªuƒXƒ|[ƒcƒXƒ^ƒbƒLƒ“ƒOvƒAƒWƒA‘å‰ï‚Å‹àE‹âE“ºƒƒ_ƒ‹Šl“¾‚Ì‰õ‹“w‚»‚ê‚Á‚Ä!?ÀÛ‚Ç‚¤‚È‚Ì‰ÛxƒS[ƒ‹ƒfƒ“2ŠÔSP‚Å•ú‘—,https://news.yahoo.co.jp/articles/dda31888761a8bcf8330c4ad2f9a90188403028b,11/20(Œ) 21:00
tvlife,TV LIFE web,wƒ}ƒCEƒZƒJƒ“ƒhEƒAƒIƒnƒ‹x‰–‘º—¢ƒvƒƒfƒ…[ƒT[‚ª‘æ6˜b‚ÌŒ©‚Ç‚±‚ë‚ğŒê‚éuƒXƒ^ƒbƒt‚àƒjƒ„ƒjƒ„‚·‚é‚Ù‚Ç‚ÌgƒLƒ…ƒ“ƒfƒŒh‰ñIv,https://news.yahoo.co.jp/articles/1a3571087b9247fcf8beeef58e6d2f1b132ba907,11/20(Œ) 19:00
tvlife,TV LIFE web,Œ´“c‘×‘¢~O‘îOé~ˆé‘º—E“lwƒT“¹2023SPxXƒ}ƒXƒCƒu‚É•ú‘—Œˆ’èu2023”N‚Ì’÷‚ß‚­‚­‚è‚É3l‚Å‚Æ‚Æ‚Ì‚¦‚é‚±‚Æ‚ª‰½‚æ‚è‚¤‚ê‚µ‚¢v,https://news.yahoo.co.jp/articles/a1e90de4a301b9530c42843b39ce15d6415823d1,11/20(Œ) 18:01
tvlife,TV LIFE web,¬’r‰hqA“Ë‘R‚Ì‘¦‹»Å‹‚©‚ç‚Ì’a¶“úƒTƒvƒ‰ƒCƒY‚É—Ü~‚Ü‚ç‚¸u‚È‚ñ‚Ä‚©‚í‚¢‚¢‚±‚Æ‚ğIvwƒRƒ^ƒc‚ª‚È‚¢‰Æx,https://news.yahoo.co.jp/articles/4775ddb7e6e7c319d80fbbc1393d4ed3c680bb14,11/20(Œ) 18:01
tvlife,TV LIFE web,ƒiƒCƒiƒC•HŒ³^‰Ä‚ª¼”C’J—RÀƒfƒrƒ…[50ü”N‹L”OƒcƒA[‚Éö“üwTŠ§ƒiƒCƒiƒCƒ~ƒ…[ƒWƒbƒNx,https://news.yahoo.co.jp/articles/37f87050c21242d008d6fadc0931a26df3f6953b,11/20(Œ) 17:01
tvlife,TV LIFE web,w–‚‰ü‘¢‚Ì–éx11Œ‚Íuƒz[ƒ€ƒx[ƒJƒŠ[ƒpƒ“‘åH‚¢‹£‘ˆv•12Œ‚ÍuƒJƒƒŒƒIƒ“‚¿‚á‚ñƒ_[ƒcv’´À—Í”h3ƒ`[ƒ€‚ªŒƒ“Ë,https://news.yahoo.co.jp/articles/6d3d748019fd24141c0833ff72a2a441321d4cce,11/20(Œ) 16:58
tvlife,TV LIFE web,Œ³ƒƒWƒƒ[ƒŠ[ƒK[‚Ììí•@‘¥‚ªw‰º™ã‹…™x‚É‘ÎíZ‚ÌŠÄ“Â–ğ‚Å“oêu–ğÒ°‚Åæ‚èØ‚è‚Ü‚µ‚½IiÎj–ì‹…AƒTƒCƒR[IIIv,https://news.yahoo.co.jp/articles/d93f58113a8867738d1686afd63759af1bcd5d30,11/20(Œ) 10:01
tvlife,TV LIFE web,‘ºãMŒÜ•ƒ}ƒcƒR‚ÌS—ƒeƒXƒgŒ‹‰Ê‚ÉƒXƒ^ƒWƒI”šÎu–é‚Ó‚©‚µ“IƒnƒƒEƒB[ƒ“‰¼‘•‘åÜv‚àwŒ—j‚©‚ç–é‚Ó‚©‚µx,https://news.yahoo.co.jp/articles/02415e878d8e3dd2f9f24d67f8e3f5ec3d8e2325,11/20(Œ) 8:01
tvlife,TV LIFE web,¼‰ª¹G‚ª—é­‰›m‚ÉƒƒPw“ìuŒN‚Ì¶‚Ü‚ê‚é‘O‚©‚çƒƒP‚â‚Á‚Ä‚é‚©‚çIvw‹A‚êƒ}ƒ“ƒf[Œ©‚Á‚¯‘à!!x,https://news.yahoo.co.jp/articles/a024a46d073604094f357a8e998598254feaa67b,11/20(Œ) 7:02
tvlife,TV LIFE web,•“‡Œ‹Ø‚ª”L¨p‚Åu‚µ‚è‚Æ‚è˜A‘zƒLƒŒ‚éƒQ[ƒ€v‚É’§íIt“ú‚Ìƒnƒvƒjƒ“ƒO‚É—Ü‚ğ—¬‚µ‚Ä‘å”šÎw‰½‚©gƒIƒ‚ƒVƒ‚¢ƒRƒgh‚È‚¢‚ÌHx,https://news.yahoo.co.jp/articles/de794d3d4320cd987c20eead855b613d3fa4cb3b,11/20(Œ) 6:30
tvlife,TV LIFE web,ât—¢•ÛA“û_‹ÛƒIƒ^ƒN—q–ğ‚Å’nã”g˜Aƒhƒ‰‰å‰‰I–¾“úŠC‚è‚¨‚ª‹³ˆçŒWA‹´–{‚³‚Æ‚µ‚Í“û_‹Û–ğw„‚µ‚ğ¢‚µã‚ª‚êx24”N1E10ƒXƒ^[ƒg,https://news.yahoo.co.jp/articles/ad6a391a4ed4b7bc2c35ae1cc09ed39b90aa456f,11/20(Œ) 6:04
tvlife,TV LIFE web,–“‡^”V‰î•îà“ˆ­L‚ª”g—Úå‰‰wƒKƒ‰ƒX‚Ìéx‚Éo‰‰Œˆ’è@‰‹¤‰‰‚ÅĞ“àEl–Œ‚ğ’Ç‚¤ŒY–ƒRƒ“ƒr‚ÉyƒRƒƒ“ƒg‚ ‚èz,https://news.yahoo.co.jp/articles/8d5033e43229792a6d735f7d9ecc70e2e03059e6,11/20(Œ) 6:04
tvlife,TV LIFE web,Xìˆ¨‚ª–Ø—jŒ€êw‘å‰œxo‰‰Œˆ’è@¬Å•—‰Ô‰‰‚¶‚é—Ïq‚ğ’Ç‚¢‚Ş•t‚«l–ğ‚ÉuŒ™‚í‚ê‚Ä‚È‚ñ‚Ú‚©‚È‚Æv‚Á‚Ä‚¢‚Ü‚·v,https://news.yahoo.co.jp/articles/868f3bee1e62a8b7ee477f41ab0c88ef6df635d4,11/20(Œ) 6:04
tvlife,TV LIFE web,ƒ‚ƒOƒ‰ƒCƒ_[EÅ‘å•ã‚ÌÀ‰Æ‚ªŒo‰c‚·‚é–¯h‚Å‘å‰ƒ‰ïIuƒWƒ‡ƒ“ƒ\ƒ“Œ|l‘å‰^“®‰ïv–¢ŒöŠJí–Úg„•¨Ø‚è•¨‹£‘ˆh‚Ì–Í—l‚à•ú‘—wƒWƒ‡ƒ“ƒ\ƒ“x,https://news.yahoo.co.jp/articles/1a5d299906aac25ae451e51d9d370333c213fd76,11/20(Œ) 6:04
tvlife,TV LIFE web,ˆ¢•”Œ°—’•ˆ¢‹v’Ãmˆ¤Wå‰‰‚ÅwBLƒhƒ‰ƒ}‚Ìå‰‰‚É‚È‚è‚Ü‚µ‚½xƒhƒ‰ƒ}‰»Il‹CNo.1”o—D‚Æ’n–¡Œn”o—D‚Ì“¯±ƒ‰ƒuƒRƒyƒRƒƒ“ƒg‚ ‚èz,https://news.yahoo.co.jp/articles/6831a1974cb25b8c6892c0adc15f61097da4acfc,11/20(Œ) 5:30
tvlife,TV LIFE web,“ñ‹{˜a–çA‘å‘ò‚½‚©‚¨A’†’J”ü‹I‚ço‰‰‚ÅwONE DAYx‘O“úæ‚ğ•`‚­uƒGƒsƒ\[ƒh0vTVerŒÀ’è‚Å”zM@–{•Ò‚ÆƒŠƒ“ƒN‚·‚é•šü‚à,https://news.yahoo.co.jp/articles/06f6734380c159e26787812ec768404b748970b0,11/20(Œ) 5:30
tvlife,TV LIFE web,–å˜e”‚ª©•ÂƒXƒyƒNƒgƒ‰ƒ€Ç‚Ì—¿—l–ğ‚É’§‚Ş@‹¤‰‰‚Í‰i£—õA‘åX“ì•üw~–[‚Ì‚ ‚è‚·x24”N1ŒƒXƒ^[ƒgyƒRƒƒ“ƒg‚ ‚èz,https://news.yahoo.co.jp/articles/653fea73e29f47e27e9513550db1d74ba4ff9ab2,11/20(Œ) 5:00
tvlife,TV LIFE web,R“c—T‹MA‰‰‚¶‚é’‰Ÿ‚ª‰ÆN‚ğg”F‚ß‚½huŠÔŒê‚é@å‰‰E¼–{‚Æ‚ÌB‰e”é˜b‚àcw‚Ç‚¤‚·‚é‰ÆNx,https://news.yahoo.co.jp/articles/9e9beb20d7daa854a75a4fd91a15c87ba7df949e,11/19(“ú) 21:00
tvlife,TV LIFE web,‚³‚ç‚ÎÂt‚ÌŒõ‚ªƒRƒ“ƒr‚ÅƒS[ƒ‹ƒfƒ“”Ô‘g‰MCI–k“l»AXŸ‚Æ‚³‚Ü‚´‚Ü‚Èg‰‘ÌŒ±h‚ğŠÏ@wQUIZI‰‘ÌŒ±lŠÔx,https://news.yahoo.co.jp/articles/8492e0cbeab8b785fc445635e7198a47568a1d5b,11/19(“ú) 18:31
tvlife,TV LIFE web,ŒüˆäN“ñ‚ªwƒŠƒrƒ“ƒO‚Ì¼‰i‚³‚ñx‚Éo‰‰Œˆ’èI’†“‡Œ’lg¼‰ih‚Æ’j‚Ì—Fî‚ÅŒ‹‚Î‚ê‚½ƒo[ƒeƒ“ƒ_[–ğyƒRƒƒ“ƒg‚ ‚èz,https://news.yahoo.co.jp/articles/867dbc398e8d040669fc8d3fc8f8455ab53ee7d1,11/19(“ú) 12:36
tvlife,TV LIFE web,m‘ºÑ˜aå‰‰wSHUT UPxƒƒCƒ“ƒrƒWƒ…ƒAƒ‹‰ğ‹Ö@’Ç‰ÁƒLƒƒƒXƒg‚Éˆêƒm£éDAˆğ¶—IAˆäã‘z—ÇA–ì‘ºN‘¾A‘ì‘ñ–íyƒRƒƒ“ƒg‚ ‚èz,https://news.yahoo.co.jp/articles/76c60d04fa7cca48fcc87d7f43b2f46f3a275ca5,11/19(“ú) 12:21
tvlife,TV LIFE web,•º“ªŒ÷ŠCu‚à‚Á‚Æ^‚ñ’†‚Å“ú—jŒ€ê‚É‹A‚Á‚Ä‚±‚ç‚ê‚é‚æ‚¤‚È–ğÒ‚É‚È‚è‚½‚¢vw‰º™ã‹…™xƒCƒ“ƒ^ƒrƒ…[,https://news.yahoo.co.jp/articles/0e80ba5c4e6cb3e1585106f778c82b80f84c2d47,11/19(“ú) 12:17
tvlife,TV LIFE web,19Î”N‰ºƒ‚ƒfƒ‹È‚ÆÄ¥‚µ‚½ˆäŒË“c‚ğ¿–âU‚ßIˆÙí‚ÈƒoƒCƒNˆ¤‚É…–ì”ü‹I‚©‚çƒ_ƒo‚µ‚àwƒh[ƒiƒcƒg[ƒNx,https://news.yahoo.co.jp/articles/b43a884b925f6de7b71a9aa4b2c0d1cf20c28fb0,11/19(“ú) 12:03
tvlife,TV LIFE web,“c’†‚³‚ñi–Ø“ì°‰Äj‚Ì‰e‹¿‚Åâ™–ìi–ˆŒFÆj‚Ìº˜a‚È‰¿’lŠÏ‚É•Ï‰»‚ªcwƒZƒNƒV[“c’†‚³‚ñx‘æ5˜b‚ ‚ç‚·‚¶,https://news.yahoo.co.jp/articles/dc4544b863387f9725377480198988ae0fc4d8ed,11/19(“ú) 11:41
tvlife,TV LIFE web,u‰Æ‘°‚Ì“úv“Á•ÊŠé‰æI¬’r‰hqå‰‰wƒRƒ^ƒc‚ª‚È‚¢‰Æx[–x‰Æ‚ÌƒGƒ‚‚¢ƒV[ƒ“‚ğW‚ß‚½ƒXƒyƒVƒƒƒ‹ƒ€[ƒr[ŒöŠJ,https://news.yahoo.co.jp/articles/d0a69df38996494a2b545a97f661fdb0137323f9,11/19(“ú) 11:31
tvlife,TV LIFE web,TBS‘å‚İ‚»‚©‚Í’†‹³LMC‚ÅwWBC2023“Á”Ôx–ñ6ŠÔ¶•ú‘—I˜ƒWƒƒƒpƒ“‘Iè‚à“oê@‰o‚µ‰f‘œAV‹KƒCƒ“ƒ^ƒrƒ…[‚ÅŒƒ“¬‚Ì•‘‘ä— ‚ğ[Œ@‚è,https://news.yahoo.co.jp/articles/861076f2700b403b05ea32c6a8d802edaf0e0671,11/19(“ú) 10:02
tvlife,TV LIFE web,‰ØqiR“cˆÇ“Şj‚ğ‹~‚Á‚½Œ³’¥Å—™ˆõE‰H¶isì—Rˆßj‚ÉŠÒ•t‹à1ç–œ‰~‚ªŒë‘—‹àc‚İ‚ä‚«‚Ìs‚ÌˆÅ‚à–¾‚ç‚©‚Éwƒ[ƒCƒ`ƒ‡[x‘æ7˜b,https://news.yahoo.co.jp/articles/7a0a42a25fb049f718c8c3b9f3a19ea252b4ecda,11/18(“y) 23:00
tvlife,TV LIFE web,gƒpƒ“ƒ`ƒp[ƒ}’c’·h—¦‚¢‚é­”¸‰s‰‰‡’c‚É–§’…I—^“c—SŠóuæ”y‚½‚¿‚ÌƒAƒ‚Æƒ€ƒ`‚Ìg‚¢•û‚ª”²ŒQIvw’´–³“GƒNƒ‰ƒXx,https://news.yahoo.co.jp/articles/76921c602413d0aa5b85b7a31911127efdfe7ff2,11/18(“y) 14:00
tvlife,TV LIFE web,‚È‚É‚í’jqE‘å¼—¬¯•‚‹´‹±•½‚ªuŠwZ‚©‚­‚ê‚ñ‚Úv‚É‰QíI“úŒüâ46E‰Á“¡j”¿•‰Í“c—zØ‚Íu‚«‚à‚¾‚ß‚µv‚É©M–XwV‚µ‚¢ƒJƒMx,https://news.yahoo.co.jp/articles/e995a72fef3f3af72e2daa21ab332db892a97fb1,11/18(“y) 13:01
tvlife,TV LIFE web,wSASUKE2023xÅI—\‘I‰ï5“ú˜A‘±”zMI”T–Øâ46E²“¡•–‚ª¹’nE—ÎR‚Å‰‰‡uƒhƒ‰ƒ}‚ª‚ ‚è‚·‚¬‚Ä–{“–‚ÉŠ´“®‚µ‚Ü‚µ‚½v,https://news.yahoo.co.jp/articles/20c933facf15b57c16b05c03b15b521d95d2cbdc,11/18(“y) 12:03
tvlife,TV LIFE web,Œ´Ø”T‰Ø‚ªŒê‚ég—öˆ¤ƒ‚ƒ“ƒXƒ^[h‚¿‚Ó‚ä‚Æ‚¢‚¤V‹«’nu„‚É‚Æ‚Á‚Ä‚Í‚²–J”ü‚Ì‚æ‚¤‚È–ğ•¿vw“Dà^‚ÌH‘ìx,https://news.yahoo.co.jp/articles/4e63bff1768688dc5b4e55c02b0a5e02f811f622,11/18(“y) 8:00
tvlife,TV LIFE web,¡“cki•¼‘º¹—F—‚ªW‰“oêI‰Œ‹‚Ñ‚Ì‚²—˜‰v‚Å—L–¼‚ÈˆÉ²{”ü_Ğ‚ğ–Úw‚·woì“N˜N‚Ì[“d‚³‚¹‚Ä‚à‚ç‚¦‚Ü‚¹‚ñ‚©Hx,https://news.yahoo.co.jp/articles/0eb406d05026f894d1b8d70b1eb900a0554319c5,11/18(“y) 8:00
tvlife,TV LIFE web,g”m‚¿‚á‚ñh‚½‚¿‚ªŒê‚é3–‡‚ÌÊ^‚É‰B‚³‚ê‚½uº˜a‚ÌŠ´“®”é˜bv‚Éˆ¢ì²˜aqAƒqƒƒ~AƒEƒCƒJ‚à—Üw”m‚¿‚á‚ñSPx,https://news.yahoo.co.jp/articles/c4ab8b7b5e3c09cd6512f486394b8604bfa4820d,11/18(“y) 7:32
tvlife,TV LIFE web,ŸNˆäãÄ‘‡i‰ïwƒxƒXƒgƒA[ƒeƒBƒXƒg2023x12E2‚É4ŠÔ¶•ú‘—Io‰‰ƒA[ƒeƒBƒXƒg27‘g”­•\@Kep1erA—D—¢AJO1‚ç‚ª‰o‰‰,https://news.yahoo.co.jp/articles/74ce45f242d05ed0c4ee21d730cc6c1e16d7b339,11/18(“y) 7:11
tvlife,TV LIFE web,‰““¡Œ›ˆê‚ªg“V‚Õ‚ç‚Ì’´lh‚Ì“X‚Ål¶‰‚ÌHƒŠƒ|‚É’§íIu‘ål‚ÌĞ‰ï‰ÈŒ©Šwv‚Å‚Íó‘›‚Æ_“c–¾_‚É‚Â‚¢‚ÄŠw‚ÔwSHOWƒ`ƒƒƒ“ƒlƒ‹x,https://news.yahoo.co.jp/articles/1189c66189dbeae67f660f6d8ec431f90a2257f5,11/18(“y) 7:02
tvlife,TV LIFE web,w‚¨‚Á‚³‚ñ‚¸ƒ‰ƒu|ƒŠƒ^[ƒ“ƒY|x“à“c—‰›AáÁ“‡G˜a‚çƒŒƒMƒ…ƒ‰[w‘Sˆõ‘±“ŠIVƒrƒWƒ…ƒAƒ‹‚àŒöŠJ@‰‰ñ•ú‘—“ú‚Í1Œ5“úyƒRƒƒ“ƒg‚ ‚èz,https://news.yahoo.co.jp/articles/8bbc3a3b119c9d9e87bf53fcd8ca2ca3e5d090b7,11/18(“y) 7:00
tvlife,TV LIFE web,l‹CƒOƒ‰ƒhƒ‹Eá•½ä»¶‚ªw¡“ú‚©‚çƒqƒbƒgƒ}ƒ“x‘æ5˜b‚ÉƒQƒXƒgo‰‰u‚Æ‚Ä‚àŠy‚µ‚­B‰e‚ª‚Å‚«‚½‚Æv‚¢‚Ü‚·Iv,https://news.yahoo.co.jp/articles/eadaa1d921cf2abf4354f78dc32fc7a75d58223e,11/18(“y) 6:31
tvlife,TV LIFE web,A‚¥! group¬“‡Œ’~óì—œ“Şw‹A‚Á‚Ä‚«‚½‚ç‚¢‚Á‚Ï‚¢‚µ‚ÄBxTVer—İŒvÄ¶”‚ª350–œ‰ñ’´‚¦I‘æ6˜bˆÈ~‚Í‹ƒ‚¯‚é—v‘f‚à,https://news.yahoo.co.jp/articles/ce8d0bbcbf722141570eecda85815176874eed6f,11/17(‹à) 22:23
tvlife,TV LIFE web,‘å]–ƒ—qƒLƒƒƒXƒ^[‚ªwƒ‚ƒ„‚³‚ÜSPx‚É4”N‚Ô‚èQíuÀ‰Æ‚É–ß‚Á‚Ä‚«‚½‹C•ªv‚³‚Ü‚Ÿ`‚¸‚ÆƒƒP”Ô‘g‰‹¤‰‰‚ÌƒUƒLƒ„ƒ}‚à“oê,https://news.yahoo.co.jp/articles/bd23b57e268370c9432f6a2629c2aacaa8c0d621,11/17(‹à) 20:54
tvlife,TV LIFE web,w‚²‚Ô‚²‚Ôxgƒ~ƒXƒ^[ƒ^ƒCƒK[ƒXhŠ|•z‰ë”V‚Æuã_ƒ^ƒCƒK[ƒX‚ÌAREƒXƒ|ƒbƒg„‚èvƒ^ƒCƒK[ƒXˆêF‚Ì“òè’†‰›¤“XŠX‚É‘å‹»•±,https://news.yahoo.co.jp/articles/9bfb9d1e04e24c09bc744c77e5d5457b5625e66a,11/17(‹à) 20:24
tvlife,TV LIFE web,ƒQƒXƒg‚ÍKing & Prince‰i£—õIŒ“‹ß‘å÷‚Æ–“‡^”V‰î‚É–²‚ğŒê‚éu‚à‚¤1‰ñƒh[ƒ€‚Åƒ‰ƒCƒu‚µ‚½‚¢vwƒƒVƒhƒ‰x,https://news.yahoo.co.jp/articles/75e340801aa84be26d0626d2d27cd312c20b75b3,11/17(‹à) 18:01
tvlife,TV LIFE web,w‚Ú‚Á‚¿E‚´E‚ë‚Á‚­IxÂR‹g”\~’·’Jìˆç”üƒCƒ“ƒ^ƒrƒ…[Iu‚Ğ‚Æ‚è‚Ú‚Á‚¿“Œ‹v‚©‚çuÂtƒRƒ“ƒvƒŒƒbƒNƒXv‚Ü‚ÅcŒ‹‘©ƒoƒ“ƒh‰‚Ìƒƒ“ƒ}ƒ“ƒ‰ƒCƒu‚ğU‚è•Ô‚é,https://news.yahoo.co.jp/articles/4a4131d5f93198c6477d78eb4e67a040cfa4042e,11/17(‹à) 12:10
tvlife,TV LIFE web,w‚»‚êƒXƒmx‰‚ÌŠCŠOƒƒP‚Åˆ¢•”—º•½•ŒüˆäN“ñ‚ªƒ^ƒC‚ÖI–Ú•˜@‚Í‰«“ê‚ÌŠC‚ÅgƒJƒWƒL’Ş‚èh‚É’§í,https://news.yahoo.co.jp/articles/902280a5b7904d70c00c51b8f50c5344766c2961,11/17(‹à) 11:02
tvlife,TV LIFE web,‚Ó‚¹‚¦‚èuƒ`ƒY‚Ì–ğŠ„‚ÍAƒXƒYqiï—¢j‚É‚Æ‚Á‚Äw“Œ‹‚Ì‚¨‰Æx‚Å‚ ‚Á‚ÄA‚»‚±‚ÅŒ©ç‚é‚Æ‚¢‚¤‚±‚Æ‚¾‚Æv‚Á‚Ä‚¢‚Ü‚·vwƒuƒMƒEƒMx,https://news.yahoo.co.jp/articles/6581972a446fd0d65e878e89689b99f5c377f790,11/17(‹à) 8:20
tvlife,TV LIFE web,Šé‰æEå‰‰ ¼“cãÄ‘¾~‘‡‰‰oE‹r–{ ‚è‘ì”n‚ÌVŠ´Šoƒjƒ…[ƒXƒVƒ‡[wTHE TRUTHx12E5ƒXƒ^[ƒgyƒRƒƒ“ƒg‚ ‚èz,https://news.yahoo.co.jp/articles/4c16ebea1a96b8f1489ed875cd7006ce6ad2ac49,11/17(‹à) 8:03
tvlife,TV LIFE web,‹}Ú‹ß‚·‚é‚¿‚È‚ÂiR–{•‘j‚ÆR–{i[àV’CÆj‚ªf’v‚³‚ê‚Äc\‹gi‘Š—t‰ë‹Ij‚Í2l‚ğ‹~o‚ÉŒü‚©‚¤w¡“ú‚©‚çƒqƒbƒgƒ}ƒ“x‘æ4˜b,https://news.yahoo.co.jp/articles/c9739901b344798048a1af57c1cd59572dd4f2ba,11/17(‹à) 6:01
tvlife,TV LIFE web,‹{“¡Š¯‹ã˜Y‚ª—D–íi–ØŒË‘å¹j‚Ì•ƒ–ğ‚Åw‚ä‚è‚ æ¶‚ÌÔ‚¢…x‚Éo‰‰@›–ì”ü•ä‚Æ11”N‚Ô‚è‚Ì‹¤‰‰u•§’¸–Ê‚ª’j‘O‚Å‚·‚Ä‚«‚¾‚È‚Ÿ‚Æv,https://news.yahoo.co.jp/articles/4cdcb09a828e3d05d0a92456d0300ca013daaf0b,11/16(–Ø) 22:00
tvlife,TV LIFE web,INIA‘å’Ëˆ¤AAwesome City ClubA–l‚ªŒ©‚½‚©‚Á‚½Â‹ó‚ªw—L‹gƒ~ƒ…[ƒWƒbƒNƒtƒFƒXxo‰‰I—L‹gOs‚ç‚Æ‚±‚±‚Å‚µ‚©•·‚¯‚È‚¢ƒg[ƒN‚à,https://news.yahoo.co.jp/articles/caea297b6de9d148464978d32b3b69347214957c,11/16(–Ø) 19:01
tvlife,TV LIFE web,wƒpƒŠƒsE–¾x‘æ9˜b‚ÉƒQƒX‚Ì‹É‚İ‰³—E‹x“ú‰Û’·AÎè‚Ğ‚ã[‚¢A“n•Ó‘å’mA…—j“ú‚ÌƒJƒ“ƒpƒlƒ‰E‰H‚ªo‰‰Œˆ’èyƒRƒƒ“ƒg‚ ‚èz,https://news.yahoo.co.jp/articles/b3ad5fd4c035924507e9904b2096872836d55744,11/16(–Ø) 16:14
tvlife,TV LIFE web,˜a“cƒAƒLq‚ªwlu¼–{‚Ìğ‚Ìƒcƒ}ƒ~‚É‚È‚é˜bx‰“oê@g‘å‚°‚³‚·‚¬‚éh“`à‚Ì“š‚¦‡‚í‚¹‚Å‘å·‚èã‚ª‚è,https://news.yahoo.co.jp/articles/18874fe6fd60999504583dafddea30fc507e11ae,11/16(–Ø) 15:00
tvlife,TV LIFE web,––àV½–ç•‘ŠÔƒŠƒ`ƒƒ[ƒhŒh‘¾‚Æƒƒ“ƒYƒlƒCƒ‹‚É’§í@A‚¥! group‚Ì‚¯‚ñ‚©ƒGƒsƒ\[ƒh‚â‰Á“¡ƒVƒQƒAƒL‚Ì•—ğj‚àcwNEWS‚Ì‘S—Í!!ƒƒCƒLƒ“ƒOx,https://news.yahoo.co.jp/articles/584078a8871c2002be75450711deb33f6956318a,11/16(–Ø) 12:00
tvlife,TV LIFE web,–©li‹–{‘å‰äj‚Æá”TiŒÃì‹Õ‰¹j‚Ì—ö‚Ìn‚Ü‚è‚ğ—\Š´‚³‚¹‚éuŒ¾‚¦‚È‚¢”é–§v‘æˆê’eƒrƒWƒ…ƒAƒ‹‚ª‰ğ‹Ö@ƒRƒ~ƒJƒ‰ƒCƒY‚àŒˆ’è,https://news.yahoo.co.jp/articles/75d70e961dd5a965d72ab0aeffdf544e5b47761f,11/16(–Ø) 8:00
tvlife,TV LIFE web,‚ä‚è‚ i›–ì”ü•äj‚Æ—D–íi–ØŒË‘å¹j‚Ìg‹Ö’f‚Ì—öh‚ğâg‹vi—é­‰›mj‚ª–ÚŒ‚IŒá—Çi“c’†“Nij‚Í‚Â‚¢‚ÉŠoÁcHw‚ä‚è‚ æ¶‚ÌÔ‚¢…x‘æ5˜b,https://news.yahoo.co.jp/articles/aa83bac9b2dc7d724c6d94fd1ae2e60c3b338deb,11/16(–Ø) 6:02
tvlife,TV LIFE web,”T–Øâ46ìí•÷‚ªw‘S“ú–{ƒtƒBƒMƒ…ƒAƒXƒP[ƒg‘IèŒ xƒXƒyƒVƒƒƒ‹ƒTƒ|[ƒ^[‚ÉA”Cw¢ŠEƒtƒBƒMƒ…ƒAx‚É‘±‚«2‹G˜A‘±yƒRƒƒ“ƒg‚ ‚èz,https://news.yahoo.co.jp/articles/4787560da842115340571e3b0ee311d71d7186e9,11/16(–Ø) 5:30
tvlife,TV LIFE web,ƒ^ƒ‚ƒŠ‚ª•xmRE•ó‰i‰ÎŒû‚Ì’ê‚Öu‚â‚Á‚Ï‚è©‘R‚Ì—Í‚Í‚·‚³‚Ü‚¶‚¢‚È‚Æv•xmR•¬‰Î‚ğ‚³‚Ü‚´‚Ü‚ÈŠp“x‚©‚çŒŸØwƒ^ƒ‚ƒŠƒXƒe[ƒVƒ‡ƒ“x,https://news.yahoo.co.jp/articles/4ddbf76dd8b95b5ef5f3792498d9770382fb2fe6,11/16(–Ø) 5:00
tvlife,TV LIFE web,¼–{•äå‰‰A“¡Œ´‹Gß‹¤‰‰‚Å’¼–ØÜì‰ÆER–{•¶Œ´ì‚Ìw©“]‚µ‚È‚ª‚çŒö“]‚·‚éx‚ğƒhƒ‰ƒ}‰»yƒRƒƒ“ƒg‚ ‚èz,https://news.yahoo.co.jp/articles/1b65071f474975e496e417e082e0aa270d217e2b,11/16(–Ø) 4:00
tvlife,TV LIFE web,“Œ‹03 –L–{–¾’·‚ª—Iìi‹g‰ªG—²j‚Ì’í–ğ‚ÅwƒRƒ^ƒc‚ª‚È‚¢‰Æxo‰‰IuŒ»À–¡‚ª‚È‚¢Š´‚¶‚ª‚µ‚Ä•sv‹c‚ÈŠ´Šo‚Å‚µ‚½v,https://news.yahoo.co.jp/articles/972a2142f2ab0d473d69b7b9a909335fca4cc2b1,11/15(…) 23:00
tvlife,TV LIFE web,oì“N˜N‚ªuƒeƒŒ“Œ60Õ—‚È‚º‚©‰¡•lÔƒŒƒ“ƒKvƒI[ƒvƒjƒ“ƒOƒZƒŒƒ‚ƒj[‚É“oêuƒeƒŒ“Œ‚ÍƒAƒCƒfƒAŸ•‰Iv,https://news.yahoo.co.jp/articles/40f92f04c9a7b5884e254855b86c6131b312b4d8,11/15(…) 20:27
tvlife,TV LIFE web,ˆêƒm£éDAw‚¢‚¿‚Î‚ñ‚·‚«‚È‰Ôx‚Å¼‰ºŸ©•½‚Ì’í–ğ‚ğD‰‰u¼‰º‚³‚ñ‚Ì‚¨‚©‚°‚ÅƒXƒb‚ÆŒZ’í‚ç‚µ‚¢‹ó‹CŠ´‚É‹ß‚Ã‚¯‚Ü‚µ‚½v,https://news.yahoo.co.jp/articles/5a79499bb1430607bda00b33a7101109bde0ffe1,11/15(…) 20:00
tvlife,TV LIFE web,VŠé‰æuƒAƒhƒŠƒu‘å‰Ívn“®I—L‹gOsŠÄ“Â‚Ì‘å‰Íƒhƒ‰ƒ}u–Ê”’“a‚Ì17lv‚ÌB‰e‚Öw—L‹g‚Ì•Çx2ŠÔSP,https://news.yahoo.co.jp/articles/64caa5ace6e4574b046c0030b67094c5c3a1bf2a,11/15(…) 15:14
tvlife,TV LIFE web,“¡“cƒjƒRƒ‹‚ª©ŒÈ—¬‚Ì‹Ù’£‰ñ”ğ•û–@‚ğ”’ug’N‚àŠ½º‚ğã‚°‚Ä‚­‚ê‚È‚¢h‚Á‚Äl‚¦‚évwƒzƒ“ƒ}‚Å‚Á‚©IHTVx,https://news.yahoo.co.jp/articles/bdc6cca39a4d5b4d9552b0a593a4ff2544192c21,11/15(…) 8:03
tvlife,TV LIFE web,›ˆä—F~’†‘º‚ä‚è‚©Wå‰‰‚ÅƒŒƒYƒrƒAƒ“‚Ìãi‚Æ•”‰º‚ªŒJ‚èL‚°‚ég•œQˆ¤‘Œ€h‚ğ•`‚­wƒ`ƒFƒCƒT[ƒQ[ƒ€W ƒpƒƒnƒ‰ãi‚Í„‚ÌŒ³ƒJƒmx•ú‘—Œˆ’èyƒRƒƒ“ƒg‚ ‚èz,https://news.yahoo.co.jp/articles/8ab900888d76870734625a80c6b3628fb56e225d,11/15(…) 8:01
tvlife,TV LIFE web,‚©‚Ü‚¢‚½‚¿Eà_‰Æ•˜a‹E…“c•‚±‚ª‚¯‚ñ‚É’´ˆê—¬ƒVƒFƒtŒR’c‚ªƒŠƒxƒ“ƒW@ƒKƒ`—¿—ƒoƒgƒ‹‚ÅŒƒ“Ëw‚©‚Ü‚¢ƒKƒ` 1ŠÔSPx,https://news.yahoo.co.jp/articles/0e4719d040ee3ee8cf835ce872a2159c1425d1e7,11/15(…) 7:02
tvlife,TV LIFE web,‰¡R—T‚ªƒXƒ^ƒWƒI‚É‰“oêIw–Ø7~•”x‚Å“c’†÷‚ğ‘åD‚«‚È—q¶“k‚ªƒƒCƒN‚Åg®Œ`‹‰—ß˜aƒMƒƒƒ‹h‚É•Ïg,https://news.yahoo.co.jp/articles/8232157ed21fd5acde74b85c1827429129ce9429,11/15(…) 6:31
tvlife,TV LIFE web,’B’ji¬—ÑŒOj‚Ìg˜V‚¢‚ç‚­‚Ì—öh‚ª”­ŠoI[–x‰Æ‚ğ—h‚é‚ª‚·–‘Ô‚Í‚Ü‚³‚©‚Ì“WŠJ‚ÖwƒRƒ^ƒc‚ª‚È‚¢‰Æx‘æ5˜b,https://news.yahoo.co.jp/articles/dee7052af67b3c7b97a8ce2783fa3273ff707124,11/15(…) 6:02
tvlife,TV LIFE web,wˆÉ“Œ‰Æ‚ÌH‘ìxˆê–éŒÀ‚è‚Ì•œŠˆ‚àI‘å‚İ‚»‚©•ú‘—wÎ‚Á‚Ä”N‰z‚µITHE ÎŠA“úx‚Å10ŠÔ‚Ìu‚¨Î‚¢v”N‰z‚µƒŠƒŒ[,https://news.yahoo.co.jp/articles/2bb314af577bb8c2e7810a38026ac141df5aaf2d,11/15(…) 6:00
tvlife,TV LIFE web,“n•ÓãÄ‘¾‚ª˜A‘±ƒhƒ‰ƒ}’P“Æ‰å‰‰•å‘è‰Ì‚ÍSnow ManIuˆê‚ÉƒLƒ…ƒ“ƒLƒ…ƒ“‚µ‚Ä‚à‚ç‚¦‚½‚çvwæ¶‚³‚æ‚¤‚È‚çx1ŒƒXƒ^[ƒg,https://news.yahoo.co.jp/articles/91a1b378c7b7cff3cd7d67c79f983cd540022837,11/15(…) 4:00
tvlife,TV LIFE web,ÎŠÛŠ²“ñ‚ª²–íqiL£ƒAƒŠƒXj‚Æ‘ñi“¹}x—Cj‚É[‚­ŠÖ‚í‚éƒL[ƒp[ƒ\ƒ“‚Éwƒ}ƒCEƒZƒJƒ“ƒhEƒAƒIƒnƒ‹x‘æ6˜b‚©‚ç“oê,https://news.yahoo.co.jp/articles/2a70f0309e57ba94d7a3a5e2006d28e742a74bbf,11/14(‰Î) 23:00
tvlife,TV LIFE web,.ENDRECHERI.‚Ì¢ŠEŠÏ‚ğƒtƒ‹ƒXƒƒbƒgƒ‹‚Å“Í‚¯‚é‰¹Šy”Ô‘gseason2‚ªƒXƒ^[ƒg@“°–{„‚Æ—‰¤–IƒAƒ”‚¿‚á‚ñ‚Ì‘Î’k‚àÀŒ»,https://news.yahoo.co.jp/articles/fd5878ddb67cf8ede256826f0cd9fe0ee850c12c,11/14(‰Î) 21:00
tvlife,TV LIFE web,yBiS˜AÚƒRƒ‰ƒ€zƒVƒIƒ“ƒGƒsƒbƒNg©•ª‚Ì’m‚ç‚È‚¢¢ŠE‚ğ’m‚ê‚é‚·‚Ä‚«‚È”Ô‘ghw‚Ë‚Ù‚è‚ñ‚Ï‚Ù‚è‚ñx,https://news.yahoo.co.jp/articles/9d28f9184c1bba5bce264c2ef210e2424ddf680e,11/14(‰Î) 20:20
tvlife,TV LIFE web,ƒnƒ}EƒIƒJƒ‚ƒg•âV“¡”ò’¹MCwƒnƒ}ƒXƒJ•ú‘—•”xƒCƒxƒ“ƒg‘æ2’e‚ª24”N2E6ŠJÃŒˆ’èIu‚±‚È‚¢‚ÆƒO[ƒpƒ“‚Å‚·v,https://news.yahoo.co.jp/articles/a47d128fee7dab7a7797725c43cbf7595e77b2b4,11/14(‰Î) 14:53
tvlife,TV LIFE web,w‘æ74‰ñNHKg”’‰Ì‡íxoê‰Ìè44‘g‚ªŒˆ’èI‰oê‚Í13‘g@V‚µ‚¢ŠwZ‚ÌƒŠ[ƒ_[ƒYAanoAMISAMOAStray KidsASEVENTEEN‚çyƒRƒƒ“ƒg‚ ‚èz,https://news.yahoo.co.jp/articles/f5f33319a5f4b326de980ae73d390302bb575429,11/14(‰Î) 12:37
tvlife,TV LIFE web,‘ºã~AXƒJƒ“ƒi‚ª‰ôi‹g‰ª—¢”¿j‚Ì—¼e–ğ‚É@‰ô‚ÆãÄi‰iR‰l‘¾j‚Ìg—ö‚Ì’´“WŠJh‚ª–{Ši‰»‚·‚éw‚ğ‚©‚¯‚é‚ÈA—öl‚½‚¿x‘æ6˜b‚É“oêyƒRƒƒ“ƒg‚ ‚èz,https://news.yahoo.co.jp/articles/83f6e63315688d1736ec5de0201c2ae3d2ce4d07,11/14(‰Î) 8:30
tvlife,TV LIFE web,ˆ¤Šó‚ê‚¢‚©A©g‚ª‰‰‚¶‚é“¿ì‰Æ’è‚Æˆû“Ä‚ÌŠÖŒW«‚ÍuŠïÕ“I‚Å‚·‚µA‚Æ‚Ä‚à”ü‚µ‚¢‚È‚ÆŠ´‚¶‚Ü‚·vw‘å‰œSeason2x,https://news.yahoo.co.jp/articles/63e39059585af2fb7c0190035f989ffcbb7a5e00,11/14(‰Î) 7:04
tvlife,TV LIFE web,”N‚Éˆê“x‚Ì–ŸËÅ‚•ô‚ÌÕ“TIƒr[ƒg‚½‚¯‚µ~ƒiƒCƒ“ƒeƒBƒiƒCƒ“wTHE MANZAI 2023 ƒ}ƒXƒ^[ƒYx12E10•ú‘—Œˆ’è,https://news.yahoo.co.jp/articles/5bcd4187a07de407c701edccb2f9d14d89ee4f83,11/14(‰Î) 6:02
tvlife,TV LIFE web,Šâ–{Æ‚ª˜A‘±ƒhƒ‰ƒ}‰’P“Æå‰‰w—ö‚·‚éŒxŒì24x1ŒƒXƒ^[ƒgI‹¤‰‰‚É”’Î–ƒˆß•å‘è‰Ì‚ÍSnow ManyƒRƒƒ“ƒg‚ ‚èz,https://news.yahoo.co.jp/articles/67ed8f746aa47d9313c4954d6f0c2c8302f15a0c,11/14(‰Î) 5:00
tvlife,TV LIFE web,“úŒü˜j•“n•”—zˆê‚ªƒtƒ‰ƒ“ƒXEƒ}ƒ‹ƒZƒCƒ†‚Å‹¤“¯¶Šˆ@ƒnƒvƒjƒ“ƒO‚ÆŠïÕ“I‚Èo‰ï‚¢‚Ì˜A‘±ug‚æ‚¤‚¿‚á‚ñh‚Ì‚¨‚©‚°‚ÅA[À‚µ‚½“úX‚ğ‘—‚ê‚Ü‚µ‚½vwƒ`ƒ‡ƒCZ‚İinƒ}ƒ‹ƒZƒCƒ†x,https://news.yahoo.co.jp/articles/8a536c70032ca4e1926347e656fb1101ee1bffac,11/13(Œ) 19:03
tvlife,TV LIFE web,wƒ}ƒCEƒZƒJƒ“ƒhEƒAƒIƒnƒ‹x‰–‘º—¢ƒvƒƒfƒ…[ƒT[‚ª‘æ5˜b‚ÌŒ©‚Ç‚±‚ë‚ğŒê‚éugØ‚È‚·‚¬‚é²–íqiL£ƒAƒŠƒXj‚Æ‘ñi“¹}x—Cj‚ÌƒV[ƒ“h‚Íˆêl‚ÅW’†‚µ‚Ä‚²——‚¢‚½‚¾‚­ƒXƒ^ƒCƒ‹‚ğ‚¨‘E‚ßv,https://news.yahoo.co.jp/articles/385c21d2700cdbad8b2fe9f481dba5b5fbe86a5b,11/13(Œ) 19:02
tvlife,TV LIFE web,jŒ[‰iå‰‰w—öˆ¤‚Ì‚·T‚ßxOPƒe[ƒ}‚ªchelmicouQuestionv•EDƒe[ƒ}‚ªCodyELee(—›)u—Ü‚ğ‰B‚µ‚Ä(Boys Don't Cry)v‚ÉŒˆ’è,https://news.yahoo.co.jp/articles/f039af62e57d77a6b7503b00b74e7c91519a633f,11/13(Œ) 17:00
tvlife,TV LIFE web,¶£Ÿ‹v‚ªwƒuƒMƒEƒMx‚ÅƒXƒYqiï—¢j‚Ì‰‰‹Z‚Ìt ‚Æ‚È‚éŠìŒ€–ğÒ‚É@—F‹ßAO‰Y½ŒÈA‚İ‚Ì‚·‚¯‚ào‰‰Œˆ’èyƒRƒƒ“ƒg‚ ‚èz,https://news.yahoo.co.jp/articles/4edb74dc06cc23da5924ce96b3b35760d355fdc8,11/13(Œ) 14:58
tvlife,TV LIFE web,ìŠÔ—´“lA’†ì‘å•ãAÎì–G‚É‚æ‚éwƒRƒ^ƒc‚ª‚È‚¢‰ÆxƒZƒbƒgĞ‰î“®‰æŒöŠJ@”üpƒfƒUƒCƒ“’S“–‚ÌƒRƒƒ“ƒg‚à“’…,https://news.yahoo.co.jp/articles/64aafc282d8caa6b508e7f7868fdbf57be783483,11/13(Œ) 12:10
tvlife,TV LIFE web,ƒ}ƒcƒR‚¨‹C‚É“ü‚èŠé‰æÄ‚ÑIÔ‰HEŠ—“cE‹TŒË‚Åuˆù‚İ‰®ŠX‚Ì•æêv‚ğ’²¸wŒ—j‚©‚ç–é‚Ó‚©‚µx,https://news.yahoo.co.jp/articles/335be92abdb6060ff7be347644760922390b471f,11/13(Œ) 8:03
tvlife,TV LIFE web,wCDTVƒ‰ƒCƒuIƒ‰ƒCƒuIx2ŠÔSP‚É‚È‚É‚í’jqAA.B.C-ZAƒtƒ@ƒ“ƒ‚ƒ“ALOVEA’‡@ªòiHYjAHi-Fi Un!corn‚ªo‰‰,https://news.yahoo.co.jp/articles/3020f92ab4ec35d11ab99feb67a0c578b341c21c,11/13(Œ) 8:03
tvlife,TV LIFE web,ó—˜—z‰î‚ªƒLƒƒƒŠƒAŠÇ—Š¯A…—j“ú‚ÌƒJƒ“ƒpƒlƒ‰E‰H‚ª“VËƒnƒbƒJ[–ğ‚ÅwƒgƒNƒƒCIx‘æ5˜b‚ÉƒQƒXƒgo‰‰yƒRƒƒ“ƒg‚ ‚èz,https://news.yahoo.co.jp/articles/f5d4a739719a3fdff062802b89ef0b30716ea8e7,11/13(Œ) 8:02
tvlife,TV LIFE web,Šâ“c„“T•æTŒá‚ªá‚«“ú‚Ì‚³‚ñ‚Ü•‚½‚¯‚µ‚ÉI“Á•Êƒhƒ‰ƒ}uÎ‚¢‚É°‚ğ”„‚Á‚½’j‚½‚¿vw’N‚à’m‚ç‚È‚¢–¾Î‰Æ‚³‚ñ‚Üx‚Å•ú‘—yƒRƒƒ“ƒg‚ ‚èz,https://news.yahoo.co.jp/articles/b2299fc6a1c8d48d4c54e1350385373e1be11e33,11/13(Œ) 7:10
tvlife,TV LIFE web,çŒ´ƒWƒ…ƒjƒA‚ªÅ‹­•‚Ál‚Æu’Eo“‡vƒŠƒxƒ“ƒW‚É’§‚ŞIwƒWƒ‡ƒ“ƒ\ƒ“x‚©‚çl‹CƒRƒ“ƒr‚ª‰QíwƒAƒCEƒAƒ€E–`Œ¯­”Nx,https://news.yahoo.co.jp/articles/58172c0b29b724eafcc5d6f9bc5218c916002f1c,11/13(Œ) 7:03
tvlife,TV LIFE web,‰P“c‚ ‚³”ü‚ªgˆ¤‘EˆÅ‘Â‚¿hƒ~ƒXƒeƒŠ[w•v•w‚Ì”é–§x‚Éå‰‰I‹¤‰‰‚É„—ÍÊ‰èA–L“c—T‘åAR‰ºK‹P‚çyƒRƒƒ“ƒg‚ ‚èz,https://news.yahoo.co.jp/articles/4497a1b8b1e3abdf673cc027499280154c10fd48,11/13(Œ) 7:03
tvlife,TV LIFE web,‚«‚á‚è[‚Ï‚İ‚ã‚Ï‚İ‚ãA‹u‚İ‚Ç‚èA’†ì‰ÆE—ç“ñ‚ªuƒoƒXƒTƒ“ƒhv‚ÉQíI‘S‘1ˆÊ‚Ìg—t‚É‘åŠ´Œƒw‹A‚êƒ}ƒ“ƒf[Œ©‚Á‚¯‘à!!x,https://news.yahoo.co.jp/articles/b8ca450fd6a13d0b93e98da345abbc78569280fa,11/13(Œ) 7:00
tvlife,TV LIFE web,ƒTƒ“ƒh•ƒLƒXƒ}ƒC•ƒ^ƒJƒgƒV‚ªl‹C‰ñ“]‚¸‚µ“X‚ÅjãÅ“ïŠÖ‚Ìu‹A‚ê‚Ü10v‚É’§íIƒ~ƒ‰ƒNƒ‹˜A”­‚Å‰õiŒ‚w10–œ‰~‚Å‚Å‚«‚é‚©‚Èx,https://news.yahoo.co.jp/articles/0400cec7e0ce00e311162a3bace887559e847f8d,11/13(Œ) 6:30
tvlife,TV LIFE web,wƒWƒ‡ƒ“ƒ\ƒ“xƒƒ“ƒo[8l‚Å‰‚Ì—·ƒƒPIÅ‘å•ã‚ÌÀ‰Æ‚ª‰c‚Ş–¯h‚ğ–Úw‚µ‚Äˆ¤•QŒ§‚Å’¿“¹’†,https://news.yahoo.co.jp/articles/3dbc10b83ef7269299ccb2adbd9d16ebb8cadc8a,11/13(Œ) 6:04
tvlife,TV LIFE web,w‘Š–_22x‚‹´Àgƒ}[ƒƒE–î–Øh‚ª–ñ12”N‚Ô‚è3“x–Ú‚Ì“oêI‰E‹~ŒOƒRƒ“ƒr‚Æ‚Í17”N‚Ô‚èÄ‰ï@ˆß‘•‚ÌƒR[ƒg‚Í‰“oê‚Ì‚à‚Ì,https://news.yahoo.co.jp/articles/6d5d556c7fa7bb4dd076945f46f26b3728dd6530,11/13(Œ) 6:03
tvlife,TV LIFE web,¼–ìµ£‚ª–Ø—jŒ€êw‘å‰œx‚Éo‰‰Œˆ’èI¬Å•—‰Ô‚Æ‰‹¤‰‰u‘ãŒ€‚Æ‚¢‚¤‚±‚Æ‚É‚Æ‚ç‚í‚ê‚·‚¬‚¸‚É’§í‚µ‚½‚¢v,https://news.yahoo.co.jp/articles/6cd97f313c2f2ac56fb708689f6a0049f6eca8c1,11/13(Œ) 6:03
tvlife,TV LIFE web,25”N–Ú‚Ìw‚Æ‚ñ‚Ë‚é‚¸‚ÌƒXƒ|[ƒc‰¤x24”N1E2•ú‘—Œˆ’èIƒTƒbƒJ[‘ÎŒˆ‚ÉˆÉ“Œƒ–çA‰““¡qAŒÃ‹´‹œŒæ‚çŠCŠO‘g‚¸‚ç‚èyƒRƒƒ“ƒg‚ ‚èz,https://news.yahoo.co.jp/articles/6b3002d99549dcedc2862aa4d03bdc5b8fc5ae26,11/13(Œ) 5:00
tvlife,TV LIFE web,’¬“cŒ[‘¾‚ª“ì‰_i—é–Ø—º•½j‚ÌŒã”CŠÄ“Â–ğ‚Åw‰º™ã‹…™x‚ÉƒTƒvƒ‰ƒCƒYo‰‰u–{“–‚Í‚à‚¤‚¿‚å‚Á‚Æ—D‚µ‚­‚µ‚½‚©‚Á‚½‚Å‚·iÎjv,https://news.yahoo.co.jp/articles/5624f7f15455d36e548bfd0660c59dc95d5fce89,11/12(“ú) 22:00
tvlife,TV LIFE web,¬—ÑŒÕ”V‰îu—é–Ø—º•½‚³‚ñ‚ÌƒXƒ^ƒCƒ‹‚ğ^—‚³‚¹‚Ä‚à‚ç‚Á‚Ä‚¢‚Ü‚·vw‰º™ã‹…™xƒCƒ“ƒ^ƒrƒ…[,https://news.yahoo.co.jp/articles/64b600417a9c30f8371364e7b1214c8af8f978d4,11/12(“ú) 12:10
tvlife,TV LIFE web,ƒRƒbƒgƒ“E‚«‚å‚ñAƒRƒ“ƒrƒj“X’·–ğ‚É— ƒe[ƒ}u‰º™ã‚ÅƒGƒŠƒAƒ}ƒl[ƒWƒƒ[‚É‚È‚é‚æ‚¤‚ÉiÎjvw‰º™ã‹…™xƒCƒ“ƒ^ƒrƒ…[,https://news.yahoo.co.jp/articles/6f3b59cd83056f16b9c277fbb08b7d860f182bb0,11/12(“ú) 12:04
tvlife,TV LIFE web,–{‹{‘×•—‚ª‰¼–Êƒ‰ƒCƒ_[‚É–ñ20”N‚Ô‚èo‰‰IwƒKƒbƒ`ƒƒ[ƒhxålŒö‚Ì‰^–½‚ğ¶‰E‚·‚é’²¸Š¯–ğ‚É,https://news.yahoo.co.jp/articles/6d330f712919d24c7ab2c9e2b97791e1bd65ced9,11/12(“ú) 9:30
tvlife,TV LIFE web,VŠ_Œ‹ˆß‚ªwƒiƒjƒRƒŒ’¿•SŒix‚É“oêI‚©‚í‚¢‚·‚¬‚égƒn[ƒg‚Ì’†‚É“ü‚Á‚½‚æƒ|[ƒYhÀ‰‰‚ÉƒXƒ^ƒWƒIŠ½º,https://news.yahoo.co.jp/articles/d541c8720a524ae867e44ba6c5519402dc380d94,11/12(“ú) 7:02
tvlife,TV LIFE web,“c’†‚³‚ñi–Ø“ì°‰Äj‚ªl\Œ¨‚ÅˆÅ—‚¿c‚â‚·q‚ª“¯—»OL–ğ‚ÅƒQƒXƒgo‰‰wƒZƒNƒV[“c’†‚³‚ñx‘æ4˜b‚ ‚ç‚·‚¶,https://news.yahoo.co.jp/articles/00ff83c14d15c92b86f8f95e7bd9dc85c9362e2f,11/12(“ú) 7:02
tvlife,TV LIFE web,‹À’ëi‹e’r•—–jA‰ØqiR“cˆÇ“Şj‚ç‚ª–S‚«•ƒ‚ª‘Ø”[‚µ‚½Å‹à‚ğ„‚è‘ˆ‚¤OŒZ’í‚ÌãJ‚ğ‚Â‚È‚®wƒ[ƒCƒ`ƒ‡[x‘æ6˜b‚ ‚ç‚·‚¶,https://news.yahoo.co.jp/articles/add9a5d69590a9364c36b0fb27210c055ea06bf0,11/11(“y) 23:00
tvlife,TV LIFE web,uƒ`ƒƒƒŠ’ÊƒWƒƒ[ƒj[v‚Å”Ô‘g‰‚Ìƒgƒ‰ƒuƒ‹”­¶c‰i£—õu—ö‚ªn‚Ü‚è‚»‚¤‚ÅƒLƒ…ƒ“ƒLƒ…ƒ“‚µ‚½Ivw’´–³“GƒNƒ‰ƒXx,https://news.yahoo.co.jp/articles/1773c8e2d64984dfbed38e52c1b35d8180d6cce4,11/11(“y) 14:00
tvlife,TV LIFE web,æTŒá~‚ä‚¸‚ª“¯‹‰¶ƒRƒ‰ƒ{IINI~‚È‚É‚í’jq~BE:FIRST‚Í“¯Šúƒfƒrƒ…[ƒRƒ‰ƒ{ƒƒhƒŒ[wƒxƒXƒgƒqƒbƒg‰Ì—wÕ2023x“Á•ÊŠé‰æ‰ğ‹Ö,https://news.yahoo.co.jp/articles/129115bbf06022af08d66531549d28272c3b66c4,11/11(“y) 12:07
tvlife,TV LIFE web,ŸNˆäŠC‰¹‚ªƒ_[ƒN‚È‚Z¶–ğ‰‰‚¶‚éŠì‚ÑŒê‚éu’N‚à‚ª•ø‚¦‚éˆÃ‚¢•”•ª‚ğ‚¨Å‹‚Æ‚µ‚Ä•\Œ»‚µ‚½‚©‚Á‚½vw“Dà^‚ÌH‘ìx,https://news.yahoo.co.jp/articles/865212645731708a6a294650a040612e5f1d32da,11/11(“y) 8:04
tvlife,TV LIFE web,ŒIŒ´—Ş‚ª‚·‚²˜rƒqƒbƒgƒ}ƒ“EƒXƒiƒtƒLƒ“–ğ‚Åw¡“ú‚©‚çƒqƒbƒgƒ}ƒ“x‘æ4˜b‚É“oê@ƒ‰ƒCƒtƒ‹ƒXƒR[ƒv‚É‚Í\‹gi‘Š—t‰ë‹Ij‚Ìp‚ªc,https://news.yahoo.co.jp/articles/f5cdb19ac25a3e06007e59c257fe1e4de9c699f6,11/11(“y) 8:02
tvlife,TV LIFE web,ƒoƒJƒŠƒYƒ€MCwì–ö9‰ï –é‚Ì•”x3T˜A‘±•ú‘—@ƒrƒr‚é‘å–ØAƒnƒiƒRHRAAƒ}ƒbƒ\‰Á”[‚ç‚ªì–öƒoƒgƒ‹,https://news.yahoo.co.jp/articles/2b1e2418c8df3680f6add7c41876d7ab7ae84a13,11/11(“y) 8:02
tvlife,TV LIFE web,–¢—Bmie‚ª—L–¼ƒxƒŠ[ƒ_ƒ“ƒT[gˆ¤qæ¶h–ğ‚ÅwƒZƒNƒV[“c’†‚³‚ñx‚ÉƒQƒXƒgo‰‰,https://news.yahoo.co.jp/articles/96764625290171eb6381b9df06a9d4088fca5cf4,11/11(“y) 7:02
tvlife,TV LIFE web,–{–Ø‰ëOue‚µ‚©‚Á‚½ŠF‚³‚ñ‚Ì‘z‚¢‚ª“V‘‚Ì•½”ö½“ñ‚³‚ñ‚É“Í‚«‚Ü‚·‚æ‚¤‚ÉvSPƒhƒ‰ƒ}w—Fîx¡–é•ú‘—,https://news.yahoo.co.jp/articles/7ded5e2df7c73f20d54a53e5ccbc694e27fedc55,11/11(“y) 7:00
tvlife,TV LIFE web,[ˆ¤iê“¡‹qj‚ª•s—Ï‘ŠèE“ß{ìi‹g‘ò—Ij‚ÌÈE‚Ó‚İ‚±iŒË“cØ•äj‚É©‘î‚Éµ‚©‚êc’n–‚ÌH‘ì‚ªŠJ–‹w“Dà^‚ÌH‘ìx‘æ4˜b,https://news.yahoo.co.jp/articles/d98999dbe6c929e58df19c0d88b66e94468dd19d,11/11(“y) 6:01
tvlife,TV LIFE web,¼–{luA‰‘Î–Ê‚Ì–ö‘òTŒá‚Ì“V^‚ç‚ñ‚Ü‚ñ‚Ô‚è‚É¢˜fc’†‹³L‚Í‘åŠì‚Ñ@’†ì‰Æ‚Æ‚Ì‘¦‹»ƒRƒ‰ƒ{ƒ‚ƒmƒ}ƒl‚àw‚Ü‚Â‚àto‚È‚©‚¢x,https://news.yahoo.co.jp/articles/031ca78ea1b8754f11774e7169eaaa95ef0728e7,11/11(“y) 5:30
tvlife,TV LIFE web,w‹A‚Á‚Ä‚«‚½‚ç‚¢‚Á‚Ï‚¢‚µ‚ÄBxTVer—İŒvÄ¶”‚ª250–œ‰ñ“Ë”jI¬“‡Œ’•óì—œ“Ş‚ª‘Ì“–‚½‚è‚Åƒ‰ƒuƒV[ƒ“‚ğ”M‰‰,https://news.yahoo.co.jp/articles/ae7c82d9925be6e3ee09e4d49f7500bbf8c58936,11/10(‹à) 21:12
tvlife,TV LIFE web,ƒeƒŒ’©‘å‚İ‚»‚©‚Í5”N˜A‘±wƒUƒ‚Â‚­I‘åŠA“úxÎŒ´—Çƒ~’·“ˆˆê–Î~‚“ˆ‚¿‚³q‚ª6ŠÔ‚Ô‚Á’Ê‚µ‚Å‘å–\‚ê@ƒQƒXƒg‚ÉŒã“¡‹v”üq,https://news.yahoo.co.jp/articles/5cdfa6bc7a4404830374e75bc671c1d6028f39cc,11/10(‹à) 20:03
tvlife,TV LIFE web,ƒqƒƒ~•wŒ´ä»”TMC‚ÅgƒeƒŒ’©ŠÅ”ÂƒOƒ‹ƒhŠJ”­‚É’§‚ŞV”Ô‘gwƒLƒbƒ`ƒ“ƒJ[‘åìíIxƒXƒ^[ƒg@Šé‰æEŠÄC‚ÍHŒ³N,https://news.yahoo.co.jp/articles/16bd6d203edce93c424552a56fd001ad4d561f9d,11/10(‹à) 20:03
tvlife,TV LIFE web,–{–Ø‰ëOAÎ“c‚ä‚èq‚Æ•v•w–ğ‰‰‚¶‚½B‰eU‚è•Ô‚éu•½”öi½“ñj‚³‚ñ‚Ìv‚¢‚Æœ¨q‚³‚ñ‚Ìˆ¤‚ª‰f‘œ‚É‚àh‚Á‚½vu—Fî`•½”ö½“ñ‚ÆR’†L–íwÅŒã‚Ìˆê”Nx`v,https://news.yahoo.co.jp/articles/f359d0454ec365fd8ccd61cacd492893c87f92fc,11/10(‹à) 19:01
tvlife,TV LIFE web,w‰¤—lí‘àƒLƒ“ƒOƒI[ƒWƒƒ[x‚ªƒtƒ‹ƒJƒ‰[ƒRƒ~ƒbƒN‰»uƒSƒbƒJƒ“‚ÌƒŠƒ^v”zMŒˆ’è@ƒŠƒ^–Úü‚ÅƒeƒŒƒrƒVƒŠ[ƒY‘æ1`5˜b‚ğÄ\’z,https://news.yahoo.co.jp/articles/a00d1ab6811f1bb815384bb427043a487d7701e3,11/10(‹à) 19:01
tvlife,TV LIFE web,w‚»‚êƒXƒmSPxˆ¢•”—º•½•ŒüˆäN“ñ‚ªVƒvƒƒWƒFƒNƒg‚Åƒ^ƒC‚Ì‘å•¨—L–¼l‚ÉƒAƒ|‚È‚µ“ËŒ‚I–Ú•˜@‚ÌŠCŠé‰æ‘æ2’e‚à,https://news.yahoo.co.jp/articles/1b6e773476df1df40d7b216b41ca9c1c4ed59868,11/10(‹à) 17:01
tvlife,TV LIFE web,_”ö•–ì‚ªuŠwZ‚©‚­‚ê‚ñ‚Úv‰Qí‚Å—Y‚½‚¯‚ÑuŒ©‚Â‚¯‚Ä‚İ‚â‚ª‚êIv‘š~‚è–¾¯‚Í2l‚Å“¯‚¶êŠ‚É‰B‚ê‚éVìíwV‚µ‚¢ƒJƒMx,https://news.yahoo.co.jp/articles/58f9accae19dacdb67cf72b24bcbf5b7685af21a,11/10(‹à) 13:00
tvlife,TV LIFE web,“ñŠK“°‚Ó‚İ‚ª‰Î—jƒhƒ‰ƒ}wEye Love Youx‚Éå‰‰IS‚Ìº‚ª•·‚±‚¦‚éƒqƒƒCƒ“‚É@‘Šè–ğ‚Í“ú–{‰io‚ÌŠØ‘l”o—Dƒ`ƒFEƒWƒ‡ƒ“ƒqƒ‡ƒv,https://news.yahoo.co.jp/articles/c5a38db340e92380115740d024bfc4b65966b2eb,11/10(‹à) 12:26
tvlife,TV LIFE web,NiziU‚Ì¶‚İ‚ÌeEJ.Y. Park‚ªuƒXƒS‚¢‚Æv‚Á‚½J-POPƒxƒXƒg7‹Èv‚ğ‰Ì‚âƒ_ƒ“ƒX‚àŒğ‚¦‚Ä“O’ê‰ğàw¢ŠEˆêó‚¯‚½‚¢ö‹Æx,https://news.yahoo.co.jp/articles/818fe4712ea90acfce84805fff357444d35afc43,11/10(‹à) 12:09
tvlife,TV LIFE web,w‹àƒXƒ}SPx•–ö“Oq‚ª40”NŠÔ‚Ì‰“‹——£—öˆ¤”é˜bAwƒUEƒxƒXƒgƒeƒ“x‚Ì¶•ú‘—‚Å‹N‚«‚½ƒeƒŒƒrj‚Éc‚é‘å–Œ‚ğŒê‚é,https://news.yahoo.co.jp/articles/8831b8c4694752074857bbc2ff968d3819b70b08,11/10(‹à) 9:01
tvlife,TV LIFE web,&TEAM‚ªwZIP!x‚É¶o‰‰Œˆ’èIV‹ÈuWar Cryv‚ğƒtƒ‹ƒTƒCƒY‚ÅƒpƒtƒH[ƒ}ƒ“ƒX,https://news.yahoo.co.jp/articles/a9d5133effb6ed5619e8e6c20a6a258bb3132aaa,11/10(‹à) 9:00
tvlife,TV LIFE web,AKB48E¬ŒI—LˆÈ•R“àˆ¨•‘q–ì”ö¬”ü•Rí•‹óu‚Ü‚½AKB48‚Ì‚İ‚ñ‚È‚Æˆê‚Â‚Ìì•i‚ğì‚ê‚Ä‚¤‚ê‚µ‚¢v‰f‰æuƒK[ƒ‹ƒYƒhƒ‰ƒCƒuv,https://news.yahoo.co.jp/articles/f4551f4ec4de5d8a753660921232162781c1bbee,11/10(‹à) 7:11
tvlife,TV LIFE web,‚â‚·q‚ª–ñ1”N”¼‚Ô‚è‚Éw¬5ƒNƒCƒYx‚ÉƒŠƒxƒ“ƒWQíIˆêR–{ŠÖA•Ğ‰ªˆÀ—S”ü‚ç•¶•—¼“¹ƒAƒXƒŠ[ƒg‚à“oê,https://news.yahoo.co.jp/articles/cd5bf405eadd1c47d84dc3c51b027c42cd45a97b,11/10(‹à) 7:03
tvlife,TV LIFE web,\‹gi‘Š—t‰ë‹Ij‚Æ‚¿‚È‚ÂiR–{•‘j‚ª‹}Ú‹ß@R–{i[àV’CÆj‚Í“V«‚ÌŠÔ‚Ìˆ«‚³‚ğ”­Šöw¡“ú‚©‚çƒqƒbƒgƒ}ƒ“x‘æ3˜b,https://news.yahoo.co.jp/articles/76146e4028dd7463a5670dc6cb4489ee5fa67edc,11/10(‹à) 7:03
tvlife,TV LIFE web,wƒ„ƒM‚Æ‘åŒåx¼–ìµ£‚ªŒyƒgƒ‰‰‰^“]••½ˆ¤—œ‚Í‚È‚º‚©‘å†‹ƒyƒRƒƒ“ƒg‚ ‚èz,https://news.yahoo.co.jp/articles/2955b098d4fd9d9152117bb1395215eb354bc811,11/10(‹à) 7:01
tvlife,TV LIFE web,’Ã“cŒ’Ÿ˜Y‚ªw‚¤‚¿‚Ì•ÙŒìm‚Íè‚ª‚©‚©‚éx‘æ6˜b‚Éo‰‰@‰‹¤‰‰‚Ìƒ€ƒƒcƒˆƒV‚Íu‚¢‚¢d–‚ğ‚Å‚«‚é‚æ‚¤‚É‹ó‹C‚ğì‚Á‚Ä‚­‚¾‚³‚év,https://news.yahoo.co.jp/articles/a0d5c784ecfd25d9f5f3f98e6b8bc5b558ee9995,11/10(‹à) 6:02
tvlife,TV LIFE web,u“à‘º•S‰İ“Xv‰¤—Ñ‚Ég¡ˆê”Ôh‚³‚é‚à‚Ìh‚ğ‹{‰º‘“ãAˆäãçŠyAƒVƒ\ƒ“ƒk’·’Jì‚ªƒvƒŒƒ[ƒ“wƒ`ƒƒƒ“ƒnƒEƒXx,https://news.yahoo.co.jp/articles/2708f8a37d92e110834f983f8a2d611f79af5717,11/10(‹à) 5:00
tvlife,TV LIFE web,²’Ãìˆ¤”ü•‘ì‘ñ–í‚ª–x‰ÄŠì‚Ìˆ¤‚³‚êƒ|ƒCƒ“ƒg‚ğ–¾‚©‚·I–Ø‘º—¹‚Ígg‘ã‚í‚èh‚ÌƒTƒuƒXƒN‚ğŠó–]IHwƒTƒuƒXƒN•s—ÏxŠ®¬”â˜I,https://news.yahoo.co.jp/articles/3df40799e6ce6c0b90b4a4e21ad0ad12be2b80a8,11/9(–Ø) 17:01
tvlife,TV LIFE web,Î‚Á‚½‚çƒtƒWo‹Ö!? ¼–{lulˆÄ‚ÌgƒEƒBƒ‹EƒXƒ~ƒXƒQ[ƒ€h‚Å‘å·‚èã‚ª‚èwğ‚Ìƒcƒ}ƒ~‚É‚È‚é˜bx,https://news.yahoo.co.jp/articles/6622cbd5188dadb94af3a48a4457729c34781402,11/9(–Ø) 15:00
tvlife,TV LIFE web,ƒtƒW–¼ìƒhƒ‰ƒ}w‰¤—l‚ÌƒŒƒXƒgƒ‰ƒ“xw—öl‚æxwDaysxwƒvƒƒ|[ƒY‘åìíx‚È‚Ç50ƒ^ƒCƒgƒ‹’´‚ğTVerEFOD‚Å‡Ÿ–³—¿”zMy”zMì•iˆê——z,https://news.yahoo.co.jp/articles/5e5a352e5953497522f7529eb9981731706c60ea,11/9(–Ø) 12:02
tvlife,TV LIFE web,‚³‚Æ‚¤‚Ù‚È‚İƒCƒ“ƒ^ƒrƒ…[u–²‚ÍˆêlÅ‹B©•ª‚ÌS‚ª“®‚­‚à‚Ì‚Éo‰ï‚¦‚Ä‚«‚½Œo—ğ‚ğM‚¶‚ÄA–{“–‚ÉŠy‚µ‚¢‚Æv‚¦‚é‚±‚Æ‚ğ‘±‚¯‚Ä‚¢‚«‚½‚¢v,https://news.yahoo.co.jp/articles/b288636a6a2cc1766309a4aacddb24f188d5325e,11/9(–Ø) 7:11
tvlife,TV LIFE web,wƒZƒNƒV[“c’†‚³‚ñxTVer‡ŒvÄ¶”500–œ‰ñ“Ë”jI“c’†‚³‚ñi–Ø“ì°‰Äj‚ÌƒxƒŠ[ƒ_ƒ“ƒX•S‚ğ‘Å‚Â‚¹‚è‚Ó‚É”½‹¿,https://news.yahoo.co.jp/articles/5c7d8e50b88cf57160dc91b8127989b20fcc2a89,11/9(–Ø) 7:03
tvlife,TV LIFE web,EXIT‚ªw‘S—Íâx‚É‰’§íIwƒ‰ƒŠ[ƒWƒƒƒpƒ“2023xƒRƒ‰ƒ{‚Åˆ¤’mŒ§–L“cs‚ÌŒö“¹‚ğŒƒ‘–uƒ‰ƒŠ[ƒJ[‚æ‚è‘¬‚­‘–‚Á‚½v,https://news.yahoo.co.jp/articles/885c0f96041ef1343f40e53f02bb6afebee03dde,11/9(–Ø) 7:03
tvlife,TV LIFE web,•ŸŒ´—yAƒoƒXƒP”ä]“‡TAƒ‰ƒOƒr[¼“c—Í–ç‚ªƒSƒ`QíIİ’è‹àŠz2–œ8000‰~‚Ì‚Šzƒoƒgƒ‹‚ÉíX‹°Xw‚®‚éƒiƒCx2ŠÔSP,https://news.yahoo.co.jp/articles/665c2e29b28a7d554d16daef27d29ba24ab532b6,11/9(–Ø) 7:00
tvlife,TV LIFE web,wƒNƒCƒYI”N‚Ì·‚È‚ñ‚Äx‚ª—ß˜a‚É•œŠˆIâã”E•ƒTƒ“ƒhMC‚ÅƒAƒ_ƒ‹ƒg‚Æƒ„ƒ“ƒO‚ªƒNƒCƒY‘ÎŒˆ gNGƒ[ƒhh‚àŒ’İyƒRƒƒ“ƒg‚ ‚èz,https://news.yahoo.co.jp/articles/4b959d34ac0a62d80d4ea08faf1844886f44ffc4,11/9(–Ø) 6:31
tvlife,TV LIFE web,ƒXƒJƒpƒ‰E’J’†“ÖAˆÀ“¡—TqA“c”¨’qq‚ªwƒpƒŠƒsE–¾x‘æ8˜b‚Éo‰‰@‰pqiã”’Î–G‰Ìj‚ÌV‹ÈuTime CapsulevSP‰f‘œ‚à‰ğ‹Ö,https://news.yahoo.co.jp/articles/57f31d02c178c8aabd49149c0410f0774611eca8,11/9(–Ø) 6:01
tvlife,TV LIFE web,wM|1ƒOƒ‰ƒ“ƒvƒŠ2023xŒˆŸ•”sÒ•œŠˆí‚Í12E24•ú‘—@‘O–éÕƒCƒxƒ“ƒg•wM|1ƒ‰ƒWƒIx‚àŒˆ’è,https://news.yahoo.co.jp/articles/4cc9630ec4cc2cea9f0c3f796fce5a24cc8f08cb,11/9(–Ø) 5:01
tvlife,TV LIFE web,’†“‡Œ’lå‰‰~ƒqƒƒCƒ“Eîà‹´‚Ğ‚©‚é‚ÅƒVƒFƒAƒnƒEƒX‚ª•‘‘ä‚Ì”N‚Ì·ƒ‰ƒuƒRƒwƒŠƒrƒ“ƒO‚Ì¼‰i‚³‚ñxƒhƒ‰ƒ}‰»yƒRƒƒ“ƒg‚ ‚èz,https://news.yahoo.co.jp/articles/4eba3838b9c879952dd6b8b9dfb697c128b772c0,11/9(–Ø) 5:00
tvlife,TV LIFE web,Kis-My-Ft2‚ªÅV‹ÈuHEARTBREAKERv‚ğ6l‘Ì§‚ÅƒeƒŒƒr‰ƒpƒtƒH[ƒ}ƒ“ƒXwƒxƒXƒgƒqƒbƒg‰Ì—wÕ2023xo‰‰ƒA[ƒeƒBƒXƒg‚Ì‰Ì¥‹È”­•\,https://news.yahoo.co.jp/articles/746a0b2d123c20b2c3c20506f10fab3ea4d9ca31,11/9(–Ø) 5:00
tvlife,TV LIFE web,Travis Japan‚ªuD.U.N.K. Showcase in KYOCERA DOME OSAKAvDAY2‚ÉQ‰ÁŒˆ’èu¡‚µ‚©‚È‚¢‹†‹É‚Ì‚¨Õ‚è‚ğŠy‚µ‚İ‚½‚¢v,https://news.yahoo.co.jp/articles/fa0428fd033d20fdb4a7a813fb008ec031e63ed8,11/9(–Ø) 1:40
tvlife,TV LIFE web,wVIVANT•Ê”ÅxU-NEXT‚Å“Æè”zMŒˆ’è@•ŸàV—YŠÄ“Â‚ç‰‰ow‚ª•›‰¹º‚Å‰ğàu‚Ü‚½ˆá‚Á‚½Šy‚µ‚İ•û‚ÅwVIVANTx‚ÉG‚ê‚Ä‚¢‚½‚¾‚¯‚½‚çv,https://news.yahoo.co.jp/articles/f6a93d86bfba36f2e6b878ac81d985d93e464ccd,11/8(…) 20:36
tvlife,TV LIFE web,ƒI[ƒhƒŠ[t“úA“¡Œ´‹IA”T–Øâ46E‹|–Ø“Ş‰—‚çgƒJƒ‰ƒ_‚É‚±‚¾‚í‚éŒ|”\lh‚ª“Æ©‚Ì”ü—eEŒ’N–@‚ğŒöŠJwƒ_ƒEƒ“ƒ^ƒEƒ“DXx,https://news.yahoo.co.jp/articles/1caffa9066d18b872c1fefb780307a8aca3c444e,11/8(…) 19:30
tvlife,TV LIFE web,®–ìÊ‰Ä‚ªwŒN‚ª€‚Ê‚Ü‚Å‚ ‚Æ100“úx‘æ4˜b‚æ‚èo‰‰Œˆ’èIV‚½‚È”g—‚ğŠª‚«‹N‚±‚·ƒ~ƒXƒeƒŠƒAƒX‚È—q‚¶–ğyƒRƒƒ“ƒg‚ ‚èz,https://news.yahoo.co.jp/articles/8b927fc738a1773960eaf23daec3c796fc285640,11/8(…) 8:01
tvlife,TV LIFE web,‰i£—õA©‘î‚Å‚à“V‘R”­Šö@ƒLƒbƒ`ƒ“‚ÌgŠJ‚©‚¸‚Ì’Ih‚Ì³‘Ì‚ÍHô‹@‚¾‚Á‚½wƒzƒ“ƒ}‚Å‚Á‚©!?TVx,https://news.yahoo.co.jp/articles/ed0b473bfc6277d42906e7a567258c2b1609b65d,11/8(…) 7:30
tvlife,TV LIFE web,ƒ~ƒjƒ‚ƒjB•ƒvƒbƒ`ƒ‚ƒj‚ª“Á•Ê•Ò¬‚Å•œŠˆIclass~LÌR‚ÌSPƒRƒ‰ƒ{‚àwƒeƒŒ“Œ60ÕIƒ~ƒ…[ƒWƒbƒNƒtƒFƒXx,https://news.yahoo.co.jp/articles/1ab33cf38c04a99bbfc26b224f526b78cee74131,11/8(…) 7:02
tvlife,TV LIFE web,wƒIƒhƒIƒh~ƒnƒ‰ƒnƒ‰xVŠé‰æuƒ`ƒ‡ƒƒ`ƒ‡ƒ‰Ì—wÕv‚ÅŒ´‹È“–‚ÄƒNƒCƒY‚É’§íuƒXƒ^[ƒRƒ‰ƒRƒ‰v‚ÍÎŒ´—Çƒ‚Éà‹³,https://news.yahoo.co.jp/articles/8d4c960bcbf9d2ef674974abacae06976f398de4,11/8(…) 7:01
tvlife,TV LIFE web,¼‰ªä—D•²“¡_sA–Ø‘ºã‚ªuƒ_[ƒc‚Ì—·v‚É‰QíIŠÖª–ƒ—¢‚Ìu“ú–{—ñ“‡‘åŠw‚Ì—·v‚àwÎ‚Á‚ÄƒRƒ‰‚¦‚ÄIx2ŠÔSP,https://news.yahoo.co.jp/articles/d17eaa08b19afdac423caa3e9127f154686a87e2,11/8(…) 7:01
tvlife,TV LIFE web,¬—ÑKqAàV•äŠóA‚é‚ê‚É‚çg•‰‚¯‚¸Œ™‚¢‚È—h‚ªW‡I”ZŒúƒg[ƒN‚É–ì‘ºü•½‚àƒŠƒ^ƒCƒA¡‘Owã“c‚Æ—‚ª–i‚¦‚é–éx,https://news.yahoo.co.jp/articles/d97a43ce0f1fbef77d0e158ffddecdae279975a7,11/8(…) 6:04
tvlife,TV LIFE web,‰i–ì‰èˆè‚ªƒtƒWŒ9‰å‰‰IŠïÕ‚Æˆø‚«Š·‚¦‚ÉgSh‚ğ·‚µo‚·ƒqƒƒCƒ“‚É@‹¤‰‰‚ÉR“c—T‹MwŒN‚ªS‚ğ‚­‚ê‚½‚©‚çx24”N1ŒŠú•ú‘—,https://news.yahoo.co.jp/articles/c68def6a779fa06dc796e3f2ad1608ecfadc7c68,11/8(…) 5:00
tvlife,TV LIFE web,Œ»–ğ‚Z¶”o—DE“¡í•‚ä‚İ‚ ‚ª‚ZƒTƒbƒJ[19‘ã–Ú‰‰‡ƒ}ƒl[ƒWƒƒ[‚ÉA”CuŒ³‹C‚Å‘S—Í‚Å‰‰‡‚Å‚«‚é‚Æ‚±‚ë‚Í’N‚É‚à•‰‚¯‚Ü‚¹‚ñIv,https://news.yahoo.co.jp/articles/bd4ef9f3b4e77fe36de3ba102fa6a1801fb0d7b4,11/8(…) 5:00
tvlife,TV LIFE web,ã”’Î–G‰ÌA¬5‚Å‰‚ß‚Ä¶o‰‰‚µ‚½w‚ß‚´‚Ü‚µƒeƒŒƒrx‚ÉƒGƒ“ƒ^ƒƒvƒŒƒ[ƒ“ƒ^[‚Æ‚µ‚ÄŠMùu„‚ÌŒ´“_‚Ì‚æ‚¤‚ÈêŠv,https://news.yahoo.co.jp/articles/e83a2a1571b5359244da047ce2069ea42a5d09eb,11/8(…) 4:00
tvlife,TV LIFE web,—L‹gOsug”’‚Æ”ä‚×‚Ä‹Ù’£Š´‚ª‚È‚­‚Ä‚æ‚©‚Á‚½vw—L‹gƒ~ƒ…[ƒWƒbƒNƒtƒFƒXx‘æ2’e11E23•ú‘—,https://news.yahoo.co.jp/articles/2c81ed52e3dc39301bf4ff3a6a3859f7d96d4410,11/7(‰Î) 19:02
tvlife,TV LIFE web,INI‚ÌŠ¥“Á”Ôw1st LIVE INIx2T˜A‘±•ú‘—Œˆ’èIƒtƒ@ƒ“‚ª‘I‚Ôg„‚Ì_‹Èh‚©‚çINI©g‚ÌƒZƒŒƒNƒg‚Å‰‚ÌƒZƒ‹ƒtƒvƒƒfƒ…[ƒXƒ‰ƒCƒuŠJÃ,https://news.yahoo.co.jp/articles/6f21a7a90c7bc968fe52eca92a41eea427973e45,11/7(‰Î) 12:30
tvlife,TV LIFE web,ƒAƒ“ƒK[ƒ‹ƒY•—É‰Í‚Í‚é‚ĞAw‚Æ‚È‚è‚ÌƒXƒSƒC‰Æx•ú‘—200‰ñ‚ÅˆÓ‹C‚İV‚½@“c’†‘ìuu“ñ‹‰Œš’zm‚ÌŒ±‚ğó‚¯‚Ä‚İ‚æ‚¤‚©‚Èv,https://news.yahoo.co.jp/articles/2e62ab865df28fbb4875c6bcb113c65536c43e8a,11/7(‰Î) 12:07
tvlife,TV LIFE web,¡–ì_Šì•ˆÀ“¡—Tq‚ªw‚ğ‚©‚¯‚é‚ÈA—öl‚½‚¿x‘æ5˜b‚Éo‰‰@–S‚«È‚É‰ï‚¢‚½‚¢ˆá–@ƒ^ƒCƒ€ƒgƒ‰ƒxƒ‰[‚ÌØ‚È‚¢ƒXƒg[ƒŠ[yƒRƒƒ“ƒg‚ ‚èz,https://news.yahoo.co.jp/articles/7d4751059fc66d6c202ef0e2aedfea64fb71e5a0,11/7(‰Î) 8:30
tvlife,TV LIFE web,‘e•i‚ªuƒxƒXƒgƒAƒ“ƒT[vŠé‰æ‚Å‘å–\‚êI‘åŒåu“¾‚µ‚½‚â‚Â‚Ù‚Ú‚¢‚È‚¢vƒmƒuuCM‚ªŒ¸‚è‚»‚¤cvw‰Ø‘å‚³‚ñ‚Æç’¹‚­‚ñx,https://news.yahoo.co.jp/articles/0e4b8f29722514afc95bdcd1cf850bbefab8b12d,11/7(‰Î) 8:01
tvlife,TV LIFE web,ˆêƒm£ƒƒ^ƒ‹•ƒJƒ“ƒjƒ“ƒO’|R‚ª²‰êŒ§‚ÌgG‚ê‚Ä‚Í‚¢‚¯‚È‚¢‚¤‚í‚³h‚ğ’²¸wƒAƒ“ƒ^ƒbƒ`ƒƒƒu‚éTVx,https://news.yahoo.co.jp/articles/e86110cec719c4baf7a9c28daf53f23602276e3e,11/7(‰Î) 7:30
tvlife,TV LIFE web,à‘O’¼Œ©‚Ì‘å•ª‚Ì©‘î‚ğƒoƒJƒŠ•’†ŠÛ—Yˆê•ƒJƒYƒŒ[ƒU[‚ª‰–K–âI‹g‘ò—º‚Í˜a“c–¾“ú‚ªì‚égÅ‚‚Ì’©Hh‚ğ”šH‚¢w‰Æ–ƒ„ƒƒE!!!x2ŠÔSP,https://news.yahoo.co.jp/articles/67cee1e2527e8e526cbdc15a85d27019d5b69dd6,11/7(‰Î) 7:01
tvlife,TV LIFE web,VŠ_Œ‹ˆßAˆé‘º—E“l‚ç‚ªg¶•¨Šw“I”N—îh‚âƒKƒ“ES‹Ø[ÇE”F’mÇ‚Ì”­ÇƒŠƒXƒN‚È‚Ç‚ğ“O’êƒ`ƒFƒbƒNwƒJƒYƒŒ[ƒU[‚ÆŠw‚ÔBx2ŠÔSP,https://news.yahoo.co.jp/articles/e36752c6922a6a0f585fc025f1143daab5a633fe,11/7(‰Î) 7:00
tvlife,TV LIFE web,wƒIƒ‚ƒEƒ}‚¢“Xx1‚©Œ‚Åg‚¤Œ{“÷‚Í–ñ7ƒgƒ“Ig‚Æ‚è“Vh‚ªl‹C‚Ì‘å•ªŒ§•Ê•{s‚Ì’†‰ØƒŒƒXƒgƒ‰ƒ“‚Ö@’“ÔŒW‚Ì–¼•¨ƒXƒ^ƒbƒt‚à“oê,https://news.yahoo.co.jp/articles/5b12fe60dc8555edac9dee0d262c20a25ad530c5,11/7(‰Î) 7:00
tvlife,TV LIFE web,^”ò¹‚ªìŒ§E¬“¤“‡‚ÅâŒi‚â”üH‚ğ–‹iIƒiƒŒ[ƒVƒ‡ƒ“‚Í£ŒËNjw”ü‚µ‚¢“ú–{‚Éo‰ï‚¤—·xyƒRƒƒ“ƒg‚ ‚èz,https://news.yahoo.co.jp/articles/5d88d160abcd00c846227a2d452528f606e46586,11/7(‰Î) 7:00
tvlife,TV LIFE web,›“cS‚Ì¬’·‚Ô‚è‚É‚³‚ñ‚Ü‚à‚Ñ‚Á‚­‚èIg’·40ƒZƒ“ƒ`ƒAƒbƒvA•”Šˆ‚Éè—¿—·‚µ“ü‚êu15Î‚É‚µ‚ÄeS‚ªvw—x‚éI‚³‚ñ‚ÜŒä“a!!x,https://news.yahoo.co.jp/articles/6386272bc03cb33d5758c55710536629ac893874,11/7(‰Î) 6:05
tvlife,TV LIFE web,w‰Æ­•v‚Ìƒ~ƒ^ƒ]ƒmx‘æ5˜b@ƒ~ƒ^ƒ]ƒmi¼‰ª¹Gj•ŒõiˆÉ–ì”öŒdj‚Ì”hŒ­æ‚ÍgEl”Ó`‰ïh ‚â‚·q‚à–{l–ğ‚Å“oê,https://news.yahoo.co.jp/articles/75456d7b51dffde6d453e5fc3ed8420ea4bca467,11/7(‰Î) 6:05
tvlife,TV LIFE web,m‘ºÑ˜a‚ªwSHUT UPx‚Å–¯•ú˜Aƒhƒ‰‰å‰‰Iä»qA•ĞR—FŠóA“nç³”ü•ä‹¤‰‰‚Å•`‚­ƒNƒ‰ƒCƒ€ƒTƒXƒyƒ“ƒXyƒRƒƒ“ƒg‚ ‚èz,https://news.yahoo.co.jp/articles/e9c7a00fe52abb482ea83f14baf070f60a1e68c6,11/7(‰Î) 6:04
tvlife,TV LIFE web,wTHE SECONDx‘æ2‰ñ‘å‰ïŠJÃŒˆ’èIÅIŒˆí‚Í24”N5Œ‚É¶•ú‘—@‰‘ã‰¤Ò‚ÍƒMƒƒƒƒbƒvA€V‚Ìƒ}ƒVƒ“ƒKƒ“ƒY‚àÄƒuƒŒ[ƒN,https://news.yahoo.co.jp/articles/2e2feea8072f0a84a9b8e2f0be1d2f8a61fa8d80,11/7(‰Î) 5:30
tvlife,TV LIFE web,w‘ŠÈH“°x‚É‚Ğ‚ë‚ä‚«“oêIÃ‰ª‚ÌŠïÕ‚ÉQ‰Á‚·‚éƒŒƒA‚ÈƒƒP‚Éç’¹‚à‘å‹»•±@GAGE‚Ğ‚ë‚ä‚«‚Í‘åŒåâ^‚ÌŠC—‚¿Œ|‚ğ”â˜I,https://news.yahoo.co.jp/articles/ed8e3abb65266dbc3d3ff5e058c52774fb69d45c,11/6(Œ) 21:05
tvlife,TV LIFE web,wCDTVƒ‰ƒCƒuIƒ‰ƒCƒuIx2ŠÔSP‚É10-FEETAƒ}ƒ‹ƒVƒB‚ª‰“oê@¶“cŠG—œ‰ÔA&TEAMAKep1er‚ào‰‰,https://news.yahoo.co.jp/articles/5d99ca11b6b92db5ab4f4cbdf71a5d32bca40ddc,11/6(Œ) 21:03
tvlife,TV LIFE web,wƒ}ƒCEƒZƒJƒ“ƒhEƒAƒIƒnƒ‹x‰–‘º—¢ƒvƒƒfƒ…[ƒT[‚ª‘æ4˜b‚ÌŒ©‚Ç‚±‚ë‚ğŒê‚éuu‚«‚ğ–Y‚ê‚é‚Ù‚Ç”ü‚µ‚¢ƒ‰ƒXƒgƒV[ƒ“‚Í•KŒ©Iv,https://news.yahoo.co.jp/articles/c96bbd8899a35862c592174d5c8ce2b9151250f0,11/6(Œ) 19:00
tvlife,TV LIFE web,â¢‚Ì”üÂ”NE‚¨‚¶‚á‚éŒ¹i¬–ìŒ«Íj‚Ì‰ë‚È—ö–Í—lAƒAƒI‚Ì’†«iˆêğ˜a–îj‚Æ‚Ì”ü‚µ‚¢—Fî‚ğ•`‚­w‚¨‚¶‚á‚éŒ¹ƒVƒŠ[ƒYx•ú‘—Œˆ’è,https://news.yahoo.co.jp/articles/235709e9ad6b22b1834ee1dc77983eab0ce312e4,11/6(Œ) 15:12
tvlife,TV LIFE web,‘íK„‚ªŒê‚éwƒuƒMƒEƒMx‰H’¹‘Pˆê–ğ‚Ö‚Ìv‚¢u©•ª‚Ì’†‚©‚ç—N‚«o‚Ä‚¢‚é‚à‚Ì‚ğ“Í‚¯‚½‚¢v‘åã‚Å‚ÌB‰e‚Íuƒzƒ“ƒ}‚É‚²‚Á‚Â‚¦‚¦Š´‚¶iÎjv,https://news.yahoo.co.jp/articles/7c7589360453134b69fe06e3386047dd0f43dd37,11/6(Œ) 8:20
tvlife,TV LIFE web,R–{•‘‚ªw‰Æ­•v‚Ìƒ~ƒ^ƒ]ƒmx‚É‹A‚Á‚Ä‚­‚éIÄ‹¤‰‰‚ğ‰Ê‚½‚µ‚½¼‰ª¹G‚Íu÷“c‚Ğ‚æ‚è‚¿‚á‚ñ‚ÉŠÃXv,https://news.yahoo.co.jp/articles/4ef8a2a28099f23810242b81c47c850b6cff4bf6,11/6(Œ) 7:05
tvlife,TV LIFE web,ì“‡ŠC‰×‚ªg20l‚Ì‹e’r•—–h‚©‚ç–{•¨‚ğ’T‚·Ig‚¨‚¶‚¢•—–h‚àÄ‚Ñ“oêw‰½‚©gƒIƒ‚ƒVƒ‚¢ƒRƒgh‚È‚¢‚ÌHx,https://news.yahoo.co.jp/articles/2479d4b03e8290d379320fd7ca498024b379c4f5,11/6(Œ) 6:30
tvlife,TV LIFE web,ƒ‚ƒOƒ‰ƒCƒ_[E‚Æ‚à‚µ‚°‚ªƒtƒBƒŠƒsƒ“‚Å400–œ‰~‚ğ‹­’D‚³‚ê‚é‘å‹K–ÍƒhƒbƒLƒŠ‚ğÀ{wƒWƒ‡ƒ“ƒ\ƒ“x,https://news.yahoo.co.jp/articles/e5aa71f4ed292c18b6ff3db2fa479f39de852615,11/6(Œ) 6:03
tvlife,TV LIFE web,Œã“¡‹v”üq~•ˆäçA”g—Ú~–Ø‘º‰À”T‚Å‘¡‚éu¼–{´’£ƒhƒ‰ƒ}ƒXƒyƒVƒƒƒ‹v“ñ–é˜A‘±•ú‘—Œˆ’è,https://news.yahoo.co.jp/articles/12d69b88ac67a48e692ef5f38ccd663dd6af6bdf,11/6(Œ) 6:02
tvlife,TV LIFE web,Œ´“c‘×‘¢å‰‰‚ÅLINEƒ}ƒ“ƒKw‚¨‚Á‚³‚ñ‚Ìƒpƒ“ƒc‚ª‚È‚ñ‚¾‚Á‚Ä‚¢‚¢‚¶‚á‚È‚¢‚©Ix‚ğƒhƒ‰ƒ}‰»I24”N1ŒƒXƒ^[ƒgyƒRƒƒ“ƒg‚ ‚èz,https://news.yahoo.co.jp/articles/7c1e89296006b643e513b301cec5824187de4e7c,11/6(Œ) 5:00
tvlife,TV LIFE web,w‚Ç‚¤‚·‚é‰ÆNx‰¹”ö‘ô^‚ªg“ah¼–{‚Æ‚Ì‹¤‰‰U‚è•Ô‚éu“a‚Á‚Ä–{“–‚É‚æ‚­‹ƒ‚­‚È‚Æv‚¢‚Ü‚·iÎjv,https://news.yahoo.co.jp/articles/967712fb7db42f6559905f366c39be20678dc429,11/5(“ú) 20:51
tvlife,TV LIFE web,‹ÚàV—Du„‚ª‘¼‚Ìº—D‚³‚ñ‚É•‰‚¯‚È‚¢‚Æ‚±‚ë‚Í”NŠÔ‚Ìƒ‰ƒCƒu–{”v-4thƒVƒ“ƒOƒ‹ƒCƒ“ƒ^ƒrƒ…[,https://news.yahoo.co.jp/articles/f294ab9df48b17cb63def3d06ef8a90116bf3ce3,11/5(“ú) 16:10
tvlife,TV LIFE web,–ì“Y‹`O‚ªƒNƒŒ[ƒ}[–ğ‚Å–x“c^—Rå‰‰w‚½‚Æ‚¦‚ ‚È‚½‚ğ–Y‚ê‚Ä‚àx‘æ3˜b‚Éo‰‰u‚Ü‚½“¯‚¶–ğ‚Å“oê‚µ‚½‚¢‚­‚ç‚¢Šy‚µ‚¢Œ»ê‚Å‚µ‚½v,https://news.yahoo.co.jp/articles/f991d3df769e7b46cc144473a3ebf02f25c3512a,11/5(“ú) 12:03
tvlife,TV LIFE web,‹k—D‹PuŸ‚É¶‚©‚¹‚é‚æ‚¤‚ÉAÏ‚İd‚Ë‚ğ‘å–‚É‚µ‚Ä‚¢‚«‚½‚¢vw‰º™ã‹…™xƒCƒ“ƒ^ƒrƒ…[,https://news.yahoo.co.jp/articles/b90f0daa89db0601ecc8b2342883f4198c28620a,11/5(“ú) 12:00
tvlife,TV LIFE web,KAT-TUNE’†ŠÛ—Yˆê‚ª•`‚¢‚½gƒnƒ`ŒöARThƒ‰ƒbƒsƒ“ƒOƒoƒX‚ªa’J‚ğ‘–sua’JŒ|pÕv“Á•ÊQ‰Á‚Å–²‚ªÀŒ»wƒVƒ…[ƒCƒ`x,https://news.yahoo.co.jp/articles/ba587c9d6412efb08573ae5a80bfbc5520236a1d,11/5(“ú) 10:01
tvlife,TV LIFE web,w[–é‚Ìƒnƒ`ƒ~ƒcx‘åƒtƒ@ƒ“‚Ì“nç³”ü•ä‚ª“oêIƒ~ƒXƒ^[‘å–`Œ¯B~]ŒËƒ}ƒŠ[‚ÌgƒXƒLƒ“ƒwƒbƒh‚ÌlhŒÀ’è‚ÌƒRƒ~ƒ…—Í‘ÎŒˆ‚ªŠ®Œ‹,https://news.yahoo.co.jp/articles/48c4f217aa8fa5f78f24689a5ce1bfa3af1caaba,11/5(“ú) 7:02
tvlife,TV LIFE web,ˆÉ“¡‚ ‚³‚Ğu‚Ç‚¤‚¢‚¤ƒLƒƒƒvƒeƒ“‚É‚È‚Á‚Ä‚¢‚­‚Ì‚©Œ©ç‚Á‚Ä‚¢‚½‚¾‚«‚½‚¢vw‰º™ã‹…™xƒCƒ“ƒ^ƒrƒ…[,https://news.yahoo.co.jp/articles/98d32c0a53052413f921b900f0080f11b672c7ef,11/5(“ú) 6:02
tvlife,TV LIFE web,ƒfƒB[ƒ“EƒtƒWƒIƒJ‚ªw³’¼•s“®YxSP•‘±•Ò‚Éo‰‰Œˆ’è@R‰º’q‹v‚Æ‚©‚Â‚Ä‚Ìt’í–ğ‚Å‰‹¤‰‰u“Æ“Á‚ÈØ‚èŒû‚ª‹C‚É‚È‚Á‚Ä‚¢‚½ì•iv,https://news.yahoo.co.jp/articles/3928a865008f8a9a0b62340c41847fea7e41d1cb,11/5(“ú) 4:00
tvlife,TV LIFE web,‹À’ëi‹e’r•—–jA‰ØqiR“cˆÇ“ŞjA‰Á–ÎŒ´i—é–Ø‚à‚®‚çj‚ª”_‰€‚Éö“ü’²¸wƒ[ƒCƒ`ƒ‡[x‘æ5˜b‚ ‚ç‚·‚¶•ê–ÊÊ^ŒöŠJ,https://news.yahoo.co.jp/articles/f3bc8eef729e0d43a4811f7d83cb6a26eb8fe537,11/4(“y) 23:00
tvlife,TV LIFE web,ƒrƒXƒPƒbƒgƒuƒ‰ƒU[ƒY•’j«ƒuƒ‰ƒ“ƒR‚ª‰ƒ^ƒbƒOIH‚Ì‹“s‚ğ‚Ô‚ç‚è‘¦‹»ƒRƒ“ƒg—·@‚«‚ñu4l‚Å“¯‚¶¢ŠE‚ğ‹¤—L‚Å‚«‚ÄŠy‚µ‚©‚Á‚½v,https://news.yahoo.co.jp/articles/106bebc02ff8ce530fa9aa8b59fe05b163c6c54e,11/4(“y) 18:02
tvlife,TV LIFE web,STU48 ‘ë–ì—R”üq@‘²‹ÆƒRƒ“ƒT[ƒg‚ÅŠ®‘S”RÄu„‚ÌƒAƒCƒhƒ‹l¶A‰½‚àŒã‰÷‚Í‚È‚¢‚Å‚·Iv,https://news.yahoo.co.jp/articles/f1873ae098647809bc8f62529e0b8ced986b220c,11/4(“y) 17:50
tvlife,TV LIFE web,w’´–³“GƒNƒ‰ƒXx•ú‘—100‰ñ‹L”O‚ÅCŠw—·s‚ÖI‚©‚Ü‚¢‚½‚¿•wŒ´ä»”T‚àƒƒPQ‰Á‚Å‘å‹»•±uŠy‚µ‚·‚¬‚Ö‚ñ‚©Hv,https://news.yahoo.co.jp/articles/29c2a7dfbf520e4a106fdede966262f8e1be070e,11/4(“y) 14:00
tvlife,TV LIFE web,w‚ ‚½‚è‚ÌƒLƒbƒ`ƒ“IxƒhƒCƒcİZ‚ÌŒ´ìÒE”’”Tá‚ªŒê‚é•¨Œê‚ª¶‚Ü‚ê‚½‚«‚Á‚©‚¯u©•ª‚Æd‚Ë‡‚í‚¹‚é‚æ‚¤‚Écv,https://news.yahoo.co.jp/articles/d0c294d1dce31af24d1c21e4fc62f87daab4792f,11/4(“y) 12:02
tvlife,TV LIFE web,‚‹´–Î—Y~“¡“cƒjƒRƒ‹~¬ŠÖ—T‘¾~_•””üç‚ªŒê‚é—öˆ¤ƒoƒ‰ƒGƒeƒBw—ö‚ñƒgƒXx‚ª’·‚­ˆ¤‚³‚ê‚é——R‚ÆÅVƒV[ƒYƒ“‚ÌŒ©‚Ç‚±‚ë,https://news.yahoo.co.jp/articles/13ca1d6e2644512c02bea4d6cbfac92f08ec8861,11/4(“y) 12:02
tvlife,TV LIFE web,wƒLƒ“ƒOƒIƒuƒRƒ“ƒgx“–“ú‚Ì— ‘¤‚ğ’Ç‚Á‚½ƒhƒLƒ…ƒƒ“ƒ^ƒŠ[wŒƒ“¬‚Ì1“úx”zMŠJn@ƒTƒ‹ƒSƒŠƒ‰‚çƒtƒ@ƒCƒiƒŠƒXƒg10‘g‚É–§’…,https://news.yahoo.co.jp/articles/fd5cdaa50c09fb0ff714e002f0fd38d5152f9e97,11/4(“y) 12:00
tvlife,TV LIFE web,‚â‚·q‚ª–Ø“ì°‰Ä•¶Œ©ˆ¤—Ú‚Ì“¯—»OL–ğ‚ÅwƒZƒNƒV[“c’†‚³‚ñx‘æ4˜b‚ÉƒQƒXƒgo‰‰,https://news.yahoo.co.jp/articles/b74be57fcf4b19f9723ef0f468d53babefa64f94,11/4(“y) 7:00
tvlife,TV LIFE web,[ˆ¤iê“¡‹qj‚ª‚Â‚¢‚Éˆ¤‚·‚é“X’·‚ÌÈ‚ÉÚGI‚¿‚Ó‚äiŒ´Ø”T‰Øj‚Ì–\‘–‚à‰Á‘¬‚µcw“Dà^‚ÌH‘ìx‘æ3˜b,https://news.yahoo.co.jp/articles/953677f70bd037d4d47e3641907e4e86628d1cdc,11/4(“y) 6:02
tvlife,TV LIFE web,ƒTƒ“ƒVƒƒƒCƒ“’rè‚Ì•ÛŒì”L—a‚©‚èVƒVƒŠ[ƒYn“®uƒVƒƒ[v‚ào‚¹‚È‚¢ƒrƒrƒŠ‚Èg²‹gh‚Æ‹¤“¯¶ŠˆwšjŒÄ!!‚İ‚ñ‚È‚Ì“®•¨‰€2ŠÔSPx,https://news.yahoo.co.jp/articles/050c55e9bca42e83b3a84898ec265dbb09e9e847,11/4(“y) 6:02
tvlife,TV LIFE web,ƒzƒ‰ƒ“çH‚ªwğ‚Ìƒcƒ}ƒ~xƒiƒŒ[ƒVƒ‡ƒ“‚ğ’S“–@‰i“‡—D”üƒAƒi‚©‚çƒoƒgƒ“ƒ^ƒbƒ`uƒcƒ{‚Á‚ÄŒ´e‚ª“Ç‚ß‚È‚­‚È‚ç‚È‚¢‚©S”ziÎjv,https://news.yahoo.co.jp/articles/3515e8b9269307b06b67746d0c4576b20b11f63c,11/3(‹à) 23:00
tvlife,TV LIFE web,•ĞŠñ—Á‘¾‚ª“VËƒsƒAƒjƒXƒg–ğ‚ÅwƒnƒCƒGƒix‘æ4˜b‚Éo‰‰IŒã”yE”ª–Ø—Eª‚Æ‰‹¤‰‰@ƒ}ƒl[ƒWƒƒ[–ğ‚Å“à“¡Gˆê˜Y‚à“oêyƒRƒƒ“ƒg‚ ‚èz,https://news.yahoo.co.jp/articles/62137c21fc25dd26861f41f8642e96c41647b925,11/3(‹à) 21:01
tvlife,TV LIFE web,‰¡R—Tu–{“–‚É—¬‚µ‚Ä—Ç‚¢‚à‚Ì‚È‚Ì‚©‚Ü‚¾–À‚¢‚ªcvw‚¿‚Ü‚½‚ÌƒWƒ‡[ƒVƒL‚¿‚á‚ñxƒXƒ^ƒWƒIƒg[ƒN‚ğ•›‰¹º‚Å•ú‘—,https://news.yahoo.co.jp/articles/49dd2ec1b0b053c057ad138ce33ebf7c65161378,11/3(‹à) 20:00
tvlife,TV LIFE web,ˆé‘º—E“l‚ªŒ“‹ß‘å÷•–“‡^”V‰î‚ÆˆïéŒ§‘åô’¬‚ÖIƒKƒ‹ƒpƒ“”M‚Ì‚‚¢u‹È‚ª‚è¼¤“XŠXv‚Ì•sv‹c‚ÈŒõŒi‚Éˆ³“|‚³‚ê‚éwƒƒVƒhƒ‰x,https://news.yahoo.co.jp/articles/e7a29ea6ab859fb7be1ffc8e8d2cce1c63c045d3,11/3(‹à) 18:02
tvlife,TV LIFE web,KOC‰¤Ò‚ÌƒTƒ‹ƒSƒŠƒ‰‚Éƒ`ƒ‡ƒRƒvƒ‰’·“c‚ç‚ª¿–âU‚ßI‚¨Î‚¢Œ|l~ŠwZ‚Ìæ¶‚ªƒRƒ“ƒg‚É’§í‚·‚éVŠé‰æ‚àwV‚µ‚¢ƒJƒMx,https://news.yahoo.co.jp/articles/8e1fa489a85ddcb0fbe142ef88686bec97c419db,11/3(‹à) 13:01
tvlife,TV LIFE web,w‚»‚êƒXƒmxˆ¢•”—º•½~ROLAND‚ªuJALv—§‚¿“ü‚è‹Ö~ƒGƒŠƒA‚Éö“üISnow Man•’†‘º—Ï–ç‚Íƒtƒ@[ƒXƒgƒNƒ‰ƒX‹@“àH‚ğŒœ‚¯‚½ƒNƒCƒY‚É’§í,https://news.yahoo.co.jp/articles/0d5078eddbd2937316d8ec0b4785dc6ff33d01a8,11/3(‹à) 11:01
tvlife,TV LIFE web,ƒLƒ“ƒvƒŠANEWSABE:FIRSTAPerfume‚ço‰‰uƒeƒŒƒr’©“úƒhƒŠ[ƒ€ƒtƒFƒXƒeƒBƒoƒ‹2023vCSƒeƒŒ’©ch‚Å•ú‘—Œˆ’è,https://news.yahoo.co.jp/articles/40cd8fe41843520139d63b02fdd84eca9c67e908,11/3(‹à) 10:01
tvlife,TV LIFE web,‚©‚Ü‚¢‚½‚¿•ƒ`ƒ‡ƒRƒvƒ‰‚É–xˆä—Y“ñŠÄC‚Ìgƒhƒ‰ƒNƒGƒCƒ^ƒYƒ‰h‚ªP‚¢‚©‚©‚éwƒCƒ^ƒYƒ‰ƒWƒƒ[ƒj[2ŠÔSPxyƒRƒƒ“ƒg‚ ‚èz,https://news.yahoo.co.jp/articles/673da92c2cefd228c2224a793651d4612ba46fda,11/3(‹à) 8:00
tvlife,TV LIFE web,¼–ìµ£‚ªw¢‚É‚àŠï–­‚È•¨Œêx‰o‰‰‚Å‰å‰‰u‚¢‚Â‚©o‰‰‚µ‚Ä‚İ‚½‚¢‚ÆvµŠC‚¤‚ç‚ç‚ªƒo[ƒ`ƒƒƒ‹ƒAƒCƒhƒ‹–ğ‚Å‹¤‰‰,https://news.yahoo.co.jp/articles/7ea050e437e7d7acf4b337bba7254a2a61156a8c,11/3(‹à) 7:00
tvlife,TV LIFE web,“n•Ó—T‘¾‚ªw¬5ƒNƒCƒYx‚ÉQíIo‰‰10”N–Úwnews every.x‚ÌŠÅ”Â‚ğ”w•‰‚¢^Œ•Ÿ•‰@–ØŒ´À•w“à‹M”üq‚©‚ç‚Ì‰‰‡ƒƒbƒZ[ƒW‚à,https://news.yahoo.co.jp/articles/3a85631f4dc0f18c56c9caa9d4cab19d6138f271,11/3(‹à) 7:00
tvlife,TV LIFE web,•l–ìŒª‘¾A‰Ã“‡—¤A²‹v–{•ó‚ªw‚¤‚¿‚Ì•ÙŒìm‚Íè‚ª‚©‚©‚éx‘æ5˜b‚É“oê@ˆÇi•½è—F—œ“Şj‚ªƒpƒ‰ƒŠ[ƒKƒ‹‚Æ‚µ‚Ä•±“¬yƒRƒƒ“ƒg‚ ‚èz,https://news.yahoo.co.jp/articles/a8fc960a23b5ef1aebcb77fba18fc89657c0c64c,11/3(‹à) 6:02
tvlife,TV LIFE web,‹T—œ˜a–ç‚ª¬Å•—‰Ôå‰‰w‘å‰œx‚Å‘ãŒ€‚É‰’§í@”Šï‚È‰^–½‚É–|˜M‚³‚ê‚é10‘ã«ŒRE‰Æ¡–ğyƒRƒƒ“ƒg‚ ‚èz,https://news.yahoo.co.jp/articles/0ec18b68ab8fe9c287f00ce7443394af9042c04f,11/3(‹à) 5:01
tvlife,TV LIFE web,•Ÿm‘“‘¿‚ª—Vì˜a•F‚Æ‰ƒ^ƒbƒO‚Ågˆ¤‚Ì‚È‚¢’jh‚Éu¡ˆê”ÔgSh‚É“Ë‚«h‚³‚éì•i‚É‚È‚évwƒAƒC‚Ì‚È‚¢—öl‚½‚¿x24”N1ŒƒXƒ^[ƒg,https://news.yahoo.co.jp/articles/1783f5f67872c4eea39e591efd33c6504dfe809e,11/3(‹à) 5:01
tvlife,TV LIFE web,BiS@Œ»‘Ì§‚ÌV‚½‚È‰Â”\«‚ğ¦‚µ‚½”M‹¶‚ÌƒcƒA[ƒtƒ@ƒCƒiƒ‹I–‹I–ñ4”N‚Ô‚è‚ÌƒIƒŠƒWƒiƒ‹ƒAƒ‹ƒoƒ€ƒŠƒŠ[ƒX‚à”­•\yƒ‰ƒCƒuƒŒƒ|[ƒgz,https://news.yahoo.co.jp/articles/ffa9c15b70399f97e0a0423e9e127b94f73324f9,11/2(–Ø) 22:30
tvlife,TV LIFE web,’†“‡Œ’l‚ªŠ˜R‘Û‰f‰æÕ‚Å‘å•¨ŠÄ“Â‚½‚¿‚ÉƒCƒ“ƒ^ƒrƒ…[w’†“‡Œ’l‚Ì¡A‰f‰æ‚É‚Â‚¢‚Ä’m‚è‚½‚¢ƒRƒgBx,https://news.yahoo.co.jp/articles/15010ce76f47d286c76015f4db1ab08f4c4d806c,11/2(–Ø) 20:00
tvlife,TV LIFE web,¼•½Œ’‚ªyˆê•¶šz‚Ì‰ï‚ÉQíIã”’Î–G‰¹•™–ì—y—º‚ÍyÂtz‚Ì‰ï‚Å‚¨”E‚Ñ—·wW‚Ü‚êI“à‘º‚Æ››‚Ì‰ïx,https://news.yahoo.co.jp/articles/12b383f4d2ba64a2b0a6e869da5e2c1f1bf11fe1,11/2(–Ø) 18:00
tvlife,TV LIFE web,ƒWƒFƒWƒ…ƒ“‚ª––±Š‚Ö‚Ì•s–‚ğ–\˜IIƒ}ƒLƒ^ƒXƒ|[ƒc‚Ìg—«‚É‘Î‚·‚é‚³‚è‚°‚È‚¢—D‚µ‚³h‚ÉA‘ºdˆÇ“Ş‚ç‚ª–ÒƒoƒbƒVƒ“ƒOwlu¼–{‚Ìğ‚Ìƒcƒ}ƒ~‚É‚È‚é˜bx,https://news.yahoo.co.jp/articles/a5cb6c57fb65a6f6d46bfa750040a544febc4511,11/2(–Ø) 15:26
tvlife,TV LIFE web,"”ª“ˆ’ql‚ªwTHE TIME,x11Œ‚ÌŒ—j“úƒ}ƒ“ƒXƒŠ[ƒŒƒMƒ…ƒ‰[‚Éu­‚µ‚Å‚àˆÀZiaˆê˜Yj‚³‚ñ‚Ì–{«‚ğ’m‚éƒLƒbƒJƒP‚ª‚ ‚ê‚Î‚¤‚ê‚µ‚¢v",https://news.yahoo.co.jp/articles/3e8cf4fd277f4775a8e64f0697c462f01e6e48b5,11/2(–Ø) 8:00
tvlife,TV LIFE web,]Œû‚Ì‚è‚±å‰‰wƒ\ƒŠˆ—q‚ÌƒXƒXƒ4x24”N4ŒŠú•ú‘—u¡‰ñ‚à‚¢‚ë‚ñ‚È‘ÌŒ±‚ğ‚³‚¹‚Ä‚à‚ç‚Á‚ÄŠy‚µ‚©‚Á‚½‚Å‚·v,https://news.yahoo.co.jp/articles/a3b03ddd2266f9fd0ca65607ec222d9ac269fd6a,11/2(–Ø) 6:02
tvlife,TV LIFE web,ŠÖƒWƒƒƒj‡AKis-My-Ft2A‚È‚É‚í’jq‚çwƒxƒXƒgƒqƒbƒg‰Ì—wÕxo‰‰ƒA[ƒeƒBƒXƒg‰ğ‹ÖIæTŒáASKY-HI‚Íƒ\ƒ‚Æ‚µ‚Ä‰o‰‰,https://news.yahoo.co.jp/articles/f9db9593c8c069ba84216f586d2d08174ff969a8,11/2(–Ø) 5:00
tvlife,TV LIFE web,u‚±‚±‚Ü‚ÅSTU48‚ğç‚Á‚Ä‚­‚ê‚ÄA‚ ‚è‚ª‚Æ‚¤v¡‘º”üŒEb”ãSˆ¤E‘ë–ì—R”üq‚É•·‚­10thƒVƒ“ƒOƒ‹‚ÆƒZƒ“ƒ^[EƒLƒƒƒvƒeƒ“‚ğ–±‚ß‚é‚¤‚¦‚Å‚ÌS‚ª‚¯,https://news.yahoo.co.jp/articles/7c0a0923562398966c3b9c98dc0f62d3ae7caa0c,11/1(…) 17:30
tvlife,TV LIFE web,uƒhƒ‰ƒSƒ“ƒNƒGƒXƒgv¶‚İ‚ÌeE–xˆä—Y“ñŠÄCgƒhƒ‰ƒNƒGƒCƒ^ƒYƒ‰h‚ª“oêIwƒCƒ^ƒYƒ‰ƒWƒƒ[ƒj[2ŠÔƒXƒyƒVƒƒƒ‹x,https://news.yahoo.co.jp/articles/d4e577cabc2c305812253d90b11d0ef4b4156f8e,11/1(…) 13:04
tvlife,TV LIFE web,‰ªç”ü•Û‚É‚Æ‚Á‚Äº—D‚Íu©•ª‚¶‚á‚È‚¢‚à‚Ì‚É‚È‚ç‚¹‚Ä‚­‚ê‚éêŠvA‰Ì‚Íu©•ª‚É‹A‚ê‚éêŠv- 3rdƒVƒ“ƒOƒ‹ƒCƒ“ƒ^ƒrƒ…[,https://news.yahoo.co.jp/articles/31f9b0347c04936261aa79ba5f154e01004f5a10,11/1(…) 12:20
tvlife,TV LIFE web,g‚¨•—˜C‚Å“ñ“úŒ‚¢‚ğ’¼‚·h‚Í–³—HƒTƒEƒi‚Åg‚Æ‚Æ‚Ì‚¤hŠ´Šo‚Ì³‘Ì‚É‚à”—‚éwƒzƒ“ƒ}‚Å‚Á‚©IHTVx,https://news.yahoo.co.jp/articles/be389dd8b4bfa9e7b397a0d2995da03b422d57e8,11/1(…) 8:00
tvlife,TV LIFE web,&TEAMANiziUABE:FIRST‚ç‚Ìo‰‰‰ğ‹ÖIuƒeƒŒ“Œ60ÕvƒAƒ“ƒoƒTƒ_[‚Ìoì“N˜N‚à“oêwƒeƒŒ“Œ60ÕIƒ~ƒ…[ƒWƒbƒNƒtƒFƒXƒeƒBƒoƒ‹2023x,https://news.yahoo.co.jp/articles/70f3d943ca76eeb72abfe42b56c7ca4c9ee09b16,11/1(…) 7:00
tvlife,TV LIFE web,_–Ø—²”V‰î‚ªŒ|l‚½‚¿lˆÄ‚Ìgâ‘Î‚ÉŒ¾‚í‚È‚¢‚Å‚ ‚ë‚¤ˆêŒ¾h‚ğŒ¾‚¤‘åŠì—˜Šé‰æ‚É’§íwƒIƒhƒIƒh~ƒnƒ‰ƒnƒ‰x,https://news.yahoo.co.jp/articles/86116c7f3b71483619c85645f7ed17407a49dcef,11/1(…) 7:00
tvlife,TV LIFE web,‚Ì‚ñ‚Ñ‚è‰®E–î–{—I”n‚ª‚¹‚Á‚©‚¿—‚½‚¿‚Ì‚¨à‹³‚Éƒ^ƒWƒ^ƒWc@‰Æ“üƒŒƒI‚à‰o‰‰wã“c‚Æ—‚ª–i‚¦‚é–éx,https://news.yahoo.co.jp/articles/9787d9e1acdcbbcb9963401dbf7fa9f1cf227022,11/1(…) 6:02
tvlife,TV LIFE web,Œ´“c’m¢ARè‚Ü‚³‚æ‚µALOVE PSYCHEDELICO‚ªƒUEƒr[ƒgƒ‹ƒY‚Ì–¼‹È‚ğƒJƒo[IÄ“¡˜a‹`A•z‘Ü“Ğ‘×‚à‚»‚Ì–£—Í‚ğŒê‚éwThe Covers ƒUEƒr[ƒgƒ‹ƒY ƒiƒCƒgIx,https://news.yahoo.co.jp/articles/3148b3008d38c62d2fd560ac7de9c434003bfe95,11/1(…) 5:30
tvlife,TV LIFE web,’‡ŠÔ—R‹IŒbA‹’®Òk‚Ì‹¶‹C“I‚È¡Ï‚ğ‰‰‚¶Ø‚èuq‹Ÿ‚ÉŒ©‚ç‚ê‚¿‚á‚¢‚¯‚È‚¢–ğ‚¾‚È‚Ævw‘å‰œ Season2x,https://news.yahoo.co.jp/articles/5f8a157a7e611495ab29996859280ea3c9c03473,10/31(‰Î) 22:50
tvlife,TV LIFE web,u‰ö•¨‚Ì–Ø‚±‚èv‹T—œ˜a–çAØXA‹g‰ª—¢”¿‚ç‚ªƒnƒƒEƒBƒ“‚Ì–é‚É“Œ‹‘Û‰f‰æÕEƒWƒƒƒpƒ“ƒvƒŒƒ~ƒA‚É“oê,https://news.yahoo.co.jp/articles/2bff197bf9f896646f04d8dad9816ee3db920cdf,10/31(‰Î) 22:25
tvlife,TV LIFE web,yBiS˜AÚƒRƒ‰ƒ€zƒNƒŒƒiƒCEƒ[ƒ‹ƒYƒGƒ“ƒhu‚»‚Ìp‚ÉgŠæ’£‚éƒpƒ[h‚ğ‚à‚ç‚¢‚Ü‚µ‚½v‰f‰æuƒrƒŠƒMƒƒƒ‹v,https://news.yahoo.co.jp/articles/7933bc47bdab5706a5e3b53ea80885a65852f63b,10/31(‰Î) 20:20
tvlife,TV LIFE web,‹T—œ˜a–ç‚çu‰ö•¨‚Ì–Ø‚±‚èvŠ®¬‚ğ•ñugƒTƒCƒRƒpƒXhg˜A‘±El‹Shg‰ö•¨h‚Æ‚¢‚¤ƒ[ƒh‚Ì‰œ‚É‚ ‚é‚à‚Ì‚ğƒLƒƒƒbƒ`‚µ‚Ä‚¢‚½‚¾‚¯‚½‚çv,https://news.yahoo.co.jp/articles/b9ce739bba5b05c7141845fbf4a3b425bf0c6cd0,10/31(‰Î) 18:28
tvlife,TV LIFE web,ƒWƒ…ƒjƒA‚Ì–ÊX‚ªg•·‚¢‚½‚±‚Æ‚ª‚ ‚Á‚Ä‚à~‚è‚½‚±‚Æ‚ª‚È‚¢‰wh‚ğÀ’n’²¸IVŠ´Šo‚Ì’n}ƒoƒ‰ƒGƒeƒBwƒJƒNƒGƒL!x11E18ƒXƒ^[ƒg,https://news.yahoo.co.jp/articles/edba622393cb585d486de5b559db15f3ca5e849b,10/31(‰Î) 17:59
tvlife,TV LIFE web,“c‘ºŒ’‘¾˜Y••Ÿ“c–ƒ‹M‚ª‚¨Î‚¢ƒRƒ“ƒr–ğ‚Åw‚ğ‚©‚¯‚é‚ÈA—öl‚½‚¿x‘æ4˜b‚Éo‰‰@‹g‰ª—¢”¿u„‚ÌD‚«‚È‰ñvyƒRƒƒ“ƒg‚ ‚èz,https://news.yahoo.co.jp/articles/7e04995307906e687ba2617822fe7e1656564be0,10/31(‰Î) 8:30
tvlife,TV LIFE web,ë–ì‰pF•Ol˜YE¬‹{_M‚ªu6˜A’Pv‚ÉQí@¬Šw¶‚ª‘I‚Ôu‚±‚¢‚Â‚É‚ÍŸ‚Ä‚éƒ‰ƒ“ƒLƒ“ƒOv‚Å‘å‘›‚¬w‰Ø‘å‚³‚ñ‚Æç’¹‚­‚ñx,https://news.yahoo.co.jp/articles/3b91c57a8374b58255db67f5cde8fdae6f8ea8a1,10/31(‰Î) 8:03
tvlife,TV LIFE web,u’´E”T–ØâƒXƒ^[’a¶ILIVEvŠJÃŒˆ’èI–¼‹ÈƒJƒo[‚âƒ\ƒ‰Ì¥A¶ƒRƒ“ƒg‚É’§í@ˆäã˜a•’†¼ƒAƒ‹ƒm‚ªˆÓ‹C‚İ,https://news.yahoo.co.jp/articles/195d410533bde4c3d6a826f78f6ac7bcf6fad0ae,10/31(‰Î) 8:02
tvlife,TV LIFE web,&TEAMASKY-HIABE:FIRSTALE SSERAFIM‚ªWŒ‹IƒOƒ[ƒoƒ‹ƒA[ƒeƒBƒXƒg‚É‚æ‚é‰¹Šy‚ÌÕ“TuBEAT AXv12E23ŠJÃŒˆ’èyƒRƒƒ“ƒg‚ ‚èz,https://news.yahoo.co.jp/articles/c1ae3b78e9bf25ad745a257987d001e494784322,10/31(‰Î) 8:01
tvlife,TV LIFE web,”Œ´—´—F•Œ³BiSH‰Á“¡çq‚ªƒAƒ“ƒ^ƒbƒ`ƒƒƒuƒ‹‚ÆˆÉ“¤‘å“‡‚Ås‚«“–‚½‚è‚Î‚Á‚½‚è‚Ì“ä’T‚µƒcƒA[wƒAƒ“ƒ^ƒbƒ`ƒƒƒu‚éTVx,https://news.yahoo.co.jp/articles/5ca4731aa4fb502bb637c6fca607df8f3cc13cdc,10/31(‰Î) 7:31
tvlife,TV LIFE web,’r“cƒGƒ‰ƒCƒUå‰‰‚ÅwM‚ğ•Ò‚Şx˜Aƒhƒ‰‰»IáèĞˆõEŠİ•Ó‚İ‚Ç‚è‚Ì‹“_‚©‚ç«‘•ÒW•”ˆõ‚Ì•±“¬•`‚­@”n’÷–ğ‚Í–ì“c—mŸ˜YyƒRƒƒ“ƒg‚ ‚èz,https://news.yahoo.co.jp/articles/5fd79b51aa662dc00fa50c2063cc2c89f65511af,10/31(‰Î) 7:06
tvlife,TV LIFE web,wƒtƒVƒM‚Ì‰ïx‚¤‚Ç‚ñ‚¾‚¯‚Å2ŠÔSPIoì“N˜N•’·“ˆˆê–Î•ƒzƒ‰ƒ“çH‚ª“Œ¼‚ÌgƒtƒVƒM‚¤‚Ç‚ñhNo.1‚ğŒˆ’è,https://news.yahoo.co.jp/articles/d77e4713a76e05c257418d8d551f2ce0fb6c1ac5,10/31(‰Î) 7:00
tvlife,TV LIFE web,wƒJƒYƒŒ[ƒU[‚ÆŠw‚ÔBx–k”T‚«‚¢AƒWƒƒƒ“ƒ|ƒPÄ“¡T“ñAƒ}ƒaƒ‰ƒuA‚ä‚¤‚¿‚á‚İ‚Æg‘Ì‚Æ–¡Šo‚Ì‹Á‚­‚×‚«ŠÖŒWh‚ğŠw‚Ô,https://news.yahoo.co.jp/articles/742280a2cf2510afa92540059c062a9063faf14d,10/31(‰Î) 7:00
tvlife,TV LIFE web,‚â‚·q‚ªg_ƒƒ“ƒ^ƒ‹h‚³‚ñ‚Ü‚ÉŒˆ€‚Ìà‹³ul‚É‘Î‚µ‚ÄGIvw—x‚éI‚³‚ñ‚ÜŒä“a!!x,https://news.yahoo.co.jp/articles/fccbe5ae151f832797233e95afd0f6adacbbfeb0,10/31(‰Î) 6:04
tvlife,TV LIFE web,ƒ}ƒVƒ“ƒKƒ“ƒY¼–x—º‚ªwƒRƒ^ƒc‚ª‚È‚¢‰Æx‘æ3˜b‚©‚ç“oê@“­‚«n‚ß‚½’B•vi¬—ÑŒOj‚Ìæ”yŒx”õˆõ–ğ,https://news.yahoo.co.jp/articles/e0dc24fb05b167e537cd5eccdb737f1009ba25af,10/31(‰Î) 6:01
tvlife,TV LIFE web,ƒ~ƒ^ƒ]ƒmi¼‰ª¹Gj‚ªĞ’·—ßì‚É—öˆ¤w“ìw‰Æ­•v‚Ìƒ~ƒ^ƒ]ƒmx‘æ4˜b‚Í²’Ãìˆ¤”ü~¼‘qŠC“l‚Ìƒˆ¤ƒ‰ƒuƒXƒg[ƒŠ[,https://news.yahoo.co.jp/articles/bff9df248057a44777591ec1c4bcfd33819e8fef,10/31(‰Î) 6:00
tvlife,TV LIFE web,”g—Úå‰‰‚Å¼–{´’£‚ÌĞ‰ï”hƒ~ƒXƒeƒŠ[wƒKƒ‰ƒX‚ÌéxSPƒhƒ‰ƒ}‰»@‹¤‰‰‚É–Ø‘º‰À”T@24”NVt•ú‘—yƒRƒƒ“ƒg‚ ‚èz,https://news.yahoo.co.jp/articles/ad15c86be1ff5ac62949ce6d3d07ce1e6b484452,10/31(‰Î) 5:00
tvlife,TV LIFE web,•ŸR‰ë¡‚ª‹†‹É‚ÌƒMƒ^[ƒTƒEƒ“ƒh‚ğ‹‚ß‚ÄƒAƒƒŠƒJ‚Ö@El‚½‚¿‚ÌƒXƒsƒŠƒbƒg•‚à‚Ìì‚è‚Ì_‘‚É”—‚éwNHK MUSIC SPECIALx,https://news.yahoo.co.jp/articles/7e9c4c5e6843d598fae235cc80b97f0451f5a709,10/30(Œ) 21:02
tvlife,TV LIFE web,Â–öãÄ•‘å“Œx‰îWå‰‰‚Åw‰¼‘z‹V—çxƒhƒ‰ƒ}‰»@–³E‚Ì’j2l‚ªƒT[ƒrƒX‹Æ‚Æ‚µ‚Ä@‹³‚ğ—§‚¿ã‚°‚éyƒRƒƒ“ƒg‚ ‚èz,https://news.yahoo.co.jp/articles/09ec64da9c993a71e6f06d86621a9955daf007cf,10/30(Œ) 20:31
tvlife,TV LIFE web,²’Ãìˆ¤”üå‰‰wƒTƒuƒXƒN•s—ÏxEDå‘è‰Ì‚ªGeeSLY‚ÌuƒWƒMƒ^ƒŠƒXv‚ÉŒˆ’èIV—\‰f‘œ&ê–ÊÊ^ŒöŠJ,https://news.yahoo.co.jp/articles/5eb7014965eb404a55a4096378ff4d7013c669b5,10/30(Œ) 20:00
tvlife,TV LIFE web,wƒ}ƒCEƒZƒJƒ“ƒhEƒAƒIƒnƒ‹x‰–‘º—¢ƒvƒƒfƒ…[ƒT[‚ªŒê‚é‘æ3˜b‚ÌŒ©‚Ç‚±‚ë‚Í²–íqiL£ƒAƒŠƒXj‚Æ‘ñi“¹}x—Cj‚Ì‚¯‚ñ‚©u“ñl‚ÌŠÖŒW‚Ì•Ï‰»‚ğ‚Ù‚ÙÎ‚Ü‚µ‚­Š´‚¶æ‚Á‚Ä‚¢‚½‚¾‚¯‚ê‚Îv,https://news.yahoo.co.jp/articles/26e2055690b1857b9683268f39bf6a187f7ba227,10/30(Œ) 19:00
tvlife,TV LIFE web,wƒAƒ“ƒ^ƒbƒ`ƒƒƒu‚éTVx‰‰oE‰¡“cK‰î‚ªŒê‚éVŠé‰æ‚ÌŒ©‚Ç‚±‚ë‚Æ”Ô‘gì‚è‚Ö‚Ìv‚¢,https://news.yahoo.co.jp/articles/50f3ffaf99c3e9f69cc550bb7a35652f6c8291e7,10/30(Œ) 18:05
tvlife,TV LIFE web,Œ³TBS’†“Œ“Á”hˆõE{‰êì‘ñ‚ª•´‘ˆ’†‚ÌƒCƒXƒ‰ƒGƒ‹‚©‚çÕŒ‚ƒŠƒ|[ƒg@‰ßŒƒ”h‘gDgƒCƒXƒ‰ƒ€‘h‚Ìv‘z‚ğ–Ú‚Ì“–‚½‚è‚ÉwƒNƒŒƒCƒW[ƒWƒƒ[ƒj[x,https://news.yahoo.co.jp/articles/81931948891763c308f90b353029cb7482ce3844,10/30(Œ) 14:21
tvlife,TV LIFE web,jŒ[‰iå‰‰w—öˆ¤‚Ì‚·T‚ßx‹­—óƒLƒƒƒ‰W‡‚ÌƒŒƒgƒ•—–¡‚ÈƒL[ƒrƒWƒ…ƒAƒ‹‰ğ‹ÖINetflixæs”zM‚àŒˆ’è,https://news.yahoo.co.jp/articles/ab753067f8d69a651efbf8586b15b9ea1b65cdfa,10/30(Œ) 12:06
tvlife,TV LIFE web,—Ñ‘¾˜Yiîà‹´—D“lj‚ª“ä‚Ì“]Z¶E‚¢‚Â‚«iˆäã‹Hj‚É’íq“ü‚èuŠè@‘c•ê–ğ‚Å–¼æ—Tq‚à“oêwŒN‚ª€‚Ê‚Ü‚Å‚ ‚Æ100“úx‘æ2˜b,https://news.yahoo.co.jp/articles/7044a9441bbc0e9b4134667ec28420f37238de33,10/30(Œ) 8:02
tvlife,TV LIFE web,ugƒƒ“h‚Æ–Â‚©‚È‚¢Œ¢v‚Éƒ}ƒcƒR•‘ºãMŒÜ‚à‚Ù‚Á‚±‚è@ƒ}ƒcƒR‚ª51Î‚ğŒ}‚¦‚½Š´‘z‚ğŒê‚éwŒ—j‚©‚ç–é‚Ó‚©‚µx,https://news.yahoo.co.jp/articles/ef86840d295042ea1c97f57ed06944a77e87fb11,10/30(Œ) 8:02
tvlife,TV LIFE web,wCDTVƒ‰ƒCƒuIƒ‰ƒCƒuIx2ŠÔSP‚É¼‰ºŸ©•½A‰Æ“üƒŒƒIAƒŠƒgƒOƒŠA—Î‰©FĞ‰ïACreepy NutsASIX LOUNGEA“úŒüâ46AGENERATIONSAƒWƒFƒWƒ…ƒ“‚ªo‰‰,https://news.yahoo.co.jp/articles/63c0f18531aea06f45286947098065273937847e,10/30(Œ) 8:02
tvlife,TV LIFE web,“y‰®ƒAƒ“ƒiA‘å‹v•Û‰Ãl‚Ì‘§q‚½‚¿‚ª4”‘5“ú‚ÌŠCŠOƒz[ƒ€ƒXƒeƒC‚Öuv‚Á‚Ä‚¢‚½ˆÈã‚É—Ç‚¢Šç‚ğ‚µ‚Ä‹A‚Á‚Ä‚«‚½vwƒAƒCEƒAƒ€E–`Œ¯­”Nx,https://news.yahoo.co.jp/articles/db1c79e79dc9970ca1c6a6c240cdbfbf83391956,10/30(Œ) 7:04
tvlife,TV LIFE web,•TEAM‚ªuƒJƒ‰ƒ_WEEKv‰‚ÌƒfƒWƒ^ƒ‹ƒTƒ|[ƒ^[‚ÉA”CwƒYƒ€ƒTƒ^xwƒZƒNƒV[“c’†‚³‚ñx‚Æ‚ÌƒRƒ‰ƒ{ƒCƒxƒ“ƒg‚àŠJÃŒˆ’è,https://news.yahoo.co.jp/articles/5a2a77f2ba86a78a2215cbeb830cf4ee4724dc5d,10/30(Œ) 6:03
tvlife,TV LIFE web,wƒWƒ‡ƒ“ƒ\ƒ“x‚©‚Ü‚¢‚½‚¿Aƒ‚ƒOƒ‰ƒCƒ_[AŒ©æ‚è}Aƒjƒ…[ƒˆ[ƒN‚ªu‹­‰^No.1Œˆ’èív—DŸÒ‚ÍÜ‹à400–œ‰~‚ÅƒJƒWƒmŸ•‰ƒƒP,https://news.yahoo.co.jp/articles/4ec216cc85818367c49e2eda67ed8703af304e27,10/30(Œ) 5:00
tvlife,TV LIFE web,¼“‡Gr‚ªw‚³‚æ‚È‚çƒ}ƒGƒXƒgƒx‚Å9”N‚Ô‚è“ú—jŒ€êå‰‰@ˆ°“cˆ¤Ø‚Æeq–ğ‚Å‰‹¤‰‰@‹r–{‚Í‘å“‡—¢”üAŒ€”º‚Í›–ì—SŒåyƒRƒƒ“ƒg‚ ‚èz,https://news.yahoo.co.jp/articles/1d859180f2d010cf73c1010e29dc8b6ba90ddc54,10/30(Œ) 4:00
tvlife,TV LIFE web,â™–ìi–ˆŒFÆj‚ª“c’†‚³‚ñi–Ø“ì°‰Äj‚É¸—ç”­Œ¾‚ğ˜A”­@Œƒ“{‚µ‚½é—¢i¶Œ©ˆ¤—Új‚Í•œQ‚ğŒˆˆÓwƒZƒNƒV[“c’†‚³‚ñx‘æ2˜b,https://news.yahoo.co.jp/articles/5a15cedd50c279c811a480a77b3e7018c7f6c4e9,10/29(“ú) 7:02
tvlife,TV LIFE web,w‰º™ã‹…™x’ËŒ´‚ ‚äqŠÄ“Â‚ª–¾‚©‚·—é–Ø—º•½‚Æ‹…™ƒLƒƒƒXƒg‚ÌŠÖŒW«u•”Šˆ‚Ì‚æ‚¤‚ÈÏ‚İd‚Ë‚ª‰æ–Ê‚É‚ ‚Ó‚ê‚Ä‚¢‚év,https://news.yahoo.co.jp/articles/104fa24cab543cec7a28e25be68f09e9ef43e447,10/29(“ú) 6:10
tvlife,TV LIFE web,wƒTƒUƒG‚³‚ñx‰Ô‘ò‚³‚ñ–ğ‚Ìº—DŒğ‘ã@R–{Œ\q‚©‚çƒPƒƒŒR‘‚E“n•Ó‹v”üq‚É@–{“ú•ú‘—‰ñ‚ªƒ‰ƒXƒg@ˆÉ²âæ¶–ğ‚à‹R–Î‚ÉŒğ‘ã,https://news.yahoo.co.jp/articles/979b1b74951f5f37ffcf8ea75bbd2af1e5050b36,10/29(“ú) 6:02
tvlife,TV LIFE web,Š`àV—ElA¬—Ñ—ÁqA–¡•û—Ç‰î‚ªwƒ[ƒCƒ`ƒ‡[x‘æ4˜b‚ÉƒQƒXƒgo‰‰@‹À’ëi‹e’r•—–j‚Æ‰ØqiR“cˆÇ“Şj‚ª‚Šz‘Ø”[Ò‚ÉŠñ‚è“Y‚¤,https://news.yahoo.co.jp/articles/e0a5bd8dc4db7fb93a7a661fcc92cbf9f6c98d7b,10/28(“y) 23:00
tvlife,TV LIFE web,TREASURE‚ªŠ¥”Ô‘gwƒgƒŒƒoƒ‰x‚Åu‚½‚½‚¢‚Ä‚©‚Ô‚Á‚ÄƒWƒƒƒ“ƒPƒ“ƒ|ƒ“vu” ‚Ì’†g‚Í‚È‚ñ‚Å‚µ‚å‚¤Hv‚É’§í,https://news.yahoo.co.jp/articles/75722056affa5fa919a646f7a30bb37c9342e351,10/28(“y) 12:02
tvlife,TV LIFE web,¬‘ë–]‚ªƒjƒ…[ƒJƒŒƒhƒjƒA‚Ö@Œ»’nƒKƒCƒh‚Æ‚Ìƒeƒ“ƒ|‚Ì‚¢‚¢‚â‚è‚Æ‚è‚É‹^˜f‚Ìºu‚±‚ê“V–‚ÅƒƒP‚µ‚Ä‚éHvwƒŠƒA“ËWEST.x,https://news.yahoo.co.jp/articles/e442879612aa22983abe60822dc7f25898799b39,10/28(“y) 11:01
tvlife,TV LIFE web,OCTPATHEl’J^—C‚ª11ŒŠúuƒCƒPƒhƒ‰v‚Åƒhƒ‰ƒ}‰å‰‰u‚±‚±‚Ü‚Å^Œ•‚É‚¨Å‹‚ÆŒü‚«‡‚Á‚½‚Ì‚Í‰‚ß‚Ävw“y—j‚Íƒiƒj‚·‚é!?x,https://news.yahoo.co.jp/articles/ca595a0d0e1276dcf3f9b55c2a4bf75cf2ae6ae3,10/28(“y) 10:01
tvlife,TV LIFE web,a’J“âç‚ª‚¿‚İŠé‰æ‚ÅR“àŒ’i‚ÌDŠ´“xƒAƒbƒv‚É•±“¬I‚¢‚¢˜b‚©‚ç‚É‚¶‚İo‚é‹¶‹C‚É‘åŒåu‰½‚æ‚è•|‚¢vwç’¹‚©‚Ü‚¢‚½‚¿ƒAƒ[x,https://news.yahoo.co.jp/articles/78c74e0879ef610e62fe492522ae37b9c7d31d5a,10/28(“y) 8:01
tvlife,TV LIFE web,ŒuŒ´“O•’©“ú“Ş‰›‚ªw[“d—·x‚É‰“oêI”Ô‘gjã‰‚Ì‹Ù‹}–‘Ô‚Éoì“N˜Nuƒzƒg‚¿‚á‚ñ‚Ì°‚ğcv,https://news.yahoo.co.jp/articles/7f07e3d11168005313e5f19816e475ea5755f632,10/28(“y) 8:00
tvlife,TV LIFE web,”ª‘º—Û‚ª–{l–ğ‚ÅwƒNƒŒƒˆƒ“‚µ‚ñ‚¿‚á‚ñx‚É“oêIƒAƒtƒŒƒR‰’§í‚Å‚µ‚ñ‚Ì‚·‚¯‚Æ‹¤‰‰u–²‚ª‚©‚È‚Á‚½uŠÔ‚Å‚µ‚½v,https://news.yahoo.co.jp/articles/e228a8fe9d2d3f862361b8f7c6e3b73c0ac26247,10/28(“y) 7:31
tvlife,TV LIFE web,¼‰ªä—DAŒE“c³FA’r¼‘s—º‚ª“ú–{ˆê‚¤‚Ü‚¢‚²”Ñ‚Ì‚¨‹Ÿ‚ğ‘å’²¸@‚à‚¤’†‚Í“ú–{ˆêL‚¢‘Ê‰Ùq“X‚ÖwSHOWƒ`ƒƒƒ“ƒlƒ‹x,https://news.yahoo.co.jp/articles/fc68721c036d75e4cacc654cb1f86f8103bcf289,10/28(“y) 7:01
tvlife,TV LIFE web,’†‹³LA—F’Bì‚è‚Ég‚¿‚å‚Á‚Æ‚¾‚¯hˆÓ—~u–l‚à”à‚ğŠJ‚¯‚Ä‚¨‚­‚æ‚¤‚É‚µ‚æ‚¤‚©‚ÈvwŒ|”\lI‚¨—F’BŒÄ‚ñ‚Å—ˆ‚Ü‚µ‚½ƒOƒ‰ƒ“ƒvƒŠx,https://news.yahoo.co.jp/articles/621ac1b8c9f06655031989753d35270a7e3cc2a8,10/28(“y) 5:30
tvlife,TV LIFE web,Î“c‚ä‚èq‚ªƒqƒƒCƒ“EˆÉ“¡¹ä»‚ğÌ^u–²‚ÆŠó–]‚ª‚¢‚Á‚Ï‚¢‹l‚Ü‚Á‚½ƒ{[ƒ‹‚Ì‚æ‚¤v’©ƒhƒ‰wŒÕ‚É—ƒxæŞ‰ï,https://news.yahoo.co.jp/articles/24d35eae865df8b7336c2b68a69994f604d6eb43,10/28(“y) 5:00
tvlife,TV LIFE web,“`à‚Ìƒqƒbƒgƒ}ƒ“g“ñ’šh–ğ‚Í‘ê“¡Œ«ˆêI6”N‚Ô‚è‹¤‰‰‚É‘Š—t‰ë‹I‚àŠ½Šìu‚·‚²‚­Šy‚µ‚©‚Á‚½vw¡“ú‚©‚çƒqƒbƒgƒ}ƒ“x,https://news.yahoo.co.jp/articles/28fd47da3e8d4cd19d839bf62357f4e98271b346,10/28(“y) 0:20
tvlife,TV LIFE web,²’Ãìˆ¤”üå‰‰wƒTƒuƒXƒN•s—ÏxOPå‘è‰Ì‚ªSano ibuki‚Ìu”±“_–œÎv‚ÉŒˆ’èI—\‰f‘œ•ê–ÊÊ^ŒöŠJ,https://news.yahoo.co.jp/articles/bdc06355297800bba6d9445725a918d3bc19290c,10/27(‹à) 21:31
tvlife,TV LIFE web,•Ÿm‘“‘¿‚ªŒ“‹ß‘å÷•–“‡^”V‰î‚ÆˆïéŒ§ç’Js‚ÅƒnƒCƒeƒ“ƒVƒ‡ƒ“—·IŠi“¬‹Z•ŒêŠw‚Ö‚Ì’§í‚ğŒê‚éwƒƒVƒhƒ‰x,https://news.yahoo.co.jp/articles/2e8d03fc4401d66917a769b4775cc9fd1ec7913a,10/27(‹à) 21:00
tvlife,TV LIFE web,÷’ë‚È‚È‚İ~²–ìj˜Yo‰‰‚Ì“‡ª”­’nˆæƒhƒ‰ƒ}w“‡ªƒ}ƒ‹ƒ`ƒo[ƒX“`x24”N3Œ•ú‘—Œˆ’è@‹r–{‚Í’|“cƒ‚ƒ‚ƒR,https://news.yahoo.co.jp/articles/a85ee081c868aad9c06f9191f7419dec10904599,10/27(‹à) 20:40
tvlife,TV LIFE web,”Ñ“cŒ\D•ˆîêˆ¤‚ªV‘å‹v•Û‚Å˜b‘è‚Ìg2DƒJƒtƒFh‚ÖIŠØ‘G‰İ“X‚Å‚Íl‹CNo.1¤•i‚ğ—\‘zwƒLƒ^‚É—ö‚µ‚½Ix,https://news.yahoo.co.jp/articles/7f1a73460f2fc14e9f4852aca39d18970dfe6089,10/27(‹à) 20:31
tvlife,TV LIFE web,•õŠİ‚İ‚È‚İ‚ª•v‚Ì“ŒŠCƒIƒ“ƒGƒAE‚Ä‚Â‚â‚Æ‚Ìƒ‹[ƒ‹‚â—‰ğ‚Å‚«‚È‚¢s“®‚ğ–¾‚©‚·@ƒoƒXƒgƒPƒA‚Ì‘Š’k‚àwƒh[ƒiƒcƒg[ƒNx,https://news.yahoo.co.jp/articles/8313ff47b63f9e12c98726080653b6ddad957733,10/27(‹à) 20:02
tvlife,TV LIFE web,ugˆ¤h‚àgô‚¢h‚à’P‘Ì‚Å‚Í‘¶İ‚µ‚È‚¢A”w’†‡‚í‚¹‚ÌŒ¾—t‚È‚Ì‚©‚Èv–îˆä“c “µ‚ªƒhƒ‰ƒ}w‚ä‚è‚ æ¶‚ÌÔ‚¢…xå‘è‰ÌuƒAƒCƒmƒƒCv‚ğ‘‚«‰º‚ë‚µ,https://news.yahoo.co.jp/articles/e56bf0eab25f8e5a5f4dd5ecd496463f2d52f80d,10/27(‹à) 19:10
tvlife,TV LIFE web,s**t kingz‚Ì“c«j‚ªwMaybe —ö‚ª’®‚±‚¦‚éx‚Éƒ_ƒ“ƒXut–ğ‚Åo‰‰I‹´–{—ÁA‘çŒíŒÕ‘¿˜N‚çuƒCƒPƒ{ƒtƒ@ƒCƒuv‚ÌU•t‚à’S“–,https://news.yahoo.co.jp/articles/915ca661bf9ba5d2f823f258cdb47482bebfa848,10/27(‹à) 19:03
tvlife,TV LIFE web,“à‘ºŒõ—Ç”­ˆÄ‚ÌyŸè‚ÉƒTƒUƒ“z‚Ì‰ï‚ªÀŒ»IO‘ºƒ}ƒTƒJƒYA‚¹‚¢‚âAoì“N˜NAHŒ³^‰ÄA–x–¢‰›“Ş‚ª‚ä‚©‚è‚Ì’n‚ğ„‚éwW‚Ü‚êI“à‘º‚Æ››‚Ì‰ïx,https://news.yahoo.co.jp/articles/9642b61f5f617f8146b29f7d66a478eee24aad9b,10/27(‹à) 18:03
tvlife,TV LIFE web,w‚»‚êƒXƒmx”òs‹@D‚«‚Ìˆ¢•”—º•½•ROLAND‚ªuJALv‚Ì—§‚¿“ü‚è‹Ö~ƒGƒŠƒA‚Éö“ü,https://news.yahoo.co.jp/articles/dd1184759fff5d4e379fe72effb24135b87c8299,10/27(‹à) 17:14
tvlife,TV LIFE web,ÀÊƒhƒ‰ƒ}w‚©‚ç‚©‚¢ãè‚Ì‚–Ø‚³‚ñxg¹’nhìŒ§¬“¤“‡‚Å‘S•ÒB‰e‚³‚ê‚½–{•Ò‰f‘œ‚ª‰‰ğ‹Ö@Œ“‡—®ˆß••ì‘z–î‚ªWå‰‰AŠÄ“Â‚Í¡ò—ÍÆ,https://news.yahoo.co.jp/articles/66f52df33ffc28e98858f681c03599039e13be9b,10/27(‹à) 16:01
tvlife,TV LIFE web,w‚Ç‚¤‚·‚é‰ÆNx1”N5‚©Œ‚É‚í‚½‚éB‰e‚ªI—¹@¼–{uƒNƒ‰ƒ“ƒNƒAƒbƒv‚ÌuŠÔ‚É—N‚«ã‚ª‚Á‚½‚Ì‚ÍA‚½‚¾‚½‚¾Š´Ó‚Ì‹C‚¿‚Å‚·v,https://news.yahoo.co.jp/articles/a4a646a06c003b7378f62165dcdf15924d2aff48,10/27(‹à) 13:41
tvlife,TV LIFE web,wƒ‰ƒ‰LIFEx“Á•Ê•Ò‚ÅMC‚Ì‚³‚Ü‚Ÿ`‚¸EO‘ºƒ}ƒTƒJƒY•Â–Ø’‚‚ª‰«“ê‚Ì—£“‡‚ğ“n‚è•à‚­g—£“‡‚Í‚µ‚²ğ—·h‚Ö,https://news.yahoo.co.jp/articles/091c37c29d301a2f9263c2ef4b7ba4d62bf88abb,10/27(‹à) 12:07
tvlife,TV LIFE web,ˆÉ‘ò‘ñi‚ª‰¶tE—ÑC‚©‚çg‘ål‚Ìšn‚İh‚ğ‹³‚í‚è‚È‚ª‚ç_ŒË‚ÌŠX‚ğ„‚éw—ÑC•ˆÉ‘ò‘ñi‚Ì¡“ú‚©‚ç‘ålBin_ŒËx,https://news.yahoo.co.jp/articles/9605842343f9d34dc50d97a9bdbbae4350fbddbe,10/27(‹à) 12:02
tvlife,TV LIFE web,Œ©æ‚è}‚ªu–³ˆó—Ç•iv‚Ìl‹CƒOƒ‹ƒH‚×s‚­‚µ‚É’§í@A‚¥! groupE•Ÿ–{‘å°‚ª•‚ÁlQíw‚¿‚Ü‚½‚ÌƒWƒ‡[ƒVƒL‚¿‚á‚ñx,https://news.yahoo.co.jp/articles/84253bc616e1b5de2438e8f1e8146cd1bb5296ff,10/27(‹à) 10:01
tvlife,TV LIFE web,w‹àƒXƒ}x—¿—Œ¤‹†‰ÆEƒŠƒ…ƒEƒW‚ªu‚Ğ‚Æ‚è”_‹Æv‚É‰“oêI’†‹³L‚àâ^‚·‚ég‚²”Ñ‚É‡‚¤‚¨‚©‚¸h•VìƒŒƒVƒs‚àŒöŠJ,https://news.yahoo.co.jp/articles/aa90ee8465c41671f91461da765dd676b060c968,10/27(‹à) 9:01
tvlife,TV LIFE web,TOMORROW X TOGETHER‚ªwZIP!x‚É¶o‰‰IV‹ÈuChasing That Feelingv‚ğ“ú–{‚ÌƒeƒŒƒr‰”â˜I,https://news.yahoo.co.jp/articles/e5f1c3ea85d3257519a3f69b039d1e3fd64669c7,10/27(‹à) 9:01
tvlife,TV LIFE web,–òtŠÛ‚Ğ‚ëq‚ªwHÊ‚Ì‰¤‘ 1000‰ñ‹L”OSPx‚ÅgŠC‚Ì‹“shˆÉª’¬‚Ö@©‚ç’Ş‚Á‚½ƒAƒIƒŠƒCƒJ‚ğÀHu–Y‚ê‚ç‚ê‚È‚¢–¡‚É‚È‚è‚Ü‚µ‚½v,https://news.yahoo.co.jp/articles/f890a7b0847aa7ebcb8617387d296edb2ecd7e78,10/27(‹à) 8:01
tvlife,TV LIFE web,L£”ü‚ÌYouTube‚àdŠ|‚¯‚Ä‚¢‚½I‰‰oEƒvƒƒfƒ…[ƒT[‚ÌŒIŒ´r‚ª–¾‚©‚·w‰Ì•Pƒtƒ@ƒCƒgƒNƒ‰ƒu!!x§ì— ˜b,https://news.yahoo.co.jp/articles/dc2ff261392ac9d63ecf29b88a7e357c2b645bf9,10/27(‹à) 7:11
tvlife,TV LIFE web,w‚²‚Ô‚²‚Ô 90•ªSPxNEWSE¬RŒcˆê˜Y•‰Á“¡ƒVƒQƒAƒL‚ªu‚È‚É‚íƒ`ƒƒƒ“ƒJƒp[ƒi‘åìív‚Å•l“c‰ëŒ÷‚É“Á‹Z‚ğƒAƒs[ƒ‹,https://news.yahoo.co.jp/articles/a59de2d939d6249bc2f098a4c443cccc4cdc5a04,10/27(‹à) 7:11
tvlife,TV LIFE web,wƒIƒIƒJƒ~­”NEƒnƒ}ƒ_‰Ì—wÕx×ì‚½‚©‚µ‚Æ“¡Œ´‹I‚ğƒŠ[ƒ_[‚É‰‚Ì¢‘ãƒVƒƒƒbƒtƒ‹SPIƒWƒFƒV[~´…”üˆËÑ‚È‚Ç‚Ìƒfƒ…ƒGƒbƒg‚à,https://news.yahoo.co.jp/articles/f1a536626247c262596f98e04449ed3b071e243f,10/27(‹à) 7:01
tvlife,TV LIFE web,‘å’JãÄ•½‚ÌˆÙŸŒ³‚Ô‚è‚ğ‘Îí‘Šè‚ªŒê‚éIƒ^ƒ‚ƒŠ‚à‚³‚ç‚È‚éi‰»‚ÉŠú‘Òu—ğj‚ğ•Ï‚¦‚Ä‚¢‚­p‚ğ‚Ü‚½Œ©‚½‚¢vwƒ^ƒ‚ƒŠƒXƒe[ƒVƒ‡ƒ“x,https://news.yahoo.co.jp/articles/2137307e11bf21b07d5c2189792bf881c2a3f4f3,10/27(‹à) 6:01
tvlife,TV LIFE web,ŒË’Ëƒ‹M‚ªw‚¤‚¿‚Ì•ÙŒìm‚Íè‚ª‚©‚©‚éx‘æ4˜b‚ÉƒQƒXƒgo‰‰@ƒ€ƒƒcƒˆƒV‚Æ3”N‚Ô‚èA•½è—F—œ“Ş‚Æ‚Í‰‹¤‰‰yƒRƒƒ“ƒg‚ ‚èz,https://news.yahoo.co.jp/articles/376c2953efebb175c2fd6962eaf8d2c3762d4aee,10/27(‹à) 6:00
tvlife,TV LIFE web,ˆ¢•”ƒTƒ_ƒ’~‹r–{E‹{“¡Š¯‹ã˜Y~ˆéR»P‚Ìƒ^ƒCƒ€ƒXƒŠƒbƒvƒRƒƒfƒBw•s“KØ‚É‚à‚Ù‚Ç‚ª‚ ‚éIx24”N1ŒƒXƒ^[ƒg@‹¤‰‰‚É’‡—¢ˆËÑAˆé‘º—E“lA‹g“c—r,https://news.yahoo.co.jp/articles/cbf60a98673ebc99b676a6cf09a8300b6130dcf5,10/27(‹à) 5:00
tvlife,TV LIFE web,ƒSƒXƒyƒ‰[ƒYE•‘òŒO~”T–Øâ46E’†¼ƒAƒ‹ƒmMC‚Ì‰¹Šy”Ô‘gwSpicy SessionsxƒXƒ^[ƒgI‰‰ñƒQƒXƒg‚Í•½Œ´ˆ»,https://news.yahoo.co.jp/articles/c6598fbcfc55502f2be01671189b10b8cc032c67,10/26(–Ø) 20:11
tvlife,TV LIFE web,–“‡‚Ğ‚©‚è~Œ€’c‚Ğ‚Æ‚è‚ÌƒRƒ“ƒg”Ô‘gw‚Ğ‚©‚è‚Æ‚Ğ‚Æ‚èxU-NEXT‚Å”zM@ƒI[ƒNƒ‰‹r–{‚Å2l‚«‚è‚Å‹q‘Oˆê”­–{”ÔyƒRƒƒ“ƒg‚ ‚èz,https://news.yahoo.co.jp/articles/ef1ca883605fa754468b400eb133cb2ad87d2a53,10/26(–Ø) 20:00
tvlife,TV LIFE web,‘Š—t‰ë‹IA“ñ‹{˜a–ç‚É’p‚¸‚©‚µ‚¢v‚¢oƒoƒ‰‚³‚êu1l‚É‚³‚¹‚¿‚á‚Á‚½‚Ì‚ÍŠÔˆá‚¢‚Å‚µ‚½vw–Ø7~•”x¡–éƒXƒ^[ƒg,https://news.yahoo.co.jp/articles/c78a2ec42b2b45022ac457762ba6eaf659223f77,10/26(–Ø) 18:03
tvlife,TV LIFE web,wƒ_ƒEƒ“ƒ^ƒEƒ“DXx30ü”NI•l“c‰ëŒ÷u‚·‚®I‚í‚é‚Æv‚Á‚Ä‚½iÎjv¼–{luu‰´‚Í‚Ş‚µ‚ë‘‚­I‚í‚Á‚Ä‚Ù‚µ‚©‚Á‚½Iv,https://news.yahoo.co.jp/articles/8f78fa21709e868a64e7d1eacccd95928200da3e,10/26(–Ø) 18:01
tvlife,TV LIFE web,g‹ø‚Éh‚³‚Á‚½H‚×•¨D‚«h¼“cŒ³‘¾‚Ì‚±‚¾‚í‚è‚ÌH‚×•û‚Éˆê“¯‹Â“V g¼“c—¬‚ÌŠ±xh‚à”â˜Iwğ‚Ìƒcƒ}ƒ~‚É‚È‚é˜bx,https://news.yahoo.co.jp/articles/1f4d642d7c9319bdbb2601a6a5de4fbfa588e08c,10/26(–Ø) 15:00
tvlife,TV LIFE web,g‚¨‚Á‚«‚Èlh‚ä‚è‚ i›–ì”ü•äj‚Ì–£—Í‘SŠJI•v‚Ì”ŞAˆ¤l•‰B‚µq‚Æ‚ÌS‘Å‚½‚ê‚é‚â‚è‚Æ‚è‚É’–Úw‚ä‚è‚ æ¶‚ÌÔ‚¢…x‘æ2˜b,https://news.yahoo.co.jp/articles/ac310061f173d54e1ff1187941b090bc3f82514f,10/26(–Ø) 12:20
tvlife,TV LIFE web,ƒŒƒCƒU[ƒ‰ƒ‚ƒ“RGEƒI[ƒhƒŠ[t“úlˆÄ‚ÌƒIƒŠƒWƒiƒ‹‹£‹Z‚ÅŒ|l‚½‚¿‚ªƒ^ƒCƒ}ƒ“ƒoƒgƒ‹IƒoƒJƒŠƒYƒ€•ƒUƒLƒ„ƒ}‚ª‰ğàwƒoƒJ–³‘oGPx,https://news.yahoo.co.jp/articles/4d661b6d23a3e5461b0f1f04e22ce287d85b0e86,10/26(–Ø) 10:00
tvlife,TV LIFE web,y#¡{ƒRƒŒƒNƒVƒ‡ƒ“z–Û‘ã˜alu‚Â‚¢‚É—ˆ‚½‚©vƒxƒbƒhƒV[ƒ“‚É’§‚Ş‚É‚ ‚½‚Á‚Ä€”õ‚µ‚½‚±‚Æ‚Æ‚ÍH,https://news.yahoo.co.jp/articles/201fb275f22e0e8f111ece3990858696eb058e39,10/26(–Ø) 7:11
tvlife,TV LIFE web,‹{ª½i~ƒEƒGƒ“ƒc‰lmMCwƒxƒXƒgƒqƒbƒg‰Ì—wÕx‰‚Ì3ŠÔ¶•ú‘—Œˆ’èI‘²‹Æ”­•\‚ÌNMB48Ea’J“âç‚Ö‚ÌƒƒbƒZ[ƒWŠé‰æ‚à,https://news.yahoo.co.jp/articles/7a0f1cb6407fa1ecf18d88f17813bef67263d6b6,10/26(–Ø) 7:11
tvlife,TV LIFE web,Ä“¡—R‹M‚ª–éXi¡“c”ü÷j‚Ì•ê–ğ‚Åw‚¢‚¿‚Î‚ñ‚·‚«‚È‰Ôxo‰‰Œˆ’èu‘@×‚Å”ü‚µ‚¢•¨Œê‚¾‚Æv‚¢‚Ü‚µ‚½v,https://news.yahoo.co.jp/articles/842144d69663b51e1ae8712e85e99e3728a47b24,10/26(–Ø) 6:01
tvlife,TV LIFE web,ˆîŠ_Œá˜Y•VŠ_Œ‹ˆß‚ªw“Ë‘R‚Å‚·‚ªè‚Á‚Ä‚à‚¢‚¢‚Å‚·‚©HxƒS[ƒ‹ƒfƒ“‰‰ñ‚É“oêIuŒ‹¥vu«Šiv‚ğƒKƒ`‘Š’k,https://news.yahoo.co.jp/articles/4113e6c1cab20d1c3ddf2c65519b8f648eb3133b,10/26(–Ø) 5:30
tvlife,TV LIFE web,w‹`•ê‚Æ–º‚Ìƒuƒ‹[ƒXFINALx¼‰º—R÷‚ªˆ»£‚Í‚é‚©‚Æg‹`•êvs‹`•êh‘ÎŒˆ@‚İ‚ä‚«iã”’Î–G‰Ìj‚ÌŒ‹¥éŒ¾‚Å‘å‘›“®,https://news.yahoo.co.jp/articles/e625b15e8694214cc370604344a1cb6d5ec81148,10/26(–Ø) 5:00
tvlife,TV LIFE web,‘Š—t‰ë‹I•‚¦‚È‚è‚©‚¸‚«‚ªV”Ô‘gw–Ø7~•”x‚ÉˆÓ‹C‚İu1‰ñ1‰ñ‘S—Í‚ğo‚µØ‚é‚±‚Æ‚ÉW’†‚µ‚Ä‚â‚Á‚Ä‚¢‚«‚½‚¢v,https://news.yahoo.co.jp/articles/7eccbfb544a5c954467bcca125b5d6b285647594,10/26(–Ø) 5:00
tvlife,TV LIFE web,–Ø“ì°‰Ä‚Ì—d‰‚ÈƒxƒŠ[ƒ_ƒ“ƒX‚É”½‹¿wƒZƒNƒV[“c’†‚³‚ñx‘æ1˜b‚ÌTVerÄ¶‰ñ”‚ª100–œ‰ñ“Ë”j,https://news.yahoo.co.jp/articles/1618ee1cc17575e5a8e431cec0930f301af95cae,10/25(…) 20:34
tvlife,TV LIFE web,“ìŒ´´—²‚ªƒTƒvƒ‰ƒCƒY“oêI¬’r‰hquƒiƒ“ƒ`ƒƒƒ“‚Ì‚±‚¤‚¢‚¤Å‹‚ªŒ©‚ç‚ê‚é‚È‚ñ‚Ä‚¤‚ê‚µ‚¢IvwTHE“Ë”jƒtƒ@ƒCƒ‹x,https://news.yahoo.co.jp/articles/75b23d507078ec864741bffbc5c2c98e5621bd77,10/25(…) 19:05
tvlife,TV LIFE web,‰Í‡—DÀu“oêl•¨‚Ì‚æ‚¤‚Èl¶‚ª‚ ‚é‚Ì‚¾‚Æ‚¢‚¤‚±‚Æ‚ªAo—ˆ‚é‚¾‚¯L‚­“Í‚¯‚Î‚¢‚¢‚È‚Æv‚Á‚Ä‚¢‚Ü‚·vw_‚Ìq‚Í‚Â‚Ô‚â‚­x,https://news.yahoo.co.jp/articles/b7713b00d3912c3311eb9ee2e7b79aecd037c222,10/25(…) 18:58
tvlife,TV LIFE web,u‚ME ‰ÍŒû‰Ä‰¹‚Ì‚¦‚¦ŠG‰f‰æ‚Æcv‘æ15‰ñFuƒ_[ƒWƒŠƒ“‹}svy˜AÚƒRƒ‰ƒ€z,https://news.yahoo.co.jp/articles/a00d3d3e436d1262d4226b4f55a61a834b44ed26,10/25(…) 12:30
tvlife,TV LIFE web,gŒQ”nˆêÀh’†RGªAˆäX”üKAŠÖ‘¾AJOYA‹{‰ºŒ“j‘éA˜a“céDA‘å—F‰Ô—ö‚ªŒQ”n‚Ì–£—Í‚ğ‘S—ÍƒvƒŒƒ[ƒ“wƒzƒ“ƒ}‚Å‚Á‚©!?TVx,https://news.yahoo.co.jp/articles/a43ff50c20a80c2602a5983cd9193999b261eec3,10/25(…) 8:02
tvlife,TV LIFE web,ã”’Î–G‰¹‚ªƒXƒyƒCƒ“‚ÌŠïÕgƒgƒ}ƒgÕ‚èh‚ÉQíu‚à‚¤•|‚¢‚à‚Ì‚È‚µ‚Å‚·Ivw¢ŠE‚­‚ç‚×‚Ä‚İ‚½‚çSPx,https://news.yahoo.co.jp/articles/2d201937d1ca92062deb5e4f722caf082e73c3f8,10/25(…) 7:20
tvlife,TV LIFE web,a’[~•½‚ªw¢‚É‚àŠï–­‚È•¨Œêx‰o‰‰‚Å‰å‰‰@Àİ‚ÌGuƒgƒ‰ƒ“ƒWƒXƒ^‹Zpv‚Ìgˆ³kh‚Él¶‚ğŒœ‚¯‚éÂ”N–ğyƒRƒƒ“ƒg‚ ‚èz,https://news.yahoo.co.jp/articles/5833489accd49995c9f1d5a14940c97a5c4e3fe8,10/25(…) 7:02
tvlife,TV LIFE web,w¡“ú‚©‚çƒqƒbƒgƒ}ƒ“x‘Š—t‰ë‹IAR–{•‘A[àV’CÆ‚ç‚Ì’m‚ç‚ê‚´‚éˆê–Ê‚ª–¾‚ç‚©‚ÉuƒLƒƒƒXƒgW‡ƒXƒyƒVƒƒƒ‹ƒg[ƒNv”zMŒˆ’è,https://news.yahoo.co.jp/articles/0dd8bd880de8221f3084c36e99e279746548fba2,10/25(…) 7:00
tvlife,TV LIFE web,¬’r“O•½‚ªg•Ğ‚àƒXƒ}ƒz‚ğè•ú‚¹‚È‚¢—‚½‚¿h‚É‹¤Š´@‚ä‚¤‚¿‚á‚İ„§‚ÌƒgƒCƒŒ‚ÅŒ©‚éTikTok‚É‚à‹»–¡’ÃXwã“c‚Æ—‚ª–i‚¦‚é–éx,https://news.yahoo.co.jp/articles/d3182c47180e0d9d995c5cdf686ee9f8df4502c4,10/25(…) 6:03
tvlife,TV LIFE web,wìŒö•½iŒ´“c—´“ñj‚ªw‘Š–_season22x‘æ3˜b‚É“oê@‰E‹i…’J–Lj~ŒOi›˜eN•¶jƒRƒ“ƒr‚Æ16”N‚Ô‚èÄ‰ï,https://news.yahoo.co.jp/articles/919e6ea760db270f9959eb28f8597af3048d7365,10/25(…) 6:02
tvlife,TV LIFE web,ˆ¢•”—º•½‚ªƒKƒ`ƒƒƒsƒ“‚Æu•Ûˆç‰€‚ÌSDGsv‚ğæŞ g¿‚Ì‚‚¢‹³ˆç‚É•K—v‚È‚±‚Æh‚ğŠw‚ÔwLive News ƒCƒbƒgIx,https://news.yahoo.co.jp/articles/bcef54daf34cf7d5383b0cf1a7a9fe7b4b73bf11,10/25(…) 5:30
tvlife,TV LIFE web,—Ã—{•a“‚ğ•‘‘ä‚Æ‚µ‚½‰«“c~‰ØŒ´ìw‚¨•Ê‚êƒzƒXƒsƒ^ƒ‹xƒhƒ‰ƒ}‰»@gŠÅŒìthŠİˆä‚ä‚«‚ÌAgˆãth¼RƒPƒ“ƒCƒ`‚ª€‚ÉŒü‚«‡‚¤yƒRƒƒ“ƒg‚ ‚èz,https://news.yahoo.co.jp/articles/3a236879aba94a5b5aabed7ef2b53b27ae97179f,10/24(‰Î) 13:51
tvlife,TV LIFE web,ŠòF ~WATWING”ª‘º—Ï‘¾˜YWå‰‰‚Å‘Ìˆç‹³t‚Æƒsƒ…ƒA‚Èƒ„ƒ“ƒL[‚ÌBLƒ‰ƒuƒRƒw²Œ´æ¶‚Æ“yŠò‚­‚ñxÀÊƒhƒ‰ƒ}‰»yƒRƒƒ“ƒg‚ ‚èz,https://news.yahoo.co.jp/articles/4a8093d941f278f2a8daf1cbaed1e780cb0e787e,10/24(‰Î) 8:02
tvlife,TV LIFE web,ŸNâ46Eç‰®—í“Ş‚ªu–Ï‘z—q}ŠÓv‚Å4•Ï‰»@ƒŠƒAƒ‹‚ÈVTR‚ÉƒnƒiƒR•ƒjƒ…[ƒˆ[ƒNuƒhƒ‰ƒ}‚æ‚è‹ƒ‚«‚»‚¤‚É‚È‚évw–Ï‘zƒnƒiƒRx,https://news.yahoo.co.jp/articles/08b1fa7ee381b9e0a1a95cf59f004e9e210cb6f2,10/24(‰Î) 8:02
tvlife,TV LIFE web,ƒjƒ…[ƒˆ[ƒN‚ªç’¹‚Æƒoƒ`ƒoƒ`‚ÅŒÄ‚ÑÌ‚Ä@ƒmƒuu‚æ‚­‚È‚¢Œã”yo‚Ä‚«‚½vw‰Ø‘å‚³‚ñ‚Æç’¹‚­‚ñx,https://news.yahoo.co.jp/articles/f6be512b48b29912d6b99c62753f985e1ba420ed,10/24(‰Î) 8:02
tvlife,TV LIFE web,‘Š•Ñ‹G•ƒAƒ“ƒ^‚ª‘ä˜p‚Åg“ú–{l–¢ŠJƒOƒ‹ƒ“Xh‚ğ’²¸@Œƒƒ€ƒY‚·‚¬‚éƒNƒŒ[ƒ“ƒQ[ƒ€‚É‚à’§íwƒAƒ“ƒ^ƒbƒ`ƒƒƒu‚éTVx,https://news.yahoo.co.jp/articles/c06e94e619ec71a45afb7a75f8776793c3f37a96,10/24(‰Î) 7:31
tvlife,TV LIFE web,ƒEƒGƒ“ƒc‰lm‚ªw‰Æ–ƒ„ƒƒE!!!x‰“oê@l‹Cƒz[ƒ€ƒZƒ“ƒ^[‚Ì_ƒAƒCƒeƒ€ƒxƒXƒg20‚ğ”­•\@ƒMƒƒƒ‹‘]ªvs‘Š–oƒuƒ‰ƒU[ƒY‘æ2’e‚à,https://news.yahoo.co.jp/articles/2ed5f2b88800250ebb03ff40799d8bb7b5ad7835,10/24(‰Î) 7:01
tvlife,TV LIFE web,wƒIƒ‚ƒEƒ}‚¢“Xxé‹ÊŒ§ŒF’Js‚Ìƒzƒ‹ƒ‚ƒ““X‚ÅÅ‘åƒTƒCƒY‚Ì“Ø˜¥g\“ú˜¥h‚ÉƒXƒ^ƒbƒt‚ª’§í,https://news.yahoo.co.jp/articles/39a22334a38b2557c7d844147758c1c0eed3d50d,10/24(‰Î) 7:01
tvlife,TV LIFE web,ƒŠ[ƒ_[EƒAƒ“ ƒ~ƒJ‚ÉŒR’cƒƒ“ƒo[‚©‚ç‹êî‘±o@‚³‚ñ‚Ü‚Æ‹g“c¹•Û—¢‚ÍƒSƒ‹ƒtƒMƒƒƒO‚Å‘å·‚èã‚ª‚èw—x‚éI‚³‚ñ‚ÜŒä“a!!x,https://news.yahoo.co.jp/articles/6ebf0f0f0e2d4f4b0133db0ace3c074aeca5c7f8,10/24(‰Î) 6:02
tvlife,TV LIFE web,w‚à‚Ì‚Ü‚ËƒOƒ‰ƒ“ƒvƒŠx‰‚Ì2ŠÔ‚Ü‚é‚²‚ÆƒVƒ‡[ƒgƒlƒ^SP@ƒLƒ“ƒ^ƒ[B‚ªgƒhƒ‰ƒ€hƒlƒ^‚ÅAIƒ{ƒCƒX‚àŠ®‘SÄŒ»,https://news.yahoo.co.jp/articles/4186cd22048bcfe6b24b3609abb182e22dc7e6d9,10/24(‰Î) 6:01
tvlife,TV LIFE web,w‚¨‚Á‚³‚ñ‚¸ƒ‰ƒu|ƒŠƒ^[ƒ“ƒY|x“c’†Œ\•‹g“c|‘¾˜Y•—ÑŒ­“s‚ªáR‚Å‚Í‚µ‚á‚®VBƒrƒWƒ…ƒAƒ‹•‚ ‚ç‚·‚¶“’…yƒRƒƒ“ƒg‚ ‚èz,https://news.yahoo.co.jp/articles/ba94f3cd5c8563044409354f6029c4c164a8ea42,10/24(‰Î) 5:00
tvlife,TV LIFE web,ƒoƒXƒP‰Í‘º—E‹P‘Iè‚ª“úƒeƒŒuƒJƒ‰ƒ_WEEKvSPƒTƒ|[ƒ^[‚ÉA”CuƒXƒ|[ƒc‚Ì‘f°‚ç‚µ‚³AƒJƒ‰ƒ_‚ğ“®‚©‚·‚±‚Æ‚Ì‘åØ‚³‚ğ’m‚Á‚Ä‚à‚ç‚¢‚½‚¢v,https://news.yahoo.co.jp/articles/96fc845f8e15acc357e95a42c859f2dc560fba32,10/24(‰Î) 5:00
tvlife,TV LIFE web,ƒIƒŠƒWƒiƒ‹TVƒAƒjƒw—E‹C”š”­ƒo[ƒ“ƒuƒŒƒCƒo[ƒ“x24”N1Œ•ú‘—ŠJn@ƒLƒƒƒXƒgî•ñAƒL[ƒrƒWƒ…ƒAƒ‹A‘æ1’ePV‰ğ‹Ö,https://news.yahoo.co.jp/articles/86008aafd1fd0b6550b7842147dd0ad12e8c4461,10/24(‰Î) 4:00
tvlife,TV LIFE web,wCDTVƒ‰ƒCƒuIƒ‰ƒCƒuIx2ŠÔSP‚ÉTXTAKing & PrinceAIVEAƒVƒƒƒCƒg[ƒvADa-iCE‚ªo‰‰,https://news.yahoo.co.jp/articles/bd3f3f7ecc75f000463aeeb073a906a5da50335f,10/23(Œ) 21:10
tvlife,TV LIFE web,wƒ\ƒEƒhƒŠxuH‚ÌƒoƒJ|1ƒNƒ‰ƒCƒ}ƒbƒNƒXvŠJ–‹@ƒrƒXƒuƒ‰A‚È‚È‚Ü‚ª‚èAƒIƒ_ƒEƒGƒ_A5GAPAƒKƒŠƒbƒgƒ`ƒ…ƒE‚ç12‘g‚ªQí,https://news.yahoo.co.jp/articles/9a502b8d05bccd469f082754708bc9e35506af71,10/23(Œ) 21:01
tvlife,TV LIFE web,îà“ˆ­G‚ª‘å‘ò‚½‚©‚¨‚Ìƒ‰ƒCƒoƒ‹ƒVƒFƒt–ğ‚ÅwONE DAYx‘æ4˜b‚ÉƒQƒXƒgo‰‰u‘Š•Ï‚í‚ç‚¸‚Ìg‘å‘ò‚½‚©‚¨ƒ[ƒ‹ƒhhIv,https://news.yahoo.co.jp/articles/84798244a8f640d9e91e51a8c7429d4911f6572a,10/23(Œ) 21:01
tvlife,TV LIFE web,wƒ}ƒCEƒZƒJƒ“ƒhEƒAƒIƒnƒ‹x‰–‘º—¢ƒvƒƒfƒ…[ƒT[‚ª‘æ2˜b‚ÌŒ©‚Ç‚±‚ë‚ğŒê‚éuƒLƒƒƒ“ƒpƒXƒ‰ƒu‘Ò‚Á‚½‚È‚µc!?v,https://news.yahoo.co.jp/articles/1d64014373b9ac5c9ab95ef088ea5f0d1540f047,10/23(Œ) 19:06
tvlife,TV LIFE web,‘Š—t‰ë‹IAR–{•‘A’†“‡Œ’l‚ªu‚·‚µ•à‚«v‰QíI‘Š—tlˆÄu‰¢•Ä‚©IvƒQ[ƒ€‚Å‘å·‚èã‚ª‚èw‹A‚êƒ}ƒ“ƒf[Œ©‚Á‚¯‘à!!x,https://news.yahoo.co.jp/articles/3eb0fbe5f08527b1503768e004b5e0394178c3ca,10/23(Œ) 18:14
tvlife,TV LIFE web,wƒLƒX~kiss~ƒLƒXxOPå‘è‰Ì‚ªWOLF HOWL HARMONYuSugar HoneyvAEDå‘è‰Ì‚ªTHREE1989uƒAƒCƒCƒv‚ÉŒˆ’è@—\‰f‘œ‚à‰ğ‹Ö,https://news.yahoo.co.jp/articles/7586825acaeebd41ce0fc95bb5d14e3602e9e6b7,10/23(Œ) 18:01
tvlife,TV LIFE web,ã”’Î–G‰Ì‚ªg20l‚Ì‹e’r•—–h‚©‚ç–{•¨‚ğ’T‚·Iw‰½‚©gƒIƒ‚ƒVƒ‚¢ƒRƒgh‚È‚¢‚ÌHx,https://news.yahoo.co.jp/articles/fbfa2f7921f44f2f255068ebc8f8afaa37fbfed5,10/23(Œ) 14:02
tvlife,TV LIFE web,¼–{K‘åA¡]‘å’nAîà‹´–¢—ˆ“ø‚ªo‰‰I•‘‘äuƒ‰ƒtƒeƒCƒ‹EƒIƒuEƒAƒ‰ƒWƒ“v‚ÌƒL[ƒrƒWƒ…ƒAƒ‹‚ª‰ğ‹Ö,https://news.yahoo.co.jp/articles/392167c74e4787f82f2042326916d1cdd9bb4a05,10/23(Œ) 12:01
tvlife,TV LIFE web,ƒ}ƒcƒRAˆç‹x•œ‹A‚Ì”Ô‘gƒXƒ^ƒbƒt‚ÉƒcƒbƒRƒ~u‚±‚ê‚©‚ç‚¾‚æA—–[‚ª‘å•Ï‚È‚Ì‚ÍIvwŒ—j‚©‚ç–é‚Ó‚©‚µx,https://news.yahoo.co.jp/articles/43ff2713105fa27878439e0a7d2bb74d62725c39,10/23(Œ) 8:02
tvlife,TV LIFE web,O’†ˆ»ƒAƒi‚ªY‹x‘OÅŒã‚ÌwŒƒƒŒƒA‚³‚ñxo‰‰@Œã”C•s–¾‚Åá—Ñ³‹±u‚Ç‚¤‚·‚é‚Ì‚æAwŒƒƒŒƒA‚³‚ñx‚ÍHv,https://news.yahoo.co.jp/articles/6fb864be6dcb5dea141099c0333fb96d18c01f9d,10/23(Œ) 7:01
tvlife,TV LIFE web,uƒWƒ‡ƒ“ƒ\ƒ“Œ|l‘å‰^“®‰ïv‚É‚ÍV‚½‚ÈdŠ|‚¯‚àc‚©‚Ü‚¢‚½‚¿R“àuŠïÕ‚Ì¶ŠÒ‚Å‚·B–½‚ª‚ ‚Á‚Ä‚æ‚©‚Á‚½vV”Ô‘gwƒWƒ‡ƒ“ƒ\ƒ“x¡–éƒXƒ^[ƒg,https://news.yahoo.co.jp/articles/ff85077b0410bf1cd68a52d65be0d3df01229077,10/23(Œ) 6:02
tvlife,TV LIFE web,‘å‘qF“ñ‚ªˆäì—y‚ÌŒ³•v–ğ‚Åw‰º™ã‹…™x‚É“oê@VˆäP~’ËŒ´ŠÄ“Âì•i‚ÍwƒAƒ“ƒiƒ`ƒ…ƒ‰ƒ‹xwMIU404x‚É‘±‚¢‚Ä3ì–Ú,https://news.yahoo.co.jp/articles/50595216d339f8d2afd0227876d169b762759b11,10/22(“ú) 22:20
tvlife,TV LIFE web,’†‘ºµ”V•Ae—FE¼–{‚Æ‚Ì‘å‰Íƒhƒ‰ƒ}‹¤‰‰‚ÉŠ´ŠSu•ƒe‚ª‚±‚Ìp‚ğŒ©‚½‚çŠì‚Ô‚¾‚ë‚¤‚Èvw‚Ç‚¤‚·‚é‰ÆNx,https://news.yahoo.co.jp/articles/3a674d24ed75fc0d5cc7df0b88d1d0ae4721547a,10/22(“ú) 21:23
tvlife,TV LIFE web,¬ŠÖ—T‘¾‚ª‰‚Ì•ƒe–ğ‚Åwƒ[ƒCƒ`ƒ‡[x‘æ3˜b‚ÉƒQƒXƒgo‰‰uŠw‚ñ‚¾‚èl‚¦‚³‚¹‚ç‚ê‚é‚±‚Æ‚ª‚½‚­‚³‚ñ‚ ‚è‚Ü‚µ‚½v,https://news.yahoo.co.jp/articles/e4c4875f3097be64ae0f38c15ec81465e7b725d0,10/21(“y) 23:00
tvlife,TV LIFE web,wElƒƒSƒ“x‚ÌEl‚½‚¿‚ª4”N‚Ô‚è‚ÉWŒ‹Iƒ`ƒ‡ƒRƒŒ[ƒgƒvƒ‰ƒlƒbƒgAIKKOAˆäã—œ–¼‚ªˆ³Šª‚ÌEl‹Z‚ğŒ©ç‚éw‚¨’¼‚µJAPANx,https://news.yahoo.co.jp/articles/a5141849f94673ff3fdef3750e46be7d685e7aa9,10/21(“y) 12:01
tvlife,TV LIFE web,w‘Š—tƒ}ƒiƒux‚ÌƒŒƒVƒs–{‚ª’a¶uŠw‚ñ‚Å‚«‚½10”NŠÔ‚ÌŒ‹»‚Å‚·vŠª“ªŠé‰æ‚Í‘Š—t‰ë‹IA¬“»‰p“ñAàV•”—C‚Ì‚¨—¿—•‚¨H–‰ï,https://news.yahoo.co.jp/articles/568c827204e0501a915ae7e73c684d65673120d5,10/21(“y) 11:50
tvlife,TV LIFE web,‰ª“c«¶•ç’¹‚Æ¼â“—›•‚©‚Ü‚¢‚½‚¿‚ªgˆêuÅ‹h‚Å‘ÎŒˆIR“àŒ’i‚Ìg‰ö‰‰h‚É‰ª“cE¼â‚à¢˜fwç’¹‚©‚Ü‚¢‚½‚¿ƒAƒ[x,https://news.yahoo.co.jp/articles/875aad9e940b6ce937099c40c53174d268db91fc,10/21(“y) 8:01
tvlife,TV LIFE web,TOMORROW X TOGETHER‚ªwƒNƒŒƒˆƒ“‚µ‚ñ‚¿‚á‚ñx‚ÆƒRƒ‰ƒ{ISOOBINu‚µ‚ñ‚¿‚á‚ñ‚Ì‰Æ‘°‚İ‚ñ‚È‚É‚à‰ï‚¦‚ÄK‚¹‚Å‚µ‚½v,https://news.yahoo.co.jp/articles/bb69c393bbf7d974aeb7aa73f88497ff070e8e1f,10/21(“y) 7:01
tvlife,TV LIFE web,wƒƒ}ƒ“ƒVƒ“ƒO ƒTƒK ƒI[ƒPƒXƒgƒ‰Õ 2023x“Œ‹Œö‰‰ƒŒƒ|[ƒgIVìwƒTƒK ƒGƒƒ‰ƒ‹ƒh ƒrƒˆƒ“ƒhx‚Ì˜‹È‚à”â˜I,https://news.yahoo.co.jp/articles/b7696ed089a9b8696c7c5c98c50afad028e3c336,10/20(‹à) 19:47
tvlife,TV LIFE web,wğ‚Ìƒcƒ}ƒ~‚É‚È‚é˜bxg‚Ù‚ëŒ‚¢‹g£”ü’qqh‰ñ‚ªŒ©“¦‚µ”zM128–œ‰ñÄ¶‚ğ“Ë”j@”Ô‘gÅ‚‹L˜^‚ğXV,https://news.yahoo.co.jp/articles/5668200716aeeb0b896816c7e35ef9b9af7e7acb,10/20(‹à) 17:49
tvlife,TV LIFE web,RèˆçO˜Y‚ªÂŒ´—Áq‚ÆB‰eŒ»ê‚Åƒfƒ…ƒGƒbƒgIHuƒsƒAƒm‚ª‚ ‚é‚Æ’e‚«‚½‚­‚È‚évwƒnƒCƒGƒix‹LÒ‰ïŒ©,https://news.yahoo.co.jp/articles/df3e1a31cfd00d50994e9daa43c7d194ac657831,10/20(‹à) 14:35
tvlife,TV LIFE web,õ’Jr”VA’†‘ºÃA•ĞR–G”ü‚ªwƒTƒuƒXƒN•s—Ïx‚Éo‰‰Œˆ’è gÀh“WŠJ‚Ì—\Š´‚ª•Y‚¤ƒ|ƒXƒ^[ƒrƒWƒ…ƒAƒ‹‚à‰ğ‹ÖyƒRƒƒ“ƒg‚ ‚èz,https://news.yahoo.co.jp/articles/050dc6bbb79ba8833ade909cf11c284f9a89e184,10/20(‹à) 8:00
tvlife,TV LIFE web,Snow Man‚ª“È–ØŒ§‚ÌŠÏŒõ’n‚É•Ï‘•‚µ‚Äo–vI³‘Ì‚ªƒoƒŒ‚È‚¢‚æ‚¤‚ÉƒS[ƒ‹‚ğ–Úw‚·w‚»‚êƒXƒmSPx,https://news.yahoo.co.jp/articles/79c06907eaba02515840c657aff36c6840ce5795,10/20(‹à) 7:06
tvlife,TV LIFE web,“c’†Œ\‚ªu1–œl‚Ì‘æ‹ãvƒƒCƒ“ƒp[ƒ\ƒiƒŠƒeƒB[‚ÉŒˆ’è@EXILE TAKAHIRO‚àƒQƒXƒgo‰‰yƒRƒƒ“ƒg‚ ‚èz,https://news.yahoo.co.jp/articles/18ee3eb3bf240f170eafde23bab6e13ef2f092fb,10/20(‹à) 7:05
tvlife,TV LIFE web,‘“c—L‰ØƒCƒ“ƒ^ƒrƒ…[u‘–‚è‚¾‚µ‚½‚ç~‚Ü‚ç‚È‚¢‚Æ‚±‚ë‚Í10‘ã‚Ì©•ª‚É’Ê‚¶‚é‚à‚Ì‚ª‚ ‚é‚©‚àiÎjv‰f‰æuLove songv,https://news.yahoo.co.jp/articles/10da72dbc33965414c2c6cf3f3a9e41cfd4cc7ef,10/20(‹à) 7:05
tvlife,TV LIFE web,‰¤’å¡~ŒIR‰p÷‚Ì‘Î’k‚Å‘å’JãÄ•½‚Ì2023”N‚ğ•R‰ğ‚­@ƒ^ƒ‚ƒŠu‘å’J‘Iè‚ÌŒ©•û‚ª•Ï‚í‚é‚Æv‚¢‚Ü‚·vwƒ^ƒ‚ƒŠƒXƒe[ƒVƒ‡ƒ“x,https://news.yahoo.co.jp/articles/d8c739f98e103ac1a16225934a638d486ad220fb,10/20(‹à) 6:31
tvlife,TV LIFE web,w‹àƒ[xu—]–½10”Nvå‰‰‚Ì¬¼Ø“Ş~âŒûŒ’‘¾˜YA“¡ˆä“¹lŠÄ“Â‚©‚çƒRƒƒ“ƒg“’…u„‚½‚¿‚ÍŠm‚©‚É‚»‚±‚É‘¶İ‚µ¶‚«‚Ä‚¢‚Ü‚µ‚½v,https://news.yahoo.co.jp/articles/273119c7ac8cb081cb246385c197aebf887eb387,10/20(‹à) 6:05
tvlife,TV LIFE web,–ñ4100‹È‚ğ•ªÍI”N‘ã•Êƒ[ƒhƒ‰ƒ“ƒLƒ“ƒO‚©‚çƒjƒbƒ|ƒ“‚ªŒ©‚¦‚Ä‚­‚éwƒjƒbƒ|ƒ“l‚Ì“ª‚Ì’†x10E21ƒXƒ^[ƒg,https://news.yahoo.co.jp/articles/2546496b3f4ab31c2b88f661d27807e01b1ab288,10/20(‹à) 6:04
tvlife,TV LIFE web,wMUSIC FAIRx’J‘ºVi‚³‚ñ‚Ì’Ç“‰“ÁW‚ğ•ú‘—@‰ß‹‚Ì‰f‘œ‚©‚ç–¼‹È‚Ì”X‚ğU‚è•Ô‚éy•ú‘——\’èŠy‹Èˆê——‚ ‚èz,https://news.yahoo.co.jp/articles/c497c868f8a1d62c888c6ea8fa979405cb71ff6e,10/19(–Ø) 20:02
tvlife,TV LIFE web,Œ´“cˆ¨ƒAƒi‚ªw‚Û‚©‚Û‚©x–Ø—j‚ÌƒŒƒMƒ…ƒ‰[ƒƒ“ƒo[‚É@is‚ğ’S“–u’n‚É‘«‚ğ‚Â‚¯‚Ä©•ª‚ç‚µ‚­–±‚ß‚½‚¢‚Æv‚¢‚Ü‚·Iv,https://news.yahoo.co.jp/articles/a5d401eb9ac1964776b2721177042321bf0f43ff,10/19(–Ø) 15:15
tvlife,TV LIFE web,’†“‡Œ’l‚ª¬RŒcˆê˜Y•‰Á“¡ƒVƒQƒAƒL‚ÆgƒeƒNƒXƒ`ƒƒ[ƒA[ƒgh‚É’§íuâ‘ÎƒVƒQŒN‚ÉŸ‚¿‚½‚¢vwNEWS‚Ì‘S—Í!!ƒƒCƒLƒ“ƒOx,https://news.yahoo.co.jp/articles/5b334f1b3d6782d80d68e85f3d6a73d3c46fc58d,10/19(–Ø) 12:08
tvlife,TV LIFE web,3‚ÌƒqƒƒCƒ“‚ä‚ß‚Á‚¿‚ª•œ‹AŒãƒS[ƒ‹ƒfƒ“”Ô‘g‰o‰‰u‚¶‚ã‚ñ‚í‚è‚Æ‰·‚©‚¢•µˆÍ‹C‚ÅŠy‚µ‚·‚¬‚Ü‚µ‚½ôvwƒ^ƒNƒV[‰^“]è‚³‚ñ ˆê”Ô‚¤‚Ü‚¢“X‚É˜A‚ê‚Ä‚Á‚ÄIx,https://news.yahoo.co.jp/articles/559e5694d075c2868b52c221635cc7572a571b50,10/19(–Ø) 8:01
tvlife,TV LIFE web,Œ³ƒSƒ`ƒƒ“ƒo[E’†“‡Œ’l‚ª‰ù‚©‚µ‚ÌŒˆ‚ß‚º‚è‚ÓuƒTƒ“ƒLƒ…[ƒfƒŠƒVƒƒƒXv‚ğ”â˜IIæ”yE‘“c‹M‹v‚ÆHƒŠƒ|ƒ_ƒo‚µ‡í‚Éw‚®‚éƒiƒCx,https://news.yahoo.co.jp/articles/c11de81f0f1a1f3bc31b63a35ad5c650bc8dcaea,10/19(–Ø) 7:02
tvlife,TV LIFE web,V”Ô‘gwƒWƒ‡ƒ“ƒ\ƒ“x‚©‚Ü‚¢‚½‚¿Aƒ‚ƒOƒ‰ƒCƒ_[AŒ©æ‚è}Aƒjƒ…[ƒˆ[ƒN‚ªuƒWƒ‡ƒ“ƒ\ƒ“Œ|l‘å‰^“®‰ïv‚ÌŒ©‚Ç‚±‚ë‚ğƒAƒs[ƒ‹I,https://news.yahoo.co.jp/articles/aef4370c555c58dd3db12fa8ddf13673403adfe5,10/19(–Ø) 7:01
tvlife,TV LIFE web,“¡Œ´äˆê˜Y‚ç‚ª–ŸË‚Ìg‚Â‚©‚İh‚ğƒAƒJƒfƒ~ƒbƒN‚É[Œ@‚è@–ŸË’§í’†‚ÌácŠÔ—®I•Špa‘¾˜Y‚ÉˆÍŒé«Šû‚ªƒAƒhƒoƒCƒXw‚é‚Ä‚ñ‚Ì‚ñ‚Ä‚éxuÎƒfƒBƒOv,https://news.yahoo.co.jp/articles/fb28cce24b6bb4a10978845198cc21002eefda8f,10/19(–Ø) 6:30
tvlife,TV LIFE web,›–ì”ü•äEå‰‰ƒhƒ‰ƒ}w‚ä‚è‚ æ¶‚ÌÔ‚¢…x‰‰ñ‚©‚ç‘å”g—cIƒqƒƒCƒ“‚Ì•ƒ–ğ‚Åƒ`ƒ‡ƒRƒvƒ‰’·“c‚ào‰‰,https://news.yahoo.co.jp/articles/64fb47cdb60052beca738f549be6f1d023a2ba2d,10/19(–Ø) 6:02
tvlife,TV LIFE web,Œüˆä—å‰‰wƒpƒŠƒsE–¾x‘æ5˜b‚É˜a“cãàGAƒXƒJƒCƒs[ƒXAƒmƒuƒRƒu“¿ˆäŒ’‘¾‚ªƒQƒXƒgo‰‰yƒRƒƒ“ƒg‚ ‚èz,https://news.yahoo.co.jp/articles/695f4a401cd8b7116036cd32f27d5fe7ff822f69,10/19(–Ø) 6:01
tvlife,TV LIFE web,…ãPi‚ªwLIFEIx‰o‰‰‚ÅV‚½‚Èˆê–ÊŒ©‚¹‚éuƒoƒŒ‚é‚«‚Á‚©‚¯‚ª‚±‚Ì”Ô‘g‚Å—Ç‚©‚Á‚½iÎjv,https://news.yahoo.co.jp/articles/2aa8ac10a8856d5671aa90b21b1ae20f2cb379d6,10/18(…) 20:03
tvlife,TV LIFE web,wTHE“Ë”jƒtƒ@ƒCƒ‹xu“Ë”jƒhƒ‰ƒ}vƒƒ“ƒo[‘åƒVƒƒƒbƒtƒ‹SPIEXITŒ“‹ß•‚Ø‚±‚Ï¼‰A›‚ª”’ˆß‚ÌˆãÒ‚É@’†“‡Œ’l‚àâ^uƒoƒfƒB[‚ª‘f°‚ç‚µ‚©‚Á‚½v,https://news.yahoo.co.jp/articles/496512b675f7f127fc8da41ee5c9b5dd55e8eb2a,10/18(…) 19:49
tvlife,TV LIFE web,q‚¾‚­‚³‚ñŒ|”\l‚ª‰Æ’ë–î‚ğŒƒ”’I’¹’JŒh‚Íq‚Ç‚à‚É‚¨‚·‚·‚ß‚ÌƒXƒ|[ƒc‚É‚Â‚¢‚ÄŒê‚éu‚È‚é‚×‚­–ì‹…ˆÈŠO‚Ì‚Æ‚±‚ë‚Åcvwƒ_ƒEƒ“ƒ^ƒEƒ“DXx,https://news.yahoo.co.jp/articles/93c6c05c262ff934feb5514022cfb43b87939265,10/18(…) 19:48
tvlife,TV LIFE web,uSTU48 ‰« ˜Ğ‰Ê‚Ì£ŒË“à—q}ŠÓv‘æ34‰ñFu‰« ˜Ğ‰Êv~u£ŒË“à—qvy˜AÚƒRƒ‰ƒ€z,https://news.yahoo.co.jp/articles/852e374f55bf087491e83d3c39e3716cb044d859,10/18(…) 18:20
tvlife,TV LIFE web,¶“cŠG—œ‰ÔA4”N‚Ô‚èwLIFEIxo‰‰‚Å©g‚Ì¬’·Š´‚¶‚éu”’–Ú‚ğ‚Ş‚­ƒV[ƒ“‚ÉŒœ‚¯‚Ä‚¢‚Ü‚·iÎjv,https://news.yahoo.co.jp/articles/76fbaa4359947cff227037a57a1cd44b9f733d47,10/18(…) 18:02
tvlife,TV LIFE web,‘Š—t‰ë‹I‚ªg13•¶š‚Ìè†h‚Å“ñ‹{˜a–ç‚Æ‚ÌãJ‚ğŠm”Fuƒ}ƒW‚­‚â‚µ‚©‚Á‚½Š‚Å‰ï‚¨‚¤vw–Ø7~•”x‰‰ñSP,https://news.yahoo.co.jp/articles/82b7e97b6ea95cdac88cfd642380f115f6bf83ef,10/18(…) 13:00
tvlife,TV LIFE web,L£”üƒCƒ“ƒ^ƒrƒ…[uŠF‚³‚ñgƒ}ƒXƒNEƒIƒth‚Æ‚¢‚¤Œ¾—t‚¾‚¯‚Å‚Í•Ğ‚Ã‚¯‚ç‚ê‚È‚¢‘f°‚ç‚µ‚¢•û‚Î‚©‚è‚Å‚·vw‰Ì•Pƒtƒ@ƒCƒgƒNƒ‰ƒu!!x,https://news.yahoo.co.jp/articles/26426ba6de3b9c40f2f4fc937b78cc9ec7ae2837,10/18(…) 12:11
tvlife,TV LIFE web,“¡ˆä‘‘¾”ªŠ¥‚Ì‹­‚³‚Ì”é–§‚ğˆê—¬Šûm3l‚ª“O’ê‰ğà@t’í’a¶— ˜bA‚Z“¯‹‰¶‚ÌƒAƒCƒhƒ‹‚©‚ç‚ÌØŒ¾‚àwƒAƒ“ƒ^ƒEƒHƒbƒ`ƒ}ƒ“SPx,https://news.yahoo.co.jp/articles/70aee9f940b3f51ede476ef9945a004edbb8c4e4,10/18(…) 12:10
tvlife,TV LIFE web,–¾Î‰Æ‚³‚ñ‚Üu‚¨‹ào‚µ‚ÄƒJƒbƒg‚µ‚Ä‚à‚ç‚¨‚¤Iv’´‹­—Í‚Èg•‚‹C‚ğŒ©”²‚­•û–@h‚É’j«w‚ª‘åÅ‚èwƒzƒ“ƒ}‚Å‚Á‚©!?TVx,https://news.yahoo.co.jp/articles/7e124e883f02db970ae189bcbcd8e1335702065c,10/18(…) 8:00
tvlife,TV LIFE web,–Ø—œŒ›•‚ªŠƒWƒ‡[ƒW‚Ì‘ã‘Å‚Å‰‚Ìuƒ_[ƒc‚Ì—·v‚ğ–‹iI“¡Œ´‹I‚ÍuƒnƒVƒS‚Ì—·v‚Å‘å”M¥wÎ‚Á‚ÄƒRƒ‰‚¦‚ÄIx3ŠÔSP,https://news.yahoo.co.jp/articles/25dc88ce304739683726d6b57d5637151453881b,10/18(…) 7:01
tvlife,TV LIFE web,ƒI[ƒhƒŠ[Aƒnƒ‰ƒCƒ`Šâˆä‚ª¼”ö—@A‚¸‚ñ”Ñ”öAƒAƒ‹ƒs[•½q‚ÆƒAƒhƒŠƒuÅ‹‚Å‘ÎŒˆwƒIƒhƒIƒh~ƒnƒ‰ƒnƒ‰@‰‰ñ2ŠÔSPx,https://news.yahoo.co.jp/articles/42d166784545e39b8d9752a92c2d8d376894d3a2,10/18(…) 6:02
tvlife,TV LIFE web,¬’r‰hqå‰‰wƒRƒ^ƒc‚ª‚È‚¢‰Æx¡–éƒXƒ^[ƒgu‘¼l‚Ì‰Æ’ë‚ğ‚Ì‚¼‚«Œ©‚·‚éŠ´Šo‚Å‹CŠy‚ÉŒ©‚Ä‚¢‚½‚¾‚¯‚ê‚Îv,https://news.yahoo.co.jp/articles/4ebc78f604c8677e4ff799ff1fd23aed6aacb3b4,10/18(…) 6:01
tvlife,TV LIFE web,‘æ23‰ñuƒeƒŒƒr’©“úVlƒVƒiƒŠƒI‘åÜv¬˜_•¶‚ª‘èŞ‚ÌÂt•¨Œê•`‚¢‚½¼‰º¹Ê‚³‚ñ‚ª‘åÜ‚É,https://news.yahoo.co.jp/articles/f37bf88179a392cc00eb10c6e70a73b6870e7d78,10/17(‰Î) 20:26
tvlife,TV LIFE web,yBiS˜AÚƒRƒ‰ƒ€zƒgƒM[gu‚±‚ê‚Í•¨Œê‚¾v‚ÆŠ„‚èØ‚Á‚ÄŒ©‚ê‚È‚¢‚­‚ç‚¢ƒŠƒAƒ‹h‚È‰f‰æuãß‚ÌŒ`v,https://news.yahoo.co.jp/articles/7cb60a6858b85d8a0c326ac5eb24ee070e93e7e8,10/17(‰Î) 20:20
tvlife,TV LIFE web,–x“c^—R~”‹Œ´—˜‹vw‚½‚Æ‚¦‚ ‚È‚½‚ğ–Y‚ê‚Ä‚àx‚É”nê‰€ˆ²A‚±‚ª‚¯‚ñ‚ªƒŒƒMƒ…ƒ‰[o‰‰@‘æ1˜bƒQƒXƒg‚Íƒqƒƒƒ_ƒCƒ“,https://news.yahoo.co.jp/articles/9eeaface5758906a4ba57877036aa885450da239,10/17(‰Î) 8:00
tvlife,TV LIFE web,ƒAƒ“ƒ^ƒbƒ`ƒƒƒuƒ‹‚ª¢ŠEˆêƒoƒuƒŠ[‚È‘Eƒuƒ‹ƒlƒC‚ÖI’´‹‰Øƒzƒeƒ‹h”‘‚ÅuÅI‰ñ‚¾c‚à‚µ‚©‚µ‚½‚çvwƒAƒ“ƒ^ƒbƒ`ƒƒƒu‚éTVx,https://news.yahoo.co.jp/articles/0d857855135649d5a476d601c160262c03639c86,10/17(‰Î) 7:31
tvlife,TV LIFE web,XŸ‚Ì‚ ‚´‚Æ‚³‘SŠJ—·‚Éç’¹‚ªku‰ö•¨‚ªŒ»‚ê‚½Iv‰ª“cŒ‹À‚ÍÌ‚ÄgƒŠƒAƒNƒVƒ‡ƒ“‚Åg‚¨Î‚¢DNAh”­Šöw‘ŠÈH“°x,https://news.yahoo.co.jp/articles/66ebf55d66e1703c95e026705c5f3697bc3fa6b0,10/17(‰Î) 7:20
tvlife,TV LIFE web,R–{•‘‚Ì26Î’a¶“ú‚ğ‘Š—t‰ë‹IA[àV’CÆ‚ªƒTƒvƒ‰ƒCƒYj•Ÿuˆø‚«‘±‚«Šy‚µ‚­B‰e‚Å‚«‚ê‚ÎIvw¡“ú‚©‚çƒqƒbƒgƒ}ƒ“x,https://news.yahoo.co.jp/articles/85569fa05098f4213630de3612973ea6afe63de9,10/17(‰Î) 7:11
tvlife,TV LIFE web,—é­‰›m‚ª–¾‚©‚·wŒN‚É“Í‚¯x‚ğ’Ê‚µ‚ÄŠ´‚¶‚½v‚¢u–l‚à‚±‚¤‚¢‚¤ŠwZ¶Šˆ‚ğ‘—‚è‚½‚©‚Á‚½v,https://news.yahoo.co.jp/articles/872e9993ce49824c4c7b5fa8c748b61b352433b1,10/17(‰Î) 7:11
tvlife,TV LIFE web,ƒzƒ‰ƒ“çHu‚¶‚á‚ ƒAƒ“ƒ^‚½‚¿‚ª‚â‚ñ‚È‚³‚¢‚æIvà‹³ƒ‚[ƒh“Ë“ü‚Å’·“ˆˆê–Î•oì“N˜Nƒ^ƒWƒ^ƒWwƒtƒVƒM‚Ì‰ïSPx,https://news.yahoo.co.jp/articles/29a7a56d582c51ff2f744e62b1396c1c9bcb8ecd,10/17(‰Î) 7:00
tvlife,TV LIFE web,wƒJƒYƒŒ[ƒU[‚ÆŠw‚ÔBx‚¨‚¢‚Å‚â‚·‚±‚ªA–Ø“ì°‰ÄA‚‹´–Î—YA•“¡\–²‚Æu—ß˜a‚ÌŒ»‘ã•av‚ğŠw‚Ô,https://news.yahoo.co.jp/articles/30fecefcd07937c4ebf079907c6f0ba220370506,10/17(‰Î) 7:00
tvlife,TV LIFE web,’ÒŠó”ü‚ÌgŒö‰€‰»h‚µ‚½©‘î‚É–¾Î‰Æ‚³‚ñ‚Ü‚à‚Ñ‚Á‚­‚èu“s“à‚Å‚±‚ê!? ‚â‚ÎIvw—x‚éI‚³‚ñ‚ÜŒä“a!!x,https://news.yahoo.co.jp/articles/5f502458b224b216457e62b02de7d78fc455a367,10/17(‰Î) 6:01
tvlife,TV LIFE web,^”ò¹‚ª‘å‚Ì’‡—Ç‚µE¼‰ª¹G‚Æ‚Ì‹¤‰‰‚ÉŠ½ŠìuÅ‚[‚ÉK‚¹‚Å‚·Iv•v–ğ‚Å•Ÿˆä»ˆê‚ªƒhƒ‰ƒ}‰o‰‰w‰Æ­•v‚Ìƒ~ƒ^ƒ]ƒmx‘æ2˜b,https://news.yahoo.co.jp/articles/37e81c5ad46f022ba65bc260421034295f2b112c,10/17(‰Î) 6:00
tvlife,TV LIFE web,–k‘ºˆê‹P‚ª7”N‚Ô‚èw¢‚É‚àŠï–­‚È•¨Œêxå‰‰‚Åg’n–‚ÌÙ”»h‚Ì•ÙŒìl–ğ@‰Ô]‰Ä÷‚ªˆË—Šl–ğ‚Åº‚Ìo‰‰yƒRƒƒ“ƒg‚ ‚èz,https://news.yahoo.co.jp/articles/ce00eda9c0e52fe0946fca7b7562c3661c580ab7,10/17(‰Î) 6:00
tvlife,TV LIFE web,ˆêƒm£éD‚ª¼‰ºŸ©•½‚Ì’í–ğ‚Åw‚¢‚¿‚Î‚ñ‚·‚«‚È‰Ôx‚Éo‰‰uŠyŠÏ“I‚ÉŒ©‚¦‚Â‚ÂAc‚ğ‚Â‚­Œ¾—t‚à”­‚·‚é•–‚É‚à‹¤Š´‚µ‚Ä‚à‚ç‚¦‚½‚çv,https://news.yahoo.co.jp/articles/35730822bb3b1e61c62fd51e3768bc3064728f25,10/17(‰Î) 5:30
tvlife,TV LIFE web,BE:FIRST‚ÌuGloriousv‚ªu‘æ102‰ñ‘S‘‚ZƒTƒbƒJ[‘IèŒ ‘å‰ïv‰‰‡‰Ì‚ÉŒˆ’èyƒRƒƒ“ƒg‚ ‚èz,https://news.yahoo.co.jp/articles/c0cc2958c466a4e4bbe536aa87f49330ca432671,10/17(‰Î) 5:01
tvlife,TV LIFE web,[àV’CÆ‚ªgMr.ƒNƒŒ[ƒ“ƒQ[ƒ€h‚ÌÌ†‚ğ‚Â‚©‚Ş‚½‚ßƒŠƒxƒ“ƒWI’†“‡Œ’lAL£ƒAƒŠƒX‚ç‚ª’§í‚ğŒ©ç‚éwTHE_‹Æƒ`ƒƒƒŒƒ“ƒWSPx,https://news.yahoo.co.jp/articles/3c29a76f7ad50e3dda614d05012c725e54bfee0c,10/16(Œ) 19:33
tvlife,TV LIFE web,¼–ìµ£‚ç‚ªƒ|ƒPƒ‚ƒ“‚Ìv‚¢oƒg[ƒN‚Å‘å·‚èã‚ª‚èIƒhƒ‰ƒ}‚ÌŒ©‚Ç‚±‚ë‚ÍuƒQ[ƒ€ƒ{[ƒC‚ğƒvƒŒ[‚µ‚Ä‚¢‚éƒV[ƒ“vwƒ|ƒPƒbƒg‚É–`Œ¯‚ğ‚Â‚ß‚±‚ñ‚Åx‹LÒ‰ïŒ©,https://news.yahoo.co.jp/articles/435c167beb149330568ad6fc3eedc427abd1ad8d,10/16(Œ) 18:51
tvlife,TV LIFE web,ŠÑ’n’J‚µ‚Ù‚è‚Æ’†‹³L‚ªg‰×ì‚èƒg[ƒNh‚ÅˆÓ‹C“Š‡IwƒUI¢ŠE‹Â“Vƒjƒ…[ƒXx,https://news.yahoo.co.jp/articles/a47d760c2cc020e4fd4088ed546ecb3cbf6edbc8,10/16(Œ) 15:16
tvlife,TV LIFE web,ƒAƒCƒiEƒWEƒGƒ“ƒhA¼‘º–k“lAL£‚·‚¸AÄ“c‰pk‚ªƒlƒR¨p‚ÉIHw‰½‚©gƒIƒ‚ƒVƒ‚¢ƒRƒgh‚È‚¢‚ÌHxVŠé‰æ‚Å‘ÎŒˆ,https://news.yahoo.co.jp/articles/6a0688856cea174036eb81782e0d25e7f34bcd9d,10/16(Œ) 13:11
tvlife,TV LIFE web,—L“c“N•½ƒvƒŒƒ[ƒ“ƒcuƒRƒ“ƒr‰ğ‘ÌVÎv‘æ2’eIƒRƒƒRƒƒ`ƒLƒ`ƒLƒyƒbƒp[ƒY‚ª2l‚«‚è‚ÅÔ—‡Xƒg[ƒNwƒ\ƒEƒhƒŠx,https://news.yahoo.co.jp/articles/ac73acdcbbb9a9b19d317e21096a5ff5d8d8ec47,10/16(Œ) 10:00
tvlife,TV LIFE web,‘åX“ì•ü‚ª–¾‚©‚·g‰ÆNh¼–{‚Ö‚Ìv‚¢u’j‚Æ‚µ‚Ä‚Ì‚©‚Á‚±‚æ‚³‚àŒ©‚¹‚Ä‚à‚ç‚Á‚½vw‚Ç‚¤‚·‚é‰ÆNx,https://news.yahoo.co.jp/articles/e945e6ea7806b97b30f5c8bb91110cb9765064f7,10/16(Œ) 8:01
tvlife,TV LIFE web,ƒtƒFƒto‚³‚ñ‚ªuH‚ÌƒtƒFƒXCsv‚Å^Œ•Ÿ•‰Iu’†‘‚©‚ç–é‚Ó‚©‚µ‘æ3’evuƒ}ƒWƒVƒƒƒ“GOv‚àwŒ—j‚©‚ç–é‚Ó‚©‚µ2ŠÔSPx,https://news.yahoo.co.jp/articles/172007f56909dbbdf40c7ce9aacffd9af5c126b4,10/16(Œ) 8:01
tvlife,TV LIFE web,ˆÉ‘ò‘ñi•ƒtƒ‚¿‚á‚ñ‚ªu’Eo“‡v‚Å‰ƒ^ƒbƒOISnow Manƒƒ“ƒo[AƒRƒ“ƒrŒ|l‚Æ‘ÎŒˆwƒAƒCEƒAƒ€E–`Œ¯­”Nx3ŠÔSPyƒRƒƒ“ƒg‚ ‚èz,https://news.yahoo.co.jp/articles/ec78e567b3e7595f73fcab81933e8280da18c7bb,10/16(Œ) 7:06
tvlife,TV LIFE web,w‘Š–_season22x‰‰ñ•ú‘—’¼‘O‚É…’J–L•›˜eN•¶‚É‚æ‚éƒ‰ƒCƒu”zMŒˆ’è gƒCƒ^ƒ~ƒ“hìŒ´˜a‹v‚ç‘{¸ˆê‰Û‚Ì3l‚àQí,https://news.yahoo.co.jp/articles/2b395d273aeee45d0a9d816ec9599c698648292c,10/16(Œ) 6:02
tvlife,TV LIFE web,HiHi Jets‚ªwŒN‚ª€‚Ê‚Ü‚Å‚ ‚Æ100“úxå‘è‰Ì‚ğ’S“–Iîà‹´—D“lu‚½‚­‚³‚ñ’®‚¢‚Äg‚à‚¾ƒLƒ…ƒ“h‚µ‚Ä‚­‚¾‚³‚¢Iv,https://news.yahoo.co.jp/articles/9e689db85c5cf12a500e7455c5ea61873bd0959d,10/16(Œ) 6:02
tvlife,TV LIFE web,wƒUI“S˜rIDASH!!xVhDASHVƒvƒƒWƒFƒNƒgn“®I‘•ª‘¾ˆê‚ª¼“‡‘•¼“cŒ³‘¾‚ç‚Æ–¾¡Œö‰€‚Ìu“mvì‚è‚É’§‚Ş,https://news.yahoo.co.jp/articles/ee1ba9107fc77d6e369c02d8da5259202e029a4c,10/15(“ú) 22:01
tvlife,TV LIFE web,g•s—Ï‚¿‚á‚ñh‘å‹v•Û÷q‚ªwœœ‚¿‚á‚ñxo‰‰‚Å“¾‚½ƒqƒ“ƒgug©•ª‚ğ‘å–‚É‚·‚éh‚Æ‚¢‚¤‚±‚Æv,https://news.yahoo.co.jp/articles/5dbd3e43accbd72382290f4211e4225f5272643c,10/15(“ú) 18:01
tvlife,TV LIFE web,‚Ù‚¢‚¯‚ñ‚½‚ªw‹SƒŒƒ“ƒ`ƒƒƒ“x‚ÅgV‹Zh”â˜II‘š~‚è‚¹‚¢‚âA‹u‚İ‚Ç‚èA”–Ø‚Ğ‚È‚½A‰F“¿ŒhqA‚¨Œ©‘—‚èŒ|l‚µ‚ñ‚¢‚¿‚àQí,https://news.yahoo.co.jp/articles/a54d305261f03a44b8895ef3ec8d45773f222605,10/15(“ú) 17:40
tvlife,TV LIFE web,TOKIO•Šİ—D‘¾•X–{T‘¾˜Y‚ªg23”N–Ú‚Ì•Äì‚èhûŠn‚É’§‚ŞIuƒƒVˆâYv‚Í‹‘åƒJƒWƒL‚ğ‹‚ß‚ÄŠC‚Öw“S˜rIDASH!!x3ŠÔSP,https://news.yahoo.co.jp/articles/74bb40951aa0447b18df6d31cf0a6c56e8f9d3b7,10/15(“ú) 17:30
tvlife,TV LIFE web,ˆÇ‚ªƒpƒŠ‚Ì¢ŠEˆâY‚ğ„‚éVƒR[ƒi[‚ªƒXƒ^[ƒgu„‚àŠw‚Ñ‚È‚ª‚ç‚±‚ÌŠX‚ğŠy‚µ‚ñ‚Å‚¢‚«‚½‚¢vw¢ŠEˆâYx,https://news.yahoo.co.jp/articles/11ed44cc2113a4130a9225596b661414e41c7579,10/15(“ú) 17:10
tvlife,TV LIFE web,sumika‚ª¼–ìµ£å‰‰wƒ|ƒPƒbƒg‚É–`Œ¯‚ğ‚Â‚ß‚±‚ñ‚ÅxEDƒe[ƒ}‚ğ‘‚«‰º‚ë‚µu–£—Í“I‚ÈƒXƒg[ƒŠ[‚É‰¹Šy‚Å‰Ô‚ğ“Y‚¦‚ç‚ê‚½‚çv,https://news.yahoo.co.jp/articles/0c6e0ff0b3d17600937247e0702823506a583e70,10/15(“ú) 17:00
tvlife,TV LIFE web,wƒLƒ“ƒOƒIƒuƒRƒ“ƒg2023xƒI[ƒvƒjƒ“ƒO‹È‚Í”~“cƒTƒCƒtƒ@[~O‰Y‘å’mIƒe[ƒ}‚Íg‰ö•¨hyƒRƒƒ“ƒg‚ ‚èz,https://news.yahoo.co.jp/articles/717203d255c89a223069e912fe71b92109eeb5ee,10/15(“ú) 16:30
tvlife,TV LIFE web,w‰º™ã‹…™xVˆä‡qP‚ªŒê‚éƒŠƒAƒŠƒeƒB[‚Ö‚Ì‚±‚¾‚í‚è‚ÆB‰e‚Ì•‘‘ä— ,https://news.yahoo.co.jp/articles/17ec24d98bddbc1b4863b0bedb0d393013eaf1b7,10/15(“ú) 10:00
tvlife,TV LIFE web,‰i“c¹ˆê˜N‚ªw‰¼–Êƒ‰ƒCƒ_[ƒKƒbƒ`ƒƒ[ƒhxƒXƒsƒ“ƒIƒt‚ÅVƒ‰ƒCƒ_[‚ğ”M‰‰I—ğ‘ãƒ‰ƒCƒ_[‚à‘½”“oê,https://news.yahoo.co.jp/articles/34cea6dddd690b7867c4cc342beeb5e29c5796c2,10/15(“ú) 9:30
tvlife,TV LIFE web,¬’r‰hq‚ªˆ¤Œ¢‚Æ‚¨U•àƒR[ƒf‚Å“oêIˆäŒ…OŒb‚Éƒoƒ‰ƒGƒeƒB‚ÌS“¾‚ğ“`ö@‘å‰Í‚Å‹¤‰‰‚Ì¬ŒI{‚©‚ç‚ÌØŒ¾‚àw‚¨‚µ‚á‚êƒNƒŠƒbƒvx,https://news.yahoo.co.jp/articles/fbd3135811d52551d1dfff3e467bc757dab1e703,10/15(“ú) 7:11
tvlife,TV LIFE web,“úƒeƒŒuƒJƒ‰ƒ_WEEKv9”N–ÚIƒLƒƒƒvƒeƒ“‚Íã“cW–ç@•ŸŒ´—yA–Ø‘ºãA‚â‚·q‚ªƒTƒ|[ƒ^[‚ÉA”C@ƒe[ƒ}‹È‚ÍƒŠƒgƒOƒŠyƒRƒƒ“ƒg‚ ‚èz,https://news.yahoo.co.jp/articles/986949f08c0d472b44d1bae3c7e264b480a209e2,10/15(“ú) 5:00
tvlife,TV LIFE web,¬’r‰hq•ìŠÔ—´“lA‹e’r•—–•R“cˆÇ“ŞA–Ø“ì°‰Ä•¶Œ©ˆ¤—Ú‚çVƒhƒ‰ƒLƒƒƒXƒg‚àWŒ‹w“úƒeƒŒŒnl‹C”Ô‘g H‚Ì3ŠÔƒRƒ‰ƒ{SPx,https://news.yahoo.co.jp/articles/42772fbf25e831a294e110e1f5cf014c92bbca86,10/14(“y) 21:00
tvlife,TV LIFE web,¢ŠE‚ğ–Úw‚·‹‘å‹›ƒnƒ“ƒ^[‚ÆãÄ‚ªƒJƒWƒL’Ş‚è‘Û‘å‰ï‚ÉQí@–{“cm”üu’Z•Ò‚Ì—öˆ¤ƒhƒ‰ƒ}Œ©‚Ä‚é‚İ‚½‚¢‚Å‚µ‚½Ivw’´–³“GƒNƒ‰ƒXx,https://news.yahoo.co.jp/articles/aa32e3d00c30ea4e4857522347e3f71e72636dfe,10/14(“y) 14:00
tvlife,TV LIFE web,wƒLƒ“ƒOƒIƒuƒRƒ“ƒgxƒtƒ@ƒCƒiƒŠƒXƒg‚ÉŠâè‚¤‘åA“¿ˆäŒ’‘¾AŠÖ’¬’mO‚ªƒCƒ“ƒ^ƒrƒ…[wƒLƒ“ƒOƒIƒuƒRƒƒ“ƒg2023x”zMŒˆ’è,https://news.yahoo.co.jp/articles/ba3c09c2beea1cf4bb790cab16bf85f451da76e5,10/14(“y) 12:01
tvlife,TV LIFE web,›–ì”ü•äå‰‰w‚ä‚è‚ æ¶‚ÌÔ‚¢…xƒƒCƒ“ƒrƒWƒ…ƒAƒ‹‰ğ‹Ö@SP”Ô‘g•‘æ1˜b–`“ª‚Ì“Á•ÊæsŒöŠJ‚àŒˆ’è,https://news.yahoo.co.jp/articles/e7bb0e17bc0bb01ad92b0d5a0322185bcff31833,10/14(“y) 8:00
tvlife,TV LIFE web,g‹‘å‘D”m‚¿‚á‚ñh‚ª”OŠè‚ÌÓ•XŠÍ‚µ‚ç‚¹ö“ü‚Å‘å‹»•±I‘å‘ò‚½‚©‚¨‚Æö…ŠÍƒ}ƒjƒAƒbƒNƒg[ƒN‚àw”m‚¿‚á‚ñSPx,https://news.yahoo.co.jp/articles/d4e9a79894fc55ad5ef2efd787c6c73865389501,10/14(“y) 7:01
tvlife,TV LIFE web,O‘îŒ’‚ªŒ“‹ß‘å÷•–“‡^”V‰î‚ÆŒQ”nŒ§ˆÉ¨ès‚Å‘ä–{‚È‚µ‚ÌƒKƒ`ƒhƒ‰ƒCƒuI“Ë‘R‚Ì‘å‰J‚É‘å‚Í‚µ‚á‚¬wƒƒVƒhƒ‰x,https://news.yahoo.co.jp/articles/ec47d938b2fe2ba7a394a714948888e9d37b1117,10/14(“y) 6:02
tvlife,TV LIFE web,d‰ª‘å‹B~V–Ø—Dq~“c’†÷~‚—œ—Õ‚ª‹Ö’f‚ÌlŠpŠÖŒWw’Pg‰Ô“úx¡–éƒXƒ^[ƒgIê–ÊÊ^æsŒöŠJ,https://news.yahoo.co.jp/articles/85b5ac5c5bd79c79408805dd754ce6f59a1c5b9b,10/14(“y) 6:02
tvlife,TV LIFE web,‘Š—t‰ë‹IMC‚ÌV”Ô‘gw–Ø7~•”x‚É‚¦‚È‚è‚©‚¸‚«‚ªƒŒƒMƒ…ƒ‰[o‰‰u‘Š—t‚³‚ñA—Š‚è‚É‚µ‚Ä‚¢‚Ü‚·Iv,https://news.yahoo.co.jp/articles/cbaf2296237ef22413cd4fab91b0036a986667dd,10/14(“y) 6:01
tvlife,TV LIFE web,’†‹³L‚ªgŒ|”\l‚Æ‚»‚Ì—F’Bh‘¨13‘g29l‚ğ‘å‰ñ‚µwŒ|”\lI‚¨—F’BŒÄ‚ñ‚Å—ˆ‚Ü‚µ‚½ƒOƒ‰ƒ“ƒvƒŠx•ú‘—Œˆ’èyƒRƒƒ“ƒg‚ ‚èz,https://news.yahoo.co.jp/articles/373a64ee7fe13cb6123d14f6042c2c9f288ee92c,10/14(“y) 5:30
tvlife,TV LIFE web,Snow Man‚ª“È–ØŒ§‚Å•Ï‘•‚µ‚ÄŒƒƒ€ƒYƒ~ƒbƒVƒ‡ƒ“‚É’§í@ƒoƒXƒP“c‰ç—E‘¾‘Iè•”ä]“‡T‘Iè‚à“oêw‚»‚êƒXƒm2ŠÔSPx,https://news.yahoo.co.jp/articles/3ef4f906d86fc1e711a6879aa756a03d4e8976f5,10/13(‹à) 21:00
tvlife,TV LIFE web,“úŒüâ46‚ÌË—E¼“cD‰Ô‚ªw¬5ƒNƒCƒYx‘S–â³‰ğ‚Å300–œ‰~Šl“¾u‘å‚«‚¢ƒP[ƒ^ƒŠƒ“ƒO‚ğŒÄ‚ñ‚Åƒƒ“ƒo[‚ğ‚à‚Ä‚È‚µ‚½‚¢v,https://news.yahoo.co.jp/articles/5dea1d327165d22cabe8d16fe0211af0c42fb9f8,10/13(‹à) 20:54
tvlife,TV LIFE web,’†ŠÔ~‘¾AƒtƒBƒ“ƒ‰ƒ“ƒhƒƒPÅI“ú‚Í–¢’m‚ÌƒXƒ|[ƒcEƒyƒTƒpƒbƒ‚É’§íIwƒŠƒA“ËWESTx,https://news.yahoo.co.jp/articles/688c576fb50f972a2bcf67bb648cb7c456609400,10/13(‹à) 20:19
tvlife,TV LIFE web,¼–{‚Ü‚è‚©‚ªƒsƒ…ƒA‚·‚¬‚é—öˆ¤ƒGƒsƒ\[ƒh‚ğ”â˜Iu‚à‚Á‚Æ–Ê”’‚­˜b‚¹‚½‚Æv‚¤‚ñ‚Å‚·‚¯‚Ç‚¿‚å‚Á‚ÆçSçO‚µ‚¿‚á‚¢‚Ü‚µ‚½vw‚¨‚©‚×‚ëx,https://news.yahoo.co.jp/articles/014435c5d9a11fc1742d42825a649ddd2f8bfda2,10/13(‹à) 20:18
tvlife,TV LIFE web,‹ÑŒï‚ªq‹Ÿ‚½‚¿‚Ìgl¶‰ƒTƒvƒ‰ƒCƒYh‚ğ‚¨è“`‚¢I’·’Jì‰ë‹Iu–l‚ÌL‚Ñ‚µ‚ë‚àŒ©‚Ä‚Ù‚µ‚¢vw“y—j‚Íƒiƒj‚·‚é!?xVƒR[ƒi[n“®,https://news.yahoo.co.jp/articles/696f189f57428f9b5ff289098e6ff26126130f94,10/13(‹à) 19:30
tvlife,TV LIFE web,˜hŒ©—æ“Ş‚©‚ç‚Ì¿–â‚ÉAƒ_ƒCƒAƒ“’Ã“c‚ª–ÒƒcƒbƒRƒ~u‚È‚ñ‚Å‰´‚ç2l‚ğ­”N–ŸËt‚É‚µ‚½‚ª‚évwƒh[ƒiƒcƒg[ƒNx,https://news.yahoo.co.jp/articles/e7a5db95c7a800707416290f10ac48e3c2a2df6e,10/13(‹à) 13:11
tvlife,TV LIFE web,wƒWƒ‡ƒ“ƒ\ƒ“x‰‰ñ2ŠÔSP‚ÍuŒ|l‘å‰^“®‰ïv‘¨59l‚ª^Œ•Ÿ•‰@ƒ‰ƒXƒg‚Í”’”M‚Ì‘SˆõƒŠƒŒ[@‰‰‡‡íA‚¨•Ù“–ƒ^ƒCƒ€‚à,https://news.yahoo.co.jp/articles/804bd86c782735dc3cf7122c9fcfb8e4a79ffb9c,10/13(‹à) 10:01
tvlife,TV LIFE web,w‹àƒXƒ}SPxSk‚¦‚éTBSƒhƒ‰ƒ}TOP30”­•\wATARUxw‰Ô’jxw“¦‚°’px‚È‚Ç–¼ì‚ğˆê‹“ŒöŠJ@•ŸàV—YŠÄ“Â‚ªŒê‚éwVIVANTx”é˜b‚à,https://news.yahoo.co.jp/articles/cce95d36f0388a87e134312fc323a1fee339f436,10/13(‹à) 9:01
tvlife,TV LIFE web,”T–Øâ46E‹|–Ø“Ş‰—‚ªwƒ‰ƒ”ƒBƒbƒgIx10`12Œ‚Ìuƒ‰ƒ”ƒBƒbƒgIƒtƒ@ƒ~ƒŠ[v‹à—j’S“–‚ÉŒˆ’è,https://news.yahoo.co.jp/articles/eeabb51ab330b3470688cb9f431b4e44e74440a3,10/13(‹à) 8:01
tvlife,TV LIFE web,ƒI[ƒhƒŠ[t“úu‚ ‚â‚¤‚­TAIGA‚³‚ñ‚Å‹ƒ‚­‚Æ‚±‚¾‚Á‚½vTAIGA‚Ì¶‚«—l‚ğ”û‘º‚¿‚ ‚«‚ªƒIƒŠƒWƒiƒ‹‹È‚Éw‚í‚ª‰Æ‚Ì‹‹—¿L‚°‚Ä‚İ‚½x,https://news.yahoo.co.jp/articles/a914359b2207be5dc7c28084a9c5cf2357670009,10/13(‹à) 8:01
tvlife,TV LIFE web,”T–Øâ46ŒÜ•Séä‰›A–¢Šm”F¶•¨‚Ì‘¶İ‚ğŠmMu‚à‚¤M‚¶‚¿‚á‚¢‚Ü‚µ‚½vwƒAƒ“ƒrƒŠƒoƒ{[Ix˜gˆÚ“®‰‰ñ‚ÍUFO•UMAƒXƒyƒVƒƒƒ‹,https://news.yahoo.co.jp/articles/d04363f35e2f9066051ab18d8ef8e55a1b49ac77,10/13(‹à) 8:01
tvlife,TV LIFE web,‰ª“c«¶ƒCƒ“ƒ^ƒrƒ…[ g‚ä‚Æ‚èh³˜a–ğ‚Íu‚à‚¤1l‚Ì©•ª‚İ‚½‚¢‚ÈŠ´Šov‰f‰æu‚ä‚Æ‚è‚Å‚·‚ª‚È‚É‚© ƒCƒ“ƒ^[ƒiƒVƒ‡ƒiƒ‹v,https://news.yahoo.co.jp/articles/c552ab8f0e2f51a6888ff335234255332c27d480,10/13(‹à) 7:11
tvlife,TV LIFE web,w‘’‘—‚ÌƒtƒŠ[ƒŒƒ“xsƒm£‰Á“ß~¬—ÑçWƒCƒ“ƒ^ƒrƒ…[I2l‚ªŒê‚éƒtƒFƒ‹ƒ“‚ÆƒVƒ…ƒ^ƒ‹ƒN‚Ì–£—ÍA‚»‚µ‚Äíí•“Ö”ü‚Ì‚·‚²‚³,https://news.yahoo.co.jp/articles/3d76aa6b34d953acba8a0336c067393231516aee,10/13(‹à) 7:10
tvlife,TV LIFE web,Îì—öA˜A‘±ƒhƒ‰ƒ}‰å‰‰‚Ö‚Ìv‚¢‚ğŒê‚éu‹C•‰‚¢‚·‚¬‚¸‚ÉAŠF‚³‚ñ‚Æˆê‚É—Í‚ğ‡‚í‚¹‚Äì‚Á‚Ä‚¢‚¯‚½‚çvw”LƒJƒŒ |­”N‚ğ”‚¤|x,https://news.yahoo.co.jp/articles/2cc17eb2bace39907ec9d193cdb20eb551131adf,10/13(‹à) 7:10
tvlife,TV LIFE web,÷“c‚Ğ‚æ‚èA‰Æ’ë—¿—–Ú‚Ìƒhƒ‰ƒ}‚Éuâ‘Î‚ÉŠF‚³‚ñ‚Ì‚¨‚È‚©‚ª‚·‚­‚Æv‚¢‚Ü‚·vw‚ ‚½‚è‚ÌƒLƒbƒ`ƒ“Ix,https://news.yahoo.co.jp/articles/6eed841018cb54a55d9eec42d19af04ce95d8fb7,10/13(‹à) 7:10
tvlife,TV LIFE web,“úŒüâ46‚ÌË—E¼“cD‰Ô‚ª–ñ1”N‚Ô‚è‚Éw¬5ƒNƒCƒYxƒŠƒxƒ“ƒWQíIDA PUMPEKENZOA•Ÿ–{‘å°Aƒtƒ‚¿‚á‚ñ‚ç‚à“oê,https://news.yahoo.co.jp/articles/1be90c5938a0a1bb47145470ff79bd0617304e42,10/13(‹à) 7:01
tvlife,TV LIFE web,w‚»‚êƒXƒmx“n•ÓãÄ‘¾•Matt‚ªg•s˜V•s€‚ÌHŞh’T‚µ‚Ì—·‚Åƒrƒr‚è‚Ü‚­‚è@‹{ŠÚ—Á‘¾‚Í1400H‚Ì‹‹Hì‚è‚É’§í,https://news.yahoo.co.jp/articles/b1907984ee2f85ab90d3b18692d2dd10690a2eb8,10/13(‹à) 7:00
tvlife,TV LIFE web,wƒEƒƒT‚Ì‚¨‹q‚³‚Üx‚ª‹à—j8‚É˜gˆÚ“®@ì“‡–¾uƒLƒ““÷ƒ}ƒ“A’jmAƒXƒg‡Uƒlƒ^‚ğ”{‚Év•xàV‚½‚¯‚µuƒI[ƒvƒjƒ“ƒOƒg[ƒNg‚Á‚Äv,https://news.yahoo.co.jp/articles/7e2562304c268fd1740c54d539f528a7bf827bbc,10/13(‹à) 7:00
tvlife,TV LIFE web,“nç²Œ\—S‚ª•½è—F—œ“Ş‚Ì“¯‹‰¶–ğ‚Åw‚¤‚¿‚Ì•ÙŒìm‚Íè‚ª‚©‚©‚éx‘æ2˜b‚Éo‰‰Œˆ’èyƒRƒƒ“ƒg‚ ‚èz,https://news.yahoo.co.jp/articles/e646f040821b4070f024f35cccb8e9e806dce53b,10/13(‹à) 6:00
tvlife,TV LIFE web,“¡ˆä‘‘¾”ªŠ¥‚Ì‹­‚³‚Ì”é–§‚ğ“O’êŒŸØwƒAƒ“ƒ^ƒEƒHƒbƒ`ƒ}ƒ“Ix‹Ù‹}2ŠÔSP•ú‘—Œˆ’è@“n•Ó–¾‹ã’iA’Jì_i\µ¢–¼l‚ç‚ªØŒ¾,https://news.yahoo.co.jp/articles/166318f20f61a13dc2e98c236317ef31c5474c10,10/12(–Ø) 21:01
tvlife,TV LIFE web,¼è‚µ‚°‚é~Matt‚ª‰ƒ^ƒbƒOI–¾“]‚ÆˆÃ“]‚ğ‹ìg‚µ‚½VŠ´ŠoƒQ[ƒ€gƒNƒ‰ƒsƒJh‚Å™‰Y‘¾—z•’ÒŠó”üA‹gZ•ƒUEƒ}ƒ~ƒBğˆä‚ç‚ª•±“¬,https://news.yahoo.co.jp/articles/9c47c088f59caadd64a9d56ec88c92559480cfe8,10/12(–Ø) 20:03
tvlife,TV LIFE web,Sexy Zone‚ÌV‹Èul¶—V‹Yv‚ªwƒ[ƒCƒ`ƒ‡[xå‘è‰Ì‚ÉŒˆ’èI‹e’r•—–‚ªƒ‰ƒbƒvƒp[ƒg‚ğ’S“–u–l‚½‚¿©g‚Ì‚±‚Æ‚àŒÛ•‘‚·‚é‹È‚Év,https://news.yahoo.co.jp/articles/6ee320e7dc4d2847e3eab5eb52005a76986a5422,10/12(–Ø) 18:07
tvlife,TV LIFE web,wƒLƒX~kiss~ƒLƒXx’nã”g‘æ2’e•ú‘—Œˆ’èI“ß{‘×“lAŒÃ‰®˜C•qA–¦‚ ‚©‚è‚ç‘¨20l‚Ìo‰‰Ò•‘S16ƒGƒsƒ\[ƒh‚Ìƒ^ƒCƒgƒ‹‰ğ‹Ö,https://news.yahoo.co.jp/articles/327537fb6c7428aa140df867e701d7a89f9c6cff,10/12(–Ø) 18:01
tvlife,TV LIFE web,ç’¹E‘åŒåA‚Ù‚ëŒ‚¢‚Ì‹g£”ü’qq‚ÉƒfƒŒƒfƒŒ@„—ÍÊ‰è‚àu—×‚ÉÀ‚è‚½‚¢vwğ‚Ìƒcƒ}ƒ~‚É‚È‚é˜bx,https://news.yahoo.co.jp/articles/c05ce85b796b0d116c2779f9ad1983f13b1a654c,10/12(–Ø) 15:00
tvlife,TV LIFE web,SHISHAMO‚ª–{l–ğ‚Åƒhƒ‰ƒ}‰o‰‰w‚¤‚¿‚Ì•ÙŒìm‚Íè‚ª‚©‚©‚éx‘æ1˜b‚É“oê•V‹È‚ğƒeƒŒƒr‰‰ğ‹ÖyƒRƒƒ“ƒg‚ ‚èz,https://news.yahoo.co.jp/articles/70543ea9108185c20f6156c6f32f5596f49752e1,10/12(–Ø) 12:09
tvlife,TV LIFE web,THE RAMPAGEELIKIYA~_’JŒ’‘¾~—^“ß—ä—Ú—B~R–{²Œá~‰YìãÄ•½~—é–ØVG‚ªƒOƒ‰ƒ“ƒsƒ“ƒO‚ğ’Ê‚¶‚ÄãJ‚ğ[‚ß‚éIwTHE RAMPinGOODxƒCƒ“ƒ^ƒrƒ…[,https://news.yahoo.co.jp/articles/2404d665697962f840687b888b4e26ddb5ec9d83,10/12(–Ø) 12:04
tvlife,TV LIFE web,–ö—t•q˜Yue•ƒ‚Æ‚µ‚Ä‚Í—éq‚Ì¬’·‚ğ—D‚µ‚­Œ©ç‚Á‚Ä‚¢‚½‚¾‚¯‚½‚ç‚»‚ê‚ª‰½‚æ‚è‚Ì‚²–J”üvwƒuƒMƒEƒMx,https://news.yahoo.co.jp/articles/985b5615926c3e6f6cec4c4dde43ce7d986d8c58,10/12(–Ø) 8:20
tvlife,TV LIFE web,6”N‚Ô‚è‚É“Œ‹ƒfƒBƒYƒj[ƒŠƒ][ƒg‚ÅƒSƒ`ƒXƒyƒVƒƒƒ‹I‰ª“c«¶•ˆÀ“¡ƒTƒNƒ‰‚ªƒSƒ`ƒƒ“ƒo[‚ÆƒfƒBƒYƒj[‚ğ‘å–‹iw‚®‚éƒiƒCx2ŠÔSP,https://news.yahoo.co.jp/articles/e307d08b4481756f066f845a0a5df0d53e8defe7,10/12(–Ø) 7:02
tvlife,TV LIFE web,ˆé‘º—E“lA–Š–ì’qÍ‚ªwƒ„ƒM‚Æ‘åŒåx‚É“oêI”Ô‘gƒIƒŠƒWƒiƒ‹ƒOƒbƒY‚Ì”­”„‚àŒˆ’èyƒRƒƒ“ƒg‚ ‚èz,https://news.yahoo.co.jp/articles/01c450c5df8d6e58dff033d30d38447137906793,10/12(–Ø) 7:01
tvlife,TV LIFE web,V“àáÁˆß•›ìr•½ƒAƒiMCw‚ß‚´‚¹IØ‚èo‚µElx¡–éƒXƒ^[ƒg@“®‰æƒNƒŠƒGƒCƒ^[‚ªƒeƒŒ’©”Ô‘g‚ÌgØ‚èo‚µ“®‰æh‚ğ§ì,https://news.yahoo.co.jp/articles/d3b3bc70e171194d165413712925ec96cd8622f3,10/12(–Ø) 7:01
tvlife,TV LIFE web,ƒ}ƒ}ƒ^ƒ‹ƒgA‚Ğ‚Â‚¶‚Ë‚¢‚èA—ß˜aƒƒ}ƒ“At‚ÆƒqƒR[ƒL‚ªƒeƒŒ’©áèƒAƒi‚Ìƒoƒ‰ƒGƒeƒB‘Î‰—Í‚ğ–‚­wŒ¤CƒeƒŒƒrx¡–éƒXƒ^[ƒg,https://news.yahoo.co.jp/articles/4786f2ac0691e16ba460769d3b35c4d23a3eb5b1,10/12(–Ø) 7:00
tvlife,TV LIFE web,’·‰ª—º‰î•ƒ}ƒLƒVƒ}ƒ€ ƒU ƒzƒ‹ƒ‚ƒ“Eƒ_ƒCƒXƒP‚Í‚ñ‚ªwƒpƒŠƒsE–¾x‘æ4˜b‚ÉƒQƒXƒgo‰‰yƒRƒƒ“ƒg‚ ‚èz,https://news.yahoo.co.jp/articles/8f72ab0365c8444fed40f2454b80896f4eedc818,10/12(–Ø) 6:00
tvlife,TV LIFE web,gSNS‚ÅÅ‚àg‚í‚ê‚é‰Ìºhasmi‚ªwƒ}ƒCEƒZƒJƒ“ƒhEƒAƒIƒnƒ‹x‘}“ü‰Ì‚ğ’S“–IL£ƒAƒŠƒXu²–íq‚Æ‚Æ‚Ä‚àƒŠƒ“ƒN‚µ‚Ä‚¢‚é‚Æv‚¢‚Ü‚µ‚½v,https://news.yahoo.co.jp/articles/997a66d513551f448f88157bd774fdaa8d31b4f0,10/12(–Ø) 5:00
tvlife,TV LIFE web,—é–Ø—º•½A“¹}x—CA‚‹´•¶Æ‚ªuƒvƒŒƒbƒVƒƒ[ƒA[ƒ`ƒFƒŠ[v‚É’§íuƒ~ƒjƒ}ƒ‰ƒ\ƒ“v‚ÉİŠy—I‘¾‚ªQíwƒI[ƒ‹ƒXƒ^[Š´ÓÕf23Hx,https://news.yahoo.co.jp/articles/153886be646949c2fa61e0b5a7d9a8b58f0654b4,10/11(…) 20:11
tvlife,TV LIFE web,ƒnƒiƒŒƒOƒ~uMY –²’†v‚ª¼–{•ä~’ç^ˆêwƒ~ƒ‚³‚ñ‚È‚è‚·‚Ü‚·xå‘è‰Ì‚ÉŒˆ’èyƒRƒƒ“ƒg‚ ‚èz,https://news.yahoo.co.jp/articles/2d86781eabb6c8db898b7fb1cc4441be24900c19,10/11(…) 20:02
tvlife,TV LIFE web,‘Š—t‰ë‹I‚ª‘u‚â‚©•ƒn[ƒh‚Ì2‚Â‚ÌŠçw¡“ú‚©‚çƒqƒbƒgƒ}ƒ“xƒƒCƒ“ƒrƒWƒ…ƒAƒ‹‰ğ‹Ö@R–{•‘A–{‰¼‰®ƒ†ƒCƒJA[àV’CÆ‚ç‚Ìp‚à,https://news.yahoo.co.jp/articles/f996787e996ab40690bba9af63aba33cfd39a6af,10/11(…) 18:00
tvlife,TV LIFE web,w‚¨‚â‚·‚İ‰¤qx‚ª4”N‚Ô‚è‚É•œŠˆI…ãPiA“¡‰ª^ˆĞlAŒ¢”‹Mä‚ªŠHìÜE’¼–ØÜì‰Æ‚É‚æ‚é‘‚«‰º‚ë‚µ•¨Œê‚ğ“Ç‚İ•·‚©‚¹yƒRƒƒ“ƒg‚ ‚èz,https://news.yahoo.co.jp/articles/68c4b8d771c22b983f22c88d24596f471330c710,10/11(…) 17:31
tvlife,TV LIFE web,ƒAƒCƒiEƒWEƒGƒ“ƒh‚ªƒnƒVƒ„ƒXƒEƒAƒcƒR‚Æ‰ğUƒ‰ƒCƒuˆÈ—ˆ‚Ì‹¤‰‰w‚­‚è‚¡‚Şƒiƒ“ƒ^ƒ‰x‚ÅŒ|l‚Ìƒ{ƒPlˆÄ•ƒoƒ‰ƒGƒeƒBMC‰’§í,https://news.yahoo.co.jp/articles/2407b38ac455d4ef56e6180b9d5da456ddb806b5,10/11(…) 8:38
tvlife,TV LIFE web,S‚É‚µ‚İ‚éº˜a‚Ìƒ‰ƒuƒ\ƒ“ƒO‚É›–ì”ü•äA‚—œ—Õ‚à‘å‹»•±I¼“c¹qA’†X–¾Ø‚ç‚Ì‹Md‰f‘œ‚à@ƒ—ó‚Í–¼‹ÈƒƒhƒŒ[‚ğ”â˜I,https://news.yahoo.co.jp/articles/63347249dea43d1bc8906264cdb9c769f36de194,10/11(…) 8:20
tvlife,TV LIFE web,¼–{‰Ô“ŞŠÄ“Â‚ª–¾‚©‚·“úŒü˜j•‘å‘q‹ól‚Ì–£—Íu„‚ªv‚Á‚Ä‚¢‚½—´i‚Æ“V‘œ‚É‚Ò‚Á‚½‚è‚Å‚µ‚½vwŒN‚Æ‚È‚ç—ö‚ğ‚µ‚Ä‚İ‚Ä‚àxƒCƒ“ƒ^ƒrƒ…[,https://news.yahoo.co.jp/articles/7aa67a781217879721a49d940389f9095a198016,10/11(…) 7:51
tvlife,TV LIFE web,²’Ãìˆ¤”üå‰‰‚ÅwƒTƒuƒXƒN•s—ÏxÀÊ‰»I‹¤‰‰‚É’´“Á‹}E‘ì‘ñ–íAFANTASTICSE–x‰ÄŠìA–Ø‘º—¹yƒRƒƒ“ƒg‚ ‚èz,https://news.yahoo.co.jp/articles/d3712d71270d356238aacdd9882dd15ad586bb2a,10/11(…) 7:44
tvlife,TV LIFE web,LE SSERAFIM‚ªwƒZƒNƒV[“c’†‚³‚ñxå‘è‰Ì‚ğ’S“–Iimase‚ªŠy‹È’ñ‹Ÿ@–Ø“ì°‰ÄuS‚ª—x‚é‹C•ªv,https://news.yahoo.co.jp/articles/1b263de5b580ef9c0bf593ad322a23c71cfa86bc,10/11(…) 7:30
tvlife,TV LIFE web,jŒ[‰i‚ªw—öˆ¤‚Ì‚·T‚ßx‚Å˜Aƒhƒ‰’P“Æ‰å‰‰I–{“c‹¿–îAˆêƒm£ƒƒ^ƒ‹Aá—Ñ‰pA‚Ğ‚å‚Á‚±‚è‚Í‚ñ‚Æ‘Sˆõ“VË•ƒƒKƒl‚Ì‘å^–Ê–Úƒ‰ƒuƒRƒyƒRƒƒ“ƒg‚ ‚èz,https://news.yahoo.co.jp/articles/5ef9ac8c51a207fe1fc018fc08b426c1edafc8b6,10/11(…) 7:24
tvlife,TV LIFE web,ƒiƒCƒiƒC‚ªƒGƒ“ƒ^ƒƒgƒŒƒ“ƒh‚É”—‚éV”Ô‘gwTŠ§ƒiƒCƒiƒCƒ~ƒ…[ƒWƒbƒNxƒXƒ^[ƒgI‰ª‘º—²juD‚«‚Èi‰ïÒƒ‰ƒ“ƒNƒCƒ“‚ğ–Úw‚µ‚Ü‚·v,https://news.yahoo.co.jp/articles/fd6bda6e89d383defc4290a704dcaf7c9cbafec4,10/11(…) 7:11
tvlife,TV LIFE web,àJOYAƒƒWƒƒ[ƒfƒrƒ…[Œˆ’è‚Ì‹C‚¿‚ÍgŠhu¬‚³‚È–²‚©‚ç‘å‚«‚È–²‚Ü‚Å‚İ‚ñ‚È‚Å‚©‚È‚¦‚Ä‚¢‚«‚½‚¢‚Å‚·v,https://news.yahoo.co.jp/articles/bf7294e9b0ba2326bf70c1c3b1bb7f8990a982a0,10/11(…) 7:11
tvlife,TV LIFE web,‘å’J—º•½A•½ˆä—‰›A{“cˆŸ—¢‚ª‰ß‹‚ÉgƒLƒ…ƒ“h‚Æ‚µ‚½‘Šè‚É‘z‚¢‚ğ“`‚¦‚éw‚ ‚Ì‚Æ‚«‚Á‚Ä‚¢‚ê‚Î‚Ç‚¤‚È‚Á‚½?!x,https://news.yahoo.co.jp/articles/864f17c7044fb1512fd5499f5d5e2c67ed503e38,10/11(…) 7:10
tvlife,TV LIFE web,ƒAƒCƒiA¼‘º–k“lAL£‚·‚¸‚ªw‚©‚Ü‚¢ƒKƒ`x‚É“oêu’B¬‚µ‚½‚ç‘¦‹A‘î‚·‚é‚Ë‚ñvQí‚Åƒ‹[ƒ‹–³‹‚Ì–³–@’n‘Ñ‚É,https://news.yahoo.co.jp/articles/85ab52bbe3e01045c1ba81f01204312d9a9986ad,10/11(…) 7:10
tvlife,TV LIFE web,w—L‹g‚Ì•ÇxLDH JAPAN‚Åu‚¨‚à‚µ‚ëŒ|”\––±Š‚Ìl‘IèŒ vHIRO‚ªĞ’·‹Æ•œ‹AŒãƒƒfƒBƒA‰“oê,https://news.yahoo.co.jp/articles/39b3b031b90fa7e773c122bd2555a97e63de9983,10/11(…) 7:06
tvlife,TV LIFE web,‹ÑŒï‚ªuƒnƒVƒS‚Ì—·v‚É‰’§í@“n•Ó—²‚Í”ül“Xˆõ‚ÉƒƒƒƒwÎ‚Á‚ÄƒRƒ‰‚¦‚ÄIx,https://news.yahoo.co.jp/articles/2550933f7cb728e1f0cec5744ad7db4ed485b866,10/11(…) 7:00
tvlife,TV LIFE web,’†‘º—Ï–ç‚ªgƒ_ƒ}‚³‚ê‚â‚·‚¢—h‚Æg‹^‚è[‚¢—h‚É–|˜M‚³‚ê‚éu—S‚ª‚Ü‚·‚Ü‚·•ª‚©‚ç‚È‚­‚È‚è‚Ü‚µ‚½vwã“c‚Æ—‚ª–i‚¦‚é–éx,https://news.yahoo.co.jp/articles/ef2eafbdd1348cc63475a572b60222e454f9cdb9,10/11(…) 6:44
tvlife,TV LIFE web,¼“c—Dìå‰‰‚Ì–¼ìƒhƒ‰ƒ}w’T’ã•¨ŒêxBS12 ƒgƒDƒGƒ‹ƒr‚Å10E11•ú‘—ŠJn,https://news.yahoo.co.jp/articles/9207fc4eafb8b66ba372eccd419f1b8f1980acb0,10/10(‰Î) 22:03
tvlife,TV LIFE web,‘½•”–¢‰ØqA¼‰ºŸ©•½A¡“c”ü÷A_”ö•–ì‚ª’j—‚Ì—Fî‚É‚Â‚¢‚ÄŒê‚éw‚¢‚¿‚Î‚ñ‚·‚«‚È‰ÔxŠ®¬”â˜IÊƒCƒxƒ“ƒg,https://news.yahoo.co.jp/articles/179cfd4d6577eb3a2b9ba92d082530aafeeaffa0,10/10(‰Î) 20:47
tvlife,TV LIFE web,ƒI[ƒhƒŠ[•ƒnƒ‰ƒCƒ`•²‹vŠÔésP‚ªwƒIƒhƒIƒh~ƒnƒ‰ƒnƒ‰x‰‰ñû˜^‚Ìè‰‚¦Œê‚é@àV•”—Cu‚â‚Á‚Ï‚è‰´‚½‚¿Å‹­v,https://news.yahoo.co.jp/articles/82ad8feb4b0767b1920da33cbc2722572d2c0e64,10/10(‰Î) 20:02
tvlife,TV LIFE web,‚Ğ‚å‚Á‚±‚è‚Í‚ñ~âŒû—Á‘¾˜Y‚ªuƒhƒbƒyƒ‹ƒQƒ“ƒK[‘ŠÈvƒNƒZ‚·‚²ƒLƒƒƒ‰‚Éç’¹‚à‹»•±uŒ©‚Â‚¯‚¿‚á‚Á‚½‚©‚àIvw‘ŠÈH“°x,https://news.yahoo.co.jp/articles/2f0e2c2d04dcc17a20eb3197d3ee990db8d3723a,10/10(‰Î) 17:30
tvlife,TV LIFE web,–¾Î‰Æ‚³‚ñ‚Ü‚Ægƒ^ƒ‚ƒŠŒƒ—hƒWƒ‡ƒj[u‘º‚ª“`à‚Ì”Ô‘gƒR[ƒi[‚ğÄŒ»w—x‚éI‚³‚ñ‚ÜŒä“a!!x3ŠÔSP,https://news.yahoo.co.jp/articles/fafe16ecebc00d8c207231f901bddf33753fff9d,10/10(‰Î) 17:10
tvlife,TV LIFE web,‰‰ñ‚ÍFANTASY BOYS‚ªV‘å‹v•Û‚ÅŠXƒuƒ‰Iã’n—Y•ã~•Ÿ“c¹‹IMCwK-POP HOUSEx10E12ƒXƒ^[ƒg,https://news.yahoo.co.jp/articles/ba01d9dac2c9064e7f1e20954dfc7dad9401e01e,10/10(‰Î) 14:44
tvlife,TV LIFE web,w‰Æ­•v‚Ìƒ~ƒ^ƒ]ƒmx‚Z‚Ì“¯‹‰¶E¼‰ª¹G~‚ä‚Á‚Ä‚¡‚Ì‹¤‰‰‚ªÀŒ»I‹vX‚ÌÄ‰ï‚àuÌ‚©‚ç•Ï‚í‚ç‚È‚¢v,https://news.yahoo.co.jp/articles/3e05c889cebee97a49d9c048ced630157ef79f78,10/10(‰Î) 6:02
tvlife,TV LIFE web,ì“‡–¾•‰¤—ÑMCw”­•\IƒEƒ`‚ÌŒ§‚Ì‘å–ƒPƒ“x1ŠÔ‚Ü‚é‚²‚Æu‹{èŒ§vƒIƒ‚ƒVƒŒ§–¯‚ÉL£ƒAƒŠƒXA‹{ŠÚ—Á‘¾‚à‘å”šÎ,https://news.yahoo.co.jp/articles/033ed6cb97f858a4e01e793036657ec4566c1b87,10/9(Œ) 17:00
tvlife,TV LIFE web,ˆäŒ…OŒb‚ªw¡–é‚Íƒiƒ]ƒgƒŒxƒV[ƒYƒ“ƒŒƒMƒ…ƒ‰[‚ÉŒˆ’è@ƒ‰ƒCƒoƒ‹‚Í—L“c“N•½uH‚ç‚¢‚Â‚¢‚Ä‚¢‚«‚½‚¢v,https://news.yahoo.co.jp/articles/f1939d37c99350f64bfaaf2a5fa327c638ccbba7,10/9(Œ) 17:00
tvlife,TV LIFE web,MISIA‚ª“Œ‘å›‚Å.ENDRECHERI.AŒ³‚¿‚Æ‚¹ANARITA THOMAS SIMPSON‚ç‚Æ‚Æ‚à‚É–a‚¢‚¾•½˜a‚Ö‚ÌŠè‚¢yƒ‰ƒCƒuƒŒƒ|[ƒgz,https://news.yahoo.co.jp/articles/fe7bbcfb2a6426dadafb872b071666e193cbdc59,10/9(Œ) 12:02
tvlife,TV LIFE web,ŸNâ46E’†“ˆ—DŒ‚ªwƒ‰ƒ”ƒBƒbƒgIx10`12Œ‚Ìuƒ‰ƒ”ƒBƒbƒgIƒtƒ@ƒ~ƒŠ[vŒ—j’S“–‚ÉŒˆ’è,https://news.yahoo.co.jp/articles/f1d1c57348499fb8e04042721b0dcf07a803fc22,10/9(Œ) 9:00
tvlife,TV LIFE web,”šÎ–â‘èMCwé‰º’¬‘‘I‹“x—·D‚«1–œl‚ª‘I‚ñ‚¾gé‰º’¬hƒxƒXƒg15”­•\@ƒrƒr‚é‘å–ØAV“àáÁˆßA—é­‰›m‚ç‚ª1ˆÊ—\‘z,https://news.yahoo.co.jp/articles/c64348e1ef1ed6a7f6a16e12bbd2a8d24b6c4b3b,10/9(Œ) 8:02
tvlife,TV LIFE web,“‡è˜a‰Ìq‚ª–ñ14”N‚Ô‚è‚ÉTBS˜Aƒhƒ‰o‰‰wMaybe —ö‚ª’®‚±‚¦‚éx‚Å‘å˜a“Ş‰›•Šİ–{¬á‚Ì•êe–ğ‚ÉyƒRƒƒ“ƒg‚ ‚èz,https://news.yahoo.co.jp/articles/a8284b7466daa6161a232a46a36b700834f29e05,10/9(Œ) 8:02
tvlife,TV LIFE web,‘íK„‚ª–ñ11”N‚Ô‚èw¢‚É‚àŠï–­‚È•¨Œêxå‰‰u‚·‚²‚­U‚ß‚Ä‚¢‚éì•iv‹¤‰‰‚É]Œû—m‰îA‹r–{E‰‰o‚Íg–lƒVƒŠ[ƒYh‚Ì¯Œì,https://news.yahoo.co.jp/articles/e5b6634c866ccda82f4c100a09e4e6e730f961f6,10/9(Œ) 7:04
tvlife,TV LIFE web,ŒIRç–¾A30”NˆÈã‘±‚¯‚½ƒƒ“ƒOƒwƒA[‚ğ‘²‹Æ‚àu‚·‚²‚­V‘N‚ÅŠy‚µ‚ñ‚Å‚¢‚Ü‚·vw‚¯‚Ş‚½‚¢o‚Æ‚¸‚é‚¢–…x,https://news.yahoo.co.jp/articles/ad96c698bfa1dc1da8953e0fcb2719f23e85a6d1,10/9(Œ) 6:04
tvlife,TV LIFE web,wƒlƒvƒŠ[ƒOSPx“ñ‹{˜a–ç‚ª‰Ø—í‚ÈƒXƒs[ƒh‰ğ“šIŒ9wONE DAYxƒ`[ƒ€‚Æ”„‚ê‚ÁqŒ|lƒ`[ƒ€‚ª‘ÎŒˆ,https://news.yahoo.co.jp/articles/66f3874ead816d609f864e37e2c4fdd1a4d02bc7,10/9(Œ) 6:04
tvlife,TV LIFE web,[ˆ¤iê“¡‹qj‚Ì“µ‚©‚ç‚Ğ‚Æ‹Ø‚Ì—Ücw“Dà^‚ÌH‘ìxê–ÊÊ^‰ğ‹Ö@å‘è‰Ì‚ÍƒwƒbƒhƒtƒHƒ“‚Ì’†‚Ì¢ŠEuˆø‚«Z‚Ì”üŠwv,https://news.yahoo.co.jp/articles/35ea3bfac7aaba5d85ec0e4953bcab95cd4b2048,10/9(Œ) 6:04
tvlife,TV LIFE web,[àV’CÆ‚ªw¡“ú‚©‚çƒqƒbƒgƒ}ƒ“x‚Å–ñ10”N‚Ô‚è’nã”g˜Aƒhƒ‰o‰‰•‘Š—t‰ë‹I‚Æ‰‹¤‰‰@ƒ_ƒƒ_ƒ•”‰º–ğ‚Éu‹¤’Ê“_‚µ‚©‚È‚¢iÎjv,https://news.yahoo.co.jp/articles/66a16a57f187ee8554be73619a16f6120f982461,10/9(Œ) 5:00
tvlife,TV LIFE web,‘åò—må‰‰uéx‚µŠG‚Ì‰åvBSƒeƒŒ“Œ‚Å–{•Òƒm[ƒJƒbƒg•ú‘—@¼‰ªä—DA²“¡_s‚ç‚ª‹¤‰‰AŠÄ“Â‚Í‹g“c‘å”ª,https://news.yahoo.co.jp/articles/f69c04f50962e3ce5f7bd036e83c0f4933b8d80d,10/8(“ú) 21:37
tvlife,TV LIFE web,æTŒá‚ªcŒ^ƒVƒ‡[ƒgƒhƒ‰ƒ}‚É‰’§íu1”N‚Ô‚è‚É‚¨Å‹‚ğ‚µ‚½‚æ`Ivw‰¼‘•‘åÜx‚ªTikTokƒhƒ‰ƒ}‚ÆƒRƒ‰ƒ{,https://news.yahoo.co.jp/articles/bb96dc0ebe7bc9294f1fab6db6d3042709aad1f2,10/8(“ú) 15:00
tvlife,TV LIFE web,—é–Ø—º•½å‰‰w‰º™ã‹…™x–ì‹…ƒV[ƒ“‚Ìˆê•”‚ğƒAƒjƒ[ƒVƒ‡ƒ“‚Å•\Œ»wSPY~FAMILYx‚ÌCloverWorks‚ª§ì,https://news.yahoo.co.jp/articles/d206d6a69bddb8f3af6c6b9e7fd62fd5654d4c3f,10/8(“ú) 12:02
tvlife,TV LIFE web,w‰½—j“ú‚É¶‚Ü‚ê‚½‚Ìx”Ñ–L‚Ü‚è‚¦‚ç‚ÌƒNƒ‰ƒ“ƒNƒAƒbƒvƒRƒƒ“ƒg“’…u’N‚©‚ğ‘åØ‚Év‚¤—D‚µ‚¢¢ŠEü‚ª‚à‚Á‚Æ¶‚Ü‚ê‚Ü‚·‚æ‚¤‚Év,https://news.yahoo.co.jp/articles/48620281808996de9394748b3fd386ad8f0dc2bc,10/8(“ú) 8:03
tvlife,TV LIFE web,—é­‰›m‚ª‰Í“‡‰pŒÜ‚Ì–¼‹È‚ğĞ‰îul¶‚ÌƒoƒCƒuƒ‹“I‚È‹ÈvCocomi‚ÍƒQƒXƒg‚Ìv‚¢o‚Ì‹È‚ğ¶‰‰‘tw‹³‚¦‚ÄIƒ”ƒBƒ“ƒe[ƒWEƒ\ƒ“ƒOx,https://news.yahoo.co.jp/articles/784ea4491809c2d981866e20389db5ba359106b5,10/8(“ú) 7:01
tvlife,TV LIFE web,ƒ`ƒ‡ƒRƒvƒ‰MCw’´’¬lIƒ`ƒ‡ƒRƒŒ[ƒgƒTƒ€ƒlƒbƒgxƒŒƒMƒ…ƒ‰[‰»I‰‰ñ‚Íƒpƒ“ƒT[”öŒ`‚Æ•õŠİ‚İ‚È‚İ‚ª–¼ŒÃ‰®s‘å{‚Åg’´’¬lh’T‚µ,https://news.yahoo.co.jp/articles/636c0e189302512d799a0424d2c245119f1b828c,10/7(“y) 20:35
tvlife,TV LIFE web,¬òF‘¾˜Y•ƒ€ƒƒcƒˆƒV‚ª‘å’JãÄ•½‚É‹}Ú‹ßI‘å‹»•±‚Åu‘§‚ª‚¤‚Ü‚­‚Å‚«‚Ë‚¥‚âcvw©—R‹C‚Ü‚Ü‚É2l—·x,https://news.yahoo.co.jp/articles/5740405b1b46696129b6ff2d34f555da5b236ad9,10/7(“y) 20:00
tvlife,TV LIFE web,wƒjƒm‚³‚ñx‹e’r•—–•R“cˆÇ“Ş•¼“cŒ³‘¾‚Ìwƒ[ƒCƒ`ƒ‡[xƒ`[ƒ€‚ª“ñ‹{˜a–ç‚ç‚ÆƒQ[ƒ€‚Å‘ÎŒˆ,https://news.yahoo.co.jp/articles/b9dd766941380f26631bf42dd7f2b5279e58ed50,10/7(“y) 18:11
tvlife,TV LIFE web,uì‰z‚Zv‰‰‡•”‚Ì‰Ä‡h‚©‚çŠ²•”ˆø‘Ş‚Ü‚Å‚ÉŠ®‘S–§’…I’´–³“G¶“k‚àŠ´–Áu‚¿‚á‚ñ‚ÆÂt‚â‚ë‚¤‚Á‚Äv‚Á‚½vw’´–³“GƒNƒ‰ƒXx,https://news.yahoo.co.jp/articles/c1665bfa708b0ec56887cf8fe2e150271956f2d2,10/7(“y) 14:01
tvlife,TV LIFE web,×“c‰À‰›‘¾‚ªŠxi‚‹´•¶Æj‚ğÁÜ‚É’Ç‚¢‚Şƒ‰ƒCƒoƒ‹–ğ‚ÅwƒtƒFƒ‹ƒ}[‚Ì—¿—x‚Éo‰‰@‘æ1˜bƒQƒXƒg‚Í‚È‚·‚È‚©‚É‚µyƒRƒƒ“ƒg‚ ‚èz,https://news.yahoo.co.jp/articles/9368302d5f1da4ac801854fa837baedff5d3e930,10/7(“y) 13:05
tvlife,TV LIFE web,ƒTƒ“ƒhMCw—ß˜avs•½¬vsº˜aƒAƒjƒ\ƒ“ƒ‰ƒ“ƒLƒ“ƒOx‘åƒqƒbƒgƒAƒjƒ‚Ìº—DwWŒ‹•–{l“oê‚Ì¶‰Ì¥‚Éãì—²–çA‹{“crÆ‚ç‚ª‘å‹»•±,https://news.yahoo.co.jp/articles/ce7280f869af4ca900d2f786a9652dae216d51aa,10/7(“y) 12:54
tvlife,TV LIFE web,ç’¹E‘åŒå‚ÌŠè‚¢‚©‚çgŠïÕ‚Ì1–‡h‚ª’a¶@‰ª“c«¶•¼â“—›•–öŠy—D–í•ˆÀ“¡ƒTƒNƒ‰‚ÆƒLƒƒLƒW‡Ê^B‰ewç’¹‚©‚Ü‚¢‚½‚¿ƒAƒ[x,https://news.yahoo.co.jp/articles/3a36fb05cd7464b1040e907e2b4151fcdcd2eb1a,10/7(“y) 12:33
tvlife,TV LIFE web,ê“¡‹qA‹g‘ò—I‚çƒLƒƒƒXƒgw‚ª•s‰¸‚È•\î‚ğ•‚‚©‚×‚écg^‚Á‚·‚®‚³h‚ÆgˆÅh‚ğ•\Œ»‚µ‚½w“Dà^‚ÌH‘ìxƒ|ƒXƒ^[ƒrƒWƒ…ƒAƒ‹‚ª‰ğ‹Ö,https://news.yahoo.co.jp/articles/563cde314f5328bfae5add6265b8eff5ec5351bc,10/7(“y) 6:02
tvlife,TV LIFE web,w‘æ74‰ñNHKg”’‰Ì‡íxi‰ï‚Í—L‹gOsA‹´–{ŠÂ“ŞA•l•Ó”ü”gA‚£k‘¢ƒAƒiyƒRƒƒ“ƒg‚ ‚èz,https://news.yahoo.co.jp/articles/9e1387b84b4cda10eaf8bfe3284b3f9fe4a1c69c,10/6(‹à) 21:11
tvlife,TV LIFE web,ƒ_ƒCƒAƒ“A“VËq–ğE‰i”ö—M”T‚¿‚á‚ñ‚Æ30•ªˆÈãg‰È‘{Œ¤‚¨‚Ü‚Ü‚²‚Æh ’Ã“cuè‰‚¦‚ ‚Á‚½vwƒQƒXƒgƒ_ƒCƒAƒ“x,https://news.yahoo.co.jp/articles/f8b7f080e5f3692416fb434d99286963dfd8446e,10/6(‹à) 20:30
tvlife,TV LIFE web,’¹’JŒhAw‚²‚Ô‚²‚ÔxƒƒP’†‚É“Ë‘Ru‚»‚ë‚»‚ë‘–‚ë‚¤‚©‚Èv‚Ü‚³‚©‚Ìs“®‚É•l“c‰ëŒ÷u‰´AÔ‚Å‘Ò‚Á‚Æ‚­‚ícv,https://news.yahoo.co.jp/articles/bccf17e75381cec41b159e2d393c4d7fceb26c78,10/6(‹à) 20:00
tvlife,TV LIFE web,EXITŒ“‹ß‘å÷•–“‡^”V‰îwƒƒVƒhƒ‰x‰‰ñ‚Í’r¼‘s—º•Ÿ’n—Á‚ÆŒQ”nŒ§‚ès‚Ö@’jqZƒmƒŠ‚Å‘å‚Í‚µ‚á‚¬,https://news.yahoo.co.jp/articles/12c74535328bbc9787d25b969c8f5a70e9e3ea6c,10/6(‹à) 18:04
tvlife,TV LIFE web,O‘ã–ÚJSB‚ª˜V•Ü‚Ì–¼“X‚ğ„‚Á‚Äu‚²ålA‰½‘ã–ÚHv‚Æ•·‚«‚Ü‚­‚è‡Œv”‚Å‘ÎŒˆwƒ[ƒJƒ‹˜HüƒoƒXæ‚èŒp‚¬‘ÎŒˆ—·xVƒVƒŠ[ƒYn“®,https://news.yahoo.co.jp/articles/c08e7abdef15a86ac2234f8adfa68cb5d3f472d4,10/6(‹à) 18:02
tvlife,TV LIFE web,w¢ŠE‚Ó‚µ‚¬”­Œ©Ix—ˆ”N3Œ‚ğ‚à‚Á‚ÄƒŒƒMƒ…ƒ‰[•ú‘—I—¹‚Ö@4ŒˆÈ~‚Í“Á”Ô‚Æ‚µ‚Ä•ú‘——\’è,https://news.yahoo.co.jp/articles/7c39f43344237b5ba8f90f40e4cd018c7816f240,10/6(‹à) 17:47
tvlife,TV LIFE web,u‰·ò‚Ş‚·‚ßv‚ª”Ñâ‰·ò‚ÅƒCƒxƒ“ƒg‚ğŠJÃAƒŠƒn[ƒTƒ‹‚Éö“ü‚µ‚Ä•ª‚©‚Á‚½ƒvƒ‚Ì“®‚«•û‚ÆƒCƒxƒ“ƒg‚ğì‚é“ï‚µ‚³,https://news.yahoo.co.jp/articles/f6db042ee667cc585f382d436387ba67d29da902,10/6(‹à) 17:30
tvlife,TV LIFE web,“n•ÓãÄ‘¾‚ªg”ü—FhMatt‚Æ•s˜V•s€‚ğ–Úw‚µ‚ÄuH‚×‚éƒGƒƒ‰ƒ‹ƒhv’T‚µ‚ÖI‹{ŠÚ—Á‘¾‚ÍŠwZ‹‹H‚ÌƒXƒyƒVƒƒƒŠƒXƒg‚É’íq“ü‚èw‚»‚êƒXƒmx,https://news.yahoo.co.jp/articles/0e7d6fad152b1a9f4898233ff813db0e2fd9e8ee,10/6(‹à) 17:00
tvlife,TV LIFE web,LIL LEAGUE‚Ì‰Š¥”Ô‘g‚ª“y—j[–é‚É‚¨ˆø‰z‚µIKID PHENOMENON‚ç“¯¢‘ãƒ{[ƒCƒYƒOƒ‹[ƒv4‘g‚É‚æ‚éƒoƒgƒ‹•ƒTƒoƒCƒoƒ‹”Ô‘g‚ÉƒŠƒjƒ…[ƒAƒ‹wƒ”ƒBƒNƒgƒŠ[ƒOIx,https://news.yahoo.co.jp/articles/638924a7fe2090a5f6f523287473680ce40d69b7,10/6(‹à) 15:01
tvlife,TV LIFE web,ÂŒ´—Áq•RèˆçO˜YWå‰‰wƒnƒCƒGƒixƒƒCƒ“ƒrƒWƒ…ƒAƒ‹Š®¬Iå‘è‰Ì‚ÍDa-iCE‚ÌV‹ÈuƒiƒCƒ‚ƒmƒlƒ_ƒŠv,https://news.yahoo.co.jp/articles/d485e56fa9fe0c6bc5cc8d7b5e203c77822f7340,10/6(‹à) 12:06
tvlife,TV LIFE web,…ì‚ ‚³‚İu—éq‚Í‰½‚©‚ğŒˆˆÓ‚·‚é‚Æ‚«‚âAˆê•à“¥‚İo‚·‚Æ‚«‚Éƒcƒ„‚ÌŒ¾—t‚ğ‘Ò‚Á‚Ä‚¢‚é‹C‚ª‚µ‚Ü‚·vwƒuƒMƒEƒMx,https://news.yahoo.co.jp/articles/e621cda174f19f9c2bed6ea4d522737cd0cf3e64,10/6(‹à) 8:20
tvlife,TV LIFE web,wHÊ‚Ì‰¤‘x3T˜A‘±u•ú‘—1000‰ñ’¼‘OSPv’é‘ƒzƒeƒ‹•“Œ‹˜ğŠÚ‚Ì˜V•ÜƒtƒŒƒ“ƒ`uƒvƒ‹ƒjƒGv‚ğ•‘‘ä‚ÉgHŞ•¨Œêh‚É”—‚é,https://news.yahoo.co.jp/articles/69e46d00d01793f7e16c3ab7ea91479f68056eaa,10/6(‹à) 8:01
tvlife,TV LIFE web,‹ß“¡tØ‚ªwZIP!xH‚Ì‹à—jƒp[ƒ\ƒiƒŠƒeƒB[‚ÉA”CI…–m–ƒ”üƒAƒi‚ÆwƒXƒbƒLƒŠxˆÈ—ˆ‚ÌÄƒ^ƒbƒOuˆê‚É’©‚²”Ñ‚ğH‚×‚½‚¢v,https://news.yahoo.co.jp/articles/e7e85ccfffeba52a8a90affe5922efa24246e59d,10/6(‹à) 8:00
tvlife,TV LIFE web,wMUSIC FAIRxƒfƒBƒYƒj[100ü”NSPI‹–{‘å‰äA‘åŒ´ŸNqADa-iCE‘å–ì—Y‘å•‰Ô‘º‘z‘¾AÎ‹´—zÊAŠC•ó’¼l•–]ŠC•—“l‚ª–¼‹È‚ğ”M¥,https://news.yahoo.co.jp/articles/94b644522eb57bfe59ae4e92d53ff8befe382143,10/6(‹à) 7:31
tvlife,TV LIFE web,w‘’‘—‚ÌƒtƒŠ[ƒŒƒ“x‰ª–{M•FƒCƒ“ƒ^ƒrƒ…[uƒtƒŠ[ƒŒƒ“‚Ì–¼‘O‚ğŒÄ‚Ô‚Æ‚«‚Í‘S‚Ä‚Ìœˆ¤‚ğ‚ß‚é‚æ‚¤‚É‚µ‚Ä‚¢‚Ü‚·v,https://news.yahoo.co.jp/articles/25515f2166517c2f2ec128289d8287bf7bd6ea6e,10/6(‹à) 7:11
tvlife,TV LIFE web,y#¡{ƒRƒŒƒNƒVƒ‡ƒ“zoŒû‰ÄŠóA“²‚ê‚Ìì•iwƒAƒIƒnƒ‰ƒCƒhx‚Å‘o—t–ğ‚ÉIu‚¤‚ê‚µ‚·‚¬‚ÄAv‚í‚¸‹©‚ñ‚Å‚µ‚Ü‚¢‚Ü‚µ‚½iÎjv,https://news.yahoo.co.jp/articles/5c4a73d1d6ddbe9e6fdaa29113a4cdb0a647ccd4,10/6(‹à) 7:11
tvlife,TV LIFE web,wƒI[ƒhƒŠ[‚Ì^À‚ÌƒNƒ`xOl˜YE¬‹{•‘ºdˆÇ“Ş‚Ìg’p‚¸‚©‚µ‚¢‰ß‹h‚ğ’m‚él•¨‚ªWŒ‹@’N‚È‚Ì‚©“–‚Ä‚é‚Ü‚Å–\˜I˜A”­,https://news.yahoo.co.jp/articles/7562fac8fb8cb60c1a126eed7f1ee981afbabe26,10/6(‹à) 7:02
tvlife,TV LIFE web,wƒIƒIƒJƒ~­”NEƒnƒ}ƒ_‰Ì—wÕxƒfƒBƒYƒj[ƒ\ƒ“ƒOSP@ƒAƒŠƒGƒ‹‘Öº—DE–LŒ´]—‰À‚ªƒoƒ‰ƒGƒeƒB”Ô‘g‚Å‰‰Ì¥I“y‰®ƒAƒ“ƒi‚à‰Qí,https://news.yahoo.co.jp/articles/828b9e31e3a2c073736d1a7cb1612936f76de64f,10/6(‹à) 7:02
tvlife,TV LIFE web,TOKIO‚ÌV”Ô‘gwƒgƒLƒ^ƒrx10E7ƒXƒ^[ƒg gƒgƒLƒJƒPh‚ÌˆÔˆÀ—·sŠé‰æ‚ªƒŒƒMƒ…ƒ‰[‰»@‰‰ñ‚Í–{‹C‚Ål¶ƒQ[ƒ€yƒRƒƒ“ƒg‚ ‚èz,https://news.yahoo.co.jp/articles/aae30c6727a4ce25ba205e07f48da794cab3a643,10/6(‹à) 7:01
tvlife,TV LIFE web,w‚¤‚¿‚Ì•ÙŒìm‚Íè‚ª‚©‚©‚éx—•‚É‚¢‚È‚ª‘ä–{ƒCƒ‰ƒXƒg‚ğ•`‚«‰º‚ë‚µ@Œ€”º‚ÍìˆäŒ›Ÿ•fox capture plan‚ª‹¤ì,https://news.yahoo.co.jp/articles/5e7e4d027299b837d2d124d21ff661f1eae621b8,10/6(‹à) 6:10
tvlife,TV LIFE web,“úŒü˜j‚ªw‚¤‚¿‚Ì•ÙŒìm‚Íè‚ª‚©‚©‚éxƒXƒsƒ“ƒIƒtw#0x‚Éå‰‰uâ–­‚Èƒoƒ‰ƒ“ƒX‚Ì‰ï˜bŒ€‚ğŠy‚µ‚ñ‚Å‚¢‚½‚¾‚¯‚½‚çv,https://news.yahoo.co.jp/articles/b3a2102015ccf3049ac10eb8fcce5a38ada3b825,10/6(‹à) 6:03
tvlife,TV LIFE web,LOVE²X–Ø•‘‚ª‘å˜a“Ş‰›‚Ì—ö‚Ìƒ‰ƒCƒoƒ‹–ğ‚ÅwMaybe —ö‚ª’®‚±‚¦‚éx‚Éo‰‰Œˆ’èIXì’q”V‚ÍZ’·A•‘ò‚Æ‚à‚æ‚Íut–ğ‚Å“oê,https://news.yahoo.co.jp/articles/db382fdcc22755b8dc3915ed7009091f3c2519d4,10/6(‹à) 6:01
tvlife,TV LIFE web,wƒAƒiƒU[ƒXƒJƒCx¡“cki•VMCE”ª–Øä»‰Âq‚ª©‘R‘Ì‚ÈÎŠçŒ©‚¹‚éVƒL[ƒrƒWƒ…ƒAƒ‹ŒöŠJI˜gˆÚ“®‰‰ñ‚Í‘OMC‚Ì’†ğ‚ ‚â‚İSP,https://news.yahoo.co.jp/articles/dd00167dccca03bec74652e8ad0691f0de2a9443,10/6(‹à) 6:01
tvlife,TV LIFE web,“n•ÓŒªAõ’J«‘¾‚çg’Ódh‚Ìl¶‚É‰e‹¿‚ğ—^‚¦‚éƒLƒƒƒXƒgw‚ª”­•\Iå‰‰E‰¡•l—¬¯‚Íu‘z‘œ‚ğ”ò‚Ñ‰z‚¦‚éì•i‚ğv‚ÆƒAƒs[ƒ‹w‚×‚ç‚Ú‚¤`’Ód‰h‰Ø”T–²”¶`x,https://news.yahoo.co.jp/articles/9e07a9d460c2375440de81176538e8bd58e97e2a,10/6(‹à) 5:40
tvlife,TV LIFE web,”Ñâ‰·ò‚Ì‹‡’n‚ğx‚¦‚½u‰·ò‚Ş‚·‚ßvƒtƒ@ƒ“‚Ìs“®—Í - ‰·ò’n‚ÆƒLƒƒƒ‰ƒNƒ^[ƒRƒ“ƒeƒ“ƒc‚ÌŒ‹‚Ñ‚Â‚«yƒCƒ“ƒ^ƒrƒ…[z,https://news.yahoo.co.jp/articles/4c3fb0c5168de49ff4af63db7be23b17cc91e6dd,10/5(–Ø) 19:35
tvlife,TV LIFE web,”g—Ú‚ªwƒxƒXƒRƒ“ƒOƒ‹ƒx‚É‰QíIì“‡–¾•‹ß“¡tØ‚Æ’¬’†‰Ø‚Ìl‹C“X‚ğ–Úw‚µ‘S—ÍƒEƒI[ƒLƒ“ƒO,https://news.yahoo.co.jp/articles/14bcd4a5b93daf8a0f0edbb853161d42849f0029,10/5(–Ø) 19:29
tvlife,TV LIFE web,¬“cºŸuŠF‚³‚ñ‚ğâ‘Î‚ÉK‚¹‚É‚µ‚Ü‚·v‚Æ—Í‹­‚­éŒ¾I¬“c¤–‚ÌĞ–¼•ÏX‚ÆRockon Social Club‚ÌVì•ƒcƒA[‚à”­•\yƒ‰ƒCƒuƒŒƒ|[ƒgz,https://news.yahoo.co.jp/articles/974553565e41c4d3abe24d989bd7479a8d352947,10/5(–Ø) 18:20
tvlife,TV LIFE web,¼‰ª¹G‚ªSnow Mano‰‰‚ğ”M–]!? ˆÉ–ì”öŒd‚Íuo‚ç‚ê‚é‚©‚Ç‚¤‚©‘Š“–ƒhƒLƒhƒL‚µ‚Ü‚µ‚½vw‰Æ­•v‚Ìƒ~ƒ^ƒ]ƒmx‹LÒ‰ïŒ©,https://news.yahoo.co.jp/articles/38c32a7a39d87b7c31f0435d62bd124265f2f87f,10/5(–Ø) 16:37
tvlife,TV LIFE web,‘ê‘òƒJƒŒƒ“•’·’Jì”E‚ª‡~A[àV’CÆ‚ç‚Ìg—\‘ª•s‰Â”\‚È‰^ƒQ[h‚Ö‚Ì’§í‚ğŒ©ç‚éw‚æ‚¤‚±‚»‰^ƒ_[ƒ‰ƒ“ƒhx,https://news.yahoo.co.jp/articles/8db953c1d937f29ddc7e35efc60bf5107f43b672,10/5(–Ø) 15:44
tvlife,TV LIFE web,R‰º’q‹v‚ªƒtƒ‰ƒ“ƒX‘ågŒö“@‚Åw_‚Ì´/Drops of Godx‚Ö‚Ìv‚¢‚ğŒê‚é@g–¼—_ƒ}ƒXƒ^[ƒ\ƒ€ƒŠƒGh‚ÌÌ†‚àuƒtƒ‰ƒ“ƒX‚Æ“ú–{‚Ì‰Ë‚¯‹´‚É‚È‚ê‚é‚æ‚¤‚És“®AŠˆ“®‚ğ‚µ‚Ä‚¢‚¯‚½‚çv,https://news.yahoo.co.jp/articles/7fb1b540dfacea0ec03985fe466e6e9154cd9eb8,10/5(–Ø) 12:20
tvlife,TV LIFE web,FANTASTICS”ª–Ø—Eª‚ªAÂŒ´—Áq~RèˆçO˜YwƒnƒCƒGƒix‚ÅƒeƒŒƒr“Œ‹ƒhƒ‰ƒ}‰o‰‰uVl•ÙŒìmE’JŒ´÷AŠæ’£‚è‚Ü‚·Iv,https://news.yahoo.co.jp/articles/4d978ee64fe448ecb20217a070edb5f065d7a23f,10/5(–Ø) 6:04
tvlife,TV LIFE web,w‚ ‚´‚Æ‚­‚Ä‰½‚ªˆ«‚¢‚ÌHxVMC‘Ì§‚Å‚Ì‰û˜^‚É’§‚ñ‚¾R—¢—º‘¾•—é–Øˆ¤—‚ÌƒRƒƒ“ƒg“’…uˆÀS‚µ‚ÄA¡‚Ü‚Å’Ê‚èŠy‚µ‚İ‚ÉŒ©‚É—ˆ‚Ä‚­‚¾‚³‚¢v,https://news.yahoo.co.jp/articles/64093e1dedde1811febe43a22dd39794fb15096f,10/5(–Ø) 6:03
tvlife,TV LIFE web,wƒZƒNƒV[“c’†‚³‚ñx‚É‚‹´ƒƒAƒŠ[ƒWƒ…ƒ“A¶‹î—¢“ŞA‚È‚¦‚È‚ÌA‰~ˆä‚í‚ñAâƒmãˆ©‚ªo‰‰Œˆ’èyƒRƒƒ“ƒg‚ ‚èz,https://news.yahoo.co.jp/articles/69c9d6d4a38a9b26fb7a330eef2af749404c1b9a,10/5(–Ø) 6:01
tvlife,TV LIFE web,”’’¹‹Ê‹GA•ì‘z–îA“c•Ó“qAòàV—SŠó‚ªw‚¢‚¿‚Î‚ñ‚·‚«‚È‰Ôxo‰‰Œˆ’èyƒRƒƒ“ƒg‚ ‚èz,https://news.yahoo.co.jp/articles/47aa40919f7e65ded0fc1c5c84ed6e9faea9afdf,10/5(–Ø) 5:30
tvlife,TV LIFE web,’†‹³L‚ª¡”N‚àwƒvƒ–ì‹…ƒhƒ‰ƒtƒg‰ï‹cx‚ÉQíu‘Iè‚½‚¿‚ÌŒ»İ‚ğ–Ú‚ÉÄ‚«•t‚¯‚Ä‚¢‚½‚¾‚«‚½‚¢v,https://news.yahoo.co.jp/articles/7aeea3faee892080c9b241aac5b0215a028081cd,10/5(–Ø) 5:00
tvlife,TV LIFE web,¼”C’J—RÀ‚Ì–¼‹È~¬à‰Æ~ƒgƒbƒvƒNƒŠƒGƒCƒ^[wƒ†[ƒ~ƒ“ƒXƒg[ƒŠ[ƒYx24”N3Œ•ú‘—@‰Ä”¿A–ƒ¶‹v”üqA‹{í•‚ ‚¨‚¢‚ªo‰‰‚·‚é3‚Â‚Ì’Z•Òƒhƒ‰ƒ},https://news.yahoo.co.jp/articles/f7d0dcde355ab868fa2072e3d9a87fd6de973e31,10/5(–Ø) 4:00
tvlife,TV LIFE web,ƒVƒ\ƒ“ƒk’·’Jì”E•‚È‚É‚í’jq“¡Œ´äˆê˜Y‚ªuƒcƒbƒRƒ~v‚ğ“O’ê‰ğ–UIácŠÔ—®I•Špa‘¾˜Y‚Í–ŸË‚É’§‚Şw‚é‚Ä‚ñ‚Ì‚ñ‚Ä‚éxuÎƒfƒBƒOv,https://news.yahoo.co.jp/articles/b98722e0422f86140bc1ce266dd3d24051785a76,10/5(–Ø) 0:10
tvlife,TV LIFE web,‘n—§20ü”NuLDH JAPANv‚ğ•‘‘ä‚Éuˆê”Êl‚Ì•ÇvŠJÃIMAKIDAIA²“¡‘å÷‚çLDHƒƒ“ƒo[‚àQíw—L‹g‚Ì•Çx,https://news.yahoo.co.jp/articles/9f8c63eb81f3f51d4cff5532386611d7bbcfec18,10/4(…) 21:01
tvlife,TV LIFE web,TVƒAƒjƒw•Ïl‚ÌƒTƒ‰ƒ_ƒ{ƒEƒ‹xTBS‚Ù‚©‚É‚Ä2024”N•ú‘—Œˆ’èIƒeƒBƒU[ƒrƒWƒ…ƒAƒ‹•ƒXƒ^ƒbƒtî•ñŒöŠJ,https://news.yahoo.co.jp/articles/343c35f9e9da8edbc10aaf6d5f6033df92a5fcaa,10/4(…) 19:50
tvlife,TV LIFE web,˜aŸ†‚ ‚¸–¢‚ªŒê‚éwƒVƒƒƒ“ƒOƒŠƒ‰Eƒtƒƒ“ƒeƒBƒAxƒqƒƒCƒ“EƒTƒCƒK-0^Ö‰ê —æ‚Ì–£—Íu‚©‚í‚¢‚»‚¤‚Å‚©‚í‚¢‚¢ƒqƒƒCƒ“‚È‚Ì‚©‚È‚Æv‚¢‚Ü‚µ‚½v,https://news.yahoo.co.jp/articles/fa7393ffadec6a25bd5cec0f77ed184ff6cad9d7,10/4(…) 17:30
tvlife,TV LIFE web,w‚³‚ñ‚Ü‚Ì‚Ü‚ñ‚ÜHSPxƒgƒ€Eƒz[ƒoƒXHCAƒoƒXƒPƒbƒgƒ{[ƒ‹’jq“ú–{‘ã•\ƒ`[ƒ€‚ª‰o‰‰u‚³‚ñ‚Ü‚³‚ñ‚Í‚·‚²‚¢‚Å‚·v,https://news.yahoo.co.jp/articles/35ab03596eacd2b726b3c2de439c0aa317865b2b,10/4(…) 8:02
tvlife,TV LIFE web,ƒ`ƒ‡ƒRƒvƒ‰A‚³‚ç‚ÎÂt‚ÌŒõ‚ç‚ªg•Ç‚Ì¹’nh”MŠC‚ğ•‘‘ä‚É‚¨‚à‚µ‚ëƒlƒ^‚ğ”â˜II¤“XŠX‚Å‚Í•ÇŒ|llˆÄ‚ÌVƒ}ƒXƒRƒbƒg‚ª”š’aw—L‹g‚Ì•Çx2ŠÔSP,https://news.yahoo.co.jp/articles/719908fd7c79c79d1751104195fad3ea7ccc7905,10/4(…) 6:02
tvlife,TV LIFE web,ÄçƒRƒE‚ª¬òF‘¾˜Y•ƒ€ƒƒcƒˆƒV‚ÌƒAƒƒŠƒJ2l—·‚ÉƒTƒvƒ‰ƒCƒY“oêw¬òF‘¾˜Y•ƒ€ƒƒcƒˆƒV ©—R‹C‚Ü‚Ü‚É2l—·x,https://news.yahoo.co.jp/articles/5e94cfc97a7c3c01912ce4fa74b1027a9408a395,10/4(…) 5:30
tvlife,TV LIFE web,‰z–•L“cƒŒƒIƒi‚Ì’·—Eç–ë‚ªwŒN‚ª€‚Ê‚Ü‚Å‚ ‚Æ100“úx‚Åƒhƒ‰ƒ}ƒfƒrƒ…[u‘z‘œ‚ÌÎ‚ßã‚ğs‚­‰“oêƒV[ƒ“‚Í•KŒ©‚Å‚·iÎjv,https://news.yahoo.co.jp/articles/da2f823f74f6817ce5818adeaf4ccc2afadb7b35,10/4(…) 5:00
tvlife,TV LIFE web,yBiS˜AÚƒRƒ‰ƒ€zƒqƒ…[ƒK[g–ü‚µ‚Æ‚Ù‚Ì‚Ú‚Ì‚ª‚½‚­‚³‚ñ‹l‚Ü‚Á‚Ä‚¢‚éì•ihwƒ`ƒLƒbƒvƒ_ƒ“ƒT[ƒYx,https://news.yahoo.co.jp/articles/e8ab5f351f9a178720d80566ee893f8129f4afec,10/3(‰Î) 20:20
tvlife,TV LIFE web,w„‚µ‚ªãi‚É‚È‚è‚Ü‚µ‚Äx‰‰ñ•ú‘—’¼‘O‚Éå‰‰E—é–Øˆ¤—‚ÌƒCƒ“ƒXƒ^ƒ‰ƒCƒu‚ªŒˆ’èIƒhƒ‰ƒ}–{•ÒƒQƒXƒg‚à‰ğ‹Ö,https://news.yahoo.co.jp/articles/6ba440cb0656b0f9277b895ca71cdd73c0f985b1,10/3(‰Î) 19:00
tvlife,TV LIFE web,P¼—S—¢ARŒûÑ–í‰ÁA•Ğ‹Ë‚Í‚¢‚èA¬ò‚à‚¦‚±AˆÉ“¡–œ—‰ØA‚‰ª‘‹I‚ªwƒ~ƒ‚³‚ñ‚È‚è‚·‚Ü‚·xo‰‰Œˆ’è,https://news.yahoo.co.jp/articles/c63c0f6e5aad2a1c9a0a96faff82b3d6813ba173,10/3(‰Î) 12:13
tvlife,TV LIFE web,d·‚³‚Æ”ü‚ªw‚­‚·‚Ô‚è—‚Æ‚·‚ñ~‚ß—xEDƒe[ƒ}•‘}“ü‰Ì‚ğ’S“–u‚»‚ê‚¼‚êˆá‚¤¶‚«•û‹P‚«•û‚ğŠy‹È‚Å‚à“`‚¦‚ç‚ê‚½‚çv,https://news.yahoo.co.jp/articles/f2ca68fafb9a56a254235a0a160a6f2e609aa9e9,10/3(‰Î) 12:09
tvlife,TV LIFE web,Î‚¢”ÑE¼“cAR“¡–{Aƒ‰ƒ‰ƒ“ƒhEƒT[ƒ„‚ç‚ªgƒOƒ‰ƒ“ƒhÀ‰¤h‚ğ–Úw‚·wçŒ´ƒWƒ…ƒjƒA‚ÌÀ‰¤ ƒ`ƒƒƒ“ƒsƒIƒ“‘å‰ïx,https://news.yahoo.co.jp/articles/112cb38a705a90eb966cff10f825ddd0b6de4648,10/3(‰Î) 12:08
tvlife,TV LIFE web,‚ ‚Ì‚ªƒNƒŠƒGƒCƒ^[‚Æèì‚è‚Ì‘¡‚è•¨‚ğ»ìw‚ ‚Ì‚¿‚á‚ñ‚Ì‚³‚³‚â‚©‚È‹C‚¿‚Å‚·‚ªcx11E26ƒXƒ^[ƒgyƒRƒƒ“ƒg‚ ‚èz,https://news.yahoo.co.jp/articles/731668d189af6021632363330274af0ef0cc43b4,10/3(‰Î) 7:01
tvlife,TV LIFE web,ˆ¤•QŒ§‚ÌuƒGƒLƒTƒCƒgƒX[ƒp[“c’†v‚ğÄ–KIV‚½‚ÈƒIƒ‚ƒEƒ}‚¢“X‚Ì–@‘¥u‚¨q—lƒ‰ƒ“ƒ`‚ª‚¨‚¢‚µ‚¢“X‚ÍƒIƒ‚ƒEƒ}‚¢Hv‚à’²¸wƒIƒ‚ƒEƒ}‚¢“Xx2ŠÔSP,https://news.yahoo.co.jp/articles/80b7bfe3ce7cb9113471ecc2bd46a03743c3cb43,10/3(‰Î) 7:00
tvlife,TV LIFE web,Â–Ø”N’jió—˜—z‰îj‚ªw‘Š–_22x‰‰ñSP‚É“oêIgŒ³E“Á–½ŒW‘æO‚Ì’jh‚ª‹TRŒOi›˜eN•¶j‚Æ‰‘Î–Ê,https://news.yahoo.co.jp/articles/13732d149ffbd090ca9586cb995d6c12159b067a,10/3(‰Î) 5:30
tvlife,TV LIFE web,AKB48‚ªuƒAƒCƒhƒ‹‚È‚ñ‚©‚¶‚á‚È‚©‚Á‚½‚çvANMB48‚ÍuƒTƒCƒR[Iv‚ğƒpƒtƒH[ƒ}ƒ“ƒXIwCDTVƒ‰ƒCƒuIƒ‰ƒCƒuIx3ŠÔ”¼SP,https://news.yahoo.co.jp/articles/aa3eb7248c1ecb30bbcb4a63f32c8e9086527202,10/2(Œ) 19:00
tvlife,TV LIFE web,Rockon Social ClubE¬“cºŸ‚ÌŠ¥”Ô‘g‚ªƒjƒbƒ|ƒ“•ú‘—‚ÅƒXƒ^[ƒgIƒoƒ“ƒh‚Ìƒƒ“ƒo[‚à‘±X“oê—\’è,https://news.yahoo.co.jp/articles/c911aea4372794edb469cbfd2232f9cff1902986,10/2(Œ) 18:00
tvlife,TV LIFE web,‰ª“c«¶‚ª‹ğ‰®‚Å‚ÌƒAƒ‹ƒoƒCƒgŒoŒ±‚ğŒê‚é@’†‹³L‚ÌƒoƒCƒg‹‹‚É‹Á‚«‚Ìº‚àwƒUI¢ŠE‹Â“Vƒjƒ…[ƒXx,https://news.yahoo.co.jp/articles/1ff2592598aef074bdc65fd8ff2fce2e02325183,10/2(Œ) 15:07
tvlife,TV LIFE web,“à‘ºŒõ—ÇA“ìŒ´´—²Aoì“N˜N‚ç“¯‹‰¶‚Ìgƒ`ƒƒƒ“h3l‚ªT‘Ö‚í‚è‚Åo‰‰IV”Ô‘gwƒ`ƒƒƒ“ƒnƒEƒXx10E7ƒXƒ^[ƒg,https://news.yahoo.co.jp/articles/0e60fb8b0f7929dfbc9e2f990d7371b22b869c60,10/2(Œ) 15:06
tvlife,TV LIFE web,‚È‚·‚È‚©‚É‚µAƒ‚ƒOƒ‰ƒCƒ_[AƒAƒ‹ƒR•ƒs[ƒXAƒƒ“ƒOƒR[ƒgƒ_ƒfƒBA’j«ƒuƒ‰ƒ“ƒR‚ªwƒ‰ƒ”ƒBƒbƒgIxVƒŒƒMƒ…ƒ‰[‚ÉyƒRƒƒ“ƒg‚ ‚èz,https://news.yahoo.co.jp/articles/be43f694d132bc773e4a0dbda50a75a26daf3503,10/2(Œ) 12:40
tvlife,TV LIFE web,NHK‚ÌƒQ[ƒ€‹³—{”Ô‘gwƒQ[ƒ€ƒQƒmƒ€ Season2x§ìŒˆ’è@O‰Y‘å’mMC‚ÅVì10–{‚ğ•ú‘—@Season1Œ†ì‰ñ‚ÌÄ•ú‘—‚àyƒRƒƒ“ƒg‚ ‚èz,https://news.yahoo.co.jp/articles/ba65ebbb3b25cedda3b73a811834590538afeacb,10/2(Œ) 12:07
tvlife,TV LIFE web,ŠX‚Ìl‚É•·‚¢‚½u‘å’JãÄ•½‘Iè‚Ì–¼Œ¾v’¿‰ñ“š‚É‘ºãMŒÜ•ƒ}ƒcƒR”šÎwŒ—j‚©‚ç–é‚Ó‚©‚µx,https://news.yahoo.co.jp/articles/4931885ef99fb57c72a1576ea8a12100a82860f0,10/2(Œ) 8:00
tvlife,TV LIFE web,wƒlƒvƒŠ[ƒOSPxŒüˆä—•ã”’Î–G‰Ì‚çwƒpƒŠƒsE–¾x‚ÆTravis Japan‚ªUSJƒNƒCƒY‚Å‘ÎŒˆIƒGƒ‹ƒ‚•ƒNƒbƒLƒ‚ƒ“ƒXƒ^[‚à“oê,https://news.yahoo.co.jp/articles/accfb1d8f52493ad95d89d945311141fae965bed,10/2(Œ) 7:01
tvlife,TV LIFE web,˜a‹E…“cM“ñA‹Ê–ØG‚Æg…‹Ê–ØhƒRƒ“ƒrÄŒ‹¬‚Åu–lˆÈŠO‚ÉƒcƒbƒR‚Ü‚ñ‚Æ‚¢‚Ä‚­‚¾‚³‚¢‚æIvw‹A‚êƒ}ƒ“ƒf[Œ©‚Á‚¯‘à!!x,https://news.yahoo.co.jp/articles/5f2a29408962f7f0c9a3012f600a21eed025b999,10/2(Œ) 6:35
tvlife,TV LIFE web,wŒN‚ª€‚Ê‚Ü‚Å‚ ‚Æ100“úxƒƒCƒ“ƒrƒWƒ…ƒAƒ‹‰ğ‹ÖIîà‹´—D“lA–L“ˆ‰ÔAˆäã‹H‚ÌƒNƒ‰ƒ“ƒNƒCƒ“ƒRƒƒ“ƒg‚à“’…,https://news.yahoo.co.jp/articles/aa9269f1534b1e9cb586283f89a4e407197ee73e,10/2(Œ) 6:01
tvlife,TV LIFE web,Î“c‚ä‚èqA‹g£”ü’qq‚ª•½”ö½“ñi–{–Ø‰ëOjAR’†L–íi‘ê“¡Œ«ˆêj‚ÌÈ–ğ‚Åƒhƒ‰ƒ}ƒXƒyƒVƒƒƒ‹w—Fîx‚Éo‰‰yƒRƒƒ“ƒg‚ ‚èz,https://news.yahoo.co.jp/articles/63632d7f03bb20d248050bd2bf51724b5b90202d,10/2(Œ) 6:00
tvlife,TV LIFE web,R”V“à‚·‚¸‚ªw‰½—j“ú‚É¶‚Ü‚ê‚½‚Ìx‚ÉƒTƒvƒ‰ƒCƒY“oê@ƒIƒŒƒ“ƒW”¯‚ÅŒö•¶ia’[~•½j‚ğP‚¤”M‹¶“Iƒtƒ@ƒ“‚ğ‰ö‰‰,https://news.yahoo.co.jp/articles/155118288ec02e2f86ff2dbdeb5a563f10d58ebb,10/1(“ú) 23:00
tvlife,TV LIFE web,ƒoƒXƒP“ú–{‘ã•\E“nç²—Y‘¾‚ªw‚Ü‚Â‚àto‚È‚©‚¢x‚Å¼–{lu•’†‹³L‚Æ‰‘Î–ÊuhŒƒ‚ğó‚¯‚½‚©‚Á‚½v,https://news.yahoo.co.jp/articles/ae1ea647949f9b8dc258304270a51228d1e63608,10/1(“ú) 22:00
tvlife,TV LIFE web,King & Prince‚ÌV‹Èuˆ¤‚µ¶‚«‚é‚±‚Æv‚ª‰f‰æu–@’ì—V‹Yvå‘è‰Ì‚ÉŒˆ’èI‰i£—õ•îà‹´ŠCl‚ÌƒRƒƒ“ƒg“’…,https://news.yahoo.co.jp/articles/106d66cb030c09f9747a368bdb7242a053356985,10/1(“ú) 20:03
tvlife,TV LIFE web,‹gàV‰Ã‘ãq‚ªƒhƒ‰ƒ}‰o‰‰w‚ğ‚©‚¯‚é‚ÈA—öl‚½‚¿x‘æ1`3˜b‚ÌƒQƒXƒg‰ğ‹Ö@å‘è‰Ì‚ÍChilli Beans.AOP‹È‚ÍPEOPLE 1yƒRƒƒ“ƒg‚ ‚èz,https://news.yahoo.co.jp/articles/486e3eb3d2a41a9fe55afb0741da48195100e259,10/1(“ú) 17:01
tvlife,TV LIFE web,wƒŠƒ“ƒJ[ƒ“xŒãŒp”Ô‘gwƒWƒ‡ƒ“ƒ\ƒ“x‰‰ñ2ŠÔSP‚Å10E23n“®@‚©‚Ü‚¢‚½‚¿Aƒ‚ƒOƒ‰ƒCƒ_[AŒ©æ‚è}Aƒjƒ…[ƒˆ[ƒN‚ªˆÓ‹C‚İ,https://news.yahoo.co.jp/articles/5cc373e87cb4be454fa78d0abe81f7e0b5f9f20f,10/1(“ú) 14:30
tvlife,TV LIFE web,‘åò—m~–¾Î‰Æ‚³‚ñ‚Ü‚Ì–kŠC“¹2l—·‚ªŠ®‘S”Å‚Å‘S‘•ú‘—@ƒeƒ“ƒ|ƒCƒ“ƒg‚Ì•æQ‚èA¼Rçt‚Æ‚Ì‘Î–Ê‚à@Œê‚è‚Í‹g“c—r,https://news.yahoo.co.jp/articles/09fea9102fb7ca2288144d1d01bb9001c2f676d8,10/1(“ú) 11:01
tvlife,TV LIFE web,wƒ[ƒ‹ƒhƒJƒbƒvƒoƒŒ[x“ú–{‘ã•\EÎì—SŠóA¼“c—LuAîà‹´—•‚ªwƒTƒUƒG‚³‚ñx‚É“oêuº—D‚³‚ñ‚Ì‚·‚²‚³‚ğÀŠ´‚µ‚Ü‚µ‚½v,https://news.yahoo.co.jp/articles/2fb416151ce220929934ab85317063d01c029552,10/1(“ú) 8:02
tvlife,TV LIFE web,ã“cW–ç•á—Ñ³‹±‚Ì©—R‚·‚¬‚éƒƒP“Á”ÔwB‚ê‚x‘æ4’e@¬ŠwZ‚Å—\‘ª•s”\‚ÌgB‚ê‚h‰Ò‚¬,https://news.yahoo.co.jp/articles/620ba9e61b2f2968e8200844e2040316cd92d9ac,10/1(“ú) 6:02
tvlife,TV LIFE web,Œ³‰w“`ƒ‰ƒ“ƒi[E˜a“c³l‚ªw‘S“ú–{‘åŠw‰w“`x‰‰‡ƒiƒrƒQ[ƒ^[‚ÉA”C@©g‚à¾‘–‚µ‚½gˆÉ¨˜Hh‚ÌŠ´“®“`‚¦‚éyƒRƒƒ“ƒg‚ ‚èz,https://news.yahoo.co.jp/articles/cba3eba341185edfa82cd39710b17511928b510d,10/1(“ú) 6:00
tvlife,TV LIFE web,‰¤—Ñ‚ªuOurin-‰¤—Ñ-v–¼‹`‚Å‰¹ŠyŠˆ“®‚ğƒXƒ^[ƒgu‚±‚Ì2”NŠÔ‚Ìv‚¢‚ğ‰ğ•ú‚³‚¹‚Ä‚¢‚«‚½‚¢vÂX—v‘f‚ª‹l‚Ü‚Á‚½ƒVƒ“ƒOƒ‹‚ğ11ŒƒŠƒŠ[ƒX,https://news.yahoo.co.jp/articles/3debdd7d04303d8b2d832d65df872d567e1d32dd,9/30(“y) 21:14
tvlife,TV LIFE web,‘š~‚è–¾¯E‘e•i‚ª‚¹‚¢‚â‚ÌŒ‹¥‚ğ[Œ@‚èI2l‚«‚è‚Ìƒhƒ‰ƒCƒu‚Ågƒvƒƒ|[ƒYh‚âge‚Ö‚Ì‚ ‚¢‚³‚Âh‚È‚Ç¿–âU‚ßw‘š~‚èƒoƒ‰ƒGƒeƒBXx,https://news.yahoo.co.jp/articles/fd66f5b0b4587279a60e1fc0df07bde8004a2379,9/30(“y) 20:50
tvlife,TV LIFE web,™–{´ƒAƒi‚ªwƒEƒ}–ºxƒLƒ^ƒTƒ“ƒuƒ‰ƒbƒN–ğE–î–ì”ÜØŠìAƒTƒgƒmƒ_ƒCƒ„ƒ‚ƒ“ƒh–ğE—§‰Ô“úØ‚Æ‘Î’k,https://news.yahoo.co.jp/articles/323e1409b7c661bd4773585af2f35354b8186305,9/30(“y) 20:04
tvlife,TV LIFE web,ìŠÔ—´“lA21Î’a¶“úƒTƒvƒ‰ƒCƒY‚ÉƒhƒLƒhƒLu‰´A‰½‚ğƒ~ƒX‚Á‚½‚ñ‚¾‚ë‚¤‚Á‚ÄiÎjv¬’r‰hq‚ç‚ªBDƒ\ƒ“ƒO‘å‡¥‚Åj•Ÿ,https://news.yahoo.co.jp/articles/1c7692f60930c7849e7e38c989486918e7c228b4,9/30(“y) 18:03
tvlife,TV LIFE web,Îì‰Àƒ•‚â‚·q‚ªw‚³‚ñ‚Ü‚Ì‚Ü‚ñ‚ÜHSPx‚É“oê g—D‚µ‚¢‚³‚ñ‚Üh‚É‚â‚·qƒrƒbƒNƒŠuV‘N‚Å‹Md‚Å‚µ‚½v,https://news.yahoo.co.jp/articles/ff722e5ac2579769b54d33b251a586921d52884b,9/30(“y) 18:01
tvlife,TV LIFE web,—L‹gOsA[–é‚É–ß‚Á‚½w—L‹gƒNƒCƒYx‚ÅƒJƒIƒX‚ÈVŠé‰æ‚É‘å‹»•±u—ğj‚Éc‚é2023“`à‚Ì‰ñIv•gq”\û‚Æ‚Ì”¼”N‚Ô‚èÄ‰ï‚à,https://news.yahoo.co.jp/articles/d6bccbde2fa652e2ccddeb2aa961874489115ef1,9/30(“y) 18:00
tvlife,TV LIFE web,ŒIRç–¾AíÉr‘¾˜YA”nê‚Ó‚İ‚©‚ª—‚İ‡‚¤ƒƒCƒ“ƒrƒWƒ…ƒAƒ‹Š®¬w‚¯‚Ş‚½‚¢o‚Æ‚¸‚é‚¢–…xOPƒe[ƒ}‚Í‘å’Ëˆ¤AEDƒe[ƒ}‚ÍƒtƒŒƒ“ƒY,https://news.yahoo.co.jp/articles/260fb117a90c7f1c2efa35dcf4d5fe2ec732c020,9/30(“y) 15:00
tvlife,TV LIFE web,g©“]Ô‚Éæ‚ê‚È‚¢h¶Œ©ˆ¤—Ú‚ªuƒ`ƒƒƒŠ’ÊƒWƒƒ[ƒj[v‚ÉŠ´“®u‚·‚Ä‚«‚·‚¬‚Äò‰»‚³‚ê‚Ü‚µ‚½Ivw’´–³“GƒNƒ‰ƒXx,https://news.yahoo.co.jp/articles/7eb4f34d12352969969ccac10274b635a5730eea,9/30(“y) 14:00
tvlife,TV LIFE web,¼–ì–¢•P•“nç³”ü•ä‚ªa’J‚ÅˆäŒËŒ@‚è‚É’§íITravis Japan‹{‹ßŠC“l•¼“cŒ³‘¾‚ç‚Í‰ó‚ê‚½ˆäŒË‚ÌC•œ‚ÖwƒTƒ“ƒhƒEƒBƒbƒ`ƒ}ƒ“‚Ìa’J‚ÉˆäŒË‚ğŒ@‚éIx,https://news.yahoo.co.jp/articles/add3d974e61feebf4c2aa9e955fc4e81900e6e43,9/30(“y) 12:07
tvlife,TV LIFE web,—é–Ø—º•½••–Ø‰ØAL£ƒAƒŠƒX•“¹}x—CA‚‹´•¶Æ•u‘¸~‚ªwƒI[ƒ‹ƒXƒ^[Š´ÓÕf23Hx‚Éo‰‰Œˆ’è,https://news.yahoo.co.jp/articles/29201f548837a339c5a5ddf8a326fd49470c0452,9/30(“y) 12:02
tvlife,TV LIFE web,‹e’r•—–‚ªƒsƒGƒA’·’Jì”E‚Í‚Ç‚¶‚å‚¤‚·‚­‚¢‚Ìp‚ÉcV”Ô‘gw‰½‚©gƒIƒ‚ƒVƒ‚¢ƒRƒgh‚È‚¢‚ÌHxƒ|ƒXƒ^[ƒrƒWƒ…ƒAƒ‹‰ğ‹Ö,https://news.yahoo.co.jp/articles/24763c7d8147b49b165c92140cec2c2f628d8fd6,9/30(“y) 12:01
tvlife,TV LIFE web,–Ø‘ºƒJƒGƒ‰‚ªw‰¤—l‚Ìƒuƒ‰ƒ“ƒ`xVƒe[ƒ}ƒ\ƒ“ƒOuƒPƒZƒ‰ƒZƒ‰v‚ğ‘‚«‰º‚ë‚µyƒRƒƒ“ƒg‚ ‚èz,https://news.yahoo.co.jp/articles/a079a40ca71c81d76c8f38b0da2646459af7ccba,9/30(“y) 10:00
tvlife,TV LIFE web,—é­‰›m•Cocomi‚ª‰¹Šy”Ô‘gMC‚É‰’§íIrìÃAˆÉW‰@ŒõA‘å‹v•Û‰À‘ãq‚ª–¼‹È‚Ìv‚¢o‚ğŒê‚éw‹³‚¦‚ÄIƒ”ƒBƒ“ƒe[ƒWEƒ\ƒ“ƒOx,https://news.yahoo.co.jp/articles/fe4f08aacbc5a10445006831e1b608e88e50c2ae,9/30(“y) 8:02
tvlife,TV LIFE web,oì“N˜N•“c’†—T“ñ•‰ª‘º—²jwƒXƒ‚[ƒ‹3x1”N9‚©Œ‚Ô‚è•œŠˆ g‹SŠ¢Œ ‘¢hƒr[ƒg‚½‚¯‚µ‚ÌƒTƒvƒ‰ƒCƒY“oê‚É‘åŠ´Œƒ,https://news.yahoo.co.jp/articles/bdb1d655d9141c81469a5eb9924e6ed240c0ff45,9/30(“y) 7:02
tvlife,TV LIFE web,ŸNˆäãÄ‚ª‰H’¹TˆêA‹g‘º’‚Æ‘D”•–Æ‹–æ“¾‚É’§íI‰ª“c«¶•¼â“—›‚ÍH‚×ƒƒO‘S‘1ˆÊ‚Ìƒnƒ“ƒo[ƒK[‚ÉãŒÛwSHOWƒ`ƒƒƒ“ƒlƒ‹x¶•ú‘—2ŠÔSP,https://news.yahoo.co.jp/articles/2fdaa6c37c454e2ccd1db2defc1ba70bc055fe12,9/30(“y) 7:00
tvlife,TV LIFE web,w”m‚¿‚á‚ñSPxˆ°“cˆ¤Ø‚ªg“Áê”\—Í‚ªƒXƒS‚¢ŠÏ—tA•¨h‚É‹Á‚« gƒŒƒgƒ‘K“’h‚Ìƒ}ƒbƒT[ƒWƒ`ƒFƒA‚à‘ÌŒ±,https://news.yahoo.co.jp/articles/92d42ba69107c679eeb394902771457a45245167,9/30(“y) 6:31
tvlife,TV LIFE web,–x“àŒ’‚ªƒAƒhƒŠƒuƒhƒ‰ƒ}‚ÅŠÖƒWƒƒƒj‡‚ğ–|˜M@å‰‰E‹r–{EŠÄ“Â‚ÅgƒzƒŠƒPƒ“ƒ[ƒ‹ƒhh‘SŠJwŠÖƒWƒƒƒj‡‚Ì ‚ ‚Æ‚Í‚²©—R‚Éx,https://news.yahoo.co.jp/articles/3ac2bd593ad96a4561828fb9203deea6b7e07391,9/30(“y) 6:03
tvlife,TV LIFE web,w’Pg‰Ô“úxd‰ª‘å‹Bgwh‚Ì’†Šw‘ã–ğ‚Å“c’‡—z¬‚ªo‰‰u’†Šw¶‚Ì—öˆ¤‚Ìƒsƒ…ƒA‚ÈŠ´‚¶‚ğo‚µ‚Ä‚¢‚¯‚½‚çv,https://news.yahoo.co.jp/articles/7a77d7474b42434d87076084ed593142a991dd84,9/30(“y) 6:03
tvlife,TV LIFE web,Îì‚³‚ä‚è‚ªwƒRƒ^ƒc‚ª‚È‚¢‰Æxå‘è‰Ì‚ğ’S“–I¬’r‰hqu‚±‚ñ‚È‚ÉŒõ‰h‚È‚±‚Æ‚Í‚È‚¢v,https://news.yahoo.co.jp/articles/7dfaa059f76373162d4bd3cd71ef2d2cc5914b22,9/30(“y) 6:02
tvlife,TV LIFE web,wŒ´ä»”TMCwƒ[ƒƒCƒ`xÅI‰ñ@‚³‚ç‚ÎÂt‚ÌŒõ•Îì‚İ‚È‚İƒAƒiA‚È‚·‚È‚©‚É‚µ•¼ŠÛ—ºŒá‚ª‹“@‚Ì‰Æå‚ğ‘{¸,https://news.yahoo.co.jp/articles/5df8884c8473034e545fa53a03e6c8c6f01e05e3,9/29(‹à) 22:59
tvlife,TV LIFE web,wƒuƒ‰ƒ^ƒ‚ƒŠxg‡‘Ì“ssh–k‹ãBs‚Ì’m‚ç‚ê‚´‚é•¨Œê‚É”—‚é@¢ŠEˆâYEŠ¯‰c”ª”¦»ècŠ‚ÌHê‚É‚àö“ü,https://news.yahoo.co.jp/articles/909183361616542f04849630088592b8bde09743,9/29(‹à) 20:04
tvlife,TV LIFE web,¼“‡Gr•“à–ì¹—z‚ªw‰ÆA‚Â‚¢‚Äs‚Á‚ÄƒCƒC‚Å‚·‚©Hx‚ÉƒQƒXƒgo‰‰w‰½H‚×x2ƒVƒ‡ƒbƒg‚ÉMCw‚à‘å‹»•±u‘S‘Rˆá‚¤”Ô‘g‚É‚È‚éIv,https://news.yahoo.co.jp/articles/27fc290eaf90c10e8a1ab9ba40030069f6a0cadd,9/29(‹à) 19:04
tvlife,TV LIFE web,”ƒoƒoƒoƒoƒ“ƒrAƒƒ“ƒo[‘²‹Æ‚Å5l‘Ì§‚É‚È‚Á‚½¡‚ÌS‹«u—‚¿‚Ş‚Æ‚«‚à‚ ‚Á‚½‚¯‚ÇA„‚½‚¿‚ªŠy‚µ‚Ü‚È‚¢‚Æó‚¯“ü‚ê‚Ä‚à‚ç‚¦‚È‚¢vyƒƒWƒƒ[ƒfƒrƒ…[‹L”OƒCƒ“ƒ^ƒrƒ…[z,https://news.yahoo.co.jp/articles/13783443c155815cfbdf3b439716b890dc95266d,9/29(‹à) 17:30
tvlife,TV LIFE web,wMƒXƒe3ŠÔSPxBE:FIRSTESHUNTOu‘S—Í‚ÅŠy‚µ‚ñ‚ÅBE:FIRST‚Ì‰¹Šy‚ğ“Í‚¯‚ç‚ê‚é‚æ‚¤‚ÉŠæ’£‚è‚½‚¢v,https://news.yahoo.co.jp/articles/ebe469326540b351fe6967881d327469d4047f86,9/29(‹à) 17:30
tvlife,TV LIFE web,”T–Øâ46”~àV”ü”g‚ªƒAƒjƒwµ‚Â‚Ì‘åß –Ù¦˜^‚Ìl‹Rmxé“`‘åg‚ÉA”Cuƒtƒ@ƒ“‚Ì1l‚Æ‚µ‚Ä‚Æ‚Ä‚àŒõ‰hv,https://news.yahoo.co.jp/articles/4d663ec40bb4056b902a19b573e49821417930eb,9/29(‹à) 10:01
tvlife,TV LIFE web,"”—“cF–ç‚ªwTHE TIME,x10Œ‚ÌŒ—j“úƒ}ƒ“ƒXƒŠ[ƒŒƒMƒ…ƒ‰[‚ÉuƒnƒŠ[Eƒ|ƒbƒ^[‚Ì‚æ‚¤‚É–‚–@‚ğg‚¢AÎŠç‚ğ‚¨’ƒ‚ÌŠÔ‚É“Í‚¯‚½‚¢v",https://news.yahoo.co.jp/articles/7a4141119689973720079b710eeaaa7bf19ad465,9/29(‹à) 8:01
tvlife,TV LIFE web,NOA‚ªw‚ß‚´‚Ü‚µƒeƒŒƒrx10Œ‚ÌƒGƒ“ƒ^ƒƒvƒŒƒ[ƒ“ƒ^[‚ÉŒˆ’èu’©‚©‚çŠF‚³‚ñ‚Æ‚¨‰ï‚¢‚Å‚«‚é‚Ì‚ªŠy‚µ‚İv,https://news.yahoo.co.jp/articles/91b532119be752fcabd9adff47d06fee0d1423c8,9/29(‹à) 7:11
tvlife,TV LIFE web,‘å˜a“Ş‰›å‰‰wMaybe —ö‚ª’®‚±‚¦‚éxƒL[ƒrƒWƒ…ƒAƒ‹‰ğ‹Ö gƒwƒbƒhƒtƒHƒ“‚Ì’†‚Ì¢ŠEh‚ª3ì˜A‘±‚Å‚æ‚é‚¨‚Ñƒhƒ‰ƒ}å‘è‰Ì‚ğ’S“–,https://news.yahoo.co.jp/articles/3a49cc8a4d476a457d8b1beaf67c06818def02d3,9/29(‹à) 7:03
tvlife,TV LIFE web,wƒMƒtƒeƒbƒh Season1x‘“c‹M‹v••‚Š”ò‹M‚ªŒê‚éÅI‰ñ‚ÌŒ©‚Ç‚±‚ë@”——Í‚ÌƒAƒNƒVƒ‡ƒ“ƒV[ƒ“B‰e”é˜b‚à,https://news.yahoo.co.jp/articles/2e6005d67735f79ad56c5234194ccea99872096c,9/29(‹à) 7:03
tvlife,TV LIFE web,¼–{‚Ü‚è‚©A‹¾‰z‚µ‚Ìg‰ƒ~ƒ^ƒ]ƒmh‚ÉÕŒ‚u‹C•t‚¯‚Î‚»‚Ì‚¨p‚É‚­‚¬•t‚¯‚Å‚µ‚½vw‰Æ­•v‚Ìƒ~ƒ^ƒ]ƒmx‘æ1˜b‚ÉƒQƒXƒgo‰‰,https://news.yahoo.co.jp/articles/780982f54c1b168184d4b35967603767925ccb74,9/29(‹à) 7:01
tvlife,TV LIFE web,w‘’‘—‚ÌƒtƒŠ[ƒŒƒ“xíí•“Ö”üƒCƒ“ƒ^ƒrƒ…[I‰‰ñSP‚Íug3‚Â–Ú‚Ì—·‚Ì–Ú“Ih‚ğŒ©‚¢‚¾‚·ƒV[ƒ“‚É’–Ú‚µ‚Ä‚¢‚½‚¾‚«‚½‚¢‚Å‚·v,https://news.yahoo.co.jp/articles/2e647a1bf0a6bdd843a422d0793f2b13e3ac17a0,9/29(‹à) 7:00
tvlife,TV LIFE web,gƒeƒLƒg[’jh‚“cƒŸ‚Æg‚â‚â‚±‚µ‚¢—‚½‚¿h‡~AXòA•lŒû‹q‚É‚‹´–Î—Y‚àƒ^ƒWƒ^ƒWw‚‹´ƒŸ‚Æ‚â‚â‚±‚µ‚¢—‚½‚¿x,https://news.yahoo.co.jp/articles/ebd0157a03bdd490a72dda9a14e0c93b7fa6ca07,9/29(‹à) 6:31
tvlife,TV LIFE web,w‹àƒ[x¬¼Ø“Ş•âŒûŒ’‘¾˜YWå‰‰‚Ìƒ‰ƒuƒXƒg[ƒŠ[u—]–½10”Nv’nã”g‰•ú‘—@R“c—T‹MA“ŞAKing GnuˆäŒû—‚ç‚ª‹¤‰‰,https://news.yahoo.co.jp/articles/40e86ead9d92ce8af9f0c49718502f16871b07aa,9/29(‹à) 6:05
tvlife,TV LIFE web,w‚¤‚¿‚Ì•ÙŒìm‚Íè‚ª‚©‚©‚éxƒ€ƒƒcƒˆƒVg‘ ‘Oh••½è—F—œ“ŞgˆÇhƒRƒ“ƒr‚Ìê–ÊÊ^‰‰ğ‹Ö,https://news.yahoo.co.jp/articles/648547bc688ffee6b11edc23976d7dc0fdf1a551,9/29(‹à) 6:02
tvlife,TV LIFE web,‰P“c‚ ‚³”ü‚ª¼‰ºŸ©•½‚Ì¥–ñÒ–ğ‚Åw‚¢‚¿‚Î‚ñ‚·‚«‚È‰Ôx‚Éo‰‰Œˆ’èu‘º£‚³‚ñ~¶•û‚³‚ñ‚Ìƒ^ƒbƒO‚É‘ä–{‚ğ“Ç‚Ş‘O‚©‚çƒƒNƒƒNv,https://news.yahoo.co.jp/articles/7dd826a7e0167a4b1a0040dcc5c252525cb15ca1,9/29(‹à) 5:30
tvlife,TV LIFE web,“c’†‘ìuAâã”EA“c’†—T“ñ‚ªw‚Û‚©‚Û‚©x‚Å“ú‘Ö‚í‚è‘ã—MC@ƒnƒ‰ƒCƒ`àV•”—C‚ª‰Ä‹x‚İ,https://news.yahoo.co.jp/articles/0f2eaf1ec1f5e22ae5158035b2a714bb4c131402,9/28(–Ø) 21:57
tvlife,TV LIFE web,ƒzƒ‰ƒ“çH‚Ì35Î’a¶“ú‚ğ¬’r‰hq‚ç‚ªƒTƒvƒ‰ƒCƒYj•ŸwƒRƒ^ƒc‚ª‚È‚¢‰ÆxB‰eŒ»ê‚ÅBDƒ\ƒ“ƒO‘å‡¥u‚¤‚ê‚µ‚¢[IŠ´ŒƒIv,https://news.yahoo.co.jp/articles/10781322e6131abc9ffec1400dfc473c2f4a9ac0,9/28(–Ø) 21:38
tvlife,TV LIFE web,24”N“x‘OŠú’©ƒhƒ‰wŒÕ‚É—ƒxƒNƒ‰ƒ“ƒNƒCƒ“IˆÉ“¡¹ä»uŠF‚³‚ñ‚à©•ª©g‚àŠy‚µ‚­‚¢‚ç‚ê‚é‚æ‚¤‚ÉS‚ª‚¯‚½‚¢v”Ô‘gƒƒS‚àŠ®¬,https://news.yahoo.co.jp/articles/0de264994dbb42661b414afab5a367b5f0f6acf9,9/28(–Ø) 21:24
tvlife,TV LIFE web,‹î–Øªˆ¨‘¿•‰––ì‰l‹v‚ª‰zRŒh’B‚Ìg’Œ™‚¢hƒGƒsƒ\[ƒh‚ğ–¾‚©‚·w“V‹ç‚Ì‘äŠx‹LÒ”­•\,https://news.yahoo.co.jp/articles/b5c1be566046d86e45b25cc864885f560e87b280,9/28(–Ø) 18:56
tvlife,TV LIFE web,^–Ø‚æ‚¤q‚ª‚Æ‚Á‚Ä‚¨‚«‚Ì—öˆ¤ƒeƒNƒjƒbƒN‚ğ”â˜II‚ä‚¤‚¿‚á‚İ‚Íu¡‚Ì”Ş‚à‚»‚ê‚Å—‚Æ‚µ‚½vƒAƒs[ƒ‹•û–@‚ğ–¾‚©‚·wlu¼–{‚Ìğ‚Ìƒcƒ}ƒ~‚É‚È‚é˜bx,https://news.yahoo.co.jp/articles/8cc22c853d4068e61baafaa9cf5e057f04fff50d,9/28(–Ø) 15:00
tvlife,TV LIFE web,’†“‡Œ’l‚ªuƒWƒ‡ƒ“EƒEƒBƒbƒNv—¬ƒAƒNƒVƒ‡ƒ“‚Ì_‘‚É”—‚éw’†“‡Œ’l‚Ì¡A‰f‰æ‚É‚Â‚¢‚Ä’m‚è‚½‚¢ƒRƒgBx,https://news.yahoo.co.jp/articles/85f10217ba2992be21dd7500a7cacd4af9b4460a,9/28(–Ø) 15:00
tvlife,TV LIFE web,–k‰¢”­“úŒnƒVƒ“ƒK[ ƒ~ƒCƒiEƒIƒJƒx‚ªwONE DAYxå‘è‰Ì‚ğ’S“–@Daichi Yamamoto‚ªƒ‰ƒbƒvA¬‘Ü¬•j‚ªƒvƒƒfƒ…[ƒXyƒRƒƒ“ƒg‚ ‚èz,https://news.yahoo.co.jp/articles/7fb91589f2e3c49bb5e672a924d79168784fe23f,9/28(–Ø) 8:01
tvlife,TV LIFE web,‰f‰æu–@’ì—V‹YvVê–ÊÊ^‰ğ‹Ö@l¶‚ğ“q‚¯‚Äg‹†‹É‚ÌƒQ[ƒ€h‚ğdŠ|‚¯‚½Š]i–k‘º ŠCjcƒZƒCƒMi‰i£—õj‚É‘õ‚³‚ê‚½€‚Ì”é–§‚Æ‚Í,https://news.yahoo.co.jp/articles/2c593b20ca7ab9805b401349257457b45bcbdd1f,9/28(–Ø) 8:00
tvlife,TV LIFE web,Netflixw¡Û‚Ì‘‚ÌƒAƒŠƒXxƒV[ƒYƒ“3§ìŒˆ’èIRí•Œ«l•“y‰®‘¾–P‚ª‘±“Š@²“¡M‰îŠÄ“Âu‚Ü‚Á‚½‚­’N‚à’m‚ç‚È‚¢AV‚½‚È—·‚ªn‚Ü‚è‚Ü‚·v,https://news.yahoo.co.jp/articles/bd517b29abcf4e606faec4981cdfe697591ce5c7,9/28(–Ø) 8:00
tvlife,TV LIFE web,‘å¼—¬¯‚ªuƒrƒrƒŠ|1GPv‰Qí‚ÅgƒtƒWƒ‚ƒ“—¬”hh‚Ì‰³—ƒrƒrƒŠu‚±‚Á‚»‚èH‚×‚¿‚á‚¤Œ|lv‚àwƒAƒƒg[[ƒNI3ŠÔSPx,https://news.yahoo.co.jp/articles/3f773ccf831f920eacf364bc85b7e65ff53ad791,9/28(–Ø) 7:03
tvlife,TV LIFE web,d‰ª‘å‹Bå‰‰A“Œ–ìŒ\ŒáŒ´ìu‚ ‚é•Â‚´‚³‚ê‚½á‚ÌR‘‘‚Åvê–ÊÊ^‰‰ğ‹Ö@‘Sˆõ–ğÒA‘Sˆõ—e‹^Ò‚Ì–§º‚Å‹^SˆÃ‹S@ŒöŠJ“ú‚Í24”N1Œ12“ú,https://news.yahoo.co.jp/articles/2506d1329b719f12de3e74562311a7e1378bfe4f,9/28(–Ø) 7:03
tvlife,TV LIFE web,wMƒXƒe3ŠÔSPxV‚µ‚¢ŠwZ‚ÌƒŠ[ƒ_[ƒY‚ª‚Zƒ_ƒ“ƒX•”‚ÆƒRƒ‰ƒ{I‘¨26l‚ÅuƒIƒgƒiƒuƒ‹[v‚ğƒpƒtƒH[ƒ}ƒ“ƒX,https://news.yahoo.co.jp/articles/17ea0401d418bbb10fa37cd074a5758d08e5f41d,9/28(–Ø) 6:02
tvlife,TV LIFE web,ƒ}ƒLƒVƒ}ƒ€ ƒU ƒzƒ‹ƒ‚ƒ“Eƒiƒ’‚ªwƒpƒŠƒsE–¾x‚Åƒhƒ‰ƒ}‰o‰‰u‚Í‚Á?! ‚ ‚½‚·?!v“ˆ“c‹vìAƒAƒIƒCƒ„ƒ}ƒ_Aº‚ÅŠ—T‹M‚à“oê,https://news.yahoo.co.jp/articles/eea82434292a1d359eb44d378927e58799428037,9/28(–Ø) 6:02
tvlife,TV LIFE web,‚«‚ç‚Ñ‚â‚©‚È^g‚Ìˆß‘•‚ğ‚Ü‚Æ‚Á‚½“c’†‚³‚ñi–Ø“ì°‰Äj‚ªƒIƒtƒBƒX‚É~—ÕIwƒZƒNƒV[“c’†‚³‚ñxƒ|ƒXƒ^[ƒrƒWƒ…ƒAƒ‹‰ğ‹Ö,https://news.yahoo.co.jp/articles/fb4ef5ee503e18e39f395036b89d4af7805b8a5f,9/28(–Ø) 6:00
tvlife,TV LIFE web,wVSx15”N‚Ì—ğj‚É–‹@‘Š—t‰ë‹I‚ç‚ªv‚¢oì‚è‚Ì—· gƒTƒvƒ‰ƒCƒYn‹…®h‚Ì•‘‘ä— AÅŒã‚ÌgBABA°h‚àwVS°ƒtƒ@ƒCƒiƒ‹x¡–é•ú‘—,https://news.yahoo.co.jp/articles/51edad0b57124a8c20f5b1fab92b472e630a204c,9/28(–Ø) 5:30
tvlife,TV LIFE web,‚ ‚Ì‚ªV‹£”n”Ô‘gwƒEƒ}ƒEƒ}Ixƒ[ƒ“ƒLƒƒƒ‰‚ÉI²–ì÷ƒAƒi•DAIGO‚Æ‹£”n‚Ì–£—Í‚ğŠw‚ÔyƒRƒƒ“ƒg‚ ‚èz,https://news.yahoo.co.jp/articles/91cbe2543c80026d086b1bc8914a2014b0bf7437,9/28(–Ø) 5:00
tvlife,TV LIFE web,wƒLƒ“ƒOƒIƒuƒRƒ“ƒg2023xŒˆŸ10‘gŒˆ’èIƒ‰ƒuƒŒƒ^[ƒYAŠ^’àAƒWƒOƒUƒOƒWƒM[A‚â’cAƒjƒbĞ‚ç@ƒ[ƒ“ƒ‚ƒ“ƒL[A—×lAƒTƒ‹ƒSƒŠƒ‰‚ç5‘g‚ª‰io,https://news.yahoo.co.jp/articles/fdeb57955c520db55928c836505166ef81847d11,9/27(…) 21:01
tvlife,TV LIFE web,¼–{luAA.B.C-ZE‰Í‡ˆèl‚ÌƒXƒ}ƒzƒAƒvƒŠ‚Ö‚ÌƒCƒ‰ƒCƒ‰‚Éu‰´‚Í•ª‚©‚é‚¯‚Ç•l“c‚³‚ñ‚Í–¯‚ÌŠ´Šo‚ª•ª‚©‚ç‚È‚¢‚©‚çcv,https://news.yahoo.co.jp/articles/a87f37e395cb9e2f687fcdd9bcbde244da49ae4c,9/27(…) 19:35
tvlife,TV LIFE web,wMƒXƒe3ŠÔSPxƒfƒBƒYƒj[SPƒXƒe[ƒW‚ÉBE:FIRSTA”öã¼–çASexy Zone‚ç‚ª“oê@AwichAAIA‚ä‚è‚â‚ñ‚ç‚ÍÕŒ‚ƒ‰ƒbƒv‚ğ”â˜I,https://news.yahoo.co.jp/articles/16dc746a34a04146ece4eff894d7c5eb7760c2ea,9/27(…) 19:11
tvlife,TV LIFE web,ÂŒ´—Áq~RèˆçO˜YwƒnƒCƒGƒix’Ç‰ÁƒLƒƒƒXƒg‚É‘ë–{”üDA’†”ö–¾ŒcA‹v•Û“c—I—ˆAƒ}ƒLƒ^ƒXƒ|[ƒcA‘å—F‰Ô—öA‚‹´“TyƒRƒƒ“ƒg‚ ‚èz,https://news.yahoo.co.jp/articles/12c206cc29246c1b6546c2ef92c4b136b6d6b7ae,9/27(…) 18:01
tvlife,TV LIFE web,‰ª“c«¶•¼â“—›•–öŠy—D–í‚ªu‚ä‚Æ‚è‚Å‚·‚ª‚È‚É‚©v‚ÌƒLƒƒƒ‰‚Åg‘“ãƒoƒCƒgƒVƒŠ[ƒYh‚É‹Ù‹}QíwTHE“Ë”jƒtƒ@ƒCƒ‹2ŠÔSPx,https://news.yahoo.co.jp/articles/3a2a4446db9c6142792f18765dbfc0036291b0a2,9/27(…) 18:00
tvlife,TV LIFE web,A‚¥! group––àV½–ç•¬“‡Œ’‚ªwƒXƒƒCƒWxÅŒã‚ÌDIY‚Å‚ä‚è‚â‚ñ‚Ö‚ÌƒvƒŒƒ[ƒ“ƒg§ìu‚¾‚¢‚Ô‹Zp—Í‚Íã‚ª‚Á‚½‚Æv‚¢‚Ü‚·Iv,https://news.yahoo.co.jp/articles/3a5621f117a93f43104cf7456e5d0866fcd8db27,9/27(…) 17:03
tvlife,TV LIFE web,Kis-My-Ft2‚ªŸ‚È‚é¬’·‚ÖŒü‚¯‚Ä’eŠÛƒƒPI‹{“crÆAl¶‚Ìæ”y‚½‚¿‚Ì‹àŒ¾‚Éu¡Œã‚Ì¶‚«•û‚ª•Ï‚í‚évwƒLƒXƒ}ƒC’´BUSAIKU!?x,https://news.yahoo.co.jp/articles/95d2bff36e2b8592945f98c8f4ce9252471e2cca,9/27(…) 17:00
tvlife,TV LIFE web,–{‹½‘t‘½‚ªwƒ[ƒCƒ`ƒ‡[x‚Éo‰‰Œˆ’è@‹À’ëi‹e’r•—–j‚ÌŒ³“¯Šú‚Å‘Î—§‚·‚é•›s’·–ğyƒRƒƒ“ƒg‚ ‚èz,https://news.yahoo.co.jp/articles/c0f6036155f3cd17f1d207407debcba04013a16f,9/27(…) 16:00
tvlife,TV LIFE web,’†‘º—Ï–ç‚ª‘åD•]Šé‰æu’B¬‚µ‚½‚ç‘¦‹A‘î‚·‚é‚Ë‚ñv‚É‰QíIu¡“ú‚Í•b‚Å‹A‚ë‚¤‚Æv‚¢‚Ü‚·vw‚©‚Ü‚¢ƒKƒ`x,https://news.yahoo.co.jp/articles/c7b80886a60ff75c50a765a8355319b0237b067b,9/27(…) 13:33
tvlife,TV LIFE web,u‚ME ‰ÍŒû‰Ä‰¹‚Ì‚¦‚¦ŠG‰f‰æ‚Æcv‘æ14‰ñFuƒXƒN[ƒ‹EƒIƒuEƒƒbƒNvy˜AÚƒRƒ‰ƒ€z,https://news.yahoo.co.jp/articles/2183db75c0b69259950c9522ca4e474d6dac29b9,9/27(…) 12:30
tvlife,TV LIFE web,•ŸR‰ë¡‚ªå‘è‰Ì‚ğ’S“–I•ŸŒ´—y~…ãPiu‚ ‚Ì‰Ô‚ªç‚­‹u‚ÅAŒN‚Æ‚Ü‚½o‰ï‚¦‚½‚çBv–{—\•–{ƒrƒWƒ…ƒAƒ‹‰ğ‹ÖyƒRƒƒ“ƒg‚ ‚èz,https://news.yahoo.co.jp/articles/3fa17520a95f311d95bad540e18c7af6851202ad,9/27(…) 12:01
tvlife,TV LIFE web,XµØ~ŠÔ‹{Ë‘¾˜NWå‰‰w^‰Ä‚ÌƒVƒ“ƒfƒŒƒ‰x‘S11˜b‚ÌTVerŒ©“¦‚µ”zM”‚ª—İŒv2900–œ‰ñ‚ğ“Ë”j@Œ9˜g‚Å—ğ‘ã2ˆÊ,https://news.yahoo.co.jp/articles/0677e6aa7e948a017a075cca2557994e1fb5c7f4,9/27(…) 8:02
tvlife,TV LIFE web,–Ø—œŒ›••“¡ˆäƒtƒ~ƒ„•ƒqƒƒ~‚Ì—·”Ô‘g‚ª7”N‚Ô‚è•œŠˆI…’J–L‚ç‚Æg”ª‰¤qƒx[ƒXhg‚³‚©‚ª‚İ‰Æh‚È‚Çu’‡ŠÔ‚ÌƒXƒ^[‚ñ‰Æv‚ğ„‚é,https://news.yahoo.co.jp/articles/2a85077d3267f8caf89b59e81b4148c916569579,9/27(…) 7:20
tvlife,TV LIFE web,ˆ¢•”—º•½‚ªgH•iƒƒX‚ÌSDGsh‚ğ’²¸uÁ”ïÒ‘S‘Ì‚Ål‚¦•û‚ğ‘å‚«‚­“]Š·‚³‚¹‚é‚±‚Æ‚ª•K—vvwLive News ƒCƒbƒgIx,https://news.yahoo.co.jp/articles/ce15fe1a81ac210390e53e64c25f02f5bd011e70,9/27(…) 7:10
tvlife,TV LIFE web,–Ø—œŒ›•‚ªŠƒWƒ‡[ƒW‚Ì‘ã‘ÅMC‚ÅwÎƒRƒ‰x‚É“oêu“d˜b‚ª‚ ‚Á‚Äg—ˆ‚¢h‚ÆŒ¾‚í‚ê‚Ü‚µ‚½A‚³‚Á‚«v–Ø‘ºã‚ÍÔ‰H‚ÅuƒnƒVƒS‚Ì—·v,https://news.yahoo.co.jp/articles/7b4f859f3ba650822578179b10c602f16c199318,9/27(…) 7:01
tvlife,TV LIFE web,‚È‚É‚í’jqE‚‹´‹±•½A’·”öŒª“mA“¡Œ´äˆê˜Y‚ªulŠÔƒCƒ“ƒXƒg[ƒ‹v‚É’§í@‰“Šu‘€ì‚Å–³‘oó‘Ô•‘å–\‘–w‚­‚è‚¡‚Şƒiƒ“ƒ^ƒ‰x,https://news.yahoo.co.jp/articles/673a963ec6cd3f709de9b27049254f10e86ca626,9/27(…) 7:01
tvlife,TV LIFE web,wƒuƒ‰ƒbƒNƒtƒ@ƒ~ƒŠƒAx‚É­˜H—E‰îA7ORDER’·È—å‰›Aß—R”üq‚ç‚ªo‰‰Œˆ’è@‘æ1˜b‚ ‚ç‚·‚¶•ê–ÊÊ^ŒöŠJ,https://news.yahoo.co.jp/articles/1cd1e6db995be8fc39349bd75bd9f6753218a7ad,9/27(…) 6:02
tvlife,TV LIFE web,]Œû‚Ì‚è‚±‚ª•½è—F—œ“Ş‚Ìo–ğ‚Åw‚¤‚¿‚Ì•ÙŒìm‚Íè‚ª‚©‚©‚éx‚Éo‰‰Œˆ’èu‚«‚Á‚ÆŠy‚µ‚¢ì•i‚É‚È‚é‚Æv‚¢‚Ü‚·v,https://news.yahoo.co.jp/articles/3bed9c5c8a522c2c7706bdfd307e1e08015c3bd1,9/27(…) 6:01
tvlife,TV LIFE web,w—L‹g‚Ì•Çx–{•ÀŒ’¡•ŠÛRŒj—¢“Ş•vÈ‚ªu‚¨‚à‚µ‚ë‰Æ“d—Ê”Ì“X‚Ìl‘IèŒ v‚ÉQí@ƒ`ƒ‡ƒRƒvƒ‰AƒWƒƒƒ“ƒ|ƒP‚ÌVƒlƒ^‚à,https://news.yahoo.co.jp/articles/82a38cb49d7d801494e0a1aae3334ccad86988f9,9/27(…) 6:01
tvlife,TV LIFE web,wã“c‚Æ—‚ª–i‚¦‚é–éx2ŠÔSPu–œ”NƒRƒ“ƒfƒBƒVƒ‡ƒ“‚ªˆ«‚¢—vu—‘z‚Ìƒ{ƒfƒB[‚ğ–Úw‚·—vuŠÏŒõ‘åg‚Ì—v‚ªWŒ‹,https://news.yahoo.co.jp/articles/feb07a41cf4e611d565fa337d6fab7224fba7165,9/27(…) 6:00
tvlife,TV LIFE web,w‚©‚ç‚©‚¢ãè‚Ì‚–Ø‚³‚ñxÀÊƒhƒ‰ƒ}‰»IŒ“‡—®ˆß••ì‘z–î‚ªWå‰‰AŠÄ“Â‚Í¡ò—ÍÆ g¹’nh¬“¤“‡‚Å‘S•ÒB‰e@24”N3Œ•ú‘—,https://news.yahoo.co.jp/articles/0239c80847c23c6fc39c98af94daf87faca7f36a,9/27(…) 5:00
tvlife,TV LIFE web,¬áAƒƒbƒZƒ“ƒWƒƒ[E•“c—L‚ªï—¢å‰‰wƒuƒMƒEƒMx‚Å’©ƒhƒ‰‰o‰‰yƒRƒƒ“ƒg‚ ‚èz,https://news.yahoo.co.jp/articles/4bc6f519c9a51d381acbbd298663cf5bab726b1f,9/26(‰Î) 21:11
tvlife,TV LIFE web,•lè‚ ‚ä‚İ‚ªgayu‚Å‚ ‚è‘±‚¯‚½——Rh‚ğŒê‚é@ÅVƒcƒA[•‘‘ä— –§’…A‘S8‹È‚ÌƒXƒ^ƒWƒIƒ‰ƒCƒu‚àwNHK MUSIC SPECIALx,https://news.yahoo.co.jp/articles/8103db949fda743c5d1b9e37652d2b24ae7d34c0,9/26(‰Î) 21:00
tvlife,TV LIFE web,w100ƒJƒxSeason4‰‰ñ‚ÍƒQ[ƒ€ƒ[ƒJ[uƒJƒvƒRƒ“v‚É–§’…uƒXƒgƒŠ[ƒgƒtƒ@ƒCƒ^[6vuƒoƒCƒIƒnƒU[ƒhRE:4vŠJ”­Œ»ê‚Éö“ü,https://news.yahoo.co.jp/articles/5b88157a69842fac77e05163af9573c2e7c37742,9/26(‰Î) 20:31
tvlife,TV LIFE web,—é–ØˆÇAw‘å‰œ Season2x•½‰êŒ¹“à–ğ‚ÅˆÓ¯‚µ‚½‚Ì‚ÍuŒ¹“à‚Ì–¾‚é‚³‚âƒ`ƒƒ[ƒ~ƒ“ƒO‚³v¼‰º“Şg“cÀˆÓŸh‚Íuˆ³“|“I‚Èà“¾—Ív,https://news.yahoo.co.jp/articles/5b2fdde612e5f71e8121d6ef4b4f9a0cbb4582f9,9/26(‰Î) 20:01
tvlife,TV LIFE web,—é–Øˆ¤—u„‚µ‚Ì‚¢‚é¶Šˆ‚ª‚±‚Ìƒhƒ‰ƒ}‚Å‚æ‚è‰Ø‚â‚©‚Évw„‚µ‚ªãi‚É‚È‚è‚Ü‚µ‚Äx‰ïŒ©,https://news.yahoo.co.jp/articles/d14a65f373ef0debb0d13cb0405437f4cc634159,9/26(‰Î) 18:25
tvlife,TV LIFE web,–îìŒ“‚ª‹g“c—rAˆé‘º—E“lA‘å’|ˆê÷‚Æg’n•û‚Ì–¼“Xh‚Öƒ‰ƒ“ƒ`—·w‚È‚Ÿ‚ñ‚Å’‹ƒƒVH‚¢‚És‚­‚Ì‚É‚±‚ñ‚ÈŠÔ‚©‚¯‚Äs‚­‚Ì‚©‚È‚ŸBx‘æ3’e,https://news.yahoo.co.jp/articles/c5b4e061002e58e14fd13d2d126438cc0acd71b4,9/26(‰Î) 18:01
tvlife,TV LIFE web,g“¯‚¢”NƒRƒ“ƒrhÎŒ´—Çƒ•–ö‘òTŒá‚ª“ú–{‘S‘‚ÌŒƒƒAƒc‚²“–’n‰ñ“]õi‚Éö“ü@‚©‚Ü‚¢‚½‚¿‚Æ”’Î–ƒˆß‚àâ•i‰ñ“]õi‚ğŠ¬”\w‹Â“V™ö“üƒcƒA[ƒYIx,https://news.yahoo.co.jp/articles/f1482f43d075f36cc6f7599a61e22b70de0ba8e6,9/26(‰Î) 13:15
tvlife,TV LIFE web,“à“¡„uA¼‰º“ŞAR“c—Á‰îA“úŒüâ46‰Í“c—zØ‚ç‚ªwŠi•t‚¯ƒ`ƒFƒbƒNx‚É‰Qíu‚·‚«Ä‚«vƒ`ƒFƒbƒN‚Å•l“c‰ëŒ÷‚Ìè—¿—Ä‚Ñ,https://news.yahoo.co.jp/articles/54cc8ab15b65efd002bb0960d7529ccbda30b565,9/26(‰Î) 12:04
tvlife,TV LIFE web,NEWS¬RŒcˆê˜Y‚ªUSJ‚ÌƒnƒƒEƒB[ƒ“ƒCƒxƒ“ƒg‚Å‘åâ‹©u•|‚­‚Äº‚ªo‚é‚¯‚Ç‚»‚ê‚ª‹C‚¿‚¢‚¢Ivw‚¿‚á‚¿‚á“ü‚êƒ}ƒ“ƒf[x,https://news.yahoo.co.jp/articles/6311aff5e824fe30c9133d4c441415bb5a7806b4,9/26(‰Î) 9:00
tvlife,TV LIFE web,oì“N˜NA’·“ˆˆê–Î‚Ì–\‘–‚Éu‚È‚ñ‚Å‚·‚©‚±‚Ì”Ô‘g‚ÍiÎjv‚‹´–Î—Y‚à¢˜fu‚Ü‚¾ƒoƒX‚É‚àæ‚Á‚Ä‚È‚¢cvw˜HüƒoƒX‚ÅŠñ‚è“¹‚Ì—·x,https://news.yahoo.co.jp/articles/79098d48ffc115e91e68594c1d27976374f63549,9/26(‰Î) 8:00
tvlife,TV LIFE web,wƒJƒYƒŒ[ƒU[‚ÆŠw‚ÔBx2ŠÔSP@‚±‚ª‚¯‚ñAƒWƒƒƒ“ƒ|ƒPÄ“¡T“ñA”g—ÚA•“¡\–²‚Æu—ß˜a‚Ì‚¨‹à‚ÌVí¯v‚ğŠw‚Ô,https://news.yahoo.co.jp/articles/b3b53566487a77b6eb1fd14479ed369762df9bf4,9/26(‰Î) 7:31
tvlife,TV LIFE web,–îˆä“c“µ‚ªw‚ä‚è‚ æ¶‚ÌÔ‚¢…xå‘è‰Ì‚ğ‘‚«‰º‚ë‚µI›–ì”ü•äu‚±‚êˆÈã‚È‚¢ƒG[ƒ‹‚ğ’¸‚¢‚½v,https://news.yahoo.co.jp/articles/f354720b8ad421f69abbec754eb40d42b2ebe9db,9/26(‰Î) 7:11
tvlife,TV LIFE web,ã™•A•½A¼‘º‘ñÆ‚ªwƒƒ“ƒ‹[ƒ€ƒGƒ“ƒWƒFƒ‹x‚Å˜Aƒhƒ‰‰å‰‰IŠ´—Ü•KŠ‚Ì˜b‘èì‚ğÀÊƒhƒ‰ƒ}‰»@ŠÄ“Â‚Í}—D‰ÔyƒRƒƒ“ƒg‚ ‚èz,https://news.yahoo.co.jp/articles/f9003159697cdae06d354fadb3176c75da7579c7,9/26(‰Î) 7:03
tvlife,TV LIFE web,wƒnƒŒ[ƒVƒ‡ƒ“ƒ‰ƒuxîà‹´‚Ğ‚©‚é‚ª—Ü‚ÌƒNƒ‰ƒ“ƒNƒAƒbƒvu‚·‚²‚¢â‚µ‚¢Ivˆêƒm£éD•áÁ“‡G˜a‚àuŠy‚µ‚©‚Á‚½v‚ÆŒû‚»‚ë‚¦‚é,https://news.yahoo.co.jp/articles/c5aeb4edbc49531e1aadbcc0ff33435f77ea887d,9/26(‰Î) 7:02
tvlife,TV LIFE web,wƒIƒ‚ƒEƒ}‚¢“Xx‘d—Ê–ñ1ƒLƒ‚Ìƒ`ƒLƒ““ì”Ø’èH‚ğo‚·R—œŒ§b•{s‚ÌH“°‚ÖuÅ‹­ƒT[ƒrƒXím—\–ñƒ}ƒ“v‚àÄ–K,https://news.yahoo.co.jp/articles/1b67e4fd3b2fcdb45c63ef005586974723bfd118,9/26(‰Î) 7:02
tvlife,TV LIFE web,ˆ¢•”—º•½•‚Ó‚­‚çP‚ª“Œ‹ƒfƒBƒYƒj[ƒŠƒ][ƒg‚Ö@Ÿ’n—Á‚Æe—FE‰Á“¡ƒVƒQƒAƒL‚Ì‰ƒ^ƒbƒO‚àÀŒ»w¡–é‚Íƒiƒ]ƒgƒŒ2ŠÔSPx,https://news.yahoo.co.jp/articles/16db3ce12ce7aacf940b6e790ae140ae6f1bb50e,9/26(‰Î) 6:31
tvlife,TV LIFE web,©Ìg—öˆ¤ƒ}ƒXƒ^[hˆäèã”™‚ª‚³‚ñ‚Ü‚Æ—öˆ¤˜_‚ÅŒƒ“ËIƒhSs“®‚ÉŒ|l¨”ß–Âw—x‚éI‚³‚ñ‚ÜŒä“a!!x,https://news.yahoo.co.jp/articles/8effddd9ed690006f2c44a450aa1bc310f4957fe,9/26(‰Î) 6:02
tvlife,TV LIFE web,–{ŠÔ•üWA^•Ç“‹`ARIP SLYMEERYO-Z‚ªwƒpƒŠƒsE–¾x‚ÉƒQƒXƒgo‰‰@ƒ~ƒA¼•\i›Œ´¬tj‚ÌƒpƒtƒH[ƒ}ƒ“ƒX‰f‘œ‚à‰ğ‹Ö,https://news.yahoo.co.jp/articles/f81387d156ea202537f0773de53f666fc8a52277,9/26(‰Î) 6:02
tvlife,TV LIFE web,w‰Æ­•v‚Ìƒ~ƒ^ƒ]ƒmx‚Æ‹{éŒ§E”ü“c‰€‰w‚ªƒRƒ‰ƒ{Iƒz[ƒ€ƒAƒiƒEƒ“ƒX‚àƒ~ƒ^ƒ]ƒmi¼‰ª¹Gj‚ª’S“–,https://news.yahoo.co.jp/articles/9a74884e9a2f5a85cea16eec0cc4c82f56ecff8a,9/26(‰Î) 6:00
tvlife,TV LIFE web,ŒIRç–¾‚ªw‘Š–_season22x‰‰ñŠg‘åSP‚ÌƒƒCƒ“ƒQƒXƒg‚Éu–{”ÔˆÈŠO‚ÌŠÔ‚Å‚à‚¨2l‚Í‘Š–_‚Å‚µ‚½v,https://news.yahoo.co.jp/articles/1c8854e964e72e84d6bad137b8948390781da49b,9/26(‰Î) 5:30
tvlife,TV LIFE web,‘½•”–¢‰Øq~¼‰ºŸ©•½~¡“c”ü÷~_”ö•–ìgƒNƒAƒgƒå‰‰hw‚¢‚¿‚Î‚ñ‚·‚«‚È‰Ôxƒ|ƒXƒ^[ƒrƒWƒ…ƒAƒ‹‰ğ‹Ö@B‰e‚Ís‹´D],https://news.yahoo.co.jp/articles/e6f974a85872b33666fc3a4d62949129da40b9cf,9/26(‰Î) 5:30
tvlife,TV LIFE web,‰ª–{—æ•7ORDER’·È—å‰›w‚»‚ÌŒ‹¥A³‹C‚Å‚·‚©HxBlu-ray”­”„Œˆ’èI“X•Ü•ÊŒÀ’è“Á“T‚àŒöŠJyƒRƒƒ“ƒg‚ ‚èz,https://news.yahoo.co.jp/articles/91fdbc5140a26755b403b03f5ef9d7bcf2330f11,9/25(Œ) 22:30
tvlife,TV LIFE web,RèˆçO˜Y‚ªw‚¨‚¶‚á‚éŠÛx‚ÉƒQƒXƒgo‰‰@‚©‚Â‚Ä‰‰‚¶‚½‰F’ˆlE¯–ì‚Ì17Î‚Ìpg¯–ìƒZƒuƒ“ƒeƒB[ƒ“h–ğ‚Å“oêyƒRƒƒ“ƒg‚ ‚èz,https://news.yahoo.co.jp/articles/ffdc1d6816fa4dff2e207f8317ae593b455236a4,9/25(Œ) 20:00
tvlife,TV LIFE web,÷“c‚Ğ‚æ‚èå‰‰w‚ ‚½‚è‚ÌƒLƒbƒ`ƒ“IxƒƒCƒ“ƒrƒWƒ…ƒAƒ‹ŒöŠJ@å‘è‰Ì‚Í‚´‚«‚Ì‚·‚¯B‚ÌuƒIƒŒƒ“ƒWv‚ÉŒˆ’è,https://news.yahoo.co.jp/articles/93e47045d87a0171f44b4c0398d2ed0a4fd8c3cb,9/25(Œ) 19:31
tvlife,TV LIFE web,‰Á“¡_Ÿ•ƒAƒ“ƒ^MC“Á”Ô‘æ4’eu»•l‚Å‰F’ˆlvuŠï–­‚È‚¨K‚Ì‰Ìv‚È‚Ç‚Ì•sv‹c‘ÌŒ±’k‚ğ“O’êŒŸØ@X–{T‘¾˜YA”ª–Øä»‰Âq‚ç‚ªƒWƒƒƒbƒW,https://news.yahoo.co.jp/articles/0f7a778b126e5f0b6c0fd481949d7cfd7a978af6,9/25(Œ) 19:01
tvlife,TV LIFE web,–L“ˆ‰Ô‚ªwŒN‚ª€‚Ê‚Ü‚Å‚ ‚Æ100“úx‚Éo‰‰Œˆ’èIîà‹´—D“l‚ª’·”Nv‚¢‘±‚¯‚é—c‚È‚¶‚İ–ğyƒRƒƒ“ƒg‚ ‚èz,https://news.yahoo.co.jp/articles/28f161dace3537352056bd2f299faa71fc662785,9/25(Œ) 18:03
tvlife,TV LIFE web,‚‹´—D‚Ì‘‚«‰º‚ë‚µV‹ÈuƒLƒZƒLv‚ªwnews23xVƒGƒ“ƒfƒBƒ“ƒOƒe[ƒ}‚ÉŒˆ’èyƒRƒƒ“ƒg‚ ‚èz,https://news.yahoo.co.jp/articles/80d87feb502d449c7f72f6af3d5408b6ad736846,9/25(Œ) 18:02
tvlife,TV LIFE web,âV“¡”ò’¹‚ªw‚¢‚¿‚Î‚ñ‚·‚«‚È‰Ôx‚Å”T–Øâ46‘²‹ÆŒã‰‚Ì˜Aƒhƒ‰o‰‰I‚ä‚­‚¦i‘½•”–¢‰Øqj‚Ì–…–ğyƒRƒƒ“ƒg‚ ‚èz,https://news.yahoo.co.jp/articles/5b50e155bf0ecad3d92a869cbb60833b03499317,9/25(Œ) 14:04
tvlife,TV LIFE web,‰‰ñƒQƒXƒg‚Í‹g‰ª—¢”¿Iƒ{ƒP‚Ü‚­‚é‹g‰ª•‹e’r•—–‚ÉƒVƒ\ƒ“ƒk’·’Jì‚ª–ÒƒcƒbƒRƒ~w‰½‚©gƒIƒ‚ƒVƒ‚¢ƒRƒgh‚È‚¢‚ÌHx,https://news.yahoo.co.jp/articles/b5efaa32b65944cd70a2606926e875bcfd28dfc5,9/25(Œ) 13:02
tvlife,TV LIFE web,’†“‡Œ’l‚ª“²‚ê‚Ì“Œ•û_‹N‚Æ‰‘Î’ku–l‚É‚Æ‚Á‚Ä“Œ•û_‹N‚Í_—l‚Ì‚æ‚¤‚È‘¶İvw‚Ü‚Â‚àto‚È‚©‚¢x,https://news.yahoo.co.jp/articles/541f3799cc617e78c87c512da4b404882389fdb6,9/25(Œ) 12:04
tvlife,TV LIFE web,w‚ç‚ñ‚Ü‚ñx¼âŒcq‚ª61Î‚É‚È‚Á‚½–œ‘¾˜Y‚ÆõŒbq‚Ì–ºEç’ß–ğ‚ÅÄ“oêu‘åØ‚È‘¡‚è•¨‚Ì‚æ‚¤‚È–ğv,https://news.yahoo.co.jp/articles/f8ab7f89eecfef5094d84576bbb6afc7ea31c15a,9/25(Œ) 8:20
tvlife,TV LIFE web,w‚ç‚ñ‚Ü‚ñx‚ÉŒê‚è’S“–E‹{í•‚ ‚¨‚¢‚ª“oêu–ˆ“úŒ©ç‚Á‚Ä‚«‚½¢ŠE‚Ì’†‚ÉQ‰Á‚Å‚«‚Ä‚Æ‚Ä‚àŠy‚µ‚©‚Á‚½v,https://news.yahoo.co.jp/articles/6a5a12833e6cf4ba36562edadb44139f843e0e0f,9/25(Œ) 8:20
tvlife,TV LIFE web,w“]E‚Ì–‚‰¤—lxÅI‰ñ g–‚‰¤—lh—ˆ²i¬“c—½j‚ğ’íq‚Ìç°i¬Å•—‰Ôj‚ª–Ê’kyƒRƒƒ“ƒg‚ ‚èz,https://news.yahoo.co.jp/articles/c98eefa3db4fa24fb78f8258cfdcca88afd26df6,9/25(Œ) 8:03
tvlife,TV LIFE web,ƒ}ƒcƒR‚ª‘ÌŒ±‚µ‚½”òs‹@‚ÌƒgƒCƒŒƒGƒsƒ\[ƒh‚É‘ºãMŒÜ‚à‘å”šÎu‘Ì‚Ì”¼•ª‚­‚ç‚¢‚Å•ÖÀ‚ªI‚í‚Á‚Ä‚ñ‚ÌIvwŒ—j‚©‚ç–é‚Ó‚©‚µx,https://news.yahoo.co.jp/articles/e6116b1a0ed74e1751286ea273acdfe184c3d3b7,9/25(Œ) 8:02
tvlife,TV LIFE web,‰ª–{—æ•7ORDER’·È—å‰›w‚»‚ÌŒ‹¥A³‹C‚Å‚·‚©HxƒNƒ‰ƒ“ƒNƒAƒbƒv‚Å[À‚ÌÎŠçyƒRƒƒ“ƒg‚ ‚èz,https://news.yahoo.co.jp/articles/717ed47b0845b3915ebcadc729ae83e4422a6910,9/25(Œ) 7:10
tvlife,TV LIFE web,‘å¼—¬¯uÂt‚µ‚½I‚Á‚ÄŠ´‚¶‚ÌŒ»ê‚Å‚µ‚½vˆäŒ…OŒbA¼“‡‘‚Æ‹¤‚Éwg‚³‚·ƒ‰ƒCƒtxƒNƒ‰ƒ“ƒNƒAƒbƒv,https://news.yahoo.co.jp/articles/dfbcd9db777f259c20386b4e47a9a80178f70d86,9/25(Œ) 7:01
tvlife,TV LIFE web,d‰ª‘å‹BAV–Ø—DqA“c’†÷A‚—œ—Õ‚ªg‹Ö’f‚ÌlŠpŠÖŒWhw’Pg‰Ô“úxƒƒCƒ“ƒrƒWƒ…ƒAƒ‹‰ğ‹Ö@’Ç‰ÁƒLƒƒƒXƒg8l‚àˆê‹“‰ğ‹Ö,https://news.yahoo.co.jp/articles/10b15139f4f2c4501a87f50df18284b6c0ab60ae,9/25(Œ) 6:02
tvlife,TV LIFE web,w‚¨‚Á‚³‚ñ‚¸ƒ‰ƒux‘±•ÒŒˆ’èI“c’†Œ\g‚Í‚é‚½‚ñhA‹g“c|‘¾˜Yg•àVhA—ÑŒ­“sg–qh‚Ì¡‚ğ•`‚­@24”N1ŒŠú‚É•ú‘—,https://news.yahoo.co.jp/articles/741c05f3daad64902dfb1c68491f6568bbd987e5,9/25(Œ) 5:00
tvlife,TV LIFE web,¼‰º“Ş‚ªR—¢—º‘¾‚ÆwCHEF-1ƒOƒ‰ƒ“ƒvƒŠxMC‚ğ’S“–Iƒtƒ@ƒCƒiƒŠƒXƒg‚ÌŒƒí‚Éu‰ß“‚Èû˜^‚Å‚µ‚½v,https://news.yahoo.co.jp/articles/fef8d2008da3647729361ce4e4473b6b5c105566,9/25(Œ) 4:30
tvlife,TV LIFE web,w‚Ç‚¤‚·‚é‰ÆNx–kìŒiq‚ª‚¨s‚Ì–ºE’ƒX–ğ‚ÅÄ“oê gƒ‰ƒXƒ{ƒXh–ğ‚Éu‰“—¶‚¹‚¸‚ÉÅŒã‚Ü‚Å–\‚ê”²‚¢‚Ä‚İ‚æ‚¤‚Æv‚Á‚Ä‚¢‚Ü‚·v,https://news.yahoo.co.jp/articles/546e51195678c403f4488146dfcd15ed280129c7,9/24(“ú) 20:51
tvlife,TV LIFE web,HR‚ä‚¸‚«‚ªwœœ‚¿‚á‚ñx‚ğ’Ê‚µ‚Ä“`‚¦‚½‚¢‚±‚Æu©•ª‚ª©•ª‚Å‚¢‚é‚Á‚Ä‚±‚ñ‚È‚É–£—Í“I‚È‚ñ‚¾‚ÆŠ´‚¶æ‚Á‚Ä‚¢‚½‚¾‚¯‚½‚çv,https://news.yahoo.co.jp/articles/5e8b90674b051cc95cb96d4b290f703986a1df86,9/24(“ú) 18:03
tvlife,TV LIFE web,÷“c’ÊA—Œ`‚ ‚«‚±‚ªw‚¯‚Ş‚½‚¢o‚Æ‚¸‚é‚¢–…x‚Éo‰‰Œˆ’è@ŒIRç–¾‚Æ”nê‚Ó‚İ‚©‰‰‚¶‚éo–…‚Ì‚¢‚Æ‚±••êe–ğ,https://news.yahoo.co.jp/articles/cc7f273150e4ec2906dbfa3b965646000436203a,9/24(“ú) 12:04
tvlife,TV LIFE web,w“]E‚Ì–‚‰¤—lxÎ“c‚ä‚èqARŒûÑ–í‰ÁA“¡Œ´‘å—SA‚¨‚¢‚Å‚â‚·¬“cA‘O“cŒö‹PA”’Fv‚ªƒNƒ‰ƒ“ƒNƒAƒbƒvI¬“c—½•¬Å•—‰Ô‚à‹ì‚¯•t‚¯‚é,https://news.yahoo.co.jp/articles/0827bd424e1f081ac0c704c3ce70cbe03dbb9832,9/24(“ú) 12:02
tvlife,TV LIFE web,’¹’JŒh‚ª—é–Ø—º•½å‰‰w‰º™ã‹…™x‚Å”o—Dƒfƒrƒ…[Il‹Cº—DEˆÉ’B‚³‚ä‚è‚à¶“k–ğ‚Åƒhƒ‰ƒ}‰o‰‰,https://news.yahoo.co.jp/articles/9c43f6113c742283d3c5d6a4a4342c1d14b7c740,9/24(“ú) 12:00
tvlife,TV LIFE web,“V–ì_¬‚ªw‰¤—lí‘àƒLƒ“ƒOƒI[ƒWƒƒ[x‚É“oêuƒCƒƒLi—Œ`‚ ‚«‚±j‚Í‚Æ‚Ä‚àŠì‚ñ‚Å‚­‚ê‚Ü‚µ‚½v,https://news.yahoo.co.jp/articles/d830e96cff677fecae7be2e2a90b7b58af2bcd09,9/24(“ú) 10:02
tvlife,TV LIFE web,wg‚³‚·ƒ‰ƒCƒtx[“c—³¶AƒRƒEƒ‘¾•vAX”—‰iˆË‚ªÎŠç‚ÅƒNƒ‰ƒ“ƒNƒAƒbƒv,https://news.yahoo.co.jp/articles/6627b7abf120a9bcea7f0a9cce79d48694a1f854,9/24(“ú) 7:00
tvlife,TV LIFE web,–ˆŒFÆAì‘ºˆë”nA‘O“cŒö‹PAˆÀ“cŒ°‚ªwƒZƒNƒV[“c’†‚³‚ñx‚Éo‰‰Œˆ’èI–Ø“ì°‰ÄA¶Œ©ˆ¤—Ú‚Æ—öˆ¤‚ğŒJ‚èL‚°‚éyƒRƒƒ“ƒg‚ ‚èz,https://news.yahoo.co.jp/articles/f8d4b8c982e1c02a80adde221efe6ea79eff3c65,9/24(“ú) 6:02
tvlife,TV LIFE web,XŸ‚ªw‚«‚á‚çƒgƒrIx10ŒŠúƒiƒrƒQ[ƒ^[‚ÉŒˆ’èIƒpƒ‰ƒbƒp‚Æ‚Ìƒ_ƒ“ƒXƒRƒ‰ƒ{‚àyƒRƒƒ“ƒg‚ ‚èz,https://news.yahoo.co.jp/articles/33d0baf30598d855313e94192ab4bba04731280c,9/24(“ú) 6:02
tvlife,TV LIFE web,’‡ŠÔ—R‹IŒb‚ªƒTƒvƒ‰ƒCƒYo‰‰I’çK•FŠÄ“Â‚ÌèŠ|‚¯‚éwƒmƒbƒLƒ“ƒIƒ“EƒƒbƒNƒhƒhƒAxÅI‰ñ‚É‰Ô‚ğ“Y‚¦‚é,https://news.yahoo.co.jp/articles/107dda87e8139dd1c0fa5db9c3dfcb3734084012,9/23(“y) 23:30
tvlife,TV LIFE web,_–Ø—²”V‰î••l•Ó”ü”g‚ªw‚ç‚ñ‚Ü‚ñxÅIT‚ÉŒü‚¯‚ÄƒƒbƒZ[ƒWuƒTƒvƒ‰ƒCƒY‚ğŠy‚µ‚İ‚É‚µ‚Äv,https://news.yahoo.co.jp/articles/edc591eb5adf1255e55d5ae928dba01ce62aff14,9/23(“y) 20:31
tvlife,TV LIFE web,‹g‰ª—¢”¿~‰iR‰l‘¾w‚ğ‚©‚¯‚é‚ÈA—öl‚½‚¿x2í—Ş‚Ìƒ|ƒXƒ^[ƒrƒWƒ…ƒAƒ‹‰ğ‹Öu2l‚Ì–\‘–ƒ‰ƒuƒ‰ƒu‚Ô‚è‚ğÎ‚Á‚ÄŒ©‚Ä‚à‚ç‚¦‚½‚çv,https://news.yahoo.co.jp/articles/690c56565a133ef04d0347d94ad50144d7b4b437,9/23(“y) 20:00
tvlife,TV LIFE web,Šâˆä—E‹CABOYS AND MENA‚MEAlç“ªgA‚í[‚·‚½‚ç‚ªÅV•˜b‘è‚ÌƒQ[ƒ€‚ğƒvƒŒƒCIƒJƒ~ƒiƒŠMCwƒQ[ƒ€ƒYEƒ{ƒ“ƒhx,https://news.yahoo.co.jp/articles/643511a865432a73f16693c074477a2a7381a2ca,9/23(“y) 19:31
tvlife,TV LIFE web,ŸNˆäãÄA‰H’¹TˆêA¬“»‰p“ñA‹g‘º’‚ª“Œ‹23‹æ—Bˆê‚Ì‘•óŒš’zEŒ}•oŠÙÔâ—£‹{‚Å‘ål‚ÌĞ‰ï‰ÈŒ©ŠwwSHOWƒ`ƒƒƒ“ƒlƒ‹x,https://news.yahoo.co.jp/articles/381ec7c95cd1c329aa1591c07336dc0ad3ba5ad8,9/23(“y) 19:10
tvlife,TV LIFE web,wÅ‚‚Ì‹³txÅI‰ñ¡–é•ú‘—@‹ãği¼‰ªä—Dj‚ª2“x–Ú‚Ì‘²‹Æ®‚Åg‚ ‚Ìl•¨h‚Æ‘Î›³,https://news.yahoo.co.jp/articles/02278bc013b5a068a56963dca314cb001645c881,9/23(“y) 19:00
tvlife,TV LIFE web,…‘°ŠÙŠÙ’·E‹Tˆä‚­‚ñ‚Ìˆê”Ô’íq‚Ì—q’†Šw¶‚É–§’…I˜hŒ©—æ“ŞuD‚«‚È‚±‚ÆADŠïS‚ğL‚Î‚µ‚Ä‚¢‚­‚Ì‚Í–{“–‚É‘f°‚ç‚µ‚¢vw’´–³“GƒNƒ‰ƒXx,https://news.yahoo.co.jp/articles/47d647cd1cccf5323f647feaaaf2f30a80cbe2b4,9/23(“y) 18:31
tvlife,TV LIFE web,wƒ‚ƒ‚ƒR‚ÌOHIƒ\ƒŒI‚İ`‚æIxVƒ|ƒXƒ^[ƒrƒWƒ…ƒAƒ‹ŒöŠJ@¼ìƒwƒŒƒ“Ad‰ª‘å‹B‚ç‚Æu–{“–‚É’‡—Ç‚µ‰Æ‘°‚İ‚½‚¢v,https://news.yahoo.co.jp/articles/e871a4f5c5b412dce56ceef1fbad1719f7f89f2c,9/23(“y) 10:00
tvlife,TV LIFE web,ƒTƒ“ƒhƒEƒBƒbƒ`ƒ}ƒ“•‘å—F‰Ô—ö‚à‹Á‚«I–Ò‹•‹‰J‚É—§‚¿Œü‚©‚¤“VËƒ~ƒ‰ƒCƒNƒŠƒGƒCƒ^[‚ğ‘å“ÁW,https://news.yahoo.co.jp/articles/85df6c466debceeb072c094ac67ea59a0fe5e135,9/23(“y) 9:01
tvlife,TV LIFE web,Îì—ö‚ÆâV“¡‚ªè‚ğæ‚è‡‚¤w”LƒJƒŒ -­”N‚ğ”‚¤-xƒ|ƒXƒ^[ƒrƒWƒ…ƒAƒ‹Š®¬I“à“¡Gˆê˜YAâ“c—œq‚ç’Ç‰ÁƒLƒƒƒXƒg‚à‰ğ‹Ö,https://news.yahoo.co.jp/articles/fc56046e3bd64cabde6e0cbf0f1c08dfc6d85976,9/23(“y) 7:00
tvlife,TV LIFE web,“|—i¼‘º–k“lj••X‰Ji¼”¨‘åŒájW’T’ã‚ª•ø‚¦‚Ä‚¢‚½gˆÅ[‚«‹Ö’f‚Ì‰ß‹h‚ª–¾‚©‚³‚ê‚éwƒmƒbƒLƒ“ƒIƒ“EƒƒbƒNƒhƒhƒAxÅI‰ñ,https://news.yahoo.co.jp/articles/16c5cc2a19c48a8b95f649f4af003697533cba55,9/23(“y) 6:00
tvlife,TV LIFE web,‚È‚©‚â‚Ü‚«‚ñ‚ÉŒNå‰‰ƒhƒ‰ƒ}w‹ØƒgƒŒƒTƒ‰ƒŠ[ƒ}ƒ“@’†R‹Ø‘¾˜Yx”~àV”ü”gA¼ì‹M‹³‚çƒLƒƒƒXƒgƒRƒƒ“ƒg•ê–ÊÊ^“’…,https://news.yahoo.co.jp/articles/6853d0050f55ba7453deea970ed8a88931c56406,9/22(‹à) 22:41
tvlife,TV LIFE web,•z‘Ü“Ğ‘×‚ªwThe Coversx‰“oêIƒfƒB[ƒvEƒp[ƒvƒ‹uHighway Starv•ƒfƒ”ƒBƒbƒhEƒ{ƒEƒCuStarmanv‚ğƒJƒo[,https://news.yahoo.co.jp/articles/50969eec40a64691671cf29f936c257e60e73a3a,9/22(‹à) 22:00
tvlife,TV LIFE web,wÅ‚‚Ì‹³tx9Œ’a¶“ú‚ÌHKT48“c’†”ü‹vAX“c–]’qAˆ¾‘å˜aA‰œ•½‘åŒ“A’·ˆä’Z‚ğƒTƒvƒ‰ƒCƒYj•Ÿ,https://news.yahoo.co.jp/articles/3a7651dec59a2c4cfa32828267ff6c19cd15ca30,9/22(‹à) 21:34
tvlife,TV LIFE web,ƒWƒƒƒj[ƒYWEST_R’q—m•¬‘ë–]‚ª3‚Â‚ÌE‹Æ‚Ìg‹C‚¿‚¢‚¢uŠÔh‚¾‚¯‚ğ‘ÌŒ±@’†ŠÔ~‘¾u‚±‚ê‰½‚Ì‰f‘œ‚È‚ñHvwƒŠƒA“ËWESTx,https://news.yahoo.co.jp/articles/f24665889ecb1a7df59f2941912951e8bfeb321b,9/22(‹à) 21:18
tvlife,TV LIFE web,’¹’JŒh‚ªw‚²‚Ô‚²‚Ôx‚É‰“oêI•l“c‰ëŒ÷‚ÌuŠÄ“Â‚â‚ñ‚ÌHv‚ÉuƒTƒbƒJ[‚ª‚µ‚½‚¢v,https://news.yahoo.co.jp/articles/cdaf58e413487ec52552422ab33c3f05c998d367,9/22(‹à) 20:55
tvlife,TV LIFE web,ƒuƒ‹[ƒCƒ“ƒpƒ‹ƒX‚Ì_ƒƒU”òs‚ğ‚½‚Á‚Õ‚èĞ‰î@‘‰Æ‹@–§‚Ì‰òEö…ŠÍ‚Ì“à•”‚Éö“ü‚àw’´ƒXƒSI©‰q‘à‚Ì— ‘¤‚º`‚ñ‚ÔŒ©‚¹‚¿‚á‚¢‚Ü‚·Ix,https://news.yahoo.co.jp/articles/01b4bb398313feea5b9d7e32c4c390042c44b241,9/22(‹à) 18:05
tvlife,TV LIFE web,“¡ƒ–’J‘¾•ã‚ªg–{“–‚É‚¨‚¢‚µ‚¢ƒR[ƒq[h‚Ì–¼“X‚ğ„‚éwƒR[ƒq[‚Æ››x‘]‰ä•”Œbˆê‚Ì’e‚«Œê‚è‚àyƒRƒƒ“ƒg‚ ‚èz,https://news.yahoo.co.jp/articles/787b016db4c7abf288952f58ed24d79bfca66918,9/22(‹à) 17:16
tvlife,TV LIFE web,wƒpƒŠƒsE–¾xŒüˆä—‰‰‚¶‚é”Š‹E–¾‚ªa’J‚É~—Õu¡‚Ü‚Å‚Ì‰¹Šy‚à‚Ì‚Æ‚ÍƒŒƒxƒ‹‚Ìˆá‚¤ƒhƒ‰ƒ}‚Év,https://news.yahoo.co.jp/articles/26aa559c7bf5f882da0dab54817f32362da0b7eb,9/22(‹à) 16:59
tvlife,TV LIFE web,wƒ[ƒCƒ`ƒ‡[xå‰‰E‹e’r•—–‚Ì“¯—»–ğ‚Å”’FvA¼“cŒ³‘¾A—é–Ø‚à‚®‚çA’–’ËŒ’‘¾AŒõÎŒ¤‚ªo‰‰yƒRƒƒ“ƒg‚ ‚èz,https://news.yahoo.co.jp/articles/4a09cddd54d1b82dc1123c5884cb860859fff06d,9/22(‹à) 16:00
tvlife,TV LIFE web,‹´–{ŠÂ“ŞAŒüˆä—A‘½•”–¢‰ØqA¼‰ºŸ©•½A¡“c”ü÷A_”ö•–ìAƒ€ƒƒcƒˆƒV‚çHƒhƒ‰ƒ}ƒLƒƒƒXƒg‚ªWŒ‹w‚¨•ó‰f‘œƒAƒ[ƒh2023Hx,https://news.yahoo.co.jp/articles/4ce64f50ea91caf0be6b7ca1f2a0632f3d4491ae,9/22(‹à) 12:06
tvlife,TV LIFE web,Œ€’c‚Ğ‚Æ‚è•ƒzƒ‰ƒ“çHMCwŒˆ’f‚Ğ‚Æ‚èxŠÛRŒj—¢“Ş‚ª5‚Â‚Ì’´ŠÈ’Pƒ_ƒCƒGƒbƒg–@‚©‚ç1‚Â‚ğŒˆ’f‚µ‚ÄÀ‘H,https://news.yahoo.co.jp/articles/471fefd3307659778ff5b0c174a786da53f224f7,9/22(‹à) 12:06
tvlife,TV LIFE web,w‹àƒXƒ}SPx‘å‘ò‚½‚©‚¨A‹Ê–ØGA]Œû—m‰îAù–ì‚j‚ªVŠé‰æu“¯‹Æ‚³‚ñ‚¢‚ç‚Á‚µ‚á‚¢Iv‚ÉWŒ‹Id–‚Ö‚Ì‚±‚¾‚í‚è‚â”Y‚İ‚ğŒê‚é,https://news.yahoo.co.jp/articles/1629ba1e2d953a704652bf955811c203c3cde9f8,9/22(‹à) 9:00
tvlife,TV LIFE web,‚Z¶‚ªƒI[ƒhƒŠ[t“úA”óŒû“ú“Ş‚ç‚ğo‰‰Ò‚ÉŒ}‚¦‚ÄgƒeƒŒƒr”Ô‘gì‚èh‚É’§íIŒ©ç‚èl‚ÍNON STYLEA”T–Øâ46•y—¢“Ş‰›w8ƒtƒ…[ƒ`ƒƒ[‡x,https://news.yahoo.co.jp/articles/e291778d68ac17e0d608aaee9ff495cbab327fde,9/22(‹à) 8:01
tvlife,TV LIFE web,“¿Œõ˜a•v•ƒ~ƒbƒcEƒ}ƒ“ƒOƒ[ƒu‚ªw¬5ƒNƒCƒYx‚ÉQí@”Œ•ƒ‚Æ‰™‚ª“¿Œõ‰Æ‚ÌãJ‚Å300–œ‰~Šl“¾‚É’§‚Ş,https://news.yahoo.co.jp/articles/983880efff3e3d35740dc7162bad19a6e4c05b97,9/22(‹à) 7:06
tvlife,TV LIFE web,›–ì”ü•ä‚ªw‚ä‚è‚ æ¶‚ÌÔ‚¢…xƒNƒ‰ƒ“ƒNƒCƒ“uŠF‚³‚ñ‚Æ‚ÌŠ|‚¯‡‚¢‚Ì’†‚Åw‚ A‚¢‚æ‚¢‚æn‚Ü‚Á‚½‚ÈIx‚ÆƒƒNƒƒN‚µ‚Ü‚µ‚½v,https://news.yahoo.co.jp/articles/d3ee6781a619da8ec3ff3161dd2c43ce95189b17,9/22(‹à) 7:03
tvlife,TV LIFE web,w‚»‚êƒXƒmx“Œ‹ƒfƒBƒYƒj[ƒŠƒ][ƒgSP‰„’·í‚â“ñ‹{˜a–çAL£‚·‚¸‚ç‚Æ‚Ìƒg[ƒN‚È‚Ç–¢ŒöŠJƒV[ƒ“‚ğ‘å•úoI‰Ä‚Ü‚ä‚İæ¶‚ªSnow Man‚É‘—‚Á‚½Œ¾—t‚à,https://news.yahoo.co.jp/articles/62bcbbeaec5bf86cac1fce4058309fa2ffcfa9eb,9/22(‹à) 7:00
tvlife,TV LIFE web,ƒ`ƒ‡ƒRƒvƒ‰¼”öA²“¡‘å÷A”T–Øâ46‹|–Ø“Ş‰—‚ç‚ª‚¤‚Á‚·‚ç’m¯‚ÅuƒLƒ“ƒOƒ_ƒ€vuôp‰ôív‚ğŒê‚éw’Ê‚Á‚½–‚È‚¢ƒTƒ~ƒbƒgSPx,https://news.yahoo.co.jp/articles/aa257318f93df2b0a8f74e329d8394c19ca3b9c6,9/22(‹à) 6:31
tvlife,TV LIFE web,w‰Æ­•v‚Ìƒ~ƒ^ƒ]ƒmxƒƒCƒ“ƒrƒWƒ…ƒAƒ‹•Hey! Say! JUMP‚É‚æ‚éå‘è‰Ì‚ª‰ğ‹ÖIKaorui¼‰ª¹Gj‚Ì‘‚«‰º‚ë‚µŠy‹È,https://news.yahoo.co.jp/articles/8b5cbd9e4edd6b972501eb2630cf3b2ea669dde2,9/22(‹à) 6:01
tvlife,TV LIFE web,ƒ€ƒƒcƒˆƒV~•½è—F—œ“Şw‚¤‚¿‚Ì•ÙŒìm‚Íè‚ª‚©‚©‚éx‚ÉˆÀ’B—SÀA‘å‘qF“ñA–{‘½—ÍA›–ìä»‰›‚ªo‰‰Œˆ’èyƒRƒƒ“ƒg‚ ‚èz,https://news.yahoo.co.jp/articles/624f2194c93f9ccb8ec099eb709559aff08d8371,9/22(‹à) 6:00
tvlife,TV LIFE web,XD“lA”óŒûK•½A‹e’n•P“ŞA‰¡“c‘ñ–çAá—Ñ¯–í‚ª‘å˜a“Ş‰›å‰‰wMaybe —ö‚ª’®‚±‚¦‚éx‚Éo‰‰Œˆ’èyƒRƒƒ“ƒg‚ ‚èz,https://news.yahoo.co.jp/articles/c1931ecaf4b76e4d3f679b5b4546672f8e149018,9/22(‹à) 6:00
tvlife,TV LIFE web,ŠO‘l‚É‚æ‚égƒWƒƒƒpƒ“‚à‚Ì‚Ü‚ËNo.1hŒˆ’èíŠJÃIƒRƒƒbƒPu“ú–{‚É‘Î‚µ‚Ä‚Ìˆ¤‚ğ‚·‚²‚­Š´‚¶‚½vw‚à‚Ì‚Ü‚ËTHEƒ[ƒ‹ƒhx,https://news.yahoo.co.jp/articles/c48e19f0169a794b336d9b31dd151987db4e56a9,9/22(‹à) 5:48
tvlife,TV LIFE web,’‡–ì‘¾‰ê‚ªw‚¢‚¿‚Î‚ñ‚·‚«‚È‰Ôx‚Éo‰‰@‘½•”–¢‰Øq‰‰‚¶‚é‚ä‚­‚¦‚Ìe—F‚É‚µ‚Äu‚ ‚éŒˆ’f‚ğ‚·‚é‚±‚Æ‚É‚æ‚Á‚Ä‰e‹¿‚ğ—^‚¦‚é–ğv,https://news.yahoo.co.jp/articles/07922527563258ed3c6497fcaa9490c9da7bc171,9/22(‹à) 5:30
tvlife,TV LIFE web,•—ŠÔr‰îA‰ª“cŒ‹ÀA”¨‰èˆçA’h‚ê‚¢‚ªå‰‰E–x“c^—R~”‹Œ´—˜‹vw‚½‚Æ‚¦‚ ‚È‚½‚ğ–Y‚ê‚Ä‚àxo‰‰Œˆ’èyƒRƒƒ“ƒg‚ ‚èz,https://news.yahoo.co.jp/articles/511af614a7c17ee00bca30eb4bc5cfbbb30291d4,9/22(‹à) 5:00
tvlife,TV LIFE web,•Ğ‰ª’ß‘¾˜Y‚ÌƒˆƒK‚Æƒ_ƒCƒAƒ“’Ã“c‚ÌuƒSƒCƒSƒCƒX[v‚ªŠïÕ‚Ì—Z‡wƒQƒXƒgƒ_ƒCƒAƒ“x‘æ2‰ñ‚Íu’ß‚¿‚á‚ñ‚ÌƒˆƒK–²’†v,https://news.yahoo.co.jp/articles/8ac5f2f6caa142a7949af5ad0a3239344cedcce3,9/21(–Ø) 22:20
tvlife,TV LIFE web,THE ORAL CIGARETTES‚ª²X–Ø‘ ”V‰îå‰‰wƒ}ƒCƒz[ƒ€ƒq[ƒ[x‚Ìå‘è‰Ì‚ğ’S“–Iƒhƒ‰ƒ}æsê–ÊÊ^‚àŒöŠJ,https://news.yahoo.co.jp/articles/dbf2884981b1497ec48bb0bfc04556025323f697,9/21(–Ø) 22:00
tvlife,TV LIFE web,_–Ø—²”V‰î‚ªw‚ ‚³ƒCƒ`xƒvƒŒƒ~ƒAƒ€ƒg[ƒN‚Éo‰‰@ÅI‰ñ–Ú‘O‚Ìw‚ç‚ñ‚Ü‚ñx‚Ö‚Ìv‚¢••‘‘ä— ‚ğŒê‚é@•l•Ó”ü”gAu‘¸~‚É‚æ‚éVTR‚à,https://news.yahoo.co.jp/articles/147c851e28a807cf7076c028cdc7bad5046fa27f,9/21(–Ø) 21:55
tvlife,TV LIFE web,wƒTƒUƒ“ƒI[ƒ‹ƒXƒ^[ƒY“Á•Ê”Ô‘g`45ü”NŒo‚Á‚Ä‚àg”n­‚Å‚²‚ß‚ñ‚æh`x9E28•ú‘—@ÅV‹È‚ÌTV‰”â˜I•ŒK“c‰À—S‚Ö‚Ì’P“ÆƒCƒ“ƒ^ƒrƒ…[‚à,https://news.yahoo.co.jp/articles/3c5682226ab9e7d533d23b6474da5c591725dfdd,9/21(–Ø) 15:08
tvlife,TV LIFE web,ˆäŒ…OŒb‚ª¬RŒcˆê˜Y•‰Á“¡ƒVƒQƒAƒL‚Æƒtƒ‰ƒ[ƒ[ƒŠ[ì‚è‚É’§í gƒƒCƒLƒ“ƒOJr.hç“càæ‘¾˜N‚à“oêwNEWS‚Ì‘S—Í!!ƒƒCƒLƒ“ƒOx,https://news.yahoo.co.jp/articles/08defca78c0cf8571abee96e4e50cf4345586e7f,9/21(–Ø) 12:22
tvlife,TV LIFE web,wƒuƒ‰ƒbƒNƒtƒ@ƒ~ƒŠƒAx”Â’J—R‰Ä‚Ì•œQ‘Šè–ğ‚É“›ˆä^—qA‰––ì‰l‹vA•½R—S‰îA‘ëµŠCA¬–ì••FyƒRƒƒ“ƒg‚ ‚èz,https://news.yahoo.co.jp/articles/67e2a0817c80d8d8079951b768fbd00de89bf3cf,9/21(–Ø) 12:12
tvlife,TV LIFE web,wÅ‚‚Ì‹³txƒNƒ‰ƒ“ƒNƒAƒbƒv@¼‰ªä—D‚ªˆ°“cˆ¤Ø‚ç¶“k‚½‚¿‚É”M‚¢ƒƒbƒZ[ƒWu‚ ‚Ì‹³º‚Å‚İ‚ñ‚È‚Åì‚Á‚½‚ ‚ÌŠÔ‚Í–{•¨v,https://news.yahoo.co.jp/articles/e120b65270447ea728d78600d219a6841e03a85d,9/21(–Ø) 12:12
tvlife,TV LIFE web,ãÀŒb”üq‚ª‚È‚É‚í’jqE‘å‹´˜a–ç‚ÆuƒSƒ`v‰Qí@Œ»‹à200–œ‰~Q‚Åˆê“¯‚Ñ‚Á‚­‚è w‚®‚éƒiƒCx2ŠÔSP,https://news.yahoo.co.jp/articles/fbe5080e0f70de2eac57194b9a5cdf355e00843e,9/21(–Ø) 12:12
tvlife,TV LIFE web,‚ME‚Ì’†‚Åg‘z‚í‚¹‚Ô‚èh‚Èƒƒ“ƒo[‚ÍHu¨‘Å‚¿‚ÅgD‚«h‚Á‚Äcvw‘z‚í‚¹‚Ô‚è‚Á‚±xƒŠƒŠ[ƒXƒCƒ“ƒ^ƒrƒ…[,https://news.yahoo.co.jp/articles/d481692c78ea614133512531a174de60dfca836a,9/21(–Ø) 12:11
tvlife,TV LIFE web,•Ÿ“c–ƒ‹M~‰Á”[~ƒT[ƒ„wƒgƒQƒgƒQTVx‚É‚Íg‚à‚¤‚Ğ‚Æ‚Â‚ÌÅI‰ñh‚ª‘¶İ‚µ‚Ä‚¢‚½cITELASAŒÀ’è”Å‚ª“Æè”zMƒXƒ^[ƒg,https://news.yahoo.co.jp/articles/53bded57e4b2c6d4245e3462c7c650406c04f012,9/21(–Ø) 0:50
tvlife,TV LIFE web,wƒ‚ƒjƒ^ƒŠƒ“ƒOx‚ªƒeƒŒƒr’©“úwƒnƒ„ƒuƒTÁ–h’cx‚ÆƒRƒ‰ƒ{I’†‘º—Ï–çAìŒût“Ş‚ç‚Éö“üƒ‚ƒjƒ^ƒŠƒ“ƒO‚ğdŠ|‚¯‚é,https://news.yahoo.co.jp/articles/892e899b3bc4b8e8605831c312492c3ef3e872b7,9/20(…) 20:01
tvlife,TV LIFE web,”ÂŠ_—›Œõl‚ªwVenue101 Presents Stray Kids 5-STAR LIVExƒiƒŒ[ƒVƒ‡ƒ“‚ğ’S“–uS-Class‚Èƒ‰ƒCƒuA‚¨—Í“Y‚¦‚Å‚«‚Ä‚¢‚ê‚ÎK‚¢‚Å‚·v,https://news.yahoo.co.jp/articles/8250ef4c98978f446ceca47b698a200edc0831c4,9/20(…) 19:20
tvlife,TV LIFE web,Snow ManŒüˆäN“ñAƒpƒ“ƒT[ŒüˆäŒdMC‚ÌV”Ô‘gw‚ ‚È‚½‚Ì1TŠÔA•Ç‚É‚µ‚Ü‚µ‚½xgWŒüˆäh‚ªº—´‘¾A”öŒ`‹MO•›—Ç‘¾˜Y‚Ö‚Ì–§’…‚ğŒ©ç‚é,https://news.yahoo.co.jp/articles/b122bc486a0c6c1d67a869ab35d978208392a99a,9/20(…) 18:46
tvlife,TV LIFE web,w‰‰‰ÌƒtƒFƒX2023xŠJÃŒˆ’èIŒÜ–Ø‚Ğ‚ë‚µA¬—ÑKqA”üìŒ›ˆêA×ì‚½‚©‚µAâ–{“~”üA^“cƒiƒIƒL‚ço‰‰Ò‚à”­•\,https://news.yahoo.co.jp/articles/ce2daeba112b3fd4ef42089e7f20102eeaf0472f,9/20(…) 17:40
tvlife,TV LIFE web,uSTU48 ‰« ˜Ğ‰Ê‚Ì£ŒË“à—q}ŠÓv‘æ33‰ñFu‚—Y‚³‚â‚©v~u‰f‰ævy˜AÚƒRƒ‰ƒ€z,https://news.yahoo.co.jp/articles/053d91de92be0e6bce670fc450b1bb44ea41c1c2,9/20(…) 17:30
tvlife,TV LIFE web,‹´–{ˆ¤A¼–{áØA‰““¡Œ›ˆê‚ª‘íK„å‰‰wƒfƒtEƒ”ƒHƒCƒX –@’ì‚Ìè˜b’Ê–ómx‚Éo‰‰Œˆ’èyƒRƒƒ“ƒg‚ ‚èz,https://news.yahoo.co.jp/articles/6f82b65e55b6001214d3d77dcb44079e7abbccf8,9/20(…) 15:27
tvlife,TV LIFE web,‘D‰z‰pˆê˜Yå‰‰A\’ÃìŒx•”ƒVƒŠ[ƒY‘æ4’e•ú‘—Œˆ’èI‹ËR—øAòàV—SŠóA‰ª–{—æA£ŒË—˜÷‚çƒQƒXƒgo‰‰Ò‰ğ‹ÖyƒRƒƒ“ƒg‚ ‚èz,https://news.yahoo.co.jp/articles/d93dfe7ed2674663e3e138f67c2e9243fb0e498c,9/20(…) 12:15
tvlife,TV LIFE web,“c’†‚İ‚ÈÀ‚Ìgƒ‚ƒe‚µ‚®‚³h‚É‰B‚³‚ê‚½”ü—e–@‚É‚³‚ñ‚Ü‚à‚Ñ‚Á‚­‚èu‚©‚í‚¢q‚Ô‚Á‚Ä‚½‚í‚¯‚¶‚á‚È‚¢‚ñ‚âIvwƒzƒ“ƒ}‚Å‚Á‚©IHTVx,https://news.yahoo.co.jp/articles/7e1ce55e0b7a9395c06d797061cf0509e796c4c2,9/20(…) 8:01
tvlife,TV LIFE web,R‰º’q‹v‚ªuƒ_[ƒc‚Ì—·v‚ÉQíI‹vX‚Ìƒoƒ‰ƒGƒeƒBƒƒP‚ÅƒJƒƒ‰–Úü‚ÉÆ‚ê@VŠé‰æuŠçƒnƒƒpƒlƒ‹‚Ì—·v‚àwÎ‚Á‚ÄƒRƒ‰‚¦‚ÄI2ŠÔSPx,https://news.yahoo.co.jp/articles/3bf0dee2a3231a22ab4e3be42a0551bba04e1865,9/20(…) 7:02
tvlife,TV LIFE web,ƒ}ƒŠƒRi‘òŒû–õqj‚ªg–hĞƒOƒbƒYŠÓ’èh‚Å–§ºEl‚Ì“ä‚É’§‚Ş@‘O–ì•üÆA‹{‰º—Y–ç‚à“oêw‰È‘{Œ¤‚Ì— season23x‘æ6˜b,https://news.yahoo.co.jp/articles/daf454a9da2b87ee9401a6043f0c3fdcdfdcc41a,9/20(…) 6:31
tvlife,TV LIFE web,“c’†Œ\•“Œ–ìK¡MCwTHE _‚¤‚½x¡–é•ú‘—@“úƒeƒŒŒn‰¹Šy”Ô‘g‚Ì‹Md‰f‘œ‚ğˆê‹“ŒöŠJ@ƒQƒXƒg‚Í‹e’r•—–A²X–Ø‹v”üA”’Î–ƒˆßA¼“cŒ³‘¾‚ç,https://news.yahoo.co.jp/articles/8522a93b7ddca5e748cbae633b5db3cb91f3f591,9/20(…) 6:30
tvlife,TV LIFE web,™–ì—y—ºw‚Î‚ç‚©‚à‚ñxƒNƒ‰ƒ“ƒNƒAƒbƒvu‚¨•ƒ‚³‚ñ‚Ì‚æ‚¤‚Èæ¶‚Ì‚æ‚¤‚È‹C‚¿‚Évg‚È‚éh‹{èä»—¢¹Ag”ü˜aƒ^ƒ}h–L“ˆ‰Ô•‹ß“¡‰Ø‚à—Ü,https://news.yahoo.co.jp/articles/2b9f629a3f34b737b7173351c9d91fd436de8740,9/20(…) 6:02
tvlife,TV LIFE web,Œ´Ø”T‰Ø‚ªgŒƒ‚µ‚·‚¬‚éˆ¤h‚ğŒ©‚¹‚é‚Z¶–ğ‚Åw“Dà^‚ÌH‘ìx‚Éo‰‰@gƒTƒŒÈhŒË“cØ•äAg“Åeh“›ˆä^—q‚à‰ğ‹Ö,https://news.yahoo.co.jp/articles/7e8a7dd1d58848b5ba6a0f642059c1236eac88bc,9/20(…) 6:02
tvlife,TV LIFE web,w¬òF‘¾˜Y•ƒ€ƒƒcƒˆƒV ©—R‹C‚Ü‚Ü‚É2l—·x‘æ5’e‚ª•ú‘—Œˆ’èI”Ô‘g‰‚ÌŠCŠOƒƒP‚ÅƒAƒƒŠƒJEƒƒTƒ“ƒ[ƒ‹ƒX‚Ö,https://news.yahoo.co.jp/articles/197f43c475e9b4b46504666a48cf666b114c1b34,9/20(…) 5:30
tvlife,TV LIFE web,–{–Ø‰ëO~‘ê“¡Œ«ˆê‚Ågƒ~ƒXƒ^[Eƒ‰ƒOƒr[h•½”ö½“ñ‚³‚ñ‚ÆR’†L–í‹³ö‚Ì’m‚ç‚ê‚´‚é—Fî•¨Œê‚ğƒhƒ‰ƒ}‰»yƒRƒƒ“ƒg‚ ‚èz,https://news.yahoo.co.jp/articles/f3dc706bd13a27e3303213b99df3f7f5bddf4538,9/20(…) 5:00
tvlife,TV LIFE web,yBiS˜AÚƒRƒ‰ƒ€zƒiƒm3@gu¡v‚ğ‚à‚Á‚Æ‘åØ‚É‚µ‚È‚«‚á‚Æv‚Á‚½h‰f‰æuƒNƒŒƒˆƒ“‚µ‚ñ‚¿‚á‚ñ@—’‚ğŒÄ‚Ôƒ‚[ƒŒƒcIƒIƒgƒi’é‘‚Ì‹tPv,https://news.yahoo.co.jp/articles/fba79bb15f658e56901ea556d1ee8ebab6f492cf,9/19(‰Î) 20:20
tvlife,TV LIFE web,“n•”“Ä˜YAŒE’Ëˆ¤—¬‚ª÷“c‚Ğ‚æ‚èå‰‰w‚ ‚½‚è‚ÌƒLƒbƒ`ƒ“Ix‚Åeq–ğ@H“¡”ü÷AŒ´¹’mŠGA•õ‘ºƒŠƒG‚ào‰‰,https://news.yahoo.co.jp/articles/c8aa89d37d618d31c3ae567f93d491f67c3a081a,9/19(‰Î) 20:00
tvlife,TV LIFE web,¼“‡Gr~“à–ì¹—zw‚«‚Ì‚¤‰½H‚×‚½H season2xOPƒe[ƒ}‚Í‘å‹´ƒgƒŠƒIAEDƒe[ƒ}‚ÍBialystocks‚ª’S“–,https://news.yahoo.co.jp/articles/4f2eb54eb25d27b036f5ba824ccb42bb3227147b,9/19(‰Î) 18:40
tvlife,TV LIFE web,‘t‰¹i‰ª–{—æj•éçi’·È—å‰›j‚ª‘I‚Ô–¢—ˆ‚Ícw‚»‚ÌŒ‹¥A³‹C‚Å‚·‚©HxÅI‰ñ‚ ‚ç‚·‚¶•ê–ÊÊ^ŒöŠJyƒRƒƒ“ƒg‚ ‚èz,https://news.yahoo.co.jp/articles/d839ec0252bc419e037c6822021daae099d65b23,9/19(‰Î) 18:10
tvlife,TV LIFE web,w^‰Ä‚ÌƒVƒ“ƒfƒŒƒ‰xƒNƒ‰ƒ“ƒNƒAƒbƒv@XµØuŠF‚³‚ñ‚É‰·‚©‚­x‚¦‚Ä‚¢‚½‚¾‚«Š´Ó‚µ‚Ä‚¢‚Ü‚·vŠÔ‹{Ë‘¾˜Nu˜a‹C‚ ‚¢‚ ‚¢‚ÆŠy‚µ‚­ˆê‚É^‰Ä‚ğ‹ì‚¯”²‚¯‚é‚±‚Æ‚ª‚Å‚«‚Ü‚µ‚½v,https://news.yahoo.co.jp/articles/30a3be17f402127d154be2c417aec77bea81c244,9/19(‰Î) 15:35
tvlife,TV LIFE web,‰Á“¡’ƒ•‚–Øƒu[‚ÌuƒhƒŠƒt‡“¯ƒo[ƒXƒf[ƒp[ƒeƒB[vŠJÃI‰Á“¡‚ÌÈEˆ»ØlˆÄ‚ÌŒ¸‰–ƒŒƒVƒs‚ª“oê@Œõ‰Y–õq‚ÌƒJƒiƒ_—¯Šw¶Šˆ‚àƒeƒŒƒr‰ŒöŠJw‰Æ–ƒ„ƒƒE!!!x,https://news.yahoo.co.jp/articles/8c749e98a91f76e4506f2d509caf0d7fc8e088f6,9/19(‰Î) 15:05
tvlife,TV LIFE web,‹øƒJƒc“c’†‚ÅgƒJƒEƒ“ƒgƒ_ƒEƒ“10h‚É’§íIí˜AEƒqƒRƒƒq[‚ÌƒMƒƒƒ“ƒuƒ‹”M‚ªƒq[ƒgƒAƒbƒvu‚ß‚Á‚¿‚á‚¨‚à‚ë‚¢Ivw‰Î—j‚Í‘S—ÍI ‰Ø‘å‚³‚ñ‚Æç’¹‚­‚ñx,https://news.yahoo.co.jp/articles/e38468df9b77635ffe1326110dbc12aea6f6b881,9/19(‰Î) 12:23
tvlife,TV LIFE web,w‰Æ­•v‚Ìƒ~ƒ^ƒ]ƒmxTELASA‚Å‘SƒV[ƒYƒ“”zMuMY BESTƒ~ƒ^ƒ]ƒmv“Š•[ƒLƒƒƒ“ƒy[ƒ“‚àŠJn,https://news.yahoo.co.jp/articles/025e8288961c753e7cbbc5640c34ce1418089014,9/19(‰Î) 12:04
tvlife,TV LIFE web,²X–Ø‘ ”V‰îå‰‰wƒ}ƒCƒz[ƒ€ƒq[ƒ[xƒfƒBƒYƒj[ƒvƒ‰ƒX‚Å¢ŠEŒ©•ú‘è“Æè”zM@‚‹´‹±•½AâV“¡”ò’¹A–Ø‘º‘½]‚ç‚ª‹¤‰‰,https://news.yahoo.co.jp/articles/bcb511d352c097eb30d7adb19f8cb794526eacb7,9/19(‰Î) 10:01
tvlife,TV LIFE web,Anly‚ªwƒnƒŒ[ƒVƒ‡ƒ“ƒ‰ƒuxB‰eŒ»ê‚ğ–K–â@å‘è‰ÌuEYEv‚Ì¶‰Ì¥‚Éîà‹´‚Ğ‚©‚éAˆêƒm£éD‚ç‚àŠ´Œƒ,https://news.yahoo.co.jp/articles/2ba30e189d85fcaf17fcddf40a37f031d8ede5c7,9/19(‰Î) 6:03
tvlife,TV LIFE web,ƒWƒƒƒXƒeƒBƒ“Eƒr[ƒo[‚ÌƒoƒbƒNƒ_ƒ“ƒT[EMaasa‚ª‚³‚ñ‚Ü‚ÉƒKƒ`ƒKƒ`u¢ŠE‚Ì‚Ç‚Ì•‘‘ä‚æ‚è‹Ù’£‚·‚évw—x‚éI‚³‚ñ‚ÜŒä“a!!x,https://news.yahoo.co.jp/articles/33a19c7427eb2392e97120d83c63b82609c7a3d1,9/19(‰Î) 6:02
tvlife,TV LIFE web,w‹`•ê‚Æ–º‚Ìƒuƒ‹[ƒXx—ˆ”N‚Ì³ŒSP‚ÅŠ®Œ‹Iˆ»£‚Í‚é‚©A’|–ì“à–LA²“¡Œ’Aã”’Î–G‰ÌAˆä”V˜eŠC‚ªg‚¬‚Ú‚Ş‚·h‚Ö‚Ìv‚¢Œê‚é,https://news.yahoo.co.jp/articles/734686758bd646d77a6b05386f3990452e9eefa2,9/19(‰Î) 4:00
tvlife,TV LIFE web,wCDTVƒ‰ƒCƒuIƒ‰ƒCƒuIx100‰ñ‹L”O3ŠÔ”¼SP‚ÉENHYPENAJO1AINIABE:FIRSTAŸNâ46ATani YuukiAKyrieAWANIMAAflumpool‚ªo‰‰,https://news.yahoo.co.jp/articles/23f2fea3476c3352eb1bbd57b5560838744dbf6d,9/18(Œ) 21:00
tvlife,TV LIFE web,å‰‰E“¡ˆä—¬¯‚ÌƒN[ƒ‹‚Èê–ÊÊ^‚ªŒöŠJ@¬—Ñ—ÁqA¬‹{—‰›‚ç’Ç‰ÁƒLƒƒƒXƒg‚à‰ğ‹Öw18ÎAVÈA•s—Ï‚µ‚Ü‚·Bx,https://news.yahoo.co.jp/articles/a1333ca2208c4ab62a2aac884a0468837132755b,9/18(Œ) 19:01
tvlife,TV LIFE web,ˆÀ“¡ƒTƒNƒ‰~R“c—Á‰îuBAD LANDS@ƒoƒbƒhEƒ‰ƒ“ƒYvƒXƒ|ƒbƒg‰f‘œu”¾‹t•Ñvu–d—ª•Ñv‰ğ‹Ö,https://news.yahoo.co.jp/articles/a1a36fcd61402a58326a938ccfc07b4dff94af2a,9/18(Œ) 12:04
tvlife,TV LIFE web,¬Å•—‰Ô‚ªw“]E‚Ì–‚‰¤—lx‘æ10˜b‚ğŒê‚éuç°‚É‚Æ‚Á‚Ä‚·‚²‚­‘å‚«‚È—û‚Ì‰ñvg–‚‰¤h—ˆ²i¬“c—½j•ç°‚Ì‰ß‹‚à–¾‚ç‚©‚É,https://news.yahoo.co.jp/articles/6d7f19276d7fc9dd436708512506ea19000ceeaa,9/18(Œ) 8:03
tvlife,TV LIFE web,‘ºãMŒÜ•ƒ}ƒcƒR‚ªul¶‚ÌÅŒã‚ÉH‚×‚½‚¢‚à‚Ìƒ‰ƒ“ƒLƒ“ƒOv1ˆÊ‚ğ—\‘zwŒ—j‚©‚ç–é‚Ó‚©‚µx,https://news.yahoo.co.jp/articles/b8e7678953a62d82d9770e164f2e7bf875f9ab6a,9/18(Œ) 8:00
tvlife,TV LIFE web,oŒû‰ÄŠó‚ªw‚í‚½‚µ‚Ìˆê”ÔÅˆ«‚È‚Æ‚à‚¾‚¿x‘æ5T‚ÉƒQƒXƒgo‰‰uAEŠˆ“®‚É’¼–Ê‚·‚é”N—î‚Å‚à‚ ‚é‚Ì‚Å“™g‘å‚Å‰‰‚¶‚Ü‚µ‚½v,https://news.yahoo.co.jp/articles/70524a01647761126a6cae61cff1dc00058c7bbe,9/18(Œ) 7:10
tvlife,TV LIFE web,XµØAŠÔ‹{Ë‘¾˜N‚ªwŒÄ‚Ño‚µæ¶ƒ^ƒiƒJx‚É‰“oZIX‚Ìg3í—Ş‚ÌÎŠçh‚Éˆê“¯ƒƒƒƒ@‘ºdˆÇ“ŞA‚â‚·q‚ç‚ÍUSJ‚ÅE‹Æ‘ÌŒ±,https://news.yahoo.co.jp/articles/f231a0b424f6e18a3bf4b7e95bd519899aabd068,9/18(Œ) 6:02
tvlife,TV LIFE web,–î“cˆŸŠóq•‚Ú‚ém‚ª•Ÿ“‡‚Å‹Éã‰Ê•¨ƒXƒC[ƒc’T‚µ‚Ì—·@‚«‚è‚â‚Í‚é‚©‚Ì•·‚«‚İ‚ÅˆÃ‰_w‹A‚êƒ}ƒ“ƒf[Œ©‚Á‚¯‘à!!x,https://news.yahoo.co.jp/articles/76c36144b26796d1969048081b3c14916df76473,9/18(Œ) 6:00
tvlife,TV LIFE web,–{‰¼‰®ƒ†ƒCƒJ‚ª‘Š—t‰ë‹I‚ÌÈ–ğ‚Åw¡“ú‚©‚çƒqƒbƒgƒ}ƒ“x‚Éo‰‰Œˆ’èu‘Š—t‚³‚ñ‚Ée‹ßŠ´‚ÆˆÀSŠ´vâ¨—˜•vA–{‘½—ÍAŸ‘º­M‚à‹¤‰‰,https://news.yahoo.co.jp/articles/afa6eea282d4df604f22ea279a40bae34603a1f4,9/18(Œ) 5:30
tvlife,TV LIFE web,¡“c”ü÷‚ª–Ø—jŒ€êw‚¢‚¿‚Î‚ñ‚·‚«‚È‰Ôx4l–Ú‚ÌålŒö‚ÉŒˆ’è@‘½•”–¢‰ØqA¼‰ºŸ©•½A_”ö•–ì‚ÆgƒNƒAƒgƒå‰‰h‚É’§‚ŞyƒRƒƒ“ƒg‚ ‚èz,https://news.yahoo.co.jp/articles/76581865ee2b81b043431f15df23fd156d107eea,9/18(Œ) 5:00
tvlife,TV LIFE web,HiHi Jetsîà‹´—D“l‚ªwŒN‚ª€‚Ê‚Ü‚Å‚ ‚Æ100“úx‚Å“úƒeƒŒƒhƒ‰ƒ}’P“Æ‰å‰‰I‹¤‰‰‚Éˆäã‹HyƒRƒƒ“ƒg‚ ‚èz,https://news.yahoo.co.jp/articles/d895d542a7cfd74762166d85f81bcb719ee66a07,9/18(Œ) 4:00
tvlife,TV LIFE web,”’Î¹‚ª”Ñ–L‚Ü‚è‚¦å‰‰w‰½—j“ú‚É¶‚Ü‚ê‚½‚Ìx‚ÉƒIƒŒƒ“ƒWƒwƒA‚Å“oê@•¨Œê‚ğ“®‚©‚·“ä‚Ì”ü—‚ğ‰‰‚¶‚é,https://news.yahoo.co.jp/articles/2e158d1800c99c666ba738a055a05a3f92ee87ac,9/17(“ú) 23:30
tvlife,TV LIFE web,w‚Ç‚¤‚·‚é‰ÆNxÅŒã‚Ìƒ^ƒCƒgƒ‹ƒoƒbƒN•ÏX@‰‰o“Š‡E‰Á“¡‘ñu–{“–‚Ì–L‚©‚³‚Æ‚Í‚È‚É‚©‚ğ’Ç‚¢‹‚ß‚é‚±‚Æ‚ğ‰ÆN‚Ì‘æO–‹‚Æ‚µ‚½‚¢v,https://news.yahoo.co.jp/articles/3999bb754721c4f13bb35a596f781c16dd9e9b2d,9/17(“ú) 20:51
tvlife,TV LIFE web,•º“ªŒ÷ŠCAˆÉ“¡‚ ‚³‚ĞA›¶V÷A‰œ–ì‘s‚ç12l‚ª—é–Ø—º•½å‰‰w‰º™ã‹…™x‚Å‹…™ƒLƒƒƒXƒg‚ÉŒˆ’è,https://news.yahoo.co.jp/articles/eebe3358efb3cd8eeaa3cf053df5f32a2ba36035,9/17(“ú) 15:00
tvlife,TV LIFE web,wƒJƒƒVƒ}‚ÌŒŠx‘æ3’e‚Íƒ_ƒCƒAƒ“E’Ã“c“ÄG‚ÌƒIƒt‚É–§’…IOl˜YE¬‹{_M‚ÌgË”\‚Ì³‘Ìh‚à‰ğ–¾,https://news.yahoo.co.jp/articles/1e8cefd00020e9f9366c9080398047f0deff6030,9/17(“ú) 12:03
tvlife,TV LIFE web,‚«‚Â‚ËE’W˜HK½‚ªwœœ‚¿‚á‚ñx‚Éo‰‰Œˆ’èIƒqƒƒCƒ“E‹MqiHR‚ä‚¸‚«j‚ğx‚¦‚ég—D’jh‚ğD‰‰,https://news.yahoo.co.jp/articles/d4d9791bc75da3a4bfc360994a9e0031df629235,9/17(“ú) 12:00
tvlife,TV LIFE web,KinKi Kids“°–{Œõˆê‚ªe—FEˆäã–F—Y‚Æ’é‘Œ€ê‚ÖIƒeƒŒƒr‰ŒöŠJ‚ÌêŠ‚Éö“üws—ñ‚Ì‚Å‚«‚é‘Š’kŠx,https://news.yahoo.co.jp/articles/2919bec7150124795b0312dc20b72a0a346b8234,9/17(“ú) 10:00
tvlife,TV LIFE web,wVIVANTx¡–éÅI‰ñI–ğŠLiu—]‰C‚ªc‚èA‚Ü‚¾æ‚ğ’m‚è‚½‚¢‚Æv‚¦‚éÅI‰ñv,https://news.yahoo.co.jp/articles/da6f815943bff44ccdefcc1a1217cd67117fdbf1,9/17(“ú) 9:01
tvlife,TV LIFE web,‚È‚É‚í’jqE¼”¨‘åŒá‚ªw‘Š—tƒ}ƒiƒux‰“oêIl¶‰‚Ì‹™‚ÅŠCã‚É‚©‚©‚é“ø‚É‘å‹»•±,https://news.yahoo.co.jp/articles/ac42aa738ee74bdce4ddfc37537da5e7f2e856f3,9/17(“ú) 6:02
tvlife,TV LIFE web,¬’r‰hq‚ª‹g‰ªG—²A¬—ÑŒOAìŠÔ—´“l‚ğ‚¨‚ñ‚ÔIwƒRƒ^ƒc‚ª‚È‚¢‰Æxƒ|ƒXƒ^[ƒrƒWƒ…ƒAƒ‹•ƒeƒBƒU[‰f‘œ‰ğ‹Ö,https://news.yahoo.co.jp/articles/60ae9133bee2cfdef4385e0d1e31fdf1637f1e82,9/17(“ú) 6:02
tvlife,TV LIFE web,wVIVANTx”Ñ“c˜aFP‚ªŠe˜b‚Ì’–Úƒ|ƒCƒ“ƒg‚ğ‚¨‚³‚ç‚¢@ÅI‰ñ‚ÌŒ©‚Ç‚±‚ë‚Íu‰Æ‚ÌƒeƒŒƒr‚ª‰ó‚ê‚Ä‚µ‚Ü‚¤‚ñ‚¶‚á‚È‚¢‚©‚Æ‚¢‚¤‹‰Ø‚ÈƒV[ƒ“v,https://news.yahoo.co.jp/articles/0c18a27a946a57ec50909f3300ad472a2f35f018,9/16(“y) 20:01
tvlife,TV LIFE web,–x“c^—R~”‹Œ´—˜‹vw‚½‚Æ‚¦‚ ‚È‚½‚ğ–Y‚ê‚Ä‚àxg¡A‚±‚ÌuŠÔ‚ÌK‚¹h‚ğØ‚èæ‚Á‚½ƒeƒBƒU[ƒrƒWƒ…ƒAƒ‹•PR‰f‘œ‰ğ‹Ö,https://news.yahoo.co.jp/articles/212bc18c269f9c42bc442153921ee4017fe54097,9/16(“y) 18:00
tvlife,TV LIFE web,‚Â‚¢‚ÉÅI‰ñIä‰ël‚ªŒê‚éwVIVANTx‚Ö‚Ìv‚¢u‰½‚©‚ÌŒ`‚Å‚Ü‚½”T–Ø—J•‚Æ‚¢‚¤l•¨‚ğ‰‰‚¶‚Ä‚İ‚½‚¢v,https://news.yahoo.co.jp/articles/2fb48b3544ce6e0d0e1c29045bc84af2b91c890b,9/16(“y) 17:01
tvlife,TV LIFE web,‚‹´Œõb‚ªw“]E‚Ì–‚‰¤—lx‘æ10˜b‚ÉƒQƒXƒgo‰‰@‹‹—¿2”{‚ğŠó–]‚·‚é‹EÒ‚ÉyƒRƒƒ“ƒg‚ ‚èz,https://news.yahoo.co.jp/articles/e5db023fe670abd24b43f7ec5d95874d854c9cb9,9/16(“y) 12:11
tvlife,TV LIFE web,“úŒüâ46ê“¡‹qå‰‰w“Dà^‚ÌH‘ìx‚É‹g‘ò—IAŸNˆäŠC‰¹‚ªo‰‰Œˆ’è gƒpƒ‰ƒTƒCƒg•s—Ïh‚Éˆø‚«‚¸‚è‚Ü‚ê‚éeq–ğyƒRƒƒ“ƒg‚ ‚èz,https://news.yahoo.co.jp/articles/963ca7c2937e922e103647a3220d89af0c99f106,9/16(“y) 12:11
tvlife,TV LIFE web,R“c—Á‰î‚ªgŠë‚¤‚³h‚Æg‚¢‚Æ‚¨‚µ‚³h‚ÅV‹«’nuBAD LANDS@ƒoƒbƒhEƒ‰ƒ“ƒYvVê–ÊÊ^‰ğ‹Ö,https://news.yahoo.co.jp/articles/a7e07cf42c4d1280965d8e848b0769e6c1ba7d44,9/16(“y) 12:03
tvlife,TV LIFE web,wVIVANTx‚Ìƒhƒ‰ƒ€‚ªwƒxƒXƒRƒ“ƒOƒ‹ƒxƒiƒŒ[ƒVƒ‡ƒ“‚ğ’S“–Iƒ‰ƒOƒr[“ú–{‘ã•\E•P–ì˜a÷•RG•t“ú‚ª‰òƒXƒe[ƒL‚ğ–Úw‚µ‚Ä•à‚­,https://news.yahoo.co.jp/articles/927a85a0cfdeec8fff68a8f8d1d78e066da6f53b,9/16(“y) 11:00
tvlife,TV LIFE web,V”Ô‘gw1”‘‰Æ‘°x¡–éƒXƒ^[ƒgI–kŠC“¹•ÂX‚Å•é‚ç‚·gß–ñ‰Æ‘°h‚É–§’…@‘åò—m‚ªuƒfƒŒƒfƒŒ‚ÌƒpƒpvƒGƒsƒ\[ƒh‚ğ”â˜I,https://news.yahoo.co.jp/articles/aa07af803c132e24d2451b4c5ad61307d8592616,9/16(“y) 9:50
tvlife,TV LIFE web,‘çŒíŒÕ‘¿˜NA–Ø‘ºã‚ªwMaybe —ö‚ª’®‚±‚¦‚éx‚Éo‰‰Œˆ’èw„‚ª——D‚É‚È‚é“úQxƒtƒ@ƒCƒiƒŠƒXƒgEâ–{ÊAŠİ–{¬áA˜a‘½“c–Gˆß‚àyƒRƒƒ“ƒg‚ ‚èz,https://news.yahoo.co.jp/articles/c2e2a74078f712c1ad6c0e592d76914a6d9cdc5a,9/16(“y) 9:04
tvlife,TV LIFE web,ŸNˆäãÄ•‹g‘º’‚ª¢ŠEˆâYE—´ˆÀ›‚ÅÎ’ë‘¢‚è‚É‘å‹»•±IƒQƒXƒg‚ÍˆÀ“¡ƒTƒNƒ‰•R“c—Á‰îwSHOWƒ`ƒƒƒ“ƒlƒ‹x,https://news.yahoo.co.jp/articles/504dc8acd1c3d5402be0e37ae4cd70241a4e7d1a,9/16(“y) 8:53
tvlife,TV LIFE web,ƒeƒBƒ‚ƒ“ƒfƒB‘O“c—T‘¾‚ª—a‚©‚é•ÛŒì”Lg‚Ş‚£h‚¿‚á‚ñ‚ª÷“n‰ï‚ÖwšjŒÄ!!‚İ‚ñ‚È‚Ì“®•¨‰€2ŠÔSPx,https://news.yahoo.co.jp/articles/3c73ec8891801364d8f8bd90a855c9619e079c25,9/16(“y) 8:45
tvlife,TV LIFE web,‚‹´•¶Æ~u‘¸~Wå‰‰wƒtƒFƒ‹ƒ}[‚Ì—¿—xƒ|ƒXƒ^[ƒrƒWƒ…ƒAƒ‹‰ğ‹Ö@‹yìŒõ”‚Ìo‰‰‚àŒˆ’èuƒCƒPƒIƒW‚Æ‚µ‚Äs—Í‚µ‚½‚¢Iv,https://news.yahoo.co.jp/articles/5e3cc1464120f5fcbb5ec6b9eed96c963724270d,9/16(“y) 8:12
tvlife,TV LIFE web,ƒiƒCƒ“ƒeƒBƒiƒCƒ“•a’J“âç‚ªMCwENGEIƒOƒ‰ƒ“ƒhƒXƒ‰ƒ€x”šÎ–â‘èAƒoƒJƒŠƒYƒ€AƒMƒƒƒƒbƒvAƒiƒCƒ`ƒ“ƒQ[ƒ‹ƒ_ƒ“ƒX‚Ù‚©‹‰ØŒ|l‚ªWŒ‹,https://news.yahoo.co.jp/articles/81877ef01751f4b2eeb30fec5a72a82a93397d34,9/16(“y) 7:02
tvlife,TV LIFE web,“|—i¼‘º–k“lj••X‰Ji¼”¨‘åŒájW’T’ã‚ª”ü‰ei‘‰³—‘¾ˆêj‚Æ‚ÌgÅŒã‚Ì‘ÎŒˆh‚É—Õ‚ŞwƒmƒbƒLƒ“ƒIƒ“EƒƒbƒNƒhƒhƒAx‘æ8˜b,https://news.yahoo.co.jp/articles/20f68fabb00469a1e62e94e41ac6282a53692ed6,9/16(“y) 6:00
tvlife,TV LIFE web,‰‰oU•t‰ÆEMIKIKO‚ªw“±“NŠw‚Æ‰‰o‚É‘Î‚·‚é”üŠw‚ğŒê‚éu©•ª‚É‚µ‚©‚È‚¢•\Œ»‚âŠ´î‚Í‰½‚¾‚ë‚¤‚Æl‚¦‚Ä‚Ù‚µ‚¢vwNHKƒAƒJƒfƒ~ƒAx,https://news.yahoo.co.jp/articles/289aee14704624a54b7eca01a1454bfc9968c1aa,9/15(‹à) 22:01
tvlife,TV LIFE web,wMƒXƒe3ŠÔSPxBE:FIRST‚ª‰“oêIV‚µ‚¢ŠwZ‚ÌƒŠ[ƒ_[ƒYAmiletASexy ZoneATREASURE‚ç‚ào‰‰,https://news.yahoo.co.jp/articles/19bf030aeb2a679f1328e7c6919e51a71ece8421,9/15(‹à) 21:31
tvlife,TV LIFE web,’†‹³LMCwÎ‚¢‚Ì³‘Ìx‘æ4’e‚Íuƒ‚ƒmƒ}ƒli‰»˜_vŒ€’c‚Ğ‚Æ‚èA“c’†‘ìuAƒqƒRƒƒq[‚Æƒ‚ƒmƒ}ƒlŒ|l‚ÌgÎ‚¢‚Ì“NŠwh‚É”—‚é,https://news.yahoo.co.jp/articles/6cbd570459a6373facd6d0ef6df4a338a5ea696d,9/15(‹à) 21:02
tvlife,TV LIFE web,THE RAMPAGE‚Ì’nã”gŠ¥”Ô‘gVƒV[ƒYƒ“wRUNIRUNIRAMPAGE Xx•ú‘—Œˆ’èI_’JŒ’‘¾u¡”N‚Ì‰Ä‚ğ‘S‚Ä‚¬‚ã‚Á‚Æ‹l‚ß‚İ‚Ü‚µ‚½Iv,https://news.yahoo.co.jp/articles/07d4288bc945af541478b480ee100317a41ef5b4,9/15(‹à) 20:11
tvlife,TV LIFE web,‹ÑŒïE’·’Jì‰ë‹I‚ªƒhƒbƒLƒŠ~ƒhƒ‰ƒ}w’m‚ç‚È‚¢‚Ì‚Íå–ğ‚¾‚¯x‘æ2’e‚Éå‰‰@‹r–{‚ÍwƒTƒ“ƒNƒ`ƒ…ƒAƒŠ|¹ˆæ|x‚Ì‹à‘ò’m÷,https://news.yahoo.co.jp/articles/15f0f86c154bdc42c4cabd6d846c60193f15b1c4,9/15(‹à) 18:07
tvlife,TV LIFE web,ƒoƒJƒŠƒYƒ€•ƒqƒRƒƒq[•‰¤—Ñ‚ª“Æ©‚Ìƒ‰ƒCƒtƒXƒ^ƒCƒ‹‚ğ‘—‚é—«‚½‚¿‚ğŠÏ@@K‚¹‚É¶‚«‚éƒqƒ“ƒg‚ğ’T‚éw3lŒ©‚ê‚Îƒ‚ƒ“ƒWƒ…‚Ì’mŒbx,https://news.yahoo.co.jp/articles/dfbb850f86fc801de2f5c589e8812a989ecf0d98,9/15(‹à) 12:09
tvlife,TV LIFE web,ƒeƒBƒ‚ƒ“ƒfƒBAãÀŒb”üq‚Æ‰‹¤‰‰‚ÅƒcƒbƒRƒ~‚Ìô—çu‚â‚ê‚Î‚Å‚«‚éIv‚Éu‘å‚«‚È‚¨¢˜bIvwãÀE‚“c‚ÌƒNƒMƒYƒPIx,https://news.yahoo.co.jp/articles/914b1f920bce0ebaad7526fb9951810d9a83be6e,9/15(‹à) 12:02
tvlife,TV LIFE web,ƒ‰ƒCƒuƒCƒxƒ“ƒgwƒtƒWŒ|lƒƒbƒNƒtƒFƒXƒeƒBƒoƒ‹2023xŠJÃŒˆ’èIŒ|l‚ªƒA[ƒeƒBƒXƒg‚Æ‚µ‚ÄƒKƒ`ƒpƒtƒH[ƒ}ƒ“ƒX@MC‚Í“n•Ó’¼”ü•àV•”—C,https://news.yahoo.co.jp/articles/e22b5ca9b30646db48aaafec6da846f78370b7f3,9/15(‹à) 10:01
tvlife,TV LIFE web,—é–Øˆ¤—‚ªå‰‰ƒhƒ‰ƒ}w„‚µ‚ªãi‚É‚È‚è‚Ü‚µ‚Äxå‘è‰Ì‚ğ’S“–@A“cŒ\•ãA‚–ö–¾‰¹A²“¡°”üA™Z‹Ê—yA‹g“cé—¢‚Ìo‰‰‚àŒˆ’è,https://news.yahoo.co.jp/articles/d10853a5d51e067b7a6eeada7a7662dc248c4dbc,9/15(‹à) 8:04
tvlife,TV LIFE web,“úŒü˜j~‚°‚ñ‚¶‚ÔE‘å‘q‹ólWå‰‰‚Ål‹CBL–Ÿ‰æwŒN‚Æ‚È‚ç—ö‚ğ‚µ‚Ä‚İ‚Ä‚àxÀÊ‰»@Œ´ìÒ‚Ì•`‚«‰º‚ë‚µƒCƒ‰ƒXƒg‚à“’…yƒRƒƒ“ƒg‚ ‚èz,https://news.yahoo.co.jp/articles/fec0809f38a1a7f1fc12fa49276688c0c6f8339d,9/15(‹à) 8:01
tvlife,TV LIFE web,gl‹Sh–ğE¼ˆä—æ“ŞA”Œ´ûj‚ªŒê‚éwƒMƒtƒeƒbƒh Season1x‚ÌŠy‚µ‚İ•ûulŠÔƒhƒ‰ƒ}‚Æ‚µ‚Ä‚à”ñí‚ÉŒ©‰‚¦‚ª‚ ‚év,https://news.yahoo.co.jp/articles/82d6b106fb7d5136861f9812aa5c7fb3cf6aa724,9/15(‹à) 7:02
tvlife,TV LIFE web,Snow Man‚ª–{‹C‚Åƒ_ƒuƒ‹ƒ_ƒbƒ`“ú–{ˆê‚É’§‚ñ‚¾4‚©Œ‚É–§’…@–Ú•˜@‚ÌgŒ¶‚Ì‹‘å‹›h’Ş‚è‚àw‚»‚êƒXƒmx2ŠÔSP¡–é•ú‘—,https://news.yahoo.co.jp/articles/b3458937e8dc196b3b3314b90a6c43c6adf62d6f,9/15(‹à) 7:01
tvlife,TV LIFE web,¼‘º–k“l•¼”¨‘åŒáwƒmƒbƒLƒ“ƒIƒ“EƒƒbƒNƒhƒhƒAxƒNƒ‰ƒ“ƒNƒAƒbƒv‚ÅŠ´–³—Êu‚·‚²‚­¬’·‚³‚¹‚Ä‚¢‚½‚¾‚¢‚½vuhŒƒ“I‚È‰Ä‚ğ‰ß‚²‚¹‚½v,https://news.yahoo.co.jp/articles/3db5ec1e32277671b2dcf55b9c9da71508ded142,9/15(‹à) 7:00
tvlife,TV LIFE web,­™“‡Œ§ŠìŠE“‡‚Ìg‚Ç‚¤‚Ô‚Â‘å‰Æ‘°h‚É–§’…IKing & Princeîà‹´ŠCluŒÂ«‚ª‹­‚­‚Ä–{“–‚É–Ê”’‚¢vwâã‚Ç‚¤‚Ô‚Â‰¤‘x,https://news.yahoo.co.jp/articles/b178b2d03279d00fb98672a8fa7d2e2de3a40773,9/15(‹à) 6:31
tvlife,TV LIFE web,ƒ_ƒCƒAƒ“AˆÙ—á‚ÌgŠ¥ƒQƒXƒgh”Ô‘gwƒQƒXƒgƒ_ƒCƒAƒ“x‚Éè‰‚¦u‚±‚ê‚Í–Ó“_‚â‚Á‚½v‰‰ñ‚Í“Œo¹‘åMC‚Ì–ì‰cƒoƒ‰ƒGƒeƒB,https://news.yahoo.co.jp/articles/8841b8988f1391a4ddacd99b13a36f71b3ea265a,9/15(‹à) 6:10
tvlife,TV LIFE web,Œã“¡‹PŠî•ƒzƒ‰ƒ“çHMCwƒjƒ“ƒ`ƒh’²¸ƒVƒ‡[x‚ªwƒUEƒjƒ“ƒ`ƒhƒVƒ‡[x‚ÉƒŠƒjƒ…[ƒAƒ‹ g’²¸h‚ª‚Æ‚ê‚ÄuŒ¾‚¢‚â‚·‚­‚È‚è‚Ü‚µ‚½v,https://news.yahoo.co.jp/articles/17f7d827959292e6cf436a7b87105689e7f7cd91,9/15(‹à) 6:05
tvlife,TV LIFE web,g‚¨‚¶‚©‚íhƒ€ƒƒcƒˆƒV‚ª•½è—F—œ“Ş‚És‚­‚·w‚¤‚¿‚Ì•ÙŒìm‚Íè‚ª‚©‚©‚éxƒ|ƒXƒ^[ƒrƒWƒ…ƒAƒ‹‰ğ‹Ö@‰‰ñ•ú‘—“ú‚Í10Œ13“ú,https://news.yahoo.co.jp/articles/a4a581c6945f55c7087597b5504e0ac7d4392712,9/15(‹à) 6:05
tvlife,TV LIFE web,w‹àƒ[xu‰ö“ƒOƒ‹[‚Ìƒ~ƒjƒIƒ“‘å’E‘–vuƒ~ƒjƒIƒ“ƒYv2T˜A‘±•ú‘—@ƒ~ƒjƒIƒ“D‚«•KŒ©‚Ì’Z•ÒƒAƒjƒ‚à,https://news.yahoo.co.jp/articles/6c3d8b1a9505e680e0b451765c7d1a66f35e83a6,9/15(‹à) 6:05
tvlife,TV LIFE web,w”š”ƒ‚¢™ƒXƒ^[‰¶•Ô‚µxÅI‰ñ@—é–Ø—º•½‚ç‚Ì•êZ‚Ö‚ÌƒTƒvƒ‰ƒCƒY”š”ƒ‚¢‚ğ“ÁW@–ñ4”NŠÔ‚Å‰„‚×83l‚ªg‚Á‚½‹àŠz‚à–¾‚ç‚©‚É,https://news.yahoo.co.jp/articles/68d0217d9a5cb6a083bc6cb1d216c667f0416ae9,9/15(‹à) 5:30
tvlife,TV LIFE web,Œã“¡‹v”üq‚ª¼–{´’£wŠçx‚Å30”N‚Ô‚èƒhƒ‰ƒ}å‰‰u•ˆäç‚Æ‚Ì‹¤‰‰ìA‘æ1ƒ‰ƒEƒ“ƒh‚Å‚·v,https://news.yahoo.co.jp/articles/25eb53f92c8b8df0e010c248412deb08962f118e,9/15(‹à) 5:02
tvlife,TV LIFE web,Snow Man–Ú•˜@wƒgƒŠƒŠƒIƒ“ƒQ[ƒ€xƒNƒ‰ƒ“ƒNƒAƒbƒv‚Å[À‚ÌÎŠçu‚·‚²‚­‚¢‚¢ŒoŒ±‚ª‚Å‚«‚Ü‚µ‚½v‘Š–_E²–ì—E“l‚Æ”M‚¢ƒnƒO,https://news.yahoo.co.jp/articles/47957cac273f540171fc05769e0a89bf0368a03b,9/15(‹à) 5:00
tvlife,TV LIFE web,R“cˆÇ“Ş‚ª‹e’r•—–‚ÆƒoƒfƒBŒ‹¬wƒ[ƒCƒ`ƒ‡[x‚Å‰‚ÌĞ‰ïl–ğ‚É’§íuƒŠƒAƒ‹‚È”N—îŠ´‚ğ¶‚©‚¹‚ê‚Îv,https://news.yahoo.co.jp/articles/4fe8c58bf2d23c434722c9c4174744b2f8fe8904,9/15(‹à) 4:00
tvlife,TV LIFE web,¼–ìµ£å‰‰wƒ|ƒP‚Â‚ßx‚ÉŠ}¼«A•½–ìˆ»A¢ŒÃŒû—½A“à“c—‰›A²“¡]—œq‚ç@–ö—t•q˜Y‚àƒXƒg[ƒŠ[ƒeƒ‰[g‘å–ØŒËh–ğ‚Åº‚Ìo‰‰,https://news.yahoo.co.jp/articles/ae2a80ee76d50182f9bb0a380bc17f919d1bda7b,9/14(–Ø) 21:02
tvlife,TV LIFE web,‹g‰ª—¢”¿~‰iR‰l‘¾w‚ğ‚©‚¯‚é‚ÈA—öl‚½‚¿x‚ÉˆÉ“¡–œ—‰ØA¼Š_ AÎ“c„‘¾AƒVƒ\ƒ“ƒk‚¶‚ë‚¤‚ªo‰‰yƒRƒƒ“ƒg‚ ‚èz,https://news.yahoo.co.jp/articles/96307a4160d6b3283cc2e54684aeb7d08e4cc393,9/14(–Ø) 17:04
tvlife,TV LIFE web,ƒI[ƒhƒŠ[t“ú‚ªgª‚É‚Á‚Ä‚¢‚éh“Œ–ìK¡‚ÌƒcƒbƒRƒ~‚É¼–{lu‘å”šÎINovelbrightE’|’†—Y‘å‚ª‰“oêwlu¼–{‚Ìğ‚Ìƒcƒ}ƒ~‚É‚È‚é˜bx,https://news.yahoo.co.jp/articles/e2c4913f0b61b4277cd82ae8bacb18104466b869,9/14(–Ø) 15:01
tvlife,TV LIFE web,wƒuƒ‰ƒbƒNƒtƒ@ƒ~ƒŠƒAx”Â’J—R‰Ä‚Ì‰Æ‘°–ğ‚ÉR’†’AXèƒEƒBƒ“A“nç³—²A¯”T–²“Ş@ƒƒCƒ“ƒrƒWƒ…ƒAƒ‹‚à‰ğ‹ÖyƒRƒƒ“ƒg‚ ‚èz,https://news.yahoo.co.jp/articles/a559f78b7260b6b5e563623394362746c17b14d0,9/14(–Ø) 12:00
tvlife,TV LIFE web,ãì—²–ç‚ªw¢ŠE“®‰æƒjƒ…[ƒXxƒS[ƒ‹ƒfƒ“‰‰ñ2ŠÔSP‚ÉƒQƒXƒgo‰‰u‚±‚ê‚Ü‚Å‚Ì‹ó‹CŠ´‚»‚Ì‚Ü‚Ü‚Ìg•Ï‚í‚ç‚È‚³h‚ª‘f°‚ç‚µ‚¢v,https://news.yahoo.co.jp/articles/531ad9bbce1d152261242f501246771ce0bf0d66,9/14(–Ø) 8:03
tvlife,TV LIFE web,[ì–ƒˆß~ˆä‰YVu”‚Â‚ñƒhƒ‹v‚É¼‰Y‚è‚å‚¤A–ö‚ä‚èØA’–’ËŒ’‘¾‚ç‚ªo‰‰Œˆ’è@ƒƒCƒ“ƒrƒWƒ…ƒAƒ‹•–{—\•å‘è‰Ì‚à‰ğ‹Ö,https://news.yahoo.co.jp/articles/bfc442046bc237b3e60c7d4a86208ed9c4633322,9/14(–Ø) 8:03
tvlife,TV LIFE web,AKB48”–Ø—R‹I‚ª’nŒ³E­™“‡Œ§‚Ìh‚»‚¤‚ß‚ñ—¬‚µh‚Ì–£—Í‚ğŒê‚éw”é–§‚ÌƒPƒ“ƒ~ƒ“SHOW‹Éx,https://news.yahoo.co.jp/articles/60c5b7268fd9714c24113f0de9513d7b4d640d34,9/14(–Ø) 7:31
tvlife,TV LIFE web,¶£Ÿ‹vƒCƒ“ƒ^ƒrƒ…[uÁ–h’c‚Æ‚Í‚Ç‚¤‚¢‚¤‚à‚Ì‚©B‚»‚ê‚ğ•`‚¢‚½“_‚Å‚àˆÓ‹`‚Ì‚ ‚éƒhƒ‰ƒ}‚¾‚Á‚½‚Æv‚¢‚Ü‚·vwƒnƒ„ƒuƒTÁ–h’cx,https://news.yahoo.co.jp/articles/cfb3343fc538c195b00183d3763732fae23edea8,9/14(–Ø) 7:03
tvlife,TV LIFE web,á‘º–ƒ—R”ü‚ªw‚±‚Ì‘f°‚ç‚µ‚«¢ŠExƒNƒ‰ƒ“ƒNƒAƒbƒv‚Å—ÜuŠF‚³‚ñ‚Éx‚¦‚ç‚ê‚È‚ª‚çŠ®‘–‚Å‚«‚Ü‚µ‚½v,https://news.yahoo.co.jp/articles/4f2c1359fe9608710e9cbe2b80d26a31c219f98e,9/14(–Ø) 7:00
tvlife,TV LIFE web,R–{•‘‚ª‘Š—t‰ë‹Iå‰‰w¡“ú‚©‚çƒqƒbƒgƒ}ƒ“xƒqƒƒCƒ“–ğ‚ÉŒˆ’è@‚Ö‚»o‚µƒtƒ@ƒbƒVƒ‡ƒ“‚ÅƒAƒNƒVƒ‡ƒ“’§íyƒRƒƒ“ƒg‚ ‚èz,https://news.yahoo.co.jp/articles/63fb1b9e9bcbfe8590c2abfada4461d3eca0f62f,9/14(–Ø) 7:00
tvlife,TV LIFE web,wƒnƒ„ƒuƒTÁ–h’cxÅI˜b@‘¾˜Yi’†‘º—Ï–çj‚çÁ–h’c‚ª¹•êƒAƒrƒQƒCƒ‹‹³’c‚Æ‚ÌgÅŒã‚Ìí‚¢h‚É’§‚Ş,https://news.yahoo.co.jp/articles/4a31fdc8ec0de5c328c011cf2f7e46ab1b88b3ac,9/14(–Ø) 6:03
tvlife,TV LIFE web,Superfly‚ª—é–Ø—º•½å‰‰w‰º™ã‹…™x‚Å–ñ11”N‚Ô‚è‚É“ú—jŒ€êå‘è‰Ì‚ğ‘‚«‰º‚ë‚µyƒRƒƒ“ƒg‚ ‚èz,https://news.yahoo.co.jp/articles/d8a63166959514979d4a606a01e3019a22d3649e,9/14(–Ø) 6:03
tvlife,TV LIFE web,Œüˆä—å‰‰wƒpƒŠƒsE–¾x‘¨11l‚Ì‹‰ØƒLƒƒƒXƒg‚ªWŒ‹‚µ‚½ƒ|ƒXƒ^[ƒrƒWƒ…ƒAƒ‹‰ğ‹Ö@ƒƒCƒLƒ“ƒO•ƒeƒBƒU[‰f‘œ‚àŒöŠJ,https://news.yahoo.co.jp/articles/8b682347b0a3ee433857306cc15892359b6fb525,9/14(–Ø) 6:02
tvlife,TV LIFE web,‚È‚©‚â‚Ü‚«‚ñ‚ÉŒN‚ªƒhƒ‰ƒ}‰å‰‰w‹ØƒgƒŒƒTƒ‰ƒŠ[ƒ}ƒ“@’†R‹Ø‘¾˜Yx”T–Øâ46”~àV”ü”gA¼ì‹M‹³A‘–ìm‚ç‚ª‹¤‰‰yƒRƒƒ“ƒg‚ ‚èz,https://news.yahoo.co.jp/articles/8c29017528f19412fe4c0c1604d74d3ea2fbe941,9/14(–Ø) 6:02
tvlife,TV LIFE web,¬“»‰p“ñAƒS[ƒ‹ƒfƒ“¸Ši‚à•Ï‚í‚ç‚È‚¢wŠy‚µ‚­Šw‚ÔI¢ŠE“®‰æƒjƒ…[ƒXx‚ÉuƒXƒ^ƒbƒt‚³‚ñ‚ÌSˆÓ‹CŠ´‚¶‚év,https://news.yahoo.co.jp/articles/525f27e96fa288f9cf99f19ad8a389f62b9b4bf8,9/14(–Ø) 6:02
tvlife,TV LIFE web,_–Ø—²”V‰îAÈ–ğE•l•Ó”ü”g‚Æ‚ÌŠÖŒW«‚Íuí—Fv‚ÆŠ´Ó‚ğ@ï—¢‚àÎŠç‚ÅwƒuƒMƒEƒMx‚ğƒAƒs[ƒ‹,https://news.yahoo.co.jp/articles/78cfa2e2fa6ce4c071c00f0054bd4323885c34fc,9/13(…) 19:39
tvlife,TV LIFE web,ç‰êŒ’‰iA‹{“crÆA“¡ƒ–’J‘¾•ã‚ªƒNƒYŒ|p‰ÆE“V‘RADEƒ`ƒƒƒ‰‚¢P‚ğ–¼‰‰wƒLƒXƒ}ƒC’´BUSAIKU!?x,https://news.yahoo.co.jp/articles/dc9566a0a225c2bc9b605c10eca74d038b297350,9/13(…) 17:00
tvlife,TV LIFE web,10-FEET‚ÌV‹ÈuRe•û’ö®v‚ª‚‹´•¶Æ~u‘¸~wƒtƒFƒ‹ƒ}[‚Ì—¿—xå‘è‰Ì‚ÉŒˆ’èu–Ê”’‚­ƒJƒbƒR—Ç‚­ì‚è‚Ü‚µ‚½v,https://news.yahoo.co.jp/articles/a63cf846d033af5fdcea1a9120cb1da472db0f61,9/13(…) 9:00
tvlife,TV LIFE web,y#¡{ƒRƒŒƒNƒVƒ‡ƒ“zw‚Î‚ç‚©‚à‚ñx‚Å’–Ú‚Ìq–ğE‹{èä»—¢¹uæ¶i™–ì—y—ºj‚Æ‚ÌŠC‚ÌƒV[ƒ“‚ªv‚¢o‚Éc‚Á‚Ä‚¢‚Ü‚·v,https://news.yahoo.co.jp/articles/9f699489f8e87b35a22de98b958f1fee0b5419a1,9/13(…) 7:10
tvlife,TV LIFE web,‹î–Øªˆ¨‘¿A‰––ì‰l‹vo‰‰‚Ìw“V‹ç‚Ì‘äŠx’Ç‰ÁƒLƒƒƒXƒg‚ÉóŠ—zqAŒ´“c‘×‘¢A‘ºR‹P¯A“Œ‹03EŠp“cWL‚ç8l,https://news.yahoo.co.jp/articles/efa5e79fbb97685921c3e7e0ab121af6dcc3ab4d,9/13(…) 7:01
tvlife,TV LIFE web,EXILE TAKAHIRO‚ªuƒnƒVƒS‚Ì—·v‚ÅgÅ„‚µ‚ÌŒã”yh²“¡‘å÷‚ğ‹Ù‹}µWI”‘½‰ØŠÛE‘å‹g‚Íuƒ_[ƒc‚Ì—·v‚É‰QíwÎ‚Á‚ÄƒRƒ‰‚¦‚ÄIx,https://news.yahoo.co.jp/articles/9f0640bf7e58d11ce8de9a4580122ed5e4a68cc5,9/13(…) 7:00
tvlife,TV LIFE web,w‚Î‚ç‚©‚à‚ñx“c’†‚İ‚ÈÀAjŒ[‰iA’†”ö–¾ŒcA‰““¡Œ›ˆê‚ç‚ª‚Ğ‚Æ‘«æ‚ÉƒNƒ‰ƒ“ƒNƒAƒbƒv@™–ì—y—º‚ç‚ÉƒG[ƒ‹,https://news.yahoo.co.jp/articles/634c423b64ca873c3f23c0f37ac962cea93f0c5a,9/13(…) 6:31
tvlife,TV LIFE web,‚ ‚ÌA’†‘ºm”üARè—å“ŞA˜@˜Å”ü¹q‚çgƒhƒ‰ƒC‚·‚¬‚é—h‚ª‘åW‡ISPƒQƒXƒg‚Í‰Á“¡´j˜Ywã“c‚Æ—‚ª–i‚¦‚é–éx,https://news.yahoo.co.jp/articles/b074d5be54e1256778aadfc7bc017473eb0acbd5,9/13(…) 6:05
tvlife,TV LIFE web,ƒ}ƒŠƒRi‘òŒû–õqj‚ª‘‰Ô‚É–î’®æcw‰È‘{Œ¤‚Ì— season23x‘æ5˜b‚É¬¼˜adA’©‰Ä‚Ü‚È‚ÆA¬‰z—E‹PA¬“ìŒõi‚ço‰‰,https://news.yahoo.co.jp/articles/a55eff5a4d472d37c0e317e7348ced1aeb148ee9,9/13(…) 6:04
tvlife,TV LIFE web,w—L‹g‚Ì•Çx‘å‹v•Û‰À‘ãq•’Ö‹S“z•–k—z‚ÌƒAƒ‰ƒtƒBƒtƒAƒCƒhƒ‹‚ª’a¶@ƒLƒ‰ƒLƒ‰ˆß‘•‚Å˜V‚¢‚Ì‚Â‚ç‚³‰Ì‚¤,https://news.yahoo.co.jp/articles/f04f229aae150db7257a389d9ea28f8d9d016231,9/13(…) 6:00
tvlife,TV LIFE web,ƒ€ƒƒcƒˆƒV~•½è—F—œ“Şw‚¤‚¿‚Ì•ÙŒìm‚Íè‚ª‚©‚©‚éxŒË“cŒbqAğŒü–FA¼”ö—@A‘ºìŠG—œA“úŒü˜j‚ª–@—¥––±Š‚Ì’‡ŠÔ–ğ‚Åo‰‰yƒRƒƒ“ƒg‚ ‚èz,https://news.yahoo.co.jp/articles/6362ad46d0321a21728beaf1475531bfaf31a6c7,9/13(…) 6:00
tvlife,TV LIFE web,g‹£‹Z•ÊƒAƒXƒŠ[ƒgNo.1Œˆ’èíhŠJÃIã“c—³–çAƒI[ƒhƒŠ[t“úA•Ÿ–{‘å°A¬“‡‚æ‚µ‚¨‚àQíw‰Š‚Ì‘Ìˆç‰ïTV 2023HSPx,https://news.yahoo.co.jp/articles/5afa8d15374c83be001cfe23dfebbc57110ab197,9/13(…) 5:00
tvlife,TV LIFE web,L£ƒAƒŠƒX~“¹}x—Cwƒ}ƒCEƒZƒJƒ“ƒhEƒAƒIƒnƒ‹xgƒAƒIƒnƒ‹h‘SŠJ‚Ìƒ|ƒXƒ^[ƒrƒWƒ…ƒAƒ‹‰ğ‹Ö@‰‰ñ•ú‘—“ú‚Í10Œ17“ú,https://news.yahoo.co.jp/articles/fc68eb6e453b5a3c058a97d6ad25580463f4ec2b,9/13(…) 4:00
tvlife,TV LIFE web,‘Š—t‰ë‹I‚ªw¡“ú‚©‚çƒqƒbƒgƒ}ƒ“xƒNƒ‰ƒ“ƒNƒCƒ“u‰‚ß‚Ä‚ÌƒKƒ“ƒAƒNƒVƒ‡ƒ“ƒV[ƒ“‚Í‚ß‚¿‚á‚­‚¿‚á•|‚©‚Á‚½v,https://news.yahoo.co.jp/articles/4d17d4859f3e03b65d30fa2ebd38d050ce3df30b,9/12(‰Î) 19:03
tvlife,TV LIFE web,¼“‡Gr~“à–ì¹—zw‚«‚Ì‚¤‰½H‚×‚½H season2xŒ´ì•\†ƒIƒ}[ƒWƒ…‚ÌƒL[ƒrƒWƒ…ƒAƒ‹‰ğ‹Ö@Œ€ê”Å‚ª10E1’nã”g‰•ú‘—,https://news.yahoo.co.jp/articles/ca99b1575b1ad32b9bd61ff7b862f3020fac5cf3,9/12(‰Î) 18:02
tvlife,TV LIFE web,Hi-Fi Un!corn‚ª‘O“cŒ‘¾˜Y~”–Ø—IwŒN‚É‚Í“Í‚©‚È‚¢Bxå‘è‰Ì‚ğ’S“–@ƒƒ“ƒo[‚Ì•Ÿ›¸’l‚ª“¯‹‰¶–ğ‚Åƒhƒ‰ƒ}‰o‰‰yƒRƒƒ“ƒg‚ ‚èz,https://news.yahoo.co.jp/articles/74b4e3c41a80f3d16255b5d8a49bc85ce6e77bc9,9/12(‰Î) 18:01
tvlife,TV LIFE web,ƒ‚ƒOƒ‰ƒCƒ_[Å‘å•ã•ƒnƒVƒ„ƒXƒEƒAƒcƒR‚ªMCƒ^ƒbƒOIV”Ô‘gw‹à—j“ú‚Ìƒƒ^ƒo[ƒXx‚Åƒƒ^ƒo[ƒX‚ÌÅVî•ñ‚ğĞ‰îyƒRƒƒ“ƒg‚ ‚èz,https://news.yahoo.co.jp/articles/156d412189256af4808b35b069a2ae72d00a5a47,9/12(‰Î) 18:00
tvlife,TV LIFE web,w‘å‰œ Season2xu–‹––•ÒvƒL[ƒrƒWƒ…ƒAƒ‹ŒöŠJ g‘ëRhŒÃì—Y‘åAg“Vàö‰@^ˆû“Äh•Ÿm‘“‘¿Ag‰Æ–Îhu“cÊ—ÇAg˜a‹{hŠİˆä‚ä‚«‚Ì‚ç‚ªWŒ‹,https://news.yahoo.co.jp/articles/a92b7e628bacd28ab27acfd6a55a5f57e098c007,9/12(‰Î) 17:00
tvlife,TV LIFE web,7 MEN ˜E²X–Ø‘åŒõ•­”N”EÒEƒ”ƒ@ƒTƒCƒFƒKÂ‚ªƒ‚ƒfƒ‹–ğ‚Åwg‚³‚·ƒ‰ƒCƒtx‚ÉƒQƒXƒgo‰‰@[“c—³¶‚Æ‚Ì‹¤‰‰‚Å˜a‹C‚ ‚¢‚ ‚¢,https://news.yahoo.co.jp/articles/6f0ea91ab8947dcfa377735d40e37bc09325aba1,9/12(‰Î) 14:00
tvlife,TV LIFE web,w“Oq‚Ì•”‰®x3“x–Ú‚ÌƒMƒlƒX¢ŠE‹L˜^”F’èu“¯ˆêi‰ïÒ‚É‚æ‚éƒg[ƒN”Ô‘g‚ÌÅ‘½•ú‘—v1–œ2100‰ñ‚Å©‚ç‚Ì‹L˜^XV,https://news.yahoo.co.jp/articles/d0aa1ec087750563c36789b80fa4b59ed0c426d6,9/12(‰Î) 13:30
tvlife,TV LIFE web,“ì¹—Ç~—é­‰›mwŒN‚É“Í‚¯x’nã”g•ú‘—Œˆ’è@10E11ƒXƒ^[ƒgyƒRƒƒ“ƒg‚ ‚èz,https://news.yahoo.co.jp/articles/2ecb374c32fa254776f2b6b9e6701d8cce738bba,9/12(‰Î) 13:19
tvlife,TV LIFE web,¼‘º¹—F—‚ªu–Ï‘z—q}ŠÓv‚Å4•Ï‰»Iƒ`ƒ…[ƒg“¿ˆä•ƒnƒiƒR‚ª–Ï‘z‚µ‚½gã‹1”N–Ú—q¶Šˆh‚ğ‰f‘œ‰»w140~875x,https://news.yahoo.co.jp/articles/3e0859d882ab6f61e7f2ae2f269cc28c73db6b80,9/12(‰Î) 8:01
tvlife,TV LIFE web,ƒAƒ“ƒ^ƒbƒ`ƒƒƒuƒ‹‚ªã–ì‚Ì‹Œ”•¨ŠÙ“®•¨‰€‰w‚ÅƒeƒŒƒr‰ŒöŠJ‚Ì‹Ö’fƒGƒŠƒA‚Éö“üwƒAƒ“ƒ^ƒbƒ`ƒƒƒu‚éTVx,https://news.yahoo.co.jp/articles/477bf4a3815f0033b47561b2cbd893fedfdbfadc,9/12(‰Î) 7:31
tvlife,TV LIFE web,÷ˆä—æ~’†“cŒ\—SƒCƒ“ƒ^ƒrƒ…[wŠDF‚Ì‰³—xÀÊ‰»‚Ö‚Ìè‰‚¦‚ğŒê‚éuƒŠƒAƒŠƒeƒB[‚ğ‚½‚¹‚Ä‚µ‚Á‚©‚è‚Æ•\Œ»‚µ‚Ä‚¢‚éì•i‚Év,https://news.yahoo.co.jp/articles/1109be63beae1c81c2b86d5ce435b0b120b7918b,9/12(‰Î) 7:10
tvlife,TV LIFE web,¬’r‰hq‚ªwƒRƒ^ƒc‚ª‚È‚¢‰ÆxƒNƒ‰ƒ“ƒNƒCƒ“uˆêl‚Å‚ÌB‰e‚¾‚Á‚½‚Ì‚Å‘‚­‚İ‚ñ‚È‚É‰ï‚¢‚½‚¢‚Å‚·Iv,https://news.yahoo.co.jp/articles/a748f92359eec8e0013493f497a00bb6a582c141,9/12(‰Î) 7:02
tvlife,TV LIFE web,‹ËRÆjAg‚ä‚¸‚é‚ç’jqZ•—q‚ogÒ‚ªWŒ‹@‚Æ‚æ‚½^”¿‚Ì§•p‚É‚³‚ñ‚Ü‚à‹Á‚«u‚±‚ñ‚È‚©‚í‚¢‚¢56Î‚ªvw—x‚éI‚³‚ñ‚ÜŒä“a!!x,https://news.yahoo.co.jp/articles/c2b3c7d5fa6cbbb67a12a4cda421bb0f37973cb6,9/12(‰Î) 6:04
tvlife,TV LIFE web,Ô‘^‰q“ñ‚ªw‚±‚Á‚¿Œü‚¢‚Ä‚æŒüˆä‚­‚ñxƒNƒ‰ƒ“ƒNƒAƒbƒvIGP‘Ñ‰å‰‰ƒhƒ‰ƒ}Š®‘–‚Åu–{“–‚ÉŠy‚µ‚­B‰e‚ğ‚â‚è‹‚°‚é‚±‚Æ‚ª‚Å‚«‚Ü‚µ‚½v,https://news.yahoo.co.jp/articles/8dff4351f9a72d41ea17f1855c76df53d197bf48,9/12(‰Î) 6:03
tvlife,TV LIFE web,ãì—²–çå‰‰wˆâ—¯‘{¸SPx‚Åg2–ğh‰‰‚¶‚éb–{‰ë—T‚ª‹C‚Ã‚«‚ğ–¾‚©‚·u…‘º‚³‚ñ‚Á‚Ä‚±‚ñ‚È‚É•Ïl‚¾‚Á‚½‚ñ‚¾v,https://news.yahoo.co.jp/articles/8daf427b6c077ae31c1e44fe0e27a48864d7f057,9/12(‰Î) 6:00
tvlife,TV LIFE web,ˆÉ“¡¹ä»•’†“‡Œ’l•D“c—T“ñ‚ªwƒVƒbƒRƒE!!xƒNƒ‰ƒ“ƒNƒAƒbƒvuŠF‚³‚ñ‚Ì‚¨l•¿‚Æ—D‚µ‚³‚É‚¢‚Â‚àx‚¦‚ç‚ê‚Ä‚¢‚Ü‚µ‚½v,https://news.yahoo.co.jp/articles/aead3638e3bc47e23998b0de989c8d3008d643d7,9/12(‰Î) 5:30
tvlife,TV LIFE web,_”ö•–ì‚ª–Ø—jŒ€êw‚¢‚¿‚Î‚ñ‚·‚«‚È‰Ôx3l–Ú‚ÌålŒö‚ÉŒˆ’èu‚«‚Á‚Æ‚·‚Ä‚«‚Èì•i‚É‚È‚év,https://news.yahoo.co.jp/articles/f59645a29a50e2da8616c852b845e94ad029b817,9/12(‰Î) 5:01
tvlife,TV LIFE web,oì“N˜NAwoìˆê–Îƒzƒ‰ƒ“™ƒtƒVƒM‚Ì‰ïxƒS[ƒ‹ƒfƒ“io‚Å‚àƒ†ƒ‹‚³•Ï‚í‚ç‚¸ˆêˆÀSuv‚Á‚½‚æ‚èƒS[ƒ‹ƒfƒ“‚Á‚Û‚­‚È‚©‚Á‚½iÎjv,https://news.yahoo.co.jp/articles/893c0ffe5bf15d19c888061cf1297d302ebf49b6,9/12(‰Î) 5:01
tvlife,TV LIFE web,•ŸŒ´—yA[“c‹±qA—é­‰›mAã™•A•½‚ªw18^40xÎŠç‚ÅƒNƒ‰ƒ“ƒNƒAƒbƒvyƒRƒƒ“ƒg‚ ‚èz,https://news.yahoo.co.jp/articles/ce17b55566fab50be95ee7244bae0fe3c8805de4,9/12(‰Î) 5:00
tvlife,TV LIFE web,éçi’·È—å‰›j‚ª‘t‰¹i‰ª–{—æj‚ÌŒ³ƒJƒŒE¬”ü”Zi˜a“c‰ë¬j‚Æ‘Î›³w‚»‚ÌŒ‹¥A³‹C‚Å‚·‚©Hx‘æ7˜b‚ ‚ç‚·‚¶•ê–ÊÊ^ŒöŠJ,https://news.yahoo.co.jp/articles/732d27170734a873f46051292d59defbdba90e7f,9/11(Œ) 22:30
tvlife,TV LIFE web,‘Š ³—Yo‰‰‚Ìwƒtƒ@ƒ~ƒŠ[ƒqƒXƒgƒŠ[xÄ•ú‘—Œˆ’è@‰‚ß‚Ä’m‚é•Ä•º‚Ì•ƒ‚É‚Ü‚Â‚í‚é–Àc97Î”Œ•ê‚ª70”N‘O‚Ì”é–§‚ğ”’,https://news.yahoo.co.jp/articles/fddb194686b5c97c81eb1b1c094ee6d8e60362d0,9/11(Œ) 20:31
tvlife,TV LIFE web,wCDTVƒ‰ƒCƒuIƒ‰ƒCƒuIx2ŠÔSP‚É.ENDRECHERI.‚ª‰“oê@‚ä‚¸AO‰Y‘å’mASexy ZoneA—Î‰©FĞ‰ïAHYDE‚ào‰‰,https://news.yahoo.co.jp/articles/7dec3199dfa1c7df40f2fd76729a2b5554fb153f,9/11(Œ) 18:02
tvlife,TV LIFE web,–k‘º—L‹NÆ‚ªº˜a‚Ì•—î•Y‚¤ˆùH“XŠX‚Å‚½‚»‚ª‚ê‚éw‚½‚»‚ª‚ê—Dìxƒ|ƒXƒ^[ƒrƒWƒ…ƒAƒ‹‰ğ‹Ö@å‘è‰Ì‚ÍƒhƒŒƒXƒR[ƒYuÅ’á‚È‚Æ‚à‚¾‚¿v,https://news.yahoo.co.jp/articles/430ee252b0df2d3579d72c55ab14f40e6ea30f79,9/11(Œ) 18:02
tvlife,TV LIFE web,ˆêƒm£ƒƒ^ƒ‹u‡ƒRƒ“A‘f°‚ç‚µ‚©‚Á‚½‚Á‚·vw’j—‚Í–é‚È–é‚È‚ğ‚Â‚­xƒXƒ^ƒWƒIƒƒ“ƒo[‚ÌƒRƒƒ“ƒg“’…,https://news.yahoo.co.jp/articles/105c0a5b2d655237dc1345436be32e72debebdff,9/11(Œ) 17:13
tvlife,TV LIFE web,BiS@‘S‘ƒcƒA[‰“ú‚ÉV‹È‚ğ‰”â˜IIu©•ªŸè‚É¶‚«‚Ä‚¢‚¢‚ñ‚¾‚Á‚ÄAS‚ªŒy‚­‚È‚Á‚½‚ç‚¤‚ê‚µ‚¢vyƒ‰ƒCƒuƒŒƒ|[ƒgz,https://news.yahoo.co.jp/articles/8f5f12eef33ad2e8dbbf4951be0a8f5f97e959f9,9/11(Œ) 16:45
