media_en,media_jp,title_articles,link_articles,date_original
ytv,“Ç”„ƒeƒŒƒr,’Á°‚Ì‘z‚¢‚ðž‚ß‚ÄŽ†“”âÄ‚Ã‚­‚è@ã_E’W˜H‘åkÐ‚Q‚X”N,https://news.yahoo.co.jp/articles/2ba7043dbcd686be4f171d34792f9c16743c539e,1/7(“ú) 12:02
ytv,“Ç”„ƒeƒŒƒr,•ºŒÉŒ§ŽO“cŽs‚ÌŒš•¨‰ÎÐ@’j«‚PlŽ€–S@Œš•¨‚ðŽg—p‚µ‚Ä‚¢‚½‚V‚O‘ã’j«‚Æ˜A—Žæ‚ê‚¸,https://news.yahoo.co.jp/articles/5087bb2403c41b5a92fb7a1f32dc8ef663a92283,1/7(“ú) 11:55
ytv,“Ç”„ƒeƒŒƒr,y–§’…zƒhƒ~ƒjƒJ‹¤˜a‘‚Å“`“ŠyŠíƒOƒCƒ‰‘tŽÒ‚É@Žû“üƒ[ƒ‚Ì’†A•±“¬‚·‚é‘§Žq‚Ö“Í‚¯‚é•ê‚Ì‘z‚¢,https://news.yahoo.co.jp/articles/0cbb33edc0f1d14618dccf539d7bf5277f6938b2,1/7(“ú) 11:01
ytv,“Ç”„ƒeƒŒƒr,u‘‚­ƒXƒL[êÄŠJ‚µ‚½‚¢v23”N‚Ô‚ègáŒî‚¢h_Ž–@¡ƒV[ƒYƒ“á‚ª‚Ù‚Æ‚ñ‚Ç~‚ç‚¸‰c‹ÆŒ©‡‚í‚¹‚É@•ºŒÉE”ü’¬,https://news.yahoo.co.jp/articles/2e72f4e3d230095444ab97e3959a6b816b5ea793,1/6(“y) 17:49
ytv,“Ç”„ƒeƒŒƒr,6“ú‚Íw¬Š¦x–³•a‘§Ð‚ðŠè‚¢A—â…‚ð—‚Ñ‚ÄS‚Æ‘Ì‚ð´‚ß‚éuŠ¦…svŽn‚Ü‚é@•ºŒÉŒ§Žsì’¬E‰„ŽõŽ›,https://news.yahoo.co.jp/articles/4abaee62f23ef0c821f5792168ca8e56f13293c5,1/6(“y) 17:43
ytv,“Ç”„ƒeƒŒƒr,¡”N‚ÌƒNƒC[ƒ“E–¼l‚ÌÌ†‚Í’N‚ÌŽè‚ÉIw‹£‹Z‚©‚é‚½x“ú–{ˆê‚ðŒˆ‚ß‚éŒˆ’èíŠJÃ@Ž ‰êŒ§E‹ß]_‹{,https://news.yahoo.co.jp/articles/2f56e662406e5d19069a79f6bc0e7ddb358de8b3,1/6(“y) 17:36
ytv,“Ç”„ƒeƒŒƒr,ŽG–Ø—Ñ‚É•ú‰Î‚©c¡”N‚É“ü‚è3Œ–ÚA1ƒLƒŒ—“à‚Å‹N‚«‚½‚QŒ‚Ì‰ÎŽ–‚ÆŠÖ˜A‚ ‚é‚Æ‚Ý‚Ä‘{¸@–¥–ÊŽs‰·ò’¬,https://news.yahoo.co.jp/articles/8cb48e66d0cfca6ec85b92be27c631ca6565ca3b,1/6(“y) 14:17
ytv,“Ç”„ƒeƒŒƒr,ŠÖ¼‚ÌŠé‹Æ‚àŽx‰‡@ˆß—¿•iƒ[ƒJ[EƒOƒ“ƒ[‚Í”§’…6–œ–‡‘—‚èAƒTƒ“ƒgƒŠ[‚Í‹`‰‡‹à5000–œ‰~‚Ì‹’o‚Æˆù—¿…–ñ18–œ–{‚ð‚·‚Å‚É”­‘—,https://news.yahoo.co.jp/articles/31cdca6c941f9661ce2f1eb6d1547ff3a472bfa1,1/6(“y) 12:07
ytv,“Ç”„ƒeƒŒƒr,”ð“ïŠ‚È‚Ç‚É‚¨•—˜CÝ’u‚Ö@ŠCŽ©E•‘’ßŠî’n‚Ì‘àˆõ‚ªÝ”õ‚ðÏ‚ÝA—¤˜H‚ÅÎìŒ§‚ÉŒü‚©‚¤@”\“o”¼“‡’nk,https://news.yahoo.co.jp/articles/23eca7a7ff858d572ef9cd8f39a59576b2e2699d,1/6(“y) 12:05
ytv,“Ç”„ƒeƒŒƒr,y“ÆŽ©“ÁWzÈ‚Í—ÕŒŽA‘§Žq‚Í2Îu‘‚­‹A‚Á‚Ä‚â‚è‚½‚¢v@íŒã‚ÌƒCƒ‰ƒN•œ‹»Žx‰‡‚ÌÅ’†A‹¥’e‚É“|‚ê‚½ŠOŒðŠ¯@–½‚ðŒœ‚¯‚ÄŽæ‚è‘g‚ñ‚¾•½˜aŽÀŒ»‚Ö‚ÌŠè‚¢‚Æ‚»‚Ì‹OÕ,https://news.yahoo.co.jp/articles/d7145f98200d038b8af9bc221ccc615d8395aae4,1/6(“y) 12:00
ytv,“Ç”„ƒeƒŒƒr,u‚¾‚Ü‚êAŽE‚·‚¼v40‘ã—«‚ª“Ë‘R’j‚É‹º‚³‚êAŒ»‹à–ñ2000‰~‚È‚Ç‚ð’D‚í‚ê‚é@ŒxŽ@‚Í‹­“’vŽ–Œ‚Æ‚µ‚Ä“¦‚°‚½’j1l‚Ìs•û’Ç‚¤,https://news.yahoo.co.jp/articles/e86e7f5adeb2e6a4a3f2cc12d5ac1909be911115,1/6(“y) 10:33
ytv,“Ç”„ƒeƒŒƒr,\“ú^‚ð‘O‚Éw¤”„”É·‚Åù‚à‚Á‚Ä‚±‚¢x¡‹{^_ŽÐ‚Ì•Ÿ–º‚³‚ñ11l‚ª“Ç”„ƒeƒŒƒr‚É—ˆŽÐA•Ÿ‚ðŽö‚©‚é,https://news.yahoo.co.jp/articles/004ea26110c1f79fceac2862e001b5774984be9e,1/5(‹à) 19:17
ytv,“Ç”„ƒeƒŒƒr,VŒ^ƒRƒƒi‚Ì–³—¿ŒŸ¸‚Å•â•‹à¼Žæ‚©c2ƒOƒ‹[ƒv‚ÅŒv4‰­7000–œ‰~‚¾‚Ü‚µ‚Æ‚Á‚½‹^‚¢@8l‘ß•ß,https://news.yahoo.co.jp/articles/a26ac7b04a81adf441ac8b8b1b02a937ae47e568,1/5(‹à) 19:15
ytv,“Ç”„ƒeƒŒƒr,u‚±‚±‚ÉZ‚Þ‹C‚È‚¢vuä©‘R‚Æ‚µ‚Ä‚¢‚Ü‚·‚ív’nkE’Ã”gE‰ÎÐ‚ÉP‚í‚ê‚½”íÐ’n‚ÌŒ»ó@”\“o”¼“‡’nk,https://news.yahoo.co.jp/articles/34271d828290cab8799c720f876931de5775e1d7,1/5(‹à) 19:06
ytv,“Ç”„ƒeƒŒƒr,"ŠÖ¼‚©‚ç‚àŽx‰‡L‚ª‚é@‘æ2w‚Å""S‚ÌƒPƒAhê–å‚ÌŠÅŒìŽt”hŒ­‚â‘åã•{‚Å•å‹àŽó•t‚à@”\“o”¼“‡’nk",https://news.yahoo.co.jp/articles/6c087aad1c5005038f89019acdca949cbae21a3e,1/5(‹à) 18:58
ytv,“Ç”„ƒeƒŒƒr,”­Ð‚©‚ç5“ú@ÎìŒ§‚Å94lŽ€–Sc”íÐ’n‚Ì‰ó–Å“I‚È”íŠQ‚ÆŒð’Êa‘Ø‚ªÐŠQˆã—Ã‚ð‘j‚Þ@”\“o”¼“‡’nk,https://news.yahoo.co.jp/articles/0223dfa14a1e02162a6bab1df23830856f8965e7,1/5(‹à) 18:31
ytv,“Ç”„ƒeƒŒƒr,k“x6‚ªP‚Á‚½ÎìEŒŠ…’¬‚ÌŒ»ó‚ÍH‘å‹K–Í“y»•ö‚ê”­¶AŽÔ‚ð‰Ÿ‚µ‚Â‚Ô‚µ•s–¾ŽÒ‘½”c’â“d‚â’f…‘±‚­,https://news.yahoo.co.jp/articles/20d2bb33b592d25a9a2b372087826f2115aaa93d,1/5(‹à) 18:03
ytv,“Ç”„ƒeƒŒƒr,‚V“ú‚Ü‚ÅŒ‡q‚à@‰H“cŽ–ŒÌAUƒ^[ƒ“‹q‚ð’¼Œ‚cˆÉ’O‹ó`‚Å¬ŽG‘±‚­@Œ‡qŽè‘±‚«‚Ì“ÁÝƒXƒy[ƒX‚àŠJÝ,https://news.yahoo.co.jp/articles/a3d2250997c26b283516b26ebfe2e97ec33acb54,1/5(‹à) 18:00
ytv,“Ç”„ƒeƒŒƒr,uã_E’W˜H‘åkÐ‚ÌŽx‰‡‚Ì‰¶•Ô‚µvƒTƒ“ƒgƒŠ[‚ªAƒOƒ“ƒ[‚ªAŽ©Ž¡‘Ì‚ªcŠÖ¼‚©‚çL‚ª‚éŽx‰‡‚Ì—Ö,https://news.yahoo.co.jp/articles/9cfdd5be9217f7a48eab10f6576de417943c24da,1/5(‹à) 17:51
ytv,“Ç”„ƒeƒŒƒr,ƒRƒƒi‰Ð‘O‚Æ“¯…€‚Ü‚Å‰ñ•œ@”N––”NŽn‚ÌVŠ²ü‚Ì—˜—pó‹µ@u‚Ì‚¼‚Ýv‚ð‘SÈŽw’è‚Å‰^s,https://news.yahoo.co.jp/articles/ac203cb0bfa3d55f11ecbabe5c6398b6769ac071,1/5(‹à) 15:39
ytv,“Ç”„ƒeƒŒƒr,‘ŒðÈ‚©‚ç`˜p•”–å‚ðê–å‚Æ‚·‚é‘àˆõ‚ð”hŒ­@‘åã‚Ì‹Ù‹}Á–h‰‡•‘à200l—]‚è‚ª‘æ2w‚Æ‚µ‚Äo”­,https://news.yahoo.co.jp/articles/e0b829360d92807d17d6a712c8b10dc095cf3e2e,1/5(‹à) 12:22
ytv,“Ç”„ƒeƒŒƒr,”\“o”¼“‡’nk5“ú–Ú@ŠÖ¼Še’n‚©‚ç‹~•‚â•¨Ž‘‚Ì”À‘—@”­Ð‚©‚ç72ŽžŠÔŒã‚É80‘ã—«‹~o,https://news.yahoo.co.jp/articles/784afc28154bee0be4eba4f6f29833e87be2e636,1/5(‹à) 12:20
ytv,“Ç”„ƒeƒŒƒr,ƒe[ƒ}‚ÍuŠó–]v”íÐŽÒ‚ÉŽv‚¢’y‚¹c‰Ø“¹‚Ì‰ÆŒ³E’r–V‚ÅVtP—á‚Ìu‰¶‚¯Ž®v–ñ750lŽQ‰Á,https://news.yahoo.co.jp/articles/f78ac8e948eca9a8a9ef1a45e2439b2bfe2f2003,1/5(‹à) 12:19
ytv,“Ç”„ƒeƒŒƒr,u‚à‚¤‚¿‚å‚Á‚Æ‚â‚ÅŠæ’£‚Á‚Ä‚âv”­Ð‚©‚ç72ŽžŠÔŒã‚É80‘ã—«‚ð‹~o@‘åãŽsÁ–h‚ª‹~o“®‰æ‚ðŒöŠJ,https://news.yahoo.co.jp/articles/d790499d0121f99d6e0b1476b461456ed09aae32,1/5(‹à) 8:43
ytv,“Ç”„ƒeƒŒƒr,w‹~o‚ÌuŠÔx¶‘¶—¦’á‰º‚Ì72ŽžŠÔŒo‰ßcZ‘î‚Ì‰º•~‚«‚É‚È‚Á‚½80‘ã—«@‘åãŽsÁ–h‹Ç‚ª“®‰æ‚ðŒöŠJ,https://news.yahoo.co.jp/articles/155db1c099212ae34f871f71a7232920d57f4b4f,1/4(–Ø) 20:59
ytv,“Ç”„ƒeƒŒƒr,”ú”iŒÎ‚ªƒsƒ“ƒ`I18”N‚Ô‚èuŠ‰…‘Îô–{•”vÝ’u@…ˆÊ‚ª’á‰º‚µŠî€‚©‚çƒ}ƒCƒiƒX78ƒZƒ“ƒ`@Ž ‰êŒ§,https://news.yahoo.co.jp/articles/8c6abded3a3c98094049fe66cf976853a4710d26,1/4(–Ø) 19:22
ytv,“Ç”„ƒeƒŒƒr,u‚È‚ñ‚Æ‚©•‚¯‚½‚¢vŠÖ¼‚©‚ç‚àŽx‰‡•¨Ž‘‚ª”íÐ’n‚É@‘åã‚©‚ç‚ÍÎìEŽµ”öŽs‚Æ‰HîŽs‚ÉŒü‚¯‘æˆê•Öo”­,https://news.yahoo.co.jp/articles/d6b096560d62002d7f1e2c0f0648db6164114938,1/4(–Ø) 19:20
ytv,“Ç”„ƒeƒŒƒr,uV”NŒÝ—ç‰ïvŠÖ¼‚Ì­àŠEƒgƒbƒv‚ªˆê“°‚É@¡”N‚ÌŠ¿Žš‚ð•·‚©‚ê‚½‹g‘º’mŽ–‚ÍAˆÀ”J‚Ì”N‚ðŠè‚¢wˆÀx‚É,https://news.yahoo.co.jp/articles/6941ef067398aa696700cd9725030c708363f0a0,1/4(–Ø) 18:57
ytv,“Ç”„ƒeƒŒƒr,u–¼‹`‚ð‘Ý‚µ‚½‚¾‚¯‚ÅA‚¾‚Ü‚³‚ê‚½v‘åã•{‚©‚çƒRƒƒi•â•‹à–ñ1.7‰­‰~¼Žæ‚©cŽ•‰ÈˆãŽt‚Ì’j‚ç‘ß•ß,https://news.yahoo.co.jp/articles/735054fc18409fe32249442b66bd867fa80703a6,1/4(–Ø) 18:53
ytv,“Ç”„ƒeƒŒƒr,y“ÁWzƒPƒK‚ðæ‚è‰z‚¦ƒŠ[ƒOƒƒ“‰oê‚Ö`ƒ‰ƒOƒr[Eƒgƒˆƒ^ƒ”ƒFƒ‹ƒuƒŠƒbƒc “c‘ºŠ@¢i“Ç”„ƒeƒŒƒru‚ ‚·ƒŠ[ƒgvj,https://news.yahoo.co.jp/articles/665cc9ebc830d291459118e859ecb15452105118,1/4(–Ø) 18:50
ytv,“Ç”„ƒeƒŒƒr,y“ÁWzuŒÌ‹½‚Ì’‡ŠÔ‚½‚¿‚Öv ƒEƒKƒ“ƒ_‚©‚ç“ú–{‚Ö •ê‘‚Ö‚Ì‘z‚¢‚Æ–²•ø‚«ƒvƒ–ÚŽw‚· ƒJƒg[ƒGƒhƒŠƒ“i“Ç”„ƒeƒŒƒru‚ ‚·ƒŠ[ƒgPlusvj,https://news.yahoo.co.jp/articles/142d74eb5d9ef98a3189ad41efd3198755c36925,1/4(–Ø) 18:40
ytv,“Ç”„ƒeƒŒƒr,‹ž“s‚Ì¢ŠEˆâŽYE‰ºŠ›_ŽÐ‚ÅVtP—áwR‹fi‚¯‚Ü‚èj‰‚ßx“Æ“Á‚ÈŠ|‚¯º‚Æ‚Æ‚à‚ÉI‚Ý‚ÈR‚è‚ ‚¢”â˜I,https://news.yahoo.co.jp/articles/b94b4c5d0bc8b9d8a03d519887e399347333ab48,1/4(–Ø) 18:32
ytv,“Ç”„ƒeƒŒƒr,”íÐ’nŽæÞ‚ÅŒ©‚¦‚½wH—¿E¶Šˆ—p…x•s‘«[@•œ‹ŒEŽx‰‡‚ð‘j‚Þ‚à‚Ì‚Æ‚ÍH@”\“o”¼“‡’nk,https://news.yahoo.co.jp/articles/29516ba6dd2f6395c650759445d95210fee33274,1/4(–Ø) 18:18
ytv,“Ç”„ƒeƒŒƒr,¶‘¶—¦‚ª‘å•‚É’á‰º‚·‚é‚Æ‚³‚ê‚éw72ŽžŠÔxŒo‰ß@–Ø‘¢Z‘î‚È‚Ç“|‰ó‘ŠŽŸ‚®‚à‹~•“ïq@”\“o”¼“‡’nk,https://news.yahoo.co.jp/articles/9072e6d971264635e8f0e58154c9b314b370763a,1/4(–Ø) 17:53
ytv,“Ç”„ƒeƒŒƒr,y‘¬•ñz”ú”iŒÎ‚Ì…ˆÊ‚³‚ç‚É’á‰º@ƒ}ƒCƒiƒX78ƒZƒ“ƒ`‚É@Ž ‰êŒ§‚ª2005”NˆÈ—ˆ‚ÌŠ‰…‘Îô–{•”Ý’u,https://news.yahoo.co.jp/articles/eedd4eaa7ef161280fcd20d9854d8785e5ff91f7,1/4(–Ø) 16:00
ytv,“Ç”„ƒeƒŒƒr,¶ƒ}ƒOƒ‚Ì…—g‚°g“ú–{ˆêh Ÿ‰Y‹™`‚Åƒ}ƒOƒ‚Ì‰Žs@–ñ50ƒgƒ“‚ð…—g‚°@˜a‰ÌŽRE“ß’qŸ‰Y’¬,https://news.yahoo.co.jp/articles/fca285b0128e747fee110ebe570ffeee2aca3eb6,1/4(–Ø) 12:27
ytv,“Ç”„ƒeƒŒƒr,u‚ ‚Æ1TŠÔ‚­‚ç‚¢‹x‚Ý‚½‚©‚Á‚½vu’m‚è‡‚¢‚ªÎìŒ§‚ÉcvŽdŽ–Žn‚ß@ƒIƒtƒBƒXŠX‚Éo‹Î‚·‚éŽp,https://news.yahoo.co.jp/articles/d905976bafd7972ac2403993dd3239604961d8db,1/4(–Ø) 12:21
ytv,“Ç”„ƒeƒŒƒr,u’™’~‚©‚ç“ŠŽ‘‚Ö‚Ì—¬‚ê‰Á‘¬v‘åãŽæˆøŠ‚ÅŽæˆø‚ÌŽn‚Ü‚èj‚¤‘å”­‰ï@–œÎŽO¥Žæ‚è‚â‚ß’nk‚É–Ù‚Æ‚¤,https://news.yahoo.co.jp/articles/df1620378a238f83312d54c781958cfe735514c2,1/4(–Ø) 12:17
ytv,“Ç”„ƒeƒŒƒr,”\“o”¼“‡’nk@ŠÖ¼Lˆæ˜A‡‚ªŽx‰‡‘Ì§‹¦‹c@•‘’ß‚©‚çŠCŽ©‚Ì—A‘—ŠÍu‚¨‚¨‚·‚Ýv‚ªd‹@‚ðÏ‚ñ‚ÅÎì‚Ö,https://news.yahoo.co.jp/articles/a9a3f8e51a91e41157327768b7c684e9f60f4716,1/4(–Ø) 12:10
ytv,“Ç”„ƒeƒŒƒr,y‘¬•ñz”ú”iŒÎ‚Ì…ˆÊ@Šî€‚æ‚è75cmˆÈã‰º‰ñ‚é@Ž ‰êŒ§‚ªŒßŒã‚ÉŠ‰…‘Îô–{•”‚ðÝ’u‚Ö,https://news.yahoo.co.jp/articles/93c211abf61c7e0b0391a8f8647299f1a9bcb77a,1/4(–Ø) 10:28
ytv,“Ç”„ƒeƒŒƒr,”\“o”¼“‡’nk‚Ì”íÐ’n‚©‚ç•ñ@¶‘¶—¦‚ª‘å•‚É’á‰º‚·‚éu”íÐ72ŽžŠÔv‚ðŒ}‚¦‚éŒ»’n‚Ì—lŽq‚Í,https://news.yahoo.co.jp/articles/79bf13e33b847022caa4aef98921b73e92c23cfa,1/4(–Ø) 9:11
ytv,“Ç”„ƒeƒŒƒr,‰H“c‚Ìq‹ó‹@Ž–ŒÌ‚Å–ñ4–œl‚É‰e‹¿@ˆÉ’O‹ó`‚Å‚àŒ‡q•Ö‚Ì—\–ñ‹q‚ª—ñ@3“ú‚ÍUƒ^[ƒ“ƒ‰ƒbƒVƒ…‚Ìƒs[ƒN,https://news.yahoo.co.jp/articles/77acc49d4f8d472477e66aee73ccdeeaf400b8e0,1/4(–Ø) 8:48
ytv,“Ç”„ƒeƒŒƒr,³ŒŽ‹x‚Ý‚É‡‚í‚¹‚Ä¬lŽ®@–ñ100l‚ª°‚ê’…‚âƒX[ƒcŽp‚ÅV¬l‚Ì¾‚¢@˜a‰ÌŽRE“ß’qŸ‰Y’¬,https://news.yahoo.co.jp/articles/306740a69beb1ac9203010015976db25015d1ee8,1/4(–Ø) 8:18
ytv,“Ç”„ƒeƒŒƒr,ŠCãŽ©‰q‘àE•‘’ßŠî’n‚Å‘åŒ^d‹@‚ð—A‘—ŠÍ‚ÉÏ‚Ýž‚Ý@”\“o”¼“‡’nk‚Ì”íÐ’n‚Ö@4“úˆÈ~‚É•œ‹Œì‹Æ,https://news.yahoo.co.jp/articles/6f7944ae8db0561c02a686b230051db24a78cb24,1/4(–Ø) 8:15
ytv,“Ç”„ƒeƒŒƒr,yŒã•Òz”g–ä‚ðŒÄ‚Ôg‚Z–³ž‰»hˆÛV‚¾‚¯‚É‚Æ‚Ç‚Ü‚ç‚È‚¢–³ž‰»‚Ì”gc‘I‘ðŽˆ‚ªL‚ª‚éˆê•û‚ÅŒœ”O‚³‚ê‚éw‹³ˆçŠi·xyƒLƒVƒƒ–Úü2024z,https://news.yahoo.co.jp/articles/a53de614a011532c08870988ff8e8fdab5dabc9f,1/4(–Ø) 6:00
ytv,“Ç”„ƒeƒŒƒr,Vt‚ÌP—ásŽ–@‹ž“sE”ªâ_ŽÐ‚Åu‚©‚é‚½Žn‚ßŽ®v @Ž ‰êE‘å’ÃŽs‚Å‚Í‹|“¹‚ÌŽ–Žn‚ßu‰ŽË‰ïv,https://news.yahoo.co.jp/articles/f7481931ac650195bab6c608d859ca93757a4769,1/3(…) 18:45
ytv,“Ç”„ƒeƒŒƒr,‰H“c‹ó`‚Ìq‹ó‹@‰ŠãŽ–ŒÌ@ŠÖ¼‚Ì‹ó`‚Å‚à‰e‹¿‘±‚­@Œ‡q‚É‚È‚Á‚½•Ö‚Ì—\–ñ‹q‚ç‚ªƒ`ƒPƒbƒg•ÏXŽè‘±‚«,https://news.yahoo.co.jp/articles/6007455f92747706bf5ce23208ca79d87cbcf09f,1/3(…) 18:39
ytv,“Ç”„ƒeƒŒƒr,uŸBv‚Ì‚æ‚¤‚Èƒxƒr[ƒT[ƒNƒ‹AŽè‘«‚Í‚®‚é‚®‚éŠª‚«c•êe‚©‚çˆø‚«”‚ª‚³‚êA“¯‹‰Æ‘°‚É‘a‚Ü‚ê‚È‚ª‚ç”M’†Ç‚ÅŽ€–S@2Î—Ž™‚É‹N‚«‚½”ßŒ€yƒLƒVƒƒ–Úü2024z,https://news.yahoo.co.jp/articles/61e0e47aff7af92f3d3be761fdb313181ebf63a9,1/3(…) 14:00
ytv,“Ç”„ƒeƒŒƒr,y‘O•Òz”g–ä‚ðŒÄ‚Ô‘åã•{‚Ìg‚Z–³ž‰»hu•{–¯‚Å‚æ‚©‚Á‚½vu‚È‚º‘åã‚¾‚¯ve‚Ìƒzƒ“ƒl‚Æ‹C‚É‚È‚ég“üŠw‹à‚Ì’lã‚°hyƒLƒVƒƒ–Úü2024z,https://news.yahoo.co.jp/articles/fa58267fecf6799011bb8c3580ba8e385e83f672,1/3(…) 7:00
ytv,“Ç”„ƒeƒŒƒr,y˜AÚF‹žƒAƒjŽ–Œ[–T’®È‚©‚ç‚ÌlŽ@[z‘æ6‰ñF2“x‚Ì—Lß”»Œˆ‚àX¶‚Å‚«‚È‚©‚Á‚½Â—t”í@“ú–{‚ÌÄ”ÆŽÒ—¦‚Í48%cÄ”Æ–h‚®Žè—§‚Ä‚Í[,https://news.yahoo.co.jp/articles/cee4681745436cf782ce7a1d0ecffc3916f7fbb3,1/2(‰Î) 14:00
ytv,“Ç”„ƒeƒŒƒr,¢ŠEˆâŽYE´…Ž›‚ÌŽQ“¹u“ñ”Jâv‚Å‰ÎŽ–@Á–hŽÔ22‘ä‚ªo“®@‚—î‚Ì—«‚ð‹~oA‚¯‚ª‚Í–³‚µ,https://news.yahoo.co.jp/articles/2f2e5c93b10601430d5e71b27ead3fe645270697,1/2(‰Î) 12:10
ytv,“Ç”„ƒeƒŒƒr,y‘¬•ñz’Ã”g’ˆÓ•ñ‚ð‚·‚×‚Ä‰ðœ@‰ðœ‚³‚ê‚½‰ˆŠÝ‚Å‚àA¡Œã‚µ‚Î‚ç‚­ŠC–Ê•Ï“®‚ª‘±‚­‚½‚ß’ˆÓ‚ª•K—v@‹CÛ’¡i2“úŒß‘O10ŽžŽž“_j,https://news.yahoo.co.jp/articles/119ffa6c8dbba0fb2d2175f76ace425c80720b08,1/2(‰Î) 10:17
ytv,“Ç”„ƒeƒŒƒr,Œ³“ú‚Ì–é‚ÉZ‘î‰ÎÐ@Ä‚¯Õ‚©‚çZl‚Ì82Î—«‚Æ‚Ý‚ç‚ê‚éˆâ‘ÌŒ©‚Â‚©‚é@Ž ‰êE•FªŽs,https://news.yahoo.co.jp/articles/0a4c572f7d4a02b368a85fd58053cc7d12a0f71d,1/2(‰Î) 8:19
ytv,“Ç”„ƒeƒŒƒr,y‘¬•ñzJR“Á‹}uƒTƒ“ƒ_[ƒo[ƒhvu‚µ‚ç‚³‚¬v’nk‚Ì‰e‹¿‚ÅˆêŽž—§‚¿‰¶@‚·‚Å‚É”¼“úˆÈã‚Ì’x‚ê,https://news.yahoo.co.jp/articles/11f25931e34d6212237c0e3a38402377760ba303,1/2(‰Î) 6:53
ytv,“Ç”„ƒeƒŒƒr,y‘¬•ñz’Ã”gŒx•ñ‚Í‚·‚×‚Ä’Ã”g’ˆÓ•ñ‚É•ÏX@•ºŒÉŒ§–k•”‚à’Ã”g’ˆÓ•ñ‚É,https://news.yahoo.co.jp/articles/4524e00be1adb2e33249ea6e19855102f0a94bb3,1/2(‰Î) 1:29
ytv,“Ç”„ƒeƒŒƒr,•ºŒÉŒ§–k•”‚Ì‰ˆŠÝ‚É’Ã”gŒx•ñ@–L‰ª‚Æ‹ž“sE•‘’ß‚Å40ƒZƒ“ƒ`‚Ì’Ã”gŠÏ‘ª@•ºŒÉŒ§“à‚Å2l‚¯‚ª,https://news.yahoo.co.jp/articles/b0d8d0191d7f5fe81a1ab9ff4b7024de24c8fa1b,1/2(‰Î) 1:05
ytv,“Ç”„ƒeƒŒƒr,y’Ã”gî•ñz‹ž“sE•‘’ßŽs‚Å2“úŒß‘O0Žž43•ª‚É0.4m‚Ì’Ã”g‚ðŠÏ‘ªi2“úŒß‘O0Žž49•ª‚Ü‚Å‚Ìî•ñj,https://news.yahoo.co.jp/articles/0a1a2991e1768adecd1a219cbc4e5636e0db3c94,1/2(‰Î) 1:03
ytv,“Ç”„ƒeƒŒƒr,yŒð’Êî•ñzJRŽR‰Aü‚Ìˆê•”‹æŠÔ‚Æ–k—¤•û–Ê‚ÉŒü‚©‚¤“Á‹}ƒTƒ“ƒ_[ƒo[ƒh‚Í2“ú‚àŽn”­‚©‚ç‰^“]Œ©‡‚í‚¹,https://news.yahoo.co.jp/articles/abd08022f2cbcf64d0732d704e9c0cee655c74f8,1/2(‰Î) 0:44
ytv,“Ç”„ƒeƒŒƒr,y”ð“ïî•ñz•ºŒÉŒ§–L‰ªŽs‚Å5‚©ŠAV‰·ò’¬‚Å5‚©ŠA”ü’¬‚Å6‚©Š‚É”ð“ïŠ‚ðŠJÝiŒßŒã10ŽžŒ»Ýj,https://news.yahoo.co.jp/articles/632cabcc07db5a7b1f17577a9c69bfa95a270a21,1/1(ŒŽ) 22:56
ytv,“Ç”„ƒeƒŒƒr,y’Ã”gî•ñz‹ž“sE•‘’ßŽs‚ÅŒßŒã9Žž47•ª‚É0.4m‚Ì’Ã”g‚ðŠÏ‘ªiŒßŒã10Žž‚Ü‚Å‚Ìî•ñj,https://news.yahoo.co.jp/articles/b07fd0f7ddd739e1b7808d72e24937702ca78962,1/1(ŒŽ) 22:09
ytv,“Ç”„ƒeƒŒƒr,yŒð’Êî•ñz‘S“ú‹ó‚ ‚·2“ú‚àVŠƒ‚âÎì‚È‚Ç”­’…‚·‚é8•ÖŒ‡q@1“ú‚Í“ú–{q‹ó‚Æ‘S“ú‹ó‚ÅŒv25•ÖŒ‡q,https://news.yahoo.co.jp/articles/3469a8e9782d96ddee418be24ce1a53c169e73ce,1/1(ŒŽ) 21:58
ytv,“Ç”„ƒeƒŒƒr,y”ð“ïî•ñz•ºŒÉŒ§–L‰ªŽs‚Å3‚©ŠAV‰·ò’¬‚Å4‚©ŠA”ü’¬‚Å4‚©Š‚É”ð“ïŠ‚ðŠJÝiŒßŒã9ŽžŒ»Ýj,https://news.yahoo.co.jp/articles/2af87d3eba6153132d22808846874b24464af8a6,1/1(ŒŽ) 21:45
ytv,“Ç”„ƒeƒŒƒr,yŒð’Êî•ñz“ŒŠC“¹VŠ²ü‚ ‚·2“ú‚Í’Êí’Ê‚è‰^s—\’è@JRŽR‰A–{ü‚Í–L‰ª‰w`“Œ•l‰w‚Å‰^“]Œ©‡‚í‚¹,https://news.yahoo.co.jp/articles/1379818be89d2c31b658ae760094707d12a64972,1/1(ŒŽ) 21:17
ytv,“Ç”„ƒeƒŒƒr,•ºŒÉŒ§–k•”‚Ì“ú–{ŠC‰ˆŠÝ‚É’Ã”gŒx•ñ@–L‰ª40ƒZƒ“ƒ`A‹ž“sE•‘’ß30ƒZƒ“ƒ`‚Ì’Ã”gŠÏ‘ª@”ð“ïŽwŽ¦‚à,https://news.yahoo.co.jp/articles/9b9b60b26999bd57ca264f7c65a0b7b714024672,1/1(ŒŽ) 21:03
ytv,“Ç”„ƒeƒŒƒr,y’Ã”gî•ñz‹ž“sE•‘’ßŽs‚ÅŒßŒã7Žž39•ª‚É0.3m‚Ì’Ã”g‚ðŠÏ‘ªiŒßŒã8Žž06•ª‚Ü‚Å‚Ìî•ñj,https://news.yahoo.co.jp/articles/873786070c7f9c9cb7007294586bbb9f4a899367,1/1(ŒŽ) 20:20
ytv,“Ç”„ƒeƒŒƒr,y”íŠQî•ñz“k•à‚Å”ð“ï’†‚Ì80‘ã—«‚ª2mŠŠ‚è—Ž‚¿ƒPƒK@•a‰@‚É”À‘—@•ºŒÉE–L‰ªŽs,https://news.yahoo.co.jp/articles/6eda8128a8b9651ab509dd3d30395d1c7d615d4f,1/1(ŒŽ) 20:00
ytv,“Ç”„ƒeƒŒƒr,y’Ã”gî•ñz•ºŒÉ–L‰ªŽs’Ã‹ŽR‚ÅŒßŒã7Žž20•ª‚É0.4‚A‹ž“s•‘’ß‚ÅŒßŒã7Žž19•ª‚É0.3m‚Ì’Ã”g‚ðŠÏ‘ªiŒßŒã7Žž38•ª‚Ü‚Å‚Ìî•ñj,https://news.yahoo.co.jp/articles/bd849b4dccc1c766a7de25963d842cef4605f095,1/1(ŒŽ) 19:51
ytv,“Ç”„ƒeƒŒƒr,y’Ã”gî•ñz‹ž“s•‘’ß‚ÅŒßŒã7Žž‚É0.3mA•ºŒÉ–L‰ªŽs’Ã‹ŽR‚ÅŒßŒã6Žž53•ª‚É0.3‚‚Ì’Ã”g‚ðŠÏ‘ª,https://news.yahoo.co.jp/articles/be4f79d15a2e13d366e8dcd221eb9927e5f95b30,1/1(ŒŽ) 19:21
ytv,“Ç”„ƒeƒŒƒr,yŒð’Êî•ñzJR–k—¤üE”ú”iŒÎü‚ÍŒßŒã6Žž”¼‚²‚ë‚É‰^“]ÄŠJ@ŽR‰A–{ü‚Í–L‰ª‰w`“Œ•l‰w‚Å‰^“]Œ©‡‚í‚¹iŒßŒã7ŽžŒ»Ýj,https://news.yahoo.co.jp/articles/c9ca278934644dc1969895d67743e0e0831eb1b2,1/1(ŒŽ) 19:08
ytv,“Ç”„ƒeƒŒƒr,y”ð“ïî•ñz•ºŒÉŒ§V‰·ò’¬‚Å3‚©ŠA”ü’¬‚Å7‚©Š‚ðŠJÝ@–L‰ªŽs‚Å‚Í4‚©Š‚ÉŽ©Žå”ð“ïiŒßŒã6Žž”¼Œ»Ýj,https://news.yahoo.co.jp/articles/1a0d9b7836e83a7da222d5e7b154482f5587db24,1/1(ŒŽ) 18:43
ytv,“Ç”„ƒeƒŒƒr,yŒð’Êî•ñzJR–k—¤ü‚Ì“Ö‰ê‰w`‹ß]‰–’Ã‰wE”ú”iŒÎü‚Ì–ìF‰w`•ÄŒ´‰w‚Å‰^“]Œ©‡‚í‚¹iŒßŒã5Žž”¼Žž“_j,https://news.yahoo.co.jp/articles/048a61676990f3afcb4e6630283821c88edb0b4c,1/1(ŒŽ) 18:11
ytv,“Ç”„ƒeƒŒƒr,y’Ã”gî•ñz•ºŒÉŒ§–L‰ªŽs’Ã‹ŽR‚Å0.3‚‚Ì’Ã”gŠÏ‘ª@‹ž“s•{•‘’ß‚Å‚à0.1‚‚ðŠÏ‘ªiŒßŒã5Žž55•ªŒ»Ýj,https://news.yahoo.co.jp/articles/1ad4b1d9abb628c54733f8960c28b13ed582ead3,1/1(ŒŽ) 18:01
ytv,“Ç”„ƒeƒŒƒr,y”ð“ïî•ñz•ºŒÉEV‰·ò’¬‚Å’¬“à3‚©Š‚É”ð“ïŠŠJÝ@1–œ3115l‘ÎÛ‚É”ð“ïŽwŽ¦,https://news.yahoo.co.jp/articles/f8b22035e2bd95a7ead9cd37f5ae73965a7e2818,1/1(ŒŽ) 17:49
ytv,“Ç”„ƒeƒŒƒr,y“ŒŠC“¹VŠ²üzã‰ºü‚Ìˆê•”‚Å’x‚ê”­¶@ƒz[ƒ€ƒy[ƒW‚È‚Ç‚ÅÅVî•ñ‚ÌŠm”F‚ð,https://news.yahoo.co.jp/articles/692250ad87d80942157640e778168a11c216dd94,1/1(ŒŽ) 17:45
ytv,“Ç”„ƒeƒŒƒr,yŒð’Êî•ñzJR¼@”ú”iŒÎü‚Ì•ÄŒ´‰w`–ìF‰wEŽR‰Aü‚Ì–L‰ª‰w`“Œ•l‰w‚Å‰^“]Œ©‡‚í‚¹,https://news.yahoo.co.jp/articles/ab55e87ce9039f667bea137f53711fbb56761294,1/1(ŒŽ) 17:42
ytv,“Ç”„ƒeƒŒƒr,y’Ã”gî•ñz•‘’ßŽs‚É1m‚Ì’Ã”g“ž’B’†‚©@ŒßŒã4Žž22•ª‚É’Ã”g’ˆÓ•ñ,https://news.yahoo.co.jp/articles/3f1785b0c5bf3f942be0bb7498c52ca8f5ab6b91,1/1(ŒŽ) 17:39
ytv,“Ç”„ƒeƒŒƒr,y‘¬•ñz•ºŒÉ–k•”E”ü’¬‚ÆV‰·ò’¬‘Sˆæ‚É”ð“ïŽwŽ¦,https://news.yahoo.co.jp/articles/abf9554f8636567421f3953c94c8bed367457e31,1/1(ŒŽ) 17:31
ytv,“Ç”„ƒeƒŒƒr,yŒ´”­î•ñz‚•lŒ´”­‚â‘å”ÑŒ´”­@¡‚Ì‚Æ‚±‚ëˆÙí‚ÍŠm”F‚³‚ê‚¸@”ü•lŒ´”­‚Í’èŠúŒŸ¸‚Å’âŽ~’†,https://news.yahoo.co.jp/articles/bc67abc0876baf31c786ffb0fb51164c67000ef9,1/1(ŒŽ) 17:27
ytv,“Ç”„ƒeƒŒƒr,y’Ã”gî•ñz•ºŒÉ–k•”‚É’Ã”gŒx•ñE‹ž“s•{‚É’Ã”g’ˆÓ•ñ@ÎìŒ§‚Åƒ}ƒOƒjƒ`ƒ…[ƒh7.6‚Ì‘å‚«‚È’nk@k“x7‚ðŠÏ‘ª,https://news.yahoo.co.jp/articles/14f61114f3cd15013c0e4c1204edbffff8ac69f2,1/1(ŒŽ) 17:16
ytv,“Ç”„ƒeƒŒƒr,u“Æ—§‚µ‚Äl¶Šy‚µ‚Þ‚¼vuŒ’N‚Å‹ì‚¯”²‚¯‚é‚¼v‰“ú‚Ìo‚Æ‚Æ‚à‚É•ø•‰‚ð‹©‚Ô@‘åãE‚ ‚×‚Ìƒnƒ‹ƒJƒX,https://news.yahoo.co.jp/articles/cd7d620a2773bd7cf424eac1292c1cedd1d1d081,1/1(ŒŽ) 16:36
ytv,“Ç”„ƒeƒŒƒr,u¡”N‚à‚æ‚¢1”N‚Évug‘å‚«‚Èh’j‚É‚È‚è‚½‚¢v‰Œw‹q‚Å‚É‚¬‚í‚¤@‹ž“sE•½ˆÀ_‹{,https://news.yahoo.co.jp/articles/446c89fbe7fffd0c7664f544cfcb8670f624e986,1/1(ŒŽ) 16:28
ytv,“Ç”„ƒeƒŒƒr,³ŒŽü‚è‚É‚ë‚¤‚»‚­‚Ì‰Î‚ª”R‚¦ˆÚ‚Á‚½‚©@Z‘î‰ÎÐ‚Å40‘ã‚Ì—«‚ª•a‰@‚É‰^‚Î‚ê‚é@•ºŒÉE’O”gŽs,https://news.yahoo.co.jp/articles/2aab59e900d6258e1b31d1f5127f98b5bf27fe31,1/1(ŒŽ) 10:48
ytv,“Ç”„ƒeƒŒƒr,•¢–Ê’j‚çhƒnƒ“ƒ}[h‚Å—Žq’†Šw¶‹º‚µƒXƒ}ƒz‚ð’D‚¢“¦‘–@‹AÈ‚µ‚Ä‚¢‚½‰Æ‘°‚ª”íŠQ‚É@‘åãEäŽs,https://news.yahoo.co.jp/articles/54e7b01eede33442ae404dd8743408144bbe1a78,1/1(ŒŽ) 9:37
ytv,“Ç”„ƒeƒŒƒr,‘åãEŠÖ¼–œ”Žus‚«‚½‚¢v‚Æ“š‚¦‚½l‚Í3Š„c‰Û‘è‚ÍŽRÏA‹Šz“ŠŽ‘‚Ì¬‰Ê‚Ío‚é‚Ì‚©HŽ¸”s‹–‚³‚ê‚È‚¢ƒrƒbƒOƒvƒƒWƒFƒNƒg‚ÌgŒ»Ý’nhyƒLƒVƒƒ–Úü2024z,https://news.yahoo.co.jp/articles/a73fbfcfd3bf61cce48cfd19bd30530c1375920b,1/1(ŒŽ) 7:00
ytv,“Ç”„ƒeƒŒƒr,–¼•¨‚ÉãŒÛ@”N‰z‚µ‚»‚Î‚É‚¬‚í‚¤@•ºŒÉE–L‰ªŽsoÎ’¬,https://news.yahoo.co.jp/articles/a6eee252db33f165ecfc2d9d01f4b41217e236a7,2023/12/31(“ú) 16:31
ytv,“Ç”„ƒeƒŒƒr,‰‹N‚Ì‚¢‚¢HÞ‚ª•À‚Ô g‘åã‚Ì‘äŠh •–åŽsê‚É‚¬‚í‚¤,https://news.yahoo.co.jp/articles/a0d90233b0d92eb3379e3b64c6236105b5c4199b,2023/12/31(“ú) 16:21
ytv,“Ç”„ƒeƒŒƒr,u‚¦‚±‚Ð‚¢‚«v­ô‚©‚ç10”N@•Ï‚í‚é‘åãE¼¬u‚ ‚¢‚è‚ñ’n‹æv˜J“­ŽÒ‚ÌŠX‚©‚ç•ŸŽƒ‚ÌŠX‚ÖclŒûŒ¸E‚—î‰»‚Ìæ‚É•`‚­–¢—ˆ}‚ÍyƒLƒVƒƒ–Úü2023z,https://news.yahoo.co.jp/articles/2e3bf5933f5fae7f62cbe4a879379f95a9be1d99,2023/12/31(“ú) 16:00
ytv,“Ç”„ƒeƒŒƒr,y”N––“ÁWzƒƒ‚ƒ“ƒAƒUƒ‰ƒV‚Ìˆø‚Á‰z‚µ‚©‚çA–Ó“±Œ¢ˆç¬‚ÌŽÀîA“Þ—Ç‚ÌŽ­‚Ì–â‘è‚Ü‚Åc2023”Nu“Ç”„ƒeƒŒƒrv‚ª–§’…E[–xŽæÞ‚µ‚½g“®•¨h‚É‚Ü‚Â‚í‚é“ÁW‚Ü‚Æ‚ß,https://news.yahoo.co.jp/articles/087eb008049510c97ebf418c87e324348eb4ffdd,2023/12/31(“ú) 12:00
ytv,“Ç”„ƒeƒŒƒr,‹ÆŽÒ‚Íuˆá–@«‚È‚¢AH‚×‰ß‚¬‚ªŒ´ˆöv‚ÆŽå’£c”À‘—ŽÒ‘ŠŽŸ‚®w‘å–ƒƒOƒ~xŒú˜JÈ‚ÍƒXƒs[ƒh‹K§‚à‘±‚­g‚¢‚½‚¿‚²‚Á‚±hyƒLƒVƒƒ–Úü2023z,https://news.yahoo.co.jp/articles/6dfdaf9243cc057e4faecbac2101ebb60ba4d066,2023/12/31(“ú) 7:00
ytv,“Ç”„ƒeƒŒƒr,y”N––“ÁWzŽž‚É‚ÍƒtƒBƒNƒVƒ‡ƒ“‚æ‚è‚àƒhƒ‰ƒ}ƒ`ƒbƒNH¦˜r‚ÌƒŠƒƒCƒNElA•ÄŽõ‚ÌƒfƒBƒŒƒNƒ^[AˆË‘¶Ç‚Æ“¬‚¤l‹CƒVƒ“ƒK[c‚»‚ê‚¼‚ê‚Ìl¶‚É–§’…‚µ‚½2023”N‚Ì“ÁW‚Ü‚Æ‚ß,https://news.yahoo.co.jp/articles/43bbe448f1c83c10f0155848353dbc72ffcce0fb,2023/12/30(“y) 20:00
ytv,“Ç”„ƒeƒŒƒr,w‚¨‹à‚Í‘åä•v‚È‚ñ‚Å‚·‚©HxwŽ„‚½‚¿‚ª‘Îô‚ð—û‚è‚Ü‚·x¶¬AI‚ÅƒVƒiƒŠƒIì¬‚àc‘‰Á‚Ìˆê“r‚½‚Ç‚é“ÁŽê¼‹\@”íŠQ‚ð–h‚®‚½‚ß‚ÌˆêŽè‚ÍyƒLƒVƒƒ–Úü2023z,https://news.yahoo.co.jp/articles/215d59a7ca361ec195cfe66625f950e5c8fbadec,2023/12/30(“y) 16:00
ytv,“Ç”„ƒeƒŒƒr,”N––”NŽn‚Ì–Z‚µ‚¢ŽžŠú‚É‚àƒIƒXƒXƒIg‚¨ŽèŒyh‚ÅgˆÀ‚¢h—â“€H•i@ƒ}ƒCƒiƒXƒCƒ[ƒW‚ð•¥@‚µAi‰»‚ð‘±‚¯‚éÅV‹ZpyƒLƒVƒƒ–Úü2023z,https://news.yahoo.co.jp/articles/87df8358c5df7610073c5cf47077fd96211b5fb7,2023/12/30(“y) 14:00
ytv,“Ç”„ƒeƒŒƒr,y”N––“ÁWz24ŽžŠÔ–½‚ÉŒü‚«‡‚¤PICU‚ÌŒ»êA–¼‚à’m‚ç‚ê‚Ä‚¢‚È‚¢“ï•a‚Æ“¬‚¤eŽqcŒœ–½‚É¶‚«‚é¬‚³‚È–½‚ÆA¬‚³‚È–½‚ÉŠñ‚è“Y‚¤‘ål‚½‚¿A‚»‚Ì“úX‚ðŽæÞ‚µ‚½“ÁW‚Ü‚Æ‚ß,https://news.yahoo.co.jp/articles/55adcc199654806a475b89d18884a5d6ecadeabe,2023/12/30(“y) 12:00
ytv,“Ç”„ƒeƒŒƒr,¶¬AI‚ÆU‚è•Ô‚é2023”Nug‚ ‚è‚ª‚Æ‚¤h‚Æg‚¨‚ß‚Å‚Æ‚¤hvAI‚©‚ç‚Ìƒ‰ƒXƒgƒƒbƒZ[ƒW,https://news.yahoo.co.jp/articles/87a133365bcd89f6e1766e515afcbba8253d46b2,2023/12/30(“y) 11:00
ytv,“Ç”„ƒeƒŒƒr,uŽq‚Ç‚à‚ð•Ô‚µ‚Äv•ú‰ÛŒã“™ƒfƒCƒT[ƒrƒX‚Å‹N‚«‚½’†Šw¶Ž€–SŽ–ŒÌ@ƒEƒ\‚É‰B‚Ø‚¢c‘{¸‚Å•‚‚©‚Ñã‚ª‚Á‚½Ž{Ý‚Ì‚¸‚³‚ñ‚ÈˆÀ‘SŠÇ—‚ÌŽÀ‘ÔyƒLƒVƒƒ–Úü2023z,https://news.yahoo.co.jp/articles/4116caacf9bccd79b144fb974af3309d7b426139,2023/12/30(“y) 7:00
ytv,“Ç”„ƒeƒŒƒr,y”N––“ÁWzu2024”N–â‘èvuƒ[ƒƒ[ƒ—ZŽ‘vuƒOƒŠ‰ºvc2023”N‚É‘å‚«‚­Žæ‚è‚´‚½‚³‚ê‚½A”X‚ÌŽÐ‰ï–â‘è‚ðu“Ç”„ƒeƒŒƒrv‚ª“O’êŽæÞ‚µ‚½“ÁW‚Ü‚Æ‚ß,https://news.yahoo.co.jp/articles/1e5067157a4d2751a88bba47cd6a766c1b00faaf,2023/12/29(‹à) 20:00
ytv,“Ç”„ƒeƒŒƒr,y”N––“ÁWzƒCƒ“ƒtƒ‹ƒGƒ“ƒT[E‚è‚¨‚È‚¿‚á‚ñ‚ªŒ©‚¹‚½—ÜAƒrƒbƒOƒ‚[ƒ^[¦âƒpƒƒnƒ‰‚ÌŽÀ‘Ôcuƒ~ƒ„ƒl‰®v‚ª‘—ÍŽæÞ•“O’ê‰ðàI2023”N‚É¢ŠÔ‚ð“ö‚í‚¹‚½“ÁW‚Ü‚Æ‚ß,https://news.yahoo.co.jp/articles/4a42cc6570dcbcdd66f556b03938cf64b4f9b039,2023/12/29(‹à) 16:00
ytv,“Ç”„ƒeƒŒƒr,—a’™‹à‚Í‚í‚¸‚©1114‰~c–kV’n•ú‰ÎŽElŽ–Œ‚Ì—e‹^ŽÒ‚ð’Ç‚¢‹l‚ß‚½g¶Šˆ‹êh@‘Š’kŽó‚¯‚½—«‚ÌŒã‰÷u‚ ‚ÌŽžA¶Šˆ•ÛŒì‚ðŽó‚¯‚ç‚ê‚Ä‚¢‚½‚çcvyƒLƒVƒƒ–Úü2023z,https://news.yahoo.co.jp/articles/78e883717541a510193f83b1d0de3b67d473e76c,2023/12/29(‹à) 7:00
ytv,“Ç”„ƒeƒŒƒr,y”N––“ÁWzÕŒ‚ƒjƒ…[ƒX•p”­‚Ì2023”NA“Ç”„ƒeƒŒƒr‚Ì”zMƒjƒ…[ƒXE“ÁW‹LŽ–‚Ì’†‚ÅA“Á‚É‘½‚­‚Ì•û‚É“Ç‚Ü‚ê‚½‹LŽ–‚ðƒ‰ƒ“ƒLƒ“ƒOŒ`Ž®‚Å‘‚Ü‚­‚èI‚³‚Ü‚´‚Ü‚È˜b‘è‚ð—}‚¦AÅ‚à’–Ú‚³‚ê‚½ƒjƒ…[ƒX‚Í,https://news.yahoo.co.jp/articles/24bd6f95f79f167ad5a878368b1751c71cd17f58,2023/12/28(–Ø) 20:00
ytv,“Ç”„ƒeƒŒƒr,y‘¬•ñz“y»•ö‚êŒ»ê‚©‚çŽÔŒ@‚èo‚³‚ê‚é@‰^“]ÈŽü•Ó‚©‚ç‚Ílœ‚Ì‚æ‚¤‚È‚à‚Ì@s•û•s–¾’j«‚Ì‰Â”\«,https://news.yahoo.co.jp/articles/0887a5f126c14ccfc19138b3407b8e93d8052d21,2023/12/28(–Ø) 13:58
ytv,“Ç”„ƒeƒŒƒr,y‘¬•ñz•ö‚ê‚½“y»‚Ì’†‚©‚ç«•Ê•s–¾‚Ì‘Ì‚Ìˆê•””­Œ©@“Þ—ÇE‰º–kŽR‘º@˜a‰ÌŽR‚Ì70‘ã’j«‚Æ˜A—Žæ‚ê‚¸,https://news.yahoo.co.jp/articles/5bdc3bd9727271da9e6e46dab53703cfc4bc9b42,2023/12/28(–Ø) 12:01
ytv,“Ç”„ƒeƒŒƒr,y‘¬•ñz‘å—Ê‚ÌŠPŽ~‚ß–ò•ž—p‚Ì—Žq‚Z¶‚ð‹~Œì‚¹‚¸Ž€‚È‚¹‚½‚©@Ž©‘î‚É˜A‚ê‹Ž‚è—e‹^‚Å‘ß•ß‚Ì’j‚ðÄ‘ß•ß,https://news.yahoo.co.jp/articles/25bf7f72fa78bbb1d8ea3efbe9702b60737fa6e1,2023/12/28(–Ø) 12:00
ytv,“Ç”„ƒeƒŒƒr,y‘¬•ñz“y»•ö‚êŒ»ê‚Å‘{õŠˆ“®‚ðÄŠJ@˜a‰ÌŽR‚ÉZ‚Þ70‘ã’j«‚ªs•û•s–¾@26“ú‚É‚ÍŽÔ‚Ìˆê•””­Œ©,https://news.yahoo.co.jp/articles/aa7ec8d5ab57087f45c5b811df07d733e53c23d5,2023/12/28(–Ø) 11:46
ytv,“Ç”„ƒeƒŒƒr,y‘¬•ñz“Þ—Ç‚Ì“y»•ö‚ê‚Å•s–¾’j«‚Ì‘{õÄŠJ‚Í28“ú‚É@ŒÄ‚Ñ‚©‚¯”½‰ž‚È‚­AŽÔ‚ÍŒ´Œ`‚Æ‚Ç‚ß‚¸”R‚¦‚½­,https://news.yahoo.co.jp/articles/893bfa23200b635cb5aa0586ca998fced0a40ca2,2023/12/27(…) 16:01
ytv,“Ç”„ƒeƒŒƒr,y“ÆŽ©‰ðàzƒwƒ“ƒŠ[‰¤Žq•vÈg2023”NƒnƒŠƒEƒbƒhÅ‘å‚Ì•‰‚¯‘gh‚É‘Ioc2024”N‚ÍuŒ‹¥¶Šˆ‚ªI‚í‚évƒ[ƒKƒ“”Ü‚Íg——D•œ‹Ah‚àu‰¤‘°‚ÌU‚é•‘‚¢‚Å‚Í‚È‚¢v‚Æ”á”»‚Ì—’,https://news.yahoo.co.jp/articles/8b160f67149c6929c1e3e8707637b4ce87cb0ff1,2023/12/27(…) 16:00
ytv,“Ç”„ƒeƒŒƒr,y‘¬•ñzŽ©ŽE‚µ‚½Ô–Ø‚³‚ñ‚ÌÈ‚ªÅ‚Ù‚Éã@X—F‚ß‚®‚éŒö•¶‘‰ü‚´‚ñ@“ñR‚Í²ìŽ‚Ì”…žÓ”C”F‚ß‚¸,https://news.yahoo.co.jp/articles/e8e6120d2cb01b87db77e589a29629c6f64a18d2,2023/12/27(…) 14:50
ytv,“Ç”„ƒeƒŒƒr,y“ÆŽ©‰ðàzuƒp[ƒeƒB[‚Í–×‚¯‚é‚½‚ß‚Å‚Í‚È‚­Šñ•tsˆ×vŽ©–¯“}Œ³Š²Ž–’·EÎŒ´LWŽ‚É“O’êŽ¿–âI”h”´‚Æ‚ÍAƒp[ƒeƒB[‚Æ‚ÍA­Ž¡Ž‘‹à‚Æ‚ÍcH‚³‚ç‚ÉŽñ‘Š‚É‹Ù‹}’ñŒ¾IuwˆâŠ¶x‚Å‚Í‘–¯‚É‚Í“`‚í‚ç‚È‚¢v,https://news.yahoo.co.jp/articles/3dd1fb6b5a34ca7d9aed6082ef4a711c52447d9b,2023/12/27(…) 14:00
ytv,“Ç”„ƒeƒŒƒr,y‘¬•ñz•ú‰ÛŒãƒfƒCŽ{Ý‘ã•\‚ç‘—Þ‘—ŒŸ@‚Ù‚©‚Ì—˜—pŽÒ‚ð–\s‚µ‚½‹^‚¢@‘—Œ}Žž‚ÌŽ€–SŽ–ŒÌ‚Å‚·‚Å‚ÉÄ‘ß•ß,https://news.yahoo.co.jp/articles/5b5e006dbf70c17c0214f3ba150c1586594fbdcc,2023/12/27(…) 11:02
ytv,“Ç”„ƒeƒŒƒr,y‘¬•ñz‘åãˆÛV‚Ì‰ï@ˆÐˆ³“I‚ÈŒ¾“®‚È‚Ç5Œ‚Ìƒnƒ‰ƒXƒƒ“ƒgsˆ×‚ð”F’è@14l‚ª”íŠQ\,https://news.yahoo.co.jp/articles/d798ca0ae8352d636b9a3989de85574f0230138d,2023/12/26(‰Î) 16:02
ytv,“Ç”„ƒeƒŒƒr,y‘¬•ñz“y»‚Ì’†‚©‚çŽÔ‚Ìˆê•”‚ð”­Œ©@“Þ—ÇE‰º–kŽR‘º‚Ì•ö—ŽŒ»ê@s•û•s–¾‚Ì’j«‚ÌŽÔ‚Æƒiƒ“ƒo[‚ªˆê’v,https://news.yahoo.co.jp/articles/a79a563b451119d711c93feb7c1b8d95e4cd1c53,2023/12/26(‰Î) 15:32
ytv,“Ç”„ƒeƒŒƒr,y‘¬•ñzäŽs‚Ì’j«Ž€–S@Eˆõ‚ª–\s‚ð‰½“x‚à–ÚŒ‚‚à’Ê•ñ‚¹‚¸ @ŒŸØˆÏuˆÙíŽ–‘ÔAs­‚ÌÓ”Cd‘åv,https://news.yahoo.co.jp/articles/f9cbd09c2c28a51967bb65d3907cc01456d66bd9,2023/12/26(‰Î) 10:00
ytv,“Ç”„ƒeƒŒƒr,y‘¬•ñzJR‹ž“sü‚È‚Ç‚Å‰^“]ÄŠJ@M†ƒgƒ‰ƒuƒ‹‚Ì‰e‹¿‚ÅˆêŽž‰^“]Œ©‡‚í‚¹,https://news.yahoo.co.jp/articles/abdd4ed84c7210c864393cf2bc63bdd801480c7b,2023/12/26(‰Î) 9:11
ytv,“Ç”„ƒeƒŒƒr,JR‹ž“süE_ŒËü‚È‚Ç‚Å‰^“]Œ©‡‚í‚¹@‹ž“s`•P˜HŠÔ@M†ƒgƒ‰ƒuƒ‹‚Ì‰e‹¿,https://news.yahoo.co.jp/articles/0bba92126966c5134417bd9bfd322171b1c4ed65,2023/12/26(‰Î) 8:36
ytv,“Ç”„ƒeƒŒƒr,y“ÁWz‰Æ‘°‚Æí‘•«‚ðˆ¤‚·‚éƒAƒƒŠƒJŠOŒðŠ¯‚É–§’…I‘ŠŽè‚Ì—§ê‚É—§‚¿A”S‚è‹­‚­A—‰ð‚ð[‚ß‚éc“ú•Ä‚ÌgH‚ÌŒœ‚¯‹´h‚Æ‚È‚è•±“¬‚·‚é“úX,https://news.yahoo.co.jp/articles/73a81674cf2bd1f29cd5eb42d3e14ac69b99ee20,2023/12/25(ŒŽ) 20:00
ytv,“Ç”„ƒeƒŒƒr,“Þ—ÇŒ§‚Æ‚µ‚Ä‘å‹K–Í•ö—Ž‘z’è‚µ‚Ä‚¨‚ç‚¸uƒgƒ“ƒlƒ‹Ý’uŒŸ“¢‚µ‚Ä‚¢‚½–îæ‚Év‰º–kŽR‘º‚Ì“y»•ö‚ê‚Å’mŽ–‰ïŒ©,https://news.yahoo.co.jp/articles/0f5dec0cd147d7b4be73d9ffd04f17a1fc00152d,2023/12/25(ŒŽ) 13:02
ytv,“Ç”„ƒeƒŒƒr,y–§’…z50Î‚ð‘O‚Éê‹ÆŽå•w‚©‚çƒWƒ…ƒGƒŠ[ì‰Æ‚É@ƒtƒBƒŒƒ“ƒcƒF‚ÅV‚½‚Èl¶‚ð•à‚Þ•ê‚Ö“Í‚¯‚é–º‚Ì‘z‚¢,https://news.yahoo.co.jp/articles/018551204dbffbb629039597614b3f90053fd24d,2023/12/24(“ú) 11:04
ytv,“Ç”„ƒeƒŒƒr,y“ÆŽ©‰ðàzƒK[ƒV[”í ‘ˆ“_‚Íg‹º”—‚ÌíK«hu”ílŽ¿–âv‚Å‰½‚ðŒê‚Á‚½H Å‰‚Íu–\˜IŒnƒ†[ƒ`ƒ…[ƒo[‚â‚è‚½‚­‚È‚©‚Á‚½v ƒhƒoƒC‚ÅŒxŽ@‚É˜As‚³‚êuŽ€‚ðŠoŒå‚µ‹A‘‚µ‚½v,https://news.yahoo.co.jp/articles/f21d95563b3d1b7519ed7b9770422bed7f5877f2,2023/12/22(‹à) 16:00
ytv,“Ç”„ƒeƒŒƒr,y‘¬•ñz—˜—pŽÒ‘—Œ}‚ÅŽ–‘O‚ÌŽæ‚èŒˆ‚ßŽç‚ç‚¸Ž€–S‚³‚¹‚½‹^‚¢@•ú‰ÛŒãƒfƒCŽ{Ý‚Ì’j«‰^“]Žè‚ð‘—Þ‘—ŒŸ,https://news.yahoo.co.jp/articles/c91ae063122491615605c5ff502667014b050f73,2023/12/22(‹à) 14:00
ytv,“Ç”„ƒeƒŒƒr,y“ÆŽ©ŽæÞz’m‚ç‚ê‚´‚é–k’©‘N‚Ìì‰ÆŽ–î@gô”]•¶Šwh‘‚¢‚Ä‚¢‚½’E–kì‰ÆŒê‚ég’´ƒGƒŠ[ƒgh‚¾‚¯‚ª‘‚¯‚éw1†Œ`‘œ•¨x‹àˆê‘°‚ð_‚Ì‚æ‚¤‚È‘¶Ý‚ÉâJ‚èã‚°‚é‚½‚ßc“–‹Ç‚ª—¬‚·gƒWƒ…ƒGŽ‚ÉŠÖ‚·‚é‰\h,https://news.yahoo.co.jp/articles/e6a9fb333ed5a1eeb0f6193dda9a8899e93813d9,2023/12/22(‹à) 6:00
ytv,“Ç”„ƒeƒŒƒr,y“ÆŽ©‰ðàz”N––”NŽn‚É‹}‘w¼‹\•‹ó‚«‘ƒxu’m‚ç‚È‚¢”Ô†‚©‚ç‚Ì“d˜b‚ÍA‚±‚¿‚ç‚©‚çŠ|‚¯‚È‚¨‚·v–\—Í’c‘g’·‚ÉgˆÅƒoƒCƒghŽg—pŽÒÓ”C‚Å‘å‘ÅŒ‚‚à?! ‰Æ‘°‚âŽ©‘î‚ðŽç‚ég7‚Â‚Ì‘Îôh‚à ê–å‰Æ‚ª‰ðà,https://news.yahoo.co.jp/articles/abd9dc75fb5195490b83aba032f6524964be0fa7,2023/12/21(–Ø) 19:00
ytv,“Ç”„ƒeƒŒƒr,y‘¬•ñzƒ^ƒŒƒ“ƒg‚Ì…“¹‹´”ŽŽmŽ‚É”…ž–½‚¶‚½ˆêR”»Œˆ‚ðŽxŽ@SNS‚Å¼ˆä‘OŽs’·‚Ì–¼—_Šü‘¹@‘åã‚Ù,https://news.yahoo.co.jp/articles/1954906604aa25a99a179a14f3c80641474fb332,2023/12/21(–Ø) 13:15
ytv,“Ç”„ƒeƒŒƒr,y‘¬•ñz‚ZŽö‹Æ—¿gŠ®‘S–³ž‰»h@‘åã•{ˆÈŠO‚Ì‹ß‹E1•{4Œ§‚ÌŽ„—§‚Z‚ÌŽQ‰Á‚Í10ƒp[ƒZƒ“ƒg’ö“x,https://news.yahoo.co.jp/articles/d8da4c7447c9ef43e1d0bc11d27465f67ca5becc,2023/12/21(–Ø) 12:59
ytv,“Ç”„ƒeƒŒƒr,y‘¬•ñzƒ_ƒCƒnƒcH‹Æ‚É‘ŒðÈ‚ª—§‚¿“ü‚èŒŸ¸@ˆÀ‘S«‚ðŠm”F‚·‚éŽŽŒ±‚Å•s³@‘“àŠO‘SŽÔŽí‚Ìo‰×’âŽ~,https://news.yahoo.co.jp/articles/39f0979bec284a64d1cb4f42cde96e486ae6e389,2023/12/21(–Ø) 8:58
ytv,“Ç”„ƒeƒŒƒr,y“ÁWzƒr[ƒ‹‹ÆŠE‚Ì‹~¢Žå!?‚¢‚ÜA‚¶‚í‚¶‚íl‹Cã¸’†‚ÌuƒNƒ‰ƒtƒgƒr[ƒ‹v‚¨Žð‚ðˆù‚Ü‚È‚¢l‚É‚à‘I‚Î‚ê‚é–£—Í‚Æ‚ÍHƒqƒbƒg‚ÌƒEƒ‰‚É‚Íƒ[ƒJ[“¯Žm‚Ì‹¦—Í‚àcˆêŽž‚Ìƒu[ƒ€‚ÉI‚í‚ç‚È‚¢¨‚¢‚Ì— ‘¤,https://news.yahoo.co.jp/articles/57a21ca5c097060535fa734dd7774c4aeff4b05e,2023/12/20(…) 20:00
ytv,“Ç”„ƒeƒŒƒr,y‘¬•ñzƒ_ƒCƒnƒc‚Æƒgƒˆƒ^‚ª‰ïŒ©@ˆÀ‘S”FØŽŽŒ±‚Ì•s³‚ðŽÓßuŒyŽ‹‚µ‚Ä‚¢‚é‚ÆŽw“E‚³‚ê‚Ä‚àŽd•û‚È‚¢v,https://news.yahoo.co.jp/articles/c489b1a2129c0b512dba1a4cf4c018f346e0a3b2,2023/12/20(…) 16:48
ytv,“Ç”„ƒeƒŒƒr,•ó’Ë‰ÌŒ€’c‚Æˆâ‘°‘¤‚Ì•ÙŒìŽm‚ª2‰ñ–Ú‚Ì–Ê’ku]—ˆ‚ÌŽp¨‚ð‰ü‚ßŽ–ŽÀŠÖŒW‚Æ•]‰¿‚ðÄŒŸ“¢‚µ‚Ä‚¢‚év,https://news.yahoo.co.jp/articles/91bd05db8eec9e1013d51f7df75c3afa80020147,2023/12/20(…) 15:40
ytv,“Ç”„ƒeƒŒƒr,y‘¬•ñz”íŠQŠz9‰­‰~’´‚©@ƒƒ}ƒ“ƒX¼‹\‚Ì”íŠQ‹à‰ñŽû‚ð‚¤‚½‚¢L‰ïŽÐ‚ª”ñ•Ùsˆ×@•ÙŒìŽm‚ð’¦‰ú¿‹,https://news.yahoo.co.jp/articles/6f9f64914e26e98322a128b6162025999daeb7b0,2023/12/20(…) 10:00
ytv,“Ç”„ƒeƒŒƒr,y‘¬•ñzX—FŒö•¶‘‰ü‚´‚ñ@T‘iR‚àÔ–Ø‚³‚ñÈ‚Ì‘i‚¦Šü‹pu²ìŒ³‹Ç’·‚É–@“I‚ÈŽÓßEà–¾‹`–±‚Í‚È‚¢v,https://news.yahoo.co.jp/articles/8b7ce29e3e8d2aec9f64c2df5dfafd5d5fe885d5,2023/12/19(‰Î) 15:01
ytv,“Ç”„ƒeƒŒƒr,y‘¬•ñz‚¢‚¶‚ß‚ÅŽ©ŽEŽ¦´‚ÌŽ™“¶ƒm[ ƒg‚Ég‰ÔŠÛh@“Þ—ÇŽs‹³ˆÏ‚ª’²¸Œ‹‰Êu¸_“I‹ê’É‚ð—^‚¦‚Ä”½Èv,https://news.yahoo.co.jp/articles/e7d4e7464618bba31e2b1fdad8614c22187de958,2023/12/19(‰Î) 14:00
ytv,“Ç”„ƒeƒŒƒr,y‘¬•ñz¡”N‚Ì‘nìŽlŽšnŒê@Å—DGì•i‚ÍuƒAƒŒŠÑ“Ov—DGì•i‚É—‘‚“«uˆê‰Æ’f—‘vWBCuŽ˜Žm•±vv‚à,https://news.yahoo.co.jp/articles/dd903f0e90ab7b6b4bede211410e0f2279535d32,2023/12/19(‰Î) 13:00
ytv,“Ç”„ƒeƒŒƒr,y‘¬•ñzALSú‘õŽEl@Œ³ˆãŽt‚É’¦–ð2”N6‚©ŒŽ‚ÌŽÀŒY”»Œˆ@“ï•aŠ³‚¤—«‚©‚çˆË—Š‚ðŽó‚¯ŽEŠQ‚µ‚½ß,https://news.yahoo.co.jp/articles/6a8fe913fdddcb295706a42ae20b976d76c15f6a,2023/12/19(‰Î) 11:05
ytv,“Ç”„ƒeƒŒƒr,y‘¬•ñz‘åãEŠÖ¼–œ”Ž@‘‚Ì•‰’S‚ÍŒv1647‰­‰~‚ÆŽŽŽZ@‘åã•{Žs‚Ì•‰’S‚Í–ñ1112‰­‰~‚ÌŒ©’Ê‚µ,https://news.yahoo.co.jp/articles/5d356954ed6c56ee2499488b22f9f631a80611e5,2023/12/19(‰Î) 10:59
ytv,“Ç”„ƒeƒŒƒr,y“ÁWzwƒKƒKƒKSPxl‹Câ’¸‚Ì— ‚Åí‚Á‚Ä‚¢‚½Žð‚Æ‡–°–òA‚Q‚Â‚ÌˆË‘¶ÇcƒRƒUƒbƒN‘O“c‚³‚ñ‚Ìâü—]‹ÈÜ‚È‰¹Šyl¶@¡‚¾‚©‚ç‚±‚»c‰Ì‚Éž‚ß‚é°‚ÌƒƒbƒZ[ƒWuŽ€‚Ê‚Ü‚Å¶‚«‚Ä‚â‚ë‚¤‚¶‚á‚È‚¢‚©v,https://news.yahoo.co.jp/articles/7961df5810009dca1cba6d798ce4d57e9a5f1979,2023/12/18(ŒŽ) 20:00
ytv,“Ç”„ƒeƒŒƒr,y‘¬•ñzu¶‚«‚é‰¿’l‚È‚µAŽ€‚Ê‚µ‚©‚È‚¢v“Á•ÊŽx‰‡Šw‹‰‚ÌŒ³‹³—@‚ª–\Œ¾‚â‘Ì”±@Žs‚É‘¹ŠQ”…ž‹‚ßŽ™“¶2l‚ª’ñ‘i,https://news.yahoo.co.jp/articles/e2f26eedea7d49ff6e6f618e7d896b67928c76e4,2023/12/18(ŒŽ) 11:00
ytv,“Ç”„ƒeƒŒƒr,y–§’…z30Î‚ð‘O‚É“Ë‘RƒƒKƒoƒ“ƒN‚ðŽ«‚ßƒIƒ‰ƒ“ƒ_‚Ö@ŽõŽiEl‚É“]g‚µ‚½‘§Žq‚Ö“Í‚¯‚é—¼e‚Ì‘z‚¢,https://news.yahoo.co.jp/articles/d342ca2397201ad3829ba1bbab2bec8ebbd48e52,2023/12/17(“ú) 11:05
ytv,“Ç”„ƒeƒŒƒr,u‚ ‚È‚½‚É¶‚«‚Ä‚¢‚Ä‚Ù‚µ‚©‚Á‚½v‰@’·‚Ì–…‚ª‚¸‚Á‚Æ“`‚¦‚ç‚ê‚È‚©‚Á‚½Œ¾—t –kV’n•ú‰ÎŽElŽ–Œ‚©‚ç2”N,https://news.yahoo.co.jp/articles/b78762f3445e772e0206f9f3915d17005c466d7b,2023/12/17(“ú) 7:00
ytv,“Ç”„ƒeƒŒƒr,y“ÆŽ©‰ðàzwENDGAMExƒCƒMƒŠƒX‰¤Žº–\˜I–{ g·•Ê”­Œ¾h‚Ì”Æl‚Í!? –¼•¨Ži‰ïŽÒ‚ª–\˜II‰¤Žº‘¤‚àƒwƒ“ƒŠ[‰¤Žq‘¤‚à’¾–Ù ‚±‚Ì‚Ü‚Ü‚¾‚Æƒ[ƒKƒ“”Ü‚ªƒsƒ“ƒ`‚ÉHI,https://news.yahoo.co.jp/articles/5f380094bd72f455a89b26e6cff0acf74668ea01,2023/12/15(‹à) 16:00
ytv,“Ç”„ƒeƒŒƒr,y‘¬•ñzŽR—z“¹‚Ì’ÊsŽ~‚ß–ñ3‚©ŒŽ‚Ô‚è‚É‘S–Ê‰ðœ@“òŽqŽRƒgƒ“ƒlƒ‹“à‚Å23‘äÄ‚¯‚½‰ÎŽ–‚©‚ç•œ‹Œ,https://news.yahoo.co.jp/articles/60ccff6786e787a13540014f8ea1090ab3d6c0a1,2023/12/15(‹à) 11:04
ytv,“Ç”„ƒeƒŒƒr,u2”{ˆÈã”N—î—£‚ê‚½‹M•û‚É•ù‚°‚év‚—î’j«‚©‚ç1‰­5000–œ‰~’´‚ð‚¾‚Ü‚µ‚Æ‚é@—‚É—Lß”»Œˆ,https://news.yahoo.co.jp/articles/a15cd2b751460510306c324d38567e15e7fb7603,2023/12/15(‹à) 10:04
ytv,“Ç”„ƒeƒŒƒr,y‘¬•ñzƒƒX‚Ì‚ÝŽY‚Þw’´ƒƒXx‘I”²¬Œ÷@ƒLƒƒƒrƒA‚Ì¶ŽYƒRƒXƒgíŒ¸‚ÉŠú‘Ò@‹ß‘åƒƒVƒAƒ`ƒ‡ƒEƒUƒŒ¤‹†,https://news.yahoo.co.jp/articles/d929302f3c521c0f8f9a372e97a346726bac8350,2023/12/14(–Ø) 14:00
ytv,“Ç”„ƒeƒŒƒr,y‘¬•ñz–œ”Ž‚Ì‰^‰c”ïw1160‰­‰~‚Ö‘ŠzŒ©ž‚Ýx³Ž®•\–¾ “–‰809‰­‰~‚©‚ç1.4”{‚É”á”»W‚Ü‚é,https://news.yahoo.co.jp/articles/dafc669de71cb992e6bf1122dd6eecb1da7e9bbc,2023/12/14(–Ø) 12:23
ytv,“Ç”„ƒeƒŒƒr,y“ÆŽ©‰ðàzg— ‹à‹^˜fhƒLƒbƒNƒoƒbƒN–â‘è@ˆÀ”{”h‚É‘±‚«ŠÝ“c”hE“ñŠK”h‚Å‚àc—h‚ê‚éŽ©–¯“}@u‚±‚ê‚©‚ç‚Í­Ž¡‚ÌgDXhi‚ß‚È‚¯‚ê‚ÎvŒ³O‰@‹cˆõE²“¡‚ä‚©‚èŽ‚ª‰ðà,https://news.yahoo.co.jp/articles/0ffc312994f9676089855b8109f045a2aa76e9e9,2023/12/13(…) 15:36
ytv,“Ç”„ƒeƒŒƒr,y‘¬•ñz2Î‚Ì—‚ÌŽq‚ðƒxƒr[ƒT[ƒNƒ‹‚É•Â‚¶ž‚ßA”M’†Ç‚ÅŽ€–S‚³‚¹‚½ß@’j‚É’¦–ð6”N‚ÌŽÀŒY”»Œˆ,https://news.yahoo.co.jp/articles/829f2b69486c415283b4aed3b958077a7d0d9aea,2023/12/13(…) 15:05
ytv,“Ç”„ƒeƒŒƒr,y‘¬•ñz3Î‚Ì‘·‚É–\s‚ð‰Á‚¦Ž€–S‚³‚¹‚½ß@‘c•ê‚É’¦–ð8”N‚ÌŽÀŒY”»Œˆ@‹˜¥“X‚âŽ©‘î‚ÅŒJ‚è•Ô‚µ–\s,https://news.yahoo.co.jp/articles/7a8596ec5600ed03a592895bd591e447e078a706,2023/12/13(…) 15:00
ytv,“Ç”„ƒeƒŒƒr,y‘¬•ñz‹°—³Žž‘ã‚ÌŠC‚Ì‰¤ŽÒuƒ‚ƒTƒTƒEƒ‹ƒXv‚ÌVŽí‚Æ”»–¾@2006”N‚É˜a‰ÌŽRE—L“cì’¬‚Å”­Œ©‚Ì‰»Î,https://news.yahoo.co.jp/articles/ff61d0eff4d0b9ba96a14461c19e52bba4a0db56,2023/12/13(…) 11:24
ytv,“Ç”„ƒeƒŒƒr,y˜AÚF‹žƒAƒjŽ–Œ[–T’®È‚©‚ç‚ÌlŽ@[z‘æ5‰ñFu‹ÉŒY‚Å‚·‚ç¶‚Ê‚é‚¢v–@’ì‚Å’¼ÚŒê‚ç‚ê‚½g”íŠQŽÒ‚Ìºh,https://news.yahoo.co.jp/articles/ac29861cb5f3635cc4573458b22463078ee5a5b6,2023/12/13(…) 6:00
ytv,“Ç”„ƒeƒŒƒr,y[–x“ÁWz“Þ—Ç‚ÌƒVƒJ‚Íg_‚ÌŽg‚¢h‚©gŠQbh‚©[@[‰»‚·‚é”íŠQ‚É”_‰Æ”ß–Âu‚¹‚Á‚©‚­1”N‚©‚¯‚Äˆç‚Ä‚½‚Ì‚Écvˆê•ûA•ÛŒìŽ{Ý‚Å‚Í‘ŠŽŸ‚®ŠŽãŽ€@g—¼—§h‹‚ß‚éŒ»s§“x‚ª”j’]‚ÌŠë‹@A‹‚ß‚ç‚ê‚é‘ÅŠJô‚ÍH,https://news.yahoo.co.jp/articles/e3c9ff4d0d69dfef9d90b730e8e59928404bec06,2023/12/12(‰Î) 20:00
ytv,“Ç”„ƒeƒŒƒr,y“ÁWzuƒV[ƒYƒ“’Ê‚µ‚Ä‚µ‚Á‚©‚è¬’·v‘åãƒGƒ”ƒFƒbƒT‚ÉV•—IŠú‘Ò‚Ìƒxƒeƒ‰ƒ“ƒ|ƒCƒ“ƒgƒK[ƒhE‘½“ˆ’©”òi“Ç”„ƒeƒŒƒru‚ ‚·ƒŠ[ƒgPlusvj,https://news.yahoo.co.jp/articles/c66b8b36f61b0578b71f2b01cdc459865be4494d,2023/12/12(‰Î) 17:57
ytv,“Ç”„ƒeƒŒƒr,y“ÆŽ©‰ðàzu5lŽ«‚ß‚È‚¢‚Æ‚à‚½‚È‚¢v“úX‘‚¦‚ég‹^˜fhcŠÝ“cŽñ‘ŠA‹ß‚­lŽ–s‚¢ˆÀ”{”h‚ðˆê‘|Hˆê•ûAƒG[ƒX‹‰“Š“ü‚Ì“Œ‹ž’nŒŸAŽ–î’®Žæ‚Í‘‰ï•Â‰ïŒã‚©u‚»‚ê‚È‚è‚ÉŸŽZ‚ª‚ ‚év,https://news.yahoo.co.jp/articles/8bcdbe0cf2baab241a15e90c86819cc28dae0a39,2023/12/12(‰Î) 17:51
ytv,“Ç”„ƒeƒŒƒr,y‘¬•ñz•ú‰ÛŒãƒfƒCƒT[ƒrƒXŽ{Ý‘ã•\‚çÄ‘ß•ß@d“xŽ©•ÂÇ‚Ì—˜—pŽÒ‘—Œ}‚ÅŽæ‚èŒˆ‚ßŽç‚ç‚¸Ž€–S‚³‚¹‚½‹^‚¢,https://news.yahoo.co.jp/articles/b47faadd5e72d80bb5d718b2e4a1b3f3031f6a29,2023/12/12(‰Î) 15:30
ytv,“Ç”„ƒeƒŒƒr,y‘¬•ñz¡”N‚ÌŠ¿Žš‚ÍwÅx@¶Šˆ‚É’¼Œ‹‚·‚é‘wÅxEŒ¸wÅx‚Ì“®Œü‚ª’–Ú‚³‚ê‚½ˆê”NA‘–¯‚Ì•sˆÀ‚âŠú‘Ò‚ªö‘Ž,https://news.yahoo.co.jp/articles/aa6614aa2747d2debf08cac2cc17388dd08b3223,2023/12/12(‰Î) 14:05
ytv,“Ç”„ƒeƒŒƒr,y‘¬•ñzd“x‚ÌŽ©•ÂÇ•ø‚¦‚½13Î‚Ì—˜—pŽÒ‚ªŽ€–S@‹Æ–±ã‰ßŽ¸’vŽ€‚Ì‹^‚¢‚Å•ú‰ÛŒãƒfƒC‘ã•\ŽÒ‚çÄ‘ß•ß‚Ö,https://news.yahoo.co.jp/articles/471655e565a2e66cb07391f9ce93f5eb1cf24c79,2023/12/12(‰Î) 11:00
ytv,“Ç”„ƒeƒŒƒr,y–§’…z‘å”½‘Î‚ð‰Ÿ‚µØ‚èƒWƒ‡[ƒWƒA‚ÉˆÚZ@ƒpƒ““X‚ð‰c‚Þ‰Æ‘°‚Ö“Í‚¯‚é•ê‚Ì‘z‚¢,https://news.yahoo.co.jp/articles/724ed9efbb6e4580a9b7423c9833195c85ba196e,2023/12/10(“ú) 11:03
ytv,“Ç”„ƒeƒŒƒr,y“ÆŽ©‰ðàz‘ŠŽŸ‚®g‘€ìƒ~ƒXh‚ªŒ´ˆö‚Ì‚—îƒhƒ‰ƒCƒo[‚É‚æ‚éŽ–ŒÌ@ˆê•û‚Å–Æ‹–•Ô”[‚ÍŒ¸­ŒXŒüc‚»‚±‚É‚ ‚é‰Û‘è‚ÍHƒ‰ƒCƒhƒVƒFƒA‚Í‹~¢Žå‚É‚È‚éH,https://news.yahoo.co.jp/articles/c76f069ce601cca83f10907e0ec1275b08c49e9e,2023/12/8(‹à) 20:00
ytv,“Ç”„ƒeƒŒƒr,y“ÁWzƒIƒŠƒbƒNƒXEƒoƒtƒ@ƒ[ƒY ŽR–{—RL•“Ú‹{—T^@ƒŠ[ƒO3˜A”e‚Ì—§–ðŽÒ gŠïÕ‚Ì‚¨—×‚³‚ñhƒRƒ“ƒri“Ç”„ƒeƒŒƒru‚ ‚·ƒŠ[ƒgPlusvj,https://news.yahoo.co.jp/articles/10afd0b37c917e5a883d967a738ff3acd76d33fd,2023/12/8(‹à) 19:02
ytv,“Ç”„ƒeƒŒƒr,y“ÁWzu–²‚ÍƒƒWƒƒ[ƒŠ[ƒK[v’‡ŠÔ‚½‚¿‚Ì‘z‚¢”w•‰‚¢ƒvƒ‚Ì¢ŠE‚Ö@âˆä—zãÄi“Ç”„ƒeƒŒƒru‚ ‚·ƒŠ[ƒgPlusvj,https://news.yahoo.co.jp/articles/856842fced55fee113df2adf14472055fe144abd,2023/12/8(‹à) 18:51
ytv,“Ç”„ƒeƒŒƒr,y‘¬•ñzuƒWƒƒƒj[ƒYƒVƒ‡ƒbƒvv‚ÌŒãŒp“Xwxxxxx.POP UP STORExƒI[ƒvƒ“@“Ç‚Ý•û‚Íuƒuƒ‰ƒ“ƒNƒhƒbƒgƒ|ƒbƒvƒAƒbƒvƒXƒgƒAvƒuƒ‰ƒ“ƒN‚Ì•”•ª‚É‚ÍgŽv‚¢Žv‚¢‚ÌŒ¾—t‚ð“–‚Ä‚Í‚ß‚Ä‚Ù‚µ‚¢h@‘åãE”~“c,https://news.yahoo.co.jp/articles/539136d3b68967ed02209ec51acd4f62daadfa25,2023/12/8(‹à) 10:31
ytv,“Ç”„ƒeƒŒƒr,y“ÁWz‘“à‚ÌŠ³ŽÒ”‚í‚¸‚©100lc‚Ç‚ñ‚ÈÇó‚ªo‚é‚©‚í‚©‚ç‚È‚¢“ï•aEƒNƒŠ[ƒtƒXƒgƒ‰ÇŒóŒQ@uˆÀ‘Sã‚Ì——Rv‚Æ“ü‰€‚àˆêŽžŒ©‘—‚è‚Éc’m‚ç‚ê‚Ä‚¢‚È‚¢ŒÌ‚Ì¢“ï‚Æ“¬‚¤eŽq,https://news.yahoo.co.jp/articles/5995ae9bef757e9533c5acaa43627905547e93ff,2023/12/7(–Ø) 20:00
ytv,“Ç”„ƒeƒŒƒr,y‘¬•ñzÂ—t^Ži”í‚ÉŽ€ŒY‹ŒY@36l‹]µ‚Ì‹ž“sƒAƒjƒ[ƒVƒ‡ƒ“•ú‰ÎŽElŽ–Œu“ú–{‚ÌŒYŽ–Ù”»ŽjãA“Ëo‚µ‚Ä‘½‚¢”íŠQŽÒ”v,https://news.yahoo.co.jp/articles/8948760b5d40fb201dd48ff54ce702af57bd68d1,2023/12/7(–Ø) 11:09
ytv,“Ç”„ƒeƒŒƒr,y“ÁWzƒoƒXƒPƒbƒgƒ{[ƒ‹BƒŠ[ƒOE‘åãƒGƒ”ƒFƒbƒT‚ðŸ—˜‚É“±‚­’j‚½‚¿i“Ç”„ƒeƒŒƒru‚ ‚·ƒŠ[ƒgPlusvj,https://news.yahoo.co.jp/articles/b1bf0b112ce7e45b2943ddf49ee2569568b2039e,2023/12/6(…) 18:50
ytv,“Ç”„ƒeƒŒƒr,y“ÁWzŠÖ¼‚©‚ç” ª˜H‚Ö`’§í‚ª‚­‚ê‚½V‚½‚È—ðŽj‚Ö‚Ì—Æ —§–½ŠÙ‘åŠwu–l‚½‚¿‚ðM‚¶‚Ä‰ž‰‡‚µ‚Ävi“Ç”„ƒeƒŒƒru‚ ‚·ƒŠ[ƒgPlusvj,https://news.yahoo.co.jp/articles/d25191d53da27c2ccd89f8a7c300be676ae20024,2023/12/6(…) 18:50
ytv,“Ç”„ƒeƒŒƒr,y“ÁWzuƒpƒŠƒIƒŠƒ“ƒsƒbƒN‚Åâ‘Î‚Éƒƒ_ƒ‹‚ðvŒÜ—ÖoêŒ©‚Â‚ßA“úX•±“¬I@JTƒ}[ƒ”ƒFƒ‰ƒXE—Ñ‹Õ“Þi“Ç”„ƒeƒŒƒru‚ ‚·ƒŠ[ƒgvj,https://news.yahoo.co.jp/articles/1d88f9c9135cd8b56143ddc232ebcdc69fedd3a4,2023/12/6(…) 18:50
ytv,“Ç”„ƒeƒŒƒr,y“ÆŽ©‰ðàz–k’©‘N‚ÉgV¯—«ŒRh’a¶–ºEƒWƒ…ƒGŽ‚ªÅ‚Žw“±ŽÒgÛ’¥ƒyƒAƒ‹ƒbƒNh‚ÅŒRŽ‹Ž@@ˆê•ûA1–œl‚Ì‘O‚Å—Ü‚µ‚½‹à³‰¶‘‘‹L‚ÍuŒ’Nó‘Ô‚ª‚ ‚Ü‚è—Ç‚­‚È‚¢vH,https://news.yahoo.co.jp/articles/fa46646f20afd3de178351e6a9fac35f56a5af54,2023/12/6(…) 14:30
ytv,“Ç”„ƒeƒŒƒr,y“ÆŽ©‰ðàzug–éQ‚ç‚ê‚È‚¢‚®‚ç‚¢‚ÌŠPh‚ªê‡‚É‚æ‚Á‚Ä‚Í‚STŠÔv’†‘‚ÅŽq‚Ç‚à‚ð’†S‚ÉŒÄ‹zŠíŽ¾Š³‚ª‹}‘@ˆâ“`“I•ÏˆÙ‚É‚æ‚è–ò‚Ö‚Ì‘Ï«‚àcu“ú–{‚É‚à•’Ê‚É‰e‹¿‚Í‚ ‚év,https://news.yahoo.co.jp/articles/e231bde2bca2bb3ad8a97142fce53401932747c1,2023/12/5(‰Î) 16:00
ytv,“Ç”„ƒeƒŒƒr,y‘¬•ñz38”N‚Ô‚è“ú–{ˆê‚Ìã_•3”N˜A‘±ƒŠ[ƒO§”e‚ÌƒIƒŠƒbƒNƒX@ŒoÏŒø‰Ê‚Í‘S‘‚ÅŒv1607‰­3300–œ‰~uƒtƒ@ƒ“‚Ì•ª•z‰z‚¦‘S‘‹æ“Iv,https://news.yahoo.co.jp/articles/0c64fbb2b422f4f454cd7cb3c34582a7f65a5b2e,2023/12/5(‰Î) 14:01
ytv,“Ç”„ƒeƒŒƒr,y‘¬•ñzŠÖ¼‘Û‹ó`@VE‘Ûüo‘ƒGƒŠƒA‚ªƒI[ƒvƒ“@“ú–{Å‘å‹K–Í‚ÌƒEƒH[ƒNƒXƒ‹[Œ^–ÆÅ“X‚È‚Ç,https://news.yahoo.co.jp/articles/50c0eac5ef208ef486c3934fd534016ad21a3af7,2023/12/5(‰Î) 11:01
ytv,“Ç”„ƒeƒŒƒr,y‘¬•ñzUSJ‚ÉVƒGƒŠƒAuDONKEY KONG COUNTRYv’a¶‚Ö@2024”Nt,https://news.yahoo.co.jp/articles/57110d414bacfacf3b6fe4340bf7ce309665b8a8,2023/12/5(‰Î) 10:00
ytv,“Ç”„ƒeƒŒƒr,y‘¬•ñz”wŒã‚©‚çP‚í‚ê‚½‚©@ƒ}ƒ“ƒVƒ‡ƒ“‚Å’j«‚ªŒŒ‚ð—¬‚µ“|‚êŽ€–SA”w’†‚É‚ÍŽh‚³‚ê‚½‚Æ‚Ý‚ç‚ê‚é•¡”‚Ì@‹ž“s•{Œx‚ªŽElŽ–Œ‚Æ’f’è‚µ‘{¸–{•”Ý’u,https://news.yahoo.co.jp/articles/b7d2517908c66bff46af93d1c3c96ea17ca0b45e,2023/12/4(ŒŽ) 18:58
ytv,“Ç”„ƒeƒŒƒr,‘åØ‚Èl‚ð–S‚­‚µ‚½”ß‚µ‚Ý‚ð–ü‚·ê‚É@’Ç“‰ƒRƒ“ƒT[ƒg‚ðˆâ‘°‚ç‚ªŠJÃ@‘åãE–kV’n•ú‰ÎŽElŽ–Œ,https://news.yahoo.co.jp/articles/ce920263c0cc932bab082a5f594d32fd5ff39c1b,2023/12/3(“ú) 19:22
ytv,“Ç”„ƒeƒŒƒr,y–§’…zƒhƒCƒcEƒ‰ƒCƒvƒcƒBƒq@ŽÀ‰Æ‚Ì—¿——·ŠÙ‚ðŒp‚ª‚¸ƒ}ƒWƒVƒƒƒ“‚Æ‚µ‚Ä¶‚«‚é‘§Žq‚Ö“Í‚¯‚é—¼e‚Ì‘z‚¢,https://news.yahoo.co.jp/articles/61cf1925b269e12919e42dd7b2f2f97f56c45df0,2023/12/3(“ú) 11:03
ytv,“Ç”„ƒeƒŒƒr,y“ÆŽ©‰ðàzu–\˜I–{‚Æ‚¢‚¤‚æ‚ègƒEƒ\“ú‹Lhvƒwƒ“ƒŠ[•ƒ[ƒKƒ“wƒGƒ“ƒhƒQ[ƒ€x”­”„@u–\˜I‚Å‚Í‚È‚­‚à‚Í‚âˆ«Œûvuƒ[ƒKƒ“”Ü‚ÌƒWƒFƒ‰ƒV[‚ª“§‚¯‚ÄŒ©‚¦‚év‹C‚É‚È‚é‚»‚Ì’†g‚Æ— ‘¤‚É”—‚é,https://news.yahoo.co.jp/articles/1c35aac6e58d0eb83ddca886b0c09f6e644378b2,2023/12/2(“y) 18:00
ytv,“Ç”„ƒeƒŒƒr,y“ÁWz‚¢‚Á‚Ä‚ç‚Á‚µ‚á‚¢Aƒ~ƒ]ƒŒI“ú–{‰‚ÌlHšMˆç‚Åˆç‚Á‚½ƒƒ‚ƒ“ƒAƒUƒ‰ƒV@l‚ÌŽè‚Å–½‚ªŒq‚ª‚ê‚½l‹C‚à‚Ì‚ªA…‘°ŠÙ‚Ì–¢—ˆ‚ðŒq‚®‚½‚ßV‚½‚È’n‚Öc¶‚Ü‚ê‚Ä‚©‚ço”­‚Ü‚Å‚Ì“úX,https://news.yahoo.co.jp/articles/c33ca97d89470037c9e82e8ac3c45cbeefcc89e2,2023/12/2(“y) 17:00
ytv,“Ç”„ƒeƒŒƒr,y“ÁWz–S‚«•ê‚Ì’…•¨‚ÍƒR[ƒg‚ÉcŒÃ‚­‚È‚Á‚½•ž‚ðg‘h‚ç‚¹‚éh“Þ—Ç‚ÌƒXƒS˜r‚Ì–D»El‚É–§’…@‰“‰ñ‚è‚µ‚ÄŒ©‚Â‚¯‚½g‹êŠhu“Œ‹ž‚É‚±‚¾‚í‚é•K—v‚Í‚È‚¢v,https://news.yahoo.co.jp/articles/bcbd3b10f37545ac4bea819565a355fbf8585978,2023/12/2(“y) 12:00
ytv,“Ç”„ƒeƒŒƒr,y“ÁWzˆç¬Œ»ê‚©‚ç‚ÌSOSw–Ó“±Œ¢x‚ª¡AŠë‹@‚Éclo•s‘«EŽ‘‹à•s‘«‚Å”NXŒ¸­‚µ‚Ä‚¢‚­’†Aƒ{ƒ‰ƒ“ƒeƒBƒA‚âŽÐ‰ï•œ‹A–ÚŽw‚·l‚½‚¿‚ÆŽæ‚è‘g‚ÞuVƒvƒƒOƒ‰ƒ€v‚ÌŽÀî‚Æ‰Û‘è,https://news.yahoo.co.jp/articles/ac240fe40e72871c46cdc89f2e9193a777d7fc6c,2023/12/1(‹à) 21:00
ytv,“Ç”„ƒeƒŒƒr,y“ÆŽ©‰ðàzuàV“c•›Šw’·‚ª‚à‚ÝÁ‚·‚ÆŽv‚Á‚ÄˆÀSv“ú‘åƒAƒƒtƒg•”E–k”©”í‚ªÕŒ‚”­Œ¾I‰ü‚ß‚Ä–â‚í‚ê‚ég‹ó”’‚Ì12“úŠÔh@”p•”•ûj‚É‚Ígƒ‰ƒCƒoƒ‹h‚ª“P‰ñ‹‚ß‚é‚àAu•Ò“ü‚ÌŽó‚¯“ü‚ê‚Í“ï‚µ‚¢v,https://news.yahoo.co.jp/articles/e201f0749c9a240796a5abecd46464d5511d7b50,2023/12/1(‹à) 17:39
ytv,“Ç”„ƒeƒŒƒr,y“ÆŽ©‰ðàzŒxŽ@‚Ìƒgƒbƒv‚ª–o–Å‚Ì‘å†—ß‚ð‚©‚¯‚½”ÆßW’cuƒgƒNƒŠƒ…ƒEv@“ÁŽê¼‹\‚âˆÅƒoƒCƒgAˆ«Ž¿ƒzƒXƒgƒNƒ‰ƒu‚à—‚ñ‚Å‚¢‚é‚Æ‚¢‚¤A‚»‚Ì‘gD‚Ì“Á’¥‚Æ‚ÍH,https://news.yahoo.co.jp/articles/5b3dcc51a09b982cdc33582c49019be9303c9502,2023/11/30(–Ø) 16:00
ytv,“Ç”„ƒeƒŒƒr,y“ÁWz88Î‚ÌŒ»–ðƒeƒŒƒrƒfƒBƒŒƒNƒ^[‚ª‘S—Í‚Å’§‚Þ•ñ“¹‚Ì¢ŠEu‚¤‚Ü‚­‚¢‚©‚È‚¢‚Ù‚¤‚ªƒhƒ‰ƒ}ƒ`ƒbƒNvŠÒ—ï‚©‚ç•à‚ÝŽn‚ß‚½V‚½‚Èl¶‚É–§’…,https://news.yahoo.co.jp/articles/483ed73ca06e0d8ebedd823d7ecccc72817323ef,2023/11/29(…) 21:00
ytv,“Ç”„ƒeƒŒƒr,y“ÆŽ©‰ðàzgŒ’N•sˆÀàh‚ªš‘‚©‚ê‚é‹à‘‘‹LAŒRŽ–’ãŽ@‰q¯‘Å‚¿ã‚°‚Ì¬Œ÷‚ðA‚¨‚»‚ë‚¢‚ÌuNATAv‚sƒVƒƒƒc‚Å‚¨j‚¢!? u‚³‚Ü‚´‚Ü‚Èƒn[ƒhƒ‹‚ð‰z‚¦‚Ä‚«‚Ä‚¢‚é‚±‚Æ‚ÍA•´‚ê‚à‚È‚¢Ž–ŽÀv,https://news.yahoo.co.jp/articles/50af86102f7fdc3a6637c82b13b870ad95415aa7,2023/11/29(…) 17:30
ytv,“Ç”„ƒeƒŒƒr,y‘¬•ñzŽè‘«”›‚è\•ª‚ÉH‚×•¨—^‚¦‚È‚¢‚Ü‚Ü•Â‚¶ž‚ßc2Î—Ž™‚ðŽ€–S‚³‚¹‚½ß@’j‚É’¦–ð7”N‹ŒY,https://news.yahoo.co.jp/articles/f3844eb802759857f2367f6badeb4809903d6fa6,2023/11/29(…) 11:16
ytv,“Ç”„ƒeƒŒƒr,y“ÆŽ©‰ðàzu‚±‚ê‚Ü‚Å’Ê‚è‚ÌŠˆ“®‚ª‚Å‚«‚È‚­‚È‚é‰Â”\«‚àv•ó’Ë‰ÌŒ€’c‚É˜JŠî‚ª—§‚¿“ü‚è’²¸@ˆê•ûAˆâ‘°‘¤‚ªŒ€’c‚Æ‚Ì–Ê’k“à—eŒö•\u‘æŽOŽÒˆÏˆõ‰ïÝ’u—\’è‚Í‚È‚¢v,https://news.yahoo.co.jp/articles/e77f948642ae5f5817968cc16f89c2459f978f24,2023/11/28(‰Î) 16:00
ytv,“Ç”„ƒeƒŒƒr,‘åãŽsˆ®‹æ‚Ì‚—îŽÒŽ{Ý‚Å‰ÎŽ–@“üŠŽÒ9l‚ª•a‰@”À‘—A’j«1l‚ªdÇ@–ñ40•ªŒã‚É’Áˆ³,https://news.yahoo.co.jp/articles/ca62d6c69ee54928cc0621c3fbb45458abbb5b97,2023/11/28(‰Î) 15:11
ytv,“Ç”„ƒeƒŒƒr,‘åã•{Œx‚ÌŒxŽ@Š¯‘ß•ßu•ê‚ª“ü‰@‚µ‚ÄƒCƒGƒƒ“‚©‚ç‚Ìq‹óŒ”‚ðvƒJƒiƒ_lˆãŽt‚Æ‹U‚è—«‚©‚çŒ»‹à‚¾‚Ü‚µŽæ‚é,https://news.yahoo.co.jp/articles/4bfa0ba88ad6ec3d83cbc20c3e9b4f17e266fa0a,2023/11/28(‰Î) 14:04
ytv,“Ç”„ƒeƒŒƒr,–œ”ŽŽd—l‚Ì“Á•Ê‹@uƒ~ƒƒƒNƒ~ƒƒƒNJETv28“ú‚©‚çAq@–œ”ŽŠJ–‹500“ú‚ð‘O‚É‘S‘‚Ì‹ó‚Ö,https://news.yahoo.co.jp/articles/074b3b8ba85efcac555137986b8a00798bceb523,2023/11/28(‰Î) 12:30
ytv,“Ç”„ƒeƒŒƒr,y‘¬•ñz3Î‚Ì‘·‚É–\s‚ð‰Á‚¦Ž€–S‚³‚¹‚½ß@‘c•ê‚É’¦–ð9”N‚ð‹ŒY@‘åã’nÙ,https://news.yahoo.co.jp/articles/88e9016cb0369886cdd4c3c75433192fb5c3885d,2023/11/28(‰Î) 10:40
ytv,“Ç”„ƒeƒŒƒr,y“ÆŽ©‰ðàz12ŒŽ‚Ì‰ü³–@‚ÅuŒÅ’èŽ‘ŽYÅ6”{v‚É‘‰Á‚Ìˆê“r‚ð’H‚éw‹ó‚«‰Æ–â‘èxŽæ‚èŠª‚­Œµ‚µ‚¢Œ»ŽÀc‚µ‚©‚µ‘½‚­‚ªg‚«‚ê‚¢h‚ÅŠCŠO‚©‚ç‚Í‘å’–ÚIŠˆ—p‚Å‚«‚é–¢—ˆ‚Í\,https://news.yahoo.co.jp/articles/07d51775cca3a3811945ebda948da78af1ecd3fc,2023/11/27(ŒŽ) 16:00
ytv,“Ç”„ƒeƒŒƒr,y‘¬•ñzuƒpƒƒnƒ‰”Û’è‚³‚ê‚½‚Ü‚Ü‡ˆÓ‰ðŒˆ‚Í‚ ‚è‚¦‚È‚¢v•ó’Ë‰ÌŒ€’cŠ‘®—«‚ªŽ€–S@ˆâ‘°‘¤‚ªŒ€’c‘¤‚Æ‚ÌŒðÂ“à—eŒö•\,https://news.yahoo.co.jp/articles/bb7c91c932a59dac2af831a186cf21ef0ddcefcb,2023/11/27(ŒŽ) 15:46
ytv,“Ç”„ƒeƒŒƒr,y‘¬•ñz–Y”N‰ïŒã‚É“¯‹‰¶‚Ì’j«‚ðŽh‚µŽE‚·@ŽElß‚È‚Ç‚É–â‚í‚ê‚½’j‚É’¦–ð18”N‚ÌŽÀŒY”»Œˆu‹­‚¢ŽEˆÓ‚ÉŠî‚Ã‚­ŠëŒ¯‚Åˆ«Ž¿‚È‘Ô—lv‘åã’nÙ,https://news.yahoo.co.jp/articles/b285694124a3db310c0cb790b25e2b065b645eb5,2023/11/27(ŒŽ) 15:01
ytv,“Ç”„ƒeƒŒƒr,y–§’…zƒAƒCƒ‹ƒ‰ƒ“ƒhEƒ_ƒuƒŠƒ“@•ê‚É‚Í‚°‚¸DJ‚É@‰ù‚©‚µ‚ÌƒVƒeƒBƒ|ƒbƒv‚Ål‹C‚ðW‚ß‚é–º‚Ö“Í‚¯‚é•ê‚Ì‘z‚¢,https://news.yahoo.co.jp/articles/86e1f1193476553274477fb1e15ef023e1ae0d77,2023/11/26(“ú) 11:02
ytv,“Ç”„ƒeƒŒƒr,y‘¬•ñzƒ”ƒBƒbƒZƒ‹_ŒË  @ƒTƒbƒJ[EJ1ƒŠ[ƒO‚Å”ßŠè‚Ì‰—DŸ@1997”N‚ÉJƒŠ[ƒO‚ÉŽQ“ü‚µ‚ÄˆÈ—ˆA27”N–Ú‚Å‚Ì‰hŒõ,https://news.yahoo.co.jp/articles/563b4c3d1efa179749a9ac37cef1a97584d46205,2023/11/25(“y) 15:55
ytv,“Ç”„ƒeƒŒƒr,y“ÁWz”éô‚Íu”EŽÒv‚ÆuƒXƒ}[ƒgƒSƒ~” v H‚ÌŠÏŒõƒV[ƒYƒ“‚Å‹ž“s‚ª•ø‚¦‚égƒI[ƒo[ƒc[ƒŠƒYƒ€h–â‘è@ˆ«í‹ê“¬‚·‚éŒÃ“s‚Ì‘Îô‚Æ‰Û‘è,https://news.yahoo.co.jp/articles/2ef8963d141a33ab0ee5b2d377b0147a8282f965,2023/11/24(‹à) 19:25
ytv,“Ç”„ƒeƒŒƒr,y‘¬•ñzg_‚ÌŽg‚¢h“Þ—Ç‚ÌƒVƒJ‘ŠŽŸ‚®ŠŽãŽ€c•ÛŒìŽ{Ý‚Ì‰ü‘P‹‚ßŽs‚ªs­Žw“±u‹s‘Ò‚Í‚È‚©‚Á‚½vŒ‹˜_,https://news.yahoo.co.jp/articles/64175441c5c3905935b99129cb1546d3be5b677a,2023/11/24(‹à) 13:30
ytv,“Ç”„ƒeƒŒƒr,y“ÆŽ©‰ðàzŠOŒð‚Æ‘–h‚ð’S‚¤ƒgƒbƒv‚ª‘ŠŽŸ‚¢‚Å‰ð”CAK‹ß•½­Œ ‚É¡‰½‚ª“ú’†Žñ”]‰ï’k‚Å‚ÍAKŽåÈ‚Ìƒzƒeƒ‹‚É¬‘–‚è‚Å‹ì‚¯•t‚¯‚éŠÝ“cŽñ‘Š‚ÌŽp‚ªc’†‘‚ÌŽv˜f‚Æ‚ÍH,https://news.yahoo.co.jp/articles/d2111f3132c55feb620233be1b2fee2c671fcdf0,2023/11/22(…) 16:00
ytv,“Ç”„ƒeƒŒƒr,y“ÁWzw‰^“]Žè•s‘«x‚Æw2024”N–â‘èx‚Å‘ŠŽŸ‚®˜HüƒoƒX‚Ì”pŽ~u1“ú15ŽžŠÔ‹Î–±vŒ³‰^“]ŽèŒê‚é‰ß“‚È˜J“­ŽÀ‘Ôcg’nˆæ‚Ì‘«h‚ª”—‚ç‚ê‚é‘I‘ð‚ÌŽž,https://news.yahoo.co.jp/articles/31fccb361ea7043906c9a01b25783082cdf3758e,2023/11/22(…) 15:00
ytv,“Ç”„ƒeƒŒƒr,y“ÆŽ©‰ðàzwã‚°‰º‚ë‚µxwƒtƒFƒ‹ƒ}[ƒ^x‚È‚ÇŒµ‚µ‚¢ƒ‹[ƒ‹‚ª‚©‚Â‚ÄŽó‚¯Œp‚ª‚ê‚Ä‚¢‚½•ó’Ë‰ÌŒ€’cu‘Sˆõ‚ª‰ÁŠQŽÒ‚Å‚ ‚è‘Sˆõ‚ª”íŠQŽÒv@”N“à‚ÉuŠO•”‚Ìê–å‰Æ‚ð“ü‚ê‚½’²¸ˆÏˆõ‰ïvÝ’u‚Ö,https://news.yahoo.co.jp/articles/697881944b76741638d135127620a43b6b25077a,2023/11/21(‰Î) 19:00
ytv,“Ç”„ƒeƒŒƒr,y‘¬•ñz“¯ŽuŽÐ‘åŒ³ƒAƒƒtƒg•”ˆõ4l‚É’¦–ð3”N6‚©ŒŽ@Žð‚ÉŒ‚í‚¹‚½—Žq‘å¶‚ðŽ©‘î‚É˜A‚êž‚Ý«“I–\s,https://news.yahoo.co.jp/articles/1767e441fdc32e7238cf0af0a0d7dc66e6f672d4,2023/11/21(‰Î) 10:36
ytv,“Ç”„ƒeƒŒƒr,y‘¬•ñzh‘å–ƒƒOƒ~h‘åãŽs“à‚ÌHê‚É–ƒ–òŽæ’÷•”‚ª—§‚¿“ü‚èŒŸ¸@‰ïŽÐ‚É‚Í”Ì”„’âŽ~–½—ß,https://news.yahoo.co.jp/articles/80f8ceb623efaca360e2d030424a5ec654713faa,2023/11/21(‰Î) 10:32
ytv,“Ç”„ƒeƒŒƒr,y–§’…zƒJƒiƒ_Eƒgƒƒ“ƒg@—¿—l‚Æ‚µ‚Ä•±“¬‚µƒ~ƒVƒ…ƒ‰ƒ“ƒKƒCƒh1‚Â¯‚ðŠl“¾‚µ‚½‘§Žq‚Ö“Í‚¯‚é—¼e‚Ì‘z‚¢,https://news.yahoo.co.jp/articles/ec3249c1fe19d14d47e18b16480e167cc377b3da,2023/11/19(“ú) 11:04
ytv,“Ç”„ƒeƒŒƒr,y“ÆŽ©‰ðàzgŽ©ŽE‚Ù‚¤•hŽsì‰Ž”V•”íu’¦–ð3”NEŽ·s—P—\5”Nv‚Ì”»Œˆ@•œ‹A‚Ö‚Ì“¹‚Ì‚è‚É‚Â‚¢‚Äu‚Ü‚¸‚Í— •û‚Åw‰‰o‰ÆE‰Ž”V•x‚Æ‚µ‚ÄŽdŽ–‚·‚é‚±‚Æ‚ªŠú‘Ò‚³‚ê‚Ä‚¢‚év,https://news.yahoo.co.jp/articles/f593e4a4f59cf37d4ca7f6359acdaa3534fea5a7,2023/11/17(‹à) 19:00
ytv,“Ç”„ƒeƒŒƒr,y‘¬•ñzg‘å–ƒƒOƒ~h»‘¢‰ïŽÐEHê‚â“X•Ü‚É–ƒ–òŽæ’÷•”‚È‚Ç‚ª—§‚¿“ü‚è’²¸@‘åã,https://news.yahoo.co.jp/articles/7560433e155bfc9d4a756b50dad0ceca39e55bc1,2023/11/17(‹à) 15:10
ytv,“Ç”„ƒeƒŒƒr,y“ÆŽ©‰ðàzg‘å–ƒƒOƒ~h ul‘ÌŽÀŒ±‚ÉŽQ‰Á‚·‚é‚æ‚¤‚ÈŠëŒ¯«v@”À‘—ŽÒ‘±o‚·‚é‚»‚Ì¬•ª‚Íu‘å–ƒ‚Ì”\”{‚ÌŠëŒ¯«v,https://news.yahoo.co.jp/articles/15cca0b6aa3da825c5de894033b660f102ae32b7,2023/11/17(‹à) 14:55
ytv,“Ç”„ƒeƒŒƒr,y“ÆŽ©‰ðàzugŠO•”‚Ì•ÙŒìŽmh‚ÉˆË—Š‚µ‚½g“à•”’²¸hvuŒ€’c‘¤‚ÌM—p«EM—Š«‚ÍŽ¸‚í‚ê‚Ä‚µ‚Ü‚Á‚½v•ó’Ë‰ÌŒ€’c‚Ì’²¸Œ‹‰Ê‚Éê–å‰ÆŽw“EuÄ“x‘æŽOŽÒˆÏˆõ‰ï‚Å‚Ì’²¸•K—vv,https://news.yahoo.co.jp/articles/1a09ffa043b4ac8feebb49fa34d8a540d012a8d8,2023/11/16(–Ø) 16:00
ytv,“Ç”„ƒeƒŒƒr,y‘¬•ñz—ˆŒŽ‚Å‘S˜Hü‰^sI—¹‚Ìu‹à„ƒoƒXv10˜Hü‚Í‹ß“SƒoƒX‚È‚Ç‚ÅˆøŒp‚¬‚Ö@4Žs’¬‘º‚à”ï—p•‰’S,https://news.yahoo.co.jp/articles/87c8210f7d3987502751a4ebb46505eb7e1d6c35,2023/11/16(–Ø) 14:01
ytv,“Ç”„ƒeƒŒƒr,y‘¬•ñz2Î—Ž™‚ÌŽè‘«”›‚èƒxƒr[ƒT[ƒNƒ‹‚É•ú’u@”M’†Ç‚ÅŽ€–S‚³‚¹‚½‚Æ‚³‚ê‚é’juŠÄ“ÂÓ”C‚È‚¢v–³ßŽå’£,https://news.yahoo.co.jp/articles/60b94ec45aa7130442c072cb9649c3ba365abd9f,2023/11/16(–Ø) 10:06
ytv,“Ç”„ƒeƒŒƒr,y“ÆŽ©‰ðàzuƒ`ƒƒ[ƒ‹ƒY‘‰¤‚ð•@‚Å‚ ‚µ‚ç‚Á‚½vƒwƒ“ƒŠ[‰¤Žq‚ª‘ÕŠ¥Ž®‚Ì•s–ž‚ðƒŠƒxƒ“ƒW!Hƒ[ƒKƒ“”Ü‚Æ‚ÍuƒNƒŠƒXƒ}ƒXv‚ð„‚Á‚ÄÕ“Ë’†!?‚»‚ñ‚È•vÈ‚ª‹°‚ê‚éwƒLƒƒƒTƒŠƒ“”Ü‚Ìf•ƒ‚Ì–\˜I–{x,https://news.yahoo.co.jp/articles/d0870f175b9286987b9af74ea72ae5f6caf1ebba,2023/11/15(…) 17:00
ytv,“Ç”„ƒeƒŒƒr,y‘¬•ñz•ó’Ë‰ÌŒ€’c‚ª’²¸•ñ‘‚ðŒö•\u‹­‚¢S—“I•‰‰×‚ªŒÌl‚É‚©‚©‚Á‚Ä‚¢‚½‰Â”\«‚Í”Û’è‚Å‚«‚È‚¢vŒ€’cˆõ‚ÌŽ€–S‚ðŽó‚¯@ˆâ‘°‘¤‚Í‰ßd˜J“­‚Æƒpƒƒnƒ‰Žw“E,https://news.yahoo.co.jp/articles/9cc29f4cbb1a0a527692b53e55a10ec5a8303cfa,2023/11/14(‰Î) 16:00
ytv,“Ç”„ƒeƒŒƒr,y“ÆŽ©‰ðàz•ó’Ë‰ÌŒ€’c‚Æ—«‚ÍŽÀŽ¿“I‚É˜J“­Œ_–ñH g‚¢‚¶‚ßh•ñ“¹”Û’è‚Íƒ~ƒXH ‹Tˆä•ÙŒìŽm‚Ì‰ðà,https://news.yahoo.co.jp/articles/75c536536117a1d2c912d8ffb0e06028a8065627,2023/11/14(‰Î) 13:53
ytv,“Ç”„ƒeƒŒƒr,y“ÁWzu“ú–{ˆêH‚×‚½‚­‚È‚éƒIƒ€ƒ‰ƒCƒXv‚Á‚ÄA‚Ç‚ñ‚ÈƒIƒ€ƒ‰ƒCƒXH4”N‚É1“x‚Ì‘å‰ï‚ÉAƒVƒFƒt—ð23”N‚Ìƒzƒeƒ‹ƒVƒFƒt‚ªA‚±‚Ì‚½‚ß‚ÉŠJ”­‚µ‚½u”’‚¢ƒIƒ€ƒ‰ƒCƒXv‚ðˆø‚Á’ñ‚°‚Ä‰ŽQíc‚»‚ÌŒ‹‰Ê‚Í,https://news.yahoo.co.jp/articles/b2bb878f796d98dfc38834a367e8e35caf6d8af5,2023/11/14(‰Î) 11:30
ytv,“Ç”„ƒeƒŒƒr,y“ÆŽ©‰ðàzˆê”Ó‚ÅÅ‚Šz1000–œ‰~AŽx•¥‚¢‚Ì‚½‚ß‚É•—‘­cgƒzƒXƒgÀh‚É‚Í‚Ü‚é—«‚½‚¿@— ‚É‘¶Ý‚·‚éÚ‹qƒ}ƒjƒ…ƒAƒ‹A”„‚èŠ|‚¯‚É‹K§‚ÍH‘‰ï‚Å‚à‹c˜_,https://news.yahoo.co.jp/articles/fb71a3270520098ba0a4a1df4f3adb99bc1fa2b0,2023/11/13(ŒŽ) 20:00
ytv,“Ç”„ƒeƒŒƒr,y‘¬•ñz‹ß“S“Þ—Çü@•Z’\ŽR‰w`ÎØ‰wŠÔ@ã‰ºü‚Å‰^“]Œ©‡‚í‚¹iŒßŒã3Žž15•ªŒ»Ýj,https://news.yahoo.co.jp/articles/63c83fc4957b167bef1df22c731a3375551d786a,2023/11/13(ŒŽ) 15:33
ytv,“Ç”„ƒeƒŒƒr,y“ÁWzŽæÞw‚É‚à”íŠQ‚ª!“ú–{Še’n‚Ì‹ó‚ð•¢‚¢‚Â‚­‚·uƒ€ƒNƒhƒŠv‚Ì‘åŒQ@‚¯‚½‚½‚Ü‚µ‚¢–Â‚«ºE‘å—Ê‚Ìƒtƒ“cŽü•ÓZ–¯‚©‚ç‚Í”ß–Â,https://news.yahoo.co.jp/articles/00541bb2d6e76a51c4a86e1e648b3be0fe91a350,2023/11/13(ŒŽ) 15:00
ytv,“Ç”„ƒeƒŒƒr,–ñ1ŽžŠÔ‰£‚è‘±‚¯—Ž‚¿‚½ŒŒu‘S•”är‚ß‚Ü‚í‚¹v‚Æ‚·‚·‚ç‚¹‚é@ŒðÛ—«‚ð–\s‚µŽ€–S‚³‚¹‚½’j‚É’¦–ð12”N,https://news.yahoo.co.jp/articles/281dd69de5963a21369cda134c7217efbf17f53f,2023/11/13(ŒŽ) 14:00
ytv,“Ç”„ƒeƒŒƒr,y–§’…zƒxƒiƒ“‚Åu•n‚µ‚¢”_‰Æ‚Ì–ð‚É—§‚¿‚½‚¢v‚Æ‹N‹Æ@—L‹@–ìØ‚Ì”Ì”„‚É•±“¬‚·‚é‘§Žq‚Ö“Í‚¯‚é—¼e‚Ì‘z‚¢,https://news.yahoo.co.jp/articles/f2d117f120443649c6286d031028623fee4a7a7a,2023/11/12(“ú) 11:00
ytv,“Ç”„ƒeƒŒƒr,y“ÆŽ©‰ðàz’E–kŽÒ‚ª‚R”{‚É‹}‘A‚S”N‚Ô‚è‚É“ú–{ŠC‘¤‚Åˆê‰Æ‚Sl‚ð”­Œ©cˆê•û’†‘‚Å‚Í‚Q‚U‚O‚Ol‚ð‹­§‘—ŠÒ@–k’©‘N‚Ì‘‹«‰—ˆ‚ß‚®‚è‰½‚ªHgˆÙ•Ïh‚ðê–å‰Æ‚ª‰ðà,https://news.yahoo.co.jp/articles/d0df3aebb9108edd1e3f1f67324915cb1010c1fe,2023/11/10(‹à) 20:00
ytv,“Ç”„ƒeƒŒƒr,y‘¬•ñz•ó’Ë‰ÌŒ€’c‚Ì—«(25)Ž€–S@ˆâ‘°‘¤‚ª‰ïŒ©uã‹‰¶‚©‚çƒpƒƒnƒ‰vu‡–°3ŽžŠÔ‚Ì‰ßd˜J“­v,https://news.yahoo.co.jp/articles/f1b67cdfab526e29e188eaaceeaf4d2594a28fe2,2023/11/10(‹à) 15:00
ytv,“Ç”„ƒeƒŒƒr,y‘¬•ñzuƒXƒŠƒ‹‚ð–¡‚í‚¢‚½‚©‚Á‚½v—Žq‚Z¶‚ÌƒXƒJ[ƒg‚ðØ‚è‰º”¼gG‚é‚È‚ÇŒJ‚è•Ô‚· ’j‚É’¦–ð7”N,https://news.yahoo.co.jp/articles/238268d827018d4e45abce56c95a64bd1aa837f2,2023/11/10(‹à) 11:01
ytv,“Ç”„ƒeƒŒƒr,y“ÆŽ©‰ðàzu‰½‚©i“W‚ª‚ ‚Á‚½‚í‚¯‚Å‚Í‚È‚¢v‰ïŒ©‚©‚ç1‚©ŒŽAƒWƒƒƒj[ƒYV‰ïŽÐ‚Ì–¼‘OE‘Ì§–¾‚ç‚©‚É‚³‚ê‚¸A‘ÞŠŽÒ‚à‘±XcƒG[ƒWƒFƒ“ƒg‚Ì•û–@‚Íg“ÆŽ©h‚Ì‚à‚Ì‚É‚È‚éH,https://news.yahoo.co.jp/articles/e07c2c6a8f82d4f7bd3f86e945d966c9742c6d0e,2023/11/9(–Ø) 16:00
ytv,“Ç”„ƒeƒŒƒr,y˜AÚF‹žƒAƒjŽ–Œ[–T’®È‚©‚ç‚ÌlŽ@[z‘æ4‰ñFŠÓ’èˆã‚Ìf’f g–Ï‘zh‚Í”Æs‚É‰e‹¿‚µ‚½‚Ì‚©,https://news.yahoo.co.jp/articles/b8c009df240c9eb697bd1c933b7d7799e64453c9,2023/11/8(…) 6:00
ytv,“Ç”„ƒeƒŒƒr,y“ÆŽ©‰ðàzuwŽÓßx‚Æ‚¢‚¤Œ¾—t‚Íg”íŠQŽÒh‚ª“Á’è‚³‚ê‚Ä‰‚ß‚ÄŽg‚í‚ê‚éŒ¾—tvg“ˆê‹³‰ïh “c’†‰ï’·‚ªu‰ðŽU–½—ß¿‹vŒã‰‚ß‚ÄŒö‚Ìê‚É@‰ïŒ©“à—e‚É‚Â‚¢‚Ä—é–ØƒGƒCƒgŽ‚çŽw“Eu‹\áÔ«‚ª‚ ‚év,https://news.yahoo.co.jp/articles/6488553cfc7e28b5dc5d1a8ae1c80d9563471d54,2023/11/7(‰Î) 19:33
ytv,“Ç”„ƒeƒŒƒr,y‘¬•ñz‘åã•{‚Ì‚ZŽö‹Æ—¿uŠ®‘S–³ž‰»v‚Éw’fŒÅ”½‘Îx‘åãˆÈŠO‚Ì‹ß‹E‚ÌŽ„—§‚Z‘¤‚ª§“xŒ©’¼‚µ—v–],https://news.yahoo.co.jp/articles/9e78384b2a0f83d146c8a2f4cdd7117c2a816bcc,2023/11/7(‰Î) 11:05
ytv,“Ç”„ƒeƒŒƒr,y‘¬•ñzg_‚ÌŽg‚¢h“Þ—Ç‚ÌƒVƒJu‘ŠŽŸ‚®Ž€vŒ§‚ª’²¸Œ‹‰ÊuŽû—eŠÂ‹«‚Í•s“KØv“®•¨5‚Â‚ÌŽ©—R‚É‘S’ïG,https://news.yahoo.co.jp/articles/43c1605591372b433e5581ab38de25a9b2bb2f4c,2023/11/6(ŒŽ) 14:30
ytv,“Ç”„ƒeƒŒƒr,y–§’…z—L–¼ƒA[ƒeƒBƒXƒg‚©‚çŽw–¼‚ª‘±o‚·‚é“ú–{lƒ_ƒ“ƒT[@–{êEƒjƒ…[ƒˆ[ƒN‚Å–²‚ð’Í‚ñ‚¾–º‚Ö“Í‚¯‚é—¼e‚Ì‘z‚¢,https://news.yahoo.co.jp/articles/4e727a3f17eee1971dfee5b023cd8c292db7cbdf,2023/11/5(“ú) 11:04
ytv,“Ç”„ƒeƒŒƒr,y‘¬•ñzƒWƒƒƒj[ƒY«‰ÁŠQ‚Ì”íŠQ’j« u”„–¼vuƒEƒ\vu‚¨‹à–Ú“–‚Äv”îæŽ’†100Œ ”íŠQ“Í’ñoEŽó—,https://news.yahoo.co.jp/articles/93b7096fefae38e242f224186a6a3f47f27f6e63,2023/11/3(‹à) 10:45
ytv,“Ç”„ƒeƒŒƒr,y“ÆŽ©‰ðàzgƒsƒU1–‡‚Ì’l’i‚Å–ƒ–ò”ƒ‚¦‚éhŠØ‘ ƒAƒJƒfƒ~[”o—D‚ÉABIGBANG‚ÌƒŠ[ƒ_[‚à—§Œ Œ|”\ŠE‚Å–ò•¨‚Ü‚ñ‰„ î•ñ‚ÌoŠ‚Í‚‹‰ƒNƒ‰ƒu!?,https://news.yahoo.co.jp/articles/08db222eb2d59f8219f045084ca141d12e8986c1,2023/11/2(–Ø) 20:00
ytv,“Ç”„ƒeƒŒƒr,y‘¬•ñzƒgƒˆƒ^31–œ‘äAƒ_ƒCƒnƒc27–œ‘äƒŠƒR[ƒ‹”­•\@”R—¿ƒ|ƒ“ƒv•ÏŒ`‚Å‘–s’†‚ÉƒGƒ“ƒXƒg‚Ì‹°‚ê,https://news.yahoo.co.jp/articles/1a3414e123b9c3fd2024ae81262ae1873a5b2ce9,2023/11/2(–Ø) 14:15
ytv,“Ç”„ƒeƒŒƒr,y‘¬•ñz–œ”Ž‚ÌŒšÝ”ï500‰­‰~‘Šz@‘‚ª”ï—p‚Ì’Ç‰Á•‰’SuŽó‚¯“ü‚êv³Ž®•\–¾uÄ‘Šz‚Í‚È‚¢‚æ‚¤‚Év,https://news.yahoo.co.jp/articles/971f066a4051d0ca4d8e8a798e77a081e27aad98,2023/11/2(–Ø) 12:36
ytv,“Ç”„ƒeƒŒƒr,y‘¬•ñz–œ”Ž‚Ì‰ïêŒšÝ”ï‚ª500‰­‰~ƒAƒbƒv@‘åã•{Žs‚ªŽó‚¯“ü‚ê‚ð•\–¾u•¨‰¿‚“«B‚â‚Þ‚ð“¾‚È‚¢v,https://news.yahoo.co.jp/articles/c8f7db4497467f73fc7bf91b74e83aa6b9a154bc,2023/11/1(…) 16:37
ytv,“Ç”„ƒeƒŒƒr,y‘¬•ñz–œ”Ž‚Ì‰ïêŒšÝ”ï‚ª500‰­‰~ƒAƒbƒv@ŠÖŒo˜A‚È‚Ç‚ª’Ç‰Á•‰’S‚ÌŽó‚¯“ü‚ê‚ð•\–¾,https://news.yahoo.co.jp/articles/d513bc808121b32d3f62991b6a2b72821ee90b55,2023/11/1(…) 16:23
ytv,“Ç”„ƒeƒŒƒr,y‘¬•ñz«Šû@ƒvƒ“ü‚èŒã‰—DŸ‚ÌÅ‘¬‹L˜^‚ðXV@•ºŒÉog‚Ìã–ìŽl’i@3í–Ú‚Å‘å‰ï—DŸ,https://news.yahoo.co.jp/articles/82c95a3ee3695312d50bccdb59873af9c9ee50da,2023/10/31(‰Î) 17:03
ytv,“Ç”„ƒeƒŒƒr,y‘¬•ñz‰––ì‹`»–ò‚Ì23”N“xãŠúŒˆŽZ‚ð”­•\@”„ã‚‚âÅI—˜‰v‚ª‰ß‹ŽÅ‚‚ðXV,https://news.yahoo.co.jp/articles/733a811526bac1938bda071eb160c1bbb68a4c13,2023/10/31(‰Î) 13:06
ytv,“Ç”„ƒeƒŒƒr,yƒiƒ[ƒiƒ[NEWSzu‹à—´ƒ‰[ƒƒ“v’·”Nˆ¤‚³‚ê‚½g‚µ‚Á‚Ûh“P‹Ž–½—ß@VŠ²ü‰„L‚ªŒ´ˆö•ŸˆäŒ§A¼‹\‘‰Á‚ÉŒx‰ú@ƒMƒ“ƒiƒ“H‚×‰ß‚¬‚É’ˆÓIu10Î–¢–ž‚Í5ŒÂˆÈ“àv@‹C‚É‚È‚é¢ŠÔ‚Ìgƒiƒ[h‚É”—‚é,https://news.yahoo.co.jp/articles/51073160d11b34b4eadcb7106066def3dc7314cd,2023/10/30(ŒŽ) 21:00
ytv,“Ç”„ƒeƒŒƒr,y‘¬•ñzƒ}ƒXƒN’…—p‹‘”Û‚µæ–±ˆõ‚É‚¯‚ª ƒRƒƒi‰Ð‚Ì”òs‹@“à‚Å”Æs@“ñR‚àŽ·s—P—\•t‚«—Lß ‘åã‚Ù,https://news.yahoo.co.jp/articles/1adb845a0fde60125a2c82f56d4ad80a69f1daa3,2023/10/30(ŒŽ) 14:01
ytv,“Ç”„ƒeƒŒƒr,y‘¬•ñzŠØ‘‚ÖˆÚÐ‚ÌˆÍŒéE’‡—W——¬Šû¹‚ª‰ïŒ©uŒµ‚µ‚¢ŠÂ‹«‚Å“w—Í‚ðB‹­‚­‚È‚Á‚Ä‘¸Œh‚³‚ê‚éŠûŽm‚Év,https://news.yahoo.co.jp/articles/cc6d6a9a0d2e2ca9368136b791bb954e6999ae39,2023/10/30(ŒŽ) 13:00
ytv,“Ç”„ƒeƒŒƒr,y‘¬•ñzubŽq‰€‹…ê‚Æ•S‰Ý“X‚É”š’ev•¡”‚Ì“S“¹‰ïŽÐ‚É”š”j—\‚©@ˆÐ—Í‹Æ–±–WŠQ‚Ì‹^‚¢‚Å’j‚ð‘—Þ‘—ŒŸ,https://news.yahoo.co.jp/articles/18f5a21a9f9a7601e81a9f08c3f1b185e8cd0ea8,2023/10/30(ŒŽ) 11:03
ytv,“Ç”„ƒeƒŒƒr,y“ÁWz‚»‚ê‚¼‚ê‚Ì‘z‚¢‚ð‹¹‚Éc“m‚Ì“s–ÚŽw‚µ•±“¬I@‘S“ú–{‘åŠw—Žq‰w“`‚Ö‚Ì“¹i“Ç”„ƒeƒŒƒru‚ ‚·ƒŠ[ƒgPlusvj,https://news.yahoo.co.jp/articles/a9df2eb58b8614d53b6d03e27eaabf889b8857f6,2023/10/29(“ú) 18:13
ytv,“Ç”„ƒeƒŒƒr,y–§’…zƒoƒCƒNŽ–ŒÌ‚Å‚Ì‘å‚¯‚ª‚ð‚«‚Á‚©‚¯‚ÉAƒhƒCƒc‚ÅaŽm•ž‚Ìƒe[ƒ‰[‚É‚È‚Á‚½‘§Žq‚É“Í‚¯‚é—¼e‚Ì‘z‚¢,https://news.yahoo.co.jp/articles/f829f3047993b6acf33c9d7d6d3e4298467b6ea1,2023/10/29(“ú) 11:04
ytv,“Ç”„ƒeƒŒƒr,y˜AÚF‹žƒAƒjŽ–Œ[–T’®È‚©‚ç‚ÌlŽ@[z‘æ3‰ñFáŠQŽÒ‚ÌÄ”Æ@[‚¢ŒÇ—§‚ÅŒY–±Š‚Ö‚Ìg–³ŒÀƒ‹[ƒvh,https://news.yahoo.co.jp/articles/5fde9d6e8e19ff911dfdb0775d253ee693cb702d,2023/10/27(‹à) 17:08
ytv,“Ç”„ƒeƒŒƒr,y“ÆŽ©‰ðàzÕŒ‚I‹àˆê‘°gæÒ‘òŽO–†hu˜rŽžŒvvuŽÔvu’²–¡—¿vg“G‘»•ihˆ¤—p?? ”NŠÔ”‰­‰~‚É‚à‹y‚Ôg‹Ö‚¶‚ç‚ê‚½‚‹‰•ih“üŽè‚ÌƒƒP‚Æ‚Í,https://news.yahoo.co.jp/articles/3aa399e708930f5add57603dbb44a935f6220e33,2023/10/27(‹à) 17:00
ytv,“Ç”„ƒeƒŒƒr,y‘¬•ñzu[‚¢‚ð•‰‚í‚¹‚½vg–â‘è”­Œ¾hŽs’·‚ªƒtƒŠ[ƒXƒN[ƒ‹‘¤‚ÉŽÓßuŽv—¶‚ðŒ‡‚¢‚½”­Œ¾‚ð‚¨‚í‚Ñv,https://news.yahoo.co.jp/articles/87fec6941208c35685678e0b4245f93a6be3da1f,2023/10/27(‹à) 14:00
ytv,“Ç”„ƒeƒŒƒr,y‘¬•ñzã_EƒIƒŠƒbƒNƒX‚Ì—DŸ‹L”OƒpƒŒ[ƒh @‘åãEŒä“°‹Ø‚Æ_ŒËEŽO‹{‚ÅŒß‘O11Žž`‚ÆŒßŒã2Žž`@ŠJÃ”ï—p•å‚éƒNƒ‰ƒtƒ@ƒ“‚ÍL‚Ñ”Y‚Ý,https://news.yahoo.co.jp/articles/2fa5a91ccdd0da4cebf8d64568adbd84bd5fd33c,2023/10/27(‹à) 11:10
ytv,“Ç”„ƒeƒŒƒr,y‘¬•ñzã_‚ÆƒIƒŠ—DŸƒpƒŒ[ƒh‚ð•ºŒÉŒ§’mŽ–‚ªà–¾@ŽO‹{Žü•Ó‚Ì2ƒLƒ@ã_‚Í11ŽžAƒIƒŠŒßŒã2Žž,https://news.yahoo.co.jp/articles/0072f1973e85165c50e2baf8537927b0518b09ba,2023/10/27(‹à) 8:54
ytv,“Ç”„ƒeƒŒƒr,y“ÆŽ©‰ðàzŽáŽÒ‚ÉL‚ª‚ég‘å–ƒ‰˜õh ŒŸ‹“”‚Ì7Š„‚ª30Î–¢–žc”wŒi‚Éu‹z‚Á‚Ä‚à‘ß•ß‚³‚ê‚È‚¢vŒë‰ð@‘‚à‹­‰»‚É“®‚­!? Œ³ƒ}ƒgƒŠ‚ª‰ðà,https://news.yahoo.co.jp/articles/e7814ffff68d36f0c076e6ce8188a0e8dd807ddc,2023/10/26(–Ø) 16:00
ytv,“Ç”„ƒeƒŒƒr,y“ÁWz‹vŒõƒXƒvƒŠƒ“ƒOƒX@ƒR[ƒg‚ð‹Ž‚éŽÒ‚½‚¿`ˆø‘Þ ‚»‚µ‚ÄV‚½‚È“¹‚Ö`i“Ç”„ƒeƒŒƒru‚ ‚·ƒŠ[ƒgPlusvj,https://news.yahoo.co.jp/articles/a075ca5b6830873ef261d26472e9a8d4d596c7d2,2023/10/26(–Ø) 15:36
ytv,“Ç”„ƒeƒŒƒr,y‘¬•ñz‹ß‹E‘åŠw‚ªâ–ÅŠëœœŽí‚Ì“ñƒzƒ“ƒEƒiƒM‚ÌgŠ®‘S—{Bh‚É¬Œ÷@‘åŠw‚Æ‚µ‚Ä‚Í¢ŠE‰,https://news.yahoo.co.jp/articles/316fe595b12f7ad907b929ec1c377749bd994da4,2023/10/26(–Ø) 15:00
ytv,“Ç”„ƒeƒŒƒr,y‘¬•ñzuƒGƒXƒeì‚ªŸŽè‚É‚â‚Á‚½‚¾‚¯v gƒƒ“ƒYƒGƒXƒe“XhÌ‚µ«“IƒT[ƒrƒX’ñ‹Ÿ‚©@’j‚ç12l‘ß•ß,https://news.yahoo.co.jp/articles/65e5571a229334d3ef8ecf13cdc69c7fd573d32a,2023/10/26(–Ø) 14:00
ytv,“Ç”„ƒeƒŒƒr,y“ÆŽ©‰ðàzuŽ«‚ß‚½‚Ù‚¤‚ª‚¢‚¢‚Æ‚¢‚¤‚±‚ÆHv‘Î—§‚·‚é“ú‘åE—Ñ—Ž–’·‚ÆàV“c•›Šw’·‚Ì‚â‚è‚Æ‚è”»–¾c3”N˜A‘±g•â•‹àƒ[ƒh@—§‚Ä’¼‚µ‚É•K—v‚È‚±‚Æ‚Æ‚ÍHê–å‰Æ‚ª‰ðà,https://news.yahoo.co.jp/articles/d20952fd60412ae7395ca7d17c24268d6bdc0a6a,2023/10/25(…) 14:48
ytv,“Ç”„ƒeƒŒƒr,y‘¬•ñzuŽÓß‚µ‚½‚¢vuŒë‰ð‚ð—^‚¦‚éŒ¾‚¢•û‚ð‚µ‚½vŽ ‰êE‹ß]Žs’·‚ª‰ïŒ©‚ÅŽß–¾EŽÓß‚ÌˆÓŒü‚ðŽ¦‚·@ƒtƒŠ[ƒXƒN[ƒ‹‚ß‚®‚èu‘‰Æ‚ÌªŠ²‚ð•ö‚µ‚©‚Ë‚È‚¢v”­Œ¾,https://news.yahoo.co.jp/articles/485b6ed6d8fabb4a9ef50a465c3fc1c3dfb8bc62,2023/10/25(…) 10:30
ytv,“Ç”„ƒeƒŒƒr,y“ÁWz‚»‚ê‚¼‚ê‚Ì–²‚ÆŠó–]‚ð‹¹‚É@ŠÖ¼‚©‚ç” ª˜H‚Öu” ª‰w“`—\‘I‰ïoêZ‚Ö‚Ì’§ívi“Ç”„ƒeƒŒƒru‚ ‚·ƒŠ[ƒgPlusvj,https://news.yahoo.co.jp/articles/d5b28663639cb265446b3ce870fb05a878223a00,2023/10/24(‰Î) 19:20
ytv,“Ç”„ƒeƒŒƒr,y‘¬•ñz‘åã•{ŒxŠÝ˜a“c‚Ì„¸•”’·‚ð‘ß•ß@ŠoÁÜŽg—p‚Ì‹^‚¢@ Ž©‘î‚©‚ç’ŽËŠí‚âŠoÁÜ•t’…‚Ì‘Ü‚à,https://news.yahoo.co.jp/articles/490a9063e281c4f1aafcfc8a430ecdd8756248cc,2023/10/24(‰Î) 18:04
ytv,“Ç”„ƒeƒŒƒr,y“ÆŽ©‰ðàzuhŒ€’cŽ©g‚ª’²‚×‚ç‚ê‚Ä‚¢‚ég‚Æ‚¢‚¤ˆÓŽ¯‚ðŽ‚Â‚×‚«v•ó’Ë‰ÌŒ€ ’cA—«Ž€–S‚Å‘ŠŽŸ‚®Œö‰‰’†Ž~cu“à•”’Ê•ñŽÒ‚ª‚¢‚év•ÙŒìŽm‚ª‰ðà,https://news.yahoo.co.jp/articles/68161a686a47f5e71ea37aacdc0aad4f31665d56,2023/10/24(‰Î) 16:00
ytv,“Ç”„ƒeƒŒƒr,y‘¬•ñzŒxŽ@Š¯—»‚É‚È‚è‚·‚Ü‚µgŒ‹¥¼‹\h–³E‚Ì’ji36j‚É’¦–ð2”N4‚©ŒŽ‚ÌŽÀŒY”»Œˆ,https://news.yahoo.co.jp/articles/54fdab84cff11ae1c71c75209948029d728cc1e5,2023/10/23(ŒŽ) 10:05
ytv,“Ç”„ƒeƒŒƒr,y“ÁWz–²‚Í\Ží‹£‹Z‚ÌƒEƒTƒCƒ“Eƒ{ƒ‹ƒgI ‰Â”\«–³ŒÀ‘å‚ÌƒLƒ“ƒOEƒIƒuEƒAƒXƒŠ[ƒgAŠÛŽR—D^‚É’¹’JŒh‚ª“ËŒ‚Ii“Ç”„ƒeƒŒƒru‚ ‚·ƒŠ[ƒgPlusvj,https://news.yahoo.co.jp/articles/12af3f39befe8c8e7c1a3558d3ad88fa68bbdf33,2023/10/22(“ú) 17:54
ytv,“Ç”„ƒeƒŒƒr,y–§’…z“ú–{l‰‚Ì¢ŠEƒ`ƒƒƒ“ƒsƒIƒ“@Žá‚­‚µ‚Ä’¸“_‚ð‹É‚ß‚½‚à‚Ì‚Ì”Y‚Ý‘±‚¯‚½ƒvƒƒ{ƒfƒBƒ{[ƒ_[‚Ì–º‚É“Í‚¯‚é—¼e‚Ì‘z‚¢,https://news.yahoo.co.jp/articles/48f88b632ca86b5b9e567b40dfd55ac0418e0e52,2023/10/22(“ú) 11:03
ytv,“Ç”„ƒeƒŒƒr,y“ÁWz–ÚŽw‚·‚ÍŒC–‚«ElNo.1Iuƒ`ƒƒƒŒƒ“ƒW‚·‚é‚±‚Æ‚ªˆê”Ô‘åØv’m“IáŠQ‚ ‚éÂ”N‚Æ”Þ‚ðŽx‚¦‚È‚ª‚çŽ©‚ç‚à˜r‚ð–‚­Žá‚«ElA“ñlŽO‹r‚Å’§‚ñ‚¾“ú–{ˆêA‚µ‚©‚µˆÓŠO‚ÈŒ‹––‚ªc,https://news.yahoo.co.jp/articles/d08cc7755e6923ffcf027e887ec65f5fcd9f1bfb,2023/10/22(“ú) 11:00
ytv,“Ç”„ƒeƒŒƒr,y“ÆŽ©‰ðàzuƒwƒ“ƒŠ[‰¤Žq‚ªƒ[ƒKƒ“”Ü‚ÌgƒXƒyƒAh‚É‚È‚Á‚Ä‚¢‚évƒwƒ“ƒŠ[‰¤Žq•vÈA¡“x‚ÍN.Y.‚Åu‹U‘PŽÒvŒÄ‚Î‚í‚è‚Ì‘å‰Šã!?_‚³‚ç‚Éƒ[ƒKƒ“”Ü‚ªuƒXƒyƒAvˆÈã‚Ì“à—e‚Æ‚È‚é–\˜I–{o”Å!?•v•w‚Ì¡Œã‚ð‰ðà,https://news.yahoo.co.jp/articles/faff5e8a91ee293cca0711966d51fcc1c02cb496,2023/10/21(“y) 11:00
ytv,“Ç”„ƒeƒŒƒr,y“ÆŽ©‰ðàzuˆÈ‘O‚©‚çŽ©ŽEŠè–]‚ ‚Á‚½v‰Ž”V•”í‰Œö”»@•êe‚Íu‚ ‚È‚½‚¾‚¯‚ðÀ‚©‚¹‚é‚í‚¯‚É‚Í‚¢‚©‚È‚¢v‚Æ‚°•ƒe‚Íèõ‚«cu•sÑ‚È‘§Žq‚Å\‚µ–ó‚È‚¢vu‹–‚³‚ê‚é‚Ì‚Å‚ ‚ê‚ÎA‰Ì•‘Šê‚Åž‚Á‚Ä‚¢‚«‚½‚¢vŒê‚Á‚½¡‚Ìg‘z‚¢h\,https://news.yahoo.co.jp/articles/b821113f59c2253b0de720b6d677d1bba2ab8851,2023/10/20(‹à) 20:00
ytv,“Ç”„ƒeƒŒƒr,y“ÁWz‚ ‚Æ­‚µŽè‚ðL‚Î‚¹‚Îc ‰^–½‚Ìƒhƒ‰ƒtƒg‰ï‹c‚ð‘Ò‚Â2l‚ÌƒvƒŒ[ƒ„[@ŠÖ¼‘åŠwE—L”n—È@‘¾¬Šw‰@‘åŠwE“c’†‘å¹i“Ç”„ƒeƒŒƒru‚ ‚·ƒŠ[ƒgPlusvj,https://news.yahoo.co.jp/articles/7eaf65fc8c6df87288661c455276ee56cb149b62,2023/10/20(‹à) 19:49
ytv,“Ç”„ƒeƒŒƒr,y‘¬•ñz‘åãEŠÖ¼–œ”Ž‚ÌŒšÝ”ï2350‰­‰~‚Éã‚Ô‚ê@‘z’è‚©‚ç1000‰­‰~ˆÈã‚É@‹¦‰ï‚©‚ç‘E•{‚É“`’B,https://news.yahoo.co.jp/articles/b7c8b032e30eab888497b5d08ecc86d5146a68e0,2023/10/20(‹à) 17:05
ytv,“Ç”„ƒeƒŒƒr,y“ÁWzƒIƒŠƒbƒNƒXEƒoƒtƒ@ƒ[ƒY@ƒŠ[ƒOV3‚ðŒˆ‚ß‚½ˆê‘ÅI–ìŒû’qÆ‚ª“ú–{ˆê˜A”e‚ÌƒL[ƒ}ƒ“‚É–¼æ‚èIi“Ç”„ƒeƒŒƒru‚ ‚·ƒŠ[ƒgvj,https://news.yahoo.co.jp/articles/bb5b3dad255426c29e532317dce210ddaae3e902,2023/10/19(–Ø) 20:41
ytv,“Ç”„ƒeƒŒƒr,y“ÁWzƒEƒKƒ“ƒ_l¶˜rEƒJƒg[ƒGƒhƒŠƒ“ ‚»‚ÌŽè‚ÅØ‚è‘ñ‚­ŒÌ‹½‚Ì–¢—ˆi“Ç”„ƒeƒŒƒru‚ ‚·ƒŠ[ƒgvj,https://news.yahoo.co.jp/articles/d979cc591cebb182ea4718fd3a61534ab83483a9,2023/10/19(–Ø) 20:04
ytv,“Ç”„ƒeƒŒƒr,y“ÆŽ©‰ðàzKŽåÈ‚ÍŠé‹Æ‘—L‰»‚Ì‚½‚ß‚ÉP‘åW’c‰ï’·‚ðS‘©!? gEV•æ’nh‚Æ‚ÍH ’†‘ŒoÏ‚Ì’†Su•s“®ŽYvuŽ©“®ŽÔŽY‹Æv‚ÉˆÙ•Ï,https://news.yahoo.co.jp/articles/44b79ef7db891e3e282c683c36e17ccd7631c54f,2023/10/19(–Ø) 20:00
ytv,“Ç”„ƒeƒŒƒr,y“ÆŽ©‰ðàzugãJ‘np‚ð“\‚éh‚­‚ç‚¢‚Ì‘Î‰ž‚µ‚©‚µ‚Ä‚¢‚È‚©‚Á‚½‚Ì‚ª‘åoŒŒvƒoƒCƒfƒ“‘å“—Ì‚ªƒCƒXƒ‰ƒGƒ‹–K–â‚ð•\–¾BƒKƒU’n‹æ‚Ö‚Ì’nãNU‚ª‹ß‚¢‚ÆŒ¾‚í‚ê‚Ä‚¢‚é’†A‰½‚ª•Ï‚í‚é‚Ì‚©Hê–å‰Æ‚ª‰ðà,https://news.yahoo.co.jp/articles/d0a448238eea62d61054f7f06cb10ae602a924d7,2023/10/18(…) 12:00
ytv,“Ç”„ƒeƒŒƒr,y‘¬•ñz“V‰¤Ž›“®•¨‰€‚ª‰ïŒ©‚ÅŽÓß@ƒ`ƒ“ƒpƒ“ƒW[‚Í“®•¨‚Ì’Ê˜H‚É‚ ‚é–ñ20ƒZƒ“ƒ`‚ÌŒ„ŠÔ‚©‚ç“¦‘–,https://news.yahoo.co.jp/articles/702eba4a108d7057ae105ebd64317ece3e81b738,2023/10/17(‰Î) 18:31
ytv,“Ç”„ƒeƒŒƒr,y“ÆŽ©‰ðàz—é–ØƒGƒCƒgŽu•·‚¢‚Ä‚¢‚Ä‚©‚È‚è‹ê’Év‰ðŽU–½—ß¿‹Žó‚¯g“ˆê‹³‰ïh‚ª‰ïŒ©u‘S‚­˜b‚É‚È‚ç‚È‚¢v­•{‚Æ“O’êRí‚Ì\‚¦@‹³’c‘¤‚Ì@‹³–@l–@‚Ìg“ÆŽ©‰ðŽßh‚Éê–å‰Æ‚Í‹êŒ¾,https://news.yahoo.co.jp/articles/020aa5d9a88c4f4d09a824f08a4d24f7fef7c58a,2023/10/17(‰Î) 10:10
ytv,“Ç”„ƒeƒŒƒr,y‘¬•ñz“¡ˆäg”ªŠ¥h‚Æ‚µ‚Ä‰‚ß‚Ä‚Ìƒ^ƒCƒgƒ‹íŽn‚Ü‚é@‹ž“sEm˜aŽ›‚Å—³‰¤íŽµ”ÔŸ•‰‘æ“ñ‹Ç,https://news.yahoo.co.jp/articles/3f44d6f4ce30ee28e296902c8d58e13e1ce19dc4,2023/10/17(‰Î) 9:00
ytv,“Ç”„ƒeƒŒƒr,‘åãE‚¤‚ß‚«‚½2Šú’n‹æ‚Éw25‰­‰~‚Ìƒ^ƒƒ}ƒ“x‚ª’a¶@1Šú‚Ì6”{‚Ì‰¿Ši g“ŠŽ‘‚ÌŒÄ‚Ñ…h‚É‚È‚é‚©,https://news.yahoo.co.jp/articles/afccf821707bd2ee34036dcfdf3e28d2989b83ae,2023/10/15(“ú) 14:00
ytv,“Ç”„ƒeƒŒƒr,y–§’…z‘ä˜p@ˆã—Ã‹ÆŠE‚à’–Ú‚·‚é‹à‹›Œ¤‹†‚Ì‘æˆêlŽÒ‚Å‚ ‚é•ƒ‚Ö“Í‚¯‚é–º‚Æ‘§Žq‚Ì‘z‚¢,https://news.yahoo.co.jp/articles/2048d6bbf91a32ae6a617ddac3c108f1b0f993f9,2023/10/15(“ú) 11:04
ytv,“Ç”„ƒeƒŒƒr,y“ÆŽ©–§’…zu‚à‚¤‚¿‚å‚Á‚Æƒgƒ‰ƒbƒN‚ÉA‚Ý‚ñ‚È—D‚µ‚­‚µ‚Ä‚à‚ç‚¦‚½‚çcv“ú–{‚Ì•¨—¬Žx‚¦‚éƒgƒ‰ƒbƒNƒhƒ‰ƒCƒo[‚ÌƒIƒAƒVƒXgƒgƒ‰ƒXƒeh‚Å•·‚¢‚½–{‰¹‚Æ•sˆÀu“ú–{‚Ì•¨—¬A‘½•ªŽ~‚Ü‚è‚Ü‚·‚æv,https://news.yahoo.co.jp/articles/ad835a247e4a41cb7764b9ac075b268c6ce300fd,2023/10/14(“y) 11:00
ytv,“Ç”„ƒeƒŒƒr,y“ÆŽ©‰ðàz g“ˆê‹³‰ïh‚Æ‚ÌŒq‚ª‚è‚Íu–â‘è‚È‚©‚Á‚½vAˆÀ”{Œ³Žñ‘ŠeŒ‚Ž–Œ‚É‚Â‚¢‚Ä‚Íu‚½‚Ü‚½‚Üg“ˆê‹³‰ïh‚ÆŠÖ˜A•t‚¯‚ÄˆÃŽEv×“c”Ž”VO‰@‹c’·‚ªŽ«”C‰ïŒ©‚Å”X‚Ì‹^˜f‚ÉŒ¾‹yuˆÀ”{‚³‚ñ‚ð7”NŠÔ‚àŽx‚¦‚Ä‚«‚½Ž„‚ªA‚Ç‚¤‚µ‚Ä‚±‚±‚Å‚Ü‚¾‹ê˜J‚µ‚È‚¢‚Æ‚È‚ç‚È‚¢‚ñ‚¾‚ë‚¤v,https://news.yahoo.co.jp/articles/c6c3df64ab3d8761afbaf9a09aadd0f8e2ec6711,2023/10/13(‹à) 18:00
ytv,“Ç”„ƒeƒŒƒr,y‘¬•ñzŽRã”íoÈ‚¹‚¸@‘æˆê‰ñŒö”»‘O®—Žè‘±‚«‚Í–ñ20•ª‚ÅI—¹@ˆÀ”{Œ³Žñ‘ŠPŒ‚Ž–Œ,https://news.yahoo.co.jp/articles/ae1f829bb76f4190688708c48e5d5d0bec29c372,2023/10/13(‹à) 10:38
ytv,“Ç”„ƒeƒŒƒr,y‘¬•ñzˆÀ”{Œ³‘—eŒ‚Ž–Œ‚ÌŒö”»‘O®—Žè‘±‚«Žn‚Ü‚é@ŽRã”í‚ÍŽp‚Ý‚¹‚¸@‘O‰ñ‚Í•sR•¨‘›‚¬‚Å’†Ž~,https://news.yahoo.co.jp/articles/173c95a37df17bc6fbd98e21574d3c811dde05cb,2023/10/13(‹à) 10:11
ytv,“Ç”„ƒeƒŒƒr,y“ÆŽ©‰ðàz‹Œ“ˆê‹³‰ï‚Ì‰ðŽU–½—ß¿‹‚Öu–{l‚âe‘°‚É—^‚¦‚½¸_“I‘¹ŠQ‚Ír‘åv‹³’c‚Í”½˜_cg‰ðŽUŠm’èh‚Ü‚Å‚Í”N’PˆÊH¡Œã‚Ì—¬‚ê‚ðê–å‰Æ‚ª‰ðà,https://news.yahoo.co.jp/articles/862773343aad9507389d771151edfbb633a69cf5,2023/10/12(–Ø) 20:34
ytv,“Ç”„ƒeƒŒƒr,y“ÆŽ©‰ðàzƒWƒƒƒj[ƒY‰ïŒ©gNGƒŠƒXƒghì¬‚Ì— ‘¤@ƒRƒ“ƒrƒj‚ÅˆóüALINE‚Å‹¤—Lcu‰ïŒ©‚ÅŽg‚í‚ê‚Ä‚¢‚éˆÈãAŽ––±Š‚ÉŠÇ—Ó”C‚ª‚ ‚évê–å‰Æ‚ªŒŸØ,https://news.yahoo.co.jp/articles/1830d0378084146dc7fb34222f6663403895d936,2023/10/12(–Ø) 15:10
ytv,“Ç”„ƒeƒŒƒr,y‘¬•ñzŠÖ¼“d—Í‚ÌŠ”Žå‚ª“–Žž‚Ì–ðˆõ‚ç‚ð’ñ‘i ‘åŽè“d—ÍuƒJƒ‹ƒeƒ‹v–â‘è‚Å–ñ3500‰­‰~‚Ì”…ž¿‹@‘¼3“d—Í‚Å‚àŠ”Žå‘i×,https://news.yahoo.co.jp/articles/b0b5942681a24659fd1b06453023a4b432195d7a,2023/10/12(–Ø) 14:00
ytv,“Ç”„ƒeƒŒƒr,y“ÆŽ©ŽæÞzg‰_‚Ìã‚Ìf—ÃŠh•xŽmŽR”ª‡–Ú‚Ì—«ˆãŽt‚É–§’…I“ª’É‚É“f‚«‹Cc–K‚ê‚é‘Ì’²‚ð•ö‚µ‚½“oŽRŽÒ‚½‚¿@‚»‚µ‚Ä“ú–{ˆê‚ÌŽRŠxˆã‚ª“`‚¦‚½‚¢‚±‚Æ,https://news.yahoo.co.jp/articles/a12aeeccb689b1eac20ea674da2487987166f68a,2023/10/10(‰Î) 16:00
ytv,“Ç”„ƒeƒŒƒr,y“ÁWzu–¢—ˆ‚ÍŒ©‚¦‚È‚¢vI‰ÎÐ‰„Ä‚Ì‹°‚ê‚ ‚éŠëŒ¯‚Èu–Ø‘¢Z‘î–§W’nˆævƒ[ƒXƒg‚PˆÊ‚Í‘åã@¡‚àŽc‚éí‘O‚ÌŠX•À‚ÝA‰ðÁ‚Å‚«‚È‚¢Ž–î‚Æ¡‚Å‚«‚é‘Îô‚Æ‚ÍH,https://news.yahoo.co.jp/articles/c5d8478caee0aa09af7df2a05a546593985a5e09,2023/10/10(‰Î) 11:00
ytv,“Ç”„ƒeƒŒƒr,y“ÆŽ©‰ðàzƒWƒƒƒj[ƒY–â‘èAg‰ð‘Ì“Io’¼‚µh‚É‚Â‚¢‚Ä‚Íu‚à‚¤­‚µH•v‚ª•K—vvHƒG[ƒWƒFƒ“ƒgŒ_–ñ‚ÉŠ‘®ƒ^ƒŒƒ“ƒg‚ÌŽv‚¢‚à—lXu‰¹Šy‚ÌŒ —˜‚ª‚Ç‚¤‚¢‚¤Œ`‚É‚È‚Á‚Ä‚µ‚Ü‚¤‚©‚ªƒ|ƒCƒ“ƒgv,https://news.yahoo.co.jp/articles/aa6f955857c5dfc566469696bfd85f3c8c87e6fb,2023/10/9(ŒŽ) 19:00
ytv,“Ç”„ƒeƒŒƒr,y–§’…z–kŠC“¹‚Ì“Æ—§ƒŠ[ƒO‚ÅgŽO“—¬h‚É’§í@–ì‹…l‚Æ‚µ‚Ä•±“¬‚·‚é‘§Žq‚Ö“Í‚¯‚é•ƒ‚Ì‘z‚¢,https://news.yahoo.co.jp/articles/addea4c69da950cc118c02c6ce5bdf371fb05fe8,2023/10/8(“ú) 11:03
ytv,“Ç”„ƒeƒŒƒr,VŒ^ƒRƒƒiƒƒNƒ`ƒ“‚Ì—§–ðŽÒ‚Éƒm[ƒxƒ‹Ü@•s‹ü‚ÌŒ¤‹†ŽÒ‚ªŒ©o‚µ‚½‹Zp‚ªgˆã—Ã‚Ì–¢—ˆh‚ð•Ï‚¦‚é,https://news.yahoo.co.jp/articles/8bdd6e8bb73ee67cd8ed295223ba94685307e2d3,2023/10/7(“y) 21:00
ytv,“Ç”„ƒeƒŒƒr,y“ÆŽ©Œƒ”’zgŽw–¼Œó•âh‹îˆäç‰ÀŽq‚³‚ñ‚ÆgŽw–¼NGh—é–ØƒGƒCƒgŽ‚ªSîŒƒ”’!‹îˆä‚³‚ñu‚·‚²‚­SŠO‚¾‚µ³’¼–À˜fv—é–ØŽu‚í‚´‚Æ‰ºŽè‚ÈŽdØ‚è‚µ‚½‚Ì‚Å‚ÍHv‚»‚ÌŽžA‰ïê‚Å‰½‚ª,https://news.yahoo.co.jp/articles/113195679d3f720280b755bc7774a69bce6ef50b,2023/10/6(‹à) 19:00
ytv,“Ç”„ƒeƒŒƒr,y“ÆŽ©‰ðàzM—Š‰ñ•œ‚ª‰“‚Ì‚­Œ‹‰Ê‚ÉcHƒWƒƒƒj[ƒY‰ïŒ©gNGƒŠƒXƒgh—¬oc‹LŽÒ‰ïŒ©ŽžE‚»‚ÌŒã‚Ì‘Î‰žAˆê‘Ì‚Ç‚¤‚·‚ê‚Î‚æ‚©‚Á‚½‚Ì‚©HŠé‹Æ‚ÌŠë‹@ŠÇ—‚ÉÚ‚µ‚¢ê–å‰Æ‚ª‰ðà,https://news.yahoo.co.jp/articles/e16f2cc7d576d92379ee328285ca3f5144e76092,2023/10/6(‹à) 19:00
ytv,“Ç”„ƒeƒŒƒr,y‘¬•ñz‘åã•{“à‚ÌƒrƒbƒOƒ‚[ƒ^[7“X•Ü‚Ö‰Æ‘î‘{õ@ŠX˜HŽ÷‚ª•sŽ©‘R‚ÉŒÍ‚ê‚é‚È‚Ç‚Ì–â‘è‚Å,https://news.yahoo.co.jp/articles/449f5f3c2e4c727fffe81abda061cd29dec1681f,2023/10/6(‹à) 9:53
ytv,“Ç”„ƒeƒŒƒr,y“ÁWz”’‹…‚É‚©‚¯‚éÂt@ƒ{[ƒCƒYƒŠ[ƒOEƒGƒCƒWƒFƒbƒNƒJƒbƒv ‘æ54‰ñ “ú–{­”N–ì‹…‘IŽèŒ ‘å‰ïi“Ç”„ƒeƒŒƒru‚ ‚·ƒŠ[ƒgPlusvj,https://news.yahoo.co.jp/articles/ad09d37baaf52685eeb718d1cf48b364ae42f706,2023/10/5(–Ø) 18:50
ytv,“Ç”„ƒeƒŒƒr,y“ÁWzƒŠƒxƒ“ƒWA‚»‚µ‚ÄV‚½‚ÈŒiF‚ÖI@“ú–{‹L˜^XVAŠú‘Ò‚ÌƒWƒƒƒ“ƒp[E`Ÿ”ü—éi“Ç”„ƒeƒŒƒru‚ ‚·ƒŠ[ƒgvj,https://news.yahoo.co.jp/articles/2b9874da3651ceb7799e4e36de2a7d891ceb565c,2023/10/5(–Ø) 18:50
ytv,“Ç”„ƒeƒŒƒr,y“ÆŽ©‰ðàzugˆâŽY“I‚Èl‚½‚¿h‚ªƒgƒbƒv‚ð‚µ‚Ä‚¢‚é‚Æ¢ŠÔ‚ªŒ©‚é‚©‚à‚µ‚ê‚È‚¢vƒWƒƒƒj[ƒY«‰ÁŠQ–â‘èAw‰ð‘Ì“Io’¼‚µx‚ÉŒü‚¯ŽÐ–¼•ÏX‚à‰Û‘èŽRÏ‚Ýcê–å‰Æ‰ðà,https://news.yahoo.co.jp/articles/78835f4343e95e063fb0071d2c6ab152aafd201b,2023/10/5(–Ø) 17:00
ytv,“Ç”„ƒeƒŒƒr,y“ÆŽ©‰ðàzgƒWƒƒƒj[ƒY’é‘hÁ–Å‚ÖcƒWƒ…ƒŠ[Ž‚Ì‘Š‘±Å‚ÍHƒ^ƒŒƒ“ƒg‚½‚¿‚ÌŠˆ“®‚Ö‚Ì‰e‹¿‚ÍHuŽÀ—Í‚ ‚él‚Í‘¼Š‚ÆŒ_–ñ‚µ‚Ä‚à‚¢‚¢vŒo‰cƒRƒ“ƒTƒ‹ƒ^ƒ“ƒg‚ª‰ðà,https://news.yahoo.co.jp/articles/9aaec1570d6f8d9efa04295c018c6fc11fc09a1c,2023/10/4(…) 14:05
ytv,“Ç”„ƒeƒŒƒr,y“ÁWzã”¼Šú‚ÅŠù‚É1000ŒŽã‚ª“|ŽY‚µ‚½‹ß‹E’n‹æAƒRƒƒi‚ªŽû‘©‚µ‚½¡‚È‚º!?“|ŽY–hŽ~‚Ì‹~¢Žå‚¾‚Á‚½wƒ[ƒƒ[ƒ—ZŽ‘x‚Ì•ÔÏŠJŽn–{Ši‰»‚Å’†¬Šé‹Æ‚ª”ß–Âc‚»‚Ì”wŒi‚Æ‚Í,https://news.yahoo.co.jp/articles/52820d9c2f573cf4a663a0be7fd172b8a0f3c26b,2023/10/3(‰Î) 18:00
ytv,“Ç”„ƒeƒŒƒr,y‘¬•ñzƒrƒbƒOƒ‚[ƒ^[ŠX˜HŽ÷–â‘è@‘åã•{‚ªŒxŽ@‚ÉŠí•¨‘¹‰ó‚Ì‹^‚¢‚Å”íŠQ“Í‚ð’ño@‘¹ŠQ”…ž¿‹‚à,https://news.yahoo.co.jp/articles/f81be5eb369b90d4a664e7bf8dcb31e21558f9b3,2023/10/3(‰Î) 12:13
ytv,“Ç”„ƒeƒŒƒr,y–§’…zƒjƒ…[ƒW[ƒ‰ƒ“ƒh@æ”yƒWƒ‡ƒbƒL[‚Ì—Ž”nŽ–ŒÌ‚ðæ‚è‰z‚¦•œ‹AƒŒ[ƒX‚É’§‚Þ‘§Žq‚Ö“Í‚¯‚é•ê‚Ì‘z‚¢,https://news.yahoo.co.jp/articles/c7e3f63a13835a76ea557a5af296a7470ebae2d5,2023/10/1(“ú) 11:04
ytv,“Ç”„ƒeƒŒƒr,y˜AÚF‹žƒAƒjŽ–Œ[–T’®È‚©‚ç‚ÌlŽ@[z‘æ2‰ñFŒŸŽ@‚ÌŽv˜f u”í‚ÌŒ¾“®‚Í‘z’è“àv,https://news.yahoo.co.jp/articles/c01ebd1bbd8e978a930d89cd8d61a1f4edbc275c,2023/9/30(“y) 6:00
ytv,“Ç”„ƒeƒŒƒr,y“ÆŽ©‰ðàzƒWƒƒƒj[ƒY«‰ÁŠQ–â‘è ƒ^ƒŒƒ“ƒg‚Éß‚Í‚ ‚é‚Ì‚©!?@‚m‚g‚jg”’‚S‚S”N‚Ô‚èuƒWƒƒƒj[ƒY‚È‚µv‚Ì”wŒi‚Æ–¯•úŠe‹Ç‚ÌƒXƒ^ƒ“ƒX,https://news.yahoo.co.jp/articles/a09e18c007669538f61593f20f560741f3aa4160,2023/9/29(‹à) 15:30
ytv,“Ç”„ƒeƒŒƒr,y‘¬•ñzˆùŽð‰^“]‚Å–éŠÔƒpƒgƒ[ƒ‹’†‚Ì’j«4l‚ð‚Í‚Ë2lŽ€–S‚³‚¹‚é@”í‚Ì’ji49j‚É’¦–ð10”N‚ÌŽÀŒY”»Œˆ@‘åã’nÙu4ŽžŠÔˆÈã‚É‚í‚½‚èA¶ƒr[ƒ‹1”tAÄ’‘2”tAƒnƒCƒ{[ƒ‹6”tBˆùŽð‰^“]‚É‚àíK«v‚ÆŽw“E,https://news.yahoo.co.jp/articles/d659be9b730af7a7f5f6c7da6753d03d8efa133f,2023/9/29(‹à) 14:31
ytv,“Ç”„ƒeƒŒƒr,y‘¬•ñz‘åã•{˜aòŽs‚Ì‰”C‹‹‚ª‘S‘Ž©Ž¡‘Ì‚ÅÅ‚Šz‚Ö@‘å‘²ˆê”ÊE3–œ‰~ˆÈãˆø‚«ã‚°22–œ2300‰~,https://news.yahoo.co.jp/articles/9024fd32cbb9a0d6b4a4d31456783d2e9106d657,2023/9/29(‹à) 10:31
ytv,“Ç”„ƒeƒŒƒr,y“ÆŽ©ŽæÞz“d˜b‚Ìæ‚É•ÐŒ¾‚Ì“ú–{Œê‚ð˜b‚·l•¨!? ‹}‘‚·‚éuƒTƒ|[ƒg¼‹\v I–­‰»‚·‚éŽèŒû‚ÌŽÀ‘Ô‚ð–\‚­I,https://news.yahoo.co.jp/articles/ccfaef1c2b5ce15105e2bb82a0125061264ea9bf,2023/9/28(–Ø) 14:28
ytv,“Ç”„ƒeƒŒƒr,y‘¬•ñz…–“•a‘æ2ŽŸ‘i×@Œ´ 128l‘Sˆõ‚ð…–“•a‚Æ”F’è@275–œ‰~‚Ì”…ž–½—ß@‘åã’nÙ,https://news.yahoo.co.jp/articles/fb3dd34f407d1d0f8177b71cbb68fa00e82375c7,2023/9/27(…) 15:01
ytv,“Ç”„ƒeƒŒƒr,yÚ×‰ðàzV‚½‚É4500•i–ÚˆÈã‚ª10ŒŽ’lã‚°c‚¢‚Â‚Ü‚Å‘±‚­H­•{‚Ì‘Îô‚ÍHê–å‰ÆŽw“EuŠÝ“c­Œ ‚ÌÅ‘å‚ÌŒ‡“_‚ÍA­ô‚ª‘‰Ô“I‚Å¬—±v,https://news.yahoo.co.jp/articles/e703faccf5aac96f14d7a3c2a1c3389950b718f5,2023/9/26(‰Î) 18:00
ytv,“Ç”„ƒeƒŒƒr,y“ÁWz‘åãEƒ~ƒiƒ~gƒOƒŠ‰ºh‚ÉW‚¤Ž–î‚ð•ø‚¦‚½ŽáŽÒ‚½‚¿@ˆ«‚¢‘ål‚É—˜—p‚³‚êAŽž‚É‚Í”Æß‚Ì‰ÁŠQŽÒ‚Éc”Þ‚ç‚Ì‹‚ß‚éu‹êŠv‚Æ‚ÍHŽx‰‡‚·‚é‘ål‚É–§’…,https://news.yahoo.co.jp/articles/10a61333a2ac4f5774146207c8aa2c915c3abfe7,2023/9/26(‰Î) 15:00
ytv,“Ç”„ƒeƒŒƒr,’jŽq‚Z¶‚ð‘ß•ß@—Žq’†Šw¶‚É•ø‚«’…‚«‘ÌG‚é‚È‚Ç‚µ‚½‹^‚¢u‰Æo’†‚Åˆê“x—‚ÌŽq‚ðG‚è‚½‚©‚Á‚½v,https://news.yahoo.co.jp/articles/d0b284e9b7d131fc8ceef78564a26265dfa4f638,2023/9/25(ŒŽ) 14:00
ytv,“Ç”„ƒeƒŒƒr,y–§’…z•ú˜Q‚µ—¬‚ê’…‚¢‚½ƒCƒ“ƒh‚Ì”é‹«‚ÅC•œŒš’zŽm‚Æ‚µ‚Ä¶‚«‚é‘§Žq‚Ö“Í‚¯‚é—¼e‚Ì‘z‚¢,https://news.yahoo.co.jp/articles/e471a9b22d3a741e3550995fad74e21645dac0b7,2023/9/24(“ú) 11:02
ytv,“Ç”„ƒeƒŒƒr,y“ÆŽ©Œƒ”’zŒ³ƒWƒƒƒj[ƒYJr.‹´“cNŽ@“ŒŽRŽÐ’·EˆäƒmŒ´Ž‚Æ–Ê‰ï‚PŽžŠÔ‚Ì‘S“à—eu“ŒŽRŽÐ’·‚©‚ç’¼ÚŽÓßŽó‚¯‚½vƒWƒ…ƒŠ[Ž‚Í“¯È‚¹‚¸,https://news.yahoo.co.jp/articles/5e6a4424a61e5e80519fb2c9ff2a374f935ccbed,2023/9/22(‹à) 16:38
ytv,“Ç”„ƒeƒŒƒr,y‘¬•ñzŽž‘¬120ƒLƒ‚Å‚ ‚¨‚è‰^“] ƒoƒCƒN‚Ì’j«‚ðŽ€–S‚³‚¹‚½’j‚É’¦–ð10”N‚ÌŽÀŒY”»Œˆ ‘åã’nÙ,https://news.yahoo.co.jp/articles/27732499a7bac603112f79ada749dd84825f4016,2023/9/22(‹à) 15:01
ytv,“Ç”„ƒeƒŒƒr,y‘¬•ñz‘åã•{Œx–{•”‚Éuƒo[ƒJv‚â‰¹Šy‚ð—¬‚·‚¾‚¯‚Ì–À˜f“d˜b2342‰ñ@‹UŒv‹Æ–±–WŠQ—e‹^‚Å’j‚ð‘ß•ß,https://news.yahoo.co.jp/articles/6639b3d4db7b5a41b5fec1874b8febd57784b233,2023/9/22(‹à) 11:00
ytv,“Ç”„ƒeƒŒƒr,y“ÆŽ©‰ðàzƒWƒƒƒj[ƒYŽ––±ŠA‹NŽ€‰ñ¶‚ÌˆêŽè‚Íu•Ê‰ïŽÐ‚ÌÝ—§v“ŒŽRVŽÐ’·‚ªŽÐ–¼•ÏX“™ŒŸ“¢”­•\‚àAuw–¼‘O‚Í•Ï‚¦‚È‚¢EŠ”Žå\¬‚à•Ï‚í‚ç‚È‚¢x‚Æ‚¢‚¤‚Ì‚Íl‚¦‚ç‚ê‚È‚¢v,https://news.yahoo.co.jp/articles/3a9fe0997382938683dbd29b947ab57d0cb0fa61,2023/9/21(–Ø) 16:30
ytv,“Ç”„ƒeƒŒƒr,y“ÆŽ©‰ðàz—\–ñ‚µ‚½‹‰Øƒzƒeƒ‹As‚Á‚Ä‚Ý‚½‚çŽG‘¶‚¢–Î‚é‹ó‚«‰Æ‚¾‚Á‚½c‘‰Á‚·‚éŠCŠOŒnh”‘—\–ñƒTƒCƒg‚Ìƒgƒ‰ƒuƒ‹A’ˆÓ‚·‚×‚«‚S‚Â‚Ìƒ|ƒCƒ“ƒg‚ðê–å‰Æ‚ª‰ðà,https://news.yahoo.co.jp/articles/b157090bf621db656462ab0e727eca2c0b85c514,2023/9/20(…) 19:05
ytv,“Ç”„ƒeƒŒƒr,y“ÆŽ©‰ðàzƒwƒ“ƒŠ[‰¤Žq’a¶“ú‚É‰¤Žº‚©‚çj•ŸƒƒbƒZ[ƒW‚È‚µcgƒCƒ`ƒƒƒCƒ`ƒƒŽph‚Å•v•w‰~–žƒAƒs[ƒ‹‚àNetflix‚ÍŒ_–ñXVŠë‹@A‚»‚µ‚ÄƒAƒm‘O‘å“—Ì‚ª‘Î’k”M–]!?ÅVî•ñ‚ðƒf[ƒuEƒXƒyƒNƒ^[Ž‚ª‰ðà,https://news.yahoo.co.jp/articles/97203d76768036f3b6c067bfe0ffcb68641d16a5,2023/9/19(‰Î) 18:44
ytv,“Ç”„ƒeƒŒƒr,y˜AÚF‹žƒAƒjŽ–Œ[–T’®È‚©‚ç‚ÌlŽ@[z‘æ1‰ñFÂ—t”í‚ÌgS‚ÌˆÅh@‹¥s‚Í‚È‚º‹N‚«‚½H,https://news.yahoo.co.jp/articles/fa8a67d359efb1c71b3a7772d11d1cefdda1f5e1,2023/9/19(‰Î) 6:00
ytv,“Ç”„ƒeƒŒƒr,’†Šw‚ÌCŠw—·s‚Í‘Sˆõ‚ÅŠCŠO‚ÉˆêlÅ‘å40–œ‰~‚Ì”ï—p‚ð‹æ‚ª•‰’Sc“Œ‹žE`‹æ‚Ì‹æ—§’†ŠwZ‚ÅŽÀŽ{”­•\‚àu‘¼‚É—\ŽZŠ„‚­‚×‚«vuŽq‚Ç‚à‚Í‘‚Ì–¢—ˆv‚ÆŽ^”Û—¼˜_,https://news.yahoo.co.jp/articles/4f59588c778c9dcf6378c3c3570df1bd64ddaadc,2023/9/18(ŒŽ) 16:00
ytv,“Ç”„ƒeƒŒƒr,y–§’…zŒ»–ð—Žq‚¶ƒŒ[ƒT[@Œ³F1ƒŒ[ƒT[‚Ì•ƒ‚É“²‚ê‰Æ‘°‚Æ‹¤‚É¢ŠEˆê‚ð–ÚŽw‚·‘·‚É“Í‚¯‚é‘c•ê‚Ì‘z‚¢,https://news.yahoo.co.jp/articles/7a87aaae75cc28831306f0ce538dfc5eaa719ad5,2023/9/17(“ú) 11:04
ytv,“Ç”„ƒeƒŒƒr,y“ÆŽ©‰ðàz‘ŠŽŸ‚®CM‹N—p‚ÌŒ©‘—‚è‚àcƒWƒƒƒj[ƒYŽ––±Š‚ª”íŠQŽÒ‹~Ï‘[’u‚ÆÄ”­–hŽ~ô‚ð”­•\@‹à‘K•âž‚Ì‘ÎÛŽÒ‚ÍHƒWƒ…ƒŠ[Œ³ŽÐ’·‚ª‘SŠ”‚ðŽ‚¿‘±‚¯‚éƒƒŠƒbƒg‚ÍHê–å‰Æ‚ª‰ðà,https://news.yahoo.co.jp/articles/94f78eed936a9ad9a121473254b20ced94834421,2023/9/15(‹à) 17:15
ytv,“Ç”„ƒeƒŒƒr,y“ÆŽ©‰ðàzu³’¼ŽÒ‚ªƒoƒJ‚ðŒ©‚éŽž‘ã‚Å‚·‚ËvŽûW‚µ‚½ŒÂlî•ñ‚àˆ«—p‚©@NTTƒtƒ@ƒCƒiƒ“ƒX–¼æ‚é‰Ë‹ó—¿‹à¿‹¼‹\‚ª‹}‘’†@ˆê‘Ì‚È‚ºHê–å‰Æ‚ª‰ðà,https://news.yahoo.co.jp/articles/36a3a8d9b9afecb4cac4621521705fb344b1ae1c,2023/9/14(–Ø) 15:47
ytv,“Ç”„ƒeƒŒƒr,y‘¬•ñz‘åãŽs‚ÌƒvƒŒƒ~ƒAƒ€•t‚«¤•iŒ”@—ˆŒŽ3“ú‚©‚ç\‚µž‚ÝŽó•tŠJŽn@—˜—pŠJŽn“ú‚Í12ŒŽ11“ú—\’è,https://news.yahoo.co.jp/articles/a14126e5a9717ac9ec4658a12a0b4f530feca1ab,2023/9/14(–Ø) 14:00
ytv,“Ç”„ƒeƒŒƒr,y“ÆŽ©‰ðàz‹à³‰¶‘‘‹LAŒö“I‚Èê‚Å‘ŠŽŸ‚®uƒX[ƒc‚ÉƒTƒ“ƒ_ƒ‹v@–ºEƒWƒ…ƒGŽ‚ÍƒpƒŒ[ƒh‚Å‘O–Ê‚É@ƒTƒ“ƒ_ƒ‹‚Æ–º‚Éö‚Þ•ƒ‚Ì•sˆÀ,https://news.yahoo.co.jp/articles/dc78b3585d3eb12dd05de8d5a560bfe58107c5db,2023/9/13(…) 16:00
ytv,“Ç”„ƒeƒŒƒr,gˆÅ‚Ìl•¨‚ªˆ³—Í‚ð‚©‚¯‚Ä‚«‚½hÂ—t”í‚ªŽ–Œ‚É‚¢‚½‚é‚¢‚«‚³‚ÂŒê‚é@‹žƒAƒjŽåÃ‚ÌÜ‚É—Ž‘I‚µu— Ø‚ç‚ê‚½‹C•ª‚É‚È‚Á‚½v,https://news.yahoo.co.jp/articles/502b99f90ec489ffc550311dcbd27e2d813f9872,2023/9/13(…) 12:57
ytv,“Ç”„ƒeƒŒƒr,y“ÁWz‚Q‚Â‚Ì_Œo“ï•a‚ð•ø‚¦‚È‚ª‚çg’N‚à‚ªŠy‚µ‚ß‚é—·h‚ÌŽÀŒ»‚Ö•±“¬I•a‹C‚âáŠQ‚ ‚él‚½‚¿‚ÉgƒI[ƒ_[ƒƒCƒh—·sh‚ðŽèŠ|‚¯‚é‰ïŽÐ‚ÌƒcƒA[‚É–§’… uws‚«‚½‚¢‚ÆŽv‚Á‚½‚Æ‚«x‚ªŸ•‰v,https://news.yahoo.co.jp/articles/9f07ce6e97b98508f6d39d17eeb5b939c8f5bf55,2023/9/11(ŒŽ) 20:00
ytv,“Ç”„ƒeƒŒƒr,Â—t”íuiì•i‚ð“‚Ü‚ê‚½‚Æjl‚¦‚´‚é‚ð‚¦‚È‚¢v‹žƒAƒj‚É‚æ‚é “—p‚ðÙ”»‚ÅŽå’£@‹žƒAƒj‚Ö‚ÌSî‚Ì•Ï‰»‚ª™X‚É–¾‚ç‚©‚É,https://news.yahoo.co.jp/articles/1cb4cb9ca428ff5d02cbbe52563c7f34baac46ec,2023/9/11(ŒŽ) 17:49
ytv,“Ç”„ƒeƒŒƒr,uì‰Æ‚ÅH‚×‚Ä‚¢‚¯‚È‚¢BŒY–±Š‚É“ü‚Á‚½•û‚ª‚¢‚¢vÂ—t”í@‹ž ƒAƒj‚Ö‚Ìg“²‚êh‚ªg¦‚Ýh‚Ö@‹žƒAƒj—«ŠÄ“Â‚Æ‚ÌŠÖŒWˆ«‰»‚µA “{‚èA“Š‚°‚â‚èŠ´‚ð‹­‚ß‚é,https://news.yahoo.co.jp/articles/1d8e92457bd52a228c5b641213af00ac8392b017,2023/9/11(ŒŽ) 16:58
ytv,“Ç”„ƒeƒŒƒr,y“ÆŽ©‰ðàzuƒƒVƒA‚ÍgØ‹’h‚ÍŽc‚³‚È‚¢vƒvƒŠƒSƒWƒ“Ž‚çæ‚¹‚½”òs‹@’Ä—ŽŽ–ŒÌ@ƒƒVƒA­•{‚ªgˆÃŽE”Û’èh‚·‚é‚àAu‚»‚¤Œ©‚¦‚Ä‚à‚ç‚í‚È‚¢‚Æ¢‚évƒƒP‚Æ‚Íc?,https://news.yahoo.co.jp/articles/288bb1281f621b6e8a2543754a94daf370404a50,2023/9/8(‹à) 19:00
ytv,“Ç”„ƒeƒŒƒr,y“ÆŽ©‰ðàz2011”Nˆø‚«“n‚µ—\’è‚ÌZ‘î‚ª–¢‚¾Š®¬‚¹‚¸c’†‘•s“®ŽYƒoƒuƒ‹•ö‰ó‚ÅuƒŠ[ƒ}ƒ“ƒVƒ‡ƒbƒN•À‚Ý‚Ì‘å’Ã”gv‹ÆŠE‘åŽè1ˆÊE2ˆÊ‚ª‹Šz•‰Â‚ÅŒo‰cŠë‹@,https://news.yahoo.co.jp/articles/a407c35f05d563e97a952dac009a6051c977f079,2023/9/8(‹à) 17:15
ytv,“Ç”„ƒeƒŒƒr,y“ÆŽ©‰ðàzu•‰ŒRl‚ðg¤”„“¹‹ïh‚É‚µ‚Ä‚¢‚évƒwƒ“ƒŠ[‰¤Žq‚ÌVìƒhƒLƒ…ƒƒ“ƒ^ƒŠ[ŒöŠJ‚àAì’†‚Ìg‰¤Žº”á”»h”­Œ¾‚Å”g–äu‰¤Žº”á”»ˆÈŠO‚ÅŸ•‰‚Å‚«‚é—Í—Ê‚ª‚È‚¢v,https://news.yahoo.co.jp/articles/2c3022b932fe9fe5222056842377cea7a05f54f6,2023/9/7(–Ø) 18:30
ytv,“Ç”„ƒeƒŒƒr,y‘¬•ñzƒ^ƒ[ƒ}ƒ“ƒVƒ‡ƒ“‹­“‚ÅV‚½‚É’j4l‚ð‘ß•ß@ˆÃ†Ž‘ŽY¤’k’†‚É7000–œ‰~’D‚¢“¦‘–@‘åã•{Œx,https://news.yahoo.co.jp/articles/d868a861f25bd0011964f7d7b3bb5751e251fb3d,2023/9/6(…) 17:00
ytv,“Ç”„ƒeƒŒƒr,y‘¬•ñz‰ß‹Ž‚É‹s‘Ò‹^‚¢‚Å‚±‚Ç‚à‰Æ’ë‘Š’kƒZƒ“ƒ^[‚É•¡”‰ñ‘Š’k@4Î—Ž™Ž€–S‚Å•êe‚ÌŒðÛ‘ŠŽè‘ß•ß,https://news.yahoo.co.jp/articles/af99817ca2559382bb0acb65f0fb574d9f24cb88,2023/9/6(…) 15:30
ytv,“Ç”„ƒeƒŒƒr,y‘¬•ñzŠÝ“cŽñ‘ŠPŒ‚Ž–Œ@–Ø‘º—²“ñ—e‹^ŽÒi24j‚ðŽEl–¢‹‚È‚Ç‚Ìß‚Å‹N‘i@˜a‰ÌŽR’nŒŸ,https://news.yahoo.co.jp/articles/e42985365b3a96ffc8b5513e8f2dfaa05f9c3ad3,2023/9/6(…) 10:56
ytv,“Ç”„ƒeƒŒƒr,y“ÆŽ©ŽæÞzu‚â‚Á‚Ï‚èŽÓß‚ÌŒ¾—t‚ðq‚×‚Ä‚Ù‚µ‚¢v‹žƒAƒj•ú‰ÎŽ–ŒEÂ—t”í‚Æ‘Î˜b‚µ‚Ä‚«‚½Œ³ŽåŽ¡ˆã‚ª‰Œö”»’¼‘O‚ÉŒê‚Á‚½gØ‚È‚éŠè‚¢h\uÙ”»‚É‚µ‚Á‚©‚èŒü‚«‡‚Á‚Ä‚Ù‚µ‚¢v,https://news.yahoo.co.jp/articles/2b65bcdf1ab1284043dae4d5adb984a686367b70,2023/9/5(‰Î) 17:30
ytv,“Ç”„ƒeƒŒƒr,—¼e‚Ì—£¥A•ƒe‚É‚æ‚é‹s‘ÒA•s“oZc‹žƒAƒjì•i‚ÉŠ´–ÁŽó‚¯¬à‰ÆŽu‚·‚àl¶‚ð”ßŠÏ@Ù”»‚Å–¾‚ç‚©‚É‚È‚Á‚½Â—t”í‚Ì¶‚¢—§‚¿,https://news.yahoo.co.jp/articles/b90a413ba872ac7bc7a76b9e77a592a6749552af,2023/9/5(‰Î) 15:47
ytv,“Ç”„ƒeƒŒƒr,y‘¬•ñz‘åãIR‚ÌŠJ‹ÆŽžŠúA2030”NH‚²‚ë‚É‰„Šú‚Ö@•{Žs‚ªŽÀŽ{‹¦’èˆÄ‚ðŒö•\@‰Šú“ŠŽ‘Šz‚à‘Šz,https://news.yahoo.co.jp/articles/5f8019bfe99488b35d06c82578782be9bb137a09,2023/9/5(‰Î) 13:30
ytv,“Ç”„ƒeƒŒƒr,y‘¬•ñzÂ—t^Ži”íu‚±‚ñ‚È‚É‚½‚­‚³‚ñ‚Ìl‚ª–S‚­‚È‚é‚ÆŽv‚í‚È‚©‚Á‚½v‹žƒAƒj•ú‰ÎŽ–Œ‰Œö”»‚Å‹N‘i“à—e”F‚ß‚é@”í‚ÍŽÔ‚¢‚·‚Å“ü’ìAÂF‚Ì’·‘³Aƒ}ƒXƒNŽp,https://news.yahoo.co.jp/articles/e72ec1975906678707c00efbbb05da85427bcabd,2023/9/5(‰Î) 10:30
ytv,“Ç”„ƒeƒŒƒr,y–§’…zŽá‚­‚µ‚ÄŠ•˜El‚Ì“¹‚Ö@‘åã‚©‚çˆÚZ‚µVŠƒ‚ÌŒÀŠEW—Ž‚Å¶‚«‚é‘§Žq‚Ö“Í‚¯‚é•ê‚Ì‘z‚¢,https://news.yahoo.co.jp/articles/4595ab0109f42f05f2dd99f7ffb661dfade2c9d9,2023/9/3(“ú) 11:02
ytv,“Ç”„ƒeƒŒƒr,y“Æè’¼Œ‚zŠØ‘xŠO‚Ìƒ}ƒ“ƒVƒ‡ƒ“‚ÅÅV‚Ì‰Æ“d‚ÉˆÍ‚Ü‚ê‚Äcg’E–kì‰Æh‚ÌŽ©‘î‚ÅA’E–kŽÒ‚ÌƒŠƒAƒ‹¶Šˆ‚ð“ÆŽ©ŽæÞIu¡Œã‚Í’E–kŽÒ‚à‚»‚ñ‚È‚É‘‚¦‚È‚¢v——R‚Æ‚Í,https://news.yahoo.co.jp/articles/2e2a317c1989931b12cd4b6b398a1341ba40100f,2023/9/2(“y) 16:00
ytv,“Ç”„ƒeƒŒƒr,y‘¬•ñzŠÝ“cŽñ‘Š‚Ì‰‰à‰ïê‚Å”š”­•¨“Š‚°ž‚ÝgPŒ‚h@–Ø‘º—e‹^ŽÒ‚ÌŠÓ’è—¯’u‚ªI—¹@˜a‰ÌŽR¼ŒxŽ@‚ÉˆÚ‘—,https://news.yahoo.co.jp/articles/0289c37fd8b32fa5f52d881b68c06d075de1574c,2023/9/1(‹à) 15:54
ytv,“Ç”„ƒeƒŒƒr,y“ÁWzŽ©Ž¡‘Ì‚à˜AŒgIo‰ï‚¢‚Ì‚«‚Á‚©‚¯‚PˆÊuƒ}ƒbƒ`ƒ“ƒOƒAƒvƒŠv o‰ï‚¢‹‚ß‚é’j«(27)‚É–§’…Iƒ}ƒbƒ`‚µ‚È‚¢Œ´ˆö‚ÍgƒCƒ}ƒCƒ`‚ÈƒvƒƒtŽÊ^h!?ƒvƒ‚ÌŽè‚Å•Ïg‚µ‚½Œ‹‰Ê‚ÍcI,https://news.yahoo.co.jp/articles/610dd79588535e807379260700ecbc10a0e5fc39,2023/8/31(–Ø) 16:00
ytv,“Ç”„ƒeƒŒƒr,y‘¬•ñzŽEl–¢‹—e‹^‚È‚Ç‚Å’Ç‘—ŒŸ@ŠÝ“cŽñ‘ŠPŒ‚Ž–Œ‚Ì–Ø‘º—²“ñ—e‹^ŽÒ@gŽEŠQ–Ú“I‚Å”š”­•¨‚ðŽg—p‚©h,https://news.yahoo.co.jp/articles/68a17253133e20be643fd7a8a3046ebc577584ca,2023/8/31(–Ø) 13:23
ytv,“Ç”„ƒeƒŒƒr,y“ÁWz¶‚ÌƒG[ƒX@•ƒ‚Æ“ñlŽO‹r‚Å•à‚ÞuA.R.Ev‚Ö‚Ì“¹I ã_@ˆÉ“¡«Žii“Ç”„ƒeƒŒƒru‚ ‚·ƒŠ[ƒgvjj,https://news.yahoo.co.jp/articles/dd2b0ffa88cd2741513e80f0af41e1de0ccdb895,2023/8/30(…) 19:02
ytv,“Ç”„ƒeƒŒƒr,y“ÁWzŠJ–‹IƒoƒXƒPƒbƒgƒ{[ƒ‹Eƒ‰ƒOƒr[@2‚Â‚Ìƒ[ƒ‹ƒhƒJƒbƒvi“Ç”„ƒeƒŒƒru‚ ‚·ƒŠ[ƒgPlusvj,https://news.yahoo.co.jp/articles/74ac92658b854c3296939cc4f5dab26f4993169d,2023/8/30(…) 19:00
ytv,“Ç”„ƒeƒŒƒr,y“ÆŽ©ŽæÞz83Î—«‚ª“ÁŽê¼‹\Œ‚‘ÞI‹}‘‚·‚ég•S‰Ý“Xéx‚èh@uƒNƒŒƒJ‚ª”ÆßŽÒ‚É‹U‘¢‚³‚ê‚½vEuw‘S‘‹âs‹¦‰ïx‚©‚ç˜A—‚ðvŒxŽ@‚àŒxàu”ñí‚ÉI–­‰»v,https://news.yahoo.co.jp/articles/faf45ea9ff4acb4e2195146fce91647e1f6d1abb,2023/8/30(…) 19:00
ytv,“Ç”„ƒeƒŒƒr,y“ÆŽ©‰ðàzuƒAƒƒŠƒJ‚Æ“ú–{A‘åŠØ–¯‘‚Ì‚²‚ë‚Â‚«‚Ìƒ{ƒX‚ç‚ªW‚Ü‚Á‚½vgŠjí—Í‚Ì”z”õh‚Ì–{Ši‰»•ûjŽ¦‚µ‚½‹à³‰¶‘‘‹LAŒãŒpŽÒ‚Í–º‚ÌƒWƒ…ƒGŽ‚É“à’è!?,https://news.yahoo.co.jp/articles/9478aa12557ef441c922b54eb9831c4eee46dd0d,2023/8/30(…) 16:00
ytv,“Ç”„ƒeƒŒƒr,u‰ñ”–³§ŒÀ‚ÌƒAƒtƒ^[ƒT[ƒrƒXv‚¤‚½‚¤‚àŒ_–ñŒã‚É“à—e•ÏX‚©@ƒGƒXƒe“X‰^‰c‰ïŽÐ‚ð’ñ‘i@‘åã,https://news.yahoo.co.jp/articles/e18a67071022d37e41b27a07130027e39fad97c3,2023/8/29(‰Î) 10:30
ytv,“Ç”„ƒeƒŒƒr,y‘¬•ñzŒxŽ@Š¯P‚Á‚½‚Æ‚³‚ê‚é’j‚ð‚©‚­‚Ü‚Á‚½‹^‚¢@ƒxƒgƒiƒ€l‚Ì—‚ðV‚½‚É‘ß•ß,https://news.yahoo.co.jp/articles/ed855006592907ce88f72d764d604338e152236b,2023/8/29(‰Î) 10:00
ytv,“Ç”„ƒeƒŒƒr,y‘¬•ñzŒöŠJŽè”z‚Ìƒxƒgƒiƒ€l‚ð‘ß•ß@E–±Ž¿–â’†‚ÌŒxŽ@Š¯‚Ì“ª‚ðgƒhƒ‰ƒCƒo[h‚Å“Ë‚«Žh‚µ‚½‹^‚¢ug‚ÉŠo‚¦‚Í‚ ‚é‚ª­‚µ“à—e‚ªˆá‚¤v—e‹^‚ðˆê•””Û”F,https://news.yahoo.co.jp/articles/ee55d49504a5fce276b9ac8fd0d9fc0ed73b3377,2023/8/28(ŒŽ) 18:30
ytv,“Ç”„ƒeƒŒƒr,y‘¬•ñz¬’†ŠwZ6Z‚Å1500l•ª‚ÌŽw“±—v˜^•´Ž¸@Ž™“¶E¶“k‚Ì–¼‘OE¶”NŒŽ“ú‚È‚Ç‹LÚ@•ºŒÉE¼‹{Žs,https://news.yahoo.co.jp/articles/e13a3cef22da13408e4f2330c6faea6ab549afa2,2023/8/28(ŒŽ) 14:00
ytv,“Ç”„ƒeƒŒƒr,‘ŠŽŸ‚®u•ž‘•v‚Ö‚ÌƒoƒbƒVƒ“ƒOcŠØ‘l‹C‚c‚i‚Ì‰¹Šyƒ‰ƒCƒug‚í‚¢‚¹‚ÂhŽ–Œ@“ñŽŸ”íŠQ‚ð–h‚®‚É‚Í,https://news.yahoo.co.jp/articles/a10012477fc836d34a27f016b5cb4b0596663e64,2023/8/27(“ú) 6:00
ytv,“Ç”„ƒeƒŒƒr,‚R‚SÎ‚Ì—‚ª‹Î–±æ‚ÌƒgƒCƒŒ‚ÅoŽY@Ô‚¿‚á‚ñ‚ÍŽ€–S@ŽEl‚Å‘ß•ß‚à”DP‚Ì”FŽ¯‚È‚­ŽEˆÓ‚ð”Û”F,https://news.yahoo.co.jp/articles/498b735146e2c4fb7de64739246033720318d893,2023/8/26(“y) 6:00
ytv,“Ç”„ƒeƒŒƒr,y“ÆŽ©ŽæÞzŠØ‘u•s³“üŠwv‹^˜f‚ÅŽ«”C‚ÌíÂ‘Œ³–@‘Š ˆ¤–ºƒ`ƒ‡Eƒ~ƒ“Ž‚ð’¼Œ‚I Ù”»E•ž–ð’†‚Ì—¼e‚Ö‚Íu‚¶‚Á‚Æ–Ù‚Á‚Ä‘Ï‚¦‚é‚¾‚¯v Ý‘î‹N‘i‚ÍuÓ”C•‰‚¤v –ì“}‚©‚ç‘‘I‹“‚Éo”n‚©H,https://news.yahoo.co.jp/articles/194b540dbe345c5f0e06d40aaee86bf70ee9432a,2023/8/25(‹à) 20:00
ytv,“Ç”„ƒeƒŒƒr,y“ÆŽ©“üŽèzu‚í‚´‚Æ‰ó‚µ‚½‚Á‚Ä‚¢‚¤‚ñ‚Å‚·‚©HvƒrƒbƒOƒ‚[ƒ^[‚ÅV‚½‚ÉgC—ƒgƒ‰ƒuƒ‹hAuw•Ô‚µ‚Ä‚Ù‚µ‚©‚Á‚½‚ç‹à•¥‚¦x‚Ý‚½‚¢‚ÈŠ´‚¶vŽÀÛ‚Ì‚â‚è‚Æ‚è‚Ì‰¹º“üŽè,https://news.yahoo.co.jp/articles/1edce852bd5b0cfa27dbf8672bb6d838234bd0db,2023/8/23(…) 19:39
ytv,“Ç”„ƒeƒŒƒr,y‘¬•ñz‹ž“sE–åìŽs’·‚ª—ˆ”N‚ÌŽs’·‘I‚Ö‚Ì•so”n‚ð³Ž®•\–¾uà­ÄŒš‚Ì“¹‹Ø‚ð‚Â‚¯‚é‚±‚Æ‚ª‚Å‚«‚½v,https://news.yahoo.co.jp/articles/0231c573f2ab9677f08b0909702e4a7be3ce2487,2023/8/23(…) 18:02
ytv,“Ç”„ƒeƒŒƒr,y“ÆŽ©‰ðàzuŽ©•ª‚Ìl¶‚ð¶‚«‚È‚¯‚ê‚Î‚È‚ç‚È‚¢‚±‚Æ‚É‹C‚Ã‚¢‚½vƒ[ƒKƒ“”ÜAgƒrƒbƒOh‚ÈV‚µ‚¢—Fl‚Æ’a¶“ú‚ðj•Ÿ‚àA•½‰¸‚ð–]‚Þƒwƒ“ƒŠ[‰¤Žq‚Æ‚ÍAuŒ©‚Ä‚¢‚éæv‚ÉƒYƒŒ‚ª,https://news.yahoo.co.jp/articles/fea6268a0b5134308dd76abc0e085c8a378d5c63,2023/8/23(…) 17:30
ytv,“Ç”„ƒeƒŒƒr,y“ÆŽ©‰ðàzuŽE‚·v‚Æ‹º‚³‚ê“¦‚°‚ç‚ê‚¸cˆÅƒoƒCƒg g‚©‚¯Žqh‚ÌƒtƒBƒŠƒsƒ“‚Å‚Ì¶Šˆ‚Æ‹°•|Žx”z‚ÌŽÀ‘Ô@ê–å‰Æ‚ª‰ðà,https://news.yahoo.co.jp/articles/fa4d6953d0f33cedf8c6f1d0db0265008448a4cf,2023/8/22(‰Î) 19:00
ytv,“Ç”„ƒeƒŒƒr,y‘¬•ñzu«”Æß‚Íâ‘Î‹–‚³‚ê‚¸vƒCƒxƒ“ƒgŽåÃ‰ïŽÐ‚ª‰ïŒ©‚ÅŒxà@uDJ SODAv‚³‚ñ‚í‚¢‚¹‚Â”íŠQ,https://news.yahoo.co.jp/articles/a8f605c1d7d788fe8bd3a068963ba2e704a13039,2023/8/21(ŒŽ) 12:28
ytv,“Ç”„ƒeƒŒƒr,y–§’…zƒvƒƒXƒN[ƒ^[‚ÌƒŒƒWƒFƒ“ƒh@50Î‚Ì¡‚àŽ©•ª‚ÌŽg–½‚ð‘S‚¤‚·‚é‚½‚ßí‚¢‘±‚¯‚é•v‚Ö“Í‚¯‚é‰Æ‘°‚Ì‘z‚¢,https://news.yahoo.co.jp/articles/082a65fb18ee20430a23490e0b9c492a8f4c7829,2023/8/20(“ú) 11:05
ytv,“Ç”„ƒeƒŒƒr,y“ÆŽ©‰ðàz–k’©‘N ‘‹«••½‚©‚ç3”N”¼c ‚¢‚æ‚¢‚ægŠJ•úh‚Ì‚Æ‚«‚© — ‚É‹à‘‘‹L‚ªŒf‚°‚éˆê‘åƒvƒƒWƒFƒNƒg,https://news.yahoo.co.jp/articles/60b131cac12cea461548d4b26fc54284bc343c70,2023/8/18(‹à) 20:00
ytv,“Ç”„ƒeƒŒƒr,y“ÁWz¢ŠE‚Ì’¸“_‚ð–ÚŽw‚µ‚½‚È‚Å‚µ‚±ƒWƒƒƒpƒ“‚Ì‘fŠç‚É”—‚éi“Ç”„ƒeƒŒƒru‚ ‚·ƒŠ[ƒgPlusvj,https://news.yahoo.co.jp/articles/9afba1f9d304955695aa71680a6d52cbf0be1487,2023/8/18(‹à) 19:02
ytv,“Ç”„ƒeƒŒƒr,y“ÁWz20Î‚ÌŽáŒÕ ‘Oì‰E‹ž‘IŽè@`–ì‹…l¶‚ð•Ï‚¦‚½ˆêŒ¾` i“Ç”„ƒeƒŒƒru‚ ‚·ƒŠ[ƒgvj,https://news.yahoo.co.jp/articles/41228d679dbed4ffabd9d5fd71b74726dbb3c3e2,2023/8/18(‹à) 19:01
ytv,“Ç”„ƒeƒŒƒr,y‘¬•ñz‘åã•{Œx‚Ì„¸•”’·‚ð‘ß•ßu–ò•¨Ž–Œ‚Ì‘{¸‘ÎÛ‚ÉvDˆÓ‚ðŠñ‚¹‚é—«‚É‘{¸î•ñ‚ð˜R‚ç‚µ‚½‹^‚¢,https://news.yahoo.co.jp/articles/7f973713ed1a06b389e13cb713c95bb18e793551,2023/8/17(–Ø) 16:00
ytv,“Ç”„ƒeƒŒƒr,y“ÆŽ©ŽæÞzƒ}ƒEƒC“‡‚ªŽR‰ÎŽ–‚Å‰ó–Å“I”íŠQ@uƒtƒ‰ƒbƒVƒ…Š±‚Î‚Âv”­¶‚©H106lŽ€–SE1300l‚Æ˜A—Žæ‚ê‚¸c”íÐŽÒ‚ª’¼–Ê‚·‚éu…Ž¿ˆ«‰»v@Œ»’n‚Ì¡‚ÍH•K—v‚ÈŽx‰‡‚ÍH,https://news.yahoo.co.jp/articles/586294133c439d30448f897c9b8b0f2bf11591c0,2023/8/16(…) 19:30
ytv,“Ç”„ƒeƒŒƒr,yƒmƒ]ƒLƒ~zu¼¬ˆê”ÔD‚«IvŠO‘lŠÏŒõ‹q‚ªW‚Ü‚éƒfƒB[ƒv‚Èƒzƒeƒ‹‚Íˆê”‘1700‰~I“úŒÙ‚¢˜J“­ŽÒ‚ÌŠÈˆÕh”‘Š‚ª¡‚Å‚Íl‹Cƒzƒeƒ‹‚ÉcŠO‘lŠÏŒõ‹q‚Ì’m‚ç‚ê‚´‚ég¼¬ƒzƒeƒ‹ƒ‰ƒCƒth‚É–§’…,https://news.yahoo.co.jp/articles/d166575589e47c53981d7b2d7acc456ddec7f93a,2023/8/16(…) 16:30
ytv,“Ç”„ƒeƒŒƒr,y‘¬•ñz‚¨–~ƒV[ƒYƒ“‚ð’¼Œ‚‚µ‚½g‘å“®–¬h‚Ì¡’f@“ŒŠC“¹VŠ²üEŽR—zVŠ²ü@‘Sü‚Å‰^“]ÄŠJ,https://news.yahoo.co.jp/articles/a22c368f02976e58eeb5877e40ecb4bd76a1160e,2023/8/16(…) 11:54
ytv,“Ç”„ƒeƒŒƒr,y‘¬•ñzƒX[ƒp[ƒ}[ƒPƒbƒgEƒ‰ƒCƒtAã‹}ƒIƒAƒVƒXAŠÖ¼ƒX[ƒp[AƒCƒYƒ~ƒ„‚È‚Ç15“úA‹ß‹EŒ—‚Ì‘S“X•Ü‚Å—ÕŽž‹x‹Æ,https://news.yahoo.co.jp/articles/cd77aa791a2f418b38d7f7aef4eac8253924bcb1,2023/8/14(ŒŽ) 18:43
ytv,“Ç”„ƒeƒŒƒr,y‘¬•ñz15“ú(‰Î)‚ÌJR¼“ú–{EÝ—ˆü@ÅV‰^sî•ñi14“úŒßŒã5Žž50•ªŽž“_j,https://news.yahoo.co.jp/articles/67f4d0a170315cb329db18d9f47718f28664c485,2023/8/14(ŒŽ) 17:56
ytv,“Ç”„ƒeƒŒƒr,y“ÆŽ©‰ðàz‚·‚·‚«‚Ì“ª•”Ø’fŽElA•ƒe‚ÍugƒwƒŠƒRƒvƒ^[ƒyƒAƒŒƒ“ƒgh‚Ì“TŒ^vŽEl—e‹^‚ÅeŽq3lÄ‘ß•ß‚à–Ù”é‘±‚¯‚é‚Ì‚ÍAu•êeŽç‚é‚½‚ßv‚©c”ÆßS—ŠwŽÒ‚ª•ªÍ,https://news.yahoo.co.jp/articles/b4806e2eb196871ac84e3941a0e0bf2ecf1a79b9,2023/8/14(ŒŽ) 17:47
ytv,“Ç”„ƒeƒŒƒr,y‘¬•ñzŠC—VŠÙ@‚ ‚·15“ú‚Ì‰c‹Æ‚ðŽæ‚è‚â‚ß@‘ä•—7†‚ÌÚ‹ß‚Å,https://news.yahoo.co.jp/articles/3e96af78341a16f1dc1fee3074e59d3f5b951681,2023/8/14(ŒŽ) 13:51
ytv,“Ç”„ƒeƒŒƒr,y‘¬•ñzUSJ‚ ‚·15“úA—ÕŽž‹x‰€‚É@‘ä•—7†‚ÌÚ‹ß‚Å@16“ú‚à‰c‹Æ“à—e•ÏX‚Ì‰Â”\«,https://news.yahoo.co.jp/articles/5762ca151383bf26f9083d3f91a6fbc884a2e236,2023/8/14(ŒŽ) 12:09
ytv,“Ç”„ƒeƒŒƒr,y‘¬•ñzŽR—zVŠ²ü@15“ú‚ÍI“ú‰^“]Žæ‚è‚â‚ß@V‘åã‰w`‰ªŽR‰wŠÔ,https://news.yahoo.co.jp/articles/88c3870df2bc6a6e0eb459a22171d10f7e7d8b62,2023/8/14(ŒŽ) 10:45
ytv,“Ç”„ƒeƒŒƒr,y–§’…zƒVƒ“ƒKƒ|[ƒ‹@¢ŠE’†‚Ì’¹‚ª”ò‚ÑŒð‚¤ƒo[ƒhƒpƒ‰ƒ_ƒCƒX‚Å“®•¨ŠÅŒìŽt‚Æ‚µ‚Ä•±“¬‚·‚é–º‚Ö“Í‚¯‚éŒÌ‹½EÃ‰ª‚©‚ç‚Ì‘z‚¢,https://news.yahoo.co.jp/articles/07e8598aa99cc1e62b63655c4e692a935784eef4,2023/8/13(“ú) 11:02
ytv,“Ç”„ƒeƒŒƒr,yƒMƒtƒeƒbƒhz9Î‚ÅƒZƒ“ƒ^[ŽŽŒ±–â‘è³‰ðI11Î‚Å‚Z¶‚ÉIˆê•û‚Åu‹êŠ‚ª‚È‚¢vAu1“ú’†‰‰‹Z‚µ‚Ä¶Šˆvc¶‚Ü‚ê‚Â‚«—D‚ê‚½Ë”\Ž‚ÂgƒMƒtƒeƒbƒhh‚ðŽæ‚èŠª‚­Œ»ó‚Æ‰Û‘è,https://news.yahoo.co.jp/articles/1d1b5a7aac08c346a091e9a759ba880a53175f4a,2023/8/12(“y) 23:30
ytv,“Ç”„ƒeƒŒƒr,y“ÁWzuŽ€‚Ê3“ú‘O‚Ü‚Å“­‚«‚½‚¢v ŠÒ—ïŠÔ‹ß‚Å‘åŠw‰@Aˆê‹‰Œš’zŽmA˜VŒã‚Ì”õ‚¦A”Þ—‚Ì‚½‚ßA•êe‚ÌŽ€ch‘ål‚ÌŽ©KŽºg‚Å•×‹­‚É—ã‚Þl‚½‚¿‚É–§’…,https://news.yahoo.co.jp/articles/e211326018803db5cb6ab1658051cc1822b0467e,2023/8/11(‹à) 20:00
ytv,“Ç”„ƒeƒŒƒr,y“ÁWz_“¹@ŒZ–…Eˆ¢•”ˆê“ñŽO•Ž@Å‹­‚ÌãJ‚ÅƒIƒŠƒ“ƒsƒbƒN˜A”eA‚»‚Ìæ‚Öi“Ç”„ƒeƒŒƒru‚ ‚·ƒŠ[ƒgPlusvj,https://news.yahoo.co.jp/articles/ec761b91b3ca78531e532180356e3c05a147ec3a,2023/8/10(–Ø) 20:25
ytv,“Ç”„ƒeƒŒƒr,y“ÆŽ©‰ðàzu‚º‚Ð‚±‚Ì‘‚ÉZ‚ñ‚Å‚Ý‚½‚¢v‚S”N‚Ô‚è—ˆ“ú‚Ìƒwƒ“ƒŠ[‰¤Žq‚ð‹Ù‹}ŽæÞ!ˆê•ûAu‰¤Žq‚Í‰ïŽÐ‚É‚Æ‚Á‚Ä‚¤‚Ü‚Ý‚ª‚È‚¢vŒo‰cŠ²•”‚ð–±‚ß‚éŠé‹Æ‚Ì]‹Æˆõ‚ª–¼Žw‚µ‚Å”á”»,https://news.yahoo.co.jp/articles/e5bdad31185cc08ccf1f5447f4fcadd8ad667162,2023/8/10(–Ø) 19:00
ytv,“Ç”„ƒeƒŒƒr,y“ÁWz ‘åŠwƒgƒbƒvƒA[ƒ`ƒƒ[‚ª–ÚŽw‚·‚»‚Ìæ‚Ì–²•‘‘äIi“Ç”„ƒeƒŒƒru‚ ‚·ƒŠ[ƒgvj,https://news.yahoo.co.jp/articles/8bcde39b666fb8bfe7c20197357124955bc061b9,2023/8/10(–Ø) 16:18
ytv,“Ç”„ƒeƒŒƒr,y‘¬•ñz‘åãEŠÖ¼–œ”Ž‚Ì‘O”„‚èŒ”‚Ì”Ì”„@¡”N11ŒŽ30“ú‚ÉŠJŽn,https://news.yahoo.co.jp/articles/8c5be345b590174d4b3f49701fa3239b5c6f7b23,2023/8/10(–Ø) 15:56
ytv,“Ç”„ƒeƒŒƒr,y‘¬•ñzŠC…—ê‹ß‚­‚Ì–h•——Ñ‚Å‰ÎŽ–@’Ê•ñ‚©‚ç–ñ7ŽžŠÔ‚ª‚½‚Á‚½¡‚àÁ‰ÎŠˆ“®‘±‚­@‹ž“sE‹ž’OŒãŽs,https://news.yahoo.co.jp/articles/40bf9e4f6fa4e2cef3356595e493ef9a8ca575e8,2023/8/10(–Ø) 15:33
ytv,“Ç”„ƒeƒŒƒr,y‘¬•ñzŽs—§•a‰@‚Å2Œ‚Ìˆã—ÃŽ–ŒÌ@ƒwƒ‹ƒjƒA‚ÆŠÖßŒ`¬‚ÌŽèp‚Å•”ˆÊ‚ðŒë‚é@•ºŒÉŒ§•ó’ËŽs,https://news.yahoo.co.jp/articles/d847188b78145b0a78e0ce2ce06e70f01a81ff59,2023/8/10(–Ø) 14:45
ytv,“Ç”„ƒeƒŒƒr,y‘¬•ñzƒgƒ‰ƒbƒN“¯Žm‚ª’Ç“Ë@‰^”À’†‚ÌŽÔ2‘ä‚ª“¹˜H‚É—Ž‰º@‹ž“sE‘æ“ñ‹žã“¹˜H,https://news.yahoo.co.jp/articles/45694c24fb384a2ab6cd39ae4b3db4c2585a92cd,2023/8/10(–Ø) 13:23
ytv,“Ç”„ƒeƒŒƒr,y“ÁWzƒTƒbƒJ[‚ÉÂt‚©‚¯‚é‚Z¶‚Ìí‚¢`ƒCƒ“ƒ^[ƒnƒC—\‘I@Œƒí‹æE‘åã`i“Ç”„ƒeƒŒƒru‚ ‚·ƒŠ[ƒgPlusvj,https://news.yahoo.co.jp/articles/676d4ff4cd1e0bbea0ad3f17ea62b8e41decf537,2023/8/9(…) 19:56
ytv,“Ç”„ƒeƒŒƒr,y“ÆŽ©‰ðàzg—§Ø‚Í¢“ïh‚Æu•·‚¢‚½v‘åŠw‚ÆAu“`‚¦‚Ä‚È‚¢vŒxŽ@ “ú‘åƒAƒƒtƒg•”–ò•¨–â‘è‚ÅH‚¢ˆá‚¤Žå’£c‹ó”’‚Ì12“úŠÔ‚ÍŒ³ŒŸŽ–‚Ì•›Šw’·‚ÌŠÃ‚¢”»’f‚ªŒ´ˆöH,https://news.yahoo.co.jp/articles/fff83d5ec77eba1118897bd02a55e132d40caf73,2023/8/9(…) 19:01
ytv,“Ç”„ƒeƒŒƒr,y“ÆŽ©‰ðàz–k’©‘N ƒAƒƒŠƒJ»‚»‚Á‚­‚è‚Ì•ºŠí‚ÉAƒTƒ€ƒXƒ“‚ð–Í•í‚µ‚½ÅVƒXƒ}ƒz gƒpƒNƒŠh‚ÌƒƒP‚Í¢ŠE‚Ö‚ÌƒAƒs[ƒ‹‚Æ“G‘Î‘‚Ö‚Ì“²‚ê!?,https://news.yahoo.co.jp/articles/c5946f05b9c8ba68a507747719d7acd99807cf1f,2023/8/8(‰Î) 20:00
ytv,“Ç”„ƒeƒŒƒr,y‘¬•ñz24Î—«ŽEŠQ‚Ì’j‚É’¦–ð18”N‚ÌŽÀŒY”»Œˆ@‹ž“s’nÙu‘Š“–‚ÉŽ·X‚Åˆ«Ž¿‚È”Æsv,https://news.yahoo.co.jp/articles/a1e85ba876d810fc4edc7c14129cb3079254bcd6,2023/8/8(‰Î) 15:07
ytv,“Ç”„ƒeƒŒƒr,u‚¤‚Ý‚ðo‚µØ‚év‚Í‚¸‚Ì“ú‘åA‚X‚©ŒŽ‘O‚©‚çî•ñ’ñ‹Ÿ‚ ‚Á‚½c–ò•¨”­Œ©Œã‚àŒxŽ@‘Š’k‚Ü‚Å‚QTŠÔAŒ³ƒ}ƒgƒŠ‘{¸‚P‰Û’·‚ªŽw“Eu”A’†‚©‚çŠoÁÜo‚é–ñ12“úŠÔAg’u‚¢‚Ä‚¢‚½hv,https://news.yahoo.co.jp/articles/ff9dd5f2544a9989004504132ff75f29639293c5,2023/8/7(ŒŽ) 18:09
ytv,“Ç”„ƒeƒŒƒr,y–§’…zƒVƒ“ƒKƒ|[ƒ‹‚Ìˆê“™’n‚ÅƒWƒFƒ‰[ƒg“X‚ðŒo‰c@V•Ä“XŽå‚Ì–º‚Ö“Í‚¯‚é•ê‚Ì‘z‚¢,https://news.yahoo.co.jp/articles/19950d2bcd9da998574ec657010ff571ece14176,2023/8/6(“ú) 11:04
ytv,“Ç”„ƒeƒŒƒr,y‘¬•ñz“¡ˆä‘‘¾ŽµŠ¥‚ªŸ—˜I‘Ol–¢“¥‚Ì”ªŠ¥‚ÖŠÖ–å‚ð§‚·@‰¤Àí’§íŽÒŒˆ’èí,https://news.yahoo.co.jp/articles/8b8c5bec01d0d1ce66378eb7ba4d811caae44ae6,2023/8/4(‹à) 21:16
ytv,“Ç”„ƒeƒŒƒr,y“ÁWz’´Œƒí‹æ 100mH‚Å•Ç‚ð’´‚¦‚é`”ò–ô‚Ì12•b‘äƒn[ƒhƒ‰[E“c’†—C”üi“Ç”„ƒeƒŒƒru‚ ‚·ƒŠ[ƒgPlusvj,https://news.yahoo.co.jp/articles/ed40f8947beb7850af7f83fc421dd51ff3b519fe,2023/8/4(‹à) 20:38
ytv,“Ç”„ƒeƒŒƒr,y“ÁWz’nŒ³ ‘åã‚Å“ú–{VIƒjƒbƒ|ƒ“’µ–ô—Žq‚ÌƒG[ƒXX–{–ƒ—¢Žqi“Ç”„ƒeƒŒƒru‚ ‚·ƒŠ[ƒgvj,https://news.yahoo.co.jp/articles/5fbb25c6cb28173e6878838134c6cd8e6f1c9699,2023/8/4(‹à) 19:30
ytv,“Ç”„ƒeƒŒƒr,y“ÆŽ©‰ðàzØ’f‚µ‚½“ª•”‚Ì“®‰æ‚ðŽB‰ec‚·‚·‚«‚Ìu“ª•”Ø’fŽ–Œv‚ÉV“WŠJ ¸_‰È‚ÌˆãŽtEC—e‹^ŽÒ‚ªw—Ú“Þ—e‹^ŽÒ‚Í•’Ê‚Å‚Í‚È‚¢x‚Æ•\Œ»Œ³ŒYŽ–‚ç‰ðà,https://news.yahoo.co.jp/articles/eae9bc845ceceb13ad50f97e732e9f2578d0ab1d,2023/8/3(–Ø) 17:10
ytv,“Ç”„ƒeƒŒƒr,y“ÆŽ©‰ðàzƒwƒ“ƒŠ[•ƒ[ƒKƒ“•vÈ‚ªg‚¨ŽŽ‚µh•Ê‹‰¤Žq‚Í4”N‚Ô‚è—ˆ“úŒˆ’è‚àAƒ[ƒKƒ“”Ü‚Íu‰¤Žq‚È‚µ‚ÅƒnƒŠƒEƒbƒh‚ÌŽÀ—ÍŽÒ‚É‚È‚ê‚éƒ`ƒƒƒ“ƒX‚ª‚ ‚é‚ÆM‚¶‚Ä‚¢‚év?,https://news.yahoo.co.jp/articles/005ceee8c7214f9020d5ff4107e01148f8d36cdd,2023/8/2(…) 20:00
ytv,“Ç”„ƒeƒŒƒr,y“ÆŽ©ŽæÞz—ÖƒSƒ€‚ÅŽó˜bŠí‚ð“ª‚ÉŒÅ’ècƒrƒbƒOƒ‚[ƒ^[Œ³ŽÐˆõ‚ªƒpƒƒnƒ‰Œƒ”’ u‚Ô‚ÁŽE‚·‚¼vu–Ø‹ô‚Ì–Vvuƒ|ƒ“ƒRƒcvcg˜c‚ñ‚¾Šé‹Æ•—“yh––’[‚É‚Ü‚ÅZ“§‚©,https://news.yahoo.co.jp/articles/e06fe26e1f90868e27da7c2dd6b9153f56aec70e,2023/8/2(…) 18:21
ytv,“Ç”„ƒeƒŒƒr,y‘¬•ñzgà­“ïh‚Ì‹ž“sŽs@22”N‚Ô‚è‚Éˆê”Ê‰ïŒv‚ÌŽûŽx‚ª•Žš“]Š·@22”N“xŒˆŽZA77‰­‰~‚Ì•Žš‚É,https://news.yahoo.co.jp/articles/314090297f37e3b6f6c646c8a3c60b0cfef9c207,2023/8/2(…) 15:13
ytv,“Ç”„ƒeƒŒƒr,y‘¬•ñz‹ž“sE•Û’Ãì‚Åƒxƒgƒiƒ€‘Ð‚Ìê–åŠw¶‚ª—¬‚³‚êŽ€–S@13l‚Ù‚Ç‚Åì—V‚Ñ’†,https://news.yahoo.co.jp/articles/d0977a4a30bdfb8d7270718658e96d1460e545e7,2023/8/1(‰Î) 19:58
ytv,“Ç”„ƒeƒŒƒr,y“ÆŽ©ŽæÞz—Ú“Þ—e‹^ŽÒuŽŸŒ¾‚Á‚½‚çŽh‚·‚©‚ç‚ÈvƒJƒbƒ^[ƒiƒCƒtŽ‚Á‚Ä”næ‚è‚Ì‰ß‹Žc“¯‹‰¶‚â—e‹^ŽÒˆê‰Æ‚ª’Ê‚Á‚½‹Žð‰®“XŽå‚çØŒ¾cŒ©‚¦‚Ä‚«‚½g–º‚É‚æ‚é‰Æ‘°Žx”zh‚ÌŽÀ‘Ô,https://news.yahoo.co.jp/articles/77b1876ebaf473fdf925fcc25bd94215785e9639,2023/8/1(‰Î) 16:00
ytv,“Ç”„ƒeƒŒƒr,y‘¬•ñz‘åãE‰H‰g–ìŽs‚ÌZ‘î‚Å‰ÎŽ–@­‚È‚­‚Æ‚à1l‚ð•a‰@”À‘—@—«‚ª‰Î‚ð‚Â‚¯‚½‚Æ‚Ìî•ñ‚à,https://news.yahoo.co.jp/articles/f3a5677e8bb61d0bcb64fbd7329eea013a7773c2,2023/7/31(ŒŽ) 16:40
ytv,“Ç”„ƒeƒŒƒr,y‘¬•ñzƒzƒeƒ‹‰®ã‚ÉS”x’âŽ~‚Ì’j—2l@20`30‘ã‚©@”À‘—æ‚Ì•a‰@‚ÅŽ€–S@‘åãŽs’†‰›‹æ,https://news.yahoo.co.jp/articles/c941279091467efb140a4630dcc0dbc90f4784bd,2023/7/31(ŒŽ) 10:51
ytv,“Ç”„ƒeƒŒƒr,y–§’…zƒ{ƒNƒT[‚Æ‚µ‚ÄÄ‹N‚ð‚©‚¯ƒjƒ…[ƒˆ[ƒN‚Ö@35Î‚Ìu“¬‚¤ƒVƒ“ƒOƒ‹ƒ}ƒU[v‚Ö“Í‚¯‚é•ê‚Ì‘z‚¢,https://news.yahoo.co.jp/articles/a1a5d5871deafdd0ad07791f38944b80ac683ee6,2023/7/30(“ú) 11:04
ytv,“Ç”„ƒeƒŒƒr,u“y—p‚Ì‰N‚Ì“úvÁ–Å‚ÌŠë‹@Ž~‚Ü‚ç‚È‚¢ƒEƒiƒM‚Ì‰¿Ši‚“«c“ú–{‚ÌH•¶‰»‚ðŽç‚é‚½‚ßAŠ®‘S—{BE‘å—Ê¶ŽY‚É’§‚ÞŒ¤‹†‚ÌÅ‘Oü‚É–§’…IgƒEƒiƒMƒtƒŠ[h‚ð‰Ÿ‚µo‚·ŠeŽÐ‚ÌŠé‹Æ“w—Í‚à,https://news.yahoo.co.jp/articles/45953d8ad75e925351a42f9ba08cf30151e4e747,2023/7/30(“ú) 0:00
ytv,“Ç”„ƒeƒŒƒr,ƒrƒj[ƒ‹ŽP‚ªŠ“‚ÉA”üpŠÙ‚Ì‚‚ê–‹‚Íü‚è‚É@ŽÌ‚Ä‚ç‚ê‚é‚Í‚¸‚Ìƒ‚ƒm‚ÉV‚½‚È–½‚ð‚«ž‚ÞƒAƒbƒvƒTƒCƒNƒ‹,https://news.yahoo.co.jp/articles/6d64d53ae281dec06f5bb22ca1c6e75067db0f5f,2023/7/29(“y) 14:00
ytv,“Ç”„ƒeƒŒƒr,y“ÆŽ©ŽæÞz•êe‚È‚Ì‚Éu–¢¬”NŽÒ—U‰ûßv‚É‘ì‹…ŠE‚ÌŒ³g‚¨‚µ‚Ç‚è•v•wh•ŸŒ´ˆ¤‚³‚ñE]GŒ†Ž‚ªeŒ „‚Á‚Ä“DÀ‚Ì‰žVc“ñl‚ªZ‚ñ‚Å‚¢‚½A‘ä˜p‚ð‹Ù‹}ŽæÞ!,https://news.yahoo.co.jp/articles/fd7ee072dd5c911a95413a2af2e4581a8fe61acb,2023/7/29(“y) 10:44
ytv,“Ç”„ƒeƒŒƒr,y‘¬•ñz“d—ÍƒJƒ‹ƒeƒ‹–â‘è@ŠÖ“d‚Í“–Žž‚Ì–ðˆõ‚É‘¹ŠQ”…ž¿‹‚µ‚È‚¢‚Æ”»’f@ˆê•”Š”Žå‚ª’ñ‘i—v‹,https://news.yahoo.co.jp/articles/daefdf068c48f4a1a1de4bff12c5e59280194f32,2023/7/28(‹à) 16:00
ytv,“Ç”„ƒeƒŒƒr,y‘¬•ñz‚•lŒ´”­1†‹@‚ª12”N‚Ô‚è‚ÉÄ‰Ò“­@‘“àÅŒÃ@‹K§ˆÏ‚ª•s\•ª‚ÆŽw“E‚Ì‰ÎÐ‘ÎôHŽ–‚ªŠ®—¹,https://news.yahoo.co.jp/articles/f3bff932b203efd14017d7110129ab659466a5d2,2023/7/28(‹à) 15:00
ytv,“Ç”„ƒeƒŒƒr,y‘¬•ñzu‘D“à‚Å‰ÎŽ–v–¾ÎŠC‹¬•t‹ß‚Ì‘D‚©‚ç•‰Œ@æˆõ3l‚ÍŠC‚É”ò‚Ñž‚ñ‚Å”ð“ï@‚¯‚ª‚Ì—L–³‚ÍŠm”F’†,https://news.yahoo.co.jp/articles/4e836bd7bdc726da0468911a7310d9a5d7f42dc7,2023/7/28(‹à) 14:52
ytv,“Ç”„ƒeƒŒƒr,y‘¬•ñz“ŒŠC“¹VŠ²ü@‚¨–~‚ÌŽw’èÈ—\–ñ”‚Í‹Ž”N‚Ì–ñ1E5”{@2018”NƒRƒƒi‰Ð‘O‚Ì95“‚Ü‚Å‰ñ•œ,https://news.yahoo.co.jp/articles/504b465cbf010129ebac09af22f249c09c541386,2023/7/27(–Ø) 14:02
ytv,“Ç”„ƒeƒŒƒr,y“ÆŽ©ŽæÞzuƒrƒbƒOƒ‚[ƒ^[vŒ³‰º¿‚¯’j«‚ªŒƒ”’!uŽÔŒŸ‚ð‚¤‚¿‚Éo‚¹v‚Æ‹­—vA]‹Æˆõ‚ÌŒÂlî•ñ‚ð—v‹A’f‚é‚ÆŽæˆø’âŽ~cí‘Ô‰»‚µ‚Ä‚¢‚½ˆ³—Í‚Ì”X,https://news.yahoo.co.jp/articles/f7e9aa446b1e5900dbd174033a00acafbcb795dc,2023/7/26(…) 16:24
ytv,“Ç”„ƒeƒŒƒr,ŽD–y‚·‚·‚«‚Ìg“ª•”Ø’fh‚Å–ºE•ƒ‚É‘±‚«•ê‚à‘ß•ß@u–º‚ªŽñ‚É‘Î‚µ‚ÄˆÙí‚É‚±‚¾‚í‚èvAu—¼e‚Ì“¯îEˆ¤î‚ª—Dæ‚µß‚ð”Æ‚µ‚½vc‰Æ‘°3l‚Ì‘ß•ß‚Ì— ‚É‚ÍAg–º‚Ì–\‘–h‚ª,https://news.yahoo.co.jp/articles/3b25f773648ba26ddc39808ed8ab2bd1dc16a0b3,2023/7/25(‰Î) 19:32
ytv,“Ç”„ƒeƒŒƒr,u‚±‚ÌŽ–Œ‚ð•—‰»‚³‚¹‚Ä‚Í‚¢‚¯‚È‚¢v4lŽ€–S‚Ì˜a‰ÌŽRƒJƒŒ[Ž–Œ‚©‚ç25”N@’nŒ³Z–¯‚ªŒ£‰Ô,https://news.yahoo.co.jp/articles/b551394cc78a810134d32fa9e173813f88c60b23,2023/7/25(‰Î) 8:01
ytv,“Ç”„ƒeƒŒƒr,˜a‰ÌŽRƒJƒŒ[Ž–Œ25”N@—Ñ^{”üŽ€ŒYŽú‚Í–³ŽÀ‘i‚¦u“ú–{‚Í–@Ž¡‘‰Æ‚Å‚·B‹–‚¹‚Ü‚¹‚ñv’·’j‚Ö‚ÌŽèŽ†‚Å,https://news.yahoo.co.jp/articles/5d4d75f6abba51842b0a5da0f07d906d52d591e3,2023/7/25(‰Î) 0:00
ytv,“Ç”„ƒeƒŒƒr,y“ÆŽ©‰ðàzu‘²‹Æ‚·‚é‚Æ‘¦Ž¸‹Æv’†‘‚ÌŽáŽÒP‚¤AE“ï ”wŒi‚É‘åŠw‘‰Á •Ï‚í‚èg‚Ì‘‚³@Ÿ‹C‚È•¶‰»@ê–å‰Æ‚ª‰ðà,https://news.yahoo.co.jp/articles/7f78507da27d67c00f7e46c46d1e96e483762763,2023/7/24(ŒŽ) 20:00
ytv,“Ç”„ƒeƒŒƒr,‚S‚O‚O‚Ol‚Ì’a¶‚ð“`‚¦‚½u‚ß‚Î‚¦v§ì‚Ì— ‘¤@gƒjƒ…[ƒX‚Ì’†‚ÉS‰·‚Ü‚é‚PƒV[ƒ“‚ðhž‚ß‚ç‚ê‚½Žv‚¢,https://news.yahoo.co.jp/articles/d38a370e0fe4794925b499742f03b6ece538023d,2023/7/23(“ú) 14:00
ytv,“Ç”„ƒeƒŒƒr,y‘¬•ñz•êe‚ç‚«‚å‚¤‚¾‚¢4l‚ðŽEl—e‹^‚ÅÄ‘ß•ß@Ž©‘î‚Å6Î’jŽ™‚ð–\s‚µŽEŠQ‚©@”w’†‚É‘Š“–”‚ÌƒAƒUAŽ©‘î‚©‚ç•ÏŒ`‚µ‚½“SƒpƒCƒv‚Ì‚æ‚¤‚È‚à‚ÌŒ©‚Â‚©‚é,https://news.yahoo.co.jp/articles/7d960bd845a22e5b03d047ca0353d2c08fe15915,2023/7/23(“ú) 13:59
ytv,“Ç”„ƒeƒŒƒr,y–§’…z‰«“ê‚Ì”ü‚µ‚¢ŠC‚ðŽç‚è‚½‚¢‚Æ‘åŽèŠé‹Æ‚ð‘ÞE@…’†ƒSƒ~E‚¢ê–å‚Ìƒ_ƒCƒrƒ“ƒOƒVƒ‡ƒbƒv‚ð—§‚¿ã‚°‚½–º‚Ö“Í‚¯‚é—¼e‚Ì‘z‚¢,https://news.yahoo.co.jp/articles/c3095c2ab13fdef0c14463a6b37b24b8d94a87b4,2023/7/23(“ú) 11:03
ytv,“Ç”„ƒeƒŒƒr,y–§’…zVlbˆãŽtAƒyƒbƒgŽ¡—Ã‚ÌÅ‘Oü‚Å•±“¬I‚³‚Ü‚´‚Ü‚È–â‘è•ø‚¦‚½ƒyƒbƒg‚ªŽŸX‚â‚Á‚Ä—ˆ‚éc‚»‚Ì“úX‚Éˆ«í‹ê“¬‚àAuw”C‚¹‚Ä‘åä•vx‚ÆŽv‚Á‚Ä‚à‚ç‚¦‚ébˆãŽt‚É‚È‚è‚½‚¢v,https://news.yahoo.co.jp/articles/102d9be8fed0cb3c574a82024cac9c02d1ff65a9,2023/7/22(“y) 12:00
ytv,“Ç”„ƒeƒŒƒr,y“ÆŽ©‰ðàzƒwƒ“ƒŠ[‰¤Žq‚ª¡“x‚Í‰¤Žº•œ‹A‚ð‰æô•œ‹A‚ÌðŒ‚Íuƒ[ƒKƒ“”Ü‚Æ‚Ì—£¥v”wŒi‚É‚ ‚éA‰¤Žq‚Ìu‚¨‹àvEuŒZ’ívEu•v•wv3‚Â‚Ì•Ï‰»‚Æ‚Í,https://news.yahoo.co.jp/articles/9f3058aac4be5cd3b2eb2454a575f2e7fa1420d3,2023/7/21(‹à) 16:00
ytv,“Ç”„ƒeƒŒƒr,y‘¬•ñzUSJ‚Ìƒ`ƒPƒbƒguƒLƒƒƒ“ƒZƒ‹E“]”„‚Å‚«‚È‚¢‚Ì‚Íˆá–@ v‚Æ‚Ì‘i‚¦@‘åã’nÙ‚ª‘Þ‚¯‚é,https://news.yahoo.co.jp/articles/1e4ce64e551e5edeb78eb5f4b03cb74d1749b26b,2023/7/21(‹à) 13:30
ytv,“Ç”„ƒeƒŒƒr,y“ÆŽ©‰ðàzgŽó‚¯Žqh–ð‚Íu15Î‚Ì—Žq’†Šw¶v 50l‚É1l‚ªgˆÅƒoƒCƒgh‚ÌŠ©—UŒoŒ±cu“ÁŽê¼‹\vg’á”N—î‰»h‚Ì”wŒi‚É‚ ‚éAuîŽãEî‹­v‚ÆuŽØ‹àv‚Æ‚Í,https://news.yahoo.co.jp/articles/9860a7a530c8dcb96a3073b92c772d15b8f75142,2023/7/20(–Ø) 16:00
ytv,“Ç”„ƒeƒŒƒr,y‘¬•ñzO‰@‘I‚ÌŒöŽ¦‘O‚É“Š•[ŒÄ‚Ñ‚©‚¯‚½ß@“ú–{ˆÛV‚Ì‰ïE‘Oì‹cˆõ‚ÌT‘i‚ðŠü‹p@ˆêR‚Í”±‹à30–œ‰~,https://news.yahoo.co.jp/articles/fb6d819d9233719f08f45500cb4ad2f14ee11117,2023/7/19(…) 14:00
ytv,“Ç”„ƒeƒŒƒr,y“ÁWzuŽ„‚ªƒEƒNƒ‰ƒCƒil‚Å‚¢‚ç‚ê‚éêŠv‰Æ‘°‚ðŽc‚µ”ð“ï‚µ‚Ä‚«‚½—«‚½‚¿A‘åã‚ÉƒŒƒXƒgƒ‰ƒ“‚ðŠJ“X\‰Æ‘°‚ÅH‚×‚Ä‚¢‚½‰Æ’ë—¿—‚Éž‚ß‚éu•½˜a‚Ö‚ÌŠè‚¢v,https://news.yahoo.co.jp/articles/c0f390aaa427949698e52e6e11a7fb5c5da9b3c4,2023/7/18(‰Î) 17:00
ytv,“Ç”„ƒeƒŒƒr,y“ÆŽ©ŽæÞz‚·‚·‚«‚Ì“ª•”Ø’fŽEl Œ³E“¹Œx‘{¸1‰Û’·‰ðàu‘{¸‚Í”¼”NˆÈã‚©‚©‚év¡‚È‚¨“äŽc‚é2l‚ÌŠÖŒW«uŽ©•ª‚ÉŠëŠQ‚ð‰Á‚¦‚élŠÔ‚Å‚Í‚È‚¢‚Æ–ÏMv,https://news.yahoo.co.jp/articles/7921472d18f8af646075190cd96885e28a3fa359,2023/7/17(ŒŽ) 18:00
ytv,“Ç”„ƒeƒŒƒr,y–§’…z—¼e‚Æ˜A—‚ðâ‚Á‚Ä10”Ncƒjƒ…[ƒˆ[ƒN‚ÅŽO–¡üƒVƒ“ƒK[‚Æ‚µ‚Ä¶‚«‚éˆêl–º‚Ö“Í‚¯‚é•ƒ‚Æ•ê‚Ì‘z‚¢,https://news.yahoo.co.jp/articles/4493dd5e03974aa4a1ad4016987eb654ac1e73b1,2023/7/16(“ú) 11:02
ytv,“Ç”„ƒeƒŒƒr,y“ÆŽ©‰ðàzƒ[ƒKƒ“”ÜAgƒ_ƒCƒAƒiŒ³”Ü‚ªƒIƒtƒ@[Žó‚¯‚Ä‚¢‚½–ðh‚Å——D•œ‹AƒrƒWƒlƒX’á–À‚ÉŒ¾‚¢–ó‚Î‚©‚è‚Ìƒwƒ“ƒŠ[‰¤Žq•vÈuŽ©•ª‚½‚¿‚ªŒJ‚è•Ô‚µ•s‰^‚É‘˜‚Á‚Ä‚«‚½v,https://news.yahoo.co.jp/articles/c2f7f3199cf278bd0e6f0e273db9504b18e855df,2023/7/14(‹à) 20:00
ytv,“Ç”„ƒeƒŒƒr,uŽ€–S‚É‘Î‚·‚é‰“®‚È‚³‚ê‚Ä‚¢‚È‚¢vŽèpŒã‚ÉŠ³ŽÒ6lŽ€–S‚Æ”­Žó‚¯’²¸ˆÏˆõ‰ï‚ª‰ïŒ©@_ŒË“¿F‰ï•a‰@,https://news.yahoo.co.jp/articles/59ce5618fb3858a18032f02a795d0fa0d42cf786,2023/7/14(‹à) 19:00
ytv,“Ç”„ƒeƒŒƒr,y‘¬•ñz3Î’jŽ™‚É”M“’‚©‚¯‹s‘ÒŽ€@•êe‚ÌŒðÛ‘ŠŽè‚Ì’j‚É’¦–ð10”N‚ÌŽÀŒY”»Œˆ@ŠQ’vŽ€ß‚Æ”F’è,https://news.yahoo.co.jp/articles/b639d3d49b51c283b4d278e95f0331334f61ff29,2023/7/14(‹à) 15:00
ytv,“Ç”„ƒeƒŒƒr,y“ÆŽ©ŽæÞz‚·‚·‚«‚Ì“ª•”Ø’fŽEl ”Æl‚ÍuŽñ‚ðØ’f‚·‚é‚±‚Æ‚É‰½‚ÌŠ´î‚àŽ‚½‚È‚¢v?ŒxŽ@‚ª‘{‚·g‹à”¯‚Å‚Â‚Î‚ÌL‚¢–XŽq‚ð”í‚Á‚½l•¨hcŒ³ŒxŽ‹’¡ŒYŽ–‚ª‰ðà,https://news.yahoo.co.jp/articles/4849dc161e6d923f548a50ac78f52e2514951136,2023/7/13(–Ø) 20:00
ytv,“Ç”„ƒeƒŒƒr,y“ÁWzƒpƒ‰—¤ãŠE‚Ìƒz[ƒv@‹ß“¡Œ³@‰‚Ì‘Û‘å‰ï‚ÖIi“Ç”„ƒeƒŒƒru‚ ‚·ƒŠ[ƒgvj,https://news.yahoo.co.jp/articles/249bbf91747f3f3936148b3fcbb4ed8ac88bd4b5,2023/7/13(–Ø) 19:32
ytv,“Ç”„ƒeƒŒƒr,uSnow Manvƒ`ƒPƒbƒg‚ª–ñ39–œ‰~AgˆÅƒoƒCƒgh‚ª•s³“]”„cuˆê”Ê‚Ì‘fl‚ªŠÈ’P‚É–Í•ívu‚í‚¸‚©”ŽžŠÔ‚Å”Æß‚ÆŠÖ‚í‚èvV‚½‚ÈŽèŒû‚ÉŒ³ŒxŽ‹’¡ŒYŽ–‚ç‚ªŒxà,https://news.yahoo.co.jp/articles/1cb1e979e63af5fe255ad9493820d81704f43182,2023/7/13(–Ø) 16:00
ytv,“Ç”„ƒeƒŒƒr,y‘¬•ñz•êe‚ç‚«‚å‚¤‚¾‚¢4l‚ðÄ‘ß•ß@6Î’jŽ™‚Ìˆâ‘Ì‚ð‘‚Þ‚ç‚ÉŽÌ‚Ä‚½‹^‚¢uƒX[ƒcƒP[ƒX‚Å‰^‚ñ‚¾v‚Æ˜b‚·@_ŒË,https://news.yahoo.co.jp/articles/93d6dad62b29e733ede4a3beb0262c1793e18951,2023/7/13(–Ø) 14:03
ytv,“Ç”„ƒeƒŒƒr,y‘¬•ñz_ŒË6Î’jŽ™ˆâ‘Ì@•êe‚ç‚«‚å‚¤‚¾‚¢4l‚ðŽ€‘ÌˆâŠü—e‹^‚Å13“ú‚ÉÄ‘ß•ß‚Ö@•ºŒÉŒ§Œx,https://news.yahoo.co.jp/articles/6a6776a3c859d6f42a3653954fcc4b58dc33e7a0,2023/7/13(–Ø) 2:00
ytv,“Ç”„ƒeƒŒƒr,y“ÁWz400mHâ‘Î—‰¤‚Ìƒ‹[ƒc•ˆ³“|“I‚ÈŽÀ—Í‚É’¹’JŒh‚ª”—‚éI—§–½ŠÙ‘åŠwEŽR–{ˆŸ”üi“Ç”„ƒeƒŒƒru‚ ‚·ƒŠ[ƒgPlusvj,https://news.yahoo.co.jp/articles/fb2bfb9ed2f632f45cce49b1ef1dad374ecca9da,2023/7/11(‰Î) 20:40
ytv,“Ç”„ƒeƒŒƒr,y“ÆŽ©‰ðàz‚·‚·‚«‚Ìg“ª•”Ø’fŽ–ŒhAŒöŠJ‘{¸‚ð‚µ‚Ä‚¢‚È‚¢‚Ì‚ÍuŠù‚É—e‹^ŽÒ‚ª•‚ã‚µ‚Ä‚¢‚Ä— •t‚¯‘{¸’†‚Ì‰Â”\«vŒ³ŒxŽ‹’¡ŒYŽ–‚ªŽw“E,https://news.yahoo.co.jp/articles/53ad5e64640aa749ed1e6c76c6415dce9c578fc6,2023/7/11(‰Î) 20:00
ytv,“Ç”„ƒeƒŒƒr,y“ÆŽ©‰ðàzg“ˆê‹³‰ïhŠØ’ßŽq‘ÙAuŠÝ“c‚É‹³ˆç‚ðŽó‚¯‚É—ˆ‚¢‚Æ“`‚¦‚ævu“ú–{‚Ì­Ž¡‚Í–Å‚Ñ‚é‚µ‚©‚È‚¢v‰ßŒƒ”­Œ¾‚ÌƒEƒ‰‚É‚ ‚é‹³’c‚ÌgŒ»ó‚ÆÅ‚èh—é–ØƒGƒCƒgŽ‚ª‰ðà,https://news.yahoo.co.jp/articles/54d35ecf287254982e13c1cb2f60ea2a128c7a8c,2023/7/11(‰Î) 16:00
