media_en,media_jp,title_articles,link_articles,date_original
cbc,CBCƒeƒŒƒr,ƒZƒNƒnƒ‰‚ª”F’è‚³‚ê‚½’¬’·@’²¸”ï—p1240–œ‰~‚Ìˆê•”‚ðŽx•¥‚¤ˆÓŒüŽ¦‚·@Šò•ŒEŠò“ì’¬‚Ì¬“‡‰p—Y’¬’·,https://news.yahoo.co.jp/articles/5de2d8953fb1fc9052cd1e7a2940c0bdfe614847,3/5(‰Î) 11:38
cbc,CBCƒeƒŒƒr,»”²‚«‚¹‚¸‚ÉH‚×‚ç‚ê‚é—{B‚ ‚³‚è u‚©‚²‚¢‚è–ºv‚Ìo‰×‚ªŽn‚Ü‚é u‚Ó‚é‚³‚Æ”[Åv‚Ì•Ô—ç•i‚Å‚àl‹C@ˆ¤’mE“cŒ´Žs,https://news.yahoo.co.jp/articles/9ce75a0006ce5ff7954f79439f45374b6c867156,3/5(‰Î) 11:36
cbc,CBCƒeƒŒƒr,uƒOƒ‹[ƒvƒTƒEƒ“ƒYv‚ÌŽž‘ã`“ú–{‚Ì‰¹ŠyŽj‚É‚Ü‚ê‚½‹P‚¯‚éƒXƒ^[‚½‚¿‚ÌŽv‚¢o,https://news.yahoo.co.jp/articles/2ecb19d57602698123cd29df03e86d0ce1fe08c6,3/5(‰Î) 10:40
cbc,CBCƒeƒŒƒr,Œƒ‚µ‚¢‰Š‚Æ—§‚¿ã‚é•‰Œc•¡”‚ÌŒš•¨‚ª”R‚¦‚é@•t‹ß‚É‚Í–¼“SŒ¢ŽRü‚Ìü˜H‚à@ˆ¤’mE´{Žs‚Å‰ÎŽ–,https://news.yahoo.co.jp/articles/21200f8d64453754410f086acb6e5bff417f53a1,3/5(‰Î) 10:24
cbc,CBCƒeƒŒƒr,“–Žž16Î‚ÌŽ©“]ŽÔ‚Éæ‚Á‚½’jŽq‚Z¶‚ªæ—pŽÔ‚É‚Í‚Ë‚ç‚êŽ€–S‚µ‚½Ž–ŒÌ‚©‚ç3”N@Œ»ê‹ß‚­‚ÅŽ–ŒÌ–hŽ~‚ÌŒ[”­Šˆ“®‚ªs‚í‚ê‚é,https://news.yahoo.co.jp/articles/c3c64fe8567da9ab714e5365b43adaf3fe31abc8,3/5(‰Î) 7:17
cbc,CBCƒeƒŒƒr,hƒAƒEƒgƒ[h‚ÍŒ¶‘zIH¡’†T“ñ—ÕŽžƒR[ƒ`‚ªŒ©‚½’†“ú“ŠŽèw‚É•K—v‚È‚±‚Æ,https://news.yahoo.co.jp/articles/53e675311c782f5c46a7d7462c46fba161b3346b,3/5(‰Î) 6:50
cbc,CBCƒeƒŒƒr,Œ´•tƒoƒCƒN‚Éæ—pŽÔ‚Å’Ç“Ë@ŽEl–¢‹‚Ì‹^‚¢‚Å26Î‚Ì’j‘ß•ß@Ž–Œ’¼‘O‚ÉÚGŽ–ŒÌ‚ð‹N‚±‚µ500ƒ[ƒgƒ‹’ÇÕ,https://news.yahoo.co.jp/articles/21b547f5a8c106ab2a0e6e97f02b9fd545f123fb,3/5(‰Î) 6:02
cbc,CBCƒeƒŒƒr,¼ãŽs‚Ì–qê‚Å‹ŽÉ‚ª”¼Ä@Žq‹–ñ10“ª‚ªÄ‚¯‚é,https://news.yahoo.co.jp/articles/ab30167d2233515eec7f5d1e3240dcfd6c0856f0,3/5(‰Î) 6:02
cbc,CBCƒeƒŒƒr,u“dŽqƒŒƒ“ƒW‚ðŽg—p‚µ‚Ä‚¢‚½‚Æ‚±‚ë ”š”­‚µ‚½v‚Æ’Ê•ñ@–Ø‘¢2ŠKŒš‚Ä‚ÌZ‘î‘SÄ‚Å1l‚ªˆÓŽ¯•s–¾‚Ìd‘Ì@ˆê“x‚Í“¦‚°‚½‚ªcŒºŠÖ‚Å“|‚ê‚Ä‚¢‚é‚Æ‚±‚ëŒ©‚Â‚©‚é,https://news.yahoo.co.jp/articles/4ae0c57cf1a3f7404758ba4a5e3b73eb0c6f62f1,3/4(ŒŽ) 23:32
cbc,CBCƒeƒŒƒr,ˆùH“X‚Ì’j—‹¤—pƒgƒCƒŒ‚ÉƒJƒƒ‰‚ðÝ’u‚µ‚Ä“ŽB@’†ŠwZ‚Ì’j«‹³—@‚ª’¦‰úˆ•ª@’âE6‚©ŒŽ,https://news.yahoo.co.jp/articles/e28ab4676d2ef5eeb147f139ff8e88c839c64357,3/4(ŒŽ) 22:12
cbc,CBCƒeƒŒƒr,3‚Â‚Ì’¬‚ª‰Á–¿‚·‚éu’¬‘º‰ïv‚ÌŒûÀ‚©‚çŒ»‹à–ñ63–œ‰~‚ð‰¡—Ì‚µ‚½‹^‚¢@51Î‚Ì’¬Eˆõ‚ð‘ß•ß uŽ„‚Í‚â‚Á‚Ä‚¢‚Ü‚¹‚ñv‚Æ—e‹^‚ð”Û”F,https://news.yahoo.co.jp/articles/98aa2cee639b946a7d8af12549b953072fe251f8,3/4(ŒŽ) 20:06
cbc,CBCƒeƒŒƒr,“¡ˆä‘‘¾”ªŠ¥@Šû‰¤í‘æ3‹Ç‚ÌŸ—˜‚Å‰H¶‘PŽ¡‹ã’i‚ªŽ‚Â‘å‹L˜^u163“úv‚ÌXV‚ªŠmŽÀ‚É,https://news.yahoo.co.jp/articles/7fca5a6152e6ceeb7768373cefa47ccdd68c7147,3/4(ŒŽ) 19:48
cbc,CBCƒeƒŒƒr,’†•”“d“d—Í‚Æ’†•”“d—Íƒ~ƒ‰ƒCƒY‚ÉŒv2600–œ‰~‚Ì‰Û’¥‹à”[•t–½‚¶‚é@ƒKƒX”Ì”„‚ß‚®‚éƒJƒ‹ƒeƒ‹–â‘è,https://news.yahoo.co.jp/articles/5541ad92c15d1d21591576b8b0b5eeb8ba03854a,3/4(ŒŽ) 19:36
cbc,CBCƒeƒŒƒr,ƒhƒ‰ƒSƒ“ƒY‘å–ì—Y‘å‚ª•œŠˆ‚Ìƒ}ƒEƒ“ƒh@×ì¬–ç‚ÍƒoƒbƒNƒXƒNƒŠ[ƒ“‚É‹‰õ’e‚Å4”Ô‘ˆ‚¢ƒŠ[ƒh,https://news.yahoo.co.jp/articles/bda6635e43aed24a90800ebead7b5354f2e47237,3/4(ŒŽ) 19:29
cbc,CBCƒeƒŒƒr,uŽÀ‘ÌŒoÏ‚ð”½‰f‚µ‚½Š”‰¿‚Å‚Í‚È‚¢v Žx•¥‚í‚ê‚é‹‹—^‚Í‘‰Á‚Ìˆê•û‚ÅcŽg‚¦‚é‚¨‹à‚ÍŒ¸­@•é‚ç‚µ‚Í—Ç‚­‚È‚é‚Ì?,https://news.yahoo.co.jp/articles/0984e76a75f8e3f27f4f66214fcea76325cfdb28,3/4(ŒŽ) 19:24
cbc,CBCƒeƒŒƒr,‰Ô•²Ç‘Îô@ŽÀ‚ÍNGsˆ×‚àc u°‘|œ‚ÍŠ£@‚«‚æ‚è…@‚«?vu•@‚Ã‚Ü‚è‚ÌŽž‚Í•@‚ð‰·‚ß‚é?v@ˆãŽtŠÄC‚ÌüƒNƒCƒY,https://news.yahoo.co.jp/articles/d9676c5fa419eb4af2997a343c0a7fd817c6be00,3/4(ŒŽ) 18:57
cbc,CBCƒeƒŒƒr,ƒƒ{ƒbƒg‚ª“sS‚ð‘–‚Á‚ÄuƒCƒ`ƒSv‚ð‚¨“Í‚¯@ƒRƒXƒg‚Í7Š„Œ¸@”z‘—‚Ì‘å‚«‚È‰Û‘è‚Æ‚È‚égƒ‰ƒXƒgƒƒ“ƒ}ƒCƒ‹h‚Ì‰ðŒˆô‚Æ‚È‚é‚©,https://news.yahoo.co.jp/articles/7688ce620eb1b24022c22accbb2211ef417507d9,3/4(ŒŽ) 18:38
cbc,CBCƒeƒŒƒr,u“dŽqƒŒƒ“ƒW‚ðŽg—p‚µ‚Ä‚¢‚½‚ç”š”­‚µ‚½v‚Æ’Ê•ñ@Z‘î‚©‚ç‰Š‚ªŒƒ‚µ‚­—§‚¿ã‚é@1ld‘Ì3l‚ª‚¯‚ª@ˆ¤’mE“Œ‹½’¬,https://news.yahoo.co.jp/articles/2b1ccd539f4a6160eeafa3ce88e87bdab580af9e,3/4(ŒŽ) 18:02
cbc,CBCƒeƒŒƒr,u‘å‚«‚È”íŠQ‚Ì’†‚Å€”õ‚µ‚Ä‚¢‚½‚¾‚«‚ ‚è‚ª‚Æ‚¤‚²‚´‚¢‚Ü‚·v VŠƒ‚Ås‚í‚ê‚½Šû‰¤í‘æ3‹Ç@“¡ˆä‘‘¾”ªŠ¥‚ª“¯‚¢”N‚ÌˆÉ“¡ Žµ’i‚ÉŸ—˜‚µƒ^ƒCƒgƒ‹–h‰q‚É‰¤Žè,https://news.yahoo.co.jp/articles/a74af99ab8390b5a41ecf39921730865e76a704a,3/4(ŒŽ) 17:54
cbc,CBCƒeƒŒƒr,ˆãŽt‚Ég‰Ô•²Ç‚Æ•—Ž×‚ÌŒ©•ª‚¯•ûh‚ð•·‚¢‚½ u–Ú‚ÌÇó‚ªo‚ê‚ÎŠÔˆá‚¢‚È‚­‰Ô•²Çv‚Ü‚¾‚Ü‚¾‘±‚­ƒXƒM‰Ô•²@‚±‚Æ‚µ‚Í”òŽU‚Ìƒs[ƒN‚ª’·‚¢?,https://news.yahoo.co.jp/articles/28cd7421b6bfeb4b74a9e76bca2158f904954043,3/4(ŒŽ) 17:32
cbc,CBCƒeƒŒƒr,Žs”Ì‚ÌƒvƒŠƒ“ƒ^[‚Åƒ}ƒCƒiƒ“ƒo[ƒJ[ƒh‚â‰^“]–Æ‹–Ø‚ð‹U‘¢ u‹ó‚«‰Æv‚ÌZŠ‚Å—X•Ö•¨Žó‚¯Žæ‚é@¼‹\‚È‚Ç‚Ì‹^‚¢‚Å’j5l‚ð‘ß•ß,https://news.yahoo.co.jp/articles/e9c125c6de75d016f3e1b1e36a7b6b05d7d0466a,3/4(ŒŽ) 17:23
cbc,CBCƒeƒŒƒr,‚¢‚¶‚ß”½‘Î‚ð•\–¾‚·‚éuƒsƒ“ƒNƒVƒƒƒcƒf[v...SNS‚ª¢ŠE‚ÉL‚°‚½‘PˆÓ‚Æ‚Í,https://news.yahoo.co.jp/articles/1e1548ec36d909e52136048793fd4e18f98825dd,3/4(ŒŽ) 17:09
cbc,CBCƒeƒŒƒr,"""4”Ô‚æ‚è‘Å‚Ä‚Î‚»‚ê‚Å—Ç‚¢""ƒhƒ‰ƒSƒ“ƒY‹tP‚ÌƒL[ƒ}ƒ“E’†“cãÄ‘IŽè‚ªƒVƒ“¸—³‘Åü‚ÌŠj‚Æ‚È‚éI",https://news.yahoo.co.jp/articles/58fe88ab0dea126c0cf2882b54da4ac42c03d31c,3/4(ŒŽ) 16:50
cbc,CBCƒeƒŒƒr,‹Î–±æ‚Ì‚Z‚ÉƒJƒƒ‰‚ðÝ’u‚µ“ŽB‚µ‚½‹^‚¢@33Î‚Ì’j«‹³—@‚ð‘ß•ß@•Ê‚ÌŽ–Œ‚Ì‘{¸‚Ì‰ß’ö‚Å”­Šo,https://news.yahoo.co.jp/articles/4d81965faff5015410d8b36091e620f412389e2a,3/4(ŒŽ) 16:06
cbc,CBCƒeƒŒƒr,“ŽB‚µ‚æ‚¤‚Æ’j—‹¤—p‚ÌƒgƒCƒŒ‚ÉƒJƒƒ‰‚ðÝ’u@57Î‚Ì’j«‹³—@‚ð’âE6ƒJŒŽ‚Ì’¦‰úˆ•ª@‹³—@‚ÍˆËŠè‘ÞE,https://news.yahoo.co.jp/articles/bb3cf3f14709fd84aee920bac3576dcc14e8ddbe,3/4(ŒŽ) 15:36
cbc,CBCƒeƒŒƒr,¬6’jŽ™‚ª“¯‹‰¶‚É‡Œv93–œ‰~“n‚· u‰¿’l‚ªã‚ª‚égƒ‹à»‚ÌƒRƒCƒ“hv‚ÆŒ¾‚í‚êcŽÀ‚Í…‘°ŠÙ‚Ì‹L”Oƒƒ_ƒ‹ u‚¤‚Ü‚¢˜b‚ª‚ ‚é‚ÆŽv‚Á‚Ä‚µ‚Ü‚Á‚½v ŒxŽ@‚ª‘Š’kŽó‚¯‘{¸,https://news.yahoo.co.jp/articles/aa2e559b2290f08f1ee139afefe21ee450209eac,3/4(ŒŽ) 13:54
cbc,CBCƒeƒŒƒr,ƒgƒˆƒ^Ž©“®ŽÔ 35“ú‚Ô‚è‚É‘SHê‚Å¶ŽYÄŠJ@–L“cŽ©“®D‹@‚ÌƒGƒ“ƒWƒ“”FØ•s³‚ðŽó‚¯1ŒŽ‚©‚çÅ‘å‚Å4Hê6ƒ‰ƒCƒ“‚ð’âŽ~,https://news.yahoo.co.jp/articles/ffbf73fb15a00c7618b0a952acf3e909e7eb8d24,3/4(ŒŽ) 11:38
cbc,CBCƒeƒŒƒr,‚ ‚Ü‚èŽsê‚É—¬’Ê‚µ‚È‚¢Œ¶‚Ìƒ~ƒJƒ“utŒõŠ¹v –ñ100”N‘O‚©‚çŽOd‚â˜a‰ÌŽR‚É“`‚í‚éƒ~ƒJƒ“‚ÌŽûŠn‚ªÅ·Šú@ŽOdEŒä•l’¬,https://news.yahoo.co.jp/articles/d41bba0b68196ccd11a61024b9bbcd18dd09c3e4,3/4(ŒŽ) 11:36
cbc,CBCƒeƒŒƒr,ƒSƒ~‚ÌŠÔ‚ð’Ê‚Á‚½…60ƒgƒ“‚ªˆ—‚³‚ê‚¸‚Éì‚É—¬o@ŠÇ—‚·‚é–¼ŒÃ‰®Žsu‚½‚¾‚¿‚ÉŒ’N‚É‰e‹¿‚·‚é‚¨‚»‚ê‚Í‚È‚¢v@Šò•ŒE‘½Ž¡Œ©Žs‚Ìˆ¤Šòˆ•ªê,https://news.yahoo.co.jp/articles/361861e366ec5fed2642b0e168dde966c4a2139a,3/4(ŒŽ) 11:28
cbc,CBCƒeƒŒƒr,u‰½‚Æ‚©‘±‚¯‚é•û–@‚Í‚È‚¢‚Ì‚©cv‰¹‹¿‚Ì‘f°‚ç‚µ‚³ŒÖ‚éu‚µ‚ç‚©‚íƒz[ƒ‹v‚ª30”N‚Ì—ðŽj‚É–‹@Š—L‚·‚éŽOˆäZ—FŠCãuŒš•¨‘S‘Ì‚ð”„‹p‚·‚é—\’è‚¾‚ªƒz[ƒ‹‚Ì‘¶‘±‚â”„‹pæ‚È‚Ç‚Í–¢’èv –¼ŒÃ‰®,https://news.yahoo.co.jp/articles/71a2111e9149dcec76d2c53f9a73de48e5f87ad7,3/4(ŒŽ) 6:02
cbc,CBCƒeƒŒƒr,“¡ˆä‘‘¾”ªŠ¥‚ªƒ^ƒCƒgƒ‹–h‰q‚Ég‰¤Žèh@Šû‰¤íŒÜ”ÔŸ•‰‚Ì‘æ3‹Ç‚ÉŸ‚¿ƒVƒŠ[ƒY2Ÿ–Ú,https://news.yahoo.co.jp/articles/6d2381129df5c5ee01f8c9eba38e945e69a8fd54,3/4(ŒŽ) 2:42
cbc,CBCƒeƒŒƒr,Ì—‘—p‚ÌƒjƒƒgƒŠ5–œ‰H‚ªÄ‚¯Ž€‚Ê@—{Œ{ê‚Å‰ÎÐŒ»ê‚Í‹­•—,https://news.yahoo.co.jp/articles/796c45c6ca94beaaf647ac84fb0e3355bfb040ca,3/3(“ú) 18:12
cbc,CBCƒeƒŒƒr,•¨—¬ŠE‚Ìu2024”N–â‘èv‘Ò‚Á‚½‚È‚µ@ƒgƒ‰ƒbƒN‹¦‰ï‚ª–â‘è‰ðŒˆ‚ÖAE–Ê’k‰ï,https://news.yahoo.co.jp/articles/3e9e15047aa35194cc608ca6df7542d04ff9f212,3/3(“ú) 17:51
cbc,CBCƒeƒŒƒr,•¨‰¿‚É’Àã‚°’Ç‚¢‚Â‚­‚©@W’†‰ñ“š“ú‚ðT‚¦u˜A‡v‚ªt“¬Œˆ‹NW‰ï,https://news.yahoo.co.jp/articles/a68651827c487e72ff0c3cfb93eb69fee943ceb6,3/3(“ú) 17:48
cbc,CBCƒeƒŒƒr,ŠOo‚ª¢“ï‚Èuˆã—ÃƒPƒAŽ™v‚Æ‰Æ‘°@ˆÀS‚µ‚ÄŠy‚µ‚ß‚éê‚ð‚ÆƒCƒxƒ“ƒg,https://news.yahoo.co.jp/articles/7a8d3d441813f7606acba0b68dbd91e2e0289d35,3/3(“ú) 17:46
cbc,CBCƒeƒŒƒr,‘‹N‚«‚µ‚ÄH‚×‚És‚«‚½‚¢Iƒ{ƒŠƒ…[ƒ€‚½‚Á‚Õ‚è•‚¨“¾‚ÈŠò•ŒŽs‚Ìƒ‚[ƒjƒ“ƒO,https://news.yahoo.co.jp/articles/a2143a67ff00dc795c5ea8185317a46d49b0fd50,3/3(“ú) 16:55
cbc,CBCƒeƒŒƒr,“¡ˆä”ªŠ¥A–h‰q‚É‰¤Žè‚È‚é‚©@Šû‰¤íŒÜ”ÔŸ•‰E‘æ3‹Ç‚Í‚¶‚Ü‚é,https://news.yahoo.co.jp/articles/d17810fb74ae49760fff640f85df92d7f7e9614a,3/3(“ú) 12:06
cbc,CBCƒeƒŒƒr,‘f–p‚È•\î‚Ì“y—‚ªˆê“°‚É@‰º˜C‰·ò‡¶‘º‚Åu“y—‚Ü‚Â‚èv,https://news.yahoo.co.jp/articles/4a9e522ba9fc7e244fbd345579906dacdd3bc0c5,3/3(“ú) 12:04
cbc,CBCƒeƒŒƒr,uƒRƒ~ƒ…ƒjƒeƒB[‚ª‰ñ•œ‚·‚é‚½‚ß‚É‚Í”ð“ïŠ‚Í1‚Â‚ª‚¢‚¢v gW—Ž‚Ü‚é‚²‚Æ”ð“ïh‚µ‚½Z–¯‚Í¡c”\“o”¼“‡’nk‚©‚ç2‚©ŒŽ,https://news.yahoo.co.jp/articles/013b068b2751aa963180f44a3240d3c9f238a026,3/3(“ú) 8:02
cbc,CBCƒeƒŒƒr,H‚×•¨‚ð–³—¿‚ÅŽó‚¯Žæ‚ê‚égŠXŠp—â‘ ŒÉh@‹ê‚µ‚­‚Ä‚à¶Šˆ•ÛŒì‚É—Š‚ê‚È‚¢c@¶Šˆ¢‹‡ŽÒ‚ð•‚¯‚é–½j‚ÌƒŠƒAƒ‹,https://news.yahoo.co.jp/articles/bad1521c8142c9b75c1de8cad188ad923f11be98,3/3(“ú) 8:02
cbc,CBCƒeƒŒƒr,u‰Ä‚Ü‚Å‚É10kg‘‰‚¹‚évƒ_ƒCƒGƒbƒg‚Ì—Ž‚Æ‚µŒŠcu“à‘ŸŽ‰–bv‚¨• ‚Ö‚±‚Ü‚¹‘åìí,https://news.yahoo.co.jp/articles/8695510e2c632c99c556554702513c80752ee6d3,3/3(“ú) 7:10
cbc,CBCƒeƒŒƒr,VŒ^ƒRƒƒiƒƒNƒ`ƒ“u—ðŽj“I‚É‚Í­‚È‚­‚Æ‚àg–òŠQh‚Æ‚¢‚¤•ª—Þ‚É‚³‚ê‚é‚Ì‚Å‚ÍvŒ»–ð‚Ì‘åŠw‹³Žö‚ªu‹`‚ÅŽæ‚èã‚°‚éy‘åÎ‚ª[Œ@‚è‰ðàz,https://news.yahoo.co.jp/articles/88f45d7ee1408e001d8b3a20dddfe86bba38a4e0,3/3(“ú) 7:02
cbc,CBCƒeƒŒƒr,‘O‚Å‚Í‚È‚­‰¡Œü‚«‚âŒã‚ëŒü‚«‚Å”n‚Ì”w‚É@æ”n‚Å–ü‚µ‚ÌŒø‰Ê‚àŠú‘Ò‚³‚ê‚éuƒz[ƒXƒZƒ‰ƒs[v,https://news.yahoo.co.jp/articles/7bd63a039b5f40157edc07dc0e8e699f62a01411,3/3(“ú) 6:32
cbc,CBCƒeƒŒƒr,–¼ŒÃ‰®‚Åƒ}ƒCƒiƒ“ƒo[ƒJ[ƒh‚Ì‘ÌŒ±‰ï@ŽÀÛ‚ÉƒJ[ƒhŽg‚Á‚Ä–{lŠm”F‚â‘€ì‚ð‘ÌŒ±,https://news.yahoo.co.jp/articles/dfe103b845b34b6b7dbbf64045bbc43d2aa90dca,3/2(“y) 18:29
cbc,CBCƒeƒŒƒr,–¼ŒÃ‰®E“ì‹æ‚ÅZ‘î‰ÎÐ@Zl‚Ì3l‚Í–³Ž–,https://news.yahoo.co.jp/articles/d9b22bd751ce2bf088a26d889ece87223627014f,3/2(“y) 18:29
cbc,CBCƒeƒŒƒr,ÔM†‚ÌŒð·“_‚Éi“ü‚µ•àsŽÒ‚Í‚Ë‚½‹^‚¢@20Î‚Ì’j‚ð‘ß•ßE‘—ŒŸ@ˆ¤’mE‚ ‚ÜŽs,https://news.yahoo.co.jp/articles/0c3c7313cfb8b7a9d75bd00b8e8bc24ebdc77dfe,3/2(“y) 18:27
cbc,CBCƒeƒŒƒr,Œ©“n‚·ŒÀ‚è‚Ì‰©F‚¢ãOŸ~I–ñ8–œ–{‚ÌØ‚Ì‰Ô‚ªç‚«ŒÖ‚éƒCƒ“ƒXƒ^‰f‚¦ƒXƒ|ƒbƒg‚Æ‚Í,https://news.yahoo.co.jp/articles/920d3f02b4b14a73d5c6656fdb4832c22a037802,3/2(“y) 17:10
cbc,CBCƒeƒŒƒr,ˆêŒûH‚×‚ê‚Î‚½‚¿‚Ü‚¿—¸‚ÉI‚â‚Ý‚Â‚«•KŽŠ‚ÌŒƒ‚¤‚Ü–¼ŒÃ‰®‚ß‚ñ4‘I,https://news.yahoo.co.jp/articles/2f9dba1298afd4ffe8feffa2e145e6062a0955b7,3/2(“y) 16:55
cbc,CBCƒeƒŒƒr,’nˆæZ–¯‚ª•ú…‘ÌŒ±‚È‚ÇŠy‚µ‚Þ@–hÐ‘Ì§[ŽÀ‚ÌÁ–hV’¡ŽÉ‚ÅŠJƒCƒxƒ“ƒgŠJÃ,https://news.yahoo.co.jp/articles/450f03bd731c1d6bbd95fb32ab7c91563e27d624,3/2(“y) 13:53
cbc,CBCƒeƒŒƒr,“dŽÔ‚âƒoƒX‚Ì‰^“]‚ª‘ÌŒ±‚Å‚«‚éŽ{Ýu–¼“SƒOƒ‹[ƒv‚Ì‚è‚à‚ÌŠÙv‚ªƒI[ƒvƒ“,https://news.yahoo.co.jp/articles/1724aedf9767b731ec2f1738d566eab9757cf433,3/2(“y) 13:51
cbc,CBCƒeƒŒƒr,ƒXƒEƒF[ƒfƒ“‚ªNATO‰Á–¿...•½˜a‚©‘ˆ‚¢‚©Aƒoƒ‹ƒgŠC‚Ì¡Œã‚Í‚Ç‚¤‚È‚éH,https://news.yahoo.co.jp/articles/9e07781a2e378969d81a3de73109019af1665eaf,3/2(“y) 11:11
cbc,CBCƒeƒŒƒr,uƒKƒŠƒKƒŠŒNv Å•Ê‚Å70‰~‚©‚ç80‰~‚É8”N‚Ô‚è’lã‚° Ôé“û‹ÆŽÐˆõ‚½‚¿‚Ì‚¨˜l‚Ñ‚ÌŠp“x‚ªcƒXƒKƒLƒ„‚Í3ŒŽ21“ú‚©‚çƒ‰[ƒƒ“ŠeŽí‚ð’lã‚° ¬”žEŠCŽY•¨‚È‚Ç‚Ì‰¿Ši‚“«‚ª‚Ð‚Ñ‚­,https://news.yahoo.co.jp/articles/e5798873b99c45f83ca3600fd0c4229df14aec0a,3/2(“y) 9:34
cbc,CBCƒeƒŒƒr,‘S‘ƒ[ƒXƒg‚Ì“D–_”íŠQ‚»‚ÌuŠÔ‰f‘œ u“®‘ÌŒŸ’m‚µ‚Ü‚µ‚½cv”Æl‘ß•ß‚Éˆê–ð”ƒ‚Á‚½‚Ì‚Í–h”ÆƒJƒƒ‰@ƒXƒ}ƒz‚ÅƒŠƒAƒ‹ƒ^ƒCƒ€‚É‰f‘œŠm”F,https://news.yahoo.co.jp/articles/46e9d57113c5bbe5602e5844a3b35540365812ec,3/2(“y) 8:02
cbc,CBCƒeƒŒƒr,“ŽB19Œ‚É—«—p‰º’…‚ÌÞ“3Œc“¯—»—«‚É’sŠ¿‚à@ˆÉ¨ŒxŽ@‚ÌŒx•”•âi33j‚ð’âE6‚©ŒŽ‚Ì’¦‰úˆ•ª,https://news.yahoo.co.jp/articles/44a5d274c7119ae712b89d9f1df2a1df4cf56bb3,3/2(“y) 7:51
cbc,CBCƒeƒŒƒr,u—Ö“‡’©Žsv‚Ì‰ÎÐ‚ÌŒ´ˆö‚Í“d‹C!? g‹ß‚Éö‚Þg’Ê“d‰ÎÐh‚ÌŠëŒ¯ ‚»‚Ì‘Îô‚ÍuŠ´kƒuƒŒ[ƒJ[v,https://news.yahoo.co.jp/articles/0e012271195d9528ae3ee362ec83cc4c7be5ef80,3/2(“y) 7:02
cbc,CBCƒeƒŒƒr,l—Í‚ÅŒ@‚è”²‚¢‚½ŽlŠpŒ`‚Ìƒgƒ“ƒlƒ‹IH‹ãB‚Ì­Ž¡ŒoÏ‚ðŽx‚¦‚½“¹u“ú“c‰ŠÒv‚Ì”p“¹‚ð„‚é—·,https://news.yahoo.co.jp/articles/1c2e618225e8807f52d0d8b7e3ded65fbf1b5bb5,3/2(“y) 6:50
cbc,CBCƒeƒŒƒr,40–{‚ÌƒGƒrƒtƒ‰ƒC‚ðƒ^ƒ[‚ÉIH 1–{‚ ‚½‚è110‰~‚ÌŒƒˆÀ‚âH‚×•ú‘è‚àI ˆ¤’mŒ§‚Åˆ¤‚³‚ê‚é‹Á‚«‚ÌuƒGƒrƒtƒ‰ƒCƒƒjƒ…[v7‘I,https://news.yahoo.co.jp/articles/cdcaeb549e741f36b216dbcb28ae7d5950c69398,3/2(“y) 6:50
cbc,CBCƒeƒŒƒr,–¼–åŒö—§‚Z‚ÉŽóŒ±‚È‚µ‚ÅiŠw‚Å‚«‚é@2025”N“x‚©‚çŒ§—§‚Ì’†‚ˆêŠÑZ‚ªŠJZ‚·‚éˆ¤’mŒ§@‚ZŽóŒ±‚Ì¨—Í}‚ªˆê•Ï‚à?,https://news.yahoo.co.jp/articles/4dac6186db34fadff7d3acba3b038fbcd7fc8baf,3/2(“y) 6:32
cbc,CBCƒeƒŒƒr,u1‚Â‚ÌƒƒNƒ`ƒ“‚Å ‚±‚ê‚¾‚¯‚Ì˜_•¶‚ªo‚é‚Ì‚Íl—ÞŽjã‰‚ß‚Äv VŒ^ƒRƒƒiƒƒNƒ`ƒ“‚É gƒƒNƒ`ƒ“–â‘èŒ¤‹†‰ïh‚ÌˆãŽt‚ç‚ªŽ‚Â‹^–ây‘åÎ‚ª[Œ@‚è‰ðàz,https://news.yahoo.co.jp/articles/325a93d59522f97847d2c33ecd4f1a3305a1a9ec,3/2(“y) 6:14
cbc,CBCƒeƒŒƒr,‘¡˜d‘¤‚Ì’jEŽû˜d‘¤‚Ì’j2l‚ÉŽ·s—P—\•t‚«‚Ì—Lß”»Œˆ@ŽOdŒ§”­’‚Ì…“¹HŽ–“üŽD‚ß‚®‚é‘¡Žû˜dŽ–Œ@’Ã’nÙ,https://news.yahoo.co.jp/articles/793c6e2bfc2cca43abb4c77a88a27a4867bd022f,3/2(“y) 6:06
cbc,CBCƒeƒŒƒr,ƒRƒJƒCƒ“‚ðŽg—p‚µ‚½‹^‚¢‚Å’j—2l‘ß•ß@Ž©‘î‚©‚ç–ñ2ƒLƒ‚ÌŠ£‘‡‘å–ƒ‚Æ‚Ý‚ç‚ê‚é‚à‚Ì‚âƒRƒJƒCƒ“‚Æ‚Ý‚ç‚ê‚é•²––25‘Ü‚ð‰ŸŽû@–§”„l‚©,https://news.yahoo.co.jp/articles/a0f294624d7c3bda071a6f0e949f0ba508dbb0a1,3/2(“y) 6:06
cbc,CBCƒeƒŒƒr,ƒhƒ‰ƒSƒ“ƒY’†“cãÄ‘IŽèi34ju‹A‚Á‚ÄŽq‹Ÿ‚ÌŠç‚ðŒ©‚½‚çA”æ‚ê‚à‚«”ò‚Ôv OB•½“c—Ç‰î‚³‚ñ‚ªƒxƒeƒ‰ƒ“¨‚É’¼Œ‚ƒCƒ“ƒ^@ŠJ–‹ƒXƒ^ƒƒ“‚à‘å’_—\‘z,https://news.yahoo.co.jp/articles/115742f906a8631e8d4382b19b7c1bbc26f890e7,3/2(“y) 6:04
cbc,CBCƒeƒŒƒr,"“ÁŽê¼‹\‚©‚ç‹~‚Á‚½ƒRƒ“ƒrƒj“X’·‚Ì""‚Æ‚Á‚³‚Ì”»’f""@–é’†‚Éƒpƒ\ƒRƒ“‚©‚ç–Â‚è‹¿‚¢‚½Œx‰¹cŽ~‚ß‚½‚¯‚ê‚Î5–œ‰~‚Æ—v‹‚ª",https://news.yahoo.co.jp/articles/7353a495c8ffff70286fb82a712ab855695ae42e,3/2(“y) 5:02
cbc,CBCƒeƒŒƒr,—ˆ”Nt‘²‹Æ—\’è‚Ì‘åŠw¶ AEŠˆ“®‚ª3ŒŽ1“ú‰ð‹Ö@450ŽÐ‚ªƒu[ƒXuƒ}ƒCƒiƒrAEEXPOvŽn‚Ü‚é 2“ú‚àŠJÃ,https://news.yahoo.co.jp/articles/7b4d9a6fe69ce554cb081f8d2b12675c14f69fda,3/1(‹à) 22:26
cbc,CBCƒeƒŒƒr,u‚ ‚â‚¿‚á‚ñ‚ð‚¨‚¤‚¿‚ÉŒÄ‚ñ‚Å‚ ‚°‚écŠÅŒìŽt‚Ìˆß‘•‚ðŽ‚Á‚Ä‚«‚Ä‚à‚ç‚¨‚¤‚©‚ÈvŽOdŒ§‚Å‚àƒZƒNƒnƒ‰‹^˜f•‚ã@26ÎŒ§‹c‚ª54ÎŒ§‹c‚©‚ç,https://news.yahoo.co.jp/articles/3ff048face9ab9d882b697ea53420547c201633d,3/1(‹à) 21:32
cbc,CBCƒeƒŒƒr,‹Œ–¼ŒÃ‰®Žs‹³ˆçŠÙ‚ÌÕ’n‚ÉVŽ{Ý ‘åŒ^ƒTƒEƒi‚â“ŒŠC’n•û‰o“X‚ÌƒŒƒXƒgƒ‰ƒ“‚È‚Ç@3ŒŽ31“ú‚ÉƒI[ƒvƒ“ –¼ŒÃ‰®E‰h,https://news.yahoo.co.jp/articles/d9bf6621fb9b676000902d5edeb09940b0ca59c2,3/1(‹à) 19:51
cbc,CBCƒeƒŒƒr,81Î—«‚Ì‰^“]‚·‚éæ—pŽÔ‚ªŒð·“_‚Åƒgƒ‰ƒbƒN‚ÆÕ“Ë@‰^“]‚µ‚Ä‚¢‚½—«‚Íd Œã•”ÀÈ‚É‚¢‚½50‘ã‚­‚ç‚¢‚Ì—«‚ªˆÓŽ¯•s–¾‚Ìd‘Ì,https://news.yahoo.co.jp/articles/3bd4c2a375adebf94b17021a0ab88fcdd08b52eb,3/1(‹à) 19:36
cbc,CBCƒeƒŒƒr,Šò•ŒE‚ŽRŽs‚Ì”ã‘¾‚Z‚Åu”’ü—¬‚µv@–XŽq‚Ì”’ü‚ÆƒZ[ƒ‰[•ž‚Ì”’‚¢ƒXƒJ[ƒt‚ðˆê–{‚ÉŒ‹‚Ñì‚Éc‘²‹ÆŒã‚à•Ï‚í‚ç‚Ê—Fî¾‚¤ 2019”N‚Ì3ŒŽˆÈ—ˆ§ŒÀ‚È‚µ‚Å,https://news.yahoo.co.jp/articles/c8f7dbfa359460802f80024000922f27f29b2a87,3/1(‹à) 19:01
cbc,CBCƒeƒŒƒr,ŽO\ŽO‹âs‚Ì30‘ãŒ³sˆõ‚ª‚—î‹q‚©‚ç3200–œ‰~‚ ‚Ü‚è‚ð’…•ž@‹Æ–±ŽžŠÔŠO‚É–K‚ËŒ»‹à“‚ñ‚¾‚è–³’f‚Å—a‹àŒûÀ‚©‚çŒ»‹àˆø‚«o‚·@2ŒŽ29“ú•t‚¯‚Å’¦‰ú–ÆEˆ•ª,https://news.yahoo.co.jp/articles/0ce8c3bc92625df8ab168fceb0253bdb51c732fd,3/1(‹à) 18:41
cbc,CBCƒeƒŒƒr,‰w‘O‚ªg–A‚¾‚ç‚¯h—§‘Ì’“ŽÔê‚©‚ç‘å—Ê‚Ì–A‚ª“¹˜H‚É•¬‚«o‚· ŽÔ‚ªÁ‰ÎÝ”õ‚ÉÚG‚µ‚ÄŽ©“®“I‚Éo‚½‚©,https://news.yahoo.co.jp/articles/7806664de4dcbc38170ccf350419ab55e9d27328,3/1(‹à) 17:53
cbc,CBCƒeƒŒƒr,"‚Ü‚é‚ÅŒ|p•iISNS‚Å˜b‘è‚Ì“ŒŠC’n•û‚Ì""ƒCƒ“ƒpƒNƒg‚ß‚µ""‚ðŽÀHƒŠƒ|[ƒg",https://news.yahoo.co.jp/articles/11b9342a9ac7a4d3b4410bfd80f461a2968f9e41,3/1(‹à) 17:00
cbc,CBCƒeƒŒƒr,‚Ç‚ê‚à‚±‚ê‚àƒNƒZ‚É‚È‚éI“ÆŽ©‚Ìi‰»‚ð‹‚°‚½–¼ŒÃ‰®‚ÌŒƒ‚¤‚Ü‚ß‚ñ3‘I,https://news.yahoo.co.jp/articles/fe763bd4d4a48dbea2e901008f0a11a8d308f810,3/1(‹à) 16:55
cbc,CBCƒeƒŒƒr,“¯æŽÒ‚ðEê‚Ö‘—‚é“r’†‚ÅŒyæ—pŽÔ‚ªŽ–ŒÌ 76Î’j«‚Í‚Ë‚ç‚êŽ€–S Ž©Ì‰ïŽÐˆõ‚Ì67Î’j‚ðŒ»s”Æ‘ß•ß –¼ŒÃ‰®E“ì‹æ,https://news.yahoo.co.jp/articles/484f21a9d89868f37c02265925fa4f0a2b49a6f9,3/1(‹à) 13:08
cbc,CBCƒeƒŒƒr,ˆ¤’mŒ§“à‚Ù‚Æ‚ñ‚Ç‚ÌŒö—§‚Z‚Å‘²‹ÆŽ® VŒ^ƒRƒƒi5—ÞˆÚsŒã‰ 4”N‚Ô‚è‚ÉÝZ¶‚àoÈ –¼ŒÃ‰®EçŽí‚Z‚à—·—§‚¿‚Ì“ú,https://news.yahoo.co.jp/articles/2941a62b191a4df30125ceb4cf6a63345d831955,3/1(‹à) 12:01
cbc,CBCƒeƒŒƒr,ˆÉ¨_‹{‚Åu‘¢‰€Š´ŽÓÕv‘S‘‚©‚ç•c–Ø‚ð•ò”[ ƒAƒJƒ}ƒc‚Ì–Ø‚ð‚©‚²‚Éæ‚¹‚Ä’S‚¬‰FŽ¡‹´‚ð“n‚é “à‹{E_Šy“a‚Ö,https://news.yahoo.co.jp/articles/7d2ffd1fa54cb20f9f9a8154419e4ba094c6aa30,3/1(‹à) 11:39
cbc,CBCƒeƒŒƒr,ƒZƒNƒnƒ‰”F‚ß‚½Šò“ì’¬’·•sÝ‚Å‹c‰ïŽn‚Ü‚é g”Ž–î‚É‚æ‚èŒ‡Èh‚Æ‹c’·‚ªà–¾ ¬“‡‰p—Y’¬’·‚ÌŽ«E“Í‚ÉuˆÙ‹c‚È‚µv,https://news.yahoo.co.jp/articles/c54c3d72804ebb1697bf614fac1eb15b089c6507,3/1(‹à) 11:34
cbc,CBCƒeƒŒƒr,•s³Žæ“¾‚Æ’m‚è‚È‚ª‚çŠ—LŒ ‚ð•s“®ŽY‰ïŽÐ‚ÉˆÚ‚·‚È‚Ç“•i“™•ÛŠÇ‚Ì‹^‚¢‚Å‘ß•ß‚Ì’j« –¼ŒÃ‰®’nŒŸ‚ª•s‹N‘i‚É,https://news.yahoo.co.jp/articles/47778bbf18c49c5b48593f59c365e50fb7ec9d79,3/1(‹à) 11:23
cbc,CBCƒeƒŒƒr,–¼ŒÃ‰®Žs‹³ˆÏ‚Ì‹à•iŽöŽó–â‘è@V”N“xlŽ–‚Ö‚Ì‰e‹¿‚ð’²¸‚Öu‚¢‚©‚ª‚í‚µ‚¢‚±‚Æ‚ª‚ ‚é‚ÆŽv‚í‚ê‚é‚Æcv,https://news.yahoo.co.jp/articles/74146255b3318fcb9f34458633aa03d3021c7d40,3/1(‹à) 7:08
cbc,CBCƒeƒŒƒr,u‹Œ“ˆê‹³‰ï‚Æ‚ÌŠÖŒW‚ð–¾‚ç‚©‚Év•É“ìŽs‚Ì”H‹X“cŽs’·‚ÉŽs–¯‚ª–¼’ño@‹³‰ï‚ÌƒCƒxƒ“ƒg‚ÅŽÀsˆÏˆõ’·–±‚ß‚é,https://news.yahoo.co.jp/articles/d4a8d7abdfdf6980cdcce063e8840bfb9c76e875,3/1(‹à) 6:42
cbc,CBCƒeƒŒƒr,u18Î‚ª‚Ç‚ñ‚Ç‚ñŒ¸‚Á‚Ä‚¢‚­v 3l‚É1l‚ÍŒ§ŠO‚Öc@Œ§‚ÌŠë‹@Š´‚©‚çŽn‚Ü‚Á‚½‘åŠw¶‚ÌgŠw¶ŒÄ‚Ñž‚ÝƒvƒƒWƒFƒNƒgh@ˆ¤’m,https://news.yahoo.co.jp/articles/e2aecff3f074c41e85f0a356764823a39021e589,3/1(‹à) 6:04
cbc,CBCƒeƒŒƒr,ƒ_ƒCƒG[‚Æ‚µ‚ÄƒI[ƒvƒ“‚µ54”N  ƒCƒIƒ“¡’r“X‚ª—ðŽj‚É‚¢‚Á‚½‚ñ–‹ uŽv‚¢“ü‚ê‚Í‘¼“XˆÈãB ‹L‰¯‚Ì•Ð‹÷‚É‚¨‚¢‚ÄŽv‚¢o‚µ‚Äcv,https://news.yahoo.co.jp/articles/46e9dbd6288447f6b70985ad7288fac295dab4db,2/29(–Ø) 20:46
cbc,CBCƒeƒŒƒr,“d’Œ‚É‚Å‚«‚½’¹‚Ì‘ƒ‚Í’â“d‚ÌŒ´ˆö@Œ©‚Â‚¯‚½‚çê—pƒTƒCƒg‚©‚çî•ñ’ñ‹Ÿ‚ð@ˆ¤’mE”ö’£’n‹æ‚ÅŒÀ’èƒLƒƒƒ“ƒy[ƒ“,https://news.yahoo.co.jp/articles/0b0e03126371c21b9ebb770e0838e81800ae97b9,2/29(–Ø) 19:46
cbc,CBCƒeƒŒƒr,ƒhƒ‰ƒSƒ“ƒY‚Ì–ö—T–ç“ŠŽè‚ªŒð’ÊˆÀ‘S‘åŽg‚É@Ž©g‚à•ƒe‚ðŒð’ÊŽ–ŒÌ‚Å–S‚­‚· u”ß‚µ‚¢Žv‚¢‚ð‚·‚él‚½‚¿‚ªŒ¸‚ê‚Îv,https://news.yahoo.co.jp/articles/bb953b0dc438db43515f3041942f195b4bfbeb0c,2/29(–Ø) 19:08
cbc,CBCƒeƒŒƒr,uƒnƒEƒ‹‚Ìév‚É‚ ‚é–{‚Í•¶Žš”Õ‚ðŽg‚¤‚Æ‰ð“Ç‚Å‚«‚é? ƒtƒ@ƒ“‚É‚Í‚½‚Ü‚ç‚È‚¢×‚©‚¢‰‰o@‹{èŒá˜NŠÄ“ÂuŠÖŒWŽÒ‚½‚¿‚ªŸŽè‚É‚±‚¾‚í‚Á‚Ä‚¢‚évƒWƒuƒŠƒp[ƒN,https://news.yahoo.co.jp/articles/a68ed69c253db6a08765871aa5e5ec8ca89bddcd,2/29(–Ø) 18:59
cbc,CBCƒeƒŒƒr,“ŒŠC“¹VŠ²ü‚ÌN700Œn‚ð‰wŽÉ‚ÉÄ—˜—p@ŽÔ—¼‚ÉŽg‚í‚ê‚Ä‚¢‚½ƒAƒ‹ƒ~‚ª’Œ‚â“y‘ä‚É@»‘¢Žž‚ÌC02‚ð97“íŒ¸,https://news.yahoo.co.jp/articles/39d379e141361b66d453e42ee8fc0928ab4fd6a7,2/29(–Ø) 18:48
cbc,CBCƒeƒŒƒr,uˆøÓ‚Å‚Í‚È‚­‘O‚Éi‚Þ‚½‚ß‚Ì‘Ì§v  –L“cŽ©“®D‹@‚Ì–L“cècîš‰ï’·‚ª‘Þ”C‚Ö@Œã”C‚Íƒgƒˆƒ^Ž©“®ŽÔ‚ÌŽ›Žt–ÎŽ÷Œ³•›ŽÐ’·,https://news.yahoo.co.jp/articles/54f58beec50ff88543f6b6841e1b734723398d48,2/29(–Ø) 18:22
cbc,CBCƒeƒŒƒr,uÅŒã‚Í—LI‚Ì”ü‚ðü‚è‚½‚©‚Á‚½v@ƒZƒNƒnƒ‰‘›“®‚ÌŠò“ì’¬’·‚ªŽ«E“Í‚ð’ño@3ŒŽ5“ú•t‚Å’¬’·‚ðŽ«”C@Šò•Œ,https://news.yahoo.co.jp/articles/7274883b1770ed80677923887d1009c54c404ea0,2/29(–Ø) 18:16
cbc,CBCƒeƒŒƒr,1200”N‚Ì—ðŽj‚ðŽ‚Âu“ú–{ˆêŠëŒ¯‚È‰ÎÕ‚èvIH”R‚¦·‚é¼–¾‚É‰ÊŠ¸‚É”ò‚Ñž‚Þ’j«‚½‚¿‚Ì—YŽp‚É–§’…I,https://news.yahoo.co.jp/articles/c478c5b5b8a841041206db3a5d9743507167afa6,2/29(–Ø) 17:43
cbc,CBCƒeƒŒƒr,‚Ò‚æ‚è‚ñ‚ÌV“X•Ü‚ªƒI[ƒvƒ“IŒÀ’è¤•i‚àŽæ‚èˆµ‚¤u‚Ò‚æ‚è‚ñshopƒAƒgƒŠƒG“Xv‚Ì–£—Í‚ðÐ‰î,https://news.yahoo.co.jp/articles/d31c7a0d7e2ee5c9cb14209b94a0659c2f1cf3d1,2/29(–Ø) 16:58
cbc,CBCƒeƒŒƒr,‘’©‚É500ml‚ÌŠÊƒr[ƒ‹1–{‚ÆÄ’‘‚¨’ƒŠ„‚è2”t@‹Î–±1ŽžŠÔ‘O‚ÉŠÊƒr[ƒ‹‚à‚¤1–{@M†‘Ò‚¿‚Å‹–°‚è‚µˆùŽð‰^“]”­Šo@–¼ŒÃ‰®Žs’j«Eˆõi56j’¦‰ú–ÆE uŒß‘O”¼‹x‚Å‹C‚ªŠÉ‚ñ‚Å‚¢‚½v,https://news.yahoo.co.jp/articles/76f8b0bc16d96fac296fbe176876d2b8ac69bd26,2/29(–Ø) 16:29
cbc,CBCƒeƒŒƒr,ô‘ó‹@‚Å‘å–ƒ¬•ª‚ð’Šo‚µ‚Ä‚¢‚½‚©@ŽØ‚è‚½ˆêŒ¬‰Æ‚Å‘å–ƒ‚ðÍ”|‚µ‚½‹^‚¢‚ÅˆùH“XŒo‰c‚Ì’ji43j‚ð‘ß•ßE‹N‘i@–¼ŒÃ‰®,https://news.yahoo.co.jp/articles/317be1798c17a8ff2ab96235116a6d1bd5184b33,2/29(–Ø) 16:06
cbc,CBCƒeƒŒƒr,‹Ž”N12ŒŽ‚©‚ç‹ÖŽ~‚ÌŽw’è–ò•¨uHHCHv‚ðŠÜ‚Þ‰t‘Ì‚È‚ÇŠŽ‚µ‚½‹^‚¢@24Î‚Ì’j2l‚ð‘ß•ß,https://news.yahoo.co.jp/articles/52a4544c1f59c5cad717325ca6b3dbce7dad3f25,2/29(–Ø) 15:42
cbc,CBCƒeƒŒƒr,–L“cŽ©“®D‹@‚Ì‘ã•\Žæ’÷–ð‰ï’·‚ÉŽ›Žt–ÎŽ÷Ž‚ªA”C‚Ö@ƒgƒˆƒ^Ž©“®ŽÔ‚ÌŒ³•›ŽÐ’·,https://news.yahoo.co.jp/articles/e37199af5e064b0759cbf73e711b03e3454ca026,2/29(–Ø) 15:18
cbc,CBCƒeƒŒƒr,‰º˜C‰·ò‚Ì“’‚ð”\“o”¼“‡’nk‚Ì”íÐ’n‚É@ƒ^ƒ“ƒNƒ[ƒŠ[‚ªŒ»’n‚Ì‘K“’‚ÉŒü‚¯‚Äo”­@Z–¯‚ç–ñ300l‚É’ñ‹Ÿ‚Ö,https://news.yahoo.co.jp/articles/5b9dfa99a80cd5d9308318084651f2e9a1385fdc,2/29(–Ø) 12:04
cbc,CBCƒeƒŒƒr,ƒZƒNƒnƒ‰–â‘è‚Ì’¬’·‚ªŽ«E“Í‚ðgŒöŠJì¬h ‚µ‚Ä’ñouŠæ’£‚Á‚Ä‚­‚ê‚½Eˆõ‚É‚ÍŠ´ŽÓv Šò•ŒŒ§Šò“ì’¬‚Ì¬“‡‰p—Y’¬’·,https://news.yahoo.co.jp/articles/59a013303b34864dfbde8c71b6b47868caf24441,2/29(–Ø) 12:02
cbc,CBCƒeƒŒƒr,‰îŒì•Žè‚Ì—«‚ðŽEŠQ‚µˆâ‘Ì‚ð”¨‚Éc@38Î‚Ì—‚ªÙ”»‚Å‹N‘i“à—e‚ð”F‚ß‚é@ŒŸŽ@‘¤u–\s”­Šo‚ð‚¨‚»‚êŽEŠQ‚ðŒˆ‚ß‚½v •ÙŒì‘¤‚ÍS_–ÕŽã‚ðŽå’£,https://news.yahoo.co.jp/articles/d005ae716f8dba8aa7577f460ae0dbdacaaf0e9d,2/29(–Ø) 11:57
cbc,CBCƒeƒŒƒr,–¼ŒÃ‰®–¼•¨u‚Ò‚æ‚è‚ñv‚ªu‹°—³v‚É@–ñ10“úŠÔ‚ÌŠúŠÔŒÀ’è”Ì”„@•ŸˆäŒ§‚Æ‚ÌƒRƒ‰ƒ{‚Åu‰z‘O‰–v‚ðŽg—p,https://news.yahoo.co.jp/articles/f250cc0031125608fd6fd858605813fc59f67460,2/29(–Ø) 11:34
cbc,CBCƒeƒŒƒr,ƒZƒNƒnƒ‰–â‘è‚Ì’¬’·‚ªŽ«E“Í‚ð’ño u—LI‚Ì”ü‚ªü‚ê‚È‚­‚ÄŽc”Ov Šò•ŒŒ§Šò“ì’¬‚Ì¬“‡‰p—Y’¬’·@Ž«E‚Í3ŒŽ5“ú•t,https://news.yahoo.co.jp/articles/b07f0af84b6cdfd323c797762542aefb74e1292b,2/29(–Ø) 10:03
cbc,CBCƒeƒŒƒr,ƒŠƒjƒA’†‰›VŠ²üHŽ–‚ÌuŽc“yv‚ð‚ß‚®‚èA“ñ•ª‚·‚éˆÓŒ©‚Ì—¼•û‚ð‹L‚µ‚½“š•Ù‘‚ð’¬’·‚É’ño@Šò•ŒEŒä“’¬,https://news.yahoo.co.jp/articles/2302f76c729e1de95078c04c5d75cf45c3cde574,2/29(–Ø) 7:06
cbc,CBCƒeƒŒƒr,ˆÀ‰¿‚È˜J“­—Í‚ð‹‚ß‚½”Æs‚©@–³‹–‰Â‚ÅŠO‘l˜J“­ŽÒ‚ð“­‚©‚¹‚½‚Æ‚µ‚Äƒvƒ‰ƒXƒ`ƒbƒN‰ÁH‰ïŽÐ‚ÌŽÐ’·‚ç2l‚ð‘ß•ß,https://news.yahoo.co.jp/articles/a1793a5021d3d3cfcb072cb84229e44369fed389,2/29(–Ø) 6:42
cbc,CBCƒeƒŒƒr,ƒlƒbƒg‚Å‚Ì—ŽŽD‰¿Ši‚Í100–œ‰~ˆÈã@l‹Cƒ|ƒPƒ‚ƒ“ƒJ[ƒh‚Ì‹U•¨‚ð”Ì”„@¤•W–@ˆá”½‚È‚Ç‚Ì‹^‚¢‚Å’j‚ð‘ß•ß,https://news.yahoo.co.jp/articles/aae607e809be620d6f5e8bf478775a30256de3b8,2/29(–Ø) 0:27
cbc,CBCƒeƒŒƒr,ƒWƒuƒŠƒp[ƒN‚ÌVƒGƒŠƒAu–‚—‚Ì’Jv‚Éˆê‘«‘‚­ö“üu–‚—‚Ì‘î‹}•Öv‚âuƒnƒEƒ‹‚Ì“®‚­év‚Ì¢ŠE‚ð‘ÌŠ´@ƒI[ƒvƒ“‚Í3ŒŽ16“ú,https://news.yahoo.co.jp/articles/58036f476dcca2190c9e5bf7d89e5cf0edb90fef,2/28(…) 19:48
cbc,CBCƒeƒŒƒr,ƒZƒNƒnƒ‰‹^˜f‚Ì’¬’· u‚â‚Í‚èŽž‘ãöŒëv ˆê•”‚ÌŒ¾“®‚ðƒZƒNƒnƒ‰‚Æ”F‚ß‚é@Šò•ŒŒ§Šò“ì’¬‚Ì¬“‡‰p—Y’¬’·,https://news.yahoo.co.jp/articles/03b2c190776f24cf35dc5ac600b880c938a8f03d,2/28(…) 19:32
cbc,CBCƒeƒŒƒr,”Æs“–“ú‚àƒzƒXƒgƒNƒ‰ƒu‚Öc@“–“ú‚Íƒiƒ“ƒo[ƒƒ“‚ªŒˆ‚Ü‚ég’÷‚ß“úh@ƒNƒ[ƒ[ƒbƒg‚©‚ç’j«ˆâ‘Ì@‹­“ŽEl‚Ì‹^‚¢‚Å‘ß•ß‚Ì—i30j,https://news.yahoo.co.jp/articles/81bdb2a65c581f7efb5ad03d4d33312ea5b56a07,2/28(…) 19:17
cbc,CBCƒeƒŒƒr,ŒxŽ@‚Ì—¯’uê‚Å’j«‚ªŽ€–S@‘—Þ‘—ŒŸ‚³‚ê‚½9l‚Ì‚¤‚¿8l‚ð•s‹N‘i@1l‚ð‹Æ–±ã‰ßŽ¸’vŽ€‚Ìß‚Å—ªŽ®‹N‘i,https://news.yahoo.co.jp/articles/db448864d4e2336f3400fd84f06349cbd0a125aa,2/28(…) 19:12
cbc,CBCƒeƒŒƒr,“¥Ø“à‚ÉŽæ‚èŽc‚³‚ê‚½’j«‚ð•‚¯‚æ‚¤‚Æc@—ñŽÔ‚É‚Í‚Ë‚ç‚êd‘Ì‚¾‚Á‚½’j«‚ªŽ€–S@ˆ¤’mEŠâ‘qŽs,https://news.yahoo.co.jp/articles/d016c5ac20b367f03929c2dbb62c79c4fa25c714,2/28(…) 19:06
cbc,CBCƒeƒŒƒr,ŽOdŒ§Œö—§‚Z“üŽŽ2024 ŽuŠè”{—¦ ŒãŠú‘I”²‚ÌoŠèó‹µ@•’Ê‰È‚ÍŒK–¼1.13”{@Žl“úŽs0.84”{@’Ã1.21”{@ˆÉ¨0.87”{,https://news.yahoo.co.jp/articles/58b8a614aedcc7daef435b38eb6c907ed5baeffd,2/28(…) 18:53
cbc,CBCƒeƒŒƒr,uS‚ªÜ‚ê‚½v —«Eˆõ‚Ö‚ÌƒZƒNƒnƒ‰‚ª”F’è‚³‚ê‚½Šò“ì’¬‚Ì¬“‡‰p—Y’¬’·@Ž«E‚ÌˆÓŒüŽ¦‚·,https://news.yahoo.co.jp/articles/b80fc7a3c3f9531ec247e2506844db471e65d7cc,2/28(…) 18:29
cbc,CBCƒeƒŒƒr,‹{èŒá˜NŠÄ“Â‚É•·‚¢‚½ƒWƒuƒŠƒp[ƒN‚ÌVƒGƒŠƒAu–‚—‚Ì’Jv@ŠÄ“Â‚ÍuƒEƒƒEƒ‚µ‚Ä‚Ù‚µ‚¢v,https://news.yahoo.co.jp/articles/77f90d630e022c191701b2fe9624f3fb4f3035a7,2/28(…) 18:12
cbc,CBCƒeƒŒƒr,“S“¹ƒtƒ@ƒ“‚ª—·‚Ìƒƒ}ƒ“‚ðŠ´‚¶‚éu“ª’[‰wv‚Ì–£—Í‚Æ‚ÍH,https://news.yahoo.co.jp/articles/51784935a0810f159a5040e10688fa6a604806d8,2/28(…) 17:40
cbc,CBCƒeƒŒƒr,u•¨Ã‚©‚¾‚¯‚ÇcvŒ³Ž©‰qŠ¯Œó•â¶‚Ìg“Á’è­”Nh‚Ì‘fŠç‚Í@3lŽ€‚ÌŽ©‰q‘àŽËŒ‚ê‚Å‚ÌeŒ‚Ž–Œ@‹­“ŽEl‚È‚Ç‚Ìß‚Å‹N‘i,https://news.yahoo.co.jp/articles/33065c14d77751ea85eef537984cf1a8073fbb2f,2/28(…) 17:38
cbc,CBCƒeƒŒƒr,"–ì“cƒ‰ƒu‚Åƒ}ƒaƒ‰ƒu–K–âŽÀŒ»I Šò•ŒŒ§”ü”Z‰Á–ÎŽsw‰Â–Î“Á•ÊŽx‰‡ŠwZx‚Å""ƒ‚[ƒjƒ“ƒOƒZƒbƒg""‚Æ""ƒTƒbƒJ[""–ž‹i",https://news.yahoo.co.jp/articles/97c355b5509504c6b6707ffe46f123964749e945,2/28(…) 17:10
cbc,CBCƒeƒŒƒr,"20‘ã‚©‚ç‘Ì‚ÉƒTƒCƒ“‚ªI""Žl\Œ¨EŒÜ\Œ¨""‚Ìƒ`ƒFƒbƒNƒeƒXƒg•—\–h–@‚ðˆãŽt‚ª“`ŽöI",https://news.yahoo.co.jp/articles/c3d0292664080625799a9bcee76f6c42bfc3b811,2/28(…) 16:50
cbc,CBCƒeƒŒƒr,‚ ‚ Š¨ˆá‚¢IƒLƒNƒ‰ƒQ‚ÍŠC‘”H‰èƒLƒƒƒxƒc‚Í¬‚³‚¢ƒLƒƒƒxƒcHŽÀÛ‚Í...,https://news.yahoo.co.jp/articles/bcc539a919e0e8ca21a90c53214bdabc78383c8d,2/28(…) 16:50
cbc,CBCƒeƒŒƒr,_’j‚ð‚ß‚ª‚¯‚Ä‚à‚Ý‡‚¢IH –ï”N‚Ìƒ‚ƒmƒ}ƒlŒ|lJP‚ªŠïÕu‘•{‹{‚Í‚¾‚©Õv‚ÉŽQíI –³Ž–‚É_’j‚ÉG‚ê‚ç‚ê‚½‚Ì‚©H,https://news.yahoo.co.jp/articles/b516bd24a2a8a0ef96b7b7bd2a824e8222ffa430,2/28(…) 16:50
cbc,CBCƒeƒŒƒr,u’sŠ¿‚â“ŽB‚Í”Æß‚Å‚·v ŒxŽ@Š¯‚ªŒ[”­ƒ|ƒXƒ^[‚ðŽè‚ÉŒÄ‚Ñ‚©‚¯@“d˜b‚Å‚à”íŠQ‚Ì‘Š’k‚ðŽó‚¯•t‚¯@–¼ŒÃ‰®,https://news.yahoo.co.jp/articles/ae8629a8c5532ec74ccc4977969a79f2a6ad37d5,2/28(…) 15:21
cbc,CBCƒeƒŒƒr,u’†“úƒNƒ‰ƒEƒ“ƒYv‚ÌoêŒ ‚ð‚©‚¯‚½ƒSƒ‹ƒt‘å‰ï@‘S‘‚©‚çƒvƒ‚ÆƒAƒ}ƒ`ƒ…ƒA117l‚ªoê‚µ”Mí@Šò•ŒE‰ÂŽ™Žs,https://news.yahoo.co.jp/articles/47efa7a386cf5e60b1e29314695bc61bb1b2938c,2/28(…) 15:18
cbc,CBCƒeƒŒƒr,3lŽ€‚ÌŽ©‰q‘àŽËŒ‚ê‚Å‚ÌeŒ‚Ž–Œ@Œ³Ž©‰qŠ¯Œó•â¶‚Ìu“Á’è­”Nv‚ð‹N‘i‚µŽÀ–¼‚ðŒö•\@Šò•Œ’nŒŸ,https://news.yahoo.co.jp/articles/a91e1bce0dc8b7308943e452b0f1c936817e9db2,2/28(…) 13:08
cbc,CBCƒeƒŒƒr,ƒWƒuƒŠƒp[ƒN‚É3ŒŽƒI[ƒvƒ“@VƒGƒŠƒAu–‚—‚Ì’Jv‚ðŒöŠJ@ƒˆ[ƒƒbƒp•—‚ÌŠX•À‚Ý‚ÉƒŒƒXƒgƒ‰ƒ“‚à,https://news.yahoo.co.jp/articles/193bbeb44985c8dd2f74479a6d9cc9e3dab13975,2/28(…) 12:24
cbc,CBCƒeƒŒƒr,ƒZƒNƒnƒ‰‹^˜f‚ª•ñ‚¶‚ç‚ê‚½’¬’·@‘æŽOŽÒˆÏˆõ‰ï‚ª”F’è‚µ‚½Œ¾“®‚Ì‚¤‚¿8‚Â‚ðuŽ–ŽÀv‚Æ”F‚ß‚é@Šò•ŒEŠò“ì’¬,https://news.yahoo.co.jp/articles/a7fc9b5e6b80ee9dfaba1de6fff01f6826b6c785,2/28(…) 12:19
cbc,CBCƒeƒŒƒr,ƒzƒXƒgƒNƒ‰ƒu‚É2‚©ŒŽ‚Å–ñ5000–œ‰~‚Â‚¬ž‚ñ‚¾‚©@‹M‹à‘®”ƒŽæ“X‚ÌŒo‰cŽÒ‚ðŽEŠQ‚µ‚½‚È‚Ç‚Ì‹^‚¢‚Å‘ß•ß‚Ì—i30j,https://news.yahoo.co.jp/articles/b7a14e90f14d433c8760500480179fdf0f12d4ab,2/28(…) 12:19
cbc,CBCƒeƒŒƒr,u‰ÎÐ•ñ’m‹@‚ª–Â‚èL‚¢‚ª‚·‚év‚ÆƒAƒp[ƒg‚©‚ç’Ê•ñ@“|‚ê‚Ä‚¢‚½‚—î—«1l‚ªŽ€–S@–¼ŒÃ‰®E“ì‹æ,https://news.yahoo.co.jp/articles/d91b93a48e55b37d5d34c008ee910a7739d35f97,2/28(…) 11:24
cbc,CBCƒeƒŒƒr,ƒgƒˆƒ^Ž©“®ŽÔ@‰Ò“­’âŽ~‚Ì2Hê2ƒ‰ƒCƒ“‚ð3ŒŽ4“ú‚©‚çÄŠJ@35“ú‚Ô‚è‚Ì‘S–ÊÄŠJ@–L“cŽ©“®D‹@‚ÌƒGƒ“ƒWƒ“”FØ•s³–â‘è,https://news.yahoo.co.jp/articles/e45fe3eb2bbf200d0dc7b29fb1eeeebeab97a309,2/28(…) 9:42
cbc,CBCƒeƒŒƒr,tæ‚ÉŒ»‚ê‚ég–‚‚ÌƒT[ƒNƒ‹h@‚±‚ê‚ªŒ»‚ê‚½“ú‚Í‰Ô•²Ç‚Ìl‚Í—v’ˆÓ@Œ´ˆö‚ÍŠe’n‚Å‘å—Ê”òŽU‚µ‚Ä‚¢‚é‰Ô•²@g‰Ô•²ŒõŠÂh,https://news.yahoo.co.jp/articles/1cf68d34bee6bd02e66a496e5b5b3f614e1872cb,2/28(…) 6:02
cbc,CBCƒeƒŒƒr,–Ø‘¢ƒAƒp[ƒg‚©‚ço‰Î@Z–¯‚Æ‚Ý‚ç‚ê‚é70‘ã‚®‚ç‚¢‚Ì—«‚ªS”x’âŽ~,https://news.yahoo.co.jp/articles/c24f4331e9fec10fe4ae7165265163f01a85f7fe,2/28(…) 0:48
cbc,CBCƒeƒŒƒr,u‚±‚ñ‚È‚±‚Æ‚ÅƒZƒNƒnƒ‰‚É‚È‚é‚Ì‚©v‚ÆŽå’£@Šò•ŒEŠò“ì’¬’·‚ª99‚ÌƒZƒNƒnƒ‰‚Ì‚¤‚¿8‚Â‚Ìsˆ×‚ð”F‚ß‚é,https://news.yahoo.co.jp/articles/ef5053682c8dd9523099e5a42c306f25286b56d3,2/28(…) 0:43
cbc,CBCƒeƒŒƒr,ƒuƒ‰ƒWƒ‹lŽo–…ŽEl•ú‰Î@ƒyƒ‹[‘Ð‚Ì’j‚É–³Šú’¦–ð‚Ì”»Œˆ@ˆ¤’mE”¼“cŽs,https://news.yahoo.co.jp/articles/76c2e00a672ae051684592d88662bc71651fc01c,2/27(‰Î) 20:38
cbc,CBCƒeƒŒƒr,SNS‚ð’Ê‚¶‚Ä’m‚è‡‚¢“ŠŽ‘‚ðŠ©‚ß‚ç‚ê@ˆÃ†Ž‘ŽY‚¾‚Ü‚µŽæ‚ç‚ê‚é¼‹\‘ŠŽŸ‚®@”íŠQ‚Í–ñ4800–œ‰~‘Š“–,https://news.yahoo.co.jp/articles/c7ef3aecf6e6e43a497523e620189127076a08c3,2/27(‰Î) 20:02
cbc,CBCƒeƒŒƒr,u’Ð•¨‚Ì‚ ‚è•û‚ð•Ï‚¦‚év ƒsƒ“ƒNF‚ÌutF‚½‚­‚ ‚ñv‚Å’§‚Þ˜V•Ü‚Ì4‘ã–Ú@‚½‚­‚ ‚ñ‹ÆŠE‚Í40”N‚Å¶ŽY—Ê5•ª‚Ì1‚ÌŒ»ŽÀ@ˆ¤’mE“cŒ´Žs,https://news.yahoo.co.jp/articles/e72a1c340f1fc7b0b7a438655aca952b3182fe81,2/27(‰Î) 19:42
cbc,CBCƒeƒŒƒr,–L“cŽ©“®D‹@‚ÌŽ©“®ŽÔ—pƒGƒ“ƒWƒ“3‹@Ží‚Ìo‰×’âŽ~ŽwŽ¦‚ð‰ðœ@ƒGƒ“ƒWƒ“«”\ŽŽŒ±‚Ì•s³–â‘è@‘“yŒð’ÊÈ,https://news.yahoo.co.jp/articles/d45c10af38dc8bc24015c6650f1dc45c1b789c9d,2/27(‰Î) 19:04
cbc,CBCƒeƒŒƒr,ŠC‚ÌˆÀ‘S‚Æ–L‹™‚ð‹FŠè‚·‚éuŒä‘DÕv ŠJÃ’n‚Ì³•ŸŽ›‚Í ]ŒËŽž‘ã‚É‘åã‚Æ]ŒË‚ðŒ‹‚ÔgqŠC‚Ì–Ú•W“_h,https://news.yahoo.co.jp/articles/36194f0dac4b4558011d60b5f757eaf2e9db5597,2/27(‰Î) 18:46
cbc,CBCƒeƒŒƒr,ƒ}ƒ“ƒVƒ‡ƒ“‚ÌƒNƒ[ƒ[ƒbƒg‚©‚ç’j«‚Ìˆâ‘Ì‚ªŒ©‚Â‚©‚Á‚½Ž–Œ@ˆâ‘Ì‚ðˆâŠü‚µ‚½ß‚Å‹N‘i‚³‚ê‚½—‚ð‹­“ŽEl—e‹^‚ÅÄ‘ß•ß,https://news.yahoo.co.jp/articles/c97163c7d9907677a80ccff18c89920f5fbdb087,2/27(‰Î) 18:36
cbc,CBCƒeƒŒƒr,11”N‘O‚É27Î‚Ì’j«‚ªŽ€–S‚µ‚½Ž–Œ@ŠQ’vŽ€‚Ì‹^‚¢‚Å‘ß•ß‚Ì’j«‚ð•s‹N‘iˆ•ª‚É@ŽOdE¼ãŽs,https://news.yahoo.co.jp/articles/fa9ff5e5070a0a5497ee5fea2d38b6a3691165af,2/27(‰Î) 18:06
cbc,CBCƒeƒŒƒr,–¼ŒÃ‰®ŽO‰z‚ÌŽÐ’·‚É—é–Ø—²—RŽi54j‚ª“à’è@‘OŽÐ’·‚Ì“c’†“NŽ‚ÍÝ”C’†‚É‚·‚¢‘Ÿ‚ª‚ñ‚ÅŽ€‹Ž,https://news.yahoo.co.jp/articles/2c584fc5dbb8fa0473ab63aa6ae795cad8f05b81,2/27(‰Î) 18:04
cbc,CBCƒeƒŒƒr,‚¤‚¸‚ç—‘‚ð‹l‚Ü‚ç‚¹¬1”N’jŽ™‚ªŽ€–S@ˆãŽt‚É•·‚¢‚½‘Îˆ–@u‚ë‚Áœ‚ªÜ‚ê‚Ä‚à‚¢‚¢‚©‚ç• •”‚ðˆ³”—v,https://news.yahoo.co.jp/articles/867c66c379ac8ff3deecc034de228d99f4454fe9,2/27(‰Î) 17:51
cbc,CBCƒeƒŒƒr,ƒiƒ“ƒo[ƒvƒŒ[ƒg‚Íu‚Æ 10[6v ƒWƒuƒŠƒp[ƒN‚ð‘–‚éuƒlƒRƒoƒXv‚ðŒöŠJ u–‚—‚Ì’JvƒI[ƒvƒ“‚Ì3ŒŽ16“ú‚©‚ç‡‚í‚¹‰^sŠJŽn,https://news.yahoo.co.jp/articles/a729aacb6d5459e6e663767624e9ce34f628bc2d,2/27(‰Î) 17:42
cbc,CBCƒeƒŒƒr,ƒ`ƒŠ‚ÉƒnƒƒC‚É...ŠCŠO‚Å‘å‹K–Í‚ÈŽR‰ÎŽ–‚ª”­¶‚·‚é——R‚Æ‚ÍH,https://news.yahoo.co.jp/articles/08bb568cf5eaeb24a3aef292bf586da7641aff03,2/27(‰Î) 17:40
cbc,CBCƒeƒŒƒr,K‚ðG‚éA•ø‚«‚Â‚­‚È‚Ç’¬’·‚É‚æ‚é—«Eˆõ‚Ö‚Ì99‚ÌƒZƒNƒnƒ‰sˆ×‚ð”F’è@’¬’·‚Íuˆê•û“I‚È“à—ev‚Æ”½˜_@Šò•ŒŒ§Šò“ì’¬‚Ì¬“‡‰p—Y’¬’·,https://news.yahoo.co.jp/articles/e15f9e10296e05d0d16b3a96c5ae446797006f68,2/27(‰Î) 17:21
cbc,CBCƒeƒŒƒr,11ŠKŒš‚Ä‚ÌŒ§‰cZ‘î‚Å‰ÎŽ–@‰ÎŒ³‚Í5ŠK•t‹ß‚©@Á‰ÎŠˆ“®‚ª‘±‚­@–¼ŒÃ‰®E“ì‹æy‘¬•ñz,https://news.yahoo.co.jp/articles/cc803eb3f2018d8c53c729946a0758df343b7cc4,2/27(‰Î) 17:09
cbc,CBCƒeƒŒƒr,Šâ£Ž‚Ìƒhƒ‰ƒSƒ“ƒY“Š‘Å‚ÌƒlƒNƒXƒgƒuƒŒƒCƒN—\‘zIVí—Í‚à’–ÚŒó•âI,https://news.yahoo.co.jp/articles/d7a8abe27587748e81c30feb79067817084a017d,2/27(‰Î) 16:50
cbc,CBCƒeƒŒƒr,ƒXƒM–ò‹Ç‚ª‚—îŽÒŽ{Ý43‚©Š‚ÉuAEDv‚ðŠñ‘¡@ƒLƒƒƒ“ƒy[ƒ“”„‚èã‚°‚Ìˆê•”‚ð—˜—p‚µ11”N‘O‚©‚çŒp‘±,https://news.yahoo.co.jp/articles/e39a98f775807f533e001602d2c641824d120e98,2/27(‰Î) 16:31
cbc,CBCƒeƒŒƒr,“ú–{‰‚Ì——D gƒ}ƒ_ƒ€’å“zh ‚ª‘nŒš‚µ‚½Ž›‚Å•sR‰Î@‘‚Ì“o˜^—LŒ`•¶‰»à‚Ìà˜O“°‚ªÄ‚¯‚é@‹Ž”N‚Í‹«“à‚ÅŠø2–{‚ª”R‚¦‚é‰ÎÐ‚à,https://news.yahoo.co.jp/articles/b0a7eb22993d52eff7578ea866b4e4ab5781646d,2/27(‰Î) 16:21
cbc,CBCƒeƒŒƒr,K‚ðG‚éA•ø‚«‚Â‚­@’¬’·‚É‚æ‚é—«Eˆõ‚Ö‚Ì99‚ÌƒZƒNƒnƒ‰sˆ×‚ð”F’è@‘æŽOŽÒˆÏˆõ‰ï‚ªu‘¦Žž‚ÌŽ«EˆÈŠO‚Ì‘I‘ðŽˆ‚Í‚È‚¢v‚ÆŽw“E@ Šò•ŒEŠò“ì’¬,https://news.yahoo.co.jp/articles/4dd88f73db489ce4e56aa29d4cca11cf9aa4a430,2/27(‰Î) 14:03
cbc,CBCƒeƒŒƒr,u¼‹\Žt‚É’ˆÓ!v‚ÆŠçŽÊ^“ü‚è‚ÌŽ†‚ðì‚Á‚Ä’nˆæ‚ÌŒfŽ¦”Â‚É“\‚è•t‚¯‚é@–¼—_Šü‘¹‚Ì‹^‚¢‚Å53Î‚Ì’j‚ð‘ß•ß@‹à‘Kƒgƒ‰ƒuƒ‹‚ª”wŒi‚©@Šò•Œ,https://news.yahoo.co.jp/articles/cdc6fdceba6bdce4e3c3385af5191a641740ea45,2/27(‰Î) 13:06
cbc,CBCƒeƒŒƒr,’¬’·‚Ì—«Eˆõ‚Ö‚ÌƒZƒNƒnƒ‰‹^˜f@‘æŽOŽÒˆÏˆõ‰ï‚ª’²¸Œ‹‰Ê‚ð•ñ@’¬‚Ìƒz[ƒ€ƒy[ƒW‚Å27“úŒßŒã2Žž‚ÉŒöŠJ‚Ö@Šò•ŒEŠò“ì’¬,https://news.yahoo.co.jp/articles/709eab6d5f6590483b9984d1598c2aa0b1795124,2/27(‰Î) 12:02
cbc,CBCƒeƒŒƒr,gƒ}ƒ_ƒ€’å“zh “ú–{‰‚Ì——D‚Æ‚³‚ê‚éìã’å“z‚ª‘nŒš‚µ‚½Ž›‚Å‰ÎŽ–@à‚Â‚«“°‚ªÄ‚¯‚é@Šò•ŒEŠe–±Œ´Žs‚Ì¬“cŽR’åÆŽ›,https://news.yahoo.co.jp/articles/cfa8594100846bc26beba2e0ca91c1f0981bb94e,2/27(‰Î) 11:48
cbc,CBCƒeƒŒƒr,ƒNƒ[ƒ[ƒbƒg‚©‚ç’j«ˆâ‘Ì@ˆâ‘Ì‚ðˆâŠü‚µ‚½ß‚Å‹N‘i‚Ì—‚ð‹­“ŽEl—e‹^‚ÅÄ‘ß•ß@’D‚Á‚½‹à‚ÍƒzƒXƒg‚É‚Â‚¬ž‚ñ‚¾‚©,https://news.yahoo.co.jp/articles/ae8776f548e2ca2878ffbfa8af684e22ea5a9581,2/27(‰Î) 11:42
cbc,CBCƒeƒŒƒr,yŒð’Êî•ñz“ŒŠC“¹VŠ²ü@ŽO“‡`V•xŽm‚Ì‰º‚èü@‰^“]ÄŠJ,https://news.yahoo.co.jp/articles/1250a994dbdfcbb70c386bc4966e1a7700683f0f,2/27(‰Î) 10:48
cbc,CBCƒeƒŒƒr,Hê‚©‚ç”ro‚³‚ê‚é“ñŽ_‰»’Y‘f‚Åƒ~ƒJƒ“‚ÌŽûŠn—ÊƒAƒbƒv@CO2‚ð‰·ŽºƒnƒEƒX‚ÉŽU•z‚·‚éŽÀØŽÀŒ±@ˆ¤’mEŠ—ŒSŽs,https://news.yahoo.co.jp/articles/7822ac13651377345f35b61757e8a5769ee3a5d2,2/27(‰Î) 10:42
cbc,CBCƒeƒŒƒr,—Žq‚¶‚É‚àl‹C‚¾‚Á‚½uƒ|ƒPƒbƒgƒxƒ‹v`•Ö—˜‚È˜A—ƒc[ƒ‹ ‚»‚Ì”¼¢‹I‚ÌŽv‚¢o,https://news.yahoo.co.jp/articles/1e5f3a492c64712df9053b255ec59b6899a6da3b,2/27(‰Î) 10:40
cbc,CBCƒeƒŒƒr,—§˜QŠÄ“Â‚ªu‚ ‚êA‚¦‚¦‚¼v‚Æ‚¢‚¤‘IŽè‚ÍHª”ö“ŠŽè‚Ìƒ[ƒe[ƒVƒ‡ƒ““ü‚è‚ÍH‹gŒ©ˆê‹N‚ª’†“ú‚ÌƒLƒƒƒ“ƒv‚ð‘Š‡,https://news.yahoo.co.jp/articles/912d4ee6b6fe5226cfc1d4987cd50ed694043cb2,2/27(‰Î) 6:50
cbc,CBCƒeƒŒƒr,u’N‚à—Ö“‡‚ð‚ ‚«‚ç‚ß‚Ä‚¢‚È‚¢v ”\“o”¼“‡’nk‚ÉŒü‚«‡‚¤28Î‚Ì—Ö“‡“hEl ’‡ŠÔ‚Ìì•i‚ð”íÐ’n‚©‚ç‰^‚Ñc‚Ó‚é‚³‚Æˆ¤’m‚ÅŠˆ“®,https://news.yahoo.co.jp/articles/7fe0de070d3c66711780591abdb4dcbade7947fd,2/27(‰Î) 6:16
cbc,CBCƒeƒŒƒr,u‚¨Ž›‚Ìà‚Â‚«“°‚ª”R‚¦‚Ä‚¢‚év¬“cŽR’åÆŽ›‚Ìà˜O“°‚Å‰ÎŽ–@‚¯‚ªl‚È‚µ@Šò•ŒEŠe–±Œ´Žs,https://news.yahoo.co.jp/articles/69050882b3b748c08c42ab3f202fb9efb9affdc3,2/27(‰Î) 5:59
cbc,CBCƒeƒŒƒr,ƒNƒ}‚Ì–ÚŒ‚î•ñ‚ªð”N“x0‚©‚ç¡”N“x7Œ‚É‘‰Á@ƒNƒ}‚ªŽsŠX’n‚Éo–v‚µ‚½‚±‚Æ‚ð‘z’è‚µ‚½‰‚ÌŒP—û‚ðŽÀŽ{@ŽOdE”ö˜hŽs,https://news.yahoo.co.jp/articles/5927367d464e35fc3f0f52150f179fd5d0363808,2/27(‰Î) 5:42
cbc,CBCƒeƒŒƒr,ƒNƒ}‚Ì‘–‚éƒXƒs[ƒh‚ÍŽž‘¬50ƒLƒ@’g“~‚Ì‚±‚Æ‚µ“~–°‚©‚ç‘‚ß‚É–ÚŠo‚ß‚é‰Â”\«‚à@”íŠQ‚É‘˜‚í‚È‚¢‚½‚ß‚É‚Í‚Ç‚¤‚·‚ê‚Î‚¢‚¢?,https://news.yahoo.co.jp/articles/358e3d7b52abb7d3b8def25515427b93f60d1da7,2/27(‰Î) 5:42
cbc,CBCƒeƒŒƒr,‚Ù‚ÚŠÛˆê“ú”R‚¦‘±‚¯‚â‚Á‚Æ’Á‰Î@ŽRÏ‚Ý‚ÌŽY‹Æ”pŠü•¨‚ª”R‚¦‚é‰ÎŽ–@ˆ¤’mE–L‹´Žs,https://news.yahoo.co.jp/articles/df5bcb6977944c49c2ff940caa781720e5c655a9,2/27(‰Î) 1:51
cbc,CBCƒeƒŒƒr,‰Í‘º‚½‚©‚µŽs’·cZ’·E‹³“ªE‹³–±Žå”C‚È‚Ç‚ÌlŽ–u˜‚¦’u‚«‚É‚·‚é‚Ù‚©Žd•û‚È‚¢v–¼ŒÃ‰®Žs‹³ˆçˆÏˆõ‰ï‚Ì‹à•iŽöŽó–â‘èŽó‚¯ˆÓŒ©,https://news.yahoo.co.jp/articles/de1b62031fcd75157a66adcc7c42d00fe0dd7a6f,2/27(‰Î) 0:19
cbc,CBCƒeƒŒƒr,’nŒ³ÝZ‚Ì’·’j‚¾‚¯‚ªŽQ‰Á‚Å‚«‚½gŽ‚Žq•‘h‚ªƒsƒ“ƒ`‚Å•Ï‰»@‘¶‘±Šë‹@‚Åu—«v‚âu’n‹æˆÈŠO‚ÌZ–¯v‚É‚àŽQ‰ÁŒÄ‚Ñ‚©‚¯@ŽOdŒ§’ÃŽs‚Ìg’†–ìŽ‚Žq•‘h,https://news.yahoo.co.jp/articles/b3ffda810857d4026a9d2e1b0a3e5fe6b375cc1c,2/26(ŒŽ) 22:23
cbc,CBCƒeƒŒƒr,“ŒŠCŠÂó“¹@“yŠòJCT`‰ÂŽ™Œä“IC@“à‰ñ‚èEŠO‰ñ‚è‚Æ‚à’ÊsŽ~‚ß‰ðœ,https://news.yahoo.co.jp/articles/eb5f0a8c6ef7c3f0fd2294ff8f2926fe7a5bde48,2/26(ŒŽ) 20:21
cbc,CBCƒeƒŒƒr,ŽY‹Æ”pŠü•¨‚ª”R‚¦‚é‰ÎŽ–@o‰Î‚©‚ç18ŽžŠÔ‚ªŒo‰ß‚µ‚Ä‚à”R‚¦‘±‚¯‚é@Žs‚ª‹ß—×‚Ì5Z‹æ‚É‘‹‚ðŠJ‚¯‚È‚¢‚æ‚¤ŒÄ‚Ñ‚©‚¯@ˆ¤’mE–L‹´Žs,https://news.yahoo.co.jp/articles/b1b6d52b2014d1ea7aa9f97043d55c079b666df9,2/26(ŒŽ) 18:42
cbc,CBCƒeƒŒƒr,«Šû‚Ì‹î‚Íu‰Ÿ‚µ‹îvu‘‚«‹îv‚È‚Ç‘å‚«‚­5Ží—Þ@Å‚‹‰•i‚Íu·ã‹îi‚à‚è‚ ‚°‚²‚Üjv ƒ^ƒCƒgƒ‹í‚ÅŒÂlŠ—L‚Ì‹î‚ªŽg‚í‚ê‚éˆÓ–¡‚Í?,https://news.yahoo.co.jp/articles/d82dad51ed54fae69a97893b0ee31344aff743f7,2/26(ŒŽ) 18:36
cbc,CBCƒeƒŒƒr,¢ŠE‚Å3–{‚¾‚¯IH Šò•Œ‚Ì”é‹«‚É‚ ‚é“ÁˆÙ\‘¢‚Ì’Ý‚è‹´ u70”N‚Ì—ðŽj‚ÉIŽ~•„v,https://news.yahoo.co.jp/articles/cdb52a033001a9245b73525f036ba914f0674dd4,2/26(ŒŽ) 17:50
cbc,CBCƒeƒŒƒr,kÐ‚Å“|‰ó‚µ‚½‰Æ‚©‚çŒ©‚Â‚©‚Á‚½g‹îh@“¡ˆä‘‘¾”ªŠ¥i21j‚Ì“¯Šw”N‘ÎŒˆ‚ÅŽg‚í‚ê‚é u“Á•Ê‚È‹î‚¾‚ÆŽv‚¤‚Ì‚Å ‚¢‚¢«Šû‚Év,https://news.yahoo.co.jp/articles/1b34723bf8e951ee174f40bd50b3e28720166ea1,2/26(ŒŽ) 17:23
cbc,CBCƒeƒŒƒr,Œyæ—pŽÔ‚ª‰¡“]‚·‚éŽ–ŒÌ@“ŒŠCŠÂó“¹“yŠòJCT`‰ÂŽ™Œä“IC“à‰ñ‚èEŠO‰ñ‚è‚Æ‚à’ÊsŽ~‚ßi26“úŒßŒã5ŽžŒ»Ýj,https://news.yahoo.co.jp/articles/bf639f56a377db446e5417d3477173e1f3e6a525,2/26(ŒŽ) 17:16
cbc,CBCƒeƒŒƒr,‚Í‚¾‚©‚Å6ŽžŠÔ•à‚­IH u‘•{‹{‚Í‚¾‚©Õv‚Ì‚à‚Ý‡‚¢‘O‚És‚í‚ê‚é_Ž–u™T’Çù•ò”[v‚Æ‚Í,https://news.yahoo.co.jp/articles/899a4d53df71dcddcb3ae99a3c15dde978bdcf27,2/26(ŒŽ) 17:05
cbc,CBCƒeƒŒƒr,"“ñ—VŠÔ‚»‚ë‚»‚ëŒˆ‚ß‚ÄI—§˜Qƒhƒ‰ƒSƒ“ƒYt‹GƒLƒƒƒ“ƒv‚ÅŽc‚³‚ê‚½""–¢‰ðŒˆ""‚½‚¿",https://news.yahoo.co.jp/articles/c93fb34552a8225e67c4d86bb7f3d04bfac97fab,2/26(ŒŽ) 16:50
cbc,CBCƒeƒŒƒr,Ž€‚ñ‚Å‚¢‚½–ì’¹‚ÌƒzƒVƒnƒWƒ‚Í‚•aŒ´«’¹ƒCƒ“ƒtƒ‹ƒGƒ“ƒU‚ÆŠm”F@ˆ¤’mŒ§‚Å‚ÌŠm”F‚Í2022”N‚ÌƒAƒCƒKƒ‚ˆÈ—ˆ@ˆ¤’mE–L‹´Žs,https://news.yahoo.co.jp/articles/eeb6e2ae8f4ad5f1d9bf15c763a00c451a8d4559,2/26(ŒŽ) 16:39
cbc,CBCƒeƒŒƒr,Œœ”O‚³‚ê‚é‘¾—zŒõƒpƒlƒ‹‚Ìg2030”N–â‘èh@”pŠüƒpƒlƒ‹‚ð1•ª‚ÅƒKƒ‰ƒX‚ÆƒtƒŒ[ƒ€‚É•ª‰ð@ƒŠƒTƒCƒNƒ‹‘•’u‚ð‚¨”â˜I–Ú,https://news.yahoo.co.jp/articles/b668d4ccf9feb59fb36fcc938215374961ae4910,2/26(ŒŽ) 16:16
cbc,CBCƒeƒŒƒr,ŽY‹Æ”pŠü•¨‚ª”R‚¦‚é‰ÎŽ–@15ŽžŠÔŒo‚Á‚Ä‚àÁ‰ÎŠˆ“®‘±‚­@Žs‚ªŽ©Žå”ð“ïêŠ‚ðŠJÝ‚µu‘‹‚ðŠJ‚¯‚È‚¢‚Åv‚ÆŒÄ‚Ñ‚©‚¯@ˆ¤’mE–L‹´Žs,https://news.yahoo.co.jp/articles/606253d68f33d9760e266b6b79e77c8a9afe0b5a,2/26(ŒŽ) 16:08
cbc,CBCƒeƒŒƒr,“ŒŠCŠÂó“¹@“yŠòJCT`‰ÂŽ™Œä“IC@Ž–ŒÌ‚Ì‚½‚ß’ÊsŽ~‚ß,https://news.yahoo.co.jp/articles/ccb8a6eea2fe812ca95d020202972a2a1eecef7d,2/26(ŒŽ) 16:06
cbc,CBCƒeƒŒƒr,Z‘î‚È‚Ç4“‚ªÄ‚¯‚é‰ÎŽ–@Šç‚È‚Ç‚É‚â‚¯‚Ç‚ð•‰‚¢2l‚ª•a‰@‚É”À‘—@o‰Î“–Žž‚Í‹­‚¢•—@Šò•ŒE“yŠòŽs,https://news.yahoo.co.jp/articles/387e0b8ced773183371d3535cbe33f45aac0859b,2/26(ŒŽ) 16:02
cbc,CBCƒeƒŒƒr,–¡‘XƒJƒc‚Í“¤–¡‘X•¶‰»Œ—‚ª¶‚ñ‚¾—mH‚ÌÅ‚Œ†ìI`‘å’|•q”V‚ÌuƒVƒ“E–¼ŒÃ‰®‚ß‚µv,https://news.yahoo.co.jp/articles/b901a598589583103c489490784504dbfe2c35be,2/26(ŒŽ) 16:00
cbc,CBCƒeƒŒƒr,4Î‚Ì–º‚ð“]“|‚³‚¹Ž€–S‚³‚¹‚½ß‚É–â‚í‚ê‚½•êe‚É’¦–ð8”N‚ð‹ŒY@•ÙŒì‘¤‚Í’¦–ð4”N‚ª‘Š“–‚ÆŽå’£@’Ã’n•ûÙ”»Š,https://news.yahoo.co.jp/articles/97c820337ecf07974d1c481e06b5a0962bb97f9a,2/26(ŒŽ) 15:51
cbc,CBCƒeƒŒƒr,AVV–@ˆá”½‚Å‘ß•ß‚³‚ê‚½’j‚ðƒpƒpŠˆ—«‚Æ‚Ì‚í‚¢‚¹‚Â“®‰æ‚ðŒöŠJ‚µ‚½‹^‚¢‚ÅÄ‘ß•ß uŽ©•ª‚ÅŒ©‚é‚¾‚¯v‚ÆŒ¾‚Á‚ÄŽB‰e@ƒŠƒxƒ“ƒWƒ|ƒ‹ƒm–hŽ~–@ˆá”½,https://news.yahoo.co.jp/articles/42dc70648966c115476002a442b55411cc621b73,2/26(ŒŽ) 12:53
cbc,CBCƒeƒŒƒr,Ì—pì‚É‚ÍÜ‹à100–œ‰~@2026”NƒAƒWƒA‘å‰ï‚ÌŒöŽ®ƒ}ƒXƒRƒbƒgƒfƒUƒCƒ“ˆÄ‚ð•åW@3ŒŽ20“ú‚©‚ç4ŒŽ4“ú‚Ü‚Å‰ž•å‚ðŽó‚¯•t‚¯,https://news.yahoo.co.jp/articles/a775df220491cc47d3a2074e586a2b5258042e19,2/26(ŒŽ) 12:06
cbc,CBCƒeƒŒƒr,ŽO‚ÂŽq‚ÌƒRƒcƒƒJƒƒEƒ\‚ÌÔ‚¿‚á‚ñ‚ð‚¨”â˜I–Ú@¶Œã3‚©ŒŽ‚Å–¼‘O‚ÍŒ»Ý•åW’†@ƒAƒNƒAEƒgƒg ‚¬‚Ó,https://news.yahoo.co.jp/articles/8438633d8e1ec12f25903c2d4e020ded55114213,2/26(ŒŽ) 11:57
cbc,CBCƒeƒŒƒr,ŽY‹Æ”pŠü•¨‚ª”R‚¦‚é‰ÎÐ@4‚Â‚ÌŠw‹æ‚É‘‹‚ðŠJ‚¯‚È‚¢‚æ‚¤Žs‚ªŒÄ‚Ñ‚©‚¯@ŽRÏ‚Ý‚É‚È‚Á‚½‹à‘®•Ð‚È‚Ç•ö‚µ‚È‚ª‚çÁ‰ÎŠˆ“®‘±‚­@ˆ¤’mE–L‹´Žs‚ÌHê’n‘Ñ,https://news.yahoo.co.jp/articles/bbc841b1bae99ac997b39af9c6912c426e1758d6,2/26(ŒŽ) 9:51
cbc,CBCƒeƒŒƒr,uƒAƒWƒAƒpƒ‰‹£‹Z‘å‰ïv‘æˆê‰ñ’²®ˆÏˆõ‰ïŠJÃ@ˆÏˆõ‰ï‚Ìƒƒ“ƒo[‚ª‹£‹Z‰ïê‚È‚ÇŽ‹Ž@,https://news.yahoo.co.jp/articles/0ea2b19858bc8d04acb9e3a18da4cb646ec86d67,2/26(ŒŽ) 0:59
cbc,CBCƒeƒŒƒr,“râ‚¦‚½“`“AŽæ‚è–ß‚¹‚é‚©@uˆÉ¨ŽR“cŽPv‚ð‹Œ‰Æ‚Å“WŽ¦,https://news.yahoo.co.jp/articles/b1065531d15de1f750df73933b2dcdd42771d9ce,2/25(“ú) 18:02
cbc,CBCƒeƒŒƒr,”íŠQŽÒ‚Ì67Î—«‚ÍœÜ‚È‚Ç‘SŽ¡3‚©ŒŽ@23“ú‚Ì‚Ð‚«“¦‚°Ž–Œ‚Å‘åŒ^ƒgƒ‰ƒbƒN‰^“]Žè‚ð‘ß•ß,https://news.yahoo.co.jp/articles/e4392ee3d1f9ca27beace5410ea348f648a46ccd,2/25(“ú) 14:21
cbc,CBCƒeƒŒƒr,Ž©‰q‘à‚ÌuŽpv‚ð’nˆæ‚Ì—«‚É‚à@—¤Ž©’““Ô’n‚ªŒ©Šw‰ï@‘ÌŒ±æŽÔ‚à,https://news.yahoo.co.jp/articles/e724a55d933223cf2a512590b370006aae28363c,2/25(“ú) 14:17
cbc,CBCƒeƒŒƒr,’nŒ³‚Ì“`“HŒ|u—L¼E–ÂŠCiv‚ðŒã¢‚É@–¼ŒÃ‰®‚Ì‹âs‚ÅŽq‚Ç‚à‘ÎÛ‚Ì‘ÌŒ±ŠwK‰ï,https://news.yahoo.co.jp/articles/ea8e427990d2be34959de283bcd4ac564c764f1d,2/25(“ú) 12:18
cbc,CBCƒeƒŒƒr,u‘Sg‚Þ‚¿‘Å‚¿ó‘Ôv ‘å–ð‚ðI‚¦‚½‚Î‚©‚è‚Ìu_’jv‚É•·‚­@‚Í‚¾‚©’j‚½‚¿‚Ì‰Q‚Ì’†‚ÅŠ´‚¶‚Ä‚¢‚½‚Ì‚Í@‘•{‹{‚Í‚¾‚©Õ,https://news.yahoo.co.jp/articles/c4a4673591412319dbaebdcd7305773d8e4d8b5f,2/25(“ú) 11:03
cbc,CBCƒeƒŒƒr,‚—îŽÒŽ{Ý‚ÅƒmƒƒEƒCƒ‹ƒXH’†“Å@14l‚ªÇó‘i‚¦A‹‹H’ñ‹ŸŽ{Ý‚ð‰c‹Æ‹ÖŽ~ˆ•ª‚É @ˆ¤’mEŒ¢ŽRŽs,https://news.yahoo.co.jp/articles/daad6eae475dd6d237dfe8babf385ab9362de128,2/25(“ú) 7:33
cbc,CBCƒeƒŒƒr,ƒRƒ“ƒrƒj‚Å’YŽ_ˆù—¿‚È‚Ç–œˆø‚«‚µ“X’·‚ÉŒy•‰‚í‚·@‹­“ŠQ—e‹^‚Å17Î­”N‘ß•ß,https://news.yahoo.co.jp/articles/6e344848c2d82cc0d939167f98f113bf62ec4e06,2/25(“ú) 7:21
cbc,CBCƒeƒŒƒr,"uŒÒŠÖß’Év•ú’u‚·‚é‚ÆÅˆ«""Q‚½‚«‚è""c–¼ˆã‚ª‹³‚¦‚éuŒÒŠÖßv‚Ì’É‚ÝEˆá˜aŠ´‚ð—\–hE‰ü‘P‚·‚é•û–@",https://news.yahoo.co.jp/articles/f35a58f2423365fd2ce992ef7fa91a8b10a4d7a6,2/25(“ú) 7:10
cbc,CBCƒeƒŒƒr,uŽq‚Ç‚à‰Ì•‘Šêv‚ª”¼¢‹I‚Ì—ðŽj‚É–‹@’n‹æ‚Ì¬ŠwZ‚à150Žü”N‚Ìß–Ú‚É•ÂZ@ÅŒã‚Ì°‚ê•‘‘ä‚É’§‚ÞŽq‚Ç‚à‚½‚¿‚É–§’…,https://news.yahoo.co.jp/articles/cde447e74282d5a515a9ff33a15f704f109c59d6,2/25(“ú) 6:14
cbc,CBCƒeƒŒƒr,Šû‰¤í‘æ2‹Ç@ˆÉ“¡ Žµ’i‚Æ‚Ì“¯”N‘ÎŒˆA“¡ˆä‘‘¾”ªŠ¥‚ªŸ—˜,https://news.yahoo.co.jp/articles/7856bc7082fae0d617e17be255044716359b9ffa,2/25(“ú) 2:48
cbc,CBCƒeƒŒƒr,…’†ƒhƒ[ƒ“‚Ì‘€ì‚â‘D‚ÌƒGƒ“ƒWƒ“•ª‰ðA‚Z¶‚Æˆê‚É‘ÌŒ±@ˆ¤’mE–L‹´Žs‚ÅŠC‚É‚Â‚¢‚ÄŠw‚ÔƒCƒxƒ“ƒg,https://news.yahoo.co.jp/articles/ed40474c344da973a2457d4d7e0652ba77389c38,2/24(“y) 18:38
cbc,CBCƒeƒŒƒr,ƒƒVƒA‚ÌƒEƒNƒ‰ƒCƒiNU‚©‚ç2”N@–¼ŒÃ‰®‚Å”½íƒfƒ‚‚âƒ`ƒƒƒŠƒeƒBƒRƒ“ƒT[ƒg,https://news.yahoo.co.jp/articles/1c842c41e66f016192bac748bf267bc912470fa4,2/24(“y) 18:34
cbc,CBCƒeƒŒƒr,ƒ_ƒ“ƒvƒJ[‚ÆƒoƒCƒN‚ÌÕ“ËŽ–ŒÌ@ƒoƒCƒN‚Ì28Î‰ïŽÐˆõŽ€–S,https://news.yahoo.co.jp/articles/61967d869517e5eeca0d99427ad96defea056311,2/24(“y) 18:19
cbc,CBCƒeƒŒƒr,“¹˜H‘¤a‚Ì‹à‘®»‚Ó‚½10–‡‚ð“‚Þ@‰ïŽÐˆõ‚Ì’j‘ß•ß,https://news.yahoo.co.jp/articles/1c1c24f7a3c1d85a6e24548e3f2de35564e834c1,2/24(“y) 12:57
cbc,CBCƒeƒŒƒr,“Á•Ê‚É‹–‰Â‚³‚ê ‚Í‚¾‚©’j7500l‚Ìu‚à‚Ý‡‚¢v‚É¬Œ^ƒJƒƒ‰‚ª”ò‚Ñž‚ñ‚¾@37Î90ƒLƒ‚ÌƒJƒƒ‰ƒ}ƒ“‚ªŽB‰e‚µ‚½u‘•{‹{‚Í‚¾‚©Õv,https://news.yahoo.co.jp/articles/84565d60e53fce24de11b5362f98ad0c078cfbff,2/24(“y) 12:16
cbc,CBCƒeƒŒƒr,gâ‘Î‚ÉŒ©‚Ä‚Í‚¢‚¯‚È‚¢Õ‚èh‚ð300”N‚Ì—ðŽj‚Å‰‚ß‚ÄŽB‰e@‰æ–Ê‰z‚µ‚ÉŒ©‚é‚Ì‚Í–â‘è‚È‚¢‚Æ‚¢‚¤ˆ¤’mŒ§“cŒ´Žs‚ÌuQÕ‚èv,https://news.yahoo.co.jp/articles/c6638e8cf7dd5f932468b24eb3f303b4eaeefa63,2/24(“y) 7:12
cbc,CBCƒeƒŒƒr,“¡ˆä”ªŠ¥‚ª‰–h‰q–ÚŽw‚·Šû‰¤íŒŸ•ª@24“ú‚É‹à‘òŽs‚ÅˆÉ“¡Žµ’i‚Æ‘æ2‹Ç,https://news.yahoo.co.jp/articles/03ee70486086cbfe6b041656fc298faa25fb1501,2/24(“y) 6:51
cbc,CBCƒeƒŒƒr,””NŒã‚É‚Íƒ_ƒ€‚É’¾‚ÞH ¢ŠE‚É3–{‚µ‚©‚È‚¢’¿‚µ‚¢‹´ Šò•ŒŒ§‚Ì”é‹«‚É˜È‚Þu—·‘«‹´v‚Æ‚Í,https://news.yahoo.co.jp/articles/94696e5467b5ead8ea5fed88e845c2af133be6d7,2/24(“y) 6:50
cbc,CBCƒeƒŒƒr,ƒhƒ‰ƒSƒ“ƒYEîà‹´G“l“ŠŽèi21jƒtƒ@ƒ“‚©‚ç‚ÌŽ¿–â‚É‚¨’ƒ–Ú‚É‰ñ“š@‚©‚¯ŽZ‚Í‚¿‚å‚Á‚Ò‚è‹êŽè? ƒLƒƒƒ“ƒv’n‰«“ê‚©‚ç¶’†Œp,https://news.yahoo.co.jp/articles/315507660c3a66927e0089e98ad9c83495dca416,2/24(“y) 6:08
cbc,CBCƒeƒŒƒr,u‚Ò‚æ‚è‚ñv‚ÉV“WŠJ uƒTƒ{ƒeƒ“‚Ò‚æ‚è‚ñv‚Éu‚Ò‚æ‚è‚ñƒvƒŠƒ“v@‘Ò–]‚ÌVH–[‚Éö“ü@V‚½‚Èg‚Ò‚æ‚è‚ñƒ`ƒƒƒŒƒ“ƒWh‚Íc,https://news.yahoo.co.jp/articles/2e56e896558aa914c7ebc27759406f31614afdb2,2/24(“y) 6:04
cbc,CBCƒeƒŒƒr,Žq‹‚Éƒ~ƒ‹ƒN‚ð‚ ‚°‚½‚è‹^Ž—ï“û‘ÌŒ±‚à@Žq‚Ç‚à‚½‚¿‚ª‹‚Æ‚Ó‚ê‚ ‚¢uHv‚ðŠw‚Ô,https://news.yahoo.co.jp/articles/155f8de3dba441ff397e0b2e7dc36749a38bfed1,2/23(‹à) 19:03
cbc,CBCƒeƒŒƒr,u‚¨‚©‚µ‚¢‚Æ‚¢‚¤Ž‹“_‚Í‚È‚©‚Á‚½v‹³ˆçˆÏˆõ‰ï‚É‹à•i‚ð“n‚µ‚½Œ³Z’·‚ªŽæÞ‚É‰ž‚¶‚é@–¼ŒÃ‰®Žs‹³ˆçˆÏˆõ‰ï‚Ì‹à•iŽó‚¯Žæ‚è–â‘è,https://news.yahoo.co.jp/articles/b7d520b14f9241c83a5d4f93fef10f5b2b0d74e7,2/23(‹à) 18:42
cbc,CBCƒeƒŒƒr,˜r‚ðŽ¸‚Á‚½•ºŽm‚ðg‹`Žèh‚ÅƒTƒ|[ƒg@Žx‰‡‚ð‘±‚¯‚é’j«‚ÌŽv‚¢@ƒEƒNƒ‰ƒCƒiŒRŽ–NU‚©‚ç2”N u1¢‘ã‚¾‚¯‚Å‚È‚­A2¢‘ã‚ð’n–‚ÉŠ×‚ê‚Ä‚µ‚Ü‚¤‚Ì‚©cv,https://news.yahoo.co.jp/articles/2c7fe618a20124a6e88495d8f05d4924ae7c0bb9,2/23(‹à) 18:38
cbc,CBCƒeƒŒƒr,ƒhƒ‰ƒSƒ“ƒY’†“cãÄ‚ªƒI[ƒvƒ“í‚Éoê@Œ‹‰Ê‚Í2‘Å”ƒm[ƒqƒbƒg@îà‹´G“l‚Í2‰ñ2Ž¸“_@’†“ú~L“‡,https://news.yahoo.co.jp/articles/46869d606650edfd8f1c392358933c28a23518be,2/23(‹à) 18:23
cbc,CBCƒeƒŒƒr,ƒo[ƒi[‚ÅƒhƒA‚ÉŠJ‚¯‚½ŒŠ‚©‚çŽè‚ªƒjƒ…ƒb‚Æc@ƒ‰[ƒƒ““X“D–_‚Ì‘å’_ŽèŒû‚ð–h”ÆƒJƒƒ‰‚ª‘¨‚¦‚½@ŽOdE¼ãŽs,https://news.yahoo.co.jp/articles/ae4947ecfee515941b2e61cbe0561ff6eba164a8,2/23(‹à) 18:06
cbc,CBCƒeƒŒƒr,"¡‚ª{‚Ì‚¢‚¿‚²‚ªŠy‚µ‚ß‚éI“ŒŠC’n•û‚Ì""i‰»Œn‚¢‚¿‚²Žë‚è""‚ð ‘å’²¸I",https://news.yahoo.co.jp/articles/b173658590d541a34aba5f2130a2817a054b9243,2/23(‹à) 17:00
cbc,CBCƒeƒŒƒr,uG‚ê‚È‚©‚Á‚½‚Ì‚ÅŠ´Œƒv _’j‚àŽpŒ©‚¹ŽQ”qŽÒ‚Æˆ¬Žè@‘•{‹{‚Í‚¾‚©Õ‚©‚çˆê–é–¾‚¯‘å‹¾–ÝØ‚è•ª‚¯ u–³•a‘§ÐvŠè‚¢‘½‚­‚Ìl,https://news.yahoo.co.jp/articles/2ec06dce93dd988e12b9bcd8f2f0606297d966dc,2/23(‹à) 12:22
cbc,CBCƒeƒŒƒr,ŒƒˆÀ•H‚×•ú‘è‚àIH ƒ‚[ƒjƒ“ƒO•¶‰»”­Ë‚Ì’nEˆ¤’mŒ§ˆê‹{Žs‚ÌuŒÀŠEƒ‚[ƒjƒ“ƒOv‚ª‘åW‡I ƒ‚[ƒjƒ“ƒOƒT[ƒrƒX‚ª¶‚Ü‚ê‚½——R‚Æ‚ÍH,https://news.yahoo.co.jp/articles/5c2de85f1e636cf364820cc5eb82a0a88af0756f,2/23(‹à) 6:50
cbc,CBCƒeƒŒƒr,ŽæÞ’†‚Ég‚ ‚é‘IŽè‚Ì–ºh‚Æ‚Ü‚³‚©‚Ì‘˜‹ö@ƒOƒ‰ƒ“ƒpƒX14”N‚Ô‚è‚Ì—DŸ‚Ö‚ÌƒL[ƒ}ƒ“‚Í?@2ŒŽ23“úi‹àjJƒŠ[ƒOŠJ–‹@–¼ŒÃ‰®ƒOƒ‰ƒ“ƒpƒX,https://news.yahoo.co.jp/articles/d890b742de9c37353e746ffa349f764c7916887c,2/23(‹à) 6:08
cbc,CBCƒeƒŒƒr,Ž©“®ŽÔÅ‚Ì‰ÛÅ‚ÅŽOdŒ§‚ªƒ~ƒX 925l‚É‘Î‚µŒv1400–œ‰~‚ ‚Ü‚è‚ð‰ß’¥Žû @Å§‰ü³‚Åˆê•”‹K’è‚ð·‚èž‚Ý–Y‚ê‚é,https://news.yahoo.co.jp/articles/2a4738984853db1df671d064a54b4e338b8e9a0d,2/23(‹à) 6:02
cbc,CBCƒeƒŒƒr,Žè‰Ÿ‚µŽÔ‚Ì‚—î’j«‚ð•‚¯‚æ‚¤‚Æ‚µ‚Äc@‹~•‚Ì’j«i64j—ñŽÔ‚É‚Í‚Ë‚ç‚êˆÓŽ¯•s–¾‚Ìd‘Ì,https://news.yahoo.co.jp/articles/0d41f72ca6bbea118815aeb85d3a660c98f326db,2/23(‹à) 1:14
cbc,CBCƒeƒŒƒr,’j«i“–Žž46j‚ðŽEŠQ‚µ‚½ß‚É–â‚í‚ê‚é’j‚ÌÙ”»@’¦–ð20”N‚Ì—Lß”»Œˆ,https://news.yahoo.co.jp/articles/6727444e7de3377cd012b90b7ea77b5ad4cdc0be,2/23(‹à) 0:24
cbc,CBCƒeƒŒƒr,ƒRƒƒi‰Ð‚©‚ç‰ñ•œ‚µƒr[ƒ‹—Þ‚Ì”„‚èã‚°‚ªD’²@‚³‚ç‚È‚éŽsêŠg‘å–ÚŽw‚·l‚¦@ƒTƒ“ƒgƒŠ[‚ª•ûj”­•\,https://news.yahoo.co.jp/articles/a3a312b6b5f84a21fdcfbe362908bade54b67e04,2/22(–Ø) 20:04
cbc,CBCƒeƒŒƒr,ˆ¤’mŒ§Œö—§‚Z“üŽŽ2024uŽÐ‰ïv‚ÌŽŽŒ±–â‘èE‰ð“š@1–â–Úu“Œ‘åŽ›‚Ì‘å•§‚ª‚Â‚­‚ç‚ê‚½ˆÈ‘O‚É¢ŠE‚Å‹N‚±‚Á‚½‚Å‚«‚²‚Æ‚ð‘I‚×v,https://news.yahoo.co.jp/articles/9fa249350a95bbef97940e1bce3208eeba46a3ab,2/22(–Ø) 19:48
cbc,CBCƒeƒŒƒr,ˆ¤’mŒ§Œö—§‚Z“üŽŽ2024u—‰Èv‚ÌŽŽŒ±–â‘èE‰ð“š@u“dŽq‚Ì—¬‚êv‚âuŽhŒƒ‚É‘Î‚·‚éƒqƒg‚Ì”½‰žv‚È‚Ç‚É‚Â‚¢‚Ä‚Ì–â‘è,https://news.yahoo.co.jp/articles/80657fb6e0110330ce30ee7dddc1216cfd0eb85a,2/22(–Ø) 19:48
cbc,CBCƒeƒŒƒr,ˆ¤’mŒ§Œö—§‚Z“üŽŽ2024u‘Œêv‚ÌŽŽŒ±–â‘èE‰ð“š@uŽ–‘Ô‚ð(1)ƒVƒ…ƒE(2)ƒVƒ…ƒE‚·‚év³‚µ‚¢‚à‚Ì‚ð‘I‚× (1)¨uGvuCvuŽûvuOv (2)¨uDvuEvuWvuRv,https://news.yahoo.co.jp/articles/80550422605b3426bbc0e24aaddf9503db0dddb3,2/22(–Ø) 19:48
cbc,CBCƒeƒŒƒr,ˆ¤’mŒ§Œö—§‚Z“üŽŽ2024u”Šwv‚ÌŽŽŒ±–â‘èE‰ð“š@1–â–Úu4~i-3j-i-6j€3‚Ì³‚µ‚¢“š‚¦‚Í?v,https://news.yahoo.co.jp/articles/ba27984afbb117a2f40f155f6c4be46b3f1df4d9,2/22(–Ø) 19:48
cbc,CBCƒeƒŒƒr,"ˆ¤’mŒ§Œö—§‚Z“üŽŽ2024u‰pŒêv‚ÌŽŽŒ±–â‘èE‰ð“š@uWell, if it were sunny today,v‚É‘±‚­‚Ì‚ÍuI will gov‚©uI would gov‚©c",https://news.yahoo.co.jp/articles/5ed59937497af28e0a8a71e6ee0ea9b9a79fa518,2/22(–Ø) 19:48
cbc,CBCƒeƒŒƒr,yŒð’Êî•ñz–¼“SŒ¢ŽRü@“Œ”ø”f“‡`Šâ‘q@‰^“]‚ðÄŠJ@i22“úŒßŒã7Žž40•ªŒ»Ýj,https://news.yahoo.co.jp/articles/5b744daae2f3939a726dc7e6226ec0eb25a06c31,2/22(–Ø) 19:46
cbc,CBCƒeƒŒƒr,yŒð’Êî•ñz–¼“SŒ¢ŽRü@“Œ”ø”f“‡`Šâ‘q@lgŽ–ŒÌ‚Ì‚½‚ß‰^“]Œ©‡‚í‚¹@i22“úŒßŒã6Žž30•ªŒ»Ýj,https://news.yahoo.co.jp/articles/429eb5035364955c83e109dc1113700b246cd095,2/22(–Ø) 18:36
cbc,CBCƒeƒŒƒr,ƒgƒˆƒ^‚ÌƒNƒ‰ƒEƒ“ê–å“X‚ªƒI[ƒvƒ“‚Ö@“ŒŠC’n‹æ‰‚Å‘S‘3“X•Ü–Ú@ÅVŒ^4Ží—Þ‚·‚×‚Ä‚ð“WŽ¦@–¼ŒÃ‰®,https://news.yahoo.co.jp/articles/fc1dc2ec6c9a6c9525651fee65ab0d1800266a7e,2/22(–Ø) 18:06
cbc,CBCƒeƒŒƒr,u’†“c‚ÍŽŽ‡o‚Ü‚·v@23“ú‚©‚çƒI[ƒvƒ“í‚Ìƒhƒ‰ƒSƒ“ƒY@—§˜QŠÄ“Â‚ª’†“cãÄ‘IŽè‚Ì‹N—p‚ð–¾Œ¾,https://news.yahoo.co.jp/articles/a8bf16bd37e92d9104b362e4813644fc9d4e2813,2/22(–Ø) 18:04
cbc,CBCƒeƒŒƒr,“V‰º‚ÌŠïÕE‘•{‹{‚Í‚¾‚©Õ  u_’jv‚ª™T’Ç“a‚É@‚Í‚¾‚©’j‚½‚¿‚ª_’j‚ð‚ß‚ª‚¯‚Ä‚à‚Ý‡‚¤‚±‚Æ–ñ50•ª@ˆ¤’mEˆî‘ò,https://news.yahoo.co.jp/articles/ea0dbea73caab1eecaba15a5913cabfaaa43e67a,2/22(–Ø) 17:19
cbc,CBCƒeƒŒƒr,u_’jv‚ª˜O–å‚ð’Ê‰ß@™T’Ç“ai‚È‚¨‚¢‚Å‚ñj‚ð–ÚŽw‚µu‚Í‚¾‚©’jv‚Ìg‚à‚Ý‡‚¢h‚ÍƒNƒ‰ƒCƒ}ƒbƒNƒX‚Ö@ ‘•{‹{‚Í‚¾‚©Õ@ˆ¤’mEˆî‘ò,https://news.yahoo.co.jp/articles/36d43b708bf55e76c83f2e3390c8f900c052bc68,2/22(–Ø) 17:11
cbc,CBCƒeƒŒƒr,"ŒúØ‚èIH‚æ‚­Ä‚«IHƒRƒƒ_‚Ì‚¿‚å‚Á‚ÆŠð‚µ‚¢ƒT[ƒrƒX‚Æ‚ÍH‚¨‹q‚ð–£—¹‚·‚é""‚±‚¾‚í‚è""‚ðÐ‰îI",https://news.yahoo.co.jp/articles/4625bd27426975032e3964261e403ffa6cbe3db5,2/22(–Ø) 16:51
cbc,CBCƒeƒŒƒr,uŽž‘ã‚É‚ ‚Á‚½_Ž–‚É‰üŠvv‚ð@‘½“x‘åŽÐ‚Ìuã‚°”n_Ž–v@ã‚èâ‚ÍŠÉ‚â‚©‚É“y•Ç‚Í‚È‚­‚·‘Î‰ž‚Ö@ŽOd,https://news.yahoo.co.jp/articles/6a3521343fa3dc780a5e62945b132b5e9f7ab747,2/22(–Ø) 16:44
cbc,CBCƒeƒŒƒr,u_’jv‚ª“oê@‚±‚Ì‚ ‚Æu‚Í‚¾‚©’jv‚É‚æ‚éŒƒ‚µ‚¢g‚à‚Ý‡‚¢h‚Ö@“V‰º‚ÌŠïÕ ‘•{‹{‚Í‚¾‚©Õ@ˆ¤’mEˆî‘òŽs,https://news.yahoo.co.jp/articles/24e77994021e822d632d161e5484b336e74f84b6,2/22(–Ø) 16:28
cbc,CBCƒeƒŒƒr,ŠÃ‚Ý‚ª‹­‚¢uÍ•Pv‚Éu‚ä‚ß‚Ì‚©v ƒnƒEƒXÍ”|‚ÌƒCƒ`ƒS‚ÌŽûŠn‚ªÅ·Šú@ˆ¤’mEŠ—ŒSŽs,https://news.yahoo.co.jp/articles/4b435d603f525cc2716c4fdb7ee67b12ae38bdcf,2/22(–Ø) 16:23
cbc,CBCƒeƒŒƒr,Ž€‚ñ‚Å‚¢‚½–ì’¹‚©‚ç’¹ƒCƒ“ƒtƒ‹ƒGƒ“ƒUƒEƒCƒ‹ƒX‚ðŠm”F@‚•aŒ´«‚ÌŒŸ¸Œ‹‰Ê‚Í—ˆT‚É‚ào‚é—\’è@ˆ¤’m,https://news.yahoo.co.jp/articles/cd4db008fa70236f72333861cfe84a5ac3773197,2/22(–Ø) 16:16
cbc,CBCƒeƒŒƒr,–L“cŽ©“®D‹@‚É‘‚ª¥³–½—ß‘@ƒGƒ“ƒWƒ“«”\ŽŽŒ±‚Ì•s³–â‘è‚ðŽó‚¯‚Ä u^•‚ÉŽó‚¯Ž~‚ß‚Ä^–Ê–Ú‚É’n“¹‚Év,https://news.yahoo.co.jp/articles/505ef55e62b60e649814cd03e5827fc74e4b7c4a,2/22(–Ø) 16:03
cbc,CBCƒeƒŒƒr,–¼ŒÃ‰®“S“¹@‘å‘²‘‡E‚Ì‰”C‹‹‚ðu7–œ‰~vUP‚Ìu30–œ‰~v‚É@2024”N“x“üŽÐ‚©‚ç,https://news.yahoo.co.jp/articles/fdf8aa76884c836530788c13bfcbe1aa9f0a9427,2/22(–Ø) 15:38
cbc,CBCƒeƒŒƒr,Žs‚ÌŒöŽ®ŠÏŒõƒTƒCƒg‚ªgƒTƒCƒo[UŒ‚h‚Å‚Â‚È‚ª‚ç‚È‚¢ó‘Ô‚É@ƒAƒNƒZƒXW’†‚³‚¹‚éuƒfƒB[ƒhƒXUŒ‚v‚ªŒ´ˆö@–¼ŒÃ‰®Žs,https://news.yahoo.co.jp/articles/a0aba1e7547fea8415d4b06ee69db85d0c822681,2/22(–Ø) 13:48
cbc,CBCƒeƒŒƒr,yŒð’Êî•ñz–¼“S¼”öü@‹g—Ç‹g“c`VˆÀé@‰^“]‚ðÄŠJ@i22“úŒßŒã0Žž30•ªŒ»Ýj,https://news.yahoo.co.jp/articles/bde984d9327150818160b38f3f34d0ff0a80ba81,2/22(–Ø) 12:34
cbc,CBCƒeƒŒƒr,yŒð’Êî•ñz–¼“S¼”öü@‹g—Ç‹g“c`VˆÀé@‘—“dÝ”õ“_ŒŸ‚Ì‚½‚ß@‰^“]Œ©‡‚í‚¹@i22“úŒßŒã0Žž10•ªŒ»Ýj,https://news.yahoo.co.jp/articles/2f39aca79ba6469d88c63188082ec4696fe8fe72,2/22(–Ø) 12:19
cbc,CBCƒeƒŒƒr,u‘•{‹{‚Í‚¾‚©Õv‚Ì_Ž–‚É‰‚ß‚Ä—«‚ªŽQ‰Á@1200”NˆÈã‚Ì—ðŽj‚ÉV‚½‚Èƒy[ƒW@—[•û‚É‚Í—‡’j‚Ìu‚à‚Ý‡‚¢v,https://news.yahoo.co.jp/articles/5b390508cd7cc0f40ffb2368b00f3a71ec453b65,2/22(–Ø) 12:02
cbc,CBCƒeƒŒƒr,ˆ¤’mŒ§Œö—§‚Z“üŽŽ‚ªŽn‚Ü‚é@2024”N‚ÌŽuŠè”{—¦‚Í1.88”{@ƒ}[ƒNƒV[ƒg•ûŽ®‚Å1‰ñ‚ÌŽŽŒ±‚Å2Z‚Ì‡”Û”»’è,https://news.yahoo.co.jp/articles/19fc4b9298ef86fa296c0bd76127ed204e5df9b3,2/22(–Ø) 11:08
cbc,CBCƒeƒŒƒr,Ž€–S‚µ‚½‚Ì‚Í84Î—«‚©@–¢–¾‚ÌZ‘î‰ÎÐ,https://news.yahoo.co.jp/articles/1de94f93b930850f3a84fd43446536299a412f50,2/22(–Ø) 7:59
cbc,CBCƒeƒŒƒr,‚¢‚Ü’–Ú‚ÌuƒCƒ“ƒtƒ‰ƒc[ƒŠƒYƒ€v‚Æ‚ÍH–îìƒ_ƒ€‚Å”ñ“úí‚ð‘ÌŒ±I,https://news.yahoo.co.jp/articles/0ebada29a1bdbc71d2495da73281f5a46c5824d6,2/22(–Ø) 6:50
cbc,CBCƒeƒŒƒr,–¼ŒÃ‰®Žs‹³ˆçˆÏˆõ‰ï‚Ì‹à•iŽó—Ì–â‘è@‘åŠw‹³Žö‚â•ÙŒìŽm‚ç‚É‚æ‚éŒŸØƒ`[ƒ€‚ª‰‰ï‡@‹à•i‚ÌŽ„“IŽg—p‚âlŽ–‚Ö‚Ì‰e‹¿‚É‚Â‚¢‚Ä’²¸,https://news.yahoo.co.jp/articles/3273fd96de1011de57e46b137f18409bb763a5a0,2/22(–Ø) 6:39
cbc,CBCƒeƒŒƒr,“Œ‹ž“s‰c’n‰º“S‚Ì‘S‰w‚Éƒz[ƒ€ƒhƒAÝ’u@ˆê•û‚Å–¼ŒÃ‰®‚ÍŽæ‚è•t‚¯ƒ[ƒ‚Ì˜Hü‚à@’¼‹ß2”N‚Å“]—Ž‚ª‚ ‚Á‚½‚Ì‚ÍŽæ‚è•t‚¯ƒ[ƒ‚Ìu’ß•‘üv‚Ì‚Ý,https://news.yahoo.co.jp/articles/8d37d4c5ff503ff4f499572ada7be1e14bf0d594,2/21(…) 19:48
cbc,CBCƒeƒŒƒr,ƒhƒ‰ƒSƒ“ƒYE‰LŽ”qå@ƒ}ƒŠ[ƒ“ƒY‚Æ‚Ì—ûKŽŽ‡‚Å2‘Å”2ˆÀ‘Å4‘Å“_@¼–Ø•½—D‘¾‚Í4‰ñ‚ð1ˆÀ‘Å–³Ž¸“_‚Ì‰õ“Š,https://news.yahoo.co.jp/articles/cdbdf0ece7936d75d460f57a27947606de7e9bc9,2/21(…) 19:44
cbc,CBCƒeƒŒƒr,uˆêv‚Ì•¶Žš‚ª‘‚©‚ê‚½‚­‚¶ u‰½‰ñ‚àŒ©’¼‚µ‚Ü‚µ‚½v 4“x–Ú‚Ì’§í‚Å_’j‚ðˆø‚«“–‚Ä‚½37Î‚Ì‘fŠç@ˆ¤’mEˆî‘òŽs‚Ì‘•{‹{‚Í‚¾‚©Õ,https://news.yahoo.co.jp/articles/1ccb19730fac8b23d959bb9b5e5a87fe64966bfc,2/21(…) 19:12
cbc,CBCƒeƒŒƒr,11ŽžŠÔ‚ð‚©‚¯‚Ä‚Â‚«ã‚°‚½4ƒgƒ“‚Ì‘å‹¾–Ý‚ðƒNƒŒ[ƒ“‚Å•ò”[@•ò”[‚Ì‘O‚É‚Íƒgƒ‰ƒbƒN‚ÅƒpƒŒ[ƒh‚à@‘•{‹{‚Í‚¾‚©Õ@ˆ¤’mEˆî‘òŽs,https://news.yahoo.co.jp/articles/592ac61ec68a1d71ed2752e4ed953c3e51eb01b0,2/21(…) 18:32
cbc,CBCƒeƒŒƒr,—‡‚Å‚Ìu‚à‚Ý‡‚¢v‚ÉŽQ‰Á‚¹‚¸‚É_’j‚ÉG‚ê‚ç‚ê‚é@u‘•{‹{‚Í‚¾‚©Õv‚Åg¸“aŽQ”qh@–ï‚ð—Ž‚Æ‚µ‚ðŠè‚¤ŽQ”qŽÒ‚Å“ö‚í‚¤,https://news.yahoo.co.jp/articles/ad40f4472e990ff78dad27c792b9787023662e33,2/21(…) 18:12
cbc,CBCƒeƒŒƒr,ƒKƒCƒhƒEƒFƒCƒoƒX‚ÌƒŒ[ƒ‹•‚âƒJ[ƒu‚È‚Ç‚ðÄŒ»@Ž©“®‰^“]“±“ü‚ÉŒü‚¯ê—pƒR[ƒX‚Å‚ÌŽÀØŽÀŒ±‚ð‰Í‘º‚½‚©‚µ–¼ŒÃ‰®Žs’·‚ª‘ÌŒ±,https://news.yahoo.co.jp/articles/cd1950bf2c261db3d9091e16ec55a1b2ca9343ca,2/21(…) 17:59
cbc,CBCƒeƒŒƒr,Ž©ŒÈÌ“_‚ÅŽ©•ª‚Ì•û‚ª‚‚¢‚Ì‚É•s‡Ši@SNS‚Ì“Še‘ŠŽŸ‚¬‘åŠw‚ª’²¸‚µ‚½‚çÌ“_ƒ~ƒX‚ª”­Šo@ˆ¤’mˆã‰È‘åŠw,https://news.yahoo.co.jp/articles/562dbf69763f8762131ff9afbdb9a7133d4ef4a3,2/21(…) 17:42
cbc,CBCƒeƒŒƒr,u–ïv•¥‚¢‰ß‚¬’ˆÓIHƒoƒ‰ƒGƒeƒB–L‚©‚È5‚Â‚Ì–ï•¥‚¢‚ªs‚í‚ê‚éŠïÕu•óŒõ‰@ ‚Í‚¾‚©Õv‚Æ‚Í,https://news.yahoo.co.jp/articles/b2e5085fc18df5571d3f40262caea0f992e2b701,2/21(…) 17:35
cbc,CBCƒeƒŒƒr,Œú‚³0.1ƒ~ƒŠ‚ÌV‚µ‚¢u‘¾—z“d’rv  Ü‚è‹È‚°‰Â”\@“Ü‚è‚âŽº“à‚Ì”–ˆÃ‚¢Œõ‚Å‚à”­“d‰Â”\@ƒAƒCƒVƒ“,https://news.yahoo.co.jp/articles/48fda94368adf8919a0fb5ac6c0fb1226ff80713,2/21(…) 17:21
cbc,CBCƒeƒŒƒr,Žq‚Ç‚à‚Ì‹êŽèŽ•ž•ƒ_ƒCƒGƒbƒg‚É‚àIH”_‰Æ’¼“`‚Ìuƒjƒ“ƒWƒ“ƒJƒ‹ƒ{ƒi[ƒ‰v‚Æ‚Í,https://news.yahoo.co.jp/articles/9e9fa236f60eaeb6761bd759fadb9a25f2c5296a,2/21(…) 17:15
cbc,CBCƒeƒŒƒr,"ƒTƒEƒiŒã‚Ì""áãƒ_ƒCƒu""‚ªu…•—˜C‚Ì3”{‹CŽ‚¿‚¢‚¢vIH‰œ”ò‘Ë‰·ò‹½‚ÅŒ©‚Â‚¯‚½X‚Ì’†‚ÌƒoƒŒƒ‹ƒTƒEƒi",https://news.yahoo.co.jp/articles/40ac4bf2b1d53ca222bd5ba955d932d4d102d442,2/21(…) 17:05
cbc,CBCƒeƒŒƒr,‰Á“¡ˆ¤ƒAƒi‚ªˆ¤’mŒ§VéŽs–P—ˆ‚Ìˆ¤‚³‚êƒt[ƒhw‚¨‚©‚ßŒÜ•½x‚ð’²¸IHŠ´‚ÆŠÃh–¡‘Xƒ_ƒŒ‚ªƒLƒŽèI’nŒ³‚Åˆ¤‚³‚ê‘±‚¯‚éŒÜ•½–Ý,https://news.yahoo.co.jp/articles/2e8c6927deca1f95b8a56c42e72bf414cb3e4da9,2/21(…) 17:00
cbc,CBCƒeƒŒƒr,ˆ¤’mŒ§—Bˆê‚Ì•¶‰»•”!? ˆ¤’mŒ§•}ŒK’¬w½M‚Zxƒ{ƒfƒBƒƒCƒN•”‚ÅŽ©•ª‚ÆŒü‚«‡‚¤‹Ø“÷Œn‚Z¶‚½‚¿‚Æƒ}ƒaƒ‰ƒu‚ªo‰ï‚¤I,https://news.yahoo.co.jp/articles/97981236391e4bd5c4ee4e46210a9295b435e359,2/21(…) 17:00
cbc,CBCƒeƒŒƒr,ƒR[ƒq[ƒ`ƒPƒbƒg—˜—p‚Åƒ‚[ƒjƒ“ƒO‚ª318‰~IH ˆ¤’mŒ§]“ìŽs‚Ì‚¨’l‘Å‚¿ƒOƒ‹ƒ•Ž{Ý‚ð‚²Ð‰î,https://news.yahoo.co.jp/articles/d4c7ddde14621218694440ad762dc347dfe9d8d4,2/21(…) 16:50
cbc,CBCƒeƒŒƒr,‰ÔŒ¾—t‚Íu–åovu—·—§‚¿v@‘²‹ÆŽ®‚È‚Ç‚Él‹C‚ÌƒXƒC[ƒgƒs[‚Ìo‰×@ŽOdEŒä•l’¬,https://news.yahoo.co.jp/articles/f7ea44469b1f658963049d8b4a8fd753688f7fe0,2/21(…) 11:36
cbc,CBCƒeƒŒƒr,uTBSƒhƒLƒ…ƒƒ“ƒ^ƒŠ[‰f‰æÕv‚ÅƒgƒDƒŒƒbƒgÇ‚ÌƒE[ƒo[”z’Bˆõ‚ç‚ð’Ç‚Á‚½CBC§ì‚Ì‰f‰æ‚ªã‰f —ˆŒŽŠJ–‹,https://news.yahoo.co.jp/articles/54cfc0ad32d602dae216b213a5a5e9b62c45495d,2/21(…) 9:32
cbc,CBCƒeƒŒƒr,3ŒŽ29“ú30“ú‚ÉƒI[ƒvƒjƒ“ƒOƒRƒ“ƒT[ƒg@’†“úƒrƒ‹‚ÌVƒz[ƒ‹‚Å–¼“d‚Z‘tŠy•”‚ªƒŠƒn[ƒTƒ‹,https://news.yahoo.co.jp/articles/b5df486af90f14d20f7da7a49dfb994b6e8eff4d,2/20(‰Î) 19:57
cbc,CBCƒeƒŒƒr,’†“cãÄ‘IŽèu‚Ú‚­‚Ì“Ç‚ÝŸ‚¿‚Å‚·v‘ÎŒˆ‚µ‚½—OˆäGÍ“ŠŽè‚Íu‰‹…‚©‚ç‘Å‚Á‚Ä‚«‚ÄA‚¹‚±‚¢‚ÈvÅIƒN[ƒ‹‚Ìƒhƒ‰ƒSƒ“ƒY‰«“êƒLƒƒƒ“ƒv,https://news.yahoo.co.jp/articles/6c9c5ada4b5cb2ce06cc1ef284f3f63f94aee858,2/20(‰Î) 19:32
cbc,CBCƒeƒŒƒr,’¬‚É–°‚éu‹‘å‚ÈŠâ‰–v‚ðƒtƒŠƒ}ƒAƒvƒŠ‚Éo•i‚Ö ‚±‚ê‚Åˆê¶‰–‚É‚Í¢‚ç‚È‚¢!? u‚Ç‚ñ‚ÈŒ`‚Å‚à‚¢‚¢‚Ì‚Åv”ƒ‚¢Žè‚ÍŒ©‚Â‚©‚é‚©?,https://news.yahoo.co.jp/articles/52f68b1730b39a79d22bf25277846c3c2f42922b,2/20(‰Î) 19:17
cbc,CBCƒeƒŒƒr,–¡‘XŽÏž‚Ý‚¤‚Ç‚ñ‚ðH‚×”[‚ß!? ‘ç‚«‚ÌƒTƒNƒ‰‚àˆê‹C‚ÉŠJ‰Ô “ŒŠC3Œ§u4ŒŽ•À‚Ý‚Ì‹C‰·v‚Å‚±‚Æ‚µˆê”Ô‚Ì’g‚©‚³‚É,https://news.yahoo.co.jp/articles/e2af055e69e61179477829b3d96c64f4f7ef9bf6,2/20(‰Î) 18:34
cbc,CBCƒeƒŒƒr,ƒgƒCƒŒ‚ÖŒü‚©‚¤“r’†‚É“]“| “ü‰@Š³ŽÒ‚ª•às•s”\‚É uŽÔ‚¢‚·‚ÅˆÚ“®‚µ‚Ä‚¢‚ê‚Î–h‚°‚½v •a‰@‚ª‰ßŽ¸”F‚ß450–œ‰~Žx•¥‚¢‚Ö ˆ¤’m,https://news.yahoo.co.jp/articles/cf9f0f3566f7a1541367eb2b986dad979cdf74ef,2/20(‰Î) 18:21
cbc,CBCƒeƒŒƒr,Šò•ŒŒ§Œö—§‚Z“üŽŽ2024@ÅIŽuŠè”{—¦@‘æˆêŽŸE˜AŒgŒ^‘I”²‚ÌoŠèó‹µ@Šò•Œ1.14”{@‘åŠ_–k1.08”{@”ã‘¾1.03”{ yŠm’è”Åz,https://news.yahoo.co.jp/articles/f3802df6c5523fb93f0acae7f021f2a45edbde74,2/20(‰Î) 18:14
cbc,CBCƒeƒŒƒr,’nŒ³‚ÌƒX[ƒp[‚Éu‚Í‚¾‚©Õv“ÁÝƒR[ƒi[‚ª!ˆê”Ô”„‚ê‚é‚Ì‚Íg‚È‚¨‚¢•zh “V‰º‚ÌŠïÕ–{”Ô”—‚é  ¡”N‚Í‚³‚ç‚µŠª‚¢‚½—«ŽQ‰ÁŽÒ‚à ˆ¤’mEˆî‘òŽs ‘•{‹{,https://news.yahoo.co.jp/articles/e30a3b6088df04b61ffea44b05b2c8b09dd464fe,2/20(‰Î) 18:04
cbc,CBCƒeƒŒƒr,"ƒ|ƒCƒ“ƒg‚Í""“VŽg‚Ì—Ö""I“÷‚Ìƒvƒ’¼“`u‚µ‚á‚Ô‚µ‚á‚Ôv‚ÆuÄ“÷v‚ð‚¨‚¢‚µ‚­H‚×‚é— ‹Z‚ð‘åŒöŠJ",https://news.yahoo.co.jp/articles/2a2bd956305f64f79bf377144b10fc8b43786f1f,2/20(‰Î) 17:15
cbc,CBCƒeƒŒƒr,ƒ|ƒCƒ“ƒg‚Í“œŽ¿‚Å‚Í‚È‚­uŽ‰Ž¿v‚Ì§ŒÀIH CBCƒeƒŒƒr‰i‰ªƒAƒi‚ª2‚©ŒŽ‚Å|7ƒLƒ‚Ìƒ_ƒCƒGƒbƒg‚É’§íI,https://news.yahoo.co.jp/articles/e3b19130fae99ef62825c2774dcb321f26acc213,2/20(‰Î) 17:05
cbc,CBCƒeƒŒƒr,–Ú“I‚Íu”ð”Dv‚¾‚¯‚Å‚Í‚È‚­u•›Œø‰Êv‚àIHƒsƒ‹‚Ì³‚µ‚¢’mŽ¯‚ð’m‚é•û–@‚ð‚²Ð‰î,https://news.yahoo.co.jp/articles/27af2b7e3bb5a847b94fa843f42820f58ad23741,2/20(‰Î) 16:50
cbc,CBCƒeƒŒƒr,VŠ²üŽÔ“à‚ÅŽEŽ–Œ‚ð‘z’è‚µ‚½ŒP—û@ˆ¤’mŒ§Œx‚ÆJR“ŒŠC‚ª‡“¯‚Å@ƒeƒ‚ÌŠëŒ¯«‚ ‚é•sR•¨‚ªŒ©‚Â‚©‚Á‚½‘z’è‚à,https://news.yahoo.co.jp/articles/7ccc8c531f2b0848290237a649e93c21ee3b7599,2/20(‰Î) 14:48
cbc,CBCƒeƒŒƒr,H‚×‚é•”•ª‚Í—t‚Á‚ÏHŒsHCBCŽá‹·ƒAƒi‚ª{‚Ì–ìØu‘¶‚Ó‚«v‚ÉãŒÛI,https://news.yahoo.co.jp/articles/21c4f5dc849b8059bff0ac410e558fa10637e77b,2/20(‰Î) 12:52
cbc,CBCƒeƒŒƒr,u—‡“d‹…v‚ª‚Ü‚Ô‚µ‚©‚Á‚½Iº˜a‚Ì‰Æ‘°’c‚ç‚ñ‚ðÆ‚ç‚µ‘±‚¯‚½’g‚©‚È”’”M“d‹…,https://news.yahoo.co.jp/articles/47fc73d8cf131b7ccdd09fb969b1c056810481e4,2/20(‰Î) 10:40
cbc,CBCƒeƒŒƒr,‘•{‹{‚Í‚¾‚©Õ‚ð‘O‚É_’j‚ªŽO“úŽO”Ó‚Ìg‚¨‚±‚à‚èh‚É“ü‚é@”’•ÄE‚½‚­‚ ‚ñ‚Æ”’“’‚¾‚¯‚Å‰ß‚²‚µ‚Ä22“ú‚Ì–{”Ô‚Ö,https://news.yahoo.co.jp/articles/a04b24331c565dfe37c4db89ce11227573ff2735,2/19(ŒŽ) 19:48
cbc,CBCƒeƒŒƒr,“¡ˆä‘‘¾”ªŠ¥i21j‚ª‘åæ”y‚Ì‰s‚¢ƒcƒbƒRƒ~‚Åƒ^ƒWƒ^ƒW‚Éc@Ÿ•‰‚ß‚µ‚Ìuƒ‰ƒ€“÷v‚Å‚ÍˆÓŠO‚È”Y‚Ý‚à,https://news.yahoo.co.jp/articles/9aaf7ed0f17a17f6609bbc7c7ef09ce2cb15ec7a,2/19(ŒŽ) 19:08
cbc,CBCƒeƒŒƒr,–¼ŒÃ‰®Žs‹³ˆçˆÏˆõ‰ï‚Ì‹à•iŽöŽó–â‘è@lŽ–ˆÄ‚ð³”F‚·‚é‹Ç’·‹‰‚ÌŠ²•”gŒÂlh‚ÉŒ»‹à200–œ‰~@2018”N“x‚©‚ç¡”N“x‚Ü‚Å‚Å,https://news.yahoo.co.jp/articles/c3a962ec5bb18ab5719e2a299a2d0beac20b7bdb,2/19(ŒŽ) 19:02
cbc,CBCƒeƒŒƒr,ƒhƒ‰ƒSƒ“ƒYEª”öV“ŠŽè‚ª3‰ñE29‹…ƒm[ƒqƒbƒg‚Ì ˆ³Šª“Š‹… îà‹´G“l“ŠŽè‚Íg‘«‚ðŽ~‚ß‚éhƒtƒH[ƒ€‚É•ÏX,https://news.yahoo.co.jp/articles/f31666b055dbd3921a6cca81fe37c5f28f195887,2/19(ŒŽ) 18:39
cbc,CBCƒeƒŒƒr,yŒð’Êî•ñz“ŒŠC“¹VŠ²ü@V‰¡•l`¬“cŒ´@‰^“]ÄŠJ,https://news.yahoo.co.jp/articles/61a4f442a17c73d30aa1f4b6f3db8f49be700454,2/19(ŒŽ) 18:13
cbc,CBCƒeƒŒƒr,g‹Sh  ‚ÌÅ”N­‚Í¬Šw4”N¶@‰Š‚ª–ï‚ðÄ‚«s‚­‚·c‰œŽO‰Í‚ÉŠ™‘qŽž‘ã‚©‚ç‘±‚­‚Æ“`‚í‚ét‚ðŒÄ‚ÔÕ@ˆ¤’mE‰ªèŽs ‘ëŽRŽ›,https://news.yahoo.co.jp/articles/6bedc733f5da62686016c409ec784beb09baff3b,2/19(ŒŽ) 18:12
cbc,CBCƒeƒŒƒr,yŒð’Êî•ñz“ŒŠC“¹VŠ²ü@ü˜Hã‚É”ò—ˆ•¨‚ª‚ ‚é‚½‚ßV‰¡•l`¬“cŒ´‚Å‰^“]Œ©‡‚í‚¹,https://news.yahoo.co.jp/articles/58c79f98182bf7060689fd9e315fb27cbec0f2b0,2/19(ŒŽ) 18:01
cbc,CBCƒeƒŒƒr,–¼ŒÃ‰®‚ÌlH‰Íìu–xìv’a¶‚Ì— ‚É‰B‚³‚ê‚½Ž©‘R‰Íì‚Ì‹OÕ ˆÃ‹”‚Æ‚È‚Á‚½ì‚Ì—ðŽj‚ð•R‰ð‚­—·,https://news.yahoo.co.jp/articles/03c514320a5a2d1165ce4785c9972bd3f1b57463,2/19(ŒŽ) 17:50
cbc,CBCƒeƒŒƒr,ƒWƒuƒŠƒp[ƒN‚ÌVƒGƒŠƒAu–‚—‚Ì’Jv‚ðŒ©‰º‚ë‚¹‚é“W–]‘ä‚ÌŽÊ^‚ðŒöŠJ@ƒI[ƒvƒ“‚Í3ŒŽ16“ú@ƒIƒuƒWƒF‚Í‹{èŒá˜YŠÄ“Â‚ªƒfƒUƒCƒ“,https://news.yahoo.co.jp/articles/7045716b51648ef3d1bbbbd99e5461432b40d19f,2/19(ŒŽ) 17:29
cbc,CBCƒeƒŒƒr,‘å–ì—Y‚Æª”öV‚Ì‘ÎŒˆ\}IHŽ˜ƒWƒƒƒpƒ“E‹gŒ©ˆê‹N“ŠŽèƒR[ƒ`‚ª—§˜Q—³‚ÌŠJ–‹ƒ[ƒe‚ð‘å—\‘z,https://news.yahoo.co.jp/articles/90298e6003ddbe93d24749d793be00eb24252da8,2/19(ŒŽ) 17:00
cbc,CBCƒeƒŒƒr,H3ƒƒPƒbƒg‚Ì‘Å‚¿ã‚°¬Œ÷@»‘¢‚ÉŠÖ‚í‚Á‚½Ž©“®ŽÔ•”•iHê‚àƒP[ƒL‚Å‚¨j‚¢u­”NS‚ð‚­‚·‚®‚éAŒÖ‚è‚ÉŽv‚¤v ‘å‚«‚¢‚Ì‚ÉŒy‚­‚È‚Á‚½•”•i‚Ì”é–§,https://news.yahoo.co.jp/articles/333c53f08c1afe5aa3f12f6be0043acf6106d532,2/19(ŒŽ) 16:54
cbc,CBCƒeƒŒƒr,‰Í‘º‚½‚©‚µŽs’·u‹³ˆõŽÐ‰ï‚Í‚»‚¤‚È‚Á‚¿‚á‚Á‚Ä‚¢‚é‚Ì‚©cv ¡”N“x‚Í‘S‘Ì‚Ì–ñ8Š„69’c‘Ì‚©‚çŽó‚¯Žæ‚é@–¼ŒÃ‰®Žs‹³ˆçˆÏˆõ‰ï‚Ì‹à•iŽöŽó–â‘è,https://news.yahoo.co.jp/articles/9c6073d0cf647f4db4df3d45b89b6df7da8f23ab,2/19(ŒŽ) 12:04
cbc,CBCƒeƒŒƒr,ˆ¤’mŒ§‚ÌV”N“x“–‰—\ŽZˆÄ@6”N‚Ô‚è‚Égƒ}ƒCƒiƒXh@VŒ^ƒRƒƒi‘Îô”ï‚ª‘å‚«‚­Œ¸­‚µ2’›7900‰­‰~‚ ‚Ü‚è‚ð2ŒŽ‹c‰ï‚Éã’ö,https://news.yahoo.co.jp/articles/e80e8c98430e3926f35a8754cac7e5ab639055be,2/19(ŒŽ) 11:48
cbc,CBCƒeƒŒƒr,3ŒŽ1“ú‚ÉŠJ–‹uRALLYŽO‰Í˜pv‚ðPR@ƒ‰ƒŠ[ƒJ[‚ª–¼ŒÃ‰®‚ÌŠX’†‚ðƒpƒŒ[ƒh,https://news.yahoo.co.jp/articles/5f29f500dedd32d51fbaf9fcba6463df909fbd21,2/18(“ú) 15:38
cbc,CBCƒeƒŒƒr,‘S’·200ƒ[ƒgƒ‹~‚‚³30ƒ[ƒgƒ‹@ˆ³Šª‚Ì•X’ŒAÂ”’‚­Œ¶‘z“I‚É,https://news.yahoo.co.jp/articles/c5ef8353c190538d654a5e648840e7e91a49885e,2/18(“ú) 15:33
cbc,CBCƒeƒŒƒr,y‘¬•ñzFDAŽRŒ`•Ö‚ªŒx•\Ž¦‚ÅŒ§‰c–¼ŒÃ‰®‹ó`‚Öˆø‚«•Ô‚·@æ‹qæˆõŒv65l‚É‚¯‚ª‚Í‚È‚­A‘ã‘Ö‹@‚Å’è‚©‚ç–ñ2ŽžŠÔ’x‚ê‚ÄÄo”­,https://news.yahoo.co.jp/articles/558944c9f8a5fa1fef42f35db20925339718d1af,2/18(“ú) 13:23
cbc,CBCƒeƒŒƒr,Š¦g”~‚â‚µ‚¾‚ê”~‚È‚Ç25•iŽí@”~‚ªA‚¦‚ç‚ê‚½Œö‰€‚Åu”~‚Ü‚Â‚èv,https://news.yahoo.co.jp/articles/3c1d5667ac902bc135f5ca40cdfd544bb0b91741,2/18(“ú) 12:09
cbc,CBCƒeƒŒƒr,u•@‚Ã‚Ü‚èv•ú’u‚ÅŽ‹—Í’á‰ºEˆÓŽ¯áŠQ‚È‚Ç‚É‚àcê–åˆã‚ÉŠw‚ÔI’·ˆø‚­•@‚Ã‚Ü‚è‚ÌŒ´ˆö‚â‰ðÁ–@,https://news.yahoo.co.jp/articles/97e2176469dd14af019cb68bad1c482c9e36735f,2/18(“ú) 7:10
cbc,CBCƒeƒŒƒr,Á‚¦‚½ì‚Ì‘«Õ‚ð’Ç‚¤ –¼ŒÃ‰®‚ÌuˆÃ‹”“¹v‚©‚ç’H‚éì‚Ì—ðŽj ”M“c_‹{‚ÌŽQ”q‘O‚Ég‚ð´‚ß‚½u¸iìv‚à,https://news.yahoo.co.jp/articles/f27d19c92b6df5488e17deedc0840f6cda62a6be,2/18(“ú) 6:50
cbc,CBCƒeƒŒƒr,Œ³ƒAƒCƒhƒ‹‚ÌƒAƒCƒhƒ‹ƒvƒƒfƒ…[ƒT[@‰ƒVƒ“ƒOƒ‹uƒƒƒƒƒƒƒ“ƒpƒ“v‚ÌCD‚àŠÊƒoƒbƒW‚àŽèì‚è@V¯ƒAƒCƒhƒ‹uLuCheersv‚Éž‚ß‚½Žv‚¢,https://news.yahoo.co.jp/articles/7dfb81618c75e60515c20a7da7b28cb67ecc3504,2/18(“ú) 6:33
cbc,CBCƒeƒŒƒr,ƒ‰ƒWƒJƒZ‚ÅŠX“ª‰‰àA‹c‰ï‚ÌŽ¿–â‚ÍŽè˜b‚Å@Ž¨‚Ì•·‚±‚¦‚È‚¢Žs‹c‰ï‹cˆõ@‘O‰ñ‘I‹“‚Å‚Íƒgƒbƒv“–‘I‚µ‚½‹cˆõ‚Ì“úí‚É–§’…,https://news.yahoo.co.jp/articles/819d2389e71f63681c269e4838ceac70cdd3e184,2/18(“ú) 6:04
cbc,CBCƒeƒŒƒr,“¡ˆä”ªŠ¥‚ª‚±‚Ç‚à«Šû‘å‰ïŽ‹Ž@@‰¤«í‘æ5‹ÇŠJÃ—\’è‚¾‚Á‚½‘åãE‚’ÎŽs‚ÅŽQ‰ÁŽÒ‚ÆŒð—¬,https://news.yahoo.co.jp/articles/c01ff44e08d3642df737a77fa0d481c49dd3dc77,2/17(“y) 18:26
cbc,CBCƒeƒŒƒr,2ŒŽ‚©‚çŒöŠJ‚ÌƒAƒ€[ƒ‹ƒgƒ‰uƒA[ƒXv3Î‚Ì’a¶“ú‚ð‚¨j‚¢,https://news.yahoo.co.jp/articles/8cf7b46987d34213ade60be2d8a0766d98c52ee3,2/17(“y) 18:23
cbc,CBCƒeƒŒƒr,ƒhƒ‰ƒSƒ“ƒYª”öV“ŠŽèi23ju’†“cãÄ‘IŽè‚ðgãÄ‚¿‚á‚ñh‚ÆŒÄ‚ñ‚Åv‚ÌƒŠƒNƒGƒXƒg‚Éu‚Æ‚è‚ ‚¦‚¸–³—!v ‰«“êE–k’J‹…ê‚©‚ç¶’†Œp@ƒtƒ@ƒ“‚ÌŽ¿–â‚É“š‚¦‚é,https://news.yahoo.co.jp/articles/3982b1c0f277a3895fc505a74118f106ea402b35,2/17(“y) 13:32
cbc,CBCƒeƒŒƒr,ƒŠƒAƒ‹g‰º’¬ƒƒPƒbƒgh H3‘Å‚¿ã‚°¬Œ÷‚É•”•i»‘¢Hê‚Å‚àŠì‚ÑuŠÖ‚í‚ê‚ÄŒÖ‚è‚ÉŽv‚¤v”R—¿‰^‚Ô”zŠÇ•”•i»‘¢,https://news.yahoo.co.jp/articles/44e3f13779208325ed2f4ed8cd98306d9e529d69,2/17(“y) 11:29
cbc,CBCƒeƒŒƒr,“¡ˆä‘‘¾”ªŠ¥‚ªŒê‚éˆÌ‹Æ’B¬‚ÌƒƒP@gŒ¶‚Ì‰¤«í‘æ5‹Çh‘åãE‚’ÎŽs‚Å‚Ì–h‰qjŸ‰ï‚ÅÎŠç,https://news.yahoo.co.jp/articles/0cb752b5cc0d636ad64043cfbc46d0093e6af0e0,2/17(“y) 7:18
cbc,CBCƒeƒŒƒr,—ŽqƒŒƒXƒŠƒ“ƒO“¡”gŽé—‘IŽè‚ªˆÙ—á‚ÌgoŒmŒÃh@ŽŠŠwŠÙ‘åŠw‚Íuƒpƒ[ƒXƒ|ƒbƒgv ƒ‰ƒCƒoƒ‹Z‚Å‚Ì—ûK‚Éö“ü,https://news.yahoo.co.jp/articles/ccb711f95a4b63480349c82cb4200612ef51b78f,2/17(“y) 6:32
cbc,CBCƒeƒŒƒr,2024”N‚©‚ç§“x•Ï‚í‚Á‚½uNISAv ‚»‚à‚»‚à‚Ç‚ñ‚È§“x?@‘‚Ìƒzƒ“ƒl‚Íu˜VŒã‚ÌŽ‘‹à‚ÍŽ©ŒÈÓ”C‚ÅŽ‘ŽY‰^—pv,https://news.yahoo.co.jp/articles/0dec505c4ed36520b21f6de425e83d66f52b3af3,2/17(“y) 6:02
cbc,CBCƒeƒŒƒr,—Ö“‡’©Žs‚ÌÄ‚¯Õ‚Åo‰ï‚Á‚½eŽq@k“x6‹­‚Å‚àˆã—Ã‚ð’ñ‹Ÿ‚Å‚«‚½•a‰@@”\“o”¼“‡’nk ”íÐ’n‚Ì¡y‘åÎ‚ª•·‚­z,https://news.yahoo.co.jp/articles/a51a38bad107660774c1998df0afa3a3631b39d8,2/17(“y) 5:56
cbc,CBCƒeƒŒƒr,t–{”Ô‚Ì’g‚©‚³‚ÌŒã‚Íg^“~h‚ÌŠ¦‚³‚É@3“úŠÔ‚Å3‚©ŒŽ•ª‹Gß‚ª‹t–ß‚è@3˜A‹x‚Í“Œ‹ž‚Åá‚Ì‰Â”\«‚à y‘S‘‚Ì9“úŠÔ—\•ñz,https://news.yahoo.co.jp/articles/b1cdc2513a9b2859828c79ebfc0a97360b6bd9dd,2/17(“y) 4:59
cbc,CBCƒeƒŒƒr,‘•{‹{‚Í‚¾‚©Õ ‚±‚Æ‚µ‚Ì_’j‚ðe‚âŒZ’í‚Ì‚æ‚¤‚É20”NŠÔŽx‚¦‚½’‡ŠÔ‚½‚¿‚Æ‚ÌãJ@4“x–Ú‚Å”OŠè‚©‚È‚Á‚½Žv‚¢‚ð’m‚é’‡ŠÔ‚ÆÕ‚è‚Ì•‘‘ä‚Ö,https://news.yahoo.co.jp/articles/14de6dd3d8992795153220dc1dfe7f8b41175d92,2/16(‹à) 19:29
cbc,CBCƒeƒŒƒr,ƒhƒ‰ƒSƒ“ƒYEîà‹´G“l“ŠŽè‚Æ–ö—T–ç“ŠŽè‚ªŽÀíŒ`Ž®‚Ì“o”Â@Šú‘Ò‚ÌVí—ÍEƒfƒBƒJ[ƒ\ƒ“‘IŽè‚Í–ö“ŠŽè‚©‚çƒz[ƒ€ƒ‰ƒ“!,https://news.yahoo.co.jp/articles/b4eaf490bf13be270982dc33d821a3b4d2fb8ade,2/16(‹à) 18:54
cbc,CBCƒeƒŒƒr,ƒCƒ“ƒXƒ^ƒOƒ‰ƒ€‚Å’m‚è‡‚Á‚½—«‚©‚ç‰R‚Ì“ŠŽ‘˜b‚ðŽ‚¿Š|‚¯‚ç‚êc  ”íŠQŽÒ‚ªŒê‚éŽèŒû u“ŠŽ‘‚ðŽ~‚ß‚½‚çŽ‘‹à‚ð“€Œ‹‚·‚év,https://news.yahoo.co.jp/articles/3642c77f57bd46a52a3da244a9631c8dda985903,2/16(‹à) 18:41
cbc,CBCƒeƒŒƒr,–¼ŒÃ‰®E‰h‚É5”N‚Ô‚è‚ÉŠJ‹Æ‚·‚éu’†“úƒrƒ‹v‚ÌVƒzƒeƒ‹@‘f”‘‚Ü‚è8300‰~‚Ì•”‰®‚É50–œ‰~‚ÌƒvƒŒƒ~ƒAƒ€ƒ‹[ƒ€A‚³‚ç‚É‚Ígƒhƒ‰ƒSƒ“ƒYƒ‹[ƒ€h‚à,https://news.yahoo.co.jp/articles/0cbada2f1e95d76b850d2dc45b17ea5e8f3e978a,2/16(‹à) 18:27
cbc,CBCƒeƒŒƒr,“¡ˆä‘‘¾”ªŠ¥ Šû‰¤íg‹à‘ò‘Î‹Çh‚É“|‰ó‰Æ‰®‚©‚çŒ©‚Â‚©‚Á‚½‹î –S‚­‚È‚Á‚½È‚Ö‚ÌŽv‚¢‚É”w’†‚ð‰Ÿ‚³‚ê‚Ä ”\“o”¼“‡’nk,https://news.yahoo.co.jp/articles/e6aa78ff89d887866bbda208cb3da8d1003ddd0f,2/16(‹à) 17:32
cbc,CBCƒeƒŒƒr,4ƒgƒ“‚Ì–Ý‚ð“®‚©‚·‚½‚ß‚ÉƒNƒŒ[ƒ“ŽÔ“oê@“V‰º‚ÌŠïÕu‘•{‹{‚Í‚¾‚©Õv”—‚é@‘’©‚©‚ç•ò”[‚·‚é‘å‹¾–Ýì‚è,https://news.yahoo.co.jp/articles/fb1ac0db35283bb3156c054fcffe7353eea937a0,2/16(‹à) 17:06
cbc,CBCƒeƒŒƒr,‹CÛ—\•ñŽm‚É•·‚­I@“ŒŠC’n•ûu“~‚ÌâŒiƒXƒ|ƒbƒgv‚ð 100”{Šy‚µ‚Þî•ñI,https://news.yahoo.co.jp/articles/3c8bf1dc2aa887ec70d2629e2fc7a80d4f44226c,2/16(‹à) 17:00
cbc,CBCƒeƒŒƒr,’†“úOBE¬¼’C—Y‚ª’–Ú‚Ì×ì¬–ç‘IŽèI–Ú•W‚Í”w”Ô†H—§˜QŠÄ“Â‚©‚ç‚Ì‚²–J”ü‚à,https://news.yahoo.co.jp/articles/aa01eed49f3aaa207ebd0e3272eb7e76b28f680e,2/16(‹à) 16:50
cbc,CBCƒeƒŒƒr,“V‰º‚ÌŠïÕu‘•{‹{‚Í‚¾‚©Õv‚É•ò”[@d‚³4ƒgƒ“‚Ìu‘å‹¾–Ývì‚è‚É800lŽQ‰Á@ˆ¤’mE‚ ‚ÜŽs,https://news.yahoo.co.jp/articles/3fc62b53f71f407d7f0f29f9df27c24ca48c0d1a,2/16(‹à) 12:24
cbc,CBCƒeƒŒƒr,”pŠü‚³‚ê‚½ƒKƒ‰ƒX•r‚©‚ç¶‚Ü‚ê‚½g‚¨‚Ð‚È‚³‚Üh@ŠÛ‚­‚©‚í‚¢‚ç‚µ‚¢‚à‚Ì‚âƒJƒ‰ƒtƒ‹‚È\“ñ’P@‚Ð‚Æ‚Â‚Ð‚Æ‚ÂŽèì‚è‚Å,https://news.yahoo.co.jp/articles/302e2c08d812d5c82c5585b7ae28e2604329f08d,2/16(‹à) 12:22
cbc,CBCƒeƒŒƒr,g’¸‚«—Žq‚è‚è‚¿‚á‚ñh  ’j«2l‚©‚ç1‰­‰~—]‚è‚¾‚Ü‚µŽæ‚Á‚½ß‚É‚Â‚¢‚Ä‹N‘i“à—e”F‚ß‚é@’j«‚ðg”ÞŽh‚ÆŒÄ‚ÑuˆÅ‹à‚©‚ç˜A——ˆ‚½v‚È‚Ç‚ÆƒƒbƒZ[ƒW,https://news.yahoo.co.jp/articles/3ebfb67a72d9e7f4a9db193e9d0b703d2f755176,2/16(‹à) 11:48
cbc,CBCƒeƒŒƒr,Šò•ŒŒ§‚ÌŽw’è‹à—Z‹@ŠÖ‚ªÄ‚Ñ\˜Z‹âs‚É@uŽè”—¿‚È‚Ç‚Ì”ï—p‚ª‘åŠ_‹¤—§‹âs‚æ‚èˆÀ‚¢v,https://news.yahoo.co.jp/articles/af9a732afd3980100cb7a067378383dac3cc3ee2,2/16(‹à) 6:54
cbc,CBCƒeƒŒƒr,lÞ•s‘«‚ª[‚È’†A‚È‚º‰îŒì‚ÌŠî–{•ñV‚ªˆø‚«‰º‚°‚ç‚ê‚é‚Ì‚©H,https://news.yahoo.co.jp/articles/40ef056eeaa50e076a928903816e1f1347fe40a2,2/16(‹à) 6:50
cbc,CBCƒeƒŒƒr,Šò•ŒŒ§‚ÌV”N“x—\ŽZ‚Í12”N‚Ô‚èŒ¸Šz@ƒRƒƒi‘Îô”ï‚ª‘å•Œ¸@ƒAƒ†HŠQ‚â’¹ƒCƒ“ƒtƒ‹‘Îô‚É’—Í,https://news.yahoo.co.jp/articles/2683118528c418bc466eefe9de2958f1b9328e79,2/16(‹à) 1:36
cbc,CBCƒeƒŒƒr,ƒgƒˆƒ^Ž©“®ŽÔ‚ª2Hê2ƒ‰ƒCƒ“‚Ì‰Ò“­’âŽ~‚ð‚³‚ç‚É‰„’·‚Ö@–L“cŽ©“®D‹@‚É‚æ‚éƒGƒ“ƒWƒ“‚Ì”FØ•s³–â‘è‚ðŽó‚¯‚Ä,https://news.yahoo.co.jp/articles/35920f589c09cc4fcf45cf13027e0088b5c84f0a,2/15(–Ø) 20:06
cbc,CBCƒeƒŒƒr,ˆ¤’mŒ§‚Ì¬ŠwZ‚É3250‹…‚ÌƒTƒbƒJ[ƒ{[ƒ‹‚ðŠñ‘¡@–¼ŒÃ‰®ƒOƒ‰ƒ“ƒpƒX‚Æ–¼ŒÃ‰®ƒgƒˆƒyƒbƒg‚È‚Ç‚ð“WŠJ‚·‚éNTPƒOƒ‹[ƒv,https://news.yahoo.co.jp/articles/cad53ce84068068a9268bc260726ea16c375475b,2/15(–Ø) 19:38
cbc,CBCƒeƒŒƒr,ƒŒƒXƒgƒ‰ƒ“‚ÌˆÄ“à–ð‚Íu•ªgƒƒ{ƒbƒgv  ƒXƒs[ƒJ[‚Å‰ï˜b‚à‰Â”\@ˆ¤‚ç‚µ‚¢gU‚èŽèU‚è‚Å‹q‚ÆƒRƒ~ƒ…ƒjƒP[ƒVƒ‡ƒ“,https://news.yahoo.co.jp/articles/c4ed53af4315d70c183179ee24485735fed4e70d,2/15(–Ø) 19:38
cbc,CBCƒeƒŒƒr,‰wˆõ‚ªŽg‚¤ƒgƒCƒŒ‚É‰p’PŒê@’©—ç‚Å‚Í‰pŒêE’†‘Œê‚ÉŠØ‘Œê‚à@ŠO‘l—·s‹q‚Él‹C‚Ìu”ò‘Ë‚ŽRv‚Å‰wˆõ‚Ì•±“¬‚ðŒ©‚½,https://news.yahoo.co.jp/articles/69af580cb7cb98406687f067f98c67d7487eec71,2/15(–Ø) 19:34
cbc,CBCƒeƒŒƒr,u’“Ý‚³‚ñv‚Å‚Í‚È‚­A‚Ý‚ñ‚ÈuŽR‚¿‚á‚ñv‚Æc@ˆê‚Â‚Ì’nˆæ‚ð27”NŠÔŽç‚è‘±‚¯‚½ŒxŽ@Š¯@¡t‚Ì‘ÞE‚ð‘O‚ÉŽdŽ–‚ðU‚è•Ô‚Á‚Äu• ˆê”t‚â‚ç‚¹‚Ä‚à‚ç‚¢‚Ü‚µ‚½v,https://news.yahoo.co.jp/articles/f5df8ccb444dbd8b625acf70087e4b734f171a04,2/15(–Ø) 18:53
cbc,CBCƒeƒŒƒr,ƒRƒƒi‘Îô•¬‹à‚Ì•s³Žó‹‹@ŽÐ“à’²¸‚Å“–‰”­•\‚Ì–ñ9”{‚Ì‹àŠz‚É@–ñ23‰­‰~‚Ì•¬‹à‚É‘Î‚µˆá–ñ‹à‚È‚Ç–ñ29‰­‰~‚ðŽx•¥‚¢@–¼“SŠÏŒõƒT[ƒrƒX,https://news.yahoo.co.jp/articles/bdae9eddbfd86799797f6d5382a2a16ed4ea31ef,2/15(–Ø) 18:32
cbc,CBCƒeƒŒƒr,u53Žs’¬‘º‚·‚×‚Ä‚Å‹à•i‚ÌŽöŽó‚Í‚È‚©‚Á‚½v@–¼ŒÃ‰®Žs‹³ˆÏ‹³ˆçˆÏˆõ‰ï‚Ì‹à•iŽó‚¯Žæ‚è–â‘è‚ðŽó‚¯@ˆ¤’mŒ§‚ªƒqƒAƒŠƒ“ƒOŒ‹‰Ê‚ð–¾‚ç‚©‚É,https://news.yahoo.co.jp/articles/fbae33feb834dd58fdd0e7c778de1a0466415714,2/15(–Ø) 18:24
cbc,CBCƒeƒŒƒr,“ŒŠC“¹VŠ²ü‚Å‰×•¨‚ð‰^‚Ôu‘¦“ú”z‘—ƒT[ƒrƒXvŠJŽn‚Ö@“Œ‹ž`–¼ŒÃ‰®E“Œ‹ž`V‘åãŠÔ‚Éu“ŒŠC“¹ƒ}ƒbƒn•Öv,https://news.yahoo.co.jp/articles/94b74efb2129cceaed81e781553088a3a6d602c7,2/15(–Ø) 18:22
cbc,CBCƒeƒŒƒr,–k—¤VŠ²ü‰„L‚Å‚©‚¦‚Á‚Ä•s•Ö‚É?@‘åãE–¼ŒÃ‰®‚©‚ç‚Ì’¼’Ê“Á‹}‚ª‚È‚­‚È‚èæ‚èŠ·‚¦‚É‚Í13•ªc@16•ª’Zk‚Å—¿‹à‚Í1620‰~ƒAƒbƒv,https://news.yahoo.co.jp/articles/2c54b17dde9a2f3aadf59ca74fc15e32d2134aee,2/15(–Ø) 18:12
cbc,CBCƒeƒŒƒr,tß‚Ì‘åŒ^˜A‹x‚ðI‚¦’†‘‚Ö‹A‘‚·‚él‚½‚¿‚Å¬ŽG@u‰h‚Å”ƒ‚¢•¨vu‚Ð‚Â‚Ü‚Ô‚µƒxƒXƒgv@“ú–{‚ð—·‚µ‚½Š´‘z‚ð’†•”‹ó`‚Å•·‚¢‚½,https://news.yahoo.co.jp/articles/57b66d723267eb9b2937b88d6d85178220166882,2/15(–Ø) 17:44
cbc,CBCƒeƒŒƒr,•¨—¬‚Ìu2024”N–â‘èv  “ŒŠC’n•û‚ÌŠé‹Æ–ñ7Š„‚Éƒ}ƒCƒiƒX‚Ì‰e‹¿‚Æ‚Ì’²¸Œ‹‰Ê@•¨—¬ƒRƒXƒg‚âlŒ”ï‚Ì‘‰Á‚È‚Ç‚ªŒœ”OÞ—¿‚É,https://news.yahoo.co.jp/articles/c5be5d158c99e428d95ba0bfcff85c2e88f8323f,2/15(–Ø) 17:42
cbc,CBCƒeƒŒƒr,ƒfƒU[ƒg‚ÌV’è”ÔIH uƒ`ƒ…ƒƒXvƒu[ƒ€‚ª“ž—ˆI ˜b‘è‚ÌƒfƒBƒbƒvƒ`ƒ…ƒƒX‚âŠÃ–¡•‰––¡‚Ìl‹C“X‚ðÐ‰î,https://news.yahoo.co.jp/articles/95abf7786734bfd655b045a07068bd3c6215ed77,2/15(–Ø) 17:15
cbc,CBCƒeƒŒƒr,–åŠO•so‚Ì–¡IH ‚Ý‚»ƒX[ƒv‚ÌŒ´—¿‚ðƒeƒŒƒr‰ŒöŠJI uŽR–{‰®–{“Xv‚Ì–¡‘XŽÏž‚¤‚Ç‚ñ ‚¨‚¢‚µ‚³‚Ì”é–§‚ð“O’ê’²¸yŒã•Òz,https://news.yahoo.co.jp/articles/b16cdd64e13961c8f1874df510033d7758c93ffe,2/15(–Ø) 16:57
cbc,CBCƒeƒŒƒr,u•¶–[‹ï‰®‚³‚ñ‘åÜ2024v‚ª”­•\I ’¸“_‚É‹P‚¢‚½•¶–[‹ï‚Æ‚ÍIH ƒvƒ‚ª‘I‚ñ‚¾ŽóÜƒAƒCƒeƒ€‚à‚²Ð‰î,https://news.yahoo.co.jp/articles/e38dd5f31648362490b812ecf2a53b8f7ae59749,2/15(–Ø) 16:50
cbc,CBCƒeƒŒƒr,ƒŠƒTƒCƒNƒ‹Ž{Ý‚ÌƒKƒ‰ƒXH–[‚Åu‚Ð‚ÈlŒ`ì‚èv@”pŠü‚³‚ê‚½ƒKƒ‰ƒX•r‚È‚Ç‚ðÄ—˜—p@ˆ¤’mE‰ªèŽs,https://news.yahoo.co.jp/articles/2a02866ac7142c69bd0ba62e82e3086c3545d8ab,2/15(–Ø) 12:13
cbc,CBCƒeƒŒƒr,–ñ5500–œ‰~‚¾‚Ü‚µŽæ‚ç‚ê‚é u—L—¿ƒTƒCƒg‚É–¢•¥‚¢‚ª‚ ‚év ‹à—Z‹@ŠÖ‚âŒxŽ@Š¯‚ð–¼æ‚é’j‚ç‚ª60‘ã‚Ì—«‚É‚¤‚»‚Ì“d˜b@ŒxŽ@‚ª¼‹\Ž–Œ‚Æ‚µ‚Ä‘{¸,https://news.yahoo.co.jp/articles/5cf3443df8fef52ea590980618a8115edd37b5f7,2/15(–Ø) 1:39
cbc,CBCƒeƒŒƒr,ŽOdŒ§‚ÌV”N“x—\ŽZˆÄ‚Í8051‰­‰~‚Å6”N‚Ô‚è‚ÉŒ¸­AŽ™“¶‘Š’kŠ‚Ì‹­‰»‘Ì§‚âA“ìŠCƒgƒ‰ƒt‹‘å’nk‘Îô”ï‚È‚Ç‚ð·‚èž‚Þ,https://news.yahoo.co.jp/articles/cbeed553e38dc38c76e4afa5d8c8c50572d75b80,2/15(–Ø) 0:34
cbc,CBCƒeƒŒƒr,‚¨‚Æ‚Æ‚µ8ŒŽAŽ©‘î‚Å—¼e‚ðŽEŠQ‚·‚é‚È‚Ç‚µ‚½ß‚É–â‚í‚ê‚Ä‚¢‚é—‚Ì‰Œö”»‚ÅA—‚Í‹N‘i“à—e‚ð‰½‚à‚È‚Í‚³‚¸–Ù”é,https://news.yahoo.co.jp/articles/50619e93f7b7b8d38204e90dd847d887339df0ba,2/15(–Ø) 0:26
cbc,CBCƒeƒŒƒr,–¼ŒÃ‰®‚Ì“ü—Ž{ÝuƒLƒƒƒiƒ‹ƒŠƒ][ƒgv‚ð‰^‰c‚·‚é‰ïŽÐŽÐ’·‚¾‚Á‚½’j@Žð‹C‘Ñ‚Ñ‰^“]‚ÅŽ–ŒÌ‚©@–{l‚ð—§‚¿‰ï‚í‚¹‚½ŽÀ‹µŒ©•ª‚ðs‚¤,https://news.yahoo.co.jp/articles/639a0326a8a7e2780b9180a5bb065594188b4a82,2/15(–Ø) 0:12
cbc,CBCƒeƒŒƒr,’Àã‚°‚Ì•½‹Ï—v‹Šz‚ÍA16358‰~‚Æ‰ß‹ŽÅ‚…€u‘Sƒgƒˆƒ^˜J˜Av‚ªt“¬‚Ì—v‹‘‚ð’ño,https://news.yahoo.co.jp/articles/d15156f1c876f39533387ea9706e984c66c2cb0c,2/15(–Ø) 0:04
cbc,CBCƒeƒŒƒr,ˆ¤’mŒ§Œö—§‚Z“üŽŽ2024@oŠèó‹µ@‘S“ú§•’Ê‰È‚Í‹e—¢3.36”{@ˆÀé3.30”{@—Ë3.27”{@ˆ®‹u1.67”{@‰ªè1.50”{@ŽuŠè”{—¦yŠm’è”Åz,https://news.yahoo.co.jp/articles/e32c842386ee788ff7c06083176c044857b426c3,2/14(…) 21:29
cbc,CBCƒeƒŒƒr,u•X‚ª—n‚¯‚év@‹C‰·ã¸‚ÅƒXƒP[ƒgƒŠƒ“ƒN‚ÉˆÙ•Ï@—â“€‹@‚Ì”R—¿”ï‚Í‹Ž”N‚æ‚è300–œ‰~ã‚ª‚Á‚Ä1000–œ‰~‚É@Šò•ŒEŒb“ßŽs,https://news.yahoo.co.jp/articles/aaca438f90272655adfd877c1a48e0f8e7155794,2/14(…) 19:21
cbc,CBCƒeƒŒƒr,‹C‰·ã¸‚Å–¼ŒÃ‰®‚ÌÅ‚‹C‰·‚Í19Ž’´‚¦@‘ç‚«‚Ì÷‚ªç‚«Žn‚ß‚é@ƒX[ƒp[‚Å‚Ít‚ª{‚Ì–ìØ‚ª‚¨’l‘Å‚¿‚É,https://news.yahoo.co.jp/articles/0bf24fb13c7c247cf6b859aa4f96f3c9c930a7d8,2/14(…) 19:14
cbc,CBCƒeƒŒƒr,“¡ˆä‘‘¾”ªŠ¥i21j‚ªƒvƒŠûŽm‚É‚È‚Á‚Ä‹Á‚¢‚½‰Á“¡ˆê“ñŽO‹ã’i‚Æ‚ÌƒGƒsƒ\[ƒh u’‹‹xŒeI‚í‚Á‚Ä‚¢‚È‚¢‚Ì‚Écv 30lŒÀ’è ŽQ‰Á”ï35–œ‰~‚Ìƒtƒ@ƒ“ƒ~[ƒeƒBƒ“ƒO,https://news.yahoo.co.jp/articles/e2e851a1541b25cd152dc7ffd1e5ec1a34ad15f3,2/14(…) 18:48
cbc,CBCƒeƒŒƒr,“¡ˆä‘‘¾”ªŠ¥‚ªu‚¨‚â‚Âv‚É‘I‚ñ‚Å‘ål‹C‚É@–¼ŒÃ‰®‚ð‘ã•\‚·‚éƒXƒC[ƒcu‚Ò‚æ‚è‚ñv@VH–[‚ÆƒVƒ‡ƒbƒv‚ªƒI[ƒvƒ“!@ˆ¤’m,https://news.yahoo.co.jp/articles/358fedae72d57ab6e25656189338b1e8fc421c0c,2/14(…) 18:27
cbc,CBCƒeƒŒƒr,u‚Ò‚æ‚è‚ñv‚ÌV‚½‚È—\–ñƒT[ƒrƒX‚ªƒXƒ^[ƒg@‰w‚ÉÝ’u‚Ìê—pBOX‚©‚çŽó‚¯Žæ‚é‚±‚Æ‚ª‚Å‚«‚é‚æ‚¤‚É@–¼ŒÃ‰®‰w,https://news.yahoo.co.jp/articles/0fd65a22ba8191246a5c91e30c005c93a8447065,2/14(…) 18:04
cbc,CBCƒeƒŒƒr,Šò•ŒŒ§Œö—§‚Z“üŽŽ2024@oŠèó‹µ@‘æˆêŽŸE˜AŒgŒ^‘I”²‚ÌŽuŠè”{—¦@Šò•Œ1.27”{@‘åŠ_–k1.19”{@”ã‘¾1.04”{,https://news.yahoo.co.jp/articles/ef15b46b578c44d7e54ccad5e9a83bd9c74e2c91,2/14(…) 17:29
cbc,CBCƒeƒŒƒr,550‰~‚Å‹‰Ø‚Èƒ‚[ƒjƒ“ƒO‚ªH‚×‚ç‚ê‚éIH Šò•ŒŒ§“yŠòŽs‚Ì‚¨’l‘Å‚¿ƒOƒ‹ƒ•Ž{Ý‚ð‚²Ð‰î,https://news.yahoo.co.jp/articles/98824e0d1e78498d29d371ab8fefba79e9bed9ef,2/14(…) 17:10
cbc,CBCƒeƒŒƒr,u\}“I‚É‚·‚Î‚ç‚µ‚¢Iv‚Æƒ}ƒaƒ‰ƒu–ì“cA–J‚ß‚ç‚ê‚éI Šò•ŒŒ§wŠÖ¤H‚ZxŽÊ^•”‚ÅŽB‰e‚ÌŠy‚µ‚³‚ð’m‚é,https://news.yahoo.co.jp/articles/fa6b0a1c90b7a3ea29d6cdbfed8fbaebc607aafd,2/14(…) 17:00
cbc,CBCƒeƒŒƒr,‰Á“¡ˆ¤ƒAƒi‚ªŽOdŒ§’ÃŽs‚Ìw•½Ž¡÷–Ýx‚ð’²¸I ‰Ì•‘Šê‚É‚à‚È‚Á‚Ä‚¢‚é“`à‚ªƒ‹[ƒc‚Ìˆ¤‚³‚ê‚¨‰ÙŽq,https://news.yahoo.co.jp/articles/89d146129adbba4cf44c8f6d0277918591970e06,2/14(…) 17:00
cbc,CBCƒeƒŒƒr,JR”Ñ“cü‚Ì“¥Ø‚Åæ—pŽÔ‚Æ—ñŽÔ‚ªÕ“Ë@—«‚ªŽ€–S‚µ—ñŽÔ‚ª’Eü‚µ‚½Ž–ŒÌ@‰^—AˆÀ‘SˆÏˆõ‰ï‚ªŒ»’n“ü‚è‚µ‚ÄŒ´ˆö‚ð’²¸,https://news.yahoo.co.jp/articles/efba308105fb672ec1023d71c34b0b82894d8e40,2/14(…) 16:54
cbc,CBCƒeƒŒƒr,ƒs[ƒ}ƒ“‚Ì“÷‹l‚ßuƒpƒŠƒpƒŠŠ´v‚ðŽc‚·— ‹Z‚ª‚ ‚Á‚½IHƒX[ƒp[‚ÅŒ©‚Â‚¯‚½ƒxƒeƒ‰ƒ“Žå•w‚ÌƒAƒCƒfƒA‚ð‘åŒöŠJ,https://news.yahoo.co.jp/articles/0e356a60b16dce7a003a0f54a110f7089647589f,2/14(…) 16:50
cbc,CBCƒeƒŒƒr,yŒð’Êî•ñzJR”Ñ“cü@–Lì‰w`Vé‰wŠÔ‚Ì‰^“]‚ðÄŠJ@i14“úŒßŒã4Žž20•ªŒ»Ýj,https://news.yahoo.co.jp/articles/2bfcd80666c385905fcc67b23fb243a603527997,2/14(…) 16:27
cbc,CBCƒeƒŒƒr,yŒð’Êî•ñz“ŒŠC“¹VŠ²ü@•ÄŒ´`V_ŒË@ã‰ºü‚Å‰^“]ÄŠJ,https://news.yahoo.co.jp/articles/183de7f224fa36e2f306554dad1e9b0ae8e4909b,2/14(…) 15:42
cbc,CBCƒeƒŒƒr,yŒð’Êî•ñz“¥ØŽ–ŒÌ‚Å‰^“]Œ©‡‚í‚¹‚ÌJR”Ñ“cü@–L‹´`–LìŠÔ‚Ì‰^“]‚ðÄŠJ@i14“úŒßŒã3Žž30•ªŒ»Ýj,https://news.yahoo.co.jp/articles/9b53013f8357814966e03e507bf457b308748ea3,2/14(…) 15:42
cbc,CBCƒeƒŒƒr,“ŒŠC“¹VŠ²ü‚ÌŽÔ“à‚ÉÝ’u‚³‚ê‚Ä‚¢‚½uƒeƒŒƒzƒ“ƒJ[ƒhŽ©“®”Ì”„‹@v 20‘äŒÀ’è‚Å”Ì”„@“–Žž‚ÌƒeƒŒƒzƒ“ƒJ[ƒh‚ÌƒŒƒvƒŠƒJ•t‚«,https://news.yahoo.co.jp/articles/ac7a669db0ab61e71181ddad1496d679f11e8ba6,2/14(…) 12:48
cbc,CBCƒeƒŒƒr,uŠÃ‚¢˜b‚ª¼‹\‚ÌŽn‚Ü‚èv@ƒoƒŒƒ“ƒ^ƒCƒ“ƒf[‚ÉŒxŽ@‚ªƒ`ƒ‡ƒRƒŒ[ƒg‚ð”z‚Á‚Ä“ÁŽê¼‹\‚Ö‚Ì’ˆÓ‚ðŒÄ‚Ñ‚©‚¯@–¼ŒÃ‰®E”M“c‹æ,https://news.yahoo.co.jp/articles/6e12482964723c38b6d8b482689b1f5f682aceda,2/14(…) 11:51
cbc,CBCƒeƒŒƒr,cŽº‚©‚ç‘¡‚ç‚ê‚½”n‚ª_‚ÉŽd‚¦‚é”n‚É‚È‚é‚½‚ß‚Ì‹VŽ®@ˆÉ¨_‹{‚ÅuŒä”nŒ¡iŽ®v‚ªs‚í‚ê‚é@ŽOd,https://news.yahoo.co.jp/articles/f49b3d373114dfbe31d95f9a9079539682e81f0c,2/14(…) 11:51
cbc,CBCƒeƒŒƒr,“¥Ø‚Åæ—pŽÔ‚Æ—ñŽÔ‚ªÕ“Ë@—«i39j‚ªŽ€–S‚µ—ñŽÔ‚ª’Eü‚µ‚½Ž–ŒÌ@‰^—AˆÀ‘SˆÏˆõ‰ï‚ªŒ»’n’²¸‚Ö,https://news.yahoo.co.jp/articles/b531048afa78864fee923e489a847bed9368d827,2/14(…) 11:09
cbc,CBCƒeƒŒƒr,’†“úOBE•F–ì—˜Ÿ‚ªâŽ^IƒLƒƒƒ“ƒv‚Å’–Ú‚µ‚½ƒhƒ‰ƒSƒ“ƒY‚Ì‘IŽè‚Æ‚Í,https://news.yahoo.co.jp/articles/3c8bfb4a958aeaf4cb6de4aa39ebac3fed37011a,2/14(…) 6:50
cbc,CBCƒeƒŒƒr,ƒhƒ‰ƒSƒ“ƒY‰«“êƒLƒƒƒ“ƒv11“ú–Ú@’†“cãÄ‘IŽè‚ÍŽç”õ‚ÅuãÄƒ^ƒCƒ€v@ƒ‹[ƒL[’Ò–{—Ï‘¾˜Y‘IŽè‚ÍŠJ–‹ˆêŒR‚ÉŒü‚¯–ÒƒAƒs[ƒ‹,https://news.yahoo.co.jp/articles/a51591644ab6511a9aaf45a29c6a852fdf2f69fc,2/13(‰Î) 19:16
cbc,CBCƒeƒŒƒr,u‘•{‹{‚Í‚¾‚©Õv‚É—«‚ª‰‚ß‚ÄŽQ‰Á‚Ö@–{”Ô‚³‚È‚ª‚ç‚Ì—ûK‚É–§’…@Š¦‚³‘Îô‚Íu‹C‡v,https://news.yahoo.co.jp/articles/25dd8e727d36cf30a9de10d200cb5c08e51169d4,2/13(‰Î) 19:04
cbc,CBCƒeƒŒƒr,˜HüƒoƒX‚Æ¬Šw¶—Ž™i8j‚ÌŽ©“]ŽÔ‚ªo‡‚¢“ª‚ÉÕ“Ë@—Ž™‚ªŒy‚¢‚¯‚ª@‚Æ‚à‚ÉˆêŽž’âŽ~‚Ì•WŽ¯‚È‚µ,https://news.yahoo.co.jp/articles/d81f2310895908befdf33f55ef84ec903154cc13,2/13(‰Î) 18:26
cbc,CBCƒeƒŒƒr,u‚Æ‚È‚è‚Ìƒgƒgƒv‚ÌƒlƒRƒoƒX‚ðƒCƒ[ƒW‚µ‚½ŽÔ—¼‚ð‰^s‚Ö@ƒWƒuƒŠƒp[ƒN‚ÌVƒGƒŠƒAu–‚—‚Ì’JvƒI[ƒvƒ““ú‚Ì3ŒŽ16“ú‚©‚ç,https://news.yahoo.co.jp/articles/28e278bb44ea477edbeae2ccc987f54fc267cf24,2/13(‰Î) 17:57
cbc,CBCƒeƒŒƒr,2ŒŽ13“ú‚ÍgNISA‚Ì“úh @‚Å‚àuVNISAv‚Á‚Ä‰½?@”NŠÔ‚Ì“ŠŽ‘ãŒÀŠz‚ªƒAƒbƒv@”ñ‰ÛÅ•Û—LŠúŠÔ‚ª–³ŠúŒÀ‚É,https://news.yahoo.co.jp/articles/caaaeb7705e8a483c095215398786ef69cd45ff4,2/13(‰Î) 17:51
cbc,CBCƒeƒŒƒr,u‰Û‘è‚ðŽc‚µ‚½‚Ü‚Ü‹s‚³‚¹‚½‚±‚Æ‚ª•s³‚ÌŒ´ˆöv ƒgƒˆƒ^‚©‚çƒ_ƒCƒnƒcVŽÐ’·‚ÉA”C‚·‚éˆäã‰ëGŽ@”FØŽŽŒ±‚ð„‚é•s³‚ðŽó‚¯ƒ_ƒCƒnƒc‚ªŒo‰c‘Ì§‚ðˆêV,https://news.yahoo.co.jp/articles/ea88ac64588d49b533be6f708bbc6c0f411a2b16,2/13(‰Î) 17:34
cbc,CBCƒeƒŒƒr,HŒã‚Ì‰^“®‚Í‰½•ªŒã‚ª‚¢‚¢H’©‚Ì‰^“®‚Í‹tŒø‰ÊH‰^“®‚ÉÅ“K‚Èƒ^ƒCƒ~ƒ“ƒO‚ð‰ðà,https://news.yahoo.co.jp/articles/69197b484230c5bccc422361113542bb913e1873,2/13(‰Î) 17:11
cbc,CBCƒeƒŒƒr,"""ÎìV–íA—´‹ó‚ÍŽ©‚ç‚Ì—Í‚ÅƒŒƒMƒ…ƒ‰[‚ÌÀ‚ð’Í‚ÝŽæ‚êI""–¼Žèr–Ø‰ë”Ž‚ªƒhƒ‰ŠJ–‹“à–ìw‚ð‘å’_—\‘zI",https://news.yahoo.co.jp/articles/92ffad8169c2101e97f511dbd1357cc4e679a1ef,2/13(‰Î) 16:50
cbc,CBCƒeƒŒƒr,–¼ŒÃ‰®ŽO‰z‚Ì“c’†“NŽÐ’·i60j‚ª‚·‚¢‘Ÿ‚ª‚ñ‚ÅŽ€‹Ž@‹Ž”NŽÐ’·‚ÉA”C‚µH‚²‚ë‚©‚ç‘Ì’²ˆ«‰»@–¼ŒÃ‰®ŽO‰z‰h“XE¯ƒP‹u“XEƒ‰ƒVƒbƒN‚ð‰^‰c,https://news.yahoo.co.jp/articles/218c332066317ebdf0aafb97f35f07d54e1d309f,2/13(‰Î) 16:32
cbc,CBCƒeƒŒƒr,ƒ_ƒCƒnƒcH‹Æ@VŽÐ’·‚Éƒgƒˆƒ^’†“ì•Ä–{•”’·‚Ìˆäã‰ëGŽ@‰ï’·‚Ìƒ|ƒXƒg‚Í”pŽ~@”FØŽŽŒ±‚ð„‚é•s³–â‘è,https://news.yahoo.co.jp/articles/7af28c33a94256cdde2e96b6ea6403368605e29b,2/13(‰Î) 15:29
cbc,CBCƒeƒŒƒr,uŒö‹³ˆç‚É‘Î‚·‚éM—Š‚ð‘¹‚È‚¤v·ŽR•¶‰È‘åb‚ª‹­‚¢Œœ”O@–¼ŒÃ‰®Žs‹³ˆçˆÏˆõ‰ï‚ª‹³ˆõ’c‘Ì‚©‚ç‹à•i‚ðŽó‚¯Žæ‚Á‚Ä‚¢‚½–â‘è‚Å,https://news.yahoo.co.jp/articles/4cb0e41f1f9606150f17313305c8d23f6e23dfbe,2/13(‰Î) 15:21
cbc,CBCƒeƒŒƒr,–¼ŒÃ‰®Žs‹³ˆçˆÏˆõ‰ï‚Ì‹à•iŽó‚¯Žæ‚è–â‘è@ˆ¤’mŒ§‚ÌŒ§—§‚ZE“Á•ÊŽx‰‡ŠwZ‚Í‰ß‹Ž15”NŠÔu‹à•i‚ÌŽöŽó‚Í‚È‚¢vŒö—§¬’†ŠwZ‚ÌŠm”F‹}‚®,https://news.yahoo.co.jp/articles/f9b48a66e499316d5ff3b5aa3396abc9d06622fc,2/13(‰Î) 15:16
cbc,CBCƒeƒŒƒr,–¼ŒÃ‰®Žs‚ÌV”N“x—\ŽZ@ˆê”Ê‰ïŒv‘Šz‚Í8”N˜A‘±‚Å‰ß‹ŽÅ‘å‚ðXV@¬’†ŠwZ‚ÌVŽö‹ÆuƒLƒƒƒŠƒAƒ^ƒCƒ€v‚È‚Ç‚Ì”ï—p‚ð·‚èž‚Þ,https://news.yahoo.co.jp/articles/556ac91cb4fe4e4cc8b745acc1b6bdfe1be4fec4,2/13(‰Î) 12:19
cbc,CBCƒeƒŒƒr,ˆ¤’mŒ§’mŽ–u‰ß‹Ž15”N‚Í‹à•iŽöŽó‚È‚µv@–¼ŒÃ‰®Žs‹³ˆçˆÏ‚Ì‹à•iŽó‚¯Žæ‚è”­Šo‚ðŽó‚¯‚Ä@Œ§“àŽs’¬‘º‚Ì‹³ˆçˆÏˆõ‰ï‚É‚Â‚¢‚Ä‚à’²¸‚Ì•ûj,https://news.yahoo.co.jp/articles/edb666ff0797cb8c4f6f9db13b6451a5887b6e84,2/13(‰Î) 12:02
cbc,CBCƒeƒŒƒr,13“úi‰Îj‚©‚ç‘S‘“I‚Ég‹GßŠO‚ê‚Ì’g‚©‚³h@19“úiŒŽj‚Í“Œ‹žE‘åãEŽD–y‚Å•½”N”ä+8ŽˆÈã‚Ì—\‘z@y‘S‘‚Ì10“úŠÔ—\•ñz,https://news.yahoo.co.jp/articles/831f7cfabf8de33cc3a2699f60eb598e38f3800a,2/13(‰Î) 11:56
cbc,CBCƒeƒŒƒr,–¾Ž¡‚©‚çº˜a‚É‚©‚¯‚Ä‚Ìu‚Ð‚ÈlŒ`v–ñ150‘Ì‚ð“WŽ¦@Žž‘ã‚²‚Æ‚ÉˆÙ‚È‚é•\î‚âˆß‘•‚ª–Ú‚ðˆø‚­@ˆ¤’mE‰ªèŽs,https://news.yahoo.co.jp/articles/deaf39379a8f46b0b6e26bf484623e467dd9f4fb,2/13(‰Î) 11:53
cbc,CBCƒeƒŒƒr,Å‹ßuƒ}ƒbƒ`v‚Å‰Î‚ð“_‚¯‚Ü‚µ‚½‚©HŽï–¡‚Å” ‚ðW‚ß‚él‚à‚¢‚½•é‚ç‚µ‚Ì•KŽù•i,https://news.yahoo.co.jp/articles/cee0743c29bc4f67bd1b77320188e8b3ec48b3e0,2/13(‰Î) 10:40
cbc,CBCƒeƒŒƒr,u‰Ÿ‚µ‚ÄØ‚évHuˆø‚¢‚ÄØ‚évH•ï’š‚ð³‚µ‚­Žg‚Á‚Ä‚¨‚¢‚µ‚³ƒAƒbƒvIƒvƒ‚ª‹³‚¦‚éHÞ•Ê‚Ì³‚µ‚¢Ø‚è•û‚Æ‚Í,https://news.yahoo.co.jp/articles/35ba1750e399c6e53771333bf1300c3673260b44,2/13(‰Î) 6:50
cbc,CBCƒeƒŒƒr,•½‹Ï‘äƒAƒWƒAƒ`ƒƒƒ“ƒsƒIƒ“ŽOdŒ§’ÃŽsog‚Ì‘Ì‘€ ‰ª‘º^‘IŽè u ƒpƒŠƒIƒŠƒ“ƒsƒbƒN‚ÅŒÂl‘‡ƒƒ_ƒ‹‚ª–Ú•Wv ‹x“ú‚Í‚¨‰ÙŽqì‚è‚É–v“ª‚·‚é18Î,https://news.yahoo.co.jp/articles/80099a66e3c9ddfe56d0e88845d282db3dc5db15,2/13(‰Î) 6:32
cbc,CBCƒeƒŒƒr,“V‰º‚ÌŠïÕu‘•{‹{‚Í‚¾‚©Õv4“x‚ß‚Ì’§í‚Å“²‚ê‚Ì_’j‚ÉŒˆ‚Ü‚Á‚½37Î’j« Õ“–“ú‚Í¶‚Ü‚ê‚½‚Ü‚Ü‚ÌŽp‚Åc‘‘¬—”¯“X‚Å”û–ÑˆÈŠO‚Ì–Ñ‚ð‚·‚×‚Ä‚»‚è—Ž‚Æ‚·,https://news.yahoo.co.jp/articles/fa540aaf6bf2334706f5361827804e4aff1b9941,2/13(‰Î) 6:02
cbc,CBCƒeƒŒƒr,2”N–Ú‚Ì‘º¼ŠJl‘IŽè‚Æ³•ßŽè‘ˆ‚¢‚É–¼æ‚è‚ðã‚°‚½Î‹´N‘¾‘IŽè‚ª–ÒƒAƒs[ƒ‹@ƒhƒ‰ƒSƒ“ƒY‰«“êƒLƒƒƒ“ƒv,https://news.yahoo.co.jp/articles/a1eb37daa80951977cf949837147a2b1ec745607,2/12(ŒŽ) 21:19
cbc,CBCƒeƒŒƒr,u¢ŠE‚Ö“¹‚ð‚Â‚È‚°‚Ä‚¢‚½‚¾‚¢‚½vƒgƒˆƒ^Ž©“®ŽÔ –L“cÍ’j‰ï’·‚ª‰Ø—í‚Èƒfƒ‚‘–s‚ð”â˜I@20”N‚Ì—ðŽj‚É–‹‚ð‰º‚ë‚µ‚½uVéƒ‰ƒŠ[v‚ÉŠ´ŽÓ,https://news.yahoo.co.jp/articles/e0c291f2bb2f21d7700af87757e1219babf8dce2,2/12(ŒŽ) 20:57
cbc,CBCƒeƒŒƒr,uÅŒã‚É•ö‚ê‚Ä‚µ‚Ü‚Á‚½cv“¡ˆä‘‘¾”ªŠ¥‚ª’©“ú”tŒˆŸ‚Å‰i£‘ñ–î‹ã’i‚É”s‚ê‚é@Žt ‚Ì™–{¹—²”ª’iuˆêŠp‚ð•ö‚·Å—L—ÍŒó•â‚Í‰i£‹ã’iv,https://news.yahoo.co.jp/articles/834bc735d9ffa74e45afa648e5eaa45e15207bb7,2/12(ŒŽ) 20:32
cbc,CBCƒeƒŒƒr,utßv—·sæ‚Ål‹C‹}ã¸‚ÌŠò•ŒŒ§ ‚ŽRŽs‚É‚Í3˜A‹x‘½‚­‚ÌŠO‘l‚ªuˆê‹C‚É‚¨‹q‚³‚ñ‚ª—ˆ‚½!vu‚±‚ÌˆêTŠÔ‹C‡“ü‚ê‚év,https://news.yahoo.co.jp/articles/00fe463e1eccc74c424f0ea85ccf0e28af86af08,2/12(ŒŽ) 19:19
cbc,CBCƒeƒŒƒr,uŽu–€ƒXƒyƒCƒ“‘ºv30Žü”N ‚±‚Æ‚µ‚àVƒ`ƒ…[ƒo[uŽü‰›ƒTƒ“ƒSv‚³‚ñ‚âV‚½‚Éuˆë•S–ž“VŒ´ƒTƒƒv‚³‚ñ‚ÆƒRƒ‰ƒ{,https://news.yahoo.co.jp/articles/27af3c7870dd4b432be946c55131ffc0404a8a4f,2/12(ŒŽ) 18:57
cbc,CBCƒeƒŒƒr,3˜A‹xÅI“ú‚ÌƒWƒuƒŠƒp[ƒN‚Í‘“à‹q‘½‚ß —\–ñ‚È‚µ‚Å“ü‚ê‚éu”L‚Ìé—V‹ïv‚ªl‹CW‚ß‚é gtßh‚Ì‰e‹¿‚Í?,https://news.yahoo.co.jp/articles/49d2e27e2938f9d3538aaefd597ff65218a03a7a,2/12(ŒŽ) 18:34
cbc,CBCƒeƒŒƒr,”p“¹‚Ìæ‚É–°‚é’Ý‚è‹´‚Ìˆâ\ u–³œ‚È‚­‚¹‚É”ü‚µ‚¢v ˆÚ‚è•Ï‚í‚é‹´‚Ì—ðŽj,https://news.yahoo.co.jp/articles/b59ca27a3005f5aed9beb0ab8dce5444f635e965,2/12(ŒŽ) 17:50
cbc,CBCƒeƒŒƒr,‰Í‘º‚½‚©‚µŽs’·“{‚èS“ªc–¼ŒÃ‰®Žs‹³ˆçˆÏˆõ‰ï‚ª‹³ˆõ’c‘Ì‚©‚çŒ»‹à‚Æg„‘Eh–¼•ë‚ðŽó‚¯Žæ‚Á‚Ä‚¢‚½–â‘è lŽ–‚Ö‚Ì‰e‹¿‚Í‚ ‚Á‚½‚Ì‚©,https://news.yahoo.co.jp/articles/694392d5e055d4298498ca411047ceea30856104,2/12(ŒŽ) 17:32
cbc,CBCƒeƒŒƒr,12“ú‚Í‚¨o‚©‚¯“ú˜a “ŒŠC’n•û‚Í14“úi…j‚Ü‚Å‚¨‚¨‚Þ‚Ë°‚ê 15“ú‚ÍL‚­‰J –¼ŒÃ‰®‚Å‚Í4ŒŽã{•À‚Ý‚Ì’g‚©‚³‚Ì—\‘z‚à,https://news.yahoo.co.jp/articles/35a724c701bcc7809448f8275ddd8e25dfca0d5d,2/12(ŒŽ) 12:12
cbc,CBCƒeƒŒƒr,ŠX“¹‰ˆ‚¢103Œ¬‚Ì¤“X‚âZ‘î‚ÌŒ¬‰º‚É4000‘Ì‚Ì‚Ð‚ÈlŒ`•À‚Ôu’†”n‚Ì‚¨‚Ð‚È‚³‚ñv ‚»‚ê‚¼‚ê‚Ì‰Æ‚ÌŽv‚¢o ’†‚É‚Í]ŒËŽž‘ã‚Ì‚à‚Ì‚à,https://news.yahoo.co.jp/articles/3e8a51a004a09cd77b321f177ba0f4a1fa8c61ae,2/12(ŒŽ) 12:06
cbc,CBCƒeƒŒƒr,uF‚ª‚¢‚Á‚Ï‚¢cv‘ç‚«‚Ì”~‚ªŒ© @29Ží—Þ400–{@3ŒŽ3“ú‚Ü‚Åut‚Ü‚Â‚èv@ˆ¤’mE–L‹´Žs,https://news.yahoo.co.jp/articles/09099e365128338e459da3a617e8f4d39e8da449,2/12(ŒŽ) 11:14
cbc,CBCƒeƒŒƒr,ƒhƒ‰ƒSƒ“ƒY îà‹´G“l“ŠŽè‚ªƒLƒƒƒ“ƒv‚Å“V‘R‚Ô‚è‚ð”­Šö?¼ŽRW–ç“ŠŽè‚Íƒpƒ“ƒ`ƒp[ƒ}‚Å“oê,https://news.yahoo.co.jp/articles/690bd284fd3be450d36f45cdad1471a3ceebe614,2/12(ŒŽ) 9:21
cbc,CBCƒeƒŒƒr,u–¢—ˆ‚ªŒ©‚¦‚È‚¢v “ú–{‚©‚çƒEƒNƒ‰ƒCƒi‚ÉˆêŽž‹A‘‚µ‚½—«‚ªŒê‚éuŒÌ‹½‚Ì¡v@ƒƒVƒA‚ÌŒRŽ–NU‚©‚çŠÔ‚à‚È‚­2”N,https://news.yahoo.co.jp/articles/6c03efcb9438852375b4e76d89199272b346c35b,2/12(ŒŽ) 7:12
cbc,CBCƒeƒŒƒr,’N‚à‚¢‚È‚¢‹x‰€“ú‚Ì“®•¨‰€@‰‰‘t’†‚ào“ü‚èŽ©—R‚ÌƒNƒ‰ƒVƒbƒNƒRƒ“ƒT[ƒg@gŠ´Šo‰ß•qh‚ð—D‚µ‚­•ï‚ÞuƒZƒ“ƒTƒŠ[ƒtƒŒƒ“ƒhƒŠ[v‚ÌŽæ‚è‘g‚Ý,https://news.yahoo.co.jp/articles/53660f63e79a4cf37e8ae70fe5901e3c9f229b35,2/12(ŒŽ) 7:02
cbc,CBCƒeƒŒƒr,‚¨’ƒ‚É‚µ‚½‚çu¶L‚³‚ª‚¿‚å‚Á‚ÆŽc‚Á‚Äcv —¿—‚ðü‚éu‚Â‚Ü‹ev‚ðƒNƒ‰ƒtƒgƒr[ƒ‹‚É@“Y‚¦•¨‚©‚çu–¡‚ÌŽå–ðv‚Ö‚Ì’§í,https://news.yahoo.co.jp/articles/1f76e96ad5d9827e37697d744e4e302409771f03,2/12(ŒŽ) 6:02
cbc,CBCƒeƒŒƒr,20”N‚Ì—ðŽj‚É–‹‚ð‰º‚ë‚µ‚½uVéƒ‰ƒŠ[v@Š´ŽÓÕ‚Åƒ‰ƒŠ[ƒJ[‚Ìƒfƒ‚ƒ‰ƒ“‚ª•œŠˆ@ˆ¤’mEVéŽs,https://news.yahoo.co.jp/articles/a0eef450db6b306064b8940fd6717270fa94dd65,2/11(“ú) 17:09
cbc,CBCƒeƒŒƒr,uƒfƒRƒ|ƒ“v‚Ìo‰×‚ªÅ·Šú‚É@“œ“x13“xˆÈãEŽ_“x1.0“ˆÈ‰º‚ÌŒµ‚µ‚¢•iŽ¿Šî€@ŽOdEŒä•l’¬,https://news.yahoo.co.jp/articles/6fbb4ef07f201b8a7cdef39f8bd8bdeeae7315c6,2/11(“ú) 13:21
cbc,CBCƒeƒŒƒr,u‘•{‹{‚Í‚¾‚©Õv‚Ì_’j‚ªŒˆ‚Ü‚é@25Î‚©‚ç50Î‚Ü‚Å‚Ì6l‚ÌŽuŠèŽÒ‚ª‚­‚¶ˆø‚«@ˆ¤’mE’·‹vŽèŽs‚Ì‘åíÇ—C‹N‚³‚ñi37j,https://news.yahoo.co.jp/articles/c3981e75cf93506ae88d7217951704b095c88d54,2/11(“ú) 11:54
cbc,CBCƒeƒŒƒr,‹³ˆçˆÏˆõ‰ï‚ª•¡”‚Ì‹³ˆõ’c‘Ì‚©‚çŒ»‹à‚ðŽó‚¯Žæ‚é@lŽ–’S“–‚Ì‹³Eˆõ‰Û‚ª”N‚É200–œ‰~’´@–¼ŒÃ‰®Žs,https://news.yahoo.co.jp/articles/cff3bb3981b19948f36f831b047ff741ef2c0555,2/11(“ú) 11:54
cbc,CBCƒeƒŒƒr,‰Ô•²Çu–Ú‚Ì‚©‚ä‚ÝvŒ´ˆö‚Æ‘Îô‚ÍHc”æ‚ê–ÚE‚©‚ä‚ÝE–Ú‚ÌŠ£‚«I–Ú‚Ì•s’²‚ÌŒ´ˆö‚Æ‘Îô,https://news.yahoo.co.jp/articles/5232167f4a5d862082c604806af482d16b0b9d2c,2/11(“ú) 7:10
cbc,CBCƒeƒŒƒr,gƒŒ[ƒxƒ‹ˆâ“`«Ž‹_ŒoÇh‚Å“Ë”@Ž‹—Í‚ðŽ¸‚Á‚½ŽÐ’·cŽÐˆõ‚â‰Æ‘°‚ÉŽx‚¦‚ç‚êAŒ»ê‚É—§‚¿‘±‚¯‚éŽÐ’·‚ÌŽv‚¢,https://news.yahoo.co.jp/articles/4b7cd5505b4cfacb3bc00d5d49d4338dca2cf1a9,2/11(“ú) 7:02
cbc,CBCƒeƒŒƒr,ƒhƒ‰ƒSƒ“ƒYOB•½“c—Ç‰î‚³‚ñ‚ªŒ©‚égt‹GƒLƒƒƒ“ƒvh@‘IŽè‚ÌˆÓŠO‚Èˆê–Ê‚à? ’†“cãÄ‘IŽè‚Íu–l‚ÌƒJƒj‚ð‚Þ‚¢‚Ä‚­‚ê‚½vª”ö“ŠŽè‚Íu’©‚©‚ç‚²”Ñ‚ð‘å·3”tv,https://news.yahoo.co.jp/articles/c3e43accecccee9062c7c29ca3701af5742a1c01,2/11(“ú) 6:04
cbc,CBCƒeƒŒƒr,uÈ‚È‚Ì‚É‚í‚©‚ç‚È‚¢‚ñ‚¾cv –S‚­‚È‚Á‚½•v‚ÌŒŸŽ‹Œ‹‰Ê‚ðŠJŽ¦¿‹‚·‚é‚àg•“h‚èh@u‚±‚±‚Ü‚ÅÁ‚µ‚Ä‚Í‚¢‚¯‚È‚¢‚ñ‚¶‚á‚È‚¢‚ÌvƒƒNƒ`ƒ“ÚŽí6“úŒã‚É•v‚ª‹}Ž€y‘åÎ‚ª•·‚­z,https://news.yahoo.co.jp/articles/fbc1d07813fc7ae8af27d2570f539b6a74e42009,2/11(“ú) 6:01
cbc,CBCƒeƒŒƒr,«Šû‚Ì“¡ˆä”ªŠ¥u’©“ú”tvŒˆŸ‚Å”s‚êA2”N˜A‘±5“x–Ú‚Ì—DŸ‚ð“¦‚·,https://news.yahoo.co.jp/articles/46c6867de3c5917684651022e55c8d8b93437546,2/11(“ú) 0:53
cbc,CBCƒeƒŒƒr,–¼“S–¼ŒÃ‰®–{ü@–L‹´`“Œ‰ªè@ã‰ºü@‰^“]ÄŠJ,https://news.yahoo.co.jp/articles/7603d61afb1251383f26d03f995e6ad7a395fb50,2/10(“y) 19:33
cbc,CBCƒeƒŒƒr,ŽOdEŒF–ì‚ÌŒÀŠEW—Ž‚Å750–{‚Ì”~Œ© ,https://news.yahoo.co.jp/articles/699a5d3deab431004c8cbeed9b1bdd88189f1c3a,2/10(“y) 18:42
cbc,CBCƒeƒŒƒr,ƒhƒ‰ƒSƒ“ƒY‰«“êƒLƒƒƒ“ƒv‘æ3ƒN[ƒ‹ —§˜QŠÄ“Â‚ðCBCƒeƒŒƒrŽÐ’·‚ªŒƒ—ã,https://news.yahoo.co.jp/articles/f99b6644c1de9a7425dae641da5c842199e9e4fb,2/10(“y) 18:36
cbc,CBCƒeƒŒƒr,¢ŠE‘å‰ï‚àIƒXƒ|[ƒc‹£‹Z‚Ìu‚©‚­‚ê‚ñ‚Úv‚Á‚Ä’m‚Á‚Ä‚éH,https://news.yahoo.co.jp/articles/233ed9e9cd9af56a7975424bebd74a0e4e3834e2,2/10(“y) 16:50
cbc,CBCƒeƒŒƒr,”íÐ‚µ•”Šˆ‚ª‚Å‚«‚È‚¢ó‹µ‚ÉŽè‚ð·‚µL‚×‚½‚Ì‚Íc‘¼Œ§‚Ìƒ‰ƒCƒoƒ‹Z uŽŸ‚Í‘S‘‘å‰ï‚Å‰ï‚¨‚¤!v  “ú–{q‹ó‚ZÎì,https://news.yahoo.co.jp/articles/ace1b211712e8e3a7fa09d49a731ae9e7245df76,2/10(“y) 13:11
cbc,CBCƒeƒŒƒr,"ˆ¤’mE–L‹´Žs‚Ì""5000l‹K–Í""VƒAƒŠ[ƒiŒšÝ‚ÅZ–¯“Š•[ð—áˆÄ‚ð”ÛŒˆ",https://news.yahoo.co.jp/articles/ee68db441462c42b62d74bce016bfb80153ce249,2/10(“y) 8:53
cbc,CBCƒeƒŒƒr,VŠ²üuƒp[ƒT[v‚Ì”é–§Šî’n‚Éö“ü@ƒƒSƒ“”Ì”„‚ÌI—¹‚Å600l‚Ìƒp[ƒT[‚Í‚Ç‚¤‚È‚Á‚½?,https://news.yahoo.co.jp/articles/5cb3e29ef26287f003d06d6c86679e204ec9419c,2/10(“y) 7:04
cbc,CBCƒeƒŒƒr,–¼ŒÃ‰®–¼•¨u‚Ò‚æ‚è‚ñv‚ª•À‚Î‚¸‚Éw“ü‚Å‚«‚é‚æ‚¤‚É!  Ž–‘O—\–ñ‚·‚ê‚Î–¼‰w\“à‚ÉÝ’u‚³‚ê‚½ƒ{ƒbƒNƒX‚ÅD‚«‚ÈŽžŠÔ‚ÉŽó‚¯Žæ‚è‰Â”\,https://news.yahoo.co.jp/articles/a25cecd5457ddd1326e4fa06e2789e33a81de767,2/10(“y) 7:02
cbc,CBCƒeƒŒƒr,u‚±‚ê‚¾‚¯ƒOƒcƒOƒcŽÏ‚Ä‚àA‚±‚ÌƒRƒV‚Í‚·‚²‚¢v l‹C–¼ŒÃ‰®‚ß‚µuŽR–{‰®–{“Xv‚Ì–¡‘XŽÏž‚¤‚Ç‚ñI ‚¨‚¢‚µ‚³‚Ì”é–§‚ð‘å’²¸y‘O•Òz,https://news.yahoo.co.jp/articles/224e7bee06cfacb48168a70c062d14cf7b31379d,2/10(“y) 6:50
cbc,CBCƒeƒŒƒr,ƒ_ƒ€ŒÎ‚ÉŽc‚é’Ý‚è‹´‚Ìˆâ\@•xŽRŒ§‚ÌŽR’†‚É–°‚éu—˜‰ê‘å‹´v‚ª•à‚ñ‚Å‚«‚½—ðŽj‚Æ‚Í,https://news.yahoo.co.jp/articles/00f57bbcbc7e1087eb9e9a7f5395aa6caf9afe3c,2/10(“y) 6:50
cbc,CBCƒeƒŒƒr,u«—ˆ–òŠQ‚Æ‚È‚é‰Â”\«‚àcv@VŒ^ƒRƒƒiƒƒNƒ`ƒ“‚Í–òŠQ‚È‚Ì‚©?@‘åŠw‚Å‚Ì–òŠQ‚Ìu‹`‚ÅVŒ^ƒRƒƒiƒƒNƒ`ƒ“‚ðŽæ‚èã‚°y‘åÎ‚ª•·‚­z,https://news.yahoo.co.jp/articles/5a250d9ac4c04c4ba76c9a8cf7ebcfa5bc268218,2/10(“y) 6:02
cbc,CBCƒeƒŒƒr,“¹˜H‰¡’f’†‚Ì‚—î’j«‚Í‚Ë‚ç‚êŽ€–S 20Î‚Ì’j‚ð‘ß•ß,https://news.yahoo.co.jp/articles/039010f694679b467a60cecb5b05e2bb048277b4,2/10(“y) 1:26
cbc,CBCƒeƒŒƒr,ˆ¤’mEˆ¤¼Žs‚ÌgVŒ^ƒRƒƒiƒƒNƒ`ƒ“‘i×hŽn‚Ü‚é ˆâ‘°‚ª–ñ4500–œ‰~‚Ì‘¹ŠQ”…ž‹‚ß‚é,https://news.yahoo.co.jp/articles/ddbd9ebbbfcb9ff98439f6b61a38a911d9109bdb,2/10(“y) 0:44
cbc,CBCƒeƒŒƒr,tß‹x‚Ý‚Ìl‹C—·sæ@“Œ‹žE‘åãE–kŠC“¹E‹ž“s‚ÉŽŸ‚¢‚ÅŠò•Œ‚ª‘æ5ˆÊ@Šò•Œ‚É‚Íˆê‘Ì‚È‚É‚ª‚ ‚é?,https://news.yahoo.co.jp/articles/3c5c724f01f3b999e871bf6aa399e4b936fab0d4,2/9(‹à) 19:36
cbc,CBCƒeƒŒƒr,ŠúŠÔŒÀ’è‚ÌƒƒWƒƒ[ƒŠ[ƒOƒOƒbƒYê–å“X‚ª‘å·‹µ‚ÅíÝ“X•Ü‚É! ‘å’J‘IŽè‚Ìˆ¤Œ¢uƒfƒRƒsƒ“v‚ª•`‚©‚ê‚½TƒVƒƒƒc‚âŽÀÛ‚ÉŽg—p‚µ‚½ƒ{[ƒ‹‚à,https://news.yahoo.co.jp/articles/3875b3aa75f62137bdff47311f3862a812502d08,2/9(‹à) 19:19
cbc,CBCƒeƒŒƒr,gtßƒ‰ƒbƒVƒ…h ’†•”‹ó`‚Í9“ú‚ª“ž’…‚Ìƒs[ƒN@‘¨24l‚ÅƒŒƒSƒ‰ƒ“ƒh‚ÉŒü‚©‚¤’c‘Ì‚à,https://news.yahoo.co.jp/articles/3e54b2b22cf929b5164a6ef1d45bed953a2015f2,2/9(‹à) 19:09
cbc,CBCƒeƒŒƒr,•x‚ÆK•Ÿ‚ÌFg^‚ÁÔ‚ÈhtßƒR[ƒi[‚Å€”õ–œ’[@ƒuƒ‰ƒ“ƒh”ƒ‚¢Žæ‚èE”Ì”„“XuƒRƒ•ºv‚Å‚Í’†‘Œê‘Î‰žƒXƒ^ƒbƒt30l,https://news.yahoo.co.jp/articles/2ec603bee6a4efc8808f7978d46de217456c0f3b,2/9(‹à) 18:53
cbc,CBCƒeƒŒƒr,“¡ˆä‘‘¾”ªŠ¥i21j ŸŽÒ‚Ì‹L”OŽÊ^‚Íc‚ ‚ÌgƒpƒCƒiƒbƒvƒ‹¯lh@u“¡ˆä‰æ”Œv‚ªlˆÄ‚Ì•sŽv‹c‚ÈƒLƒƒƒ‰ƒNƒ^[,https://news.yahoo.co.jp/articles/85b22d1fc7a1824670d872cddd2920397ef08e12,2/9(‹à) 18:44
cbc,CBCƒeƒŒƒr,ÐŠQŽž‚Ì”ð“ïŠ‚É‚à‚È‚éŒ§—§‚Z‚Ì‘ÌˆçŠÙ‚ÉƒGƒAƒRƒ“‚ð@ˆ¤’mŒ§‚ªV”N“x—\ŽZˆÄ‚É45‰­‰~‚ðŒvã,https://news.yahoo.co.jp/articles/b934b54b736a42dff0ee5dcdda99d0e70b9b0503,2/9(‹à) 18:27
cbc,CBCƒeƒŒƒr,"’†“cãÄ‚É""ƒLƒƒƒ“ƒv‚Ì‰Ø""‚ð÷‚é‚ÈIƒhƒ‰ƒSƒ“ƒY¶‚¦”²‚«–ìŽè‚½‚¿‚Ö‚Ìžúi‚°‚«j",https://news.yahoo.co.jp/articles/42353b47a8b6f9bedf8854521452035e0baba0ab,2/9(‹à) 18:00
cbc,CBCƒeƒŒƒr,ŒxŽ@‚ªuŒX‚¢‚½v‚½‚ßˆÚ“]‚Ö@’z19”N‚È‚Ì‚ÉŒš•¨‚Ì‚Â‚È‚¬–Ú‚É‘å‚«‚ÈŒ„ŠÔ@’n–Ê‚ÌŽŠ‚é‚Æ‚±‚ë‚É‚ä‚ª‚Ý‚ªc@’†•”‹ó`ŒxŽ@,https://news.yahoo.co.jp/articles/eaf338f82b21009a9b2f7d2f7ab5dbe698ca7a69,2/9(‹à) 17:44
cbc,CBCƒeƒŒƒr,ƒgƒˆƒ^Ž©“®ŽÔ@‰Ò“­’âŽ~’†‚ÌHêƒ‰ƒCƒ“‚Ìˆê•”‚ð13“ú‚©‚çÄŠJ@–L“cŽ©“®D‹@‚É‚æ‚éƒGƒ“ƒWƒ“‚Ì”FØ•s³–â‘è,https://news.yahoo.co.jp/articles/f7fb30b18d589976a96768685d38a075ad795e29,2/9(‹à) 16:48
cbc,CBCƒeƒŒƒr,–¾Ž¡E‘å³Žž‘ã‚É¶ŽY‚³‚ê‚½“©Ž¥Šíu‹÷“cÄv‚ÌŠé‰æ“W@‘•ü‚ÉlŠÔ‚â—´A‹›‚È‚Ç—§‘Ì“I‚È‘¢Œ`•¨@‰¡ŽR”üpŠÙ,https://news.yahoo.co.jp/articles/05735ff3c684347566ab0beabac93debbbe2f89a,2/9(‹à) 16:32
cbc,CBCƒeƒŒƒr,uŽY’n‹U‘•‚à‚ ‚Á‚Äc‚±‚ê‚ªŽ©•ª‚½‚¿‚Ìì‚Á‚½‚à‚Ì‚ÆØ–¾‚µ‚½‚¢v “cŒ´Žs‚Ìƒuƒ‰ƒ“ƒhƒAƒTƒŠgˆ­”ü‚‰º‚ ‚³‚èh‚Ìo‰×Žn‚Ü‚é,https://news.yahoo.co.jp/articles/c6b479beb8a4439de7238aef66925e9de776e047,2/9(‹à) 16:24
cbc,CBCƒeƒŒƒr,u‚¶‚Á‚­‚è“Ç‚Ý‚ð“ü‚ê‚ÄŽw‚¹‚½vƒ^ƒCƒgƒ‹í20˜A”e‚Ì“¡ˆä‘‘¾”ªŠ¥‚ªˆê–é–¾‚¯‚Ä‰ïŒ©@ŽŸ‚Ìƒ^ƒCƒgƒ‹íEŠû‰¤í‘æ2‹Ç‚Í24“ú ÎìŒ§‹à‘òŽs‚ÅŠJÃ,https://news.yahoo.co.jp/articles/ce26812be3cdfda39db1061627113789a20328fa,2/9(‹à) 12:06
cbc,CBCƒeƒŒƒr,ˆ¤’mŒ§‚ªV”N“x“–‰—\ŽZˆÄ”­•\  ƒRƒƒi‘Îô”ï‚ªŒ¸‚è¡”N“x‚ð–ñ1700‰­‰~‰º‰ñ‚é Žq‚Ç‚à‚Ì”M’†Ç‚â•s“oZ‚Ö‚Ì‘Îô·‚èž‚Þ,https://news.yahoo.co.jp/articles/d7fea215e76ebce348396134d976a3ee71764bd5,2/9(‹à) 11:51
cbc,CBCƒeƒŒƒr,y‰ïŒ©‘S•¶z“¡ˆä‘‘¾”ªŠ¥i21juˆÓŽ¯‚µ‚Ä‚à‚È‚©‚È‚©–ÚŽw‚¹‚È‚¢BŒõ‰h‚È‚±‚Æv ‘Ol–¢“ž‚Ìƒ^ƒCƒgƒ‹í20˜A”e,https://news.yahoo.co.jp/articles/a0994267949549f375375d3bef7871b4ac9fcb60,2/9(‹à) 11:46
cbc,CBCƒeƒŒƒr,‘æ4ŽŸƒu[ƒ€“ž—ˆ’†!  ƒJƒvƒZƒ‹ƒgƒC‚ÌÅ‘Oü‚É”—‚é@ƒLƒƒƒbƒVƒ…ƒŒƒX‘Î‰ž‹@‚âˆêŒÂ1500‰~‚Ì¤•i‚à,https://news.yahoo.co.jp/articles/03abea5ba8b6e962ac60d04814f94dff79c758bc,2/9(‹à) 10:02
cbc,CBCƒeƒŒƒr,‚‹‰ŽÔ‚ðˆùŽð‰^“]‚µŽ©“]ŽÔ‚Ì’j«‚Í‚Ë‚é@’j«‚ÍˆÓŽ¯•s–¾‚Ìd‘Ì,https://news.yahoo.co.jp/articles/a93a6a000691a354033f4d6f6e0d25da5b577d77,2/9(‹à) 8:06
cbc,CBCƒeƒŒƒr,‰Æ‹ïŒÅ’è‚ð‘Ó‚ê‚Î–½‚ð’D‚¤u‹¥Šív‚É@‘å’nk‚ª‹N‚«‚é‚Æc—â‘ ŒÉ‚Í“|‚êA“dŽqƒŒƒ“ƒW‚Íu”ò‚ñ‚Å‚­‚év ‰Æ‹ïŒÅ’è‚ÌƒXƒyƒVƒƒƒŠƒXƒg‚É•·‚­ƒ|ƒCƒ“ƒg,https://news.yahoo.co.jp/articles/d00dc2d1abd26c01fdb2cfad07d13db913dafb34,2/9(‹à) 5:51
cbc,CBCƒeƒŒƒr,‰Æ‰®“|‰ó‚â‰Æ‹ï“]“|‚ªŒ´ˆö‚Ìuˆ³Ž€v‚ª41“@”íÐ’n‚©‚çŒ©‚¦‚Ä‚«‚½g“|‰óƒŠƒXƒN‚Ì‚‚¢‰Æh @”\“o”¼“‡’nk,https://news.yahoo.co.jp/articles/f119d3e455176695a7472c7113a764dc186a6203,2/9(‹à) 5:51
cbc,CBCƒeƒŒƒr,“d“®ƒLƒbƒNƒ{[ƒh‚Å‚Ð‚«“¦‚°‚µ‚½’j‚ð‘ß•ßu–Æ‹–‚È‚µ‚Åæ‚ê‚é‚ÆŽv‚Á‚Ä‚¢‚½v@–h”ÆƒJƒƒ‰‚ª‘¨‚¦‚½Ž–ŒÌ‚ÌuŠÔ,https://news.yahoo.co.jp/articles/99a2ae895f00793fd9f2ad522856ffddbc830861,2/8(–Ø) 23:09
cbc,CBCƒeƒŒƒr,ŠJ–‹ƒ[ƒe[ƒVƒ‡ƒ““ü‚è‚ð‘_‚¤ ª”öV“ŠŽè‚ª‡’²‚ÈŽdã‚ª‚è uŽ©•ª‚Å‹…Ží‚ðŒˆ‚ß‚È‚ª‚çŽŽ‚µŽŽ‚µ‚Å‚«‚½v,https://news.yahoo.co.jp/articles/51fe8f70a9bd9b9001d1a3ff6444ac60c53be89b,2/8(–Ø) 20:31
cbc,CBCƒeƒŒƒr,3ˆÊ‚ÍƒNƒ‰ƒuƒnƒŠƒG@2ˆÊ‚Íƒƒ]ƒ“ƒJƒJƒI@—ˆêŽÒ‚Ìl‹C“Š•[‚ÅŒˆ‚ß‚éuƒAƒ€[ƒ‹ƒAƒ[ƒhv”­•\,https://news.yahoo.co.jp/articles/80aad9a1dc46b6fe82de0abc9690d54009c4c0c4,2/8(–Ø) 20:12
cbc,CBCƒeƒŒƒr,“¡ˆä‘‘¾”ªŠ¥‚ªuƒ^ƒCƒgƒ‹í20˜A”ev‚ð’B¬ u‘Î‹Ç‚ª‘±‚­‚±‚Æ‚É‚È‚é‚Ì‚Å ˆø‚«‘±‚«Šæ’£‚è‚½‚¢v,https://news.yahoo.co.jp/articles/9eaf35861faf504c9cc6c69e512d4c4e6a0723ba,2/8(–Ø) 19:16
cbc,CBCƒeƒŒƒr,ˆ¤’mŒ§V‘ÌˆçŠÙ‚Ì–¼Ì‚ªuIGƒAƒŠ[ƒiv‚É@Å‘åŽû—el”‚Í1–œ7000l@2025”N‚Ì‘å‘Š–o–¼ŒÃ‰®êŠ‚ÅƒOƒ‰ƒ“ƒhƒI[ƒvƒ“‚Ö,https://news.yahoo.co.jp/articles/97ab2c62729837758ba17b724b08429452da2877,2/8(–Ø) 19:02
cbc,CBCƒeƒŒƒr,u‹ó‹CƒCƒXv‚ÌŽp¨‚È‚Ì‚É‚Æ‚Á‚Ä‚àŠy@’·ŽžŠÔ‚Ì—§‚¿ŽdŽ–‚â˜r‚ðã‚ÉL‚Î‚·Žp¨‚àƒ‰ƒN‚É@i‰»‚·‚éuƒAƒVƒXƒgƒX[ƒcv,https://news.yahoo.co.jp/articles/edeb3fd98a6a7fcf0b358ac41fad1e173d76d7e5,2/8(–Ø) 18:36
cbc,CBCƒeƒŒƒr,‚±‚Æ‚µ‚©‚çu•ƒoƒ‰v‚à“oê@ƒoƒŒƒ“ƒ^ƒCƒ“ƒf[‚ÉŒü‚¯‘¡“š—p‚Ìƒoƒ‰‚Ìo‰×‚ªƒs[ƒN‚É,https://news.yahoo.co.jp/articles/59c0414d34fbc8eb9ccd7d293424073d97dac9b2,2/8(–Ø) 18:12
cbc,CBCƒeƒŒƒr,“¡ˆä‘‘¾”ªŠ¥‚ªƒ^ƒCƒgƒ‹í20˜A”e‚ÌV‹L˜^’B¬@‰¤«í‚Å›ˆä—³–ç”ª’i‚ð‰º‚·y‘¬•ñz,https://news.yahoo.co.jp/articles/c1899c9af46bdd1ca6bb35cfd123dfe56190d79d,2/8(–Ø) 17:54
cbc,CBCƒeƒŒƒr,ÕŒ‚‚ÌˆóÛI’†“cãÄ‚Ì‘åã‹Ëˆü“üŠwŽž‚É‚Â‚¢‚ÄŒ³’†“úE•½“c—Ç‰î‚ªU‚è•Ô‚é,https://news.yahoo.co.jp/articles/c63babd949a569d77376c222aef51273e8a4c506,2/8(–Ø) 17:40
cbc,CBCƒeƒŒƒr,‚¨•—˜C‚Í‰Ô•²Ç‚É‚àŒø‰Ê‚ª‚ ‚éIH u—â‚¦v‚âuŒ¨‚±‚èv‚É‚àƒIƒXƒXƒ‚Ì”Y‚Ý•Ê“ü—–@‚Æ‚ÍH,https://news.yahoo.co.jp/articles/fd670cde5170952f71bc3362939be59bbe64bb60,2/8(–Ø) 17:20
cbc,CBCƒeƒŒƒr,u‚±‚ñ‚ÈƒAƒCƒXAH‚×‚½‚±‚Æ‚È‚¢v‚Æƒ}ƒaƒ‰ƒu‘ºãâŽ^I Šò•ŒŒ§w’†’Ã¤‹Æ‚ZxƒXƒC[ƒcŠJ”­‚©‚ç”Ì”„‚Åƒ}[ƒPƒeƒBƒ“ƒO‚ðŠw‚Ô,https://news.yahoo.co.jp/articles/fa5b7d2bdb48568b7bf3281d1d5aacabedd5f0b1,2/8(–Ø) 17:00
cbc,CBCƒeƒŒƒr,ŒC‚ÌL‚¢‚ÉÁLƒXƒvƒŒ[‚ÍNGIH L‚¢‚ðÁ‚·‚Ì‚ÉŒø‰Ê“I‚È‚à‚Ì‚ÍH ê–å‰Æ‚ªL‚¢‚ÌŒ´ˆö‚Æ‘Îô‚ð‰ðà,https://news.yahoo.co.jp/articles/137bdc5e51c841dfec70ff69148a059a5ce030b9,2/8(–Ø) 16:50
cbc,CBCƒeƒŒƒr,“¡ˆä‘‘¾”ªŠ¥‚ªuƒ^ƒCƒgƒ‹í20˜A”ev‚É’§‚Þ‰¤«í@‘æ4‹Ç2“ú–Ú‚Íƒnƒvƒjƒ“ƒO‚©‚çÄŠJ@Ÿ”s‚ªŒˆ‚·‚é‚Ì‚Í8“ú–é‚ÌŒ©ž‚Ý,https://news.yahoo.co.jp/articles/129386adbc5c39886031fa000e2ef5c0c12d5b83,2/8(–Ø) 16:18
cbc,CBCƒeƒŒƒr,‹ô‘R‚ª‚½‚®‚è‚æ‚¹‚½uƒƒbƒL[ƒhEƒGƒŒƒNƒgƒ‰v‚à‚Ì‚ª‚½‚è,https://news.yahoo.co.jp/articles/f701d3aba33e81ef7e76c99a3f6d66618de34c1e,2/8(–Ø) 15:50
cbc,CBCƒeƒŒƒr,‰ù‚©‚ç‹›‚ÌgƒIƒRƒ[h‚ð‚Ì‚¼‚©‚¹c uƒIƒRƒ[‚Å‚²‚´‚éƒƒbƒnƒbƒn!v  Î‚¢‚à‚Ì‚É‚µ‚ÄŽR‚ðŽç‚éÕ‚è,https://news.yahoo.co.jp/articles/b0585f2438ff403e1841a893aa200607c3a42a82,2/8(–Ø) 15:38
cbc,CBCƒeƒŒƒr,V‚µ‚¢ˆ¤’mŒ§‘ÌˆçŠÙ‚Ì–¼Ì‚ªuIGƒAƒŠ[ƒiv‚ÉŒˆ‚Ü‚é@2026”NƒAƒWƒA‘å‰ï‚Ì‰ïê‚É‚à@–¼ŒÃ‰®‚ÌV‚½‚ÈƒVƒ“ƒ{ƒ‹‚Æ‚È‚é‚©,https://news.yahoo.co.jp/articles/f59ffc5546679fee17bd82dd4af7d9ab14b73c94,2/8(–Ø) 15:16
cbc,CBCƒeƒŒƒr,”\“o”¼“‡’nk‚ð‹³ŒP‚É@“ìŠCƒgƒ‰ƒt‹‘å’nk‚ð‘z’è‚µ‚½ŒP—û‚ðŽÀŽ{@–¼ŒÃ‰®`‚Å“­‚­l‚½‚¿‚ª”ð“ïŒo˜H‚ðŠm”F,https://news.yahoo.co.jp/articles/4dfaed518c51cf485b16326ea3ad35fff9939c93,2/8(–Ø) 15:06
cbc,CBCƒeƒŒƒr,“¡ˆä‘‘¾”ªŠ¥‚ª‘Ol–¢“ž‚Ìuƒ^ƒCƒgƒ‹í20˜A”ev‚È‚é‚©@‰¤«íŽµ”ÔŸ•‰‚Ì‘æ4‹Ç2“ú–Ú‚Ì‘Î‹Ç‚ªŽn‚Ü‚é,https://news.yahoo.co.jp/articles/3c660ce249cee09663c282516ba6cc0a4d69cab0,2/8(–Ø) 11:44
cbc,CBCƒeƒŒƒr,4”NŠÔ‚Å2‰­4000–œ‰~‚ð•s³Žó‹‹‚©@áŠQŽ™Žx‰‡Ž{Ý‚Ì‰^‰c‰ïŽÐŒ³‘ã•\‚ç‚ð¼‹\—e‹^‚Å‘ß•ß,https://news.yahoo.co.jp/articles/13fcb46353c28e5f4692e632b18f479356866e6d,2/8(–Ø) 5:18
cbc,CBCƒeƒŒƒr,ƒTƒhƒ‹‚É‘Ì‰t‚Â‚¯‚½‹^‚¢‚ÅÁ–hŽm‚Ì’ji21j‚ð‘ß•ß@ŒxŽ@‚Í—]ß’²‚×‚é,https://news.yahoo.co.jp/articles/3099aa7ed96d76ae748e87465b3e31f99fa4d472,2/8(–Ø) 5:16
cbc,CBCƒeƒŒƒr,‚¨‚Æ‚Æ‚µ3ŒŽ‚ÌŽEl–¢‹Ž–Œ‚Åƒxƒgƒiƒ€‘Ð‚Ì’j‚ð‘ß•ß@“¯‹‚Ìƒxƒgƒiƒ€l’j«‚ðŽh‚µ‚½‹^‚¢@uŽE‚·‚Â‚à‚è‚Í‚È‚©‚Á‚½v‚ÆŽEˆÓ‚ð”Û”F,https://news.yahoo.co.jp/articles/a0998b497733f401d751fcf0ac8957a360b09505,2/8(–Ø) 5:14
cbc,CBCƒeƒŒƒr,Œø‰Ê“I‚È‰Ô•²Ç‘Îô‚Í?@Šá‹¾‚ð‚©‚¯‚ê‚Î3•ª‚Ì1Aƒ}ƒXƒN‚ð’…‚¯‚ê‚Î6•ª‚Ì1‚Ì‰Ô•²—Ê‚É@ƒE[ƒ‹‚Ì•t’…—¦‚Í–È‚Ì–ñ10”{,https://news.yahoo.co.jp/articles/e6b3de57f56a7dc2688bab7fb4a070d5170a44ef,2/7(…) 19:09
cbc,CBCƒeƒŒƒr,u\˜ZFGv‚Æu‚è‚»‚ÈHDv‚ª‹Æ–±’ñŒg@«—ˆ“I‚ÈŽ‘–{’ñŒg‚àŽ‹–ì‚É,https://news.yahoo.co.jp/articles/51cde5dd159ebc32c16ecc85f935ce6fecac7f17,2/7(…) 18:27
cbc,CBCƒeƒŒƒr,’vŽ€—¦30“‚ÌglH‚¢ƒoƒNƒeƒŠƒAh  u‚±‚Ì’É‚Ý‚©‚ç‰ð•ú‚³‚ê‚é‚È‚ç‚È‚ñ‚Å‚à‚¢‚¢v Š´õ‚µ‚½’j«‚ªŒê‚é‘sâ‚È“¬•a‘ÌŒ±,https://news.yahoo.co.jp/articles/71c96cd265cef975c6414ab309869709284933e1,2/7(…) 18:19
cbc,CBCƒeƒŒƒr,‰Ô•²Çƒfƒrƒ…[‚Í•½‹Ï11.58Î‚Æ‚Ì’²¸Œ‹‰Ê‚à@‚È‚º’á”N—î‰»?@‚±‚Æ‚µ‚ÌƒXƒM‰Ô•²”òŽU—Ê‚Í—á”N‚Ì1.2”{‚Ì—\‘z‚à,https://news.yahoo.co.jp/articles/2e81cf8ef30d63acc56653a78d561ded588bd05b,2/7(…) 18:12
cbc,CBCƒeƒŒƒr,”\“o”¼“‡’nk‚Ì”íÐŽÒ‚ðŽx‰‡‚·‚éƒ`ƒƒƒŠƒeƒBƒSƒ‹ƒt‘å‰ï@W‚ß‚ç‚ê‚½ŽQ‰Á”ï‚Ìˆê•”‚ð‹`‰‡‹à‚É@’†•”ƒvƒƒSƒ‹ƒt‹¦‰ï,https://news.yahoo.co.jp/articles/a6f49ada9d1923affd73cd923b30d6a21ed80f57,2/7(…) 17:14
cbc,CBCƒeƒŒƒr,ƒCƒ‚EŒIEƒJƒ{ƒ`ƒƒ‚ªŽOˆÊˆê‘ÌI–¼“X‚ÅCs‚ðÏ‚ñ‚¾ƒVƒFƒt‚ÌƒCƒ`ƒIƒVƒpƒ“u‚¢‚à‚­‚è‚«‚ñ‚Æ‚ñv‚Æ‚Í,https://news.yahoo.co.jp/articles/2b825141fdfd81ae96b9de709c8b7c7350e9bb0b,2/7(…) 17:10
cbc,CBCƒeƒŒƒr,u•@‚Ì’†‚É’…‚¯‚éƒ}ƒXƒNv‚ªl‹C@‹C•t‚©‚ê‚É‚­‚­1“ú2‰ñ…ô‚¢‚·‚ê‚Î5“úŠÔŽg—p‰Â”\@‰Ô•²Ç‘ÎôƒOƒbƒYÅ‘Oü,https://news.yahoo.co.jp/articles/43c913b3d7d3fdeb857be8f876b19400a77a03e1,2/7(…) 17:09
cbc,CBCƒeƒŒƒr,‰Á“¡ƒAƒi‚ªŠò•ŒŒ§ŒSãŽs–¾•ó‚Ìˆ¤‚³‚êƒt[ƒhw‚Â‚¬`x‚ð’²¸I ƒNƒZ‚É‚È‚é‚¨‚¢‚µ‚³I h‚­‚ÄŠÃ‚¢•sŽv‹c‚È`—¿—,https://news.yahoo.co.jp/articles/13ecaa85a4a03268ea5bce8223ccb2502b580d70,2/7(…) 17:00
cbc,CBCƒeƒŒƒr,ˆê—¬ƒpƒeƒBƒVƒG‚ª“ŒŠC’n•û‚ÌV“XƒXƒC[ƒc‚ðH‚×‚ÄƒWƒƒƒbƒWI,https://news.yahoo.co.jp/articles/d265416a699e80932f930fa8df9c62f9d96acd80,2/7(…) 17:00
cbc,CBCƒeƒŒƒr,“¡ˆä‘‘¾”ªŠ¥i21jŠl“¾Ü‹àE‘Î‹Ç—¿‚ªŽjãÅ‚Šz uŠ´ŠS‚Í‚ ‚é?v‚ÌŽ¿–â‚É–ž–Ê‚ÌÎ‚Ý‚Åu’m‚è‚Ü‚¹‚ñ‚Å‚µ‚½v ‰¤«íŽµ”ÔŸ•‰‘æ4‹ÇŽn‚Ü‚é,https://news.yahoo.co.jp/articles/25f4b4704c40b54f1df60368bee1f2627c0233d6,2/7(…) 16:32
cbc,CBCƒeƒŒƒr,—ˆT‚Ì“Œ‹ž‚Í4ŒŽ’†{•À‚Ý‚Ì’g‚©‚³‚à@Še’n‚Å‹GßŠO‚ê‚Ì—z‹C y‚±‚Ìæ‚Ìã‹ó’g‹C‚ÌƒVƒ~ƒ…ƒŒ[ƒVƒ‡ƒ“z iŠe“sŽs‚Ì—\‘z‹C‰·j,https://news.yahoo.co.jp/articles/9d9ede145eb5274efd25ea5b05b09c67715a29cc,2/7(…) 12:14
cbc,CBCƒeƒŒƒr,«Šû‚Ì“¡ˆä‘‘¾”ªŠ¥@‰¤«íŽµ”ÔŸ•‰‚Ì‘æ4‹Ç‚ªŽn‚Ü‚é@u‰¤«3˜A”ev‚Æuƒ^ƒCƒgƒ‹í20˜A”ev‚É‰¤Žè,https://news.yahoo.co.jp/articles/fdac3f8a1f8532e1e7661cbad0858aa9ca131629,2/7(…) 11:46
cbc,CBCƒeƒŒƒr,uƒnƒCAƒrƒr‚è‚Ü‚µ‚½[!v ƒhƒ‰ƒSƒ“ƒYEƒuƒ‰ƒCƒgŒ’‘¾‘IŽè‚Íƒ€[ƒhƒ[ƒJ[@‰«“êƒLƒƒƒ“ƒv‚Í‘æ2ƒN[ƒ‹‚Ö,https://news.yahoo.co.jp/articles/a5677bd7b37f4d218fec0f320ecff601dacb5530,2/6(‰Î) 19:41
cbc,CBCƒeƒŒƒr,‹~‹}ŽÔ‚Å”À‘—‚³‚ê‚ÄuŒyÇv‚¾‚Á‚½‚ç7700‰~@‚±‚ê‰½‚Ì”ï—p?  –À‚Á‚½Žž‚Íu119”ÔvˆÈŠO‚Ì‘Š’k‘‹Œû‚à,https://news.yahoo.co.jp/articles/95c7346a94a484fb4a97f757c0fa087f2d7f67cf,2/6(‰Î) 19:32
cbc,CBCƒeƒŒƒr,“ìŠCƒgƒ‰ƒt‹‘å’nk‚É”õ‚¦‚é@”\“o”¼“‡’nk‚Ì”íÐ’n‚ðŽOdŒ§‚ÌˆêŒ©Ÿ”V’mŽ–‚ªŽ‹Ž@‚Ö,https://news.yahoo.co.jp/articles/8295213d0fbd5cf1aeefd3cfa7db9bb3c4174ff9,2/6(‰Î) 19:24
cbc,CBCƒeƒŒƒr,Ž©–¯“}‚Ìg— ‹àŽ–Œh@’r“c‰À—²”íi57j‚ª•ÛŽß@1500–œ‰~‚Ì•ÛŽß•ÛØ‹à‚Í‘¦“ú”[•t,https://news.yahoo.co.jp/articles/d1cb4aead23ef88a1ebdfe0d5d7bdebd74488b0c,2/6(‰Î) 19:21
cbc,CBCƒeƒŒƒr,uˆêŽèˆêŽè‚µ‚Á‚©‚è“Ç‚Ý‚ð“ü‚ê‚½‚¢v@“¡ˆä‘‘¾”ªŠ¥‚ª‰¤«í‚Ì‘æ4‹Ç‚ð‘O‚ÉŒŸ•ª@‚ ‚Æ1Ÿ‚Åƒ^ƒCƒgƒ‹–h‰q‚Ö,https://news.yahoo.co.jp/articles/a0b0d726ce69cbec16a4c737254dd74626cfa96b,2/6(‰Î) 19:17
cbc,CBCƒeƒŒƒr,ß•ª‚És‚í‚ê‚é‚Í‚¾‚©Õ@ì‚É“ü‚è”ò‚Ñž‚ÝŽQ‰Á‚àOK@uS’jv‚ÉG‚ê‚é‚±‚Æ‚Å–ï—Ž‚Æ‚µ@Šò•ŒE‘åŠ_Žs,https://news.yahoo.co.jp/articles/b5438091035f4796b9c5683c5ad01ed8ade109e2,2/6(‰Î) 19:14
cbc,CBCƒeƒŒƒr,ƒgƒˆƒ^Ž©“®ŽÔ@‰c‹Æ—˜‰v‚ª‰ß‹ŽÅ‚‚Ì4’›‰~’´‚¦@‘æ3Žl”¼Šú˜AŒ‹ŒˆŽZ,https://news.yahoo.co.jp/articles/d1c4dc394f6cd4fcb4e4c08b1446c6fab9e758a5,2/6(‰Î) 19:04
cbc,CBCƒeƒŒƒr,ƒhƒ‰ƒSƒ“ƒY’†“cãÄ‘IŽè‚Íu‚µ‚Á‚©‚èŠš‚Ý’÷‚ß‚éƒ^ƒCƒvv@’¼Œ‚ƒCƒ“ƒ^ƒrƒ…[‚Å•·‚¢‚Ä‚Ý‚½,https://news.yahoo.co.jp/articles/8ab4c37d6cda06c2ab5a3a51c7a8822ab15325b0,2/6(‰Î) 18:51
cbc,CBCƒeƒŒƒr,"ˆ¤•Q‚ÌŽRŠÔ•”‚ÉW’†‚·‚é ""‰®ª•t‚«‹´""‚Ì“ä@‹|í_ŽÐ‚ÌŽQ“¹‚É‰Ë‚©‚é‘¾ŒÛ‹´‚à",https://news.yahoo.co.jp/articles/c397e4a7d30490d2354e5eac48ddab6039b81fd4,2/6(‰Î) 17:50
cbc,CBCƒeƒŒƒr,“¡ˆä‘‘¾”ªŠ¥i21j ŽjãÅ‘½‚Ìgƒ^ƒCƒgƒ‹í20˜A”eh‚ÉŒü‚¯‚Ä‰¤Žè‚©‚¯‚é‰¤«íŽµ”ÔŸ•‰@‘æ4‹Ç‘O‚É‹ó’²Šm”F‚â‹î‚ð‘I‚ÔŒŸ•ª,https://news.yahoo.co.jp/articles/0e68df2628a4ccf27bda7885f1aef42db73e0b79,2/6(‰Î) 17:44
cbc,CBCƒeƒŒƒr,gƒCƒPƒƒ“hƒŒƒbƒT[ƒpƒ“ƒ_uŽÈŽÈiƒKƒIƒKƒIjv‚ª’‡ŠÔ“ü‚è@ƒƒX‚Ì—›‰ÔiƒŠ[ƒtƒ@j‚Æ‚Ì—ö‚Ìs•û‚Íc?,https://news.yahoo.co.jp/articles/36c0cfc0a94dee4f2530ac30e4a03f0f91a75679,2/6(‰Î) 17:41
cbc,CBCƒeƒŒƒr,Žqˆç‚Ä’†‚ÌƒAƒiƒEƒ“ƒT[‚ªuŽ©“®’²—‰Æ“dv‚ðw“üƒŒƒ|`V‚½‚È–â‘è‚ª”­¶H,https://news.yahoo.co.jp/articles/08e0065900ae79b6a214201d995f949295bc7fcb,2/6(‰Î) 17:38
cbc,CBCƒeƒŒƒr,‹~‹}ŽÔ‚Å”À‘—‚³‚ê‚Äu“ü‰@v‚µ‚È‚©‚Á‚½‚ç7700‰~@o“®Œ”‚ª‰ß‹ŽÅ‘½‚É‚È‚Á‚½¼ãŽs‚ÅV‚½‚Èƒ‹[ƒ‹“K—p‚Ö@ŽOd,https://news.yahoo.co.jp/articles/fc3d43f1db9e403c575c35ec036cb24ffbc51771,2/6(‰Î) 17:38
cbc,CBCƒeƒŒƒr,u‚±‚ñ‚È‚à‚ÌŽ‚Á‚Ä‚­‚é‚â‚Â‚ª‚¢‚é‚ñ‚¾v ‚Æ‚¢‚¤º‚ªc@ƒyƒbƒg‚Æ•é‚ç‚·‚½‚ßŽÔŒÉ‚Å”ð“ï¶Šˆ@ŽÀØŽÀŒ±s‚¤Žs‚à,https://news.yahoo.co.jp/articles/4f8eb24b64225fead158aa4c40e702a2ad12600f,2/6(‰Î) 17:34
cbc,CBCƒeƒŒƒr,41”N‘O‚ÉÝ’u‚³‚ê‚½uƒA[ƒ`ŠÅ”Âv‚Ìˆê•”‚ð•Û‘¶‚Ö@ZŠ‚Ì•\Ž¦•ÏX‚ÅÁ‚¦‚½u’·ŽÒ’¬v‚ÌƒVƒ“ƒ{ƒ‹@–¼ŒÃ‰®,https://news.yahoo.co.jp/articles/14998d8a33606a509984238b41c06d8418ff329a,2/6(‰Î) 17:31
cbc,CBCƒeƒŒƒr,’†“cãÄ‚Ì‹N—p–@‚ÍH“ñ—VŠÔ‚Íƒ‹[ƒL[HŠJ–‹“ŠŽè‚Ìs•û‚ÍH—§˜QŠÄ“Â‚Ì¡ƒV[ƒYƒ“‹tP‚Ì\‘z‚É”—‚éI,https://news.yahoo.co.jp/articles/864a172cad427c9407710b639762fcf6f8d344ad,2/6(‰Î) 17:25
cbc,CBCƒeƒŒƒr,uƒCƒPƒƒ“v‚ÌƒŒƒbƒT[ƒpƒ“ƒ_‚ª’‡ŠÔ“ü‚è@Ž”ˆç’†‚ÌƒƒX‚Æ‚ÌƒyƒAƒŠƒ“ƒO‚ÅÔ‚¿‚á‚ñ’a¶‚ÉŠú‘Ò@ˆ¤’mE–L‹´Žs,https://news.yahoo.co.jp/articles/ce2c9280b84cff1253a9f88c77e6cbec7558c792,2/6(‰Î) 11:29
cbc,CBCƒeƒŒƒr,‚ ‚³‚Ü¬Ø‚Ì’Ð•¨ì‚è‚ªÅ·Šú‚É@ŽOdŒ§ˆÉ¨Žs‚Ì“`“–ìØ@ƒVƒƒƒLƒVƒƒƒL‚µ‚½HŠ´‚ª“Á’¥,https://news.yahoo.co.jp/articles/cf2f1cab13123d2d5172387bfd7f183775bc7d0c,2/6(‰Î) 11:27
cbc,CBCƒeƒŒƒr,“S˜H‚Ì—·‚ðŠy‚µ‚ÞƒŒƒXƒgƒ‰ƒ“uH“°ŽÔv‚ÌŽv‚¢o`–Y‚ê‚ç‚ê‚È‚¢ŠC˜Vƒtƒ‰ƒC‚Ì–¡,https://news.yahoo.co.jp/articles/15bf52400296492192164577185ad6246e269936,2/6(‰Î) 10:40
cbc,CBCƒeƒŒƒr,Ž©–¯“}g— ‹àhŽ–Œ@’r“c‰À—²O‹c‰@‹cˆõ‚ª•ÛŽß@­Ž¡Ž‘‹à‹K³–@ˆá”½‚Ìß‚Å‹N‘i,https://news.yahoo.co.jp/articles/2a6df80b7a819b48102c9e7043143277096a60d6,2/6(‰Î) 6:02
cbc,CBCƒeƒŒƒr,uð—áˆá”½‚Å‚·BƒGƒXƒJƒŒ[ƒ^[‚Í—§‚¿Ž~‚Ü‚Á‚ÄvAI‚ªŒŸ’m‚µŒx•ñ‰¹‚ÆƒAƒiƒEƒ“ƒX@gƒGƒXƒJƒŒ[ƒ^[•à‚©‚È‚¢‚Åð—áhŽ{s‚Ì–¼ŒÃ‰®Žs‚ÅŽÀØŽÀŒ±,https://news.yahoo.co.jp/articles/46e36118179c06fd8a2c7f173be2044fac1c4bcd,2/5(ŒŽ) 19:57
cbc,CBCƒeƒŒƒr,ƒhƒ‰ƒSƒ“ƒYE’†“cãÄ‘IŽè‚ªg‹SƒhƒAƒ‰h‚É“¤‚ð‚Ü‚¢‚½‚ç‚Ü‚³‚©‚Ì”½Œ‚! ƒhƒ‰ƒSƒ“ƒY‚ÌƒLƒƒƒ“ƒv‰‚ÌT––‚Í‘å·‚èã‚ª‚è,https://news.yahoo.co.jp/articles/3d126203ca2811e30afdbadf1621b8562a612d6e,2/5(ŒŽ) 19:19
cbc,CBCƒeƒŒƒr,•–L‰Î—Í”š”­‰ÎÐŽ–ŒÌ‚ÅJERA‚ª’²¸ˆÏˆõ‰ï‚ðÝ’u@ƒoƒCƒIƒ}ƒX”R—¿‚ð’™‚ß‚éuƒoƒ“ƒJ[vŠÜ‚ß‚ÄŒ´ˆö’²¸‚Ö,https://news.yahoo.co.jp/articles/d1784d2c80976fc9aae8b8ca809d6933008335ae,2/5(ŒŽ) 19:09
cbc,CBCƒeƒŒƒr,yÅV‚Ìá‚ÌƒVƒ~ƒ…ƒŒ[ƒVƒ‡ƒ“z6“ú‚É‚©‚¯‚Ä“Œ‹ž23‹æ‚Å‚à‘åá@5“ú‚Ì‹A‘îŽžA6“ú‚Ì’Ê‹ÎŽž‚É‚Íá‚ÉŒx‰ú‚ð i5“úŒßŒã6Žž30•ªXVj,https://news.yahoo.co.jp/articles/ebfea93e539896ac07286b37f077c0b6bd9e46f9,2/5(ŒŽ) 18:46
cbc,CBCƒeƒŒƒr,65”N•ª‚Ì”pŠü•¨‚ð‚Ç‚¤ˆ—‚·‚ê‚Îc@‰¼’u‚«ê‚Í‚Å‚«‚½‚à‚Ì‚Ìƒ{ƒ‰ƒ“ƒeƒBƒA‚à’x‚ê Žè‚ª•t‚¯‚ç‚ê‚È‚¢‚—îŽÒ‚à@”\“o”¼“‡’nk@ÎìŒ§ŽìFŽs‚ÌŒ»ŽÀ,https://news.yahoo.co.jp/articles/9edfbfcf25f032b79593d72e7436cec2bf7740d6,2/5(ŒŽ) 18:42
cbc,CBCƒeƒŒƒr,JR“ŒŠC@‘åá‚Å5“ú‚Ì‰^“]Œ©‡‚í‚¹‚Ì’†‰›üE”Ñ“cü@6“ú‚ÍŽn”­‚©‚ç•½í‰^“]i5“úŒßŒã5Žž”¼j,https://news.yahoo.co.jp/articles/223c67ca8b52a24571b415ae2f83c88549de8869,2/5(ŒŽ) 17:42
cbc,CBCƒeƒŒƒr,“¡ˆä‘‘¾”ªŠ¥i21juŠl“¾Ü‹àE‘Î‹Ç—¿v‚ªŽjãÅ‚Šz1‰­8634–œ‰~@‘O”N‚©‚ç6000–œ‰~ƒAƒbƒv@Šû‰¤í‚Å‚Í‰‚Ìgˆø‚«•ª‚¯h,https://news.yahoo.co.jp/articles/54f017abaa04aa241f131adf295c41dca24a3b60,2/5(ŒŽ) 17:36
cbc,CBCƒeƒŒƒr,JR“ŒŠC@’†‰›üE”Ñ“cüEg‰„üEŒä“aêü‚È‚Ç‚Å5“ú‚ÍI“ú‰^“]Œ©‡‚í‚¹,https://news.yahoo.co.jp/articles/951514182bd70cefd96d51fa7411870b1a572496,2/5(ŒŽ) 17:28
cbc,CBCƒeƒŒƒr,"ˆ¤•Q‚ÌŽRŠÔ•”‚É“_Ý‚·‚é""‰®ª•t‚«‹´""‚Í‚È‚º‘¢‚ç‚ê‚½H’nˆæ‚Éª‚´‚µ‚½’¿‚µ‚¢‹´‚Ì“ä‚É”—‚é",https://news.yahoo.co.jp/articles/8bb8e4050163c1d971002d72631061e3ba34aede,2/5(ŒŽ) 17:10
cbc,CBCƒeƒŒƒr,·‚Íu2311•[v  ƒgƒˆƒ^‚Ì‚¨‚Ð‚´Œ³‚Å’·”N‚ÌŠµ—á‚ª•ö‚êˆÙ—á‚Ìˆê‹R‘Å‚¿@ˆ¤’mŒ§‚Ì–L“cŽs’·‘I‹“,https://news.yahoo.co.jp/articles/f558d2a0d9845041e9d69ecd241341f42af579fb,2/5(ŒŽ) 16:24
cbc,CBCƒeƒŒƒr,ƒwƒ^‚Éž™‚ª‚È‚¢ƒiƒXu‚Æ‚°‚È‚µ”ü‰ÖŽqi‚Ñ[‚È‚·jv‚ÌŽûŠnŽn‚Ü‚é@”ç‚ÌƒnƒŠƒcƒ„”ü‚µ‚­“úŽ‚¿‚·‚é•iŽí,https://news.yahoo.co.jp/articles/1b86d9a9e7e829e3545226a6a031fe0455ad238c,2/5(ŒŽ) 16:11
cbc,CBCƒeƒŒƒr,Œ§“à145Z‚Ì‘SŒ§—§‚Z‚Ì‘ÌˆçŠÙ‚È‚Ç‚ÉƒGƒAƒRƒ“‚ð®”õ‚Ö@¬’†ŠwZ‚Í‘‚Ì•â•‚ª‚ ‚é‚à‚Z‚Í‘ÎÛŠOc@ˆ¤’mŒ§‚ªV”N“x—\ŽZˆÄ‚É”ï—p‚ðŒvãy“ÆŽ©z,https://news.yahoo.co.jp/articles/02189f1ae53c2b7647aa38efa8f60216a6cc5d36,2/5(ŒŽ) 13:33
cbc,CBCƒeƒŒƒr,ƒgƒˆƒ^Ž©“®ŽÔ@ˆê•”Hê‚Ì‰Ò“­’âŽ~‚ð2ŒŽ9“ú‚Ü‚Å‰„’·@–L“cŽ©“®D‹@‚É‚æ‚éƒGƒ“ƒWƒ“‚Ì”FØ•s³–â‘è,https://news.yahoo.co.jp/articles/1fdb2de4c7b0a848122427e9e5e01d96bac8d7f7,2/5(ŒŽ) 12:27
cbc,CBCƒeƒŒƒr,”Æl‚ÍŒ»Ý60Î`70Î‚­‚ç‚¢‚©@25”N‘O‚É32Î‚ÌŽå•w‚ªŽEŠQ‚³‚ê‚½–¢‰ðŒˆŽ–Œ‚Å“Á•Ê•ñ§‹à‚ð‰„’·@•v‚ªî•ñ’ñ‹ŸŒÄ‚Ñ‚©‚¯,https://news.yahoo.co.jp/articles/df1370c1ff408173d5df682cc6ac1bf010dcaf7b,2/5(ŒŽ) 12:19
cbc,CBCƒeƒŒƒr,y¡Œã‚ÌáƒVƒ~ƒ…ƒŒ[ƒVƒ‡ƒ“@5“úŒßŒã3ŽžXVz“Œ‹ž23‹æ‚Å‚à‘åá‚Ì‰Â”\«@ŠÖ“ŒbM‚Å6“ú’©‚É‚©‚¯‚ÄŒx‰ú‚ð@Ïá‚É‚æ‚éŒð’ÊáŠQ‚É‚à’ˆÓ,https://news.yahoo.co.jp/articles/5db092ca4569312fba5e9a26f1d18b2bea0262e9,2/5(ŒŽ) 12:06
cbc,CBCƒeƒŒƒr,ˆãŽt‚Ì‰ßd˜J“­‚ª[I˜J“­ŽžŠÔ‚ÌãŒÀÝ’è‚¾‚¯‚Å‚Í‰ðŒˆ‚µ‚È‚¢IH‰ü‘P‚ÌŽ…Œû‚Í,https://news.yahoo.co.jp/articles/b6265b0155d309d05f429a51c526b21516bb9a5c,2/5(ŒŽ) 6:50
cbc,CBCƒeƒŒƒr,”¼¢‹I‚Ô‚è‚ÉŽ©–¯E˜J‘g‚Ì‘Šæ‚è‚ª•ö‚ê‚½–L“cŽs’·‘I‹“@˜J‘gŒn‚ÌŒ»E‚ª4Šú–Ú‚Ì“–‘I‚ð‰Ê‚½‚·@ˆ¤’m,https://news.yahoo.co.jp/articles/7345a671ca6ce5dcdf243d0438adad085b6ec03c,2/5(ŒŽ) 1:12
cbc,CBCƒeƒŒƒr,’P“ÆŽ–ŒÌ‚Å•ŽèÈ‚Ì’j«‚ªŽ€–S@‰^“]‚µ‚Ä‚¢‚½—«‚ÍŒy,https://news.yahoo.co.jp/articles/e6e2674cffa059eff3d2b014d72838d639d09e86,2/4(“ú) 17:23
cbc,CBCƒeƒŒƒr,”\“o”¼“‡’nk‚Å”íÐ‚µ‚½ƒ‰ƒOƒr[‹­‹Z‚ðƒ‰ƒCƒoƒ‹‚ªŽx‰‡@ÎìE“ú–{q‹ó‚Îì‚ª’†•”‘åŠw‚ÌŽ{Ý‚Å‡h@2ŒŽ10“úŠJ–‹‚Ì–kM‰z‘å‰ï‚Éoê,https://news.yahoo.co.jp/articles/51eeaea54a7bbdc5402fedfd3e61b5bfbb9791a3,2/4(“ú) 17:01
cbc,CBCƒeƒŒƒr,t‚Ì•Ö‚è@ƒJƒ“ƒqƒUƒNƒ‰iŠ¦”ê÷j‚ªŒ©‚²‚ë,https://news.yahoo.co.jp/articles/529b7c892814b07a2d45be353fc6697903644b22,2/4(“ú) 14:51
cbc,CBCƒeƒŒƒr,…‰·4“x‚Ìì‚É‚³‚ç‚µ‚ÄF‘N‚â‚©‚É@Œï‚Ì‚Ú‚è‚ÌŠ¦‚´‚ç‚µ,https://news.yahoo.co.jp/articles/1b06bf9d75246a9c8f3180cc2bb06aa687676d4c,2/4(“ú) 14:51
cbc,CBCƒeƒŒƒr,‚à‚µu”]‘²’†v‚É‚È‚Á‚½‚ç‚Ç‚¤‚·‚éHc”]oŒŒE‚­‚à–Œ‰ºoŒŒE”][Ç –½‚ðŽç‚é‚½‚ß‚Ì³‚µ‚¢‘Îô,https://news.yahoo.co.jp/articles/0823470208c80973dbb980656bdd900e7328f236,2/4(“ú) 7:10
cbc,CBCƒeƒŒƒr,r‚ê‰Ê‚Ä‚½‚²‚ÝŽR‚ðÄ¶‚µcg‚»‚Î‚Ì‰Ôhç‚­‰f‚¦ƒXƒ|ƒbƒg‚É@kì•úŠü’n‚Ì•œŠˆ‚ÉŽæ‚è‘g‚Þ—«‚É–§’…,https://news.yahoo.co.jp/articles/94ba28cd1dce5ca4b05f70c5e3375d399780748c,2/4(“ú) 7:02
cbc,CBCƒeƒŒƒr,ƒLƒbƒ`ƒ“ƒJ[‚Å‰ÆŒv‚ðŽx‚¦‚È‚ª‚çc‘§Žq‚Ì‚½‚ß‚ÉƒXƒPƒ{[ƒp[ƒN‚ðŒšÝ@œÜ‚µ‚Ä‚à”M‚ª‚ ‚Á‚Ä‚à–ˆ“ú—ûK@–²‚ÍuƒIƒŠƒ“ƒsƒbƒN‘IŽèv,https://news.yahoo.co.jp/articles/8a73e3c4ce2d323e73b71e5cd4be34ecf0acf400,2/4(“ú) 6:02
cbc,CBCƒeƒŒƒr,99Î‚ÌŠÅŒìŽt—«u’è”N‚Í•K—v‚È‚¢v  “­‚«‘±‚¯‚éŽp‚©‚çl‚¦‚él¶100”NŽž‘ã@‹CŽ‚¿‚Íg¶ŠUŒ»–ðh,https://news.yahoo.co.jp/articles/d52cfa6d240381d8c85d7ef5486d6a78aeff8625,2/4(“ú) 5:32
cbc,CBCƒeƒŒƒr,ƒyƒbƒg‚Æˆê‚É”ð“ïŒP—û@ˆ¤’mE”ö’£ˆ®Žs‚ÅŽÀØŽÀŒ±,https://news.yahoo.co.jp/articles/d926ad4f8efddcd2b619ccf51baf8238440a9726,2/4(“ú) 0:57
cbc,CBCƒeƒŒƒr,ƒhƒ‰‰«“êƒLƒƒƒ“ƒv‚ðŽ˜ƒWƒƒƒpƒ“Eˆä’[ŠÄ“Â‚ªŽ‹Ž@@îà‹´G“l“ŠŽè‚ç‚ð’–Ú,https://news.yahoo.co.jp/articles/51d1002e9cdb1e614dcca0249442fc4f2eecd151,2/3(“y) 18:59
cbc,CBCƒeƒŒƒr,u•Ÿ‚Í“à!‹S‚ÍŠO!v@‘½“x‘åŽÐ‚Å“¤‚Ü‚«‚ª4”N‚Ô‚è’ÊíŠJÃ,https://news.yahoo.co.jp/articles/d8f4a616124a32c2b042c3fc36112043f300e91b,2/3(“y) 18:24
cbc,CBCƒeƒŒƒr,ŠG‰æ‚â’¤‚È‚Ç‚Ì‘åì500“_“WŽ¦@“ú“W–¼ŒÃ‰®“W‚É‚¬‚í‚¤,https://news.yahoo.co.jp/articles/56fa8e5014f1000b675bf49838c1a2b25d439e37,2/3(“y) 12:32
cbc,CBCƒeƒŒƒr,–Pâ™ŠyŠíŽtEŽÄŠ_Œš’j‚³‚ñi76j‚Éu‚­‚¿‚È‚µÍv 44”NŠÔâ™‚ðì‚è‘±‚¯‚éu‚¢‚Â‚©g‚±‚ê‚¼â™h‚Æ‚¢‚¤‚à‚Ì‚ðì‚è‚½‚¢v,https://news.yahoo.co.jp/articles/eaab0bed2ee420c8bcbcd9b830935bda1f235868,2/3(“y) 7:21
cbc,CBCƒeƒŒƒr,g’nŒ³‚Éˆ¤‚³‚ê‚½h•S‰Ý“X‚ª23”N‚Ì—ðŽj‚É–‹  u‚ ‚è‚ª‚Æ‚¤v‚Å‚ ‚Ó‚ê‚½ÅŒã‚Ì“ú  u‚±‚ñ‚ÈK‚¹‚Èl¶‚Í‚È‚©‚Á‚½v,https://news.yahoo.co.jp/articles/2c0c3d0eb995f262ef22d36544be1e27ae69839d,2/3(“y) 7:02
cbc,CBCƒeƒŒƒr,u‰Œ‚ªŒ©‚¦‚év‚Æ’Ê•ñcˆ¤’mE’m—§Žs‚Ì’c’n‚Å‰ÎŽ–@ƒuƒ‰ƒWƒ‹‘Ð‚Ì75Î—«‚ªŽ€–S,https://news.yahoo.co.jp/articles/686c6fdf327376a9bb669901b98d1709c10d3a9e,2/3(“y) 6:51
cbc,CBCƒeƒŒƒr,“Œ‹ž”­Ë‚Æ‚¢‚í‚ê‚éƒJƒŒ[‚¤‚Ç‚ñ‚ªA‚È‚ºu–¼ŒÃ‰®‚ß‚µv‚ÉH –¼ŒÃ‰®‚Ìl‹CƒJƒŒ[‚¤‚Ç‚ñ“XuŽáéÍ‰Æv‚ÌƒgƒƒgƒƒX[ƒv‚Ì”é–§‚É”—‚éI,https://news.yahoo.co.jp/articles/13fa7c973beb7de1f4843c7993cdb9af553ed935,2/3(“y) 6:50
cbc,CBCƒeƒŒƒr,‹C‚Ã‚©‚È‚¢‚¤‚¿‚É“ï’®‚ÉIH ¢ŠE‚É11‰­l‚ª“ï’®‚ÌƒŠƒXƒNIŠ®Ž¡‚ª“ï‚µ‚¢uƒwƒbƒhƒzƒ“EƒCƒ„ƒzƒ““ï’®v‚Æ‚Í,https://news.yahoo.co.jp/articles/161701c14f2fa317c20ab5611e81160bc3fdcd97,2/3(“y) 6:50
cbc,CBCƒeƒŒƒr,–L“cŽ©“®D‹@‚Ì‘æ3Žl”¼ŠúŒˆŽZ‚Í‘Žû‘‰v@’ÊŠú‚Ì‹ÆÑ—\‘z‚Í•s³‚Ì‰e‹¿‚ðu¸¸’†v‚Æ‚µ‚Ä˜‚¦’u‚«,https://news.yahoo.co.jp/articles/aff9550f4955f494e937d699afe69d78fbaae979,2/3(“y) 6:48
cbc,CBCƒeƒŒƒr,g­Ž¡‚ÍƒJƒl‚ª‚©‚©‚éh‚Í–{“–?  ƒpƒ“ƒtƒŒƒbƒg‚É500–œ‰~ u—LŒ ŽÒ‚ªƒJƒl‚Ì‚©‚©‚é­Ž¡‚ÉŠ°—e‚·‚¬‚év Ž©–¯“}— ‹àŽ–ŒŽó‚¯“O’ê’²¸,https://news.yahoo.co.jp/articles/b4ba1064c0468cba8b70828d9483f0d0b0122656,2/3(“y) 6:32
cbc,CBCƒeƒŒƒr,u‰®ª‚ðŠ¢‚É‚µ‚Ä‚¢‚é‚©‚ç‹N‚«‚½ÐŠQ‚ÆŒ¾‚í‚ê‚Ä‚à”Û’è‚Å‚«‚È‚¢v ‰½ƒgƒ“‚Æ‚¢‚¤Š¢‚ª‰®ª‚Ìˆê”Ô‚‚¢Š‚É@“|‰ó‘ŠŽŸ‚¢‚¾ŒÃ‚¢Z‘î‚Ì‹¤’Ê“_‚Í?  ”\“o”¼“‡’nk,https://news.yahoo.co.jp/articles/e4547d49f8ade3b6fcef409a1870fdc0e011bce6,2/3(“y) 6:02
cbc,CBCƒeƒŒƒr,5“ú`6“ú‚É‚©‚¯‚ÄŠÖ“ŒEbM‚Å‘åá‚Ì‚¨‚»‚ê @“sS•”‚Å‚àÏá‚©@4“ú‚Í‘åãE–¼ŒÃ‰®‚È‚Ç‚àá‚Ì‰Â”\«,https://news.yahoo.co.jp/articles/f775da1d48b91b88d179738867ddb63d793b3eb9,2/3(“y) 5:46
cbc,CBCƒeƒŒƒr,‘N‚â‚©‚³‚ðÛ—§‚½‚¹‚é‚½‚ß—â‚½‚¢‹ó‹C‚É‚³‚ç‚·u”ò‘Ëõ‚ÌŠ¦‚´‚ç‚µv,https://news.yahoo.co.jp/articles/736b2a21763174a8f62314c10459282a9d8d7a22,2/3(“y) 1:36
cbc,CBCƒeƒŒƒr,"‘S‰ó‚µ‚½‘K“’‚Å–½‚ð—Ž‚Æ‚µ‚½""‚¶‚¢‚¿‚á‚ñ""‚Ö ‚ª‚ê‚«‚Ì‰º‚ÅŒ¹ò‚ðŒ©‚Â‚¯‚½4‘ã–Ú“XŽå‚ªuˆê”Ô•—˜C‚ÉŒÄ‚Ô‚ÆŒˆ‚ß‚½lv",https://news.yahoo.co.jp/articles/3b083b8716ff6d7434fc0daf3c74b0512293c3e3,2/2(‹à) 22:54
cbc,CBCƒeƒŒƒr,´Œ´˜a”Ž‚³‚ñu‚Æ‚É‚©‚­ƒtƒ@ƒCƒeƒBƒ“v ƒhƒ‰ƒSƒ“ƒY‰«“êƒLƒƒƒ“ƒv2“ú–Ú‚Å’†“cãÄ‘IŽè‚ª“Á‘åƒz[ƒ€ƒ‰ƒ“@îà‹´G“l“ŠŽè‚àƒuƒ‹ƒyƒ““ü‚è,https://news.yahoo.co.jp/articles/b91c7d7cb931cc3006398081d65ad4e29841fcc9,2/2(‹à) 20:42
cbc,CBCƒeƒŒƒr,•–L‰Î—Í”­“dŠ‚Ì‰ÎÐ‚Í‚È‚º‹N‚±‚Á‚½?@ê–å‰Æ‚É•·‚­ u”R—¿Ž©‘Ì‚ÍŠëŒ¯‚Å‚Í‚È‚¢‚ªc•ÛŠÇ‚â‰^”À‚È‚Ç‚Ì‰ß’ö‚É‚æ‚Á‚Ä”­”M‚Ì‰Â”\«v,https://news.yahoo.co.jp/articles/1709b14ba1d924895261e00b3ab549b92e5f7f50,2/2(‹à) 20:02
cbc,CBCƒeƒŒƒr,2‰­‰~‚ð’´‚¦‚éHÞ”ï‚ð‰ß‘å’¥Žû@ƒOƒ‹[ƒvƒz[ƒ€uŒbv ˆ¤’mE‘å‘ºGÍGÍ’mŽ–u—RX‚µ‚«Ž–‘Ô‚ÆŒ¾‚í‚´‚é‚ð“¾‚È‚¢v,https://news.yahoo.co.jp/articles/59c47fe3cd0d01440b8c3caf6056e0c40602500f,2/2(‹à) 19:36
cbc,CBCƒeƒŒƒr,u‚±‚ê‚Ü‚Å‚Ì’²¸E’mŒ©‚ðŒy‚ñ‚¶‚Ä‚¢‚éŒ‹‰Êv ”­‚ª‚ñ«‚Ì‹^‚¢‚È‚Ç‚ªŽw“E‚³‚ê‚éuPFASv ‘‚ªŒö•\‚µ‚½Œ’N‚Ö‚Ì‰e‹¿‚Í?,https://news.yahoo.co.jp/articles/af897aa7e27e920319b28e862c135fd9e10bdfc9,2/2(‹à) 19:34
cbc,CBCƒeƒŒƒr,uŒg‘ÑƒgƒCƒŒv‚Ç‚¤Žg‚¤?@1l‚ ‚½‚è1“ú5`6‰ñƒgƒCƒŒ‚És‚­‘z’è‚ÅÅ’á3“ú•ª‚Ì”õ‚¦‚ð@”\“o”¼“‡’nk,https://news.yahoo.co.jp/articles/1e24f42ac1f5a09daa33a76af2a4ffb81d762d4b,2/2(‹à) 19:19
cbc,CBCƒeƒŒƒr,ƒX[ƒcƒP[ƒX‚ðŽ‚½‚¸‚É‹ó`‚Ö@”òs‹@‚ÉÏ‚Ýž‚ÞŽè‰×•¨‚ðu‹ó`v‚Å‚Í‚È‚­u–¼ŒÃ‰®‰wv‹ß‚­‚Å—a‚¯‚é@’†•”‹ó`‚ÆVçÎ‹ó`Œ‹‚Ô•Ö‚ÅŽÀØŽÀŒ±,https://news.yahoo.co.jp/articles/a2d47389601145384a2d96e3edffafae4b6eb133,2/2(‹à) 18:44
cbc,CBCƒeƒŒƒr,‹S‚Ì–Ê‚ªg•óh‚ÌŽ› u‹S‚ÍŠOv‚Æ‚ÍŒ¾‚í‚¸‚Éu•Ÿ‚Í“àv‚¾‚¯@ˆê‘«‘‚­–ïœ‚¯‚Ì“¤‚Ü‚«,https://news.yahoo.co.jp/articles/2290fd71397af051adb60d93800a94c0a382eab7,2/2(‹à) 17:32
cbc,CBCƒeƒŒƒr,u‚ ‚Á‚½‚©‚¢•ÖÀ‚ª‰ù‚©‚µ‚¢‚Ëv  ‰˜•¨‚ªd‚­‚Äƒrƒj[ƒ‹‘Ü‚ª”j‚ê‚½‚±‚Æ‚à@’f…‘±‚­”íÐ’n‚ÌƒgƒCƒŒ–â‘è@”\“o”¼“‡’nk,https://news.yahoo.co.jp/articles/3f1052653bd1f6e0199e5bae87886a6e3e6c065a,2/2(‹à) 17:28
cbc,CBCƒeƒŒƒr,’†“úE´…’B–ç“ŠŽèƒCƒ“ƒ^ƒrƒ…[...”wŒã‚Å–³Ž×‹C‚ÈƒKƒ„IH‘›‚¢‚Å‚¢‚½’‡—Ç‚µ‘IŽè‚Æ‚ÍH,https://news.yahoo.co.jp/articles/64a644cee4eb47d99cfaada96e654cd52fa518a9,2/2(‹à) 17:11
cbc,CBCƒeƒŒƒr,2ŒŽ3“ú‚Íß•ª! “ŒŠCƒGƒŠƒA‚ÌuƒCƒIƒ“vuƒCƒIƒ“ƒXƒ^ƒCƒ‹v‚Å‚ÍA“Œ‹ž‚Ì–¼“X‚ªŠÄC‚µ‚½Œb•ûŠª‚«‚È‚Ç13Ží—Þ‚ð”Ì”„,https://news.yahoo.co.jp/articles/db1c1e765b2ccce3c3366f235d0456dd9a06101c,2/2(‹à) 17:01
cbc,CBCƒeƒŒƒr,Š¦‚¢‚Ì‚É‘ås—ñ‚ª‚Å‚«‚Ä‚¢‚é–¼ŒÃ‰®‚ÌƒOƒ‹ƒ“XBŽæÞ‚µ‚Ä‚í‚©‚Á‚½•À‚Ñ‚½‚­‚È‚é——R‚Æ‚ÍI,https://news.yahoo.co.jp/articles/44f36ceafa643d1e285497a96c36d276c924b751,2/2(‹à) 17:00
cbc,CBCƒeƒŒƒr,“W–]‘ä‚Å‰€Ž™‚ª“¤‚Ü‚«@‹S‚à‚Ñ‚Á‚­‚è ƒpƒ[‘SŠJ‚Ì‰€Ž™‚½‚¿ u‹S‚æ‚è•|‚¢‚à‚Ì‚Í?v‚ÌŽ¿–â‚Éc,https://news.yahoo.co.jp/articles/06ac8686e40b1cea559d22cfb1ddc02fb6856c06,2/2(‹à) 16:24
cbc,CBCƒeƒŒƒr,”­¶Œ¹‚Ì“Á’èEœ‹Ž‚É‚Íu‚©‚È‚èŽžŠÔ‚ª‚©‚©‚év ”­‚ª‚ñ«‚Ì‹^‚¢‚È‚Ç‚ªŽw“E‚³‚ê‚égPFASh–â‘è@Šò•ŒEŠe–±Œ´Žs,https://news.yahoo.co.jp/articles/1cbbe906c56097dc632ddf02f8c9974d706c242b,2/2(‹à) 16:03
cbc,CBCƒeƒŒƒr,ƒp[ƒeƒB[Œ”— ‹à–â‘è@“ŒŠC3Œ§‚Ì6‹cˆõ‚ªg•s‹LÚh–¾‚ç‚©‚É@ˆÀ”{”h‹cˆõ‚ðCBC–Ø‰º‹LŽÒ‚ª’¼Œ‚,https://news.yahoo.co.jp/articles/dfe01d2e2f4aa2e23ca37cd37827811b16faea45,2/1(–Ø) 20:04
cbc,CBCƒeƒŒƒr,‘S—‡‚Å‚È‚­‰º’…‚â…’…‚ð’…—p‚Ö@“®‰æ‚ÌŠgŽU‚ÅuŽ–Œ‚É‚Â‚È‚ª‚é‹°‚êv@“`“‚ÌÕ‚è‚É‘å‚«‚È•Ï‰»,https://news.yahoo.co.jp/articles/7f51906f42c689cfb77c3e97bec29c1ccb52b5b7,2/1(–Ø) 19:43
cbc,CBCƒeƒŒƒr,‘å‹K–Í‰ÎÐ‚ÌŠëŒ¯«‚Í–¼ŒÃ‰®Žs“à‚Å‚à@Žs“à11‚©Š‚ ‚é–Ø‘¢Z‘î–§W’nˆæ@Å‘å‚Å–ñ3200“‚É”R‚¦L‚ª‚é‘z’è‚à,https://news.yahoo.co.jp/articles/a93191a1d8428bdeee6007f230db0d796915e759,2/1(–Ø) 19:39
cbc,CBCƒeƒŒƒr,u‚«‚Ì‚¤‚ª1ŒŽ1“ú‚Ý‚½‚¢‚È‹CŽ‚¿‚¾‚©‚çBØ‚è‘Ö‚¦‚ª‚Å‚«‚È‚¢v  ”\“o”¼“‡’nk‚Ì”­¶‚©‚ç1‚©ŒŽ,https://news.yahoo.co.jp/articles/6cd341daee67a24b6edc11a16ad01f127018bbca,2/1(–Ø) 19:16
cbc,CBCƒeƒŒƒr,23”N‚Ì—ðŽj‚É–‹‚ð‰º‚ë‚µ‚½–¼“S•S‰Ý“Xˆê‹{“X@1ŒŽ‚Í‹Ž”N‚Ì2”{ˆÈã‚Æ‚È‚é10‰­‰~‚Ì”„‚èã‚°@•Â“XƒZ[ƒ‹‚ªvŒ£,https://news.yahoo.co.jp/articles/f36a234bd625ad709b18ca0265614e7a7930fdab,2/1(–Ø) 18:59
cbc,CBCƒeƒŒƒr,—DŸ‚ÉŒü‚¯‚Äƒhƒ‰ƒSƒ“ƒY‚ª‰«“ê‚ÅƒLƒƒƒ“ƒv‚ðƒXƒ^[ƒg@—§˜QŠÄ“ÂuV‚½‚È‹CŽ‚¿‚Å’§í‚µ‚½‚¢v,https://news.yahoo.co.jp/articles/d30ffa866c0a166b5857360568458447483812be,2/1(–Ø) 18:38
cbc,CBCƒeƒŒƒr,u‚Ü‚¾“¯‹‰¶‚ªŒ©‚Â‚©‚Á‚Ä‚¢‚È‚¢B‰ÎŽ–‚ª‚È‚©‚Á‚½‚çv ”\“o”¼“‡’nk‚©‚ç1‚©ŒŽ@”íÐ’n‚Ì¡‚Í,https://news.yahoo.co.jp/articles/4a8f3c878124d6c88032edbf4f5c7a77a7e5d53a,2/1(–Ø) 18:36
cbc,CBCƒeƒŒƒr,uˆäŒË‚ðŒ@‚ç‚È‚ ‚©‚ñv@Ž©Ž¡‰ï’·‚ÌŒÄ‚ÑŠ|‚¯‚ÅŠ®¬‚µ‚½g–hÐˆäŒËh@ÐŠQ‚Ö‚Ì”õ‚¦‚Æ‚µ‚ÄZ–¯‚ðŽx‚¦‚é‘¶Ý‚É,https://news.yahoo.co.jp/articles/e57150a0dc34431250ec6af0199a6a414b0a3ea7,2/1(–Ø) 18:16
cbc,CBCƒeƒŒƒr,‘–s’†‚ÌŽÔ‚Ég•r‚Ì‚æ‚¤‚È•¨h‚ª’¼Œ‚@48Î‰^“]Žè‚ªˆÓŽ¯•s–¾@‘O‚Ìƒgƒ‰ƒbƒN‚©‚ç”ò‚ñ‚Å‚«‚½g•r‚Ì‚æ‚¤‚È•¨h‚ÍŽÔŠO‚É“Ë‚«”²‚¯‚½‚©,https://news.yahoo.co.jp/articles/b7f9a4b53f92b4abb61499af10d7745b2940c30b,2/1(–Ø) 17:57
cbc,CBCƒeƒŒƒr,ƒŠƒAƒ‹‹â‰Í“S“¹‚Èu”ƒCƒ‹ƒ~—ñŽÔvIH“Vˆä‚É”ü‚µ‚¢–é‹ó‚ªL‚ª‚éŒƒƒŒƒA—ñŽÔ‚ð’T‚·,https://news.yahoo.co.jp/articles/5cd22ce9172e1a81e5c65559d076fa5ed6fa77a0,2/1(–Ø) 17:50
cbc,CBCƒeƒŒƒr,‰wƒrƒ‹‚É“ü‚é•S‰Ý“X‚ªŒ}‚¦‚½ÅŒã‚Ì“ú@“dŽÔ‚Å’Ê‹Î‚ð‘±‚¯‚½92Î‚Ì—«”Ì”„ˆõu‚±‚ñ‚ÈK‚¹‚Èl¶‚Í‚È‚©‚Á‚½v,https://news.yahoo.co.jp/articles/0ba3ce795313837208bc173874d2443db6695381,2/1(–Ø) 17:42
cbc,CBCƒeƒŒƒr,’nk‚©‚ç1ƒ–ŒŽ...Œp‘±‚µ‚Ä”\“o”¼“‡‚ð‰ž‰‡‚·‚é‚É‚Í‚Ç‚¤‚·‚ê‚ÎH,https://news.yahoo.co.jp/articles/0adadc1c3658f316a45b3c47124814c339883c85,2/1(–Ø) 17:40
cbc,CBCƒeƒŒƒr,–³—¿‚Å‰»ÎÌW‘ÌŒ±‚ª‚Å‚«‚éIH Šò•ŒŒ§˜QŽs‚Ì‚¨“¾‚·‚¬‚éŽ{Ý‚ð‚²Ð‰îI,https://news.yahoo.co.jp/articles/510eb64f222329134da55b39166f98c212d427ed,2/1(–Ø) 17:25
cbc,CBCƒeƒŒƒr,V‹KŠJ“XŽž‚É•K‚¸µ‚­‚¨‹q‚³‚ñ‚Æ‚ÍHÄ“÷ƒ`ƒF[ƒ““Xu‚ ‚Ý‚â‚«’àv‚Ì‚±‚¾‚í‚è‚ÆƒT[ƒrƒX‚ÌŒ´“_,https://news.yahoo.co.jp/articles/7031f1b8aa4cf2c28c0b1c8748c2f575789d6f34,2/1(–Ø) 17:01
cbc,CBCƒeƒŒƒr,"Ž_‚Á‚Ïh‚­‚Ä’†“Å«ƒ„ƒo‚ß‚Èu’†‘—¿— •xŽmv‚Ì""Ž_ç…“’–Ë""I‹Á‚«‚Ì‰B‚µ–¡‚Æ‚ÍH",https://news.yahoo.co.jp/articles/c287da552820e2cbffccd3078134e3330383646f,2/1(–Ø) 16:50
cbc,CBCƒeƒŒƒr,‚¨‚©‚°‰¡’¬‚Å–ˆŒŽ1“úP—á‚Ìuñ“ú’©Žsv@‘‹N‚«‚µ‚ÄŽ_—l‚ð‚¨ŽQ‚è@ˆÉ¨_‹{‚ÌŽQ”qŽÒ‚ç‚Å“ö‚í‚¤@ß•ª—p‚Ì“¤‚â‹S‚Ì–Ê‚È‚Ç‚à”Ì”„,https://news.yahoo.co.jp/articles/2503156110144c19fd18c0ff1665e96dff11c05a,2/1(–Ø) 16:14
cbc,CBCƒeƒŒƒr,’·—Çì‰LŽ”‚ÌƒIƒtƒV[ƒYƒ“‚ðŠˆ—p‚µg‹‘å‚È’Þ‚è–xh‚ªƒI[ƒvƒ“@ŠÏ——‘Dæ‚èê‚Ì…•Ó‚ðŽdØ‚è–ñ3000•½•ûƒ[ƒgƒ‹‚ÌL‚³,https://news.yahoo.co.jp/articles/3532f68644e67132f33cfb6aa1799d40e75794c6,2/1(–Ø) 15:59
cbc,CBCƒeƒŒƒr,ƒgƒˆƒ^@‘“à‚Ìˆê•”Hê‚Å‰Ò“­’âŽ~‚ÌŠúŠÔ‚ð5“ú‚Ü‚Å‰„’·@–L“cŽ©“®D‹@‚É‚æ‚éƒGƒ“ƒWƒ“‚Ì”FØ•s³–â‘è,https://news.yahoo.co.jp/articles/7a7f426cc7849f19f43dfdbe293814bbfa70ca9e,2/1(–Ø) 15:12
cbc,CBCƒeƒŒƒr,ƒgƒ‰ƒbƒN‚©‚ç—Ž‰º‚µ‚½g•r‚Ì‚æ‚¤‚È•¨h‚ªæ—pŽÔ‚É’¼Œ‚@ƒtƒƒ“ƒgƒKƒ‰ƒX‚ð“Ë‚«”j‚é@48Î‚Ì‰^“]Žè‚ªˆÓŽ¯•s–¾@–¼_‚‘¬E‰º‚èü,https://news.yahoo.co.jp/articles/6cc2d39f73a34c0d53f6b6cbbad4922cc7ec27a2,2/1(–Ø) 10:16
cbc,CBCƒeƒŒƒr,”h”´ƒp[ƒeƒB[Œ”Žû“ü‚Ìu— ‹àv‰»–â‘è@“ŒŠC’n•û‚ÌŽ©–¯EˆÀ”{”h‘‰ï‹cˆõ5l‚ª•s‹LÚ‚Å’ù³‚É,https://news.yahoo.co.jp/articles/be9937cb69a3cec26b5bb60b79544e0ccc85efff,2/1(–Ø) 7:14
cbc,CBCƒeƒŒƒr,uˆË—ŠŽÒ‚É‚Í­Ž¡‰Æ‚âƒ„ƒNƒU‚Ìe‚¹‚«‚ª‚¢‚év@Ž©–¯“}Œ§˜AÂ”N•”‚Ì•›•”’·‚ç2l‚ð‹°Š…—e‹^‚Å‘ß•ß,https://news.yahoo.co.jp/articles/a1b611c4203115d05462dc08e4f61b8d9c91ff34,2/1(–Ø) 7:11
cbc,CBCƒeƒŒƒr,ƒŒƒW‰œ‚Ì‹xŒeŽº‚Én•¨‚ð‚à‚Á‚Ä‰Ÿ‚µ“ü‚è@ƒRƒ“ƒrƒj‹­“‚Å9–œ8000‰~’D‚í‚ê‚é,https://news.yahoo.co.jp/articles/bd702a433b25cfa18e39060a205e532b08337750,2/1(–Ø) 7:02
cbc,CBCƒeƒŒƒr,g’¸‚«—Žq‚è‚è‚¿‚á‚ñh‚ð‘Å‹Ç‚ª”­@‚¾‚Ü‚µŽæ‚Á‚½Œ»‹à‚ðŠm’è\‚¹‚¸@Š“¾Å–ñ4000–œ‰~‚ð’EÅ‚µ‚½‹^‚¢,https://news.yahoo.co.jp/articles/6c54769d1d0c71e5eb868fc74bfa958937f5d63a,1/31(…) 21:01
cbc,CBCƒeƒŒƒr,•s³‚ª‘ŠŽŸ‚®ƒgƒˆƒ^ƒOƒ‹[ƒv@L‚ª‚é•sˆÀ‚Å’†ŒÃŽÔŽsê‚É‚à‰e‹¿‚ª@‚æ‚èˆê‘wŒµ‚µ‚³‚ð‘‚·ŒÚ‹q‚Ì–Ú,https://news.yahoo.co.jp/articles/507654962ec948ab742a4226fc531d048b2aacf7,1/31(…) 19:42
cbc,CBCƒeƒŒƒr,Œƒ‚µ‚¢‰Š‚Æ—§‚¿ã‚é‰Œ@‰Î—Í”­“dŠ‚Å”š”­‚ª‹N‚«‚½uŠÔ‚ð–h”ÆƒJƒƒ‰‚ª‘¨‚¦‚½@u•—ˆ³‚Å“üŒû‚Ì”à‚ªŠJ‚¢‚½v‚Æ‚Ì–ÚŒ‚ØŒ¾‚à,https://news.yahoo.co.jp/articles/20be571fc816141ed825d6cdfd0b7471188578e1,1/31(…) 19:21
cbc,CBCƒeƒŒƒr,140”NˆÈãˆÉ¨_‹{‚ðŽç‚è‘±‚¯‚éuŽ©‰qÁ–h’cv‚Ìo‰Ž®@_‹{‚ÌŒš•¨‚âŽQ”qŽÒ‚ð‰ÎÐ‚âŽ©‘RÐŠQ‚©‚çŽç‚é,https://news.yahoo.co.jp/articles/7150fa8f6a7e707f20a181536240eef200aaef69,1/31(…) 18:38
cbc,CBCƒeƒŒƒr,ƒhƒ‰ƒSƒ“ƒY‰«“êƒLƒƒƒ“ƒv‚ªƒXƒ^[ƒg‚Ö@‘IŽè‚ç‚ªƒtƒ@ƒ“‚ÉŒ}‚¦‚ç‚ê‚È‚ª‚ç“ß”e‹ó`‚É“ž’…@’†“cãÄ‘IŽè‚Íƒh”hŽè‚É“oê,https://news.yahoo.co.jp/articles/0483b26172b548fbae8df85437c457c81b9896b2,1/31(…) 18:38
cbc,CBCƒeƒŒƒr,——D‚Å‰æ‰ÆE‚ ‚¢‚Í‚ç—FŽq‚³‚ñ‚ª•`‚­@uÔ•xŽmi‚ ‚©‚Ó‚¶jv‚ðƒe[ƒ}‚É‚µ‚½ì•i‚Ì“WŽ¦‰ï@–¼ŒÃ‰®‚Å2ŒŽ1“ú‚©‚ç,https://news.yahoo.co.jp/articles/54a1a6e4fd908fed410b4b51be938d7b9191b731,1/31(…) 18:14
cbc,CBCƒeƒŒƒr,3•ª‚ÅŠÈ’P‚ÉŽó‚¯‚ç‚ê‚éH”F’mÇŒŸ¸‚ÌVƒAƒvƒŠ‚ª“oê,https://news.yahoo.co.jp/articles/da1df06fcfef6dbbfb1a417921cc6077621a924f,1/31(…) 17:40
cbc,CBCƒeƒŒƒr,«Šû‚Ì“¡ˆä‘‘¾”ªŠ¥‚ªu—³‰¤AˆÊŽ®v‚É—Õ‚Þ@ŠJ–‹‚©‚ç4˜AŸ‚Åƒ^ƒCƒgƒ‹3˜A”e@u“¾‚é‚à‚Ì‚ª‘½‚¢ƒVƒŠ[ƒY‚¾‚Á‚½v,https://news.yahoo.co.jp/articles/3d5b1f6ff7a901d8270242b2341bf3f35142e739,1/31(…) 17:28
cbc,CBCƒeƒŒƒr,"Š¦‚¢‹Gß‚Éƒoƒ`ƒb‚Æ‚­‚é""Ã“d‹C""Iu‹N‚±‚è‚â‚·‚¢lv‚Æu‹N‚±‚è‚É‚­‚¢lv‚Ìˆá‚¢‚âAŽèŒy‚É‚Å‚«‚é‘Îô‚Æ‚ÍH",https://news.yahoo.co.jp/articles/c62fd60e2c50d54521d5fbe2c98ade2b84f362c6,1/31(…) 17:10
cbc,CBCƒeƒŒƒr,‘Sˆõ‰SŽÒ‚Å‚à‘S‘‘å‰ï‚Ö!I 7”N˜A‘±‚Åoê‚ªŒˆ‚Ü‚Á‚½w–¼ŒÃ‰®¤‹Æ‚ZxƒzƒbƒP[•”‚ðƒ}ƒaƒ‰ƒu‚ªƒŠƒ|[ƒgI,https://news.yahoo.co.jp/articles/376be980bb3cc1f599e6c48572250eb4bc56f5b8,1/31(…) 17:00
cbc,CBCƒeƒŒƒr,"‰Á“¡ˆ¤ƒAƒi‚ªˆ¤’mŒ§–LìŽs‚Ìw‚½‚¯‚ÌŽqƒpƒ“x‚ð’²¸I 1“ú2000ŒÂ‚Ì‹L˜^‚àI ‘åƒqƒbƒg‚Ì""Œ¶‚Ìƒpƒ“""‚ª’·”Nˆ¤‚³‚ê‚éƒƒP",https://news.yahoo.co.jp/articles/fe6d41ddad8ae8bc1c9f85ff1e7518c16cdcbfc6,1/31(…) 17:00
cbc,CBCƒeƒŒƒr,Žq‚Ç‚à‚Ì‚©‚©‚Æ‚Íuƒcƒ‹ƒcƒ‹vA‘ål‚ÍuƒKƒTƒKƒTv‚È‚Ì‚Í‚È‚ºH ‚©‚©‚ÆƒPƒA‚Ìƒ|ƒCƒ“ƒg‚ðˆãŽt‚ª‰ðà,https://news.yahoo.co.jp/articles/8a14373fa3f3c26ee7942dfb26ef26600aa86c05,1/31(…) 16:50
cbc,CBCƒeƒŒƒr,uc—h‚ê‚Ì’nk‚©‚È‚ÆŽv‚¤‚Ù‚Ç‚Ì—h‚ê‚ª‹N‚«‚½v@‰Î—Í”­“dŠ‚Å”š”­E‰ÎÐ@‚¯‚ªl‚È‚µ@ƒ{ƒCƒ‰[Ž{Ý‚©‚ç•‰Œ@ƒxƒ‹ƒgƒRƒ“ƒxƒ„[‚ª‰Šã,https://news.yahoo.co.jp/articles/b5c9d5b3afe437be893485c0467bcb5bd66d8ac6,1/31(…) 15:46
cbc,CBCƒeƒŒƒr,u–¼“S•S‰Ý“Xˆê‹{“Xv‚ª31“ú‚Å•Â“X@ƒlƒbƒg’Ê”Ì‚Ì•‹y‚âƒrƒ‹˜V‹€‰»‚à‰e‹¿@í˜A‹q‚ç‚ª—ˆ“X‚µ•Ê‚ê‚ðÉ‚µ‚Þ@ˆ¤’m,https://news.yahoo.co.jp/articles/40c84f8c0289061a8f0f65eb4f168a1f8f43ff89,1/31(…) 15:21
cbc,CBCƒeƒŒƒr,JR“ŒŠC“¹ü‚ÅgM†ˆá”½h@“¥Ø“à‚Åæ—pŽÔ‚ª—§‚¿‰¶@”ñíƒ{ƒ^ƒ“‰Ÿ‚³‚ê‚½‚Ì‚É—ñŽÔŽ~‚Ü‚ç‚¸Žž‘¬95ƒLƒƒ[ƒgƒ‹‚Å’Ê‰ß@‰^“]Žm‚Í”­Šo‹°‚ê‚Ä•ñ‚¹‚¸,https://news.yahoo.co.jp/articles/c7590da3fdf8fdeeeebbfef9dfcfe520e2bb545d,1/31(…) 13:42
cbc,CBCƒeƒŒƒr,Žsê‚É‚ ‚Ü‚èo‰ñ‚ç‚È‚¢uŒ¶‚Ìƒ~ƒJƒ“v@Žs–ØƒIƒŒƒ“ƒW‚ÌŽûŠn‚ªÅ·Šú@‘u‚â‚©‚È•—–¡‚ª“Á’¥@ŽOdE‹I•ó’¬,https://news.yahoo.co.jp/articles/cf225bb472a5d2d02fcf8bee13b9aa057498b795,1/31(…) 11:21
cbc,CBCƒeƒŒƒr,“¡ˆä‘‘¾”ªŠ¥i21j‚É—DŸÜ‹à4400–œ‰~‚ª‘¡‚ç‚ê‚éu–ö—t•q˜Y—l‚É‚²jŽ«‚ð’¸‘Õ‚µc–{“–‚ÉŠ´Œƒv  —³‰¤AˆÊŽ®‚Å˜b‚µ‚½‚±‚Æ‘S•¶,https://news.yahoo.co.jp/articles/d3dc717eba5bb61fcd98c9149e3dc6fe8ddf3af4,1/30(‰Î) 20:17
cbc,CBCƒeƒŒƒr,u‰tó‰»‚ªƒgƒ‰ƒEƒ}‚É‚È‚Á‚Ä‚¢‚év ŽÔ‚Í“D‚É–„‚à‚êA…“¹ŠÇ‚ª”j—ô‚·‚éŠ‚à@”\“o”¼“‡’nk‚©‚ç–ñ1‚©ŒŽ,https://news.yahoo.co.jp/articles/16a9de072b58feeffcd673b7b0e3c2b9470349d9,1/30(‰Î) 19:04
cbc,CBCƒeƒŒƒr,ƒAƒ“ƒJ[‚Í–é‹Î–¾‚¯‚Å‘åŒƒ‘–!   ‰w“`‘å‰ï‚Éoê‚µ‚½‚Ì‚Íc’nŒ³‚ÌŒxŽ@Š¯ƒ`[ƒ€@‘–‚Á‚Ä‘–‚Á‚Ä–h”Æ‚ðŒÄ‚Ñ‚©‚¯‚é,https://news.yahoo.co.jp/articles/50cdc49d892341943535403f01130162d946ffc7,1/30(‰Î) 18:14
cbc,CBCƒeƒŒƒr,J.ƒtƒƒ“ƒg ƒŠƒeƒCƒŠƒ“ƒO@VŽÐ’·‚É48Î‚Ì¬–ìŒ\ˆêŽ u¡‚Ì‚¤‚¿‚É«—ˆ‚ÉŒü‚¯‚½Žè‚ð‚¢‚©‚É‘Å‚Â‚©‚ÅA“–ŽÐ‚Ì‚ ‚è‚æ‚¤‚ª•Ï‚í‚év,https://news.yahoo.co.jp/articles/7fba71f08194068aab68587f036a5e6db40904f7,1/30(‰Î) 18:06
cbc,CBCƒeƒŒƒr,uˆÝ‚ðˆ³”—‚µ‚ÄA‚»‚ñ‚È‚ÉH‚×‚ç‚ê‚È‚¢v ”\“o”¼“‡’nkŒã‚ÉŽ©‘î‚âŽÔ’†”‘‚Å‰ß‚²‚·”íÐŽÒ@‘½‚­‚ÌŽs’¬‚Å‘S—e”cˆ¬‚É‚ÍŽŠ‚ç‚¸,https://news.yahoo.co.jp/articles/16e447f182cb4dad6c3525a20353f9e1b0966fbd,1/30(‰Î) 17:03
cbc,CBCƒeƒŒƒr,SNS‚ð•Ší‚É‚½‚½‚©‚¤Iˆ¤’m‚ÌƒX[ƒp[u¶‘NŠÙ‚â‚Ü‚Ð‚±v‚Ì‚±‚¾‚í‚è,https://news.yahoo.co.jp/articles/a67c64b77353ac2635652e14199d5732123d0f50,1/30(‰Î) 17:01
cbc,CBCƒeƒŒƒr,"¡”N‚Í""ƒLƒƒƒxƒc""‚ª–Lì‚Å‚¨’l‘Å‚¿IH”_‰Æ‚É•·‚¢‚½¡ì‚è‚½‚¢‚¨ŽèŒy•‘å—ÊÁ”ïƒŒƒVƒs‚ð‚²Ð‰î",https://news.yahoo.co.jp/articles/9a1d958aac9134c5f7722177802e194963192e4e,1/30(‰Î) 16:55
cbc,CBCƒeƒŒƒr,"ƒhƒ‰ƒSƒ“ƒY–ö—T–ç“ŠŽè‚ª""Œ¶‚Ìƒm[ƒqƒbƒgƒm[ƒ‰ƒ“""‚ðŒê‚é@•Ÿ‰i—TŠîAÎìV–í‚É–ÒƒcƒbƒRƒ~I",https://news.yahoo.co.jp/articles/37b57dc7e84dc7a877893ee3dcfd09099e5a374a,1/30(‰Î) 16:50
cbc,CBCƒeƒŒƒr,‰ÆŽ–‚ÌŽž’Z‚ÉH–¡‚ÍHŽqˆç‚Ä’†‚ÌƒAƒiƒEƒ“ƒT[‚ªuŽ©“®’²—‰Æ“dv‚ðw“ü‚µ‚ÄŽŽ‚µ‚Ä‚Ý‚½I,https://news.yahoo.co.jp/articles/e0d70524eb8062dfe4a82fd1e4bb65c06912c62f,1/30(‰Î) 16:40
cbc,CBCƒeƒŒƒr,ƒgƒˆƒ^@ƒOƒ‹[ƒvŠeŽÐ‚Ì‘ŠŽŸ‚®•s³‚Åu‘n‹Æ‚ÌŒ´“_‚ðŒ©Ž¸‚Á‚Ä‚¢‚év‚Æ–L“cÍ’j‰ï’·‚ªŽÓß uƒ‰ƒ“ƒhƒNƒ‹[ƒU[v‚âuƒnƒCƒG[ƒXv‚È‚Ç10ŽÔŽí‚Ìo‰×ƒXƒgƒbƒv,https://news.yahoo.co.jp/articles/7fdb1375e7b1a3bbf720584ecbfb57a75ed764f3,1/30(‰Î) 16:23
cbc,CBCƒeƒŒƒr,¶‘NH•i‚ªŒƒˆÀIƒX[ƒp[ƒ}[ƒPƒbƒguƒ^ƒ`ƒ„v‹Á‚«‚ÌƒRƒXƒp‚Æ‘N“x‚Ì”é–§‚Æ‚ÍH,https://news.yahoo.co.jp/articles/3c45de15844ab7cc4ef2e1188f98bfedb56075ce,1/30(‰Î) 11:46
cbc,CBCƒeƒŒƒr,ƒgƒˆƒ^@2023”N‚Ì¢ŠE”Ì”„‘ä”‚ª4”N˜A‘±‚Ì¢ŠEˆê@ƒOƒ‹[ƒv‘S‘Ì‚Å1123–œ‘ä,https://news.yahoo.co.jp/articles/568f2ad6ee976f63bb45e43c52bfa72b69a05663,1/30(‰Î) 11:32
cbc,CBCƒeƒŒƒr,ˆÙ—á‚Ã‚­‚ß‚Ìˆ¤’mE–L“cŽs’·‘I@Ž©–¯Œn‰ï”h‚Æ˜J‘gŒn‰ï”h‚Ìg‘Šæ‚èh•ö‚ê‚é@Œ»E‚ÆVl‚Ìˆê‹R‘Å‚¿‚É,https://news.yahoo.co.jp/articles/5cb3ddb43b4ccad0ca05825ccf6cf3cd8695aa0a,1/30(‰Î) 11:12
cbc,CBCƒeƒŒƒr,"u•¶’Êv‚ÌŒoŒ±‚ ‚è‚Ü‚·‚©HSNSƒ[ƒ‹‚È‚«Žž‘ã‚Ì""‰—ö""‚ðÊ‚Á‚½ŽèŽ†‚Ö‚Ìˆ£D",https://news.yahoo.co.jp/articles/c1f598a3f08e8cde67011209adb40156170e8b16,1/30(‰Î) 10:40
cbc,CBCƒeƒŒƒr,u•¨‰¿ã¸‚ðã‰ñ‚é’Àã‚°‚ðv˜A‡ŽOd@‚±‚Æ‚µ‚Ìt“¬‚Å5“ˆÈã‚Ì’Àã‚°—v‹•ûj,https://news.yahoo.co.jp/articles/5c2ada00e021967aceb9b10ff7a13e1c47156fdf,1/30(‰Î) 4:38
cbc,CBCƒeƒŒƒr,uŒx”õ‚ ‚Ü‚¢v‚Ì•¶Žš‚âŠ¿Žš‚Ìl–¼@–¼ŒÃ‰®é‚Ì³–å‚É‰s—˜‚È‚à‚Ì‚Å•Ç‚ðí‚Á‚½—Ž‘‚«@Žs‚Í”íŠQ“Í‚ð’ño‚·‚é•ûj,https://news.yahoo.co.jp/articles/b82a46d8e4dcf50ff87e320c8da99601abc03478,1/29(ŒŽ) 18:46
cbc,CBCƒeƒŒƒr,ŽÔ‚¢‚·ƒeƒjƒXƒvƒŒ[ƒ„[E¬“cŠMl‘IŽèi17j  ƒeƒjƒX‚Ì4‘å‘å‰ïg‘S‹ƒI[ƒvƒ“h‚Å—DŸ,https://news.yahoo.co.jp/articles/f1864475bcf69632e084b0a17814723276967269,1/29(ŒŽ) 18:24
cbc,CBCƒeƒŒƒr,‹ÁˆÙ‚Ì‘Å—¦6Š„ ƒ‚ƒCƒZƒGƒtEƒjƒL[ƒ^‘IŽè‚¾‚¯‚¶‚á‚È‚¢   g‘Sˆõ–ì‹…h‚ÅŸ‚¿‚ð‚à‚¬Žæ‚é!  ƒZƒ“ƒoƒcoê‚Ìˆ¤’mE–Lì‚Z,https://news.yahoo.co.jp/articles/2f929b482d8902cd7c54bccf680a10e1efa57a73,1/29(ŒŽ) 18:04
cbc,CBCƒeƒŒƒr,ƒvƒƒoƒXƒPƒbƒgƒ{[ƒ‹uBƒŠ[ƒOv‚ÌŽŽ‡’†‚É“ìŠCƒgƒ‰ƒt‹‘å’nk‚Ì”­¶‚ð‘z’è‚µ‚½ŒP—û@‘IŽè‚ÆŠÏ‹q1300l‚ªŽQ‰Á@gŽG“¥Ž–ŒÌh‚È‚Ç‚Ì“ñŽŸÐŠQ‚ð–h‚®,https://news.yahoo.co.jp/articles/9197243285cb27833444264fbb64bbf898471223,1/29(ŒŽ) 17:57
cbc,CBCƒeƒŒƒr,“ú–{ŠC‰ˆ‚¢‚Ì‹Œ‘“¹7†‚É–°‚é3˜Aè©“¹@ŽRŒ`‚Ì–„‚à‚ê‚½u–ûŒËè©“¹v‚à,https://news.yahoo.co.jp/articles/ef87260bab6fa308958e34b055ba2c2f65e59931,1/29(ŒŽ) 17:50
cbc,CBCƒeƒŒƒr,u•œ‹»‚ÉŒü‚¯‚Ä‚Ì‘æˆê•àv “~‚Í’g‚©‚­‰Ä‚Í—Á‚µ‚¢gƒCƒ“ƒXƒ^ƒ“ƒgƒnƒEƒXh @”\“o”¼“‡’nk‚Ì”íÐ’n‚ÅÝ’uˆË—Š‚ªŽŸX‚É“Í‚­,https://news.yahoo.co.jp/articles/830973f3fa00f7b482351baa216471c22c3c8413,1/29(ŒŽ) 17:19
cbc,CBCƒeƒŒƒr,’†“cãÄA“ŠŽè‚Ìª”öA“ñ—VŠÔ‚Í’NH—§˜Qƒhƒ‰ƒSƒ“ƒYt‹GƒLƒƒƒ“ƒv‚Ì’–Ú‚ÍƒRƒŒ‚¾,https://news.yahoo.co.jp/articles/6b5ca26a0277e064af6428c6e14d20418591f771,1/29(ŒŽ) 16:50
cbc,CBCƒeƒŒƒr,“¡ˆä‘‘¾”ªŠ¥i21j‚Ì‘Î‹Ç‚ÅŽg‚í‚ê‚½‹î‚Íg‚ ‚él‚ÌŽ„•¨h@‹î‚Ì’l’i‚Í u•ŸàV—@‹g‚³‚ñ‰½l?v‚ÌŽ¿–â‚Éu100l‚Í‚¢‚È‚¢‚¯‚ÇA”\l‚æ‚è‚Íãv,https://news.yahoo.co.jp/articles/d4a9e5c3523ecb3d811fb948a5584304fe586db0,1/29(ŒŽ) 16:21
cbc,CBCƒeƒŒƒr,“¡ˆä‘‘¾”ªŠ¥i21j  ŸŽÒ‚Ì‹L”OŽB‰e‚Í“ª‚Éƒwƒbƒhƒ‰ƒCƒg‚ð‚Â‚¯‚Äg’TŒŸ‰Æh‚É@‰¤«í3˜A”e‚É‰¤Žè‚ð‚©‚¯‚é,https://news.yahoo.co.jp/articles/4c71c30deb521cd449a159e7ff9bb9cb84f98f8e,1/29(ŒŽ) 15:54
cbc,CBCƒeƒŒƒr,–¼ŒÃ‰®Žs‰ÈŠwŠÙ‚É’u‚©‚ê‚Ä‚¢‚ég”\“o”¼“‡’nk‚Ì•å‹à” h‚©‚ç1–œ‰~ŽD‚ª“‚Ü‚ê‚é@•å‹à” ‚ÍƒƒCƒ„[‚ÅŒÅ’è‚³‚ê“ì‹žù‚ÅŽ{ù,https://news.yahoo.co.jp/articles/f0419339a3f5ecfbfe00143c3b13134b910473b7,1/29(ŒŽ) 15:12
cbc,CBCƒeƒŒƒr,"""–³ŒÀ‚ÉH‚×‚ç‚ê‚é""â•iƒLƒƒƒxƒc‚ÌŠÈ’P—¿—‚Æ‚ÍHCBCŽá‹·ƒAƒi‚ªˆ­”ü”¼“‡‚©‚çƒuƒ‰ƒ“ƒh–ìØuítƒLƒƒƒxƒcv‚ðÐ‰îI",https://news.yahoo.co.jp/articles/1c72d6f169f14e4a7fbc01c7a65410fb4c60cac2,1/29(ŒŽ) 12:50
cbc,CBCƒeƒŒƒr,‘S‘‰@ˆ¤’mŒ§‚Æ¼ŽO‰Í‚ÌŽ©Ž¡‘Ì‚ª˜AŒg‚µgã‰º…“¹‚Ìˆê–{‰»h‚Ö  u…“¹—¿‹à‚Ì‚“«v‚È‚Ç‰Û‘è‰ðŒˆ‚È‚é‚©,https://news.yahoo.co.jp/articles/362655ba175b221f106c2a08e5adf8932d93bfd3,1/29(ŒŽ) 12:01
cbc,CBCƒeƒŒƒr,uATMƒR[ƒi[‚Ös‚«’S“–ŽÒ‚É“d˜b‚µ‚Ä‚­‚¾‚³‚¢v70‘ã’j«‚ª235–œ‰~‚¾‚Ü‚µŽæ‚ç‚ê‚éŠÒ•t‹à¼‹\@Žs–ðŠEˆõ‚ð–¼æ‚é’j‚©‚ç“d˜b@ŒxŽ@‚ª’ˆÓŒÄ‚Ñ‚©‚¯,https://news.yahoo.co.jp/articles/d7321e63645bcc7e0127da27831d0aa8ec136080,1/29(ŒŽ) 11:14
cbc,CBCƒeƒŒƒr,u—D‚µ‚¢Žv‚¢ovu–åov‚Ì‰ÔŒ¾—t‚Å’m‚ç‚ê‚égƒXƒC[ƒgƒs[h@‘²‹ÆƒV[ƒYƒ“‚ÉŒü‚¯‚ÄŽù—v‚ª‚‚Ü‚é,https://news.yahoo.co.jp/articles/d267b50db2bb9b9166811c2f7eda2c8214724e23,1/29(ŒŽ) 11:08
cbc,CBCƒeƒŒƒr,u“®‰æ‚ÅŽB‚ç‚È‚¢‚ÆŽ¸”s‚·‚évˆÙŽŸŒ³‚Ì‘¬‚³@ Žž‘¬500ƒLƒ‚ð’´‚¦‚éuƒŠƒjƒA’†‰›VŠ²üv‚ÌÅ‘Oü‚Éö“ü,https://news.yahoo.co.jp/articles/b617c3e0165713d11583ad3298b6f0fd095cf5d7,1/29(ŒŽ) 3:32
cbc,CBCƒeƒŒƒr,“¡ˆä‘‘¾”ªŠ¥‚ª‰¤«í‘æ3‹Ç‚ÉŸ—˜@u‰¤«í3˜A”ev‚ÆŽjãÅ‘½uƒ^ƒCƒgƒ‹í20˜A”ev‚É‰¤Žè,https://news.yahoo.co.jp/articles/25295417e5583ca1bf9ff3445689381a81bab48a,1/28(“ú) 18:59
cbc,CBCƒeƒŒƒr,Ž©–¯Œn‚Æƒgƒˆƒ^˜J‘gŒn‚ªu‘Šæ‚è‚¹‚¸vˆê‹R‘Å‚¿‚Éc’·”N‚ÌŠµ—á•ö‚ê‚é ˆ¤’mE–L“cŽs’·‘I‚ªŽ¦,https://news.yahoo.co.jp/articles/836fc8ea266d814dc9e746a3ee08f6fbfd3d9b8e,1/28(“ú) 18:51
cbc,CBCƒeƒŒƒr,ˆê”N‚ÌŒ’N‚âK‚¹‹F‚éu“¤‚Ü‚«Õv@‰ªèŽs‚Ìˆê”¨ŽR–òŽtŽ›,https://news.yahoo.co.jp/articles/08d82935d49b9b6ccb3dfcf345dd3cc69d94e5a4,1/28(“ú) 18:46
cbc,CBCƒeƒŒƒr,u‚³‚ñ‚ÜÕ‚èv4”N‚Ô‚è‚É•œŠˆ@ŠÛŠ±‚µ1000–{‚ð–³—¿‚ÅU‚é•‘‚¤@ŽOdEŒF–ìŽs,https://news.yahoo.co.jp/articles/1ee092795f7c50766e74861afdaad095fba3a8b1,1/28(“ú) 18:46
cbc,CBCƒeƒŒƒr,“¡ˆä‘‘¾”ªŠ¥‚ª‰¤«í‘æ3‹Ç‚ÉŸ—˜@ŽjãÅ‘½‚Ìƒ^ƒCƒgƒ‹20˜A”e‚É‰¤Žè‚ð‚©‚¯‚é@‘æ4‹Ç‚Í2ŒŽ7“ú‚©‚ç“Œ‹ž‚Å,https://news.yahoo.co.jp/articles/5b70e6ba276de253ac7df6aeeccd0f6fd249b8aa,1/28(“ú) 17:32
cbc,CBCƒeƒŒƒr,Œyæ—pŽÔ‚ªŠC‚É“]—Ž@’Þ‚è‚É—ˆ‚Ä‚¢‚½33Î’j«‚ªŽ€–S@ŽOdE—éŽ­Žs,https://news.yahoo.co.jp/articles/cebb949efd26261bf907262eb2f08af833bf6336,1/28(“ú) 14:36
cbc,CBCƒeƒŒƒr,ˆ¤’mŒ§“à2‹@–Ú‚ÌƒhƒNƒ^[ƒwƒŠ”z”õ@“¡“cˆã‰È‘åŠw•a‰@‚Å‰^qŠJŽnŽ®@‚·‚Å‚É”\“o”¼“‡’nk‚ÌŽx‰‡‚ÅÎìŒ§‚É”hŒ­,https://news.yahoo.co.jp/articles/93b1e214ff2463c06fe0aede0f98676b7959eb78,1/28(“ú) 12:46
cbc,CBCƒeƒŒƒr,ƒrƒ‹‚Ì’Ê˜H‚ÉŠz‚©‚çŒŒ‚ð—¬‚µ“|‚ê‚Ä‚¢‚éŠO‘l’j«@ŽEl–¢‹Ž–Œ‚Æ‚Ý‚Ä‘{¸@–¼ŒÃ‰®E’†‹æ,https://news.yahoo.co.jp/articles/18c1e695c0728c0dbb82108e253489518eb420c1,1/28(“ú) 12:44
cbc,CBCƒeƒŒƒr,"¡’–Úu˜’Év‚ÌŒ´ˆöH""ƒYƒ{ƒ‰‹Ø""c˜’É—\–hE‰ü‘PIŠÈ’Pƒ`ƒFƒbƒN‚ÆƒGƒNƒTƒTƒCƒY",https://news.yahoo.co.jp/articles/609f814e81c3661d525f825490a6573a8ca319cc,1/28(“ú) 7:10
cbc,CBCƒeƒŒƒr,ƒXƒ^ƒbƒhƒŒƒXƒ^ƒCƒ„‚Å‚à–û’f‹Ö•¨@‘åá‚ÌŒð’Êƒgƒ‰ƒuƒ‹—v¿‚É‹ì‚¯‚Â‚¯‚éƒ[ƒhƒT[ƒrƒXJAF@ŽáŽèEˆõ‚Ì1“ú‚É–§’…,https://news.yahoo.co.jp/articles/106a8712d3f75af78d11795542f0f3cbca55b650,1/28(“ú) 7:02
cbc,CBCƒeƒŒƒr,‘ål‹CƒpƒeƒBƒVƒGuƒVƒFEƒVƒoƒ^vŽÄ“c•ƒVƒFƒt‚Ì–£—Í‚É”—‚éI \‘z1”NuƒAƒ€[ƒ‹Eƒfƒ…EƒVƒ‡ƒRƒ‰v‚ÌVìƒXƒC[ƒc‚Æ‚ÍIH,https://news.yahoo.co.jp/articles/cdb30cfbbb75ca5a961689467a8ceee33e0f6be2,1/28(“ú) 6:50
cbc,CBCƒeƒŒƒr,Ž©–¯“}ˆ¤’mŒ§˜A‚ÌŽ·s•”‰ïŠJÃ@M—Š‰ñ•œ‚ÖŒü‚¯‹c˜_@­ôŠˆ“®”ï‚ÍŒð•t‹à‚Æ‚µ‚ÄU‚èž‚Ý‹LÚ‚·‚é‰^—p‚É,https://news.yahoo.co.jp/articles/36c431763dc091a8ff7086de4721a2fd88ea78e7,1/27(“y) 18:42
cbc,CBCƒeƒŒƒr,ƒ}ƒAƒiƒS‚ÌŒb•ûŠª‚«‚ð“WŽ¦@‹·‚¢“›ó‚Ì‰B‚ê‰Æ‚ðD‚ÞK«‚ð—˜—p@ˆ¤’mE•É“ìŽs‚Ì…‘°ŠÙ,https://news.yahoo.co.jp/articles/94d088bbb9eb08707b7e7cb993f2fd2d20970dc1,1/27(“y) 18:39
cbc,CBCƒeƒŒƒr,“ú‚²‚ë‚©‚ç’nk‚Ì”õ‚¦‚ð–œ‘S‚É@ƒVƒ‡ƒbƒsƒ“ƒOŽ{Ý‚Å”ð“ïŒP—ûŽÀŽ{,https://news.yahoo.co.jp/articles/73a16c8e10967b7f3a7fc39db2f9a993c81bfcfb,1/27(“y) 12:24
cbc,CBCƒeƒŒƒr,ƒAƒ€[ƒ‹Eƒfƒ…EƒVƒ‡ƒRƒ‰‚Éo“X‚ÌƒVƒFƒtlˆÄƒŒƒVƒs@‚¨³ŒŽ‚É—]‚Á‚½‚¨–Ý‚Åì‚éŠÈ’Puƒ‚ƒ`ƒ‚ƒ`¶ƒ`ƒ‡ƒRv,https://news.yahoo.co.jp/articles/5b8d49581d3530c673df1bc6d041126c79eba55c,1/27(“y) 7:32
cbc,CBCƒeƒŒƒr,"u‘z‘œ‚ðâ‚·‚é”ð“ïŠ¶Šˆ‚¾‚Á‚½cv ŒÇ—§ó‘Ô‚ð‹­‚¢‚ç‚ê‚é“úX “Œ“ú–{‘åkÐ‚Ì”íÐŒoŒ±ŽÒ‚©‚çŠw‚Ô""”õ‚¦""‚Æ‚Í",https://news.yahoo.co.jp/articles/196ef1a1d2008afc967c99eaeb67bb54ffaef091,1/27(“y) 7:05
cbc,CBCƒeƒŒƒr,‚¨³ŒŽ‚É—]‚Á‚½‚¨–Ý‚Å’´ŠÈ’Pu–ÝƒXƒC[ƒcv Þ—¿3‚Â‚Ågƒgƒ‹ƒRƒAƒCƒX•—h@ƒAƒ€[ƒ‹Eƒfƒ…EƒVƒ‡ƒRƒ‰o“X’†‚ÌƒVƒFƒt‚É•·‚­,https://news.yahoo.co.jp/articles/cbac071126d75ee9f49bc49094cf5cd19fa6f4da,1/27(“y) 7:02
cbc,CBCƒeƒŒƒr,‘“¹7†‚Ì‹Œ“¹‚©‚ç—ðŽj‚ðŠ´‚¶‚éI“ú–{ŠC‰ˆ‚¢‚ÉŽc‚éVŠƒEŽRŒ`‚Ì‹Œ“¹‚ð„‚é—·,https://news.yahoo.co.jp/articles/76e778357807dabe3cc0069af74c8f64fc4ffc25,1/27(“y) 6:50
cbc,CBCƒeƒŒƒr,1ŒŽ31“ú ‚©‚çu‚‰·v ¡‹GÅ‹­Š¦”g‚ÌŽŸ‚Ícg10”N‚Éˆê“xƒŒƒxƒ‹‚Ì‚‰·ŒXŒüh@ƒXƒM‰Ô•²‚Ì”òŽU‚â÷‚ÌŠJ‰Ô‚à‘‚Ü‚é—\‘z,https://news.yahoo.co.jp/articles/68a851e8e3f12a412ad16ffb24cc2d581f53f1dd,1/27(“y) 6:32
cbc,CBCƒeƒŒƒr,uŽ©–¯“}Œ‹“}ˆÈ—ˆg”h”´h‚Ì‚È‚¢Žž‘ã‚Í‚È‚¢vu•×‹­‰ï‚â­ôW’c‚Æ‚µ‚Ä‘¶‘±‚µ‚Ä‚¢‚­‚¾‚ë‚¤v ­Ž¡‚ÌŽ¯ŽÒ‚É•·‚¢‚½,https://news.yahoo.co.jp/articles/d288a85d991d8703475ad259e3553fbe9c61a0e1,1/27(“y) 6:02
cbc,CBCƒeƒŒƒr,t‚ÌƒZƒ“ƒoƒcoêZŒˆ’è@“ŒŠC‚Í–Lìiˆ¤’mj ‰FŽ¡ŽR“ciŽOdj ˆ¤H‘å–¼“diˆ¤’mj,https://news.yahoo.co.jp/articles/92635054ade734e4be7045b352588239e14e640c,1/26(‹à) 22:02
cbc,CBCƒeƒŒƒr,ŠúŒÀØ‚ê‚ÌVŒ^ƒRƒƒiƒƒNƒ`ƒ“@40‘ã`90‘ã‚Ì’j—80l‚ÉŒë‚Á‚ÄÚŽí@‹Ž”N12ŒŽ‚Éˆ¤’mE–LìŽs‚Ìˆã—Ã‹@ŠÖ,https://news.yahoo.co.jp/articles/14578b0eaa0060739835444274b53e5541c2840f,1/26(‹à) 21:32
cbc,CBCƒeƒŒƒr,™‰Y—I‘¾‘IŽèi22juÏ‹É“I‚ÉU‚ß‚Ä‚¢‚­ƒSƒ‹ƒt‚ª•Šív ƒ_ƒ“ƒƒbƒvƒtƒFƒjƒbƒNƒXƒg[ƒiƒƒ“ƒg‚ÅƒAƒ}ƒ`ƒ…ƒA—DŸ@’nŒ³’mŽ–‚ð•\Œh–K–â,https://news.yahoo.co.jp/articles/09c5e0f0ae1e3199226da7fb7085e57cba295720,1/26(‹à) 21:28
cbc,CBCƒeƒŒƒr,u•¶‰»à–h‰Îƒf[v‚É‡‚í‚¹”M“c_‹{‚ÅÁ‰ÎŒP—û@75”N‘O‚É‹N‚«‚½“Þ—Ç‚Ì–@—²Ž›‰ÎÐ‚ð‚«‚Á‚©‚¯‚É§’è,https://news.yahoo.co.jp/articles/d60c5d42825fcbc2f4d63c5f569f8d5edbdacbf7,1/26(‹à) 21:12
cbc,CBCƒeƒŒƒr,ŽpŒ»‚³‚¸‚Æ‚à‘‰ï‚Ì‹cê‚É‚Í¡‚à–¼ŽD‚ªc    “Œ‹ž’nŒŸ“Á‘{•”    O‹c‰@‹cˆõ’r“c‰À—²”í‚ç‚ð‹N‘i@­Ž¡Ž‘‹à‹K³–@ˆá”½‚Ìß,https://news.yahoo.co.jp/articles/9a1896d76d618ff6ecb8a92b964dd57cfc62a5dd,1/26(‹à) 21:06
cbc,CBCƒeƒŒƒr,—é–Ø‰pŒhO‰@‹cˆõ‚ð‘—Þ‘—ŒŸ@‘ã•\–±‚ß‚éŽ©–¯“}Žx•”@‘‚ÌŒö‹¤HŽ–‚ðŽó’‚·‚é13‚ÌŒšÝ‰ïŽÐ‚©‚ç–ñ1000–œ‰~‚ÌŠñ•t‚ðŽó‚¯‚½‚©,https://news.yahoo.co.jp/articles/db62b794ed33c07b1eb3b8b19e63ad8637045993,1/26(‹à) 19:02
cbc,CBCƒeƒŒƒr,ŒãŠú‚—îŽÒˆã—Ã•ÛŒ¯—¿‚â‰îŒì•ÛŒ¯—¿‚ÌŠÒ•t‹à@‘Šz–ñ720–œ‰~‚ªŽx•¥‚í‚ê‚¸@Ž––±Žè‘±‚«‚Ìƒ~ƒX‚Å’Ê’m‘‚ð‘—‚Á‚Ä‚¢‚È‚©‚Á‚½@–¼ŒÃ‰®Žs,https://news.yahoo.co.jp/articles/8b70c5e589206c1b90393722250adf912068ff86,1/26(‹à) 18:46
cbc,CBCƒeƒŒƒr,“ú–{‚Íuw–hÐ‘å‘x‚ÆŒ¾‚í‚ê‚½‚±‚Æ‚Í‚ ‚è‚Ü‚·‚©?v Žs–ðŠEˆõ‚ª–hÐƒAƒvƒŠ‚ðì‚è‘±‚¯‚é——R@‚«‚Á‚©‚¯‚Í“Œ“ú–{‘åkÐ,https://news.yahoo.co.jp/articles/a18ee650a6f7b60595d52b608d37f7dcd7fa26b5,1/26(‹à) 18:42
cbc,CBCƒeƒŒƒr,u1“ú‚Å‚àA­‚µ‚Å‚à‘‚­o‚Ä‚­‚ê‚Îcv  ¡‚àˆÀ”Û•s–¾‚Ì’í@“y»•ö‚ê‚Å•ê‰®‚Æ”[‰®‚Í‚Î‚ç‚Î‚ç‚É@”\“o”¼“‡’nk,https://news.yahoo.co.jp/articles/12ed05570da5c748d2e55d56f5a0d79f25d8a22b,1/26(‹à) 18:36
cbc,CBCƒeƒŒƒr,–¼ŒÃ‰®‚ªŒÖ‚é“ú–{Å‘å‹‰‚Ìƒ`ƒ‡ƒR‚ÌÕ“TuƒAƒ€[ƒ‹EƒhƒDEƒVƒ‡ƒRƒ‰vI¡”N‚Ì„‚µƒ`ƒ‡ƒR‚ðŽÀHƒŒƒ|[ƒg,https://news.yahoo.co.jp/articles/c6ce56a90098d9d0b4449c9ce3f7e097dbfc27cc,1/26(‹à) 17:00
cbc,CBCƒeƒŒƒr,u•ÛŒ’Žt‚ÍŒ©‚é‚©‚ç‚É”æ‚ê‚Ä‚¢‚é‚ª•KŽ€‚ÉŠæ’£‚Á‚Ä‚¢‚év”\“o”¼“‡’nk@”íÐŽÒ‚ÌS‚ÌƒPƒA‚ðs‚Á‚½ˆãŽt‚ç‚ª•ñ,https://news.yahoo.co.jp/articles/c1b163d08b2b5d1dcbcb482667e6856ff5f4d2d8,1/26(‹à) 12:12
cbc,CBCƒeƒŒƒr,u–@—ß‚É’ïG‚·‚é‚à‚Ì‚Å‚È‚¢cv—é–Ø‰pŒhO‰@‹cˆõi49j‚ðŒöE‘I‹“–@ˆá”½‚Ì‹^‚¢‚Å‘—Þ‘—ŒŸ@‘ã•\–±‚ß‚éŽ©–¯Žx•”‚ª‘‚ÌHŽ–Žó’‚·‚é13Šé‹Æ‚©‚çŒv1060–œ‰~‚ÌŠñ•tŽó‚¯‚½‚©,https://news.yahoo.co.jp/articles/5dbf5c828c7cb2a1412a84abc7c8cfe9452c6352,1/26(‹à) 11:42
cbc,CBCƒeƒŒƒr,ŽO•HdH@‘ŽY—·‹q‹@uƒXƒy[ƒXƒWƒFƒbƒgv‚Ì‘g‚Ý—§‚Ä—p‚ÉŽæ“¾‚Ì—p’n@gq‹ó‹@‚ÌŒ¤‹†‹’“_h‚Æ‚µ‚ÄŠˆ—p‚·‚é\¿@ˆ¤’mŒ§‚ª—¹³,https://news.yahoo.co.jp/articles/9fbee228da84d48970604585ed960b7fdbd92f78,1/26(‹à) 11:24
cbc,CBCƒeƒŒƒr,”¼¢‹I‚Ô‚èIƒuƒƒbƒRƒŠ[‚ªuŽw’è–ìØv‚Ì’‡ŠÔ“ü‚è...H—¿Ž©‹‹—¦‚Ìd—v«‚ðl‚¦‚é,https://news.yahoo.co.jp/articles/29ed10594989f21881a20e55f9ee55a3ce17474c,1/26(‹à) 6:50
cbc,CBCƒeƒŒƒr,ƒhƒ‰ƒSƒ“ƒYOBr–Ø‰ë”Ž‚³‚ñ uŽç”õˆÈŠO‚â‚Á‚½‚±‚Æ‚Í‚ ‚è‚Ü‚·‚©?v  ¬Šw¶‚©‚ç‚Ì‘f–p‚ÈŽ¿–â‚Éc,https://news.yahoo.co.jp/articles/ba61d2f18f4e74fe398163ef74b6036a073a6cd3,1/25(–Ø) 20:21
cbc,CBCƒeƒŒƒr,ug•¨—¬‚Ì‘å“®–¬h‚ðŽ~‚ß‚é‚±‚Æ‚ðçSçO‚µ‚½cv ‚»‚Ì‚Æ‚«ƒhƒJá‚ª@‹Ž”N‚Ìg28ŽžŠÔ—§‚¿‰¶h‚Ì”½È‚Í‚È‚º¶‚©‚³‚ê‚È‚©‚Á‚½‚Ì‚©,https://news.yahoo.co.jp/articles/3f43747777222756af2d3f0af491e648ab5e2cf2,1/25(–Ø) 20:02
cbc,CBCƒeƒŒƒr,yŒð’Êî•ñz“ŒŠCŠÂó“¹@‘å–ì_ŒËIC`—{˜VIC@“àŠO‰ñ‚èü‚Ì’ÊsŽ~‚ß‚Í‰ðœ@i25“úŒßŒã7Žž30•ªŒ»Ýj,https://news.yahoo.co.jp/articles/40f500ad2faa89c5726651cd32308b1f91910198,1/25(–Ø) 19:57
cbc,CBCƒeƒŒƒr,¡‹GÅ‹­Š¦”g‚ÌŒã‚Íg10”N‚Éˆê“x‚Ì‚‰·ŒXŒüh@Š¦‚³‚ªˆê‹C‚ÉŠÉ‚Þ‚½‚ßÏá‘½‚¢’nˆæ‚Í‚È‚¾‚ê‚É’ˆÓ‚ð@ƒXƒM‰Ô•²‚Ì”òŽUŠJŽnŽžŠú‚Í—á”N‚æ‚è1TŠÔ`10“ú‚Ù‚Ç‘‚¢,https://news.yahoo.co.jp/articles/781f2600655c8fd2f11ea371ea0c0ce506408d92,1/25(–Ø) 19:53
cbc,CBCƒeƒŒƒr,yŒð’Êî•ñz–¼_‚‘¬@Šò•Œ‰H“‡IC`ŒI“ŒŒÎ“ìIC@ã‰ºü‚Ì’ÊsŽ~‚ß‚Í‰ðœ@i25“úŒßŒã7Žž30•ªŒ»Ýj,https://news.yahoo.co.jp/articles/be6130ca67c736949229ca3c92ffa3c56aac9e19,1/25(–Ø) 19:48
cbc,CBCƒeƒŒƒr,–¼_‚‘¬@Šò•Œ‰H“‡IC`ŒI“ŒŒÎ“ìICiã‰ºüj‚Å’ÊsŽ~‚ß‰ðœ@á‚ÅˆêŽž5ƒLƒˆÈã—§‚¿‰¶‚ª”­¶,https://news.yahoo.co.jp/articles/d6081a02ab62327ae5183955dccdd4f601b32d72,1/25(–Ø) 19:40
cbc,CBCƒeƒŒƒr,Œ³ƒhƒ‰ƒSƒ“ƒY‚Ìr–Ø‰ë”Ž‚³‚ñ‚ªˆê“úŒxŽ@’·‚É@¬Šw¶‚ÉSNS‚Å‚Ìƒgƒ‰ƒuƒ‹‚ð–h‚®’ˆÓ“_‚ðŒÄ‚ÑŠ|‚¯,https://news.yahoo.co.jp/articles/ac909c6d73279c48f96cb642290455cacc57a92b,1/25(–Ø) 19:09
cbc,CBCƒeƒŒƒr,—§‚¿‰¶‚µ‚½‰^“]Žèu—\•ñ‚ÌŠm”FAH—¿‚â–hŠ¦’…‚ð”õ‚¦‚é‚×‚«v –¼_‚‘¬‚Å‚È‚ºa‘Ø‹N‚«‚½?@ê–å‰Æ‚É•·‚¢‚½ u‘åá‚É‚È‚è‚»‚¤‚È‚çŽ~‚ß‚é—\–h‘[’u‚à‘åŽ–v,https://news.yahoo.co.jp/articles/5625ba0480065cd9f1c0ffe764c2cfee560c8aff,1/25(–Ø) 19:06
cbc,CBCƒeƒŒƒr,u”\“o”¼“‡’nk‚Ì‰Û‘è‚ð“¥‚Ü‚¦‚Ä‘Î‰žv@“ìŠCƒgƒ‰ƒt‹‘å’nk‚ð‘z’è‚µ‚ÄEˆõ‚ªŒP—û@ˆ¤’mE–L‹´Žs,https://news.yahoo.co.jp/articles/20b06f874629a8609d5ff9113fe392ec45971aa4,1/25(–Ø) 18:12
cbc,CBCƒeƒŒƒr,u‚ ‚ A‚â‚Á‚Æ‰Æ‚É‹A‚ê‚év14ŽžŠÔˆÈã—§‚¿‰¶‚µ‚½ŽÔ‚Ì‰^“]Žè@—§‚¿‰¶‚Í‚È‚º‹N‚«‚é?  ga‘ØŠwh‚Ìê–å‰Æ‚É•·‚¢‚½,https://news.yahoo.co.jp/articles/84fc3b2286c98716f8d918f1e6d06a5521b1e420,1/25(–Ø) 18:06
cbc,CBCƒeƒŒƒr,ƒX[ƒvƒWƒƒ[‚Ì”MX‚ð•Û‚ÂƒRƒc‚Á‚ÄH ‚¢‚«‚È‚è‹ïÞ‚ð“ü‚ê‚Ä‚Íƒ_ƒIH —¿—Œ¤‹†‰ÆƒIƒXƒXƒ‚Ì”MXƒŒƒVƒs‚à‚²Ð‰îI,https://news.yahoo.co.jp/articles/e818537f52479a004eab98d904887a010cb84c0a,1/25(–Ø) 17:20
cbc,CBCƒeƒŒƒr,‘‚¦‚éÐŠQŠÖ˜AŽ€...u“ñŽŸ”ð“ïv‚Ì“ï‚µ‚³‚Æ‚ÍH,https://news.yahoo.co.jp/articles/b91688e6d53c703a77ead0d6434462dd3467170e,1/25(–Ø) 16:40
cbc,CBCƒeƒŒƒr,u­‚µl‚¦‚ªŠÃ‚©‚Á‚½cv –¼_‚‘¬‚ÅˆêŽž–ñ770‘ä‚ª—§‚¿‰¶@“ŒŠC3Œ§‚ÌƒXƒŠƒbƒvŽ–ŒÌ‚Í–ñ800Œ,https://news.yahoo.co.jp/articles/66ef151ac370b69d1fff2ca9563a3c9b464c35d8,1/25(–Ø) 16:32
cbc,CBCƒeƒŒƒr,yŒð’Êî•ñ‚Ü‚Æ‚ßz“ŒŠC“¹VŠ²ü á‚Ì‰e‹¿‚ÅÅ‘å40•ª’ö“x‚Ì’x‚ê@–¼_‚‘¬‚Í’ÊsŽ~‚ß‰ðœ‚Ì–Ú“r—§‚½‚¸ iŒßŒã2Žž”¼Œ»Ýj,https://news.yahoo.co.jp/articles/a4df0d7ad8d6faf3e1eced8001e150c5d38222c4,1/25(–Ø) 14:57
cbc,CBCƒeƒŒƒr,yŒð’Êî•ñz“Œ–¼ãŽ©“®ŽÔ“¹@ŠI]IC`ŒK–¼IC@’ÊsŽ~‚ß‰ðœ,https://news.yahoo.co.jp/articles/704cae1033e70269812bd7d0cc82cf783e341e35,1/25(–Ø) 14:41
cbc,CBCƒeƒŒƒr,“ŒŠC“¹VŠ²ü  25“úi–Øj‚ÍI“ú’x‚ê‚ª‚Å‚éŒ©ž‚Ý‚Æ”­•\@‘åá‚Å‚àu‰^“]Œ©‡‚í‚¹v‚É‚È‚ç‚È‚¢”wŒi‚Íg“Á•Ê•”‘àh‚Ì‘¶Ý,https://news.yahoo.co.jp/articles/f2fc4413ca9d3b159564026f1c1cf59c925b3a3a,1/25(–Ø) 12:28
cbc,CBCƒeƒŒƒr,‘åá‚Å˜H–Ê“€Œ‹@ƒXƒŠƒbƒv‚â“]“|‘ŠŽŸ‚¬Šò•Œ‚ÆŽOd‚Å‚ ‚í‚¹‚Ä5l‚¯‚ª@Œð’Ê‚Ö‚Ì‰e‹¿‚É’ˆÓ,https://news.yahoo.co.jp/articles/3703e2f189f90ec8557841f0c617e68295f08285,1/25(–Ø) 12:17
cbc,CBCƒeƒŒƒr,ÀÈ‚Ü‚Åƒyƒbƒg“¯”º‚Å”òs‹@‚Éæ‚ê‚éƒcƒA[@bˆãŽt‚ª“¯s‚µƒvƒƒJƒƒ‰ƒ}ƒ“‚É‚æ‚éŽÊ^ŽB‰e‚à@ƒtƒWƒhƒŠ[ƒ€ƒGƒAƒ‰ƒCƒ“ƒY‚ªŽÀŽ{,https://news.yahoo.co.jp/articles/7e6d37915def53e791605439a6e43fa3fffdc774,1/25(–Ø) 12:02
cbc,CBCƒeƒŒƒr,–¼_‚‘¬‚Å—§‚¿‰¶‚µ‚Ä‚¢‚½–ñ800‘ä‚ÌˆÚ“®‚ªŠ®—¹@Šò•Œ‰H“‡IC`ŒI“ŒŒÎ“ìIC‚Ì’ÊsŽ~‚ß‚ÍŒp‘±,https://news.yahoo.co.jp/articles/e91f863692e3c309e0391df0b85e49160da1a588,1/25(–Ø) 11:46
cbc,CBCƒeƒŒƒr,yŒð’Êî•ñzá‚Å‰^“]‚ðŒ©‡‚í‚¹‚Ä‚¢‚½ŽOŠò“S“¹E–k¨ü‚ª‰^“]ÄŠJ,https://news.yahoo.co.jp/articles/64316dad9e38528558da85dffbc910b5a6285774,1/25(–Ø) 9:28
cbc,CBCƒeƒŒƒr,yŒð’Êî•ñz800‘ä‹ß‚¢ŽÔ‚Ì—§‚¿‰¶‰ðÁ –¼_‚‘¬ŠÖƒPŒ´IC•t‹ß  ã‚è‰º‚è‚Å25“úŒß‘O4Žž‚Ü‚Å‚É,https://news.yahoo.co.jp/articles/b5dbff23e7d3f12a081d62d8b0a7b8f92936e2c5,1/25(–Ø) 5:51
cbc,CBCƒeƒŒƒr,–¼_‚‘¬‚Å‚Íã‰º‡‚í‚¹‚Ä770‘ä‚ª—§‰¶@Œx•ñ‹‰‚Ì‘åá ˜H–Ê“€Œ‹‚É‚à—vŒx‰úi25“úŒß‘O0ŽžŒ»Ýj,https://news.yahoo.co.jp/articles/43f523b6e2a7de8c32da3876b3cbddf17d0bc635,1/25(–Ø) 5:27
cbc,CBCƒeƒŒƒr,yŒð’Êî•ñzJR“ŒŠC“¹ü@‘åŠ_`ŠÖƒ–Œ´@‰^“]ÄŠJ,https://news.yahoo.co.jp/articles/3437f9f6777b5d85c7550cef152428ed07932172,1/24(…) 21:46
cbc,CBCƒeƒŒƒr,–¼_‚‘¬EŠÖƒ–Œ´IC‚Ì—§‚¿‰¶@1Î‚Æ5Î‚Ì’j‚ÌŽq‚ðŠÜ‚Þ3l‚ð‘Ì’²•s—Ç‚Å”À‘—,https://news.yahoo.co.jp/articles/a896190d04b6ec5311b69950901545773fe89018,1/24(…) 21:38
cbc,CBCƒeƒŒƒr,yŒð’Êî•ñz“ŒŠCŠÂó“¹@‘åˆÀIC`VŽl“úŽsJCT@’ÊsŽ~‚ß,https://news.yahoo.co.jp/articles/7664caf27f933b5d2c679c4214a2c00ef6e313ea,1/24(…) 21:16
cbc,CBCƒeƒŒƒr,yŒð’Êî•ñzV–¼_‚‘¬@Žl“úŽsJCT`‹TŽR¼JCT@’ÊsŽ~‚ß,https://news.yahoo.co.jp/articles/c5cb21823da357bd3332d26060e7b5cafd0ae3b3,1/24(…) 21:12
cbc,CBCƒeƒŒƒr,uHŽ–‚ÍƒAƒ‚ðär‚ß‚Ä‚µ‚Ì‚¢‚Å‚¢‚év —§‚¿‰¶‚Í9ŽžŠÔˆÈã‚Éc@ŒßŒã8Žž‰ß‚¬‚Ä‚àó‹µ•Ï‚í‚ç‚¸ u‚¢‚Â‚Ü‚Å‘Ò‚Ä‚Î‚¢‚¢‚Ìcv –¼_‚‘¬EŠÖƒ–Œ´IC•t‹ß‚Å—§‚¿‰¶‘±‚­,https://news.yahoo.co.jp/articles/d282c2ab1dd438bd8970e8a332da0600430d70f2,1/24(…) 20:57
cbc,CBCƒeƒŒƒr,ŠG‰æ‚â’¤AHŒ|”üp‚È‚Ç–ñ500“_‚Ìì•i‚ð“WŽ¦ u‘æ10‰ñ“ú“W–¼ŒÃ‰®“WvŽn‚Ü‚é@ˆ¤’mŒ§”üpŠÙƒMƒƒƒ‰ƒŠ[,https://news.yahoo.co.jp/articles/425dbf0329b7bc364d4a5db90ce90bece78e966e,1/24(…) 19:51
cbc,CBCƒeƒŒƒr,y‘åáî•ñ@24“ú–ézá‚ÌÅVƒVƒ~ƒ…ƒŒ[ƒVƒ‡ƒ“ 26“ú’©‚Ü‚Å,https://news.yahoo.co.jp/articles/01f3612b8475dd968996eeea39ff52383dc88c44,1/24(…) 19:46
cbc,CBCƒeƒŒƒr,á‚Ì“ú‚ÌVŠ²ü‚ðŽx‚¦‚ég“Á•Ê•”‘àh@”N‚É”‰ñ‚¾‚¯Žg‚í‚ê‚é•”‰®‚Éö“üu‚«‚å‚¤‚Í‰äX‚É‚Æ‚Á‚Ä“Á•Ê‚È“úv,https://news.yahoo.co.jp/articles/907f47a78b05888a39ff09d9f6b3658df949bb34,1/24(…) 19:06
cbc,CBCƒeƒŒƒr,6ŽžŠÔ‚Å43ƒZƒ“ƒ`@ŠÏ‘ªŽjãuÅ‚à‘½‚¢áv‚ª~‚Á‚½Š‚à@¡ƒV[ƒYƒ“ˆê”Ô‚ÌŠ¦”g‚Å“ŒŠC’n•û‚ÌŠe’n‚Å‘åá‚É,https://news.yahoo.co.jp/articles/f5619a2172ebae4f1c0f39fc1b69cc04e945f1f7,1/24(…) 18:14
cbc,CBCƒeƒŒƒr,“~‚Ì–ï‰îŽÒu–Ñ‹Êv‚ª‚Å‚«‚â‚·‚¢‰ÓŠ‚ÍH ‚Å‚«‚½Žž‚Ì‘Îˆ–@‚ÍH —\–h–@‚Æ‘Îô‚ðê–å‰Æ‚ª‰ðàI,https://news.yahoo.co.jp/articles/70b9f6d4a32d913f8379a400aef22170dd964916,1/24(…) 18:06
cbc,CBCƒeƒŒƒr,“ŒŠC“¹VŠ²ü@á‚Ì‚½‚ß25“ú‚à‰^‹xE’x‚ê‚Ì‰Â”\«@JR“ŒŠC,https://news.yahoo.co.jp/articles/d3eb695a9564d9d11fedd6be24a8d952a7ef9600,1/24(…) 17:54
cbc,CBCƒeƒŒƒr,‘S—‡‚ÌŽáŽÒ‚ðg‘ã‚í‚è‚É‚µ‚Ä–ï•¥‚¢IHŽ€‚Ê‚Ù‚Ç‰ß“‚ÅŽQ‰ÁŽÒŒƒŒ¸‚Ìuã–ìŠÔ—‡‚Ü‚¢‚èv‚É’§‚ÞŽáŽÒ‚½‚¿‚É–§’…,https://news.yahoo.co.jp/articles/f083918c5a664f582f9039c82a48b4d5b4231f5a,1/24(…) 17:10
cbc,CBCƒeƒŒƒr,ƒ}ƒaƒ‰ƒuAƒNƒŠƒGƒCƒ^[‚Z¶‚Æo‰ï‚¤I ŒÂ«”h‘µ‚¢‚ÌŠò•ŒŒ§wŠe–±–ì‚Zxî•ñ‰È,https://news.yahoo.co.jp/articles/5b630b501d4bb9d13edcd3bfba50bc218cf1fd14,1/24(…) 17:00
cbc,CBCƒeƒŒƒr,‰Á“¡ˆ¤ƒAƒi‚ªŽOdŒ§ˆÉ¨Žs‰Íè‚Ìˆ¤‚³‚êƒt[ƒhwˆÉ¨‚Ð‚è‚å‚¤‚¸x‚ð’²¸I —û‚è•¨“X‚ªì‚é‚±‚Ô‚µ‘å‚Ìâ•iI‹‘å‚Ð‚è‚å‚¤‚¸,https://news.yahoo.co.jp/articles/c6092190fa572c58bed717838fd9c4a32bbd9ada,1/24(…) 17:00
cbc,CBCƒeƒŒƒr,"‚Ç‚Ì’¬‚É‚àu‰f‰æŠÙv‚ª‚ ‚Á‚½Žž‘ã`""2–{—§‚Ä‚Ì“ü‚ê‘Ö‚¦‚È‚µ""‰ù‚©‚µ‚«•¶‰»‚Ì‹L‰¯",https://news.yahoo.co.jp/articles/3dad2a685ae267d854e64b2eec417af251bd4ae7,1/24(…) 16:50
cbc,CBCƒeƒŒƒr,ŠC‘Û‰®‚ª‹³‚¦‚éIŠC‘Û‚ª‚µ‚¯‚è‚É‚­‚­‚È‚éˆÓŠO‚È•ÛŠÇêŠ‚Æ‚ÍH‚µ‚¯‚Á‚Ä‚µ‚Ü‚Á‚½ê‡‚Ì‘å—ÊÁ”ïƒŒƒVƒs‚à,https://news.yahoo.co.jp/articles/d555746bd1a574d5a9cd363db3d862ab3edbabaa,1/24(…) 16:50
cbc,CBCƒeƒŒƒr,”]‚Í‰½Î‚É‚È‚Á‚Ä‚à¬’·‚Å‚«‚éIHh•¨–Y‚êh‚ð‰ü‘PI”]‚ðŠˆ«‰»‚³‚¹‚é•û–@,https://news.yahoo.co.jp/articles/22d3ebb42148f2dfbebaafb8a54036dd87ad6c46,1/24(…) 16:40
cbc,CBCƒeƒŒƒr,uŒß‘O11Žž‚ÉŽ~‚Ü‚Á‚Ä‚©‚ç1ƒ~ƒŠ‚à“®‚¢‚Ä‚È‚¢v …‚âŠÈˆÕƒgƒCƒŒ‚È‚Ç‚ª”z‚ç‚ê‚é@‘åá‚Å5ƒLƒˆÈã‚É‚í‚½‚Á‚Ä•¡”‚ÌŽÔ‚ª—§‚¿‰¶@–¼_‚‘¬EŠÖƒ–Œ´IC•t‹ß,https://news.yahoo.co.jp/articles/d972141412df92b5031884b46476bbeb6d798933,1/24(…) 15:36
cbc,CBCƒeƒŒƒr,á‚Ì‰e‹¿‚ÅƒXƒŠƒbƒvŽ–ŒÌ‘ŠŽŸ‚®@Šò•ŒŒ§“à‚Å‚Í³Œß‚Ü‚Å‚É244Œ‚ÌŽ–ŒÌ@11l‚ª‚¯‚ª,https://news.yahoo.co.jp/articles/10b39d6d400126f929dba9fb9de43c61828400c7,1/24(…) 14:17
cbc,CBCƒeƒŒƒr,y‘åáî•ñz“ŒŠC’n•û@¡Œã‚Ìá‚Ì—\‘z@•½–ì•”‚Ìá‚Í25“ú’©‚Ü‚Å‚ªƒs[ƒN,https://news.yahoo.co.jp/articles/4fb2e3b1834e973565349ee8ce2f28a240ee2335,1/24(…) 13:48
cbc,CBCƒeƒŒƒr,y‘åáî•ñz“ŒŠC’n•û‚Í25“ú‚É‚©‚¯‚Ä‘åá‚Æ‚È‚éŒ©ž‚Ý @‚±‚Ìæ‚Ìá‚ÌƒVƒ~ƒ…ƒŒ[ƒVƒ‡ƒ“‰æ‘œ@‹CÛ‘ä‚ªŒð’Ê‚Ì—‚ê‚ÉŒx‰ú‚ðŒÄ‚Ñ‚©‚¯,https://news.yahoo.co.jp/articles/24e41b3317596834502030b6b9a2ac42b989c23a,1/24(…) 13:14
cbc,CBCƒeƒŒƒr,á‚Ì‰e‹¿‚ÅƒXƒŠƒbƒvŽ–ŒÌ‘ŠŽŸ‚®@Šò•ŒŒ§“à‚Å‚ÍŒß‘O9Žž‚Ü‚Å‚É166Œ‚ÌŽ–ŒÌ@8l‚ª‚¯‚ª,https://news.yahoo.co.jp/articles/4213dc5f76d25bf2c32a781ba9cb0f22d694368f,1/24(…) 12:51
cbc,CBCƒeƒŒƒr,“ŒŠC“¹VŠ²ü@24“úi…j‚ÍI“ú’x‚ê‚ª‚Å‚éŒ©ž‚Ý‚Æ”­•\@JR“ŒŠC@¡Œã‚Ìó‹µ‚É‚æ‚Á‚Ä‚Í’x‚ê‚ªŠg‘å‚Ì‰Â”\«,https://news.yahoo.co.jp/articles/79bfe0b9dfee07b3d3f58e382f7afd761ab8d02c,1/24(…) 12:51
cbc,CBCƒeƒŒƒr,Z‘î‚Ì•~’n“à‚Åƒ}ƒbƒg‚Ì‰º‚©‚çˆâ‘Ì‚ªŒ©‚Â‚©‚Á‚½Ž–Œ@ˆâ‘Ì‚Í‚±‚Ì‰Æ‚É1l‚ÅZ‚Þ53Î’j«‚Æ”»–¾@ˆ¤’mEˆ¢‹v”ä’¬,https://news.yahoo.co.jp/articles/b58ae4b542a7622f5e75a6fd196d5951e832be32,1/24(…) 12:12
cbc,CBCƒeƒŒƒr,yŒð’Êî•ñ‚Ü‚Æ‚ßz“S“¹E‚‘¬“¹˜HE‹ó‚Ì•Ö‚È‚Ç“ŒŠC3Œ§‚ÌŒð’Êî•ñ@‘åá‚Å‰^“]Œ©‡‚í‚¹‚â’ÊsŽ~‚ß‚àiŒßŒã5Žž30•ªŒ»Ýj,https://news.yahoo.co.jp/articles/850ff46df66e7312157aadc6d4e483455757e203,1/24(…) 11:24
cbc,CBCƒeƒŒƒr,yŒð’Êî•ñzJR“ŒŠC“¹ü@‘åŠ_`”ü”ZÔâ@ã‰ºü@á‚Ì‚½‚ß‰^“]‚ðŒ©‡‚í‚¹,https://news.yahoo.co.jp/articles/f4a1012517845f08cd79520bcc99f1f1c304d7c0,1/24(…) 11:12
cbc,CBCƒeƒŒƒr,yŒð’Êî•ñz“ŒŠCŠÂóŽ©“®ŽÔ“¹@—{˜VIC`‘å–ì_ŒËIC@“àŠO‰ñ‚èü@á‚Ì‚½‚ß’ÊsŽ~‚ß,https://news.yahoo.co.jp/articles/5532a6698c0f48e5000fb2cadd88e63e807b7e99,1/24(…) 10:44
cbc,CBCƒeƒŒƒr,¡‹GÅ‹­Š¦”g‚ªP—ˆ@ƒAƒEƒgƒhƒA—p•i“X‚Å‚Íá‘Î‰žƒOƒbƒY‚ªl‹C@ŠvŒC‚É‚Â‚¯‚é‚¾‚¯‚ÌgƒXƒpƒCƒNh‚â•’iŽg‚¢‚Å‚«‚égƒu[ƒch‚à,https://news.yahoo.co.jp/articles/7acb03e8167bc02f99f9576667b918bd7a420174,1/23(‰Î) 19:19
cbc,CBCƒeƒŒƒr,‰¼ÝƒgƒCƒŒ‚Í’u‚­‚¾‚¯‚Å‚È‚­ˆ—‚Ü‚Å@ƒJƒZƒbƒgƒ{ƒ“ƒx‚æ‚èƒvƒƒpƒ“ƒKƒX‚ð@gŒÇ—§h‚ð‘z’è‚µ‚½W—Ž‚Å‚Ì”õ‚¦‚ð,https://news.yahoo.co.jp/articles/cd452af5e0d578e262c7fcda1e75b2b9d06f2460,1/23(‰Î) 19:12
cbc,CBCƒeƒŒƒr,‚Z¶‚ªƒzƒeƒ‹—¿—’·‚ÉƒAƒhƒoƒCƒX‚ð‚à‚ç‚¢u•Ä•²v‚ðŠˆ—p‚µ‚½ƒƒjƒ…[lˆÄ@uSDGsv‚É‚éŽæ‚è‘g‚Þ“Á•ÊŽö‹Æ,https://news.yahoo.co.jp/articles/150c33126183cdce4973a782f821d0f4c7215e37,1/23(‰Î) 18:51
cbc,CBCƒeƒŒƒr,“ŒŠC’n•û‚à‘åá‚Ì‚¨‚»‚ê@ŽÔ‚Ìê–å‰Æ‚É•·‚­á“¹‘Îô‚Ìƒ|ƒCƒ“ƒg@u‹}v‚Èƒnƒ“ƒhƒ‹‚âƒuƒŒ[ƒL‚ð”ð‚¯‘¬“x‚ð—}‚¦‚½‰^“]‚ð,https://news.yahoo.co.jp/articles/491a59e5574259ea2596d8c95c3fa1f9c1a987d2,1/23(‰Î) 18:46
cbc,CBCƒeƒŒƒr,gŒÇ—§W—Žh‚Í‚Ð‚Æ‚²‚Æ‚Å‚Í‚È‚¢@“¹˜H‚Ì•ª’f‚ÅŽs‘Sˆæ‚ªŒÇ—§‚·‚é‰Â”\«‚àŒœ”O‚³‚ê‚éˆ¤’mE“cŒ´Žs@”¼“‡‚Å‚Í‘D‚ÆƒwƒŠ‚Å•¨Ž‘—A‘—,https://news.yahoo.co.jp/articles/6cfba8fa866154f564a2de8cd89864403d2186ef,1/23(‰Î) 17:26
cbc,CBCƒeƒŒƒr,ƒKƒCƒhƒuƒbƒN‚ÉÚ‚Á‚Ä‚È‚¢IH’m‚él‚¼’m‚éˆÉ¨_‹{‚ÌâŒiƒXƒ|ƒbƒg‚ðl—ÍŽÔ—ð10”N‚Ì—«‚ª‚±‚Á‚»‚è‹³‚¦‚Ä‚­‚ê‚½,https://news.yahoo.co.jp/articles/21bb7f764a0f8063884882cfc71e4258fba4a245,1/23(‰Î) 17:05
cbc,CBCƒeƒŒƒr,gŒÇ—§W—Žh‚Íu‚Ð‚Æ‚²‚Æ‚Å‚Í‚È‚¢v ÐŠQŽž‚É–ñ500‚©Š‚ÌW—Ž‚ªŒÇ—§‚·‚é‰Â”\«‚ª‚ ‚éˆ¤’mŒ§@ŽRŠÔ•”‚Ìê‡,https://news.yahoo.co.jp/articles/8ad4859116b5646158ef52ca8da502a16077b3e3,1/23(‰Î) 16:57
cbc,CBCƒeƒŒƒr,“ú–{Å‘å‹‰‚ÌƒVƒ‡ƒRƒ‰‚ÌÕ“TuƒAƒ€[ƒ‹Eƒfƒ…EƒVƒ‡ƒRƒ‰v‚ª–¼ŒÃ‰®‚ÅŠJÃI •À‚ñ‚Å‚Å‚àH‚×‚½‚¢ŒÀ’èƒ`ƒ‡ƒRƒŒ[ƒg•‰ï‚¢‚½‚¢ƒVƒFƒt‚ð‚²Ð‰î,https://news.yahoo.co.jp/articles/8366fe63fca45f8aa16f1ae34564aa11fe4978c5,1/23(‰Î) 16:50
cbc,CBCƒeƒŒƒr,”NŽû500–œ‚Å185–œ‰~’™‹à‚Å‚«‚éIH“ú–{ˆê‚ÌÅ‹­‰ÆŒvƒ}ƒ}‚ªg–³‘Ê‚Ã‚©‚¢ƒ[ƒƒeƒNƒjƒbƒNh‚ð“`ŽöI,https://news.yahoo.co.jp/articles/1f0f1430c64685fc2eab78d2848e0f2d4070cac3,1/23(‰Î) 16:40
cbc,CBCƒeƒŒƒr,ß•ª‚ÉŒü‚¯u•Ÿˆø‚¹‚ñ‚×‚¢v‚Ã‚­‚è‚ªÅ·Šú@ŽOŠpŒ`‚ÉÜ‚è‚½‚½‚Ü‚ê‚½’†g‚ÍŒäŽç‚è‚È‚Ç‚Ì‰‹N•¨@ŽOdE’ÃŽs,https://news.yahoo.co.jp/articles/18973c66607e6bb426b2e94662da4f7cedd0087c,1/23(‰Î) 14:36
cbc,CBCƒeƒŒƒr,ŠÃ‚Ý‚â‚è‚ª‹­‚­_‚ç‚©‚¢‚Ì‚ª“Á’·@Žº’¬Žž‘ã‚©‚ç“`‚í‚é“`“–ìØ u–@«Ž›‚Ë‚¬v‚ÌŽûŠn‚ªÅ·Šú@ˆ¤’mE‰ªèŽs,https://news.yahoo.co.jp/articles/6e65de2711a5566885a39124c6c04b3fc5b80d4c,1/23(‰Î) 12:44
cbc,CBCƒeƒŒƒr,“ŒŠC“¹VŠ²ü‚ÌŽÔ“à”Ì”„‚ÅŽg‚í‚ê‚Ä‚¢‚½gƒƒSƒ“h 50‘äŒÀ’è‚Å’Š‘I”Ì”„@1‘ä10–œ‰~@“ŒŠC“¹VŠ²ü‚ÌŽÔ“à”Ì”„‚Í‹Ž”N10ŒŽ‚ÉI—¹,https://news.yahoo.co.jp/articles/3ab1fd43b8e175810989e9db8364e10cb78a3e85,1/23(‰Î) 11:38
cbc,CBCƒeƒŒƒr,ƒ`ƒƒƒ‹ƒƒ‰‚Ì‰¹F‚É—x‚éH—~`ŠX‚Ìu‰®‘äƒ‰[ƒƒ“v‚Í”MX‚Ì•—•¨Ž‚¾‚Á‚½I,https://news.yahoo.co.jp/articles/24d782dd6484e93e1a30619259674b8205124d6b,1/23(‰Î) 10:40
cbc,CBCƒeƒŒƒr,y‘åá‚ÌÅVî•ñz¡‹GÅ‹­Š¦”g‚ªP—ˆ@23“ú`25“ú‚É‚©‚¯‚Ä“ú–{ŠC‘¤‚¾‚¯‚Å‚È‚­‘¾•½—m‘¤‚à‘åá‚Ì‚¨‚»‚ê@Ž­Ž™“‡Œ§‚È‚Ç‹ãB“ì•”‚àgŒx•ñ‹‰‚Ì‘åáh‚©,https://news.yahoo.co.jp/articles/3fd02f6135dfc758503bf3e5e669e6e51ef962a6,1/22(ŒŽ) 21:12
cbc,CBCƒeƒŒƒr,u‘•{‹{‚Í‚¾‚©Õv1200”N‚Ì—ðŽj‚ª•Ï‚í‚é‰‚Ì—«ŽQ‰Á@‚³‚ç‚µ‚É–@”íE’Zƒpƒ“Žp‚Åg‚à‚Ý‡‚¢h‚Å‚Í‚È‚­gŠè‚¢‚ð‘õ‚µ‚½ù‚Ì•ò”[h‚Ö,https://news.yahoo.co.jp/articles/6f958ee1ae1d61d9f76c01f284e2b96acd00a377,1/22(ŒŽ) 21:02
cbc,CBCƒeƒŒƒr,y‘åáî•ñz23“úi‰Îj`25“úi–Øj‚É–k“ú–{‚©‚ç¼“ú–{‚Ì“ú–{ŠC‘¤’†S‚É‘åá‚©@ –k—¤’n•û‚Å‚ÍÅ‘å100ƒZƒ“ƒ`—\‘z@•’iá‚Ì~‚ç‚È‚¢’nˆæ‚à’ˆÓi‹CÛ’¡‚Ì‰ïŒ©ˆê•””²ˆj,https://news.yahoo.co.jp/articles/a04d98a7b6f8fbda61f6786057f2f069b7b9d446,1/22(ŒŽ) 20:19
cbc,CBCƒeƒŒƒr,uŒ¾—t‚ªo‚È‚¢‚­‚ç‚¢‚¤‚ê‚µ‚¢cvƒzƒbƒP[—ŽqƒpƒŠŒÜ—ÖoêŒˆ’è Šò•ŒEŠe–±Œ´Žsog‚Ì‰iˆä—F—Žå« –…‚Ì—tŒŽ‘IŽè‚Æ‹¤‚É,https://news.yahoo.co.jp/articles/fa25ded67a0951c830dbc4d4fe5eb68f4e473753,1/22(ŒŽ) 18:57
cbc,CBCƒeƒŒƒr,ƒ_ƒCƒnƒcH‹Æ‚Ì•s³–â‘è‚ÅŽOdŒ§‚ª‘Š’k‘‹ŒûŠJÝ@Œ§“à‚Ì’†¬Šé‹Æ‚ª‘ÎÛ@Hê’âŽ~‚Å‹ê‚µ‚ÞŠé‹Æ‚ÌŽ‘‹àŒJ‚è‚â—ZŽ‘§“x‚Ì‘Š’k‚É‘Î‰ž,https://news.yahoo.co.jp/articles/d7cee2d934b83a8753c28071484d7f225f64a082,1/22(ŒŽ) 18:53
cbc,CBCƒeƒŒƒr,Š”Žå‚ª’†•”“d—ÍŽÐ’·‚ç‚É–ñ376‰­‰~‚Ì”…ž‹‚ß‚é@’†•”“d—Í‚È‚Ç‚ÌƒJƒ‹ƒeƒ‹–â‘è‚ß‚®‚éÙ”»Žn‚Ü‚é@”í‘¤‚ÍƒJƒ‹ƒeƒ‹‚»‚Ì‚à‚Ì‚ð”Û’è‚µ‘ˆ‚¤Žp¨,https://news.yahoo.co.jp/articles/8f302d711a921bdfa6766f20bd1c1eae8c41e0a1,1/22(ŒŽ) 18:46
cbc,CBCƒeƒŒƒr,‚â‚Þ‚È‚­HŽ–’†’fc@20”N‚ÌÎŒŽ‚Æ540‰­‰~‚ð‚©‚¯‚½u“ú‚‰¡’f“¹˜Hv‚ªŠ®¬‚µ‚È‚©‚Á‚½ƒƒP‚Æ‚Í,https://news.yahoo.co.jp/articles/a97b2c22d3a7258d3fbde5b61b433e7028faa2fc,1/22(ŒŽ) 17:50
cbc,CBCƒeƒŒƒr,uŠJ‚«’¼‚Á‚Ä‚¢‚éBl‚¦‚Ä‚à‚«‚è‚ª‚È‚¢v ”íÐ’n‚Å”—‚ç‚ê‚é¶‚«‚é“¹‚Ì‘I‘ð uŠëŒ¯v‚Æ”»’f‚³‚ê‚½Ž©‘î‚Å¶Šˆ‚·‚él‚à,https://news.yahoo.co.jp/articles/fc05c7b6e53e1697ad9a6bf622adfadac8eb013c,1/22(ŒŽ) 17:21
cbc,CBCƒeƒŒƒr,"ƒhƒ‰’†“cãÄ‚ªÎìV–í‚Ö“`‚¦‚éƒXƒ‰ƒbƒK[‚Ì‹ÉˆÓ""‚à‚Á‚ÆˆÐˆ³Š´‚ðI‚»‚µ‚Ä‰ä‚ª•¨Šç‚Å‘Å‚ÄI""",https://news.yahoo.co.jp/articles/8354cf39c29261faefca7d878b2068785c9ecc3c,1/22(ŒŽ) 16:50
cbc,CBCƒeƒŒƒr,“¡ˆä‘‘¾”ªŠ¥i21j‘ål‚ÌF‹C•Y‚¤‹L”OŽÊ^‚àuƒJƒVƒXƒ\[ƒ_v‚ª’ñ‹Ÿ‚³‚ê‚ÄŠÔ‚à‚È‚­Œˆ’…@‰¤«íŽµ”ÔŸ•‰‚ÅŠJ–‹‚©‚ç2˜AŸ,https://news.yahoo.co.jp/articles/a64c4bd9dee02a9d333241cbc68b242dfed19320,1/22(ŒŽ) 16:48
cbc,CBCƒeƒŒƒr,‘ÌŽ‰–b—¦3”{IH ‚Û‚Á‚¿‚á‚è‘ÌŒ^‚ÌCBC‰i‰ªƒAƒi‚ª–{‹C‚Åƒ_ƒCƒGƒbƒg‚É’§íI 2‚©ŒŽ‚Å7ƒLƒ‘‰‚¹‚½‚ç‚â‚Á‚Ä‚Ý‚½‚¢‚±‚Æ‚Æ‚Í,https://news.yahoo.co.jp/articles/6502e992fb5a0b74b443cac930dd8e0c00d438b7,1/22(ŒŽ) 16:40
cbc,CBCƒeƒŒƒr,˜Hã‚ð•à‚¢‚Ä‚¢‚½‚çc4l‘g’j‚É“Ë‘Rgƒoƒbƒgh‚Å“ª‚ð‰£‚ç‚ê‚éŽ–Œ‚ª‘ŠŽŸ‚®@“¯ˆê”Æ‚É‚æ‚é‹­“ŠQŽ–Œ‚©,https://news.yahoo.co.jp/articles/30db1c5676500085c38d975aa48f3505c152fb0b,1/22(ŒŽ) 16:08
cbc,CBCƒeƒŒƒr,y‘S‘á—\‘zETŠÔ“V‹Cz23“ú`25“ú ‚Ég¡‹GÅ‹­Š¦”gh “ú–{ŠC‘¤‚¾‚¯‚Å‚È‚­“Œ“ú–{`¼“ú–{‚Å‚àŒx•ñ‹‰‚Ì‘åá‚Ì‰Â”\«i22“úŒßŒã3Žž”¼Œ»Ýj,https://news.yahoo.co.jp/articles/ba0b05c9dc6c96922afb28f461beedb8f00c83dc,1/22(ŒŽ) 15:32
cbc,CBCƒeƒŒƒr,•K—v”‚Ì–ñ3”{‚Ì–¼‚ªW‚Ü‚é@ˆ¤’mE–L‹´Žs‚ÅVƒAƒŠ[ƒiŒšÝ‚Ì¥”ñ‚ð–â‚¤Z–¯“Š•[‹‚ßŽs–¯’c‘Ì‚ª–¼‚ð’ño,https://news.yahoo.co.jp/articles/d5dc8b8876013c2527b052c0ee46981386d32a9b,1/22(ŒŽ) 11:51
cbc,CBCƒeƒŒƒr,‰Í‘º‚½‚©‚µŽs’·‚ª‘Ô“x‚ðˆê“]@ƒRƒ“ƒrƒj‚Å‚ÌZ–¯•[Œð•tƒT[ƒrƒX‚ð–¼ŒÃ‰®Žs‚ª“±“ü‚Ö@ƒ}ƒCƒiƒ“ƒo[ƒJ[ƒh‚ª‚ ‚ê‚ÎŒð•t‚ª‰Â”\‚É,https://news.yahoo.co.jp/articles/61458350a178a326af365261f7dd87d9f5dc7775,1/22(ŒŽ) 11:42
cbc,CBCƒeƒŒƒr,ƒp[ƒeƒB[Œ”Žû“üu— ‹àvŽ–Œ‚ÅÝ‘î‹N‘i@‘å–ì‘×³‚ªŠ‘®‚µ‚Ä‚¢‚½Ž©–¯Šò•ŒŒ§˜A‚ªŽÓß‰ïŒ©,https://news.yahoo.co.jp/articles/9d3191a3d4fb39b718d513ba38f305711042b2a9,1/21(“ú) 17:39
cbc,CBCƒeƒŒƒr,‚±‚ê‚Ü‚Å‚Ì3sŽ–‚ð“‡‚µ‚æ‚è[ŽÀ@Á–hE–hÐ‚Ö‚ÌŒ[”­‚ ‚ç‚½‚É,https://news.yahoo.co.jp/articles/7402df9446bdce78ec609d535f6c693c7107f830,1/21(“ú) 17:24
cbc,CBCƒeƒŒƒr,Ž˜ƒWƒƒƒpƒ“Eˆä’[ŠÄ“Â‚ª–ì‹…­”N‚ÉuƒRƒcv‚ð“`Žö,https://news.yahoo.co.jp/articles/37d1d46d977db374ec4dd7448e0d18ae017b7fdb,1/21(“ú) 16:59
cbc,CBCƒeƒŒƒr,‘‚­‚àt‚Ì‘«‰¹@Ž÷—î300”N‚Ì”ªdg”~‚ªŒ©‚²‚ë,https://news.yahoo.co.jp/articles/8f2568d261a64a27198f127b51494ddbfbb8a015,1/21(“ú) 11:42
cbc,CBCƒeƒŒƒr,‰¡’f’†‚Ì85Î—«@æ—pŽÔ‚É‚Í‚Ë‚ç‚êŽ€–S,https://news.yahoo.co.jp/articles/bf610c6dd336e2b88653910a7046b4a9014baef1,1/21(“ú) 11:31
cbc,CBCƒeƒŒƒr,Žq‚Ç‚à‚Égƒ}ƒC–hÐƒŠƒ…ƒbƒNh‚ð@’ŽŽ•‚ð–h‚®‚½‚ß‚ÌuŽ•–‚«ƒV[ƒgv‚âŽñ‚É‚©‚¯‚éuƒlƒbƒNƒ‰ƒCƒgv‚à“ü‚ê‚é‚ÆˆÀS,https://news.yahoo.co.jp/articles/6a21e2e086f44943a74a59fe744bf2e763d97ae5,1/21(“ú) 7:12
cbc,CBCƒeƒŒƒr,u–Æ‰u—Ív•—Ž×‚ð‚Ð‚©‚È‚¢l‚Í‰½‚ªˆá‚¤Hcê–åˆã‚ÉŠw‚ÔI–Æ‰u—Í‚ðƒAƒbƒv‚·‚é•û–@,https://news.yahoo.co.jp/articles/bb7a1cfbb5d442b8dd7ef70faa5965d1e82e24ac,1/21(“ú) 7:10
cbc,CBCƒeƒŒƒr,ˆê”Ô‚¨‚¢‚µ‚¢H‚×•û‚Æ‚ÍH –¼ŒÃ‰®‚Å’è”Ô‚Ì’²–¡—¿u‚Â‚¯‚Ä‚Ý‚» ‚©‚¯‚Ä‚Ý‚»v‚ðŽg‚Á‚½ˆÓŠO‚È‘g‚Ý‡‚í‚¹‚ªâ•iI,https://news.yahoo.co.jp/articles/e214d5882e539d5da865301db46360171d9aa2ed,1/21(“ú) 6:50
cbc,CBCƒeƒŒƒr,“ìŠCƒgƒ‰ƒt’nku‹~•‚Í‚±‚È‚¢‚Å‚·B‚«‚Á‚Æv ”­¶‚µ‚½‚çŽ©•ª‚Å–½‚ðŽç‚é‚Ì‚ªŒ´‘¥@g¶‘¶Šm—¦hƒQ[ƒ€‚Å”õ‚¦‚é,https://news.yahoo.co.jp/articles/9a921ea5e6b5537928eaed138cb22c7e7fcba29c,1/21(“ú) 6:12
cbc,CBCƒeƒŒƒr,g•ÛŒì—¦39“h‚ÌAI”»’è‚Å•ÛŒìŒ©‘—‚è‚Ì––‚Ì‹s‘ÒŽ€@Žq‚Ç‚à‚Ì–½‚ðŽç‚é‚½‚ß‚ÉAI‚ð‚Ç‚¤Šˆ—p‚·‚é?,https://news.yahoo.co.jp/articles/58b8b51810e9c3b25e7b435822974481eadf80b3,1/21(“ú) 6:02
cbc,CBCƒeƒŒƒr,–³•a‘§Ð‚â‘å‹™‚ðŠè‚Á‚Äu‰Î‚¢_Ž–v@Œb”äŽõ—l‚Æˆê‚ÉŠC‚ÖŒü‚©‚Á‚Äuƒƒbƒnƒbƒn[v,https://news.yahoo.co.jp/articles/f0c9f420393b12d71de6fd9c0692dc8c2eb7feb4,1/20(“y) 18:18
cbc,CBCƒeƒŒƒr,u‹C‡‚Æª«‚Å•ò”[v‚Æ•ø•‰@2ŒŽŠJÃ‚Ì‘•{‹{‚Í‚¾‚©Õ‚É‰‚ß‚Ä—«‚ªŽQ‰Á,https://news.yahoo.co.jp/articles/df26e3f1bf12c5c47afefa4760ce42f29aa54376,1/20(“y) 13:02
cbc,CBCƒeƒŒƒr,‚³‚ÄA¡”N‚ÌŒi‹C‚Í?@–î‚Ì“–‚½‚Á‚½“I‚ÌŠ„‚ê•û‚Å‹g‹¥‚ðè‚¤•ŽÒ“I_Ž–s‚í‚ê‚é,https://news.yahoo.co.jp/articles/a797ff382e35d0d3dd1d98150786c1cdf07e1e5e,1/20(“y) 13:02
cbc,CBCƒeƒŒƒr,4”N‚Ô‚è‚Ì‘SZ‡¥cŽq‚Ç‚à‚½‚¿‚ªŽ©•ª‚ÅŽB‰e‚µ‚½Z‰Ì‚Ìƒ~ƒ…[ƒWƒbƒNƒrƒfƒI@‚©‚¯‚ª‚¦‚Ì‚È‚¢“úí‚ð‰f‘œ‚É,https://news.yahoo.co.jp/articles/5c5b069f270b3b03536a60baeaa9f15e97f5755f,1/20(“y) 10:26
cbc,CBCƒeƒŒƒr,u‰½‚à‚µ‚Ä‚ ‚°‚ç‚ê‚È‚­‚Äc‰÷‚µ‚­‚Äv“Œ“ú–{‘åkÐ‚Ì”íÐ’n‚Åo‰ï‚Á‚½­”N‚ÌŒ¾—t‚ª¶‚ñ‚¾  gƒCƒ“ƒXƒ^ƒ“ƒgƒnƒEƒXh@”\“o”¼“‡’nk,https://news.yahoo.co.jp/articles/09ec1b4f4e48c1f8ed5ae2540deba293d1ff9ff1,1/20(“y) 10:18
cbc,CBCƒeƒŒƒr,Šò•ŒŒ§‚ª”\“o”¼“‡’nk‚Å”íÐ‚Ì‰îŒì‚ª•K—v‚È‚—îŽÒ‚ðŽó‚¯“ü‚êŠJŽn,https://news.yahoo.co.jp/articles/b3b09667f453d62fb25ea2e07b5af2b88278dd64,1/20(“y) 7:03
cbc,CBCƒeƒŒƒr,HŽ–‚ª’†’f‚µ‚½‹KŠiŠO‚Ì–¢¬“¹@540‰­‰~‚©‚¯‚ÄŠ®¬‚µ‚È‚©‚Á‚½–kŠC“¹‚Ìu“ú‚‰¡’f“¹˜Hv‚Æ‚Í,https://news.yahoo.co.jp/articles/c7ef4564450232042354085be13da0f074190a2f,1/20(“y) 6:50
cbc,CBCƒeƒŒƒr,’†“úOBE’†‘º•Žu‚ª—§˜Q—³‚ÉŠ…IuƒI[ƒvƒ“í‚©‚çƒV[ƒYƒ“‚Ìí‚¢•û‚ðv,https://news.yahoo.co.jp/articles/e11896a631c7b284d196a360ae5932ccd3dfa47c,1/20(“y) 6:50
cbc,CBCƒeƒŒƒr,”ò‘Ë‹ Šò•ŒŒ§“à134”_ê‚©‚ç‚Ì—Ao’âŽ~EŽ©l@ƒ‚ƒjƒ^ƒŠƒ“ƒOŒŸ¸‚Å1ŒŸ‘Ì‚©‚çÁ“Å–ò‚Ì¬•ªŒŸo,https://news.yahoo.co.jp/articles/d9d0b632bcb304d082bec215446a0d8b32848f5f,1/20(“y) 6:34
cbc,CBCƒeƒŒƒr,u‘z’èŠO‚Ì‰tó‰»v1m”ò‚Ño‚½ƒ}ƒ“ƒz[ƒ‹@V‘ÏkŠî€‚ð–ž‚½‚µ‚Ä‚¢‚½‚Ì‚É”íŠQŽó‚¯‚½Œš•¨‚à@”\“o”¼“‡’nk‚ðê–å‰Æ‚ª•ªÍ,https://news.yahoo.co.jp/articles/4c21cd4e5e4bb2a92bf4f53b5ed10f289d8102a4,1/20(“y) 6:32
cbc,CBCƒeƒŒƒr,ulŠÔ‚Í‚à‚¤Œ©”j‚ê‚È‚¢‚ÆŽv‚Á‚½•û‚ª‚¢‚¢v ê–å‰Æ‚àŒ©”j‚ê‚È‚¢gAIƒtƒFƒCƒN“®‰æhÅ‘Oü@ƒoƒCƒfƒ“‘å“—Ì‚ÌgƒtƒFƒCƒNh§ìŽÒ‚É’¼Œ‚y‘åÎ‚ª•·‚­z,https://news.yahoo.co.jp/articles/a88ced20d7271600309ffdeadd3eabdab797813b,1/20(“y) 6:02
cbc,CBCƒeƒŒƒr,uˆêŽèˆêŽè[‚­l‚¦‚ÄÏ‹É“I‚È«Šû‚ðv“¡ˆä‘‘¾”ªŠ¥‚ª‰¤«íŽµ”ÔŸ•‰‘æ2‹Ç‚ð‘O‚ÉˆÓ‹Cž‚ÝŒê‚é,https://news.yahoo.co.jp/articles/fb4a6319f2147b7c76723d98fc7ecdc603ee1804,1/19(‹à) 23:06
cbc,CBCƒeƒŒƒr,‰ïŒ©‚ÉoÈ‚µ‚½‹LŽÒ‚ªŠ´‚¶‚½gˆá˜aŠ´h@Ý‘î‹N‘i‚Ì‘å–ì‘×³ŽQ‰@‹cˆõ‚ª–`“ª‚ÅŽÓß–Y‚ê‚é!?,https://news.yahoo.co.jp/articles/917b880e5da642791ea08ad809d42dc99ec19b4b,1/19(‹à) 19:57
cbc,CBCƒeƒŒƒr,‘²‹Æ‚ð‘O‚Éê–åŠwZ‚Ì¶“k‚ª§ì@ƒtƒ@ƒbƒVƒ‡ƒ“‚âƒAƒjƒ‚È‚Ç‚Ìì•i”­•\‰ï,https://news.yahoo.co.jp/articles/181477def280a7fb9365c234221a6d1c1f1ae3d9,1/19(‹à) 19:36
cbc,CBCƒeƒŒƒr,ì‚É•‚‚©‚ÔuŠC°ƒƒ{ƒbƒgv‚ÅHŽ–‚ð‚Æ‚è‚È‚ª‚çì‚ÌˆÚ“®‚ðŠy‚µ‚ß‚é@Ž–‘O‚ÉˆÊ’uî•ñ‚ð“ü—Í‚·‚é‚Æc–Ú“I’n‚Ü‚ÅŽ©“®‰^“],https://news.yahoo.co.jp/articles/78aace2d4fddffc1c99a5f506c1681f22d8c73de,1/19(‹à) 19:34
cbc,CBCƒeƒŒƒr,ÐŠQŽž‚ÌƒgƒCƒŒ‚É‚Íu”L»v‚ª—LŒø@ƒgƒCƒŒ‚ð‰ä–‚·‚é‚ÆŽ€‚ÉŽŠ‚éŠëŒ¯«‚à@1l‚ ‚½‚è‚Ì”r‚¹‚Â‰ñ”‚Í1“ú5‰ñ,https://news.yahoo.co.jp/articles/1c28ede0d8f2b275affd62d7cc84393e1bd5bb27,1/19(‹à) 19:31
cbc,CBCƒeƒŒƒr,“¡ˆä‘‘¾”ªŠ¥‚ª²‰êEã•ô’¬‚Å›ˆä—³–ç”ª’i‚Ì’§í‚ðŽó‚¯‚é@‘O“ú‚É‘Î‹ÇŽº‚ÌÆ–¾Šm”F‚â‹î‚ð‘I‚ÔŒŸ•ª@‰¤«íŽµ”ÔŸ•‰,https://news.yahoo.co.jp/articles/59b1b1c8c4019bc311b8b802072a27e7391d5286,1/19(‹à) 19:22
cbc,CBCƒeƒŒƒr,uæ¶‚ÌŒû‚©‚ç˜b‚µ‚ÄcvŽx‰‡ŽÒ‚©‚ç‚àŒµ‚µ‚¢º@— ‹àŽ–Œ‚Å‘å–ì‘×³ŽQ‰@‹cˆõ‚ðÝ‘î‹N‘i,https://news.yahoo.co.jp/articles/87753a8195413a0aaab3591b14ef07b3ccc2fc1e,1/19(‹à) 19:12
cbc,CBCƒeƒŒƒr,10Î–¢–ž‚ÌŽq‚Ç‚à‚à@VŒ^ƒRƒƒiƒƒNƒ`ƒ“‚Å‚Ì‹~Ï”F’èÅVó‹µ@”F‚ß‚ç‚ê‚½’†‚É‚Í‹}«S‹Ø‰Š‚â”]‰ŠE‚Ä‚ñ‚©‚ñ‚È‚Ç‚ÌÇ—á‚ày‘åÎ‚ª[Œ@‚è‰ðàz,https://news.yahoo.co.jp/articles/0c5dd4138b79fd0ac6b03f2a6157f534106b5939,1/19(‹à) 19:01
cbc,CBCƒeƒŒƒr,ƒRƒƒi‰Ð‚ÅgŽg—p’âŽ~h‚Ìƒnƒ“ƒhƒhƒ‰ƒCƒ„[‚ªi‰»@‹ó‹C‚ðzŠÂôò¨ƒEƒCƒ‹ƒX‚â‹Û‚ð’áŒ¸‚³‚¹“õ‚¢‚à—}‚¦‚é@‘å‹t‹«‚ðæ‚è‰z‚¦‚½Œ»Ý’n,https://news.yahoo.co.jp/articles/b2ef5350e0fb543641d6f6f2c9963ab5522bb915,1/19(‹à) 18:34
cbc,CBCƒeƒŒƒr,y‰Ô•²î•ñz‚±‚Æ‚µ‚àg‘å—Ê”òŽUh‚Æ‚È‚é‰Â”\« u40”N‚Ù‚ÇŠÏ‘ª‚µ‚Ä‚¢‚é‚ª‰‚ß‚Äv ‚±‚Æ‚µ‚Í‰½‚ª‹N‚«‚Ä‚¢‚é?,https://news.yahoo.co.jp/articles/6f2e26fea09a144657a928cba205ee46b7ddae10,1/19(‹à) 18:16
cbc,CBCƒeƒŒƒr,u‚â‚Ü‚¢‚µ‚±‚Æ‚Í‚È‚¢‚Ì‚ÅAÙ”»‚É‚¨‚¢‚Ä‚µ‚Á‚©‚è‚ÆŽ©‚ç‚ÌŽå’£‚ð‚µ‚Ä‚¢‚«‚½‚¢v— ‹àŽ–Œ‚ÅÝ‘î‹N‘i‚Ì‘å–ì‘×³ŽQ‰@‹cˆõ@‹cˆõŽ«E‚µ‚È‚¢l‚¦Ž¦‚·,https://news.yahoo.co.jp/articles/48da52035ef3504d0e983ee801d820eae694ca0f,1/19(‹à) 18:04
cbc,CBCƒeƒŒƒr,ƒgƒCƒŒ‚ð‰ä–‚·‚é‚Æ‹Û‚ª”A“¹‚ð‹t—¬‚µŠ´õÇ‚É@…•ª‚ðT‚¦‚é‚ÆS‹Ø[Ç‚â”][Ç‚ÌŠëŒ¯‚à@ÐŠQŽž‚É–ð—§‚ÂuƒgƒCƒŒƒgƒŒ[ƒ‰[v,https://news.yahoo.co.jp/articles/5a1d75ff924d40c39bfada74beaae83f4448bbe4,1/19(‹à) 17:44
cbc,CBCƒeƒŒƒr,JR“ŒŠC‚ªŽÔ“àƒZƒLƒ…ƒŠƒeƒB‚ð‹­‰»@–¼ŒÃ‰®‰w”­’…‚Ì‘SŽÔ—¼‚É–h”ÆƒJƒƒ‰Ý’u‚Ö@Ý—ˆü313Œn‚Ì–ñ340—¼‚É‰ü‘¢HŽ–,https://news.yahoo.co.jp/articles/d193a909f147cdce86402fe3076e34e3fd2e068c,1/19(‹à) 17:19
cbc,CBCƒeƒŒƒr,JR’†‰›ü‚Ì‹´‚°‚½‚Éƒgƒ‰ƒbƒN‚ªg“–‚Ä“¦‚°h Œ»ê‚Í4.2ƒ[ƒgƒ‹‚Ì‚‚³§ŒÀ@’†‰›ü‚Í–¼ŒÃ‰®`çŽí‚ÅˆêŽž‰^“]Œ©‡‚í‚¹,https://news.yahoo.co.jp/articles/453c62dbe7fa1b33e80fbca26b1b9093c62e7360,1/19(‹à) 16:53
cbc,CBCƒeƒŒƒr,yŒð’Êî•ñzJR’†‰›ü@‹´‚°‚½‚ÉŽÔ‚ªÕ“Ë‚Æ‚Ìî•ñ@–¼ŒÃ‰®`çŽí‚Ìã‰ºü‚Å‰^“]Œ©‡‚í‚¹,https://news.yahoo.co.jp/articles/c6560b86c8abf129245b7303a268f759ae7577af,1/19(‹à) 16:16
cbc,CBCƒeƒŒƒr,ƒhƒ‰ƒSƒ“‚ÌŽq‘·‚Æ‚¢‚¤“`àŽ‚Âuƒhƒ‰ƒSƒ“ƒYƒxƒr[v‚È‚Çu’Cv‚É‚¿‚È‚ñ‚¾¶‚«•¨Ð‰î@ˆ¤’mE•É“ìŠC•l…‘°ŠÙ,https://news.yahoo.co.jp/articles/10a2ed9cf21661faacc342f0d20c0c3b1a29d0a2,1/19(‹à) 12:14
cbc,CBCƒeƒŒƒr,’tƒAƒ†–ñ120–œ•C‚ðo‰× @–Ò‹‚Ì‰e‹¿‚ÅÌ—‘‚ª’x‚ê‚é‚à¶ˆç‚Í‡’²@…ŽYŽ‘Œ¹‚Ì‘‰Á–ÚŽw‚·,https://news.yahoo.co.jp/articles/be60f5780aabe60380cbc4d8945f81d3f3a4ae8a,1/19(‹à) 12:04
cbc,CBCƒeƒŒƒr,"CBCŽá‹·ƒAƒi‚ª‹‘åƒoƒ‹[ƒ“Žp‚Å‚‹‰‚Ý‚©‚ñuŠ—ŒS‚¹‚Æ‚©v‚ð¶ŽÀ‹µI""Š¹‹k‚Ì‘åƒgƒ""‚ÌŠÃ‚³‚ÉŠ´“®I",https://news.yahoo.co.jp/articles/7ca81443b943b37a04ba734dc2bc49723ad0c584,1/19(‹à) 12:03
cbc,CBCƒeƒŒƒr,u‹@‰ï‚ª‚ ‚ê‚Î‰Â”\‚ÈŒÀ‚è‚²à–¾‚µ‚½‚¢‚Æl‚¦‚Ä‚¨‚è‚Ü‚·v Ž©–¯“}E‘å–ì‘×³ŽQ‰@‹cˆõ‚ªŽæÞ‚É“š‚¦‚é@— ‹àŽ–Œ‚Å19“ú‚É—§Œ‚Ö,https://news.yahoo.co.jp/articles/90f870d2fd5cbe1d73ef084adada79927f13b69f,1/19(‹à) 11:59
cbc,CBCƒeƒŒƒr,uƒAƒ€[ƒ‹Eƒfƒ…EƒVƒ‡ƒRƒ‰v‚ÅŒÀ’è”Ì”„@ƒVƒFƒt‚ª–£—¹‚³‚ê‚½‚©‚í‚¢‚¢ŠG‚ªƒ`ƒ‡ƒR‚ÌƒfƒUƒCƒ“‚É@ƒRƒ‰ƒ{¤•i‚Éž‚ß‚½Žv‚¢,https://news.yahoo.co.jp/articles/b02bdc653f37017dac1e2aad494049cc945b1f26,1/18(–Ø) 19:48
cbc,CBCƒeƒŒƒr,”N‚Éˆê“x‚ÌƒVƒ‡ƒRƒ‰‚ÌÕ“TuƒAƒ€[ƒ‹Eƒfƒ…EƒVƒ‡ƒRƒ‰vŽn‚Ü‚é@‹Ž”N‚Í70–œlˆÈã‚ª—ˆê,https://news.yahoo.co.jp/articles/330a481e0fc8e0a93b4fb1dc655c2223de08e380,1/18(–Ø) 19:31
cbc,CBCƒeƒŒƒr,ƒŠƒjƒA’†‰›VŠ²ü u2037”N‚ÉŠÔ‚É‡‚¦‚Î‚¢‚¢v‚Æ“ÆŽ©”­Œ¾‚ÌÃ‰ªŒ§’mŽ–@JR“ŒŠCŽÐ’·uŒv‰æ‚É•ÏX‚Í‚È‚¢v‚Æ‘ŠúŠJ‹Æ‚ð‹­’²,https://news.yahoo.co.jp/articles/42cb1190a44982a83c94d72514ead5a797f925f2,1/18(–Ø) 19:28
cbc,CBCƒeƒŒƒr,2024”N‰Ô•²”òŽU—\‘ª@’g“~‚Å—á”N‚æ‚èƒXƒM‰Ô•²‚Ì”òŽU‘‚Ü‚é@–kŠC“¹‚Ì”òŽU—Ê‚Í‘O”N”ä600“@“Œ‹žE‘åãE–¼ŒÃ‰®Eå‘äE‹à‘òEL“‡E•Ÿ‰ª‚Ì—\‘ª‚à,https://news.yahoo.co.jp/articles/7bdb8d44495bb259dff0a7b552ad4ef7313d2e66,1/18(–Ø) 19:09
cbc,CBCƒeƒŒƒr,•@‚Ì‰º‚ÉƒXƒv[ƒ“‚ð’u‚«AŒÄ‹z‚Ìƒ^ƒCƒ~ƒ“ƒO‚Å…•ª‚âHŽ–‚ðŽæ‚ç‚¹‚é‹s‘Òsˆ×@40‘ãŠÅŒìŽtuÅ‘Ps‚­‚µ‚½‚Â‚à‚è‚¾‚Á‚½v,https://news.yahoo.co.jp/articles/d810bf8c6175255a6e719242b630f0c7dccf0034,1/18(–Ø) 19:06
cbc,CBCƒeƒŒƒr,’m“IáŠQ‚ª‚ ‚é—˜—pŽÒ‚Ì“ª‚ð“’‘D‚É’¾‚ß‚é u‚Î‚©‚â‚ë‚¤vu‰£‚é‚¼v‚Ì”­Œ¾‚à@ƒOƒ‹[ƒvƒz[ƒ€uŒbv‚ª‰^‰c‚·‚éŽ{Ý,https://news.yahoo.co.jp/articles/1aaf039bb00dcaa67ae6559cd3bd63381b7ba1e6,1/18(–Ø) 19:01
cbc,CBCƒeƒŒƒr,Œ¢Œ^ƒƒ{ƒbƒg‚Å‹ó`Œx”õ‚ÌŽÀØŽÀŒ±@“‹Ú‚³‚ê‚½ƒJƒƒ‰‚Å•sRŽÒ‚ðŒŸ’m@ƒ‹[ƒg‚ð‰ðÍ‚µ‚ÄŽ©“®‘–s‚à‰Â”\,https://news.yahoo.co.jp/articles/be6d8eafa9f3fc2e69e4ae4b96d00ffa688de910,1/18(–Ø) 18:14
cbc,CBCƒeƒŒƒr,u–Ú•W‚Í—DŸ‚µ‚©‚È‚¢‚Ì‚Åv ƒhƒ‰ƒSƒ“ƒY‚Ì‘IŽè‚ªŒ¢ŽR¬“cŽR‚Å•KŸ‹FŠè@–öE’‡’n‚ç‚ÍŽ©ŽåƒgƒŒ‚ðŒöŠJ,https://news.yahoo.co.jp/articles/8c01d22766efc769e9f316880f2894a1afb85789,1/18(–Ø) 18:12
cbc,CBCƒeƒŒƒr,us‚«‚½‚¢‚æˆê‚ÉB‚Å‚àcv 2“ú‘«‚ç‚¸‚Å‰º‚µ‚½eŽq‚Ì‘å‚«‚ÈŒˆ’f@eŒ³‚ð—£‚ê‚½’†Šw¶‚ÌW’c”ð“ï@”\“o”¼“‡’nk,https://news.yahoo.co.jp/articles/d3cf4d74ddcccdfd823020cd94fb9cf6b1be4c21,1/18(–Ø) 17:53
cbc,CBCƒeƒŒƒr,’J”ÉŒ³M‚³‚ñ‚ª–ì‹…“a“°“ü‚è@ƒhƒ‰ƒSƒ“ƒY‚Å•ßŽèEŒ“”CŠÄ“Â‚Æ‚µ‚ÄŠˆ–ô@Žç”õ‚Ì—v‚Æ‚µ‚Ä‰©‹àŽž‘ã‚ðŽx‚¦‚é,https://news.yahoo.co.jp/articles/a8560b8daef9a429c6cd034eb5067808db130e49,1/18(–Ø) 16:54
cbc,CBCƒeƒŒƒr,³ŒŽ‚É—]‚Á‚½‚¨–Ý‚ª‘å•ÏgIHl‹C—¿—Œ¤‹†‰Æ‚ª‹³‚¦‚éu–ÝÁ”ïƒŒƒVƒsv‚ð‚²Ð‰îI,https://news.yahoo.co.jp/articles/c30eb18085289124840060f0c1cacd9d572001ed,1/18(–Ø) 16:50
cbc,CBCƒeƒŒƒr,ƒAƒƒŠƒJ‘åŠwƒoƒXƒP‚ÌÅ‚•ôƒŠ[ƒO‚Å’–ÚƒVƒ…[ƒ^[1ˆÊ‚ÉI•x‰iŒ[¶‚ªŒê‚é–ÚŽw‚·‚×‚«‘IŽè‘œ‚Æ‚Í,https://news.yahoo.co.jp/articles/b3c7c9f7aa1a127525d5b0f9532c6c885131ffc8,1/18(–Ø) 16:50
cbc,CBCƒeƒŒƒr,ã_E’W˜H‘åkÐ‚Ì‹³ŒP‚Í”\“o”¼“‡’nk‚É¶‚©‚³‚ê‚½‚©?@ÎìŒ§‚Ì”íÐ’n‚ÅŠˆ“®‚µ‚½‘åŠw•a‰@‹~‹}ˆã‚É•·‚­,https://news.yahoo.co.jp/articles/e6923887cbf3a0eaad2441c337392a231ce51170,1/18(–Ø) 14:01
cbc,CBCƒeƒŒƒr,’ÊíƒTƒCƒY‚Ì3”{ˆÈã@‹‘å‚ÈƒCƒ`ƒSu‚Å‚©‚Ù‚Á‚Øv‚ÌŽûŠn‚ªŽn‚Ü‚é@ˆ¤’mE‰ªèŽs,https://news.yahoo.co.jp/articles/856b2249f107eda5459dcd7009b71b0ab5d05b5e,1/18(–Ø) 11:46
cbc,CBCƒeƒŒƒr,“ú–{Å‘å‹‰‚ÌƒVƒ‡ƒRƒ‰‚ÌÕ“TuƒAƒ€[ƒ‹Eƒfƒ…EƒVƒ‡ƒRƒ‰v ƒCƒxƒ“ƒgŽjãÅ‘½–ñ130Ží—Þ‚ÌŒÀ’è¤•i‚ªWŒ‹,https://news.yahoo.co.jp/articles/7d1a6b3327424f24d2e44f83a1b9002ba9e5d145,1/17(…) 19:29
cbc,CBCƒeƒŒƒr,”\“o”¼“‡’nk‚Ì”íŠQ‚ÍŠò•ŒŒ§“à‚Å‚à@‚ŽRw‰®‚â•¶‰»à‚È‚Ç‚ª‘¹@‚ŽRŽs‚Æ”ò‘ËŽs‚Åk“x5Žã‚Ì—h‚ê,https://news.yahoo.co.jp/articles/bc261fbb9aafc08c4542aafc93242942804ffbe7,1/17(…) 19:04
cbc,CBCƒeƒŒƒr,Žq‚Ç‚à‚ð’·ŽžŠÔ³À‚ð‚³‚¹‚½•êe‚ç‚É’¦–ð3”NEŽ·s—P—\5”N‚Ì”»Œˆ u’ml‚Ì—‚©‚ç”±‚ª•K—v‚ÆŒ¾‚í‚êc“{‚ç‚¹‚é‚±‚Æ‚ª•|‚©‚Á‚½v,https://news.yahoo.co.jp/articles/2c0174c74ee150085622aefa69dc30df2758fce6,1/17(…) 19:02
cbc,CBCƒeƒŒƒr,ul‚ª”R‚¦‚Ä‚¢‚év‚Æ’Ê•ñ@‘¤a‚©‚ç«•Ê‚Ì•ª‚©‚ç‚È‚¢ˆâ‘Ì‚ªŒ©‚Â‚©‚é@–ìÄ‚«‚Ì‰Î‚ª”R‚¦ˆÚ‚Á‚½‚©,https://news.yahoo.co.jp/articles/f7fa3e6ad41d42a71462a3a3e8110fe731f7db1a,1/17(…) 18:46
cbc,CBCƒeƒŒƒr,Žq‚Ç‚à‚½‚¿‚Éu–hÐv‚ð‚Ç‚¤“`‚¦‚éH ƒŠƒ…ƒbƒN‚É‚Í‰½‚ð‹l‚ß‚éH –hÐ‹³ˆç‚Ìƒ|ƒCƒ“ƒg‚ðê–å‰Æ‚ª‰ðàI,https://news.yahoo.co.jp/articles/77ba3e54494a509fbff3ea98b7cefafaed02ef66,1/17(…) 18:43
cbc,CBCƒeƒŒƒr,u‘æ10”g‚É“ü‚Á‚½‚ÆŒ¾‚í‚´‚é‚ð“¾‚È‚¢v ˆ¤’mŒ§‚ÌVŒ^ƒRƒƒiŠ´õŽÒ”@1ˆã—Ã‹@ŠÖ‚ ‚½‚è‚Ì•ñ”‚ª‘æ8”g‚ðã‰ñ‚é,https://news.yahoo.co.jp/articles/044d06943e7e84a365abf1cef5aeb28ce7cb64cc,1/17(…) 17:06
cbc,CBCƒeƒŒƒr,‰Á“¡ˆ¤ƒAƒi‚ªŽOdŒ§E“’‚ÌŽR‰·ò‚Ìˆ¤‚³‚êƒt[ƒhw‘m•º“çx‚ð’²¸I M’·‚É•‰‚¯‚é‚ÈI ƒ‹[ƒc‚Íí‘Žž‘ã‚ÌƒXƒ^ƒ~ƒiŒ¹,https://news.yahoo.co.jp/articles/0bbb15c4a04d6a423a6726d11eee28e95935dc80,1/17(…) 17:00
cbc,CBCƒeƒŒƒr,"‚Z—¤ãŠE‚Ì""ƒNƒC[ƒ“EƒIƒuEƒAƒXƒŠ[ƒg""—Ñ”üŠó‘IŽè‚Éƒ}ƒaƒ‰ƒu‚ª’§‚ÞI–¼ŒÃ‰®w’†‹ž‘å’†‹žx—¤ã•”",https://news.yahoo.co.jp/articles/d29a9a298eacb81bfd9c1bd393838aa8f20c3412,1/17(…) 17:00
cbc,CBCƒeƒŒƒr,‘å·‚èƒpƒXƒ^‚É‹‰ØƒP[ƒLƒvƒŒ[ƒg•t‚«I? ŽOdE“Œˆõ’¬‚Ì‚¨’l‘Å‚¿ƒ‰ƒ“ƒ`‚ð‚²Ð‰îI,https://news.yahoo.co.jp/articles/69ec368215c3feaba2658a07f70b53cb3cf92af0,1/17(…) 16:50
cbc,CBCƒeƒŒƒr,u‚½‚ñ‚±‚Ô‚ª‚Å‚«‚Ä‚¢‚é‚©‚ç‘åä•vv‚ÍŠÔˆá‚¢H•ú’u‚ÍŠëŒ¯‚È“ª‚Ì‚¯‚ª‚É‚Â‚¢‚Ä,https://news.yahoo.co.jp/articles/12a93a909b3b9e4ddbc69cec1a97a8db8aaa5399,1/17(…) 16:40
cbc,CBCƒeƒŒƒr,ƒ_ƒCƒ„ƒ‚ƒ“ƒhƒ_ƒXƒg‚âŽ÷•X‚ÌŽB‰e‚É¬Œ÷@“ŒŠC’n•û‚ÅŒµ‚µ‚¢—â‚¦ž‚Ý@‰ÎŽ–‚à‘ŠŽŸ‚¬u‰Î‚Ìˆµ‚¢‚É‚Í’ˆÓ‚ðv,https://news.yahoo.co.jp/articles/3b7eed2d93b3d15e80b91a96d9bc91d0f71f3b12,1/17(…) 15:59
cbc,CBCƒeƒŒƒr,u‚³‚·‚ª‚Å‚·‚Ë!v ŽŽH‚µ‚½’mŽ–‚àƒrƒbƒNƒŠ@ƒZƒuƒ“]ƒCƒŒƒuƒ“‚ªŽOdŒ§‚ÌHÞ‚ðŽg‚Á‚½¤•i‚ðŠúŠÔŒÀ’è‚Å”Ì”„‚Ö,https://news.yahoo.co.jp/articles/51bea041589398a8e05355af25116d861645316b,1/17(…) 15:28
cbc,CBCƒeƒŒƒr,u‘z‘œˆÈã‚ÉƒLƒ‰ƒLƒ‰v@Œ¶‘z“I‚Èƒ_ƒCƒ„ƒ‚ƒ“ƒhƒ_ƒXƒg‚ªoŒ»@‘å‹C’†‚Ì…ö‹C‚ª“€‚Á‚Ä•‘‚¤Ž©‘RŒ»Û,https://news.yahoo.co.jp/articles/3b734d790aa301594feab0a4ec031c02acfd43e7,1/17(…) 11:46
cbc,CBCƒeƒŒƒr,‘‚¦‚éÐŠQŠÖ˜AŽ€@ŒF–{’nk‚Å‚Íu’¼ÚŽ€v‚Ì4”{ˆÈã‚Ì223l@Ž•a‚Ì‚ ‚él‚ªŠµ‚ê‚È‚¢”ð“ïŠ¶Šˆ‚Å‘Ì’²ˆ«‰»@”\“o”¼“‡’nk,https://news.yahoo.co.jp/articles/42898e19fab7ddfc7eab6b0af6da1f5ef4a6fe8a,1/16(‰Î) 19:19
cbc,CBCƒeƒŒƒr,uˆÀ”{”h‚Í‰ðŽU‚·‚×‚«v‚Æ‚¢‚¤ˆÓŒ©‚à@Ž©–¯“}‚Í–{“–‚ÉüV‚Å‚«‚é‚Ì‚©?y‘‰ï’S“–E–Ø‰º‘å‹LŽÒ‚ÌŽæÞ•ñz,https://news.yahoo.co.jp/articles/2803c11d15eb2c0e9888082b95b28b3bf5a98493,1/16(‰Î) 19:06
cbc,CBCƒeƒŒƒr,ˆâ‘Ì”­Œ©‚Ì2“ú‘OA—Fl‚Éu¢‚Á‚½v  77Î’j«‚ÌŽEŠQŽ–Œ@‰½‚ç‚©‚Ìƒgƒ‰ƒuƒ‹‚ÉŠª‚«ž‚Ü‚ê‚½‚©@ŽOdE—éŽ­Žs,https://news.yahoo.co.jp/articles/40eea4641c7ff65e3d70f32fb057b65dd4fdcebf,1/16(‰Î) 18:34
cbc,CBCƒeƒŒƒr,uŠÃ‰Ä‚Ý‚©‚ñv‚Ìo‰×Å·Šú@ŽOdE”ö˜hŽs‚Ì“ÁŽY@2‚©ŒŽ‚Ù‚ÇQ‚©‚¹‚ÄŠ®n‚³‚¹‚½Œã‚Éo‰×,https://news.yahoo.co.jp/articles/562a529d2d28592b268fd0f57313a2eec44d4b50,1/16(‰Î) 18:04
cbc,CBCƒeƒŒƒr,uâ‘ÎŽc‚è‚½‚¢‚Æ‚¢‚¤l‚à‚¢‚Äc“{†‚à”ò‚ÑŒð‚Á‚½v ”íÐ’nŠO‚Ö‚ÌˆÚ‘—‚ð‹‘”Û‚·‚él‚à@ƒRƒ~ƒ…ƒjƒeƒB‚ð•ö‚³‚¸‚Ç‚¤–½‚ðŽç‚é‚©@”\“o”¼“‡’nk,https://news.yahoo.co.jp/articles/aaff8e18a540da4666ae36beb747264554346687,1/16(‰Î) 17:54
cbc,CBCƒeƒŒƒr,ƒyƒbƒgƒ{ƒgƒ‹ƒLƒƒƒbƒv‚ð‰ñŽû‚µƒƒNƒ`ƒ“Šñ•t‚ðs‚¤ƒX[ƒp[‚à@Šé‹Æ‚ÌSDGs‚Ö‚ÌŽæ‚è‘g‚Ý‚ðÐ‰î‚·‚éƒZƒ~ƒi[,https://news.yahoo.co.jp/articles/94c31b169201ea0d84a3f3ca8f91d83dff9aab0d,1/16(‰Î) 17:42
cbc,CBCƒeƒŒƒr,–¼ŒÃ‰®ƒOƒ‰ƒ“ƒpƒX ’–Ú‚ÌVí—Í2l@ƒpƒgƒŠƒbƒN‚ÆŽRŠÝ—S–ç‚ÅUŒ‚—ÍƒAƒbƒv‚ÉŠú‘Ò@‰«“êƒLƒƒƒ“ƒv‚ªƒXƒ^\ƒg,https://news.yahoo.co.jp/articles/f7ede14cabcea89f0a3f0685643aa713f0594b16,1/16(‰Î) 17:36
cbc,CBCƒeƒŒƒr,ƒXƒ}ƒz‚à[“d‚Å‚«‚Ä…ôƒgƒCƒŒ‚àŠ®”õ uƒ\[ƒ‰[ƒVƒXƒeƒ€ƒnƒEƒXv‚Å”íÐ’n‚ðŽx‰‡,https://news.yahoo.co.jp/articles/178e548895455e4cd51621256df3d2bfc8304e61,1/16(‰Î) 17:19
cbc,CBCƒeƒŒƒr,‘ä˜p‚Å–{—Û‘Å‰¤I’†“úE‰LŽ”qå‘IŽè‚ðX–ì«•FƒR[ƒ`‚ªS”z‚·‚é——R‚Æ‚Í,https://news.yahoo.co.jp/articles/aa18d6667e5d165f078de5bb76ef2de03cf7727f,1/16(‰Î) 17:11
cbc,CBCƒeƒŒƒr,–¼ŒÃ‰®‰wƒGƒŠƒA‚ÉWŒ‹I‘S‘‚Ìs—ñ‚ª‚Å‚«‚éƒ‰[ƒƒ“‚ð ŽÀHƒŠƒ|[ƒg,https://news.yahoo.co.jp/articles/c882091fe4ec502258cb276b71f1c3c760f638b1,1/16(‰Î) 17:00
cbc,CBCƒeƒŒƒr,W—Ž‚É”ß–Â‚ª‚±‚¾‚Ü‚·‚écƒzƒ‰[‚·‚¬‚éŠïÕu‚Ç‚ñ‚«Õ‚èv‚Ì‹°•|‚Ì‹S‚²‚Á‚±‚Æ‚ÍIH,https://news.yahoo.co.jp/articles/64bbb715026020ed08bbbd8e0667346fbad8cbf6,1/16(‰Î) 16:57
cbc,CBCƒeƒŒƒr,"’YŽ_…‚Åƒtƒ‰ƒCƒpƒ“‚ª‚ ‚í‚ ‚íIHÆ‚èÄ‚«ŽÏ‚ð_‚ç‚©‚­•Ïg‚³‚¹‚é""‰ä‚ª‰Æ—¬ƒŒƒVƒs""‚Æ‚Í",https://news.yahoo.co.jp/articles/316e00cb36ef02224a9030f2c163e847bdde4d07,1/16(‰Î) 16:50
cbc,CBCƒeƒŒƒr,¬Šw¶‚©‚çgƒ}ƒC–hÐƒŠƒ…ƒbƒNh‚ð@ƒ|ƒCƒ“ƒg‚ÍueŽq‚Åˆê‚Éì‚évuD‚«‚È‚¨‚â‚Â‚ð“ü‚ê‚év ÐŠQŽž‚É–ð—§‚Â’mŒb‚ðŠw‚×‚éƒQ[ƒ€‚à,https://news.yahoo.co.jp/articles/43275e1a3c63edad3db2c9497e1eebcbae9b5a07,1/16(‰Î) 12:08
cbc,CBCƒeƒŒƒr,‹“û”z’B‚Ì‰ù‚©‚µ‚«‰¹`ƒjƒbƒ|ƒ“‚Éu‹“ûv‚Æu’©v‚ð“Í‚¯‚½‘î”zƒT[ƒrƒX‚Ì‹L‰¯,https://news.yahoo.co.jp/articles/0c4b700af2c6841385e3653d05f7cbc5070c6c25,1/16(‰Î) 10:40
cbc,CBCƒeƒŒƒr,‚ë‚¤‚»‚­‚É—Ç‰Šè‚¤c]ŒËŽž‘ã‚©‚ç‘±‚­Šò•ŒE”ò‘ËŽs‚ÌuŽOŽ›‚Ü‚¢‚èv,https://news.yahoo.co.jp/articles/1cabccfe9ac63343d3a53c0fe2d4e35a1d83faae,1/16(‰Î) 2:23
cbc,CBCƒeƒŒƒr,¢ŠEˆâŽY ”’ì‹½‚Ìƒ‰ƒCƒgƒAƒbƒv u‘f°‚ç‚µ‚¢cvŒ¶‘z“I‚È•—Œi‚ÉŠÏŒõ‹q‚ªƒEƒbƒgƒŠ,https://news.yahoo.co.jp/articles/63b9713476a602b49e1da2cf858cbe543c35c718,1/15(ŒŽ) 19:42
cbc,CBCƒeƒŒƒr,Žs‰cZ‘î40ŒË‚Å”\“o”¼“‡’nk‚Ì”íÐŽÒ‚Ì“ü‹Žó‚¯•t‚¯@1l–Ú‚ÍÎìŒ§ŽìFŽs‚©‚ç‚Ì73Î’j«@Šò•ŒE‰º˜CŽs,https://news.yahoo.co.jp/articles/55dc574a7175c3581d2d672fcc615a77242f9f98,1/15(ŒŽ) 19:22
cbc,CBCƒeƒŒƒr,u¶‚«‚Ä‚«‚½’†‚ÅÅ‚‚Ì1”N‚É‚µ‚½‚¢v ƒpƒŠŒÜ—Ö‘ã•\“à’è‚Ì—ŽqƒŒƒXƒŠƒ“ƒO“¡”gŽé—‘IŽèi20j V”N‚É‹ì‚¯‚Â‚¯‚½gW‚¢h‚ÅŒˆˆÓV‚½‚É,https://news.yahoo.co.jp/articles/1a7bc51f4c08e59016df4cf9a3bb768285796957,1/15(ŒŽ) 18:17
cbc,CBCƒeƒŒƒr,ƒpƒŠŒÜ—Ö‘ã•\“à’è‚Ì—ŽqƒŒƒXƒŠƒ“ƒOE“¡”gŽé—‘IŽèi20j‚ª“¯‚¶‚­‘ã•\“à’è‚ÌŸNˆä‚Â‚®‚Ýi22j‚É‰õŸ@ŒöŽ®í133˜AŸ‚É,https://news.yahoo.co.jp/articles/03c4c65e9b22ce64e55e880ffd5dc100b05204e3,1/15(ŒŽ) 18:06
cbc,CBCƒeƒŒƒr,“¡ˆä‘‘¾”ªŠ¥‚ÌŽt E™–{¹—²”ª’i‚É‘¡‚ç‚ê‚½g‹àƒVƒƒƒ`Üh@Žw“±ŽÒ‚Æ‚µ‚Ä‚ÌŒ÷Ñ‚ðÌ‚¦‚Ä–¼ŒÃ‰®Žs‚ªV‚½‚É‘nÝ,https://news.yahoo.co.jp/articles/ea771e379bdc6289d8685c29e951fa934d252f88,1/15(ŒŽ) 17:29
cbc,CBCƒeƒŒƒr,“¡ˆä‘‘¾”ªŠ¥i21j ”ªŠ¥“ÆèŒã‚É‰‚ß‚Ä’nŒ³‚ÅŒöŠJ‘Î‹Ç@ƒtƒ@ƒ“u‚Ç‚ñ‚Ç‚ñ‹­‚­‚È‚Á‚Ä‚Ç‚±‚Ü‚Å‚¢‚­‚Ì‚©‹°‚ë‚µ‚¢v,https://news.yahoo.co.jp/articles/911c5c661f2460ba706dea61594b81f64f8cefc5,1/15(ŒŽ) 17:12
cbc,CBCƒeƒŒƒr,—³‚ÌVƒZƒbƒgƒAƒbƒp[I´…’B–ç@‹t“]”í’e‚ÌƒV[ƒYƒ“ŠJ–‹‚©‚ç“ú–{‘ã•\‚ÖŽŠ‚é‚Ü‚Å‚É”—‚é,https://news.yahoo.co.jp/articles/76ad216a71593123586f84a4930b2602d231c5cc,1/15(ŒŽ) 16:50
cbc,CBCƒeƒŒƒr,‘“y’n—‰@‚ÆŒÃ‘“X’Ê‚¢‚ª“ú‰ÛIH”p“¹ƒ}ƒjƒA‚Ìƒvƒ‰ƒCƒx[ƒg‚É–§’…@“ú–{ˆê‚ÌÎ’i‚ðŒÖ‚é3333’i‚ÌuŽß‰Þ‰@Œäâ—V•à“¹v‚à,https://news.yahoo.co.jp/articles/ca6831ddd7dc72a21a73906ce84dbac772f25117,1/15(ŒŽ) 16:41
cbc,CBCƒeƒŒƒr,ˆ¤’mŒ§‚Å2‹@–Ú‚ÌuƒhƒNƒ^[ƒwƒŠv 2ŒŽ‚É”z”õ@“¯Žž‚Ì—v¿E‹@‘Ì•s‹ï‡‚È‚Ç‚Åo“®‚Å‚«‚È‚©‚Á‚½Ž–—á‚ª‹Ž”N‚Í49Œ,https://news.yahoo.co.jp/articles/11be195398edb359f170ca24231b74d094d6ca01,1/15(ŒŽ) 16:16
cbc,CBCƒeƒŒƒr,u“ü‰@‚µ‚Ä‚¢‚é‘§Žq‚Ì‚½‚ß‚Écv–î‚ª•ú‚½‚ê‚½“I‚ß‚ª‚¯‚ÄˆêÄ‚É‘–‚è ‚²—˜‰v‚Ì‚ ‚é–Ø•Ð‚ð’D‚¢‡‚¤@”M“c_‹{u•àŽË_Ž–v,https://news.yahoo.co.jp/articles/829bb333cf4add671e86fe6bb343e4546ac2e893,1/15(ŒŽ) 16:03
cbc,CBCƒeƒŒƒr,”\“o”¼“‡’nk@–¼ŒÃ‰®Žs‚ªÎìEŽµ”öŽs‚ÉEˆõ60l‚ð”hŒ­@”ð“ïŠ‚Ì‰^‰c‹Æ–±‚âœëÐØ–¾‘”­s‚ÌŽè•‚¯,https://news.yahoo.co.jp/articles/6749bee39d95086873ab0ed016ef45427e96c48c,1/15(ŒŽ) 11:19
cbc,CBCƒeƒŒƒr,Œ¶‘z“I‚ÈŒiF‚ÅŠÏŒõ‹q‚ç‚ð–£—¹@”’ì‹½‚Ì‡¶‘¢‚è‚Åƒ‰ƒCƒgƒAƒbƒv‚ªs‚í‚ê‚é@Šò•ŒE”’ì‘º,https://news.yahoo.co.jp/articles/3d967ff068f5eff0cabd572dbd3f321e3e2756fb,1/15(ŒŽ) 1:28
cbc,CBCƒeƒŒƒr,“¡ˆä‘‘¾”ªŠ¥‚ª–¼ŒÃ‰®‚ÅŒöŠJ‘Î‹Ç@ƒg[ƒiƒƒ“ƒg‚Ì1‰ñí‚Æ2‰ñí‚ÉŸ‚Á‚Ä€ŒˆŸ‚Éio@2”N˜A‘±5‰ñ–Ú‚Ì—DŸ‚ð–ÚŽw‚·,https://news.yahoo.co.jp/articles/fdaa4c1a8de7a1cdb9c8995764d8e19a34f3caca,1/14(“ú) 18:24
cbc,CBCƒeƒŒƒr,…‰·8Ž‚Ìì‚ÅŠ¦’†…‰j@10Î‚©‚ç64Î‚Ü‚Å‚Ì’j—57l‚ªŽQ‰Á@8”N‚Ô‚è‚É“~‚Ì•—•¨Ž‚ª•œŠˆ@ˆ¤’mE‰ªèŽs,https://news.yahoo.co.jp/articles/c83ad78a904244e2a2a9405b402db67e450f7efe,1/14(“ú) 18:02
cbc,CBCƒeƒŒƒr,ƒOƒ‰ƒOƒ‰‚ÆŽÏ‚¦‚é‚¨“’‚ð—‚Ñ‚Ä–³•a‘§Ð‚ð‹FŠè@“’‚ðŽT‚¢‚½ŒFù‚ÍŽ‚¿‹A‚Á‚Ä_’I‚É@u“’—§_Ž–vs‚í‚ê‚é,https://news.yahoo.co.jp/articles/8a90db8787b1cef39a0f9e8fd29bbd96fa42d308,1/14(“ú) 15:53
cbc,CBCƒeƒŒƒr,«Šû‚Ì“¡ˆä‘‘¾”ªŠ¥@–¼ŒÃ‰®‚Å‚ÌŒöŠJ‘Î‹Ç‚ÉŸ—˜@u’©“ú”t«ŠûƒI[ƒvƒ“ívƒxƒXƒg8“ü‚è,https://news.yahoo.co.jp/articles/786e507f0e195b6f66b148d42347f11ab5a7be99,1/14(“ú) 13:27
cbc,CBCƒeƒŒƒr,“ŒŠC’n•û‚ÍŠe’n‚Åu‚±‚Ì“~ˆê”Ôv‚Ì—â‚¦ž‚Ý‚É@–¼ŒÃ‰®‚ÌÅ’á‹C‰·‚Í-1.8Ž@15“úA16“ú‚É‚©‚¯‚Ä‚àŠ¦‚³‘±‚­Œ©ž‚Ý,https://news.yahoo.co.jp/articles/5b0f7c5f29c96aef94e24edecaf303adbbe84199,1/14(“ú) 13:02
cbc,CBCƒeƒŒƒr,‚»‚Ì‹¹Ä‚¯EˆÝ‚à‚½‚êŠëŒ¯cu‹t—¬«H“¹‰Šv‚ª‚ñƒŠƒXƒN‚àI‚»‚ÌŒ´ˆö‚âÅVŽ¡—Ã–@‚Æ‚ÍH,https://news.yahoo.co.jp/articles/75b3b0001c574b5b1415bb49d30b2120e1e91048,1/14(“ú) 7:10
cbc,CBCƒeƒŒƒr,“ìŠCƒgƒ‰ƒt‹‘å’nk‚ª‹N‚«‚½‚ç‚Ç‚¤‚È‚é@—h‚ê‚â’Ã”g‚Ì’n}ƒVƒ~ƒ…ƒŒ[ƒVƒ‡ƒ“‚ÅŒ©‚¦‚éŠëŒ¯@–¼ŒÃ‰®‘åŠwŒ¸ÐŠÙ,https://news.yahoo.co.jp/articles/91684a6fe19fe0bb5cf0ca711c8d3e358348b0fb,1/14(“ú) 7:02
cbc,CBCƒeƒŒƒr,“ìŠCƒgƒ‰ƒt‹‘å’nk‚ª”­¶‚µ‚½‚ç8•ªEÅ‘å16m‚Ì’Ã”g‚ª—\‘z‚³‚ê‚éŽOdE‘å‹I’¬@’Ã”g”ð“ïƒ^ƒ[‚Ì”õ‚¦‚ð•·‚¢‚½,https://news.yahoo.co.jp/articles/30e67974080aefdb93ed0e36ff998900dd9f2c83,1/14(“ú) 7:02
cbc,CBCƒeƒŒƒr,‰©FˆêF‚Åt‚Ì–K‚ê‚°‚é@uØ‚Ì‰Ô‚Ü‚Â‚èv‚ªŠJ–‹,https://news.yahoo.co.jp/articles/e9a82b6a07e1be17e5c2ee984435d759b9b0016a,1/13(“y) 13:36
cbc,CBCƒeƒŒƒr,‘åŠw“üŠw‹¤’ÊƒeƒXƒg’¼‘O‚Ü‚Å•”Šˆ‚Å‘S‘‘å‰ï@‚Zƒ‰ƒOƒr[‰Ô‰€oê‚Æbˆã@2‚Â‚Ì–²‚É’§‚Þ‚Z¶,https://news.yahoo.co.jp/articles/db982d9fb2d98a98bbbf4adc47a9083ed65d5dc5,1/13(“y) 7:32
cbc,CBCƒeƒŒƒr,”\“o”¼“‡’nk‚ÌÎìŒ§ŽìFŽs‚Å‚Ì—h‚ê‚ðÄŒ»@ŽüŠú‚ª1•b`2•b‚®‚ç‚¢‚Ì—h‚ê‚ª–Ø‘¢Œš’z‚É‘å‚«‚Èƒ_ƒ[ƒW –¼ŒÃ‰®‘åŠwŒ¸ÐŠÙ,https://news.yahoo.co.jp/articles/5279c123c04333ff6038732ebf55f63a1e89c700,1/13(“y) 7:11
cbc,CBCƒeƒŒƒr,‘“¹417†‚Ì–¢ŠJ’Ê‹æŠÔ‚ÉV“¹‚ªŠ®¬I‘–sŽžŠÔ‚Í1ŽžŠÔ‚©‚ç6•ª‚É’Zk@““¹‚Å‚Í‚È‚­‚È‚Á‚½uŠ¥ŽR“»“¹˜Hv‚Æ‚Í,https://news.yahoo.co.jp/articles/743ecfb8375d8f8944e4c2238a379c16a2f7aef8,1/13(“y) 6:50
cbc,CBCƒeƒŒƒr,uƒ}ƒXƒN‚Í‚³‚¹‚È‚¢‚Å‚Ù‚µ‚©‚Á‚½cv ƒRƒƒi‰Ð‚ÌŠwZ‚Å‘Ìˆç‚ÌŽö‹Æ’†‚ÉŽ™“¶‚ªŽ€–S@11Î‚Ì‘§Žq‚ðŽ¸‚Á‚½•ƒe‚ÌŽv‚¢y‘åÎ‚ª•·‚­z,https://news.yahoo.co.jp/articles/a0f84122ffd82e5bbed101c42f9d0ba441403d7c,1/13(“y) 6:02
cbc,CBCƒeƒŒƒr,"uƒsƒGƒ‚ÆŒÄ‚Î‚ê‚½‘§Žqv7Î‚ÉP‚¢‚©‚©‚é”îæŽ’† ”ç•†‚Ì“ï•a""“¹‰»Žt—l‹›—Øá""‚Æ“¬‚¤‰Æ‘°‚Ì¡ YouTube‚Ì–§’…“®‰æ‚Í1‰­5000–œ‰ñÄ¶",https://news.yahoo.co.jp/articles/ac92bf02bbbbfb9b501e74886608135cc0f8251f,1/13(“y) 5:01
cbc,CBCƒeƒŒƒr,ƒWƒFƒbƒgƒXƒ^[‚ÅˆêŽžƒVƒXƒeƒ€áŠQ@’†•”‹ó`‚Å‚à2•ÖŒ‡q,https://news.yahoo.co.jp/articles/6fed6d2d6b9e7584a1565ed5f5543ccdf4d66ca6,1/13(“y) 1:08
cbc,CBCƒeƒŒƒr,Ž©‘î‚ð‘Ïk‰»‚·‚é‚É‚Í‚Ç‚¤i‚ß‚ê‚Î‚¢‚¢?@–³—¿f’f‚É‰Á‚¦‰üC‚É‚Í•â•‹à‚à@”\“o”¼“‡’nk‚Å‘Ïkf’f‚ÌˆË—Š‚ª‘‰Á,https://news.yahoo.co.jp/articles/908525acade4053bd0de3f414ed88de2270590f4,1/12(‹à) 20:32
cbc,CBCƒeƒŒƒr,‘Ïkf’f‚ð‚·‚é‚©”Û‚©‚Ìƒ|ƒCƒ“ƒg‚Íu1981”Nv‚Æu2000”Nv ‘Ïk‰»‚³‚ê‚Ä‚¢‚È‚¢Œš•¨‚ð—h‚ç‚·ŽÀŒ±‚©‚çŒ©‚¦‚éŠëŒ¯«,https://news.yahoo.co.jp/articles/373103e359427e0caea1e0d2c3fe252b0b146a29,1/12(‹à) 20:21
cbc,CBCƒeƒŒƒr,”\“o”¼“‡’nkŒã g‘Ïkf’fh‚Ì–â‚¢‡‚í‚¹‚ª‹}‘@f’f‚ÌŒ»ê‚ÅŒ©‚¦‚½‚Ì‚Íc,https://news.yahoo.co.jp/articles/154c98d33d7c9be82c4c80dd0e8fa0bccc0ad4a1,1/12(‹à) 19:04
cbc,CBCƒeƒŒƒr,ƒWƒFƒbƒgƒXƒ^[@—£’…—¤‚Ìˆê•”ƒVƒXƒeƒ€‚É•s‹ï‡@‘“àü‚Í‘S‹ó`‚©‚ç—£—¤‚Å‚«‚¸i12“úŒßŒã6Žž50•ªŒ»Ýj,https://news.yahoo.co.jp/articles/8a3f0077dde6a09291708114323bd21af4df175c,1/12(‹à) 18:53
cbc,CBCƒeƒŒƒr,‚¢‚Ü”õ‚¦‚Ä‚¨‚«‚½‚¢g–hÐƒOƒbƒYh@—Ž‘‚«’ ‚âÜ‚èŽ†‚È‚Ç‚ª“ü‚Á‚½Žq‚Ç‚à—pƒZƒbƒg@”\“o”¼“‡’nkŒã‚É’•¶‘ŠŽŸ‚¬2TŠÔ‘Ò‚¿‚Ì¤•i‚à,https://news.yahoo.co.jp/articles/8fc69ac8fc3e891374407d90db33c4b7776679d1,1/12(‹à) 18:08
cbc,CBCƒeƒŒƒr,—ŽqƒTƒbƒJ[E’Jì–GXŽq‘IŽèi18j‚ªƒhƒCƒc‚Ì–¼–åƒoƒCƒGƒ‹ƒ“Eƒ~ƒ…ƒ“ƒwƒ“‚É‰Á“ü,https://news.yahoo.co.jp/articles/7e75317baf9e99cae7094e33f463686a597aa9ab,1/12(‹à) 17:53
cbc,CBCƒeƒŒƒr,u’n–Ê‚ªƒpƒNƒpƒN‚ÆŒÄ‹z‚ð‚·‚é‚æ‚¤‚Écv ”\“o”¼“‡’nk‚Å‚à‹N‚«‚½g‰tó‰»Œ»Ûh@ê–å‰Æ‚Íu‰½“x‚Å‚à‹N‚«‚év,https://news.yahoo.co.jp/articles/f47aeac391fe9a9af540171026df468c7a182396,1/12(‹à) 17:06
cbc,CBCƒeƒŒƒr,“ŒŠC’n•û‚ÌƒXƒyƒVƒƒƒŠƒXƒg‚ª‘å—\‘zI2024”Nƒqƒbƒg‚·‚é‚©‚à¤•i‚ð‘ÌŒ±ƒŠƒ|[ƒgII,https://news.yahoo.co.jp/articles/66a8b31b637fd2b5c70607001d341a25d8e86504,1/12(‹à) 17:00
cbc,CBCƒeƒŒƒr,‚¨‚©‚°‰¡’š‚ÅŠ¬”\‚Å‚«‚éu–ï‚æ‚¯ƒOƒ‹ƒv‚Æ‚ÍH –ï”N‚Ì˜C•zƒJƒ‹ƒ}‚ª—´_—l‚Ìƒpƒ[ƒXƒ|ƒbƒg‚ÖI,https://news.yahoo.co.jp/articles/f5c4be6abd2a880716e69cc81c70e05760d33a19,1/12(‹à) 16:56
cbc,CBCƒeƒŒƒr,"Ž©‰ä‚à—¬‚ê‚Ä""–³""IH ˜C•zƒJƒ‹ƒ}‚ª‚Ó‚ñ‚Ç‚µŽp‚Å^“~‚Ì‘êsI ŠJ‰^ƒXƒ|ƒbƒg‚ð„‚Á‚Ä–ï—Ž‚Æ‚µ",https://news.yahoo.co.jp/articles/e84f6df4b053a834894da610805f6bc1762f1797,1/12(‹à) 16:42
cbc,CBCƒeƒŒƒr,u‹¤ƒe“–“ú‚Í’sŠ¿ƒ`ƒƒƒ“ƒXƒf[v SNS‚Ì”Ú—ò‚È“Še@ŽóŒ±¶‚Ì”íŠQ\‚µ‚Ã‚ç‚¢Žã‚Ý‚É‚Â‚¯ž‚Þ@ŒxŽ@‚ªŒx‰ú‹­‰»,https://news.yahoo.co.jp/articles/f74b1b8dfa585596f121c8f03f1b859a7f8bc1cf,1/12(‹à) 15:53
cbc,CBCƒeƒŒƒr,“ŒŠC“¹EŽR—zVŠ²ü@ƒS[ƒ‹ƒfƒ“ƒEƒB[ƒN‚àu‚Ì‚¼‚Ýv‘SÈŽw’èÈ@ŽÀŽ{ŠúŠÔ‚ð”­•\,https://news.yahoo.co.jp/articles/000d6450281d56aaf4a83661f3c9dd3a31d9736b,1/12(‹à) 15:21
cbc,CBCƒeƒŒƒr,“Vc‚É‘ã‚í‚èˆÉ¨_‹{‚Ì“VÆ‘å_‚ÉŽd‚¦‚éuÖ‰¤v‚Ì§“x‚ª‚ ‚Á‚½Žž‘ã‚ÌÕ—ç—p‚Ìâ}i‚©‚Ü‚Çj‚È‚ÇÐ‰î d—v•¶‰»à‚à,https://news.yahoo.co.jp/articles/f0753f81946c424936bbe97f181342541ca243ac,1/12(‹à) 12:32
cbc,CBCƒeƒŒƒr,–Ú‚ÌöŠo‚ð—˜—p‚µ‚½—§‘Ì“I‚ÈƒA[ƒgì•i@ŠÓÜ‚¾‚¯‚Å‚È‚­ƒRƒXƒ`ƒ…[ƒ€‚ðŽg‚Á‚Ä“®•¨‚É‚È‚è‚«‚Á‚½ŽB‰e‚à,https://news.yahoo.co.jp/articles/d6e2093ccc5b33d174b73761d6c5aed7cefb30dd,1/12(‹à) 12:12
cbc,CBCƒeƒŒƒr,u’sŠ¿“ú˜av‚Í‹–‚³‚È‚¢ uˆÀS‚µ‚½‹CŽ‚¿‚Å—Ž‚¿’…‚¢‚ÄŽÀ—Í‚ðo‚µ‚Äv ‘åŠw“üŠw‹¤’ÊƒeƒXƒg‚ð‘O‚ÉŒxŽ@‚ªŒx‰ú‹­‰»,https://news.yahoo.co.jp/articles/ebc8b50d6fcdfcffdb22243a49dbc60157ebb023,1/12(‹à) 12:06
cbc,CBCƒeƒŒƒr,’¿•—KueŽq‚Ì”tv‚Á‚Ä‰½!?‚©‚Á‚Ï‚ð‘ÞŽ¡‚µ‚½“`à‚©‚çg‚ ‚élh‚Æ”t‚ðŽÞ‚ÝŒð‚í‚·‚Æu…“ïŽ–ŒÌ‚É‘˜‚í‚È‚¢v,https://news.yahoo.co.jp/articles/258472abc124f0dd47d74bb04577689a57c78fb8,1/12(‹à) 7:02
cbc,CBCƒeƒŒƒr,‚Ü‚½‚àƒoƒCƒfƒ“vsƒgƒ‰ƒ“ƒvHƒAƒƒŠƒJ‘å“—Ì‘I‚ÌŒ»ó‚ð‰ðà,https://news.yahoo.co.jp/articles/f791ece73b59b90f810d231647e1904070429c5f,1/12(‹à) 6:50
cbc,CBCƒeƒŒƒr,“Œ‹½’¬’·ƒpƒƒnƒ‰•ƒZƒNƒnƒ‰–â‘è‚Å@’¬‹c‰ï“ÆŽ©‚Å–â‘è‚ðŒŸØ‚·‚é“Á•ÊˆÏˆõ‰ïÝ’u@ƒnƒ‰ƒXƒƒ“ƒgð—á§’è‚àŽ‹–ì‚É,https://news.yahoo.co.jp/articles/34f762daefe2d68dce1f4b33fa00d6f51e76dba6,1/11(–Ø) 23:44
cbc,CBCƒeƒŒƒr,”\“o”¼“‡’nk‚Å”„ã‚ªŒ¸‚Á‚½’†¬Šé‹Æ‚ðŽx‰‡‚Ö@–¼ŒÃ‰®Žs‚ªŽs“à‚ÌŠé‹Æ‚ð‘ÎÛ‚Æ‚µ‚½‘Š’k‘‹Œû‚ðÝ’u,https://news.yahoo.co.jp/articles/11592c0a830a4c630c05ba3131452340271f3dd5,1/11(–Ø) 19:29
cbc,CBCƒeƒŒƒr,u–{“–‚É‚â‚Á‚Ä‚â‚ë‚¤‚Æ‚¢‚¤‹CŽ‚¿v ƒhƒ‰ƒSƒ“ƒY‚Ì’†“cãÄ‘IŽèi34j‚ªŽ©ŽåƒgƒŒŒöŠJ,https://news.yahoo.co.jp/articles/f0370e84a38ab95fe5c2bdbdf468f044c548695a,1/11(–Ø) 18:54
cbc,CBCƒeƒŒƒr,l‹CƒJƒtƒFgƒuƒ‹[ƒ{ƒgƒ‹ƒR[ƒq[h‚à@u’†“úƒrƒ‹v4ŒŽ23“ú‘S–ÊŠJ‹Æ@ƒeƒiƒ“ƒg‚Ì3•ª‚Ì1‚ª–¼ŒÃ‰®‰“oê,https://news.yahoo.co.jp/articles/3e9728c3846ada2635b9524446ad06b103455fca,1/11(–Ø) 18:46
cbc,CBCƒeƒŒƒr,•Gã‚É’B‚·‚é“D“¹‚âŠâ”§‚ª”‚«o‚µ‚É‚È‚Á‚½‹}ŽÎ–Ê@á‚àÏ‚à‚é”íÐ’n@Á–h‘àuÁ–h‘gD‚¾‚¯‚Å‚Í‘Î‰ž‚Å‚«‚È‚¢‚±‚Æ‚ðŽÀŠ´v,https://news.yahoo.co.jp/articles/1650835b30ccdbbd192155016a21c0e0b0c2dca7,1/11(–Ø) 18:31
cbc,CBCƒeƒŒƒr,yŒð’Êî•ñz–¼“S–¼ŒÃ‰®–{ü@–L–¾`–ÂŠCŠÔ‚Ì‰^“]‚ðÄŠJ@i11“úŒßŒã7Žž25•ªŒ»Ýj,https://news.yahoo.co.jp/articles/39b77d224c76c5a922c59ca0da14cadf3e53b7e4,1/11(–Ø) 18:06
cbc,CBCƒeƒŒƒr,’•¶‚©‚ç’ñ‹Ÿ‚Ü‚Å–ñ25•bIH ‰w‚Ìƒz[ƒ€‚ÅH‚×‚ç‚ê‚é–¼ŒÃ‰®–¼•¨u‚«‚µ‚ß‚ñZ‚æ‚µv‚Ì‚¨‚¢‚µ‚³‚Ì”é–§‚Æ‚ÍH,https://news.yahoo.co.jp/articles/745e41b148a6e1c5c021445377b6c0f82794eb3b,1/11(–Ø) 17:56
cbc,CBCƒeƒŒƒr,ÎìŒ§‚ÌŽ{Ý‚©‚ç‚—îŽÒ‚ðƒwƒŠ‚ÅˆÚ‘—@ˆ¤’mŒ§‚Ìˆã—Ã‹@ŠÖ‚ªŽó‚¯“ü‚ê‚Ö@u“ìŠCƒgƒ‰ƒt‚È‚ç”íŠQ‚Í‚à‚Á‚Æ‘å‚«‚­v,https://news.yahoo.co.jp/articles/9f9333eda2b536a40f59860aeb26c0f3f728c543,1/11(–Ø) 17:51
cbc,CBCƒeƒŒƒr,"”ßŠè‚ÌuŠ¥ŽR“»“¹˜Hv‚ª‚Â‚¢‚ÉŠ®¬I""““¹""‚ÆŒÄ‚Î‚ê‚½‘“¹417†‚Ì–¢ŠJ’Ê‹æŠÔ‚ÉŠJ’Ê‚µ‚½uŠ¥ŽRƒgƒ“ƒlƒ‹v‚Æ‚Í",https://news.yahoo.co.jp/articles/acdbb0908ce97bfa78d2adef31c6d880d0b1c048,1/11(–Ø) 17:50
cbc,CBCƒeƒŒƒr,Šw–â‚Ì_—l‚ð„‚égŽóŒ±‡Ši‹FŠèƒcƒA[h@ŽóŒ±¶‚Ìe‚â‘c•ƒ•ê‚ªŠè‚¢‚ðž‚ß‚Äc@ƒJƒc˜¥‚àH‚×‚ÄŒ±’S‚¬,https://news.yahoo.co.jp/articles/4748bf7b1afb3d2548963bfd35ffed6ca05b7357,1/11(–Ø) 17:46
cbc,CBCƒeƒŒƒr,”íÐ’n‚Å‚Íu–ìØ‚Ìä¥‚Å`‚Å‘Ì‚ðô‚¤‚±‚Æ‚àv ˆù‚Ý…‚¾‚¯‚Å‚È‚­¶Šˆ—p…‚Ì–â‘è‚à[‚É@“ú ‚©‚ç‚Å‚«‚é”õ‚¦@”\“o”¼“‡’nk,https://news.yahoo.co.jp/articles/a466cd53cf64a684d53a6a291f439a6e4b87d88d,1/11(–Ø) 17:44
cbc,CBCƒeƒŒƒr,yŒð’Êî•ñz–¼“S–¼ŒÃ‰®–{ü@lgŽ–ŒÌ‚Ì‚½‚ß@’m—§`–ÂŠCŠÔ‚Å‰^“]‚ðŒ©‡‚í‚¹@i11“úŒßŒã5Žž25•ªŒ»Ýj,https://news.yahoo.co.jp/articles/d1ebec0293a840ca98df31c46133f0544b10bcb4,1/11(–Ø) 17:31
cbc,CBCƒeƒŒƒr,”ü–¡‚µ‚³‚ÆƒGƒ“ƒ^[ƒeƒCƒ“ƒƒ“ƒg«‚ª—Z‡IuƒXƒe[ƒL‚Ì‚ ‚³‚­‚Üvl‹C‚Ì”é–§‚Æ‚Í,https://news.yahoo.co.jp/articles/f07705564f38668c8b82fcbc11962c20cb861b57,1/11(–Ø) 17:05
cbc,CBCƒeƒŒƒr,–hŠ¦•ß“d‚Å’–Ú‚Ìuƒp[ƒ\ƒiƒ‹’g–[v‚Á‚ÄH AQŽž‚â‰®ŠO‚ÉŽg‚¦‚é•Ö—˜‚È‚ ‚Á‚½‚©ƒAƒCƒeƒ€‚ð‚²Ð‰î,https://news.yahoo.co.jp/articles/03e57ebf53ee4c0500fcddd7d8bb607d8881bef2,1/11(–Ø) 16:50
cbc,CBCƒeƒŒƒr,“ìŠCƒgƒ‰ƒt’nk‚ª‹N‚«‚½‚çu…v‚ÍŠm•Û‚Å‚«‚é?@–Úˆó‚ÍLˆæ”ð“ïêŠ‚Ìg‰ž‹}‹‹…Ž{Ýh‚ÌŠÅ”Â@Z–¯‚ªŠJÝ‚Å‚«‚é‹‹…Ý”õ‚à@–¼ŒÃ‰®,https://news.yahoo.co.jp/articles/7ce0e487e0a9edcd606dfdd4c97724187aaf376d,1/11(–Ø) 16:06
cbc,CBCƒeƒŒƒr,”\“o”¼“‡’nk@‚—îŽÒŽ{Ý‚Ì“üŠŽÒ‚ðæ‚¹‚½Ž©‰q‘àƒwƒŠ‚ªÎì‚©‚ç“ž’…@ˆ¤’mŒ§“à‚Ì12‚Ìˆã—Ã‹@ŠÖ‚Å30l‚ðŽó‚¯“ü‚ê,https://news.yahoo.co.jp/articles/6a77782583c3efbc8a1df4b37d109db832ea48b8,1/11(–Ø) 12:06
cbc,CBCƒeƒŒƒr,33ŠKŒš‚Ä‚ÌV‚µ‚¢ƒ‰ƒ“ƒhƒ}[ƒNu’†“úƒrƒ‹v‚ª4ŒŽ23“úi‰Îj‚É‘S–ÊŠJ‹Æ‚Ö@93‚Ì‘Sƒeƒiƒ“ƒg‚à”­•\@–¼ŒÃ‰®E‰h,https://news.yahoo.co.jp/articles/1f0a9a792773fec691bc17ea09a53b23aefb557f,1/11(–Ø) 11:02
cbc,CBCƒeƒŒƒr,y‘¬•ñzˆ¤’mE–L‹´Žs‚Å‰ÎÐ@‰e‹¿‚Å–L‹´“S“¹ˆ­”üü‚ÍV–L‹´`‚Žt‚Å‰^“]Œ©‡‚í‚¹,https://news.yahoo.co.jp/articles/0c3b757aa927839c62fe10fd9233b2a0a4a2f1fa,1/11(–Ø) 8:08
cbc,CBCƒeƒŒƒr,Šç‚â“ª‚É•¡”‚ÌŽh‚³‚ê‚½­@Z‘î‚ÅŒ©‚Â‚©‚Á‚½—«‚Ìˆâ‘Ì‚Íu‘¼ŽEv‚¾‚Á‚½‚Æ‚µ‚Ä‘{¸@—«‚Í‚±‚Ì‰Æ‚Ì¢‘ÑŽå‚ÌÈ‚©,https://news.yahoo.co.jp/articles/5b704ce5ba3bd26747fcd793cea26a7dd74134d7,1/11(–Ø) 6:26
cbc,CBCƒeƒŒƒr,Œ³ƒvƒƒ{ƒNƒT[‚âŽ•‰Èˆã‚ªŽq‚Ç‚à‚ÌH—¿Žx‰‡ ƒt[ƒhƒhƒ‰ƒCƒu‚âŽq‚Ç‚àH“°‰^‰c  HŽ–’ñ‹Ÿ‚¾‚¯‚Å‚È‚­‘Š’k‚Ìê‚É‚àyƒ`ƒƒƒ“ƒg!‰Ä–Ú‚Ý‚È”ü‚ªŽæÞz,https://news.yahoo.co.jp/articles/ee400e10fb4eb499cde6468e7cf607cd36b46eb9,1/11(–Ø) 5:02
cbc,CBCƒeƒŒƒr,‰Œ‹‚Ñ‚Å—L–¼‚È”ò‘ËŒÃì‚ÌuŽOŽ›‚Ü‚¢‚èv@ŠX•À‚Ý‚ð“”‚·á‘œ‚ë‚¤‚»‚­‚Ì»ìi‚Þ@uŽOŽ›‚Ü‚¢‚èv‚Í15“ú‚ÉŠJÃ,https://news.yahoo.co.jp/articles/a0f7bf8ab2dd5aae0f287c6b1005f9d81e406c5b,1/11(–Ø) 0:46
cbc,CBCƒeƒŒƒr,–K–â‚µ‚½ƒPƒAƒ}ƒl[ƒWƒƒ[‚ª•‰Œ‚ðŒ©‚Â‚¯‚é@Zl‚Ì85Î’j«‚Í‹~o‚³‚ê‚½‚à‚Ì‚Ì•a‰@‚ÅŽ€–S‚ðŠm”F,https://news.yahoo.co.jp/articles/9e648d7ee355bd58d7f224cde271847108468d36,1/11(–Ø) 0:12
cbc,CBCƒeƒŒƒr,ƒAƒp[ƒg‚ÅZl‚ªŽñ‚ði‚ß‚ç‚ê‚ÄŽ€–S@ŒxŽ@‚ÍŽElŽ–Œ‚Æ’f’è‚µ‘{¸–{•”Ý’u@”Æs‚Í9“ú–¢–¾‚©,https://news.yahoo.co.jp/articles/93ee7029b25a387ed8092bb8d533cfc530afa052,1/11(–Ø) 0:08
cbc,CBCƒeƒŒƒr,“Á‹}—ñŽÔ‚ª’Pü‹æŠÔ‚ÅÔM†‚ðŒ©—Ž‚Æ‚µis@‚¯‚ªl‚È‚µ‚àŽÔ—¼‚É”j‘¹@ü˜H“_ŒŸ‚Ì‚½‚ßŒÜ\—éì`Œ«“‡‚Å‰^“]Œ©‡‚í‚¹,https://news.yahoo.co.jp/articles/2819ec44e4427e515b8c38f2a8b9a3a3a32f805d,1/10(…) 21:33
cbc,CBCƒeƒŒƒr,”\“o”¼“‡’nk‚ðŽæÞ‚µ‚½‹LŽÒ‚ªŒ©‚½u”íÐ’n‚ÌŒ»óv Š¦‚³‚Æá‚Ì’†‚Å‚ÌŠïÕ‚Ì‹~o‚â’Ã”g‚Ì’Ü­,https://news.yahoo.co.jp/articles/58796847f95dfe127a75279900ec61906693b9a8,1/10(…) 20:23
cbc,CBCƒeƒŒƒr,u’Àã‚°‚Ç‚¤‚·‚é?v “ŒŠC’n•û‚ÌŠé‹Æƒgƒbƒv‚É•·‚¢‚Ä‚Ý‚½ u‚à‚¿‚ë‚ñ’Àã‚°‚Ì•ûŒü‚Écv‚Ì”­Œ¾‚à,https://news.yahoo.co.jp/articles/b1a28f6cbcf23dfc1c9926b522b03afc442cf8f5,1/10(…) 20:11
cbc,CBCƒeƒŒƒr,”\“o”¼“‡’nk@”õ’~‚µ‚Ä‚¢‚é–hÐƒOƒbƒY‚ÌŒ©’¼‚µ‚ð@–¼ŒÃ‰®‚Ìƒz[ƒ€ƒZƒ“ƒ^[‚Í1TŠÔ‚ÅŒŽ•½‹Ï‚Ì30”{‚Ì”„‚èã‚°‚É,https://news.yahoo.co.jp/articles/a4c997c2cbbfa503c12411135f6a80ce8437c622,1/10(…) 19:39
cbc,CBCƒeƒŒƒr,yŒð’Êî•ñz‹ß“SŽu–€ü@’¹‰H`Œ«“‡@ŽÔ—¼ŒÌá‚Ì‚½‚ß‰^“]Œ©‡‚í‚¹,https://news.yahoo.co.jp/articles/fd36a17bd098febea0a3befd5c0d9365a1aaaacb,1/10(…) 19:38
cbc,CBCƒeƒŒƒr,“ú–{ƒKƒCƒVu‚¢‚ë‚ñ‚È‚à‚Ì‚ª‰ó‚êcv –¼“SuƒOƒ‹[ƒv‰ïŽÐ‚Ì˜Hü‚ªƒYƒ^ƒYƒ^‚Év@”\“o”¼“‡’nk‚Å“ŒŠC’n•û‚ÌŠé‹Æ‚É‚à‰e‹¿,https://news.yahoo.co.jp/articles/2b63e5a34e2968098ad4d0aee2046de48dc5a7e4,1/10(…) 19:16
cbc,CBCƒeƒŒƒr,”\“o”¼“‡’nk”­¶‚©‚ç124ŽžŠÔŒã@‹LŽÒ‚ªŒ©‚½ŠïÕ‚Ì‹~oŒ€@’Ã”g‚Æ‰tó‰»‚ÌÕ‚ÍF”Z‚­c,https://news.yahoo.co.jp/articles/7faf595a36b0c5a815fa32f49488cb038d42a007,1/10(…) 18:57
cbc,CBCƒeƒŒƒr,”\“o”¼“‡’nk@ˆ¤’mŒ§‚Ìh”‘Ž{Ý‚Å”íÐŽÒ‚ÌŽó‚¯“ü‚ê@œëÐØ–¾‘‚È‚Ç‚ð’ñŽ¦‚·‚ê‚Î–³—¿‚Åh”‘‰Â”\,https://news.yahoo.co.jp/articles/3f066a04f179c319885944acef54ccc64780d18e,1/10(…) 18:36
cbc,CBCƒeƒŒƒr,”ª‘ãˆŸ‹I‚³‚ñi73j‚ªŽc‚µ‚½’¼•M‚ÌŠG”n u¢ŠE‚ÌŠF—l‚ªK‚¹‚Å‚ ‚è‚Ü‚·‚æ‚¤‚ÉB¯‚ÉŠè‚¢‚ðcv,https://news.yahoo.co.jp/articles/1409e7218b61bdfbfa3a4b77328d16a32853b9fb,1/10(…) 17:57
cbc,CBCƒeƒŒƒr,gƒ|ƒCŠˆh‚Å‰Æ‚ðw“ü‚µ‚½Žå•w‚É5000–œ‰~•ª’™‚ß‚½g’é‰¤h‚à@ƒgƒN‚·‚é”éŒ‚Í?  uƒ|ƒCŠˆ‚Ål¶‚ª•Ï‚í‚Á‚½v’Bl‚É–§’…,https://news.yahoo.co.jp/articles/b9c3dbea84ab0aedd27e4a231ac76d59e7881f89,1/10(…) 17:32
cbc,CBCƒeƒŒƒr,ƒxƒgƒRƒ“‚Í‰½‚Ì—ªHŒ³‹C‚ªo‚é–¼ŒÃ‰®‚ß‚µIƒxƒgƒRƒ“ƒ‰[ƒƒ“‚Ì’a¶‚Æ—ðŽj,https://news.yahoo.co.jp/articles/23599300cb644f82608c54af3cf87fdf91617106,1/10(…) 17:15
cbc,CBCƒeƒŒƒr,‰Á“¡ˆ¤ƒAƒi‚ª–¼ŒÃ‰®Žs•ä‹æ‚Ìˆ¤‚³‚êƒt[ƒhw‚½‚Ê‚«ƒP[ƒLx‚ð’²¸I —m‰ÙŽqŠE‚Ìâ–ÅŠëœœŽí‚Éo‰ï‚Á‚½I,https://news.yahoo.co.jp/articles/1ee6367ff3897145b1684f15909420bdda194199,1/10(…) 17:00
cbc,CBCƒeƒŒƒr,‚Ì‚Ç‚²‚µ‚Ü‚ÅŠÃ‚¢ƒNƒƒƒbƒTƒ“IH”é–§‚Í“Œ‹ž‚Ì–¼“X‚©‚çŽæ‚èŠñ‚¹‚é”ZŒú‚È¬”ž•²‚ÉƒAƒŠ,https://news.yahoo.co.jp/articles/f4be221198c65b153981ee3087419936daa159c0,1/10(…) 16:50
cbc,CBCƒeƒŒƒr,ƒKƒ“Ž¡—Ã‚Æ”DŠˆ‚ÌÝ‚è•û‚Æ‚ÍHL‚ª‚é”DŠˆ•û–@‚Ì‘I‘ðŽˆ‚É‚Â‚¢‚Ä,https://news.yahoo.co.jp/articles/da1e6c8f41c10cd56442bc7dcf68fb686d467ea5,1/10(…) 16:40
cbc,CBCƒeƒŒƒr,"CBCŽá‹·ƒAƒi‚ªˆ­”ü”¼“‡‚Ì“~‚Ì•—•¨Žu‚Í‚´‚©‚¯‘åªv‚ðÐ‰îI""Œ¶‚Ì‚½‚­‚ ‚ñ""‚ÉãŒÛI",https://news.yahoo.co.jp/articles/a3ccc8a0fd0e5e544cfaad3373550167246ec36b,1/10(…) 16:20
cbc,CBCƒeƒŒƒr,‹ß“S‚Ì“Á‹}—ñŽÔ‚ª‘S–Ê‹Ö‰Œ‚É@‚±‚Æ‚µ3ŒŽ1“ú‚©‚ç—ñŽÔ“à‚Ì‹i‰ŒŽº‚ð”pŽ~,https://news.yahoo.co.jp/articles/313abded5721f674c8c59117615ab365d0e1ccac,1/10(…) 14:46
cbc,CBCƒeƒŒƒr,‚±‚Æ‚µ‚Ì^Žì‚Ìo—ˆ‚ÍD’²@uƒAƒRƒ„ƒKƒCv‚©‚ç^Žì‚ðŽæ‚èo‚·•l—g‚°ì‹Æƒs[ƒN@—{B‚ª·‚ñ‚ÈŽOdEŽu–€Žs,https://news.yahoo.co.jp/articles/cf0c35e99880b3c0f5c01124452a4d636c88be7d,1/10(…) 11:59
cbc,CBCƒeƒŒƒr,ƒhƒ‰ƒSƒ“ƒY‚Ìg”N’jh ‘å–ì—Y‘å‚âª”öV‚ç‚ªŽ©ŽåƒgƒŒ‚ðŒöŠJ@’C”N‚ÌƒV[ƒYƒ“‚ÉŒü‚¯‚ÄŽn“®,https://news.yahoo.co.jp/articles/ea320b506c6c0e2dca77c4cb38d2b87cd38a7ef0,1/10(…) 11:44
cbc,CBCƒeƒŒƒr,Šo‚¦‚Ä‚¢‚Ü‚·‚©HƒPƒK‚É‚ÍuÔƒ`ƒ“v`•ÛŒ’Žº‚É‰Æ’ë‚Éí”õ‚³‚ê‚Ä‚¢‚½‰ù‚©‚µ‚Ì–ò,https://news.yahoo.co.jp/articles/931f418fe84a81161a7d2be60c170c581da0d147,1/10(…) 10:40
cbc,CBCƒeƒŒƒr,ƒhƒ‰ƒSƒ“ƒYV“ü’c‚Ì10‘IŽè‚ª“ü—¾‚µ‡“¯Ž©ŽåƒgƒŒ‚ªƒXƒ^[ƒg@—§˜QŠÄ“Âu‚µ‚Á‚©‚è‘Ì‚ð‚Â‚­‚Á‚Äv,https://news.yahoo.co.jp/articles/b3994588a712f091f9e1e682b9fa4dff36520656,1/9(‰Î) 19:53
cbc,CBCƒeƒŒƒr,ÐŠQ”õ’~•i‚ð‚Ç‚±‚É’u‚¢‚Ä‚¨‚¯‚Î‚¢‚¢‚Ì‚©c@‘½”‚Ì‰Æ‰®“|‰ó‚©‚çŒ©‚¦‚½‰Û‘è@”\“o”¼“‡’nk,https://news.yahoo.co.jp/articles/d3dce51313d4c4bf48c991a4dc812b1ca0594141,1/9(‰Î) 19:46
cbc,CBCƒeƒŒƒr,Šò•ŒŒ§‚ªÎìŒ§’†”\“o’¬‚ðŽx‰‡‚Ö@’¬’·‚ªƒIƒ“ƒ‰ƒCƒ“‚Å‰ï‹c‚ÉoÈ‚µÐŠQ”pŠü•¨‚Ìˆ—‚âœá‘Î‰ž‚È‚Ç‚ÖŽx‰‡‹‚ß‚é@”\“o”¼“‡’nk,https://news.yahoo.co.jp/articles/50b971e27deadad3ce9ce47ba43223738e75c767,1/9(‰Î) 19:34
cbc,CBCƒeƒŒƒr,“¡ˆä‘‘¾”ªŠ¥‚ª2024”N”’¯ƒXƒ^[ƒg@u‰¤«v‚ð–h‰q‚È‚ç‘åŽRN°\ŒÜ¢–¼l‚ð’´‚¦‚éŽjãÅ‘½‚Ìƒ^ƒCƒgƒ‹20˜A”e‚É,https://news.yahoo.co.jp/articles/f861f70404c573e30ddfd597e2dbba8de63191c1,1/9(‰Î) 19:28
cbc,CBCƒeƒŒƒr,Žx‰‡•¨Ž‘‚ðŒø—¦—Ç‚­•ª‚¯‚éuV‚µ‚¢Œ`v‚ÌŽx‰‡@”íÐŽÒ‚ª•¨Ž‘‚ð‘I‚×‚éƒ}ƒbƒ`ƒ“ƒOƒTƒCƒg@”\“o”¼“‡’nk,https://news.yahoo.co.jp/articles/b88d0f2b8835b8227d29be2594a5d7fc5c3ddce2,1/9(‰Î) 19:14
cbc,CBCƒeƒŒƒr,”\“o”¼“‡’nk‚Ì”íÐ’n‚Öuƒ\[ƒ‰[ƒnƒEƒXv‚ð’ñ‹Ÿ@‘¾—zŒõ”­“d‚Å’g–[‚âƒlƒbƒg‚ªŽg‚¦‚ÄƒgƒCƒŒ‚à,https://news.yahoo.co.jp/articles/11452f3ee1afc6dd59ee7a659c8a884521160b0f,1/9(‰Î) 19:08
cbc,CBCƒeƒŒƒr,‘å’JãÄ•½‘IŽè‚ÌƒOƒ[ƒu‚ª—ˆ‚½! uƒTƒCƒ“‚ª‚ ‚Á‚Ä‚©‚Á‚±‚æ‚©‚Á‚½v Žn‹ÆŽ®‚ÅŽq‚Ç‚à‚½‚¿‚É‚¨”â˜I–Ú@Š—ŒSŽsE’|“‡¬ŠwZ,https://news.yahoo.co.jp/articles/796fcbd22229f4f463e482fb5b78110969f558c0,1/9(‰Î) 19:02
cbc,CBCƒeƒŒƒr,–hÐƒOƒbƒY‚Íg‘ÎôƒOƒbƒYh ‚æ‚è‚à h”­ÐŒã‚É–ð—§‚Â¤•ih ‚É’–ÚW‚Ü‚é@”\“o”¼“‡’nk‚Å”„‚ês‚«‚É•Ï‰»,https://news.yahoo.co.jp/articles/452b37bd832d077caaa63c847a5fa75a0cd825bb,1/9(‰Î) 18:36
cbc,CBCƒeƒŒƒr,Žw’è‚Ì”ð“ïŠ‚És‚¯‚È‚¢c@‹LŽÒ‚ªŒ©‚½”íÐ’n‚Ì‚¢‚Ü@‰ß“‚ÈðŒ‚Å‘±‚­–½‚ª‚¯‚Ì‹~oŠˆ“®‚à@”\“o”¼“‡’nk,https://news.yahoo.co.jp/articles/94a6538e07d4cdbab85cdbb46c211af09558cea6,1/9(‰Î) 17:41
cbc,CBCƒeƒŒƒr,‘å·‚èIƒƒK·‚èIƒiƒ|ƒŠƒ^ƒ“‚ðS‚ä‚­‚Ü‚ÅŠy‚µ‚ß‚éuƒpƒ“ƒ`ƒ‡v‚ªƒOƒ[ƒoƒ‹ƒQ[ƒg‚Éƒjƒ…[ƒI[ƒvƒ“I,https://news.yahoo.co.jp/articles/b4c095396a0eceb7f518906cca137d0ca31099f3,1/9(‰Î) 17:00
cbc,CBCƒeƒŒƒr,"""Ig–¼—_—³ƒtƒ@ƒ“""‚±‚ÆƒJ[ƒvŒI—Ñ—Ç—™“ŠŽè‚àŽQ‰ÁI ƒgƒˆƒ^Ž©“®ŽÔOB‰ï‚ð“O’êƒŠƒ|[ƒg",https://news.yahoo.co.jp/articles/c1ec4212323630a8895f63ca38e2004259bb5ca3,1/9(‰Î) 16:55
cbc,CBCƒeƒŒƒr,ª”öE¼–Ø•½EXŽR...’†“úE‘å–ì§‘¾ƒR[ƒ`‚ª‹C‚É‚È‚éŽáŽè“ŠŽè‚ð•ªÍ,https://news.yahoo.co.jp/articles/35c9d6552f6824f45b6f15f756a97f8331573f28,1/9(‰Î) 16:50
cbc,CBCƒeƒŒƒr,u‚Ö‚«‚È‚ñ”ülv‚Ìo‰×Å·Šú@F‚Â‚â‚æ‚­ƒjƒ“ƒWƒ““Á—L‚Ì‹ê–¡‚ª­‚È‚¢@ˆ¤’mE•É“ìŽs‚Ì“ÁŽY•i,https://news.yahoo.co.jp/articles/091457b8152297b73ab5f5a497a2c48d5778dcc5,1/9(‰Î) 11:44
cbc,CBCƒeƒŒƒr,‘å’JãÄ•½‘IŽè‚ÌƒOƒ[ƒu‚ªŽn‹ÆŽ®‚Å‚¨”â˜I–Ú@uƒTƒCƒ“‚ª‚©‚Á‚±‚æ‚©‚Á‚½v@Ž™“¶‚ªƒLƒƒƒbƒ`ƒ{[ƒ‹Šy‚µ‚Þ@ˆ¤’mEŠ—ŒSŽs,https://news.yahoo.co.jp/articles/c2cb706bd8291ec3f8be7d7e3377692385b1b504,1/9(‰Î) 11:21
cbc,CBCƒeƒŒƒr,“ŒŠC’n•û‹’“_‚ÌŠé‹Æ‚Åg’Àã‚°h‚Ì•ûjL‚ª‚é u’Àã‚°‚ðŒ©‘—‚év‚Æ‰ñ“š‚µ‚½Šé‹Æ‚Íƒ[ƒ y’†“úBIZƒiƒr‚ÌƒAƒ“ƒP[ƒgz,https://news.yahoo.co.jp/articles/c6872981288f488dbdd33580e0960618e112f65d,1/9(‰Î) 10:56
cbc,CBCƒeƒŒƒr,"S‚Ì‹©‚Ñ‚ðgƒ‰ƒbƒvh‚Å  uƒTƒCƒtƒ@[vŽQ‰Á‚Ì10‘ã‚ª""“`‚¦‚½‚¢Žv‚¢"" –¼ŒÃ‰®E‘å‘]ª‰w‘O‚Ì˜Hã‚Å‘¦‹»ƒ‰ƒCƒu",https://news.yahoo.co.jp/articles/dc320a27b411ecbddae39ab1f57069586328959a,1/9(‰Î) 5:02
cbc,CBCƒeƒŒƒr,ˆ¤’mE¼”öŽsog‚Ì‰æ‰ÆEÖ“¡Œá˜N‚³‚ñ‚ÌƒAƒgƒŠƒG“W@–ûŠG‚â”Å‰æ‚È‚Ç100“_“WŽ¦’†,https://news.yahoo.co.jp/articles/8bc853fc17334fc3ac8416e295db9fc2ee2b26c6,1/9(‰Î) 3:53
cbc,CBCƒeƒŒƒr,“¡ˆä”ªŠ¥‚ª‰¤«í‘æ1‹ÇuŸ—˜vƒ^ƒCƒgƒ‹í20˜A”e‚ÖD”­i,https://news.yahoo.co.jp/articles/99e5d585a6731be207b431be30efd0eec91fe83b,1/9(‰Î) 0:21
cbc,CBCƒeƒŒƒr,uƒ[ƒ‹ƒhƒJƒbƒv‚Éo‚½‚¢vu‚È‚Å‚µ‚±ƒWƒƒƒpƒ“‚É“ü‚è‚½‚¢v 10ÎˆÈ‰º‚ÌƒTƒbƒJ[ŒöŽ®í OKAYACUP,https://news.yahoo.co.jp/articles/3f8f49481dec7235f8ae114295fcf14dce90862d,1/8(ŒŽ) 18:57
cbc,CBCƒeƒŒƒr,”\“o”¼“‡’nk‚Å‰º…“¹‚Ì•œ‹ŒŽx‰‡‚Ö Eˆõ14l‚ªÎìŒ§‚Éo”­@‰tó‰»‚Å‰º…ŠÇ‚âƒ}ƒ“ƒz[ƒ‹‚È‚Ç‘¹,https://news.yahoo.co.jp/articles/83a7224bc7473bc37fd99774f8b2aae69122aeac,1/8(ŒŽ) 18:53
cbc,CBCƒeƒŒƒr,’r“c‰À—²—e‹^ŽÒi57j‚ÌŽwŽ¦‚ÅØ‹’‰B–Å‚© “Á‘{•”‚Ì‘{õ‘O‚ÉŽ––±Š‚Åƒ[ƒ‹‚È‚Çƒf[ƒ^Á‹Ž‚Ì‹^‚¢,https://news.yahoo.co.jp/articles/e13b126d226bdee058b8f99dff904dd52a5fb0d0,1/8(ŒŽ) 16:51
cbc,CBCƒeƒŒƒr,uŽ¸‚í‚ê‚½M—Š‚Ì‰ñ•œ‚Í•À‘å’ï‚Å‚Í“ï‚µ‚¢v ’r“c‰À—²—e‹^ŽÒi57j‘ß•ß‚Å’nŒ³Œ§˜A‰ï’·‚ª‰ïŒ©y‰ïŒ©‘S•¶z,https://news.yahoo.co.jp/articles/fde90cd4949068686a84ed157eade45d8362e611,1/8(ŒŽ) 13:08
cbc,CBCƒeƒŒƒr,“¡ˆä‘‘¾”ªŠ¥i21j‚Ì‰¤«í‘æ1‹Ç2“ú–Ú‚ªŽn‚Ü‚é ŽjãÅ‘½ƒ^ƒCƒgƒ‹í20˜A”e‚ÉŒü‚¯D”­i‚È‚é‚©,https://news.yahoo.co.jp/articles/dcc19c2c41a348762eb857dde194fe34caa6aa0b,1/8(ŒŽ) 12:33
cbc,CBCƒeƒŒƒr,u‘å•ÏˆâŠ¶‚È‚±‚Æ‚Å‚ ‚èd‚­Žó‚¯Ž~‚ß‚Ä‚¨‚è‚Ü‚·v ’r“c‰À—²O‹c‰@‹cˆõi57j‘ß•ß‚ÉŠÝ“c•¶—Y‘—‘åbŒê‚é,https://news.yahoo.co.jp/articles/6402ca77b7103b2cc55802d4b529a57445a114ff,1/7(“ú) 17:06
cbc,CBCƒeƒŒƒr,1ŒŽ7“ú‚ÍuŽµ‘‚Ì“úv@_ŽÐ‚Å‚ÍŽµ‘‚ª‚ä‚ð‹Ÿ‚¦‚Ä–³•a‘§Ð‚ð‹FŠè@ŽQ”qŽÒ‚ÉU‚é•‘‚¢‚à,https://news.yahoo.co.jp/articles/e546f6303ac23bc967974e175cc8559c35d3bffa,1/7(“ú) 15:29
cbc,CBCƒeƒŒƒr,“oŽR’†‚É’nŒ³‚ÌŒxŽ@ƒiƒ“ƒo[2‚ªŠŠ—ŽŽ€@È‚©‚ç‚Ì’Ê•ñ‚Å3ŽžŠÔŒã‚É“|‚ê‚Ä‚¢‚é‚Ì‚ªŒ©‚Â‚©‚èA‚»‚Ìê‚ÅŽ€–S‚ðŠm”F,https://news.yahoo.co.jp/articles/5de571753d9c66b2ba83aa4b30462c64a193a894,1/7(“ú) 14:16
cbc,CBCƒeƒŒƒr,‚ ‚Ì‘IŽè‚àoÈA•ø•‰‚Íc@u¬l‚Ì“úv‹L”OsŽ–@U‘³‚âƒX[ƒcŽp‚Å“ñ\Î‚ÌŒˆˆÓ‚ð‚ ‚ç‚½‚É,https://news.yahoo.co.jp/articles/2b98103f1bec9c0e2950f9c594720a9424018c84,1/7(“ú) 13:48
cbc,CBCƒeƒŒƒr,u”h”´‚©‚çŽûŽx•ñ‘‚É‹LÚ‚µ‚È‚­‚Ä‚à‚¢‚¢‚ÆŒ¾‚í‚ê‚Ä‚¢‚½v ’r“c‰À—²O‹c‰@‹cˆõi57j‚Æ­ô”é‘‚ð‘ß•ß,https://news.yahoo.co.jp/articles/5772bca0c929dc6a5cd1b376692dc4d467a1dfa7,1/7(“ú) 13:01
cbc,CBCƒeƒŒƒr,“¡ˆä”ªŠ¥A‚±‚Æ‚µ‰‚Ì–h‰qí@‰¤«íŽµ”ÔŸ•‰‚Í‚¶‚Ü‚é,https://news.yahoo.co.jp/articles/de8344818a58c9f2d83c663afe5fb5f97b034aec,1/7(“ú) 12:09
cbc,CBCƒeƒŒƒr,’r“c‰À—²O‰@‹cˆõ 7“ú‚É‚à‘ß•ß‚Ö ˆ¤’m3‹æ‚ª’n”Õ ­Ž¡Ž‘‹àƒp[ƒeƒB[Œ”Žû“ü‚Ì— ‹à‰»Ž–Œ,https://news.yahoo.co.jp/articles/84b1df414272dff35a20d4e8c1e848767e5321a6,1/7(“ú) 11:59
cbc,CBCƒeƒŒƒr,¡’–ÚwHxw”]ƒgƒŒxw‰^“®x‚ÌŽá•Ô‚èî•ñcê–å‰Æ‚ÉŠw‚ÔIƒQƒ“ƒL‚ÉŽá•Ô‚èƒXƒyƒVƒƒƒ‹,https://news.yahoo.co.jp/articles/3e3a0603bfefc610fc8a42d88db8817209616b29,1/7(“ú) 7:10
cbc,CBCƒeƒŒƒr,4”N‚Ô‚è‚ÉŠJÃ@Šò•ŒEŒSãŽs‚Ì‰Ô’D‚¢‚Ü‚Â‚è,https://news.yahoo.co.jp/articles/5cf770be6c1dbead6f79f4b1bad5e5df78fcbf3d,1/7(“ú) 0:46
cbc,CBCƒeƒŒƒr,“ú–{Šû‰@’†•”–{•”‚ÅVtP—á‚Ì‘Å‚¿‰‚ßŽ®@ˆÍŒéƒtƒ@ƒ“‚ªƒvƒ‚Æ‚Ì‘ÎíŠy‚µ‚Þ,https://news.yahoo.co.jp/articles/a139097c0bfd91dbb61febf84b30fc95ec682897,1/6(“y) 18:19
cbc,CBCƒeƒŒƒr,Šâ’Ã“V–ž‹{‚Å‡Ši‹FŠèÕ@’†‚¶‚ç–Ú‘O‚É”—‚Á‚½ŽóŒ±‚ðT‚¦‹CŽ‚¿V‚½‚É,https://news.yahoo.co.jp/articles/8b0da56d02e3f1d11e62692e24a556949c9257b8,1/6(“y) 18:17
cbc,CBCƒeƒŒƒr,u“ú–{‚Å‚à‚Á‚Æ‚â‚é‚×‚«‚±‚Æ‚ª‚ ‚év’†“úƒhƒ‰ƒSƒ“ƒYîà‹´G“l“ŠŽèi21j‚Ì2024”Ny‘åÎ–M•F‚ª•·‚­z,https://news.yahoo.co.jp/articles/278d672cc75196c896b522a590d07173059f49dc,1/6(“y) 6:02
cbc,CBCƒeƒŒƒr,–•’ƒ‚ÌŒ´—¿u‚Ä‚ñ’ƒv‚Ì¶ŽY‚ª‘S‘—L”‚Ìˆ¤’mE¼”öŽs@4”N‚Ô‚è‚É’†Šw¶‚ªŽs–ðŠ‚Å–•’ƒ‚ð‚Ó‚é‚Ü‚¤,https://news.yahoo.co.jp/articles/061cc05cd85313e79e6fb237196c46cb6da6195a,1/5(‹à) 20:02
cbc,CBCƒeƒŒƒr,”\“o”¼“‡’nk‚ÅZ‘î‘Ïk‰»‚Ì‘Š’k‘ •’i1“ú1`2Œ‚ª10Œ@’S“–ŽÒu‰Æ‚ª—h‚ê‚Ä•sˆÀ‚ÉŽv‚Á‚½l‚ª‘½‚¢v,https://news.yahoo.co.jp/articles/bd95319fa8aab1d52730b104e59adce8fcbc9690,1/5(‹à) 19:59
cbc,CBCƒeƒŒƒr,u‹~o‚µ‚½‚ªS”x’âŽ~cv”\“o”¼“‡’nk‚Å”hŒ­‚³‚ê‚½Á–hEˆõ‚ªŒê‚é gƒKƒ\ƒŠƒ“h‚Æg‰¼ÝƒgƒCƒŒh‚Ì•s‘«,https://news.yahoo.co.jp/articles/baf1a5686d75725467140e3d27bc70bf3177cb16,1/5(‹à) 18:08
cbc,CBCƒeƒŒƒr,uó‹µ‚Í‚Ç‚ñ‚Ç‚ñˆ«‰»Bˆã—Ã]Ž–ŽÒ‚Í‘S‚­‘«‚è‚Ä‚¢‚È‚¢v”íÐ’n‚Åˆã—Ã‹~‰‡‚É‚ ‚½‚Á‚½ˆãŽt‚ªŒê‚é”\“o”¼“‡’nk,https://news.yahoo.co.jp/articles/fef166e4ebb12bc4ca963ff5a9ad8ebb120199db,1/5(‹à) 18:08
cbc,CBCƒeƒŒƒr,3˜A‹x‚Í”íÐ’n‚Å‰J‚Ì‚¿‘åá—\‘z ‹}‚®‹~•Šˆ“®@Ž€ŽÒ94lˆÀ”Û•s–¾ŽÒ222li5“úŒßŒã3Žž50•ªŒ»Ýj,https://news.yahoo.co.jp/articles/7820ff5fc2e345044e13ebf9c3fd5fe1546f9f57,1/5(‹à) 17:27
cbc,CBCƒeƒŒƒr,“ú–{ˆêL‘å‚ÈŠw‰€!? ƒXƒP[ƒ‹‚ªƒnƒ“ƒp‚È‚¢‚ä‚¦‚Ì•sŽv‹c Šò•ŒŒ§w—íàV˜Q‚Zx‚ðƒ}ƒaƒ‰ƒu‚ªƒŠƒ|[ƒgI,https://news.yahoo.co.jp/articles/01f157c7624696d523c2c973ae3c806a29abf2c4,1/5(‹à) 17:00
cbc,CBCƒeƒŒƒr,’´‚Ó‚í‚Ó‚íHŠ´‚ÌƒRƒbƒyƒpƒ“•‘½‘Ð—¿—‚ªâ•i‚Ì‰f‚¦‚éƒJƒtƒFIƒKƒ“ƒoƒŒƒ‹[ƒ„‚ªŠò•ŒEŠC’ÃŽs‚ð‚Ô‚ç‚è—·,https://news.yahoo.co.jp/articles/51d83b1c75de09c023e90c4b94f7aa4d3796e18e,1/5(‹à) 17:00
cbc,CBCƒeƒŒƒr,5–œ‰H‚ÌŽEˆ•ªŽn‚Ü‚é 162‰H‚ÌƒjƒƒgƒŠ‚ªŽ€‚ñ‚¾—{Œ{ê ‚•aŒ´«’¹ƒCƒ“ƒtƒ‹ƒGƒ“ƒUŠ´õ‚ðŠm”F,https://news.yahoo.co.jp/articles/ef707ff6769ee33be98c9731e8d96d3aedfd5139,1/5(‹à) 16:18
cbc,CBCƒeƒŒƒr,”M“c_‹{‚Å‰‚¦‚Ñ‚· 185ƒZƒ“ƒ`5–œ‰~‚Ìg•ŸŒFŽèh‚Í45•ª‚ÅŠ®”„ u‚±‚ñ‚È‚·‚²‚¢‚Æ‚ÍŽv‚í‚È‚©‚Á‚½v,https://news.yahoo.co.jp/articles/2edbb7db661d857415a3f17f122a6060b3c081e8,1/5(‹à) 16:13
cbc,CBCƒeƒŒƒr,uƒƒo‚ÌŽ¨‚©‚ç—Ž‚¿‚½vŒg‘Ñ“d˜b‚ÅŽ©‚ç’Ê•ñ –kƒAƒ‹ƒvƒX ƒWƒƒƒ“ƒ_ƒ‹ƒ€•t‹ß‚Å’j«‚ª300ƒ[ƒgƒ‹ŠŠ—Ž,https://news.yahoo.co.jp/articles/161696be9a02b67c60e6acfd4011123ce31abdc4,1/5(‹à) 15:46
cbc,CBCƒeƒŒƒr,”­‚ª‚ñ«‚ª‹^‚í‚ê‚éuPFASv ˆ¤’mEŒ¢ŽRŽs‚Ì‰Íì‚ÅŠî€’l’´‚¦@¡”N“x’†‚É‰º—¬‚Å…Ž¿’²¸‚ð—\’è,https://news.yahoo.co.jp/articles/03e1e3a790110187a8203c7dedaa49427e14fc09,1/5(‹à) 15:44
cbc,CBCƒeƒŒƒr,ƒ^ƒC‘–¯‚Ìg‚Ù‚Ú‘Sˆõh‚ªŽg‚¤ƒXƒ}ƒzŒˆÏŽè’iuƒvƒƒ“ƒvƒgƒyƒCv‚Á‚Ä? ŽdŠ|l‚Ìƒ^ƒC‚Ì‹âsˆõ‚É–§’…,https://news.yahoo.co.jp/articles/7c0af274f1b14ce94f349947444bc9d4a987acc0,1/5(‹à) 15:42
cbc,CBCƒeƒŒƒr,”N––”NŽn8“úŠÔ‚Ì“ŒŠC“¹VŠ²ü–ñ317–œ8000l‚ª—˜—p@ƒRƒƒi‰Ð‘O‚Ì2018”N“x‚ð‚í‚¸‚©‚Éã‰ñ‚é,https://news.yahoo.co.jp/articles/c5f257f9f7ed562ff1738f459d503102e0fece85,1/5(‹à) 15:03
cbc,CBCƒeƒŒƒr,uŽx‰‡•¨Ž‘‚ª“Í‚©‚È‚¢vuH—¿‚â…‚ª‚È‚¢v ”íŠQ‚ÍL”ÍˆÍ‚É@”\“o”¼“‡’nk‚Ì”íÐ’n‚Ì¡yŽæÞ‹LŽÒ‚Ì•ñz,https://news.yahoo.co.jp/articles/0912ec09505e2fd2e580b0ee11ae680c6b630fe4,1/5(‹à) 12:48
cbc,CBCƒeƒŒƒr,u¶‘Ì”½‰ž‚ª‚ ‚é‚Æ‚±‚ë‚É‘S—Í“Š‹…‚µ‚½v—Ö“‡Žs‚Å“|‰ó‰Æ‰®‚©‚ç‚Ì‹~oŠˆ“®‚È‚Ç‚É‚ ‚½‚Á‚½Á–hEˆõ‚ª•ñ,https://news.yahoo.co.jp/articles/b1e4364121417a3031bb0c9e2d7bfe00ed892052,1/5(‹à) 12:21
cbc,CBCƒeƒŒƒr,ƒjƒƒgƒŠ5–œ‰H‚ÌŽEˆ•ª‚ðŠJŽn Ž€‚ñ‚¾162‰H‚Ì‚¤‚¿ŒŸ¸‚µ‚½10‰H‚©‚ç‚•aŒ´«’¹ƒCƒ“ƒtƒ‹ƒGƒ“ƒU‚ðŠm”F,https://news.yahoo.co.jp/articles/f271cae65fb6e6a1aec5519a1eed09299d1d3bba,1/5(‹à) 12:08
cbc,CBCƒeƒŒƒr,”\“o”¼“‡’nk‚Åˆ¤’mŒ§‚Å‚à‚¯‚ªl ƒtƒ@ƒ~ƒŒƒX‚Ì“Vˆä‚©‚ç’·‚³1.5m‚Ì“S‚Ì–_‚ª—Ž‰º —«‹qi46jŒy,https://news.yahoo.co.jp/articles/ad6f2d8937f84c64d2e5a93f928d29957d33fb9b,1/5(‹à) 11:46
cbc,CBCƒeƒŒƒr,¤”„”É·Šè‚¤_ŽÐ‚Ì‰‚¦‚Ñ‚· u•ŸŒFŽèv‚Í‚Ç‚ñ‚Èl‚ª”ƒ‚Á‚Ä‚¢‚é?Œä—˜‰v‚Í?,https://news.yahoo.co.jp/articles/d2af7030976e0b1570fb038e107d9e2adefc73df,1/5(‹à) 7:24
cbc,CBCƒeƒŒƒr,‰Æ‘°‚Ì”É‰h‚âŒ’N‚ð‹F‚éuŽO‰Í–œÎv‚ð’nŒ³¬Šw¶‚ª”â˜I@Vtj‚¤,https://news.yahoo.co.jp/articles/3451a91276ca68522be8ebba4d21b095527a2fc3,1/4(–Ø) 22:56
cbc,CBCƒeƒŒƒr,”\“o”¼“‡’nk@’†•”9Œ§1Žs‚ÅŽx‰‡•ûj˜b‚µ‡‚¤@ƒL[ƒ[ƒh‚ÍuƒJƒEƒ“ƒ^[ƒp[ƒg•ûŽ®v@ÎìŒ§’mŽ–uÎìŒ§‚ð•‚¯‚Ä’¸‚«‚Ü‚·‚æ‚¤‚æ‚ë‚µ‚­‚¨Šè‚¢‚µ‚Ü‚·v,https://news.yahoo.co.jp/articles/c01f6960da8afec0d7fda7fa51a06f38f3fb2512,1/4(–Ø) 22:44
cbc,CBCƒeƒŒƒr,‘å“‡ƒI[ƒi[u”ò–ô‚Ö‚Ì€”õ‚Í®‚Á‚½v  ’†“úƒhƒ‰ƒSƒ“ƒY@”N–¾‚¯P—á‚Ì”N‰êŽ®‚Å‚°‚«‚ð”ò‚Î‚·,https://news.yahoo.co.jp/articles/917734e8211cc4aa9875879397e775ef37f2c213,1/4(–Ø) 19:16
cbc,CBCƒeƒŒƒr,”íÐ‚µ‚½Œš•¨‚ÌŠëŒ¯“x‚ð”»’è‚·‚éEˆõ‚ð”hŒ­‚Ö@“ŒŠC’n•û‚ÅŽx‰‡‚Ì“®‚«‚ªŽn‚Ü‚é@‹`‰‡‹à‚ÌŽó‚¯•t‚¯‚àƒXƒ^[ƒg,https://news.yahoo.co.jp/articles/3c3ead9b6c545047fc0faca9bb0a1d19f515f1d7,1/4(–Ø) 19:14
cbc,CBCƒeƒŒƒr,“ìŠCƒgƒ‰ƒt‹‘å’nk‚Ì–ñ50”N‘O‚Éu’†•”‚â‹ß‹E‚Ì“à—¤v‚Å‘å‚«‚È’nk@”\“o”¼“‡’nk‚Æ‚ÌŠÖ˜A‚Í?@ê–å‰Æ‚É•·‚­,https://news.yahoo.co.jp/articles/f9cc6be49b506fb34a772754b481c97f3fdf3f62,1/4(–Ø) 18:57
cbc,CBCƒeƒŒƒr,uŒ‹\A’·‚¢ŽžŠÔ—h‚ê‚Ä‚¢‚½v@“ŒŠC’n•û‚Å‚Ík“x5ŽãEk“x4‚È‚Ç‚ðŠÏ‘ª@”íÐ’n‚Ö‚ÌŽx‰‡Šˆ“®‚à–{Ši‰»,https://news.yahoo.co.jp/articles/4772d32b2bcd8ffb1dabb35211e0f14461c2fa08,1/4(–Ø) 18:27
cbc,CBCƒeƒŒƒr,—{Œ{ê‚Åg’¹ƒCƒ“ƒtƒ‹ƒGƒ“ƒUhŒŸo@Ž€‚ñ‚¾ƒjƒƒgƒŠ11‰H‚©‚ç—z«”½‰ž@u‚•aŒ´«v—z«‚Ìê‡‚Í–ñ5–œ‰H‚ðŽEˆ•ª@Šò•Œ,https://news.yahoo.co.jp/articles/ca4477fae61787dc4e52fc90abde0ba362291bcb,1/4(–Ø) 18:22
cbc,CBCƒeƒŒƒr,‘å’nk‚Éq‹ó‹@Ž–ŒÌ‚Æ”g—‚Ì–‹ŠJ‚¯   gŽdŽ–Žn‚ßh‚É2024”N‚Ö‚ÌŽv‚¢‚ðŠX‚Å•·‚¢‚½@u‚¿‚å‚Á‚Æ•sˆÀv‚Å‚àuŠy‚µ‚¢ˆê”N‚Év,https://news.yahoo.co.jp/articles/ea69c1b8c0a1a7f65d96e89c4c6f03e3922b7338,1/4(–Ø) 18:19
cbc,CBCƒeƒŒƒr,ƒŠƒjƒA’†‰›VŠ²ü‚Æ“ŒŠC“¹VŠ²ü‚Æ‚Ìu“ñdŒn‰»v‚ªÐŠQ‚Ì”õ‚¦‚É?@–¼ŒÃ‰®‚ÌÄŠJ”­‚Í? Šé‹ÆEŒoÏ’c‘Ì‚ÌƒŠ[ƒ_[‚É•·‚­@’†•”àŠElVtƒTƒƒ“,https://news.yahoo.co.jp/articles/e054395ab7639cba06f5be8511dcb9ef02656ba2,1/4(–Ø) 18:14
cbc,CBCƒeƒŒƒr,ƒuƒ‰ƒbƒNƒJƒŒ[‚È‚Ç‚Å’m‚ç‚ê‚é˜V•Ü—mH“Xu“Œ—mŒ¬v VŒ^ƒRƒƒi‚Å‹x‹Æ‚Æ‹•‹U\¿‚Å9000–œ‰~—]‚è‚ð•s³Žó‹‹ uŽ––±ì‹Æ‚Ìƒ~ƒXv‚Æà–¾,https://news.yahoo.co.jp/articles/241f485363c112b838196cdfb8b47b638d79f15d,1/4(–Ø) 17:46
cbc,CBCƒeƒŒƒr,ŠCã•ÛˆÀ’¡‚Ì‹@‘Ì‚ÍŽ–ŒÌ’¼‘O‚ÉgŠŠ‘–˜H‚Ì’†‚Å–ñ40•bŠÔ’âŽ~h‚µ‚Ä‚¢‚½‚©@“ú–{q‹ó‹@‚Æ‚ÌÕ“ËŽ–ŒÌ,https://news.yahoo.co.jp/articles/a8bb03ba3b9089a5f3830717811fabde0c83f0be,1/4(–Ø) 17:16
cbc,CBCƒeƒŒƒr,Œš•¨‚ª“|‰ó‚µ“¹˜H‚ÉŽU—‚·‚é‰®ª‚â•Ç@ŒX‚¢‚½“d’Œ‚©‚ç‚‚ê‰º‚ª‚é“dü@”íŠQ‚ðŽó‚¯‚½¤“XŠX‚Ìó‹µ‚ðŒ»’n‚©‚ç•ñ,https://news.yahoo.co.jp/articles/3d36d81dea71f7c028bdda7329fc8ebaa206b243,1/4(–Ø) 16:48
cbc,CBCƒeƒŒƒr,”\“o”¼“‡’nk‚Ì‰e‹¿‚©@ˆ¤’mŒ§“à3‚©Š‚ÌŒð”Ô‚Å‘‹ƒKƒ‰ƒX‚Ég‚Ð‚Ñ‚ª“ü‚éh@‚¢‚¸‚ê‚à’z40”NˆÈãŒo‰ß,https://news.yahoo.co.jp/articles/f67f53544001986f7be40d678432b9e17399eaa8,1/4(–Ø) 16:27
cbc,CBCƒeƒŒƒr,“ŒŠC’n•û‚ÌŠé‹Æ‚âŒoÏ’c‘Ì‚ÌƒŠ[ƒ_[‚ªŒê‚é@ÄŠJ”­i‚Þ–¼ŒÃ‰®E‰h‚âƒŠƒjƒA’†‰›VŠ²ü‚Í‚Ç‚¤‚È‚é?u‘æ65‰ñ’†•”àŠElVtƒTƒƒ“v,https://news.yahoo.co.jp/articles/65bcb2d1674a3ceafd6e2bf0811e22334e3807d4,1/4(–Ø) 12:02
cbc,CBCƒeƒŒƒr,u“V‚É¸‚é—³‚Ì‚æ‚¤‚Èã¸‘Šê‚ðŠú‘Òv@–¼ŒÃ‰®ØŒ”ŽæˆøŠ‚Å‘å”­‰ï@–œÎŽO¥‚âŽè’÷‚ß‚ÅŠˆ”­‚ÈŽæˆø‚ð‹FŠè,https://news.yahoo.co.jp/articles/968e5a990fe3e492214dc8f036ddafce7d1ad65d,1/4(–Ø) 11:53
cbc,CBCƒeƒŒƒr,”g—‚Ì–‹ŠJ‚¯‚Æ‚È‚Á‚½2024”N@ŠX‚Ìl‚ÌŽv‚¢‚ð•·‚¢‚½@u‚±‚Ìæ•sˆÀvu–¾‚é‚¢–¢—ˆ‚ðŠú‘Òv,https://news.yahoo.co.jp/articles/e491bec001b7a92e4adda4d678e3f679a75b1c53,1/4(–Ø) 11:43
cbc,CBCƒeƒŒƒr,Uƒ^[ƒ“ƒ‰ƒbƒVƒ…Žn‚Ü‚é ‘SÈŽw’èu‚Ì‚¼‚Ývã‚è‚ÍI“ú‚Ù‚Ú–žÈ ‰H“c‹ó`‚Ì“úq‹@‰ŠãŽ–ŒÌ‚Å ‰º‚è‚É—ÕŽž—ñŽÔ‚à,https://news.yahoo.co.jp/articles/b411ce0da8c441c9aeaa610a0406401d6fc89fc3,1/3(…) 14:21
cbc,CBCƒeƒŒƒr,u¡Ž¸‚í‚ê‚»‚¤‚È–½‚ð‹~‚¦‚é‚æ‚¤‚ÈŠˆ“®‚ðvÐŠQ”hŒ­ˆã—Ãƒ`[ƒ€uDMATv‚ªÎìŒ§‚Ö,https://news.yahoo.co.jp/articles/1edbff67218788a9af405c1b19ff1a8c7071e791,1/3(…) 3:02
cbc,CBCƒeƒŒƒr,k“x5Žã‚Ì—h‚ê‚ðŠÏ‘ª‚µ‚½Šò•ŒE‚ŽRŽs‚Å‚Í—\’è‚ð•ÏX‚·‚éŠÏŒõ‹q‚ç‚ÌŽp‚ª,https://news.yahoo.co.jp/articles/38cdfd0027c68c2f41e40ad38cc648395c84d7e4,1/2(‰Î) 12:32
cbc,CBCƒeƒŒƒr,…EH—¿‚È‚ÇŽx‰‡•¨Ž‘‚ð‘—‚é Šò•ŒE‘åŠ_Žs‚©‚çÐŠQŽž‰ž‰‡‹¦’è‚Ì•xŽRE‚‰ªŽs‚Ö,https://news.yahoo.co.jp/articles/4d140ddede87e7422f1892d1d75a8a43de9397c3,1/2(‰Î) 12:08
cbc,CBCƒeƒŒƒr,”\“o”¼“‡’nk‚ðŽó‚¯“ŒŠC’n•û‚ÌŽ©Ž¡‘Ì‚à‹Ù‹}Á–h‰‡•‘à‚ð”hŒ­,https://news.yahoo.co.jp/articles/e9b02f3ee5f3f0f3062e0a6221a02cd866ddd3ef,1/2(‰Î) 6:18
cbc,CBCƒeƒŒƒr,‚±‚Æ‚µ‚ÌƒgƒŒƒ“ƒh‚Íu‚­‚·‚ÝƒJƒ‰[v@VtP—áƒˆƒVƒdƒ„‘åU‘³”Ž‚ªŽn‚Ü‚é,https://news.yahoo.co.jp/articles/41e193d8be786f947b952e6027cfa550e122dcdc,1/2(‰Î) 6:16
cbc,CBCƒeƒŒƒr,M7.6’nkŠò•ŒE‚ŽRŽs‚Æ”ò‘ËŽs‚Åk“x5Žã–¼ŒÃ‰®çŽí‹æ‚Ík“x4‚È‚Ç‘åŠ_Žs‚Å‚Í50‘ã—«‚ªŒy,https://news.yahoo.co.jp/articles/6d4b73f9798fa20a52b0994c3effa2eb9af539ef,1/2(‰Î) 1:46
cbc,CBCƒeƒŒƒr,”\“o”¼“‡’nk‚Ì‰e‹¿‚Åck“x5Žã‚ÌŠò•ŒE‚ŽRŽs‚Å‚ÍˆêŽž’f…,https://news.yahoo.co.jp/articles/b7c6e4e4b8af3f401daf152d07bdf20eec42716f,1/2(‰Î) 1:44
cbc,CBCƒeƒŒƒr,ÎìŒ§‚Åk“x7@‚±‚ÌæŒx‰ú‚·‚é‚±‚Æ‚ð–¼ŒÃ‰®‘åŠwE•Ÿ˜aL•v–¼—_‹³Žö‚É•·‚¢‚½,https://news.yahoo.co.jp/articles/7396512615026460e8c3805ae9182c70d0483859,1/1(ŒŽ) 22:53
cbc,CBCƒeƒŒƒr,k“x5ŽãŠÏ‘ª‚ÌŠò•ŒE‚ŽRŽsÎ‰Y’¬‚Æ•Ð–ì’¬‚Å’nk”­¶Œã‚ÉˆêŽž’f… ŒßŒã7Žž‘O‚É•œ‹Œ,https://news.yahoo.co.jp/articles/3179a9554733649999aeeea345d21a64c24e59a8,1/1(ŒŽ) 19:23
cbc,CBCƒeƒŒƒr,’nk‚Ì‰e‹¿‚Å‹à‘ò‚Æ–¼ŒÃ‰®‚ðŒ‹‚Ô JR“Á‹}‚µ‚ç‚³‚¬‚Ì‰^“]Žæ‚è‚â‚ß,https://news.yahoo.co.jp/articles/a377c2f6297dcd41870ee672e131708e64347a1a,1/1(ŒŽ) 18:36
cbc,CBCƒeƒŒƒr,k“x5ŽãŠÏ‘ª‚ÌŠò•ŒŒ§‚ŽRŽs‚Å‚ÍÁ–h‚É’nk‚É‚æ‚é’Ê•ñ‚È‚µ@Šò•ŒŒ§‚ÍŒßŒã5Žž45•ª‚©‚ç‘Îô‰ï‹c,https://news.yahoo.co.jp/articles/6d89811566f078fe7095a569c60b6e4cccb64fd9,1/1(ŒŽ) 17:51
cbc,CBCƒeƒŒƒr,“ŒŠC“¹VŠ²ü‚Í’nk‚Ì‰e‹¿‚ÅˆêŽž‹Ù‹}’âŽ~‚·‚é‚àˆÀ‘SŠm”FI‚¦‰^“]ÄŠJiŒßŒã4Žž40•ªŒ»Ýj,https://news.yahoo.co.jp/articles/555b27afc5c9bac94709d02c3ebf3e5a0f66f5e9,1/1(ŒŽ) 17:16
cbc,CBCƒeƒŒƒr,ˆÉ¨_‹{ ‰Œw‹q‚Å‚É‚¬‚í‚¤ ”N‰z‚µ‚Ì‘å‚©‚ª‚è‰Î‚àc‚¨‚©‚°‰¡’š‚Í4”N‚Ô‚è‚É–é’Ê‚µ‰c‹Æ,https://news.yahoo.co.jp/articles/88ab3d12a00c04782dcc0e71c91cb9a321d43920,1/1(ŒŽ) 12:48
cbc,CBCƒeƒŒƒr,Œ³“ú”z’B‚Ìh”N‰êóh‚Í7‰­4300–œ’Ê ˆêl‚ ‚½‚è–ñ6’Ê ‹Ž”N‚æ‚è15.8“Œ¸ –¼ŒÃ‰®‚Ì—X•Ö‹Ç‚Å‚à”z’Bo”­Ž®,https://news.yahoo.co.jp/articles/3b91468493bd6f5d3cde58a79bb8cb1421a894ce,1/1(ŒŽ) 12:48
cbc,CBCƒeƒŒƒr,u—öˆ¤‚àŒ’N‚àŽdŽ–‚à‘S•”‚¢‚¢”N‚É‚µ‚½‚¢v@”N‰z‚µ‚ÌuŠÔˆêÄ‚É‚³‚¢‘K‚ª“Š‚°‚ç‚ê‚é@”M“c_‹{‚Í‰Œw‚ÌŽQ”q‹q‚Å‚É‚¬‚í‚¤,https://news.yahoo.co.jp/articles/b1ed1266f41563241a8fd9c6bd4e759ed628cb86,1/1(ŒŽ) 6:41
cbc,CBCƒeƒŒƒr,"ƒ_ƒ€ŒÎ‚É’¾‚ñ‚¾‚Ó‚é‚³‚Æ u“¿ŽR‚¨‚Ç‚èv‚ð¡‚É“`‚¦‚é ‘º‚ÍŽç‚ê‚È‚©‚Á‚½‚ª—x‚è‚ÍŽó‚¯Œp‚®c2024”N‰Ä‚É""–~—x‚è""ŽÀŽ{‚Ö",https://news.yahoo.co.jp/articles/a6e2e17f9c0aeb54053162e5f1f97b017f771984,1/1(ŒŽ) 5:02
cbc,CBCƒeƒŒƒr,"2024”N‚ª""–{–ï""˜C•zƒJƒ‹ƒ}‚ª‚Ó‚ñ‚Ç‚µ‚Å‘ês u–{“–‚Í—ŽqƒAƒi‚ÆƒƒP‚É—ˆ‚½‚©‚Á‚½v‚Æƒ{ƒ„‚«‚È‚ª‚çƒI[ƒ‹ƒoƒbƒNŒ©Ž–‚É•ö‚ê‚éyƒ`ƒƒƒ“ƒg!‚Ô‚Á‚Â‚¯¶‚Å‚¨‚¶‚á‚Ü‚µ‚Ü‚·Œ³“úSPz",https://news.yahoo.co.jp/articles/1876ea2a5a8a0297c13c8d7e68062fa307da0006,2023/12/31(“ú) 23:02
cbc,CBCƒeƒŒƒr,_ŽÐ‚âŽ›‰@‚Ì˜I“X‚©‚ç–\—Í’c‚ð”rœ@”„‚èã‚°‚ªŽ‘‹àŒ¹‚É‚È‚ç‚Ê‚æ‚¤ŒxŽ@‚ª˜I“V¤‚ðƒpƒgƒ[ƒ‹,https://news.yahoo.co.jp/articles/e059b97f327007e69841a97eaef3e7e221012f4a,2023/12/31(“ú) 17:21
cbc,CBCƒeƒŒƒr,ŠëŒ¯‚È–é‚ÌŽQ“¹”ð‚¯‚é‚½‚ß@ŽRŽ›‚Å’‹‚Ì‚¤‚¿‚Éuœ–é‚Ìàv@‚±‚Æ‚µ‚©‚ç˜O–å‚Ì‰º‚©‚çà‚ð‚Â‚¯‚éH•v‚à,https://news.yahoo.co.jp/articles/8b394f7c5cf3ceb6ab10f6ceec65af71fe3c005e,2023/12/31(“ú) 15:23
cbc,CBCƒeƒŒƒr,”N‰z‚µ‚»‚Î@–¾Ž¡‚©‚ç‘±‚­˜V•Ü@ŠÏŒõ‹q‚ç‚Å‘å‚É‚¬‚í‚¢,https://news.yahoo.co.jp/articles/84890983527b13ecd552715bd7cc14959f30efd8,2023/12/31(“ú) 14:54
cbc,CBCƒeƒŒƒr,2024”N‚ðŒ’N‚É‰ß‚²‚·u3‚Â‚ÌHÞvc‚¨³ŒŽ‚ðƒQƒ“ƒL‚É‰ß‚²‚·I–¼ˆã‚ÉŠw‚ÔŒ’N‚Ì”éŒ,https://news.yahoo.co.jp/articles/a8297532f904465b5454f89b27095de22f3262bd,2023/12/31(“ú) 7:40
cbc,CBCƒeƒŒƒr,2023”N10‘åƒjƒ…[ƒX‚ðŽOdŒ§ŒÔ–ì’¬‚É•·‚¢‚Ä‚Ý‚½!ŠÏŒõ—ñŽÔu‚Â‚Ç‚¢v‚Ì‘«“’—ñŽÔ‚à4”N‚Ô‚è‚É•œŠˆy‰æ‘œ‚ ‚èz,https://news.yahoo.co.jp/articles/b6bbb6f8a46f3049dfd87d3980712622fe50bd1d,2023/12/31(“ú) 5:01
cbc,CBCƒeƒŒƒr,—â‚½‚¢‚ð’´‚¦‚Ä’É‚¢IH^“~‚Ì’·—Çì‚É‚Ó‚ñ‚Ç‚µŽp‚Å“ü…‚·‚éŠò•ŒŽs‚ÌŠïÕu’rƒmãâSÕv‚ÅŒ©‚½eŽq‚ÌãJI,https://news.yahoo.co.jp/articles/806163ef1fe1392e09a48c0d513bc76679822f2f,2023/12/30(“y) 16:50
cbc,CBCƒeƒŒƒr,"""•¡ŽG‚·‚¬‚ésæˆÄ“à"" –¼“S–¼ŒÃ‰®‰w‚ÌDJƒu[ƒX‚Éö“ü ‰wˆõ‚Ì¶ŽÀ‹µ‚Í""“ä‚Ì¬•”‰®""‚Å u“ú–{ˆê–À‚¤‰wvŽx‚¦‚éƒAƒiƒEƒ“ƒXyƒ`ƒƒƒ“ƒg!–§’…z",https://news.yahoo.co.jp/articles/e401a82c9ee2d36d94f1c689111fb1838ff85c2c,2023/12/30(“y) 14:02
cbc,CBCƒeƒŒƒr,"“û‚ª‚ñ‚Å–S‚­‚µ‚½""È‚Ìº""‚ª‚æ‚Ý‚ª‚¦‚Á‚½! ¶¬AI‚Åu–l‚ª‰Ì‚¤‚ÆÈ‚Ìº‚Év ""‚à‚¤ˆê“x•·‚«‚½‚¢"" ""‚¸‚Á‚Æ•·‚¢‚Ä‚¢‚½‚¢""",https://news.yahoo.co.jp/articles/3424a8f01becba1b43905e6b8c97ee376f0a09f9,2023/12/30(“y) 5:02
cbc,CBCƒeƒŒƒr,‰Æ’ë‰~–žE’nˆæ‚Ì”É‰h‚ðŠè‚Á‚Äc_ŽÐ‚ÉƒWƒƒƒ“ƒ{u’Cvü‚è•t‚¯,https://news.yahoo.co.jp/articles/7832703c37490995c42c969ca5869bd2bee2aef6,2023/12/29(‹à) 19:56
cbc,CBCƒeƒŒƒr,u‘ŠêŠiŒ¾’Ê‚èw‰K‚Í’µ‚Ë‚éxŒ‹‰Ê‚Év33”N‚Ô‚è‚Éƒoƒuƒ‹•ö‰óŒã‚ÌÅ‚’l –¼ŒÃ‰®ØŒ”ŽæˆøŠ‚Å‘å”[‰ï,https://news.yahoo.co.jp/articles/145ce0a3fe03912baf016bc7a51e2a8620ef3226,2023/12/29(‹à) 19:54
cbc,CBCƒeƒŒƒr,”N––”NŽn‚ð‚Ó‚é‚³‚Æ‚âŠCŠO‚Å@‹AÈƒ‰ƒbƒVƒ…Ao‘ƒ‰ƒbƒVƒ…‚ªƒs[ƒN,https://news.yahoo.co.jp/articles/7008b582c3054623e90c4110d00f9dc3617557eb,2023/12/29(‹à) 17:18
cbc,CBCƒeƒŒƒr,y‘¬•ñzŽ©–¯“}‘å–ì‘×³ŽQ‰@‹cˆõ@“Œ‹ž’nŒŸ“Á‘{•”@“Œ‹žŽ––±Š‚ÉŽŸ‚¢‚Å@’nŒ³Ž––±ŠEŽ©‘î‚à‰Æ‘î‘{õ,https://news.yahoo.co.jp/articles/0a5d585b7f73d92a6b81c9671044ba3b56b24ad5,2023/12/29(‹à) 11:44
cbc,CBCƒeƒŒƒr,"ƒRƒƒiƒƒNƒ`ƒ“ÚŽíŒã‚ÉŽ€–Su•v‚Í‚È‚ºŽ€‚ñ‚¾‚Ì‚©v ""“¬‚¢‘±‚¯‚é""È‚Ì‘i‚¦ ‘‚ÍŽ€ˆö”F‚ß‚¸y‘åÎ–M•F‚ÌŽæÞƒm[ƒgz",https://news.yahoo.co.jp/articles/94e91619a21397cd63fc9a8c67c9bd76251306e3,2023/12/29(‹à) 6:02
cbc,CBCƒeƒŒƒr,"u‰ñ——”Âˆê‚Â‚ÅI‚í‚ç‚¹‚æ‚¤‚ÆcvŽ©‰q‘àŽËŒ‚ê3lŽ€""eŒ‚""Ž–Œ‚»‚ÌŒã ""’†Žw—§‚Ä""ŒP—ûÄŠJ’†Ž~‚É Z–¯‚©‚ç•sMŠ´‚ày2023”N’–Úƒjƒ…[ƒXz",https://news.yahoo.co.jp/articles/7fa0d5b8d2ba99a6fd036fcb00526accdce84328,2023/12/29(‹à) 5:01
cbc,CBCƒeƒŒƒr,”N‚Ì£‚ª‹ß‚Ã‚«@–Lìˆî‰×‚Å‘å‹¾–Ý‚Ã‚­‚è@\””N‚Ô‚è‚És‚í‚ê‚é,https://news.yahoo.co.jp/articles/8d8cd7ebcebcb8a1e6cdd56311d5dd4c35993ef8,2023/12/29(‹à) 0:06
cbc,CBCƒeƒŒƒr,—š‚«‚Â‚Ô‚µ‚½ƒgƒDƒVƒ…[ƒY‚Ì‹Ÿ—{ ‘½‚¢l‚Å1”N‚É50‘« u‚¯‚ª‚ð‚¹‚¸‚ÉŠæ’£‚Á‚Ä‚¢‚«‚½‚¢v ¼‰ª—àŽqƒoƒŒƒG’c,https://news.yahoo.co.jp/articles/fdfae4654bc2e156f875fe9db14cf75daaf3eb07,2023/12/28(–Ø) 20:26
cbc,CBCƒeƒŒƒr,”wŒi‚Ég‰Ø—í‚È‚é‘å–ìˆê‘°h@ƒLƒbƒNƒoƒbƒN5000–œ‰~’´•s‹LÚ‚© Ž©–¯“}‘å–ì‘×³ŽQ‰@‹cˆõ‚ÌgŒQ‚ð”²‚­W‹à—Íhy‰ðàz,https://news.yahoo.co.jp/articles/38c5834e0f53e6dfefb9eb7e90fb1965fc65deea,2023/12/28(–Ø) 18:19
cbc,CBCƒeƒŒƒr,ŽOdŒ§ŽY‚Ì‘å“¤‚Æ¬”ž‚ðŽg‚Á‚½–F†‚È‚è‚Æ”Z‚¢‚¤‚Ü–¡@gˆÉ¨Ý–ûh‚Ì•ò”[@—ˆ”N‚Ì–Lõ‚ð‹FŠè,https://news.yahoo.co.jp/articles/e21e08c77794c4ba1a61a16552a72e887aa04d2e,2023/12/28(–Ø) 18:16
cbc,CBCƒeƒŒƒr,”é‘u‚¨“š‚¦‚Å‚«‚Ü‚¹‚ñv Ž©–¯“}E‘å–ì‘×³‹cˆõ‚Ì‹cˆõhŽÉ‚È‚Ç‚É‰Æ‘î‘{õ@—LŒ ŽÒ‚©‚ç‚Íu‚Ý‚Á‚Æ‚à‚È‚¢v‚Ìº‚à,https://news.yahoo.co.jp/articles/c47083518d285f358200f6f0f7f428e6135a0306,2023/12/28(–Ø) 17:51
cbc,CBCƒeƒŒƒr,–¼ŒÃ‰®Žs‚ªgŠñ‚è‚È‚¢2l‚Ìˆâ‘Ì‚ð‰Î‘’‚¹‚¸@Ž––±Žè‘±‚«–Y‚ê–ñ2”N”¼•ú’u@’S“–ŽÒuŒ¾‚¢o‚¹‚È‚©‚Á‚½v ‰ß‹Ž3”NŠÔ‚Å•ú’uŽ–—á‚Í9Œ,https://news.yahoo.co.jp/articles/0a3a73e1a0dca215de9d122f2720114e42b1f89d,2023/12/28(–Ø) 17:06
cbc,CBCƒeƒŒƒr,u”‘º–ðê‚ÌƒCƒ‹ƒ~ƒl[ƒVƒ‡ƒ“v‚ªSNS‚Å‘åƒoƒY‚èIŒ¶‘z“I‚ÈƒXƒ|ƒbƒg‚ð‚ß‚®‚éƒqƒ“ƒg‚Í“ŒŠC‚É‚ ‚é4‚Â‚Ì‘ºH,https://news.yahoo.co.jp/articles/a4465ac288cb6f5be361cdb7767798c81c6502ed,2023/12/28(–Ø) 17:05
cbc,CBCƒeƒŒƒr,u–³ß‚ðŒ¾‚¢“n‚·–¾‚ç‚©‚ÈØ‹’‚É“–‚½‚ç‚È‚¢vŠò•ŒE”ü”Z‰Á–ÎŽs‚Ì“¡ˆä_lŽs’·‚ÌÄRŠJŽn”F‚ß‚¸ –¼ŒÃ‰®‚Ù,https://news.yahoo.co.jp/articles/38b2869ddaec15538741668db26acb88921e4e34,2023/12/28(–Ø) 16:53
cbc,CBCƒeƒŒƒr,‹ãBƒ‰[ƒƒ“~‘ä˜p‚Ü‚º‚»‚ÎIH—\–ñ1‚©ŒŽ‘Ò‚¿‚Ìl‹C’¬’†‰Ø‚¶‚ç‚¢’à‚Ìu‘ä˜p‚Ü‚º‚»‚Îv‚Æ‚Íˆê‘Ì,https://news.yahoo.co.jp/articles/4ceaba071caff42bd374b484c04cbdb79686fe5b,2023/12/28(–Ø) 16:50
cbc,CBCƒeƒŒƒr,”šÎ‚Ìƒxƒ“ƒ`— Iƒq[ƒ[ƒCƒ“ƒ^ƒrƒ…[‚Í‚È‚µH’†“úE–ö—T–ç“ŠŽè‚ªŒê‚éuƒm[ƒm[–¢‹v— ‘¤ƒGƒsƒ\[ƒh,https://news.yahoo.co.jp/articles/92bcc7c92c89345ba9cbf6e8088ecbbc0c7ec996,2023/12/28(–Ø) 16:50
cbc,CBCƒeƒŒƒr,ƒŠƒjƒA’†‰›VŠ²ü •iì`–¼ŒÃ‰®ŠÔ@ŠJ‹Æ‚É•K—v‚È‘SHŽ–‚ð‘‚ª”F‰Â@ˆê•û‚ÅÃ‰ªH‹æ‚ÍŒ»Ý‚à’…H‚Ì–Ú“r‚½‚½‚¸,https://news.yahoo.co.jp/articles/42dcf32bf9b65c2f5b010851ffe429605ce574c4,2023/12/28(–Ø) 16:48
cbc,CBCƒeƒŒƒr,Ž©–¯“}E‘å–ì‘×³‹cˆõ‚Ì‹cˆõhŽÉ‚È‚Ç‚É‰Æ‘î‘{õ@5000–œ‰~’´‚¦‚éƒLƒbƒNƒoƒbƒNŽó‚¯‚È‚ª‚çŽûŽx•ñ‘‚É•s‹LÚ‚©,https://news.yahoo.co.jp/articles/7cc7d96a3b3c6aa48d7f12dc299a0e60df0c1441,2023/12/28(–Ø) 16:29
cbc,CBCƒeƒŒƒr,’Êí‰¿Ši‚æ‚è1Š„‚©‚ç5Š„ˆÀ‚¢! –¼ŒÃ‰®‚Ì–ö‹´’†‰›Žsê‚Å–ˆ”NP—á‚Ìg”N––‘å”„‚èo‚µh@‘å‚Ý‚»‚©‚Ü‚ÅˆÀ”„‚è,https://news.yahoo.co.jp/articles/7a5721b0ff9c983e14cadb440958fbc6ac8d7e80,2023/12/28(–Ø) 16:06
cbc,CBCƒeƒŒƒr,"CBCŽá‹·ƒAƒi‚ª”N––‚Ì""–¼ŒÃ‰®‚Ì‘äŠ""‚Ì“ö‚í‚¢‚ð¶’†ŒpIŒ{“÷‚Ì‚·‚«Ä‚«u‚Ð‚«‚¸‚èv‚ðŠ¬”\I",https://news.yahoo.co.jp/articles/42fb144e85c50c09066c9af9070eb1da6ac0bca0,2023/12/28(–Ø) 16:06
cbc,CBCƒeƒŒƒr,`ˆê–Ê‚É‘å—Ê‚ÌgƒJƒ^ƒ{ƒVƒCƒƒVh‚ÌŽ€Š[@‚±‚ê‚Ü‚Å149ƒgƒ“‰ñŽû@‹™‹ÆŠÖŒWŽÒ‚ªŽ‹Ž@‚µ‚½’mŽ–‚ÉŽ€Š[‚Ì“P‹Ž‚ð‹‚ß‚é,https://news.yahoo.co.jp/articles/cfe63147bde793a83c5af41b43d001395289f891,2023/12/28(–Ø) 15:39
cbc,CBCƒeƒŒƒr,y‘¬•ñzJR’†‰›ü ‚‘ Ž›`‘½Ž¡Œ© ã‰ºü‚Å‰^“]ÄŠJ@ü˜H“à‚Ö‚Ì—ŽÎ‚Í‚È‚µ,https://news.yahoo.co.jp/articles/77333a9ef1ba0653ac23667588300063e6aed8d7,2023/12/28(–Ø) 12:33
cbc,CBCƒeƒŒƒr,”N––”NŽnŒü‚¯—{Bƒ}ƒ_ƒC‚Ìo‰×ƒs[ƒN@‚ª‚Â‚©‚È‚¢‚æ‚¤‚ÉŽdØ‚è‚Ì‚ ‚é—eŠí‚É“ü‚ê‚Ä@–ñ3–œ•C‚ªŠÖ“Œ‚âŠÖ¼‚È‚Ç‚É,https://news.yahoo.co.jp/articles/5d3683cca0f8572c3b2f55dfe68799f07e193c4b,2023/12/28(–Ø) 12:21
cbc,CBCƒeƒŒƒr,ŽQ‹c‰@EŠò•Œ‘I‹“‹æ‘Io ‘å–ì‘×³‹cˆõ‚Ì‹cˆõhŽÉ‚È‚Ç‚ð“Œ‹ž’nŒŸ“Á‘{•”‚ª‰Æ‘î‘{õ@’nŒ³Ž––±Š‚É“®‚«‚È‚µ,https://news.yahoo.co.jp/articles/0660e0cbcc89c5acb73bff13421568c1be283333,2023/12/28(–Ø) 12:06
cbc,CBCƒeƒŒƒr,“ŒŠC“¹VŠ²ü u‚Ì‚¼‚Ýv‚ÌÅVgŽw’èÈ—\–ñó‹µh@‰º‚è‚Å–žÈ‚Ì—ñŽÔ‚ày28“úŒß‘O10Žž”¼Œ»Ýz,https://news.yahoo.co.jp/articles/f11970846c6de8ff14ea6fe791a734bbe99766d5,2023/12/28(–Ø) 10:54
cbc,CBCƒeƒŒƒr,Z‘îŒ“»ÞŠ‚©‚ço‰Î@—×‚Ì‰Æ‚É‚à”R‚¦ˆÚ‚è2“‚Æ‚à‘SÄ@Þ–Ø‚­‚·‚Ô‚èÁ‰ÎŠˆ“®‘±‚­,https://news.yahoo.co.jp/articles/0148c03b75465191a443e6fca3edb4604342884a,2023/12/28(–Ø) 6:59
cbc,CBCƒeƒŒƒr,ƒp[ƒeƒB[— ‹àŽ–Œ‚Å‰‚Ì‹cˆõŽ––±Š‚Ö‚Ì‰Æ‘î‘{õ@“Œ‹ž’nŒŸ“Á‘{•”‚ªˆÀ”{”hE’r“c‰À—²O‰@‹cˆõ‚Ì“Œ‹ž‚â’nŒ³‚ÌŽ––±Š‚È‚Ç‚Ö@’r“c‹cˆõ‚ÍˆË‘R‰_‰B‚ê,https://news.yahoo.co.jp/articles/384d56c6ca0c44551ca18f7c900da6cc512b7efc,2023/12/28(–Ø) 6:43
