media_en,media_jp,title_articles,link_articles,date_original
gendaibiz,現代ビジネス,南海トラフ巨大地震は「連発」する…日本人が絶対に知っておきたい「後発地震の恐怖」,https://news.yahoo.co.jp/articles/502282ca57532a53b5409aaca6fb9be25ce9d07d,5/11(土) 12:18
gendaibiz,現代ビジネス,「柔らかい食べ物」が好きな日本人、「柔らかい食感」を嫌がるアメリカ人、…「食の好み」はここまで違った,https://news.yahoo.co.jp/articles/4fdd0991ad62896d27cf3568010e6e7836134153,5/11(土) 11:03
gendaibiz,現代ビジネス,もう「ダメ！絶対！」としか...えなこの《春めくスケすぎショット》の色気にファン、「うひょぉぉ！堪んねぇ！」「咥えられてる花びらになりたい！」と大混乱,https://news.yahoo.co.jp/articles/7d2beba14225479b640ecf6a6d8f2bd2b2c440a3,5/11(土) 10:04
gendaibiz,現代ビジネス,40代からはじめる「認知症リスク」はこう防ぐ…将来“ボケない脳”をつくる生活習慣「睡眠」「趣味」「スマホ」との付き合い方,https://news.yahoo.co.jp/articles/7a634d47273022e28800a98f85831aa6766e8cd4,5/11(土) 10:03
gendaibiz,現代ビジネス,中国随一の海鮮都市・大連の思い出が蘇る、池袋「逸品火鍋 四季海岸」の紅焼鱸魚,https://news.yahoo.co.jp/articles/62fb6d8ebb8e3ff7ca267c8b5b26449646cef345,5/11(土) 9:03
gendaibiz,現代ビジネス,「み、見えちゃってますから...！」“リアルバービー”ことローレングレイ、初アルバム１周年記念の《やはり過激なショット》にファン動揺,https://news.yahoo.co.jp/articles/e14f0bd3eaebd3ed6d0af4f1fe6b722172558e64,5/11(土) 9:03
gendaibiz,現代ビジネス,待望の赤ちゃんが重い障害を持つ「18トリソミー」だったら…「従来の医療の考え方」に矛盾を感じた夫婦が下した「決断」,https://news.yahoo.co.jp/articles/bb6c97fe80bd928a5857d850e41cfbe5fe31cd34,5/11(土) 9:03
gendaibiz,現代ビジネス,「天使のようなエプロン姿」に...橋本環奈が「あのカレー」の公式キャラクターに就任、ファンは「可愛すぎて呼吸困難！」「奥さんにしたい！」の声続々,https://news.yahoo.co.jp/articles/bc9c2b91277b63b0f906292409e06f2a4010279f,5/11(土) 8:37
gendaibiz,現代ビジネス,「今日はどこにデートする？」...めるる、あまりの魅力の私服姿に「どんどんきれいになってる」「めるるに恋してる」とファン大興奮,https://news.yahoo.co.jp/articles/6b1c8d12014e3b6e0fa7ab968508c9fcd4dcf712,5/11(土) 8:18
gendaibiz,現代ビジネス,健康になりたいのに…「脳トレ」や「ランニング」がストレスを増やしてしまう「笑えない現実」,https://news.yahoo.co.jp/articles/3dd5610126001c618b32841336b7c0daef97c152,5/11(土) 8:18
gendaibiz,現代ビジネス,なぜ競馬界で「落馬事故」が相次ぐのか…昨年との「大きな違い」と、G1ジョッキーを襲う「悲劇の理由」,https://news.yahoo.co.jp/articles/bda39a7a8d5a05a4f003fa43cb7e0f170771b92b,5/11(土) 8:03
gendaibiz,現代ビジネス,「イノウエこそ、真のチャンピオン」…元世界ヘビー級王者がネリ戦を見て絶賛する井上尚弥の「他にはない強さ」,https://news.yahoo.co.jp/articles/7a6a2c2e8e7aa03afbebb1762888ab7255344e43,5/11(土) 8:03
gendaibiz,現代ビジネス,受け取らないって言ったのに…辞職した川勝知事が2900万円もの退職金を受け取る「最悪の行為」、せめて3副知事へ分与しろ,https://news.yahoo.co.jp/articles/eb19a04a315589eca7f6c3c08fc547d75977c6a8,5/11(土) 8:03
gendaibiz,現代ビジネス,盛り上がる芸能界に“激震”が走った…芸能事務所を退所する芸能人が増えている「ほんとうの理由」,https://news.yahoo.co.jp/articles/6f44d1e25783413ee9d65e1769b06347daabfc6d,5/11(土) 8:03
gendaibiz,現代ビジネス,中国人の西アフリカへの出稼ぎで加速する「チョコレート危機」…「物流2024年問題」との意外な共通点も,https://news.yahoo.co.jp/articles/64e0726dea686958b02598000257731cb18d6939,5/11(土) 8:03
gendaibiz,現代ビジネス,「唯一無二のアイデア」でも失敗する…プロジェクトを失敗させないために必要な考え方,https://news.yahoo.co.jp/articles/906f704fb803965a49ee8deb2d874d972774825a,5/11(土) 8:03
gendaibiz,現代ビジネス,意外と多い、自分のことを「特別」だと思い込む人の「深い闇」,https://news.yahoo.co.jp/articles/7b3ff5db58ff470611e45bfe89f2ee89cbe4ba7a,5/11(土) 8:03
gendaibiz,現代ビジネス,顔を隠した住民が大晦日の深夜に集まってきて…日本の奇習「悪口祭り」の実態が明かされた,https://news.yahoo.co.jp/articles/d10d0d0aafc3a56967e0efbb3c72459e74a1ee4d,5/11(土) 8:03
gendaibiz,現代ビジネス,訪日観光客に大人気！九州のソウルフード「資さんうどん」が支持を集めるワケ…丸亀製麺、はなまるうどんに迫る「うどんチェーン第三極」になる可能性,https://news.yahoo.co.jp/articles/89283f1512d4f8c9072c46db5152925a100957ed,5/11(土) 8:03
gendaibiz,現代ビジネス,『十角館の殺人』実写化で名演…40歳を超えて役者・青木崇高が至った境地,https://news.yahoo.co.jp/articles/109d681b11b7973a19ded589542c40ffae11cc54,5/11(土) 8:03
gendaibiz,現代ビジネス,池上彰と佐藤優が、世界で起きていることを読み解く特別対談「トランプは、いまのアメリカ国民を宗教で分断しようとしている」,https://news.yahoo.co.jp/articles/ecf9328510c176b10710b6a26942ebb0e3d01638,5/11(土) 7:33
gendaibiz,現代ビジネス,韓国がいま「反日」「従北朝鮮」できない“意外な事情”と、これから待ち受ける「悪夢のシナリオ」,https://news.yahoo.co.jp/articles/8d49154518f3d4381cb0fe0ab81faa8daa396eab,5/11(土) 7:33
gendaibiz,現代ビジネス,母親が「一緒に死んで」と凄まじい形相で迫ってきて…生きづらい20代女性の「壮絶な過去」,https://news.yahoo.co.jp/articles/d8f3e8e9d6df60c372a1f8ca94aca10e61468eca,5/11(土) 7:33
gendaibiz,現代ビジネス,現場指揮官に自決を強要！　85年前、ノモンハンの「敗北」で露呈した軍幹部の「将器」と無責任。,https://news.yahoo.co.jp/articles/2c01b9f00d457f82dde0d6d68b5de11ef30038a3,5/11(土) 7:04
gendaibiz,現代ビジネス,現役にして「伝説のストリッパー」へ…日本の絶頂期をストリップで飾った女が巻き起こした「ヤバすぎる社会現象」,https://news.yahoo.co.jp/articles/d4574b44c78b71e2e648c25f5b8f4f7e273ee7e8,5/11(土) 7:04
gendaibiz,現代ビジネス,「常に眉に唾をつけていました」狡猾に擦り寄る「革マル」とたった一人の男の「国鉄民営化前夜」の争い,https://news.yahoo.co.jp/articles/781d7d4d6c182731f459b4e1b154e1cb56aa8587,5/11(土) 7:04
gendaibiz,現代ビジネス,令和の家づくりの新常識「家族みんなでテレビを観ない今の時代、広いリビングはいらない」,https://news.yahoo.co.jp/articles/4a53d36569a8ec3ac8255ae82abd24681ff28f2c,5/11(土) 7:04
gendaibiz,現代ビジネス,じつは、「M&Aは結婚と同じ」…意外と知らない買収の裏側を大公開！　理想の会社探しには「マッチングサイト」が重要だった…！,https://news.yahoo.co.jp/articles/188a9bf72aec17534652994360aed0c175a0fcd3,5/11(土) 7:04
gendaibiz,現代ビジネス,ロシア政府系メディアの生放送に「あなたはだまされている」と乱入した女性がロシア保安当局に受けた「尋問」…その衝撃の内容とは,https://news.yahoo.co.jp/articles/8338a4d3e2d9ba9b0400cd0e95251e3b1265bce4,5/11(土) 7:04
gendaibiz,現代ビジネス,あの大御所俳優が告白「先生、ぼく認知症みたいなんですが、どうすればいいでしょう？」,https://news.yahoo.co.jp/articles/afafaa835c6658b0c178ad772c392598082e65be,5/11(土) 7:04
gendaibiz,現代ビジネス,カゴメの「野菜生活100」、開発当初に「こんな商品ありえない！」と反対にあった「意外な理由」,https://news.yahoo.co.jp/articles/7337ed139d99ee83f1be955106d365dc6ebcc2bf,5/11(土) 7:03
gendaibiz,現代ビジネス,専門家警告、Ｍ９・５「ダブルトラフ地震」が来る…！地震頻発で日本崩壊は“秒読み”か,https://news.yahoo.co.jp/articles/97057e2bf0e1f686e1531cdfa224936c5a19b494,5/11(土) 7:03
gendaibiz,現代ビジネス,【節約クイズ】コンビニ弁当と自炊…結局のところどっちがお得？,https://news.yahoo.co.jp/articles/9473a786f148becb34a2319bbd97d2f7cc0cfaea,5/11(土) 7:03
gendaibiz,現代ビジネス,中学受験が「課金ゲーム」と言われる理由を、「不安な親」が体感した日,https://news.yahoo.co.jp/articles/1f97c83e63ae694b8b9ce017409c887ce2d58a6f,5/11(土) 7:03
gendaibiz,現代ビジネス,都内新築マンションは「狭くなった」だけじゃない…デベロッパー必死の「コストカット」で「損する物件」が急増中,https://news.yahoo.co.jp/articles/b599ed66e1da582cc66a4bd12ad2c7fe564ef0ce,5/11(土) 7:03
gendaibiz,現代ビジネス,東芝ブレイブルーパス藤田コーチが、かつて「人生が懸かった場面」でリーチ マイケルにかけられた「一言」,https://news.yahoo.co.jp/articles/b9235651c92dfec3f5f48786515fc3d219e3e0de,5/11(土) 7:03
gendaibiz,現代ビジネス,８５５万人が命を落とした絶望の戦争に無惨な恐慌…悲劇の時代を超えて人類学が生まれた「意外な理由」,https://news.yahoo.co.jp/articles/0b1b83eb36115ad2b7c6597006a2c09749b15aff,5/11(土) 7:03
gendaibiz,現代ビジネス,東京は「壊滅」するのか…知っているようで知らない「首都直下地震」が恐ろしい「意外な理由」,https://news.yahoo.co.jp/articles/005ea1c4ac21483ab993c0399c7fd870475d1278,5/11(土) 7:03
gendaibiz,現代ビジネス,米軍は多くの日本兵の遺体を「滑走路下」に埋めたのか…多くの人が知らない硫黄島「遺骨の実態」,https://news.yahoo.co.jp/articles/ceee7623554587d2b2a2a457f6d793e216cc53c1,5/11(土) 7:03
gendaibiz,現代ビジネス,教授が激怒…異常に確認癖がある新人男性医師が抱える「不安の正体」,https://news.yahoo.co.jp/articles/a843abccc361b246466bc1227c3a8e08a1040a11,5/11(土) 7:03
gendaibiz,現代ビジネス,「ゴルファーの大敵」である「巻き肩」や「反り腰」を矯正するのに最適な体操のやりかた,https://news.yahoo.co.jp/articles/af382ecfb729cc4d0ebb0cefe74ad56ab9b178ab,5/11(土) 7:03
gendaibiz,現代ビジネス,岸田首相vs木原誠二氏のバトルが過熱…「政権交代が起こってもおかしくない」その発言意図,https://news.yahoo.co.jp/articles/4307e2ecee20f504b6950cd9c7fffc0da5ee2d12,5/11(土) 7:03
gendaibiz,現代ビジネス,「俺たちがこの会社を支えてきた」…意外と多い、老後の人生を「失敗する人」の共通点,https://news.yahoo.co.jp/articles/c9c404cb25e053584993dbcf5ab50cc68556ee85,5/11(土) 6:48
gendaibiz,現代ビジネス,なぜ「日本兵2万人超」が玉砕したのか…米軍が硫黄島の「滑走路」奪取にこだわった事情,https://news.yahoo.co.jp/articles/cb9fe171e9849077f414228a254ad2919a6cd9c9,5/11(土) 6:48
gendaibiz,現代ビジネス,地方の新聞記者が13年かけて、民間人“立入禁止”の「硫黄島」に上陸した瞬間,https://news.yahoo.co.jp/articles/53d65bd09c08670f40162ac02475e3b9007c931c,5/11(土) 6:47
gendaibiz,現代ビジネス,なぜ多くの人は「不健康」になるのか…ある日突然、働きすぎの人を襲う「悲劇」,https://news.yahoo.co.jp/articles/d6224e360779b5536979ee278bda4a67be1feef7,5/11(土) 6:33
gendaibiz,現代ビジネス,あまりに恐ろしい…巨大地震が「連続発生」する「半割れ」の恐怖,https://news.yahoo.co.jp/articles/32824001e8b5248ce5e0fe3f695f34bfbc95b3a9,5/11(土) 6:33
gendaibiz,現代ビジネス,カレンダーめくり忘れで激怒、付箋の貼り方で1時間説教…「完璧主義で細かすぎる人」のヤバい実態,https://news.yahoo.co.jp/articles/f1c4606fefab51486b82ef7403412ce3d9d64778,5/11(土) 6:33
gendaibiz,現代ビジネス,私たちがじつは知らない「日本人の姿」…庶民は「移動が多かった」という「意外な事実」,https://news.yahoo.co.jp/articles/b9ac777073c9ef104ae003bcf15382b22d957e07,5/11(土) 6:33
gendaibiz,現代ビジネス,不都合なことは「1秒で削除」される中国メディアの「闇」,https://news.yahoo.co.jp/articles/88bfd42e724d7a5f0519f0084265130e16c33090,5/11(土) 6:33
gendaibiz,現代ビジネス,この地球に「生命の材料」を運び込んだのは…小惑星イトカワのかけらから判明した事実が「衝撃的だったワケ」,https://news.yahoo.co.jp/articles/e99a507df975fd23eef5d1b9079297cdfaadd6f7,5/11(土) 6:33
gendaibiz,現代ビジネス,「日本人の生活」とはどのようなものだったのか…「民具」が明らかにする「多くのこと」,https://news.yahoo.co.jp/articles/26b3393faa7180fcd795a94b595816de198533c3,5/11(土) 6:05
gendaibiz,現代ビジネス,【先行公開】話題の手記「わたしと日産」に書かれている「ゴーンが日産会長の座から陥落した日」,https://news.yahoo.co.jp/articles/835b013d9175930bc299d1cd032d8756d96be726,5/11(土) 6:05
gendaibiz,現代ビジネス,【バブルの証言】「架空の丸紅部長」に変身した元白バイ隊員…リーマン・ブラザーズはこうして騙された【話題作「リーマンの牢獄」を先行公開】,https://news.yahoo.co.jp/articles/5fc779482e163bf644d2c302d3f14ebb85173163,5/11(土) 6:05
gendaibiz,現代ビジネス,もうダメかもしれない…「硫黄島上陸」をあきらめかけた新聞記者に起きた「驚きの奇跡」,https://news.yahoo.co.jp/articles/b2659bc8ccd85b10b40e6ea448bdb0d6cf27db64,5/10(金) 23:03
gendaibiz,現代ビジネス,「世間」とはなんだろう…日本全国を渡り歩いて多様な価値を持ち帰る「世間師」という重要な存在,https://news.yahoo.co.jp/articles/ae9863db83c45fdc24b391e3c403135c65240d54,5/10(金) 23:03
gendaibiz,現代ビジネス,日本が成長・発展するにつれて、人びとから忘れられてきた「虐げられた庶民」と「本当の苦痛」,https://news.yahoo.co.jp/articles/3c58636527addbec9b7884676f3b80dd1a0d14e1,5/10(金) 23:03
gendaibiz,現代ビジネス,誰かを愛する幸せと苦悩…「これは私たちの物語」歌人・岡本真帆が読む、話題の「推し活」小説,https://news.yahoo.co.jp/articles/c52942d598cb28a4d7fa24fea079dc1e111beb1d,5/10(金) 18:03
gendaibiz,現代ビジネス,「自分の住んでいる場所は大丈夫」は危険！災害の多い日本に暮らす今大切な「防災の心得」,https://news.yahoo.co.jp/articles/f7fd96ed2d851cb78f652d0d8891a5d0364a8690,5/10(金) 17:03
gendaibiz,現代ビジネス,じつは、認知症の予防は「40代からの過ごし方」で変わる…将来、“ボケない脳”を作る「食べ方」と「歩き方」の簡単なやり方,https://news.yahoo.co.jp/articles/ea67d733d9e2fe8d39b5f24f5837793b6f1412b6,5/10(金) 12:03
gendaibiz,現代ビジネス,昭和顔で大ブレイク中の河合優実も有力候補に…「いつか必ず朝ドラヒロインに！」と全力で推される「元国民的子役」,https://news.yahoo.co.jp/articles/e2b83ebfb72e62cefd2147caf24ebdf059aeff6a,5/10(金) 11:03
gendaibiz,現代ビジネス,NHKは”無名時代”から目を付ける…堀田真由と並んで「次の朝ドラヒロイン」最有力に挙がる「好感度最強女優の名前」,https://news.yahoo.co.jp/articles/01b28c4a45e41e67d1356bbd4ae21341f29f31eb,5/10(金) 11:03
gendaibiz,現代ビジネス,野生パンダと飼育パンダの交配は可能なのか…？【大人のための動物園講座】,https://news.yahoo.co.jp/articles/0b8f745a886a4f9eaf9be9785165b4a03be0d42d,5/10(金) 10:03
gendaibiz,現代ビジネス,「こんな制服美少女がいるの...」えなこ圧巻の「コスプレ制服姿」にファン、「現役ですか？」と困惑と絶賛の嵐！,https://news.yahoo.co.jp/articles/eceee23bf0b32ba0c86e501e4672cbe6eaa50f55,5/10(金) 8:33
gendaibiz,現代ビジネス,じつは多い、「手段と目的」を履き違える人の「根本原因」,https://news.yahoo.co.jp/articles/df923ae46e57fbf7514373d1e1a78f513b8c1b94,5/10(金) 8:18
gendaibiz,現代ビジネス,アメリカの極悪刑務所に10年間服役した元ヤクザが、「子どものいじめ撲滅運動」に力を入れる理由,https://news.yahoo.co.jp/articles/f02dddfb5bf76ee97f9a94a962eee0b3b086f2bf,5/10(金) 8:03
gendaibiz,現代ビジネス,ピューリッツァー賞作家でも見積もりを「大きく外す」…1年かかると予測した本に7年も費やしたワケ,https://news.yahoo.co.jp/articles/dd18a7d2bca7ed7e61538571e855b01afe92f40f,5/10(金) 8:03
gendaibiz,現代ビジネス,「紙の辞書」はもう必要ない？5年間で12ヵ国語を習得したインフルエンサーが驚く「Google翻訳・DeepL」の性能,https://news.yahoo.co.jp/articles/5789eb819d0e638d6c9ac16eff3f4106891a3161,5/10(金) 8:03
gendaibiz,現代ビジネス,創設後1万試合に達した千葉ロッテ…苦難の時代を乗り越えた監督・金田正一の奮闘,https://news.yahoo.co.jp/articles/3f33ccbe3458b77e5d51aa515a8c6789d53b4df4,5/10(金) 8:03
gendaibiz,現代ビジネス,「ほったらかし」で美味しい！日常でも作りたい防災料理「パッククッキング」のすごさ,https://news.yahoo.co.jp/articles/5344d31a8c7a48ded60f269bd3202d547db394be,5/10(金) 7:37
gendaibiz,現代ビジネス,【那須2遺体】「40代女性と小学生男児と同居の過去」「平日昼間も家にいた」「高級外車が趣味」のはてに…関根誠端容疑者の「逆玉計画」,https://news.yahoo.co.jp/articles/96eb7b6bebe3b9f82fae800b534a51114f93d2bc,5/10(金) 7:33
gendaibiz,現代ビジネス,ジャッキー・チェン、ずっと「俳優」＆「ファン」から愛される「意外なワケ」…！,https://news.yahoo.co.jp/articles/82e27e58e693fc5b62061b1e1323aa25dd50bc6e,5/10(金) 7:33
gendaibiz,現代ビジネス,脳や心臓、肺、消化器…「重い障害を持つ赤ちゃん」が産まれたら、親はどうすべきか…小児外科医が考える「家族のかたち」,https://news.yahoo.co.jp/articles/00e7e8eccbaea6856fdf23329cab19f5c7971ef7,5/10(金) 7:33
gendaibiz,現代ビジネス,酒に溺れ、暴力を振るう父親が放った衝撃の一言…30代男性をどん底に落とした「過去のトラウマ」,https://news.yahoo.co.jp/articles/b5cf7094ab655915711111717ee09f414f164877,5/10(金) 7:33
gendaibiz,現代ビジネス,もはや「会社の飲み会」は無意味になってしまった…バブル期から一転、その「納得の理由」,https://news.yahoo.co.jp/articles/a22ea6156f19c6f57ba24a265fb96b8c1072c131,5/10(金) 7:33
gendaibiz,現代ビジネス,3坪の木造物件が8000万円で落札！インバウンド需要に沸く「新宿ゴールデン街」が外国人だらけになった「本当の理由」,https://news.yahoo.co.jp/articles/633d485568c34827391e51d959ec5a0f951c7f1b,5/10(金) 7:19
gendaibiz,現代ビジネス,「キャリア」や「人生の悩み」について答えが欲しい...近年の「メンターブーム」のウラにある身勝手な矛盾,https://news.yahoo.co.jp/articles/9e4881e1f6e8d39982e8d10e9e1cb80c7c239f20,5/10(金) 7:04
gendaibiz,現代ビジネス,「毒をもって毒を制す」元対立組織の極左・松崎明との「蜜月」...敵を取り込んだ日本の改革者・葛西敬之の「本当の」狙い,https://news.yahoo.co.jp/articles/c24c351e7fd68513d2d46e98cad9d1bbe8cd69b7,5/10(金) 7:04
gendaibiz,現代ビジネス,「新築ではLDKを広くしたい」問題。気鋭の建築家が疑問に思う“広いダイニング”の必要性,https://news.yahoo.co.jp/articles/b8da7d5119cd00fe6d2f0f2713970cbb093a46ab,5/10(金) 7:04
gendaibiz,現代ビジネス,この4つに注意しないと「黒字倒産」のリスクも…飲食ビジネスで陥りがちな、意外すぎる「落とし穴」,https://news.yahoo.co.jp/articles/501a7d3ed8a9dd4ed66022a9b75459e3d1bc05da,5/10(金) 7:04
gendaibiz,現代ビジネス,「だから、その話、聞きたくないんです」さんまも逃げ出した『大霊界』が異例の大ヒットに！ 丹波哲郎の魅力,https://news.yahoo.co.jp/articles/b1fb7f787d1aae1f4c3d2c68a5319b2719c7e8df,5/10(金) 7:04
gendaibiz,現代ビジネス,「この８年間プーチンは国民を洗脳してきた」...政府系メディアに乱入した女性が捜査官相手に吐いた反戦抗議の「納得の理由」,https://news.yahoo.co.jp/articles/d213a91b5a5f73f1716b23efa1edb77672f86750,5/10(金) 7:04
gendaibiz,現代ビジネス,「どないしても出る」人気絶頂の漫才師が事務所の猛反対を押し切りポルノ映画に出演した理由,https://news.yahoo.co.jp/articles/13330a54bb1b150ba109dd7818155cb052c8b54f,5/10(金) 7:04
gendaibiz,現代ビジネス,「ゆっくりしていると法律違反に」…短すぎる遺品整理のタイムリミットと本当に頼るべき「人材」,https://news.yahoo.co.jp/articles/00de61729c8e865de43a36993f2ed7a656365ca8,5/10(金) 7:04
gendaibiz,現代ビジネス,ホタルイカ大漁は南海トラフ地震の前兆か…！各地で起こる不気味な揺れの「正体」,https://news.yahoo.co.jp/articles/bdfb9f3a90ea8901c2bf5e279523bc4f1ee3694d,5/10(金) 7:03
gendaibiz,現代ビジネス,超大企業なのにまさかの「創業以来借入ゼロ」の衝撃...！孫正義を『孫ちゃん』と呼ぶ「最強の美人経営者」の「スゴすぎる正体」,https://news.yahoo.co.jp/articles/1e7850d5cc9d12d242afd35052284301849cc3bc,5/10(金) 7:03
gendaibiz,現代ビジネス,英語で食事や遊びに誘われたときの返答の仕方は？ 役立つ英語表現３パターン,https://news.yahoo.co.jp/articles/43fa4e8789c3bdc53589c646434793a10e65acbd,5/10(金) 7:03
gendaibiz,現代ビジネス,今年はUV戦国時代！コスメマニアもびっくりの凄ワザ日焼け止めが続々登場,https://news.yahoo.co.jp/articles/b96d47ed2bde85dbcf0e8ab40f6360cb92517ac6,5/10(金) 7:03
gendaibiz,現代ビジネス,小学生男子２人の母・青木裕子が、20代女性の「子どもは産みたくない」という言葉で考えたこと,https://news.yahoo.co.jp/articles/51dd77d88b312b89672eaddc7d0e7d95258d70e4,5/10(金) 7:03
gendaibiz,現代ビジネス,中国の「麻薬犯罪」を暴露した米下院報告書がヤバすぎる…！ついに明らかとなる「21世紀版アヘン戦争」の非道な中身,https://news.yahoo.co.jp/articles/3a41b2c26f30301906cf6f026f762cf5869bb7c3,5/10(金) 7:03
gendaibiz,現代ビジネス,大惨事を招くプロジェクトの「決定的な特徴」…組織が理解しなければならないたった一つのこと,https://news.yahoo.co.jp/articles/ac5d0dae0dc836988095e85168e655e9905b92b9,5/10(金) 7:03
gendaibiz,現代ビジネス,日本兵2万2000人が死亡した「硫黄島の戦い」で米軍を恐れさせた栗林中将の「意外な後悔」,https://news.yahoo.co.jp/articles/331339bcebbd6eff2ea7dfb15a2cf6d0edef031b,5/10(金) 7:03
gendaibiz,現代ビジネス,じつは多い、「高学歴だけど仕事ができない」人たちの「悲しき現実」,https://news.yahoo.co.jp/articles/dad1c87e5f2f763b2b369f047902770a04f85e5e,5/10(金) 7:03
gendaibiz,現代ビジネス,「体の動かし方」を気にする人が多いが、じつはそれよりも大事な「ゴルフスイング習得のカギ」,https://news.yahoo.co.jp/articles/3294d06cf2b2efca8df840b678c2167a81b79f03,5/10(金) 7:03
gendaibiz,現代ビジネス,「１９６８年の悪夢」は繰り返されるのか…アメリカの「反イスラエル」学生運動で「ジェノサイド・ジョー」と非難されるバイデン大統領の窮地,https://news.yahoo.co.jp/articles/3ae7aa7e0dda17bc5d4cfb6be92ef4a7ecca4e9d,5/10(金) 7:03
gendaibiz,現代ビジネス,降圧剤は「夜に飲む」が正解だった…「時間」を意識するだけで高血圧を改善できる「驚きの方法」,https://news.yahoo.co.jp/articles/d9ce893a86a15fee79290e90d102629eb9d347d0,5/10(金) 7:03
gendaibiz,現代ビジネス,なぜ「硫黄島」に渡ることは難しいのか…多くの人が知らない「大きな困難」,https://news.yahoo.co.jp/articles/4629d37b0296435478224833acc28e39186c67af,5/10(金) 6:48
gendaibiz,現代ビジネス,意外と多い、「指示待ちタイプ若手社員」の悩ましすぎる実態,https://news.yahoo.co.jp/articles/3fdab8bc41d078ca91e97e5af389a19bddf9806f,5/10(金) 6:48
gendaibiz,現代ビジネス,今度こそ「素手もほこりも、ぜったい禁止」にしたら…なんと、大量に降り注いできた隕石から「核酸の材料」が見つかった,https://news.yahoo.co.jp/articles/cfbe14b504b083340aff17ad603ce9eea119ffdf,5/10(金) 6:43
gendaibiz,現代ビジネス,日本人が知らない「巨大地震」最悪の衝撃…「多くの人に一体何が起きるのか」深刻すぎる実態,https://news.yahoo.co.jp/articles/1a5bffe9d0b7514a1ed02833e99540af99668961,5/10(金) 6:33
gendaibiz,現代ビジネス,死者数32万人、被害総額170兆円…誰もが震え上がる南海トラフ巨大地震「最悪の被害想定」,https://news.yahoo.co.jp/articles/3a7f5bb68f26f549a063b3cf69b3029276bb25f2,5/10(金) 6:33
gendaibiz,現代ビジネス,「前代未聞の衝撃映像」を突然放送…「泣く子も黙る」中国の「エロ一掃」キャンペーン,https://news.yahoo.co.jp/articles/4a4d9ed9bf6b4e2d10651f1c9a4c2df259b2d709,5/10(金) 6:33
gendaibiz,現代ビジネス,ダイエットに失敗する人は「経営」も下手？ 不健康な人が陥っている「単純な間違い」,https://news.yahoo.co.jp/articles/29f34e29089711898771b9e618a043e47804c4cf,5/10(金) 6:18
gendaibiz,現代ビジネス,コミュニケーションへの臆病さから進む孤独。変革の鍵は、人の「弱さ」と向き合うことにあった。,https://news.yahoo.co.jp/articles/85e2e49219e7f6089baad578bf546c2590527996,5/10(金) 6:07
gendaibiz,現代ビジネス,進撃の「ガチ中華」#7…これぞ「ラーメンの元祖」だ！ 中華第一麺の称号にふさわしい、池袋「薩斐蘭州牛肉麺」の味,https://news.yahoo.co.jp/articles/3e45b702281eea3012e51baec27eba1041485a75,5/10(金) 6:07
gendaibiz,現代ビジネス,1年半ぶりに新型が登場したiPad…タンデムOLED画面に、M4新型プロセッサー…「iPadの未来に円安を跳ね返す実力」があるか,https://news.yahoo.co.jp/articles/cd141120d6bd746b7fe42672ad9febc50e25ca00,5/10(金) 6:06
gendaibiz,現代ビジネス,誰も知らない日本軍守備隊の最高指揮官・栗林中将の「最期」とは…硫黄島の戦いの「大きな謎」,https://news.yahoo.co.jp/articles/5d752857c8d1a0b713b10d137e9e4bfa871a4fc8,5/10(金) 6:06
gendaibiz,現代ビジネス,【独自】日産元社長・西川廣人氏が出版する回顧録の中身を初公開…カルロス・ゴーン会長のもと、そのとき社長は何を考えていたのか,https://news.yahoo.co.jp/articles/aa3bd0992a5c69f880bdd342341ce188dbc59329,5/10(金) 6:06
gendaibiz,現代ビジネス,「面白おかしく」働ける企業が伸びる～そもそも仕事＝人生がつまらないのに生きる意義があるのか？,https://news.yahoo.co.jp/articles/35c8cc107ceb59a7e1892d157f3ccd4b0898c8e8,5/10(金) 6:06
gendaibiz,現代ビジネス,【今年最大の問題作を先行公開】GSとリーマン　投資ファンドを手玉に取る手口を教えよう…『リーマンの牢獄』が出版前からヤバすぎる理由,https://news.yahoo.co.jp/articles/4e55715bb5dc1a3f4b575db114226b6198aa6401,5/10(金) 6:06
gendaibiz,現代ビジネス,日本は「ひとつではない」とはどういうことか…日本人が見落としてきた「庶民の歴史」の大きな意味,https://news.yahoo.co.jp/articles/e7316963efa22891d19a86e508f2a299b2ab1698,5/9(木) 23:03
gendaibiz,現代ビジネス,「主流」にならないことが大事…日本を代表する民俗学者を突き動かした「傍流のすすめ」,https://news.yahoo.co.jp/articles/ae0610c48cdd8deb63845dc068b55de540bbe636,5/9(木) 23:03
gendaibiz,現代ビジネス,なぜ「硫黄島の遺骨収集」は全然進まないのか、単純な理由,https://news.yahoo.co.jp/articles/ea674805c3ac8307a05bbce8c05b4eda1b457d43,5/9(木) 23:02
gendaibiz,現代ビジネス,【独自】二階俊博氏「深刻な病状」の衝撃情報…風雲急を告げる「和歌山補選」の可能性で大混乱,https://news.yahoo.co.jp/articles/0a2f5946d0453683b3631cf0f8894a3a4afd4ba4,5/9(木) 22:03
gendaibiz,現代ビジネス,白米も美味しい！料理上手な漫画家が驚いた「防災パッククッキング」の上級技,https://news.yahoo.co.jp/articles/965e001de488309607f40c2ec6392833e0a3b65a,5/9(木) 17:03
gendaibiz,現代ビジネス,シニア世代の「母の日」調査、母親が喜んだ神ギフトに入ったものとは？＜美容・生活編＞,https://news.yahoo.co.jp/articles/6deb9e156d08e383c9383cbc4040e304d9691504,5/9(木) 17:03
gendaibiz,現代ビジネス,「いざとなったら持ち家を売れば大丈夫」はもう効かない…「賃貸か」「持ち家か」の前に見落としている、住まいの「意外な盲点」,https://news.yahoo.co.jp/articles/e63261a84a87dc0e52568e99b084d14c585a7748,5/9(木) 12:03
gendaibiz,現代ビジネス,松下幸之助、本田宗一郎、すかいらーく茅野亮…レジェンド経営者の「ビジネス格言」で、サラリーマンは壮絶すぎる「ゾンビパニック」に立ち向かえる…のか？,https://news.yahoo.co.jp/articles/6fa85b3a96147825b65a3776b8c3c5989950aa05,5/9(木) 11:33
gendaibiz,現代ビジネス,【『徹底討議　二〇世紀の思想・文学・芸術』】めくるめく知の饗宴の楽しみ方,https://news.yahoo.co.jp/articles/02d515018789519236300bb466c63170f7ffa21b,5/9(木) 11:03
gendaibiz,現代ビジネス,「老害と思われたくない」と必死になるのは「老害よりも害」だ…この国をダメにした「倒される側」になりたくない大人たち,https://news.yahoo.co.jp/articles/37ff8287aef4b0557ea03cf2625b431957072465,5/9(木) 11:03
gendaibiz,現代ビジネス,大ブーイングを浴びても成立を急ぐ…岸田政権が「子育て支援金」にすべてを賭けている本当の思惑,https://news.yahoo.co.jp/articles/f4c5421823bf80b258bd0510d48801136ac33659,5/9(木) 10:03
gendaibiz,現代ビジネス,毎月負担増の「子育て支援金」はすべてここに書かれていた…！元高級官僚が執筆した「日本の未来」を予測するヤバすぎる本の中身,https://news.yahoo.co.jp/articles/9780aec6b48a0ebdac73c2bf742eb2a0dce4c13d,5/9(木) 10:03
gendaibiz,現代ビジネス,習近平とバイデンが結託…！？完全にはしごを外された岸田総理の「超外交敗北」の舞台裏,https://news.yahoo.co.jp/articles/20edb1c16e61b9a41617a33688e3690896a7e35e,5/9(木) 9:03
gendaibiz,現代ビジネス,外交敗北…！岸田総理は訪米後、バイデン大統領から思いっきりはしごを外されていた,https://news.yahoo.co.jp/articles/3055be809e6ba3da75d4a77374dce69a59e4edc8,5/9(木) 9:03
gendaibiz,現代ビジネス,「最も健康」「最も信頼できるブリーダーから」は真っ赤な嘘だった…NYペットショップと「子犬工場」のあぶない実態,https://news.yahoo.co.jp/articles/122b95c1caa1caf0949100e763e13d60b204a4c2,5/9(木) 8:04
gendaibiz,現代ビジネス,【独自】「生徒が自主的にバリカンで丸刈りに…」保護者が大激怒した関西名門校の「ヤケクソ説明」,https://news.yahoo.co.jp/articles/8edc255badb7bd51a9d3c69ae76b5a4756d58aa6,5/9(木) 8:03
gendaibiz,現代ビジネス,アメリカの極悪刑務所に10年間服役…！出所したヤクザがカタギになり「子どもの未来」を育成する活動を始めたワケ,https://news.yahoo.co.jp/articles/0c9c076225fc064807d6b0b0903735ae13cfbd3f,5/9(木) 8:03
gendaibiz,現代ビジネス,「初のダウン」で怪物・井上尚弥の評価は下がったのか…米メディアが明かす“ネリ戦の印象”と期待する“意外な対戦相手”,https://news.yahoo.co.jp/articles/114f01c42c691ae1e0f20e9f64e9baa8ab7d5e82,5/9(木) 8:03
gendaibiz,現代ビジネス,プロジェクトの大半が「予算」をオーバーする納得の理由…人が予測を大きく外す瞬間,https://news.yahoo.co.jp/articles/8acbc7d83ce3b61ce6aec2c8f05025fca2dc2e15,5/9(木) 8:03
gendaibiz,現代ビジネス,配当利回り4%の株にいきなり飛びつくのはNG…「高配当ランキング」を鵜呑みにすると危険なワケ,https://news.yahoo.co.jp/articles/a6f3db72c9c9bfd8772f3072770f8bb3ddc5b0a9,5/9(木) 8:03
gendaibiz,現代ビジネス,「こちらでは僕は１年生」...驚異の《防御率０点台》でカブスをけん引する「今永昇太」が亡き父から「学んだこと」,https://news.yahoo.co.jp/articles/66c1764706308b4b77c3b568f1503b55e158a38e,5/9(木) 8:03
gendaibiz,現代ビジネス,『虎に翼』現象を制作陣はどう見ているのか。「自分ごと」にさせる「NHKの集合知」,https://news.yahoo.co.jp/articles/c2ea7fa9251ccd990f0f356faa45e06c866c9907,5/9(木) 7:43
gendaibiz,現代ビジネス,「会社の飲み会に行きたくない」人が増えている…「飲み会」と「出世」の意外な関係が明かされた,https://news.yahoo.co.jp/articles/600d7704811c2923858638ee673b07b6b64aa81f,5/9(木) 7:33
gendaibiz,現代ビジネス,批判は覚悟している…リーマンから371億円を騙し取り、懲役15年を食らった男が獄中で綴った「書籍の中身」,https://news.yahoo.co.jp/articles/c1d3d3486a8fb31e560b688a2560a34c7ec730e1,5/9(木) 7:18
gendaibiz,現代ビジネス,丹波哲郎が映画『大霊界』を作ったワケ。「今、作れるということは、霊界が作ることを望んでるんだ」,https://news.yahoo.co.jp/articles/b6f1be692f33065497eec605f6d5a0502a252ef6,5/9(木) 7:04
gendaibiz,現代ビジネス,「プロパガンダを信じるな」…ロシア政府系メディアに乱入して「プーチンの野望」を全国民に暴露した女性が語る「衝撃の顛末」,https://news.yahoo.co.jp/articles/8c76308aab338ae0dcad5fc2d6f2a559f3895473,5/9(木) 7:04
gendaibiz,現代ビジネス,気鋭の建築家が伝授！　マイホームを建てるとき、「QOL爆上げ」な収納をつくる方法,https://news.yahoo.co.jp/articles/ecbd2f82c36f3df0164f42131a13163a9d7d2fd7,5/9(木) 7:04
gendaibiz,現代ビジネス,「呼べないなら賞はいりません」…中田カウスが「伝説のストリッパー」を漫才の授賞式にどうしても招待したかった納得のワケ,https://news.yahoo.co.jp/articles/220138e01df7c0934cd51cf9e4ba21c7414b5133,5/9(木) 7:04
gendaibiz,現代ビジネス,「遺品整理を家族で分担」はむしろ逆効果！遺品整理で陥りがちな「袋小路」についてプロ業者が徹底解説,https://news.yahoo.co.jp/articles/7604efc2f194f1a4a58e50ed7db20fd99729e237,5/9(木) 7:04
gendaibiz,現代ビジネス,政界を揺らす転機！…闇将軍・田中角栄を破った意外な人物による「最悪の裏切り」,https://news.yahoo.co.jp/articles/d9779c8ad26ca99dfa901d3091d6027458bd3465,5/9(木) 7:03
gendaibiz,現代ビジネス,社長が驚愕「どうしてこんなに儲かるの」…知っておきたい「いますぐ買ったほうがいいビジネスモデル」3選,https://news.yahoo.co.jp/articles/95855d30a1327d5aba727409f3394deec99a3e9b,5/9(木) 7:03
gendaibiz,現代ビジネス,もはや本物の「朝ドラヒロイン」…！あの孫正義に一目置かれ《1000億円以上の株取引》で大企業の損失も穴埋め...コーエーテクモ会長の「女傑伝説」【直撃インタビュー】,https://news.yahoo.co.jp/articles/e347017606f514149488808c8d00a22e2e6ed035,5/9(木) 7:03
gendaibiz,現代ビジネス,「もっとエッジを」…！読売新聞で「紅麹」談話捏造問題が起きた「独特の社内事情」と「悪しき習慣」,https://news.yahoo.co.jp/articles/086153fa3eba1105cc520eefac511e5d1d686506,5/9(木) 7:03
gendaibiz,現代ビジネス,トイレは？電源は？現金は？防災士に聞いた「普段使いの防災グッズ」,https://news.yahoo.co.jp/articles/9d47a22eb60a38006765c44e9bfcdb27d49b2e96,5/9(木) 7:03
gendaibiz,現代ビジネス,加齢を体感し始めた母親が切望、「母の日」本音のウィッシュリスト［身につけるモノ編］,https://news.yahoo.co.jp/articles/768a816a9dd41c83036088623818d222b230884f,5/9(木) 7:03
gendaibiz,現代ビジネス,「中国の麻薬犯罪」がアメリカ議会の調査でついに明かされた…！米国社会を敵に回した習近平が支払う「底なしの代償」,https://news.yahoo.co.jp/articles/aaeadf7c5a5831ee504952a3ffd3a741b4540aea,5/9(木) 7:03
gendaibiz,現代ビジネス,やせない原因は「大事な動作」をしていないから…辛いこりや痛みの解消にまで効く「効果的なエクササイズ」,https://news.yahoo.co.jp/articles/5ca083e08226749662204b220df3c67b0852789d,5/9(木) 7:03
gendaibiz,現代ビジネス,「ダーウィン以降の生物学を乗り越えたい」…21世紀最高の人類学者が「辿り着いた答え」,https://news.yahoo.co.jp/articles/dca213b3f92a6aff706a164fb8318c62b962ca5a,5/9(木) 7:03
gendaibiz,現代ビジネス,1988年4月のある土曜日、バス停で起きた奇跡の瞬間…歴史を変えたひとりの男が閃いた「世界の真理」,https://news.yahoo.co.jp/articles/6c6b5b18c5f49c10118c94a2682457337a840357,5/9(木) 7:03
gendaibiz,現代ビジネス,一体何が…相手から愛されていると思い込んだ「40代女性の精神構造」,https://news.yahoo.co.jp/articles/26a755c71d91033abc3a4fda25c0e277f862dcff,5/9(木) 7:03
gendaibiz,現代ビジネス,死者数32万人、被害総額170兆円…誰もが震え上がる南海トラフ巨大地震「最悪の被害想定」,https://news.yahoo.co.jp/articles/d58ae7d849d8032421d77d30fb58020d883d7bbc,5/9(木) 7:03
gendaibiz,現代ビジネス,スマホを触れば触るほど自分が自分でなくなる…SNS時代に誰もが感じている「孤独」はどこから来るのか,https://news.yahoo.co.jp/articles/124d5cb20e1268e1c9af97871511130490b90dae,5/9(木) 7:03
gendaibiz,現代ビジネス,日本ではなぜか「悪いスイング」とされている、じつは「世界では常識のスイング方法」,https://news.yahoo.co.jp/articles/e57088dd32ec38ba0216ac6b6791bb7a1f315409,5/9(木) 7:03
gendaibiz,現代ビジネス,「なぜあの男は私とつき合わないのか」…40代職場ストーカーの「知られざる実態」,https://news.yahoo.co.jp/articles/4efd1b6c558a64af51854dd0e8c29fa0efe5aec3,5/9(木) 6:47
gendaibiz,現代ビジネス,家族旅行なんて「贅沢」でできない…多くの人が感じている「体験格差」という現実,https://news.yahoo.co.jp/articles/d5dc686ee2ed0cc57c069cc9f418bcfc095ed7a9,5/9(木) 6:47
gendaibiz,現代ビジネス,ある日突然“父を失った”僕が「硫黄島上陸」を絶対にあきらめなかったワケ,https://news.yahoo.co.jp/articles/5732355c7d272d11cc59c95b7b11c2723836d9c3,5/9(木) 6:47
gendaibiz,現代ビジネス,誰もが絶望する…日本人が意外と知らない「南海トラフ巨大地震の歴史」,https://news.yahoo.co.jp/articles/e99ce0f718d3c470ea7cab3844451b3b1e9a8356,5/9(木) 6:47
gendaibiz,現代ビジネス,老人を山に捨てることは「残酷」なのか…「残酷という感情」から見えてくる「日本人の姿」,https://news.yahoo.co.jp/articles/5d8a99ede0d5ae9bf8763f92cfcbb766a0973a2f,5/9(木) 6:33
gendaibiz,現代ビジネス,日本の「巨大地震」で命を奪う「意外すぎるモノ」…それは津波でも火事でもない,https://news.yahoo.co.jp/articles/390052b2655d8210ef69c84256cae1935f54a213,5/9(木) 6:33
gendaibiz,現代ビジネス,世界最大の老人国家・中国の「厳しすぎる現実」…21世紀になって明らかになった中国の「ひずみ」,https://news.yahoo.co.jp/articles/056db8cfd68fa25aaeb747a658c704e430ebc644,5/9(木) 6:33
gendaibiz,現代ビジネス,【那須2遺体】自らを「ボク」と呼ぶ関根誠端容疑者の「意外な素顔」…被害者夫婦を「パパ」「ママ」と呼び、従業員にはプレゼント,https://news.yahoo.co.jp/articles/be3fd5af46d9f2c8da602f4de0cb03820678b063,5/9(木) 6:18
gendaibiz,現代ビジネス,進撃の「ガチ中華」#6…爆買い元年、池袋東口に上陸した中国最大の火鍋チェーン「海底撈」日本1号店,https://news.yahoo.co.jp/articles/a92d83832437d3552471ef2fecbefe0e6289391d,5/9(木) 6:05
gendaibiz,現代ビジネス,【日本一詳しい北朝鮮解説】祖父も父も要らぬと金正恩、「太陽」はオレ様一人！,https://news.yahoo.co.jp/articles/949921ffd43b60afd655ffef9ff225d5970819dc,5/9(木) 6:05
gendaibiz,現代ビジネス,【独自】同席しただけで場が凍り付いた…二階俊博の後継に決まった三男と、ライバル「世耕」の壮絶バトルはこうして始まる《和歌山戦争、第二幕》,https://news.yahoo.co.jp/articles/358ec40157cff948c0d083159df3795e81c387b6,5/9(木) 6:05
gendaibiz,現代ビジネス,ブリンケンを小バカにした中国、でもおバカなのはどっち？,https://news.yahoo.co.jp/articles/b0311a7fe8330062b97c1934127f343912aeba32,5/9(木) 6:04
gendaibiz,現代ビジネス,投資の神様バフェットが教える「選択」の極意～黙って座っていることには価値がある,https://news.yahoo.co.jp/articles/fc991262ef63133cf6692e782121edc451e932c5,5/9(木) 5:03
gendaibiz,現代ビジネス,ある日突然、職場の「親切なおばさん」がストーカーに…20代男性が味わった「恐怖体験」,https://news.yahoo.co.jp/articles/c0cf797100778a05739f53f6e769daf2dcf0de0d,5/8(水) 22:03
gendaibiz,現代ビジネス,「滑走路下に多数の遺体か埋められている」…マスコミが無関心の「硫黄島の知られざる実態」,https://news.yahoo.co.jp/articles/04331f592a7ecab9b0a403c8b1b529cea82d8502,5/8(水) 22:02
gendaibiz,現代ビジネス,日本の村落が「閉鎖的」というのは本当か…意外と知らない実態,https://news.yahoo.co.jp/articles/a684e11d10fd71776fdea19e40ba819fdd30be6a,5/8(水) 12:47
gendaibiz,現代ビジネス,民間人“立入禁止”の「硫黄島上陸」を目指して、地方紙の記者がもがき続けた「13年間のこと」,https://news.yahoo.co.jp/articles/bb47469867a5a7da4fd2ef2df429dd47485f8cb1,5/8(水) 12:33
gendaibiz,現代ビジネス,貧乏だがよく働き、隣人を信じる…「大きな歴史」からは見えなかった「日本人の生活実態」,https://news.yahoo.co.jp/articles/3b3881545a72af52f5721961d7759b842ff497cf,5/8(水) 12:33
gendaibiz,現代ビジネス,儲けたいなら「経営だけではダメ」…中小企業を買収する前に絶対知っておくべき「リスクヘッジ」の“具体的な方法”を大公開,https://news.yahoo.co.jp/articles/9ffb2defeb5e8e2e33857e3c90326e02299d96d5,5/8(水) 12:07
gendaibiz,現代ビジネス,83歳「元タクシー運転手」の家賃滞納で発見された、ゴミ屋敷の「おぞましい光景」…まるで絨毯のように覆っていた,https://news.yahoo.co.jp/articles/7ec20bd16e34decbb943f51e0177ada16ae44813,5/8(水) 12:03
gendaibiz,現代ビジネス,「悲しい記憶ではなく楽しかった思い出として」動物園の飼育員さんが語る、パンダの「タンタン・ロス」のこと,https://news.yahoo.co.jp/articles/1874927e38e6db3795e6f83e6838bc1d01c90e5a,5/8(水) 9:03
gendaibiz,現代ビジネス,「タワマン」が意外と危険…「南海トラフ巨大地震」で最大6メートル揺れる「想像を超える恐怖」,https://news.yahoo.co.jp/articles/231ab758ad8a3d93b4993c24ca88228894f01614,5/8(水) 9:03
gendaibiz,現代ビジネス,「次は自分が弟と同じ景色を見たい」...“憧れの兄”が目指す「DeNAの度会が見ている世界」,https://news.yahoo.co.jp/articles/03fd8db91d8597ebfdb7baf9f54fc01e718f6ba2,5/8(水) 9:02
gendaibiz,現代ビジネス,フィットネスジムが乱立…それでも「全力ストレッチ」の女性スタッフが「月収100万超え」を実現する理由,https://news.yahoo.co.jp/articles/1e44b72e1cf913e483ea576d75dd5636c665cd6d,5/8(水) 8:03
gendaibiz,現代ビジネス,もはや日本中が「恋愛モード」だったバブル時代とは違う…令和時代の「交際0日婚」のススメ,https://news.yahoo.co.jp/articles/a6e04e5d59844da665faeb0eecb5a28346a028ab,5/8(水) 8:03
gendaibiz,現代ビジネス,「巨大地震」がやってくる…災害大国ニッポンに決定的に足りない「最悪すぎる事態」の想定,https://news.yahoo.co.jp/articles/721bb968afae80050ca9ebf5d9ac0e62585f83e4,5/8(水) 7:33
gendaibiz,現代ビジネス,なんと日本隊だけで「1万7000個」も発見した…！奇跡の1969年に見つかった「大量の隕石」からの新発見と「残念な結果」,https://news.yahoo.co.jp/articles/2058ad980caebbf60fb2c7c60945bde426e626b1,5/8(水) 7:27
gendaibiz,現代ビジネス,ウクライナ戦争を伝えるロシア政府系のニュースで「あなたたちは騙されている」と乱入した女性…その時、一体何が起きていたのか「本人が直接告白」,https://news.yahoo.co.jp/articles/d3ec2d8ffd61e7011cce46fe594a6b287dcac47c,5/8(水) 7:04
gendaibiz,現代ビジネス,「ごみ溜め」に400万円かけてしまった話。マイホームを建てるときの収納の落とし穴,https://news.yahoo.co.jp/articles/86e0d5af19aa1658f4b0b7ffe2fac5fdd5cac1ed,5/8(水) 7:04
gendaibiz,現代ビジネス,霊能者からの助言を受け入れ、素人をプロデューサーに！　丹波哲郎『大霊界』の真実,https://news.yahoo.co.jp/articles/3893a2981fd6c9136375e03a5cadf13f32613465,5/8(水) 7:04
gendaibiz,現代ビジネス,男たちが自分で股間をまさぐり始める…伝説の踊り子が客たちを手玉に取って「復讐」したかったワケ,https://news.yahoo.co.jp/articles/7b66aed73fcee8135fa4fc526c65a8b21d905000,5/8(水) 7:04
gendaibiz,現代ビジネス,親も親族も頼りにできない！遺品整理の現場で起きる想像以上の「困難」,https://news.yahoo.co.jp/articles/b61555579078302eacd4a34ebe3e7e6e3e4a23c2,5/8(水) 7:04
gendaibiz,現代ビジネス,波乱要素が大きすぎる…「国体護持派も恐れた」国鉄分割のMVP・葛西敬之に対する「過剰すぎる」反応,https://news.yahoo.co.jp/articles/033d29010eadb47ff385ca3e7c52bda91430aba1,5/8(水) 7:04
gendaibiz,現代ビジネス,トップが400万円の「餅代」「氷代」を配り「総理」を目指す…自民党政治を支えてきた「派閥」の「からくり」《『自民党と派閥』緊急復刊》,https://news.yahoo.co.jp/articles/f648573b9654040fdb969a63de1b1a3f78adadeb,5/8(水) 7:04
gendaibiz,現代ビジネス,「人として最低限のルールさえ…」なぜ『脳外科医 竹田くん』モデルは医師を続けられるのか？ 吹田徳洲会病院の院長が語った「驚愕の言い分」,https://news.yahoo.co.jp/articles/0bf71d071c062d0f090b17e73d78ca7e6836bc8c,5/8(水) 7:04
gendaibiz,現代ビジネス,ワガママ怪獣に急変する「魔の3歳児」…息子へのイライラが嘘のように消えたある出来事,https://news.yahoo.co.jp/articles/d0c6ac334d3c573df9cb6dcb65d407d5dcb82eaa,5/8(水) 7:04
gendaibiz,現代ビジネス,高橋メアリージュンがアフリカで「日本の英語教育」を憂えた理由,https://news.yahoo.co.jp/articles/56a837c665fa50f2ae55e70b9092a6c3de84bf9f,5/8(水) 7:03
gendaibiz,現代ビジネス,【15歳で日本ツアー優勝】韓国若手女子ゴルファーたちがこれだけの結果を残せる「納得の理由」,https://news.yahoo.co.jp/articles/462dee6acf8579a919da02d389901addc509b9c6,5/8(水) 7:03
gendaibiz,現代ビジネス,日本株、G7の共同声明でさらに注目度が高まる「プロ厳選・水素関連企業５選」を実名紹介,https://news.yahoo.co.jp/articles/778b1d0d53af46ffe2c362ef7077e7a35496ee9c,5/8(水) 7:03
gendaibiz,現代ビジネス,「もしかしたら、井上くんが負けてしまうかも」…井上尚弥がもらった「初のダウン」からの挽回の真相,https://news.yahoo.co.jp/articles/610014c4e8a82c5702071c26b052721f09023da4,5/8(水) 7:03
gendaibiz,現代ビジネス,日常生活で激減している「ねじる」…1分実践するだけで楽にダイエットできる「納得の理由」,https://news.yahoo.co.jp/articles/df776ddc107a3928d0b209a137146ae13e64f8be,5/8(水) 7:03
gendaibiz,現代ビジネス,リニア問題を放り投げて辞職した川勝知事の後継選挙戦…「浜松vs静岡」の対決が勃発していた,https://news.yahoo.co.jp/articles/285c8a9c287747d743a1a9d4a9d08f7d1b9cd180,5/8(水) 7:03
gendaibiz,現代ビジネス,「今の自分が恥ずかしくて友達に会えない」…妻に養われた「ヒモ哲学者」が苦しみ続けた「自分」という落とし穴,https://news.yahoo.co.jp/articles/4b7ddaef32bb264e319c63341c3f78c5a834328c,5/8(水) 7:03
gendaibiz,現代ビジネス,「40代の女性社員が怖くて出勤できない」…20代の男性社員を襲った「ヤバい恋心の恐怖」,https://news.yahoo.co.jp/articles/1a7aa2707290ff41b92d6735e67bad0230866edc,5/8(水) 7:03
gendaibiz,現代ビジネス,仏教の超重要ワードから「ことば」の世界を覗いてみると…「阿頼耶識」が教えてくれる「今を生き抜くヒント」,https://news.yahoo.co.jp/articles/262c811730b6dc6f148b7d13a0583457aec41474,5/8(水) 7:03
gendaibiz,現代ビジネス,人類最大の禁忌「インセスト・タブー」はどうやって誕生したのか…この原理が世界を作り出したという「驚きの学説」,https://news.yahoo.co.jp/articles/e2de0d4fd99ef029902762bf59c5315a6bf7db19,5/8(水) 7:03
gendaibiz,現代ビジネス,「こんな悲惨な暮らしなら死んだほうがマシ」…差別と略奪、ひどすぎる暴力に立ち向かった人類学者たちの戦い,https://news.yahoo.co.jp/articles/8aa05b1ad638ac49c7da9349a4ceb1911c5cadfd,5/8(水) 7:03
gendaibiz,現代ビジネス,ゴルフスイングと野球のバッティングの「意外な共通点」と「じつは異なる点」,https://news.yahoo.co.jp/articles/dd599ba6806683826365dcb795ab3bbdeafd69b0,5/8(水) 7:03
gendaibiz,現代ビジネス,真空に埋まっている「何か」の正体がわかれば…宇宙の起源に結びつく「素粒子に残されたナゾ」,https://news.yahoo.co.jp/articles/31423626f6672482fb869513f2fade0d98198335,5/8(水) 7:03
gendaibiz,現代ビジネス,「重要指標はなんとリーグ２位...！」圧巻の成績を残すカブスの「今永昇太」の登板後に、母が電話で「必ず伝える言葉」,https://news.yahoo.co.jp/articles/5cb60e3d5f88e507596bc218f4fe96b83529d7d4,5/8(水) 7:03
gendaibiz,現代ビジネス,故安倍首相の発言が波紋…結局、円安は今の日本に「メリット」をもたらすのか？,https://news.yahoo.co.jp/articles/03633a04ce247d5ba8739aecaadacb9fb94207e8,5/8(水) 7:03
gendaibiz,現代ビジネス,「職場で活躍している人」の幸福を破壊してやりたい…「陰で足を引っ張る人」が考えていること,https://news.yahoo.co.jp/articles/5a72e7f319c8377ed3c61d57833badb61e22ee9f,5/8(水) 6:47
gendaibiz,現代ビジネス,日本兵1万人がいまだ「行方不明」一体なぜ…遺族が長年唱えていた「たった一つの仮説」,https://news.yahoo.co.jp/articles/cd361e6e0c81d0c2426e8f8258461b4555ad68ba,5/8(水) 6:47
gendaibiz,現代ビジネス,給料激減でも元気に仕事…“68歳、年収200万円”の「働き方の実態」,https://news.yahoo.co.jp/articles/b8c00ac9395e4ea3a212b5fd14f01de98a364bc2,5/8(水) 6:47
gendaibiz,現代ビジネス,一流大学卒・一流企業入社するも、「転職」を繰り返した「高学歴難民女性」の悲しき末路,https://news.yahoo.co.jp/articles/5ef4edeb8d4d9ab0060f436f1cd7a68e2f4ed027,5/8(水) 6:33
gendaibiz,現代ビジネス,日本全国「80歳以上の老人たち」の話が教えてくれたこと…幕末生まれと明治生まれの人の「決定的な差」,https://news.yahoo.co.jp/articles/02740699cb031ceaa9e63afdeaa7212738c4802c,5/8(水) 6:33
gendaibiz,現代ビジネス,知ったら全員が絶句…「日本人の日常」を破壊する「超巨大災害」の悲惨すぎる実態,https://news.yahoo.co.jp/articles/46b285ec69b6aed403a99b39c5eb7efeffd2efb2,5/8(水) 6:33
gendaibiz,現代ビジネス,香港で行われた中国の「逆襲」…「最高で無期懲役刑に科す」,https://news.yahoo.co.jp/articles/0895c2c187fcd7d4393dfe6b70fd725c08895ae5,5/8(水) 6:33
gendaibiz,現代ビジネス,“68歳で年収200万円”の契約社員が振り返る「きつかった仕事」,https://news.yahoo.co.jp/articles/7cdd5ae73b8ea165691213a8a03034096d2576a0,5/8(水) 6:18
gendaibiz,現代ビジネス,【政財界極秘スクープ】含み益30兆円超え「日銀埋蔵金」に、あの木原誠二が目をつけた…岸田官邸・財務省・経産省の「ぶん取り合い」驚愕の記録,https://news.yahoo.co.jp/articles/3dd9416fcf086071aa741997495caef2933169c7,5/8(水) 6:05
gendaibiz,現代ビジネス,進撃の「ガチ中華」#5…高田馬場・神田川のほとり「湘遇」で喰らう天下一品の「甲魚（スッポン）」料理,https://news.yahoo.co.jp/articles/8aec44be8724794ed64c7be1567bf1e9933c52cd,5/8(水) 6:05
gendaibiz,現代ビジネス,米軍が血眼になって探した特殊部隊「731部隊」隊長の「発明品」発見…！,https://news.yahoo.co.jp/articles/59045cc4cbd7e148337c1084707f353b4bd86aa5,5/8(水) 6:05
gendaibiz,現代ビジネス,与党惨敗で政権交代がほぼ確実な英国と、政権交代の可能性を信じる有権者が少ない日本…その違いはどこにあるのか？,https://news.yahoo.co.jp/articles/4c0028b784cec95d8ba2a8323458b405a07e9e63,5/8(水) 6:05
gendaibiz,現代ビジネス,欧州司法裁判所が示した「かくもデタラメな対ロ制裁」,https://news.yahoo.co.jp/articles/46e7a16e89cd60ad6587a781013d511e1c20a94f,5/8(水) 6:04
gendaibiz,現代ビジネス,祝日本代表！　でも何かヘンだよ、五輪サッカー,https://news.yahoo.co.jp/articles/ed9ebeac319977cf2cc0657b7c729f6e6f6c1a03,5/8(水) 6:04
gendaibiz,現代ビジネス,「怪獣料理」が京都に出現!?…病みつきになる東北の大皿,https://news.yahoo.co.jp/articles/753b18a3889abd725627ccd2744482a750668e59,5/8(水) 6:04
gendaibiz,現代ビジネス,BTSに飛び火した「HYBE帝国」のお家騒動…「Army」たちが過激な抗議行動に踏み切らざるを得ない納得の理由,https://news.yahoo.co.jp/articles/836f16f4ab4f8f4599effc85642875b1e8c3f396,5/8(水) 6:04
gendaibiz,現代ビジネス,栗山英樹が大谷翔平にした「2回の説教」。二刀流ができると「信じ切った」理由,https://news.yahoo.co.jp/articles/e81659cfef76ec5c142dd4db104797a46d5613e7,5/7(火) 17:02
gendaibiz,現代ビジネス,女性たちの「エロ話」は何を意味していたのか…民俗学者・宮本常一が見た「農村の性」,https://news.yahoo.co.jp/articles/5312267b3b8fb72b3b48711466bdfdb25e424964,5/7(火) 12:33
gendaibiz,現代ビジネス,月10万7000円が払えない…83歳「元タクシー運転手」家賃滞納の「過酷な現実」～電気、ガス、水道が止まり、あてもなく図書館で過ごす,https://news.yahoo.co.jp/articles/9f06b79059c05de8f6c857dbed6c108efd3c231b,5/7(火) 12:03
gendaibiz,現代ビジネス,九州あたりの「じつに特異な地形」は第二のフォッサマグナなのか,https://news.yahoo.co.jp/articles/1b0cbdc508441a08ee79600f16383809c3f6d4f2,5/7(火) 9:47
gendaibiz,現代ビジネス,20世紀の王道シナリオが「あり得ない」とひっくり返された…なんと、ミラーの「衝撃的実験」に惑星科学の進展が「再検討」を迫った,https://news.yahoo.co.jp/articles/e4007794e1eac703a3d3499bddd520d0933ade60,5/7(火) 9:43
gendaibiz,現代ビジネス,「羽生九段と素人」目に映る盤面は同じはず…「天才脳」に追いつくための「驚愕の学習術」,https://news.yahoo.co.jp/articles/cb22b595bf997b8acdc8db2feb09f2bfeb5444b8,5/7(火) 9:23
gendaibiz,現代ビジネス,「ヘルプマーク」につけこむ人間もいる…障害者を苦しめる「性被害」の現実,https://news.yahoo.co.jp/articles/55e970f60fa75423821e0c9a8d3b1ad760c73099,5/7(火) 9:03
gendaibiz,現代ビジネス,「『お前の家族、めっちゃ明るいね』と言われます」...“憧れの兄”が明かす、DeNAの度会が「打席で笑う理由」,https://news.yahoo.co.jp/articles/491d149adbd022c4633bb56f87c447b5e64e04d7,5/7(火) 9:03
gendaibiz,現代ビジネス,「私は母と義父と同じ部屋で“川の字”になって寝ていて」…小児性愛者の医師と再婚した虐待母の「残酷な会話」の中身,https://news.yahoo.co.jp/articles/59fa7c01047b9c924390814e217c8ab681ed0264,5/7(火) 8:03
gendaibiz,現代ビジネス,「ずっと続いてほしい長寿番組」ランキング！6位『サザエさん』、5位『徹子の部屋』を抑え…圧倒的支持を得た「番組の名前」,https://news.yahoo.co.jp/articles/d99bcb4fc13a2871f52b7cb2129849c3e5b445bf,5/7(火) 8:03
gendaibiz,現代ビジネス,「なぜ当社を志望しているのですか？」面接で聞かれたときの「オンリーワンの志望動機」の答え方,https://news.yahoo.co.jp/articles/07d594fff671e1415fb65b5d8c4f138d5f235949,5/7(火) 8:03
gendaibiz,現代ビジネス,「富士山噴火」を引き起こすのは「巨大地震」か…火山・地震大国ニッポンを襲う「恐ろしい未来」,https://news.yahoo.co.jp/articles/85d09f8cdea174dd1dc80f3cfff4fe629258839a,5/7(火) 8:03
gendaibiz,現代ビジネス,「指に針を突き刺して…」決死の内部告発！『脳外科医 竹田くん』のモデル医師が吹田徳洲会病院で「デタラメ診療」連発、院内は大混乱,https://news.yahoo.co.jp/articles/839e2d6ed69cc2e91b2ee91a65673a7ed66b9410,5/7(火) 7:18
gendaibiz,現代ビジネス,「霊界の宣伝マン」丹波哲郎が制作した映画『大霊界』。29歳新人プロデューサーの奇妙な“居候”体験,https://news.yahoo.co.jp/articles/96a30ee8182e250a21f16c94bfb8e38eb0d53363,5/7(火) 7:04
gendaibiz,現代ビジネス,「ストリッパーは娼婦とは違う」若き日の中田カウスが驚いた、伝説のストリッパーの「狂気的」なプロ意識,https://news.yahoo.co.jp/articles/189c06b971ed73b12d3ce90026de51fd6ae7cfa2,5/7(火) 7:04
gendaibiz,現代ビジネス,あなたも当てはまる!?「もったいない」が招く「悲劇」…親世代の家がモノで溢れるまさかの理由,https://news.yahoo.co.jp/articles/1d2e1b0bb9f440c8c83656d2cf93ee99129fc45d,5/7(火) 7:04
gendaibiz,現代ビジネス,新幹線での密会…国鉄分割を推進・葛西敬之を支えたのは「幸福の科学と癒着」していた「自民党」の裏切者,https://news.yahoo.co.jp/articles/9811512a5e8b8455cb6047464319df4b089bb34d,5/7(火) 7:03
gendaibiz,現代ビジネス,「収入が2倍になるはずだったのに…」会社を「情熱」だけで買ってしまったサラリーマンの残酷すぎる結末,https://news.yahoo.co.jp/articles/72dfe8ff0f7cf0a9b51a0ed35b54e95af1dea57d,5/7(火) 7:03
gendaibiz,現代ビジネス,石破、茂木、河野、高市…ポスト岸田の「総裁選」で、最も「派閥解体の影響を受けそうな候補」の名前《『自民党と派閥』緊急復刊》,https://news.yahoo.co.jp/articles/849cabc0459fd95c6f129827269a7d8f36fc8bd4,5/7(火) 7:03
gendaibiz,現代ビジネス,大河ドラマ出演が転落人生の始まりか...？大御所俳優にチヤホヤされた「元天才子役」の末路【那須夫婦遺体事件】,https://news.yahoo.co.jp/articles/e34e2d3321ba13445846bced55c77825e00422e5,5/7(火) 7:03
gendaibiz,現代ビジネス,栗山英樹がヤクルト二軍時代に出会った「恩人」、日ハム優勝後の「再会」,https://news.yahoo.co.jp/articles/cde90dca829fa5b1c9940d5518f2b2d98c5a5a92,5/7(火) 7:03
gendaibiz,現代ビジネス,両親ともに日本育ち…それでも、子どもには「インターナショナルスクール」を選択した理由,https://news.yahoo.co.jp/articles/606c3f53bcfbc8e98d29a133912316f563cd3ec1,5/7(火) 7:03
gendaibiz,現代ビジネス,ミュージシャンSUGIZO「アパレル業界が変わらないとまずい」と思うワケ,https://news.yahoo.co.jp/articles/fc0219717d7058a12bead42fb4f24378988abfd3,5/7(火) 7:03
gendaibiz,現代ビジネス,「君が取引先の社長の妻と不倫して…」金か異性にまつわる悪い噂を流す「職場を腐らせる人たち」,https://news.yahoo.co.jp/articles/57cd1f4d9af23cabda08a589148d4aee168e9dde,5/7(火) 7:03
gendaibiz,現代ビジネス,「うわあああ」何度も悲鳴を上げ…「不発弾」だけではない硫黄島の「意外な危険なもの」,https://news.yahoo.co.jp/articles/40d885a0eadd83527cc076f7bdfcb5fba0e79817,5/7(火) 7:03
gendaibiz,現代ビジネス,日本人はどのような生活をしてきたか…名もなき人びとの「驚きの知恵」,https://news.yahoo.co.jp/articles/e813a69d80836eea9b6e2dc1e88d8b6e031cbc9b,5/7(火) 7:03
gendaibiz,現代ビジネス,退職金も激減、転職しても給料減…50～60代で「仕事の意味がわからなくなる」人が続出,https://news.yahoo.co.jp/articles/affb397eae708c3c62ffeddf9a24089378f09c19,5/7(火) 7:03
gendaibiz,現代ビジネス,長い老後を“幸せで豊かに”生きるために知っておきたい、現役世代と定年後の「大きな違い」,https://news.yahoo.co.jp/articles/e535b10603eb14a35af1f795c57022b419b57e67,5/7(火) 7:03
gendaibiz,現代ビジネス,知ったら全員青ざめる…日本を襲う「巨大地震」の本当の恐怖,https://news.yahoo.co.jp/articles/6505c47a3741a50ae2f0200cce7dc6c29d70071e,5/7(火) 7:03
gendaibiz,現代ビジネス,大事なことは「クラブを振らない」こと…「いつまで経っても飛ばないスイング」を卒業するために知っておくべきこと,https://news.yahoo.co.jp/articles/187b831b774ed039842a2bd3ca3f32107fc7111c,5/7(火) 7:03
gendaibiz,現代ビジネス,今まで誰も気づかなかった…世界的に有名な蝶の「はね」に隠された驚きの「新事実」,https://news.yahoo.co.jp/articles/6dbf2575dae7cf16cb749971bbded084e095a19e,5/7(火) 7:03
gendaibiz,現代ビジネス,真空では「考えられないこと」が当たり前のように起きている…量子色力学から見た「トリッキーすぎる世界」,https://news.yahoo.co.jp/articles/5f0d082cfe120de7f7c0a13a9ef129315b5f93a5,5/7(火) 7:03
gendaibiz,現代ビジネス,「昭和の日」の「為替介入」でできることは最大限やったが…政府日銀に求められる「その場しのぎ」ではない「改革」のシナリオ,https://news.yahoo.co.jp/articles/fda7c0e54913ea00142676152949fab63fcf7064,5/7(火) 7:03
gendaibiz,現代ビジネス,「トランプ当選なら白紙になる」日本製鉄は「アメリカ２位の鉄鋼会社」を本当に買収できるのか…？,https://news.yahoo.co.jp/articles/e4692e66b188af27cd4ce59906c3bb2ddda098d7,5/7(火) 7:03
gendaibiz,現代ビジネス,これは「人類の絶滅」を示唆していないだろうか…リョコウバトの「いびつな繁栄」と「無慈悲な絶滅」が教えること,https://news.yahoo.co.jp/articles/aa57f5647223a196ba5fb2cd0e5e992932f76300,5/7(火) 6:48
gendaibiz,現代ビジネス,優秀な30代女性が休職まで至った「まさかの原因」…意外と多い「陰で足を引っ張る人」の正体,https://news.yahoo.co.jp/articles/d8aee22f40cbffd3cc0a2e2156bfd32c11805a29,5/7(火) 6:47
gendaibiz,現代ビジネス,「硫黄島出身の祖父」を地上戦で亡くした遺族が、遺骨収集現場で「明るくふるまっていたワケ」,https://news.yahoo.co.jp/articles/f135c03acafe2c998813b1458178ee9bdb232b1d,5/7(火) 6:47
gendaibiz,現代ビジネス,意外と多い、優秀な部下をつぶす上司の「共通点」,https://news.yahoo.co.jp/articles/c88d9f2b312289b840a7ac14b5af1603f4e0c922,5/7(火) 6:47
gendaibiz,現代ビジネス,日本は「ひとつ」ではなかった…「庶民の歴史」からしか見えてこない「日本人の本当の姿」,https://news.yahoo.co.jp/articles/a9d404ff247dbdaf451257d0279c72fbca4423c2,5/7(火) 6:33
gendaibiz,現代ビジネス,日本人が意外と知らない「富士山噴火の深刻すぎる被害」、そのとき具体的に何が起こるのか,https://news.yahoo.co.jp/articles/13a764cfcf9580328c073c0b9b0516d94aeb1640,5/7(火) 6:33
gendaibiz,現代ビジネス,中国人も呆れた「無理筋の政策」…コロナで中国経済が急速に悪化した「納得の理由」,https://news.yahoo.co.jp/articles/30512f050886f4b71ac1afc35887b96314d60ce5,5/7(火) 6:33
gendaibiz,現代ビジネス,「日本軍兵士の遺骨」の年齢をどう特定するか…硫黄島で見つかった「首なし兵士」の実態,https://news.yahoo.co.jp/articles/54dde3b112adfbbb63449f6c5d06ba744336650d,5/7(火) 6:18
gendaibiz,現代ビジネス,50～60代の就職・転職「賃金低下」の実態…中高年がこれから直面する「厳しすぎる現実」,https://news.yahoo.co.jp/articles/d94f072d04a444e9a6be50a69136e504d293e589,5/7(火) 6:18
gendaibiz,現代ビジネス,進撃の「ガチ中華」#4…池袋の雑居ビル2階、在京上海人で賑わう店「新天地」で喰らう「絶品上海ガニ」,https://news.yahoo.co.jp/articles/298f728ddb13454012aaf68594d31ca7322d6800,5/7(火) 6:04
gendaibiz,現代ビジネス,失踪したエイベックス買収の「仕掛け人」の行方,https://news.yahoo.co.jp/articles/8779bbe7233a08511031e39c341c683089e409a2,5/7(火) 6:04
gendaibiz,現代ビジネス,日本車はもう「オワコン」…!? 北京モーターショーを賑わせた中国EVメーカーの目標は「打倒イーロン・マスク」ただ一つ,https://news.yahoo.co.jp/articles/c7255122d8e2637197106c091bdac1bcdf72fbf3,5/7(火) 6:04
gendaibiz,現代ビジネス,社会機能を維持できるかどうかの瀬戸際の人口減少、しかし「なし崩し」の移民受け入れは危険だ,https://news.yahoo.co.jp/articles/15576a8a5dcaf6c8b35415666db13266f80d40ba,5/7(火) 5:03
gendaibiz,現代ビジネス,一瞬で建物崩壊、大火災…「首都直下地震」の被害を最小限にするために「絶対知っておくべきこと」,https://news.yahoo.co.jp/articles/c8305cb12f23c581133a18df8bcff485ee5b9e64,5/6(月) 22:02
gendaibiz,現代ビジネス,「観光客が多くて人手が足りない」は言い訳？40歳2児の母が「我が子を捨てる」本当の理由,https://news.yahoo.co.jp/articles/75c10655d6f465f950f3ca8db2500d1cbab47f17,5/6(月) 21:03
gendaibiz,現代ビジネス,「プレゼンは嫌！英語嫌！」純日本人の私がプロのスピーチ大会で優勝できた理由,https://news.yahoo.co.jp/articles/a288fabc7dea1c894b6552286ac0e174a2aaba55,5/6(月) 18:03
gendaibiz,現代ビジネス,意外と知らない、人生がうまくいく人といかない人の「決定的な違い」,https://news.yahoo.co.jp/articles/a03f23a029f14d6aea5da12c91ee9a6fbc5919da,5/6(月) 12:33
gendaibiz,現代ビジネス,衆院補選のウラで審議が進んでいた実質「移民法」のヤバすぎる中身…このままでは日本の「社会保障」が崩壊する,https://news.yahoo.co.jp/articles/1bffa6c96e810c85b04a43b894988cee5604ec99,5/6(月) 12:03
gendaibiz,現代ビジネス,「東京、家賃も物価も安すぎでしょ」恐るべき「中国人の子どもたち」が来日して漏らしたホンネ,https://news.yahoo.co.jp/articles/d5bc2104422984b1d2e2b53b5e7852712bd44f33,5/6(月) 11:03
gendaibiz,現代ビジネス,「痛くなったら歯医者に行く」　のは昔の話…50代からでも遅くはない「真剣な歯磨き」のススメ,https://news.yahoo.co.jp/articles/32b6d315634b2e01e36562d3c83da9b68368b0e0,5/6(月) 11:03
gendaibiz,現代ビジネス,NHKドラマ『むこう岸』撮影秘話…子どもの“貧困の壁”に「編集の作業中にもやっぱり泣いてしまうんです」プロデューサーが語る,https://news.yahoo.co.jp/articles/18509616ae80b37249355ee24d94c016e83077ef,5/6(月) 10:02
gendaibiz,現代ビジネス,「子役とはいえ、大河で二役にキャスティングされるのはかなり難しい」...元・天才子役が堕ちた「闇」【那須夫婦遺体事件】,https://news.yahoo.co.jp/articles/c0645958e4369338d5681656b5c785dbe31b91e4,5/6(月) 9:27
gendaibiz,現代ビジネス,「弟は盟友で、マブダチ」“憧れだった兄”が明かす、DeNA度会の幼少時の「衝撃のホームラン」【直撃インタビュー】,https://news.yahoo.co.jp/articles/7df0c7cd37d048bf1c1e11376613b0e03ae58bfe,5/6(月) 9:07
gendaibiz,現代ビジネス,35歳母親と「ベビーシッター」を名乗る男たちから受けた、性的虐待の数々…15歳の少女が社会に向けて「私の話を聞いて欲しい」と語る理由,https://news.yahoo.co.jp/articles/b4d6d8edbeeed18745b4627fb1ba4994c44cbb3b,5/6(月) 8:03
gendaibiz,現代ビジネス,「ずっと続いてほしい長寿番組」ランキング！13位『アッコ』、12位『Mステ』、8位『新婚さん』…『旅サラダ』の意外な順位,https://news.yahoo.co.jp/articles/3c448f1e24e7443dc5aebe631a23d35dd8e9c422,5/6(月) 8:03
gendaibiz,現代ビジネス,“ニセ大島優子”に入れ込んだ69歳男性が「4000万円」を溶かすまで…元King&Princeの“ニセ平野紫耀”も急増中！,https://news.yahoo.co.jp/articles/7867636228a96e670e2e620ac8eaed01359e15cd,5/6(月) 8:03
gendaibiz,現代ビジネス,自己紹介が怖い人へ…”伝えるプロ”が語る「相手に忘れられない自己紹介」の技,https://news.yahoo.co.jp/articles/33106b4a1fa9236cbe25c6fbaa4775617a38413b,5/6(月) 8:03
gendaibiz,現代ビジネス,馬刺し、いきなり団子だけじゃない…Iカップの「グラビア界の新星」が明かす、故郷「熊本」の最強グルメ＆オススメスポット,https://news.yahoo.co.jp/articles/ac53a52b90eb85c874ff138f09240af78bc3229d,5/6(月) 7:33
gendaibiz,現代ビジネス,「集団無視が卒業時までずっと続きました…」学校に行かない子どもの居場所「オンラインフリースクール」立ち上げの裏にあった「過去の体験」,https://news.yahoo.co.jp/articles/1a6f2ad36a45a1bd38920c6ec595540386ea44cb,5/6(月) 7:33
gendaibiz,現代ビジネス,不発弾がごろごろと…日本軍の兵器「九九式破甲爆雷」など爆発物900個以上が見つかった硫黄島生活,https://news.yahoo.co.jp/articles/db0371475a14e8dd20d3632205a0edd27cc5c1da,5/6(月) 7:33
gendaibiz,現代ビジネス,「民主主義」とは何だろうか…民俗学者・宮本常一が見た「日本の寄り合い」の可能性,https://news.yahoo.co.jp/articles/6ec7e3dcce523380c5b72b648c7c13347c3f1aeb,5/6(月) 7:33
gendaibiz,現代ビジネス,どこにでもいる「君の将来を思って」と言う上司の「アブない実態」,https://news.yahoo.co.jp/articles/43515d6d6202b145b7cb702338ad642ae2768706,5/6(月) 7:23
gendaibiz,現代ビジネス,TikTokからアメリカの「ヤバい情報」が中国に流出する…！バイデンも動き出した「米中データ戦争」のゆくえ,https://news.yahoo.co.jp/articles/84bccedd328ffacff4967b5693a4fcb341163cac,5/6(月) 7:19
gendaibiz,現代ビジネス,「カネを拾うのは浅ましい」おひねりが嫌だった中田カウスに伝説の踊り子がした衝撃的なアドバイス,https://news.yahoo.co.jp/articles/d11b89a8229ba3ce48f4b4015c4ea06f0f840376,5/6(月) 7:04
gendaibiz,現代ビジネス,【遺品整理、ナメていませんか】…遺品整理が“意外なほどに”時間がかかる「驚きの現実」と必要な「覚悟」,https://news.yahoo.co.jp/articles/d103472caeeab5dc61a82759ea92dd6375b384ed,5/6(月) 7:04
gendaibiz,現代ビジネス,昭和の文春砲「癒着の温床」国鉄解体のために日本の異端児・葛西敬之がとった逆襲の「奇策」,https://news.yahoo.co.jp/articles/a6453bdbfc7052eb89931ba39967ffd2d90a4307,5/6(月) 7:04
gendaibiz,現代ビジネス,「会社を買いたい！」...この“一言”であなたの人生が大きく好転する衝撃の理由,https://news.yahoo.co.jp/articles/cdc10feac66a2bbe646d09d4656fac3ce127dc71,5/6(月) 7:04
gendaibiz,現代ビジネス,「保育園からの呼び出し」から壊れた夫婦…40歳2児の母が実家に入りびたりになるまで,https://news.yahoo.co.jp/articles/ec1dc08f3a37341f80632cb7e87275e0516c72a3,5/6(月) 7:04
gendaibiz,現代ビジネス,ダウン症の子を「かわいそう」と語る90歳義母に「かわいそうじゃないよ」と伝える理由,https://news.yahoo.co.jp/articles/a3ebfeee3ee9b537ec90abaca268dbeeee6cacaa,5/6(月) 7:03
gendaibiz,現代ビジネス,「英語だけやればいい」は間違い…日本人初・スピーチ界のアカデミー賞受賞者が知った「伝える力」,https://news.yahoo.co.jp/articles/27f9b29d06cd645ad5f289c1ffa313dd6785c6c0,5/6(月) 7:03
gendaibiz,現代ビジネス,この身体はどこからきて、どこへいくのか…日本の哲学者が苦悩した「西洋と東洋の本質的な違い」,https://news.yahoo.co.jp/articles/fc6533c40dbe09fcb276d12083d716847bcb0330,5/6(月) 7:03
gendaibiz,現代ビジネス,仏教はなぜここまで日本で受け入れられたのか…私たちの根源に埋め込まれた「空」というメッセージ,https://news.yahoo.co.jp/articles/c53b28513fc68e30cf592b0836771e51ba2f1e43,5/6(月) 7:03
gendaibiz,現代ビジネス,まぎれもなく「生き地獄」…日本兵が米軍と戦う体力は残っていなかった「壮絶すぎる実態」,https://news.yahoo.co.jp/articles/1ebfe47c3de0b8419ca61b60f1cf0d6cbb82bbb6,5/6(月) 7:03
gendaibiz,現代ビジネス,なぜ人類は「近親相姦」をかたく禁じているのか…ひとりの天才学者が考えついた「納得の理由」,https://news.yahoo.co.jp/articles/de5aa3ef68b195f27828320b63f1439ab5853b38,5/6(月) 7:03
gendaibiz,現代ビジネス,世の中はすべて「秘密の構造」で成り立っている…ある言語学者が暴いた「世界を作る驚きの仕組み」,https://news.yahoo.co.jp/articles/3927cf1ed178652c459e2e7f9f1431dd20833d99,5/6(月) 7:03
gendaibiz,現代ビジネス,高学歴だけど仕事ができない…意外と多い「いつも相手を見下す人」の正体,https://news.yahoo.co.jp/articles/107a7ba3823861f557548433b21d29202d871c96,5/6(月) 7:03
gendaibiz,現代ビジネス,70歳までどうしても働かせたい日本政府…絶望しないために知っておくべき「老後の実態」,https://news.yahoo.co.jp/articles/1c43a2fd0375dcfca25d5a2c53099b4f92e266d8,5/6(月) 7:03
gendaibiz,現代ビジネス,東京を「大地震」が襲うとき、「わずか数分」が命を左右するという「厳しい現実」,https://news.yahoo.co.jp/articles/eb8e4e6e2bc509e9b0ad0858985a8ec5cf04b482,5/6(月) 7:03
gendaibiz,現代ビジネス,体が硬くなった「シニアゴルファー」がマネをすると窮屈になってしまう「スイング方法」,https://news.yahoo.co.jp/articles/a5acf7a83fba392abb2b6ea96b7088be49117e62,5/6(月) 7:03
gendaibiz,現代ビジネス,いまさら聞けない、「クォーク」とはいったい何なのか…「厄介な素粒子」と呼ばれる理由,https://news.yahoo.co.jp/articles/dd8c6ca4e0eab271eda4e8ccef8ec7f680666c65,5/6(月) 7:03
gendaibiz,現代ビジネス,高齢の遺児が「おとーさーん！」と泣き声をあげることも…硫黄島遺骨収集の「知られざる実態」,https://news.yahoo.co.jp/articles/39930d2a3545df09ad404e31abc4825f7ebe3102,5/6(月) 6:48
gendaibiz,現代ビジネス,多くの人が知らない…「日本兵1万人が行方不明」の硫黄島の土を掘るための「意外な道具」,https://news.yahoo.co.jp/articles/b4fc01b7df5e95f0316eb03afb99bc3522e8d589,5/6(月) 6:48
gendaibiz,現代ビジネス,どんな企業にもいる「相手によって態度を変える人」の厄介な実態,https://news.yahoo.co.jp/articles/d35b4be9f4f3ef258c1d2cfe10386253ee3f4adf,5/6(月) 6:48
gendaibiz,現代ビジネス,60～70代を襲う「仕事の能力低下」という「避けられない現実」,https://news.yahoo.co.jp/articles/acef043c66ab3013800cbe3b8973edd64afa3fbb,5/6(月) 6:48
gendaibiz,現代ビジネス,「無理をする」家庭もあれば「あきらめる」家庭も…「体験格差」をめぐる日本社会の現在地,https://news.yahoo.co.jp/articles/59f9f32a34a4647a7372dcb80536933e663fcccb,5/6(月) 6:47
gendaibiz,現代ビジネス,「巨大地震」で日本のタワマンは一瞬で崩壊してしまうのか,https://news.yahoo.co.jp/articles/ea84d6abd6a89db9c81e3cd51e348ec8c864062a,5/6(月) 6:47
gendaibiz,現代ビジネス,人間の耳と鼻はおいしい…難民に冷たすぎる日本が忘れていた「日本人の知られざる歴史」,https://news.yahoo.co.jp/articles/cc0675e990f4d6fa73bb51673078957cc4254971,5/6(月) 6:33
gendaibiz,現代ビジネス,じつは知らない、「経営＝お金儲け」という思考が「無知であるワケ」,https://news.yahoo.co.jp/articles/39b4b114f6c5b564a5392dcc6d539b8f195420ba,5/6(月) 6:33
gendaibiz,現代ビジネス,「あまりにも恐ろしい命令」…日本では考えられない中国の「異様な慣習」,https://news.yahoo.co.jp/articles/6c165c49e12043ff266618485da4807e85e45c5b,5/6(月) 6:33
gendaibiz,現代ビジネス,「少ない退職金」で老後をどう生きればいいのか…データが示す「厳しい現実」,https://news.yahoo.co.jp/articles/08b7ceef0f4a2ecd0ff476dc9afaa772b153c265,5/6(月) 6:19
gendaibiz,現代ビジネス,60～80代の「仕事の実態」…なぜ定年後に価値観がガラリと変わるのか,https://news.yahoo.co.jp/articles/d9cbb4c71875afe77e1707fd2cf72f63ff286b07,5/6(月) 6:18
gendaibiz,現代ビジネス,「巨大地震」がいよいよやってくる…東京で「出火危険度」が高い「具体的なエリア」,https://news.yahoo.co.jp/articles/2d37774655e8e821377aa48b65c44d78315e1580,5/6(月) 6:13
gendaibiz,現代ビジネス,進撃の「ガチ中華」#3…中国東北地方出身者も「真好吃（ガチで旨い）!」と太鼓版を押す餃子の名店「兆奎餃子」,https://news.yahoo.co.jp/articles/8fa8da6cd3d0d1c1ba91e3a8f06690590a4577cd,5/6(月) 6:04
gendaibiz,現代ビジネス,女性と関係を結んだ「盲目の乞食」の自分語りが持つ意味,https://news.yahoo.co.jp/articles/aeb3133a9f16384bcd3bc3337bea2c1f133d4ccd,5/6(月) 6:04
gendaibiz,現代ビジネス,「君の頭は小学生レベルか」職場を崩壊させる人たちの「うんざりする実態」,https://news.yahoo.co.jp/articles/941bb5f52fef297020df85a61f8ae582500c973c,5/6(月) 6:04
gendaibiz,現代ビジネス,なりすまし広告蔓延、「デジタル押し売り」にはもううんざりだ～ネット時代の最善のマーケティング戦略は広告からPRへ,https://news.yahoo.co.jp/articles/671e382b84140764f575c5aa7da47cee127aa50c,5/6(月) 5:03
gendaibiz,現代ビジネス,子連れ同士の再婚、40歳妻が医師の夫に抱いた疑惑の真相、連れ子の驚愕の証言,https://news.yahoo.co.jp/articles/590f1a6296f466588cc7c31d23e2b17262fba0f3,5/5(日) 21:03
gendaibiz,現代ビジネス,子どもに自転車も買えない…2児の母・デイケアの看護師が「体験格差」に涙する背景,https://news.yahoo.co.jp/articles/327ec3762bed55f85a5d0fe412cd6214f1131719,5/5(日) 18:03
gendaibiz,現代ビジネス,10年以上空き家だった「田舎の一軒家」に移住…恐ろしい出来事で学んだこと,https://news.yahoo.co.jp/articles/9e1b9fd4ed4f7ad6fceb258d7a86632f015006fa,5/5(日) 17:03
gendaibiz,現代ビジネス,64歳で年収400万円…契約社員が語る「仕事に満足している定年後の生活」,https://news.yahoo.co.jp/articles/2d9cc11ca38e345606612a746f071dba7eaa04a8,5/5(日) 12:33
gendaibiz,現代ビジネス,「親思いの娘」と同居してから、83歳女性の老化が進んだ「残念な理由」,https://news.yahoo.co.jp/articles/6a31bdd418a165dbb5c7d6d724f68d2f595655de,5/5(日) 11:03
gendaibiz,現代ビジネス,懸賞金は、じつに100万ドル…！　名だたる数学者を惹きつけた「面積が5」になる三角形の問題が、なんと、いまだ未解決の「超」難問につながった,https://news.yahoo.co.jp/articles/95db7aac4e395623372b3db921b7482405f6dad2,5/5(日) 11:03
gendaibiz,現代ビジネス,NHKドラマ『むこう岸』制作秘話…子どもの間で起こる「貧困の壁」の“生易しくない世界”のリアル【5月6日放送】,https://news.yahoo.co.jp/articles/85088c9da8e5893cba9940ea1bc17aa806babe0e,5/5(日) 10:02
gendaibiz,現代ビジネス,家の中で誰かに見られている…2歳息子の「目がこわい」から始まった恐怖,https://news.yahoo.co.jp/articles/e1c4849be1bd1bf9ee65758df25fe37bf4bdf02a,5/5(日) 9:02
gendaibiz,現代ビジネス,スマホの通知がスーパーからしかこない母に息子が抱いた「想定外の疑問」,https://news.yahoo.co.jp/articles/9fedb38285b267f94c078cd80347749c4a4958c5,5/5(日) 8:21
gendaibiz,現代ビジネス,衰退していく日本が「もう一度豊かになる」方法はあるのか,https://news.yahoo.co.jp/articles/5cc8e5050cde6074eca883fb0e9e4bd4602cdb5a,5/5(日) 8:19
gendaibiz,現代ビジネス,「そもそも朝から見たくない...」『DayDay.』低迷の原因、と批判されている「MCの名前」と「破格のギャラ」,https://news.yahoo.co.jp/articles/48a80bef122d56018229ccdfb92c05e01f6d70ad,5/5(日) 8:03
gendaibiz,現代ビジネス,清原の長男・正吾の大活躍が止まらない…スカウトが「プロ入りもある」と話す「圧倒的な実力」,https://news.yahoo.co.jp/articles/557e835c03dd6e059e36eb93baff79925644b3eb,5/5(日) 8:03
gendaibiz,現代ビジネス,「パチンコのすべてを伝えて死にたい」…！74歳パチンコマニアがたどり着いた「衝撃の事実」と「たった一つの願い」,https://news.yahoo.co.jp/articles/d752f11fbc881e5a0097623592570d9e1035b57a,5/5(日) 8:03
gendaibiz,現代ビジネス,医者の腕が悪いと、膀胱に穴を開けられる「大惨事」も…前立腺「本当に信頼できる名医」の実名,https://news.yahoo.co.jp/articles/6c6716e164c838251c8f2ea8c367bb3c147d384c,5/5(日) 8:03
gendaibiz,現代ビジネス,威嚇しまくり猫を保護したら、先住猫に感動の変化が…！元野良猫くうちゃんが起こした奇跡,https://news.yahoo.co.jp/articles/f7a6920914fda76a808b284c14ed28b64140b5b2,5/5(日) 8:03
gendaibiz,現代ビジネス,多くの人が否定的に使う「世間」のもう一つの意味をご存知ですか,https://news.yahoo.co.jp/articles/5bc11c2b1ff37ee25bdb0c65f1de5c0e1a1b6e63,5/5(日) 8:03
gendaibiz,現代ビジネス,70～80歳まで「働くことが当たり前」の社会で重要なのは「価値観の転換」だった,https://news.yahoo.co.jp/articles/3f6202f9493c9eb3b8c57ebf75dd1b8245c4d5c2,5/5(日) 8:03
gendaibiz,現代ビジネス,「恐怖の極限状態」「家屋は一瞬で倒壊」…関東大震災「46時間続いた大火災」の恐怖,https://news.yahoo.co.jp/articles/801e8b3942ebf9049d46aaa7da3980611fc195eb,5/5(日) 8:03
gendaibiz,現代ビジネス,意外と混同しやすい言葉、「誤った言葉遣い」に気づけますか？,https://news.yahoo.co.jp/articles/f97a1ffaccd2bf13f9d16a7eda8d54e52a1dd804,5/5(日) 8:03
gendaibiz,現代ビジネス,「学校に行かない」という選択肢が“当たり前”に…急増する「オンラインフリースクール」の「知られざる実態」と「新たな可能性」,https://news.yahoo.co.jp/articles/d1525a2baa121760eca5ca00d3daed66ad959e1a,5/5(日) 7:33
gendaibiz,現代ビジネス,「美しい所作」から「予算の伝え方」まで…ミシュラン星付きの名門「銀座レカン」のソムリエが指南する、ワインを楽しむ秘訣,https://news.yahoo.co.jp/articles/75166fb58acf7bacbb65ed7da23c1943f85c65eb,5/5(日) 7:33
gendaibiz,現代ビジネス,「本」を読むのは「少数派」という現実…「地方在住・低学歴・低所得層」では「本がどこで買えるか」も知らない人も,https://news.yahoo.co.jp/articles/d359f5730ffaf3e6a5971da6e0a5dcd0ed765b3f,5/5(日) 7:33
gendaibiz,現代ビジネス,韓国「衝撃的選挙」のウラで、ここへきて韓国から「日本に移住したい人」が出てきた“意外な事情”,https://news.yahoo.co.jp/articles/0885a7256959187a90689fe2c53379b220670bcd,5/5(日) 7:33
gendaibiz,現代ビジネス,父は硫黄島で死んだ…遺児がいま明かす、父が残した「最後の言葉」,https://news.yahoo.co.jp/articles/57a6fd4476794eeba867fceebd7778971b22b69e,5/5(日) 7:33
gendaibiz,現代ビジネス,「頭がそっくりない遺体が多い島なんだよ」…硫黄島に初上陸して目撃した「首なし兵士」の衝撃,https://news.yahoo.co.jp/articles/109a7d6e53cf2001723b72b8a96b362de63dc44e,5/5(日) 7:19
gendaibiz,現代ビジネス,「国鉄民営化」を進めたのは「“ソ連側の”証人」として戦犯裁判に出た元関東軍幹部…ヤバすぎる昭和史に迫る,https://news.yahoo.co.jp/articles/2beaa439d52c8bfaeecda70adefbe5e28d132633,5/5(日) 7:04
gendaibiz,現代ビジネス,人生100年時代における「会社を買う」メリット...やれば老後の人生の「質」が大きく変わる納得の理由,https://news.yahoo.co.jp/articles/e0beef3e61596da32fd8488db87f34a9d12be6d4,5/5(日) 7:04
gendaibiz,現代ビジネス,オードリー・タンが「これしかない」と断言する、ネット上の無駄な論争を避ける納得の方法,https://news.yahoo.co.jp/articles/e21414e11f805e3347f274941e39b41da54bf3a3,5/5(日) 7:04
gendaibiz,現代ビジネス,伝説の踊り子の「前戯」に全員クギ付け …中田カウスが目の当たりにした「漫才とストリップ」の意外すぎる共通点,https://news.yahoo.co.jp/articles/aad03d8d94ebfcbdee5204fee5d2b0eeb8b9fb01,5/5(日) 7:04
gendaibiz,現代ビジネス,売上高は約1兆円…「ヒカリエ」や「マークシティ」を所有し、渋谷を牛耳る「あの企業」とニセコの意外な関係,https://news.yahoo.co.jp/articles/2b458c80f36d072080f2124f6634c7b5f642922c,5/5(日) 7:03
gendaibiz,現代ビジネス,AIが核戦争から人間を救う…天才二人が語る、人類の未来を左右するAIの行く末【山中伸弥×羽生善治】,https://news.yahoo.co.jp/articles/c3373128bcc06e256d71740acb7c81d13c153d04,5/5(日) 7:03
gendaibiz,現代ビジネス,「遺品整理は生前から始めないとマズい」…遺品整理を早めにするべき「本当の意味」と「片づけ本」の意外な落とし穴,https://news.yahoo.co.jp/articles/e509db9c97b1e1223664b71291fde28fd859c566,5/5(日) 7:03
gendaibiz,現代ビジネス,“ニセ森永卓郎”に「1億円」を騙し取られた…！タワマン住み57歳男性が詐欺グループから取り返した「驚きの金額」,https://news.yahoo.co.jp/articles/ae0e13f7c5394fb5778e24db11ebcdea076b6b01,5/5(日) 7:03
gendaibiz,現代ビジネス,豊田章男会長と親密な元中日新聞の女性記者を社外監査役に！新聞記者が次々と転職する「トヨタ自動車」の魅力は本物か,https://news.yahoo.co.jp/articles/78e30e32b633bf5296cccb4852be6f536c9c9e8e,5/5(日) 7:03
gendaibiz,現代ビジネス,「娘のいる再婚」1年同居し慎重に選んだ40歳妻が”子連れの医師の夫”に抱く「疑惑」,https://news.yahoo.co.jp/articles/433a0d919c25276235c303f59cc959c5db808895,5/5(日) 7:03
gendaibiz,現代ビジネス,「ハンバーガー屋で親は食べない」母子家庭・2児の母のデイケア看護師が困窮する理由,https://news.yahoo.co.jp/articles/35da4b43829434e23645ef2423147f7aaf593bc0,5/5(日) 7:03
gendaibiz,現代ビジネス,焼肉や粉ものだけじゃない！ 「ホットプレート料理」簡単＆楽しいおすすめレシピ,https://news.yahoo.co.jp/articles/3226394d2287681ef00ca80b162467e1ea80e60e,5/5(日) 7:03
gendaibiz,現代ビジネス,「金持ちだけが喜ぶモノなんてクソ食らえ！」…明治時代、「芸術」を開放させたひとりの男,https://news.yahoo.co.jp/articles/94072b299d36f15d56b72446b3da3f8b57ae0573,5/5(日) 7:03
gendaibiz,現代ビジネス,「芸術は高尚であるべき」という「常識」にノーと突きつけた日本人がいた…柳宗悦がたどり着いた「民芸」という答え,https://news.yahoo.co.jp/articles/45526745b56bf064b3e122f909dee2b39a39805c,5/5(日) 7:03
gendaibiz,現代ビジネス,資本主義を乗り越えるヒントは人類学が知っていた…100年前、パプアニューギニアで行われていた「衝撃の贈与」,https://news.yahoo.co.jp/articles/cdd2630f98dcfdd8a0a5e4e69f9d9ab77f05c16c,5/5(日) 7:03
gendaibiz,現代ビジネス,「どこにいっても結婚相手と出会えない」…婚活パーティーから見えてくる人類学の「驚きの本質」,https://news.yahoo.co.jp/articles/4bc5bd79a0f21c74dbae83c7a521ccad1021a3df,5/5(日) 7:03
gendaibiz,現代ビジネス,「日本とは、日本人とは」なんだろう…全国すみずみまで歩いて見えた「日本人の本当の姿」,https://news.yahoo.co.jp/articles/aaec79a77b9d23c730278d23f354e4712ffbd092,5/5(日) 7:03
gendaibiz,現代ビジネス,ゴルフの「グリップ」で「絶対にやってはいけないこと」と気を付けたい「２つのポイント」,https://news.yahoo.co.jp/articles/9fee8a07d08f3a2efb10106946e6eebbbc509720,5/5(日) 7:03
gendaibiz,現代ビジネス,「重いダンベル」と「軽い風船」の違いを本気で考えてみたら…アインシュタインの相対性理論にたどりついた「深すぎるワケ」,https://news.yahoo.co.jp/articles/a8f90fd2c9dab466efc848f52bd3a67d70d82f37,5/5(日) 7:03
gendaibiz,現代ビジネス,じつは、「根性論を持ち込む上司」が暴走しやすいのには理由があった,https://news.yahoo.co.jp/articles/d7d06cf9fbccbf12c06352a9388a4b61e5b49a70,5/5(日) 6:47
gendaibiz,現代ビジネス,日本人が意外と知らない「この国のかたち」…多くの人の話が明らかにする「東日本と西日本の違い」,https://news.yahoo.co.jp/articles/eeb8fbfacab03df0d4830233ee04c9b7433777ea,5/5(日) 6:47
gendaibiz,現代ビジネス,なんと、「50代で仕事の意義を見失う」人が多くなるという現実,https://news.yahoo.co.jp/articles/a3bf7aa3ac920dfbd5f7860ea37046ae33fd7e8e,5/5(日) 6:47
gendaibiz,現代ビジネス,じつは知らない「南海トラフ巨大地震」と「首都直下地震」の決定的な違い,https://news.yahoo.co.jp/articles/97427b291c769428005294e8f37527f007744127,5/5(日) 6:47
gendaibiz,現代ビジネス,「壁面に骨片がびっしり刺さっていた…」日本兵2万2000人が死亡した「絶望の戦場」のその後,https://news.yahoo.co.jp/articles/2a513b19414d52d80571096c4bfc8555429dd633,5/5(日) 6:33
gendaibiz,現代ビジネス,「日本」はひとつではない…多くの人が意外と知らない「宮本常一の思想」,https://news.yahoo.co.jp/articles/cd4b2e98c019db199dc754232be8ea6952cf4a25,5/5(日) 6:33
gendaibiz,現代ビジネス,中国経済が急ブレーキ…「900万武漢市民を見殺しにしても、14億人が生き残る」ための、日本では考えられない強硬措置,https://news.yahoo.co.jp/articles/1840e5367de793017b4fa0b684ef29bd2fe57e18,5/5(日) 6:33
gendaibiz,現代ビジネス,「根性論を持ち込む上司」に部下が絶対言ってはいけない「言葉」,https://news.yahoo.co.jp/articles/6c90e38169d6a9dc5f9a4d078358ebe6ea549922,5/5(日) 6:19
gendaibiz,現代ビジネス,60～80代の「非正規」で年収100万円を稼げるか,https://news.yahoo.co.jp/articles/3d787a3f4c00ad58b5dff88499b53f03df5c9249,5/5(日) 6:19
gendaibiz,現代ビジネス,誰もがゾッとする…日本でこれから起こり得る大災害「最悪の被害想定」,https://news.yahoo.co.jp/articles/79ab949f6e5b4a634f54c06fb57c48eabd0b2530,5/5(日) 6:19
gendaibiz,現代ビジネス,偉い人の「営業成績が平均未満はクビ」発言が「決定的に間違っている理由」,https://news.yahoo.co.jp/articles/ad21947de4c7bd91ec19b83a5a2e73e44a1e0baa,5/5(日) 6:19
gendaibiz,現代ビジネス,なぜ「日本兵1万人」が消えたままなのか…“硫黄島に人生を賭けた記者”が挑んだ「戦後史の謎」,https://news.yahoo.co.jp/articles/c54566f52169d6e68fc0e5d705a06cdde05e8767,5/5(日) 6:13
gendaibiz,現代ビジネス,進撃の「ガチ中華」#2…東京在住の四川人が教えてくれた“成都より旨い麻婆豆腐”の店「逸品火鍋」は池袋にあった,https://news.yahoo.co.jp/articles/0a6634631a15a01cfe8a030be8b4a638671774b4,5/5(日) 6:05
gendaibiz,現代ビジネス,仕事ができない上司たち…「営業で大切なのは気合と根性」と何度も繰り返す「悲惨な実態」,https://news.yahoo.co.jp/articles/06bd7cada3d137d5e1b190a387f6469a21b2d37c,5/5(日) 6:05
gendaibiz,現代ビジネス,伊周か道兼・道長か、後継者をめぐる政争劇を時代考証が解説！,https://news.yahoo.co.jp/articles/735dce3ca6721d7e834437ea212356cdbe19f783,5/5(日) 6:05
gendaibiz,現代ビジネス,「100年安心年金」の公約は破綻した――いま大改革を行わなければ手遅れになる,https://news.yahoo.co.jp/articles/3ec73db564e78723d9add52642263f73edd92075,5/5(日) 6:05
gendaibiz,現代ビジネス,50歳の”理想の夫”が…「ソロキャンプ」と偽った浮気、40歳妻が出した結論,https://news.yahoo.co.jp/articles/99606c20dcb1636b46bbef0fea6e2e56afd16143,5/4(土) 21:03
gendaibiz,現代ビジネス,2歳息子が「目がこわい」…SNS動画にも不吉な「目」が映り込み、コメントが殺到,https://news.yahoo.co.jp/articles/4af799bea1ec3b197c6bd1ca31b859cf87ea2419,5/4(土) 17:03
gendaibiz,現代ビジネス,働きすぎの若者が知らない、60～70代のうらやましいほど「理想的な働き方」,https://news.yahoo.co.jp/articles/370686fce45e152d3a8c29a3a3e23e385aa7b153,5/4(土) 12:48
gendaibiz,現代ビジネス,「根拠のない上から目線」での投稿は即炎上…SNSで敵をつくらずに「バズる文章」の書き方,https://news.yahoo.co.jp/articles/ea67b3bfbdfa055d463e0ac352db9e78092651e5,5/4(土) 11:03
gendaibiz,現代ビジネス,「巨大地震」で建物が倒壊する「恐怖の現象」の正体,https://news.yahoo.co.jp/articles/327b186125dd979e3cb0b27371588a72f90efdff,5/4(土) 11:02
gendaibiz,現代ビジネス,医療はぜいたく品、国も支え切れない…これから日本を襲う「お金が尽きて死ぬ時代」に備える“ダンドリ”の正しい知識,https://news.yahoo.co.jp/articles/97ad384e6e8b2c429b4dacbcc1538e9c6f6285b0,5/4(土) 10:02
gendaibiz,現代ビジネス,「傲慢なネリとは実力が数光年も離れている」井上尚弥と激戦を繰り広げた元世界王者たちが予測する井上・ネリ戦「衝撃の結末」,https://news.yahoo.co.jp/articles/f33257a19f3c5e6df30177596ede5ae335f9a8c8,5/4(土) 9:03
gendaibiz,現代ビジネス,2時間に渡る霊視で分かった…マネキンに憑いていた「意外すぎる霊」と驚きの対処法,https://news.yahoo.co.jp/articles/06dea78d44ca9eb843edcd271eeaa0421656629a,5/4(土) 9:03
gendaibiz,現代ビジネス,MEGUMIが考える、“ツラい状況”を打破したいときの「心のケア」の大切さ,https://news.yahoo.co.jp/articles/fbb77cd05e478b7adb37509b4555679fcb24f444,5/4(土) 9:03
gendaibiz,現代ビジネス,「これはすごい」何度も見返して慄えた…！深夜ドラマ『季節のない街』を繰り返し見て「興奮したワケ」,https://news.yahoo.co.jp/articles/923c9c25819f926cc84a57eac48352475e5f7a77,5/4(土) 9:03
gendaibiz,現代ビジネス,職場をブチ壊す「注意されると言い訳する部下」と「部下に責任転嫁にする上司」の実態,https://news.yahoo.co.jp/articles/5718a383e8e75733905b5958afaf71893374f255,5/4(土) 8:33
gendaibiz,現代ビジネス,「上司になればなるほど無能になる」という「よくある現象」の正体,https://news.yahoo.co.jp/articles/3e44c68036a04171c2a5a1425fc96176b4f41458,5/4(土) 8:19
gendaibiz,現代ビジネス,日本中の“パチンコ”を集めた…！74歳のパチンコマニアが、自宅を大増築してまで博物館を作った「衝撃の理由」,https://news.yahoo.co.jp/articles/20571a690d1cb636993c87960c6166b805e01d32,5/4(土) 8:03
gendaibiz,現代ビジネス,1日10回トイレに行く、尿漏れパッドなしでは外出できない…男性を悩ませる「前立腺トラブル」の深刻な実態,https://news.yahoo.co.jp/articles/4baa85fd0e03069858607e9792757385ad7913f8,5/4(土) 8:03
gendaibiz,現代ビジネス,50代「ひきこもり」息子と暮らす末期がんの78歳母親が、「ゴミ屋敷」と化した自宅のクローゼットで亡くなるまで,https://news.yahoo.co.jp/articles/19a16fe9bc4d916d7344816ec2d20c5914a48b9e,5/4(土) 8:03
gendaibiz,現代ビジネス,家事・育児に休みナシ…そんな母を感涙させたイヤイヤ期3歳息子の一言,https://news.yahoo.co.jp/articles/328e84d6601cc74c526c1947ff1047c05e525784,5/4(土) 8:03
gendaibiz,現代ビジネス,じつは多い、職場を破壊する「他人を攻撃せずにはいられない人たち」の深刻すぎる実態,https://news.yahoo.co.jp/articles/27886e9e1140b99366e3dac795b76a75ce425145,5/4(土) 8:03
gendaibiz,現代ビジネス,洗い場からスタートし、20代で日本屈指のソムリエに…！フレンチの名門「銀座レカン」を過去最高益へ導いた、35歳総支配人の仕事術,https://news.yahoo.co.jp/articles/7e7a8802b50cf4841bc658ad6d96def3607a5a16,5/4(土) 7:33
gendaibiz,現代ビジネス,韓国「セクシー騒動」のウラで、再びの「日韓崩壊」の“危なすぎる現実”,https://news.yahoo.co.jp/articles/8f429609fc1c9d7b1128246c0496da1fe9f0f864,5/4(土) 7:33
gendaibiz,現代ビジネス,あまりにヤバい…どんな会社にもいる「他人を見下し、自己保身に走る」人たちの正体,https://news.yahoo.co.jp/articles/02972020ec7ad22a190f5cc08a5cd31c637eef3a,5/4(土) 7:33
gendaibiz,現代ビジネス,なぜイチローは筋トレを「否定」したのか……運動科学の第一人者が解き明かす「トレーニング不要論」の真意,https://news.yahoo.co.jp/articles/5fa14ffd989306fc3fcf208c1555b5708e7ec99f,5/4(土) 7:04
gendaibiz,現代ビジネス,「自分の台詞に感動しちゃって」NG連発でも好かれる国民的俳優。“大物”に共通する人柄の良さとは,https://news.yahoo.co.jp/articles/0952a9a10fea5f2530af8afdd6e306be51176457,5/4(土) 7:04
gendaibiz,現代ビジネス,「アンチSNSです」オードリー・タンが今でもスマホではなく「二つ折りの電話」を使う衝撃の理由,https://news.yahoo.co.jp/articles/439f52b4ef47a53d252d1517110f5d2663122c41,5/4(土) 7:04
gendaibiz,現代ビジネス,「大きなカネの流れの変化に気付いていない…」不動産投資のプロが明かす、ニセコのバブル相場で“勝つ”方法,https://news.yahoo.co.jp/articles/9644d82496bc7b881646266957c8a006f1a8e344,5/4(土) 7:04
gendaibiz,現代ビジネス,「引っ込め！」大声でヤジを飛ばす男を黙らせた「伝説のストリッパー」直伝の「思いもよらない方法」,https://news.yahoo.co.jp/articles/29725280e14ce41dabce4c59801ab291ad0d7731,5/4(土) 7:04
gendaibiz,現代ビジネス,環境が遺伝子を変えてしまう…山中伸弥も理解できない「記憶の遺伝」の衝撃的な仕組み,https://news.yahoo.co.jp/articles/9f05801b509ae3a37195ea2a3338aaf2ca7170bc,5/4(土) 7:04
gendaibiz,現代ビジネス,「絶対に逃れられない」…遺品整理業者が「一人でやる方がむしろ楽」と語る、いま遺品整理の現場で起きている意外過ぎる「現実」,https://news.yahoo.co.jp/articles/b83609c468a847ad1d2207f303b1de029bae9cc7,5/4(土) 7:03
gendaibiz,現代ビジネス,「日本最大の労働組合を潰す」...日本財界のフィクサー・葛西敬之の「国労の力を削ぐ」驚くべき「画策」,https://news.yahoo.co.jp/articles/e71289cbb82a5a83f82fa03532827b0d7d6ebc43,5/4(土) 7:03
gendaibiz,現代ビジネス,いま、日本の中小企業が危ない！...大企業では「当たり前」のことを「なにも知らない」中小企業のヒドすぎる実態,https://news.yahoo.co.jp/articles/c421e19ff59e6e7039861f266ba75495e89ed8ca,5/4(土) 7:03
gendaibiz,現代ビジネス,水面下で佳子さまの「婚活」が進行中…ついに上皇ご夫妻まで「お相手探し」に乗り出された！,https://news.yahoo.co.jp/articles/0e2c3842f6b62fe7605b0611ed681401d77191ee,5/4(土) 7:03
gendaibiz,現代ビジネス,寄る年波にはかなわないのか…大藪春彦賞作家が睡眠薬を飲んだ夜に訪れた「尿意と便意」【「鶯谷」第二十一話#1】,https://news.yahoo.co.jp/articles/2694c3ba10097ba6d22e11efa7a8b9bee8b24f01,5/4(土) 7:03
gendaibiz,現代ビジネス,岸田総理が考える、「史上最低の総裁再選戦略」...「支持率が上がらないなら、ライバルを蹴落とせばいいじゃない」,https://news.yahoo.co.jp/articles/88ee6649f89146b2ff307ba0d8cea692b162e44e,5/4(土) 7:03
gendaibiz,現代ビジネス,元大手商社マンの「理想の夫」が結婚10年の妻と私立小に通う子供たちを裏切った驚きの手段,https://news.yahoo.co.jp/articles/ccd457185c702f4a198b88ca2d592f12df6d68a8,5/4(土) 7:03
gendaibiz,現代ビジネス,80年前、大空で生命を賭して戦った若者たち…戦争の「生き証人」として当時を語った「８人の元零戦搭乗員」,https://news.yahoo.co.jp/articles/2bc8b5140c693bb2f94625704f93083a7ae8eb31,5/4(土) 7:03
gendaibiz,現代ビジネス,絶望の金欠と最悪の定年後、私たちはどう生きればいいのか…日本各所にいた、「老後を大成功」した人の実例,https://news.yahoo.co.jp/articles/e5e5fa31c8b0b32ccda54c5d7c6a2533694d293d,5/4(土) 7:03
gendaibiz,現代ビジネス,AIに侵食された人類がいまこそ戻るべき場所…そのヒントは「激動の明治」にあった,https://news.yahoo.co.jp/articles/5f4a081a812a8901ee4e3d98618235c6a502797b,5/4(土) 7:03
gendaibiz,現代ビジネス,慶應義塾大学の創始者・福沢諭吉が見ていた「景色」…日本人は「文明」とどう向き合ってきたのか,https://news.yahoo.co.jp/articles/79c60eda511413b963e1f1c989cf87591bf3d116,5/4(土) 7:03
gendaibiz,現代ビジネス,人間の「内側」ではなく「外側」へ…破綻待ったなしまで追い詰められた人類学がようやく見出した「本当の答え」,https://news.yahoo.co.jp/articles/4f2bd3b14fda5fac33c8eb9371ee370e1d983eb9,5/4(土) 7:03
gendaibiz,現代ビジネス,絶望の老後にどうしようもない格差…こんな時代だからこそ知っておきたい「受け売りの知識を手放すべき理由」,https://news.yahoo.co.jp/articles/2949fde9abcb748c82f845771f7fc0f0526ec88a,5/4(土) 7:03
gendaibiz,現代ビジネス,キスするだけで簡単にうつり、さまざまながんの原因となる謎の病原体「EBウイルス」に全世界の95％が感染していたという衝撃の事実,https://news.yahoo.co.jp/articles/c7cc601e8345be46373d920bb954eb42185b2a78,5/4(土) 7:03
gendaibiz,現代ビジネス,持ち家か、賃貸か。多くの日本人が「持ち家」を選ぶ「当然の理由」,https://news.yahoo.co.jp/articles/45ff2270d5d691b2e50c0a0eab9bbcdbe5999637,5/4(土) 7:03
gendaibiz,現代ビジネス,最悪、ケガにもつながりかねない…「ゴルフのスイング」についての「間違ったアドバイス」,https://news.yahoo.co.jp/articles/017481bc5c52f62f10ac668ef49b6e590e8776ea,5/4(土) 7:03
gendaibiz,現代ビジネス,じつは「絶対音感は特別な人だけ」の能力ではなかった…！　脳を擬似カラー化してわかった「衝撃の画像」,https://news.yahoo.co.jp/articles/e8a7fe9aabfcb78b85726bbde7c29137b45e691d,5/4(土) 7:03
gendaibiz,現代ビジネス,たった「10億分の1秒」で、この世界のすべてが爆誕…！138億年前の宇宙で「物質が生まれた瞬間」,https://news.yahoo.co.jp/articles/8135355c2a70b7424d363d1bb7e644e62e1372a2,5/4(土) 7:03
gendaibiz,現代ビジネス,増えすぎた炎上に慣れてしまわないためにはどうすればいい？　話題のミステリ小説から見えてくる現代社会のありかた,https://news.yahoo.co.jp/articles/a84ac3ffaca3287c6dae5f2e8a3d99e7e029ae7b,5/4(土) 7:03
gendaibiz,現代ビジネス,非道な「人体実験」の現場に遭遇…戦争末期、ビルマの野戦病院で医師が目撃した「現実とは思えない光景」,https://news.yahoo.co.jp/articles/b2ac4e20507cfc344e7cbd17da3c05901437a677,5/4(土) 7:02
gendaibiz,現代ビジネス,現実を直視できない大人たち…いまだに「根性論を持ち込む上司」が存在する「シンプルな理由」,https://news.yahoo.co.jp/articles/e2347cf1217f213b639dbeeb7ca4c59395516a94,5/4(土) 6:48
gendaibiz,現代ビジネス,日本の高齢者はどんな仕事に就いているのか「意外と知らない現実」,https://news.yahoo.co.jp/articles/c1ca16664368b5eeaf046f8d59309e296eb9504b,5/4(土) 6:48
gendaibiz,現代ビジネス,【体験格差】子どもに体験をあきらめさせたことがあるか、親たちの回答から見えてくること,https://news.yahoo.co.jp/articles/51277b2e5b794623820c7a281b517c28c2912a83,5/4(土) 6:48
gendaibiz,現代ビジネス,なぜ「足立区」が一番危ないのか…大地震で死者・負傷者数が多くなるかもしれない「地域の名前」,https://news.yahoo.co.jp/articles/433c4faa4d3225b432a93f01ea44a233544e98c0,5/4(土) 6:48
gendaibiz,現代ビジネス,小さな日本列島にある「世界にただ一つしかない特異な地質」なのかもしれない…第二のフォッサマグナはあるか,https://news.yahoo.co.jp/articles/aa0f40aec8c49debd00c94aa614acc2240422cc9,5/4(土) 6:47
gendaibiz,現代ビジネス,「人生で大失敗してしまう人」の意外な共通点とは…多くの人が陥りがちな「大誤解」,https://news.yahoo.co.jp/articles/bbf5b47ff797cdc56053a2f477ea395cb632da37,5/4(土) 6:33
gendaibiz,現代ビジネス,「北京に次ぐ第二の首都を建設する！」中国で高らかに宣言された「国家級プロジェクト」の衝撃の中身,https://news.yahoo.co.jp/articles/cd17dec766c1416b31b47c0b5275f7803489ddd9,5/4(土) 6:33
gendaibiz,現代ビジネス,「定年後の仕事」は“つまらない”のか…50代が絶対知っておきたい「仕事の実態」,https://news.yahoo.co.jp/articles/bc8c36b0a5214feedc2ba1c02d869357a3503789,5/4(土) 6:18
gendaibiz,現代ビジネス,あなたの家も危険かも…地震大国ニッポン「揺れやすい地盤」の実態,https://news.yahoo.co.jp/articles/37a2a98cee1d72badd6e0188ca710c9224023872,5/4(土) 6:18
gendaibiz,現代ビジネス,進撃の「ガチ中華」#1…池袋西口に広がる青の世界「阿麗女亞（アリヤ）」で食す、中国内陸部「回族おふくろの味」,https://news.yahoo.co.jp/articles/ad4e631c6ad496a14f03b69129f52e31bb6c3420,5/4(土) 6:05
gendaibiz,現代ビジネス,岸田訪朝「金正恩電撃会談」で何が起こるのか…ついに歴史のパンドラの箱が開くとき,https://news.yahoo.co.jp/articles/9576a18490c2749a27470c440ad61da81c785378,5/4(土) 6:04
gendaibiz,現代ビジネス,「嘘でしょ…」健診も全身がん検査もクリアした女性が「線虫検査」で「大腸ポリープ」この真贋はいかに？,https://news.yahoo.co.jp/articles/fbbda496b41b8b8669cdc41dbf28f4561cdc549b,5/4(土) 6:04
gendaibiz,現代ビジネス,昭和はソロ、平成はグループ…ネタ切れかもしれない「令和の女性アイドル」に新たな物語は生まれ得るのか？,https://news.yahoo.co.jp/articles/162515ed83b6c183ee3c1f8c812a672cca96ea68,5/4(土) 6:04
gendaibiz,現代ビジネス,地方の製造業が日本を繁栄に導く～特に浜松、スズキ、ホンダ、ヤマハ、カワイ、浜松ホトニクスなどを生んだその「心意気」,https://news.yahoo.co.jp/articles/fb05fc5e8c4d75259d0d09cbfcac7b85fa2f4f5a,5/4(土) 5:03
gendaibiz,現代ビジネス,白身も余さず使い切る…イタリアンの巨匠 落合務シェフの掟破り「全卵カルボナーラ」,https://news.yahoo.co.jp/articles/e2f26f9f1e72aebddc2c1ab0a9923612f6eea80d,5/3(金) 17:03
gendaibiz,現代ビジネス,クレーム殺到の恐怖のマネキン…2時間に渡る「遠隔霊視」で思い出した事実,https://news.yahoo.co.jp/articles/0c2090b91475125fc3488a78ff3ba262f17c5b36,5/3(金) 17:03
gendaibiz,現代ビジネス,50代会社員が、ある日突然「仕事の意義がわからなくなる」という深刻実態,https://news.yahoo.co.jp/articles/2e0a66aca3ff45bb10bd42047d30d9a5887e3c90,5/3(金) 12:33
gendaibiz,現代ビジネス,なぜ日本の学校で「いじめ」が起きるのか、「学校」という病,https://news.yahoo.co.jp/articles/a893fdcb05555c22cdd1bbea2c8d61be99cd6862,5/3(金) 12:03
gendaibiz,現代ビジネス,『円谷プロ』の“底力”はやっぱり凄かった…21世紀を予見した『ウルトラQ』『怪奇大作戦』3つのエピソード,https://news.yahoo.co.jp/articles/69b118b1ba114a3a70aa51773ca6b16e7708daf4,5/3(金) 12:03
gendaibiz,現代ビジネス,「日本一予約が取れない店」落合務シェフが「缶詰で作る」自炊パスタの驚きのうまさ,https://news.yahoo.co.jp/articles/3acdeb9b6ce4b92a2e2a2f7f608936b9e3caf735,5/3(金) 11:13
gendaibiz,現代ビジネス,局が太鼓判！かつてテレ東エース・田中瞳と熱愛、同棲報道…同期プロデューサーの「意外な評価と実力」,https://news.yahoo.co.jp/articles/66c260e2daef32dc728fd00bf02f4dcd1e65cf00,5/3(金) 11:03
gendaibiz,現代ビジネス,「アバラが折れていたんだ…」井上尚弥との死闘で70秒TKOされた元世界王者が初めて明かす悪童・ネリとの一戦の舞台裏,https://news.yahoo.co.jp/articles/a8d74995251670a869e208a46612ea22b33c8506,5/3(金) 10:03
gendaibiz,現代ビジネス,日本は「お金が尽きて死ぬ時代」に突入する…高齢者にこれから襲い掛かる「3人に1人が貧困」という過酷な現実,https://news.yahoo.co.jp/articles/8978a367d4ea27c22dbde6edf44f34ed54864f9e,5/3(金) 10:03
gendaibiz,現代ビジネス,医者に止められても70代夫が「晩酌を辞めなかった理由」…彼が死に際に「妻へ放った驚きの言葉」,https://news.yahoo.co.jp/articles/e7008b119eb65b80b342888772c507764b04231c,5/3(金) 9:02
gendaibiz,現代ビジネス,「『コード・ブルー』『TOKYO MER』に似ている」と言われながらも『ブルーモーメント』が好発進できた理由,https://news.yahoo.co.jp/articles/e5100fa90202f428346932cb4fe7d4e29cf62c2d,5/3(金) 9:02
gendaibiz,現代ビジネス,なぜ「南海トラフ巨大地震」は怖いのか…「国難」と言える「異次元の被害レベル」驚愕の実態,https://news.yahoo.co.jp/articles/4ec43c36977ac0fd53b9afc788c5f90119d04fad,5/3(金) 8:33
gendaibiz,現代ビジネス,人生が「うまくいく人」と「失敗する人」の「意外な違い」,https://news.yahoo.co.jp/articles/05be78620a40a32705bddc3414a710ebd5e85403,5/3(金) 8:33
gendaibiz,現代ビジネス,「パパ活辞職」した宮沢博行や豊田真由子、山尾志桜里も…「東大」「93年入学」「法学部卒」が不祥事だらけの奇々怪々,https://news.yahoo.co.jp/articles/d043e7c78b76e0ba4a115910c37962bd03360708,5/3(金) 8:03
gendaibiz,現代ビジネス,50代「ひきこもり」息子と暮らす78歳母が、末期がんで寝たきりに…「ゴミ屋敷」で迎えた「悲痛な最期」,https://news.yahoo.co.jp/articles/1102d735cbe15cbb2cb20f459a073bfecc5417d8,5/3(金) 8:03
gendaibiz,現代ビジネス,「モルヒネを扱う違法業者も」「禁断症状で冷や汗が…」歌舞伎町・トーヨコで蔓延するオーバードーズ「元中毒者」が明かす「お薬もぐもぐ界隈」驚愕の実態,https://news.yahoo.co.jp/articles/b97b296f958cf785efdbb787565f350f7666593d,5/3(金) 8:03
gendaibiz,現代ビジネス,5年間で12ヵ国語を習得したインフルエンサーが「外国語学習」で手放せない「メインツール」,https://news.yahoo.co.jp/articles/5aa54bcb56c9cbd5590f97444bd4aaa93a349437,5/3(金) 8:03
gendaibiz,現代ビジネス,三国志ブームは止まらない！舞台『パリピ孔明』の見どころと三国志演劇の「ふたつの潮流」,https://news.yahoo.co.jp/articles/ad4f5ff6fb44af400f25e7224e0dfc1b54e56af6,5/3(金) 8:03
gendaibiz,現代ビジネス,「定年後の仕事はつまらない」という大誤解…じつは仕事満足度や幸福度が高かった,https://news.yahoo.co.jp/articles/d773af0ebf9c95e20e21ca6fbe15165696d99824,5/3(金) 8:03
gendaibiz,現代ビジネス,長谷部誠が引退…「不世出のキャプテン」はいかにしてサッカー日本代表を強くしたのか,https://news.yahoo.co.jp/articles/a7be969cd44176d8cae2440c5028f6d22f611635,5/3(金) 8:03
gendaibiz,現代ビジネス,小室圭さん「金銭トラブル」の1年後から…宮内庁が「潰瘍性大腸炎の薬」を年間1500万円も購入している「衝撃すぎる理由」,https://news.yahoo.co.jp/articles/1a0f09f9a04ca8f02088860f0eb765c128400ad7,5/3(金) 7:33
gendaibiz,現代ビジネス,これほどまでに明白な証拠があるだろうか…実験物理学者が、マチュ・ピチュのなみいる建造物よりも「無造作に転がる石」に断然圧倒されたワケ,https://news.yahoo.co.jp/articles/d28e3639a65ee1fdfa4f8e541b6c26344b7f798a,5/3(金) 7:33
gendaibiz,現代ビジネス,やればやるほど損する「ダメな筋トレ」の特徴を運動科学者が解説！　もしかして、あなたもハマっているかも……,https://news.yahoo.co.jp/articles/8b33e90ae2c4a9d909a6780fe87a018af771e056,5/3(金) 7:04
gendaibiz,現代ビジネス,『砂の器』で共演した森田健作が「丹波さんじゃないとダメだ」と確信したシーンとは？,https://news.yahoo.co.jp/articles/d11f2ee854a5a933b8edac58928ebc777ef35ae8,5/3(金) 7:04
gendaibiz,現代ビジネス,台湾の若き天才も認める、多くの日本人が気づいていない意外すぎる自分たちの「強み」,https://news.yahoo.co.jp/articles/820b33c255c1aa66883906c9e146b542d97ab974,5/3(金) 7:04
gendaibiz,現代ビジネス,街中に「ポルシェ」や「ランボルギーニ」…世界中の富豪を射止めたニセコが示す「驚きのデータ」,https://news.yahoo.co.jp/articles/36f56026822d5586385c567b96d0cf1fa0daf5c5,5/3(金) 7:04
gendaibiz,現代ビジネス,「お客様がいるとこならどこでも...」中田カウスがかつて修行していた「ヤバすぎる場所」,https://news.yahoo.co.jp/articles/9b15a038c2f3f830473c2316d85d189f123af74f,5/3(金) 7:04
gendaibiz,現代ビジネス,「飲むのが憂鬱…」山中伸弥が語った、日本だけで売られる「悪夢を見る薬」のヤバすぎる実態,https://news.yahoo.co.jp/articles/41ba670821e7e2bfb92af749423ab5b473f216a6,5/3(金) 7:04
gendaibiz,現代ビジネス,「遺品の片づけは心の片づけ」…不仲のすえ孤独死した父の遺品整理で、「思い出した」父との絆,https://news.yahoo.co.jp/articles/beee0b8a8149f4e911840b4bde13e3573eb32480,5/3(金) 7:04
gendaibiz,現代ビジネス,干された社内の改革派...国鉄分割に反対した日本政界の権力者・田中角栄の「隠された」真意,https://news.yahoo.co.jp/articles/be24edb14b0272fc2386c66497ca9ca365594975,5/3(金) 7:04
gendaibiz,現代ビジネス,「万年赤字」企業を再生ファンドが「救済」...そんな“美談”のウラにある身勝手すぎる実態,https://news.yahoo.co.jp/articles/6adfef60633b899217da45e63041b1adcd5ddc16,5/3(金) 7:04
gendaibiz,現代ビジネス,「無罪なのは知っている」…支離滅裂な尋問だけが繰り返されるイランの独房生活で「一番辛かったこと」,https://news.yahoo.co.jp/articles/b5ccd49f58ed248ed11277029aa65e96179106c7,5/3(金) 7:04
gendaibiz,現代ビジネス,岸田総理「ずっと俺のターン！」...補選惨敗なのに「岸田おろし」が起こらない驚くべき「カラクリ」,https://news.yahoo.co.jp/articles/dcc980bd531425873cd3432404cc34417ac9e036,5/3(金) 7:04
gendaibiz,現代ビジネス,「能登の祖父の家は取り壊すことになりました」炎鵬が語る「悔しい気持ち」…震災復興へ「力士」たちが明かす「知られざる思い」,https://news.yahoo.co.jp/articles/67f941a9fd027dcad6740732d4c952b4e9f41686,5/3(金) 7:03
gendaibiz,現代ビジネス,同じ日本人でも「庶民」と「エリート」で使う言葉が違っていた…知られざる「知的格差」の歴史を読み解く,https://news.yahoo.co.jp/articles/763104218f1e6e6c084d5cc54096274169f0a913,5/3(金) 7:03
gendaibiz,現代ビジネス,通知表ナシ、7年生も当然…麻布に子が合格した父が見た「あらゆる自由が手元にある」意味,https://news.yahoo.co.jp/articles/781caa4f7e14a837a2e27ca35f23d72b4d98d8f1,5/3(金) 7:03
gendaibiz,現代ビジネス,2歳息子が深夜に大絶叫…怖すぎる「マネキン」引取り手も音信不通に,https://news.yahoo.co.jp/articles/42baf2dc634356e54c6311fe762f17a36b605934,5/3(金) 7:03
gendaibiz,現代ビジネス,月夜にベランダで食べたいキャンプ飯「りんごと豆乳のパンプディング」レシピ,https://news.yahoo.co.jp/articles/967fd9f7fd560cde2b9507c746cef5817a3949b0,5/3(金) 7:03
gendaibiz,現代ビジネス,チラシや学校からのお便り…どんどん溜まっていく「紙類」。片づけのプロはどうしてる？,https://news.yahoo.co.jp/articles/5576c63fb6b421b3f9b1adce0800c03f5f47d837,5/3(金) 7:03
gendaibiz,現代ビジネス,英語で「それは良くないよ」は何て言う？ 反論するときに使える英語表現,https://news.yahoo.co.jp/articles/4c5c895b680c5f1deb1982e55615d1fa5c52eaa5,5/3(金) 7:03
gendaibiz,現代ビジネス,富山の名産「ホタルイカ」が今年は「まさかの豊漁」になったワケ,https://news.yahoo.co.jp/articles/76fbc9eb227faff9bbc025fcc93ac18e6bce1c1c,5/3(金) 7:03
gendaibiz,現代ビジネス,変幻自在の「トクリュウ」の犯罪手口…「貯蓄から投資へ」の時代だからこそ個人が警戒しなければならないこと,https://news.yahoo.co.jp/articles/fced74a0a32d68c3111e8e37368538f0c69ac845,5/3(金) 7:03
gendaibiz,現代ビジネス,3人の男子生徒に体を押さえつけられ…女子に多い「依頼いじめ」の実態,https://news.yahoo.co.jp/articles/722ab88c2f90cc898c8f3e16b141d7d5d7ea5e4b,5/3(金) 7:03
gendaibiz,現代ビジネス,水ぼうそう・帯状疱疹ウイルスは、一度感染すると、数十年近くも潜伏感染することを、あなたは知っていましたか？,https://news.yahoo.co.jp/articles/992371eb1d40203b179a68e14f47d878310059ce,5/3(金) 7:03
gendaibiz,現代ビジネス,じつは「世界の常識」とは全く違う、「日本のゴルフレッスン」で教えられている「スイング方法」,https://news.yahoo.co.jp/articles/b3bf15ee8e4a5dd5129cbca810954183c5f60aa5,5/3(金) 7:03
gendaibiz,現代ビジネス,人類によって生み出された「人工元素」は何種類あるか…「驚きの生成方法」と「意外な目的」,https://news.yahoo.co.jp/articles/003faace0eed7c6f186d86c56fcb097708614520,5/3(金) 7:03
gendaibiz,現代ビジネス,イスラエル攻撃におけるハマスと「UNRWA」の共犯問題…世界の報道と日本のメディアの「決定的な違い」,https://news.yahoo.co.jp/articles/62749997dc65ee682def0f1ad2b842a6fc3ff6e7,5/3(金) 7:03
gendaibiz,現代ビジネス,「なぜのうのうと生きて帰ってきたのか」…戦没者慰霊祭で帰還兵の家族に向けられた「冷たい視線」と「衝撃的な一言」,https://news.yahoo.co.jp/articles/a2eba43c7d87917d23b19e2475358be8b7de85cd,5/3(金) 7:03
gendaibiz,現代ビジネス,年収300万円未満家庭で顕著、「親の体験ゼロの場合、子どもの体験もゼロになる割合が高い」という実態,https://news.yahoo.co.jp/articles/bac5c05ace06b4143a5246f3b277f4fdbc9f0c9e,5/3(金) 6:48
gendaibiz,現代ビジネス,日本の国力が「大減退」する…意外と知らない「3つの巨大災害」の恐怖,https://news.yahoo.co.jp/articles/1112af3c9468855196f33411b441808b0f393561,5/3(金) 6:47
gendaibiz,現代ビジネス,少年は中学卒業を待たず、両親とともに島を去った…「フィールド研究を支えた少年」の嘆きに応えれなかった研究者が覚悟した「小笠原への返礼」,https://news.yahoo.co.jp/articles/a4630fe507a4f4b7ff071f9ec6c6fe8e6485b4bd,5/3(金) 6:47
gendaibiz,現代ビジネス,「13人に重軽傷、3人をなぶり殺し」にした事件、いじめ加害者は「遊んだだけ」と言った,https://news.yahoo.co.jp/articles/1b44df9aacb9d69dadae3252eea8925b5945b098,5/3(金) 6:33
gendaibiz,現代ビジネス,中国人外交官の「暴走」…中国の「パンダ外交」は終わり？「パンダは虎になった」,https://news.yahoo.co.jp/articles/178ea7e63934dfedf6fdf7da38a56a8230a53210,5/3(金) 6:33
gendaibiz,現代ビジネス,私たちは「死ぬまで働かないといけない」のか？ 意外と誤解している「定年後の実態」,https://news.yahoo.co.jp/articles/a36b37a1728130ebd2d043c6ed9eb67af9491b1c,5/3(金) 6:19
gendaibiz,現代ビジネス,“60歳の8割、70歳の半数が働く”現実…国は何を考えているのか,https://news.yahoo.co.jp/articles/a3d06a28bd270915d913193fe7e92a6e912d400e,5/3(金) 6:19
gendaibiz,現代ビジネス,「ドドーン！」一瞬で「建物の下敷き」に…大地震では「7秒が生死を分ける」という現実,https://news.yahoo.co.jp/articles/1ae3a525525fb2425a5b8ad4e72b59ece6be2ab0,5/3(金) 6:18
gendaibiz,現代ビジネス,東大教授が進める「驚異の脳プロジェクト」の正体…たった「数%しか使っていない」と言われる脳を「極限まで使ったら」どうなるのか,https://news.yahoo.co.jp/articles/b6cde91d17dd013bb301ee050d54045afc676fd9,5/3(金) 6:04
gendaibiz,現代ビジネス,ドイツ政府が「AfD潰し」に王手か…!? 欧州議会選挙直前にAfDの筆頭候補者事務所で「中国スパイ」が逮捕され,https://news.yahoo.co.jp/articles/43191138222c35935a4d0501d35bc70dfc5b27f7,5/3(金) 6:04
gendaibiz,現代ビジネス,「先進国日本」は幻と化した…映画『妖怪の孫』が映し出す「分断と凋落の日本」この厳しい現状に出口はあるか？,https://news.yahoo.co.jp/articles/9cf3348e0b671e667e9a669389172ebcf55e7e02,5/3(金) 6:04
gendaibiz,現代ビジネス,オタクにとって「一途」は正義か、それとも…あなたはどこまで「共感」できますか？,https://news.yahoo.co.jp/articles/99fe916baabd9003161de5c69edfd0479bdab4ac,5/2(木) 18:03
gendaibiz,現代ビジネス,子どもが麻布に合格した父親がわかった「親にとって中学受験で一番大切なこと」,https://news.yahoo.co.jp/articles/df9a03adce0a001fd53519744951d9c33a48e2aa,5/2(木) 18:03
gendaibiz,現代ビジネス,「やっぱり娘がいいのよ」歩けなくなった母の本音、「介護のきょうだい格差」の原因,https://news.yahoo.co.jp/articles/c4918f77f05e5df071890301825b158832f20612,5/2(木) 17:03
gendaibiz,現代ビジネス,ある一家が恐怖した、2歳息子の「オニこわい」…本当にヤバいのはマネキンだった,https://news.yahoo.co.jp/articles/4f198f04612fd39e4825b3abad718912f42f2e73,5/2(木) 17:03
gendaibiz,現代ビジネス,「好物ばかり食べさせる」はNG?　危険な野菜は？　動物行動学のプロは愛犬に何を食べさせているか,https://news.yahoo.co.jp/articles/6cecf90f8c021395da87172e7e5c1fb99f055b20,5/2(木) 17:03
gendaibiz,現代ビジネス,TBS田村真子は当初期待されていたなかった日テレでは下克上が…”ポスト水卜パン”岩田絵里奈を猛追する「意外な名前」,https://news.yahoo.co.jp/articles/7b7219745e683d6e0fa361a69a214a110331d349,5/2(木) 13:03
gendaibiz,現代ビジネス,テレ東とNHKは順当…ただフジでは驚きの起用が…春の大改編で大出世した「2人の若き女子アナ」,https://news.yahoo.co.jp/articles/c5cfab63187ecde106acfcf8c627eec011fffbae,5/2(木) 13:03
gendaibiz,現代ビジネス,東京湾が「封鎖」される日…巨大地震による「油」流出で全国の物流が止まる「深刻な未来」,https://news.yahoo.co.jp/articles/46c5d8075635ea33cdf34ffb2281321da31f92fe,5/2(木) 12:33
gendaibiz,現代ビジネス,初告白！井上尚弥とネリ…「怪物」と「悪童」と拳を交わした元世界王者が語った衝撃の70秒KOの舞台裏,https://news.yahoo.co.jp/articles/893a41b03617ee8f04f100d57b01d5bca8719489,5/2(木) 11:02
gendaibiz,現代ビジネス,待望の来日を果たしたフィンランド人が「今までで一番」と絶賛した「日本のラーメン屋のメニュー」,https://news.yahoo.co.jp/articles/df760f43675657ba9a2acfdf9b75acb9b4dab4e2,5/2(木) 9:03
gendaibiz,現代ビジネス,旅立ちの時に後悔しないように…80代の女性患者が「毎日の化粧」を絶対に欠かさなかった理由,https://news.yahoo.co.jp/articles/653f5e04b10512ded1ff8dbde6b711ba313351e9,5/2(木) 9:03
gendaibiz,現代ビジネス,「妻の仏壇に毎日花を供えて、手を合わせたい」１年前に奥さんを亡くした独居男性が「救急車は呼ばないで」と医師にも譲らなかった「最期の過ごし方」,https://news.yahoo.co.jp/articles/dc4f1174d54c5c2e2b5675913d18b97ef1c2dd59,5/2(木) 9:02
gendaibiz,現代ビジネス,日本人の「晩婚・晩産」がもたらす、想像以上に恐ろしい現実,https://news.yahoo.co.jp/articles/269dcd0a040542987bdc4833d1b8f1a827d35d4e,5/2(木) 8:47
gendaibiz,現代ビジネス,【独自】紀子さまの「胃腸の不調」が心配されるなか…宮内庁が「潰瘍性大腸炎の薬」を大量購入していた,https://news.yahoo.co.jp/articles/6c0752921f7896c4a296be6b91681d6ed813d730,5/2(木) 8:18
gendaibiz,現代ビジネス,多くの現代人が陥っている「意外な罠」…なぜ私たちは「最適解」を求めてしまうのか,https://news.yahoo.co.jp/articles/586d86ec170b928aab3454ba3a95db7ccf9d7b17,5/2(木) 8:18
gendaibiz,現代ビジネス,歌舞伎町・トーヨコで蔓延...「お薬もぐもぐ界隈」による「オーバードーズ」経験者が明かす「ヤバすぎる幻覚」《ぬいぐるみが喋り始める》《服が小さなクジラになって泳ぎ出す》,https://news.yahoo.co.jp/articles/514bfbb639c7de56af8d66608972f99ac5cc5e4f,5/2(木) 8:03
gendaibiz,現代ビジネス,ランクル、プリウス…廃車寸前の中古車を修理して海外へ輸出！在日パキスタン界の「アニキ」がはじめて明かす、日本人が知らない「日本製品の魅力」,https://news.yahoo.co.jp/articles/433e2a5b411da88a0ec1902da672d9e01c373522,5/2(木) 8:03
gendaibiz,現代ビジネス,50銘柄も持っていると「迷走」の原因に…「配当株投資」をエンジョイする「株の管理法」,https://news.yahoo.co.jp/articles/7c2d655719b2305343dbba86f9d5386dd1a3c021,5/2(木) 8:03
gendaibiz,現代ビジネス,婚活が上手くいかないのは「場所のせい」…年収300万円の30歳女性が地方に戻って婚活したら「うまくいったワケ」,https://news.yahoo.co.jp/articles/1b4ef5148e4a585860609329f1caa8a8f4329ce1,5/2(木) 8:03
gendaibiz,現代ビジネス,年収100万円、70～80代に幸せな人と不幸な人の「決定的な違い」,https://news.yahoo.co.jp/articles/5bb4e83bd2c65245bc5cbd30cb9db3383419dc2d,5/2(木) 8:03
gendaibiz,現代ビジネス,なんと、たった5秒で「住宅崩壊」、大地震で崩れ去る家の「意外すぎる問題点」,https://news.yahoo.co.jp/articles/fddce12827fc72f928b5029a4908f5e7723daabf,5/2(木) 8:03
gendaibiz,現代ビジネス,あまりにも時間がありすぎて小室圭さんの出張にも同行か…新居に引っ越した眞子さんの「驚きの行動」,https://news.yahoo.co.jp/articles/b22e0b73c8b4375ff2117b60d5cf84cc1fccd8c2,5/2(木) 7:33
gendaibiz,現代ビジネス,二階俊博の「長男」と「三男」が「まさかの後継争い」開始...そして地元が恐れる「ヤバすぎる悪魔合体」,https://news.yahoo.co.jp/articles/8977b57fdc863d4e57828bc3b4bf43f970a07439,5/2(木) 7:33
gendaibiz,現代ビジネス,韓国で広がる「反日リスク」のウラで、韓国大統領が「竹島上陸」という“最悪シナリオ”が注目されるワケ,https://news.yahoo.co.jp/articles/3fc84e7f5cb46ffb59ede102dd3c0d266369bd1b,5/2(木) 7:33
gendaibiz,現代ビジネス,ビッグバン＆マルチバース宇宙を130年以上前に予言した哲学者がいた！,https://news.yahoo.co.jp/articles/cd859f80b1247b10fe1c95e7792028d8f16b8c02,5/2(木) 7:04
gendaibiz,現代ビジネス,「年を取るほど充実していく」…オードリー・タンが語る、定年後を「人生の本番」にする画期的な「支援のAI」,https://news.yahoo.co.jp/articles/e618ab2b8265b8f007ebbfdb70b743667f9e1473,5/2(木) 7:04
gendaibiz,現代ビジネス,丹波哲郎が女優達にかけていた催眠術の真相。共演する女性に愛されるワケ,https://news.yahoo.co.jp/articles/f0efd52a33f2b9b28eddef9786d39b6f9479d36c,5/2(木) 7:04
gendaibiz,現代ビジネス,“外国資本”に「喰い荒らされる」ニセコ…巻き返しを狙う日本勢の「一発逆転」の“秘策”,https://news.yahoo.co.jp/articles/b835d3fc65f1e29cb9eb271126405599211871d3,5/2(木) 7:04
gendaibiz,現代ビジネス,「ご供養かなと思ってね...」今明かされる吉本の「売れっ子漫才師」と「伝説の踊り子」との”意外な関係”,https://news.yahoo.co.jp/articles/4260a332ecc73aa36b8d34ff37aafaabea60b860,5/2(木) 7:04
gendaibiz,現代ビジネス,コンピュータが故人を復活させる想像を絶するバーチャルリアリティの驚異の「現状」に天才二人も唖然【山中伸弥×羽生善治】,https://news.yahoo.co.jp/articles/98eab28fd0de0cf1f2e0ff9acb97686213bf1b19,5/2(木) 7:04
gendaibiz,現代ビジネス,「どうして…」亡き母が遺したのは大量の新品タオル…そこに秘められた切なすぎる母娘の「感動エピソード」,https://news.yahoo.co.jp/articles/252d3b8ee50907f9d5947478e3a8bdcc8c6b5d85,5/2(木) 7:04
gendaibiz,現代ビジネス,日本の実権を握り続けた田中角栄の黒すぎる「本性」とその裏にいた衝撃の「人物」,https://news.yahoo.co.jp/articles/7022db6bef61e9d7abffedc7968814ba60eaafe5,5/2(木) 7:04
gendaibiz,現代ビジネス,「普通のサラリーマンでも出来る」中小企業に本当に必要な“改革”…あなたの19個の「当たり前」が中小企業に革命,https://news.yahoo.co.jp/articles/ddad1c995ee7e62dd25373357003b90c4226620c,5/2(木) 7:04
gendaibiz,現代ビジネス,「銃で脅され性行為の詳細を繰り返し」…イランで人権を主張した女性の「悲惨すぎる末路」,https://news.yahoo.co.jp/articles/7f5fc5360344391947e9e8dcdfe7fd3c684f4273,5/2(木) 7:04
gendaibiz,現代ビジネス,GW直後は、おトク旅のチャンス！「シニア割」で行きたい、外国人に魅力がまだ知られていない穴場の旅先とは？,https://news.yahoo.co.jp/articles/d8db0803447aec800622fe2b651d25c6a9bb4fe7,5/2(木) 7:04
gendaibiz,現代ビジネス,ネーミングライツは応募ゼロ、利用日数激減で「すぐ破産する？」…「札幌ドーム」批判の「誤解」を解く,https://news.yahoo.co.jp/articles/a18e265835212c215e0763b253eebe78dc0da2c4,5/2(木) 7:04
gendaibiz,現代ビジネス,最も有利な「総理大臣への道」は？読売主筆・渡辺恒雄氏の名著が緊急復刊！現代にも繋がる「昭和の政治」の裏側,https://news.yahoo.co.jp/articles/03694ed251be40d9c3a31066e7b2c9bd59235790,5/2(木) 7:04
gendaibiz,現代ビジネス,80代母が歩けなくなって発覚した「介護のきょうだい格差」。”担い手は娘”の現実,https://news.yahoo.co.jp/articles/491f89c48bc6c54ff36f306c2cd197b963c9e2a6,5/2(木) 7:04
gendaibiz,現代ビジネス,末尾が「110」の見知らぬ番号から電話が…82歳認知症の母が3度目の失踪をした話,https://news.yahoo.co.jp/articles/ef10c9b114da277e8788c39d27b200458717c533,5/2(木) 7:04
gendaibiz,現代ビジネス,2歳息子の「おともだちこわい…」から始まった、ある一家の恐怖体験,https://news.yahoo.co.jp/articles/122961fef59ca6632b4ccdefec162b6dbb7640f0,5/2(木) 7:04
gendaibiz,現代ビジネス,「家の設計は誰に頼む？」モデル矢野未希子、ゼロから始める建築家リサーチ,https://news.yahoo.co.jp/articles/3180c95287006120b222b7cda6a36594a458a2ea,5/2(木) 7:03
gendaibiz,現代ビジネス,GWにもおすすめ！キャンプで食べる「焼きソーセージのサルサソースのせ」レシピ,https://news.yahoo.co.jp/articles/f2fa5de389e9ac2c2f80e12a8a87c187b318025e,5/2(木) 7:03
gendaibiz,現代ビジネス,「愛犬のご飯は添加物ゼロの手作り食だけ」は危険？動物行動学のプロに聞く「犬にとっての理想の食事」,https://news.yahoo.co.jp/articles/9572339da08943d7f54a2c78e7b5e9833f17d75d,5/2(木) 7:03
gendaibiz,現代ビジネス,片づけのプロは「白い収納ケース」を使わない？ 日用品や食材の「ストック収納」のコツ,https://news.yahoo.co.jp/articles/f4f35f51fe646a62ffb4d7b15939cf2fd2e73704,5/2(木) 7:03
gendaibiz,現代ビジネス,日本株、「労働力不足」でこれから大注目になる「プロ厳選・省人化ニーズ恩恵銘柄５選」を実名紹介,https://news.yahoo.co.jp/articles/7d184ea0c15ee8ffa9fddd915c97c9b7ce64583b,5/2(木) 7:03
gendaibiz,現代ビジネス,日本ではあまり馴染みがないが…いまアメリカで急成長している「電子図書館」の実態,https://news.yahoo.co.jp/articles/0ad7d2845e878ae345c7e2f877221509548ec3c8,5/2(木) 7:03
gendaibiz,現代ビジネス,習近平の「雨乞い政策」で日本でも大災害が頻発するのか…中国「100年に一度の大洪水」から浮かび上がる「人工気象操作の闇」,https://news.yahoo.co.jp/articles/e7b3e719467ba7355bacf849ca0df82784c32efc,5/2(木) 7:03
gendaibiz,現代ビジネス,60代の貯蓄は1500万円、40代の負債は1050万円…多くの人が意外と知らない「定年後の事実」,https://news.yahoo.co.jp/articles/529609c71fe71bad42d5375c1fb061a7e2074f20,5/2(木) 7:03
gendaibiz,現代ビジネス,最悪この国は「壊滅」する…多くの人が意外と知らない、首都直下地震の「怖すぎる被害」,https://news.yahoo.co.jp/articles/9b35a9f9a2a76e5369c1be54a7cc2f5ffefbd60c,5/2(木) 7:03
gendaibiz,現代ビジネス,なんと、研究者は45歳までが「若手」！？　日本の研究衰退し続ける「本当の理由」,https://news.yahoo.co.jp/articles/9a1971d1f5126382a81f6eab40adba1eaa71b5de,5/2(木) 7:03
gendaibiz,現代ビジネス,「アマチュアゴルファー」がマネをすると「大惨事」になる「プロのあいだで増えているスイング方法」,https://news.yahoo.co.jp/articles/efcceeea788f83b4cd313448d7fcdd9d6ae2f56c,5/2(木) 7:03
gendaibiz,現代ビジネス,これが無いと、私たちの身体はすぐバラバラに…宇宙で最も重要な「強い力」の正体とは,https://news.yahoo.co.jp/articles/3628af8a7bc23ab468f4eb9051b4a77cb332c172,5/2(木) 7:03
gendaibiz,現代ビジネス,「乙武大敗」で都知事3選に黄信号、元ブレーンにも裏切られ…小池百合子「初の女性首相の夢」は潰えた,https://news.yahoo.co.jp/articles/8b8f0f2c12a2aa2b75db28d9345ae22f0ada4dfd,5/2(木) 7:03
gendaibiz,現代ビジネス,これが戦争の実態！　ロシアが「資源＆食糧」で好景気を謳歌,https://news.yahoo.co.jp/articles/2c2eac1f765a689407dbc8863a0d00009a31ceb7,5/2(木) 7:03
gendaibiz,現代ビジネス,「日本はむしろロシアや中国、イスラム圏の国と似ている」...同性婚の法制化が「日本で進まない理由」と「現代レイシズム」の正体,https://news.yahoo.co.jp/articles/4371391d272612be1cb6a2c20d6e2d2eb6626dbc,5/2(木) 7:03
gendaibiz,現代ビジネス,若手の愛国主義者と元兵士たちが交わした激論…101歳の老兵を憤慨させた「ある一言」,https://news.yahoo.co.jp/articles/95535cf0b3042e7a1f1e899b234fb6ae9beb92dd,5/2(木) 7:02
gendaibiz,現代ビジネス,じつは、同じ地域でも学校ごとに明確な「体験格差」が存在しているという現実,https://news.yahoo.co.jp/articles/47a280428f38ebb3f050312a45da4575d656a44b,5/2(木) 6:48
gendaibiz,現代ビジネス,「東京」は大丈夫なのか…「首都直下地震」発生で家に帰れなくなる「人数」,https://news.yahoo.co.jp/articles/db210b777877fe1c3e9fe2d0edfac84c837abbf2,5/2(木) 6:48
gendaibiz,現代ビジネス,なぜ私たちは何でも「誰かのせい」にするようになったのか…意外と知らない「根本原因」,https://news.yahoo.co.jp/articles/f7fe631bd9be8106aa9c42abdfb61b9b2203c29b,5/2(木) 6:47
gendaibiz,現代ビジネス,「どこにいるか」「どのくらいのスピードで移動しているか」までバレる！　「GPSのような働き」をする驚きの脳細胞,https://news.yahoo.co.jp/articles/227aaf1142d8360c93b818bbc7cf1673c7a047df,5/2(木) 6:47
gendaibiz,現代ビジネス,いよいよ3人に1人が65歳以上になる「超・高齢者大国」でこれから起きること,https://news.yahoo.co.jp/articles/f2137da66ff95d41b5fa4f20091042ba46607a92,5/2(木) 6:33
gendaibiz,現代ビジネス,意外と知らない、60～80代の「住宅ローン」や「教育費」がほぼゼロという「希望」,https://news.yahoo.co.jp/articles/3317f26878e9686efc761d8989d565e2015a7a29,5/2(木) 6:33
gendaibiz,現代ビジネス,中国国家主席が「尋常でないほど」崇拝している「人物」,https://news.yahoo.co.jp/articles/4b3ff506f70e197a2e66b4a592e48e44c2e7c1a7,5/2(木) 6:33
gendaibiz,現代ビジネス,70～80歳まで働き続けるのは辛い？ なんと、多くの人が「幸せな生活」を送っていた…！,https://news.yahoo.co.jp/articles/6f82c04d46d0bc1b3ae7f2a689f61245e4147e0d,5/2(木) 6:18
gendaibiz,現代ビジネス,宮田愛萌さんが実践！　休むことをうしろめたく思わなくてよくなる「秘策」とは――？,https://news.yahoo.co.jp/articles/35cde67282f6e0c6535e0d791a717672d66a6b09,5/2(木) 6:05
gendaibiz,現代ビジネス,「株主価値最大化」シンガポール型経営の日本ペイントと「禅」の精神の関西ペイント、どちらに軍配が上がるのか,https://news.yahoo.co.jp/articles/42f57c6817d65755b72282a7be2ce89653e61e07,5/2(木) 5:03
gendaibiz,現代ビジネス,「巨大地震」で家がすぐ崩壊…日本人が意外と知らない、被害が多いと想定される「地域の名前」,https://news.yahoo.co.jp/articles/d8aea53274d0e5d14f1a478c5f9158bc1a2b1e7e,5/1(水) 12:33
gendaibiz,現代ビジネス,不登校や引きこもりの青年たちが激変…「キャンプ」を体験して知った「体験格差」が生むもの,https://news.yahoo.co.jp/articles/f8b2510035825a50f9781d6ef4b5345b11015cc3,5/1(水) 12:13
gendaibiz,現代ビジネス,「女性の結婚」は年齢が1歳上がるごとに厳しくなる…40代が有利に「婚活」を進めるための戦い方,https://news.yahoo.co.jp/articles/16298b35cc16ef885826a392467a357bd935fdee,5/1(水) 11:03
gendaibiz,現代ビジネス,死ぬときに、人は「走馬灯」は見ていない…最新の研究で分かった「心停止後の脳活動」の意外な新事実,https://news.yahoo.co.jp/articles/08e5b7a07ab826c65b6e4511930d5aaebc178690,5/1(水) 11:03
gendaibiz,現代ビジネス,じつは血液型で「病気のリスク」が違うことが判明…A型は胃がん、B型は糖尿病、AB型は脳卒中、では「O型」はなにか,https://news.yahoo.co.jp/articles/2ef89534fbdd329c9872ac1a7feb3c68293d94c0,5/1(水) 10:03
gendaibiz,現代ビジネス,病名は知らなくていい…80代末期ガン患者が「命をかけてサッカー観戦」へ…「知らぬ仏」のスゴイ効果,https://news.yahoo.co.jp/articles/cba914df45b37d7c3e6996e91b4393faebbb72bf,5/1(水) 9:03
gendaibiz,現代ビジネス,父親が突然倒れて…年収400万円「実家が農家」の男性が婚活中に家を継いで「激変」した意外な展開,https://news.yahoo.co.jp/articles/f06a6a4b631f723807e0e272dd6ca30b7dcf4738,5/1(水) 9:03
gendaibiz,現代ビジネス,「99%の人は仕事していない」のか…上司が無能に見えてしまう「シンプルな理由」,https://news.yahoo.co.jp/articles/83731bbd26ab3220b0faac740db9468c861ac513,5/1(水) 8:47
gendaibiz,現代ビジネス,ヒット映画『変な家』を見て気がついた…！ぼんやり映像を眺めながら思い出す「楽しいこと」,https://news.yahoo.co.jp/articles/91e7ddbcc0637f0beafeaed729832754c555eda5,5/1(水) 8:33
gendaibiz,現代ビジネス,多くの人が誤解している「経営の正体」…じつは誰もが「経営の現場」を持っているという事実,https://news.yahoo.co.jp/articles/2769eba96369bee2b519b75ddd1afaf9b3393e44,5/1(水) 8:18
gendaibiz,現代ビジネス,トヨタカローラに日産サニー…「中古車輸出ビジネス」のキーマンが埼玉にいた！在日パキスタン人2万人を束ねる「アニキ」の意外な素顔,https://news.yahoo.co.jp/articles/f407ff7922f24cf813959166388b2ae872384b71,5/1(水) 8:03
gendaibiz,現代ビジネス,「死後のライブ」に大物芸能人が集まり「チケットは完売」...俳優の原田芳雄さん（享年71）が死の７日前に貫いた「わがまま」,https://news.yahoo.co.jp/articles/1730d3068df29942bac118753f38f0b2d4d27f96,5/1(水) 8:03
gendaibiz,現代ビジネス,ユニクロや5000円のブルゾンでお出ましも…愛子さま・佳子さまの「皇室ファッション改革」,https://news.yahoo.co.jp/articles/c51dbfdcf376418beb1d378e3c037b535655aad6,5/1(水) 8:03
gendaibiz,現代ビジネス,初任給を引き上げた結果、既存社員が次々と退職…「給与の逆転」を防ぐために会社がやるべきこと,https://news.yahoo.co.jp/articles/a3bbd3ddb07e9ccc8de6d974c08b675dcba5888e,5/1(水) 8:03
gendaibiz,現代ビジネス,持ち家か賃貸か、60～80歳を自由に生きたいなら「持ち家が正解」,https://news.yahoo.co.jp/articles/9512af2f9a03358216c95f8dabec496643ebfc1e,5/1(水) 8:02
gendaibiz,現代ビジネス,韓国が「反日ブーメラン」で、日韓関係が「崩壊」する“最悪シナリオ”の中身,https://news.yahoo.co.jp/articles/3e557fb5cc6f6008f5f3d80de9c453a793a7a7ae,5/1(水) 7:33
gendaibiz,現代ビジネス,「世界初のSF作家」になった「偉大な天文学者」の正体,https://news.yahoo.co.jp/articles/4347ba8d803d14e946e50924a76e083b98da6517,5/1(水) 7:04
gendaibiz,現代ビジネス,沖縄での瞬間最高視聴率が95％！　5000人のファンがホテルに！ 国民的俳優の伝説的パニック現場の真相,https://news.yahoo.co.jp/articles/7b4a3e49ba56fe653c9a153e04dfa111ee3aed43,5/1(水) 7:04
gendaibiz,現代ビジネス,「ジャック・マー」から「レッドブル創業者」まで…「世界の億万長者」がニセコに集まる理由,https://news.yahoo.co.jp/articles/026cdf307574098b64ab5ff25f7f958fa412a404,5/1(水) 7:04
gendaibiz,現代ビジネス,「伝説の踊り子」がまさかの逮捕...「男たちの憧れ」を「トコロテン売り」へと変えた衝撃の事件,https://news.yahoo.co.jp/articles/1a06af0eb63345b983d3426655b4e14d723f548d,5/1(水) 7:04
gendaibiz,現代ビジネス,「アクセルとブレーキに似ている」…いまだ将棋界のトップを走る羽生善治が「あえて負けを許容」するのは、勝つための「秘策」だった,https://news.yahoo.co.jp/articles/ba2bb0963e16378e5465cb90ae63f975cfe852e9,5/1(水) 7:04
gendaibiz,現代ビジネス,「正座すがた」で亡くなった高齢女性…片づけの依頼が遺品整理と化した「予想外の事態」と残された「一冊のノートの謎」,https://news.yahoo.co.jp/articles/5b8a37ddd7da22efb66a6ff8704bfa6507c7a5f7,5/1(水) 7:04
gendaibiz,現代ビジネス,「間違いなく国の形を変えた」...国鉄の民営化に隠された知られざる衝撃の真実,https://news.yahoo.co.jp/articles/07bf7aea0df4451367e06764e49585f7ecd80246,5/1(水) 7:04
gendaibiz,現代ビジネス,「知っている人は上位1％...「20代・スキルなし」でも「夢を叶えた」意外過ぎる方法,https://news.yahoo.co.jp/articles/eef6f5ce5320a857158ded6c44e1d797443c5ac0,5/1(水) 7:04
gendaibiz,現代ビジネス,「ボーッと見るだけでストレスが消える」公認心理師が教える驚きのトラウマ解消法,https://news.yahoo.co.jp/articles/9b19bc93dcfb03d463c0cb1ad7f64a6bccab787f,5/1(水) 7:04
gendaibiz,現代ビジネス,イランで逮捕された女性「脇腹も背中も化膿」「乳首から黒い汁が」…女性刑務所で行われる「鬼畜の所業」,https://news.yahoo.co.jp/articles/927538b0bff1854052fe4b4dcef2c0bd6f76f65b,5/1(水) 7:04
gendaibiz,現代ビジネス,コロナ禍の台湾でなぜイノベーションが起きたのか…その背景にあった驚きの国家体制とは？,https://news.yahoo.co.jp/articles/bd12cb66a7982a9735d18f74e30494d529b5de53,5/1(水) 7:04
gendaibiz,現代ビジネス,飛行機代が８割引き、新幹線代が４割引きになるって知っていましたか！？――GWでも使える旅の裏技「シニア割」が凄すぎる,https://news.yahoo.co.jp/articles/9f0e0ee38c054175c734a68e3d2281d334ead2d9,5/1(水) 7:04
gendaibiz,現代ビジネス,このままだと累積赤字800億円…！大量CM「出前館」を待ち受ける「今後のシナリオ」,https://news.yahoo.co.jp/articles/3f02f7d8cd2b90275de39bb201c1a51de8cbc283,5/1(水) 7:04
gendaibiz,現代ビジネス,能登出身・大の里が語った「決意」…62年ぶりの「勧進相撲」で力士たちが魅せた「意外な一面」《両国国技館がコンサート会場に》,https://news.yahoo.co.jp/articles/f767eea7e718c51b2556fa7ec54ef57bf6c175df,5/1(水) 7:04
gendaibiz,現代ビジネス,なんと、日本の技術がアメリカに勝利…！　月の「過酷な夜」をものともしないSLIMの「驚愕の高性能」,https://news.yahoo.co.jp/articles/b2645931cbafa5fda1173cf730e225c98ca03bc5,5/1(水) 7:04
gendaibiz,現代ビジネス,「サッカーは好きだけど、習えない…」父は寝たきり、月収7万…「体験格差」に見る貧困,https://news.yahoo.co.jp/articles/961412eb8384ee7b357d8db799c5e227f2e66c6f,5/1(水) 7:03
gendaibiz,現代ビジネス,「目標は世界一周」のIMALUがバングラデシュの女性から学んだ「新しい価値観」,https://news.yahoo.co.jp/articles/008fecb011f5245f6d42b3b0efd84c261c1e27da,5/1(水) 7:03
gendaibiz,現代ビジネス,予約の取れない片づけのプロが伝授！ 「片づけがいらなくなる」収納の仕組み,https://news.yahoo.co.jp/articles/693d496665d2473f3634288a3d0371d4f2c966e4,5/1(水) 7:03
gendaibiz,現代ビジネス,なぜ習近平の中国で「100年に一度の大災害」が起きるのか…「地盤沈下」と「異常気象」に共通する「人為説」、そのヤバすぎる正体,https://news.yahoo.co.jp/articles/759ace873de025a5e63c8ae7489176252a3bc290,5/1(水) 7:03
gendaibiz,現代ビジネス,「ただの無料貸本屋」ではない…日本が見習うべき「アメリカの図書館」の「意外な動向」,https://news.yahoo.co.jp/articles/e4cea702902a762f42b04a2f2e4e37751c7b78ab,5/1(水) 7:03
gendaibiz,現代ビジネス,「お前は美について何もわかってない！」…明治時代、文豪たちが「大ゲンカ」した「驚きの理由」,https://news.yahoo.co.jp/articles/f8257fe26130067bb260a8131290ed8d4f0c652d,5/1(水) 7:03
gendaibiz,現代ビジネス,なぜ私たちは「暑さ」「寒さ」を感じるのか…和辻哲郎が生み出した「風土論」の「核心部分」,https://news.yahoo.co.jp/articles/a511205cb88eccb64e679e545466e99207135013,5/1(水) 7:03
gendaibiz,現代ビジネス,「日本人論」の源流はこの一冊にあった…多くの日本人が貪り読んだ『菊と刀』が生まれた「驚きの背景」,https://news.yahoo.co.jp/articles/375a11c879cbb0f8e00c6d998da0637b11cad624,5/1(水) 7:03
gendaibiz,現代ビジネス,日本人が大好きな「県民性ネタ」にもヒントがあった…「地域あるある」からも見えてくる「人類学の本質」,https://news.yahoo.co.jp/articles/7a76d45dcae8e21bd57cf239630d55da04e4a080,5/1(水) 7:03
gendaibiz,現代ビジネス,退職金が激減…！60～80歳で「貧しい生活」を送らないために知っておくべき「厳しい現実」,https://news.yahoo.co.jp/articles/44906262052e5797ce062065343dcf6cf471be11,5/1(水) 7:03
gendaibiz,現代ビジネス,欧米では「絶対にやってはいけない動き」の一つとされている…じつは、いますぐ捨てたほうがいい「ゴルフスイングの常識」,https://news.yahoo.co.jp/articles/97dee4b11463f220f3744efb3d67020f673fd541,5/1(水) 7:03
gendaibiz,現代ビジネス,もはや魔法では…この宇宙を支配する「4つの力」が秘めた「不思議すぎる性質」,https://news.yahoo.co.jp/articles/651e13d51ec55caa9570292502156835fc6b83fc,5/1(水) 7:03
gendaibiz,現代ビジネス,「植田日銀」が追い詰められた…！利上げを取るか円安を取るか、決断次第で国民の生活はさらに追い込まれる,https://news.yahoo.co.jp/articles/0fc5cbb31ed4abb644063d2099005f9aaabe1ec8,5/1(水) 7:03
gendaibiz,現代ビジネス,意外と知らない「ハチ公秘話」と渋谷駅の歴史,https://news.yahoo.co.jp/articles/41026970ec2e2c84f6538e014dd55014c55a0694,5/1(水) 7:03
gendaibiz,現代ビジネス,「軍隊は絶対に必要だ！」「いや、私はさっさと逃げます」…太平洋戦争を経験した元兵士たちが赤裸々に語った「リアルな本音」,https://news.yahoo.co.jp/articles/5b846ac2723c67268cf7cd8e132bd0b17c089f4d,5/1(水) 7:02
gendaibiz,現代ビジネス,脳波をみれば「何を考えているか」も「見ている夢の内容」もわかる？！　最新脳研究が明らかにする「衝撃の真実」,https://news.yahoo.co.jp/articles/d59dfbf94b29070fdcb0f4a3d1397dd584758e98,5/1(水) 6:53
gendaibiz,現代ビジネス,都市部と地方で一体どれくらいの「体験格差」が存在するのか,https://news.yahoo.co.jp/articles/f24effb44ed5918c9faea81077789edb776420ca,5/1(水) 6:48
gendaibiz,現代ビジネス,なんと、「年収100万円台」に…年収が激減する70代をどう生きるか,https://news.yahoo.co.jp/articles/a7266e8c50e1c15945f09de6de6bd9080f5f7cef,5/1(水) 6:48
gendaibiz,現代ビジネス,一瞬で命を奪う…自然災害大国ニッポンをこれから襲う「一番深刻な災害」本当の恐怖,https://news.yahoo.co.jp/articles/2937fb058ae7361dca90fb5a3606ceffa0e2a1fa,5/1(水) 6:48
gendaibiz,現代ビジネス,なんと「カミソリの刃」すら通らないピッタリ密着した石積み…あまりに「精巧すぎて」スペイン時代が見劣りしてしまう「インカの文明の超技術」,https://news.yahoo.co.jp/articles/cdb35cbd4b571f4bdd7ade30ef162d2e47c4689c,5/1(水) 6:47
gendaibiz,現代ビジネス,日本株5月に始まる大反転…！「買っていい株」と「買ってはいけない株」をプロがきれいに仕分けして浮かび上がった「珠玉の13銘柄」を一挙公開する！,https://news.yahoo.co.jp/articles/44c9c5a87340f5b5ce4564a3fe4e91f5c96306de,5/1(水) 6:33
gendaibiz,現代ビジネス,なぜ夫婦は「細かいこと」で大げんかするのか、イライラを解消する「シンプルな理由」,https://news.yahoo.co.jp/articles/4c19f2ebb6d6078052f0bee418a907fb08d6b766,5/1(水) 6:33
gendaibiz,現代ビジネス,中国で「おっかない時代」の幕が上がった!?,https://news.yahoo.co.jp/articles/3eae24c0f3c57a1a84cc632c110340a6a68fe26b,5/1(水) 6:33
gendaibiz,現代ビジネス,残念ながら、原始地球の大気に「メタンありき」は、思い込みだった…衝撃的だった「ミラーの実験」が残した「1つの功績と2つの罪」,https://news.yahoo.co.jp/articles/3b37a5c68717a873975770d99d848c748c4174eb,5/1(水) 6:33
gendaibiz,現代ビジネス,まだまだ多くの人が知らない「対米従属」の「行き過ぎた実態」,https://news.yahoo.co.jp/articles/4e3de2f7c240ac87b7f8a710215676c3b9aa81d6,5/1(水) 6:33
gendaibiz,現代ビジネス,【独自】吉本興業・大阪万博が今も「ズブズブ」…ペーパー法人が設立3ヵ月で2600万円公共事業「グレー落札」《大崎氏は「口利きはない」と》,https://news.yahoo.co.jp/articles/4a8b0800e6ea057a1f7862e8473db9d79933ec9a,5/1(水) 6:23
gendaibiz,現代ビジネス,「日本型雇用」は変われるか…「ジョブ型で全部解決」とはいかない根深い構造,https://news.yahoo.co.jp/articles/90fb0c22f3559ad1cfb4ba5315084566bfdf3825,5/1(水) 6:18
gendaibiz,現代ビジネス,60代管理職はほぼいない…日本企業「中高年社員のモチベーション低下」という大問題,https://news.yahoo.co.jp/articles/81833d74073df2d1e16b4018a1c49589363d2aa1,5/1(水) 6:18
gendaibiz,現代ビジネス,「富士山噴火」が起こる日…「最悪の事態」を想定して見えてくること,https://news.yahoo.co.jp/articles/617c7779bea6ff66ffaa15ab0a5a50947cca87f2,5/1(水) 6:18
gendaibiz,現代ビジネス,小池百合子の「虚飾の政治家人生」に終止符を…！ 目黒区長選、東京15区補選の結果は有権者が「小池の闇」に気付いた証である,https://news.yahoo.co.jp/articles/3327301fa3a6b74cf19792ffa4f35fdbd0f6c613,5/1(水) 6:07
gendaibiz,現代ビジネス,文在寅時代の「反日ムード」が復活か…!?「LINEヤフー」経営体制めぐる日本政府の行政指導に韓国メディアが大反発中,https://news.yahoo.co.jp/articles/53930f364ace75e5672c1aa42b42e90af3c5ea36,5/1(水) 6:07
gendaibiz,現代ビジネス,世界を主導することなく終わる中国・インドの成長の限界とその内幕,https://news.yahoo.co.jp/articles/5415da5b9a508fd2c7473dde546ee36028f41b94,5/1(水) 6:07
gendaibiz,現代ビジネス,日本経済、本当は世界何位？――インフレで膨らんだ世界と、デフレで縮んだ日本,https://news.yahoo.co.jp/articles/4cb3d27ac4b390418dbb16cc1e7fe9827364fde8,5/1(水) 6:07
gendaibiz,現代ビジネス,累計2万食を食べてきた冷凍食品のプロが選ぶ「2024年春夏の新商品」ベスト5【新たなブームの兆しも】,https://news.yahoo.co.jp/articles/622cf812fc89e39583ef6f4a10b724a4f4558c8f,4/30(火) 21:03
gendaibiz,現代ビジネス,ダウン症のある娘との「世界一周」、ベトナムで驚いた娘の「適応能力」,https://news.yahoo.co.jp/articles/856c5db5fff044a18961aa5543130e9202f781c0,4/30(火) 18:03
gendaibiz,現代ビジネス,死についての何気ない会話がなによりも大事…在宅医療を望んでいた80代末期ガン患者が突然、「家で死にたい」と言い出した「深すぎる理由」,https://news.yahoo.co.jp/articles/a0f4bc158f8623267b7474e26706debd7adfd0f0,4/30(火) 13:03
gendaibiz,現代ビジネス,「働かないおじさん」か、エリート管理職か…多くの50代会社員が直面する「深刻な危機」,https://news.yahoo.co.jp/articles/9cedc6153efdc5459f81a96de3976755448123df,4/30(火) 12:33
gendaibiz,現代ビジネス,英語力を上げるには、多くの「定型表現」を身につけることがカギ,https://news.yahoo.co.jp/articles/ccfb5e990c45f62623ef8515077b840a846faf8b,4/30(火) 11:03
gendaibiz,現代ビジネス,やっぱり「ひきこもり」の原因は「人間的に弱い」だけじゃない…血液検査で分かる、ひきこもりの「危険な前兆」,https://news.yahoo.co.jp/articles/9a0b68119be44916bee8fd64ef8ed0fd14fe9d46,4/30(火) 11:03
gendaibiz,現代ビジネス,英単語と文法を猛勉強しても英語が話せないのには「理由」があった！,https://news.yahoo.co.jp/articles/28b58861cb7d3b4aba22470812d3a781eabded21,4/30(火) 10:03
gendaibiz,現代ビジネス,鼻をほじると「アルツハイマー型認知症」が高まることが判明…ウイルスが“脳に入り込む”メカニズムの「意外な盲点」,https://news.yahoo.co.jp/articles/7e9f83f936e39ae6937e2073c961b77561d4377b,4/30(火) 10:03
gendaibiz,現代ビジネス,余命３ヵ月「鼻に酸素チューブをつけたまま」大ネタを遂行...肺疾患で苦しんだ「笑点」の桂歌丸さんが最期になっても迷わなかったこと,https://news.yahoo.co.jp/articles/0f59c523c50156f2dfe6e4902b89bfeae62d0f59,4/30(火) 9:03
gendaibiz,現代ビジネス,【英語学習】多くの定型表現を知っている人はスピーキング力も高かった！,https://news.yahoo.co.jp/articles/ecac1fedc94628343dc5c42ca31363ea04cf4d89,4/30(火) 8:33
gendaibiz,現代ビジネス,意外と多くの企業が陥る「新しさ」の罠…「流行に乗る」ことが強みになるワケ,https://news.yahoo.co.jp/articles/93148d5b46d0b17b09f79d53bc041a79b3e59461,4/30(火) 8:33
gendaibiz,現代ビジネス,仕事の大誤解…「人は多ければ多いほどいい」という思い込みが招く「悲惨すぎる事態」,https://news.yahoo.co.jp/articles/fae9a59a2e7d0c95f49a276f8dd2d47fda9071a2,4/30(火) 8:18
gendaibiz,現代ビジネス,「皇室ファッション」に新たな動きが…！いま愛子さまと佳子さまの「コーディネート」に注目が集まるワケ,https://news.yahoo.co.jp/articles/2eee618d1b57acdd0448cb56df0545e140cdf1a9,4/30(火) 8:03
gendaibiz,現代ビジネス,28歳主任が絶句…「反抗的な新入社員」の初任給が自分より高いことが発覚「会社辞めちゃおうかな」,https://news.yahoo.co.jp/articles/25c5a84a6d51c3bf6524bcd55ae836f194ef3d22,4/30(火) 8:03
gendaibiz,現代ビジネス,令和の虎・竹内亢一社長が教える…「動画アカウント」を持っていない企業は時代遅れだと言える納得の理由,https://news.yahoo.co.jp/articles/8ce406cc512d57cba2589c36070de9242bfbd2d9,4/30(火) 8:03
gendaibiz,現代ビジネス,定年退職後に学んだほうがいい学問…高齢者のリスキリングで失敗する人しない人の「決定的な差」,https://news.yahoo.co.jp/articles/ffd4182c9483f4f2db1e429f7dd28dbfa0b56695,4/30(火) 8:03
gendaibiz,現代ビジネス,年収30万円か500万円か、超高齢ニッポンの「厳しい現実」,https://news.yahoo.co.jp/articles/4291146577cc004203bc75597d5db0643b48945c,4/30(火) 8:03
gendaibiz,現代ビジネス,「働かないおじさんなのに、給料が高いのはおかしい」と言われた50代平社員の「仕返し」,https://news.yahoo.co.jp/articles/34f907af5549e64ade2a7a077006e3a9dbd707b9,4/30(火) 8:03
gendaibiz,現代ビジネス,英語は「決まり文句」が８割！ 第二言語習得の専門家が説く、定型表現を学ぶ「８つの利点」,https://news.yahoo.co.jp/articles/1dd3d68a9be83f942c48de23ee1c1ff84eef459e,4/30(火) 7:48
gendaibiz,現代ビジネス,コーヒーの「BOSS」、じつはそのユニークな商品名には「意外な由来」があった…！,https://news.yahoo.co.jp/articles/d5a68ab434ee0621b4d5b00c3fcdfd13b4f05c4b,4/30(火) 7:33
gendaibiz,現代ビジネス,小池都知事も岸田首相も「もう終わり」か…３補選「大惨敗」から始まるヤバすぎる末路,https://news.yahoo.co.jp/articles/72a06deb362d89df24e70adb0483c2f9cd98e422,4/30(火) 7:33
gendaibiz,現代ビジネス,突然の大地震、待ち受ける「恐ろしいシナリオ」…もし、大切な人がなかなか逃げようとしなかったら,https://news.yahoo.co.jp/articles/42a7bc92e5975526dd2952f7acfb027a37630433,4/30(火) 7:33
gendaibiz,現代ビジネス,なんと、70歳男性の半数が働く国になっていた…誰も教えてくれない「定年後のお金と仕事」,https://news.yahoo.co.jp/articles/49dff08f78be3744f4dd4f8ceb7bc95a8d0b7f0d,4/30(火) 7:18
gendaibiz,現代ビジネス,多くの日本人が知らない…本土から船で丸一日「あまりに遠すぎる小笠原」の生物種がめちゃくちゃ貴重なワケ,https://news.yahoo.co.jp/articles/298cfb35b6df88d789feef7b5e73b957818e1bdf,4/30(火) 7:18
gendaibiz,現代ビジネス,日本政界の「闇将軍」田中角栄がもみ消した!?　国鉄民営化のウラに「隠された」誰も知らなかった衝撃の「秘密」,https://news.yahoo.co.jp/articles/9c2c360ad3a2a4b79002350d98c2840be77e2e5a,4/30(火) 7:04
gendaibiz,現代ビジネス,「決算書すらまともに読めない」...サラリーマンには「当たり前」のことができない中小企業の社長がヤバすぎる...！,https://news.yahoo.co.jp/articles/cb52b88d99b006701ff75082bf58ae11d079c753,4/30(火) 7:04
gendaibiz,現代ビジネス,たった1回で身も心も軽快に！「死にたい」と思い詰めた会社員を救った驚きのカウンセリング,https://news.yahoo.co.jp/articles/2b7cb70ed1ccdcf7d56819f1cd20e389c3f24930,4/30(火) 7:04
gendaibiz,現代ビジネス,医者も看護師も一緒になって尋問…「長時間の拷問」で倒れた女性が運ばれた「イラン刑務所の病院」がヤバすぎる,https://news.yahoo.co.jp/articles/50eb8db87d79da921422393c8aa09e1a1c6f3c0b,4/30(火) 7:04
gendaibiz,現代ビジネス,わずか30年で多様性国家へ大変身…あらゆる人々との「共存」を目指す台湾の“ある合意”,https://news.yahoo.co.jp/articles/86f53138c3d30824cd6c4ba5c47d10b34ff5341e,4/30(火) 7:04
gendaibiz,現代ビジネス,給料が125%UP!?…アメリカの自動車労働組合がストライキで使った革新的な「手法」,https://news.yahoo.co.jp/articles/07c003bb19a92a4bc67ea194aa854df127519a78,4/30(火) 7:04
gendaibiz,現代ビジネス,「中国本土の投資家」が仕掛けるニセコ再開発…その「規格外な現状」と「隠された目的」,https://news.yahoo.co.jp/articles/17e3af2a5a466102a0a9c1fd4e6d3c47a5dd8d8a,4/30(火) 7:04
gendaibiz,現代ビジネス,「知ってもどうにもならない…」ノーベル賞科学者・山中伸弥が語る、遺伝子治療の残酷すぎる「現実」,https://news.yahoo.co.jp/articles/652cbaee14f62c21e51fa01257956a41a7373466,4/30(火) 7:04
gendaibiz,現代ビジネス,いったいなぜ…大量CM「出前館」がユーザー数激減＆6年連続赤字の「意外すぎる実態」,https://news.yahoo.co.jp/articles/81283bf57afb2fbeec4ca47e0d326e4232fa9c81,4/30(火) 7:04
gendaibiz,現代ビジネス,裏切れば警察に密告…！すでに10人ほどが殺されている…！ルフィの黒幕「ＪＰドラゴン」の異常すぎる「暴力支配」をすべて明かす,https://news.yahoo.co.jp/articles/846530fb9c3a148b03a5cd37cd9a797cf7c11488,4/30(火) 7:04
gendaibiz,現代ビジネス,「札幌ドーム叩き」のほとんどが「的外れ」といえるワケ…「薄い人工芝」「傾斜が急すぎる観客席」が批判されてきたが「そもそも野球のために作られた施設ではない」,https://news.yahoo.co.jp/articles/86d75adb8568e870c996bc59d641a199df4fea5a,4/30(火) 7:04
gendaibiz,現代ビジネス,総理大臣になれなかった「二人の政治家」の共通点…現役政治記者時代の読売主筆・渡辺恒雄氏の名著に記されていた「政治の本質」,https://news.yahoo.co.jp/articles/77ef175802567960a21f0c8de70b198c6b34829f,4/30(火) 7:04
gendaibiz,現代ビジネス,猫ファーストな「藤あや子のお宅拝見！」… ついに憧れの壁型キャットウォークを設置か,https://news.yahoo.co.jp/articles/1243d715d19774da705ec8dbd03a311a21c6c2c1,4/30(火) 7:04
gendaibiz,現代ビジネス,「夫の夢」は…ダウン症のある娘と家族で”世界一周の旅”をすると決めた理由,https://news.yahoo.co.jp/articles/0916eb5b6223c62a3fd0e19e1c9e5bfa2a07501c,4/30(火) 7:04
gendaibiz,現代ビジネス,じつは「日本の15歳」は世界でもトップクラスに「数学ができる」のに、なぜか「数学に自信がない」…最新のPISAの結果から見えてきた意外な実態,https://news.yahoo.co.jp/articles/f972d535a052366316b4bda18d4f22cb4601d955,4/30(火) 7:03
gendaibiz,現代ビジネス,「第3子以降に1000万円」は実現可能…！岸田より自治体が考える「超・少子化対策」のほうが「異次元」に思えるワケ,https://news.yahoo.co.jp/articles/820a1b5a63f3ceab5a25b85bb8ba2c75516be537,4/30(火) 7:03
gendaibiz,現代ビジネス,世界有数のポップスター「ジャスティン・ビーバー」を顔面麻痺にした、意外でありふれたウイルスの正体とは？,https://news.yahoo.co.jp/articles/014f4b244a191bc39a86398cd62bafa347c34bd5,4/30(火) 7:03
gendaibiz,現代ビジネス,YouTubeや TikTokの流行は「人間の本質」だった…ひとりの伝説的な学者が遺した「野生の思考」というヒント,https://news.yahoo.co.jp/articles/cae5c87aef33edf7656990f2d85fe6efb537f18f,4/30(火) 7:03
gendaibiz,現代ビジネス,終わらない戦争、なくならない「クソどうでもいい」衝突…こんな世界だからこそ哲学が役立つ「本当の理由」,https://news.yahoo.co.jp/articles/7e3468d291ac7b8448fe7a59341f2b7b26dd37d2,4/30(火) 7:03
gendaibiz,現代ビジネス,たとえば今日起きて、あなたが一番最初に会話した人は「誰」だったのか…哲学の大問題、「自己と他者」の境界線にある「意外な落とし穴」,https://news.yahoo.co.jp/articles/95edaa0ce25c07f1241eb6b25dccda4c556680d9,4/30(火) 7:03
gendaibiz,現代ビジネス,意外と知らない、巨大地震で「全壊」する建物としない建物の「決定的な差」,https://news.yahoo.co.jp/articles/58d9fe87bc46904855ed25b617ffc157feb5f1c4,4/30(火) 7:03
gendaibiz,現代ビジネス,なぜヒトだけに「長い老後」が存在するのか？　生物学者が考える「老いること」の「重要な意味」,https://news.yahoo.co.jp/articles/5697d56a9cbdeb1f285a99f6cf8144e444b69b03,4/30(火) 7:03
gendaibiz,現代ビジネス,ゴルフクラブが進化した今では「絶対に避けたほうがいい」、かつては「なくてはならない教え」だったこと,https://news.yahoo.co.jp/articles/cca870851daea7e10869c14192a016a1af617124,4/30(火) 7:03
gendaibiz,現代ビジネス,空から降ってくる「地球外物質X」…素粒子とはいったい何者なのか,https://news.yahoo.co.jp/articles/a6a3df9deb6ed27a3ba465530fe884a2cd0c78c1,4/30(火) 7:03
gendaibiz,現代ビジネス,北朝鮮の外貨収入のほぼ半分がサイバー攻撃によって得たもの？ 深刻化するサイバー攻撃の被害を「隠蔽する」日本の企業文化を刷新する一手,https://news.yahoo.co.jp/articles/f9ff7f59289712a2640f8c36544d3ffe524b944f,4/30(火) 7:03
gendaibiz,現代ビジネス,「大惨敗」乙武と「次点」須藤元気…混迷続く東京15区「無所属候補」の明暗を分けた戦いの裏側,https://news.yahoo.co.jp/articles/b021e775fe0212db91e22149b8e23bca5a44c620,4/30(火) 7:03
gendaibiz,現代ビジネス,「親日」だからと甘えていいのか…戦争の記憶が薄れゆく日本人に、かつての「戦場」に住む人々が抱いている「意外な本音」,https://news.yahoo.co.jp/articles/55903483cf0c3551f0d281f4fce37b8695df11d9,4/30(火) 7:03
gendaibiz,現代ビジネス,年収は「200万円」、「持ち家」が正解…意外と知らない「定年後の真実」,https://news.yahoo.co.jp/articles/ce6a3ba9e43f8ff0410b4bc5df942da036f9ef95,4/30(火) 6:47
gendaibiz,現代ビジネス,日本を襲うM9の「南海トラフ巨大地震」の恐怖,https://news.yahoo.co.jp/articles/4e0c38eb02772bdaa044b6ea8e3008eacb0c6fed,4/30(火) 6:47
gendaibiz,現代ビジネス,なぜどんな会社でも「人間関係のトラブル」が絶えないのか…「不和の種をまく人」の実態,https://news.yahoo.co.jp/articles/6d6435364f6dd12d2e202f5561502e1a88187d52,4/30(火) 6:47
gendaibiz,現代ビジネス,インカに残る謎…運び出すのに、なんと1800人も必要な「巨石」。施された「精巧な加工」に使用されたはずの道具が「跡形もない」,https://news.yahoo.co.jp/articles/e0455f41d203e47adba2fef27c20cfe61b2eec66,4/30(火) 6:43
gendaibiz,現代ビジネス,これほどまでに「彼を驚嘆させる」とは…！　深さ6kmなんて知らないナウマンが見抜いた「フォッサマグナの特異さ」,https://news.yahoo.co.jp/articles/d059ab68333807738fd12826373ddb92e103cab0,4/30(火) 6:43
gendaibiz,現代ビジネス,「セル・イン・メイ（5月は売れ！）」はウソだった…！プロが分析して見えた！「乱調相場」に潜む「ビッグ・チャンス」の意外すぎる真実,https://news.yahoo.co.jp/articles/1d9e6172443a173f9e8f720388ac0702024ba086,4/30(火) 6:34
gendaibiz,現代ビジネス,「70歳で年収700万円以上の人が5%いる」という「定年後の実態」,https://news.yahoo.co.jp/articles/b11ab564dba79040f98b04b6b92f78c2345dd048,4/30(火) 6:34
gendaibiz,現代ビジネス,若者の意欲を削ぐのが生きがい…衰退ッポンで増殖する「老後に居場所をなくす人たち」の実態,https://news.yahoo.co.jp/articles/2b1a5a2e28e3657c56409bb99cdf913709be5bbb,4/30(火) 6:34
gendaibiz,現代ビジネス,これは「物質から生命が生まれる瞬間」かもしれない…地球生命に絶対必要なアミノ酸が、なんと「わずか数日」でできてしまった「衝撃の実験」,https://news.yahoo.co.jp/articles/95f3ffe729c983bc570c5102137a04e3cc26d87c,4/30(火) 6:33
gendaibiz,現代ビジネス,なぜ「二郎系ラーメン店」が増え続けるのか、じつは「極めて合理的な理由」があった,https://news.yahoo.co.jp/articles/a73f458bcf1e270d2da78103933fd301ffaa4ea9,4/30(火) 6:33
gendaibiz,現代ビジネス,収入激減、役職定年…50～60代を直面する「定年危機」の実態,https://news.yahoo.co.jp/articles/9af614cf3c4eb11fdd2d49ff431f76349f2fd8d7,4/30(火) 6:19
gendaibiz,現代ビジネス,日本人によくある「英単語・文法」偏重の勉強法の「意外な落とし穴」,https://news.yahoo.co.jp/articles/67b5a4ca4911a70ae9a774797f503bdf323abf9a,4/30(火) 6:13
gendaibiz,現代ビジネス,警察や政治家と賄賂でつながっている…！あいつらは恐ろしすぎる…！「ルフィ」すら支配下に置く日本人最恐マフィア「ＪＰドラゴン」現地ルポ,https://news.yahoo.co.jp/articles/d541f70c2331c65fca33fc6ab188270a4af8522c,4/30(火) 6:06
gendaibiz,現代ビジネス,「科学は万能である」という傲慢さにとうとうブチギレ…50年前、自然科学にガチンコの喧嘩を売った男の「覚悟」,https://news.yahoo.co.jp/articles/0868dcf8c2ae577e184617eb192bebfcf6470551,4/30(火) 6:06
gendaibiz,現代ビジネス,『進撃のガチ中華』出版記念インタビュー「中華料理の神髄とは何か？」,https://news.yahoo.co.jp/articles/c7597766519b071841dc90dd85cd09ea147981af,4/30(火) 6:06
gendaibiz,現代ビジネス,福島の「風評問題」の真の責任はどこにあるのか…？ 今さら国と東電に全責任を転嫁しようと試みても、もう遅い,https://news.yahoo.co.jp/articles/bdc9f5ace01c189de1f8dd98131a876df7c5a3a9,4/30(火) 6:06
gendaibiz,現代ビジネス,「風評加害」とは何か…？ 既に敗れた中央言論の後追い、かつ年単位の周回遅れを自覚しない河北新報社説の問題点,https://news.yahoo.co.jp/articles/228ccbbef0891218e353ba290356e3e8d0401085,4/30(火) 6:06
gendaibiz,現代ビジネス,超円安の構図を読み解く～「国力低下」はトンデモ論、真因は内外金利差と経常収支の中身にあり,https://news.yahoo.co.jp/articles/dea08d0a4a1f589216034ae960ce521823dcb40a,4/30(火) 6:06
gendaibiz,現代ビジネス,楽器、オートバイ、産業ロボット……次々と世界ブランドを生み出すヤマハの「匠の精神」,https://news.yahoo.co.jp/articles/87059cc24b80d7a13c5ef755b502ca9056748974,4/30(火) 5:04
gendaibiz,現代ビジネス,”子持ち様”と揶揄も…やつれた35歳母が知った「夫の週5日外泊」の実情、呆れた真相,https://news.yahoo.co.jp/articles/7977835eab07fd308174f3e578ee78364dac1fab,4/29(月) 21:03
gendaibiz,現代ビジネス,尾崎豊に浜省、中島みゆき…ストレートな切なさが沁みる「昭和の名曲」人気調査【ポップス編】,https://news.yahoo.co.jp/articles/36f1ed71fe12fa930bcb8a6091bc08613e368104,4/29(月) 17:02
gendaibiz,現代ビジネス,もう末期的な中国！大手ガス会社が各家庭のメーターを「速めて」いた,https://news.yahoo.co.jp/articles/c3e625f8b44ab16257b4b92ffc0932c559a64702,4/29(月) 12:52
gendaibiz,現代ビジネス,「性別違和の背景にはいろいろな悩みがある」《議論紛糾の書》では語られなかった、「日本のトランスジェンダー事情」,https://news.yahoo.co.jp/articles/11350ab89be16dac48b4d6d4e6346a99e9e3fa9e,4/29(月) 11:13
gendaibiz,現代ビジネス,これはアレルギー性鼻炎の治療の鉱脈か…！鼻づまりの原因物質「15-HEDE」とはなにか,https://news.yahoo.co.jp/articles/13228854545922cd329da577fa851694e653c0d4,4/29(月) 11:03
gendaibiz,現代ビジネス,焼酎、ワイン、ビール…お酒にまつわる「あの都市伝説」はウソだった！「アルコール」と「糖尿病」の根深い関係,https://news.yahoo.co.jp/articles/042b929705bd8044f93ada8ea7e384e09295c0f6,4/29(月) 10:03
gendaibiz,現代ビジネス,東京都杉並区にある「小さな銭湯」に癒される人たち…『小杉湯となり』が人が集まる“気持ちいい空間”を作り出せたワケ,https://news.yahoo.co.jp/articles/43422d0b3eae54f2a360d350232cba7a2b003027,4/29(月) 10:02
gendaibiz,現代ビジネス,意外すぎる事実…優秀だった人が「仕事のできない人」になってしまう「構造的理由」,https://news.yahoo.co.jp/articles/399ceab204cd1335ef614be3eb9d03baa137ab8c,4/29(月) 8:19
gendaibiz,現代ビジネス,「自分は特別扱いされて当然」…日本社会で「自己愛」が強い人が多すぎる「危うい現実」,https://news.yahoo.co.jp/articles/db1945be7eb9be422d26600c426b49fa23c3f107,4/29(月) 8:19
gendaibiz,現代ビジネス,派閥解体で「無敵の首相」になった岸田政権が「自民党補選3連敗」に沈んだ「本当の理由」,https://news.yahoo.co.jp/articles/f36df463ac3c4ee9f41017ba818d7017e19dcefc,4/29(月) 8:13
gendaibiz,現代ビジネス,都内の公立中学で起きた性加害事件がまさかの展開に…そして被害者家族が練馬区を訴えた「許しがたい理由」,https://news.yahoo.co.jp/articles/4f9ecfa03590e3dc3d52e5028719cbd20d03291f,4/29(月) 8:03
gendaibiz,現代ビジネス,「義母と程よい距離感でいたいのに」善意が悪意に…お世話好きの義母を止めた「救世主」,https://news.yahoo.co.jp/articles/ab2f375683e7404d20d0da2fe3ed9efcd3eaa9ce,4/29(月) 8:03
gendaibiz,現代ビジネス,組織に頼って働き続けるのは限界がある…定年後に「働き続けられる人」が押さえている要点,https://news.yahoo.co.jp/articles/06c2c4422546fb4c4da4cce8e6e7cd1a644d9351,4/29(月) 8:03
gendaibiz,現代ビジネス,ポール・マッカートニーやスティーブン・キングも…予想外の「ひらめき」を逃さず形にするシンプルな方法,https://news.yahoo.co.jp/articles/0d5ae9d95d2a2d5017e2aac8fef83ab350936803,4/29(月) 8:03
gendaibiz,現代ビジネス,「サイン盗みを疑われた」「相手の隠し玉を発見」…元南海・湯上谷宏が語るベースコーチの「メチャクチャ重い責任」,https://news.yahoo.co.jp/articles/9fc8123792721dcad630dbf35178436130a1e58b,4/29(月) 8:03
gendaibiz,現代ビジネス,体調不良の原因か…紀子さまの心痛の種になっている「小室圭さんが無職」になる可能性,https://news.yahoo.co.jp/articles/35e395e4bd39bb709bfa7a4612d16d381fc25af6,4/29(月) 7:33
gendaibiz,現代ビジネス,「孫に贈りたくなる！」で異色ヒット、話題のビジネス書『13歳からの生き方の教科書』の“スゴすぎる中身”…！,https://news.yahoo.co.jp/articles/ade267400a3e119df16b1da9be59f3034abc351c,4/29(月) 7:33
gendaibiz,現代ビジネス,突然の大地震、「ほんの少しの油断」が生死を分けるかもしれない…日本人が意外と知らない事実,https://news.yahoo.co.jp/articles/a97d28fe89702c2859299b9b9b6a84bd491ecb27,4/29(月) 7:33
gendaibiz,現代ビジネス,サムスンがまさかの「王座陥落」で、韓国経済も没落へ…新技術開発に遅れを取った「ヤバい事情」,https://news.yahoo.co.jp/articles/c2ff1a88a3613b9f896e0bd3cf9c7fca9d77e280,4/29(月) 7:17
gendaibiz,現代ビジネス,狂ったイラン政府はどう「人の尊厳」を奪うのか…ノーベル平和賞活動家が明かす受けた卑劣過ぎる「やり口」,https://news.yahoo.co.jp/articles/2be55fcbd1ed8c302b842457c223b085c7896d2d,4/29(月) 7:04
gendaibiz,現代ビジネス,台湾は「多様性国家」なのに対立が起こらない…その裏に隠された「地政学的」な理由,https://news.yahoo.co.jp/articles/a479a7472810733e893766a995f58aa451c128ae,4/29(月) 7:04
gendaibiz,現代ビジネス,「大統領が直接労働者を激励」!?… 日本人の想像をはるかに超えるアメリカの「ストライキの実態」,https://news.yahoo.co.jp/articles/4595a18aac41e351b0984d42d3f9bd4aa905ad2d,4/29(月) 7:04
gendaibiz,現代ビジネス,日本に「韓国人様のためのリゾート」…韓国資本が虎視眈々と狙うニセコの「韓国化」,https://news.yahoo.co.jp/articles/c50fd6777fc2c66158f361967d8aa9e755680aca,4/29(月) 7:04
gendaibiz,現代ビジネス,「血液を作る細胞は2個だけ…」ノーベル賞科学者・山中伸弥も衝撃を受けた「老衰の恐怖」,https://news.yahoo.co.jp/articles/7c098b04babe097bb13d51af71ed5426fbdf784a,4/29(月) 7:04
gendaibiz,現代ビジネス,内閣総理大臣の裏切り...過去「最恐」の春闘を牽引した国労がハマった恐ろしすぎる「ワナ」,https://news.yahoo.co.jp/articles/4a52984c428c33bf9d1cfe3a8e5a86ca07cc009a,4/29(月) 7:03
gendaibiz,現代ビジネス,本社の営業マンが背負う責任は「次元が違う」...解きほぐしてみてわかる、彼らの思いもよらない「チカラ」とは,https://news.yahoo.co.jp/articles/1519307771573b1cda0740b932b336330d4452b9,4/29(月) 7:03
gendaibiz,現代ビジネス,中森明菜と松田聖子は除外した「昭和の名曲」アンケートにあがった名曲【アイドル編】,https://news.yahoo.co.jp/articles/c18325db550099d7003190d0d11f0823ab2a6315,4/29(月) 7:03
gendaibiz,現代ビジネス,夫は週5日外泊、会社では「子持ち様」と揶揄…やつれた35歳母が覚悟したこと,https://news.yahoo.co.jp/articles/7bb6570c5b777994a23e0edf9da85b1d78df83bf,4/29(月) 7:03
gendaibiz,現代ビジネス,「京都はこわい？」NYから京都に移住した私が勧める“全然こわくない京都ひとり旅”,https://news.yahoo.co.jp/articles/a184b60b6be94ebcc3f21d790345b930ec2a55d0,4/29(月) 7:03
gendaibiz,現代ビジネス,長友佑都選手の専属シェフが教える超回復レシピ「揚げないチキン南蛮」の作り方,https://news.yahoo.co.jp/articles/2b6f9f0778791e42bdbc57b89b0450dffb3ad34b,4/29(月) 7:03
gendaibiz,現代ビジネス,「第3子以降に1000万円」で子どもは増えるか…政策通たちが動きはじめた「超・少子化対策」驚愕の中身,https://news.yahoo.co.jp/articles/ed7710c604f195e867513daf77113b284579a9ac,4/29(月) 7:03
gendaibiz,現代ビジネス,いまや「巨大産業」となったゲームをめぐる研究の「３つの領域」,https://news.yahoo.co.jp/articles/b07755d2ece84dc7aba3c90bb5eaecfac01e35f9,4/29(月) 7:03
gendaibiz,現代ビジネス,東京・大阪の「タワマン」は本当に大丈夫か、日本人が目を背ける「南海トラフ巨大地震」の恐怖,https://news.yahoo.co.jp/articles/684986b269b47145e81f18a12389c2d45f66e8a9,4/29(月) 7:03
gendaibiz,現代ビジネス,「スイング中、頭を動かすな！」という誤ったゴルフの教えと、その代わりに「じつは大切にしたほうが良いこと」,https://news.yahoo.co.jp/articles/0f9abc017a37c15b0634abc2ced108a2bb93f0ca,4/29(月) 7:03
gendaibiz,現代ビジネス,「原子」と「元素」は何が違うんだっけ…？大人も意外と知らない「決定的な違い」,https://news.yahoo.co.jp/articles/0c9fbbb8c21c8ceb337f4e5bb6346cf724f41de2,4/29(月) 7:03
gendaibiz,現代ビジネス,紀伊半島を襲った「南海トラフ巨大地震」と「大津波」、さらに翌年には「首都直下地震」…その衝撃的な「災害の様相」,https://news.yahoo.co.jp/articles/9d0a94ff5a763edb28b0d8e42a1c7a6c1f7a1dc9,4/29(月) 7:03
gendaibiz,現代ビジネス,自腹を切るのは当たり前…「地獄のビルマ」から帰還した日本軍兵士たちが、トラウマ残る「かつての戦場」に再び戻りたがったワケ,https://news.yahoo.co.jp/articles/21fd7ac74e44a6b165e2af22b861ef298759247f,4/29(月) 7:03
gendaibiz,現代ビジネス,充電タイムも重要…モーリタニアでの「灼熱地獄でのフィールドワーク」の過酷な様相,https://news.yahoo.co.jp/articles/6ee7e5297a9ade922225e185a4104a0426c29a62,4/29(月) 7:03
gendaibiz,現代ビジネス,「勉強できない人」と「勉強ができる人」の決定的な「考え方の差」,https://news.yahoo.co.jp/articles/3db17bc502e43f3fffc3bca96c234ac5eb4e3cc3,4/29(月) 6:52
gendaibiz,現代ビジネス,就寝中に「火災」に気づかず死亡…高齢の死者「8割が逃げ遅れ」という「深刻実態」,https://news.yahoo.co.jp/articles/1e043cf9b0eac8db035dc18254cdaa6628f23dbe,4/29(月) 6:47
gendaibiz,現代ビジネス,日本が「貧乏国」になった結果、自分を正当化する人が増えてしまった,https://news.yahoo.co.jp/articles/362e8757fff12d6bc7e8973908694a32a2b3aa50,4/29(月) 6:47
gendaibiz,現代ビジネス,多くの人が知らない「あまりに多い事故事例」…なんと「漢方降糖薬」で低血糖性昏睡の悲劇。じつは、純天然のはずなのに「処方薬でブースト」されていた,https://news.yahoo.co.jp/articles/fae34c158d82a1287ca01838ffc73f58796ad057,4/29(月) 6:43
gendaibiz,現代ビジネス,多くの人が知ったら驚く…想像以上に怖い「首都直下地震」が引き起こす「深刻すぎる被害」,https://news.yahoo.co.jp/articles/d781dfee126664cee13fb0856a0b72700045f68c,4/29(月) 6:18
gendaibiz,現代ビジネス,トヨタグループの研究～牽引力としての豊田通商、デンソー、豊田中央研究所,https://news.yahoo.co.jp/articles/f4f71edba0ef9a68e73f7f040a7f33934bdeff78,4/29(月) 6:04
gendaibiz,現代ビジネス,18年間特大弁当を作り続けて亜希が気づいた、母親は「言うまで待とう、ホトトギス」,https://news.yahoo.co.jp/articles/9b22725f6566e4eaaafcef4f3fcfa7baeccfc2c6,4/28(日) 17:02
gendaibiz,現代ビジネス,「国鉄」の悲惨すぎる大失敗...春闘を牽引した「労働組合」が圧勝した理由,https://news.yahoo.co.jp/articles/3ed08fb4602dcb1b516f89528f3aae98e6e3150a,4/28(日) 13:33
gendaibiz,現代ビジネス,「ウォーキング」だけしていても、残念ながら「寝たきり」を防ぐことはできない意外なワケ,https://news.yahoo.co.jp/articles/ddecf0e5acce653b8a8630766d30999ccc691946,4/28(日) 11:03
gendaibiz,現代ビジネス,中年太りは「代謝の低下」が原因ではない…！最新科学で分かった「老化」と「ダイエット」にまつわる内臓の話,https://news.yahoo.co.jp/articles/bc2959e7aadfa6d68f3c6bfb770929a25f9477eb,4/28(日) 11:03
gendaibiz,現代ビジネス,自己資金「1500万円」でパン屋を始めた、40代「元エリートサラリーマン」の末路…妻と子どもは消息不明、現在は廃業した,https://news.yahoo.co.jp/articles/02c40851e12e8607bfdd361d7e807ed207332688,4/28(日) 10:03
gendaibiz,現代ビジネス,じつは、社交的な性格は「腸内殺菌」がコントロールしていた…「快便」が人にもたらす、驚きの影響,https://news.yahoo.co.jp/articles/095ebf64fd7ced97afbd94fd76d93a6cd997cb34,4/28(日) 10:02
gendaibiz,現代ビジネス,「人材やシステムへの投資は当たり前」...大企業と中小企業の営業力に圧倒的差が生まれる「納得の理由」,https://news.yahoo.co.jp/articles/86f6c953cd1eb25183da1b5405d95f54adcd48dd,4/28(日) 9:19
gendaibiz,現代ビジネス,地元に残る“猥褻な風習”に大ショック…！「都会育ちの妻」を連れて地方移住した夫が大後悔した「本当の理由」,https://news.yahoo.co.jp/articles/1e8a13735bf8f97b6a93b5997741f40e7c56d637,4/28(日) 9:03
gendaibiz,現代ビジネス,Huluオリジナル「十角館の殺人」に出演した長濱ねるが作品の登場人物に共感したこと、しなかったこと,https://news.yahoo.co.jp/articles/e1c5d6aa486e1924fe536d90a9a5c4dedfd34679,4/28(日) 9:03
gendaibiz,現代ビジネス,「鎖でベッドに縛り付けろ！」…イラン政府による尋問で倒れた女性が病院で「医者」にされた残酷な仕打ち,https://news.yahoo.co.jp/articles/a71fc3bbcfc4bbce290cd0da8925654f794cafaa,4/28(日) 8:53
gendaibiz,現代ビジネス,多くの人が知らない、人生で「成功する人」と「失敗する人」の意外な違い,https://news.yahoo.co.jp/articles/d8bc04885e7581376deefc717bd83a1cf2f2fe3b,4/28(日) 8:33
gendaibiz,現代ビジネス,「誰も自分を理解してくれない」…多くの人が悩んでしまう「孤独との付き合い方」,https://news.yahoo.co.jp/articles/c3a286a513544d0a861613571cae6f0839548326,4/28(日) 8:18
gendaibiz,現代ビジネス,「先生はボクをトイレに押し込めて」…都内の公立中学で性加害事件を起こした教師が言い放った「衝撃の一言」,https://news.yahoo.co.jp/articles/3678e3a6a40e654fa44b151b0bb6a7aa05da427f,4/28(日) 8:03
gendaibiz,現代ビジネス,福田萌、在宅の夫と「まるでラグビーボールのやりとり」と話す「怒涛の三人育児」,https://news.yahoo.co.jp/articles/03c183ed8a3653625c52e588cbf6158538d37a73,4/28(日) 8:03
gendaibiz,現代ビジネス,ゴールドマンサックス元社員が暴露…エリートサラリーマンたちの凄まじい「ズルさ」と「選民意識」,https://news.yahoo.co.jp/articles/09db662e4fe8dc96a0244941b4366e98d41f5b12,4/28(日) 8:03
gendaibiz,現代ビジネス,「ヤバすぎるほど複雑なことをやっていた...」“元中日・走塁のスペシャリスト”が解説、プロ野球のベースコーチがコーチャーズボックスの外に出る「深すぎる理由」,https://news.yahoo.co.jp/articles/a7b48364118a7cad18fdf99f85c9df899f37f38d,4/28(日) 8:02
gendaibiz,現代ビジネス,もはや人間は不要なのか…？人工知能が急速に発展する時代に考える、AIにはできない「人間だけが持つ能力」,https://news.yahoo.co.jp/articles/84e41764ad8de5db4eab16a6696446462c2814f6,4/28(日) 7:33
gendaibiz,現代ビジネス,日ハムの「値下げ要求」を突っぱねて「値上げ」した…？札幌ドーム叩きの「勘違い」と「嘘」を暴く！,https://news.yahoo.co.jp/articles/a343690e6d3fb293f6c9055defbd20340011872c,4/28(日) 7:33
gendaibiz,現代ビジネス,このままでは「未来の天皇」の立場が危ぶまれる…宮内庁と元警視総監が本気で動き出した、紀子さま「包囲網」大作戦,https://news.yahoo.co.jp/articles/e4ffcc9aa70d976f08eea5a3502506717b3b2e28,4/28(日) 7:33
gendaibiz,現代ビジネス,性欲が強かったもので…「パパ活不倫辞職」宮沢博行氏の実母が明かした「息子が童貞だった頃」,https://news.yahoo.co.jp/articles/aa4682c2a0e5afc815a87468ad34a5d77f4a83b2,4/28(日) 7:33
gendaibiz,現代ビジネス,子供の「知的能力」は親との「日常会話」で決まる…「生まれ」と「知性」の残酷すぎる関係,https://news.yahoo.co.jp/articles/2659b11002df6d658764b876692bebe3f8b1e5bd,4/28(日) 7:33
gendaibiz,現代ビジネス,どんな企業でも起きる「上層部になるほど無能だらけになるワケ」,https://news.yahoo.co.jp/articles/dd4a2e902c35392b724b5fe008968055fb15e5c4,4/28(日) 7:33
gendaibiz,現代ビジネス,“焚書”とさえ話題になった『トランスジェンダーになりたい少女たち』を性同一性障害治療の第一人者が解説,https://news.yahoo.co.jp/articles/b0bb3fe05b3c4e14079ce7e42aa1c551617b7c45,4/28(日) 7:33
gendaibiz,現代ビジネス,「国辱映画」と罵られて…『007は二度死ぬ』エピソードに見る日本とイギリスの温度差,https://news.yahoo.co.jp/articles/a67120b990bc0efbe11b7c666ee3604a939104c5,4/28(日) 7:04
gendaibiz,現代ビジネス,「移民」や「LGBTQ＋」日本に迫りくる“多様性の波”…「多国籍国家」台湾から学ぶ共存するための秘訣,https://news.yahoo.co.jp/articles/1c0609fd9a135dbc2d7690f6c02e77ce37ebaa64,4/28(日) 7:04
gendaibiz,現代ビジネス,「ここは日本であって日本ではない…」外国資本がカネの力で「乗っ取った」日本の伝統的な街並み,https://news.yahoo.co.jp/articles/6c0e8dec79b67a71abaa02f5dffc92f674782144,4/28(日) 7:04
gendaibiz,現代ビジネス,地球温暖化を信じない「共和党」支持者たち…政治思想による断絶間近の「アメリカの現状」,https://news.yahoo.co.jp/articles/b9089ab68a3410412d808871ed843426c1b64bdd,4/28(日) 7:04
gendaibiz,現代ビジネス,じつは、「その場しのぎばかり」…永世七冠・羽生善治の“意外過ぎる告白”と「いい加減さ」がもたらす絶大な効果,https://news.yahoo.co.jp/articles/b7799d37f022969e275ac340965a31816d002db0,4/28(日) 7:03
gendaibiz,現代ビジネス,「京都、こわくない？」長年暮らしたNYから縁もゆかりもない京都に移住した理由,https://news.yahoo.co.jp/articles/46ef30a519e08ecc25c9dc37e5215ffe7a401851,4/28(日) 7:03
gendaibiz,現代ビジネス,長友佑都選手も大好物！専属シェフの超回復レシピ「カリカリ塩麹から揚げ」の作り方,https://news.yahoo.co.jp/articles/6725f3957ccdcfcfb62887eaefd7a8e4b56eb55a,4/28(日) 7:03
gendaibiz,現代ビジネス,亜希の”ふたはのせるだけ”特大弁当作り続けた「山あり谷あり」18年、息子ふたりの成長記録,https://news.yahoo.co.jp/articles/609851fb97ee6b079c2c2c09af0889a65e98e5fe,4/28(日) 7:03
gendaibiz,現代ビジネス,４歳児が親に向かって「バカ！」叱るはずが…母の思考を停止させた「息子の一言」,https://news.yahoo.co.jp/articles/32d2207e5f619caba0b4bdce3c80921394c47639,4/28(日) 7:03
gendaibiz,現代ビジネス,インドネシアに敗れた韓国が「戦犯探し」に躍起になる前に直視しなければならない「現実」,https://news.yahoo.co.jp/articles/cd2e872337c9d09d997fdd744fffe2d12838be97,4/28(日) 7:03
gendaibiz,現代ビジネス,ここにきて圧倒的に性能が上がっている「自動翻訳機」は海外旅行で本当に使えるのか、その答え,https://news.yahoo.co.jp/articles/6c834dd0d2bbc65283a818af108c43330a6d26f2,4/28(日) 7:03
gendaibiz,現代ビジネス,肩甲骨まわりが硬くなった「シニアゴルファー」はマネしないほうがいい「トッププロのスイング方法」,https://news.yahoo.co.jp/articles/7ff2bbaf6a31f0ed78494cecbb30615bb3f8476d,4/28(日) 7:03
gendaibiz,現代ビジネス,「原子は最小単位じゃない」ってみんな知っているのに…学校で「素粒子」を教わらない「意外な理由」,https://news.yahoo.co.jp/articles/df9df7f8732f4b1ecc066da8b332fd9acd6e402c,4/28(日) 7:03
gendaibiz,現代ビジネス,巨大地震は一度で終わらないかもしれない…「南海トラフ巨大地震」の「激しすぎる揺れ」の想定,https://news.yahoo.co.jp/articles/2f8f0a6d65251e76d2f711be4ce75f17b19e3779,4/28(日) 7:03
gendaibiz,現代ビジネス,モーリタニアで「バッタのカップル」に嫉妬した研究者が、ふと気づいた「重大な疑問」,https://news.yahoo.co.jp/articles/f8fb75bd025439fad606ff20d63b634b3cc73df9,4/28(日) 7:03
gendaibiz,現代ビジネス,「戦死せんと、村の者に顔向けならん」…「地獄のビルマ」を生き抜いた日本軍兵士は、なぜ家族からも疎まれて居場所を失ったのか,https://news.yahoo.co.jp/articles/5aa8ff3ee87cce7b5e018f6307c704c7c77b4b2d,4/28(日) 7:03
gendaibiz,現代ビジネス,「南海トラフ巨大地震」で大ダメージ…この国は本当に「国民の命」を守れるか,https://news.yahoo.co.jp/articles/f8e285cd7ba0dcb73162da9bd7673d3fd7592901,4/28(日) 6:48
gendaibiz,現代ビジネス,動物園や水族館、音楽鑑賞にも「世帯年収による格差」が生じている「厳しい実態」,https://news.yahoo.co.jp/articles/346665726429a5a8eadb8b4d275ecc380a670cb6,4/28(日) 6:47
gendaibiz,現代ビジネス,「自分はこんなに優秀なのに…」日本社会で根強い「平等幻想」が生み出す「大きな不満」,https://news.yahoo.co.jp/articles/8bcdc8c1523d5340961c67e3fb76300ddde36a55,4/28(日) 6:47
gendaibiz,現代ビジネス,死者が最も多く出る…意外と知らない、巨大地震が「冬に起きている」シンプルな理由,https://news.yahoo.co.jp/articles/4eb2babb4578c4c18efd669901360e02cedd5a31,4/28(日) 6:13
gendaibiz,現代ビジネス,アメリカが「ほぼトラ」になりそうな重大理由～バイデンを苛む「反トランプ」の寛容政策と不法移民急増・治安悪化のジレンマ,https://news.yahoo.co.jp/articles/6118383f2fb7a2757f3206d4c32b860b9c6d4d76,4/28(日) 6:04
gendaibiz,現代ビジネス,意外と知らない、他人の言動が気になって身動きが取れなくなる人の「心労の正体」,https://news.yahoo.co.jp/articles/c4a1ee7a96d67e241462bccacb06a4bfffe1624c,4/27(土) 22:03
gendaibiz,現代ビジネス,長友佑都選手の専属シェフが教える超回復レシピ「スタミナ豚しょうが焼き」の作り方,https://news.yahoo.co.jp/articles/266b04952118f9ed5cffdabdfc111117ee85ad50,4/27(土) 11:03
gendaibiz,現代ビジネス,定年で仕事をやめるのはもったいない…世界の研究でわかった「生涯現役」で働くことの大きなメリット,https://news.yahoo.co.jp/articles/a9d382ba16f7a2e6c1a0bf3a5b421a1c7caf5ff7,4/27(土) 11:03
gendaibiz,現代ビジネス,年収800万円の「エリートのサラリーマン」が、脱サラして「パン屋」になったら“思わぬ地獄”が待っていた…！,https://news.yahoo.co.jp/articles/97ec835abbb4204539f400305fad69bdcf6df5c6,4/27(土) 10:03
gendaibiz,現代ビジネス,「浮くうんち」と「沈むうんち」ではどっちが健康？…最新科学で判明した「便」「ガス」「腸」の“意外な関係”,https://news.yahoo.co.jp/articles/b9569788f93d1c91564f268eb425105159a26b61,4/27(土) 10:03
gendaibiz,現代ビジネス,「マスター」と呼ばれる尋問官に夜通し…イラン政府が「無実の女性活動家」にした「衝撃の拷問」,https://news.yahoo.co.jp/articles/842b25b463f4af8169c455c9abd89b3bb85ce8a5,4/27(土) 9:03
gendaibiz,現代ビジネス,「てめぇ、根性いれろや」マイルドヤンキーの文化に、地方移住した「都会育ちの妻」が大ショック…思わず驚愕した「衝撃の光景」,https://news.yahoo.co.jp/articles/0a936dbd7d4c696498d2e631f4b06038f489d93e,4/27(土) 9:03
gendaibiz,現代ビジネス,めるる、松下洸平、杉咲花…偶然か必然か「春ドラマ」で“記憶喪失”が被りまくった「シビアな事情」,https://news.yahoo.co.jp/articles/294fd75acd171e28b8edc722b3c47d0bf0186619,4/27(土) 9:03
gendaibiz,現代ビジネス,昭和10年女子は本当に「ビールを飲んでいた」のか…朝ドラ『虎に翼』の根幹につながる「違和感」,https://news.yahoo.co.jp/articles/3f7838613cba09c314c67667d21f40e034684fb2,4/27(土) 9:02
gendaibiz,現代ビジネス,「これはもう禁断としか...」えなこの《過激すぎる１枚》にファン「シースルーがやばい」「めっちゃ色っぽい」と激しく動揺,https://news.yahoo.co.jp/articles/fc7153bff4bbe86d6b7bd8863c27baea5aee04e0,4/27(土) 8:33
gendaibiz,現代ビジネス,３回目の結婚記念日！ バービーが「夫からのサプライズ」を受けて気づいたこと,https://news.yahoo.co.jp/articles/67cc4b5f8b3182cd8823ab97004e2e1605160d3b,4/27(土) 8:03
gendaibiz,現代ビジネス,元ボクシング世界王者・亀田興毅、新しい環境が苦手で中学に通えなくなった「内弁慶」の過去,https://news.yahoo.co.jp/articles/a1acf618d5737a9a2570ee34ad959d38e5a8ea94,4/27(土) 8:03
gendaibiz,現代ビジネス,井上尚弥のボディを喰らったら「間違いなく沈む」…日本を騒がす悪童ネリを難なく“退治”する「納得の予想」,https://news.yahoo.co.jp/articles/9efa657831715891392b8db09fabca1385bcdd01,4/27(土) 8:03
gendaibiz,現代ビジネス,「スタイルが良すぎて...」「なんちゅう色気か...」菜々緒、世界的ブランドの新衣装姿にショットに「モデルの完成系」絶賛集まる...！！,https://news.yahoo.co.jp/articles/ebf5425403822407162f25f8f0571de888bcc414,4/27(土) 8:03
gendaibiz,現代ビジネス,妻の裏切りがハンパなかった…！不倫とコンプラの意外な関係と、会社の同僚に「妻を奪われた夫」が踏み切った「覚悟の内部告発」、その一部始終,https://news.yahoo.co.jp/articles/345fae76a2ef92a4364a2b4c08034e3d88ab9987,4/27(土) 8:03
gendaibiz,現代ビジネス,じつは、思ったより深刻化していた「異常気象」の恐怖,https://news.yahoo.co.jp/articles/487064ca17815dea3e58ea429c88a691b6e2a1c9,4/27(土) 8:03
gendaibiz,現代ビジネス,部下の仕事になんでも口出ししてしまう上司の「失敗」の正体,https://news.yahoo.co.jp/articles/e50aeb1be197dbfde38683f926128cf8bdc21587,4/27(土) 8:03
gendaibiz,現代ビジネス,「9割以上が赤字」の衝撃…「路線バス事業者」が直面している「厳しすぎる現実」,https://news.yahoo.co.jp/articles/5286b0d962b9359fd8e4e9522e9fc2e6f259909e,4/27(土) 8:03
gendaibiz,現代ビジネス,自民党「３戦全敗」なら岸田首相は絶体絶命か…東京・長崎・島根の「３補選」を占う,https://news.yahoo.co.jp/articles/3719bc00b9879b67ec4c1bb75068787adc3f363c,4/27(土) 8:03
gendaibiz,現代ビジネス,実力主義のウソ…ゴールドマンサックスNY本社が実績ある社員を「クビ」にした「まさかの理由」,https://news.yahoo.co.jp/articles/6a450a0d39a726ef2711e77bc60781c334390fd6,4/27(土) 8:03
gendaibiz,現代ビジネス,宮沢博行前防衛副大臣の実母が告白…パパ活不倫で辞職した「息子への思い」,https://news.yahoo.co.jp/articles/91d1cb3990d0cd90ed3184a40d1bd00547258b55,4/27(土) 7:33
gendaibiz,現代ビジネス,「魔力ともいうべき特殊な政治力を感じた…」読売主筆・渡辺恒雄氏が分析していた、政界で権力を保持し続けるための「必須条件」《『自民党と派閥』緊急復刊》,https://news.yahoo.co.jp/articles/7be60db817fb24547bbad7f82f4f6a1cbfc4a201,4/27(土) 7:33
gendaibiz,現代ビジネス,約3億円のギャラで出演！　丹波哲郎の豪快エピソードから見る『007は二度死ぬ』裏話,https://news.yahoo.co.jp/articles/b0b55da43c3241c4ed0a2c76ca81eabf85bf7756,4/27(土) 7:04
gendaibiz,現代ビジネス,オードリー・タン「私にとってAIは脅威ではない」…断言の根拠となった天才の思考法とは？,https://news.yahoo.co.jp/articles/2df570116775491b8bbabf7f0a83714e0a4a2e40,4/27(土) 7:04
gendaibiz,現代ビジネス,コンビニに「ドンペリ」外国資本に“占拠”された日本のリゾート地・ニセコの法外すぎる物価,https://news.yahoo.co.jp/articles/5d48873504ebd2ac78d195e8c64fcb136936a0f0,4/27(土) 7:04
gendaibiz,現代ビジネス,筋肉が気持ちよくゆるむ「レフ筋トレ」　クロス腹筋で腹直筋と腹斜筋を鍛える！,https://news.yahoo.co.jp/articles/97ff41c29d8c9638e9379e1ecea1913212744cc4,4/27(土) 7:04
gendaibiz,現代ビジネス,国際機関が警鐘を鳴らす「大絶滅時代」…全世界で最大「三十億人」が失われる未来がヤバすぎる,https://news.yahoo.co.jp/articles/b43fc850e56a877cda3e3e226b097bfe9a84256f,4/27(土) 7:04
gendaibiz,現代ビジネス,日本がアメリカに負ける原因の正体は、自らが作り出す「死の谷」だった…天才科学者・山中伸弥が語る、日本が抱えるヤバすぎる「弱点」,https://news.yahoo.co.jp/articles/00b3bb15433c10f42bd3d4a859c1754f5d057618,4/27(土) 7:04
gendaibiz,現代ビジネス,国鉄の転落は「新幹線建設」から始まった…国鉄が終わりのない借金地獄に陥ったワケ,https://news.yahoo.co.jp/articles/05823d2e99a521200c1864553344711bbef32daf,4/27(土) 7:04
gendaibiz,現代ビジネス,日本のサラリーマンの最大の武器は「会社での教育」…？　あなたも無意識のうちに身につけている社長に必要な「チカラ」の正体,https://news.yahoo.co.jp/articles/6f496ecbe39926262d8a0fa71691a217aca1e452,4/27(土) 7:04
gendaibiz,現代ビジネス,余裕があった頃の施しがアダに！大藪春彦賞作家が浅草寺の喫煙所で女性ホームレスのつきまといから逃げ続ける「納得の理由」【「鶯谷」第二十話#1】,https://news.yahoo.co.jp/articles/faa93813faf068cd4b161bc53509c05f982ac33e,4/27(土) 7:04
gendaibiz,現代ビジネス,車内温度は簡単に40度超え！ペット車内放置の危険性…「熱中症」犬の死亡率は約5割の現実,https://news.yahoo.co.jp/articles/91e2bd7bc05cf46831e5d9e2395369cfe0b96c4d,4/27(土) 7:04
gendaibiz,現代ビジネス,「銃向けられるよ」ミュージシャンSUGIZOが難民支援を続ける中で衝撃を受けたこと,https://news.yahoo.co.jp/articles/ca47ee2b234e780c5c7631ce5bbe6bcae4a28031,4/27(土) 7:04
gendaibiz,現代ビジネス,たったこれだけ？ 超簡単なのに効果テキメン 「下腹ぽっこり解消」ストレッチ,https://news.yahoo.co.jp/articles/63affd932629920e02fbc0411ec400ae70d314f5,4/27(土) 7:04
gendaibiz,現代ビジネス,じつは「イラン危機」は「米国株の買い場」だと言える「納得のワケ」,https://news.yahoo.co.jp/articles/60379296df7e5cf6543528f78646fa7b3d48289f,4/27(土) 7:04
gendaibiz,現代ビジネス,太平洋戦争のさなか、「オーストラリアの捕虜収容所」で蜂起した「日本の軍人たち」の壮絶な体験,https://news.yahoo.co.jp/articles/010aeadd4956451a40fd9938616797b41a490694,4/27(土) 7:04
gendaibiz,現代ビジネス,人気の「住宅ローン変動金利」が老後の足かせに…「おやめなさい」と荻原博子が断言するワケ,https://news.yahoo.co.jp/articles/aeaa6171f7eb41e5bd3e6d788b23aa30ac85c4e2,4/27(土) 7:04
gendaibiz,現代ビジネス,ひとりの男の「逆転の発想」で世界はひっくりかえった…「未開人」の思考法こそが最高だと言える「驚きの理由」,https://news.yahoo.co.jp/articles/397513405b5850772ed8b98b7e570fff160a621c,4/27(土) 7:04
gendaibiz,現代ビジネス,20世紀「最高」の天才学者は「ダメ人間」だった…愛車シトロエンで事故って自暴自棄になった「仰天エピソード」,https://news.yahoo.co.jp/articles/9f600e3df06cddb976e81b57b6f410b83c6913c6,4/27(土) 7:04
gendaibiz,現代ビジネス,昏睡状態だった大学教授を救った、必殺仕事人ウイルスをからだの中にぶち込んで細菌を壊滅させるという究極の治療法とは,https://news.yahoo.co.jp/articles/ba8b25fb65e04697c3d4f54edb64780117cdfac4,4/27(土) 7:04
gendaibiz,現代ビジネス,せっかく穏やかな「死」を迎えた78歳女性を、わざわざ「蘇生」させるために行われた「非人間的な医療行為」,https://news.yahoo.co.jp/articles/55770eb1f1e64a17c09d946e171162a305501d55,4/27(土) 7:03
gendaibiz,現代ビジネス,そのまま逝かせてあげれば…「超高齢者」が倒れたとき、「救急車」を呼んでしまうと起こる「誰も得しない事態」,https://news.yahoo.co.jp/articles/17770842dacf13a24edba161f9af17a5cc8148d2,4/27(土) 7:03
gendaibiz,現代ビジネス,多くの人の「死」を見届けてきた医師が教える、上手な「最期」を迎えるために「準備しておくべきこと」,https://news.yahoo.co.jp/articles/6470546d7e78006efa69712f8d84274f7fcec75f,4/27(土) 7:03
gendaibiz,現代ビジネス,「死」をどこで迎えるか？ 間違えると、「悲惨な最期」が待っている,https://news.yahoo.co.jp/articles/30257d7d444fdbf5e5d82e0134a7f93fd448c553,4/27(土) 7:03
gendaibiz,現代ビジネス,生きたまま身体が腐っていくくらいなら、と「脳死」患者の気管チューブを抜いた瞬間起こった「予想外の事態」,https://news.yahoo.co.jp/articles/9cbe7569702a9ac83e7160baffa03fd1a39ef869,4/27(土) 7:03
gendaibiz,現代ビジネス,家で面倒を見きれない「高齢者」を次々と殺した…「死の天使」を自称し、42人を殺した「4人の看護師」,https://news.yahoo.co.jp/articles/fa12bb9c054615d63983b763ae116bab756abacd,4/27(土) 7:03
gendaibiz,現代ビジネス,30代患者の妻が泣き崩れた…不用意な「がん告知」をしてしまって起きた「予想外の事態」,https://news.yahoo.co.jp/articles/5d7266e73a8bac802feabab46a6010b63e4aa2e1,4/27(土) 7:03
gendaibiz,現代ビジネス,がんが治らなくても、「死ぬ」とは限らない…「がんとの共存」という新しい生存戦略,https://news.yahoo.co.jp/articles/65604d93e3ff62d7d8a627a9886e8a912c9adcdf,4/27(土) 7:03
gendaibiz,現代ビジネス,「死」の少し前に起こること…医者に「余命」を告げられたとき、知っておいたほうがよい「意外な事実」,https://news.yahoo.co.jp/articles/ef703b5db32b378e46dcd333eee3ebb3127ce144,4/27(土) 7:03
gendaibiz,現代ビジネス,じつは「老衰死」は悲惨…医師たちが「死ぬなら、がん」と口を揃えて言う「意外なワケ」,https://news.yahoo.co.jp/articles/c4cc4cec40294f8014ddb329427b2df9230621c3,4/27(土) 7:03
gendaibiz,現代ビジネス,73歳の「死に方の達人」が見せてくれた、見事すぎる「死にざま」,https://news.yahoo.co.jp/articles/9a2263e052dbbea63db58c7e243f1db87ffd9363,4/27(土) 7:03
gendaibiz,現代ビジネス,親と子の遺伝子はけっこう違う！…生物学者が明かす、子どもを「生き残っていけるヒト」に育てる「意外な方法」,https://news.yahoo.co.jp/articles/245bbc47210cf5cd2aed10141476a302471218eb,4/27(土) 7:03
gendaibiz,現代ビジネス,高齢者たちの悲惨な「後悔と絶望」…メディアが絶対に報じない「老い」と「死」の不愉快な真実,https://news.yahoo.co.jp/articles/bc11f58491930c6d3f4e0e40e109e2c14b3188ce,4/27(土) 7:03
gendaibiz,現代ビジネス,「死」の瞬間はこんな感じ…「死に目に会う」よりも、じつは「はるかに大事なこと」がある,https://news.yahoo.co.jp/articles/11a2f927683a9a86594173a78c04317190216bc8,4/27(土) 7:03
gendaibiz,現代ビジネス,「もう頑張らんでええで」…すい臓がんになった76歳妻に夫がかけた「意外な言葉」と「そのワケ」,https://news.yahoo.co.jp/articles/d17fce033a9898853818e015f16588b6cbb62e70,4/27(土) 7:03
gendaibiz,現代ビジネス,突然、看護師が「遺体の肛門」に指を突っ込んで…人が「死んだあと」に起こる「意外なやりとり」,https://news.yahoo.co.jp/articles/0691d11928725fe8c5582cac3b5cc50d552b156a,4/27(土) 7:03
gendaibiz,現代ビジネス,人はどう死ぬのか…医師が明かす「ご臨終」に至るまでの一部始終,https://news.yahoo.co.jp/articles/ecc510c12cfedbe59f295071c06c88fc09d0978f,4/27(土) 7:03
gendaibiz,現代ビジネス,最近、流行っているが「シニアゴルファー」は今すぐ止めたほうがいい「バックスイング」のやりかた,https://news.yahoo.co.jp/articles/fbd56677b0db0c11f93d4df8fd64ba0bac89d462,4/27(土) 7:03
gendaibiz,現代ビジネス,そもそも、この世界は何からできているのか…2000年以上に及ぶ大論争の末、ついに人類が気づいた「意外すぎる答え」,https://news.yahoo.co.jp/articles/6af0048a56130f326d8b705dea49af5659dd21ad,4/27(土) 7:03
gendaibiz,現代ビジネス,「麻生・トランプ会談」通訳なしで1時間…「もしトラ」を見据え、麻生が目論む「ある打算」,https://news.yahoo.co.jp/articles/16a0f92f00b1b6ac4feae84b10f1e87b229d7b18,4/27(土) 7:03
gendaibiz,現代ビジネス,「バッタの研究者」が「世界有数のバッタの発生源」で目にした「あまりにも衝撃的な光景」,https://news.yahoo.co.jp/articles/46ef8ef6aaeb9bad8fc2f9827edbd5d177c9eaf4,4/27(土) 7:03
gendaibiz,現代ビジネス,「俺が立浪を救わないといけない」...監督と一蓮托生を誓う男の「漢気発言」,https://news.yahoo.co.jp/articles/855db67614d3d0e14600cc926891f688c388cde8,4/27(土) 7:03
gendaibiz,現代ビジネス,ジャワは天国、ビルマは地獄、生きて帰れぬニューギニア…日本軍兵士が、「死んだら靖国神社には行きたくない」と懇願した理由,https://news.yahoo.co.jp/articles/f3c199a86501d059552edf60b432584c6f771b60,4/27(土) 7:03
gendaibiz,現代ビジネス,お金があまりかからない「近所のお祭り」にすら「格差」が生まれている「意外な現実」,https://news.yahoo.co.jp/articles/b156bf93528cdb9609b8a97612dfd2e294e7622a,4/27(土) 6:48
gendaibiz,現代ビジネス,巨大地震が高齢者たちを襲うとき…絶対に知っておきたい「命を守るためにやるべきこと」,https://news.yahoo.co.jp/articles/2c10f245b4c4b47c26acc7f236b0bc2675688e33,4/27(土) 6:48
gendaibiz,現代ビジネス,「嫌な奴ほど成功する」はやっぱり本当か…部下を退職させても「無責任な上司」の正体,https://news.yahoo.co.jp/articles/714065715558d181992b379151c4baa477bf72a2,4/27(土) 6:48
gendaibiz,現代ビジネス,まさに「日本列島をグイグイ押している」…！南部フォッサマグナ形成を肌で感じられる「めちゃ有名な2つのスポット」,https://news.yahoo.co.jp/articles/e29425fdb1ce7f7faf70dc32c739c26ffdc2c514,4/27(土) 6:33
gendaibiz,現代ビジネス,多くの日本企業で「仕事のための仕事」が量産されるワケ,https://news.yahoo.co.jp/articles/610aa1cff9d839a2913857db5b25d1130cef0cdf,4/27(土) 6:19
gendaibiz,現代ビジネス,知ったら全員驚く…「日本のローカル線」のヤバすぎる赤字額,https://news.yahoo.co.jp/articles/da03989aaf7d891bc297fa3aa211d6e4091cf1e3,4/27(土) 6:19
gendaibiz,現代ビジネス,中国の実態は大経済都市「魔都」上海の凋落にすべてが表れている,https://news.yahoo.co.jp/articles/9285a6836953ad031e1fb0a941150fefbfd2bf17,4/27(土) 6:04
gendaibiz,現代ビジネス,衆院補選東京15区のカオス、これが自公連立終焉後の日本政治の見取り図だ,https://news.yahoo.co.jp/articles/73155a909d297f3a3500f5c15702593c2777284b,4/27(土) 6:04
gendaibiz,現代ビジネス,お笑い芸人・パンサー向井がラジオにかける思い。38歳、今の自分に喋れることって何だろう？,https://news.yahoo.co.jp/articles/fc663342a3f4cf0c306d83fb2a5e90b9995bd6cb,4/26(金) 18:03
gendaibiz,現代ビジネス,「あなたがいたから私は変われました」私がダウン症のある娘のことを話す理由,https://news.yahoo.co.jp/articles/bafa4cef4fa26f4229ac2e635dde381292228964,4/26(金) 17:03
gendaibiz,現代ビジネス,ほぼ100％再生できる野菜でボリュームも！飛田和緒もはまる再生栽培料理,https://news.yahoo.co.jp/articles/d90189889cfc7cf7a7961a9fc06cbf6497423fd6,4/26(金) 17:03
gendaibiz,現代ビジネス,「監督のために野球をやるわけじゃない」…立浪中日を変えたチームリーダーの「アツすぎる一言」,https://news.yahoo.co.jp/articles/1944e534866798eac770f2f9ddc931e81fdb42b1,4/26(金) 17:03
gendaibiz,現代ビジネス,「日本一のモテ男」吉行淳之介は理解っていた、超シンプル「モテるために必要なこと」,https://news.yahoo.co.jp/articles/4d4af2d0f5734b32646ce8a7a8a6e8dd9060b66e,4/26(金) 15:03
gendaibiz,現代ビジネス,敢えて問う、駅は本当に「電車に乗るための場所」でいいのだろうか,https://news.yahoo.co.jp/articles/1c5b5df9f701713af25d1c0258ea7d051bd24bb7,4/26(金) 13:02
gendaibiz,現代ビジネス,意外と多い、優秀な人が「無能な上司」になってしまう「シンプルな理由」,https://news.yahoo.co.jp/articles/716037e80b939d52a63b111047c00ed6089c79d8,4/26(金) 12:33
gendaibiz,現代ビジネス,本のデザインのお仕事って超多忙！？　『休むヒント。』の装丁を手掛けた人気デザイナーに「休むヒント」を聞いてみた！,https://news.yahoo.co.jp/articles/0bbdbd960f68bf264585c87c9d54661a833b9ef4,4/26(金) 12:03
gendaibiz,現代ビジネス,“プライベートな問題”のせいで「仕事のミス」を連発する30代の男性が、会社の業務指示を「拒絶」したまさかの理由,https://news.yahoo.co.jp/articles/a3244e369727d7c5e5a35f1be1b731e049264a14,4/26(金) 12:03
gendaibiz,現代ビジネス,こんな破壊力のある「ポニテ姿」ある...？美少女の名を欲しいままにする齋藤飛鳥さんのイベントでのショットに「マジで天使」の声続く,https://news.yahoo.co.jp/articles/5250539312da7906366a9428cbcbcf70e2ef2181,4/26(金) 9:18
gendaibiz,現代ビジネス,「こんなに美人で笑顔が似合う人間いるのか...」“めるる”こと生見愛瑠、花々に囲まれた一枚にファンから「来週まで待ちきれない！」の声続々！,https://news.yahoo.co.jp/articles/e4f13e8d600f588c047c7d1521b42a8085e07d52,4/26(金) 8:33
gendaibiz,現代ビジネス,迷惑をかけても絶対謝らない…職場を壊す「自分だけは悪いと思わない人たち」の頭の中,https://news.yahoo.co.jp/articles/dfe684e3654d0a004e2aa5239b9e217c043dd103,4/26(金) 8:33
gendaibiz,現代ビジネス,二人の女児の遺体が発見された福岡県「飯塚事件」…久間三千年の死刑判決を巡る、警察・弁護団のせめぎ合いと予想外の結末,https://news.yahoo.co.jp/articles/1385cf3d6f57f714eb4433b8e144b1f934afa6eb,4/26(金) 8:03
gendaibiz,現代ビジネス,子どもへの愛が爆発した母がついやってしまい…寝不足になった日の話,https://news.yahoo.co.jp/articles/f138e5c41ac88181ef57be691e5a6ee7f7656de9,4/26(金) 8:03
gendaibiz,現代ビジネス,「妻の心を奪ったのは会社の同僚でした」…妻と同僚の裏切りのはてに、「公益通報」は可能なのか？…38歳技術職の社員が踏み切った「苦渋の決断」,https://news.yahoo.co.jp/articles/dbec6374d0041a40be172e49d05fd1e6d91d0e37,4/26(金) 8:03
gendaibiz,現代ビジネス,健康的な生活をしてきても避けられない“老化の現実”…長生きすると体に生じる「異変」,https://news.yahoo.co.jp/articles/68cb496aec9320e6db51b031fa25fe5e51076ddd,4/26(金) 8:03
gendaibiz,現代ビジネス,元サッカー日本代表・播戸竜二の「意外なセカンドキャリア」…ベンチャー企業に参画しても結果を出せたワケ,https://news.yahoo.co.jp/articles/92695745eb0c00a018960acf3755e9363d78c94e,4/26(金) 8:03
gendaibiz,現代ビジネス,利回りだけで判断するのは危険すぎる！ 「絶対に手を出してはいけない」高配当銘柄の特徴,https://news.yahoo.co.jp/articles/2297763835a7c483138f1c7b4724a62ee4b280a6,4/26(金) 8:03
gendaibiz,現代ビジネス,こんなことになるとは思わなかった…嘘をついて交際を始めた女性が悲鳴を上げた「納得の理由」,https://news.yahoo.co.jp/articles/a1cbb2ff5d44f3174a3ed8256e230f81cc785b9b,4/26(金) 8:03
gendaibiz,現代ビジネス,意外と知らない、2040年「東京と大阪で3割が高齢者になる」という厳しい現実,https://news.yahoo.co.jp/articles/57562b902148bbe50948db8da45652a1a97391c5,4/26(金) 8:02
gendaibiz,現代ビジネス,読売主筆・渡辺恒雄氏が現役政治記者時代に見た「最も悲劇的な光景」〈薄暗くなったホテルの一室で老人が、顔をくしゃくしゃにして泣いていた…〉《『自民党と派閥』緊急復刊》,https://news.yahoo.co.jp/articles/1245c0dd9332e5e564952193d286b4ea99112010,4/26(金) 7:33
gendaibiz,現代ビジネス,名作ドラマ『あぶない刑事』が“人気再燃”で、いま「令和の若者たち」にも“爆ウケ”しているワケ…！,https://news.yahoo.co.jp/articles/cc8729049ab4a47af58d3faff23f95a843b4198a,4/26(金) 7:33
gendaibiz,現代ビジネス,女性社員の「枕営業」を噂する男性たち…NYゴールドマンサックス元社員が暴露する「息の詰まりそうな日々」,https://news.yahoo.co.jp/articles/18023358d7358928b5a90ae533050f1992ebcdae,4/26(金) 7:33
gendaibiz,現代ビジネス,デキる営業マンは知っている！商談で勝つのは「型」と「個性」どちらを優先する人材か,https://news.yahoo.co.jp/articles/71275ab51f9d5450fbb28acf90b11870d9681c44,4/26(金) 7:18
gendaibiz,現代ビジネス,一棟「5億円超」中国人富裕層に爆売れし続けている「日本人お断り」高級別荘の衝撃の実態,https://news.yahoo.co.jp/articles/98162b269b4005b13436cb1fba3e73f1d466140c,4/26(金) 7:05
gendaibiz,現代ビジネス,その不調、実は筋トレが原因かも……運動科学の第一人者が解説する「ラフな筋トレ」の決定的デメリット,https://news.yahoo.co.jp/articles/c7bd09b01b5755ca9a2eb0e05bafc7a6a5e8844c,4/26(金) 7:05
gendaibiz,現代ビジネス,炊き出しに並ぶ親子を尻目に4000万の高級車を買う富裕層…統計が明らかにする日本の「格差」の真実,https://news.yahoo.co.jp/articles/34f79bf007ff8bcd41e9541c93328471ea1fe8b3,4/26(金) 7:05
gendaibiz,現代ビジネス,「金メダルを取っても意味がない」…天才科学者・山中伸弥が語る、日本特有の“風潮”が及ぼす科学への「痛すぎる影響」,https://news.yahoo.co.jp/articles/2173df2b084bd6ba226c266f7a8c7dac69780cd6,4/26(金) 7:05
gendaibiz,現代ビジネス,「無能なベテラン」…そのレッテルは本人のスキルに全く関係がなかった…！　いま企業が陥っている「ヤバすぎるサイクル」,https://news.yahoo.co.jp/articles/2c543eb1bcd6524d752a32b313e4f104b4a6afc1,4/26(金) 7:05
gendaibiz,現代ビジネス,「不自由な妻を支えるスター」丹波哲郎が妻・貞子に語ったこと,https://news.yahoo.co.jp/articles/bf1164eb1448607c1307e1f3dc6d6c42936eb9b0,4/26(金) 7:05
gendaibiz,現代ビジネス,「突貫工事で費用が倍に」...リニアモーター推進の立役者・葛西敬之が立ち向かった「国鉄改革期」のヤバすぎる愚行,https://news.yahoo.co.jp/articles/8b90211b4eef6e32a8d03dc74611dddd49e7b7a0,4/26(金) 7:05
gendaibiz,現代ビジネス,イラン政府の「拷問」がもたらす「真の苦しさ」…可愛い双子と引き離され独房に監禁された女性が「見たもの」とは,https://news.yahoo.co.jp/articles/c5fd77fae6f2bb907ccd5f71493238c8a1f333d8,4/26(金) 7:05
gendaibiz,現代ビジネス,「山に登ってみては？」…オードリー・タンが「AI嫌い」な人々に山登りをオススメする納得の理由,https://news.yahoo.co.jp/articles/4bccecf04604f397873116db38c561cda09c3f48,4/26(金) 7:04
gendaibiz,現代ビジネス,危険&無意味なものだけではない…「医者が本当に飲んでいるサプリ」を全公開,https://news.yahoo.co.jp/articles/1889c7f4a615fc369d9ca59575b4bd251923b515,4/26(金) 7:04
gendaibiz,現代ビジネス,万博では飛ばない…！大阪万博の目玉「空飛ぶクルマ事業」に参画する老舗タクシー会社が明かした「現状と未来」,https://news.yahoo.co.jp/articles/05fd0b982e3c918dfaebe1fddacd3c71ab10cac8,4/26(金) 7:04
gendaibiz,現代ビジネス,もはや日本は中国の「10年遅れ」…!? ライドシェアもAIも「取り返しのつかない格差」が開いてしまった,https://news.yahoo.co.jp/articles/bb4943edad7782618bb9250f293f1d4073fcf7cf,4/26(金) 7:04
gendaibiz,現代ビジネス,【６月解散総選挙】与党過半数割れ！落選する「裏ガネ議員」全実名を大公開…サヨナラ岸田総理、そして「あの男」が帰ってくる【西日本編】,https://news.yahoo.co.jp/articles/2ebe23bdd8d9d4cfa761ee6adb57c8ff111ebb30,4/26(金) 7:04
gendaibiz,現代ビジネス,多くの日本人は「確率」という概念を正しく理解できない…日本社会にひそむ「教育水準の格差」の現実,https://news.yahoo.co.jp/articles/da6b7eddca5b2b3f0d83d9253f7f4a68157f02a3,4/26(金) 7:04
gendaibiz,現代ビジネス,ダウン症のある娘が中学卒業…母娘の生活を一変させた「ヨガとの出会い」,https://news.yahoo.co.jp/articles/31d57b9f9cb3f3426ef357efce12b60c3858842c,4/26(金) 7:04
gendaibiz,現代ビジネス,「彩りの青み野菜はもう買わない」飛田和緒がやっている「水に差すだけ」窓辺栽培,https://news.yahoo.co.jp/articles/23ed06cd787701e651d9e86c217e6463392589cc,4/26(金) 7:04
gendaibiz,現代ビジネス,英語で「よろしくお願いします」と頼み事をするとき、何て言う？,https://news.yahoo.co.jp/articles/e32fcc2785bdf8ae9d41be8146931f9f11a283a5,4/26(金) 7:04
gendaibiz,現代ビジネス,大地震で「エレベーターに閉じ込められる人」が意外と多いという現実,https://news.yahoo.co.jp/articles/ef9fcd9286a2643aef1de6f320592700a84d42e0,4/26(金) 7:04
gendaibiz,現代ビジネス,あなたの中に潜むウイルスは、実はおかあさんの子宮を通り抜けた際に感染したってこと知ってましたか？,https://news.yahoo.co.jp/articles/3d82edcf267b584b7b1a8f035ba4d34ca2525fc3,4/26(金) 7:04
gendaibiz,現代ビジネス,日本の鉄道事業は大丈夫か…2040年頃に「通勤・通学定期券客が2割減」の大きな衝撃,https://news.yahoo.co.jp/articles/45d3dbda8ea277ced84128330144799e17812ae0,4/26(金) 7:04
gendaibiz,現代ビジネス,100歳以上の生活習慣を調べてわかった！　あまりにもシンプルな「長生きのコツ」,https://news.yahoo.co.jp/articles/f5ea849125f1622c9178a0130b07141066293044,4/26(金) 7:04
gendaibiz,現代ビジネス,50代から団塊の世代に多い…じつは「ベテランゴルファー」ほど犯しがちな「2つの意外な間違い」,https://news.yahoo.co.jp/articles/76e64e19abb431046f501448a06f1a00a8af665f,4/26(金) 7:04
gendaibiz,現代ビジネス,いったい、どのようにこの宇宙は誕生したのか…最新研究から見えてきた「驚きの仮説」,https://news.yahoo.co.jp/articles/04685d1eefd413527ce776544cad2bb02c5e9da1,4/26(金) 7:04
gendaibiz,現代ビジネス,なんと「青酸カリ50万倍の毒性」をもつ菌も…！　ヤバい雑菌だけ、選んで排除する「日本の発酵技術」がスゴすぎる,https://news.yahoo.co.jp/articles/37d2e724cd5823295515cef69fd1bbb5fd1e8a74,4/26(金) 7:04
gendaibiz,現代ビジネス,日本の保守勢力が「壊滅状態」に陥るなか、「新しい保守主義」運動が始まった「納得の理由」,https://news.yahoo.co.jp/articles/ee11bb82ae9cbc7298d3b8ca1b9bacdcbb393817,4/26(金) 7:04
gendaibiz,現代ビジネス,Jリーグ首位をぶっちぎる町田・黒田監督の「高校サッカー流」は是か非か？,https://news.yahoo.co.jp/articles/79512ba0a665c8f0761698f9ce5d5333e36f847b,4/26(金) 7:04
gendaibiz,現代ビジネス,サハラ砂漠で「ワグネルの残党」が暗躍している理由…「民間軍事会社」から見えてくる「戦争の本質」,https://news.yahoo.co.jp/articles/fda6adca6918185c7ca8de6d0ce4fe32f77050a0,4/26(金) 7:04
gendaibiz,現代ビジネス,心がとろける「東洋の美」てんこ盛りの殿堂が大阪中之島に改装オープン！,https://news.yahoo.co.jp/articles/4b198f235e65385c4563f450481ee51fe2ec1191,4/26(金) 7:03
gendaibiz,現代ビジネス,プライベートが原因で「仕事のミス」を連発する後輩、“異変”に気が付いた先輩が受けた「パワハラの壁」…何とかしたい,https://news.yahoo.co.jp/articles/8d149d76da38ceae7d3113948773c8b47cc3b8d8,4/26(金) 7:03
gendaibiz,現代ビジネス,じつは「太平洋戦争」のさなかにも起きていた「南海トラフ巨大地震」…ほとんど報じられなかったその「被害の全容」,https://news.yahoo.co.jp/articles/8b42bcc793c9dcf1b3038b7a00f4eb41a957f1eb,4/26(金) 7:03
gendaibiz,現代ビジネス,日本人を襲う、南海トラフ巨大地震・富士山噴火・首都直下地震「大連動」の最悪の事態,https://news.yahoo.co.jp/articles/9830300488be9f92179ac381d61e7461ad5c1d9e,4/26(金) 6:48
gendaibiz,現代ビジネス,これでは、まるで「ザル制度」…！じつは、「科学的根拠が貧弱すぎ」の機能性表示食品。制度そのものがヤバすぎた「衝撃の真実」,https://news.yahoo.co.jp/articles/f735ad82d1012463d6aa1454126ec0695d1441a8,4/26(金) 6:47
gendaibiz,現代ビジネス,まさか…生命と非生命が「区別できない」とは…！ それでも地球型生命に2つの「絶対必要な分子」があった,https://news.yahoo.co.jp/articles/edb6bfa31fbf1c634d88b5e53945d9142b956b46,4/26(金) 6:43
gendaibiz,現代ビジネス,「いつか一太刀浴びせねばならぬ」…仮想敵の陣営に潜入した若き研究者が、「カブトを脱ぐ」ハメになった「まさかの気づき」,https://news.yahoo.co.jp/articles/dc832061cb849204747a8ff265fccc562be7f40c,4/26(金) 6:43
gendaibiz,現代ビジネス,なぜ、日本企業で「無意味な仕事」が増え続けるのか…全然変わらない「悲しき現実」,https://news.yahoo.co.jp/articles/8d9670ef8349635dcbe836b4656b1c74895c34c8,4/26(金) 6:19
gendaibiz,現代ビジネス,どんな会社にもいる「羨望や嫉妬に突き動かされている人」の陰湿な実態,https://news.yahoo.co.jp/articles/e1e36fb232e3cba85a34ee28cf221d4a3a6286ba,4/26(金) 6:19
gendaibiz,現代ビジネス,日本はもう「魅力的」ではない…深刻な人材不足でも「外国人労働者」が来てくれない現実,https://news.yahoo.co.jp/articles/cea2029f70a9bd4763d9aecc84416946cac24e7e,4/26(金) 6:19
gendaibiz,現代ビジネス,ヤバすぎる円安に「財務省の宇宙人」も手詰まりか…？「1ドル155円」突破でも日本が身動きとれない「４つの誤算」,https://news.yahoo.co.jp/articles/689af486d78cc24d90514bb2aa6fae4540ec5afa,4/26(金) 6:05
gendaibiz,現代ビジネス,「こんな色気あった...？」めるるのピンクドレスが可愛すぎる！ファン「天使すぎるよ～」「お姫様が舞い降りてきた！」と大絶賛！,https://news.yahoo.co.jp/articles/fba1f516c298fa47732dc9f63a522ef07b3acdd8,4/25(木) 20:03
gendaibiz,現代ビジネス,「そこ」出しちゃっていいんですか…？　えなこ、超有名ラジオ出演でのオフショットにファン「絶対領域展開」「私服やば！かわいい！」の声続々,https://news.yahoo.co.jp/articles/e63974c973d9544553bada85f4d3f7be3d619ef3,4/25(木) 20:03
gendaibiz,現代ビジネス,尾崎繁美さんが33回忌を終えて振り返る、夫・尾崎豊が天国へ逝ってからの32年,https://news.yahoo.co.jp/articles/ad6fb80b579de3e08337c6b17e09cfc257112f48,4/25(木) 17:03
gendaibiz,現代ビジネス,認知症の女性宅から保護した目ヤニ＆鼻水だらけの4匹の子猫…「幸せな激変」の姿,https://news.yahoo.co.jp/articles/1ed89054a6c2996a6ff2488ff42ea37dbfecf07b,4/25(木) 17:03
gendaibiz,現代ビジネス,10メートルを超える津波が襲う…巨大地震で「経済被害が東日本大震災の10倍超に」,https://news.yahoo.co.jp/articles/47ab6640f5f00eac58714d6e84be62323ba44cdd,4/25(木) 12:33
gendaibiz,現代ビジネス,42歳、東京の二子玉川に執着した「埼玉出身の女性」が、“年収800万、セレブ暮らし”の婚活条件を捨てて得た「理想の結婚相手」,https://news.yahoo.co.jp/articles/7af164396d48bbe7f8f01170b127d54c9bfab711,4/25(木) 12:03
gendaibiz,現代ビジネス,一体ナゼ…「就活生をダマす業者」が後を絶たないのか「そのシンプルな構造」,https://news.yahoo.co.jp/articles/458bd85f43610078d0e2428c5484027bee256650,4/25(木) 11:33
gendaibiz,現代ビジネス,なぜか「日本」でだけ「当たり前」になってしまった、じつは体を痛める「絶対にやってはいけないゴルフのスイング方法」,https://news.yahoo.co.jp/articles/ada2c559e49b1af6fa3415e142b0b6145d6c607c,4/25(木) 11:13
gendaibiz,現代ビジネス,「ユニクロ」「H＆M」のスポーツウェアが実はねらい目のワケ【2024新作チェック】,https://news.yahoo.co.jp/articles/f3c71ad032b2f1174ab9270c9e8944d99e46c6be,4/25(木) 10:03
gendaibiz,現代ビジネス,「そんな馬鹿なことあるか」二人の女児の遺体が発見された福岡県・飯塚事件…警察がひた隠しにした「捜査報告書、黒塗りの記述」,https://news.yahoo.co.jp/articles/751f71bf202968b5dade2d447e54c9386a8091f6,4/25(木) 8:03
gendaibiz,現代ビジネス,新NISA「配当株投資」で稼ぐには欠かせない…「ゴリラ握力」で一生持ち続けたい「注目の4業種」,https://news.yahoo.co.jp/articles/24f1892f400c8cfb0196f7df3632119c5ace18f7,4/25(木) 8:03
gendaibiz,現代ビジネス,婚活プロフィールで「5歳若く、年収を200万多く」嘘をついた女性の「悲惨な末路」,https://news.yahoo.co.jp/articles/ab08ff2a05dc93440245eb402bc930ee66ae242a,4/25(木) 8:03
gendaibiz,現代ビジネス,裕福な家庭と低所得家庭の子どもたち、「旅行」に行ったことがあるかどうかの格差,https://news.yahoo.co.jp/articles/29a1f33b72f4d486c4cd80b46c6cb1f4945cc063,4/25(木) 8:03
gendaibiz,現代ビジネス,なんと「社内失業者」が400万人…日本社会で多くの人が「喪失不安」をかき立てられている現実,https://news.yahoo.co.jp/articles/6eae70a36d488d598b7a8b558bf6735be5c3c3ae,4/25(木) 8:03
gendaibiz,現代ビジネス,ゴールドマンサックス元社員が目撃した…職場の「選ばれし人々」との「圧倒的な格差」,https://news.yahoo.co.jp/articles/0e802ce3b036252561161f5f92f2739b117c044a,4/25(木) 8:02
gendaibiz,現代ビジネス,マンションの「修繕積立金が足りない」本当の理由…盛り盛り「長期修繕計画」を作った業者による“マッチポンプ”の悪質な手口【マンション管理クライシス】,https://news.yahoo.co.jp/articles/38a3b8f4eefc65d1b423dc4bc8422af3005251d3,4/25(木) 7:47
gendaibiz,現代ビジネス,90代母親を亡くした女性が危惧した…「ハワイ移住をした未亡人」の存在,https://news.yahoo.co.jp/articles/2f63cc73becd0987294285f28a98fec85945f3cd,4/25(木) 7:33
gendaibiz,現代ビジネス,いま中国社会でひろがる「経済無策」への憎悪…！大量失業で火薬庫と化す若者たちの「地味婚」と「スリッパ通勤」の悲惨な実態,https://news.yahoo.co.jp/articles/9278f37c4a80bbd863bcd8f807e3e6bc0e16f924,4/25(木) 7:33
gendaibiz,現代ビジネス,「頭のいい学生」が会社で働き始めて直面する「やりたかったことと現実の大きな差」,https://news.yahoo.co.jp/articles/12de9c254feef4cf5a80c6e5fee11e4248047492,4/25(木) 7:33
gendaibiz,現代ビジネス,ニューヨーク勤務、真のエリートサラリーマンたちのケタ外れの大豪遊…GS元社員がその全貌を明かした,https://news.yahoo.co.jp/articles/04ffc5aeba2e1c14635a1c1163b95e919ff91baa,4/25(木) 7:33
gendaibiz,現代ビジネス,耐えがたいほど臭い…！「世界各地で愛されている」くさい食べ物ランキングで判明した「仰天の臭さ」の中身,https://news.yahoo.co.jp/articles/d7771d6ea2fa7098a15709f8f82ace09ce2a338e,4/25(木) 7:13
gendaibiz,現代ビジネス,丹波哲郎、映画からテレビの世界へ――態度がデカすぎてホサれた時代の真実,https://news.yahoo.co.jp/articles/1b7e867e4c4a2baadd983dabe5efc6bce48e9076,4/25(木) 7:04
gendaibiz,現代ビジネス,「核武装は必要だ」日本財界の伝説・葛西敬之に影響を与えた意外過ぎる「人物の名前」,https://news.yahoo.co.jp/articles/931098b7a928053a5c43f55888f88ef3efafa0c1,4/25(木) 7:04
gendaibiz,現代ビジネス,有能なのに「昇進できない」…能力主義社会の犠牲者「働かないおじさん」が持つ本当の「価値」,https://news.yahoo.co.jp/articles/31f58c4c7d08cedd33b5c0cbef7fe896d7fcde64,4/25(木) 7:04
gendaibiz,現代ビジネス,あまりに過酷な環境に「人間かどうかも怪しくなる」…いまイランの刑務所で強制される「非人道的すぎる」独房生活,https://news.yahoo.co.jp/articles/0c6b2371652641803fc7b90e7196af7903896598,4/25(木) 7:04
gendaibiz,現代ビジネス,バイリンガル政策を推し進める台湾から学ぶ、「言葉の壁」を取り払うことがもたらす最大のメリットとは,https://news.yahoo.co.jp/articles/170d85d6b9adf4e248890fdf0d96461133731fbf,4/25(木) 7:04
gendaibiz,現代ビジネス,バブルに乗り遅れるな！「圧倒的利益」と「驚愕の地価上昇率」を生み出す「ニセコの秘訣」とは？,https://news.yahoo.co.jp/articles/547445ee08fe8f926885443be79a5ad2d9df59b5,4/25(木) 7:04
gendaibiz,現代ビジネス,「日本は格差社会」は大間違い…多くの日本人が「格差が広がっている」と錯覚している納得の理由,https://news.yahoo.co.jp/articles/011b6225db46a4c47b04f89705b39b7757b02810,4/25(木) 7:04
gendaibiz,現代ビジネス,「宗教」が研究を左右する…“日本人より欧米人”の方が科学に惹かれる「意外過ぎるワケ」,https://news.yahoo.co.jp/articles/47fd45f29c9c183f758301f6fa1b73d94abc5316,4/25(木) 7:04
gendaibiz,現代ビジネス,もうオファーはないかも…篠原涼子主演のドラマが大コケ、それでもフジが打ち切りをしない「意外すぎる理由」,https://news.yahoo.co.jp/articles/9d9a6a44d3583e8a0cf0ca11dee82e6ea90125fa,4/25(木) 7:04
gendaibiz,現代ビジネス,サプリの摂りすぎで「腎臓」が壊れる…！命を蝕む「11種類の成分」の実名,https://news.yahoo.co.jp/articles/a459edff8a5f59109bee93b486efd88ca1137082,4/25(木) 7:04
gendaibiz,現代ビジネス,【完全予測】落選する「裏ガネ議員」全実名を大公開…！岸田の「６月ヤケクソ解散」で自民党がボロ負けする【東日本編】,https://news.yahoo.co.jp/articles/b8a67c821011c30e1bd469670a5f79a5d07f50d2,4/25(木) 7:03
gendaibiz,現代ビジネス,小池百合子「学歴詐称疑惑」再燃で迫られる、衝撃の「重大決断」,https://news.yahoo.co.jp/articles/2689a24645a386a56602513e4df03c700c8133eb,4/25(木) 7:03
gendaibiz,現代ビジネス,「母は本当によくやってきた」尾崎豊の33回忌に妻・尾崎繁美さんが語る「回忌」でのこと,https://news.yahoo.co.jp/articles/a2c8b953d8b4efd3785c11b3f7af2fbb3920beda,4/25(木) 7:03
gendaibiz,現代ビジネス,86歳で認知症状がみられる独居の女性が飼っていた…多頭飼育崩壊の様々な「要因」,https://news.yahoo.co.jp/articles/d38184866d7d9682d141f9794f262c8344e6d38c,4/25(木) 7:03
gendaibiz,現代ビジネス,日本株、全市場で「わずか10銘柄」だけ存在した、きたる「波乱相場」を乗り切る「奇跡のディフェンシブ銘柄」を実名紹介,https://news.yahoo.co.jp/articles/b3de0285c0687473f55177fc9f365bae67fef034,4/25(木) 7:03
gendaibiz,現代ビジネス,「日本代表をすべての面で上回った」「痛快」「うれしい」…パリ五輪予選で日本に勝った韓国が、今回の「一勝」にここまで喜んでいる「納得の理由」,https://news.yahoo.co.jp/articles/18fc954bf41fd9c6f6337a4e28cbe8019f262d3d,4/25(木) 7:03
gendaibiz,現代ビジネス,「ガザ危機」が引き起こした「世界的規模の思想戦」…じつはいま「コロンビア大学で起こっていること」が示すもの,https://news.yahoo.co.jp/articles/01e6fcd4440303901e3cc073549621d889fef29f,4/25(木) 7:03
gendaibiz,現代ビジネス,映画『オッペンハイマー』の「被爆地描写」批判が「的外れ」だと言えるワケ,https://news.yahoo.co.jp/articles/99c2a53d0194b1728f7f8afe214521a909bb41da,4/25(木) 7:03
gendaibiz,現代ビジネス,貴方のからだはウイルスまみれ！　世界総人口の約5万倍、380兆個もウジャウジャいるウイルスといっしょに暮らしている,https://news.yahoo.co.jp/articles/b4fa25fe7f2e64145e34df30e578465d94a79eca,4/25(木) 7:03
gendaibiz,現代ビジネス,なんと、日本の若者の「建築業界離れ」が深刻に…「労働時間は長く賃金も低い」厳しい実態,https://news.yahoo.co.jp/articles/738a8c9ba42d5ff6ddcef066ba29ce4abe4a8baa,4/25(木) 7:03
gendaibiz,現代ビジネス,「紅麹問題」で噴出した「機能性表示食品」規制強化の声、業界の「中の人」が語った本音,https://news.yahoo.co.jp/articles/d5c5f361426836633db138d6c673915a0cb5a96f,4/25(木) 7:03
gendaibiz,現代ビジネス,瀬戸内も「震度７」…「南海トラフ巨大地震」が起きたら、破滅的な揺れが襲う「愛媛県」の地名,https://news.yahoo.co.jp/articles/4e2edda72f95340ef9753cecaddc64aacda2da29,4/25(木) 7:03
gendaibiz,現代ビジネス,「富士山が噴火しても東京には影響ない」は本当か…何度も「不気味な動き」が起きていた,https://news.yahoo.co.jp/articles/aee4f865b8a7257b6a5687e5e22969c01dfde6ec,4/25(木) 6:48
gendaibiz,現代ビジネス,大量絶滅事件を生き抜いた哺乳類「衝撃のスピード」で起こった多様化…ついに始まる「現生動物」への道,https://news.yahoo.co.jp/articles/b0e852fe8db41657e39fef50e49509c3f02d43fa,4/25(木) 6:47
gendaibiz,現代ビジネス,意外と知らない、東京をこれから襲う「ヤバい大震災」,https://news.yahoo.co.jp/articles/96ec27b135e6532b83e40df90344be7eb6a5ebbd,4/25(木) 6:33
gendaibiz,現代ビジネス,「時間とお金の余裕がなくて…」地方と都市部の子どもたち「休日の体験」の大きな違い,https://news.yahoo.co.jp/articles/ea991d994718adc6f9153b433c7d01d6bfc09181,4/25(木) 6:33
gendaibiz,現代ビジネス,相手を見下す、自己保身ばかり…「職場を腐らせる人」を変えるのが難しい「決定的理由」,https://news.yahoo.co.jp/articles/da35f299d8af0a6c18f6b2532da88d6a645f66c6,4/25(木) 6:33
gendaibiz,現代ビジネス,意外と身近にいる、老後の人生にまさかの「失敗」をしてしまう人の「共通点」,https://news.yahoo.co.jp/articles/97e11b1b92f055fc22befcac60eb70b98570f3ee,4/25(木) 6:23
gendaibiz,現代ビジネス,日本がこれから崩れ去っていく…深刻な人口減少社会で「インフラ崩壊」の本当の危機,https://news.yahoo.co.jp/articles/5c792346f9e262a6f05f123a22ba5c6d02124be0,4/25(木) 6:19
gendaibiz,現代ビジネス,「制服をなくしてほしい。生きてて一番つらかった」誰にも言えない10代のリアルな声,https://news.yahoo.co.jp/articles/bc7505262d10d23aef928b1d758885a79c29a99f,4/25(木) 6:05
gendaibiz,現代ビジネス,【独自】自民党・二階後継「三男の伸康くんで決まりやで」その瞬間兄の顔は真っ青に…《兄弟バトルに世耕も加わり、混線する和歌山政局…二階氏は入院説も》,https://news.yahoo.co.jp/articles/898a3724758526b5d698a22a85cf670ab0e66bea,4/25(木) 6:05
gendaibiz,現代ビジネス,インドネシア、首都移転という大胆な試みは成功するのか？,https://news.yahoo.co.jp/articles/41d1b4ef031a30bdadb15b04bde508ecf32f8ccd,4/25(木) 6:05
gendaibiz,現代ビジネス,「もしぼくの妹が戦争で亡くなってしまったら」日本の中学生が考えたこと,https://news.yahoo.co.jp/articles/17b453873e345cfaa98dc0f3ba6267c61946f136,4/24(水) 17:03
gendaibiz,現代ビジネス,日本の食がキケン…「毎日1人茶碗1杯分のご飯を捨てている」という「衝撃的実態」,https://news.yahoo.co.jp/articles/28a732f25afc7bf630217db6e97210572d6b1dae,4/24(水) 12:33
gendaibiz,現代ビジネス,「研究するならアメリカを学べ！」　ノーベル賞科学者・山中伸弥が、「寄付先進国」アメリカのカネ作りをまる裸に！,https://news.yahoo.co.jp/articles/1b8f748eab69cce824c4b630305c132eb880c04b,4/24(水) 12:13
gendaibiz,現代ビジネス,婚活で惨敗した、42歳「埼玉出身の女性」の東京への執念…7年かけても、結婚相手が見つからなかったワケ,https://news.yahoo.co.jp/articles/63827838e10705e1f85cf587facd6979b9e7e82d,4/24(水) 12:03
gendaibiz,現代ビジネス,『ふてほど』の80年代に「不適切すぎて」放映NG…　「ヤクザ」「銃殺」なんでもアリの怪物映画が「カンヌでは大絶賛」,https://news.yahoo.co.jp/articles/cb8c9766e4135ca7e61d1c1eea3a46cedb02c660,4/24(水) 11:47
gendaibiz,現代ビジネス,M-1王者・令和ロマンは学生時代からスゴかった…年間1300回お笑いライブを企画するK-PRO代表・児島気奈の証言,https://news.yahoo.co.jp/articles/f12597fcc1327ae766ec36fa2da9bebc3d8fbc80,4/24(水) 11:03
gendaibiz,現代ビジネス,神戸のお嬢様、パンダのタンタンが本当に大好きだったものと飼育員さんとの意外な攻防,https://news.yahoo.co.jp/articles/b1b8be71d54ab04a94ccdc9f27a51f02471dc852,4/24(水) 9:02
gendaibiz,現代ビジネス,なぜ「子どもの受験」で「家庭崩壊」が起きるのか…意外と知らない「幸福な家庭の考え方」,https://news.yahoo.co.jp/articles/e0036e23e7c1e9c3690b0917492ef1d40910a06a,4/24(水) 8:18
gendaibiz,現代ビジネス,怒りとストレスで携帯電話を投げつける会社員続出…「つながらない権利」を軽視してきた会社を待つ「ヤバい末路」,https://news.yahoo.co.jp/articles/b03bd498dc11603ce3699a8114c7151f1aea424a,4/24(水) 8:03
gendaibiz,現代ビジネス,意外と知らない「子どもの体験」の実態、一番格差が大きいのは「水泳」だった,https://news.yahoo.co.jp/articles/c05320aa9c090b2ed621ecd61eb7ae4493e4922b,4/24(水) 8:03
gendaibiz,現代ビジネス,無視できない温暖化の大きな影響…「みかんの主力産地」が「東北」になる日がやってくる,https://news.yahoo.co.jp/articles/9909b270b5778992b1100fc0ca425a2b6d8bd176,4/24(水) 8:03
gendaibiz,現代ビジネス,電通に蔓延していた“真っ赤なウソ”「労働時間短縮＝仕事の品質低下」を払拭した『鬼時短』8つの鉄則,https://news.yahoo.co.jp/articles/552ea8f6d20c1006b29b2f9a19e9414fcb377457,4/24(水) 8:03
gendaibiz,現代ビジネス,マンション大規模修繕の巨額利権に「住民スパイ」が群がるケースも…あなたのマンションも「談合グループ」の餌食に！【マンション管理クライシス】,https://news.yahoo.co.jp/articles/b6fa1aba9c33263f8f3fb6f7f3d7d6928bcb1e97,4/24(水) 7:47
gendaibiz,現代ビジネス,大人気の宮内庁インスタに、「秋篠宮家」が登場されない「衝撃の理由」,https://news.yahoo.co.jp/articles/a62fc6ab529e702f1ed7b1a143ca5826a43e530c,4/24(水) 7:33
gendaibiz,現代ビジネス,80代母親が老後を託した息子が「急死」…そのとき、息子の嫁がとった「予想外の行動」,https://news.yahoo.co.jp/articles/1fbc970d1463078db917e1f1dd1ef8bdd8f43139,4/24(水) 7:33
gendaibiz,現代ビジネス,いま中国で「無差別殺傷事件」が続発している！「暴走車が人をはねる」「幼稚園や学校を襲撃する」…習近平「報復社会」の最悪な未来,https://news.yahoo.co.jp/articles/269fe946ff4aec76cf0b1307944f5de3df264358,4/24(水) 7:33
gendaibiz,現代ビジネス,「新・Vポイント」の破壊力がヤバすぎる…！セブンにローソン、マックにサイゼ、ドトールでも「7%還元」の衝撃,https://news.yahoo.co.jp/articles/38efe347436a61358858e11751e3b7884240117e,4/24(水) 7:33
gendaibiz,現代ビジネス,意外と知らない、「巨大地震」で日本経済が受ける被害「驚愕の金額」,https://news.yahoo.co.jp/articles/19bf907718e9687b2d918e4aa145d6356d251310,4/24(水) 7:33
gendaibiz,現代ビジネス,思わず体が震えた…ゴールドマンサックス研修初日で浴びた、エリートたちも衝撃の「洗礼」,https://news.yahoo.co.jp/articles/6953b8da7ce8b6d997cb4a4ced26058e37206388,4/24(水) 7:33
gendaibiz,現代ビジネス,プロ厳選！新NISA「つみたて投資枠」で買いたい投資信託ランキングベスト10…2位は「楽天全米」、1位は?,https://news.yahoo.co.jp/articles/5126310db25e41d34abad2301be83334f46fc439,4/24(水) 7:18
gendaibiz,現代ビジネス,人を破壊する「白い拷問」…ノーベル平和賞を受賞した女性がイランの女性刑務所で受けた「ヤバすぎる蛮行」を緊急告発,https://news.yahoo.co.jp/articles/26df21c6e09eb04c8db0d136d2e6d300ab350438,4/24(水) 7:04
gendaibiz,現代ビジネス,西田敏行が震えあがる二大名優の共演。そして「大霊界」への誘い,https://news.yahoo.co.jp/articles/dbd2ad332be44ae5344062563eddc2f5fddff5dd,4/24(水) 7:04
gendaibiz,現代ビジネス,【公認心理師が徹底的に解説】つらい過去は「1点をボーッと見る」だけで克服できる！,https://news.yahoo.co.jp/articles/a8d13d25e21dbf5638a1fc85372b8319a302a452,4/24(水) 7:04
gendaibiz,現代ビジネス,SNSの「ハッシュタグ」が国民を動かす…オードリー・タンが考える、今の政府に必要不可欠な2つの「素養」,https://news.yahoo.co.jp/articles/7b251ebb430a6160651ce2f0e7072835fe1b3539,4/24(水) 7:04
gendaibiz,現代ビジネス,岸田首相も大誤算…「GDP＝国の豊かさ」という前時代の妄想がもたらす深刻すぎる「弊害」,https://news.yahoo.co.jp/articles/3ced0ccce460f65642967530ad3d320c14ecc0d8,4/24(水) 7:04
gendaibiz,現代ビジネス,「自衛隊を動員せよ」宇宙開発にこだわった日本財界の黒幕・葛西敬之が官僚と会合を重ねた意外な「場所」,https://news.yahoo.co.jp/articles/c6091beee4c8fcf03a49ce2d9d1566e5e66a6b07,4/24(水) 7:04
gendaibiz,現代ビジネス,「“普通の”サラリーマン」こそが中小企業を成長させる...20代の元サラリーマンが実現した「思いもよらない」成功とは,https://news.yahoo.co.jp/articles/814d7b6e9e42cadb20343ee34fd59750020bb4b2,4/24(水) 7:04
