media_en,media_jp,title_articles,link_articles,date_original
hokkoku,–kš V•·Ğ,•S’ËAV“cˆê‹R‘Å‚¿@’m–‘I¦A‚Q‚V“ú“ŠŠJ•[@O‰@‘I‚Æ“¯“ú,https://news.yahoo.co.jp/articles/ccd3d5f0e1f5085043592c6d44321c1debe04a92,10/11(‹à) 7:02
hokkoku,–kš V•·Ğ,ìF‚ÉŒC“Xu•œŠˆv@¡ˆä‚³‚ñA‘S‰óê–å“X‚©‚çˆø‚«Œp‚¬,https://news.yahoo.co.jp/articles/ae364a5d772a1cce0d34a0ebf6e5f81902543ba1,10/11(‹à) 7:02
hokkoku,–kš V•·Ğ,“y»ƒ_ƒ€‚VƒJŠÁ¸@—Ö“‡E’¬–ìì…ŒnA‹‰J‚Å@‰º—¬”íŠQ‘‚µ‚½‰Â”\«,https://news.yahoo.co.jp/articles/0b22b3f0998369315082978aaac595c4351d0dfd,10/11(‹à) 7:02
hokkoku,–kš V•·Ğ,‰Hî‚Å“ºü‚WD‚Sƒgƒ“Ş“@ƒJƒ“ƒ{ƒWƒA‚RlÄ‘ß•ß@—e‹^‚ÅŒ§Œx‚È‚Ç@‘¾—zŒõ”­“d{İ‚Å,https://news.yahoo.co.jp/articles/1111f070ea271d8175612ddf0916543b1896dd77,10/11(‹à) 7:02
hokkoku,–kš V•·Ğ,ƒNƒ}“ËiAƒKƒ‰ƒXŒË”j‰ó@‰Á‰êER‘ãA‚QZ‘î‚Ì•~’n‚Éo–v@m‰¤—§‚¿‚Ì¬bA’j«‚É”—‚é,https://news.yahoo.co.jp/articles/5fe09cf9b59e116f55e50a2eae3c0eda013cc5a2,10/11(‹à) 7:02
hokkoku,–kš V•·Ğ,u•–“Ş‚Ì—ûKêvc‚Á‚½@‚Z‘ã—˜—pA“à“å‚Ìƒp[ƒN@ˆê•Â½‚ÌŠë‹@@‘¶‘±‚Éu‚¢‚¢‚Ëv,https://news.yahoo.co.jp/articles/cf8cb4bf3e79b12bc67abc27836dea89105aeb2c,10/11(‹à) 7:02
hokkoku,–kš V•·Ğ,ƒRƒXƒ‚ƒX‚P‚O‚O–œ–{A‚R˜A‹x–ŠJ‚É@‚Æ‚È‚İ–²‚Ì•½ƒXƒL[ê,https://news.yahoo.co.jp/articles/72191d9fa27dc0e1f2de3f9e058ca13402544c47,10/11(‹à) 7:02
hokkoku,–kš V•·Ğ,qƒ‰ƒWƒI‚½‚©‚¨‚©r‚e‚PƒzƒC[ƒ‹‚‰ª‚Å»‘¢@‚a‚a‚rƒWƒƒƒpƒ“Ğ’·o‰‰@‚P‚R“úus’·‚ª•·‚«‚Ü‚·v,https://news.yahoo.co.jp/articles/d09d751a7b0f0085e89e8d23caeab4f2950d4525,10/11(‹à) 7:02
hokkoku,–kš V•·Ğ,’nˆæ‚Ì–ØŞ‚W‚V“g—p@••”‚x‚j‚jƒpƒbƒVƒuƒ^ƒEƒ“@Œ§ƒEƒbƒhEƒ`ƒFƒ“ƒW‹¦‚ª‹@,https://news.yahoo.co.jp/articles/1d83d1bf3afa51bfc0ee09997b561120535491f1,10/11(‹à) 7:02
hokkoku,–kš V•·Ğ,•xRƒ}ƒ‰ƒ\ƒ“‚Ìƒ‰ƒ“ƒi[Š½Œ}@•x‘å¶‚ªƒpƒlƒ‹AV‚‰ª‰w‚Éİ’u,https://news.yahoo.co.jp/articles/94ad784e8a380da74f63afe7ae3a76cb7a0c25c0,10/11(‹à) 7:02
hokkoku,–kš V•·Ğ,ƒrƒŠƒ„[ƒhA•xR‰w‚ÅŒˆŸ@‚P‚XA‚Q‚O“ú‚É•xRAÎì‚Å–k—¤ƒI[ƒvƒ“@ƒgƒbƒv‘Iè‚ç‚Q‚W‚Oloê,https://news.yahoo.co.jp/articles/17ddb36e1a1595a8b707cb963959f3ff77822cf6,10/11(‹à) 7:02
hokkoku,–kš V•·Ğ,¸ãk‚ÈŒ´‰æ‚ÉŒ©“ü‚é@–Ÿ‰æuƒfƒXƒm[ƒgv“W@‹à‘òƒGƒ€ƒU‚Å–‹ŠJ‚¯,https://news.yahoo.co.jp/articles/7970ebe923041d6c1b0f241781973f09762f95d8,10/11(‹à) 7:02
hokkoku,–kš V•·Ğ,uƒRƒRƒCƒ`v‘n‹ÆÒ‚ªŒÌ‹½‚Ì•œ‹»‚Éˆê–ğ@@Ÿ‚³‚ñ”\“o’¬–K–â,https://news.yahoo.co.jp/articles/470f495a280100695dd746739cf4f89a99daa8e7,10/11(‹à) 7:02
hokkoku,–kš V•·Ğ,u—Ö“‡‚ÉŒ³‹Cv™“¶”Mí@‰¼İZÉ‚Å‚U¬‡“¯‰^“®‰ï,https://news.yahoo.co.jp/articles/6d9d4e6f0f6f643adb2e12f697eb33f28225df2e,10/10(–Ø) 16:02
hokkoku,–kš V•·Ğ,‰Á‰ê‚Ì–¯‰Æ‚ÉƒNƒ}@R‘ã‚ÌZ‘îŠX@¬b‚P“ª‹ìœ,https://news.yahoo.co.jp/articles/b395491a2c5bf371495e5279f2ab5c288ee22b16,10/10(–Ø) 16:02
hokkoku,–kš V•·Ğ,q‚¢‚µ‚©‚íO‰@‘Irƒ|ƒXƒ^[Œf¦êA‹à‘ò‚Åİ‰c,https://news.yahoo.co.jp/articles/dcce7c743e255b8e50c8a900b1e4a4daa465e249,10/10(–Ø) 16:02
hokkoku,–kš V•·Ğ,—qE‹F‚è‚Â‚È‚®—Ö@’jqE¹‰Îƒg[ƒ`‚É’…‘z@‹à‘òƒ}ƒ‰ƒ\ƒ“ƒgƒƒtƒB[Š®¬,https://news.yahoo.co.jp/articles/a15b745ba0550e1765cd4afe768135b6324d3d92,10/10(–Ø) 8:02
hokkoku,–kš V•·Ğ,‚È‚Å‚µ‚±–kì‘Ièƒ|ƒXƒ^[‚É@Œ§ŒxA©“]Ôƒwƒ‹ƒƒbƒgŒ[”­,https://news.yahoo.co.jp/articles/f836ab1391e5a73817e994fa52f2c2a92f00eab0,10/10(–Ø) 8:02
hokkoku,–kš V•·Ğ,VƒWƒ“ƒxƒGƒUƒ‚æ‚ë‚µ‚­@‚Ì‚Æ‚¶‚Ü…‘°ŠÙA‚P‚P“ú“W¦ÄŠJ,https://news.yahoo.co.jp/articles/9406c135e4294fea7a6f75ccea93c795657389f0,10/10(–Ø) 8:02
hokkoku,–kš V•·Ğ,Œ§“à‚P‚Qlo”n€”õ@O‰@‘IA‚R‘I‹“‹æ,https://news.yahoo.co.jp/articles/385134c26010e5835772bd16cc564fa8e78a8804,10/10(–Ø) 8:02
hokkoku,–kš V•·Ğ,©”ï‰ğ‘Ì‚É‚Â‚È‚¬‘‹à@ÎìŒ§‚Ì—˜q•¬§“x @‚P‚O“úŠJnAÀ{Ï‚İ‚Å‚à‘k‹y“K—p,https://news.yahoo.co.jp/articles/7ce68165758a83403d6e2b1c8701065d01ea0f8e,10/10(–Ø) 8:02
hokkoku,–kš V•·Ğ,‹à‘ò21”üA20Î‚Ì’a¶“ú@”üp•i17”{4168“_‚É@l‹C‚Ì”é–§‚ÍÊ^‰f‚¦,https://news.yahoo.co.jp/articles/2d010f3ee408c1625b2341f624fd81b78f1eb31b,10/10(–Ø) 8:02
hokkoku,–kš V•·Ğ,‚»‚Î‚Ì‹½‚Q{İ‚ğ‚P‰~‚Å”„‹p@“ì“vsAŒö‹¤{İÄ•Ò‚Å@Œšİ‹ÆÒ@‰c‹ÆŠA‘Ş’u‚«ê‚É,https://news.yahoo.co.jp/articles/7bfb0c7e333c5792aa1ad9dc60b376a8551eed0d,10/10(–Ø) 7:02
hokkoku,–kš V•·Ğ,ƒEƒNƒ‰ƒCƒi•½˜a‹F‚è‰Ìº@“v”gEƒZƒ“ƒgƒ‰ƒ‹‚k‚bA‚Q‚U“úƒRƒ“ƒT[ƒg@o’¬¬AƒIƒyƒ‰‰Ìè‹¤‰‰,https://news.yahoo.co.jp/articles/6fce9a51e862b1e0462a41d9be1c0ce350b0126c,10/10(–Ø) 7:02
hokkoku,–kš V•·Ğ,Œ§“à‚P‚Plo”n—\’è@O‰@‘IA‚R‘I‹“‹æ,https://news.yahoo.co.jp/articles/c850f058aba9945bb47974c2d7bed923b4c1f0a9,10/10(–Ø) 7:02
hokkoku,–kš V•·Ğ,’m–‘I‚P‚O“ú¦@V“cA•S’Ëo”n‚Ö,https://news.yahoo.co.jp/articles/46c89e1a3d556f97fc13cf42193176ecbfe90f32,10/10(–Ø) 7:02
hokkoku,–kš V•·Ğ,•x¤¶‚ªƒŠƒ“ƒSAƒnƒ`ƒ~ƒc‰Ùq@Šé‹Æ‚Æ‹¦—ÍA’cq‚à,https://news.yahoo.co.jp/articles/a482332fb2a823cb2b3dd7acfb24fe737574a514,10/10(–Ø) 7:02
hokkoku,–kš V•·Ğ,ŠÅŒì‚Ì“¹‚ÖŒˆˆÓ@•xR‚¢‚¸‚İ‚‚Å‘Õ“”®,https://news.yahoo.co.jp/articles/d1cae731a236ee822d5eb8853f811d069443f9fe,10/10(–Ø) 7:02
hokkoku,–kš V•·Ğ,©–¯”ñŒö”F’Ç‰ÁuŒµ‚µ‚¢”»’fv–ì“}u•Ï‚í‚Á‚Ä‚¢‚È‚¢vŒ§ŠÖŒW‚S’´’ZŠúŒˆí‚Ö€”õ,https://news.yahoo.co.jp/articles/1515c9fdd05b45b98b1549e89de240206c5e9436,10/9(…) 16:01
hokkoku,–kš V•·Ğ,‹à‘ò‚Q‚P¢‹I”üpŠÙ‚Q‚Oü”N@“üŠÙ‚R‚S‚R‚T–œl,https://news.yahoo.co.jp/articles/a1fd369baa0f1eefe54b802ac53edf723445b2b9,10/9(…) 16:01
hokkoku,–kš V•·Ğ,—Ö“‡AìF‚Å“Š•[ŠÔ’Zk@O‰@‘IAˆ«˜H‚ÌŠëŒ¯l—¶,https://news.yahoo.co.jp/articles/a327fb5d32bc0151a02533984b91a3ce2deb23e4,10/9(…) 8:02
hokkoku,–kš V•·Ğ,‰Àq‚³‚ÜA‚Q‚X“ú‰—ˆŒ§@“`“HŒ|“W‹à‘ò“W‚Ö,https://news.yahoo.co.jp/articles/265831ffb58203a61876f4419857cca20bd39f56,10/9(…) 8:02
hokkoku,–kš V•·Ğ,‹à‘òŠw‰@‘å‚R”NE‘åX‚QŠ¥@ŒÂl‚Æ’c‘Ì@‘ƒXƒ|E²‰ê‘Š–o¬”N,https://news.yahoo.co.jp/articles/fb5962f4ecdf218757a6d7b03f5251505b2b15df,10/9(…) 8:02
hokkoku,–kš V•·Ğ,q’m–‘I‚Q‚O‚Q‚SrŒ»EAVlˆê‹R‘Å‚¿‚Ö@‚P‚O“ú¦AO‰@‘I‚Æƒ_ƒuƒ‹‘I,https://news.yahoo.co.jp/articles/8c3baba2d18f0974b1076bff108990fc7c71793e,10/9(…) 7:02
hokkoku,–kš V•·Ğ,ƒxƒjƒYƒƒCŠÛ‚²‚Æu‚¨‚¢‚µ‚¢v@Ë…‚ÅƒJƒj‹‹Hn‚Ü‚é,https://news.yahoo.co.jp/articles/29307ec774fdc810865581752da31a80dd2f7c3d,10/9(…) 7:02
hokkoku,–kš V•·Ğ,“Š•[ŠA’nk‚Å•ÏX@•XŒ©‚Ì‹{“c¬A•œ‹ŒH–‰e‹¿‚ÅŒö–¯ŠÙ‚É@{İ“à‚Ì‰ïê•Ï‚¦‚à,https://news.yahoo.co.jp/articles/b1f2cb332d24392a74a265ecb187f0c86f4b22a4,10/9(…) 7:02
hokkoku,–kš V•·Ğ,”ò’¹‡UA¡”N‰‚Ì•š–ØŠñ`@‚V‚R‚Ol‚ğŒ}‚¦,https://news.yahoo.co.jp/articles/6b8b15688d89a1023a77fa7b2d7af139f09d9d5d,10/9(…) 7:02
hokkoku,–kš V•·Ğ,©‰q‘à‚©‚ç–hĞŠw‚Ô@—§RE—˜“c¬‚Å‹³º,https://news.yahoo.co.jp/articles/0ff9db3750f609e5d1ffd80f9501bb0434ebdf43,10/9(…) 7:02
hokkoku,–kš V•·Ğ,ŒÜ—Öu‹àvâˆä‚³‚ñw“±@ŠŠì’†ƒ\ƒtƒg•”,https://news.yahoo.co.jp/articles/96fdd3e6e8f7f655b94fec6deb02919babc70d7e,10/9(…) 7:02
hokkoku,–kš V•·Ğ,¬¼‘å’JŒˆŸ‚Ö@‘ƒXƒ|E‚Z–ì‹…d®Abq‰€€‚uEŠÖ“Œ‘æˆê‚É‚U\‚P,https://news.yahoo.co.jp/articles/89549079532a7d8ecaba8a9f0986425125d3da4d,10/9(…) 7:02
hokkoku,–kš V•·Ğ,’†‘‚Ì•x—T‘w‚ªÎìƒSƒ‹ƒt—·@•ĞR’Ã‚È‚Ç‚S{İ„‚é,https://news.yahoo.co.jp/articles/862b265c2b4d1421a53686059c7e1206997f9ff4,10/9(…) 7:02
hokkoku,–kš V•·Ğ,“üŠÙ‚R‚S‚O‚O–œlA•¶‰»ŠÏŒõ‚Ì²‚É@‹à‘ò‚Q‚P”üA‚X“úŠJŠÙ‚Q‚O”N,https://news.yahoo.co.jp/articles/5966c427f14cd88242bb7d73c4205436b7f238bc,10/9(…) 7:02
hokkoku,–kš V•·Ğ,”ğ“ï‚ª‰A—Ö“‡Z–¯µ‘Ò@‚P‚R“ú‚Ìu–kš ŠX“¹–ìXs‚Ìsv@q‚Ç‚à‘¾ŒÛ‚ª‹¤‰‰@”‘ƒ’n‹æ‚©‚ç‚U‚OlQ‰Á,https://news.yahoo.co.jp/articles/eb70f314e88f5e972f49ccb5dff2b62008dc0b29,10/8(‰Î) 16:01
hokkoku,–kš V•·Ğ,‚Ğ‚ñ‚â‚èŠ¦˜I@Œ§“à‚T’n“_‚Å¡‹GÅ’á,https://news.yahoo.co.jp/articles/f1d320a46041048b064df1c208717e4c7976ef5d,10/8(‰Î) 16:01
hokkoku,–kš V•·Ğ,—ˆ“X‹q‚É“’ˆù‚İ’ƒ‚í‚ñ”z•z@u‘æ‚VƒMƒ‡[ƒUv‘n‹Æ60”N‹L”O@¬¼‚Ì‹ã’Jì‰ÆE–k‘º‚³‚ñ»ì,https://news.yahoo.co.jp/articles/5de47c624344c89cc30595a83ef3696aba051601,10/8(‰Î) 8:03
hokkoku,–kš V•·Ğ,—ˆ“XÒD‚İ‚ÌƒN[ƒ|ƒ“”­s@ƒAƒIƒL‚g‚cAƒŒƒW’[––‚Åƒf[ƒ^ŠÇ—,https://news.yahoo.co.jp/articles/c32ba2748fd82b0a7051492b43fc7f060f5ad105,10/8(‰Î) 8:02
hokkoku,–kš V•·Ğ,”íĞ’n‚ÉŒ³‹C“Í‚¯‚é@‘å‚Ì—¢u‚‰ª—ˆ‚½l‚É—Ç‚¢•ñ‚ğv@‘å‘Š–o‚‰ªêŠ,https://news.yahoo.co.jp/articles/aa36993ee89da970d179a46d72de98dbc0928ff9,10/8(‰Î) 7:02
hokkoku,–kš V•·Ğ,‹‰J‚Ì’†Aq‹¶‚Ü‚ê‚½@ìFE¼“c–qê–{Ğ‹LÒƒ‹ƒ|@u‚à‚¤‚P“xvV‚½‚È–½‚ÉŠó–],https://news.yahoo.co.jp/articles/a8b30bfd47fb2f1536cfdc8bf53a50cf1b24ceca,10/8(‰Î) 7:02
hokkoku,–kš V•·Ğ,“|‰óƒrƒ‹‰ğ‘Ìu‚â‚Á‚Æ‘O‚Év@—Ö“‡‚Å’…èA”N“x“à‚ÉŠ®—¹@Z–¯A•œ‹»i“WŠè‚¤,https://news.yahoo.co.jp/articles/942c2003ad9ed145e8a0b94d86830c6a5b31b696,10/8(‰Î) 7:02
hokkoku,–kš V•·Ğ,‘å‚Ì—¢‚É‚R‚T‚O‚Ol•¦‚­@‘å‘Š–o‚‰ªêŠ@‚P‚O”N‚Ô‚èA‰ïê”M‹C,https://news.yahoo.co.jp/articles/d69eaf34a02b1cf3fe527dc8a58299e11f87aa7a,10/8(‰Î) 7:02
hokkoku,–kš V•·Ğ,•xRƒ}ƒ‰ƒ\ƒ“‚ÌoêÒŠ½Œ}ƒpƒlƒ‹İ’u@‚‰ª‰w‚ÉA‚‰ªHŒ|‚¶‚ª»ì,https://news.yahoo.co.jp/articles/0eced21630db0c5bff6761bfcc5a682d6767c488,10/8(‰Î) 7:02
hokkoku,–kš V•·Ğ,cºŒ£ã‚Ì‹…ª” ‹l‚ß@“v”g‚Ìƒ`ƒ…[ƒŠƒbƒv‚U•ií‚S‚T‚O‚OŒÂ@uˆê¶Œœ–½ì‚Á‚½A•xR‚ÍŒ³‹Cv,https://news.yahoo.co.jp/articles/c60f63929657e091cbf2812f0dceef130d8cadab,10/8(‰Î) 7:02
hokkoku,–kš V•·Ğ,ƒTƒcƒ}ƒCƒ‚ƒRƒƒbƒP‚¢‚©‚ª@“ü‘P‚Ì—«’c‘ÌA‹KŠiŠOg‚¢¤•i‰»,https://news.yahoo.co.jp/articles/98beea5941c465d226546fc1ee14b06f83c940f8,10/8(‰Î) 7:02
hokkoku,–kš V•·Ğ,‰‚Ì‡“¯Õˆâ“¿‚µ‚Ì‚Ô@¬–î•”ŠJ”­‚Ì‘cE‘O“c—˜GAˆ¢‘]O‰E‰q–å@ƒNƒƒXƒ‰ƒ“ƒh‚É‚U‚Ol,https://news.yahoo.co.jp/articles/7f57a31a71be61c1dbc2b18790f4937ecd4ff5c3,10/8(‰Î) 7:02
hokkoku,–kš V•·Ğ,ƒRƒ‚“«A‹ê—¶@Åõ‚µA11Œ’lã‚°@H•iEˆùH“XAd“ü‚ê’l1.5”{‚É,https://news.yahoo.co.jp/articles/af2d773502bed7ea1edcbdd24f5a3139925a2807,10/8(‰Î) 7:02
hokkoku,–kš V•·Ğ,uŒÍ‚ê‚È‚¢ˆäŒËv©—R‚Ég‚Á‚Ä@’f…‘±‚­ìFE›‰Æ@ê”O›ZEAZ–¯‚ÉŠJ•ú,https://news.yahoo.co.jp/articles/80a53ef0429eb0a46f5ea9dd7a32d13763309938,10/8(‰Î) 7:02
hokkoku,–kš V•·Ğ,‰Á‰ê‰·ò‰w‚É‚¬‚í‚¢Œğ—¬{İ@ˆ¤Ì‚ÆƒƒSŒˆ’è,https://news.yahoo.co.jp/articles/d6d5004aa823d5db185226497e64956196a4e1c7,10/8(‰Î) 7:02
hokkoku,–kš V•·Ğ,½Œ|Œ¤CŠA‘Ò–]‚ÌÄŠJ@—Ö“‡E‚XƒJŒ‚Ô‚èA§ì’†‚Ìì•iŠm”F,https://news.yahoo.co.jp/articles/c75197d4fff88c78b1d084f867dd0dcdb9d916e6,10/7(Œ) 16:54
hokkoku,–kš V•·Ğ,“|‰óƒrƒ‹‰ğ‘ÌŠJn@—Ö“‡‚ÌZ–¯u‚æ‚¤‚â‚­v@”N“x“à‚ÌŠ®—¹–Úw‚·,https://news.yahoo.co.jp/articles/bac429b9e50f7311b46be9f23f659c4905048b5e,10/7(Œ) 16:51
hokkoku,–kš V•·Ğ,Œ§‘As‘‚P–œ‚S‚O‚O‚Ol”M‹¶@ƒJƒ^[ƒŒu‰^–½‚Æ‚à‚É‰ïê—ˆ‚Äv@ƒOƒ‰ƒEƒW[ƒYuğ‹G‚æ‚è‡–Ê”’‚¢v,https://news.yahoo.co.jp/articles/84b866ececfad0f94fadd99195cbbdd7e637706f,10/7(Œ) 8:02
hokkoku,–kš V•·Ğ,ŠİA‘å·‚ÅÄ‘I@‰Hîs’·‘IA–{‹g‚É2942•[·,https://news.yahoo.co.jp/articles/3edb5545ce0a7b78612038dda42b1262c85c75b9,10/7(Œ) 8:02
hokkoku,–kš V•·Ğ,•œ‹»‚ÌŠè‚¢˜N¥‚É‚ß@‚‰ª–œ—t‚Ü‚Â‚èƒtƒBƒi[ƒŒ@‘S‚S‚T‚P‚Uñ‰Ì‚¢Œp‚®,https://news.yahoo.co.jp/articles/3845201905aca8109da6badde555413c244d0a39,10/7(Œ) 8:02
hokkoku,–kš V•·Ğ,–k—¤‚Ìƒ[ƒJƒ‹Ô—¼¨‘µ‚¢@521Œn‚Tí—Ş‚Ì—Yp‚ğƒJƒƒ‰‚É@‹à‘ò‚Ì‚h‚qÔ—¼ƒZƒ“ƒ^[,https://news.yahoo.co.jp/articles/204509c11d4494ee87f79422a2fb8407db39754f,10/7(Œ) 8:02
hokkoku,–kš V•·Ğ,ŒÌ‹½‚É‹ÑA”\“o‚ÉŒ³‹C@‘å‘Š–o‹à‘òêŠA–ˆõŒä—ç,https://news.yahoo.co.jp/articles/29db1da91ea01d602fe3f3bb026567cc93c5cd8b,10/7(Œ) 8:02
hokkoku,–kš V•·Ğ,H°‚êA•œ‹Œ­‚µ‚Å‚à@ƒ{ƒ‰ƒ“ƒeƒBƒAŒœ–½‚ÉŠ¾@‰œ”\“o‹‰J”íĞ’n,https://news.yahoo.co.jp/articles/48ca41e32c64c6fc77e0669f341d79337898b5a3,10/7(Œ) 8:02
hokkoku,–kš V•·Ğ,¼–{ŒO‚³‚ñA”\“o‚ğƒAƒCƒX@µ”ö‚Ì‰¼İ‚Å”z•zA—ã‚Ü‚µ,https://news.yahoo.co.jp/articles/2c569bdf98ff74152c259a377532bf87c0d8013e,10/7(Œ) 8:02
hokkoku,–kš V•·Ğ,¬¼‚ÅƒNƒ}‚ÆÔÚG@–î“c–ì’¬‚Ì‘“¹A‚¯‚ªl‚È‚µ,https://news.yahoo.co.jp/articles/634b7681a7a1a1d9c98551ac5dd4b7eae1814649,10/7(Œ) 8:02
hokkoku,–kš V•·Ğ,qƒJƒ^[ƒŒ•xRE‚i‚Rr¡‹GÅ‘½‚X‚V‚O‚Ol‘åº‰‡@ƒz[ƒ€‚P‚Uí–³”s,https://news.yahoo.co.jp/articles/17df6eda9ec35abc6443248d90f75baee7037027,10/7(Œ) 8:02
hokkoku,–kš V•·Ğ,q‘å‘Š–o‚‰ªêŠr‚V“ú”M“¬A“y•UŠ®¬@’|•½‹L”O‘ÌˆçŠÙ,https://news.yahoo.co.jp/articles/ca0e2864edbc5daf7dd09b7ac784b45dc4b49f7c,10/7(Œ) 8:02
hokkoku,–kš V•·Ğ,‘å‚Ì—¢ŠMùA”M‹C@‘å‘Š–o‹à‘òêŠ‚É‚S‚U‚T‚Ol,https://news.yahoo.co.jp/articles/d662e15fd51ae2a3e77620004d8486710c5f0f49,10/7(Œ) 8:02
hokkoku,–kš V•·Ğ,ˆ¤Œ¢‚Æs“dAƒƒ“ƒ_ƒtƒ‹@•xRA‚Ü‚¿‚È‚©‚Åuƒƒ“ƒgƒ‰ƒ€v@‚R‚O‘gƒP[ƒW‚È‚µ“dÔ—·,https://news.yahoo.co.jp/articles/13fb938891bbcff6da110ba210304e2a95f46019,10/7(Œ) 8:02
hokkoku,–kš V•·Ğ,‘nì‚Ì— ‘¤‚ÉŠÖS@‚u‚Ì‘•¶ŠwŠÙuˆäã‚Ğ‚³‚µ“Wv@ŠwŒ|ˆõ‚ªƒMƒƒƒ‰ƒŠ[ƒg[ƒN,https://news.yahoo.co.jp/articles/54fb95ccbf410c42a398058d4d27a50ab24b8e52,10/7(Œ) 8:02
hokkoku,–kš V•·Ğ,ŠİA‘å·‚ÅÄ‘I@‰Hîs’·‘I@–{‹g‚É‚Q‚X‚S‚Q•[·,https://news.yahoo.co.jp/articles/f0a492a7418c21a7d81b8a0dddc5061bbeb1db52,10/6(“ú) 22:54
hokkoku,–kš V•·Ğ,‰Hîs’·‘IAŠİ‚ªŸ—˜éŒ¾,https://news.yahoo.co.jp/articles/38276d8018133d1e4db27d0c986b53bfce2dbcec,10/6(“ú) 22:36
hokkoku,–kš V•·Ğ,‘å‚Ì—¢ŠMùA”M‹C@‘å‘Š–o‹à‘òêŠ,https://news.yahoo.co.jp/articles/f317048418ed83d67de7884a7ac99d84abfbbf60,10/6(“ú) 22:16
hokkoku,–kš V•·Ğ,‰Hîs’·‘IA“Š•[—¦‚V‚OE‚Q‚W“@‘O‰ñ‚Ì‚V‚SE‚U‚Q“‚ğ‰º‰ñ‚é,https://news.yahoo.co.jp/articles/63baf1d6b380bfe053cccca250197b08d84ed188,10/6(“ú) 21:48
hokkoku,–kš V•·Ğ,V•·“Í‚«A‘]‘c•êŒ³‹C‚É@”z’BƒGƒbƒZ[Å—DGÜ‚Ì¬â¬E™–{‚³‚ñ@’nk‚É•‰‚¯‚¸A”z’Bˆõ‚ÉŠ´Ó,https://news.yahoo.co.jp/articles/541ef0195c9d3dcfeba17cde5b9082b2f64d46aa,10/6(“ú) 7:02
hokkoku,–kš V•·Ğ,ƒOƒ‰ƒEƒW[ƒY‚Q‚V‚Q“ú‚Ô‚èŸ‚Â@‚a‚QŠJ–‹í@_ŒË‚É‚W‚U|‚W‚T,https://news.yahoo.co.jp/articles/d3ac84522c98d6790ffa6513dc110aa3b294d974,10/6(“ú) 7:02
hokkoku,–kš V•·Ğ,”Mí•‘‘ä’…X‚Æ@‘å‘Š–o‚‰ªêŠA‚V“úŠJÃ,https://news.yahoo.co.jp/articles/7d316854d3656254df33c79c3412c89ca655f47a,10/6(“ú) 7:02
hokkoku,–kš V•·Ğ,Œ§‘Iè’c Š´Ó‚Ì‰¡’f–‹@‘ƒXƒ|ŠJ‰ï®@kĞA‹‰J‚Å‘S‘‚©‚çx‰‡,https://news.yahoo.co.jp/articles/f1616dede78dd12e421c9bc435afa2c04b3e61fc,10/6(“ú) 7:02
hokkoku,–kš V•·Ğ,“®•¨“ú–{‰æAŠ´«‚ğhŒƒ@“v”gs”üpŠÙŠé‰æ“W@o’¬’†”üp•”‚ªŠÓÜ,https://news.yahoo.co.jp/articles/0e380f5aad35ed8442380f09ec317035bef63960,10/6(“ú) 7:02
hokkoku,–kš V•·Ğ,u•x•x•xvˆùH“X‚Å‚o‚q@Œ§“àŠO‚T‚W“X•Ü‚ÅV•ÄƒtƒFƒA@ŒÀ’èƒƒjƒ…[’ñ‹Ÿ,https://news.yahoo.co.jp/articles/269e50b8f5bbdc1c0bc71063746dce27a323afcf,10/6(“ú) 7:02
hokkoku,–kš V•·Ğ,n”Nƒoƒ“ƒh¯ì”M‚­@“v”g@‚R‚O”N‚Ô‚èA‚Xl‚ÅÄŒ‹¬@‚Q‚O“úA‚È‚ñ‚Å‚àso‰‰,https://news.yahoo.co.jp/articles/91e13ef3fbbf4c322f0982cfd565aac0c7b14a1a,10/6(“ú) 7:02
hokkoku,–kš V•·Ğ,Œ|”\”­•\‚ÅˆêŠJ•ú@‚‰ª–œ—t‚Ü‚Â‚è‚Q“ú–Ú@”íĞ‚Ìs–¯‘ÌˆçŠÙ@ƒAƒŠ[ƒi‚Ì”¼•ªAˆÀ‘SŠm”F,https://news.yahoo.co.jp/articles/2d1d0807247fae17ab5958642b5399c8986c1354,10/6(“ú) 7:02
hokkoku,–kš V•·Ğ,‰œ”\“o‹‰JuŒƒrv‚É@ñ‘ŠA—Ö“‡‚ÆìF‹@‚Å•\–¾@”pŠü•¨ˆ—A’nk‚Æˆê‘Ì,https://news.yahoo.co.jp/articles/8e7254e517bd44957f4ff186cc3ada9e30578b82,10/6(“ú) 5:02
hokkoku,–kš V•·Ğ,uƒŠƒŒ[Œ`®‚Å˜a‘¾ŒÛ‚ğ‚½‚½‚¢‚½Å‘½l”v‚Q‚U‚Xl‚Å¢ŠE‹L˜^@u‰êu¢ŠEˆê’·‚¢ƒxƒ“ƒ`v‚ÅƒMƒlƒXÄ’§í,https://news.yahoo.co.jp/articles/eb710a3b453121d4a4771ac59f5bc979747c0373,10/6(“ú) 5:02
hokkoku,–kš V•·Ğ,–{‹gAŠİ‚ÉR”»@‰Hîs’·‘IA‚U“ú“ŠŠJ•[,https://news.yahoo.co.jp/articles/e347eb767703f754ef33beb523a18cabdeb97ed5,10/6(“ú) 5:02
hokkoku,–kš V•·Ğ,ç—¢•l‚Éu‚¨‚©‚¦‚èv@‚r‚r‚s‚q‚Q‚O‚Q‚SŠJ–‹@ƒ‰ƒCƒ_[WŒ‹A‰“ú‚Í‚P‚X‚O‚U‘ä,https://news.yahoo.co.jp/articles/1cc0f6f3d88580b5b51bca1ded14ffb829e97f09,10/6(“ú) 5:02
hokkoku,–kš V•·Ğ,u•x•x•xvV•Ä‚ª”­”„@Œ§“àˆêÄA‹q”ƒ‚¢‹‚ß,https://news.yahoo.co.jp/articles/013e7f0febfb749f86ef3f4fca7ecc4ce284053b,10/5(“y) 17:24
hokkoku,–kš V•·Ğ,‹‘åu‘¢‚è•¨v’ß—ˆ‚É”M‹C@‚Ù‚¤‚ç‚¢Õ‚èŠJ–‹,https://news.yahoo.co.jp/articles/d9cd8393ed7d13c7eb90f43ea488b7b48a234009,10/5(“y) 16:02
hokkoku,–kš V•·Ğ,Î”jñ‘ŠA”\“o‚Å•œ‹»–ñ‘©@”íĞÒ‚ÉuŠæ’£‚ë‚¤‚Æv‚¦‚é‚æ‚¤v,https://news.yahoo.co.jp/articles/e3a917eca654e8c9aa7efc93995a32a911485044,10/5(“y) 16:02
hokkoku,–kš V•·Ğ,”\“o‚ÌğAˆù‚ñ‚Å•œ‹»Œã‰Ÿ‚µ@‚µ‚¢‚Ì‚«Œ}•oŠÙ‚ÅƒTƒPƒ}ƒ‹ƒVƒF,https://news.yahoo.co.jp/articles/4ddff06eb0643adb5e39d05a7495176b7b38d22b,10/5(“y) 16:02
hokkoku,–kš V•·Ğ,X–{‰wˆÈ“Œ‚Ì˜Hü”p~@¼“ú–{‚i‚qƒoƒXA—ˆ”N‚SŒ‚©‚ç,https://news.yahoo.co.jp/articles/99ad13d2b150544483bcb044ccea618d53f95c55,10/5(“y) 7:02
hokkoku,–kš V•·Ğ,‘å‘Š–o‹à‘òêŠA‘Ò‚Á‚½‚È‚µ@‚U“ú‚Ö“y•Uì‚è’…X,https://news.yahoo.co.jp/articles/711ba0585fcef1614a9c02ed469dd865bee9abdf,10/5(“y) 7:02
hokkoku,–kš V•·Ğ,‘å‚Ì—¢ƒR[ƒi[Šg[@’nŒ³’Ã”¦ƒVƒOƒiƒXA‹à‘òêŠ‹@‚ÉŒ©‚É—ˆ‚Ä,https://news.yahoo.co.jp/articles/d734dbc4f25d375a510a8e01c4ed853338b97888,10/5(“y) 7:02
hokkoku,–kš V•·Ğ,ÄŒš’†Z…u•‰‚¯‚ç‚ê‚ñv@‰œ”\“o‹‰J@‚T“ú‚Å‚QTŠÔ@‚V‚QÎ•‰Èˆã“¥‚ñ’£‚é,https://news.yahoo.co.jp/articles/a51343719866bfe81bfd4e9d908c050a4a7d4e57,10/5(“y) 7:02
hokkoku,–kš V•·Ğ,–œ—t‰Ì˜NXAŒ³‹C“Í‚¯@‚‰ª‚Å˜N¥‚Ì‰ï@•š–ØA•XŒ©‚Ì”íĞÒo‰‰,https://news.yahoo.co.jp/articles/47c8fca13551e32ac685daf610110e0906b46fbb,10/5(“y) 7:02
hokkoku,–kš V•·Ğ,q•xRƒOƒ‰ƒEƒW[ƒYE‚a‚Qr•K‚¸‚a‚PA©M‚ ‚é@ƒSƒƒXV‚g‚bu‰Æ‘°‚É‚È‚ê‚ÎŸ‚Ä‚év,https://news.yahoo.co.jp/articles/54963766f4995042f0a706cd88b1f00aae073a1b,10/5(“y) 7:02
hokkoku,–kš V•·Ğ,Œ±’S‚¬•Ù“–A”Mí‚ÉÊ‚è@‘å‘Š–o‚‰ªêŠA‚V“ú‚É’|•½‹L”O‘ÌˆçŠÙ,https://news.yahoo.co.jp/articles/fad2be42e0ba910de7a53a2ef598477bccb74a7e,10/5(“y) 7:02
hokkoku,–kš V•·Ğ,Œ¶‘zA–œ—t‚Ü‚Â‚è@‚‰ª‚ÅŠJ–‹@“Áİ‚Ì…ã•‘‘ä@‚R“úŠÔ‚Å‘S‚Q‚OŠª˜N¥,https://news.yahoo.co.jp/articles/e86ff4b53b73beeacaa25bbadff27751866b1a13,10/5(“y) 7:02
hokkoku,–kš V•·Ğ,Š®‘–ƒƒ_ƒ‹‚ªŠ®¬@‚Q‚V“úA‹à‘òƒ}ƒ‰ƒ\ƒ“@”ü‘å‚R”NEì–{‚³‚ñƒfƒUƒCƒ“,https://news.yahoo.co.jp/articles/156faa0d2be504798bd5eabc8af8535dbdf134e0,10/5(“y) 7:02
hokkoku,–kš V•·Ğ,ƒRƒXƒ‚ƒX‚P‚O‚O–œ–{oŒ}‚¦@“v”gE–²‚Ì•½ƒEƒIƒbƒ`ƒ“ƒOŠJ–‹@“y“új‚ÍuR’¸ƒJƒtƒFv,https://news.yahoo.co.jp/articles/18bdb22163b594bc3c627cf473033c49ed20573c,10/5(“y) 7:02
hokkoku,–kš V•·Ğ,”ü‚µ‚³‚Æ‹@”\«”õ‚¦@ƒfƒUƒCƒ“ƒtƒFƒAA•xR‚ÅŠJ–‹,https://news.yahoo.co.jp/articles/bedb04a7829b842c4744cfa5b99432bdb1eb4822,10/5(“y) 7:02
hokkoku,–kš V•·Ğ,ìF‚Ì‰–AŠw‰€Õ‚Å‚o‚q@‹à‘òŠw‰@‘å‚Å‚P‚QA‚P‚R“ú@‰–“cu•‚Álv‚Æ‰h—{Šw•”,https://news.yahoo.co.jp/articles/f33ae6d80bcc47e71a977c3a0048f421833ca0a7,10/5(“y) 5:01
hokkoku,–kš V•·Ğ,‰J‚Ì’†AŒœ–½‚Ì‘{õ‘±‚­@‰œ”\“o‹‰JA‚T“ú‚Å‚QTŠÔ,https://news.yahoo.co.jp/articles/790be0c110a2a68ad89277659d5f3ddcb866b0d1,10/4(‹à) 16:01
hokkoku,–kš V•·Ğ,q‰œ”\“o‹‰Jr”íŠQ‚Q‚O‚O‚O“’²¸ŠJn@—Ö“‡sAœëĞØ–¾‘”­s‚ÖZ…ó‹µ‚ğŠm”F,https://news.yahoo.co.jp/articles/e8ee09675354af3a4637f1c9577da321c15fdba4,10/4(‹à) 16:01
hokkoku,–kš V•·Ğ,•œ‹»‚ÌŠè‚¢ƒ^ƒIƒ‹‚É@‚Q‚V“ú‚Ì‹à‘òƒ}ƒ‰ƒ\ƒ“@Rè‚³‚ñi‹à‘òŠw‰@‘åjƒfƒUƒCƒ“Ì—p,https://news.yahoo.co.jp/articles/1b04a400496225ca72eb73b6a46b49845c092281,10/4(‹à) 7:02
hokkoku,–kš V•·Ğ,‰¼İ¤“XŠX‚©‚çŒ³‹C‚ğ@–å‘OEã`›’Ê‚èA‚P‚Q“úƒvƒŒƒI[ƒvƒ“@ˆß—¿‚âğAG‰İ‚P‚P“XˆÓ—~,https://news.yahoo.co.jp/articles/24af2ca8f339388db129072e5742fa7543c8c397,10/4(‹à) 7:02
hokkoku,–kš V•·Ğ,ŠÏŒõ‘åg‚ÌˆÓ—~Œê‚é@•PŒä‘O‚ª¬¼s’·–K–â,https://news.yahoo.co.jp/articles/cf5983681843dbdcfaf73f8f85f45e7cdf21d045,10/4(‹à) 7:02
hokkoku,–kš V•·Ğ,ƒNƒ}‚Ì‰aê®”õ‚ÖA÷@¬¼sA‚·‚İ•ª‚¯i‚ß–ŒÌ–h‚®@‚P‚O“úA‘å™‚ÌR‰œ‚É‚V‚O–{,https://news.yahoo.co.jp/articles/1f833049784b461206780c38716db07634e929db,10/4(‹à) 7:02
hokkoku,–kš V•·Ğ,ƒVƒƒAƒŠ‹ìœ‘•‚¢¼æ@‹à‘ò‚Ì’j‚ç‚VlA”\”ü‚Å‚U‚U‚O–œ‰~@‹à‘ò“Œ‚È‚Ç‡“¯‘{¸”ÇA—e‹^‚Å‘ß•ß,https://news.yahoo.co.jp/articles/01f3a223dd7717507305adfa7bdff53f4c28dc47,10/4(‹à) 7:02
hokkoku,–kš V•·Ğ,‘–s’†‚Ì–k—¤VŠ²ü‚ÅŒP—û@h–Œ‚ğ‘z’è@‚i‚q¼A“Œ‰‚ß‚Ä‡“¯,https://news.yahoo.co.jp/articles/7158dbd994905391cda66390a6633e02bd9f401c,10/4(‹à) 7:02
hokkoku,–kš V•·Ğ,ŠìO—ƒ‰¹‚³‚ñ‚Æ“Á’è@•Ÿˆä‰«”­Œ©A•ƒ‘é–ç‚³‚ñu‚¨‚©‚¦‚èv@‰œ”\“o‹‰J€Ò‚P‚Sl‚É,https://news.yahoo.co.jp/articles/b638ac847401ab98cf8125f165590a99fcdc2743,10/4(‹à) 7:02
hokkoku,–kš V•·Ğ,‚R“úŠÔ˜N¥‚Ì•‘‘ä®‚¤@‚‰ª–œ—t‚Ü‚Â‚èA‚S“úŠJ–‹@‚‰ªŒÃéŒö‰€‚Å‚Qçl‚ªo‰‰,https://news.yahoo.co.jp/articles/648a5d760fc7852cd0188d976ef0edf1af2aa3f0,10/4(‹à) 7:02
hokkoku,–kš V•·Ğ,”íĞ’n–ü‚â‚·—Íì@•XŒ©s”üp“WŠJ–‹@‚T•”–å‚É‚P‚Q‚O“_,https://news.yahoo.co.jp/articles/7b4c87f26ea293043cd49f209f59a9bd42567f59,10/4(‹à) 7:02
hokkoku,–kš V•·Ğ,q‘å‘Š–o‚‰ªêŠr’©”TRAƒOƒbƒY‚Å“oê@‚V“úŠJ–‹A•xRŒã‰‡‰ïu‰‰‡‚µ‚Äv,https://news.yahoo.co.jp/articles/1f8c83764e1cecb503a6048b9fbe94614e4aca08,10/4(‹à) 7:02
hokkoku,–kš V•·Ğ,‰œ”\“o‹‰J”íŠQ‚ğ‹CŒ­‚¤@ìF‚Ì”íĞÒ‚ğó‚¯“ü‚ê‚½•xR‚Ìƒzƒeƒ‹@u”\“o”üŒi‚Í‚ª‚«v¡‚àŒğ—¬‘±‚­,https://news.yahoo.co.jp/articles/15ddee7e52e4ccf315bff103d1c26e00c406aa2e,10/4(‹à) 7:02
hokkoku,–kš V•·Ğ,”L–”‰w‚T“úAæ~‰Â”\‚É@••”EƒgƒƒbƒR“dÔ,https://news.yahoo.co.jp/articles/a486170fa49eeae634581d12ffc3c34f09df030e,10/4(‹à) 7:02
hokkoku,–kš V•·Ğ,‘ås“•us–¯‚Ì‘äŠvÊ‚é@‹ß]’¬sê‚Å‚Ü‚Â‚èŠJ–‹,https://news.yahoo.co.jp/articles/bd6a7813c1ae7b6853709a5ff6592f8fd8a22982,10/3(–Ø) 16:01
hokkoku,–kš V•·Ğ,”\“o•œ‹»‚ÖŠó–]‘õ‚·‘åì@ŒŠ…‚‘“¹ƒK[ƒ‹ƒY@”’R‚Å“W¦,https://news.yahoo.co.jp/articles/d39910b81ead34c0104a421d31ccb4345d42fe68,10/3(–Ø) 16:01
hokkoku,–kš V•·Ğ,”N‰ê‚Í‚ª‚«‚É•œ‹»Šè‚¢@”\“o‚Ì–¼ŠƒfƒUƒCƒ“@‘æ‚P•Ö”À“ü,https://news.yahoo.co.jp/articles/b89dd336d71c397e29cd622ce6db20a74168cf06,10/3(–Ø) 16:01
hokkoku,–kš V•·Ğ,‚¨‚¹‚¿Aƒe[ƒ}‚Í”\“o‰‰‡@‚Ó‚ñ‚¾‚ñ‚ÉHŞg‚¢@‘‚­‚à¤íƒXƒ^[ƒg,https://news.yahoo.co.jp/articles/49ce9cb074b0064571576d518104eca83121fe12,10/3(–Ø) 8:02
hokkoku,–kš V•·Ğ,•l•Ó”ü”g‚³‚ñA‚Q‚U”Nu‰‘å‰Ív@u–LbŒZ’íIvG‹g‚ÌÈE”JX,https://news.yahoo.co.jp/articles/70246f6476826b01ff0e0788e515b3df3dc6aec9,10/3(–Ø) 8:02
hokkoku,–kš V•·Ğ,ƒXƒPƒ{[—q‚S”NŒãŒÜ—Ö‚ÖŒˆˆÓ@’†R•–“ŞuƒƒX‚Íâ‘Îƒƒ_ƒ‹v@Ë…‚Å’†Šw¶‚Éu‰‰,https://news.yahoo.co.jp/articles/efb5981ddf4f526a82dd13af4bb52c2ea7e73fb5,10/3(–Ø) 8:02
hokkoku,–kš V•·Ğ,“|‰óƒrƒ‹A‚V“ú‰ğ‘Ì’…è@—Ö“‡sA”N“x“àŠ®—¹‚Ö,https://news.yahoo.co.jp/articles/6411e213e859459faf53e6d3bbba7043f62140d2,10/3(–Ø) 8:02
hokkoku,–kš V•·Ğ,ŒÀŠEW—‚Ì•ó‚ğé’[•Ê‰@‚Ö@“ì“vEjŠ|@–{‘¸A‚RŒË‚Åç‚é‚àŒÀŠE@“y»•ö‚ê‚ÅíŒã‘¹‰óAŒä“°‚Å•Û‘¶,https://news.yahoo.co.jp/articles/45fd124ceae63a84a89b1c6450bd293d887bb66f,10/3(–Ø) 8:02
hokkoku,–kš V•·Ğ,”Â”Ô•t§ìA‚¢‚æ‚¢‚æ–{”Ô@‘å‘Š–o‚‰ªêŠA’|•½‹L”O‘ÌˆçŠÙ‚Å‚V“úŠJ–‹,https://news.yahoo.co.jp/articles/94f9200b0268d6617ab7eaf2b6589aec7b547b1f,10/3(–Ø) 8:02
hokkoku,–kš V•·Ğ,…‰j‚Å•XŒ©‚Ì•œ‹»‰‰‡@—§‹³‘å¶A‚P‚OŒ––‚©‚ç‡h@–¼—_s–¯ˆÀ•”´‚Ì‰,https://news.yahoo.co.jp/articles/ad1266531ff96acb5564d60826f6de106cba992b,10/3(–Ø) 8:02
hokkoku,–kš V•·Ğ,l‹CŒ’İu‘I‹“‚ÌŠçv@¬ò”íĞ’n‹@u•œ‹»‚ğ‚Æ‚à‚Év,https://news.yahoo.co.jp/articles/bd19e17dcc6babdb68a7ebe351cb4b39b33125b4,10/3(–Ø) 8:02
hokkoku,–kš V•·Ğ,ü‚èlŒ`‚É‘«—˜«ŒR@Ë…E•ú¶’Ã”ª”¦‹{‚Å’zRs–,https://news.yahoo.co.jp/articles/1a5d2316f71bc903029335748047b43ffec2e2da,10/3(–Ø) 8:02
hokkoku,–kš V•·Ğ,u•PŒä‘Ov‚ÉíñÀA–qŒûAR“c‚³‚ñ@¬¼‚ÌŠÏŒõ‘ågA13“ú‚É”FØ®,https://news.yahoo.co.jp/articles/e633b42793f987bf8bbfff24d5fe042bcdec0826,10/3(–Ø) 8:02
hokkoku,–kš V•·Ğ,‰f‰æu•—‚Ì–~vŠ®¬j‚¤@ƒƒP’n‚Ì“ì“v‚Åã‰f‰ï,https://news.yahoo.co.jp/articles/f876017c25a7d35a45e73ddc98338fbfb99e62e7,10/3(–Ø) 8:02
hokkoku,–kš V•·Ğ,‹à‘òêŠA—Í“¬‹ß‚Ã‚­@‚U“úA‹à‘òs‘‡‘ÌˆçŠÙ@”Â”Ô•t‚Ì»ìi‚Ş,https://news.yahoo.co.jp/articles/d547effefc07bbf1e4febd6536b8f833b0d41c53,10/3(–Ø) 8:02
hokkoku,–kš V•·Ğ,¤“Xå‚ªÚ‹q‰pŒêŠw‚Ô@•xRE‘åèƒ‚[ƒ‹‚È‚Ç@–K“ú‹q‘‚Å‹³º@¤•ià–¾‚â–¼ŠˆÄ“à,https://news.yahoo.co.jp/articles/90565bb5cab51c91a2c33960a513da7d3fcd5fe4,10/3(–Ø) 8:02
hokkoku,–kš V•·Ğ,‘I‹“‚ÌŠçA”íĞ’n‚É@¬òu”\“o‚ğŒ©Ì‚Ä‚È‚¢v,https://news.yahoo.co.jp/articles/74973c1a55dfef86655082db006e608e1c98653d,10/2(…) 16:02
hokkoku,–kš V•·Ğ,q‰œ”\“o‹‰Jr—Ö“‡ŠCŠİ•”A‚Q‚X‚Ol‘Ô¨@•s–¾‚Ì’†R‚³‚ñA‘{õ‘±‚­,https://news.yahoo.co.jp/articles/c21afa682acf4dc48cb42f0007dc133b733aea4b,10/2(…) 16:02
hokkoku,–kš V•·Ğ,–n‚Ì”ü‚U‚O“_A‘½Ê‚É@Œ§‘”üp˜A–¿‘I”²ì‰Æ“W,https://news.yahoo.co.jp/articles/479c0f704310d5f043227df1b981408fa122f864,10/2(…) 16:02
hokkoku,–kš V•·Ğ,—Šâã‹ó‚Éœa¯u‡‹àREƒAƒgƒ‰ƒXv@‚‰ª‚Ìˆ¤D‰ÆA‰J°ŠCŠİ‚ÅB‰e,https://news.yahoo.co.jp/articles/90cf439fe16f139aa57c12f65efb1a65fb5d0af9,10/2(…) 8:02
hokkoku,–kš V•·Ğ,–³”h”´ŠÑ‚«d—vƒ|ƒXƒg@‹kAŠ¯–[•›’·Š¯‚É@–œ—tW˜N¥uŒğ‘ã®‚É‚Æ‚Á‚Ä‚¨‚«‚Ü‚·v,https://news.yahoo.co.jp/articles/251475af9849b61c1476d85c4183808e73b1ee11,10/2(…) 8:02
hokkoku,–kš V•·Ğ,u‚¨‹A‚è‚ÆŒ¾‚¢‚½‚¢v—Ö“‡‚Ì‰Æ‘°—Ü@•Ÿˆä‰«‚Éˆâ‘ÌA•s–¾‚Ì—ƒ‰¹‚³‚ñ‚©,https://news.yahoo.co.jp/articles/8414e37a67240ff151a3119af56882c288d96d70,10/2(…) 8:02
hokkoku,–kš V•·Ğ,–k—¤‚c‚bƒXƒ^[ƒg@•xR‰w‚Å‚¨‚à‚Ä‚È‚µ,https://news.yahoo.co.jp/articles/ef7efc91c8c86863598ccab907856f226191bd0d,10/2(…) 8:02
hokkoku,–kš V•·Ğ,•œ‹»Šè‚¤`’¬‚ÉŠˆ‹C@V–©‰gR‚Ü‚Â‚è@’ñ“”R‚Æ‰Ô‰Î,https://news.yahoo.co.jp/articles/f64f191ecdb18f7056d79c1c1b2cb25440467929,10/2(…) 8:02
hokkoku,–kš V•·Ğ,q‘å‘Š–o‚‰ªêŠru”íĞÒ‚É—E‹C‚ğv@‚V“úŠJÃ‚ÅŒNƒPà_e•ûAs’·‚É‚ ‚¢‚³‚Â,https://news.yahoo.co.jp/articles/5fbed2ec0a391bfd0795f7da3f174041cd6b6800,10/2(…) 8:02
hokkoku,–kš V•·Ğ,ƒxƒjƒYƒƒC‹™–{Ši‰»@‹›’Ã`,https://news.yahoo.co.jp/articles/2b3cdd3b788d2daeec6679cbb90e20fa5d58c367,10/2(…) 8:02
hokkoku,–kš V•·Ğ,’á‘¬“d“®Ô‚ÅˆÚ“®@•xREŠâ£‚Å‰^sĞ‰ïÀŒ±,https://news.yahoo.co.jp/articles/57aefd637d4dcd6579f3cc747af25ff1115f33f8,10/2(…) 8:02
hokkoku,–kš V•·Ğ,••”‰wƒoƒŠƒAƒtƒŠ[‰»@¼‘¤‚©‚çƒAƒNƒZƒX‰Â”\‚É@‚ ‚¢‚Ì•—@sAŠî–{\‘zô’è‚Ö,https://news.yahoo.co.jp/articles/d84fd9201ea29b8bf567823a2ee740d5b1834bbf,10/2(…) 8:02
hokkoku,–kš V•·Ğ,kĞŒã“]o’´‰ß‚SD‚T”{@”\“o‚Us’¬@‹‰J‚Å—¬o‰Á‘¬Œœ”O,https://news.yahoo.co.jp/articles/c81dc77dd3760616ca60beb07b7ed7bbc7212d95,10/2(…) 8:02
hokkoku,–kš V•·Ğ,ƒCƒJƒLƒ“ƒO‚ª­”N–h”Æ‚Ì–¼—_‰ï’·‚É@ˆÏú®u‚Â‚¢‚ÄƒCƒJ‚È‚¢v™“¶¾‚¤,https://news.yahoo.co.jp/articles/b0ec26fc2bcc413e05501a414c0b27adbe7c5f69,10/2(…) 8:02
hokkoku,–kš V•·Ğ,”õ•i”Ì”„‚Öuo“Xv@’†”\“o’¬‚ªƒtƒŠƒ}ƒAƒvƒŠ‚É,https://news.yahoo.co.jp/articles/7d76d172a97c676a7256f499541bb4ed1692fb6d,10/2(…) 8:02
hokkoku,–kš V•·Ğ,»‘–Œö‰€‚Ì’r‚P‚P”N‚Ô‚è´‘|@•ĞR’Ã‰·òAâ–ÅŠë‹@ƒKƒKƒuƒ^AÍ,https://news.yahoo.co.jp/articles/22387f2d8b10b3f7af2184c84b59fc9aa60c525a,10/2(…) 8:02
hokkoku,–kš V•·Ğ,ƒ•Äğ‚â‚Ü‚µ‚ëAd‚İ¬Œ÷‹FŠè@‰Á‰ê‚ÅûŠnÕ,https://news.yahoo.co.jp/articles/a48b8caf3796c7629bca91225ccddc30d5129018,10/2(…) 8:02
hokkoku,–kš V•·Ğ,‰z‹«’ÊŠwAZÉŠÔØ‚è@‹‰J‚ÅZ…A—Ö“‡¨”\“o’¬@’nk‚©‚ç‚XƒJŒ,https://news.yahoo.co.jp/articles/23f624de348a7197dbada8806bcdbee1b9642c72,10/1(‰Î) 17:16
hokkoku,–kš V•·Ğ,‰Ä“ú‚Ìˆß‘Ö‚¦@‹à‘ò‚Q‚WE‚P“xA—Ö“‡‚Q‚VE‚Q“x,https://news.yahoo.co.jp/articles/6e30e47c8f2b503a2e5f9bd22bf28368f6254bfd,10/1(‰Î) 17:09
hokkoku,–kš V•·Ğ,q‰œ”\“o‹‰Jr•s–¾‚Ì’†3—q‚©@•Ÿˆä‰«‚É—«ˆâ‘Ì,https://news.yahoo.co.jp/articles/73df79959c4b424517cd25e7cb57411c9f124dc1,10/1(‰Î) 12:36
hokkoku,–kš V•·Ğ,˜HüƒoƒXu‚³‚ç‚ÉŒ¸•Ö‚ ‚è“¾‚év@•xR’n“SA‚P“ú‚©‚ç‘å•Œ¸@’†“cĞ’·ƒCƒ“ƒ^ƒrƒ…[,https://news.yahoo.co.jp/articles/009aae2874ada229822877b9dbcd7978cea71966,10/1(‰Î) 8:02
hokkoku,–kš V•·Ğ,ƒ}ƒRƒ‚ƒ^ƒP‰o‰×@•XŒ©“ÁYA–Ò‹‚Å‚P‚O“ú’x‚­,https://news.yahoo.co.jp/articles/8d7e3b6cab9aad523b5d91ed054f9ebd2fd76eb0,10/1(‰Î) 8:02
hokkoku,–kš V•·Ğ,—Ím‚Ì‚É‚±‚â‚©‚ÈŠçŒ©‚Ä@‚V“ú‚É‘å‘Š–o‚‰ªêŠ@ŒNƒPà_e•û‚ªŒ©‚Ç‚±‚ëĞ‰î,https://news.yahoo.co.jp/articles/5d45aa029d0da3dc82f86292ddbfbd6ded476a96,10/1(‰Î) 8:02
hokkoku,–kš V•·Ğ,q‰œ”\“o‹‰Jr—Ö“‡‚ÅZ…‚Ì‰¼İA‘Ş‹ŠJn,https://news.yahoo.co.jp/articles/d12ce1551024985a5930d06eb62be07c166ba6fe,10/1(‰Î) 8:02
hokkoku,–kš V•·Ğ,ÎìŒ§“à‹]µÒ400l’´‚¦@’nk‚XƒJŒAŠÖ˜A€11l”F’è,https://news.yahoo.co.jp/articles/5bf2883df2615d6ae454a9f1898b61a02a305652,10/1(‰Î) 8:02
hokkoku,–kš V•·Ğ,”íĞ’nu‘I‹“‚Ç‚±‚ë‚¶‚áv@O‰@‘I•\–¾ó‚¯ÎìŒ§“à©¡‘Ì@“Š•[ŠAlèŠm•Û‚É¢˜f,https://news.yahoo.co.jp/articles/80c394e8e5e1a5e7dbfcb7bbd577686e6dced326,10/1(‰Î) 8:02
hokkoku,–kš V•·Ğ,‹­“A’j‚Ì‰æ‘œŒöŠJ@”’R@–ìXs‚Ì–ŒAî•ñ‹‚ß,https://news.yahoo.co.jp/articles/4c8e667c7aead4f1dcf6819dc66a197828edd2d0,10/1(‰Î) 8:02
hokkoku,–kš V•·Ğ,‚i‚Q•œ‹A‚Ö‚P–œl’§í@ƒJƒ^[ƒŒ•xRE¶”ºĞ’·A‹g•½å«@‚U“úAŒ§‘‚Å¡¡í,https://news.yahoo.co.jp/articles/5ff1f8b2ceba185955a1be997521e0f96f023d6d,10/1(‰Î) 8:02
hokkoku,–kš V•·Ğ,“¡q‚³‚ñƒLƒƒƒ‰‚ÅƒgƒŠƒbƒNƒA[ƒg@•XŒ©‰w‘OLê‚ÉŠÏŒõˆÄ“à”Âİ’u,https://news.yahoo.co.jp/articles/bb9e779ec52857ae7f2b76458448e78b3ab4e16f,10/1(‰Î) 8:02
hokkoku,–kš V•·Ğ,q•xRƒOƒ‰ƒEƒW[ƒYE‚aƒŠ[ƒOrŠG”n‚É—DŸuM‚¶”²‚­v@“¡‰iå«‚ç•KŸ‹FŠè@ŠJ–‹í‚Ö€”õ’…X,https://news.yahoo.co.jp/articles/a87b92887e6733686f8b7c582936b891e12ba88d,10/1(‰Î) 8:02
hokkoku,–kš V•·Ğ,u‚ª‚ñ‚Î‚ê‚Ì‚ÆvƒuƒC‚ÉŠè‚¢‹L‚·@µ”ös“Œ–©¬™“¶,https://news.yahoo.co.jp/articles/1ea929ed279e7456edbd4cd713fcf665bfb243c8,10/1(‰Î) 8:02
hokkoku,–kš V•·Ğ,u”\“o•œ‹»A‚Ì‚ë‚µ‚Év@‹g‰ª‚³‚ñA˜@˜Å‚³‚ñ“s“à‚Å‰ïŒ©@‚RŒA‰‰Œ€“°‚Åu‚Ü‚Â‚Æ‚¨‚Ëv,https://news.yahoo.co.jp/articles/e068fabc45c425c115041bee692b52905121a91a,10/1(‰Î) 8:02
hokkoku,–kš V•·Ğ,”ÍˆÍL‚°•s–¾Ò‘{õ@‰œ”\“o‹‰JA—Ö“‡‚ÌŠCŠİ‚È‚Ç,https://news.yahoo.co.jp/articles/813eef75e40c6be5e5116c268c8bfe8bdc9e2737,9/30(Œ) 16:17
hokkoku,–kš V•·Ğ,q‰œ”\“o‹‰Jr‹™tAŠC—‚àŒœ–½‘{õ@•s–¾‚Ì—Ö“‡’†EŠìO‚³‚ñ,https://news.yahoo.co.jp/articles/ffa47c4aceb1055b3bb9d79b2ec933d76d6377f7,9/30(Œ) 8:02
hokkoku,–kš V•·Ğ,”\“o•œ‹»Šè‚¢‚S‚P‚O‚Ol—Í‘–@‹à‘òéƒŠƒŒ[ƒ}ƒ‰ƒ\ƒ“H‚Ìw@‹à‘òŠw‰@¨‚Q•”–å‚u,https://news.yahoo.co.jp/articles/54b4094ff98c3c6ec832589c8913f9d99bc8e973,9/30(Œ) 8:02
hokkoku,–kš V•·Ğ,–{‹gAŠİ‚Ì‘ˆ‚¢@‰Hîs’·‘I¦A‚P‚OŒ‚U“ú“ŠŠJ•[,https://news.yahoo.co.jp/articles/84da43b4e135caa9c4d2b31b9d1b2741691906b2,9/30(Œ) 8:02
hokkoku,–kš V•·Ğ,H‚Ì•xRA‚ä‚Á‚½‚è‚Æ@‘åèƒ‚[ƒ‹‚Åuƒgƒ‰ƒ“ƒWƒbƒgƒ‚[ƒ‹v,https://news.yahoo.co.jp/articles/764205903727026c029372f453c63ea5790ac6e3,9/30(Œ) 8:02
hokkoku,–kš V•·Ğ,u•xR”ÅƒzƒR“Vv’è’…@ƒgƒ‰ƒ“ƒWƒbƒgƒ‚[ƒ‹@‹q‚à“X‚àƒŠƒs[ƒgAŠJ•úŠ´‚ª–£—Í,https://news.yahoo.co.jp/articles/4330ff85f5ce5d48a8c4b75234f7a500c157471b,9/30(Œ) 8:02
hokkoku,–kš V•·Ğ,“y»ĞŠQAŒÇ—§W—‚É‘Î‰@‘å’nk‚É”õ‚¦“v”g‚Å–hĞŒP—û,https://news.yahoo.co.jp/articles/996b75006512b784e6d70513a406400771c52f47,9/30(Œ) 8:02
hokkoku,–kš V•·Ğ,•xR‚Ì–¼“Xu–º–ºéLq•Üv‚ª•Â“X@H‚×”[‚ß‚Ìí˜A‚Å—ñ@”¼¢‹I‚Ì—ğj‚É–‹,https://news.yahoo.co.jp/articles/1f2452eb8525b15708b6210f91fe70d5d0e713f4,9/30(Œ) 8:02
hokkoku,–kš V•·Ğ,’©”TRA‚RŒ•œ‹A–Úw‚·@‚PŒ‚à‹–ì‚ÉuÅ‚ç‚¸‚â‚év@ŒZ’íq’f”¯®‚ÅŒˆˆÓ,https://news.yahoo.co.jp/articles/061c58ecc7802559bf15d4e03cd141cda9f82cb2,9/30(Œ) 8:02
hokkoku,–kš V•·Ğ,Š¾‚©‚«’n‘ A‚¨“°ÄŒš@“c’ß•lE‰º“Œ’n‹æA’nk‚Å‘¹‰ó@Z–¯Šñ•tu•œ‹»Œ©ç‚Á‚Äv,https://news.yahoo.co.jp/articles/ca1b030b635ae6d16be818665718fadc6b7fdbe6,9/30(Œ) 8:02
hokkoku,–kš V•·Ğ,©ìƒLƒŠƒRA’¬“à—û‚é@‹à‘òE—éŒ©‘ä‘æO’¬‰ïHÕ‚è@•œ‹»Šè‚¢Z–¯ˆê‘Ì,https://news.yahoo.co.jp/articles/1bb0eea105ebc4d3463880aa6f5228c29c8e67c5,9/30(Œ) 8:02
hokkoku,–kš V•·Ğ,‹‰Ø‹q‘DA•š–Ø‚¶‚çŠ½Œ}@•š–Ø•xR`‚É“ü`,https://news.yahoo.co.jp/articles/c00d98b2b03ae13a1ad07a1f349d496217338b09,9/30(Œ) 8:02
hokkoku,–kš V•·Ğ,•xRˆê‚R”N‚Ô‚è‚u@H‹GŒ§‚Z–ì‹…‘å‰ï@•xR–k•”‚É‚P‚T|‚P@‘æ‚R‘ã•\‚Í‚‰ªˆê,https://news.yahoo.co.jp/articles/dbdc358370d39ff3411dd4d6cbbedaf36f9160d0,9/30(Œ) 8:02
hokkoku,–kš V•·Ğ,”\“oHŞ‚Å•œ‹»x‰‡ƒAƒCƒX@–ìXs‚Ì‚½‚¢Ä‚«“X@‚­‚¸•²‚Å—n‚¯‚É‚­‚­,https://news.yahoo.co.jp/articles/6a90433a1e837ef108d3f90cc6700d853055e31d,9/30(Œ) 8:02
hokkoku,–kš V•·Ğ,Ä‚«’¹u“c‚Î‚½–{“Xv29“ú•Â“X@‹à‘òE’†‰›’Ê’¬‚Åˆ¤‚³‚ê68”N@“Xå‚—îAÕŒp‚¬•sİ,https://news.yahoo.co.jp/articles/01c52d0e710e27b2fd8fd1b0f4417fccbd86c0e5,9/29(“ú) 8:02
hokkoku,–kš V•·Ğ,‚Ì‚èƒs[u­‚µ‚Å‚à‘OŒü‚¢‚Äv@‹à‘ò‰w¼‚Å”\“oƒ`ƒƒƒŠƒeƒB[@‘å–ÂŒËe•û‚ªŠé‰æ,https://news.yahoo.co.jp/articles/d391ad341b9a253cf5d57ef3eca4c676d821deb9,9/29(“ú) 8:02
hokkoku,–kš V•·Ğ,ƒƒ_ƒŠƒXƒg“D‚©‚«•±“¬@T––ƒ{ƒ‰ƒ“ƒeƒBƒA‘±X@Œ•‚ğƒXƒRƒbƒv‚ÉAƒtƒFƒ“ƒVƒ“ƒO‚R‘Iè,https://news.yahoo.co.jp/articles/11d039749c7db7346d3cd965acc0adce0fa7a6a4,9/29(“ú) 8:02
hokkoku,–kš V•·Ğ,”ß—ö‚Ì•¨ŒêA–ìŠO‚Å”M‰‰@Œ€’c‚r‚b‚n‚sE—é–Ø‚³‚ñ‰‰o@••”ƒVƒAƒ^[ŠJ–‹,https://news.yahoo.co.jp/articles/52367048c84ab6eae367d03c50737eb092dbf18b,9/29(“ú) 8:02
hokkoku,–kš V•·Ğ,ƒS[ƒXƒ^‚Ì— ‘¤‚ğ’TŒŸ@‰‚ÌŒ©ŠwƒcƒA[,https://news.yahoo.co.jp/articles/4b8ee7797ffa8e9fde3b059b4da30c7d7389820c,9/29(“ú) 8:02
hokkoku,–kš V•·Ğ,‹‰J€Ò13l•‰47l@‰œ”\“oA”­¶‚PTŠÔ@‚U‰Íì‚Å—¬–Øœ‹’…è,https://news.yahoo.co.jp/articles/730bf6a666412885e76aa0361898825377280b2d,9/29(“ú) 8:02
hokkoku,–kš V•·Ğ,’I“cˆâY‚ÅˆîŠ ‚è@•XŒ©E’·â‚ÅƒI[ƒi[@•xRƒhƒŠ[ƒ€ƒX‚àQ‰Á,https://news.yahoo.co.jp/articles/9f42393c00d7be894d01bac264682601dc07437c,9/29(“ú) 8:02
hokkoku,–kš V•·Ğ,uÅI‚Ìwv–¼cÉ‚µ‚Ş@¬–î•”EŒ¹•½‰Î‹‚Ü‚Â‚èA‚R‚S”N‚Å–‹@‚í‚ç‚Ì‹ƒŒ[ƒX‚âƒpƒŒ[ƒh,https://news.yahoo.co.jp/articles/c550cd9322908d6c0baaf4e84a8d39644e678005,9/29(“ú) 8:02
hokkoku,–kš V•·Ğ,ò›‚ªƒƒCƒ“ƒfƒrƒ…[@“Æ©ƒuƒ‰ƒ“ƒh‚ÅƒgƒŒƒ{[‚Æ˜AŒg@uˆä”g‚ÌòvÔ‚Æ”’A‚P“ú”­”„,https://news.yahoo.co.jp/articles/a1cb5e62620d306002c96e28e7f4550ee753a4e4,9/29(“ú) 8:02
hokkoku,–kš V•·Ğ,‘åèƒ‚[ƒ‹‚Å”\“o‚ÉƒG[ƒ‹@‚Q‚X“ú‚Éƒgƒ‰ƒ“ƒWƒbƒg@ˆùH“Xo’£‚âƒvƒƒŒƒX,https://news.yahoo.co.jp/articles/c09cff035e7c1024d2fd60a1bbfcca0f7cec47d8,9/29(“ú) 8:02
hokkoku,–kš V•·Ğ,‹k‚ğŠ¯–[•›’·Š¯‚É@Î”j­Œ A—Ñ’·Š¯‘±“Š‚Å’²®,https://news.yahoo.co.jp/articles/edb6ebd8c061898b0be8de879e4d61ab9164ba7f,9/29(“ú) 8:02
hokkoku,–kš V•·Ğ,eqA“S“¹‚Ée‚µ‚Ş@‰^“]m‘ÌŒ±AœáÔŒ©Šw@‚ ‚¢‚Ì•—ƒtƒ@ƒ“ƒNƒ‰ƒu,https://news.yahoo.co.jp/articles/73cb29506079c849d6cce2bf0c82cd9ddabce64d,9/29(“ú) 8:02
hokkoku,–kš V•·Ğ,‰¡js‚«Ao”­isI@u‘å‚Ì—¢“dÔv‚¨”â˜I–Ú@’†A‚‰ß‚²‚µ‚½VŠƒ‚Å‰^s,https://news.yahoo.co.jp/articles/b045d5e0eb7cddc178af0073835dbc56abf7c912,9/29(“ú) 8:02
hokkoku,–kš V•·Ğ,u‚ª‚ñ‚Î‚ë‚¤I”\“ov•œ‹»Œf‚°‚Q‚X“ú†–C@‹à‘òéƒŠƒŒ[ƒ}ƒ‰ƒ\ƒ“H‚Ìw,https://news.yahoo.co.jp/articles/f0adde911112375b30bb969f3b36058227e72019,9/28(“y) 16:02
hokkoku,–kš V•·Ğ,q‰œ”\“o‹‰Jrƒ`[ƒ€ƒ[ƒN‚Å“D“P‹@–å‘O‚–ì‹…•”‚ç@‰¼İ‚È‚Ç‚ÅŠ¾,https://news.yahoo.co.jp/articles/77c0e4c03ab723008f8c87b305abbbf81acda431,9/28(“y) 16:02
hokkoku,–kš V•·Ğ,“~‚ÌƒCƒ‹ƒ~ƒl[ƒVƒ‡ƒ“A‚b‚e‚Å‘‹à@“v”gs’·‰ïŒ©@‚Q‚Oü”N‚Å‰¹Šy‰Ô‰Î,https://news.yahoo.co.jp/articles/220a097ea3cabfbb5c86571fd4863bbcd3f66233,9/28(“y) 8:02
hokkoku,–kš V•·Ğ,ŠMùAš£\˜Y‚³‚ñˆĞ•—“°X@¬¼‚ÅP–¼”â˜I„‹ÆAçHŠy,https://news.yahoo.co.jp/articles/cb856f5a6cbaa3786c786c80796689cb26acbb90,9/28(“y) 8:02
hokkoku,–kš V•·Ğ,ŒÇ—§W—A‘S‚Ä‰ğÁ@‰œ”\“o‹‰J‚PTŠÔ,https://news.yahoo.co.jp/articles/6dcd1c3b112bb597db153563aa6fccfc992e9d0f,9/28(“y) 8:02
hokkoku,–kš V•·Ğ,u¸”s‚ğ‹°‚ê‚È‚¢‚Åv@¬™’†‚Rl‚ª‚c‚i ‚j‚n‚n‚³‚ñ‚ğæŞ@Eê‘ÌŒ±u‚P‚SÎ‚Ì’§ív,https://news.yahoo.co.jp/articles/8cb7eb44de96907a7ae6d61ab050e9bf3f564e63,9/28(“y) 8:02
hokkoku,–kš V•·Ğ,Œğ’ÊˆÀ‘SAŒ§‹«Œ[”­‚S‚O‰ñ–Ú@•XŒ©‚Æ‰Hîs@—Ñs’·AÅŒã‚ÌQ‰Á,https://news.yahoo.co.jp/articles/03de493092ccbdfe046be3612aa89d7e8e365702,9/28(“y) 8:02
hokkoku,–kš V•·Ğ,”\“o•œ‹»‚Öu’…X¡i@—mX–œ—¢v@–{Ğ‹LÒ‚ªŒ©‚½Î”jV‘Ù,https://news.yahoo.co.jp/articles/49347a1d9e41aae74ab5b72b041f43b8c4d59fbb,9/28(“y) 8:02
hokkoku,–kš V•·Ğ,“ü“X’¼ŒãA•ĞŒ¾‚Åu‹à‚ğo‚¹v@–ìXs‹­“A”íŠQ‚V‚O–œ‰~,https://news.yahoo.co.jp/articles/119b5f29486c7abe18353ba6ad5bc23f9ebedd1a,9/28(“y) 8:02
hokkoku,–kš V•·Ğ,Œ§YƒRƒVƒqƒJƒŠ‚P“™‚U‚V“@‚WŒ––Ağ”N‚W“‚©‚ç‘å•ã¸,https://news.yahoo.co.jp/articles/0cd269046eec8ffbb1b8bb3f6e45e2a61470b105,9/28(“y) 8:02
hokkoku,–kš V•·Ğ,ˆ®i‹Œ“ì“v•ŸŒõ‚‚n‚fj‚ª‰—DŸ@‘ƒXƒ|AŒ§¨‘æ‚P†@ƒ‰ƒCƒtƒ‹ËŒ‚¬”N—q,https://news.yahoo.co.jp/articles/e990077a6012f838b3306174acb0a4bd2c742217,9/28(“y) 8:02
hokkoku,–kš V•·Ğ,¡”N‚ÍR’¸ƒJƒtƒF@‚S“ú‚©‚ç‚Æ‚È‚İ–²‚Ì•½‚ÅuƒRƒXƒ‚ƒXƒEƒIƒbƒ`ƒ“ƒOv,https://news.yahoo.co.jp/articles/5c11f5585d986e6559a693d97ff9d61a746a53c9,9/28(“y) 8:02
hokkoku,–kš V•·Ğ,‚o‚e‚tƒR[ƒi[‚ÅŠJ–‹·‚èã‚°@“¹‚Ì‰w‚¼@VƒŠ[ƒO‚P‚Q“ú‰í,https://news.yahoo.co.jp/articles/ae325d4a7ab4cc50fc59afe17c818426131582f7,9/28(“y) 8:02
hokkoku,–kš V•·Ğ,‚r‚s‚n‚oIŒğ’Ê–ŒÌ@R‘ã’†”üp•”‚ª˜H–ÊƒyƒCƒ“ƒg@©“]Ô‚Ìˆê’â~‘£‚·,https://news.yahoo.co.jp/articles/11c92dae837a2814f2cca6f01b9cb70194aad56f,9/28(“y) 8:02
hokkoku,–kš V•·Ğ,q‰œ”\“o‹‰Jr—Ö“‡AìF‚ÌŒÇ—§‰ğÁ,https://news.yahoo.co.jp/articles/a5930ae9edecc42167332645560e57c7a11ebe8f,9/27(‹à) 17:31
hokkoku,–kš V•·Ğ,•ĞŒ¾‚Ì“ú–{ŒêAŠO‘l‚©@–ìXsE‹­“A”íŠQŠz‚Í”\–œ‰~ˆÈã,https://news.yahoo.co.jp/articles/01d08fa26ad69f642b625d3b76f31bc49d3c6343,9/27(‹à) 16:02
hokkoku,–kš V•·Ğ,‚Ğ‚á‚­‚Ü‚ñ’‚ÌV•Ä“oê@Œ§“àˆêÄ”­”„A‰¿Ši‚Í‚S`‚TŠ„‚,https://news.yahoo.co.jp/articles/1b998f6ab2f673691c26bb682df7623fed5ebd0a,9/27(‹à) 16:02
hokkoku,–kš V•·Ğ,Œ§“à“}ˆõ•[A‚sƒgƒbƒv@©–¯‘Ù‘I,https://news.yahoo.co.jp/articles/cf13e4bd5add95ffe4a970936fe8313c6b8e7df0,9/27(‹à) 14:09
hokkoku,–kš V•·Ğ,©–¯‘Ù‘I@Œ§“à“}ˆõ•[@‚sƒgƒbƒv,https://news.yahoo.co.jp/articles/fee7674f581821dfb8a8e37af6510c22fa2f047f,9/27(‹à) 14:06
hokkoku,–kš V•·Ğ,ƒuƒ‰ƒ“ƒh”ƒæ“X‚É‹­“@–ìXsEŒäŒo’ËAn•¨’j“¦‘–@×g‚Ì170ƒZƒ“ƒ`A”’‚¢ƒVƒƒƒc,https://news.yahoo.co.jp/articles/67f2033d57fd9b8698aec3bd31ef7c2eb9e67993,9/27(‹à) 8:02
hokkoku,–kš V•·Ğ,áÒ‚ÌŒ³‹C‚É—ã‚Ü‚³‚ê@—Ö“‡E’¬–ì‚ÌƒX[ƒp[@q‹ó‚Îì–ì‹…•”ˆõA“D‚©‚«,https://news.yahoo.co.jp/articles/ff711dba8c999f1aafe308b8aef18e35742dc7cf,9/27(‹à) 8:02
hokkoku,–kš V•·Ğ,F‚Ã‚­—§RAg—t‚ªŒ© ,https://news.yahoo.co.jp/articles/1ab346cf4a3b8157219332ff779bc76ee7ec3c17,9/27(‹à) 8:02
hokkoku,–kš V•·Ğ,“ª‚©‚çoŒŒ’j«•ÛŒì@“v”guÔ‚É‚Ğ‚©‚ê‚½v,https://news.yahoo.co.jp/articles/2834d5fee6d2e0d22f5158a765d2f2bb48773632,9/27(‹à) 8:02
hokkoku,–kš V•·Ğ,›ˆä“’A•œŠˆƒI[ƒvƒ“@‚R‚RÎ‚Ì_•À‚³‚ñŒp³,https://news.yahoo.co.jp/articles/3bcefe156b1b8283f09e5d803ab87cf1604b772f,9/27(‹à) 8:02
hokkoku,–kš V•·Ğ,‚Ü‚·‚¸‚µ‚P‚Q“XH‚×”ä‚×@‘g‡‚ª•xRs–ğŠ‚Å”Ì”„ƒCƒxƒ“ƒg@‚Q‚S‚OƒZƒbƒgA‚P‚O•ª‚ÅŠ®”„,https://news.yahoo.co.jp/articles/2f7b713b5416e92943de800944e4fd7df21e595f,9/27(‹à) 8:02
hokkoku,–kš V•·Ğ,—Ö“‡’†Z’ë‚©‚ç“y»AÔ–„‚Ü‚é@‰œ”\“o‹‰J‚Å—Ö“‡s’†S•”@kĞ‚Ì’nŠ„‚ê‚©‚ç—¬o,https://news.yahoo.co.jp/articles/9988fedb7703c174c69d5989f058d1ff82afbca4,9/27(‹à) 8:02
hokkoku,–kš V•·Ğ,–³l‚U‰w‚ÌŒ””„‹@‚ğ“P‹@‚i‚qµ”öüA—˜—p‚Í‚XŒ––‚Ü‚Å@æ‹qŠî€–‚½‚¹‚¸AV†•¼‘Î‰‚ªŒ_‹@,https://news.yahoo.co.jp/articles/e3c1bcd45deb1d94ab910102ceefdf890af70e23,9/27(‹à) 8:02
hokkoku,–kš V•·Ğ,ƒqƒKƒ“ƒoƒiç‚«n‚ß@–ì’¬E—Ñ›@27“ú‚©‚çƒ‰ƒCƒgƒAƒbƒv,https://news.yahoo.co.jp/articles/2ec3eafcc0c902041a17cb7c682e23fd0db902ad,9/27(‹à) 8:02
hokkoku,–kš V•·Ğ,u‚³‚³‚çvè‚É—Ö—x‚è@ŒÜ‰ÓRE‚±‚«‚è‚±Õ‚èÅI“ú,https://news.yahoo.co.jp/articles/fdc0e0a664cb9e69c73be17a077e26694a76a605,9/27(‹à) 8:02
hokkoku,–kš V•·Ğ,˜a‘qŒìŠİA‚Q‚U”N“x•œ‹Œ@Œö—L‰»‚ÅŠC‘¤‚©‚ç’…H@‚‚³ˆÛA’­–]‚ğŠm•Û,https://news.yahoo.co.jp/articles/eebd9a50ea4fc85f61525dd96c4b95fba3393987,9/27(‹à) 8:02
hokkoku,–kš V•·Ğ,ƒgƒEƒ~ƒ‡ƒE‚ÅŠw¶‚ªƒƒjƒ…[@•xR’²—»‰Ùê–åŠwZAË…‚Ì”_‰Æ‚Æ‹¦—Í,https://news.yahoo.co.jp/articles/bd3a47bca7f1db24b4fae991486e05c8ed48f510,9/27(‹à) 8:02
hokkoku,–kš V•·Ğ,ƒqƒKƒ“ƒoƒi‚æ‚¤‚â‚­Œ© @¬–î•”EŒÜ˜YŠÛA–Ò‹‚Å’x‚ê,https://news.yahoo.co.jp/articles/63e67dcaadc3556b2defda27b2f7a6e781eae649,9/27(‹à) 8:02
hokkoku,–kš V•·Ğ,•XŒ©‚Ì•óAˆ¸‚ª“‡ç‚é@“å‰Y¬™“¶‚ªŠC“n‚èŠÏ@A´‘|@ƒAƒƒtƒ‰ƒVAƒEƒj‚ÉŠ½º,https://news.yahoo.co.jp/articles/bd202108551ffc59c2024212a5cea6ffe95d0507,9/27(‹à) 8:02
hokkoku,–kš V•·Ğ,Ä‹»‚ÌÛ’¥A‚Q•iíÌ—p@‚í‚­‚çç”N÷ƒvƒƒWƒFƒNƒgA‚P“úA÷®@ƒ„ƒGƒxƒjƒIƒIƒVƒ}‚Æƒ~ƒNƒ‹ƒ}ƒKƒGƒV,https://news.yahoo.co.jp/articles/f673a64cccb3f74254c1f4656a9c29c351404f67,9/27(‹à) 8:02
hokkoku,–kš V•·Ğ,q‰œ”\“o‹‰JrŒÇ—§W—‚SƒJŠ‚S‚Ql‚É,https://news.yahoo.co.jp/articles/63eb8794d8a24606d50a9f3fe57bdccd99f49db0,9/26(–Ø) 18:09
hokkoku,–kš V•·Ğ,ö‹ÆÄŠJuÎŠçv–ß‚é@‹‰JŒãA‚U“ú‚Ô‚è“oZ,https://news.yahoo.co.jp/articles/104903083caa45c6dde5861ccae38ccc025b4775,9/26(–Ø) 16:02
hokkoku,–kš V•·Ğ,ŒÇ—§‰ğÁ‚ÅZ–¯”ğ“ï@‰œ”\“o‹‰J‚Å–å‘OEµ‰Y’n‹æ,https://news.yahoo.co.jp/articles/c080f9016dbc6d59273d4ea20bae29ee41b3df6e,9/26(–Ø) 16:02
hokkoku,–kš V•·Ğ,‘åŠÖ‘å‚Ì—¢’a¶@u—Bˆê–³“ñ‚Ì—Ím–Úw‚·v,https://news.yahoo.co.jp/articles/43bf6b94fe6634a166cc0922d33c04c54d234bb1,9/26(–Ø) 8:02
hokkoku,–kš V•·Ğ,q‰œ”\“o‹‰JrûŠn’¼‘O‚ÌƒRƒ–³c@…“c”íŠQA”_‰Æu‚à‚¤‚¨‚µ‚Ü‚¢v@ˆî•ä“|‚êA“D…‚Â‚©‚é,https://news.yahoo.co.jp/articles/790a64872a65b84be9e83184c2026bfe7ddd0866,9/26(–Ø) 8:02
hokkoku,–kš V•·Ğ,q‰œ”\“o‹‰Jr•à‚¯‚Ê•êA‘÷—¬P‚¤@–å‘OEŠFŒA‚V‚TÎ’†‘º‚³‚ñ@’·’ju‚QŠK‚És‚¯‚ê‚Îcv,https://news.yahoo.co.jp/articles/ae613958ad4fa77d8c963511bf6d365735bf94c4,9/26(–Ø) 8:02
hokkoku,–kš V•·Ğ,•XŒ©‚Ì‚P‚QZA”N“x“à•œ‹Œ@”íŠQ‘å‚Ì‹{“c¬‚É‚ß‚Ç,https://news.yahoo.co.jp/articles/26afe6a4dea655feb20240ce55d2ad954d74fd59,9/26(–Ø) 8:02
hokkoku,–kš V•·Ğ,‰HîE“‚ŒËRA“`“‚Ì_–‘Š–o@‘åŠÖ‚É´ŠpA’JŒû‚³‚ñ,https://news.yahoo.co.jp/articles/159853a75e73848d7af3e27fa293606f174d0b8b,9/26(–Ø) 8:02
hokkoku,–kš V•·Ğ,‘å‚Ì—¢A‰¡j–Úw‚·ŒˆˆÓ@‘åŠÖ¸iA•ƒ‚Ìv‚¢‹¹‚É,https://news.yahoo.co.jp/articles/9836b15054af2a6a569616a1f41b193650683ebc,9/26(–Ø) 8:02
hokkoku,–kš V•·Ğ,ƒ`ƒ…[ƒŠƒbƒvƒtƒFƒA—ˆ‚Ä@“v”gs‚ª‘‚ß‚ÉˆÄ“àA—·s‰ïĞ‚ÉD•]@‘ä˜p‚©‚ç—U‹qAŒ»’n‚Å‚o‚q,https://news.yahoo.co.jp/articles/54b57910fe78ec218b377d76dded2f32ccc40fb1,9/26(–Ø) 8:02
hokkoku,–kš V•·Ğ,H‚ÌŒÜ‰ÓR‚Å‚±‚«‚è‚±”â˜I@”íĞ‚Ì”\“o‚ÉSŠñ‚¹,https://news.yahoo.co.jp/articles/53ae1024b2a7bdb16d995653fa3d281ade498cb1,9/26(–Ø) 8:02
hokkoku,–kš V•·Ğ,“o‚µ‚å‚¤—ç‚Å•Ê‚ê@•xR‚ê¤‘DŠw‰È‚Å‘²‹Æ®,https://news.yahoo.co.jp/articles/ab6f28a763fa82aa7e60e820825b7d45f73c656a,9/26(–Ø) 8:02
hokkoku,–kš V•·Ğ,‰®“à‚É‹ó’†—V‚Ñƒ][ƒ“@Vì‚±‚Ç‚à{İA‚Q‚V”N‚WŒŠJŠÙ@•ÛŒìÒŒğ—¬ƒXƒy[ƒX‚àİ’u,https://news.yahoo.co.jp/articles/81de19fec7b6eeb9d95e2c0989d39c1d7489e67b,9/26(–Ø) 8:02
hokkoku,–kš V•·Ğ,ƒzƒ^ƒ‹ƒCƒJ‹›İ‚¢‚©‚ª@Ë…E•ĞŒû‰®‚ª¤•i‰»Aƒo[ƒjƒƒƒJƒEƒ_‚à@•xR˜pYA•È‚È‚­dã‚°,https://news.yahoo.co.jp/articles/c7aec4c9b1e283b327920f1528f76ed8fb3c0d8d,9/26(–Ø) 8:02
hokkoku,–kš V•·Ğ,–ÓŠwZ‚Éu“®•¨‰€vŠJ‰€@À•¨‘åA¸I‚È–ÍŒ^32‘Ì@é‹Ê‚Ì’j«‚ªŠñ‘¡,https://news.yahoo.co.jp/articles/fcb838bc94a64dc28b3d7f85885c7df6cd6613f7,9/26(–Ø) 8:02
hokkoku,–kš V•·Ğ,“Äu‰Æ‚ÌŒ÷Ñ“`‚¦‚é32“_@d“`Œšu‰Á‰ê‹´—§v‚ÅŠ´Óó‚È‚Ç@‹Œ‹v•Û•F•“@‚ÅŠm”FAa‘ò‰hˆê‚Ì–¼‚à,https://news.yahoo.co.jp/articles/aea784a141e748d3419f98e1ead92ce8c915f314,9/26(–Ø) 8:02
hokkoku,–kš V•·Ğ,u¼ˆä‚³‚ñv”\”ü‚o‚q“®‰æ‚É@s‚ª‘æ‚Q’e•ú‰fŠJn,https://news.yahoo.co.jp/articles/32549b3cb2a2e07af5d1ec749904cd12d4d70c68,9/26(–Ø) 8:02
hokkoku,–kš V•·Ğ,q‰œ”\“o‹‰Jr€Ò‚P‚Pl‚É@‚Rˆâ‘ÌŒ©‚Â‚©‚é@ŒÇ—§‚P‚UƒJŠ‚ÉŒ¸­A‚P‚T‚Vl‚É,https://news.yahoo.co.jp/articles/762cbd45e2b1ded3497da2687a43c0087e4591e7,9/26(–Ø) 0:01
hokkoku,–kš V•·Ğ,q‰œ”\“o‹‰Jr’r“c‚³‚ñ‚ÌÈu‚ ‚Æ‚P‚OƒZƒ“ƒ`‚â‚Á‚½‚ñ‚Év@‘÷—¬‚Ì•v‚ÉL‚Î‚µ‚½èA“Í‚©‚¸,https://news.yahoo.co.jp/articles/c754986945f81caff8f917962b074078d30e74f0,9/26(–Ø) 0:01
hokkoku,–kš V•·Ğ,q‰œ”\“o‹‰JrŒÇ—§W—‰ğÁi‚Ş@‚V’n‹æ‚P‚UƒJŠ‚É,https://news.yahoo.co.jp/articles/407afafe50bd26a1625b6797937d6df99dc50e5d,9/25(…) 19:24
hokkoku,–kš V•·Ğ,q‰œ”\“o‹‰Jr€Ò‚P‚Ol‚É@ìFs‚ÌŠCŠİA‚Pˆâ‘Ì”­Œ©@•s–¾‚Ì‚V‚OÎ’j«‚©,https://news.yahoo.co.jp/articles/c2eb988025e73c849bf941235b1456ed9c863193,9/25(…) 18:32
hokkoku,–kš V•·Ğ,€Ò‚Xl‚ÉA—Ö“‡E‹vèì‚Å”­Œ©@‰œ”\“o‹‰JA‚U‚WÎ—«‚©,https://news.yahoo.co.jp/articles/c2cae407c0b5f85a2d03e9bbd3fcf27ab241faa9,9/25(…) 16:02
hokkoku,–kš V•·Ğ,u—Bˆê–³“ñv•ƒ‚Ìv‚¢‚ß@‚Q‚SÎ‘å‚Ì—¢‚ª‘åŠÖ¸iA—Í‹­‚­Œûã,https://news.yahoo.co.jp/articles/28c3271e3b1684c920a8eac576c31076b4f1b88a,9/25(…) 16:02
hokkoku,–kš V•·Ğ,q‰œ”\“o‹‰Jru¶‚«‚Æ‚Á‚Ä‚­‚êv@—Ö“‡A”\“o‚Å‘{õŒ©ç‚é,https://news.yahoo.co.jp/articles/6c7e243e2b628d77858f2164cefa561865499d3d,9/25(…) 16:02
hokkoku,–kš V•·Ğ,q‰œ”\“o‹‰Jr—Ö“‡‚ÅV‚½‚É‚Pˆâ‘Ì,https://news.yahoo.co.jp/articles/6c1fe9bb626df7cb1f40087e140e1628cba241dc,9/25(…) 11:48
hokkoku,–kš V•·Ğ,q‰œ”\“o‹‰Jr”­Œ©‚Ìˆâ‘Ì‚Í‚V‚XÎ—«@ìFE‘å’J’¬,https://news.yahoo.co.jp/articles/7daae92362ce92825241bcc1716673ddef7cf117,9/25(…) 10:24
hokkoku,–kš V•·Ğ,•XŒ©AŠ×–v“¹˜H‚Éƒqƒ}ƒƒŠ@‰tó‰»‚ÌK’¬@Š¥…A–Ò‹‚É‘Ï‚¦ŠJ‰Ô@Z–¯uŒ³‹C‚à‚ç‚¦‚év,https://news.yahoo.co.jp/articles/d4e96a2b5f09280309eeb7568a3baf859595ec70,9/25(…) 8:01
hokkoku,–kš V•·Ğ,ƒV[ƒgƒxƒ‹ƒg„i‘åg‚É@Œ§Œx‚‘¬‘àA‚İ‚¿‚Ü‚é‚­‚ñˆÏú,https://news.yahoo.co.jp/articles/69825f76d1a5c4f2f7513a347b37f42a274129e2,9/25(…) 8:01
hokkoku,–kš V•·Ğ,•œ‹»A­q‰»‘Îô‚ÉŠÖS@Ë…x‹Ç‚Åu‚P‚SÎ‚Ì’§ív@¬™’†‚Ì‚RlA‰Ä–ìs’·‚ÉƒCƒ“ƒ^ƒrƒ…[,https://news.yahoo.co.jp/articles/8d37687b1895ce77317b5a8cadc073b3e8e6d35a,9/25(…) 8:01
hokkoku,–kš V•·Ğ,“»’n‘ ‚Ì‚¨—ç“`‚¦@’†”\“o@’nk‚Å“]“|A‚¢‚Â‚ÌŠÔ‚É‚©Œ³’Ê‚è@•Û‘¶‰ïAŠ´Ó‚ÌŠÅ”Âİ’u,https://news.yahoo.co.jp/articles/bf00af7f95fd12def1ab5315d4f491ae6c81b87b,9/25(…) 8:01
hokkoku,–kš V•·Ğ,‰Ì•‘Šê”o—D‚ª™“¶‚É‹³ö@“ß’J¬‚Åo‘Oö‹ÆA—•û‚Ì“®ì‚È‚Ç,https://news.yahoo.co.jp/articles/181e7f8b4971a14c085a6c2f7a5649d4dbba3c70,9/25(…) 8:01
hokkoku,–kš V•·Ğ,‹Œ£’J’†Z‰Ì‚ğ•œŠˆ@¬¼A‚U‚U”N•ÂZ@¼“Œ‚İ‚Ç‚èŠw‰€‹³“ª‚ª‘²‹Æ¶‚ÌˆË—Š‚ÅŠy•ˆ‚É,https://news.yahoo.co.jp/articles/98a13c49df6a1fc4d4f06bb2246ebde7b501d089,9/25(…) 8:01
hokkoku,–kš V•·Ğ,™“¶‚ªˆîŠ ‚èæ‚è@•xREŒF–ì_Ğ”²•äÕ,https://news.yahoo.co.jp/articles/bebbe032fde03b58ee0c7a2f3c53d1be10641473,9/25(…) 8:01
hokkoku,–kš V•·Ğ,’nk‹³ŒPA–œˆê‚É”õ‚¦@‰€™‚ª¬ŠwZ‚Ö”ğ“ï@•xREV¯•ÛˆçŠ‚ªŒP—û,https://news.yahoo.co.jp/articles/d4472976d4feb96e460363a3ec051ee79a37d4cb,9/25(…) 8:01
hokkoku,–kš V•·Ğ,u‘å‚Ì—¢‚Ì‚æ‚¤‚É‹­‚­v­”N—ÍmA‹½“y‚Ì¯‚É‘±‚¯@‚Ó‚é‚³‚Æ’Ã”¦‚ÅŒmŒÃ‚É”M,https://news.yahoo.co.jp/articles/28b45a4106d61be74c38d16f12395bac728b6ed5,9/25(…) 8:01
hokkoku,–kš V•·Ğ,‰iˆä‹‹L”OŠÙ‰ğ‘Ì‚Ö@—Ö“‡E’©s’Ê‚è@s•ûj ‘SÄA‘¹Œƒ‚µ‚­@uV‚½‚È{İ‚Évuc‚µŠˆ—p‚ğv,https://news.yahoo.co.jp/articles/70bf15ed6f05cf88ef0b0ecc1e69f798617ebe62,9/25(…) 8:01
hokkoku,–kš V•·Ğ,Œ§Šw¶‹£‘“W‚Ìì•i‚ğ•åW@á’|‘“¹‰ïA‚P‚OŒ‚P‚O“ú’÷‚ßØ‚è,https://news.yahoo.co.jp/articles/054ae4cd775c230ab2fc21f538796619c5412df4,9/25(…) 8:01
hokkoku,–kš V•·Ğ,•x•x•xA‘S—Ê‚P“™@‚i‚`ƒAƒ‹ƒvƒXV•ÄŒŸ¸@–Ò‹‚É‹­‚¢“Á’·¶‚«‚é@‚R‚O“úo‰×A‚P‚OŒã{‚É“X“ª,https://news.yahoo.co.jp/articles/53914fd7d64f8db13c90f8ed86b370360d625184,9/25(…) 8:01
hokkoku,–kš V•·Ğ,ŒCŒ©‚Â‚©‚èAŠïÕM‚¶@‰œ”\“o‹‰JA—Ö“‡E‹vèì‚Ì’†‚R—q@‚PƒLƒæ‚ÌŠCŠİ‚©‚ç,https://news.yahoo.co.jp/articles/af31e74a496c9800c2693335b4f21181fb90e6b8,9/25(…) 6:02
hokkoku,–kš V•·Ğ,Ô”­Œ©u—Š‚Ş‚©‚ç–³–‚Åv@‰œ”\“o‹‰J@‚R‚PÎ—«AEê‚©‚ç–ß‚ç‚¸,https://news.yahoo.co.jp/articles/26191b850eda4a948eabce4495ed227dabb03c7c,9/25(…) 6:02
hokkoku,–kš V•·Ğ,‰œ”\“o‹‰JA€Ò‚Wl@@ìF‚Ì‚V‚XÎ‚©A—«ˆâ‘Ì@ŒÇ—§‚R‚U‚Vl,https://news.yahoo.co.jp/articles/a2c8ebc2b52557725c5e66db4c33d94beebe2b89,9/25(…) 6:02
hokkoku,–kš V•·Ğ,q‰œ”\“o‹‰Jr‚Rs’¬‚Å‚R‚U‚VlŒÇ—§,https://news.yahoo.co.jp/articles/d8a8829cb6fa7fbc347412261b297402deea6507,9/24(‰Î) 17:39
hokkoku,–kš V•·Ğ,q‰œ”\“o‹‰Jr”­¶‚V‚QŠÔAŒœ–½‘{õ@•s–¾‚Vl‚ÉA—Ö“‡‚Ì‚R‚PÎ—«,https://news.yahoo.co.jp/articles/6e814b37a87f90045099dbdb7fb5fdd09147eb56,9/24(‰Î) 16:51
hokkoku,–kš V•·Ğ,q‰œ”\“o‹‰Jr—Ö“‡ ƒ{ƒ‰ƒ“ƒeƒBƒAn“®@‚S‚OlA‰¼İ‚Ì“Dœ‹@”íĞÒu–{“–‚É‚ ‚è‚ª‚½‚¢v,https://news.yahoo.co.jp/articles/a13d16bb08ae1c6bdb2b845fc0d644956c0ca5f2,9/24(‰Î) 16:51
hokkoku,–kš V•·Ğ,q‰œ”\“o‹‰Jr—Ö“‡E’†‰®ƒgƒ“ƒlƒ‹@ŠJ’Ê‰„Šú,https://news.yahoo.co.jp/articles/03b2dd02d9ae39c3dd50b93c67e1183b9d063bc9,9/24(‰Î) 13:09
hokkoku,–kš V•·Ğ,ˆÀ”Û•s–¾‚TlŒö•\,https://news.yahoo.co.jp/articles/511578f34b24f2c0f39685e57c0ff7eb795d18a6,9/24(‰Î) 11:32
hokkoku,–kš V•·Ğ,••”EƒgƒƒbƒR“dÔ‰^sÄŠJ@n”­‚©‚ç’Êíƒ_ƒCƒ„‚É,https://news.yahoo.co.jp/articles/7254fb1c0b78d367bd4debb9fdd890a1965fa3cb,9/24(‰Î) 8:02
hokkoku,–kš V•·Ğ,•œ‹»‚Ö”òãÄ@¬¼Šî’n‚Åq‹óÕA‚W–œl’´•¦‚­,https://news.yahoo.co.jp/articles/832968e14a64f5879866dc5f15c4be59a2a8e3dd,9/24(‰Î) 8:02
hokkoku,–kš V•·Ğ,uR’Ã”gvW—‚Ì‚İ‚Ş@—Ö“‡E’¬–ì’¬A‰Æ‚Â‚Ô‚ê—¬–Ø‘å—Ê,https://news.yahoo.co.jp/articles/185f79194769f8252879d3b616285c96338c022d,9/24(‰Î) 8:02
hokkoku,–kš V•·Ğ,“y»æ‚è‰z‚¦©‘î‚Ö@ìFE‘å’J’n‹æ,https://news.yahoo.co.jp/articles/9c16c01e14749bed268505411b27d92a1b602c73,9/24(‰Î) 8:02
hokkoku,–kš V•·Ğ,‚XŒ‚Ì–~—x‚è‘å·‹µ@X–{‰w‘OA”{‘2000l ‚Ç‚±‚©‚çH,https://news.yahoo.co.jp/articles/90b10ba8599442d354a23b1c512727a42901eb64,9/24(‰Î) 8:02
hokkoku,–kš V•·Ğ,•xR“ì•”‚Q˜A”e@¬–î•”ƒƒ‹ƒwƒ“­”N–ì‹…@•XŒ©‚É‚W|‚Q,https://news.yahoo.co.jp/articles/89085c79546439981f6eb833cbb6bd6eacde105c,9/24(‰Î) 8:02
hokkoku,–kš V•·Ğ,“v”gA•xR–k•”A•xRˆê‚S‹­@H‹G•xRŒ§‚Z–ì‹…@‘Û‘å•t‚W‹­“ü‚è,https://news.yahoo.co.jp/articles/eff74a00cd0be900276b7d5eae03e8149601862e,9/24(‰Î) 8:02
hokkoku,–kš V•·Ğ,uÅI‚ÌwvSˆê‚Â‚É@¬–î•”EŒ¹•½‰Î‹‚Ü‚Â‚è@ÀsˆÏ‚ª‹ä—˜‰¾—…ŒÃíê‚Å‹FŠèÕ,https://news.yahoo.co.jp/articles/84dd9c2788eb874de53074bea06f22ce293228e8,9/24(‰Î) 8:02
hokkoku,–kš V•·Ğ,“v”g‚Ì‚qA–¢—ˆl‚¦‚é@¯“Œ’n‹æAŒ»ó‚ÆH•v•ñ@ƒtƒH[ƒ‰ƒ€‚â‘ÌŒ±‰ï,https://news.yahoo.co.jp/articles/b6de6cc64cd478bd94fdb65de16ed05ae7a73587,9/24(‰Î) 8:02
hokkoku,–kš V•·Ğ,‘å‚Ì—¢A‹‰J”íŠQ’m‚èuâ‘ÎŸ‚Âv@—DŸŒˆ‚ß‚½‚P‚S“ú–ÚŒê‚é,https://news.yahoo.co.jp/articles/2b48ff25c9ebe2407445dd07a26972775bf9ab22,9/24(‰Î) 6:02
hokkoku,–kš V•·Ğ,q‰œ”\“o‹‰Jruˆêl‚É‚¹‚ñ‚Æ‚¢‚Ävu‚·‚Ü‚ñ‚Èv@–å‘OE“c’†‚³‚ñ@’†‰®ƒgƒ“ƒlƒ‹ü•ÓA“y»•ö‚êŠª‚«‚Ü‚ê,https://news.yahoo.co.jp/articles/15744449d9465f7e8961fe8d49b0713c1e02b420,9/24(‰Î) 6:02
hokkoku,–kš V•·Ğ,€Ò‚VlA’f…‚T‚O‚O‚OŒË@‰œ”\“o‹‰J@•s–¾‚UlAŒÇ—§‚T‚UƒJŠ,https://news.yahoo.co.jp/articles/506256f059d5517cbf9d41b862ad2d14958c7383,9/24(‰Î) 6:02
hokkoku,–kš V•·Ğ,q‰œ”\“o‹‰Jr”—‚é‘÷—¬uo‚ç‚ê‚È‚¢v@—Ö“‡E‹vèìAˆÀ”Û•s–¾‚Ì’†‚R—q,https://news.yahoo.co.jp/articles/c2881a3d8c2bd6e403b9634e47ed01b7511ddad5,9/24(‰Î) 6:02
hokkoku,–kš V•·Ğ,qƒAƒ‰ƒ“ƒ}[ƒŒEƒŠ[ƒO‚grƒz[ƒ€ŠJ–‹í‰õŸ@Šò•Œ‚É‚R‚O\‚P‚UA–³‚S˜AŸ,https://news.yahoo.co.jp/articles/b845adf596408ab4db9baa6b4dc743faca0b2863,9/24(‰Î) 5:02
hokkoku,–kš V•·Ğ,’†‰®ƒgƒ“ƒlƒ‹‘{õI—¹,https://news.yahoo.co.jp/articles/153cd90bc7388ecf72729435ce942067efd61c35,9/24(‰Î) 5:02
hokkoku,–kš V•·Ğ,‹Ë‚³‚ñi••”j™“¶•¶ŠwÜ@uƒ^ƒkƒL‚Ì‚º‚ñ‚¶‚ë‚¤v@Œ§™“¶•¶ŠwÕE“¶˜bƒRƒ“ƒN[ƒ‹,https://news.yahoo.co.jp/articles/6095546329c13f473f715a3b943085f3f00d7d90,9/24(‰Î) 5:02
hokkoku,–kš V•·Ğ,q‰œ”\“o‹‰Jr€Ò‚Vl‚É@ŒÇ—§W—‚Í‚T‚UƒJŠ,https://news.yahoo.co.jp/articles/cf6624cd988bb24991dff3f1aed78bc342a310a8,9/23(Œ) 17:01
hokkoku,–kš V•·Ğ,q‰œ”\“o‹‰Jr€–S‚Ì‚Pl‚Íì‹Æˆõ@’†‰®ƒgƒ“ƒlƒ‹,https://news.yahoo.co.jp/articles/779f733ad95cc5e1be3f986d0eed7dec1b61855d,9/23(Œ) 12:36
hokkoku,–kš V•·Ğ,q‰œ”\“o‹‰JrˆÀ”Û•s–¾5l‚É@Œ§‚ªŒö•\,https://news.yahoo.co.jp/articles/4c73944d0e7845d4fcbc2198869199159dec6f8b,9/23(Œ) 11:46
hokkoku,–kš V•·Ğ,q‰œ”\“o‹‰Jr‘OŒã‚É“y»u”w‹Ø“€‚Á‚½v@—Ö“‡‚Ì’†‰®ƒgƒ“ƒlƒ‹@Œğ’Ê—U“±ˆõE“°Œû‚³‚ñ‹~•,https://news.yahoo.co.jp/articles/b1ecdaa0661b7c42487eadfb2d961924d88dbf56,9/23(Œ) 8:01
hokkoku,–kš V•·Ğ,q‰œ”\“o‹‰Jr•ƒu‘‚­•ø‚«‚µ‚ß‚½‚¢v@’†‚R—qA‰Æ‚²‚Æ—¬‚³‚ê@—Ö“‡E‹vèì,https://news.yahoo.co.jp/articles/9a970efb983a5bb3940bdf315789876cd3352623,9/23(Œ) 8:01
hokkoku,–kš V•·Ğ,••”“S“¹‚Å“y»•ö‚ê@ˆêƒgƒƒbƒRÔ“à‚É‚S‚Vl@‚P‚S‚Pl‘«~‚ßA‚Q‚R“ú’Êí‰^s,https://news.yahoo.co.jp/articles/e3ae33481879b14690f709b6a43d7631090a6a82,9/23(Œ) 8:01
hokkoku,–kš V•·Ğ,‹¿‚«‡‚¤Œ|‹W‚Ì•‘@‹à‘ò‚¨‚Ç‚èA‚Q‚R“úçHŠy@‹_‰€b•”‚ªo‰‰,https://news.yahoo.co.jp/articles/b9fc76014b38ab7ce78bb8f2c5e0d53521ebdcbb,9/23(Œ) 8:01
hokkoku,–kš V•·Ğ,‚Ul€–SA•s–¾‚Wl @‰œ”\“o‹‰JAŒÇ—§W—‚P‚P‚TƒJŠ,https://news.yahoo.co.jp/articles/2e5582b28dc2b9c633eb19b724f9998282e9c1cb,9/23(Œ) 8:01
hokkoku,–kš V•·Ğ,q‰œ”\“o‹‰Jr–½A•é‚ç‚µ‰Ÿ‚µ—¬‚·@—D‚µ‚¢’íu‚Ü‚³‚©v@ìFA€–S‚Ì‰H“c‚³‚ñ,https://news.yahoo.co.jp/articles/6cb23ee5f40f825915cbfb2405911d1c6c42eb0b,9/23(Œ) 8:01
hokkoku,–kš V•·Ğ,q‰œ”\“o‹‰Jr‰¼İ“D‚Ü‚İ‚êu‚Æ‚Ä‚àZ‚ß‚È‚¢v@—Ö“‡AìF@“r•û‚É•é‚êŒã•Ğ•t‚¯,https://news.yahoo.co.jp/articles/9a89d8b039e4dd10a8e67cde014941cefbf0dce5,9/23(Œ) 8:01
hokkoku,–kš V•·Ğ,ò’J‚µ‚°‚é‚³‚ñA—Í‹­‚¢‰Ìº‹¿‚­@–kš V•·Ô‰Hƒz[ƒ‹‚Åƒ‰ƒCƒu,https://news.yahoo.co.jp/articles/fd6eb67ab5a786efa56527bb22f4c91aeaeddd5a,9/23(Œ) 8:01
hokkoku,–kš V•·Ğ,ˆºà£A’ñ“”R‚RŠî@Ë…EŠC˜V]‰gR‚Ü‚Â‚è,https://news.yahoo.co.jp/articles/a436460e36e14760a5ac67bd26610ec883dcd8c8,9/23(Œ) 8:01
hokkoku,–kš V•·Ğ,’†“‡’¬Â”N‰ï‚ª—DŸ@‘f–p‚È‰·‚©‚İuƒRƒC˜Hv@‚‰ªE•Ÿ‰ª‚Ì‚Â‚­‚è‚à‚ñ‚Ü‚Â‚èÅI“ú,https://news.yahoo.co.jp/articles/5c67952ab1eea953b2958f384f4298a9119b57af,9/23(Œ) 8:01
hokkoku,–kš V•·Ğ,ƒOƒ‰ƒ“ƒvƒŠA–{ĞÜ‚½‚½‚¦‚é@‚‰ªE’†“c‚©‚©‚µÕ‚Ì•\²®,https://news.yahoo.co.jp/articles/9e85417e75a449c0273f1c9de4c3e8495bebe81e,9/23(Œ) 8:01
hokkoku,–kš V•·Ğ,‚‰ª’’•¨‚Ì’¬A–£—Í’m‚Á‚Ä@ƒ~ƒ‰ƒŒ‹à‰®’¬‚ªŠJ–‹@’…•¨ƒVƒ‡[‚â“W¦A‘ÌŒ±,https://news.yahoo.co.jp/articles/27f4869437d77e523d09243bf2f1e89c41851451,9/23(Œ) 8:01
hokkoku,–kš V•·Ğ,ƒ‹ƒ}ƒ“Ô‚È‚Ç‚S‚O‘ä‚¸‚ç‚è@‚‰ª‚ÅuƒXƒ|[ƒcƒJ[‚Ì¢ŠEv,https://news.yahoo.co.jp/articles/bec0d2f5e904ab5ba83ea36b2f4dc253ff711127,9/23(Œ) 8:01
hokkoku,–kš V•·Ğ,•XŒ©‚Å‚r‚c‚f‚“„i@s‚ªƒXƒ^[ƒgƒtƒFƒX@ºˆä‚³‚ñ‚Ìƒg[ƒN‚â“W¦,https://news.yahoo.co.jp/articles/abb04cd60f1286d8ffe0b471640abdc08646995b,9/23(Œ) 8:01
hokkoku,–kš V•·Ğ,˜@‰ØR‘å‘Š–oA‚U”N‚Ô‚è•œŠˆ@•ó’Bu…A‚P‚OŒ‚P‚Q“ú@‹¦‰ïu‚Ü‚¿‚Ì“`“Œp³‚µ‚½‚¢v,https://news.yahoo.co.jp/articles/187194aa7e0c86f0243074057a2308d14f604593,9/23(Œ) 8:01
hokkoku,–kš V•·Ğ,•x—ˆ‚Ì”ğ“ïŠ‚ÅÅŒã‚Ì†‚«o‚µ@‚Q‚R“ú‚É‰¼İ‚È‚Ç‚Éˆø‚Á‰z‚µ@Z–¯‚ª‹½“y—¿—‚ÅŠ´Ó“`‚¦,https://news.yahoo.co.jp/articles/39d65e44dc435c2c406ab62f1ef5d914b923dd88,9/23(Œ) 8:01
hokkoku,–kš V•·Ğ,‘S‘‚Ì–¼Ô‚P‚R‚O‘äA¬¼‚Å–£—¹@q‹óÕ‘O‚ÉuƒX[ƒp[ƒJ[•ƒGƒA[ƒtƒFƒXv‰ŠJÃ,https://news.yahoo.co.jp/articles/85e2c037f368de48c00d81bee5027a5f94beeaac,9/23(Œ) 8:01
hokkoku,–kš V•·Ğ,‹Œ‘“SŒ^—ñÔ‚Ì‰^“]m‚ğ‘ÌŒ±@–k—¤‹}s•Û‘¶‰ïAÀ•¨•”•i‚Å‰^“]‘ä‚ğÄŒ»@¬¼‚Å”â˜IA‰Æ‘°˜A‚ê–‹i,https://news.yahoo.co.jp/articles/d3cac94597534cafa61ae41a30a82b76f2ecfeff,9/23(Œ) 8:01
hokkoku,–kš V•·Ğ,V‘åŠÖE‘å‚Ì—¢A‚Q‚T“ú’a¶@u‚³‚ç‚É‚‚İ‚ğv@Š—v‚XêŠAº˜aˆÈ~Å‘¬,https://news.yahoo.co.jp/articles/7964aa3e8e38b9b9e3e05a3630b1be769e4f6d50,9/23(Œ) 5:02
hokkoku,–kš V•·Ğ,q‰œ”\“o‹‰Jr‚Ul€–SA‚Wl‚ª•s–¾@‚P‚P‚TƒJŠ‚ÅŒÇ—§,https://news.yahoo.co.jp/articles/2efa538028ee0c2b45414e413b85055d1ae608b3,9/22(“ú) 23:33
hokkoku,–kš V•·Ğ,q‰œ”\“o‹‰Jr—Ö“‡‚Å’j«€–S@€Ò‚Ql‚É,https://news.yahoo.co.jp/articles/dc757c6fa208c0d7a60ea53c69bc58000c73af12,9/22(“ú) 20:42
hokkoku,–kš V•·Ğ,q‰œ”\“o‹‰Jr‚QlS”x’â~@’†‰®ƒgƒ“ƒlƒ‹,https://news.yahoo.co.jp/articles/fb2c6d2743f60c70b189bd72c2ebd34b4369aca7,9/22(“ú) 20:33
hokkoku,–kš V•·Ğ,q‰œ”\“o‹‰JrˆÀ”Û•s–¾Ò‚Wl@Œ§‚ªŒö•\,https://news.yahoo.co.jp/articles/7827df0d31f79555996bc787c68ecfdcd3168188,9/22(“ú) 19:17
hokkoku,–kš V•·Ğ,‘å‚Ì—¢‚P‚RŸ‚Å’÷‚ß@‘å‘Š–oHêŠ,https://news.yahoo.co.jp/articles/9df60c620bc7aa99ade7f11adf8d0e49e5f2efe0,9/22(“ú) 18:24
hokkoku,–kš V•·Ğ,q‰œ”\“o‹‰Jr’†‰®ƒgƒ“ƒlƒ‹‚ÅŒğ’Ê—U“±ˆõ‚Pl‹~•,https://news.yahoo.co.jp/articles/d129936db34ea41b6cd3238a8dcc27691c8f7433,9/22(“ú) 17:36
hokkoku,–kš V•·Ğ,q‰œ”\“o‹‰JrŒÇ—§W—‚Rs’¬‚ÅŒv‚P‚P‚TƒJŠ,https://news.yahoo.co.jp/articles/29cba7cc697ee05ac50b13c93698c3b56e2c3d52,9/22(“ú) 17:33
hokkoku,–kš V•·Ğ,q‰œ”\“o‹‰JrˆÀ”Û•s–¾Ò‚Ul@Œ§‚ª–¼Œö•\,https://news.yahoo.co.jp/articles/123681b501c9e226296c2d4239e7692611adbeb3,9/22(“ú) 14:09
hokkoku,–kš V•·Ğ,q‰œ”\“o‹‰Jr—Ö“‡‚Å’†‚R—q•s–¾,https://news.yahoo.co.jp/articles/a4a8a2a1dab727f5c55f327b651e64e5c107fb0c,9/22(“ú) 12:46
hokkoku,–kš V•·Ğ,q‰œ”\“o‹‰Jr—Ö“‡@‚X‚XƒJŠA‚S‚R‚V‚OlŒÇ—§,https://news.yahoo.co.jp/articles/2d756dfc2ca8218c8aaa33e136189853a387c29d,9/22(“ú) 11:42
hokkoku,–kš V•·Ğ,q‰œ”\“o‹‰JrV‚½‚ÉŒğ’Ê—U“±ˆõ‚Pl•s–¾@—Ö“‡E’†‰®ƒgƒ“ƒlƒ‹,https://news.yahoo.co.jp/articles/fd8a46de02866fa31c2c0345c630cf241778ca8d,9/22(“ú) 11:16
hokkoku,–kš V•·Ğ,qƒJƒ^[ƒŒ•xRE‚i‚Rr‚Q‚Q“úA“G’n‚Å–k—¤ƒ_[ƒr[@‹à‘òƒLƒ‰[A‰Oˆäu•¡”“¾“_‚ÅŠ®••Ÿ—˜v,https://news.yahoo.co.jp/articles/3e97470f99e4be87fc5dd6499b01e25b9e64746f,9/22(“ú) 8:02
hokkoku,–kš V•·Ğ,‰ÁÏ‚è‚ñ‚²‚Åƒr[ƒ‹@‹›’Ã‰ï‹cŠÂ”N•”@‚Q‚Q“úƒtƒFƒX‚Å”­”„,https://news.yahoo.co.jp/articles/46ed8baea533ad9e4ffc51800c1fd9393f70361f,9/22(“ú) 8:02
hokkoku,–kš V•·Ğ,–ìØ‘¢Œ`A’¬‚ÉŠˆ‹C@‚‰ªE•Ÿ‰ª’¬‚Åu‚Â‚­‚è‚à‚ñ‚Ü‚Â‚èvŠJ–‹@“y“úŠJÃA‚©‚©‚µÕ‚Æ˜AŒg,https://news.yahoo.co.jp/articles/dc95abf85a7bb85d49b196dd660524738ac3b435,9/22(“ú) 8:02
hokkoku,–kš V•·Ğ,¶–½‚Ì”ü‚É–Ú‚ğ‹Ã‚ç‚·@u“ú–{‰æ™“®•¨‰€vŠJ–‹@“v”gs”üpŠÙ,https://news.yahoo.co.jp/articles/f97119e3cd05e0ebcd92c93b95576cf40302ae7f,9/22(“ú) 8:02
hokkoku,–kš V•·Ğ,”íĞ’n‚Ì“ÁY•i•À‚Ô@•xR‚Åo’£—Ö“‡’©s,https://news.yahoo.co.jp/articles/4d54cc8cb428894dfb762d214e5ddb50a5922047,9/22(“ú) 8:02
hokkoku,–kš V•·Ğ,P‚P‚O‚O–{ƒJƒ‰ƒtƒ‹‚É@•XŒ©E”Ô‰®ŠX,https://news.yahoo.co.jp/articles/8ff4e4cfb94336b32c7df873a5800db040c1523f,9/22(“ú) 8:02
hokkoku,–kš V•·Ğ,¡”N‚ÌŠç‚¸‚ç‚è@‚‰ª’†“c‚©‚©‚µÕ@•–“ŞA‘å’JA”ª‘ºA‘å–xcŒÂ«–L‚©‚P‚O‚X‘Ì,https://news.yahoo.co.jp/articles/63438d0bc88202ce6661c91768b94c4db564efff,9/22(“ú) 8:02
hokkoku,–kš V•·Ğ,•xRH‚ª–¢—ˆ•xR‰º‚·@H‹GŒ§‚Z–ì‹…‘å‰ï@‚‰ªˆêA•xR–k•”A•xRˆêA“v”gA÷ˆäA•Ÿ‰ª‚à‚W‹­,https://news.yahoo.co.jp/articles/f2e2b0e25fc7dfd1ffd787295b0e8ad8495316bb,9/22(“ú) 8:02
hokkoku,–kš V•·Ğ,‘å‚Ì—¢‚Q“x–Ú‚Ì—DŸA‘åŠÖ‚Ö@‘å‘Š–oHêŠ,https://news.yahoo.co.jp/articles/868f1e347bd615585f0d6eeb9b4055e121814e6e,9/22(“ú) 7:01
hokkoku,–kš V•·Ğ,‰œ”\“o‹‰JA‚Pl€–S@‚P‚Ol•s–¾A‚P‚U‰Íì”Ã—”@Œ§“à‰‚Ì“Á•ÊŒx•ñ,https://news.yahoo.co.jp/articles/e3f1ccd5ba3ec9b5d620af3eccf285666de368f1,9/22(“ú) 7:01
hokkoku,–kš V•·Ğ,¬¼u—·ƒKƒ`ƒƒv‚¢‚©‚ª@‹ó`‚È‚Ç‚Éİ’u@ŠÏŒõ{İ“üê‚Ù‚Ú”¼Šz,https://news.yahoo.co.jp/articles/2b8724630e3bbf6e2222232e2f06de38704dbd9b,9/22(“ú) 7:01
hokkoku,–kš V•·Ğ,”\“ov‚¢‚R‚O‚Ol–ô“®@‚x‚n‚r‚`‚j‚n‚h“ú–{ŠC‰Á‰ê‰ïê@¬¼‚ÅŠJ–‹A‚P‚Pƒ`[ƒ€oê,https://news.yahoo.co.jp/articles/34c091223b33b46e817f497b424a7d5f2d576507,9/22(“ú) 7:01
hokkoku,–kš V•·Ğ,q‰œ”\“o‹‰Jr•œ‹»”¼‚ÎA‚Ü‚½•ö—@–{Ğ‹LÒƒ‹ƒ|@—Ö“‡E’¬–ì@–Ú‘O‚Å’nŠŠ‚èu‚à‚¤ƒ_ƒ‚©v,https://news.yahoo.co.jp/articles/2a9bb0e26ca50a5013e225d86f67f8bdd52b73c3,9/22(“ú) 7:01
hokkoku,–kš V•·Ğ,q‰œ”\“o‹‰Jr’á‹Cˆ³‚Æ‘Oüˆê‘Ì‰»AÄ‚Ñ‘å‰J‹°‚ê@‹CÛ—\•ñmE’·‘º^—¢‚³‚ñ,https://news.yahoo.co.jp/articles/b7550555bf2e0f99bdaab508b9151bd4eb96ffe4,9/22(“ú) 7:01
hokkoku,–kš V•·Ğ,q‰œ”\“o‹‰JruŒ³“ú‚É–ß‚Á‚½‹C•ªv@’Ã”g”íŠQ‚ÌìFE•ó—§A‚Ü‚½Z…,https://news.yahoo.co.jp/articles/71e5e15c176acadc1eb99927afd6651abc79014c,9/22(“ú) 7:01
hokkoku,–kš V•·Ğ,”—‚é‘÷—¬A‹¹‚Ì‚‚³‚É@‰œ”\“o‹‰J‚Å—Ö“‡E‘î“c’¬u‚È‚º”\“o‚Î‚©‚èv,https://news.yahoo.co.jp/articles/a7483d42613eeef40a88b2d2fcbc3743a592b462,9/22(“ú) 7:01
hokkoku,–kš V•·Ğ,‹C”—‚ÌŒÛA‰~n‚Ì•‘@‹à‘ò‚¨‚Ç‚è@‚É‚µE”Tä»‚³‚ñAåŒvE‚©‚¸–í‚³‚ñ –¼‹W‚ÌˆêŒi,https://news.yahoo.co.jp/articles/f49b5a408180466f8ab0a19610e30d5835c88766,9/22(“ú) 7:01
hokkoku,–kš V•·Ğ,‰ÈŠw‚Ì–Ê”’‚³G‚ê@u‰ê‚Å‚¢‚µ‚©‚í•‘‘äŒ|pÕ,https://news.yahoo.co.jp/articles/3b40189b6a1bf14347543f9842259284cece415f,9/22(“ú) 7:01
hokkoku,–kš V•·Ğ,qµ”ös’·‘Ir‘I‹“‚æ‚èĞŠQ‘Îô@‘«êŒÅ‚ß‚ÖÃ‚µ‚Í‚µ‚²‚à@s–ğŠ‚ÅuƒjƒAƒ~ƒXv,https://news.yahoo.co.jp/articles/601a902712c9d41105bc6d27cdee7a85b015e175,9/22(“ú) 7:01
hokkoku,–kš V•·Ğ,‹½“yv‚¢Å‘¬¸i‚Ö@‘å‚Ì—¢u—Ç‚¢Œ‹‰Ê“Í‚¯‚ç‚ê‚½v,https://news.yahoo.co.jp/articles/62b0e46f4d6ac613dd925526fc23a72e22734988,9/22(“ú) 5:02
hokkoku,–kš V•·Ğ,q‰œ”\“o‹‰JE‘±•ñrì‹Æˆõ‚Pl‚Ì–³–Šm”F@ c‚é‚Rl‘{õ@ —Ö“‡‚Ì’†‰®ƒgƒ“ƒlƒ‹,https://news.yahoo.co.jp/articles/9b8cdc11bb4d7cdc3baf6bd95d2dfd3dd2a03c24,9/21(“y) 23:18
hokkoku,–kš V•·Ğ,q‰œ”\“o‹‰JE‘±•ñrìFs‚Å‚Pl€–S@‰œ”\“o‚Rs’¬‚Å•s–¾‚RlAd‚Ql,https://news.yahoo.co.jp/articles/0aae8a5617df8a16911890205c4129b2e7012baf,9/21(“y) 21:22
hokkoku,–kš V•·Ğ,q‰œ”\“o‹‰Jrì‹Æˆõ‚Pl‚Ì–³–Šm”F@c‚é‚Rl‘{õ@—Ö“‡‚Ì’†‰®ƒgƒ“ƒlƒ‹,https://news.yahoo.co.jp/articles/647791db9d48cbfcbb45c0d48165b558ebdb4de8,9/21(“y) 21:06
hokkoku,–kš V•·Ğ,q‰œ”\“o‹‰Jr—Ö“‡E‹vèì’¬‚Å‚Sl•s–¾,https://news.yahoo.co.jp/articles/0d645d81a835ec953948adfc46c95998ed59c279,9/21(“y) 20:12
hokkoku,–kš V•·Ğ,q‰œ”\“o‹‰Jr•œ‹Œì‹Æˆõ‚SlˆÀ”Û•s–¾@—Ö“‡‚Ì’†‰®ƒgƒ“ƒlƒ‹,https://news.yahoo.co.jp/articles/2610ff00b24f78d3815051928630b5bbbdc0a7ce,9/21(“y) 18:16
hokkoku,–kš V•·Ğ,‘å‚Ì—¢A‚Q“x–Ú‚Ì—DŸ@‘å‘Š–oHêŠ,https://news.yahoo.co.jp/articles/655a403ea5a521476ca836e5b5f5e9a8ded07c9b,9/21(“y) 18:01
hokkoku,–kš V•·Ğ,q‰œ”\“o‹‰Jr—Ö“‡‚Å‚P‚Ols•û•s–¾,https://news.yahoo.co.jp/articles/4a7c46ba0eb84d64e9e55e4f88730cb3ebf791b4,9/21(“y) 17:48
hokkoku,–kš V•·Ğ,q‰œ”\“o‹‰Jr’†‰®ƒgƒ“ƒlƒ‹‚É‚Q‚Ol•Â‚¶‚ß‚Æ—Ö“‡s’·,https://news.yahoo.co.jp/articles/728711cdf728d3a6aca7d10b6a25f7defc4e83cd,9/21(“y) 17:33
hokkoku,–kš V•·Ğ,q‰œ”\“o‹‰Jr•œ‹Œì‹Æˆõ‚SlˆÀ”Û•s–¾@—Ö“‡‚Ì’†‰®ƒgƒ“ƒlƒ‹,https://news.yahoo.co.jp/articles/448e4080ba95882932a3f80e3844a20bcd006e66,9/21(“y) 17:16
hokkoku,–kš V•·Ğ,q‰œ”\“o‹‰JrìFs‚Å‚Pl€–S@‰œ”\“o‚Rs’¬‚Å•s–¾‚RlAd‚Ql,https://news.yahoo.co.jp/articles/11abeb399662efd8824360c0da747949d5437b09,9/21(“y) 16:31
hokkoku,–kš V•·Ğ,VŠ²ü‚Ìu•‘‘ä— vŒ©Šw@”’R‘‡Ô—¼Š@‚T”N‚Ô‚èˆê”ÊŒöŠJ,https://news.yahoo.co.jp/articles/56b310622c6c4b932cc036f6a42f1ac5e6348987,9/21(“y) 16:02
hokkoku,–kš V•·Ğ,q‰œ”\“o‹‰Jr”\“o’¬‚Å—«s•û•s–¾,https://news.yahoo.co.jp/articles/d265fd93aa2559fda05661e37b24f1ba682385c3,9/21(“y) 15:51
hokkoku,–kš V•·Ğ,•œ‹»“rã‚Ü‚½‹ê“ï@u”\“o‚Î‚©‚èvuÅˆ«‚È”N‚âv,https://news.yahoo.co.jp/articles/871db78c84c34e2262794d66b886dce86267f724,9/21(“y) 13:39
hokkoku,–kš V•·Ğ,‰œ”\“o‚É‘å‰J“Á•ÊŒx•ñ@—Ö“‡‚PŠÔ‚P‚Q‚Pƒ~ƒŠ,https://news.yahoo.co.jp/articles/465fd48f451bd047af559b88b2e92ec3df797c29,9/21(“y) 13:36
hokkoku,–kš V•·Ğ,‹e’niŒ§Œo‰cŠÇ—•”Ÿ’·j‚ğ—i—§@•XŒ©s’·‘I‚Å©–¯x•”,https://news.yahoo.co.jp/articles/a258c04c53b9cd9de16ae3f9d4637ee2a6a38d26,9/21(“y) 8:02
hokkoku,–kš V•·Ğ,ĞŠQŠÖ˜A€A‚‰ª‚Å‚Ql@‚X‚O‘ã—«‚Æ‚W‚O‘ã’j«@Œ§“à‰”F’è,https://news.yahoo.co.jp/articles/62923ad1a5672f9b754f7f1924b347a5d2c7435f,9/21(“y) 8:02
hokkoku,–kš V•·Ğ,‚Z¶”íĞÒ‘•‚¢Šñ•t‹à¼æ@‚r‚m‚r‚ÅìF‚ÌZŠ‹L‚·,https://news.yahoo.co.jp/articles/457838be8e5c959ca96a93e8abeaeacf1ca5001e,9/21(“y) 8:02
hokkoku,–kš V•·Ğ,–ìØ‘¢Œ`A‚P‚WìÊ‚è@‚‰ªE•Ÿ‰ª’¬‚Å‚Â‚­‚è‚à‚ñ‚Ü‚Â‚èA‚Q‚P“úŠJ–‹,https://news.yahoo.co.jp/articles/edcf85a34a660c9a4b7c43f9a5081d316c247e94,9/21(“y) 8:02
hokkoku,–kš V•·Ğ,‘å‚Ì—¢A‘åŠÖŒ©‚¦‚½@‚P‚QŸ–ÚA‚RêŠ‚R‚RŸ“’B@‘å‘Š–oHêŠ,https://news.yahoo.co.jp/articles/827de0780629b16c14379f6e779b03e49736c67f,9/21(“y) 8:02
hokkoku,–kš V•·Ğ,’cqA‚¨‚±‚íê–å‚ÌƒJƒtƒF@‚³‚³‚ç‰®•xR‹àò›“XA‚Q‚P“úƒI[ƒvƒ“,https://news.yahoo.co.jp/articles/b6fa72f0ccb17e232fc5e95ee95a5274cb3f538c,9/21(“y) 8:02
hokkoku,–kš V•·Ğ,“®•¨¶‚«¶‚«•\Œ»@“ú–{‰æ™“®•¨‰€‚Q‚P“úŠJ–‹@“v”gs”üpŠÙ,https://news.yahoo.co.jp/articles/829afa082d53da4f9ffcde7eccfa10b5b7aebadd,9/21(“y) 8:02
hokkoku,–kš V•·Ğ,©“®‰^“]ƒoƒXAæ‚èS’n—Ç‚¢@•xRE•w’†‚ÅÀØÀŒ±@‚Q‚V“ú‚Ü‚ÅuƒŒƒxƒ‹‚Qv‚Å,https://news.yahoo.co.jp/articles/c1a8cc55c92d69f4423764d37ad333562e35cacc,9/21(“y) 8:02
hokkoku,–kš V•·Ğ,Œ“à‚Å•Â“XAV‹Æ‘Ô‚É@—‡ƒVƒFƒtŠÄC‚Ì“X@—Ñ–V“Œ‹}ƒXƒNƒGƒAuƒ‰Eƒxƒbƒgƒ‰v,https://news.yahoo.co.jp/articles/f0739d56b148c81531f65cc626da426775152c2e,9/21(“y) 8:02
hokkoku,–kš V•·Ğ,¡ò©¡‰ï‚ªƒOƒ‰ƒ“ƒvƒŠ@‚‰ªE’†“cA‚©‚©‚µƒRƒ“ƒN[ƒ‹@‚©‚©‚µÕ‚Í‚Q‚P“úŠJ–‹,https://news.yahoo.co.jp/articles/824c54a499c09cc251f75f92debd9a1498cf5fa8,9/21(“y) 8:02
hokkoku,–kš V•·Ğ,q‹óÕ‹L”OƒOƒbƒY“oê@¬¼‹ó`‚Ì“X•ÜA‚Q‚Oí”Ì”„,https://news.yahoo.co.jp/articles/a3123055e5acaf0a3d9415363b59b1fa986b9e7e,9/21(“y) 8:02
hokkoku,–kš V•·Ğ,ƒƒbƒyƒ“‚Å”íĞ’nx‰‡@¬¼‚Ì¬â‚³‚ñAû‰v‚Ìˆê•”‚ğŠñ•t,https://news.yahoo.co.jp/articles/120d832942634013309043416f6eaf8f8c200ad5,9/21(“y) 8:02
hokkoku,–kš V•·Ğ,Œ¤C¶‚Ì‰¼İŠñhÉ@—Ö“‡½Œ|Œ¤CŠAƒgƒŒ[ƒ‰[ƒnƒEƒXŠ®¬,https://news.yahoo.co.jp/articles/86374438eacd075410d3ed3f487124bdbffc45de,9/21(“y) 8:02
hokkoku,–kš V•·Ğ,•œ‹»‹F‚é•‘—xŠGŠª@Œ§—§‰¹Šy“°‚Å‹à‘ò‚¨‚Ç‚èŠJ–‹,https://news.yahoo.co.jp/articles/f3472b741c18c0459c73e7824e1aa4a7d7645543,9/21(“y) 5:02
hokkoku,–kš V•·Ğ,‘å‚Ì—¢‚P‚QŸ–Ú@‘å‘Š–oHêŠ,https://news.yahoo.co.jp/articles/b28e95e064e49b9cd3776c45319cbafe0411591d,9/20(‹à) 18:06
hokkoku,–kš V•·Ğ,’©s‚Ì•—î‚ğ–‹i@‚Ù‚Á‚±‚­ŠÏŒõƒcƒA[u¡s‚¯‚é”\“ov,https://news.yahoo.co.jp/articles/c1e651efa90d124331afde304e4bc40f900689c0,9/20(‹à) 16:01
hokkoku,–kš V•·Ğ,‰Ô•‘‘ä‚Éƒtƒ@ƒ“‘±X@Œ§—§‰¹Šy“°‚Å‹à‘ò‚¨‚Ç‚èŠJ–‹,https://news.yahoo.co.jp/articles/094c8783c60f529d9b359d95fbd0dd683430294b,9/20(‹à) 16:01
hokkoku,–kš V•·Ğ,u‚Æ‚â‚ÜŠGŠªvg—p’â~@‚ ‚¢‚Ì•—ƒCƒxƒ“ƒg—ñÔ@•ÊÔ—¼‚Å‰^sA‚S‚OlæÔ‚Å‚«‚¸,https://news.yahoo.co.jp/articles/de99aab4cc10ef2c0b4fd5f22c94ebb70efee0e9,9/20(‹à) 8:01
hokkoku,–kš V•·Ğ,‹‰Ø‹q‘D‚É™“¶Š½º@‹à‘òE‘å–ì’¬¬‚T”N¶‚ªŒ©Šw,https://news.yahoo.co.jp/articles/1d98d1157f4bd3990f8743fbbcecacb657d23440,9/20(‹à) 8:01
hokkoku,–kš V•·Ğ,ŠÖ˜A€V‚½‚É23l”F’è@ÎìŒ§AŒv170l‚É,https://news.yahoo.co.jp/articles/4884143b8a109ac37d2309bbca36cf9f0001c781,9/20(‹à) 8:01
hokkoku,–kš V•·Ğ,‘å‚Ì—¢‚Â‚¢‚É“y@˜AŸ11‚ÅƒXƒgƒbƒvuŠÃ‚³o‚½v@‘å‘Š–oHêŠ,https://news.yahoo.co.jp/articles/ccc07ec64434b424daff6c2740a5bf37f9df131f,9/20(‹à) 8:01
hokkoku,–kš V•·Ğ,Îì‚Æ•xRA•œ‹»‚ÖŒ‹‘©@‚Â‚é‚¬ƒNƒ‰ƒuA‹à‘ò‚É250lWŒ‹@‘æ10‰ñ§e‰ï,https://news.yahoo.co.jp/articles/66e54cf75da11b1506f5997799ff2b1116076bd4,9/20(‹à) 8:01
hokkoku,–kš V•·Ğ,Ë…E“àì‚É’|‚Ì‚ ‚©‚è,https://news.yahoo.co.jp/articles/f89aaacda91279ea87fee117f0b74390037f57c6,9/20(‹à) 8:01
hokkoku,–kš V•·Ğ,ƒƒ“ƒgƒ‰ƒ€o”­isI@ˆ¤Œ¢‚Æˆê‚És“d@•xRE”ªl’¬U‹»‰ï@‚P‚OŒƒ}ƒ‹ƒVƒF‚É‡‚í‚¹@ƒP[ƒW‚È‚µ‚Åü—Vu‹CŒy‚É—V‚Ñ‚É—ˆ‚Äv,https://news.yahoo.co.jp/articles/83596e89ca3bbaad2e77b8a91bf6eeb5eae5f912,9/20(‹à) 8:01
hokkoku,–kš V•·Ğ,ŒÙ—pˆÛ‘ÎôA‘OŒü‚«@Œ§“à‹@‚ÌŠİ“cñ‘Š@ŒÙ’²‹à‰„’·—v¿ó‚¯u‰ü‘P‚ğŒŸ“¢v,https://news.yahoo.co.jp/articles/1c2fb908634c22035c9f608fd0c4d20a3b35d53e,9/20(‹à) 8:01
hokkoku,–kš V•·Ğ,–{”Ô‚³‚È‚ª‚çA•‘‚É–‚«@‹à‘ò‚¨‚Ç‚èA20“úŠJ–‹@Œ§—§‰¹Šy“°A23“ú‚Ü‚Å,https://news.yahoo.co.jp/articles/78ac59835b87b40097d014507a78fbe342ae4029,9/20(‹à) 8:01
hokkoku,–kš V•·Ğ,‚P‚OŒ‚Q‚O“ú¦A‚Q‚V“ú“Š•[@•XŒ©s’·‘I@©–¯A‚Q‚O“ú‚É‚àŒó•â—i—§,https://news.yahoo.co.jp/articles/3ae5aecaf25646fd6586814780eab03487549cc2,9/20(‹à) 8:01
hokkoku,–kš V•·Ğ,ƒqƒKƒ“ƒoƒi–Ò‹‚Å’x‚ê@¬–î•”EŒÜ˜YŠÛAZ–¯‚ªAÍ@ŠJ‰Ô‚Ü‚¾‚T‚O`‚U‚O–{,https://news.yahoo.co.jp/articles/e6a9bc82ed2c838f92e3615520a100b137ba0619,9/20(‹à) 8:01
hokkoku,–kš V•·Ğ,qƒJƒ^[ƒŒ•xRE‚i‚Rr‚P–œl‚Ö—ˆêŒÄ‚ÑŠ|‚¯@‚P‚OŒ‚U“úƒz[ƒ€¡¡í@‘IèA•xR‰w‚Å‚o‚qƒ`ƒ‰ƒV,https://news.yahoo.co.jp/articles/95956f0c52a27d1b5d134ed849bff43bef95f4e2,9/20(‹à) 8:01
hokkoku,–kš V•·Ğ,‘å‚Ì—¢‰•¯@˜AŸƒXƒgƒbƒv@‘å‘Š–oHêŠ,https://news.yahoo.co.jp/articles/57832bb70518ef6982668610a379b43214d9b950,9/19(–Ø) 17:46
hokkoku,–kš V•·Ğ,ˆîŒõA–¢–¾‚Ì‹óØ‚è—ô‚­@”\“o‚ÅŒƒ‚µ‚¢‰J,https://news.yahoo.co.jp/articles/6e31fd15f21f7c4f169bdf492a4f1054037d1e9f,9/19(–Ø) 17:16
hokkoku,–kš V•·Ğ,u‚æ‚¤‚±‚»v”íĞ’nµ”ö‚Ö@’nkŒã‰AƒNƒ‹[ƒY‘DŠñ`,https://news.yahoo.co.jp/articles/6a073a8f95232d9f66b0ce33595b3b6737a3bbf0,9/19(–Ø) 16:02
hokkoku,–kš V•·Ğ,—Ö“‡’©sAŒö”ï‰ğ‘Ìi‚Ş@ŠJn‚RƒJŒ”¼A‚Q‚O‚O“’´‚¦‚é‚ª‚ê‚«”Ào,https://news.yahoo.co.jp/articles/ea117d8af6a257076a36b9e7185b643efb7d1694,9/19(–Ø) 8:02
hokkoku,–kš V•·Ğ,ŠC˜V]AV–©A‘å–å@O‚Â‚Ì‰gR¨‚¼‚ë‚¢@Ë…sŠÏŒõ‹¦‚Ü‚Â‚èƒ|ƒXƒ^[,https://news.yahoo.co.jp/articles/345feb4515eacf20a2aafe13d7f66dc1f8efd7be,9/19(–Ø) 8:02
hokkoku,–kš V•·Ğ,Œˆ¤‚Å‰‰‘tŠy‚µ‚Ş@¬–î•”E÷’¬Î•€‚Ì‰ï,https://news.yahoo.co.jp/articles/2a95480c26670b7a84993d8e0d1d59362ba12160,9/19(–Ø) 8:02
hokkoku,–kš V•·Ğ,‚æ‚²‚µƒo[ƒK[–¡‚í‚Á‚Ä@O‘º‚³‚ñi’†“c’†jƒOƒ‰ƒ“ƒvƒŠ@‚‰ª¤H‰ïÂ”N•”–¢—ˆƒŒƒVƒs,https://news.yahoo.co.jp/articles/5dac3c2065891e0dd149eabae233b7babb6cf25e,9/19(–Ø) 8:02
hokkoku,–kš V•·Ğ,ˆî—tƒƒ‹ƒwƒ“‹‚o‚q‹­‰»@¬–î•”sAŠÏŒõ‹¦‚ª”Ì˜HŠg‘å‚Ö@‚P‚OŒ‚Q‚O“ú‚É”ˆç‘ÌŒ±ƒcƒA[@‚P‚PŒ‚XA‚P‚O“ú‚É–¡‚í‚¤u–q–ìÕv,https://news.yahoo.co.jp/articles/f29b07c5c35cfaffad31983fe13d9d26b67d1c4e,9/19(–Ø) 8:02
hokkoku,–kš V•·Ğ,‘å•‘‘ä‚Ö‘dã‚°@‹à‘ò‚¨‚Ç‚è20“úŠJ–‹@Œ|‹WO‚Æ‘tÒA‡“¯ŒmŒÃ,https://news.yahoo.co.jp/articles/63eab23d90c2ad095ad7e45b3609e846fefe38e0,9/19(–Ø) 8:02
hokkoku,–kš V•·Ğ,ƒNƒƒXƒQ[ƒg‹à‘ò‚Éu‚·‚µH‚¢‚Ë‚¥Iv@ƒhƒ}ƒbƒNƒXŠJ‹Æ,https://news.yahoo.co.jp/articles/8af969d53ca561cf089d8e971e33b50cafe44bc2,9/19(–Ø) 8:02
hokkoku,–kš V•·Ğ,q•xRƒOƒ‰ƒEƒW[ƒYE‚aƒŠ[ƒOruÜ‚ê‚È‚¢ƒ`[ƒ€‚ğv‚a‚P•œ‹A‚Ö“¡‰iå«@‚Q‚P“úA“Vc”t‚QŸ‚q@‚P‚OŒ‚T“úA‚a‚QŠJ–‹í,https://news.yahoo.co.jp/articles/b2f25f560ba4d4386efd6a204b92aca487dacee8,9/19(–Ø) 8:02
hokkoku,–kš V•·Ğ,—Ö“‡[–å‘Ou‚Ü‚é‚Åƒ[ƒvv@’†‰®ƒgƒ“ƒlƒ‹A–{Ğ‹LÒƒ‹ƒ|,https://news.yahoo.co.jp/articles/1024f34e8230a01457955f159aa3564cfa5987cd,9/19(–Ø) 8:02
hokkoku,–kš V•·Ğ,‹ó”ò‚ÔŠC‰AŒÌ‹½‚ğç‚é@¬¼og‚Ì‹ãŠÇ‚Ì‹@“®‹~“ïm@”\“o”¼“‡’nk‚Å‚ào“®,https://news.yahoo.co.jp/articles/2bc686e57a59a71ae03a4b18bb8fabba675b516c,9/19(–Ø) 8:02
hokkoku,–kš V•·Ğ,µ”ös’·‘IAˆê‹C‚É‘ÎŒˆƒ€[ƒh@s‹c‰ï‚Å‚³‚â“–‚Ä,https://news.yahoo.co.jp/articles/cb90d0e9ab8f21b81363f9d130be3fe9b94a4082,9/19(–Ø) 8:02
hokkoku,–kš V•·Ğ,‘å‚Ì—¢‚P‚P˜AŸ@‘åŠÖ¸i–ÚˆÀ‚R‚RŸ‚É‚ ‚Æ‚P@‚Q·A‚Rl‚É,https://news.yahoo.co.jp/articles/fb6af86df2fb94af916cfdb46493383855ac101d,9/19(–Ø) 8:02
hokkoku,–kš V•·Ğ,ƒ_ƒuƒ‹‚³‚ñ‚…ƒXƒ|[ƒc‚v”t‚RˆÊ@‹à‘òogAs’·‚É•ñ,https://news.yahoo.co.jp/articles/3566297b49b7788be4ab9ff58c733f86abb3ffec,9/19(–Ø) 8:02
hokkoku,–kš V•·Ğ,À‚è‚ÌHAƒNƒŠ‚½‚í‚í@ƒtƒ@ƒ~ƒŠ[ƒp[ƒN,https://news.yahoo.co.jp/articles/c326bf42c7a1daa2519e7ab0a0398dd6782a025c,9/19(–Ø) 8:02
hokkoku,–kš V•·Ğ,‘å‚Ì—¢‚P‚P˜AŸ@‘å‘Š–oHêŠ,https://news.yahoo.co.jp/articles/c965420f2625ac6b15b4d59f3b32adff723c09ca,9/18(…) 17:51
hokkoku,–kš V•·Ğ,‚¤‚ë‚±‰_AH‚Ì‹ó@Œ§“à‚W’n“_‚Å‚R‚O“x’´,https://news.yahoo.co.jp/articles/95bc65bed2ba8cc4d35bc72ac41da41b93cb7082,9/18(…) 16:01
hokkoku,–kš V•·Ğ,ÄŠJ“X•Ü‚É–³‚ÅƒfƒUƒCƒ“@’Ã”¦‚Ì™–ì‚³‚ñAƒA[ƒg‚Å•œ‹»x‰‡,https://news.yahoo.co.jp/articles/5626193c0f6f6a0212510d1d9f95f88a2220c698,9/18(…) 16:01
hokkoku,–kš V•·Ğ,’†H‚Ì–¼Œ‚­‚Á‚«‚è@•xRéš¬Œö‰€,https://news.yahoo.co.jp/articles/d67a80339893cb37569cc5880e62df18d553639e,9/18(…) 8:02
hokkoku,–kš V•·Ğ,“‡‰e•Ï‚í‚ê‚Ç‚à—I‹v‚ÌâŒi@ìFEŒ©•“‡‚É’†H‚Ì–¼Œ,https://news.yahoo.co.jp/articles/2fe4224b756a97331f902bea553f4438a7a23f01,9/18(…) 8:02
hokkoku,–kš V•·Ğ,ü•Ó{İ‚É‰½‚Ù‚µ‚¢H@VƒXƒ^ƒWƒAƒ€‚ÅŒ§ƒTƒbƒJ[‹¦@•xR¤‚¶‚ªˆÓŒ©ŒğŠ·,https://news.yahoo.co.jp/articles/1942e8d7c3589f1a01f00721b72c21f96624f9db,9/18(…) 8:02
hokkoku,–kš V•·Ğ,¬–î•”V’¡É‚SŠKŒš‚Ä@s‹c‰ïŒšİˆÏAs‚ª‘fˆÄ‚ğ’ñ¦@ÅãŠK‚É‹cêAĞŠQŠˆ—p,https://news.yahoo.co.jp/articles/6c49cfa542946838b620e1c15a04915f577ec86f,9/18(…) 8:02
hokkoku,–kš V•·Ğ,‚‰ª‚ÌHA·‚èã‚°‚é@‚Q‚PA‚Q‚Q“ú‚ÉÕ‚è@u‚Â‚­‚è‚à‚ñv‚Æu‚©‚©‚µv,https://news.yahoo.co.jp/articles/7445e294596183a439936830b79e2be94a5f2a86,9/18(…) 8:02
hokkoku,–kš V•·Ğ,“ú’†‚ÉŒ¸•ÖA’©—[‚ÍˆÛ@•xR’n“S˜HüƒoƒXA‚P‚OŒ‚©‚ç,https://news.yahoo.co.jp/articles/a197c85374caa2ae7f7d2ee8014af7c76af7a24f,9/18(…) 8:02
hokkoku,–kš V•·Ğ,‹à‘òƒ}ƒ‰ƒ\ƒ“‘O“úA™“¶‚ÉƒŒƒbƒXƒ“@‚P‚OŒ‚Q‚U“úAƒtƒBƒjƒbƒVƒ…‘ÌŒ±‚à,https://news.yahoo.co.jp/articles/a34947faa0c71cd644e8c9af40c7cab8090ed7aa,9/18(…) 8:02
hokkoku,–kš V•·Ğ,ƒVƒƒGƒrŠÏŒõ‘DA¡‹G’f”O@V–©‹™‹¦A…—g‚°ŒƒŒ¸‚Åu—ˆ‹G‚ÉŠú‘Òv,https://news.yahoo.co.jp/articles/fc0fbee2a5bb31f59bb7af636f6868e903d0b8c9,9/18(…) 8:02
hokkoku,–kš V•·Ğ,‘å‚Ì—¢“Æ‘–‚P‚O˜AŸ@Œã‘±‚É‚Q·,https://news.yahoo.co.jp/articles/fd6c17efc7ddd526bd6fc152e9c7f7d2e5051864,9/18(…) 8:02
hokkoku,–kš V•·Ğ,–ØŒËs‹c‚ªo”nˆÓŒü@µ”ös’·‘IA‘I‹“í‚ÌŒöZ,https://news.yahoo.co.jp/articles/d5ca7fae2bb22921ec20668f16a84f4c15fdcb4d,9/18(…) 8:02
hokkoku,–kš V•·Ğ,•xR‰w–kAã¸—¦ƒgƒbƒv@Œ§“àŠî€’n‰¿@‹“‡’¬‚VD‚O“AŠJ”­‘±‚­¤‹Æ’n‚Åã¸,https://news.yahoo.co.jp/articles/08e5ba44f530c4153f0fb632a106e4ac75747596,9/18(…) 8:02
hokkoku,–kš V•·Ğ,u”íĞ’n‚ÅŠæ’£‚épŒ©‚¹‚½v@‘S‘‘å‰ï‚Å•±“¬AìF•›’·E™–{‚³‚ñ,https://news.yahoo.co.jp/articles/a146ad1ce73f5915413e8a066a06f959ec46eee2,9/18(…) 8:02
hokkoku,–kš V•·Ğ,‰ğ‘Ì—\’èŒš•¨‚Å‰‚Ì‹~oŒP—û@¬¼‚Å“ì‰Á‰ê‚RÁ–h–{•”,https://news.yahoo.co.jp/articles/b25ebde3a6b2cf53cd28c742d7b08143b8b2f7be,9/18(…) 8:02
hokkoku,–kš V•·Ğ,‘å‚Ì—¢‚P‚O˜AŸA–¶“‡‰º‚·@‘å‘Š–oHêŠ,https://news.yahoo.co.jp/articles/e65c83484c1588371788b4a9bf900800475dfca5,9/17(‰Î) 18:03
hokkoku,–kš V•·Ğ,ƒLƒoƒiƒRƒXƒ‚ƒXAH‚Ì‹C”z@‹à‘ò,https://news.yahoo.co.jp/articles/59f06f81ad15152f25c117d21f0d4b73464a3e3b,9/17(‰Î) 16:46
hokkoku,–kš V•·Ğ,h‚µ–Ô‹™‘Do`@—Ö“‡AŒ±‘€‹Æ@‹™ê‚ğ’²¸u•Ï‰»’m‚è‚½‚¢v,https://news.yahoo.co.jp/articles/0c1e1c72255a803a2dfed40fef361d1666c1561a,9/17(‰Î) 16:46
hokkoku,–kš V•·Ğ,ƒƒLƒVƒR‚ÌŠG•t‚¯w“ì@“Æ‚ÌƒoƒCƒc‚³‚ñ‚ªˆä”g‚Å‹³º,https://news.yahoo.co.jp/articles/cccc7465b58e8b33073c55eac6cc084feab730ef,9/17(‰Î) 8:01
hokkoku,–kš V•·Ğ,–hĞ‚â’n•û‘n¶A‹à‘ò‚Å˜_í@©–¯‘Ù‘IA‚XŒó•â‚ªŒöŠJ“¢˜_‰ï@kĞ‚ÖŒ¾‹y–R‚µ‚­,https://news.yahoo.co.jp/articles/4517e5c25e3faa54ae65ac0376db190d6d31e055,9/17(‰Î) 8:01
hokkoku,–kš V•·Ğ,–¢—ˆ•xRAV–©‚É‰õŸ@H‹GŒ§‚Z–ì‹…@“ì“v•Ÿ–ìA•xRˆêAŠŠìƒR[ƒ‹ƒh,https://news.yahoo.co.jp/articles/8185f4a9c940a414d5cec5dfc7a6b465483fa60d,9/17(‰Î) 8:01
hokkoku,–kš V•·Ğ,‘å‚Ì—¢‚X˜AŸ@‚P”s‚Ì–¶“‡‚Æ‚P‚V“ú‘Îí,https://news.yahoo.co.jp/articles/befaf961e9207ffafd44a67c1cc13c8dc3cb4d4b,9/17(‰Î) 8:01
hokkoku,–kš V•·Ğ,ƒSƒXƒyƒ‹‚Å·‚èã‚°@•xRV•·•¶‰»ƒZƒ“ƒ^[ut@Ë…‚ÌƒCƒxƒ“ƒgo‰‰,https://news.yahoo.co.jp/articles/7f3ac4bdcbe25a43be2e1d1d2b60109c87a85dc3,9/17(‰Î) 8:01
hokkoku,–kš V•·Ğ,‰““¡AŸ‚¿‰z‚µ‰¤è@‹PA‚V˜A”s‚Å•‰‚¯‰z‚µ,https://news.yahoo.co.jp/articles/016399588eb601d3e41e97d14e833e662e95343b,9/17(‰Î) 8:01
hokkoku,–kš V•·Ğ,‚T‚Oƒ[ƒgƒ‹‘S—Íƒ_ƒbƒVƒ…I@•xR‚Å‘IèŒ A‚R‚R‚Ulƒ^ƒCƒ€‹£‚¤,https://news.yahoo.co.jp/articles/435262dc32d8fa7a1ea3148aa09b05942f06938e,9/17(‰Î) 8:01
hokkoku,–kš V•·Ğ,ƒ‚ƒ‹ƒbƒNA“v”g‚ÉL‚ª‚ê@s‘ÌˆçU‹»‹¦A‰‘å‰ï‚É‚W‚Ol@–k‰¢”­Ëƒjƒ…[ƒXƒ|[ƒcA¢‘ã’´‚¦Šy‚µ‚ñ‚Å,https://news.yahoo.co.jp/articles/f4a10fa36f278e3e218bcb73ee690e4924727f36,9/17(‰Î) 8:01
hokkoku,–kš V•·Ğ,‘½Ê‚ÈƒWƒƒƒY‚ÉŒ‚¤@ƒXƒgƒŠ[ƒg•Â–‹@Ô‰Hƒz[ƒ‹‚È‚ÇAŒv‚W–œ1000l”M‹C,https://news.yahoo.co.jp/articles/ecaa2b97a24f957a9c1d96e4d35cf872e557ac5d,9/17(‰Î) 8:01
hokkoku,–kš V•·Ğ,u‚Ì•ã‚³‚ñA•XŒ©‚ÉƒG[ƒ‹@u‚Â‚ç‚³A‚í‚¸‚©‚Å‚à–Y‚ê‚Äv@sŒ|p•¶‰»ŠÙ‚ÅŒö‰‰,https://news.yahoo.co.jp/articles/44aaaaa1b9cfc07b1d909f675e72b8f3a68784e4,9/17(‰Î) 8:01
hokkoku,–kš V•·Ğ,•‘‘ä‚ÅƒwƒAƒAƒŒƒ“ƒW@•xRƒrƒ…[ƒeƒB[ƒJƒŒƒbƒW§ì”­•\‰ï,https://news.yahoo.co.jp/articles/f0b8a32993b0dd83b8f2f0175f831a062769f9c2,9/17(‰Î) 8:01
hokkoku,–kš V•·Ğ,uƒI[ƒ‹µ”öv‚ÌÄ‚«‚Ü‚ñ‚¶‚ã‚¤@–QŠw‰€‚‚Sl‚ª§ìŠJn@”ç‚Éu‚Å‚©Rv‚Ì–ä,https://news.yahoo.co.jp/articles/761cb5ee5a47494857c048836fa51960f2b158e9,9/17(‰Î) 8:01
hokkoku,–kš V•·Ğ,Œ»E‘I‘Î‚ª³®”­‘«@’ƒ’Jus–¯ˆêŠÛ‚Å•œ‹Œ‚ğv@µ”ös’·‘I,https://news.yahoo.co.jp/articles/2fe9842a27fb954931356310a8172236f281e127,9/17(‰Î) 8:01
hokkoku,–kš V•·Ğ,‰B‚êƒLƒŠƒVƒ^ƒ“‘—¿ˆÚİ@µ”öE–{s›A•œ‹Œ‚Ì–{“°‚É,https://news.yahoo.co.jp/articles/64a84c17a04ce21e54257faeba3af2cd5970e8f7,9/17(‰Î) 8:01
hokkoku,–kš V•·Ğ,‘å‚Ì—¢A“{Ÿ·‚Ì‚X˜AŸ@‘å‘Š–oHêŠ,https://news.yahoo.co.jp/articles/89ea7f7bbaaf2e31580cff29fa03924a1a3f248d,9/16(Œ) 17:36
hokkoku,–kš V•·Ğ,‹Iq‚³‚ÜìF–K–â@Œ’Nf’f‹@A”íĞÒ‹CŒ­‚¤,https://news.yahoo.co.jp/articles/756a273d7de5b68d3f8535a29076207921d48aa7,9/16(Œ) 8:01
hokkoku,–kš V•·Ğ,•xR¤‚ª‰í”s‘Ş@ƒZƒ“ƒoƒcâ–]“I@H‹G‚Z–ì‹…‚Q‰ñí,https://news.yahoo.co.jp/articles/6b3f58e9a9d6f94a06646731a001d69c50d5527b,9/16(Œ) 8:01
hokkoku,–kš V•·Ğ,u‚¶‚¢‚¶A‚Î‚ ‚Î‚ ‚è‚ª‚Æ‚¤v@Ë…‚Ìu“V‘R‰·òŠC‰¤v@‰€™‚ªw‚ÉƒƒbƒZ[ƒWA“’‘D‚É•‚‚©‚×,https://news.yahoo.co.jp/articles/1fef8b869a5fa4fd54a902c95cbe6d407aa8017c,9/16(Œ) 8:01
hokkoku,–kš V•·Ğ,î‰Y‚³‚ñi•xRsj“ú–{ˆê@”‰®ßƒRƒ“ƒN[ƒ‹‘S‘‘å‰ï@ƒWƒ…ƒjƒA‚Í‹g“c‚³‚ñi•xRsj,https://news.yahoo.co.jp/articles/b2dc36f416e7a7d44466f9db7e2f34734b75e0a0,9/16(Œ) 8:01
hokkoku,–kš V•·Ğ,–ô“®A‚Ğ‚İ‚q•‘@ŒF–³Â”N’cÀ‰‰‰ï,https://news.yahoo.co.jp/articles/7244585921e270c58a3b851cbc2e93680ed9e21b,9/16(Œ) 8:01
hokkoku,–kš V•·Ğ,ƒ‰ƒNƒi‚Í‚­‚¢A—ˆŠÙ‚P‚O–œl@ƒI[ƒvƒ“‚QƒJŒ”¼,https://news.yahoo.co.jp/articles/d8903572b94f88b4382633e795e9c460c37dc1ae,9/16(Œ) 8:01
hokkoku,–kš V•·Ğ,‘nìƒm[ƒgAƒyƒ“Œ©“ü‚é@ˆäã‚Ğ‚³‚µ“W‚É‘½‚­‚Ìƒtƒ@ƒ“@‚u‚Ì‘•¶ŠwŠÙ‚ÅŠJÃ’†,https://news.yahoo.co.jp/articles/2310f0e728c627459bacbb1266d3e1642272d24b,9/16(Œ) 8:01
hokkoku,–kš V•·Ğ,ƒWƒƒƒYŠE‚Ì‰Ì•PA”üº‹¿‚­@ƒXƒgƒŠ[ƒg‚Q“ú–ÚAÔ‰Hƒz[ƒ‹‚ÅƒRƒ“ƒT[ƒg@¬’†‚¶‚ªƒvƒ‚É‰‰‘t–@Šw‚Ô,https://news.yahoo.co.jp/articles/979496881106512346cc91ec5ef16abad0a16773,9/16(Œ) 8:01
hokkoku,–kš V•·Ğ,‰H¶‚³‚ñ”íĞ’nv‚¢•‘‚¤@ƒ`ƒƒƒŠƒeƒB[‰‰‹Z‰ï@u­‚µ‚Å‚à‰·‚©‚¢‹C‚¿‚Év,https://news.yahoo.co.jp/articles/f090959c4c78ed33634efee8e21b5a08fbf84257,9/16(Œ) 8:01
hokkoku,–kš V•·Ğ,ƒvƒ‚Ö–ô“®@ƒvƒŠEƒhEƒJƒiƒUƒŠJ–‹@ƒoƒŒƒGƒVƒ…[ƒY•”–å‚Å’|“c‚³‚ñA•Ÿ“c‚³‚ñ‚PˆÊ,https://news.yahoo.co.jp/articles/c7d0d2c524a1e768d45b3534fb799a549a3a8e40,9/16(Œ) 8:01
hokkoku,–kš V•·Ğ,ƒNƒ‹[ƒYAHìŠy‚µ‚Ş@Ë…EŠC‰¤ŠÛƒp[ƒN‚ÅƒtƒFƒX,https://news.yahoo.co.jp/articles/7ceb837a26df84ad3cbaf8df8f5acd01385217ce,9/16(Œ) 8:01
hokkoku,–kš V•·Ğ,ƒeƒ“ƒOƒT‚ÌŠC•œŠˆ‚ğ@‚‰ªE‘•ª•lA‘”êŒ`¬‚Ö‰ü—ÇŞU•z@’nŒ³’c‘ÌAğ”N‚Ì”{‚Sƒgƒ““Š“ü,https://news.yahoo.co.jp/articles/155ff5fb3d4aa93022a5df257102f7db785d5db6,9/16(Œ) 8:01
hokkoku,–kš V•·Ğ,‚X‚TÎƒ{ƒEƒ‰[—Í‹­‚­“Š‹…@‹à‘ò‚Ì’Òã‚³‚ñ@‚P‚U“ú‚ÍŒh˜V‚Ì“ú,https://news.yahoo.co.jp/articles/f0e5c5b939c1864af7fb4c03417b45cb4ca80324,9/16(Œ) 5:02
hokkoku,–kš V•·Ğ,‘å‚Ì—¢‚W˜AŸAŸ‚¿‰z‚µ@’P“ÆñˆÊŒ˜,https://news.yahoo.co.jp/articles/ab8f27a3e62d9612a1da0c1a8d527a35ecc62b87,9/16(Œ) 5:02
hokkoku,–kš V•·Ğ,‘å‚Ì—¢AŸ‚¿‰z‚µ@–³‚Ì‚W˜AŸ@‘å‘Š–oHêŠ,https://news.yahoo.co.jp/articles/621aa0a4d3dc680e76c16cb0d9b24136e3f744b8,9/15(“ú) 17:46
hokkoku,–kš V•·Ğ,ŠÖ¼‹q‚RŠ„Œ¸‚ÌÕŒ‚@‹à‘å‚Ì’²¸@u‘‚­‘åã‚Övº‹­‚Ü‚é,https://news.yahoo.co.jp/articles/f7e1a07a86f6d34079808a246bcbdc64c3b0b3bc,9/15(“ú) 8:02
hokkoku,–kš V•·Ğ,•œ‹»Šè‚¢‚q—E‘s@”íĞ‚Ìˆ¢”öAZ–¯uŒ³‹C‚à‚ç‚Á‚½v@•XŒ©‚ÅHÕ‚è–{Ši‰»AŠˆ‹C,https://news.yahoo.co.jp/articles/1e96d8c835e8b5a0a290769f14cdbd2a90007ee9,9/15(“ú) 8:02
hokkoku,–kš V•·Ğ,‚T‚O‚O‰~‚Å••”„‚è@‚­‚ëƒƒ“ŠJn@“dÔAƒoƒXæ‚è•ú‘è,https://news.yahoo.co.jp/articles/2b9055fc25053332d5920c86aa3da16f02b8ac6f,9/15(“ú) 8:02
hokkoku,–kš V•·Ğ,”íĞ‚ÌƒLƒƒƒ“ƒvê•œŠˆ@¬–î•”E“àR@’nk‚Å•ö—‚Ì‘“¹‚R‚T‚X†•œ‹Œ,https://news.yahoo.co.jp/articles/e2e966a8940cfb89c3697f14c3e5b01ef8166bab,9/15(“ú) 8:02
hokkoku,–kš V•·Ğ,qƒJƒ^[ƒŒ•xRE‚i‚Rr‚RƒS[ƒ‹Aƒz[ƒ€–³”s,https://news.yahoo.co.jp/articles/fa401f6abff4ce777de26df4fb3e999ef63b8508,9/15(“ú) 8:02
hokkoku,–kš V•·Ğ,‹à‘òŠw‰@‘å•Aq‹óÎìA¯—ÅAƒV[ƒhZ‡“–@–kM‰z‚Z–ì‹…Œ§‘å‰ï,https://news.yahoo.co.jp/articles/a10cc57c766ed7a58fb9e0853f6106a9fad71c75,9/15(“ú) 8:02
hokkoku,–kš V•·Ğ,•xRˆêAÎ“®ƒR[ƒ‹ƒh”­i@‚‰ª“ìA•xR‚ê‚Í‰„’·§‚·@H‹G•xRŒ§‚Z–ì‹…‚ªŠJ–‹,https://news.yahoo.co.jp/articles/51ffd52f6243159c21b05124f1b95551400e4c6e,9/15(“ú) 8:02
hokkoku,–kš V•·Ğ,’nŒ³‚Ì–£—ÍuƒfƒJ·‚èv@Òì’n‹æ‚ÉZ–¯“Á»ƒJƒŒ[@’C–¤—p…A–L‚©‚È©‘Rc,https://news.yahoo.co.jp/articles/d078926f118eccba19441ea45a193306d1e27cf2,9/15(“ú) 8:02
hokkoku,–kš V•·Ğ,Š}ŠÔ‚q•‘‚É‰‚Ì—«Œ•m@‹à‘å‚P”NErì‚³‚ñu“`“‚É’p‚¶‚Ê‰‰•‘‚ğv,https://news.yahoo.co.jp/articles/a66cf87f3bedb205816b0375e0c2b6281c687a40,9/15(“ú) 8:02
hokkoku,–kš V•·Ğ,q‹óÕAÔ‚Å·‚èã‚°@‘O“ú‚Ì‚Q‚Q“ú‚ÉƒX[ƒp[ƒJ[‚P‚T‚O‘äWŒ‹@¬¼‚Ì—Luuæ‚è•¨‚ÌŠXv”­M,https://news.yahoo.co.jp/articles/b87f41643a94eb533623430a5dd7d9e5adead5dd,9/15(“ú) 8:02
hokkoku,–kš V•·Ğ,ƒvƒƒŒƒX‚ÅŒ³‹C“Í‚¯‚é@’†”\“o‚Å‚Q’c‘ÌƒCƒxƒ“ƒg,https://news.yahoo.co.jp/articles/c00db3a5622290871a509a3bb18cf7eda95858ad,9/15(“ú) 8:02
hokkoku,–kš V•·Ğ,‚‚³“ú–{ˆê‚ÌƒLƒŠƒR•À‚Ô@ìFE›‰Æ,https://news.yahoo.co.jp/articles/4980fe1c73f8ba026a7c9190c92a70dc3215b0d0,9/15(“ú) 8:02
hokkoku,–kš V•·Ğ,u‚±‚Æ‚Î‚Ì–‚ptvŠÔ‹ß‚É@u¶’a‚X‚O”N@ˆäã‚Ğ‚³‚µ“WvŠJ–‹@‚u‚Ì‘•¶ŠwŠÙ,https://news.yahoo.co.jp/articles/139990f4be2856b1307fed9531151ea7de2fb966,9/15(“ú) 5:02
hokkoku,–kš V•·Ğ,—â‚½‚¢ƒr[ƒ‹A•œ‹»ƒG[ƒ‹@‚µ‚¢‚Ì‚«Œ}•oŠÙ‚Å”\“o‚ÌHŞ–¡‚í‚¢Š£”t,https://news.yahoo.co.jp/articles/f30edb1902f15d8ad0f639433cd731e87dfce29d,9/14(“y) 18:17
hokkoku,–kš V•·Ğ,‘å‚Ì—¢‚V˜AŸ@’P“ÆñˆÊç‚é@‘å‘Š–oHêŠ,https://news.yahoo.co.jp/articles/568cfe51c643454a1192447e52cde22b8a7737df,9/14(“y) 18:02
hokkoku,–kš V•·Ğ,”\“o‚Ö•œ‹»Šè‚¤‰¹F@‹à‘òƒWƒƒƒYƒXƒgƒŠ[ƒgŠJ–‹,https://news.yahoo.co.jp/articles/d581ef7c2b409dc827e0eca681483f85dfdb7257,9/14(“y) 16:02
hokkoku,–kš V•·Ğ,—Ö“‡‰®ŠO‚É˜I“XÄ‚Ñ@u’©sƒJƒ€ƒoƒbƒNvAƒ}ƒŠƒ“ƒ^ƒEƒ“‚É‚R‚S“X,https://news.yahoo.co.jp/articles/46e01c4fc4fb73ce099fe4c0cf51c86753303ebc,9/14(“y) 16:02
hokkoku,–kš V•·Ğ,‹P‚­ˆî•äA‰H‚Ìï@“ì“vE‘Š‘q‡¶‘¢‚èW—@‚P‚SA‚P‚T“úƒ‰ƒCƒgƒAƒbƒv,https://news.yahoo.co.jp/articles/79afac76efbb6cfa8f644998e32fbbc2ec5b5709,9/14(“y) 8:02
hokkoku,–kš V•·Ğ,‘S‰È‚Åf—Ã‚ğÄŠJ@•x‘å•a‰@Aƒgƒ‰ƒuƒ‹‚È‚µ,https://news.yahoo.co.jp/articles/262cb733344d8ee1ecf6a4eed86a1f8e89187b84,9/14(“y) 8:02
hokkoku,–kš V•·Ğ,ƒzƒeƒ‹ƒAƒI‚ªŠJ‹Æ@‹à‘ò,https://news.yahoo.co.jp/articles/350ae9c543d75a3369d61766606c2e8c0554d4de,9/14(“y) 8:02
hokkoku,–kš V•·Ğ,ƒpƒ“ƒpƒXƒOƒ‰ƒXH‚Ì–K‚êŠ´‚¶@•XŒ©‚ ‚¢‚â‚ÜƒK[ƒfƒ“,https://news.yahoo.co.jp/articles/3e912dac36952f9d277ce857d3e435b4c3f0b05f,9/14(“y) 8:02
hokkoku,–kš V•·Ğ,Œ§“¹A—ˆ”N‚RŒ‚É•œ‹Œ@¬–î•”s@ğ‰Ä‚Ì‹‰J”íŠQA‹{“‡‹¬EŒÛƒP‘ê‚Ö‰—ˆ‰Â”\‚É,https://news.yahoo.co.jp/articles/2a8bffb108fb4d30aab46e4da7a2e9614a27e277,9/14(“y) 8:02
hokkoku,–kš V•·Ğ,”íĞŠ¢‚ÅMŠyÄ@–å‘O‚Ì‚ª‚ê‚«Ä¶@‘f–p‚Å—Í‹­‚¢Ší‚Édã‚°,https://news.yahoo.co.jp/articles/37d4751623d6008190852f911f0bbdd3111c004b,9/14(“y) 8:02
hokkoku,–kš V•·Ğ,–é‹ó‚ÉŒy‰õƒWƒƒƒY@‹à‘òuƒXƒgƒŠ[ƒgv‚P‚S“úŠJ–‹,https://news.yahoo.co.jp/articles/f4c41bb6a4b0a6dc5cd90d42517ad86f5f88a644,9/14(“y) 8:02
hokkoku,–kš V•·Ğ,ˆäã‚Ğ‚³‚µ“W‚P‚S“úŠJ–‹@•xRE‚u‚Ì‘•¶ŠwŠÙ,https://news.yahoo.co.jp/articles/4f412d42a8aeb9973ca2d37ac822964acc917051,9/14(“y) 8:02
hokkoku,–kš V•·Ğ,‹à‘òƒ}ƒ‰ƒ\ƒ“A•œ‹»‚Ö‹ì‚¯‚é@ƒIƒ“ƒ‰ƒCƒ“‘å‰ïŠJ–‹@‚PƒLƒ‚P‚O‰~‹`‰‡‹à‚É,https://news.yahoo.co.jp/articles/d4597c795341dc32bfd093e4273d93dabe8b2ca6,9/14(“y) 8:02
hokkoku,–kš V•·Ğ,‘å‚Ì—¢‚U˜AŸ@³‘ã‚ğˆ³“|AñˆÊŒ˜@‰““¡A˜A”s~‚ß‚é,https://news.yahoo.co.jp/articles/d685c7eb76dea405f200535f7e777a2c9e638138,9/14(“y) 8:02
hokkoku,–kš V•·Ğ,‰Á‰ê”Ë‚ÌˆâYç‚éŒˆˆÓ@—˜’·‚Ìˆâ“¿‚µ‚Ì‚Ô@‚‰ª‚Ì•æŠ‚ÅŒ°²Õ,https://news.yahoo.co.jp/articles/d959f97f859e7286d9b9abd4b65aafcef82ed667,9/14(“y) 8:02
hokkoku,–kš V•·Ğ,ƒr[ƒ‹‚Æ”\“oƒOƒ‹ƒŠ¬”\‚µ‚Ä@‚µ‚¢‚Ì‚«Œ}•oŠÙ‚Å‚P‚SA‚P‚T“úƒTƒ~ƒbƒg,https://news.yahoo.co.jp/articles/81223b1c32b911d7ed66626452f81a925bc337f5,9/14(“y) 8:02
hokkoku,–kš V•·Ğ,‚RZ‚ÅŒv‚P‚Q‚OlŒ¸@¬¼–¾•ôA’ß—ˆA–ìXs–¾—Ï@‚Q‚T”N“x‚ÌŒö—§‚’èˆõAŒ§‹³ˆÏ‚ªŒö•\,https://news.yahoo.co.jp/articles/d72285c5328713e38db8d871cbcac6b113b519e9,9/14(“y) 8:02
hokkoku,–kš V•·Ğ,‘å‚Ì—¢‚U˜AŸ@’P“ÆñˆÊç‚é@‘å‘Š–oHêŠ,https://news.yahoo.co.jp/articles/484f0b853694298c04cba309f12993ae07e47383,9/13(‹à) 17:57
hokkoku,–kš V•·Ğ,”\“o‹ó`—×‚Å’Ç“‰®“T@—ˆ”N‚ÌŒ³“úA’y’m–‚ªˆÓŒü,https://news.yahoo.co.jp/articles/86065319db373ad4e5b9d7901b704d9e730a4518,9/13(‹à) 16:01
hokkoku,–kš V•·Ğ,‹à‘òƒ}ƒ‰ƒ\ƒ“AƒIƒ“ƒ‰ƒCƒ“†–C@‚Q‚U‚V‚RlƒGƒ“ƒgƒŠ[A‚P‚OŒ‚P‚S“ú‚Ü‚Å,https://news.yahoo.co.jp/articles/c62dabcb63e659ad5af68ccb8a62e590949a64b9,9/13(‹à) 16:01
hokkoku,–kš V•·Ğ,‘å˜aƒ^ƒNƒV[Œ³ê–±@‚P‰­‚Q‚U‚O‚O–œ‰~‰¡—ÌuŠÔˆá‚¢‚È‚¢v@‹à‘ò’nÙ‰Œö”»,https://news.yahoo.co.jp/articles/29ba2acad4563f1a931283dbc25fd65c72b03df0,9/13(‹à) 8:02
hokkoku,–kš V•·Ğ,‚r‹‰‹´–{iŠò•Œj—DŸ@•xR‹£—Ö‚e‚PE•xRV•·Ğ”t@‚`‹‰‚Í•£iL“‡j‚uA’nŒ³E‹ß’J‚V’…,https://news.yahoo.co.jp/articles/cdc66bccad69c98f7069d4aa5a7d812327a09f35,9/13(‹à) 8:02
hokkoku,–kš V•·Ğ,“ì“vsA‰pŒê‚Å‹Ù‹}‘¬•ñ‘—M@ŠO‘lŒü‚¯A’nk‘z’è@‚P‚OŒ‚U“ú‚É–hĞŒP—û,https://news.yahoo.co.jp/articles/cb3438f4f355d134c8dd7b88f0b41ef943dda777,9/13(‹à) 8:02
hokkoku,–kš V•·Ğ,‘å‚Ì—¢‚T˜AŸA’P“ÆñˆÊ@æêŠ‹ê”t‚Ì—²‚ÌŸ‚ÉŠ®Ÿ@uæ‚Ì‚±‚Æ‚Íl‚¦‚È‚¢v,https://news.yahoo.co.jp/articles/612cf93b55021f23d2608f57e0ffef17d378aa17,9/13(‹à) 8:02
hokkoku,–kš V•·Ğ,”—‚é‘‘I‹“€”õ‹}‚®@‘Ù‘I¦‚ÅŒ§‘IoO‰@‚R@um‹C‚—g‚Ì‘O£ív,https://news.yahoo.co.jp/articles/b01459cab3eb6a8bcddfa45220721ef2fb032351,9/13(‹à) 8:02
hokkoku,–kš V•·Ğ,•x‘å•a‰@ƒVƒXƒeƒ€áŠQ@ŠO—ˆf—Ã‚ªI“ú’†~@“dqƒJƒ‹ƒeg‚¦‚¸,https://news.yahoo.co.jp/articles/2f753ca89accf3c80a01021c30bf43a957ab7a45,9/13(‹à) 8:02
hokkoku,–kš V•·Ğ,“}ˆõ•[’x”zA•s’…‚ÌŒœ”O@©–¯‘Ù‘I@”íĞ’n‚Ì‚Í‚ª‚«”z’BA“Š•[—¦‚É‰e‹¿‚©,https://news.yahoo.co.jp/articles/9969dde9831b27827d2deebe6a3ff706a2b236b6,9/13(‹à) 8:02
hokkoku,–kš V•·Ğ,‘S‘u‚¤‚Ü‚¢‚à‚Ìv‚S‚Q“X‚ª¨‚¼‚ë‚¢@•xR‘å˜a‚ÅƒtƒFƒXƒ^,https://news.yahoo.co.jp/articles/7322f60f4ca8a376bf569dc25163064725c1335b,9/13(‹à) 8:02
hokkoku,–kš V•·Ğ,‰¼“X•Ü‚Å˜a‚ë‚¤‚»‚­ì‚è@µ”öE‚àV“Xuˆê–{™‚É‚É‚¬‚í‚¢‚ğv‘ÌŒ±‰ï,https://news.yahoo.co.jp/articles/f2f8bb5f005666f662ea3e0ead49bfb3b6a3cec4,9/13(‹à) 8:02
hokkoku,–kš V•·Ğ,“¹‚Ì‰wV–©ü•Ó‚ÌŠO‘Œnƒzƒeƒ‹@‚Q‚T”NŠJ‹ÆŠÔ‚É‡‚í‚¸@‘Ş‚“«‚Å’…H’x‚ê,https://news.yahoo.co.jp/articles/3309d8133ecb41124caf844d122f58f88d5acf6c,9/13(‹à) 8:02
hokkoku,–kš V•·Ğ,ƒŒƒgƒŠÅ”ÂAŠw¶‚ªÄŒ»@‹à‘òEÎˆø¤“XŠX@@‹à‘åA“ŒH‘å¶‚ª‚S‚Oí@‚P‚SA‚P‚T“ú‚É“W¦,https://news.yahoo.co.jp/articles/a57bdfbb24dfce3040fd0f269743c4df4c289f13,9/13(‹à) 5:02
hokkoku,–kš V•·Ğ,‚Q‚V”N‚Ô‚èVì‚¨”â˜I–Ú@‹à‘ò‚Q‚P”ü‚Å”€}‚©‚¸‚¨‘å”üp“W,https://news.yahoo.co.jp/articles/15d32f2b07617136592a18e3b8b40a0fcd57dfff,9/13(‹à) 5:02
hokkoku,–kš V•·Ğ,ƒXƒXƒLu^‰Äv‚É—h‚ê@‹à‘òéŒö‰€,https://news.yahoo.co.jp/articles/ff661ef962d7f9b81980deff95201d7fb04bbefc,9/12(–Ø) 18:32
hokkoku,–kš V•·Ğ,‘å‚Ì—¢A”ÕÎ‚T˜AŸ@‘å‘Š–oHêŠ,https://news.yahoo.co.jp/articles/5f0628befac426c6a1952216935a56d2c25fdcfc,9/12(–Ø) 17:51
hokkoku,–kš V•·Ğ,–k—¤Œi‹µ‚QŠú‚Ô‚èƒ}ƒCƒiƒX@‚V`‚XŒ’nkAƒRƒXƒg‚‰e‹¿,https://news.yahoo.co.jp/articles/4ff2b156e38f1de12297dd8f1a8211d61a8b9aec,9/12(–Ø) 16:02
hokkoku,–kš V•·Ğ,–k—¤“¹‚R‘ä–ŒÌA‚Pl€–S@”’R‚h‚b‹ß‚­A‹Ê“Ë‚«@‰ß¸‰^“]’v€‹^‚¢ƒ{[ƒgƒŒ[ƒT[‘ß•ß,https://news.yahoo.co.jp/articles/499821ae717c78c108b8893fe0128559e2b6198e,9/12(–Ø) 8:02
hokkoku,–kš V•·Ğ,y‚ª‚ñ‚Î‚êI‹½“y—Ímz‘å‚Ì—¢–³‚S˜AŸ@‰““¡‰•¯A‹P‚R”s,https://news.yahoo.co.jp/articles/3620649ad9fc2c7670d6a2f47099ff52170f9321,9/12(–Ø) 8:02
hokkoku,–kš V•·Ğ,¡”N‚Íƒ‹ƒ}ƒ“Ô“W¦@‚Q‚Q“úA‚‰ª‚¨‚Æ‚¬‚ÌXŒö‰€,https://news.yahoo.co.jp/articles/f3ec66918673f7e486d8b1bf3ad446b1fa817c91,9/12(–Ø) 8:02
hokkoku,–kš V•·Ğ,uƒnƒ[ƒLƒeƒBv‚ª‚â‚Á‚Ä—ˆ‚½@u‰êA‰€™‚Æƒ_ƒ“ƒX,https://news.yahoo.co.jp/articles/4537513f775117d1f640befdf3ba987d60b8a9b4,9/12(–Ø) 8:02
hokkoku,–kš V•·Ğ,˜A“ú‚Ì–Ò‹“úA¬¼36.1“xŒ§“àA”M’†Ç11l”À‘—,https://news.yahoo.co.jp/articles/6b5669a5d746cfcfb8f38638a64c24bae844e3ac,9/12(–Ø) 8:02
hokkoku,–kš V•·Ğ,—§–¯‚SŒó•âu•œ‹»‚ğd‹v@”íĞ’n–K–âA‹à‘ò‚Å“¢˜_‰ï,https://news.yahoo.co.jp/articles/efd67e6a50e7840178a20dbd676466e4066e2234,9/12(–Ø) 8:02
hokkoku,–kš V•·Ğ,‹™`•‘‘ä‚Éu‘‘D‹¶Œ¾v@ìFE‘û“‡@_Ğ‘¹‰ó‚Å“ÁİA“`“‚Â‚È‚®,https://news.yahoo.co.jp/articles/1bef744efe10ed7fd1e293165b6f5b37961703bc,9/12(–Ø) 8:02
hokkoku,–kš V•·Ğ,‚`‹‰‹ß’JiË…ogjŒˆŸ‚Ö@•xR‹£—Ö•xRV•·Ğ”t,https://news.yahoo.co.jp/articles/1d84fda9c3fed26408ba68ba3c6fd420c429bc8c,9/12(–Ø) 8:02
hokkoku,–kš V•·Ğ,ŠÅŒìt’·‚V”N–³–Æ‹–‰^“]@Ë…s–¯•a‰@uXVs‚¯‚¸v@’âE‚UƒJŒˆ•ª,https://news.yahoo.co.jp/articles/0805aa9b1e680f7caab59ad383ab37089003a2ce,9/12(–Ø) 8:02
hokkoku,–kš V•·Ğ,‚Â‚­‚è‚à‚ñ’ñ“”‚Å‹@‰^@‚‰ªE•Ÿ‰ª’¬@‚Q‚PA‚Q‚Q“ú‚Ü‚Â‚è–{”Ô,https://news.yahoo.co.jp/articles/0191cf25cffc27a9b973f118c1ab34740e7237f7,9/12(–Ø) 8:02
hokkoku,–kš V•·Ğ,u¶’n‚Ì•l‚ğŒ³‹C‚Ã‚¯‘âv@ƒ‚ƒjƒ…ƒƒ“ƒg•œŠˆ@‚­‚ë‚×‹™‹¦A‹›‚Ì‰w‚Q‚Oü”N,https://news.yahoo.co.jp/articles/9b214ccac66a10709e9d7515f41acdd2b3815948,9/12(–Ø) 8:02
hokkoku,–kš V•·Ğ,uŠÏŒõv‚©‚çuY‹Æv‚ÖÄ¶@ƒ~ƒ„ƒNƒŠ”Ì”„ŠJn@¬–î•”E‹{“‡ŒI‰€Õ’n@®”õi‚İûŠn,https://news.yahoo.co.jp/articles/da364ea701b26277b218094030310705eaf095f6,9/12(–Ø) 8:02
hokkoku,–kš V•·Ğ,’©“ú’¬‚Ì“k•à’ÊŠw’T‚é@¬Šw¶ƒXƒN[ƒ‹ƒoƒX’†S@“Œ‘åA•x‘åŒ¤‹†ƒ`[ƒ€,https://news.yahoo.co.jp/articles/76aee124b37402eaa59d0b80ba2b473ac429a496,9/12(–Ø) 8:02
hokkoku,–kš V•·Ğ,‘å‚Ì—¢‚S˜AŸ@‘å‘Š–oHêŠ,https://news.yahoo.co.jp/articles/e38f7a4479334809722c1135623e3369605e8a2e,9/11(…) 17:42
hokkoku,–kš V•·Ğ,Ô‚ª“X•Ü“Ë‚«”j‚é@‹à‘òE‘ò@‚Q‘äÕ“Ë‚Ì’e‚İ‚Å,https://news.yahoo.co.jp/articles/b46ccfba09872ebdb724c53b0ebb2498d064620b,9/11(…) 17:32
hokkoku,–kš V•·Ğ,ƒRƒVƒqƒJƒŠV•ÄAŒ§“à”­”„@•Ä•s‘«‚Å‘O”N”ä‚P‚R‚O‚O‰~‚,https://news.yahoo.co.jp/articles/2192cb4523d9e55beeea381498404ca1c581d8a5,9/11(…) 16:02
hokkoku,–kš V•·Ğ,ƒpƒCƒƒbƒg‚Ì—‘A”\“o‚Ì‹ó–ß‚é@“ú–{q‹ó‘åŠwZAŒP—û‚ğÄŠJ,https://news.yahoo.co.jp/articles/dbcdc36d9e837ad32a5484e25b2a3ed4afa96dd5,9/11(…) 16:02
hokkoku,–kš V•·Ğ,‚·‚¢‘Ÿ‚ª‚ñA’´‰¹”g¡—Ã@•x‘å•a‰@‚ÅV‘•’u¡Œ±@‘ÌŠO‚©‚çÆËA•‰’SŒ¸,https://news.yahoo.co.jp/articles/45bcb4f0430927c3d467a9c7d36f8adb6fcf9179,9/11(…) 8:02
hokkoku,–kš V•·Ğ,—²‹NŠCŠİ‚É–³lŒš‹@@—Ö“‡‚Ì‘“¹‚Q‚S‚X†A‰I‰ñ˜H®”õ‚ÅˆÀ‘SŠm•Û,https://news.yahoo.co.jp/articles/610b5d821601b2aed51511f1847d30a89b02d6df,9/11(…) 8:02
hokkoku,–kš V•·Ğ,“¯ˆê‹£‘–A“¯’…“ñ‚Â@‹à‘ò‹£”n‚Ü‚½’¿–A‚S‚S”N‚Ô‚è,https://news.yahoo.co.jp/articles/d8224ee2fba9d26a774fac26ebf1d350d0f75c6a,9/11(…) 8:02
hokkoku,–kš V•·Ğ,Œ»”ü‚W‚O‰ñA‘«Õ‚Æî”M‚ÉG‚ê@–kš V•·ĞŠ‘ •iA‰‚Ìˆê“°“W¦n‚Ü‚é,https://news.yahoo.co.jp/articles/6851ff162d3d985d240b6767d12987e44ef52359,9/11(…) 8:02
hokkoku,–kš V•·Ğ,ƒxƒjƒYƒƒC‰‹£‚èA‚P‚X‚O‚O•C@V–©‹™`A‚¨‘Ò‚½‚¹,https://news.yahoo.co.jp/articles/1b239dabe87457af1eafe46cea05f56db0dbb9fe,9/11(…) 8:02
hokkoku,–kš V•·Ğ,‘å‚Ì—¢A[À‚R˜AŸ@‰““¡‚àU‚ß‘±‚¯–³,https://news.yahoo.co.jp/articles/84d953b671df8d9bc4e3a94d1766c2ef4e220e08,9/11(…) 8:02
hokkoku,–kš V•·Ğ,Å‰Ê‚Ä”íĞÒ‚ÉŠñ‚è“Y‚¤@í”Õ‹Mq‚³‚ñA’‡ŠÔ—R‹IŒb‚³‚ñìF‚ÅŒğ—¬,https://news.yahoo.co.jp/articles/b8f2977a08f3f00d5c526349165bf88c9d0ae9cb,9/11(…) 8:02
hokkoku,–kš V•·Ğ,u„‚µ•§v‚PˆÊ‚Í‰¾—•_@“Š•[‘”‚P–œ‚T‚R‚S‚S•[,https://news.yahoo.co.jp/articles/48347d22f16a9e964eb90ef09af1400461f53f0f,9/11(…) 8:02
hokkoku,–kš V•·Ğ,‰z’†Œ¹‘¾ŒÛ—E‘s‚É@¬–î•”E‰ºŒã˜²_Ğ,https://news.yahoo.co.jp/articles/e0b8537a9cea63ad242d22b9ed9f401ecb4876bd,9/11(…) 8:02
hokkoku,–kš V•·Ğ,—¢R‘ÌˆçŠÙA”N“à‚Å‹x~@“ì“vs@’nk‚Å˜R…AŒv‰æ•ÏX@•œ‹Œ”ï—p‘‚Å‘O“|‚µ,https://news.yahoo.co.jp/articles/edd2f971ea6eb43438c810a85d74b7c62aa9bfc8,9/11(…) 8:02
hokkoku,–kš V•·Ğ,¬˜f¯u‚j‚‚‚‚š‚‚—‚‚“‚ˆ‚‰vB‰e@Œ§—§‘å‹qˆõŒ¤‹†ˆõE‘ºˆä‚³‚ñ,https://news.yahoo.co.jp/articles/ddabca033201c0f4b6925fe20afa6beb79749636,9/11(…) 8:02
hokkoku,–kš V•·Ğ,–Ò‹‚É•‰‚¯‚Ê”’”MƒŒ[ƒX@‹£—ÖE•xRV•·Ğ”t‚ªŠJ–‹@‹ß’J‚`‹‰—\‘I‚Å‚P’…,https://news.yahoo.co.jp/articles/689858175c1db19ae4b4f10649196670d0a22e17,9/11(…) 8:02
hokkoku,–kš V•·Ğ,“•û‚Ì‘åì‰ŒöŠJ@•ŸŒõ”üpŠÙ@‹~Ï‚ğ‹F”Ou“Œ–kŒo‹S–å•ˆv@› •—‚Éd—§‚Ä‚é‚Æ‰¡‚P‚Oƒ[ƒgƒ‹,https://news.yahoo.co.jp/articles/93f0579fb7c92a7a36b128572dc642253faa4c96,9/11(…) 8:02
hokkoku,–kš V•·Ğ,‘å‚Ì—¢‚R˜AŸ@‘å‘Š–oHêŠ,https://news.yahoo.co.jp/articles/00a61dda6d035262ebda692566dbc7e2f94063b1,9/10(‰Î) 18:03
hokkoku,–kš V•·Ğ,Œ§“à‹­‚¢“ú·‚µA‹‚³‘±‚­@‰Á‰êE’†’ÃŒ´‚Å‚R‚SD‚X“x,https://news.yahoo.co.jp/articles/d8a03f7494d50c140a1f3d4005165d7c35132dbf,9/10(‰Î) 17:18
hokkoku,–kš V•·Ğ,‚Ì‚Æ—¢RŠC“¹‘Sü‘Î–Ê’Ês@”\“o‘å‹´•t‹ß•œ‹Œ@”íĞ’n•œ‹»‰Á‘¬‚Ö,https://news.yahoo.co.jp/articles/952bc6b95cd097bce78cb30353beade16832d4d7,9/10(‰Î) 17:16
hokkoku,–kš V•·Ğ,•±“¬‚Q‚T‚Olu–ìbvÎŠç@¼–{ŒO”t_“¹‘å‰ï@—W’m­”N‹³º‚R”N‚Ô‚è‚u,https://news.yahoo.co.jp/articles/55b5f4d64ba7ebb2f3042ecc0bdc870e97815eb8,9/10(‰Î) 8:02
hokkoku,–kš V•·Ğ,‚©‚©‚µA‚‰ªs–ğŠ‚É“oê@‚Q‚PA‚Q‚Q“ú‚É’†“c’n‹æ‚ÅÕ,https://news.yahoo.co.jp/articles/28532a0d559cd42b18f4f157caa20b4b106c39e9,9/10(‰Î) 8:02
hokkoku,–kš V•·Ğ,y‚ª‚ñ‚Î‚êI‹½“y—Ímz‘å‚Ì—¢D”­i@‘«æ‚è‚É—âÃ‘Î‰@‰““¡‚à‚Q˜AŸA‹P‚Í‰“ú,https://news.yahoo.co.jp/articles/46c6fdf961fe7c1d690113db2e3f793c4a7b059f,9/10(‰Î) 8:02
hokkoku,–kš V•·Ğ,u‚ª‚ñ‚Î‚ë‚¤–k—¤vv‚¢‚Â‚È‚®@‚¨‚â‚×ƒŠƒŒ[ƒ‰ƒ“A”íĞƒ‰ƒ“ƒi[–ô“®@’nŒ³Šé‹ÆAƒRƒƒi‰Ğ‰z‚¦˜A‘±oê,https://news.yahoo.co.jp/articles/6e0cd282a2a1bcb1f5fea272871bd32b54f8ab0d,9/10(‰Î) 8:02
hokkoku,–kš V•·Ğ,Šİ“cñ‘ŠA‚P‚X“úŒ§“ü‚è@”íĞÒŒƒ—ã‰tó‰»”íŠQ‚ğ‹@,https://news.yahoo.co.jp/articles/b4750b05f4f3bf9ceb4fd0aa2838ea1e0716182a,9/10(‰Î) 8:02
hokkoku,–kš V•·Ğ,—¼euÙ”»‚Å–¾‚ç‚©‚Év@–ìXs‚Ì’†Šw¶‚¢‚¶‚ß©€‘i×A‰•Ù˜_@s‘¤‚Í¿‹Šü‹p‹‚ß‚é,https://news.yahoo.co.jp/articles/5cca5f890d3461e270f7c02fe616def2f1b02dbb,9/10(‰Î) 8:02
hokkoku,–kš V•·Ğ,¬–î•”‚Å‚P‚Q‚O‚OlŒ’‹r‹£‚¤@‚¨‚â‚×ƒŠƒŒ[ƒ‰ƒ“@ƒRƒƒiŒo‚Ä‚T”N‚Ô‚è,https://news.yahoo.co.jp/articles/4c7a9284be672de4644923001606f2d14e408494,9/10(‰Î) 8:02
hokkoku,–kš V•·Ğ,ŒË“c‚³‚ñi•xRjÅ—DGÜ@“ì“vEƒLƒoƒiƒRƒXƒ‚ƒXÊ^R¸,https://news.yahoo.co.jp/articles/f8af762e11344171bb971c903deee8f975f354ea,9/10(‰Î) 8:02
hokkoku,–kš V•·Ğ,ß–Ú‚Ì•‘‘äA¬Œ÷¾‚¤@‚¤‚µ‚¨V•‘—xŒ¤‹†‰ïA‚Q‚Tü”N@‚P‚OŒ‚Q‚O“úA‚‰ª‚Å‚¨‚³‚ç‚¢‰ï,https://news.yahoo.co.jp/articles/57258e168e466f93a08f888f86c94417abbfac1d,9/10(‰Î) 8:02
hokkoku,–kš V•·Ğ,”\“o“‡‚Ì–¯h‚É•œ‹»‚Ì•Ç‰æ@‹à‘ò”ü‘å¶‚ª§ì@•ò“•AƒIƒjƒ†ƒŠ•`‚­,https://news.yahoo.co.jp/articles/534e3b1d70c65a9e90dd3a5f35cd0bbdfeb64560,9/10(‰Î) 8:02
hokkoku,–kš V•·Ğ,RÔ‚ğ“W¦‘Ö‚¦@‚‰ªŒäÔR‰ïŠÙA’Ê’¬‚ª”À“ü,https://news.yahoo.co.jp/articles/0aad681cecf6802b67efc69ec0ac64f04a1d6066,9/10(‰Î) 8:02
hokkoku,–kš V•·Ğ,q‹à‘òƒ}ƒ‰ƒ\ƒ“ru—Í‹­‚¢ˆê•àv•\Œ»@‚à‚Ä‚È‚µƒh[ƒ€‚Éƒ^ƒyƒXƒgƒŠ[,https://news.yahoo.co.jp/articles/4a828174ebbe91c3ad826602a079fdbc97bea419,9/10(‰Î) 8:02
hokkoku,–kš V•·Ğ,u„‚½‚¿‚à‚Å‚«‚é‚±‚Æ‚ ‚év@í”Õ‹Mq‚³‚ñ‚Æ’‡ŠÔ—R‹IŒb‚³‚ñ@ìF–K–âAx‰‡Œp‘±‚ÉŒˆˆÓ,https://news.yahoo.co.jp/articles/606da46d8e47d668fba7149d0c175d89d57442d2,9/10(‰Î) 8:02
hokkoku,–kš V•·Ğ,‚È‚Æ‚İ‚³‚ñ”\“o’¬‚ÉH‚¨“Í‚¯@ƒLƒbƒ`ƒ“ƒJ[‰‰c‹Æ@•œ‹»ƒCƒxƒ“ƒg‚Å“Ø˜¥‚È‚Ç,https://news.yahoo.co.jp/articles/5335309fd424ba424b8b5639144bf0320a674e15,9/10(‰Î) 5:01
hokkoku,–kš V•·Ğ,‘å‚Ì—¢AãÄ‰‰º‚µ‚Q˜AŸ@‘å‘Š–oHêŠ,https://news.yahoo.co.jp/articles/2310f0c9b23892adc23a353586183994310c7898,9/9(Œ) 17:54
hokkoku,–kš V•·Ğ,’r“ciµ”öogA‹à‘òŠw‰@‘å‚n‚aj¢ŠE‘Š–o–³·•Ê‹‰‚u@O—ÖiŒŠ…ogjŒyd—Ê‹‰‚RˆÊ,https://news.yahoo.co.jp/articles/9884159eba75b5cdaba189866161350d5a8e244c,9/9(Œ) 17:12
hokkoku,–kš V•·Ğ,u”\“o‚ÍŒ³‹CvƒƒCƒ“‚Å”­M@ŒŠ…‚ÅƒuƒhƒEûŠnŠJnAdã‚ª‚èãX,https://news.yahoo.co.jp/articles/f75bb9f4a2730e8eca941363b732dded7f36044a,9/9(Œ) 17:03
hokkoku,–kš V•·Ğ,—Ö“‡‚Ìs“¹A“y»‚½‚Ü‚é@‚‚³‚T‚OƒZƒ“ƒ`A‹­‚¢‰J‚ªŒ´ˆö,https://news.yahoo.co.jp/articles/e60775d5c3878fddc3b6a27fda198f1b20d3af7b,9/9(Œ) 17:03
hokkoku,–kš V•·Ğ,‘å‚Ì—¢A”’¯”­i ‘å‘Š–oHêŠ,https://news.yahoo.co.jp/articles/3ca37d23f494cac870a8a7e9830f2d0958c04874,9/8(“ú) 17:48
hokkoku,–kš V•·Ğ,uƒ‹[ƒgÄŒŸ“¢‚Í“–‘Rv@‹‘å–¼—_‹³öE•x‘å“Á•ÊŒ¤‹†‹³ö@–k—¤VŠ²ü‰„L”¼”N@‚Ç‚¤‚È‚éu“Ö‰êˆÈ¼v,https://news.yahoo.co.jp/articles/cccbf222c1ee3b8102c446431bedb45a75259d0c,9/8(“ú) 8:02
hokkoku,–kš V•·Ğ,‚qA‰Š‚Ì’†‹ì‚¯‚é@Ë…E“ñŒûŒF–ìĞ‚Å_–,https://news.yahoo.co.jp/articles/210d99b4a2b12d47d4266e80dd6fbb6f6936e329,9/8(“ú) 8:02
hokkoku,–kš V•·Ğ,Œ§¼•”ƒcƒA[‚ğ¶”zM@‚Us‚ªuƒjƒRƒjƒR“®‰æv‚Æ˜AŒg@ŠÏŒõ’nĞ‰îA‚P‚O–œl‹’®,https://news.yahoo.co.jp/articles/53b97a3fd5d3798352390e58ff90d59dafbcd723,9/8(“ú) 8:02
hokkoku,–kš V•·Ğ,’©”TR‚É•xR‚Ìu—Í…v@–¼…‹¦‹c‰ï‚ª‘¡‚é,https://news.yahoo.co.jp/articles/8e31bc3381eb21b70ca5757feebbcc6b53d864c4,9/8(“ú) 8:02
hokkoku,–kš V•·Ğ,Ô‚¿‚á‚ñ‘Š–o‹ƒ‚«Î‚¢@Ë…_Ğ‚Å‚P‚U‚Ol‚ªæ‘g,https://news.yahoo.co.jp/articles/e1d8eab3bf0caafe28588acf5314ae7eead93274,9/8(“ú) 8:02
hokkoku,–kš V•·Ğ,‰Ô‚Ì”üAƒ`ƒ‡ƒEB‰e@ƒRƒ“ƒeƒXƒg‚ÖÊ^‹³º@ƒCƒIƒbƒNƒXEƒAƒ[ƒUƒQƒŒƒ“ƒf,https://news.yahoo.co.jp/articles/7abdb0dff7c84f60ccdf3047303d599a3b04a933,9/8(“ú) 8:02
hokkoku,–kš V•·Ğ,—ˆŠÙÒ‚R‚O–œl’B¬@ŠŠìsq‚Ç‚à}‘ŠÙ@s’·‚ªƒEƒNƒŒƒŒ‰‰‘t,https://news.yahoo.co.jp/articles/dee3ea1db8aea1a28223478c2d1d4c93964c79d5,9/8(“ú) 8:02
hokkoku,–kš V•·Ğ,ƒ~ƒŠƒIƒ“ƒXƒ^[ƒY‰‚u@“ú–{ŠCƒŠ[ƒO@“ú–{ˆê‚Ö‚Q‚V“ú‚©‚çŒˆ’èí,https://news.yahoo.co.jp/articles/cd377c814a50a046db4133a49964e0ffe0667b3f,9/8(“ú) 8:02
hokkoku,–kš V•·Ğ,¼–{ŒO‚³‚ñŒÜ—Ö‚Ì‹Z‚ğ’¼“`@‹à‘ò­”N­—_“¹‘å‰ïƒvƒŒƒCƒxƒ“ƒg,https://news.yahoo.co.jp/articles/ac6a7850a26a36da5fe8a4cde439596a2fd5b8cf,9/8(“ú) 8:02
hokkoku,–kš V•·Ğ,•½’ËAŠ®‘S—DŸ@¬¼‚b‚bEƒRƒ}ƒcƒI[ƒvƒ“,https://news.yahoo.co.jp/articles/748e8e7ed34e24a9ee2d5a66d466727edd958901,9/8(“ú) 8:02
hokkoku,–kš V•·Ğ,‘å‚Ì—¢A‘åŠÖ‚Æ‚è‚Ö@—DŸŠz‚ğ‘¡’æ@HêŠ‚W“ú‰“ú,https://news.yahoo.co.jp/articles/74803f23e1c5cc25983ecd0bb8cd98b2636f06a3,9/8(“ú) 8:02
hokkoku,–kš V•·Ğ,u‰‰‡Š„vÄŠJŒã‰‚ÌT––‚É‚¬‚í‚¤@Œ§“àh”‘{İA‚R˜A‹xŠú‘Ò,https://news.yahoo.co.jp/articles/884414459a81dc1b00255fa70ee59a2de83e8bce,9/8(“ú) 8:02
hokkoku,–kš V•·Ğ,‚P‚P¢‘ÑW—‚É‚R‚W”N‚Ô‚èÔ‚¿‚á‚ñ@’Ã”¦E‹ñ’n‹æ@uR‘º‚Ì•óvZ–¯Šì‚Ñ,https://news.yahoo.co.jp/articles/79ebadc9dd0b1a597f1c82cabe5fa500d32b6bce,9/8(“ú) 8:02
hokkoku,–kš V•·Ğ,‚¨‚â‚×ƒŠƒŒ[ƒ‰ƒ“A‚W“ú†–C@ƒRƒƒi‰ĞŒo‚Ä‚T”N‚Ô‚è@‚¨‘Ò‚½‚¹€”õ–œ’[,https://news.yahoo.co.jp/articles/50be5ad2e86d82a8f5924c9d56a2fb432df61d8f,9/8(“ú) 8:02
hokkoku,–kš V•·Ğ,R’†‰·ò‘–‚Á‚ÄÎ‚Á‚Ä@Š°•½ƒ}ƒ‰ƒ\ƒ“‚P‚O‚P‚Xl‚ª—Í‘–@Œ|l‚çº‰‡‘—‚é,https://news.yahoo.co.jp/articles/16a2f9eac141833861a3ddc88766a19ea0c3a300,9/8(“ú) 8:02
hokkoku,–kš V•·Ğ,‹{‚q‚â_—`A`’¬Šˆ‹C@¬¼‚ÅˆÀ‘î‚Ü‚Â‚èŠJ–‹,https://news.yahoo.co.jp/articles/a58e649b40cd7e16b7a84466952df0aa1ab94a0b,9/7(“y) 16:01
hokkoku,–kš V•·Ğ,—DŸŠz‚É‘å‚Ì—¢•±‹N@—¼‘‘‹ZŠÙ‚Å‘¡’æ®u‰½“x‚àŒoŒ±‚Å‚«‚é‚æ‚¤v,https://news.yahoo.co.jp/articles/00221d1b561b63b24fd19afb3d1766c98a130342,9/7(“y) 16:01
hokkoku,–kš V•·Ğ,“v”g‚ÌŠé‹Æƒpƒ[”­M@Y‹ÆƒtƒFƒAŠJ–‹A‰‚ÌƒŠƒNƒ‹[ƒgƒCƒxƒ“ƒg@‚W‚OĞE’c‘Ì‚ªo“W,https://news.yahoo.co.jp/articles/f66fddc2df801242ae0a9f968e584fd17b7b030f,9/7(“y) 8:02
hokkoku,–kš V•·Ğ,‚Ó‚é‚³‚Æ”[Å©”Ì‹@ˆÚ“]@¬–î•”sAğ”NƒAƒEƒgƒŒƒbƒg‚Éİ’u,https://news.yahoo.co.jp/articles/405d7df1e1d972aaeb849ac7651312c9def3f8b3,9/7(“y) 8:02
hokkoku,–kš V•·Ğ,ƒQƒŒƒ“ƒf—[“úFA“ì“v‚ÅŒ© @ƒLƒoƒiƒRƒXƒ‚ƒX‚Ü‚Â‚è‚V“úŠJ–‹,https://news.yahoo.co.jp/articles/e46efa9682c3138d3bb17d1e88ed2a847242fa21,9/7(“y) 8:02
hokkoku,–kš V•·Ğ,“¡ˆä‚ªÄ‘Io”nˆÓŒü@•xRs’·‘IA‚X“ús‹c‰ï‚Å•\–¾‚Ö,https://news.yahoo.co.jp/articles/a3b00b8820ffb7974d29e7f1a160d82d486dce71,9/7(“y) 8:02
hokkoku,–kš V•·Ğ,‰F“ŞŒ‰·òü•Ó‚ğ‰ğà@••”‹¬’Jƒiƒ`ƒ…ƒ‰ƒŠƒXƒgŒ¤,https://news.yahoo.co.jp/articles/69adf270d5ffbcbce176a9c56a49ed9f81dfd361,9/7(“y) 8:02
hokkoku,–kš V•·Ğ,Œ»ó‚Ì‚‚³‚Å’ç–h•œ‹Œ@uÅ‘å‹‰’Ã”g•p“x‚Ü‚êvŒ§‚ª•ûj,https://news.yahoo.co.jp/articles/07072a8eff55f35bf3834842732a68c253494c34,9/7(“y) 8:02
hokkoku,–kš V•·Ğ,”p‹Æ¡‘OAìF‚ÌˆùH‚S“X‚ªÄ‹N‚ÌH“°@‰¼İ“X•Ü‚ÅŠJ‹Æu•œ‹»‚É•K—vv—ã‚Ü‚µ‡‚¢,https://news.yahoo.co.jp/articles/5f45254b094836e142843a140883d09519d96503,9/7(“y) 8:02
hokkoku,–kš V•·Ğ,_“¹’Ê‚¶‘ÛŒğ—¬@ƒŠƒIŒÜ—Ö‹àE“c’m–{‚³‚ñ@VƒvƒƒWƒFƒNƒg—§‚¿ã‚°,https://news.yahoo.co.jp/articles/acf471fab496504c09f6e2f69c2e4751e328eb52,9/7(“y) 8:02
hokkoku,–kš V•·Ğ,‘Šìµ£‚³‚ñAìFŒƒ—ã@‚¤‚¿‚í‚Éuˆê‚Éæ‚è‰z‚¦‚æ‚¤v@Še’n‚Ì_Ğ‚Å‹`‰‡‹à‘õ‚³‚ê,https://news.yahoo.co.jp/articles/60dcd9fb7e0da443c71ff5057fe1c75c4010d95b,9/7(“y) 8:02
hokkoku,–kš V•·Ğ,ƒcƒG[ƒQƒ“Ÿ—˜‚Öu”“Œ‹à‘ò‰w‚ğÔ‚­õ‚ß‚ëv@‚h‚q‚¢‚µ‚©‚í‚ª‰‰‡Šé‰æ,https://news.yahoo.co.jp/articles/9299c8ed6c52570931d5813fb692de7e3de55f1b,9/7(“y) 8:02
hokkoku,–kš V•·Ğ,‰H¶‚³‚ñ‚à’…—pAƒ`ƒƒƒŠƒeƒB[‚sƒVƒƒƒc@ƒeƒŒƒr‹à‘òA‚P‚T“ú‚É‰‰‹Z‰ï@ƒJƒWƒOƒ‹[ƒv‚Ì¶’nÌ—p,https://news.yahoo.co.jp/articles/c12021374cce6be71fe1574fb874f179143bc9e7,9/7(“y) 8:02
hokkoku,–kš V•·Ğ,Îì‚Ğ‚â‚¨‚ë‚µˆêÄ”­”„@‰œ”\“o‚Ìğ‘ ‚ào•i@ğ”Nã‰ñ‚é—\–ñ,https://news.yahoo.co.jp/articles/a547430ff4dc389e2071e269e6dd9fabedad4651,9/7(“y) 8:02
hokkoku,–kš V•·Ğ,‰ñ“]‚¸‚µuÎì‚Ìwv@‚©‚Á‚ÏõiA‚P‚PŒ‰io@’nŒ³ƒOƒ‹ƒŒn‚àV“XA‰ü‘•,https://news.yahoo.co.jp/articles/271595c51038f173c20a45fbe575c91481fa6f89,9/7(“y) 8:02
hokkoku,–kš V•·Ğ,uƒA[ƒg“cvŒ© @—Ö“‡E’¬–ì,https://news.yahoo.co.jp/articles/182f897c8bb4f9a3d40478e41669f27353d4ac44,9/7(“y) 8:02
hokkoku,–kš V•·Ğ,‚Ğ‚â‚¨‚ë‚µAˆù‚ñ‚Å•œ‹»‰‰‡@‚Q‚P–Á•¿AŒ§“àˆêÄ”­”„,https://news.yahoo.co.jp/articles/c1644dbcb993127bfe6b6f6630b1bb18ef814317,9/6(‹à) 16:02
hokkoku,–kš V•·Ğ,‰¼İ“X•Ü‚Å”OŠè‚ÌÄo”­@ìF‚Ì”íĞ‚S“XA‡“¯‚ÅH“°ƒI[ƒvƒ“,https://news.yahoo.co.jp/articles/648dad2cd4890ab75678f92631d9a16429ad17fc,9/6(‹à) 16:02
hokkoku,–kš V•·Ğ,‘nˆÓ‚ ‚Ó‚ê‚é•¶‰»‚ÌH@–kš V•·•¶‰»ƒZƒ“ƒ^[EƒJƒ‹ƒ`ƒƒ[Õ‚èŠJ–‹,https://news.yahoo.co.jp/articles/eae494e360475cc598cea5a646a7cb798feaa601,9/6(‹à) 16:02
hokkoku,–kš V•·Ğ,‹à‘åA‰Á‰ês‚ÉŒ¤‹†‹’“_@‚P‚OŒAŠÏŒõEˆã—Ã‚Å˜AŒg–‹Æ,https://news.yahoo.co.jp/articles/90f7859e7bda1625083501f81abf7a90ba0d48cb,9/6(‹à) 16:02
hokkoku,–kš V•·Ğ,‹­‚Ü‚é‹t•—AÁ‚¦‚é‘“X@ƒlƒbƒg”Ì”„A“dq‘ĞŠg‘å‚Å@‚s‚r‚t‚s‚`‚x‚`–Â˜a“X‚Í‚XŒ––‚É,https://news.yahoo.co.jp/articles/cdb537604af58c1d7b8cca91eb21baa9589695ce,9/6(‹à) 8:01
hokkoku,–kš V•·Ğ,•S‰İ“X‰Ä¤íA‘O”N’´‚¦@—Ñ–V‘å˜aA‚Šz•i‚ªD’²@‹à‘òƒGƒ€ƒUA‰ü‘•‚Å‹q”‘,https://news.yahoo.co.jp/articles/c373da82270e2a41d21249ee496041ac5c95d929,9/6(‹à) 8:01
hokkoku,–kš V•·Ğ,“ì“v•½‚‹ß‚­‚ÉƒNƒ}‚Q“ª@‹ìœA‚¯‚ªl‚È‚µ,https://news.yahoo.co.jp/articles/2298f6be6e43c1ea17e86ebd41e5d3640bb1cf3b,9/6(‹à) 8:01
hokkoku,–kš V•·Ğ,u‚‘ä‚Ö”ğ“ïv‚à•‰‰×‚É@ĞŠQŠÖ˜A€A‚Ts’¬‚Å‚Q‚Pl”F’è@’†”\“o‚Æ”’R‚Å‰,https://news.yahoo.co.jp/articles/ea89b9d82caa4976545d2773d453bda6e4db9e06,9/6(‹à) 8:01
hokkoku,–kš V•·Ğ,‘åã‚Åu”\“o‚ÍŒ³‹C‚Å‚·v@µ”öE”\“o“‡’†‚Q”N¶ACŠw—·s‚Å“ÁY•i”­M,https://news.yahoo.co.jp/articles/d1d69e2e5fb370bcdf73902db3244ddfad4c58ad,9/6(‹à) 8:01
hokkoku,–kš V•·Ğ,ƒƒ}ƒ“ƒX¼‹\‚P‚S‚O‚O–œ‰~”íŠQ@µ”ö‚Ì‚T‚O‘ã’j«AˆÃ†‘Y‚Å,https://news.yahoo.co.jp/articles/d0773ebe73ced094b64674bcef09acbe73cdd612,9/6(‹à) 8:01
hokkoku,–kš V•·Ğ,‰ÔŠX‚Ì‰ƒA—U‚¤‚Ú‚ñ‚Ú‚è@‚Q‚O`‚Q‚R“úA‹à‘ò‚¨‚Ç‚è,https://news.yahoo.co.jp/articles/0e8d8265af60e73cc16b28a0b4fcf99ce818f58a,9/6(‹à) 8:01
hokkoku,–kš V•·Ğ,’êˆø‚«AŒµ‚µ‚¢‰“ú@‹ß]’¬A’n•¨­‚È‚­Š„‚,https://news.yahoo.co.jp/articles/9a9e915c89d9ccc57638d0a9b24a3e1a7813e3d7,9/6(‹à) 8:01
hokkoku,–kš V•·Ğ,¯ì…‹L”OŒö‰€‚ÌÄ®”õ@…”Õ‰z‚µ‚Ì’­–]ƒXƒ|ƒbƒg@“v”gŒŸ“¢ˆÏ‚ªƒCƒ[ƒWˆÄ,https://news.yahoo.co.jp/articles/2826311cca4f4f7ad6c00ce83aafa804e3ccd43f,9/6(‹à) 8:01
hokkoku,–kš V•·Ğ,µŒÜOŒ’‚â‚©¬’·Šè‚¢@•xRE“ú}_ĞA‚V“ú‚©‚çó•t,https://news.yahoo.co.jp/articles/129ff0f69938c718c3e79d6c88692587ac6c85dc,9/6(‹à) 8:01
hokkoku,–kš V•·Ğ,ƒpƒŠŒÜ—ÖEƒEƒGƒCƒg‘ºãu‹C‚¿—Ç‚©‚Á‚½v@Œ§’¡‚Å‚S”NŒã‚ÉˆÓ—~,https://news.yahoo.co.jp/articles/0d42b9df0b0b33e754b37902a6f168b16f3f5652,9/6(‹à) 8:01
hokkoku,–kš V•·Ğ,ƒKƒ‰ƒX‚Ì‚·‚µ§ì@•xR‚ÌH–[A‚U“ú‚©‚ç‘ÌŒ±@uõi‚Æ‚¢‚¦‚Îv‚o‚q,https://news.yahoo.co.jp/articles/d0119fb40498f5d0ea52fdc5b7f0370be404cf77,9/6(‹à) 8:01
hokkoku,–kš V•·Ğ,ƒTƒCƒo[”Æß‘{¸Šw‚Ô@•x‘å‰@¶‚ÉŒ§Œx‚ªu‹`,https://news.yahoo.co.jp/articles/b8a68b945b91be5db61aad0921dc565e8bb24ca5,9/6(‹à) 8:01
hokkoku,–kš V•·Ğ,ƒgƒbƒvƒVƒjƒAA‹Z‹£‚¤@ƒSƒ‹ƒtEƒRƒ}ƒcƒI[ƒvƒ“ŠJ–‹@¬¼‚b‚b,https://news.yahoo.co.jp/articles/1c02b610aa61121c0f43ab5c10cc81de92919ab6,9/5(–Ø) 16:02
hokkoku,–kš V•·Ğ,†‚Ì”ü‚É•œ‹»‚Ìv‚¢@–kš ‚¢‚¯‚Î‚ÈŒ¤‹†‰ï‰Ô“W@‹à‘ò‚Q‚P¢‹I”üpŠÙA‚W“ú‚Ü‚Å,https://news.yahoo.co.jp/articles/653a9b2f0bdfee847ab742b26963875f5b94b455,9/5(–Ø) 16:02
hokkoku,–kš V•·Ğ,’êˆø‚«‰•¨‚’l@’n•¨­‚È‚­@ŠÃƒGƒr‚Q”{AƒƒMƒX‚Q`‚RŠ„@‹ß]’¬sêA“ü‰×”¼•ªˆÈ‰º,https://news.yahoo.co.jp/articles/7433867107767f692d9cafac69c10f3313608a4c,9/5(–Ø) 16:02
hokkoku,–kš V•·Ğ,u“c‚ñ‚Ú‚ªŠC‚É‚È‚Á‚½v@“c’ß•lE’n”Õ’¾‰º‚ÅŠC…‹t—¬@‰–‚Åˆî•äŒÍ‚êA”_‰Æ—’_,https://news.yahoo.co.jp/articles/12524291af2cfd02f82b3a95a64b77b4d29ed448,9/5(–Ø) 8:02
hokkoku,–kš V•·Ğ,ƒIƒ“ƒ‰ƒCƒ“o¶“Ín‚Ü‚é@‚‰ªAŒ§“à‰@ƒ}ƒCƒiƒJ[ƒhŠˆ—p,https://news.yahoo.co.jp/articles/453d08b6b9664829391aae4af0fbe64def8a08e3,9/5(–Ø) 8:02
hokkoku,–kš V•·Ğ,‚Ü‚·‚¸‚µ’lã‚°‚Ì”g@—A“üƒTƒPEƒ}ƒX‚Ì‚“«‰e‹¿@•xR‚Ì‘g‡‰Á–¿“XA•½‹Ï‚QŠ„‚,https://news.yahoo.co.jp/articles/55c61f20a3026f39c9ce7078c15eba61a7a0b6ed,9/5(–Ø) 8:02
hokkoku,–kš V•·Ğ,–kš V•·‚ÉV•·‹¦‰ïÜ@”\“o”¼“‡’nk@’Ã”gA’©s‰ÎĞ‚ÌÊ^,https://news.yahoo.co.jp/articles/6292f7e0f8c3e6bdddf0b80620f8fbf44087ac32,9/5(–Ø) 8:02
hokkoku,–kš V•·Ğ,u†vƒe[ƒ}‚É‘¢Œ`@–kš ‚¢‚¯‚Î‚ÈŒ¤‹†‰ï‚T“ú‚©‚ç‰Ô“W@‚Q‚P”ü‚Å¶‚¯‚İ,https://news.yahoo.co.jp/articles/f8514a73ff17786df8df7311036b041ee762a134,9/5(–Ø) 8:02
hokkoku,–kš V•·Ğ,”¼¢‹I—FD ‚P‚S”N‚Ô‚èÄŠJ@••”s‚ÆƒIƒ‰ƒ“ƒ_o–…“ss@‚x‚j‚j‚ª‰AŒğ—¬‘£i¾‚¤,https://news.yahoo.co.jp/articles/0299156590d5d884045afa0386d54d3eb57dbf8b,9/5(–Ø) 8:02
hokkoku,–kš V•·Ğ,”íĞ’nx‰‡A•å‹àÒ‚ÉƒXƒe[ƒL@‚‰ª‚ÌÄ‚«“÷“X@‚P‚T“úA‚Ş‚¬‚âÕ˜I“X,https://news.yahoo.co.jp/articles/8c5e4dc0787328cd56919355084a41127ae85eec,9/5(–Ø) 8:02
hokkoku,–kš V•·Ğ,‚Z¶‚çƒAƒiƒEƒ“ƒX€”õ–œ‘S@ƒRƒ}ƒcƒI[ƒvƒ“‚T“úŠJ–‹,https://news.yahoo.co.jp/articles/73135134fb77e33146236bbbd1682771d2e5fb6e,9/5(–Ø) 8:02
hokkoku,–kš V•·Ğ,u¡s‚¯‚é”\“ovS‚İ@•œ‹»‰‰‡ƒcƒA[ŠJn@ñ“sŒ—‚Ì‚R‚RlAìF‚ÆŒŠ…‚Ö,https://news.yahoo.co.jp/articles/2cd4fe2322a56aabccb984996e9b450843c28a69,9/5(–Ø) 8:02
hokkoku,–kš V•·Ğ,ƒxƒjƒYƒƒCA–L‹™Šú‘Ò‚T“úo‹™@V–©‹™`@‚W“ú’x‚êA‚P‚O“ú‰‹£‚è,https://news.yahoo.co.jp/articles/c34e94acab6344848b6d71c00b26f67dafbcf702,9/5(–Ø) 8:02
hokkoku,–kš V•·Ğ,—Ñs’·u•œ‹»‚Éˆê‹æØ‚èv@•XŒ©s‹c‰ïŠJ‰ï@”CŠú“r’†u’f’°‚Ìv‚¢v,https://news.yahoo.co.jp/articles/3178e3979320b91e0d3e71762b9506e92a296b81,9/5(–Ø) 8:02
hokkoku,–kš V•·Ğ,¼—Ñ}‘èŞHÄŠ_‚Ì•—Œi‰æ‰æ‰ÆE£ŒË‚³‚ñ‚ª‰Hî’†‚ÉŠñ‘¡,https://news.yahoo.co.jp/articles/26e049da0d72a57c3704906db56d99dc3f610ee1,9/5(–Ø) 8:02
hokkoku,–kš V•·Ğ,ukĞ‚É•‰‚¯‚é‚Èv@un‰åvìÒ‚ª”Ñ“c‚‚ÉŒ´‰æ,https://news.yahoo.co.jp/articles/c70bfa970d83c7e56b84358a2d06ef5375589fcc,9/5(–Ø) 8:02
hokkoku,–kš V•·Ğ,‚Ç‚Ô‚ë‚­”­yuŒ©‚¦‚é‰»v@u“Á‹æv’†”\“o’¬‚Ææ’[‘å@HŞ‚Æ‚ÌH‚×‡‚í‚¹‚àŒ¤‹†,https://news.yahoo.co.jp/articles/07c6b935f51561c59b620f16cd2ca8dca1513cd1,9/4(…) 16:01
hokkoku,–kš V•·Ğ,ŒÜ˜Y“‡‹àç‚êI@‹à‘ò¼‚È‚Çƒpƒgƒ[ƒ‹ŠJn,https://news.yahoo.co.jp/articles/c0b24d8320323836b1dfaee47d7946c1cb98548f,9/4(…) 16:01
hokkoku,–kš V•·Ğ,H‚Ì‘«‰¹Aƒ}ƒc™’’èn‚Ü‚é@Œ“˜Z‰€‚Ì•—•¨,https://news.yahoo.co.jp/articles/0a120aba10874dfe575182d56f17235459f7c32d,9/4(…) 16:01
hokkoku,–kš V•·Ğ,‹¤“¯•æ’n‚Ì•œ‹Œx‰‡@Œ§‚XŒ•â³—\ZˆÄ,https://news.yahoo.co.jp/articles/28eae8fef93cf51168547217cf3b9d299ce36984,9/4(…) 8:02
hokkoku,–kš V•·Ğ,ç–‡“c‚P‚Q‚O–‡‚ÌÀ‚è‚ÉŠ´Ó@—Ö“‡AŠ ‚èæ‚èn‚Ü‚é,https://news.yahoo.co.jp/articles/580c8bbe6a0e4a5f567380127b38b9f13106b14e,9/4(…) 8:02
hokkoku,–kš V•·Ğ,•¶‰»ÕŠJÃ‚Å‚«‚½IŠˆ‹CAÎŠç@—Ö“‡‚‚Æ–å‘O‚,https://news.yahoo.co.jp/articles/d3feaf0c5d188d7aa7f92570904e1e68ae914eea,9/4(…) 8:02
hokkoku,–kš V•·Ğ,ŠO‘lAŒk’J‰º‚è–‹i@¬–î•”sA—U‹q‚Öƒ‚ƒjƒ^[ƒcƒA[,https://news.yahoo.co.jp/articles/cd1605338635aecce5ee84880f2400dc0bc09e6f,9/4(…) 8:02
hokkoku,–kš V•·Ğ,‚¨‚í‚ç•—‚Ì–~@É‚µ‚Ü‚ê•Â–‹@‚R“úŠÔ‚Å‚P‚R–œl,https://news.yahoo.co.jp/articles/142b144291708251b6b7c5db174d4498cf84b134,9/4(…) 8:02
hokkoku,–kš V•·Ğ,‚Ä‚ñ‚½‚©‚­‘S—Ê‚P“™@‚i‚`‚ ‚¨‚ÎA‚Q‚S”N“xY•Ä‰ŒŸ¸,https://news.yahoo.co.jp/articles/80056afa04c4de304faf7aa92f602c0c77424b09,9/4(…) 8:02
hokkoku,–kš V•·Ğ,•s“¯ˆÓ«ŒğAŒ§“à‹}‘@‘ÎÛ–¾Šm‰»‚Åuºã‚°‚â‚·‚­v,https://news.yahoo.co.jp/articles/1cd9e3bdf2f16eb2b9db500a5e45a13acaad1c3f,9/4(…) 8:02
hokkoku,–kš V•·Ğ,’†‚R–Úü‚Å”ª”ö”­M@’nŒ³‚Ì‚P‚T‚Ol‚ª·‚èã‚°@‚¨‚í‚çÅI“ú,https://news.yahoo.co.jp/articles/212f83687c749a06554cb4c2182ac7ebf4406341,9/4(…) 8:02
hokkoku,–kš V•·Ğ,âé‚³‚ñå‰‰ìƒmƒ~ƒl[ƒg@ƒxƒlƒ`ƒA‘Û‰f‰æÕ‚w‚q•”–å@—§R’¬og‚S‚RÎu•]‰¿‚¤‚ê‚µ‚¢v,https://news.yahoo.co.jp/articles/27af16389c70b0379cf66c257a8f8bf84fb1aeae,9/4(…) 8:02
hokkoku,–kš V•·Ğ,yÊ^ƒOƒ‰ƒtzâ‚Ì’¬‚É”M‹C@‰z’†”ª”ö‚¨‚í‚ç•—‚Ì–~,https://news.yahoo.co.jp/articles/37badc472699e63ef9f495bc3ac95d589d2c4821,9/4(…) 8:02
hokkoku,–kš V•·Ğ,‘S‘‚ÌM‹à‚ª•œ‹»Œã‰Ÿ‚µ@ƒlƒbƒgƒ[ƒN¶‚©‚µA¤’k‰ï‚âŒÚ‹qƒcƒA[Šé‰æ,https://news.yahoo.co.jp/articles/bb99b16aebef6cfc1e0e5c5a753fa97cf0d85836,9/4(…) 8:02
hokkoku,–kš V•·Ğ,¼‘ºŒ«‘¾‚³‚ñ•æC•œ@µ”öE¼Œõ›Aut v“¡àV´‘¢‚à,https://news.yahoo.co.jp/articles/55203244a7c6c6c031e0a390dca89d35ef83a2fe,9/4(…) 8:02
hokkoku,–kš V•·Ğ,”\“o•œ‹»Šè‚¢Œõ‚ÌƒA[ƒg@¬¼E“ß’J›A™“¶E‰€™‚ÌŠG‚ªÊ‚è,https://news.yahoo.co.jp/articles/4746a67ca978659c05fc0df8d98c52bda837edd5,9/4(…) 8:02
hokkoku,–kš V•·Ğ,ƒQƒXƒgƒ‰ƒCƒ_[‚ÌˆêÂ–­‚³‚ñu‘Ò‚¿‰“‚µ‚¢v@”’Rs‚Å‚P‚PŒ‚Q“úA¢ŠEƒWƒI©“]ÔƒCƒxƒ“ƒg,https://news.yahoo.co.jp/articles/c30038eb1a9d575a47a16164edfa6a218e1e0dda,9/4(…) 8:02
hokkoku,–kš V•·Ğ,•œ‹»Šî‹à‚P‚Q‚U‰­‰~Šˆ—p@Z‚Ü‚¢Šm•ÛA‚È‚è‚í‚¢ÄŒš@Œ§‚XŒ•â³—\ZˆÄ,https://news.yahoo.co.jp/articles/22112a3fcfe64b64141a736fe7a03a1df985bfc2,9/3(‰Î) 16:02
hokkoku,–kš V•·Ğ,”íĞ‚Ìç–‡“cˆîŠ ‚è@—Ö“‡,https://news.yahoo.co.jp/articles/cbe0472bed38c6df01509bab4ebc6f52f2d0ed75,9/3(‰Î) 16:02
hokkoku,–kš V•·Ğ,‚Ì‚ÆŠyA‚P‚PŒ‚É–{ŠiÄŠJ@˜a‘qEŠC‰ˆ‚¢—·ŠÙ‚ÅkĞŒã‰@‘g‡‰Á–¿{İ‚SŒ¬–Ú,https://news.yahoo.co.jp/articles/e7d2cf88c7576b2a9b70fbd647d1b1cf15ffac0f,9/3(‰Î) 8:01
hokkoku,–kš V•·Ğ,Œ§–ò˜AA—ˆt‚ÉˆÚ“]@•xR‰w“Œ‚Ì‰ïŠÙ˜V‹€‰»@Œó•â’nAÕ’n—˜—p‚ğŒŸ“¢,https://news.yahoo.co.jp/articles/c1065802b0a90e274506cdb420bb0dbbd308eada,9/3(‰Î) 8:01
hokkoku,–kš V•·Ğ,‚U¬ŠwZ‚Å‚S‚Sl–ß‚é@—Ö“‡’†S•”‚Å‡“¯n‹Æ®@‰¼İZÉAÄ‰ï‚ÌŠì‚Ñ‹¿‚­,https://news.yahoo.co.jp/articles/fd91a2ac87806cf37ccc6388be3b738048c27ebe,9/3(‰Î) 8:01
hokkoku,–kš V•·Ğ,ƒpƒŠŒÜ—Öoê‚Ì–kìAŒÜ“‡A‘å”\‘Iè@‹à‘òsƒXƒ|[ƒc‘åg‚É@s‹c‰ï‚XŒ’è—á‰ï,https://news.yahoo.co.jp/articles/919c510968bc43e9473eefc617d3a299a1f0c65c,9/3(‰Î) 8:01
hokkoku,–kš V•·Ğ,u–¢—ˆ‚Ì…’†H–v”­M@‘åã–œ”ƒpƒrƒŠƒIƒ“‚ÅƒRƒ}ƒc‚È‚Ç,https://news.yahoo.co.jp/articles/c9a4aab5cabe0faf148a656f53e1ca10933381f5,9/3(‰Î) 8:01
hokkoku,–kš V•·Ğ,Š´Ó‚ÆÉ•Ê‚ÌŒ©‘—‚è@©‰q‘àAìF‚©‚ç“Pû@‚WƒJŒ‚Ìx‰‡I‚¦‚é,https://news.yahoo.co.jp/articles/01207a94cef2f197e7d691d0beb40c11822ddc0b,9/3(‰Î) 8:01
hokkoku,–kš V•·Ğ,w–¼è”z‚Ì‚U‚SÎ’j‘ß•ß@•xRŒ§ŒxA‹­“ŠÄ‹Ö‹^‚¢,https://news.yahoo.co.jp/articles/c308c96c0bd413872fe642c0f682144509ce9d81,9/3(‰Î) 8:01
hokkoku,–kš V•·Ğ,”\“o“]o’´‰ß‚SD‚W”{@‚Us’¬A‚P`‚VŒ‚Å‚T‚Q‚U‚UlŒ¸,https://news.yahoo.co.jp/articles/9ce0a5362f0bfbc3865621a67fb3d5ce15bf94bd,9/3(‰Î) 8:01
hokkoku,–kš V•·Ğ,ŒÃ’…‚Ìq‚Ç‚à•÷‚è‚Ü‚·@“v”g‚ÌƒNƒŠ[ƒjƒ“ƒO“X@‚UA‚V“ú@qˆç‚Ä‰Æ’ë‰‰‡,https://news.yahoo.co.jp/articles/24b64b2323b8e41f83aa6ab8a7f10e763d23b6c1,9/3(‰Î) 8:01
hokkoku,–kš V•·Ğ,°‚êŠÔ‚É—x‚è‚µ‚Á‚Æ‚è@”ª”ö‚¨‚í‚ç•—‚Ì–~‚Q“ú–Ú,https://news.yahoo.co.jp/articles/2f72eadc796fa5e31e76ad936f115a08cf4068ea,9/3(‰Î) 8:01
hokkoku,–kš V•·Ğ,ƒEƒGƒCƒg‘ºã‘IèuŒã”y‚ÆŒÜ—Ö‚Év@ŠŠìs’·‚ÉˆÓ‹C‚İ,https://news.yahoo.co.jp/articles/15cd6bb9ebdcffde665563653fb310b7589a7980,9/3(‰Î) 8:01
hokkoku,–kš V•·Ğ,’e‚«è‚Íƒvƒƒhƒ‰ƒ}[@‚¨‚í‚ç‚É–£‚¹‚ç‚ê’‡ŠÔ“ü‚è@_“Şì‚©‚ç’n•ûO‚É,https://news.yahoo.co.jp/articles/00fb741273dd5a2401225098fbac33f47f5f320b,9/3(‰Î) 8:01
hokkoku,–kš V•·Ğ,™“¶‚ÆZ–¯A‰‚Ì‡“¯ŒP—û@’Ã”g‘z’èAË…E‘å–å¬‚Æ“ñŒû’n‹æ,https://news.yahoo.co.jp/articles/235b32981b0ad9222e6bd1ac74ec866f7336ff6e,9/3(‰Î) 8:01
hokkoku,–kš V•·Ğ,ĞŠQƒ{ƒ‰ƒ“ƒeƒBƒAA‚P‚S–œl’´‚¦‚é@kĞ‚WƒJŒ@—v–]A‚¢‚Ü‚¾“rØ‚ê‚¸,https://news.yahoo.co.jp/articles/b0f1680695d3e62aacd250a771095f88e54653c3,9/3(‰Î) 8:01
hokkoku,–kš V•·Ğ,µ”öˆÈ–k‚VƒJŒ‚Å‚T‚Q‚U‚UlŒ¸@‚WŒ‚P“ú“_„ŒvAŒ§lŒû‚P‚P‚O–œ‚P‚Ul,https://news.yahoo.co.jp/articles/e944b721623b100b0e2a1c9c4b1556c8965b83ce,9/2(Œ) 17:27
hokkoku,–kš V•·Ğ,uP‚Ì‰Ôvç‚©‚¹“oZ@Œ§“à‚Ån‹Æ®A‰J‚Å‚à™“¶‚çÎŠç,https://news.yahoo.co.jp/articles/bc33bbd0dc2644dc749bff5df15217d01874af31,9/2(Œ) 17:22
hokkoku,–kš V•·Ğ,‰¼İZÉuV‚µ‚¢Šw‚Ñ‚ğv@—Ö“‡‚Ì‚U¬ŠwZA‡“¯‚Ån‹Æ®,https://news.yahoo.co.jp/articles/2fc2a14660e90a1c31bc13ed4d98d16f32e8e3e1,9/2(Œ) 17:02
hokkoku,–kš V•·Ğ,©‰q‘àu’–Ú‚³‚ê‚È‚¢•û‚ªK‚¹v@–h‰q‘åŠwZŒP—û•”’·“Œ—ÇqŠC«•âi‹à‘òogj,https://news.yahoo.co.jp/articles/d13bdc3188ca525cc80ad21fe576b17a6266314a,9/2(Œ) 8:02
hokkoku,–kš V•·Ğ,•—’Á‚ßA‚¨‚í‚çŠJ–‹@•xRE”ª”ö@‘ä•—‰e‹¿‚È‚µA‚V–œl—ˆê,https://news.yahoo.co.jp/articles/a615764beee9eab6e4084aa4e08bf6b00fd62401,9/2(Œ) 8:02
hokkoku,–kš V•·Ğ,ƒtƒFƒ“ƒVƒ“ƒO”M‚¶‚í‚è@ƒpƒŠŒÜ—Ö‚Åƒƒ_ƒ‹ƒ‰ƒbƒVƒ…@‹à‘ò‚ÌƒNƒ‰ƒuAhŒƒó‚¯—ûK‚ÉŠ¾,https://news.yahoo.co.jp/articles/6a8cee7bcda0ebb51185003bda8866cd88379b89,9/2(Œ) 8:02
hokkoku,–kš V•·Ğ,‡•¹20”NuŒ³‹C‚Èsv‚Ö@‚©‚Ù‚­‚Ås§{s‹L”O®“T,https://news.yahoo.co.jp/articles/4a2640e6f34106f5dc5686dd481cc37fc55b9977,9/2(Œ) 8:02
hokkoku,–kš V•·Ğ,”\“o‚Ì–¡ŠoA‰¹Šy“°‚É•À‚Ô@”íĞ–‹ÆÒx‰‡uƒ}ƒ‹ƒVƒFvn“®@–³‚Å”Ì”„ƒXƒy[ƒX’ñ‹Ÿ,https://news.yahoo.co.jp/articles/5932c86685f92e7a52f095c1d0767767809a8f7e,9/2(Œ) 8:02
hokkoku,–kš V•·Ğ,íİ‘Š–oê‰‚Ì‘å‰üC@’Ã”¦’¬‚XŒ•â³—\ZˆÄ@‘å‚Ì—¢A¬Šw¶‘ã‚É”Mí,https://news.yahoo.co.jp/articles/c8965a2669e36c504d34ca553da959d70987f788,9/2(Œ) 8:02
hokkoku,–kš V•·Ğ,”\“ox‰‡‚Ì•å‹àÒ‚ÉƒV[ƒ‹@ƒSƒ‹ƒtEƒRƒ}ƒcƒI[ƒvƒ“‰ïê‚Å,https://news.yahoo.co.jp/articles/2f7fd9eee6c1be3797693b71c52109456e639287,9/2(Œ) 8:02
hokkoku,–kš V•·Ğ,‚³‚æ‚È‚çv‚¢o‚Ì‰¼İ•—˜C@©‰q‘à‚ª“Pûì‹Æ,https://news.yahoo.co.jp/articles/ca45e62faa7f5be470f7a82c25b929a54e9af085,9/2(Œ) 8:02
hokkoku,–kš V•·Ğ,ŒÃ«‰‚uA‚Rçl•¦‚­@•xR‹£—ÖE•ô—§RÜ@ƒI[ƒ‹ƒXƒ^[”eÒA”ÕÎ,https://news.yahoo.co.jp/articles/d06bf84da3c47fe1f2448ea068666bc28064a630,9/2(Œ) 8:02
hokkoku,–kš V•·Ğ,Œœ”O‚Ì•——ˆ‚¸l‚Ç‚Á‚Æ@ˆÀ“gL‚ª‚é•—‚Ì–~@’¬—¬‚µ‚â—Ö—x‚è,https://news.yahoo.co.jp/articles/896bbc3d7be85f31cd4f58038e696e98cf94a0de,9/2(Œ) 8:02
hokkoku,–kš V•·Ğ,”\“o”¼“‡’nkAÊ^‚Å”íŠQ“`‚¦@l‹G–hĞŠÙA–{Ğ‚ª’ñ‹Ÿ@u–hĞ‚Ì“úv‚¢‚Üˆê“x”õ‚¦‚ğ,https://news.yahoo.co.jp/articles/abe9cf7bf1ce03eb1db9038c5cbdc01c909eaa2c,9/2(Œ) 8:02
hokkoku,–kš V•·Ğ,q•xRV•·•¶‰»ƒZƒ“ƒ^[rV‹³º‚Å‰€™‚ªƒoƒŒƒG—ûK@ƒAƒsƒ^•xR‹³º@‚P‚OŒ‚P“úAV‘•ƒI[ƒvƒ“,https://news.yahoo.co.jp/articles/8f7aee67f15fbaec7868a6a3511d0fdcc3f6a6d8,9/2(Œ) 8:02
hokkoku,–kš V•·Ğ,“Ç‚İ•·‚©‚¹‚Ì–£—Í“`‚¦‚é@uŠG–{ƒ‰ƒ“ƒhv‚‰ªAË…‚ÅƒCƒxƒ“ƒg@ì‰ÆE‚Ğ‚ë‚©‚í‚³‚ñA‚¯‚¢‚½‚ë‚¤‚³‚ño‰‰,https://news.yahoo.co.jp/articles/be72da4dac09aa741d90ec75e6c22186cd9c199e,9/2(Œ) 8:02
hokkoku,–kš V•·Ğ,ƒvƒŒğ‚¦‚P‚O‚Ol‚ª‘Î‹Ç@•xRV•·Ğ”tŒ’N–ƒ«@R“c‚³‚ñi“v”gj—DŸ,https://news.yahoo.co.jp/articles/9e68f1ef45a10112b206eb8678ef1cc9ddcec106,9/2(Œ) 8:02
hokkoku,–kš V•·Ğ,”íĞƒpƒeƒBƒVƒGAŒÌ‹½“v”g‚Å“Æ—§@µ”ö‚ÅC‹ÆA‚Q‚TÎ“¡ˆä‚³‚ñ@u¢ŠE‚É’Ê—p‚·‚é’nŒ³‚Ì–¡–Úw‚·v,https://news.yahoo.co.jp/articles/1e83868eeba676a648be988a6a7344d7ada7dbf2,9/1(“ú) 8:01
hokkoku,–kš V•·Ğ,©‰q‘à‚ÌĞŠQx‰‡I—¹@l–½‹~•‚â“ü—{İ’ñ‹ŸA‰„‚×‚P‚P‚S–œlŠˆ“®,https://news.yahoo.co.jp/articles/60407ca7b797e763b9cb6a83914039d3275262b1,9/1(“ú) 8:01
hokkoku,–kš V•·Ğ,Š´Ó‚ÌF†AãJ‚Íc‚é@kĞ‚©‚ç‚WƒJŒA©‰q‘à“ü—x‰‡I—¹,https://news.yahoo.co.jp/articles/dcd5f2a9bafb07e539254c776f67acfe2801e087,9/1(“ú) 8:01
hokkoku,–kš V•·Ğ,‹à‘òŒ|‹W‚ª‹Œ|•‘‹W‚Æ‹£‰‰@‹“s‚Å‹îˆä‚³‚ñO‰ñŠõÃ‚µ@ˆâuŒp‚®SˆÓ‹C‚ğ¦‚·,https://news.yahoo.co.jp/articles/d60a43739786c045ec63f660a8b05125cb52bb82,9/1(“ú) 8:01
hokkoku,–kš V•·Ğ,‹à‘ò`‚É‘¾—zŒõ”­“d@Œ§‚XŒ•â³—\ZˆÄ‚É’²¸”ï@–hĞE’E’Y‘f‚ÉvŒ£,https://news.yahoo.co.jp/articles/4a3327387ed890da0111ab27da52f2f9b56ac1d2,9/1(“ú) 8:01
hokkoku,–kš V•·Ğ,u„‚µŠˆv‚¤‚¿‚í‚Å·‚èã‚°@‚¨‚í‚ç•—‚Ì–~s–‰^‰cˆÏˆõ‰ï@‚P‚P’¬‚Ì’¬–äƒfƒUƒCƒ“,https://news.yahoo.co.jp/articles/c3d3b9a781469fc03346e694b9bbd0dbe64b5e09,9/1(“ú) 8:01
hokkoku,–kš V•·Ğ,ƒhƒ‰‚¦‚à‚ñ‚Ì’a¶“ú‚¨j‚¢@‚XŒ‚R“ú‚É‡‚í‚¹‚‰ª‚Åƒpƒlƒ‹İ’u@’è’ËZ‰º˜A‡©¡‰ï,https://news.yahoo.co.jp/articles/28b133b4d5800a94a864a605cfaa25da0c106d28,9/1(“ú) 8:01
hokkoku,–kš V•·Ğ,q•xRV•·•¶‰»ƒZƒ“ƒ^[rƒAƒsƒ^•xRƒŠƒjƒ…[ƒAƒ‹@‚P‚OŒ‚P“úƒI[ƒvƒ“@‚Q‚OuÀVİ,https://news.yahoo.co.jp/articles/f3e1012983dbcde42480dbcf655ce2f44c26c368,9/1(“ú) 8:01
hokkoku,–kš V•·Ğ,‚r‚rŒÃ«AVRŒˆŸ‚Ö@•xR‹£—ÖE•ô—§RÜ@’nŒ³EŠâ–{‚Íio‚È‚ç‚¸,https://news.yahoo.co.jp/articles/cddef078c9d98aae2db43cb11ceaa9af8b03a361,9/1(“ú) 8:01
hokkoku,–kš V•·Ğ,–ö“cA•¨Œö‰€‚É‘åŒ^—V‹ï@—ˆtAq‚Ç‚à‚Ì—V‚ÑêŠm•Û@”\“o’¬‚XŒ•â³—\ZˆÄ,https://news.yahoo.co.jp/articles/22811209d44ae1f964a495d632907b2a44bea0ea,9/1(“ú) 8:01
hokkoku,–kš V•·Ğ,q‚¿ƒAƒ†H‚Ì–¡Šo@“v”gEˆ¼‚Ì—¢‚Å’ñ‹Ÿn‚Ü‚é@‚P‚PŒ––‚Ü‚ÅŒÀ’è,https://news.yahoo.co.jp/articles/7d4a01d8e6b59d56e562f3d9937ceff31270c822,9/1(“ú) 8:01
hokkoku,–kš V•·Ğ,y“ú—j“Á”ÔEŠÏŒõ•œ‹»‚Özu¡s‚¯‚é”\“ov‚Í‚Ç‚±,https://news.yahoo.co.jp/articles/3749c29d96935c14022da85ef6c739697b144686,9/1(“ú) 8:01
hokkoku,–kš V•·Ğ,‘ºãu•xR‚Ì‰‰‡“Í‚¢‚½v@È—¢‰Àq‚³‚ñ‚Æ—ˆĞ@ƒpƒŠŒÜ—ÖƒEƒGƒCƒgƒŠƒtƒeƒBƒ“ƒO‚P‚OˆÊ,https://news.yahoo.co.jp/articles/50b369080235c622126c173356635650d5479869,9/1(“ú) 8:01
hokkoku,–kš V•·Ğ,‘ä•—‚É•‰‚¯‚¸A‚³‚Ÿ•—‚Ì–~@”ª”ö‚¨‚í‚ç‚P“úŠJ–‹@‚Ú‚ñ‚Ú‚èİ’u‚Å€”õ,https://news.yahoo.co.jp/articles/37cda039f39d0158ec51c4c41537dc7935f56e9b,9/1(“ú) 8:01
hokkoku,–kš V•·Ğ,“`“HŒ|‚ğ•‚Å“ˆê@áèì‰Æ‚ªVƒuƒ‰ƒ“ƒh@…ˆøA‚ä‚Ñ‚Ê‚«A‚q“ªc,https://news.yahoo.co.jp/articles/9aebb6e79db0e4e1a299cffe5c0e4c534290d685,9/1(“ú) 8:01
hokkoku,–kš V•·Ğ,‰Á‰ê’ƒ“¹‚Ì’nA‰X‚µ‚­@‹à‘ò‚Å‘S‘Šw¶‘å’ƒ‰ïŠJ–‹,https://news.yahoo.co.jp/articles/2a950fbc48499c5180b0d05dc86ca6f4cff052a1,8/31(“y) 16:01
hokkoku,–kš V•·Ğ,ŒÜ˜Y“‡‹à‚Q‚Wí‚¸‚ç‚è@‹ß]’¬sê@–ìØ‚Ì“ú,https://news.yahoo.co.jp/articles/2b40ce13acae4663f26548a99c2d9f5def69efd5,8/31(“y) 16:01
hokkoku,–kš V•·Ğ,‚S‚RZ ‘ÎíŒˆ‚Ü‚é@¬¼‘å’J‚Í’Ã”¦‚Æ‰í@–kM‰z‚Z–ì‹…Œ§‘å‰ï‚V“úŠJ–‹,https://news.yahoo.co.jp/articles/e540ae9e2c3c1ac03455bdfab4c04457d981c7f8,8/31(“y) 8:02
hokkoku,–kš V•·Ğ,u‹C‚Ü‚®‚êv‘ä•—‚É–|˜M@n‹Æ®‰„Šú‚àŒ¨“§‚©‚µ@•”Šˆu’†~vˆê“]À{‚É@Œ§“àAT––Ã‚µ—\’è•ÏX‘±”­,https://news.yahoo.co.jp/articles/b4222302f51749c16b960511708ae9d79138c9d5,8/31(“y) 8:02
hokkoku,–kš V•·Ğ,‚½‚×‚Ü‚Á‚µ–ìØAƒƒSİ’u@‹à‘òs•ÛŒ’Š@ƒRƒ“ƒrƒj‚âÂ‰Ê“X‚É,https://news.yahoo.co.jp/articles/632b2d063c0435fbb0b4fce56873b3658ee95d00,8/31(“y) 8:02
hokkoku,–kš V•·Ğ,‚¨•—˜C‚ ‚è‚ª‚Æ‚¤@ìFEáRA©‰q‘à‚ÉŠñ‚¹‘‚«,https://news.yahoo.co.jp/articles/92baa4ae67a0df911142d13b157f2ef62a706229,8/31(“y) 8:02
hokkoku,–kš V•·Ğ,‘ã‘Öƒ‹[ƒg•xR‰w‚É—ñ@‘ä•—‚P‚O†‚Å“ŒŠC“¹VŠ²ü‰^‹x¨–k—¤‚Ö,https://news.yahoo.co.jp/articles/0719647d401fc0271e86267dac69726d1c54ceff,8/31(“y) 8:02
hokkoku,–kš V•·Ğ,Œ§“à‚R‚P“ú‚©‚ç‘å‰JŒx‰ú@‘ä•—‚P‚O†A‘S‘‚Å‚Ul€–S,https://news.yahoo.co.jp/articles/e0dc8b86e1e0cbc61263b4b242b307b3235302b9,8/31(“y) 8:02
hokkoku,–kš V•·Ğ,’f‘w‘Ñ‚È‚Ç‚P‚QƒJŠA‚P‚OŒ‚É’²¸@•xRŒ§–hĞ‰ï‹c@’nk”íŠQ‘z’èA˜A“®ƒP[ƒX‚à,https://news.yahoo.co.jp/articles/81d35a74ff4eca872c507d4436776514d5f2c7bb,8/31(“y) 8:02
hokkoku,–kš V•·Ğ,‚¨‚í‚çA’†Šw¶‚ª—Í@”ª”öEãV’¬Aˆê‹“‚Vl‚ª—x‚èè‚É@u•—‚Ì–~v‚P“úŠJ–‹,https://news.yahoo.co.jp/articles/fe5ac9490b193890e3c0f00acac8c2fe5b943086,8/31(“y) 8:02
hokkoku,–kš V•·Ğ,Šâ–{‚ª€ŒˆŸ‚Ö@•xR‹£—ÖE•ô—§RÜ@‚r‹‰‚r”Ç‚Ì‚R‘Iè‚à‡“–io,https://news.yahoo.co.jp/articles/2da9a7d5a81701851d3be69cb0e8184df9adb811,8/31(“y) 8:02
hokkoku,–kš V•·Ğ,”íĞƒsƒAƒmAìF‚Å•œŠˆ@ƒnƒ‰ƒ~‚¿‚á‚ñ‚ª‹à‘ò‚Å‚¨”â˜I–Ú‰‰‘t,https://news.yahoo.co.jp/articles/7954b50b5667f13a48d190167188c74e452a8752,8/31(“y) 8:02
hokkoku,–kš V•·Ğ,“¥Ø‚Å—§‚¿‰¶‚Ì‚—î—«‹~‚¤@”’Rs‚Ì‘åŠw‚R”N¶‹{è‚³‚ñu“¯‚¶‚±‚Æ‚ ‚Á‚Ä‚à•‚¯‚év@‚h‚q‚¢‚µ‚©‚í“S“¹‚ªŠ´Óó,https://news.yahoo.co.jp/articles/f139d41c82258483949abc584d154959343c6976,8/31(“y) 8:02
hokkoku,–kš V•·Ğ,Šw¶‘å’ƒ‰ï‚R‚P“úŠJ–‹@‚à‚Ä‚È‚µ€”õA–œ’[@‹à‘ò’†S•”‚Å‚P‚O‰ïê,https://news.yahoo.co.jp/articles/f1f6df2e2d75987971847121ef67ff54333f3699,8/31(“y) 8:02
hokkoku,–kš V•·Ğ,Îì‚Ìƒvƒ–ì‹…‘Iè”\“o‚Ö@¼ˆäAŠp’†@‰œì‚ç—\’è@‚P‚QŒA‘Iè‰ïŠé‰æ,https://news.yahoo.co.jp/articles/141d8b7c9bc36ee3930fe0382ce95b93a8dc22b2,8/31(“y) 8:02
hokkoku,–kš V•·Ğ,•‘‘äuƒgƒLƒ‘‘‚Ì‰Äv@“ì“vEˆä”g¬™“¶‚ª”M‰‰@“¡q‚³‚ñA‚e‚³‚ñ‚ä‚©‚è,https://news.yahoo.co.jp/articles/82e72129fafbdff3f7224b4dcae9e48457d43806,8/31(“y) 8:02
hokkoku,–kš V•·Ğ,‚Q“úu”ª”ö‚ğƒvƒƒfƒ…[ƒXv@”ª”ö’†‚R”NA•—‚Ì–~·‚èã‚°,https://news.yahoo.co.jp/articles/75d29183a93c7d441cda91f097c5466359af90d3,8/31(“y) 8:02
hokkoku,–kš V•·Ğ,—Ñ–V“Œ‹}ƒXƒNƒGƒA11Œ”„‹p@ƒrƒ‹ŠÇ—‰ïĞ‚ªŠ”å‘‰ï@ƒŠƒI‚ª‰c‹Æˆø‚«Œp‚¬,https://news.yahoo.co.jp/articles/e0bd22ad78028e0c472169eb5b6a477c34d93cd0,8/30(‹à) 17:32
hokkoku,–kš V•·Ğ,”\“o‰‰‡‚ÌV¤•iŠ®¬@‹à‘ò¤‚‚Æ’nŒ³Šé‹Æ˜AŒg,https://news.yahoo.co.jp/articles/8899464fb3b5d5153fc1a4fde19c1dbc3290a5cb,8/30(‹à) 16:02
hokkoku,–kš V•·Ğ,‚r‚m‚r¼‹\5400–œ‰~”íŠQ@‹à‘ò‚Ì80‘ã’j«Aƒƒ}ƒ“ƒX,https://news.yahoo.co.jp/articles/e4640731d0bac070932844066235475c95973034,8/30(‹à) 8:02
hokkoku,–kš V•·Ğ,Œ§“àA‘ä•—10†‚É”õ‚¦@Œ“˜Z‰€‚Å“‚è¼‚ğŒÅ’è@”íĞ’nZ‘î‚É“y‚Ì‚¤İ’u,https://news.yahoo.co.jp/articles/ec4d4f2dd01e4d00762ce4e03f25d533d1546aaf,8/30(‹à) 8:02
hokkoku,–kš V•·Ğ,ƒEƒ}–ºA¡”N‚à‹à‘ò‹£”n‚É@10Œ12A13“ú@ƒOƒbƒY”Ì”„‚âƒJƒtƒF,https://news.yahoo.co.jp/articles/52be395e418f3b1c9dd9fd7cbd026449d00c7898,8/30(‹à) 8:02
hokkoku,–kš V•·Ğ,’nŒ³¨‚UlA‚PŸ—\‘I“Ë”j@•xR‹£—ÖE•ô—§RÜ‚ªŠJ–‹@‰J’†‚Ì”MíA‚P‚QƒŒ[ƒX,https://news.yahoo.co.jp/articles/0079be80598e78eb9bdbc3a4ab33b3a34de07e52,8/30(‹à) 8:02
hokkoku,–kš V•·Ğ,‘ä•—”õ‚¦A”õ’~‚Ì‹q‘±X@Œ§“àƒX[ƒp[Aƒz[ƒ€ƒZƒ“ƒ^[@•¨—¬’â~‚ğŒœ”OAİŒÉŠm•Û,https://news.yahoo.co.jp/articles/a895ecb720b3a41630cb5e3728ff582d682ad72c,8/30(‹à) 8:02
hokkoku,–kš V•·Ğ,–ì¶‚©‚çlHö¸@ƒ‰ƒCƒ`ƒ‡ƒE‚·‚­‚·‚­@ƒtƒ@ƒ~ƒŠ[ƒp[ƒN,https://news.yahoo.co.jp/articles/3a7017540323b2df29476e866fa3dbdac89359ee,8/30(‹à) 8:02
hokkoku,–kš V•·Ğ,Œà‰H—œAŠÛX@Œà‰H’†‚P”N‚ªûŠn,https://news.yahoo.co.jp/articles/9bbda2f9843cde35acccbfc46edbaa143f0a33cc,8/30(‹à) 8:02
hokkoku,–kš V•·Ğ,•xR¤A‰í‚Í÷ˆä@ƒZƒ“ƒoƒc–Úw‚µ‚S‚QZ‚R‚Wƒ`[ƒ€@H‹G‚Z–ì‹…@‚XŒ‚P‚S“úŠJ–‹,https://news.yahoo.co.jp/articles/6eb83e3a70fad7611bd13b032817fbc1b1315c27,8/30(‹à) 8:02
hokkoku,–kš V•·Ğ,”S‚è‹­‚­à“¾A¼‹\–h‚®@‹à‘ò¼Aƒtƒ@ƒ~ƒ}ˆÀŒ´“X‚ÉŠ´Óó,https://news.yahoo.co.jp/articles/c0056d132d877b62655caa8e6f5cbef59dc416c5,8/30(‹à) 8:02
hokkoku,–kš V•·Ğ,–{êE“Æƒr[ƒ‹‚ÅŠ£”tII@ƒIƒNƒg[ƒo[ƒtƒFƒXƒg‚ªl‚‹L”OŒö‰€‚ÅŠJ–‹,https://news.yahoo.co.jp/articles/cabdec25a3618c348712b257ed877f7ca0e2a02c,8/30(‹à) 8:02
hokkoku,–kš V•·Ğ,‘ä•—Œœ”O‚µƒLƒƒƒ“ƒZƒ‹‘±o@ÎìA•xR‚Ìƒzƒeƒ‹AˆùH“X@‰Ä‹x‚İÅI”ÕA‚P“ú‰‰‡Š„ÄŠJu¤”„‚ ‚ª‚Á‚½‚èv,https://news.yahoo.co.jp/articles/cb36ecdd2a743e173d7fad2da3b56f05d1c082bc,8/30(‹à) 8:02
hokkoku,–kš V•·Ğ,Z‰Ì‹¿‚©‚¹uˆêòs—ñv@ò‹u‚‚P‚W‚OlA‰J‚Ì”É‰ØŠX•à‚­,https://news.yahoo.co.jp/articles/b215f4c582c2c6af25db02b0e4955a7d07e52ab4,8/29(–Ø) 16:02
hokkoku,–kš V•·Ğ,‰¼İZÉuLXvu‚í‚­‚í‚­v@ŒŠ…¬™“¶‚ª‰“oZ,https://news.yahoo.co.jp/articles/0cb27a9c0c4cd0820060b51de315c31f079a32f6,8/29(–Ø) 16:02
hokkoku,–kš V•·Ğ,”üì‚Å–ÚŒ‚‚ÌƒTƒ‹•ßŠl@Z–¯‚Ù‚Á‚Æ,https://news.yahoo.co.jp/articles/bda37b0bbb7173828f4fd5c21339695c3cd33678,8/29(–Ø) 8:02
hokkoku,–kš V•·Ğ,‘ä•—‚P‚O†”õ‚¦d“ü‚ê‘@Œ§“àƒX[ƒp[@H•i‚âˆù—¿…‚Ì‚Ü‚Æ‚ß”ƒ‚¢ŒÄ‚ÑŠ|‚¯,https://news.yahoo.co.jp/articles/64ada1ea67e231f4223901ac844d1b404289da0b,8/29(–Ø) 8:02
hokkoku,–kš V•·Ğ,El‘åAáè‚àó‚¯“ü‚ê@‹à‘òs‚ª•ûj@“ü–åuÀ‚âsŠO‚©‚ç‚à,https://news.yahoo.co.jp/articles/5e1a7e85cb8c204b487b7bca9c4caea3c5da33d8,8/29(–Ø) 8:02
hokkoku,–kš V•·Ğ,Îì‚Éu–ß‚ç‚È‚¢v‚SŠ„@Œ§ŠOŒö‰cZ‘î‚Ì”ğ“ïÒ@Œ§ƒAƒ“ƒP[ƒg,https://news.yahoo.co.jp/articles/df07606cf33451c8becd9f17144e9c4c3819cbcc,8/29(–Ø) 8:02
hokkoku,–kš V•·Ğ,•xR‹£—ÖAL‚Ñ‚éÔŒ””„‚èã‚°@‚Q‚R”N‚Ô‚è‚Q‚T‚O‰­‰~’´‚¦‚©@ƒlƒbƒg“Š•[‚ªD’²ˆÛ@“–‰Œ©‚İ‚S‚R‰­‰~ã‰ñ‚é,https://news.yahoo.co.jp/articles/dc0953f56831ac7e185a64e99515a44b5fe2c367,8/29(–Ø) 8:02
hokkoku,–kš V•·Ğ,‚Q‚X“ú‚©‚ç•xR‹£—Öu•ô—§RÜv@‚r‹‰‚r”Ç‚RlQí@’nŒ³‘g‚Í‘º“cAâã‚ç‚Vl,https://news.yahoo.co.jp/articles/fea436e048055f18056a34a7f76e847d6eb51c77,8/29(–Ø) 8:02
hokkoku,–kš V•·Ğ,—Ö“‡‚Ì”íĞÒA”ò’¹‡UŠy‚µ‚Ş@—X‘DƒNƒ‹[ƒY‚ªµ‘Ò,https://news.yahoo.co.jp/articles/96e256b74398e0baec3e8790f5e49e1229b6fe69,8/29(–Ø) 8:02
hokkoku,–kš V•·Ğ,—Ö“‡‚Ì–¡A”üì‚ÅŠ¬”\@ƒƒMƒX`@‚XŒ‚ÌÕ‚Å’ñ‹Ÿ@‹™ŠlŒ¸‚ÌƒTƒP—¿—‚É‘ã‚í‚è,https://news.yahoo.co.jp/articles/4b54a80f958f050525ae4056362c38260e57f3b9,8/29(–Ø) 8:02
hokkoku,–kš V•·Ğ,qƒTƒ“ƒ_[ƒo[ƒYE“ú–{ŠCƒŠ[ƒOrã_‚QŒR‚É‚T\‚R@‚‰ª‚ÅŒğ—¬í@¼Œ´ŠMù“o”Â,https://news.yahoo.co.jp/articles/d3b85ac9728ae4e438bbaa8bf9b1d58361e214f8,8/29(–Ø) 8:02
hokkoku,–kš V•·Ğ,‘ä•—‘ÎôA‚¨‚í‚çŒœ–½@Œ§“àÅÚ‹ß‚Ì‚P“úŠJ–‹@u’†~‚¹‚¸vŠe’¬‚Å‘Î‰,https://news.yahoo.co.jp/articles/1ad69ff4decee210e01a32b03cf5bdb606a84134,8/29(–Ø) 8:02
hokkoku,–kš V•·Ğ,ˆä”g’¤‚ÉV¤•i‚ğ@ƒfƒUƒCƒi[lˆÄAáè§ì@“ì“vsA•â³—\Z‚Åx‰‡,https://news.yahoo.co.jp/articles/a24116a719510f275b37b4869dc7ca081dd748d8,8/29(–Ø) 8:02
hokkoku,–kš V•·Ğ,¯ìˆ¼‹‚ß‚É‚¬‚í‚¢@“v”g‚Ìuˆ¼‚âv‚XŒ‚©‚çq‚¿,https://news.yahoo.co.jp/articles/96a41231875533b3484e306e405f141d24f1e7f5,8/29(–Ø) 8:02
hokkoku,–kš V•·Ğ,’©“úut‚Ìld‘tvVì@‚í‚½‚¹‚¹‚¢‚¼‚¤‚³‚ñ•`‚­,https://news.yahoo.co.jp/articles/1f7dfd7170db69441cd8cab456f5a603811e8545,8/29(–Ø) 8:02
hokkoku,–kš V•·Ğ,“ú–{ˆê‚Ì‚ZQí@¬¼‚Å‚XŒA³•ŠøŒ•“¹‘å‰ï‹ãBŠw‰@‚Æ’†‘ºŠw‰€—q,https://news.yahoo.co.jp/articles/232173c99c01d5465093f6821746e216b92c88ed,8/29(–Ø) 8:02
hokkoku,–kš V•·Ğ,‚‹‰ƒCƒ`ƒWƒNu•–¨•Pvo‰×@‚i‚`‚Í‚­‚¢A11Œ‚Ü‚Å,https://news.yahoo.co.jp/articles/cbbafa968416a22d44ac6595f459e2aa09baf0c2,8/29(–Ø) 8:02
hokkoku,–kš V•·Ğ,”üì‚ÅƒTƒ‹–ÚŒ‚‘±‚­@Z–¯u•|‚¢v,https://news.yahoo.co.jp/articles/bb99d0dec2ec1e3a4cbc82cd5d96ed0b2aecd4cc,8/28(…) 17:39
hokkoku,–kš V•·Ğ,’|“”âÄ‚R‚O‚O‚OŠîA”\“o•œ‹»‚ÌŒõ‚É@‹à‘òEl\–œ‚Å‚XŒ‚Q‚P“ú‚ÉÕ‚è,https://news.yahoo.co.jp/articles/7ad2ca2028752f4474829d845265be66a3e55fde,8/28(…) 17:03
hokkoku,–kš V•·Ğ,‰Ä‹x‚İI”ÕAh‘è‚â‚é‚¼I@—Á‹‚ßŒ§—§}‘ŠÙ‚È‚ÇŠˆ‹C,https://news.yahoo.co.jp/articles/e2a7e80165b79d11bb56d07700dc1dfe7368de1b,8/28(…) 17:02
hokkoku,–kš V•·Ğ,‘S”ğ“ïŠA”N“à‚É‰ğÁ@ÎìŒ§u‚PŸv‚XŒ––•Â½,https://news.yahoo.co.jp/articles/3bdef6dde449be4470f90cfb1f1f9455ff685cd8,8/28(…) 8:02
hokkoku,–kš V•·Ğ,‘ä•—AŒ§“àÅÚ‹ß‚R‚P“ú@ƒtƒF[ƒ“Œ»Û–Ò—ó‹‚³,https://news.yahoo.co.jp/articles/702d67192ec663deb6308df953a44a5e6d279c41,8/28(…) 8:02
hokkoku,–kš V•·Ğ,‹ŒŒ§—§‹ß‘ã”üpŠÙA‰ğ‘Ì‚Å—Î’n‰»@•ÂŠÙ‚W”NA’nkó‚¯’m–•ûj@•xRs‚É–³‘İ—^@‚Q‚V”N‚SŒ‹Ÿ—pŠJn,https://news.yahoo.co.jp/articles/53abdb6540851d3f492fc62111c5e32a0ebc9f2a,8/28(…) 8:02
hokkoku,–kš V•·Ğ,Šâ‰òœ‹‚P‚PŒ––Š®—¹@••”ƒgƒƒbƒR@‘S’ÊAŒ©’Ê‚¹‚¸,https://news.yahoo.co.jp/articles/babb344c4c25fdb0117e9248c1d531559fa1e132,8/28(…) 8:02
hokkoku,–kš V•·Ğ,‘å‚Ì—¢uæ‚Ì‚±‚Æ‹C‚É‚¹‚¸v@‘åŠÖ¸i‚Ö–³—~‹­’²,https://news.yahoo.co.jp/articles/42ee395e7fd97e3f1b467596dbfd4a6f90af4de9,8/28(…) 8:02
hokkoku,–kš V•·Ğ,ò›‚Å‰‚Ìuˆä”guv@‘d•¶w’è‚ÖˆÓŒ©ŒğŠ·‚âŠˆ“®Ğ‰î@‚XŒ‚R“úA’nˆæ·‚èã‚°,https://news.yahoo.co.jp/articles/882847733a4abdc500c79d6a97c2e784f35eebe5,8/28(…) 8:02
hokkoku,–kš V•·Ğ,u‚Ğ‚İ—¢R™v‚Ì‚¢‚·Š®¬@eq‚ªƒ[ƒNƒVƒ‡ƒbƒv,https://news.yahoo.co.jp/articles/edbe11eb515acce91460750f054663b240d8d4c0,8/28(…) 8:02
hokkoku,–kš V•·Ğ,ŒÃ•­Œ‹‚ÑAŠÏŒõ–¼Š‚É@¬–î•”Eû¶A‚Q‚O‚Oƒ[ƒgƒ‹‚Ì—V•à“¹®”õ@‹CŒy‚ÉUôA–£—ÍŠ´‚¶‚Ä,https://news.yahoo.co.jp/articles/ad8e661aebbbaefd653e5174bd8342679bba3930,8/28(…) 8:02
hokkoku,–kš V•·Ğ,VŠwŠú‚É‹¹–c‚ç‚Ü‚¹@Œ§“à‚Ts’¬A¬’†ŠwZ‚Ån‹Æ®,https://news.yahoo.co.jp/articles/007ac1d8e9d5b95f0017081e4088b0070d7fbd53,8/28(…) 8:02
hokkoku,–kš V•·Ğ,•œ‹»‰‰‡‚ÅL‚Ñ‚é“ú–{ğ@Îìu‚Ğ‚â‚¨‚ë‚µv—\–ñ‚PŠ„‘,https://news.yahoo.co.jp/articles/fa1d15c84c1a7b796342d578061c76711f1aa6e2,8/28(…) 8:02
hokkoku,–kš V•·Ğ,‰Íˆä¬‚É‰¼İZÉŠ®¬@—Ö“‡A‚UZ™“¶‚ª’ÊŠw,https://news.yahoo.co.jp/articles/298a1c458aa544b8c2a9ef7bfb6608c87c4c724e,8/28(…) 8:02
hokkoku,–kš V•·Ğ,“Ö‰êˆÈ¼’²¸‚É‚P‚X‰­‰~@¬•lƒ‹[ƒgAæs‚«Œ©’Ê‚¹‚¸,https://news.yahoo.co.jp/articles/dd93d071aa6b78ee67c928e36151d9d06fd34b39,8/27(‰Î) 17:32
hokkoku,–kš V•·Ğ,”íŠQ‚È‚µ‹F‚Á‚Ä@µ”öA’†”\“o‚ÅŠ™‘Å‚¿_–,https://news.yahoo.co.jp/articles/b54977ec314a9c3a419ccc741d835a878725261e,8/27(‰Î) 17:09
hokkoku,–kš V•·Ğ,’x‚¢‘ä•—AûŠn‹}‚®@”’R‚Ì—œ”¨@‚R‚P“úŒ§“àÅÚ‹ß‚©@”ñí‚É‹­‚¢¨—ÍA‰‚”üi‚Ş,https://news.yahoo.co.jp/articles/75a5f73b1fed3d74df47c347210a76ccd57f9469,8/27(‰Î) 17:09
hokkoku,–kš V•·Ğ,ˆ¾’Ã‰·òA“|–Ø‚ª‚R“’¼Œ‚ ‚‚³‚Q‚Oƒ[ƒgƒ‹A‚¯‚ªl‚È‚µ,https://news.yahoo.co.jp/articles/c7a0fb0a70bbfcbd9a5cd127a095345704590dcf,8/27(‰Î) 8:02
hokkoku,–kš V•·Ğ,‘ä•—‚É”õ‚¦•œ‹Œ‹}‚®@‘å‰J”íŠQ‚Ìãs@ÔŒÉ‚Ì“D‚©‚«o‚µu‹‚¢‚ª“y»“î‚ç‚©‚¢‚¤‚¿‚Év,https://news.yahoo.co.jp/articles/928e427dc2360271dbb0c2667ce2f1660da5998d,8/27(‰Î) 8:02
hokkoku,–kš V•·Ğ,ŠÖ˜A€AV‚½‚É‚Q‚Pl”F’è@Œv‚P‚R‚PlA”’R‚Æ’†”\“o‚Å‰,https://news.yahoo.co.jp/articles/4b496e5322ce451f07afd6921bd91ecc8b2536f9,8/27(‰Î) 8:02
hokkoku,–kš V•·Ğ,o’£’©s‚Ì‹K–ÍŠg‘å@—Ö“‡‚Ì¤‹Æ{İA‚XŒ‚©‚ç’nŒ³–ß‚Á‚½‘g‡ˆõ‘‚¦,https://news.yahoo.co.jp/articles/55f9b3608924ef93f5ba67d9d42a6b391b4d045c,8/27(‰Î) 8:02
hokkoku,–kš V•·Ğ,HêŠA‘å‚Ì—¢‚Í¼ŠÖ˜e@‚P‚QŸ‚Å‘åŠÖ¸i–ÚˆÀ‚É,https://news.yahoo.co.jp/articles/25655369ae6bfbe687f955822bd2fd4f6a5888ec,8/27(‰Î) 8:02
hokkoku,–kš V•·Ğ,‚Z¶•Ûˆç‚ÌŒ»êŠw‚Ô@Ë…‚Å–K–âƒcƒA[,https://news.yahoo.co.jp/articles/3473c8c1cee6cc7cdc81e74a3083dca14976a083,8/27(‰Î) 8:02
hokkoku,–kš V•·Ğ,u‚Ä‚ñ‚½‚©‚­v‚·‚×‚Ä‚P“™@‚i‚`‚Æ‚È‚İ–ìAŒ§“àƒgƒbƒvØ‚èŒŸ¸,https://news.yahoo.co.jp/articles/fd83e21643db7b646c6677201d6fe7cc2b24b090,8/27(‰Î) 8:02
hokkoku,–kš V•·Ğ,“ü‘IÊ^‚Ås“•A‚sƒVƒƒƒc@‚Æ‚È‚İ–é‚ƒLƒƒƒ“ƒy[ƒ“,https://news.yahoo.co.jp/articles/4ed0e89c90b14b2b34346a6e73316d54c756ae46,8/27(‰Î) 8:02
hokkoku,–kš V•·Ğ,ƒpƒ‰‘ã•\ƒ†ƒjƒz[ƒ€@ƒS[ƒ‹ƒhƒEƒCƒ“‚ª’ñ‹Ÿ@Ô‚¢‚·ƒ‰ƒOƒr[‚Æƒ{ƒbƒ`ƒƒ,https://news.yahoo.co.jp/articles/75b49c30f4c60200a6a84db35cb5814e2536012f,8/27(‰Î) 8:02
hokkoku,–kš V•·Ğ,–Á”Â‚Q–‡“‚Ü‚ê‚é@’©“ú‚ÌŠCŠİ’ç–hA“ü‘P‘{¸,https://news.yahoo.co.jp/articles/972fe819fa209c98d3ab15fc6caa30109bed0c53,8/27(‰Î) 8:02
hokkoku,–kš V•·Ğ,‚Q‚P¢‹I”üpŠÙ@Š®‘S•œ‹Œ‚Í‚Q‚U”N“xˆÈ~@‹à‘òsA¡”N“x‚ÉŠî–{İŒv,https://news.yahoo.co.jp/articles/2ea7c4eba923ef119c72271c30bf7101acf27b91,8/27(‰Î) 8:02
hokkoku,–kš V•·Ğ,ŒŠ…‚ÅY‰ÈÄŠJ@‘‡•a‰@A‚Q‚W“ú‚©‚ç@‹à‘òˆã‰È‘å•a‰@‚ª‹¦—Í,https://news.yahoo.co.jp/articles/8dcb56a6cb863d1b06ddf9dca2000433cf8b3886,8/27(‰Î) 8:02
hokkoku,–kš V•·Ğ,”\“o”üŒi‚Í‚ª‚«‚Å—ã‚Ü‚µ@—Ö“‡‚Ì—X•Ö‹Ç‚âŒx@‚Å“W¦,https://news.yahoo.co.jp/articles/5ef4d56a91ac3addb1fd9b3d05dbf3e726d5b971,8/27(‰Î) 8:02
hokkoku,–kš V•·Ğ,‘ä•—‚R‚O“ú‚ÉŒ§“àÅÚ‹ß@Œx•ñ‹‰‘å‰J‹°‚ê@‚Q‚X“ú–é‚É‚à–\•—ˆæ,https://news.yahoo.co.jp/articles/74dbfdf4b5ee1e9deeb53c8f8099ba3e8286f7ae,8/26(Œ) 16:02
hokkoku,–kš V•·Ğ,”íĞŒ§“¹‚É•à“¹®”õ‚ğ@“à“å’¬’·‚ª’m–‚É—v–],https://news.yahoo.co.jp/articles/d8429a1e54c39e3430fdb97c6346d223f9cbedbf,8/26(Œ) 16:02
hokkoku,–kš V•·Ğ,Œ§“à‘S’n“_‚Å^‰Ä“ú@‹à‘ò‚R‚RD‚Q“x,https://news.yahoo.co.jp/articles/86dd4ac7b34dafa2a1aaacd5d46f2ee12efa7395,8/26(Œ) 16:02
hokkoku,–kš V•·Ğ,•XŒ©s’·‚P‚OŒ‚Å‘Ş”C@‚ª‚ñu¡—Ã‚Éê”Ov@s’·‘IA’m–‘I‚Æ“¯“ú’²®@‚P‚OŒ‚Q‚V“ú“Š•[,https://news.yahoo.co.jp/articles/56be8724120bce12b17f313a772d41f5edfb937b,8/26(Œ) 8:02
hokkoku,–kš V•·Ğ,Œ§A©”ï‰ğ‘Ì‚ğ„i@uŒö”ïv‘z’è”‚PD‚S”{‚Å@ì‹Æv‘¬‰»‚Ö•ûj,https://news.yahoo.co.jp/articles/59ce10cdc020ec0dbda19b5561ff64593a9107e6,8/26(Œ) 8:02
hokkoku,–kš V•·Ğ,ƒuƒhƒEë‚èÅ·Šú•xRE•w’†’¬‚Ì‚â‚Ü‚Ó‚¶‚Ô‚Ç‚¤‰€,https://news.yahoo.co.jp/articles/63ec48fee7e601f8f353bbf9d7e1038ec20bdbe8,8/26(Œ) 8:02
hokkoku,–kš V•·Ğ,—V——”òsAâŒiŠy‚µ‚Ş@¬–î•”‚ÅƒwƒŠ•–hĞ–h”ÆƒtƒFƒX,https://news.yahoo.co.jp/articles/93809c1bca6931b9015c4df0ab0a62edfa24b43d,8/26(Œ) 8:02
hokkoku,–kš V•·Ğ,•Ù“–H‚×‚Ä‚¨‚í‚ç‚ğŠ¬”\@‚Ü‚·‚Ì‚·‚µƒ~ƒ…[ƒWƒAƒ€,https://news.yahoo.co.jp/articles/7a3822a172c7e1bf3427d43f4b867166cb2c647d,8/26(Œ) 8:02
hokkoku,–kš V•·Ğ,–¼•¨Œ€A—˜‰ê‚Ì–éÊ‚é@Œ€’c‚r‚b‚n‚s@‚T‚Oü”N‚Öƒ_ƒ“ƒXƒ`[ƒ€,https://news.yahoo.co.jp/articles/fa44fd245969990e30ea42cab9b93a56a14d2b8b,8/26(Œ) 8:02
hokkoku,–kš V•·Ğ,•œ‹»x‰‡¾‚¢AÎì‚É•Ê‚ê@ƒWƒƒƒpƒ“ƒeƒ“ƒg•Â–‹@‹à‘ò‚Å‚³‚æ‚È‚çƒZƒŒƒ‚ƒj[,https://news.yahoo.co.jp/articles/bdb3fb2821f067f1ddc7ca53c3ded24edefba3bc,8/26(Œ) 8:02
hokkoku,–kš V•·Ğ,ƒqƒƒCƒbƒNƒeƒCƒ‹AƒŒƒR[ƒh‚u@‹à‘ò‹£”nE–kš V•·Ğ”tƒCƒkƒƒVÜ@‹gŒ´‹RèƒŒ[ƒX‚WŸ–Ú,https://news.yahoo.co.jp/articles/53db4b0d6c0238416b0ea87f12566c78f0422041,8/26(Œ) 8:02
hokkoku,–kš V•·Ğ,ìŒû‚S‘Io”nˆÓŒü@“à“å’¬’·‘IA‚XŒ‹c‰ï‚Å•\–¾,https://news.yahoo.co.jp/articles/659ce14e59cf9d80fcc34a428ae88bb338575d9d,8/26(Œ) 8:02
hokkoku,–kš V•·Ğ,ãs‘å‰JA‚PŠÔ‚P‚S‚Uƒ~ƒŠ@ŠÏ‘ªjãÅ‘å@“y»‚ÅŒ§“¹ˆê•s’Ê,https://news.yahoo.co.jp/articles/40ece432b05d7ae38a86d129f9737f38bc45ae55,8/26(Œ) 8:02
hokkoku,–kš V•·Ğ,‹à‘òŠw‰@‘å‚T•”–å§”e@‘S“ú–{Šw¶ƒgƒ‰ƒ“ƒ|ƒŠƒ“@’jq’c‘Ì‚Í¯—Å‘å‚Q˜A”e,https://news.yahoo.co.jp/articles/4712d808f0e2a848daa798f85f4b998745c299b5,8/26(Œ) 8:02
hokkoku,–kš V•·Ğ,’t™•‘A—D‰ë‚É@•xRE•w’†’¬‚ÌŒF–ì_Ğ,https://news.yahoo.co.jp/articles/8e1c52c02b6e73d0d79089228f052b5378c26795,8/26(Œ) 8:02
hokkoku,–kš V•·Ğ,‚Ü‚é‚²‚Æ“Ş—Ç”A‚T–œ‚U‚P‚O‚Ul—ˆê@Œ§—§”üpŠÙ“W——‰ï‚Å—ğ‘ã‚QˆÊ@‚³‚æ“Ş—Çi‚È‚çjA•§‘œ•§‰æ,https://news.yahoo.co.jp/articles/d89bab92e0ded948df2b2219301ce7b13378a047,8/26(Œ) 8:02
hokkoku,–kš V•·Ğ,Ÿ¢‘ã‚b‚sAŒ§“à‰“±“ü@¼”CÎì’†‰›•a‰@@Œö—§‚Å‘S‘‰A‚XŒ‚©‚ç‰^—p,https://news.yahoo.co.jp/articles/4377435df0ceb37e76ccbbd7799b7e98930f8824,8/26(Œ) 8:02
hokkoku,–kš V•·Ğ,qƒWƒƒƒpƒ“ƒeƒ“ƒgr’nk‚Ì’Ü­‚Éâ‹å@—¯Šw¶‚ªŒŠ…–K–â,https://news.yahoo.co.jp/articles/f3a0d7359d12a37523c35cf0bac12ac853a847b9,8/25(“ú) 8:02
hokkoku,–kš V•·Ğ,•§‹³”üp‚Ìˆ S‚É‚Ş@‚Ü‚é‚²‚Æ“Ş—Ç”@Œ§—§”üpŠÙA‚Q‚T“úŒÀ‚è,https://news.yahoo.co.jp/articles/4eb15314b870aa961ec5e96fdb34f06a3bf0aa41,8/25(“ú) 8:02
hokkoku,–kš V•·Ğ,‚¨‚í‚ç•—‚Ì–~ˆê‘«æ‚É@•xR‰w‚Å‘OXXXXXXX–éÕ,https://news.yahoo.co.jp/articles/fb550680385f6f971b2aebcb3941fa9c5fff3530,8/25(“ú) 8:02
hokkoku,–kš V•·Ğ,‰»‚¯‚®‚¸—•‘@‰Á‰êE“®‹´‚ÅŠïÕ–‹ŠJ‚¯,https://news.yahoo.co.jp/articles/4ec0281b44220c52bada86e622faae8761bef7dd,8/25(“ú) 8:02
hokkoku,–kš V•·Ğ,ŠŠì‚ÌŠCA‘å’_‚É•\Œ»@‘Øİ‚Ì‹à‘ò”ü‘å‰@¶‚ç@“c’†¬‹Œ–{ŠÙ‚Å¬‰Ê“W,https://news.yahoo.co.jp/articles/12cb14fe2593a74749bda618cef774747e5614b0,8/25(“ú) 8:02
hokkoku,–kš V•·Ğ,‘ä•—‚É”õ‚¦ûŠn‹}‚®@Œ§“à”_‰ÆAˆî‚âƒiƒV,https://news.yahoo.co.jp/articles/c5a7897aec28cb49829d7a68c5d5fc86039c9451,8/25(“ú) 8:02
hokkoku,–kš V•·Ğ,ƒgƒŠƒbƒNÊ^uŠy‚µ‚¢Iv@’ª•—ƒMƒƒƒ‰ƒŠ[‰Ä‹x‚İŠé‰æ@eqA‚Ü‚ñ‚ªƒ[ƒh„‚èB‰e,https://news.yahoo.co.jp/articles/7aa50e6dcc82c52a910055b4b9034db530fc56d0,8/25(“ú) 8:02
hokkoku,–kš V•·Ğ,Œ§YƒiƒVu‰Á‰ê‚µ‚¸‚­v‚P” ‚P‚W–œ‰~@‰‹£‚èA‰ß‹Å‚’l@‘å‹Ê‚ÅŠÃ‚İ‹­‚­,https://news.yahoo.co.jp/articles/ebb12d313180dd9bd9541ba28fc0e9046fe80300,8/25(“ú) 8:02
hokkoku,–kš V•·Ğ,‘½Ê‚ÈƒXƒe[ƒW‚É”M‹C@‚`‚j‚`‚a‚`‚m‚d ‚r‚n‚m‚h‚b@ƒƒbƒNAƒ|ƒbƒvAƒAƒjƒ\ƒ“‰‰‘t,https://news.yahoo.co.jp/articles/7f7a3947497c7a081d5a4a9535f2d3e467fa42c1,8/25(“ú) 8:02
hokkoku,–kš V•·Ğ,‚Ü‚¿‚È‚©‚É‹¿‚­”M¥@‹à‘òƒAƒJƒyƒ‰Eƒ^ƒEƒ“ŠJ–‹@‰Šé‰æu¶ºv‚É”è,https://news.yahoo.co.jp/articles/f3bb56f297749138543f168cfaff22f0607ce0c0,8/25(“ú) 8:02
hokkoku,–kš V•·Ğ,Š¯–¯‚P‚R‹@A‘å‹ó©İ@ƒNƒƒXƒ‰ƒ“ƒh‚¨‚â‚×‚ÅƒwƒŠƒtƒFƒXŠJ–‹,https://news.yahoo.co.jp/articles/4cea700839cf34c4531da9c1ec6d02d1726a60b3,8/25(“ú) 5:02
hokkoku,–kš V•·Ğ,‹êí‚Ì‚S”NAW‹q‚VŠ„@‰w¼‚ÌƒNƒƒXƒQ[ƒg‹à‘ò@ƒRƒƒiA’nkcã‚ª‚ç‚Ê”F’m“x,https://news.yahoo.co.jp/articles/1c2ad8c1d3037adf33155d788ed38277a10f1ab7,8/24(“y) 17:42
hokkoku,–kš V•·Ğ,Œ§YƒiƒVu‰Á‰ê‚µ‚¸‚­vÅ‚’l‚P‚W–œ‰~@ƒvƒŒƒ~ƒAƒ€‚P” A‹à‘ò‚Å‰‹£‚è,https://news.yahoo.co.jp/articles/415cdc979b087e32c4988b8404650285fcf0063d,8/24(“y) 16:02
hokkoku,–kš V•·Ğ,‚Ü‚¿‚È‚©‰Ìº°‚ê‚â‚©@‹à‘òƒAƒJƒyƒ‰Eƒ^ƒEƒ“–‹ŠJ‚¯,https://news.yahoo.co.jp/articles/28e77c78ec199c0789b71f01808f30d0d39505e2,8/24(“y) 16:02
hokkoku,–kš V•·Ğ,V•Ä‚P‚OƒLƒ‚P‚O‚O‚O‰~‚A‚S‚T‚W‚O‰~@‚ä‚ß‚İ‚Ã‚ÙŒ§“à”Ì”„ŠJn,https://news.yahoo.co.jp/articles/3deb21379606b30f653c66168d1bb90178dcca33,8/24(“y) 16:02
hokkoku,–kš V•·Ğ,u‰Á‰ê‚µ‚¸‚­v‰o‰×@‘å‚Ô‚è‚ÅŠÃ‚­,https://news.yahoo.co.jp/articles/6cea4a3ddea43fc660e07a1c0df537fc85887452,8/24(“y) 8:02
hokkoku,–kš V•·Ğ,”\“o‚É¢ŠE‚ÌƒG[ƒ‹@ƒWƒƒƒpƒ“ƒeƒ“ƒg@—¯Šw¶‚ªŠñ‚¹‘‚«,https://news.yahoo.co.jp/articles/09ba8bacbf0cb14f09377c7206ddfe4787200060,8/24(“y) 8:02
hokkoku,–kš V•·Ğ,’©sÄ¶u‚»‚ç‚¢‚¯Iv@—Ö“‡‘åÕ‚Q“ú–Ú@_—`AƒLƒŠƒR—û‚é,https://news.yahoo.co.jp/articles/3a7943197bc76d3164755c4ea8e4f6f9cdffcde6,8/24(“y) 8:02
hokkoku,–kš V•·Ğ,•xRs‚Å‚R‚XD‚Q“x@‘S‘‚QˆÊA—ğ‘ã‚R”Ô–Ú@”M’†Ç‚P‚Ql”À‘—,https://news.yahoo.co.jp/articles/892646c4e6a008b4c8a7d9c959d7803e81ce45c3,8/24(“y) 8:02
hokkoku,–kš V•·Ğ,•XŒ©‚A¬Ñˆê‰{——‰Â”\‚É@ƒNƒ‰ƒEƒhŒëŒfÚAŒ§‹³ˆÏÓß,https://news.yahoo.co.jp/articles/dd45106f3fe642e100824aaf39cb622ee1e5bed0,8/24(“y) 8:02
hokkoku,–kš V•·Ğ,•œ‹»‚Ö‹C‚¿ˆê‚Â‚É@—Ö“‡‘åÕ@Õ‚è‚Ì”M‹CAãJ¶‚Ş,https://news.yahoo.co.jp/articles/14944930b59029383975130f1befec60d6bb1ce5,8/24(“y) 8:02
hokkoku,–kš V•·Ğ,X•ÛŠÄ“Âu”S‚è‹­‚­í‚Á‚Äv@—Ö“‡‚Ì’†Šw¶‚ÉƒG[ƒ‹@ƒTƒbƒJ[‹¦‰ïµ‘Ò,https://news.yahoo.co.jp/articles/022eb7a689ad823232cdc6602962b4d0154e7850,8/24(“y) 8:02
hokkoku,–kš V•·Ğ,u•œ‹»‚Ö—E‹C—^‚¦‚½v@‘S’†ƒnƒ“ƒh€—DŸ‚Ì•XŒ©¼Š‚ª•ñ@—Ñs’·‚ª‘Iè‚½‚½‚¦,https://news.yahoo.co.jp/articles/a31598d2062aadbc7ea9674a5c56abd62bb0529b,8/24(“y) 8:02
hokkoku,–kš V•·Ğ,‡“¯ƒ`[ƒ€‚Å–Úw‚·‰Ô‰€@‚Zƒ‰ƒOƒr[AŒoŒ±Ò‚ª‹£‹ZŒp‘±@•”‚Ì‚È‚¢ŠwZ‚à‘I‘ğˆ‚É,https://news.yahoo.co.jp/articles/61836df710fd4d7090725a0823f459e3b01eede9,8/24(“y) 8:02
hokkoku,–kš V•·Ğ,I‚İ‚È˜bŒ|‚ÉÎ‚¢@‚‰ª‚Å—§ìu‚Ì–›‚³‚ñ“Æ‰‰‰ï,https://news.yahoo.co.jp/articles/7b414b03b981a0551f57b5c7c53d1c2596c6d6e3,8/24(“y) 8:02
hokkoku,–kš V•·Ğ,–³–ŒÌ‚ÖˆêŠÛA‡“¯o”­®‚‰ªAË…A•XŒ©A“v”g‚S@Œ§¼•”‚Å€–S–ŒÌ‘½”­ó‚¯,https://news.yahoo.co.jp/articles/449a0b27f059c3b825365dbf42652b2ff93f56bd,8/24(“y) 8:02
hokkoku,–kš V•·Ğ,sK€”õ‚É‘O“c‰Æ–z‘–@•x•P‚Ì‰Å‚¬æ”ªğ‹{‰Æ‚Å@‹½“yjŠw‰ï‚Ì‰¡R•›‰ï’·‰ğ“Ç,https://news.yahoo.co.jp/articles/54078e72c351d45c9df0ea9aa6cfa44da5d02eec,8/24(“y) 8:02
hokkoku,–kš V•·Ğ,“¹‰»t‚Ì–­‹Z‚ÉŠ½º@—Ö“‡‚Å¬‚³‚Èƒeƒ“ƒgƒT[ƒJƒX,https://news.yahoo.co.jp/articles/15cdb7541026101c757523b92cdac8811fe3765b,8/24(“y) 8:02
hokkoku,–kš V•·Ğ,ŠŠì‚Ì©‘R•¶‰»‚ğƒA[ƒg‚É@‘“o˜^—LŒ`•¶‰»àE“c’†¬‹Œ–{ŠÙ@‘Øİ‚Ì‹à‘ò”ü‘å¶‚çA‚Q‚S“ú‚©‚ç“W¦,https://news.yahoo.co.jp/articles/11c2dbe4866983f0aa5ef1df21f1aea35e743d7d,8/24(“y) 5:02
hokkoku,–kš V•·Ğ,¬¼‚R‚VD‚V“xA‘S‘‚SˆÊ@Œ§“àA–Ò—ó‚È‹‚³,https://news.yahoo.co.jp/articles/1487d6ccf7e034f1d67f5ded27e2e8b65f250f44,8/23(‹à) 16:02
hokkoku,–kš V•·Ğ,V•Äu‚ä‚ß‚İ‚Ã‚Ùv‰o‰×@¬¼AŠi•t‚¯‘S‚Ä‚P“™,https://news.yahoo.co.jp/articles/7c00aab095be48eb4e40f531f3b538bcd88cfd14,8/23(‹à) 16:02
hokkoku,–kš V•·Ğ,‰‰‡Š„‚ğÄŠJAD”­i@Œ§“à‚Ìh”‘{İA—\–ñó•tƒXƒ^[ƒg,https://news.yahoo.co.jp/articles/db4b377c2f9d7786bcc2c92a895870fd6033bb98,8/23(‹à) 16:02
hokkoku,–kš V•·Ğ,•œ‹»‚ÌŠè‚¢‹¹‚ÉƒWƒƒƒpƒ“ƒeƒ“ƒgŠJ–‹@—¯Šw¶‚P‚O‚RlAŒğ—¬¾‚¤@‹à‘ò‚ÅŠ½Œ}®“T,https://news.yahoo.co.jp/articles/f90b543b840de16aababac429433c388784ad126,8/23(‹à) 8:02
hokkoku,–kš V•·Ğ,’nŒ³•XŒ©‚ÉŒ³‹C‚ğ@‘S’†ƒnƒ“ƒhA¼Š’jq€‚u@‘åº‰‡‚Éu‘S—Ío‚¹‚½v,https://news.yahoo.co.jp/articles/7a96666dc67f1f26a22183021c57673e6e9f13fe,8/23(‹à) 8:02
hokkoku,–kš V•·Ğ,•xR’n“SAƒoƒX‚P‚O‚T•ÖŒ¸@‚Vs’¬‚Ì‚R‚U˜HüA‚P‚OŒ‚©‚ç@‰^“]è•s‘«‚ª[‰»,https://news.yahoo.co.jp/articles/2cadb358b16c67ad0596ec53422da82cfc2d0e0b,8/23(‹à) 8:02
hokkoku,–kš V•·Ğ,’†‚ˆêŠÑƒR[ƒX“AŠ®¬j‚¤@‹à‘òŠw‰@‘å•‘®’†E‚@V‚½‚ÈŠw‚Ñ‚Ì‹’“_,https://news.yahoo.co.jp/articles/099a3a980d9c0539b601b95f7c0c2da676213cc7,8/23(‹à) 8:02
hokkoku,–kš V•·Ğ,‚Ü‚é‚²‚Æ“Ş—Ç”A‚T–œl“Ë”j@Œ§—§”üpŠÙA‚Q‚T“ú‚Ü‚Å,https://news.yahoo.co.jp/articles/5473164eb574e506626827767e524aff593aed00,8/23(‹à) 8:02
hokkoku,–kš V•·Ğ,qƒWƒƒƒpƒ“ƒeƒ“ƒgr‚İ‚È‚µ‰¼İ‚Å—¯Šw¶ó‚¯“ü‚ê@‰Hî‚ÉˆÚ‚Á‚½’†‘º‚³‚ñ,https://news.yahoo.co.jp/articles/ec90b7200da5a7747b875a9a0a021c0464f490ab,8/23(‹à) 8:02
hokkoku,–kš V•·Ğ,•XŒ©‚ƒEƒj‚ğ‚sƒVƒƒƒc‚É@ƒS[ƒ‹ƒhƒEƒCƒ“‚Æ˜AŒgAH‚Ì”Ì”„–Úw‚·@’nk‚Å€‚ñ‚¾Šk‚ÅõF,https://news.yahoo.co.jp/articles/5b7e951fbb65d035f249285b338e118523fb2900,8/23(‹à) 8:02
hokkoku,–kš V•·Ğ,x‰‡‚sƒVƒƒƒc—Ö“‡‚Å‚à@ƒnƒbƒgƒŠ‚­‚ñ~ƒ}ƒWƒ“ƒK[‚y@‚Q‚R“ú‚©‚ç“¹‚Ì‰w‚Å”Ì”„,https://news.yahoo.co.jp/articles/d33c43e59d7d4faa1a03e71a606050cbf2a80a04,8/23(‹à) 8:02
hokkoku,–kš V•·Ğ,ŠÏŒõ—ñÔAOŒ§„‚é@‚P‚O`‚P‚QŒÀ{‚Ì–k—¤‚c‚bŠT—v”­•\@“Ö‰êŠJ‹ÆŒø‰Ê‚ğÅ‘å‰»,https://news.yahoo.co.jp/articles/2487cde18661fd485ce9e69e40f2c2f4d86bdb5e,8/23(‹à) 8:02
hokkoku,–kš V•·Ğ,‚T‚O”NA–ğ–ÚI‚¦•à“¹‹´‚ğ“P‹@“ì“vE•Ÿ–ì¬‘O,https://news.yahoo.co.jp/articles/26f1618ce6b100da0f8ab3812d4cdc29d4e76475,8/23(‹à) 8:02
hokkoku,–kš V•·Ğ,ŒÜ‰ÓRŒÇ—§‘z’è‚µŒP—û@“ì“vsAƒwƒŠ‚ÅH—¿—A‘—@’nk‹³ŒPAƒlƒbƒg‰ñüŠm•Û,https://news.yahoo.co.jp/articles/a1b3c753d14d7c2486741332ce86e240ba24347f,8/23(‹à) 8:02
hokkoku,–kš V•·Ğ,“V—‚Ì’¤AèWŠGi‚±‚Ä‚¦j‚ÅÄ¶@“ì“vE“™Šo›AÎí•‚³‚ñèŠ|‚¯@½‹ò‚Ì‹ZA‰_•`‚«ã•i‚É,https://news.yahoo.co.jp/articles/f366d6d53a38bceadb69ff3400e7d816e4a88738,8/23(‹à) 8:02
hokkoku,–kš V•·Ğ,‘å’JƒOƒbƒY‚ğ•i’è‚ß@—Ñ–V‘å˜a‚ÉŠúŠÔŒÀ’è“X,https://news.yahoo.co.jp/articles/86db7057a6dc799d7c4bd6e372c09a175e473f37,8/23(‹à) 8:02
hokkoku,–kš V•·Ğ,‚³‚©‚ÈƒNƒ“A•xR‚Ì‹›Œê‚é@q‚Ç‚à‚ÉƒmƒhƒOƒà–¾@’©“ú‚Å©‘RŒhˆ¤ƒTƒ~ƒbƒg,https://news.yahoo.co.jp/articles/957b6a66dbc88c99397cd717dec2b79ed41caad9,8/23(‹à) 5:01
hokkoku,–kš V•·Ğ,‚Ó‚é‚³‚Æˆ¤AÎì‘ÌŠ´@ƒWƒƒƒpƒ“ƒeƒ“ƒg@‹à‘ò‚ÅŠ½Œ}®“TAŒğ—¬¾‚¤,https://news.yahoo.co.jp/articles/e8037512ec3acd1e3a2e7e82711b021b10e62092,8/22(–Ø) 16:02
hokkoku,–kš V•·Ğ,ƒCƒ‹ƒJ‚Éu”\“ovuŒ³‹Cv@”\“o“‡‚ÌŠÏŒõ‹ÆÒ‚ª–½–¼@‘Šú•œ‹»‚ÌŠè‚¢‚ß,https://news.yahoo.co.jp/articles/701bb343251b3001aa28c29bb684b5753cf7a257,8/22(–Ø) 16:02
hokkoku,–kš V•·Ğ,u‚í‚½‚µ‚ÌD•¨v‘N‚â‚©‚É@‹ß]’¬sê‚ÉŠG‰æ‚P‚T‚Q‚P“_,https://news.yahoo.co.jp/articles/5216ad1754bf6490970345c5458bb96057d1c369,8/22(–Ø) 16:02
hokkoku,–kš V•·Ğ,û‚Ü‚é‚Ç‚±‚ë‚©c‚R‚U“x‚Ìˆ‹@Œ§“à‹C‰·ã¸@‹à‘òE—Ö“‡‚Å¡”NÅ‚,https://news.yahoo.co.jp/articles/aeafdf17be63e73c1910b0d0db3bda786168402f,8/22(–Ø) 16:02
hokkoku,–kš V•·Ğ,‰Ô•‘‘ä‚Ö‘§‡‚í‚¹@‹à‘ò‚¨‚Ç‚èAO’ƒ‰®ŠX‡“¯ŒmŒÃ@‚XŒ‚Q‚O“úŠJ–‹,https://news.yahoo.co.jp/articles/3264a9e0b4072b9d29c8b989b3986324b52808f9,8/22(–Ø) 8:02
hokkoku,–kš V•·Ğ,•Ÿƒ‘—Œ}ÔAs–¯‚Ì‘«‚É@—ˆtAVŒğ’ÊƒCƒ“ƒtƒ‰“±“ü@••”ƒ‚ƒfƒ‹‚ğ‘S‘”­M@sĞ•Ÿ‹¦,https://news.yahoo.co.jp/articles/516eb5058809185078d8c872b7769110b5eaa7bf,8/22(–Ø) 8:02
hokkoku,–kš V•·Ğ,ƒvƒƒŒƒX‚ÅÎì‚ÉŒ³‹C@‚XŒ‚Q‚R“úA’nŒ³og‚Ì‚Q‘Ièoê,https://news.yahoo.co.jp/articles/39232ad5a1253764fdc5c8b63996a9ec97bf2007,8/22(–Ø) 8:02
hokkoku,–kš V•·Ğ,”\“o‚Öv‚¢Šñ‚¹‚é‰Ä@ƒWƒƒƒpƒ“ƒeƒ“ƒg‚Q‚Q“úŠJ–‹,https://news.yahoo.co.jp/articles/209e92b042d8dca79f570dd15ccd9f67bd565c3e,8/22(–Ø) 8:02
hokkoku,–kš V•·Ğ,‰Á‰ê”Ë‚Ì‰‚Å—U‹q„i@ŠÏŒõ‹q‚RŠ„‘A‚Q‚O‚O–œl’B¬‚Ö@••”sA‚Q‚S”N“x‚©‚çVŒv‰æ,https://news.yahoo.co.jp/articles/225d48a8d3e9b5710e0100b3223fce72fc1806fb,8/22(–Ø) 8:02
hokkoku,–kš V•·Ğ,é’[ü“¥Ø‚Å—ñÔ‚ÆÔÚG@“ì“vE‹g]–ì@Õ’f‹@‰º‚è—§‚¿‰¶‚à‚¯‚ªl‚È‚µ,https://news.yahoo.co.jp/articles/14969a5fa459e53af82fa222c7080f81793799c6,8/22(–Ø) 8:02
hokkoku,–kš V•·Ğ,•S–œŠÑ‚ÌŠâA‹NŒ¹“Á’è‚Ö@–kš V•·Ğ’²¸’cA‰‚ÌÚ×’²¸,https://news.yahoo.co.jp/articles/d2ddfb207c21e2facc8f8629e529c77d5f08a9a9,8/22(–Ø) 8:02
hokkoku,–kš V•·Ğ,‰w‘O’“Ôê‚ÉŒğ’ÊŒn‚h‚b@“v”gs‚ª—ˆ”N‚SŒ‚©‚çAV†•¼‚à@é’[ü‚Å‚Ì“±“üŒ©˜‚¦,https://news.yahoo.co.jp/articles/4efa99b207fd68cf96b4bcf2d79d28ade21d8b05,8/22(–Ø) 8:02
hokkoku,–kš V•·Ğ,‰¼İ‚Ì•Ÿƒ‹’“_‚VƒJŠ@“ü—‚âƒŠƒnƒrƒŠA‚P‚QŒˆÈ~‚É‹Ÿ—p,https://news.yahoo.co.jp/articles/f13663f45ce5ff975d1944b0975e0604206e644a,8/22(–Ø) 8:02
hokkoku,–kš V•·Ğ,Š¾‚©‚«Šì‚Ñ‚Ì‰o‰×@uŒÜ˜Y“‡‹àvŒ`—Ç‚µ–¡—Ç‚µ‰“ú‚Í‚Uƒgƒ“,https://news.yahoo.co.jp/articles/0fc8b99b0abd39aaba201725def89b14cd2a50cf,8/22(–Ø) 8:02
hokkoku,–kš V•·Ğ,“¡ˆä‘Iè‚Ì‰¡’f–‹İ’u@ƒpƒŠƒpƒ‰‰‰‡A‹›’Ãs‚ª‰w‘O‚É,https://news.yahoo.co.jp/articles/f5c2fd4462da017b72371a330fea8796a9075204,8/22(–Ø) 8:02
hokkoku,–kš V•·Ğ,qƒJƒ^[ƒŒ•xRE‚i‚Rr‰œ”\“o‚Éƒ‰ƒ“ƒhƒZƒ‹@—ˆt‚P”N¶‚ÉÅ‘å‚S‚OŒÂ@ƒGƒ“ƒuƒŒƒ€“ü‚è,https://news.yahoo.co.jp/articles/9d2e846550df54c9942d5cb26234384eacde44a3,8/22(–Ø) 8:02
hokkoku,–kš V•·Ğ,ŒŠ…‚ÉV‚½‚É‚T‚Ol•ª@x‰‡ÒŒü‚¯h”‘‹’“_AŒ§‚WŒ’†‚É,https://news.yahoo.co.jp/articles/30cb659d6172eaf1727f4600ca9daa6d4ff15464,8/22(–Ø) 8:02
hokkoku,–kš V•·Ğ,u—Ñ–VƒXƒNƒGƒAv÷“n@“Œ‹}’²®Aƒzƒeƒ‹‚ÍŒp‘±@•s“®Y‹Æ‚ÌƒŠƒIi“Œ‹j‚É,https://news.yahoo.co.jp/articles/479b7685ce0d8902754034b91c0f5029d9a84869,8/22(–Ø) 8:02
hokkoku,–kš V•·Ğ,ŒÜ˜Y“‡‹àA–Ò‹‚ÌûŠn@‹à‘òuo—ˆ‚Í—ÇDv,https://news.yahoo.co.jp/articles/9f01e03050d9b8e4ab7029ccf22b68b0047a9b92,8/21(…) 16:02
hokkoku,–kš V•·Ğ,‘nìˆÓ—~‚İ‚È‚¬‚é‚P‚O‚U‚P“_@–kš ­”N­—”üp“W‚ªŠJ–‹@‹à‘òƒGƒ€ƒU‚Å‚Q‚T“ú‚Ü‚Å,https://news.yahoo.co.jp/articles/2e062ca516282674e525be6de5089dbb3289d18d,8/21(…) 16:02
hokkoku,–kš V•·Ğ,‚‚³§ŒÀœŠOu–¾‹L‚ğv@‹à‘òA“sƒzƒeƒ‹ÕÄŠJ”­‚Å‰ï‡,https://news.yahoo.co.jp/articles/35cc03d44f6d9fa7e7b2928ff7175ca2769dbf7c,8/21(…) 16:02
hokkoku,–kš V•·Ğ,V–©‚‚ªV§•”â˜I@ƒVƒ‡[Œ`®‚ÅĞ‰î,https://news.yahoo.co.jp/articles/1781fcb466a53d66a99b3c92208cb729f9575051,8/21(…) 8:02
hokkoku,–kš V•·Ğ,•XŒ©‚ƒoƒXƒP•”A‰‚Ì‚n‚a‰ï’a¶@‘n•”‚S‚O”NA¢‘ã’´‚¦Œğ—¬@‹£‹ZlŒûŒ¸u“`“ç‚év,https://news.yahoo.co.jp/articles/155d60b4f7a16cd26e1a52c3d4de21823d073d76,8/21(…) 8:02
hokkoku,–kš V•·Ğ,ƒ|ƒPƒ‚ƒ“—ñÔAÄ‚Ño”­@‚Ì‚Æ“S“¹Šˆ—p‘æ‚Q’eA‚XŒ‚©‚ç™“¶‚ªæÔ‘ÌŒ±,https://news.yahoo.co.jp/articles/f80418364674411917186f53028a2f6bf339ac87,8/21(…) 8:02
hokkoku,–kš V•·Ğ,‰Á‰ê‚Ì‚®‚¸Ä‚Ü‚Â‚èA“y“úŠJÃ@’S‚¢èŠm•Û‚Ö‚Q‚SA‚Q‚TA‚Q‚W“ú,https://news.yahoo.co.jp/articles/6cf956c4f8f5de8d98f68f7ddc30d5ed8f8186c7,8/21(…) 8:02
hokkoku,–kš V•·Ğ,ƒjƒzƒ“ƒ‰ƒCƒ`ƒ‡ƒE€‚Ê@•xREƒtƒ@ƒ~ƒŠ[ƒp[ƒN,https://news.yahoo.co.jp/articles/05edbaee7bf9eaf535758eabd1ae490c3ad772ca,8/21(…) 8:02
hokkoku,–kš V•·Ğ,n•¨’jAÔ’D‚¢“¦‘–@•xREã‘Ü‚Ì¤‹Æ{İ’“Ôê@uh‚·‚¼vuÔo‚¹v‚V‚O‘ã—«‹º‚µ,https://news.yahoo.co.jp/articles/ba0d4a130d1e834b3154d59586cd9ae51a45dd9a,8/21(…) 8:02
hokkoku,–kš V•·Ğ,q’m–‘I‚Q‚O‚Q‚SrƒI[ƒ‹—^“}‘Î‹¤Y‚É@V“cA•S’Ëˆê‹R‘Å‚¿@—§–¯‚ªŒ»E„‘EA\}ŒÅ‚Ü‚é,https://news.yahoo.co.jp/articles/0c6962e3575c856e6a45b7bfa895ebc9f196fa63,8/21(…) 8:02
hokkoku,–kš V•·Ğ,‘Yƒ}ƒcƒ^ƒP‚ß‚Ç—§‚½‚¸@–Ò‹‰e‹¿A‹ß]’¬sê‚É’†‘Y“oê,https://news.yahoo.co.jp/articles/c624f677f99dff22c632eb324b8d2967fbeab58b,8/21(…) 8:02
hokkoku,–kš V•·Ğ,¼‹\–h~A‘¦ƒ`ƒFƒbƒN@“ì“v‚ªƒL[ƒ[ƒh‚Ü‚Æ‚ßƒV[ƒg@‹à—Z‹@ŠÖAƒRƒ“ƒrƒj‚É”z•z,https://news.yahoo.co.jp/articles/b51ed284987f2e0bb209c5a9bfa602ad982c4cb0,8/21(…) 8:02
hokkoku,–kš V•·Ğ,Œ¶‚ÌŒäÔRA•`‚¢‚½ŠGŒ©‚Â‚©‚é@‚‰ªs—§”•¨ŠÙAVû‘ ‚Ì› •—,https://news.yahoo.co.jp/articles/ba51393ae32b1486e333afc5ff07d27ac55bca46,8/21(…) 8:02
hokkoku,–kš V•·Ğ,”]îá‡A”A‚Å”­Œ©‚Ö@‹à‘åŒ¤‹†ƒOƒ‹[ƒvAŒŸ¸•û–@‚ÌŠm—§‚É“¹‹Ø,https://news.yahoo.co.jp/articles/b877258eb31c874fc5076a7932790f00956b5d1a,8/21(…) 8:02
hokkoku,–kš V•·Ğ,Îì‰‰‡Š„A‚X`‚P‚PŒÄŠJ@—\Z‚ÌcŠzŠˆ—pA‚Q‚R“ú—\–ñŠJn,https://news.yahoo.co.jp/articles/81897b3fcb4caca66ba911ac63c1b7e1c6d52b84,8/21(…) 8:02
hokkoku,–kš V•·Ğ,”\“o\‰H“c‚P“ú‚P‰•œŒp‘±@“úqA‘S“ú‹ó“~ƒ_ƒCƒ„”­•\,https://news.yahoo.co.jp/articles/d8c7de41d0dfd24ea6ab3048bbc769d2b3fe3a03,8/21(…) 8:02
hokkoku,–kš V•·Ğ,©—R‚È”­‘zŒõ‚é‚P‚O‚U‚P“_@–kš ­”N­—”üp“W‚Q‚P“úŠJ–‹A‹à‘òƒGƒ€ƒU,https://news.yahoo.co.jp/articles/9f8283be91e410e7c0ab480dc0b23833b4a4bc08,8/21(…) 8:02
hokkoku,–kš V•·Ğ,q‹à‘òƒ}ƒ‰ƒ\ƒ“r”ª–Ø‚©‚È‚¦‚³‚ñ‰Q‰Á@¼–{ŒO‚³‚ñ‚Æ‹¤‰‰AƒIƒŠƒ“ƒsƒAƒ“‚Qluƒtƒ@ƒ“ƒ‰ƒ“v·‚èã‚°,https://news.yahoo.co.jp/articles/b6f3c67899aadd7b628dd10cbcd56ea074986c03,8/21(…) 8:02
hokkoku,–kš V•·Ğ,”„‚è‚ßIƒ‹ƒr[ƒƒ}ƒ“@“Œ‹E‘å“csê‚Å’y’m–‚ç‚o‚q,https://news.yahoo.co.jp/articles/69329ca0af4ddbb22dcdd866641de3d5e78814a5,8/20(‰Î) 16:18
hokkoku,–kš V•·Ğ,ƒ|ƒPƒ‚ƒ“—ñÔA9Œ‚©‚ç‚à‚f‚n@‚Ì‚Æ“S“¹ue‚µ‚İŠ´‚¶‚Äv@”\“o‚Ì‰€™A‘ÌŒ±æÔ‚É,https://news.yahoo.co.jp/articles/2c8eca407df41a00cdb7d65814617f023d62d1ed,8/20(‰Î) 16:12
hokkoku,–kš V•·Ğ,•x•x•xAÅ‚‚P–œ‚U‚W‚O‚O‰~@Œ§Y•Ä‚ÌŠTZ‹à@‚P“™•Ä—¦Œüã‚ÖŠi·Šg‘å,https://news.yahoo.co.jp/articles/733baa2dcadf6e62b512a1442aa2422cc3662535,8/20(‰Î) 8:02
hokkoku,–kš V•·Ğ,–Ø‹Õ‚âŒ°”÷‹¾AŠwZ”õ•i”„‚è‚Ü‚·@’†”\“o’¬AƒtƒŠƒ}ƒAƒvƒŠ‚ÅH‚©‚ç‚É,https://news.yahoo.co.jp/articles/16592ceeb6b3385a279178370885247a481634cf,8/20(‰Î) 8:02
hokkoku,–kš V•·Ğ,”L–”‰wAæ~‰Â”\‚É@••”ƒgƒƒbƒR“dÔ@‚P‚OŒ‚©‚çA‰¼İƒz[ƒ€®”õ,https://news.yahoo.co.jp/articles/b2e1b82c92ccddc29771a0014951b1d8a9272e28,8/20(‰Î) 8:02
hokkoku,–kš V•·Ğ,•œ‹»‚Ì•à‚İA‚S‚Uƒ`[ƒ€“¬u@•XŒ©‚Å‘S‘’†Šwƒnƒ“ƒhŠJ–‹@¼ŠEˆäãå«ut‰Ä˜A”e–Úw‚·v,https://news.yahoo.co.jp/articles/235649f4bdf4a24c3905bb5375e0855d9c2537e6,8/20(‰Î) 8:02
hokkoku,–kš V•·Ğ,ŒÂ«–L‚©‚È‚U‚O‚R“_Aˆê“°@‚‰ªŠw¶‘“¹“W@Œ§‚‰ª•¶‰»ƒz[ƒ‹‚ÅŠJ–‹,https://news.yahoo.co.jp/articles/ac33803a9decadbbf24b52ae79e12981d8ce13bf,8/20(‰Î) 8:02
hokkoku,–kš V•·Ğ,’©sü•Ó‹æ‰æ®—‚Ö@—Ö“‡s•ûj@Z–¯‚ÆˆÓŒ©ŒğŠ·‚à,https://news.yahoo.co.jp/articles/6da8ef04792c17554d5b292129411619f88621d3,8/20(‰Î) 8:02
hokkoku,–kš V•·Ğ,—ÖØ‚è‰ğ‘ÌuˆÙ˜_‚È‚¢v@ƒrƒ‹“|‰ó‚ÅÈ–º‹]µ‚Ì“í‚³‚ñ,https://news.yahoo.co.jp/articles/b9e63a0421bc94502ca53ba11efdbc614ae616a3,8/20(‰Î) 8:02
hokkoku,–kš V•·Ğ,–kìƒXƒEƒF[ƒfƒ“‚É@ƒTƒbƒJ[—qE‚a‚jƒwƒbƒPƒ“‚Ö,https://news.yahoo.co.jp/articles/722c2d52ea9abece6a93d4348d147006f2e0a2c1,8/20(‰Î) 8:02
hokkoku,–kš V•·Ğ,ŒF–ìZ–¯‚ªƒoƒXU‹»ô@•xRsA’n“S‹¦—Í‚ÅƒoƒX’â‚É’“Ôê@ƒp[ƒN•ƒ‰ƒCƒhÀŒ±ŠJn,https://news.yahoo.co.jp/articles/1547ccd313da8b22cc12c13c160940e525c9c7b4,8/20(‰Î) 8:02
hokkoku,–kš V•·Ğ,¬¼‘å’JƒiƒCƒ“‹AZ@“Œ–ìå«uŒã”y‚ªV‚½‚È—ğj‚ğv,https://news.yahoo.co.jp/articles/aa7ccfe74487fc3587e73b2910c6158623294bd6,8/20(‰Î) 8:02
hokkoku,–kš V•·Ğ,ƒgƒŒƒCƒ“ƒp[ƒN”’R‚ÆƒRƒ‰ƒ{‚Ì‚sƒVƒƒƒc@ƒ`ƒƒƒ“ƒlƒ‹ƒAƒbƒVƒ…,https://news.yahoo.co.jp/articles/eeaef81803c688c6b76a69e30d36b03291f8de5b,8/20(‰Î) 8:02
hokkoku,–kš V•·Ğ,’G’¬‚É•óü“XˆÚ“]ŠJ‹Æ@ƒ^ƒPƒEƒ`ƒuƒ‰ƒCƒ_ƒ‹AƒRƒRƒbƒg‹à‘ò‚É,https://news.yahoo.co.jp/articles/375c27df99885f086cd4303c4536e9b095ffa525,8/20(‰Î) 8:02
hokkoku,–kš V•·Ğ,•à“¹‹´‰ğ‘Ìn‚Ü‚é@“ì“vE•Ÿ–ì¬‘O,https://news.yahoo.co.jp/articles/09c3ad2ad3de6688f5cf497be62549115cffcdb6,8/20(‰Î) 8:02
hokkoku,–kš V•·Ğ,•xRE‰œ“c_Ğ‚ğƒfƒBƒXƒR‚É@‚R‚P“úA‚c‚iƒCƒxƒ“ƒgA‰¹Šy‚ÅŒğ—¬‚ğ@ƒ^ƒeƒdƒJ‚³‚ñuŠy‚µ‚ñ‚Åv,https://news.yahoo.co.jp/articles/6186eb26402e9bd180994c72b63cd864ae922d6d,8/20(‰Î) 8:02
hokkoku,–kš V•·Ğ,”M’†ÇA¬¼‚Å‚Pl€–S@”\”ü‚Å‘Š ‚è‚Ì’j«AdÇ,https://news.yahoo.co.jp/articles/6c4323d5f848639b881259f6e11215174501fce5,8/19(Œ) 16:12
hokkoku,–kš V•·Ğ,‘åã–œ”‚É‹¤“¯o“W@¬¼A“ì“vs‚ª˜AŒg‹¦’è,https://news.yahoo.co.jp/articles/bc5aae903b1892018ae35db8705a7ca39f3acca8,8/19(Œ) 16:02
hokkoku,–kš V•·Ğ,‹Œ–~–¾‚¯A^‰Ä“ú‚Ìo‹Î@Œ§“à,https://news.yahoo.co.jp/articles/50d4c964be5e04c255ae28f6fc83737bc266cc56,8/19(Œ) 16:02
hokkoku,–kš V•·Ğ,uÄb‚Ì•‘‘ä‚ÅŠ´“®‚ ‚è‚ª‚Æ‚¤Iv@¬¼‘å’JƒiƒCƒ“Abq‰€‚©‚ç‹AZ,https://news.yahoo.co.jp/articles/7264c36879f8523184846e3312f66aa89f93065e,8/19(Œ) 16:02
hokkoku,–kš V•·Ğ,–{”Ô‚ÖŒmŒÃ‚É”M@‚XŒ‚P“ú•š–ØêŠ‘å‘Š–o@’nŒ³™“¶‚ç‚Ô‚Â‚©‚è‡‚¢,https://news.yahoo.co.jp/articles/31381eeae3096e6d64f354a55d5aab9dd1edad5f,8/18(“ú) 8:01
hokkoku,–kš V•·Ğ,u‚æ‚­‚â‚Á‚½vu‚ ‚è‚ª‚Æ‚¤v@‹…ê‘S‘Ì‚ÅŒ’“¬‚½‚½‚¦@bq‰€E¬¼‘å’J‚W‹­‚È‚ç‚¸,https://news.yahoo.co.jp/articles/1268783895ae655f04aa1f9f1437ae2cfc4e7ffc,8/18(“ú) 8:01
hokkoku,–kš V•·Ğ,¬¼‘å’J‚W‹­‚È‚ç‚¸@bq‰€A’q•ÙŠw‰€‚É‚R\‚U,https://news.yahoo.co.jp/articles/610b471b9e5a9ef679cebe31a43d14853ad383df,8/18(“ú) 8:01
hokkoku,–kš V•·Ğ,‰ğ‘Ì‰Æ‰®‚Ìuº˜aŒ^”ÂƒKƒ‰ƒXvÄ¶Av‚¢o‚Ì•i‚É@_ŒË‚Ìê–å“XEŒÃŠÚ‚³‚ñ@Šó­AM‚âƒ‰ƒ“ƒv‚É,https://news.yahoo.co.jp/articles/4372e316ed9de17116cfb1481cd3f43ed3ee8cc2,8/18(“ú) 8:01
hokkoku,–kš V•·Ğ,u¬¼A“ú–{ŠC‘¤‹’“_‚Év@s’·‘IA‹{‹´‚ªÄ‘Io”n•\–¾,https://news.yahoo.co.jp/articles/d49ea1eb2a2f9ca9e0e7ae429a0ee9886d2235a7,8/18(“ú) 8:01
hokkoku,–kš V•·Ğ,“|‰óƒrƒ‹A—ÖØ‚è‚Å‰ğ‘Ì@—Ö“‡s‚ª‘‚Æ’²®AŒ´ˆö’²¸‚ÖŠî‘b•”c‚·,https://news.yahoo.co.jp/articles/1ff434d7b5a3ad55a807c67df922989430de5bb5,8/18(“ú) 8:01
hokkoku,–kš V•·Ğ,•œ‹»‚ÌŠè‚¢æ‚¹—•‘@—Ö“‡‚Ìd‘ _Ğ@‹à‘ò‚Å‰A‚İ‚±‚µ„s,https://news.yahoo.co.jp/articles/79b9e20acacc7c25b58a6c5b4c694eee792a9560,8/18(“ú) 8:01
hokkoku,–kš V•·Ğ,•œ‹»‰‰‡‡A•XŒ©•¦‚­@•xRƒhƒŠ[ƒ€ƒXAƒAƒ‹ƒoƒ‚ƒX‘åã‚Æ‘Îí,https://news.yahoo.co.jp/articles/153adc4b4f2f92bb72c547b811fe7a83db9c8855,8/18(“ú) 8:01
hokkoku,–kš V•·Ğ,‘ä•——£‚ê‚tƒ^[ƒ“¬G@•xR‰wA—\’è•ÏX‚Ì‹AÈ‹q‚ç,https://news.yahoo.co.jp/articles/96bb4a97daf871e1edeaae38c1fef75d2f0fdb33,8/18(“ú) 8:01
hokkoku,–kš V•·Ğ,‹F‚è‚Ìƒ‰ƒ“ƒ^ƒ“AŒ¶‘z“I‚È‹P‚«@•XŒ©sŒ|p•¶‰»ŠÙ,https://news.yahoo.co.jp/articles/67cabdb0da32e943044bcb21ae9ff60c097a9c0b,8/18(“ú) 8:01
hokkoku,–kš V•·Ğ,”’R‚Éu—Ö“‡’©sv‚P‚T“X@ŠCY•¨‚â“`“HŒ|•i@ƒCƒIƒ“ƒ‚[ƒ‹‚Éo’£,https://news.yahoo.co.jp/articles/7dba7d4be4ca5ace7fd6d14c9b4a24a86fd04aea,8/18(“ú) 8:01
hokkoku,–kš V•·Ğ,ƒn[ƒo[ƒh‘åA••”‚ğŒ¤‹†@‚XŒ‚©‚çA’n•ûŠˆ«‰»‚Ì‹³Ş‚É@–L•x‚È…‘Œ¹A©‘R‚Æ‹¤¶‚ğÀ’n’²¸,https://news.yahoo.co.jp/articles/3f14ea22b2cbefcbcb81bb3afec9bfff6dcf9c56,8/18(“ú) 8:01
hokkoku,–kš V•·Ğ,‘ês‚ÅSg´‚ß@”ª”öEì‘q•s“®›,https://news.yahoo.co.jp/articles/c418b2b42a466d7591ca017519894130e8254de7,8/18(“ú) 8:01
hokkoku,–kš V•·Ğ,ŒÃ–¯‰Æ‚ÉˆùHƒXƒy[ƒXŠJİ@•XŒ©E‰Ùq“XuƒtƒB[ƒRv@”íĞŒãAC•œ‚É‡‚í‚¹,https://news.yahoo.co.jp/articles/2f0a6fbfbbd9a9fc5889e813c5c554fcbeec7c55,8/18(“ú) 8:01
hokkoku,–kš V•·Ğ,¬¼‘å’J ‚W‹­‚È‚ç‚¸@bq‰€A’q•ÙŠw‰€‚É‚R\‚U,https://news.yahoo.co.jp/articles/b2ad92670366cdae8a73463c3b5f4c512809d6db,8/17(“y) 16:02
hokkoku,–kš V•·Ğ,¬¼‘å’JƒiƒCƒ“‚Éu‚ ‚è‚ª‚Æ‚¤v@Â‚¢‰‰‡ÈA•±“¬‚½‚½‚¦‚é,https://news.yahoo.co.jp/articles/8d84f2e8e1a6882db688a2e3747170ac8d8f5063,8/17(“y) 16:02
hokkoku,–kš V•·Ğ,ŒÜ—Ö‘ã•\EŒÜ“‡‘IèA™“¶‚Æƒ‰ƒ“ƒjƒ“ƒO@‹à‘ò‚Ì—¤ã‹³º,https://news.yahoo.co.jp/articles/f5253a83c1a4df40fbfff34a16e9e235344b166d,8/17(“y) 16:02
hokkoku,–kš V•·Ğ,‚¨‚­‚â‚İè‘±‚«ƒƒ“ƒXƒgƒbƒv‚Å@‹à‘òs–ğŠA–‘O—\–ñÒ‘ÎÛ‚É@‚XŒ‚©‚çó‚¯•t‚¯Aˆâ‘°‚Ì•‰’SŒyŒ¸‚É,https://news.yahoo.co.jp/articles/445c5a9007f79353087c69dc0bf8a65a55e32a44,8/17(“y) 8:02
hokkoku,–kš V•·Ğ,ƒgƒL•ú’¹‚Ìƒ‚ƒfƒ‹’n‹æŠg[@Œ§‚ª¡”N“xu”\“o•œ‹»‚ÌÛ’¥‚Év,https://news.yahoo.co.jp/articles/503ca7c56c4fdaed79ff14e548361d36612e56b6,8/17(“y) 8:02
hokkoku,–kš V•·Ğ,ƒ\ƒtƒgH‚×–¼Š„‚Á‚Ä@••”s‚ªƒ‰ƒŠ[,https://news.yahoo.co.jp/articles/3240c409ea8047fb96038fd433adc156e0fad80e,8/17(“y) 8:02
hokkoku,–kš V•·Ğ,ƒNƒ}‹ßŠñ‚ç‚¹‚È‚¢@ğ”NAlg”íŠQ‚ ‚Á‚½•xREŒF–ì@Z–¯‚ª‘ÎôˆÏŒ‹¬,https://news.yahoo.co.jp/articles/0aecfd143663604543dc385563994b36e4a2fad1,8/17(“y) 8:02
hokkoku,–kš V•·Ğ,‹}‚«‚å–k—¤VŠ²ü‚É@•xR‰wAŠÖ¼•û–Ê‚©‚çæ‹q@“ŒŠC“¹VŠ²ü‚ÌI“ú‰^‹xó‚¯,https://news.yahoo.co.jp/articles/b6e3e822079c1017e3d44bb69bd5e6f9804f6305,8/17(“y) 8:02
hokkoku,–kš V•·Ğ,”íĞ’nu—ß˜a‚Ì•Ä‘›“®v@‰‰‡Á”ï‚Å•i”–A‚“«@‚i‚`u•K—v‚È—Ê‚ğ”ƒ‚Á‚Äv,https://news.yahoo.co.jp/articles/fb9bcc61560857cdf21505f6acd5beda710e45b1,8/17(“y) 8:02
hokkoku,–kš V•·Ğ,ˆÀ•½u—ÍŒ©‚¹‚ç‚ê‚½v@ƒpƒŠŒÜ—Öƒnƒ“ƒh’jq@ƒƒX‚Ö‰¢B¨‘Å“|¾‚¤,https://news.yahoo.co.jp/articles/dbae741eafac25e563bfb243ba8fd7f12a19ed23,8/17(“y) 8:02
hokkoku,–kš V•·Ğ,u‚Ü‚é‚²‚Æ“Ş—Ç”v‚S–œl“Ë”j@Œ§—§”üpŠÙA‚Q‚T“ú‚Ü‚Å,https://news.yahoo.co.jp/articles/0042d6c53fd1c3a130753615e353efeaae76585e,8/17(“y) 8:02
hokkoku,–kš V•·Ğ,uŒÜ—Ö‚Ì‚Q‚Tü –²‚Ì‚æ‚¤v@—¤ã—q‚P–œƒ[ƒgƒ‹EŒÜ“‡‘Iè‚ª—ˆĞ,https://news.yahoo.co.jp/articles/242497ad099fe0f8f4715d3c639a6001ffd0624b,8/17(“y) 8:02
hokkoku,–kš V•·Ğ,—§ìu‚Ì–›‚³‚ñŒ©‚É—ˆ‚Ä@‚Q‚RA‚Q‚S“ú‚É“Æ‰‰‰ï@‚‰ªE•XŒ©‚Ì‚SƒJŠ,https://news.yahoo.co.jp/articles/b62b00e8876f03dcbe6d5592d754e86140adc519,8/17(“y) 8:02
hokkoku,–kš V•·Ğ,¬–î•”‚Å–ô“®¾‚¤@‘S’†ƒzƒbƒP[ŠJ–‹@’j—Še‚Q‚Sƒ`[ƒ€,https://news.yahoo.co.jp/articles/2c26ed1af87468c724f51057f6dc956b0355ee74,8/17(“y) 8:02
hokkoku,–kš V•·Ğ,ƒ‰ƒ“ƒhƒZƒ‹‚Å‰¶•Ô‚µ@ìFE”Ñ“c¬‚Ì¡t‘²‹Æ¶A‚R‚PŒÂ‚ğ“rã‘‚Ö,https://news.yahoo.co.jp/articles/4c2d93e6b2fe628f68cd761f092540dfa3234d60,8/17(“y) 8:02
hokkoku,–kš V•·Ğ,‰¼İ¤“XŠX‚ÅÄŒš‚Ìˆê•à@µ”öEˆê–{™’Ê‚è‚Å‚S“X•Ü@”íĞ’n‚Å‰‚ÌƒI[ƒvƒ“,https://news.yahoo.co.jp/articles/b5452fe33d9d96e1461d8325c6949b4cd9b27e21,8/17(“y) 8:02
hokkoku,–kš V•·Ğ,ƒT[ƒtƒ@[‚”g‹‚ß@•xREŠâ£•l,https://news.yahoo.co.jp/articles/8dbd89c91a104c1cd0abf7bb77c1367da750cf99,8/17(“y) 8:02
hokkoku,–kš V•·Ğ,‚‰ª‚Ì–£—ÍA–¯”‘‚Å’m‚Á‚Ä@•¡‡{İu–I‚Ì‘ƒv—ˆt‚©‚ç@©‘RAl‚ÆG‚ê‡‚¢‚ğ,https://news.yahoo.co.jp/articles/708f5300dbe7cd44115e4a5e344dba6335b63815,8/17(“y) 8:02
hokkoku,–kš V•·Ğ,ƒNƒXƒŠ‚ÌƒAƒIƒLŠ”å‘‰ï@Ğ’·‚ç‰ğ”CˆÄ”ÛŒˆA`ƒtƒ@ƒ“ƒh‚ª’ñˆÄ@•¨Œ¾‚¤Š”åA‘±‚­‘Î—§,https://news.yahoo.co.jp/articles/2f5e50de2e6b43456187aac226803715d4e7c0ee,8/17(“y) 8:02
hokkoku,–kš V•·Ğ,ŒÜ—Ö‘ã•\EŒÜ“‡uÎì‚É—Í‚à‚ç‚Á‚½v@–{Ğ‚Å‹A‘‚ ‚¢‚³‚Â,https://news.yahoo.co.jp/articles/8e438c01ddf65e75c03ca49f0c24eddb860372e9,8/16(‹à) 16:02
hokkoku,–kš V•·Ğ,‰¼İuˆê–{™ví˜A‚ÆÄ‰ïµ”öEƒvƒŒƒnƒu‚É‚S“X•ÜƒI[ƒvƒ“,https://news.yahoo.co.jp/articles/940da1c1039acce6b115c3339a5242cb760df2a5,8/16(‹à) 16:02
hokkoku,–kš V•·Ğ,‚P‚S`‚P‚UÎ‚Sl ŠQ‹^‚¢@‚Q‚O‘ã’j«‚ÉA‘å¹›‘ß•ß,https://news.yahoo.co.jp/articles/dacd85139629597be748cd6fbc8bc239eb042778,8/16(‹à) 8:02
hokkoku,–kš V•·Ğ,‚¨‚í‚çƒJƒŒƒ“ƒ_[Š®¬@”ª”öŠÏŒõ‹¦A’¬—¬‚µ‚â—Ö—x‚è‚ÌÊ^,https://news.yahoo.co.jp/articles/7d36807cb5faeaaba4f096b327ee9fba7b5904f7,8/16(‹à) 8:02
hokkoku,–kš V•·Ğ,‚VŒA”M’†Ç‚Å‚Sl€–S@Œ§“àA‰ß‹‚T”N‚ÅÅ‘½,https://news.yahoo.co.jp/articles/42db5edd2f0896f73fcb15ebd2b1c8791f1abe9b,8/16(‹à) 8:02
hokkoku,–kš V•·Ğ,ˆê–{™‚Å”\“o“‡‚Ì‹›@”\“o“‡îç–Ú‚Ì‘¾¶ƒG–å@–¯h’f”OA—¿—“X‚ÅÄ‹N,https://news.yahoo.co.jp/articles/ae091360aaa2c067574fe2c46aacf29dc7334598,8/16(‹à) 8:02
hokkoku,–kš V•·Ğ,ƒLƒŠƒR‚R‚O”N‚Ô‚è“oê@”\“o’¬•äA”íĞ‚Ì’nˆæ·‚èã‚°,https://news.yahoo.co.jp/articles/5be6a4600168080ec846468225999146d8789e04,8/16(‹à) 8:02
hokkoku,–kš V•·Ğ,–k—¤VŠ²ü@‚P‚U“ú‚É—Õ‚Q–{‰^s “ŒŠC“¹‚Ì‘ã‘Öƒ‹[ƒg,https://news.yahoo.co.jp/articles/fa03fbad31f11ac0a9254c30fc6954d1606e0dd3,8/16(‹à) 8:02
hokkoku,–kš V•·Ğ,u–œ“•‰ï‚Ì—¢v•œ‹»‚ÌŒõ@—Ö“‡E‹à‘ A‚ë‚¤‚»‚­‚Q‚Q‚O‚O–{,https://news.yahoo.co.jp/articles/3683e1658659cc9db88be763db33281ab8a92838,8/16(‹à) 8:02
hokkoku,–kš V•·Ğ,M‹´‘º‚ÅƒtƒFƒ“ƒVƒ“ƒO‚ª”M‚¢@–²‚ÍŒÜ—Ö‚Åu‹àv@ƒNƒ‰ƒu‚Éq‚Ç‚à‘±X,https://news.yahoo.co.jp/articles/25e05768ef704fe46007df240749df6a337e3e49,8/16(‹à) 8:02
hokkoku,–kš V•·Ğ,Á‚¦‚ä‚­‰®ŠO“W¦@ƒKƒ‰ƒX‚ÌŠXE•xRs@‚P‚SŠî“P‹A‰®“à‚É“]Š·,https://news.yahoo.co.jp/articles/9c68b7130a3406baee9856cc2d67f8f80fa7248e,8/16(‹à) 8:02
hokkoku,–kš V•·Ğ,‚¨–~‚Éu´—¬‚ÌŒb‚İv@“v”gE“¹‚Ì‰w¯ì‚ÅƒAƒ†‰–Ä‚«”Ì”„,https://news.yahoo.co.jp/articles/598c351f7151d4884ec31309a7cc213904322aab,8/16(‹à) 8:02
hokkoku,–kš V•·Ğ,q•xRV•·•¶‰»ƒZƒ“ƒ^[r–ƒƒvƒ…’J‚³‚ñŒê‚é@‚‰ª‰ïŠÙ‚Å‚R‚P“úu‰‰Aƒg[ƒNƒVƒ‡[,https://news.yahoo.co.jp/articles/9363ad24e33e8f38f1242b9540992914ae74e4b4,8/16(‹à) 8:02
hokkoku,–kš V•·Ğ,•XŒ©‚ÌH‚ğ•à‚¢‚Ä‘ÌŠ´@‚P‚OŒ‚Q‚V“úAƒLƒgƒLƒgƒEƒI[ƒN@‚Q‚O‰ñ‘å‰ïA•åWŠJn,https://news.yahoo.co.jp/articles/9c14e0e9b0c201408bd51d96fb1e337379620e08,8/16(‹à) 8:02
hokkoku,–kš V•·Ğ,•½˜a‚ÌŠè‚¢ Ÿ‘ã‚É@ÎìŒì‘_Ğ‚ÅŒ§’Ç“‰‹FŠèÕ@í–vÒ‚ç‚S–œ‚S‚X‚S‚U’Œ‚ğˆÔ—ì,https://news.yahoo.co.jp/articles/5006438501b27ed0c61ec0358d9985f32415a308,8/15(–Ø) 16:02
hokkoku,–kš V•·Ğ,¼–ìŠÄ“ÂuM‚¶‚ç‚ê‚È‚¢v@æ”­‚Xl‘SˆõAŒ§“à’†Šwog@‰õiŒ‚‚Ì¬¼‘å’J,https://news.yahoo.co.jp/articles/07caca5dafec7c16a524942d8bcd675359d449cf,8/15(–Ø) 8:01
hokkoku,–kš V•·Ğ,¬¼‘å’JA‘åã‹Ëˆü‚ğŒ‚”j@‰Ä‚Ìbq‰€A¼ì92‹…‚ÅŠ®••,https://news.yahoo.co.jp/articles/69e2962db18e9d28ecd2cadfb66e41704c5b50b4,8/15(–Ø) 8:01
hokkoku,–kš V•·Ğ,ƒŠƒXAR–ì‘‚Æo‡‚¢‚Ìê‚É@¬–î•”E÷’¬Î•€‚Ì‰ï‚ª®”õ@“ê•¶ƒ‰ƒ“ƒh‚É’TŒŸ‚Ì¬Œa,https://news.yahoo.co.jp/articles/fe2a805c61c125f3599400b829d7ad76b0bd015b,8/15(–Ø) 8:01
hokkoku,–kš V•·Ğ,—Î‚ ‚Ó‚ê‚é•Ÿƒ{İ‚É@Ë…s‚ÆƒWƒƒƒpƒ“ƒtƒ‰ƒ[A‚XŒƒvƒƒWƒFƒNƒgŠJn@‘}‚µ–Ø‚â‰Ô —˜—pÒ‚ªíA‚¦A…‚â‚è,https://news.yahoo.co.jp/articles/2e3dff683c54526944ad4f8a62cdef9d3703fab1,8/15(–Ø) 8:01
hokkoku,–kš V•·Ğ,“à“åŠCŠİA˜A“ú…“ï@q‚Ç‚à‚Ql—¬‚³‚ê–³–@•ƒ‚ÆƒT[ƒtƒ@[‚ª‹~•,https://news.yahoo.co.jp/articles/733afe2d724b57f4a8e430652de7e52291220d19,8/15(–Ø) 8:01
hokkoku,–kš V•·Ğ,•½˜a‹F‚éˆÔ—ì‚ÌŒõ@ÎìŒìš _Ğu‚İ‚½‚Ü‚Ü‚Â‚èv,https://news.yahoo.co.jp/articles/d88beb8645cbd0ad33c3ed2fa02bd6401b105e14,8/15(–Ø) 8:01
hokkoku,–kš V•·Ğ,•œ‹»Šè‚¢•æQ‚è@•XŒ©s‰c‘ºã•æ’n,https://news.yahoo.co.jp/articles/68bc2f9692441aa82851f7ffb57c82070a615a1b,8/15(–Ø) 8:01
hokkoku,–kš V•·Ğ,í–vÒ‚Ìˆâ‘‚ÉŒ©“ü‚é@•xREŒì‘_Ğuˆâ–FŠÙv@‚P‚T“úIí‚Ì“ú,https://news.yahoo.co.jp/articles/9c2cd7ce52d40e90d9baf5ab1b1540e5eff7a6cc,8/15(–Ø) 8:01
hokkoku,–kš V•·Ğ,íŠè›ì’†B‚ÅˆêŒÇ—§@‚S‚O‘ã’j«A‚SŠÔŒã‚ÉƒwƒŠ‹~•,https://news.yahoo.co.jp/articles/b1667603bff3c36fa0d63d651dcc1743b6741e48,8/15(–Ø) 8:01
hokkoku,–kš V•·Ğ,“ÁU‘à‚ÌŒZ‚ª¶‚«‚½Ø‚µ@”\“o“‡‚ÌŒj‚³‚ñA“ú‹L‚âˆâ‘“Ç‚İ•Ô‚·,https://news.yahoo.co.jp/articles/dabf000713180e957848001ddab3771ccb7bc895,8/15(–Ø) 8:01
hokkoku,–kš V•·Ğ,•œŠˆ‚Ì‹¿‚«‚æ“Í‚¯@ìFE‘¾ŒÛ‚Æ—x‚è‚Ì—[‚×,https://news.yahoo.co.jp/articles/e3e8b1e58e681dd017749e294e684303af1cfa3d,8/15(–Ø) 8:01
hokkoku,–kš V•·Ğ,’©“ú’¬ƒoƒXu‘–‚éI“W——‰ïv@™“¶‚Ì•——éAŠG‰æ‚ğ“W¦,https://news.yahoo.co.jp/articles/88e3d44e3fbcc41459d78ef9025e9347eaca6d41,8/15(–Ø) 8:01
hokkoku,–kš V•·Ğ,•œ‹ŒÄŠJŒã‚P–œl@•XŒ©EŒ§Í”|‹™‹ÆƒZƒ“ƒ^[@‹›‚ÆG‚ê‡‚¢l‹C@‰Ä‹x‚İ‚R‚O‚O`‚S‚O‚Ol“üŠÙ,https://news.yahoo.co.jp/articles/8655d7852fd18bc97eccc103b27912c127a69386,8/15(–Ø) 8:01
hokkoku,–kš V•·Ğ,u‚Ü‚½‘å‚«‚­Ú‚è‚½‚¢v@‚È‚Å‚µ‚±ŒÜ—Ö‘ã•\E–kì‘Iè—ˆĞ@‘N—ó‚e‚j‚Ì†–Ê‚ÉƒTƒCƒ“,https://news.yahoo.co.jp/articles/06960ec06d9a595fe53b2f061095f3b579c86c72,8/14(…) 8:02
hokkoku,–kš V•·Ğ,•xRV`‚É”¿‘Du‚İ‚ç‚¢‚Öv@ŠC‰¤ŠÛ‚Ì‘ÎŠİ‚ÉÚŠİ@‘åãEŠÖ¼–œ”ƒXƒyƒVƒƒƒ‹ƒTƒ|[ƒ^[,https://news.yahoo.co.jp/articles/286633e7d19eb296a32d70442d06fabd2f5769f8,8/14(…) 8:02
hokkoku,–kš V•·Ğ,L‚ª‚Á‚½»•lA•œ‹»‚Ì—x‚èè@ìFE”nãi‚Å»æß‚Ü‚Â‚è,https://news.yahoo.co.jp/articles/6c6380422da56d107e4d42ee2907c709660c2a3c,8/14(…) 8:02
hokkoku,–kš V•·Ğ,ŒºŠÖ‚âLêA”Ì”„ƒXƒy[ƒX‚É@Œ§—§‰¹Šy“°A‚XŒ‚©‚ç@”\“o‚Ì”íĞ–‹ÆÒ‚ÉA–³‘İ‚µo‚µ,https://news.yahoo.co.jp/articles/12e63ef822229d3ac013cbfb41c0a279e48ea296,8/14(…) 8:02
hokkoku,–kš V•·Ğ,ƒhƒ‰‚¦‚à‚ñƒ|ƒXƒg@‚‰ª‰w‰üD‚Öˆø‚Á‰z‚µ,https://news.yahoo.co.jp/articles/4122730a5591c0730523aa69adb3fe31c3973e74,8/14(…) 8:02
hokkoku,–kš V•·Ğ,ƒ`ƒ…[ƒŠƒbƒv‹…ª‚¢‚©‚ª@“v”gA‚QƒJŠ‚Å‚U‚O•ií”Ì”„,https://news.yahoo.co.jp/articles/aee49f1236ecf5ca77147e8bbcef02bc780efc81,8/14(…) 8:02
hokkoku,–kš V•·Ğ,‰¼İ•é‚ç‚µ‚ÉuŒe‚¢‚Ì”_‰€v@”\“o“‡‚Ì—LuAˆø‚«‚±‚à‚è–h~‚Ör‚ê’n®”õ,https://news.yahoo.co.jp/articles/f2d8a4e467b778295ead0423ed3e217894cdef38,8/14(…) 8:02
hokkoku,–kš V•·Ğ,uŠïÕ‚Ìƒqƒ‰ƒ}ƒTv—IX@‚Ì‚Æ‚¶‚Ü…‘°ŠÙ@…‘…‚Å—Bˆê¶‚«c‚è,https://news.yahoo.co.jp/articles/40c17497959aac9c3f8b23d8a276c9c17a9c9b8a,8/14(…) 8:02
hokkoku,–kš V•·Ğ,¬’†Šw¶u’©”TR‚É‘±‚¯v@ŠŠì‘Š–oƒNƒ‰ƒuAn“®‚©‚ç‚P”N@ã“cŠÄ“Âu‹£‹ZŒp‘±‚ÌŠÂ‹«‚ğv,https://news.yahoo.co.jp/articles/a46e6c4875f4a2800f05dc798013bfb72b767f20,8/14(…) 8:02
hokkoku,–kš V•·Ğ,ŠC“n‚é•xR‚ÌƒpƒbƒN‚²”Ñ@Œ§Ağ”N“x‚Ì—AoŠz‰ß‹Å‚@ƒE[ƒPA“ü‘P‚ÉVHê,https://news.yahoo.co.jp/articles/a74828db60c19f8bf635d37bdbdfcb04c67a6fd8,8/14(…) 5:01
hokkoku,–kš V•·Ğ,‹Œ–~“ü‚èAS‰¸‚â‚©‚È•æQ‰“‚­@‰œ”\“o‚Ì•æ’n,https://news.yahoo.co.jp/articles/446d9bb5ad1a7e6d4984d04b664bf6afd105eb0a,8/14(…) 5:01
hokkoku,–kš V•·Ğ,ƒqƒ}ƒ‰ƒ„‚©‚ç‘å¼—m‚Ö@‚‰ªogE’†R‚³‚ñAƒˆƒbƒgƒŒ[ƒX’§í@uƒn[ƒhƒ‹‚‚­‚â‚è‚ª‚¢v,https://news.yahoo.co.jp/articles/36c5445dbd014b79ab6aaa8e036b2414b07d3217,8/14(…) 5:01
hokkoku,–kš V•·Ğ,”M’†ÇAƒv[ƒ‹‚Å‚à’ˆÓ@ê–å‰Æu‘Ì‰·’²ß‚Å‚«‚¸v@¬–î•”‚Ì‚R¬AŠJ•ú’†~,https://news.yahoo.co.jp/articles/a02e721d24e1d5462bb53bb16e9d6d3608e5dd28,8/14(…) 5:01
hokkoku,–kš V•·Ğ,•œ‹»¾‚¢•æQ‚è@‹Œ–~“ü‚èA‰œ”\“o‚Å‘±X@ƒV[ƒg‚Å•¢‚í‚ê‚½‚Ü‚Ü‚Ì•æÎ‚É,https://news.yahoo.co.jp/articles/2654fac4f729093c7758ca5a4bf421b87116bc1e,8/13(‰Î) 16:02
hokkoku,–kš V•·Ğ,qƒpƒŠŒÜ—Ör•xRŒ§¨ƒƒ_ƒ‹‚ ‚Æˆê•à@’ú‚ß‚È‚¢p‚ÉŠ´“®,https://news.yahoo.co.jp/articles/91edee4d52e1a265796a1a91a0df03259a7299c2,8/13(‰Î) 8:02
hokkoku,–kš V•·Ğ,ÎìŒ§¨AÅŒã‚ÍÎŠç@–Ø“‡AŒÜ“‡A‘å”\‚ª•Â‰ï®–‹i,https://news.yahoo.co.jp/articles/0eb93d4c59ada2ad619a18e6aec97f104724b7b3,8/13(‰Î) 8:02
hokkoku,–kš V•·Ğ,ƒjƒ“ƒWƒ“¶Y‚É“]Š·@‚i‚`•ŸŒõAˆîì’†S‚©‚çuƒRƒ‚¶‚áH‚¦‚È‚¢v‚û‰v‚ğŠú‘Ò,https://news.yahoo.co.jp/articles/9ab40e9c8285f529f09e7b652fb81f3e5fe6f4dd,8/13(‰Î) 8:02
hokkoku,–kš V•·Ğ,”š·ƒXƒ^ƒ~ƒiƒƒjƒ…[“oê@“¹‚Ì‰wu–œ—t‚Ì—¢vA‚‰ªƒXƒC[ƒc‚à,https://news.yahoo.co.jp/articles/cfca60f5363378dde6476aa3e8393dd9597da3d2,8/13(‰Î) 8:02
hokkoku,–kš V•·Ğ,‚à‚¤‚Â‚é‚Â‚é‚¶‚á‚È‚¢@‚Æ‚â‚ÜŒ’Nƒp[ƒN‰®“àƒv[ƒ‹@°ŠŠ‚è‚É‚­‚­—˜—pÄŠJ,https://news.yahoo.co.jp/articles/782a6282e1d306107590fd37e7c9f20e69e8a309,8/13(‰Î) 8:02
hokkoku,–kš V•·Ğ,‚Ó‚é‚³‚Æ–‹iA‚tƒ^[ƒ“@•xR‰w¬G,https://news.yahoo.co.jp/articles/e2e11bea872aefb11770cbe7a6e1084588a28ad0,8/13(‰Î) 8:02
hokkoku,–kš V•·Ğ,•xR¤A”S‚è‹y‚Î‚¸@‰Ä‚Ìbq‰€A“ŒŠC‘å‘Š–Í‚É‚O\‚S,https://news.yahoo.co.jp/articles/e42ccdb7c8c445f20e26d29781fc310ff04ce900,8/13(‰Î) 8:02
hokkoku,–kš V•·Ğ,ƒqƒ}ƒƒŠ”¨B‚Á‚Ä‚İ‚Ä@•xRs”ª”ö‚ÉƒXƒ|ƒbƒgAŠÅ”Âİ’u,https://news.yahoo.co.jp/articles/160c4afc105af10e0d33d681b2df6fffe74cac35,8/13(‰Î) 8:02
hokkoku,–kš V•·Ğ,ƒ_ƒ‰[ƒY‚Q”N‚Ô‚è‚u@‘S“ú–{—q“î®–ì‹…@’†–{‚l‚u‚o,https://news.yahoo.co.jp/articles/4af9dc9fe289c788b813903b19d8ff4c6ca2049d,8/13(‰Î) 8:02
hokkoku,–kš V•·Ğ,Î‰Y_ĞA‘ä˜p‚É•ªĞ@‰Á‰ê‰®‚ÌˆêŠpA_‘O®‚É‘Î‰‚Ö@“ú–{•¶‰»“`‚¦Œğ—¬„i,https://news.yahoo.co.jp/articles/6b4f1fd09f2439a5e3f3e9374cb6ca4c527c8ba2,8/13(‰Î) 8:02
hokkoku,–kš V•·Ğ,ƒSƒ‹ƒtAq‚Ç‚à•‹­‰»@—Ñ–V‘å˜aEH‚Ì‰ü‘•,https://news.yahoo.co.jp/articles/5b06c59745c2642fc8044c94532caac5d26d6afb,8/13(‰Î) 8:02
hokkoku,–kš V•·Ğ,‹Œ–k—¤‰ïŠÙ‰ü‘•‚Ìƒzƒeƒ‹‚XŒŠJ‹Æ@Œ“˜Z‰€‰ºuƒAƒIv,https://news.yahoo.co.jp/articles/fd25c2dc9f62e07434aa865d9418476b1ab08d48,8/13(‰Î) 8:02
hokkoku,–kš V•·Ğ,°‚ê’…‚Åv‚¢o‚Ìˆê–‡B‰e@—Ö“‡u“ñ\Î‚ÌW‚¢v’†~‚Å,https://news.yahoo.co.jp/articles/61a719adb12ce91c3a71f7e0f8c3e637b5cefcaf,8/13(‰Î) 8:02
hokkoku,–kš V•·Ğ,uŒNƒ\ƒ€v¹’n‚Å“V‘ÌŠÏ‘ª@µ”ö‚‚È‚Ç‚Å¯‹óŠÏ–]‰ï@¶“k‚ª–]‰“‹¾‚ğĞ‰î,https://news.yahoo.co.jp/articles/2c9bebf922a485ef5db878bbfa0b83348f2123c3,8/13(‰Î) 8:02
hokkoku,–kš V•·Ğ,¬–î•”ìÊ‚é‘å—Ö@•xRV•·‰Ô‰Î•Ÿ‰ª’¬‘å‰ï,https://news.yahoo.co.jp/articles/86a7168714ead96127d01c78e0ab9249f3767fac,8/12(Œ) 8:02
hokkoku,–kš V•·Ğ,•§‹³”üpA‘åŠì—˜‚ÅŠy‚µ‚­@Î‚¢”Ñƒg[ƒNƒVƒ‡[@Œ§—§”üpŠÙ‚Ì‚Ü‚é‚²‚Æ“Ş—Ç”,https://news.yahoo.co.jp/articles/ed7e6c3254934c1ed76cfe1077ac16ab6085d980,8/12(Œ) 8:02
hokkoku,–kš V•·Ğ,”\“o‹ó`uˆùHŠXv‚É‚U–‹ÆÒo“X,https://news.yahoo.co.jp/articles/44a6de835c933cc3a767dbebdd0e92be6759957f,8/12(Œ) 8:02
hokkoku,–kš V•·Ğ,–{‹gs‹c‚ªo”nˆÓŒü@‰Hîs’·‘IA‘I‹“í‚ÌŒöZ,https://news.yahoo.co.jp/articles/36fab8fc3a644ed4e646785d155dbcf1dd8115a5,8/12(Œ) 8:02
hokkoku,–kš V•·Ğ,”\“o•œ‹»Šè‚¤–œ“”‰Ø@’¹‰zˆêŒüˆê„‚Ü‚Â‚è@–kš ‰Ô‰Î‚ª·‚èã‚°,https://news.yahoo.co.jp/articles/e210eb497f6564e9ff88828a97dad1bdd6c1e3c8,8/12(Œ) 8:02
hokkoku,–kš V•·Ğ,‚g‚h‚q‚n‚P‚O‚É‰ïê”M‹¶@ƒuƒŒƒCƒLƒ“‘å”\@Š´Ó‚Ì—Üul¶A–Ê”’‚¦v,https://news.yahoo.co.jp/articles/6d82126eda160407efdfdb0c676cc58283fd424b,8/12(Œ) 8:02
hokkoku,–kš V•·Ğ,‰pm˜Nu’´Šy‚µ‚©‚Á‚½v@ƒpƒŠŒÜ—ÖEƒEƒGƒCƒg‚P‚OˆÊu–ˆ”N‚â‚è‚½‚¢v,https://news.yahoo.co.jp/articles/22520fe1fca0662f8fa3ef39a184fea73102dbfd,8/12(Œ) 8:02
hokkoku,–kš V•·Ğ,•xR¤A‚P‚Q“ú‰í@‰Ä‚Ìbq‰€A“ŒŠC‘å‘Š–Í‚Æ,https://news.yahoo.co.jp/articles/f3a4ba19eddfd08414275c646fafe4612618d5c6,8/12(Œ) 8:02
hokkoku,–kš V•·Ğ,™“¶‚P‚R‚Ol‚ÆƒQ[ƒ€‚ÅŒğ—¬@ƒJƒ^[ƒŒ‘IèA•XŒ©‚Å•œ‹»x‰‡‚Ì‹³º,https://news.yahoo.co.jp/articles/2b49cc06d4f04e3b41379cb69af9507fc6cebcb7,8/12(Œ) 8:02
hokkoku,–kš V•·Ğ,uƒiƒCƒgƒY[v‚ÉŠ½º@‚¢‚µ‚©‚í“®•¨‰€‚ÅŠJn,https://news.yahoo.co.jp/articles/f7a911770ba137497ed36553c3dc0274f85bd0b1,8/12(Œ) 8:02
hokkoku,–kš V•·Ğ,•xR‰w‘O‚Åu•ò“•Õv@µ”öEÎè‚Ìq‚Ç‚à‘¾ŒÛ@—•‘‚Å–£—Í“`‚¦‚é,https://news.yahoo.co.jp/articles/073d9888d54ce072060ab534cddd3457e1f3e2b2,8/12(Œ) 8:02
hokkoku,–kš V•·Ğ,q‹à‘ò‚ä‚ßŠX“¹rƒtƒBƒi[ƒŒ—E‘s‚É@‚x‚n‚r‚`‚j‚n‚h•S–œÎ‰ïê@‚j‚h‚s‚`•‘li•ó’Bu…j‚ª‚Q”N˜A‘±‘åÜ,https://news.yahoo.co.jp/articles/6960b8f45cd97049a6596db32f6a0a3a6bf81956,8/12(Œ) 8:02
hokkoku,–kš V•·Ğ,…•Ó‚Ì‰ÄÕ‚è–‹i@‚‰ªE•Ÿ‰ªƒŠƒo[ƒTƒCƒhƒtƒFƒXƒ^@ƒRƒC‚Â‚©‚İ•ß‚è‚ÉŠ½º,https://news.yahoo.co.jp/articles/482c45087f1958c1cc2eb43cd404d560f2354e56,8/12(Œ) 8:02
hokkoku,–kš V•·Ğ,q‹à‘ò‚ä‚ßŠX“¹r’nk‚É•‰‚¯‚¸‰‰•‘@‚x‚n‚r‚`‚j‚n‚h‘—x‚è,https://news.yahoo.co.jp/articles/b1138928c734522b3a0212fee46a79cf9f941ef4,8/11(“ú) 8:02
hokkoku,–kš V•·Ğ,‹]µÒ’Ç“‰‚P‚P‚P”­u‚¢‚Ì‚¿‚Ì‹P‚«v@ìFEŒ©•tŠCŠİ‚Å—Lu‚ª‰Ô‰Î,https://news.yahoo.co.jp/articles/11365639afbde00a225fe3e62e9b6668b57f9b13,8/11(“ú) 8:02
hokkoku,–kš V•·Ğ,_•“Vc‘œ‚ÌC•œŠ®—¹@¬–î•”EéRŒö‰€A‚VƒJŒ‚Ô‚è@”\“o”¼“‡’nk‚Å‘«Œ³‚©‚ç“|‰ó,https://news.yahoo.co.jp/articles/e27fe883f3e64fa98f5fd5bf87c4fb742db51a3a,8/11(“ú) 8:02
hokkoku,–kš V•·Ğ,•œ‹»Šè‚¢—¬‚µ‚»‚¤‚ß‚ñ@¬–î•”‚Å‚P‚Q“úŠJÃ@‹`‰‡‹àW‚ßA—Ö“‡s‚É,https://news.yahoo.co.jp/articles/30a7425a26aa793d5740a46e488f18bbeefb59f1,8/11(“ú) 8:02
hokkoku,–kš V•·Ğ,•XŒ©‚Ì—ˆ–K‹q‚Ç‚±‚©‚ç@–¼é‘å¶‚ª”Ô‰®ŠX‚ÅÔ‚Ìƒiƒ“ƒo[’²¸@—U‹q‹­‰»‚ÖŒXŒü•ªÍ,https://news.yahoo.co.jp/articles/8f47cc8771b06bb2faf33a2ae7a85e55a5e4f881,8/11(“ú) 8:02
hokkoku,–kš V•·Ğ,ƒgƒŠƒbƒNÊ^‚ğeq‚ÅB‚ë‚¤@‚Q‚S“ú‚É‰Ä‹x‚İŠé‰æ@•xRV•·•¶‰»ƒZƒ“ƒ^[•XŒ©,https://news.yahoo.co.jp/articles/fc76c0be8895a4eae9f2d4363783fafbcdbc1e92,8/11(“ú) 8:02
hokkoku,–kš V•·Ğ,s’†S•”‚Å‰Aeq‚P‚T‚Ol@‚‰ªƒn[ƒgƒtƒFƒXƒ^@ƒJƒe[ƒeƒ‹‘ÌŒ±‚âu‰‰AS‘Ÿ•a—\–h‚ÉŠÖS,https://news.yahoo.co.jp/articles/98389a3468d6f056f07f0bac6dfd5c2b75a21a47,8/11(“ú) 8:02
hokkoku,–kš V•·Ğ,ÎìŒ§“àA‹AÈƒ‰ƒbƒVƒ…ƒs[ƒN@–k—¤VŠ²ü‚R‚Q–{–È,https://news.yahoo.co.jp/articles/a0452981c37d02fa86c2fd67fbd89db7f42eef6b,8/11(“ú) 8:02
hokkoku,–kš V•·Ğ,—§R‚ÉVŠ²üŒø‰Ê@ŠÖ¼‚©‚ç“oR‹q@‚P‚P“úAR‚Ì“ú,https://news.yahoo.co.jp/articles/d134b505654b92ce013074c8e4343e96c62087d2,8/11(“ú) 8:02
hokkoku,–kš V•·Ğ,“¬•a‚Ì—F‚Ö‰‰‡‚Ì‰‰‘t@•SX—–Øƒoƒ‰ƒbƒN‡‘t’c‚ª¼”C‚ÅƒRƒ“ƒT[ƒg,https://news.yahoo.co.jp/articles/8e67ac03dc3b6420d948924ca585233f34996e76,8/11(“ú) 8:02
hokkoku,–kš V•·Ğ,ˆ¤’m‚ÌáÒ‚ªç–‡“c‚ğC•œ@—Ö“‡‚ÅŠÏŒõ’†”íĞAŒÇ—§‚ª‰‚ÅZ–¯‚ÆŒğ—¬@d˜J“­u‚ ‚º’¼‚µv‚È‚Ç‚UŠÔ,https://news.yahoo.co.jp/articles/bd9fee956254ce72b12deccd36dfe6cede72ff00,8/11(“ú) 8:02
hokkoku,–kš V•·Ğ,”\“o‚ÌƒLƒŠƒRAŒ§“s‚Å—•‘@‹à‘ò‚ä‚ßŠX“¹‚ªŠJ–‹,https://news.yahoo.co.jp/articles/d84c81b473c1ab13d6e5face55405c7a023aae1a,8/11(“ú) 5:02
hokkoku,–kš V•·Ğ,•§‘œ‚Æo‰ï‚¢Š´’Q@‚Ü‚é‚²‚Æ“Ş—Ç”@ÎìŒ§—§”üpŠÙ,https://news.yahoo.co.jp/articles/6126360011e149a360eb02e2a98693e41e2c88be,8/10(“y) 16:02
hokkoku,–kš V•·Ğ,ƒqƒ}ƒƒŠ‚S–œ–{–ŠJ@‚‰ªE–Ø’Ã,https://news.yahoo.co.jp/articles/d362a2c2770974ba7c64f3b4cb017ee39c328afc,8/10(“y) 8:02
hokkoku,–kš V•·Ğ,ƒŠ[ƒO‚g‚ÅŒ‹‰Êc‚·@•xRƒhƒŠ[ƒ€ƒX@’‡Mˆäå«‚ªŒˆˆÓ,https://news.yahoo.co.jp/articles/1860859d1e529d79e0e54be4876169a3b136778c,8/10(“y) 8:02
hokkoku,–kš V•·Ğ,“ï•a‚Ì—F‚É‰¹F“Í‚¯@‹à‘ò‚Ì•SX—–Øƒoƒ‰ƒbƒN‡‘t’c@‚VÎ¼’J‚³‚ñ‚Ìèp”ï•å‚é,https://news.yahoo.co.jp/articles/445c3245ce1348243899364fadd1c1e105a5875b,8/10(“y) 8:02
hokkoku,–kš V•·Ğ,Îì‚ÌÅ’á’À‹à‚X‚W‚S‰~@R‹c‰ï“š\A‰ß‹Å‘å‚T‚P‰~‘,https://news.yahoo.co.jp/articles/67f6aa1e21d1b68c186de24af74bb89042f7b4d1,8/10(“y) 8:02
hokkoku,–kš V•·Ğ,Ä‰ï‚É‚Ù‚Á‚Æ@‹à‘ò‰w‚Å‹AÈ‹q@“ìŠCƒgƒ‰ƒtî•ñ‚©‚çˆê–é–¾‚¯,https://news.yahoo.co.jp/articles/0260b50167986104076a3de9928472380f10489a,8/10(“y) 8:02
hokkoku,–kš V•·Ğ,ƒKƒ“ƒvƒ‰‚É—ñ@—Ñ–V‘å˜a‚ÉŠúŠÔŒÀ’è“X,https://news.yahoo.co.jp/articles/8609976e07cafb20fd1fb95960be4f53f166df16,8/10(“y) 8:02
hokkoku,–kš V•·Ğ,‹à‘ò‚ä‚ßŠX“¹‚P‚O“úŠJ–‹@‚Ü‚¿‚È‚©ƒzƒR“V‚É@•œ‹»‹F”OƒGƒŠƒA‚à,https://news.yahoo.co.jp/articles/c181d09ac8d34f9c75fe86683c5172343443986e,8/10(“y) 8:02
hokkoku,–kš V•·Ğ,••”V‹’“_‚Éi—ß“ƒ@‚x‚j‚j ‚`‚ou‚R‚Oƒrƒ‹v@‚P‚OŒ‰^—pA–{Ğ‹@”\‚à,https://news.yahoo.co.jp/articles/ae0995030244c39e3a6dd72c5d1070e8059a5f08,8/10(“y) 8:02
hokkoku,–kš V•·Ğ,‚Ğ‚İ—¢R™‚Å”íĞZ‘îÄŒš@å‘ä‚©‚çˆÚZ‚Ìrˆä‚³‚ñ@Œ§“à‰A“ú–{ŒÃ—ˆu”Â‘q\–@v‚Å,https://news.yahoo.co.jp/articles/8cfbe32d866cc615fae4d365cf5092c3e7e1907a,8/10(“y) 8:02
