media_en,title_articles,link_articles,date_original
tsk,【火事】浜田市三隅町で住宅の離れなど２棟全焼　母屋と山林も焼く,https://news.yahoo.co.jp/articles/6a0abc34a84c9f5952a2b03fd1180c7fa8522d04,8/19(土) 20:59
tsk,【台風７号】被災地を谷防災担当相が視察　県は早期復旧へ支援要請（鳥取市・八頭町）,https://news.yahoo.co.jp/articles/9200be021f105c28c4ebe0229d10e0d8e082b39a,8/19(土) 18:34
tsk,今年で５０回目「米子がいな祭」万灯・太鼓・ダンスの共演で開幕（鳥取・米子市）,https://news.yahoo.co.jp/articles/c59c2fd0d634b6212c34f88406b4e3143ca179c2,8/19(土) 18:22
tsk,「１チーム４人」のサッカー大会　発起人・本田圭佑さんが会場で子どもたちにエール（島根・益田市）,https://news.yahoo.co.jp/articles/ee1972b5df193adf174750e6a238d9e74f356310,8/19(土) 18:16
tsk,１９日は午前中から気温上昇　島根・鳥取両県に「熱中症警戒アラート」,https://news.yahoo.co.jp/articles/e7e1f1c451268b888176d5f40d4cdb856f6c8517,8/19(土) 12:11
tsk,【台風７号】鳥取県内の「孤立集落」１８日夜に全て解消（鳥取市・八頭町）,https://news.yahoo.co.jp/articles/be02008dd740d6be9a63c3794a379aa25911d66d,8/19(土) 12:10
tsk,ゲリラ豪雨襲来　松江では時間雨量２５ミリの強い雨　１９日明け方まで警報級の大雨の恐れ（島根・鳥取）,https://news.yahoo.co.jp/articles/2f964305f0d505c7afda810c42549068b086d91e,8/18(金) 19:13
tsk,地元食材にも学校給食にも興味を持って欲しい　プロが教える夏休みの子ども料理教室（鳥取・米子市）,https://news.yahoo.co.jp/articles/bd40fbbabe79ab4822e3c8f7575181e53cb3e21c,8/18(金) 19:09
tsk,逮捕などにより労働実態のない議員には議員報酬の支給停止へ　条例改正を目指す（鳥取）,https://news.yahoo.co.jp/articles/097f49831127e96cff192b9e50a269851ab975e5,8/18(金) 19:06
tsk,県畜産技術センターで搾乳された「生乳」に洗浄水が混入　出荷した約４０トンを自主回収（島根）,https://news.yahoo.co.jp/articles/861c3df5dc82fe98b099ac5e39f7c3896299eb6a,8/18(金) 19:04
tsk,【台風７号】佐治川ダム「緊急放流」緊迫…「開かずの門」開放決断の裏側（鳥取市）,https://news.yahoo.co.jp/articles/1c42e58538573b7c50da78bb05e8afdb4c2b2031,8/18(金) 19:02
tsk,【台風７号】夏を彩る祭りにも影響　鳥取しゃんしゃん祭「市民納涼花火大会」中止に（鳥取市）,https://news.yahoo.co.jp/articles/6f60527a805e35aabb4efd768bb362d9ce6d5b8b,8/18(金) 18:59
tsk,【台風７号】被災者の生活再建へスピード感を持って対応　鳥取県と鳥取市が復旧に向けた補正予算編成へ,https://news.yahoo.co.jp/articles/7598058f8da391ff3d3999622d6fa71acddeb931,8/18(金) 18:56
tsk,【台風７号】農林水産関連被害額２８億円以上に　出荷目前二十世紀梨にも打撃（鳥取・湯梨浜町　鳥取市）,https://news.yahoo.co.jp/articles/929b65d9ab280064b3eaf6142b42dfe304d9ef63,8/18(金) 18:54
tsk,【台風７号】１８日中にすべての「孤立集落」解消へ　取り残された住民の生活に希望（鳥取市）,https://news.yahoo.co.jp/articles/d2a73f1ca8ea3fe6470c7bfb7502bace4ab16406,8/18(金) 18:50
tsk,【台風７号】依然として１２９人が孤立状態　農林水産関連被害は２８億円にのぼる見通し（鳥取）,https://news.yahoo.co.jp/articles/f5beb015d4b5ae7e6489f857ba0fdf7a3ff858e3,8/18(金) 12:06
tsk,市長も”直撃”　夏休みの子どもたちが市役所を見学　市の仕事について学ぶ（島根・益田市）,https://news.yahoo.co.jp/articles/e4f183497abdc45e633d1781721805c91ffbbca1,8/18(金) 12:03
tsk,【台風７号】多くの旅館は通常営業中「三朝温泉」風評被害を懸念【中継】,https://news.yahoo.co.jp/articles/bdadcea3c154b9ff75b9f4523e25a7e0b6f7957b,8/17(木) 20:03
tsk,【台風７号】三朝温泉のシンボル「河原風呂」復旧のめど立たず「風評」払拭を県に要請（鳥取・三朝町）,https://news.yahoo.co.jp/articles/b8bc474bf25bd8bc6dbeb8ff293e52fd414fbf51,8/17(木) 19:41
tsk,【台風７号】被災した道路の復旧作業続く　孤立集落の解消も進む（鳥取市）,https://news.yahoo.co.jp/articles/3dec934a4e985da14b5d8a13bf45bd19d491ba06,8/17(木) 19:28
tsk,【台風７号】大量の流木が港に漂着　漁業への影響も懸念（鳥取市）,https://news.yahoo.co.jp/articles/c2dcaedc8c96f80816465171cbad8581f4d5cdd2,8/17(木) 19:08
tsk,島根・鳥取両県知事「大規模災害」県境超え協力を「８の字ルート」も連携して推進へ,https://news.yahoo.co.jp/articles/6e3cfb8e8517e0425f4fbc5fceb40ae87f1c126b,8/17(木) 19:00
tsk,「オリンピック金メダルを」レスリング・小野こなみ選手が「凱旋」インターハイ優勝を報告（島根・松江市）,https://news.yahoo.co.jp/articles/c51f304a9394715443ddaded464158cca04249f2,8/17(木) 18:48
tsk,３０年ぶりに開封「タイムカプセル」カセットテープから「思い出」よみがえる（島根・松江市）,https://news.yahoo.co.jp/articles/f9602b98a66709231d008e945e21599fc9371c0a,8/17(木) 18:47
tsk,６２年ぶりに復活！伝統の大綱引き「じんしょ」手探りで準備　奮闘する裏方に密着（鳥取・倉吉市）,https://news.yahoo.co.jp/articles/7504831666c6be73490f802351971d1717ba3b78,8/17(木) 18:47
tsk,【続報】鳥取市用瀬町で行方不明の女性　警察が捜索への協力呼びかけ　１５日から連絡取れず,https://news.yahoo.co.jp/articles/a5f83a181ef63c2eef9f452ef2f873acebb55bc6,8/17(木) 16:32
tsk,女性の胸をさわるなどわいせつ行為の疑い　５０歳の団体役員の男を逮捕（島根）,https://news.yahoo.co.jp/articles/5a1cddb959a9fa21bd31d343b6e9eabdc340a995,8/17(木) 15:13
tsk,【台風７号】鳥取県内のＪＲ３日ぶりに始発から通常運転　足止めのＵターン客で混雑（鳥取市）,https://news.yahoo.co.jp/articles/af0861e41a101f06f9ae9043f637a688ff75e557,8/17(木) 12:19
tsk,【続報】６０代女性が行方不明　土砂崩れ現場近くの県道で車見つかる（鳥取市）,https://news.yahoo.co.jp/articles/4f7b5021cfe47d7ad143731c0a0659cbf6711ffd,8/17(木) 12:18
tsk,【速報】鳥取市用瀬町で女性不明　土砂崩れ現場近くに車残る,https://news.yahoo.co.jp/articles/bb0e3fd9bf4f15893ce4c4f034172380b621861a,8/17(木) 10:38
tsk,【台風７号】温泉のシンボル「河原風呂」も濁流に　旅館では露天風呂に被害（鳥取・三朝町）,https://news.yahoo.co.jp/articles/041908d77eecb0becea53878bae10794ad0c44e6,8/16(水) 19:45
tsk,「また来ておくれやす」京都の伝統文化を披露　出雲市出身の「舞妓さん」が凱旋公演（島根・出雲市）,https://news.yahoo.co.jp/articles/8ad267ae8f23b4e611311763edaa1ba94baf47a7,8/16(水) 19:36
tsk,人気漫画「シャーマンキング」の舞台「出雲」を聖地巡礼 コスプレイヤーも続々参戦（島根・出雲市）,https://news.yahoo.co.jp/articles/f7986ecc6b5476fdeb271a403ff1e8edbb93e404,8/16(水) 19:35
tsk,【台風７号】交通への影響続く　ＪＲは１６日も終日運休　高速バス・空の便は「全便満席」（鳥取市）,https://news.yahoo.co.jp/articles/87ab5900a4f442509a1f2697616b6b6ecce7c73b,8/16(水) 19:32
tsk,【台風７号】水道管が橋と一緒に崩落…断水続く鳥取市佐治町から中継,https://news.yahoo.co.jp/articles/b23fbb018e086eca19b0b1512d4cb35e13e56273,8/16(水) 19:31
tsk,【台風７号】一夜明け「爪痕」徐々に明らかに　断水の孤立集落に給水ポイント設置（鳥取市、八頭町）,https://news.yahoo.co.jp/articles/d5255bc52597fd6512b42217495da66e96fbdbde,8/16(水) 19:28
tsk,【続報】道路寸断で集落孤立　心肺停止の高齢女性が死亡　救急搬送完了に約３時間（鳥取市）,https://news.yahoo.co.jp/articles/bf87f68c3fd6a85035567e9b0dca973faa6a8d03,8/16(水) 17:01
tsk,【交通情報】１６日夜特急「やくも」臨時列車を運転【台風７号】,https://news.yahoo.co.jp/articles/73456cb876bbb6ceda888d9f4f7e126c0dce8118,8/16(水) 13:58
tsk,【台風７号】一夜明け「爪痕」徐々に明らかに（鳥取市・八頭町）,https://news.yahoo.co.jp/articles/2398b2fd5bf6e6ab87319884381ab85a17aa0b11,8/16(水) 12:24
tsk,【台風７号】鳥取県内の交通機関に影響残る　運行再開した「高速バス」は満席に（鳥取市）,https://news.yahoo.co.jp/articles/f448ba3947ce24be0eb524e5e786eabee08127af,8/16(水) 12:24
tsk,【速報】孤立集落で心肺停止　８０代女性が搬送後に死亡「台風７号」の大雨で道路寸断（鳥取市）,https://news.yahoo.co.jp/articles/1f64e58733e3e39adcfba2de8c4ef413dcd5c67c,8/16(水) 9:39
tsk,細田衆院議長を不起訴処分　衆院選での「ポスター貼り」に報酬支払い告発,https://news.yahoo.co.jp/articles/09034a60fb822dcaa33dc66d6a90a324c021f14c,8/15(火) 20:41
tsk,戦争の痕跡を”写し取る”「フロッタージュ」で戦争遺構を描いた作品展（島根・出雲市）,https://news.yahoo.co.jp/articles/504018cbcac7284c98bc9c7d2158be682aaabe5b,8/15(火) 20:34
tsk,戦争の記憶を風化させない　７８回目の「終戦の日」平和への誓いを新たに　終戦記念祭（島根・松江市）,https://news.yahoo.co.jp/articles/3dd01e3037ff27fc91481360b34e46a2e0e03aa7,8/15(火) 20:27
tsk,【台風７号】山陰地方の広い範囲が強風域に　１５日夜遅くにかけても大雨の恐れ（鳥取・島根）,https://news.yahoo.co.jp/articles/62189002da526345e126745d3d54dd09e44b9552,8/15(火) 20:23
tsk,【台風７号】山陰地方に最接近　線状降水帯も発生　Uターンラッシュ直撃（鳥取市）,https://news.yahoo.co.jp/articles/cf15ce6e9d2ea2735c24b1dc0f2f5546310ab00d,8/15(火) 20:18
tsk,【台風７号】鳥取県に大雨特別警報　八頭町と鳥取市全域に「レベル５」の緊急安全確保　私都川が氾濫,https://news.yahoo.co.jp/articles/f0c3b3f350f5adf52f299424a576c0b28808eedb,8/15(火) 20:03
tsk,【速報】鳥取県琴浦町に「緊急安全確保」ただちに身の安全確保を（鳥取）,https://news.yahoo.co.jp/articles/5f5407c0a16f71d14fef582028c72886684b9511,8/15(火) 19:42
tsk,【速報】鳥取市佐治町で橋の一部が崩落　台風７号の影響で増水,https://news.yahoo.co.jp/articles/a96ebcc57b90bb616c197033131c3ae9d6bf6120,8/15(火) 19:17
tsk,【速報】佐治町に「緊急安全確保」ただちに安全の確保を（鳥取）,https://news.yahoo.co.jp/articles/d4f60b58a018cd2b574f2d9cafe2de7422712b9c,8/15(火) 16:51
tsk,【速報】鳥取市北部と南部に「大雨特別警報」発表　重大な災害が発生する恐れ　身の安全の確保を（鳥取）,https://news.yahoo.co.jp/articles/471af5351ce647dd873c2337692707b2fd902f2c,8/15(火) 16:46
tsk,【速報】八頭町に「緊急安全確保」ただちに安全の確保を（鳥取）,https://news.yahoo.co.jp/articles/cbbfc1e0f093d4f6ac536ed968ecfdbb48b945ed,8/15(火) 16:24
tsk,４年ぶりの活気　市街地に「鈴の音」が鳴り響く　鳥取しゃんしゃん祭一斉傘踊り（鳥取市）,https://news.yahoo.co.jp/articles/e88447de2c0b12ea1e720c29a4260ec0a6c43b31,8/15(火) 12:18
tsk,【台風７号】１５日夕方から山陰地方に最接近　土砂災害・浸水などに警戒（鳥取・島根）,https://news.yahoo.co.jp/articles/f402a5bf810532ba02fb9560ab21cd13e46e5f1c,8/15(火) 12:11
tsk,【速報】鳥取県に線状降水帯が発生　顕著な大雨に関する情報を発表　気象庁,https://news.yahoo.co.jp/articles/ed4212cfaeca252b8b914d6eb1a837e86bf32edc,8/15(火) 8:09
tsk,【中継】４年ぶり街なかに鈴の音響く「鳥取しゃんしゃん祭」一斉傘踊りを【リアタイ！】（鳥取市）,https://news.yahoo.co.jp/articles/9689a5e5c5b481e92a06f34c0a30ef5fc8841dca,8/14(月) 20:11
tsk,講師は小さな「起業家」テオ・ヤンセンの「風の力で動く生命体」づくりに挑戦（島根・松江市）,https://news.yahoo.co.jp/articles/47d29e7e340853f26d693c025001f55241feb227,8/14(月) 19:38
tsk,サーカスの”華”「空中ブランコ」に挑戦「阿吽の呼吸」スゴ技を体験（島根・松江市）,https://news.yahoo.co.jp/articles/9fd8d5d54a00d5263bb6bac1e94dff1cff38434d,8/14(月) 19:36
tsk,お盆に開催”夏の成人式”「二十歳の集い」でふるさとの旧友と再会喜ぶ（島根・雲南市）,https://news.yahoo.co.jp/articles/11a1fae5685438ee85c161349e9cc1d772c23bd1,8/14(月) 19:28
tsk,山陰で今年２例目の死亡も　蒸し暑い１日「熱中症」に厳重警戒を（鳥取・島根）,https://news.yahoo.co.jp/articles/cf99f8e5fe5a27d1e26c3b2d0b4dd2110dd22935,8/14(月) 19:25
tsk,【台風７号】収穫目前の梨農家は収穫作業前倒し　観光地には痛手（鳥取・大山町、島根・出雲市）,https://news.yahoo.co.jp/articles/bf2da1f57a46c3cca0413b697cc93f6ced055b6f,8/14(月) 19:19
tsk,【台風７号】山陰地方に最接近は１５日午後か　鳥取県東・中部は暴風域に入るおそれ（鳥取・島根）,https://news.yahoo.co.jp/articles/08c8a8cbcb64b862df481e248ed5c7e51bc4b4e6,8/14(月) 19:13
tsk,【台風７号】お盆を直撃　１５日は陸路も空路も「運休・欠航」でＵターン前倒し（鳥取・島根）,https://news.yahoo.co.jp/articles/efba0f4d542524ecacfefafc83addc52cd3b3003,8/14(月) 19:11
tsk,日本画の新作、秀作が約１４０点「春の院展」足立美術館で開幕（島根・安来市）,https://news.yahoo.co.jp/articles/aa50a603950f9a9ab8f93c15865c4c7fed5e4b0e,8/14(月) 12:03
tsk,熱中症の疑いで高齢女性が死亡　今シーズン両県で２人目　高い湿度にも注意（鳥取・倉吉市）,https://news.yahoo.co.jp/articles/7a4fd60ca9ae7405d4da8a5e7487642a7545314f,8/14(月) 12:01
tsk,【台風７号】松江・出雲―大阪間の高速バス　１５日は始発から全便運休,https://news.yahoo.co.jp/articles/130ef7c34a00e08a350c78cbea25dbd416f3385c,8/14(月) 8:27
tsk,【台風７号】ＪＲ西日本　１５日は山陰エリアでも計画運休　鳥取―関西・山陽間の特急は終日運休,https://news.yahoo.co.jp/articles/b75dec144b882b4dc4b02c47c710cafb29924f93,8/13(日) 22:52
tsk,「全国学力テスト」島根・小学生は全教科で全国平均を下回る,https://news.yahoo.co.jp/articles/c52f07d72fc2d28244a9549b1573e79318340641,8/13(日) 18:19
tsk,全国各地の「半島」グルメを「ＪＡＬふるさと応援隊」が厳選　期間限定ショップがオープン（島根・松江市）,https://news.yahoo.co.jp/articles/66b545b56b6247a664dad359e6e886956d5a2a4d,8/13(日) 18:17
tsk,「お盆の入り」早くもＵターン始まる「台風７号」の影響でピークは１４日に前倒しか（島根・鳥取）,https://news.yahoo.co.jp/articles/d7ef5b681c875ccb1f32150bf79e9df4b325c1bf,8/13(日) 18:17
tsk,「動物虐待は犯罪」インターンの高校生も参加　動物虐待防止を呼びかける広報活動（島根・大田市）,https://news.yahoo.co.jp/articles/0e1997cf06da6e2621d8290cbcbeaa2b36c3b97d,8/13(日) 14:10
tsk,「ヤマタノオロチ」を見たい！園児の希望かなう　保育園で「石見神楽」を上演（鳥取・境港市）,https://news.yahoo.co.jp/articles/685ee88b7f43fcda4c574e6a25dedde973da9b81,8/12(土) 18:26
tsk,家族連れでにぎわう「ポップサーカス」松江公演　来場者３万人を達成（島根・松江市）,https://news.yahoo.co.jp/articles/9b56696f2bbd1af854add3c317b8964cedb01255,8/12(土) 18:25
tsk,トラック整備工場から出火　大型トラック１台を全焼　けが人なし（鳥取・米子市）,https://news.yahoo.co.jp/articles/b8c47e011ebb9f93efc0c95a8f7ffd3217a4dbcc,8/12(土) 12:06
tsk,鳥取の夏を彩る「しゃんしゃん祭」４年ぶり「街なか」での一斉傘踊りへ踊り子も白熱（鳥取市）,https://news.yahoo.co.jp/articles/d4b32d359ed44ad61a278fde357d38de1adb3c24,8/11(金) 19:24
tsk,５日間限定「石見ー大阪便」運航始まる　開港以来の累計搭乗者７０万人を達成（島根・益田市）,https://news.yahoo.co.jp/articles/c6c9d71a92dbacc83b4566564a36a8f44cf76725,8/11(金) 19:23
tsk,中国地方初「おむつを郵送するサービス」飯南町と日本郵便がコラボ「子育て世帯」応援（島根・飯南町）,https://news.yahoo.co.jp/articles/f85296bcbaca971ce04e75a9f817281b33850aa1,8/11(金) 19:06
tsk,カーブを曲がり切れずガードレールに衝突…バイク運転の男性が死亡（島根・安来市）,https://news.yahoo.co.jp/articles/cf2785827cb57ce5c662142b0a338a1cba543197,8/11(金) 19:04
tsk,鳥取市で３７．８度「猛暑日」に「山の日」だけど「海水浴場」もにぎわう（鳥取・岩美町）,https://news.yahoo.co.jp/articles/a898a336a40b65017c9b834c7d4e79b81cb24663,8/11(金) 19:03
tsk,「山の日」大山は登山客で大賑わい　大自然を満喫！奥大山では野外フェスも（鳥取・大山町、江府町）,https://news.yahoo.co.jp/articles/4cc5bdfd9536ba196738c1b04d2b4bc9afdd5515,8/11(金) 18:59
tsk,お盆はほぼ満室なのに…玉造温泉街「台風７号」の動きに気をもむ（島根・松江市）,https://news.yahoo.co.jp/articles/b8de500ad732bf29d442571929fd9eda65fb3a06,8/11(金) 18:58
tsk,家族の再会喜ぶ光景も　お盆の「帰省ラッシュ」ピーク　空港も駅も混雑（島根・鳥取）,https://news.yahoo.co.jp/articles/4a14160aee4ab40597e6de6f79537169214a079b,8/11(金) 18:57
tsk,【続報】住宅密集地での大規模火災　計１３棟に被害９４４平方メートルを焼損（鳥取・江府町）,https://news.yahoo.co.jp/articles/543bccaa46bc7aff9899cb716f76fd7b1edde4f1,8/11(金) 18:55
tsk,空き家が全焼　焼け跡から男性１人の遺体　所有者の男性と連絡取れず（鳥取・三朝町）,https://news.yahoo.co.jp/articles/d76c952214ead8fe6a719276dec5ca92e225e225,8/11(金) 18:52
tsk,ウサギにポニー！愛くるしい動物に癒される「山の日」の“愛宕山”公園にぎわう（島根・出雲市）,https://news.yahoo.co.jp/articles/05a12a33b3bf819e4d70ee3efa48b8ec1487a581,8/11(金) 18:52
tsk,夏休みの親子が挑戦！子どもたちが植物標本づくりに挑戦　（島根・松江市）,https://news.yahoo.co.jp/articles/8b34877ac7b53b3867db6fdc154c4d8d618fb676,8/11(金) 12:10
tsk,山陰各地で「超熱帯夜」続く　観測史上最も高い最低気温のところも（島根・鳥取）,https://news.yahoo.co.jp/articles/efa811e089fbf15975ef1d9a390a9ff606fe52df,8/11(金) 12:09
tsk,特急列車に男性が接触し死亡　列車の乗客・乗員にけがなし（鳥取市）,https://news.yahoo.co.jp/articles/50494465a8ce37301cefb259f6910bca1d4aa404,8/11(金) 12:08
tsk,顔面を足で踏みつけバットでわき腹を殴る　同居する１０代男性に暴行加えた疑いで４０代の男を逮捕（鳥取）,https://news.yahoo.co.jp/articles/f6a3c1ebdc450b6b360a98182576e410ed278b0a,8/11(金) 12:02
tsk,松江とアイルランドの絆を世界にＰＲ　前人未到の「世界記録」に挑戦（島根・松江市）,https://news.yahoo.co.jp/articles/21138d0f392841c036b6096eb3ba8a894fdaabf5,8/10(木) 19:23
tsk,島根県立美術館「テオ・ヤンセン展」来場者２万人記念しセレモニー（松江市）,https://news.yahoo.co.jp/articles/37a4b2a2a24ce0b68c24d9ab42322ffda79cf02e,8/10(木) 19:06
tsk,こども園で「うさぎダンス」を出張指導　鳥取県「兎の聖地」をＰＲ（鳥取市）,https://news.yahoo.co.jp/articles/466af4edb2fef317aa6c17a622c3b4eac17817dc,8/10(木) 19:05
tsk,二十世紀梨に先駆け店頭に　鳥取特産の梨「なつひめ」「新甘泉」の査定会（鳥取・北栄町）,https://news.yahoo.co.jp/articles/c0069262f411b3d8ceeb88e65389788f09f6fcc3,8/10(木) 18:53
tsk,【続報】軽トラックが中央分離帯に衝突し高齢男性死亡　死因は「病死」運転中に発症（鳥取市）,https://news.yahoo.co.jp/articles/b7ae3bb6001b85bf2077903dc5dc6a0bcd74ae89,8/10(木) 18:49
tsk,昼は「猛暑日」夜は「超熱帯夜」台風でフェーン現象発生「史上最高の最低気温」各地で更新（島根・鳥取）,https://news.yahoo.co.jp/articles/a22236f23ff1f355148708e3c5e915029c465fe3,8/10(木) 18:48
tsk,特殊詐欺被害「３倍増」で危機的状況「お盆の帰省」家族で注意呼びかけて（鳥取・島根）,https://news.yahoo.co.jp/articles/6234ac4cc427f3fd8721056a490de11b2f5fcd30,8/10(木) 18:42
tsk,台風接近のなか「帰省ラッシュ」始まる　山陰両県の交通機関にも影響（島根・鳥取）,https://news.yahoo.co.jp/articles/1e124d4427c583dbdd8e014116da1251f0a01f0b,8/10(木) 18:35
tsk,強風の影響で室内温水プールの窓ガラス割れる　男の子が軽いけが（鳥取・倉吉市）,https://news.yahoo.co.jp/articles/c3d53e62b30c86b771256b164737cbfbb2f3864c,8/10(木) 17:15
tsk,高速道路で５３キロオーバー　スピード違反で略式命令の高校教諭を処分（鳥取市）,https://news.yahoo.co.jp/articles/db5b1ff761e9cb2a199bf5da146799dab279d830,8/10(木) 12:26
tsk,軽トラックが中央分離帯に衝突　運転の高齢男性死亡（鳥取市）,https://news.yahoo.co.jp/articles/2a0f90b7af081565b7604d391af4d040a13edeb7,8/10(木) 12:24
tsk,住宅密集地で火事　住宅１棟を全焼（島根・益田市）,https://news.yahoo.co.jp/articles/41b39c00901b5abf473007c1b4be37cb3c344288,8/10(木) 12:21
tsk,「私はあえてバトンを渡すべき」鳥取・平井知事が「全国知事会長」退任する意向（鳥取市）,https://news.yahoo.co.jp/articles/a38dd2bf73834df628c9dc90cb27956d056a5836,8/9(水) 19:36
tsk,８月８日は「屋根の日」瓦ぶき職人が瓦屋根をボランティアで点検（島根・松江市）,https://news.yahoo.co.jp/articles/22a8791b530671ec1bf8ca034ac6e22725af3f33,8/9(水) 19:06
tsk,東京の有名フルーツ専門店とコラボ　鳥取特産・二十世紀梨を使った新しいスイーツ開発へ（鳥取・倉吉市）,https://news.yahoo.co.jp/articles/97cd15a0755035c706d25aae413ba93ca0345f1e,8/9(水) 19:03
tsk,【新型コロナ】「自主検査」や「急患診療の体制拡充」など対応強化　お盆期間中の感染拡大を警戒（鳥取）,https://news.yahoo.co.jp/articles/23f103e3f436487f9adf064c0f32160645d25668,8/9(水) 18:58
tsk,ガソリン価格高騰「やさしい運転」で対抗　帰省ラッシュ前に節約ドライブ（島根・鳥取）,https://news.yahoo.co.jp/articles/3ea4b2cd803ff38b191abb584ff543008af021ef,8/9(水) 18:56
tsk,「台風６号」山陰にも影響　各地で危険な猛暑　島根県西部では今後大雨に警戒（鳥取・島根）,https://news.yahoo.co.jp/articles/7dc5ab9aa3516909a7b2e169a5fd9f9ba5a31f8e,8/9(水) 18:55
tsk,鳥取県西部で火事相次ぐ　江府町で住宅など１２棟　大山町でホテルの従業員宿舎焼く（鳥取）,https://news.yahoo.co.jp/articles/0fbbc9d7abafab9797651e7a803bb9f613b82f41,8/9(水) 18:51
tsk,鳥取県が「手足口病」警報を発表　県内全域で感染拡大のおそれ,https://news.yahoo.co.jp/articles/4f4bb8556fb2b63fe84a0a910bba9fb0f7fafafd,8/9(水) 16:59
tsk,島根原発１号機　廃炉作業完了は当初計画２０４５年度から「４年遅れ」の見通しに（島根・松江市）,https://news.yahoo.co.jp/articles/78ff7f69c08ac7b04884021f769a9802cd8d2435,8/9(水) 12:18
tsk,【続報】約７時間後に鎮火…住宅・店舗など１２棟焼く　知事が現場を視察（鳥取・江府町）,https://news.yahoo.co.jp/articles/4142f66f4af53056d2723076c8e3ec222e2ec253,8/9(水) 12:17
tsk,【速報】煙がもうもうと　ホテルの従業員宿舎から出火（鳥取・大山町）,https://news.yahoo.co.jp/articles/9517123fc38475a376e034738c02874be7ca7aa2,8/9(水) 12:06
tsk,台風６号接近　JR山陰エリアで１０日も計画運休　新たに倉吉―米子間も,https://news.yahoo.co.jp/articles/d038aca309ee112aa861f4961bd9d7a34a6c2c9a,8/9(水) 12:04
tsk,住宅や店舗など少なくとも５棟が焼ける火事　強風にあおられ延焼か　けが人なし（鳥取・江府町）,https://news.yahoo.co.jp/articles/5bd0569527413a13007d56f1d810dc86c07ffe49,8/8(火) 19:16
tsk,「脱炭素」で松江らしいエコな観光へ「堀川遊覧船」電動化の実証実験スタート（島根・松江市）,https://news.yahoo.co.jp/articles/9543a03373cafa0873acd874dac435464ad7ad74,8/8(火) 19:11
tsk,トラック業界も人手不足「２０２４年問題」解決に向け「荷主」に協力を要請（島根・松江市）,https://news.yahoo.co.jp/articles/bfe78a4fe958fb4ad5c1c8da7805e684114a850a,8/8(火) 19:10
tsk,慢性的な運転手不足で路線バスを減便「一畑バス」が異例のダイヤ改正（島根・松江市、雲南市）,https://news.yahoo.co.jp/articles/f54b87f6b613fe6cccf9eab3310d5598e6117a1a,8/8(火) 19:08
tsk,目の前でメキメキ…”間一髪”神社の境内で松の大木がポッキリ　その瞬間を目撃（島根・出雲市）,https://news.yahoo.co.jp/articles/d6e0d3f31312882ff0331c7bd83d902a2c1275d3,8/8(火) 19:05
tsk,鳥取など再び「猛暑日」に　”ノロノロ”台風６号ゆっくり北上　山陰地方でも備え（島根・鳥取）,https://news.yahoo.co.jp/articles/a757c84cb6acb086b639685fea3c4a8800508bc5,8/8(火) 19:01
tsk,中海・宍道湖沿岸を結ぶ高規格道路「８の字ルート」早期実現に向け官民連携の推進会議設立（鳥取・島根）,https://news.yahoo.co.jp/articles/5297f54006ba5a9a375cca3ddb33b8fe2969d8e6,8/8(火) 12:36
tsk,JR山陰エリアで９日・１０日に計画運休　台風６号接近のため,https://news.yahoo.co.jp/articles/d37733ed0ad39617c53e9567cf492d33e1fe5359,8/8(火) 12:32
tsk,【夏の高校野球】鳥取商業が強豪・履正社（大阪）に敗れる　念願「甲子園」初勝利ならず,https://news.yahoo.co.jp/articles/86675d0fec97960d117e3b991f365fddfc12b3bf,8/7(月) 20:06
tsk,「猛暑」一服も蒸し暑さ続く「台風６号」ゆっくり北上　９日から１０日にかけ山陰に最接近か（島根・鳥取）,https://news.yahoo.co.jp/articles/b71c0f975bbe7d861a4056d6072882efd19653d1,8/7(月) 19:54
tsk,ＳＮＳで話題“バズる外交官”ジョージア駐日大使が鳥取県へ　砂漠地方の「ワイン」贈る（鳥取市）,https://news.yahoo.co.jp/articles/79305558579d12522d072b8619c1768231fc475a,8/7(月) 19:47
tsk,２日で2万発の大輪「松江水郷祭」湖上花火大会「有料観覧席」に賛否の声（島根・松江市）,https://news.yahoo.co.jp/articles/0a3409c94250d4f10d886f4cfaf7d6ff19f3c7a0,8/7(月) 19:24
tsk,「まんが甲子園」米子高校の”ペン児”が頂点に！山陰勢初の最優秀賞に輝く（高知）,https://news.yahoo.co.jp/articles/4c0898175b4ebd6b8a336a1dcb57d2871183af6e,8/7(月) 19:11
tsk,【インターハイ】出雲農林カヌー男子スプリント３位・鳥取城北相撲部は団体準優勝（島根県・鳥取県）,https://news.yahoo.co.jp/articles/35292ee538db9d3374b5d787a30ff5b6559b1129,8/7(月) 13:19
tsk,山陰両県で交通死亡事故相次ぐ　島根県東部では４８時間集中対策を実施（島根・鳥取）,https://news.yahoo.co.jp/articles/5c9b1c59f3626f0df497b423243290ee85d6698c,8/6(日) 18:10
tsk,夏の甲子園開幕　鳥取商業、立正大淞南（島根）開会式で堂々の行進（兵庫）,https://news.yahoo.co.jp/articles/0fa3cf8431214cd56a896c5cda344c3fcef5c0f7,8/6(日) 18:03
tsk,過去最多２万発の花火「松江水郷祭」湖上を彩る大輪（島根・松江市）,https://news.yahoo.co.jp/articles/8679dbacd9a07ad86492fe920faa6063fca5f268,8/6(日) 18:03
tsk,ＤＪ社長が松江でライブ！和牛フェスは６日１５時まで（島根・松江市）,https://news.yahoo.co.jp/articles/6479cd8d2fb60c02541b02e379e597bb0a407f01,8/6(日) 12:20
tsk,女子学生が働く女性を密着取材　県内企業の魅力を発信する「しまねジョブガール」（島根・松江市）,https://news.yahoo.co.jp/articles/c5784bbdbff11bb965f39e54a0a8e233193ffade,8/5(土) 18:08
tsk,カヌー優勝！ボクシングは準優勝　インターハイで山陰勢が躍動（島根・鳥取）,https://news.yahoo.co.jp/articles/a2ab1233cfe538c60df169f8893842092311f867,8/5(土) 17:36
tsk,「ＴＳＫまつり２０２３」始まる　音楽イベントや番組紹介ブース「しまね和牛フェス」も（島根・松江市）,https://news.yahoo.co.jp/articles/380575f28ffca628e2f93f74e41c2d83251a19b4,8/5(土) 12:14
tsk,青空に映える一面の「ひまわり」地元住民が育てた４万５０００本の大輪（島根・浜田市）,https://news.yahoo.co.jp/articles/4d87962e3f97ea9f1167241755da8a9a5b4b6f58,8/4(金) 20:42
tsk,伝統行事を次の世代へ　子どもたちが「七夕行列」暑さに負けず威勢よく（島根・雲南市）,https://news.yahoo.co.jp/articles/a400a5d62a56086d38267802f61a1a8eddd6fe74,8/4(金) 20:38
tsk,「残念な気持ちでいっぱい」商店街の「灯ろう」倒され破壊　１０年間で６基　誰が…？（鳥取・米子市）,https://news.yahoo.co.jp/articles/aed059d5706c340dea1df8ee4d544b2fbd778883,8/4(金) 20:27
tsk,大手化粧品メーカーとタッグ　老舗温泉旅館に「美肌県」ならではの宿泊プラン（島根・出雲市）,https://news.yahoo.co.jp/articles/3c306cd626858498631dadfdbf7615baa2377708,8/4(金) 20:22
tsk,天然水ＣＭの舞台にも　奥大山「木谷沢渓流」ブナ林を流れる清流で一服の涼（鳥取・江府町）,https://news.yahoo.co.jp/articles/e3d5ab0533a3617b690b0d3d74b5cca462513cb1,8/4(金) 20:18
tsk,”体温越え”の危険な暑さ続く「水不足」で特産品の生育に影響「レール」高温で運転見合わせも（島根）,https://news.yahoo.co.jp/articles/f5115d8200377b99e6e0bce4a9b743d06f4013e8,8/4(金) 20:17
tsk,新型コロナの雇用助成金をだまし取り逮捕　平井伸治鳥取県議を起訴（鳥取）,https://news.yahoo.co.jp/articles/891b5e15a172c5ec68481e701fefb5a3b48dd21a,8/4(金) 20:12
tsk,５日・６日は「ＴＳＫまつり」開幕直前の会場を「リアタイ！」ネゴシックスさんも飛び入り（島根・松江市）,https://news.yahoo.co.jp/articles/8f71fa54e94d9aee59077e7b3db2dd8158bc81ac,8/4(金) 20:12
tsk,【速報】山間の一軒家から出火　道幅が狭く緊急車両も一時待機（島根・益田市）,https://news.yahoo.co.jp/articles/da33443c81ba715f012b56cd1c2e5cbc15160040,8/4(金) 20:02
tsk,鳥取東照宮近くで倒木　樹齢１５０年以上　通行人が巻き込まれけが（鳥取市）,https://news.yahoo.co.jp/articles/6ffd513ac01035a4610588ac0c447e129ca7a601,8/4(金) 19:54
tsk,【続報】漁港でクレーン車が横転　作業員３人が重軽傷（島根・隠岐の島町）,https://news.yahoo.co.jp/articles/e1410060e8efacc147640c5ac933e7bc9843cc2c,8/4(金) 19:48
tsk,特殊詐欺「受け子」役の男子高校生を逮捕　高齢女性から通帳とカードをだまし取る（島根・雲南市）,https://news.yahoo.co.jp/articles/70232f654251f3a711bfc361fad519dcda8dc213,8/4(金) 14:09
tsk,夏休み「ふれあい卓球教室」オリンピック元日本代表・福岡春奈さんが子どもたちを指導（島根・浜田市）,https://news.yahoo.co.jp/articles/ea296b4d534c51c160995f7ace33cac534eeda80,8/4(金) 12:16
tsk,賃金を不払い「松江シティＦＣ」と代表取締役を「最低賃金法」違反の疑いで書類送検（島根・松江市）,https://news.yahoo.co.jp/articles/06246f0f8bf208023223670ab1477f49f1803b7f,8/4(金) 12:11
tsk,【続報】クレーン車が倒れ複数のケガ人　作業員１人が重傷（島根・隠岐の島町）,https://news.yahoo.co.jp/articles/d0818510e48a04365a5accb3e42f15c0de6adef2,8/4(金) 12:06
tsk,【速報】クレーンが倒れ複数のケガ人（島根・隠岐の島町）,https://news.yahoo.co.jp/articles/649ab060a3cfe68cf5d046f98db9e1e7048320a8,8/4(金) 10:52
tsk,ツバメが自動ドアの仕組みを理解！？道の駅へ”フリーパス”心置きなく子育てに奮闘（島根・大田市）,https://news.yahoo.co.jp/articles/b03e64d08042fec9afc05435f89e21e14ce425bb,8/3(木) 19:59
tsk,【視聴者投稿】イルカの大群が出現　１０頭以上？背びれを出してスイスイ泳ぐ（島根・松江市）,https://news.yahoo.co.jp/articles/6173883ba735f238377d869069bc4cad8f8e6f42,8/3(木) 19:54
tsk,松江市　中学生以下の医療費を２０２４年４月から「完全無償化」（島根）,https://news.yahoo.co.jp/articles/49f2807b8aa4610ac04ea5a8ae462b7da907a6e3,8/3(木) 19:52
tsk,暑さに負けずナイスショット「さんいん未来縁人」鳥取県・島根県ジュニアオープン夏季大会（鳥取・伯耆町）,https://news.yahoo.co.jp/articles/86d63446f38fdd11868a54e273a37a111b27de13,8/3(木) 19:49
tsk,ハチミツがクラフトビールに　異業種コラボで誕生「機能性表示食品」のハチミツ（鳥取・倉吉市）,https://news.yahoo.co.jp/articles/c4f414ddc67ff3a0b0c3c728ff562f33c8df3b6e,8/3(木) 19:46
tsk,「きつね」の次は「うさぎ」ダンス？東京ドームで「とっとりナイター」兎の聖地・鳥取県をＰＲ,https://news.yahoo.co.jp/articles/3580891455ddb7eeec12fa63faf9a93497074515,8/3(木) 19:37
tsk,夏の高校野球　両県代表初戦の対戦相手決まる　島根・立正大淞南は広陵（広島）鳥取商業は履正社（大阪）,https://news.yahoo.co.jp/articles/69aa4cb0134dfc02b0668d315c74d3ced2bf3126,8/3(木) 19:29
tsk,鳥取砂丘で「電動キックボード」レンタルの実証実験　観光の新たな移動手段として期待（鳥取市）,https://news.yahoo.co.jp/articles/313361badfd194414a4bbd6c9519f2b6fc03b804,8/3(木) 19:28
tsk,月面を再現　鳥取砂丘「ルナテラス」でオープン後初の実験「月面探査車」が走行テスト（鳥取市）,https://news.yahoo.co.jp/articles/ea6f062b2ad7898254617e62a452afd4d4b7668c,8/3(木) 19:19
tsk,賃金を不払い「松江シティＦＣ」と代表取締役を「最低賃金法」違反の疑いで書類送検（島根・松江市）,https://news.yahoo.co.jp/articles/5669d1471a262e22de2bf645c997deac7eba52c9,8/3(木) 19:14
tsk,イベント準備も汗だく…”危険な暑さ”続く　鳥取市の「猛暑日」は１３日連続に（島根・鳥取）,https://news.yahoo.co.jp/articles/c8f7a6aecfdf2dc493c329eb845adfe1191ec93d,8/3(木) 19:10
tsk,見てひんやり　涼感漂う名瀑の風景（島根・江津市）,https://news.yahoo.co.jp/articles/ba88ff6dd2d89e97ba53caf865deaff3b170bcb9,8/3(木) 19:10
tsk,【水難事故】アユ釣りの男性が川に流され死亡（島根・津和野町）,https://news.yahoo.co.jp/articles/16d0695b90d8fdd2e9b875dc8741fcb74ddd5828,8/3(木) 17:55
tsk,北海道インターハイで島根県勢躍動　女子レスリング２階級で優勝　男子ホッケー・横田は準優勝,https://news.yahoo.co.jp/articles/2924ca7edcae5daca9a4da77704ed780c88043a7,8/3(木) 12:00
tsk,米子３６．４度など午前から気温急上昇「猛暑日」に　山陰両県に「熱中症警戒アラート」（鳥取・島根）,https://news.yahoo.co.jp/articles/61243c00f6fab2b36cdfa992946703c741ee964b,8/3(木) 11:59
tsk,ジャパンディスプレイ　鳥取工場の「液晶パネル」２０２５年３月生産終了へ　主力製品需要減で（鳥取市）,https://news.yahoo.co.jp/articles/545a351cb8f89d14e1cd516d20c3bac583b5433d,8/3(木) 11:59
tsk,暑さ和らぐ桝水高原　マツムシソウ、ナデシコなど秋の草花も（鳥取・伯耆町）,https://news.yahoo.co.jp/articles/15ef5be7087be95fe9eeda0b61b8ef337fb711c1,8/2(水) 19:03
tsk,「甲子園」での勝利誓う　鳥取代表・鳥取商業、島根代表・立正大淞南が出発,https://news.yahoo.co.jp/articles/7344d1ea99a86280bf434be5b096133f881a155b,8/2(水) 19:03
tsk,過去最大２日間で２万発！スケールアップ、新演出の「水郷祭」湖上花火　見どころは（島根・松江市）,https://news.yahoo.co.jp/articles/69b7b5dcdd19b8f57b4e1a2075f13c022e863ac9,8/2(水) 19:03
tsk,「米子ーソウル便」４年ぶり定期運航再開を前に韓国旅行会社が視察（鳥取・伯耆町、米子市）,https://news.yahoo.co.jp/articles/08e640571a0cdb5abc5d893105048325797ca7a8,8/2(水) 19:03
tsk,「サウナ」の熱い風を地域に！アフターコロナの新しい観光資源に期待（島根・益田市、鳥取市）,https://news.yahoo.co.jp/articles/773f17d67ebf76521fa8712827d0bba069296de6,8/2(水) 19:03
tsk,８月は北海道へひとっ飛び「出雲ー札幌便」季節運航開始　コロナ禍前を上回る利用に期待（島根・出雲市）,https://news.yahoo.co.jp/articles/fad354bce46803930c0634f6482f239c81e56e9d,8/2(水) 19:03
tsk,西日本で唯一の公営　松江市「都市ガス事業」２０２５年４月「民営化」へ（島根）,https://news.yahoo.co.jp/articles/888cbede34323e45edcb5233724596e89cb08637,8/2(水) 19:03
tsk,真っ赤に熟れた「夏イチゴ」標高９００メートル「氷ノ山」ふもとのゲレンデで収穫始まる（鳥取・若桜町）,https://news.yahoo.co.jp/articles/c9dad480eaee66fb927a6b8cdd1f3d285cd00169,8/2(水) 19:03
tsk,沖縄で猛威「台風６号」今後の進路　山陰への影響は（島根・鳥取）,https://news.yahoo.co.jp/articles/836d24e93d32225d8d834c36e2a03b2fa8cb3173,8/2(水) 19:03
tsk,米子市で３８．2度　１８カ所で猛暑日「危険な暑さ」観光地では客足もまばらに（鳥取・島根）,https://news.yahoo.co.jp/articles/91fb48f10b86706ea39de6f937acb0a666175edc,8/2(水) 19:03
tsk,「もぉすもす、いわっしゃーけん」出雲弁の寸劇で高齢者の特殊詐欺被害を防げ（島根・松江市）,https://news.yahoo.co.jp/articles/53eab0c80c249d9786c94d8fb2f52ff586a7166d,8/2(水) 19:03
tsk,特殊詐欺の着信をシャットアウト！被害防止へ「防犯機能付き電話機」の購入補助スタート（島根・江津市）,https://news.yahoo.co.jp/articles/e1f193f6c4dbc16c47ec8ad20239e62ed2e7e2e0,8/2(水) 12:31
tsk,「きぼう」が日本上空を通過　キラリと星のようにゆっくり南東へ　肉眼で見えるチャンス,https://news.yahoo.co.jp/articles/fdd3361cf7bc59abcb8b7cfa97a61e25b46d87d8,8/1(火) 19:25
tsk,知事も「メロンメロンに」メロンパンに鳥取特産「二十世紀梨」ジャム　新商品発売を報告（鳥取市）,https://news.yahoo.co.jp/articles/6cba6ef4f231014c424f69f8b49bd6d1eeb6b0a1,8/1(火) 19:22
tsk,コロナ禍で悪化も…認知症の専門家が講演「予防」と「早期発見」の重要性訴える（島根・安来市）,https://news.yahoo.co.jp/articles/20893dba8a35769803e23f87b018ebfc948a0687,8/1(火) 19:22
tsk,男子バレー・大東　アクシデントでもう１人の「エース」が覚醒 ２４年ぶりインターハイへ（島根・雲南市）,https://news.yahoo.co.jp/articles/0963cf90fbc5b86b4566c362891eb557bf64f1bb,8/1(火) 19:22
tsk,世界トップ目指す「次世代たたら協創センター」丸山知事に支援を要望（島根・松江市）,https://news.yahoo.co.jp/articles/f221cab7e00169921d00a6365fb46e067f98e216,8/1(火) 19:22
tsk,強い照り返しで気温は４０度にも…”危険な暑さ”お盆の墓参りも熱中症に注意（島根・松江市）,https://news.yahoo.co.jp/articles/cf830e137fe64f7ff3645983877ef05c456b188f,8/1(火) 19:20
tsk,鳥取市は１１日連続の「猛暑日」”危険な暑さ”は衰え知らず　８月１０日ごろまで続く見込み（鳥取・島根）,https://news.yahoo.co.jp/articles/69d16fcd23d5b7b63ef19a5a573b77de7e12f633,8/1(火) 19:20
tsk,猛暑の中　伝統の「釜焼き」行事　焼いただんごを食べて“暑気払い”先人の知恵で夏を乗り切る（鳥取市）,https://news.yahoo.co.jp/articles/a6251caf0a837a1ea55c647459c02abf85eafec2,8/1(火) 19:20
tsk,３年ぶり復活「サマーキャンプ」都会の子どもたちが清流で川遊びを満喫（島根・益田市）,https://news.yahoo.co.jp/articles/72cc77925f182f70e2216958cd7f917acb908c33,8/1(火) 12:03
tsk,【ニュースソノアト】「ふるさと納税」寄付額アップへ「アドバイザー」の奮闘の現場に密着（鳥取・北栄町）,https://news.yahoo.co.jp/articles/a312a791e97f641b4ff015cdbbc4f1aec6fa07eb,7/31(月) 19:48
tsk,真夏の必需品「エアコン・扇風機」の火災に注意「動きが鈍い」「異音・異臭」は危険なサイン,https://news.yahoo.co.jp/articles/1b96eed4a42a4b449b9abf3a352ebe2ebe8b8d4e,7/31(月) 19:21
tsk,鳥取県内で火事相次ぐ　自動車販売店事務所や表具店の工場焼く（鳥取・米子市、鳥取市）,https://news.yahoo.co.jp/articles/55bb6eeef907d30914741b602a7e5bf9cfc475dd,7/31(月) 19:09
tsk,「テオ・ヤンセン展」“ストランド・ビースト”が宍道湖岸で夕日を鑑賞！？（島根・松江市）,https://news.yahoo.co.jp/articles/1222831de9add1ed651b67afae94a6e9133fed44,7/31(月) 19:02
tsk,松江市出身・浜崎未来選手がホールインワン達成「楽天スーパーレディス」最終成績は１２位タイ,https://news.yahoo.co.jp/articles/82fe7eb8f4935c3f8943c4d8f5cc650b2fc52a4f,7/31(月) 19:02
tsk,オーストラリアの食を楽しむ「ヒルゼン高原センター」でフードフェア（岡山・真庭市）,https://news.yahoo.co.jp/articles/49721100c0824c9c399859e21c8190020f223612,7/31(月) 18:53
tsk,鳥取は１０日連続の「猛暑日」客も従業員も「熱中症」に厳重警戒の観光地（島根・出雲市）,https://news.yahoo.co.jp/articles/dad59514ff3f7ad4d6607b2b7bb1be2db1256705,7/31(月) 18:52
tsk,「トスク」河原、ふなおかの２店を閉店「引き継ぎ」対象外れ営業期間延長せず（鳥取・八頭町）,https://news.yahoo.co.jp/articles/d59599de9cc104d6bd8b5cd207341cea832b1992,7/31(月) 18:33
tsk,岸田首相が山陰へ「子育て支援」「先端研究」の現場を視察　現職首相として９年ぶり（鳥取・島根）,https://news.yahoo.co.jp/articles/e8b9c7e9514928fc895a0b9f4f9a524dfc4305d6,7/31(月) 18:33
tsk,山陰エリアのＪＲ　お盆期間中の「特急」予約は２０２２年の約１．５倍に（島根県・鳥取県）,https://news.yahoo.co.jp/articles/04e739fb5536522a552a9bec40a81362afbfe818,7/31(月) 18:00
tsk,レンタルショップ店内を全裸で歩く「公然わいせつ」の疑いで４６歳の男を現行犯逮捕（島根・松江市）,https://news.yahoo.co.jp/articles/d15e3e8f2eafaa26d166b9b82627beb35e2f5d9d,7/31(月) 13:11
tsk,軽乗用車と正面衝突　軽トラック運転の男性が死亡（島根・奥出雲町）,https://news.yahoo.co.jp/articles/1276d74bead982caf506dcebecba5c97335a16cf,7/31(月) 12:13
tsk,死亡事故相次ぐ　鳥取道で停止中の車に追突４人死傷（鳥取市）,https://news.yahoo.co.jp/articles/851c6adb1a4e522bc0e40a64ef08fad104530c9b,7/31(月) 12:10
tsk,【続報】表具店の工場３棟を全焼　出火から約１３時間後に鎮火（鳥取市）,https://news.yahoo.co.jp/articles/8f325d7e251f90de1bd7a7c274058a7f61d4fb1a,7/31(月) 12:05
tsk,【速報】鳥取市の紙店で建物火災,https://news.yahoo.co.jp/articles/cac317db13184b61517c7bd1c847cde2a18e8a0e,7/30(日) 20:04
tsk,山陰両県危険な暑さ　全ての観測地点で猛暑日や真夏日（島根県・鳥取県）,https://news.yahoo.co.jp/articles/67b4b42d8392566671f52a428816d571b8788a81,7/30(日) 18:55
tsk,火事相次ぐ　米子の輸入車販売店屋上で室外機１４台焼ける　境港で遊漁船が全焼（鳥取・米子市、境港市）,https://news.yahoo.co.jp/articles/57e6c4280c5665e183f79be4765f1595c8b0c33a,7/30(日) 18:55
tsk,【女子ゴルフツアー】松江出身　浜崎未来選手が楽天スーパーレディースで１２位タイ（兵庫県）,https://news.yahoo.co.jp/articles/b0744dc4d766887b0e5c57c71245bdaf300d360b,7/30(日) 18:55
tsk,米子市の玄関口「がいなロード」供用開始　新たな人の流れに期待（鳥取・米子市）,https://news.yahoo.co.jp/articles/a30914c6ca98811a29fea997c557917839e7a65e,7/29(土) 18:06
tsk,鳥取で３８℃超え　山陰地方は危険な暑さ続く（島根・鳥取）,https://news.yahoo.co.jp/articles/87b54b7160dff5af29993cb3f435fce64c71d664,7/29(土) 18:04
tsk,大人気！ヘラクレスオオカブトも登場　世界のカッコいい昆虫が集結（島根・益田市）,https://news.yahoo.co.jp/articles/bf8e88c9306d2c8e594b5dbab349718aecbc8997,7/29(土) 12:10
tsk,【視聴者投稿・FNNビデオポスト】幸せを呼ぶ鳥「コウノトリ」が水田に（島根・松江市）,https://news.yahoo.co.jp/articles/539030edf8be0af1ba10842293e6e4e6627f0885,7/28(金) 21:15
tsk,島根・丸山知事「住宅再建」費用など約１億７千万円を専決処分　７月の大雨被害からの復旧急ぐ,https://news.yahoo.co.jp/articles/667badb62541c75900cc7661099ae1b75e994c63,7/28(金) 21:11
tsk,松江市で開催中「ポップサーカス」と「テオ・ヤンセン展」ともに来場者１万人を達成（島根）,https://news.yahoo.co.jp/articles/ca7e6b966ed500741bf1a45ea9861a13ab2db9ed,7/28(金) 21:09
tsk,【中継・リアタイ！】宍道湖畔の水辺を楽しむ！「みずべヤタイ」７月２８日オープン（島根・松江市）,https://news.yahoo.co.jp/articles/e980dddeda0f88eefa4b4622a6248cdbe90efb45,7/28(金) 21:05
tsk,愛と平和への思いを表現「ウクライナ国立民族舞踊団」が公演（鳥取・米子市）,https://news.yahoo.co.jp/articles/457f47450f4521d2a1b98d9ddcc9955b26bdeef4,7/28(金) 20:38
tsk,岸田首相が「地方行脚」３１日に山陰へ「地方の実態を見ていただくいい機会」島根・丸山知事は歓迎,https://news.yahoo.co.jp/articles/48882a7b545eaa334ee5116c4661a1c2d7ce7a76,7/28(金) 18:54
tsk,「土用丑の日」前に商戦にも”熱“　高値続くなかスーパーでは「超特大」サイズで割安感（島根・松江市）,https://news.yahoo.co.jp/articles/4c97a2a876228676cfff4a38b1549cb988c94320,7/28(金) 18:49
tsk,満開の「ひまわり畑」黄色い花と青空のコントラスト　見ごろは７月３０日ごろまで（鳥取市）,https://news.yahoo.co.jp/articles/1713124c052a848ceffcdf5b30fbec2a75cebea0,7/28(金) 18:47
tsk,「災害級」の猛暑に農家も熱中症対策を徹底「水分補給」と「ハウスの遮光対策」（島根・松江市）,https://news.yahoo.co.jp/articles/20e64626c98917df5650f173908796ee3adbe7c2,7/28(金) 18:46
tsk,鳥取市　マイナンバー「紐づけミス」は４８５人分「精神障害者」の手帳の情報を別人に,https://news.yahoo.co.jp/articles/5f4b62371e831fd8d67d52b9de937ea337d93cc4,7/28(金) 15:19
tsk,【島根あさひ社会復帰促進センター】開所１５周年を迎え報道公開　地域との連携目指す（島根・浜田市）,https://news.yahoo.co.jp/articles/4f8926efdff2778a25d6af38e6ce1272122c389f,7/28(金) 14:02
tsk,自転車用ヘルメットの効果「とうふ」で実験　夏休みの子どもが防犯・交通安全について学ぶ（島根・邑南町）,https://news.yahoo.co.jp/articles/f9217ce53f3542f7c2da3fef4bd8cef2fd19d951,7/27(木) 20:46
tsk,最初の小学校開校から１５０年　学校に残る写真や資料で歴史をたどる（島根・松江市）,https://news.yahoo.co.jp/articles/1ae9452dba53856f5d2ffe5b7921ab9579e31b43,7/27(木) 20:41
tsk,豪雨災害から１０年「九死に一生」を得た経験から学ぶ防災の「教訓」（島根・津和野町）,https://news.yahoo.co.jp/articles/911df6d3aebfdfb9ff118f17b4ca600212a78618,7/27(木) 20:38
tsk,約２分で効率的に冷やす「カーエアコン」を上手に使って安全快適な運転を（鳥取市）,https://news.yahoo.co.jp/articles/d80c4800e785f945641eabef0fc1a39d68a4d4ff,7/27(木) 20:27
tsk,ネット上には逆効果の”非常識”も…メーカーに聞く上手なエアコン「節電術」（島根・松江市）,https://news.yahoo.co.jp/articles/6abb56153adae40a93ee0a816e3bb66897fdf9fe,7/27(木) 20:19
tsk,「１人でいるときに重症化」９１歳女性の死亡受け熱中症の緊急対策会議（鳥取市）,https://news.yahoo.co.jp/articles/ace9e388f397fb09648cf841882368e8f5243d42,7/27(木) 20:12
tsk,津和野で３６．６度今年一番の暑さ　厳重な暑さ対策のなか「子ども鷺舞」を披露（島根・津和野町）,https://news.yahoo.co.jp/articles/2c2e8314ee55b056f4f00b98f300c123aa678fd5,7/27(木) 20:07
tsk,朝火事で物置小屋を全焼　けが人なし（島根・出雲市）,https://news.yahoo.co.jp/articles/2a775bf99de7cce85eba3abfc655f372862295c4,7/27(木) 12:28
tsk,「脱炭素先行地域」に選定「実質排出ゼロ」実現へ官民が協議会設立（島根・松江市）,https://news.yahoo.co.jp/articles/99129cc0b6d96d62fae1a64958925353b6b1ff80,7/27(木) 12:15
tsk,【続報】琴浦の山陰道車転落事故　死亡したのは佐賀県の男性（鳥取）,https://news.yahoo.co.jp/articles/38ba1e9024f9fc696fa291a68380bfdaaaf74c64,7/27(木) 12:09
tsk,山陰両県は２７日も真夏日　島根・鳥取に熱中症警戒アラートを出して対策を呼び掛け,https://news.yahoo.co.jp/articles/d547e1f0a157511c41b069214bc1d963b67e7af5,7/27(木) 12:05
tsk,５０回の節目「米子がいな祭」駅前通りに「ちょうちん」取付け　本番前に盛り上げ（鳥取・米子市）,https://news.yahoo.co.jp/articles/a7bc2052d5df360be99a846bec4183eff89fc1d8,7/26(水) 18:53
tsk,「堀川遊覧船」をエコな乗り物に「ホンダ」とタッグ　船外機の「電動化」めざし実証実験（島根・松江市）,https://news.yahoo.co.jp/articles/6b99898534f46cc740d24902b94541d81b548419,7/26(水) 18:52
tsk,今年も多発「アニサキス」食中毒　料理のプロに聞く家庭での調理の注意点（鳥取・米子市）,https://news.yahoo.co.jp/articles/6f508c577f860ec5676d00f502657a56fe30da29,7/26(水) 18:48
tsk,【続報】山陰道で高架橋から車が転落　運転の男性が死亡（鳥取・琴浦町）,https://news.yahoo.co.jp/articles/343281e81a2f6fdd6c571efa0fdee7d0d1abdbb2,7/26(水) 18:38
tsk,露地ものに先駆けシーズンへ「ハウス二十世紀梨」玉太り・糖度も良好「暑さ」が恵みに（鳥取・北栄町）,https://news.yahoo.co.jp/articles/bbb7994ef970700f50ec1d3e8fd5f975a1348f4e,7/26(水) 18:37
tsk,夏の高校野球島根大会決勝　立正大淞南が益田東破り１１年ぶり３回目の甲子園へ（島根・出雲市）,https://news.yahoo.co.jp/articles/a34d52d3326a52fa7fda0db72686bf30f79748cc,7/26(水) 18:37
tsk,猛暑でも気温１０度！？天然のクーラー「八雲風穴」ひとときの涼求め連日にぎわう（島根・出雲市）,https://news.yahoo.co.jp/articles/12bef5038bbbe541a8572c241388ead3914ca80f,7/26(水) 18:34
tsk,ＪＲ米子駅の自由通路「がいなロード」開通を前に公開「南北一体化」に期待（鳥取・米子市）,https://news.yahoo.co.jp/articles/62f0160c9bace7645b41945206904e16bea6e038,7/26(水) 18:32
tsk,全ての観測地点で「猛暑日か真夏日」危険な暑さ続く（島根県・鳥取県）,https://news.yahoo.co.jp/articles/f38f5200378be98cc3c54429123f50ad745e6789,7/26(水) 18:32
tsk,【熱中症疑いで死亡】境港市で９１歳の女性が畑で倒れる　鳥取県内で今シーズン初めて,https://news.yahoo.co.jp/articles/e93dcc2f02e4edba939d91b6b9ea2ebec01e7622,7/26(水) 18:11
tsk,【新型コロナ定点報告】島根県は前週比で１．２２倍 　県は１日あたり３００人超える感染状況と分析,https://news.yahoo.co.jp/articles/e6179d0140cee42bd290db6e00de45596b4ab554,7/26(水) 16:24
tsk,【新型コロナ定点報告】鳥取県は中部と西部で警戒レベルに　前週比は１．５７倍,https://news.yahoo.co.jp/articles/32e92254ee7a1c0ce6e9b978a580fe72ca57d16b,7/26(水) 16:24
tsk,【速報】山陰道下りで高架橋下に車が転落　運転手とみられる人が意識不明の重体（鳥取県・琴浦町）,https://news.yahoo.co.jp/articles/cb5e0c17663b5000e2ce10de0d3f1a8a8a095902,7/26(水) 15:15
tsk,公用車「車検切れ・無保険」に気づかず　約２カ月間公務で使用（鳥取・米子市）,https://news.yahoo.co.jp/articles/79140b2ffe59f4cf7d601925e22f9437e024a268,7/26(水) 14:03
tsk,【特殊詐欺】言われるがままＡＴＭを操作　鳥取市の女性が約１００万円だまし取られる（鳥取県警）,https://news.yahoo.co.jp/articles/f8df9ae651e56007c24e18b22efc622eba2c1e5e,7/26(水) 13:18
tsk,【続報】「ドン、ドンと音がした」江津市の住宅密集地で１棟全焼の火事（島根・江津市）,https://news.yahoo.co.jp/articles/8f8817882a4df1364a768caa5f6d1bb7ae2f6fe5,7/26(水) 12:34
tsk,「ポップサーカス」ただ一人の日本人パフォーマーに密着”一丁ブランコ”新技に挑戦（島根・松江市）,https://news.yahoo.co.jp/articles/b4b8871d904da2386f42f95f697d4f8e62821bdb,7/25(火) 19:18
tsk,今年の夏は「1０年に一度」レベルの暑さ？もうしばらくは「災害級」の猛暑か（鳥取・島根）,https://news.yahoo.co.jp/articles/71ab4cdef16423f9499a16bdbdee68e81ce6dea6,7/25(火) 19:05
tsk,出雲市の火山研究家の男性が行方不明　鹿児島の離島で滝の調査中,https://news.yahoo.co.jp/articles/a08e6cbbba1b10e71030a02fb6b50744132cae7d,7/25(火) 18:57
tsk,横断歩道を渡っていた高齢男性をはね重傷負わせる　軽自動車運転の男を逮捕（島根・安来市）,https://news.yahoo.co.jp/articles/abf2043fa3ed01e7ffadadf5f83cbcaf29a71c0e,7/25(火) 18:53
tsk,７月２８日は「世界肝炎デー」ＴＳＫの鉄塔もブルーライトアップ（島根・松江市）,https://news.yahoo.co.jp/articles/54a52eefde4e2aba3315ae46d795351a885ecaa7,7/25(火) 18:53
tsk,高齢者に不足しがちな栄養をカレーで補給　高校生が新メニューを開発（島根・邑南町）,https://news.yahoo.co.jp/articles/43a4d999d52e943575bf536f1b48b5386d97562f,7/25(火) 18:53
tsk,「切り絵」と光をデジタルで融合「旅する光の切り絵展」中国地方初開催の体験型アート展（鳥取・境港市）,https://news.yahoo.co.jp/articles/f67b8d549696a29af052ba5774d570ae719f5071,7/25(火) 18:44
tsk,威勢のいい神輿行列「天神さん夏祭り」４年ぶりに復活（島根・松江市）,https://news.yahoo.co.jp/articles/5c530deebef21c36704fa8b58b1e065c30dcc2e1,7/25(火) 18:43
tsk,日吉津村出身の画家・井田幸昌さんの国内初個展「パンタ・レイー世界が存在する限り」（鳥取・米子市）,https://news.yahoo.co.jp/articles/f2584448e7135f53d79d22cd4ea78176b6313236,7/25(火) 18:43
tsk,名物「くま氷」客足遠のき「くまった」！？あまりの「猛暑」に”外出控え”（島根・松江市）,https://news.yahoo.co.jp/articles/7838022093cbc3386478a3320699bcf76b121eb9,7/25(火) 18:30
tsk,猛暑の中　日本の滝百選の”名瀑”「雨滝」は別世界の”涼風景”（鳥取市）,https://news.yahoo.co.jp/articles/4f4733ec64e42f51a4857b7796424fcc19d6cbbe,7/25(火) 18:26
tsk,夏の高校野球・鳥取大会決勝　鳥取商業が鳥取西破り２年連続「甲子園」へ（鳥取・米子市）,https://news.yahoo.co.jp/articles/9235c27df9e604b667cdef7352192da48132ab10,7/25(火) 18:25
tsk,【続報】住宅密集地で火事　住宅１棟焼く（島根・江津市）,https://news.yahoo.co.jp/articles/f90b95bcce8db827fed0e8386971fee0c690b798,7/25(火) 16:01
tsk,【速報】ＪＲ江津駅近くで民家火災（島根県警）,https://news.yahoo.co.jp/articles/1c95f255b02ba2f006be69557fee40034ba28fd8,7/25(火) 15:06
tsk,４年ぶり完全復活「天神さん夏祭り」神輿行列賑わう（島根・松江市）,https://news.yahoo.co.jp/articles/c0feb6bfa2d27e70e48651f31f1b54fa7313e23c,7/25(火) 12:38
tsk,高齢男性が車にはねられ重傷　運転していた男を過失運転致傷の疑いで現行犯逮捕（島根・安来市）,https://news.yahoo.co.jp/articles/cba0f9eafdce42be8c79d18c926b45f59699bf50,7/25(火) 12:37
tsk,山陰地方は２５日も「真夏日」島根県に「熱中症警戒アラート」（島根・鳥取）,https://news.yahoo.co.jp/articles/bb78de5c5dab26e8018d98e3a12ef4a68be8b2d7,7/25(火) 12:22
tsk,「昭和５８年豪雨」から４０年「災害の記憶」後世に伝えるパネル展（島根・浜田市）,https://news.yahoo.co.jp/articles/7aeda932fd4a5878d841ce48f6f34a8cbfce063f,7/24(月) 21:01
tsk,「悪魔くん」も仲間入り　水木しげるロードの「妖怪影絵」に夏限定バージョン（鳥取・境港市）,https://news.yahoo.co.jp/articles/da5ad9e75b7cbaa5ec97aea9ac8ef6d99b117571,7/24(月) 20:57
tsk,決勝は益田東ー立正大淞南「ベスト４」が激突　夏の高校野球島根大会（島根・出雲市）,https://news.yahoo.co.jp/articles/e26d782fcffa9056672efdf30ee2657efdaefe84,7/24(月) 20:37
tsk,高校生の挑戦を応援「みらチャレ」今年もスタート「やってみたい」を全力で”プレゼン”（島根・松江市）,https://news.yahoo.co.jp/articles/1253a7987362118a49da105b37b3d317b13e7fec,7/24(月) 20:30
tsk,パフォーマーの妙技にキャスターが挑戦「ポップサーカス松江公演」の舞台裏（島根・松江市）,https://news.yahoo.co.jp/articles/6bad4f309a99c58ec0bffd1e6249633c912f745c,7/24(月) 20:21
tsk,農作業の負担を軽減「アシストスーツ」を体験　電気使わない「人工筋肉」搭載タイプも（鳥取・北栄町）,https://news.yahoo.co.jp/articles/8ea45dc9c811748af447fe344ba73f645dcfc2b3,7/24(月) 20:00
tsk,旬の「宍道湖七珍」をふんだんに　松江名物「せいろめし」で回復する観光需要を取り込む（島根・松江市）,https://news.yahoo.co.jp/articles/c16e2ec452e54c6baa9a6c62f657a5463aef36b7,7/24(月) 19:50
tsk,倉吉出身・伯桜鵬を地元から全力応援　鳥取のトレーナーも大躍進支える（鳥取・倉吉市、鳥取市）,https://news.yahoo.co.jp/articles/65efac602e0fcdec623dcbcac3ac04d09b99ad2c,7/24(月) 19:35
tsk,連日の暑さにアルパカは「夏仕様」２４日は山陰各地で「猛暑日」２５日以降も猛暑の見込み（鳥取・島根）,https://news.yahoo.co.jp/articles/7e606a52ec35cd8200cbabbb05590b8f21e635a3,7/24(月) 19:26
tsk,倉吉出身・伯桜鵬　優勝祈り地元でパブリックビューイング（鳥取・倉吉市）,https://news.yahoo.co.jp/articles/3df2d9575209ab854ac70ed82f576aebe8a5a6a9,7/24(月) 12:23
tsk,朝から「真夏日」のところも「危険な暑さ」山陰両県に「熱中症警戒アラート」,https://news.yahoo.co.jp/articles/16495da5d1f327fb4150f8cda8ff79c2843e94bf,7/24(月) 12:19
tsk,事業者撤退で白紙「鳥取砂丘西側エリア」リニューアル　不動産企業グループと協定（鳥取市）,https://news.yahoo.co.jp/articles/7caeeffdcf40b02a14d6a6d347a9705f770684c3,7/22(土) 18:23
tsk,鳥取で３５度猛暑日の暑い一日　あすは山陰各地で猛暑日の予想,https://news.yahoo.co.jp/articles/3cada04e0f0cb9aecceff8eedc24bbe51eaea722,7/22(土) 18:23
tsk,「スイッチバック」こよなく愛すマンガ編集者・江上英樹さんがジオラマでＪＲ木次線を再現（東京都）,https://news.yahoo.co.jp/articles/ee9cf48a0dc7235afec6f2c77bdc180781d1603f,7/22(土) 18:22
tsk,板飛込・米子出身の三上紗也加選手が「世界水泳」７位　パリ五輪代表に内定　山陰勢第１号（福岡）,https://news.yahoo.co.jp/articles/5ccb4f781792bca3b46590ff81907ff655786992,7/22(土) 12:27
