media_en,title_articles,link_articles,date_original
sippo,猫に首輪は必要？　もしものときへの備えと猫のストレス、天秤はどちらに傾く？,https://news.yahoo.co.jp/articles/71b4e1fca437c1c229164c5e625b33c230e35a45,8/14(月) 19:30
sippo,＜うちのニャンコ＞あごのせマスターなんだにゃ　キュートな寝起き顔にきゅん、茶トラ猫「きいちゃん」,https://news.yahoo.co.jp/articles/4ec9025df1c32fade466c206672de6d3f106e132,8/13(日) 10:00
sippo,＜うちのワンコ＞出産と育犬がんばったワン　たくさんの癒やしをもたらしたビーグル「てんてん」,https://news.yahoo.co.jp/articles/3f4cc763b9256ea492870471a5b0f45e7569ca77,8/13(日) 9:50
sippo,＜うちのニャンコ＞今日はお家でまったりくつろぐことにしたにゃ　スコテッシュフォールド「ポコ」,https://news.yahoo.co.jp/articles/d258cdad3ac2e75dd7d4b565c5189cfd8c416fcd,8/13(日) 9:50
sippo,立て続けに起きた愛猫と愛犬の別れ　後悔が残り、これから何ができるのか考えた,https://news.yahoo.co.jp/articles/cb7b44ef1fa5047ecb085cd83b37affeebc03065,8/13(日) 9:40
sippo,飛びつき、かみつきで飼い主を困らせたポメプー　無尽蔵の体力が才能として花開く,https://news.yahoo.co.jp/articles/4fb5e8f6da1fe7bbafb721069e3c7fc3e8ad625b,8/13(日) 9:30
sippo,一目ぼれでポメプーの子犬を迎えたが　寝ない、飛びつき、かみつきで飼い主ボロボロ,https://news.yahoo.co.jp/articles/e26fa3c2b9026c3e73b2e8630ffe82c925143716,8/12(土) 20:20
sippo,いつの間にか患っている「犬依存症」という病　でもメリットもある,https://news.yahoo.co.jp/articles/39e0f0b47c8d5e9647250887d6bd201effcd2ed0,8/11(金) 19:20
sippo,＜うちのワンコ＞ハートの紫陽花を見つけて一緒にパチリ　ツンデレなお姫様、ミックス犬「しふぉん」,https://news.yahoo.co.jp/articles/c55441dd3093665176ddc58b27fb4aceb6df05ea,8/11(金) 19:00
sippo,＜うちのワンコ＞楽しかったな～　お出かけ帰りの車中、寝ずに窓の外を眺めるポメラニアン「ジュエル」,https://news.yahoo.co.jp/articles/45bbd332eb33fa44bad9ff3aa25d413022097d1c,8/9(水) 19:10
sippo,＜うちのワンコ＞なでてアピールが上手だよ　甘えん坊な姿で心を奪うトイプードル「キャンディ」,https://news.yahoo.co.jp/articles/edc989ebfc54edf7c110531e1fbe7a114b26df51,8/9(水) 19:02
sippo,＜うちのニャンコ＞驚き過ぎて大騒ぎ！？　家族全員をパニック状態にする元気なミックス猫「きっぴ」,https://news.yahoo.co.jp/articles/6ae774f3bcce656d9b534c413ed48bd59e1e4aa8,8/9(水) 18:10
sippo,＜うちのワンコ＞山間の静かな場所をゆっくり散策してご機嫌顔　ポメラニアンの「ネオ」,https://news.yahoo.co.jp/articles/d7e2e57ee5027d9c3be44d0d60277b6f0d78ef80,8/8(火) 19:20
sippo,苦戦する飼い主を助け動物の健康を守る　愛玩動物看護師が始めた歯みがき教室,https://news.yahoo.co.jp/articles/80cec2155f0d5918890761f3f70c3d26c22290ef,8/8(火) 18:02
sippo,＜うちのワンコ＞家族で出かけた公園のあじさいの美しさと共にパチリ！　ミックス犬「蘭丸」,https://news.yahoo.co.jp/articles/3797fc7aa80c666ad8e803dac59bd2c1bdc712b5,8/5(土) 21:20
sippo,「採尿をし、動物病院で検査をしたい」　穏やかな晩秋、愛猫「はち」のトイレを見直す,https://news.yahoo.co.jp/articles/fa20b37e63c1fe3a87f1cde0b4f6e77986e9a072,8/5(土) 19:50
sippo,＜うちのワンコ＞お散歩でお寺を訪問したワン　あじさいとにっこりするポメラニアン「姫」,https://news.yahoo.co.jp/articles/4208664467e09291d56b39ca9ec4af48eedea605,8/4(金) 20:20
sippo,＜うちのニャンコ＞3泊4日、宿を転々と観光しながら九州へ　倉敷を満喫する雑種猫「ポポ」,https://news.yahoo.co.jp/articles/d6aac2a0d32985a9aa161916f49348c54784d081,8/4(金) 10:40
sippo,＜うちのワンコ＞やったぁ～おやつだ！　キラキラ輝く瞳がたまらない、チワワ「なな」,https://news.yahoo.co.jp/articles/65e7fb38b86d54fd9ac3bdf8907a26a7de4857b3,8/4(金) 10:10
sippo,＜うちのニャンコ＞朝食の後が至福の時間なんだにゃ　のんびりくつろぐメインクーン「小次郎」,https://news.yahoo.co.jp/articles/6301de8133a89a8dab19e1c5192d950c66d075c9,8/4(金) 10:10
sippo,小児がんや重病の子どもたちの心をケア　ファシリティドッグの力が明らかに！,https://news.yahoo.co.jp/articles/e31b7e345e8544422852f1bf823bd3e4c44b118a,8/4(金) 7:05
sippo,＜うちのニャンコ＞シニアだけどやることはまだまだお子ちゃま　無心で遊ぶミックス猫「のぶなが」,https://news.yahoo.co.jp/articles/97030bebb334feb7e909caf23289b8d3e70bb918,8/3(木) 19:10
sippo,＜うちのニャンコ＞ヘソ天で寝ることが多いブリティッシュの「きなこ」　リラックス中だにゃ～,https://news.yahoo.co.jp/articles/b5b7ae50bb7c9884856f9754062479dcaebccd53,8/3(木) 13:10
sippo,＜うちのニャンコ＞おはようの一枚　花飾りがとっても似合うおしゃべり上手なペルシャの「みーちゃん」,https://news.yahoo.co.jp/articles/eb577b993590b8cb5cc614c1693bca648bec90d1,8/3(木) 6:20
sippo,夏といえば花火、お祭り、プール　お太りさま猫ぐっぴーの目的は？,https://news.yahoo.co.jp/articles/02d9c59afd08538afa16e36606681b7adb9304fa,8/2(水) 19:03
sippo,子供みたい！　工夫を凝らしたトッピングも野菜だけを器用に残す、元保護犬「福」,https://news.yahoo.co.jp/articles/3a85e265bf293e9f8bd871d758f821f81b838d9c,8/2(水) 7:03
sippo,柴犬のしつけや問題行動に困ったら？　相談先の選び方とメリット・デメリット,https://news.yahoo.co.jp/articles/e5e2aa6a5c60ad21af4c32ede42287500e2834cf,8/2(水) 6:50
sippo,旅館の中庭にある保護猫シェルター「猫庭」　きっかけは1匹の猫との出会いだった,https://news.yahoo.co.jp/articles/5d89f93626d36218c5f9d2d616654d1a168fe4f6,8/1(火) 19:10
