media_en,title_articles,link_articles,date_original
getsuriku,y—¤ãz¢ŠE—¤˜A‚ªV‚½‚È‘ã—l§“x‚ğ§’è ‘ã—l‚Íƒ‰ƒCƒZƒ“ƒX§‚É@ƒnƒ‰ƒXƒƒ“ƒg‘Îô‚àV‚½‚É”­•\,https://news.yahoo.co.jp/articles/69363aabb8d9f2a21cd711db3fcc9ebe9916f775,8/16(…) 13:26
getsuriku,y—¤ãz’jq400mƒm[ƒ}ƒ“‚ªƒuƒ_ƒyƒXƒg¢ŠE—¤ã‚ÌŒ‡ê‚ğ•\–¾ uƒpƒŠŒÜ—Ö‚ÉW’†‚·‚év,https://news.yahoo.co.jp/articles/1610795f25bbf01ce9dbaf4f39afe06538975f9f,8/16(…) 13:03
getsuriku,y—¤ãzU20¢ŠE‘IèŒ ‚ÌŠJÃ’n‚ªŒˆ’èI 24”N‚Íƒyƒ‹[EƒŠƒ}A26”N‚Í•Ä‘EƒIƒŒƒSƒ“ 25”N¢ŠEƒ[ƒhƒ‰ƒ“ƒjƒ“ƒO‘IèŒ ‚ÍƒTƒ“ƒfƒBƒGƒS‚ÅŠJÃ,https://news.yahoo.co.jp/articles/1d0fb8954ba3955179fc54a2cd7f01b48ec54b1a,8/16(…) 12:58
getsuriku,y¢ŠE—¤ãz—q100mHE“c’†—C”ü‚Í‰•‘‘ä‚É‹C•‰‚¢‚È‚µuŠy‚µ‚İ‚È‹C‚¿‚ª‘å‚«‚¢v,https://news.yahoo.co.jp/articles/1bc2009192675aa7f7525254ca85230ce98444d2,8/15(‰Î) 22:11
getsuriku,y¢ŠE—¤ãz‰‚Ì¢ŠE‚É’§‚Ş’jq200mƒAƒWƒA‰¤ÒE‰LàV”ò‰Hu‚â‚é‚±‚Æ‚Í‚â‚Á‚Ä‚«‚½v,https://news.yahoo.co.jp/articles/162b232a154d8106ce4ad5ea1c202cc8f9869259,8/15(‰Î) 21:27
getsuriku,y¢ŠE—¤ãzò’Jx‰î‚ª’jq110mH“ú–{l‰ŒˆŸ‚Ö©Muƒtƒ@ƒCƒiƒ‹‚ÌŒiF‚ğŒ©‚ÄƒpƒŠ‚Öv,https://news.yahoo.co.jp/articles/c60fbf94ccf66ff49254c5ebeea8da7c06f08f1b,8/15(‰Î) 20:55
getsuriku,y—¤ãz‹Ë¶ËG‚ª¯–ìŒ¹‚³‚ñ‚ÌV‹Èu¶–½‘ÌvMV‚Éo‰‰I ¢ŠE—¤ãEƒAƒWƒA‘å‰ïTBSŒnƒe[ƒ}ƒ\ƒ“ƒO,https://news.yahoo.co.jp/articles/bc9e4a5e2c22d1ea2229930a0f392d1a6154d2e9,8/14(Œ) 17:39
getsuriku,ƒuƒ_ƒyƒXƒg¢ŠE—¤ã ƒ}ƒCƒ‹ƒŠƒŒ[‘ã•\‚ÌŠâè—§—ˆ‚ªƒPƒK‚Ì‚½‚ß«‘Ş “ü‚ê‘Ö‚¦E’Ç‰ÁµW‚Í‚È‚µ,https://news.yahoo.co.jp/articles/0666c04331a3d5a42fcb4db07d16d2de69704779,8/14(Œ) 16:17
getsuriku,y—¤ãzƒ‰ƒƒX‚ÆƒJƒEƒl‚ª’†’·‹——£2Š¥ ’jq‘–•’µ‚Åƒtƒ‹ƒ‰[ƒj‚ª8m23‚Ì‘å‰ïVV^U20‰¢B‘IèŒ ,https://news.yahoo.co.jp/articles/b7f98284ea80292f9a6e9b463ba3f0d2053e8de2,8/14(Œ) 12:18
getsuriku,y—¤ãz‘‘å‚ª’j—‚Æ‚à‚ÉV ’jq4~200mR‚Í“ú–{‹L˜^‚É0.38•b‚Æ”—‚é^‘Œc‘ÎR—¤ã,https://news.yahoo.co.jp/articles/530a62fc07411b97e4ad40d7d6756e7d19951281,8/14(Œ) 12:14
getsuriku,y—¤ãzƒnƒ“ƒ}[“ŠEA¼’¼‹I‚ªˆø‘Ş 16”N“ú–{‘IèŒ 2ˆÊuÅŒã‚Ü‚Å‚â‚èØ‚é‚±‚Æ‚ª‚Å‚«‚½v,https://news.yahoo.co.jp/articles/2e28cdb3ace5dff99d373858aa96a7010320b74d,8/13(“ú) 12:01
getsuriku,y¢ŠE—¤ãz100m‚Ìâˆä—²ˆê˜Yu’²q‚Íã‚ª‚Á‚Ä‚¢‚év‚Æè‰‚¦ 4Œp‚Íuƒ`[ƒ€ˆêŠÛ‚Æ‚È‚Á‚Äƒƒ_ƒ‹‚ğv,https://news.yahoo.co.jp/articles/08e75bfe825f01aa9940f578997a9965858251d7,8/12(“y) 22:25
getsuriku,y¢ŠE—¤ãz’†“‡—C‹CƒWƒ‡ƒZƒt400m‚ÅŒˆŸ–Ú•W ƒ}ƒCƒ‹ƒŠƒŒ[‚Íƒƒ_ƒ‹‘_‚Á‚ÄÄ‚ÑƒAƒ“ƒJ[Šó–],https://news.yahoo.co.jp/articles/3c52b9514fa06308495259d24934d17060ee1d34,8/12(“y) 21:38
getsuriku,y¢ŠE—¤ãz3000máŠQ‚ÌO‰Y—´i‚ªƒuƒ_ƒyƒXƒgo”­u‚µ‚Á‚©‚èãˆÊ“üÜA•\²‘ä‚ğ–Úw‚µ‚½‚¢v,https://news.yahoo.co.jp/articles/779b801927abeaf94a2ca0fd1710239127fe9b2d,8/12(“y) 20:53
getsuriku,y—¤ãzƒLƒvƒŠƒ‚‚ª‰E‘¾‚à‚à‚ÌŒÌá‚Åƒuƒ_ƒyƒXƒg¢ŠE—¤ãŒ‡ê “Œ‹ŒÜ—Ö&ƒIƒŒƒSƒ“1–œm“º‚Åƒn[ƒt¢ŠE‹L˜^•ÛÒ,https://news.yahoo.co.jp/articles/c72ac759e4d8c862ba6e5881b01dfb1f3b87230d,8/12(“y) 12:43
getsuriku,y—¤ãz400mH¢ŠE‹L˜^•ÛÒƒ}ƒNƒ[ƒŠƒ“EƒŒƒ”ƒƒ“‚ª•G‚ğ’É‚ß‚Äƒuƒ_ƒyƒXƒg¢ŠE—¤ãŒ‡ê,https://news.yahoo.co.jp/articles/20892ebb153ebfe092bf034c86f8c577e2f25bf2,8/12(“y) 11:46
getsuriku,y—¤ãz100mU20¢ŠEV‚ÌƒAƒVƒ“ƒKAˆ¤OH‹Æ‚ÌƒPƒ‚ƒC‚ªƒh[ƒsƒ“ƒOˆá”½‚Åb’è‘Ši’â~ˆ•ª,https://news.yahoo.co.jp/articles/2ec1d65826ad255eac8a033f1757c4aa947c767d,8/12(“y) 10:56
getsuriku,y—¤ãz’jq100m‚ÅRãp—º‘¾‚ª10•b36•10•b35 ¢ŠE—¤ã‘ã•\E…‹v•ÛŸùŠ‚Í10•b24‚Ìƒgƒbƒvƒ^ƒCƒ€^SANOƒXƒvƒŠƒ“ƒg,https://news.yahoo.co.jp/articles/7b803c98b350b58af3719ec37524e49c03b037d2,8/11(‹à) 18:30
getsuriku,y—¤ãz24”NA25”N‘S“ú–{À‹Æ’c‘ÎR‘IèŒ ‚Ì‰ïê‚ÍRŒû‚ÉŒˆ’è!! “¯’n‚Å10”N‚Ô‚è‚ÌŠJÃ,https://news.yahoo.co.jp/articles/3c1d7f00ca56d34aa91aca24939f8a2f0444454f,8/11(‹à) 14:27
getsuriku,y—¤ãz’j—¬‡ƒŠƒŒ[‹àƒƒ_ƒ‹‚ÌƒRƒtƒBƒ‹‚ªƒuƒ_ƒyƒXƒg¢ŠE—¤ãoê‚ğæ‚è‚â‚ß@¾•a‚ÅƒeƒXƒgƒXƒeƒƒ“’l‚ªŠî€’l’´‚¦‚ÆŒ»’n•ñ“¹,https://news.yahoo.co.jp/articles/ca77d8ea630415b0a80a715f0e124d44c9781eb0,8/11(‹à) 13:41
getsuriku,y—¤ãzƒjƒ…[ƒˆ[ƒNƒVƒeƒBƒ}ƒ‰ƒ\ƒ“‚Å—q¢ŠE‹L˜^•ÛÒEƒRƒXƒQƒCA“Œ‹ŒÜ—Ö‹à‚ÌƒWƒFƒvƒ`ƒ‹ƒ`ƒ‹Aƒ{ƒXƒgƒ“V‚ÌƒIƒrƒŠ‚ªŒƒ“ËI,https://news.yahoo.co.jp/articles/43a4ca461fd64a460cccf04282d8fff4c414c4c0,8/11(‹à) 13:18
getsuriku,y—¤ãzƒuƒ_ƒyƒXƒg¢ŠE—¤ã‚ÌƒGƒ“ƒgƒŠ[”­•\IƒJ[ƒŠ[Aƒfƒ…ƒvƒ‰ƒ“ƒeƒBƒXAƒtƒŒƒCƒU[Eƒvƒ‰ƒCƒXAƒLƒsƒGƒSƒ“‚ç¢ŠE‚ÌƒXƒ^[‚ªWŒ‹I,https://news.yahoo.co.jp/articles/e7026b235ffb59850f922c00be0a39117e9e3e5d,8/11(‹à) 12:45
getsuriku,y—¤ãzˆ¤•Q‘S’†‚Ìƒ^ƒCƒ€ƒe[ƒuƒ‹”­•\ ÅI“ú‚Ì25“ú‚É’–Ú‚Ì’jq100m‚Æ’j—‚Ìƒn[ƒhƒ‹ŒˆŸ 200m‚Æ800m‚Í23“úŒˆŸ,https://news.yahoo.co.jp/articles/2a4bf78427823f726250b699b28d575920cd067d,8/10(–Ø) 19:45
getsuriku,y—¤ãzyƒhƒLƒ…ƒƒ“ƒgz¡”N‚à•Ÿˆä‚Ì‰Ä‹ó‚Éã‚ª‚Á‚½D‹L˜^˜A”­‚Ìg‰Ô‰Îh —ˆ”N‚Íu‚à‚Á‚ÆŠy‚µ‚ñ‚Å‚à‚ç‚¦‚é‚æ‚¤‚Év^•ŸˆäƒiƒCƒgƒQ[ƒ€ƒY,https://news.yahoo.co.jp/articles/890f03703cf1885ef280dcd1e6a16c465641159d,8/10(–Ø) 17:52
getsuriku,y—¤ãz“úŠØ’†ƒWƒ…ƒjƒAŒğ—¬‘å‰ï‘ã•\Œˆ’èI•–ØŠCãÄA—Ñ”üŠóAƒhƒ‹[ƒŠ[‚ç22l ˜a‰ÌRŒ§‚Å4”N‚Ô‚èŠJÃ,https://news.yahoo.co.jp/articles/e96ca1af50f401e0e87a5a714214c71637d02e3a,8/10(–Ø) 16:43
getsuriku,yƒVƒ…[ƒYî•ñzƒ~ƒYƒm‚ª‰õ“K‚È—š‚«S’n‚ÆŒy—Ê‰»‚ğ’Ç‹‚µ‚½uWAVE RIDER 27v‚ğ8Œ25“ú‚©‚ç”­”„I,https://news.yahoo.co.jp/articles/8c3367b131d576a52459d89613bde29aeb8b4610,8/10(–Ø) 13:43
getsuriku,y—¤ãz—§–½‘å—qŒ»–ğŠw¶‰‚Ì¢ŠE—¤ã‚ÖI400mHER–{ˆŸ”ü•20‡q‹£•àE–öˆäˆ»‰¹‚Æ‚à‚Éƒuƒ_ƒyƒXƒg‚Åu©ŒÈV‚ğv,https://news.yahoo.co.jp/articles/6fea90582833de69ed3b62de7ba856dede58530d,8/10(–Ø) 11:59
getsuriku,y—¤ãzSANOƒXƒvƒŠƒ“ƒg‚Ì100m‚ÉRãp—º‘¾‚ªƒGƒ“ƒgƒŠ[ ƒuƒ_ƒyƒXƒg¢ŠE—¤ã‘ã•\‚Ì…‹v•ÛŸùŠ‚àoê@11“ú‚É²–ìs‚ÅŠJÃ,https://news.yahoo.co.jp/articles/5eb1d0f70a8d5ba3c662dc3a1853dc9df9f6ff49,8/9(…) 20:59
getsuriku,y—¤ãzƒuƒ_ƒyƒXƒg¢ŠE—¤ã‚Ìƒoƒnƒ}‘ã•\‚ª”­•\ 4Œ‚É‘æˆêqoY‚Ìƒ~ƒ‰[EƒEƒCƒ{‚ªoêI ’jq400mƒK[ƒfƒBƒi[‚Í2‘å‰ï‚Ô‚è‹à‚Ö,https://news.yahoo.co.jp/articles/0904b9d19efa9c3c03e048376de23e6e88e9e64e,8/9(…) 13:24
getsuriku,y—¤ãzƒxƒ‰ƒ‹[ƒV‚©‚ç–S–½‚ÌƒcƒBƒ}ƒmƒEƒXƒJƒ„‚ªƒ|[ƒ‰ƒ“ƒh‘ã•\‚Æ‚µ‚Äƒuƒ_ƒyƒXƒg¢ŠE—¤ãoê‰Â”\‚É,https://news.yahoo.co.jp/articles/e3fb9163c2fbc88b15ed9b95e0c6d944b1fe7093,8/9(…) 13:02
getsuriku,ƒNƒC[ƒ“ƒY‰w“`‚Ì‘æ1E‘æ2’†ŒpŠ‚ª•ÏX‚É ƒRƒƒi‰Ğ‚©‚ç‚Ì‰ñ‹A‚Æ•Ÿ“‡Œ§‰«’nk‚Ì‰e‹¿,https://news.yahoo.co.jp/articles/d6c36295fcab2b85106ff85c0cc6bf8633dccb68,8/8(‰Î) 21:48
getsuriku,“ú–{lƒG[ƒX‹æŠÔ‚Í2‹æ‚ÉIƒjƒ…[ƒCƒ„[‰w“`‚Ì‹æŠÔŠ„‚ª•ÏXu“ú–{Å‘¬‰w“`‚Ì‘çŒí–¡v‚ğ‚æ‚è‘O–Ê‚É,https://news.yahoo.co.jp/articles/8eadc58bc87c7db32e7417b00a89cd26ad9891b0,8/8(‰Î) 21:14
getsuriku,y—¤ãzu¡‚Ü‚Å‚Åˆê”Ô‚Ì¢ŠE—¤ã‚Év“c’†ŠóÀ‚ªƒuƒ_ƒyƒXƒg¢ŠE—¤ã‚ÉŒü‚¯‚Äè‰‚¦,https://news.yahoo.co.jp/articles/639f2fe26ae04f2391e1f8bbd11b826b013e34f6,8/8(‰Î) 18:33
getsuriku,y—¤ãz’jqå«E²“¡Œ‘¾˜Yu“ú–{‚Ì400m‚ª¢ŠE‚É’Ê—p‚·‚é‚±‚Æ‚ğŒ©‚¹‚½‚¢vŒÂl‚Íƒtƒ@ƒCƒiƒ‹AƒŠƒŒ[‚Íƒƒ_ƒ‹–Úw‚·,https://news.yahoo.co.jp/articles/4362d1a25f3cafa4ca94cd3a81c7e287766876c7,8/8(‰Î) 17:51
getsuriku,y—¤ãzu¢ŠEƒgƒbƒv‚Ö‚ÌŠmŒÅ‚½‚é¬Ñ‚ğvƒuƒ_ƒyƒXƒg¢ŠE—¤ã“ú–{‘ã•\Œ‹’c®‚ğŠJÃIå«‚Í²“¡Œ‘¾˜Y‚Æ–kŒûY‰Ô,https://news.yahoo.co.jp/articles/60e190182b0ee910b2148918ba8593b8d721dd9c,8/8(‰Î) 17:18
getsuriku,y—¤ãz5“x–Ú‚Ì¢ŠE—¤ã‚Å”ßŠè‚Ìƒtƒ@ƒCƒiƒ‹‚ÖA’jq200mE”Ñ’ËãÄ‘¾uv‚¢Ø‚èí‚¤‚±‚Æ‚¾‚¯l‚¦‚Äs‚Á‚Ä‚«‚Ü‚·Iv,https://news.yahoo.co.jp/articles/36634a9c80efbc7a0a9bc9973b9875d00bc9f04d,8/8(‰Î) 14:23
getsuriku,y—¤ãz’jq100m‚Å’†3E•ĞR‰l‘¾‚ª10•b56‚Ì’†Šwƒ^ƒC‹L˜^ ŒˆŸ‚à10•b57‚ÆDƒ^ƒCƒ€˜A”­^ŠÖ“Œ’†Šw,https://news.yahoo.co.jp/articles/402890f2073386c97329e38ad7f1aa5fd562939a,8/8(‰Î) 13:38
getsuriku,y—¤ãz•Ä‘‚ª¢ŠE—¤ã‘ã•\”­•\IƒJ[ƒŠ[Aƒ‰ƒCƒ‹ƒYAƒNƒ‹[ƒU[AƒzƒƒEƒFƒCAƒ}ƒNƒ[ƒŠƒ“‚çƒI[ƒXƒ^[!!ƒm[ƒ}ƒ“400m‚Å‘ã•\,https://news.yahoo.co.jp/articles/17c95b06668e9a495ff4e87e0db0e265f2fd31ac,8/8(‰Î) 12:18
getsuriku,ƒuƒ_ƒyƒXƒg¢ŠE—¤ã “ú–{‘ã•\’Ç‰Á”­•\I”Ñ’ËãÄ‘¾‚ÆŠİ–{‘éK‚ª5“x–Ú‚Ì‘ã•\A•¿àV’qÆA»“cî–íAR–{ˆŸ”ü‚ç‰‘ã•\,https://news.yahoo.co.jp/articles/7701461447d25c1557d19e762903d1864f954be0,8/8(‰Î) 12:13
getsuriku,y—¤ãz400m²“¡•—‰ë ƒuƒ_ƒyƒXƒg¢ŠE—¤ãu44•b‘ä‘O”¼‚ÅŒˆŸ‚Övƒ}ƒCƒ‹ƒŠƒŒ[‚Å‚à”ßŠè‚Ìƒƒ_ƒ‹‚ğ‘_‚¤,https://news.yahoo.co.jp/articles/81156bd57a5530edef727a535017ed462442eb20,8/7(Œ) 19:54
getsuriku,y—¤ãz‚â‚è“ŠEƒfƒB[ƒ“Œ³‹CuŒÀŠE‚ğì‚ç‚¸v‚¢‚«‚Á‚Ävc‚è3TŠÔ‚Ådã‚°‚É“ü‚é,https://news.yahoo.co.jp/articles/9cd1664d8cbdb4ece910dbb7395621ad4acb989a,8/7(Œ) 19:51
getsuriku,y—¤ãz100mH•Ÿ•”^qA110mH‘º’|ƒ‰ƒVƒbƒhA‘–‚’µE£ŒÃ—D“l‚çoê‘Ši“¾‚é‚àƒuƒ_ƒyƒXƒg¢ŠE—¤ã‘ã•\“ü‚è‚È‚ç‚¸ ‚·‚Å‚ÉƒpƒŠŒÜ—Ö–Úw‚µƒŠƒXƒ^[ƒg,https://news.yahoo.co.jp/articles/f6f2f3dd0e445cc7857b170b2b049fffbcc95ac5,8/7(Œ) 17:45
getsuriku,y—¤ãz‚â‚è“ŠE–kŒûY‰Ô ƒuƒ_ƒyƒXƒg¢ŠE—¤ã‚Öu–Ú•W‚Íƒƒ_ƒ‹vu‚¿‚å‚Á‚Æ‚Å‚à“ú–{‹L˜^v,https://news.yahoo.co.jp/articles/5627077da3dcea8ab802a5fef8f17852dea5ea7d,8/7(Œ) 17:17
getsuriku,y—¤ãzƒuƒ_ƒyƒXƒg¢ŠE—¤ãujãÅ‹­ƒƒ“ƒo[v‚Å’§‚Ş Rèˆê•F‹­‰»ˆÏˆõ’·‚ªˆÓ‹C‚İ,https://news.yahoo.co.jp/articles/d60d25afa61facbc586c5b4e0047cbb4c6ceb418,8/7(Œ) 13:14
getsuriku,‚¢‚´Aƒuƒ_ƒyƒXƒg¢ŠE—¤ã‚Ö!!“ú–{‘ã•\63l‚ª”­•\ ƒTƒjƒuƒ‰ƒEƒ“A“c’†ŠóÀ‚ç‘ã•\“ü‚èAƒAƒWƒA‰¤ÒE“càV—õ‚ª2‘å‰ï˜A‘±‚Â‚©‚Ş,https://news.yahoo.co.jp/articles/72f6afc2292b7cf56213fb7372a6d492d7bc9ed2,8/7(Œ) 12:13
getsuriku,y—¤ãzƒuƒ_ƒyƒXƒg¢ŠE—¤ã‚ÌƒWƒƒƒ}ƒCƒJ‘ã•\‚ª”­•\I —‰¤EƒtƒŒƒCƒU[Eƒvƒ‰ƒCƒX‚Í100mA200m‚ÉƒGƒ“ƒgƒŠ[ “Œ‹ŒÜ—Ö3Š¥‚Ìƒgƒ“ƒvƒ\ƒ“Eƒwƒ‰[‚ÍƒŠƒŒ[‚Ì‚İ,https://news.yahoo.co.jp/articles/7b2c57c9d1c11518ba58b92cebc4f4683846a791,8/7(Œ) 11:55
getsuriku,y—¤ãz“Œ•Ÿ‰ª ”ßŠè‚Ì’jq‘‡VIå«‚ÌŸºããÄ‘¾u‚İ‚ñ‚È‚ªŠæ’£‚Á‚½Ï‚İd‚ËvŒ§¨41”N‚Ô‚è“ú–{ˆê^–kŠC“¹IH,https://news.yahoo.co.jp/articles/fb4d69ba5e73400c0ebd954056450cb399738bc2,8/7(Œ) 7:01
getsuriku,y—¤ãz¼ã¤‚ª—q‘‡Œ§¨50”N‚Ô‚èVI“Š‚Ä‚«‚Å“¾“_Ï‚İã‚°s‘D‹´‚Æ“¯‹L˜^Œƒí§‚·^–kŠC“¹IH,https://news.yahoo.co.jp/articles/7d28bfb88565fc4d533f972915a74ef8f4fcf4c5,8/7(Œ) 7:01
getsuriku,y—¤ãzŒƒ“¬‚ÌÅI“úI3000máŠQE‰iŒ´éD–‚ª‚ZVA—Ñ”üŠó100mH˜A”e “Œ•Ÿ‰ªƒ}ƒCƒ‹jã‰‚Ì3˜A”e O’i’µE“cŒû˜ĞŠy‚Í‘å‰ïV^–kŠC“¹IH,https://news.yahoo.co.jp/articles/701bef3ef0fd84e3e8f96171efae376a009c7407,8/7(Œ) 7:00
getsuriku,y—¤ãz–kì¯—Ú‚ª—qƒn[ƒtƒ}ƒ‰ƒ\ƒ“‚ÅVI5000mˆÀŒ´‘¾—z‚Í‹î‘å‚Ì“`“‚Â‚È‚®‹â@“ú–{‚Í‹à2A‹â4A“º5‚ÌŠˆ–ô^ƒ†ƒjƒo,https://news.yahoo.co.jp/articles/343ba0bbefa6422fc2e0be5e5095217362959346,8/7(Œ) 7:00
getsuriku,y—¤ãz‚â‚è“ŠE–kŒûY‰Ô ƒhƒCƒcEƒIƒbƒtƒFƒ“ƒuƒ‹ƒN‚Å61m88‚ğ“Š‚°‚Ä—DŸ^WAƒRƒ“ƒ`ƒlƒ“ƒ^ƒ‹ƒcƒA[,https://news.yahoo.co.jp/articles/e3922326f265100db3f9e87950ec9ce94995e05f,8/6(“ú) 22:34
getsuriku,y—¤ãz•Ä‘‚Ì10kmƒ[ƒhƒŒ[ƒX‚Å¬‘³‰pl‚ª9ˆÊAˆÉ“¡’B•F‚Í11ˆÊ —q‚ÍìŒû“‰À‚ª“ú–{lƒgƒbƒv,https://news.yahoo.co.jp/articles/c62948bdfd6ffac2640d9f4d5a36e0fb29a6bb30,8/6(“ú) 21:44
getsuriku,y—¤ãz‹î‘åEˆÀŒ´‘¾—z 5000m‹âƒƒ_ƒ‹Iƒ‰ƒXƒgŸ•‰‚Å‚í‚¸‚©‹£‚è•‰‚¯‰÷‚µ‚³‚ ‚Ó‚ê‚é^ƒ†ƒjƒo,https://news.yahoo.co.jp/articles/ad771d482f77658b508cff8c18b737e616323ad1,8/6(“ú) 21:21
getsuriku,y—¤ãz36”N‚Ô‚è–kŠC“¹ƒCƒ“ƒ^[ƒnƒC•Â–‹ MVP‚Í‰iŒ´éD–‚Æ‘ë–ì–¢—ˆ ‘ÎZ‚Í’jqE“Œ•Ÿ‰ªA—qE¼ã¤‚ª‚Æ‚à‚É‰§”e,https://news.yahoo.co.jp/articles/2445e0caa467ba07bcc4f5070c96f1e24dc65236,8/6(“ú) 19:52
getsuriku,y—¤ãz60m“ú–{‹L˜^•ÛÒEìã‘ñ–ç‚ªˆø‘ŞƒŒ[ƒX ’†‘å‘ã‚ÉU20¢ŠE‘IèŒ ‘ã•\A‹Ë¶A¬’r‚ç“¯¢‘ã‚Æ‚Æ‚à‚É‹P‚­,https://news.yahoo.co.jp/articles/9765e39f34cec61d5773a248d742eadb3e5b3d46,8/6(“ú) 19:00
getsuriku,y—¤ãz‘½“cC•½10•b20‚ÅV 200m’ß“c—æ”ü‚ªƒZƒJƒ“ƒhƒxƒXƒg‚Ì23•b27^•xm–k˜[ƒ[ƒ‹ƒhƒgƒ‰ƒCƒAƒ‹,https://news.yahoo.co.jp/articles/10c144892ac309e9f4005a699fcc5e0362f5cce7,8/6(“ú) 18:22
getsuriku,y—¤ãz3000máŠQ 8•ª32•b12‚Ì‚ZVVE‰iŒ´éD–u«—ˆ‚Í¢ŠE‚ÅŠˆ–ô‚Å‚«‚é‘Iè‚Év^–kŠC“¹IH,https://news.yahoo.co.jp/articles/bd74f58c39427504727a05145d3daaabd0d35b7f,8/6(“ú) 17:25
getsuriku,y—¤ãz3000máŠQE‰iŒ´éD–8•ª32•b12‚ÌÕŒ‚‚ZVV!! ©g‚Ì‹L˜^4•b‹ß‚­XV ²‹v’·¹ƒgƒŠƒvƒ‹“üÜ^–kŠC“¹IH,https://news.yahoo.co.jp/articles/1450b1d3f439b804f16ef66e869f71a8495d4189,8/6(“ú) 16:35
getsuriku,y—¤ãz’jqƒn[ƒt’†‰›Šw‘åE‹g“c—çu‚ª“ú–{¨ƒgƒbƒv‚Ì4ˆÊ ‹î‘åEÂŒ´6ˆÊA–@‘åE¼‰i13ˆÊ‚Å’c‘Ì‚Í“ºƒƒ_ƒ‹^ƒ†ƒjƒo,https://news.yahoo.co.jp/articles/d8e06ca82efd8a33fe07dc8bf4a2c6a3b02e5ec5,8/6(“ú) 11:44
getsuriku,y—¤ãz‘åãŒ|‘åE–kì¯—Ú‚ªƒn[ƒtƒ}ƒ‰ƒ\ƒ“êŒM‚Ì‹àI¡‹G”ò–ôA7Œ‚É¼’|Œ|”\Š‘®^ƒ†ƒjƒo,https://news.yahoo.co.jp/articles/cc5373b0196b25938f463ea34674cc331e61439d,8/6(“ú) 11:25
getsuriku,y—¤ãz“ú–{¨‚ªƒƒ_ƒ‹ƒ‰ƒbƒVƒ…I 110mHE–L“cŒ“‚ªŠw¶¢ŠEˆê‚É —q5000mRí•‚è‚³‚Í”S‚Á‚Ä“º ’jq20km‹£•à‚Íäİšæt‹P‚ª“ºƒƒ_ƒ‹A’c‘Ì‹â^ƒ†ƒjƒo,https://news.yahoo.co.jp/articles/8bbf63be930ba53f9e9976fe49dad2199cf99898,8/6(“ú) 7:01
getsuriku,y—¤ãzO’i’µE’†“cŠM“l‚ª’Ç‚¢•—‚Éæ‚Á‚ÄƒrƒbƒOƒWƒƒƒ“ƒv‚Å‹t“]Vu©•ª‚ğM‚¶‚Ä’µ‚Ñ‚Ü‚µ‚½v^–kŠC“¹IH,https://news.yahoo.co.jp/articles/4fb0976c4df892ac06821f85eb8ea7f8e241fcd6,8/6(“ú) 7:01
getsuriku,y—¤ãz—‰¤E—Ñ”üŠóIµí‹£‹Z5244“_‚Å˜A”eu–Ú•W‚ğ‚©‚È‚¦‚ç‚ê‚½vÅI“ú100mH‚Æ2”N˜A‘±2Š¥‚Ö^–kŠC“¹IH,https://news.yahoo.co.jp/articles/6826ee701cc17c4274ba7c3f4c7a24eef5935ead,8/6(“ú) 7:00
getsuriku,y—¤ãz110mHŒc‘åE–L“cŒ“‚ª‹àƒƒ_ƒ‹I‘Û‘å‰ï“ú–{‰‚Ì‰õ‹“ —\‘I‚Å13•b29‚ğƒ}[ƒN 400mHA400m‚à‚±‚È‚·ƒ}ƒ‹ƒ`ƒXƒvƒŠƒ“ƒ^[^ƒ†ƒjƒo,https://news.yahoo.co.jp/articles/ba9cf3aa7596c3035a3c1d2f7186b853a221d640,8/5(“y) 22:41
getsuriku,y—¤ãz’j—‚Æ‚à100mE200m2Š¥I•–ØŠCãÄu‚ ‚Æ‚Í’‡ŠÔ‚ğ‰‰‡vRŒ`ˆ¤‰Hu‰½“x‚à‚ ‚«‚ç‚ß‚»‚¤‚Év^–kŠC“¹IH,https://news.yahoo.co.jp/articles/a77bd1d204cc664ef44177392677671853ac3e7a,8/5(“y) 18:44
getsuriku,y—¤ãzŒã“¡–²‚ª•Ä‘‚Å1500m4•ª09•b61‚ÌƒV[ƒYƒ“ƒxƒXƒg ©ŒÈ‹L˜^‚É”—‚éD‹L˜^^WAƒRƒ“ƒ`ƒlƒ“ƒ^ƒ‹ƒcƒA[,https://news.yahoo.co.jp/articles/ca861316701fe51bb7db47a83bd9b1b731758cc0,8/5(“y) 16:41
getsuriku,y—¤ãz’jq800mE2”N¶—‡W‚ª‘å‰ïV‚Ì1•ª47•b92I“¯í–ÚŒ§¨34”N‚Ô‚èVuƒ‰ƒXƒgŸ•‰‚Ì€”õ‚µ‚Ä‚¢‚½v^–kŠC“¹IH,https://news.yahoo.co.jp/articles/2f76a5a3bed90022d9d911a834808c45041d384a,8/5(“y) 15:44
getsuriku,y—¤ãz—q800mƒ‹[ƒL[E‹v•Û™z‚ª‘S’†‚É‘±‚¢‚Ä“ú–{ˆêu‚Ü‚³‚©Ÿ‚Ä‚é‚Æ‚ÍvŒ³ƒTƒbƒJ[­—A]ŒZ’í‚Í‹v•ÛŒš‰p^–kŠC“¹IH,https://news.yahoo.co.jp/articles/025366a4138795c5f6eae8acdd492968332f0728,8/5(“y) 14:34
getsuriku,y—¤ãzuƒv[ƒ}v‚ªVŠƒE–­‚‚ÉŠw¶‰w“`‘IèŒü‚¯ƒPƒAƒnƒEƒX‚ğƒI[ƒvƒ“Aƒ‰ƒ“ƒjƒ“ƒOsê‹­‰»‚Ì{ô,https://news.yahoo.co.jp/articles/9f02d00c1857ed46758827974980eab474de41f4,8/5(“y) 7:02
getsuriku,y—¤ãz‹“s‹k ”ßŠè‚Ì4Œp‰§”eIƒG[ƒX‘ë–ì–¢—ˆ‚ª400mH‚Z—ğ‘ã3ˆÊ‚ÅV2ŒãAƒAƒ“ƒJ[‚ÅvŒ£^–kŠC“¹IH,https://news.yahoo.co.jp/articles/b5849780c5e18fb723d037b5341716c73b2c644a,8/5(“y) 7:01
getsuriku,y—¤ãz—q‘–•’µ ‘åŠíEPÎ–]”T14cm©ŒÈV‚Ì6m20‚ÅVIuŸ‚¿‚É‚±‚¾‚í‚Á‚½v^–kŠC“¹IH,https://news.yahoo.co.jp/articles/13870c4923dc626d0016575b7873812a7760154e,8/5(“y) 7:01
getsuriku,y—¤ãz’jq200m‚Å¼—T‘å‚ª‹âƒƒ_ƒ‹I 8ˆÊˆî–Ñ•É‚Æ‘‘å¨‚ªW“üÜ 110mH–L“cŒ“‚Í—\‘I‚Å“ú–{—ğ‘ã6ˆÊ‚Ì13•b29^ƒ†ƒjƒo,https://news.yahoo.co.jp/articles/32b55d38da135bf2715800402f4ca8cdbce23424,8/5(“y) 7:00
getsuriku,y—¤ãz110mHò’Jx‰î –²‚Ì¢ŠE—¤ãƒtƒ@ƒCƒiƒ‹‚ÖuŒˆŸ‚Å—Í‚ğo‚µØ‚è‚½‚¢vDL˜Aí‚Å©M‚Â‚©‚Ş,https://news.yahoo.co.jp/articles/c9a95886f96b0c094d17741ee2fb365f30d5c057,8/4(‹à) 19:28
getsuriku,y—¤ãzs‘D‹´‚ª40•b11‚Åç—t¨‰‚Ì’jq4~100mR§”e ˆÀ’è‚µ‚½‘–—Í‚Æƒoƒgƒ“ƒ[ƒN‚Å”ßŠè’B¬^–kŠC“¹IH,https://news.yahoo.co.jp/articles/e9073bb2c5116698f23f57fabe6664923f698f00,8/4(‹à) 19:19
getsuriku,yƒVƒ…[ƒYî•ñzƒNƒbƒVƒ‡ƒ“«A‰õ“K«AƒTƒXƒeƒiƒrƒŠƒeƒB‚ª‚³‚ç‚Éi‰»‚µ‚½On‚ÌuCloudstratus 3vA8Œ3“ú‚©‚ç”­”„,https://news.yahoo.co.jp/articles/222500d70071d4538bdaef38371e28f87577f92e,8/4(‹à) 18:08
getsuriku,y—¤ãz‰º“c”¹l‚ª’jq400mH‚Å‚Z—ğ‘ã6ˆÊ‚Ì50•b14u‘å‰ïV‚ào‚½‚µAŠy‚µ‚ß‚½‚Ì‚Å—Ç‚©‚Á‚½‚Å‚·v^–kŠC“¹IH,https://news.yahoo.co.jp/articles/a009084af8383912b4b54a28eea48f169436e97d,8/4(‹à) 16:02
getsuriku,y—¤ãz—q400mH‘ë–ì–¢—ˆ‚ª‚Z—ğ‘ã3ˆÊ‚Ì57•b45‚Å2˜A”e 2ˆÊç—tjD‚à‚Z—ğ‘ã6ˆÊ‚Ì57•b85‚ÆãˆÊ2–¼‚ªD‹L˜^^–kŠC“¹IH,https://news.yahoo.co.jp/articles/5d7f0ab9ad2689fb99783757c879dcf3f8b958c0,8/4(‹à) 15:29
getsuriku,y—¤ãz’jq1500m’J–{Vm˜Y‚ªg3“x–Ú‚Ì³’¼h‚Å‘ÕŠ¥uŸ‚Â‚±‚Æ‚¾‚¯‚ğl‚¦‚½v^–kŠC“¹IH,https://news.yahoo.co.jp/articles/dfbd4723c8d54410acaf9ef9caaeb65125d98463,8/4(‹à) 15:14
getsuriku,y—¤ãz¢ŠEƒ[ƒhƒ‰ƒ“ƒjƒ“ƒO‘IèŒ ‚Ì‘ã•\”­•\I “c’†ŠóÀ‚ª1ƒ}ƒCƒ‹A5km‚ÉWƒGƒ“ƒgƒŠ[ ’jqƒn[ƒt‚Í‘¾“c’q÷‚Æ‹ß“¡—º‘¾,https://news.yahoo.co.jp/articles/82bb1be9275f0617d905e9b9c5573d570156c9e0,8/4(‹à) 14:55
getsuriku,y—¤ãz100m“Œ•Ÿ‰ª‚ÌƒG[ƒXE•–ØŠCãÄ‚ª‚ZÅ‹­‚ğØ–¾I‘¬‚³‚æ‚èu‹­‚¢‘Ièv‹‚ß¬’·^–kŠC“¹IH,https://news.yahoo.co.jp/articles/ae43356d3f4b77bbad17c20e53826d2dadbb3ffd,8/4(‹à) 7:02
getsuriku,ƒv[ƒ} ƒWƒƒƒpƒ“uNITRO TM Technology Session in –­‚vŠJÃIuNITRO FOAMv‚Ì‚³‚ç‚È‚éi‰»‚Åw‘¬‚­‚È‚è‚½‚¢x‚ğŠ‚¦‚é,https://news.yahoo.co.jp/articles/2e3229559b18dcf2697e1be65368a8cf16d896b6,8/4(‹à) 7:01
getsuriku,y—¤ãz3000máŠQEÒŠ—“Öi‚ª“ºƒƒ_ƒ‹I“ú–{¨32”N‚Ô‚è‚Ì•\²‘ä 400m’nå’¼‰›‚Í©ŒÈV‚Å4ˆÊ“üÜ^ƒ†ƒjƒo,https://news.yahoo.co.jp/articles/a9d6b0f01dda126d4f936f7ea2f79e1ce4490809,8/4(‹à) 7:01
getsuriku,y—¤ãz—q100mÅ‘¬‚ÍRŒ`ˆ¤‰HI‹­‚¢Œü‚©‚¢•—‚È‚ñ‚Ì‚½‚¾1l11•b‘ä‚Å”ßŠè‚ÌVu‹àƒƒ_ƒ‹‚¤‚ê‚µ‚¢v^–kŠC“¹IH,https://news.yahoo.co.jp/articles/98bf5a892cfea91bd5954a0e51c0acb0b643f9d4,8/3(–Ø) 18:06
getsuriku,y—¤ãz3ˆÊEƒhƒ‹[ƒŠ[é‰l—¢ ‚1Å‚4•ª15•b50‚Åˆ³Šª‚ÌƒCƒ“ƒ^[ƒnƒCƒfƒrƒ…[‚àu‚¤‚ê‚µ‚³‚æ‚è‰÷‚µ‚³‘å‚«‚¢v^–kŠC“¹IH,https://news.yahoo.co.jp/articles/b3c71cd7d088d4a03136c33b85f7a6897a7da330,8/3(–Ø) 16:31
getsuriku,y—¤ãzVŒó•âE¬j—z—t‚ª100m€ŒˆŸ”s‘Ş  7Œ‰º{‚ÉƒPƒKuÅŒã‚Ü‚Å‘S—Í‚Å—Õ‚İ‚½‚¢v^–kŠC“¹IH,https://news.yahoo.co.jp/articles/a7cbbfdab52a6476d08d843f00a26dc1ab8cd306,8/3(–Ø) 16:08
getsuriku,y—¤ãz—q1500mƒJƒƒ‰ƒCƒ“4•ª06•b54‚Z‘ÛV‚Å˜A”e ƒhƒ‹[ƒŠ[é‰l—¢‚ª“c’†ŠóÀ’´‚¦‚Ì‚1Å‚4•ª15•b50‚Å3ˆÊ^–kŠC“¹IH,https://news.yahoo.co.jp/articles/c1d983615d0d14cf3acde5cef0a1e0265fe2719f,8/3(–Ø) 15:53
getsuriku,y—¤ãz19”N•Ÿ‰ª‘Ûƒ}ƒ‰ƒ\ƒ“9ˆÊ‚Ì—é–Ø‘¾Šî‚ªNDƒ\ƒtƒg‚É‰Á“ü ƒvƒƒ‰ƒ“ƒi[‚Æ‚µ‚ÄƒPƒjƒA‚Å‚àŠˆ“®,https://news.yahoo.co.jp/articles/db4a729fa35d7dc586fc3d4bfa29776fede22a90,8/3(–Ø) 13:56
getsuriku,y—¤ãzƒuƒ_ƒyƒXƒg¢ŠE—¤ãƒIƒ‰ƒ“ƒ_‘ã•\‚ª”­•\ ƒnƒbƒTƒ“‚ª’†’·‹——£3í–Ú‚ÉƒGƒ“ƒgƒŠ[I,https://news.yahoo.co.jp/articles/b679495517ca42f0083245b875e3f64b930f726c,8/3(–Ø) 13:43
getsuriku,y—¤ãz¢ŠE—¤˜A‚ÌƒRƒ~ƒ…ƒjƒP[ƒVƒ‡ƒ“EƒfƒBƒŒƒNƒ^[‚ÉƒtƒHƒbƒNƒX‚ğ”C–½ ‰ß‹‚ÉF1‚âƒ‰ƒOƒr[‚ÌL•ñ‚ğ’S“–,https://news.yahoo.co.jp/articles/666d9e188ec6685e9c4dcc94774929c167200519,8/3(–Ø) 13:10
getsuriku,y—¤ãz“Œ‹ŒÜ—Ö—qƒnƒ“ƒ}[“Š11ˆÊ‚ÌƒxƒŠ[‚ª2“x–Ú‚Ìƒh[ƒsƒ“ƒOˆá”½ 16ƒ•Œ‚Ì‘Ši’â~ˆ•ª,https://news.yahoo.co.jp/articles/e56f2ca1c8405df419d13ad118809bb03e1dda31,8/3(–Ø) 12:57
getsuriku,y—¤ãz—q800m“Œ‹ŒÜ—Ö‹àƒƒ_ƒŠƒXƒg‚Ìƒ€[‚ªƒuƒ_ƒyƒXƒg¢ŠE‘IèŒ Œ‡ê‚ğ¦´,https://news.yahoo.co.jp/articles/bfc6b3eab953460db1f564515e7019b0dc08d4c1,8/3(–Ø) 12:33
getsuriku,y—¤ãz—q400m‚Í0.04•b·‚ÌŒƒíIs‘D‹´E‹{’n—˜—‚ª©ŒÈV‚Ì54•b24‚Å§‚·u‘‡—DŸ‚ğ‘_‚Á‚ÄvŒƒ‘–^–kŠC“¹IH,https://news.yahoo.co.jp/articles/479d275cb623c609259e4cabaa7119f5b8820bdf,8/3(–Ø) 7:01
getsuriku,y—¤ãz’jq1–œm‚Åé¼‘åER–{—BãÄ‚ª“ºƒƒ_ƒ‹I ‰‚Ì‘Û‘å‰ï‚Å“°X‚Ì‘–‚è ’jq400m‚Í’nå’¼‰›A¡òŒ«‹M‚ªŒˆŸ‚Ö^ƒ†ƒjƒo,https://news.yahoo.co.jp/articles/7823f97a9fa3cd89a60ada8713d854347c879c14,8/3(–Ø) 7:01
getsuriku,y—¤ãz36”N‚Ô‚è–k‚Ì‘å’n‚ÅŠJÃI’jqƒnƒ“ƒ}[“ŠEó—˜–ŠC‚ª66m74‚Ì‘å‰ïVVuW’†‚Å‚«‚½vH‚Ì‚ZV‚ÉÆ€^–kŠC“¹IH,https://news.yahoo.co.jp/articles/977e148daea7b65fcd3e9b7a96a7b99ef133cf69,8/3(–Ø) 7:00
getsuriku,WA¢ŠE—¤ã‚ÌuRoad to Budapestvƒ‰ƒ“ƒLƒ“ƒO‚ªXV ƒTƒjƒuƒ‰ƒEƒ“‚çoêŒ—“àƒL[ƒvA400mH•ì˜a÷‚ª•‚ã,https://news.yahoo.co.jp/articles/3a00011248b8ba9e2fdaf44c292254e1675430d0,8/2(…) 22:33
getsuriku,y—¤ãz—qƒnƒ“ƒ}[“ŠE“ˆ–{”üŠC‚ª58m68I‘å‰ï‹L˜^“Í‚©‚¸—ÜuŸ‚Í‚Z‹L˜^‚Éƒ`ƒƒƒŒƒ“ƒW‚µ‚½‚¢v^–kŠC“¹IH,https://news.yahoo.co.jp/articles/e4c95c9f1eadede2744f1a462b9808148de2c9cb,8/2(…) 20:17
getsuriku,y—¤ãzƒ_ƒCƒ„ƒ‚ƒ“ƒhƒŠ[ƒO‘æ12í‚Ì‰ïê‚ª[‚©‚ç›ú–å‚É•ÏX 32”N‚Ü‚Å‚Ì10”NŠÔ‚Í“¯’n‚ÅŠJÃ,https://news.yahoo.co.jp/articles/5578dcec51f5a4b66d726d6638dc6ce19cfe18e8,8/2(…) 19:30
getsuriku,y—¤ãz’jq400m•½ìŒd‚ª46•b63IuK‚¹‚ÉZ‚è‚½‚¢v3”N‘O‚Ì’†Šw‰¤Ò‚ª“¯í–Ú‚Å‰«“êŒ§¨‰VI^–kŠC“¹IH,https://news.yahoo.co.jp/articles/c5b7a6b857e9f95e81efe8fc14b7a0c3db3b0716,8/2(…) 17:38
getsuriku,y—¤ãz24”N2Œ‚ÉƒtƒƒŠƒ_‚ÅƒpƒŠŒÜ—Öƒ}ƒ‰ƒ\ƒ“‘S•Äƒgƒ‰ƒCƒAƒ‹‚ğŠJÃ,https://news.yahoo.co.jp/articles/3f7003b69b86dd289c75d472d3d421971379baad,8/2(…) 13:57
getsuriku,y—¤ãzƒuƒ_ƒyƒXƒg¢ŠE—¤ã‹£•à“ú–{‘ã•\‚ª‡h‚Ì–Í—l‚ğŒöŠJI20kmjã2l–Ú‚É3˜A”e‚É’§‚ŞR¼—˜˜au“DL‚­Ï‚İã‚°‚½‚à‚Ì‚ªŒ`‚É‚È‚ê‚Îv,https://news.yahoo.co.jp/articles/bba57fe7123d80639a0c950344b2fdf1a5b34c20,8/2(…) 13:36
getsuriku,y—¤ãzƒuƒ_ƒyƒXƒg¢ŠE‘IèŒ ‰p‘‘ã•\‚Ìˆê•”‚ª”­•\ ’jq100mƒŠƒXƒgƒgƒbƒv‚Ìƒqƒ…[ƒY‚â—q800m‚ÌƒzƒWƒLƒ“ƒ\ƒ“‚ç,https://news.yahoo.co.jp/articles/79065723c47c6c0b37aba75caef051e506935cf7,8/2(…) 12:05
getsuriku,y—¤ãz200m“Œ‹ŒÜ—Ö‹àƒƒ_ƒŠƒXƒgEƒfƒOƒ‰ƒX‚ª20•b01‚Å‰õŸ ƒuƒ_ƒyƒXƒg¢ŠE‘IèŒ ‚Ì•W€‹L˜^‚ğ“Ë”j^ƒJƒiƒ_‘IèŒ ,https://news.yahoo.co.jp/articles/1fa5d280156eefb2b94e9cff21c0694d1c4831b2,8/2(…) 11:46
getsuriku,y—¤ãz“c’†ŠóÀ‚ª’·–ì‚Å—ûKŒöŠJ ƒuƒ^ƒyƒXƒg¢ŠE—¤ã‚Å“üÜ–Úw‚µu—\‘I‚©‚ç‘S—Í‚Å‚¢‚«‚½‚¢v,https://news.yahoo.co.jp/articles/b0434a40cc03e2378fd7a943e8100d222dfbcb00,8/2(…) 10:47
getsuriku,y—¤ãz—q10000m‚ÅRí•‚è‚³‚ª5ˆÊ“üÜ 400m’nå’¼‰›A100m’†‘º²‘¾‚ç‚ª—\‘I“Ë”j —q100mO‰Y—R“Ş‚Í—\‘I‚ÅƒV[ƒYƒ“ƒxƒXƒg ^ƒ†ƒjƒo,https://news.yahoo.co.jp/articles/d514410eef9aa77ce12283549308ab9cfbcfd8a1,8/2(…) 7:01
getsuriku,y—¤ãzƒCƒ“ƒ^[ƒnƒC‚¢‚æ‚¢‚æ¡“úŠJ–‹I‰“ú‚Í’j—ƒnƒ“ƒ}[“Š‚ÅD‹L˜^‚Ì—\Š´^–kŠC“¹IH,https://news.yahoo.co.jp/articles/dc25e07355b33b77ddc78487dff04a86b85550b9,8/2(…) 7:00
getsuriku,y—¤ãz•xm’Ê‚ÉƒPƒjƒAl‚Ìƒ_ƒjƒGƒ‹EƒRƒZƒ“‚ª‰Á“üI 10kmƒxƒXƒg27•ª01•b‚Ì20Î,https://news.yahoo.co.jp/articles/7ac4292e08bc4a8b634c9f696f8f9b575f975e14,8/1(‰Î) 15:52
getsuriku,y—¤ãzƒ‹[ƒgƒCƒ“ƒzƒeƒ‹ƒY‚É“ú–{—X­ƒOƒ‹[ƒv‚©‚çOŒ´ˆ²‚ªˆÚĞ ¡t‚Ü‚ÅƒxƒA[ƒYŠ‘®‚Ì–x”ö˜a”¿‚à‰Á“ü,https://news.yahoo.co.jp/articles/28bf06fe19e1521eda9801bdf23f75a3fd949284,8/1(‰Î) 15:00
getsuriku,y—¤ãz“Œ‹ƒƒgƒ‚É¬Š}Œ´é—¢‚ÆX“c•àÀ‚ª‰Á“üI Ví—Í‰Á“ü‚ÅƒNƒC[ƒ“ƒY‰w“`oê–Úw‚·,https://news.yahoo.co.jp/articles/fa7406e9b9a182ec9c26188cb424de2f9cd538a5,8/1(‰Î) 14:51
getsuriku,y—¤ãzƒh[ƒn¢ŠE‘IèŒ ‘ã•\‚Ì–Ø‘º—F‚ªÏ…‰»Šw‚ÉˆÚĞI V’Jm”ü‚àŠ‘®‚·‚éTWOLAPS‚ğ—ûK‹’“_‚É,https://news.yahoo.co.jp/articles/b3cf0c4faa9b90f90ed116a9e729b16a5e391069,8/1(‰Î) 14:09
getsuriku,y—¤ãz‘å”—Œ†Šé‰æ‚ÌuThe Fst in Fukuokav‚ª¡”N‚à11Œ‚ÉŠJÃI 8Œ1“ú‚©‚çQ‰ÁÒ•åW,https://news.yahoo.co.jp/articles/4dce14a293e2cdeebc2af645626a125c8f78af67,8/1(‰Î) 13:27
getsuriku,y—¤ãz–¾‘å‰w“`ŠÄ“Â‚ÌR–{—C÷‚ª«”C Œã”C‚ÍR–{‹•›ŠÄ“ÂuŒˆˆÓ‚ğV‚½‚ÉAŠw¶‚½‚¿‚Æ‘å‚«‚È–Ú•W‚ÉŒü‚©‚Á‚Äv,https://news.yahoo.co.jp/articles/18442fdaacc803048d14a9b72f4570fa5f8549f4,8/1(‰Î) 11:39
getsuriku,y—¤ãz2”N˜A‘±2Š¥Œœ‚©‚é—Ñ”üŠóAŒÂl3Š¥–Úw‚·¬j—z—t‚È‚ÇŒ©‚Ç‚±‚ë–ÚI^ƒCƒ“ƒ^[ƒnƒC“W–]i—q•Òj,https://news.yahoo.co.jp/articles/77797426b6ccef98927653ab3e1e416ed66aa098,8/1(‰Î) 7:46
getsuriku,y—¤ãz’–Ú‚Ì100m‚Í•–ØŠCãÄ‚ªÅ—L—ÍI3000mSC‚Í‚Z‹L˜^•ÛÒ‚Ì‰iŒ´‚ª“oê^ƒCƒ“ƒ^[ƒnƒC“W–]i’jq•Òj,https://news.yahoo.co.jp/articles/8e92df9b273664e617ba76d636845c77cbe88d94,8/1(‰Î) 7:37
getsuriku,y—¤ãz4”N‚Ô‚èŠJÃIFISUƒ†ƒjƒo@á‚«‘ã•\‚ªw‘åŠw¢ŠEˆêx‚Ö 110mH–L“cŒ“A‚â‚è“ŠE›ÜA’·‹——£‚Ì‹î‘å¨A400mHR–{ˆŸ”üAƒnƒ“ƒ}[“Š‚Ì‘ºã—ˆ‰Ô‚ç’–Ú,https://news.yahoo.co.jp/articles/3b62a027c7d124f165437ddd79317a56f6bca6b2,8/1(‰Î) 7:02
getsuriku,‘åŠw‰w“`ƒNƒ[ƒYƒAƒbƒv^27•ª‘ä‚É“Ë“ü‚µ‚½š ›{‰@‘å‚Ì•›«E•½—Ñ´Ÿu‚ ‚Ì‰÷‚µ‚³‚ğ“ñ“x‚Æ–¡‚í‚¢‚½‚­‚È‚¢v,https://news.yahoo.co.jp/articles/e7ce705acb0e54e386cfed7a697d2cd2e2088e3d,7/31(Œ) 18:03
getsuriku,y—¤ãz\í‹£‹ZŒÜ—Ö‘ã•\‚Ì‰E‘ãŒ[—S‚ª’nŒ³E]•Ês‚Ì¤“XŠX‚Å‰^“®‹³º‚ğÀ{ q‚Ç‚à‚½‚¿‚Ì‘O‚Åƒn[ƒhƒ‹A‘–‚’µ‚Ìƒfƒ‚ƒ“ƒXƒgƒŒ[ƒVƒ‡ƒ“‚à,https://news.yahoo.co.jp/articles/e2f58399a78e50102b701275d8dd9c3a08de1eb9,7/31(Œ) 17:32
getsuriku,y—¤ãz–kŠC“¹ƒ}ƒ‰ƒ\ƒ“‚Ìµ‘Ò‘Iè”­•\I ’jq‚Í‘«‰HƒÀA×’JãÄ”nA—q‚Í´“c^‰›‚ç ‘O‰ñV‚ÌL.ƒ€ƒZƒ“ƒrARŒû—y‚àoê—\’è,https://news.yahoo.co.jp/articles/a2f0841372551a5c8bceb836fb2bc75bed644267,7/31(Œ) 15:11
getsuriku,y—¤ãz100mU20¢ŠEV‚ÌƒAƒVƒ“ƒK200m‚à§‚· 400m‚ÍƒUƒ“ƒuƒ‰[ƒmV ¬‡ƒ}ƒCƒ‹ƒŠƒŒ[‚ÅƒRƒƒ“ƒrƒA“ì•ÄV^“ì•Ä‘IèŒ ,https://news.yahoo.co.jp/articles/9f7fde9353114d572aa393bc5ebd19f4179ed0a7,7/31(Œ) 13:17
getsuriku,y—¤ãzƒ|[ƒ‰ƒ“ƒh‘IèŒ ƒnƒ“ƒ}[“Š‚Íƒmƒ”ƒBƒcƒL‚ªƒtƒ@ƒCƒfƒO‚É‰õŸ ƒtƒ‰ƒ“ƒX‘IèŒ 110mH‚Åƒ][ƒ„‚ª13•b01w,https://news.yahoo.co.jp/articles/ca2349ff60e855842b5dc2773dc87f7b8cc3431c,7/31(Œ) 13:08
getsuriku,y—¤ãzƒŠƒIŒÜ—Ö‚Å’nŒ³—DŸ‚ğü‚Á‚½ƒ_EƒVƒ‹ƒ”ƒ@‚Éb’è‹Ö~ˆ•ª ‹Ö~•¨¿g—p‚É‚æ‚éƒh[ƒsƒ“ƒOˆá”½‚Ì‚½‚ß,https://news.yahoo.co.jp/articles/3110b357482337a7ba4443fec750caa73d5ae360,7/31(Œ) 12:55
getsuriku,y—¤ãz100kmƒAƒWƒAEƒIƒZƒAƒjƒA‘IèŒ ‚Å“ú–{¨‚ª•\²‘ä“ÆèI ‘]‹{“¹‚Æ’‡“cŒõ•ä‚ª§‚·,https://news.yahoo.co.jp/articles/41e1815f1ff94bdae05203dd8105cd48aa548d91,7/31(Œ) 12:21
getsuriku,y—¤ãz‘–‚’µE^–ì—F”‚ªƒV[ƒYƒ“ƒxƒXƒg‚Ì2m26 ’ß“c—æ”ü200m23•b74 ‘–•’µ‚Í“¡Œ´x–ç‚ªGP‰V^“c“‡‹L”O,https://news.yahoo.co.jp/articles/ee3c8a0b329a547d92143ba546fade12cc95fa2f,7/30(“ú) 17:22
getsuriku,y—¤ãz‘½“cC•½‚ª‰õ‘–I‘º’|ƒ‰ƒVƒbƒh‚ªƒpƒŠŒÜ—Ö•W€“Ë”jI¡”N‚àƒgƒbƒv‘Iè‚ª•Ÿˆä‚Ì‰Ä‚ğÊ‚é^•ŸˆäƒiƒCƒgƒQ[ƒ€ƒY,https://news.yahoo.co.jp/articles/380e1aab6b6df1398706bdef50bed6eb13a4c5e3,7/30(“ú) 7:00
getsuriku,y—¤ãzO’i’µEX–{–ƒ—¢q13m48‚Å6ˆÊ ¢ŠE‘IèŒ ‹â‚ÌƒŠƒPƒbƒc‚ªV 100m‚ÍƒuƒŒƒCƒN‚ª§‚·^WAƒRƒ“ƒ`ƒlƒ“ƒ^ƒ‹ƒcƒA[,https://news.yahoo.co.jp/articles/b74c668bc30927505dfd06df129b3140da1ca2dd,7/30(“ú) 7:00
getsuriku,y—¤ãz110mH–ì–{ü¬‚ªƒpƒŠŒÜ—Ö•W€‹L˜^“Ë”j‚Ì13•b20Iu—âÃ‚É‘–‚ê‚Ä‚¢‚évˆÀ’èŠ´‘‚µAŸ•‰‚Ì—ˆ‹G‚Öè‰‚¦^•ŸˆäƒiƒCƒgƒQ[ƒ€ƒY,https://news.yahoo.co.jp/articles/7be89c1d36b33dcfc31544f8cb86cc9d80db9579,7/29(“y) 21:44
getsuriku,y—¤ãz110mH‘º’|ƒ‰ƒVƒbƒh ƒPƒK–¾‚¯3ƒ•Œ‚Ô‚èÀí‚Å13•b18‚Ì©ŒÈVuƒpƒŠŒÜ—Ö‚ÉŒü‚¯‚Ä€”õ‚µ‚½‚¢v^•ŸˆäƒiƒCƒgƒQ[ƒ€ƒY,https://news.yahoo.co.jp/articles/5ac5bd87077de00ac1cc6b57718d6caa6d94ea12,7/29(“y) 21:26
getsuriku,y—¤ãz‘½“cC•½10•b10I2”N‚Ô‚è10•b1‘ä•œŠˆƒAƒs[ƒ‹u¡“ú‚Í–J‚ß‚½‚¢v^•ŸˆäƒiƒCƒgƒQ[ƒ€ƒY,https://news.yahoo.co.jp/articles/9a2dce36ff4822e6f3beace374767aff663fffbb,7/29(“y) 20:41
getsuriku,y—¤ãz110mH‘º’|ƒ‰ƒVƒbƒh‚ªƒPƒK‚©‚ç•œŠˆ‚Ì13•b18!!–ì–{ü¬13•b20!!‚»‚ë‚Á‚ÄƒpƒŠŒÜ—ÖQ‰Á•W€“Ë”j^•ŸˆäƒiƒCƒgƒQ[ƒ€ƒY,https://news.yahoo.co.jp/articles/de5018e519a7db3d5a91b5757d263400f8d7973a,7/29(“y) 20:18
getsuriku,y—¤ãzƒIƒŒƒSƒ“¢ŠE—¤ã‘ã•\EŠâè—§—ˆ‚ª400m45•b19I“ú–{—ğ‘ã10ˆÊI“ú–{¨Dƒ^ƒCƒ€‘ŠŸ‚®^“c“‡‹L”O,https://news.yahoo.co.jp/articles/727a4332ac11456ef8a1b5dd6b24b376efa487f8,7/29(“y) 19:29
getsuriku,y—¤ãz–CŠÛ“ŠE‰œ‘ºmu‚ª“ú–{—ğ‘ã5ˆÊƒ^ƒC‚Ì18m53‚ÅVI“ú–{‘IèŒ ‰—DŸ‚Ì¨‚¢~‚Ü‚ç‚¸^“c“‡‹L”O,https://news.yahoo.co.jp/articles/01298fe47b0e6d4916ea3c3ddd88192e2d49edba,7/29(“y) 18:06
getsuriku,y—¤ãz‚â‚è“ŠEƒIƒŒƒSƒ“‘ã•\‚Ì¬–¸Œ’i‚ª•œ’²‚°‚é80m13Iƒpƒp‚É‚È‚èu‚·‚²‚©‚Á‚½‚ÆŒ¾‚¦‚é‚æ‚¤‚Év^•ŸˆäƒiƒCƒgƒQ[ƒ€ƒY,https://news.yahoo.co.jp/articles/45accab9bbb5e2b13b24d8ed375b04ed5100d430,7/29(“y) 15:54
getsuriku,y—¤ãzŒ³ˆ¤’m»|‚Ìsì”É‹M‚ªƒRƒ‚ƒfƒBƒCƒCƒ_‚Ö‰Á“üuƒ`[ƒ€‚ÉvŒ£‚Å‚«‚é‚æ‚¤¸ˆê”tŠæ’£‚è‚Ü‚·v,https://news.yahoo.co.jp/articles/5be0144981c819b7b59fea1e68bc1920689bf251,7/29(“y) 12:41
getsuriku,y—¤ãzƒXƒŠƒiƒ€‚Ì18ÎƒAƒVƒ“ƒK‚ª100m9•b89!! U20¢ŠEVA“ì•Ä‹L˜^‚ğ÷—§,https://news.yahoo.co.jp/articles/59e775a9705442dd20802b48f7442837fa6d9031,7/29(“y) 10:02
getsuriku,y—¤ãz” ª‰w“`Vƒƒ“ƒo[‚Ì’†“‡—å—˜‚ÆŒ³“ú–{‘ã•\‚Ìîà¼’q”üƒ€ƒZƒ“ƒr‚ªŒ‹¥ u‚¨¢˜b‚É‚È‚Á‚½•ûX‚Ìx‚¦‚ÉŠ´Óv,https://news.yahoo.co.jp/articles/d31e4cccd2e2e989970ab9d052df7096505f190a,7/28(‹à) 22:00
getsuriku,y—¤ãzƒŠƒŒƒtƒFƒX‚ÌÀ{í–Ú‚Ì‘æ2’e‚ª”­•\Iu“dÔ‚É‚È‚Á‚Ä‘–‚ë‚¤ƒŠƒŒ[vuNight of the milevu‚à‚Á‚Æ‹CŒy‚ÉƒŠƒŒ[v‚ğ‰À{,https://news.yahoo.co.jp/articles/bd57face482d00a41ce62f4ffc20d76e88d6cb5c,7/28(‹à) 18:27
getsuriku,y—¤ãz’jq100m‚Í•–ØŠCãÄ‚ª1ˆÊA—q‚Í¬j—z—t‚ª100m•200m‚Å2í–Úƒgƒbƒv^‘S‘‚ZƒŠƒ‚[ƒg‘å‰ï,https://news.yahoo.co.jp/articles/fcb51995babf6e3e921a3c142e0db0ea90def83d,7/28(‹à) 18:09
getsuriku,ã“c½mƒRƒ‰ƒ€‰_ŠO‘““V^‘æ35‰ñu–k‚Ì‘å’n‚ÅŠw¶‚½‚¿‚ª¾‘–I`ŠÖ“ŒŠw¶–Ô‘–‰Ä‹G‹L˜^’§í‹£‹Z‰ï‚ÌƒEƒ‰‘¤`v,https://news.yahoo.co.jp/articles/a77e4dd364c6b1ba0fed68ec1df7b3d06a6c3913,7/28(‹à) 18:09
getsuriku,y‚Z—¤ãz—qƒnƒ“ƒ}[“ŠE“ˆ–{”üŠCi“Yã‚j—ˆTŠJ–‹‚ÌƒCƒ“ƒ^[ƒnƒC‚Åu60mˆÈã‚ğ“Š‚°‚½‚¢v,https://news.yahoo.co.jp/articles/e7f41dea164421238d000759915ffec41231bab7,7/28(‹à) 18:02
getsuriku,NTN‚ªƒuƒ_ƒyƒXƒg¢ŠE—¤ã‚ÌƒIƒtƒBƒVƒƒƒ‹ƒp[ƒgƒi[‚ÉŒˆ’èI 24”N‚Ü‚ÅŠJÃ‚³‚ê‚é¢ŠE‘å‰ï‚àƒTƒ|[ƒg,https://news.yahoo.co.jp/articles/993b7e30bcd1cf49256bb7b8d0327917af019d0b,7/28(‹à) 17:36
getsuriku,y—¤ãz•ŸˆäƒiƒCƒgƒQ[ƒ€ƒY–¾“úAŠJ–‹I‘½“cC•½A‘º’|ƒ‰ƒVƒbƒh‚çƒpƒŠŒÜ—Ö‘_‚¤‘Iè‚ªWŒ‹,https://news.yahoo.co.jp/articles/5c77792d5a2d849e50138299c18a3a653fe48921,7/28(‹à) 17:00
getsuriku,‰p‘‘Iè‚ª‰p‘—¤˜A‚ÌŒµ‚µ‚¢¢ŠE—¤ã‘ã•\ğŒ‚É”½Šø ƒIƒŒƒSƒ“110mH5ˆÊ‚Ìƒ[ƒ‰[u‘Ši‚ª‚ ‚é‚Ì‚Éoê‚Å‚«‚È‚¢‚Ì‚Íc”Ov,https://news.yahoo.co.jp/articles/29551e88831584aa19ba880ed6a0b9695f004586,7/28(‹à) 13:36
getsuriku,y—¤ãz—q‘–•’µEƒ~ƒnƒ“ƒ{‚ª“÷—£‚ê‚Å¢ŠE‘IèŒ Œ‡ê ‘å‰ï3˜A”e‚Ì–²’×‚¦‚é,https://news.yahoo.co.jp/articles/144343a0d0f878ace3d601740ed33060ab90f04a,7/28(‹à) 12:27
getsuriku,yƒVƒ…[ƒYî•ñzƒv[ƒ}‚ªg‰Ä‚ğ§‚·‚éÒ‚ª” ª‚ğ§‚·h‚ğƒRƒ“ƒZƒvƒg‚É‰Ä‚ÌƒgƒŒ[ƒjƒ“ƒO‚ğˆÓ¯‚µ‚½‘–sƒ^ƒCƒv•Êƒ‰ƒ“ƒjƒ“ƒOƒVƒ…[ƒYƒ‚ƒfƒ‹‚ğ”­”„,https://news.yahoo.co.jp/articles/45f52f75a3610a6a733bb3920506cd0fe17c01d0,7/27(–Ø) 14:36
getsuriku,y—¤ãz‰ªRŒ§‘Ğs‚ÆÂŠw‘åEŒ´WŠÄ“Â‚ª‘ã•\‚ÌuƒAƒXƒŠ[ƒgƒLƒƒƒŠƒAƒZƒ“ƒ^[v‚ªw“±Òˆç¬‚½‚ß‚Ì˜AŒg‹¦’è‚ğ’÷Œ‹,https://news.yahoo.co.jp/articles/2a99183ccc4e11f8771c3a130c73b17d9c50c1c9,7/27(–Ø) 13:43
getsuriku,’OŒã‘åŠw‰w“`‚Í11Œ18“ú‚ÉŠJÃŒˆ’èI ‹L”O‘å‰ï‚Æ‚µ‚ÄƒR[ƒX‚ğ‘å••ÏX@ƒNƒ‰ƒEƒhƒtƒ@ƒ“ƒfƒBƒ“ƒO‚ÅÂŠw‘å‚ÌƒI[ƒvƒ“Q‰ÁŒv‰æ‚à”­•\,https://news.yahoo.co.jp/articles/d5f5d6e7f5de56417ec79211bcb2b8d8656fcd73,7/26(…) 16:29
getsuriku,y—¤ãz“ú–{GPƒVƒŠ[ƒYuAthletics Challenge Cupv‚Ì‘å‰ïƒXƒ|ƒ“ƒT[‚ÉYogibo‚ªŒˆ’èI 9Œ30“úA10Œ1“ú‚ÉVŠƒ‚ÅŠJÃ,https://news.yahoo.co.jp/articles/4580a855c56c8fd53062c822bfe5b626db2cfa77,7/26(…) 14:27
getsuriku,y—¤ãzƒVƒJƒSƒ}ƒ‰ƒ\ƒ“‚É’j——ğ‘ã2ˆÊ‚ÌƒLƒvƒgƒDƒ€Aƒ`ƒFƒvƒ“ƒQƒeƒBƒ`‚ªƒGƒ“ƒgƒŠ[I “ú–{‚©‚ç‚Í¼‘º—D÷As“cF‚ç‚ªµ‘Ò,https://news.yahoo.co.jp/articles/d91ed4c4dcdcc4d1fd414d75238d1f3447eee727,7/26(…) 13:33
getsuriku,y—¤ãzƒAƒVƒbƒNƒX‚ª¢ŠE—¤˜A“ï–¯‘Iè’c‚ğƒIƒtƒBƒVƒƒƒ‹ƒXƒ|ƒ“ƒT[‚Æ‚µ‚ÄƒTƒ|[ƒg,https://news.yahoo.co.jp/articles/1b73b44ea788b7b6ec42461e1d73896a5e45fac3,7/25(‰Î) 16:44
getsuriku,y—¤ãzƒ}ƒ‰ƒ\ƒ“‚Ì•Ÿ“cõ‚ª‚Ğ‚ç‚Ü‚Â•a‰@‚É‰Á“ü uPB‚ğXV‚Å‚«‚é‚æ‚¤‚ÉŠæ’£‚è‚Ü‚·v,https://news.yahoo.co.jp/articles/05eacefb64610e7b85c2d7b7e52176924abf85d1,7/24(Œ) 19:31
getsuriku,y—¤ãz‘S’†w’è‘å‰ï‚ÅDƒpƒtƒH[ƒ}ƒ“ƒX îàéİ‹I110mH—ğ‘ã2ˆÊ ´…—åC‚ª‘–‚’µ2m01 ‰ª—ÑŒ‹ˆß100m’ÇQ11•b87,https://news.yahoo.co.jp/articles/2abb568ec88094d08c7cca322c62ac49ef52b35a,7/24(Œ) 18:05
getsuriku,y—¤ãz—q400mHƒ{ƒ‹‚ª—ğ‘ã2ˆÊ‚Ì51•b45I ‚‘¬ƒŒ[ƒX‚Ì—q5000m‚ÍƒcƒFƒKƒG‚ª14•ª12•b29‚Å§‚·^DLƒƒ“ƒhƒ“,https://news.yahoo.co.jp/articles/c2bd40b2a6c6009957538e213df771278bd1262c,7/24(Œ) 12:53
getsuriku,y—¤ãzƒƒ“ƒhƒ“¢ŠE—¤ã\í‹£‹Z“º‚ÌƒJƒcƒ~ƒŒƒN‚ª8038“_‚Å‹t“]—DŸIµí‹£‹Z‚Í23Îƒ‰ƒbƒK[‚ªV^WA¬¬ƒcƒA[,https://news.yahoo.co.jp/articles/d1c5d3bd9fef5cfbc797a7783ad84e1dd06d5c0e,7/24(Œ) 12:44
getsuriku,y—¤ãz“ú–{¨‚ª¢ŠE—¤ã‚ÉŒü‚¯ƒAƒs[ƒ‹I4~100mR‚Í“ú–{—ğ‘ã5ˆÊ‚Ì37•b80@110mH2ˆÊEò’Jx‰î‚Í¢ŠE‰¤Ò‚ğ’Ç‚¢‹l‚ß‚é‘–‚è^DLƒƒ“ƒhƒ“,https://news.yahoo.co.jp/articles/b508ce839c30afeb67dc76798247dc63d71798f2,7/24(Œ) 7:03
getsuriku,y—¤ãz110mHò’Jx‰î‚ª13•b06‚Å2ˆÊI ¢ŠE—¤ã‹à‚ÌƒzƒƒEƒFƒC‚É0.05•b·‚Æ“÷”–^DLƒƒ“ƒhƒ“,https://news.yahoo.co.jp/articles/78bc7cf5bef290068657465a49240d4e42c1b1e7,7/23(“ú) 23:21
getsuriku,y—¤ãz’jq4~100mR‚Å“ú–{‚ª37•b80‚Ì¡‹G¢ŠEÅ‚ƒ^ƒCI ¢ŠE‘IèŒ oê‚ÉŒü‚¯‚Ä‘å‚«‚­‘Oi^DLƒƒ“ƒhƒ“,https://news.yahoo.co.jp/articles/bc67d1d7f873e05e80c5d53315cbb7da364e45f1,7/23(“ú) 21:52
getsuriku,y—¤ãzD’²‚Ì‘¾“c’q÷‚ª1ŠÔ2•ª42•b‚Å“ú–{lƒgƒbƒv —q‚Íì“à—]‚ª1ˆÊ^m•Êƒn[ƒtƒ}ƒ‰ƒ\ƒ“,https://news.yahoo.co.jp/articles/e072b95a07401697b97649f9865ad5fcca31c59e,7/23(“ú) 19:47
getsuriku,y—¤ãzDLƒƒ“ƒhƒ“‚Éoê‚Ì4~100mR“ú–{‘ã•\‚ÉãRh‹P‚ª’Ç‰ÁµW 23“ú‚É¢ŠE—¤ãoê‚ğŒœ‚¯‚½ˆêí,https://news.yahoo.co.jp/articles/d7b1934dd2847a0f8a101f165f6439bfe5c6517f,7/23(“ú) 11:58
getsuriku,y—¤ãz400m’†“‡—C‹CƒWƒ‡ƒZƒt‚ª“ú–{—ğ‘ã5ˆÊ‚Ì45•b12I ‰¢B“]í‚ÅD¬Ñd‚Ë‚é^WAƒRƒ“ƒ`ƒlƒ“ƒ^ƒ‹ƒcƒA[,https://news.yahoo.co.jp/articles/2a282b3cd9364c6f6a1627b7bb5131053c3dffd9,7/23(“ú) 10:56
getsuriku,y—¤ãz100mE“¡Œ´Š°l‚ª10•b21‚ÅVI”Ñ’Ë’´‚¦‚Ì’†‘åVAƒAƒWƒA‘IèŒ ‹à‚Ì‰LàV•íÉ“c‚ÉhŒƒ^ƒgƒƒCƒ‰ƒCƒgEƒQ[ƒ€ƒX,https://news.yahoo.co.jp/articles/d3a93eb45cdd7c165797e9ddeee6c098b75fd1f6,7/22(“y) 22:28
getsuriku,y—¤ãz‘–‚’µEÔ¼—Èˆê‚ª2m30I“ú–{l8l–Ú‚Ì‘å‘äƒNƒŠƒA‚Åuƒuƒ_ƒyƒXƒg‚Å“üÜv‚ÉÆ€^ƒgƒƒCƒ‰ƒCƒgEƒQ[ƒ€ƒX,https://news.yahoo.co.jp/articles/f4cbd63c7de40519c4cd2bea60a40f64c925d315,7/22(“y) 21:35
getsuriku,y—¤ãzƒLƒsƒGƒSƒ“‚ª¡‹G3í–Ú‚ß‚Ì¢ŠEVI—q1ƒ}ƒCƒ‹jã‰‚Ì4•ª10•bØ‚è4•ª07•b64 –_‚’µ‚Íƒfƒ…ƒvƒ‰ƒ“ƒeƒBƒX”s‚ê‚éI^DLƒ‚ƒiƒR,https://news.yahoo.co.jp/articles/109cad500695a3acd0cea82c0b27b7eb2bb0cc53,7/22(“y) 12:06
getsuriku,yƒVƒ…[ƒYî•ñz—qƒ}ƒ‰ƒ\ƒ““ú–{‹L˜^•ÛÒ‚Ì–ìŒû‚İ‚¸‚«‚³‚ñ‚àâ^I@ƒAƒVƒbƒNƒX‚ÌÅVƒ‰ƒ“ƒjƒ“ƒOƒVƒ…[ƒYuGEL-KAYANO 30v,https://news.yahoo.co.jp/articles/758800987a6024034ef9b59b6e0c03d65286ea7e,7/21(‹à) 19:21
getsuriku,y—¤ãzƒƒCƒNƒX‚ÌƒR[ƒ`‚É‹e’nŒ«l‚ªA”C 5Œ––‚ÉŒ»–ğ‚ğˆø‘Şu‚±‚ê‚Ü‚Å‚ÌŒoŒ±‚ğŠˆ‚©‚µ‚½‚¢v,https://news.yahoo.co.jp/articles/658fc0b8fca207a1f92c7b0cd7f9662ad9505ac5,7/21(‹à) 16:55
getsuriku,y—¤ãz36ÎEƒtƒŒƒCƒU[Eƒvƒ‰ƒCƒX‚ª¡‹G100m‰í‚Å10•b82I —qƒnƒ“ƒ}[“Šƒ”ƒHƒ_ƒ‹ƒ`ƒN‚Í74m81^WAƒRƒ“ƒ`ƒlƒ“ƒ^ƒ‹ƒcƒA[,https://news.yahoo.co.jp/articles/1272fd05ff26aad1caa7756bb9b25655b86344d4,7/21(‹à) 12:37
getsuriku,y—¤ãz ‚â‚è“ŠE–kŒûY‰Ô‚ªŠÑ˜\Ÿ‚¿ ƒTƒjƒuƒ‰ƒEƒ“‚ÍƒV[ƒYƒ“ƒxƒXƒg‚Ì10•b09‚Å¢ŠE—¤ã‚Ö–]‚İ‚Â‚È‚®^WAƒRƒ“ƒ`ƒlƒ“ƒ^ƒ‹ƒcƒA[,https://news.yahoo.co.jp/articles/177a2a7eaf1f78a10461fcfbe0fbf28fa5dad52e,7/21(‹à) 11:33
getsuriku,y—¤ãz‘–•’µ“ú–{V‚Ì`Ÿ”ü—é‚ªŠüŒ  ¢ŠE—¤ã‚ÖƒRƒ“ƒfƒBƒVƒ‡ƒ“’²®‚Ì‚½‚ß^•ŸˆäƒiƒCƒgƒQ[ƒ€ƒY,https://news.yahoo.co.jp/articles/815a20020e98187f7a59aadebba25372bebfc591,7/21(‹à) 11:30
getsuriku,y—¤ãzŠw¶—qƒn[ƒt—DŸ‚Ì–kì¯—Ú‚ªŒ|”\ŠE‚ÖI ‘å•¨ƒ^ƒŒƒ“ƒg‚»‚ë‚¤¼’|Œ|”\‚ÉŠ‘®u“ú–{‚ğ‘ã•\‚·‚é‘IèAƒ^ƒŒƒ“ƒg‚É‚È‚ê‚é‚æ‚¤‚Év,https://news.yahoo.co.jp/articles/1b645382200613f1834dfed48bfc6a43cb773564,7/20(–Ø) 19:59
getsuriku,y—¤ãz—q400mHER–{ˆŸ”ü‚ªƒ[ƒ‹ƒhƒ†ƒjƒo[ƒVƒeƒB[ƒQ[ƒ€ƒY‚ÌŠøè‚É”C–½ JOC‚ª”­•\,https://news.yahoo.co.jp/articles/d54e122bceff7a4ac468050c1e9520cfcb76995b,7/20(–Ø) 14:35
getsuriku,yƒVƒ…[ƒYî•ñzBROOKS‚©‚ç‘¬‚­‚È‚é‚½‚ß‚Ì1‘« g Hyperionh‚ª8Œ1“ú‚©‚ç”­”„ŠJnI,https://news.yahoo.co.jp/articles/bbf94f02702e927c580048b2c783de7f88625407,7/20(–Ø) 13:00
getsuriku,y—¤ãz’jq‘–‚’µ‚ÅƒAƒWƒA‘IèŒ ‘ã•\‚Ì’·’Jì’¼l‚ª2m21‚Ì2ˆÊ ‚â‚è“ŠE²“¡—F‰À‚Í59m53‚Å2ˆÊ^WAƒRƒ“ƒ`ƒlƒ“ƒ^ƒ‹ƒcƒA[,https://news.yahoo.co.jp/articles/f9784c2557063bd3370bdf922c11f6002067f9a0,7/20(–Ø) 12:29
getsuriku,y—¤ãzò’Jx‰îDLoê‚Ì‚½‚ßŠüŒ  íÉ“c‘å‹PAÂ–Ø‰v–¢AÄ“¡^—Ø‚àƒRƒ“ƒfƒBƒVƒ‡ƒ“’²®‚Ì‚½‚ßŒ‡ê^•ŸˆäƒiƒCƒgƒQ[ƒ€ƒY,https://news.yahoo.co.jp/articles/8e7ab985bb71266bce76a93300a560bba6201668,7/20(–Ø) 12:04
getsuriku,y—¤ãz•xm–k˜[ƒ[ƒ‹ƒhƒgƒ‰ƒCƒAƒ‹‚ÉƒAƒWƒAVíÉ“c‘å‹PƒGƒ“ƒgƒŠ[I‘½“cC•½A•ì˜a÷A’Ã”g‹¿÷A´R‚¿‚³‚Æ‚à“o˜^,https://news.yahoo.co.jp/articles/fc6536ae75915135d482e3370658d976128bf641,7/20(–Ø) 11:50
getsuriku,y—¤ãz—q100mH¢ŠE‹L˜^•ÛÒEƒAƒ€ƒTƒ“‚ªƒh[ƒsƒ“ƒOˆá”½‚Å”­‚³‚ê‚½‚±‚Æ‚ğ©‚ç–¾‚©‚· u„‚ÍƒNƒŠ[ƒ“v‚Æ”½˜_,https://news.yahoo.co.jp/articles/aab2e1667b7bb2fdad681ed03a228e9379f35214,7/19(…) 14:15
getsuriku,y—¤ãz400mƒK[ƒfƒBƒi[‚ª¡‹G¢ŠEÅ‚43•b74‚ÅVI¢ŠE‹L˜^•ÛÒ‚ÌƒAƒ€ƒTƒ“•ƒNƒ‹[ƒU[‚à‰õŸ^WAƒRƒ“ƒ`ƒlƒ“ƒ^ƒ‹ƒcƒA[,https://news.yahoo.co.jp/articles/d0fd944d43fd3eff69f0bd184268cfbf57e83d85,7/19(…) 13:32
getsuriku,y—¤ãz¬’r—S‹M‚ª200m‚Å20•b90 ƒnƒ“ƒKƒŠ[‚Å¢ŠE‘IèŒ “º‚ÌƒiƒCƒgƒ“‚ç‚Æ‹£‚¤^WAƒRƒ“ƒ`ƒlƒ“ƒ^ƒ‹ƒcƒA[,https://news.yahoo.co.jp/articles/cd5cbc8ace786f31623703bb0ebd6a93339168c3,7/19(…) 12:57
getsuriku,y—¤ãz‰~”Õ“Š‚ÌƒAƒŒƒNƒi‚ª68m34‚Å‘å‰ïVV •ƒ‚ÍŒÜ—Ö2‘å‰ï˜A‘±‹à‚ÌƒŒƒWƒFƒ“ƒh^U23‰¢B‘IèŒ ,https://news.yahoo.co.jp/articles/3ea8f3b6a162004204f0a84240863f25dcb394ce,7/19(…) 12:50
getsuriku,y‚Z—¤ãz’J–{Vm˜Yi‘å–´“c‚3j‚ª1000m‚Å2•ª22•b29‚Ì‚ZÅ‚‚ğƒ}[ƒN,https://news.yahoo.co.jp/articles/28002fe085c157f8482061593dfe65d5004c472a,7/18(‰Î) 22:10
getsuriku,yƒVƒ…[ƒYî•ñzHOKA‚©‚çˆÀ’èŠ´‚Ì‚ ‚éƒ[ƒhƒ‰ƒ“ƒjƒ“ƒOƒVƒ…[ƒYuGAVIOTA 5v‚ª8Œ1“ú‚æ‚è”­”„I,https://news.yahoo.co.jp/articles/446651f396437da3725eb142b27a16cfce5f78bc,7/18(‰Î) 18:06
getsuriku,y—¤ãz•Ÿ‰i—½‘¾‚ª400m‚Å‹à ‘–•’µ‚à7m03‚Å‹âƒƒ_ƒ‹ 5000m¢ŠE‹L˜^•ÛÒ‚Ì“‚àVŒ•–ç‚Í‘å‰ïV‚Å‰õŸ^¢ŠEƒpƒ‰‘IèŒ ,https://news.yahoo.co.jp/articles/3ac3aa5fbd80f9327dac37b4b6854622cfde9556,7/18(‰Î) 15:46
getsuriku,y—¤ãz3˜A‹x‚Å’†Šw¶‚ªD‹L˜^I—q100m²“¡“ß—L11•b88AOD”ü‰H11•b90w ’jq100m•1500m‚Å—ğ‘ã3ˆÊ‚ª’a¶,https://news.yahoo.co.jp/articles/531a430c2ce6d2bfc2d1b7da0218a4a843682cac,7/18(‰Î) 13:39
getsuriku,y—¤ãz400mE’†“‡—C‹CƒWƒ‡ƒZƒt‚ª45•b25‚ÌƒZƒJƒ“ƒhƒxƒXƒg‚Å—DŸ!! 400mH¬ì‘å‹P‚Í49•b88^WAƒRƒ“ƒ`ƒlƒ“ƒ^ƒ‹ƒcƒA[,https://news.yahoo.co.jp/articles/8c684a4da767dc21743c39506c6f7725b61bc1fe,7/18(‰Î) 12:16
getsuriku,y—¤ãzŒ³“ú–{‘ã•\E–Ø‘º~‚ªƒ{ƒNƒVƒ“ƒO‚Åƒvƒ‰í ƒfƒrƒ…[í‚Íƒ_ƒEƒ“’D‚¤‚àKO•‰‚¯,https://news.yahoo.co.jp/articles/e5527a30c0292146a6bb216f89b6d7257d475100,7/17(Œ) 22:07
getsuriku,y—¤ãz—q5000m”eÒER–{—L^‚ªÎŠç‚Ì‹A‘uŒ³X3ˆÊ‘_‚¢‚¾‚Á‚½‚Ì‚Å‚¤‚ê‚µ‚¢v^ƒAƒWƒA‘IèŒ ,https://news.yahoo.co.jp/articles/c3ee56d4bb680a2308c34397f3bb9d4f03e21497,7/17(Œ) 21:27
getsuriku,y—¤ãz5000m‹àƒƒ_ƒ‹‚Ì‰““¡“úŒü‚ª‹A‘u—Ç‚¢—ûK‚ª‚Å‚«‚Ä‚¢‚½v¢ŠE—¤ãŒˆŸ‚É‚àˆÓ—~^ƒAƒWƒA‘IèŒ ,https://news.yahoo.co.jp/articles/d9dfcf6ea2825d256b32995ae856ffb6fee76e65,7/17(Œ) 21:00
getsuriku,y—¤ãz200m‚ğ§‚µ‚½‰LàV”ò‰H‚ª‹A‘uÅ‰‚©‚çŸ‚Â‚Â‚à‚è‚Å’§‚ñ‚¾v^ƒAƒWƒA‘IèŒ ,https://news.yahoo.co.jp/articles/312a8aec7960104c3b9460551f5addcfbb700455,7/17(Œ) 20:49
getsuriku,y—¤ãzƒCƒ“ƒQƒuƒŠƒOƒgƒZƒ“‚ª¢ŠE—ğ‘ã4ˆÊ‚Ì3•ª27•b14Iƒtƒ@ƒ“Eƒj[ƒPƒAƒN‚Í•œŠˆ‚Ì44•b08^DLƒVƒŒƒWƒA,https://news.yahoo.co.jp/articles/c05134414fd086ec09429e91a2ca6b85e17d378b,7/17(Œ) 11:30
getsuriku,y—¤ãz’jq200m‰LàV”ò‰H‚ª©ŒÈVV ’jq5000m‚Í‰““¡“úŒüA‰–K˜a–í‚ªƒƒ“Eƒc[‚Å¢ŠE‹ß‚Ã‚­ ‘ºR—T‘¾˜YAƒfƒB[ƒ“Œ³‹CAR–{—L^‚àVü‚é^ƒAƒWƒA‘IèŒ ,https://news.yahoo.co.jp/articles/e754e0cec573d71bb2a0247ededae6002af1d06d,7/17(Œ) 7:00
getsuriku,y—¤ãz–kŒûY‰Ô‚ª4”N‚Ô‚è“ú–{V!! 67m04‚Å¡‹GDL2Ÿ–ÚI ¢ŠE—¤ã‚ÉŒü‚¯‹ŠE—ÇD ƒpƒŠŒÜ—Ö•W€‚à“Ë”j^DLƒVƒŒƒWƒA,https://news.yahoo.co.jp/articles/9ba95891b135fa4a38d22f3b6d9250ec0f869a9c,7/17(Œ) 1:13
getsuriku,y—¤ãz“ú–{‚Í‹à16A‹â11A“º10‚Ìƒƒ_ƒ‹ƒ‰ƒbƒVƒ…I42”N‚Ô‚è‚ÌD¬Ñ‚ÉRèˆê•FE‹­‰»ˆÏˆõ’·u‰ß‹Å‚ƒŒƒxƒ‹v^ƒAƒWƒA‘IèŒ ,https://news.yahoo.co.jp/articles/3bfef3eabfab5833da78f86deea4faf3e7ddd128,7/16(“ú) 22:37
getsuriku,y—¤ãzš ›{‰@‘å‹­‚µIˆÉ’n’mŒ«‘¢‚ª13•ª40•b51AR–{•à–²‚ª28•ª16•b92‚Å2í–Úƒgƒbƒv^ŠÖ“ŒŠw¶–Ô‘–‰Ä‹G‹L˜^’§í‹£‹Z‰ï,https://news.yahoo.co.jp/articles/c0c7acf497c27ee48c6e71187769d7a2f0f55e47,7/16(“ú) 22:16
getsuriku,y—¤ãz‰LàV”ò‰H 200m20•b23©ŒÈVV!!u‘_‚Á‚Ä‚¢‚½vƒAƒWƒA‚ğ§‚µ¢ŠE‚Ö‚Í‚Î‚½‚­I^ƒAƒWƒA‘IèŒ ,https://news.yahoo.co.jp/articles/a2042d241c71a2c6b2d591c253fefdca1bb80036,7/16(“ú) 21:44
getsuriku,y—¤ãz’jq200mãRh‹P‚ª20•b53‚Å“ºI À—ÍÒ‚Éæ’…‚µA‰¿’l‚ ‚éƒƒ_ƒ‹^ƒAƒWƒA‘IèŒ ,https://news.yahoo.co.jp/articles/0c5c39febbc54ef82376908cb4f5bbbf5db2f106,7/16(“ú) 21:27
getsuriku,y—¤ãz“ú–{‘IèŒ 5000m”eÒE‰–K˜a–ç‚ª‹âƒƒ_ƒ‹u—Í‚ğg‚Á‚Ä‚µ‚Ü‚Á‚½vc‚è2ü‚Ü‚Åæ“ªŒ¡ˆø^ƒAƒWƒA‘IèŒ ,https://news.yahoo.co.jp/articles/ec04b86f1eeaea90362e7fa5f368b987c398586f,7/16(“ú) 21:13
getsuriku,y—¤ãz5000m‰““¡“úŒü‚ª‹àƒƒ_ƒ‹Iu–l‚É•ª‚ª‚ ‚é“WŠJ‚¾‚Á‚½v‰–K‚Æ‚Ìƒ}ƒbƒ`ƒŒ[ƒX§‚·^ƒAƒWƒA‘IèŒ ,https://news.yahoo.co.jp/articles/4d180cd5b8697444e5b16d6002620ca269fc2a06,7/16(“ú) 20:53
getsuriku,y—¤ãz‚â‚è“ŠEƒfƒB[ƒ“Œ³‹C‚ª83m15‚ÅƒAƒWƒA‰§”e uƒs[ƒN‚Í¢ŠE‘IèŒ v^ƒAƒWƒA‘IèŒ ,https://news.yahoo.co.jp/articles/0c2d460c0ccd95fc6fc74e808498ca769eb3e888,7/16(“ú) 20:23
getsuriku,y—¤ãz’jq200m‚Å‰LàV”ò‰H‚ª20•b23‚Å‹àƒƒ_ƒ‹I 100míÉ“c‘å‹PA400m²“¡Œ‘¾˜Y‚É‘±‚«A“ú–{¨‚ª’jqƒXƒvƒŠƒ“ƒgÈŠª^ƒAƒWƒA‘IèŒ ,https://news.yahoo.co.jp/articles/71e7c2925d3798b4c9b34c4d55409face5f31ce9,7/16(“ú) 20:12
getsuriku,y—¤ãz5000mR–{—L^‚ª“ú–{¨‰VIu“ú–{‘IèŒ ‚ÌƒŠƒxƒ“ƒW‚Å‚«‚½v¢ŠE—¤ã‚Ö‚à‘Oi^ƒAƒWƒA‘IèŒ ,https://news.yahoo.co.jp/articles/28b2a21e7c0d25ddf24d4e97a6abe3190482e452,7/16(“ú) 19:44
getsuriku,y—¤ãz—q5000m‚ÅR–{—L^‚ª‹àƒƒ_ƒ‹Šl“¾I ƒCƒ“ƒhEƒ`ƒƒƒEƒ_ƒŠ‚Æ‚Ì‹£‚è‡‚¢§‚·^ƒAƒWƒA‘IèŒ ,https://news.yahoo.co.jp/articles/d8c1fe003768f3305fe8a132b78b1f09aef26542,7/16(“ú) 19:03
getsuriku,y—¤ãz—q5000m‚Ì“nç²ØX”ü‚ª’¼‘O‚ÌƒPƒK‚ÅŒ‡ê^ƒAƒWƒA‘IèŒ ,https://news.yahoo.co.jp/articles/d2276d28d1bfe404f99afb28a159379131a692cb,7/16(“ú) 13:20
getsuriku,y—¤ãz—q20kmE”~–ìŒôq‚ªŸ•‰ã‚³‚É‘Å‚¿Ÿ‚¿“ºƒƒ_ƒ‹IuƒAƒWƒA‘å‰ï‚Å‚àH‚ç‚¢‚Â‚«‚½‚¢v^ƒAƒWƒA‘IèŒ ,https://news.yahoo.co.jp/articles/d54e075e7c424967f15dcffcd9d57500d5af2300,7/16(“ú) 10:42
getsuriku,y—¤ãz’jq20km‹£•à ‘ºR—T‘¾˜Y‚ª—Ü‚Ì‹àƒƒ_ƒ‹IuƒPƒK‚Ì‹ê‚µ‚³‚ğ‚¤‚ê‚µ‚³‚É•Ï‚¦‚ç‚ê‚½v^ƒAƒWƒA‘IèŒ ,https://news.yahoo.co.jp/articles/3b33bf53d327fd5b1193bfcfd179fbe8fe9cbdb6,7/16(“ú) 10:39
getsuriku,y—¤ãz˜A‘±‹àƒƒ_ƒ‹ƒXƒgƒbƒv‚àƒˆƒ“ƒp[w‚ª–ô“®I™‹Ê—Iì‚ª48•b96‚Å2ˆÊA‰F“s‹{ŠGä»‚ÆR–{ˆŸ”ü‚ª‹âE“ºAµí‚ÌRí•—L‹I‚ª“ºA¬‡ƒ}ƒCƒ‹‚Í“ú–{V^ƒAƒWƒA‘IèŒ ,https://news.yahoo.co.jp/articles/799bede8be51e1e803c83ea1403ab3817fc91c9c,7/16(“ú) 7:00
getsuriku,y—¤ãz²“¡Œ\‘¿‚ª5000m13•ª41•b27‚Å¢ŠE—¤ãoê‚Í”÷–­‚É ‚â‚è“Š‚Ì´ì—TÆ‚ª74m71‚Ì©ŒÈV‚Å5ˆÊ^WAƒRƒ“ƒ`ƒlƒ“ƒ^ƒ‹ƒcƒA[,https://news.yahoo.co.jp/articles/d1e6def358a66712a9559f30a88c9150e0189866,7/16(“ú) 7:00
getsuriku,y—¤ãz¬’r—S‹M100m10•b24 …‹v•ÛŸùŠ200m20•b83 •Ÿ•”^q100mH13•b23^WAƒRƒ“ƒ`ƒlƒ“ƒ^ƒ‹ƒcƒA[,https://news.yahoo.co.jp/articles/60134b13c56542d01e4f154aec83511831a50b4e,7/15(“y) 23:01
getsuriku,y—¤ãz¬‡4~400mR‚Í‰÷‚µ‚¢“ú–{V 2‘å‰ï˜A‘±“ºƒƒ_ƒ‹‚à¢ŠE—¤ãoê‚ÍŒµ‚µ‚­^ƒAƒWƒA‘IèŒ ,https://news.yahoo.co.jp/articles/1afc830cd8485108085ee7f368272a79503e9a95,7/15(“y) 22:31
getsuriku,VŠƒ‘å‚ª2”N˜A‘±14‰ñ–Ú‚Ì–{‘å‰ïoêŒ Šl“¾ ğ”N‚ÌˆÉ¨˜H2‹æ’†ŒËŒ³‹M‚ª“Æ‘–^‘S“ú–{‘åŠw‰w“`–kM‰z‘Il‰ï,https://news.yahoo.co.jp/articles/6ccdcfc08050f6fba8bf2a1d6bb7e63a724e346a,7/15(“y) 21:52
getsuriku,y—¤ãzµí‹£‹ZERí•—L‹I ƒAƒWƒA3“x–Ú‚Ì“ºƒƒ_ƒ‹‚àu‰÷‚µ‚¢vƒAƒWƒA‘å‰ï‚ÅƒŠƒxƒ“ƒW¾‚¤^ƒAƒWƒA‘IèŒ ,https://news.yahoo.co.jp/articles/1bc2366b1e9dbe72b64c6ca3f468969ce1812a69,7/15(“y) 21:48
getsuriku,y—¤ãz200m‰LàV”ò‰H‚ª—IXŒˆŸ‚ÖI€ŒˆŸ‘S‘Ìƒgƒbƒv‚Ì20•b56uƒXƒCƒbƒ`“ü‚ê‚Î—Ç‚¢“®‚«‚Å‚«‚év^ƒAƒWƒA‘IèŒ ,https://news.yahoo.co.jp/articles/e233ded6353a9e3a09b1dabbff1496fb2b610038,7/15(“y) 21:00
getsuriku,y—¤ãz—é–Ø‰è‚ª“ú–{lŠw¶—ğ‘ã10ˆÊ‚Ì13•ª24•b55 Š’‘ò˜a‰À“Ş15•ª19•b98 V’Jm”ü‚ª5000m3–{o‘–^ƒzƒNƒŒƒ“DCçÎ,https://news.yahoo.co.jp/articles/534cd0a0b09b9ad1f14e74335134ed1989a4a7fa,7/15(“y) 20:48
getsuriku,y—¤ãz’jq400mH™‹Ê—Iì‚Í‰¿’l‚ ‚é‹â 48•b96‚ÌƒZƒJƒ“ƒhƒxƒXƒg‚Éu48•b‘ä‚ğÄŒ»‚Å‚«‚½‚Ì‚Í‚¤‚ê‚µ‚¢v^ƒAƒWƒA‘IèŒ ,https://news.yahoo.co.jp/articles/607af2e2ea2bb471c5ec42b11f87b07d7d085834,7/15(“y) 20:22
getsuriku,y—¤ãz—q400mH‚Å‰F“s‹{ŠGä»‚ª57•b73‚Å‹âƒƒ_ƒ‹u‘f’¼‚É‚¤‚ê‚µ‚¢v R–{ˆŸ”ü‚ª3ˆÊ‚Å“ú–{¨Wƒƒ_ƒ‹^ƒAƒWƒA‘IèŒ ,https://news.yahoo.co.jp/articles/32702097e7990f1980c209fc8cad9899589311a0,7/15(“y) 19:46
getsuriku,y—¤ãz—q1500mƒ†ƒjƒo‘ã•\EŠ~Œ´¹‹I‚ª1ˆÊ ƒhƒ‹[ƒŠ[é‰l—¢‚Í4ˆÊuƒCƒ“ƒ^[ƒnƒC‚Å‚à‚¢‚¢Œ‹‰Ê‚ğv^ƒzƒNƒŒƒ“DCçÎ,https://news.yahoo.co.jp/articles/11b14f065a9ff3e009146c07b681695b7a3f2e39,7/15(“y) 18:06
getsuriku,y‚•½Tm‚Ì‹“_z19Î‚É‚µ‚Äˆê’iã‚Ì‹«’n‚É“ü‚Á‚½íÉ“c‘å‹P ˆê‹C‚É9•b‘ä‚Æƒtƒ@ƒCƒiƒ‹‚Ö^ƒAƒWƒA‘IèŒ ,https://news.yahoo.co.jp/articles/0e8b3b3070bf8d36637791687e12716b854886b9,7/15(“y) 7:11
getsuriku,y—¤ãz`Ÿ”ü—é ƒoƒ“ƒRƒN‚ÅƒrƒbƒOƒWƒƒƒ“ƒvI17”N‚Ô‚è“ú–{V‚Ì6m97u’·‚©‚Á‚½v’µ–ôí–Ú‚ğ“n‚è•à‚«A‘åŠw‚©‚çn‚ß‚½‘–•’µ‚Å‚½‚Ç‚è’…‚¢‚½êŠ^ƒAƒWƒA‘IèŒ ,https://news.yahoo.co.jp/articles/3444c45c91ce47420ea57fb613c7832dd25b945d,7/15(“y) 7:01
getsuriku,y—¤ãz10•b02‚ÅƒAƒWƒAÅ‘¬I19ÎíÉ“c‘å‹P‚ªˆ³Šª‚ÌƒXƒvƒŠƒ“ƒg `Ÿ”ü—éu7mv–Ú‘O‚Ì6m97I‚Rs–ìAÂ–Ø—Á^‚à‹à^ƒAƒWƒA‘IèŒ ,https://news.yahoo.co.jp/articles/de3d4894ab6a19ed8b9000708e249af182d9e723,7/15(“y) 7:00
getsuriku,y—¤ãz’jq110mHƒuƒ_ƒyƒXƒg¢ŠE—¤ã‘ã•\‚Ì‚Rs–ì‚ª—IXV ƒAƒWƒA‰¤Ò‚Æ‚µ‚Ä¢ŠE‚Ö^ƒAƒWƒA‘IèŒ ,https://news.yahoo.co.jp/articles/f11cfd4d53b4a383fd92129ea2c0c73577ce608c,7/14(‹à) 22:13
getsuriku,y—¤ãz’jq100m“ú–{ƒ`ƒƒƒ“ƒsƒIƒ“Eâˆä—²ˆê˜Y‚Í10•b26‚Å6ˆÊ u2’iŠKA3’iŠKã‚°‚È‚¢‚Æv^ƒAƒWƒA‘IèŒ ,https://news.yahoo.co.jp/articles/395b22a83ebe2a6194c0e8b9c8ea3e263d8cae94,7/14(‹à) 22:01
getsuriku,y—¤ãz100míÉ“c‘å‹P ƒAƒWƒA§‚·Iu‰ïS‚ÌƒŒ[ƒXvŠw¶—ğ‘ã2ˆÊ‚Ì10•b02^ƒAƒWƒA‘IèŒ ,https://news.yahoo.co.jp/articles/01c6bfd084449508f6150d926b3a6efeec002e28,7/14(‹à) 21:50
getsuriku,y—¤ãz`Ÿ”ü—éu‚Ü‚¾M‚¶‚ç‚ê‚Ü‚¹‚ñv—q‘–•’µ17”N‚Ô‚è“ú–{V‚Íƒ[ƒ‹ƒhƒNƒ‰ƒX‚Ì‰õ‹L˜^ ^ƒAƒWƒA‘IèŒ ,https://news.yahoo.co.jp/articles/2b4eac61804b28f26c667a82011139a8309a61a1,7/14(‹à) 21:38
getsuriku,y—¤ãzíÉ“c‘å‹P‚ª100m‚ÅƒAƒWƒA‚Ì’¸“_I“ú–{—ğ‘ã7ˆÊƒ^ƒC‚Ì10•b02‚Å9•b‘ä‚É“÷”–^ƒAƒWƒA‘IèŒ ,https://news.yahoo.co.jp/articles/cf524be86318e2273efe4b5c7f0278d74c908d94,7/14(‹à) 21:05
getsuriku,y—¤ãz—q3000máŠQ‚Ì‹g‘º—æ”ü‚ªƒXƒp[ƒg‘ˆ‚¢§‚µ‚Ä“ºƒƒ_ƒ‹ u2000m‚Ü‚ÅƒŒ[ƒX‚ğì‚ê‚½v^ƒAƒWƒA‘IèŒ ,https://news.yahoo.co.jp/articles/ce121b24b2923f82a49b618f043ee37671e44081,7/14(‹à) 20:48
getsuriku,y—¤ãzŒ³’Z‹——£‚Ì»“cî–í‚ª3000máŠQ‰‘ã•\‚Å“ºƒƒ_ƒ‹Iuƒ`ƒƒƒŒƒ“ƒWƒƒ[‚Æ‚µ‚Ä’§‚ñ‚¾v^ƒAƒWƒA‘IèŒ ,https://news.yahoo.co.jp/articles/3eda71690566efa23d0f2cc8f0041dcaabacbd82,7/14(‹à) 20:35
getsuriku,y—¤ãz`Ÿ”ü—é‚ª6m97‚Ì“ú–{VI ¡‹G¢ŠE4ˆÊ‚ÌD‹L˜^‚Åƒuƒ_ƒyƒXƒg¢ŠE—¤ã•ƒpƒŠŒÜ—Ö‚Ì•W€“Ë”j^ƒAƒWƒA‘IèŒ ,https://news.yahoo.co.jp/articles/047e805c9078ee031ccbbe0480a91bae4773f0f5,7/14(‹à) 20:28
getsuriku,y—¤ãz3000máŠQEÂ–Ø—Á^ ƒ‰ƒXƒgŸ•‰§‚·I“ú–{¨36”N‚Ô‚è‹àƒƒ_ƒ‹u¢ŠE—¤ãŒˆŸ‚ğ‘_‚¤ã‚Åƒvƒ‰ƒXv^ƒAƒWƒA‘IèŒ ,https://news.yahoo.co.jp/articles/c37073b2760589a45b32c857aec09de096c05fa6,7/14(‹à) 20:24
getsuriku,y—¤ãzíÉ“c‘å‹P €ŒˆŸ10•b14‚Å‘g1’…Iâˆä—²ˆê˜Y‚à‘gƒgƒbƒv‚ÅŒˆŸ‚Ö^ƒAƒWƒA‘IèŒ ,https://news.yahoo.co.jp/articles/38945732ecd16919db8f43b162446152d30effe4,7/14(‹à) 19:06
getsuriku,‘æ100‰ñ” ª‰w“`—\‘I‰ï‚Ì’nã”g‘S‘¶’†Œp‚ªŒˆ’è!! ‘S‘‚©‚çQ‰Á‰Â”\‚Ì‘å‰ï‚Åjã‰,https://news.yahoo.co.jp/articles/77427588daeb6696f7979acfa3e60ec74e53c2f1,7/14(‹à) 13:10
getsuriku,y—¤ãzƒ}ƒ‰ƒ\ƒ“¢ŠE‹L˜^•ÛÒ‚ÌƒLƒvƒ`ƒ‡ƒQ Ÿí‚Í9Œ‚Ìƒxƒ‹ƒŠƒ“ƒ}ƒ‰ƒ\ƒ“uƒxƒ‹ƒŠƒ“‚É‚Í‘f°‚ç‚µ‚¢v‚¢o‚ª‚ ‚év,https://news.yahoo.co.jp/articles/e6d8432c8235afaf3c85f6d91d3043ea5d9f14b6,7/14(‹à) 12:38
getsuriku,y—¤ãz’jq400mE²“¡Œ‘¾˜Yu¢ŠEvŒ©˜‚¦‚é45•b00I10000mE¬ŠC—yA\í‹£‹ZEŠÛR—D^‚à‹àƒƒ_ƒ‹^ƒAƒWƒA‘IèŒ ,https://news.yahoo.co.jp/articles/7c850caf626010bfcb16168df17b51738c43cc46,7/14(‹à) 7:01
getsuriku,y—¤ãzƒgƒƒCƒ‰ƒCƒgEƒQ[ƒ€ƒX‚Éƒ†ƒjƒo‘ã•\‚Ì’nå’¼‰›A‹{í• A—é–Øê£‚ªƒGƒ“ƒgƒŠ[ ‘–‚’µEÔ¼—Èˆê‚à“o˜^,https://news.yahoo.co.jp/articles/7e76acfb79d4daec9af92eda647e012242dbad2d,7/14(‹à) 7:00
getsuriku,y—¤ãz—qƒnƒ“ƒ}[“Š‚Íƒ}ƒbƒJ[ƒT[EƒWƒ‡ƒC‚ª‹âuŸ‚ÌƒAƒWƒA‘å‰ï‚Å‚Í1ˆÊ‚ğ‘_‚¢‚½‚¢v ‘ºã—ˆ‰Ô‚Í“º‚Å“ú–{¨Wƒƒ_ƒ‹^ƒAƒWƒA‘IèŒ ,https://news.yahoo.co.jp/articles/efa527d7d625cdcc172636a63c5f3fd201e5e095,7/13(–Ø) 23:28
getsuriku,y—¤ãz’jqO’i’µE’r”©ˆ®‰À—Ú‚ªÅI’µ–ô‚Å16m73 “y’dê‚ÌƒrƒbƒOƒWƒƒƒ“ƒv‚Å‹âƒƒ_ƒ‹Šl“¾^ƒAƒWƒA‘IèŒ ,https://news.yahoo.co.jp/articles/663fd9a6bb7e7f729570cab8766e98bf989e6efe,7/13(–Ø) 23:11
getsuriku,y—¤ãzŠÛR—D^‚ªƒAƒWƒA‚ÌuƒLƒ“ƒOEƒIƒuEƒAƒXƒŠ[ƒgv‚ÉI 2Œ‚ÌƒAƒWƒAº“à‘IèŒ ‚É‘±‚­V^ƒAƒWƒA‘IèŒ ,https://news.yahoo.co.jp/articles/f7f88d2245f5815b5f3becbaaa824c5f46d07254,7/13(–Ø) 22:55
getsuriku,y—¤ãzŒ»–ğ–k‘å¶‚Ì‚‹´—C•ã‚ªêŒM‚Ì‹âI ’jq1500m‚Å“ú–{¨9‘å‰ï‚Ô‚èƒƒ_ƒ‹Šl“¾^ƒAƒWƒA‘IèŒ ,https://news.yahoo.co.jp/articles/3a55c1ee3eeff7f5249d5aa762b45467b05877d3,7/13(–Ø) 22:30
getsuriku,y—¤ãz—q10000m‚Í¬ŠC—y‚ÆìŒû“‰À‚ª‹à‹â“ÆèI u‚à‚Á‚Æã‚ğ–Úw‚µ‚Ä‚¢‚«‚½‚¢v^ƒAƒWƒA‘IèŒ ,https://news.yahoo.co.jp/articles/0444f6c6c6b3206b8a67847170d74bae075be7ae,7/13(–Ø) 22:14
getsuriku,y—¤ãzÂ–Ø‰v–¢uÅ’áŒÀA•\²‘ä‚Éã‚ê‚½‚Ì‚Å—Ç‚©‚Á‚½vƒPƒK‚ğ•ø‚¦‚È‚ª‚ç‚à“ºƒƒ_ƒ‹‚ğ€ç^ƒAƒWƒA‘IèŒ ,https://news.yahoo.co.jp/articles/0ce5f37270cea4260564b168b8b72313dc1107f6,7/13(–Ø) 21:36
getsuriku,y—¤ãz—q100mH›“c–¾“ú‚Íˆ«ğŒ‚Ì’†‚Å‹âƒƒ_ƒ‹ ¢ŠE—¤ã‚ÉŒü‚¯u‚à‚¤‚¿‚å‚Á‚Æã‚°‚Ä‚¢‚©‚È‚¢‚Æv^ƒAƒWƒA‘IèŒ ,https://news.yahoo.co.jp/articles/30b19b03ae500cec8bada2b1755fca59eddd1b64,7/13(–Ø) 21:24
getsuriku,y—¤ãz²“¡•—‰ë 45•b13‚Ì©ŒÈV‚Å‹âƒƒ_ƒ‹‚àu‰÷‚µ‚¢‚Å‚·‚Ëv ƒuƒ_ƒyƒXƒg¢ŠE—¤ã‚Í‚Ù‚ÚŠmÀ‚É^ƒAƒWƒA‘IèŒ ,https://news.yahoo.co.jp/articles/9f57136c2fbe46e26876fc724885dd32bf072e60,7/13(–Ø) 21:08
getsuriku,y—¤ãzuÅŒã‚Ü‚Å‚ ‚«‚ç‚ß‚È‚¢v²“¡Œ‘¾˜Y‚ªƒAƒWƒA‚Å’¸“_‚ÉI “ú–{—ğ‘ã2ˆÊ‚Ì45•b00‚ÅƒpƒŠŒÜ—Ö•W€‚à“Ë”jI^ƒAƒWƒA‘IèŒ ,https://news.yahoo.co.jp/articles/d809140d4d4a53b8efef2d17556a88ffc76da54d,7/13(–Ø) 20:56
getsuriku,y—¤ãz²“¡Œ‘¾˜Y45•b00‚Å400m‹àƒƒ_ƒ‹I“ú–{—ğ‘ã2ˆÊAƒuƒ_ƒyƒXƒg•ƒpƒŠŒÜ—Ö•W€‚à“Ë”j^ƒAƒWƒA‘IèŒ ,https://news.yahoo.co.jp/articles/34bd7128af0bfdc6e7e3357a377e2afb3d15d961,7/13(–Ø) 20:33
getsuriku,y—¤ãzíÉ“c‘å‹P —\‘I‚Å10•b10IŒã”¼—¬‚µ‚Ä©ŒÈƒ^ƒC‚Éu‚¢‚¢Š´‚¶v^ƒAƒWƒA‘IèŒ ,https://news.yahoo.co.jp/articles/3bb050b551bbcd3d198854f03455cf6609bdf10f,7/13(–Ø) 20:16
getsuriku,y—¤ãzƒnƒ“ƒ}[“ŠE•Ÿ“cãÄ‘å‚ª©ŒÈV71m80‚Å“ºI“ú–{¨5‘å‰ï‚Ô‚èƒƒ_ƒ‹^ƒAƒWƒA‘IèŒ ,https://news.yahoo.co.jp/articles/1e5efeaddc4354b5ee0e8fb340a647f807cc0dc9,7/13(–Ø) 15:46
getsuriku,y’|àVŒ’‰î‚Ì‹“_z‰ß“‚È‹‚³‚Ì’†‚ÅŒõ‚Á‚½“càV—õ‚Ì‹­‚³ ¢ŠE‚Ì“üÜ‚Ö‚Í‹”M‚ÆgŸ•‰h‚Ö‚Ì‘Îô‚ğ,https://news.yahoo.co.jp/articles/72cc5dc28a8d6835a9f289a6c9fef64a46d47b43,7/13(–Ø) 14:24
getsuriku,y—¤ãzƒxƒ‹ƒM[‚Å110mH¬’rˆ»‚ª13•b57‚Ì©ŒÈVI ˆÉ“¡’B•F‚Í1500m3•ª49•b22^WAƒRƒ“ƒ`ƒlƒ“ƒ^ƒ‹ƒcƒA[,https://news.yahoo.co.jp/articles/f42e4f94face661f0091747b34dd5494e3a69957,7/13(–Ø) 14:13
getsuriku,y—¤ãz“c“‡‹L”O‚ÌƒGƒ“ƒgƒŠ[”­•\I‘–‚’µE^–ì—F”A‘–•’µEéR³‘¾˜YA‹g“cO“¹‚ç‚ª¢ŠE‘IèŒ oê‚ğŒœ‚¯ÅŒã‚Ìí‚¢,https://news.yahoo.co.jp/articles/f7dc91688fba7b071a0699c0544f84523761a800,7/13(–Ø) 13:12
getsuriku,y—¤ãzO‰Y—´i ¢ŠE‘IèŒ ‚ÉŒü‚¯‚Äuè‰‚¦‚Í‚Ü‚¸‚Ü‚¸v5000m‚ÅƒV[ƒYƒ“ƒxƒXƒg^ƒzƒNƒŒƒ“DC–kŒ©,https://news.yahoo.co.jp/articles/8a958da951411b55df11c8a56ed33ada51c43dfc,7/13(–Ø) 7:03
getsuriku,y—¤ãz“càV—õ Ü”M‚Ìƒoƒ“ƒRƒN‚Å10000m“ú–{¨42”N‚Ô‚èVI“c’†ŠóÀAX–{–ƒ—¢qAÄ“¡^—Ø‚Æ‹àƒƒ_ƒ‹ƒ‰ƒbƒVƒ…^ƒAƒWƒA‘IèŒ ,https://news.yahoo.co.jp/articles/424da61671a08b1bf7adfcd396a0819bc613a9ed,7/13(–Ø) 7:02
getsuriku,y—¤ãz“càV—õu¢ŠE—¤ã‚ÍŒµ‚µ‚­‚È‚Á‚½‚ªAÅŒã‚Ü‚Å’§í‚Å‚«‚½v “ú–{¨42”N‚Ô‚è‹àƒƒ_ƒ‹‚àö‚µ‹‚³‚É‹L˜^‚ğ‘j‚Ü‚ê‚é ^ƒAƒWƒA‘IèŒ ,https://news.yahoo.co.jp/articles/c9e14805a96197b1c5820e7a1dd2958b08c253d0,7/12(…) 22:58
getsuriku,y—¤ãzO’i’µEX–{–ƒ—¢q‚ª6‰ñ–Ú14m06‚ÅŒ€“I‹t“]VIuƒAƒWƒA‚ğŠl‚Á‚Ä¢ŠE—¤ã‚ÖvÀŒ»^ƒAƒWƒA‘IèŒ ,https://news.yahoo.co.jp/articles/a4f3e3dc033381ce7106d1f69dfef65522758a05,7/12(…) 22:40
getsuriku,y—¤ãz10000mE“càV—õ ˆÓ’n‚Ì‹àƒƒ_ƒ‹I29•ª18•b46‚Å2‘å‰ï˜A‘±¢ŠE—¤ã‚Í”÷–­‚Èó‹µ‚É^ƒAƒWƒA‘IèŒ ,https://news.yahoo.co.jp/articles/f5f1f711b7ed4703c4e1b005e4061ce1973fd342,7/12(…) 22:30
getsuriku,y—¤ãz—q4~100mR‚Å“ú–{‚ª‹âI43•b95‚Å3‘å‰ï‚Ô‚èƒƒ_ƒ‹Šl“¾^ƒAƒWƒA‘IèŒ ,https://news.yahoo.co.jp/articles/fbf7ef8825c4bdcabc3e36ba142693028956586c,7/12(…) 22:00
getsuriku,y—¤ãz5000m“ú–{‹L˜^•ÛÒEœA’†——œ‰À‚ª15•ª18•b77‚Å•œ’²‹C”zI2Œ‚ÉƒAƒLƒŒƒXäF’É‚ß“ú–{‘IèŒ ‚Í21ˆÊ^ƒzƒNƒŒƒ“DC–kŒ©,https://news.yahoo.co.jp/articles/c9366c0b4922197a354aae1632b2161e34cbc47a,7/12(…) 21:42
getsuriku,y—¤ãzÔí•‹Å‚ª13•ª28•b70Iˆ³ŠªƒXƒp[ƒg‚ÅO‰Y—´i‚É‹£‚èŸ‚ÂIMGC‚ÉŒü‚¯uˆê“úˆê“ú‚ğ‘å–‚É‚µ‚½‚¢v^ƒzƒNƒŒƒ“DC–kŒ©,https://news.yahoo.co.jp/articles/db3073985ec671c1c8c1cbd85ba3870d819ccb3b,7/12(…) 21:38
getsuriku,y—¤ãz—q‚â‚è“ŠEÄ“¡^—Ø‚ª61m67‚Å—DŸI “Œ‹ŒÜ—Ö‹à‚Ì—«‰n‚ğ—}‚¦‚éêŒM‚ÌV^ƒAƒWƒA‘IèŒ ,https://news.yahoo.co.jp/articles/6627df54e37acbf5859999563e26b303b6461cdc,7/12(…) 21:14
getsuriku,y—¤ãzu—Í‚ğŒ©‚¹‚Â‚¯‚½‚©‚Á‚½v“c’†ŠóÀ‚ª’†”Õ‚ÉdŠ|‚¯‚ÄƒAƒWƒA‚Ì’¸“_‚ÉI ¢ŠE‘IèŒ ‚ÉŒü‚¯‚Ä‹ŠE—ÇD ^ƒAƒWƒA‘IèŒ ,https://news.yahoo.co.jp/articles/a093534e43ff6eb6965a2d1fead5b1c13b915c32,7/12(…) 21:04
getsuriku,y—¤ãz‹àƒƒ_ƒ‹‘æ1†‚Í1500mE“c’†ŠóÀI‘å‰ïV‚Ì4•ª06•b76 Œã“¡–²‚Æƒƒ“Eƒc[^ƒAƒWƒA‘IèŒ ,https://news.yahoo.co.jp/articles/dc86b154938f0a192a6ea00aac45db3d71feef67,7/12(…) 19:57
getsuriku,y—¤ãz‰¢BlŒ Ù”»Š‚ªƒZƒƒjƒƒ‚Ì‘i‚¦‚ğˆê•””F‚ß‚é”»Œˆ ¢ŠE—¤˜A‚ÍuDSD‹K‘¥‚ğ•ÏX‚·‚é‚±‚Æ‚Í‚È‚¢v‚Æº–¾,https://news.yahoo.co.jp/articles/a128b75b8508dd081aeb87df994d55657d6573c2,7/12(…) 12:48
getsuriku,y—¤ãz“ú–{—¤˜AE—LX—Tq•›‰ï’·‚ªƒAƒWƒA—¤˜AƒJƒEƒ“ƒVƒ‹ƒƒ“ƒo[‚É“–‘II 2027”NƒAƒWƒA‘IèŒ ‚Ü‚Å‚Ì4”N”CŠú,https://news.yahoo.co.jp/articles/a9e385a6c6c04620ee8553242111f0d581aec56e,7/11(‰Î) 18:34
getsuriku,y—¤ãz—q‹£•àE‘åR—•‚ª2022ƒAƒWƒAU18ƒAƒXƒŠƒŠ[ƒgƒIƒuƒUƒCƒ„[Ü‚ğóÜI,https://news.yahoo.co.jp/articles/e165a70dfa98362d14b002c63653f7ac6eefb320,7/11(‰Î) 18:30
getsuriku,y—¤ãzSUBARU‚ÉƒPƒjƒA‘IèŒ 1–œm2ˆÊ‚Ìƒƒm‚ª‰Á“üI u•ê‘‚Ì‰Æ‘°‚Ì‚½‚ßAƒ`[ƒ€‚Ì‚½‚ß‚ÉŠæ’£‚è‚½‚¢v,https://news.yahoo.co.jp/articles/868110e64f549a1ef5b7f2b4c95ad9a006fd9703,7/11(‰Î) 15:20
getsuriku,y—¤ãz—q5000mƒLƒsƒGƒSƒ“‚ª‰õŸ GMOEƒNƒƒbƒvA‹ã“dHEƒRƒGƒ`‚ª‘ã•\“ü‚è —qƒ}ƒ‰ƒ\ƒ“EƒRƒXƒQƒC‚Í‘ã•\«‘Ş^¢ŠE‘IèŒ ƒPƒjƒA‘Il‰ï,https://news.yahoo.co.jp/articles/a66b1af1ec184e60caaf0eee4bce9ae5da84e63d,7/11(‰Î) 14:09
getsuriku,y—¤ãz²“¡Œ\‘¿‚ªƒiƒCƒgƒIƒuƒAƒXƒŒƒeƒBƒNƒX5000m‚ÉƒGƒ“ƒgƒŠ[I¢ŠE‘IèŒ ‘ã•\“ü‚è‚Öd—v‚Èˆêí‚É’§‚Ş,https://news.yahoo.co.jp/articles/7524e9d71a36a590dad707d1ad280ba6d1ef9c40,7/11(‰Î) 12:07
getsuriku,¢ŠE—¤ãAƒpƒŠŒÜ—Ö‚Ö‚Ì‘å–‚ÈˆêíIâˆä—²ˆê˜Y‚ÆíÉ“c‘å‹P‚ªƒAƒWƒAgÅ‘¬h‘_‚¤ “càV—õ1–œmV‚È‚é‚©^ƒAƒWƒA‘IèŒ ’jq“W–],https://news.yahoo.co.jp/articles/e55eee42e48383b8e2e29780708eb572e9abafff,7/11(‰Î) 7:01
getsuriku,¢ŠE—¤ãAƒpƒŠŒÜ—Ö‚Ö‚Ì‘å–‚ÈˆêíI“c’†ŠóÀ1500m‚Å‰§”e‚È‚é‚© ›“c–¾“úA`Ÿ”ü—éAÂ–Ø‰v–¢‚ç‹àƒƒ_ƒ‹‘_‚¤^ƒAƒWƒA‘IèŒ —q“W–],https://news.yahoo.co.jp/articles/e208233e2f8a0e910b9331a61c846786bdb851b3,7/11(‰Î) 7:01
getsuriku,y—¤ãz“y»~‚è‚Ì‰p‘‘IèŒ ’jq100m‚Íƒqƒ…[ƒY‚ª10•b03‚ÅV ƒƒ‹ƒzƒ‹ƒ€‚Í46•b76 Še‘‘IèŒ ‚ÅD‹L˜^‘ŠŸ‚®,https://news.yahoo.co.jp/articles/f6b4598b25f5c3d0e9c87bbd32c5155fa73cd0db,7/10(Œ) 15:19
getsuriku,y—¤ãz’jq–_‚’µER–{¹“r‚ªuƒPƒK‚Ì‚½‚ßvƒAƒWƒA‘IèŒ Œ‡ê ¢ŠE‘å‰ï˜A‘±oê‚Íƒ{[ƒ_[ƒ‰ƒCƒ“ã,https://news.yahoo.co.jp/articles/c85a047acd266375793fcc4a6ce52e72b0720927,7/10(Œ) 14:32
getsuriku,y—¤ãzƒWƒƒƒNƒ\ƒ“‚ªŒü‚©‚¢•—‚Ì’†200m21•b71‚Å2Š¥’B¬I ’jq110mH‚Íƒuƒ[ƒhƒxƒ‹‚ª¡‹G¢ŠEÅ‚‚Ì12•b94I^ƒWƒƒƒ}ƒCƒJ‘IèŒ ,https://news.yahoo.co.jp/articles/d8f0f02c58e26eef95d7010b6abb414eea89980f,7/10(Œ) 14:26
getsuriku,y—¤ãz—q200mƒg[ƒ}ƒX‚ª¢ŠE—ğ‘ã4ˆÊ‚Ì21•b60I ’jq200m‚ÍƒiƒCƒgƒ“VAƒJ[ƒŠ[‚Í4ˆÊ^‘S•Ä‘IèŒ ,https://news.yahoo.co.jp/articles/608d050e76809f2c503177a4dddcfafdab464429,7/10(Œ) 13:12
getsuriku,y—¤ãz200m‰LàV”ò‰H ‰‘ã•\‚àu©•ª‚ç‚µ‚­vu‚Ü‚¸‚ÍƒAƒWƒA‚ğŠl‚è‚½‚¢v^ƒAƒWƒA‘IèŒ ,https://news.yahoo.co.jp/articles/01c07012c3682ca7a83066091ba295bd4ebb0f75,7/10(Œ) 10:18
getsuriku,y—¤ãz100mH›“c–¾“úuƒ^ƒCƒ€‚ğ‘_‚¢‚½‚¢vŒoŒ±Ï‚İu—]—T‚ªo‚Ä‚«‚½v^ƒAƒWƒA‘IèŒ ,https://news.yahoo.co.jp/articles/ac57068b029cc991cc53d293a8c61754a160a21d,7/10(Œ) 10:15
getsuriku,y—¤ãzb“ì‘åEÂR‰ØˆËu11Œ‚ÌƒGƒRƒpƒgƒ‰ƒbƒNƒQ[ƒ€ƒXv‚Å‚Ì•œ‹A–Úw‚µ‚Äˆê•àˆê•à ¶•GèpŒo‚Äu¡‚Å‚«‚é‚±‚Æv‚ÉW’†,https://news.yahoo.co.jp/articles/602501675f1e0824af0023d652f0ad8d3dd85673,7/10(Œ) 7:01
getsuriku,y—¤ãzV‰sE‘åã’¼‹N‚ª10•b23w‚ÅGP‰§”eI—q100mH‚Í’Ç‚¢Q‚È‚ª‚ç‘å¼13•b01•Å“c13•b02‚ÌDŸ•‰^“ì•”‹L”O,https://news.yahoo.co.jp/articles/4b40130664a55ec3ed26f000636f5bda398f28e2,7/9(“ú) 18:39
getsuriku,y—¤ãzƒ}ƒNƒ[ƒŠƒ“EƒŒƒuƒƒ“‚ª400m48•b74‚Ì‘å‰ïVVI’jq–_‚’µ‚Í“Œ‹‹âƒjƒ‹ƒZƒ“‚ª5m91‚Å§‚·^‘S•Ä‘IèŒ ,https://news.yahoo.co.jp/articles/a709252da761da9985358c2253734e2946d05059,7/9(“ú) 17:49
getsuriku,y—¤ãz—q‚â‚è“ŠE²“¡—F‰À‚ª60m31I2”N‚Ô‚è‘å‘äƒXƒ[‚ÅƒtƒBƒ“ƒ‰ƒ“ƒh‚ÌGP2Ÿ–Ú,https://news.yahoo.co.jp/articles/186e91d87a02af7dd56a33edf884380833cefc2a,7/9(“ú) 12:06
getsuriku,y—¤ãz”Ñ’ËãÄ‘¾‚ª100m10•b28E200m20•b43Iƒxƒ‹ƒM[‚Å2í–Ú¡‹GƒxƒXƒg•3ˆÊ‚Ì—Í‘–,https://news.yahoo.co.jp/articles/4dd2c5aafbfea3c87d7417d324dc2d3e66ae8fe4,7/9(“ú) 11:36
getsuriku,y—¤ãz‘–•’µE`Ÿ”ü—é º“à‚É‘±‚¢‚ÄƒAƒWƒA§”e‚Öu©•ª‚Ì’µ–ô‚ÉW’†‚·‚év^ƒAƒWƒA‘IèŒ ,https://news.yahoo.co.jp/articles/a566e2672d37467f819aa9566620a15e7decbc19,7/9(“ú) 10:29
getsuriku,y—¤ãz100m“ú–{‰¤ÒEâˆä—²ˆê˜Yu¢ŠE—¤ã‚É‚Â‚È‚°‚½‚¢v–Úw‚·‚ÍƒAƒWƒA‚Ì’¸“_‚Æ9•b‘ä^ƒAƒWƒA‘IèŒ ,https://news.yahoo.co.jp/articles/bd3af4a3a6b5eba49ea1381475d9ae8cd4952f28,7/9(“ú) 10:26
getsuriku,y—¤ãz“càV—õ ƒuƒ_ƒyƒXƒg¢ŠE—¤ã‚Öƒoƒ“ƒRƒN‚ÅÅŒã‚Ì’§íu27•ª‘ä‚Å—DŸ‚µ‚½‚¢v^ƒAƒWƒA‘IèŒ ,https://news.yahoo.co.jp/articles/2574c09ff6761db72883fff6d7f1040ef824d293,7/9(“ú) 10:23
getsuriku,y—¤ãz“c’†ŠóÀ5000m14•ª53•b60!!!ƒtƒBƒ“ƒ‰ƒ“ƒh‚Å“ú–{—ğ‘ã3ˆÊA5•b‚à©ŒÈVIƒuƒ_ƒyƒXƒg¢ŠE—¤ã•W€“Ë”jI,https://news.yahoo.co.jp/articles/0c1e2929aba2057151c5bd27b1e62bdca9e0ae57,7/9(“ú) 0:16
getsuriku,y—¤ãz‘å”—Œ† 1“ú2–{–Ú‚Ì10000m‚Í28•ª35•b36‚Å‚Ü‚Æ‚ß‚é ƒCƒ“ƒ^[ƒoƒ‹–ñ90•ª‚Å‘–”j^ƒzƒNƒŒƒ“DC–Ô‘–,https://news.yahoo.co.jp/articles/b0c041b3d080e21a3718975a25802d7fb330a1e0,7/8(“y) 20:39
getsuriku,y—¤ãz‹g“c—S–ç‚ª27•ª54•b33Aš ›{‰@‘åE•½—Ñ´Ÿ‚ª“¯‘å‰‚Ì27•ª‘ä“Ë“üI^ƒzƒNƒŒƒ“DC–Ô‘–,https://news.yahoo.co.jp/articles/22f742706e5acfed250162a2082910df27f154ee,7/8(“y) 20:30
getsuriku,y—¤ãz‘¾“c’q÷‚ª‚Ü‚½‚à©ŒÈVI13•ª20•b11‚ğƒ}[ƒN Ôí•‹Å‚à‘å•©ŒÈƒxƒXƒg š ›{‰@‘åER–{‚ª13•ª34•b85^ƒzƒNƒŒƒ“DC–Ô‘–,https://news.yahoo.co.jp/articles/0e0120fd12cdba581192593f22664d5c9b7588d7,7/8(“y) 19:04
getsuriku,y—¤ãzœA’†——œ‰À 15•ª29•b12I2Œ‚ÌƒAƒLƒŒƒXäFƒPƒK‚©‚ç•œŠˆ‚Öˆê•à‚Şu’e‚İ‚É‚È‚év^ƒzƒNƒŒƒ“DC–Ô‘–,https://news.yahoo.co.jp/articles/ed8e0f87d240661b9b0e4ec3330eab89138058a8,7/8(“y) 18:49
getsuriku,y—¤ãz‘å”—Œ†10000mw1–{–Úx‚Í28•ª14•b69I1ŠÔ”¼Œã‚É‚àƒGƒ“ƒgƒŠ[ “ú–{lƒgƒbƒv‹ß“¡K‘¾˜Y‚Í©ŒÈV^ƒzƒNƒŒƒ“DC–Ô‘–,https://news.yahoo.co.jp/articles/cdc946b8889fa5a4cfb6d78ef5dd8792e153392f,7/8(“y) 18:36
getsuriku,y—¤ãz ƒWƒƒƒNƒ\ƒ“‚ª—q100m‚Å—ğ‘ã5ˆÊƒ^ƒC‚Ì10•b65I ’jq400mH‚Í19ÎƒNƒ‰[ƒN‚ª47•b85‚Å§‚·^ƒWƒƒƒ}ƒCƒJ‘IèŒ ,https://news.yahoo.co.jp/articles/e50a083fb40eedd6442715ff26fa32a744ce460e,7/8(“y) 17:12
getsuriku,y—¤ãz‹î‘åEÔ’Ã—Ei‚ª13•ª43•b79‚Ì©ŒÈVIu–‘«‚¢‚­ƒ^ƒCƒ€vc‚è1000m‚©‚çˆ³Šª‚ÌØ‚è‘Ö‚¦‚Å‹­‚³Œ©‚¹‚é^ƒzƒNƒŒƒ“DC–Ô‘–,https://news.yahoo.co.jp/articles/0254faf3b6a3b422e9aab75a05d07c3b2bf00c7f,7/8(“y) 15:55
getsuriku,y—¤ãz—q100m‚ÍƒŠƒ`ƒƒ[ƒhƒ\ƒ“‚ª10•b82‚ÅV ’jq100m‚Ìƒ`ƒƒ[ƒ‹ƒXƒgƒ“‚Í‘S•Ä‰§”eI^‘S•Ä‘IèŒ ,https://news.yahoo.co.jp/articles/29a292a47104fe3658808ed5d188db7c11cffcef,7/8(“y) 14:14
getsuriku,y—¤ãzƒTƒjƒuƒ‰ƒEƒ“10•b48‚Å3ˆÊ 100mH•Ÿ•”^q‚Í13•b59‚Ì4ˆÊ^WAƒRƒ“ƒ`ƒlƒ“ƒ^ƒ‹ƒcƒA[,https://news.yahoo.co.jp/articles/6a4a8fa9137165734c3ae99d93569be40d7c04e4,7/8(“y) 9:12
getsuriku,y—¤ãz’jq‘–•’µE‹´‰ª—D‹P‚Í‹L˜^‚È‚µ ‰~”Õ“Š‚Ì“’ã„‹P‚Í58m13‚Å7ˆÊ ^WAƒRƒ“ƒ`ƒlƒ“ƒ^ƒ‹ƒcƒA[,https://news.yahoo.co.jp/articles/3679a209f0e3d02e1730dbf7f18135c7e9aed68a,7/7(‹à) 17:27
getsuriku,y—¤ãzƒpƒŠŒÜ—ÖMGC ŠÏíƒ`ƒPƒbƒg”Ì”„Œˆ’èI8Œ‚æ‚è‡Ÿ ‘å‰ïƒrƒWƒ…ƒAƒ‹‚àŒˆ’è,https://news.yahoo.co.jp/articles/d0faf6f2bcbb4789e81e054dc283c10bb8037f29,7/7(‹à) 15:26
getsuriku,y—¤ãz×“c‚ ‚¢uƒpƒŠŒÜ—Ö‚ÌØ•„‚ğŸ‚¿æ‚évMGC‚ÉŒü‚¯‚Ä’Zû‚Év‚¢‚ß‚é,https://news.yahoo.co.jp/articles/f026c32597e4001116a1b6ad2197d3abc3d993f5,7/7(‹à) 15:11
getsuriku,y—¤ãz—q400mŒÜ—Ö˜A”e‚Ìƒ~ƒ‰[EƒEƒCƒ{‚ªoY‚©‚ç‹£‹Z•œ‹A µí‹£‹Z‚É’§í‚µA200m25•b31,https://news.yahoo.co.jp/articles/6accc65d7912338f037ab9463cd712950c425a8e,7/7(‹à) 15:04
getsuriku,y—¤ãzƒpƒŠŒÜ—ÖMGC —DŸÜ‹à1000–œ‰~I¡‰ñV‚½‚ÉÜ‹à‚ªİ’è 2ˆÊE500–œA3ˆÊE250–œ‰~ ãˆÊ2l‚ª‘ã•\“à’è,https://news.yahoo.co.jp/articles/347b9a55cdc45a476cdb47ff054f1e749c6b103e,7/7(‹à) 14:51
getsuriku,y—¤ãzƒpƒŠŒÜ—ÖMGCoêÒ92l”­•\I“Œ‹ŒÜ—Ö6ˆÊ‚Ì‘å”—Œ†A—é–ØŒ’ŒáAˆêR–ƒA¼“c¶‚ç“o˜^ V’Jm”üA’r“c—s•½‚ç4l‚ª“o˜^‚¹‚¸,https://news.yahoo.co.jp/articles/ef02fb2c5e7c067808deddd35fd96c1d03f43372,7/7(‹à) 14:43
getsuriku,y—¤ãz‘S•Ä‘IèŒ ‚ªŠJ–‹I —qO’i’µƒtƒ‰ƒ“ƒNƒŠƒ“‚ª14m44‚Å‰õŸ —q100mƒŠƒ`ƒƒ[ƒhƒ\ƒ“‚Í—\‘I‚Å10•b71‚Ì—ğ‘ã6ˆÊƒ^ƒC!!,https://news.yahoo.co.jp/articles/62952914581e1405b8e384c2b79d4beeffd134d6,7/7(‹à) 14:15
getsuriku,y—¤ãzƒAƒWƒA‘IèŒ  ‘–•’µ‚Ì‹´‰ª—D‹P‚ªŒ‡ê ƒuƒ_ƒyƒXƒg¢ŠE—¤ã‚Ìoê˜g‚É‚Íƒ‰ƒ“ƒNƒCƒ“,https://news.yahoo.co.jp/articles/64fb76ae98f947fb2c55f0cf4e9d1a863595b901,7/6(–Ø) 15:01
getsuriku,ƒTƒjƒuƒ‰ƒEƒ“A‹´‰ª—D‹P‚ªƒuƒ_ƒyƒXƒg¢ŠE—¤ã‚Ö‘OiIDL‚ÌŒ‹‰Ê‚Åƒ‰ƒ“ƒLƒ“ƒOã¸,https://news.yahoo.co.jp/articles/c725bc4220cae414ce4d54c2b74e33f01d96e295,7/6(–Ø) 13:26
getsuriku,y—¤ãz”ŸŠÙƒ}ƒ‰ƒ\ƒ“‚Å—U“±ƒ~ƒX ‘–s‹——£‚ª10m’Z‚­A’è•ûx‚ç’jqƒn[ƒtãˆÊ4l‚Ì‹L˜^‚ªQlˆµ‚¢‚É,https://news.yahoo.co.jp/articles/50b376b390ddb714021156a026fc3c4f6ad7539f,7/6(–Ø) 12:26
getsuriku,y—¤ãz“Œ‹ŒÜ—Ö5000m‘ã•\‚ÌƒeƒtƒFƒŠ‚ªƒtƒBƒjƒbƒVƒ…–Ú‘O‚Å‚Ü‚³‚©‚ÌƒR[ƒXƒAƒEƒg! ƒeƒXƒtƒ@ƒC‚ª—DŸ‚³‚ç‚¤^ƒs[ƒ`ƒcƒŠ[ƒ[ƒh,https://news.yahoo.co.jp/articles/54c4c933a74c2ebd82b02a79aeb4415db44c3cb5,7/6(–Ø) 7:02
getsuriku,y—¤ãz1500m“c’†ŠóÀ ƒtƒBƒ“ƒ‰ƒ“ƒh‚ÅƒV[ƒYƒ“ƒxƒXƒg‚Ì4•ª07•b05I—ğ‘ã9ˆÊ‚Ì‰õ‘–,https://news.yahoo.co.jp/articles/a8a831abe6c2e82be367823ebeb06d01c383d22c,7/6(–Ø) 7:00
getsuriku,y—¤ãz—q800m‚Í‹}¬’·‚Ì“n•Óˆ¤‚ªV Šw¶—ğ‘ã8ˆÊ‚Ì2•ª03•b75 ’jq800m²“¡å—‚à©ŒÈV‚Å§‚·^ƒzƒNƒŒƒ“DC[ì,https://news.yahoo.co.jp/articles/2ab134632abf80b06e21be7a69eca28ab0cda930,7/5(…) 21:55
getsuriku,y—¤ãzu˜A”e‚É’§í‚Å‚«‚È‚¢‚Ì‚Íc”OvƒIƒŒƒSƒ“¢ŠE—¤ã’jq1500m‹à‚ÌƒƒCƒgƒ}ƒ“‚ª¡‰Ä‚Ì¢ŠE—¤ãoê‚ğ’f”O 2Œ‚É‰E‘«‚ğ•‰,https://news.yahoo.co.jp/articles/b36ee43921439381a1c833e8b8b70d798053d04e,7/5(…) 19:46
getsuriku,y—¤ãz’jqƒ}ƒ‰ƒ\ƒ“—ğ‘ã¢ŠE6ˆÊƒ^ƒC‚ÌƒGƒLƒ‹‚ªƒh[ƒsƒ“ƒOˆá”½I ‰ü‚´‚ñsˆ×‚É‚æ‚è10”N‚Ì‘Ši’â~ˆ•ª‚Ì‰Â”\«‚à,https://news.yahoo.co.jp/articles/87c5e49acd7c3a8f6f248f9016b284ec4fe4e7a3,7/5(…) 12:58
getsuriku,y—¤ãz¬’r—S‹M‚ªƒJƒiƒ_‚Ì‹£‹Z‰ï‚Å10•b26 Œä‰Æ£—Î‚Í11•b76^WAƒRƒ“ƒ`ƒlƒ“ƒ^ƒ‹ƒcƒA[,https://news.yahoo.co.jp/articles/b72fd41146c5c21b39b25f49b534cbbf61208d7a,7/5(…) 7:01
getsuriku,y—¤ãz—q‚â‚è“ŠE•–{Ñ‰h‚ªƒvƒ–ì‹…‚Ìn‹…®‚É“oêI ‹‘¬‹…ƒXƒgƒ‰ƒCƒN‚É‹…ê‚Ç‚æ‚ß‚­,https://news.yahoo.co.jp/articles/c1acae990cbbc14530de6edef478ee71af2c9404,7/4(‰Î) 21:43
getsuriku,25”N“Œ‹¢ŠE—¤ã ‘æ1‰ñ—–‰ï‚ğŠJÃ –‹ÆŒv‰æA—\ZˆÄ‚È‚Ç‹c‘è‚É “Œ‹“s‚ÆŠî–{‹¦’è‚ğ’÷Œ‹,https://news.yahoo.co.jp/articles/3d38eda8fc97ef7b8eb61b09722b73cf32e9acd3,7/4(‰Î) 18:58
getsuriku,y—¤ãzu1”N‚Ì€”õ‚ª‰ó‚³‚ê‚½vƒ_ƒCƒ„ƒ‚ƒ“ƒhƒŠ[ƒO‚Å‚Ì–WŠQsˆ×‚É”á“ï‚Ìº ‘å‰ïÓ”CÒ‚Í—“üÒ‘Îô‚É‹ê—¶,https://news.yahoo.co.jp/articles/10cf40f480f86b0e66440fb39a8f94e78cc48fed,7/4(‰Î) 12:52
getsuriku,y—¤ãzƒtƒBƒ“ƒ‰ƒ“ƒh‚Å‚â‚è“ŠEí•R—Y‘¾‚ª79m61‚Å2ˆÊ ƒfƒB[ƒ“Œ³‹C‚Í78m68^WAƒRƒ“ƒ`ƒlƒ“ƒ^ƒ‹ƒcƒA[,https://news.yahoo.co.jp/articles/ef8a13e5d7fe2784f7579bfee24a0e449bad7142,7/3(Œ) 21:18
getsuriku,–kŠC“¹ƒCƒ“ƒ^[ƒnƒC‚ÌƒXƒ^[ƒgƒŠƒXƒg‚ÆƒtƒB[ƒ‹ƒhí–Ú‚Ì—\‘I’Ê‰ß‹L˜^‚ª”­•\I ’–Ú‚Ì•–ØŠCãÄ‚Í100m—\‘I1‘g–Ú‚É“oê ’jq‘–‚’µ’Ê‰ßƒ‰ƒCƒ“‚Í2m03,https://news.yahoo.co.jp/articles/ff0cf363706bd34a36c721d224b0321a25b00d97,7/3(Œ) 20:42
getsuriku,y—¤ãz’jq1500m‘O“ú–{‹L˜^•ÛÒ‚ÌrˆäµŠC‚ª“ŒŠC‘å‚ÌƒAƒhƒoƒCƒU[‚ÉA”CIuá‚¢‘Iè’B‚É‘½‚­‚Ì‚±‚Æ‚ğc‚µ‚½‚¢v,https://news.yahoo.co.jp/articles/5ceee0e19d8a046ec505a1c51e70b315db499476,7/3(Œ) 19:49
getsuriku,y—¤ãz24”N–¼ŒÃ‰®ƒEƒBƒƒ“ƒYƒ}ƒ‰ƒ\ƒ“‚Í3Œ10“úŠJÃ ƒ`ƒƒƒŒƒ“ƒWƒGƒ“ƒgƒŠ[‚Í7Œ6“ú‚©‚ç\‚µ‚İŠJn,https://news.yahoo.co.jp/articles/7597bfd69f105f870736b166cfa49a1376f1f23d,7/3(Œ) 15:46
getsuriku,y—¤ãzƒAƒVƒbƒNƒX‚ª“Œ‹ƒpƒ‰ŒÜ—Öƒ}ƒ‰ƒ\ƒ“‹àƒƒ_ƒŠƒXƒg‚Ì“¹‰º”ü—¢‚ÆƒAƒhƒoƒCƒU[Œ_–ñ‚ğ’÷Œ‹ u’N‚à‚ª•é‚ç‚µ‚â‚·‚¢Ğ‰ï‚ÌÀŒ»‚ğv,https://news.yahoo.co.jp/articles/52b26af73865e11989e8e9845e563b69dbde4ecc,7/3(Œ) 15:08
getsuriku,y—¤ãz’·‹——£Å‘¬ƒ‰ƒ“ƒi[Eƒ`ƒFƒvƒeƒQƒC‚ªƒ}ƒ‰ƒ\ƒ“’§í‚ğ•\–¾I 12Œ‚ÌƒoƒŒƒ“ƒVƒA‚Åƒfƒrƒ…[,https://news.yahoo.co.jp/articles/ca2096e432838efeab46ff070d46cc2de3a0efe5,7/3(Œ) 13:03
getsuriku,y—¤ãz’nŒ³‚Ì‰p—YEƒfƒ…ƒvƒ‰ƒ“ƒeƒBƒX‚ª6m05‚Å‰õŸ@—q‰~”Õ“Š‚Øƒ‹ƒRƒ”ƒBƒbƒ`‚ÍDL46Ÿ–Ú^DLƒXƒgƒbƒNƒzƒ‹ƒ€,https://news.yahoo.co.jp/articles/0e42fa1934215ed0288bcad71dc06190985fc651,7/3(Œ) 12:49
getsuriku,y—¤ãzDLƒXƒgƒbƒNƒzƒ‹ƒ€‚ÅŠÂ‹«Šˆ“®‰Æ‚ªƒŒ[ƒX‚ğ–WŠQ ƒƒ‹ƒzƒ‹ƒ€‚Íu³’¼A• ‚ğ—§‚Ä‚Ä‚¢‚év‚Æ•®ŠS,https://news.yahoo.co.jp/articles/275d19c5650238347e3f64f401a1cd52423450b6,7/3(Œ) 12:00
getsuriku,y—¤ãz400m“ú–{‰¤ÒE’†“‡—C‹CƒWƒ‡ƒZƒt ‰DL‚Í46•b21‚Å8ˆÊ‚Ù‚ë‹êƒfƒrƒ…[^DLƒXƒgƒbƒNƒzƒ‹ƒ€,https://news.yahoo.co.jp/articles/f89f5572872e86c68747bf1dae3be5b08da16e22,7/3(Œ) 6:01
getsuriku,y—¤ãzƒTƒjƒuƒ‰ƒEƒ“100m10•b33‚Å6ˆÊ ’†”Õ‚Ü‚Åƒgƒbƒv‘ˆ‚¢‚·‚é‚àŒã”¼—£‚³‚ê‚é^DLƒXƒgƒbƒNƒzƒ‹ƒ€,https://news.yahoo.co.jp/articles/1655cd0cba373883556730d268f40955ae9f3382,7/3(Œ) 6:00
getsuriku,y—¤ãz’jq400mHR“à‘å–²‚ª50•b12‚ÅV —q400m‹v•ÛR°Ø‚Í53•b21‚Å§‚·^WAƒRƒ“ƒ`ƒlƒ“ƒ^ƒ‹ƒcƒA[,https://news.yahoo.co.jp/articles/d43fafed4325fdbddc151b5026119e67ac105e67,7/2(“ú) 16:32
getsuriku,y—¤ãz¬R’¼é‚ª2ŠÔ7•ª40•b‚Ì‘å‰ïV•©ŒÈVV ì“à—D‹P‚Í2ŠÔ12•ª35•b‚Ì7ˆÊ^ƒS[ƒ‹ƒhƒR[ƒXƒgƒ}ƒ‰ƒ\ƒ“,https://news.yahoo.co.jp/articles/202852f4058378b9f6e4c611590d0c3ea648651b,7/2(“ú) 12:28
getsuriku,y—¤ãz‘¾“c’q÷‚ª5000m13•ª24•b59‚Ì‘å•©ŒÈVI ƒuƒ_ƒyƒXƒg¢ŠE—¤ã‘ã•\‚Ì²“¡‘–ç‰¾‚ª1–œmƒgƒbƒv^ƒzƒNƒŒƒ“DCm•Ê,https://news.yahoo.co.jp/articles/53293b6531381b4403b37631b37a9d144f3e6984,7/1(“y) 21:49
getsuriku,y—¤ãz100mH›“c–¾“ú‚Í12•b92‚Å2ˆÊu‘«‚è‚È‚¢‚à‚Ì‚ª–¾Šm‚É‚È‚Á‚½vƒuƒ_ƒyƒXƒg¢ŠE—¤ã‚Íoê‚ÌˆÓŒü^À‹Æ’cŠw¶‘ÎR,https://news.yahoo.co.jp/articles/6ce48880092d97bc1825d56d12b5334a386bcf14,7/1(“y) 21:00
getsuriku,y—¤ãz100mH•Ÿ•”^q ƒV[ƒYƒ“ƒxƒXƒg‚Ì12•b90‚ÅVIuƒ‚ƒ„ƒ‚ƒ„­‚µ•¥@‚Å‚«‚½v^À‹Æ’cŠw¶‘ÎR,https://news.yahoo.co.jp/articles/a89be1df80c6cdf368bc2ad14ce097daa386ba08,7/1(“y) 20:47
getsuriku,y—¤ãzíÉ“c‘å‹P ©ŒÈV‚Ì10•b10!!uƒAƒWƒA‘IèŒ —DŸ‚Å¢ŠE‘IèŒ ‚ğŒˆ‚ß‚½‚¢v^À‹Æ’cŠw¶‘ÎR,https://news.yahoo.co.jp/articles/ebe3e247e5b12c280cd6f8234ee53b6df55b777c,7/1(“y) 20:40
getsuriku,y—¤ãzƒnƒ“ƒ}[“ŠE‘ºã—ˆ‰Ô‚ª63m35‚Å‰—DŸI‰‚ÌƒVƒjƒA‘Û‘å‰ï‚ÖuŠy‚µ‚İ‚½‚¢v^À‹Æ’cŠw¶‘ÎR,https://news.yahoo.co.jp/articles/d53941b7760bbb7af63c5127239339da64057c00,7/1(“y) 20:27
getsuriku,y—¤ãz“c’†ŠóÀ‚ª1500m4•ª12•b75‚Å‰õŸ 6Œ‚É‚ÍƒPƒjƒA‚ÅƒgƒŒ[ƒjƒ“ƒOd‚Ë‚é^ƒzƒNƒŒƒ“DCm•Ê,https://news.yahoo.co.jp/articles/58bdf322e77e4727d3a7f6792af90a4a5173f797,7/1(“y) 18:19
getsuriku,y—¤ãz‘åã’¼‹N‚ª’Ç‚¢•—Ql‚È‚ª‚ç100m10•b06I‚Z‘ã‘S‘ŒoŒ±‚È‚µ‚Ì‘åŠw‰@¶‚ªŠâèŒ§‘IèŒ ‚Å‰õ‹L˜^,https://news.yahoo.co.jp/articles/dccf94063d3087867ada70f289c89541fe1d3764,7/1(“y) 17:49
getsuriku,y—¤ãzc›{ŠÙ‘å‰w“`•”ŠÄ“Â‚É›“c‰Ä¶‚ªA”CI u‘å–ğ‚Ég‚ªˆø‚«’÷‚Ü‚év‚¢v,https://news.yahoo.co.jp/articles/9f425075df105c8151415a86dbc65c1b316ec501,7/1(“y) 13:52
getsuriku,y—¤ãz—q100mHƒƒ“ƒhƒ“E“Œ‹ŒÜ—Ö‘ã•\‚Ì–Ø‘º•¶q‚³‚ñ‚ªŒ‹¥ u‚¢‚½‚¾‚¢‚½‚²‰‚ğ‘åØ‚Év,https://news.yahoo.co.jp/articles/6573764e7d0790ca63de4b930a34d21f1eca9fc5,7/1(“y) 13:19
getsuriku,y—¤ãz’jq5000mƒAƒŒƒKƒEƒB‚ª¢ŠE—ğ‘ã5ˆÊ‚Ì12•ª40•b45!! ƒCƒ“ƒQƒuƒŠƒOƒgƒZƒ“‚Í1500m‚Å3•ª28•b72‚Ì‘å‰ïVV^DLƒ[ƒUƒ“ƒk,https://news.yahoo.co.jp/articles/5012851dee4ee18d8adf9550a6701e8cbb5b2307,7/1(“y) 12:42
getsuriku,y—¤ãzƒn[ƒtƒ}ƒ‰ƒ\ƒ“‚Å–Î–ØŒ\Ÿ˜Y‚ª1ŠÔ2•ª20•b‚Å2ˆÊ ’†‘åE“’óm‚ª4ˆÊ^ƒS[ƒ‹ƒhƒR[ƒXƒgƒ}ƒ‰ƒ\ƒ“,https://news.yahoo.co.jp/articles/2f8c34a1117481a5323d133f25d6aa9ef5fa9a6b,7/1(“y) 11:59
getsuriku,y—¤ãz‘–•’µE‹´‰ª—D‹P ‰DL‚Í3ˆÊI3‰ñ–Ú‚É7m98‚ÅãˆÊ‚ÉH‚¢‚Ş^DLƒ[ƒUƒ“ƒk,https://news.yahoo.co.jp/articles/a4274e79cfbbd53a7aa803d1e709180614fa7c96,7/1(“y) 9:06
getsuriku,y—¤ãzDLƒ[ƒUƒ“ƒk‚Å“ú–{¨‚ª–ô“®Iò’Jx‰î‚ª‰oê‰VI–kŒûY‰Ô‚ª2ˆÊA‹´‰ª—D‹P‚Í3ˆÊ,https://news.yahoo.co.jp/articles/0c4646196852a5692edd05927b669097d5c9e446,7/1(“y) 7:00
getsuriku,y—¤ãz110mHò’Jx‰î ƒ_ƒCƒ„ƒ‚ƒ“ƒhƒŠ[ƒO‰’§íVI“ú–{l2l–Ú‚Ì‰õ‹“^DLƒ[ƒUƒ“ƒk,https://news.yahoo.co.jp/articles/e97e206a9bdfef28a58399bc06e4e8cc75764453,7/1(“y) 3:58
getsuriku,y—¤ãz–kŒûY‰Ô‚Í63m34‚Å2ˆÊIDL˜AŸ‚Í‚È‚ç‚¸‚àˆÀ’è‚µ‚ÄãˆÊ‚É“ü‚é^DLƒ[ƒUƒ“ƒk,https://news.yahoo.co.jp/articles/0e3b24c0f993d3e0db4549406d0721c7bcfde55e,7/1(“y) 3:53
getsuriku,25”N“Œ‹¢ŠE—¤ã ”öãpv‘ã•\—– c‚è2”N‚Ì€”õu“Œ‹2020‚ÌƒŒƒKƒV[‚ğ¶‚©‚µ‚Ävu•s³‚ª‹N‚±‚ç‚È‚¢•µˆÍ‹C‚ğì‚Á‚Ä‚¢‚­v,https://news.yahoo.co.jp/articles/371cbd391f8f34c65d30d110a77b52d5c7737141,6/30(‹à) 20:52
getsuriku,y—¤ãz25”N“Œ‹¢ŠE—¤ã‚ÉŒü‚¯‚Ä‘å‰ï‰^‰c‘gDuŒö³‚ÅM—Š‚³‚ê‚é‚±‚Æ‚ª‹‚ß‚ç‚ê‚év”öãpv‘ã•\—–‚ğ•M“ª‚ÉˆêŠÛ‚Åi‚Ş,https://news.yahoo.co.jp/articles/b6dc268b9591440ebcb8fb84e1f7b417f38e7eec,6/30(‹à) 20:18
getsuriku,y—¤ãzƒpƒŠŒÜ—Ö—\‘I‚Ì24”N¢ŠEƒŠƒŒ[“ú–{‘ã•\‘Il—v€‚ğ”­•\I4Œ‚É‘Ilƒgƒ‰ƒCƒAƒ‹ƒŒ[ƒXÀ{,https://news.yahoo.co.jp/articles/7e233e12ecb3e31ed69173a7c541b2014d83e8ad,6/30(‹à) 19:54
getsuriku,y—¤ãzƒpƒŠŒÜ—Ö‘Il‰ï‚Æ‚È‚é24”N“ú–{‘IèŒ ‚Ì“ú’ö”­•\I6Œ27“ú‚©‚ç30“ú‚Ü‚Å4“úŠÔŠJÃ êŠ‚Í’²®’†,https://news.yahoo.co.jp/articles/dec2c05f8de0c4c606732f97db0317aaf63aaaf3,6/30(‹à) 19:26
getsuriku,y—¤ãz12Œ‚Ì“ú–{‘IèŒ 10000mQ‰Á•W€‹L˜^“Ë”jÒ‚ª—DŸ‚ÅƒpƒŠŒÜ—Ö‘ã•\“à’è c‚è‚Ì‘ã•\˜g‘Il‚É‚Â‚¢‚Ä‚Í–¢’è,https://news.yahoo.co.jp/articles/302897467779fdb5643ce2fd5e329db916a1c0d3,6/30(‹à) 19:07
getsuriku,y—¤ãzDLƒpƒŠ‚Å“ú–{V÷—§‚µ‚Ä2ˆÊI3000máŠQEO‰Y—´iu‚·‚²‚¢è‰‚¦‚ª‚ ‚Á‚½‚µA—Ç‚¢ƒŒ[ƒX‚ª‚Å‚«‚½v,https://news.yahoo.co.jp/articles/dc7258101e2a37e62d51d105e93426a5a7583367,6/30(‹à) 18:11
getsuriku,ã“c½mƒRƒ‰ƒ€‰_ŠO‘““V^‘æ34‰ñuƒƒ“ƒ^ƒ‹ƒ^ƒCƒ€ƒgƒ‰ƒxƒ‹`‘S‘‚Ì‚Z¶‚½‚¿‚Ö‘¡‚è‚½‚¢Œ¾—t`v,https://news.yahoo.co.jp/articles/459e6cb575f985572da9d5c8c97b5d40473d4f59,6/30(‹à) 18:03
getsuriku,‘åŠw‰w“`ƒNƒ[ƒYƒAƒbƒv^“Œ”_‘å‚ÌƒX[ƒp[ƒ‹[ƒL[E‘O“c˜a–€u–Ú•W‚Í” ª—\‘I‰ï‚Ì“ú–{lƒgƒbƒvv,https://news.yahoo.co.jp/articles/88dd66cfb07897f4f5bf12f2a5d3a505cce89021,6/30(‹à) 18:02
getsuriku,25”N“Œ‹¢ŠE—¤ã ‘å‰ï‰^‰c‘gD‚ªİ—§‚ÖI ‰ï’·‚Í”öãpv —–‚É‘–‚’µ‚ÌŒËç³’¼lAƒAƒeƒlŒÜ—Ö‹àƒƒ_ƒŠƒXƒg‚Ì–ìŒû‚İ‚¸‚«‚ç‚ªA”C,https://news.yahoo.co.jp/articles/46618e558480d45bffb2b8563d0ed8b8bf1e6b7b,6/30(‹à) 16:53
getsuriku,y—¤ãzƒƒCƒNƒX‚ªŠÄ“ÂŒğ‘ã‚ğ”­•\ ƒ\ƒEƒ‹ŒÜ—Ö‘ã•\‚Ì‰““¡i‚ªŠÄ“Â‘ãs‚Æ‚µ‚ÄwŠö,https://news.yahoo.co.jp/articles/45501d1c2920cccb85a210d4f784ce0d4075e3f7,6/30(‹à) 15:45
getsuriku,y—¤ãz100m‚ÉƒIƒŒƒSƒ“¢ŠE—¤ã‘ã•\EíÉ“c‘å‹P‚ªƒGƒ“ƒgƒŠ[Iò’Jx‰îA•Ÿ•”^q‚ç¡”N‚à‹‰ØŠç‚Ô‚ê‚É^•ŸˆäƒiƒCƒgƒQ[ƒ€ƒY,https://news.yahoo.co.jp/articles/ca7de0d8ddeffa7a9b49403fb0a0668838523adc,6/30(‹à) 15:16
getsuriku,y—¤ãzJOCê–±—–‚É“ú–{—¤˜A‰ï’·E”öãpv‚ªA”C ‰ï’·‚ÍR‰º‘×—T‚ª‘±“Š,https://news.yahoo.co.jp/articles/8498dc4b29d7b5a43cb15dae9118a3a3dbd15eea,6/29(–Ø) 21:42
getsuriku,y—¤ãz‘–•’µ¢ŠE‰¤Ò‚Ì‰¤‰Ã’j‚ª8m26 Ók‹Æ‚ÍƒXƒvƒŠƒ“ƒg2Š¥ —q–CŠÛ“ŠEèİ20m06,https://news.yahoo.co.jp/articles/7f4262ca097882287e2272827a2cbc83d0b6c257,6/29(–Ø) 21:02
getsuriku,y—¤ãz200m‘æˆêlÒE”Ñ’ËãÄ‘¾ 7Œ‚É‰¢B“]íŠ¸s‚ğ”­•\I©g5“x–Ú‚Ì¢ŠE—¤ã–Úw‚·,https://news.yahoo.co.jp/articles/bb1eef9c0250d5a8fb89001785e66d399c3b4311,6/29(–Ø) 18:42
getsuriku,y‚Z—¤ãz—qO’i’µE“cŒû˜ĞŠyi‘ÛŠw‰@‚jƒCƒ“ƒ^[ƒnƒC‚Ì–Ú•W‚Í‚Z—q‰‚Ì13mI,https://news.yahoo.co.jp/articles/92b862d0dcc1b42c59b26f9f62573147b8c74aaa,6/29(–Ø) 18:07
getsuriku,y—¤ãzƒ}ƒ‰ƒ\ƒ“Œ³“ú–{‹L˜^•ÛÒ‚ÌİŠy—I‘¾‚ª7Œ‚©‚ç¼“S‚É“üĞI uŒoŒ±‚ğŠˆ‚©‚µ‚ÄAŒã”y’B‚Ì¬’·‚ÌŒã‰Ÿ‚µ‚à‚µ‚Ä‚¢‚«‚½‚¢v,https://news.yahoo.co.jp/articles/65f09f5b2778767222824145de34cf26f39d4adb,6/29(–Ø) 15:48
getsuriku,y—¤ãzƒuƒ_ƒyƒXƒg¢ŠE—¤ãoêŒ Šl“¾‚ÖIDL‚É’§‚Ş’jq4~100mR‚Éâˆä—²ˆê˜YAíÉ“c‘å‹PA¬’r—S‹M‚ç5l,https://news.yahoo.co.jp/articles/6ef02ec316d073d40e06b5c2b727b495672851bf,6/29(–Ø) 15:00
getsuriku,yƒVƒ…[ƒYî•ñzOn‚ªVìƒŒ[ƒVƒ“ƒOƒVƒ…[ƒYuCloudboom Echo 3v‚Æ‰‚Ì’†’·‹——£—pƒXƒpƒCƒN2ƒ‚ƒfƒ‹‚ğ”­•\I@7Œ6“ú‚ÉˆêÄ”­”„I,https://news.yahoo.co.jp/articles/db3e7725e68bcbe944a0bff4e51aabfe17607e8d,6/29(–Ø) 14:01
getsuriku,‘æ100‰ñ” ª‰w“`—\‘I‰ï‚Ì—v€”­•\I ƒXƒ^[ƒg‚ÍŒß‘O935•ª ‘Ši‹L˜^‚Íğ”N‚Æ“¯‚¶10000m34•ª00•bˆÈ“à,https://news.yahoo.co.jp/articles/f504eefcd4984a15760fb7aef00d82f4e0ff1b61,6/28(…) 22:03
getsuriku,‘æ100‰ñ” ª‰w“`‚Ìoê˜g‚Í3˜g‘‚Ì23Z‚ÉŒˆ’èI 101‰ñˆÈ~‚Í’Êí‚Ìoê˜g‚É,https://news.yahoo.co.jp/articles/8f27f39861478d41b1dad9545094973e42bffe17,6/28(…) 20:51
getsuriku,y—¤ãzŠÖ“ŒŠw¶Vl‚ª‘Š–ÍŒ´ƒMƒIƒ“ƒXƒ^ƒWƒAƒ€‚ÅŠJÃŒˆ’è@Šw¶ƒAƒXƒŠ[ƒg‚Ì“o—³–å,https://news.yahoo.co.jp/articles/59a4f851dfa2e5cc931144d843ad55fb68e59473,6/28(…) 19:43
getsuriku,y—¤ãz’jq800m‚ÌƒuƒŒƒCƒWƒƒ[‚ª‘S•Ä‘IèŒ Œ‡ê 19”Nƒh[ƒn¢ŠE‘IèŒ ‹àƒƒ_ƒŠƒXƒg,https://news.yahoo.co.jp/articles/edc7edc19563b434b6c85693fdcdd86d618bf0f1,6/28(…) 13:29
getsuriku,y—¤ãzƒfƒ…ƒvƒ‰ƒ“ƒeƒBƒX‚ª¡‹G¢ŠEÅ‚6m12‚ÅV@—q100mH‚ÍƒJƒ}ƒ`ƒ‡EƒNƒCƒ“‚ªƒ‰ƒCƒoƒ‹—}‚¦‚é^WAƒRƒ“ƒ`ƒlƒ“ƒ^ƒ‹ƒcƒA[,https://news.yahoo.co.jp/articles/fabb297611f45bb0b36ae16298a216c3db3968f9,6/28(…) 12:40
getsuriku,y—¤ãz’jq10000mA3000máŠQ‚ÌŒ³“ú–{‹L˜^•ÛÒE•zã³”V‚ª€‹@’†‘åAƒŠƒbƒJ[‚ÅŠˆ–ô,https://news.yahoo.co.jp/articles/de195613a139f14fba0ebfc6f6a969b6c77ebefe,6/28(…) 11:44
getsuriku,y—¤ãz‚â‚è“ŠE–kŒûY‰Ô‚ª63m72I‹’“_‚Æ‚·‚éƒ`ƒFƒR‚Å—DŸü‚é ò’Jx‰î‚Í13•b37‚Å4ˆÊ^WAƒRƒ“ƒ`ƒlƒ“ƒ^ƒ‹ƒcƒA[,https://news.yahoo.co.jp/articles/374e6977773f51efd022931a1d86a0082fe884dd,6/28(…) 7:03
getsuriku,yƒŒƒWƒFƒ“ƒh‚ÌƒAƒIƒnƒ‹z100m]—¢Œû‹§ju‚¸‚Á‚Æ—ûK‚ªŒ™‚¢‚ÅA‹ØƒgƒŒ‚à‹êè‚Å‚µ‚½v,https://news.yahoo.co.jp/articles/2560cb74b0a114029e63af53052a0e93ad643524,6/27(‰Î) 17:00
getsuriku,y—¤ãzƒIƒ}ƒjƒƒƒ‰‚ªŒü‚©‚¢•—2.4m‚Å9•b96I —q1500m‚Íƒ`ƒFƒxƒg‚ª©ŒÈVV^ƒPƒjƒA‘IèŒ ,https://news.yahoo.co.jp/articles/78352469a04f142ab4370d995ed81ceb55f23ff9,6/27(‰Î) 12:02
getsuriku,y—¤ãz“ú–{—¤˜A‚ªV‘gD‘Ì§‚ğ”­•\ ”öãpv‰ï’·‚Íd”CA•—ŠÔ–¾‚ªê–±—–‚©‚ç•›‰ï’·‚Ö“cí•”“¹ Vê–±—–‚É,https://news.yahoo.co.jp/articles/aa7b4ad88aeb07d4ab0113ea9bd83938e8c0d4f1,6/26(Œ) 16:30
getsuriku,y—¤ãz—q400m‚Íƒ{ƒ‹‚ª‘å‰ïV‚Å‰õŸ@’c‘Ì‚ÍƒCƒ^ƒŠƒA‚ª‰V^‰¢Bƒ`[ƒ€‘IèŒ ,https://news.yahoo.co.jp/articles/4d16464f105436789d937534d9782cef2c478707,6/26(Œ) 12:20
getsuriku,y—¤ãz‘½“cC•½‚ÌƒGƒ“ƒgƒŠ[”­•\I•œ’²‹C”z•Y‚¤’†‚Å—Í‘–Œ©‚¹‚é‚©^•ŸˆäƒiƒCƒgƒQ[ƒ€ƒY,https://news.yahoo.co.jp/articles/8677f4f3403122fe14a730a531c38f2b7683266f,6/25(“ú) 20:41
getsuriku,y—¤ãz”ŸŠÙƒn[ƒt ’è•ûx‚ª1ŠÔ1•ª37•b‚Ì©ŒÈVV  —é–ØŒ’Œá‚ª1”N3ƒ•Œ‚Ô‚èƒŒ[ƒXAˆêR–ƒ‚Í1ŠÔ10•ª23•b‚Å§‚·,https://news.yahoo.co.jp/articles/4bf70b62311ba85cb4dec1419b614f1ef3c810c5,6/25(“ú) 18:19
getsuriku,y—¤ãz‰p‘‚Ìƒqƒ…[ƒY‚ª¡‹G¢ŠEÅ‚‚Ì9•b83Iƒ‰ƒCƒ‹ƒY‚ª19•b83ƒ}[ƒN^WAƒRƒ“ƒ`ƒlƒ“ƒ^ƒ‹ƒcƒA[,https://news.yahoo.co.jp/articles/c9d916408ae2658f6e3ca03e1d4356bf68216587,6/25(“ú) 16:41
getsuriku,y—¤ãz‘½“cC•½‚ª2ˆÊI‚±‚±2ƒV[ƒYƒ“‚ÅÅ‘¬‚Ì10•b21 ˆê‚Íu‡‚ğŠy‚µ‚ß‚È‚¢v‚à•œ’²¦‚·^•z¨ƒXƒvƒŠƒ“ƒg,https://news.yahoo.co.jp/articles/4130aa4cf1e55e887d313eb76b50a4c806daac39,6/25(“ú) 16:09
getsuriku,y—¤ãz100m‚ÍƒIƒŒƒSƒ“‘ã•\E—é–Ø—Á‘¾‚ª©ŒÈVVuÅ‚‚Ì’a¶“úv^•z¨ƒXƒvƒŠƒ“ƒg,https://news.yahoo.co.jp/articles/8e55059d7d082367d71af62f0f523318ee9826ed,6/25(“ú) 15:58
getsuriku,y—¤ãzU20ƒWƒƒƒ}ƒCƒJ‹L˜^‚ÂƒŠ[ƒh‚ª11•b17 ŒN“ˆˆ¤—œ¹‚ª11•b37A‚Z¶ERŒ`ˆ¤‰H‚Í11•b55^•z¨ƒXƒvƒŠƒ“ƒg,https://news.yahoo.co.jp/articles/0d9fdfd1b1f97b393857d7ac9d354dcacf08b2e7,6/25(“ú) 15:29
getsuriku,y—¤ãz110mH–ì–{ü¬‚ª13•b28I“ú–{—ğ‘ã5ˆÊ‚Ì‰õ‘–ƒuƒ_ƒyƒXƒg¢ŠE—¤ã•W€“Ë”ju—ˆ”N‚ÉŒü‚¯‚Äv^•z¨ƒXƒvƒŠƒ“ƒg,https://news.yahoo.co.jp/articles/40806ffb886e9b85e0d30b2d8649f6696b768b1e,6/25(“ú) 15:05
getsuriku,y—¤ãz100mHÂ–Ø‰v–¢‚ª12•b90‚ÅVIu‚±‚Ìƒƒ“ƒo[‚ÉŸ‚Ä‚Ä‚¤‚ê‚µ‚¢v›“c–¾“úA•Ÿ•”^q‚ğ—}‚¦‚é^•z¨ƒXƒvƒŠƒ“ƒg,https://news.yahoo.co.jp/articles/e61c32aa27653d8e37516a0683640a90123b73ca,6/25(“ú) 14:21
getsuriku,y—¤ãzƒTƒƒ}ŒÎ100km‚ÅRŒûƒ•½‚ª6ŠÔ06•ª08•b‚Ì“ú–{VI,https://news.yahoo.co.jp/articles/7523e41190af7f0b03c2846024146cffc83eede0,6/25(“ú) 13:51
getsuriku,y—¤ãzRãp—º‘¾100m—\‘I10•b29I•œ‹AŒãƒV[ƒYƒ“ƒxƒXƒg^•z¨ƒXƒvƒŠƒ“ƒg,https://news.yahoo.co.jp/articles/0cb4bcfa83ecf362b1df218f390d0e126cee72b8,6/25(“ú) 12:42
getsuriku,y—¤ãz“ú‘Ì‘å‹£‹Z‰ï—q–_‚’µ‚Å‘äMˆ¤‚ª“ú–{—ğ‘ã10ˆÊƒ^ƒC‚Ì4m20 ©ŒÈƒxƒXƒg‚ğ2cmXV,https://news.yahoo.co.jp/articles/3ac218cacfed2232670b1229b2eb467bceabcbc1,6/24(“y) 23:21
getsuriku,–¼ŒÃ‰®‘å‚ª11”N‚Ô‚è16‰ñ–Ú‚ÌˆÉ¨˜H ‹t“]‚Åc›{ŠÙ‘å‚Æ‚Ìgƒ}ƒbƒ`ƒŒ[ƒXh‚ğ§‚·^‘S“ú–{‘åŠw‰w“`“ŒŠC‘Il‰ï,https://news.yahoo.co.jp/articles/592c11a72d7a3f0cc096d9ce59fcbf58403e9610,6/24(“y) 20:54
getsuriku,‚Z—q‚Í—§–½ŠÙ‰F¡‚ª‘å‰ïV‹L˜^‚ÅVIƒCƒ“ƒ^[ƒnƒC‹ß‹E‘å‰ï2Š¥‚ÌR–{çÖ–¢‚ª3‹æ‚Å‰õ‘–^‘S‘’j­‰w“`,https://news.yahoo.co.jp/articles/dfc9e9a682345159c93b0c05016a9685f97974ff,6/24(“y) 18:19
getsuriku,Œ³26‚Ìƒ}ƒXƒJƒŒƒCƒhE’†‘º‰Ê˜@‚³‚ñƒCƒ“ƒ^ƒrƒ…[ ’†Šw‘ã‚É—¤ã•”IuŠæ’£‚Á‚½æ‚É’B¬Š´‚ª‚ ‚Á‚½Iv,https://news.yahoo.co.jp/articles/87925fbc0bb4aae212124b22ceceba388469e30f,6/24(“y) 18:00
getsuriku,“Æ‘–‚µ‚½ÂŠw‘å‚ª‘å‰ïV‚Å‰—DŸ 1‹æ‰–oãÄ‘¾A2‹æá—ÑG÷‚Ì˜A‘±‹æŠÔÜ‚ÅƒŠ[ƒh’D‚¤^‘S‘’j­‰w“`,https://news.yahoo.co.jp/articles/d4a4f67dbe0688aca558ce3a525ad7f5b8c90d2f,6/24(“y) 16:42
getsuriku,y—¤ãzƒcƒFƒKƒC¢ŠE—ğ‘ã4ˆÊ‚Ì29•ª29•b73 ’jq‚ÍƒAƒŒƒKƒEƒB26•ª50•b66 ƒXƒyƒCƒ“‚Å¢ŠE‘IèŒ ƒGƒ`ƒIƒsƒA1–œm‘ã•\‘Il‰ï,https://news.yahoo.co.jp/articles/31d637f5efec7d29a0b4936a3905a428ffb0b9ee,6/24(“y) 11:23
getsuriku,y“®‰æz•Ä‘‹£‹Z‰ï‚Ì—q100m‚Å12Î‚ª11•b67I 200m‚Å‚à24•b18‚ğƒ}[ƒN,https://news.yahoo.co.jp/articles/3e265407588f0fb4292d3bf448edb7926ba128b9,6/23(‹à) 21:00
getsuriku,y—¤ãz“Œ‹ŒÜ—Ö‘ã•\E–Ø‘º•¶q‚³‚ñA—q“Š‚Ä‚«Eº•š—R‰À‚³‚ñ‚ç‚ª“ú–{—¤˜A—–‚ÉA”C —–‚Ì—«Š„‡‚ª4Š„’´‚¦‚é,https://news.yahoo.co.jp/articles/bb818313d9832717b8af9c14dac8a4d8827d3e43,6/23(‹à) 18:01
getsuriku,y—¤ãz110mHò’Jx‰î‚ªQíŒˆ’èI‰¢B“]íŒã‚ÉoêAƒpƒŠŒÜ—ÖQ‰Á•W€‹L˜^“Ë”j‚à^•ŸˆäƒiƒCƒgƒQ[ƒ€ƒY,https://news.yahoo.co.jp/articles/aac6e8efcd926a2c937a05f7393e4e5addca01ca,6/23(‹à) 17:45
getsuriku,y—¤ãz20km‹£•à¢ŠE‰¤ÒER¼—˜˜au‰ß‹‚ÌÀÑ‚ªí‚¤‚Ì‚Å‚Í‚È‚¢v–Ú‚Ì‘O‚Ìˆêí‚É’§‚Ş,https://news.yahoo.co.jp/articles/8280ed285daea9a8224f65bdac0a72c145afefe5,6/23(‹à) 17:28
getsuriku,y—¤ãz—q‚â‚è“Š¢ŠE‹L˜^•ÛÒEƒVƒ…ƒ|ƒ^[ƒRƒ”ƒ@‚ªuƒS[ƒ‹ƒfƒ“EƒXƒpƒCƒNv‚É‹}ç¯QíI ’nŒ³‚Åƒ‰ƒXƒgƒQ[ƒ€^WAƒRƒ“ƒ`ƒlƒ“ƒ^ƒ‹ƒcƒA[,https://news.yahoo.co.jp/articles/84f26e37e64a6c9b1e824aec4e87e9b424cc17e7,6/23(‹à) 13:21
getsuriku,y—¤ãz¢ŠE—¤˜AƒAƒXƒŠ[ƒgˆÏˆõ‚Éƒ‰ƒ”ƒBƒŒƒjA‘hàz“Y‚ç‚ª—§Œó•â 8Œ‚Ì¢ŠE—¤ãŠúŠÔ’†‚É“ŠŠJ•[,https://news.yahoo.co.jp/articles/eb46b4a2460db6a8a52b6a512e17985fe918dbae,6/23(‹à) 13:04
getsuriku,y—¤ãz’jq‰~”Õ“ŠEƒ`ƒF[‚ª69m94‚Ì‘å‰ïV‚Å‰õŸ —qO’i’µ‚Ìƒƒ}ƒ“ƒ`ƒFƒN‚Í14m58‚ÅV 23“ú‚©‚ç‚Í1•”‚ªƒXƒ^[ƒg^‰¢Bƒ`[ƒ€‘IèŒ ,https://news.yahoo.co.jp/articles/7469455afd7c8e937cabc1277caf0923eccb509b,6/23(‹à) 12:52
getsuriku,yƒVƒ…[ƒYî•ñzHOKA‚©‚ç2í—Ş‚Ìƒ[ƒhƒ‰ƒ“ƒjƒ“ƒOƒVƒ…[ƒY‚ª“oêIƒgƒŒ[ƒjƒ“ƒOƒ‚ƒfƒ‹uMACH XvAƒgƒbƒvƒAƒXƒŠ[ƒgŒü‚¯ƒŒ[ƒVƒ“ƒOƒ‚ƒfƒ‹uCIELO RDv,https://news.yahoo.co.jp/articles/bf9f92d3aab71d4be0b7042a290998ce7ef59c4b,6/22(–Ø) 17:22
getsuriku,y—¤ãz“ì•”‹L”O‚ÉRãp—º‘¾Aƒf[ƒf[Eƒuƒ‹[ƒmAÎìü•½‚ç‚ªƒGƒ“ƒgƒŠ[I O’i’µ‚É‚ÍU20“ú–{‹L˜^÷—§‚Ì‹{”ö^m‚à“o˜^,https://news.yahoo.co.jp/articles/1871b74e1e1c4c097ce8dca1512378abb32b2c87,6/22(–Ø) 15:03
getsuriku,y—¤ãzƒ_ƒCƒ„ƒ‚ƒ“ƒhƒŠ[ƒOEƒ[ƒUƒ“ƒk‚É–kŒûY‰ÔAò’Jx‰îA‹´‰ª—D‹PIƒXƒgƒbƒNƒzƒ‹ƒ€100m‚ÉƒTƒjƒuƒ‰ƒEƒ“A400m’†“‡‚ªQí,https://news.yahoo.co.jp/articles/9ea0c612bacc6a202b8fd579c2d1e98c563d72f1,6/22(–Ø) 12:49
getsuriku,y—¤ãzÀ‹Æ’cŠw¶‘ÎR‚ÌƒGƒ“ƒgƒŠ[”­•\I Šw¶‚Í100míÉ“c‘å‹PA400mH¬ì‘å‹P‚ª“o˜^@—q100mH‚É‚Í›“c–¾“úA•Ÿ•”^q‚ªƒGƒ“ƒgƒŠ[,https://news.yahoo.co.jp/articles/0a7a0140230468dd611f896fe648613239088be5,6/21(…) 16:49
getsuriku,y—¤ãz“Œ‹ƒ}ƒ‰ƒ\ƒ“2024‚Ì‘å‰ï—v€”­•\ 3Œ3“úA38000l’èˆõ‚ÅÀ{ 6Œ26“úˆÈ~A‡ŸƒGƒ“ƒgƒŠ[ó•t,https://news.yahoo.co.jp/articles/9ef02c7662fb08adf2fad33ce100cf9431db4ec8,6/21(…) 15:59
getsuriku,y‚Z—¤ãz¡”N‚à’jqƒ}ƒCƒ‹‚Í‘åŒƒíIé¼‚ªŠwZ•Ê‚Z—ğ‘ã12ˆÊƒ^ƒC‚Ì3•ª10•b31‚Å§‚·^IH“ìŠÖ“Œ,https://news.yahoo.co.jp/articles/b9a24d9360d0f6976bd9da0a97b82cb5298b42d4,6/20(‰Î) 7:03
getsuriku,y‚Z—¤ãz2”N¶E™–{SŒ‹‚ª—qƒXƒvƒŠƒ“ƒg4Š¥’B¬Iu‘Sí–Ú‚Å‘S—Í‚ğs‚­‚µ‚½‚¢vƒCƒ`ƒtƒiVƒG[ƒXŠoÁ^IH“ìŠÖ“Œ,https://news.yahoo.co.jp/articles/c0ab8cf291c32b26698400569cae48daa1b06e7f,6/20(‰Î) 7:03
getsuriku,y‚Z—¤ãz—q5000m‹£•à‚ÍU20¢ŠE‘IèŒ ‹â‚Ì‘åR—•‚ªŠÑ˜\V —§”—‘å“¿‚Æ•½ìŒd‚ª2Š¥ARŒ`ˆ¤‰H64”N‚Ô‚è2í–Ú3˜A”e^IH“ì‹ãB,https://news.yahoo.co.jp/articles/51398d8ed9d0a8596ac40655d8ff12db1c93291f,6/20(‰Î) 7:01
getsuriku,y‚Z—¤ãz‹´–{—I‚ªƒn[ƒhƒ‹2í–Ú§”eIƒ}ƒCƒ‹ƒŠƒŒ[‚Í“Œ”_‘å“ñ‚ª3•ª14•b40‚Å§‚·^IH–kŠÖ“Œ,https://news.yahoo.co.jp/articles/424b94acbfcb3a2902405482ef6b0f90bf15afa4,6/20(‰Î) 7:00
getsuriku,y‚Z—¤ãz—q4~400mR‚ÅlŠwì¼‚ª3•ª46•b57‚Ìl‘‚ZVI ‘‡V‚É‰Ô“Y‚¦‚éˆ³Ÿ^IHl‘,https://news.yahoo.co.jp/articles/7d572ce64eec40c39d9032caef534b912ceb0496,6/20(‰Î) 7:00
getsuriku,y—¤ãzƒzƒNƒŒƒ“DCˆêŸƒGƒ“ƒgƒŠ[”­•\IO‰Y—´iA“c’†ŠóÀA²“¡Œ\‘¿A—é–ØˆŸ—RqA‘å”—Œ†AœA’†——œ‰ÀAV’Jm”ü‚çƒGƒ“ƒgƒŠ[,https://news.yahoo.co.jp/articles/fdea29349fc6b85371f430322e4d0bfd44c63fee,6/19(Œ) 22:21
getsuriku,y—¤ãzYBƒAƒWƒA‘å‰ï ‘ã•\‘Iè‚É‹LÚ˜R‚ê —qƒnƒ“ƒ}[“Šƒ}ƒbƒJ[ƒT[EƒWƒ‡ƒC‚ª“ú–{‘ã•\“ü‚è,https://news.yahoo.co.jp/articles/3b96f754d668f07dd25989b300997293a2e77605,6/19(Œ) 17:34
getsuriku,•Ä‘‚Ì¢ŠE—¤ãƒ}ƒ‰ƒ\ƒ“‘ã•\Œˆ’è! —q‚Í‘O‰ñ8ˆÊ‚Ìƒ_ƒ}[ƒg‚ç ’jq‚Í40ÎƒLƒxƒbƒg‚ª4“x–Ú‚Ì‘ã•\“ü‚è,https://news.yahoo.co.jp/articles/5fccacd31fc151f0891d217540098b2f7800dcc1,6/19(Œ) 13:38
getsuriku,ƒuƒ_ƒyƒXƒg¢ŠE—¤ã‚Ì‰ïê‚ªƒI[ƒvƒ“I ƒR[‰ï’·‚àu—ğj“I‚ÈƒpƒtƒH[ƒ}ƒ“ƒX‚ªÀŒ»‚³‚ê‚év‚ÆŠú‘Ò,https://news.yahoo.co.jp/articles/81bc3ec7e5233b3c9fab1bb817e25e8a9a71e090,6/19(Œ) 13:13
getsuriku,y—¤ãzƒh[ƒn¢ŠE‘IèŒ \í‹£‹Z‹à‚ÌƒJƒEƒ‹‚ª‰õŸI 8484“_‚ÅƒpƒŠŒÜ—Ö•W€‚à“Ë”jI^WA¬¬ƒcƒA[,https://news.yahoo.co.jp/articles/a418563ed608779371483b40fe84196b492bdb1d,6/19(Œ) 12:56
getsuriku,y—¤ãz’jq‰~”Õ“ŠEƒ`ƒF[‚ª71m86I¢ŠE—ğ‘ã4ˆÊƒ^ƒC‚Ì‰õ“Š‚Å—DŸ ’jq‚â‚è“Š‚Ìƒ”ƒ@ƒhƒŒƒCƒq‚Í86m83^WAƒRƒ“ƒ`ƒlƒ“ƒ^ƒ‹ƒcƒA[,https://news.yahoo.co.jp/articles/c7f42c73b458ed0a35a32d9aa5eb6f9cd18e66e0,6/19(Œ) 12:25
getsuriku,y—¤ãz‚â‚è“ŠEƒfƒB[ƒ“Œ³‹C‚ªƒV[ƒYƒ“ƒxƒXƒg‚Ì82m95I‹’“_‚Æ‚·‚éƒtƒBƒ“ƒ‰ƒ“ƒh‚ÅˆÀ’èŠ´”­Šö^WAƒRƒ“ƒ`ƒlƒ“ƒ^ƒ‹ƒcƒA[,https://news.yahoo.co.jp/articles/57353147014c7875c92df4ed331e11992fff2a2d,6/19(Œ) 11:44
getsuriku,y‚Z—¤ãz‘–‚’µE•Ÿm–©‚ª2m17‚ğƒNƒŠƒAI3”N‘O‚Ì‘S‘’†Šw¶”eÒ‚ª¡‹G‚ZƒŠƒXƒg1ˆÊ‚ğ“Æ‘–^IH“ìŠÖ“Œ,https://news.yahoo.co.jp/articles/4d0afe2b4314cf09aae33186fc9af804096ec0e5,6/19(Œ) 7:43
getsuriku,y‚Z—¤ãz’jq110mH‚‹´‘åj‚ª’ÇQ‚Å13•b92Iu’²qˆ«‚¢v‚È‚ª‚ç‚àDƒ^ƒCƒ€˜A”­uƒCƒ“ƒ^[ƒnƒC‚Å‚ZVv^IH“Œ–k,https://news.yahoo.co.jp/articles/06af70ec5203f5ec683b90352412395a90b56639,6/19(Œ) 7:02
getsuriku,y‚Z—¤ãzU20“ú–{‘IèŒ 200m”eÒEáØŒh‚ª21•b11‚Å‰õŸu20•b‘ä‚ğˆÀ’è‚µ‚Äo‚¹‚é‚æ‚¤‚É‚µ‚½‚¢v^IH–kŠÖ“Œ,https://news.yahoo.co.jp/articles/feb752f6d5f80d43951f97cfc35c7039c5959413,6/19(Œ) 7:02
getsuriku,y‚Z—¤ãz¬j—z—t‚ªŒÂl3Š¥I100m11•b75A200m23•b92A‘–•’µ6m18AƒŠƒŒ[‚à”š‘–^IH“ŒŠC,https://news.yahoo.co.jp/articles/ad485a44d592587ffd50b434731a7e62646d0a2c,6/19(Œ) 7:02
getsuriku,y‚Z—¤ãz¡¡–¾“¿‚Ì“Š‚Ä‚«¨‚ª˜A“ú–ô“®I ‹v–å§–í‚Í–CŠÛ“ŠAƒnƒ“ƒ}[“Š‚Ì2Š¥ ‰~”Õ“ŠE“cŒEˆêãÄ‚Í2”N¶V^IHl‘,https://news.yahoo.co.jp/articles/55fe547f58df05c78553152067e329379dfbfeca,6/19(Œ) 7:02
getsuriku,y‚Z—¤ãzO‰Y‰Ä—ö‚ª’Ç‚¢•—Ql‚Å23•b77I ‹Á‚«‚ÌDƒ^ƒCƒ€‚Å¬í—\‘z‚Ì—q200m‚ğ§‚·^IH“Œ–k,https://news.yahoo.co.jp/articles/8893cc9657efd26c2aa4afe5e7ec8cf9628d48d5,6/19(Œ) 7:02
getsuriku,y‚Z—¤ãz3000máŠQ—\‘I‚Å‚Z‹L˜^÷—§‚Ì‰iŒ´éD–‚Í8•ª42•b58‚Å˜A”e ‘S‘‚Íu‚Z‹L˜^XV‚ğ‘_‚¢‚½‚¢v^IH–kM‰z,https://news.yahoo.co.jp/articles/9a4e33f6658f412ed5faaa137fc798c5d7270047,6/19(Œ) 7:02
getsuriku,y‚Z—¤ãz’jqƒ}ƒCƒ‹‚Å3•ª10•bØ‚è3Z‚Ì‘åŒƒíI“Œ•Ÿ‰ª‚ª‚Z—ğ‘ã7ˆÊ3•ª08•b97 4l‚ª2Š¥Šl“¾^IH–k‹ãB,https://news.yahoo.co.jp/articles/966d22e4bbd098f3939fbafd37343290a30c5b5f,6/19(Œ) 7:01
getsuriku,y‚Z—¤ãz3000máŠQE•“c‘R‚ª8•ª50•b19‚ÅVI‚Z—ğ‘ã11ˆÊuƒ^ƒCƒ€‚Â‚¢‚Ä‚«‚Ä—Ç‚©‚Á‚½v•ƒAŒZ‚É‘±‚­‘S‘‚Å‚Ì‰õ‘–¾‚¤^IH’†‘,https://news.yahoo.co.jp/articles/52f32aab86c2ab4beb56d72ec5333b6c976e748e,6/19(Œ) 7:00
getsuriku,y‚Z—¤ãzŠwZ‘ÎR—q‚Í‹“s‹k‚ª‰—DŸI’jq‚Í—Œ“ì8‘å‰ï˜A‘±VA‚Æ‚à‚Éƒ}ƒCƒ‹ƒŠƒŒ[§‚µ‚Ä—LI‚Ì”ü^IH‹ß‹E,https://news.yahoo.co.jp/articles/e2c9c96a7ccb07751943a80436f3d76b3c8b398a,6/19(Œ) 7:00
getsuriku,y‚Z—¤ãz—q‘–•’µE‹{–{—¢”TˆŸ‚ª6m12‘å•©ŒÈVVI‹ß“¡‚¢‚¨‚ñ‚Æ‚Ì6m‘ÎŒˆ§‚·^IH“ìŠÖ“Œ,https://news.yahoo.co.jp/articles/66fd1b0e844521e3dfe9881318aaa5eccf7ea06e,6/18(“ú) 20:21
getsuriku,y‚Z—¤ãz^…”íŠQæ‚è‰z‚¦‚½˜a‰ÌRŠJÃu‹ß‹E‚Ì‚İ‚È‚³‚ñ‚É‰·‚©‚­Œ©ç‚Á‚Ä‚¢‚½‚¾‚¢‚½v‹ß—×‚Z¶‚às—Í^IH‹ß‹E,https://news.yahoo.co.jp/articles/c6c2760ec0f609910dd622fb2f62994232fd8ed8,6/18(“ú) 19:39
getsuriku,y‚Z—¤ãz—‡W‚ªMVP‚Â‚©‚Ş800m‚2—ğ‘ã3ˆÊ‚Ì1•ª49•b40I—q800m‚Í‹v•Û™z‚ª2•ª06•b19‚Å1”N¶V^IH‹ß‹E,https://news.yahoo.co.jp/articles/2da73c605834055233f48f4e0432d93f51eeeb09,6/18(“ú) 19:14
getsuriku,’é‹‘å‚Í6ˆÊ’Ê‰ßu‹C‚¿‚ğ‹¤—L‚Å‚«‚È‚¢‚ÆA” ª—\‘I‰ï‚Íí‚¦‚È‚¢v wŠöŠ¯‚ÍŠë‹@Š´‚ ‚ç‚í^‘S“ú–{‘åŠw‰w“`ŠÖ“Œ‘Il‰ï,https://news.yahoo.co.jp/articles/28c5a878c154e74ab5b063d2bd3496b0b7971ca0,6/18(“ú) 12:38
getsuriku,y—¤ãz’†‘åE’†–ìãÄ‘¾‚ª“ú–{lŠw¶—ğ‘ã9ˆÊ‚Ì13•ª24•b11 ƒI[ƒXƒgƒŠƒAEƒEƒB[ƒ“‚ÅD‘–,https://news.yahoo.co.jp/articles/f1b65b32228202a9bc21af0fb4049eadf54031f8,6/18(“ú) 12:31
getsuriku,‘å“Œ‘å‚ªuìí’Ê‚èv‚Å2ˆÊ’Ê‰ßB‘Ì’²•s—ÇÒ‘±o‚ÅŒ‡êŠë‹@‚à44‰ñ–Ú‚ÌˆÉ¨˜H‚Ö^‘S“ú–{‘åŠw‰w“`ŠÖ“Œ‘Il‰ï,https://news.yahoo.co.jp/articles/5abacf72b660ec6e022468bf789c862e2574da69,6/18(“ú) 12:12
getsuriku,“Œ”_‘å‚ÌƒX[ƒp[ƒ‹[ƒL[‘O“c˜a–€‚ª28•ª03•b51‚Å“ú–{lƒgƒbƒvIu‚â‚Á‚Ä‚«‚½‚±‚Æ‚ª100“o‚¹‚ÄA100“_–“_‚Å‚·v^‘S“ú–{‘åŠw‰w“`ŠÖ“Œ‘Il‰ï,https://news.yahoo.co.jp/articles/2284938fc93c19217c8372d841d2e90bdcbf6394,6/18(“ú) 12:11
getsuriku,é¼‘å‚ª”ÕÎ‚Ìƒgƒbƒv’Ê‰ßI 5‹G‚Ô‚è‚ÌŠw¶‰w“`ƒtƒ‹oê‚Ö’e‚İ^‘S“ú–{‘åŠw‰w“`ŠÖ“Œ‘Il‰ï,https://news.yahoo.co.jp/articles/4ffd07a782ac6cd55cb8d77a782ded77222104c2,6/18(“ú) 12:00
getsuriku,é¼‘å‚ªáJ‚Ì1ˆÊ’Ê‰ß!! “Œ”_‘å‚Í‘O“c˜a–€‚Ì‰õ‘–‚Å14”N‚Ô‚èoêŒ  10ˆÊ–¾‘å‚Ì˜A‘±oê‚Íu15v‚ÅƒXƒgƒbƒv^‘S“ú–{‘åŠw‰w“`ŠÖ“Œ‘Il‰ï,https://news.yahoo.co.jp/articles/2338a19f8cdc1d2048cabcaf78385ec1b4daf551,6/18(“ú) 7:11
getsuriku,y‚Z—¤ãz‰ÍŒ´—å‰¹‚ª’†‘‚ÌuƒLƒ“ƒOv‚ÉIƒXƒvƒŠƒ“ƒg•ƒpƒ[Œüã‚Å©ŒÈV5699“_ƒ}[ƒN^IH’†‘,https://news.yahoo.co.jp/articles/51ea33e1dc28dfd47836afb0c54eda69d1997e3d,6/18(“ú) 7:02
getsuriku,y‚Z—¤ãzóˆä¬á‚ª’Ç‚¢•—Ql12m30 ›–ì•ä”T12m26‚Ì‚1—ğ‘ã2ˆÊ —qO’i’µ‚Í3”N¶‚Æ‹­—Íƒ‹[ƒL[‚ªŒƒ“¬^IH“Œ–k,https://news.yahoo.co.jp/articles/95e7d9798dab6bc6268f7d7341243343520ff7bc,6/18(“ú) 7:02
getsuriku,y‚Z—¤ãz‘–•’µEPÎ–]”T‚ª’Ç‚¢•—Ql‚È‚ª‚ç6m27‚ÌƒrƒbƒOƒWƒƒƒ“ƒvu–Ú•W‚Í‚ZVv^IHl‘,https://news.yahoo.co.jp/articles/5ae26370abcc04ac4a9a9aad8b0c8d6b3b147f3f,6/18(“ú) 7:02
getsuriku,y‚Z—¤ãz100mRŒ`ˆ¤‰H‚ªV3’B¬ €ŒˆŸ‚Å11•b77‚Ì‘å‰ïVu11•b3–{‚Í—Ç‚©‚Á‚½v^IH“ì‹ãB,https://news.yahoo.co.jp/articles/e79c752c309411c3470c61952209c849d2687d0e,6/18(“ú) 7:01
getsuriku,y‚Z—¤ãz•Ÿ‰ª¨‚ª6í–ÚVI—qƒnƒ“ƒ}[“ŠE“ú‰eÑ—…‚ª49m76•M“ª‚É49m‘ä3˜A”­ “Œ•Ÿ‰ª‚ª400mR‘å‰ïV^IH–k‹ãB,https://news.yahoo.co.jp/articles/7a227748739cee107f0f180f32018c3e58b6ea2f,6/18(“ú) 7:01
getsuriku,y‚Z—¤ãz²‹v’·¹¨‚ª’·‹——£í–Ú‚ğÈŠªI2”N¶EíîŒû‘å˜a‚ª5000m‚ğ§”e 3000máŠQ‚Í‰iŒ´‚ª‚ZV^IH–kM‰z,https://news.yahoo.co.jp/articles/fb44c80a4fbc5b35954da8fc7b29fe14e22d88a5,6/18(“ú) 7:01
getsuriku,y‚Z—¤ãz—Ñ”üŠó‚ª100mH13•b51•µí‹£‹Z5113“_ƒ_ƒuƒ‹‘å‰ïVI2”N˜A‘±‘S‘2Š¥‚ÖD’²¦‚·^IH“ŒŠC,https://news.yahoo.co.jp/articles/29c4b64ebb969d4cbf50333ea005e4bde9d7bc2e,6/18(“ú) 7:01
getsuriku,y‚Z—¤ãz‚Â‚­‚ÎG‰p‚ª’jq4Œp§”eIu‘S‘‚Å‚Í39•b‘ä‚Å—DŸ‚µ‚½‚¢vƒAƒ“ƒJ[¬º‚Í100m‚Æ‚Ì2Š¥^IH–kŠÖ“Œ,https://news.yahoo.co.jp/articles/c6c207ea15e28f0db71c24073725be721a42c558,6/18(“ú) 7:00
getsuriku,y‚Z—¤ãz’jq400mHE‹´–{—È¶‚ª50•b96‚ÅVIƒ‰ƒCƒoƒ‹‚Æu49•b‘ä‘ÎŒˆ‚ª‚Å‚«‚é‚æ‚¤‚Év—q‚Í‘ë–ì–¢—ˆ‚ª˜A”e^IH‹ß‹E,https://news.yahoo.co.jp/articles/c60c83c0f44f9e10d5da4c4e7882da32b5d4dfbe,6/18(“ú) 7:00
getsuriku,y‚Z—¤ãz–_‚’µ‚Í“ú‘Ì‘å”‚ª’j—VI‘ºĞ—º‘¾‚ª5m21A‹gàVì—‚ª3m91^IH“ìŠÖ“Œ,https://news.yahoo.co.jp/articles/0e62f4c9c2721976d33814612b5d368ad7d315ac,6/18(“ú) 7:00
getsuriku,y‚Z—¤ãz”ªí‹£‹Z‚Í‹{‰º‹Pˆê‚ª‚1Å‚‹L˜^‚ğ‘å•XVI‘Ol–¢“‚Ì‘S‘V3Œœ‚©‚é‚‹´—È‚ÍƒPƒK‚Å–³”O‚ÌŒ‡ê^IH“ìŠÖ“Œ,https://news.yahoo.co.jp/articles/0d7b9390855bee4cfbc3962aa98a644b1627d23a,6/18(“ú) 7:00
getsuriku,ÅI‘g‚Å“Œ”_‘åƒ‹[ƒL[‘O“c˜a–€‚ªU20—ğ‘ã2ˆÊ‚Ì28•ª03•b51!! “Œ‹‘Û‘åƒxƒbƒg‚ª“°X1’… ^‘S“ú–{‘åŠw‰w“`ŠÖ“Œ‘Il‰ï,https://news.yahoo.co.jp/articles/938ee668a4da57e9bbeddd58c2fe53e2db4822e4,6/17(“y) 22:06
getsuriku,é¼‘å‚ªƒgƒbƒv’Ê‰ßI‹t“]‚Å“Œ”_‘å‚ª•œŠˆoêA‘m‘å‚à7‘å‰ï‚Ô‚è‚ÌˆÉ¨˜H^‘S“ú–{‘åŠw‰w“`ŠÖ“Œ‘Il‰ï,https://news.yahoo.co.jp/articles/7f3b5c5090f5715c0d9f552e0093f91e925e31a0,6/17(“y) 21:33
getsuriku,“Œ”_‘å‚ªƒ‹[ƒL[‘O“c˜a–€‚ÌŒƒ‘–‚Å14‘å‰ï‚Ô‚è‚ÌˆÉ¨˜H ƒgƒbƒv’Ê‰ß‚Íé¼‘å^‘S“ú–{‘åŠw‰w“`ŠÖ“Œ‘Il‰ï,https://news.yahoo.co.jp/articles/c670c7fd5ebd858fc0a4ed63e446f6d700530700,6/17(“y) 20:46
getsuriku,y‚Z—¤ãz’jq‚â‚è“Š‚Í ‰êƒƒ“Eƒc[I“nç³’ˆ65m20‚Å˜A”eI‚Z2Š¥E’JŒû‘åãÄ‚Í2ˆÊ^IH‹ß‹E,https://news.yahoo.co.jp/articles/0f8d189cf562e4bb8c2fed8f6f3a96bace838aa8,6/17(“y) 20:14
getsuriku,é¼‘åE–ì‘ºéD“l‚ª3‘g–Ú1’…I oêŒ ‘ˆ‚¢‚Ìs•û‚ÍÅI‘g‚ÖI^‘S“ú–{‘åŠw‰w“`ŠÖ“Œ‘Il‰ï,https://news.yahoo.co.jp/articles/92a817e8551011b4794475fa232cc85b3634e939,6/17(“y) 19:47
getsuriku,2‘g–Ú‚Í‘å“Œ‘åEƒƒ“ƒWƒ‹‚ª“Æ‘–‚Åƒ`[ƒ€‚ÉvŒ£I é¼‘åA“ŒŠC‘å‚àãˆÊ‚ÅƒtƒBƒjƒbƒVƒ…^‘S“ú–{‘åŠw‰w“`ŠÖ“Œ‘Il‰ï,https://news.yahoo.co.jp/articles/a1710c810ac4d9189b1bf829d0f8deb71400bf36,6/17(“y) 19:09
getsuriku,1‘g–Ú‚Í‘å“Œ‘å‚ªƒgƒbƒvI é¼‘åE—ÑW—s‚ª1’…ƒtƒBƒjƒbƒVƒ…I^‘S“ú–{‘åŠw‰w“`ŠÖ“Œ‘Il‰ï,https://news.yahoo.co.jp/articles/029d70e0048bf33f393540e9879c74dfe7852ba6,6/17(“y) 18:28
getsuriku,y‚Z—¤ãz3000máŠQE²‹v’·¹‚Ì‰iŒ´éD–‚ª—\‘I‚Å‚ZV!!! O‰Y—´i‚Ì‹L˜^‚ğ3•bˆÈãXV‚·‚é8•ª36•b06^IH–kM‰z,https://news.yahoo.co.jp/articles/2ef0c24112ac549b2ef33b2380dfd3a6a32370cf,6/17(“y) 18:19
getsuriku,‘S“ú–{oêŒ ‚ğŒœ‚¯‚½’–Ú‚ÌˆêíI 1730•ª‚ÉƒXƒ^[ƒgI^‘S“ú–{‘åŠw‰w“`ŠÖ“Œ‘Il‰ï,https://news.yahoo.co.jp/articles/3450261cc928acc9b0ff9c4efa6863bc1a0890de,6/17(“y) 12:10
getsuriku,y—¤ãz“c’†ŠóÀ‚ªuNON STOP PROJECTv”­‘«IŸ¢‘ãƒAƒXƒŠ[ƒg‚É©‚ç‚ÌŒoŒ±“`‚¦‚Äu—E‹C‚ğ—^‚¦A‘Oi‚Ì‚«‚Á‚©‚¯‚Év,https://news.yahoo.co.jp/articles/1f315c3527ab5494290b70c7060872b39d7ddf16,6/17(“y) 8:00
getsuriku,y‚Z—¤ãz‘–•’µE¬ì˜`m‚ªŒü‚©‚¢•—‚Å7m50‚Ì¡‹G‚ZÅ‚ƒ^ƒCI ‘S‘“üÜ–Ú•W‚àu‚Ü‚¸‚ÍŠy‚µ‚ß‚ê‚Îv^IH“ŒŠC,https://news.yahoo.co.jp/articles/25d4f2c7e4b4ab78dc8b96af0527399162a090b4,6/17(“y) 7:03
getsuriku,y‚Z—¤ãz3000máŠQ‚Í—¯Šw¶EƒPƒlƒX‚ª“¹‚Z‘ÛV‚Å§‚·I2ˆÊEŠÖ—Y–çA3ˆÊE•ìê¡“l‚à9•ª20•bØ‚è‚Ì‘å‰ïV^IH–kŠC“¹,https://news.yahoo.co.jp/articles/0c3f8dc8d1aa58e11d556e24144b9cd688e347ba,6/17(“y) 7:02
getsuriku,y‚Z—¤ãz”’”M‚Ì’j—4~100mRI—Œ“ì‚ª40•b20‚Å2”N˜A‘±10“x–ÚVI—q‚Í‹“s‹k45•b68‚Å4‘å‰ï‚Ô‚è§”e^IH‹ß‹E,https://news.yahoo.co.jp/articles/0928006694ff59b44b4062b26d685e9e51fb21bd,6/17(“y) 7:02
getsuriku,y‚Z—¤ãz’jq1500m‚Í“Œ‹¨‚ª1`4ˆÊ‚ğ“ÆèI‹g‘qƒiƒ„ƒu’¼Šó‚ª3•ª49•b97‚ÅŒƒí§‚·^IH“ìŠÖ“Œ,https://news.yahoo.co.jp/articles/8f8b761293275c4a8c16461c94723b724a0b222d,6/17(“y) 7:02
getsuriku,y‚Z—¤ãz’j—ƒ}ƒCƒ‹ƒŠƒŒ[‚Í‘å‰ïV’÷‚ßI’jqE—§–½ŠÙŒcËu“¹‚ZV‚Æ“ú–{ˆê‚ğv—q‚Íˆ®ìu•õ‚ª§‚·^IH–kŠC“¹,https://news.yahoo.co.jp/articles/12f8d8425d75da20927959b357f72f94095c0a40,6/17(“y) 7:02
getsuriku,y‚Z—¤ãz‘å“‡”Í5613“_IRŒû“VãÄ5517“_I”ªí‹£‹Z‚Å’ß‰ªHƒRƒ“ƒr‚ªãˆÊ“Æèu‘S‘‚Å‚àƒƒ“Eƒc[‚ğv^IH“Œ–k,https://news.yahoo.co.jp/articles/6fd201aab0c437d74a6323d949664f5936c1595e,6/17(“y) 7:01
getsuriku,y‚Z—¤ãz100m‚Í•–ØŠCãÄ‚ªU20ƒAƒWƒA‰¤Ò‚ÌŠÑ˜\IŒü‚©‚¢•—1.6m‚Å10•b37uŸ‚Ä‚Äƒzƒb‚Æ‚µ‚Ü‚µ‚½v^IH–k‹ãB,https://news.yahoo.co.jp/articles/3ad5bd0bd8b099920b084641719dd68c770495ed,6/17(“y) 7:00
getsuriku,y‚Z—¤ãz—q–_‚’µE–öì”ü‹ó‚ª4m00‚Å2”N‚Ô‚è§”eIğ”N‚ÌƒPƒK‚ğæ‚è‰z‚¦uƒCƒ“ƒ^[ƒnƒC‚Å‚İ‚ñ‚È‚É‰¶•Ô‚µ‚µ‚½‚¢v^IH–kŠÖ“Œ,https://news.yahoo.co.jp/articles/3377f39643743535938ec7ab9424748457b2f03b,6/17(“y) 7:00
getsuriku,y‚Z—¤ãz4”N‘O‚Ì–_‚’µ’†Šw‰¤ÒEŒ´ŒûŒ°Ÿ˜N‚ª5m07‘å‰ïVVuƒCƒ“ƒ^[ƒnƒC‚Í‰½‚Æ‚µ‚Ä‚àŸ‚¿‚½‚¢v^IH–kŠÖ“Œ,https://news.yahoo.co.jp/articles/30c9e64939e3eb39633f14629cc917ace5da6b8a,6/16(‹à) 19:25
getsuriku,y‚Z—¤ãz1500mER–{çÖ–¢‚ª4•ª17•b55‚Å§”e•—§–½ŠÙ‰F¡‚ªƒgƒŠƒI“üÜI¬í‚Ì’jq‚Í—‡W‚ªV^IH‹ß‹E,https://news.yahoo.co.jp/articles/c8e41faf1ba39869f090695ac5ea363b98f2f795,6/16(‹à) 19:12
getsuriku,“ŒŠC‘åEÎŒ´ãÄ‘¾˜YA’†‰›Šw‘åE‹g“c—çuAé¼‘åER–{—BãÄ‚ªÅI‘g‚ÅŒƒ“ËI –¾‘å‚Í™‹Ê^‹P‚ª1‘gA” ª‹æŠÔÜ‚Ì™Ê•¶ŠC‚Í•âŒ‡“o˜^^‘S“ú–{‘åŠw‰w“`ŠÖ“Œ‘Il‰ï,https://news.yahoo.co.jp/articles/7ec47eb2aa515fa4c51b1b2168fbad0bc995812a,6/16(‹à) 17:55
getsuriku,y‚Z—¤ãzƒhƒ‹[ƒŠ[é‰l—¢‚ª1500m4•ª16•b76‚Å—DŸI‚1—ğ‘ã4ˆÊ‚Å‘S‘oêŒˆ‚ß‚é^IH’†‘,https://news.yahoo.co.jp/articles/b3de853ef398ee1446d41a74c1acdc2b39a5cc59,6/16(‹à) 17:07
getsuriku,y—¤ãz¢ŠE—¤˜A—–‚É—LX—Tq‚³‚ñAƒEƒBƒŠ[Eƒoƒ“ƒNƒX‚³‚ñ‚ç‚ª—§Œó•â@‰ï’·‘I‚ÍƒZƒoƒXƒ`ƒƒƒ“EƒR[‚Ì‚İ‚ÅÄ”C‚Ö,https://news.yahoo.co.jp/articles/3188ed92444c6e8099e345fa5c224322f2951367,6/16(‹à) 14:02
getsuriku,y—¤ãzƒ‚ƒ“ƒgƒŠƒI[ƒ‹ŒÜ—Ö’jq4~100mR‹à‚Ìƒn[ƒ”ƒB[EƒOƒ‰ƒ“ƒX‚ª€‹@ƒƒ“ƒhƒ“ŒÜ—Ö400m‹àƒƒ_ƒ‹EK.ƒWƒF[ƒ€ƒX‚ğw“±,https://news.yahoo.co.jp/articles/0eb873c04334e700de35ba11fbba29713c446ba2,6/16(‹à) 13:24
getsuriku,y—¤ãzƒCƒ“ƒQƒuƒŠƒOƒgƒZƒ“‚ª1500m¢ŠE—ğ‘ã6ˆÊ‚Ì3•ª27•b95I400mHƒƒ‹ƒzƒ‹ƒ€‚Í46•b52‚ÌƒpƒtƒH[ƒ}ƒ“ƒX—ğ‘ã4ˆÊ^DLƒIƒXƒ,https://news.yahoo.co.jp/articles/9a580ff5304393572646eae17aee38980c55e1bd,6/16(‹à) 13:05
getsuriku,y‚Z—¤ãz—q–_‚’µE‰ª“cä»•à‚ªˆ³Šª‚Ì3˜A”eI –Ú•W‚Ì4m30‚ÉŒü‚¯u©•ª‚Ì’µ–ô‚ğ‚·‚é‚¾‚¯v^IH–kM‰z,https://news.yahoo.co.jp/articles/a54ac8fae5f56474ecb62c61544fbc61197c7338,6/16(‹à) 7:04
getsuriku,y‚Z—¤ãz‘å•ª•‘’ß‚ª2í–Ú§”eI400mîà–ØàŠ”V‰î•‘–•’µE‰Í–ì—²”V‰îuÅI“ú‚Ü‚Åù•—‚ğŠª‚«‹N‚±‚µ‚½‚¢v^IH–k‹ãB,https://news.yahoo.co.jp/articles/b45a563bbe8ce2ec90ecbd90a1e3269070e25a61,6/16(‹à) 7:03
getsuriku,y‚Z—¤ãz“y‰®‘ñl‚ª’jq‘–•’µ‚Å‹t“]‚Ì7m43 ‰LàV”ò‰H‚ÉG”­‚³‚ê‚½2”N¶‚ªŒ€“I©ŒÈVV^IH“Œ–k,https://news.yahoo.co.jp/articles/d1794826ab96ecf0ef2ef2db86b17a746df30e7c,6/16(‹à) 7:03
getsuriku,y‚Z—¤ãz’jq800m‹{àV’©“â‚ª1•ª53•b20‚Ì‘å‰ïƒ^ƒC‚Å˜A”eIuâ‘Î‚ÉŒˆŸ‚Éc‚è‚½‚¢v^IH–kŠC“¹,https://news.yahoo.co.jp/articles/bbd27fba20c315705e2435540cd29110e9b5a010,6/16(‹à) 7:02
getsuriku,y‚Z—¤ãz’j—ƒnƒ“ƒ}[“Š‚ÅD‹L˜^IƒAƒcƒIƒrƒ“63m74•‰Ô‰€ƒƒ“Eƒc[ “ˆ–{”üŠC55m98‚Ì‘å‰ïV^IH‹ß‹E,https://news.yahoo.co.jp/articles/5ff8ea7c3368aab5747f61ea4da728aed9e2e728,6/16(‹à) 7:01
getsuriku,y—¤ãzƒAƒWƒA‘IèŒ ‚ÆƒAƒWƒA‘å‰ï‚Ìˆá‚¢‚Í!?“ú–{‘ã•\‚ª”­•\‚³‚ê‚½¡”N‚Ì2‘å‘å‰ï‚Ìd—v“x‚Æ‚Í,https://news.yahoo.co.jp/articles/8f8793d3909e6ddea3ce89eb3c6caba152dd5e73,6/15(–Ø) 20:04
getsuriku,y‚Z—¤ãz‹“s‹k¨‚ªD”­iI400mE•ŸˆäÊ”T‚ª©ŒÈV55•b23‚ÅV 4Œp‚Í45•b48‚Ì‹ß‹E‚ZV^IH‹ß‹E,https://news.yahoo.co.jp/articles/547cc65eab51a5cc2e6af29ef287d0a11a992a14,6/15(–Ø) 19:30
getsuriku,y—¤ãzYBƒAƒWƒA‘å‰ï‘ã•\”­•\I ’jq100m‚É¬’r—S‹M•‹Ë¶ËG!! —q100mH‚ÍÂ–Ø‰v–¢‚Æ“c’†—C”ü œA’†——œ‰À‚Í’·‹——£2í–Ú‚Å‘ã•\“ü‚è,https://news.yahoo.co.jp/articles/fd0598af6c6e837aeaf34a306cbf55020d34e957,6/15(–Ø) 18:43
getsuriku,ˆÉ¨˜Hs‚«Œœ‚¯‚½ƒiƒCƒ^[ŒˆíI‹­—ÍƒG[ƒX—i‚·‚é“ŒŠC‘åA’†‰›Šw‘åAé¼‘å‚ç‚ª—L—Í^‘S“ú–{‘åŠw‰w“`ŠÖ“Œ‘Il‰ï“W–],https://news.yahoo.co.jp/articles/071231a8607be0b803f87acf1503d7584f0fd7fe,6/15(–Ø) 18:20
getsuriku,y—¤ãz—q‘–•’µ‚ÌPÎ–]”T‚É’–ÚI100mAO’i’µ‚ğŠÜ‚Ş3Š¥‚È‚é‚©@’jq–_‚’µ‚Í–î–ì^ˆêA²X–ØGî‚É‚æ‚é5m’´‚¦‚Ì‘ˆ‚¢‚ÉŠú‘Ò^IHl‘,https://news.yahoo.co.jp/articles/5fde02d85a89130b2e17f79ec7b7aacdc00a9afc,6/15(–Ø) 17:10
getsuriku,y‚Z—¤ãz”ªí‹£‹ZEODŒcŒå5376“_‚Ì‘å‰ïVV ¬¬3‡–ÚAƒPƒK–¾‚¯uˆÀS‚µ‚Ü‚µ‚½v^IH–kŠC“¹,https://news.yahoo.co.jp/articles/21b2d93df7175e539a627c65006eee778416cb77,6/15(–Ø) 7:03
getsuriku,y‚Z—¤ãz—§–½ŠÙŒcË‚ª’j—4Œp§‚·I’jq‚Í40•b51‚Ì‘å‰ïVu©M‚É‚È‚è‚Ü‚·v^IH–kŠC“¹,https://news.yahoo.co.jp/articles/d59c2024b703f52e6aaf396c584e4b7a788dafd7,6/15(–Ø) 7:02
getsuriku,y—¤ãz“Œ‹ŒÜ—Ö100m‹à‚ÌƒWƒFƒCƒRƒuƒX‚ª¿œ_Œo’É‚Ì‚½‚ß‰¢Bƒ`[ƒ€‘IèŒ ‚ğŠüŒ @SNS‚Å‚Ì”îæ’†‚É‘Î‚µ‚Ä‹ê‚µ‚¢S‹«‚àŒê‚é,https://news.yahoo.co.jp/articles/f71d690a02d39134fba1c7413556c1328697f316,6/15(–Ø) 7:01
getsuriku,y—¤ãz’jq100m¢ŠE‹L˜^•ÛÒ‚Ìƒ{ƒ‹ƒg‚ªƒTƒbƒJ[‚Ìƒ`ƒƒƒŠƒeƒB[ƒCƒxƒ“ƒg‚ÉQ‰ÁI Œ³ƒCƒ^ƒŠƒA‘ã•\EƒgƒbƒeƒB‚©‚ç‚ÌƒAƒVƒXƒg‚ÅƒS[ƒ‹Œˆ‚ß‚é,https://news.yahoo.co.jp/articles/9617e1929e07fa52490d1eb21247135d44f5af76,6/14(…) 19:18
getsuriku,y—¤ãz800m‚Í—§”—‘å“¿‚ÆâŒ³—´î‚Ì‘ÎŒˆ‚É”M‹üI RŒ`ˆ¤‰H‚Í3”N˜A‘±’Z‹——£2Š¥‚É’§‚Ş^IH“ì‹ãB,https://news.yahoo.co.jp/articles/3e4bf1052c9a97b5ee5bac05377a67cb464232c4,6/14(…) 18:36
getsuriku,y—¤ãz”ªí‹£‹Z‚Ì‰ÍŒ´—å‰¹‚Í‚³‚ç‚È‚é©ŒÈV‚È‚é‚© ƒnƒ“ƒ}[“ŠE”öà_‘¾—zA‚â‚è“ŠEXàV’mŒc‚È‚ÇA“Š‚Ä‚«í–Ú‚É‚à’–Ú^IH’†‘,https://news.yahoo.co.jp/articles/85a18333434c32bcd7280f52f6496c4e0c045289,6/14(…) 17:44
getsuriku,y—¤ãz—q–_‚’µ‚Í“ú–{‘IèŒ 2ˆÊ‚Ì–öì”ü‹ó‚É’–ÚI’jq’Z‹——£‚ÍáØŒhA¬º•à‹v“l‚ç2”N¶‚É¨‚¢^IH–kŠÖ“Œ,https://news.yahoo.co.jp/articles/a3c4e9215c808309d15df2db0b630a56bf70dadc,6/14(…) 17:29
getsuriku,y—¤ãz’jqE¬ì˜`mA—qE¬j—z—tAŸNˆäŠó”ü‚ç‘S‘’–Ú‘Iè‚ª“oê ‘S‘s‚«‚ğŒˆ‚ß‚é‚Ì‚Í!H^IH“ŒŠC,https://news.yahoo.co.jp/articles/59507c79343346866843c0aed413a511351a4a85,6/14(…) 17:08
getsuriku,y—¤ãz’jq4~400mR‚Í‘S‘‹üw‚ÌŒƒí ’·‹——£E—é–Ø—®ˆûA‘–‚’µE•Ÿm–©‚ç‚ª‘S‘‚ğŒ©˜‚¦‘åˆê”Ô‚É—Õ‚Ş^IH“ìŠÖ“Œ,https://news.yahoo.co.jp/articles/2295498e5a55eac7e9be9c190101aaa6488fd2d8,6/14(…) 16:40
getsuriku,y—¤ãz“ŒƒAƒWƒAƒ†[ƒX‘å‰ï‘ã•\‚É8l‚ª‘Io —q‘–•’µE‹ß“¡‚¢‚¨‚ñA’jq’Z‹——£E¬ì˜`m‚ç‚ª‘ã•\“ü‚è,https://news.yahoo.co.jp/articles/60adce61d651988a36fbc8ee4ea7874f2ecdefc8,6/14(…) 15:13
getsuriku,y—¤ãzƒh[ƒn¢ŠE‘IèŒ ƒ}ƒ‰ƒ\ƒ“7ˆÊ‚ÌƒGƒ‹EƒAƒoƒbƒV‚ª3”NŠÔ‚Ìoê’â~A“Œ‹ŒÜ—Ö400m6ˆÊ‚ÌƒeƒCƒ‰[‚É‚à‘Ši’â~ˆ•ª,https://news.yahoo.co.jp/articles/7e4c1302b46f17768fbeac2fdd0eb89d884925ec,6/14(…) 13:58
getsuriku,y—¤ãz’jq‚â‚è“ŠEƒ”ƒ@ƒhƒŒƒCƒq‚ª¡‹G¢ŠEÅ‚‚Ì89m51 ‰~”Õ“Š‚ÍƒXƒ^[ƒ‹‚ªƒ`ƒF[‚ğ—}‚¦‚ÄV^WAƒRƒ“ƒ`ƒlƒ“ƒ^ƒ‹ƒcƒA[,https://news.yahoo.co.jp/articles/0c45f45829c43565b9aca5466de5b955b87555d4,6/14(…) 12:50
getsuriku,y—¤ãz–kŒûY‰Ô‚ªƒ`ƒFƒR‚Ì‹£‹Z‰ïoê59m69‚Å2ˆÊ^WAƒRƒ“ƒ`ƒlƒ“ƒ^ƒ‹ƒcƒA[,https://news.yahoo.co.jp/articles/398c5d576c3c0f1b06366f379e4f78a6b608ada4,6/14(…) 10:29
getsuriku,y—¤ãzƒ[ƒ‹ƒhƒ†ƒjƒo[ƒVƒeƒBƒQ[ƒ€ƒY‘ã•\‘Iè•ÏX ’Z‹——£‚Ì‰LàV”ò‰H‚©‚çˆî–Ñ•É‚Ö,https://news.yahoo.co.jp/articles/6f2a2f228ef0e0b64397e1e1c7f3ad9280a85607,6/14(…) 9:53
getsuriku,y‚Z—¤ãz‘–•’µ7m’´4l‚ÌŒƒíI–kŠC“¹‰hEO‰YéD‘¾‚Æ’†“c“ÖA’‡—Ç‚µ‚Åƒ‰ƒCƒoƒ‹2l‚ª“¯‹L˜^ƒƒ“ƒc[^IH–kŠC“¹,https://news.yahoo.co.jp/articles/06683d0d81a30d8eb97966369464574c9d041caf,6/14(…) 7:02
getsuriku,y—¤ãzƒTƒjƒuƒ‰ƒEƒ“o’x‚ê‹¿‚«10•b29‚Ì8ˆÊ ‚â‚è“ŠEƒfƒB[ƒ“Œ³‹C‚Í6ˆÊ“üÜ^WAƒRƒ“ƒ`ƒlƒ“ƒ^ƒ‹ƒcƒA[,https://news.yahoo.co.jp/articles/01bbf61ed7aea6b15ca879d05b23fcc233ca4bad,6/14(…) 7:00
getsuriku,y—¤ãz—q100mH‚É•Ÿ•”^q‚ÆÂ–Ø‰v–¢‚ªƒGƒ“ƒgƒŠ[I ’jq‘–•’µ‚Í‹g“cO“¹AéR³‘¾˜Y‚ç‚ª“o˜^^•ŸˆäƒiƒCƒgƒQ[ƒ€ƒY,https://news.yahoo.co.jp/articles/2711f167597fca671e70ff0e91133c18df5209ef,6/13(‰Î) 20:33
getsuriku,y—¤ãzŠeí–Ú‚Å‚…€‚Ì‘ˆ‚¢ ƒAƒcƒIƒrƒ“EƒAƒ“ƒhƒŠƒ…ƒE‚Ì“Š‚Ä‚«3Š¥‚È‚é‚© —q‚Í400mH‚Å‘S‘˜A”e–Úw‚·‘ë–ì–¢—ˆ‚É’–Ú^IH‹ß‹E,https://news.yahoo.co.jp/articles/fa531f38add76e232aa5a8dc322f339e783eb464,6/13(‰Î) 18:44
getsuriku,y—¤ãz—q’Z‹——£‚Íç—tˆÀìAÔâ”üŒ‹AO‰Y‰Ä—ö‚çŒƒí‚Ì—\Š´ 110mH‚‹´‘åjA’jq‘–•’µ‚ÍD‹L˜^’–Ú^IH“Œ–k,https://news.yahoo.co.jp/articles/787db60a3a9beae6322045e2a2bafc6557f7b765,6/13(‰Î) 18:22
getsuriku,y—¤ãzU20ƒAƒWƒA100m‰¤ÒE•–ØŠCãÄ‚ªŠMù —qƒXƒvƒŠƒ“ƒg‚ÍÄ“¡²‚ÉƒnƒCƒŒƒxƒ‹‚Ì—l‘Š^IH–k‹ãB,https://news.yahoo.co.jp/articles/c8d66f465d3ef862965ae277014c2e7534ee3e00,6/13(‰Î) 18:21
getsuriku,y—¤ãz’jq3000máŠQ‰iŒ´éD–‚Ì‘–‚è‚É’–Ú ‘S‘IH100m6ˆÊ’ßŠª—z‘¾‚ğ’†S‚É’jq’Z‹——£‚ÍŒƒí•KŠ^IH–kM‰z,https://news.yahoo.co.jp/articles/47c1c07f009ad44636a9fee23423461e82b42991,6/13(‰Î) 17:35
getsuriku,y—¤ãzƒAƒWƒA‘IèŒ ‘ã•\78–¼Œˆ’è ’jq‚Íâˆä—²ˆê˜YA“càV—õA‹´‰ª—D‹P‚çA—q‚Í“c’†ŠóÀA›“c–¾“úA`Ÿ”ü—éAX–{–ƒ—¢q‚ç‚ğ‘Io,https://news.yahoo.co.jp/articles/756c73fd82dada145ee93a8d4e41b77d31c49bcf,6/13(‰Î) 14:47
getsuriku,y—¤ãzˆ®‰»¬‚ÉƒGƒhƒEƒBƒ“EƒLƒvƒPƒ‚ƒC‚ªV‰Á“üI ğ”N“x‚Ü‚ÅSGƒz[ƒ‹ƒfƒBƒ“ƒOƒX‚ÉİĞ,https://news.yahoo.co.jp/articles/fdf0caea70e29f0d7989389ef0c30447f7ec4f90,6/13(‰Î) 11:55
getsuriku,y—¤ãz17”NƒAƒWƒA‘IèŒ E\í‹£‹Z‹âƒƒ_ƒ‹‚Ììí•˜a–ç‚ªŒ»–ğˆø‘Ş uÅ‚‚ÌI‚í‚è‚ğŒ}‚¦‚é‚±‚Æ‚ª‚Å‚«‚½v,https://news.yahoo.co.jp/articles/4bdb2f0741e91c0926643f9b4be3802a1a551d47,6/13(‰Î) 7:00
getsuriku,y—¤ãz’†‘‚Ì‘hàz“Y‚ªƒPƒK‚Å¡‹G‚Ì‹x—{‚ğ•\–¾ uƒpƒŠŒÜ—Ö‚ÉŒü‚¯‚Ä‘Sg‘S—ì€”õ‚·‚év,https://news.yahoo.co.jp/articles/e33fe9be8693b0f3e69c56f139379acbe46c4c2f,6/12(Œ) 22:04
getsuriku,y—¤ãz“ú–{—¤˜A•]‹cˆõ‚É£ŒÃ—˜•FA‚‹´®q‚ç13l‚ªV”C d”C‚Ìîà–ìi‚çŒv19l‚ğ‘I”C,https://news.yahoo.co.jp/articles/0f523c18cfe485efc0d24c3c7d1ceee96fc8eb80,6/12(Œ) 20:59
getsuriku,y—¤ãzå‘ä‘å‚ª4~100mR‚Å39•b89‚Ì“Œ–kŠw¶VV ’jq110mH‚Å‚Í—“à—¤“l‚ª26”N‚Ô‚è‚Ì“Œ–kŠw¶VI^“Œ–kIC,https://news.yahoo.co.jp/articles/0e62176e91fc3448e0ad71364f49139601ddbe67,6/12(Œ) 15:38
getsuriku,y—¤ãzƒeƒtƒFƒŠ‚ª—q10kmƒ[ƒh30•ª12•b‚Å‰õŸI ƒƒ“ƒhƒ“Eƒh[ƒn¢ŠE—¤ã5000m‹à‚ÌƒIƒrƒŠ—}‚¦‚é,https://news.yahoo.co.jp/articles/d5d8064b7a293ae825853aee37061a0e761edfc0,6/12(Œ) 13:02
getsuriku,y—¤ãz\í‹£‹ZEƒmƒCƒQƒoƒEƒA[‚ª8836“_‚Ì¢ŠE—ğ‘ã8ˆÊI —q100m‚ÍƒAƒ‹ƒtƒŒƒbƒh‚ª10•b72w‚Å2˜A”e^‘S•ÄŠw¶‘IèŒ ,https://news.yahoo.co.jp/articles/3f3f2495b894d5deaf4dc3ddb49b72fb1ac3a95f,6/12(Œ) 12:32
getsuriku,y—¤ãz\í‹£‹Z‚ÍŠÛR—D^‚ª‰V µí‹£‹Z‚ÍRí•—L‹I‚ª2”N‚Ô‚è5“x–Ú§”e ƒŒƒWƒFƒ“ƒhE’†‘º–¾•F‚ªÅŒã‚Ì‘å•‘‘ä^“ú–{‘IèŒ ¬¬,https://news.yahoo.co.jp/articles/40613fadf18f6ad3b9bec5c968e0ebf6ac58fed4,6/12(Œ) 8:05
getsuriku,y—¤ãz’nŒ³ƒCƒ“ƒ^[ƒnƒC‚Ö‚ÌØ•„‚ğ‚Â‚©‚Ş‚Ì‚Í!? –kŠC“¹’n‹æ‘å‰ïA–¾“úŠJ–‹IU16‰¤ÒE›ÁÉŒ´A—§–½ŠÙŒcËA–kŠC“¹‰h¨‚É‚à’–Ú^IH–kŠC“¹,https://news.yahoo.co.jp/articles/1c80f622cbf8d11e09418355499c3df2dd1d4a5d,6/12(Œ) 7:00
getsuriku,y—¤ãzµí‹£‹ZE—Ñ”üŠó ˜Aí‚È‚ñ‚Ì5000“_’´‚¦‚Å˜A”eI\í‚ÍâV“¡‚ª‰ƒ^ƒCƒgƒ‹^U20“ú–{‘IèŒ ¬¬,https://news.yahoo.co.jp/articles/59202289325f8a0ad6c7aad02e5b6dd54aa33d74,6/12(Œ) 7:00
getsuriku,y—¤ãz\í‹£‹ZE’†‘º–¾•F ÅŒã‚Ì“ú–{‘IèŒ u–¾“ú‚©‚ç‚Ç‚¤‚â‚Á‚Ä¶‚«‚Ä‚¢‚¯‚Î‚¢‚¢‚Ì‚©v‹r’É‚ß‚é‚à2“úŠÔŠ®‘–^“ú–{‘IèŒ ¬¬,https://news.yahoo.co.jp/articles/9a315a2fa99125814e5665791f69646336a4963d,6/11(“ú) 22:41
getsuriku,y—¤ãzƒ}ƒ‰ƒ\ƒ“‚Ì…Œû“µ‚ªŒ»–ğˆø‘Ş 18”N“ú–{Šw¶—qƒn[ƒt—DŸu‚½‚­‚³‚ñ‚Ìx‚¦‚Æ‰‰‡A–{“–‚É‚ ‚è‚ª‚Æ‚¤‚²‚´‚¢‚Ü‚µ‚½v,https://news.yahoo.co.jp/articles/31715d1f18f04d729586ec9173c15a2c3a6b6226,6/11(“ú) 22:16
getsuriku,‘åŒo‘å‚ª2”N˜A‘±ƒgƒbƒv’Ê‰ßIŠÖ‘å‚ª7”N‚Ô‚è‚ÌˆÉ¨˜H —§–½‘åAŠÖŠw‘å‚àoêŒ ^‘S“ú–{‘åŠw‰w“`ŠÖ¼’n‹æ‘Il‰ï,https://news.yahoo.co.jp/articles/56c08445ae8180655f73fa6d331a0e96736c0bf8,6/11(“ú) 21:43
getsuriku,y—¤ãzu‚¨‘Ò‚½‚¹‚µ‚Ü‚µ‚½Iv‘åŠíEŠÛR—D^‚ª‚Â‚¢‚É‰‘ÕŠ¥ ƒPƒKæ‚è‰z‚¦“ú–{—ğ‘ã6ˆÊ7816“_^“ú–{‘IèŒ ¬¬,https://news.yahoo.co.jp/articles/2ec8e6d05771dc01df6c4c3491b1900476e0add4,6/11(“ú) 20:38
getsuriku,y—¤ãzµí‹£‹ZE‘å‹Ê‰Ø—é‚ª—Ü‚Ì2ˆÊu‰÷‚µ‚¢‹C‚¿‚Åˆê”tv^“ú–{‘IèŒ ¬¬,https://news.yahoo.co.jp/articles/4c5bb2352866dd2f02281a90076fd328184291b5,6/11(“ú) 18:26
getsuriku,y—¤ãzµí‹£‹ZERí•—L‹I‚ª2”N‚Ô‚è5“x–Ú‚Ì’¸“_uŸ‚½‚È‚«‚á‚¢‚¯‚È‚¢‚¶‚á‚È‚­AŸ‚¿‚½‚¢v800mˆ³Šª‚Ì—Í‘–^“ú–{‘IèŒ ¬¬,https://news.yahoo.co.jp/articles/2a4717a2d71f18fbaed1be868f1823e89cd17b9f,6/11(“ú) 18:24
getsuriku,y—¤ãz–_‚’µƒIƒrƒGƒi‚ªƒAƒWƒAl‰‚Ì6m“’BI‰®ŠO‚Åjã24l–ÚAğ”N‚Ì¢ŠE—¤ã“ºƒƒ_ƒ‹,https://news.yahoo.co.jp/articles/2b0897f2c50fe514e6e6f4d80448ea123a503e88,6/11(“ú) 8:58
getsuriku,y—¤ãz–_‚’µE“ú–{‹L˜^•ÛÒ‚Ì”“cÀç4m30‚Å2ˆÊAàVTŒá‚Í5m40^Š˜R‘Û‹£‹Z‰ï,https://news.yahoo.co.jp/articles/359b0a64fca5e1dda44c9ada7adf5e2ca416f0ad,6/10(“y) 22:44
getsuriku,y—¤ãz‰¤Ò‹î‘åE”’’¹“N‘¿‚ª13•ª41•b39AˆÉ“¡‘“—B‚ª13•ª44•b49‚Ì©ŒÈV ÂŠw‘åOB‹g“c‚âŠİ–{‚àD‘–^“ú‘Ì‘å’·‹——£‹£‹Z‰ï,https://news.yahoo.co.jp/articles/27c76fc67fc1c1376ba516346312e4b7ebebfd6d,6/10(“y) 22:22
getsuriku,y—¤ãz‡‘åE‹g‰ª‘åãÄ ‰10000m‚Í28•ª46•b96 5000m‚Z‹L˜^•ÛÒA“ú–{‘IèŒ ‚Å‚àŒ’“¬,https://news.yahoo.co.jp/articles/b88648e33a613968fed05309a413a650fc93095f,6/10(“y) 21:56
getsuriku,y—¤ãz–öˆäˆ»‰¹‚ª10000m‹£•à‚Å13”N‚Ô‚èŠw¶VI‰ª“c‹v”üq‚Ì‹L˜^‚ğ“h‚è‘Ö‚¦‚é,https://news.yahoo.co.jp/articles/4b36fa831d0b132808182ab8b1ef1925eece2a58,6/10(“y) 21:21
getsuriku,y—¤ãz’†‘º–¾•FAÅŒã‚Ì‘å‰ïu–Ú‚ÉÄ‚«•t‚¯‚Ä‚Ù‚µ‚¢v–¿—FE‰E‘ãŒ[—S‚Í–CŠÛ“Šƒgƒbƒv ƒxƒeƒ‰ƒ“2l‚ªŒ©‚¹ê^“ú–{‘IèŒ ¬¬,https://news.yahoo.co.jp/articles/b5d0ceda8e5482d98731720d4d280539bdb0888d,6/10(“y) 19:29
getsuriku,y—¤ãz\í‹£‹ZEŠÛR—D^‚ª‰“úƒgƒbƒv ‰§”e‚Ö110mH‚Æ1500m‚ªƒ|ƒCƒ“ƒg “cãx‚ª2ˆÊ‚ÅÜ‚è•Ô‚·^“ú–{‘IèŒ ¬¬,https://news.yahoo.co.jp/articles/31c4155f28633928c1267a39464acb44db599322,6/10(“y) 19:26
getsuriku,y—¤ãzµí‹£‹ZE“ú–{‹L˜^‚ÂRí•—L‹I 2ˆÊ‚ÅÜ‚è•Ô‚µu—¬‚ê‚Í—Ç‚©‚Á‚½v2”N‚Ô‚è’DŠÒ‚É’§‚Ş^“ú–{‘IèŒ ¬¬,https://news.yahoo.co.jp/articles/e45b8ffa9f37595ea04012f75b210aa22f4aacec,6/10(“y) 17:46
getsuriku,y—¤ãzµí‹£‹ZE‘å‹Ê‰Ø—é‚ª‰“ú1ˆÊ ‰V‚ÉŒü‚¯u1í–Ú1í–Úƒgƒbƒv‚ğv^“ú–{‘IèŒ ¬¬,https://news.yahoo.co.jp/articles/79fa7bfd3b59b050a5e351f4c613a29081756cb3,6/10(“y) 17:44
getsuriku,y—¤ãzƒLƒsƒGƒSƒ“‚ª5000m‚Å‚à¢ŠEVI ’jq3000máŠQEƒMƒ‹ƒ}‚Í19”N‚Ô‚è¢ŠE‹L˜^XVI^DLƒpƒŠ,https://news.yahoo.co.jp/articles/0f7d46256ec1ec405912e4504507a454754fbf31,6/10(“y) 11:40
getsuriku,y—¤ãzO‰Y—´i 4“x–Ú‚Ì“ú–{VIDL‚Ì‚·‚²‚³‚Æ‚ÍH18”N‚Ô‚èA“]“|AŒÜ—Ö‚È‚Ç‘å•‘‘ä‚Å‚Ì‹­‚³c,https://news.yahoo.co.jp/articles/9fd617cc3b28fe42c613677ebc60fad3fb644051,6/10(“y) 11:38
getsuriku,y—¤ãz‘O‰ñV‚Ì‰œ“cŒ[—S‚Í¶ãø”æ˜JœÜ‚Ì‰e‹¿‚ÅŒ‡ê ƒMƒŠƒMƒŠ‚Ü‚Å’²®‚àu‚µ‚Á‚©‚è¡‚·v‚Æ”»’f^“ú–{‘IèŒ ¬¬,https://news.yahoo.co.jp/articles/a87a889cd53b173b96638f0bf52c1115c1876536,6/10(“y) 10:25
getsuriku,y—¤ãz‚â‚è“ŠE–kŒûY‰Ôƒ_ƒCƒ„ƒ‚ƒ“ƒhƒŠ[ƒO‰í§‚·I©ŒÈ4”Ô–Ú65m09‚ÌƒrƒbƒOƒXƒ[,https://news.yahoo.co.jp/articles/e027250588a4002343096048f0d38f50c4abf663,6/10(“y) 6:09
getsuriku,y—¤ãzO‰Y—´iƒ_ƒCƒ„ƒ‚ƒ“ƒhƒŠ[ƒO“ú–{V‚Å2ˆÊ!!¢ŠEVƒŒ[ƒX‚Å”S‚è‚«‚é,https://news.yahoo.co.jp/articles/d5b84b5b4770aa1f9e64fc04b2be7f5caff4df23,6/10(“y) 5:58
getsuriku,y—¤ãz3000máŠQ“Œ‹ŒÜ—Ö‘ã•\‚ÌÂ–Ø—Á^‚Æƒ†ƒjƒNƒ‚Ì…Œû“µ‚ª“üĞ!! u2l‚Åx‚¦‡‚Á‚Äi‚ñ‚Å‚¢‚«‚Ü‚·v,https://news.yahoo.co.jp/articles/1a3a2bfe5d73bd43ac63a3e8d8f419e82d80d429,6/9(‹à) 22:49
getsuriku,—q‚â‚è“ŠE²“¡—F‰À‚ª58m57I ‰¢B‚Ìáè‘Iè—}‚¦‚Ä—DŸü‚é^WAƒRƒ“ƒ`ƒlƒ“ƒ^ƒ‹ƒcƒA[,https://news.yahoo.co.jp/articles/3c183132efca30123e3dabef8c00734c10158d99,6/9(‹à) 19:38
getsuriku,y—¤ãz“ú–{‹L˜^•ÛÒERí•—L‹Iuí‚¦‚é€”õ‚Å‚«‚Ä‚¢‚évƒAƒWƒAº“àVŠÛR—D^uŠæ’£‚è‰ß‚¬‚¸v‰V‚Ö^“ú–{‘IèŒ ¬¬,https://news.yahoo.co.jp/articles/1bc88691f4ecd41b4a9004bc2e1c374e02abba2c,6/9(‹à) 16:49
getsuriku,y—¤ãz¡‹G‚Åˆø‘Ş‚Ì’†‘º–¾•Fu‚â‚è‚«‚Á‚½‚ÆŒ¾‚¦‚é‚æ‚¤‚ÉvÅŒã‚Ì‰¤ÀˆêŒˆ’èí‚ÅuƒV[ƒYƒ“‰„‚Î‚µ‚½‚¢v^“ú–{‘IèŒ ¬¬,https://news.yahoo.co.jp/articles/ee3dd4872fe746b606e7ab562f68d427d0fab1fb,6/9(‹à) 16:23
getsuriku,ƒPƒjƒA‚Ì¢ŠE—¤ãƒ}ƒ‰ƒ\ƒ“‘ã•\‚ª”­•\I —q‚Í¢ŠE‹L˜^•ÛÒEƒRƒXƒQƒC•ÂXR“c‚‘²ƒƒ“ƒWƒ‹‚Ì‹­—Í•zw@’jq‚Í¢ŠE—ğ‘ã2ˆÊ‚ÌƒLƒvƒgƒDƒ€‚ç,https://news.yahoo.co.jp/articles/b305903711782624d805c9ec2211ceeb5be51de0,6/9(‹à) 15:33
getsuriku,y—¤ãz’†‰›”­Š‚ÉŒ³Honda‚ÌƒWƒƒƒNƒ\ƒ“EƒJƒxƒT‚ª‰Á“üI 22”Nƒjƒ…[ƒCƒ„[‰w“`Vƒƒ“ƒo[,https://news.yahoo.co.jp/articles/95ecbcd4615a23b09e47fd5061aaf905bc216644,6/9(‹à) 14:03
getsuriku,y—¤ãz’jq100m’†ì•äò‚ªŒ§‚ZV‚Ì10•b36Iµí‹£‹ZEˆäã‚İ‚³‚«‚ª18”N‚Ô‚è‚Ì‘å‰ïVV A¼N‘¾‚Í4í–Ú‚Å‘å‰ï‹L˜^XV^IH’·èŒ§‘å‰ï,https://news.yahoo.co.jp/articles/f66abc440fab0e438d3039d61b7592fd2dc15b21,6/8(–Ø) 20:41
getsuriku,y—¤ãzƒAƒWƒAV‚ÌŠÛR—D^A‘O‰ñV‚Ì‰œ“cA“ú–{‹L˜^•ÛÒERí•—L‹I‚ç ƒLƒ“ƒOAƒNƒC[ƒ“‚ÌÀ‚ÉA‚­‚Ì‚Í!?“ú–{‘IèŒ ¬¬‚Ì’–Ú‘Iè‚ğƒ`ƒFƒbƒNI,https://news.yahoo.co.jp/articles/afaac60ed51b8db78f5bc17b4f2265148b76e596,6/8(–Ø) 18:03
getsuriku,y—¤ãzRŒ`ˆ¤‰H‚ª—q100m11•b74I‘å‰ïV‚Å3˜A”eü‚é ’jq‰~”Õ“ŠEŠâ‰i‘å‹P‚ª43m64^IHŒF–{Œ§‘å‰ï,https://news.yahoo.co.jp/articles/dc9a91eff7e66e4ad10b7eff9ceb27e95bce879f,6/8(–Ø) 14:14
getsuriku,y—¤ãzÏ”ü‚ª—q4~100mR‚Å47•b40‚Ì‘å‰ïVVI ‹v–å§–í‚ª“Š‚Ä‚«3Š¥^IHˆ¤•QŒ§‘å‰ï,https://news.yahoo.co.jp/articles/26a9cb8592d7694ed05e7d9924884f5e07f67bac,6/8(–Ø) 13:54
getsuriku,y—¤ãzƒfƒ“ƒ\[‚Ì‹v•ÛS—D‚ª‘Ş•”u‚±‚ê‚©‚ç‚à©•ª‚Ì–Ú•W‚ÉŒü‚©‚Á‚ÄAŠæ’£‚è‚Ü‚·v _‘ºŠw‰€‚‘ã‚É‰w“`‚ÅŠˆ–ô,https://news.yahoo.co.jp/articles/422a037a4fa90a8cae4a33032d8462619b9ccd13,6/8(–Ø) 8:22
getsuriku,y—¤ãz‘‘åEŠÔ£“cƒ•½‚ª1500m‚ÅV —Ñ”üŠó‚Í100mH§‚· ‹àƒƒ_ƒ‹14‚Ì“ú–{‚ª‘•Êƒgƒbƒv^U20ƒAƒWƒA‘IèŒ ,https://news.yahoo.co.jp/articles/cc314506671426cb8b2accc6331bdb421bfe4221,6/8(–Ø) 7:52
getsuriku,y—¤ãz_–ì‘å’n‚ªog’nE’Ã“‡s‚ÌƒVƒ‡ƒbƒsƒ“ƒOƒZƒ“ƒ^[uƒˆƒVƒdƒ„v‚ÆƒXƒ|ƒ“ƒT[Œ_–ñu’Ã“‡‚ğ·‚èã‚°‚Ä‚¢‚«‚½‚¢v,https://news.yahoo.co.jp/articles/ad4f99a8942527e06dbf3a206ec9c541d67a982c,6/7(…) 21:04
getsuriku,y—¤ãzMGCƒtƒ@ƒCƒiƒ‹ƒ`ƒƒƒŒƒ“ƒWİ’è‹L˜^‚ª”­•\I’jq‚Í2ŠÔ5•ª50•b —q‚Í2ŠÔ21•ª41•b,https://news.yahoo.co.jp/articles/0d55848aa383a70ccd1d80d410f1aab36436f905,6/7(…) 18:17
getsuriku,y—¤ãz‹g“c—¤‚ª3‚Â‚Ì‘å‰ïV‚ğŠÜ‚Ş4Š¥I —q100mH‚Ì‹‘ºçŠó‚Í15”N‚Ô‚è‘å‰ïVV^IH“¿“‡Œ§‘å‰ï,https://news.yahoo.co.jp/articles/93bfa9dc01941cfc26fec7777adc2848372d78a1,6/7(…) 16:09
getsuriku,y—¤ãzƒ}ƒ‹ƒeƒBƒlƒXEƒuƒ‰ƒ“ƒhƒ“Eƒ{ƒCƒh‚ª4Š¥”­iI3000máŠQE—§‰Ôî‚ª9•ª15•b49‚Ì‘å‰ïVV^IHìŒ§‘å‰ï,https://news.yahoo.co.jp/articles/18c4a98a0460f73fac7aac26dad2bf42c692ac04,6/7(…) 15:26
getsuriku,y—¤ãz—Œ“ì‚ª4~100mR‚Å39•b97I‹“s‹k‚à4~400mR‚Å9”N‚Ô‚è‚Ì‘å‰ïV^IH‹“s•{‘å‰ï,https://news.yahoo.co.jp/articles/3f2d3194c8377d72812a66324d903bcd809c3e8a,6/7(…) 14:57
getsuriku,y—¤ãz•z¨ƒXƒvƒŠƒ“ƒg’jq100m‚ÉíÉ“c‘å‹PARãp—º‘¾‚ªƒGƒ“ƒgƒŠ[I —q100mH‚Í•Ÿ•”^qAÂ–Ø‰v–¢A›“c–¾“ú‚ç‚ªoê,https://news.yahoo.co.jp/articles/509c375923a6a2b56cbe2fd05425ca2f8b55bf81,6/7(…) 14:15
getsuriku,y—¤ãz—qƒnƒ“ƒ}[“ŠEƒAƒ“ƒ_[ƒZƒ“‚ª78m79‚Å‰õŸ 19ÎƒiƒCƒgƒ“‚Í200m19•b95I^WAƒRƒ“ƒ`ƒlƒ“ƒ^ƒ‹ƒcƒA[,https://news.yahoo.co.jp/articles/bdf98e3e4c0d7b67e9ab24e8796d48c5b699a877,6/7(…) 12:33
getsuriku,y—¤ãzƒ~ƒYƒm‚ªuMIZUNO SLEEPv”­•\IV\‘¢‚Ìƒ}ƒbƒgƒŒƒX‚É”Ñ’ËãÄ‘¾ug‘Ì‚ª•‚‚¢‚Ä‚¢‚é‚æ‚¤v‡–°‚ÍuƒpƒtƒH[ƒ}ƒ“ƒX‚É’¼Œ‹v,https://news.yahoo.co.jp/articles/cb75ed179b7591552db30f28938c83dd430a8a0c,6/7(…) 7:01
getsuriku,y—¤ãz“ú–{‚ª’jq4~100mR§‚·I —q3000m…–{‰ÀØ‚à‹à 400mH®–ì—Å^‚Í©ŒÈV^U20ƒAƒWƒA‘IèŒ ,https://news.yahoo.co.jp/articles/4026cff64bb118da07b412d4fd67c9bfa6a0386a,6/7(…) 7:00
getsuriku,Ÿº£^õ”ü‚ªƒuƒ_ƒyƒXƒg¢ŠE—¤ã35km‘ã•\‚ÉŒˆ’èI6“x–Ú‚Ì¢ŠE‘IèŒ ‚Ö,https://news.yahoo.co.jp/articles/9b7cdfb01a481c22d5dd42f3f70130ff8b12b78e,6/6(‰Î) 18:38
getsuriku,y—¤ãz2”N¶E—‡W‚ª800m1•ª50•b11‚ÌŒ§‚ZVIR–{–ƒ“l‚Í100m10•b52^IH ‰êŒ§‘å‰ï,https://news.yahoo.co.jp/articles/56fe4e6200aeb90ddfe39359842bfc9821df8089,6/6(‰Î) 16:59
getsuriku,y—¤ãz“ú–{¨‚ª5í–Ú‚Å‹àI•–ØŠCãÄ‚ª100m10•b37 800m—§”—‘å“¿‚Í©ŒÈV^U20ƒAƒWƒA‘IèŒ ,https://news.yahoo.co.jp/articles/5c3a2349eed0127bf75991bb292a4fb661623a60,6/6(‰Î) 7:00
getsuriku,y—¤ãzO’i’µE‹{”ö^m‚ª16m38‚ÌU20“ú–{VI “y’dê‚Ì‹t“]ƒWƒƒƒ“ƒv‚Å‹àƒƒ_ƒ‹‚ğŠl“¾I^U20ƒAƒWƒA‘IèŒ ,https://news.yahoo.co.jp/articles/3036d641760eb22918a2e400806076391c5bbb89,6/5(Œ) 20:01
getsuriku,y‚Z—¤ãzíîŒû‘å˜ai²‹v’·¹‚2j‚ª1500m‚Å3•ª45•b77@‚2—ğ‘ã4ˆÊ‚ÌD‹L˜^,https://news.yahoo.co.jp/articles/85a22fce672fe71e6340b3de46c8e9952ab59c3f,6/5(Œ) 18:25
getsuriku,y‚Z—¤ãz’jq3000m‚Ì‰iŒ´éD–i²‹v’·¹‚3j‚ª‚Z—ğ‘ã5ˆÊ‚Ì8•ª02•b52,https://news.yahoo.co.jp/articles/06918713dd7ab3a01d56fd0c547dcfc021345353,6/5(Œ) 17:55
getsuriku,y—¤ãzˆ®‰»¬ƒwƒbƒhƒR[ƒ`‚ÉO–ØO‚ªA”C 99”N“Œ‹‘Ûƒ}ƒ‰ƒ\ƒ“‚Å“ú–{lƒgƒbƒv,https://news.yahoo.co.jp/articles/48aa6770ed62535d53a25dbcab24a1126812f9ee,6/5(Œ) 17:02
getsuriku,y‚•½Tm‚Ì‹“_zŒ©‰‚¦‚ ‚Á‚½’jq100mŒˆŸu¡‚Å‚«‚éŠ®àø‚ÈƒŒ[ƒXvŒ©‚¹‚½âˆä—²ˆê˜Y ƒuƒ_ƒyƒXƒg‘ã•\‘ˆ‚¢‚ÍãˆÊ3l{ƒTƒjƒuƒ‰ƒEƒ“,https://news.yahoo.co.jp/articles/f5b083b5a40156ddfcedb8bae67a5462f6264299,6/5(Œ) 15:58
getsuriku,y—¤ãzƒZƒCƒR[‚ªƒuƒ_ƒyƒXƒg¢ŠE—¤ã‚Ì“ú–{‘ã•\ƒIƒtƒBƒVƒƒƒ‹ƒXƒ|ƒ“ƒT[‚ÉI‘ã•\ƒ†ƒjƒtƒH[ƒ€‚ÉƒƒSŒfo,https://news.yahoo.co.jp/articles/9e38110d2a5a3cecfbf9775e4a6c5b752635006c,6/5(Œ) 15:01
getsuriku,ƒuƒ_ƒyƒXƒg¢ŠE—¤ã‘ã•\ ò’Jx‰îu©•ª‚Ì—Í‚ğo‚µØ‚è‚½‚¢v‚Rs–ìA’r“cŒüŠóA‰Á¢“c—œ‰Ô‚ªˆÓ‹C‚İŒê‚é,https://news.yahoo.co.jp/articles/327f5275b78ec09cec7f342a91092c494144220c,6/5(Œ) 14:28
getsuriku,y—¤ãz–_‚’µ‰¤ÒEƒfƒ…ƒvƒ‰ƒ“ƒeƒBƒX‚ª6m11‚Ì¡‹GÅ‚I —q400mH¢ŠE—¤ã‹â‚Ìƒ{ƒ‹‚ª400m50•b11‚Ì‘å‰ïVV^WAƒRƒ“ƒ`ƒlƒ“ƒ^ƒ‹ƒcƒA[,https://news.yahoo.co.jp/articles/b26dfb8720d127b270137397d2aba89a165237aa,6/5(Œ) 13:40
getsuriku,y—¤ãzƒ‰ƒCƒ‹ƒY‚ª200m‚Å¡‹G¢ŠEÅ‚19•b67I —q100mƒWƒƒƒNƒ\ƒ“‚Í10•b78‚ÅV^WAƒRƒ“ƒ`ƒlƒ“ƒ^ƒ‹ƒcƒA[,https://news.yahoo.co.jp/articles/dcca083236e1fb670d938128b44c97cfe5039f1b,6/5(Œ) 13:03
getsuriku,y—¤ãz100mH“ú–{‘IèŒ V‚Ì›“c–¾“ú‚ªŠ‘®æ–K–âu”w’†‚ğ‰Ÿ‚µ‚Ä‚­‚¾‚³‚Á‚½v,https://news.yahoo.co.jp/articles/239c7e4d2b446bdd6e41290eaf15f16613bbc61d,6/5(Œ) 12:51
getsuriku,y—¤ãz’jq100mŒ³¢ŠE‹L˜^•ÛÒƒWƒ€EƒnƒCƒ“ƒY€‹ l—Ş‰‚Ì100m9•b‘ä“’B,https://news.yahoo.co.jp/articles/7c987fa7710da528fcdde8a16a101eb434c82a12,6/5(Œ) 12:32
getsuriku,y—¤ãzˆ®‰»¬E’·“ˆK•ó‚ª3000m‚Å‹àƒƒ_ƒ‹I —q5000m‚Í•ÄàV“ŞXA¼–{–¾ä»‚ªƒƒ“ƒc[^U20ƒAƒWƒA‘IèŒ ,https://news.yahoo.co.jp/articles/29381a89369cc935463174715e176eff0865ffc0,6/5(Œ) 7:11
getsuriku,y—¤ãz110mHEò’Jx‰îAO’i’µEX–{–ƒ—¢q‚ª“ú–{V‚ÅMVP ¢ŠE—¤ãV‹K“à’è‚ÍO‰Y—´i‚ç3lA‘å‰ïV6‚Â’a¶^“ú–{‘IèŒ ,https://news.yahoo.co.jp/articles/0f3f57b74b707c20cc4aee838bc18b9659b92594,6/5(Œ) 7:01
getsuriku,y—¤ãz“c’†ŠóÀ5000m‚àŠÑ˜\Ÿ‚¿‚Å1500m‚Æ2Š¥ ƒ‰ƒXƒg1ü60•b‚Ìˆ³ŠªƒXƒp[ƒg‚Å¢ŠE‚Öè‰‚¦^“ú–{‘IèŒ ,https://news.yahoo.co.jp/articles/3a135af57c63f53d2017b2f00b6ced201cfd174a,6/5(Œ) 7:01
getsuriku,y—¤ãzâˆä—²ˆê˜Y ’É‚İæ‚è‰z‚¦‚Â‚©‚ñ‚¾“ú–{ˆêu‚¤‚Ü‚­Šš‚İ‡‚¦‚Îƒ^ƒCƒ€‚à‘_‚¦‚év^“ú–{‘IèŒ ,https://news.yahoo.co.jp/articles/5cb99f275f2eded9b91b6010172038eadfb8325f,6/5(Œ) 7:00
getsuriku,y—¤ãz—q200m‚Í‚2E™–{SŒ‹‚ª23•b96I Ğ‰ïlEŠw¶‚ğ—}‚¦‚é‘å‹à¯^U20“ú–{‘IèŒ ,https://news.yahoo.co.jp/articles/b8590f0d374c9aea60116ac80961d3a19cab8173,6/5(Œ) 7:00
getsuriku,y—¤ãzu6m60‚ğƒRƒ“ƒXƒ^ƒ“ƒg‚É’µ‚Ô—Í‚ª‚Â‚¢‚½v[À‚Ì`Ÿ”ü—é‚ª—q‘–•’µ‚Å3˜A”e’B¬^“ú–{‘IèŒ ,https://news.yahoo.co.jp/articles/4801a732d0a0b09d00709043543c86a5969c5e7e,6/4(“ú) 22:59
getsuriku,y—¤ãz–CŠÛ“ŠE‰œ‘ºmu‚ª18m42I“ú–{—ğ‘ã7ˆÊƒ^ƒC‚Å‰—DŸ w‚É‚©‚©‚ç‚¸u‚à‚Á‚Æ‚¢‚¯‚½v^“ú–{‘IèŒ ,https://news.yahoo.co.jp/articles/495825ab93b24d4b68d6eeb838c3f52ae45792e3,6/4(“ú) 22:56
getsuriku,y—¤ãz‘–‚’µEÔ¼—Èˆê‚ª2m29I©ŒÈVV‚Å¢ŠE—¤ã‚É‘å‚«‚­‘Oiu“üÜ–Úw‚µ‚½‚¢v^“ú–{‘IèŒ ,https://news.yahoo.co.jp/articles/68b5f0b9b832696994f730cc5d30e4de2202ab23,6/4(“ú) 22:41
getsuriku,y—¤ãz‘–‚’µ¢ŠE—¤ã“üÜ‚Ì^–ì—F” 2m25‚Å3ˆÊ‚ğŠm•Ûu‚¢‚¢è‰‚¦‚ğ‚Â‚©‚Ş‚±‚Æ‚ª‚Å‚«‚½v^“ú–{‘IèŒ ,https://news.yahoo.co.jp/articles/50282825c4eacb6f0ce596326a8abfa02a80b45e,6/4(“ú) 22:27
getsuriku,y—¤ãz5000m“ú–{‹L˜^•ÛÒEœA’†——œ‰À‚Í21ˆÊuƒXƒ^[ƒg‚É—§‚Ä‚½‚Ì‚ªˆê”Ôv^“ú–{‘IèŒ ,https://news.yahoo.co.jp/articles/53b6192a9f80d19513a0dfd4c124e231b82e037b,6/4(“ú) 21:49
getsuriku,y—¤ãzŒN“ˆˆ¤—œ¹ 200m“ú–{—ğ‘ã3ˆÊƒ^ƒC‚Ì23•b17!! 100m‚É‘±‚¢‚Ä2Š¥^“ú–{‘IèŒ ,https://news.yahoo.co.jp/articles/9f2796ba5da798b770c4338802a9ec6f4d2ffc17,6/4(“ú) 21:36
getsuriku,y—¤ãz’jq800m‚ÍìŒ³§‚ªV 30”N‚Ô‚è‘å‰ïV‚Éu‚Ü‚¾‘–‚ê‚éAŸ‚Ä‚é‚Æ‚¢‚¤‹C‚¿‚ª‹­‚¢v^“ú–{‘IèŒ ,https://news.yahoo.co.jp/articles/660a84ec72042ae93c6c71fc9216d483940e0168,6/4(“ú) 21:30
getsuriku,y—¤ãz400m’†“‡—C‹CƒWƒ‡ƒZƒt‚ª“ú–{—ğ‘ã5ˆÊ‚Ì45•b15I‰—DŸ‚à44•b‘äo‚¸u‰÷‚µ‚¢v^“ú–{‘IèŒ ,https://news.yahoo.co.jp/articles/3dcef8596bb6b703baa488093ad6f3d87e7f8fd9,6/4(“ú) 21:22
getsuriku,y—¤ãz100m2ˆÊ‚ÌíÉ“c‘å‹PuŸ‚¿‚½‚©‚Á‚½B‰÷‚µ‚¢v‚Æ—Ü ©ŒÈƒ^ƒC‚Ì10•b13‚àuŸ‚¿‚«‚ê‚È‚¢‚Æƒ_ƒv^“ú–{‘IèŒ ,https://news.yahoo.co.jp/articles/f4efbdb5b400d1b897d7d1a3e8153cde5e68ab79,6/4(“ú) 21:14
getsuriku,y—¤ãzƒTƒjƒuƒ‰ƒEƒ“‹r‚ÌƒPƒCƒŒƒ“‚Å100mÅ‰ºˆÊuƒvƒ‚Æ‚µ‚Ä‚ÌS\‚¦v‚ÅŠ®‘–^“ú–{‘IèŒ ,https://news.yahoo.co.jp/articles/a1bf6ec2cb2f96aec6d64fb3393f29b055e7874b,6/4(“ú) 21:01
getsuriku,y—¤ãz“c’†ŠóÀ ˆ³Šª‚Ì2”N˜A‘±2í–Ú§”e@¢ŠE—¤ã‚ÉŒü‚¯uŒˆŸ‚É‚Íc‚ê‚éƒCƒ[ƒW‚ª‚Å‚«‚½v^“ú–{‘IèŒ ,https://news.yahoo.co.jp/articles/09cdd7af15b25cef89c22207d06c5a45ce33a8de,6/4(“ú) 20:51
getsuriku,y—¤ãzâˆä—²ˆê˜Y ’nŒ³‚Å—Ü‚Ì100m‰Vu‚±‚İã‚°‚é‚à‚Ì‚ª‚ ‚è‚Ü‚µ‚½vƒAƒLƒŒƒXäF’Éæ‚è‰z‚¦Š´‹É‚Ü‚é^“ú–{‘IèŒ ,https://news.yahoo.co.jp/articles/64d6a6519ede775691fe2ed82bfe77e435b80f67,6/4(“ú) 20:24
getsuriku,y—¤ãzu3‘ä–Ú‚ÅŸ‚Á‚½‚Æv‚Á‚½vR–{ˆŸ”ü‚ª“ú–{—ğ‘ã5ˆÊ‚Ì56•b06‚Å3˜A”eI^“ú–{‘IèŒ ,https://news.yahoo.co.jp/articles/5df32554995412ce5de0c73a93d541674e02a37d,6/4(“ú) 20:12
getsuriku,y—¤ãz110mH‚Rs–ì‚ª¢ŠE—¤ã“à’èuƒzƒb‚Æ‚µ‚Ä‚¢‚Ü‚·vu‰¶•Ô‚µ‚ª‚Å‚«‚év^“ú–{‘IèŒ ,https://news.yahoo.co.jp/articles/cfc64c91ea16a07b0fb5ea71f6d99919181c56ff,6/4(“ú) 19:44
getsuriku,110mHò’Jx‰î 2”N‚Ô‚è“ú–{V‚Ì13•b04Iu©M‚É‚È‚è‚Ü‚·v¡‹G¢ŠE2ˆÊ‚Å“°X¢ŠE—¤ã“à’è^“ú–{‘IèŒ ,https://news.yahoo.co.jp/articles/0a20ddbb395c4651bdcd6573038f9596b5282735,6/4(“ú) 19:38
getsuriku,y—¤ãz110mHò’Jx‰î ¡‹G¢ŠE2ˆÊ‚Ì13•b04I 2”N‚Ô‚è“ú–{V‚Å¢ŠE—¤ã“à’èI^“ú–{‘IèŒ ,https://news.yahoo.co.jp/articles/5192224fb7009402044fc1381b9f4bbe68abcb03,6/4(“ú) 19:10
getsuriku,y—¤ãzâˆä—²ˆê˜Y‚ª—Ü‚Ì‰—DŸI 10•b11‚Å’jq100m§‚·I^“ú–{‘IèŒ ,https://news.yahoo.co.jp/articles/ad11f5a6eda88c6658065b5521790a1969d9467f,6/4(“ú) 18:59
getsuriku,y—¤ãz’jq100mŒˆŸ ƒTƒjƒuƒ‰ƒEƒ“‚Í8ƒŒ[ƒ“I ‰V‘_‚¤âˆä—²ˆê˜Y4ƒŒ[ƒ“AíÉ“c‘å‹P‚Í7ƒŒ[ƒ“ ƒXƒ^[ƒg‚Í1835•ªI^“ú–{‘IèŒ ,https://news.yahoo.co.jp/articles/89668f2f3c3a52297b62ef031edc93439a245dbf,6/4(“ú) 16:43
getsuriku,y—¤ãzŒSØX‰À –CŠÛ“Š‚Å3”N˜A‘±6“x–ÚVu‰~”Õ“Š‚Ì‰÷‚µ‚³‚ğ‚Ô‚Â‚¯‚½v’nŒ³E‘åã‚ÅÅŒã‚ÍÎŠç^“ú–{‘IèŒ ,https://news.yahoo.co.jp/articles/016848d5ce358da280442d48e54ffdb8d696892e,6/4(“ú) 16:43
getsuriku,y—¤ãzƒ‰ƒCƒgƒtƒbƒg‚ª’jq–_‚’µ—ğ‘ã3ˆÊ‚Ì6m07I —q100mEƒWƒƒƒNƒ\ƒ“‚Í10•b89‚Ì‘S•Ä‚ZVI^WAƒRƒ“ƒ`ƒlƒ“ƒ^ƒ‹ƒcƒA[,https://news.yahoo.co.jp/articles/6a79aeeb399ee81557dd21b8bb976a64409fb7b8,6/4(“ú) 14:47
getsuriku,y—¤ãzˆêR–ƒ‚ª’†”Õ”²‚¯o‚µŠÑ˜\‚Ì—DŸI’jq‚ÍƒWƒ‡ƒZƒtEƒJƒ‰ƒ“ƒWƒƒ‚ªV ŒÃ‰ê~‡4ˆÊ^å‘ä‘Ûƒn[ƒt,https://news.yahoo.co.jp/articles/8103dacac4108b888b59ec3e57cd37032c1fa340,6/4(“ú) 13:59
getsuriku,y—¤ãz100mH•Ÿ•”^qu‰·‚©‚­‚Ä—D‚µ‚¢Œ¾—t‚½‚­‚³‚ñ‚©‚¯‚Ä‚à‚ç‚Á‚½vƒ‰ƒCƒoƒ‹‚â‰^‰c‚É‚àŠ´Ó’Ô‚é,https://news.yahoo.co.jp/articles/ad1b6e1d75b4e55fe93b53d15c30fe0bbe3c8a82,6/4(“ú) 13:47
getsuriku,y—¤ãz—q10000mEƒnƒbƒTƒ“‚ªƒpƒtƒH[ƒ}ƒ“ƒX—ğ‘ã7ˆÊ‚Ì29•ª37•b80‚Å‰õŸI 19Î‚ÌƒiƒEƒHƒEƒi‚Í¢ŠE—ğ‘ã8ˆÊ^WAƒRƒ“ƒ`ƒlƒ“ƒ^ƒ‹ƒcƒA[,https://news.yahoo.co.jp/articles/64f53347371387f402d1b330ef0fe9962c6374d1,6/4(“ú) 13:30
getsuriku,‘S“ú–{‘åŠw‰w“`ŠÖ“Œ‘Il‰ï‚ÌoêZ”­•\I“ŒŠC‘åEÎŒ´ãÄ‘¾˜YA’†‰›Šw‘åE‹g“c—çu‚çƒGƒ“ƒgƒŠ[ Å‰YH‘å‚ª‰Qí,https://news.yahoo.co.jp/articles/0021e6078d8c8191651d55469273d065f481d348,6/4(“ú) 13:02
getsuriku,y—¤ãzƒpƒŠŒÜ—Ö‘ã•\‚Ì•Ò¬•ûj”­•\ Å‘¬‚Í8Œƒuƒ_ƒyƒXƒg¢ŠE—¤ãƒƒ_ƒ‹{ŒÜ—Ö•W€“Ë”j‚Å‘¦“à’è “üÜÒ‚Í24”N•W€“Ë”j‚Å“à’è ƒŠƒŒ[‚ÍuŒó•â‹£‹ZÒv‚ğİ‚¯‚Ä‹­‰»,https://news.yahoo.co.jp/articles/0007d755eb277e6a30eab34f853cea6a9b9ce3a3,6/4(“ú) 12:36
getsuriku,y—¤ãz‘ºR—T‘¾˜Y‚ª“ú–{¨ƒgƒbƒv‚Ì13ˆÊ ¢ŠE—¤ã‘ã•\E‰€“c¢—æ“Ş‚Í18ˆÊ^WA‹£•àƒcƒA[,https://news.yahoo.co.jp/articles/b003deaf651ae28780bd037b94fdb83a04f5f9ab,6/4(“ú) 12:29
getsuriku,y—¤ãz—ğj‚Éc‚é–¼Ÿ•‰I100mH‚Í›“c–¾“ú‚ª§‚· O’i’µEX–{–ƒ—¢q‚ª24”N‚Ô‚è“ú–{VI‘–•’µ‚ÍéR³‘¾˜Y‚ª‰V ^“ú–{‘IèŒ ,https://news.yahoo.co.jp/articles/91197c91abdc7d2f475c2a0153b3d66d3610c632,6/4(“ú) 7:00
getsuriku,y—¤ãz—q100mH‚Í•ĞRSØ‚ª‘S‘‰V ˆ«ğŒ‚Å‚Ì13•b5‘ä˜A”­‚Éu©M‚É‚È‚év^U20“ú–{‘IèŒ ,https://news.yahoo.co.jp/articles/3a846b3bccde7df60ef4a1f0d237e782750b1a6b,6/4(“ú) 7:00
getsuriku,y—¤ãz“ú–{‘IèŒ ÅI“ú ¡”N‚Ì“ú–{Å‘¬‚Í!?110mH12•b‘ä“Ë“ü‚© ò’Jx‰î‚Æ‚Rs–ì‚ª3ˆÊˆÈ“à‚Å¢ŠE—¤ã“à’è,https://news.yahoo.co.jp/articles/6d2d9953db4c9dc45829df3768a18f2910168c2d,6/4(“ú) 7:00
getsuriku,y—¤ãz400mH“Œ—m‘å‚Ì¬ì‘å‹P‚ªêŒM‚Ì‰Vu‚Ü‚³‚©—DŸ‚Å‚«‚é‚Æ‚Ív^“ú–{‘IèŒ ,https://news.yahoo.co.jp/articles/699ec732e82906d49e5b7c6bd24feda77096b541,6/3(“y) 20:54
getsuriku,y—¤ãzƒnƒ“ƒ}[“ŠE•Ÿ“cãÄ‘å‚ª’nŒ³E‘åã‚Å2”N‚Ô‚èVu‚ß‚Á‚¿‚á‚¤‚ê‚µ‚¢‚Å‚·v“ú–{—ğ‘ã7ˆÊ‚Ì71m79^“ú–{‘IèŒ ,https://news.yahoo.co.jp/articles/10b6015837c607e086e3806aa8f04160b7b918df,6/3(“y) 20:24
getsuriku,y—¤ãz‹´‰ª—D‹P 8m06‚à3˜A”e‚È‚ç‚¸ •Ä‘‚ÅƒXƒvƒŠƒ“ƒg’…èuâ^A–Àqv‚à‘åƒWƒƒƒ“ƒv‚Öè‰‚¦^“ú–{‘IèŒ ,https://news.yahoo.co.jp/articles/4fe05afb2ef0e85a3eae48280b514480c0d30137,6/3(“y) 20:10
getsuriku,y—¤ãz‘–•’µEéR³‘¾˜Y‚ª‰—DŸ “ú–{‹L˜^•ÛÒ‚ª‚Â‚¢‚É“ú–{ˆêu‚¢‚Â‚©æ‚è‚½‚¢‚Æv‚Á‚Ä‚¢‚½v^“ú–{‘IèŒ ,https://news.yahoo.co.jp/articles/6a00cf6821abf024de52c350c0a2b28619d1212b,6/3(“y) 20:06
getsuriku,y—¤ãz400mH—DŸŒó•â‚Ì™‹Ê—Iì‚Í3ˆÊ ƒtƒBƒjƒbƒVƒ…‘O‚Å‹t“]‹–‚µu‰÷‚µ‚³‚ª‚ ‚è‚Ü‚·v^“ú–{‘IèŒ ,https://news.yahoo.co.jp/articles/04f0b76bcee966d1736e5488c457996ff9535f4b,6/3(“y) 20:00
getsuriku,y—¤ãzƒTƒjƒuƒ‰ƒEƒ“1”N‚Ô‚è‘“àƒŒ[ƒX —\‘I10•b13uhŒƒ“ü‚êAˆ«‚­‚È‚¢v^“ú–{‘IèŒ ,https://news.yahoo.co.jp/articles/0865656403f54a6042464b43b768a17a32dbe7c6,6/3(“y) 19:50
getsuriku,y—¤ãz100mH12•b‘ä4l‚Ì‘ˆ‚¢‚Í›“c–¾“ú‚ªŠÑ˜\I2”N‚Ô‚è5“x–Ú‚ÌVuˆê”Ô‚É‚È‚é‚Ì‚Í‘å‚«‚¢v^“ú–{‘IèŒ ,https://news.yahoo.co.jp/articles/1b3b36be4237e917bbdedb46e67db0bad96d8cb8,6/3(“y) 19:45
getsuriku,y—¤ãzíÉ“c‘å‹P‚Í10•b19‚Å€ŒˆŸ‚Öu10•b00‚ğØ‚Á‚ÄA¢ŠE‘IèŒ “à’è‚ªˆê”Ôv^“ú–{‘IèŒ ,https://news.yahoo.co.jp/articles/fb390823ec64e44c0c328c0729d7bac6d0c8af25,6/3(“y) 19:33
getsuriku,y—¤ãzÂ–Ø‰v–¢ “¯ƒ^ƒCƒ€‚Å2ˆÊI12•b‘ä‚ÌŒƒ“¬u‹Í·‚¾‚Á‚½‚Ì‚ÅŸ‚¿‚½‚©‚Á‚½v^“ú–{‘IèŒ ,https://news.yahoo.co.jp/articles/2c3d188011dcfbaedec6d69e6c5d73bde7db0b5b,6/3(“y) 19:28
getsuriku,y—¤ãz100mH•Ÿ•”^q 4ˆÊ‚Åƒuƒ_ƒyƒXƒg¢ŠE‘IèŒ ‘ã•\“à’è‚È‚ç‚¸u—Í•s‘«‚Å‚µ‚½v^“ú–{‘IèŒ ,https://news.yahoo.co.jp/articles/1b4ab178a956c045e314c640999ea055b2e43d00,6/3(“y) 19:23
getsuriku,y—¤ãz’jq‘–•’µ‚Å¢ŠE—¤ã•W€“Ë”j‚Ì‹g“cO“¹‚Í10ˆÊ uŸè‚É©•ª‚Å©•ª‚ğ’Ç‚¢‚ñ‚Å‚µ‚Ü‚Á‚½v^“ú–{‘IèŒ ,https://news.yahoo.co.jp/articles/9e0192bcb8924be76a43ab1e74bac62dfe2149eb,6/3(“y) 19:08
getsuriku,y—¤ãz’jq110mHE‚Rs–ì‚à1’…‚ÅŒˆŸ‚Öuò’JŒN‚Éˆø‚Á’£‚Á‚Ä‚à‚ç‚Á‚ÄA©•ª‚à—Ç‚¢ƒ^ƒCƒ€‚ğ–Úw‚µ‚½‚¢‚Å‚·v^“ú–{‘IèŒ ,https://news.yahoo.co.jp/articles/2434d765f69ef397aaebb61eb5f62b163f5523a3,6/3(“y) 18:57
getsuriku,y—¤ãz—q100mHE“c’†—C”ü‚Í2”N˜A‘±3ˆÊ‚Å¢ŠE—¤ã‚É–]‚İ u¡‰ñ‚Í‘_‚Á‚Äæ‚Á‚½3ˆÊv^“ú–{‘IèŒ ,https://news.yahoo.co.jp/articles/78998ecb2bde1380bbbd6b4384bea3adb15b9702,6/3(“y) 18:23
getsuriku,y—¤ãz110mHò’Jx‰î‚Í13•b32‚Å—\‘I—IXƒgƒbƒvuƒŠƒYƒ€ƒAƒbƒvˆÓ¯‚µ‚½v^“ú–{‘IèŒ ,https://news.yahoo.co.jp/articles/1d2ef1f5b319be97384c0903457db43f07ad84c1,6/3(“y) 17:27
getsuriku,y—¤ãzƒ}ƒbƒJ[ƒT[EƒWƒ‡ƒC‚ªgŠMù‡h‚Å—qƒnƒ“ƒ}[“Š§”e u“ú–{‘ã•\‚É‚È‚Á‚Ä“ú–{‘Iè‚Ì‚·‚²‚³‚ğŒ©‚¹‚½‚¢v^“ú–{‘IèŒ ,https://news.yahoo.co.jp/articles/dac026621c8d2c7248b56f5908b8c9d673393c2b,6/3(“y) 16:55
getsuriku,y—¤ãzƒnƒ“ƒ}[“ŠE‘åŠw2”N‚Ì‘ºã—ˆ‰Ô ‰ß‹Å‚2ˆÊ‚àu‰÷‚µ‚¢‹C‚¿‘å‚«‚¢v^“ú–{‘IèŒ ,https://news.yahoo.co.jp/articles/3f31b125224539462be7412230600f46571feac8,6/3(“y) 16:35
getsuriku,y—¤ãz—qO’i’µ2ˆÊEîà“‡^Dq 13m82‚Ì“ú–{—ğ‘ã3ˆÊ‚à‰÷‚µ—Üu14m‚ğ’µ‚Ñ‚½‚©‚Á‚½v^“ú–{‘IèŒ ,https://news.yahoo.co.jp/articles/894bd76d2a7f48d4a571644f87615f7fb89e9f04,6/3(“y) 16:23
getsuriku,y—¤ãzO’i’µEX–{–ƒ—¢q ’nŒ³‘åã‚ÅŠ´Ó‚Ì“ú–{VIÎŠç‚Æ—ÜuƒAƒxƒŒ[ƒWã‚°‚Ä‚¢‚«‚½‚¢v^“ú–{‘IèŒ ,https://news.yahoo.co.jp/articles/a6a41570630612c89ca94e22fb46612e02e9c223,6/3(“y) 15:38
getsuriku,y—¤ãz—qO’i’µEX–{–ƒ—¢q‚ª24”N‚Ô‚è“ú–{VI 14m16‚Å5˜A”eü‚èuŠ´Ó‚Ì‹C‚¿‚Å‚¢‚Á‚Ï‚¢v^“ú–{‘IèŒ ,https://news.yahoo.co.jp/articles/75f8d42e7fa30df32df9f00c39256e5d9771b0a3,6/3(“y) 14:26
getsuriku,y—¤ãz’jq100mƒJ[ƒŠ[‚ªDL˜AŸI —q400mHEƒ{ƒ‹‚Í52•b43‚Ì¡‹G¢ŠEÅ‚‚Å‰õŸ^DLƒtƒBƒŒƒ“ƒcƒF,https://news.yahoo.co.jp/articles/59596afaf40f60ba3ec588694ad584c0823c7e07,6/3(“y) 13:54
getsuriku,y—¤ãz–_‚’µE”“cÀç‚ª4m20‚Å2”N‚Ô‚èV –…‚Æ“üÜuv‚¢o‚É‚È‚è‚Ü‚·v2ˆÊE–öì”ü‹ó‚ª4m10‚Å‚Z¶ƒƒ_ƒ‹^“ú–{‘IèŒ ,https://news.yahoo.co.jp/articles/1a59284a035f26f72713842b667fc98c57dc3761,6/3(“y) 13:42
getsuriku,y‚•½Tm‚Ì‹“_z“Ë‚«”²‚¯‚½‹­‚³‚ğŒ©‚¹‚½’jq200m‚Ì‰LàV”ò‰H ¡Œã‚Íu‹­‚³‚ÌŒp‘±v‚Ì’Ç‹‚ğ,https://news.yahoo.co.jp/articles/e4a5003dc2a7f4dcd631592a45bfcf9dc8ece5d7,6/3(“y) 12:37
getsuriku,y—¤ãz—q1500mjã‰‚Ì3•ª50•bØ‚èI ŒÜ—Ö2˜A”eE—‰¤ƒLƒsƒGƒSƒ“‚ª3•ª49•b11I^DLƒtƒBƒŒƒ“ƒcƒF,https://news.yahoo.co.jp/articles/026091376b2fad4a8af4cb996befa9d791827fc4,6/3(“y) 12:19
getsuriku,y—¤ãz“ú–{‘IèŒ DAY3 ‚¢‚æ‚¢‚æ’jq100mIƒTƒjƒuƒ‰ƒEƒ““oê ‹ó‘O‚ÌƒnƒCƒŒƒxƒ‹100mHŒˆŸA’jq‘–•’µE‹´‰ª—D‹P‚Ì•œ’²‚Í!?,https://news.yahoo.co.jp/articles/d8f6b1997c5f03fd98d51bddf3226f5c03782de3,6/3(“y) 7:02
getsuriku,y—¤ãz“c’†ŠóÀ1500mjã2l–Ú‚Ì4˜A”e ÅI“ú‚É5000m‚Æ‚Ì2Š¥‘_‚¢uƒXƒs[ƒhŒ©‚¹‚½‚¢v^“ú–{‘IèŒ ,https://news.yahoo.co.jp/articles/3b4ef07913f426638b8264e04dfec3992d6173f1,6/3(“y) 7:01
getsuriku,y—¤ãz’jqƒXƒvƒŠƒ“ƒgŠE‚ÉV¯I 16ÎEáØŒh‚ª’jq200m‚Å‰hŒõuæ‚è‘g‚ñ‚Å‚«‚½‚±‚Æ‚ªŠÔˆá‚¢‚Å‚È‚©‚Á‚½v^U20“ú–{‘IèŒ ,https://news.yahoo.co.jp/articles/7fb9de735160fbd6325ef8e7205e7138d8cc69e7,6/3(“y) 7:00
getsuriku,y—¤ãz‚â‚è“ŠE–kŒûY‰Ô2ˆÊ‚Å—Üu•‰‚¯‚Ä‚Í‚¢‚¯‚È‚¢‚Æ‚â‚Á‚Ä‚«‚½v‚‚İ–Úw‚·‚©‚ç‚±‚»‚Ìƒ`ƒƒƒŒƒ“ƒW^“ú–{‘IèŒ ,https://news.yahoo.co.jp/articles/58d43835b19b840045ebf2f7e788bf0a4457b2f8,6/2(‹à) 22:42
getsuriku,y—¤ãzu¶‘¾‘Ú‚Ì“à“]‹Ø‚ªƒPƒCƒŒƒ“‚µ‚½v’jq200mE”Ñ’ËãÄ‘¾‚Í5ˆÊ^“ú–{‘IèŒ ,https://news.yahoo.co.jp/articles/8ebcdd9e592f2a06030a8a52f471373e7a6c30fd,6/2(‹à) 22:29
getsuriku,y—¤ãz—q100mH12•b89‚Ì“c’†—C”ü‚àƒtƒ@ƒCƒiƒ‹‚Ö u‘–‚èI‚í‚Á‚½Œã‚ÉŒã‰÷‚ª‚È‚¢‚æ‚¤‚Év^“ú–{‘IèŒ ,https://news.yahoo.co.jp/articles/a38630a461efcfdd337abcd033b928b951c0b714,6/2(‹à) 22:28
getsuriku,y—¤ãzŒN“ˆˆ¤—œ¹100m11•b59‚Å2˜A”eu60`70“v•sˆÀ‚Ì’†‚ÅŸ‚¿‚«‚èu–J‚ß‚½‚¢v^“ú–{‘IèŒ ,https://news.yahoo.co.jp/articles/3a54b6cc73deba56c5f18eea8f0620d246054802,6/2(‹à) 22:19
getsuriku,y—¤ãz200m‰LàV”ò‰H‚ªˆ³Šª‰V20•b32I‰‚Ì‘Û•‘‘ä‚ÖuŒoŒ±‚ğÏ‚İ‚½‚¢v^“ú–{‘IèŒ ,https://news.yahoo.co.jp/articles/3cf4ebd4e1726b6cafddd31134c0bda0af084611,6/2(‹à) 22:12
getsuriku,y—¤ãz’jq1500mE‰Í‘ºˆê‹P‚ª32”N‚Ô‚è‘å‰ïV‚ÅV@ƒnƒCƒy[ƒX‚©‚ç”²‚¯o‚µA2”N‚Ô‚è‘ÕŠ¥^“ú–{‘IèŒ ,https://news.yahoo.co.jp/articles/c4ac4849e60914ea43a0571348345e59f95dbfec,6/2(‹à) 22:11
getsuriku,y—¤ãzu¡Œã‚Í¢ŠE‚Ìƒ‰ƒCƒoƒ‹‚ğ‘Šè‚ÉŸ‚¿Ø‚éƒŒ[ƒX‚ğ‚µ‚½‚¢v—q1500m‚Å“c’†ŠóÀ‚ª4˜A”eI^“ú–{‘IèŒ ,https://news.yahoo.co.jp/articles/4a814a91a797040d8741388c1565c4c03bb0df6a,6/2(‹à) 22:04
getsuriku,y—¤ãz—q‚â‚è“Š‚ÍÄ“¡^—Ø‚ª61m14‚ÅV ƒ‰ƒCƒoƒ‹—}‚¦5”N‚Ô‚è‚Ì“ú–{ˆê‚Éu‘f’¼‚É‚¤‚ê‚µ‚¢v^“ú–{‘IèŒ ,https://news.yahoo.co.jp/articles/788cbe1ddc2c9b91f5091307e292542e72509108,6/2(‹à) 21:56
getsuriku,y—¤ãz3000máŠQEO‰Y—´i3˜A”e‚Å¢ŠE—¤ã“à’è ¡‘å‰ï‘æ1† DLƒpƒŠoê‚Öuè‰‚¦‚Â‚©‚İ‚½‚¢v^“ú–{‘IèŒ ,https://news.yahoo.co.jp/articles/aecf03fd5bf3611f2ce9491be949059ba282c1c4,6/2(‹à) 21:51
getsuriku,y—¤ãz100mHE›“c–¾“ú‚à—IX‚ÆŒˆŸio u©•ª‚ÌƒŒ[ƒX‚ğ‚·‚é‚¾‚¯v^“ú–{‘IèŒ ,https://news.yahoo.co.jp/articles/9dfb15d4e6d8b7c349ec6efc3cfc430b7636729b,6/2(‹à) 21:37
getsuriku,y—¤ãz100mHÂ–Ø‰v–¢ €ŒˆŸ‚Å1’…’Ê‰ß 3”N‚Ô‚èV‚Öu©•ª‚ÌƒŒ[ƒX‚ğ‚µ‚ÄŸ‚¿‚½‚¢v^“ú–{‘IèŒ ,https://news.yahoo.co.jp/articles/b253dd7050d4c0e6318cacf5fda9e8baaa3ace8d,6/2(‹à) 21:32
getsuriku,y—¤ãz100mH“ú–{‹L˜^•ÛÒE•Ÿ•”^q12•b‘ä˜A”­‚ÅŒˆŸ‚Öu‘S—Í‚ğo‚µ‚½‚¢v^“ú–{‘IèŒ ,https://news.yahoo.co.jp/articles/77cf42fd6031f181a6e13796336d7e52dc5ef24c,6/2(‹à) 20:15
getsuriku,y—¤ãz400m‹v•ÛR°Ø‚ª‰—DŸI53•b‘O”¼ˆÀ’è‚àu‚ ‚Æ‚Íˆê”­‚ğo‚·‚¾‚¯v^“ú–{‘IèŒ ,https://news.yahoo.co.jp/articles/8a18087afcab992cc734eab1242cb60bfe6522a5,6/2(‹à) 19:43
getsuriku,y—¤ãz400mH¡‹G–ôi‚Ì™‹Ê—Iì‚ª—\‘Iƒgƒbƒv’Ê‰ßI ŒˆŸ‚ÉŒü‚¯u‚µ‚Á‚©‚è‚â‚è‚½‚¢‚Å‚·v^“ú–{‘IèŒ ,https://news.yahoo.co.jp/articles/8a767a2ced4abe07b8a83f4c9e947d1a244d73fe,6/2(‹à) 18:48
getsuriku,y—¤ãz400mH“ú–{‘ã•\E•ì˜a÷‚ª—\‘I”s‘Ş 3˜A”e‚Æ¢ŠE—¤ã•W€‹L˜^‚Öu‹C‚¿‚ª‹­‚·‚¬‚½v^“ú–{‘IèŒ ,https://news.yahoo.co.jp/articles/7d757bec764ba429c84a6054a160e571e6ac0f97,6/2(‹à) 18:19
getsuriku,y—¤ãzŸº£^õ”üƒƒ“ƒhƒ“ŒÜ—Ö20km‹£•à“üÜ‚Ì•\²u¡‚É‚È‚Á‚Ä8ˆÊ‚ÆŒ¾‚í‚ê‚Ä‚àcvƒƒVƒA‘Iè‚ç‚Ìƒh[ƒsƒ“ƒO‚É‚æ‚Á‚ÄŒJ‚èã‚ª‚è,https://news.yahoo.co.jp/articles/1ded3b973ef7082e4e3496977fc186fdf2870a63,6/2(‹à) 17:54
getsuriku,y—¤ãz‚2‚ÌáØŒh‚ª‘åŠw¶‚ç—}‚¦’jq200mVI—\‘I‚Å‚2—ğ‘ã3ˆÊ‚Ì20•b78I^U20“ú–{‘IèŒ ,https://news.yahoo.co.jp/articles/976e736efc89bcd53b9b9abd88062ebe77d8f51f,6/2(‹à) 17:44
getsuriku,y—¤ãz‰~”Õ“ŠE’ç—Yi V10‚Ì‹àš“ƒIu–Ú‚Ì‘O‚Ì‡‚ÉŸ‚¿‚½‚¢v^“ú–{‘IèŒ ,https://news.yahoo.co.jp/articles/e6368daf9379f62cf35e419a219455c1aac6aa2d,6/2(‹à) 17:25
getsuriku,•Ÿ‰ª‘Ûƒ}ƒ‰ƒ\ƒ“—DŸ‚Ì“¡–{‘ñA‘‘åOB‚ÌR–{C•½AV”—uŠó‚ç‚ªƒNƒ‰ƒuƒ`[ƒ€‚ğİ—§@“Œ“ú–{À‹Æ’c‰w“`‚ÅƒNƒ‰ƒuÅ‘¬‚ğ–Úw‚·,https://news.yahoo.co.jp/articles/1046d1f30afb83aea4a6031d039cd239f7a42875,6/2(‹à) 15:42
getsuriku,yƒVƒ…[ƒYî•ñz‘¬‚­‚È‚é‚½‚ß‚ÌA‚·‚×‚ÄB‹L˜^‚ğXV‚µ‘±‚¯‚éƒAƒfƒBƒ_ƒX@ƒAƒfƒBƒ[ƒ‚©‚çAADIZERO BOSTON 12 ‚Æ ADIZERO JAPAN 8‚ª“oêI,https://news.yahoo.co.jp/articles/73d92cb0ce26f7c8591e9055e3465194bbae97c3,6/2(‹à) 13:33
getsuriku,y—¤ãz“ú–{‘IèŒ 2“ú–Ú ‘å‰J‚Ì‰e‹¿‚Å’†’f‚ÌU20‰~”Õ“Š‚ÆU20‚â‚è“Š‚ğ—‚“ú‚ÉA’jq‰~”Õ“Š15‚©‚ç‚É•ÏX —q‚â‚è“Š‚Í•ÏX‚È‚µ,https://news.yahoo.co.jp/articles/927f69d223c5eeb23e3b4c8a8a69dfb0965cecc3,6/2(‹à) 12:58
getsuriku,y’|àVŒ’‰î‚Ì‹“_z”sí‚ğ“¥‚Ü‚¦Agìí’Ê‚èh‚ÌƒŒ[ƒX‚ğì‚Á‚½‰–K˜a–ç‚Ì‹­‚³Œõ‚é ‘Iè‘wŒú‚­‚È‚ê‚Î¢ŠE‚Ö‚Ì”àŠJ‚­,https://news.yahoo.co.jp/articles/16d629fee0815a228628b1001d492b7ab93402c0,6/2(‹à) 12:44
getsuriku,y—¤ãz¢ŠE‘IèŒ ’jq100m‹â‚ÌƒuƒŒƒCƒV[‚ª¡‹G©ŒÈÅ‘¬‚Ì9•b93I43Îƒƒx[ƒ‹Eƒ~ƒVƒ‡ƒ“‚ª—q‰~”Õ“Š‚Å65m49^WAƒRƒ“ƒ`ƒlƒ“ƒ^ƒ‹ƒcƒA[,https://news.yahoo.co.jp/articles/1ecbe053acabee1b6473869a4c2bd6c336816a4f,6/2(‹à) 12:14
getsuriku,y—¤ãz—q‰~”Õ“ŠEŒK“‡–íX‚ª’nŒ³‚ÅƒrƒbƒOƒXƒ[I 46m58‚Ì‘å•©ŒÈV‚Éu‚³‚ç‚É‹L˜^‚àL‚Î‚¹‚év^U20“ú–{‘IèŒ ,https://news.yahoo.co.jp/articles/0ddf1258727934a890dd6db87e0f4b5d42ce5e94,6/2(‹à) 7:02
getsuriku,y—¤ãz‰–K˜a–çuƒCƒ[ƒW’Ê‚èv‚Ì‘–‚è‚Å5000m§‚· 3000máŠQˆê••ˆóAÄ‚Ñ¢ŠE‚Ö^“ú–{‘IèŒ ,https://news.yahoo.co.jp/articles/bda40b0adff86a865e60bddc8935ee82d185ad1a,6/2(‹à) 7:01
getsuriku,y—¤ãz‘å‰J—\•ñ‚Ì“ú–{‘IèŒ 2“ú–Ú —q‚â‚è“ŠE–kŒûY‰Ô‚ª“n‰¢‘Oƒ‰ƒXƒgƒ}ƒbƒ` 3000máŠQEO‰Y—´i‚Í3˜A”e‘_‚¤,https://news.yahoo.co.jp/articles/80c52d69f3ac501f7102b8c32b6b1aa417281327,6/2(‹à) 7:01
getsuriku,y—¤ãz100m10•b10‚Ì˜a“c—É‚ªƒ~ƒLƒnƒEƒX‚É‰Á“ü uƒpƒŠŒÜ—ÖA“Œ‹¢ŠE—¤ã‚Éoê‚µŠˆ–ô‚ğv,https://news.yahoo.co.jp/articles/bf8254056dcb405c960dda59cd228cc2ebf36544,6/1(–Ø) 22:33
getsuriku,y—¤ãzuƒpƒŠŒÜ—Ö‚É‚Â‚È‚ª‚éƒŒ[ƒX‚ª‚Å‚«‚½v ‹g‘º—æ”ü‚ª4”N‚Ô‚è‚É—q3000máŠQ§‚·I^“ú–{‘IèŒ ,https://news.yahoo.co.jp/articles/b3a71c0f81f5b8fa39563245c25b86cace0ae0b0,6/1(–Ø) 21:35
getsuriku,y—¤ãz5000m‚Å´…Š½‘¾‚ª2”N‚Ô‚è©ŒÈV‚Ì13•ª21•b18‚Å3ˆÊu‘_‚Á‚½Œ‹‰Ê‚ğo‚·‚±‚Æ‚ª‚Å‚«‚½v^“ú–{‘IèŒ ,https://news.yahoo.co.jp/articles/bfeffe206680194a386355278a230dbdba357299,6/1(–Ø) 21:31
getsuriku,y—¤ãz’jq200m—\”õ—\‘I‘g‚Ì‰F–ìŸãÄ‚ª‘S‘Ìƒgƒbƒv‚Ì20•b49 ‰LàV”ò‰H‚Í—¬‚µ‚Ä20•b52A”Ñ’ËãÄ‘¾‚Í20•b63^“ú–{‘IèŒ ,https://news.yahoo.co.jp/articles/f314a6274930af0fb7855a45971eaf8c9db758f9,6/1(–Ø) 21:20
getsuriku,y—¤ãzD’²‚Ì‰–K˜a–ç‚ª’jq5000m‰V u¡‰ñ‚ÌŒ‹‰Ê‚Å¢ŠE‘IèŒ ‚É‹ß‚Ã‚­v^“ú–{‘IèŒ ,https://news.yahoo.co.jp/articles/0668de22b18d6b99382c4c4af0fc251669595eb5,6/1(–Ø) 21:09
getsuriku,y—¤ãz5000m‰““¡“úŒü3˜A”e‚È‚ç‚¸‚àƒPƒK–¾‚¯‚Å2ˆÊu‘O”¼Œã‚ë‰ß‚¬‚Ä—Í‚ğg‚Á‚Ä‚µ‚Ü‚Á‚½v^“ú–{‘IèŒ ,https://news.yahoo.co.jp/articles/edcbef80ad84803154dc44e58192f9aa32d343b4,6/1(–Ø) 21:02
getsuriku,y—¤ãz‘å”—Œ†2016”NˆÈ—ˆ‚Ì5000moê‚à“r’†ŠüŒ  ‚±‚Ìí–Ú“ú–{‹L˜^•ÛÒ^“ú–{‘IèŒ ,https://news.yahoo.co.jp/articles/dabf00b9a08d51f893038fe6ca775431124586bc,6/1(–Ø) 20:52
getsuriku,y—¤ãz’jq‚â‚è“Š‚Å80m60‚ÌVˆä—Á•½‚ª2ˆÊ u‚Ü‚½‚±‚±‚Ü‚Å–ß‚Á‚Ä‚­‚é‚±‚Æ‚ª‚Å‚«‚½v^“ú–{‘IèŒ ,https://news.yahoo.co.jp/articles/88795b9b8a3234f7d0bb894f37a4011eb6843263,6/1(–Ø) 20:52
getsuriku,y—¤ãz‹g‰ª‘åãÄ5000m13•ª36•b85‚à14ˆÊ ¢ŠE‚Ö‚Ì’§íu‘S‘R’Ê—p‚µ‚È‚©‚Á‚½v‚³‚ç‚È‚é¬’·¾‚¤^“ú–{‘IèŒ ,https://news.yahoo.co.jp/articles/fde5780fafeee797c898b313e6ee1004e0cd2aa3,6/1(–Ø) 20:45
getsuriku,y—¤ãz5000m‹î‘åE²“¡Œ\‘¿‚Í4ˆÊu‰÷‚µ‚³‚ğ’m‚Á‚½‚Ù‚¤‚ª‹­‚­‚È‚ê‚év^“ú–{‘IèŒ ,https://news.yahoo.co.jp/articles/6c9693646ba73c6f2dd48579d47f086c3e02d2c3,6/1(–Ø) 20:38
getsuriku,y—¤ãz’jq‚â‚è“ŠEƒfƒB[ƒ“Œ³‹C‚ª82m65‚Å2˜A”eIu‹”N‚æ‚è‚à’…À‚É—Í‚ª‚Â‚¢‚Ä‚¢‚é‚Ì‚Í–¾‚ç‚©v^“ú–{‘IèŒ ,https://news.yahoo.co.jp/articles/09020e616ed773d53eb49c233fb974efe00dba29,6/1(–Ø) 19:59
getsuriku,y—¤ãzƒCƒ“ƒ^[ƒnƒC ‰êŒ§‘å‰ï‚Ì2“ú–ÚˆÈ~‚ªˆ«“VŒó—\•ñ‚Å6Œ3“ú`4“ú‚É‡‰„uˆÀ‘S‚Æ‹£‹ZŠÂ‹«‚ÌŠm•Û‚ğÅ—Dæv,https://news.yahoo.co.jp/articles/5ab993b9543ed0f9c06c1e043ab6fe898d8b892a,6/1(–Ø) 19:59
getsuriku,y—¤ãz—q‘–‚’µEîà‹´1m84‚Å‘å‰ï˜A”eIu‘_‚Á‚Ä‚¢‚½‚Ì‚Å‚¤‚ê‚µ‚¢v1m88‚Öè‰‚¦^“ú–{‘IèŒ ,https://news.yahoo.co.jp/articles/e35082ccdf869479b7f9664b2a0509ea6e4b3ebf,6/1(–Ø) 19:38
getsuriku,y—¤ãzU20’jq5000m‚Íš ›{‰@‘åEÂ–Ø—Úˆè‚ª§‚·Iğ”N‚Ì‰÷‚µ‚³u‚â‚è’¼‚µ‚Æv‚Á‚Ä‘åã‚É—ˆ‚½v^U20“ú–{‘IèŒ ,https://news.yahoo.co.jp/articles/1af4c23e121f3c6bfcba5fbeb874196ebeedc309,6/1(–Ø) 18:31
getsuriku,MGC‚Æ“¯“úŠJÃ‚Ìu“Œ‹ƒŒƒKƒV[ƒn[ƒtƒ}ƒ‰ƒ\ƒ“v‚Ìƒ{ƒ‰ƒ“ƒeƒBƒA‚ğ•åWI,https://news.yahoo.co.jp/articles/8362e604a2f7ffc014d9d0eb35b600a038ad5159,6/1(–Ø) 18:02
getsuriku,y—¤ãz—q3000máŠQ ²“¡—M—D‚ª10•ª26•b84I‰ƒŒ[ƒX‚Å‚Z—ğ‘ã8ˆÊu‚Ü‚½ƒ`ƒƒƒŒƒ“ƒW‚µ‚½‚¢v^U20“ú–{‘IèŒ ,https://news.yahoo.co.jp/articles/78599ce2c171fe20ef6f05855a43415f8511d0dc,6/1(–Ø) 17:47
getsuriku,y—¤ãz¼–{^“Ş‚ª100mA200mA4~100R‚Ì3Š¥I—qO’i’µ‚Í’·’Jì¹—Ç‚ª12m06‚Ì‘å‰ïV^IHL“‡Œ§‘å‰ï,https://news.yahoo.co.jp/articles/41f6ca98779be8be6fe0be2a9fea42bd2d44f131,6/1(–Ø) 17:12
getsuriku,y—¤ãz“ú–{‘IèŒ  2“ú–Ú‹à—j‚Ì’µ–ôí–Ú‚ğ—‚“ú“y—j‚É‰„Šú r“V—\•ñ‚Ì‚½‚ß,https://news.yahoo.co.jp/articles/c64bc037463a19fecc90098331e8bcaa90fd89f3,6/1(–Ø) 16:44
getsuriku,y—¤ãz–¾“úŠJ–‹—\’è‚ÌƒCƒ“ƒ^[ƒnƒC‹“s•{‘å‰ï‚ªˆ«“VŒó—\•ñ‚Å1“ú‡‰„ 6Œ3“ú`5“ú‚É‰ïŠú•ÏX,https://news.yahoo.co.jp/articles/2c65ebd42156ae4ef18dde06f6e805be23734cf5,6/1(–Ø) 16:05
getsuriku,y—¤ãzOXç‘å˜N‚ª”ªí‹£‹Z‚Å‘å‰ïV‚Ì5337“_@—q4~100mR‚Å‹{è–k‚ª46•b29‚ÌŒ§‚ZVI_RØX‚Í’Z‹——£3Š¥^IH‹{èŒ§‘å‰ï,https://news.yahoo.co.jp/articles/3ceae7432d71dd9c005aa058e91f18fb70ce1e07,6/1(–Ø) 15:39
getsuriku,y—¤ãzU20ƒAƒWƒA‘IèŒ  —q‚â‚è“Š‚Ì‘ºã•ÉŠC‚ª‘Ì’²•s—Ç‚Åoê«‘Ş,https://news.yahoo.co.jp/articles/92e54ff2bf63efec44f20625962a8d375eeaf88d,6/1(–Ø) 15:36
getsuriku,y—¤ãz“c’†ŠóÀ‚Í1500m—\‘I1’…‚ÅŒˆŸ‚Öué‚ç‚¸‚É–¾“ú‚ÌŒˆŸ‚É‚¢‚©‚ÉW’†‚·‚é‚©v^“ú–{‘IèŒ ,https://news.yahoo.co.jp/articles/3c28f9c053e353fc24e6a5195dc16f94e923aad1,6/1(–Ø) 14:52
getsuriku,y—¤ãz‰~”Õ“ŠEâV“¡^Šó‚ªƒZƒJƒ“ƒhƒxƒXƒg‚Ì56m63‚ÅVu¬’·Š´‚¶‚½v^“ú–{‘IèŒ ,https://news.yahoo.co.jp/articles/53aec98726933862ada667ded059397e19b9ce44,6/1(–Ø) 14:39
getsuriku,y—¤ãz•½ìŒd400m47•b73A200m•4~400mR‚à§‚·I—q‚ÍácáÁÑ“ì4Š¥ eìˆÇ‰Ô1500m‘å‰ïV^IH‰«“êŒ§‘å‰ï,https://news.yahoo.co.jp/articles/c9b846dacfb7afe515556238ae7a6141516a4535,6/1(–Ø) 12:55
getsuriku,yƒVƒ…[ƒYî•ñzˆÀ’è«‚Æ‰õ“K«‚ğ—¼—§‚³‚¹‚½ƒAƒVƒbƒNƒX‚Ìƒ‰ƒ“ƒjƒ“ƒOƒVƒ…[ƒY uGEL-KAYANO30v‚ª”­”„,https://news.yahoo.co.jp/articles/510d958f18e8e241473edfce2b48cb8f12fb928e,6/1(–Ø) 12:15
getsuriku,ƒƒCƒNƒX‚Ì‹e’nŒ«l‚ªˆø‘Ş 14”N¢ŠEƒn[ƒt‘ã•\ ƒRƒjƒJƒ~ƒmƒ‹ƒ^‚Ìƒjƒ…[ƒCƒ„[‰w“`V‚É‚àvŒ£,https://news.yahoo.co.jp/articles/3e2223a273f895124a213b29456f0143d18d1fa7,6/1(–Ø) 12:10
getsuriku,‘S“ú–{À‹Æ’c‘ÎR‰w“`‚Ì“Á—á‘[’u‘ÎÛƒ`[ƒ€‚ªŠm’è MGCoêŒ Šl“¾‘Iè‚ªİĞ‚·‚éƒ`[ƒ€‚Í—\‘I‰ïŠ®‘–‚Å‘S“ú–{‘å‰ïoê‚Ö,https://news.yahoo.co.jp/articles/e96285c9230b9ae9c25062fe454a69dab107796f,6/1(–Ø) 11:44
getsuriku,y—¤ãz—q‚Í29l‚ªMGCoêŒ ‚ğŠl“¾I “Œ‹ŒÜ—Ö‘ã•\‚ÌˆêR–ƒA—é–ØˆŸ—RqA‘O“c•ä“ìAƒIƒŒƒSƒ“¢ŠE—¤ã9ˆÊ‚Ì¼“c¶‚ç‚ªƒpƒŠŒÜ—Ö‘_‚¤,https://news.yahoo.co.jp/articles/dc60c8da9e8dbaf035074a7b3c69e495d83ac392,6/1(–Ø) 7:01
getsuriku,y—¤ãzMGCoêŒ Šl“¾Ò‚ªŒˆ’èI ’jq‚Í‘O‰ñ‚©‚ç‘å•‘‚Ì67l “Œ‹ŒÜ—Ö6ˆÊE‘å”—Œ†‚â“ú–{‹L˜^•ÛÒE—é–ØŒ’Œá‚çƒgƒbƒv‘IèWŒ‹,https://news.yahoo.co.jp/articles/fb11bbe68f475b7d2197174fce4228812263ade4,6/1(–Ø) 7:00
getsuriku,y—¤ãz“ú–{‘IèŒ ‚¢‚æ‚¢‚æŠJ–‹I1“ú–Ú5000m‚É‰““¡“úŒüA‘å”—Œ†‚ç“oê ‚â‚è“ŠƒfƒB[ƒ“Œ³‹C‚ç80m’´‚¦‘ÎŒˆ,https://news.yahoo.co.jp/articles/c749a35a844c9682f40e5f0ea7f55562243ce7f7,6/1(–Ø) 7:00
getsuriku,y—¤ãzâŒ³—´î‚ª400mA800mA4~400mƒŠƒŒ[‚Ì3Š¥I’jq5000m‚Å”Ñ“cãÄ‘å‚ª14•ª14•b25‚Ì‘å‰ïV‚Å—DŸ^IH­™“‡Œ§‘å‰ï,https://news.yahoo.co.jp/articles/d7bedff0d06596ff256b62942b0bb1de0a275db0,5/31(…) 20:00
getsuriku,y—¤ãz’jq4~400mR‚Å‘å•ª•‘’ß‚ª3•ª14•b78‚Ì‘å‰ïVI ’J’†“V‰Ë‚Í—q100mH‚Å2˜A”e^IH‘å•ªŒ§‘å‰ï,https://news.yahoo.co.jp/articles/a46aa8a558b29f8e2c7749e02e7e5dfac6347397,5/31(…) 18:51
getsuriku,y—¤ãz™Z‹Ê‰è¶uƒPƒK‚Ì‚½‚ßv100mA200m‚Æ‚à‚ÉŒ‡ê –m•”—–AÎì—DAŒ¢’ËÂ‚ç‚àŒ‡ê^“ú–{‘IèŒ ,https://news.yahoo.co.jp/articles/5c2e6412912cbbf2035803e35dc8cf7e3933736b,5/31(…) 18:09
getsuriku,y—¤ãzƒCƒ“ƒ^[ƒnƒC“s•{Œ§‘å‰ï‚Â‚¢‚ÉÅITI–¾“ú‚Ì ‰ê‚©‚ç‹“sAìA“¿“‡Aˆ¤•QA’·èAŒF–{‚Å‚àŠJÃ,https://news.yahoo.co.jp/articles/a19cc5097689bfd30722d08ae320f23b5f4d64de,5/31(…) 18:03
getsuriku,ã“c½mƒRƒ‰ƒ€‰_ŠO‘““V^‘æ33‰ñu‹A‚Á‚Ä‚«‚½“ú–{ˆê‚Ì‘åº‰‡I`ŠÖ“ŒƒCƒ“ƒJƒŒŠÏí‹L2023`v,https://news.yahoo.co.jp/articles/b9f40b5fa521d57f688c463f3e8c0a9e11d84a1d,5/31(…) 18:01
getsuriku,‘åŠw‰w“`ƒNƒ[ƒYƒAƒbƒv^Åã‹‰¶‚Æ‚È‚Á‚½ÂŠw‘å‚Ìg‰w“`’jh²“¡ˆê¢u” ª‚Íâ‘ÎŸ‚¿‚½‚¢v,https://news.yahoo.co.jp/articles/1914de3ca185ee4a2c2e8a33da9d9307210fe157,5/31(…) 18:00
getsuriku,y—¤ãzƒTƒjƒuƒ‰ƒEƒ“1”N‚Ô‚è‘“àƒŒ[ƒXu—ûK‚ÅÏ‚İã‚°‚½‚à‚Ì‚ğo‚·v‹L˜^‚ÍˆÓ¯‚¹‚¸^“ú–{‘IèŒ ,https://news.yahoo.co.jp/articles/a47416a8e3bf6b7d1dd4a25ede84f71a836df1ea,5/31(…) 17:49
getsuriku,y—¤ãz3000máŠQEO‰Y—´iu‚â‚è‚½‚¢ƒŒ[ƒXv‚ğ‚µ‚Ä2“x–Ú‚Ì¢ŠE—¤ã‚Ö 3ˆÊˆÈ“à‚Å‘ã•\“à’è^“ú–{‘IèŒ ,https://news.yahoo.co.jp/articles/c68f5bf7233bbd41b3ffd5cdf4c32e179527f19a,5/31(…) 17:34
getsuriku,y—¤ãz100mH•Ÿ•”^quƒnƒCƒŒƒxƒ‹‚ÅS‘ŸƒoƒNƒoƒNv3ˆÊˆÈ“à‚Å¢ŠE—¤ã“à’èu©•ª‚ÌƒŠƒYƒ€‚ğ•ö‚³‚¸v^“ú–{‘IèŒ ,https://news.yahoo.co.jp/articles/5351d6f6913ad8a6a2d3a871f88857df45738cd2,5/31(…) 17:14
getsuriku,y—¤ãz“ú–{‘IèŒ ¬¬‚ÌƒGƒ“ƒgƒŠ[ƒŠƒXƒg”­•\I‘O‰ñV‚Ì‰œ“cŒ[—S‚â“ú–{‹L˜^•ÛÒE‰E‘ãŒ[—S‚ª“o˜^ µí‹£‹Z‚Ìƒwƒ“ƒvƒqƒ‹Œb‚Í“o˜^‚¹‚¸,https://news.yahoo.co.jp/articles/b48139015c0502f00ef158d64f2ff70e541acda5,5/31(…) 16:32
getsuriku,y—¤ãzƒTƒjƒuƒ‰ƒEƒ“u¢ŠEˆêv‚Öu“ŒƒŒv‚Æ‹­—Íƒ^ƒbƒOƒp[ƒgƒi[ƒVƒbƒvŒ_–ñ’÷Œ‹u¢ŠE‚Ìƒgƒbƒv‚É—§‚Â–²‚ğˆê‚É’Ç‚¢‚©‚¯‚½‚¢v,https://news.yahoo.co.jp/articles/b09428d93a68ed29f6015db9564ba2ad58b61621,5/31(…) 16:18
getsuriku,ƒAƒVƒbƒNƒX‚ª“ú–{ƒpƒ‰—¤˜A‚ÆƒIƒtƒBƒVƒƒƒ‹ƒp[ƒgƒi[Œ_–ñ’÷Œ‹IƒpƒŠEƒpƒ‰ƒŠƒ“ƒsƒbƒN‚ÉŒü‚¯—¤ã“ú–{‘ã•\‚Æ“¯‚¶ƒIƒtƒBƒVƒƒƒ‹ƒEƒGƒA’…—p,https://news.yahoo.co.jp/articles/1bcdec76ae52ac8720b1b85d375c8377cfdcbf03,5/31(…) 16:04
getsuriku,y—¤ãz—q–_‚’µEá¼ˆŸ”ü‚ª3m85‚Ì–kŠC“¹Šw¶VIµí‹£‹Z‚Ì’·“c—T‚Í‘å•©ŒÈV‚Ì5063“_^–kŠC“¹IC,https://news.yahoo.co.jp/articles/67cd6598ad085f20b6904d3dee7ecfe526beaf37,5/31(…) 14:23
getsuriku,y—¤ãz—qƒnƒ“ƒ}[“ŠE’†“‡‰Ø‚ª44m92‚Å‘å‰ïVVI‹“‡‘si˜N‚ª‘–•’µA100m‚Æ4~100mR‚Ì3Š¥^IH²‰êŒ§‘å‰ï,https://news.yahoo.co.jp/articles/83c8c65b919340d2467ccb34ca73cf28bca14271,5/31(…) 13:58
getsuriku,y—¤ãz¡”N‚àNHK‚Å‰ğàI•Ÿ“‡ç—¢‚³‚ñ‚ªŒê‚é“ú–{‘IèŒ ‚ÌŒ©‚Ç‚±‚ëu‘½‚­‚Ìl‚Éw“ú–{‘ã•\x‚Ìƒ`ƒƒƒ“ƒX‚ª‚ ‚éIv,https://news.yahoo.co.jp/articles/5921ce93ef0d13593fd0847d83b876b7a8f281b7,5/31(…) 12:43
getsuriku,y—¤ãzR–{–¾‰À‚ª—q–_‚’µ‚ÅŒ§‚ZVIeìG800m1•ª52•b15 ‘å‰º”g‰¹‚ª’µ–ô2í–ÚŠÜ‚Ş4Š¥’B¬^IHRŒûŒ§‘å‰ï,https://news.yahoo.co.jp/articles/05f4bed8ce7c0df3085fb92ea3ba35b3f2dfd313,5/31(…) 12:32
getsuriku,y—¤ãz‘å‰ïV˜A”­‚Ì’jq800m‚ÍˆÉ“¡—™‰›‚ª§‚·IO‘OÀ‚Í—qƒŠƒŒ[2Š¥^IHÂXŒ§‘å‰ï,https://news.yahoo.co.jp/articles/3e799302f86f7774b25f8d318f6eecca27acf62f,5/31(…) 12:26
getsuriku,y—¤ãz‘å’J—I^‚ª’jq’Z‹——£4Š¥‚ğ’B¬I‚â‚è“Š‚ÌXàV’mŒc‚Í60m82‚ÅƒCƒ“ƒ^[ƒnƒC6ˆÊ‚ÌÀ—Í¦‚·^IH’¹æŒ§‘å‰ï,https://news.yahoo.co.jp/articles/965c0c75d91d3441d3a1f728dd045237440022fd,5/31(…) 12:25
getsuriku,y—¤ãz“ú–{‘IèŒ 1“ú–Ú‚ÌƒXƒ^[ƒgƒŠƒXƒg”­•\ 5000m‚É‰““¡“úŒüA‘å”—Œ†Aã–ì—Tˆê˜Y‚ç —q100m™Z‹Ê‰è¶‚ÍŒ‡ê,https://news.yahoo.co.jp/articles/edac29c68f496cd780f5518ecf25feca85394cf5,5/31(…) 11:26
getsuriku,y—¤ãz200m‚ÍåUd‚İ‚¤VSÄ“¡ê£‚© –_‚’µEŠÖ“ŒƒCƒ“ƒJƒŒV‚Ì¬—Ñ”üŒ ƒnƒ“ƒ}[“Š‚Ì“ˆ–{”üŠC‚çÀ—ÍÒ“oêI^U20“ú–{‘IèŒ —q“W–],https://news.yahoo.co.jp/articles/b59a30593280444d8f234674b674d1ca3d9d4b12,5/30(‰Î) 20:58
getsuriku,y—¤ãzŸ¢‘ãƒXƒ^[Œó•â‘±XI100m‚É¼‰ª®‹P•¬ì˜`mA400mHŸºããÄ‘¾A–CŠÛ“ŠR“cô“l‚çQí^U20“ú–{‘IèŒ ’jq“W–],https://news.yahoo.co.jp/articles/fa7261ac138430fd7b0c9e9d715e0dbfaf75aa7c,5/30(‰Î) 20:56
getsuriku,y—¤ãz“ú–{‘IèŒ ‚İ‚Ç‚±‚ë—qƒtƒB[ƒ‹ƒh•Ò^–kŒûY‰Ô‚ª“n‰¢‘OÅŒã‚Ì‘“àí ‘–•’µE`Ÿ”ü—é‚ÆO’i’µEX–{–ƒ—¢q‚É“ú–{V‚Ì—\Š´,https://news.yahoo.co.jp/articles/797fae9b889dbc7f8fe47bfec1f0bc543764c84e,5/30(‰Î) 20:23
getsuriku,y—¤ãz“ú–{‘IèŒ ‚İ‚Ç‚±‚ë—qƒgƒ‰ƒbƒN•Ò^100mH•Ÿ•”^qA›“c–¾“úAÂ–Ø‰v–¢‚çjãÅ‚‚Ì’¸ãŒˆíI“c’†ŠóÀ‚Í1500m‚Æ5000m‚Ö ™Z‹Ê‰è¶‚Í•œŠˆ‚È‚é‚©,https://news.yahoo.co.jp/articles/c312a8c33339d53ec16ab65b0da572d3498fe224,5/30(‰Î) 20:20
getsuriku,y—¤ãz“ú–{‘IèŒ ‚İ‚Ç‚±‚ë’jqƒtƒB[ƒ‹ƒh•Ò^‹´‰ª—D‹PA‹g“cO“¹‚ç‘å’–Ú‚Ì‘–•’µ ‚â‚è“Š‚ÍƒfƒB[ƒ“Œ³‹C‚ç80mƒXƒƒ[Œƒ“Ë ¢ŠE—¤ã8ˆÊE^–ì—F”‚ç‘–‚’µ‚àDŸ•‰‚Ì—\Š´,https://news.yahoo.co.jp/articles/12ee89ba819b66231e6025a2f198787c76156fd4,5/30(‰Î) 20:17
getsuriku,y—¤ãz“ú–{‘IèŒ ‚İ‚Ç‚±‚ë’jqƒgƒ‰ƒbƒN•Ò^ƒTƒjƒuƒ‰ƒEƒ“‚ªŠMùIò’Jx‰î‚É12•b‘ä‚Ì—\Š´AO‰Y—´i3˜A”e‚È‚ê‚Î¢ŠEØ•„ 400mHA200m‚ÅD‹L˜^’a¶‚È‚é‚©,https://news.yahoo.co.jp/articles/9f362d9126a13ece4195d7621f0410d1bbed9904,5/30(‰Î) 20:14
getsuriku,y—¤ãz¡”N‚àNHK‚Å‰ğàI•Ÿ“‡ç—¢‚³‚ñ‚ªŒê‚é“ú–{‘IèŒ ‚Ìv‚¢ou¢ŠE‚ğŒ©˜‚¦A‚½‚¾1”Ô‚É‚È‚ê‚Î‚¢‚¢‚í‚¯‚¶‚á‚È‚©‚Á‚½v,https://news.yahoo.co.jp/articles/f4969374886482b0ba571d5071427ddee3caa8a4,5/30(‰Î) 20:05
getsuriku,y—¤ãz’†‹‘å‚ª—q4~100mR‚Å45•b92‚Ì‘å‰ïVI¬Ÿº—Å‰›‚ª’jq5000m‚Å2˜A”e^“ŒŠCIC,https://news.yahoo.co.jp/articles/7135ea9dfd7e3cfe37fc98a72030dcd6a81fe562,5/30(‰Î) 18:01
getsuriku,y—¤ãz—qƒnƒ“ƒ}[“Š‚Í¼”öØ“ß‚ª50m63‚ÅŠ®ŸI’j—100m‚Í–k—¤¨‚ªÈŠª^IH•ŸˆäŒ§‘å‰ï,https://news.yahoo.co.jp/articles/714b07dc4289a54c954b8b8cfa78ed1baea60e71,5/30(‰Î) 17:00
getsuriku,y—¤ãzàV–ØãÄ—z‚ª’jq’Z‹——£2Š¥I100m‚Í10•b62w ¼–Øˆ¤Œ‹‚ª—qƒn[ƒhƒ‹‚Å–ô“®^IH•xRŒ§‘å‰ï,https://news.yahoo.co.jp/articles/c2c018d2fd7112c9ecd0e067557fbb33eb4b4dad,5/30(‰Î) 16:15
getsuriku,y—¤ãz“Š‚Ä‚«‚ÅD‹L˜^‘±oI–CŠÛ“ŠEŒK“Y‹ªˆÌ‚ª16m22‚Ì‘å‰ïVI‚â‚è“Š‚Ì“¡“c˜aŠó‚Í63m04^IH˜a‰ÌRŒ§‘å‰ï,https://news.yahoo.co.jp/articles/96a40dcaba6c65a22b3fc36265acf68d0d079cc4,5/30(‰Î) 15:00
getsuriku,y—¤ãzÎ•‘¾—z‚ª”ªí‹£‹Z‘å‰ïVV•‚â‚è“Š‚Æ‚Ì2Š¥I—q“Š‚Ä‚«‚Í“Yã¨‚ª‘S§”eI^IH“Ş—ÇŒ§‘å‰ï,https://news.yahoo.co.jp/articles/c1f6ac13ae01b0f997309c211f51a2232090c282,5/30(‰Î) 14:40
getsuriku,y—¤ãzÔâ”üŒ‹‚ªŒÂl3Š¥‚Å400m‚Í54•b85I‚‹´‘åj110mH14•b27 ”’”¨Œ’‘¾˜Y‚ª4í–ÚV^IHRŒ`Œ§‘å‰ï,https://news.yahoo.co.jp/articles/aa92bf25efe1a44bf6a48718eb62bf6f2a66c598,5/30(‰Î) 14:16
getsuriku,y—¤ãz‘êì“ñ‚ª’j—ƒXƒvƒŠƒ“ƒg‚ğÈŠªIƒŠƒŒ[4í–Ú§”e 200m˜a“cƒ–í‚ªŒü‚©‚¢•—‚Å‘å‰ïV21•b28^IH•ºŒÉŒ§‘å‰ï,https://news.yahoo.co.jp/articles/d4a7ab23aade14ac05a980e4e1176836fe97ac1b,5/30(‰Î) 13:56
getsuriku,y—¤ãz2”N¶E¼‰ª®‹P‚ª100m‚Å10•b37I—q–_‚’µ‚Ì¼ˆäˆ¤‰Ê‚Í3m82‚Ì•{‚ZV^IH‘åã•{‘å‰ï,https://news.yahoo.co.jp/articles/719a3f2dc42901fbdef66073ca9dce7a865e8378,5/30(‰Î) 13:34
getsuriku,y—¤ãz—q’Z‹——£‚ÌÄ“¡ê£‚ª11•b74•24•b01‚Ì2í–Ú‚ÅŒ§‚ZVI’jqƒ}ƒCƒ‹‚Í“Œ•Ÿ‰ª‚ª3•ª10•b49^IH•Ÿ‰ªŒ§‘å‰ï,https://news.yahoo.co.jp/articles/5352f9923d0f07d4ee940909150fd4e98a765ad1,5/30(‰Î) 13:12
getsuriku,y—¤ãz“¡Œ´—®¬‚ª’Z‹——£4Š¥IˆÀ•”æ¶800m‚Å29”N‚Ô‚è‘å‰ïV —q4~100mR‚ÅŠJ¯‚ªŒ§‚ZV ^IH“‡ªŒ§‘å‰ï,https://news.yahoo.co.jp/articles/a5f624631e2f858d4c6cd08a625bbe6ed7278864,5/30(‰Î) 12:59
getsuriku,y—¤ãz”nšÅ—Db‚ª’Z‹——£A110mHA4~100mR‚Ì4í–Ú‚ğ§”eI —qƒnƒ“ƒ}[“ŠE‘å—z˜a‚Í53m68‚Ì‰õ“Š^IHOdŒ§‘å‰ï,https://news.yahoo.co.jp/articles/0af9d198b77fa73361a0177bd59fba9493993bad,5/30(‰Î) 12:27
getsuriku,y—¤ãz‰ÍŒ´—å‰¹‚ª”ªí‹£‹Z‚Å‘å‰ïV5649“_ 110mH‚Æƒ}ƒCƒ‹ƒŠƒŒ[‚à§‚·Iƒhƒ‹[ƒŠ[‚Í—q’†‹——£2Š¥ ^IH‰ªRŒ§‘å‰ï,https://news.yahoo.co.jp/articles/1ff73dac02c2fb5f9c3153138a2af695ce2f60a0,5/30(‰Î) 12:17
getsuriku,y—¤ãz’jq100mE’ßŠª—z‘¾‚ª10•b36‚ÌŒ§‚ZVIR“à—T‘¾‚Í’µ–ôí–Ú3Š¥ ^IHVŠƒŒ§‘å‰ï,https://news.yahoo.co.jp/articles/3f1fb56b39c3d43031200817939ad6a07725be3e,5/29(Œ) 20:19
getsuriku,y—¤ãz—q100mH‚Å¬›Ê‹M‚ª13•b84‚Ì‘å‰ïV@‹g”öÊ‚ª—q‘–•’µ•’Z‹——£‚Ì4Š¥I^IHÎìŒ§‘å‰ï,https://news.yahoo.co.jp/articles/0c68d37bc4521cf790a2613cf6eac1cc9f85d31b,5/29(Œ) 17:34
getsuriku,y—¤ãz’jq3000máŠQ‚Å‰iŒ´éD–‚ª‚Z—ğ‘ã3ˆÊ‚Ì8•ª41•b53I—q–_‚’µE‰ª“cä»•à‚ª3m90‚ÌŒ§‚Zƒ^ƒC ^IH’·–ìŒ§‘å‰ï,https://news.yahoo.co.jp/articles/c26b636e12c48d6c7c57c4157f96b929fb09f0bc,5/29(Œ) 16:58
getsuriku,y—¤ãzU20ƒAƒWƒA‘IèŒ  200m‚Ì–Ø‘ºs–ç‚Æ‚{•–ãÄ‚ªoê«‘Ş ‚¢‚¸‚ê‚àƒPƒK‚Ì‚½‚ß,https://news.yahoo.co.jp/articles/6d476867e36fe35cf295c6140be2a14d52abcc2d,5/29(Œ) 16:14
getsuriku,y—¤ãz’jq800m‘q•—Šó‚ª29”N‚Ô‚è‘å‰ïVI—q5000mW‚Å‹v‰Æ‚·‚¸‚©‚ª˜A”e’B¬^IH•Ÿ“‡Œ§‘å‰ï,https://news.yahoo.co.jp/articles/cb429c68eb5613ef3dcc5821d19a87ac2c47febd,5/29(Œ) 15:42
getsuriku,y—¤ãz—q’Z‹——£‚ÌŒN“ˆˆ¤—œ¹‚ªƒXƒ|[ƒcƒrƒY‚Æƒ}ƒlƒWƒƒ“ƒgŒ_–ñ’÷Œ‹@ƒIƒŒƒSƒ“¢ŠE—¤ã—q4~100mR‚Å“ú–{‹L˜^÷—§,https://news.yahoo.co.jp/articles/8b6a740768f4c434fc64fafe26c30ac67a15e852,5/29(Œ) 14:47
getsuriku,y—¤ãzµí‹£‹Z‚Ìƒz[ƒ‹‚ª6988“_I ¢ŠE—¤ã“ºƒƒ_ƒŠƒXƒg‚ª‘å‘ä–Ú‘O‚Ì¢ŠE—ğ‘ã5ˆÊ^ƒnƒCƒ|ƒ~[ƒeƒBƒ“ƒO,https://news.yahoo.co.jp/articles/8156148b40942c7e306935adde621c90e33fc2a3,5/29(Œ) 12:19
getsuriku,y—¤ãz’jq3000máŠQƒGƒ‹EƒoƒbƒJƒŠ‚ª—ğ‘ã8ˆÊ‚Ì7•ª56•b68I ’jq100m‚ÍD’²‚ÌƒJ[ƒŠ[‚ª§‚·^DLƒ‰ƒoƒg,https://news.yahoo.co.jp/articles/0ab28131c08407a0707f62178624d071f3765362,5/29(Œ) 11:42
getsuriku,y—¤ãz“ú–{l‘½”oê‚ÌƒIƒ^ƒƒ}ƒ‰ƒ\ƒ“ ’|“à—³^‚ª“ú–{¨ƒgƒbƒv‚àƒpƒŠŒÜ—ÖMGCoê‚È‚ç‚¸,https://news.yahoo.co.jp/articles/1763b98a5d361da54d54c5dbf921c5f6e131d180,5/28(“ú) 23:33
getsuriku,y—¤ãz“Œ‹ŒÜ—Ö‘ã•\‚Ì–m•”—– ƒPƒK‚Ì‚½‚ß“ú–{‘IèŒ Œ‡ê‚ğ•\–¾u‚ ‚ÌŠú‚ª‚ ‚Á‚½‚©‚ç‚±‚»‚ÆŒ¾‚¦‚é‚æ‚¤‚Év,https://news.yahoo.co.jp/articles/419cbc53802d748c9ecdcf22c077de557f9f01b9,5/28(“ú) 15:24
getsuriku,­™“‡‘å38”N‚Ô‚è‚ÉˆÉ¨˜HØ•„I‘æˆêH‘åA“ú–{•¶—‘å‚È‚Ç—}‚¦‚é^‘S“ú–{‘åŠw‰w“`‹ãB‘Il‰ï,https://news.yahoo.co.jp/articles/deded49d03a32395d6d28f36a15f089ff0983846,5/28(“ú) 14:13
getsuriku,y—¤ãz–_‚’µƒfƒ…ƒvƒ‰ƒ“ƒeƒBƒX‰®ŠO‰í‚Í5m91 100mHƒJƒ}ƒ`ƒ‡ƒNƒCƒ“12•b31^WAƒRƒ“ƒ`ƒlƒ“ƒ^ƒ‹ƒcƒA[,https://news.yahoo.co.jp/articles/dfde812673ef3d864b3c8401e6fdb1384ce8c3fe,5/28(“ú) 12:11
getsuriku,y—¤ãz–CŠÛ“Šƒ‰ƒCƒAƒ“EƒNƒ‹[ƒU[‚ª23m56!!©g‚Ì¢ŠE‹L˜^‚ğ19cmXV,https://news.yahoo.co.jp/articles/b9300a5b6dc21e1c63a5ad4477ad3b563b85ebba,5/28(“ú) 12:00
getsuriku,y—¤ãzŠÖ‘åE¼ˆäŒ’“l‚ª200m20•b65‚ÌŠÖ¼Šw¶ƒ^ƒCI100‰ñ‘å‰ï’jq1•”MVP‚É‹P‚«Aƒ`[ƒ€‚Ì54”N‚Ô‚è‘‡VŒ¡ˆø^ŠÖ¼ƒCƒ“ƒJƒŒ,https://news.yahoo.co.jp/articles/5b85f6a485ec948331d6e9e20e1928c7d9e9834b,5/28(“ú) 7:01
getsuriku,y—¤ãz‡‘å‚ª“ú–{ƒCƒ“ƒJƒŒ’jq‘‡V30j‰ê‰ï‚ğŠJÃI‘n•”70ü”NƒCƒ„[‚Ì22”N‚Éƒƒ‚ƒŠƒAƒ‹—DŸ,https://news.yahoo.co.jp/articles/8b1c70012d07a59e33cbfcaace69f48992358ee6,5/27(“y) 22:31
getsuriku,y—¤ãz400mHEŒI—Ñ”¹³49•b45‚Ì‘å‰ïVVIuƒXƒ^ƒ“ƒh‚Ìº‰‡‚ÅƒAƒhƒŒƒiƒŠƒ“‚ªo‚½v^ŠÖ¼ƒCƒ“ƒJƒŒ,https://news.yahoo.co.jp/articles/7e90deb8198ca495c9a7acaee1966ac538fb0bfb,5/27(“y) 17:05
getsuriku,y—¤ãz100‰ñ‚Ìß–Ú‚ğj‚µ‚ÄI¢ŠE‚Ö‰H‚Î‚½‚¢‚½R¼—˜˜aA‘½“cC•½‚É“Á•ÊŒ÷˜JÜA4˜A”e‘Iè‚à•\²^ŠÖ¼ƒCƒ“ƒJƒŒ,https://news.yahoo.co.jp/articles/01b4ce3e9eb809464012906ae978bd99ff034fbb,5/27(“y) 13:37
getsuriku,y—¤ãzu‘å‰ï‹L˜^‚ğ“h‚è‘Ö‚¦‚Ä‚Ì2Š¥‚ğ–Ú•W‚É‚â‚Á‚Ä‚«‚½v@‹T“cmˆê˜H‚ª—LŒ¾Às‚Ì5000m‘å‰ïVV^ŠÖ¼ƒCƒ“ƒJƒŒ,https://news.yahoo.co.jp/articles/d84a16dc3cd99cf5d6945713f904f250f3cf935d,5/27(“y) 7:01
getsuriku,y‚Z—¤ãz’jq’Z‹——£E•½ìŒdiƒRƒU‚j«—ˆ‚ÌŒÜ—Öoê‚ğ–Ú•W‚É‹P‚«•ú‚Â‰«“ê‚Ìƒz[ƒv,https://news.yahoo.co.jp/articles/afa302be31ea3e161c8bea7b3fa26657894d1305,5/26(‹à) 17:50
getsuriku,y—¤ãz‹Ë¶ËGA‘º’|ƒ‰ƒVƒbƒhAƒEƒHƒ‹ƒVƒ…EƒWƒ…ƒŠƒAƒ“A”ÑàVçãÄA×“c‚ ‚¢AO‰Yˆ¤‰Ø‚ç“ú–{‘IèŒ Œ‡ê,https://news.yahoo.co.jp/articles/c22e8e7ba036cc8958496b0fc8cdfbdb44c6ec80,5/26(‹à) 17:27
getsuriku,y—¤ãz‚â‚è“Š‚Í‹‘åEÂ“c‰À“Ş‚ª‘å‰ï˜A”eI56m57‚Ì©ŒÈVuŠw¶‚Ì‚¤‚¿‚É60m‚ğv^ŠÖ¼ƒCƒ“ƒJƒŒ,https://news.yahoo.co.jp/articles/041dc5f6ae778e94127f782f15000d6a941191ca,5/26(‹à) 14:16
getsuriku,“ú–{—¤ã‹£‹ZŠw‰ï ”öãpv‰ï’·‚ª‘Ş”C ‡‘å‚ÌÂ–Ø˜a_‚ªV‰ï’·‚ÉA”Cu‚³‚ç‚Éi‰»‚µ‚Ä‚¢‚«‚½‚¢v,https://news.yahoo.co.jp/articles/2d66184616e3f7b8c192d002cba5dd84a2cd5009,5/26(‹à) 13:17
getsuriku,y—¤ãz“Œ‹ŒÜ—Ö’jq100m‹à‚ÌƒWƒFƒCƒRƒuƒX‚ªŒ‡ê@ƒJ[ƒŠ[‚Æ‚Ì’¼Ú‘ÎŒˆ‚Í6ŒˆÈ~‚É‚¿‰z‚µ^DLƒ‰ƒoƒg,https://news.yahoo.co.jp/articles/3a56d07b0ce732ec6983eadc10d18332d729f87e,5/26(‹à) 12:11
getsuriku,y—¤ãz4~100mR‚Í’j—‚Æ‚à‚É‘å‰ïVI —q100m‚Í‚Z—‰¤EåUd‚İ‚¤‚ª11•b63@‹{“à˜aÆ‚Í2”N˜A‘±2Š¥^ŠÖ¼ƒCƒ“ƒJƒŒ,https://news.yahoo.co.jp/articles/4b5844bf9b5a3940778c6c4ee1ab10bcb86d6486,5/26(‹à) 7:01
getsuriku,y—¤ãzƒ†ƒjƒo‘ã•\‚ª‘ˆ‚Á‚½—q1–œm‚Í–kì¯—Ú‚ª33•ª00•b60‚ÅV  ƒCƒ“ƒJƒŒ‰§”e‚Éu—ûK‚Ì¬‰Ê‚ğo‚¹‚Ä‚æ‚©‚Á‚½v^ŠÖ¼ƒCƒ“ƒJƒŒ,https://news.yahoo.co.jp/articles/c3e9e8cfadf4751b6f6f0b009f38fd47c254a5d6,5/25(–Ø) 7:01
getsuriku,•Ÿ‰ª‘å14”N˜A‘±35‰ñ–Ú‚Ì‘S“ú–{‘åŠw—q‰w“`‚ªŒˆ’èI@2”N˜A‘±‚Å—\‘I‰ïs‚í‚ê‚¸,https://news.yahoo.co.jp/articles/8ff3290ad2f81f235a61c5a9a7cba900954a8c8e,5/24(…) 21:11
getsuriku,y—¤ãzç—tˆÀì‚ª—q200m•4~100mR‚Ì‘å‰ïV‚Æ3Š¥I@’jq200m‚Í¯éDl‚ª200m‚Åg‰LàV’´‚¦h‚Ì21•b29^IH‹{éŒ§‘å‰ï,https://news.yahoo.co.jp/articles/085f237640435e05418df4bccfb237a1af4f606e,5/24(…) 19:12
getsuriku,y—¤ãzO‰Y‰Ä—ö‚ª2‚Â‚Ì‘å‰ïV‚ğŠÜ‚Ş’Z‹——£5Š¥I@—qO’i’µEˆÉ“¡“ßŒ‚à‘å‰ï‹L˜^XV^IHH“cŒ§‘å‰ï,https://news.yahoo.co.jp/articles/2cf3a70bcdd689e5003db4d6da66f0257aa9b943,5/24(…) 18:02
getsuriku,y—¤ãz“c’†–²‰ç‚ª’jq100mA110mH‚Ì2Š¥@óˆä¬á‚ªO’i’µŒ§‚ZVI^IHŠâèŒ§‘å‰ï,https://news.yahoo.co.jp/articles/93c109a3f63406d451eb92b345bfccace0bfe4b5,5/24(…) 17:53
getsuriku,y—¤ãzƒIƒ^ƒƒ}ƒ‰ƒ\ƒ“‚É‘åí•—ÉA¬–ì’m‘åA‘å’ÃŒ°“m‚ç“ú–{¨11l‚ªƒGƒ“ƒgƒŠ[I@MGCoê‚Ö‚Ìƒ‰ƒXƒgƒ`ƒƒƒ“ƒX,https://news.yahoo.co.jp/articles/3447b94ba05ddd6c549520c37b318aa6a1fb15ee,5/24(…) 13:44
getsuriku,y—¤ãz¢ŠE—¤˜A‚ªuº“àv‚É‘ã‚í‚èuƒVƒ‡[ƒgƒgƒ‰ƒbƒNv‚Æ‚µ‚ÄV‚½‚ÈƒJƒeƒSƒŠ‚ğ‘nİI ‰®“àŠO‚Ì200mƒgƒ‰ƒbƒN‚ğ‡‚í‚¹‚ÄŒö”F‚Ö,https://news.yahoo.co.jp/articles/fcfc2bffccd1752fd7a252be240c1229fcfb8bf4,5/24(…) 11:48
getsuriku,y—¤ãzŠÂ‘¾•½—m‘å‚ª’jq4~100mR‚Å39•b67‚Ì’†‘l‘Šw¶VI —q–CŠÛ“ŠE‰œR‹Õ–¢‚ª14m35‚Ì‰õ“Š^’†‘l‘IC,https://news.yahoo.co.jp/articles/1ea7061ee55d4a86ad96dcaf7071f1ef34017d0d,5/23(‰Î) 20:27
getsuriku,y—¤ãz‘S‘2˜A”e’†‚Ì‚‹´—È‚ª”ªí‹£‹Z5702“_‚Ì‘å‰ïVIµí‹£‹ZE‰ºŒ³ê£5183“_‚Å‚Æ‚à‚É3˜A”eI^IH“Œ‹“s‘å‰ï,https://news.yahoo.co.jp/articles/b1caf195f90aa962e59a9252822509066b2e05c1,5/23(‰Î) 18:40
getsuriku,y—¤ãz£“c—zØ‚ª200m24•b02•400m54•b85I@‘Š—m‚Í’jq4~400mR‚Å3•ª9•b95‚Æ“s•{Œ§‘å‰ï‰‚Ì3•ª10•bØ‚è^IH_“ŞìŒ§‘å‰ï,https://news.yahoo.co.jp/articles/373fc3fda636f2f1f4cb479539a050b0977b0d6d,5/23(‰Î) 18:30
getsuriku,y—¤ãzƒCƒ“ƒ^[ƒnƒC“s•{Œ§‘å‰ï –¾“ú‚©‚ç•Ÿ“‡ T––‚Í–kM‰zA‹ß‹EA’†‘A‹ãBŠe’n‚ÅŠJ–‹ ‹­‹‘±X“oêI,https://news.yahoo.co.jp/articles/f3f017ec014131968fd714f928e25d7c3629dc61,5/23(‰Î) 18:02
getsuriku,y—¤ãz—q‘–•’µ‚ÅPÎ–]”T‚ªŒ§‚ZV‚Ì6m05I100m‚Æ2Š¥’B¬ O’i’µ‚Í¬¼‰Ş”¿‚ªŒ§‚Z‹L˜^XVI^IH‚’mŒ§‘å‰ï,https://news.yahoo.co.jp/articles/1109961ba52ccc65899fe86a343dd48e4afae830,5/23(‰Î) 15:55
getsuriku,y—¤ãzª–{–rç‚ª‰~”Õ“Š‚Å14”N‚Ô‚è‘å‰ïVI—Ñ”üŠó‚Í100mHA‘–‚’µAµí‹£‹ZA3í–Ú§”e^IHˆ¤’mŒ§‘å‰ï,https://news.yahoo.co.jp/articles/1b25d8fc4907c878adcb849ffb13ccfb6bef40c6,5/23(‰Î) 15:44
getsuriku,y—¤ãz—q‚â‚è“ŠEŸNˆäŠó”ü‚ª53m13‚Ì‘å‰ïVV@¼“c—¬‹P‚ª–CŠÛ“Š‚Æ‰~”Õ“Š‚Ì2Š¥^IHŠò•ŒŒ§‘å‰ï,https://news.yahoo.co.jp/articles/26ad79afe5471a98b430e9daeb74a34d93451053,5/23(‰Î) 15:16
getsuriku,y—¤ãz’Ò–{÷õ‚ª1500m‚Æ3000máŠQ‚Å‘å‰ïVVI ¬j—z—t‚à100mA200m‚Å‘å‰ï‹L˜^‚ğXV^IHÃ‰ªŒ§‘å‰ï,https://news.yahoo.co.jp/articles/d8d72110bcd8470c7326bbff3b92a09448fabf94,5/23(‰Î) 15:07
getsuriku,ƒuƒ_ƒyƒXƒg¢ŠE—¤ã‚É‚¨‚¯‚é’†’·‹——£í–Ú‚Ìƒ‰ƒEƒ“ƒhio•û–@‚ª•ÏX@‹L˜^ãˆÊ‚É‚æ‚é’Ê‰ß‚Í”p~,https://news.yahoo.co.jp/articles/40a9565035c1e6ca59fb9b0bfac51813e998e706,5/23(‰Î) 12:49
getsuriku,y—¤ãz25”N–k‹¢ŠEº“àA26”NƒOƒ‰ƒXƒS[¢ŠEº“à‚Ì“ú’ö‚ªŒˆ’è,https://news.yahoo.co.jp/articles/5c976cf3070243607f7c6684c1b9039d568738ee,5/23(‰Î) 12:05
getsuriku,y—¤ãzƒpƒŠŒÜ—Ö‰ŠJÃ‚Ìuƒ}ƒ‰ƒ\ƒ“‹£•à¬‡ƒŠƒŒ[v—ˆ”N4Œ‚Ì¢ŠE‹£•àƒ`[ƒ€‘IèŒ ‚ª‘Il‰ï‚É,https://news.yahoo.co.jp/articles/24243e0e352cd4d0dc1a00a41764f46d33693c46,5/23(‰Î) 11:48
getsuriku,y—¤ãz’jq3000máŠQ‚Ì‹L˜^‚ªQlˆµ‚¢‚É …ŠáŠQ‚ğ—q—p‚Ì‚‚³‚ÅÀ{^“Œ“ú–{À‹Æ’c,https://news.yahoo.co.jp/articles/4ae6626cfb7d889f366396cf8d7377fc8c1ab0c4,5/22(Œ) 14:11
getsuriku,y—¤ãz—q10000m‚Å21ÎM.ƒAƒŒƒ€‚ª29•ª59•b03I’jq‚Íƒ`ƒFƒŠƒ‚‚ª27•ª12•b73‚Å§”e^WAƒRƒ“ƒ`ƒlƒ“ƒ^ƒ‹ƒcƒA[,https://news.yahoo.co.jp/articles/15fde1807abfdedf51abf7b40c11c1d32e395ed0,5/22(Œ) 13:38
getsuriku,y—¤ãz“Œ‹ƒ}ƒ‰ƒ\ƒ“2ˆÊ‚ÌƒQƒƒ`ƒ…‚ªƒCƒ“ƒh‚Ì10kmƒ[ƒhƒŒ[ƒX‚Å—DŸ@‰pEƒ}ƒ“ƒ`ƒFƒXƒ^[‚Ì10km‚Å‚ÍƒIƒrƒŠ‚ªV,https://news.yahoo.co.jp/articles/c18f6bf8b825c946484b375d52815c74f382852b,5/22(Œ) 13:29
getsuriku,y—¤ãz‚Â‚­‚ÎG‰p‚ª4~100mƒŠƒŒ[‚Å40•b86Ió—˜–ŠC‚ªƒnƒ“ƒ}[“Š‚Å62m23‚Ì‘å‰ïV‚Å—DŸI^IHˆïéŒ§‘å‰ï,https://news.yahoo.co.jp/articles/4ed4894359c846b89418a6aea71a4691b2c474fa,5/22(Œ) 13:22
getsuriku,y—¤ãz100mHƒJƒ}ƒ`ƒ‡EƒNƒCƒ“‚ª’Ç‚¢•—Ql‚Å12•b17 ƒR[ƒ‹ƒ}ƒ“100m9•b78wAƒ‰ƒCƒ‹ƒY0.02•b·‚Ì2ˆÊ^ WAƒRƒ“ƒ`ƒlƒ“ƒ^ƒ‹ƒcƒA[,https://news.yahoo.co.jp/articles/48f1dc9e839ddc7b485d6d7d75af3d9521b6726e,5/22(Œ) 13:14
getsuriku,y—¤ãzƒIƒŒƒSƒ“¢ŠE—¤ãƒnƒ“ƒ}[“Š‹àƒƒ_ƒ‹EƒAƒ“ƒ_[ƒZƒ“‚ª¢ŠE—ğ‘ã3ˆÊ‚Ì80m17I^ WAƒRƒ“ƒ`ƒlƒ“ƒ^ƒ‹ƒcƒA[,https://news.yahoo.co.jp/articles/4aa764251b71688d9a4a623dd65ea68cdd21fe6d,5/22(Œ) 13:13
getsuriku,y—¤ãz—q35km‹£•à‚ÅƒyƒŒƒX‚ª¢ŠEVI 2ŠÔ37•ª15•b‚Å]—ˆ‚Ì‹L˜^‚ğ29•bXVI^WA‹£•àƒcƒA[,https://news.yahoo.co.jp/articles/42137d9fbda11ae9b0d8011e0103944e6a90b111,5/22(Œ) 12:58
getsuriku,y‚•½Tm‚Ì‹“_z¢ŠE‰¤Ò‚ÌÀ—Í¦‚µ‚½ƒJ[ƒŠ[‚Ì9•b‘ä˜A”­ ‚»‚Ì·‚ğ–„‚ß‚é‚½‚ß“ú–{¨‚Í‚Ü‚¸10•b0‘ä‚ğ,https://news.yahoo.co.jp/articles/ae973a5f8ca3f216f375e082545c0e8bca3c4d39,5/22(Œ) 12:50
getsuriku,y—¤ãzƒJ[ƒŠ[‚ªu¢ŠEˆêv‚Ì‘–‚è100m9•b‘ä˜A”­ 110mHò’Jx‰î‚ª¢ŠE2ˆÊ‚Ì13•b07A‘–•’µE‹g“c‚ª¢ŠE—¤ã•W€“Ë”j8m26^ƒZƒCƒR[GGP,https://news.yahoo.co.jp/articles/561aee42a03201dede4ccbf06afe7c3cc0f2ffc0,5/22(Œ) 7:01
getsuriku,y—¤ãz’j—ƒXƒvƒŠƒ“ƒg‚Å‘å‰ïVI—qE“‡“c—M—t‚Í100mA200m‚Ì2Š¥@‚â‚è“ŠEÎâ—Í¬‚à76m77‚Ì‘å‰ïVV^’†‘À‹Æ’c,https://news.yahoo.co.jp/articles/595b1f35b7bb4b8ae11486bc115c3eef8b1d2ae5,5/21(“ú) 22:26
getsuriku,y—¤ãz’jq100m‰ªè”¹–í‚ª10•b22I’jq1–œmƒRƒGƒ`27•ª07•b71 —qO’i’µ‚Ìîà“‡^Dq‚ÍƒxƒXƒg‚É”—‚é13m72^‹ãBÀ‹Æ’c,https://news.yahoo.co.jp/articles/ee5d34a2962323d6f1a01a5eeb6563ded051cb87,5/21(“ú) 21:48
getsuriku,y—¤ãz’jq200m‚Í…‹v•ÛŸùŠ‚ª20•b43‚Ì©ŒÈVV@Œã”¼L‚Ñ”Y‚ñ‚¾Rãp—º‘¾‚Í4ˆÊ^“Œ“ú–{À‹Æ’c,https://news.yahoo.co.jp/articles/d12ad5f8ba66f9d86bc79b12dfdd13b4bb74bcee,5/21(“ú) 21:06
getsuriku,y—¤ãz‰““¡“úŒü‚ª3000m§‚· ğH‚©‚ç‚Ì¶ƒAƒLƒŒƒXäF’É–¾‚©‚µu–³—‚¹‚¸ƒpƒŠŒÜ—ÖvÆ€^ƒZƒCƒR[GGP,https://news.yahoo.co.jp/articles/22e8ef24e117e7c927df64b99ec7597afc2a1411,5/21(“ú) 20:35
getsuriku,y—¤ãz‚â‚è“Š¢ŠE—¤ã‘ã•\Eã“c•S”J‚ªèpŒã‰‚Ì60mƒI[ƒo[u‡’²‚É‰„‚Î‚¹‚Ä‚¢‚é‚Ìv^ƒZƒCƒR[GGP,https://news.yahoo.co.jp/articles/55c55dbc3ba4d0c6e9cb70cc8eed63e6e49b1095,5/21(“ú) 20:03
getsuriku,y—¤ãz400mH™‹Ê—Iì‚ª48•b77I¢ŠE—¤ã•W€‹L˜^‚É‚ ‚Æ0.07•bu™X‚É‹ß‚Ã‚¢‚Ä‚«‚½v^ƒZƒCƒR[GGP,https://news.yahoo.co.jp/articles/1e2af18d44014822ac919470fca48ad41dcd862e,5/21(“ú) 19:40
getsuriku,y—¤ãz‚â‚è“ŠE–kŒûY‰Ô‚Í61m34‚Å4ˆÊu”[“¾‚¢‚©‚È‚¢v‹v‚µ‚Ô‚è‚ÌŒË˜f‚¢^ƒZƒCƒR[GGP,https://news.yahoo.co.jp/articles/ccbc8a8a7744c757ae079e07e3f156e5a751dc63,5/21(“ú) 19:36
getsuriku,y—¤ãz’jq400mE’†“‡—C‹CƒWƒ‡ƒZƒt‚ª45•b31‚Ì“ú–{—ğ‘ã7ˆÊƒ^ƒCI u“ú–{‘IèŒ ‚Å•W€‹L˜^‚ğ“Ë”j‚µ‚½‚¢v^ƒZƒCƒR[GGP,https://news.yahoo.co.jp/articles/3cf20830aeebbe436f4b55e958ef28f8d76af769,5/21(“ú) 19:24
getsuriku,y—¤ãzO‰Y—´i3000máŠQ¡‹G‰í‚Í8•ª19•b07‚ÌŠÑ˜\Ÿ‚¿uŸ‚¿Ø‚ê‚½‚Ì‚ª—Ç‚©‚Á‚½v^ƒZƒCƒR[GGP,https://news.yahoo.co.jp/articles/a612f2f772a1bf11bba5acf4596c0bcfa8325db3,5/21(“ú) 19:14
getsuriku,y—¤ãz“c’†ŠóÀ‚ª—q1500m‚Å3”N‚Ô‚èV u‘«‚ª~‚Ü‚Á‚Ä‚µ‚Ü‚Á‚½‚¯‚ÇAŸ‚¿Ø‚ê‚Ä‚æ‚©‚Á‚½v^ƒZƒCƒR[GGP,https://news.yahoo.co.jp/articles/350adf93ae3ecde77001ec002e42f3ade2bef728,5/21(“ú) 19:06
getsuriku,y—¤ãz100mH“ú–{‰‚Ì12•b‘ä5lI“ú–{‹L˜^•ÛÒE•Ÿ•”^qu¢ŠE‚Æí‚¤‚½‚ß‚É•K—vv´R‚¿‚³‚Æ‚ª‘Ò–]‚Ì•Ç“Ë”j^ƒZƒCƒR[GGP,https://news.yahoo.co.jp/articles/f0bb186ec2a0ab1c3c0024d61b30cd7c00966d40,5/21(“ú) 19:02
getsuriku,y—¤ãz100mH›“c–¾“ú‚ª©ŒÈƒ^ƒC‚Ì12•b86IuC³‚©‚¯‚ê‚Î12•b7‘äv^ƒZƒCƒR[GGP,https://news.yahoo.co.jp/articles/8e33d4798043d86ba24b1c7258c80c94a3ce3153,5/21(“ú) 18:44
getsuriku,y—¤ãz’jq‘–•’µ‚Å‹g“cO“¹‚ª“ú–{—ğ‘ã3ˆÊ‚Ì8m26I ¢ŠE—¤ãQ‰Á•W€“Ë”jƒWƒƒƒ“ƒv‚Å¢ŠE‰¤Ò‚ÉŸ—˜I^ƒZƒCƒR[GGP,https://news.yahoo.co.jp/articles/0d5673dc7e3db241a8ac33c20d8681150d6a810a,5/21(“ú) 18:36
getsuriku,y—¤ãz110mHò’Jx‰î13•b07!!¡‹G¢ŠEƒŠƒXƒg2ˆÊ‚ÌŒƒ‘–u70“_‚­‚ç‚¢A‚à‚¤­‚µs‚«‚½‚©‚Á‚½v^ƒZƒCƒR[GGP,https://news.yahoo.co.jp/articles/50184e47685850f0920f2d78e6ab874de676b9bf,5/21(“ú) 18:27
getsuriku,y—¤ãzâˆä—²ˆê˜Y‚ª“ú–{lƒgƒbƒv‚Ì10•b10u9•b‘äo‚¹‚év¬’r—S‹M10•b11^ƒZƒCƒR[GGP,https://news.yahoo.co.jp/articles/71e06b55e4f66bd7459c26160d03d0df39fe2aa7,5/21(“ú) 18:08
getsuriku,y—¤ãz¢ŠE‰¤ÒƒJ[ƒŠ[ˆ³Šª‚ÌVIu‘f°‚ç‚µ‚¢•µˆÍ‹C‚¾‚Á‚½v—\‘IAŒˆŸ‚Æ‚à9•b‘ä^ƒZƒCƒR[GGP,https://news.yahoo.co.jp/articles/190b8515662fe185fed2dc881e250a0700b6ad86,5/21(“ú) 17:58
getsuriku,y—¤ãz‹Ë¶ËG‚ÍƒŒ[ƒX’†‚É¶‹r“÷—£‚êu“ú–{‘IèŒ ‚Í–³—B‚µ‚Á‚©‚è¡‚µ‚Ä–ß‚Á‚Ä‚«‚½‚¢v^ƒZƒCƒR[GGP,https://news.yahoo.co.jp/articles/e400b7df63cd9aa45f10ccbbc25007f7b2aa3f4c,5/21(“ú) 16:23
getsuriku,y—¤ãz’jq‚â‚è“Š‚ÍƒfƒB[ƒ“Œ³‹C‚ª82m03‚ÅV uƒg[ƒ^ƒ‹‚Æ‚µ‚Ä‚Í–‘«‚µ‚Ä‚¢‚Ü‚·v^ƒZƒCƒR[GGP,https://news.yahoo.co.jp/articles/d539095e19dd2f5dcdbac276f99853ac1584a66b,5/21(“ú) 15:59
getsuriku,y—¤ãz‘–•’µE`Ÿ”ü—é‚ª6m48‚Ì“ú–{lƒgƒbƒv‚àu‰÷‚µ‚¢vƒtƒ@ƒEƒ‹‚È‚ª‚ç“ú–{‹L˜^‚É”—‚é^ƒZƒCƒR[GGP,https://news.yahoo.co.jp/articles/e3f9b3d23836a284bd3c9bec49511f352d935714,5/21(“ú) 15:36
getsuriku,y—¤ãz‚±‚ê‚ª¢ŠE‚Ì‘–‚èIƒJ[ƒŠ[—\‘I‚Å9•b88!!íÉ“c‘å‹P‚ª10•b13‚Ì©ŒÈV^ƒZƒCƒR[GGP,https://news.yahoo.co.jp/articles/808ad74f6c45574d240a3dbe6cfab8f238e2d002,5/21(“ú) 15:24
getsuriku,y—¤ãzƒZƒCƒR[GGP¡“ú5.21ŠJÃI¢ŠEVS“ú–{ ƒgƒbƒv‘Iè‚ª‰¡•l‚Å‹£‰‰,https://news.yahoo.co.jp/articles/37ff7f0fbca3cad66edf9b0f8ba0d4fa1fd15035,5/21(“ú) 7:02
getsuriku,“càV—õ ‰p‘‚Å27•ª40•b40I¢ŠE—¤ã•W€“Ë”j‚È‚ç‚¸‚à¢ŠE’§í‚Ìp¦‚·,https://news.yahoo.co.jp/articles/fac5374c807b3e206d0f1665c0d0fde96fa260be,5/21(“ú) 6:53
getsuriku,y—¤ãz“ú–{‹L˜^•ÛÒ‚Ì”“cÀç‚ª8”N‚Ô‚è‘å‰ïV‚Ì4m32 ¢ŠE—¤ã‘ã•\‚Ì‰ª“c‹v”üqg9˜A”eh^“Œ“ú–{À‹Æ’c,https://news.yahoo.co.jp/articles/c729668690e4c02464bca58711009b75ba4dbd23,5/20(“y) 21:57
getsuriku,y—¤ãzƒZƒCƒR[GGPƒXƒ^[ƒgƒŠƒXƒg”­•\I100m—\‘IƒJ[ƒŠ[‚ÍíÉ“c‘å‹P‚Æ—×‚ÉI‹Ë¶A¬’rAâˆä‚ª“¯‘gI,https://news.yahoo.co.jp/articles/89dfc9dee72c87850d9c98b5eff52176862de9f2,5/20(“y) 21:25
getsuriku,y—¤ãz‚â‚è“Š¢ŠEˆê‚Ìƒo[ƒo[uƒnƒ‹ƒJ‚Æ‚Í‚¢‚Â‚à‘f°‚ç‚µ‚¢‡‚É‚È‚év^ƒZƒCƒR[GGP,https://news.yahoo.co.jp/articles/9b24624bb80705ae1ec9f4ef1cd0971564bbcd3e,5/20(“y) 19:23
getsuriku,y—¤ãzâˆä—²ˆê˜Yu’²q‚ªã‚ª‚Á‚Ä‚«‚Ä‚¢‚évíÉ“c‘å‹Puo‚é‚©‚ç‚É‚ÍƒxƒXƒg‚Ì‘–‚è‚ğv^ƒZƒCƒR[GGP,https://news.yahoo.co.jp/articles/82efca76ff5c6d264295a05ccf3863a2e6c1d445,5/20(“y) 19:05
getsuriku,y—¤ãz100m¢ŠE‰¤ÒƒJ[ƒŠ[u—Ç‚¢ƒŒ[ƒXA‘¬‚¢ƒŒ[ƒX‚ğŠú‘Ò‚µ‚Ä‚Ù‚µ‚¢v^ƒZƒCƒR[GGP,https://news.yahoo.co.jp/articles/6395b30e8473e49d5801c52b960cbde790f28d94,5/20(“y) 18:53
getsuriku,y—¤ãz1500m“c’†ŠóÀu¢ŠE‚É’Ê—p‚·‚é‘–‚è‚ğv•Ä‘‚ÅuŠy‚µ‚¢‹C‚¿–ß‚Á‚Ä‚«‚½v^ƒZƒCƒR[GGP,https://news.yahoo.co.jp/articles/9ec860f64ff1506b87daede5f9b85cc2abccbbd3,5/20(“y) 18:43
getsuriku,y—¤ãzO‰Y—´i 3000máŠQ‰í‚Öu¢ŠE—¤ã‚ÉŒü‚¯‚½’e‚İ‚É‚È‚é‚æ‚¤‚ÈƒŒ[ƒX‚ğv^ƒZƒCƒR[GGP,https://news.yahoo.co.jp/articles/c1723b2975ccffdd9a586171c71d52eddf4d7b0c,5/20(“y) 18:26
getsuriku,y—¤ãz‚â‚è“ŠE–kŒûY‰Ôu‚±‚±‚Ü‚Å‚Ì2‡‚æ‚è‚à—Ç‚¢‹L˜^‚ğvu‚·‚×‚Ä‚Ì—Í‚ğ‰Á‚¦‚évƒrƒbƒOƒXƒ[‘_‚¤^ƒZƒCƒR[GGP,https://news.yahoo.co.jp/articles/39f6cb1e27cd54b6901b13710addf4fa05505b96,5/20(“y) 18:15
getsuriku,y—¤ãz19”N¢ŠE—¤ã‰¤Ò‚Ì—é–Ø—Y‰î‚ª3”N2ƒ•Œ‚Ô‚è‚ÌƒŒ[ƒX 5000m‹£•à‚Å19•ª16•b55^“Œ“ú–{À‹Æ’c,https://news.yahoo.co.jp/articles/2b9fd179468f4deefca970614aa6078ff7c27334,5/20(“y) 13:40
getsuriku,y—¤ãz‘O“c—ö–í‚ªŒ»–ğˆø‘Şu‰‚ÉŒb‚Ü‚ê‚½vs‘D‹´‚‘ã‚É800m‚ZV•IH’†‹——£2Š¥,https://news.yahoo.co.jp/articles/13f655c397981cce80b0b5782e2414b9ea259dec,5/19(‹à) 21:13
getsuriku,y—¤ãz‘½“cC•½ “ú–{‘IèŒ ƒGƒ“ƒgƒŠ[‚¹‚¸ u1”Ô‚Ì–Ú•W‚ÍƒpƒŠvŠî‘b—ûK‚É’—Í‚·‚éŒˆˆÓ,https://news.yahoo.co.jp/articles/2d1337ebe99d5cf4ae4d174744f2bdaaf996dac4,5/19(‹à) 20:06
getsuriku,y—¤ãz“ú–{—¤˜A‚ªu—¤ã‹£‹Z‰ïŠJÃ‚ÌƒKƒCƒ_ƒ“ƒXv‚Ì”p~‚ğ”­•\@ƒRƒƒi‰Ğ‚Å‚Ì‘ÎôA‘Î‰‚ÉuS‚æ‚èŒä—çv,https://news.yahoo.co.jp/articles/6f25e20ca27e890df9d081ec7344cd04d70a0e15,5/19(‹à) 18:01
getsuriku,y—¤ãzU20¢ŠE‘IèŒ ‘ã•\EŒã“c’z‚ª1500m‚ÉƒGƒ“ƒgƒŠ[ ‘O‰ñ—DŸ‚Ì–_‚’µE¬—Ñ”üŒ ‘S“ú–{‘åŠw‰w“`‹æŠÔÜ‚ÌÂ–Ø—Úˆè‚ç“o˜^^U20“ú–{‘IèŒ ,https://news.yahoo.co.jp/articles/f039303db8c3a2b84dacfe340c91772743df118a,5/19(‹à) 16:48
getsuriku,y—¤ãz¢ŠE‰¤ÒƒJ[ƒŠ[Iƒo[ƒo[I‰¤‰Ã’jI‹Ë¶ËGA–kŒûY‰ÔA‹´‰ª—D‹PAO‰Y—´iA“c’†ŠóÀAò’Jx‰î‚ç‰¡•l‚Åw¢ŠEx‚É’§í^ƒZƒCƒR[GGP,https://news.yahoo.co.jp/articles/ccbd04d263776d6dde975ef7c2a8cfb0f5eaed9e,5/19(‹à) 15:48
getsuriku,y—¤ãz’jq100mŒˆŸ‚Í6Œ4“ú1835•ª‚É†–CI “ú–{‘IèŒ ‚Ìƒ^ƒCƒ€ƒe[ƒuƒ‹‚ª”­•\I,https://news.yahoo.co.jp/articles/ffd279e311962d3b98fccc2306ebfed58173c01e,5/19(‹à) 15:30
getsuriku,y—¤ãz“ú–{‘IèŒ ‚ÌƒGƒ“ƒgƒŠ[ƒŠƒXƒg”­•\I ‹Ë¶ËGA¬’r—S‹M‚Í100m‚Éê”O —qƒnƒ“ƒ}[“Š‚Éƒ}ƒbƒJ[ƒT[EƒWƒ‡ƒC‚ª‰Qí,https://news.yahoo.co.jp/articles/a13a76c22c6ff839d0bc4937acb6483db189b8c3,5/19(‹à) 14:56
getsuriku,y—¤ãzƒZƒCƒR[GGP ²“¡Œ\‘¿A¼•û‘åìA‰ª–{t”ü‚ç‚ªŒ‡ê 400m‹B‘Iè’Ç‰Á,https://news.yahoo.co.jp/articles/4507c00a8458a441afb9d9178d7794ce0fad6f74,5/19(‹à) 14:24
getsuriku,y—¤ãz—q400mH¢ŠE‹L˜^•ÛÒEƒ}ƒNƒ[ƒŠƒ“ ‘S•Ä‘IèŒ ‚Í400m‚Éoê ¢ŠE—¤ã‚Å‚Í’j—¬‡4~400mR‚Ìo‘–‚à–Úw‚·,https://news.yahoo.co.jp/articles/c0f258a48e70fb6fc1e5c510841f1a8e3a4141a5,5/19(‹à) 12:31
getsuriku,ƒ†ƒjƒNƒ—q—¤ã•”‚ªVƒ†ƒjƒtƒH[ƒ€‚¨”â˜I–ÚIŒã“¡–²‚çV‰Á“ü‘Iè‚à“oê,https://news.yahoo.co.jp/articles/f0f4a4296158bc1de2176dcc2bd77154c3e85812,5/19(‹à) 11:27
getsuriku,y—¤ãz100m¢ŠE‰¤ÒƒtƒŒƒbƒhEƒJ[ƒŠ[u‚·‚×‚Ä‚Í€”õ‚ª‘åØv‹àƒƒ_ƒ‹‚Æ¢ŠE‹L˜^‚Ög€”õhi‚ß‚é 5.21ƒZƒCƒR[GGPoê,https://news.yahoo.co.jp/articles/70b076c6fdce1a90a3b9ab44c2fe7d2cb0c2a4ca,5/18(–Ø) 16:41
getsuriku,y—¤ãz10km¢ŠE‹L˜^•ÛÒ‚ÌƒƒlƒbƒNƒXEƒLƒvƒ‹ƒg‚ªƒh[ƒsƒ“ƒOˆá”½‚Åb’è‘Ši’â~,https://news.yahoo.co.jp/articles/2b187d9c9c9defc5e1a408e632f743d41c384552,5/18(–Ø) 16:34
getsuriku,y—¤ãzƒAƒWƒA‘IèŒ 20km‹£•à‘ã•\‚ÉƒIƒŒƒSƒ“¢ŠE—¤ã8ˆÊ‚ÌZŠ‘åãÄ‚Æ‰‘ã•\‚Ì‘ºR—T‘¾˜YI —q‚Í“à“¡–¢—B•”~–ìŒôq‚ª‘Io,https://news.yahoo.co.jp/articles/47249fe15a3736df2a8869043daa8a32b21a5a3b,5/18(–Ø) 15:28
getsuriku,y—¤ãz2”N‚Ì‘å“‡•Ÿ‚ª1500m‘å‰ïV•5000m‚Ì2Š¥I —q‚Í’·“‡Œ‹ˆß‚ª400m‚Æ800m‚ğ§‚·^IH“È–ØŒ§‘å‰ï,https://news.yahoo.co.jp/articles/c446ca2abae54a8f35223c759975a6f546a00f94,5/17(…) 15:53
getsuriku,y—¤ãzíÉ“c¹‘å‚ª100mA‘–•’µA—¼ƒŠƒŒ[‚Ì4Š¥I100mH ‰¡R—Á—t‚ª14•b15‚Ì‘å‰ïVV^IHŒQ”nŒ§‘å‰ï,https://news.yahoo.co.jp/articles/93922556aa4f7ad310f8ecb261fcaea79bc6acf2,5/17(…) 15:35
getsuriku,y—¤ãzYKK‚ÌƒjƒRƒ‰ƒXEƒRƒVƒ“ƒxƒC‚ªƒh[ƒsƒ“ƒOˆá”½‚Åb’è‘Ši’â~ˆ•ª@1Œ‚Ìƒjƒ…[ƒCƒ„[‰w“`‚É‚àoê,https://news.yahoo.co.jp/articles/bec2a935cb51ae65d8d96b4003e3374465fe2b53,5/17(…) 13:17
getsuriku,y—¤ãzƒCƒ“ƒ^[ƒnƒC“s•{Œ§‘å‰ï T––‚É“Œ–kA“ŒŠC‚È‚ÇŸXŠJÃ ˆ¤’m‚Íğ‰Ä‚Ì‘S‘”eÒ‚ª“oêI,https://news.yahoo.co.jp/articles/e8dbfec5bb3ec3977abc8cef57ffc397f53ce520,5/16(‰Î) 18:00
getsuriku,y—¤ãzƒZƒCƒR[GGP’Ç‰Á‘Iè”­•\IƒIƒŒƒSƒ“¢ŠE—¤ã‘ã•\‚ÌŒN“ˆˆ¤—œ¹AŒä‰Æ£—ÎAR’†—M”T‚ç‘±X –m•”—–‚ªŒ‡ê,https://news.yahoo.co.jp/articles/d62192500848251e9648d737241cc35e612920d9,5/16(‰Î) 16:36
getsuriku,y—¤ãz‹gàVì—‚ª—q–_‚’µ‚Å3m90I—é–Ø—®ˆû‚ª1500m•5000m‚ğ§‚µ’†’·‹——£2Š¥I^IHç—tŒ§‘å‰ï,https://news.yahoo.co.jp/articles/76f029c0ade6a17eb3473f60e34e602ef3bee408,5/16(‰Î) 16:05
getsuriku,y—¤ãz’†“‡—C‹CƒWƒ‡ƒZƒt‚ªƒv[ƒ}‚Æƒp[ƒgƒi[ƒVƒbƒv’÷Œ‹I ƒƒ“ƒOƒXƒvƒŠƒ“ƒgŠú‘Ò‚Ìáè‚ªƒv[ƒ}‚Æ‚Æ‚à‚É¢ŠE‚ğ–Úw‚·,https://news.yahoo.co.jp/articles/33adbb0c4f7faa71ed17814b59ac57eef17a2ec6,5/16(‰Î) 12:47
getsuriku,y—¤ãzƒAƒVƒbƒNƒXuMETA SPEED SPv’…—p ¢ŠE‰¤ÒƒJ[ƒŠ[u—š‚«S’n—Ç‚¢v,https://news.yahoo.co.jp/articles/761df05f9389e6b02090a727e4bd5ef6dffa52fd,5/15(Œ) 22:16
getsuriku,y—¤ãz100m¢ŠE‰¤ÒƒJ[ƒŠ[‚ª—¤ãƒNƒŠƒjƒbƒNŠJÃIu©•ª‚ğM‚¶‚Ä‘Oi‚µ‚Ä‚­‚¾‚³‚¢v,https://news.yahoo.co.jp/articles/e54c24ff6b42ab5f36d09c40c544c21858746720,5/15(Œ) 21:44
getsuriku,yƒVƒ…[ƒYî•ñzƒAƒVƒbƒNƒX‚ª—D‚ê‚½”½”­«‚Æ„i—Í‚ğŒ“‚Ë”õ‚¦‚½uMETASPEED SPv‚ğ”­”„I ¢ŠE‰¤ÒEƒJ[ƒŠ[A“ú–{‹L˜^•ÛÒ‚ÌRãp—º‘¾‚à’…—p—\’è,https://news.yahoo.co.jp/articles/b08ffcf81b4d0f75d06a855843e6bcb2853fc999,5/15(Œ) 21:40
getsuriku,y—¤ãz“ú–{‘IèŒ ‚ÉV‚½‚É–kŒûY‰ÔAò’Jx‰î‚ç‚ªƒGƒ“ƒgƒŠ[A“c’†ŠóÀ‚Í1500m‚Æ5000m‚É“o˜^ ‘æ3’eŒöŠJ,https://news.yahoo.co.jp/articles/32b4c76aa2ac5724dbefc5e9b95458800e72d571,5/15(Œ) 17:47
getsuriku,y—¤ãz“cŒû˜ĞŠy‚ª—qO’i’µ‚Å12m81‚Ì‚Z—ğ‘ã7ˆÊI–_‚’µ‚Í“nç²á—‚ª3m82‚Ì‘å‰ïVVI^IHé‹ÊŒ§‘å‰ï,https://news.yahoo.co.jp/articles/a2ab25439f1d67ab8599313bff47838c0794721e,5/15(Œ) 16:08
getsuriku,y—¤ãz’jq100km‚Åƒ\ƒƒLƒ“‚ª¢ŠE‹L˜^‚ğã‰ñ‚é6ŠÔ5•ª35•bI 41Î‚Ì“Sl‚ª’nŒ³‚Å‰õ‹“‚ğ’B¬,https://news.yahoo.co.jp/articles/edf7ce2f15d79dad19c0cb3af9b797cb0f7e58a7,5/15(Œ) 13:50
getsuriku,y—¤ãz18ÎEƒqƒo[ƒg‚ªO’i’µ‚Å17m87‚ÌU20¢ŠEVI ƒEƒBƒ‹ƒ\ƒ“‚Í—q400mA400mH‚Ì2í–Ú‚Å¡‹G¢ŠEÅ‚,https://news.yahoo.co.jp/articles/088bf902b4adf6118ac7df966f016c00a601d27f,5/15(Œ) 13:30
getsuriku,y—¤ãz’jq‰~”Õ“ŠE–kŒ´”Šé‚ª53m75‚ÅŠÑ˜\Ÿ‚¿ —q100mHè’Ë–ƒˆß‚Í13•b42w‚Å§‚·^–kM‰zIC,https://news.yahoo.co.jp/articles/8c9e7d02970fa153a9380b7aceda583d26620c42,5/15(Œ) 12:38
getsuriku,y—¤ãz“ú‘Ì‘å ‘¼‚ğˆ³“|‚·‚é—q‘‡V3 å«‚Ì{“¡”ü÷u‹­‚¢‚Æ‚¢‚¤‚Ì‚ğM‚¶‚Ä‚«‚½v^ŠÖ“ŒIC,https://news.yahoo.co.jp/articles/6ab2134faa450fff8f8eb3a3e5013ba811964a99,5/15(Œ) 7:01
getsuriku,y—¤ãz‡‘å‚ª2”N‚Ô‚è17‰ñ–Ú‚Ì‰¤ÀIå«EoŒû°ãÄuS‚Ğ‚Æ‚Â‚É‚È‚ê‚½v^ŠÖ“ŒIC,https://news.yahoo.co.jp/articles/cd468b79447ebfc3255c0d558156b90da2af1316,5/15(Œ) 7:01
getsuriku,y—¤ãzíÉ“c‘å‹P‚ª‘å‰ïÅ—DG‘IèIuº‚ªŒÍ‚ê‚Ü‚µ‚½v100m‚Æ4Œp2Š¥AÅI“ú‚Í‘S—Í‰‰‡^ŠÖ“ŒIC,https://news.yahoo.co.jp/articles/7d89e4e7cf6d5a3853eac4cce2ac72398a1d4ea1,5/15(Œ) 7:01
getsuriku,y—¤ãz’}”g‘å13”N‚Ô‚èƒ}ƒCƒ‹ƒŠƒŒ[§”eI‰LàV”ò‰H‚ª‚2ˆÈ—ˆ‚ÌŒƒ‘–^ŠÖ“ŒIC,https://news.yahoo.co.jp/articles/898753bfe244af783cd25438cd67b69f57f5e4a5,5/14(“ú) 22:51
getsuriku,y—¤ãzÂŠw‘åEÂ–Ø•ä‰Ô‚ª400mH”ßŠè‚ÌV‚Åh•ê’´‚¦h•ƒ}ƒCƒ‹‚Æ2Š¥u‚â‚Á‚ÆŸ‚Ä‚Ü‚µ‚½v^ŠÖ“ŒIC,https://news.yahoo.co.jp/articles/70172a33656df5eb84c16d12f72a77b6ec6eed16,5/14(“ú) 22:20
getsuriku,y—¤ãz‰~”Õ“ŠE“’ã„‹P‚ª5”N‚Ô‚è‘å‰ïV ’jq100m‚Íã‘qŒcˆê‚ª§‚·^’†•”À‹Æ’c‘ÎR,https://news.yahoo.co.jp/articles/37420afcc9aea699cae1ca0e1855915df18ada11,5/14(“ú) 19:42
getsuriku,y—¤ãz¢ŠE—¤ã‘ã•\EŒÃ‰ê—F‘¾‚ª5000m‹£•à‚Å‘å‰ïVV 5000mÎˆä—D÷‚Í16”N‚Ô‚è‚É‘å‰ï‹L˜^XV ^ŠÖ¼À‹Æ’c,https://news.yahoo.co.jp/articles/0952ad78d8337ca7b0faa7bba03f292bbcbef397,5/14(“ú) 19:08
getsuriku,y—¤ãz200m‘‘åE¼—T‘å‚ª20•b51wI—qER‰z‚Æ’j—V^ŠÖ“ŒIC,https://news.yahoo.co.jp/articles/de3b06a9d557df3d099066dc73a927390cdfa678,5/14(“ú) 17:34
getsuriku,y—¤ãz’jq2•”800m“Œ‘å‚Ì–kŠİŒ’Œá‚ª‰ƒ^ƒCƒgƒ‹I“å’†E‚‘²u‚à‚Á‚Æã‚ğ–Úw‚µ‚½‚¢v^ŠÖ“ŒIC,https://news.yahoo.co.jp/articles/9f1bb97f0960fdf665ee30176046c4ee6951bb6d,5/14(“ú) 17:21
getsuriku,y—¤ãzO‰Y—´i ˆ³ŠªƒXƒp[ƒg‚Å5000m˜A”eIu–{—ˆ‚Ì‘–‚è‚Å‚«‚½v^ŠÖ“ŒIC,https://news.yahoo.co.jp/articles/7837e25dec7582400efa51446d1eec12b035ad85,5/14(“ú) 17:09
getsuriku,y—¤ãz2•”5000m“Œ”_‘åƒ‹[ƒL[E‘O“c˜a–€‚ªˆ³Šªƒfƒrƒ…[‚Ì“ú–{l2ˆÊ ‰w“`‚ÉŒü‚¯u100“‚Ì—Í‚ÅvŒ£‚µ‚½‚¢v^ŠÖ“ŒIC,https://news.yahoo.co.jp/articles/134770096ea0d706e7b6d0a1c7653b159049ad8d,5/14(“ú) 16:54
getsuriku,y—¤ãz’jq100m‚Ì‘½“cC•½‚ªƒŒ[ƒX•œ‹A 10•b63‚Å4ˆÊ uƒpƒŠŒÜ—Ö‚ÉŒü‚¯‚Ä‚Ü‚½1‚©‚çŠæ’£‚è‚½‚¢v^ŠÖ¼À‹Æ’c,https://news.yahoo.co.jp/articles/cc4aa8c6297335930df0c65c2e10c18f03e80dab,5/14(“ú) 15:54
getsuriku,y—¤ãz2•”5000m‚ÍÂŠw‘åE’ßì‚ª2”N˜A‘±“ú–{lƒgƒbƒv3ˆÊIu¡”N‚Í–l‚ªƒG[ƒX‚É‚È‚év^ŠÖ“ŒIC,https://news.yahoo.co.jp/articles/0c83c16262ac02d5ad271747e6e8aaf8a179d2f1,5/14(“ú) 15:51
getsuriku,y—¤ãzƒIƒ}ƒjƒƒƒ‰‚ª¡‹G¢ŠEÅ‚‚Ì9•b84I 800mƒƒjƒ‡ƒjƒC‚à1•ª43•b32 —q‘–‚’µƒ}ƒtƒ`ƒt‚Í¡‹G2mˆê”Ôæ‚è^WAƒRƒ“ƒ`ƒlƒ“ƒ^ƒ‹ƒcƒA[,https://news.yahoo.co.jp/articles/dbd337b4ae15477985e3a231543034c1532099fc,5/14(“ú) 13:10
getsuriku,y—¤ãz“Œ—m‘åE”~è˜@‚ªƒn[ƒt3ˆÊ‚Å2”N˜A‘±ƒƒ_ƒ‹I‰w“`V–Úw‚·“S®ŒR’c‚ğu‘–‚è‚Åˆø‚Á’£‚Á‚Ä‚¢‚«‚½‚¢v^ŠÖ“ŒIC,https://news.yahoo.co.jp/articles/40ca798d61a2602308d74fc9a6ba346692e09cb6,5/14(“ú) 13:09
getsuriku,y—¤ãz1•”3000mSC‚Í‘‘åEÒŠ—“Öi‚ª3˜A”eI•ê‚Ì“úV‚Åu‚¨•ê‚³‚ñ‚É‰¶•Ô‚µ‚µ‚½‚©‚Á‚½v^ŠÖ“ŒIC,https://news.yahoo.co.jp/articles/457f7da980289393275fb662ceb3ff0f2c37f9a0,5/14(“ú) 12:41
getsuriku,y—¤ãzÂŠw‘åå«Eu‹M—E“lu‚à‚¤­‚µƒ`[ƒ€“à‚Å‘ˆ‚¢‚ğv3000máŠQE¬Œ´‹¿‚Í‘å‰ïV^ŠÖ“ŒIC,https://news.yahoo.co.jp/articles/363d5df6d4fe0a0b1605f98c525779ae3eccd8fd,5/14(“ú) 11:40
getsuriku,y—¤ãz‹î‘åERì‘ñ”n‚ª2•”ƒn[ƒt2ˆÊu‘I‚Î‚ê‚½‚©‚ç‚É‚Í—DŸ‚µ‚½‚©‚Á‚½v^ŠÖ“ŒIC,https://news.yahoo.co.jp/articles/e070009a5f9afb250e847f5b6012c09a080b241d,5/14(“ú) 11:36
getsuriku,y—¤ãz’†‘åƒLƒƒƒvƒeƒ““’óm‚ª1•”ƒn[ƒt“ú–{lƒgƒbƒvIu‚Ü‚¾‚Ü‚¾‰Û‘è‚ ‚év^ŠÖ“ŒIC,https://news.yahoo.co.jp/articles/4972a7dffadbd766c83fa33e6ecb61f545999d6e,5/14(“ú) 11:29
getsuriku,y—¤ãz‹î‘åù•—~‚Ü‚ç‚¸I2•”ƒn[ƒtƒƒ“ƒc[IÔ¯—Y“lu4”N¶‚ÌˆÓ’nv^ŠÖ“ŒIC,https://news.yahoo.co.jp/articles/3c9ead4b1e6890b092a2ff08fcb4659bde598c8d,5/14(“ú) 10:54
getsuriku,y—¤ãz—q‚â‚è“ŠE–x“à—¥q‚ª©ŒÈVV ’jq2•”‘–•’µ‚Åì‰Æ–íŠó‚ª7m76‘å‰ïV^ŠÖ“ŒIC,https://news.yahoo.co.jp/articles/2ab753e824523036b8e474f3efe3dbe01f4e9b5a,5/14(“ú) 7:01
getsuriku,y—¤ãz–_‚’µEŒÃàVˆê¶‚ª”OŠè‚Ì‰—DŸu©M‚É‚È‚év©ŒÈV‚Ö‚àè‰‚¦^ŠÖ“ŒIC,https://news.yahoo.co.jp/articles/52d15a4a0942f449c545c6dcdfda8172b1c256ba,5/13(“y) 19:42
getsuriku,y—¤ãzƒ†ƒjƒo‘ã•\E‹gìˆº“l‚ª1–œm‹£•à§‚·uƒVƒjƒA‚Ì¢ŠE‘å‰ï–Úw‚µ‚½‚¢v^ŠÖ“ŒIC,https://news.yahoo.co.jp/articles/ddd79ec626449f3d1b3e29638c5718cec87452cb,5/13(“y) 19:26
getsuriku,y‚Z—¤ãz—q–_‚’µ‚Ì–öì”ü‹ói‘O‹´ˆç‰p‚3j‚ª‚Z—ğ‘ã5ˆÊ‚Ì4m07,https://news.yahoo.co.jp/articles/3b04aff8f725255ebf8db2da7fcd188f6c179a41,5/13(“y) 16:38
getsuriku,y‚Z—¤ãz—qO’i’µ‚Ì“cŒû˜ĞŠyi‘ÛŠw‰@3j‚ª‚Z—ğ‘ã7ˆÊ‚Ì12m81,https://news.yahoo.co.jp/articles/6df5ac672fcfbc080fafa36035a609bfba494ed1,5/13(“y) 15:32
getsuriku,y—¤ãzO’i’µE‘å’Ë—tŒ‚ª12m73‚Å—DŸu‚à‚¤­‚µ’µ‚×‚½vÂŠw‘å¨‚±‚Ìí–Ú‰V^ŠÖ“ŒIC,https://news.yahoo.co.jp/articles/68633662940274c556c8c27b8d60ea3ca7636ae2,5/13(“y) 12:37
getsuriku,yƒVƒ…[ƒYî•ñzƒv[ƒ}‚ªƒpƒtƒH[ƒ}ƒ“ƒXƒeƒNƒmƒƒW[‚Æƒtƒ@ƒbƒVƒ‡ƒ“«‚ğŒ“‚Ë”õ‚¦‚½uFASTROIDv‚ğ5Œ13“ú‚©‚ç”­”„,https://news.yahoo.co.jp/articles/107981338a8c67c736e7ce844afd858c9197e013,5/13(“y) 12:01
getsuriku,y—¤ãz’jq110mHƒƒ“ƒhƒ“¢ŠE—¤ã‘ã•\E‘åºG÷‚ªŒ»–ğˆø‘Ş 5.14ŠÖ¼À‹Æ’c‚ªƒ‰ƒXƒgƒŒ[ƒX,https://news.yahoo.co.jp/articles/df50608f9762cdc254a54208dc897bec91724df0,5/13(“y) 11:18
getsuriku,y—¤ãz{“¡”ü÷ —Ü‚Ì400mVu‰½“x‚à«‚ß‚æ‚¤‚Æv‚Á‚½‚¯‚Çcv“ú‘Ì‘å‚Ìå«‚ÌˆÓ’n^ŠÖ“ŒIC,https://news.yahoo.co.jp/articles/fe123367d7a47f74141637c99d71efb9f0814007,5/13(“y) 7:00
getsuriku,y—¤ãz100m2ˆÊˆäã’¼‹I‚ªŠ´‚¶‚½ƒ‰ƒCƒoƒ‹‚Æ‚Ì0.01•b‚Ì· 3ˆÊE’†‘º²‘¾‚ğ¬’·‚³‚¹‚½ˆÓ¯‚Ì•Ï‰»^ŠÖ“ŒIC,https://news.yahoo.co.jp/articles/277efb692eb41491da6b8898ff4e6d1dc2ded820,5/13(“y) 7:00
getsuriku,y—¤ãz“Œ‹ŒÜ—Ö‘ã•\‘g‚ª—q1–œm—Í‘–IˆÀ“¡—F‚ª32•ª53•b12‚Å4‘å‰ï˜A‘±V R’†—M”T‚ª1–œ‰’§í‚Å2ˆÊ^ŠÖ¼À‹Æ’c,https://news.yahoo.co.jp/articles/2aaad14fcd86358674fdbeebcbfc0bdd1c515016,5/12(‹à) 20:16
getsuriku,y—¤ãz100m‚Í’†‘åE“c˜H—y‚ª’ÇQ‚È‚ª‚ç11•b41!!uƒ‰ƒXƒgƒV[ƒYƒ“Ÿ‚¿‚½‚¢v‚¢‹­‚¢v^ŠÖ“ŒIC,https://news.yahoo.co.jp/articles/773ad60b479355bf96517feec6ebd8938a5e95cf,5/12(‹à) 18:46
getsuriku,y—¤ãz“Œ—m‘å‚ª5”N‚Ô‚è4ŒpV!!íÉ“c‘å‹P‚Í100m‚Æ2Š¥ ’†‘º²‘¾u‚±‚Ì‚½‚ß‚É‚â‚Á‚Ä‚«‚½v^ŠÖ“ŒIC,https://news.yahoo.co.jp/articles/3e2b6540e73ac87f73b93e52c6ee89030331aacc,5/12(‹à) 18:12
getsuriku,y‚Z—¤ãz’jq”ªí‹£‹Z‚Ì‹{‰º‹Pˆêis‘D‹´‚1j‚ª‚1—ğ‘ã4ˆÊ‚Ì5488“_I,https://news.yahoo.co.jp/articles/8adf1a8f0f836d0272f802568fc320c38697b9e6,5/12(‹à) 18:00
getsuriku,y—¤ãz110mH’r“cŠCu‚â‚Á‚ÆŸ‚Ä‚½v‘åŠí‚ª‚¤‚ê‚µ‚¢‰ƒ^ƒCƒgƒ‹u‚±‚ê‚ªƒXƒ^[ƒgƒ‰ƒCƒ“v^ŠÖ“ŒIC,https://news.yahoo.co.jp/articles/297d3c81bda9179aeef14108f78cf40619abe2c9,5/12(‹à) 17:32
getsuriku,y—¤ãzÂŠw‘åE‰F“cìu–î‚ª2•”1500m§‚·I˜A”e‘_‚Á‚½æ”yER“àŒ’“o‚ğ—}‚¦‚é^ŠÖ“ŒIC,https://news.yahoo.co.jp/articles/3aaf9c81574c27d404a0a986a1b6fa866b0503c2,5/12(‹à) 17:20
getsuriku,y—¤ãz“üŒ½ƒm‰î‚ª’jq’Z‹——£ŒÂl3Š¥I200m‚Í‘å‰ïV21•b53^IHR—œŒ§‘å‰ï,https://news.yahoo.co.jp/articles/837dc725ad8ee514030637768bf41b6de5dd22b8,5/12(‹à) 17:05
getsuriku,y—¤ãz100mH–{“c—åuŠ´Šo‚Â‚©‚ß‚½v’ÇQ13•b13!!‡‘å¨‚±‚Ìí–Ú‰V^ŠÖ“ŒIC,https://news.yahoo.co.jp/articles/1ec5c260ed0ac1d852363b1a287c54cca9091674,5/12(‹à) 17:01
getsuriku,y—¤ãzíÉ“c‘å‹P‚ª100m˜A”eI’Ç‚¢•—Ql10•b09‚àuƒoƒ‰ƒoƒ‰‚Ì‘–‚èv9•b‘äo‚¹‚¸‰÷‚µ‚³^ŠÖ“ŒIC,https://news.yahoo.co.jp/articles/8b1ef71d5f60623dc60af35f53f10c8624375fd1,5/12(‹à) 16:15
getsuriku,y—¤ãzƒZƒCƒR[GGP‚É²“¡Œ‘¾˜YA™‹Ê—IìA›“c–¾“úA“c’†—C”ü‚çoêIƒ}ƒCƒPƒ‹Eƒm[ƒ}ƒ“‚ªƒPƒK‚ÅŒ‡ê,https://news.yahoo.co.jp/articles/4535b87cdfea7665a78f222d20b8f36afecc5006,5/12(‹à) 14:50
getsuriku,y—¤ãz\í‹£‹ZƒŠƒIŒÜ—Ö‘ã•\‚Ì’†‘º–¾•F‚ª¡‹GŒÀ‚è‚Å‚Ìˆø‘Ş‚ğ•\–¾@400mH‚Å‚àƒƒ“ƒhƒ“ŒÜ—Öoê,https://news.yahoo.co.jp/articles/4bb96cdc4eee965f207c1d345ae3c681667bedca,5/12(‹à) 12:34
getsuriku,y—¤ãz’jq‰~”Õ“Š‚ÌƒsƒVƒƒƒ‹ƒjƒRƒ‚ªƒh[ƒsƒ“ƒOˆá”½ ƒGƒ`ƒIƒsƒA‚Ì—q’·‹——£EƒeƒVƒ‡ƒ‚à‘Ši’â~ˆ•ª ŠCŠO‚Å‚Ì‹Ö~•¨¿g—p~‚Ü‚ç‚¸,https://news.yahoo.co.jp/articles/930bf2a3d43c51fb6198cf3d744892bab98bbbc1,5/12(‹à) 11:48
getsuriku,y—¤ãz–_‚’µE¬—Ñ”üŒ‚ª1”N¶‚Å4m06‚Ì‘å‰ïVVu¡”N’†‚É4m20‚ğ’µ‚Ñ‚½‚¢v^ŠÖ“ŒIC,https://news.yahoo.co.jp/articles/3ae13481b95425358b8a68489ba1c1ad0f51c042,5/12(‹à) 7:01
getsuriku,y—¤ãz‹î‘åE“‚àV‘ñŠC‚ªŠ®‘S•œŠˆu4ˆÊ‚Å‚Í‚¨‚à‚µ‚ë‚­‚È‚¢vu‚·‚×‚Ä‚Ì‰w“`‚Å1‹æ‚ğv^ŠÖ“ŒIC,https://news.yahoo.co.jp/articles/5bb8a747d2fc0fb5ca096dd730551adcd239a966,5/12(‹à) 7:00
getsuriku,y—¤ãz‹î‘åE“‚àV‘ñŠC2•”1–œm“ú–{lƒgƒbƒv!!—¯Šw¶‘Šè‚Éˆê•à‚àˆø‚©‚¸4ˆÊ^ŠÖ“ŒIC,https://news.yahoo.co.jp/articles/b6326b5dc5f43871f361a7c91e4594f34c1a4eb6,5/11(–Ø) 20:40
getsuriku,y—¤ãz1–œm1•”“ú–{lƒgƒbƒv‚Í“ŒŠC‘åE‰Ô‰ªõÆIu‚à‚Á‚ÆƒCƒ“ƒpƒNƒg‚Ì‚ ‚éŒ‹‰Êc‚µ‚½‚¢v^ŠÖ“ŒIC,https://news.yahoo.co.jp/articles/0226f3eb7133e8f990ee6d51b0d709a985dad12f,5/11(–Ø) 19:29
getsuriku,y—¤ãz1•”1–œmÎ’Ë—zm‚ª“ú–{l2ˆÊ ˜Aí‚Å”æ˜J‚àuûŠn‚ ‚Á‚½v‘‘åƒG[ƒX‚Æ‚µ‚Ä”S‚è‚Ì‘–‚è^ŠÖ“ŒIC,https://news.yahoo.co.jp/articles/7510301dccb0d8935361eb19ab6516532f243361,5/11(–Ø) 19:20
getsuriku,y—¤ãzƒZƒCƒR[GGP’jq100m‚É‹Ë¶ËGA¬’r—S‹MAíÉ“c‘å‹P‚ç‚ªoêI ¢ŠE‰¤ÒEƒJ[ƒŠ[‚Æ‘ÎŒˆI,https://news.yahoo.co.jp/articles/b678d1e89b61b32c1dc04f59f22b788756bb173c,5/11(–Ø) 16:56
getsuriku,y—¤ãz‘–•’µE‰³’Ã”üŒ‚ª6m23w‚Å‘åŠw‰ƒ^ƒCƒgƒ‹u‰‰‡‚ğ‹C‚¿‚É‚ß‚½v^ŠÖ“ŒIC,https://news.yahoo.co.jp/articles/480d86ab06b1660551d482257e89120aa62b0f65,5/11(–Ø) 15:04
getsuriku,y—¤ãzíÉ“c‘å‹P10•b15Iˆäã’¼‹I10•b14I’Ç‚¢•—Ql‚È‚ª‚ç—\‘I‚©‚ç‰õ‘–^ŠÖ“ŒIC,https://news.yahoo.co.jp/articles/db18624f9530c26f748a5ed62261d402aeb50cd6,5/11(–Ø) 13:52
getsuriku,y—¤ãz3•”100m—Ñ‘ñ—D‚ª10•b24I’Ç‚¢•—Ql‚È‚ª‚çD‘–uŸ•‰‚ğ‘å–‚Év^ŠÖ“ŒIC,https://news.yahoo.co.jp/articles/32b7926a4f8cf1338d63aef93e1c812c0c5c6af5,5/11(–Ø) 13:09
getsuriku,‘O‘q•~‚ŠÄ“Â‚ÌV‰ëO‚ª•êZ“ú‘å‚ÌwŠöŠ¯‚ÉA”CI‘S‘‚Z‰w“`3“xV‚Ì–¼«,https://news.yahoo.co.jp/articles/fdcea9d66c3f1f1fccec083668345a547826a142,5/11(–Ø) 12:51
getsuriku,ƒuƒ_ƒyƒXƒg¢ŠE—¤ãAYBƒAƒWƒA‘å‰ï‚ÌƒXƒyƒVƒƒƒ‹ƒLƒƒƒXƒ^[‚É‚‹´®q‚³‚ñIu—E‹C‚ÆŠ´“®‚ğ‚¨“Í‚¯‚µ‚½‚¢v ‘‡i‰ï‚Í]“¡ˆ¤•Îˆä‘å—TƒAƒi,https://news.yahoo.co.jp/articles/5cf63a3601e05e818b280245b871c04060230190,5/11(–Ø) 12:37
getsuriku,y—¤ãz•Ÿ‰ª‘å XRÃ•ä‚ª’Z‹——£4Š¥I3000máŠQE‰Ô’J‚»‚ç‚ª‘å‰ïVV^‹ãBIC,https://news.yahoo.co.jp/articles/3016502efccd53fc38c073f5cb68466df0df4e97,5/11(–Ø) 11:55
getsuriku,y—¤ãz“ú–{‘IèŒ ‚É‘å”—Œ†5000mƒGƒ“ƒgƒŠ[Ioê‚·‚ê‚Î16”NˆÈ—ˆ ‹Ë¶ËGAâˆä—²ˆê˜Y‚ç‘æ2’eŒöŠJ,https://news.yahoo.co.jp/articles/d5d4584a6783e6d51b5178320b241500a2be111c,5/10(…) 21:08
getsuriku,y—¤ãz‘º’|ƒ‰ƒVƒbƒh‚ªƒPƒK‚Ì‚½‚ßƒZƒCƒR[GGP‚ğŒ‡ê U20—q‘–•’µ‹â‚ÌƒVƒ“‚ª’Ç‰ÁQí,https://news.yahoo.co.jp/articles/36b1e99ec82c18d3883b0e6169f9babe652bcd7e,5/10(…) 15:39
getsuriku,y—¤ãz–k‹ŒÜ—Ö‘–‚’µ‹àƒƒ_ƒŠƒXƒgƒAƒ“ƒhƒŒƒCEƒVƒ‹ƒmƒt@‘Ši’â~’†‚Ì‹£‹Z‰ïQ‰Á‚É‚æ‚è1”NŠÔ‚Ì’Ç‰Áˆ•ª,https://news.yahoo.co.jp/articles/3873c4e9871659eb251744f565a4dad8e7da15cd,5/10(…) 12:36
getsuriku,y—¤ãzƒZƒCƒR[GGP’jq3000máŠQoê‘Iè”­•\Iƒ†ƒjƒo‘ã•\EÒŠ—“ÖiA•“c’©“úA’×‘ê‘å‹L‚ç‚ªQí,https://news.yahoo.co.jp/articles/92aa80bb8e89ca489b757c6d20b43cc1d211c6a1,5/9(‰Î) 18:47
getsuriku,y—¤ãzƒCƒ“ƒ^[ƒnƒC“s•{Œ§‘å‰ï –¾“ú‚©‚çŠÖ“Œ5Œ§‡ŸŠJ–‹ À—ÍÒŸX“oê‚ÅƒnƒCƒpƒtƒH[ƒ}ƒ“ƒX‚Ì—\Š´,https://news.yahoo.co.jp/articles/6fade243e6b2c5965265cd23f03bc306bf023197,5/9(‰Î) 17:50
getsuriku,y—¤ãzƒtƒŒƒCƒU[Eƒvƒ‰ƒCƒX‚ª—«ƒAƒXƒŠ[ƒg”NŠÔMVP‚É‹P‚­Iƒ[ƒŒƒEƒX¢ŠEƒXƒ|[ƒcÜ‚ğóÜ,https://news.yahoo.co.jp/articles/43e30db8d969fb3f8d5c68d480ce20ef1ba4e120,5/9(‰Î) 14:25
getsuriku,y—¤ãzƒIƒŒƒSƒ“¢ŠE—¤ã200m‹à‚Ìƒ‰ƒCƒ‹ƒY‚ª150m‚Å14•b56I 110mHƒzƒƒEƒFƒC‚ª¡‹G¢ŠEÅ‚‚Ì13•b01,https://news.yahoo.co.jp/articles/b9ef5673278c37306fb4523c886b63fccb3bee26,5/8(Œ) 16:15
getsuriku,y—¤ãzì“à—D‹P‚ª2ŠÔ17•ª05•b‚Å4”N‚Ô‚è‚Ì—DŸI 2TŠÔ‘O‚É‚Íƒƒ“ƒhƒ“‚Éoê^ƒoƒ“ƒN[ƒo[ƒ}ƒ‰ƒ\ƒ“,https://news.yahoo.co.jp/articles/85babee45f9bed62ffb90baa0b4c4ff77992aa08,5/8(Œ) 15:37
getsuriku,y—¤ãz—q100mH›“c–¾“ú‚ªŸ¢‘ãƒAƒXƒŠ[ƒgˆç¬‚Ì‚½‚ß‚ÌƒgƒŒ[ƒjƒ“ƒOƒWƒ€‚ğİ—§I ƒNƒ‰ƒEƒhƒtƒ@ƒ“ƒfƒBƒ“ƒO‚àÀ{,https://news.yahoo.co.jp/articles/2ca839496421eb4c10772cac102e0f4aec2e894c,5/8(Œ) 15:10
getsuriku,y—¤ãzò’Jx‰î‚ª¡‹G‰í‚Å13•b25I›“c–¾“ú2”N‚Ô‚è©ŒÈV‚Ì12•b86A‰LàV”ò‰H200mV^–Ø“ì‹L”O,https://news.yahoo.co.jp/articles/2a18a02f3d6356638add9240a63cfd69c2a17d8a,5/8(Œ) 7:01
getsuriku,y—¤ãz“Œ‹ŒÜ—Ö‘ã•\‚Ì••”—E”nA’†‘º Œá‚ªƒpƒŠŒÜ—Ö‘Il‰ïoê“¦‚· ”Ñ“c‹M”V‚ÆˆÀˆä—Yˆê‚ÍMGCoêŒ Šl“¾I ^ƒvƒ‰ƒnEƒ}ƒ‰ƒ\ƒ“,https://news.yahoo.co.jp/articles/5dd8a3481f8fcf51f10d9859e4bd1e85c2f40ff4,5/7(“ú) 19:49
getsuriku,y—¤ãz‰LàV”ò‰H ˜Aí‚È‚ñ‚Ì200m20•b44‚Ì‘å‰ïVVu“ú–{‘IèŒ ‚ğŸ‚¿‚É‚¢‚­v^–Ø“ì‹L”O,https://news.yahoo.co.jp/articles/98017583aa2dd8f6420999efef695b2c07a88252,5/7(“ú) 17:08
getsuriku,y—¤ãz110mHò’Jx‰î ¡‹G¢ŠE5ˆÊ‚Ì13•b25Iu‰í‚É‚µ‚Ä‚Í—Ç‚¢ƒ^ƒCƒ€v2“x–Ú‚Ì¢ŠE—¤ã•W€“Ë”j^–Ø“ì‹L”O,https://news.yahoo.co.jp/articles/766e262b2d0088b4b36841f9523e3ce8fdbe7e1d,5/7(“ú) 16:07
getsuriku,y—¤ãz—q100mH“c’†—C”ü‚ª2‡˜A‘±©ŒÈV‚Ì12•b91I u‚Ü‚³‚©ƒxƒXƒg‚ªo‚¹‚é‚Æ‚Ív^–Ø“ì‹L”O,https://news.yahoo.co.jp/articles/d9df3cc1469431cdc8973117c9693f0ae47b55b5,5/7(“ú) 15:51
getsuriku,y—¤ãz›“c–¾“ú12•b86‚Ì©ŒÈVu‚Ü‚¾‚¢‚¯‚év‹x—{Œo‚ÄV‹«’n‚ÅŒÜ—Ö‚Ö^–Ø“ì‹L”O,https://news.yahoo.co.jp/articles/16ef6fe6ab854f547fc68653a632108d42e431f5,5/7(“ú) 15:35
getsuriku,y—¤ãz400mH•ì˜a÷‚Í49•b81‚Å‘‡2ˆÊuƒZƒCƒR[GGP‚Å•W€‘_‚¤v^–Ø“ì‹L”O,https://news.yahoo.co.jp/articles/5662732f4ff3a9aec7dae35ca62a667a517c3710,5/7(“ú) 14:07
getsuriku,y—¤ãz’jq400mH‚Í“›]ŠC“l‚ª49•b54‚Ì©ŒÈV‚ÅV @ƒOƒ‰ƒ“ƒvƒŠ‰—DŸ‚ÉuŸ‚Ä‚½‚Ì‚ÍƒrƒbƒNƒŠv^–Ø“ì‹L”O,https://news.yahoo.co.jp/articles/3c7839f7b19547aab3da73a316134d705497f65a,5/7(“ú) 14:00
getsuriku,y—¤ãz“c’†ŠóÀ‚ª1500m4•ª11•b10 —q5000m“nç²ØX”ü‚ª©ŒÈV‚Ì15•ª25•b48^Onƒgƒ‰ƒbƒNEƒtƒFƒXƒg,https://news.yahoo.co.jp/articles/3f9ed9c5415ec4da3140cbd36f3bd41dd4d35f7d,5/7(“ú) 12:56
getsuriku,y—¤ãzRãp—º‘¾17”NˆÈ—ˆ‚Ì200m‚Í21•b55 “ú–{‘IèŒ “¦‚·‚àu—ˆ”N‚Ì‚½‚ß‚ÉvŠoŒå‚¿“Ë‚«i‚Ş^–Ø“ì‹L”O,https://news.yahoo.co.jp/articles/54ad39183ad9e2fc3f9c8adf43594661c1e95daa,5/7(“ú) 12:00
getsuriku,y—¤ãz¬’r—S‹M‚ª100m10•b18•200m20•b87 Œä‰Æ£—Î‚Í100m‚Å11•b51 200m‚Í‰23•b‘äI^ƒIƒNƒVƒfƒ“ƒ^ƒ‹µ‘Ò,https://news.yahoo.co.jp/articles/47af2501e7f1f78f889932a6fda4d8e3e79bfb02,5/7(“ú) 11:49
getsuriku,y‚•½Tm‚Ì‹“_zdˆ³‚Ì’†‚Å©•ª‚ÌƒŒ[ƒX“O‚µ‚½âˆä—²ˆê˜Y ‹Ë¶‚Ì10•b03‚Å•µˆÍ‹C‚Íˆê•Ï,https://news.yahoo.co.jp/articles/c46e4dde6c663c5a22895f5971cd2f88fa123490,5/7(“ú) 11:21
getsuriku,y—¤ãz100mâˆä—²ˆê˜Y10•b12A‹Ë¶ËG10•b03I–kŒûY‰Ô‚ª‚Ü‚½‚àƒrƒbƒOƒXƒ[Aí•R—Y‘¾‚Í83m54^–Ø“ì‹L”O,https://news.yahoo.co.jp/articles/a12e5ff6a05416d4e1a262d8c131afe632998b56,5/7(“ú) 7:01
getsuriku,y—¤ãz20km‹£•à¢ŠE‰¤ÒER¼—˜˜a‚ª“Œ‹ŒÜ—ÖˆÈ—ˆ‚Ì”sí@1ŠÔ20•ª58•b‚Å3ˆÊ —DŸ‚Íƒsƒ“ƒ^ƒh^WA‹£•àƒcƒA[,https://news.yahoo.co.jp/articles/dd9ac3b4a042c7a1e2bbff8cd339b9b2d4e70be2,5/7(“ú) 7:01
getsuriku,y—¤ãzO’i’µEX–{–ƒ—¢q‚ªV“ú–{‹L˜^‚Íu“ú–{‘IèŒ ‚Éæ‚Á‚Ä‚¨‚­v2ˆÊEîà“‡^Dq‚ª“ú–{—ğ‘ã4ˆÊ‚Ì13m75^–Ø“ì‹L”O,https://news.yahoo.co.jp/articles/31276abc49a0436a48a59e2dc89cf71b7b652339,5/7(“ú) 7:00
getsuriku,y—¤ãz‚â‚è“ŠEí•R—Y‘¾‚ª“ú–{—ğ‘ã5ˆÊ‚Ì83m54!!3“x–Ú‘å‘ä‚Åus‚Á‚½‚Æv‚Á‚½v^–Ø“ì‹L”O,https://news.yahoo.co.jp/articles/144f17c1b6cced215077b3666f137b7680f80bb7,5/6(“y) 18:33
getsuriku,y—¤ãz’jq200m’†Šw‹L˜^•ÛÒ‚Ì“ú‹gÀ‚ª‹£—Öƒfƒrƒ…[I ƒvƒ‰í‚Í7Ô’†7’…,https://news.yahoo.co.jp/articles/fb2f9fc39ecc4f689e1ae75befe6590b959225d1,5/6(“y) 17:02
getsuriku,y—¤ãz’Ã”g‹¿÷ ’Ç•—Ql‚È‚ª‚ç8m00Iu­‚µŒ`‚É‚È‚Á‚½véR³‘¾˜Y‚à7m94‚Æ•œ’²^–Ø“ì‹L”O,https://news.yahoo.co.jp/articles/fb45e2d38aa368a7aba762a0a2c50373a963d3e6,5/6(“y) 16:05
getsuriku,y—¤ãz‹Ë¶ËG •œŠˆ‚Ì10•b03Iu–ß‚Á‚Ä‚«‚½vŒˆŸ2ˆÊ‚à[ÀŠ´^–Ø“ì‹L”O,https://news.yahoo.co.jp/articles/ec6b18edbf89e68adb6f02116ba91dc5523123f4,5/6(“y) 15:45
getsuriku,y—¤ãz100mâˆä—²ˆê˜Y10•b12‚Ì‘å‰ïV‚Å’nŒ³VuƒCƒ[ƒW’Ê‚è‘–‚ê‚½v^–Ø“ì‹L”O,https://news.yahoo.co.jp/articles/88198399c4a9eab7b638ee9d5eafe49cea0cbab6,5/6(“y) 15:15
getsuriku,y—¤ãz’†“‡—C‹CƒWƒ‡ƒZƒt400m45•b39IŠw¶—ğ‘ã5ˆÊ‚Ì‰õ‘–u44•b‘ä‚ğ’Ê‰ß“_‚Év^–Ø“ì‹L”O,https://news.yahoo.co.jp/articles/9d6f140f75bc2ecd65ffe964a842573c583916b6,5/6(“y) 13:51
getsuriku,y—¤ãz’jq‰~”Õ“Š‚Ìƒ`ƒF[‚ª70m70‚Ì‘å‰ïVV —q100mƒŠƒ`ƒƒ[ƒhƒ\ƒ“10•b76 ’jq200m‚ÍƒJ[ƒŠ[§‚·^DLƒh[ƒn,https://news.yahoo.co.jp/articles/f831f3f086bb20efeb1ada7104175b7664eb3117,5/6(“y) 13:33
getsuriku,y—¤ãz‹v•ÛR°Ø‚ª2ƒŒ[ƒX˜A‘±©ŒÈV‚àu52•b‘ä“Í‚©‚¸‰÷‚µ‚¢v^–Ø“ì‹L”O,https://news.yahoo.co.jp/articles/be9a5cc89dbebfc187cbd69a3d2e4513eec1b6a8,5/6(“y) 13:16
getsuriku,y—¤ãz2”N‚Ô‚èƒŒ[ƒX•œ‹A‚ÌƒPƒ“ƒuƒŠƒbƒW”ò’¹‚Í10•b53uƒXƒ^[ƒg‚ğ“¥‚İo‚¹‚Äƒzƒb‚Æ‚µ‚Ä‚¢‚Ü‚·v^–Ø“ì‹L”O,https://news.yahoo.co.jp/articles/dcaf12476a052b6d88ae8886e7049d576fbca0aa,5/6(“y) 12:53
getsuriku,y—¤ãz‚â‚è“ŠE–kŒûY‰Ô ˆ³Šª‚Ì64m43‘å‰ïVu‚¢‚Â‚©”ò‚Ôv^–Ø“ì‹L”O,https://news.yahoo.co.jp/articles/7ba837e664c018a5e817c87e47b36f656091d8bf,5/6(“y) 12:37
getsuriku,y—¤ãz‹Ë¶ËG‚ª100m—\‘I‚Å10•b03I3”N‚Ô‚è‚Ì10•b0‘ä‚Å•œŠˆ‚Ì‰õ‘–!!^–Ø“ì‹L”O,https://news.yahoo.co.jp/articles/7ab266b7eb312b75acea89420ae5b59a83008601,5/6(“y) 11:23
getsuriku,y—¤ãzƒfƒB[ƒ“Œ³‹C‚ªƒV[ƒYƒ“ƒxƒXƒg‚Ì79m44‚Å7ˆÊ@DL‰’§í‚Ì^–ì—F”‚Í‹L˜^c‚¹‚¸^DLƒh[ƒn,https://news.yahoo.co.jp/articles/591431712edb2f31579c8cb43f8c5b81ab8c6436,5/6(“y) 7:01
getsuriku,y—¤ãz’jq‰~”Õ“Š‚ÍK’·Tˆê‚ª56m15‚Å‹t“]Ÿ‚¿@–_‚’µ‚ÍŒ´Œû“Äu‚ªGPƒVƒŠ[ƒY˜AŸ^…ŒËµ‘Ò,https://news.yahoo.co.jp/articles/d8665b32751b7298e852c2b53beb042b9d4de262,5/5(‹à) 18:39
getsuriku,y—¤ãz‚¢‚æ‚¢‚æ–¾“ú‚©‚ç–Ø“ì‹L”O‚ªŠJ–‹I¢ŠE—¤ã“à’è‚Ì‚â‚è“ŠE–kŒûY‰ÔA‹Ë¶ËGA‰LàV”ò‰H‚ç‚ªoê,https://news.yahoo.co.jp/articles/e050a9cf73c3c48af75216b22ab74f1a75413a6c,5/5(‹à) 18:01
getsuriku,y—¤ãz‘Û‘å‰ïoê’â~’†‚ÌƒƒVƒA‚ªuƒ[ƒ‹ƒhEƒtƒŒƒ“ƒhƒVƒbƒvEƒQ[ƒ€ƒYv‚ğŒv‰æ@1984”NƒƒXŒÜ—Öƒ{ƒCƒRƒbƒg‚É‚àŠJÃ,https://news.yahoo.co.jp/articles/3f5b082e380595af4022045d0d3b1f5ad1cc9dde,5/5(‹à) 17:17
getsuriku,y—¤ãz1–œm§‚µ‚½‰–K˜a–çuã‚ÌƒXƒe[ƒW‚Åv2ˆÊ‚Ì“càV—õu¢ŠE—¤ã‚ÅŸ•‰‚µ‚½‚¢v^GG‚Ì‚×‚¨‚©,https://news.yahoo.co.jp/articles/82092bca5aca01e86bf5cf1bb41175901a1b8cca,5/5(‹à) 7:01
getsuriku,y—¤ãz1–œm‚Íƒ}ƒ‰ƒ\ƒ“¢ŠE—¤ã‘ã•\‚Ì‰Á¢“c—œ‰Ô‚ª§‚·uƒ}ƒ‰ƒ\ƒ“ãˆÊ“üÜ–Úw‚µ‚½‚¢v^GG‚Ì‚×‚¨‚©,https://news.yahoo.co.jp/articles/87b3ec0a8d66d01ff843ab10834645a8e50792d7,5/5(‹à) 7:00
getsuriku,y—¤ãzœA’†——œ‰À 1–œm‘¦“à’è‚È‚ç‚¸u¢ŠE‚Ì‘Iè‚Æí‚¤‚Æ‚¢‚¤‹­‚¢‹C‚¿‚ğv“~‚ÌƒAƒLƒŒƒXäF’É‚ª‹¿‚­^GG‚Ì‚×‚¨‚©,https://news.yahoo.co.jp/articles/105680f3c3dfbd455067fb527c194ce2057ed755,5/5(‹à) 7:00
getsuriku,y—¤ãzœA’†——œ‰À 4ˆÊ‚Å‘ã•\‘¦“à’è‚È‚ç‚¸uƒ_ƒƒ_ƒ‚È’²q‚Å•sˆÀ‚Å‚µ‚½v^GG‚Ì‚×‚¨‚©,https://news.yahoo.co.jp/articles/86cde231bfe4aadfb14d14bbc35b76ec41f2e833,5/4(–Ø) 23:14
getsuriku,y—¤ãz“càV—õ‚Í27•ª51•b21‚Å2ˆÊuÅŒã‚Ü‚Å‚ ‚«‚ç‚ß‚È‚¢v5Œ20“ú‰p‘‚Å¢ŠE—¤ã•W€‹L˜^‘_‚¤^GG‚Ì‚×‚¨‚©,https://news.yahoo.co.jp/articles/0a616d2937d52c2f06446a82ee4612fcb52082a4,5/4(–Ø) 22:49
getsuriku,y—¤ãz‰–K˜a–ç‚ª10000mVIuŸ‚¿Ø‚ê‚Ä—Ç‚©‚Á‚½v“càV—õ‚Æ‚Ìƒ‰ƒXƒgŸ•‰§‚·^GG‚Ì‚×‚¨‚©,https://news.yahoo.co.jp/articles/7fc86dcf59ea298047b19c1636592bcedfac3fd9,5/4(–Ø) 22:37
getsuriku,y—¤ãz—é–Ø‰èƒPƒK–¾‚¯‚àu‹î‘å‚Ìå«‚Æ‚µ‚ÄvŠw¶ƒgƒbƒv‚Ì13•ª28•b25^GG‚Ì‚×‚¨‚©,https://news.yahoo.co.jp/articles/4f9278436d8c731ded4a895779c67600f29bd31f,5/4(–Ø) 21:00
getsuriku,y—¤ãzˆÉ“¡’B•F‚ª5000m“ú–{—ğ‘ã8ˆÊ‚Ì13•ª17•b65‚Å•œ’²Iu26•ª‘ä‚ÅƒpƒŠŒÜ—Ö‚Öv^GG‚Ì‚×‚¨‚©,https://news.yahoo.co.jp/articles/aa46256694db76de8d4c9a81b87bda0349358e1e,5/4(–Ø) 20:51
getsuriku,y—¤ãz“Œ‹‘Û‘å ‹ÁˆÙ‚Ìƒ‹[ƒL[EƒGƒeƒB[ƒŠ‚ª5000m13•ª00•b17!!uƒxƒŠ[ƒnƒbƒs[v^GG‚Ì‚×‚¨‚©,https://news.yahoo.co.jp/articles/c7fa4aca8ee85821193d7538d5291ff8cb0f9f5e,5/4(–Ø) 20:30
getsuriku,y—¤ãz3000máŠQ¢ŠE—¤ã‘ã•\ R’†—M”T5000m‚Å15•ª33•b42‚Ì©ŒÈVu—ˆ”N“ú–{‹L˜^‚ğo‚·‚½‚ß‚Év–{E••ˆó^GG‚Ì‚×‚¨‚©,https://news.yahoo.co.jp/articles/39a26e08f8f3ee3f0dc763ba99e3150e7b0b806f,5/4(–Ø) 19:27
getsuriku,y—¤ãzƒIƒŒƒSƒ“¢ŠE—¤ã‘ã•\‚Ì‰““¡“úŒü‚ÍŠüŒ @4Œ‚É5000m13•ª34•b02‚ğƒ}[ƒN^GG‚Ì‚×‚¨‚©,https://news.yahoo.co.jp/articles/52310b247d08659085bf60810fa09998db3475b9,5/4(–Ø) 18:57
getsuriku,y—¤ãzˆ®‰»¬ƒ‹[ƒL[3l‚ª5000m‚Éoê ˆäì—´l13•ª56•b37u1–œm“ú–{‘IèŒ ‚Åæ“ª‘ˆ‚¢‚ğv^GG‚Ì‚×‚¨‚©,https://news.yahoo.co.jp/articles/aa69b9583e09371603551b038c0fca83779437f9,5/4(–Ø) 18:07
getsuriku,y—¤ãz8Œ‚Ì–kŠC“¹‚ÖI“Œ‹‚ğ”çØ‚è‚ÉƒCƒ“ƒ^[ƒnƒC“s•{Œ§‘å‰ï‚ª–¾“ú‚©‚çƒXƒ^[ƒgI,https://news.yahoo.co.jp/articles/9d0a3a5c8b70c5a87857453167c48f822e8c1991,5/4(–Ø) 17:03
getsuriku,y—¤ãz…ŒËµ‘Ò‚ª5“ú‚ÉŠJ–‹I “ú–{‹L˜^•ÛÒ‚Ì’jq‰~”Õ“Š‚Ì’ç—Yi‚Æ—q–_‚’µ‚Ì”“cÀç‚ç‚ªoê,https://news.yahoo.co.jp/articles/2dc5eb2453b308af9363e0c873254085752d1212,5/4(–Ø) 16:00
getsuriku,y—¤ãz‹àŠÛ—SO‚³‚ñA‰¡“c^l‚³‚ñ‚ç‚ª4~400mƒŠƒŒ[‚É“oêIƒ}ƒXƒ^[ƒY¢ŠE‹L˜^‚Ü‚Å‚ ‚Æ0.11•b‚Ì3•ª17•b93‚ÆŒƒ‘–^Ã‰ª‘Û,https://news.yahoo.co.jp/articles/6455cf89930135b275d6213a674199e76acc20f7,5/4(–Ø) 7:01
getsuriku,y—¤ãzˆÀ’èŠ´‘‚µ‚½`Ÿ”ü—é ‚¢‚æ‚¢‚ægƒCƒPƒNƒ~’´‚¦h‚Æ¢ŠE—¤ã•W€“Ë”j‚ÖuŠy‚µ‚İ‚Í‚¨—a‚¯v^Ã‰ª‘Û,https://news.yahoo.co.jp/articles/6b2fe21548b0e54b3f2c10564ad25ceca13c7db5,5/4(–Ø) 7:01
getsuriku,y—¤ãz‰LàV”ò‰H‚ª200m20•b10w‚Ì‰õ‘– ²“¡Œ‘¾˜Y‚ª8”N‚Ô‚è©ŒÈƒxƒXƒgXV ƒnƒ“ƒ}[“ŠE”‘º—º‘¾‚ª72m92‚Ì©ŒÈVV^Ã‰ª‘Û,https://news.yahoo.co.jp/articles/ec45783f57611843b2256decbe892ac5f693d7f5,5/4(–Ø) 7:01
getsuriku,y—¤ãz’jq400mƒn[ƒhƒ‹‚ÌƒJƒ‹ƒ”ƒBƒ“Eƒf[ƒ”ƒBƒX‚ªÀ‹ 51Î ƒAƒgƒ‰ƒ“ƒ^ŒÜ—Ö“ºƒƒ_ƒŠƒXƒg,https://news.yahoo.co.jp/articles/a309917b2b2fc9cd83f01cb8cb3163413c7cc6af,5/3(…) 22:35
getsuriku,y—¤ãz17”N¢ŠE‘IèŒ —q100m—‰¤‚ÌƒgƒŠEƒ{ƒEƒB[‚ª32Î‚Å€‹@ƒŠƒIŒÜ—Ö‚Å‚Í3‚Â‚Ìƒƒ_ƒ‹‚ğŠl“¾,https://news.yahoo.co.jp/articles/9ed541c64c8372699c42dab9179e741c077cd99b,5/3(…) 21:56
getsuriku,y—¤ãz12”Nƒƒ“ƒhƒ“ŒÜ—Ö800m‹âƒAƒ‚ƒX‚ª3”NŠÔ‚Ì‘Ši’â~ˆ•ª ğ”N6Œ‚É‹Ö~–ò•¨‚Ì—z«”½‰,https://news.yahoo.co.jp/articles/2c2aeeecde7c668f1aa770fe2e4cb0c3ca83f252,5/3(…) 21:05
getsuriku,y‚•½Tm‚Ì‹“_z©•ª‚Ì‹­‚İˆø‚«o‚µ‚½‰LàV”ò‰H‚Ì20•b10w ãRA”Ñ’Ë‚ÌŠª‚«•Ô‚µ‚Å200m‚àŠˆ‹µ‚Ö^Ã‰ª‘Û,https://news.yahoo.co.jp/articles/ba33beab30c81cf8db4eed23997cc067f2a45a3d,5/3(…) 18:54
getsuriku,y—¤ãz400mHì‘º—D‰À58•b12‚Å§‚· 2˜A‘±©ŒÈVuƒ‰ƒXƒg‚Éè‰‚¦vÅŒã‚ÌŠÖ“ŒƒCƒ“ƒJƒŒ‚É—Õ‚Ş^Ã‰ª‘Û,https://news.yahoo.co.jp/articles/0cfe58102dd3cd4fb89eb353eacd9f39228eaad0,5/3(…) 18:37
getsuriku,y—¤ãz‚2‚Ì¬j—z—t‚ª’nŒ³‚Å–ô“®I200m‚Å‚Z—ğ‘ã3ˆÊ‚Ì23•b52!!uŒ§‹L˜^XV‚µ‚½‚¢v^Ã‰ª‘Û,https://news.yahoo.co.jp/articles/7cd18ef2bb33ab4917714ecf37f330a8bfa7b3d2,5/3(…) 18:13
getsuriku,y—¤ãz400m²“¡Œ‘¾˜Y8”N‚Ô‚è‚Ì©ŒÈVI“ú–{—ğ‘ã7ˆÊ‚Ì45•b31u¢ŠE‚ÌŒˆŸ‚Åí‚¢‚½‚¢v^Ã‰ª‘Û,https://news.yahoo.co.jp/articles/6a8ded7204316d3af92792d623d8e08989e67c9f,5/3(…) 17:56
getsuriku,y—¤ãz400mH™‹Ê—Iì‚ªêŒM‚ÌVI1•bˆÈã©ŒÈƒxƒXƒgXV‚Ì49•b01u‰÷‚µ‚¢v‚¢‚µ‚Ä‚«‚½v^Ã‰ª‘Û,https://news.yahoo.co.jp/articles/db8666488ed16d1d0e1dd585c6f23fa9d3d3c865,5/3(…) 17:42
getsuriku,y—¤ãz‰LàV”ò‰H‚ÌÕŒ‚Ä‚ÑI’ÇQ‚È‚ª‚ç200m20•b10!!u‚¨‘Ò‚½‚¹‚µ‚Ü‚µ‚½v^Ã‰ª‘Û,https://news.yahoo.co.jp/articles/7f9ee0b776e2a06e9627bfbb506ee3004059911f,5/3(…) 17:28
getsuriku,y—¤ãz`Ÿ”ü—é 6m75!!“ú–{—ğ‘ã4ˆÊ‚Ì©ŒÈ‹L˜^‚ğ8cmXVu‚‚­ã‚ª‚é“¥‚İØ‚è‚Å‚«‚È‚©‚Á‚½v^Ã‰ª‘Û,https://news.yahoo.co.jp/articles/d51cbd07d19522dd0853b5351ed1cab77c6c3075,5/3(…) 17:11
getsuriku,y—¤ãz4“ú‚ÉƒS[ƒ‹ƒfƒ“ƒQ[ƒ€ƒYin‚Ì‚×‚¨‚©‚ªŠJ–‹IƒIƒŒƒSƒ“¢ŠE—¤ã10000m‘ã•\“càV—õEœA’†——œ‰À‚ç‚ª“oê,https://news.yahoo.co.jp/articles/3ec084c855a2417551232c22b58a3c13f29f3d87,5/3(…) 16:31
getsuriku,y‚Z—¤ãz’jq100m•–ØŠCãÄi“Œ•Ÿ‰ª‚3j‚ªŒü‚©‚¢•—‚Å‚Z—ğ‘ã8ˆÊƒ^ƒC‚Ì10•b28I,https://news.yahoo.co.jp/articles/c9fc110658fecb80b624281d3ffad64201370608,5/3(…) 14:49
getsuriku,y—¤ãz800mª–{‘å‹P‚ª1•ª46•b78‚ÅVI¡‹G‚Åˆø‘ŞŠoŒåu‘Sˆõ‚ÉŸ‚Á‚ÄI‚í‚è‚½‚¢v^Ã‰ª‘Û,https://news.yahoo.co.jp/articles/18c2e828b4bdef2a5437d5fb2b9b5294c067031d,5/3(…) 14:28
getsuriku,y—¤ãz’jq–CŠÛ“ŠEƒNƒ‹[ƒU[‚ª‘å‰J‚Ì’†22m38‚Å‰õŸI 110mHƒuƒŠƒbƒg‚Í13•b29^ƒhƒŒƒCƒNƒŠƒŒ[,https://news.yahoo.co.jp/articles/5eca6205776a5f4a7eb2cb1b487663b45d356c19,5/3(…) 12:19
getsuriku,y—¤ãz16Îƒ_ƒ”ƒmƒƒ‚ª—qO’i’µ13m99‚Åˆ³ŸI@’†‘‚ª15í–Ú‚Å‹àƒƒ_ƒ‹^U18ƒAƒWƒA‘IèŒ ,https://news.yahoo.co.jp/articles/8a129849438314e63f7ebbb4ba615407a7188194,5/2(‰Î) 20:19
getsuriku,y—¤ãzƒTƒjƒuƒ‰ƒEƒ“A‹´‰ª—D‹PA•Ÿ•”^q‚ç‚ªoê“o˜^I 15“ú‚ÉƒGƒ“ƒgƒŠ[’÷‚ßØ‚è^“ú–{‘IèŒ ,https://news.yahoo.co.jp/articles/507702714ad8fb7f14f8140ff7201054c10573f7,5/2(‰Î) 18:58
getsuriku,y—¤ãzÃ‰ª‘Û‚ª3“ú‚ÉŠJ–‹I ƒIƒŒƒSƒ“¢ŠE‘IèŒ ‘ã•\‚Ì”Ñ’ËãÄ‘¾A•ì˜a÷‚ç‚ª‘µ‚¤,https://news.yahoo.co.jp/articles/2743db3a3e563b2186a5cd1805065671a5af6d23,5/2(‰Î) 17:30
getsuriku,y—¤ãz“càV—õA‰–K˜a–ç‚ç1–œm‚Å¢ŠE—¤ã–Úw‚· œA’†——œ‰Ô‚Í3ˆÊˆÈ“à‚Å‘ã•\‚É“à’è^ƒS[ƒ‹ƒfƒ“ƒQ[ƒ€ƒY,https://news.yahoo.co.jp/articles/f3678a54af83ae8cd4c82c1fc3433c9620cf6dc8,5/2(‰Î) 16:40
getsuriku,y—¤ãzuƒgƒ‰ƒbƒN‚Å¢ŠE‚ğ–Úw‚µ‚ÄŠæ’£‚Á‚Ä‚¢‚«‚Ü‚·v’·‹——£‚Ì’|“àéD‚ª•xmR‚Ì–Á…‚ÉˆÚĞ,https://news.yahoo.co.jp/articles/d75f7579c2ca23e38e2d01bc8b79ed85a66571f9,5/2(‰Î) 15:12
getsuriku,y—¤ãz2023”Nƒ_ƒCƒ„ƒ‚ƒ“ƒhƒŠ[ƒO‚ª‚¢‚æ‚¢‚æƒXƒ^[ƒgI ŠJ–‹í‚Ìƒh[ƒn‘å‰ï‚É^–ì—F”AƒfƒB[ƒ“Œ³‹C‚ªƒGƒ“ƒgƒŠ[,https://news.yahoo.co.jp/articles/4ca7f4722b2d881475178649213f36ab46cac004,5/2(‰Î) 14:31
getsuriku,y—¤ãzƒTƒjƒuƒ‰ƒEƒ“¡‹G2ƒŒ[ƒX–Ú‚Í10•b16w ‘–•’µE‹´‰ª—D‹P‚ª8m11‚ÅƒV[ƒYƒ“ƒCƒ“I,https://news.yahoo.co.jp/articles/2eaeab862994ceccc63165717c238a5d2736a8cd,5/1(Œ) 22:20
getsuriku,y—¤ãzƒXƒYƒL‚ÉˆÀ“c‹¤‹M‚ª‰Á“üI 3Œ‚Ì‹Ê–¼ƒn[ƒt‚Å1ŠÔ2•ª52•b‚Ì©ŒÈV u“ú–{‚ğ‘ã•\‚·‚éƒ}ƒ‰ƒ\ƒ“‘Iè‚É‚È‚ê‚é‚æ‚¤‚ÉŠæ’£‚è‚½‚¢v,https://news.yahoo.co.jp/articles/314e1a0f96f298b7845c773c39124485b77f3276,5/1(Œ) 21:27
getsuriku,y—¤ãz’†‰›”­Š‚Ì’|“àéD‚ª‘Ş•” 2”N˜A‘±‚Å“ú–{‘IèŒ 5000moê u‚±‚Ìƒ`[ƒ€‚Å¬’·‚Å‚«‚½–‚ÍàY‚Å‚ ‚èŒÖ‚èv,https://news.yahoo.co.jp/articles/d58a1056ac40e0bc042cff278dc96aab72f7ad7c,5/1(Œ) 20:53
getsuriku,y—¤ãzŠÖ“ŒƒCƒ“ƒJƒŒW’c‰‰‡‚ª4”N‚Ô‚è‚É‰ğ‹ÖIŠeZ‚ÌŒÂ«“I‚È‰‰‡‚ª•œŠˆ‚Ö,https://news.yahoo.co.jp/articles/9b50b17f56b8b978a79e86b11a1b3edbdb20b03e,5/1(Œ) 20:37
getsuriku,y—¤ãz‘å’Ë»–ò—qƒR[ƒ`‚Ésì•u‚ªA”C 3Œ‚Ü‚ÅƒƒR[ƒ‹‚ÌŠÄ“Â‘ãs–±‚ß‚é,https://news.yahoo.co.jp/articles/661835dc8bf562ea4fc086d4c47c3dd348fb1b65,5/1(Œ) 20:05
getsuriku,y—¤ãzƒgƒˆƒ^©“®Ô‚ÉU20¢ŠE‘IèŒ ‹â‚ÌƒRƒŠƒ‹EƒtƒFƒŠƒbƒNƒX‚ª‰Á“üI u5000m‚Å‚Ì©ŒÈƒxƒXƒgA‰w“`‚Å‚ÌŠˆ–ô‚ğv,https://news.yahoo.co.jp/articles/fefc5f54e373bea627881fd96db8f8661c473cf9,5/1(Œ) 19:26
getsuriku,“Œ‹ŒÜ—Ö‘ã•\‚Ì’†‘º Œá5/7‚Ìƒvƒ‰ƒnƒ}ƒ‰ƒ\ƒ“oê‚ÖƒpƒŠŒÜ—ÖMGC‚Öƒ‰ƒXƒgƒ`ƒƒƒ“ƒX,https://news.yahoo.co.jp/articles/333e29b43c24b41b84f3a84a319c23da627e3c15,5/1(Œ) 19:22
getsuriku,ã“c½mƒRƒ‰ƒ€‰_ŠO‘““V^‘æ32‰ñuV‚½‚È‚é’§í g1985”N‚Ìth`ì‚©‚çR—œ‚Ö`v,https://news.yahoo.co.jp/articles/74b1673bc89f1fd6e79a3b3485e1fcef2b8b47fa,5/1(Œ) 18:03
getsuriku,y—¤ãz“Œ‹ŒÜ—ÖAƒIƒŒƒSƒ“¢ŠE‘IèŒ 5000m‘ã•\‚Ì”‹’J•–‚ª“dŒ‚ˆø‘ŞI u—¤ã‹£‹Z‚©‚çŠw‚ñ‚¾‚±‚ÆAŒoŒ±‚µ‚½‚±‚Æ‚Í©•ª‚Ìˆê¶‚Ì•óv,https://news.yahoo.co.jp/articles/0a136d137714cbd6184e24ae37b44b47c5671218,5/1(Œ) 14:38
getsuriku,y—¤ãz’†•”À‹Æ’cMVP ‹£•à‚ÌR¼—˜˜a‚Æ‰€“c¢—æ“Ş‚ªƒ_ƒuƒ‹óÜ R¼‚Í19A21”N“x‚ÉŸ‚¢‚Å3“x–Ú‚ÌóÜ,https://news.yahoo.co.jp/articles/b0c7180784664ec38244e5e471c06aec83876281,5/1(Œ) 13:21
getsuriku,ƒ[ƒ}ŒÜ—Ö’jq‘–•’µ‹à‚Ìƒ‰ƒ‹ƒtEƒ{ƒXƒgƒ“‚ª€‹ 83Î ¢ŠE‹L˜^‚ğ6“x÷—§,https://news.yahoo.co.jp/articles/12053bc32ca444e53611efd56b11130afeeb1953,5/1(Œ) 13:21
getsuriku,y—¤ãz\í‹£‹ZEƒeƒBƒ‹ƒK‚ª8482“_‚Ì‘å‰ïV‚Å‰õŸ µí‹£‹Z‚Íƒuƒ‹ƒbƒNƒX‚ª§‚·^WA¬¬ƒcƒA[,https://news.yahoo.co.jp/articles/8f358c8dc5027633b219bb900566c496ea9ce4b8,5/1(Œ) 13:03
getsuriku,y—¤ãz—q20km¢ŠE‹L˜^•ÛÒE—k‰Æ‹Ê‚ª•œ’²¦‚·V ’jq‚ÍƒtƒHƒ‹ƒgƒDƒi[ƒg‚ª‹à¯^WA‹£•àƒcƒA[,https://news.yahoo.co.jp/articles/99e39025315c27d73564f2cecea05a3ca1d302da,5/1(Œ) 12:50
getsuriku,y—¤ãz18ÎM.ƒGƒCƒT‚ª5km14•ª46•b‚ÌU20¢ŠEÅ‚ ’jq10km‚ÍƒTƒEƒF‚ª26•ª49•b‚ÅV^ADIZERO: ROAD TO RECORDS,https://news.yahoo.co.jp/articles/c049f5ee70e58b560b4fad3f2fb52788337ecb8b,5/1(Œ) 12:18
getsuriku,y—¤ãzˆ®‰»¬AÂŠw‘å¨‚ªƒhƒCƒc‚Åƒ[ƒhƒŒ[ƒX‚Éoê •“c’©“ú‚ª5km15ˆÊ‚ÆŒ’“¬^ADIZERO: ROAD TO RECORDS,https://news.yahoo.co.jp/articles/a0da6c8f9d4f3bead9898c29ebd1dd816d7cc1ea,5/1(Œ) 11:50
getsuriku,‘åŠw‰w“`ƒNƒ[ƒYƒAƒbƒv^ÕŒ‚‚Ì•œŠˆ‹‚°‚½‹î‘åE“‚àV‘ñŠCuŒ‹‰Ê‚Å‰¶•Ô‚µ‚µ‚Ä‚¢‚«‚Ü‚·v,https://news.yahoo.co.jp/articles/0ab8fe1c18f0a28e77fef0e4b47885f8a5730ec5,4/30(“ú) 20:19
getsuriku,u‹îàV‘åŠw‚©‚ç¢ŠE‚ÖIv–¼«E‘å”ª–ØO–¾‘ŠÄ“Â‚ªw“±‚Ì^‘Œê‚é^” ª‰w“`ƒVƒ“ƒ|ƒWƒEƒ€,https://news.yahoo.co.jp/articles/52dabb75d29dc27455ec4210306a5dc0a47b8027,4/30(“ú) 19:31
getsuriku,” ª‰w“`100‰ñ‘å‰ï‚Ìƒ|ƒXƒ^[‚ª‚¨”â˜I–ÚI“n•ÓNKA”Œ´—³“ñA‘å”—Œ†‚ç—ğ‘ã‚Ì–¼‘Iè‚ª”wŒi‚É“oê,https://news.yahoo.co.jp/articles/68a5c1be3737e2e02a114793ebd530ca6d52b588,4/30(“ú) 19:07
getsuriku,‰¡“¹˜Ğ—¢ƒCƒ“ƒ^ƒrƒ…[IƒAƒCƒhƒ‹‘ã‚É’†Šw‰w“`‚ÅŠˆ–ôu‘S—Í‚ÅŠæ’£‚é‚©‚çƒ^ƒXƒL‚ğ“n‚¹‚½Iv¡‚ÍƒtƒŠ[——D‚Æ‚µ‚ÄŠˆ–ô,https://news.yahoo.co.jp/articles/889723e0eb6cbf85c18c1b1ee3fad82153b924bc,4/30(“ú) 19:07
getsuriku,y‚Z—¤ãz’jqƒnƒ“ƒ}[“Š ”öà_‘¾—zi¼ğ”_‚j‘S‘2Š¥‚Öç°iI–Ú•W‚Í70mI,https://news.yahoo.co.jp/articles/8627b95502e36b8d6b28fd9abe3373ddabedfe2a,4/30(“ú) 18:00
getsuriku,‰w“`”­Ë‚Ì’nE‹“s‚Å” ª‰w“`100‰ñ‹L”OƒVƒ“ƒ|ƒWƒEƒ€ŠJÃI ‹î‘åE‘å”ª–Ø‘ŠÄ“Âu100‰ñ‚ÍŒ©‚Ä‚¢‚él‚½‚¿A‘–‚é‘Iè‚ªŠ´“®‚·‚é‘å‰ï‚Év,https://news.yahoo.co.jp/articles/07a966f9b2cb4fc5c2e766e6aba96e7b82aec78e,4/30(“ú) 17:38
getsuriku,y—¤ãz‰~”Õ“Š‚Ìƒ}ƒCƒRƒ‰ƒXEƒAƒŒƒNƒi‚ª71m00 ¢ŠE‰¤Ò‚Ì‘§q‚ª‘å‘ä“’BI,https://news.yahoo.co.jp/articles/cd5f94f381d26ffde01effdc8fc55345f26af3a2,4/30(“ú) 15:15
getsuriku,y—¤ãz19Îƒeƒ{ƒS‚ª200m‚Å19•b87‚Ì¡‹G¢ŠEÅ‚I 100m‚ÍƒIƒ€ƒ‹ƒ‚ª9•b78w 400mƒTƒ€ƒRƒ“ƒK‚Í43•b‘ä“Ë“ü^WAƒRƒ“ƒ`ƒlƒ“ƒ^ƒ‹ƒcƒA[,https://news.yahoo.co.jp/articles/c425acc6510f6433685f880ee6fa65e57aba1f5f,4/30(“ú) 13:37
getsuriku,y—¤ãz—q3000máŠQ‚ÅƒŠƒ“ƒYƒB[EƒwƒŒƒi‰èˆß‚ª9•ª59•b39 Šw¶—ğ‘ã10ˆÊ‘Š“–‚ÌDƒ^ƒCƒ€,https://news.yahoo.co.jp/articles/4cfb2f64b59c1dc3d9a5cdb172b83a2faec53fc8,4/30(“ú) 12:32
getsuriku,y—¤ãzŠÖ“ŒƒCƒ“ƒJƒŒ‚ÌƒGƒ“ƒgƒŠ[”­•\I O‰Y—´i‚Í5000mAíÉ“c‘å‹P‚Í100m‚Éoê ‹î‘å‚Íƒn[ƒt‚É‹àqˆÉAÔ¯—Y“lARì‘ñ”n‚ğ“o˜^,https://news.yahoo.co.jp/articles/a6cbf22a2983b07b112006c75fae8791d1817915,4/30(“ú) 11:43
getsuriku,y—¤ãz“c’†ŠóÀ‚ª•Ä‘‚Å1500m‚Éoê4•ª13•b17‚ğƒ}[ƒN ‹C‰·7“xA‰J“V‚ÌƒŒ[ƒX,https://news.yahoo.co.jp/articles/8805e3a295d6c18e167d250574ad784369c17b5a,4/30(“ú) 10:36
getsuriku,y—¤ãz‚â‚è“ŠE–kŒûY‰Ô‚ª¢ŠE—¤ã“à’è 100mVíÉ“c‘å‹PA‹Ë¶ËGERãp—º‘¾‚ª•œ‹A^D“c‹L”O,https://news.yahoo.co.jp/articles/ee8c6b04bd65f16cafcba26fcdd41cd6b7868e1e,4/30(“ú) 7:01
getsuriku,y—¤ãz5000mV‚Ì²“¡Œ\‘¿ •Ä‘•ÒCs‚Ì¬‰Ê‚Éè‰‚¦uæ‚è‘g‚İ‚ªŠÔˆá‚Á‚Ä‚¢‚È‚¢‚±‚Æ‚ğŠm”F‚Å‚«‚½v^D“c‹L”O,https://news.yahoo.co.jp/articles/38484eda53f14485b8b2864f46b6098bcf542402,4/30(“ú) 7:00
getsuriku,y‚•½Tm‚Ì‹“_zˆ«ğŒ‰º‚Å¦‚µ‚½íÉ“c‘å‹P‚Ì¬’· d—v‘å‰ï‚Å‚Ìu‹­‚³v‚ğÄ”F¯‚·‚×‚«^D“c‹L”O,https://news.yahoo.co.jp/articles/09132d46ff885a475a750656f779caa73dd9c98d,4/29(“y) 21:23
getsuriku,y—¤ãzŠ’‘ò˜a‰À“Ş‚ª2í˜A‘±‚Å—Í‘–5000m15•ª28•b79‚Å2ˆÊu“ú–{‘ã•\v‚Æu15•ª10•bØ‚èvƒ^[ƒQƒbƒg^D“c‹L”O,https://news.yahoo.co.jp/articles/415d56c027a7ce4813a91920ec9ae84b28bf305e,4/29(“y) 21:06
getsuriku,y‚Z—¤ãz—‡Wi ‰êŠw‰€‚2j‚ª1500m3•ª47•b56‚Ì‚2—ğ‘ã9ˆÊ ©ŒÈ‹L˜^‚ğ3•bˆÈãXV,https://news.yahoo.co.jp/articles/4994f3cd400cf1d60a0a5a7407a8a11fbc7034df,4/29(“y) 20:55
getsuriku,y—¤ãz5000m“ú–{lŠw¶Å‚‚ÂR–{—L^‚ªÏ…‰»Šwƒfƒrƒ…[íu¢ŠE‚ğ‘_‚¤ƒƒNƒƒNv^D“c‹L”O,https://news.yahoo.co.jp/articles/0be07e69cb1fddc0bc7a703a82cf1860a74e9caf,4/29(“y) 20:45
getsuriku,y—¤ãzO‰Y—´i‚Í13•ª35•b00uÅŒã‚Í‰÷‚µ‚©‚Á‚½vw–{‹Æx3000máŠQ‚ÖŠ´Šo‚Í™X‚É–ß‚·^D“c‹L”O,https://news.yahoo.co.jp/articles/f61895fbc50cb7da54459c02664f196518bdd69e,4/29(“y) 20:20
getsuriku,y—¤ãz²“¡Œ\‘¿5000m¬’·¦‚·ŠCŠO¨—}‚¦‚ÄVIuƒ‰ƒXƒgˆø‚«—£‚¹‚½‚Ì‚Í¬’·v^D“c‹L”O,https://news.yahoo.co.jp/articles/2d4dcff5d605fcf5d5656b5affda095e783cde7b,4/29(“y) 20:08
getsuriku,y—¤ãz‚â‚è“ŠƒfƒB[ƒ“Œ³‹C‚ªŠÑ˜\V DLƒh[ƒn‚É’§íu‰Ä‚Éƒs[ƒN‚ğ‚Á‚Äs‚«‚½‚¢v^D“c‹L”O,https://news.yahoo.co.jp/articles/73f79b1ac19485db3682d828c630ed95670d5fff,4/29(“y) 18:01
getsuriku,y—¤ãz100mƒn[ƒhƒ‹“c’†—C”ü‚ª12•b97‚Å—DŸI “ú–{l4l–Ú‚Ì12•b‘ä‚Éu‚æ‚¤‚â‚­Œ`‚É‚È‚Á‚Ä‚«‚Ü‚µ‚½v^D“c‹L”O,https://news.yahoo.co.jp/articles/aae8db1ebdc8c9fe5989f04c346a410c333cb030,4/29(“y) 17:24
getsuriku,y—¤ãz100mHÂ–Ø‰v–¢12•b‘ä‚Å2ˆÊA“ú–{‹L˜^‚Â•Ÿ•”^q‚Í3ˆÊ^D“c‹L”O,https://news.yahoo.co.jp/articles/e701025403d4da985162de103d8f800dab304184,4/29(“y) 17:05
getsuriku,y—¤ãz100m‚ÍíÉ“c‘å‹P‚ª§‚·IGP‰—DŸu‚¤‚ê‚µ‚¢v©ŒÈƒxƒXƒg‚àu‚·‚®o‚é‚Æv‚¤v^D“c‹L”O,https://news.yahoo.co.jp/articles/5f104a6bdd800c37622eb206f898cb300fbaea4c,4/29(“y) 16:48
getsuriku,y—¤ãz‹Ë¶ËG100m5ˆÊ‚à10•b2‘ä‚»‚ë‚¦‚éuŸ‚Í¡“ú‚æ‚è‘–‚ê‚év^D“c‹L”O,https://news.yahoo.co.jp/articles/e950b2c9d8e48fad798104e25a8933ba5f2724f0,4/29(“y) 16:41
getsuriku,y—¤ãz‚â‚è“ŠEÄ“¡^—Ø‚ª62m07IƒZƒJƒ“ƒhƒxƒXƒg‚ÅŠ®‘S•œŠˆu©•ª‚ğ’´‚¦‚½‚¢v^D“c‹L”O,https://news.yahoo.co.jp/articles/51c4bc6100eed791a16651eb7be001dde12287b2,4/29(“y) 15:02
getsuriku,y—¤ãzRãp—º‘¾u‚±‚±‚©‚ç’²q‚ğã‚°‚Ä‚¢‚«‚½‚¢vBŒˆŸ‚Éc‚ê‚¸‚àûŠn^D“c‹L”O,https://news.yahoo.co.jp/articles/8894eb117a127c0b724bd1a1f2c2fcfd3e4b8932,4/29(“y) 14:49
getsuriku,–kŒûY‰Ô ƒuƒ_ƒyƒXƒg¢ŠE—¤ã“à’èI¡‹G¢ŠEƒŠƒXƒg1ˆÊ‚Ì64m50u©•ª‚Å‚àƒrƒbƒNƒŠv^D“c‹L”O,https://news.yahoo.co.jp/articles/427107791c9f15d87bffd8e013d99f615d0d4987,4/29(“y) 14:40
getsuriku,y—¤ãz‹Ë¶ËG100m—\‘I‚Å•œ‹AŒãƒxƒXƒg‚Ì10•b29IRãp—º‘¾‚Í10•b48^D“c‹L”O,https://news.yahoo.co.jp/articles/1ef99353a548bae488fe65cf4495f96de9150466,4/29(“y) 13:35
getsuriku,y—¤ãz‘½“cC•½10•b68‚ÅƒOƒ‰ƒ“ƒvƒŠ‚É“Í‚©‚¸u‡‚ğŠy‚µ‚ß‚È‚¢v“Œ‹ŒÜ—ÖŒã‚Ì‹ê”Y–¾‚©‚·^D“c‹L”O,https://news.yahoo.co.jp/articles/5bff3836913cd723e4bf757b50f41f2a23a2b251,4/29(“y) 11:43
getsuriku,y—¤ãzD“c‹L”O‚¢‚æ‚¢‚æŠJ–‹I ’nŒ³og‚ÌRãp—º‘¾A‚Rs–ìA•Ÿ•”^q‚àoê@¢ŠE—¤ã‚ğŒ©˜‚¦‚½d—v‚Èˆêí‚É,https://news.yahoo.co.jp/articles/e7b2e8b0915de2a0b1391046304a3630c1941f92,4/28(‹à) 18:32
getsuriku,y—¤ãz100m™Z‹Ê‰è¶‚ª¡‹G‰í‚ÖˆÓ‹C‚İu1”N’Ê‚µ‚ÄŒ‹‰Ê‚ğo‚¹‚é‚æ‚¤‚Év^D“c‹L”O,https://news.yahoo.co.jp/articles/7d670818cba09c172214535f6532ff3b657566b6,4/28(‹à) 16:19
getsuriku,y—¤ãz100mH•Ÿ•”^qu•sˆÀ‚ÆŠoŒå‚ÆƒƒNƒƒNv‚ÌGP‰í ¢ŠE‚ğŒ©˜‚¦‚ÄƒtƒBƒWƒJƒ‹ƒAƒbƒv^D“c‹L”O,https://news.yahoo.co.jp/articles/2ea672511d91d6a5826b245334abf889b5c334c2,4/28(‹à) 16:07
getsuriku,y—¤ãzƒZƒCƒR[GGP3000m‚É²“¡Œ\‘¿A‰–K˜a–çA’r“c—s•½A‹g‰ª‘åãÄ‚ªoêI —q‚Í‰ª–{t”ü‚ç‚ªƒGƒ“ƒgƒŠ[,https://news.yahoo.co.jp/articles/47b851878c994b691189ccde179c178b1930c14b,4/28(‹à) 14:55
getsuriku,y—¤ãzRãp—º‘¾ ’nŒ³‚Å21”N9ŒˆÈ—ˆ‚Ì100m•œ‹A‚Öu‹A‚Á‚Ä‚«‚½‚È‚Æ‚¢‚¤Š´‚¶v^D“c‹L”O,https://news.yahoo.co.jp/articles/e2a079c4dd52907e4c431a1452d0c3887022bb2a,4/28(‹à) 14:03
getsuriku,y—¤ãz‹•‹Uî•ñ’ño‚ÅƒAƒ‹ƒoƒjƒA—¤˜A‰ï’·‚ç‚É‘Ši’â~ˆ•ª ‘–•’µ‚Ì•—‘¬‘ª’èØ–¾‚Å•Ê‚Ì“ú‚ÉB‰e‚µ‚½Ê^’ño,https://news.yahoo.co.jp/articles/46847b31c4c9438939259e419fc8149bb45fb0eb,4/28(‹à) 13:34
getsuriku,y—¤ãz’†‘—¤˜A‚ª27”N¢ŠE—¤ã–k‹µ’v‚ğ”­•\ 2015”NˆÈ—ˆ2‰ñ–Ú‚ÌŠJÃ–Úw‚·,https://news.yahoo.co.jp/articles/4c93c7b6bf532c41d610f12c453bb56432a1ffa6,4/28(‹à) 13:29
getsuriku,y—¤ãz“Œ‹ŒÜ—Ö—q‘–•’µ6ˆÊƒfƒCƒ”ƒBƒX‚ª‘å–ƒg—p‚Å1ƒ•ŒŠÔ‘Ši’â~ 15”NU18¢ŠE‘IèŒ ‹àƒƒ_ƒ‹‚Ì23Î,https://news.yahoo.co.jp/articles/1bd6d1a24b53c2fc337e33cc0b21c98f135532c9,4/28(‹à) 12:59
