media_en,media_jp,title_articles,link_articles,date_original
jisin,女性自身,白髪、薄毛、うねり……女性の髪トラブルを美髪に復活させる若返りホルモン『マイオカイン』って？,https://news.yahoo.co.jp/articles/74ad80ed4575e2fbe83aa7cbca1fa9db7b8ed1a0,3/13(水) 11:04
jisin,女性自身,石田純一　仕事激減の窮状告白も「自業自得」の厳しい声…昨年には“終電ダッシュ”姿を目撃の「凋落生活」,https://news.yahoo.co.jp/articles/536c9eebe64196f8677ec222f19b47ef812752c8,3/13(水) 11:02
jisin,女性自身,「誰？って感じですよね」人気TikTokerが明かしたヘアカラー後の“悲劇”「目が開かないくらい顔が腫れて」,https://news.yahoo.co.jp/articles/278c0c8be1f895e6ba9efe760df7b4235f346ac4,3/13(水) 11:02
jisin,女性自身,木村拓哉　STARTO社ファン大感謝祭への“サプライズ出演”を後輩も熱望！SMAP曲披露の可能性も,https://news.yahoo.co.jp/articles/8924e6b7299b1fb53ccb30247da84e6c1a6d408b,3/13(水) 11:00
jisin,女性自身,ベア続出も高笑いするのは大企業だけ――日産「下請けいじめ」に透けた縮図,https://news.yahoo.co.jp/articles/49e0565af7ba3363ba4f4e16ec4cb2f05adf3244,3/13(水) 6:06
jisin,女性自身,羽生結弦　新たな“推し”？ショーのリハーサルに映り込んだ“超人気アイドルグッズ”が話題,https://news.yahoo.co.jp/articles/888c812eb0de3241dfb2dbbb60bf8720b71732b3,3/13(水) 6:05
jisin,女性自身,愛子さま　伊勢参拝で叔母・黒田清子さんとの“二人きりの対面”を宮内庁関係者たちが期待する理由,https://news.yahoo.co.jp/articles/0f6a161614ca0d6ecd1a6c52c150a8d83aac0701,3/13(水) 6:00
jisin,女性自身,「横流しされた腕時計を持ち主が取り戻すのは難しい」トケマッチ騒動を弁護士が解説,https://news.yahoo.co.jp/articles/5daffbf6ce4609f6d585b59ed1e04af12fd5c1ec,3/12(火) 20:00
jisin,女性自身,「本当に死んだんじゃねえだろう」令和の虎　司会者が出演者の“身内の不幸”を疑い胸ぐら掴んで大炎上「胸糞悪い」,https://news.yahoo.co.jp/articles/602460205cdb51371e187520bd3de7f7f16446f2,3/12(火) 18:41
jisin,女性自身,菊池風磨　白石麻衣との熱愛報道後なのにInstagramフォロワー2万人増…スキャンダルも好感度が落ちないワケ,https://news.yahoo.co.jp/articles/ddf6ea40a4492bac8e1ae99ebad863b20bf8788a,3/12(火) 18:26
jisin,女性自身,「アジア系は『おまけ』扱い」日本人ハリウッド俳優が明かした“現地の実情”にSNS注目「闇が深そう」,https://news.yahoo.co.jp/articles/0fb1ea3df9b0482c8cf53e8d82b6d2047e046487,3/12(火) 18:09
jisin,女性自身,「タクシー券くだせぇ」人気元アイドル　雨天送迎での“悲痛要望”も「共感できない」と厳しい声,https://news.yahoo.co.jp/articles/f6a3efe1d7ce10634e50174f0622ed66a149baa7,3/12(火) 18:05
jisin,女性自身,仲野太賀　26年大河主演でダジャレも…驚愕の“タイガ”命名理由「父が出られなかった」,https://news.yahoo.co.jp/articles/de9f34e06fc74272e7baf834c9521990541407e2,3/12(火) 17:34
jisin,女性自身,金属工場の“猛毒”六価クロム槽に猫が転落…市役所が明かした「苦情電話の内容」,https://news.yahoo.co.jp/articles/f2668889ef24e21f89c02cd60cf02e230d356822,3/12(火) 17:15
jisin,女性自身,N・ポートマン、M・ジョヴォヴィッチそして広末　リュック・ベッソン映画のヒロインはなぜ離婚するのか,https://news.yahoo.co.jp/articles/4462735a912bbfb4f1516a8213b853cbb8d7a570,3/12(火) 16:33
jisin,女性自身,“恩人との決別”がささやかれるMEGUMI　“師弟のいま”を野田社長に聞いた,https://news.yahoo.co.jp/articles/b370a5c42253177ef6e0ced4841e92cf03c1209c,3/12(火) 15:50
jisin,女性自身,二宮和也“新社長イジり”にファン衝撃「退社したから言いたい放題」「ニノしかできない」,https://news.yahoo.co.jp/articles/518ea27eed52d17a9a77a48dba94f5239338fc27,3/12(火) 15:50
jisin,女性自身,川口春奈（29）と5年交際→破局した格闘家に「責任逃れ」と批判があがるワケ,https://news.yahoo.co.jp/articles/9589576cd906979fa8931987adf7033a2fa520aa,3/12(火) 15:50
jisin,女性自身,「とことん嫌われ者になってやろう」プラマイ岩橋　相次ぐ自暴自棄投稿に「悲しいこと言わないで」と心配の声,https://news.yahoo.co.jp/articles/fa7a4158a5676da4cde40c09003f9259476317c5,3/12(火) 15:00
jisin,女性自身,人種差別？エマ・ストーンのオスカー像授与の瞬間をミシェル・ヨーが振り返る,https://news.yahoo.co.jp/articles/6c2966b78a85049ef6c4be06952bea8a87e6c337,3/12(火) 12:42
jisin,女性自身,霜降り・粗品「フジテレビで挨拶無視されてる」と暴露した「元SMAPメンバー」,https://news.yahoo.co.jp/articles/2a044234ce17235cc59651fe4c7a3ecaac03e06c,3/12(火) 12:15
jisin,女性自身,愛子さま　祝大学ご卒業！映画鑑賞にダブルデート、巨大蝶ネクタイ…4年間の“素顔”アルバム,https://news.yahoo.co.jp/articles/af4d317dce4b666c2df8f04c06f27add055661e3,3/12(火) 11:03
jisin,女性自身,木村拓哉　主演ドラマの職業に「間違った設定」と指摘続出→「建築士」から「設計者」にこっそり変更,https://news.yahoo.co.jp/articles/f6dc0b28b5aace91e2becc568d5be2eab24bb505,3/12(火) 11:01
jisin,女性自身,営業所内で“体液混入”の性加害事件　男の派遣元が語った“今後の方針”,https://news.yahoo.co.jp/articles/68eacc925734647e788e559c9c5124c5519c7ed7,3/12(火) 11:00
jisin,女性自身,大谷翔平　有力候補のアスリート妻を繋いだ“キューピッド”と言われる「超大物芸人」,https://news.yahoo.co.jp/articles/dbb970ade1f9090235c2d743e71dda5b2fa847d4,3/12(火) 11:00
jisin,女性自身,トコジラミ被害が日本国内で急増…電車内での“目撃情報”にJR東日本が出した「答え」,https://news.yahoo.co.jp/articles/3900f38ec4ae128c238912deccdf5fd5fdff87b6,3/12(火) 6:01
jisin,女性自身,大谷翔平　お相手候補の「超負けず嫌い」な素顔…5時に朝練、試合で悔し涙流すことも,https://news.yahoo.co.jp/articles/7ce93e9876b7ab32b0e6852d0580a6f508be78ea,3/12(火) 6:01
jisin,女性自身,「まるちゃんがいなくなったら私も終わり」TARAKOさん　抱えていた“ハマり役”への苦悩,https://news.yahoo.co.jp/articles/76cdac68a447046438f2738b58cc3eab920c2019,3/12(火) 6:00
jisin,女性自身,「ちょっとおかしな感じ」真木よう子　入院投稿を削除…共演した人気女優も心配していた“メンタル”,https://news.yahoo.co.jp/articles/a6cecc40fe7f3790d621f9147694157a1d7ab69f,3/11(月) 18:17
jisin,女性自身,「全然おもんないの最悪」人気YouTuberがCreepy Nuts楽曲を“下ネタ替え歌”して大炎上,https://news.yahoo.co.jp/articles/abb126015cc4eb4d310b54eff7c371511a3e8853,3/11(月) 17:59
jisin,女性自身,「かなり感じ悪い」アイアンマン俳優　アカデミー賞受賞式での人気俳優への「態度」が波紋,https://news.yahoo.co.jp/articles/c98b7c9e43ce92c1015e0fd383d4db532db6d138,3/11(月) 17:37
jisin,女性自身,「冗談でも笑えない」よゐこ濱口の福本大晴“電撃契約解除”いじりにファン複雑,https://news.yahoo.co.jp/articles/b013a512f77386da7b82e7b9a80d0e14c26f2e03,3/11(月) 16:14
jisin,女性自身,板垣瑞生　事務所と契約解除直前に行っていた「異様な生配信」ファンも「意味深すぎた」と心配,https://news.yahoo.co.jp/articles/42fce35cf4abb0183c6e45524082a79fba922ec1,3/11(月) 16:07
jisin,女性自身,宮崎駿監督“2度目のオスカー”支えた糟糠妻への消えぬ負い目「仕事を辞めてもらって申し訳なかった」,https://news.yahoo.co.jp/articles/5b77a964edb9c8dc4e3b809ca77574ba3dae0994,3/11(月) 16:00
jisin,女性自身,『シューイチ』のVTRに映り込んだ“人気アイドル”にネット驚愕…本人も「野生として出演しました！！」と反応,https://news.yahoo.co.jp/articles/b4d5f1c871b036bb59863a7bf6b13c792666e27c,3/11(月) 15:50
jisin,女性自身,「私自身に問題がある事も自覚」遠野なぎこが恋人との復縁後に自戒「それでも生きていたい」,https://news.yahoo.co.jp/articles/fd43bc32cc9f1533f86ac51d51277564d07bf06f,3/11(月) 11:50
jisin,女性自身,孤独な遺体を受け入れ続ける夫婦2人だけの葬儀社の覚悟「身寄りがない方も私たちがお見送りします」,https://news.yahoo.co.jp/articles/8341ed0266608957f7465c1b2c7eb6d746ac2632,3/11(月) 11:01
jisin,女性自身,岡田監督　阪神オープン戦9連敗！番記者の“戦犯”分析は「不適切」な指導変更,https://news.yahoo.co.jp/articles/1b510232cc98afcc6b26752c108d44e8869a32df,3/11(月) 11:01
jisin,女性自身,小さな葬儀社がみた3.11「東日本大震災で亡くなったご遺体はお顔だけが驚くほどきれいでした」,https://news.yahoo.co.jp/articles/61ce22fcf20909b787cd31a86298144a8639c0b3,3/11(月) 11:00
jisin,女性自身,小松菜奈　菅田将暉との第一子出産！妊娠公表ナシも直前に見せていた“異変”,https://news.yahoo.co.jp/articles/5dcb57bfc00916e15c52b3ba438342c3f3244474,3/10(日) 13:15
jisin,女性自身,アイドル、暴力、お色気企画となんでもアリ！写真で振り返る「昭和の芸能界」,https://news.yahoo.co.jp/articles/f8f6572f5c4d2b870baac540ba0b128d6b616af9,3/10(日) 6:03
jisin,女性自身,彦摩呂　イケメン時代に出演していた松雪泰子主演の大ヒット漫画原作ドラマって？,https://news.yahoo.co.jp/articles/62e890feccff05f8e36a2d240547f2d7933140f9,3/10(日) 6:02
jisin,女性自身,【祝R-1優勝】街裏ぴんく「スベるもウケるも全部1人がいい」語っていた“漫談の覚悟”,https://news.yahoo.co.jp/articles/cd7bd412c533a62181103c61a25dafd23a8efd53,3/10(日) 6:01
jisin,女性自身,TARAKOさん　学生時代に瀕死の子猫3匹の救命も　宜保愛子さんに明かしていた“素顔も天使”秘話,https://news.yahoo.co.jp/articles/1106f7ac19981f6271cb1bb4973cfd83c31753c8,3/9(土) 18:53
jisin,女性自身,雅子さま　10年以上同じストールを着回しされて…春のスカーフ＆ストールコーデ,https://news.yahoo.co.jp/articles/6d0fdd11b993000a12c430ad372e35a23f318d44,3/9(土) 6:04
jisin,女性自身,“イヤミス”怪演の桐谷健太「役以外のところは楽しい兄ちゃんで」,https://news.yahoo.co.jp/articles/e1dcbd15bb2396d771d0c9fa51be686fd236686b,3/9(土) 6:04
jisin,女性自身,野沢雅子　鳥山明さんの死にコメント出せず…「力を無くさないで」と広がる心配の声,https://news.yahoo.co.jp/articles/ad498e53524469cd64fffc4ebca3fe3fc41ef8d2,3/8(金) 20:36
jisin,女性自身,「スーパーサイヤ人になれたら最高」大谷翔平も愛したドラゴンボール　ベンチで“かめはめ波”姿も,https://news.yahoo.co.jp/articles/f45fe4f669a9f424de3324cdeeaea150298f9552,3/8(金) 18:28
jisin,女性自身,「ガンガン匂わせます」菊池風磨　白石麻衣と熱愛報道…語っていた“肉食”な恋愛観,https://news.yahoo.co.jp/articles/88415b0c3782e34359b41fb4d8aab02ef53e7a75,3/8(金) 18:13
jisin,女性自身,菊池風磨　白石麻衣と熱愛報道もファンから称賛続出…“匂わせ連発”中島健人カップルとの違い,https://news.yahoo.co.jp/articles/e2f1fbd4c176b84461ab5b009d33bc090b828125,3/8(金) 17:47
jisin,女性自身,「誰も口を割らなかった」鳥山明さん　逝去から1週間訃報の漏洩ナシ…徹底した「秘密保持」に広がる感動,https://news.yahoo.co.jp/articles/49ad7f74c2b9c0fd165eb127b5de2cf7e464ca1b,3/8(金) 17:44
jisin,女性自身,彬子さま　ブータンをご訪問「ご公務」「研究」「文化の普及」“三刀流”を継続中,https://news.yahoo.co.jp/articles/8e0fc35467b44f8c8faaa4b810a3876a3ff4da1a,3/8(金) 17:08
jisin,女性自身,医師が解説！　大物芸人がモヤモヤする「座りション」の悩みを解消する「ワンプッシュ術」,https://news.yahoo.co.jp/articles/06fbeb6a15695aa502ff7ea3913b689db85858ab,3/8(金) 15:50
jisin,女性自身,「家がもうない」マツコ　最愛母の逝去から8年で92歳父を施設へ…決断した憔悴の「実家じまい」,https://news.yahoo.co.jp/articles/e818a3bb03f904316f5ea58c270843780c6f8481,3/8(金) 15:50
jisin,女性自身,西武、中日がOB戦を“解禁”した「切実な事情」OBにもメリットが,https://news.yahoo.co.jp/articles/f42a48005327272def851fd18727b1e23e09213e,3/8(金) 15:50
jisin,女性自身,「願いが1つ叶うなら...」鳥山明さん逝去でNARUTO作者の“追悼コメント”に「全ファンの思いを表してる」と涙,https://news.yahoo.co.jp/articles/8193412c6e123c1d9e65f60df383f7509ddc522a,3/8(金) 15:45
jisin,女性自身,「まじで誰かと思った」DJ松永　黒髪イメージからの“劇的イメチェン姿”にネット騒然,https://news.yahoo.co.jp/articles/ade9b9c57cb3027530516140153e465657682936,3/8(金) 15:30
jisin,女性自身,「天才だよ」内藤剛志が記憶力に驚愕した「大物女優」,https://news.yahoo.co.jp/articles/a4a3cfcd9744f7b49aeaf58ba0cd3dcd17453bd9,3/8(金) 15:11
jisin,女性自身,ソフト・オン・デマンドの“新作ビデオ”が「あきらかにDJ SODA」と批判噴出→「諸般の事情」で発売中止に,https://news.yahoo.co.jp/articles/2cdcb2a69b4e57f88b68c86434a17c9c5f84e3d2,3/8(金) 15:03
jisin,女性自身,芦田愛菜　愛子さま日赤ご就職で高まる「初対面」 ネットも「お友達になってほしい」と期待,https://news.yahoo.co.jp/articles/6a8f92078a728600b8c2dd3d9f526643b37f2b51,3/8(金) 11:02
jisin,女性自身,食習慣で見る「長生き県」ランキング　豆腐をよく食べる沖縄が長生き1位。ではカップ好きな青森は？,https://news.yahoo.co.jp/articles/23fba4cc6369c9c70b2bc6e9bf10b1cad253b37f,3/8(金) 11:02
jisin,女性自身,デーブ大久保の巨人取材NGで発覚した、次なる“出禁危機”の「大物解説者」,https://news.yahoo.co.jp/articles/385f30dc3ee81bcc199cbed6fc042d843e6ae6bd,3/8(金) 6:05
jisin,女性自身,趣里　スズ子の実母役に中越典子が起用された「21年前の因縁」,https://news.yahoo.co.jp/articles/0651fd3ec92b4a9e35fc251b9f9a038ac0915620,3/8(金) 6:03
jisin,女性自身,天皇皇后両陛下が哀悼の意を示された宮内庁参与　過去には「女性天皇容認」発言も,https://news.yahoo.co.jp/articles/4d76009e290f6e17f7876c1713db9389e4e55e70,3/8(金) 6:01
jisin,女性自身,広瀬すず　スナック通いを告白！十八番は“超人気昭和アイドル”,https://news.yahoo.co.jp/articles/4d1e44b6498440834421f6ebea804839da8d327f,3/8(金) 6:00
jisin,女性自身,紀子さま　学術賞式典で“ママさん研究者”を激励…お着物に込められた“被災地への思い”,https://news.yahoo.co.jp/articles/5dee445371c724cd33c788cda6493c34e27393ac,3/7(木) 19:25
jisin,女性自身,目黒蓮と直接CM契約のキリンがファンを歓喜させた「粋なコメント」,https://news.yahoo.co.jp/articles/aa75752c5453c07c756771d2ca43f6960bf6cb29,3/7(木) 18:07
jisin,女性自身,かまいたち　“薬剤師軽視”発言が炎上の裏で…評判が暴落している「人気女芸人」,https://news.yahoo.co.jp/articles/387c4e7c2f14441d18b9b98bfc0dbff411df346e,3/7(木) 17:54
jisin,女性自身,「ケチくさいな」ホリエモン 大御所俳優の8000円“インバウン丼”批判に苦言「嫌なら食うな」,https://news.yahoo.co.jp/articles/d2f5cad38220027e77d0e8ebf3f66b2624e7eed4,3/7(木) 17:40
jisin,女性自身,「良かれと思ってても…」ハライチ岩井 素人からのアドバイスへの苦言に「ほんまこれなんよ」と共感続々,https://news.yahoo.co.jp/articles/42ffb6e718f9bb45139339936984d4cfd40d7489,3/7(木) 17:12
jisin,女性自身,「何も助けもありませんでした」笠井信輔アナ　がん闘病で明かした“驚愕の個室代金”,https://news.yahoo.co.jp/articles/9b646247769478fbf6cceeda95aae9ecda0c6a9b,3/7(木) 16:56
jisin,女性自身,「仙人感すごい」今年で棋士デビュー70周年を迎える加藤一二三九段　激変ぶりにネット驚き,https://news.yahoo.co.jp/articles/1d1b1a73d219ab581690f6809d7b53e3966b7d0c,3/7(木) 16:30
jisin,女性自身,『ザ・ノンフィクション』で話題の“婚活の伝道師”が語る、オトナ女子が結婚するための「絶対条件」,https://news.yahoo.co.jp/articles/53c2d527ab518d956e36fd7fc74f838ba3532e5b,3/7(木) 15:50
jisin,女性自身,羽生結弦　チケットに「8000円写真集」を“抱き合わせ”…アイスショーの“アイドル風”販売が話題に,https://news.yahoo.co.jp/articles/5c75bdcd7b46697d82f45d218aed12512d4a7bfc,3/7(木) 15:50
jisin,女性自身,遠野なぎこ 恋人との破局1週間でうつ状態＆摂食障害悪化で波乱も…復縁の兆しで一転して回復,https://news.yahoo.co.jp/articles/2f08910ff33bf978f41a741c14e153fe446ae651,3/7(木) 15:50
jisin,女性自身,どうにかしたい…毎日の花粉症の「辛い」を30秒で改善するツボ,https://news.yahoo.co.jp/articles/92fb3f5f40f410ab8d7c6287711bfeaa3a6939b3,3/7(木) 15:50
jisin,女性自身,「子連れママが生きやすい世の中になって」元人気アイドル　“子供が触った商品全買取”を釈明も厳しい子育て環境に悲痛の叫び,https://news.yahoo.co.jp/articles/76964674c867d370f065bb493176674741e6f673,3/7(木) 14:49
jisin,女性自身,大谷翔平 妻と遠距離鑑賞した『忍びの家』に続編の声！Netflix広報語る「翔平効果」,https://news.yahoo.co.jp/articles/8677f9bbadfb07b37a807abf0a5977b146dec9f1,3/7(木) 14:45
jisin,女性自身,自民党「脱法」“荒稼ぎ”議員ランキング　3位・甘利明、2位・茂木敏充を超えた1位は？,https://news.yahoo.co.jp/articles/992d9d7b221d812888c9e0574bb0c8f139f33908,3/7(木) 11:04
jisin,女性自身,松田聖子　シティポップブームが追い風も…62歳での世界進出に「足りないもの」,https://news.yahoo.co.jp/articles/2486e2bac3bd1b8b7c082375fe72f3e426764e65,3/7(木) 11:03
jisin,女性自身,マツコ　ラーメン界の「1000円の壁」への“主張”に「当たり前」「食べる側の予算が合わない」と賛否真っ二つ,https://news.yahoo.co.jp/articles/3e7e9f8fe3986f3ef5ba65a4642cb8760b5ddd82,3/7(木) 11:01
jisin,女性自身,岸田首相「物価高、負担増も賃上げで解決アピール」も中小企業の給与は上がらない,https://news.yahoo.co.jp/articles/6f2d3a35d6437ce28c28338a9d71892661038ddb,3/7(木) 6:03
jisin,女性自身,愛子さま　ビジネスマナー特訓で進む日赤ご就職準備　“先輩”瑶子さまが「高圧的言動」受けた事例も,https://news.yahoo.co.jp/articles/fda5f2d2610252df63209ad5e969159311065936,3/7(木) 6:03
jisin,女性自身,阪神・岡田監督「帽子叩きつけ激怒」に「間接的パワハラ」指摘も…番記者沈黙のワケ,https://news.yahoo.co.jp/articles/73b1368455db09b07932d7f2f5b06aec979b28bd,3/7(木) 6:03
jisin,女性自身,オリーブオイル“8割値上げ”で食卓への打撃必至に動揺の声《追いオリーブできない》《アヒージョが高級品に》,https://news.yahoo.co.jp/articles/cb4ffa3d1da307664142575b9827fc615b2b05c9,3/7(木) 6:02
jisin,女性自身,大谷翔平　お相手候補の“アスリート女性”が赤裸々に明かしていた「ぴったりの好きなタイプ」,https://news.yahoo.co.jp/articles/f62b5eda9aac3a097943f5601e94d7aa6d3d35b8,3/6(水) 19:00
jisin,女性自身,大谷翔平“お相手候補女性”のグッズが急騰中！ネットで30万円で落札された商品も,https://news.yahoo.co.jp/articles/64c8359b2b36ffaef716045bd0998640a8cdc43f,3/6(水) 18:58
jisin,女性自身,「死んでしまいますよ！」元プラマイ岩橋が大人気格闘技イベントからのオファーを告白,https://news.yahoo.co.jp/articles/83a609c929490b6011d47fb7d03cc48b73a06056,3/6(水) 17:02
jisin,女性自身,「辞めたらいいやん」ヒカル　“超人気YouTuber”の悩みに辛口指摘「都合のいい時だけさ、ネット万歳でさ」,https://news.yahoo.co.jp/articles/62c444df6c67cd4b4572b8beb25b68442ae0f107,3/6(水) 16:23
jisin,女性自身,大谷翔平　対面したECC社長が明かしたお土産を渡した際の“意外な反応”,https://news.yahoo.co.jp/articles/b1c6a3cf8e64289e9ef3a95a8e72eb59b43a3cd8,3/6(水) 16:11
jisin,女性自身,「普通に犯罪」下北沢のコンビニや証明写真機に…米最大グラフィティショップが投稿した“落書き動画”が物議,https://news.yahoo.co.jp/articles/bfdf876e47ad58114a25c37b106817dfb2967eb0,3/6(水) 15:53
jisin,女性自身,ほぐして快腸♪　便秘には「い」「ぬ」の字マッサージ,https://news.yahoo.co.jp/articles/1b2edb90470509731d2bc4e9e7d9d377ebf2f397,3/6(水) 15:50
jisin,女性自身,かまいたち山内　薬剤師への不適切発言を1人だけダンマリ…過去にはエレベーター待ち女性への“報復”も大炎上,https://news.yahoo.co.jp/articles/74d8b6a93c83274199e63e9e4cace8d931fc6b34,3/6(水) 14:56
jisin,女性自身,「お話しをしていない事が」ミュージシャンからの性加害告白した元女優が深夜に“意味深投稿”「いつか皆さまが知る時が来る」,https://news.yahoo.co.jp/articles/37b13a4969ef09c3d1470bbda7a653d1bebd98c0,3/6(水) 11:56
jisin,女性自身,数値27減！ 熱々の「おろし大根茶」を 寝る前に飲んで血圧対策！,https://news.yahoo.co.jp/articles/543640c6e33d295bc4e2d40b6c3bb3a9b4a878a5,3/6(水) 11:05
jisin,女性自身,山本陽子さん　初演劇賞の賞金も全額寄付…大女優が30年続けていた「盲導犬育成支援」,https://news.yahoo.co.jp/articles/06f4ccfbd075ad4abb14c133fdb8031902d18dad,3/6(水) 11:04
jisin,女性自身,川口春奈　格闘家恋人と破局報道…『silent』放送中に目撃したラブラブ“ほろ酔いデート”,https://news.yahoo.co.jp/articles/44838ee1c1aecee3c75515f6bcb6d05c3f56416d,3/6(水) 11:03
jisin,女性自身,「コミュニケーションのつもりで」元楽天・安楽　メキシコ球団入り発表も“保身コメント”に批判再燃,https://news.yahoo.co.jp/articles/1a9606ab682df806fae24713185d09bc0937f59b,3/6(水) 11:03
jisin,女性自身,有吉弘行と夏目三久さんに第一子誕生！エルメスでお買い物、愛犬と散歩も…本誌が目撃してきたラブラブ姿,https://news.yahoo.co.jp/articles/57b73654fc9b7579108db10c1bdfdcc11542f15e,3/6(水) 6:04
jisin,女性自身,「放送事故じゃね？」料理研究家・リュウジ氏　生放送でまさかの事態に「料理番組で見たことない絵面」,https://news.yahoo.co.jp/articles/8a596f23bfa7cdff4960caf15b9f426b9456929e,3/6(水) 6:03
jisin,女性自身,大谷翔平が“運命の女性”を見つけた「アスリートの出会いの聖地」とは,https://news.yahoo.co.jp/articles/ad46f0e82f1ebe7b627f831810acd1112a3dbd32,3/6(水) 6:03
jisin,女性自身,小室圭さん　NY法律事務所で驚異的な出世！さらに追加された「新業務の中身」,https://news.yahoo.co.jp/articles/d4f6b7a5f61a193fdbaee83ec5c3a78f42ad175b,3/6(水) 6:03
jisin,女性自身,長渕剛　インスタで“意味深投稿”の裏で…スタッフ公式Xアカウントが削除されていた,https://news.yahoo.co.jp/articles/716a1ba8ac8d1d525b9b2ff14bf752225c6e0bfb,3/5(火) 18:57
jisin,女性自身,大谷翔平　結婚報道の裏での太っ腹すぎる“聖人行動“に「人間ができすぎている」「一体人生何周目」と驚嘆の声,https://news.yahoo.co.jp/articles/bb97a08b75020b94c9514a54781eec72068a88a9,3/5(火) 18:35
jisin,女性自身,「クソバカデマクソ野郎」落合陽一が突如ブチ切れ！「らしくない」と心配の声相次ぐ,https://news.yahoo.co.jp/articles/34703026a91536f380444dd82b01e7aaedc8925d,3/5(火) 17:51
jisin,女性自身,大谷移籍後のエンゼルス、OP戦で意外な好成績も…翔平ロス深刻な“MVP3度の主砲”,https://news.yahoo.co.jp/articles/88e87b8d8a65821eba3a8cfefcce39b23921a467,3/5(火) 17:34
jisin,女性自身,女性自身「関心のある有名人」アンケートで翔平が40週連続1位！そして2位も結婚で話題になったアスリート,https://news.yahoo.co.jp/articles/0626ba3ebc68465464cac1b8bc2af597dbeb3614,3/5(火) 17:33
jisin,女性自身,女性タレントが“頭ポンポン”を「すっごい嫌」と一刀両断！「全く同意」の声続々,https://news.yahoo.co.jp/articles/ceb727f01a86f09b565e24326a4963f9ffc4b91d,3/5(火) 15:36
jisin,女性自身,天皇陛下　悠仁さま言及にあった“帝王教育”への危機感…雅子さまは“頂上会議”復活をご提言か,https://news.yahoo.co.jp/articles/d24743aba9587911d8b06e45defe22956a2fed5c,3/5(火) 6:03
jisin,女性自身,大谷翔平　新妻を襲う「メジャー夫人会」の厳しい掟…過去にはイチロー、松井も直面,https://news.yahoo.co.jp/articles/b729cfb400b8bdf159596e30544bd65997dd31a2,3/5(火) 6:03
jisin,女性自身,大谷翔平　社会人チームを退団し…お相手有力候補が結婚直前に見せていた“異変”,https://news.yahoo.co.jp/articles/302410827c79e8b0cd2e62640c3c60e9b3693e82,3/5(火) 6:02
jisin,女性自身,和田アキ子　大谷翔平の妻情報をうっかり発言…繰り返す炎上で関口宏に次ぐ“勇退危機”,https://news.yahoo.co.jp/articles/bc402247f8d61eda3876cb5b3adcd7f3e0b85ce7,3/5(火) 6:00
jisin,女性自身,東出昌大　久しぶりに都会に出てきて「人間関係は善と悪だけじゃない」,https://news.yahoo.co.jp/articles/40ce756b63c7de5d4c688328a5e99a1ba671747f,3/4(月) 20:04
jisin,女性自身,鈴木おさむ　木村拓哉への異例の“公開オファー”が「あまりにも失礼」と波紋…実現期待する声も,https://news.yahoo.co.jp/articles/148c688a28d8943907ae3d4e007b3e446ac6b87a,3/4(月) 18:57
jisin,女性自身,「盗撮された方がマシ」ホリエモン　弟の結婚式で“盗撮被害”告白のフワちゃんに呈した「持論」,https://news.yahoo.co.jp/articles/e9778e6ffdd2e05421bc7a20bfb2a1c794fe9aec,3/4(月) 18:35
jisin,女性自身,藤原道長力作レポート出されたことも…愛子さま『光る君へ』の柄本佑に夢中!?,https://news.yahoo.co.jp/articles/70e64aa8bd8b476cf75c67c573a9207801d5574c,3/4(月) 17:03
jisin,女性自身,“代表取締役解任騒動”の堀ちえみ夫、本誌直撃に“名誉回復”認める,https://news.yahoo.co.jp/articles/c8ba3fb98137d9cef4cfa6fcee7ee02d022b0606,3/4(月) 16:19
jisin,女性自身,元プラマイ岩橋、交野市長が告発の“お笑いコンクールのヤラセ疑惑”　審査員長は困惑「真っ向から否定させていただきたい」,https://news.yahoo.co.jp/articles/c77fe1fa10e08d7879b12a91b6ecf2c962a8eba6,3/4(月) 16:00
jisin,女性自身,黒船アマゾン参入で業界が激変！保険のプロが選んだ最新「ペット保険」ベスト3,https://news.yahoo.co.jp/articles/481c0a5fbb51e055669d3cf4d53ce3a0bdf8f0be,3/4(月) 15:50
jisin,女性自身,【最終回まで見たい冬ドラマランキング】3位『相棒』、2位『おっさんずラブ』、ダントツ1位の作品は？,https://news.yahoo.co.jp/articles/77dc9f78d680716fbbd465590f1f2fb5e60163b2,3/4(月) 15:50
jisin,女性自身,【途中で見るのをやめた冬ドラマランキング】2位の『さよならマエストロ』をおさえたダントツ1位の作品は？,https://news.yahoo.co.jp/articles/63b02e595c486e9ca59288c03a2a6c7ed7699c15,3/4(月) 15:50
jisin,女性自身,「チェルシー」販売終了で「ケミストリーが歌うCM」懐かしむ声多数,https://news.yahoo.co.jp/articles/652c40afef8746ced0a2d335bb43f171226eb64f,3/4(月) 15:50
jisin,女性自身,カレーを食べたら猛バッシング…山本太郎が語る「それでも被災地入りを後悔していない」,https://news.yahoo.co.jp/articles/084f486bbb33b9aaeaff33ab8b4ea4d472f376dc,3/4(月) 15:50
jisin,女性自身,山本太郎ふりかえる「能登地震でおきたボランティア叩きの正体」深刻人手不足の一因に,https://news.yahoo.co.jp/articles/7655a7f821d25ea2aa4e4172bcea66208bbebe4a,3/4(月) 15:50
jisin,女性自身,インドで夫婦YouTuberが集団から性的暴行の被害…悲痛メッセージに日本でも同情の声「本当に悲しい事件」,https://news.yahoo.co.jp/articles/e3b4341488bcf6baade45facb3faf295fcb884ff,3/4(月) 15:19
jisin,女性自身,鈴木京香　パリコレで見せたイメージ覆す“激変ヘア”にSNS衝撃「イケイケで最高」,https://news.yahoo.co.jp/articles/dd1f528116daaaeda972316f822b23172a608255,3/4(月) 14:29
jisin,女性自身,「誰かわからなかった」宮崎駿監督　アカデミー賞直前に見せた“激変姿”にネット騒然,https://news.yahoo.co.jp/articles/9aa50e7fbb7876054e9f523fa8d3b11ba2f1a733,3/4(月) 13:42
jisin,女性自身,世界初の仕掛けがいっぱい！チームラボボーダレスが麻布台ヒルズに復活,https://news.yahoo.co.jp/articles/84ea0d2386a2fb013ab347983a0c9b3067f64610,3/4(月) 11:03
jisin,女性自身,顔のたるみは背中のハリが原因！バスタオル1枚でブルドッグ顔解消,https://news.yahoo.co.jp/articles/d6ce76cb6c453b7e517df7a72428e1398d885959,3/4(月) 11:03
jisin,女性自身,面白かった「漫画原作」ドラマランキング！3位セクシー田中さん、2位孤独のグルメを抑えた原作ファンも絶賛の1位は？,https://news.yahoo.co.jp/articles/8aa0dcab06748ea5b3043fce2f522885bbb5ae5c,3/4(月) 11:02
jisin,女性自身,今週の「ロト」1等売り場速報！　熱心な数字選びが実を結んだロト6・1等5億円,https://news.yahoo.co.jp/articles/393c7e055a813a1286e5f375ee2c589ba47c6727,3/3(日) 6:04
jisin,女性自身,佐野史郎「冬彦さん」伝説の木馬シーンはベテランのスタッフ陣だったら生まれなかった,https://news.yahoo.co.jp/articles/5eb57723b8d79594263a36d448a9d63ef2bb145c,3/3(日) 6:03
jisin,女性自身,「能登の素晴らしさを太鼓の音に」天皇皇后両陛下が交流した伝統芸能後継者が語る「復興への思い」,https://news.yahoo.co.jp/articles/63e52bc1ef9a1da80fd006b7192d9076ee7e9395,3/3(日) 6:03
jisin,女性自身,「いつか立ち直った石川県を両陛下に」親族が犠牲になった“左手のピアニスト”が語る復興への闘い,https://news.yahoo.co.jp/articles/36353358bc1ba7dbd321b69925d5c62deeaaea6c,3/3(日) 6:03
jisin,女性自身,GACKT　15回目の「卒業式ライブ」現場撮！「ボクがやり続ける本当の理由」を初自白,https://news.yahoo.co.jp/articles/058fce93cbe528d7a5c3d1397b72736519caa226,3/2(土) 18:58
jisin,女性自身,天皇ご一家　仲睦まじい日常を彩る装いをプレイバック！リンクコーデが結ぶ“永遠の絆”,https://news.yahoo.co.jp/articles/668eab02d442bc610f1532de260579411f24e78f,3/2(土) 11:01
jisin,女性自身,「まじで誰なん」注目集まる大谷翔平の結婚相手　お披露目が期待される“7月のイベント”,https://news.yahoo.co.jp/articles/25f139655f374555b7bc2939b1815a58d5caff1b,3/2(土) 6:04
jisin,女性自身,ドラマ『離婚しない男』の気持ち悪いけどクセになる【甘い言葉】【罵詈雑言】迷場面集,https://news.yahoo.co.jp/articles/a9d6213184b392edc7eb975372913d8b8fa06814,3/2(土) 6:03
jisin,女性自身,初写真集が爆売れの山田涼介「初めてだから大ヒットかわからない」,https://news.yahoo.co.jp/articles/54db907e972e3869b9ce25f26f41c5a4463fdde9,3/2(土) 6:03
jisin,女性自身,宮野真守　10代のころは子役としてうまくいかず。劣等感とハングリー精神はディオと同じです,https://news.yahoo.co.jp/articles/b6aba74d9a461178cd32067535d916ec0e440f4c,3/2(土) 6:03
jisin,女性自身,「最後は幻聴が聞こえてきた」経験ゼロで5900kmを走破した田中愛生さんが“最も過酷なアフリカ・エコレース”で見つけた答え,https://news.yahoo.co.jp/articles/c5fe9e133557a87cd5b19c7d9a6a28c9b214ccf3,3/2(土) 6:03
jisin,女性自身,山口百恵さん　犬派から猫派に！初孫のために秘密の“にゃん奮闘”,https://news.yahoo.co.jp/articles/d40ed708c22e4af8d073e126af8e05da390107c9,3/2(土) 6:02
jisin,女性自身,“大谷翔平と同じ生年月日”人気芸人が重大発表も「人生が違い過ぎる」と落胆,https://news.yahoo.co.jp/articles/21af81ea0a47d778a3f0746efb40822f8ac38432,3/1(金) 19:10
jisin,女性自身,「遺伝子欲しい略奪しおうかな」人気グラビアアイドル　大谷翔平の結婚への“上から目線”コメントが大炎上,https://news.yahoo.co.jp/articles/c07bd61c3516ec37731914cf60e42f7f4fc33f4a,3/1(金) 18:54
jisin,女性自身,「2重にかっこいい」大谷翔平　結婚会見でネットを感激させた「神回答」,https://news.yahoo.co.jp/articles/febeaa1538f03da427e2322aa94ae3fa6b8db834,3/1(金) 18:36
jisin,女性自身,サンリオ　“戦力外”となった「超人気キャラクター」に広がる衝撃「嘘だよな？」「厳しい世界」,https://news.yahoo.co.jp/articles/766515ce41c26687b6ef78b955ed07a5a885abd2,3/1(金) 18:02
jisin,女性自身,大谷翔平　電撃結婚でSNSに「おめでとう」と祝福殺到した「女性元アスリート」,https://news.yahoo.co.jp/articles/2d2eaa54184c472780455e19c35e96e3fb243c05,3/1(金) 17:11
jisin,女性自身,大谷翔平　妻の素性には沈黙も…注目集まる「トレーニングを見守る女性」,https://news.yahoo.co.jp/articles/3b4e830609110a7c0c86856b14da68465c0684e6,3/1(金) 15:59
jisin,女性自身,中居正広　愛弟子Kis-My-Ft2に被災地支援の教え！2月25にはグループで石川訪問,https://news.yahoo.co.jp/articles/63bb9d11b64e33d8c90fe35844a8f13bfc5efc05,3/1(金) 15:50
jisin,女性自身,株価3万9千円に！　生活はよくならないのにバブル絶頂期を超えた理由は,https://news.yahoo.co.jp/articles/87de6966cfd1aadd78dc16450e929f8016ce2019,3/1(金) 15:50
jisin,女性自身,阿部サダヲ　朝食に激ギレ、自宅で突然かくれんぼ…妻との“不適切な結婚生活”,https://news.yahoo.co.jp/articles/285a63f41730af0c3aba1368ba433a5de20a9562,3/1(金) 15:50
jisin,女性自身,大谷翔平　電撃結婚で話題独占も…一部では「大谷ハラスメント」とうんざりムード指摘する風潮,https://news.yahoo.co.jp/articles/93abff34dac82c8080cd70fa94a4d9f4bc0f33ca,3/1(金) 15:08
jisin,女性自身,「絶対彼女やんって思っとった」大谷翔平　インスタ投稿に写りこんだ“インテリア”に注目集まる,https://news.yahoo.co.jp/articles/9a2ddf72800074a7d35c32d695d1413ebcb2b540,3/1(金) 14:47
jisin,女性自身,【昭和芸能界の“不適切な”伝説】萩原健一は暴力団から拉致、山口百恵さんのお尻を掴んだ「有名司会者」,https://news.yahoo.co.jp/articles/d7aca492089c11c5748320a4334b04ef91a33976,3/1(金) 11:04
jisin,女性自身,首の後ろの隙間を埋めるのが枕の役目……12cmじゃ高すぎる！「殿様枕」で脳卒中リスク,https://news.yahoo.co.jp/articles/7824370a0c68b1f0e1359e9a28702cf49570d804,3/1(金) 11:04
jisin,女性自身,「結局、すべて朗希ファースト」佐々木朗希の春季キャンプで起きていた“報道陣から大ブーイング”の異常事態,https://news.yahoo.co.jp/articles/0775ef399844f11accf281a5cb5d31a4d0fdf2d6,3/1(金) 11:00
jisin,女性自身,広瀬めぐみ議員　自民党に大逆風タイミングでの不倫報道に「救いようが無い」と呆れ声,https://news.yahoo.co.jp/articles/0545457e28c43c4851072331824cef4232647056,3/1(金) 6:05
jisin,女性自身,“松本人志の女遊び報道”は名誉棄損になるのか？北村弁護士の解説が「参考になります」と注目,https://news.yahoo.co.jp/articles/01821ec3537e7fef8921a0336cd87e29210504b0,3/1(金) 6:05
jisin,女性自身,「収入は月2万円の年金だけ…」専業主婦517万人が老後貧困の危機！第三号被保険者も廃止検討か,https://news.yahoo.co.jp/articles/223652299be47c32892c2effd5c8cac0e76985f5,3/1(金) 6:04
jisin,女性自身,「やっぱり羨ましい」大谷翔平　野球漬けイメージも25歳で明かしていた「意外な結婚願望」,https://news.yahoo.co.jp/articles/dfbeb70cf6507b5fb1e90d2dea22f63b3899d34b,3/1(金) 6:01
jisin,女性自身,大谷翔平　同じ匂わせナシの電撃婚も…発表で見せた羽生結弦との「決定的な違い」,https://news.yahoo.co.jp/articles/b260cd015efb3a707b9b1bb7a0b2a96531963d11,2/29(木) 19:44
jisin,女性自身,電撃結婚の大谷翔平　英語コメントで見せた“妻への思い”に「喜びが伝わってくる」とネット感動,https://news.yahoo.co.jp/articles/c8bb56f3cc896d51fca096e4cf65261154da756a,2/29(木) 19:30
jisin,女性自身,「見守っていただけたら助かります」大谷結婚発表直後に人気女性タレントが緊急会見…薬指には指輪も,https://news.yahoo.co.jp/articles/ad377ffec279d6417c660dba02cb70eb1e501f63,2/29(木) 18:32
jisin,女性自身,小泉今日子「孤独死しそうで心配」発言で高まる恋人・豊原功補と“破局”の現実味,https://news.yahoo.co.jp/articles/724b655a29f2d4c0549f5aa6067968a5f3d4267b,2/29(木) 18:13
jisin,女性自身,SixTONESジェシーがインスタに投稿した“寝姿”にファン衝撃「腕すごいことになってる」「なんか怖い」,https://news.yahoo.co.jp/articles/19a08a5e8671b604dcd523b39f16d9e65ff2bfb2,2/29(木) 18:08
jisin,女性自身,「明日お知らせが」「ビッグニュース」大谷結婚発表直前に人気俳優が意味深投稿,https://news.yahoo.co.jp/articles/e0202bc4b164cc9f808d6c1e43531a76691e7077,2/29(木) 18:05
jisin,女性自身,木村拓哉「show must go on」でインスタフォロワー1万人減、『教場』撮影延期も…連ドラ主演に返り咲き,https://news.yahoo.co.jp/articles/2d96e907a05576e1aa9064a03577a8ef044347f5,2/29(木) 17:50
jisin,女性自身,「悪女っぽい路線かね」広末涼子の“大胆肌見せ”投稿にネット衝撃「鋼のメンタル」,https://news.yahoo.co.jp/articles/e2d12b5302139d92661d8b8bad3cf44269162cf4,2/29(木) 16:20
jisin,女性自身,「気持ちを考えるとつらい」オズワルド・畠中にがん判明…恋人・井上咲楽に同情の声,https://news.yahoo.co.jp/articles/88d35df9c63d6ebe9ab29fcf5a26460b024933d4,2/29(木) 15:50
jisin,女性自身,錦戸亮も大絶賛！“令和の百恵ちゃん”河合優実「昭和の香り漂う」ロケ現場,https://news.yahoo.co.jp/articles/a3f470a215ad6038bf689fd5791e4e3dee8d10a0,2/29(木) 15:50
jisin,女性自身,二階堂ふみ　映画ジャーナリストが分析した海外で評価される2つの理由。飾らない性格ともう1つは？,https://news.yahoo.co.jp/articles/19c06be5fd5913296780bf2d23aa3c72da35be2d,2/29(木) 15:50
jisin,女性自身,ノロウイルス感染の危険、血液型O型の人はB型の10倍も！,https://news.yahoo.co.jp/articles/b12b44a2f641d8d68334e5eec57c5d82471cb248,2/29(木) 15:50
jisin,女性自身,未成年喫煙で退所の元関西ジュニア　再生回数1万回に届かず大苦戦…古巣は初の全国ツアーで分かれた明暗,https://news.yahoo.co.jp/articles/61dc880a29bec27b7bc614dc8cc671a519aa4429,2/29(木) 12:00
jisin,女性自身,大谷翔平　ドジャースキャンプ入りも引っ越し先がまだ決まらない…理由は「愛犬デコピン」か,https://news.yahoo.co.jp/articles/1565e981008bffc6f54e8f3a8f6ad8d8ad0fb51e,2/29(木) 11:02
jisin,女性自身,岸田首相進める介護報酬改定で「訪問ヘルパー、もう呼べない…」在宅介護で破産急増の悪夢！,https://news.yahoo.co.jp/articles/0b5d505e8cfd206686afdc0acad8052aa4a9dd23,2/29(木) 11:00
jisin,女性自身,プロダーツプレイヤーのSNS上の“女性蔑視投稿”が物議→スポンサー企業が契約解除を発表「社会的責任に反する行為を行った」,https://news.yahoo.co.jp/articles/5f14cfbca2823c0a32ba1f41aac5260335a752d9,2/29(木) 6:10
jisin,女性自身,紀子さま　ご体調不良でも6週間以上“病名発表なし”美智子さまの教えに反しても避けたい“ストレス要因詮索”,https://news.yahoo.co.jp/articles/74924b828d565613e8e907758e2039b788ae9de3,2/29(木) 6:04
jisin,女性自身,飯島直子「赤裸々トーク番組」「すっぴんインスタ」“元祖・癒し系”の親近感に脚光,https://news.yahoo.co.jp/articles/060b624a91eb02aa53d46c2b40dfcdf61c7ff5c7,2/29(木) 6:03
jisin,女性自身,岸田首相 4月“クビ”も…「親財務省」議員が集結で、背後で進む消費税増税19％,https://news.yahoo.co.jp/articles/cc6474e200525eff5531cb195213c9a813c4e4a7,2/29(木) 6:03
jisin,女性自身,元プラマイ岩橋　動画でファンや元相方に謝罪…それでも「謝らなかった相手」,https://news.yahoo.co.jp/articles/9dd0d6d52cc818b6042d39b659640253d07f56e4,2/28(水) 18:48
jisin,女性自身,「なんでそこと？」松山ケンイチが“炎上系”YouTuberと唐突コラボでファンから疑問の声,https://news.yahoo.co.jp/articles/3805913df74d903265c84e5b89fc57c51f79e46f,2/28(水) 18:31
jisin,女性自身,「暴露始めたんかと」コロチキ・ナダル　Xで見せた“異変”にネット衝撃,https://news.yahoo.co.jp/articles/b3c2e1ab0939049669a958c30fa457b43458253a,2/28(水) 18:20
jisin,女性自身,「出ないと意味ないよ」人気芸人　活動休止中の松本人志への“エール”に「凄い勇気」と称賛の声,https://news.yahoo.co.jp/articles/60e537eaf05edc571c4563c50dfc1e2cbb95f032,2/28(水) 17:55
jisin,女性自身,明石家さんま “BIG3”たけし＆タモリは出演番組減少も…松本騒動で引退計画を撤回！,https://news.yahoo.co.jp/articles/bcd8b2fe5fa7657c8485d19d6782b8f8b70c742a,2/28(水) 15:50
jisin,女性自身,日本大学　受験者数激減で最大8億円の収入源…アメフト部薬物問題の余波で大打撃,https://news.yahoo.co.jp/articles/9d1bd48732899466a6bb2f4c0212c6884c4b30de,2/28(水) 15:50
jisin,女性自身,腕の筋力低下が足腰の衰えの呼び水に！寝たきり防ぐ「3・5指体操」,https://news.yahoo.co.jp/articles/404e09687a77d8dbd4ad91282ba6e975580e3a1b,2/28(水) 15:50
jisin,女性自身,「スニーカーを汚したくないから」ボディガードに自分を運ばせたDJが炎上中,https://news.yahoo.co.jp/articles/974018f33d64e0eb4383f55beee55d53c9ec4901,2/28(水) 13:00
jisin,女性自身,「頻尿薬」飲み続けると記憶障害の危険性も……50代以上の服用者が多い認知症高リスク処方薬,https://news.yahoo.co.jp/articles/6678830f4af8e3f06d26991b84df74f546e1a048,2/28(水) 11:04
jisin,女性自身,羽生結弦　離婚苦境で浮上する「現役復帰」の現実味…ツアーでは“匂わせ発言”も,https://news.yahoo.co.jp/articles/5b97e4bf4723550a2e374f87bcd17ff7cb204867,2/28(水) 11:03
jisin,女性自身,「ずっと思ってた」北千里駅と南千里駅の間はなぜ山田駅？　阪急電鉄が語った「開業秘話」,https://news.yahoo.co.jp/articles/7e54230dcfe69248aac1a8213c77f1c886a96494,2/28(水) 11:02
jisin,女性自身,大野智　STARTO社総出コンサートに出演の期待も…ワイルド変貌、エージェント契約難色の休止生活,https://news.yahoo.co.jp/articles/54605650ddf62b1216bc26d29d4e4c2764b333fb,2/28(水) 11:02
jisin,女性自身,「自粛されてた割には…」霜降り・粗品　“1人賛否”も活動再開への藤本敏史に放った「痛烈すぎる批判」,https://news.yahoo.co.jp/articles/911eea2a8255f4dce5dfcbee5483420e91986d5c,2/28(水) 11:02
jisin,女性自身,能登半島地震の被災地上空へのブルーインパルス飛行に賛否「本当にありがたい」「金かけるとこが違う」,https://news.yahoo.co.jp/articles/104e7502d5bbad84675fba19faf63764abb4c074,2/28(水) 11:01
jisin,女性自身,1時間以上手を洗う、ドアノブやつり革が触れない…女性の強迫性障害は、出産 子の独立が引き金に！,https://news.yahoo.co.jp/articles/e2f46919b63ae9199f7bf6dca82dac9d7b5cfd94,2/28(水) 6:04
jisin,女性自身,雅子さま　天皇陛下に「毎日の晩酌を控えて」と勧められ…ご即位前から続く“健康ケア”,https://news.yahoo.co.jp/articles/d2b7b30c982dda6bc12199a2d0d9901defbf172e,2/28(水) 6:04
jisin,女性自身,「性に奔放な人が多い」人気作家の“新宿ゴールデン街”巡る発言に「街の品位を貶める」と批判→謝罪,https://news.yahoo.co.jp/articles/82cfd2442b4f4dbd145f40d26a8919d5262cbebc,2/27(火) 19:15
jisin,女性自身,「特典残ってたし席もガラガラ」映画『鬼滅の刃』の動員と興行収入が1年で半減した理由,https://news.yahoo.co.jp/articles/d9000cb135a98c2f19e54b769d884cd4e65caade,2/27(火) 18:50
jisin,女性自身,「女性が情報提供で金銭をもらっていたら？」北村弁護士　松本人志報道の疑問を解説「わかりやすい」,https://news.yahoo.co.jp/articles/c37ce5058337f307e5203c4624babae0999cbf38,2/27(火) 18:20
jisin,女性自身,「なぜ抜け穴作りの先頭に立つんですか」野田元首相が岸田首相の“パーティー三昧”を痛烈批判,https://news.yahoo.co.jp/articles/7b50e249ed3a8b446d07b3440910b90242f88445,2/27(火) 18:00
jisin,女性自身,二宮和也「激烈に痛い」銀髪“激変”姿にネット歓喜…「色気ムンムン」「かっこよすぎ」,https://news.yahoo.co.jp/articles/1e1c4ee88b87464b59977dc7d1468a5fbdfeae5d,2/27(火) 17:20
jisin,女性自身,有吉弘行「島田秀平は大ウソつき」発言連発にあった「最も尊敬する芸能人」の影響,https://news.yahoo.co.jp/articles/d5f6061dcc2ef690910a0150032f1ffb5f897d83,2/27(火) 15:50
jisin,女性自身,芦田愛菜が更新し続ける「ポンかわ伝説」 共演・西島秀俊を癒す「4つ目の音痴」,https://news.yahoo.co.jp/articles/7853a4b97468a567eee7d6711aef25238c08e61a,2/27(火) 15:50
jisin,女性自身,世界ランク2位にストレート勝ちの平野美宇　母が語った“鋼メンタル”を培った言葉,https://news.yahoo.co.jp/articles/bae949c9545cdf78a5953a0b644ab1f64e1f31f9,2/27(火) 15:50
jisin,女性自身,粗品　元プラス・マイナス岩橋に私見語るも“一発目の言葉”に「信頼できる」の声,https://news.yahoo.co.jp/articles/9d84aeadc3e0d102514ba90592832ef69328aa05,2/27(火) 15:15
jisin,女性自身,元TBSアナ伊東楓が故郷の酒造とコラボした「復興ボトル」を販売,https://news.yahoo.co.jp/articles/dc9feb9c0678d681a050f0852e24f61b933a65bd,2/27(火) 11:01
jisin,女性自身,愛子さま　交流盛んで、社内結婚も多く…お勤めされる日本赤十字社の「意外な職場環境」,https://news.yahoo.co.jp/articles/ca11431f77d7c9a8c70bbc2aa18b09247c164478,2/27(火) 6:06
jisin,女性自身,堂本剛　ジャニー氏逝去から退所までの4年半にあった事務所との“溝”,https://news.yahoo.co.jp/articles/7fd61b7d570eb2c2baaff89ca07506da435d24a3,2/27(火) 6:05
jisin,女性自身,課金の価値あり！ハマった「Netflixドラマ」3位君に届け、2位深夜食堂を抑えた1位は？,https://news.yahoo.co.jp/articles/1be2d95f4f13373582b740744a135a893f988085,2/27(火) 6:05
jisin,女性自身,お金を払って損した！イマイチだった「Netflixドラマ」金魚妻、君に届けを抑えた1位は？,https://news.yahoo.co.jp/articles/3df35f3d180b016590d53beed5434ea9e2e05f39,2/27(火) 6:05
jisin,女性自身,役者向いてないんじゃない!?【冬ドラマ】演技が下手だと思う芸人ランキング、木梨憲武＆福田麻貴を抑えた1位は？,https://news.yahoo.co.jp/articles/7a08d4b8ccaf477d0ca84518dc6d6c8e9338865f,2/27(火) 6:01
jisin,女性自身,アンミカ、指原、村重…松本人志報道で“擁護しない”女性芸能人に過熱するバッシング,https://news.yahoo.co.jp/articles/c395ac5b640271801ec2c965936b9842cc56162a,2/27(火) 6:01
jisin,女性自身,【冬ドラマ】演技力が光る芸人ランキング、3位木梨憲武、2位ロバート秋山を抑えた1位は俳優歴29年の二刀流芸人,https://news.yahoo.co.jp/articles/51c07612411eabd8ba695b39d929e3d964058f18,2/27(火) 6:00
jisin,女性自身,東名あおり運転死傷事故　被告の“捨て台詞”にネット怒り「脅迫だろ」「全く反省していない」,https://news.yahoo.co.jp/articles/98960f59a75989bb7af827c18f9fcb9f78308cec,2/26(月) 17:04
jisin,女性自身,Snow Man岩本照　主演ドラマの元カノ役女優が自身の“呼び名”に異例要請,https://news.yahoo.co.jp/articles/3ffc9c791b5a8f5d98a99acb634e9b4133abda5e,2/26(月) 16:28
jisin,女性自身,「共産党は企業が敵だと思ってる」田原総一朗　『朝生』での“暴論”に「司会者変えるべき」と批判噴出,https://news.yahoo.co.jp/articles/00f24366888532910c95f7d2947e10958743951c,2/26(月) 16:18
jisin,女性自身,令和ロマンが人気芸人のルール違反に“出禁”宣言！「東京公演で逮捕する」,https://news.yahoo.co.jp/articles/074248cf009c18e137e04a33fd6738dc58f97514,2/26(月) 15:50
jisin,女性自身,「整理してただけ」真木よう子　宮川大輔との2ショットインスタ投稿削除を釈明？,https://news.yahoo.co.jp/articles/7db117b993e793ab75228ddb073f5a4a58d15b17,2/26(月) 15:46
jisin,女性自身,元消防士芸人が古着店で“まさかの事態”に…ネット絶句「自分やったらブチギレ」「えぐい」,https://news.yahoo.co.jp/articles/7d617fb1507b0be5d0e90a824163a8492195e71a,2/26(月) 15:16
jisin,女性自身,「シンプルに謝ればいい」村重杏奈　松本人志報道への“持論”が波紋…SNSコメント欄には「何様よ？」「恩を仇で返す」と心ない声,https://news.yahoo.co.jp/articles/b83696eabdcf63af1f56873dfdade2b7cf0c40fe,2/26(月) 14:30
jisin,女性自身,「歌う前に誠意を見せて」人気ミュージシャンからの性加害を告白した元女優が“悲痛訴え”,https://news.yahoo.co.jp/articles/fa710cecdd086c316701e078be6ba3bd23d7e063,2/26(月) 11:56
jisin,女性自身,ひび、あかぎれ、肌の乾燥が気になる人に白砂糖を使ったセルフケアをおすすめ！,https://news.yahoo.co.jp/articles/fd13043234970216d441df8c7ae0700ed3f983be,2/26(月) 11:03
jisin,女性自身,大谷翔平 日替わりポルシェはいくら？美人レポーターの身長は？気になる数字を大調査,https://news.yahoo.co.jp/articles/dd235d06cac4c84aa8640dfe3d744beaa42cbf39,2/26(月) 11:03
jisin,女性自身,天皇陛下はご一家で談笑、秋篠宮家はほぼ無言でお手振り…64歳祝う一般参賀で見せた“違い”,https://news.yahoo.co.jp/articles/b05af653ce19db5aa7f7e028bb1fb5514aa24ada,2/26(月) 6:05
jisin,女性自身,米倉涼子　映画『ドクターX』の撮影が大幅遅延…事務所再建の老紳士（74）も就任4カ月で急逝の二重苦,https://news.yahoo.co.jp/articles/5324b5e820227579efe9ae177a41b87cf54d3197,2/26(月) 6:04
jisin,女性自身,山村美智 フジテレビ時代のイジワル体験が『アナウンサーぷっつん物語』の元ネタに,https://news.yahoo.co.jp/articles/03a8fe1534b432e8233a40b32b232b07a487b5bf,2/25(日) 6:03
jisin,女性自身,『女性自身』記者による1月ドラマ座談会「多様性テーマの作品が勢ぞろい！」,https://news.yahoo.co.jp/articles/6e583f2fbb77f50c33f21ebd6a1b6fb213954b66,2/25(日) 6:03
jisin,女性自身,7浪して53歳で医師に！　貴子先生語る「小中学校ではずっとクラス最下位でした」,https://news.yahoo.co.jp/articles/8cd874cc8c578acf2e7d3234ec7585591cd62620,2/25(日) 6:02
jisin,女性自身,7浪して医学部、国家試験に2回落ちて53歳で医師になった女性「それでも諦めなかった理由」,https://news.yahoo.co.jp/articles/296a835aeff52feffe33fcccbdf0e928b76dd5fe,2/25(日) 6:02
jisin,女性自身,天皇皇后両陛下　3月下旬に能登半島の被災地をご訪問へ…懊悩され続けた“現地への負担”,https://news.yahoo.co.jp/articles/4e28788aee516c2923da186c1463ef07ee486772,2/25(日) 6:01
jisin,女性自身,宮沢氷魚と事実婚の黒島結菜が慕う「芸能界の大御所」…妊娠発表もスピード復帰で仕事継続を直訴,https://news.yahoo.co.jp/articles/513d1102458390c0b18af86397a4a63045f2a0a0,2/24(土) 12:01
jisin,女性自身,篠田麻里子“不倫妻”役復帰が話題も前途多難…局から聞こえる「次はない」の冷ややかな反応,https://news.yahoo.co.jp/articles/8f8b0a717e526d1ca1735111a1c91a12487e281f,2/24(土) 11:45
jisin,女性自身,天皇陛下　写真で振り返る64年、上皇陛下との腕相撲ショットも,https://news.yahoo.co.jp/articles/7c57fa7adf645e65ede4a31ee12b53f9e21667d8,2/24(土) 6:05
jisin,女性自身,上戸彩「3人目が生まれてカオス状態。でも女優をやめなくてよかった」,https://news.yahoo.co.jp/articles/d557eedd4bd05678d51ac6b06a51be0930fe558c,2/24(土) 6:04
jisin,女性自身,津田健次郎　意外な告白「喉のケアはしない！自然がいいんです」,https://news.yahoo.co.jp/articles/c0d4c606d57d806be6cd7d05d0213eded64d47b1,2/24(土) 6:04
jisin,女性自身,藤原紀香　胸元強調衣裳に熱烈キスシーン…“梨園の妻”脱却で令和のセクシーNo.1女優へ,https://news.yahoo.co.jp/articles/63282548e700a5dbda414fc3264000b07a3cab90,2/24(土) 6:04
jisin,女性自身,愛子さまにも受け継がれた？陛下のテレビ好き　昨年見ていた「意外なドラマ」,https://news.yahoo.co.jp/articles/4fcda67dde4e86a6ebee37a163e6efe202465e64,2/24(土) 6:04
jisin,女性自身,残念だった「タモリ番組」ランキング…笑っていいとも！、世にも奇妙な物語を抑えた1位は？,https://news.yahoo.co.jp/articles/b1f7dee46a454330e60ac4d6443c21d9abec65a3,2/24(土) 6:03
jisin,女性自身,厚労省の飲酒ガイドライン“ロング缶1本”に悲鳴「休肝日あればもっと飲んでいい？」疑問に回答,https://news.yahoo.co.jp/articles/a8c218545a352b54380a0723206e9514ea85552f,2/24(土) 6:03
jisin,女性自身,復活してほしい「タモリ番組」ランキング…3位ブラタモリ、2位タモリ倶楽部を抑えた圧倒的1位は？,https://news.yahoo.co.jp/articles/ffe580121f04feaa7da9fdab37dddd9a51300fad,2/24(土) 6:01
jisin,女性自身,「朝ドラヒロインに選ばれてほしい」若手女優ランキング！3位小芝風花、2位広瀬アリスを抑えた“国民的女優”は？,https://news.yahoo.co.jp/articles/f4866cb97e7833d929d3de130733e546e70643b7,2/24(土) 6:01
jisin,女性自身,能登地震被災者が語る「絶対に備えておきたいもの」断水でわかった意外な盲点とは？,https://news.yahoo.co.jp/articles/e490e822b675f799fd18713ea604b90b7f12128f,2/24(土) 6:00
jisin,女性自身,やす子　超多忙でもXで全リプライに「いいね」する“理由”に「神」「すごいこと」と広がる感動,https://news.yahoo.co.jp/articles/5194beef18549701e4397d4d3a5efc5012d2bee1,2/23(金) 18:08
jisin,女性自身,真木よう子はプラマイ岩橋の「エアガン告発」を全否定…居合わせた“人気芸人”に証言求める声続出,https://news.yahoo.co.jp/articles/a54c5e46f8acff7967ec38b49524e3ddcb830ef9,2/23(金) 17:28
jisin,女性自身,「お笑いコンクールはやらせです」プラマイ岩橋の“告発”を後援市長が援護　契約解除も「納得できません」,https://news.yahoo.co.jp/articles/ffd22a048a8d2efb1f482264778703193332eae7,2/23(金) 16:14
jisin,女性自身,Hey! Say! JUMP中島裕翔　プラス・マイナス岩橋良昌の“エアガン告発”でインスタに心無い声…コメント700件超えでファンとアンチが大揉め,https://news.yahoo.co.jp/articles/fa96adfefffa57c4e9ecfb33444320644b15930d,2/23(金) 15:53
jisin,女性自身,「実はベーシックなヒーロー物語」、宮崎監督の“難解作”『君たちはどう生きるか』が欧米で高評価な理由,https://news.yahoo.co.jp/articles/1f769aab67834a17eac0f457deedd318a8cf4266,2/23(金) 15:50
jisin,女性自身,つっぱり棒マスターが明かす「つっぱる以外の使い方」工事不要でリフォーム効果,https://news.yahoo.co.jp/articles/7bd31a9de87e7e060b47004e2dbe12368fde8efd,2/23(金) 15:50
jisin,女性自身,有名人アルコールCMギャラランキング！2位の“酒豪”橋本環奈に7倍差をつけた圧倒的1位は？,https://news.yahoo.co.jp/articles/77bf288c3096ec8e75c05803a136b8857cbae56d,2/23(金) 15:50
jisin,女性自身,消えた郵便貯金…払い戻しの新基準開始「お金が返ってこない」権利が消える危機を回避するには,https://news.yahoo.co.jp/articles/1718905767a6fb380a5b21833f4546b583b8221d,2/23(金) 15:50
jisin,女性自身,「切り捨てたみたい」「仕方ない」プラス・マイナス岩橋良昌　吉本の契約解消に賛否真っ二つ,https://news.yahoo.co.jp/articles/55c4232442c2ef2da2356769e56eadeca87a7d11,2/23(金) 15:16
jisin,女性自身,真木よう子　プラマイ岩橋を「重度の精神障害の方」エアガン告発への“反論”が「余計な一言」と物議,https://news.yahoo.co.jp/articles/34839b6457d025032b4bd3e6d92fcbcb860cd13e,2/23(金) 14:22
jisin,女性自身,プラマイ岩橋が吉本時代の“高額収入”を暴露！ファン驚き「そんなにもらってたんか」,https://news.yahoo.co.jp/articles/bb8893a19399145e3351c93c6f163a99cab5919b,2/23(金) 14:18
jisin,女性自身,「一番の被害者」プラマイ岩橋の契約解除＆コンビ解散で相方・兼光に同情の声,https://news.yahoo.co.jp/articles/e1a27d2d9e09d73c763375f2c2ea3d8d4d7f18ef,2/23(金) 11:25
jisin,女性自身,山口百恵さん　手作りおにぎりに歌唱指導！40歳目前の長男・祐太朗はまだ“手のかかる子ども”か,https://news.yahoo.co.jp/articles/c1ddfd451980fd18f2e80ce10f41ee7e83da29dd,2/23(金) 11:04
jisin,女性自身,約20万人来場の人気イベント「パンダ春節祭」にパンダ好き記者が潜入,https://news.yahoo.co.jp/articles/f072ab64a42a8174e49ff0a39de4385cc8326129,2/23(金) 11:01
jisin,女性自身,契約解消のプラス・マイナス岩橋良昌　芸人仲間が心配していた“真面目”ぶり「ノーモーションでやめていく」,https://news.yahoo.co.jp/articles/42ebdd90bde0bc5e5b9f5791a17b870455b390f3,2/23(金) 11:01
jisin,女性自身,【「不適切」な昭和 】驚愕数字！スケバンドラマの最終回視聴率が45.3％,https://news.yahoo.co.jp/articles/efe0bfdddfa79540a03e9827b4d6434ce6e1ff40,2/23(金) 6:04
jisin,女性自身,真木よう子『だれかtoなかい』で大暴走、ライブ配信で絶叫…“驚きの素顔”にイメージ大暴落,https://news.yahoo.co.jp/articles/6d355d864203eb5ddb9bdc9f5175f0ac01d95f37,2/23(金) 6:03
jisin,女性自身,プラス・マイナス岩橋良昌　暴走を止めてとファンがすがる“渦中の大御所芸人”,https://news.yahoo.co.jp/articles/7cf9eedaebc86301f8a2b1a4be56f00718c6b00e,2/23(金) 6:03
jisin,女性自身,「支持せざるをえない」維新“医療窓口負担を一律3割”を提言…実現すれば数兆円規模の削減にネット評価,https://news.yahoo.co.jp/articles/1b1458fce9b9972dc9a331712261af24c5017166,2/23(金) 6:01
jisin,女性自身,「事実確認はしたのか」吉本興業　プラマイ岩橋を契約解消も宙に浮いた「告発の真偽」,https://news.yahoo.co.jp/articles/05bd94674d7e13fe2193eaab05b479afb4d7d80d,2/23(金) 6:00
jisin,女性自身,“エアガン発砲告発が物議”真木よう子のお騒がせ過去・・・泥酔で撮影ドタキャン、突如Fカップ告白、コミケ“ルール無視”計画で炎上,https://news.yahoo.co.jp/articles/93f81d26ae97c190f7f2a94a067fc6c217c23952,2/23(金) 6:00
jisin,女性自身,プラス・マイナス岩橋良昌　吉本から契約解消で公式サイトからも削除…本人は「汚ねぇ会社」と怒り心頭,https://news.yahoo.co.jp/articles/f5a3d9fe8618865d93df780e3d5a1aca017913ad,2/22(木) 21:41
jisin,女性自身,「これが嘘ついてる人間の顔」プラス・マイナス岩橋良昌　“エアガン発砲告発”を全否定の真木よう子に猛反論,https://news.yahoo.co.jp/articles/db8d9482ba37794a641f53eaa842a3842acf66eb,2/22(木) 19:23
jisin,女性自身,プラス・マイナス岩橋“挨拶無視”された芸人を実名暴露…ファン驚愕「意外な名前」,https://news.yahoo.co.jp/articles/2e6b3cfafbdc6837ee06253a55ba7927115ac428,2/22(木) 17:19
jisin,女性自身,「私事ですが」鳥羽シェフ　インスタで明かした“好きなもの”「好き過ぎて週2は」,https://news.yahoo.co.jp/articles/6a4fccd8b73f86b794885641c26d1e7c086b4130,2/22(木) 16:47
jisin,女性自身,70代で地方移住＆終活…山本陽子が本誌に明かしていた“一人で前だけを向いて生きていく幸せ”,https://news.yahoo.co.jp/articles/0957cb8d9d68c277283d006c8bf2dfc62740a927,2/22(木) 15:50
jisin,女性自身,「松本ショック」で今田、ジュニアはオファー減も東野幸治だけ“ノーダメージ”なワケ,https://news.yahoo.co.jp/articles/52ae4511dd17c0332a91f7e088261689ba925c1e,2/22(木) 15:50
jisin,女性自身,本木雅弘夫妻のゴージャス家族夕食会を目撃！,https://news.yahoo.co.jp/articles/91e1d6c10e7214c77c589d73e84c2af17ae1fc1e,2/22(木) 15:50
jisin,女性自身,プラス・マイナス岩橋　解散宣言、吉本批判連発も芸人仲間はほぼスルー…心配で電話のカジサックには「きっしょ」,https://news.yahoo.co.jp/articles/12d5403d4d857ea677378c21544175069ea73397,2/22(木) 15:33
jisin,女性自身,「やってねぇってんだよ」真木よう子　プラスマイナス岩橋の“エアガン発砲”告発を全否定！食い違う主張に広がる余波,https://news.yahoo.co.jp/articles/7e5882bd5f1dd00ba4f0d7e3486f64ac01223870,2/22(木) 13:29
jisin,女性自身,「助けてほしい」プラマイ岩橋が“吉本退所”宣言…相方・兼光にはファンの嘆願殺到,https://news.yahoo.co.jp/articles/eb6ae6dd19999faa196214c488b1992d827463f5,2/22(木) 12:18
jisin,女性自身,山下智久　亀梨と4年ぶり共演に秘めた“お蔵入り”の贖罪…NEWS＆KAT-TUN再集結への願いも,https://news.yahoo.co.jp/articles/97094902cd9bb762b0fa380fe295873bb5cf7332,2/22(木) 11:03
jisin,女性自身,3位は山口県、2位は富山県…最も危ない県1位は？最新耐震化率で判明！都道府県別「地震で家屋倒壊」危険度ランキング,https://news.yahoo.co.jp/articles/2e98ec4fae72eaeadd6bbe03910c089169ddbaa4,2/22(木) 11:02
jisin,女性自身,羽生結弦　アイスショー完走も拭えぬ“105日離婚”の悪影響…活動再開の元妻にはエール続出の明暗,https://news.yahoo.co.jp/articles/a616dc6e78b688b912b9ca41fbe78ba2d90c5c80,2/22(木) 11:01
jisin,女性自身,松本人志　出演番組消滅でロス続出も…不在後の『IPPON』『だれかtoなかい』は見逃し回数絶好調の皮肉,https://news.yahoo.co.jp/articles/1621f69801020606c38a2d5fed08c71eae64a3a9,2/22(木) 11:01
jisin,女性自身,雅子さま　“じい”のあだ名の由来にもなる溺愛ぶり…天皇陛下と育まれた盆栽愛27年,https://news.yahoo.co.jp/articles/0db25654cc5d380098fd31ab7efa4728d7788612,2/22(木) 6:06
jisin,女性自身,天皇陛下　開催発表は異例の17日前…一般参賀ご決断にあった「雅子さまのご説得」,https://news.yahoo.co.jp/articles/e9f45a8d38ac1437bc7edb14fdbde9d9dc8eb364,2/22(木) 6:04
jisin,女性自身,岸田首相「子育て増税」で年間1万円超の負担増！“森林税”“防衛増税”も国民に重たい負担,https://news.yahoo.co.jp/articles/80ed44928e0a40cdb9e563aee822979e1d6c44e6,2/22(木) 6:03
jisin,女性自身,元ハリウッド照明技師で『スパイダーマン』にも参加…大谷翔平も慕う山本由伸の通訳の驚愕経歴,https://news.yahoo.co.jp/articles/f18ef5ae3a20333d3ed8f34011554b269ced6384,2/22(木) 6:00
jisin,女性自身,広末涼子だけじゃなく小林麻耶、福原愛も！お騒がせ有名人がレンタルオフィスを選ぶ理由,https://news.yahoo.co.jp/articles/ab9f2a3f8c1709430adf26f11831e5b0b65fb92e,2/22(木) 6:00
jisin,女性自身,過去にはてんちむが2日で600万円を荒稼ぎ！オーナー逮捕「バーレスク東京」の闇,https://news.yahoo.co.jp/articles/6a5c7e76226b6b59a5df28d9ffd07e9b6406b84c,2/21(水) 18:09
jisin,女性自身,「俺の悪口を言ってて」ジャンポケ斉藤が明かした“本当に嫌い”だった先輩芸人　ロンハー収録でマジ喧嘩に,https://news.yahoo.co.jp/articles/a293ad880254bd97c2ced7e589382e613be8ab3c,2/21(水) 17:32
jisin,女性自身,ひろゆき　明かした“離婚しない理由”に司会者衝撃…妻も「結構、モラ味が強い」,https://news.yahoo.co.jp/articles/96b50bccc695fe70da66b1c52f33cdb403544705,2/21(水) 17:20
jisin,女性自身,「元KAT-TUNとは思えない」田口淳之介　退所から8年の“意外な現在”に驚きの声,https://news.yahoo.co.jp/articles/fb997d4caf28af5075bf83d6525350acaac2583c,2/21(水) 16:45
jisin,女性自身,「ヤバいやつみたいにするのなに？」エアガン被弾告発のプラス・マイナス岩橋に“先輩芸人”が助け舟,https://news.yahoo.co.jp/articles/a1933883b195ddc06edde5499299a0f61e4c250b,2/21(水) 15:52
jisin,女性自身,「本当に殺されるのではないかと」逮捕の榊英雄容疑者　被害者が明かしていた“卑劣な所業”,https://news.yahoo.co.jp/articles/e610afd44cc24f9e2bf975adad3219ec39682206,2/21(水) 15:50
jisin,女性自身,“スタントマンいらず”“自作アウターを全員に配布”櫻井翔の『新空港占拠』ロケ現場を目撃,https://news.yahoo.co.jp/articles/5aed32029c119fa37fe1608c5b83d83af9d0de80,2/21(水) 15:50
jisin,女性自身,「騙されたのはうち」二階元幹事長　“1千万円分”購入した書籍の出版社が明かす衝撃の「裏事情」,https://news.yahoo.co.jp/articles/56e7298527ea4d8fad8c7cbc369add8ba0245b16,2/21(水) 15:50
jisin,女性自身,二階元幹事長　書籍代3500万円に批判噴出…購入額上位の出版社が明かした「購入の経緯」,https://news.yahoo.co.jp/articles/0bb738338c303865ea834ae08e0d3fefa78c8b1b,2/21(水) 15:50
jisin,女性自身,趣里　“共演者と食事に行かない”ストイック女王が何でも相談する「元AKB48女優」,https://news.yahoo.co.jp/articles/8bd29cace9d1fd77608c480eaf20214e56b63f57,2/21(水) 15:50
jisin,女性自身,『おは朝』看板アナ　阪神ユニフォームで他球団監督に“失礼質問”連発…「虎ハラ」「非常識にも程がある」と批判続出,https://news.yahoo.co.jp/articles/bd4d42c55053e1dbca4171ed3fcc0b964696958a,2/21(水) 15:10
