media_en,media_jp,title_articles,link_articles,date_original
sph,ƒXƒ|[ƒc•ñ’m,y‹£—Öz’‡‘òt‚ªjã‚Wl–Ú‚ÌŠ®‘S‚u‚Å‘²‹LƒNƒC[ƒ“c‘æ‚P‚Q‚UŠú‘²‹Æ‹L”OƒŒ[ƒX,https://news.yahoo.co.jp/articles/67002220ccba274cbba2a8b27ac591539fbb22e5,3/7(–Ø) 12:38
sph,ƒXƒ|[ƒc•ñ’m,‘Ì‘€ŒÜ—Öƒƒ_ƒŠƒXƒgE‘ºãäˆ¤‚³‚ñAƒCƒPƒƒ“•v‚ÆŒ‹¥‚Pü”NƒVƒ‡ƒbƒgu‚ß‚Á‚¿‚á‚¨—‡‚¢vu‘f“Gv‚Ìº,https://news.yahoo.co.jp/articles/efb220c4f186b30c7a76f7a66211692f10e7ae5b,3/7(–Ø) 12:35
sph,ƒXƒ|[ƒc•ñ’m,y‹£—ÖzX“cˆê˜Y‚ª‘²‹Lƒ`ƒƒƒ“ƒvu‹£‹Z‚à‹£—Ö‚à‚µ‚Á‚©‚è’…‚ğæ‚ê‚é‚æ‚¤‚ÉŠæ’£‚è‚½‚¢vc‘æ‚P‚Q‚TŠú‘²‹Æ‹L”OƒŒ[ƒX,https://news.yahoo.co.jp/articles/80006a53f9d94df1f19569af15553ad96b1ec08e,3/7(–Ø) 12:25
sph,ƒXƒ|[ƒc•ñ’m,ƒ_ƒ‹ƒrƒbƒVƒ…—L‚ÌÈE¹q‚³‚ñAƒJƒƒCƒCq‚Ç‚à‚ğ”â˜II‚T™‚Ì•êAâŒiƒTƒ“ƒfƒBƒGƒS‚Åqˆç‚Ä‚·‚é—lqu‘f“Gv,https://news.yahoo.co.jp/articles/44f79d3a46805edba44e00b4316efcb84f841069,3/7(–Ø) 12:25
sph,ƒXƒ|[ƒc•ñ’m,•½ˆä—‰›ƒAƒiA¶•ú‘—‚Å‘å•¨i‰ïÒ‚ğƒuƒ`Ø‚ê‚³‚¹‚éu˜b‚ğ­‚µ‚Í•·‚¯I‚Á‚Ä“{‚ç‚ê‚Äcv,https://news.yahoo.co.jp/articles/c2f47a68c32266ee3f8570525c181a1bc625bc10,3/7(–Ø) 12:20
sph,ƒXƒ|[ƒc•ñ’m,y‚c‚…‚m‚`z“Œ÷‚ª‚Q”N‚Ô‚è‚Q“x–Ú‚ÌŠJ–‹“Šè‚ÉŒˆ’ècL“‡‚É‚Q”N‘O‚ÌáJ‚Ö,https://news.yahoo.co.jp/articles/5202fba6d58edda27dda9e86385dac6e5aa4ec92,3/7(–Ø) 12:18
sph,ƒXƒ|[ƒc•ñ’m,‚j‚‚‹‚‰CƒpƒŠ‚ÅŒ¨o‚µ‚ÌF‚Á‚ÛpuƒI[ƒ‰‚ª‚·‚²‚¢vcH“¡Ã‚Ì‚Q‚PÎŸ—A•ê‚àu‚¢‚¢‚ËIv,https://news.yahoo.co.jp/articles/4540068156fe3b1e19cda57746ad7f511fa70b1c,3/7(–Ø) 12:15
sph,ƒXƒ|[ƒc•ñ’m,ƒIƒJƒ_EƒJƒYƒ`ƒJu‚`‚d‚vv“dŒ‚Œ_–ñcƒGƒfƒBEƒLƒ“ƒOƒXƒgƒ“‚ÉuƒŒƒCƒ“ƒ[ƒJ[v—‚Ñ‚¹uƒWEƒGƒŠ[ƒgv‰Á“ü,https://news.yahoo.co.jp/articles/e27f6bdd21e7652f68dd04af57e49e3f2acf7f14,3/7(–Ø) 12:13
sph,ƒXƒ|[ƒc•ñ’m,uã“c‚Æ—‚ª–i‚¦‚é–év‚R‚XÎ”ülƒ^ƒŒƒ“ƒg@ƒrƒWƒ…ƒAƒ‹•Ï‚í‚Á‚½Hƒlƒbƒg“ñ“xŒ©uŒ©‚½–Ú‚ªá‚·‚¬‚év,https://news.yahoo.co.jp/articles/94eb7057fef8f0a8272b61694cbafa534386a22f,3/7(–Ø) 12:05
sph,ƒXƒ|[ƒc•ñ’m,yã_z”­”M‚Å‘O“úŒ‡È‚ÌË–Ø_l‚ª—ûK•œ‹AAbq‰€‚ÅƒLƒƒƒbƒ`ƒ{[ƒ‹,https://news.yahoo.co.jp/articles/91053a6239fdab1504daa478a34ed7cd2a6fb4b9,3/7(–Ø) 12:00
sph,ƒXƒ|[ƒc•ñ’m,Œã“¡^ŠóA’©‚©‚çƒr[ƒ‹‚ğˆù‚İ”ä‚×uV‚µ‚¢¢ŠE‚ªL‚ª‚Á‚Ä‚¢‚­Š´‚¶‚ª‚µ‚½v,https://news.yahoo.co.jp/articles/7d3d8ea5fdde4c56d104dd60ef9a58515ee2836f,3/7(–Ø) 11:55
sph,ƒXƒ|[ƒc•ñ’m,—é–Ø•Ÿ‚Ì‚P‚VÎ–…E–²A‚«‚å‚¤‚¾‚¢ƒVƒ‡ƒbƒg‚ª˜b‘èIƒeƒŒƒr‹¤‰‰‚Éuo‚Ä—~‚µ‚©‚Á‚½Ivu‚·‚²‚­Šy‚µ‚İv‚Ìº,https://news.yahoo.co.jp/articles/e0bfea3ed1bc5d66d598a55262288a559ecae199,3/7(–Ø) 11:55
sph,ƒXƒ|[ƒc•ñ’m,‘æ‚Sq”DP’†‚Ì‰Á“¡‰ÄŠóAq‹Ÿ‚Éì‚Á‚½gƒLƒƒƒ‰•Ùh‚ª‚·‚²‚¢Iu‰“‘«Šy‚µ‚ñ‚Å‚«‚Ä‚ËvuŠì‚ñ‚Å‚­‚ê‚é‚©‚ÈHv,https://news.yahoo.co.jp/articles/b7d4abe4507b82eaa3be9b604893eaaaf1f83a1a,3/7(–Ø) 11:35
sph,ƒXƒ|[ƒc•ñ’m,Îì‚Ì”íĞ’n‚Ì¬Šw¶‚ª•Ÿ“‡‚Å‚Ì‘S‘‘å‰ï‚Éµ‘ÒQ‰ÁcD–y‚e‚v—é–Ø•‘ ‚çŒ»–ğ‚iƒŠ[ƒK[‚Wl‹¤Ã‚Ì‘å‰ï,https://news.yahoo.co.jp/articles/40fdf956e4ef3c3e07504763c29dd2838ab5b7a7,3/7(–Ø) 11:19
sph,ƒXƒ|[ƒc•ñ’m,ˆÀZaˆê˜YƒAƒiAŒëİ’è‚Å‚P“™‚Q‚O‚O–{u•ó‚­‚¶v‚ÉƒrƒbƒNƒŠug‚±‚ñ‚È‚É“–‚½‚é‚ÌIh‚Æ‹Á‚¢‚½l‚àv,https://news.yahoo.co.jp/articles/75a1d0c7ee8ab3a750b9cd636af4905998d28683,3/7(–Ø) 10:55
sph,ƒXƒ|[ƒc•ñ’m,Å‚Šz‚Í‚Q‚Q–œ‰~Iˆäã®–í\ƒlƒŠ‚È‚Ç‚TŒ‚U“ú“Œ‹ƒh[ƒ€‚S‘å¢ŠEí‚Ìƒ`ƒPƒbƒg”Ì”„Šz”­•\,https://news.yahoo.co.jp/articles/e9e317d9fe448880722bd8007623ac68a7f958f3,3/7(–Ø) 10:32
sph,ƒXƒ|[ƒc•ñ’m,’c‘Ìí‚uŒø‰ÊI‚³‚ç‚È‚é”ò–ô‚ÖŠˆ‹C‚Ã‚­Œ•m‚½‚¿E¬’MŒ•ãÄŠÙc‚İ‚ñ‚È‚Å‚â‚ë‚¤Iƒgƒ‰ƒC•ñ’m,https://news.yahoo.co.jp/articles/f67781418d2f340f7cbea4b661c0a28293700fcf,3/7(–Ø) 10:30
sph,ƒXƒ|[ƒc•ñ’m,y‚Z–ì‹…z‰¡•l”¹l‚ÌVZ’·‚É’©–ØG÷‚ªA”C@“Œ‘å‚Å‘å‰zŒ’‰îƒLƒƒƒXƒ^[‚ÆƒoƒbƒeƒŠ[@–@‘åí‚Å–—Û’e,https://news.yahoo.co.jp/articles/885f9fa7137b4f55e1c0bbdd66e08e502aa1cfab,3/7(–Ø) 10:30
sph,ƒXƒ|[ƒc•ñ’m,‘å’JãÄ•½‚ÌÏ‹É‘–—Û‚ğƒhƒWƒƒ[ƒXŠÄ“Â‚ªÌ^u‚Æ‚Ä‚àƒAƒOƒŒƒbƒVƒu‚¾‚Á‚½vu‘«‚Ì‘¬‚³‚à•Ší‚Ìˆê‚Âv,https://news.yahoo.co.jp/articles/f241f689d1ff31ea8dd031964d3b674bfeab9517,3/7(–Ø) 10:28
sph,ƒXƒ|[ƒc•ñ’m,’JŒ´Í‰îAƒhƒWƒƒ[ƒXE‘å’JãÄ•½uƒGƒ“ƒ[ƒ‹ƒXv‚Æ‚ÌƒI[ƒvƒ“í–³ˆÀ‘Å‚ÉŒ©‰ğuã“_•ª‚©‚Á‚Ä‚¢‚é‚©‚àv,https://news.yahoo.co.jp/articles/8b679ed0c71ab68346fcc3fb30f352b8f46d3a94,3/7(–Ø) 10:19
sph,ƒXƒ|[ƒc•ñ’m,–kŠC“¹og‚Ì’†Î–©‚ª‹£—Ö‘Iè—{¬Š‘²‹Æ‹L”OƒŒ[ƒXoêu‚f‚PAƒOƒ‰ƒ“ƒvƒŠAƒiƒVƒ‡ƒiƒ‹ƒ`[ƒ€‚ÅŠˆ–ô‚Å‚«‚é‘Iè‚Év,https://news.yahoo.co.jp/articles/091c345e1ec2e431388187d8f3a6f1b1b30e8b3f,3/7(–Ø) 10:17
sph,ƒXƒ|[ƒc•ñ’m,”~“‡OŠÂqƒAƒi@”’Îs‚Åu“Œ–k‚¸‚ñqv‚¿‚á‚ñƒ‰ƒbƒsƒ“ƒOƒ^ƒNƒV[‚ğæŞ‚µ‚Ü‚µ‚½cå‘ä•ú‘—ƒAƒiƒEƒ“ƒT[ƒRƒ‰ƒ€u‘‚¯‚év,https://news.yahoo.co.jp/articles/500c6781bdfa71a140c32d70b1776c46d4b0ed39,3/7(–Ø) 10:03
sph,ƒXƒ|[ƒc•ñ’m,yƒƒbƒez‚y‚n‚y‚nƒ}ƒŠƒ“‚Ì‚g‚qƒ|[ƒ‹‚ª‚ ‚Ìl‹C‰Ùq‚ÉIH@L’¼Œ‚’e‚ğ‘Å‚Á‚½‘Iè‚Éuƒgƒbƒ|‚P”N•ªv,https://news.yahoo.co.jp/articles/ae55d826bcaa73b2dac063dd633051c41395a3cb,3/7(–Ø) 10:00
sph,ƒXƒ|[ƒc•ñ’m,yĞ‰ïl–ì‹…zµ\µ‹âs‚ÌV‰Á“ü‚Sl‚ª—ûKcå‘äˆç‰pog‚ÌŒ³bq‰€‹…™Eç—t˜@‚ª‚Q”N˜A‘±“ss‘ÎRoê‚ÖŠˆ«‰»,https://news.yahoo.co.jp/articles/6f5d377b3bb9421904f93cc08adc9baaa3859846,3/7(–Ø) 9:56
sph,ƒXƒ|[ƒc•ñ’m,ƒxƒKƒ‹ƒ^å‘ä‚Ì—À—EŠîƒNƒ‰ƒuƒR[ƒfƒBƒl[ƒ^[‚ªˆ°Œû¬ŠwZ‚Å¶“k‚½‚¿‚ÉƒG[ƒ‹,https://news.yahoo.co.jp/articles/83603b15e3d6b3a902b21d98f4d943b99148ac96,3/7(–Ø) 9:45
sph,ƒXƒ|[ƒc•ñ’m,‹Êì“OA­•{u­q‰»‘Îôv‚ÉŒ©‰ğuŠÔˆá‚Á‚½ˆ•û‚¹‚ñ‚ÉŠî‚Ã‚¢‚ÄÅ‹à‚ğg‚Á‚Ä‚¢‚év,https://news.yahoo.co.jp/articles/934c832e1fa8db2032846bfebbeb18dcbaa38c31,3/7(–Ø) 9:32
sph,ƒXƒ|[ƒc•ñ’m,‚Q”ÔE‘å’JãÄ•½‚ª‰“—Ûu‚Ç‚ñ‚Ç‚ñ‘–‚Á‚ÄB‚P‚O‚O“—Û‚µ‚Äv‚R”ÔEƒtƒŠ[ƒ}ƒ“‚ÍŠ½Œ},https://news.yahoo.co.jp/articles/8e3dbc6c1078fdf5bbfb6325f00551ce72faa45e,3/7(–Ø) 9:31
sph,ƒXƒ|[ƒc•ñ’m,‘Š–o•”‚È‚­‚Ä‚à‘S‘Ø•„‚Â‚©‚ñ‚¾Ä’Ã’†‰›‚Ì‚–Ø—D‘¾c‘S‘‚Z‘I”²Ã‰ªŒ§‘ã•\Ğ‰îEt‚É‚Í‚Î‚½‚¯,https://news.yahoo.co.jp/articles/2a518d21e5f0869904342a8b27b7b85962b51b70,3/7(–Ø) 9:21
sph,ƒXƒ|[ƒc•ñ’m,‹Êì“OA‘å’JãÄ•½‚ÌŠˆ–ô‚ğ‹F‚èu‚ ‚éƒRƒƒ“ƒgv©l‚ğ‰H’¹TˆêƒAƒi‚Ö’ñˆÄuŒ¾‚í‚È‚¢‚æ‚¤‚É‚µ‚Ü‚µ‚å‚¤‚©Hv,https://news.yahoo.co.jp/articles/79c8fd2221070b015eceeed5c394f6c490119129,3/7(–Ø) 9:11
sph,ƒXƒ|[ƒc•ñ’m,ƒhƒWƒƒ[ƒX‘å’JãÄ•½‚ÆR–{—RL‚ªg‰‹¤‰‰h@‚QˆÀ‘Å‚P‘Å“_‚P“—Û‚Ìæ”y‚ªƒoƒbƒg‚Æ‘«‚ÅŒã”y‚ğ‰‡Œì,https://news.yahoo.co.jp/articles/a6b067e616e546daa9b47a2b2592b667472670b4,3/7(–Ø) 9:09
sph,ƒXƒ|[ƒc•ñ’m,‰H’¹TˆêƒAƒiA‘å’JãÄ•½•R–{—RLg‰‹¤‰‰h‚ÉŠì‚Ñu‚Ql‚»‚ë‚Á‚Äo‚é‚Æ·‚èã‚ª‚è‚Ü‚·v,https://news.yahoo.co.jp/articles/8223849b9bf15bb5f001da36d4df7c07f599c7e8,3/7(–Ø) 9:08
sph,ƒXƒ|[ƒc•ñ’m,‚i‚Q´…@‚e‚vƒJƒ‹ƒŠ[ƒjƒ‡ƒXƒWƒ…ƒjƒI‚ª¡‹G‚P†¾‚¤c‚P‚O“úEƒAƒEƒF[’·èí,https://news.yahoo.co.jp/articles/c19f5bc6889856cc8c452f299e9fba213612e149,3/7(–Ø) 9:03
sph,ƒXƒ|[ƒc•ñ’m,‰H’¹TˆêƒAƒiA©“]ÔuÂØ•„v“±“ü‚ÉŒ©‰ğuŠëŒ¯‰^“]‚ğ—}§‚µ‚æ‚¤‚Æ‚¢‚¤”½‘¥‹àv,https://news.yahoo.co.jp/articles/d610e9724c62b6f5e607cc6c413c5799fd86c147,3/7(–Ø) 9:00
sph,ƒXƒ|[ƒc•ñ’m,‘æ‚Pq”DP’†‚Ì‰ª•›–ƒŠóƒAƒiAu””DPŒãŠúvÅVƒVƒ‡ƒbƒg‚Ìg‚·‚Á‚Ò‚ñhpIŒ’N“I‚Èèì‚èƒXƒC[ƒc‚à”â˜I,https://news.yahoo.co.jp/articles/39b17ed2141ffe89b522aabceb8bc7cc33a42cf1,3/7(–Ø) 8:55
sph,ƒXƒ|[ƒc•ñ’m,‹Êì“OA©“]ÔuÂØ•„v§“x“±“ü‚Å‹­’²u•à“¹‚Í©“]Ô‚Å‘–‚Á‚Ä‚ÍŒ´‘¥ƒ_ƒcˆÓ¯‚ğ•Ï‚¦‚È‚¢‚Æ‚¢‚¯‚È‚¢v,https://news.yahoo.co.jp/articles/a5e04d568e3341031ddd2433d85a9c592105fd4e,3/7(–Ø) 8:52
sph,ƒXƒ|[ƒc•ñ’m,V‹…’c‚­‚Ó‚¤ƒnƒ„ƒe@‚R”ÔèE•½ŠÔ™z‘¾˜Y‚ª‚R‰ñ–³¸“_cƒEƒGƒXƒ^ƒ“t‹G‹³ˆçƒŠ[ƒO,https://news.yahoo.co.jp/articles/080d316f07e72b094550235e2aac2ccb145be1b2,3/7(–Ø) 8:52
sph,ƒXƒ|[ƒc•ñ’m,‘å’JãÄ•½A‘«‚Å–£‚¹‚½cˆê—Û‚©‚çƒ^ƒbƒ`ƒAƒbƒv•‰“—Û,https://news.yahoo.co.jp/articles/55333093237588b9faf879f4c6cd20d2fa6281a5,3/7(–Ø) 8:49
sph,ƒXƒ|[ƒc•ñ’m,ƒSƒ“’†RŠÄ“Â—¦‚¢‚é‚i‚RÀ’Ã‚ª‰oê‚Å‚i‚Qå‘äŒ‚”jc‚c‚e•l‘õ–¤‚ªƒƒXƒ^ƒCƒ€‚u’ecƒ‹ƒ”ƒ@ƒ“”t‚PŸƒ‰ƒEƒ“ƒh‚P‰ñí,https://news.yahoo.co.jp/articles/9cb60b72ad870b59e083688573128af1e81d6ec6,3/7(–Ø) 8:42
sph,ƒXƒ|[ƒc•ñ’m,ƒGƒfƒB[EƒWƒ‡[ƒ“ƒY‚g‚b‚ª‚t‚Q‚O‡h‚ğˆÙ—á‚Ì‹@u“ú–{‚Ì–¢—ˆ‚ğŒ©‚½v‚r‚g‚–Øé¡uƒUƒƒUƒ‚µ‚Ä‚¢‚½v,https://news.yahoo.co.jp/articles/7b35d20fb3962aa0c49d3039d6317aa401839b97,3/7(–Ø) 8:36
sph,ƒXƒ|[ƒc•ñ’m,ƒoƒŒ[ƒ{[ƒ‹@ƒ‚ƒ“ƒcƒ@E‚‹´—•‚Í“r’†oê‚Å‚T“¾“_A‘½Ê‚ÈƒXƒpƒCƒN‚Å‘¶İŠ´cƒvƒŒ[ƒIƒt€XŒˆŸ‰í‚Å‰õŸ,https://news.yahoo.co.jp/articles/e926dbdb38a75194feaa9c431502232e1781269f,3/7(–Ø) 8:32
sph,ƒXƒ|[ƒc•ñ’m,‚o‚…‚’‚†‚•‚‚…E‚ `‚¿‚á‚ñAgƒKƒ`–…h‚ÆŠØ‘”š”ƒ‚¢‚Ql—·Iƒvƒ‰ƒxƒVƒ‡ƒbƒg‚Éu‚Ù‚Á‚±‚è‚·‚év‚Ìº,https://news.yahoo.co.jp/articles/9188292a1c7011381a34702e505b0acc364b5cd4,3/7(–Ø) 8:25
sph,ƒXƒ|[ƒc•ñ’m,ƒZƒ“ƒoƒcoê‚ÌŠw–@ÎìE²X–Ø‡ˆê˜NŠÄ“ÂckĞ‚Å“V‘‚Ö—·—§‚Á‚½‹³‚¦q‚Ö‚Ìv‚¢‚ğ‹¹‚É\“Œ“ú–{‘åkĞ‚©‚ç‚P‚R”NE–¢—ˆ‚Ö,https://news.yahoo.co.jp/articles/b1e929a3b5daf2643f5083727ff4bee6160bc454,3/7(–Ø) 8:20
sph,ƒXƒ|[ƒc•ñ’m,âV“¡”ò’¹A‚s‚f‚bˆß‘•ƒVƒ‡ƒbƒg‚ÉuÅ‹­”ò’¹v‚Æâ^‚ÌºIuƒXƒ^ƒCƒ‹—Ç‚·‚¬‚È‚ñ‚ævu‚s‚f‚b‘å—DŸ‚¾‚Á‚½v‚Ìº‚à,https://news.yahoo.co.jp/articles/ca518d508ab0c2ca8432dea6bb0b8588aa47c94c,3/7(–Ø) 8:15
sph,ƒXƒ|[ƒc•ñ’m,‹g“c³®A¡‹G‰‚Ì‚Q”Ô‚à‚Sí‚Ô‚è–³ˆÀ‘Å@ŒIR‰p÷‚Ì‘O‚Å‰õ‰¹‹¿‚©‚¸uc”O‚Å‚·v,https://news.yahoo.co.jp/articles/df1a14c5d8ac61c44506045f7197bac75c8339b7,3/7(–Ø) 8:13
sph,ƒXƒ|[ƒc•ñ’m,ˆî‘ºˆŸ”üAg‚Ü‚½—ˆ‚½‚©‚Á‚½‚¨“Xh‚ÌƒnƒƒCƒOƒ‹ƒ‚ğŠ¬”\cƒJƒƒ‰‚ğŒ©‚Â‚ß‚ép‚Éu‰Âˆ¤‚¢‚³‚ªƒGƒO‚¢Iv,https://news.yahoo.co.jp/articles/c7969efc2014fae12926b772db979d5f566ce132,3/7(–Ø) 8:05
sph,ƒXƒ|[ƒc•ñ’m,“à“¡“N–çAuŠø—g‚°‹L”O“úv‚r‚g‚n‚Æ‚Ìu‚h‚v‚f‚o‰¤Ò‘ÎŒˆv§‚·u©•ª‚ÌM‚¶‚é“¹‚ğ“Ë‚«i‚ß‚Î‚¢‚¢‚ævc‚RE‚U‘å“c‹æ‘S¬Ñ,https://news.yahoo.co.jp/articles/103b145c1e4b2618c9ba6eddd70f32d44327abd4,3/7(–Ø) 7:57
sph,ƒXƒ|[ƒc•ñ’m,u‚Ü‚½Ÿ‚ÌR‚Ö“o‚è‚½‚­‚È‚évˆä‰YVAR’¸‚©‚ç‚ÌâŒiƒVƒ‡ƒbƒg”â˜I‚Éu‘å”——ÍIvuÅ‚‚ÌŒiF‚Å‚·‚Ëv‚Ìº,https://news.yahoo.co.jp/articles/c4486aa72c58fe5203132f196dc9e1b5e4658db2,3/7(–Ø) 7:55
sph,ƒXƒ|[ƒc•ñ’m,“¡ˆäƒTƒ`Au¡”N‚Ì‚¨’a¶“ú‚Í‹C‹…‚Ì’†‚ÅŒ}‚¦‚ç‚ê‚½‚æIIv‚Q‚VÎ‚Ì’a¶“ú‚ğ•ñcƒtƒ@ƒ“‚©‚ç‚Íj•Ÿ‚Ìº,https://news.yahoo.co.jp/articles/5f9adc609200273a6eaaec7fa28cbf2d5e554110,3/7(–Ø) 7:50
sph,ƒXƒ|[ƒc•ñ’m,yŠy“Vz“n•Ó‰À–¾‚ª‚n‚oíƒ`[ƒ€‚P†‚Æ‚È‚éƒ\ƒƒA[ƒ`cŠJ–‹ƒXƒ^ƒƒ“‚ÖŒü‚¯uƒAƒs[ƒ‹‚µ‚½‚¢v,https://news.yahoo.co.jp/articles/aeed002fdf9bf4725fe1817dacdaa8f11aacf397,3/7(–Ø) 7:47
sph,ƒXƒ|[ƒc•ñ’m,ˆÀZaˆê˜YƒAƒiA‚R‰ñ‚T¸“_ƒhƒWƒƒ[ƒXR–{—RL‚ğS”zu•\î‚±‚í‚Î‚Á‚Ä‚¢‚Ü‚µ‚½c‚R‰ñ‚Å‚T“_æ‚ç‚ê‚éŒoŒ±‚Í‚È‚¢‚ñ‚¶‚á‚È‚¢‚Å‚µ‚å‚¤‚©v,https://news.yahoo.co.jp/articles/050c597c494f3ddcc6fd65a0d239f189d654c064,3/7(–Ø) 7:47
sph,ƒXƒ|[ƒc•ñ’m,Xç°ƒAƒiA^‚Á”’ƒƒ“ƒs‚Ìˆß‘•ƒVƒ‡ƒbƒg‚ªu‚Ç‚ê‚à‚±‚ê‚à‚¨—‡‚¢vuŒ¾‚¤‚±‚Æ‚È‚µ@‚ß‚¿‚á‚­‚¿‚áƒXƒeƒLv,https://news.yahoo.co.jp/articles/a0c7d421139f6c20d05b8cd2667bbffdb69312a1,3/7(–Ø) 7:45
sph,ƒXƒ|[ƒc•ñ’m,ƒoƒŒ[ƒ{[ƒ‹@ƒ~ƒ‰ƒmEÎì—SŠó‚Í‚P‚V“¾“_AI”Õ‚É˜A‘±‚ÅƒT[ƒrƒXƒG[ƒXI@ƒvƒŒ[ƒIƒt€XŒˆŸ‰í‚ğƒtƒ‹ƒZƒbƒg‚ÅŸ—˜,https://news.yahoo.co.jp/articles/1ce141cf4ae585a50dace82ce7e64f1bcf935de9,3/7(–Ø) 7:40
sph,ƒXƒ|[ƒc•ñ’m,R–{—RLA‘å’JãÄ•½‚Æg‰‹¤‰‰hu©•ª‚Í‚à‚Á‚Æ‚¢‚¢“Š‹…‚ª‚Å‚«‚é‚æ‚¤‚Évˆê–âˆê“š,https://news.yahoo.co.jp/articles/0e36c82fc3f00cf3a5f25e186b63b97345bd3fc8,3/7(–Ø) 7:36
sph,ƒXƒ|[ƒc•ñ’m,‚ß‚é‚éAƒhƒ‰ƒ}Œ»ê‚Å‚ÌƒIƒtƒVƒ‡ƒbƒg‚ğŒöŠJuŠy‚µ‚İIIvu‰Âˆ¤‚·‚¬‚Ä‚Æ‚ë‚¯‚½ccv‚Ìº,https://news.yahoo.co.jp/articles/f0ad8fb042a762bde8abd7bb9b8db72dab221cb4,3/7(–Ø) 7:35
sph,ƒXƒ|[ƒc•ñ’m,y“ú–{ƒnƒ€zˆÉ“¡‘åŠC‚ª‚V“ú‚Ì¼•í‚Ö’²®cƒe[ƒ}‚Í¶‘ÅÒ‘Îôu•‚·‚×‚«‚Æ‚±‚ëv,https://news.yahoo.co.jp/articles/cd0a0a48d94a9fbfef88192e5ddea088876a31c1,3/7(–Ø) 7:34
sph,ƒXƒ|[ƒc•ñ’m,”T–ØâE²“¡•–A“¯Šú‚Ìuƒ^ƒRÄ‚«lo–…vƒVƒ‡ƒbƒg”â˜IIu“úíŠ´‚ª‚Æ‚Á‚Ä‚à‘f“Gvu‚İ‚ñ‚ÈŠy‚µ‚»‚¤v‚Æâ^‚Ìº,https://news.yahoo.co.jp/articles/74b21e458a352a967966d71827224714d2a8f071,3/7(–Ø) 7:30
sph,ƒXƒ|[ƒc•ñ’m,‚QíŸ‚¿‚È‚µ‚Ì‚i‚PD–yc‚P‚O“ú‚Ì‰Y˜aí‚Å•ÂÇŠ´‚ğ‘Å‚¿”j‚é‚Ì‚Í‚e‚v—é–Ø•‘ ,https://news.yahoo.co.jp/articles/ecf3ca1c2c35e303bcfc9701f8e2c2651ddb261e,3/7(–Ø) 7:26
sph,ƒXƒ|[ƒc•ñ’m,u‚È‚ñ‚Ä”ü‚µ‚¢v‚s‚v‚h‚b‚dEƒWƒqƒ‡•ƒiƒˆƒ“A–§’…ƒc[ƒVƒ‡”â˜I‚ªu–{“–‚ÉŠ®àøvu‚©‚í‚¢‚·‚¬‚Ü‚·Iv,https://news.yahoo.co.jp/articles/0e02de1cd1cc08c8c83e172b7d8254fdb1f7ad21,3/7(–Ø) 7:25
sph,ƒXƒ|[ƒc•ñ’m,V“ú–{ƒvƒƒŒƒXƒ[ƒ‹ƒh@‚RE‚U‘å“c‹æ‘å‰ï‚Ìƒ‰ƒCƒu”zM‚Å•s‹ï‡”­¶c’I‹´OŠĞ’·u‚wv‚ÅÓßu‘ŠŸ‚®•s‹ï‡A‘å•ÏA\‚µ–ó‚ ‚è‚Ü‚¹‚ñv,https://news.yahoo.co.jp/articles/3006fd6d691f2e858ea42e86a5cf315ef35db13c,3/7(–Ø) 7:22
sph,ƒXƒ|[ƒc•ñ’m,‰ª“cÑ‰ÀAƒoƒCƒgæ‚ªˆÓŠO‚·‚¬‚écƒeƒŒ’©Œö®‚x‚‚•‚s‚•‚‚‚…ƒ`ƒƒƒ“ƒlƒ‹‚ÅV”Ô‘gƒXƒ^[ƒg,https://news.yahoo.co.jp/articles/200962ffaf61ef816826a771350fbb72960cfb7f,3/7(–Ø) 7:20
sph,ƒXƒ|[ƒc•ñ’m,ƒeƒŒ’©E“cŒ´–GXƒAƒiA^‚Á”’‚Èƒƒ“ƒs[ƒXˆß‘•‚ğ”â˜Iu‚ ‚Ü‚è‚É‚à”’‚ª—‡‚¢‚·‚¬vuˆß‘•‚à–GX‚³‚ñ‚à‰Âˆ¤‚¢v,https://news.yahoo.co.jp/articles/90ef87470b2c3aba5d4bdb477f806e483686aee8,3/7(–Ø) 7:15
sph,ƒXƒ|[ƒc•ñ’m,R–{—RLu‚Ş‚¿‚á‚­‚¿‚áˆ«‚¢‚Æ‚¢‚¤‚í‚¯‚Å‚Í‚È‚¢v@‚R‰ñ‚UˆÀ‘Å‚T¸“_‚à—âÃ‚È•ªÍ‚ÅŠJ–‹‚ÖC³,https://news.yahoo.co.jp/articles/4b301a52413d972d302eb5d2e2968104f3b48059,3/7(–Ø) 7:14
sph,ƒXƒ|[ƒc•ñ’m,ƒJƒuƒX—é–Ø½–ç‚ªƒI[ƒvƒ“í‚P†A¶’†ŠÔ‚Ö‘Å‚Á‚½uŠÔ‚Ì‹‰õ’e,https://news.yahoo.co.jp/articles/538086e7b4fed8bc04534985e1fb2eb9a7467b57,3/7(–Ø) 7:10
sph,ƒXƒ|[ƒc•ñ’m,‚à‚àƒNƒE•S“c‰ÄØqAƒ‚ƒmƒNƒ©B‚èƒVƒ‡ƒbƒg‚Éƒtƒ@ƒ“Š½Šìu‹vX‚Ì“Še‚¤‚ê‚µ‚¢‚æ`vu‚©‚Á‚±‚¢‚¢cv,https://news.yahoo.co.jp/articles/b8b74b018b7b7ea6d1f40487af2ce0a861c98b28,3/7(–Ø) 7:05
sph,ƒXƒ|[ƒc•ñ’m,ƒuƒ‹’†–ìA“ú–{l—q‰‚Ìu‚v‚v‚dv“a“°“ü‚èu”OŠè‚Ì‚v‚v‚d‚Ì“a“°“ü‚ècŒõ‰h‚Év‚¢‚Ü‚·v,https://news.yahoo.co.jp/articles/075a4c78d3721699541a39f695d2281e53aa95c7,3/7(–Ø) 6:56
sph,ƒXƒ|[ƒc•ñ’m,“Œ‘åˆãŠw•”‘²‚ÌƒtƒWE“¡–{–œ—œ”TƒAƒiA‚©‚í‚¢‚¢~‚©‚í‚¢‚¢‚ÌÎŠçƒVƒ‡ƒbƒg‚Éu–ü‚â‚³‚ê‚Ü‚·vuÅ‹­v‚Ìº,https://news.yahoo.co.jp/articles/973056b87d12b321084c9f809b496e59021f8a03,3/7(–Ø) 6:55
sph,ƒXƒ|[ƒc•ñ’m,‚s‚a‚r‹ß“¡‰ÄqƒAƒiA’†ŒpI‚í‚è‚Ìg‚Ï‚­‚Ï‚­‚à‚®‚à‚®hƒVƒ‡ƒbƒg‚Éƒtƒ@ƒ“‚Ù‚Á‚±‚èu–ü‚³‚ê‚Ü‚·Ivu‰Âˆ¤‚ç‚µ‚¢v,https://news.yahoo.co.jp/articles/52d59db4fbe6f0abadf0b078a48f5919a76a23be,3/7(–Ø) 6:51
sph,ƒXƒ|[ƒc•ñ’m,“¡˜QW‘¾˜YAƒfƒrƒ…[—\’è‚ÌƒAƒXƒgƒƒYí‚ª‰J“V’†~cŒ»’n‚V“úA‘Ò–]‚Ì‰“o”Â‚Ö,https://news.yahoo.co.jp/articles/447df4d97145849b4d107c4a51484f90bd3b5a34,3/7(–Ø) 6:50
sph,ƒXƒ|[ƒc•ñ’m,’†‘º‚“¶A‚»‚Á‚­‚è‘§q‚Ql‚ÆU”¯‚Å‚·‚Á‚«‚èu‚Ç‚ñ‚Ç‚ñƒpƒp‚É—‚Ä‚«‚Ä‚évu‚Rl‚¨‚ñ‚È‚¶v‚Æ˜b‘è,https://news.yahoo.co.jp/articles/1e61041a583d8ebf2ebba3aaaf698e63bf58fa92,3/7(–Ø) 6:40
sph,ƒXƒ|[ƒc•ñ’m,R–{—RLA‚n‚oí‚Q“x–Ú‚Ì“o”Â‚Í‚R‰ñ‚UˆÀ‘Å‚T¸“_@‘å’JãÄ•½‚Æg‰‹¤‰‰h‚à‰‰ñ‚Æ‚R‰ñ‚É•¡”¸“_,https://news.yahoo.co.jp/articles/a1f7024abab77d377fdd10d86eb1db5383d089b6,3/7(–Ø) 6:32
sph,ƒXƒ|[ƒc•ñ’m,y˜ƒWƒƒƒpƒ“z¡Hƒhƒ‰ƒtƒg‚Ì–Ú‹ÊAœÜ‚µ‚Ä‚¢‚½@—\’è‚³‚ê‚Ä‚¢‚½ƒfƒrƒ…[í‚ÍŒ‡ê‚Ö,https://news.yahoo.co.jp/articles/5ad265ee8bf4aaded20b42f4794d89ae27499966,3/7(–Ø) 6:30
sph,ƒXƒ|[ƒc•ñ’m,–Ø‘º‘ñÆ‚ªŒš’zm–ğ‚Åå‰‰AƒeƒŒ’©‚SŒŠúu‚a‚…‚Œ‚‰‚…‚–‚…|ŒN‚É‚©‚¯‚é‹´|vƒrƒWƒ…ƒAƒ‹‚ª‚V“úŒöŠJ,https://news.yahoo.co.jp/articles/4f3b1d318732e1733969622f389670d737f90b29,3/7(–Ø) 6:30
sph,ƒXƒ|[ƒc•ñ’m,ƒTƒEƒi—qEŠ_“à–ƒ—¢ˆŸƒAƒiAÃ‰ª‚©‚çt‹x‚İ‚É‚¨‚·‚·‚ß‚ÌŒ§ŠOƒTƒEƒi@ƒTƒEƒiƒVƒ…ƒ‰ƒ“óÜ{İ‚àc‚RE‚VƒTƒEƒi‚Ì“ú,https://news.yahoo.co.jp/articles/6c5e8b2bc119c24d33e8b26256fe20bb315fef41,3/7(–Ø) 6:30
sph,ƒXƒ|[ƒc•ñ’m,‘å’JãÄ•½A‘æ‚R‘ÅÈ‚Íl‹…c’¼Œã‚ÉƒtƒŠ[ƒ}ƒ“‚ª‹t“]–—Û’e,https://news.yahoo.co.jp/articles/b2e0412bdf2f9458db64a5af836eef07e0759ea5,3/7(–Ø) 6:29
sph,ƒXƒ|[ƒc•ñ’m,‹ß“¡çqAƒfƒRƒ‹ƒe•”w’†Œ©‚¹‚ÌƒEƒFƒfƒBƒ“ƒOƒhƒŒƒXp‚ª”ü‚µ‚¢IuãY—í‚·‚¬‚Ä–Ú‚ªƒn[ƒgvu‹P‚¢‚Ä‚év,https://news.yahoo.co.jp/articles/976518213b4d53e347f20033507c30990bff0d76,3/7(–Ø) 6:25
sph,ƒXƒ|[ƒc•ñ’m,ƒeƒŒ’©EO’J’ÛƒAƒiAu·‚ê‚·‚¬‚Å‚ÍHvˆ³ŠªƒXƒ^ƒCƒ‹ƒVƒ‡ƒbƒg”â˜I‚Éu‹r‚ª‚Q‚‚®‚ç‚¢‚ÉŒ©‚¦‚Ü‚·v‚Æ‹Á‚«‚Ìº,https://news.yahoo.co.jp/articles/a74928f72cd8010cb2df3f036f1e88049b5abdcf,3/7(–Ø) 6:15
sph,ƒXƒ|[ƒc•ñ’m,‰H¶Œ‹Œ·‚³‚ñ@‘å’n^‰›‚³‚ñ‚Æ—ûK‚Åg‰‹¤‰‰h@‚W“ú‚©‚çu‚‚‚”‚”‚…@‚“‚”‚…‚Œ‚Œ‚‚”‚v,https://news.yahoo.co.jp/articles/331a933f461ca9350b54d043255ab1c0ee0bb84f,3/7(–Ø) 6:00
sph,ƒXƒ|[ƒc•ñ’m,y“ú–{ƒnƒ€zV¯„uŠÄ“ÂA‘Iè‚ç‚É–hŠ¦‘ÎôŒÄ‚Ñ‚©‚¯‚é@uˆê”Ô•|‚¢‚Ì‚Ícv,https://news.yahoo.co.jp/articles/258985391c56e3fc31127ad3415fee86c7ff28cd,3/7(–Ø) 6:00
sph,ƒXƒ|[ƒc•ñ’m,•ó‚­‚¶‚Å‚Ü‚³‚©‚Ìƒ~ƒX@‚P“™‚Q‚O‚O–œ‰~‚P‚O–{‚ª‚Q‚O‚O–{‚É@ƒlƒbƒgê—puƒNƒCƒbƒNƒƒ“v”Ì”„’†~,https://news.yahoo.co.jp/articles/fdbcc8161d9636b037351a45ae048c8e10b326f2,3/7(–Ø) 6:00
sph,ƒXƒ|[ƒc•ñ’m,•Ÿ“c‚±‚¤‚Ö‚¢A“¯‹½Šâè‚Ì‘å’JãÄ•½Œ‹¥‚ğj•Ÿu‚ ‚ê‚¾‚¯‰Ò‚¢‚Å‚¢‚½‚ç—£¥‚Í‚µ‚È‚¢‚Å‚µ‚å‚¤BK‚¹‚É‚È‚Á‚Äv,https://news.yahoo.co.jp/articles/c1ad0295039d827f2bdcbb352acdbf5cf98668f7,3/7(–Ø) 6:00
sph,ƒXƒ|[ƒc•ñ’m,RŒû‚Ü‚ä‚ÌŠoŒåu‘¼l‚²‚Æ‚Å‚Í‚È‚¢v‰f‰æŠÄ“Â‚©‚ç‚Ì«‰ÁŠQ‚É”Y‚Ş——D‚ğ³–Ê‚©‚ç‰‰‚¶‚½uƒuƒ‹[ƒCƒ}ƒWƒ“v‚P‚U“úŒöŠJ,https://news.yahoo.co.jp/articles/1520ec885ade54bfb0d2a4c5a1462e02456bf7c0,3/7(–Ø) 6:00
sph,ƒXƒ|[ƒc•ñ’m,R–{—RLA‚Q‰ñ‚Í˜A‘±OU‚È‚Ç‚Å–³¸“_@‰‰ñ‚É‚R¸“_‚àC³c‘å’JãÄ•½‚Æ‰‹¤‰‰,https://news.yahoo.co.jp/articles/d28a3aba5a722187c62f33068a14736ef783ad74,3/7(–Ø) 5:56
sph,ƒXƒ|[ƒc•ñ’m,‚S™‚ÌƒpƒpEŠâŒG‹vu‚ªƒXƒ^ƒCƒ‹”²ŒQ‚Ìq‚Ç‚à‚½‚¿‚ğ”â˜IuŠç‚Í¬‚³‚¢Aè‘«’·‚¢v’·—‚Í‚Q‚OÎA‰º‚Ìq‚OÎ,https://news.yahoo.co.jp/articles/232d50046ce1db30440d11e4ed3da8aed59b0d8c,3/7(–Ø) 5:55
sph,ƒXƒ|[ƒc•ñ’m,‘å’JãÄ•½‚ª‚Q‘ÅÈ˜A‘±ˆÀ‘Å•‰“—ÛA‰‰ñ‚R¸“_‚ÌR–{—RL‚ğ‘«‚Å‰‡Œì,https://news.yahoo.co.jp/articles/7cc8df3cd5d9822e424ac5c3072df3e4d5bc571e,3/7(–Ø) 5:50
sph,ƒXƒ|[ƒc•ñ’m,Oã—IˆŸ‚Íu•‚¢ƒhƒŒƒX‚Ì‚¨•P—lv@ƒKƒbƒcƒŠŒ¨o‚µ‚ÌƒhƒŒƒXp‚ÅƒtƒHƒƒ[‚ğ–£˜fu—Bˆê–³“ñ‚Ì”ülv,https://news.yahoo.co.jp/articles/2f95cd5418a703111c6aeddd2462bf674aee8824,3/7(–Ø) 5:45
sph,ƒXƒ|[ƒc•ñ’m,R–{—RLA‰‰ñ‚ÉgƒƒWƒƒ[‰¸“_hŠÜ‚Ş‚Ü‚³‚©‚Ì‚R¸“_@‚n‚oí‚Q“x–Ú‚Ì“o”Â‚Å‘å’JãÄ•½‚Æ‰‹¤‰‰‚à,https://news.yahoo.co.jp/articles/4ed5e98c0bfeceaea2290e158f9c9daad1505b7a,3/7(–Ø) 5:41
sph,ƒXƒ|[ƒc•ñ’m,‰F–ìÀÊqAƒ}ƒl[ƒWƒƒ[‚Ì’a¶“ú‚ğ‚¨j‚¢Iuu‰F–ì‚¿‚á‚ñ‚ª‚‚‚‰‚’‚”‚ˆ‚„‚‚™‚ÌƒƒKƒl‚Â‚¯‚Ä‚évv,https://news.yahoo.co.jp/articles/16dbb8bdf8f05790398afb1a0eec3cf65275260a,3/7(–Ø) 5:35
sph,ƒXƒ|[ƒc•ñ’m,y‚c‚…‚m‚`zV‘Åüƒvƒ‰ƒ“‚Í’´UŒ‚“IIIVØ‚è‚İ‘à’·‚ÉO‰YŠÄ“Â‚àuŠú‘Ò‚µ‚Ä‚¢‚év,https://news.yahoo.co.jp/articles/c0384bf9dbeba7e2156bc186dabee69dde00f3f5,3/7(–Ø) 5:30
sph,ƒXƒ|[ƒc•ñ’m,R’†T‰îA“Œ‹ƒh[ƒ€Œˆíu‚Ç‚Ì€–Ú‚ğ”ä‚×‚Ä‚à®–í‚ª—ò‚é‚à‚Ì‚Í‚È‚¢v@‚U”N‚Ô‚èÄ‰ï‚ÌƒlƒŠ‚É‚Íu–Ú“ª‚ªcv,https://news.yahoo.co.jp/articles/d5d7bd8f666ba04fde570831edcc378357b46af6,3/7(–Ø) 5:30
sph,ƒXƒ|[ƒc•ñ’m,‘å’JãÄ•½A‘æ‚P‘ÅÈ‚Å—VŒ‚“à–ìˆÀ‘Åc¶”ò‚Åƒ^ƒbƒ`ƒAƒbƒv‚µ“ñ—Û‚Ö,https://news.yahoo.co.jp/articles/14576d4d5c680e4dc522d0bb7e3bcfac25c74652,3/7(–Ø) 5:28
sph,ƒXƒ|[ƒc•ñ’m,“úŒüâ‚S‚UE•x“c—é‰ÔA‚¿‚å‚±‚ñ‚ÆÀ‚é§•ƒVƒ‡ƒbƒgŒöŠJ‚Éu¡“ú‚àƒXƒ^ƒCƒŠƒ“ƒOŠ®àø‚·‚¬vu‚©‚í‚¦‚¥cv‚Ìº,https://news.yahoo.co.jp/articles/c26c7b35826ce7bd357c2b4c223244ffee606e8c,3/7(–Ø) 5:25
sph,ƒXƒ|[ƒc•ñ’m,x”z‰º“o˜^Ÿ‚¿æ‚Á‚½I‹lE’†“c‚Í‹­S‘Ÿ@ˆ¢•”ŠÄ“Â‚ğ¿–âU‚ß@“¯Šú“ü’c‚Ì’‡—Ç‚µ–å˜e‚ÍuŒüãS‚â·”O‚ª‚·‚²‚¢v,https://news.yahoo.co.jp/articles/f34109bfa4cfcc4550148ff0b87536b4312047ec,3/7(–Ø) 5:15
sph,ƒXƒ|[ƒc•ñ’m,x”z‰º“o˜^‚ğŸ‚¿æ‚Á‚½‹l‚P‚XÎE’†“c•à–²uˆê”Ô‚Ì”„‚è‚Íç”õv@ˆ¢•”ŠÄ“Âu‘ÅŒ‚‚à‚Ğ‚Æ“~‰z‚¦‚Ä‘S‘R•Ï‚í‚Á‚½v,https://news.yahoo.co.jp/articles/e3fc296d080154b444f10cc83c2bec9ddd3b0af2,3/7(–Ø) 5:10
sph,ƒXƒ|[ƒc•ñ’m,y˜ƒWƒƒƒpƒ“z‘åŠw“ú–{‘ã•\‚S”Ô‚ª‘Ol–¢“‚ÌÕŒ‚ƒfƒrƒ…[@ƒgƒbƒvƒ`[ƒ€‚Å‚Íˆ¢•”T”V•‚à’B¬‚Å‚«‚¸,https://news.yahoo.co.jp/articles/e57d231f323487e8081cfe64e6081423814f679c,3/7(–Ø) 5:05
sph,ƒXƒ|[ƒc•ñ’m,‹lƒhƒ‰‚RE²X–Ø‚ªƒhƒ‰‚PE¼ŠÚ‚Æ‚S”N‚Ô‚è‘Îíuƒ{[ƒ‹‚ª‚¨—˜Œû‚³‚ñ‚É‚È‚Á‚½v‚Æ§‹…•]‰¿,https://news.yahoo.co.jp/articles/d1fc6767d0b5b18fe196a0e71a5e381ec6a32e19,3/7(–Ø) 5:05
sph,ƒXƒ|[ƒc•ñ’m,‹l‚Ì‚Q‚OÎ‰E˜rE‹–{^‚ªx”z‰º“o˜^@ˆ¢•”ŠÄ“Â‚à‹Á‚­ƒƒ“ƒ^ƒ‹u‘ä˜p‚Åƒ}ƒEƒ“ƒh‚Éã‚ª‚éƒwƒ‰ƒwƒ‰‚µ‚ÄA‚¢‚¢“x‹¹‚µ‚Ä‚ñ‚È‚Æv,https://news.yahoo.co.jp/articles/31f4dddaf006b641a0596c4dad74c8573ad46bfc,3/7(–Ø) 5:05
sph,ƒXƒ|[ƒc•ñ’m,‹lŠJ–‹ƒ[ƒe“ü‚è‚Öƒhƒ‰‚PE¼ŠÚ—E—zuÅŒã‚Ü‚ÅH‚ç‚¢‚Â‚«‚½‚¢v,https://news.yahoo.co.jp/articles/c1b2c2bc7a4517bdd576b3ac1a30aa7e83c388aa,3/7(–Ø) 5:05
sph,ƒXƒ|[ƒc•ñ’m,y˜ƒWƒƒƒpƒ“zƒgƒbƒvƒ`[ƒ€‚ÅÕŒ‚ƒfƒrƒ…[ÂŠw‘åE¼ìjÊ‚Ì–¼‚É‚ß‚ç‚ê‚½‘z‚¢@“Ç‚İ‚Íu‚İ‚µ‚å‚¤v,https://news.yahoo.co.jp/articles/68823661682385b239d829e7585a24beedc03161,3/7(–Ø) 5:00
sph,ƒXƒ|[ƒc•ñ’m,‹l‚Ì’·g¶˜r‚ªu‚PŒRQ‰Á§v‘æ‚P†c¡‹G‚ÌÀí“o”Â‚Å‡’²‚Éó‘Ôã‚°‚é,https://news.yahoo.co.jp/articles/60631690fc0b249a74045c1b677cd2ce4f36ae5c,3/7(–Ø) 5:00
sph,ƒXƒ|[ƒc•ñ’m,´…—²su­‚µˆÓŠOvc‹l‚ÌVŠO‘l‚Ì‘ÅŒ‚@ƒRƒ“ƒpƒNƒg‚Å’š”J‚È’·‹——£–C‚Æ•ªÍ,https://news.yahoo.co.jp/articles/e2c1dd0c8b16a33e1b0db0af9f28a016c91b21be,3/7(–Ø) 5:00
sph,ƒXƒ|[ƒc•ñ’m,yƒ\ƒtƒgƒoƒ“ƒNz”ÕÎ“Šèw‚Å‘ÎŠO‡‚W˜AŸ@æ”­E“Œ•l‚S‰ñ–³¸“_‚É‹~‰‡‚T“ŠèŠ®‘SƒŠƒŒ[,https://news.yahoo.co.jp/articles/b1f2eaab62a70efdf6e9a9bd5f7fb79ec5743a6a,3/7(–Ø) 5:00
sph,ƒXƒ|[ƒc•ñ’m,y’†“úz’†“c‚ª‘Ò–]‚ÌƒI[ƒvƒ“í‚P†@u‰‹…‚Ì‹Sv‚Í’ÊZ‚R‚O‚R–{‚Ì‚¤‚¿‚P‹…–Ú‚Í‹Á‚«‚Ìc,https://news.yahoo.co.jp/articles/09d3968a2f7d42fc5c6fc790963cdb35c1c797e3,3/7(–Ø) 5:00
sph,ƒXƒ|[ƒc•ñ’m,yƒIƒŠƒbƒNƒXzˆç¬‚Rl‚ª–ÒƒAƒs[ƒ‹@u‚İ‚ñ‚Èí—Í‚È‚ñ‚Å‚Ëv’†“‡ŠÄ“Â‚Ì–Ú‚É‚Æ‚Ü‚Á‚½‘Iè‚Æ‚Í,https://news.yahoo.co.jp/articles/5366a519028744ff2223cc7ac1cd9f28355cf6ba,3/7(–Ø) 5:00
sph,ƒXƒ|[ƒc•ñ’m,yã_z‰Àí‚Å‚Q‰ñ‚P¸“_‚Ì‘å’|@‹l‚Æ‚ÌŠJ–‹ƒJ[ƒh‚Å‚Ìæ”­‚ª•‚ãu‚¢‚¢’iŠK‚ğ“¥‚ß‚Ä‚¢‚év,https://news.yahoo.co.jp/articles/7cb2c687c07773a38656b1f2381959d8382b7517,3/7(–Ø) 5:00
sph,ƒXƒ|[ƒc•ñ’m,yã_z‚Ü‚³‚©‚Ìˆø‚«•ª‚¯‚È‚µƒI[ƒvƒ“íŠJ–‹‚U˜A”s@Å‰ºˆÊ‚ÉI‚í‚Á‚½‚P‚W”NˆÈ—ˆ‚Ì‹üJ‚É‰ª“cŠÄ“Â‚ÌS’†‚Í,https://news.yahoo.co.jp/articles/a5599e25bd471e099c67df9feb9c01e3887c53cc,3/7(–Ø) 5:00
sph,ƒXƒ|[ƒc•ñ’m,‹lŠJ–‹ƒ[ƒe“ü‚è‚Í‚Wl‚Éi‚ç‚ê‚½@ˆ¢•”ŠÄ“Â‚Íƒhƒ‰‚P¼ŠÚ‚àŒó•â‚Éu“ü‚ê‚Ä‚¢‚év,https://news.yahoo.co.jp/articles/1079581e7f25cf1820a390dfa0090374ca82d394,3/7(–Ø) 5:00
sph,ƒXƒ|[ƒc•ñ’m,ˆäã®–íu‰½‚à‚³‚¹‚¸‚ÉŸ‚Âv‚TE‚U“Œ‹ƒh[ƒ€‚Å‚T–œl“`àì‚é@‚È‚ºgˆ«“¶hƒlƒŠ‚ğ‘Îí‘Šè‚É‘I‚ñ‚¾‚Ì‚©,https://news.yahoo.co.jp/articles/418bc4ef47a35dd95846559565aa81f7ffb67cf9,3/7(–Ø) 5:00
sph,ƒXƒ|[ƒc•ñ’m,ˆÀ“¡˜a’ÃA‚V‚UÎ‚Ì——Dƒfƒrƒ…[u‚±‚Ì”N—î‚ÅV‚µ‚¢d–‚Å‚«‚éK‚¹v@‚P‚U“úŠJ–‹‚Ì˜N“ÇŒ€u“®‹@vo‰‰,https://news.yahoo.co.jp/articles/5671299d407004d85738e9dcebaf517885db5179,3/7(–Ø) 5:00
sph,ƒXƒ|[ƒc•ñ’m,ˆÀ“¡“’jAƒI[ƒvƒ“í‚U˜A”sˆÈã‚É‹C‚É‚È‚éã_‚Ìç”õ‚Ì’]‚Ñu‘Oì‚Í’†Œp‚Ü‚ÅŠmÀ‚É•Ô‹…‚µ‚È‚¢‚Æv,https://news.yahoo.co.jp/articles/2228618aad034cd0a30bf266614b3e129c356227,3/7(–Ø) 5:00
sph,ƒXƒ|[ƒc•ñ’m,yƒ{[ƒgƒŒ[ƒXz‘O“cãÄ‚ª’ÊZ‚P‚V‰ñ–Ú‚Ì—DouŸ‚¿‚«‚éƒŒ[ƒX‚ğ‚µ‚½‚¢v¡“x‚±‚»‚Q‰ñ–Ú‚Ì‚u‚¾,https://news.yahoo.co.jp/articles/fb8496f352dc57096d56cc898832655a70b56f87,3/7(–Ø) 5:00
sph,ƒXƒ|[ƒc•ñ’m,ƒlƒŠA‚T“ú‚É”²‚«‘Å‚¿ƒh[ƒsƒ“ƒOŒŸ¸ó‚¯‚Ä‚¢‚½c‚U”N‚Ô‚è—ˆ“ú‚ÅR’†T‰î‚É’¼ÚÓß,https://news.yahoo.co.jp/articles/9d360b8682ac31bcd6d426bf141420be5fa307be,3/7(–Ø) 4:00
sph,ƒXƒ|[ƒc•ñ’m,‰‘ã’†‘ºŠ¨O˜Y¶’a‚Ì–¼ŒÃ‰®E’†‘º‹æŒö‰‰‚ÉŠ¨‹ã˜Yu‚¤‚ê‚µ‚¢v@µ”V•uv‚¢o‚ ‚évc‚P‚W”N‚Ô‚è,https://news.yahoo.co.jp/articles/d5f7b81e06968d771bdaf88fda73519aa4b26915,3/7(–Ø) 4:00
sph,ƒXƒ|[ƒc•ñ’m,’†‘ºƒAƒ“AŒY–ƒhƒ‰ƒ}å‰‰u^”Æl‚ğ’m‚ç‚³‚ê‚È‚¢‚Ü‚ÜB‰evc‘Š–_‚É‰¡R—T,https://news.yahoo.co.jp/articles/ec77418a97ed8c2631e34f74a43ad6096a33b8b8,3/7(–Ø) 4:00
sph,ƒXƒ|[ƒc•ñ’m,‘å’JãÄ•½‚ªu‚Q”ÔE‚c‚gv‚Å‚Rí˜A‘±ƒXƒ^ƒƒ“@æ”­‚ÍR–{—RL‚Å‰‚Ì“¯oê‚Ö,https://news.yahoo.co.jp/articles/1874b8a749cc2c26d626db84a0ab801e7ce07ef9,3/7(–Ø) 1:02
sph,ƒXƒ|[ƒc•ñ’m,ŒÃ‘ƒ‚Æ‰‘Îí‚ÌƒhƒWƒƒ[ƒXE‘å’JãÄ•½A‚P‚T•ª‚Ù‚Ç‘‚¢g“ü‚èh‚Åƒgƒ‰ƒEƒg‚ç‚ÆÄ‰ïƒnƒOuw‚¨‚ß‚Å‚Æ‚¤x‚ª‘½‚©‚Á‚½v,https://news.yahoo.co.jp/articles/04e81a00ed8fcfca1d9ad7b53dae68025dd9742a,3/7(–Ø) 0:51
sph,ƒXƒ|[ƒc•ñ’m,‚a‚P–kŠC“¹‚ªñˆÊE‰F“s‹{‚Ì‚R‚oU¨‚É”s‚ê‚U˜A”s‚àA’†–ì‚ª‚Q‚Oí‚Ô‚è‚QƒPƒ^“¾“_,https://news.yahoo.co.jp/articles/270d9b9b638357c73705f422b69fe3b20f713bfe,3/7(–Ø) 0:06
sph,ƒXƒ|[ƒc•ñ’m,yƒ{[ƒgƒŒ[ƒXz‰F–ì–í¶‚ª‚R†’ø‚©‚çƒo[ƒXƒf[‚u‚ğ‘_‚¤cá¼ƒ~ƒbƒhƒiƒCƒgƒ{[ƒgƒŒ[ƒX,https://news.yahoo.co.jp/articles/48670fcc903de0dde62399cbecfa412c170b027a,3/6(…) 23:53
sph,ƒXƒ|[ƒc•ñ’m,y˜ƒWƒƒƒpƒ“zÂŠw‘åE¼ìjÊAUç‚É–ô“®u–{“–‚ÉŠy‚µ‚©‚Á‚½v“¯‚¶‘åŠw¶@R‚©‚ç‚Í‡‘O‚ÉƒG[ƒ‹‚à,https://news.yahoo.co.jp/articles/e6d47b80928b3d900c059d60c32d1bfaf8c046d4,3/6(…) 23:29
sph,ƒXƒ|[ƒc•ñ’m,y˜ƒWƒƒƒpƒ“z’†“úEÎìVu¡”N‚Í‚PŒR‚Å‘Å‚Ä‚Ä‚È‚©‚Á‚½v@g¡‹G‰ˆÀ‘Åh‚Í“ú–{‘ã•\í,https://news.yahoo.co.jp/articles/f0f1ea2930b270a5da9d74cbdc55d01f41ac4ad3,3/6(…) 23:24
sph,ƒXƒ|[ƒc•ñ’m,“úŒüâ‚S‚UEX–{ää»AƒXƒ^ƒCƒ‹”²ŒQ‚ÌŠØ‘—·ƒVƒ‡ƒbƒgIu‚©‚í‚¢‚·‚¬‚évuƒ~ƒjƒXƒJ‚ß‚¿‚á‚­‚¿‚á—‡‚¤v‚Ìº,https://news.yahoo.co.jp/articles/7f94b22990298f5f9d83fad8a3be3b1c8d1b5fe2,3/6(…) 23:14
sph,ƒXƒ|[ƒc•ñ’m,y˜ƒWƒƒƒpƒ“zR‰ºw•½‘å‚ª‚¨—§‚¿‘ä‚Å–³’ƒ‚Ô‚è‚ÉˆêuŒÅ‚Ü‚é‚àcÎŠç‚ÅuƒTƒCƒR[‚Å‚·v,https://news.yahoo.co.jp/articles/cb971a52df43a78a9243d61a27f03ba665b92f74,3/6(…) 23:11
sph,ƒXƒ|[ƒc•ñ’m,y˜ƒWƒƒƒpƒ“zƒIƒŠƒbƒNƒXEg—ÑO‘¾˜Yu‚»‚±iƒvƒŒƒ~ƒA‚P‚Qj‚ğ–Ú•W‚É‚µ‚Ä‚¢‚év‰‘ÅÈƒ^ƒCƒ€ƒŠ[•O—Û‚Å”ü‹Z,https://news.yahoo.co.jp/articles/6e796ff9927e35215a7ff4034ec8cbadc88ba7e5,3/6(…) 23:05
sph,ƒXƒ|[ƒc•ñ’m,œÜ”»–¾‚Å‰¢B‘ã•\í‚ÌŒ‡ê‚É–¾‘åE@R—Ûu\‚µ–ó‚È‚¢‹C‚¿vc“¯¢‘ã‚ÌÂŠw‘åE¼ìjÊ‚ÌŠˆ–ô‚Íu‘f’¼‚É‚¤‚ê‚µ‚©‚Á‚½v,https://news.yahoo.co.jp/articles/d9a22217b9ae9845389074dc109a52cb1e2549cf,3/6(…) 23:00
sph,ƒXƒ|[ƒc•ñ’m,y˜ƒWƒƒƒpƒ“zƒq[ƒ[ƒCƒ“ƒ^ƒrƒ…[‚ÍƒtƒŒƒbƒVƒ…ƒgƒŠƒIu‚v‚a‚b‚Éo‚½‚¢‹C‚¿‚ª‹­‚¢vˆê–âˆê“š,https://news.yahoo.co.jp/articles/22c495ed050af06db000ecca08f0ce8cd18119c2,3/6(…) 22:59
sph,ƒXƒ|[ƒc•ñ’m,…ƒ_ƒE‚Åu¼–{lu‚½‚Á‚Ä‚ÌŠó–]vŠé‰æ‚ªÀŒ»u’¼ÚŒ©‚¹‚é—\’è‚¾‚Á‚½‚ñ‚Å‚·‚ªcv,https://news.yahoo.co.jp/articles/df52e9a95d21fc1d6a8995d41b1e7cd5351765c3,3/6(…) 22:57
sph,ƒXƒ|[ƒc•ñ’m,y˜ƒWƒƒƒpƒ“zˆä’[O˜aŠÄ“Â‚ª‘åŠw¶‚ğâ^u‰‹…‚©‚çU‚ê‚½‚Ì‚ª”Ş‚Ì‚·‚²‚³vˆê–âˆê“š,https://news.yahoo.co.jp/articles/35f1e51f8da792d84ca2be23739172b165535802,3/6(…) 22:52
sph,ƒXƒ|[ƒc•ñ’m,‚x‚r‰¡•lA‰“oêƒ‹ƒ”ƒ@ƒ“”t‚Å‰Ÿ—˜I@êŒM’e‚Ì¼‘ºqŠóu‚P‚Q‚O“‚­‚ç‚¢‚Ì—Í‚ªo‚½vc‘qŠÑŠÄ“Â‚Í‘Îí‹@‰ï‚ÉŠ´Ó,https://news.yahoo.co.jp/articles/2764160101d3fe20cbc536725977dcf2055beab0,3/6(…) 22:51
sph,ƒXƒ|[ƒc•ñ’m,y˜ƒWƒƒƒpƒ“zå–CE‘ºã@—²‚Éˆä’[O˜aŠÄ“Âu‚³‚·‚ª‚¾‚È‚Æv‚Á‚½vc‰‰ñ‚Ì‰‘ÅÈ‚Åæ§‘Å,https://news.yahoo.co.jp/articles/62598978d91af8ccda7f74a682e863ac50aa09fa,3/6(…) 22:44
sph,ƒXƒ|[ƒc•ñ’m,y˜ƒWƒƒƒpƒ“z‚Q‚O‚Q‚S”N‰w‚ğ”’¯”­i@ÂŠw‘åE¼ìjÊ‚Í‚Q‘Å”‚QˆÀ‘Å‚P‘Å“_‚Æ–ô“®cˆä’[O˜aŠÄ“Âu‰‹…‚©‚çU‚ê‚½‚Æ‚±‚ë‚ª”Ş‚Ì‚·‚²‚³v,https://news.yahoo.co.jp/articles/62650d7f68de45ee87c9211983efd1f410275fc8,3/6(…) 22:39
sph,ƒXƒ|[ƒc•ñ’m,˜ƒWƒƒƒpƒ“‹­‰»‡A‚W‰ñ“r’†‚Å’nã”g’†ŒpI—¹¨‚s‚–‚…‚’ˆÚs‚Å”ß–Â‘±Xu‚Â‚È‚ª‚ç‚È‚¢vu’²qˆ«‚¢v,https://news.yahoo.co.jp/articles/85740cc88f2ec99044cbf953d5aafe6706ec1f8c,3/6(…) 22:22
sph,ƒXƒ|[ƒc•ñ’m,”T–Øâ‚S‚U•“úŒüâ‚S‚UAƒVƒ“ƒOƒ‹”­”„‰„Šú‚ğ“¯”­•\@‚Æ‚à‚Éu§ìã‚Ì“s‡‚É‚æ‚èv,https://news.yahoo.co.jp/articles/9763ac141c3d5644773e85e3e2457255701e48fd,3/6(…) 22:21
sph,ƒXƒ|[ƒc•ñ’m,‚a‚PH“c@å‘ä‚Æ‚Ì“Œ–kƒ_[ƒr[‚Å¡‹GÅ‘å‚R‚P“_·‚ğ‚Â‚¯‚Ä‰õŸ,https://news.yahoo.co.jp/articles/7b7fdca6808aecccc6002f348a2620a2acdab082,3/6(…) 22:20
sph,ƒXƒ|[ƒc•ñ’m,‰“–ì‚È‚¬‚±A¶”Ô‘go‰‰’†‚Éæ‚è—‚·u„‚ª•sˆÀ’è‚¾‚©‚ç‚Å‚·‚©IH@‚È‚ñ‚©— ‚Å“®‚¢‚Ä‚é‚ÌHv,https://news.yahoo.co.jp/articles/ab2689b050fdec810dee209e2d9565ae67b99caf,3/6(…) 22:19
sph,ƒXƒ|[ƒc•ñ’m,y˜ƒWƒƒƒpƒ“zƒgƒbƒvƒ`[ƒ€ƒfƒrƒ…[ÂŠw‘åE¼ìjÊ‚ª‰ƒ^ƒCƒ€ƒŠ[•ƒ}ƒ‹ƒ`–ô“®@‚U“Šè‚ÅŠ®••ƒŠƒŒ[,https://news.yahoo.co.jp/articles/f1dc6b8a143de425b8fa86bba0744d4f46ee50eb,3/6(…) 22:17
sph,ƒXƒ|[ƒc•ñ’m,y˜ƒWƒƒƒpƒ“zR‰ºw•½‘å‚ª‚l‚`‚w‚P‚T‚XƒLƒ‚ÌãX˜ƒfƒrƒ…[uŠy‚µ‚©‚Á‚½v‚Q‰ñ—ë••,https://news.yahoo.co.jp/articles/58b0fa370781d8bbe4518cea7793bc80d8bf3a13,3/6(…) 22:17
sph,ƒXƒ|[ƒc•ñ’m,ƒtƒWƒeƒŒƒru“¦‘–’†v§ì‰ïĞ‚ªÓßAu‹ß—×Z–¯‚É‚²–À˜f‚ğ‚¨‚©‚¯‚µ‚Ä‚µ‚Ü‚Á‚½B[‚­‚¨˜l‚Ñv,https://news.yahoo.co.jp/articles/049ad9794497a01e92885cdad869e88c22e38c05,3/6(…) 22:13
sph,ƒXƒ|[ƒc•ñ’m,XµØAÊ^W‚ÌƒIƒtƒVƒ‡ƒbƒg‚ğŒöŠJIuŒã‚ëp‚©‚ç‰Âˆ¤‚¢‚Á‚Ä‚·‚²‚¢vu‚PTŠÔ‚à‘Ò‚Ä‚È‚¢‚­‚ç‚¢Šy‚µ‚İv,https://news.yahoo.co.jp/articles/06b3cf0dba7372070b2899f25d8f1b9f29a788d3,3/6(…) 22:10
sph,ƒXƒ|[ƒc•ñ’m,‹lE…–ìƒXƒJƒEƒg•”’·‚ª˜ƒfƒrƒ…[‚Å“K“ñ—Û‘Å‚ÌÂŠw‘åE¼ìjÊ‚ğÌ^u–£—Í‚ ‚éƒoƒbƒ^[v‰‘ÅÈ‰‹…‰ˆÀ‘Å‰‘Å“_,https://news.yahoo.co.jp/articles/e275c21cee99890a72dbf95871e67e0db0222671,3/6(…) 21:58
sph,ƒXƒ|[ƒc•ñ’m,yƒ„ƒNƒ‹ƒgz‚’ÃbŒáŠÄ“ÂAáè‚ÌƒAƒs[ƒ‹•s‘«w“Euå—Í‚ÆT‚¦‚Ì·vƒ^ƒJ‚ÌŸ‚¿ƒpƒ^[ƒ“‚É‚T‰ñˆÈ~‘–Òo‚¹‚¸,https://news.yahoo.co.jp/articles/42ea19912e262cc615c47aa48d131181c8b25db1,3/6(…) 21:56
sph,ƒXƒ|[ƒc•ñ’m,—é–Ø•ŸAƒCƒPƒƒ“ƒR[ƒf~‚¨’ƒ–Úƒ|[ƒY‚Éu‚½‚Ü‚ç‚È‚­‚©‚í‚¢‚¢•\îvu‰Âˆ¤‚·‚¬‚Ä¢‚Á‚¿‚á‚¤```v‚ÆŠ½Šì‚Ìº,https://news.yahoo.co.jp/articles/8eabc871603bd24385ae015a736c73ff94350b49,3/6(…) 21:55
sph,ƒXƒ|[ƒc•ñ’m,y˜ƒWƒƒƒpƒ“zÂŠw‘åE¼ìjÊ‚ª˜ƒgƒbƒvƒ`[ƒ€‰‘ÅÈ‚Å“K“ñ—Û‘Å@Uç‚É–ô“®,https://news.yahoo.co.jp/articles/d17f262694d85ab99803d73a231ee1cdad5c32ac,3/6(…) 21:48
sph,ƒXƒ|[ƒc•ñ’m,‰œØŒb@ƒfƒrƒ…[‚R‚Oü”N‹L”O‚µ‚P‚T”N‚Ô‚èÊ^Wu‚½‚­‚³‚ñ‚Ì•ûX‚ÉŒ©‚Ä‚¢‚½‚¾‚«‚½‚¢v,https://news.yahoo.co.jp/articles/1894b68fc5822e69198542ae6f3c344a297c5265,3/6(…) 21:43
sph,ƒXƒ|[ƒc•ñ’m,‚Q™‚Ì•êE²“c^—R”üA–º‚Æ‚Ì”ƒ‚¢•¨ƒGƒsƒ\[ƒh”â˜I‚Éu‚»‚Ìl‚¦ƒXƒeƒL‚Å‚·vu‘åØ‚È‚±‚Æ‚Å‚·‚æ‚Ëv‚Æ‹¤Š´‚Ìº,https://news.yahoo.co.jp/articles/7a9e599a6c222040856c977b42223c5e03a1deee,3/6(…) 21:42
sph,ƒXƒ|[ƒc•ñ’m,‚l‚a‚ru‚¹‚â‚Ë‚ñv‘DãƒƒP‚ÅƒXƒ^ƒbƒt‚ª‘S¡‚Q‚©Œ‚ÌƒPƒK@ŠCã•ÛˆÀ’¡‚Ì‘{¸‚É‹•‹U•ñ‚à”»–¾,https://news.yahoo.co.jp/articles/764747d0e8b76d2fe512dc77956054a3fd13aeb6,3/6(…) 21:41
sph,ƒXƒ|[ƒc•ñ’m,y˜ƒWƒƒƒpƒ“z ÂŠw‘åE¼ìjÊ‚ª‘ã‘–‚Å“r’†oê u¡‚Ü‚ÅŠ´‚¶‚½‚±‚Æ‚Ì‚È‚¢•µˆÍ‹C‚¾‚Á‚½v,https://news.yahoo.co.jp/articles/99c18b4cb3b8e20b621cca5c28f810dab7469142,3/6(…) 21:20
sph,ƒXƒ|[ƒc•ñ’m,‰“–ì‚È‚¬‚±AgÔƒxƒ“ƒc•s—ÏhÓß‹cˆõ‚ğƒoƒbƒTƒŠu‰‚Á‚Û‚¢‚ÈA‚ ‚ê‚Í‚Ü‚½‚â‚év,https://news.yahoo.co.jp/articles/360089d201efebbbc7b086557ace9272236253bd,3/6(…) 21:20
sph,ƒXƒ|[ƒc•ñ’m,u‚¨‚Á‚Á‚Æ‚È[[[[v‚È¼‰ºŸ©•½‚Ì’a¶“ú•ñ‚Éj•Ÿ‘±Xu‚±‚ñ‚ÈƒLƒƒƒƒCƒC‚R‚VÎ‘¼‚É‚¢‚È‚¢‚Á‚Äv,https://news.yahoo.co.jp/articles/f4e8033b7284f17a877ce1100bfbe090a0787988,3/6(…) 21:17
sph,ƒXƒ|[ƒc•ñ’m,â¨”ü˜aqA‚R‚OÎ‚Ì’a¶“ú‚ğ•ñu‚İ[‚ñ‚È‚É‚ ‚è‚ª‚Æ‚¤‚Ì‹C‚¿‚Å‚¢‚Á‚Ï‚¢vƒtƒ@ƒ“‚©‚çj•Ÿ‚Ìº‘±X,https://news.yahoo.co.jp/articles/43e973f299d3526f50fce0a1bd510f67473f6c4d,3/6(…) 21:14
sph,ƒXƒ|[ƒc•ñ’m,y˜ƒWƒƒƒpƒ“z‚R”ÔèX‰º’¨mA‚¢‚«‚È‚è“ñ—Û‘Å—‚Ñ‚é‚à‚P‰ñ‚O••u‚µ‚Á‚©‚è“Š‚°‚ç‚ê‚½v,https://news.yahoo.co.jp/articles/1ff3eb2660a0dba82e67948b06e73d7e48349798,3/6(…) 21:11
sph,ƒXƒ|[ƒc•ñ’m,‚T‚QÎ‚É‚È‚Á‚½“Æg‚ÌƒqƒƒVAƒCƒPƒƒ“‚ÈŒƒ•Ïp‚É‘›‘Ru‚Ç‚ñ‚Ç‚ñƒJƒbƒR—Ç‚­‚È‚Á‚Ä‚¢‚­vgV‚µ‚¢‰Æ‘°h‚à˜b‘è,https://news.yahoo.co.jp/articles/d5db9caf9410b229bf914a445ee4207444ada9da,3/6(…) 21:11
sph,ƒXƒ|[ƒc•ñ’m,‚x‚r‰¡•lA‰“oêƒ‹ƒ”ƒ@ƒ“”t‚Å—ğj“I‰Ÿ—˜cƒSƒ“ŠÄ“Â‚ÌÀ’Ã‚àå‘ä‚ÉŸ‚¿‚Q‰ñíio,https://news.yahoo.co.jp/articles/5cbaa615c71072a90ff0bfd0c31fb53f3c698b12,3/6(…) 21:04
sph,ƒXƒ|[ƒc•ñ’m,y˜ƒWƒƒƒpƒ“z‚P‰ñ‚É‚Q“_æ§A‚T‰ñ‚É‚Íƒ\ƒtƒgƒoƒ“ƒNE‹ß“¡Œ’‰î‚Ì“ñ—Û‘Å‚Å‚Q“_‚ğ’Ç‰Á,https://news.yahoo.co.jp/articles/58bcf0b820083f5e7c25b8fd5c36056161b4dadd,3/6(…) 21:03
sph,ƒXƒ|[ƒc•ñ’m,‰¡•l‚e‚læŸ@R“Œ‚Ìƒ‰ƒtƒvƒŒ[‚É‹ü‚¹‚¸ƒAƒEƒF[‚Å‚Q\‚PA‚S‹­“ü‚è‘Oic‚`‚b‚k€XŒˆŸ‘æ‚Pí,https://news.yahoo.co.jp/articles/ca984911fa31454712f4f64df9deb128e4e933f0,3/6(…) 21:02
sph,ƒXƒ|[ƒc•ñ’m,ƒr[ƒg‚½‚¯‚µA‚Q‚U”N”¼o‰‰‚ÌuƒAƒ“ƒrƒŠƒoƒ{[v‘²‹Æc‚l‚b„—ÍÊ‰è‚àƒ‰ƒXƒgo‰‰‚Å—Ü,https://news.yahoo.co.jp/articles/0cc68c4fd02d8999518586ac23b17a0ee369685a,3/6(…) 21:00
sph,ƒXƒ|[ƒc•ñ’m,ƒT[ƒtƒBƒ“¼“c–ìA‰Ô•¿‚ÌƒEƒFƒbƒgƒX[ƒc‚ÅƒpƒŠŒÜ—Ö‚Öu“ì‘‚ÌƒCƒ[ƒWv,https://news.yahoo.co.jp/articles/4792d73c5fa69e0a83d33d2d5cfba2aa249ed25c,3/6(…) 20:50
sph,ƒXƒ|[ƒc•ñ’m,y˜ƒWƒƒƒpƒ“z‹{é‘å–í‚ªŠÑ˜\‚Ì‚Q‰ñŠ®‘S“Š‹…‚ğ”â˜IuŠ´Šo‚Í‚æ‚©‚Á‚½v,https://news.yahoo.co.jp/articles/66a4964bb561586528ebc273979868a40ece6f18,3/6(…) 20:45
sph,ƒXƒ|[ƒc•ñ’m,‚ß‚é‚éu‚Æ‚£‚¤‚¥‚ñ‚Ä‚¡[‚Æ‚£[vÎŠç–ŠJ‚Ì’a¶“ú•ñ‚Éj•Ÿ‚Ìº‘±Xu‘f“G‚Èˆê”N‚É‚È‚è‚Ü‚·‚æ‚¤‚Év,https://news.yahoo.co.jp/articles/d1ff9db6fff1f0596aecedb1f99686d1b0ffa809,3/6(…) 20:40
sph,ƒXƒ|[ƒc•ñ’m,‚à‚àƒNƒE²X–ØÊ‰ÄAuƒ}ƒ}‚Æƒ‰ƒ“ƒ`ƒf[ƒgv‚Ì‚à‚®‚à‚®p‚Éu‘Ò‚Á‚Ä‚Ü‚µ‚½Ivu¡“ú‚à‚©‚í‚¢‚¢Iv‚ÆŠ½Šì‚Ìº,https://news.yahoo.co.jp/articles/83a3334ad5f8c114dbccd868a3bb4d6e8128547d,3/6(…) 20:34
sph,ƒXƒ|[ƒc•ñ’m,yƒ\ƒtƒgƒoƒ“ƒNz¬‹v•Ûƒz[ƒNƒX‹­‚·‚¬‚éI–³‚W˜AŸIƒI[ƒvƒ“í‚R˜AŸ‚ÅñˆÊƒL[ƒv@‹~‰‡w‚ÍŠ®‘SƒŠƒŒ[,https://news.yahoo.co.jp/articles/dfbe3a196db87417ea06abb364f446e018d2ae40,3/6(…) 20:33
sph,ƒXƒ|[ƒc•ñ’m,y‚c‚…‚m‚`z“ŒÈƒ•½‚ªŒZ’í‘ÎŒˆ§‚·IŒZ‚ÌƒƒbƒeE“ŒÈ—E•ã‚©‚ç’†‰z‚¦“ñ—Û‘Åu–l‚ª‘Å‚Á‚ÄiŒZ‚ªjƒ[ƒ‚Å—}‚¦‚½‚Ì‚Åˆê”Ô—Ç‚©‚Á‚½v,https://news.yahoo.co.jp/articles/c170f2b9cbc3d492177de5fa751a2a215074ac80,3/6(…) 20:32
sph,ƒXƒ|[ƒc•ñ’m,y˜ƒWƒƒƒpƒ“z –{‹Æ‚ÍÁ–hm@‰¢B‘ã•\‚ÌƒVƒ…ƒiƒCƒ_[‚ªƒ}ƒEƒ“ƒh‚Å“Ë‘R‚¤‚¸‚­‚Ü‚è~”Â,https://news.yahoo.co.jp/articles/13dac7fad2b34075c187caac52d57f89bf392d5a,3/6(…) 20:26
sph,ƒXƒ|[ƒc•ñ’m,uƒƒ“ƒn[v‚R‚VÎƒoƒc‚ ‚è”ü—u‹v‚µ‚Ô‚è‚ÉŒ©‚½v‚ÆƒlƒbƒgƒUƒ‚Â‚­uF‹Co‚Ä‚év“ÆgŒ|l‚Rl‚©‚çƒ‚ƒeƒ‚ƒe,https://news.yahoo.co.jp/articles/2673dd5f2e1689999e9c55b044cb2d4c230fa716,3/6(…) 20:25
sph,ƒXƒ|[ƒc•ñ’m,y˜ƒWƒƒƒpƒ“z‘æ‚Pí‚Ì‰~w‚Ìºo‚µ–ğ‚Íã_EX‰ºãÄ‘¾u‚â‚ê‚é‚±‚Æ‚Í‚µ‚Á‚©‚è‚â‚éIŠæ’£‚éIv,https://news.yahoo.co.jp/articles/48e0c0d8c909090d2daec1dc232031a6d67c708b,3/6(…) 20:07
sph,ƒXƒ|[ƒc•ñ’m,gˆä‰ªˆêãÄ‚Q¢hŒKŒ´‘ñ‚ª¢ŠE‰’§í@‰–h‰q–Úw‚·ƒ†[ƒŠˆ¢‹vˆä­Œå‚ÉuƒŠƒXƒyƒNƒg‚Ì‹C‚¿‚ğ‚Á‚ÄŸ‚¿‚É‚¢‚«‚Ü‚·v,https://news.yahoo.co.jp/articles/34d5375ad2421f682b6d906efb29427d431173ab,3/6(…) 20:03
sph,ƒXƒ|[ƒc•ñ’m,‰H¶Œ‹Œ·‚³‚ñ@ƒnƒrƒGƒ‹EƒtƒFƒ‹ƒiƒ“ƒfƒX‚³‚ñ‚ç‚Æ‚ÌÄ‰ïŠì‚Ô,https://news.yahoo.co.jp/articles/b66b980d86ff9a0aa705d4496972909a2ffbc05c,3/6(…) 20:00
sph,ƒXƒ|[ƒc•ñ’m,‰H¶Œ‹Œ·‚³‚ñ‚ª‘å’n^‰›‚Æ—ûK‚Åg‰‹¤‰‰h@‹È‚©‚¯s‚¢Š®¬“x‚‚ß‚é,https://news.yahoo.co.jp/articles/c437658fc1cbfd41b99577f5a7d7d9a354fabe28,3/6(…) 20:00
sph,ƒXƒ|[ƒc•ñ’m,‚r‚t‚o‚d‚qš‚c‚q‚`‚f‚n‚m‚ªƒfƒrƒ…[‹È”­”„‹L”OƒCƒxƒ“ƒguƒtƒ@ƒ“‚Ì‘¶İ‚ğÀŠ´‚³‚¹‚Ä‚à‚ç‚Á‚½v,https://news.yahoo.co.jp/articles/5d24837540c880c028055fc1a52211a6e0d0e3fb,3/6(…) 20:00
sph,ƒXƒ|[ƒc•ñ’m,y˜ƒWƒƒƒpƒ“z•½—ÇŠC”n‚ª‚Q‰ñ‚QˆÀ‘Å–³¸“_‚Å‘ã•\æ”­ƒfƒrƒ…[u©•ª‚Æ‚µ‚Ä‚Í‚Ü‚¸‚Ü‚¸‚Ìƒsƒbƒ`ƒ“ƒOv,https://news.yahoo.co.jp/articles/b299ee5c1cb40a5317bb0ece1ce9d82b2bf61b27,3/6(…) 19:59
sph,ƒXƒ|[ƒc•ñ’m,’†ğ‚ ‚â‚İAƒNƒbƒL[•Ğè‚É©B‚èƒVƒ‡ƒbƒg‚ğŒöŠJIu‹Md‚·‚¬‚évu–{“–‚É‚¨”ü‚µ‚¢‚Å‚·v‚Æƒtƒ@ƒ“Š½Šì,https://news.yahoo.co.jp/articles/3dbd68ac4ed92ad01c42e03fcf3529f7dbfaf443,3/6(…) 19:55
sph,ƒXƒ|[ƒc•ñ’m,y˜ƒWƒƒƒpƒ“zg—ÑO‘¾˜Y‚ª‰‘ÅÈ‰ˆÀ‘Å‰‘Å“_c—LŒ¾Às‚ÌŸ•‰‹­‚³‚ğ”­Šö,https://news.yahoo.co.jp/articles/233d834817fb1950aaa992e7c913141d88f3b51f,3/6(…) 19:46
sph,ƒXƒ|[ƒc•ñ’m,y˜ƒWƒƒƒpƒ“zƒ„ƒNƒ‹ƒgE‘ºã@—²‚ª‰‘ÅÈ‚Åæ§ƒ^ƒCƒ€ƒŠ[,https://news.yahoo.co.jp/articles/294edb9fd3730d91d27bb9c3bed168f96537f923,3/6(…) 19:44
sph,ƒXƒ|[ƒc•ñ’m,y˜ƒWƒƒƒpƒ“z”\“o”¼“‡’nk”íĞ‚ÌÎìŒ§¬Šw¶‚Ql‚ªn‹…®u’nŒ³‚Ì•û‚â‰‰‡‚µ‚Ä‚­‚¾‚³‚él‚ÉŠ´Ó‚Ìv‚¢‚Å“Š‚°‚½v,https://news.yahoo.co.jp/articles/e6a5771cd37b91938d7b0bd8993fcb78b95d67f7,3/6(…) 19:36
sph,ƒXƒ|[ƒc•ñ’m,V‘Ì‘€“ú–{‘ã•\A‚Q‚S”N‚ÍuŒ”’ƒƒCƒNv‚ÅŸ•‰@–é‹ó‚ÆŒ‚ÌŒõ‚ğ•\Œ»‚µ‚½VƒƒCƒN@—é–Ø•à‰ÀuV‘N‚Å‚¨‹C‚É“ü‚èv,https://news.yahoo.co.jp/articles/ce961469e4127082ed2dd3b0cfcd0a0f2052c86d,3/6(…) 19:36
sph,ƒXƒ|[ƒc•ñ’m,²–ì—E“lA’†Šw‘ã‚Ì”ü­”NƒVƒ‡ƒbƒg‚Å’©ƒhƒ‰o‰‰‚ğ•ñu‚±‚Ì‚©‚ç’©ƒhƒ‰o‚é‚Ì–²‚¾‚Á‚½‚ñ‚¾‚æ‚È‚Ÿv,https://news.yahoo.co.jp/articles/6d724b3df45a63cb4fa49c70682b2cf23bfe6f01,3/6(…) 19:33
sph,ƒXƒ|[ƒc•ñ’m,‚x‚r‰¡•l‚ªƒ‹ƒ”ƒ@ƒ“”t‚ÉƒNƒ‰ƒujã‰“oêA‚i‚Q…ŒË‚É’§‚Şc•’i‚Í•Â½‚ÌƒoƒbƒNƒXƒ^ƒ“ƒhŠJ•ú‚Ì——R‚Æ‚Í,https://news.yahoo.co.jp/articles/9ca3cd0a9fde1563142aab1f35d90e4f381992cc,3/6(…) 19:32
sph,ƒXƒ|[ƒc•ñ’m,y˜ƒWƒƒƒpƒ“z‚P”Ô‹N—p‚Ìƒ„ƒNƒ‹ƒgE‰–Œ©‚ª‚¢‚«‚È‚èƒ`[ƒ€‰ˆÀ‘Å,https://news.yahoo.co.jp/articles/3b381bfc569f36e07036275bc4fd617e205a5ce9,3/6(…) 19:30
sph,ƒXƒ|[ƒc•ñ’m,gƒfƒUƒCƒi[hÂŒ´‚Æ‚à‚¦A‘N‚â‚©ƒCƒGƒ[‚Ì©ìˆß‘•‚ª‚·‚Ä‚«IuƒZƒ“ƒX‚ª’E–XƒŒƒxƒ‹cv‚Æâ^‚Ìº,https://news.yahoo.co.jp/articles/3c4fa4993495459d5a0d7861571fed93d86f08a8,3/6(…) 19:17
sph,ƒXƒ|[ƒc•ñ’m,Œ³‚j\‚P‰¤ÒE•‹—R÷‚ªƒ{ƒNƒVƒ“ƒO‚Å¢ŠE‰’§í uƒoƒ`ƒb‚Æ“|‚µ‚ÄŸ‚ÂIIv,https://news.yahoo.co.jp/articles/5a1112bdfac6281d9b1e6e0096af768876359ac1,3/6(…) 19:06
sph,ƒXƒ|[ƒc•ñ’m,uŠç¬‚Á‚¿‚áIvá’Îç‰ÄAƒ‰[ƒƒ“‚ğH‚×‚ép‚Ì¬Šç‚Ô‚è‚ÉÕŒ‚u˜¥‚ª‚â‚¯‚ÉƒfƒJ‚­Œ©‚¦‚évuÎŠç‚ª‚·‚Ä‚«v,https://news.yahoo.co.jp/articles/0028d96b3fadbf6361a77d40825dd599961d3712,3/6(…) 18:50
sph,ƒXƒ|[ƒc•ñ’m,y˜ƒWƒƒƒpƒ“z‰¢B‘ã•\í‚ÌƒXƒ^ƒƒ“”­•\@‚S”Ô‚Í‘ºã@—²Aæ”­‚Í•½—ÇŠC”n,https://news.yahoo.co.jp/articles/ad21b25266f03074c35071d9f28735b825d4b9fd,3/6(…) 18:48
sph,ƒXƒ|[ƒc•ñ’m,¼”C’J—RÀA‘åD•¨‚ÌƒpƒtƒF‚ÆƒpƒVƒƒƒŠIÎŠçƒVƒ‡ƒbƒg‚Éu‚²ˆê‚³‚¹‚Ä`vu‚Æ‚Á‚Ä‚à”ü–¡‚µ‚»‚¤v‚Ìº,https://news.yahoo.co.jp/articles/2a5f5d63449696e8d623694691bc8563d0dfcf03,3/6(…) 18:40
sph,ƒXƒ|[ƒc•ñ’m,ˆÀ—–‚¯‚¢u“ú–{‚ÌƒLƒƒƒXƒg‚É‚µ‚©‚È‚¢g–¡h‚¨“Í‚¯‚Å‚«‚ê‚ÎvA“ú–{‰‰‰uƒJƒ€@ƒtƒƒ€@ƒAƒEƒFƒCv,https://news.yahoo.co.jp/articles/50b2573a823ba743d4c0b8b4052eb35477157aef,3/6(…) 18:40
sph,ƒXƒ|[ƒc•ñ’m,y¼•zŠİˆê˜YAá—ÑŠyl‚Ì—¼ŠO–ìè‚ª‚`”Ç‡—¬,https://news.yahoo.co.jp/articles/ec048c2ffc6219c6ead3b91395a3978f6def7bd6,3/6(…) 18:36
sph,ƒXƒ|[ƒc•ñ’m,–Ø‘º“O“ñAV‹È”­”„‚Å“¬•a’†‚Ìf•ƒERì–L‚ÉƒG[ƒ‹u‚±‚Ì‹È‚Å‰¶•Ô‚µ‚µ‚ÄŒ³‹C‚É‚È‚Á‚Ä‚Ù‚µ‚¢v,https://news.yahoo.co.jp/articles/2c75dec7fb263f76c052b2a1c825c326d16e8fad,3/6(…) 18:31
sph,ƒXƒ|[ƒc•ñ’m,˜Q‰Á’†‚Ì–¾‘åE@R—ÛAœÜ”»–¾‚Å‰¢B‘ã•\í‚ÍŒ‡ê@ˆä’[ŠÄ“ÂuŒ©‚ÄŠw‚ñ‚ÅA¡Œã‚Éæ‚è“ü‚ê‚Ävc¡Hƒhƒ‰ƒtƒg‚Ì–Ú‹Ê,https://news.yahoo.co.jp/articles/fac912e3c18fe70cf7f50bb7427c68352b243ff9,3/6(…) 18:29
sph,ƒXƒ|[ƒc•ñ’m,‹ÕƒmáA’©”TR‚Æ‚ÌV‹Œ‘åŠÖ‘ÎŒˆ‚Å”’”MŒmŒÃu‘Šl‚Â‚ª‚Á‚Õ‚è‚Å—Í‚ª“ü‚Á‚½v@‚V”Ô˜A‘±‚Åæ‚è‚SŸ‚R”s,https://news.yahoo.co.jp/articles/40b2fece01eb565e6754066ff51aca0d7505afd7,3/6(…) 18:29
sph,ƒXƒ|[ƒc•ñ’m,Œ³‘åŠÖ‚Ì’©”TR‚ªV‘åŠÖ‚Ì‹Õƒmá‚Æ‰Î‰Ô@u•‰‚¯‚½‚­‚È‚¢‹C‚¿‚ª‚ ‚Á‚½v‚ÆˆÓ’n‚Ì‚¼‚©‚¹‚é,https://news.yahoo.co.jp/articles/512e9816819bfd09b37d22787352de2c805ebe33,3/6(…) 18:28
sph,ƒXƒ|[ƒc•ñ’m,‰Ä÷—zqAR–{—zq‚³‚ñ‘ã–ğ‚Í‘¦’f‚àu“²‚ê‚È‚Ì‚Åd‚­A‚P‚O“úŠÔ‚æ‚­–°‚ê‚È‚¢v‚«‚å‚¤‚©‚çŒmŒÃQ‰Á,https://news.yahoo.co.jp/articles/b2e42a6ab6630e04d5047443590b7ba50c01f80d,3/6(…) 18:25
sph,ƒXƒ|[ƒc•ñ’m,‚m‚‰‚š‚‰‚tEƒ}ƒ„Aƒƒ“ƒo[‚Ìƒvƒ‰ƒxƒVƒ‡ƒbƒgŒöŠJIuƒZƒ“ƒX‚ª‚ ‚è‚·‚¬‚évu‚ß‚Á‚¿‚áƒGƒ‚‚¢Iv‚Æƒtƒ@ƒ“â^,https://news.yahoo.co.jp/articles/f3983725d10585550bd781158f097ed817ae85ca,3/6(…) 18:25
sph,ƒXƒ|[ƒc•ñ’m,”ª‘ãˆŸ‹I‚³‚ñ‚¨•Ê‚ê‚Ì‰ïA‚Q‚U“ú‚Éu”ª‘ãˆŸ‹I‚¿‚á‚ñ‚Ë‚év‚Å–³—¿¶”zM,https://news.yahoo.co.jp/articles/c1d709b1dcf77f6ca1f0fec4dbb4307c619c8aa5,3/6(…) 18:16
sph,ƒXƒ|[ƒc•ñ’m,ˆî‘ºˆŸ”üAƒm[ƒXƒŠ[ƒup‚Åg””N‚Ô‚èh‚ÌƒnƒƒC‚ğ–‹iIu‘u‚â‚©vuƒX[ƒp[ƒ‚ƒfƒ‹‚¶‚á‚ñIv‚Æƒtƒ@ƒ“,https://news.yahoo.co.jp/articles/73f0e51b504dfa4f4008776332c6651d2d0232fd,3/6(…) 18:10
sph,ƒXƒ|[ƒc•ñ’m,yŠy“Vzƒ}ƒ‹ƒ`ˆÀ‘Å‚Tl‚Åã_‚É‰õŸ@¡]ŠÄ“Â‚ÍuƒAƒs[ƒ‹‚µ‚Ä‚Ù‚µ‚¢‘Iè‚ª‘Å‚Á‚½‚Ì‚ÍûŠnv‚ÆÎŠç,https://news.yahoo.co.jp/articles/2e278a8f9f7e2a0540967d1c3d7aa8b24d73eef6,3/6(…) 18:06
sph,ƒXƒ|[ƒc•ñ’m,ƒ`ƒFƒ‹ƒV[AƒXƒ^ƒWƒAƒ€Œš’z‚Å‘åƒWƒŒƒ“ƒ}H@–{‹’’n‚ğ‚U”NŠÔ‚È‚­‚·‚©@‚W‚P‚S‰­‰~—]Œv‚Éx•¥‚¤‚©,https://news.yahoo.co.jp/articles/bc2d8ec09d2923dc01c01eac5c16b26bebc819d1,3/6(…) 18:04
sph,ƒXƒ|[ƒc•ñ’m,yƒ„ƒNƒ‹ƒgz¼ì—y‹P‚ªŒy‚ğ‹­’²u‘S‘R‘åä•v‚Å‚·v‘O–é‚É‰E‘«ñ•t‹ß‚É€‹…,https://news.yahoo.co.jp/articles/11188846cb9a49515128f69a51f9afb9b3eb2c23,3/6(…) 18:03
sph,ƒXƒ|[ƒc•ñ’m,‰¡•l‚e‚bl•û“cC•½ŠÄ“ÂA‚m‚d‚b¬ìqŠî‚Ì¬’·‚Ô‚èŠì‚ÔuŠÂ‹«‚ªˆá‚¤’†‚Å‚â‚Á‚ÄŒ‹‰Ê‚ğo‚·‚Ì‚Í‘å•Ïv,https://news.yahoo.co.jp/articles/888e1382faa959abbc471a3df3da5cc02805e200,3/6(…) 18:02
sph,ƒXƒ|[ƒc•ñ’m,‚i‚n‚b‚É‚Q‚O‰­‰~‚Ì’Ç’¥‰ÛÅ@uŒ©‰ğ‚Ì‘ŠˆáBˆâŠ¶v‚à‘SŠz”[•t@ƒpƒŠŒÜ—Ö‚Ö‚Ì‹­‰»Šˆ“®‚É‚Íu‰e‹¿‚ªo‚Ä‚Í‚¢‚¯‚È‚¢v,https://news.yahoo.co.jp/articles/006076face17082373f8a4a293031093d55dabce,3/6(…) 18:00
sph,ƒXƒ|[ƒc•ñ’m,‰EŒ¨bœœÜ‚Ì–¾‘åE@R—Û‚ª˜ƒWƒƒƒpƒ“í‘O‚É”\“o”¼“‡’nk‚Ì•å‹àŠˆ“®@¶èƒnƒCƒ^ƒbƒ`‚Åƒtƒ@ƒ“‚ÆŒğ—¬,https://news.yahoo.co.jp/articles/ed06b24a4a445c5c0f75225954ec28ed26b7768c,3/6(…) 17:59
sph,ƒXƒ|[ƒc•ñ’m,uĞˆõ‚½‚Á‚½‚T–œlv‹‘å‘²‚ÌĞ’·•ƒ‚ğ‚ÂçHAgqˆç‚Äƒ‹[ƒ‹h‚ªƒXƒS‚¢Iu„‚à‚»‚¤‚â‚Á‚Äˆç‚Ä‚ç‚ê‚½v,https://news.yahoo.co.jp/articles/69f59948a7b1b40a2c068767727bac658d967896,3/6(…) 17:55
sph,ƒXƒ|[ƒc•ñ’m,F‹C‚½‚Á‚Õ‚è‚Ìg‚©‚«ã‚°ƒwƒAh‚Å‘åƒuƒŒƒCƒN‚µ‚½——DAƒCƒƒ`ƒFƒ“‚R‚UÎ‚ÌÅVpIu‘Š•Ï‚í‚ç‚¸‚©‚í‚¢‚¢v‚Æ˜b‘è,https://news.yahoo.co.jp/articles/81f882a579c61e152941bf8799bffe8b390303dc,3/6(…) 17:40
sph,ƒXƒ|[ƒc•ñ’m,yƒƒbƒez“¡‰ª‚Í¶‘«— ˆá˜aŠ´‚Å‚U“ú‚Ì‚c‚…‚m‚`í‚ğŒ‡ê,https://news.yahoo.co.jp/articles/4f71fca51714a0f46c5469d678aa0de5772d7c6d,3/6(…) 17:28
sph,ƒXƒ|[ƒc•ñ’m,‘ì‹…‚sƒŠ[ƒOE‹“s‚Í—ˆ‹G‚àQí‚Ö@âˆä—–’·u‚©‚È‚èŒo‰có‘Ô‚ª—Ç‚­‚È‚Á‚½v,https://news.yahoo.co.jp/articles/aad7a82cd930f615ebc9bb8aec87792f92de3213,3/6(…) 17:17
sph,ƒXƒ|[ƒc•ñ’m,yƒIƒŠƒbƒNƒXzƒp‰¤Ò‚É‚Íƒ_ƒCƒ„‚ÌŒ´Î‚ªƒSƒƒSƒc’†“ˆ‘ŠÄ“ÂuˆÀSŠ´‚ğ‚Á‚Ä‚¢‚é‘Iè‚Í”²‚©‚ê‚év,https://news.yahoo.co.jp/articles/2fd1f2f9b9d03a2abdc556c0abc8378ebb3e3260,3/6(…) 17:07
sph,ƒXƒ|[ƒc•ñ’m,y‹lz“Ç”„‹lŒR‚X‚O”Nj‚ğ•””ŒÀ’è‚Å”Ì”„@–{•ÒE‘—¿•Ò‚Ì‚Q•”\¬,https://news.yahoo.co.jp/articles/2258a711de194ac098022a55f67f519bc7d99780,3/6(…) 17:00
sph,ƒXƒ|[ƒc•ñ’m,’†—Ñ”ü˜aAƒoƒ‰‚Ì‰Ô‘©‚ğ•ø‚¦‚S‚TÎ‚Ì’a¶“ú‚ğ•ñIu‚½‚­‚³‚ñ‚Ì‚¨j‚¢ƒƒbƒZ[ƒW‚Æ‚Á‚Ä‚àK‚¹‚Å‚·v,https://news.yahoo.co.jp/articles/11a29d9b5ec959666a3af0e790fd94ae4cd4f37c,3/6(…) 16:55
sph,ƒXƒ|[ƒc•ñ’m,yã_z‚U˜A”s‚Ì‰ª“c²•zŠÄ“ÂuŒü‚±‚¤Ÿ‚¿‚É‚«‚Æ‚Á‚½‚Èv‚PŒR‘ˆ‚¢‚Íu‚ ‚Æ‚R‡B‚»‚ê‚Åi‚Á‚Ävˆê–âˆê“š,https://news.yahoo.co.jp/articles/e06a0e0c5940506dde35b9109b970969ee2cee38,3/6(…) 16:51
sph,ƒXƒ|[ƒc•ñ’m,˜ƒWƒƒƒpƒ“‘Io‚Ì–¾‘åE@R—Û‚Í‰EŒ¨bœœÜ‚Ì‚½‚ß‡oê‚¹‚¸cˆä’[O˜aŠÄ“Â‚ª–¾Œ¾,https://news.yahoo.co.jp/articles/05f4309de30691883b200ee6115d52ecb0df437c,3/6(…) 16:41
sph,ƒXƒ|[ƒc•ñ’m,‚‚…‚ƒ‚A‚TÎ‘§q‚Éì‚Á‚½ˆ¤î•Ù“–I‚µ‚»‚Â‚­‚Ë‚â–ìØ‚¢‚½‚ß‚È‚Çuc‚è‚à‚Ìv‚ğãè‚Ég‚Á‚Ä‰h—{‚à–“_I,https://news.yahoo.co.jp/articles/aee333c78913e55dd285650f996e9c8ba1b9905d,3/6(…) 16:40
sph,ƒXƒ|[ƒc•ñ’m,—Œê‹¦‰ïA‚P‚Q”N‚Ô‚è”²‚Ä‚«^‘Å‚¿@—Ñ‰Æ‚Â‚équ‹¹‚ª‚¢‚Á‚Ï‚¢vO—V’à‚í‚ñäu—Œê‚Él¶‹~‚Á‚Ä‚à‚ç‚Á‚½v,https://news.yahoo.co.jp/articles/fabc982e74adcea44bee6672fa475d8f3e53a0fd,3/6(…) 16:20
sph,ƒXƒ|[ƒc•ñ’m,‰EŒ¨bœœÜ‚Ì–¾‘åE@R—Û‚ª˜ƒWƒƒƒpƒ“‚Ì‡‘O—ûK‚ÉQ‰Á@‰EŒ¨‚ğ‹C‚É‚·‚é‚»‚Ô‚è‚àc¡Hƒhƒ‰ƒtƒg–Ú‹Ê,https://news.yahoo.co.jp/articles/94ed7d2bde74d313879b30b759fd37a6ddb4df29,3/6(…) 16:15
sph,ƒXƒ|[ƒc•ñ’m,s‘º³e‚ÌƒCƒPƒƒ“’·’jEs‘º—D‘¿uƒ}ƒ}‚ª‚­‚ê‚½ƒƒKƒlv‚P‚TÎ‚Æv‚¦‚ÊF‹CIu—Áq‚¿‚á‚ñ‚Û‚¢v‚Ìº,https://news.yahoo.co.jp/articles/4b6da8f3b04021bd913b2d9c1f2cb0d30dbb44e6,3/6(…) 16:15
sph,ƒXƒ|[ƒc•ñ’m,yã_zçŒì_Œó•âEƒQƒ‰‚ªbq‰€ƒfƒrƒ…[@Å‘¬‚P‚T‚TƒLƒ‚Å–³¸“_,https://news.yahoo.co.jp/articles/d5647dfd080214429eef4b2707c19f92751f5c8a,3/6(…) 16:02
sph,ƒXƒ|[ƒc•ñ’m,Î‘qO˜Y@“ï’®–ğ‚ÉuŒ’í‚Æv‚Á‚Ä‚¢‚é‚Ì‚Í©•ª‚¾‚¯‚©‚à‚µ‚ê‚È‚¢v,https://news.yahoo.co.jp/articles/1d8fc60d409f3329f688b8493d7e1a731d762668,3/6(…) 16:00
sph,ƒXƒ|[ƒc•ñ’m,R“cF”VA‚b‚l‚Åo‰‰•ŠÄ“Âu–Úü‚Ì‰‰‹Z‚É—Í“ü‚ê‚Ü‚µ‚½vŒã”yE‰¡•l—¬¯‚ÍgŠÄ“Â‚Ô‚èh‚ğâ^,https://news.yahoo.co.jp/articles/3402f8f8d55b1ea2fb6ea47a31fda8c45237df00,3/6(…) 15:57
sph,ƒXƒ|[ƒc•ñ’m,yã_zÅ‰ºˆÊ‚P‚W”NˆÈ—ˆ‚Ì‚Uí‚U”scˆÉ“¡«iu‚à‚¤­‚µv‰“o”Â‚Ì‘å’|k‘¾˜Y‚Íu‚¢‚¢ˆê•à–Ú‚ÉvƒQƒ‰AŠâè‚ç“o”Â,https://news.yahoo.co.jp/articles/d6d595adf65618462378be3e08cfec80127b1942,3/6(…) 15:55
sph,ƒXƒ|[ƒc•ñ’m,‚QT‘±‚¯‚Äoê‚ÌX“c—qu‚±‚ñ‚È‚±‚Æ‚¸‚Á‚Æ‚µ‚Ä‚½‚ñ‚¾‚Á‚Äv‚Á‚½‚çA‚¬‚å‚¦[‚Á‚Äv@‘OT‚Í‚U”N‚Ô‚è•œ‹A‚Å—\‘I“Ë”j,https://news.yahoo.co.jp/articles/afcef7a5dd93b2abd93789fcc074779d2f95d918,3/6(…) 15:53
sph,ƒXƒ|[ƒc•ñ’m,yƒI[ƒgƒŒ[ƒXzXŠsA‹vX‚P’…IVÔ“Š“üƒYƒoƒŠuƒNƒD`ƒb@—¬‚ê•Ï‚í‚Á‚Ä‚«‚Ä‚év`‚f‚PìŒûƒOƒ‰ƒ“ƒvƒŠƒŒ[ƒX,https://news.yahoo.co.jp/articles/3b0891c99b86e45d1ae90745ea013ae6866abc61,3/6(…) 15:52
sph,ƒXƒ|[ƒc•ñ’m,Îì‰Àƒ‚³‚ñAƒpƒŠŒÜ—Ö‚É’§‚Ş‘Iè‚Öu‰÷‚¢‚Ì‚È‚¢í‚¢‚ğv@“à‘ºq•½‚Í‚Ü‚³‚©‚Ì’·•¶ƒG[ƒ‹,https://news.yahoo.co.jp/articles/6d44add2349c15d5112e370d1016cc01bf1e7787,3/6(…) 15:41
sph,ƒXƒ|[ƒc•ñ’m,‚R™‚Ìƒ}ƒ}¬‘q—DqA‚¨•Ù“–‚Éì‚Á‚½“‚—g‚°‚ª‚¨‚¢‚µ‚»‚¤IgƒTƒNƒTƒNh‚É—g‚°‚éƒRƒc‚àĞ‰îu‰ä‚ª‰Æ‚Ål‹Cv,https://news.yahoo.co.jp/articles/ee94124a6a52b84b2c503760f39a4c99af4509d0,3/6(…) 15:40
sph,ƒXƒ|[ƒc•ñ’m,yã_zˆäãL‘å‚ªc‚è­‚È‚¢ƒ`ƒƒƒ“ƒX‚Å–ÒƒAƒs[ƒ‹@‘O“ú‚É‰ª“cŠÄ“Âu‚Á‚Ä‚é‚à‚Ì‚È‚Ì‚©‚È‚ v,https://news.yahoo.co.jp/articles/ee8e8351a7efbe866d7cfc299741bfe7673da93a,3/6(…) 15:37
sph,ƒXƒ|[ƒc•ñ’m,‚QT˜A‘±‚u‚©‚©‚éŠâˆäç—å‚Íuí—ª«‚ª‘å–vuŒ³‹C‚ğ“Í‚¯‚ç‚ê‚éƒvƒŒ[‚ğ‚µ‚½‚¢v,https://news.yahoo.co.jp/articles/fdf71c97d668028bb1e06da979412bcec4ff2336,3/6(…) 15:34
sph,ƒXƒ|[ƒc•ñ’m,ƒI[ƒhƒŠ[á—ÑAl‹C—qƒAƒi‚ª‹}‚ÉŠy‰®‚É—ˆ‚Ä³ÀuƒtƒŠ[‚É‚È‚é‚Ì‚©‚È‚Á‚Äv,https://news.yahoo.co.jp/articles/4f5218ca3ff091f3bae6907e12af2d86114ec75e,3/6(…) 15:25
sph,ƒXƒ|[ƒc•ñ’m,yã_zğ‹G’™‹à‚P‚O‚Ì¶˜r‚ª¡‹G‰“o”Â‚Å‚Q‰ñ‚P¸“_@‚P”í’e‚à‚¿–¡‚Í”â˜I,https://news.yahoo.co.jp/articles/b2bf5b3d0965d8b101769fb9cb130c3973259c09,3/6(…) 15:16
sph,ƒXƒ|[ƒc•ñ’m,‚Q‚PÎƒUƒMƒgƒA’´ƒ~ƒj”ü‹ruƒXƒŒƒ“ƒ_[v‚Æâ^Iu‚¾‚¢‚Ô‘‰‚¹‚½Hvu‚Û‚Á‚¿‚á‚è‚µ‚Ä‚àv‚Ìº‚à,https://news.yahoo.co.jp/articles/225b81f5d3c22dee223f6e185f80cd8ff5f9fe08,3/6(…) 15:15
sph,ƒXƒ|[ƒc•ñ’m,˜ƒWƒƒƒpƒ“‘Io‚Ì–¾‘åE@R—Û‚ª‰EŒ¨bœœÜ‚Æf’f@ƒ`[ƒ€‚É‚Í‘Ñ“¯—\’èc¡Hƒhƒ‰ƒtƒg‚Ì–Ú‹Ê,https://news.yahoo.co.jp/articles/18f4beee53a977283922ee4b66a308d9d814900c,3/6(…) 15:10
sph,ƒXƒ|[ƒc•ñ’m,’ª“c—æq‚³‚ñA–º‚©‚ç‚à‚ç‚Á‚½è†‚ÉuƒLƒ…[ƒ“vˆ¤î‚¢‚Á‚Ï‚¢ƒƒbƒZ[ƒW‚Éu‚½‚Ü‚ç‚ñvuÅ‚‚ÈƒvƒŒƒ[ƒ“ƒgv‚Ìº,https://news.yahoo.co.jp/articles/683a7e5dddc775ee11f21b4ed2f1f9690844a15a,3/6(…) 15:05
sph,ƒXƒ|[ƒc•ñ’m,–¾¡ˆÀ“cŠ‘®‚ÌŸ‚İ‚È‚İu—DŸ‚µ‚½‚¢‹C‚¿‚ÍA‚Ç‚Ì‘Iè‚æ‚è‚à‚ ‚év,https://news.yahoo.co.jp/articles/9266aa88eeaa198ea5905f2eb02e5de6d27bbb8e,3/6(…) 15:03
sph,ƒXƒ|[ƒc•ñ’m,y¼•zƒhƒ‰ƒtƒg‚PˆÊ¶˜rE•“à‰Äô‚Éu‰J’jIv cº‚Ìå‚ÍH,https://news.yahoo.co.jp/articles/dbc394b932bd94e0a14575bf0429785bc0a14dc4,3/6(…) 15:02
sph,ƒXƒ|[ƒc•ñ’m,y‚ ‚·‚ÌƒuƒMƒEƒMzˆãÒ‚©‚ç¡–é‚ªR‚¾‚Æ•·‚©‚³‚ê‚é,https://news.yahoo.co.jp/articles/7496e59532b9e84bfeab15e6c4ef316e0fe0f71f,3/6(…) 15:00
sph,ƒXƒ|[ƒc•ñ’m,uƒƒSƒ“”Ì”„‚â‚Á‚Ä‚Ù‚µ‚¢v‘ê‘òáÁ‹KqAÊ‚è–L‚©‚Èèì‚è•Ù“–‚ª‚·‚²‚¢I‹‚²‚Ú‚¤‚²”ÑA‰–ƒTƒP‚È‚ÇuƒZƒ“ƒX”²ŒQv,https://news.yahoo.co.jp/articles/d68997ed6f4481ae8f76814657b3519b16d9b5d4,3/6(…) 14:55
sph,ƒXƒ|[ƒc•ñ’m,ŠÖŒûG‚ªi‰ï‚a‚r\‚s‚a‚ruŠÖŒûG‚Ì‚±‚Ìæ‚Ç‚¤‚È‚éIHv‚ÍuŠÖŒû‚³‚ñ‚ªŠw‚Ñ–ğv,https://news.yahoo.co.jp/articles/8545ccc179e78172a7d09dc658bc880367d19121,3/6(…) 14:53
sph,ƒXƒ|[ƒc•ñ’m,y’†“úzŠJ–‹“ŠèŒó•â‚ª‚S‰ñ‚P¸“_@’†“c‚Ì“¯“_’e‚Éu‚³‚·‚ªv,https://news.yahoo.co.jp/articles/063e26343bfda7c588286eb1503e21b897bc9d52,3/6(…) 14:50
sph,ƒXƒ|[ƒc•ñ’m,‹g–{‹»‹ÆA‰«“ê‘Û‰f‰æÕ‰^‰c‚©‚ç“P‘Ş‚Ö,https://news.yahoo.co.jp/articles/d7f7e0139126fb7f97c207c81d33c6dd32bd1ecf,3/6(…) 14:41
sph,ƒXƒ|[ƒc•ñ’m,u¬Šw¶‚Å‚±‚ñ‚È‚ÉH‚×‚é‚ñ‚Å‚·‚©HvƒiƒCƒiƒC–î•”‚ÌÈEÂ–Ø—TqA‚·‚²‚¢—Ê‚Ì‘§q•Ù“–‚É‘›‘Ru«—ˆƒAƒXƒŠ[ƒgv,https://news.yahoo.co.jp/articles/f912d5929a31dbbcfbcdd6b54a8f1a7ec44b1d0b,3/6(…) 14:35
sph,ƒXƒ|[ƒc•ñ’m,yã_zæ”­EˆÉ“¡«i‚ª‚S‰ñ‚UˆÀ‘Å‚Q¸“_u‚à‚¤‚¿‚å‚Á‚Æ^‚Á‚·‚®‚Ì‹­‚³‚ª‚ ‚Á‚Ä‚¢‚¢v‚Rl€‹…‚Æ‘O‰ñ“o”Â‚É‘±‚«•sˆÀ’è,https://news.yahoo.co.jp/articles/7680960a3c0173aeb5c4705a9816605c542e8e13,3/6(…) 14:30
sph,ƒXƒ|[ƒc•ñ’m,”ü—_“¹‰ÆƒrƒƒfƒBƒhA’´ƒ~ƒj‚Å”üƒXƒ^ƒCƒ‹‘SŠJu‘f°‚ç‚µ‚¢vu‚Æ‚Ä‚àãY—ívuƒGƒŒƒKƒ“ƒgv‚Æâ^,https://news.yahoo.co.jp/articles/2b34916be79d9087dce542e87c38856e5ddd492d,3/6(…) 14:15
sph,ƒXƒ|[ƒc•ñ’m,yƒIƒŠƒbƒNƒXzƒIƒŠ‚Ìu•‰‚¯‚È‚¢’jv‚àŠJ–‹ƒ[ƒe“ü‚è‚Ö‡’²u©M‚É‚Â‚È‚ª‚Á‚½v©ŒÈÅ‘¬‚Ü‚Å‚PƒLƒ,https://news.yahoo.co.jp/articles/b1d9b5013d5d7fefeabc4a36ff022f33379887ad,3/6(…) 14:09
sph,ƒXƒ|[ƒc•ñ’m,ƒŒƒWƒFƒ“ƒhEŠ‹¼‹I–¾‚ªƒVƒjƒA¢‘ã‚É—^‚¦‚é—E‹CA‹³‚¦‚Ä‚­‚ê‚½‚Ì‚Íu‹°‚ê‚¸‘O‚Éi‚ßv,https://news.yahoo.co.jp/articles/1c88a538a785bf9b68b8880491ae5ba05fecac69,3/6(…) 14:06
sph,ƒXƒ|[ƒc•ñ’m,ƒGƒ“ƒ[ƒ‹ƒX‚Ì‚lEƒgƒ‰ƒEƒg‚©‚ç–¿—FE‘å’JãÄ•½‚Ö‹¹ƒAƒc‚ÈŒ¾—tu‰´‚½‚¿‚Í—F’B‚¾B¡‚Íƒ`[ƒ€‚ªˆÙ‚È‚é‚¾‚¯‚¾v,https://news.yahoo.co.jp/articles/dbac6c8336ea9ff9aca7b18aa264ebd8a9acddff,3/6(…) 14:01
sph,ƒXƒ|[ƒc•ñ’m,‰ê—ˆŒ«luƒƒNƒƒN—v‘f‚Ä‚ñ‚±·‚èv‚Åo‰‰‘¦’fA‚‰‚o‚ˆ‚‚‚…~O’r’jŠÄ“Â~è’Ë¡’ì•i,https://news.yahoo.co.jp/articles/9f1171276c83e102c0e3d18ff8efe75842d1dd87,3/6(…) 14:00
sph,ƒXƒ|[ƒc•ñ’m,y‹lzx”z‰º“o˜^‚³‚ê‚½‹–{^‚Íu”M‚¢Sv‚Ì‚¿å@uŒQ‚ê‚é‚±‚Æ‚È‚ñ‚Ä’N‚Å‚à‚Å‚«‚év,https://news.yahoo.co.jp/articles/09c2dc4de9ae71df5bb002f1f7bf8aa91be54e0a,3/6(…) 13:53
sph,ƒXƒ|[ƒc•ñ’m,gˆ«“¶hƒlƒŠ‚ªR’†T‰î‚É’¼ÚÓß uŠÔˆá‚¢‚ğ‚¨‚©‚µ‚Ü‚µ‚½v‚ÉR’†‚Íu‚¢‚¢‡Šú‘Ò‚µ‚Ä‚¢‚Ü‚·v,https://news.yahoo.co.jp/articles/68a4c25f430595ecf426f269c01ae126a9d0a2f1,3/6(…) 13:45
sph,ƒXƒ|[ƒc•ñ’m,yƒuƒMƒEƒMz”~‹g‚ÌšnDƒoƒŒ‚é@ƒXƒYqƒhƒ“ˆø‚«u‘å—Ê‚Ì…’…Ê^‚—vu—¬Î‚Ì”~‹gƒNƒIƒŠƒeƒBvu—Ü‚Ğ‚Á‚±‚ñ‚¾v,https://news.yahoo.co.jp/articles/742016324ac5f8b6c730ce3650df7695eb664412,3/6(…) 13:45
sph,ƒXƒ|[ƒc•ñ’m,yã_z¼—E‹PA¡‹G‰Àí‚Å‚R‰ñ‚PˆÀ‘Å–³¸“_@‡’²‚Èdã‚ª‚è”â˜Iu“Š‚°‚½‚¢ƒ{[ƒ‹‚ğˆÓ}“I‚É“Š‚°‚ç‚ê‚½v,https://news.yahoo.co.jp/articles/8f2ca803c9e80e4e58e33e79f8a6af9989aa39bb,3/6(…) 13:34
sph,ƒXƒ|[ƒc•ñ’m,yã_zO—ÛE²“¡‹P–¾‚ª¡‹G‰¸ôA‚X‚Æã‚ª‚Á‚½’èˆÊ’u•t‹ß‚Ì”ò‹…‚ğ—‹…,https://news.yahoo.co.jp/articles/a473a296f0f79f7c026ddd163fc782379feba783,3/6(…) 13:34
sph,ƒXƒ|[ƒc•ñ’m,y“ú–{ƒnƒ€zƒsƒbƒ`ƒNƒƒbƒN‚æ‚è‚V‰ñ§@V¯„uŠÄ“Â‚ª˜_u‰´‚ª‚à‚µ“Šè‚È‚ç•I‚Ì•sˆÀ‚Í‚ ‚év,https://news.yahoo.co.jp/articles/d46fb68882c9cdc237f39b2f72f300ece18a1860,3/6(…) 13:31
sph,ƒXƒ|[ƒc•ñ’m,y‹lzˆ¢•”ŠÄ“Â‚ªx”z‰º“o˜^‚Ì‚Q‚OÎ‰E˜rE‹–{‚ÉŠú‘ÒuŸ‚¿ƒpƒ^[ƒ“‚Å“Š‚°‚Ä‚à‚ç‚¢‚½‚¢v,https://news.yahoo.co.jp/articles/e174cb308860a08a8bc485b89fcb59e08e78b849,3/6(…) 13:28
sph,ƒXƒ|[ƒc•ñ’m,y‹lz‚Q‚OÎ‰E˜r‚Ì‹–{^•‚P‚XÎ‚Ì’†“c•à–²‚ªx”z‰º“o˜^c”w”Ô†‚Íu‚X‚Xv‚Æu‚X‚Tv,https://news.yahoo.co.jp/articles/f031bbdde0270dda1b8c6ae06380b452d838f2a9,3/6(…) 13:27
sph,ƒXƒ|[ƒc•ñ’m,u‚ß‚´‚Ü‚µ‚Wv‰ïH‹°•|Ç‚ğ“ÁW‚ÅƒgƒŒƒ“ƒh“ü‚èu‚Æ‚É‚©‚­H‚×‚ç‚ê‚È‚¢vuƒRƒ~ƒ…á‚Æ‚©‚»‚¤‚¢‚¤–â‘è‚Å‚Í‚È‚¢v,https://news.yahoo.co.jp/articles/dba08c7ce767d39bbf198c42ef2b6fd373ad01e7,3/6(…) 13:20
sph,ƒXƒ|[ƒc•ñ’m,y’†“úz’†“cãÄuƒz[ƒ€ƒ‰ƒ“‚É‚È‚Á‚Ä‚­‚ê‚Ä—Ç‚©‚Á‚½v@¡‹G‚P‚R‘ÅÈ–Ú‚ÅˆÚĞ‚P†,https://news.yahoo.co.jp/articles/e437c39e559ca99f4886888b5fe0cfd9fa141449,3/6(…) 13:17
sph,ƒXƒ|[ƒc•ñ’m,y“ú–{ƒnƒ€z‚V“ú‚Í—\’è’Ê‚èˆÉ“¡‘åŠC‚ªŠ™ƒP’J‰“o”Â@–kR˜jŠî‚Í‚W“ú‚c‚…‚m‚`íæ”­‚Ö,https://news.yahoo.co.jp/articles/ebf64bbbbed14d8b27dbf676ac1dceeed1f127eb,3/6(…) 13:14
sph,ƒXƒ|[ƒc•ñ’m,ƒhƒWƒƒ[ƒX‚ªƒGƒ“ƒ[ƒ‹ƒX‚ÉŠ®•••‰‚¯@‰‚ÌŒÃ‘ƒíoê‚Ì‘å’JãÄ•½‚Í‚R‘Å”–³ˆÀ‘Å,https://news.yahoo.co.jp/articles/872447d7b82f2c100031b7827ddab5d54559c1e1,3/6(…) 12:55
sph,ƒXƒ|[ƒc•ñ’m,‘å’JãÄ•½AŠJ–‹‚ÖŒü‚¯‚Ä‘SŠJéŒ¾uƒŠƒnƒrƒŠ‚Í‚à‚¤I‚í‚Á‚Ä‚Ü‚·‚Ëv@ğ”N‚XŒ‚É‰E•Ièp‚àŠJ–‹íoê‚Ö,https://news.yahoo.co.jp/articles/21609915b522cf940a763d8ca1effd429e2326ce,3/6(…) 12:49
sph,ƒXƒ|[ƒc•ñ’m,y“ú–{ƒnƒ€zŠ™ƒP’J‚Å‚ÌƒI[ƒvƒ“í‚Í’†~@V¯„uŠÄ“Â‚ÍŠ¦‚³‚Éuƒsƒbƒ`ƒƒ[‚Q”­‚­‚ç‚¢‚Å•I’É‚ß‚Ü‚·‚æv,https://news.yahoo.co.jp/articles/5360d8a8b4c07715656673f5f1707f3a6ff925ba,3/6(…) 12:46
sph,ƒXƒ|[ƒc•ñ’m,‘å’JãÄ•½‚ªR–{—RL‚Ì‘¶İ‚É‚Â‚¢‚ÄŒê‚èÎ‚¢—U‚¤u‹C‚É‚©‚¯‚Ä‚¢‚È‚¢‚Å‚·‚Ëv@“ú–{ŠÔ‚V“ú‚É‰‚Ì“¯oê‚Ö,https://news.yahoo.co.jp/articles/708ffdf444fe91313a253a644b7ffe43d7bbd314,3/6(…) 12:45
sph,ƒXƒ|[ƒc•ñ’m,‚c‚…‚m‚`E¬‰€Œ’‘¾\ƒƒbƒeEƒƒ‹ƒZƒfƒXcƒXƒ^ƒƒ“”­•\,https://news.yahoo.co.jp/articles/86a4b519822f0a91cd1ca2c2c80e3b45fd08a96c,3/6(…) 12:40
sph,ƒXƒ|[ƒc•ñ’m,ã_EˆÉ“¡«i\Šy“VE“c’†«‘åcƒXƒ^ƒƒ“”­•\,https://news.yahoo.co.jp/articles/304a27c9d11732c87230c8c63afc8ea407db46ae,3/6(…) 12:40
sph,ƒXƒ|[ƒc•ñ’m,‘å’JãÄ•½A‰Eè¬w“Ë‚«w‚Åu‘½­î‚ê‚Í‚ ‚è‚Ü‚·v@ŒÃ‘ƒƒGƒ“ƒ[ƒ‹ƒXí‚Í‚QOU‚È‚Ç‚R‘Å”–³ˆÀ‘Å,https://news.yahoo.co.jp/articles/6be3364d2193fb9013b9a5781a4984b908be5d8e,3/6(…) 12:39
sph,ƒXƒ|[ƒc•ñ’m,yã_zƒI[ƒvƒ“í‚Uí‚U”sƒXƒ^[ƒg‚Æ‚È‚ê‚Î‹à–{­Œ ‚Ì‚Q‚O‚P‚W”NˆÈ—ˆA‚U”N‚Ô‚ècŠy“VíƒXƒ^ƒƒ“”­•\,https://news.yahoo.co.jp/articles/a0478748fe44f6a725858f2a710b75376cb2808a,3/6(…) 12:36
sph,ƒXƒ|[ƒc•ñ’m,‘å’JãÄ•½Aƒgƒ‰ƒEƒg‚çŒÃ‘ƒƒGƒ“ƒ[ƒ‹ƒXƒiƒCƒ“‚Æ‚ÌÄ‰ïŠì‚Ô@Œ_–ñ•Œ‹¥‚Ìj•ŸŸXu‚¨‚ß‚Å‚Æ‚¤v,https://news.yahoo.co.jp/articles/c03df6f629e0cf31d8f5b1140359719786dc6583,3/6(…) 12:36
sph,ƒXƒ|[ƒc•ñ’m,ƒmƒ“ƒXƒ^ˆäãAK‚¹‚¢‚Á‚Ï‚¢’a¶“úƒVƒ‡ƒbƒg‚Éuˆ¤‚ª‚Ü‚Ô‚µ‚¢vu‚©‚í‚¢‚¢vc”N‰º”ülÈ‚Æ‚ÌŒ‹¥‚ª˜b‘è,https://news.yahoo.co.jp/articles/30eee033c804470d96f308fbcf5f019fc95bf839,3/6(…) 12:35
sph,ƒXƒ|[ƒc•ñ’m,‘å’JãÄ•½A‰‚ß‚Ä‚ÌŒÃ‘ƒ‚Æ‚Ìˆêí‚ğI‚¦uˆá˜aŠ´‚È‚©‚Á‚½‚Æv‚¢‚Ü‚·vƒGƒ“ƒ[ƒ‹ƒXí‡‘O‚É‚Íƒgƒ‰ƒEƒg‚ç‚ÆŒğ—¬,https://news.yahoo.co.jp/articles/657d312fb2563bedf5ddd915f04943ab1faedbf7,3/6(…) 12:27
sph,ƒXƒ|[ƒc•ñ’m,‹e’r—Y¯‚Ì”ülÈE—Ú”ü‚³‚ñuƒuƒ‹[ƒWƒFƒCƒY‚Ì—q‰ïv”ü—ƒYƒ‰ƒŠIu“éõ‚ñ‚Å‚évu‚Ù‚ñ‚Ü‚©‚í‚¢‚¢v‚Ìº,https://news.yahoo.co.jp/articles/584de1a716d3e50f401943a38a900ebb6bfc4795,3/6(…) 12:25
sph,ƒXƒ|[ƒc•ñ’m,‚RŒ‚ÅI—¹uŒß‘O‚O‚ÌXvÅŒã‚ÌƒQƒXƒg‚ª’´‘å•¨@ƒlƒbƒg‘›‘Ru‚¦HvuˆÓŠOIvuƒ„ƒo‚·‚¬vuo‚é‚ÌHv,https://news.yahoo.co.jp/articles/36d2a83973279204ed655672abd6aa0691f2f909,3/6(…) 12:20
sph,ƒXƒ|[ƒc•ñ’m,‘å’JãÄ•½A‚V“ú‚ÌƒzƒƒCƒgƒ\ƒbƒNƒXí‚ÅR–{—RL‚Æg‰‹¤‰‰h‚Ö@ŠÄ“Â‚ª‡‘OŒ‡ê–¾Œ¾‚à•ûj“]Š·,https://news.yahoo.co.jp/articles/b18a37dce98eb61aa2fc0567500828d8ff3d9852,3/6(…) 12:15
sph,ƒXƒ|[ƒc•ñ’m,‰¡“c^—IAu‚q‚…‚„@‚u‚…‚Œ‚–‚…‚”vƒCƒFƒŠ‚Ì’a¶“ú‚ğj•ŸI–§’…ƒVƒ‡ƒbƒg‚ÉuŠÖŒW«‚ª‘f“Gv‚Æƒtƒ@ƒ“,https://news.yahoo.co.jp/articles/b4c26fcf4700ea7ce73a3ed3d6e149fd9b779d07,3/6(…) 12:15
sph,ƒXƒ|[ƒc•ñ’m,yƒ\ƒtƒgƒoƒ“ƒNz–ö“c—IŠòu‹‘å‚u‚h‚u‚`ƒKƒ`ƒƒv‰ñ‚µ‚Äu©•ª‚ªo‚½‚ñ‚Å‚·‚¯‚Çv“äƒŠƒAƒNƒVƒ‡ƒ“,https://news.yahoo.co.jp/articles/f55d17a87c54a78986c183fa0e424391429fed2a,3/6(…) 12:14
sph,ƒXƒ|[ƒc•ñ’m,ˆç‹x’†•ŠCŠOˆÚZ‚Ì“úƒeƒŒŒã“¡°ØƒAƒiAƒTƒbƒJ[Œ³“ú–{‘ã•\•v•’·—‚Æ‚Ì‰Æ‘°ƒVƒ‡ƒbƒgIèì‚è‚¿‚ç‚µ‚¸‚µ‚à”â˜I,https://news.yahoo.co.jp/articles/b14bd9cc7c90e4bc0fc17ab1f1faf3384e8bc214,3/6(…) 12:05
sph,ƒXƒ|[ƒc•ñ’m,‚Ü‚é‚ÅƒIƒyƒ‰ƒnƒEƒXAƒAƒXƒŒƒ`ƒbƒNƒX‚ÌV‹…êƒCƒ[ƒW‰æ‚ªŒöŠJ,https://news.yahoo.co.jp/articles/3b174abdcfbfa0cc97f50c3fc6287fdcd0693e86,3/6(…) 12:02
sph,ƒXƒ|[ƒc•ñ’m,‚m‚d‚v‚rE‘“c‹M‹vA––±Š“üŠ‚©‚ç‚Q‚T”Nu‚à‚¿‚ë‚ño‚Äs‚­‚Æ‚¢‚¤‘I‘ğˆ‚ª‚È‚©‚Á‚½‚í‚¯‚¶‚á‚È‚¢v,https://news.yahoo.co.jp/articles/e006252f221d76d6071465bb9f01729c7f4867e5,3/6(…) 12:00
sph,ƒXƒ|[ƒc•ñ’m,‘åâ‚È‚¨‚İA’´ƒJƒWƒ…ƒAƒ‹‚ÈƒR[ƒf‚àƒJƒbƒR—Ç‚·‚¬‚éIu‚·‚²‚­D‚İvu”ül‚³‚ñvÅVp‚ª˜b‘è,https://news.yahoo.co.jp/articles/3f18c7fc5a79e721ae53190ff844c6f1a34ff1a7,3/6(…) 11:55
sph,ƒXƒ|[ƒc•ñ’m,‘å’JãÄ•½A‘æ‚R‘ÅÈ‚ÍŠ½ºã‚ª‚é‚à’†”ò@oê‚S‡–Ú‚Å‰‚Ì–³ˆÀ‘Å@‚Ü‚¾‘Å—¦‚TŠ„,https://news.yahoo.co.jp/articles/aac9544bc80f474a4d6b94729d97ee2c7b9b915b,3/6(…) 11:47
sph,ƒXƒ|[ƒc•ñ’m,‚Â‚ñ‚­‰A”ülÈ‚ªì‚Á‚½è—¿—‚ªƒXƒS‚¢IƒoƒCƒLƒ“ƒO•À‚İ‚Ì•i”ƒYƒ‰ƒŠcŸ—‚P‚RÎ‚ğj‚¤uˆ¤‚µ‚Ä‚é‚º‚¢Iv,https://news.yahoo.co.jp/articles/87582ec56ff5d397409a2aa54aab1699a10349e0,3/6(…) 11:47
sph,ƒXƒ|[ƒc•ñ’m,ƒIƒŠƒbƒNƒXE“ŒW•½\’†“úE–ö—T–çcƒXƒ^ƒƒ“”­•\,https://news.yahoo.co.jp/articles/51c1e29a8b11b6f3fac8487b84d0b560d47c41a2,3/6(…) 11:38
sph,ƒXƒ|[ƒc•ñ’m,u‘¸~AƒIƒtŠ´–ÚƒVƒ‡ƒbƒg‚Éu‘¸‚¢vu‚©‚í‚¢‚·‚¬v‚Æƒtƒ@ƒ“‚j‚nIu–³–‚Q‚XÎ‚É‚È‚è‚Ü‚µ‚½v‚Æ•ñ,https://news.yahoo.co.jp/articles/85447371a7e8e034b53596d317790dc885496c60,3/6(…) 11:35
sph,ƒXƒ|[ƒc•ñ’m,Å”N­‚Åƒvƒ“]Œü‚ğT‚¦‚éì—F‚ªƒ‰ƒWƒIû˜^u‹ê˜J‚Ì“úX‚ª‘±‚­‚Æv‚¢‚Ü‚·‚ªAŠæ’£‚Á‚Ä‚¢‚«‚Ü‚·v,https://news.yahoo.co.jp/articles/4292b7c64a476c0fd793d4cfc9a874ac0cd04d2b,3/6(…) 11:28
sph,ƒXƒ|[ƒc•ñ’m,–“‡^”V‰îA‚Pl‚U–ğ‚É’§í@‚V‚OÎ‚Ì–ğ‚Å‚Í“ÁêƒƒCƒNuŠÔ‚ğ”ò‚Î‚µ‚½‚æ‚¤‚È•sv‹c‚ÈŠ´Šov,https://news.yahoo.co.jp/articles/a584ccb6b535af66ee2a15c7a15ff6c07f2eda26,3/6(…) 11:25
sph,ƒXƒ|[ƒc•ñ’m,“n•Ó’¼”üAl‹C‚¨Î‚¢ƒRƒ“ƒr‚Æ‚ÌH–‰ï‚ªŠy‚µ‚»‚¤Ig‹»•±h‚ÅuŠ¾‚¾‚­‘O”¯‚Ï‚Á‚­‚èvuÅ‚‚Ì–é‚Å‚µ‚½v,https://news.yahoo.co.jp/articles/c7f8805bc445d1693c344e302e0ce863c14a928b,3/6(…) 11:25
sph,ƒXƒ|[ƒc•ñ’m,ŒIŒ´Œb‚³‚ñAˆ¤”LE‰‚Éuƒ`ƒ‡[ƒNƒXƒŠ[ƒp[Œˆ‚Ü‚Á‚Ä‚½vc’÷‚ß‹ZƒVƒ‡ƒbƒg‚Éu•\î‚ª‚½‚Ü‚ç‚ñv,https://news.yahoo.co.jp/articles/a17ebf3a604438c203558d90be051779f1ba0c4c,3/6(…) 11:15
sph,ƒXƒ|[ƒc•ñ’m,ŠÔŠ°•½@‘ã•\“I‚ÈƒMƒƒƒOu‚©‚¢`‚Ìv’a¶‚ğU‚è•Ô‚èu‚ß‚Á‚¿‚á‚©‚ä‚­‚È‚Á‚Äcv,https://news.yahoo.co.jp/articles/4c89edd49d2244efb2b2a4c41d9913dd25846d11,3/6(…) 11:09
sph,ƒXƒ|[ƒc•ñ’m,‚TŒ‚U“ú“Œ‹ƒh[ƒ€‚Å“ú–{‰‚Ìƒ{ƒNƒVƒ“ƒO‚S‘å¢ŠEí@ˆäã®–í\ƒ‹ƒCƒXEƒlƒŠAˆäã‘ñ^\Î“c Aƒ†[ƒŠˆ¢‹vˆä­Œå\ŒKŒ´‘ñA‚iEƒ‚ƒƒj[\•‹—R÷,https://news.yahoo.co.jp/articles/bea40de63c86b1f3f0f209e72e39b277122ca763,3/6(…) 11:02
sph,ƒXƒ|[ƒc•ñ’m,ˆäã®–íhˆ«“¶hƒlƒŠ‚Æ‚TŒ‚U“ú“Œ‹ƒh[ƒ€‚Å‚Ì‘Îí‚ª³®”­•\,https://news.yahoo.co.jp/articles/2320e95a1daa4eed3bb93746b0cad32f9a2486ab,3/6(…) 11:02
sph,ƒXƒ|[ƒc•ñ’m,ƒhƒWƒƒ[ƒXE‘å’JãÄ•½AŒÃ‘ƒƒGƒ“ƒ[ƒ‹ƒXí‚Å‚Q‘ÅÈ˜A‘±OUc‡‘O‚É‚Íƒgƒ‰ƒEƒg‚ç‚ÆÄ‰ï,https://news.yahoo.co.jp/articles/d4b955863dc8e91df7f6cf74cbef61df60a383c9,3/6(…) 10:55
sph,ƒXƒ|[ƒc•ñ’m,­—H‚r‚o‚d‚d‚c“‡‘ÜŠ°qA‚R‚XÎ‚Ìp‚ªÕŒ‚“Iuá‚¢‚Èvu‰Âˆ¤‚¢‚ª‰ß‚¬‚év“§–¾Š´ƒGƒOƒbu¡‚àÌ‚àãY—ív,https://news.yahoo.co.jp/articles/db28bd2cd01b71c087fee7418f0bf3e3e300f427,3/6(…) 10:55
sph,ƒXƒ|[ƒc•ñ’m,‘O“úuƒ‚[ƒjƒ“ƒOƒVƒ‡[vŒ‡È‚Ì‹eŠÔç”T•ÙŒìmA‚T‚QÎ‚ÌÅVƒVƒ‡ƒbƒguƒOƒ[ƒoƒ‹vu–{“–‚É‚«‚ê‚¢‚¾‚È‚Ÿv,https://news.yahoo.co.jp/articles/05845de241d324929096b377e7adcf55359ac6ba,3/6(…) 10:41
sph,ƒXƒ|[ƒc•ñ’m,‘å’JãÄ•½‚ªƒGƒ“ƒ[ƒ‹ƒXí‚P‘ÅÈ–Ú‹óU‚èOU@˜A‘±‘ÅÈo—Û‚Í‚V‚ÅƒXƒgƒbƒv,https://news.yahoo.co.jp/articles/b0ef75d24792d229bd1f417899cc9b13476ec2db,3/6(…) 10:20
sph,ƒXƒ|[ƒc•ñ’m,Œ³‹lE‘º“c“§‚ªƒ`ƒFƒR‹…’c‚ÆŒ_–ñuƒƒNƒƒN‚ª~‚Ü‚è‚Ü‚¹‚ñvğ”N‚ÍƒhƒCƒcA‚R‚WÎ‰E˜r‚ªˆÙ—á‚Ì’§í,https://news.yahoo.co.jp/articles/72e7b7ad8cf2168d5fa6c9fd80986eb9b9197473,3/6(…) 10:08
sph,ƒXƒ|[ƒc•ñ’m,‹S‘©‚¿‚Ğ‚ë@ƒ`ƒ…[ƒŠƒbƒv–¼‹ÈuÂt‚Ì‰ev‚Ì–¢”­•\‰¹Œ¹A‚U“ú”zMƒŠƒŠ[ƒX,https://news.yahoo.co.jp/articles/0d6dcebe2a03c3cc1d39132bc5f637a61ec6688d,3/6(…) 10:00
sph,ƒXƒ|[ƒc•ñ’m,‘å’JãÄ•½‚ª‰‚ÌŒÃ‘ƒEƒGƒ“ƒ[ƒ‹ƒXí‚Åƒgƒ‰ƒEƒg‚çƒiƒCƒ“‚Æ‹vX‚ÌÄ‰ïŠì‚Ô@‡‘O‚©‚ç‚ ‚¢‚³‚Âs‹r,https://news.yahoo.co.jp/articles/134f67ef99d79920cb5fc38bb5e474a4cf58eda1,3/6(…) 9:51
sph,ƒXƒ|[ƒc•ñ’m,VˆäŒb—“ßƒAƒiuƒOƒbƒhIƒ‚[ƒjƒ“ƒOv•œ‹A‚µ‚È‚¢ˆÓŒü@Y‹x–¾‚¯Œˆ’fu‚W”N‚Rƒ–ŒA‚ ‚è‚ª‚Æ‚¤‚²‚´‚¢‚Ü‚µ‚½v,https://news.yahoo.co.jp/articles/ae77d7c4411aa8726fec26dd3ab91061adc5b918,3/6(…) 9:47
sph,ƒXƒ|[ƒc•ñ’m,‹àqŒb”üAuŒÚ‹q‘Î‰–‘«“x‚m‚n‚Pv•¶Œ¾‚Ö‚ÌÁ”ïÒ’¡’ˆÓ‚ÉuŒ¾‚Á‚½‚à‚ñŸ‚¿‚É‚È‚Á‚¿‚á‚¢‚¯‚È‚¢‚©‚çv,https://news.yahoo.co.jp/articles/a3fa0c76da3268ec04d4db45e0c7aeaf8f56da11,3/6(…) 9:44
sph,ƒXƒ|[ƒc•ñ’m,‰H¶Œ‹Œ·‚³‚ñ’P“ÆƒcƒA[u‚q‚dQ‚o‚q‚`‚xv@’nŒ³‹{é‚Å‚Ì’Ç‰ÁŒö‰‰Œˆ’è,https://news.yahoo.co.jp/articles/1bdf5b9bbdeb650d4ac9d11aece22460f5a430e8,3/6(…) 9:40
sph,ƒXƒ|[ƒc•ñ’m,y‹£—Öz¼R‹L”Ou‹à‹T”t‘ˆ”eív‚V“úŠJ–‹IŒÃ«‚ç‚r”Ç‚TlQíI,https://news.yahoo.co.jp/articles/62d43d7ad76c38587ebca8dda6793274409ec06c,3/6(…) 9:31
sph,ƒXƒ|[ƒc•ñ’m,‘å”——E–ç‚Ìƒ‚ƒfƒ‹”ülÈAuŒ‹¥‚P‚Oü”Nv‚Ìƒ‰ƒuƒ‰ƒu‚QƒVƒ‡ƒbƒgIg”ü’j”ü—hƒJƒbƒvƒ‹‚Ì˜a‘•p,https://news.yahoo.co.jp/articles/2aa811e4fe140663db29c2b2c48732d41c0e1ed0,3/6(…) 8:55
sph,ƒXƒ|[ƒc•ñ’m,uƒoƒ‰ƒ_ƒ“vƒRƒƒ“ƒe[ƒ^[A‰ß”M‚·‚é‘å’JãÄ•½•ñ“¹‚Éu•ñ“¹”Ô‘g‚ªƒgƒbƒvƒjƒ…[ƒX‚Å‚â‚é‚±‚Æ‚¶‚á‚È‚¢‚Å‚·‚æv,https://news.yahoo.co.jp/articles/2dfe1c90aa894a558fa9cc7df22dffe443b06149,3/6(…) 8:51
sph,ƒXƒ|[ƒc•ñ’m,ë–ì•‘q‚³‚ñAu‰ï‚¢‚½‚©‚Á‚½•û‚É‚¨‰ï‚¢‚Å‚«‚Ü‚µ‚½vl‹C‚¨Î‚¢ƒ^ƒŒƒ“ƒg‚Æ‚Ì‚QƒVƒ‡‚Éu—‚Ä‚évu”w‚‚¢Hv,https://news.yahoo.co.jp/articles/a73acf46c004f4fccc31981274e27289f603d7a3,3/6(…) 8:28
sph,ƒXƒ|[ƒc•ñ’m,ƒŒƒCƒYã‘ò’¼”VA‘O‰ñ“o”Â‚©‚ç‚ÌC³’…Àu”[“¾‚Å‚«‚éó‘Ô‚É‚È‚Á‚Ä‚«‚Ä‚¢‚év‹­‘ÅÒƒfƒo[ƒX‚©‚ç‹óU‚èOU,https://news.yahoo.co.jp/articles/fc4311fba9200d689acda34dac4009852f534c93,3/6(…) 8:19
sph,ƒXƒ|[ƒc•ñ’m,u‚‚ê–Ú‚àÅ‚v’|“à—Á^AƒWƒƒƒPƒbƒg‚©‚çƒ`ƒ‰Œ©‚¹½œ‚É‹¹ƒLƒ…ƒ“Iu–ˆ•b–ˆ•ª–ˆŠÔ‚©‚Á‚±‚¢‚¢v,https://news.yahoo.co.jp/articles/16132b110b3a8d3c8a356516da541e09125bc00d,3/6(…) 7:58
sph,ƒXƒ|[ƒc•ñ’m,ƒhƒWƒƒ[ƒX‘å’JãÄ•½Aoê—\’è‚¾‚Á‚½ƒzƒƒCƒgƒ\ƒbƒNƒXí‚ğŒ‡ê‚Öc“o”Â‚·‚éR–{—RL‚Æ‚Ì‰‹¤‰‰‚¨—a‚¯,https://news.yahoo.co.jp/articles/11406db7d2f2d811783538c0f34d57054447be98,3/6(…) 7:52
sph,ƒXƒ|[ƒc•ñ’m,ŒF“c—jqAuƒƒ“ƒn[v‚Å“c‘º~‚É–\Œ¾“f‚©‚ê‚éu‚Rü‰ñ‚Á‚Äƒsƒ…ƒA‚È‚ñ‚Äƒ„ƒcA‚¢‚Ë‚¦‚Á‚Äv,https://news.yahoo.co.jp/articles/e51dd3d996a17b6e9518256405436a13e7e4c937,3/6(…) 7:48
sph,ƒXƒ|[ƒc•ñ’m,ƒhƒWƒƒ[ƒX‚Æ‘Îí‚·‚éƒGƒ“ƒ[ƒ‹ƒX‚ÍƒI[ƒvƒ“íD’²Aå–Cƒgƒ‰ƒEƒg‚Í•sUc‘å’J‚Ì‘O‚Å‘¶İŠ´”­Šö‚Å‚«‚é‚©,https://news.yahoo.co.jp/articles/1089ef267fa793b41b66bbb970520747ae8b386c,3/6(…) 7:34
sph,ƒXƒ|[ƒc•ñ’m,ƒŒƒbƒhƒ\ƒbƒNƒX‹g“c³®uƒ|ƒCƒ“ƒg‚ğ‘O‚ÉB­‚µæ‚Á‚Û‚Åv‘Î‰‚µ‚Ä‰E‰z‚¦“ñ—Û‘Å,https://news.yahoo.co.jp/articles/5c53c88c6da1e6ea3f510aa1f69db50a0e86406f,3/6(…) 7:11
sph,ƒXƒ|[ƒc•ñ’m,ŸNâ‚S‚UE“¡‹g‰Ä—éA‰f‰æ‰å‰‰@•¶ŠwƒIƒ^ƒN‚Z‚P”N¶@V•·•”‚Åu^‚Á‚·‚®‚É“Ë‚«i‚ŞvV•Ä‹LÒ–ğ,https://news.yahoo.co.jp/articles/9fb4ab85592c61b5e0ea8748a62f5ad90d72066c,3/6(…) 7:00
sph,ƒXƒ|[ƒc•ñ’m,g‚R‚PÎ·¥h‚ª˜b‘è‚ÌŒ³‚`‚j‚a‚S‚Wƒƒ“ƒo[AƒXƒ‰ƒŠ‚ÆL‚Ñ‚½‘«‚ª‚Ü‚Ô‚µ‚¢ÅVpu‚Ç‚ñ‚Ç‚ñ‚©‚í‚¢‚­‚È‚Á‚Ä‚È‚¢Hv,https://news.yahoo.co.jp/articles/cb38f37c5a5f480768126be163cf6943d4ccbfb5,3/6(…) 6:56
sph,ƒXƒ|[ƒc•ñ’m,‹g“c³®AƒI[ƒvƒ“í‰’·‘Å‚Ì‰E‰z‚¦“ñ—Û‘ÅuFX‚µ‚È‚ª‚ç‚â‚Á‚Ä‚¢‚Ü‚·vcã‘ò‚Æ‚Íu‹v‚µ‚Ô‚è‚ÉƒAƒƒŠƒJ‚Å‘Îí‚Å‚«‚½v,https://news.yahoo.co.jp/articles/2857b2a74c786299af431b5a83a7da8c6e36fd41,3/6(…) 6:49
sph,ƒXƒ|[ƒc•ñ’m,“¡“cƒjƒRƒ‹AƒK[ƒŠ[‚Èƒ~ƒjƒXƒJƒR[ƒf‚ª‚·‚Ä‚«Iu‚É‚±‚é‚ñ‰Âˆ¤‚·‚¬‚évuƒoƒO‚¨‚«‚Ä‚év,https://news.yahoo.co.jp/articles/43d6f52ca2701cab5113cf370ec2b31c97c70d8e,3/6(…) 6:42
sph,ƒXƒ|[ƒc•ñ’m,ã‘ò’¼”Vu“ú–{‚Å“Š‚°‚Ä‚È‚©‚Á‚½v“àŠpƒc[ƒV[ƒ€‚Å‹g“c³®‚ğ“ñƒSƒc‚Q‰ñ‚P¸“_‚Rl‹…‚àuûŠn‚ ‚Á‚½v,https://news.yahoo.co.jp/articles/c11083fc86d07858ec49cb7afbc1648d19bd7983,3/6(…) 6:39
sph,ƒXƒ|[ƒc•ñ’m,²–ì—E“lA¡HƒXƒ^[ƒgu‚¨‚Ş‚·‚Ñv‚Å’©ƒhƒ‰‰o‰‰u¡“ú‚àŠy‚µ‚­Šæ’£‚ë‚¤‚Æv‚Á‚Ä‚à‚ç‚¦‚éì•i‚Év,https://news.yahoo.co.jp/articles/d335c31acde65a468346cf1cbe35e42069248fb5,3/6(…) 6:30
sph,ƒXƒ|[ƒc•ñ’m,ƒ[ƒ‰AƒMƒŠƒMƒŠ‚Ü‚ÅŒ©‚¹‚½ƒoƒXƒ[ƒup‚ÉƒhƒbƒLƒŠ@‚Ü‚é‚Åu‰f‰æ‚Ìƒƒ“ƒV[ƒ“‚Ì‚æ‚¤v,https://news.yahoo.co.jp/articles/e5a5e8924e77517425732bb119c0bd2b5e856575,3/6(…) 6:25
sph,ƒXƒ|[ƒc•ñ’m,“Œ‹‚uE–Ø‘º—E‘åA‚Qí˜A”­‚Å‚T‚U‚Q‚P“ú‚Ô‚è‚i‚PŸ—˜“±‚­uŸ‚±‚»‚Íƒ`[ƒ€‚ğŸ‚½‚¹‚éƒS[ƒ‹‚ğv,https://news.yahoo.co.jp/articles/59da32bf5487d8f209060950e275f9d5e82c97bf,3/6(…) 6:20
sph,ƒXƒ|[ƒc•ñ’m,‘å’JãÄ•½A‰Eè¬w‚Éƒe[ƒsƒ“ƒO‚µ‚ÄƒNƒ‰ƒuƒnƒEƒX“ü‚ècŒÃ‘ƒƒGƒ“ƒ[ƒ‹ƒXíu‚Q”Ô‚c‚gvƒXƒ^ƒƒ“—\’è,https://news.yahoo.co.jp/articles/8da89d05465f7ce61312cafd698391888c2b107a,3/6(…) 6:18
sph,ƒXƒ|[ƒc•ñ’m,L£‚ß‚®‚İQ‰@‹cˆõgÔƒxƒ“ƒc•s—Ïh—Ü‚ÅÓßuŠÖŒW‚Í–Àvuˆê¶‚©‚¯•v‚Æ‰Æ‘°‚É‚Á‚Ä‚Ü‚¢‚è‚Ü‚·v‹cˆõ«E‚Í”Û’è,https://news.yahoo.co.jp/articles/b446c093c7ac17458b90b58133d7cd750cadb7a8,3/6(…) 6:15
sph,ƒXƒ|[ƒc•ñ’m,y‹lz‘å¨‰E‚Ó‚­‚ç‚Í‚¬’É‚©‚ç•œ‹A‚ÖTduÅŒã‚ÉÅ‚Á‚Ä–³‘Ê‚É‚µ‚È‚¢‚æ‚¤‚É€”õ‚µ‚Ä‚¢‚«‚½‚¢v,https://news.yahoo.co.jp/articles/038d5962694344f737b4da95586a088f669d541b,3/6(…) 6:00
sph,ƒXƒ|[ƒc•ñ’m,“ñŠK“°‚Ó‚İƒhƒ‰ƒ}‚Ågd‘å”­•\h‚ğ—\¨\‚¦‚½ƒlƒbƒguŒ©“¦‚µ‚½Hvu‚Å‚¨’m‚ç‚¹‚ÍHv‚Æˆê¬—,https://news.yahoo.co.jp/articles/713c500d810bd113e1b7d8d7f18c5e78dfe040bd,3/6(…) 6:00
sph,ƒXƒ|[ƒc•ñ’m,–¶“‡A˜A‡ŒmŒÃ‚Å‹Õƒmáˆ³“|u‚Ù‚©‚Ì‚R‘åŠÖ‚É•‰‚¯‚½‚­‚È‚¢vu‚Ç‚Á‚¿‚ª‰¡j‚Éæ‚Éã‚ª‚é‚©vo¢ƒŒ[ƒXˆê•à”²‚¯o‚·,https://news.yahoo.co.jp/articles/3e656f6ecfbd11f0a02bd0aa162ee0ab1f63e869,3/6(…) 6:00
sph,ƒXƒ|[ƒc•ñ’m,¼•E¡ˆä’B–ç‚ª‚W”N–Ú‚Å‰‚Ì‘å–ğEŠJ–‹“Šèc‘Šè‚ÌŠy“V‚É‚Í‚Q‚P”N‚©‚ç‚X˜AŸ’†‚ÌgƒLƒ‰[h,https://news.yahoo.co.jp/articles/60d449ea3d8fc2ef2197196c1c5411990653e8e6,3/6(…) 6:00
sph,ƒXƒ|[ƒc•ñ’m,u‚Ú‚­‚ÌlŠiƒVƒFƒAƒnƒEƒXvå‰‰E‰––ì‰l‹v‚ª›“c«ô‚Ì’í‚Æ‚Ì‰‘Î–Ê‚ÅÕŒ‚ó‚¯‚éu‚»‚Ì¿–â‚©‚ç“ü‚é‚ñ‚¾Hv,https://news.yahoo.co.jp/articles/634a24954a66a8742b496fee2160a4b3c6247434,3/6(…) 6:00
sph,ƒXƒ|[ƒc•ñ’m,‘å’n^‰›@’P“ÆƒCƒ“ƒ^ƒrƒ…[uSª‚É‚Á‚Ä‚¢‚é‚à‚Ì‚ª´‚ç‚©‚Èl‚ªA”ü‚µ‚¢v@‰H¶Œ‹Œ·‚³‚ñ‚Æ–²ƒRƒ‰ƒ{,https://news.yahoo.co.jp/articles/5402ba8eb08db56ff4f6c3fbd3fe3a2d15453c12,3/6(…) 6:00
sph,ƒXƒ|[ƒc•ñ’m,Â“c–ƒ—¢qAˆ¤–º‚Æ‚QƒVƒ‡ƒbƒgIˆê‘«‘‚¢‚R‚WÎ‚Ì’a¶“új‚¢u”„‚µŠˆvco‰‰’†ƒhƒ‰ƒ}‚Å•s—ÏÈ–ğ‚Ì”M‰‰‚ª˜b‘è,https://news.yahoo.co.jp/articles/1dc5975bbbde264da14dfd26df48f99c3f14f0a3,3/6(…) 5:58
sph,ƒXƒ|[ƒc•ñ’m,‹àqŒb”üA‰ßè•ñ“¹‚Å‚Ìu‘å’Jƒnƒ‰ƒXƒƒ“ƒgvà•‚ã‚Éu‚È‚ñ‚ÅAƒnƒ‰ƒXƒƒ“ƒg‚È‚ñ‚Ä•\Œ»‚ªo‚é‚Ì‚©‚ÈHv,https://news.yahoo.co.jp/articles/4b681f461ae025d7651e210e6890a6bb3b6413a3,3/6(…) 5:54
sph,ƒXƒ|[ƒc•ñ’m,ã‘ò’¼”VA“n•ÄŒã‰æ”­‚Å‚Q‰ñ‚P¸“_‚Æ§‹…‰Û‘èc‹g“c³®‚Íã‘ò‚©‚ç“ñƒSƒ‚àƒI[ƒvƒ“í‰’·‘Å‚Ì“ñ—Û‘Å,https://news.yahoo.co.jp/articles/82da87ff9c6648dfc00d9781187b95240a7edb84,3/6(…) 5:50
sph,ƒXƒ|[ƒc•ñ’m,‹lEó–ìãÄŒáuv‚Á‚½’Ê‚èv‚Ì’†‹]”òA©ŒÈ‹]µ‚ÅuŠmÀ‚É‚P“_‚ğæ‚évˆ¢•”ƒCƒYƒ€‚ªZ“§,https://news.yahoo.co.jp/articles/3ba21594418670deef91df827a3397e494dda021,3/6(…) 5:50
sph,ƒXƒ|[ƒc•ñ’m,•Œãˆ¤A‚R‹G‚Ô‚è—qƒoƒŒ[“ú–{‘ã•\•œ‹Au‘S‚Ä‚ğo‚µØ‚ê‚é‚æ‚¤Šæ’£‚è‚Ü‚·v“Œ‹ŒÜ—ÖŒã‘Ì’²‚ğ•ö‚µ‹x—{‚à,https://news.yahoo.co.jp/articles/afb1fae0038f11f92d3f1d16923774ac79ae14c6,3/6(…) 5:45
sph,ƒXƒ|[ƒc•ñ’m,‹lEŠÛ‰À_‚ª¡‹G‰Àíu–â‘è‚È‚­•’Ê‚É‚Å‚«‚½vu‚à‚¤•sˆÀ‚È‚¢v©‚ç‚ÌŠó–]‚Å‚S‘ÅÈ,https://news.yahoo.co.jp/articles/980bffaa330f3fa0901b63f9c75045c869415be0,3/6(…) 5:40
sph,ƒXƒ|[ƒc•ñ’m,u‚½‚Ü‚ç‚ñIv—é–Øˆ¤—A–Ú‚Ì‚â‚èê‚É¢‚é‚­‚ç‚¢‚Ì’´ƒ~ƒjä•ƒLƒƒƒ~p‚Å–£˜f‚Ìƒ{ƒfƒB[”â˜Iu‘S•ûˆÊ‚©‚í‚¢‚¢v,https://news.yahoo.co.jp/articles/99c89a6e4c904f70b7ef3169e88693c639beb6ca,3/6(…) 5:40
sph,ƒXƒ|[ƒc•ñ’m,ƒhƒWƒƒ[ƒX‘å’JãÄ•½‚ªŒÃ‘ƒEƒGƒ“ƒ[ƒ‹ƒXíu‚Q”ÔE‚c‚gv‚ÅƒXƒ^ƒƒ“Aƒgƒ‰ƒEƒg‚àoêuƒgƒ‰ƒEƒ^ƒjv‘ÎŒˆÀŒ»,https://news.yahoo.co.jp/articles/c7851725d696f4d5137eb0e65ff5cf1e16d5cfb5,3/6(…) 5:31
sph,ƒXƒ|[ƒc•ñ’m,‹lEHL—Dlu‰äˆ¤‘ä˜pvu‰äˆ¤‘ä˜pv‚ÅŒ»’nƒtƒ@ƒ“‹}‘I@g‰‡ŒRh’Ç‚¢•—‚É’èˆÊ’u’Dæ‚Ö,https://news.yahoo.co.jp/articles/d9a0361ef23c62b50dfb4baa28460bf52ea451ef,3/6(…) 5:30
sph,ƒXƒ|[ƒc•ñ’m,õ’J«‘¾AƒtƒW‚SŒŠúƒhƒ‰ƒ}uƒCƒbƒvƒXv‚ÅÂŒ´—Áq‚Æ‰‹¤‰‰co’í–ğ‚ÉuŠÔ‹ß‚ÅŒ©‚ç‚ê‚é‚Ì‚ª‚¤‚ê‚µ‚¢‚Å‚·v,https://news.yahoo.co.jp/articles/fda04d9fedd2db5da9a0bdf4377ae8ad89a55e71,3/6(…) 5:30
sph,ƒXƒ|[ƒc•ñ’m,y‚c‚…‚m‚`zƒhƒ‰‚PE“x‰ï—²‹PA‰•¨s‚­‚µ‚Ìƒnƒ}ƒXƒ^ƒfƒrƒ…[‚ÅŠJ–‹‚P”Ô‚àŒ»À–¡,https://news.yahoo.co.jp/articles/55a048d56a992e97007a415ca4b7019cdffc3016,3/6(…) 5:25
sph,ƒXƒ|[ƒc•ñ’m,˜ƒWƒƒƒpƒ“Eˆä’[ŠÄ“Â‚àâ^‚µ‚½‹lERèˆÉD‚Ìg‘‡—Íhu‚³‚ç‚É‚æ‚­‚µ‚Ä‚¢‚¯‚é‚æ‚¤‚Év,https://news.yahoo.co.jp/articles/9f55f9c1a564326414e5ba5fe966e7f3ee26b005,3/6(…) 5:20
sph,ƒXƒ|[ƒc•ñ’m,y˜ƒWƒƒƒpƒ“zğ”N‚v‚a‚b‚Å‘ÅŒ‚•sU‚ÉŠ×‚Á‚½ƒ„ƒNƒ‹ƒgE‘ºã@—²A¡“x‚±‚»cuƒvƒŒƒ~ƒA‚P‚Qv‚Ü‚Å‚S”Ô€ç,https://news.yahoo.co.jp/articles/bfd237995b54228bf165b8ca40dd00c59c94a562,3/6(…) 5:15
sph,ƒXƒ|[ƒc•ñ’m,‹lE‰ª–{˜a^‚ª˜ƒWƒƒƒpƒ“Eˆä’[ŠÄ“Â‚É‚¨Šè‚¢@¢ŠEˆê‚v‚a‚bˆÈ—ˆ‚Ì‘å•‘‘ä‚Éu‘I‚ñ‚Å‚Ù‚µ‚¢‚Å‚·Iv,https://news.yahoo.co.jp/articles/7b691f2753207c8597d53279125d4d35c4234fb9,3/6(…) 5:10
sph,ƒXƒ|[ƒc•ñ’m,y˜ƒWƒƒƒpƒ“zˆä’[w—ß‚ª‘¦ÀŒ»I–¾‘åE@R—Û‚ª¼•EŒ¹“cm’·‚©‚ç‹ÉˆÓ“`öc¿–âU‚ß‚·‚égƒlƒNƒXƒg˜h‚ÉŒ¹“c‚Í,https://news.yahoo.co.jp/articles/ccaa3366629e8096d547c77e195158b6be528ff6,3/6(…) 5:05
sph,ƒXƒ|[ƒc•ñ’m,yƒ\ƒtƒgƒoƒ“ƒNz‚e‚`ˆÚĞ‚Ì‘å–C‚ªƒI[ƒvƒ“í‚P†‚Åu‚Ç‚·‚±`‚¢Iv–{‹’‰”â˜I@ƒ`[ƒ€‚Í‘ÎŠO‡‚Å–³‚V˜AŸ,https://news.yahoo.co.jp/articles/1f958111fa48fa3d263a508e7018bfc584e74578,3/6(…) 5:00
sph,ƒXƒ|[ƒc•ñ’m,yã_z‰ª“c²•zŠÄ“ÂAVí—Í”­Œ@‚Ö‚P‚O“ú‚Ì‹lí‚Åƒ‹[ƒL[ƒY“Š“üu‹lí‚Ì•û‚ª‚¦‚¦‚â‚ñB‚È‚ A°‚ê•‘‘ä‚Å‚Èv,https://news.yahoo.co.jp/articles/9d78fb258f83ac818da95bfd1cdccdd62b01646d,3/6(…) 5:00
sph,ƒXƒ|[ƒc•ñ’m,yƒIƒŠƒbƒNƒXzRèéDˆê˜YAŠJ–‹‚Ö–œ‘SŠú‚·‚½‚ßƒtƒ@[ƒ€‚ÅÄ’²®,https://news.yahoo.co.jp/articles/44c0f22d123356cad9fcaba39204f0017fc5974c,3/6(…) 5:00
sph,ƒXƒ|[ƒc•ñ’m,yƒIƒŠƒbƒNƒXz‚Rí‚P‚O‰ñ–³¸“_‚Ì‚Q”N–Ú¶˜r‚ªŠJ–‹ƒ[ƒe‚Ö‘å‘Oi@’†“ˆ‘ŠÄ“Â‚Ì•Œ¾‚Å§‹…“ï•,https://news.yahoo.co.jp/articles/8c704c6ff140de58d8920961de66080ed79dd19f,3/6(…) 5:00
sph,ƒXƒ|[ƒc•ñ’m,‹lEˆ¢•”‘Ì§‰‚Ìx”z‰º“o˜^‚Í¡ƒLƒƒƒ“ƒvu“Šè‚l‚u‚ov•uˆç¬‚Ì‰B‚µ‹Êv“à–ìè@c‚è‚Í‚T˜g,https://news.yahoo.co.jp/articles/8a33937ecd8e844ab149f6c9a79a0524a7023bfe,3/6(…) 5:00
sph,ƒXƒ|[ƒc•ñ’m,‚x‚n‚r‚g‚h‚j‚h‚ª‘å’JãÄ•½‚Ìƒz[ƒ€EƒhƒWƒƒ[ƒXƒ^ƒWƒAƒ€‚Å•Ä‘‘‰Ì‚ğƒsƒAƒm‰‰‘t‚Ö,https://news.yahoo.co.jp/articles/957c2f05854879b0e3310c9f7a2f56ac77cc096c,3/6(…) 5:00
sph,ƒXƒ|[ƒc•ñ’m,‚‹´ˆê¶Aå‰‰u‚U•bŠÔ‚Ì‹OÕv‘±•Ò‚SE‚P‚RƒXƒ^[ƒg@VƒLƒƒƒXƒg‚É‹{–{ä—Ru‘åD‚«‚Èì•iBV‚½‚È•—‚©‚¹‚év,https://news.yahoo.co.jp/articles/9ad210a2245ce2856e134429fb9a4a31f271f622,3/6(…) 5:00
sph,ƒXƒ|[ƒc•ñ’m,yƒ{[ƒgƒŒ[ƒXzƒpƒ“ƒ`’‡“¹‘å•ã‚ªƒCƒ[ƒWˆêV‚Ìo‘«Œ^uƒGƒ“ƒWƒ“‚É‡‚í‚¹‚½’²®v‚Å‚Ü‚¸‚Í—Do‚¾I,https://news.yahoo.co.jp/articles/451dc10218db2b4ecfa6c0a8011a27f79cd5bc11,3/6(…) 5:00
sph,ƒXƒ|[ƒc•ñ’m,O‰Y‚è‚å‚¤‘¾Aï—¢‚Ígt h‚Åu“²‚ê‚ÍƒVƒ‡[ƒPƒ“‚³‚ñvŠw¶‘ã‚Í’ëtƒoƒCƒg‚Å“÷‘Ì˜J“­ŒoŒ±‚à,https://news.yahoo.co.jp/articles/f81c76f2d0ee71661b4062e6572f917529489797,3/6(…) 5:00
sph,ƒXƒ|[ƒc•ñ’m,yã_z‰ª“c²•zŠÄ“ÂAŠJ–‹ƒ[ƒeŒê‚éu“Š‚°‚Ä‚È‚¢‚Ì‚ÉŒˆ‚ß‚ç‚ê‚Ö‚ñvˆê•û‚Å—‘z‚Íu‚Å‚«‚é‰Â”\«‚ ‚évˆê–âˆê“š,https://news.yahoo.co.jp/articles/835f57f4fbd1fdc23b8e316ed4d5a5221fbc93f7,3/6(…) 5:00
sph,ƒXƒ|[ƒc•ñ’m,ã‘ò’¼”VAƒI[ƒvƒ“í–hŒä—¦‚P‚WE‚O‚O@‰æ”­‚Å‚Q‰ñ‚P¸“_‚à‚QˆÀ‘Å‚Rl‹…‚Æ‹êíc‹g“c³®—}‚¦‚é‚à,https://news.yahoo.co.jp/articles/0627650d3d6e578d17a6bcc8c35233b66c663462,3/6(…) 4:49
sph,ƒXƒ|[ƒc•ñ’m,•½‹Ï”N—î‚Q‚XÎIÁÜƒAƒCƒhƒ‹u‰Ø‚l‚d‚m‘gv‚TŒƒfƒrƒ…[@‚Ul‘Sˆõ‚ª”o—DAº—DAƒ_ƒ“ƒT[‚ğŒoŒ±,https://news.yahoo.co.jp/articles/4032984406adb6689633884fd823c46be6804c7a,3/6(…) 4:00
sph,ƒXƒ|[ƒc•ñ’m,‘å’JãÄ•½AŠJ–‹ŠØ‘ƒVƒŠ[ƒY‚Öƒ‰ƒXƒgƒXƒp[ƒgI‚U“ú‚ÍŒÃ‘ƒƒGƒ“ƒ[ƒ‹ƒXí@‘Îí“Šè‚ÍŒ³“¯—»,https://news.yahoo.co.jp/articles/815ee812a994c7d9a660330a7486b869a93c0603,3/6(…) 4:00
sph,ƒXƒ|[ƒc•ñ’m,ƒpƒhƒŒƒXE¼ˆä—T÷‚ªƒuƒ‹ƒyƒ““Š‹…—ûKÄŠJu‹}«˜’É‚İ‚½‚¢‚È‚©‚ñ‚¶vŠØ‘ƒVƒŠ[ƒY‘Ñ“¯‚Í”÷–­‚©,https://news.yahoo.co.jp/articles/6da20a1c9a7defbb6a1c2c8efb85efea70448fd5,3/6(…) 3:55
sph,ƒXƒ|[ƒc•ñ’m,ğ‹G‘å’JãÄ•½‚Æ‚à“¯—»‚¾‚Á‚½‰E˜r‚ª‰E•Iˆá˜aŠ´‚Å—£’E@èpŒˆ’f‚È‚çV“V’nƒfƒrƒ…[‘O‚É¡‹Gâ–]‚à,https://news.yahoo.co.jp/articles/72332b574d1fa8c747a7d5e0e3f2f59b4ca2e3fa,3/6(…) 3:01
sph,ƒXƒ|[ƒc•ñ’m,‹lEçŒì_‘ã–ğ‚É‚Q‚QÎ‚P‚T‚VƒLƒ‰E˜r‚ª•‚ãIˆ¢•”ŠÄ“ÂuŠJ–‹‚ÉŠÔ‚É‡‚¤‚©Œ»ó‚Í•ª‚©‚ç‚È‚¢‚Ì‚Åv‘å¨•sİ‚à‘z’è,https://news.yahoo.co.jp/articles/c33cf46c526bb60bf6feea4177d6c46da3895a83,3/6(…) 3:00
sph,ƒXƒ|[ƒc•ñ’m,yƒ{[ƒgƒŒ[ƒXzƒiƒCƒ^[IÒ‚Ì–k‘ºªk‚ªƒtƒ@ƒCƒiƒ‹“ü‚è‚ğ‘_‚¤cá¼ƒ~ƒbƒhƒiƒCƒgƒ{[ƒgƒŒ[ƒX,https://news.yahoo.co.jp/articles/540c02924460124d72df4fb0a41435451c4985de,3/5(‰Î) 23:37
sph,ƒXƒ|[ƒc•ñ’m,yƒ„ƒNƒ‹ƒgzƒTƒˆƒiƒ‰‚Å‚n‚oí‰•¯@‚’ÃbŒáŠÄ“Â‚Íƒhƒ‰‚Q‰E˜r‚ğ–J‚ß‚éu‚ ‚ê‚¾‚¯‹óU‚èæ‚ê‚é‹…í‚ª‚ ‚év,https://news.yahoo.co.jp/articles/89240bb7d4331f1b5d06649d3bae274e284c6588,3/5(‰Î) 23:13
sph,ƒXƒ|[ƒc•ñ’m,yƒ„ƒNƒ‹ƒgz‰Ã–í^V–ç‚ªŒÃ‘ƒa‚è@ƒ^ƒJ“}‚©‚ç‰·‚©‚¢”èu‚¤‚ê‚µ‚©‚Á‚½v,https://news.yahoo.co.jp/articles/ee82e5782e4eaac725b3e119addef91e1af4943a,3/5(‰Î) 23:10
sph,ƒXƒ|[ƒc•ñ’m,‹ß‘å‚ÌRèŸ–‚ª—§˜Q•”‰®AO“c‘å¶‚ª“ñqR•”‰®“ü‚è@Rè‚Ì•ƒ‚Íˆ¢•ç‚Æ‹Ñ•xm‚Ì‰¶t,https://news.yahoo.co.jp/articles/fd3e8401c235b8a1fecd63c385133d6026bbdcbb,3/5(‰Î) 22:25
sph,ƒXƒ|[ƒc•ñ’m,‹àqŒb”üA‚SŒ‰ğU”Û’è‚ÌŠİ“cñ‘Š‚Íu­Œ Œğ‘ã‚Ü‚Å‚È‚¢‚Æ‚È‚Æv‚Á‚½‚çAs‚­‚©‚à’m‚ê‚È‚¢v,https://news.yahoo.co.jp/articles/a37bf7b0f4a7e2b4c9d3703d9438324ed25c67b1,3/5(‰Î) 22:12
sph,ƒXƒ|[ƒc•ñ’m,‹{Œ´Œ’“lA”MŒŒƒtƒ@ƒCƒg‚Ì‚k‚d‚n‚m‚`‚ğ‘’‚éc‚»‚µ‚ÄŒƒ—ãuƒvƒƒŒƒXŠE‚ÌÅ‘Oü‚É—ˆ‚é‚µ‚©‚È‚¢‚¼Ivc‚RE‚TŒãŠy‰€‘S¬Ñ,https://news.yahoo.co.jp/articles/80c420a2337433c9e5f95bcd587b804d6c71eaf8,3/5(‰Î) 21:39
sph,ƒXƒ|[ƒc•ñ’m,“Œ‘Œ´‰p•vA•s—Ï•ñ“¹”F‚ßÓß‚à«E”Û’è‚ÌL£‹cˆõ‚Éu—L–¼lE’˜–¼l‚ÍŠmÀ‚ÉE‚âĞ‰ï“I’nˆÊ‚ğ’D‚í‚ê‚é‚Ì‚Év,https://news.yahoo.co.jp/articles/954b8db2010535e41fe6a3b37a5873b9602eec8d,3/5(‰Î) 21:31
sph,ƒXƒ|[ƒc•ñ’m,‚U‚TÎ‰z’†˜YAƒfƒrƒ…[‚S‚Tü”N‹L”O“úcÂ–ö—D”n•Ä“¡ƒWƒ…ƒ“‚ğ‘Šè‚É‘å–\‚êc‚RE‚TŒãŠy‰€‘S¬Ñ,https://news.yahoo.co.jp/articles/7d3b8bf43821f9151b7352d9dab4178d0e0c07f9,3/5(‰Î) 21:26
sph,ƒXƒ|[ƒc•ñ’m,ƒ‚ƒfƒ‹E‰¹Aƒ~ƒjä•ƒŠƒ{ƒ“‚ÌgŠÃ‚ß‚È„•hƒR[ƒf”â˜I‚Éu‚Ù‚ñ‚Æ‚É“²‚êvuŠÃX‰¹‚¿‚á‚ñÅ‹­v‚Ìº,https://news.yahoo.co.jp/articles/4e800a63ec41330c02ca51b3e50063bad3568d0c,3/5(‰Î) 21:16
sph,ƒXƒ|[ƒc•ñ’m,ƒXƒs[ƒhƒXƒP[ƒg“ú–{‹L˜^•ÛÒEVà_—§–çA—ûK’†‚Ì“]“|‚ÅuÒ‘ˆ³”—œÜv@¢ŠE‘IèŒ ‚ÍŒ‡ê,https://news.yahoo.co.jp/articles/f8ae1a5881efc517bc6bfc2e723b214a3b6155f7,3/5(‰Î) 21:12
sph,ƒXƒ|[ƒc•ñ’m,ˆêu’NHI‚¦‚È‚±A•Êl‚Ì‚æ‚¤‚ÉŒƒ•Ï‚µ‚½p‚Éƒtƒ@ƒ“‘›‘Rcuƒ‚ƒfƒ‹‚³‚ñvu•’Ê‚É•à‚¢‚Ä‚½‚ç‚í‚©‚ç‚È‚¢v,https://news.yahoo.co.jp/articles/cf510d0832016e45190ca09c4c24b1976e38f6f9,3/5(‰Î) 21:04
sph,ƒXƒ|[ƒc•ñ’m,‚`‚a‚bƒeƒŒƒrA‚©‚Ü‚¢‚½‚¿”Ô‘g‚Ì“à—e‚ğÓßu–òÜt‚ÉŠÖ‚·‚é”Ô‘g‘¤‚Ì”F¯‚ª•s‘«‚µ‚Ä‚¢‚Ü‚µ‚½B‚²•s‰õ‚Èv‚¢‚ğcv,https://news.yahoo.co.jp/articles/580a5a9c063e4feb2739b146f7efd40cd2960f53,3/5(‰Î) 20:32
sph,ƒXƒ|[ƒc•ñ’m,“ú–{¨‚Q‚T”N‚Ô‚è“üÜ‚Ì“c’†ŠóÀA‘½“cC•½‚ª‹A‘@“c’†u‘f’¼‚É‚¤‚ê‚µ‚¢vc¢ŠEº“à‘IèŒ ,https://news.yahoo.co.jp/articles/d1e3b50bda15f77ffbbcff2aedf7b679cb86d995,3/5(‰Î) 20:02
sph,ƒXƒ|[ƒc•ñ’m,•’ª‚s‚n‚j‚x‚nƒWƒƒƒpƒ“AVèl¶‚Æu‰ƒ^ƒbƒOv‚É‘å‹»•±u’íq‚É‚È‚è‚½‚¢cR‚É˜A‚ê‚Ä‚Á‚Ä—~‚µ‚¢vc‚RE‚TŒãŠy‰€,https://news.yahoo.co.jp/articles/64ca54fa0f99456564fbbe6e60b29fab4e0ab083,3/5(‰Î) 20:00
sph,ƒXƒ|[ƒc•ñ’m,˜ƒWƒƒƒpƒ“‰¢B‘ã•\í‚Ì‚V“ú‚Ìn‹…®‚ÉƒoƒXƒP“ú–{‘ã•\E”ä]“‡T‚ª“oêu‹¹‚ª”M‚­‚È‚Á‚Ä‚¨‚è‚Ü‚·v,https://news.yahoo.co.jp/articles/b1ba26c39476b07da99c7e5dd1b771ed64b11d9b,3/5(‰Î) 19:58
sph,ƒXƒ|[ƒc•ñ’m,–k“l»A‘·‚Æ‰‚ß‚Ä‰ß‚²‚·‚Ğ‚ÈÕ‚è‚Íu‚ ‚Á‚Æ‚¢‚¤ŠÔvcˆê‚É…—V‚Ñ‚ğŠy‚µ‚Şp‚Éu‘f“G‚È‚¨‚Î‚ ‚¿‚á‚ñv‚Ìº,https://news.yahoo.co.jp/articles/5e7b68bc2b29ad78c71620f5085def01e1d25e60,3/5(‰Î) 19:54
sph,ƒXƒ|[ƒc•ñ’m,u‰ï‚¢‚½‚¢‚È‚ [‚Á‚Ä™ê‚¢‚½‚çcv•ˆä‘sA‚Ü‚³‚©‚Ìo—ˆ–‚É‘å‹»•±Iu‚¢‚¢‚È‚ vu‚¦[‚·‚²[Iv‚Æ‘A–]‚Ìº,https://news.yahoo.co.jp/articles/ae0a8a807095583c06a844e17d6b5160fe7a34f0,3/5(‰Î) 19:42
sph,ƒXƒ|[ƒc•ñ’m,yƒ„ƒNƒ‹ƒgz¼ì—y‹P‚ª€‹…‚Å“r’†Œğ‘ã@‚P‚S‚QƒLƒ‚Ì’¼‹…‚ª‰E‘«ñ‚É’¼Œ‚@‚µ‚Î‚ç‚­“®‚¯‚¸,https://news.yahoo.co.jp/articles/bc4a60870cd0c5ac9035c6f3db1184489da56970,3/5(‰Î) 19:37
sph,ƒXƒ|[ƒc•ñ’m,yƒ„ƒNƒ‹ƒgzŠJ–‹ƒ[ƒe“ü‚è‚É‹ŠE—ÇD@ƒTƒCƒXƒj[ƒhA‚R‰ñ‚P¸“_u–‘«‚¢‚­“Š‹…‚¾‚Á‚½v,https://news.yahoo.co.jp/articles/27e2bd69beee82bab18db2a091e798178d1eb312,3/5(‰Î) 19:37
sph,ƒXƒ|[ƒc•ñ’m,—é–ØˆŸ”üAˆ«“VŒó‚Ì’†ƒTƒbƒJ[ƒXƒ^ƒWƒAƒ€‚Å”M¥Iu’g‚©‚­‚µ‚Ä‚Ëvuƒ†ƒjƒtƒH[ƒ€p‘f“GIv‚Æƒtƒ@ƒ“,https://news.yahoo.co.jp/articles/673f77cc930d9117a500dc359d9f00997a6716a3,3/5(‰Î) 19:30
sph,ƒXƒ|[ƒc•ñ’m,yƒ\ƒtƒgƒoƒ“ƒNzRì•ä‚A•Ÿ‰ª‚Åg‰‚Ç‚·‚±‚¢hƒI[ƒvƒ“íˆÚĞ‚P†ƒ\ƒ@ƒoƒbƒNƒXƒNƒŠ[ƒ“‰E‚É’@‚«‚Ş,https://news.yahoo.co.jp/articles/d3b673e9073171a1bd0104e52be26a3d2e6027f2,3/5(‰Î) 19:29
sph,ƒXƒ|[ƒc•ñ’m,˜ƒWƒƒƒpƒ“E•½—ÇŠC”n‚Íuƒˆ[ƒƒbƒp‚Ì‘Iè‚Æ‘Îí‚·‚é‹@‰ï‚ª‚È‚¢‚Ì‚ÅŠy‚µ‚İv c‚U“ú‚Ì‰¢B‘ã•\í‚Éæ”­,https://news.yahoo.co.jp/articles/7b1692c21b5f2d6c44fd0c041addaaa2a4b95f26,3/5(‰Î) 19:26
sph,ƒXƒ|[ƒc•ñ’m,yƒ„ƒNƒ‹ƒgzƒhƒ‰‚QE¼–{Œ’Œá‚ªRì•ä‚‚Éƒvƒ‰”í’e,https://news.yahoo.co.jp/articles/97d90cf9d7121fa3c30b4b84fde01c43850ebcd1,3/5(‰Î) 19:26
sph,ƒXƒ|[ƒc•ñ’m,yƒ„ƒNƒ‹ƒgzÂ–ØéeA‘‘å‚Ìæ”yE˜a“c‹B‚©‚çO—Û‘Å@‚Q“_–Ú‹N“_‚ÉÎŠç,https://news.yahoo.co.jp/articles/ca6c910650c8eca7379037b357b34c292e7615b9,3/5(‰Î) 19:24
sph,ƒXƒ|[ƒc•ñ’m,_“¹ƒpƒŠŒÜ—Ö‘ã•\E‚Rä»‰Áu‘å–‚È‚Æ‚±‚ë‚Å‚µ‚Á‚©‚èŸ‚Ä‚½v@‚f‚rƒ^ƒVƒPƒ“ƒg—DŸ‚©‚ç‹A‘,https://news.yahoo.co.jp/articles/88020d4bf322008b185ffc09da84d4f1be690d8d,3/5(‰Î) 19:21
sph,ƒXƒ|[ƒc•ñ’m,ƒzƒXƒeƒXƒvƒ‚ÌŸ‚İ‚È‚İu—DŸ‚Å‰¶•Ô‚µvc‚’ms“à‚Åu–¾¡ˆÀ“cƒŒƒfƒBƒXvƒCƒxƒ“ƒg,https://news.yahoo.co.jp/articles/5e20af65444b7166e644730ccf44802364787c23,3/5(‰Î) 19:21
sph,ƒXƒ|[ƒc•ñ’m,“n•Ó”ü“Ş‘ãAˆ¤Œ¢EƒRƒR‚¿‚á‚ñ‚ÌÊ^“ü‚èƒP[ƒL‚Å‚RÎ‚Ì’a¶“ú‚ğj•ŸIuŒ³‹C‚¢‚Á‚Ï‚¢‚É‰ß‚²‚µ‚Ä‚­‚¾‚³‚¢‚Ëv‚Ìº,https://news.yahoo.co.jp/articles/cee77571066fab600c3f28bd72aa2e181f05002d,3/5(‰Î) 19:21
sph,ƒXƒ|[ƒc•ñ’m,yƒ\ƒtƒgƒoƒ“ƒNz’´”ü‹ZIƒ_ƒCƒrƒ“ƒOƒLƒƒƒbƒ`‚©‚ç“Ë‚Á•š‚µ‚½‚Ü‚ÜƒoƒbƒNƒnƒ“ƒh‚ÅƒOƒ‰ƒuƒgƒX@“K‘Å‚ğ•¹E‚É,https://news.yahoo.co.jp/articles/51414c994ee0a8f6c26bc9e25053ac95c21969c5,3/5(‰Î) 19:20
sph,ƒXƒ|[ƒc•ñ’m,y‚Z–ì‹…z •sË–‚Ì’²¸‚ğd‚Ë‚Ä‹‘”Û‚µ‚½·‰ª½÷‚Ìˆ•ª‚ÍŒp‘±R‹c‚É “ú–{Šw¶–ì‹…‹¦‰ïR¸º,https://news.yahoo.co.jp/articles/05a34d65a66b61df43f5a6c4d864af0722f04737,3/5(‰Î) 19:19
sph,ƒXƒ|[ƒc•ñ’m,–k“l»AƒŠƒ“ƒO•œ‹A‚Ì‚T‚VÎ“¯ŠúƒŒƒXƒ‰[‚ğÌ^u‚P‚VÎ‚Ì‚©‚çˆêŒ¾‚àˆø‘Ş‚Á‚ÄŒ¾—t‚ğo‚³‚¸‚Éã‚ª‚è‘±‚¯‚Ä‚¢‚év,https://news.yahoo.co.jp/articles/26d5ea722f5359c63ff9597eca517a7d8a5c6858,3/5(‰Î) 19:14
sph,ƒXƒ|[ƒc•ñ’m,y‚c‚…‚m‚`z‚X“ú‚Ì¼•í‚ÉƒAƒ€ƒs‚«‚Ü[‚·I@ƒKƒ“ƒ_ƒ€ƒRƒ‰ƒ{ƒCƒxƒ“ƒg‚Åº—DEŒÃ’J“O‚ª—ˆê,https://news.yahoo.co.jp/articles/0f14ffb896ac34a2211a9972b567511f24b61cd9,3/5(‰Î) 19:13
sph,ƒXƒ|[ƒc•ñ’m,‹´‰º“OAuƒ‚ƒyƒbƒgv‚ÌŒ´•tƒoƒCƒNŠY“––¾Šm‰»‚Ö‚Ì“®‚«‚ÉuŒ´“®‹@‚Æƒyƒ_ƒ‹‚ğˆê‚É‚·‚é\‘¢‚ğ‹Ö~‚·‚×‚«‚¾v,https://news.yahoo.co.jp/articles/545b47a4af1d95a1df0f27454fc2858d32647353,3/5(‰Î) 19:11
sph,ƒXƒ|[ƒc•ñ’m,y‚c‚…‚m‚`zƒhƒ‰‚QE¼–{—½l‚ª‚P‰ñ‚Q‚j‚Ì–{‹’’nƒfƒrƒ…[@O‰Y‘å•ãŠÄ“Âu‹…‚à‹­‚¢‚µA“àŠp‚à“Ë‚¯‚Ä‚¢‚½v,https://news.yahoo.co.jp/articles/c016e149b6467b1ff3cea1e71359242328c15836,3/5(‰Î) 19:07
sph,ƒXƒ|[ƒc•ñ’m,ƒoƒŒ[ƒ{[ƒ‹E•Œãˆ¤u‚Á‚Ä‚¢‚é‘S‚Ä‚ğo‚µØ‚ê‚é‚æ‚¤Šæ’£‚è‚Ü‚·v“Œ‹ŒÜ—ÖŒã‚É‹x—{Œo‚Ä‚R‹G‚Ô‚è‘ã•\•œ‹A,https://news.yahoo.co.jp/articles/2dd549343cc832a470e7e546cfe25e3cdfc669be,3/5(‰Î) 19:07
sph,ƒXƒ|[ƒc•ñ’m,‚­‚Ó‚¤ƒnƒ„ƒe@t‹G‹³ˆçƒŠ[ƒOEƒz[ƒ€‰í‚ÌL“‡í‚Í‰J‚Å’†~c‚S‡–Ú‚Ì‰J“V’†~‚ÉÔ–xŒ³”VŠÄ“Â‚Ì•\î‚à“Ü‚é,https://news.yahoo.co.jp/articles/e0e7856caf1da1ce25007660eeb5516a72f9e6cf,3/5(‰Î) 19:06
sph,ƒXƒ|[ƒc•ñ’m,y’†“úzŒã“¡x‘¾A‚R‚PÎƒo[ƒXƒf[‚ÉŒÃ‘ƒŒ‚‚¿uƒƒNƒƒN‚µ‚Ä‚Ü‚µ‚½v,https://news.yahoo.co.jp/articles/848fea141ecbd9b2fb2b7b18266e7e28624659b8,3/5(‰Î) 19:01
sph,ƒXƒ|[ƒc•ñ’m,ó‹uƒ‹ƒŠqA‚W‚RÎ•Œ|”\¶Šˆ‚V‚O”N–Ú‚àu‘Ì‚Ì•s’²‘S‚­‚È‚¢B‚Ü‚¾‚Ü‚¾l¶Šy‚µ‚Şv“ÁWã‰f‚ğ‚o‚q,https://news.yahoo.co.jp/articles/717ecf0eefa18b4739fd601809708fd0d90ddb2e,3/5(‰Î) 18:59
sph,ƒXƒ|[ƒc•ñ’m,“¡”g’C¢uƒCƒ“ƒtƒ‹Š´õvŒ‡êc‡‘O‚É’·’j‚k‚d‚n‚m‚`‚ªƒŠƒ“ƒOã‚ÅÓßu\‚µ–ó‚²‚´‚¢‚Ü‚¹‚ñc©•ª‚ª”M‚¢“¬‚¢‚ğ‚µ‚Äƒtƒ@ƒCƒg‚ğ“Í‚¯‚év,https://news.yahoo.co.jp/articles/77962cfd0e168191c48702c3ad44a9de24333168,3/5(‰Î) 18:49
sph,ƒXƒ|[ƒc•ñ’m,y’†“úz’–Ú‚ÌƒAƒ}˜‚Ì–¾‘åæ”y‚ª‚S‘Å“_@—§˜QŠÄ“Âuƒ`ƒƒƒ“ƒX‚Å‘Å‚Ä‚é‘Ièv,https://news.yahoo.co.jp/articles/935f63b3300b4c948eea92d3ece7b8e22ef26559,3/5(‰Î) 18:49
sph,ƒXƒ|[ƒc•ñ’m,‚x‚n‚r‚g‚h‚j‚h‚ª‚SŒ‚P‚U“ú‚ÉƒhƒWƒƒ[ƒXƒ^ƒWƒAƒ€‚Å‚ÌƒiƒVƒ‡ƒiƒ‹ƒYíŠJn‘O‚É•Ä‘‘‰Ì‰‰‘tu–ì‹…‚àŒ©‚½‚¢v,https://news.yahoo.co.jp/articles/49b08403b5bf3a7be77bd6c05f8972c5717c6200,3/5(‰Î) 18:48
sph,ƒXƒ|[ƒc•ñ’m,“àR‰ÆAg‚Rl‚Å‚Íƒ‰ƒXƒgh‚Ì‚Ğ‚ÈÕ‚è‚ªuƒzƒ“ƒgK‚¹‚»‚¤vÎŠç–“_ƒVƒ‡ƒbƒg‚ÉƒtƒHƒƒ[‚à‚Ù‚Á‚±‚è,https://news.yahoo.co.jp/articles/bb4cd521a7982ff42d432a9e15616ab44a2b8e13,3/5(‰Î) 18:45
sph,ƒXƒ|[ƒc•ñ’m,yƒIƒŠƒbƒNƒXz—Š‚ê‚éƒŠƒŠ[ƒo[‚ª—’²‚àc’†“ˆ‘ŠÄ“Âu‚Ç‚¤’²®‚µ‚Ä‚¢‚­‚©‚Í•ª‚©‚Á‚Ä‚é‚Í‚¸v,https://news.yahoo.co.jp/articles/d43cd72f804d91c48b7e6c7c556e0f7e42271891,3/5(‰Î) 18:43
sph,ƒXƒ|[ƒc•ñ’m,‚b‘åã‚l‚eì^i‚X“ú“Œ‹‚uí‚Å‚Ì¡‹G‰Ÿ—˜‚ÖuŠë‹@Š´‚ğ‚½‚È‚¢‚Æ‚¢‚¯‚È‚¢v@ƒ‹[ƒJƒX‚ÍŸíƒxƒ“ƒ`ŠO,https://news.yahoo.co.jp/articles/b0714c99b3249ea62ab2a82ff0be7857f7f4de1f,3/5(‰Î) 18:41
sph,ƒXƒ|[ƒc•ñ’m,y’†“úz‚‹´G“l‚ªæ”­uiR–{j—RL‚³‚ñ‚ğ’T‚µ‚½‚¯‚Ç‚¢‚È‚©‚Á‚½v,https://news.yahoo.co.jp/articles/3b2bc61a29fa23cf805757883d13de473405b6a6,3/5(‰Î) 18:40
sph,ƒXƒ|[ƒc•ñ’m,•ó’Ë‰ÌŒ€’ˆ‘g‚Ìuƒtƒ@ƒCƒiƒ‹ƒtƒ@ƒ“ƒ^ƒW[‚P‚Uv‚Ìã‰‰‚ğŒ©‡‚í‚¹cˆâ‘°‘¤‚Æ‚Ì‰ï’k‚ÌŒ»ó“¥‚Ü‚¦‚ÄŒˆ’è,https://news.yahoo.co.jp/articles/e14f17cda8acd89e95fe03d96a6148c856cc67a3,3/5(‰Î) 18:35
sph,ƒXƒ|[ƒc•ñ’m,y‹lz‘å]—³¹‚ªŠÛŠ ‚è‚É•Ïgu‹C‡‚ğ“ü‚ê‚Ü‚µ‚½vu­‚È‚¢ƒ`ƒƒƒ“ƒX‚ğ¶‚©‚¹‚é‚æ‚¤‚Év,https://news.yahoo.co.jp/articles/6f4c3278df56efb95d8737f00ba6970495fa656d,3/5(‰Î) 18:29
sph,ƒXƒ|[ƒc•ñ’m,’NHƒGƒ‹ƒtrì‚ªŒƒ•Ï@”–ƒƒCƒN‚Å•ÊlI“§–¾Š´ƒGƒOƒb@´‘^Œn‚Ì‘fŠçuƒMƒƒƒ‹‚¶‚á‚È‚¢vu‚ß‚Á‚¿‚á‰Âˆ¤‚¢v,https://news.yahoo.co.jp/articles/bcc63b0d7ab04fba0589cec52a9ed822ecbaf12d,3/5(‰Î) 18:25
sph,ƒXƒ|[ƒc•ñ’m,y‹lzŒK“c‚QŒRŠÄ“ÂAŒˆŸ‹]”ò‚Ìó–ìãÄŒá‚Éu‚¢‚¢d–‚ğ‚µ‚½‚Ëvc‚QŒR‚c‚…‚m‚`í,https://news.yahoo.co.jp/articles/301efbb67d52a034739314cf2dbf84ed24ae218c,3/5(‰Î) 18:21
sph,ƒXƒ|[ƒc•ñ’m,y‹lzŠÛ‚ª‚QŒRí‚Å‰Àí@ŒK“c‚QŒRŠÄ“Âuæ‚è‘g‚Şp¨‚à‚·‚Î‚ç‚µ‚¢Báè‚Ì‚¢‚¢Œ©–{v‚ÆŠ´Ó,https://news.yahoo.co.jp/articles/0d8b303f25d10ad1b805873dfc2e57c6e6de1186,3/5(‰Î) 18:17
sph,ƒXƒ|[ƒc•ñ’m,–k“l»A‚¤‚¸‚ç‚Ì—‘‹l‚Ü‚ç‚¹‚Ä‚Ì¬‚P€–S–ŒÌ‚É’ñŒ¾u‹‹H‚ÌŠÔA’Z‚¢‚Æv‚¤B‚R‚O•ª‚ÍÅ’á‚Å‚à•K—vv,https://news.yahoo.co.jp/articles/391c81bfa24ba0f75c4e052ebfc3bf34ff4595e4,3/5(‰Î) 18:15
sph,ƒXƒ|[ƒc•ñ’m,‘åŠw¶‚Ì‘Šìµ£Au‘²‹Æ‚Å‚«‚é‚±‚Æ‚ª³®‚ÉŒˆ‚Ü‚è‚Ü‚µ‚½vcƒtƒ@ƒ“‚©‚ç‚Íu‘¸Œh‚µ‚Ü‚·Iv‚Æj•Ÿ‚Ìº,https://news.yahoo.co.jp/articles/2b1bef7e13c0db7a71ac679c732fcd05ebe18afa,3/5(‰Î) 18:15
sph,ƒXƒ|[ƒc•ñ’m,y‹lzƒeƒBƒ}‚ª•‰Œğ‘ã@‡Œã‚Í¶‘¾‚à‚à— ‚ğƒAƒCƒVƒ“ƒOc‚QŒR‚c‚…‚m‚`í,https://news.yahoo.co.jp/articles/4d46ffb6784cd3148e6ed4fe8031232f7c382a54,3/5(‰Î) 18:07
sph,ƒXƒ|[ƒc•ñ’m,y‹lzƒeƒBƒ}‚ª•‰Œğ‘ã@‡Œã‚Í¶‘¾‚à‚à— ‚ğƒAƒCƒVƒ“ƒOc‚QŒR‚c‚…‚m‚`í,https://news.yahoo.co.jp/articles/4d46ffb6784cd3148e6ed4fe8031232f7c382a54,3/5(‰Î) 18:07
sph,ƒXƒ|[ƒc•ñ’m,O‰Y’m—Ç‚Ì’·’jEƒŠƒ‡ƒE‘¾A’©ƒhƒ‰‰o‰‰‚Éu’g‚©‚­Œ©ç‚Á‚Ä‚­‚¾‚³‚¢IvcgƒXƒYq‚³‚ñh‚Æ‚Ì‚QƒVƒ‡‚ğŒöŠJ,https://news.yahoo.co.jp/articles/c259c57fc86b026a3c1651ee9c4ce53690bc7856,3/5(‰Î) 18:06
sph,ƒXƒ|[ƒc•ñ’m,ƒT[ƒtƒBƒ“@¼“c–ìA‰‚ÌŒÜ—ÖØ•„‚Éu‚·‚²‚­‚¤‚ê‚µ‚¢v@“Œ‹‚ÌáJu‚»‚ÌŒoŒ±‚ª•K—v‚¾‚Á‚½v,https://news.yahoo.co.jp/articles/7b48cc5d06113896ed4bd0dfd48bb5f73ac77088,3/5(‰Î) 18:04
sph,ƒXƒ|[ƒc•ñ’m,yƒƒbƒez’†‘º§ŒáA‚Q‰ñ‚Ì“¯“_“K‘Å‚Éu‚¢‚¢Œ`‚ÅƒZƒ“ƒ^[‚É”²‚¯‚Ä‚¢‚Á‚½vc¡‹G‚ÍO—Û‚É“]Œü,https://news.yahoo.co.jp/articles/5b4399c301177b19686b559da37a6f00295de306,3/5(‰Î) 18:02
sph,ƒXƒ|[ƒc•ñ’m,Œ‹¥‚µ‚½”ü’j”ü—ƒ†[ƒ`ƒ…[ƒo[‚ªuƒrƒWƒ…—Ç‚·‚¬‚Ä‚â‚Î‚¢v‚Æ”½‹¿Iw—Ö‚ÍƒnƒŠ[EƒEƒBƒ“ƒXƒgƒ“,https://news.yahoo.co.jp/articles/0e5959eef576273402ebabe2826410bd69a54450,3/5(‰Î) 17:55
sph,ƒXƒ|[ƒc•ñ’m,•Œãˆ¤‚ª‚R‹G‚Ô‚è•œ‹A@ŒÃ‰êÑ—“ß‚ªå«@ƒoƒŒ[ƒ{[ƒ‹—qƒpƒŠŒÜ—ÖƒCƒ„[‚Ì“ú–{‘ã•\“o˜^‘Iè‚Q‚Sl‚ğ”­•\,https://news.yahoo.co.jp/articles/4286089a878750d1f4117c74f47aa23772de173b,3/5(‰Î) 17:54
sph,ƒXƒ|[ƒc•ñ’m,‘æ‚Q‚X‰ñ‚`‚l‚cƒAƒ[ƒhA‘åÜ‚Íä‰ëlå‰‰u‚u‚h‚u‚`‚m‚svA•ŸàV—YŠÄ“Âu“–‚½‚Á‚Ä—Ç‚©‚Á‚½`v,https://news.yahoo.co.jp/articles/36f31a5539169851ac1b57820d8074bf8296bdbc,3/5(‰Î) 17:53
sph,ƒXƒ|[ƒc•ñ’m,‘æ‚Q‚X‰ñ‚`‚l‚cƒAƒ[ƒhAƒAƒjƒ‰f‰æu‚s‚g‚d@‚e‚h‚q‚r‚s@‚r‚k‚`‚l@‚c‚t‚m‚jv‚ª‚`‚l‚c—–’·Ü,https://news.yahoo.co.jp/articles/6fdb9a175897fc0262e0377cb76a44a10101a26f,3/5(‰Î) 17:45
sph,ƒXƒ|[ƒc•ñ’m,yƒƒbƒezğ‹G–{—Û‘Å‰¤Eƒ|ƒ‰ƒ“ƒR‚ª‡—¬c‚R‘Å”ƒm[ƒqƒbƒg‚àu‡‚Éo‚ç‚ê‚Ä‚¤‚ê‚µ‚­v‚Á‚Ä‚¢‚Ü‚·v,https://news.yahoo.co.jp/articles/c784f2f7a1fd49ca45ae483e88c8313c082be5f6,3/5(‰Î) 17:38
sph,ƒXƒ|[ƒc•ñ’m,ƒ\ƒtƒgƒoƒ“ƒNE˜a“c‹B[ƒ„ƒNƒ‹ƒgEƒTƒCƒXƒj[ƒhcƒXƒ^ƒƒ“”­•\,https://news.yahoo.co.jp/articles/4846f110ca966a97ade5b83d45bd9f7c6bf15b63,3/5(‰Î) 17:35
sph,ƒXƒ|[ƒc•ñ’m,u‚T–²vƒRƒƒ“ƒe[ƒ^[‚É‚Æ‚Á‚ÄuƒMƒ‰ƒMƒ‰‚µ‚½lv‚Æ‚ÍcuwƒTƒ“ƒWƒƒƒ|xs‚­‚ÆÀ‚Á‚Ä‚é‚æ‚ËB‚»‚¤‚¢‚¤—‚Ìqv,https://news.yahoo.co.jp/articles/de03ca2b682f57a022309da5f08f9a70397f811e,3/5(‰Î) 17:35
sph,ƒXƒ|[ƒc•ñ’m,y¼•zƒhƒ‰ƒtƒg‚PˆÊ¶˜rE•“à‰Äô‚ª‚U“ú‚Ì“ú–{ƒnƒ€í‚Éæ”­,https://news.yahoo.co.jp/articles/875f3d554da0c820d0e948cd69159d7af23658e3,3/5(‰Î) 17:33
sph,ƒXƒ|[ƒc•ñ’m,y‹lzó–ìãÄŒá‚ªŒˆŸ‹]”òu‘_‚¢’Ê‚è‚É‘Å‚Â‚±‚Æ‚ª‚Å‚«‚½vc‚QŒR‚c‚…‚m‚`í,https://news.yahoo.co.jp/articles/62fe623fd69b30033d3d7714b7b58773586ced11,3/5(‰Î) 17:29
sph,ƒXƒ|[ƒc•ñ’m,y‹lzŠÛ‰À_A¡‹G‰Àí‚Í–³ˆÀ‘Å‚àu•sˆÀ‚È‚­‡‚É“ü‚ê‚é‚±‚Æ‚ª•ª‚©‚Á‚½v‚W“ú‚PŒR‡—¬‚É‚àè‰‚¦,https://news.yahoo.co.jp/articles/c9a891b9133c2c8102b198ebaef8d565fc8d1f91,3/5(‰Î) 17:25
sph,ƒXƒ|[ƒc•ñ’m,Œ³Šy“V‚ÌˆÀŠy’q‘å‚ªƒnƒ‰ƒXƒƒ“ƒgsˆ×‚ğu„‚È‚è‚ÌƒRƒ~ƒ…ƒjƒP[ƒVƒ‡ƒ“‚Ì‚Â‚à‚è‚Å‚â‚Á‚Ä‚¢‚½v‚Æß–¾cƒƒLƒVƒJƒ“ƒŠ[ƒO“ü‚è‚ğ”­•\,https://news.yahoo.co.jp/articles/12e2c3009ca804136701abf6e80fda88f591f8f9,3/5(‰Î) 17:23
sph,ƒXƒ|[ƒc•ñ’m,yã_z‚VŒ‚R‚P“ú‚Ì‹lí‚É­”NE­—–ì‹…ƒ`[ƒ€µ‘Ò@‚Pƒ`[ƒ€Å‘å‚P‚O‚Ol‚Ü‚Å,https://news.yahoo.co.jp/articles/b279a0c87793c7cdd6aa5af95c90148dac4a062d,3/5(‰Î) 17:19
sph,ƒXƒ|[ƒc•ñ’m,–k“l»A¶•ú‘—‚Åu‹x—{ƒuƒƒOv‘›“®‚ğà–¾u‘‚«•û‚ªˆ«‚©‚Á‚½‚Ì‚©‚ÈB„‚ª€‚Ê‚İ‚½‚¢‚Èˆµ‚¢‚É‚È‚Á‚Ä‚¢‚Äcv,https://news.yahoo.co.jp/articles/5fb07a2bf2e7d5566dbaa1a36dce4185f4dd94d3,3/5(‰Î) 17:18
sph,ƒXƒ|[ƒc•ñ’m,“y‰®‘¾–PAå‰‰‰f‰æ‚Ì‘±•Ò‚ğ”M–]u‚»‚Ìæ‚ğ‚Ì‚¼‚¢‚Ä‚İ‚½‚¢cv‹¤‰‰‚Ì²‹vŠÔ‘å‰î‚à‘åƒqƒbƒg‚É‘åŠ½Šì,https://news.yahoo.co.jp/articles/e5605ff1a1df467c3800cf3a88455f0cd8e1bb51,3/5(‰Î) 17:17
sph,ƒXƒ|[ƒc•ñ’m,O’†ƒAƒi•sİuŒƒƒŒƒA‚³‚ñv‘ã–ğ‚ÉŒ³‘–¯“IƒAƒCƒhƒ‹@is‚Ô‚èâ^uá—Ñ‚Æ‘§‚Ò‚Á‚½‚èvu‘Š«”²ŒQv,https://news.yahoo.co.jp/articles/efac4385f0d31e24a37d1d0dac09389126b80647,3/5(‰Î) 17:15
sph,ƒXƒ|[ƒc•ñ’m,ƒA[ƒZƒiƒ‹‚U”­Š®Ÿ@‚RˆÊ‚à“¾¸“_·‚ÍƒŠ[ƒOñˆÊ‚ÅO‚Â‚Ç‚à‚¦‚Ì—DŸ‘ˆ‚¢‚ª‚µ—ó‚É,https://news.yahoo.co.jp/articles/aa630d44a714b0c116ca1565950cdc0b9b7f607f,3/5(‰Î) 17:12
sph,ƒXƒ|[ƒc•ñ’m,y¼•zb”ã–ì‰›‚Æ…ã—RL‚ª‘I‚ñ‚¾gŠJ–‹“Šèh‚Æ‚ÍcH@uƒvƒ–ì‹…ƒXƒsƒŠƒbƒc‚`v‚Å‘ÎŒˆ,https://news.yahoo.co.jp/articles/4f381fd154a648d17855b2290e15cfbb8fc631ee,3/5(‰Î) 17:02
sph,ƒXƒ|[ƒc•ñ’m,t‘Ÿ‚ª‚ñèp¬Œ÷‚ÌƒIƒYƒƒ‹ƒhE”©’†—I‚ª‘Ş‰@‚ğ•ñu‚±‚ñ‚È‚É‘f“G‚È¢ŠE‚ğŒ©‚¹‚Ä‚­‚ê‚Ä‚ ‚è‚ª‚Æ‚¤‰Et‘ŸIv,https://news.yahoo.co.jp/articles/bd7d30e0dd58ca845c8dda40e841f44f370789c5,3/5(‰Î) 17:02
sph,ƒXƒ|[ƒc•ñ’m,‰Y˜a‚e‚vƒŠƒ“ƒZƒ“@Œy‰õ‚Éƒ‰ƒ“ƒjƒ“ƒOc•‰‚©‚ç•œ‹A‚Ö‘OiI@‘O“c’¼‹P‚Í‘Ì’²•s—Ç‚Å—ûK•sQ‰Á,https://news.yahoo.co.jp/articles/632c8b6d779663907c3e410e5475ba91ef1764ef,3/5(‰Î) 16:55
sph,ƒXƒ|[ƒc•ñ’m,“Œ‘Œ´‰p•vA‘šŒ‚é‚È‚ÌuTŠ§•¶tv¼–{•ñ“¹”Û’è”­Œ¾‚Éu^À‘Š“–«‚ğ“Ë‚«•ö‚·w‹a‚ÌˆêŒŠx‚É‚È‚é‚Ì‚Å‚Ív,https://news.yahoo.co.jp/articles/6f7881261b1199c3504dc5d7720d03240fd513eb,3/5(‰Î) 16:50
sph,ƒXƒ|[ƒc•ñ’m,‚s‚a‚r‰ü•Òà–¾@¼–{lu‚ªo‰‰‚µ‚Ä‚¢‚½uƒNƒŒƒCƒW[ƒWƒƒ[ƒj[v‚É‚Â‚¢‚Ä@“n•ÓƒRƒ“ƒeƒ“ƒcí—ª•”’·u‘ã–ğ‚Í—§‚Ä‚È‚¢v,https://news.yahoo.co.jp/articles/16b51ef70d6a254abf223cb88ff640e3c5fe8426,3/5(‰Î) 16:46
sph,ƒXƒ|[ƒc•ñ’m,yƒI[ƒgƒŒ[ƒXzXŠsA‚f‚P‚ÖVÔ“Š“üu‚±‚ê‚Å‚¾‚ß‚È‚çA‚Æ‚¢‚¤‚®‚ç‚¢‚Ì‹C‚¿v`‚U“ú‚©‚çìŒûƒOƒ‰ƒ“ƒvƒŠƒŒ[ƒX,https://news.yahoo.co.jp/articles/33add61b545c3d65d383cc839eea3f1c0aecee21,3/5(‰Î) 16:37
sph,ƒXƒ|[ƒc•ñ’m,‘åm“cŒúA‚W”N‚Ô‚èQí‚ÌƒoƒŠƒAƒtƒŠ[ƒvƒƒŒƒX‚Å—F—´‚Æ—Fîƒ^ƒbƒOŒ‹¬cƒXƒgƒŠ[ƒgƒtƒ@ƒCƒgƒfƒXƒ}ƒbƒ`Š¸s‚Ö,https://news.yahoo.co.jp/articles/43960b576c7853f563b6524aaba70b8a779e1548,3/5(‰Î) 16:30
sph,ƒXƒ|[ƒc•ñ’m,R–{”üŒAg‚³‚è‚°‚Èƒ~ƒbƒL[hƒAƒ“ƒoƒTƒ_[‚ÉA”Cu—c‚¢ ‚©‚ç‚»‚Î‚É‚¢‚½ƒ~ƒbƒL[‚Æcv,https://news.yahoo.co.jp/articles/a5d3c5ea436e1a058452f2c129bfe387fd3b003e,3/5(‰Î) 16:27
sph,ƒXƒ|[ƒc•ñ’m,˜“ü‚è‚ÌŠÖ‘å‚P‚T‚RƒLƒ¶˜rE‹àŠÛ–²“l‚ª‰¢B‘ã•\í‚Ì‘æ‚Qíæ”­‚Ö“¬uu‘S—Í‚Å“Š‚°‚Ä‚¢‚«‚½‚¢vc˜ƒWƒƒƒpƒ“Œö®—ûK,https://news.yahoo.co.jp/articles/9f0a183e911f2a8bcd3dbef1cf107808a0b6a182,3/5(‰Î) 16:23
sph,ƒXƒ|[ƒc•ñ’m,‰Y˜a‚e‚v‹»‘TOu‚ ‚¢‚Â‚ÉŠ®”s‚Å‚µ‚½B“w—Í‚Í‰ª‚¿‚á‚ñ‚Ì–£—Ívc“¯‹‰¶E‰ªèTi‚Ìˆø‘Ş”­•\‚ÉS‹«,https://news.yahoo.co.jp/articles/fb1043fcd994d87cf52df78861205b196371d8c0,3/5(‰Î) 16:08
sph,ƒXƒ|[ƒc•ñ’m,y˜ƒWƒƒƒpƒ“z‚v‚a‚b‚Å‚S”Ô‚ğŠO‚³‚ê‚½’j‚ÌŒˆˆÓ@ƒvƒŒƒ~ƒA‚P‚Q‚Ü‚Åu‘S‚¤‚Å‚«‚½‚çv,https://news.yahoo.co.jp/articles/5e8550faa843caf1a4d9b8c6f8e38ee4284ae686,3/5(‰Î) 16:03
sph,ƒXƒ|[ƒc•ñ’m,yƒIƒŠƒbƒNƒXzV‰Á“ü‚ÌƒŠƒŠ[ƒo[‚ª‹…’cŠO‘lÅ‘¬ƒ^ƒC‚Ì‚P‚T‚XƒLƒc‹…’cÅ‘¬‚Ü‚Å‚PƒLƒ,https://news.yahoo.co.jp/articles/abf56d949fadff617ba3dc32e67b32998002d6e6,3/5(‰Î) 16:01
sph,ƒXƒ|[ƒc•ñ’m,¼‰º—R÷u”OŠè‚©‚È‚¢v‚V”N‚Ô‚è‚Q‰ñ–Ú‚Ì”MŠCŒÜ˜YˆêÀA‚¿‚å‚¢ƒƒ‹i—–ğ‚Éu‚Ç‚ê‚¾‚¯“O‚¹‚ç‚ê‚é‚©v,https://news.yahoo.co.jp/articles/09355ac72cb15d09710dbf7bbba88862722e425b,3/5(‰Î) 15:47
sph,ƒXƒ|[ƒc•ñ’m,yƒIƒŠƒbƒNƒXzˆêğ”N‚Ìƒhƒ‰‚P¶˜r‚ªŠJ–‹ƒ[ƒe“ü‚è‚Ö‘OicÀí‚P‚OƒCƒjƒ“ƒO˜A‘±–³¸“_,https://news.yahoo.co.jp/articles/f734f4ed4e8b1a2009bce7e1d3dcc56956eaa30c,3/5(‰Î) 15:46
sph,ƒXƒ|[ƒc•ñ’m,‘æ‚Pq”DP’†‚Ì‘½Šòì‰ØqA—ÕŒ‚É“ü‚Á‚½‚¨• ‚Ì—lq‚ğŒöŠJIu‚¨• ‚Ì•Ï‰»‚É‚Ñ‚Á‚­‚è‚³‚ê‚év,https://news.yahoo.co.jp/articles/61a6d1c3068c31b73f5a08a56e223798802f27dd,3/5(‰Î) 15:45
sph,ƒXƒ|[ƒc•ñ’m,¼•EŒ¹“c‘s—º‚ª–¾‘åE@R—Û‚Æg‹¤‰‰hu‚·‚²‚¢‚¤‚Ü‚¢B“ª‚ğg‚Á‚Ä‚â‚Á‚Ä‚¢‚évc˜ƒWƒƒƒpƒ“Œö®—ûK,https://news.yahoo.co.jp/articles/daa9411ac1216c096c38d84ff54560808ab545ba,3/5(‰Î) 15:37
sph,ƒXƒ|[ƒc•ñ’m,–¾‘åE@R—Û‚ª¼•EŒ¹“c•ã_E’†–ì‚Æç”õƒg[ƒN‚Q‚O•ªu‚¢‚ë‚¢‚ë•·‚«‚È‚ª‚ç‚â‚è‚½‚¢vc˜ƒWƒƒƒpƒ“Œö®—ûK,https://news.yahoo.co.jp/articles/d77c72f1c849ed422c33e0549fc53e8e069f7611,3/5(‰Î) 15:36
sph,ƒXƒ|[ƒc•ñ’m,‚İ‚«ƒ}ƒ}A“Œ‘åiŠw‚ÌgƒCƒPƒƒ“h’·’j‚ğŠço‚µIÀ’í‚Ì¬RŒcˆê˜Y‚Éu‚»‚Á‚­‚èvu‚«‚Á‚Æƒ‚ƒe‚év‚Ìº,https://news.yahoo.co.jp/articles/114e230f3973bc8fd93c40fa3dfe21ee0ef183cb,3/5(‰Î) 15:35
sph,ƒXƒ|[ƒc•ñ’m,‚W‚UÎEˆÉ“Œl˜NA‰‚ÌV‹´‰‰•‘êŒö‰‰uŒÄ‚ñ‚Å‚à‚ç‚¦‚Ä‚¤‚ê‚µ‚©‚Á‚½vA”MŠCŒÜ˜YˆêÀƒQƒXƒgo‰‰,https://news.yahoo.co.jp/articles/b4d6d8fb7a6c3c052263761762367aed7fc69025,3/5(‰Î) 15:32
sph,ƒXƒ|[ƒc•ñ’m,’ÒŠó”üAƒŠƒtƒH[ƒ€‚µ‚½VƒLƒbƒ`ƒ“‚ğĞ‰îI‹“@‚Æ˜b‘è‚Ì©‘î‚Éˆø‚Á‰z‚µ‚Ä‚Q”Nug‚¢‚â‚·‚»‚¤vu–Ø–Ú’²‚Å‘f“Gv,https://news.yahoo.co.jp/articles/c87435ab70c4784d8dd453668fcc06983577dcda,3/5(‰Î) 15:15
sph,ƒXƒ|[ƒc•ñ’m,ƒŠƒ‰ƒbƒNƒ}@‰uˆê“úÁ–h’·v‚Å“°XAÁ–h‰‰K‚Ìw“ªwŠöI“Œ‹Á–h’¡Œö®ƒ}ƒXƒRƒbƒg‚ÌƒLƒ…[ƒ^‚Æ‚Ìg‰‹¤‰‰hI,https://news.yahoo.co.jp/articles/bc119114d7c300bfb368d4de853c1170c24d61ad,3/5(‰Î) 15:15
sph,ƒXƒ|[ƒc•ñ’m,u‚Û‚©‚Û‚©v‚S‚QÎƒQƒXƒg‚ªF‹Cƒ_ƒ_˜R‚ê@ƒlƒbƒgu˜b“ü‚Á‚Ä‚±‚È‚¢vuƒXƒ^ƒCƒ‹—Ç‚·‚¬vu’‹‚©‚çŠá•Ÿv,https://news.yahoo.co.jp/articles/d1a42864cf0cc6f5c79de5db54d9a7d74487a383,3/5(‰Î) 15:05
sph,ƒXƒ|[ƒc•ñ’m,“úŒüâ‚S‚U‚Ì‚–{Ê‰ÔA‘²‹Æ‚ğƒuƒƒO‚Å”­•\u‚½‚­‚³‚ñl‚¦‚ÄŒˆˆÓvê“¡‹q‚É‘±‚«‚PŠú¶‚ª‘²‹Æƒ‰ƒbƒVƒ…,https://news.yahoo.co.jp/articles/b3b34c982b1345c1943656d462cfab20d3acbda7,3/5(‰Î) 15:04
sph,ƒXƒ|[ƒc•ñ’m,y‚ ‚·‚ÌƒuƒMƒEƒMzƒXƒg[ƒŠ[‚Í‚P”NŒã@•ƒ‚Ì”~‹g‚ÉˆÙ•Ï,https://news.yahoo.co.jp/articles/692e4b1fc2d3d1e75e05de27fa0eaaec9bcfb98c,3/5(‰Î) 15:00
sph,ƒXƒ|[ƒc•ñ’m,y‹lzŠJ–‹ƒ[ƒeŒó•âƒƒ“ƒfƒX‚ª‚R‰ñ‚PˆÀ‘Å–³¸“_‚ÌD“Šc‚QŒR‚c‚…‚m‚`í,https://news.yahoo.co.jp/articles/42a4ea978c0d5cff1fb52088353a237afd59cddf,3/5(‰Î) 14:58
sph,ƒXƒ|[ƒc•ñ’m,‚l‚’Dƒ}ƒŠƒbƒN‚Ì–ºE‚k‚t‚m‚`A‚Q‚QƒLƒŒ¸‚Ìƒ_ƒCƒGƒbƒg¬Œ÷I‚í‚¸‚©”¼”N‚Åc•ƒ‚àÕŒ‚uƒ}ƒWƒbƒN‚æ‚è‹Á‚¢‚½v,https://news.yahoo.co.jp/articles/e0a5304c1b6756c9b6b13b69e30b15678fb217a2,3/5(‰Î) 14:55
sph,ƒXƒ|[ƒc•ñ’m,y‚c‚…‚m‚`zƒhƒ‰ƒtƒg‚PˆÊE“x‰ï—²‹P‚ª–{‹’’nEƒnƒ}ƒXƒ^‚Å‰•¨s‚­‚µ‚Ì‘åŠˆ–ô@‚T‰ñ‚É‚ÍŸ‚¿‰z‚µ‘Å‚à•ú‚Â,https://news.yahoo.co.jp/articles/3f54f2a7717426ed60a723769e625b158f27e352,3/5(‰Î) 14:55
sph,ƒXƒ|[ƒc•ñ’m,u«Šû‚Æ‚ê‚¢‚ñv‚ªæ‚è“SE“¡ˆä‘‘¾”ªŠ¥‚Ì’nŒ³‚Å‰^sŠJnŒˆ’è,https://news.yahoo.co.jp/articles/2e2321a52398ac5edcb805b9e26ac3be36a0867f,3/5(‰Î) 14:54
sph,ƒXƒ|[ƒc•ñ’m,‚i‚P_ŒËE‹g“cFsŠÄ“Â‚ª—ûK•œ‹A@‚Q“ú”í‚Í‘Ì’²•s—Ç‚Å•sİuŠO‚Éo‚ç‚ê‚Ä‚¤‚ê‚µ‚¢v,https://news.yahoo.co.jp/articles/e5690b237e0fd581dfa99d589b699873851c9aa6,3/5(‰Î) 14:25
sph,ƒXƒ|[ƒc•ñ’m,“Æ—§‚µ‚½L––—ÁqA“§–¾Š´ƒnƒ“ƒp‚È‚¢I[ÀƒXƒ}ƒCƒ‹‚Éu‚¢‚¢‚ËIvE“cƒtƒHƒƒ[‚T–œl“Ë”j,https://news.yahoo.co.jp/articles/7651ef1a253a811392cf9f31e8f75dda60780598,3/5(‰Î) 14:20
sph,ƒXƒ|[ƒc•ñ’m,y’†“úzƒTƒJƒiƒNƒVƒ‡ƒ“ERŒûˆê˜Y‚ª—§˜QŠÄ“Â‚Ì”w”Ô†‚V‚R‚ğ’…—p@‚SŒ‚S“ú‚Ì‹lí‚Ån‹…®,https://news.yahoo.co.jp/articles/2bbafc8397325e705818196908d90c301f5faa91,3/5(‰Î) 13:40
sph,ƒXƒ|[ƒc•ñ’m,ƒIƒŠƒbƒNƒXE‘]’J—´•½[’†“úE‚‹´G“lcƒXƒ^ƒƒ“”­•\,https://news.yahoo.co.jp/articles/2ee72b3f07b3ea85dedca64eb648e6d6e43e5fad,3/5(‰Î) 13:30
sph,ƒXƒ|[ƒc•ñ’m,‹gìWi••z‘Ü“Ğ‘×@“`àƒ†ƒjƒbƒgu‚b‚n‚l‚o‚k‚d‚wv@‚TŒ‚É“Œ‹‚cŒö‰‰@”\“o”¼“‡’nk‚Ì”íĞ’n‚Ì—Í‚É,https://news.yahoo.co.jp/articles/8ac3e118d0d2ae1c7f029f2d51120aa67e8e4677,3/5(‰Î) 13:20
sph,ƒXƒ|[ƒc•ñ’m,u‚«‚Á‚ÆÅŒã‚ÌÊ^W‚Å‚·v‰œØŒbA”w’†‚Ï‚Á‚­‚èƒhƒŒƒXp@”o—D’‡ŠÔ‚àu‚P‚SÎ‚©‚ç•Ï‚í‚Á‚Ä‚È‚¢v‚Æ‹Á‚«,https://news.yahoo.co.jp/articles/e0da0085f62f49b3844a4de75f833e78028c8cfd,3/5(‰Î) 13:10
sph,ƒXƒ|[ƒc•ñ’m,–Ø‘SãÄ–çA‚l‚‚™@‚i‚ªŒ€ê”ÅVì‚Åu‚µ‚Ü‚¶‚ë‚¤ˆ¤v”M‚­Œê‚éu¬‚³‚¢‚Æ‚«‚©‚ç‚¨¢˜b‚É‚È‚Á‚½v,https://news.yahoo.co.jp/articles/1f9bb13836c6499affab4f0f20fc65bf15f224c0,3/5(‰Î) 13:08
sph,ƒXƒ|[ƒc•ñ’m,‚a‚rƒeƒŒ“Œ‚ÌV”Ô‘gu‚ ‚Ì–{A“Ç‚İ‚Ü‚µ‚½Hv‚ÌƒQƒXƒg‚É‰F’ˆ”òsm‚Ì–ìŒû‘ˆê‚ª“oê@—é–Ø•Û“Ş”üu‚Æ‚Á‚Ä‚à–Ê”’‚¢˜b‚ğ‚µ‚Ä‚­‚¾‚³‚Á‚½v,https://news.yahoo.co.jp/articles/ff1c6385619b85bbd03d421e092b45b27653ccfb,3/5(‰Î) 13:06
sph,ƒXƒ|[ƒc•ñ’m,–¾“ú‰ÔƒLƒ‰ƒ‰A”ü’j”ü—‚È—¼e‚ğŠço‚µIu‹U•¨‚Ìeào‚Ä‚é‚¯‚Ç–{•¨‚Å‚·vƒtƒHƒƒ[‚Ñ‚Á‚­‚èu‚¢‚¢Š´‚¶v,https://news.yahoo.co.jp/articles/a9afdc6ceb28b251fb7a30a36af3049fc1941432,3/5(‰Î) 12:55
sph,ƒXƒ|[ƒc•ñ’m,‚`‚a‚bƒeƒŒƒrEàV“c—L–ç‰ÀƒAƒiu‚¨‚Í’©v‚ÅŒ‹¥”­•\@u‘å’JãÄ•½Hv‚ÌƒCƒWƒŠ‚ÉuEê‚Ì•û‚Æv,https://news.yahoo.co.jp/articles/9d5a13c1912eada5cce0ba1b8e081d5c57861281,3/5(‰Î) 12:54
sph,ƒXƒ|[ƒc•ñ’m,yã_zƒhƒ‰‚UE’Ã“c~Æ‚ªg¹’nƒfƒrƒ…[h‚¿‰z‚µ‚ÉƒKƒbƒNƒŠuã_‰€Œ|‚³‚ñ‚È‚ç‚¢‚¯‚é‚Ì‚©‚È‚Æ‚©cv,https://news.yahoo.co.jp/articles/75a7db5b0f17d61c2aff6f0d48a5d67cc037a84a,3/5(‰Î) 12:52
sph,ƒXƒ|[ƒc•ñ’m,‘ŞĞ‚©‚ç‚Q”Ncƒgƒˆƒ^‚É“]E‚µ‚½•xì—I‘¾‚³‚ñAƒCƒPƒƒ“Œ’İIu‰Âˆ¤‚¢Œã”yv—qƒAƒi‚Æ‚QƒVƒ‡ƒbƒg,https://news.yahoo.co.jp/articles/69ee15e74cb79768c3271940874e6719c0a3c926,3/5(‰Î) 12:50
sph,ƒXƒ|[ƒc•ñ’m,y‚³‚æ‚È‚çƒ}ƒGƒXƒgƒz‚Ü‚³‚©‚Ì‘å•¨—L–¼l‚ªƒ`ƒ‰ƒŠ@ƒlƒbƒguHIvu‚¤‚»‚Å‚µ‚åvuŒ©ŠÔˆá‚¢Hvu‹C‚Ã‚©‚È‚©‚Á‚½v,https://news.yahoo.co.jp/articles/491fe5b3ab4f73bac9fe58bdb0fffe232e2e4fb7,3/5(‰Î) 12:45
sph,ƒXƒ|[ƒc•ñ’m,R‰º’q‹v@ˆÙ‘‚Ì’n‚©‚çg‘fŠçŠ´h–“_“Še@‚à‚®‚à‚®ƒVƒ‡ƒbƒg‚àuƒCƒPƒƒ“‚·‚¬‚Ä‚½‚Ü‚°‚év,https://news.yahoo.co.jp/articles/5da2b21d9e58ee549efebc9a8a65f1b44dd9c04c,3/5(‰Î) 12:35
sph,ƒXƒ|[ƒc•ñ’m,yã_z‘ºãèñ÷A‘å’|k‘¾˜Y‚Ì¡‹G–{‹’’n‰“o”Â‚Í‚¿‰z‚µ@u‚±‚Ì‚Ü‚Ü“Š‚°‚½‚ç•—×ˆø‚«‚»‚¤‚È‚Ì‚Åcv,https://news.yahoo.co.jp/articles/1ba10a5c810aadb2da88c58f2dd2cfd529bb9183,3/5(‰Î) 12:34
sph,ƒXƒ|[ƒc•ñ’m,‚c‚…‚m‚`E‘åŠÑWˆê\ƒƒbƒeE¼–ì—EmcƒXƒ^ƒƒ“”­•\,https://news.yahoo.co.jp/articles/991fff0540e61a543ed033a49920ab950c3432d6,3/5(‰Î) 12:31
sph,ƒXƒ|[ƒc•ñ’m,Šâˆäç—å‚Íğ”N”eÒE‹g–{‚Ğ‚©‚éA÷ˆäS“ß‚Æ—\‘I‚q“¯‘gc‚V“úŠJ–‹E–¾¡ˆÀ“cƒŒƒfƒBƒXAƒcƒA[§Œã‰‚ÌŠJ–‹‚QT˜A‘±‚u‚Ö,https://news.yahoo.co.jp/articles/6866e2229b53aa748927452367cb759d3b49ac6b,3/5(‰Î) 12:27
sph,ƒXƒ|[ƒc•ñ’m,ˆî‘ºˆŸ”üAÎŠç‚ÌƒSƒ‹ƒtƒEƒFƒAƒVƒ‡ƒbƒg‚ÉuÅ‚‚Å‚·vu¡“ú‚à‚ß‚Á‚¿‚á‰Âˆ¤‚·‚¬‚év‚È‚Ç‚Ìº,https://news.yahoo.co.jp/articles/566b04b25bdc6c4e67109df6a5ccfe960457dd54,3/5(‰Î) 12:25
sph,ƒXƒ|[ƒc•ñ’m,ƒWƒƒƒK[‰¡“c‚Ì•vE–Ø‰º”ŸA˜b‘è‚Ì‘§q‚ª‘åèŠé‹Æ‚Ì‚b‚l‚Éo‚Ä‚¢‚½uŒÜ˜YŠÛ‚³‚ñ‚ªå‰‰‚Åcv,https://news.yahoo.co.jp/articles/2557141aa5dcc90770edfc89cf0f46b054583df6,3/5(‰Î) 12:20
sph,ƒXƒ|[ƒc•ñ’m,–{“c—ƒAƒNƒ‰ƒ“ƒNƒCƒ“‰“ú‚ÌÕŒ‚‚Ìo—ˆ–‚ğ”’@u‚«‚å‚¤‚ÌŠIÀ‚Í‚P‚QˆÊcv,https://news.yahoo.co.jp/articles/4ba5ab794b93833003c1591393bd5cb093906e77,3/5(‰Î) 12:15
sph,ƒXƒ|[ƒc•ñ’m,y‹lzŠÛ‰À_‚ªu‚Q”ÔE¶—ƒv‚Å¡‹G‰Àí@æ”­‚ÍŠJ–‹ƒ[ƒeŒó•â‚Ìƒƒ“ƒfƒXc‚QŒR‚c‚…‚m‚`íƒXƒ^ƒƒ“,https://news.yahoo.co.jp/articles/4a58211bd032a9a75795d4bc837d3c500f3bc01b,3/5(‰Î) 12:10
sph,ƒXƒ|[ƒc•ñ’m,ŠC‘NO–†I–Ø‘º•¶”TA‹‰Ø‚·‚¬‚éuèŠª‚«‚¸‚µƒp[ƒeƒB[v‚Éƒ}ƒOƒAƒ^ƒCAƒCƒNƒ‰‚È‚ÇuƒZƒ“ƒX‚·‚²‚¢vu‚í‚­‚í‚­v,https://news.yahoo.co.jp/articles/d2b327d34cea14e1fc421f2fec45d9b17912ac8e,3/5(‰Î) 12:05
sph,ƒXƒ|[ƒc•ñ’m,‹g‰ª—¢”¿AÅ‹ß”w‹Ø‚ª“€‚Á‚½‚±‚Æ‚Íu‚P”N‘O‚Éà•z‚ğ—‚Æ‚µ‚Ü‚µ‚Äv,https://news.yahoo.co.jp/articles/fafd7f268ef1b4aebe7b59309e41c0aaeaf08693,3/5(‰Î) 11:57
sph,ƒXƒ|[ƒc•ñ’m,”Â–ì—F”üA“÷•‹›‚Ìå–ğ‹‰‚Î‚©‚è‚ª•À‚ñ‚¾H‘ì‚ª‚·‚²‚¢Ièì‚èƒnƒ“ƒo[ƒOAhg‚Tí‚È‚Ç‹‰Ø‚·‚¬‚é—[”Ñ,https://news.yahoo.co.jp/articles/fe3f07962f66077e82295d76860400a9c7545980,3/5(‰Î) 11:55
sph,ƒXƒ|[ƒc•ñ’m,ƒXƒL[ƒWƒƒƒ“ƒvE´…—ç—¯”ò‚ªˆø‘Ş@‚Q‚O‚P‚S”Nƒ\ƒ`ŒÜ—Ö’c‘Ì“ºƒƒ_ƒŠƒXƒg,https://news.yahoo.co.jp/articles/207717bf4a0c765e195c2e5effb8e2ce72691c38,3/5(‰Î) 11:47
sph,ƒXƒ|[ƒc•ñ’m,ƒhƒWƒƒ[ƒXR–{—RL‚ÌƒNƒZ‚ğ“ŠèƒXƒ^ƒbƒtŒx‰úc’nŒ³†•ñ‚¶‚é,https://news.yahoo.co.jp/articles/49fe8bdb0223f13295e42e177f2c5e61ed514447,3/5(‰Î) 11:46
sph,ƒXƒ|[ƒc•ñ’m,Œ³ƒLƒƒƒoìĞ’·‚Ìˆ¤‘ò‚¦‚İ‚èA‘æ‚PqoY‚ğŒö•\cƒ}ƒ^ƒjƒeƒB[ƒtƒHƒg‚àŒöŠJu”ü‚µ‚·‚¬‚évu—_‚Ì‚æ‚¤‚È‚¨pv,https://news.yahoo.co.jp/articles/a1adac9ad02b58ec9617dc4ed6a894af114fb5f7,3/5(‰Î) 11:35
sph,ƒXƒ|[ƒc•ñ’m,ˆ°“cˆ¤ØA‚Q‚OÎ‚ğŒ}‚¦‚éß–Ú‚Ì”N‚ÉŠw‚Ñ‚½‚¢‚±‚Æ‚ÍuŠG‰æv,https://news.yahoo.co.jp/articles/704d8c313f54ac06d28a50f0d4535f097bbfc6b9,3/5(‰Î) 11:34
sph,ƒXƒ|[ƒc•ñ’m,uâ‚µ‚¢Iv‚Q™‚Ìƒ}ƒ}‹g“c–¾¢ƒAƒiAƒ‰ƒWƒI”Ô‘g‘²‹Æ‚ğ•ñuq‹Ÿ‚Æ‚ÌŠÔ‚ğ‘‚â‚µ‚½‚¢‚Æ‚¢‚¤v‚¢v,https://news.yahoo.co.jp/articles/b332e7168d8d54deb1dd8933b4c7994c089e2df5,3/5(‰Î) 11:25
sph,ƒXƒ|[ƒc•ñ’m,ƒA[ƒZƒiƒ‹wŠöŠ¯A•yˆÀŒ’—m‚Íu–{“–‚É•œ‹AŠÔ‹ßv‚Æ–¾Œ¾I‚U|‚O‚Ìˆ³ŠªƒS[ƒ‹ƒVƒ‡[‚à•yˆÀ‚Íƒxƒ“ƒ`ŠO,https://news.yahoo.co.jp/articles/bab994144b44e6c6d97820a48898afbd52478f96,3/5(‰Î) 11:20
sph,ƒXƒ|[ƒc•ñ’m,ƒmƒ“ƒXƒ^ˆäã—T‰îAu”ül‚·‚¬‚év‚Æ˜b‘è‚Ìgğ‹h”N‰ºÈ‚Æ‚ÌÅVƒVƒ‡ƒbƒgIu‚S‚SÎ‚ğŒ}‚¦‚Ü‚µ‚½v,https://news.yahoo.co.jp/articles/d6625309656ecefb21ff897d96f2d024117ce7ef,3/5(‰Î) 10:55
sph,ƒXƒ|[ƒc•ñ’m,‚Q‚O‚P‚T”N‚Éƒgƒ‰ƒEƒg‚Æ‚ÌÚí§‚µƒAEƒŠ[ƒO‚l‚u‚oc”MŒŒŠ¿ƒhƒiƒ‹ƒhƒ\ƒ“‚ªˆø‘Ş,https://news.yahoo.co.jp/articles/289f6b5fa777f76a2174fa31bcd7bb2fcc3961fd,3/5(‰Î) 10:43
sph,ƒXƒ|[ƒc•ñ’m,ƒtƒWŒ‚Xƒhƒ‰ƒ}uŒN‚ªS‚ğ‚­‚ê‚½‚©‚çv‘æ‚X˜b‹’®—¦‚Í¢‘Ñ‚TE‚U“AŒÂl‚RE‚T“‚ğƒ}[ƒN,https://news.yahoo.co.jp/articles/ed848b149d062a515db167e6fcfd5cfd00ce1f03,3/5(‰Î) 10:37
sph,ƒXƒ|[ƒc•ñ’m,yã_z¡‹G‰‚Ìbq‰€‚Í‰J“V’†~@ƒI[ƒvƒ“í‰Ÿ—˜‚Æ‘ºãèñ÷A‘å’|k‘¾˜Y‚Ì“o”Â‚Í‚U“úˆÈ~‚É,https://news.yahoo.co.jp/articles/fd3ca767b1ac3df43843f65e09e2ce861d2a7cec,3/5(‰Î) 10:00
sph,ƒXƒ|[ƒc•ñ’m,yã_z‘Oì‰E‹Ag¹’n‚T”ÔŸ•‰h‚ÉˆÓ—~@ƒI[ƒvƒ“í‚W‘Å”–³ˆÀ‘Å‚Åu‚¿‚á‚ñ‚Æó‘Ô‚ğã‚°‚Ä‚â‚Á‚Ä‚¢‚¯‚é‚æ‚¤‚Év,https://news.yahoo.co.jp/articles/131e39596663efece1b500d1055bc5438900eb87,3/5(‰Î) 9:57
sph,ƒXƒ|[ƒc•ñ’m,‰ª“cáÁŸ‚³‚ñ‚Ì‚Q‚TÎ’·—E‰ª“c•ü•ôA’´ƒ~ƒj‚Å”ü‹r‚·‚ç‚èI‚P‚V‚QƒZƒ“ƒ`AÂŠw‘å‘²‚ÌËFŒ“”õu”ü‚µ‚¢v,https://news.yahoo.co.jp/articles/a298bc9cf2e5791262acdbb57ab76c8cd251eef9,3/5(‰Î) 9:55
sph,ƒXƒ|[ƒc•ñ’m,“Œ‹ƒ}ƒ‰ƒ\ƒ“©ŒÈƒxƒXƒg‚ÌˆäãçŠyAu‚·‚¢‚Æ‚ñ‚ğ‚½‚ñ‚Ü‚èì‚Á‚½v—¿—‚Ì˜r‘O‚ª˜b‘èIu‚ß‚Á‚¿‚á‚¨‚¢‚µ‚»‚¤v,https://news.yahoo.co.jp/articles/01e09eb0f609bbf28ea1cc9fffd329487c951b56,3/5(‰Î) 9:45
sph,ƒXƒ|[ƒc•ñ’m,²X–Ø—Ù‘¾˜Yuƒ‚[ƒjƒ“ƒOƒVƒ‡[v‚ÅƒXƒ^ƒ“ƒtƒH[ƒh‘åiŠw——Ru‚Ç‚±‚É‚à˜b‚µ‚Ä‚¢‚È‚¢˜bv”’cu“w—Í‚Ì¸_‚ªŠ´–Á‚ğó‚¯‚Äv,https://news.yahoo.co.jp/articles/19a3a843830429663a0f8d86dda3bde8d541f3f8,3/5(‰Î) 9:43
sph,ƒXƒ|[ƒc•ñ’m,‘å’JãÄ•½‚Ì•ƒE“O‚³‚ñuƒ‚[ƒjƒ“ƒOƒVƒ‡[v‚Å²X–Ø—Ù‘¾˜Yu‰ÔŠª“ŒviŠw”é˜b‚ğ–¾‚©‚·uŠÄ“Â‚Ì‚Æ‚±‚ë‚És‚Á‚Äc‚¨Šè‚¢‚µ‚Ü‚µ‚½v,https://news.yahoo.co.jp/articles/513214875029baf8d26363535836a4868c888508,3/5(‰Î) 9:26
sph,ƒXƒ|[ƒc•ñ’m,ŒŞ‘ã‰Äq@”\“o”¼“‡’nk‚ÌÎìEìFs‚Ìƒyƒbƒg“¯º”ğ“ïŠ‚ğ–K–â•†‚«o‚µ‚àÀ{,https://news.yahoo.co.jp/articles/1c836f4afc8b93ea76b4848864d90239d8fbd3a1,3/5(‰Î) 9:12
sph,ƒXƒ|[ƒc•ñ’m,y˜ƒWƒƒƒpƒ“zˆä’[˜íŸ‚Ö‘åŠw¶‚SlµWA–¾‘åE@R‚É‚Í©g‚ÌŒoŒ±‚ğd‚Ë‚ÄAh‚ ‚év‚¢h‚ğ‘õ‚·c‚ ‚·‚©‚ç‰¢B‘ã•\‚Æ‹­‰»‡,https://news.yahoo.co.jp/articles/b4029ab1a1a9787f9600c32d76dbd9e04a5ff1f1,3/5(‰Î) 9:11
sph,ƒXƒ|[ƒc•ñ’m,“ú–{ƒSƒ‹ƒtƒcƒA[‹@\AŸŠú‰ï’·Å—L—Í‚Í‘q–{¹Oc“ú–{’jqƒcƒA[’ÊZ‚R‚OŸA“ú–{ƒvƒƒSƒ‹ƒt‹¦‰ï‰ï’·‚à‚SŠú‚W”N–±‚ß‚é,https://news.yahoo.co.jp/articles/2fb57009977648c04babe946c7caa50c32ed2c2d,3/5(‰Î) 9:09
sph,ƒXƒ|[ƒc•ñ’m,“ú–{ƒSƒ‹ƒtƒcƒA[‹@\EÂ–ØŒ÷‰ï’·‚ª‘Ş”CAáè¬’·‚Åu‰÷‚¢‚È‚µv‚à¡‹G‡”Å­‚Íu‰÷‚µ‚¢vc’S“–‹LÒ‚ªu˜J‚¤v,https://news.yahoo.co.jp/articles/579eb8f1d2db75ac2c7b53e5d9abcd615dd575dd,3/5(‰Î) 9:07
sph,ƒXƒ|[ƒc•ñ’m,‚X‚QÎ‘å‘º›ÀA‚R‚O‘ã‚Å‹Ö‰Œ‚µ‚½‚«‚Á‚©‚¯‚Í–¼——D‚Ì•Œ¾‚©‚çu‚P‚O‚OÎ‚Ü‚ÅŠæ’£‚è‚½‚¢v,https://news.yahoo.co.jp/articles/b9ec80116f5ac7092353f7cb5f4c3469c98900f1,3/5(‰Î) 9:07
sph,ƒXƒ|[ƒc•ñ’m,yƒIƒŠƒbƒNƒXz‚U“ú‚Ì‰¢B‘ã•\í‚Å“ú‚ÌŠÛƒfƒrƒ…[‚ªŒˆ‚Ü‚Á‚½‚P‚U‚OƒLƒ‰E˜ru‚Ç‚¤‚¢‚Á‚½‹C‚¿‚É‚È‚é‚Ì‚©BŠy‚µ‚İ‚Å‚·v,https://news.yahoo.co.jp/articles/a3170aa2c568f3beb9300f760d727ade01a6699c,3/5(‰Î) 9:06
sph,ƒXƒ|[ƒc•ñ’m,yã_zŒ©‚¦‚Ä‚«‚½‹l‚Æ‚ÌŠJ–‹‚R˜Aíƒ[ƒe@Â–öW—m‚ª‚Q”N˜A‘±ŠJ–‹‚Ö@‘æ‚Qí‚ÍˆÉ“¡«iA‚Rí–Ú‚ÍË–Ø_l‚ª—L—Í,https://news.yahoo.co.jp/articles/0bffceaafc10c2d04aa1bf42c161fab89b54e185,3/5(‰Î) 9:05
sph,ƒXƒ|[ƒc•ñ’m,yã_zƒhƒ‰‚TEÎ•—C–íAƒhƒ‰‚UE’Ã“c~Æ‚ªg¹’n‰“o”Âh‚ÉˆÓ—~@’Ã“c‚Í–ˆõ‚Ìbq‰€‘Îôƒoƒbƒ`ƒŠ,https://news.yahoo.co.jp/articles/703fca2eb0ec72b53b45b2f1c0517593e2340d64,3/5(‰Î) 9:04
sph,ƒXƒ|[ƒc•ñ’m,‰H’¹TˆêƒAƒiAuƒ‚[ƒjƒ“ƒOƒVƒ‡[v²X–Ø—Ù‘¾˜Y“ÆèƒCƒ“ƒ^cƒXƒ^ƒ“ƒtƒH[ƒh‘åiŠw‚É‹e’r—Y¯•‘å’JãÄ•½‚©‚çuƒAƒhƒoƒCƒX‚Í‚ ‚Á‚½‚ñ‚Å‚·‚©Hv,https://news.yahoo.co.jp/articles/1072e11f786b2ae1b5f5105cf79c64d94d67f78f,3/5(‰Î) 8:51
sph,ƒXƒ|[ƒc•ñ’m,y‹lz“c’†ç°AòŒ\•ã‚ª‚QŒR~Ši@Œ»ó‚PŒR‚Í‚R‚VlAŠJ–‹‚Ö‹£‘ˆŒƒ‰»,https://news.yahoo.co.jp/articles/a7f73bd90a8249e95557f27b74ded1a0998d66de,3/5(‰Î) 8:38
sph,ƒXƒ|[ƒc•ñ’m,‹eŠÔç”T•ÙŒìmA‰Î—jƒRƒƒ“ƒe[ƒ^[uƒ‚[ƒjƒ“ƒOƒVƒ‡[vŒ‡Èc‰H’¹TˆêƒAƒi’mu‚¨‹x‚İ‚Å‚²‚´‚¢‚Ü‚·v,https://news.yahoo.co.jp/articles/50716aa7c2e4d06ade40346cfd7090d667ecba0f,3/5(‰Î) 8:24
sph,ƒXƒ|[ƒc•ñ’m,‹g‘ò—º‚ª‰‚Ì‰Ì•‘Šê”o—D–ğu“r•û‚à‚È‚¢’§ív@å‰‰‰f‰æu‘•óv—ˆ”NŒöŠJ,https://news.yahoo.co.jp/articles/907761b1c80dabc11fee55c87fae663c55644e2f,3/5(‰Î) 8:11
sph,ƒXƒ|[ƒc•ñ’m,‚R™‚Ìƒ}ƒ}¬‘q—DqAèì‚è•Ù“–‚ª‚·‚²‚¢Iu’·’j‚ÌƒŠƒNƒGƒXƒg‚Å“V˜¥v’©‚©‚ç—g‚°•¨‚µ‚½‚ÌHI—¿—ãè‚Æ˜b‘è,https://news.yahoo.co.jp/articles/0e89a62db26e50fa02311a98715efa5f09e510bb,3/5(‰Î) 7:55
sph,ƒXƒ|[ƒc•ñ’m,uŒ©‚Ù‚ê‚Ä‚µ‚Ü‚¤v–{“c^ê£‚³‚ñA”w’†ƒpƒbƒNƒŠI‘å’_Œ©‚¹‚Ìƒ”’ƒhƒŒƒXp‚Éƒtƒ@ƒ“‚j‚nu”ü‚µ‚¢vu‚«‚ê‚¢‚È”w’†v,https://news.yahoo.co.jp/articles/52b87f5561ee2b568b2a2e94863bce2d01775de3,3/5(‰Î) 7:43
sph,ƒXƒ|[ƒc•ñ’m,ˆÀZaˆê˜YƒAƒiA”Ì”„I—¹uƒ`ƒFƒ‹ƒV[vÉ•Êu„‚Íƒˆ[ƒOƒ‹ƒgƒXƒJƒbƒ`”hc‚İ‚È‚³‚ñ‚Ìv‚¢o‚Ì’†‚É‚àƒ`ƒFƒ‹ƒV[‚Í‚ ‚é‚Ì‚Å‚Ív,https://news.yahoo.co.jp/articles/beb6e5d87bceedc517c3c25e2c8ea9d3683c74a0,3/5(‰Î) 7:34
sph,ƒXƒ|[ƒc•ñ’m,u“Vg‚Ì‚©‚í‚¢‚³v‚R‚UÎE²X–ØŠóAƒfƒjƒ€~ƒjƒbƒg‚Ì‘u‚â‚©tƒR[ƒf‚Éu‚³‚·‚ª‚Å‚·vu‚¢‚Â‚Ü‚Å‚àá‚¢v‚Ìº,https://news.yahoo.co.jp/articles/0e977a317f84417d9994254e2dd142d90a584309,3/5(‰Î) 7:26
sph,ƒXƒ|[ƒc•ñ’m,‚Ü‚½o‚½I‹lƒAƒx—¬u¸Ši‚¶‚á‚È‚­‚ÄQ‰Áv‚PŒR‰“ªƒXƒ|ƒbƒgQí‚Å‚QŒRímŒ©‹É‚ßƒeƒXƒg,https://news.yahoo.co.jp/articles/da003ac0224e32dc403ad68a65fb89149bc34145,3/5(‰Î) 7:22
sph,ƒXƒ|[ƒc•ñ’m,‹lƒhƒ‰‚PE¼ŠÚuÅ’áŒÀ‚Ì–Ú•WvŠJ–‹‚Ü‚Å–³¸“_éŒ¾Iƒ[ƒe“ü‚è‚ÖŒ‹‰Ê‹‚ß‚écˆ¤—pñ–ƒˆƒMƒ{[‚Å‘Ì’²‚à–œ‘S,https://news.yahoo.co.jp/articles/50a4e31d30be3e809948e0b89d40c3e55b3dd6c5,3/5(‰Î) 7:20
sph,ƒXƒ|[ƒc•ñ’m,XŸAƒsƒ“ƒNƒŠƒ{ƒ“‚ªˆóÛ“I‚È§•p‚Éu‚Ü‚¾‚Ü‚¾§•‚¢‚¯‚Ü‚·‚ËvuÅ‹­‚·‚¬‚év‚ÆŠ½Šì‚Ìº,https://news.yahoo.co.jp/articles/f7ee476ac1468de77020312b4e9f52343f6535f0,3/5(‰Î) 7:14
sph,ƒXƒ|[ƒc•ñ’m,ƒAEƒTEƒmI@ƒAEƒTEƒmI‹lEó–ìãÄŒá‚Ì‰‰‡‰Ì‚ª’a¶Iu‚±‚ñ‚È‚É‘‚­v‹°k‚Æ‹Á‚«,https://news.yahoo.co.jp/articles/22ff09fc8ae360cd738e3ccaeac1e579737638e0,3/5(‰Î) 7:00
sph,ƒXƒ|[ƒc•ñ’m,u‰½’…‚Ä‚à—‡‚Á‚¿‚á‚¤vˆÀ’B—SÀAt‚ç‚µ‚¢ƒR[ƒf‚ªuƒZƒ“ƒX”²ŒQv‚Æ˜b‘èIu‚Ü‚¶ƒIƒVƒƒƒŒvu‚Ü‚Ë‚µ‚½‚¢v,https://news.yahoo.co.jp/articles/71652ae17c2297fb11ea5da4dfb9dded6615389d,3/5(‰Î) 6:51
sph,ƒXƒ|[ƒc•ñ’m,Œ³l‹Cq–ğ‚Ì’J‰Ô‰¹A‰Æ‘°‚ÅŠy‚µ‚ñ‚¾‚Ğ‚ÈÕ‚è‚Ì—lq‚ğ“Še@‹‰Ø‚¿‚ç‚µ‚¸‚µƒP[ƒL‚ÉƒtƒHƒƒ[‚à‚Ñ‚Á‚­‚è,https://news.yahoo.co.jp/articles/00a60400f7d385981efddc31401de838a244c0cd,3/5(‰Î) 6:36
sph,ƒXƒ|[ƒc•ñ’m,up¨‚ª‘f°‚ç‚µ‚¢vŒIŒ´Œb‚³‚ñAu‹r‚ª‚«‚ê‚¢A’·‚·‚¬‚évˆ³ŠªƒXƒ^ƒCƒ‹‚ÅƒN[ƒ‹‚È’…‚±‚È‚µ”â˜I,https://news.yahoo.co.jp/articles/d501cadbb2db8b6ac3516821ddf6a21222a37be0,3/5(‰Î) 6:23
sph,ƒXƒ|[ƒc•ñ’m,‚P‚X‚R‚S”Nƒvƒ‰»Œ©‰z‚µ‚ÄŠJê‚Ì’J’Ã‹…ê‚ÍŠO–ìƒXƒ^ƒ“ƒh‚È‚µ@‹l–{‹’‚Í‚R‚V”NVİ‚ÌŒãŠy‰€‹…ê‚É,https://news.yahoo.co.jp/articles/79f6be6188b4b14661d8cbe0c4455e689363e293,3/5(‰Î) 6:05
sph,ƒXƒ|[ƒc•ñ’m,‚TŒ‚É‚n‚mƒf[ŠJÃ”­•\@‹l‚X‚Oü”N‹L”O“Á•Ê‡@‚R“úu’·“ˆ–Î—Y‚c‚`‚xv‚Q‚W“úu‰¤’å¡‚c‚`‚xv,https://news.yahoo.co.jp/articles/b17e62f9c20b72281165c1e319c7bed672643c5a,3/5(‰Î) 6:01
sph,ƒXƒ|[ƒc•ñ’m,ƒx[ƒuEƒ‹[ƒX‚ª‚©‚Á”ò‚Î‚µ‚P‚VÎ‚Ì‘ò‘º‰h¡‚ªU”¯cç—tE’J’Ã—V‰€–ì‹…ê‚Í‹lŒR‚ÌŒ´“_,https://news.yahoo.co.jp/articles/ce1491a91ceb5374c78d3ceaf596b68f38623552,3/5(‰Î) 6:00
sph,ƒXƒ|[ƒc•ñ’m,y˜ƒWƒƒƒpƒ“z“ú–{ƒnƒ€E‚Q‚RÎ–œ”g’†³‚à–¾‘åE@R‚ç‚É’–Úu‘åŠw¶‚Sl‚ÌƒvƒŒ[Šy‚µ‚İv,https://news.yahoo.co.jp/articles/6d9ab7f4143e670d308d257766e97f5a8a5669af,3/5(‰Î) 6:00
sph,ƒXƒ|[ƒc•ñ’m,‚PŒƒfƒrƒ…[E‚s‚v‚rA‚P‚“‚”ƒ~ƒjƒAƒ‹ƒoƒ€”­”„‹L”OƒVƒ‡[ƒP[ƒX‚Å‚R‹È”M¥@‚i‚h‚g‚n‚n‚mu‚Æ‚Á‚Ä‚àK‚¹v,https://news.yahoo.co.jp/articles/1cf84c8fc730d4d58e0d587d0e8a6452242aff56,3/5(‰Î) 6:00
sph,ƒXƒ|[ƒc•ñ’m,‚r‚v‚d‚d‚s@‚r‚s‚d‚`‚c‚xAƒfƒrƒ…[ƒ‰ƒCƒu‚ÉW‚Ü‚Á‚½‚P‚P‚O‚Ol‚Ì‘O‚Å‚S‹È”â˜I@u«—ˆ“I‚É‚Í•Äƒ‰ƒCƒu‚ğ‚µ‚½‚¢v,https://news.yahoo.co.jp/articles/968e0c9fc05b02c042351be4c41ea133cbca4ef2,3/5(‰Î) 6:00
sph,ƒXƒ|[ƒc•ñ’m,‹lƒiƒCƒ“‚ª‘ä˜p‚Ì·‚èã‚ª‚è‚É•¶‰»‚ÉŠ´Óu‰‰‡‚ª‚·‚²‚©‚Á‚½vu‚Ü‚½—ˆ‚½‚¢‚È‚Æv‚¢‚Ü‚µ‚½v,https://news.yahoo.co.jp/articles/ec5b088343cc15daed2f1a5d315f8c925cd625c0,3/5(‰Î) 6:00
sph,ƒXƒ|[ƒc•ñ’m,‰i–ì‰èˆèƒtƒWŒ‚X@ÕŒ‚‚ÌÅI‰ñ—\‘z@ŒÜŠ´¸‚Á‚½æ‚Éu‰J‚¿‚á‚ñ‚àcvuƒtƒ‰ƒOHvƒlƒbƒgk‚¦‚é,https://news.yahoo.co.jp/articles/350994e8623cd73cecab558389a5c79c041c9c5f,3/5(‰Î) 6:00
sph,ƒXƒ|[ƒc•ñ’m,yƒ{[ƒgƒŒ[ƒXz’nŒ³‚Ì‘O“cŸä‚ª—\‘Iƒ‰ƒXƒg‚ÅŸ•‰‹ì‚¯cŠ—ŒSEƒ‹[ƒL[ƒVƒŠ[ƒY‘æ‚Sí,https://news.yahoo.co.jp/articles/5334d493fd5ab88ecc1c8870c7903b0bb55ade50,3/5(‰Î) 6:00
sph,ƒXƒ|[ƒc•ñ’m,‚h‚r‚r‚h‚m‚Æ‚m‚`‚q‚t‚l‚h‚ª–¾‚©‚·ƒuƒŒƒCƒLƒ“‚ğg‚P‚O‚O”{Šy‚µ‚Şh•û–@cƒpƒŠŒÜ—Ö‹£‹Z,https://news.yahoo.co.jp/articles/5f0359b4c1ebf5270808aed6a7cd5fe372e6fab7,3/5(‰Î) 6:00
sph,ƒXƒ|[ƒc•ñ’m,—Ö“‡Œ÷ˆê‚³‚ñ‚Ì‘·Eˆé’J‘åS@‚SŒ‚X“ú¼–ìW‘¿‚ÆƒŠƒxƒ“ƒWƒ}ƒbƒ`u’´‚¦‚È‚¢‚Æã‚É‚¢‚¯‚È‚¢v,https://news.yahoo.co.jp/articles/db34a1aacd3777aff5446df64377a5ae14c34883,3/5(‰Î) 6:00
sph,ƒXƒ|[ƒc•ñ’m,SUPER EIGHT‘ºãMŒÜƒXƒyƒVƒƒƒ‹ƒCƒ“ƒ^ƒrƒ…[iŒã•Òj,https://news.yahoo.co.jp/articles/c215ddec87a0c2d81b2ea4f8a463549de809ca68,3/5(‰Î) 6:00
sph,ƒXƒ|[ƒc•ñ’m,‘å’n^‰›@‰H¶Œ‹Œ·‚³‚ñ‚Ì‹{éŒö‰‰‚ÅƒXƒyƒVƒƒƒ‹ƒQƒXƒgo‰‰c‚U“ú•tƒXƒ|[ƒc•ñ’m‚Å’P“ÆƒCƒ“ƒ^ƒrƒ…[,https://news.yahoo.co.jp/articles/ec3af997eb2f4bb4e38ea8b78d4d89739f911b7f,3/5(‰Î) 6:00
sph,ƒXƒ|[ƒc•ñ’m,——DE‚Ì‚ñ‚ªˆÙ‘‚Ì’n‚ÅŒ©‚¹‚½g‘ålƒXƒ^ƒCƒ‹h@‘å’_‚·‚¬‚éƒXƒŠƒbƒg‚©‚ç‚Ì‚¼‚­”ü‹r‚ÉuŒ©›‚ê‚Ü‚·v,https://news.yahoo.co.jp/articles/59e1d0358518e6776a4a87f1e1bd3a772c4ca5a4,3/5(‰Î) 5:52
sph,ƒXƒ|[ƒc•ñ’m,ƒtƒBƒŠ[ƒY‚ÌƒUƒbƒNEƒEƒB[ƒ‰[“Šè‚ª—ˆ‹GˆÈ~‚R”NŠÔA—ğ‘ã‚SˆÊ‚Ì”N•½‹Ï‚U‚R‰­‰~‚Ì‘åŒ^Œ_–ñŒ‹‚Ô,https://news.yahoo.co.jp/articles/9efb746b17b6b8b8b2b23a8bf099381cbb737a17,3/5(‰Î) 5:41
sph,ƒXƒ|[ƒc•ñ’m,‚a‚k‚`‚b‚j‚o‚h‚m‚jEƒŠƒTAƒeƒCƒ‰[EƒXƒEƒBƒtƒg‚Æ‚Ì–§’…‚QƒVƒ‡ƒbƒg‚Éƒtƒ@ƒ“Š´ŒƒI¢ŠE’†‚©‚çu‚¢‚¢‚ËIv‚Ì—’,https://news.yahoo.co.jp/articles/24b6e2173faf033a62976bad223497d5053dfd0e,3/5(‰Î) 5:29
sph,ƒXƒ|[ƒc•ñ’m,ƒŒƒbƒhƒ\ƒbƒNƒXE‹g“c³®“ÆèƒCƒ“ƒ^ƒrƒ…[@‚Q”N–Ú‚ÍƒoƒŒƒ‹—¦Œüã–Úw‚·@ƒIƒt‚É‚ÍƒoƒX’Ş‚è‚É‚à’§í,https://news.yahoo.co.jp/articles/f57703dd4518625a341f834065be7ff817a8878f,3/5(‰Î) 5:23
sph,ƒXƒ|[ƒc•ñ’m,â–{u‹…¯v‰ª–{u‘à’·vHLu‹–CvIƒtƒ@ƒ“‚àƒ`ƒA‚à˜A“ú‘å·‚èã‚ª‚è‚Ì‹l‘ä˜p‰“ª‚Í‘å¬Œ÷c’S“–‹LÒ‚ªŒ©‚½,https://news.yahoo.co.jp/articles/da89f370ed464c644700a1b44b8e620282bda3d7,3/5(‰Î) 5:19
sph,ƒXƒ|[ƒc•ñ’m,‹l‚RŒRE‹î“c“¿LŠÄ“Â‚ª‚Q”N–ÚŒ}‚¦‚éó–ì‚Ö“`‚¦‚½‚±‚Æ‚Ícu‰´‚Í‚±‚ê‚¾v‚ğì‚é‚±‚Æ,https://news.yahoo.co.jp/articles/9562aaed287b665eeb3fce5fe52cca6dc6fcbcb8,3/5(‰Î) 5:19
sph,ƒXƒ|[ƒc•ñ’m,‹lEŠÛ‰À_u‚à‚¤‰½‚àS”z‚µ‚Ä‚È‚¢v‰Àí‚©‚ç‚¢‚«‚È‚è–{”Ôƒ‚[ƒhI,https://news.yahoo.co.jp/articles/fc991c907c1be5af056332bb62d0c484ccf6aadb,3/5(‰Î) 5:19
sph,ƒXƒ|[ƒc•ñ’m,ƒpƒhƒŒƒXE¼ˆä—T÷‚ª˜‚Ì’£‚è‚©‚ç‚Ì•œ‹A–Úw‚µƒLƒƒƒbƒ`ƒ{[ƒ‹@•Êƒƒjƒ…[‘±‚«ŠØ‘s‚«‚Í”÷–­‚É,https://news.yahoo.co.jp/articles/d259f0af2c1837c60eecdec464798e2f80475f87,3/5(‰Î) 4:52
sph,ƒXƒ|[ƒc•ñ’m,‚SŒ‚P“ú“üĞ‚ÌƒeƒŒ’©VlƒAƒiƒEƒ“ƒT[ƒRƒ“ƒrAu’´ˆÙ—áv“üĞ®’¼‘O‚É¶•ú‘—ƒfƒrƒ…[ƒŠƒŒ[I,https://news.yahoo.co.jp/articles/422b57388b3e7278c0fee06911734a2143619578,3/5(‰Î) 4:30
sph,ƒXƒ|[ƒc•ñ’m,yƒcƒA[ƒƒVz‚P‚UÎƒxƒXƒgƒAƒ}E‹gèƒ}[ƒi‚ÌÀ‰Æ‚Í‰«“ê‚Ì‹ğ‰®u‹gèH“°vƒCƒ`„‚µ‚ÍuƒS[ƒ„[‚¿‚á‚ñ‚Õ‚é[v,https://news.yahoo.co.jp/articles/771b84ea4c5db75544179e72fa4f9a084d44a238,3/5(‰Î) 4:00
sph,ƒXƒ|[ƒc•ñ’m,‚S™‚Ì•ê•‚SĞ‚ÌĞ’·E‹{è—í‰Ê‚ª‚P‚O”N‚Ô‚è‚ÉŒ|”\ŠE•œ‹A@Œ³‚i‚jƒ‚ƒfƒ‹,https://news.yahoo.co.jp/articles/f9cafb39cbf14b71db427c9ee030cfb121da21d6,3/5(‰Î) 4:00
sph,ƒXƒ|[ƒc•ñ’m,R–{—RLAŠJ–‹‚Qí–Úƒ\ƒEƒ‹‚Å‚u‚rƒ_ƒ‹ƒrƒbƒVƒ…—L@“ú–{læ”­‚Ì“Š‚°‡‚¢‰ß‹Å‘¬‚Ì‚RŒ,https://news.yahoo.co.jp/articles/87742ae19706fde30641d6d8d5d81f6584bb055e,3/5(‰Î) 2:00
sph,ƒXƒ|[ƒc•ñ’m,ƒhƒWƒƒ[ƒXEƒƒo[ƒcŠÄ“Âu‚Æ‚Ä‚à‹°‚ë‚µ‚¢‘Åüv‚l‚u‚o‚P`‚R”Ôuƒxƒbƒ^ƒjƒ}ƒ“vc’S“–‹LÒ‚ªŒ©‚½,https://news.yahoo.co.jp/articles/ff44e103505e0dbb6b0ab7dd363c0a78689401e9,3/5(‰Î) 2:00
sph,ƒXƒ|[ƒc•ñ’m,yƒ{[ƒgƒŒ[ƒXz—\‘Iƒ‰ƒXƒg‰õŸ‚ÌìŒ´³–¾‚ª€—Dioí‚P†’ø‚ğƒQƒbƒgcá¼ƒ~ƒbƒhƒiƒCƒgƒ{[ƒgƒŒ[ƒX,https://news.yahoo.co.jp/articles/b4c74e5a6545a8ea24429e1f0715da48f0fda2af,3/5(‰Î) 1:22
sph,ƒXƒ|[ƒc•ñ’m,ƒzƒbƒP[—qE‚³‚­‚çƒWƒƒƒpƒ“uƒ`[ƒ€ˆêŠÛ‚Æ‚È‚Á‚ÄvAŒË‰z”ª”¦_Ğ‚ÅƒpƒŠŒÜ—Ö‚Ì•KŸ‹FŠè,https://news.yahoo.co.jp/articles/0dd84b34b81c278af0a86c426834f38375fc586a,3/5(‰Î) 0:08
sph,ƒXƒ|[ƒc•ñ’m,Hì‰ëj@“úX‚Ìƒ‹[ƒeƒB[ƒ“‚Íuˆê“ú‚U‚O‚Oƒ[ƒgƒ‹‚ğö…‚Å‰j‚®v,https://news.yahoo.co.jp/articles/f9bc1d9463f53afe60593ea00390fb7ed06a1b51,3/4(Œ) 23:43
sph,ƒXƒ|[ƒc•ñ’m,“¡–{”ü‹MAƒ\ƒ‚©‚ç‚Ìƒ‚[–ºB‰Á“ü‚ÉŠù‘¶ƒƒ“ƒo[‚ÆŠm·u–³‹‚³‚ê‚éB‚ ‚¢‚³‚Â‚µ‚Ä‚à‚µ‚Ä‚­‚ê‚È‚¢v,https://news.yahoo.co.jp/articles/67f1b6a78a17e60a1bf1429c07099bd0bfd41d05,3/4(Œ) 23:27
sph,ƒXƒ|[ƒc•ñ’m,“¡–{”ü‹MA•vE¯i’qt‚Ì•ƒ‚É’¼Œ¾u‚¨•ƒ‚³‚ñA‘S‘RA‰½‚à‚â‚ç‚È‚¢‚¶‚á‚ñB‚¨•ê‚³‚ñA‘å•Ï‚¾‚æv,https://news.yahoo.co.jp/articles/06ea289095565f1ab97c6fb5f7c8e5155e933a65,3/4(Œ) 23:04
sph,ƒXƒ|[ƒc•ñ’m,“¡–{”ü‹MA¯i’qt‚ÆŒ‹¥‘O‚ÉÊ^B‚ç‚ê‚Äƒ‚[–ºBƒŠ[ƒ_[‚ğƒNƒr‚Éu‚Q‚T“úŠÔcBjãÅ’Z‚Å‚·v,https://news.yahoo.co.jp/articles/04f62b116f99461add8dc4d0d0d0130e5b6e0bc3,3/4(Œ) 22:48
sph,ƒXƒ|[ƒc•ñ’m,”~‘ò•x”ü’jA‚P‚O”N‘O‚ÌuƒTƒVƒnƒ‰ƒXƒƒ“ƒgv‚Å”á”»—‚Ñ‚éwŒ´ä»”T‚Éu‚±‚ê–â‘è‚É‚µ‚Ä‚é‚Á‚Ä‚Æ‚±‚ë‚ª•sv‹c‚¾‚æ‚Èv,https://news.yahoo.co.jp/articles/01e16fd25834380ba709ad54ac3432c9b2885aff,3/4(Œ) 22:29
sph,ƒXƒ|[ƒc•ñ’m,y‚c‚…‚m‚`z•Ä•Ä‚b‚k‚t‚a‚ÌÎˆä—³–ç‚ª‚SŒ‚Q‚R“ú‚Ì‹lí‚É“oêu‰¡•l‚Í‚Æ‚Ä‚à“éõ‚İ[‚¢ŠXv,https://news.yahoo.co.jp/articles/9d08fa93d436b7a17d43820a01b9fc682fd77032,3/4(Œ) 22:17
sph,ƒXƒ|[ƒc•ñ’m,¬RŒcˆê˜YA‚P‚O”N‘O‚ÌuƒTƒVƒnƒ‰ƒXƒƒ“ƒgv‚Å”á”»—‚Ñ‚éwŒ´ä»”T‚Éu‚P‚O”N‘O‚ÌƒRƒ“ƒvƒ‰‚Í‚n‚j‚¾‚Á‚½‚í‚¯‚¶‚á‚È‚¢‚Å‚·‚©Hv,https://news.yahoo.co.jp/articles/499ba45ccf3d030281ddf97669a53976c88362eb,3/4(Œ) 22:13
sph,ƒXƒ|[ƒc•ñ’m,–{R‰ëu‚Ì‚ß‚¢E’Ò‘òˆŸ—B‚à‚PƒS[ƒ‹c‚t\‚Q‚O—q“ú–{‘ã•\‚ªƒAƒWƒA”t‚Å‚P‚O\‚O‘åŸ”­i,https://news.yahoo.co.jp/articles/a7f2f164deab71ad0f67b38100bbc435626a1ef0,3/4(Œ) 22:09
sph,ƒXƒ|[ƒc•ñ’m,”~‘ò•x”ü’jAŠO‘lŠÏŒõ‹q‘_‚¢‚Å‘å•’lã‚°‚Ì‚È‚¶‚İ‚ÌˆùH“X‚É‹êŒ¾u‚»‚Ì‚¤‚¿‚É‚µ‚Áƒy•Ô‚µ‚ª—ˆ‚é‚©‚ç‚Èv,https://news.yahoo.co.jp/articles/8dc4a4886bd1709e044401ff02fae6f4ea59c48e,3/4(Œ) 22:02
sph,ƒXƒ|[ƒc•ñ’m,‚l‚h‚r‚h‚`A¬“cºŸ‚çŠ‘®––±Š@ŒÀ“x‚ğ’´‚¦‚½”îæ’†”íŠQ–¾‚©‚·u–@“I‘[’u‹–ì‚É‘Î‰s‚¤•ûjv,https://news.yahoo.co.jp/articles/6ec74b69c5bcc0531a45e5dfd67eb63f0c81edaf,3/4(Œ) 21:56
sph,ƒXƒ|[ƒc•ñ’m,ƒrƒrƒAƒ“EƒX[AD‚«‚È‘ä˜pƒOƒ‹ƒ‚ÍƒJƒ‰ƒXƒ~uƒŠƒ“ƒS‚Æˆê‚ÉH‚×‚é‚Ì‚ª‚¨‹C‚É“ü‚èv,https://news.yahoo.co.jp/articles/8a7634195e34e54edd7646362434804e85f5e3d5,3/4(Œ) 21:37
sph,ƒXƒ|[ƒc•ñ’m,”~‘ò•x”ü’jA‘å’JãÄ•½‚ÌŒ‹¥”­•\‰ïŒ©‚Å‚Ìó‚¯“š‚¦‚ğÌ^uˆÌ‚¢‚ËA‚±‚ÌqB–{“–‚É“ª‚Ì‚¢‚¢q‚¾‚È‚ v,https://news.yahoo.co.jp/articles/1f917c1815fee9fc9d12e8700fc136e505d79dc5,3/4(Œ) 21:37
sph,ƒXƒ|[ƒc•ñ’m,¬RŒcˆê˜YA‘“c‹M‹v‚Ì‰Á“¡ƒVƒQƒAƒLj•Ÿ‚ÌŒ¾—tu‚¨‚ß‚Å‚Æ‚¤AƒIƒŠƒS“œv‚ğà–¾u‚ ‚ê‚Í”Ş‚È‚è‚Ì¸ˆê”t‚Ìcv,https://news.yahoo.co.jp/articles/647490c87458a3451633287fc4d3ef2462279916,3/4(Œ) 21:28
sph,ƒXƒ|[ƒc•ñ’m,”~‘ò•x”ü’jAŠ”‰¿jã‰‚Ì‚S–œ‰~‘ä‚É‚à‹^–âu‘–¯‚Ì¶Šˆ‚Í‚»‚ñ‚È‚É—T•Ÿ‚¶‚á‚È‚¢‚æB‚È‚ñ‚È‚ÌHv,https://news.yahoo.co.jp/articles/f5525550e606a8110b98de269bf8fb063f0ba571,3/4(Œ) 21:20
sph,ƒXƒ|[ƒc•ñ’m,u‚m‚d‚v‚rv¬RŒcˆê˜YAŒ‹¥E‰Á“¡ƒVƒQƒAƒL‚ğ¶j•Ÿu•ñ‚ğó‚¯‚½‚ÍŠ´“®‚µ‚¿‚á‚¢‚Ü‚µ‚½v,https://news.yahoo.co.jp/articles/11dbd99683cd63135c09289aac9fa7ec4e5622fa,3/4(Œ) 21:16
sph,ƒXƒ|[ƒc•ñ’m,²X–Ø—Ù‘¾˜Y‚ªƒXƒ^ƒ“ƒtƒH[ƒh‘å‚Ì‘²‹Æ¶‚ÉŒˆˆÓ‚ÌƒXƒs[ƒ`u—Y¯‚³‚ñAãÄ•½‚³‚ñ‚Ìp‚ğ’Ç‚¢‚½‚¢–²‚ª‚ ‚Á‚½v,https://news.yahoo.co.jp/articles/a15889f0b7c5fadb31d84b2a560f4b07333dedca,3/4(Œ) 19:59
sph,ƒXƒ|[ƒc•ñ’m,t‘Ÿ‚ª‚ñèp¬Œ÷‚ÌƒIƒYƒƒ‹ƒhE”©’†—IA‚T“ú‚Ì‘Ş‰@‚ğ•ñu‚İ‚ä‚«‚Æ‚½‚©‚µ‚³‚ñ‚ÉŒ©ç‚ç‚ê‚ÄH‚×‚éÅŒã‚Ì—[Hv,https://news.yahoo.co.jp/articles/82ea848d487703b3923733865c186ce8d144e7aa,3/4(Œ) 19:50
sph,ƒXƒ|[ƒc•ñ’m,‘å”—Œ†‚ªƒpƒŠŒÜ—Öoê‚ğ–¾Œ¾@‚SŒ‚Ìƒ{ƒXƒgƒ“ƒ}ƒ‰ƒ\ƒ“‚É‚àoê@©g‚Ìƒ†[ƒ`ƒ…[ƒu‚Å”­•\,https://news.yahoo.co.jp/articles/cf6bf703effe7a6bbdc4184cb470482e2f49c875,3/4(Œ) 19:42
sph,ƒXƒ|[ƒc•ñ’m,y‚c‚…‚m‚`z‘åŠÑWˆê‚ªVƒc[ƒV[ƒ€–‚­c‚T“ú‚Ìƒƒbƒeí‚Å¡‹G–{‹’’n‰“o”Âu©•ª‚ç‚µ‚¢“Š‹…‚ª‚Å‚«‚Îv,https://news.yahoo.co.jp/articles/c5fae62a5847cbbf61f8aa581d8052218637ff1d,3/4(Œ) 19:38
sph,ƒXƒ|[ƒc•ñ’m,yã_zbq‰€‚É‚P‚O‚Oü”N‹L”O‘•üŠ®¬@bq‰€‰w‘OLêA‹…ê“üŒû‚È‚Ç‚É“W¦,https://news.yahoo.co.jp/articles/e75e8e369ed4e4659f8d180c84e0c91c801d5ef4,3/4(Œ) 19:36
sph,ƒXƒ|[ƒc•ñ’m,y‚c‚…‚m‚`zXŒh“l‚ª‚T“ú‚Ìƒƒbƒeí‚Å¡‹G‰‚PŒRoêc‚P‚Q‹…’cVl‘æ‚P†‚Ìƒhƒ‰ƒtƒg‚SˆÊEÎã‘×‹P‚Í‚QŒRí‚ÉQ‰Á,https://news.yahoo.co.jp/articles/d3251e75ac7f1638b247e58fc676df7ba898b9a2,3/4(Œ) 19:34
sph,ƒXƒ|[ƒc•ñ’m,g‚¨‚µ‚á‚ê”Ô’·h”ö–Øƒ}ƒ}A•’i’…‚àƒXƒ^ƒCƒŠƒXƒg‚ÉˆË—Š‚Æ–¾‚©‚·@‚»‚Ì——R‚Éu‚Û‚©‚Û‚©vo‰‰ÒŠ´S,https://news.yahoo.co.jp/articles/79528af6f9c4cadf1f046f93d61cd1ca8f3a7b33,3/4(Œ) 19:34
sph,ƒXƒ|[ƒc•ñ’m,‘åm“cŒúA‚T‚Oü”N‹L”O“ú‚SE‚P‚S‘å‰ï‚Å‚Ì‘Îí‰õ‘ø‚ÌÎìCi‚ÉuƒXƒyƒVƒƒƒ‹‚È‚Í‚®‚ê“d—¬”š”j‚ğ—pˆÓ‚·‚é‚ºv,https://news.yahoo.co.jp/articles/7877fcdd7783e9882fef7ea2e89328dde4ffc285,3/4(Œ) 19:23
sph,ƒXƒ|[ƒc•ñ’m,–¾Î‰Æ‚³‚ñ‚Ü‚Ìˆ¤Ô‚ğƒr[ƒg‚½‚¯‚µ‚ª”j‰ócŒ³È‚ªƒ}ƒWØ‚êu”Ô‘g‚©‚ç”ƒ‚Á‚Ä‚à‚ç‚¦‚év‚Éu‹–‚¹‚È‚¢Iv,https://news.yahoo.co.jp/articles/9a9e7e36e415d9abedcdebec3f393fb7deeed0da,3/4(Œ) 19:16
sph,ƒXƒ|[ƒc•ñ’m,ƒ}ƒcƒRA©g‚Ìu’²qv‚É‚Â‚¢‚Ä•·‚©‚ê‘¦“šuã‚é‚±‚Æ‚Í‚È‚¢‚ñ‚¶‚á‚È‚¢‚©‚ÈH@€‚Ê‚Ü‚Åv,https://news.yahoo.co.jp/articles/6debb7b31eea1e290ea06a9790bd00b364f4c2b9,3/4(Œ) 18:58
sph,ƒXƒ|[ƒc•ñ’m,y‚c‚…‚m‚`zƒIƒŠƒbƒNƒX‚©‚çˆÚĞ‚ÌƒTƒuƒ}ƒŠƒ“A–ñ‚W”N‚Ô‚è‚É‹ËŒõŠw‰€ƒoƒbƒeƒŠ[•œŠˆu‰ù‚©‚µ‚©‚Á‚½vc‚U“ú‚Ìƒƒbƒeí‚Å“o”Â,https://news.yahoo.co.jp/articles/430c9121de7500fdf9aefd224c301b70dd94de9f,3/4(Œ) 18:57
sph,ƒXƒ|[ƒc•ñ’m,‹´–{‘å‹PA‚Q‚O‚Q‚S”N‚Íuw‚Ç‚ÌƒXƒ|[ƒc‚ªŠˆ–ô‚µ‚½Hx‚ÆŒ¾‚í‚ê‚½‚çA‘S‘–¯‚Éw‘Ì‘€x‚ÆŒ¾‚Á‚Ä‚à‚ç‚¦‚é‚æ‚¤‚Év,https://news.yahoo.co.jp/articles/34f2ddfa9a1cee6bc64080f23d1f16331d54acd9,3/4(Œ) 18:54
sph,ƒXƒ|[ƒc•ñ’m,y¼•zƒhƒ‰ƒtƒg‚VˆÊ‰E˜r‚ª‹x“ú•ÔãuQ‚Ä‚¢‚é‚Æ‹t‚Éƒ_ƒv,https://news.yahoo.co.jp/articles/36b8090d3dcff55527875d2a333e33b30a09a900,3/4(Œ) 18:53
sph,ƒXƒ|[ƒc•ñ’m,‘å“‡—R—¢ƒAƒi‚Ì—öˆ¤ŠÏ‚Éƒ}ƒcƒREƒfƒ‰ƒbƒNƒXu‚ ‚È‚½‚à‚·‚³‚ñ‚Å‚é‚í‚Ëv,https://news.yahoo.co.jp/articles/5f23e4ea71c239b41d3bbbe7c576fd9d4ceb9e30,3/4(Œ) 18:49
sph,ƒXƒ|[ƒc•ñ’m,ƒ}ƒcƒRAu–¾“úA‰ÉHv‚Æ•·‚©‚ê‚½‚Ì‘Î‰‚Íu—pŒ‚ğ•·‚«o‚·‚Ü‚Å‚ÍA‚±‚¿‚ç‚ÌƒXƒPƒWƒ…[ƒ‹‚É‚Â‚¢‚Ä‚ÍˆêØG‚ê‚È‚¢v,https://news.yahoo.co.jp/articles/4fb7e45811ab5b9bf95545b66ba466c61de8f237,3/4(Œ) 18:45
sph,ƒXƒ|[ƒc•ñ’m,‚f‘åãAƒIƒ‰ƒ“ƒ_‚Ì–¼–åƒAƒ„ƒbƒNƒX‚Æí—ªƒp[ƒgƒi[ƒVƒbƒv‚É‡ˆÓ@ƒgƒbƒvƒ`[ƒ€‚âƒAƒJƒfƒ~[‚Å‘ŠŒİŒğ—¬,https://news.yahoo.co.jp/articles/f2db678d1274f54f3856ee4d421fd58829ffade5,3/4(Œ) 18:41
sph,ƒXƒ|[ƒc•ñ’m,‚v‚a‚nƒAƒWƒAƒpƒVƒtƒBƒbƒNEƒtƒFƒU[‹‰‰¤ÒE“¡“cŒ’™‚ªSNS‚ÅŒ‹¥‚ğ”­•\,https://news.yahoo.co.jp/articles/13cc127e82632778c52ff8ce0d0d17be9e7d9613,3/4(Œ) 18:29
sph,ƒXƒ|[ƒc•ñ’m,›’nŒl˜NAw‰c‚ª”N“à‚Ìƒ‰ƒCƒgƒtƒ‰ƒC‹‰¢ŠE‚S’c‘Ì“ˆê‚ğŒf‚°‚é@ƒtƒ‰ƒC‹‰‚Å‚Ì‚QŠK‹‰§”e‚à—¼‚É‚ç‚İ,https://news.yahoo.co.jp/articles/7f04d186a628d360ed7ac439a98a3f7bfca267f3,3/4(Œ) 18:23
sph,ƒXƒ|[ƒc•ñ’m,˜ƒWƒƒƒpƒ“‚Ìˆä’[O˜aŠÄ“Â‚ª‰¢B‘ã•\‚Ì—ûK‡‚ğ‹@@‚UA‚V“ú‚Ì‹­‰»‡‚ğ‘O‚Éu‘ÅÒ‚ÍU‚è‚ª‹­‚­—Í‚ª‚ ‚év‚ÆŒx‰ú,https://news.yahoo.co.jp/articles/ecdca4d7cd8ca21239cd6cc6269c121a6026548e,3/4(Œ) 18:11
sph,ƒXƒ|[ƒc•ñ’m,ƒJ[ƒŠƒ“ƒO—q“ú–{‘ã•\‚Ì‚r‚bŒyˆä‘òƒNƒ‰ƒu@‰oê‚Ìã–ì”ü—Du’§íÒ‚Æ‚µ‚ÄŠy‚µ‚Şv¢ŠE‘IèŒ ‚ÖŒˆˆÓ,https://news.yahoo.co.jp/articles/cf193a6891f5fb1cea724cce810368a1220293c3,3/4(Œ) 18:07
sph,ƒXƒ|[ƒc•ñ’m,"“ò_ƒCƒ“ƒ^[ ½qAƒIƒtƒBƒVƒƒƒ‹ƒTƒCƒg‚ÌŠJİ‚ğ•ñu‚½‚­‚³‚ñ‚Ì•û‚Éˆ¤‚µ‚Ä‚à‚ç‚¦‚é ""‚‚…‚’‚ƒ‚‰"" ‚É‚È‚è‚Ü‚·‚æ‚¤‚ÉBv",https://news.yahoo.co.jp/articles/5ce13b0b4b5edfeacdc708bde1de427777a617f4,3/4(Œ) 18:05
sph,ƒXƒ|[ƒc•ñ’m,‚SŠú‚W”N@‚i‚f‚s‚nEÂ–ØŒ÷‰ï’·‚ª‘Ş”C‰ïŒ©u‰÷‚¢‚Í‚ ‚è‚Ü‚¹‚ñv‚ÆŒê‚é‚à‡Œ¸‚É‚Íu‰÷‚µ‚¢v,https://news.yahoo.co.jp/articles/42fcfbafcc634fd118d4e2fdcd3b7c8b5e39d101,3/4(Œ) 18:04
sph,ƒXƒ|[ƒc•ñ’m,‚­‚Ó‚¤ƒnƒ„ƒe‚ª‚RE‚P‚TƒEƒGƒXƒ^ƒ“EƒŠ[ƒOŠJ–‹í‚ÌƒIƒŠƒbƒNƒXí‚ÉŒü‚¯ƒ`ƒ‰ƒV”z‚èc‰œ“cˆæ‘¾u‚Pl‚Å‚à‘½‚­‚Ì•û‚É‡‚ÉŒ©‚É—ˆ‚Ä‚à‚ç‚¦‚ê‚Îv,https://news.yahoo.co.jp/articles/734cd630e780b3b6c4b89c1978a0cab719c9ae29,3/4(Œ) 17:53
sph,ƒXƒ|[ƒc•ñ’m,ƒ}ƒcƒRAŒÜ–ØŠ°”V‚Ì¥‚¦‚½Œ»‘ã‚Ì‚R‚juƒJƒlAƒJƒ‰ƒ_AƒRƒRƒv‚ÉuŠ®‘S‚Èó‘Ô‚É‚È‚é‚±‚Æ‚È‚ñ‚Ä‚È‚¢‚Ì‚æAlŠÔv,https://news.yahoo.co.jp/articles/a1cf92a41b292ddcb618b84b78b2ddad5c65710a,3/4(Œ) 17:50
sph,ƒXƒ|[ƒc•ñ’m,’J‚Ü‚è‚ A¡”N‚Ìt‚Íu’J‚Ü‚è‚ jãƒAƒNƒeƒBƒu‚Å‰Âˆ¤‚¢tv,https://news.yahoo.co.jp/articles/6d7d7461d3c35ddba8a100bd8a0a4d4dba154c4c,3/4(Œ) 17:36
sph,ƒXƒ|[ƒc•ñ’m,yƒ„ƒNƒ‹ƒgz‘“cìAŒÃ‘ƒƒ\ƒtƒgƒoƒ“ƒNí‚Å‰¶•Ô‚µ¾‚¤uŠæ’£‚Á‚Ä‚é‚È‚Æv‚Á‚Ä‚à‚ç‚¦‚é‚æ‚¤‚ÉŠæ’£‚è‚½‚¢v,https://news.yahoo.co.jp/articles/8533158f8baa3e872004b189fc68e495a4ee94fb,3/4(Œ) 17:32
sph,ƒXƒ|[ƒc•ñ’m,yƒ„ƒNƒ‹ƒgzƒTƒCƒXƒj[ƒhÀí‚Q“x–Ú‚Ì“o”Â‚ÖuŠJ–‹‚ÉŒü‚¯‚Ä‹…”A¸“x‚ğ–‚­v,https://news.yahoo.co.jp/articles/8e9403df4d7bf5f3566b14beb7127e0e0ad4d669,3/4(Œ) 17:26
sph,ƒXƒ|[ƒc•ñ’m,y”Ô‹LÒ‚Ì‹“_z‰Y˜a‚ªŠJ–‹‚Qí–¢Ÿ—˜u‘Îô‚µ‚â‚·‚·‚¬‚év@ƒJƒM‚ÍVŠÄ“Â‚Ìíp‚ğu‚Í‚İo‚év•K—v«,https://news.yahoo.co.jp/articles/742c93c7c32cda1d8df2cc48e84acee431e7a019,3/4(Œ) 17:21
sph,ƒXƒ|[ƒc•ñ’m,uƒ^ƒNƒV[‚Ì‰^“]è‚³‚ñ‚ÖvƒLƒ“ƒRƒ“¼–ì—ºœAAƒ‹[ƒgŠm”F‚Å—v–]uƒ_ƒ‰Ÿ‚µ’e‚ğ•ú‚è‚ñ‚Å‚­‚é‚ÌA‚â‚ß‚Ä‚­‚¾‚³‚¢v,https://news.yahoo.co.jp/articles/d2904eef57b1148c78ff2f32fda760bc5bfeae30,3/4(Œ) 17:05
sph,ƒXƒ|[ƒc•ñ’m,y’†“úz–¼ŒÃ‰®s“à‚Ì¬ŠwZ‘²‹Æ¶‚ÉƒhƒAƒ‰‚Ì‹L”Oƒtƒ@ƒCƒ‹‚ğ‘¡’æ,https://news.yahoo.co.jp/articles/d316908a0f3751a13c8c09c4288240b7c2ffbf80,3/4(Œ) 16:59
sph,ƒXƒ|[ƒc•ñ’m,‹´‰º“OA‘šŒ‚é‚È‚ÌuTŠ§•¶tv¼–{•ñ“¹”Û’è”­Œ¾‚Éu‚±‚ê‚ª–À‚È‚çTŠ§•¶t‚ÌæŞ•s‘«v,https://news.yahoo.co.jp/articles/edb87652cae28b90e259dea752837aaa604d396f,3/4(Œ) 16:45
sph,ƒXƒ|[ƒc•ñ’m,Œ³‚fímEÄ“cÍŒá‚ªŠJÃ‚ğ–Úw‚·uƒAƒWƒAbq‰€vc‚e‚Œ‚‚‚…@‚`‚“‚‰‚‚ªƒXƒ|ƒ“ƒT[‚É,https://news.yahoo.co.jp/articles/79a59a9339bb9d00971181ae5c8f799a24efa6cf,3/4(Œ) 16:33
sph,ƒXƒ|[ƒc•ñ’m,yƒ\ƒtƒgƒoƒ“ƒNz˜a“c‹BAŒö®í‚àƒI[ƒvƒ“í‚à–{‹’’nŠJ–‹“Šè@ƒ}ƒEƒ“ƒhd“x‘‚ÉDŠ´GuƒƒWƒƒ[‚É—‚Ä‚év,https://news.yahoo.co.jp/articles/0bd426a865b7fe9109d4e506db307a944ba8ad13,3/4(Œ) 16:31
sph,ƒXƒ|[ƒc•ñ’m,‘å“‡ˆ»‰Ø——¬‰’i‚ª‰‚Ìƒ^ƒCƒgƒ‹’§í•——¬“ñ’i¸’iŒˆ‚ß‚é@ƒ}ƒCƒiƒr—qƒI[ƒvƒ“,https://news.yahoo.co.jp/articles/f37edc04c31124b992a912532043d440e2b1fccb,3/4(Œ) 16:26
sph,ƒXƒ|[ƒc•ñ’m,“Œ‘Œ´‰p•vA‘šŒ‚é‚È‚ÌuTŠ§•¶tv¼–{•ñ“¹”Û’è”­Œ¾‚Éu‚±‚Ì—«‚ª‹­—Í‚ÈØŒ¾Ò‚É‚È‚Á‚Ä‚­‚ê‚é‚Ì‚Å‚Ív,https://news.yahoo.co.jp/articles/e8e60679353124c50dfdc57d912d95893757b4ab,3/4(Œ) 16:25
sph,ƒXƒ|[ƒc•ñ’m,y‹lz u’·“ˆ–Î—Y‚c‚`‚xv‚Æu‰¤’å¡‚c‚`‚xv‚Ì“Á»ƒOƒbƒY‚ğ”­”„@ƒ†ƒjƒz[ƒ€Aƒ^ƒIƒ‹‚È‚Ç—\–ñó•t’†,https://news.yahoo.co.jp/articles/0cdf9febd29d8d0e256e96aa2871967005a9d7a4,3/4(Œ) 16:15
sph,ƒXƒ|[ƒc•ñ’m,yƒ\ƒtƒgƒoƒ“ƒNzƒEƒH[ƒJ[AÀ‚ÍƒyƒCƒyƒC‚c‚ª‹êèH’ÊZ‚V‘Å”‚S‚ju‚Å‚à‘Å‹…‚à‚¢‚¢Š´‚¶B¡”N‚ªŠy‚µ‚İv,https://news.yahoo.co.jp/articles/d72092d29cfc765e5d549b87a8455b2217b83d5a,3/4(Œ) 15:45
sph,ƒXƒ|[ƒc•ñ’m,Îì—œ‰ØAƒpƒpƒb‚Æì‚ê‚é‚¨’‹‚²”Ñ‚ª‚¨‚¢‚µ‚»‚¤I“Ø“÷•–ìØ‚½‚Á‚Õ‚è‚Åuâ‘ÎƒEƒ}‚¢‚â‚ÂvuH‚×‚½‚¢v,https://news.yahoo.co.jp/articles/a69288f2df7ebb6a4dfd5ed253354f383f24ea50,3/4(Œ) 15:35
sph,ƒXƒ|[ƒc•ñ’m,‚Q™‚Ìƒ}ƒ}‹ß“¡çqA‚Ğ‚ÈÕ‚èƒƒjƒ…[‚ÌH‘ì‚ª˜b‘èIuH‚×‚é‚Ì‚ª‚à‚Á‚½‚¢‚È‚¢vu‚ß‚Á‚¿‚á‹‰Øv,https://news.yahoo.co.jp/articles/792a16f8e12e98aeff2e97dab01d51b146bf5710,3/4(Œ) 15:35
sph,ƒXƒ|[ƒc•ñ’m,èì‚è‚Á‚Äƒ}ƒW‚ÅHI’ÒŠó”ü‚Ì’·—AƒvƒƒŒƒxƒ‹‚Ìu‚¢‚¿‚²ƒVƒtƒHƒ“v‚ğ“ŠecƒtƒHƒƒ[‚S‚V–œl’´‚Ì”½‹¿,https://news.yahoo.co.jp/articles/df10e85c17d70ffeb880203826ddae5faa3ef77f,3/4(Œ) 15:15
sph,ƒXƒ|[ƒc•ñ’m,g¢ŠEˆêá‚­Œ©‚¦‚éh‚Æ˜b‘è‚ÌƒCƒPƒƒ“’j«A‚T‚WÎ‚ğŒ}‚¦‚½‹ß‰e‚Éƒlƒbƒg‘›‘Ru‚Q‚TÎ‚ÌáÒ‚Ì‚æ‚¤v,https://news.yahoo.co.jp/articles/c8f930515060fb28124ede87e7e5a3872ddaa485,3/4(Œ) 15:05
sph,ƒXƒ|[ƒc•ñ’m,H“¡Ã‚Ì‚Ğ‚ÈÕ‚è—¿—‚ªƒXƒS‚¢IF‘N‚â‚©‚ÈH‘ì‚É@u‚ `H‚×‚½‚¢‚ÁIvu‚±‚ê‚ÍƒƒNƒƒN‚·‚évu–º‚¿‚á‚ñ‚½‚¿‚à‘å–‘«v‚Ìº,https://news.yahoo.co.jp/articles/d28ce6f4fd249146842389cb714db4935fec922d,3/4(Œ) 15:05
sph,ƒXƒ|[ƒc•ñ’m,ƒtƒWƒeƒŒƒr‚ª–Ø—j–é‚ğg‰üŠvh@‚³‚Ü‚Ÿ`‚¸‚ª‰¹Šy”Ô‘g‚l‚bA‚©‚Ü‚¢‚½‚¿‚ÍŠX‚Ì’†‚©‚çgÅ‚‚Ìˆê•ih’T‚µc‚SŒ‰ü•Ò‚ğ”­•\,https://news.yahoo.co.jp/articles/5f2675c6dba5a9c5e84a98eaf9eee8614a168bb8,3/4(Œ) 15:00
sph,ƒXƒ|[ƒc•ñ’m,y‚ ‚·‚ÌƒuƒMƒEƒMzƒAƒƒŠƒJ‚Éo”­‚Ì“úA–º‚Ìˆ¤q‚Íc,https://news.yahoo.co.jp/articles/4630429fddadfbad852f19b172c42a629c75de4c,3/4(Œ) 15:00
sph,ƒXƒ|[ƒc•ñ’m,uƒ}ƒ}‚ÉŒ©‚¦‚È‚¢‚­‚ç‚¢á‚¢‚Áv‚T‚WÎEO“cŠ°qAƒCƒPƒƒ“‘§q‚Rl‚ÉˆÍ‚Ü‚ê‚½Ê^‚É‹Á‚ª‚­u’´ƒJƒƒCƒCv,https://news.yahoo.co.jp/articles/101df96e4cf41053227ecf145fbb963b2fcf530b,3/4(Œ) 14:55
sph,ƒXƒ|[ƒc•ñ’m,“‡“c–ƒ‰›u—DŸ‚µ‚Ä‹A‚Á‚Ä—ˆ‚ç‚ê‚Ä‚¤‚ê‚µ‚¢v¢ŠE‚i‚’“ú–{¨‰˜A”e‚©‚ç‹A‘@t‚©‚çó“c^‰›‚³‚ñ‚ÌgŒã”yh‚Éu‚à‚Á‚Æ—ûK‚ÉW’†v,https://news.yahoo.co.jp/articles/a92879bfdcb6a8efa34c7de38109a7b9878698fb,3/4(Œ) 14:41
sph,ƒXƒ|[ƒc•ñ’m,y‹lz‘ä˜p‚Ìäï‰p•¶‘“‚©‚çˆÙ—áƒƒbƒZ[ƒWu“ú–{‚Æ‚ÌãJ‚ğÄŠm”Fv‘å”M‹¶‚Ì‘ä–kƒh[ƒ€‚Q‡‚ÉŠ´Ó,https://news.yahoo.co.jp/articles/62f580bd41b0ab5a39cb4754c551ac09922b1354,3/4(Œ) 14:36
sph,ƒXƒ|[ƒc•ñ’m,y‹lz‚TŒ‚Éu’·“ˆ–Î—Y‚c‚`‚xvAu‰¤’å¡‚c‚`‚xv‚ğŠJÃ@ˆ¢•”T”V•ŠÄ“Âu‹L”O‚·‚×‚«ƒQ[ƒ€‚É‚µ‚½‚¢v,https://news.yahoo.co.jp/articles/a0299f55e794e68fb4c84122d400a95a573f4c04,3/4(Œ) 14:35
sph,ƒXƒ|[ƒc•ñ’m,yã_z‚Q‚O‚Q‚S”NŒö®ƒCƒ„[ƒuƒbƒNA‚RŒ‚W“ú‚æ‚è—\–ñó•tŠJn@‰ª“c²•zŠÄ“ÂAå—Í‘Iè‚Ì‘Î’k‚È‚ÇŒfÚ,https://news.yahoo.co.jp/articles/f294c507efd6cc940ea29906b0cbe4105278c1d0,3/4(Œ) 14:35
sph,ƒXƒ|[ƒc•ñ’m,¬“‡‚æ‚µ‚¨A‘æ‚Pqu‚¨‚Ï‚Ò‚Ü‚év‚ğŒöŠJ‚Éj•Ÿ‘±Xuâ‘Î‚¢‚¢ƒpƒpIvc‚QŒ‚É’a¶,https://news.yahoo.co.jp/articles/174292d24e81cdf8f705e0bb916e98008d764bf8,3/4(Œ) 14:25
sph,ƒXƒ|[ƒc•ñ’m,yã_z¬”¦—³•½AƒqƒbƒeƒBƒ“ƒOƒ}[ƒ`‚ª’a¶I@‰ÌŒ‚Ég—p‚ÌgŒõ‚é‹Zh@‚Ç‚ñ‚È‹Z‚ğŒ©‚¹‚éH,https://news.yahoo.co.jp/articles/260af0ef559c92b5e055cf402367be5f7e47e44a,3/4(Œ) 14:20
sph,ƒXƒ|[ƒc•ñ’m,yã_z¬–ì›’gAƒqƒbƒeƒBƒ“ƒOƒ}[ƒ`’a¶Iu‘ÅÈ‚Å‚à‚Á‚Æ‹C‡‚¢‚ğo‚¹‚év,https://news.yahoo.co.jp/articles/130e7e1ce265d67b8062f9da459b20ddbc81bcf5,3/4(Œ) 14:10
sph,ƒXƒ|[ƒc•ñ’m,‹M”T‰Ô‚Ì”ül–ºA•êE‰Í–ìŒiq‚Ì‚¨‚©‚İ‚³‚ñ‘ã‚ğŒê‚écg‚¨‚©‚İ‚³‚ñuŠèh‚Ì‰¡RˆÏˆõE®–ì”ü¹q‚É,https://news.yahoo.co.jp/articles/d75aaddab8b716383b1a06cea94a8838a7698419,3/4(Œ) 14:10
sph,ƒXƒ|[ƒc•ñ’m,yã_zbq‰€‹…ê‚Åu‚P‚O‚Oü”N‹L”OƒOƒ‹ƒv‚ğ‚RŒ‚P‚W“ú‚©‚ç”Ì”„,https://news.yahoo.co.jp/articles/fca5f4e18362e5a7c69af023d817f62a1dfa8293,3/4(Œ) 14:00
sph,ƒXƒ|[ƒc•ñ’m,y‹lz‚PŒRƒƒ“ƒo[‚ª‘ä˜p‰“ª‚©‚ç‹A‘@‚W“ú‚©‚çƒI[ƒvƒ“í,https://news.yahoo.co.jp/articles/b5973dd98010231a25379d39ec97551ecfab947d,3/4(Œ) 13:44
sph,ƒXƒ|[ƒc•ñ’m,‰Ì•‘ŠêÀ‚ÅuƒfƒRƒsƒ“vƒlƒ^”ò‚Ño‚µ‹qÈ•¦‚­@uOŒ‘å‰Ì•‘ŠêvŠJ–‹,https://news.yahoo.co.jp/articles/c83d08e597ad80ee4dfc56b49a6ee22233cc4b05,3/4(Œ) 13:35
sph,ƒXƒ|[ƒc•ñ’m,‹Õƒmá‚u‚r–¶“‡‚Í‚WŸ‚R”s‚Å–¶“‡‚ÉŒR”z‚àA‹Õƒmáu•‰‚¯‚½‚Æ‚«‚àU‚ß‚ç‚ê‚½vc“ñŠƒmŠÖˆê–å˜A‡ŒmŒÃ‚ÅV‹Œ‘åŠÖ‚ªO”ÔŒmŒÃ,https://news.yahoo.co.jp/articles/1cbe04f8b2393885da5c0dc01f411c8d669a8240,3/4(Œ) 13:12
sph,ƒXƒ|[ƒc•ñ’m,yã_zbq‰€‚Ìƒ}ƒEƒ“ƒh‚É_ŒË»|Š‚ÌLI‰ïê‚P‚O‚Oü”N‚Å‰‚Ìæ‚è‘g‚İ,https://news.yahoo.co.jp/articles/cea7e906961c666f556e09292ac1bec9765d5910,3/4(Œ) 13:00
sph,ƒXƒ|[ƒc•ñ’m,ƒtƒWƒeƒŒƒru‘‡“I‚È”»’fv@‰ü•Òà–¾‰ï‚ÅƒXƒ}ƒCƒ‹ƒAƒbƒvŠ‘®ƒ^ƒŒƒ“ƒg‚Ìo‰‰”Ô‘gI—¹‚â˜gˆÚ“®‚É‚Â‚¢‚ÄŒ¾‹y,https://news.yahoo.co.jp/articles/56726a01045b0d2491ca1747c1f4dc9d357cd227,3/4(Œ) 12:52
sph,ƒXƒ|[ƒc•ñ’m,‰Á“¡ƒVƒQƒAƒLAˆê”Ê—«‚Æ‚ÌŒ‹¥•ñ‚ÅƒƒfƒBƒA‚È‚Ç‚É”ü–¡‚‹‰ƒ`ƒ‡ƒRƒŒ[ƒg‚ğ‘¡‚é,https://news.yahoo.co.jp/articles/5155413aa6b99d530a38996c68e33e47884425eb,3/4(Œ) 12:50
sph,ƒXƒ|[ƒc•ñ’m,ƒWƒƒƒK[‰¡“c‚Ì•vE–Ø‰º”ŸA‚Q‚OƒLƒŒ¸‚ÌƒCƒPƒƒ“‘§q‚ªu‚Ü‚½‘‰‚¹‚½vƒAƒbƒvƒwƒA‚Ì‹ß‰e‚ğŒöŠJ,https://news.yahoo.co.jp/articles/ede5beafb3b5851bd48ed1ab98b07e6cd2f3a360,3/4(Œ) 12:45
sph,ƒXƒ|[ƒc•ñ’m,y”Ô‹LÒ‚Ì‹“_z“Œ‹‚uA‚P‚U”N‚Ô‚è‚Ì‚i‚PŸ—˜‚É•K—v‚ÈƒQ[ƒ€ƒ`ƒFƒ“ƒWƒƒ[,https://news.yahoo.co.jp/articles/c42875b7fa51d04a54cdaf02332463f64fe4ac8c,3/4(Œ) 12:43
sph,ƒXƒ|[ƒc•ñ’m,‚s‚a‚r“ú—jŒ€êu‚³‚æ‚È‚çƒ}ƒGƒXƒgƒv‘æ‚W‰ñ‹’®—¦‚P‚OE‚R“‚Å‚QƒPƒ^ƒL[ƒv@r•½‚Ì‰ß‹‚ª–¾‚ç‚©‚Éc,https://news.yahoo.co.jp/articles/a8adab084c73b84b1836d6b1570f9d462a30dd44,3/4(Œ) 12:40
sph,ƒXƒ|[ƒc•ñ’m,u•s“KØ‚É‚à‚Ù‚Ç‚ª‚ ‚éIv‘æ‚U˜b‹’®—¦‚Í”Ô‘gÅ‚ƒ^ƒC‚WE‚R“uƒq‚¿‚á‚ñ‰Ì‚ß‚¿‚á‚­‚¿‚áãè‚­‚ÄƒrƒbƒNƒŠv‚Ìº,https://news.yahoo.co.jp/articles/ce04c02b2b02058654b4f0e6263b788914f756a5,3/4(Œ) 12:30
sph,ƒXƒ|[ƒc•ñ’m,yƒ{[ƒgƒŒ[ƒXzÂ–ØŒº‘¾‚ªü‰ñŒë”F‚Ì‹^‚¢‚Å‘¦‹A‹½c“òèEƒZƒ“ƒvƒ‹ƒJƒbƒv,https://news.yahoo.co.jp/articles/70946ecf1fa921c9b30ccd3da326b452330049b5,3/4(Œ) 12:22
sph,ƒXƒ|[ƒc•ñ’m,¼–{luˆù‚İ‰ïQ‰Á‚ÌƒZƒNƒV[——Du‚½‚Ş‚¯‚ñƒ^ƒCƒ€vuŒg‘Ñ‚ğ–vûv•ñ“¹‚ğ”Û’èuƒ\ƒtƒgƒhƒŠƒ“ƒN‚Åc•’Ê‚É‚Ş‚Á‚¿‚áŠy‚µ‚¢v,https://news.yahoo.co.jp/articles/60ed776fc250fa7a21f9c49145c72c04720d3872,3/4(Œ) 12:20
sph,ƒXƒ|[ƒc•ñ’m,u‚«‚ê‚¢‚Èƒ}ƒ}v‚S‚QÎ‚ÅoY‚ÌˆÀ‚ß‚®‚İAu‚¨‹{Q‚è‚Å‚µ‚½vŸ—‚Æ‚Ì‚QƒVƒ‡‚Éu‚©‚í‚¢‚¢vu”ü‚µ‚¢‚Å‚·v‚Ìº,https://news.yahoo.co.jp/articles/d216d0140225a42b8ce08b667e0fba14a9b3397b,3/4(Œ) 12:15
sph,ƒXƒ|[ƒc•ñ’m,ˆ»£‚Í‚é‚©AƒVƒbƒN‚È•‚Ì‘ålƒhƒŒƒX‚Å“o’d@Å‹ß‚Ì‚±‚¾‚í‚è‚Íuƒvƒ‰ƒX‚É‰ğß‚·‚é‚æ‚¤‚ÉˆÓ¯v,https://news.yahoo.co.jp/articles/8ad7794effeabe206cbf7392be864710034165c0,3/4(Œ) 12:10
sph,ƒXƒ|[ƒc•ñ’m,‚m‚g‚j‘å‰Íƒhƒ‰ƒ}uŒõ‚éŒN‚Öv‘æ‚X˜b‹’®—¦‚P‚PE‚Q“‚Éã¸@‹g‚—R—¢qu‘åD‚«‚¾‚Á‚½‚©‚ç‚Ğ‚«‚¸‚Á‚Ä‚év,https://news.yahoo.co.jp/articles/d3951b1917640c9821e07e95aee4159c03eed3e4,3/4(Œ) 12:10
sph,ƒXƒ|[ƒc•ñ’m,Œ³‚s‚a‚rƒAƒiE¬—Ñ—IƒAƒi‚±‚ÆƒAƒ“ƒk‚Í‚é‚©‚ª“dŒ‚•œ‹A@•œ‹A‚ÌŒoˆÜ‚à©‚çà–¾,https://news.yahoo.co.jp/articles/828ed34392f89d0a2a81e3b54428cd28cad7ba19,3/4(Œ) 12:06
sph,ƒXƒ|[ƒc•ñ’m,Ÿ’n—ÁAŒ³È‚Ì‘O“c“Öq‚Æ’·’j‚TÎ‚ğ‚¨j‚¢uƒ}ƒ}‚ÌƒP[ƒL‚ÌƒZƒ“ƒXƒ}ƒWÅ‚‚¾‚ÈvƒtƒHƒƒ[u”šƒCƒP‚Å‚·‚ËIv,https://news.yahoo.co.jp/articles/1c5413edbefe66d5509fda1c8ae86da9266d84be,3/4(Œ) 12:05
sph,ƒXƒ|[ƒc•ñ’m,‘åm“cŒúA‚R‘PœA‚³‚ñ‚Æ‚ÌÄ‰ï‚ğ•ñu‰ï‚¦‚Ä˜b‚¹‚Ä‚·‚²‚­Šğ‚µ‚©‚Á‚½@ƒŠƒ“ƒO‚É–ß‚Á‚Ä—ˆ‚Ä‚­‚¾‚³‚¢v,https://news.yahoo.co.jp/articles/20c3bf5c0121a8378bb6f813be1abf1c95b52703,3/4(Œ) 12:00
sph,ƒXƒ|[ƒc•ñ’m,“¡”g’C¢@uƒCƒ“ƒtƒ‹ƒGƒ“ƒUŠ´õvƒhƒ‰ƒfƒBƒVƒ‡ƒ“‚RE‚TŒãŠy‰€Œ‡êu‹êa‚ÌŒˆ’fc‚¨˜l‚Ñ‚ğ\‚µã‚°‚Ü‚·v‘ã–ğ‚Í“¡Œ´Šì–¾,https://news.yahoo.co.jp/articles/4dc9823984c1fadbecda7ce49bf9d93304450da2,3/4(Œ) 12:00
sph,ƒXƒ|[ƒc•ñ’m,ŒF‚Æ’j‚Ìí‚¢•`‚¢‚½’¼–ØÜu‚Æ‚à‚®‚¢v‰Íí•Hq‚³‚ñAŒF‚Æí‚Á‚½‚±‚Æ‚Íu‚È‚¢‚È‚¢B‹‚Í‚ ‚è‚Ü‚·‚¯‚Çv,https://news.yahoo.co.jp/articles/73de6be99750e8468afc16b26f8dafc5e11378b4,3/4(Œ) 12:00
sph,ƒXƒ|[ƒc•ñ’m,Â“c–ƒ—¢qA‚Ğ‚ÈÕ‚è‚Ì“ú‚Ìè—¿—‚ª‚©‚í‚¢‚·‚¬‚éIu—¿—ƒZƒ“ƒX‘¸ŒhvuH‚×‚é‚Ì‚à‚Á‚½‚¢‚È‚¢vâ^‚Ì—’,https://news.yahoo.co.jp/articles/c33f396ce042bc43c8428ecf8e9c5a463485ba44,3/4(Œ) 11:55
sph,ƒXƒ|[ƒc•ñ’m,uÀÊ”Å‚¨‚Ğ‚È‚³‚Üv’‡—¢ˆËÑAƒ[ƒuƒ‰•¿‚Ì‚Ç”hè‚ÈU‚è‘³‚ğ’…‚±‚È‚µIu‰½‚Å‚à‚¨—‡‚¢vu‚³‚ç‚É‚¨Šç‚ª¬‚³‚­cv,https://news.yahoo.co.jp/articles/fd197b726ea064ec1338a367b6a193d97d862560,3/4(Œ) 11:48
sph,ƒXƒ|[ƒc•ñ’m,•x‰iŒ[¶A‚P‚W“¾“_@‘åŠwÅŒã‚Ìƒz[ƒ€ƒQ[ƒ€‚Å‘å–\‚ê@Ÿ•‰Š‚Ìg‚S“_ƒvƒŒ[h‚ÅŸ—˜“±‚­@ƒtƒ@ƒ“uƒJƒŠ[‚·‚¬‚év,https://news.yahoo.co.jp/articles/2ff5bb4ea780fa9d748244a8e886255c610835b6,3/4(Œ) 11:47
sph,ƒXƒ|[ƒc•ñ’m,“‡“c–ƒ‰›A’†‹‘å’†‹‚‚ÉiŠw@“²‚ê‚Ìó“c^‰›‚³‚ñ‚Æ“¯‚¶‚Z‚Ö@’†“c—m‚à“¯Z‚É“üŠw,https://news.yahoo.co.jp/articles/66180add74d297a69b60c2ceac6aac13393c2fcc,3/4(Œ) 11:45
sph,ƒXƒ|[ƒc•ñ’m,ƒtƒ‚¿‚á‚ñAƒCƒPƒƒ“‚È’í‚ğŠço‚µIƒŒƒA‚È’…•¨p‚ÅŒ‹¥®‚ÉoÈu‚ß‚Á‚¿‚á”ülvu‚»‚Á‚­‚èv‚Æ‘›‘R,https://news.yahoo.co.jp/articles/d1a0b5412f0131f22a8d6341cfd3d9c1876e3703,3/4(Œ) 11:40
sph,ƒXƒ|[ƒc•ñ’m,–{“c–]Œ‹A¶‘«ƒ`ƒ‰Œ©‚¹I‘ål‚Á‚Û‚¢ƒƒ“ƒs[ƒXp‚Éu”ü‹r‰ß‚¬‚évu‘«ƒLƒŒƒCvuÅ‚v‚Æâ^‚Ìº,https://news.yahoo.co.jp/articles/2a332e22307812f1badcc0f00c1fb169da9e83d3,3/4(Œ) 11:32
sph,ƒXƒ|[ƒc•ñ’m,‚S™‚Ìƒ}ƒ}•½ˆ¤—œA‚Ğ‚È‚Ü‚Â‚è‚Ì“ú‚ÌH‘ì‚Éu‹‰Ø‚²”Ñvuƒoƒ‰ƒ“ƒX—Ç‚­•i”‚àcv—c‚¢ ‚Ìg”é‘ Ê^h‚àŒöŠJ,https://news.yahoo.co.jp/articles/d0f2b921147eab7346a530575f27c1651b314d42,3/4(Œ) 11:24
sph,ƒXƒ|[ƒc•ñ’m,yƒ{[ƒgƒŒ[ƒXz‚¨Q‚èŒø‰ÊH@”nê‹M–ç‚ªA‘Oß‚Æ‚±‚È‚ß‚æ‚è•¡Ÿ—¦‚U”{ƒGƒ“ƒWƒ“‚ğƒQƒbƒgc“òèEƒZƒ“ƒvƒ‹ƒJƒbƒv,https://news.yahoo.co.jp/articles/657d2896635abbf40e1708144eeed51339f8c586,3/4(Œ) 11:21
sph,ƒXƒ|[ƒc•ñ’m,‚S™‚Ìƒ}ƒ}E’ÒŠó”üA‚Ğ‚ÈÕ‚è‚Éì‚Á‚½è—¿—‚ª‚·‚²‚¢I‚P‚UÎ’·—u™‰Y‰Æ—Bˆê‚Ì•Pv‚Æ—§”h‚È‚Ğ‚ÈlŒ`,https://news.yahoo.co.jp/articles/ae8c020a2cba70748c4e21698a870f9c5a04a1e2,3/4(Œ) 11:16
sph,ƒXƒ|[ƒc•ñ’m,yƒ{[ƒgƒŒ[ƒXzÄ“¡m‚ªc‚è•Ÿ‚ÅƒG[ƒX‹@‚ğƒQƒbƒgc“òèEƒZƒ“ƒvƒ‹ƒJƒbƒv,https://news.yahoo.co.jp/articles/989605b223ef4094b2f8d09dc97c4e70b8f6ea99,3/4(Œ) 11:10
sph,ƒXƒ|[ƒc•ñ’m,Œ³ƒAƒi‚Ì‚s‚a‚rÖ“¡“N–çuƒ‰ƒ”ƒBƒbƒgIv“oê‚Åu‘‰‚¹‚Ä‚ÄƒrƒbƒNƒŠv‚È‚Ç‘å”½‹¿@–¼•¨”Ô‘g‚ÍƒgƒŒƒ“ƒh“ü‚è,https://news.yahoo.co.jp/articles/95a7774ce78e1613b5c48a69a15fb32da48b515f,3/4(Œ) 10:15
sph,ƒXƒ|[ƒc•ñ’m,ƒ`[ƒ€Ä‡—¬‚Ì“¡˜QW‘¾˜Y‚ªƒuƒ‹ƒyƒ““Š‹…@ˆê‹A‘‚à‹ß“ú’†‚ÉÀí“o”Â‚Ö,https://news.yahoo.co.jp/articles/1a8d1a2b5414106f9f90e1752ee98a9cd1e77587,3/4(Œ) 10:03
sph,ƒXƒ|[ƒc•ñ’m,ƒpƒhƒŒƒXŠÄ“Ââ^u‘S‚ÄƒRƒ“ƒgƒ[ƒ‹‚Å‚«‚Ä‚¢‚½vcƒ_ƒ‹ƒrƒbƒVƒ…‚Qí˜A‘±–³l‹…‚Å‚S‰ñ“r’†‚Q¸“_‚U‚j,https://news.yahoo.co.jp/articles/292c800e10e24a93210ebf69a465d77e22c3fe0b,3/4(Œ) 9:53
sph,ƒXƒ|[ƒc•ñ’m,y‚Z–ì‹…z’m“¿‚Ì‚P‚X‚VƒZƒ“ƒ`‘åŒ^‰E˜rE¬‘D—ƒ‚ªƒZƒ“ƒoƒcoêZ‘Šè‚É‚T‰ñ‚P¸“_,https://news.yahoo.co.jp/articles/9e91557daf1c55dc258a94fade406ef08c89eb7b,3/4(Œ) 9:40
sph,ƒXƒ|[ƒc•ñ’m,‚a‚PƒŒƒoƒ“ƒK–kŠC“¹‚Í²‰ê‚É‚V‚Q\‚W‚V‚Å”s‚ê¡‹G‚R“x–Ú‚Ì‚T˜A”s,https://news.yahoo.co.jp/articles/491619a47e251fa38ff97d9e8aa9750caa7549a6,3/4(Œ) 9:35
sph,ƒXƒ|[ƒc•ñ’m,‰H’¹TˆêƒAƒiA‘å’JãÄ•½‚ÌŒ‹¥‘Šè‚Æ‚Ìo‰ï‚¢‚Ìê‚ğ„‘ªu„‚Íˆê¶Œœ–½AŒ¾—t‚ğ•ï‚ñ‚ÅŒ¾‚Á‚Ä‚é‚ñ‚Å‚·v,https://news.yahoo.co.jp/articles/536783adb9600dcb0620738fe4bbbc10eb5a2674,3/4(Œ) 9:20
sph,ƒXƒ|[ƒc•ñ’m,‚RŒ‚R“ú‚É‚R‚OÎ‚Ì’a¶“úIì“‡ŠC‰×u‚Ç‚ñ‚Ç‚ñV‚µ‚¢‚±‚Æ‚É‚à’§í‚µ‚Ä‚¢‚­—\’èv,https://news.yahoo.co.jp/articles/07f95b02ca63aeb83b21b61dc33193f8bb3a93c3,3/4(Œ) 8:50
sph,ƒXƒ|[ƒc•ñ’m,‘å’JãÄ•½AƒI[ƒvƒ“í‚©‚ç‚·‚²‚·‚¬‚éŠˆ–ô‚Éƒtƒ@ƒ“‚à‹Â“Vu‹C‚ª•t‚¢‚½‚ç‚·‚²‚¢‹L˜^ci‘å’J‚ ‚é‚ ‚éjv,https://news.yahoo.co.jp/articles/f68f8889694dc1e998d7e18e7e9ee48ef4c09ea3,3/4(Œ) 8:47
sph,ƒXƒ|[ƒc•ñ’m,yã_zì“¡KO‚n‚a‰ï’·‚Æ“ú–{ƒnƒ€EV¯„uŠÄ“Â‚ªgÄ‰ïhuƒoƒJ‚È˜b‚ğ‚µ‚Æ‚Á‚½‚ñ‚æv,https://news.yahoo.co.jp/articles/6783077a3594f697a5ca429b90cccaa0de817987,3/4(Œ) 8:44
sph,ƒXƒ|[ƒc•ñ’m,”Ñ“‡’¼qAl‹C‚ÌƒCƒ“ƒXƒ^EƒtƒHƒƒ[‚Ö‚Ìv‚¢–¾‚©‚·uŠñ‚è“Y‚Á‚ÄAˆê‚Éæ‚è‰z‚¦‚½‚¢‚Èv,https://news.yahoo.co.jp/articles/5643853da5a0edcea3ce03bd6c407e10587050ae,3/4(Œ) 8:25
sph,ƒXƒ|[ƒc•ñ’m,ƒoƒŒ[ƒ{[ƒ‹@ƒ‚ƒ“ƒcƒ@E‚‹´—•‚Í“r’†oê‚Å‚T“¾“_AƒŒƒMƒ…ƒ‰[‚qÅIß‚ÅƒXƒgƒŒ[ƒgŸ‚¿,https://news.yahoo.co.jp/articles/d8c442e68b8a0bfb4679ebc433781f817949c6bf,3/4(Œ) 8:16
sph,ƒXƒ|[ƒc•ñ’m,ƒhƒWƒƒ[ƒXwŠöŠ¯uãÄ•½‚É‚Æ‚Á‚Ä‚¢‚¢‚P“ú‚É‚È‚Á‚½v@‘å’JãÄ•½‚RˆÀ‘Å‚Q‘Å“_A‘Åü”š”­‚Å‰õŸ,https://news.yahoo.co.jp/articles/1affa3ca7e518282c2dc37ac8cf1f50c5db27a73,3/4(Œ) 7:59
sph,ƒXƒ|[ƒc•ñ’m,uŒõ‚éŒN‚Öv‘Şê‚Ì”o—D‚ªv‚¢‚Â‚Ã‚éup‚ÍŒ©‚¹‚¸‚Æ‚à‹ó‚©‚çŒ©ç‚Á‚Ä‚¢‚Ü‚·v,https://news.yahoo.co.jp/articles/716d521efaa9ee80b30e128dc3c178de644aed14,3/4(Œ) 7:55
sph,ƒXƒ|[ƒc•ñ’m,uŒõ‚éŒN‚Öv‘Şê‚Ì”o—D‚ªv‚¢‚Â‚Ã‚éup‚ÍŒ©‚¹‚¸‚Æ‚à‹ó‚©‚çŒ©ç‚Á‚Ä‚¢‚Ü‚·v,https://news.yahoo.co.jp/articles/716d521efaa9ee80b30e128dc3c178de644aed14,3/4(Œ) 7:55
sph,ƒXƒ|[ƒc•ñ’m,•—ŠÔr‰îAgŒã”yh‚m‚d‚v‚rE‰Á“¡ƒVƒQƒAƒL‚ÌŒ‹¥‚ğu‚y‚h‚oIv‚Åj•Ÿ,https://news.yahoo.co.jp/articles/e9fe6b13db152e6e0d7d483a54cb5747f387d229,3/4(Œ) 7:49
sph,ƒXƒ|[ƒc•ñ’m,ƒoƒŒ[ƒ{[ƒ‹@ƒ~ƒ‰ƒmEÎì—SŠó‚ªƒ`[ƒ€Å‘½‚Q‚O“¾“_‚Å‚l‚u‚oAƒŒƒMƒ…ƒ‰[‚qÅIß‚ÅŸ—˜,https://news.yahoo.co.jp/articles/c94466f6cc268bfb5749b39b9c80ea9b3d3c8e00,3/4(Œ) 7:49
sph,ƒXƒ|[ƒc•ñ’m,uƒTƒ“ƒ‚ƒj‰oêv‚ÌŠÛRŒj—¢“ŞA‰‘Î–Ê‚ÌŠÖŒûG‚ÌŠ´‘z‚Í,https://news.yahoo.co.jp/articles/8b50b9b1df1f09606fc1898af8e9a7bab5187296,3/4(Œ) 7:45
sph,ƒXƒ|[ƒc•ñ’m,‚a‚På‘ä‚W‚X‚d‚q‚r‚Í‹“s‚É‚V‚Q\‚V‚V‚Å”s‚ê‚é@ƒoƒXƒPƒbƒgƒ{[ƒ‹,https://news.yahoo.co.jp/articles/cc8edf2272e7d63373b8f989b6365a610d7dae2b,3/4(Œ) 7:45
sph,ƒXƒ|[ƒc•ñ’m,ƒ_ƒ‹ƒrƒbƒVƒ…A‰ü—ÇƒXƒC[ƒp[‚Éè‰‚¦@“GŒRƒxƒ“ƒ`‚ÌƒCƒ`ƒ[‚ªuƒ`ƒ‰ƒb‚Æ–Ú‚É“ü‚Á‚½‚ñ‚Å‚·‚¯‚Çcv,https://news.yahoo.co.jp/articles/c11ae27265cc15561d7c98b52285da0b26b19ee1,3/4(Œ) 7:39
sph,ƒXƒ|[ƒc•ñ’m,gƒxƒbƒ^ƒjƒ}ƒ“h‚ª‚¢‚«‚È‚èˆĞ—Í”­Šö@‰‰ñ‚R˜A‘Å‚Å‘N‚â‚©æ§@‘å’JãÄ•½‚RˆÀ‘Å‚Q‘Å“_AwŠöŠ¯u‹°‚ë‚µ‚¢v,https://news.yahoo.co.jp/articles/804c6eda510d83954fd52eeb7d9a8aa724b3f318,3/4(Œ) 7:37
sph,ƒXƒ|[ƒc•ñ’m,u—’v‚Ìˆß‘•ƒfƒUƒCƒ“è‚ª‚¯‚½ÂŒ´‚Æ‚à‚¦A“ñ‹{˜a–ç‚ÉƒKƒ`‹êŒ¾u‚¸`‚Á‚ÆƒpƒYƒ‹ƒQ[ƒ€BĞ‰ïl‚Æ‚µ‚Ä•sv‹c‚È‚Ìv,https://news.yahoo.co.jp/articles/11386d26e46ba11f0fa6194e4bb9cdda4fc29309,3/4(Œ) 7:35
sph,ƒXƒ|[ƒc•ñ’m,ƒeƒŒ’©EˆÀ“¡–GXƒAƒi‚ÌgF‚Ì’…•¨p‚Éu˜a‘•‚à‚ß‚¿‚á‚­‚¿‚á—‡‚Á‚Ä‘f“Gvu”ü‚µ‚¢‚Å‚·v‚Æƒtƒ@ƒ“‚¤‚Á‚Æ‚è,https://news.yahoo.co.jp/articles/ec643e06003db5585d8bf5dc9fd7bd252e48b4d5,3/4(Œ) 7:25
sph,ƒXƒ|[ƒc•ñ’m,u‚ß‚Á‚¿‚á‘f“Gv‚İ‚¿‚å‚ÏA˜e• ƒ`ƒ‰Œ©‚¹IƒGƒbƒW‚ÌŒø‚¢‚½ƒƒ“ƒsp‚Éƒtƒ@ƒ“Š½Šìu–{“–‚ÉƒXƒ^ƒCƒ‹—Ç‚¢vuãY—ív,https://news.yahoo.co.jp/articles/8ad322795a62e85c9fd8f9cc2137a21d61a63bba,3/4(Œ) 7:15
sph,ƒXƒ|[ƒc•ñ’m,ƒŒƒbƒhƒ\ƒbƒNƒXE‹g“c³®‚ª‚P‚Q‘ÅÈ–Ú‚Å‰ƒ^ƒCƒ€ƒŠ[uæ‚è‘g‚ñ‚Å‚¢‚é‚±‚Æ‚ÍÀí‚Å•\Œ»‚Å‚«‚½v,https://news.yahoo.co.jp/articles/e385746f83013a31ad2926c20373b33735fea0cd,3/4(Œ) 7:07
sph,ƒXƒ|[ƒc•ñ’m,”Ñ“‡’¼qAu¡Aˆê”Ô‰ï‚¢‚½‚¢v‚Ì‚Í‚ ‚Ìƒxƒeƒ‰ƒ“——Du——D‚Á‚Äd–‚ğ‹³‚¦‚Ä‚à‚ç‚Á‚½v,https://news.yahoo.co.jp/articles/63e57f5aeecba30366b58785bc571559ef317b89,3/4(Œ) 7:05
sph,ƒXƒ|[ƒc•ñ’m,‚j‚`‚a‚`D‚¿‚á‚ñ•¬ìØ“E‚ªg‚Ğ‚È‚Ü‚Â‚èƒ‰ƒ“ƒ`huŠy‚µ‚¢ŠÔ‚Á‚Ä‰½‚Å‚±‚ñ‚È‚É‘‚­‰ß‚¬‚¿‚á‚¤‚ÌIHv,https://news.yahoo.co.jp/articles/f0dd31483780b94a10f7c3425ec5b3b6229aaf58,3/4(Œ) 6:55
sph,ƒXƒ|[ƒc•ñ’m,“¡}‡S‚‚Ì‚f‚j‹e’n—DˆÇ‚Æ‚l‚e‰º‹g—Dˆß‚ª‘²‹Æ®‚Åƒvƒ‚Å‚ÌÄ‰ï‚ğ¾‚¤,https://news.yahoo.co.jp/articles/ba1cc0639d0475467211b606bdd6dc9c6b1ff07c,3/4(Œ) 6:55
sph,ƒXƒ|[ƒc•ñ’m,‚i‚Q‚¢‚í‚«‚e‚b‚Íƒz[ƒ€ŠJ–‹í‚Å‡I—¹ŠÔÛ‚É’Ç‚¢‚Â‚«‰ªR‚Æ‚P\‚P,https://news.yahoo.co.jp/articles/0bf25be4d30b55f0b24a7a2829aa9f8dab1fae04,3/4(Œ) 6:51
sph,ƒXƒ|[ƒc•ñ’m,‚i‚PD–y‚Ì‚f‚j’†–ì¬Ÿ˜Y‚ªƒ`[ƒ€‚ÌŒ‹‘©‚Ö€”õ–œ’[,https://news.yahoo.co.jp/articles/969ec2a12d8d36ef981be75d1ad7bc5f5f993ef1,3/4(Œ) 6:50
sph,ƒXƒ|[ƒc•ñ’m,ƒfƒrƒ…[‚Q‚Oü”Nu‚s‚q‚h‚o‚k‚`‚m‚dv@‚S‚V“s“¹•{Œ§ƒcƒA[‚SŒ‚U“úD–y‚©‚çƒXƒ^[ƒgcuÕ‚è‚Ì‚æ‚¤‚ÉŠy‚µ‚ñ‚Åˆê”N‚ğ‹ì‚¯”²‚¯‚½‚¢v,https://news.yahoo.co.jp/articles/fe926e8e72eef0115a28f6acf2db4b15c5d3fe4d,3/4(Œ) 6:50
sph,ƒXƒ|[ƒc•ñ’m,ƒJƒuƒXE—é–Ø½–ç‚Í‚S‡–Ú‚ÌƒI[ƒvƒ“í‚Q‘Å”ƒm[ƒqƒbƒg,https://news.yahoo.co.jp/articles/946bcc7e87a2db432da5568f306df857c9528995,3/4(Œ) 6:47
sph,ƒXƒ|[ƒc•ñ’m,uÅ‹­v‰ªèÑŠGA‚¨• ƒ`ƒ‰Œ©‚¹‚ÌƒI[ƒ‹ƒuƒ‰ƒbƒNƒR[ƒf‚ªD•]Iu‚Æ‚Á‚Ä‚àãY—ívu—‡‚¢‚·‚¬v‚Æƒtƒ@ƒ“,https://news.yahoo.co.jp/articles/75539b0e1c860cb3f5f84e662f44f079cd50ecf8,3/4(Œ) 6:46
sph,ƒXƒ|[ƒc•ñ’m,‚c‚…‚m‚`ƒhƒ‰‚SEÎã‚ª‚P‚Q‹…’cVl‘æ‚P†@ƒIƒŠƒbƒNƒXçŒì_‚©‚ç“¯“_‚Qƒ‰ƒ“u‚¢‚¢Š´G‚¾‚Á‚½v,https://news.yahoo.co.jp/articles/9a3d34db01178372b5ea25274e139ec07e81582e,3/4(Œ) 6:45
sph,ƒXƒ|[ƒc•ñ’m,ƒ„ƒNƒ‹ƒgE‘ºãAğ‹GƒŠ[ƒOƒ[ƒXƒg‚¾‚Á‚½‰Û‘è‚à•‚Ì’›‚µ@ƒI[ƒvƒ“í‚P†A¶‚Å‚ñ•”’É‚Åo’x‚ê‚àŠ®‘S•œŠˆ,https://news.yahoo.co.jp/articles/8b505f13863ea424568a0c48166e431822a5966e,3/4(Œ) 6:40
sph,ƒXƒ|[ƒc•ñ’m,‚t\‚P‚UÃ‰ªŒ§‘I”²‚ª‚t\‚P‚U“Œ‹‘I”²‚É‚R\‚P‚ÅŸ—˜@ƒTƒbƒJ[,https://news.yahoo.co.jp/articles/0ad9f778ed4b26b44a66195133e2b74abb9c0a3d,3/4(Œ) 6:40
sph,ƒXƒ|[ƒc•ñ’m,ƒfƒUƒCƒi[‚Æ‚µ‚ÄŠˆ–ô’†‚ÌÂŒ´‚Æ‚à‚¦Au—’v‚Ìˆß‘•è‚ª‚¯‚½Û‚Ì‹ê˜J–¾‚©‚·uƒtƒ@ƒ“‚Ì•û‚Í‚·‚²‚­Œ©‚Ä‚¢‚é‚ñ‚Å‚·‚æv,https://news.yahoo.co.jp/articles/0940e9efc70ae3c5d68669532df2840cf9c337b2,3/4(Œ) 6:37
sph,ƒXƒ|[ƒc•ñ’m,y“ú–{ƒnƒ€zŒSi—T–ç‚ª‹t“]‚Ì‰E‘O‚Q“_‘Å‚Åã_‚É‹t“]Ÿ‚¿@ƒI[ƒvƒ“í‚Éƒtƒ‹oê,https://news.yahoo.co.jp/articles/9cbbfc7c843a7011230244741ad7f58ca3803004,3/4(Œ) 6:35
sph,ƒXƒ|[ƒc•ñ’m,‹luƒ”ƒB[ƒiƒXv‚ÆuŠy“VƒK[ƒ‹ƒYv‚ªƒRƒ‰ƒ{ƒ_ƒ“ƒXuhŒƒ‚É‚È‚Á‚½v,https://news.yahoo.co.jp/articles/a0a14cf38bbdd6565d0d6e59ac3e9a514e397e12,3/4(Œ) 6:30
sph,ƒXƒ|[ƒc•ñ’m,‘å‚Ì—¢A‰Û‘è‚ÌI”Õí•‚Ö–ÒŒmŒÃ‚Å‘Ì—Í‹­‰»uã‚ğ–Úw‚·‚É‚Í‹­‚¢‘Šè‚ÆŒã”¼í‚â‚é‚±‚Æ‚ğl‚¦‚È‚¢‚Æv,https://news.yahoo.co.jp/articles/e47f8d69667733ed5fa5c924c084f7bf4ebf71bb,3/4(Œ) 6:30
sph,ƒXƒ|[ƒc•ñ’m,‚P‚U”N‚Ô‚è‚i‚P•œ‹A‚Ì“Œ‹‚uA‚T‚T‚V‚X“ú‚Ô‚èŸ‚¿“_@‰Y˜a‚ÉŸ—˜–Ú‘O‚o‚jŒ£ã‚à“G’nƒhƒ[,https://news.yahoo.co.jp/articles/d8ab7b78f014acff68f2d521168d05653ebba39c,3/4(Œ) 6:25
sph,ƒXƒ|[ƒc•ñ’m,u’´â‰Âˆ¤‚¢v‚ä‚«‚Û‚æA–…E‚ä‚İ‚¿‚¡‚Æ‚Ìo–…ƒVƒ‡ƒbƒgŒöŠJIu‚»‚Á‚­‚èvu‚Æ‚ñ‚Å‚à‚È‚¢”ülo–…v‚Æ˜b‘è,https://news.yahoo.co.jp/articles/59f72aeef5a3fc4ad6ef6b70a709a59b3891119f,3/4(Œ) 6:23
sph,ƒXƒ|[ƒc•ñ’m,‹lEˆäã‰·‘åA‚R‰ñ‚TˆÀ‘Å‚Q¸“_‚àè‰‚¦uŒˆ‚ß‚é‚×‚«‚Æ‚±‚ë‚ÅŒˆ‚ß‚ç‚ê‚½vc‚Xl‘Šè‚É‚W’DOU,https://news.yahoo.co.jp/articles/c338450f3d550e13de7493111de0cacb1f3f67df,3/4(Œ) 6:20
sph,ƒXƒ|[ƒc•ñ’m,ƒ_ƒ‹ƒrƒbƒVƒ…A‚Q“x–Ú‚Ì‚n‚oí“o”Â‚Í‚S‰ñ“r’†‚SˆÀ‘Å‚Q¸“_@‚Qí˜A‘±–³l‹…‚Å‚U’DOU‚ÆˆÀ’è,https://news.yahoo.co.jp/articles/0b6c154375514cb6e13e3b183669ef85277e1289,3/4(Œ) 6:18
sph,ƒXƒ|[ƒc•ñ’m,—L‹gOsA‘æ‚Pq’a¶uq‚Ç‚à¶‚Ü‚ê‚½‚ñ‚Å‚·‚ævƒ‰ƒWƒI‚Å“‚“Ë‚É”­•\@«•Ê‚È‚Ç‚Íu¡Œã‚àl‚¦‚Ä”­•\‚µ‚½‚­‚È‚¢v,https://news.yahoo.co.jp/articles/0082ea9e85c56ec722a6ccd67e8370d10c31bc1b,3/4(Œ) 6:15
sph,ƒXƒ|[ƒc•ñ’m,u‰Âˆ¤‚¢“Vg‚¾vˆäŒ…OŒbA—z‚¾‚Ü‚è‚Ì’†‚Å‚Ìu”Ş—Š´vˆì‚ê‚éÊ^‚Éƒtƒ@ƒ“Š½Šìu‰Âˆ¤‚¢“Vg‚¾vuƒ}ƒW‚©‚í‚ä‚¢v,https://news.yahoo.co.jp/articles/5c1739e84074922591cefc6898fe2a7ed113c4aa,3/4(Œ) 6:14
sph,ƒXƒ|[ƒc•ñ’m,‹lE‘å¨A‚Q“ú˜A‘±ƒuƒ‹ƒyƒ“‚Å‚Q‚P‹…@–J‚ß‚È‚¢ŠÛ‰À_‚àv‚í‚¸u‚¨‚¨`‚¢‚¢‚Ëv,https://news.yahoo.co.jp/articles/9caec9661fd033fd55ba1c5f71c3b63c8d4bb952,3/4(Œ) 6:10
sph,ƒXƒ|[ƒc•ñ’m,Šâˆäç—å‚ÌŠJ–‹‚u‚ÉoE–¾ˆ¤‚àhŒƒu©•ª‚àŠæ’£‚ç‚È‚¢‚Ævc‘oq‚ªƒ‰ƒCƒoƒ‹‚Å‘ŠæŒø‰Ê,https://news.yahoo.co.jp/articles/c2298186be2cbb6837b530a8adaf1753a8a5610c,3/4(Œ) 6:10
sph,ƒXƒ|[ƒc•ñ’m,“s“à‚Ì‰w‘O‚ğ•à‚­’·’Jì‹qg“B“®‰æh‚É‚Ñ‚Á‚­‚èu•’Ê‚É“¹‚ ‚é‚­‚ñ‚Å‚·‚ËvuŠX’†‚Å‚¨‰ï‚¢‚µ‚½‚¢‚í‚Ÿv,https://news.yahoo.co.jp/articles/96c33a9a1e6289adf480a8470b2a418a60e6b5e8,3/4(Œ) 6:05
sph,ƒXƒ|[ƒc•ñ’m,ƒƒbƒeE²X–Ø˜NŠóA“¯‹½‚Ìæ”yE‘å’J‚Ö‚Ìj•ŸƒƒbƒZ[ƒW‚ÍH@u”N‰º‚È‚Ì‚ÅT‚¦‚ß‚Écv,https://news.yahoo.co.jp/articles/5d06bbf41f2fb15092f29001b06b238ebbb8b69b,3/4(Œ) 6:05
sph,ƒXƒ|[ƒc•ñ’m,Šâˆäç—åA‘å‰ï‹L˜^‚S‘ÅXV‚P‚WƒAƒ“ƒ_[‚ÅŠJ–‹‚u@u‚Â‚ç‚©‚Á‚½vT‚R‰ß“‘‹N‚«ƒgƒŒ‚ÅSg’b‚¦‚½,https://news.yahoo.co.jp/articles/c9be0dac26a9e861ceef9c71f52188ede6175294,3/4(Œ) 6:05
sph,ƒXƒ|[ƒc•ñ’m,‘å’JãÄ•½‚ª‚RˆÀ‘Å‚Q‘Å“_I@ƒI[ƒvƒ“í‘Å—¦‚VŠ„‚P•ª‚S—Ğ•‚V‘ÅÈ˜A‘±o—Û‚Å‚ ‚Æ‚Ğ‚ÆL‚Ñ‚Åò‰z‚¦‚Ì“–‚½‚è‚à,https://news.yahoo.co.jp/articles/0af37cc694bfdc3074d0fb61d6ab43885f384a31,3/4(Œ) 6:01
sph,ƒXƒ|[ƒc•ñ’m,‘Å‹…’¼Œ‚‚Ì‹l‚R”ÔèE–”–ØAg“Sh‚Ìƒn[ƒg‚Å‚P‰ñ–³¸“_@ŠJ–‹‚PŒR‚ÖûŠn‚Æ”½È‚à–¾‚©‚·,https://news.yahoo.co.jp/articles/915396c1a3a5672c709562e06216ecff28894cb8,3/4(Œ) 6:00
sph,ƒXƒ|[ƒc•ñ’m,ƒƒbƒeE²X–Ø˜NŠó‚ª‚Q‰ñ‚P¸“_‚àuŠ´Šo‚Í‚æ‚­‚È‚Á‚Ä‚¢‚év@‹gˆäŠÄ“Âu‹@Œ™‚æ‚­“Š‚°‚Ä‚¢‚½v,https://news.yahoo.co.jp/articles/69e078b9952d55d7bea962bf6e535c46672e6411,3/4(Œ) 6:00
sph,ƒXƒ|[ƒc•ñ’m,ƒXƒ}ƒCƒ‹ƒAƒbƒvŒ‹¥ƒ‰ƒbƒVƒ…I‰Á“¡ƒVƒQƒAƒL‚ªˆê”Ê—«‚ÆƒS[ƒ‹ƒCƒ“@‚m‚d‚v‚r‰uÓ”C‚ÆŠoŒå‚ğ‚Á‚ÄŒˆ’fv,https://news.yahoo.co.jp/articles/6992a6d4ca8fa2a333cb000fa0ea923e9896c1e4,3/4(Œ) 6:00
sph,ƒXƒ|[ƒc•ñ’m,–Fª‹q‚ª‰‚ÌŠÅŒìt–ğ‚ÅƒqƒƒCƒ“‚ğ”M‰‰I@Ô‘^‰q“ñå‰‰ƒtƒWu‚q‚…FƒŠƒxƒ“ƒW|—~–]‚Ì‰Ê‚Ä‚É|v,https://news.yahoo.co.jp/articles/8aa5486cd59b85283b07c31375eb5455002b3970,3/4(Œ) 6:00
sph,ƒXƒ|[ƒc•ñ’m,SUPER EIGHT‘ºãMŒÜƒXƒyƒVƒƒƒ‹ƒCƒ“ƒ^ƒrƒ…[i‘O•Òj,https://news.yahoo.co.jp/articles/96b9d930e20adb23ee29237600dd52918ab89c3d,3/4(Œ) 6:00
sph,ƒXƒ|[ƒc•ñ’m,²“¡K½‚ª‡Œv‚Q‚S‚TE‚V“_‚Å¬”N‘g‰—DŸ@ƒXƒL[ƒWƒƒƒ“ƒv,https://news.yahoo.co.jp/articles/80cdc167b806827e0ac6653c6629d1995740e0f8,3/4(Œ) 5:55
sph,ƒXƒ|[ƒc•ñ’m,ƒpƒŠŒÜ—Ö‚Öİ’èƒ^ƒCƒ€‚S‚P•b“Í‚©‚¸c’jq“ú–{lƒgƒbƒvE¼R—Y‰î‚ª—Ü@‚PÎ–º‚Ìu¬’·vŒ©‚Ä•±‹N@“ú–{—ğ‘ã‚XˆÊ‚Ì‹L˜^‚à,https://news.yahoo.co.jp/articles/1a371ca10a489a3a7315688f9ec37338358db045,3/4(Œ) 5:55
sph,ƒXƒ|[ƒc•ñ’m,uŒƒƒJƒv’†ğ‚ ‚â‚İ‚Ìƒfƒjƒ€~ƒ{ƒŠƒ…[ƒ€‚½‚Á‚Õ‚èƒ`ƒ…[ƒ‹p‚Ì‚s‚f‚bƒIƒtƒVƒ‡‚Éu“Vg‚Å‚·‚©H—_‚Å‚·‚©Hv,https://news.yahoo.co.jp/articles/8d7754deeb0e912a48dc413fb59a4e9a1b4ffe08,3/4(Œ) 5:54
sph,ƒXƒ|[ƒc•ñ’m,‹lE‹ß“¡‘å—ºAƒsƒ“ƒ`µ‚­‚àgƒCƒƒ`ƒFƒ“h‚Å‚O••u’E—Í‚ğƒe[ƒ}‚É“Š‚°‚½v,https://news.yahoo.co.jp/articles/7f4637953e7432f2e760856ca78b07a49e0a5cc1,3/4(Œ) 5:50
sph,ƒXƒ|[ƒc•ñ’m,“ú–{l‚ÌãˆÊioƒ`ƒƒƒ“ƒX‚Í‚ ‚éI@ƒpƒŠŒÜ—Öƒ}ƒ‰ƒ\ƒ“‚ğ¢ŠE—¤ã“ºƒƒ_ƒŠƒXƒgE”ö•û„‚ª•ªÍ,https://news.yahoo.co.jp/articles/3949ac06a6678c75207995de6e9260ff9c109fa4,3/4(Œ) 5:50
sph,ƒXƒ|[ƒc•ñ’m,‚f‚jŒã“¡‰ë–¾‚ª’lç‹à‚Ì‚o‚jƒZ[ƒuI‚i‚QRŒ`‚ª‚Q”N˜A‘±‚Å‚ÌŠJ–‹‚Q˜AŸ,https://news.yahoo.co.jp/articles/73f0a492fa93bcf839cb761842d4ddee6ff7b2c7,3/4(Œ) 5:47
sph,ƒXƒ|[ƒc•ñ’m,ƒAƒ“ƒ~ƒJA‘å•¨ƒ~ƒ…[ƒWƒVƒƒƒ“•vÈ‚Æ‚Ì‚SƒVƒ‡ƒbƒgŒöŠJu‚±‚ñ‚ÈŠG‚É‚È‚éƒJƒbƒR‚¢‚¢‚T‚O‘ã‚ ‚è‚¦‚È‚¢v,https://news.yahoo.co.jp/articles/5652cb51478476b042c7e2cb218097d35dd8b658,3/4(Œ) 5:45
sph,ƒXƒ|[ƒc•ñ’m,‚Q‚O‚Q‚Q”N—¤ã‚Ì‚t‚Q‚O¢ŠE‘IèŒ —q‚P‚T‚O‚Oƒ[ƒgƒ‹‚Å‚UˆÊ“üÜ‚Ì‘ò“cŒ‹–í‚ªƒ‹ƒCƒWƒAƒiB—§‘å‚É‡Ši,https://news.yahoo.co.jp/articles/f1c735413541f3316cb65bf34041cfbd9ccea823,3/4(Œ) 5:45
sph,ƒXƒ|[ƒc•ñ’m,yŠy“Vzƒhƒ‰ƒtƒg‚PˆÊEŒÃÓ÷‚ª‚R‰ñ‚ğ“Š‚°‚QˆÀ‘Å–³¸“_@ƒI[ƒvƒ“í‚R‡–Ú‚Å‰‚Ì‚O••,https://news.yahoo.co.jp/articles/f3966b71ae2ff167f02b8f5105883aa35c4a2103,3/4(Œ) 5:41
sph,ƒXƒ|[ƒc•ñ’m,‹lˆç¬‰E˜r‚ª‚X‰ñ’÷‚ß@‚Q˜A‘±l‹…¨“ŠƒSƒ•¹E¨OƒSƒ@™“àƒR[ƒ`u‚½‚¢‚µ‚½‚à‚Ìv,https://news.yahoo.co.jp/articles/45eb667cfbe4402d1eb1e0783e29cff6901b24d4,3/4(Œ) 5:40
sph,ƒXƒ|[ƒc•ñ’m,ƒpƒŠŒÜ—Öƒ}ƒ‰ƒ\ƒ“ƒR[ƒX‚Í‘å”—Œ†‚Éu‡‚Á‚Ä‚¢‚év@‘ã•\“à’è‚Å‚Z‘ã‰¶t‚ª‘¾ŒÛ”»,https://news.yahoo.co.jp/articles/60a57bc73d00d4036b94bd2e97b3bbc9965763df,3/4(Œ) 5:40
sph,ƒXƒ|[ƒc•ñ’m,‘å’JãÄ•½‚ªƒI[ƒvƒ“í‚R‡˜A‘±ˆÀ‘Å•‘Å“_A‰ƒ}ƒ‹ƒ`@‚Q‘ÅÈ–Ú‚É’†Œ˜ƒtƒFƒ“’¼‚Ì“KO—Û‘Å,https://news.yahoo.co.jp/articles/56baeb04b5716310d1c971bd3d2a0fd5be2eba7d,3/4(Œ) 5:37
sph,ƒXƒ|[ƒc•ñ’m,”Ñ“‡’¼qAu–ü‚â‚µŒnv‚ÌÌ†‚Íu‚İ‚ñ‚È‚ÌŠó–]‚É‰‚¦‚æ‚¤‚İ‚½‚¢‚ÈB‚µ‚æ‚¤‚ª‚È‚¢‚©‚çA‚»‚Á‚¿‚ÉŠñ‚¹‚Ä‚¢‚±‚¤‚Á‚Äv,https://news.yahoo.co.jp/articles/96216a622d9f18582b369191fdf20a48f7ef8be5,3/4(Œ) 5:36
sph,ƒXƒ|[ƒc•ñ’m,y‹£—Öz¼‰Y—Im‚ª‚Ü‚­‚Á‚Ä¡”N‰•‹L”O‚Q‚O“x–Ú‚u`‹Ê–ì‚V‚Rü”NE£ŒË‚Ì‰¤q”t‘ˆ’Dí,https://news.yahoo.co.jp/articles/82741631ecfdc4838fa0ea86ea70d9ed3ee3fd35,3/4(Œ) 5:30
sph,ƒXƒ|[ƒc•ñ’m,‹l‘Åü‚í‚¸‚©‚PˆÀ‘Å‚àuŒ‹‰Ê“I‚É—Ç‚©‚Á‚½vcˆ¢•”ŠÄ“Â‚ª”è‚ÅÌ‚¦‚é‚»‚Ì‚í‚¯‚Í,https://news.yahoo.co.jp/articles/4b5eabbc3ff35c5fe9b1aa2f29e31fd988bc22f7,3/4(Œ) 5:30
sph,ƒXƒ|[ƒc•ñ’m,‘å”—Œ†‚ÌƒpƒŠŒÜ—Öoê‚Íu–{l‚ÌŒû‚©‚ç•·‚¢‚Äv‘‘å‘åæ”y‚ªŒê‚é•sˆÀ@‚SŒƒ{ƒXƒgƒ“ƒ}ƒ‰ƒ\ƒ“oê‚àuS”zv,https://news.yahoo.co.jp/articles/99e4170b7c28d5bdb0c677b560189e07288760d0,3/4(Œ) 5:30
sph,ƒXƒ|[ƒc•ñ’m,y‚u‚PƒŠ[ƒOz‚m‚d‚b‚ª‚Q‹G˜A‘±‚QŠ¥@ŒÃ‰êÑ—“ßuŠF‚ª‹P‚©‚¹‚Ä‚­‚ê‚½vŒˆŸ‚Åƒ`[ƒ€Å‘½‚Q‚U“¾“_A‚Q‹G˜A‘±‚Ì‚l‚u‚o,https://news.yahoo.co.jp/articles/c9804da0d26127434d49ff9f6311d2245d8ea48a,3/4(Œ) 5:30
sph,ƒXƒ|[ƒc•ñ’m,¼”C’J—RÀ‚ÌuŠïÕ‚ÌÄ‰ïv‚Éƒtƒ@ƒ“Š½Šìu’´âAƒŒƒWƒFƒ“ƒhvu„‚ÌÂt‘ã‚ªÄ‰ï‚µ‚Ä‚é`v,https://news.yahoo.co.jp/articles/913408a13ed1f3398f929f6b14e02700bca33075,3/4(Œ) 5:26
sph,ƒXƒ|[ƒc•ñ’m,ƒpƒhƒŒƒX¼ˆä—T÷‚ª“Š‹…—ûKÄŠJc˜‚Ì’£‚è‚©‚çÄo”­‚Ì‚W‹…@ŠJ–‹ƒVƒŠ[ƒYoê‚Ö,https://news.yahoo.co.jp/articles/ff4918f168106bd1f01ca8e4ae1ff9bcc394559c,3/4(Œ) 5:25
sph,ƒXƒ|[ƒc•ñ’m,Šy“VEŠİF”VA‚Ô‚Á‚Â‚¯Àí‚R‰ñŠ®‘Su‘_‚Á‚½‚Æ‚±‚ë‚É“Š‚°‚ç‚ê‚½‚Ì‚Í‚QŠ„‚ ‚Á‚½‚©‚Ç‚¤‚©v,https://news.yahoo.co.jp/articles/c01eca120035fd2732d4789c23b5266b1df1a0b8,3/4(Œ) 5:25
sph,ƒXƒ|[ƒc•ñ’m,‹lE›–ì‚ª‚R‰ñ–³¸“_@ƒvƒ“ü‚è‘O‚É‰¤Œš–¯‚©‚çu‚»‚¤‚¢‚¤‹…‚à‚ ‚Á‚½•û‚ª‚¢‚¢v•Œ¾‚Åg‚É‚Â‚¯‚½–‚‹…,https://news.yahoo.co.jp/articles/d7e137ef3cb295d47fe0947a5e7f01bb77684d79,3/4(Œ) 5:20
sph,ƒXƒ|[ƒc•ñ’m,u‚Q”ÔE‚c‚gv‘å’JãÄ•½‚ªŒ‹¥”­•\Œã‚Q‡–Ú‚Ì‚P‘ÅÈ–Ú‰E‘OˆÀ‘Åc‚n‚oí‚R‡˜A‘±ˆÀ‘ÅAƒhŒR‘Åü‰‰ñ‚©‚ç”š”­,https://news.yahoo.co.jp/articles/f5b7df66743dcaffc4418522dab383cad53eeb93,3/4(Œ) 5:15
sph,ƒXƒ|[ƒc•ñ’m,‹l‚Ì—‘z‚ÍuV‘ã‚Ì“ú–{l“Šè‚R–{’Œv‘º“c^ˆê‚³‚ñuŒË‹½AˆÉDA‚à‚¤ˆêláè‚Ì²o‚Ä‚«‚Äv,https://news.yahoo.co.jp/articles/71e8ff6148e5a47a6193e8c6546c63ff9555ca46,3/4(Œ) 5:10
sph,ƒXƒ|[ƒc•ñ’m,ƒŒƒbƒhƒ\ƒbƒNƒXE‹g“c³®‚ªƒI[ƒvƒ“í‚P‚Q‘ÅÈ–Ú‚Å‰ƒ^ƒCƒ€ƒŠ[,https://news.yahoo.co.jp/articles/1e11f46bf51d4890e90f2f2770931f9d5a68b172,3/4(Œ) 5:09
sph,ƒXƒ|[ƒc•ñ’m,ƒ„ƒ“ƒL[ƒXEƒ\ƒg‚ª‚R†A‘Å—¦‚UŠ„‚U•ª‚V—ĞA‚n‚o‚r‚Í‹ºˆĞ‚Ì‚QE‚U‚P‚U,https://news.yahoo.co.jp/articles/f7ac96defd84c22d50e7da6ffe98ef2e618e65e9,3/4(Œ) 5:01
sph,ƒXƒ|[ƒc•ñ’m,yã_z‰ª“c­Œ ‰ƒI[ƒvƒ“í‚T˜A”s‚àu—Ç‚©‚Á‚½‚íA‚±‚Ì‚Q“úŠÔv‚ÌƒƒP,https://news.yahoo.co.jp/articles/3792f9f6675e580997f977ea82cbd0d524ed5e8d,3/4(Œ) 5:00
sph,ƒXƒ|[ƒc•ñ’m,yƒIƒŠƒbƒNƒXzÅ‘¬‚P‚T‚UƒLƒIV•‚Álgƒ‰[ƒƒ“ƒpƒ[h‚³‚­—ôu“ú–{H‚ª‹…‘¬‚ào‚³‚¹‚Ä‚­‚ê‚½iÎjv,https://news.yahoo.co.jp/articles/f46f9c8a2cda5482a013cd5fa036ceb222b79330,3/4(Œ) 5:00
sph,ƒXƒ|[ƒc•ñ’m,y’†“úzƒxƒeƒ‰ƒ“¶˜r‚ª‚P‚P‚©Œ‚Ô‚è‚PŒR“o”Â‚Å•œ’²ƒAƒs[ƒ‹@—§˜QŠÄ“Âƒzƒbu‡’²‚É‚«‚Ä‚év,https://news.yahoo.co.jp/articles/006c9890191f755a4e88f0cb8dc0299de7a3ceda,3/4(Œ) 5:00
sph,ƒXƒ|[ƒc•ñ’m,‹lERèˆÉDu‚·‚²‚©‚Á‚½Bƒpƒ[‚à‚ç‚¦‚½v‚R‰ñŠ®‘SA‚l‚u‚o“±‚¢‚½‘ä˜p‚Ì‰‰‡,https://news.yahoo.co.jp/articles/2be14e6f8cf209d24235c27c9cba4f6c643112dc,3/4(Œ) 5:00
sph,ƒXƒ|[ƒc•ñ’m,‰f‰æuƒS[ƒ‹ƒfƒ“ƒJƒ€ƒCv‘±•ÒA‚v‚n‚v‚n‚v˜Aƒhƒ‰‚Å¡H•ú‘—E”zM@’r“à””VA÷ˆäƒ†ƒL‚çVƒLƒƒƒXƒg‘±XŒˆ’è,https://news.yahoo.co.jp/articles/dd0a152f11245dd65ff1819956ca28748ba55f5a,3/4(Œ) 5:00
sph,ƒXƒ|[ƒc•ñ’m,yƒ{[ƒgƒŒ[ƒXz‚a‹‰“K—p‚Å‚àÀ—Í‚Í‚`‚PI@”ò“c]ŒÈ‚ª‚R‘–ƒI[ƒ‹‚Q˜A‘Îu‚r‚f‚Æ‚©‚f‚P‚Æ‚©‚Éo‚½‚¢v,https://news.yahoo.co.jp/articles/c0ccc26a91e43623d3ac059b6fc080fb9e4cfd55,3/4(Œ) 5:00
sph,ƒXƒ|[ƒc•ñ’m,ƒhƒWƒƒ[ƒX‚ª‘‚­‚à‚Ù‚ÚŠJ–‹ƒXƒ^ƒƒ“u‚Æ‚Ä‚à‹°‚ë‚µ‚¢ƒ‰ƒCƒ“ƒAƒbƒvv@gƒxƒbƒ^ƒjƒ}ƒ“h‚ç‹­‘ÅÒƒYƒ‰ƒŠ,https://news.yahoo.co.jp/articles/021404ecfe0bad1b739a50e87da0b3435c493fe3,3/4(Œ) 4:45
sph,ƒXƒ|[ƒc•ñ’m,‘å’JãÄ•½A‘O“ú—ûK’†‚É‰Eè¬wƒe[ƒsƒ“ƒO‚àŒyÇ‹­’²u§ŒÀ‚Í‚È‚¢‚Æ•·‚¢‚Ä‚¢‚évu‰e‹¿‚Í‚È‚¢‚Æv‚¤v,https://news.yahoo.co.jp/articles/4635a0a23fd195bba426ec8b6ca682a51eccf116,3/4(Œ) 4:39
sph,ƒXƒ|[ƒc•ñ’m,‘O‰ñ‚V¸“_‚j‚n‚ÌƒŒƒCƒYEã‘ò’¼”VA“ú–{ŠÔ‚U“ú‚ÌŸ‰ñ“o”Â‚ğ‘O‚ÉƒXƒvƒŠƒbƒg‚ğ‘‘¬C³,https://news.yahoo.co.jp/articles/6ae4f347ff5b45016f2801cc5df0eded3785782a,3/4(Œ) 4:33
sph,ƒXƒ|[ƒc•ñ’m,ƒ}ƒ†ƒŠƒJA‘S‘ƒlƒbƒg‚Å‰‚ÌƒƒCƒ“ƒŒƒMƒ…ƒ‰[”Ô‘gŒˆ’èuƒhƒbƒLƒŠ‚É‚µ‚Ä‚Í”Ô‘g–¼‚ªƒEƒ\L‚·‚¬‚é‚Æv‚Á‚½v,https://news.yahoo.co.jp/articles/eafbc32ddcca7cfe81436b037d28b2fa6341a6d5,3/4(Œ) 4:00
sph,ƒXƒ|[ƒc•ñ’m,’†“‡Œ’l‚ªƒZƒNƒV[‚©‚çƒ_ƒ“ƒfƒB[‚ÉIH@V‚b‚l‚Åˆêl“ñ–ğŒZ’í–ğu‚Ğ‚°‚É’–Ú‚¢‚½‚¾‚¯‚ê‚Îv,https://news.yahoo.co.jp/articles/f200d5a9bdee7e8d750bd47ac1e5da51d335cc02,3/4(Œ) 4:00
sph,ƒXƒ|[ƒc•ñ’m,ƒ‰ƒ‚ƒX—ÚˆÌA‰Y˜aƒTƒ|[ƒ^[‚ğâ^u‘åD‚«BƒAƒWƒA‚m‚n‚P‚Å‚·v@éƒXƒ^‚Åƒg[ƒNƒVƒ‡[,https://news.yahoo.co.jp/articles/fa6dccb4b78ccda8076a2382f3e5ddf20f1e0ec5,3/4(Œ) 1:29
sph,ƒXƒ|[ƒc•ñ’m,ƒZ[ƒŠƒ“ƒO¬‡‚S‚V‚O‹‰Eˆéè“N–çAŠÖ—F—¢Œb‘gA¢ŠE‘IèŒ ‚Å–³”O‚Ì‚WˆÊ@ÅIƒŒ[ƒX’†~‚ÅŠª‚«•Ô‚µ‚È‚ç‚¸,https://news.yahoo.co.jp/articles/cc41bd2d8c4a55cea049f39aed9b8561198bd9ef,3/4(Œ) 1:05
sph,ƒXƒ|[ƒc•ñ’m,ƒZ[ƒŠƒ“ƒO¬‡‚S‚V‚O‹‰E‰ª“cšõ÷A‹g‰ª”ü”¿‘gA¢ŠE‘IèŒ ‚Å“ºƒƒ_ƒ‹Šl“¾@ƒpƒŠŒÜ—Ö‘ã•\‚Ö‘Oi,https://news.yahoo.co.jp/articles/271eac3f53c000e57fd412430d31234ef1ab6737,3/4(Œ) 0:56
sph,ƒXƒ|[ƒc•ñ’m,_“¹ƒpƒŠŒÜ—Ö‘ã•\E‚Rä»‰ÁA“à’èŒã‰í‚Ì‚f‚rƒ^ƒVƒPƒ“ƒg‚Å—DŸ,https://news.yahoo.co.jp/articles/ca2aca7b99199f2e4d63dcc0fca0d136a5c25c37,3/4(Œ) 0:39
sph,ƒXƒ|[ƒc•ñ’m,‚h‚m‚`‚b_ŒËEƒtƒFƒƒ“ŠÄ“ÂA“G’n‚ÅO•HdH‰Y˜a‚Æˆø‚«•ª‚¯‚Éu‘OŒü‚«‚ÈŒ‹‰Êvcg_ƒZ[ƒuhR‰ºˆÇ–ç‰Á‚Í‚P¸“_,https://news.yahoo.co.jp/articles/993eb0230c1b7f4678b99686c8aa5aa8c6ae8918,3/4(Œ) 0:04
sph,ƒXƒ|[ƒc•ñ’m,‘å’JãÄ•½‚ª‚Q‡‚Ô‚èu‚Q”ÔE‚c‚gv‚ÅƒXƒ^ƒƒ“@Œ‹¥”­•\Œã‚Q‡–Ú‚Å‰ƒA[ƒ`gj–Ch‚È‚é‚©,https://news.yahoo.co.jp/articles/2741a926af06a9a8c5a6441e92c717cb56b32448,3/4(Œ) 0:02
sph,ƒXƒ|[ƒc•ñ’m,‘å’JãÄ•½A“Š‹…ƒŠƒnƒrƒŠŠJnI—ˆ‹G“ñ“—¬•œŠˆ‚ÖƒR[ƒr[—¬c‚m‚a‚`ƒXƒ^[x‚¦‚½—«—Šw—Ã–@m‚ªw“±,https://news.yahoo.co.jp/articles/70e73bf6b9f65a5f3bda265d31938ea9fbc2cedb,3/4(Œ) 0:02
sph,ƒXƒ|[ƒc•ñ’m,yƒ{[ƒgƒŒ[ƒXz•ˆää»—¢‰À‚ª€—Dioí‚ÉŒü‚¯‹C‡u‚µ‚Á‚©‚èW’†‚µ‚Ävcá¼ƒ~ƒbƒhƒiƒCƒgƒ{[ƒgƒŒ[ƒX,https://news.yahoo.co.jp/articles/02b616a5b270e3e9ccdb469c161e085b90be58cb,3/3(“ú) 23:02
sph,ƒXƒ|[ƒc•ñ’m,’†‹³LA“ñ‹{˜a–ç‚Ìu‰Ì‚Á‚ÄA—x‚Á‚Ä‚¢‚½v”­Œ¾‚Éu‹C‚ğ‚Â‚¯‚Ä‚ËB‰´A•Ê‚É‚ ‚«‚ç‚ß‚Ä‚È‚¢‚µB‚â‚ß‚½‚Â‚à‚è‚à‚È‚¢‚Ìv,https://news.yahoo.co.jp/articles/5fc0d0dd89dea117d4e461fc0cdb12610586640d,3/3(“ú) 22:48
sph,ƒXƒ|[ƒc•ñ’m,’†‹³LAi‰ï‚ÌS“¾–¾‚©‚·u”g‚ğ—§‚Ä‚È‚¢AŠ´î‚ğ—}‚¦‚é‚æ‚¤‚É‚µ‚È‚¢‚Æ‚¢‚¯‚È‚¢v,https://news.yahoo.co.jp/articles/03b6b90a7d95ce30f6e9e4a5381c74ffdf9061f0,3/3(“ú) 22:34
sph,ƒXƒ|[ƒc•ñ’m,y‹lz‘ä–kƒh[ƒ€‘æ‚Qí‚ÍŠÏO‚R–œ‚W‚X‚Ol@‚Q‡‚Å‚U–œ‚Wçl’´‚Ì‘åŠÏO@ˆ¢•”ŠÄ“ÂuŠ´ŠS[‚©‚Á‚½v,https://news.yahoo.co.jp/articles/7104da7d155b1a676bb8330139db5861ba1d8bcd,3/3(“ú) 22:34
sph,ƒXƒ|[ƒc•ñ’m,y‹lz›–ì’q”VA‘ä˜p“o”Â‚Í’¼‘i‚¾‚Á‚½I@‰¶lE‰¤Œš–¯‚Æ‚Ì‚â‚è‚Æ‚è–¾‚©‚·,https://news.yahoo.co.jp/articles/a0017fb1de333e2d5ae154f35cd7ed938ffae0a4,3/3(“ú) 22:32
sph,ƒXƒ|[ƒc•ñ’m,‘æ‚Pq’a¶‚ğ”­•\‚Ì—L‹gOsA‰ºƒlƒ^˜A”­‚ÌuƒTƒ“ƒhƒŠv‚Íuq‹Ÿ‚ªvtŠú‚ğŒ}‚¦‚é ‚É«‚ß‚½‚¢v,https://news.yahoo.co.jp/articles/1e45d2ee30371dd71a293ba7a5fa584ea762ec6f,3/3(“ú) 22:23
sph,ƒXƒ|[ƒc•ñ’m,y‹lzˆ¢•”T”V•ŠÄ“ÂA‘ä˜p‚Å‚Ìe‘P‡‚ğI‚¦u‚Æ‚Ä‚àK‚¹‚È‚Q“úŠÔ‚É‚È‚è‚Ü‚µ‚½v,https://news.yahoo.co.jp/articles/9175b9675c25d9c37aeecef15d95f1e7adeeb545,3/3(“ú) 22:20
sph,ƒXƒ|[ƒc•ñ’m,y‹lzƒhƒ‰‚T–”–Ø“S•½A¶‚·‚Ë‚É‘Å‹…’¼Œ‚‚àu‘åä•vBi’É‚İ‚Íj‚È‚¢v,https://news.yahoo.co.jp/articles/78a9d57b15c7211eb74a309b8ff6011774170875,3/3(“ú) 22:19
sph,ƒXƒ|[ƒc•ñ’m,’†‹³LA’‡ŠÔ—R‹IŒb‚Æ‚Ì‹vX‚ÌÄ‰ïuâ‘Î‚â‚Á‚¿‚á‚¢‚¯‚È‚¢‚¯‚ÇA‰´AƒMƒ…ƒb‚Æ‚µ‚½‚­‚È‚Á‚Ä‚«‚½v,https://news.yahoo.co.jp/articles/087d70ba7dc1f3593f96ce383c3b0a4f8962df7f,3/3(“ú) 22:12
sph,ƒXƒ|[ƒc•ñ’m,“Œ–ìK¡A“‡“ca•‚³‚ñ‹x—{us—ñv‘ã–ği‰ï‚Å‚Ì—Ü‰ñŒÚu‚İ‚ñ‚ÈAS‚ªƒOƒ‰ƒOƒ‰‚É‚È‚Á‚¿‚á‚Á‚½‚Ì‚æv,https://news.yahoo.co.jp/articles/9cb5735ae25f95cf43f2ad7f3eb5b989dbd7fcae,3/3(“ú) 22:03
sph,ƒXƒ|[ƒc•ñ’m,Œ³ƒuƒ‹ƒ]ƒ“‚¿‚¦‚İAV‚½‚ÈE‹ÆE“oêƒR[ƒfƒBƒl[ƒ^[‚Æ‚µ‚Ä‚ÌŒ|–¼‚Í‘ê‘òƒJƒŒƒ“–½–¼‚Ìu‰©¨ƒvƒŠƒ“vIH,https://news.yahoo.co.jp/articles/ea78af06f93af644bee04de721819de26541ee77,3/3(“ú) 21:47
sph,ƒXƒ|[ƒc•ñ’m,Œ³ƒuƒ‹ƒ]ƒ“‚¿‚¦‚İAŒ»İ‚ÌE‹Æ‚ğ–¾‚©‚·@“oêƒR[ƒfƒBƒl[ƒ^[u‚¢‚¢“oê‚Ìd•û‚Í‚È‚¢‚©‚È‚Æv‚Á‚Ä‚¢‚é•û‚Écv,https://news.yahoo.co.jp/articles/0ff1a2432c7896537fbc12343dce84173248ff08,3/3(“ú) 21:40
sph,ƒXƒ|[ƒc•ñ’m,Œ³ƒuƒ‹ƒ]ƒ“‚¿‚¦‚İAˆø‘Ş——R‚ÌŠCŠO—¯Šw‚ÍƒRƒƒi‚Å’f”Ouƒpƒ“‚ğ‚±‚Ë‚é‚µ‚©‚È‚©‚Á‚½‚Å‚·BƒXƒeƒCƒz[ƒ€‚Åv,https://news.yahoo.co.jp/articles/25cabff66453b778f39bf3ba30b6c93c93e1bbf1,3/3(“ú) 21:26
sph,ƒXƒ|[ƒc•ñ’m,‚i‚R‹à‘ò‚ÍVƒXƒ^ƒWƒAƒ€‚Å‰Œö®í‚àŠJ–‹‚Q˜A”sc‚Ü‚³‚©‚Ì‚Qí˜A‘±‚R¸“_,https://news.yahoo.co.jp/articles/7847f701325e61d5aeed750e6000c329ac3a80fc,3/3(“ú) 21:08
sph,ƒXƒ|[ƒc•ñ’m,‰Y˜aA‚e‚v‘O“c’¼‹P‚ÌŒ‡ê——R‚Íu”­”M‚ª‚ ‚èA‘Ì’²•s—Ç‚É‚È‚Á‚½v@ƒwƒOƒ‚ŠÄ“Â‚ª–¾‚©‚·,https://news.yahoo.co.jp/articles/cc4681d6cb2b237486c10e430ddad4b6155da2c2,3/3(“ú) 21:08
sph,ƒXƒ|[ƒc•ñ’m,X•ÛˆêŠÄ“Âu‘ã•\Œó•â‚Æ‚µ‚ÄŒ©‚Ä‚éB”š‚Í‘åØv@¬ìqŠî‚ÌµW‰Â”\«‚ÉŒ¾‹ycƒIƒ‰ƒ“ƒ_‚Å‚V“¾“_,https://news.yahoo.co.jp/articles/b8e8eed57419aba823939981a6f754c08dfc97b2,3/3(“ú) 21:07
sph,ƒXƒ|[ƒc•ñ’m,‚‚l‚dAŒ‹¬‚Tü”N‹L”OƒRƒ“ƒT[ƒgŠJÃuÅ‚‚ÌÂt‚ğŠF‚³‚ñ‚Æ‰ß‚²‚µ‚½‚¢v@‚SŒ‚©‚ç‘S‘ƒcƒA[,https://news.yahoo.co.jp/articles/a29e3d8ced4ffcddd96535b53024a13f57a43727,3/3(“ú) 21:03
sph,ƒXƒ|[ƒc•ñ’m,y”Ô‹LÒ‚Ì‹“_z‚b‘åãAŠú‘Ò‚Ìáè‚c‚e‰œ“c—E“l‚ª‚i‚Pƒfƒrƒ…[uˆÓŠO‚Æ—‚¿’…‚¢‚Ä‚¢‚½v,https://news.yahoo.co.jp/articles/e56082ee7e17ffa8d6ee427663daad09a6dbbe2b,3/3(“ú) 21:00
sph,ƒXƒ|[ƒc•ñ’m,‚i‚QRŒ`‚ÌƒCƒTƒJEƒ[ƒCƒ“‚ª‘S“¾“_‚É—‚Ş@‚Q”N˜A‘±‚ÌŠJ–‹‚Q˜AŸ‚ÉvŒ£,https://news.yahoo.co.jp/articles/0f83493469a95f7e3fc14b55da60742fc50604e6,3/3(“ú) 20:59
sph,ƒXƒ|[ƒc•ñ’m,y‹lz‚R‰ñƒp[ƒtƒFƒNƒg‚ÌRèˆÉD‚ª‚l‚u‚ou‘ä˜p‚Ì‰‰‡‚ª‚·‚²‚©‚Á‚½‚Ì‚Å•·‚«‚È‚ª‚ç“Š‚°‚ç‚ê‚Ü‚µ‚½v,https://news.yahoo.co.jp/articles/ea9fcd1278bfafcecc94f4c8f4a976d3273056f7,3/3(“ú) 20:57
sph,ƒXƒ|[ƒc•ñ’m,‘æ‚Pq’a¶‚ğ”­•\‚Ì—L‹gOsAq‹Ÿ‚ÉŠè‚¤‚±‚Æ‚ÍuƒsƒAƒX‚µ‚ÄAƒ^ƒgƒD[“ü‚ê‚Äcv,https://news.yahoo.co.jp/articles/a22b969015b4b6ef6a2b7830b6dfe94cdb2479f6,3/3(“ú) 20:57
sph,ƒXƒ|[ƒc•ñ’m,ˆÉ“¡”ü½A©g‰‚ÌŠ¥‘å‰ï‚ªÀŒ»u‚±‚±‚©‚çŒÜ—Ö‘Iè‚ğo‚µ‚Ä‚¢‚¯‚½‚çv,https://news.yahoo.co.jp/articles/a6da837a2b86a78975cc6d88b07e16bd5b84abed,3/3(“ú) 20:56
sph,ƒXƒ|[ƒc•ñ’m,‚i‚RŒö®í‚ÅƒIƒŒƒ“ƒWF‚Ìá—p‡‹…‚ª“oêc“Ë‘R‚Ì‚ ‚ç‚ê‚àuŒ©‚â‚·‚­‚Ä—Ç‚©‚Á‚½v,https://news.yahoo.co.jp/articles/4b4cebbd90db3994c66650e9dd3510b74e1e35c4,3/3(“ú) 20:51
sph,ƒXƒ|[ƒc•ñ’m,yŒõ‚éŒN‚ÖzF•‹M‘°uÀ‘vHR—³Ÿ‚Ìu‚í‚µ‚ğŒö‹¨‚É‚µ‚Ä‚¨‚ê‚Îcv˜A”­‚Éƒlƒbƒg”šÎuƒRƒ“ƒg‚©IHv,https://news.yahoo.co.jp/articles/1cdc26b744b90bcc318f6a58fc3f1cf30e23434f,3/3(“ú) 20:45
sph,ƒXƒ|[ƒc•ñ’m,yŒõ‚éŒN‚Özu’¼Gv–ˆŒFÆ‘Şê‚Éƒlƒbƒgâ‹©u‚à‚¤‰ï‚¦‚È‚¢‚È‚ñ‚ÄcŒ™‚¾[vuŠ™‘q“aˆÈ—ˆ‚Ì’n–‹r–{v‚Ìº,https://news.yahoo.co.jp/articles/26cda1a311d4e50ce86cd81586691aab6611fba4,3/3(“ú) 20:45
sph,ƒXƒ|[ƒc•ñ’m,y‹lzˆç¬‰E˜rE‹–{^‚ªŠy“Vƒ‚ƒ“ƒL[ƒYí‚É“o”Â@‚Ql‹…‚Åƒsƒ“ƒ`‚ğ‚Â‚­‚é‚à‚P‰ñ–³¸“_,https://news.yahoo.co.jp/articles/48b855ac3c1df4447c0fe04480af86215b126e20,3/3(“ú) 20:44
sph,ƒXƒ|[ƒc•ñ’m,y‹lz‹ß“¡‘å—º‚ª‘–Ò‚ğ”w•‰‚¢‚È‚ª‚ç‚àA‹gì®‹P‚ÌDç”õ‚É‚à•‚¯‚ç‚ê‚P‰ñ–³¸“_@Šy“Vƒ‚ƒ“ƒL[ƒYí,https://news.yahoo.co.jp/articles/cdb95c2294a329a548cdc47dd575e606bb85d6f7,3/3(“ú) 20:38
sph,ƒXƒ|[ƒc•ñ’m,y‹lz—¼ƒ`[ƒ€–³“¾“_‚Åˆø‚«•ª‚¯@‘Åü‚Í‚PˆÀ‘Å‚ÉI‚í‚é,https://news.yahoo.co.jp/articles/e38a8c391cc70880e42ecc4e8d005c374b99dc55,3/3(“ú) 20:37
sph,ƒXƒ|[ƒc•ñ’m,y“ú–{ƒnƒ€z‹t“]‚Åã_‚É˜AŸ‚àV¯„uŠÄ“Âu‚â‚Á‚Ï‚è“ú–{ˆê‚Ìƒ`[ƒ€B‚Ù‚ñ‚ÆŒ©K‚í‚È‚¢‚Æ‚¢‚¯‚È‚¢v,https://news.yahoo.co.jp/articles/72cbf10e677357205b7f6d644541c2141682ee55,3/3(“ú) 20:35
sph,ƒXƒ|[ƒc•ñ’m,y‹lzó–ìãÄŒáA’†Œ˜‚ÅDç‚àu‹v‚µ‚Ô‚è‚¾‚Á‚½‚Ì‚Åcv‚Æ‹êÎ‚µ‚½——R‚Í,https://news.yahoo.co.jp/articles/2095bdd34cbc8e126e5b107631a24ac199148d1f,3/3(“ú) 20:34
sph,ƒXƒ|[ƒc•ñ’m,—L‹gOsAƒ‰ƒWƒI‚Å‘æ‚Pq’a¶‚ğ¶”­•\uo‚¿‚á‚¤‚ñ‚¾‚æ‚ÈA•ƒ«‚ªvÈ‚Í‰Ä–ÚO‹v‚³‚ñ,https://news.yahoo.co.jp/articles/723b0f8373a91732fe1194a190b00ab6810243c1,3/3(“ú) 20:25
sph,ƒXƒ|[ƒc•ñ’m,y‹lz‹gì®‹PA”ü‹Z•¹E‚Å‹ß“¡‘å—º‹~‚¤@‘ä˜pEŠy“Vƒ‚ƒ“ƒL[ƒYí,https://news.yahoo.co.jp/articles/62a7d4c1e884d5d87d5dac3669d20477dd1682fc,3/3(“ú) 20:19
sph,ƒXƒ|[ƒc•ñ’m,y‹lz‚R”Ôè‚Ìƒhƒ‰‚TE–”–Ø“S•½‚Í‘–Ò‚ğ”w•‰‚¢‚È‚ª‚ç‚à‚P‰ñ–³¸“_,https://news.yahoo.co.jp/articles/38a38da720c0df816ea1a37ef93f9daea4133213,3/3(“ú) 20:05
sph,ƒXƒ|[ƒc•ñ’m,•s“oZ¨“ú–{ˆêügÂ”NŠv–½‰Æh‚ä‚½‚Ú‚ñA‘S‚r‚m‚r‹x~”­•\@ul¶‚Í•×‹­‚âIvóŒ±‚ÉW’†,https://news.yahoo.co.jp/articles/251a994093afd73dc9f8586478cbc4de73deb351,3/3(“ú) 20:05
sph,ƒXƒ|[ƒc•ñ’m,y‹lz‚V‰ñ‚Ü‚ÅŠİ“cs—Ï‚Ì‚PˆÀ‘Å‚Ì‚İ‚Å–³“¾“_@‚Q”ÔèERí•ˆÉD‚Í‚RƒCƒjƒ“ƒO‚ğŠ®‘S,https://news.yahoo.co.jp/articles/acce6de6b49cce7aaec6d735bf65d1709f0e09a3,3/3(“ú) 20:02
sph,ƒXƒ|[ƒc•ñ’m,‚s‚q‚d‚`‚r‚t‚q‚d@‚Q“x–Ú‚Ì“ú–{ƒcƒA[‚ğŠ®‘–uƒ}ƒW‚ÅŠ´“®v‘S‘‚P‚UŒö‰‰‚Å‚R‚O–œl‚ğ“®ˆõ,https://news.yahoo.co.jp/articles/9f1ca845afbe2882ed24540c2c17f4e0b71d5e35,3/3(“ú) 20:00
sph,ƒXƒ|[ƒc•ñ’m,”T–Øâ‚S‚UE”~àV”ü”gA‚¨• ƒ`ƒ‰Œ©‚¹•ƒ~ƒjƒXƒJ‚Ì‚s‚f‚bƒIƒtƒVƒ‡‚Éƒtƒ@ƒ“‚à‚ñâu”j‰ó—Í”²ŒQvu‰Âˆ¤‚·‚¬‚é‚¾‚ëv,https://news.yahoo.co.jp/articles/07690980e8b2df117b604c6eb7dec82cdf0df3c8,3/3(“ú) 19:55
sph,ƒXƒ|[ƒc•ñ’m,y‚u‚PƒŠ[ƒOzƒŒƒMƒ…ƒ‰[‚q‘SŸ‚Ì‚i‚sAŒˆŸ‚Å‚m‚d‚b‚É‚P|‚R@‰E‘«•‰‚Å‘æ‚R‚r‚©‚çoê‚Ì—Ñ‹Õ“Şu‰÷‚µ‚¢v,https://news.yahoo.co.jp/articles/6d2b2ced1363e2d7ad46df90df1f4da89da7abb7,3/3(“ú) 19:52
sph,ƒXƒ|[ƒc•ñ’m,“¡‚ ‚âqApŒ‚ ‚³‚ÆAó—BAO‘qä“Ş‚ª”üllo–…‚Å‹£‰‰@‘åãV‰Ì•‘ŠêÀŒö‰‰ŠJ–‹,https://news.yahoo.co.jp/articles/3fbadd7df4da3f863afcdeba7591ba7deca7f809,3/3(“ú) 19:51
sph,ƒXƒ|[ƒc•ñ’m,y‹lz‚Q”ÔèERèˆÉD‚ª‚R‰ñ‚ğ“Š‚°Aƒp[ƒtƒFƒNƒg“Š‹…@‘ä˜pEŠy“Vƒ‚ƒ“ƒL[ƒYí,https://news.yahoo.co.jp/articles/090353c574a4a1363bc4af3385df6b261be2345c,3/3(“ú) 19:44
sph,ƒXƒ|[ƒc•ñ’m,yŠy“Vzƒhƒ‰‚P¶˜r@ŠJ–‹“Šè‚©‚çŠw‚ñ‚¾uV‹…v—p‚¢‚Ä‚Rí–Ú‚Å‰–³¸“_u‚±‚ñ‚È‚É‘‚­g‚¦‚é‚Æ‚Ív,https://news.yahoo.co.jp/articles/92cf7e6b0320644f9307790edd73ee404aeea498,3/3(“ú) 19:25
sph,ƒXƒ|[ƒc•ñ’m,yŠy“Vz¡‹G‰æ”­‚ÌŠİF”V‚ª‚R‰ñƒp[ƒtƒFƒNƒgƒXƒ^[ƒgu–³–‚ÉI‚¦‚ç‚ê‚Ä—Ç‚©‚Á‚½‚Æv‚¢‚Ü‚·v,https://news.yahoo.co.jp/articles/602a2db46f4a46ab0afce6404817251468becd52,3/3(“ú) 19:14
sph,ƒXƒ|[ƒc•ñ’m,yã_zæ”­EË–Ø_lA‚S‰ñ‚PˆÀ‘Å–³¸“_‚R’DOU‚Ì‰õ“Šu‚Ü‚ ‚Ü‚ A—Ç‚©‚Á‚½‚Æv‚¢‚Ü‚·v,https://news.yahoo.co.jp/articles/a0f23e64725c263c9265444b16cedbf4e3aeb9bc,3/3(“ú) 19:10
sph,ƒXƒ|[ƒc•ñ’m,“Œ‹ƒ}ƒ‰ƒ\ƒ“‚Ìƒy[ƒXƒ[ƒJ[A•sˆÀ’è‚³‚É•¨‹c@’jq‚Íİ’è‹L˜^“Ë”j‚Å‚«‚¸A—q‚ÌV’Jm”ü‚à“ú–{V‚È‚ç‚¸,https://news.yahoo.co.jp/articles/b8423d9d7745135e338c227c29ac4ad4361c6540,3/3(“ú) 19:09
sph,ƒXƒ|[ƒc•ñ’m,yƒXƒL[EƒWƒƒƒ“ƒvz÷ˆä—œq‚ª‰õŸA•ƒEm‚³‚ñ‚à‚QŠ¥‚É‹P‚¢‚½‹{—l‹£‹Z‰ï‚Å‚Q“x–Ú‚Ìƒ^ƒCƒgƒ‹Šl“¾,https://news.yahoo.co.jp/articles/4e639acc01546328b19de9e8dd99a64fc0fc4def,3/3(“ú) 19:07
sph,ƒXƒ|[ƒc•ñ’m,y‹lz‘Åü‚Í‚R‰ñ‚Ü‚Å–³ˆÀ‘Å@æ”­E›–ì’q”V‚Í‚R‰ñ‚ğ‚SˆÀ‘Å–³¸“_‚Ì”S“Š,https://news.yahoo.co.jp/articles/cecda0343c39130108e021017c0a08d21f88c69b,3/3(“ú) 19:02
sph,ƒXƒ|[ƒc•ñ’m,y‹lzæ”­E›–ì’q”V‚ª–ˆ‰ñ‘–Ò‚ğ”w•‰‚¢‚È‚ª‚ç‚àA‚R‰ñ‚SˆÀ‘Å–³¸“_‚Å~”Â@‘ä˜pEŠy“Vƒ‚ƒ“ƒL[ƒYí,https://news.yahoo.co.jp/articles/4e990ded0d24634843176a135335eb6d8c54e75a,3/3(“ú) 19:02
sph,ƒXƒ|[ƒc•ñ’m,yã_z‘åR—I•ãAƒI[ƒvƒ“í‰ˆÀ‘Å‚ğŠÜ‚Ş‚QˆÀ‘Å‚Q‘Å“_u‚µ‚Á‚©‚èŒ©’¼‚µ‚Äv,https://news.yahoo.co.jp/articles/96c8b711924590b2f024ed80a4a549d6db2f3319,3/3(“ú) 19:00
sph,ƒXƒ|[ƒc•ñ’m,X•ÛˆêŠÄ“ÂA‘ŠŸ‚®‰¢B‘g‚ÌƒPƒK‚Éu–{l‚½‚¿‚ªˆê”Ô’É‚¢vc‚v”t—\‘I–k’©‘Ní‚ğ‘O‚É›Œ´—R¨‚Æ’†R—Y‘¾‚à•‰Œğ‘ã,https://news.yahoo.co.jp/articles/451868c5635a026ad3ab167435a2e529bbdb0539,3/3(“ú) 18:55
sph,ƒXƒ|[ƒc•ñ’m,“¡ˆä‘‘¾Šû‰¤AˆÉ“¡ µ’i‚ÉŸ—˜‚ÅŠû‰¤‰–h‰q‚Ö‰¤è@”ªŠ¥§”eŒã‚Íƒ^ƒCƒgƒ‹í•‰‚¯’m‚ç‚¸,https://news.yahoo.co.jp/articles/0355dd8048cd5ea0aa764ad875b8b28b84e7c5c8,3/3(“ú) 18:55
sph,ƒXƒ|[ƒc•ñ’m,ƒ‰ƒOƒr[“ú–{‘ã•\ƒtƒ‰ƒ“ƒJ[‚Ì•P–ì˜a÷‚ªeŒğ‚Ì‚ ‚é‘å’JãÄ•½‚ğj•Ÿu‚¨‚ß‚Å‚Æ‚¤‚Á‚Ä‘—‚Á‚½v,https://news.yahoo.co.jp/articles/c6e86daed89412feec521c9be5eb1452cad810e9,3/3(“ú) 18:52
sph,ƒXƒ|[ƒc•ñ’m,’†‘º‰E‰q–åA•ƒ‚Ì’Ç‘P‚ÅuŒXé“¹¬›vØ‚È‚¢—öS‚Æ”R‚¦‚½‚¬‚é·’…‚ğŒ©–‚É•\Œ»,https://news.yahoo.co.jp/articles/adb022c9065cf837236f82f5d73dd05e44d23528,3/3(“ú) 18:49
sph,ƒXƒ|[ƒc•ñ’m,Å­ƒLƒƒƒŠƒA‚S”N‚Å‚™‚”‚––ŸËVlÜ§”e‚Ìu‹ó‘OƒƒeƒIv‚ª‹Á‚«‚Ì•\îuˆÓ–¡‚ª•ª‚©‚ç‚È‚¢v,https://news.yahoo.co.jp/articles/be66abdd86cda5ef329052e73684183523cfa01e,3/3(“ú) 18:46
sph,ƒXƒ|[ƒc•ñ’m,“Œ‹‚uŒã”¼‚S‚S•ª‚Ì¸“_‚Å”’¯ƒXƒ‹ƒŠ‚àA‚P\‚Pˆø‚«•ª‚¯‚Å‚T‚T‚V‚X“ú‚Ô‚è‚Ì‚i‚P‚Å‚ÌŸ‚¿“_‚ğŠl“¾,https://news.yahoo.co.jp/articles/e4e13b9f95397f5734ee2c838139b31eb8f14f91,3/3(“ú) 18:26
sph,ƒXƒ|[ƒc•ñ’m,ƒNƒƒbƒvŠÄ“Âu‚S˜AŸ‚Å‚«‚é‚Æ‚Ív‚í‚È‚©‚Á‚½v@‰ö‰äl‘±o‚Ì‚È‚©A‚P‚P“úŠÔ‚Å‚S‡‚S˜AŸI,https://news.yahoo.co.jp/articles/40c530c3bd925d1f1db5798993e2b337e9c532f6,3/3(“ú) 18:22
sph,ƒXƒ|[ƒc•ñ’m,‚Q‚Q”N‘å‰ï—‰¤‚Ì¼‹½^‰›‚Í‚Q‘Å‹y‚Î‚¸‚QˆÊu‚¢‚¢ƒ^ƒCƒ~ƒ“ƒO‚Åƒo[ƒfƒB[‚ªæ‚ê‚È‚©‚Á‚½‚Ì‚ª¡“ú‚Ì‘S‚Äv,https://news.yahoo.co.jp/articles/f3d344bbe77920c6b0e0b0de64e5ecce8eb1f3de,3/3(“ú) 18:19
sph,ƒXƒ|[ƒc•ñ’m,y‹lzn‹…®‚Ìƒoƒbƒ^[‚Í‰ù‚©‚µ‚Ì˜C–¾’‚³‚ñI@ˆ¢•”ŠÄ“Â‚ª•ßèA‚n‚a‚Ì›IŒš–Á‚³‚ñ‚ª“Šè,https://news.yahoo.co.jp/articles/00b01c453abbe1c0c158b5bb70f084fe731f1538,3/3(“ú) 18:14
sph,ƒXƒ|[ƒc•ñ’m,u‚ ‚´‚Æ‚·‚¬v—é–Øˆ¤—‚Ìg‚à‚Á‚Ó‚à‚Óh‚Èp‚ÉƒLƒ…ƒ“IuƒrƒWƒ…‚æ‚·‚¬cvu¢ŠEˆê‰Âˆ¤‚¢v‚Æƒtƒ@ƒ“‚à‚ñâ,https://news.yahoo.co.jp/articles/684682c5a17eae476a3710e8f22ed70b9614da71,3/3(“ú) 18:11
sph,ƒXƒ|[ƒc•ñ’m,‰Y˜aAƒVƒ‡ƒ‹ƒc‚o‚j’e‚Å’Ç‚¢•t‚­‚àcŠJ–‹‚QíŸ‚¿‚È‚µc‚T–œl’´‚¦‚ÌéƒXƒ^‚Å”’¯ü‚ê‚¸,https://news.yahoo.co.jp/articles/7b005d72281db52f69c7876ec80ec1d3aea86e22,3/3(“ú) 18:04
sph,ƒXƒ|[ƒc•ñ’m,u”ü‚Ì‹É‚İvŒ³‚s‚a‚rER–{—¢ØƒAƒiA”üŒ¨•“ñ‚Ì˜r‚ ‚ç‚í‚Ìƒ”’ƒhƒŒƒXp‚ª”ü‚µ‚¢IŒ³“¯—»ƒAƒi‚à‚¤‚Á‚Æ‚è,https://news.yahoo.co.jp/articles/506e7920042bc70fa004e4cf8dd60ca7cb5c9b44,3/3(“ú) 17:50
sph,ƒXƒ|[ƒc•ñ’m,yƒXƒL[EƒWƒƒƒ“ƒvz™R—¥‘¾i‰ºì¤‚j‚ª‹{—l‘å‰ï‚QŠ¥§”e@u—ˆ”N‚Í¢ŠEƒWƒ…ƒjƒA‚Év,https://news.yahoo.co.jp/articles/4a8b4e17a26d1e2641168dbb69655dd2435b11dc,3/3(“ú) 17:47
sph,ƒXƒ|[ƒc•ñ’m,‚“c‰Ä”¿A“Œ‹ƒ}ƒ‰ƒ\ƒ“‚Å©ŒÈƒxƒXƒg‚ğ‚S‚T•ª‚àXV‚·‚é‚TŠÔ‚U•ª‚Q‚W•bu‚±‚ÌŠ´“®‚Í‰½–‚É‚à‘ã‚¦‚ª‚½‚¢v,https://news.yahoo.co.jp/articles/7e5d3efde6a3cc0b39c73a782e8f64995720b21e,3/3(“ú) 17:47
sph,ƒXƒ|[ƒc•ñ’m,‰Y˜aAéƒXƒ^‚É‚T–œ‚W‚U‚RlI@ƒz[ƒ€ŠJ–‹í‚P‚P”N‚Ô‚èŠÏ‹q‚T–œl’´‚¦cƒTƒ|‘åº‰‡‚à“Œ‹‚u‚É‹êí,https://news.yahoo.co.jp/articles/2fa44f470f8a12828459a5066301b8180e9ca6a0,3/3(“ú) 17:46
sph,ƒXƒ|[ƒc•ñ’m,yL“‡zVˆäŠÄ“Âu‚¸‚Á‚Æ‚¢‚¢‚Ëv@‚Q‚P”Nƒhƒ‰‚P¶˜r‚ªŠJ–‹ƒ[ƒe“ü‚è‚Ö‘Oi,https://news.yahoo.co.jp/articles/36668c44abc0e25ba329f9bb62449a0ccc77aa4d,3/3(“ú) 17:43
sph,ƒXƒ|[ƒc•ñ’m,y‹lzƒeƒBƒ}‚ª‚QˆÀ‘Å•D‘–—Ûu‘«‚ª’·‚¢‚©‚çv‚Æƒjƒ“ƒ}ƒŠ,https://news.yahoo.co.jp/articles/addf89174cafd463cb9d9c8263329a1f455befbc,3/3(“ú) 17:40
sph,ƒXƒ|[ƒc•ñ’m,y‹lzuƒ”ƒB[ƒiƒXv‚ªuŠy“VƒK[ƒ‹ƒYv‚ÆŒğ—¬@‘Šèƒ`ƒAuƒRƒ‰ƒ{‚µ‚½‚Í‚·‚²‚­ÕŒ‚‚ğó‚¯‚Ü‚µ‚½v,https://news.yahoo.co.jp/articles/b10e8b63384193ac7dd4825374b27d1281954b7a,3/3(“ú) 17:33
sph,ƒXƒ|[ƒc•ñ’m,u‹ó‘OƒƒeƒIv‚ª‚™‚”‚–Vl–ŸËÜ‚uI@‚S”N–ÚE“¯Šú‚Ìƒ‰ƒCƒoƒ‹u‚®‚ë‚¤v‚Æ‚ÌŒˆŸ§‚·,https://news.yahoo.co.jp/articles/1f14046b1e904d70e8161e8b0fe64d607dd6699b,3/3(“ú) 17:31
sph,ƒXƒ|[ƒc•ñ’m,y‚Z–ì‹…z ƒvƒ’–Ú‚ÌÅ‘¬‚P‚S‚VƒLƒ‰E˜r ìVŠw‰@E¬ì“N•½‚ª‚U‰ñ‚W’DOU‚ÌD“Š,https://news.yahoo.co.jp/articles/9dd44999d2bcc731a3386b8275b8e349e8d06bcd,3/3(“ú) 17:26
sph,ƒXƒ|[ƒc•ñ’m,ƒ‰ƒOƒr[ƒŠ[ƒOƒƒ“@_ŒË‚ª‰õŸ‚ÅƒvƒŒ[ƒIƒtioŒ—“à‚Ì‚SˆÊ•‚ã@ƒtƒ‰ƒ“ƒJ[AƒA[ƒfƒBEƒTƒxƒA‚ª‚Sƒgƒ‰ƒC,https://news.yahoo.co.jp/articles/297dd333ae85ea58981c709d98584a09d4da55c8,3/3(“ú) 17:23
sph,ƒXƒ|[ƒc•ñ’m,y‹lzˆäã‰·‘å ƒtƒH[ƒN‚Å‚S’DOUuŒˆ‚ß‚ç‚ê‚Ä‚¢‚é‚Ì‚Í‚¢‚¢‚±‚Æv‚R‰ñ‚Q¸“_‚àûŠn,https://news.yahoo.co.jp/articles/df30d1c1f3d13dcba622b1801ef50d5d55e83a34,3/3(“ú) 17:22
sph,ƒXƒ|[ƒc•ñ’m,yã_z‰ª“c²•zŠÄ“ÂA‚T¸“_‚Ì‹yì‰ë‹M‚É‹êŒ¾uƒMƒƒƒbƒv‚ª‘å‚«‰ß‚¬‚évcˆê–âˆê“š,https://news.yahoo.co.jp/articles/97469434c54e0593a04dfaac23c499e7eb0babff,3/3(“ú) 17:21
sph,ƒXƒ|[ƒc•ñ’m,yL“‡zV•‚Ál‰E˜r‚ÌŠJ–‹ƒ[ƒe“ü‚è‚ªŒˆ’è@VˆäŠÄ“Âuƒ{[ƒ‹‚ª‹­‚©‚Á‚½v,https://news.yahoo.co.jp/articles/f2f73c142e54c42e9dfdbd625fee49a1a05454f8,3/3(“ú) 17:14
sph,ƒXƒ|[ƒc•ñ’m,ˆ¢•”—í–ç‚Ì‰E–Ú‰º‚ÍˆÙí‚È‚µ‚Ìf’f ¢ŠE‰’§í‚Å‚W‰ñ‚s‚j‚n•‰‚¯,https://news.yahoo.co.jp/articles/e1cb3ed6009b1debdbde2d039a824b43ce8ff5b4,3/3(“ú) 17:11
sph,ƒXƒ|[ƒc•ñ’m,“Œ‹‚uƒpƒŠŒÜ—Ö¢‘ã‚e‚v–Ø‘º—E‘å‚Ì‚i‚P‰ƒS[ƒ‹‚Å‰Y˜a‚©‚çæ§c‚T‚U‚P‚T“ú‚Ô‚è‚i‚PŸ—˜‚Ö‚P\‚O‚Å‘O”¼‚ğÜ‚è•Ô‚·,https://news.yahoo.co.jp/articles/f46c04207a7aaec165d4cd320f289e147f95e316,3/3(“ú) 17:08
sph,ƒXƒ|[ƒc•ñ’m,‚à‚àƒNƒE²X–ØÊ‰ÄAƒp[ƒJ[~ƒ~ƒjƒXƒJ‚Ìuã‹‰ÒvgQíƒR[ƒfh‚ªD•]u‰Âˆ¤‚¢ˆÈŠO‚ÌŒ¾—t‚ªŒ©“–‚½‚ç‚È‚¢v,https://news.yahoo.co.jp/articles/a72e3a73067a913e779ae2dc8c45aeeb505fedc1,3/3(“ú) 17:05
sph,ƒXƒ|[ƒc•ñ’m,yƒIƒŠƒbƒNƒXz‚n‚oí”’¯”­iI‚v•‚Ál‚ªãX‚Ì–{‹’’nƒfƒrƒ…[@’†ìŒ\‘¾‚Í‚QˆÀ‘Å‚P‘Å“_,https://news.yahoo.co.jp/articles/992db4f4d6f5d04bd5c6fc4ddfddc64c8ad30dd8,3/3(“ú) 17:03
sph,ƒXƒ|[ƒc•ñ’m,ƒvƒŠƒ“ƒZƒX“VŒ÷A‰¹Šyƒ†ƒjƒbƒgu‚j‚‰‚‚f‚O‚Ov‚ğŒ‹¬@–ñ‚S‚T”N‚Ô‚è‚Ì‰¹ŠyŠˆ“®,https://news.yahoo.co.jp/articles/fff27ef371683102fff092bf35b5309109844eb1,3/3(“ú) 16:54
sph,ƒXƒ|[ƒc•ñ’m,y‹lz›–ì’q”V‚ª‘ä˜p‚Åæ”­A‚T”ÔE‹gì®‹Pc‘ä–kƒh[ƒ€‘æ‚QíAŠy“Vƒ‚ƒ“ƒL[ƒYíƒXƒ^ƒƒ“”­•\,https://news.yahoo.co.jp/articles/42333569a1413cd644e461ecc401802d91b70a8b,3/3(“ú) 16:53
sph,ƒXƒ|[ƒc•ñ’m,y‹lz‘å¨‚ª˜A“ú‚Ìƒuƒ‹ƒyƒ““ü‚è@ŠÛ‰À_‚ğ‘ÅÈ‚É—§‚½‚¹u‚¢‚¢ŠÔ‚É‚È‚Á‚½‚Æv‚¢‚Ü‚·v,https://news.yahoo.co.jp/articles/6e1bcd670f6bdba6d7026ea9b00835c4c7256759,3/3(“ú) 16:49
sph,ƒXƒ|[ƒc•ñ’m,yL“‡z‚S”ÔŒó•â‚ÌV•‚Ál‚ª‚P‚Qƒ^ƒR@VˆäŠÄ“Âu™X‚ÉŠµ‚ê‚Ä‚­‚ê‚½‚çv,https://news.yahoo.co.jp/articles/76656a0266df5530326c8141ef97f734aa83f248,3/3(“ú) 16:46
sph,ƒXƒ|[ƒc•ñ’m,‰F–ìÀÊqAƒ\ƒƒfƒrƒ…[‚Tü”N‚ÉŠ´ŠSu¬’·‚³‚¹‚Ä‚à‚ç‚Á‚½v,https://news.yahoo.co.jp/articles/cc9ec67e1d32f453d850cd2f30fc02e43b5c7711,3/3(“ú) 16:43
sph,ƒXƒ|[ƒc•ñ’m,ˆÀ“c”ü¹qAu“Œ‹ƒ}ƒ‰ƒ\ƒ“‚ÉhŒƒ‚³‚ê‚Äcv’·’j‚Æ’©ŠˆIu‰Âˆ¤‚¢eqvud–Aqˆç‚ÄAƒ‰ƒ“‚ÌO“—¬‚Å‚·‚Ëv,https://news.yahoo.co.jp/articles/d7eef24e5bd513d84b81ef25d501e4f4de84e81a,3/3(“ú) 16:42
sph,ƒXƒ|[ƒc•ñ’m,—q‚ÍƒPƒxƒf‚ª¢ŠE—ğ‘ã‚WˆÊ‚ÌDƒ^ƒCƒ€‚Å—DŸ@Å‹­ƒGƒ`ƒIƒsƒA¨‚ÅuŒÜ—Öo‚½‚çV‹L˜^‚Å—DŸv,https://news.yahoo.co.jp/articles/13e16b883fec25c351f8ea7607840283279b2a9d,3/3(“ú) 16:40
sph,ƒXƒ|[ƒc•ñ’m,yƒIƒŠƒbƒNƒXzƒxƒeƒ‰ƒ“çŒì_‚ª¡‹G‰Àí‚Åƒnƒ}‚Ìƒhƒ‰‚Sƒ‹[ƒL[‚É”í’ec‚P‰ñ‚QˆÀ‘Å‚Q¸“_,https://news.yahoo.co.jp/articles/e6c0ad49a76c2ac9f91965a05379f38bc4e9732c,3/3(“ú) 16:38
sph,ƒXƒ|[ƒc•ñ’m,‚i‚QRŒ`‚ª‚Q”N˜A‘±‚ÌŠJ–‹‚Q˜AŸ@‚f‚jŒã“¡‰ë–¾‚ªŒ³“ú–{‘ã•\‚e‚v‚Ì‚o‚j~‚ß‚é,https://news.yahoo.co.jp/articles/c2bc2e22ca8d021b6550977be1a76e628bbae499,3/3(“ú) 16:36
sph,ƒXƒ|[ƒc•ñ’m,å‰‰——DÜ‚Ì¼‰ªä—Du‚¨‚ÍƒK[ƒ‹v’S“–F‚Å•l‘º~‚Ìu”’v‚ÉuÂ‚Å‚·IvŒy–­‚È‚â‚è‚Æ‚è,https://news.yahoo.co.jp/articles/88645b4b62002f2192cedf76960ff8fed9e7e6aa,3/3(“ú) 16:32
sph,ƒXƒ|[ƒc•ñ’m,ƒ‚ƒfƒ‹E‰¹A“¡“cƒjƒRƒ‹‚Æ‚Ì‚QƒVƒ‡”â˜IIuŠÃXvƒK[ƒŠ[‚Èp‚Éu–{“–‚É‰Âˆ¤‚¢vu‚¨lŒ`‚³‚ñ‚İ‚½‚¢v‚Ìº,https://news.yahoo.co.jp/articles/73275e93831fcb271f24429530a8fc635d526c59,3/3(“ú) 16:31
sph,ƒXƒ|[ƒc•ñ’m,ƒoƒŒ[ƒ{[ƒ‹@‚m‚d‚b‚ª‚Q‹G˜A‘±‚QŠ¥’B¬@ƒG[ƒXŒÃ‰êÑ—“ß‚ª”š”­‚µA¡‹G‘SŸ‚Ì‚i‚s‚ğ‚R\‚P‚ÅŒ‚”j,https://news.yahoo.co.jp/articles/9f7b5f47546d53281bb8efbaa262443daa1f60f8,3/3(“ú) 16:26
sph,ƒXƒ|[ƒc•ñ’m,‰ºˆô“ª‚ª‚ñƒXƒe[ƒW‚SŒö•\‚ÌŒ©‰h°A‘Ş‰@‚ğ•ñu–{“–‚É‘òR‚Ì•ûX‚ÉAw‚ ‚è‚ª‚Æ‚¤Ixv,https://news.yahoo.co.jp/articles/62b783600ab5f83bdb898ee1372624379b6b5a54,3/3(“ú) 16:25
sph,ƒXƒ|[ƒc•ñ’m,ƒr[ƒg‚½‚¯‚µAñ“sŒ—’¼‰ºŒ^’nk‚ÌŠëŒ¯«‚Éƒ|ƒcƒŠu©‘RĞŠQ‚Æ‚¢‚¤‚Ì‚ÍŠoŒå‚Í‚µ‚Ä‚é‚¯‚ÇA–h‚¬‚æ‚¤‚ª‚È‚¢‚ñ‚¾‚æ‚Ëv,https://news.yahoo.co.jp/articles/ad11847caea97c93df21717fb8c09df5d151dad2,3/3(“ú) 16:25
sph,ƒXƒ|[ƒc•ñ’m,•l‘º~‚ªi‰ï‚Ìu‚¨‚¨‚³‚©ƒVƒlƒ}ƒtƒFƒXƒeƒBƒoƒ‹v‚Å“Á•ÊŒ÷˜JÜóÜ@u‰½‚ÌÜH@Ü‹à‚ÍHv‚Å‰ïê•¦‚©‚·,https://news.yahoo.co.jp/articles/7868e96f76b15c5e1f7064621d3338cd6baa8474,3/3(“ú) 16:24
sph,ƒXƒ|[ƒc•ñ’m,‰Y˜aAˆ³Šª‚ÌƒRƒŒƒIƒOƒ‰ƒtƒB[cƒ`ƒPƒbƒg”­Œ”‚Í‚T–œ‚T‚O‚O‚O–‡’´‚¦I@Ôƒ†ƒjƒz[ƒ€‚Å‰ƒvƒŒ[,https://news.yahoo.co.jp/articles/0fdccfa8ba48869ce66653a0d7694a08eb4a1c57,3/3(“ú) 16:18
sph,ƒXƒ|[ƒc•ñ’m,•º“ªŒ÷ŠCA‹¤‰‰Ò‚©‚çÀ’·‚Æ‚µ‚Ä‚Ì‹CŒ­‚¢‚ğ–¾‚©‚³‚êÆ‚êÎ‚¢u‚Æ‚É‚©‚­ƒtƒŒƒ“ƒhƒŠ[‚Év,https://news.yahoo.co.jp/articles/cd16ffef1460a863e22a07a95f4ff1016560ed8b,3/3(“ú) 16:16
sph,ƒXƒ|[ƒc•ñ’m,u‚m‚d‚v‚rv¬RŒcˆê˜Y•‘“c‹M‹vAŒ‹¥‚Ì‰Á“¡ƒVƒQƒAƒL‚ğj•Ÿ@¬Ru‚¨j‚¢l‚¦‚Ü‚·v‘“cu‚¨‚ß‚Å‚Æ‚¤BƒVƒQ‰Á“¡v,https://news.yahoo.co.jp/articles/73d73449dff7411f888f389e6e815f6d2e0e42ff,3/3(“ú) 16:15
sph,ƒXƒ|[ƒc•ñ’m,‚È‚Å‚µ‚±‚‹´‚Í‚ÈAO•HdH‰Y˜a‚Å‚c‚e‚Æ‚e‚v‚Ìg“ñ“—¬h’§íIHu‰B‚ê‚Ä‚¢‚ë‚ñ‚È€”õ‚Í‚µ‚Ä‚¢‚½v,https://news.yahoo.co.jp/articles/4752a3c3ed497316720b197f8712f19e7dcf0350,3/3(“ú) 16:09
sph,ƒXƒ|[ƒc•ñ’m,”¨‰ª“ŞÑ‚Í”[“¾‚Ìƒ{ƒM[‚È‚µ‚Å’ÊZ‚XƒAƒ“ƒ_[‚RˆÊu—Ç‚©‚Á‚½•”•ª‚ğL‚Î‚µ‚Ä•Ä‘‚Å—DŸ‚Å‚«‚é‚æ‚¤‚Év,https://news.yahoo.co.jp/articles/010f9a4fb6e1590d07a57d29298867e0e3a13e6d,3/3(“ú) 16:00
sph,ƒXƒ|[ƒc•ñ’m,‘º“c—È‘¾‚³‚ñ¢ŠEí‚É”s‚ê‚½ˆ¢•”—í–ç‚Ì‰E–Ú‰º‚Ì•‰‚Éu•s‰^‚Æ•Ğ•t‚¯‚ç‚ê‚È‚¢v,https://news.yahoo.co.jp/articles/dc3fe135501c1c5cff9a5463f3431cc59deff652,3/3(“ú) 15:58
sph,ƒXƒ|[ƒc•ñ’m,ˆäãçŠyA©ŒÈƒxƒXƒg‚Å“Œ‹ƒ}ƒ‰ƒ\ƒ“Š®‘–u‹ê‚µ‚­‚ÄŠy‚µ‚¢Iv,https://news.yahoo.co.jp/articles/85078444ddca5f21fc1c492e0f243263d6637667,3/3(“ú) 15:52
sph,ƒXƒ|[ƒc•ñ’m,ƒvƒ‚P‚O”N–Ú‚Ì”¦’n—²Š°@ƒAƒWƒAƒ“ƒcƒA[‚Å‹t“]‰—DŸ,https://news.yahoo.co.jp/articles/9791e55d164ecd0a00c4c84202fbe6dce104f601,3/3(“ú) 15:39
sph,ƒXƒ|[ƒc•ñ’m,‚l‚k‚aŒö®ƒTƒCƒg‚ª—\‘z‚·‚éŠJ–‹ƒXƒ^ƒƒ“•ƒ[ƒe@‘å’JãÄ•½‚ªu‚Q”ÔE‚c‚gv@R–{—RL‚ÍŠJ–‹“ŠèH,https://news.yahoo.co.jp/articles/0ccc4c666d944d2849bf24a072b982afa498bf95,3/3(“ú) 15:30
sph,ƒXƒ|[ƒc•ñ’m,‚i‚Q‚¢‚í‚«@ƒz[ƒ€ŠJ–‹í‚Íƒ‰ƒXƒgƒƒ“ƒvƒŒ[‚ÌŒ€“I’e‚Å‰ªR‚Æƒhƒ[,https://news.yahoo.co.jp/articles/020b31305e275065bcd9d83de492cfb83a23876c,3/3(“ú) 15:28
sph,ƒXƒ|[ƒc•ñ’m,”L‚Ğ‚ë‚µ‚Íg“÷‹…“÷‹…h‚Å©ŒÈ‚S”Ô–Ú‚Ì‹L˜^u–{“–‚ÉŠÃ‚­‚È‚¢vŠO‘lƒ^ƒŒƒ“ƒg‚Æ‚µ‚ÄV‚½‚È–ì–]‚à”â˜I,https://news.yahoo.co.jp/articles/156c716432d056d13660c1fd59669a0d154a0549,3/3(“ú) 15:28
sph,ƒXƒ|[ƒc•ñ’m,ƒfƒ”ƒB•vlAè‰z—S–ç‚Ìƒ‰ƒCƒu‚ÉQíI’‡—Ç‚µ‚QƒVƒ‡‚àŒöŠJ‚Éuˆ¤‚ª“`‚í‚Á‚Ä‚«‚Ä‘f“Gv‚Æƒtƒ@ƒ“‚Ù‚Á‚±‚è,https://news.yahoo.co.jp/articles/8dc104e546891039f4f1ec207502d79e79564597,3/3(“ú) 15:26
sph,ƒXƒ|[ƒc•ñ’m,yã_z‰ª“c­Œ ƒ[ƒXƒgXV‚ÌƒI[ƒvƒ“í‚T˜A”sƒXƒ^[ƒgA‹yì‰ë‹M‚ª‚T¸“_,https://news.yahoo.co.jp/articles/ab03090acce2e177f75f096b56a7bc544433f1bc,3/3(“ú) 15:23
sph,ƒXƒ|[ƒc•ñ’m,ì“à—D‹Pu‘S—Í‚Åw•âŒ‡x‚Æ‚µ‚Ä‚Ì€”õvcƒpƒŠŒÜ—Öƒ}ƒ‰ƒ\ƒ“‘ã•\“à’èÒo‚»‚ë‚¤,https://news.yahoo.co.jp/articles/59c4ed57aff3b2547941167ac6894316cc99bc79,3/3(“ú) 15:20
sph,ƒXƒ|[ƒc•ñ’m,‚Q·’P“ÆñˆÊ‚Åo‚½ŒÃ]Ê‰À‚Í‚V‚T‚Å‚WˆÊA‚Q‚Q”N‚VŒˆÈ—ˆ‚ÌƒcƒA[‚QŸ–Ú‚È‚ç‚¸u‚µ‚ñ‚Ç‚¢ˆê“ú‚¾‚Á‚½v,https://news.yahoo.co.jp/articles/410e7f93a4e2add77153f5d8623128764ecc7e52,3/3(“ú) 15:15
sph,ƒXƒ|[ƒc•ñ’m,y”Ô‹LÒ‚Ì‹“_zğ‹G‰¤ÒE_ŒË‚ªğ‹G‚ÍŒ©‚¹‚È‚©‚Á‚½Œ„@‚R‚P‚T“ú‚Ô‚èƒz[ƒ€•¯‚Å“¾‚½‹³ŒP‚Æ‚Í,https://news.yahoo.co.jp/articles/f2672b7a627241957fcc77242d96b58a26c62603,3/3(“ú) 15:10
sph,ƒXƒ|[ƒc•ñ’m,˜a“cƒAƒLqA‘å’JãÄ•½‚Æ‚Ìg˜r‘g‚İ‚QƒVƒ‡ƒbƒgh‚É‚²‹@Œ™,https://news.yahoo.co.jp/articles/4b6ae85e8478a9c220ce9d2f066d2ad7f6aad7ea,3/3(“ú) 15:02
sph,ƒXƒ|[ƒc•ñ’m,y‚ ‚·‚ÌƒuƒMƒEƒMzƒXƒYq‚É‰H’¹æ¶‚©‚ç‚Ü‚³‚©‚Ì˜b,https://news.yahoo.co.jp/articles/09a09d541c37ea41bcc5dca0ebae8a46ddf0711f,3/3(“ú) 15:00
sph,ƒXƒ|[ƒc•ñ’m,‚m‚d‚v‚rE‰Á“¡ƒVƒQƒAƒLŒ‹¥‚Åƒƒ“ƒo[‚âŒ|”\ŠEA•¶ŠwŠE‚É‚àj•Ÿ‚ÌºL‚ª‚éu‚¨j‚¢—v‹‚ğŒ´e—p†ˆê–‡‚Å‘‚¢‚Äcv,https://news.yahoo.co.jp/articles/448060b1225907a585e3c14311ed7851b5765f8f,3/3(“ú) 14:53
sph,ƒXƒ|[ƒc•ñ’m,yL“‡z‚S”ÔŒó•â‚ÌV•‚Ál‚ª‚P‚Qƒ^ƒR@ƒI[ƒvƒ“í‚Ü‚¾–³ˆÀ‘Å,https://news.yahoo.co.jp/articles/23098d99c339b667f4af7e7e6b40a302d5f91723,3/3(“ú) 14:52
sph,ƒXƒ|[ƒc•ñ’m,Šâˆäç—å‚ªŠJ–‹í‚u@”íĞ’nv‚¢—Üuˆêl‚Å‚à‘½‚­‚Ìl‚ÉŒ³‹C‚âŠó–]‚ğv@‘å‰ïV‚P‚WƒAƒ“ƒ_[,https://news.yahoo.co.jp/articles/e03fd51ac70a3d48bd9922be586572d14e5fad55,3/3(“ú) 14:50
sph,ƒXƒ|[ƒc•ñ’m,V’Jm”üu‚½‚¾‚½‚¾—Í•s‘«‚¾‚Á‚½v–Ú•W‚Ì“ú–{V‚È‚ç‚¸@‰ïŒ©‚Å‚Ív‚¢‚ ‚Ó‚ê—Üu“ú–{‹L˜^‚ÍŒ`‚Æ‚µ‚Äc‚év,https://news.yahoo.co.jp/articles/a2198746910098d429b6ff52dc6c5870a02d2676,3/3(“ú) 14:44
sph,ƒXƒ|[ƒc•ñ’m,yƒ„ƒNƒ‹ƒgz‚‹´šõ“ñAŠJ–‹“Šè÷‚ç‚ñI@‚R‰ñŠ®‘S‚Å–ÒƒAƒs[ƒ‹,https://news.yahoo.co.jp/articles/95f3ca67b5eb2d5fde4c3834e2ca69e88014a303,3/3(“ú) 14:39
sph,ƒXƒ|[ƒc•ñ’m,–î“ŞqAƒŠƒ{ƒ“‚½‚­‚³‚ñ‚Ì”¯Œ^‚ªƒLƒ…[ƒgIƒK[ƒŠ[‚ÈƒR[ƒf‚Éu“Vg‚·‚¬‚éIIvu¢ŠEˆê‰Âˆ¤‚¢v‚Ìº,https://news.yahoo.co.jp/articles/7367e67552d56af7ec0631f9b8c96d6b976d91fe,3/3(“ú) 14:36
sph,ƒXƒ|[ƒc•ñ’m,¼‘º—DØ‚Í‚U‚U‚Å‚XƒAƒ“ƒ_[uÅŒã‚Éˆê”Ô‚¢‚¢ƒSƒ‹ƒt‚ª‚Å‚«‚½v‚ÆÎŠç,https://news.yahoo.co.jp/articles/aa8fe1644419561c77a6892d476eb083baf5a960,3/3(“ú) 14:32
sph,ƒXƒ|[ƒc•ñ’m,y‚Z–ì‹…zƒZƒ“ƒoƒc‰oê‚Ì‘Ï‹vA’q•Ù˜a‰ÌR‚É‘å”scƒG[ƒX‰E˜r‚ª‚U‰ñ‚P‚RˆÀ‘Å‚P‚Q¸“_,https://news.yahoo.co.jp/articles/6fe24316f2ab7508bb25885b9079ea34310e9f6b,3/3(“ú) 14:28
sph,ƒXƒ|[ƒc•ñ’m,•‘‘äuç‚Æçqvo‰‰‚Ìã”’Î–G‰¹A‘S‘„‰‰•ƒƒ“ƒhƒ“Œö‰‰‚ÖˆÓ‹C‚İu‚İ‚ñ‚È‚Å‘–‚è‚Ü‚·IIv,https://news.yahoo.co.jp/articles/8f82df7f91261c2d944a9468c9741f0c9f18007b,3/3(“ú) 14:27
sph,ƒXƒ|[ƒc•ñ’m,‰Y˜aAƒ\ƒ‹ƒoƒbƒPƒ“•‘O“c’¼‹P‚Íƒxƒ“ƒ`ŠOcæ”­•ÏX‚È‚µI@ƒz[ƒ€ŠJ–‹íA‚P‚P”N‚Ô‚è‚T–œl’´‚¦‚È‚é‚©,https://news.yahoo.co.jp/articles/d2571b6c506537e8ec5fd4bca7a7ad716ca7e8f8,3/3(“ú) 14:23
sph,ƒXƒ|[ƒc•ñ’m,ŒÜ—Öƒ}ƒ‰ƒ\ƒ“‘ã•\‚Ì‘å”—Œ†‚É²‹v’·¹‚‘ã‚Ì‰¶tE—¼Šp‘¬ŠÄ“Â‚ªƒG[ƒ‹uƒƒ_ƒ‹‚ğæ‚Á‚Ä‚Ù‚µ‚¢v,https://news.yahoo.co.jp/articles/8809c04a08195790300a149b01703729afffe7e3,3/3(“ú) 14:22
sph,ƒXƒ|[ƒc•ñ’m,“Œ‹‚u‚ª‚T‚U‚P‚T“ú‚Ô‚è‚i‚PŸ—˜‚Ö‰Y˜aí‚ÌƒXƒ^ƒƒ“”­•\c‘åƒAƒEƒF[‚Ì’†‚Å‰Y˜a‚©‚ç‚Q‚Q”N‚Ô‚è”’¯‚Â‚©‚Ş,https://news.yahoo.co.jp/articles/49af5f08eb32b9eaecf8e542e21c0991d07832e6,3/3(“ú) 14:21
sph,ƒXƒ|[ƒc•ñ’m,yƒ„ƒNƒ‹ƒgzR“c“Nl‚ª”[“¾‚Ì‚n‚oí‚P†u‚¤‚Ü‚­”½‰B‚¢‚¢ƒ|ƒCƒ“ƒg‚Å‘Å‚Â‚±‚Æ‚ª‚Å‚«‚½v,https://news.yahoo.co.jp/articles/8c177da0b3f824102ebbccae42eddcc97f537179,3/3(“ú) 14:20
sph,ƒXƒ|[ƒc•ñ’m,‘ºdˆÇ“ŞA‚P‚VÎ‰ºƒCƒPƒƒ“’í‚Æ‚Ì‚s‚f‚bƒIƒtƒVƒ‡”â˜IIu‚ß‚Á‚¿‚á‰Âˆ¤‚¢‚Qlvu”ülo’í‚â‚ív‚Æ”½‹¿,https://news.yahoo.co.jp/articles/1a2c4ad6456ca2ec87c89ac37d9f08061dae4b5f,3/3(“ú) 14:15
sph,ƒXƒ|[ƒc•ñ’m,‚È‚Å‚µ‚±‚‹´‚Í‚ÈA‚Ñ‚Á‚­‚è‚b‚e‹N—pAƒŠƒnƒrƒŠ‚Ì—P–{Œõ‚ÆˆÀ“¡½‚à‹ì‚¯‚Â‚¯cO•HdH‰Y˜a\‚h‚m‚`‚b_ŒË‚Íƒhƒ[,https://news.yahoo.co.jp/articles/7028b177d277c229d48e0f2495e86911b9094e4e,3/3(“ú) 14:12
sph,ƒXƒ|[ƒc•ñ’m,Šâˆäç—å‚ª“¦‚°‚«‚è‚ÅŠJ–‹í‚u@‚P‚WƒAƒ“ƒ_[‚Å‘å‰ïƒŒƒR[ƒh‚ğ‚S‘ÅXV@¼‹½^‰›‚Í‚Q·‚QˆÊ,https://news.yahoo.co.jp/articles/cd9f5c997a2d7ee111402120b4aef84b9f36c0b6,3/3(“ú) 14:07
sph,ƒXƒ|[ƒc•ñ’m,‚ß‚é‚éAuƒvƒŠƒ“ƒZƒX‚İ‚½‚¢v‚ÈƒhƒŒƒXp‚ÅƒLƒeƒB‚¿‚á‚ñ‚Æƒ‰ƒ“ƒEƒFƒCI‚QƒVƒ‡‚ªu‰Âˆ¤‚·‚¬vu–{“–‚É•¦‚¢‚½v,https://news.yahoo.co.jp/articles/6d9c333b0a1b7bff2f8a759f668ebbfffb30f1e9,3/3(“ú) 14:04
sph,ƒXƒ|[ƒc•ñ’m,“ú–{‹L˜^•ÛÒE—é–ØŒ’Œá‚Í‚Q‚WˆÊu—Í‚ª‘«‚ç‚¸s‚¯‚È‚©‚Á‚½vÈEˆêR–ƒ‚Æ•v•wŒÜ—Ö‚È‚ç‚¸u‹ê‚µ‚¢v‚¢‚à‚µ‚½‚¯‚Çv,https://news.yahoo.co.jp/articles/b250b2c9afbe33f12d42bc86f95093ffe1763e7f,3/3(“ú) 14:03
sph,ƒXƒ|[ƒc•ñ’m,ˆ¢•”—í–ç‚Ì’§í‘Ş‚¯‚½ƒ‹ƒCƒXƒAƒ‹ƒxƒ‹ƒgEƒƒyƒX uˆ¢•”‚ÍƒJƒbƒg‚µ‚Ä‚àí‚¢‘±‚¯‚½B‚·‚²‚¢“ú–{‚Ìím‚¾‚Á‚½v,https://news.yahoo.co.jp/articles/1cdd8dafd1856f8dfc0da21fc000c003ad8d5cb7,3/3(“ú) 14:00
sph,ƒXƒ|[ƒc•ñ’m,yŠy“Vz‘ÎŠO‡‰æ”­‚Ìƒxƒeƒ‰ƒ“ŠİF”V‚ª‚R‰ñƒp[ƒtƒFƒNƒg“Š‹…,https://news.yahoo.co.jp/articles/e1774d2f6780908f15fe3e822fc6f94546e5e67c,3/3(“ú) 13:58
sph,ƒXƒ|[ƒc•ñ’m,‚U”N‚Ô‚è•œ‹Aí‚ÌX“c—q‚Í’ÊZ‚PƒI[ƒo[u„‚Å‚à‚Ü‚ ‚Ü‚ ‚â‚ê‚é‚Æ‚¢‚¤‚Ì‚ÍA‚±‚ê‚©‚ç‚Ìx‚¦‚É‚È‚év,https://news.yahoo.co.jp/articles/9d51adf31177dbbc9af5e1dd952f33f6b872120b,3/3(“ú) 13:58
sph,ƒXƒ|[ƒc•ñ’m,ˆ¢•”—í–ç‚Ì¢ŠE‰’§í‚Í‚W‰ñ‚s‚j‚n•‰‚¯ u‰½‚à‚Å‚«‚È‚©‚Á‚½BŠ®”sv,https://news.yahoo.co.jp/articles/bf803ca6c37c116211b04c85fed7095400cbb9c6,3/3(“ú) 13:56
sph,ƒXƒ|[ƒc•ñ’m,yƒ„ƒNƒ‹ƒgz‘ºã@—²‚n‚oí‚P†@˜ƒWƒƒƒpƒ“‡—¬‘O‚ÉŒi‹C‚Ã‚¯ˆê”­I,https://news.yahoo.co.jp/articles/fbcec3ade80812c3a99bedced3cb13df5845382d,3/3(“ú) 13:54
sph,ƒXƒ|[ƒc•ñ’m,¼R—Y‰îA‚ ‚Æ‚S‚P•b‚ÅŒÜ—Ö“¦‚·u©M‚ ‚Á‚½‚ªŒ‹‰Ê“I‚É‘S‘R‘«‚è‚È‚©‚Á‚½vƒpƒŠÅ‘å–Ú•W‚Åuæ‚Í‘S‚­l‚¦‚Ä‚È‚¢v,https://news.yahoo.co.jp/articles/b075d76593174ac1a9f4a6b13b2ae5c53c09e798,3/3(“ú) 13:54
sph,ƒXƒ|[ƒc•ñ’m,‚m‚d‚v‚rE‰Á“¡ƒVƒQƒAƒLAŒ‹¥‚ğ”­•\@ƒtƒ@ƒ“‚à‚¨j‚¢u‚²Œ‹¥‚¨‚ß‚Å‚Æ‚¤‚²‚´‚¢‚Ü‚·vu¢ŠE‚Å‚P”Ô‚ÌƒAƒCƒhƒ‹v,https://news.yahoo.co.jp/articles/126870f79051d637f9a2e42e88967bb05ef48bcb,3/3(“ú) 13:48
sph,ƒXƒ|[ƒc•ñ’m,’–Ú‚Ì‘´“cŒ’–çu‰ä–‚ÌƒŒ[ƒXB‹ê‚µ‚©‚Á‚½vI”Õ”S‚é‚à“ú–{l‚Q”Ôè‚P‚PˆÊ@ƒpƒŠŒÜ—ÖÁ–Å‚àu«‚ß‚é‹C‚Í‘S‘R‚È‚¢v,https://news.yahoo.co.jp/articles/8b57a7d04263eafb59744b691fc12a00ddbcfe63,3/3(“ú) 13:42
sph,ƒXƒ|[ƒc•ñ’m,—L—ÍŒó•â‚ÌR‰ºˆê‹Mu‚Å‚ñ•”Aƒnƒ€‚Ì’£‚è‚ªo‚Ä‚µ‚Ü‚Á‚½v‚Ü‚³‚©‚Ì‚WƒLƒ‰ß‚¬‚ÅŒÜ—Ö‘ˆ‚¢‚©‚ç—£’E@‚S‚UˆÊ‚ÅƒS[ƒ‹,https://news.yahoo.co.jp/articles/b100bcf4cc05d58ef1566ccc634934cdff82fbd5,3/3(“ú) 13:41
sph,ƒXƒ|[ƒc•ñ’m,ˆ¢•”—í–ç‚É‚s‚j‚nŸ‚¿‚µ‚½ƒ‹ƒCƒXƒAƒ‹ƒxƒ‹ƒgEƒƒyƒX uÈ‚Æ–º‚ÌŠç‚ªƒ`ƒ‰ƒb‚ÆŒ©‚¦‚Äv‚W‰ñ‚É–Òƒ‰ƒbƒVƒ…,https://news.yahoo.co.jp/articles/680f86c7d8c7ef18c58e56de6f23fe3df9dc97ac,3/3(“ú) 13:36
sph,ƒXƒ|[ƒc•ñ’m,‚©‚Ü‚¢‚½‚¿ER“àŒ’iAuƒpƒ`ƒXƒ‚©‚çD‚«‚É‚È‚Á‚½vƒAƒjƒ‚sƒVƒƒƒc‚Å‘å‚Í‚µ‚á‚¬Iu‚Ô‚ê‚Ô‚êR“à‚³‚ñ‚©‚í‚¢‚¢v,https://news.yahoo.co.jp/articles/08eaed0752810fa00687229425f71c2481fc3c4d,3/3(“ú) 13:36
sph,ƒXƒ|[ƒc•ñ’m,£ŒÃ—˜•F@ƒtƒ@ƒCƒiƒ‹ƒ`ƒƒƒŒƒ“ƒW‚©‚ç‘ã•\‘Iè‚ªŒ»‚ê‚¸u‘_‚¤‘Iè‚Í‹ó‰ñ‚è‚µ‚½v@‘å”—Œ†‚É‚ÍƒŠ[ƒ_[–ğŠú‘Ò,https://news.yahoo.co.jp/articles/434d7292fc9db46c7ed5bb691490b800fc5868b8,3/3(“ú) 13:33
sph,ƒXƒ|[ƒc•ñ’m,ƒIƒŠƒbƒNƒXEƒJƒXƒeƒB[ƒˆ\‚ce‚m‚`EÎ“cŒ’cƒXƒ^ƒƒ“”­•\,https://news.yahoo.co.jp/articles/99f3c4e881c09e8566f4976fae7e5e9aee4b92a1,3/3(“ú) 13:31
sph,ƒXƒ|[ƒc•ñ’m,‹î‘åE‘å”ª–ØO–¾‘ŠÄ“Âu‚QŠÔ‚T•ª‚T‚O‚ğØ‚ç‚¹‚½‚©‚Á‚½B‚©‚í‚¢‚»‚¤‚¾‚Á‚½vg‹³‚¦qh¼RA‘´“c‚ª—Í‘–‚àŒÜ—Ö“Í‚©‚¸,https://news.yahoo.co.jp/articles/c36f65073dba42b03b1f43869c6f2f7aa19369e0,3/3(“ú) 13:17
sph,ƒXƒ|[ƒc•ñ’m,ƒTƒ‰ƒŠ[ƒ}ƒ“ƒ{ƒNƒT[ˆ¢•”—í–ç@‚W‰ñ‚s‚j‚n•‰‚¯‚Å¢ŠEƒ^ƒCƒgƒ‹’Dæ‚È‚ç‚¸uŠ®”s‚Å‚·v,https://news.yahoo.co.jp/articles/f97825bcb59421ae4fd5ed236c6a0aee931aa41e,3/3(“ú) 13:15
sph,ƒXƒ|[ƒc•ñ’m,ƒpƒŠŒÜ—Ö“à’è‚Ì‘å”—Œ†A©g‚ÌƒIƒtƒBƒVƒƒƒ‹ƒTƒCƒg‚Åu“ú–{‘ã•\‚É“à’è‚µ‚Ü‚µ‚½v‚Ìˆø—p‹L–‚ğƒAƒbƒv,https://news.yahoo.co.jp/articles/10b2d86e624d18d18f1ea09885e0a47cf03d4e5a,3/3(“ú) 13:02
sph,ƒXƒ|[ƒc•ñ’m,ŒÃ]Ê‰À‚Í‘O”¼‘S‚Äƒp[@‚Sl‚ª‚P‚OƒAƒ“ƒ_[ñˆÊ‚Å•À‚Ô@¼‘º—DØ‚ª‚P‘Å·A”¨‰ª“ŞÑ‚ª‚Q‘Å·‚Æ¬í,https://news.yahoo.co.jp/articles/6bf2ad6b83bd52214007297ee550144a49355b97,3/3(“ú) 12:58
sph,ƒXƒ|[ƒc•ñ’m,y‹lzó–ìãÄŒá‚ªu‚P”ÔE’†Œ˜vAæ”­‚Íˆäã‰·‘åc‚QŒRƒvƒEƒAƒ}Œğ—¬íƒXƒ^ƒƒ“”­•\,https://news.yahoo.co.jp/articles/687fb99770b3a16c6d67ff62547e18c46286a185,3/3(“ú) 12:57
sph,ƒXƒ|[ƒc•ñ’m,ƒŒƒCƒJ[ƒY”ª‘º—ÛA‚Q‡‚Ô‚è‚QƒPƒ^‚Q‚R“¾“_‚à”síuŒ»–ğÅ‹­vƒŒƒuƒƒ“EƒWƒF[ƒ€ƒY‚Ìjã‰‚S–œ“_‚ğ”’¯‚Åü‚ê‚¸,https://news.yahoo.co.jp/articles/f67f3fbf98df5de0aae4d8347fb32b40b48d646b,3/3(“ú) 12:57
sph,ƒXƒ|[ƒc•ñ’m,’†“úE¬Š}Œ´T”V‰î\ƒ„ƒNƒ‹ƒgE‚‹´šõ“ñcƒXƒ^ƒƒ“”­•\,https://news.yahoo.co.jp/articles/d44112ad69d510990107fcfb8873012ea7005346,3/3(“ú) 12:56
sph,ƒXƒ|[ƒc•ñ’m,‚m‚d‚v‚rE‰Á“¡ƒVƒQƒAƒLŒ‹¥cŠ‘®––±Š‚©‚çg‚Q‚©ŒˆÈ“à‚É‚Rl–Úh‚ÍÅ‘½@“°–{„•’†ŠÛ—Yˆê‚É‘±‚«,https://news.yahoo.co.jp/articles/bd6f396cb723c979f1204f7ab4dbd93c3766c6ec,3/3(“ú) 12:53
sph,ƒXƒ|[ƒc•ñ’m,Œ³“úŒüâ‚S‚UE“nç³”ü•äAuƒNƒŒƒˆƒ“‚µ‚ñ‚¿‚á‚ñv‚Æ‚Ìƒc[ƒVƒ‡ƒbƒgÀŒ»Iuˆê‚ÉÊ^B‚ê‚ÄŠğ‚µ‚¢v‚Æˆ¤î”š”­,https://news.yahoo.co.jp/articles/1b95bc3a7c1d91d8ccf90aab518f7749af8002f1,3/3(“ú) 12:50
sph,ƒXƒ|[ƒc•ñ’m,–‹“àE‘å‚Ì—¢‚ª–‹‰ºˆÈ‰º‚Ì—Ím‚É‚P‚Q”Ô‚Å‚XŸ uŒã”¼‚É‹­‚¢—Ím‚Æ“–‚½‚é‚±‚Æ‚ÉŠµ‚ê‚È‚¢‚Æ‚¢‚¯‚È‚¢v,https://news.yahoo.co.jp/articles/9345b50db4ba8438f4d64f07e00b0281929007d8,3/3(“ú) 12:50
sph,ƒXƒ|[ƒc•ñ’m,“ú–{ƒnƒ€Eƒ}[ƒtƒB[\ã_EË–Ø_lcƒXƒ^ƒƒ“”­•\,https://news.yahoo.co.jp/articles/647a067d2aa73ee2ed55d18216c31e5bf645eb1d,3/3(“ú) 12:43
sph,ƒXƒ|[ƒc•ñ’m,yƒIƒŠƒbƒNƒXzRèéDˆê˜YAŒÌáŒã‰ƒuƒ‹ƒyƒ“u‚¯‚ª‚µ‚½‚Æ‚±‚ë‚Í‘åä•vvŠJ–‹‚Öƒy[ƒXƒAƒbƒv,https://news.yahoo.co.jp/articles/76aa675e9e075f03da7b89caf6cf62f775bdd467,3/3(“ú) 12:43
sph,ƒXƒ|[ƒc•ñ’m,Šy“VEŠİF”V\L“‡Eƒnƒbƒ`cƒXƒ^ƒƒ“”­•\,https://news.yahoo.co.jp/articles/d16f4d266f3f8db2fc7282151c9e5da3ac476b1b,3/3(“ú) 12:40
sph,ƒXƒ|[ƒc•ñ’m,yƒƒbƒez²X–Ø˜NŠó‚ª‚Q“x–Ú‚Ì‘ÎŠO‡‚Éæ”­@‰‰ñ‚ÉƒAƒMƒ‰[‚É“K‘Å‹–‚µ‚Ä‚P¸“_,https://news.yahoo.co.jp/articles/80991eabd6c6cfa1a9fc699dc353852b587db5c9,3/3(“ú) 12:40
sph,ƒXƒ|[ƒc•ñ’m,ƒTƒ‰ƒŠ[ƒ}ƒ“ƒ{ƒNƒT[ˆ¢•”—í–ç@‚W‰ñ‚s‚j‚n•‰‚¯‚Å¢ŠEƒ^ƒCƒgƒ‹’Dæ‚È‚ç‚¸,https://news.yahoo.co.jp/articles/ea71e2256c336ab38083027289f957a62cdc9352,3/3(“ú) 12:40
sph,ƒXƒ|[ƒc•ñ’m,uƒAƒbƒR‚É‚¨‚Ü‚©‚¹Iv‰Á“¡ƒVƒQƒAƒLŒ‹¥‘¬•ñc˜a“cƒAƒLqj•ŸuK‚¹‚É‚È‚é‚Á‚Ä‚¢‚¢‚±‚Æ‚Å‚·v,https://news.yahoo.co.jp/articles/98fef8915339c508cdabe4c73f96ae55c8521f4e,3/3(“ú) 12:35
sph,ƒXƒ|[ƒc•ñ’m,u—_v—L‘º‰ËƒA’´ƒ~ƒjäƒVƒ‡[ƒpƒ“‚©‚çƒXƒ‰ƒŠ‚ÆL‚Ñ‚é”ü‹r‚Éƒtƒ@ƒ““B•t‚¯uƒXƒ^ƒCƒ‹”²ŒQvu”ü‚µ‚·‚¬‚éIv,https://news.yahoo.co.jp/articles/8ca494c992d26e253bb2e865a4dfeabd71855718,3/3(“ú) 12:31
sph,ƒXƒ|[ƒc•ñ’m,sì’j—‘ A•ƒ¶š£Ÿ‚³‚ñ‚Ì’Ç‘P‚Åu–Ñ”²vŒH›’e³–ğ@‰Ì•‘ŠêÀuš£‹eÕŒÜŒ‘å‰Ì•‘Šêv,https://news.yahoo.co.jp/articles/b02b529043ebc1cd291c05026bf61182c013a332,3/3(“ú) 12:25
sph,ƒXƒ|[ƒc•ñ’m,Šâˆäç—å‚Æ¼‹½^‰›‚ª‚P‚TƒAƒ“ƒ_[‚Å•À‚Ñb’èñˆÊ@mˆä—D‰Ô‚ª‚S‘Å·‚ğ’Ç‚Á‚ÄƒTƒ“ƒf[ƒoƒbƒNƒiƒCƒ“‚Ö,https://news.yahoo.co.jp/articles/752ef9faa8fdd6c03ce80cedd78ab603ffaed0a3,3/3(“ú) 12:17
sph,ƒXƒ|[ƒc•ñ’m,‚m‚d‚v‚rE‰Á“¡ƒVƒQƒAƒLAŒ‹¥‚ğ”­•\u‚³‚ç‚È‚é‚‚İ‚ğ–Úw‚·Š‘¶v‚¨‘Šè‚Íˆê”Ê—«@ƒƒ“ƒo[‰‚ÌŠù¥Ò‚É,https://news.yahoo.co.jp/articles/b5b33e53a2b3f4a9ef6971678b3fcf4006535cd4,3/3(“ú) 12:10
sph,ƒXƒ|[ƒc•ñ’m,ƒZ[ƒŠƒ“ƒO¬‡‚S‚V‚O‹‰E‰ª“cšõ÷A‹g‰ª”ü”¿‘g‚ª‘‡‚RˆÊ‚ÅÅIƒŒ[ƒX‚Ö@¢ŠE‘IèŒ ˜A”e‚Öu“ï‚µ‚¢í‚¢‚É‚È‚év,https://news.yahoo.co.jp/articles/f0f58ae12a745f13263292299238aebb4e221ba3,3/3(“ú) 12:09
sph,ƒXƒ|[ƒc•ñ’m,˜a“cƒAƒLqAu‚¨‚Ü‚©‚¹v‚Å‘å’JãÄ•½u‰œ—lvƒRƒƒ“ƒg‚ğÓßcƒXƒ^ƒWƒI“€‚è•t‚­u‚·‚İ‚Ü‚¹‚ñv,https://news.yahoo.co.jp/articles/4874a1cd5cf4c37ce702b9b19e16077e62c2b9cd,3/3(“ú) 12:05
sph,ƒXƒ|[ƒc•ñ’m,“°–{„ƒ\ƒƒvƒƒWƒFƒNƒgu‚d‚m‚c‚q‚d‚b‚g‚d‚q‚hvA‚SŒ‚Éƒo[ƒXƒf[ƒ‰ƒCƒuA‚TŒ‚©‚ç‘S‘ƒcƒA[ŠJÃ,https://news.yahoo.co.jp/articles/e1c2387bb29a1e6244a15328e30e48295746b8ae,3/3(“ú) 12:00
sph,ƒXƒ|[ƒc•ñ’m,yˆÀ“¡—Dq‚Ì–{‰¹zŒo’c˜A‰ï’·”­Œ¾‚ª•v•w•Ê©§“x“±“üŒã‰Ÿ‚µ,https://news.yahoo.co.jp/articles/96536b0461ae87ef39fb3b506dd3885f6fb5479c,3/3(“ú) 12:00
sph,ƒXƒ|[ƒc•ñ’m,ƒtƒ@ƒ“ƒL[‰Á“¡u©•ª‚ÉˆÓ’n‚ğ’£‚è‘±‚¯‚½vŒƒ“®‚Ì‚P‚O”NU‚è•Ô‚éc‚P‚R”N‰ğUƒ‰ƒCƒu‚Íu¡‚Å‚à^‚Á‚·‚®Œ©‚ç‚ê‚È‚¢v,https://news.yahoo.co.jp/articles/39139a0cdff9bb79cc58e558f4dd6b0dac54b4e1,3/3(“ú) 12:00
sph,ƒXƒ|[ƒc•ñ’m,uƒTƒ“ƒWƒƒƒ|v—ÇŒ´ˆÀ”üƒAƒiAu•s—Ï‹^˜f•ñ“¹v©–¯“}EL£‚ß‚®‚İQ‰@‹cˆõ‚É’fu•s“KØ‚É‚à‚Ù‚Ç‚ª‚ ‚è‚Ü‚·v,https://news.yahoo.co.jp/articles/a5e5073180ad2c4d12404e97ccd33917ba6d1653,3/3(“ú) 11:45
sph,ƒXƒ|[ƒc•ñ’m,‹ß“¡çqAŸNâ‚S‚UEç‰®—í“Ş‚çuƒ‰ƒ”ƒBƒbƒgIvo‰‰ƒƒ“ƒo[‚Æ‚ÌƒIƒtƒVƒ‡ƒbƒg‚Éu‰Âˆ¤‚·‚¬‚Ü‚·v‚Ìº,https://news.yahoo.co.jp/articles/c2cda8991f0fd0fed18cd5e91ac6fd89da7e7901,3/3(“ú) 11:45
sph,ƒXƒ|[ƒc•ñ’m,²X–Ø˜NŠó‚Æƒ{[Eƒ^ƒJƒnƒV‚ªæ”­c¼•\ƒƒbƒe—ûK‡,https://news.yahoo.co.jp/articles/f4ab67acbceaaca0e35f0c70120620f050b14a71,3/3(“ú) 11:43
sph,ƒXƒ|[ƒc•ñ’m,•Ÿ“c–GAğ”N‚P‚QŒoY‚ÌŸ’j‚ğ•ø‚«‚µ‚ßu‚½‚­‚³‚ñB‚Á‚Ä‚­‚¾‚³‚¢‚Èv@‰Æ‘°‚ÌƒXƒeƒL‚ÈŠÔ‚ÉƒtƒHƒƒ[‚à‚Ù‚Á‚±‚è,https://news.yahoo.co.jp/articles/987e1faaf27b4e7ad61a4194ebc83084ab975762,3/3(“ú) 11:30
sph,ƒXƒ|[ƒc•ñ’m,ƒLƒvƒ‹ƒg‚ª¢ŠE—ğ‘ã‚TˆÊ‚Ì‚QŠÔ‚Q•ª‚P‚U•b‚Å—DŸ@“ú–{lƒgƒbƒv‚Í¼R—Y‰î‚Å‚QŠÔ‚U•ª‚R‚P•b@‘å”—Œ†‚ªƒpƒŠŒÜ—Ö‘ã•\“à’è,https://news.yahoo.co.jp/articles/843ba1e609b4d9c86499847906e918c5b10a06d0,3/3(“ú) 11:27
sph,ƒXƒ|[ƒc•ñ’m,XŸAuƒTƒ“ƒWƒƒƒ|v‚ÅuƒZƒNƒnƒ‰‚X‚XŒ”F’èv’¬’·‚É•®ŠScuM‚¶‚ç‚ê‚È‚¢c‘ãöŒëc‘Šè‚Ö‚Ì”z—¶‚ª‘«‚è‚È‚¢v,https://news.yahoo.co.jp/articles/01322d897fe2fd810914478fbfd7bc2b49e3529a,3/3(“ú) 11:27
sph,ƒXƒ|[ƒc•ñ’m,‘å”—Œ†‚ªƒpƒŠŒÜ—Ö‘ã•\‚É“à’èI“Œ‹ƒ}ƒ‰ƒ\ƒ“‚Åİ’è‹L˜^“Ë”jÒo‚¸‚l‚f‚b‚RˆÊ‚Å‘ã•\“ü‚è,https://news.yahoo.co.jp/articles/fdbb61156d3593ccfa6de191027c03e2e81198a3,3/3(“ú) 11:17
sph,ƒXƒ|[ƒc•ñ’m,ƒŒƒuƒƒ“EƒWƒF[ƒ€ƒYA‚m‚a‚`’ÊZ‚S–œ“_‚Ì‘å‹L˜^’B¬@‚Ü‚½‚µ‚Ä‚à‘Ol–¢“‚ÌˆÌ‹Æ@‘åŠ½º•¦‚«‹N‚±‚é,https://news.yahoo.co.jp/articles/527625535eb2fbb1d515096d7afba41a4b4829f9,3/3(“ú) 11:16
sph,ƒXƒ|[ƒc•ñ’m,ˆÀ“c”ü¹qAŸ’j‚Æ‚ÌƒŠƒ“ƒNƒR[ƒf•‚Ù‚Ì‚Ú‚ÌƒGƒsƒ\[ƒh‚ª‚·‚Ä‚«IuK‚¹ƒ^ƒCƒ€‚Å‚·‚Ëv‚Æƒtƒ@ƒ“,https://news.yahoo.co.jp/articles/2e03f1901ba590884da52a9792ea5fbb14d09d08,3/3(“ú) 11:15
sph,ƒXƒ|[ƒc•ñ’m,…’J”¹A“Œ‹ŒÜ—Ö‹àƒƒ_ƒ‹ƒyƒA‚ÌˆÉ“¡”ü½‚Éuƒ‰ƒCƒ“AƒuƒƒbƒN‚³‚ê‚Ä‚¢‚é‚ñ‚Å‚·vcuƒƒCƒhƒiƒVƒ‡[v‚Å”’,https://news.yahoo.co.jp/articles/791b77852b660081decf18702a9d770407e26022,3/3(“ú) 11:04
sph,ƒXƒ|[ƒc•ñ’m,uƒTƒ“ƒWƒƒƒ|v‘¾“cŒõA‘å’JãÄ•½‚ÌÈ‚ÖƒƒbƒZ[ƒWuãÄ•½‚ğ‚æ‚ë‚µ‚­‚Á‚ÄŒ¾‚¢‚½‚¢v,https://news.yahoo.co.jp/articles/a46cf83b2c0ba6635d4e4bf07a1832d1c24a880f,3/3(“ú) 10:58
sph,ƒXƒ|[ƒc•ñ’m,‚TŒuš£‹eÕv‚Åsìš£\˜YA”öã‹e”V•‚ªu”¦’·•º‰qv‚Å‹¤‰‰B‰‰–ÚAo‰‰Ò”­•\,https://news.yahoo.co.jp/articles/8aea030b92d35e611182df7a72344b556c98ed5f,3/3(“ú) 10:52
sph,ƒXƒ|[ƒc•ñ’m,–Z‚µ‚·‚¬‚é‚È‚Å‚µ‚±’·’Jì—BAƒ}ƒ“‚b‡—¬‚µ‘¦æ”­ƒtƒ‹oê‚Åb’èñˆÊ•‚ã‚ÉvŒ£,https://news.yahoo.co.jp/articles/1b05757ba9b0323cb7af8e3a1916bda007543d4a,3/3(“ú) 10:51
sph,ƒXƒ|[ƒc•ñ’m,“ú–{‹L˜^•ÛÒ‚Ì—é–ØŒ’ŒáA‚Q‚VƒLƒ‚Åæ“ªW’c‚©‚ç’x‚ên‚ß‚éc“Œ‹ƒ}ƒ‰ƒ\ƒ“,https://news.yahoo.co.jp/articles/decea4639fa634a6fe276113d5bb4244d2df62c4,3/3(“ú) 10:45
sph,ƒXƒ|[ƒc•ñ’m,u‚Ú‚émv‚ ‚ñ‚èAuƒƒCƒhƒiƒVƒ‡[v‰“oê‚Å”š’e”­Œ¾@‘å’JãÄ•½‚ÌŒ‹¥‘Šè‚Íu„‚Ì•û‚ª‘–¯‚à”[“¾v,https://news.yahoo.co.jp/articles/f541043c17b1fba954e0d74e4e78967684ca8d09,3/3(“ú) 10:32
sph,ƒXƒ|[ƒc•ñ’m,æ“ªW’c‚Í’†ŠÔ“_‚ğ‚PŠÔ‚Q‚O•b‚Å’Ê‰ß@¢ŠE‹L˜^XV‚Ì‰Â”\«‚à@ƒŒƒWƒFƒ“ƒh‚ÌƒLƒvƒ`ƒ‡ƒQ‚Í’x‚ê‚é,https://news.yahoo.co.jp/articles/efe710236fb08e3703f33d1b01c4a922fbcc32e7,3/3(“ú) 10:29
sph,ƒXƒ|[ƒc•ñ’m,“ú–{læ“ªW’c‚Í‚PŠÔ‚Q•ª‚T‚T•b‚Åƒn[ƒt’Ê‰ß@İ’è‹L˜^ƒy[ƒXc“Œ‹ƒ}ƒ‰ƒ\ƒ“,https://news.yahoo.co.jp/articles/f66965c9c31b42f4e70b2d3b5e5da622362f5a6f,3/3(“ú) 10:26
sph,ƒXƒ|[ƒc•ñ’m,ƒeƒŒ’©E“cŒ´–GXƒAƒiAƒ‚ƒmƒg[ƒ“ƒJƒ‰[‚Ìg‚«‚ê‚¢‚ßhƒR[ƒf”â˜Iu¡“ú‚àƒXƒeƒL‚ÈÎŠçvu’´ƒJƒƒCƒCv‚Ìº,https://news.yahoo.co.jp/articles/3cd0fc73c28053af5ee51f7e012cac826b96908e,3/3(“ú) 10:04
sph,ƒXƒ|[ƒc•ñ’m,—¤ã‚Ì“c’†ŠóÀA¢ŠEº“à‚R‚O‚O‚Oƒ[ƒgƒ‹‚ÅƒAƒWƒAV‹L˜^I‚WˆÊ“üÜ,https://news.yahoo.co.jp/articles/856bb5a22b533ac0cdf7f541f558cac71dc83522,3/3(“ú) 9:57
sph,ƒXƒ|[ƒc•ñ’m,‰“o”Â‚Ì¡‰i¸‘¾‚©‚ç‹t“]‚Rƒ‰ƒ“@ƒhƒWƒƒ[ƒXáè—L–]Š”‚ÍƒLƒ…[ƒoogu”Ş‚Í‚Æ‚Ä‚à‚¢‚¢“Šèv,https://news.yahoo.co.jp/articles/ef01722950382714567f31a607515124e0dc266e,3/3(“ú) 9:52
sph,ƒXƒ|[ƒc•ñ’m,‘O‰ñ—DŸ‚ÌR‰ºˆê‹MA‚WƒLƒ‚Åæ“ªW’c‚©‚ç’x‚ên‚ß‚écƒpƒŠŒÜ—Ö‘ã•\‚ğŒœ‚¯‚½“Œ‹ƒ}ƒ‰ƒ\ƒ“,https://news.yahoo.co.jp/articles/652d479e26d58ca69fb40a542ed7585921afda4a,3/3(“ú) 9:44
sph,ƒXƒ|[ƒc•ñ’m,¬—Ñ—Ë˜Ğu‚Q‰ñ–Ú‚Í‚¢‚¢‚Æ‚±‚ë‚É”ò‚×‚½v‚RˆÊ‚Å’ÊZ‚U‚S“x–Ú‚Ì•\²‘ä@‚Q‚VÎ‚ÅŠ‹¼‹I–¾‚Ì‹L˜^‚ğ’´‚¦A“ú–{’jq’P“ÆÅ‘½,https://news.yahoo.co.jp/articles/9824af98ab550fe5feb1559a77d600b03bec785c,3/3(“ú) 9:39
sph,ƒXƒ|[ƒc•ñ’m,Å‰‚Ì‚PƒLƒ‚Í¢ŠE‹L˜^ƒy[ƒX‚ÅƒXƒ^[ƒg@£ŒÃ—˜•F‚Íu‹L˜^o‚»‚¤‚Å‚·‚Ë‚¦vc“Œ‹ƒ}ƒ‰ƒ\ƒ“,https://news.yahoo.co.jp/articles/a07f35833b04d291ddfbd897e379532ff7719ada,3/3(“ú) 9:24
sph,ƒXƒ|[ƒc•ñ’m,ŠÖŒûGA‘å’JãÄ•½Œ‹¥uƒTƒ“ƒ‚ƒjv‰o‰‰‚ÌŠÛRŒj—¢“ŞƒRƒƒ“ƒg‚ğŠm”Fuj•Ÿ‚µ‚Ä‚¢‚ç‚Á‚µ‚á‚é‚í‚¯‚Å‚·‚ËHv,https://news.yahoo.co.jp/articles/e5538f2bb31a195ba2e64d46126b0acb6e99b739,3/3(“ú) 9:08
sph,ƒXƒ|[ƒc•ñ’m,‚i‚PD–y‚ª’¹²‚É‚O[‚S‘å”sc‚l‚er–ì‘ñ”nå«u‚İ‚ñ‚È‚Å‚O‚Å—}‚¦‚È‚¢‚Æv,https://news.yahoo.co.jp/articles/501e3a00f30284c04660cc07e3245fc0f0f39a52,3/3(“ú) 8:59
sph,ƒXƒ|[ƒc•ñ’m,ƒŒƒoƒ“ƒK–kŠC“¹‚ª‚S˜A”scŠÖ–ì„•½å«u‚¨‹à‚ğ•¥‚Á‚Ä‚¢‚½‚¾‚¢‚½ƒtƒ@ƒ“‚É¸—ç‚È‡v,https://news.yahoo.co.jp/articles/d760c440107414a3012da3c6b21310ab2fc09f40,3/3(“ú) 8:41
sph,ƒXƒ|[ƒc•ñ’m,uƒVƒ…[ƒCƒ`v’†ŠÛ—YˆêA‘å’JãÄ•½‚ÌŒ‹¥‚ğg—\Š´h‚µ‚Ä‚¢‚½uƒIƒ„ƒb‚Æv‚Á‚½vc©g‚à‚PŒ‚ÉŒ‹¥“dŒ‚”­•\,https://news.yahoo.co.jp/articles/c4fb5085af8ff63945aa9db8384068615feeab81,3/3(“ú) 8:34
sph,ƒXƒ|[ƒc•ñ’m,y‹lzˆç¬‚UˆÊEç—tîÍL‚ªˆ®ì–¾¬‚‚Å‘²‹Æ®u‚±‚ê‚©‚ç©•ª‚Ì‹­‚İ‚ğ‚Â‚­‚Á‚Ä‚¢‚«‚½‚¢v,https://news.yahoo.co.jp/articles/64a8f72c255922719b0ea7606fddc038454c457e,3/3(“ú) 8:29
sph,ƒXƒ|[ƒc•ñ’m,ƒ}ƒCƒiƒrå‘ä‚ª¡‹Gƒz[ƒ€‰Ÿ—˜c‚l‚e‰““¡‚ä‚ß‚ª‚o‚j‚ÅŒˆŸ’e,https://news.yahoo.co.jp/articles/90efbddfb24d95135f81d9f324215ee133b23a31,3/3(“ú) 8:20
sph,ƒXƒ|[ƒc•ñ’m,“¡˜QW‘¾˜Y‚ªƒ`[ƒ€Ä‡—¬@ˆê‹A‘‚àu‚¢‚¢’²®‚ª‚Å‚«‚Ä‚év@‹ß“ú’†‚É‚à¡‹G‰Àí“o”Â‚Ö,https://news.yahoo.co.jp/articles/bb86f0982b24ab1eb65427794690a67abb141972,3/3(“ú) 8:17
sph,ƒXƒ|[ƒc•ñ’m,ŠÖŒûGA‘å’JãÄ•½Œ‹¥‰ïŒ©uŠF‚³‚ñ‚ª‚¤‚é‚³‚¢v”­Œ¾‚É—‰ğcu•ª‚©‚é‚È‚Ÿv,https://news.yahoo.co.jp/articles/47e71fdcd56a8cfca7a5a81263e92e17679d8a2f,3/3(“ú) 8:13
sph,ƒXƒ|[ƒc•ñ’m,ƒpƒŠŒÜ—Ö’jq“ú–{‘ã•\‚ªŒˆ‚Ü‚é“Œ‹ƒ}ƒ‰ƒ\ƒ“@‚X‚P‚O•ª†–C@V’Jm”ü‚Í“ú–{V‘_‚¤,https://news.yahoo.co.jp/articles/401ca0234386ae5aa3415cf01a303e5bbe8970d1,3/3(“ú) 8:10
sph,ƒXƒ|[ƒc•ñ’m,‚a‚På‘ä‚W‚X‚d‚q‚r‚ª¡‹G‚Q“x–Ú‚Ì‚R˜AŸc‚r‚fˆ¢•”—È‚ª‚P‚R“¾“_‚UƒAƒVƒXƒg,https://news.yahoo.co.jp/articles/6d55319b67aabc2e6f6b922eeb39cb1967eb1c30,3/3(“ú) 8:05
sph,ƒXƒ|[ƒc•ñ’m,yÌ“_•¡•]z­“‡A‘O”¼‚Í‹@”\•s‘S‚àŒã”¼‚¿’¼‚µƒhƒ[@–ğŠ„‰Ê‚½‚µ‚½“r’†“Š“ü‘g‚ğ‚•]‰¿,https://news.yahoo.co.jp/articles/3706691e31178d29db1c06dea65a7c3b792b69e7,3/3(“ú) 8:00
sph,ƒXƒ|[ƒc•ñ’m,ƒeƒŒ’©EˆÀ“¡–GXƒAƒiAÂƒjƒbƒg~‰Ô•¿ƒXƒJ[ƒg‚Ì‘u‚â‚©ˆß‘•ƒR[ƒf‚Éut‚ç‚µ‚¢—m•‚¨—‡‚¢‚Å‚·vu“Vgv‚Ìº,https://news.yahoo.co.jp/articles/0f634b0d936020d5bc17ccf5f1da9de5783df2c1,3/3(“ú) 7:58
sph,ƒXƒ|[ƒc•ñ’m,yƒ„ƒNƒ‹ƒgzƒhƒ‰‚SE—é–ØŠ‚ªí—t‘å‹eì‚‚Å‘²‹Æ®c‚PŒR‚Öuã‚ª‚ê‚éƒ`ƒƒƒ“ƒX‚ğ‘‚­‚Â‚©‚İ‚½‚¢v,https://news.yahoo.co.jp/articles/cb5adc444ba04c539023b2301a33486a6f1a6a94,3/3(“ú) 7:52
sph,ƒXƒ|[ƒc•ñ’m,¡‰i¸‘¾AƒƒWƒƒ[‰“o”Â‚Å‚R‰ñ“r’†‚R¸“_u–l‚ª¶‚«c‚é‚½‚ß‚ÉˆÙ‚È‚ç‚È‚¯‚ê‚Î‚¢‚¯‚È‚¢vcˆê–âˆê“š,https://news.yahoo.co.jp/articles/a250b4d62205c220b672710275bff64b4bd841f9,3/3(“ú) 7:48
sph,ƒXƒ|[ƒc•ñ’m,‰êŠ‰“y•U‚Ì—éƒm•xm‚ª”ò—´‚‚Å‘²‹Æ®uƒXƒs[ƒho¢‚É‚Í‚±‚¾‚í‚ç‚È‚¢Bˆê”Ôˆê”Ô‘åØ‚Év,https://news.yahoo.co.jp/articles/ea8f918fbe6cb68d7ea782ba2fe83548482475a5,3/3(“ú) 7:46
sph,ƒXƒ|[ƒc•ñ’m,“¡”g’C¢A‹{Œ´Œ’“l‚Æ“¬‚¤uƒhƒ‰ƒfƒBƒVƒ‡ƒ“v‘æˆê’e‚ÖS‹«Œƒ”’uƒgƒbƒvƒŒƒXƒ‰[‚Ì‘S·Šú‚ğ”§‚ÅŠ´‚¶‚½‚¢c©•ª‚ÌˆÓ’nvc‚RE‚TŒãŠy‰€,https://news.yahoo.co.jp/articles/5ae7a23b90df88f6fea0296fb9615c51295bafc3,3/3(“ú) 7:41
sph,ƒXƒ|[ƒc•ñ’m,ƒŠƒoƒv[ƒ‹‚ªŒã”¼‚T‚S•ª‚ÉŒˆŸ’e‚ÅŒ€“IŸ—˜A‰““¡quŸ‚¿“_‚R‚ª‘å‚«‚¢v¶‘«ñ‚ÍuŠ®àø‚Å‚Í‚È‚¢‚ª’É‚İ‚ª‚È‚©‚Á‚½v,https://news.yahoo.co.jp/articles/dbf1d5dfe0aa43f00f173ee6046246c5092c0bbc,3/3(“ú) 7:38
sph,ƒXƒ|[ƒc•ñ’m,t“ú•”ƒ{[ƒCƒYE¬Šw•”A‘n•”‚Q”N–Ú‚Å‚¤‚ê‚µ‚¢‰‚Ì‘S‘‘å‰ïŒˆ‚ß‚½@’†Šw•”‚Æƒ_ƒuƒ‹oêII,https://news.yahoo.co.jp/articles/0577cae61b05160fc24a6db348fb6a1eb0a88847,3/3(“ú) 7:35
sph,ƒXƒ|[ƒc•ñ’m,ƒŠ[ƒOƒƒ“EÃ‰ªƒuƒ‹[ƒŒƒ”ƒY‚ª˜A”sc‡‘O‚Ì‚n‚aí‚É‚ÍŒÜ˜YŠÛ•à‚³‚ñ‚ª“oê,https://news.yahoo.co.jp/articles/4d2898311ac2f3371028aa312937f03c9857d2dc,3/3(“ú) 7:31
sph,ƒXƒ|[ƒc•ñ’m,—¬Rƒ{[ƒCƒYA‚Q”N˜A‘±t‹G‘S‘‘å‰ïŒˆ‚ß‚½@ğt€‚u‚Ìæ”y’´‚¦–Úw‚·,https://news.yahoo.co.jp/articles/d3f4d635a0efe769effecd137fecad144a2d19e2,3/3(“ú) 7:30
sph,ƒXƒ|[ƒc•ñ’m,“Œ‹¢“c’Jƒ{[ƒCƒYA–Ò‘Å‚Åˆ³Ÿ@²“¡A”’ì‚Ì˜A‘±ƒA[ƒ`o‚½I@‰Ät˜A”e‚Ö€Šp‚È‚µct‹G‘S‘‘å‰ï—\‘IE¬Šw•”,https://news.yahoo.co.jp/articles/aefee36cb781a11c18f710095a60049a4655ff24,3/3(“ú) 7:25
sph,ƒXƒ|[ƒc•ñ’m,²X–Ø—J—¬‰Şu‚u‚bƒ^ƒbƒOƒŠ[ƒOv‰•¯‚É”½Èu‚¿‚å‚Á‚Æ’²qæ‚Á‚Ä‚½‚©‚à‚µ‚ê‚È‚¢vc‚RE‚Q–¼ŒÃ‰®‘S¬Ñ,https://news.yahoo.co.jp/articles/9aa1034a8d0e045fc2aa05141dedd842667390ab,3/3(“ú) 7:21
sph,ƒXƒ|[ƒc•ñ’m,“Œ‹é“ìƒ{[ƒCƒYA‘å—Ê“¾“_‚Åˆ³“|‚u‚Å‚Q”N‚Ô‚èt‹G‘S‘‘å‰ï‚Ö@‘å}ŠÄ“Â‚Ìƒ‰ƒbƒL[ƒiƒ“ƒo[‚É‚¿‚È‚İƒ`[ƒ€ˆêŠÛc‘å“c‹æ’·”t,https://news.yahoo.co.jp/articles/a29e2192107ca4f341c867b861b489f413446705,3/3(“ú) 7:20
sph,ƒXƒ|[ƒc•ñ’m,‚i‚Q“¡}@‚iQ“üŒã‰‚ÌŠJ–‹‚Qí–³“¾“_c’´UŒ‚“IƒTƒbƒJ[‰e‚Ğ‚»‚ß{“¡ŠÄ“Âu©•ª‚½‚¿‚ÌƒXƒ^ƒCƒ‹ŠÑ‚«’Ê‚µ‚Ä—~‚µ‚¢v,https://news.yahoo.co.jp/articles/cfe7a8cffb52ceb095c932f9c61d5fd0e2466015,3/3(“ú) 7:19
sph,ƒXƒ|[ƒc•ñ’m,]ŒËì“ìƒ{[ƒCƒYAŒˆŸ‚Å“Œ‹é“ì‚É”s‚ê—Ü@u—Í•‰‚¯vu‘Ì‚ğì‚è’¼‚·vƒŠƒxƒ“ƒW¾‚¤c‘å“c‹æ’·”t,https://news.yahoo.co.jp/articles/cb87c6ee8772df59926b9048c51c3e1ae5caef2c,3/3(“ú) 7:15
sph,ƒXƒ|[ƒc•ñ’m,‘å’JãÄ•½‚ª“ŠèƒŠƒnƒrƒŠ‚É–{Ši’…è@‚m‚a‚`‚Ì–¼‘IèƒR[ƒr[‚ªM—Š‚µ‚½—«—Šw—Ã–@m‚ªw“±,https://news.yahoo.co.jp/articles/128e1d4e823fdfc21d3fced17df949ec5bafdf81,3/3(“ú) 7:14
sph,ƒXƒ|[ƒc•ñ’m,´…ƒGƒXƒpƒ‹ƒX‚ª‚P‚V”N‚Ô‚è‚ÌŠJ–‹˜AŸc‚Q”­Œˆ‚ß‚½‚e‚v–kìq–çuŸ‚Â‚±‚Æ‚¾‚¯‚ª¸ŠiA—DŸ‚Ö‚Ì“¹v,https://news.yahoo.co.jp/articles/ed1c5dd425a6d3fd921274bba39452d89068ce7b,3/3(“ú) 7:11
sph,ƒXƒ|[ƒc•ñ’m,ŒSR’†‰›ƒ{[ƒCƒYE¬Šw•”@‚P“_‚ª‰“‚­“Œ–k‰‚Ì‘S‘‘å‰ïoê“¦‚·I@‰J‚Ì‘å“cƒXƒ^ƒWƒAƒ€‚Å—Ü,https://news.yahoo.co.jp/articles/8a5084d64f7a2e2d840ee79de3d9134b4da8254c,3/3(“ú) 7:10
sph,ƒXƒ|[ƒc•ñ’m,u“¡“c˜a”V‚–‚“ƒWƒFƒCƒNEƒŠ[v‰ƒVƒ“ƒOƒ‹‚R‚O•ªŠÔØ‚êƒhƒ[uƒxƒ‹ƒgŠl‚Á‚½‚ç^‚Áæ‚É‚ ‚¢‚Âw–¼‚µ‚Ä‚â‚évc‚RE‚Q–¼ŒÃ‰®‘S¬Ñ,https://news.yahoo.co.jp/articles/e4676886347d6def39ecd2ca1910f29aeb92c718,3/3(“ú) 7:09
sph,ƒXƒ|[ƒc•ñ’m,u‚Ğ‚Æ”§‚Å‚à‚Ó‚½”§‚Å‚à’E‚®‚æ[v‚Åƒhƒ‰ƒ}o‰‰‚Ì“¡Œ´‹IAƒCƒ“ƒpƒNƒg‘å‚«‚·‚¬u‘¶İŠ´‚·‚²‚©‚Á‚½v,https://news.yahoo.co.jp/articles/241dbde94078c6b2f14001598585ddb6c4e39b0c,3/3(“ú) 7:05
sph,ƒXƒ|[ƒc•ñ’m,‹{éå–kƒ{[ƒCƒY‚ª‚P‚Oü”N‹L”O®“T@‘S‘‘å‰ïí˜Aƒ`[ƒ€‚É¬’·@“c’†LŸŠÄ“Âuq‹Ÿ‚½‚¿‚É–ì‹…‚ğˆ¤‚·‚é‹C‚¿‚ğ‹³‚¦‚év,https://news.yahoo.co.jp/articles/9cfa079fba29a10ed96f7032a389b296a591c069,3/3(“ú) 7:05
sph,ƒXƒ|[ƒc•ñ’m,Œ³ƒuƒ‹ƒ]ƒ“‚¿‚¦‚İ‚R”N‚Ô‚èus—ñ‚Ì‚Å‚«‚é‘Š’kŠvo‰‰cŒ»İ‚ÌˆÓŠO‚ÈE‹Æ‚ÍuƒR[ƒfƒBƒl[ƒ^[v,https://news.yahoo.co.jp/articles/b6215ac012a2f9af4795e383c2cf097f8c8641d5,3/3(“ú) 7:00
sph,ƒXƒ|[ƒc•ñ’m,‚r‚‚‚—@‚l‚‚Eƒ‰ƒE[ƒ‹‚R”N‚Ô‚è’P“Æå‰‰‰f‰æ‚Åƒ„ƒ“ƒL[–ğu‚©‚Á‚±‚¢‚¢ƒAƒNƒVƒ‡ƒ“‚ğ“Í‚¯‚év,https://news.yahoo.co.jp/articles/f3c0845bc54a1d250797f99e98d42a6024f13e16,3/3(“ú) 7:00
sph,ƒXƒ|[ƒc•ñ’m,RèhØ@‚a‚r\‚s‚a‚r˜Aƒhƒ‰å‰‰AĞ“à•s—Ï‚Ì’j—¬”suö“ü‘{¸••Ï‘•A‰½l‚à‚Ì–ğ‚É’§ív,https://news.yahoo.co.jp/articles/fa390bd951e449ed6cb12d79126faadf1a608758,3/3(“ú) 7:00
sph,ƒXƒ|[ƒc•ñ’m,ƒ{[ƒCƒYƒŠ[ƒO“Œ–kx•”‚ª“Œ–k’†‰›A“Œ–k“ì‚Ì‚Qx•”‚É”­“W@ƒ`[ƒ€‘‚Å’f@ˆÚ“®‚Ì•‰’SŒ¸‚Ö,https://news.yahoo.co.jp/articles/6a458fc808fec3bcb95755fbb6a32e0c149ceba7,3/3(“ú) 7:00
sph,ƒXƒ|[ƒc•ñ’m,yŠy“VzVçŒì_E‘¥–{V‘å‚ª‰ƒZ[ƒuc¡]•qWŠÄ“Âu‚¢‚¢ê–Ê‚Å“Š‚°‚ç‚ê‚Ä—Ç‚©‚Á‚½‚ñ‚¶‚á‚È‚¢‚Å‚·‚©v,https://news.yahoo.co.jp/articles/0f4f4f76f7c4ec6ebfcada1976ac7b1dd33ea81a,3/3(“ú) 6:57
sph,ƒXƒ|[ƒc•ñ’m,‰¡•lÂ—tƒ{[ƒCƒY¬Šw•”A‘S‘‘å‰ïoê‚Ì‚ª‚·‚à—qå«E‘Rˆ¤—¢u‚±‚±‚Ü‚Å—ˆ‚ç‚ê‚Ä‚¤‚ê‚µ‚¢v’†Šw‚ÍƒI[ƒ‹‹‹}‚ÅƒvƒŒ[,https://news.yahoo.co.jp/articles/67d88d7b73a776c6830df259a3cfe386485523b2,3/3(“ú) 6:55
sph,ƒXƒ|[ƒc•ñ’m,‹g“c³®Ag‚Q‚S”N‘Å–@h”­“W“rã‚à¡‹G‰ˆÀ‘Å@ƒhƒ~ƒjƒJ‰“ª‘Ñ“¯Œˆ’è‚Å“ú–{l‘ÎŒˆ‚Ì‰Â”\«,https://news.yahoo.co.jp/articles/940ff75212d14f0bb61a1955171b62fa92ec240d,3/3(“ú) 6:53
sph,ƒXƒ|[ƒc•ñ’m,¡‰i¸‘¾AƒƒWƒƒ[‚Ìô—ç—‚Ñ‚é‚àƒtƒ@ƒ“‚Í¡Œã‚ÉŠú‘ÒuûŠn‘½‚©‚Á‚½vu‚ç‚µ‚³‚ª‘SŠJvu’DOU‘½‚¢v,https://news.yahoo.co.jp/articles/87230aa03625ee6fec1dc9b3c16dd63875fb8fcb,3/3(“ú) 6:48
sph,ƒXƒ|[ƒc•ñ’m,u‰Ô‘©v‚É‚È‚Á‚½‰¤—ÑA”ü‹r‘SŠJu‚È‚ñ‚Ú‘«’·‚¢‚ñ‚¾‚Á‚«‚ávu‚ß‚Á‚¿‚á‚r‚…‚˜‚™‰ß‚¬‚é`v,https://news.yahoo.co.jp/articles/e597bd0a9073a97b2d5e507ae8857b990b6185ca,3/3(“ú) 6:40
sph,ƒXƒ|[ƒc•ñ’m,‹g“c³®A‚T“ú‚Ô‚èoê‚Ì‚n‚oí‚Å¡‹G‰ˆÀ‘Å‚à•‚‚©‚ê‚¸u“à—e‚Í‚ ‚Ü‚è—Ç‚­‚È‚©‚Á‚½v,https://news.yahoo.co.jp/articles/f06a3df6bc60722797d3a846d4119b62139bd7c1,3/3(“ú) 6:36
sph,ƒXƒ|[ƒc•ñ’m,y“ú–{ƒnƒ€zRè•Ÿ–ç‚ª‚R‰ñ‚S‚j‚O••‚Åg–{‹’’nƒfƒrƒ…[hc‚SE‚Qƒz[ƒ€ŠJ–‹í‚ÖuŠy‚µ‚İ‚È‹C‚¿‚Åƒ}ƒEƒ“ƒh‚Éã‚ª‚ê‚»‚¤v,https://news.yahoo.co.jp/articles/0c9b9928dd1b785ea52f8a4fd65d4d95cdbfd1f9,3/3(“ú) 6:36
sph,ƒXƒ|[ƒc•ñ’m,‹luƒ”ƒB[ƒiƒXv•’†MuƒpƒbƒVƒ‡ƒ“ƒVƒXƒ^[ƒYv—¼ŒRƒ`ƒA‚ª‹¤‰‰@‘ä˜pƒvƒ–ì‹…jãÅ‘½—ˆêÒ‚ª”M‹¶,https://news.yahoo.co.jp/articles/dc77fe6e9b46a529ca429195e963f6e6f0c52286,3/3(“ú) 6:30
sph,ƒXƒ|[ƒc•ñ’m,Šâˆäç—åuƒ‰ƒCƒ“‚·‚®“Ç‚ß‚½vu“ü‚è‚»‚¤‚È‹C‚ª‚µ‚½vƒ_ƒuƒ‹ƒ{ƒM[‚É‚àu‚µ‚å‚¤‚ª‚È‚¢‚È‚ vc‚T·‚RˆÊ‚©‚çu‚Ñ‚Á‚­‚èv’P“ÆñˆÊ,https://news.yahoo.co.jp/articles/f9f185accd98ce0aec9b3029118cb4f28262a39f,3/3(“ú) 6:30
sph,ƒXƒ|[ƒc•ñ’m,‹lEŠÛ‚ª‚P‚Q“ú‚Ô‚èÀíŒ`®‘ÅŒ‚u“®ì‚ğŠm‚©‚ß‚½‚©‚Á‚½vÅI’iŠKƒNƒŠƒA‚Å‚T“ú‚c‚…‚m‚`í‚Å¡‹G‰Àí‚Ö,https://news.yahoo.co.jp/articles/5fadf641ffd7010b4c36d115a61940cb5e0d3e57,3/3(“ú) 6:20
sph,ƒXƒ|[ƒc•ñ’m,Œ³“VËq–ğE”üR‰Á—öu‘‰‚¹×‚Á‚½pv‚ªÕŒ‚“I@‚WƒLƒŒ¸‚Å•Êlu‘‰‚¹‚·‚¬vu‚·‚²‚¢v,https://news.yahoo.co.jp/articles/9e218517e146e727c1cf3f3a94d0319a5e73ce76,3/3(“ú) 6:19
sph,ƒXƒ|[ƒc•ñ’m,¡‰i¸‘¾‚Ìgƒfƒrƒ…[íh‚Í‚R‰ñ“r’†‚R¸“_@‹t“]”í’e‚àƒhƒWƒƒ[ƒX‘Šè‚É‚T’DOU,https://news.yahoo.co.jp/articles/feb41fca9caad03a979b3c6cea35a865f941f7d2,3/3(“ú) 6:10
sph,ƒXƒ|[ƒc•ñ’m,‹l‘å¨AçŒì_Š®‘S•œŠˆ‚Ö@ƒuƒ‹ƒyƒ“‚Å”[“¾‚Ì‚Q‚Q‹…uv‚¢•`‚¢‚Ä‚é‘Ì‚Ìg‚¢•ûvƒLƒƒƒ“ƒv’†‚É‚Ó‚­‚ç‚Í‚¬’É,https://news.yahoo.co.jp/articles/b284a0b96788df7e89bf613178f0ee95eb39e75b,3/3(“ú) 6:10
sph,ƒXƒ|[ƒc•ñ’m,“úŒüâ‚S‚UE²X–Ø”ü—æAg”šƒCƒPhƒVƒ‡ƒbƒg”â˜IIuˆì‚êo‚éålŒöƒI[ƒ‰vuãY—í‚·‚¬‚é‚æv‚Æâ^‚Ìº,https://news.yahoo.co.jp/articles/57bf11a41e1bc968d695de36bbd012861e864afe,3/3(“ú) 6:07
sph,ƒXƒ|[ƒc•ñ’m,Œ³”T–Øâ‚S‚UE’†“c‰Ô“ŞAg–ğ–ƒ{ƒfƒB[h‰ª“cÑ‰À‚Æ‚lƒŠ[ƒO”ü—ƒRƒ“ƒrƒVƒ‡ƒbƒg‚É”½‹¿u‚Î‚è‚©‚í‚¢‚¢v‚Ìº,https://news.yahoo.co.jp/articles/bb611d0c1d4e0685031250a59e8f5d9a9c974ca9,3/3(“ú) 6:00
sph,ƒXƒ|[ƒc•ñ’m,›–ì’q”V‚ª˜ƒWƒƒƒpƒ“ˆÈ—ˆ‚X”N‚Ô‚è‚Ì‘ä˜pƒ}ƒEƒ“ƒhu‘ä˜p‚ÌŠF‚³‚ñ‚É©•ª‚Ì“Š‹…‚ğŒ©‚¹‚év,https://news.yahoo.co.jp/articles/5b24a877e70245fd276707c7d354cd4c99c89b8e,3/3(“ú) 6:00
sph,ƒXƒ|[ƒc•ñ’m,‚r‚‚‚—@‚l‚‚Eƒ‰ƒE[ƒ‹A‹à”¯p‚Åˆ³Šª‚ÌƒpƒtƒH[ƒ}ƒ“ƒXc‚s‚f‚b’j«Å‘½‚P‚P‰ñ˜A‘±o‰‰,https://news.yahoo.co.jp/articles/799eaea1a835d49a0d03d02561e319969652ad9e,3/3(“ú) 6:00
sph,ƒXƒ|[ƒc•ñ’m,’·B—Í‚Ì–¼Œ¾u‚Ü‚½‚®‚È‚æIv‚Æ”G‚ê‚½‚sƒVƒƒƒc‚Ì^ÀcƒVƒ“E‘åm“cŒú@—Ü‚ÌƒJƒŠƒXƒ}‚T‚O”N–Ú‚Ì^Ài‚S‚Qj,https://news.yahoo.co.jp/articles/a2724d8a6f3b54036e1ec26fe86d5589a076cc34,3/3(“ú) 6:00
sph,ƒXƒ|[ƒc•ñ’m,‚U‚TÎ‚Ìu–¢—B‚‚‰‚…‚Ì“úv‚Éƒ‰ƒCƒuŠJÃcƒsƒ“ƒNEƒŒƒfƒB[Šy‹È‚à”â˜I‚ÅuƒIƒŠƒWƒiƒ‹‚ğ‰z‚¦‚éƒŒƒxƒ‹v,https://news.yahoo.co.jp/articles/cd106106c165c58192833fb6f51751e5a64f87b6,3/3(“ú) 5:50
sph,ƒXƒ|[ƒc•ñ’m,‹lˆ¢•”ŠÄ“ÂuŸ”sŠÖŒW‚È‚­–{“–‚É‘f°‚ç‚µ‚¢‡Aƒtƒ@ƒ“‚ÉŠ´Óv—ğj“Iˆêí‚Å‘ä˜pƒvƒ‹…’c‚ÉŸ—˜,https://news.yahoo.co.jp/articles/d7c58a044005457fed82b836fac412660df37590,3/3(“ú) 5:50
sph,ƒXƒ|[ƒc•ñ’m,‚n‚oí‰“o”Â‚Ì¡‰i¸‘¾A‚Q‰ñ‚É‹t“]‚Rƒ‰ƒ“”í’e@‰‰ñ‚Í‚RÒ–}‘Ş‚à,https://news.yahoo.co.jp/articles/c80f2657102c5eb2a3a7ef3907dee9f58c1a364e,3/3(“ú) 5:45
sph,ƒXƒ|[ƒc•ñ’m,²X–Ø˜NŠó‚Å‚Í‚È‚­¬“‡˜aÆ‚ªŠJ–‹“Šè@‹gˆä—lŠÄ“ÂŒˆ’f‚Ì”wŒi,https://news.yahoo.co.jp/articles/3a6b76e10cb7f02ba897d11d05d48e6557e73e89,3/3(“ú) 5:45
sph,ƒXƒ|[ƒc•ñ’m,—é–Øˆ¤—A‰F¡‚ÌŠX‚Åg‚²–J”ü—·sh‚ğ–‹iI’ƒ“X‚ÅŒ©‚¹‚éÎŠç‚Éƒtƒ@ƒ“Š½Šìu‚Ü‚¶–ü‚µv‚Ìº,https://news.yahoo.co.jp/articles/897673401b5d59cb9dfda270f5df16a8ef6bd548,3/3(“ú) 5:40
sph,ƒXƒ|[ƒc•ñ’m,‘ä˜p‚ÌVƒh[ƒ€“ú–{l‰ˆÀ‘Å‚Í‹lEŠJ–‹ƒXƒ^ƒƒ“‚ğ‘_‚¤‘åŒ^ŠO–ìè@—ğj“Iˆê‘Å‚Éu©•ª‚Å‚¢‚¢‚ñ‚Å‚·‚©‚Ëv,https://news.yahoo.co.jp/articles/f01ead1973ca9b8e3f5f3c437846b2a950d1c665,3/3(“ú) 5:40
sph,ƒXƒ|[ƒc•ñ’m,uŒË‹½‚ÌƒtƒH[ƒN‚ÍA–x“à‚ÌƒJ[ƒu‚Ì‚æ‚¤v‹l‚Ìæ”yA–x“àP•v‚³‚ñ‚ªw“E‚µ‚½ŒË‹½‚ÌƒtƒH[ƒN‚ÌˆĞ—Í‚Æ‚Íc,https://news.yahoo.co.jp/articles/59642a25412a0cd98470f02adc0282a8bf8976b4,3/3(“ú) 5:30
sph,ƒXƒ|[ƒc•ñ’m,”ò‚Î‚È‚¢ƒoƒbƒg‚Å‚Ç‚¤‚È‚é‚Z–ì‹…@‘Îô‚ÍHç”õˆÊ’u‚ÍHƒvƒ‚Ìl‚¦‚ÍH@Œ»ê‚ÌƒŠƒAƒ‹‚Èº,https://news.yahoo.co.jp/articles/b8b5d6c5abfd3fa357217facfd4ad72453636316,3/3(“ú) 5:30
sph,ƒXƒ|[ƒc•ñ’m,Xç°ƒAƒiAƒGƒC‚ğè‚É‚µ‚½Šï”²ƒVƒ‡ƒbƒg‚ÉuŠ±•¨‚É‚µ‚ÄH‚×‚é‚ñ‚Å‚·‚©HÎvu‚Å‚©‚¢Iv‚Æ‹Á‚«‚Ìº,https://news.yahoo.co.jp/articles/a50cf7ba491c10de922fa8939b5c61f9a092e1d8,3/3(“ú) 5:30
sph,ƒXƒ|[ƒc•ñ’m,gƒfƒrƒ…[íh‚Ì¡‰i¸‘¾A‰‰ñ‚Í‚RÒ–}‘Ş@‚l‚u‚oƒgƒŠƒI‚ÌˆêŠpƒtƒŠ[ƒ}ƒ“‚©‚ç‹óU‚èOU’D‚¤,https://news.yahoo.co.jp/articles/0f0e7a79db9551ae1a5e9810a194069a785cf633,3/3(“ú) 5:25
sph,ƒXƒ|[ƒc•ñ’m,u‚¢‚ÂŠJ‹ÆHv‹{˜eç—ÇA•Ò‚İ•¨‚ÌƒNƒIƒŠƒeƒB‚ª‚·‚²‚¢I˜r‘O‚Éƒtƒ@ƒ“‹Á‚ª‚­u–{“–‚É”ü‚µ‚¢vu–{“–‘¸Œh‚µ‚Ü‚·v,https://news.yahoo.co.jp/articles/d42cc710b2497ce6bbd160e249977ba99f1a41dd,3/3(“ú) 5:20
sph,ƒXƒ|[ƒc•ñ’m,‹lŒË‹½‚ª‰‘ä˜pƒ}ƒEƒ“ƒh‚Å‚R‰ñ‚O••‚U’DOUu“Œ‹‚c‚Æ—‚Ä‚¢‚éB‹C‚¿‚æ‚­“Š‚°‚ç‚ê‚½v,https://news.yahoo.co.jp/articles/3050b629ecb23146e8ea044fd2a6f0df8e854b08,3/3(“ú) 5:20
sph,ƒXƒ|[ƒc•ñ’m,’¬“cE•“c„ŠÄ“ÂgŸ•‰th‚Ìƒ‹[ƒeƒBƒ“@Š´ŠoŒ¤‚¬Ÿ‚Ü‚·‚½‚ß‡‘O‚ÍH–æ‚ç‚È‚¢@•K‚¸_Ğ‚ÖQ”qu_—Š‚İv‚à,https://news.yahoo.co.jp/articles/d12ca109d2f32c243276dafd45a2d80e721165be,3/3(“ú) 5:15
sph,ƒXƒ|[ƒc•ñ’m,‘q‰ÈƒJƒiA‚l‚b–±‚ß‚éuƒTƒXƒeƒB‚ÈIv•ú‘—‚P‚O‚O‰ñ–Ú‚ğŒ}‚¦ÎŠç‚Ì•ñ‚Éuˆ¤‚­‚é‚µ‚¢v‚Ìº,https://news.yahoo.co.jp/articles/4e7148313e097c80fe6bde799cb944fa3a7e38c3,3/3(“ú) 5:11
sph,ƒXƒ|[ƒc•ñ’m,‚Â‚¢‚É‚¨–ÚŠo‚ßI‹lE‹gì®‹P‚ª‚Q‘Å”‚QˆÀ‘Å@¡‹G‚±‚ê‚Ü‚Åƒoƒ“ƒgƒqƒbƒg‚Ì‚İuŒ‹‰Êc‚·‚µ‚©‚È‚¢v,https://news.yahoo.co.jp/articles/4a9fbc97f5bff52f7d78ef0124acc3efa360debf,3/3(“ú) 5:10
sph,ƒXƒ|[ƒc•ñ’m,ˆ¢•”ŠÄ“Âuƒ`ƒAƒK[ƒ‹Œ©‚Ä‚½‚ñ‚¶‚áv@HL‚Ìç”õ‚¢‚¶‚è‘ä˜pƒƒfƒBƒAÎ‚í‚¹‚½,https://news.yahoo.co.jp/articles/3840a53c89c3498b249dc1add9d5593b72309fea,3/3(“ú) 5:05
sph,ƒXƒ|[ƒc•ñ’m,’¬“cAƒNƒ‰ƒu‘n—§‚R‚T”N‘Ò‚¿‚É‘Ò‚Á‚½‚i‚P‰Ÿ—˜Iƒƒ“ƒOƒXƒ[‹N“_‚ÉŒˆŸ“_c‘Šè‚ÌŒ™‚ª‚é‚±‚Æ“O’êg•“cƒCƒYƒ€h,https://news.yahoo.co.jp/articles/6940e9717c2bfa689cec30de2fb849172be937e6,3/3(“ú) 5:05
sph,ƒXƒ|[ƒc•ñ’m,‹lEHLŒ€êI‰½•·‚©‚ê‚Ä‚àu‰äˆ¤iƒEƒHEƒAƒCj‘ä˜pv‚T˜A”­,https://news.yahoo.co.jp/articles/5011018a7b301c42014e918a334f66b6879bc4c9,3/3(“ú) 5:00
sph,ƒXƒ|[ƒc•ñ’m,y”Ô‹LÒ‚Ì‹“_z‚T¸“_‚ÌìèA‚S“¾“_‚µ‚½—Ç‚³‚ğL‚Î‚·‚½‚ß‚É,https://news.yahoo.co.jp/articles/448d0c56d19c4243049aa04da3e4ec28e1a06965,3/3(“ú) 5:00
sph,ƒXƒ|[ƒc•ñ’m,yã_z–å•ÊŒ[lA’nŒ³ŠMù‚Å‚S‰ñ‚P¸“_@uŠJ–‹ƒ[ƒe‚È‚¢v‚Æ–¾Œ¾‚µ‚½‰ª“cŠÄ“Â‚Ì•ûj‚Íc,https://news.yahoo.co.jp/articles/f6b7a0f8e134ab3ab1ea60ee20be9143b8e351bd,3/3(“ú) 5:00
sph,ƒXƒ|[ƒc•ñ’m,yƒIƒŠƒbƒNƒXzg—ÑO‘¾˜YA‚R“ú‚Ì‚c‚…‚m‚`íu˜ow’ev‘_‚¤,https://news.yahoo.co.jp/articles/0f4c8e4c83d0af01647415a07093de9682b17a00,3/3(“ú) 5:00
sph,ƒXƒ|[ƒc•ñ’m,yƒ\ƒtƒgƒoƒ“ƒNz¬‹v•ÛŠÄ“ÂAƒI[ƒvƒ“í‹t“]Ÿ—˜‚ÉâŒû’²u‚«‚å‚¤‚Í‚ ‚ñ‚ÜAƒlƒ^‚È‚¢‚â‚ñv,https://news.yahoo.co.jp/articles/daad397848256a8f754a8b965ceb9f91b4e4740e,3/3(“ú) 5:00
sph,ƒXƒ|[ƒc•ñ’m,yL“‡zŠJ–‹“ŠèE‹ã—¢AV‹…á‚¦‚½IƒI[ƒvƒ“í‰“o”Â‚Å‚S‰ñ‚PˆÀ‘Å–³¸“_,https://news.yahoo.co.jp/articles/ac0202cbb2954213f07c3d615497a45600c74466,3/3(“ú) 5:00
