media_en,media_jp,title_articles,link_articles,date_original
impktw,ƒP[ƒ^ƒC Watch,uPayPayv‚ª4ŒˆÈ~‚Ìu‚ ‚È‚½‚Ì‚Ü‚¿‚ğ‰‰‡ƒvƒƒWƒFƒNƒgv’Ç‰Á•ª‚ğ”­•\AÅ‘å20“‚ÌŠÒŒ³,https://news.yahoo.co.jp/articles/d7a012319cde3af1c7950920019db56e3cd90942,4/3(…) 14:30
impktw,ƒP[ƒ^ƒC Watch,Android”ÅuƒXƒCƒJƒQ[ƒ€vA4Œ’†{”zM‚Ö,https://news.yahoo.co.jp/articles/47f15d20e778427b2c3c3fad7d137087317fad5b,4/3(…) 13:39
impktw,ƒP[ƒ^ƒC Watch,Galaxy AI‚ÆuONE PIECEv‚ªƒRƒ‰ƒ{AŒ´h‚Å‘ÌŒ±Šé‰æ‚à,https://news.yahoo.co.jp/articles/c7ef087f29ac966ec2518983fc9f98f518234458,4/3(…) 12:57
impktw,ƒP[ƒ^ƒC Watch,ƒTƒ“ƒR[‚©‚çƒyƒ‹ƒ`ƒF—â‹p‚Ìuˆ³“|“I‚É—â‚¦‚éw—â‘ •3xvAƒ‚ƒoƒCƒ‹ƒoƒbƒeƒŠ[‚Å‹ì“®,https://news.yahoo.co.jp/articles/ee01784a18701921ef0b39f25ec31b9d1430e75d,4/3(…) 12:35
impktw,ƒP[ƒ^ƒC Watch,au‚©‚çuGalaxy S24vA11“ú‚É”­”„,https://news.yahoo.co.jp/articles/079e8734ec28c0536d0a90c67a8319805fa6a303,4/3(…) 11:50
impktw,ƒP[ƒ^ƒC Watch,PayPay‚ÅV‚½‚É‘ƒŠ›^–‡•ûM—p‹àŒÉ‚È‚Ç10‹àŒÉ‚ÌŒûÀ“o˜^‚É‘Î‰A3‹àŒÉ‚ğœ‚­M—p‹àŒÉ‚Å“o˜^‰Â”\‚É,https://news.yahoo.co.jp/articles/fee5e33afc87811f3a269034ece20bc2871f398a,4/3(…) 11:48
impktw,ƒP[ƒ^ƒC Watch,ƒTƒ€ƒXƒ“uGalaxy AIvA4Œ’†{‚©‚çuGalaxy S23vƒVƒŠ[ƒY‚È‚Ç‚Å‚à—˜—p‰Â”\‚É,https://news.yahoo.co.jp/articles/bf2718ab5a7c80f309b7ed5bc9e05bab3f467216,4/3(…) 11:34
impktw,ƒP[ƒ^ƒC Watch,au‚©‚çuGalaxy S24 UltravA11“ú‚É”­”„,https://news.yahoo.co.jp/articles/6828cfbeb1ed61eb6d1ceb72086320b0fbf35039,4/3(…) 10:13
impktw,ƒP[ƒ^ƒC Watch,ƒhƒRƒ‚‚©‚çuGalaxy S24vA11“ú‚É”­”„,https://news.yahoo.co.jp/articles/8ef9f92694007b735fe1a4ba52522f8f64631109,4/3(…) 10:08
impktw,ƒP[ƒ^ƒC Watch,ƒhƒRƒ‚‚©‚çuGalaxy S24 UltravA11“ú‚É”­”„,https://news.yahoo.co.jp/articles/d9ddf242dc10bb74bcfe3a9d51b402ab6a41a942,4/3(…) 10:04
impktw,ƒP[ƒ^ƒC Watch,ƒTƒ€ƒXƒ“AuGalaxy S24vƒVƒŠ[ƒY‚Å7¢‘ã‚ÌOSƒAƒbƒvƒf[ƒg’ñ‹Ÿ,https://news.yahoo.co.jp/articles/60c0075b7236895abdce4159ad0d8934490f8347,4/3(…) 10:03
impktw,ƒP[ƒ^ƒC Watch,uGalaxy S24 Ultrav‚ÌSIMƒtƒŠ[”ÅA11“ú‚É”­”„,https://news.yahoo.co.jp/articles/5b2c85b145f8a20f379e4a6d583986a4728085f4,4/3(…) 10:02
impktw,ƒP[ƒ^ƒC Watch,uGalaxy S24v‚ÌSIMƒtƒŠ[”ÅA11“ú‚É”­”„,https://news.yahoo.co.jp/articles/02ac9a234887e7911762077011322246aceec385,4/3(…) 10:01
impktw,ƒP[ƒ^ƒC Watch,ƒhƒRƒ‚‚Ì5G SAA3“ú1`2‚É’ÊMáŠQ,https://news.yahoo.co.jp/articles/0434c0d8b7146bc376a199836a7e4940eae3d158,4/3(…) 8:59
impktw,ƒP[ƒ^ƒC Watch,–@lŒü‚¯uMicrosoft 365v‚ÅTeams‚Æ‚Ì•ª—£”Ì”„‚ğ‘S¢ŠE‚É“WŠJAƒoƒ“ƒhƒ‹ƒvƒ‰ƒ“‚ÍV‹Kó•tI—¹,https://news.yahoo.co.jp/articles/8724cf6fca3505d92d2061d3d3b5fa7c9fc940b0,4/2(‰Î) 19:48
impktw,ƒP[ƒ^ƒC Watch,3COINSA3300‰~‚ÌƒXƒ}[ƒgƒEƒHƒbƒ`uƒfƒoƒCƒXƒoƒ“ƒhplusv”­”„,https://news.yahoo.co.jp/articles/b9968bf10cd5a44a2b05c0615526b50dd552ebcc,4/2(‰Î) 19:40
impktw,ƒP[ƒ^ƒC Watch,uChatGPTvAƒAƒJƒEƒ“ƒg‚È‚µ‚Å‚à—˜—p‰Â”\‚É,https://news.yahoo.co.jp/articles/742cb6c5a620472b861970301d4bd9c7964b5e4b,4/2(‰Î) 19:02
impktw,ƒP[ƒ^ƒC Watch,ƒhƒRƒ‚‚Ìdƒ|ƒCƒ“ƒgAuƒrƒA[ƒhƒpƒpv‚Å100–œƒ|ƒCƒ“ƒgR•ª‚¯,https://news.yahoo.co.jp/articles/9b7b902ff3fb2b920c4c47eb3234a19c66a399b5,4/2(‰Î) 16:47
impktw,ƒP[ƒ^ƒC Watch,uUberv‚Åƒ‰ƒCƒhƒVƒFƒAŠJn‚ÖA“Œ‹‚È‚Ç‚Å4Œã{‚©‚ç“±“üx‰‡,https://news.yahoo.co.jp/articles/b18dca7f4b4d7f2488f348f2fb58992b04b541b7,4/2(‰Î) 16:39
impktw,ƒP[ƒ^ƒC Watch,au PAY‚Ó‚é‚³‚Æ”[ÅAuauƒ}ƒlŠˆƒvƒ‰ƒ“v‰Á“üÒŒÀ’è‚Å‡ŒvÅ‘å16“ŠÒŒ³‚ÌƒLƒƒƒ“ƒy[ƒ“,https://news.yahoo.co.jp/articles/51b631841583fb75e2b68bd8b7d804ec06446315,4/2(‰Î) 15:08
impktw,ƒP[ƒ^ƒC Watch,au PAY ƒ}[ƒPƒbƒg‚Åuƒ|ƒCƒ“ƒg’´’´ÕvAut‚Ì‰Æ“dÕv‚à,https://news.yahoo.co.jp/articles/a54508bf189070622997ce277569acadcabfb91b,4/2(‰Î) 14:00
impktw,ƒP[ƒ^ƒC Watch,3COINSAƒƒCƒ„ƒŒƒXƒCƒ„ƒzƒ“‚âƒ‚ƒoƒCƒ‹ƒoƒbƒeƒŠ[‚ÌV»•iEVF‚ğ”­”„,https://news.yahoo.co.jp/articles/6d639fd4aa4f15b4740a95bba7e5c7f12654a5bd,4/2(‰Î) 13:43
impktw,ƒP[ƒ^ƒC Watch,ŒoYÈAƒ‰ƒsƒ_ƒX‚Ö5900‰­‰~‚Ì’Ç‰Áo‘\\æ’[”¼“±‘ÌŠJ”­‚ğx‰‡,https://news.yahoo.co.jp/articles/868caf011104cca15d64731afc10400a27245c5a,4/2(‰Î) 13:33
impktw,ƒP[ƒ^ƒC Watch,uŠy“VƒLƒƒƒbƒVƒ…v‚ÌŒÂlŠÔ‘—•t‚Å‡Œv1–œƒ|ƒCƒ“ƒg‚ª“–‚½‚éƒLƒƒƒ“ƒy[ƒ“,https://news.yahoo.co.jp/articles/8fdc7e107c8b19f6dd82a67b8a65b7930a69e8aa,4/2(‰Î) 13:29
impktw,ƒP[ƒ^ƒC Watch,uABEMAv‚ÅWOWOW‚ÌƒXƒ|[ƒcƒRƒ“ƒeƒ“ƒcAVƒvƒ‰ƒ“uWOWSPOvƒXƒ^[ƒg,https://news.yahoo.co.jp/articles/c56fd047a031811e866da9844d3b1410f5cfd1f9,4/2(‰Î) 13:19
impktw,ƒP[ƒ^ƒC Watch,ƒƒNƒ`ƒ“ÚíØ–¾‘ƒAƒvƒŠA‹@”\’â~”Å‚ªŒöŠJ,https://news.yahoo.co.jp/articles/0e9d91ec493e2affe3c83c103f68b1c8e0b62958,4/2(‰Î) 13:06
impktw,ƒP[ƒ^ƒC Watch,Amazon~W‰pĞ‚ÅÅ‘å50“ŠÒŒ³‚Ì“dqƒ}ƒ“ƒKƒZ[ƒ‹Aƒƒ“ƒs‚âƒqƒƒAƒJ‚È‚Ç,https://news.yahoo.co.jp/articles/c6fceb07c9e6353426a8c348f5fa18ba6d81ca05,4/2(‰Î) 12:38
impktw,ƒP[ƒ^ƒC Watch,“Áêƒ}ƒCƒN‚ÅƒXƒ}ƒz‚Ì’Ê˜b‚ğ˜^‰¹‚Å‚«‚éƒ{ƒCƒXƒŒƒR[ƒ_[AƒTƒ“ƒƒTƒvƒ‰ƒC‚©‚ç,https://news.yahoo.co.jp/articles/5dc5b1b46ee8ba55f204c76ba6308524100ca989,4/2(‰Î) 12:35
impktw,ƒP[ƒ^ƒC Watch,Hamee‚Ì‘½‹@”\“dŒ¹ƒ^ƒbƒv‚ÉƒŒƒgƒƒ|ƒbƒv‚ÈgƒXƒPƒ‹ƒgƒ“ƒJƒ‰[h‚ª“oê,https://news.yahoo.co.jp/articles/13111df42a88b0784689b60002208d93f41753fd,4/2(‰Î) 12:20
impktw,ƒP[ƒ^ƒC Watch,au‚ÌuiPhone 14v‚ªæŠ·‚¦‚Å4.4–œ‰~ˆø‚«AÀ¿47‰~‚à,https://news.yahoo.co.jp/articles/80525c2a1e0e6d03930e3811f6bf922a937acc7e,4/2(‰Î) 12:07
impktw,ƒP[ƒ^ƒC Watch,•Ÿ“‡‚ÆRŒ`‚ÅuNURO Œõ 10ƒMƒKvŠJnA15“ú‚©‚çó•t,https://news.yahoo.co.jp/articles/fb684da7e2397db81aea0d3ce960cb3f4b865d28,4/2(‰Î) 11:56
impktw,ƒP[ƒ^ƒC Watch,uXiaomi 13TvuTORQUE 5Gv‚È‚Ç‚ª5500‰~ˆø‚«AauƒIƒ“ƒ‰ƒCƒ“ƒVƒ‡ƒbƒv‚Ì‹@í•ÏXƒZ[ƒ‹,https://news.yahoo.co.jp/articles/dbd257b73d56ebcc1f3e4653bc290748c5078abf,4/2(‰Î) 11:54
impktw,ƒP[ƒ^ƒC Watch,ŠCŠO‚Å‚ÌƒhƒRƒ‚udƒ|ƒCƒ“ƒgv—˜—p‚É‰~ˆÀ”½‰fAu100ƒ|ƒCƒ“ƒg1ƒhƒ‹v¨u100ƒ|ƒCƒ“ƒg100‰~v‚É,https://news.yahoo.co.jp/articles/c29cd38df8c6501abd9c6ff7aa2b50c6988a6da0,4/2(‰Î) 0:08
impktw,ƒP[ƒ^ƒC Watch,IIJmioAunubia Flip 5Gvunubia Ivyv‚ğ”­”„,https://news.yahoo.co.jp/articles/78a64fec46488e9f01a68436283a765475678f47,4/2(‰Î) 0:06
impktw,ƒP[ƒ^ƒC Watch,ƒhƒRƒ‚ƒOƒ‹[ƒv‚Ì“üĞ®ANTT Com‚âƒRƒ€ƒEƒFƒA‚ğŠÜ‚ß‚½1200l‚ÌV“üĞˆõ‚ÉŒü‚¯‚Ä3Ğ’·‚ªƒG[ƒ‹,https://news.yahoo.co.jp/articles/42aad852cb7d59046c1e5a011dea992bb44c47dd,4/1(Œ) 21:47
impktw,ƒP[ƒ^ƒC Watch,ƒhƒRƒ‚AiPhone 15 Pro‚âPixel 7a‚È‚Ç‚ÌƒIƒ“ƒ‰ƒCƒ“Š„‚Í–{“ú1“ú‚Ü‚Å,https://news.yahoo.co.jp/articles/975536ac3eb35834e2d7d95a8ad78ef941296160,4/1(Œ) 17:44
impktw,ƒP[ƒ^ƒC Watch,ud•¥‚¢ƒ^ƒbƒ`vˆê•”‚ÌŒˆÏ‚Ådƒ|ƒCƒ“ƒg‚ª‚à‚ç‚¦‚È‚¢áŠQA1“ú–¢–¾`,https://news.yahoo.co.jp/articles/c5b484718bafce56c3fa3cf731bda4ecc56372a3,4/1(Œ) 16:40
impktw,ƒP[ƒ^ƒC Watch,Amazon‚Åuirumov‚Ì–³—¿ƒGƒ“ƒgƒŠ[URLAÅ‘å1–œƒ|ƒCƒ“ƒg‚à,https://news.yahoo.co.jp/articles/4cdd371071bc57076c3bda75dfef3914cf4b4c7b,4/1(Œ) 16:26
impktw,ƒP[ƒ^ƒC Watch,NUROƒ‚ƒoƒCƒ‹Aumoto g24vuOPPO A79 5Gv”­”„,https://news.yahoo.co.jp/articles/ef4ff1a15a39eae1bd75d3ec85971968adfe4b1a,4/1(Œ) 16:05
impktw,ƒP[ƒ^ƒC Watch,uIIJmiov‚Åƒf[ƒ^20“‘—ÊAƒ[ƒ\ƒ“‚Æƒ~ƒjƒXƒgƒbƒvŒÀ’è‚ÌƒLƒƒƒ“ƒy[ƒ“,https://news.yahoo.co.jp/articles/1069e265e1621bb7e9d30499bdc439458020a2a1,4/1(Œ) 16:01
impktw,ƒP[ƒ^ƒC Watch,mineoAƒ‚ƒgƒ[ƒ‰»ƒXƒ}ƒzumoto g24v”­”„,https://news.yahoo.co.jp/articles/611890237dbae8c204a162b1a70a4922a45d0662,4/1(Œ) 15:55
impktw,ƒP[ƒ^ƒC Watch,IIJmiouƒMƒKƒvƒ‰ƒ“v‘å—e—Êƒvƒ‰ƒ“‚Å—˜—p—¿Š„ˆø•ƒf[ƒ^‘—ÊA6Œ3“ú‚Ü‚Å,https://news.yahoo.co.jp/articles/e303b3c7aec48b046cd37fdf4355421f2e893b7b,4/1(Œ) 13:55
impktw,ƒP[ƒ^ƒC Watch,iD‚ÌƒlƒbƒgŒˆÏ‚ªğ“ú3Œ31“ú‚ÅI—¹A“X“ª‚Å‚ÌƒT[ƒrƒX‚ÍŒp‘±,https://news.yahoo.co.jp/articles/d3ffffd16e8d55ee4c1d0edf72361f9cef1cbba6,4/1(Œ) 13:31
impktw,ƒP[ƒ^ƒC Watch,Šy“VA‹à—Z–‹ÆÄ•Ò‚ğ³®”­•\,https://news.yahoo.co.jp/articles/7ea7acbfd86ae99c70a6744c362d026ffec7f210,4/1(Œ) 13:12
impktw,ƒP[ƒ^ƒC Watch,uRedmi Note 10Tv‚ª110‰~‚âurazr 40 ultrav‚ª8.5–œ‰~‚É’l‰º‚°AIIJmio‚ÌƒXƒ}ƒz‘å“Á‰¿ƒZ[ƒ‹,https://news.yahoo.co.jp/articles/5061ce55f0f638edf0b77a9dbf4ab55afc6af19a,4/1(Œ) 12:30
impktw,ƒP[ƒ^ƒC Watch,povo2.0‚Åu48GBi365“úŠÔjv‚Æu3GBi180“úŠÔjv‚ÌŒÀ’èƒgƒbƒsƒ“ƒO”­”„,https://news.yahoo.co.jp/articles/a07b8adca6ae75019def643c2b123ec682ddbdb9,4/1(Œ) 12:24
impktw,ƒP[ƒ^ƒC Watch,uBIC SIMv‚ÅiPhone‚ª1.8–œ‰~ˆø‚«‚â1.7–œƒ|ƒCƒ“ƒgŠÒŒ³‚È‚ÇAMNPŒü‚¯ƒLƒƒƒ“ƒy[ƒ“,https://news.yahoo.co.jp/articles/57c1ab7a84529676b286d7c55850da3e7dea4877,4/1(Œ) 11:57
impktw,ƒP[ƒ^ƒC Watch,Šy“VAƒtƒBƒ“ƒeƒbƒN–‹ÆÄ•Ò•ñ“¹‚ÉuŒŸ“¢‚Í–Àv,https://news.yahoo.co.jp/articles/1d186bcd9c1373712967548a686c74c858ff7b2a,4/1(Œ) 11:53
impktw,ƒP[ƒ^ƒC Watch,povo2.0‚Åƒ[ƒ\ƒ“‚Ìuƒ}ƒ`ƒJƒtƒFv‚à‚ç‚¦‚éƒgƒbƒsƒ“ƒOA31“ú‚Ü‚Å,https://news.yahoo.co.jp/articles/fd198ccf7b2de5549703c4767e0c3401c27a96e2,4/1(Œ) 11:49
impktw,ƒP[ƒ^ƒC Watch,ƒhƒRƒ‚ud•¥‚¢v©¡‘ÌƒLƒƒƒ“ƒy[ƒ“A4ŒŠJn•ª‚ÍÅ‘å25“ŠÒŒ³,https://news.yahoo.co.jp/articles/22e4b43f3aed73fdbc7f146d7e197253bfee636b,4/1(Œ) 11:28
impktw,ƒP[ƒ^ƒC Watch,ƒ\ƒtƒgƒoƒ“ƒN‚ÆƒƒCƒ‚ƒoƒCƒ‹AƒVƒ‡ƒbƒsƒ“ƒOƒoƒbƒO‚ğ100“ƒŠƒTƒCƒNƒ‹‘fŞ‚É,https://news.yahoo.co.jp/articles/b7030942fc5b631f86e1776fee9e4c7912ac9ba7,4/1(Œ) 6:04
impktw,ƒP[ƒ^ƒC Watch,4Œ‚ÌuŠy“VƒyƒCvŠÒŒ³î•ñ‚Ü‚Æ‚ß\\‘å•ªŒ§‚Ö‚Ì—·s‚Å20“ŠÒŒ³‚âAˆÉ“ŒsE“c•Ós‚È‚Ç‚ÌƒLƒƒƒ“ƒy[ƒ“î•ñ‚È‚Ç,https://news.yahoo.co.jp/articles/2e36a423fd1145c296cd70435d13c57f99a3d518,4/1(Œ) 0:05
impktw,ƒP[ƒ^ƒC Watch,4Œ‚Ìud•¥‚¢^dƒ|ƒCƒ“ƒgvŠÒŒ³ƒLƒƒƒ“ƒy[ƒ“î•ñ‚ğƒ`ƒFƒbƒN\\ƒtƒ@ƒ~ƒ}‚âƒGƒfƒBƒIƒ“Aƒ‚ƒXƒo[ƒK[‚È‚Ç‚ÌƒLƒƒƒ“ƒy[ƒ“î•ñ,https://news.yahoo.co.jp/articles/5972e7fb8e19f29f14ba4557a9642df79fd1e553,4/1(Œ) 0:04
impktw,ƒP[ƒ^ƒC Watch,uPayPayv4Œ‚ÌƒLƒƒƒbƒVƒ…ƒŒƒXŠÒŒ³‚Ü‚Æ‚ß\\ƒXƒNƒ‰ƒbƒ`‚­‚¶‚Ì‘åŒ^ŠÒŒ³‚â’nˆæ‚ÌƒLƒƒƒ“ƒy[ƒ“‚È‚Ç,https://news.yahoo.co.jp/articles/acd86991b35492122291d07bdc85a96c49f997f5,4/1(Œ) 0:04
impktw,ƒP[ƒ^ƒC Watch,uau PAYv4Œ‚ÌŠÒŒ³î•ñ‚ğƒ`ƒFƒbƒN\\Å‘å3000ƒ|ƒCƒ“ƒg‚ª“–‚½‚é{ô‚â‚¢‚Â‚à‚ÌƒLƒƒƒ“ƒy[ƒ“î•ñ‚È‚Ç,https://news.yahoo.co.jp/articles/34133f2246f619e6a2fb73d13ee3c54cdef7eb4c,4/1(Œ) 0:04
impktw,ƒP[ƒ^ƒC Watch,Š¯»’l‰º‚°‚©‚çARPUã¸‚ªŠú‘Ò‚³‚ê‚éŒg‘Ñ—¿‹à‚ÌƒgƒŒƒ“ƒh,https://news.yahoo.co.jp/articles/19ea0e186ee254e98c62f5ea65fb5f1b69d6907d,3/30(“y) 6:02
impktw,ƒP[ƒ^ƒC Watch,uŠy“Vƒuƒ‰ƒEƒUv‚ÅÅ‘å10–œƒ|ƒCƒ“ƒg‚âƒ‹ƒ“ƒo‚È‚Ç“–‚½‚éAƒ_ƒEƒ“ƒ[ƒh100–œŒ“Ë”jƒLƒƒƒ“ƒy[ƒ“,https://news.yahoo.co.jp/articles/cc5d096cfde965945a38d91d889dfd5f428f69f0,3/29(‹à) 17:17
impktw,ƒP[ƒ^ƒC Watch,povoAusmash.g‚¢•ú‘èƒpƒbƒNi24ŠÔjvƒgƒbƒsƒ“ƒO‚ğ’ñ‹ŸI—¹,https://news.yahoo.co.jp/articles/1baa95ee33d9a10e20aa3c345950706c295d3ca6,3/29(‹à) 17:15
impktw,ƒP[ƒ^ƒC Watch,Amazon‚ÅAnker‚Ìƒ|[ƒ^ƒuƒ‹“dŒ¹A[“dŠí‚È‚Ç‚ªƒ^ƒCƒ€ƒZ[ƒ‹,https://news.yahoo.co.jp/articles/8b303e22ddb402f2361d4299d333e599fbb21e5b,3/29(‹à) 17:07
impktw,ƒP[ƒ^ƒC Watch,ƒhƒRƒ‚‚ªudƒ|ƒCƒ“ƒgvud•¥‚¢v4Œ‚ÌƒLƒƒƒ“ƒy[ƒ“‚ğ”­•\AoŒõ‚âƒ}ƒcƒLƒˆ‚È‚Ç,https://news.yahoo.co.jp/articles/e4c547f23022e081682d3488158d33953b9c0550,3/29(‹à) 17:00
impktw,ƒP[ƒ^ƒC Watch,ƒAƒ“ƒJ[EƒWƒƒƒpƒ“‚ªŠy“VƒC[ƒOƒ‹ƒX‚ÆƒXƒ|ƒ“ƒT[Œ_–ñA‡‚É‚Äƒ‚ƒoƒCƒ‹ƒoƒbƒeƒŠ[‚ğ”Ì”„,https://news.yahoo.co.jp/articles/dca29cf5f4daa646991f26f0f837270f899ad1c6,3/29(‹à) 16:36
impktw,ƒP[ƒ^ƒC Watch,iPhone‚ğ•W“I‚Æ‚µ‚½•Äi–@È‚Ì’ñ‘iAApple‚Ì“®‚«‚Í‚Ç‚¤‚È‚éH,https://news.yahoo.co.jp/articles/5eca4068f95de57e28b8d6636f37c92a9bb1a634,3/29(‹à) 15:33
impktw,ƒP[ƒ^ƒC Watch,PayPayAŒx‹’¡‚Ìu•ú’u’“Ôˆá”½‹àv‚Ìx•¥‚¢‚É‘Î‰,https://news.yahoo.co.jp/articles/ddbcc9a0c2cbb3b89ea1b63cca1f9b6d70c838cd,3/29(‹à) 15:07
impktw,ƒP[ƒ^ƒC Watch,uau PAYvA4Œ‚ÉÅ‘å25“ŠÒŒ³‚·‚é4©¡‘Ì‚ÌƒLƒƒƒ“ƒy[ƒ“,https://news.yahoo.co.jp/articles/53ee0d1e68fa1aefea2d3b722c4c8379eb22907f,3/29(‹à) 14:46
impktw,ƒP[ƒ^ƒC Watch,PayPayA–{lŠm”FÏ‚İƒ†[ƒU[‚Í1“úÅ‘å30–œ‰~‚Ü‚Å‘—‹à‰Â”\‚É,https://news.yahoo.co.jp/articles/8ebe957d1f1cb2239b3e25192ac72531bcce27bf,3/29(‹à) 14:14
impktw,ƒP[ƒ^ƒC Watch,ƒhƒRƒ‚uiPhone 15 ProvÅ‘å3–œ‰~Š„ˆøAuGalaxy Z Flip5v‚Í’l‰º‚°,https://news.yahoo.co.jp/articles/8d1014e30465b7e62129bae6a357b23a15ebe6ca,3/29(‹à) 13:56
impktw,ƒP[ƒ^ƒC Watch,Amazon‚ÅuFirevƒ^ƒuƒŒƒbƒg‚ªÅ‘å7000‰~ƒIƒtA4Œ1“ú‚Ü‚Å,https://news.yahoo.co.jp/articles/40230d37579332a3e574cf61ece58d928c77a572,3/29(‹à) 13:44
impktw,ƒP[ƒ^ƒC Watch,ƒVƒƒƒIƒ~‚ÌƒXƒ}ƒz‚ªÅ‘å30“ƒIƒtA‘n—§‹L”OƒCƒxƒ“ƒguXiaomi Fan FestivalvŠJÃ,https://news.yahoo.co.jp/articles/18145175fc1cf020a702122c529895c6e5ddbd97,3/29(‹à) 12:39
impktw,ƒP[ƒ^ƒC Watch,ƒhƒRƒ‚‚Ìud•¥‚¢ƒ^ƒbƒ`v‚ªApple Pay‘Î‰‚ÉA1‰­ƒ|ƒCƒ“ƒgR•ª‚¯ƒLƒƒƒ“ƒy[ƒ“‚à,https://news.yahoo.co.jp/articles/87dbd83f925e7da8722c0b7a3784e99e72e40628,3/29(‹à) 12:26
impktw,ƒP[ƒ^ƒC Watch,Pixel 8‚Ì2–œ3000‰~ˆø‚«‚Í31“ú‚Ü‚ÅAGoogle ƒXƒgƒAuV¶ŠˆƒLƒƒƒ“ƒy[ƒ“v,https://news.yahoo.co.jp/articles/0eb86ccd35eae75ad3ec05024af448cdd82b2bee,3/29(‹à) 12:17
impktw,ƒP[ƒ^ƒC Watch,KDDI‚ª•Ä‘‚ÉV‰ïĞAƒRƒlƒNƒeƒbƒhƒJ[‚ÌƒOƒ[ƒoƒ‹“WŠJŠg‘å‚ÉŒü‚¯,https://news.yahoo.co.jp/articles/7fc83e06eac2675c24100cd685919f68628728f6,3/29(‹à) 11:58
impktw,ƒP[ƒ^ƒC Watch,u3COINSv‚©‚çSwitchƒRƒ“ƒgƒ[ƒ‰[—p‚ÌƒP[ƒX”­”„A880‰~,https://news.yahoo.co.jp/articles/3e2603bab35df38b01b29b854ad9342433b931de,3/29(‹à) 11:40
impktw,ƒP[ƒ^ƒC Watch,AmazonuFire TV Stick 4K Maxi‘æ2¢‘ãjv‚ª30“ƒIƒtA4Œ1“ú‚Ü‚ÅyAmazonV¶ŠˆSALE FINALz,https://news.yahoo.co.jp/articles/e3f7701c6d880c05065b85adfca32970f67f6ff3,3/29(‹à) 9:16
impktw,ƒP[ƒ^ƒC Watch,uYouTubeƒVƒ‡[ƒgvû‰v‰»ŠJn‚©‚ç1ü”NAÅV‚ÌƒgƒŒƒ“ƒh‚ğ”­M‚µƒRƒ~ƒ…ƒjƒeƒB‚ğŒ`¬‚·‚éƒVƒ‡[ƒg“®‰æ‚Ì–£—Í‚Æ‚Í,https://news.yahoo.co.jp/articles/56dfd244e03e10aaeb6b855168aef6d3f863dc31,3/28(–Ø) 22:01
impktw,ƒP[ƒ^ƒC Watch,Amazon‚Ìu2000‰~ˆÈã‚È‚ç”z‘—–³—¿v‚Í–{“ú28“ú‚Ü‚Å,https://news.yahoo.co.jp/articles/2a42f1a208c3dae228dce81158f9341757bd660d,3/28(–Ø) 17:27
impktw,ƒP[ƒ^ƒC Watch,ƒhƒRƒ‚‚ªu{ƒƒbƒZ[ƒWv‚ÉV‚½‚È–À˜fƒ[ƒ‹‘ÎôAuƒŠƒ“ƒNæ‚Ö‚Ì‘JˆÚ‚ğ–h~v,https://news.yahoo.co.jp/articles/5ca760a8b4baf837d095836dd8772ca90d68b23d,3/28(–Ø) 17:25
impktw,ƒP[ƒ^ƒC Watch,u“Œ‹“s…“¹‹ÇƒAƒvƒŠv‚ªuŠy“VƒyƒCv‘Î‰AƒIƒ“ƒ‰ƒCƒ“ŒˆÏ‰Â”\‚É,https://news.yahoo.co.jp/articles/15db1b9039a78faf9a054e0984986ea64004b9d2,3/28(–Ø) 17:09
impktw,ƒP[ƒ^ƒC Watch,ƒXƒ}ƒzƒAƒvƒŠuANA PocketvƒŠƒjƒ…[ƒAƒ‹AƒLƒƒƒ“ƒy[ƒ“‚àÀ{,https://news.yahoo.co.jp/articles/ff8ea5d8951c2a7ba6171dc9f890f2f19a9aebc3,3/28(–Ø) 17:09
impktw,ƒP[ƒ^ƒC Watch,ƒhƒRƒ‚ASMS‚ğˆ«—p‚·‚éƒtƒBƒbƒVƒ“ƒO¼‹\‚Ì‘—MŒ³‚É’ˆÓŠ«‹N‚·‚é‹@”\,https://news.yahoo.co.jp/articles/9ffd6419f385d854bf2112473f8daf813e567af4,3/28(–Ø) 17:09
impktw,ƒP[ƒ^ƒC Watch,100ƒTƒCƒY‚Ü‚Åˆê—¥730‰~‚ÌuƒGƒRƒƒ‹ƒJƒŠ•Öv“oêAg’u‚«”zh‘£i‚Å2024”N–â‘è‚Ì‰ğŒˆ‚Ö,https://news.yahoo.co.jp/articles/7777131a01e7e29b83c67e1ec38eea3b766e8c01,3/28(–Ø) 16:34
impktw,ƒP[ƒ^ƒC Watch,KDDI‚ÆXƒrƒ‹AƒfƒWƒ^ƒ‹ƒcƒCƒ“‚ÌƒCƒxƒ“ƒg‹óŠÔuTOKYO NODE DIGITAL TWIN HALLv‚ğ‰^—pŠJn,https://news.yahoo.co.jp/articles/fa91af03a740af21bbb04b92071ac06e32c21fa1,3/28(–Ø) 15:56
impktw,ƒP[ƒ^ƒC Watch,PayPayƒJ[ƒhAŠCŠO‚ÌÀ“X•Ü‚âƒIƒ“ƒ‰ƒCƒ“ŒˆÏ‚ğ§ŒÀ‚·‚é‹@”\A•´¸‚Ìˆê’â~‚É‚à,https://news.yahoo.co.jp/articles/d6873f6d359d69ea04f775fc28a2f70db1b8de00,3/28(–Ø) 15:28
impktw,ƒP[ƒ^ƒC Watch,ƒ\ƒtƒgƒoƒ“ƒN‚ªĞ‰ï‰Û‘è‰ğŒˆ‚Å‹³ˆç‹@ŠÖ‚Æ˜AŒgAƒRƒ“ƒ\[ƒVƒAƒ€—§‚¿ã‚°,https://news.yahoo.co.jp/articles/ec09bf2c59903d4b797a48ede0051943d3932130,3/28(–Ø) 15:07
impktw,ƒP[ƒ^ƒC Watch,uchocoZAPvAƒXƒ}ƒzƒAƒvƒŠ‚ÅuƒJƒ‰ƒIƒPv‚âuƒsƒ‰ƒeƒBƒXv‚È‚Ç‚ÌVƒT[ƒrƒX‚ª—˜—p‰Â”\‚É,https://news.yahoo.co.jp/articles/15247d33047751629258d97fd8a5825dd14b31b2,3/28(–Ø) 14:07
impktw,ƒP[ƒ^ƒC Watch,Nothing‚ÌVƒXƒ}ƒzuPhone (2a)v‚ª‘“à—\–ñÒŒü‚¯‚Éo‰×ŠJnA‚¨ƒTƒCƒtƒP[ƒ^ƒC‘Î‰,https://news.yahoo.co.jp/articles/52f8bebec26e14dffa58a5f89e4090b267a43e29,3/28(–Ø) 13:26
impktw,ƒP[ƒ^ƒC Watch,KDDIAuBASIO active2v‚ğau‚ÆUQ mobile‚Å4Œ5“ú‚É”­”„,https://news.yahoo.co.jp/articles/97ea9c18f6f4d6c6b914735a82ba6121fb9d8ab4,3/28(–Ø) 12:31
impktw,ƒP[ƒ^ƒC Watch,ƒ\ƒtƒgƒoƒ“ƒNA—é­ƒT[ƒLƒbƒgü•Ó‚Å’ÊM•i¿‚ğŒüã,https://news.yahoo.co.jp/articles/8d3a7650b82a2e59776443db082c9d2c6db5d539,3/28(–Ø) 12:17
impktw,ƒP[ƒ^ƒC Watch,iPhone^iPad‚Å—V‚×‚éApple Arcade‚Ìu‚Õ‚æ‚Õ‚æƒpƒYƒ‹ƒ|ƒbƒvvAû˜^ƒ‚[ƒh‚È‚ÇŒöŠJ,https://news.yahoo.co.jp/articles/c60edfc907a299719ea1620b73470d97901c1c21,3/28(–Ø) 12:04
impktw,ƒP[ƒ^ƒC Watch,TVer‰ƒfƒCƒŠ[ƒXƒ|[ƒc”Ô‘gu‚·‚Û‚é‚ÆIon TVervA28“ú2230•ªƒXƒ^[ƒg,https://news.yahoo.co.jp/articles/c9e908ea6073b9e92e2ce9ff04e2cacc1de162df,3/28(–Ø) 12:04
impktw,ƒP[ƒ^ƒC Watch,ƒƒ‹ƒJƒŠA100ƒTƒCƒY‚Ü‚Åˆê—¥730‰~‚Å‘—‚ê‚éVƒT[ƒrƒXuƒGƒRƒƒ‹ƒJƒŠ•Öv,https://news.yahoo.co.jp/articles/9b37912b55d3031dbd430101350ad75dcb0ab074,3/28(–Ø) 11:54
impktw,ƒP[ƒ^ƒC Watch,ƒhƒRƒ‚V—¿‹àƒvƒ‰ƒ“uahamoƒ|ƒCŠˆv‚Ìh‘¹‰v•ªŠò“_h‚ğl‚¦‚é,https://news.yahoo.co.jp/articles/27e92860bf0f0aad7d32ac78a3def7f9b59fb826,3/28(–Ø) 0:02
impktw,ƒP[ƒ^ƒC Watch,ƒ\ƒtƒgƒoƒ“ƒN‚ª¤—p—˜—p‰Â”\‚ÈuƒƒCƒ„ƒŒƒX“d—Í“`‘—v‚ğ•‹y‚³‚¹‚½‚¢——R‚Æ‚Í\\–c‘å‚ÈIoTƒfƒoƒCƒX‚Ì‹‹“d‚ÆŠÇ—‚ğ©“®‰»‚Ö,https://news.yahoo.co.jp/articles/3b1b8559b4b1f502da70d1c04addb6038ed3c235,3/27(…) 18:48
impktw,ƒP[ƒ^ƒC Watch,29“ú‚Éƒvƒ–ì‹…ŠJ–‹AuDAZN BASEBALLv‰Œ–³—¿ƒLƒƒƒ“ƒy[ƒ“,https://news.yahoo.co.jp/articles/6d12386dc5faa83950cf810db307eb589586cc17,3/27(…) 15:17
impktw,ƒP[ƒ^ƒC Watch,ƒ\ƒtƒgƒoƒ“ƒN‚ªuƒƒCƒ„ƒŒƒX“d—Í“`‘—ƒ‰ƒ{v‚ğŠJİAƒZƒ“ƒT[‚âIoT‚È‚Ç‚Å–³ü‹‹“d‚ğ‘ÌŒ±‚Å‚«‚é,https://news.yahoo.co.jp/articles/711fd0cc1fcdf4707ff6ac2ab615ebb5e5aa6b93,3/27(…) 14:36
impktw,ƒP[ƒ^ƒC Watch,PayPay‚ªECƒTƒCƒguTemuv‚É‘Î‰Aƒ|ƒCƒ“ƒg‚à’™‚Ü‚é,https://news.yahoo.co.jp/articles/7de6a3a4855dd6119a063a087d494ad3b3a970c4,3/27(…) 14:23
impktw,ƒP[ƒ^ƒC Watch,uGoogle Chromev‚ªArm”ÅWindows‚É‘Î‰,https://news.yahoo.co.jp/articles/4fbe717ce6c2a8db84339a01b9ff2e6faf31b667,3/27(…) 13:34
impktw,ƒP[ƒ^ƒC Watch,upovo2.0 ƒf[ƒ^ê—pv‚ª“oêAŠî–{—¿0‰~‚Åƒf[ƒ^ƒgƒbƒsƒ“ƒO,https://news.yahoo.co.jp/articles/276d26685374c90f9590c75ae162f2f817df4f8f,3/27(…) 13:16
impktw,ƒP[ƒ^ƒC Watch,ã_E‰ª“cŠÄ“Â‚ÌuƒAƒŒv‚ªbq‰€‰w‚ÉAau‚¶‚Ô‚ñ‹âs‚ªL‚ğ“WŠJ,https://news.yahoo.co.jp/articles/7d419f6791c6115947d6d4fd37249d93e9a883fb,3/27(…) 12:47
impktw,ƒP[ƒ^ƒC Watch,upovo2.0v‚ÅŒÀ’èƒgƒbƒsƒ“ƒOu1TBi365“úŠÔjvA31“ú‚Ü‚Å,https://news.yahoo.co.jp/articles/c31862c8f489ae424f5e0223d88d76d042979b96,3/27(…) 12:30
impktw,ƒP[ƒ^ƒC Watch,ƒ|ƒPƒ‚ƒ“‚Ìƒ‚ƒ“ƒXƒ^[ƒ{[ƒ‹Œ^AƒƒCƒ„ƒŒƒXƒCƒ„ƒzƒ“uGalaxy BudsvƒP[ƒXVƒfƒUƒCƒ“3í—Ş‚ª“oê,https://news.yahoo.co.jp/articles/aad75a0ba959ea0d957dbf5d3211167d3af63297,3/27(…) 11:51
impktw,ƒP[ƒ^ƒC Watch,ƒAƒbƒvƒ‹‚ÌŠJ”­ÒŒü‚¯ƒCƒxƒ“ƒguWWDCvA6Œ10“ú‚ÉŠJ–‹,https://news.yahoo.co.jp/articles/d5e7e5ee5939b5aae76df472429f48e3258aa0e5,3/27(…) 11:45
impktw,ƒP[ƒ^ƒC Watch,ƒAƒ}ƒ]ƒ“uPrime VideovA4Œ‚ÌV’…ì•i‚Íu‹S‘¾˜Y’a¶ ƒQƒQƒQ‚Ì“äv‚âuƒtƒH[ƒ‹ƒAƒEƒgv‚È‚Ç‚ğ”zM,https://news.yahoo.co.jp/articles/be4048bb763fa19cf71f1df6492b68ef56dddeae,3/27(…) 10:03
impktw,ƒP[ƒ^ƒC Watch,Œ´_ƒXƒ}ƒz‚âƒ‰ƒCƒJƒJƒƒ‰‚ÌƒnƒCƒXƒyƒbƒNƒ‚ƒfƒ‹‚ª“oê,https://news.yahoo.co.jp/articles/64a2251ab72c08fbecba48268e3ea2d57ec206af,3/27(…) 0:06
impktw,ƒP[ƒ^ƒC Watch,KDDI‚Ìˆø—Í‚ğg‚Á‚ÄƒOƒ[ƒoƒ‹‚É‰H‚Î‚½‚­A“ŒØƒOƒ[ƒXãê‚Ìƒ\ƒ‰ƒRƒ€‚ª–Úw‚·¢ŠE,https://news.yahoo.co.jp/articles/5a07e76ca1e2ed52a39f6b6d474ed320af66c9e2,3/26(‰Î) 18:53
impktw,ƒP[ƒ^ƒC Watch,M-1—DŸ‹L”O“Á”Ôu—ß˜aƒƒ}ƒ“‚Ì‰¶•Ô‚µŒ€êvAƒhƒRƒ‚uLeminov‚Å“Æè–³—¿”zM,https://news.yahoo.co.jp/articles/a83fecaea8d1e25c71706b008e7bce661a595283,3/26(‰Î) 14:57
impktw,ƒP[ƒ^ƒC Watch,ƒ}ƒCƒiƒ|[ƒ^ƒ‹AƒTƒCƒg‚ª³®ƒŠƒjƒ…[ƒAƒ‹,https://news.yahoo.co.jp/articles/192fe60aef038c2f3553dd58fffe011f0217cf01,3/26(‰Î) 13:53
impktw,ƒP[ƒ^ƒC Watch,IIJA–@lŒü‚¯‚ÉuXperiavƒVƒŠ[ƒY‚âuDuraForce EXv‚È‚Ç8‹@í’Ç‰Á,https://news.yahoo.co.jp/articles/a7f5f5cb29847f882c30b90f8be5be1ea0fafcc5,3/26(‰Î) 13:35
impktw,ƒP[ƒ^ƒC Watch,u‚«‚Ì‚±‚ÌRƒƒCƒ„ƒŒƒXƒCƒ„ƒzƒ“vA1ŠÔŒo‚½‚¸‚ÉŠ®”„,https://news.yahoo.co.jp/articles/540b5c9d43034a60d3c0b0937b7bf92c3ea03d97,3/26(‰Î) 13:33
impktw,ƒP[ƒ^ƒC Watch,ƒRƒJEƒR[ƒ‰»•iw“ü‚Åu‘åãEŠÖ¼–œ”vƒRƒ‰ƒ{ƒOƒbƒY‚âƒIƒŠƒWƒiƒ‹ƒƒCƒ„ƒŒƒXƒXƒs[ƒJ[‚È‚Ç‚ª“–‚½‚éƒLƒƒƒ“ƒy[ƒ“,https://news.yahoo.co.jp/articles/315048178015930a8ed12e35ced7e659cf2b468f,3/26(‰Î) 13:13
impktw,ƒP[ƒ^ƒC Watch,PayPay‰Á–¿“XŒü‚¯A«—ˆ‚Ì”„ã‚ğ–‘O‚Éó‚¯æ‚éµ‘Ò§ƒT[ƒrƒXuPayPay‘‹à’²’Bv‚ª“oê,https://news.yahoo.co.jp/articles/286c44e5726f225e503af1fac440e37f3bfdee83,3/26(‰Î) 13:05
impktw,ƒP[ƒ^ƒC Watch,ƒ\ƒ‰ƒRƒ€‚ª“ŒØƒOƒ[ƒXãêA‹ÊìĞ’·‚âKDDIîà‹´Ğ’·‚ª“o’d,https://news.yahoo.co.jp/articles/6c4ef2605c14b64e01c49efcc15370c9c92b1570,3/26(‰Î) 12:30
impktw,ƒP[ƒ^ƒC Watch,Šy“Vƒ‚ƒoƒCƒ‹‚Æñ“s‚AĞŠQ‚Ì‘ŠŒİx‰‡‚Å˜AŒg‹¦’è,https://news.yahoo.co.jp/articles/ae4754860efd190f29b1ad164c73a65c8457b8e9,3/26(‰Î) 12:20
impktw,ƒP[ƒ^ƒC Watch,povo2.0‚ÅuDMMƒIƒ“ƒNƒŒv—V‚×‚éŒÀ’èƒgƒbƒsƒ“ƒOA4/26‚Ü‚Å,https://news.yahoo.co.jp/articles/667ac9f7d5ee51cbd016bca0a8f9bd63bc523120,3/26(‰Î) 11:47
impktw,ƒP[ƒ^ƒC Watch,NTT‚Ì¶¬AIutsuzumiv‚ª¤—p‰»A“ú–{Œê«”\E’áƒRƒXƒg‚È‚Ç•Ší‚ÉZ“§–Úw‚·,https://news.yahoo.co.jp/articles/af2c6fcfb0afadd331120a328c6c81e444944639,3/26(‰Î) 0:07
impktw,ƒP[ƒ^ƒC Watch,ƒhƒRƒ‚‚ÌISPu‚Õ‚ç‚çv‚ÌuplalaiSƒR[ƒXjvAƒ†[ƒU[‚Ìˆê•”‚Åƒ[ƒ‹ƒAƒhƒŒƒX‚ğŒëíœ,https://news.yahoo.co.jp/articles/be205bc47cccf780ad5085b33171b2c3d77e672f,3/25(Œ) 22:53
impktw,ƒP[ƒ^ƒC Watch,NTTA“Æ©‚Ì¶¬AIiLLMjutsuzumiv‚ğ3Œ25“ú’ñ‹ŸƒXƒ^[ƒg,https://news.yahoo.co.jp/articles/2e0682b48b47e2fdd795a1ac1cd50a81c031c5f6,3/25(Œ) 16:26
impktw,ƒP[ƒ^ƒC Watch,g‹ó‚«ŠÔ‚¨‚µ‚²‚ÆhƒT[ƒrƒXuƒƒ‹ƒJƒŠ ƒnƒvA“o˜^Ò”‚ª100–œl‚ğ“Ë”j,https://news.yahoo.co.jp/articles/20f3442fad2488e362768a75caad321838947877,3/25(Œ) 16:19
impktw,ƒP[ƒ^ƒC Watch,Šy“Vƒ‚ƒoƒCƒ‹‚ÌƒVƒFƒA‚Í0.5ƒ|ƒCƒ“ƒg‘‚Ì2.6“A‘–±È’²¸,https://news.yahoo.co.jp/articles/b3fd1661392daa9acc27adf4d9132de38802b9b5,3/25(Œ) 16:13
impktw,ƒP[ƒ^ƒC Watch,u‚«‚Ì‚±‚ÌRv‚ÌƒƒCƒ„ƒŒƒXƒCƒ„ƒzƒ“A”—ÊŒÀ’è‚Å3Œ26“ú”­”„,https://news.yahoo.co.jp/articles/d1ea663c261d83a37f99750a4f67c07320800879,3/25(Œ) 16:08
impktw,ƒP[ƒ^ƒC Watch,auƒJƒuƒRƒ€ØŒ”‚ÌƒAƒvƒŠ‚Å‹@”\‹­‰»ANISAŒûÀ‚à\‚µ‚ß‚é‚æ‚¤‚É,https://news.yahoo.co.jp/articles/b051efa8cd21ebe5e702b2f2ec7a4de920961532,3/25(Œ) 14:30
impktw,ƒP[ƒ^ƒC Watch,uPairsv‚ÌƒvƒŠƒyƒCƒhƒJ[ƒhA‘S‘‚ÌƒZƒuƒ“-ƒCƒŒƒuƒ“‚Å”­”„,https://news.yahoo.co.jp/articles/7b060ca9171d53b316c73f07f5fe7b9bea2f85ac,3/25(Œ) 14:18
impktw,ƒP[ƒ^ƒC Watch,‚¶‚á‚ñ‚Ï‚ç‚ÌWeb’Ê”ÌƒVƒXƒeƒ€‚ªüVA‚æ‚èƒXƒs[ƒfƒB‚Éw“ü,https://news.yahoo.co.jp/articles/a2dd3fe9e1e03c89ce3bd6852c68cad5909d95dd,3/25(Œ) 13:53
impktw,ƒP[ƒ^ƒC Watch,u‚Æ‚Æ‚Ì‚¤v‚ğ‰Â‹‰»‚·‚éƒTƒEƒiAINN THE PARK •Ÿ‰ª‚ÅKDDI‚È‚Ç3Ğ,https://news.yahoo.co.jp/articles/6ef4e10fc4342a8bf9a1d99802cec0d0d896df46,3/25(Œ) 13:23
impktw,ƒP[ƒ^ƒC Watch,au‚ÌƒIƒ“ƒ‰ƒCƒ“ƒVƒ‡ƒbƒv‚ÅuÅVƒXƒ}ƒz‚ÌƒŒƒ“ƒ^ƒ‹v‚Í‚¶‚Ü‚é,https://news.yahoo.co.jp/articles/263303bf19fa41923397de76f21dca3d9b092e53,3/25(Œ) 12:47
impktw,ƒP[ƒ^ƒC Watch,uau PAYvAƒlƒbƒgŒˆÏ‚Å–{l”FØu3DƒZƒLƒ…ƒA 2.0v“K—p‚Ö,https://news.yahoo.co.jp/articles/15f46ccdd23b5d33c4e540c2e8ccaeceb2ab4826,3/25(Œ) 12:15
impktw,ƒP[ƒ^ƒC Watch,ƒRƒJEƒR[ƒ‰ƒAƒvƒŠuCoke ONv‚ÌƒAƒNƒZƒVƒrƒŠƒeƒB‹@”\‚ªŠg[AƒfƒWƒ^ƒ‹áŠQÒè’ ‚Æ‚Ì˜AŒg‚ÅŠ„ˆø‚à,https://news.yahoo.co.jp/articles/6c3b6dbc2d3a4398925e11ace7e3168c54c79de2,3/25(Œ) 12:15
impktw,ƒP[ƒ^ƒC Watch,ADSL‚ÌuYahoo!BBv‚ª3Œ31“úI—¹A’Š‘I‚ÅPayPay22–œ‰~•ª‚ÌŠÒŒ³‚È‚Ç,https://news.yahoo.co.jp/articles/6da5d2bc807c96d7afb5bbf24c8e774b86d309f8,3/25(Œ) 11:47
impktw,ƒP[ƒ^ƒC Watch,–³ü‚ÅƒƒCƒ„ƒŒƒX“d—Í“`‘—‚·‚éuAirPlugv‚ª–@lŒü‚¯‚É4Œ1“ú”­”„A‚»‚Ìd‘g‚İ‚ÍH,https://news.yahoo.co.jp/articles/94550da5ae6832d7270ff0bdbac3a068cd8eca5e,3/25(Œ) 0:06
impktw,ƒP[ƒ^ƒC Watch,uV‚½‚ÈŸŒ³‚Ì“Æ©’[––‚ğŠJ”­‚µ‚Ä‚¢‚évAƒg[ƒ“ƒ‚ƒoƒCƒ‹‚ÌÎ“c‘ã•\‚ªŒ©‚¹‚é©M,https://news.yahoo.co.jp/articles/10b41cf7c503f8dddd5b422f3db1ad77a7d4dc4c,3/22(‹à) 19:21
impktw,ƒP[ƒ^ƒC Watch,ƒhƒRƒ‚‚Å”ƒ‚Á‚½ƒXƒ}ƒz‚Å‚àuƒg[ƒ“ƒ‚ƒoƒCƒ‹v“Æ©ƒT[ƒrƒXg‚¦‚é‚æ‚¤‚É,https://news.yahoo.co.jp/articles/525aa031cc7ee68982b83b53972d15f315e9e7a3,3/22(‹à) 17:16
impktw,ƒP[ƒ^ƒC Watch,uAndroid 15vŠJ”­ÒŒü‚¯ƒvƒŒƒrƒ…[‘æ2’eA‰q¯Œo—R‚ÌƒƒbƒZ[ƒW‘—óM‚ğƒTƒ|[ƒg,https://news.yahoo.co.jp/articles/897b77eb83a1e49b23d20f940c18e0df36e2e776,3/22(‹à) 17:15
impktw,ƒP[ƒ^ƒC Watch,ƒhƒRƒ‚EKDDIEŠy“Vƒ‚ƒoƒCƒ‹‚ÌáŠQ‚ªˆê•”ƒGƒŠƒAœ‚«•œ‹ŒA”\“o”¼“‡’nk,https://news.yahoo.co.jp/articles/c9ebbf863ea3b5a6c1ba14c7f8d87285ec8e8bd1,3/22(‹à) 15:16
impktw,ƒP[ƒ^ƒC Watch,NetflixA4Œ‚Í‰f‰æ”ÅuƒVƒeƒB[ƒnƒ“ƒ^[v‚È‚Ç‚ğ“Æè”zM,https://news.yahoo.co.jp/articles/1dc2e78c149d0d83b44451377590d4cd140f4543,3/22(‹à) 14:52
impktw,ƒP[ƒ^ƒC Watch,Šy“VƒJ[ƒh‚ÆŠy“Vƒ‚ƒoƒCƒ‹AÅ‘å3–œƒ|ƒCƒ“ƒgŠÒŒ³‚·‚éƒLƒƒƒ“ƒy[ƒ“,https://news.yahoo.co.jp/articles/8c98a11d2d7a1d2fbd496eb4e7f6da6e8978afb1,3/22(‹à) 13:57
impktw,ƒP[ƒ^ƒC Watch,povo2.0‚ÅuŒ––ƒZ[ƒ‹vAƒf[ƒ^’Ç‰Á1GBi30“úŠÔj‚âƒf[ƒ^‘—Ê,https://news.yahoo.co.jp/articles/51891f8d26471dee4c7676585314d15269ec33d0,3/22(‹à) 13:49
impktw,ƒP[ƒ^ƒC Watch,upovo2.0v‚ÅƒT[ƒeƒBƒƒ“ ƒAƒCƒXƒNƒŠ[ƒ€•t‚«‚Ìƒgƒbƒsƒ“ƒOA31“ú‚Ü‚Å,https://news.yahoo.co.jp/articles/6442cdbc8805fb1538c0ecc8814913766a183286,3/22(‹à) 13:30
impktw,ƒP[ƒ^ƒC Watch,ƒg[ƒ“ƒ‚ƒoƒCƒ‹uTONE INv‚Í‚¶‚Ü‚éAƒhƒRƒ‚‚ÌƒXƒ}ƒz‚Å—¿‹àƒvƒ‰ƒ“‚âŒ©ç‚èƒT[ƒrƒX‚È‚Ç—˜—p‰Â”\‚É,https://news.yahoo.co.jp/articles/d32f83a112d7734eea04a46b60c28cc6b87d5a02,3/22(‹à) 12:00
impktw,ƒP[ƒ^ƒC Watch,uiOS 17.4.1vAuiPadOS 17.4.1v”zMAƒZƒLƒ…ƒŠƒeƒBXV‚È‚Ç‚Å‘Sƒ†[ƒU[‚É„§,https://news.yahoo.co.jp/articles/283d36e801878a1db336c8c0b0977965ab44bcad,3/22(‹à) 10:02
impktw,ƒP[ƒ^ƒC Watch,•Äi–@È‚ªƒAƒbƒvƒ‹‚ğ’ñ‘iAƒXƒ}ƒzsê“Æè‚Å,https://news.yahoo.co.jp/articles/ef4c622d155530bc455b472db342aff337000405,3/22(‹à) 2:46
impktw,ƒP[ƒ^ƒC Watch,YouTube‚ÌƒL[ƒp[ƒ\ƒ“‚ªŒê‚éA‰¹Šy~AI‚Ìæ‚è‘g‚İ,https://news.yahoo.co.jp/articles/d2b568c8fb6fabe2777e69db006e0c15c5211277,3/22(‹à) 0:09
impktw,ƒP[ƒ^ƒC Watch,uƒAƒhƒr–¢—ˆƒfƒWƒ^ƒ‹ƒ‰ƒ{vŠw¶Œ¤‹†ˆõ”­•\‰ïA‘åŠw¶‚ªŒ»ó‚Ì‰Û‘è‚ğ’²¸‚µ–¢—ˆ‚Ö’ñŒ¾,https://news.yahoo.co.jp/articles/37b2058032e5a3741e3fffadfd698b28b5d9d478,3/22(‹à) 0:08
impktw,ƒP[ƒ^ƒC Watch,NTT‚ª¥‚¦‚éŸ¢‘ãƒlƒbƒgƒ[ƒNuIOWNv‚ªÀŒ»‚·‚ég^‚ÌƒŠƒAƒ‹ƒ^ƒCƒ€h‚ª‚à‚½‚ç‚·‰¿’l,https://news.yahoo.co.jp/articles/3dfc4b00bbad965db3ff2ec32147c88121f25365,3/22(‹à) 0:08
impktw,ƒP[ƒ^ƒC Watch,ƒNƒAƒ‹ƒRƒ€‚ªuSnapdragon 7+ Gen 3v‚ğ”­•\AƒIƒ“ƒfƒoƒCƒX‚Ì¶¬AI‚ğƒTƒ|[ƒg,https://news.yahoo.co.jp/articles/9e067c4587d210ed02602b4c6026873e33604fdf,3/22(‹à) 0:08
impktw,ƒP[ƒ^ƒC Watch,LINEMO‚Ìu#“d˜b‚ª‹êè‚Å‚·vƒvƒƒWƒFƒNƒgAa’Jƒpƒ‹ƒR‚É‹‘åƒXƒ}ƒzƒIƒuƒWƒF,https://news.yahoo.co.jp/articles/88f1965936f86df44ed5cbcbe30dfbc3f8ee33b1,3/22(‹à) 0:08
impktw,ƒP[ƒ^ƒC Watch,¶¬AIuAdobe Fireflyv”­•\‚©‚ç‚Ì1”NŠÔ‚ğƒAƒhƒr ¼R‚ªŒê‚éA‹Zp‚¾‚¯‚Å‚È‚­M—Š«‚ğ’S•Û‚·‚éæ‚è‘g‚İ‚Å¶¬AI•‹y‚ğ–Úw‚·,https://news.yahoo.co.jp/articles/0bf14ce17ec6259ff65b5586268b5d45571579b6,3/21(–Ø) 20:54
impktw,ƒP[ƒ^ƒC Watch,uƒhƒRƒ‚ƒ|ƒCŠˆƒvƒ‰ƒ“v“oêA‚»‚Ì‘_‚¢‚ÍH@á”N‘w~ƒXƒ}ƒzŒˆÏ‚ÅŒoÏŒ—Šg‘å‚Ö,https://news.yahoo.co.jp/articles/9f1ce5ed822ea376ef0fc820a0bf220d90f65d7e,3/21(–Ø) 20:26
impktw,ƒP[ƒ^ƒC Watch,ƒAƒhƒr‚Ì¶¬AIuFireflyv‚ª3D/ARƒIƒuƒWƒFƒNƒg§ì‚ğƒTƒ|[ƒg\\uSubstance 3Dv‚É¶¬AI‹@”\‚ğ“‡‚Ö,https://news.yahoo.co.jp/articles/456a8bff7bea93ae5c666aa58018db3dcf9bc21b,3/21(–Ø) 18:57
impktw,ƒP[ƒ^ƒC Watch,ƒhƒRƒ‚Auiƒ‚[ƒhvuFOMAv2026”N3Œ––I—¹‚ÉŒü‚¯‚½“ÁİƒTƒCƒg‚ğƒI[ƒvƒ“,https://news.yahoo.co.jp/articles/1ddba4c68f7aeaf376d2deeeb69cd5aa1df413bb,3/21(–Ø) 16:27
impktw,ƒP[ƒ^ƒC Watch,‰H“c‹ó`A‘“à‹ó`‰uHANEDAƒ|ƒCƒ“ƒgv“±“ü‚Ö,https://news.yahoo.co.jp/articles/d7e974418b1853727e7b01a3e0e00f8b37b79f82,3/21(–Ø) 16:20
impktw,ƒP[ƒ^ƒC Watch,Šy“VA“ú–{Œê‚ÉÅ“K‰»‚µ‚½ƒI[ƒvƒ“‚È‘å‹K–ÍŒ¾Œêƒ‚ƒfƒ‹‚ğŒöŠJ,https://news.yahoo.co.jp/articles/fa22c791f9c9eff4e507baea0268dc6bee501056,3/21(–Ø) 16:04
impktw,ƒP[ƒ^ƒC Watch,PayPay‚Ù‚¯‚ñ‚Åƒyƒbƒg•ÛŒ¯u‚±‚ê‚¾‚¯ƒyƒbƒgvAPayPayƒAƒvƒŠ‚Å‰Á“ü,https://news.yahoo.co.jp/articles/c0e4de08e5044f83dc9f9b16d370f359afe3be98,3/21(–Ø) 14:39
impktw,ƒP[ƒ^ƒC Watch,—İŒvDL”800–œAuƒXƒCƒJƒQ[ƒ€v‚ÌLINEƒXƒ^ƒ“ƒv‘æ3’e“oê,https://news.yahoo.co.jp/articles/c19153a031ecd1226da0ef7890b085bb7ca38bed,3/21(–Ø) 14:35
impktw,ƒP[ƒ^ƒC Watch,ƒhƒRƒ‚‚ÌV—¿‹àƒvƒ‰ƒ“uƒhƒRƒ‚ƒ|ƒCŠˆƒvƒ‰ƒ“vAuahamo ƒ|ƒCŠˆv‚Å10“ŠÒŒ³ƒLƒƒƒ“ƒy[ƒ“,https://news.yahoo.co.jp/articles/0d6699d08d0c33c190138f28ee24b17d8840e185,3/21(–Ø) 14:30
impktw,ƒP[ƒ^ƒC Watch,ƒhƒRƒ‚‚©‚çV—¿‹àƒvƒ‰ƒ“uƒhƒRƒ‚ƒ|ƒCŠˆƒvƒ‰ƒ“vA4Œ‚©‚ç,https://news.yahoo.co.jp/articles/24becb18d53a6981f0aa3729dc44c989e7ee0c00,3/21(–Ø) 13:32
impktw,ƒP[ƒ^ƒC Watch,MOFT‚ÌƒNƒŠƒGƒCƒ^[Œü‚¯iPhoneƒMƒtƒgƒZƒbƒgAuµ•Ï‰»ƒ}ƒ‹ƒ`ƒXƒ^ƒ“ƒhv‚È‚Ç”zMÒŒü‚¯ƒAƒNƒZƒTƒŠ[4“_ƒZƒbƒg,https://news.yahoo.co.jp/articles/0bc3ae0838c4afcc9d2a190951d0ea4669607937,3/21(–Ø) 12:51
impktw,ƒP[ƒ^ƒC Watch,uYouTube Music AI ƒCƒ“ƒLƒ…ƒx[ƒ^[v‚ª“ú–{‚Å‚àƒXƒ^[ƒgA‰¹Šy•ª–ì‚Å‚Ì¶¬AIŠˆ—p‚ğ‘£i,https://news.yahoo.co.jp/articles/5e277924a6db881e9ba201040791781d8e4cb204,3/21(–Ø) 12:17
impktw,ƒP[ƒ^ƒC Watch,ƒhƒRƒ‚‚ÌLeminoA2017”N‚Ìƒ‹ƒ”ƒ@ƒ“ƒJƒbƒv‚â­“‡^VŠƒ^’·è‚ÌƒCƒ„[DVD‚ğ”zM,https://news.yahoo.co.jp/articles/d550e8319ed45b5fc8b7eca3ca8106cf0a1d1bf0,3/21(–Ø) 12:08
impktw,ƒP[ƒ^ƒC Watch,kĞ’¼Œã‚ÉEcoFlow‚Ìƒ|[ƒ^ƒuƒ‹“dŒ¹‚ªd•óAÎìŒ§ìFs‚Å˜b‚ğ•·‚¢‚½,https://news.yahoo.co.jp/articles/05279ffa51cfa0db6063e0b46bc9bb6535f8404f,3/21(–Ø) 0:06
impktw,ƒP[ƒ^ƒC Watch,ƒCƒIƒ“ƒ‚ƒoƒCƒ‹‚ÌV—¿‹àƒvƒ‰ƒ“uƒf[ƒ^ŒJ‚è‰z‚µ{–ˆŒ‚Ìƒvƒ‰ƒ“•ÏXv‚ÅˆÀ‚­‚È‚é‚©ŒŸØ‚·‚é,https://news.yahoo.co.jp/articles/aa600b09a4acecb091dfadea6c1a3b3520e09a09,3/21(–Ø) 0:05
