media_en,media_jp,title_articles,link_articles,date_original
giz,ギズモード・ジャパン,iPadの容量が足りない。そんなときはキャッシュをクリアしてみよう,https://news.yahoo.co.jp/articles/925189b0458b9526050812dbcc946e397fa8b2a0,4/9(火) 12:30
giz,ギズモード・ジャパン,YOYOGI（代々木）など、都市の自然を名づけたバッグ,https://news.yahoo.co.jp/articles/dbd125ffbd918514f71e37b0a60bd9a3470c1149,4/9(火) 11:30
giz,ギズモード・ジャパン,野外撮影にも便利。ポータブル電源をマウント可能なバックパック,https://news.yahoo.co.jp/articles/f748ded22be23b50f8815dacfb25b90de3f9ce5f,4/9(火) 10:30
giz,ギズモード・ジャパン,水陸両用で泥、土、岩の上もスイスイ歩けるサンダル。春夏の主役に,https://news.yahoo.co.jp/articles/34232bf66a87a52beef39e190bc122cec478d28f,4/9(火) 6:00
giz,ギズモード・ジャパン,ミニマルで機能性にも定評があるバッグブランドから3つの新作が登場,https://news.yahoo.co.jp/articles/d3ef38ffc4c29a86ef16499234c91a2915b6073b,4/8(月) 20:30
giz,ギズモード・ジャパン,気持ちよく寝落ちしたい人が全員するべきiPhoneの設定,https://news.yahoo.co.jp/articles/b5595b1ae90012cda804c2b60f84f9523c52140b,4/8(月) 19:30
giz,ギズモード・ジャパン,光ファイバー回線で30万1000Gbps！ 超爆速ネットスピードが達成可能に,https://news.yahoo.co.jp/articles/3a51fa30db5a8fd0a4b50b12d0f7ff4dff0e9d45,4/8(月) 8:30
giz,ギズモード・ジャパン,アンチもインプレゾンビもいないSNS,https://news.yahoo.co.jp/articles/62e95b8066f3de757bc497ed7a864e507f9492a5,4/7(日) 21:30
giz,ギズモード・ジャパン,いま、SFは中国がアツい。オススメの映画6選,https://news.yahoo.co.jp/articles/6c958d382536215d0b11de4adb687a09703ce626,4/7(日) 20:30
giz,ギズモード・ジャパン,ハイテクなeバイクを竹で作るといいことばかりだった,https://news.yahoo.co.jp/articles/9ba500d0b10022b90e9f042f5c448eccb5178ce3,4/7(日) 19:30
giz,ギズモード・ジャパン,4億円のクルマ、シミュレーターですら実車買った人しか購入できない…,https://news.yahoo.co.jp/articles/573ed3522c769f793849c4a338680a60e5c75dbd,4/7(日) 12:30
giz,ギズモード・ジャパン,まさかの電動キックボード？ 自転車の祭典「CYCLE MODE」でタダでもらえたモノ,https://news.yahoo.co.jp/articles/4190c8a7cbd069d23661094ec835c3fe669a784b,4/7(日) 6:00
giz,ギズモード・ジャパン,HDDを10台搭載。「裸族のスカイタワー」はHDDのタワマンだ,https://news.yahoo.co.jp/articles/847427606260ede769fafa249d1ec4f1453911aa,4/6(土) 19:30
giz,ギズモード・ジャパン,衝撃を感知→スマホにお知らせするハイテク自転車。もう盗難も怖くない,https://news.yahoo.co.jp/articles/0b4382225c9cf20e724cdcf606c60bfd783ad702,4/6(土) 19:00
giz,ギズモード・ジャパン,グングン進むのが気持ち良い。“バイクみたいな自転車”、試乗してきました,https://news.yahoo.co.jp/articles/bd3fdd7a5aacc63bb428f15f71517eb4bf2baee8,4/6(土) 19:00
giz,ギズモード・ジャパン,チタン製で7.9kg。片手でらくらく持ち上がる、至高の折りたたみ自転車,https://news.yahoo.co.jp/articles/03751329fbe41115cd0eaf80acf4b3f24b598602,4/6(土) 19:00
giz,ギズモード・ジャパン,お風呂行くのが面倒？ 磁石付き防水スピーカーで楽しみになりそう,https://news.yahoo.co.jp/articles/2dda97b1810fcc9c4382f661c28e44c012ad7360,4/6(土) 19:00
giz,ギズモード・ジャパン,あれは何だ？ UFOか？ いや、まーるいマウスだ！,https://news.yahoo.co.jp/articles/fe9ac2511e35888e1c5ee12c4936e1e728d6bb1e,4/6(土) 12:30
giz,ギズモード・ジャパン,ロマンしかない世界の洞窟8選,https://news.yahoo.co.jp/articles/1e93f1bacda0b32ce25a2fbb05176d82ce935014,4/6(土) 6:00
giz,ギズモード・ジャパン,BenQに持ち運べるゲーミングプロジェクターがキタ。没入感やばい,https://news.yahoo.co.jp/articles/5fed3d8bfe5b61811d185fda0081f5baa71ba163,4/5(金) 19:00
giz,ギズモード・ジャパン,組み合わせ、秀逸。JBLスピーカーにそっくりのレアスニーカーたち,https://news.yahoo.co.jp/articles/7c3f33a5b55dc5e0fc6621f3f66b2be220e96745,4/5(金) 19:00
giz,ギズモード・ジャパン,ブリヂストン、月面探査車タイヤの第2世代を発表,https://news.yahoo.co.jp/articles/f7059481616dc9e1b7c0731ea9c6ce7f83706895,4/5(金) 13:00
giz,ギズモード・ジャパン,企業向けCopilotがアップデート。最新AIが使いまくれる,https://news.yahoo.co.jp/articles/4ee12b200b908aaa99ffa0e82fae0dc5b6d1ae44,4/5(金) 12:30
giz,ギズモード・ジャパン,実はエコなバンドです。メタリカの欧州ツアー機材車はEVトラック,https://news.yahoo.co.jp/articles/aca2665b8a619cf0deff10bc628423870a6ec0ca,4/5(金) 11:30
giz,ギズモード・ジャパン,覚えておきたいMacの基本キーボードショートカット,https://news.yahoo.co.jp/articles/3752889222e0c0a4a166752110f7dbf3b62aa93e,4/5(金) 11:30
giz,ギズモード・ジャパン,「TSMCが来た町」で壮絶な光景を見た,https://news.yahoo.co.jp/articles/083e636925297b16df28bcc926b1605a27c8b1fd,4/4(木) 21:30
giz,ギズモード・ジャパン,ロボット掃除機も万能じゃない。スキマ用モップで補っておこう,https://news.yahoo.co.jp/articles/54497825cdbcaea5d4835e2fc69c883900a8af5a,4/4(木) 20:30
giz,ギズモード・ジャパン,日本発売が決定したGalaxy S24シリーズ、ウワサのAI機能を試してきた！,https://news.yahoo.co.jp/articles/cbcd3e520fbea6d7b80b480e26b9bf1160544d5b,4/4(木) 19:00
giz,ギズモード・ジャパン,純白のかわいいシンセサイザーは見た目に寄らず実力派,https://news.yahoo.co.jp/articles/b509119312503e86fdba9ea674c1fd4e2f36fe71,4/4(木) 19:00
giz,ギズモード・ジャパン,Windows 10の延長料金、4年で14万円って高すぎじゃない？,https://news.yahoo.co.jp/articles/779057612709c5145bb3be8836c5eaa621f80ded,4/4(木) 19:00
giz,ギズモード・ジャパン,縁の下の力持ち。Ryzenが産業用NPU搭載プロセッサーを発表,https://news.yahoo.co.jp/articles/66e249d10f3ffbe0b84227c049cdc8fa40072d50,4/4(木) 19:00
giz,ギズモード・ジャパン,第一次・第二次世界大戦時の不発弾が年々危険になっている,https://news.yahoo.co.jp/articles/06ad16e1f99b258f4bb8db94f2ac9e26c950d1bb,4/4(木) 19:00
giz,ギズモード・ジャパン,アップルはApple Watchで溺れてる人を助けたい,https://news.yahoo.co.jp/articles/1e626c7aa682aa66c18f50f0a08ec0ec5e03d09a,4/4(木) 19:00
giz,ギズモード・ジャパン,iPhoneにくっつけるだけで通話を録音できる、神ボイスレコーダー,https://news.yahoo.co.jp/articles/c0c35e303804c5cc5f31b3d3d337cd7e53c3f1f1,4/4(木) 12:30
giz,ギズモード・ジャパン,組み合わせは自由自在。キッチリ重なる食器で収納スペースを大幅削減,https://news.yahoo.co.jp/articles/f912a556ecbf75f3b94dee89ce984ca7688f4723,4/3(水) 21:30
giz,ギズモード・ジャパン,今年のGoogle Pixelは3モデル？ Proのさらに上行く「XL」も登場,https://news.yahoo.co.jp/articles/59979c23f6603f4baa071d102071df47057c6886,4/3(水) 20:30
giz,ギズモード・ジャパン,iPhoneのバッテリーを長持ちさせる8つのトリック,https://news.yahoo.co.jp/articles/128128c86f0e8542713c0a83007c37ff0f0f872e,4/3(水) 20:30
giz,ギズモード・ジャパン,Xデーは4月11日。 Galaxy S24/ S24 Ultraがついに国内販売決定,https://news.yahoo.co.jp/articles/0d38bdcfc6dd75f7c71c9a244164d6054bb27de9,4/3(水) 20:30
giz,ギズモード・ジャパン,情報の漏洩を懸念。アメリカ下院の職員はCopilotが使用禁止に,https://news.yahoo.co.jp/articles/c24e2326fab08952fa2e1b1fb59ab05aa7f77bb1,4/3(水) 20:30
giz,ギズモード・ジャパン,「私が撮影した写真です」って証明できる日が近づいてきた,https://news.yahoo.co.jp/articles/16098fd11eb35647a7dc82e9e148c1fa3f077f7f,4/3(水) 20:30
giz,ギズモード・ジャパン,汚れちゃったMacのディスプレイ、ピカピカにお掃除しましょう,https://news.yahoo.co.jp/articles/a0644763d756cd32e5cf68d7118c3199c7791cd6,4/3(水) 20:00
giz,ギズモード・ジャパン,iPhoneの「探す」をオフにする方法。修理や売却の前に忘れずにやろう,https://news.yahoo.co.jp/articles/c196d50e951d11c11f3cef0cbddd527dffcb10d1,4/2(火) 21:30
giz,ギズモード・ジャパン,僕とあなたと日本にジャストサイズの可変式EVトラック,https://news.yahoo.co.jp/articles/689abd338fb135fac56b0b8bed36e0deebbcee01,4/2(火) 19:30
giz,ギズモード・ジャパン,壊れる心配ご無用。軍用グレードでタフな冒険スマートウォッチ,https://news.yahoo.co.jp/articles/a3ed544cc88b40c9685aaf8e6dead8e01d47e383,4/2(火) 7:30
giz,ギズモード・ジャパン,洗濯機の「ドンドン音」は自力で消せる。取り付け5分で静かになった,https://news.yahoo.co.jp/articles/21de0584d307ee8bfa9da6313e62075f5b94b9af,4/1(月) 20:00
giz,ギズモード・ジャパン,Fireflyに新機能。元画像のバリエーションが作れます,https://news.yahoo.co.jp/articles/cb2fb2d36f0dec5f9e48b3ae8283abfacb9b131f,4/1(月) 20:00
giz,ギズモード・ジャパン,温度変化も揺れも問題なし。非常食は車にも積んでおくべき,https://news.yahoo.co.jp/articles/b640151f1d76cf2fa670c95fa7fc95c5ac77019b,4/1(月) 20:00
giz,ギズモード・ジャパン,Samsung折りたたみスマホ、次はチタンで自社チップ搭載か,https://news.yahoo.co.jp/articles/fc4e2ce0eadf78b65241afb3c53c9e5ef8817cfc,4/1(月) 20:00
giz,ギズモード・ジャパン,バッテリーで動くガジェット、「暑すぎ」にも「寒すぎ」にも弱いワケ,https://news.yahoo.co.jp/articles/bf840c0a104489ef2f535856383d061655b38623,4/1(月) 19:30
giz,ギズモード・ジャパン,50万円のガジェット、よく知らん人でもすごいって思うのかな？,https://news.yahoo.co.jp/articles/8bc70089e045f4a465f0d2ca1779d7e58ba0a0ae,4/1(月) 19:00
giz,ギズモード・ジャパン,運動後も普段使いも主役級の存在感。HOKAのリカバリーサンダル,https://news.yahoo.co.jp/articles/57242778d363f9c274b8b09fe59e6088ec300fc4,4/1(月) 19:00
giz,ギズモード・ジャパン,スタイルよし。性能よし。使い勝手よし。「ThinkPad X1」シリーズは憧れのスポーツカーみたいだ,https://news.yahoo.co.jp/articles/154dd58d0cfbc3d6197dcaa757858fd6795703a6,4/1(月) 11:00
giz,ギズモード・ジャパン,超音速旅客機の時代がやってくる。実験機「XB-1」初飛行に成功,https://news.yahoo.co.jp/articles/6608bfef6eabce5ec3a76f68c647481379379198,4/1(月) 11:00
giz,ギズモード・ジャパン,Macの設定をリセットする方法,https://news.yahoo.co.jp/articles/a1fe16460606a3a6138703ab7502126d1279142b,4/1(月) 11:00
giz,ギズモード・ジャパン,立てこもり現場に突入したロボ警察犬、警察官を守り撃たれる,https://news.yahoo.co.jp/articles/7a5db2a27ce1966a769de7a57afcc7e50ef8e201,4/1(月) 8:30
giz,ギズモード・ジャパン,フェリーに通信革命。不可能だった「海上でYouTube」を実現できたワケ,https://news.yahoo.co.jp/articles/22a46f4481ce9a9b45b135b83ad26909fc121788,3/31(日) 21:30
giz,ギズモード・ジャパン,「よく使うアイテムぶら下げ用キャップ」が抜群の利便性でした,https://news.yahoo.co.jp/articles/530cc7e24d2384ec9dd6602e1867fb57c477aeee,3/31(日) 20:30
giz,ギズモード・ジャパン,折りたたみ収納＆電源不要で使える洗浄機。マンション暮らしの味方すぎる,https://news.yahoo.co.jp/articles/ccabaad47a97a71082b1ae9d4c8ef80a537ab46a,3/31(日) 19:30
giz,ギズモード・ジャパン,光が柔らかくにじむ夢心地なエモ写真が撮れる新GR3,https://news.yahoo.co.jp/articles/b5754101ac9f726bbd60cc96645dfd0588dd80ef,3/31(日) 11:30
giz,ギズモード・ジャパン,Galaxyの最新タブレットが4万円で購入できる？ タッチペンも付いてくるぞ,https://news.yahoo.co.jp/articles/7ba970a6d700858c22dc4ffed3be09084d618585,3/31(日) 10:30
giz,ギズモード・ジャパン,99.3％の光を吸収。宇宙望遠鏡用の超漆黒コーティング,https://news.yahoo.co.jp/articles/a9f6f0e512e51abec14bc5881871849cc821f6d0,3/31(日) 6:00
giz,ギズモード・ジャパン,iPhoneで通知をオフっちゃう方法,https://news.yahoo.co.jp/articles/57b6036a8452c375e18fcfdd1af56e361e995153,3/30(土) 12:30
giz,ギズモード・ジャパン,キンキンのミネラルウォーターが出ます。これは“蛇口のハック”だ…,https://news.yahoo.co.jp/articles/59e6d6fa666cc1286280f0444cc92c0e4912d265,3/30(土) 6:00
giz,ギズモード・ジャパン,「これってどうやって立ってるの？」2画面ノートPCの謎を究明してきた,https://news.yahoo.co.jp/articles/61f5ae68c6222b929fbd0369005743781fc415ff,3/29(金) 19:00
giz,ギズモード・ジャパン,すっきりデザイン、でもパワフル。レノボの「白いゲーミングノートPC」がとてもいい,https://news.yahoo.co.jp/articles/607cea2d737555bb3e58c2f4b30a530fe9518c7c,3/29(金) 13:00
giz,ギズモード・ジャパン,サウンドバーをノートPCに融合。ぶっ飛んだ発想が実際に製品化されてしまう,https://news.yahoo.co.jp/articles/944cbc42a9bf7e6a5af125a39f90bca57325db98,3/29(金) 12:30
giz,ギズモード・ジャパン,日本HPの新作。AI時代の「堅実PC」っぷりを見てよ,https://news.yahoo.co.jp/articles/e8dbc1eb72dff02b83fd2f573f423d385a194730,3/29(金) 10:30
giz,ギズモード・ジャパン,"歌ってみた革命勃発。auのメタバースでカラオケ1,300曲が無料歌い放題",https://news.yahoo.co.jp/articles/d94c97d117ca67e75c793f54b7cb76e93de0c021,3/29(金) 8:30
giz,ギズモード・ジャパン,折りたたみPCって微妙だな…。「Lenovo ThinkPad X1 Fold 16」レビュー,https://news.yahoo.co.jp/articles/a2cffa83727cc6ae595a8ce46d47ec1d1a9e4928,3/29(金) 6:00
giz,ギズモード・ジャパン,ライカが打ち切ったM9のセンサー修理、やってくれる工房あります,https://news.yahoo.co.jp/articles/99597a3674987c3c46b4946d06b5897ff7617509,3/28(木) 20:30
giz,ギズモード・ジャパン,足だけで操作できる。山崎実業の後づけドアストッパー,https://news.yahoo.co.jp/articles/98c481a0a31f1d28f18f1a9f2e6e0ac65196e5cf,3/28(木) 19:30
giz,ギズモード・ジャパン,アイスの置き配も可能。「冷凍・冷蔵宅配ボックス」ができあがりました,https://news.yahoo.co.jp/articles/6d509c549663fa07609babebc35de0b86ef35037,3/28(木) 19:00
giz,ギズモード・ジャパン,世界で一枚。自分のペットをクレジットカードに,https://news.yahoo.co.jp/articles/3d2ba0a510e3465b1217809d39e40d2350f2b14b,3/28(木) 19:00
giz,ギズモード・ジャパン,『ゴジラ×コング：新たなる帝国』はキングコングの成長物語,https://news.yahoo.co.jp/articles/95313d93bb1b1e16fa9a4628ec5c26d499e14f44,3/28(木) 13:00
giz,ギズモード・ジャパン,アプリから3分で。カップ麺作る間にeSIMが開通する時代,https://news.yahoo.co.jp/articles/9d5ac60867a6683bb032a9e81a466c2a2a16be06,3/28(木) 12:00
giz,ギズモード・ジャパン,リュックに後付けできるベルト。たった100円で肩からズリ落ちなくなる,https://news.yahoo.co.jp/articles/9f7bd5bf35aa3301b5a6f89683774756e3c69929,3/28(木) 6:00
giz,ギズモード・ジャパン,シークレットモードで検索した方が航空券が安い説、本当？,https://news.yahoo.co.jp/articles/cbcf315ece5572275bb2ec03cc6e813764e321bf,3/27(水) 19:30
giz,ギズモード・ジャパン,空調服とコラボしたレインジャケット。雨晴れ兼用で不快な気候に対応,https://news.yahoo.co.jp/articles/cfe4a98139e426d39c6b3bc4dabe452ebef42fc2,3/27(水) 19:00
giz,ギズモード・ジャパン,iPhone 16 Proにはやっぱり新しいボタンが追加されそう,https://news.yahoo.co.jp/articles/863cb04550d96f32e57d9cb97c7313ee2b494eca,3/27(水) 19:00
giz,ギズモード・ジャパン,マイナポータルが生まれ変わって使いやすくなりました,https://news.yahoo.co.jp/articles/e0cc18d7e08551b626ad16f9ff3d368884292cc2,3/27(水) 19:00
giz,ギズモード・ジャパン,ユニクロの春ニットは気軽に着られて、上品。一枚でも重ね着でも活躍,https://news.yahoo.co.jp/articles/cd0ed1b0672a059a8413c96d01017a0f77d728f5,3/26(火) 19:30
giz,ギズモード・ジャパン,なにを着るか迷う季節。持っておきたいパタゴニアの超軽量ジャケット,https://news.yahoo.co.jp/articles/474d2d9deafa3ba0b6f72ed1b78cf071d74f9ecb,3/26(火) 19:00
giz,ギズモード・ジャパン,iPhone 16モックアップに縦配置カメラを確認。まったく違和感ないね,https://news.yahoo.co.jp/articles/4dfa14e3d6ad7debfccab0338465f673d9200dae,3/26(火) 19:00
giz,ギズモード・ジャパン,新幹線の「S Work車両」ってなんなの？ 実際乗ってみた,https://news.yahoo.co.jp/articles/4b8e4bcf4487390b4becaa8c6f1b5aba65b40155,3/26(火) 12:30
giz,ギズモード・ジャパン,ギャラクシーリングがあれば、もう夕食のメニューを考える必要なし,https://news.yahoo.co.jp/articles/15d333ec5a7781510921cd4d3d4218186efbeeaf,3/26(火) 7:30
giz,ギズモード・ジャパン,ついに「どこでもドア」が“手に入る”,https://news.yahoo.co.jp/articles/c683f2ebf22b727dab8613d8e630f090c0a2556a,3/25(月) 20:30
giz,ギズモード・ジャパン,WindowsノートPCのクソデカACアダプタと決別できる謎USBケーブル,https://news.yahoo.co.jp/articles/7c080eaa29b3e9e917ff5d8ad40f69892cb245d3,3/25(月) 19:00
giz,ギズモード・ジャパン,「本当にスマホ？」な写真が撮れる6倍望遠コンバージョンレンズ,https://news.yahoo.co.jp/articles/1d65105e6b32302c90873b1a54b2ce87020c6ced,3/25(月) 19:00
giz,ギズモード・ジャパン,スシローの「モンハン寿司」の設定が細かすぎる,https://news.yahoo.co.jp/articles/d89ab4b1b6a5dc2d5e54a869c272e00f376c0ab6,3/25(月) 19:00
giz,ギズモード・ジャパン,レゴ、ファンが考えた『ダンジョンズ＆ドラゴンズ』のセットを発表,https://news.yahoo.co.jp/articles/631c6ec163738e182c099d1bbafd9c359d2ef267,3/25(月) 19:00
giz,ギズモード・ジャパン,暗い場所でも美映像、ロジクールのウェブカムは導入する価値あり,https://news.yahoo.co.jp/articles/d3923de3fcdc78e805b678a3802fcd16050056e3,3/25(月) 19:00
giz,ギズモード・ジャパン,自分目線の映像を撮るなら「着られるカメラ」が最強なんです,https://news.yahoo.co.jp/articles/30df9f8861f647b271bc39c6f5c854137fd155bc,3/25(月) 19:00
giz,ギズモード・ジャパン,水分補給をサステナブルに。ブリタの浄水は目隠ししても味の違いがわかる,https://news.yahoo.co.jp/articles/e478ff2ca60718d5967c76ce39531afe89e3f4cc,3/25(月) 19:00
giz,ギズモード・ジャパン,ゴミに手を加えたら、こんなにステキなアートや実用品に変身したよ,https://news.yahoo.co.jp/articles/110cbcf284a5f9a281952c9565baf9b617014649,3/25(月) 11:30
giz,ギズモード・ジャパン,最近撮影された「息を飲むような宇宙の写真」まとめ,https://news.yahoo.co.jp/articles/e97566f389813fbe3c7a320228f50f3bc6d70bc3,3/25(月) 6:00
giz,ギズモード・ジャパン,ボリュームたっぷりの肉厚ソール、長距離歩きに気持ちいい,https://news.yahoo.co.jp/articles/7a4241010c0af0bc8587f8e31e585509bac1de30,3/24(日) 19:30
giz,ギズモード・ジャパン,トランスフォーマー40周年記念。プルオーバーは裏返すとバッグモードに変形,https://news.yahoo.co.jp/articles/1e84a4081267b189ffd39c2ad5c3d926d750ea97,3/24(日) 12:30
giz,ギズモード・ジャパン,操作も仕掛けもフルアナログなチェキなのにカラーエフェクトつき。いったいどうやって？,https://news.yahoo.co.jp/articles/a16233286ed077fe1b28eb588ee528806cee6f18,3/24(日) 9:30
giz,ギズモード・ジャパン,AIが人類絶滅を企てる。頼みの綱はジェニファー・ロペス,https://news.yahoo.co.jp/articles/9ed66fc9c114371d2f9947f2939a21f951f28429,3/23(土) 21:30
giz,ギズモード・ジャパン,コード不要の時代が来る？ 無線でガジェットを充電できる新技術「AirPlug」,https://news.yahoo.co.jp/articles/66b3516e02f7bf455e3838da96ed588e8c14e426,3/23(土) 20:30
giz,ギズモード・ジャパン,Facebookの「あの」機能、利用頻度が13倍に爆増,https://news.yahoo.co.jp/articles/9612bcf60e5f11830c062dc579747140a8898ae3,3/23(土) 19:00
giz,ギズモード・ジャパン,『ドラゴンボール』の世界に行ける。巨大テーマパークが中東に,https://news.yahoo.co.jp/articles/9c768e771ffa1d4643ea745d012b0444c03a03a6,3/23(土) 8:30
giz,ギズモード・ジャパン,「宇宙」でいただくミシュラン2つ星機内食は美味しいのだろうか？,https://news.yahoo.co.jp/articles/3a623772e49d43cb4b095d4782961371029372e9,3/23(土) 6:00
giz,ギズモード・ジャパン,ニューラリンクの被験者1号の男性、脳の指令だけでゲームをプレイする,https://news.yahoo.co.jp/articles/5d32dfe11bb6c14396602de136164caf9430811b,3/23(土) 6:00
giz,ギズモード・ジャパン,2人の映画監督が語る「ゴジラ愛」／『ゴジラ-1.0』山崎貴＆『ゴジラxコング 新たなる帝国 』アダム・ウィンガード対談,https://news.yahoo.co.jp/articles/c654788eeef0003d5ce30cf1c18df9480fcc7a74,3/23(土) 6:00
giz,ギズモード・ジャパン,日食って裸眼で見ていい？→「太陽グラス」を使おうね,https://news.yahoo.co.jp/articles/e85eb06c00f1323b23eb80078591ec3927b5bd53,3/22(金) 21:30
giz,ギズモード・ジャパン,扇風機とサーキュレーターが1台に。究極の「風」はバルミューダの新作で,https://news.yahoo.co.jp/articles/2d21532eafb412357e98574d1f1bf766bab886c0,3/22(金) 19:00
giz,ギズモード・ジャパン,石像に押し潰されたテスラ車。何があった？,https://news.yahoo.co.jp/articles/6e8c61695312252398121186a809bf7ae613c8c5,3/22(金) 19:00
giz,ギズモード・ジャパン,ネコちゃんのためのシンセサイザー誕生（音出ないけどね）,https://news.yahoo.co.jp/articles/47cdd8ecd50ee10c8bda9bb29cd4fd2cda8225d3,3/22(金) 13:00
giz,ギズモード・ジャパン,6万円!? ゼンハイザーのスポーツイヤホン、本気すぎます,https://news.yahoo.co.jp/articles/c4ebc7532201ef2296fa60016eac6ba774ced3c7,3/22(金) 12:30
giz,ギズモード・ジャパン,ポケモンコラボの楽器チューナーで、ピカチュウと一緒に練習しようぜ,https://news.yahoo.co.jp/articles/e4bf551349777c344818b28ece9a802f4ac1d404,3/22(金) 10:30
giz,ギズモード・ジャパン,Quest 2の最安記録更新。ついに3万1900円に,https://news.yahoo.co.jp/articles/309d7b8397670f1aa18fa6dac51abd11af74382e,3/22(金) 7:30
giz,ギズモード・ジャパン,お手頃端末「Pixel 8a」はチップも画面も期待大,https://news.yahoo.co.jp/articles/bf9aafb5b841e0500e478bd6305785db99a54bb0,3/22(金) 6:00
giz,ギズモード・ジャパン,ChatGPTのエライ人「GPT-4は正直微妙。期待すべきはGPT-5」,https://news.yahoo.co.jp/articles/9c4e01fc6b5a1e026d7399762bda4408c636299d,3/22(金) 6:00
giz,ギズモード・ジャパン,天才エンジニアの流れを汲む極上サウンドのDJミキサー,https://news.yahoo.co.jp/articles/2bb94b67addd70e31ada219b4e9cf88e5dad46fa,3/22(金) 6:00
giz,ギズモード・ジャパン,Netflix『REBEL MOON ─ パート2: 傷跡を刻む者』フル予告編公開,https://news.yahoo.co.jp/articles/c7e788a0f887b570d10d3fa4987f59050bfd7d81,3/22(金) 6:00
giz,ギズモード・ジャパン,え？ TikTok米事業、アメリカに買われちゃうの？ 買える人いるの？,https://news.yahoo.co.jp/articles/d8e63996c227a59ccdef21219e61c9280c8284fa,3/22(金) 6:00
giz,ギズモード・ジャパン,オメガ×スウォッチのコラボ時計、ついに禁断のスヌーピーモデル登場,https://news.yahoo.co.jp/articles/d55d5561ed39953ad9712f7351f8dd2b72ef7171,3/21(木) 21:30
giz,ギズモード・ジャパン,「修理する権利」の鍵を握るのはマクドナルドのソフトクリーム？,https://news.yahoo.co.jp/articles/101e68efc1ecbfaa76dd512d3ff2ec4d4b4f4b05,3/21(木) 19:00
giz,ギズモード・ジャパン,環境にやさしく力持ち。それでいて美フォルムなスノーモービル,https://news.yahoo.co.jp/articles/44aca9ab6ed5c23926e84dbf1d63242eec845fee,3/21(木) 19:00
giz,ギズモード・ジャパン,「充電器・バッテリー・ケーブル」これ1台で。Anker新作が効率化のおばけ,https://news.yahoo.co.jp/articles/1db983c14a1fe40b96e5dce85d4f743979d15d0f,3/21(木) 11:30
giz,ギズモード・ジャパン,火星に“エベレスト級の火山”を発見。人が住める希望の兆しも,https://news.yahoo.co.jp/articles/271b6c0c6d9866c6dae90ce7b12ffe7f2fceeee0,3/21(木) 6:00
giz,ギズモード・ジャパン,最新の遮熱構造を装備したアウトドアハット。帽子内部の温度が約8°Cダウン,https://news.yahoo.co.jp/articles/ca42066f110f0447dbcf20c331b1b71a7a199610,3/20(水) 19:30
giz,ギズモード・ジャパン,値段もサイズも現実的。日常使いしたいキャンピングカー,https://news.yahoo.co.jp/articles/ee082752f9f4700612bf21a49ed5702720c2a00f,3/20(水) 19:00
giz,ギズモード・ジャパン,災害時にも活躍。工事がいらないポータブルなEV充電設備,https://news.yahoo.co.jp/articles/63d6a13804619f41f6934bba5bb73dfc6506c9e7,3/19(火) 21:30
giz,ギズモード・ジャパン,窮屈なセットアップからの卒業。伸縮自在、乾きも速いジャケット＆パンツ,https://news.yahoo.co.jp/articles/e59d2aef4f30b97a4f053491f75746ebce719a50,3/19(火) 19:30
giz,ギズモード・ジャパン,これが天空の香り…宇宙ステーションで使われるスティック香料,https://news.yahoo.co.jp/articles/31ada4f87fd3c5e0b8df2aa6fe4e8caa1890adc5,3/19(火) 19:00
giz,ギズモード・ジャパン,カビさせたくない一眼レフのレンズに。レンズキャップ型の防湿庫,https://news.yahoo.co.jp/articles/1c4b9916af2820ce154c08f847225bfaf85a2602,3/19(火) 8:30
giz,ギズモード・ジャパン,肉や野菜を電気でくっつける研究。バイオロボや医学への転用に可能性も,https://news.yahoo.co.jp/articles/959b20bba39a2a8593d9b653b5956471f636d090,3/18(月) 21:30
giz,ギズモード・ジャパン,ゴードンミラーのキャンピングカーは快適な「動く書斎」だった,https://news.yahoo.co.jp/articles/7dfc4f873da4adc0d73edd7de2880b1b13c774e2,3/18(月) 20:30
giz,ギズモード・ジャパン,秋の発売に向けて。2種類のAirPods（第4世代）の生産がまもなく開始？,https://news.yahoo.co.jp/articles/53e3f327b97c845e75fb0866642ac5b03bbaf795,3/18(月) 20:00
giz,ギズモード・ジャパン,工場見学の動画から、テスラがユーザーに愛される理由がわかった,https://news.yahoo.co.jp/articles/c77114ec12e219b0eacf9e0fdee43698ad81dcfb,3/18(月) 19:00
giz,ギズモード・ジャパン,折りたたみスマホで7万円台は衝撃的だ,https://news.yahoo.co.jp/articles/ace60a34941a3085acd3a29dd34ab3f35e257ff8,3/18(月) 19:00
giz,ギズモード・ジャパン,今月発表ある？ 新型のiPad Pro OLEDについて期待すること,https://news.yahoo.co.jp/articles/2f9936e75f7289a31faff0f31a2062f85b606eaf,3/18(月) 19:00
giz,ギズモード・ジャパン,OpenAIの生成AI「Sora」、えっちな動画を作っちゃうかもしれない,https://news.yahoo.co.jp/articles/489a6fea46d32afeae689743ce08c9dfcf05b05f,3/18(月) 8:30
giz,ギズモード・ジャパン,木星の衛星エウロパへ送るメッセージ。日本語も入ってるよ,https://news.yahoo.co.jp/articles/09fd0555038fcf3d0d5e7cc84cbca9d2a0cdd2e4,3/17(日) 22:00
giz,ギズモード・ジャパン,「マッハ5」ってどれくらい？ まるでSFな極超音速機の映像,https://news.yahoo.co.jp/articles/4910dfba15e82d5d9aba4b13f96d5448bd43f71e,3/17(日) 21:30
giz,ギズモード・ジャパン,あらゆるモノがスマホ三脚に。クランプで固定するMagSafeスタンド,https://news.yahoo.co.jp/articles/a030d06e5c0bde893e085208db8ffbb0dd69f50e,3/17(日) 19:30
giz,ギズモード・ジャパン,グーグルがOSの脆弱性を見つける「バグハンター」たちに与えた賞金はいくら？,https://news.yahoo.co.jp/articles/9ab5836217bb3d96a211c9407be1212ec846e278,3/17(日) 19:00
giz,ギズモード・ジャパン,このサイズでゲーミングPC。しかも「Core Ultra 7」なのです,https://news.yahoo.co.jp/articles/5445b94abb4d24033c9f32c65958662b038654fc,3/17(日) 12:30
giz,ギズモード・ジャパン,歩くたびに癒される。売り切れ前に購入しておきたいリカバリーサンダル,https://news.yahoo.co.jp/articles/af99b34a59bea3aad126f65d46e09529ebe621a9,3/17(日) 10:30
giz,ギズモード・ジャパン,リサイクルショップで売ってた15ドルのレゴ、実は267万円のお宝,https://news.yahoo.co.jp/articles/ee3c061f04c6a18468bb1dc455d492f30aedceef,3/17(日) 10:30
giz,ギズモード・ジャパン,ダイソーのセンサーライトはキャンプでも大活躍だった,https://news.yahoo.co.jp/articles/a789d4eb38f307aa237e05f9de91d49721f32b66,3/17(日) 9:30
giz,ギズモード・ジャパン,今どきの十得ツールはスマホ/タブレットスタンド機能も入ってます,https://news.yahoo.co.jp/articles/56723f56bfd763b4d11e4fbe2b0d1d3c6e4d2593,3/17(日) 7:30
giz,ギズモード・ジャパン,花粉症による鼻の皮むけ対策に。出先でカサカサになっても安心,https://news.yahoo.co.jp/articles/64ed53a701da857756ce022c3684ef3ac57c64d0,3/16(土) 20:30
giz,ギズモード・ジャパン,答えたいけど答えません。Geminiは「〇〇」に関しては質問NG,https://news.yahoo.co.jp/articles/0a42e79be2a0b0d4ec56037fef1f8b656c1a3d93,3/16(土) 19:00
giz,ギズモード・ジャパン,0.2リットルの違いが絶妙。暮らしに合わせられるちょうどいいサイズ感,https://news.yahoo.co.jp/articles/ade581e3bdd5b27ee5e82afecd9e78bc0640ca61,3/16(土) 19:00
giz,ギズモード・ジャパン,ここだよ！ 山岳事故のときに自分の位置を知らせる簡易SOSバルーン,https://news.yahoo.co.jp/articles/0ab5bd08ee7f2e19c9b06d868ce67dd899cd948d,3/16(土) 19:00
giz,ギズモード・ジャパン,Apple Vision Proよりも断然安いスマートグラス。auで買えます,https://news.yahoo.co.jp/articles/e98cb085f0a7bb44d55f22a472fb49523578b259,3/16(土) 11:30
giz,ギズモード・ジャパン,「Pixel Fold 2」は4月から生産開始のウワサ。Google I/Oに間に合う？,https://news.yahoo.co.jp/articles/f968d8cf803297497f61c8bb0a866eda9b2aa118,3/15(金) 20:30
giz,ギズモード・ジャパン,スリムでパワフル。無印の空気清浄機がちょうど良すぎました,https://news.yahoo.co.jp/articles/eb4bac9a4e23c0bece3857e67aec9f8f97d4a583,3/15(金) 19:00
giz,ギズモード・ジャパン,詮ない嫉妬するなよ…SNSが原因で増えた「レベッカシンドローム」,https://news.yahoo.co.jp/articles/f3e024e79cad84a9f71632e32cb595d1686f092e,3/15(金) 19:00
giz,ギズモード・ジャパン,サンゴ礁を守りし海の掃除屋。わが名はナマコ,https://news.yahoo.co.jp/articles/b453d051835be3dedd87c7f6b6638ec508795f51,3/15(金) 19:00
giz,ギズモード・ジャパン,2万円スマホ「moto g24」、意外とアリじゃない？,https://news.yahoo.co.jp/articles/66d2a3b6d68772d72036bb9939fa49dd20d5667d,3/15(金) 19:00
giz,ギズモード・ジャパン,たっぷりご用意いたします。初期生産数から見える「Galaxy Ring」への期待,https://news.yahoo.co.jp/articles/2d19b4ef59015fbc1791468b119e65622831b71c,3/15(金) 19:00
giz,ギズモード・ジャパン,ADHDの症状を改善するゲームアプリ、日本の製薬会社からも発売,https://news.yahoo.co.jp/articles/65e9bd36eeeaac081018184ca0a0c9a1d38c953e,3/15(金) 19:00
giz,ギズモード・ジャパン,直接ぶっ刺せるSSD、ついにプレステ公式ライセンスになりました,https://news.yahoo.co.jp/articles/cd5d86e440e75668bbf826693e635480ea421176,3/15(金) 19:00
giz,ギズモード・ジャパン,Pixel Fold 2の最新情報まとめ。発表はGoogle I/Oではない？,https://news.yahoo.co.jp/articles/b98ca1ce0459506a90de36df56df79cf8086df00,3/15(金) 19:00
giz,ギズモード・ジャパン,レンチンで焼き魚から煮込み料理、デザートまで。焼き目も付きます,https://news.yahoo.co.jp/articles/1e32aaa9f2648506cb49a215b2d0dc19bf6bbe8e,3/15(金) 19:00
giz,ギズモード・ジャパン,Apple Vision Proは「感動するけど60点」,https://news.yahoo.co.jp/articles/ab2d1167ba65afa1756ef9ef94c074001a5c35cf,3/15(金) 19:00
giz,ギズモード・ジャパン,通気抜群なのに寒くない。特殊素材でできたランニング用アウターはここがすごい,https://news.yahoo.co.jp/articles/f12b9a52fe8e856ac97a035d09ff8087a08a714c,3/15(金) 6:00
giz,ギズモード・ジャパン,山崎実業の充電ステーションでデスク上を整理。端末の定位置にもなる,https://news.yahoo.co.jp/articles/054be5eba42ea234b8735426bc4ecb4346579990,3/14(木) 19:30
giz,ギズモード・ジャパン,テスラ、サイバートラックの転売を見張っています。転売するとどうなる？,https://news.yahoo.co.jp/articles/f843e0da3233dbe9e5407fc29df5aa8a8dfb7a5e,3/14(木) 19:00
giz,ギズモード・ジャパン,こんなところにもソーラーパネル。お墓に設置スペースありました,https://news.yahoo.co.jp/articles/628a39970e1a2f0f8632ef732b3104ae356a33d8,3/14(木) 19:00
giz,ギズモード・ジャパン,あのBMWがボブスレー用のシューズを3D印刷で制作,https://news.yahoo.co.jp/articles/e23f6686fcd521da2deea9007e4263b2c566432a,3/14(木) 19:00
giz,ギズモード・ジャパン,新型の11インチiPad Pro、品薄の可能性がありまして…,https://news.yahoo.co.jp/articles/2d3b8651989039590ef7bad406ae193c3462aaa8,3/14(木) 12:30
giz,ギズモード・ジャパン,雪も砂浜もへっちゃら。 前後2輪駆動のタフすぎる電アシ自転車,https://news.yahoo.co.jp/articles/a07188ddac8159786cea47c12729c5610d5e43ff,3/14(木) 11:30
giz,ギズモード・ジャパン,折りたたみスマホの買い時到来。サムスン公式ショップがセール中,https://news.yahoo.co.jp/articles/64f8d0939800d56966482bde77b640ac2e9759da,3/14(木) 10:30
giz,ギズモード・ジャパン,祝バットマン85周年。レゴがアニメ版ゴッサム・シティのセットを発表,https://news.yahoo.co.jp/articles/387286d078dc76445ca0a34832789a81170f31a6,3/14(木) 8:30
giz,ギズモード・ジャパン,もはや家具。レトロかわいくて欲しくなる脚付きトースター,https://news.yahoo.co.jp/articles/f51172be049f6666f8e552b5c20f69ba665de4f8,3/14(木) 7:30
giz,ギズモード・ジャパン,メタンガスの大量排出者を特定する衛星がお仕事開始,https://news.yahoo.co.jp/articles/3f846b171092c4056d415e4ac4b4023fe584320c,3/14(木) 6:00
giz,ギズモード・ジャパン,Wi-Fiやスマホの電波状況を改善する鍵は「3D化」にあり,https://news.yahoo.co.jp/articles/7bc919767a4f7572af1c57aefb326dcde96f38ba,3/14(木) 6:00
giz,ギズモード・ジャパン,今さら「ポータブルDVDプレイヤー」を買ってみた,https://news.yahoo.co.jp/articles/9746cd8dfcd980c8235fb3d418f8a65b6056e228,3/13(水) 20:30
giz,ギズモード・ジャパン,“悪魔の子”が帰ってきた。不穏すぎる最新予告が解禁,https://news.yahoo.co.jp/articles/b80fdfaa073bfc1ae819cf1ce212b0f84fc1c5bf,3/13(水) 19:00
giz,ギズモード・ジャパン,「風船を飛ばす」を違法にするフロリダ。その理由が考えさせられる,https://news.yahoo.co.jp/articles/90fe102dc825d5ad1b2f8526083871a04cc4aa84,3/13(水) 19:00
giz,ギズモード・ジャパン,イーロン・マスク「うちのAIはオープンソース。誰でも自由に使える」,https://news.yahoo.co.jp/articles/2e7a461617699d40f648c55171e7a4c069b63808,3/13(水) 19:00
giz,ギズモード・ジャパン,サム・アルトマンがOpenAI復帰。新体制で影響力を発揮できるか？,https://news.yahoo.co.jp/articles/80cb11c70dea5fd786c95b0ffb5f7e9eab2b7b24,3/13(水) 19:00
giz,ギズモード・ジャパン,ボディと同色のパーツにこだわりも。STANLEYの限定コラボモデル,https://news.yahoo.co.jp/articles/a4864a9ec0600becb97c88eb51ae73ce4d8d71a3,3/13(水) 19:00
giz,ギズモード・ジャパン,ダメになったパーツを自分で簡単に交換できるスニーカー,https://news.yahoo.co.jp/articles/7f39abcbb8a1e4c07a26804e428e57123012cbd4,3/13(水) 19:00
giz,ギズモード・ジャパン,コスパ良すぎ。デルの7.3万円ノートPC、大学生みんな買うべきじゃない？,https://news.yahoo.co.jp/articles/1e475d2bd9f27399dfd7d26adfdda8e9f71f18b2,3/13(水) 11:30
giz,ギズモード・ジャパン,AI好調のマイクロソフト。目下の悩みはロシアのハッキング集団,https://news.yahoo.co.jp/articles/249cf34117a4546fee50581647aa4688706bb0ce,3/13(水) 8:30
giz,ギズモード・ジャパン,信じてたのに…。ペンタゴン「UFOなんていないよ」,https://news.yahoo.co.jp/articles/82afaec23fea98b1b2e0b33ac9d63fcad276b83b,3/13(水) 6:00
giz,ギズモード・ジャパン,空港で「セルフ保安検査」始まっています。どうやるの？,https://news.yahoo.co.jp/articles/bba2179b038a7f5ac420d09464bcbc5bbed01f31,3/12(火) 21:30
giz,ギズモード・ジャパン,クラシカルかつ高機能。ザ・ノース・フェイスの復刻ジャケット,https://news.yahoo.co.jp/articles/3da42a5f58aa9f120d47d0ca02d20024609aa3dc,3/12(火) 20:30
giz,ギズモード・ジャパン,Stream Deck付きキーボードが効率的なPC作業の救世主だった,https://news.yahoo.co.jp/articles/0df8ed351e589ef2398286374d4d6217a059161c,3/12(火) 19:00
giz,ギズモード・ジャパン,悲しみとの向き合い方が変わるか？ AI技術で故人をデジタル再現,https://news.yahoo.co.jp/articles/4bcffeba4c2dd5a36e62e0563d25e8b3c99a1ef4,3/12(火) 19:00
giz,ギズモード・ジャパン,専用ポーチが付いてくるUSB-CとLightningの二刀流USBメモリ,https://news.yahoo.co.jp/articles/61ce9882915720692101baef6fe0ae02a0bc4736,3/12(火) 19:00
giz,ギズモード・ジャパン,『ザ・スーパーマリオブラザーズ・ムービー』の新作が2026年公開決定,https://news.yahoo.co.jp/articles/59d0cff3a058547cb6345b2a8a797fd68dd92cf0,3/12(火) 19:00
giz,ギズモード・ジャパン,Stream Deck付きキーボードが効率的なPC業務の救世主だった,https://news.yahoo.co.jp/articles/687c704ee040061f76e202c0f262f5763700f975,3/12(火) 12:30
giz,ギズモード・ジャパン,米国発のEV、製造の立役者はカワサキのロボットアーム,https://news.yahoo.co.jp/articles/bb0b4509d3fc8e87b89ac5261eebf22285c075aa,3/12(火) 11:30
giz,ギズモード・ジャパン,高速リーダー機能付きメモリーカードケース。もう「あれ足りない」が起こらない,https://news.yahoo.co.jp/articles/36d4f60650258a1b954097f476b3b4f6582f86b4,3/12(火) 10:30
giz,ギズモード・ジャパン,来年の「ふるさと納税」はAmazonでどうぞ。ポイント貯まりそうよ,https://news.yahoo.co.jp/articles/aca3cc09e9e24e2cc1d4f68e2d756cfb6299c715,3/12(火) 8:30
giz,ギズモード・ジャパン,博物館の生き物3D解剖図、無料で見放題,https://news.yahoo.co.jp/articles/d89aa503bc40de8fbeb78c2148feb0adb45ffa22,3/12(火) 7:30
giz,ギズモード・ジャパン,トイカメラに液晶モニターがついたら、それはもうコンデジ,https://news.yahoo.co.jp/articles/10c22cb2f037a519ba35ae010225a720f71ca7e9,3/12(火) 6:00
giz,ギズモード・ジャパン,2種類の走り方に合わせて選べる、アシックスのランニングシューズ,https://news.yahoo.co.jp/articles/7a3cebd57c23250f992e7312c7858865e871b7e8,3/12(火) 6:00
giz,ギズモード・ジャパン,パソコン体験が変わる。新生活で取り入れたいマウス6選,https://news.yahoo.co.jp/articles/f54aa360eea5b435a286c9637e5c577cf4a55865,3/11(月) 20:30
giz,ギズモード・ジャパン,サイバートラック、車輪を改造したら雪山でも無敵になった,https://news.yahoo.co.jp/articles/24ab596ca9303c7d47bd0179ff5b8e17616f8341,3/11(月) 19:00
giz,ギズモード・ジャパン,ニコンが米シネマカメラ業界大手「RED」を子会社化。動画市場の開拓へ,https://news.yahoo.co.jp/articles/1d42d9c0be7b5115e5a7d37d3a0c0bb6dd2ebde8,3/11(月) 8:30
giz,ギズモード・ジャパン,スタンレーのボトルが保冷力はそのままで軽くなり、カラバリも豊富に,https://news.yahoo.co.jp/articles/0e8cd8465fa6f1b1f808334f6d38e196566a724e,3/10(日) 12:30
giz,ギズモード・ジャパン,想像以上に危険。転がる枯れ草のかたまりがユタの街を埋め尽くす,https://news.yahoo.co.jp/articles/92c330d7c1af553c96d70f7612cceab273d54235,3/9(土) 20:30
giz,ギズモード・ジャパン,サムスンの変幻自在ディスプレイ展示、やりすぎ感がたまらない,https://news.yahoo.co.jp/articles/9aa182971d40a9d9e5c362c213d7d50049646fef,3/9(土) 19:00
giz,ギズモード・ジャパン,本物のコックピットに近づきすぎたフライトコントローラ,https://news.yahoo.co.jp/articles/0efed303794b8d7a8c53fd6f816b1b1dc9946481,3/9(土) 12:30
giz,ギズモード・ジャパン,スマホの画面保護フィルム、実はもういらない説,https://news.yahoo.co.jp/articles/35779468f1d027f1cae6e3790b7bc39af1731981,3/8(金) 21:30
giz,ギズモード・ジャパン,AIドライブスルーはうまくいかない。撤退する企業も増加中,https://news.yahoo.co.jp/articles/5e102f71680ae119ca42fcb471449daff324c45c,3/8(金) 20:30
giz,ギズモード・ジャパン,THE NORTH FACEから自転車に特化したウエアが登場,https://news.yahoo.co.jp/articles/9a4e81dfc703175aee684610d0b597ea53ef28d7,3/8(金) 20:00
giz,ギズモード・ジャパン,夜中のミルク作りがラクになる。電気ポット「ミルクメイト」,https://news.yahoo.co.jp/articles/59e3ae7cfeb2686ac848358f7478f0f98724eadd,3/8(金) 19:30
giz,ギズモード・ジャパン,これが「掃除をラクしたい」人のための掃除機です,https://news.yahoo.co.jp/articles/8137b7e7870beaa75f358702d26ceb3718525003,3/8(金) 19:00
giz,ギズモード・ジャパン,薄っぺらなミニキーボード。これを極めれば超速タイピングができる,https://news.yahoo.co.jp/articles/2a6df0169d04dba0878613dc49303939f16f0f30,3/8(金) 19:00
giz,ギズモード・ジャパン,Google Pixelが日本で爆売れ。成長率は驚きの500％超え,https://news.yahoo.co.jp/articles/9dc3ae681f0c98e835210d3a435d4d52c7857e09,3/8(金) 19:00
giz,ギズモード・ジャパン,みんなのスケジュールが一目瞭然な巨大スマートカレンダー,https://news.yahoo.co.jp/articles/06c970dc71aa49b57a24ab24bf33961c8351c277,3/8(金) 19:00
giz,ギズモード・ジャパン,スープジャーみたいだけど、実は使える大容量モバイルバッテリーでした,https://news.yahoo.co.jp/articles/629708945f8c823981a54dcd771c4327eacf2557,3/8(金) 13:00
giz,ギズモード・ジャパン,花粉ツラい…そんなあなたに巨大サイズの不織布フィルターがおすすめ,https://news.yahoo.co.jp/articles/1c58e40e1487cef4516c6358758a382ac23efa52,3/8(金) 13:00
giz,ギズモード・ジャパン,わかるかな？ このノートPC、変形するんです,https://news.yahoo.co.jp/articles/93ccadb3cd6971c269b58f8f62ada5dacc2b7943,3/8(金) 11:30
giz,ギズモード・ジャパン,イーロン・マスクから連絡は来ない。「なりすまし詐欺」に注意,https://news.yahoo.co.jp/articles/2dc38037e38d0d4e6763b6d267e3b98a4ff3a995,3/8(金) 8:30
giz,ギズモード・ジャパン,「残り時間を可視化」する時計が発明されました,https://news.yahoo.co.jp/articles/5dfa137f81410a578df3a650dbccbb7ad3f5df41,3/8(金) 6:00
giz,ギズモード・ジャパン,北極から氷が消える日,https://news.yahoo.co.jp/articles/8f4d790f042cba26d48a8a6d27faab9f8e68d507,3/8(金) 6:00
giz,ギズモード・ジャパン,走りたいけど辛いのはイヤ。だったらOnのシューズで習慣化できるかも,https://news.yahoo.co.jp/articles/a09ba222e3b3e028e9b77c001957e5b9f9c15255,3/7(木) 21:30
giz,ギズモード・ジャパン,みんな知ってた？ 旅行で使えるGoogleマップ活用術,https://news.yahoo.co.jp/articles/b72befcdfaa1f605365990c6f6c655cf5aa4f22c,3/7(木) 19:30
giz,ギズモード・ジャパン,自転車競技用のヘルメットに新風。規制ギリギリのデザインでどうなるか,https://news.yahoo.co.jp/articles/cdf23cb93e17b9af77223c21b5128c4bbab69af8,3/7(木) 19:00
giz,ギズモード・ジャパン,このブリキのロボット、実はレゴ製。電池で動きます,https://news.yahoo.co.jp/articles/747833593d2b4a8610847e72a2ddb1660392fe2d,3/7(木) 19:00
giz,ギズモード・ジャパン,名品にストーリーあり。子供の漢字学習に役立つフセンの開発秘話,https://news.yahoo.co.jp/articles/11b35d5e7dbbaeadc7aeb252ae6436802db9c241,3/7(木) 19:00
giz,ギズモード・ジャパン,ゼンハイザーの最新イヤホン、音はいいけどノイキャンは今一歩,https://news.yahoo.co.jp/articles/f7bba6a44b7c9c9283071a7af207f02ce1d31558,3/7(木) 13:00
giz,ギズモード・ジャパン,結局、AppleのXRヘッドセット「Vision Pro」って買うべきなの？,https://news.yahoo.co.jp/articles/0ea3be01dea6c9355142dd38f07743d0fa350891,3/7(木) 12:30
giz,ギズモード・ジャパン,トイレがトイレ掃除する時代がきた,https://news.yahoo.co.jp/articles/238874a36595124ee17b6ccbd1b0a047b9e3118f,3/7(木) 11:00
giz,ギズモード・ジャパン,iPhoneユーザーみんなが笑顔になれる2 in 1ケーブル,https://news.yahoo.co.jp/articles/fc51049c005665f1d3df83a55191a160cf758a25,3/7(木) 7:30
giz,ギズモード・ジャパン,Xの通話機能はデフォルトでオンになっている,https://news.yahoo.co.jp/articles/488389f44fbb276079b8a62adaba8166109b31b4,3/7(木) 6:00
giz,ギズモード・ジャパン,OnePlusの新作スマウォは47mmのビッグサイズで電池持ち良し,https://news.yahoo.co.jp/articles/e0dd80ef299488d313c5c05d2ab52b80b08d9f91,3/6(水) 21:00
giz,ギズモード・ジャパン,テキスト入力するだけで誰でも作曲できる時代がやってくる,https://news.yahoo.co.jp/articles/c271c8507bea8194264048c51177fe482cefb6a8,3/6(水) 21:00
giz,ギズモード・ジャパン,バレバレのニセ画像で支持者の拡大を狙うドナルド・トランプ,https://news.yahoo.co.jp/articles/5c742020c15e0bd6db4b918b516dfde33926cf83,3/6(水) 21:00
giz,ギズモード・ジャパン,イーロン・マスク曰く「OpenAI、オープンじゃないからお金返して」,https://news.yahoo.co.jp/articles/7ef4fb854e798fda95e983bf5c32b07d1ff9bfbe,3/6(水) 21:00
giz,ギズモード・ジャパン,グーグルで「いい商品」を検索しても、へんてこランキングしか表示されない,https://news.yahoo.co.jp/articles/ab6a6be825b6e5b6003d9b237d299a842b93c7d1,3/6(水) 21:00
giz,ギズモード・ジャパン,ダマされた？カセットテープそっくりのBluetoothスピーカーがエモい,https://news.yahoo.co.jp/articles/4ebd6e8480415db93d6693fd0f019b2d8f9c6ec1,3/6(水) 19:00
giz,ギズモード・ジャパン,安心して任せよう。GORE-TEXのクリーニングサービス,https://news.yahoo.co.jp/articles/8643f95f311198e4fd789abe99f56fb41b1754e7,3/6(水) 19:00
giz,ギズモード・ジャパン,手入れが簡単なスティック掃除機。ヘッドの向きを変えずともスイスイ進む,https://news.yahoo.co.jp/articles/3a64aa12ac4f42ec793990d4faf393bfe61dacbd,3/6(水) 12:30
giz,ギズモード・ジャパン,一家に一箱は常備したい、マツキヨの「指にまきやすい絆創膏」知ってる？,https://news.yahoo.co.jp/articles/fbd02762d507d2f1917c28eda74a20a0e042c57f,3/6(水) 11:30
giz,ギズモード・ジャパン,らしからぬ佇まいがグッド。ザ・ノース・フェイスのレインブーツ,https://news.yahoo.co.jp/articles/35ef7aecdcd09119cac0376804ceeb6a1fd1a828,3/6(水) 10:30
giz,ギズモード・ジャパン,指紋認証なしでUSB-Cに変更？ 新型iPhone SEのレンダリング画像がリーク,https://news.yahoo.co.jp/articles/3223c1ae54ad7405637e285abf7ce37f2e695fdf,3/6(水) 8:30
giz,ギズモード・ジャパン,【追記更新】Nothingの新スマホは5万円以下で、モバイルSuicaも使えるかも,https://news.yahoo.co.jp/articles/fdb78038b4765eb5739c0d6951c6deab12428f1c,3/6(水) 6:00
giz,ギズモード・ジャパン,大気圏の水蒸気を減らしたら、温暖化を抑止できるか？,https://news.yahoo.co.jp/articles/a4ccc183642d5916477bb77597d053742a1444a1,3/6(水) 6:00
giz,ギズモード・ジャパン,スタンド以外は最高。フィリップスのゲーミングモニター,https://news.yahoo.co.jp/articles/a97a678aec6b8e534f9d373245f71582778e9b8c,3/5(火) 20:00
giz,ギズモード・ジャパン,ふくらましてマグネットで装着するLEDライト。クルマで大活躍,https://news.yahoo.co.jp/articles/fd3e4d08fcd626e7fee003d0186c653df2c344f6,3/5(火) 19:00
giz,ギズモード・ジャパン,AI搭載しまじろうがお子さんとおしゃべりしてくれます,https://news.yahoo.co.jp/articles/c67fb2749631884aea332464760cb2d0d6c66ae7,3/5(火) 19:00
giz,ギズモード・ジャパン,スマホを入れれば音が出るレゴ製ラジオ,https://news.yahoo.co.jp/articles/a39e87f8d02616b53b127a616a3bec384e4c0643,3/5(火) 19:00
giz,ギズモード・ジャパン,大事な日まであと何日？がすぐ分かる時計,https://news.yahoo.co.jp/articles/876f2a8ea417c795e91f2fad6a3e7e8d5013f484,3/5(火) 19:00
giz,ギズモード・ジャパン,クールな遊び心。90年代ゲームのパッケージデザインを振り返る,https://news.yahoo.co.jp/articles/9d0adbf18834919323a1a93301f8f2062e7ca406,3/5(火) 19:00
giz,ギズモード・ジャパン,SD＆microSDカードを20枚も収納できてハブにもなっちゃうケース,https://news.yahoo.co.jp/articles/aceb202e29018e9b511302edc27b4c5137094149,3/5(火) 19:00
giz,ギズモード・ジャパン,動きがとても人間っぽい。トヨタが柔らかロボ「ぷにょ」を開発,https://news.yahoo.co.jp/articles/3313fb168a1ec8c4cf2a562fa5203bd91aae09e8,3/5(火) 19:00
giz,ギズモード・ジャパン,F1を撮るために生まれた“F1より早い”ドローン,https://news.yahoo.co.jp/articles/fb8eebd7332bb83ff9731cb374edf031b1c5c423,3/5(火) 19:00
giz,ギズモード・ジャパン,イーロン・マスクはガラケーを使っていた説,https://news.yahoo.co.jp/articles/41832ac6264dbfd10bb83837189627b6a0a83259,3/5(火) 19:00
giz,ギズモード・ジャパン,プライバシー大丈夫？ プッシュ通知データが犯人逮捕に利用されている,https://news.yahoo.co.jp/articles/b20f128c60d8cf7ab15f3c398d868f46dcedd217,3/4(月) 22:00
giz,ギズモード・ジャパン,Facebookがニュース機能を終了。ザッカーバーグ「みんな見てない」,https://news.yahoo.co.jp/articles/d2658f7bc8238cb29d449e60e2e21e0415a18996,3/4(月) 21:30
giz,ギズモード・ジャパン,透明なディスプレイが言葉の壁を低くする,https://news.yahoo.co.jp/articles/6bebc7f7c825786277a151c8bdefe29fe7029496,3/4(月) 19:30
giz,ギズモード・ジャパン,コスパに優れたエレコムのQi2対応ワイヤレス充電器登場,https://news.yahoo.co.jp/articles/60f9ad30de845395f5c562f727117421ebc3f039,3/4(月) 19:30
giz,ギズモード・ジャパン,チョコレートの夢はどこ？お粗末すぎた『ウォンカ』の没入型イベント,https://news.yahoo.co.jp/articles/c1ae14c9248a7438f25204b70f0b1d2ee31e2a4d,3/4(月) 19:30
giz,ギズモード・ジャパン,リアルさ爆発。 香りでゲームに臨場感を追加するデバイス,https://news.yahoo.co.jp/articles/8d25a67159139f9e2a89f142760d135d0a80dd3a,3/4(月) 19:30
giz,ギズモード・ジャパン,デザインと性能のバランスがいい14インチゲーミングノートPC,https://news.yahoo.co.jp/articles/6dbe9b6cf3316ff6c96df10c33b479f45469de45,3/4(月) 19:30
giz,ギズモード・ジャパン,本物 or AIが描いたニセ画像。見分けるポイントを教えましょう,https://news.yahoo.co.jp/articles/6f3e5028850159a95fd73d2655e1294f41063d56,3/4(月) 19:30
giz,ギズモード・ジャパン,新生活のお供に。Apple Watch春の新作バンドがまもなく登場？,https://news.yahoo.co.jp/articles/0dc2c7075aadb8409c4787eec3bdb1149ab5433e,3/4(月) 10:30
giz,ギズモード・ジャパン,お使いのPCをWi-Fi 6E対応にできます。爆速化ねらっちゃう？,https://news.yahoo.co.jp/articles/c5f26b227c82e50a23e044fff02b05e1fb1c8d44,3/4(月) 8:30
giz,ギズモード・ジャパン,アップルのディスプレイ付きHomePod、今年も出ない説。他社からだいぶ遅れてない？,https://news.yahoo.co.jp/articles/5733348f57b5c604ab353bcd511df63735bbe600,3/4(月) 7:30
giz,ギズモード・ジャパン,プラスアルファな機能がうれしい。通勤通学にちょうどいいバッグ3選,https://news.yahoo.co.jp/articles/d42e30fd5b84d1b40534ec9980ecf22d682731da,3/2(土) 19:00
giz,ギズモード・ジャパン,曲に合わせてビカビカ光る。ハンディサイズで本格派なDJコントローラー,https://news.yahoo.co.jp/articles/5e35d13d896fa15c114219ba4e0883eafe502e7a,3/2(土) 11:30
giz,ギズモード・ジャパン,Apple Vision Pro、6月までには米国外でも買えるかも,https://news.yahoo.co.jp/articles/ba9323a12115e80e7b9008e713ff7feb94cca972,3/2(土) 9:30
giz,ギズモード・ジャパン,ネットで無料航空券をもらった。勢いで海外に行ってみたら…,https://news.yahoo.co.jp/articles/1c06fb219dbc49fdf978e70014b6e8a490882656,3/2(土) 6:00
giz,ギズモード・ジャパン,一人暮らしに食洗機ってどう？パナソニック「SOLOTA」を1年使ってみた,https://news.yahoo.co.jp/articles/1f9e975216d9225b8d6ad13587b3885ff119a667,3/1(金) 21:30
giz,ギズモード・ジャパン,シンプルボディになったAurora R16。性能はちゃんとAlienwareだった,https://news.yahoo.co.jp/articles/6a242887f7a677998c5b190e8233100a54f2ad45,3/1(金) 19:00
giz,ギズモード・ジャパン,透けすぎでは…。 透明ディスプレイで向こう側が見えるノートPC,https://news.yahoo.co.jp/articles/b6d94b3bcc6f2f813593ecc744ab071c0b66c8a7,3/1(金) 19:00
giz,ギズモード・ジャパン,iPhone XSも対象？iOS 18対応のiPhoneが判明したかも,https://news.yahoo.co.jp/articles/7431099b8d350ae52a2e1e03b1222d75332730d3,3/1(金) 11:30
giz,ギズモード・ジャパン,未発表iPad Proと思われる図面が流出。驚異的な薄さだ…,https://news.yahoo.co.jp/articles/ebba4f1e10fb3b0bc1314c5438dc06849ce027bf,3/1(金) 10:30
giz,ギズモード・ジャパン,無印良品から10000mAhのモバイルバッテリー兼アダプター。お出かけの強い味方に,https://news.yahoo.co.jp/articles/c901497b7edcbddaf65e43c678a8f5aae2e21fd3,3/1(金) 8:30
giz,ギズモード・ジャパン,DAISOアプリがリリース。僕らが待ち望んでいた「あの機能」がついに,https://news.yahoo.co.jp/articles/8dc0072f0f8cb185dcbc4a9c7075a8e1bf551009,3/1(金) 6:00
giz,ギズモード・ジャパン,高級コンデジを彷彿とさせるスマホ、Xiaomiから登場,https://news.yahoo.co.jp/articles/60e7841d99a951171e5e6a7737a76fb90209b142,2/29(木) 19:00
giz,ギズモード・ジャパン,もっと音楽を楽しみたい。最高の体験ができるアイテム #ギズモード総研,https://news.yahoo.co.jp/articles/6c1147c2a4fd47a7ed9a5c9048cddf86686e178c,2/29(木) 19:00
giz,ギズモード・ジャパン,マキタ、ついに芝刈りロボットまで作る,https://news.yahoo.co.jp/articles/f8ee7986cfac6b8af56f86344ec26987acc7869a,2/29(木) 19:00
giz,ギズモード・ジャパン,パッケージのデザインって大切。開けると、極上のフルーツがお目見え,https://news.yahoo.co.jp/articles/642885939d8d10d9089731276d3388c4fef29a71,2/29(木) 19:00
giz,ギズモード・ジャパン,Geminiの白人画像生成できない問題、再ローンチに向けて修正開始,https://news.yahoo.co.jp/articles/694b95ab5d8f298f1fa701bfe679202294ffc521,2/29(木) 12:30
giz,ギズモード・ジャパン,PixelからiPhoneに戻してみて思ったこと,https://news.yahoo.co.jp/articles/22465bb0e526b873646c06d34fa41b48b309ee66,2/29(木) 12:30
giz,ギズモード・ジャパン,【DJ4コマ・第32話】花粉・ハウスダストに負けないDJっの巻！うじたなおき,https://news.yahoo.co.jp/articles/84fa5857e8b09505637582afae365ba07b696591,2/29(木) 6:00
giz,ギズモード・ジャパン,ネアンデルタール人、ヨーロッパ最古の接着剤をつかっていたことが判明,https://news.yahoo.co.jp/articles/d6607f9f8c8592f5585509029825d120790b4c82,2/29(木) 6:00
giz,ギズモード・ジャパン,パタゴニアの機能的フリースが、薄手アウターを“防寒着”に変えてくれました,https://news.yahoo.co.jp/articles/4f9bd646fa63bbc93f0c0e1708988b01b03dadb6,2/28(水) 21:30
giz,ギズモード・ジャパン,タウンユースでサラッと着たい。“本格アウトドア”な機能素材のフーディー,https://news.yahoo.co.jp/articles/5bc3e3ace4696f04797c7dd97337c7d9efd5ab50,2/28(水) 19:00
giz,ギズモード・ジャパン,顔パスで行こうよどこまでも。熊本の路面電車で実証実験スタート,https://news.yahoo.co.jp/articles/e9c60e74d13e8cf6aaf2f127c17c1a6c684d38ad,2/28(水) 19:00
giz,ギズモード・ジャパン,ファミレスでおなじみのネコ型配膳ロボ、これから海外でも活躍します,https://news.yahoo.co.jp/articles/388687103eb57906a4860667332773f5ccc48fb1,2/28(水) 19:00
giz,ギズモード・ジャパン,AIによる“白人が出てこない生成画像”、批判を受けてグーグルが謝罪,https://news.yahoo.co.jp/articles/feb492f4f973df714da2d0de97e53eb5c12b4084,2/28(水) 10:30
giz,ギズモード・ジャパン,SFファンに刺さるハミルトン×『デューン 砂の惑星 PART2』のコラボ時計,https://news.yahoo.co.jp/articles/79860029825134a117f9d86576d254b7e9620bcc,2/28(水) 8:30
giz,ギズモード・ジャパン,1本の脚が進化した犬型ロボット、器用になる,https://news.yahoo.co.jp/articles/b872798ad235de6264a2ea427513844fff300368,2/28(水) 6:00
giz,ギズモード・ジャパン,今一番改造するのが楽しい車、それがサイバートラック,https://news.yahoo.co.jp/articles/12ba9b326e7c1a5724dca847113540ee49ecfbee,2/28(水) 6:00
giz,ギズモード・ジャパン,サムスン太っ腹。次期アプデではGalaxy S23でも最新機能が使えるよ,https://news.yahoo.co.jp/articles/6c727470fb8aa8a799cb5de982edbb1f5d14b237,2/28(水) 6:00
giz,ギズモード・ジャパン,PDFがさらに便利になる。AcrobatにAIアシスト機能が追加,https://news.yahoo.co.jp/articles/e793ce11ff756beec2335aa0b28170b3558a4c3f,2/28(水) 6:00
giz,ギズモード・ジャパン,Lexarの外付けSSD、アルミボディのソリッド感がたまらんねぇ,https://news.yahoo.co.jp/articles/164e329dbe88d16333f21033348d104f756e0135,2/28(水) 6:00
giz,ギズモード・ジャパン,コカ・コーラの自販機が貯金箱に…電子マネーチャージ機能を搭載,https://news.yahoo.co.jp/articles/925f853fa7edff79142fd9299fd05adb0e3dcc27,2/28(水) 6:00
giz,ギズモード・ジャパン,125年前の人たちが考えた西暦2000年、結構当たってる,https://news.yahoo.co.jp/articles/d9d73569db272f8d84dedca65da19a685b837659,2/28(水) 6:00
giz,ギズモード・ジャパン,脅威ではないけど…アメリカ上空に“謎の気球”が飛行中,https://news.yahoo.co.jp/articles/56b29c96c0763160a33e6ae4b2b8340c25b33eb5,2/28(水) 6:00
giz,ギズモード・ジャパン,1枚で温かく動きやすい、パタゴニアのパンツ。普段着＆アウトドアで大活躍,https://news.yahoo.co.jp/articles/0d4ad8f14534d24bcc646074b628b52b1a042b11,2/27(火) 20:30
giz,ギズモード・ジャパン,ユニクロのワイドパンツはコートを脱いでも映える、ハンサムなシルエット,https://news.yahoo.co.jp/articles/c20ee1bc962280650421974e15fd5f7781b9ded6,2/27(火) 19:00
giz,ギズモード・ジャパン,Google Pixel 9のウワサまとめ。大画面になってカメラも変わる？,https://news.yahoo.co.jp/articles/ad29212f23098786b0b3b9645154c470875a73b3,2/27(火) 19:00
giz,ギズモード・ジャパン,この着心地、侮れない。アウトドアシューズのブランドが作ったウエア,https://news.yahoo.co.jp/articles/af437b138d6cd2cb398cab9d715fbf13780c4348,2/27(火) 10:30
giz,ギズモード・ジャパン,Googleの折りたたみスマホ。新型はさらに大画面で薄型に,https://news.yahoo.co.jp/articles/944ed702f2f95135623306b823f9552a73623de7,2/27(火) 7:30
giz,ギズモード・ジャパン,その姿は生き残りのため。環境に適応してきたユニークな生物進化15選,https://news.yahoo.co.jp/articles/701f9ee38ee8cddbdd640e78d9112bc7d0848154,2/26(月) 21:30
giz,ギズモード・ジャパン,サイバートラックは水中でも走る？ 故障覚悟で試した猛者現る,https://news.yahoo.co.jp/articles/866eab38e3de044c9065c1485ee0391f24e08201,2/26(月) 20:30
giz,ギズモード・ジャパン,新生活に向けて、今買える。ベスト・ヘッドホン＆イヤホン,https://news.yahoo.co.jp/articles/530abc9f112f70468a1b43b53b0505c77349848a,2/26(月) 19:30
giz,ギズモード・ジャパン,車内で上着をかけるなら、ダルトンのカラフルなハンガーが便利,https://news.yahoo.co.jp/articles/f7672bc2cb946736eeffe3184e92ef5dbb2e5ee2,2/26(月) 19:00
giz,ギズモード・ジャパン,Googleのログインページが新しくなりました,https://news.yahoo.co.jp/articles/58f9d64d8c463d50078bd8ec9f667be9ed8fdb22,2/26(月) 19:00
giz,ギズモード・ジャパン,このニトリのポリ袋、どんな置き方しても片手でスッと取り出せる,https://news.yahoo.co.jp/articles/e20345bdea58d0473d965925881c81460a229f9d,2/26(月) 19:00
giz,ギズモード・ジャパン,「中」が美しすぎるPCを見つけた #CPプラス2024,https://news.yahoo.co.jp/articles/950c90388da80b9ac6c3c99a319530023899562c,2/26(月) 19:00
giz,ギズモード・ジャパン,月額980円のサブスクで、ルンバがおうちにやってくる,https://news.yahoo.co.jp/articles/f18916ba8de3a30cae58cc6142f63f4f47fc1580,2/26(月) 19:00
giz,ギズモード・ジャパン,その高さ30m。世界一高い3D印刷塔がスイス山奥に建つ,https://news.yahoo.co.jp/articles/5f0ed0e01ffe9526f9f887cfc72a8c6c4b8b85b3,2/26(月) 19:00
giz,ギズモード・ジャパン,激安イヤホン付きスマートウォッチが想像以上にゴツい,https://news.yahoo.co.jp/articles/4057b963b5bfb9ebb3746dd10bb18453381f7c82,2/26(月) 19:00
giz,ギズモード・ジャパン,カメラが水没しても写真データは無事そうなSDカード #CPプラス2024,https://news.yahoo.co.jp/articles/daabb5e098ccdb24fb857e9324029b1b55ebb5a1,2/26(月) 19:00
giz,ギズモード・ジャパン,写真の美肌レタッチが秒で終わるアプリが登場  #CPプラス2024,https://news.yahoo.co.jp/articles/a066ce61da84bca0f4eeee377e368be40d87caef,2/26(月) 19:00
giz,ギズモード・ジャパン,ジョイスティック＋ボタンで演奏。カンタンそうで難しい新発想の楽器,https://news.yahoo.co.jp/articles/de3fd49d333e5cfde996e85c2c11aa695bf0f614,2/26(月) 13:00
giz,ギズモード・ジャパン,ダイソーの人感センサーライトがワンコインとは思えないデキでした,https://news.yahoo.co.jp/articles/6f464c46174762e7c8ff8cf0a021cf44b9e3ad92,2/25(日) 19:30
giz,ギズモード・ジャパン,ようやく開いたNASAのカプセル。想定の2倍のサンプル採取に成功,https://news.yahoo.co.jp/articles/5870dde99812bf289cbae948eee76e70463a0b05,2/25(日) 19:00
giz,ギズモード・ジャパン,コンピューターの歴史も想起させる。カシオ初の腕時計が復刻,https://news.yahoo.co.jp/articles/6f9163c058eb1ed451fe5fa841ca94e6192c4862,2/25(日) 10:30
giz,ギズモード・ジャパン,動画だけじゃない。効果音も作れるAIが近日登場,https://news.yahoo.co.jp/articles/0bcfa5027836f6ac1916b5fce21112335ad78214,2/25(日) 8:30
giz,ギズモード・ジャパン,撮れているか撮れていないかわからないのが楽しい。小さくてかわいくてレトロなデジカメ #CPプラス2024,https://news.yahoo.co.jp/articles/68651c3942e7248a09ee703ce65cee47a1b98217,2/25(日) 6:00
giz,ギズモード・ジャパン,富士フイルムの新作「X100VI」はとってもワクワクするコンデジでした #CPプラス2024,https://news.yahoo.co.jp/articles/ec7abe56f705902905d0096f10891fb6f718e16e,2/25(日) 6:00
giz,ギズモード・ジャパン,『ぷよぷよ』みたいに対戦できる 。人気の『スイカゲーム』に2Pモードが,https://news.yahoo.co.jp/articles/34feecb0378579c470a329a270ebdbfbffa13c59,2/24(土) 12:30
giz,ギズモード・ジャパン,かけるだけで夜空の星がクッキリ！ありそうでなかった星空観測用メガネ #CPプラス2024,https://news.yahoo.co.jp/articles/077f25cd676c7d18a94c13ee39df5f4c0224ad31,2/24(土) 6:00
giz,ギズモード・ジャパン,全身を使ったフルーツ落とし。700万ダウンロードの『スイカゲーム』にエクササイズ版,https://news.yahoo.co.jp/articles/7de0fe920420d5ad2bb4ea406858fde220a56773,2/23(金) 21:30
giz,ギズモード・ジャパン,皆既日食を最前列で見る。即完売したスペシャルフライト,https://news.yahoo.co.jp/articles/e3c04f547962c0adc26c4c79923c2f2ada514936,2/23(金) 20:30
giz,ギズモード・ジャパン,新世代のプレゼント。AirPodsみたいなキーホルダーで写真を共有  #CPプラス2024,https://news.yahoo.co.jp/articles/71dd5c37c59931f20d21b005a1ce903511eb6f1d,2/23(金) 12:30
giz,ギズモード・ジャパン,スニーカーシーンにも旋風を巻き起こした、あのモンスターの新作が登場,https://news.yahoo.co.jp/articles/c275143bd0ee04f297027c147b4e2129a83ee9da,2/23(金) 6:00
giz,ギズモード・ジャパン,CP+のキヤノンブースが「写真派だけど動画にも手を出したい」勢に親切すぎる  #CPプラス2024,https://news.yahoo.co.jp/articles/40436fba767916c54c8202eafacb96f47ee1570f,2/22(木) 19:30
giz,ギズモード・ジャパン,AI動画を見て震えが止まらない。OpenAIがTikTokアカウントを開設,https://news.yahoo.co.jp/articles/1c5cd3b8d0e868f96ab4f1133ee4b99e650f125c,2/22(木) 19:00
giz,ギズモード・ジャパン,袋のまま吊るして簡単に取り出せるキッチンペーパー,https://news.yahoo.co.jp/articles/632bc926e25fb4dd283979eafa78f3b8fb876ddc,2/22(木) 10:30
giz,ギズモード・ジャパン,PCも資料もサクッと収納。持ち運べるワークステーション,https://news.yahoo.co.jp/articles/2c556b24e4fb2757fa43dccea7de853922f3ece2,2/22(木) 7:30
giz,ギズモード・ジャパン,日本初の快挙。ティラノサウルスの下あご化石が熊本で発掘,https://news.yahoo.co.jp/articles/5b3bed1d96b5343e478e57862c600833f958bc9e,2/21(水) 21:30
giz,ギズモード・ジャパン,手ぶれ補正を獲得した「X100VI」は、スナップキングに近づいた,https://news.yahoo.co.jp/articles/5ab7c6d1f28a7d025c23e71e054cf5ebb65df85f,2/21(水) 20:30
giz,ギズモード・ジャパン,水を使わずにインディゴ染め。これぞ時代が求めるデニム,https://news.yahoo.co.jp/articles/094e3ada0bf8873f51e7bbcce873b3006b2bb618,2/21(水) 19:00
giz,ギズモード・ジャパン,マップ、悪質な偽レビュー多くない？ Googleさんが本気で対処してた…,https://news.yahoo.co.jp/articles/b35ede68c4577f8621e21b140ef9b6564079049e,2/21(水) 19:00
giz,ギズモード・ジャパン,伝言ゲームで生まれた“ハイブランド風バッグ”が投げかけるもの,https://news.yahoo.co.jp/articles/51e52f3d38e5e0e5841631a0c238aff88f5efbe7,2/21(水) 19:00
giz,ギズモード・ジャパン,小さなキーホルダーに音楽を込めて、大切なあの人に贈ろう,https://news.yahoo.co.jp/articles/1e19e34b7d25787e8c8eeddca4ceef731c3f2175,2/21(水) 19:00
giz,ギズモード・ジャパン,iPhone 16では「スマホに話しかける生活」が当たり前になるかも,https://news.yahoo.co.jp/articles/e04a7bfdf875c5c52f34456e456d71a2883b683f,2/21(水) 13:00
giz,ギズモード・ジャパン,インドの格安スマホを買ったら辛かった話,https://news.yahoo.co.jp/articles/52470ee1be3884f45908641c6a94a72a9712c7ee,2/21(水) 12:30
giz,ギズモード・ジャパン,握りやすく書きやすいタッチペン。子供向けだから慣れてない大人にも,https://news.yahoo.co.jp/articles/469d25bf557855d41a3cbc8670065c5aac36c890,2/21(水) 10:30
giz,ギズモード・ジャパン,モチーフはMOMA収蔵の電卓。30年以上も人気のデジタルウォッチ,https://news.yahoo.co.jp/articles/ffa6006b498443c0e8553853d3c3e35ca8145467,2/21(水) 8:30
giz,ギズモード・ジャパン,デスクマットがハブ付きなら便利だしハデに光ってサイバー！,https://news.yahoo.co.jp/articles/7d1574628890160acc2df3d4dff249b4b0ab4171,2/21(水) 7:30
giz,ギズモード・ジャパン,パッド押すだけ。AIで作曲できる新しいデジアナ楽器「SPIN」,https://news.yahoo.co.jp/articles/e7214190f28459f8c3d31b44309785620f6edd78,2/21(水) 6:00
giz,ギズモード・ジャパン,手の出しづらかったヴィンテージ家具、小さくすればよかったんだ,https://news.yahoo.co.jp/articles/6c0c0022780807b31545054f468063aa88e47bb4,2/21(水) 6:00
giz,ギズモード・ジャパン,ギズモード・ジャパンにも、Apple Vision Proがやってきた,https://news.yahoo.co.jp/articles/8009802bcb3d53ea877c13221500263b35fb6728,2/20(火) 19:00
giz,ギズモード・ジャパン,「ゴリラのひとつかみ」。これ、マッサージ機の名前です,https://news.yahoo.co.jp/articles/afbe2016cef8ed11725089051a88660f82541127,2/20(火) 19:00
giz,ギズモード・ジャパン,粒ガムが簡単に取り出せる“魔法の壺”。運転のお供にどうぞ,https://news.yahoo.co.jp/articles/137f5407a94cf159df0f1aed2212cea932527775,2/20(火) 19:00
giz,ギズモード・ジャパン,雨にも安心で、濡れたモノも運べる。超はっ水素材に進化した風呂敷,https://news.yahoo.co.jp/articles/2dbece913b860e955b01a8b0c4be8a8128de3813,2/20(火) 10:30
giz,ギズモード・ジャパン,大きいスマホがとにかく欲しい！ 目的別オススメ端末,https://news.yahoo.co.jp/articles/ec092946b88489a5d7954dc2b0a381218468a1f0,2/20(火) 8:30
giz,ギズモード・ジャパン,ウィルソンの空気入れ不要の3Dプリントバスケットボール、35万円,https://news.yahoo.co.jp/articles/b16904b1b68e4f7546f3fd9357815d2254adfc62,2/20(火) 7:30
giz,ギズモード・ジャパン,ISSでデモ遠隔手術に成功。人間の皮膚の代わりに「コレ」を使った,https://news.yahoo.co.jp/articles/93c7c62fa722da25e611038424cba4f612eb177a,2/20(火) 6:00
giz,ギズモード・ジャパン,発売されたばかりのサイバートラック、「オレンジ色のシミができた」と次々に報告が,https://news.yahoo.co.jp/articles/76c05233f85a6b0b87383785ddc8c872c328afd1,2/20(火) 6:00
giz,ギズモード・ジャパン,折りたたみスマホを3万9800円で売るとか、ワイモバイルは正気なの？,https://news.yahoo.co.jp/articles/05924ffc8387c362d8ddc9d8bc03d481192a4a4a,2/19(月) 21:30
giz,ギズモード・ジャパン,映画『ファイト・クラブ』で着用された90年代の意欲作をオークリーが復刻,https://news.yahoo.co.jp/articles/ffd3cad9f9ec5ddf69cee6f13ef623aeaab06c8e,2/19(月) 20:00
giz,ギズモード・ジャパン,大自然のフシギ。カエルにキノコが生えちゃった,https://news.yahoo.co.jp/articles/a753903e6ed39ccecfd8ffb773fc25cd6282ddc9,2/19(月) 19:30
giz,ギズモード・ジャパン,遠くまで行きたくなるシューズ。天井知らずの履き心地の良さ,https://news.yahoo.co.jp/articles/cb1658b4f3929d4a7f6b02797670caac0c710009,2/19(月) 19:00
giz,ギズモード・ジャパン,オーテクのマイクを使ってる人へ。USBミキサーはこれ一択です,https://news.yahoo.co.jp/articles/2d36a2523c1f5e67e29f747ee887f9f4e61c140c,2/19(月) 19:00
giz,ギズモード・ジャパン,アンダー2万円。衝動買いできる「光るゲーミングチェア」,https://news.yahoo.co.jp/articles/5199b04fa1059dc9fba7b6092262bd9a1a3589a9,2/19(月) 19:00
giz,ギズモード・ジャパン,必要な機能だけを装備したバックパック。通勤にちょうど良さそうだ,https://news.yahoo.co.jp/articles/446c7d1ae52fb78051e503b13cf43063548ec61a,2/19(月) 19:00
giz,ギズモード・ジャパン,ケースがコンパクト。ありがとう。「JBL」のひとり用ワイヤレスマイク,https://news.yahoo.co.jp/articles/acfb6e8e085cf4191a9f45076ad5676b6742ac1b,2/19(月) 19:00
giz,ギズモード・ジャパン,モダンでミニマル、それでいて多機能。CDを堪能できるプレーヤー,https://news.yahoo.co.jp/articles/6686354d85eed5cafce1ec4119de76b42d0f3159,2/19(月) 19:00
giz,ギズモード・ジャパン,初代iPodそっくりの音楽プレーヤーで、Y2Kにワープ,https://news.yahoo.co.jp/articles/e391261c06db7a0f99f5d4b776ab5884c2b4f126,2/19(月) 10:30
giz,ギズモード・ジャパン,50年前のデザインに最新機能をつめこんだカシオの腕時計が即完売,https://news.yahoo.co.jp/articles/4a3afe332888127e742bb6ca57733fbbed9e045d,2/19(月) 8:30
giz,ギズモード・ジャパン,ヒトへの「臓器移植用」ブタが国内で誕生。ブタに救われる日が来るかも,https://news.yahoo.co.jp/articles/bd140ac467dc3dae19966cba174614219d17669a,2/19(月) 7:30
giz,ギズモード・ジャパン,火星の衛星「フォボス」と「ダイモス」による太陽食のようす,https://news.yahoo.co.jp/articles/da58cc6976093a191a60dff0b32e367b3682180b,2/19(月) 6:00
giz,ギズモード・ジャパン,ディズニーのテーマパークがいつまでも「夢の国」な理由,https://news.yahoo.co.jp/articles/3e8deaf28a6be397526e44c06488fb980a530c7e,2/18(日) 20:30
giz,ギズモード・ジャパン,わずか2gで「飛行機のエンジン」並みの音が出る防災ホイッスル,https://news.yahoo.co.jp/articles/b9887bed08c33220f7b7da4b15309edb66b2a71a,2/18(日) 19:30
giz,ギズモード・ジャパン,Apple Vision Proを買わずに試す方法,https://news.yahoo.co.jp/articles/f420c24a3349780f81771083f2456f63b8be10f0,2/18(日) 19:00
giz,ギズモード・ジャパン,もし初代スウォッチが四角だったら…がテーマのスウォッチコレクション、春の新色,https://news.yahoo.co.jp/articles/266286cdab455deedf26080929384e9c1944efdb,2/18(日) 12:30
giz,ギズモード・ジャパン,AIとの会話は保存されている。プライバシーは大丈夫なの？,https://news.yahoo.co.jp/articles/92e93bdfa4b4c2cc98fb8bfb9a6add2c8e68c606,2/18(日) 11:30
giz,ギズモード・ジャパン,エンジニアに人気のおもちゃ「フリッパーゼロ」でできる10の遊び,https://news.yahoo.co.jp/articles/f1bcd3e596eec074f14fff54304bd7ab0b01c4a8,2/18(日) 10:30
giz,ギズモード・ジャパン,リッチな次世代「Chromebook Plus」登場。まさかのAI対応です,https://news.yahoo.co.jp/articles/b6e0f0de3f703bcdce4b97c5956ac1bb94ef33bf,2/18(日) 9:30
giz,ギズモード・ジャパン,領海外でも「Starlink」でネットできる時代へ。船旅最高じゃん？,https://news.yahoo.co.jp/articles/d3d995643eefc43de62e34fab981a0020cdb5cb5,2/18(日) 8:30
giz,ギズモード・ジャパン,どうしてエルモはいつまでも3歳半なの？『セサミストリート』最大の謎に挑んでみた,https://news.yahoo.co.jp/articles/b13a51f9d55f17ba4d32adcf49aa11e6698285b1,2/17(土) 21:30
giz,ギズモード・ジャパン,AmazonもGoogleも抜いた。NVIDIA、時価総額で全米3位の企業に,https://news.yahoo.co.jp/articles/e6e68ca1d7ce8376e75d5aeac3f2e6d6974f6e94,2/17(土) 12:30
giz,ギズモード・ジャパン,一着でデザインが七変化。液晶画面を取り入れたファッション,https://news.yahoo.co.jp/articles/63d0df11c2547f87dbc6319b29a85056a138e012,2/17(土) 11:30
giz,ギズモード・ジャパン,見えないところに目が届く。月面探査ロボが家で活躍の予感,https://news.yahoo.co.jp/articles/044d87531a2281b754e5dad746387426361353cc,2/17(土) 8:30
giz,ギズモード・ジャパン,「時間結晶」ってなに？ 未来のコンピューターに応用できるかも,https://news.yahoo.co.jp/articles/d8f7b3201f16b2cf25f439f33fd990ab90e4d283,2/17(土) 6:00
giz,ギズモード・ジャパン,3000年前のお宝、実は隕石から作られていた,https://news.yahoo.co.jp/articles/737793bf78276e865379eb6b6df1add110d8b7f6,2/16(金) 21:30
giz,ギズモード・ジャパン,無人タクシーが爆竹で全焼。自動運転に対するネガティブな感情,https://news.yahoo.co.jp/articles/cb90b91bf6bbfdb4d7349251bc00d3aaff4a3d7e,2/16(金) 20:00
giz,ギズモード・ジャパン,文章から動画をつくるAIで、世の中がすんごいことになりそう（この映像ぜんぶAI）,https://news.yahoo.co.jp/articles/5e2ff380c777687bdf9e59eb8367928b2930ae3f,2/16(金) 19:00
giz,ギズモード・ジャパン,青森りんごの搾りかすが、風合いのいい樹脂シートに変身,https://news.yahoo.co.jp/articles/f1460ac51090c78d5fd0a6cc7e1f6402258026f6,2/16(金) 19:00
giz,ギズモード・ジャパン,ディープフェイクを100％見抜く技術はしばらく出てこない,https://news.yahoo.co.jp/articles/c15ab8f9be2e5bf00d849ce3db2598d99dd1d96d,2/16(金) 19:00
giz,ギズモード・ジャパン,キミはこのアダプタを使って剥き出しSSDを外付け化する勇気はあるか？,https://news.yahoo.co.jp/articles/17e3a9b85b8510bb47c5c1e325007ac180919360,2/16(金) 19:00
giz,ギズモード・ジャパン,「俺だけ」とマッチするデートアプリが作られた理由,https://news.yahoo.co.jp/articles/c250eb9ca6c1217fdd43a2118a561f3b55585999,2/16(金) 19:00
giz,ギズモード・ジャパン,病院に行くとき身軽になる。保険証データはスマホに保存可能に,https://news.yahoo.co.jp/articles/08787149f97ab03d1862d8866c4744a4a5d52dc2,2/16(金) 10:30
giz,ギズモード・ジャパン,これ意外と便利かも。力いらず＆片手で簡単に抜ける電源タップ,https://news.yahoo.co.jp/articles/5f31d0fe8fdc4cb74b04b5dd6d9db6296ab7ad6f,2/16(金) 8:30
giz,ギズモード・ジャパン,テスラ「サイバートラック」が日本公開。写真たくさん撮ってきました,https://news.yahoo.co.jp/articles/b5c5951137da9189ee6a75a90f5eb7f86138fbbe,2/16(金) 7:30
giz,ギズモード・ジャパン,隠しメッセージや幸運のコインも。火星探査車のことをもっと知ろう,https://news.yahoo.co.jp/articles/afd3328755913679807d9f6af7b238503504f449,2/16(金) 6:00
giz,ギズモード・ジャパン,土星の衛星には氷の下に海があるかも,https://news.yahoo.co.jp/articles/ec306c8ba2cf5a258a64242a268c6bab97a5098f,2/16(金) 6:00
giz,ギズモード・ジャパン,"50GBも使えて3,900円はスゴイのでは!? IIJmioの新プラン",https://news.yahoo.co.jp/articles/799f1c5593aab3f80754d5a460ebe3b96768b639,2/15(木) 21:30
giz,ギズモード・ジャパン,AI搭載ヘッドホンでイケボになれたらいいのにな,https://news.yahoo.co.jp/articles/5e959210307cbe0d760cc029a6ea714a9dbcd9cf,2/15(木) 20:30
giz,ギズモード・ジャパン,AI生成画像の電子透かしは簡単に削除できる,https://news.yahoo.co.jp/articles/f7c509f3f15d17c0060e48ec724323da68112e18,2/15(木) 19:30
giz,ギズモード・ジャパン,進化するARメガネ。生成AIを搭載で見た目も掛けやすそう,https://news.yahoo.co.jp/articles/a6514b4af71b49203cea4993bcaa7a6cbed6e5cd,2/15(木) 19:00
giz,ギズモード・ジャパン,外出先でのオンライン。気になるあれこれがマスクひとつで解決,https://news.yahoo.co.jp/articles/55700e4bd8e89da9b17930214eafe465db797edc,2/15(木) 19:00
giz,ギズモード・ジャパン,記録更新。日本でいちばん売れたゲーム機は？,https://news.yahoo.co.jp/articles/9e77a34703f40e800069d53080ff95400be489d1,2/15(木) 19:00
giz,ギズモード・ジャパン,自分の部屋が“リアルIKEA”に。バーチャルで模様替えできるアプリ,https://news.yahoo.co.jp/articles/9534943ed43ee08c03dae4a8bdf9109a8a55a0b9,2/15(木) 13:00
giz,ギズモード・ジャパン,iPhoneの充電をもたせる設定4つ,https://news.yahoo.co.jp/articles/cf50435ba240f88241422ecef3a053772ddde137,2/15(木) 12:30
giz,ギズモード・ジャパン,映え系カセットプレーヤーにスケルトンボディが仲間入り,https://news.yahoo.co.jp/articles/f2f371810bf75a537206c821a040c81255c66d74,2/15(木) 10:30
giz,ギズモード・ジャパン,傾かない＆揺れない。弁当派も安心なバックパック,https://news.yahoo.co.jp/articles/b3760460ec17e239ab6d1f2655ba56d808b84a10,2/15(木) 7:30
giz,ギズモード・ジャパン,TikTok、終わりの始まり。ショップ機能や長編動画は失敗なのか,https://news.yahoo.co.jp/articles/81d343eb7466bd82641c04edc068f0f051a66601,2/15(木) 6:00
giz,ギズモード・ジャパン,寝転がってスマホを見るのに最適なメガネ,https://news.yahoo.co.jp/articles/c573765ac60512440dd615b493490e4c46ab0e3a,2/14(水) 20:30
giz,ギズモード・ジャパン,仕事も旅行もシームレスに使えるバッグ。服装に合わせやすい新色が登場,https://news.yahoo.co.jp/articles/e1debdc620bb08f377422f3bf5bd4fd6fb5b8f71,2/14(水) 20:00
giz,ギズモード・ジャパン,戦時下にパイロットの命も救った耐水素材を採用。英国空軍ルーツのバッグ,https://news.yahoo.co.jp/articles/a77048f25cbf8f931d45641ac2c0e885c92dfce5,2/14(水) 19:30
giz,ギズモード・ジャパン,机の端まで照らすライト。215度回転する照明部で広がるレイアウト,https://news.yahoo.co.jp/articles/c37dcc3868f2fb77530f1fd2c5e3f21717278f7d,2/14(水) 19:00
giz,ギズモード・ジャパン,1台で2役。この3輪トラック、バイクにもなります,https://news.yahoo.co.jp/articles/c5ad5ee8a5022db9110867f5a00c568934d6ae55,2/14(水) 11:30
giz,ギズモード・ジャパン,ロマンも実用性も満載。月面探査の着陸船と同じ素材を用いた腕時計,https://news.yahoo.co.jp/articles/12445e4bcc46153864832134e244d668038b30a1,2/14(水) 10:30
giz,ギズモード・ジャパン,ホーロー食器に、ペンドルトンのネイティブアメリカン柄をON,https://news.yahoo.co.jp/articles/664c666274767af5a2fe41881d12435f7c423a30,2/14(水) 7:30
giz,ギズモード・ジャパン,ほんとに問題なし？ ヴァージン・ギャラクティックの宇宙船から部品が落下,https://news.yahoo.co.jp/articles/023ec728e0c8c0a1a8982ad0f4200705e0ce9b47,2/14(水) 6:00
giz,ギズモード・ジャパン,異常気象に注意。地球がスーパーエルニーニョに突入,https://news.yahoo.co.jp/articles/0f07ff35e87dde39fd5cff282f6b235b66e9c2dc,2/14(水) 6:00
giz,ギズモード・ジャパン,スマホを盗まれた！→Googleマップで追跡→犯人確保,https://news.yahoo.co.jp/articles/63ffb1c3c65d5b1d7b45b021e6c1b46853737c44,2/13(火) 20:30
giz,ギズモード・ジャパン,ChatGPTのサム・アルトマンは1000兆円がほしい,https://news.yahoo.co.jp/articles/8fe56954d601a714996e985f363b359e50d586f2,2/13(火) 20:00
giz,ギズモード・ジャパン,ギネス記録を更新した手のひらサイズの人型ロボ,https://news.yahoo.co.jp/articles/8d28fc83f11a35db5764b51cfbe6683afceab99b,2/13(火) 19:30
giz,ギズモード・ジャパン,PCのエイサーがまさかの新作。このeスクーターで爆走してきなよ,https://news.yahoo.co.jp/articles/285e12b9573beaac54453bec7b5a94f0a6d3dc16,2/13(火) 19:00
giz,ギズモード・ジャパン,Snapchatのドローンカメラ、発火の可能性でリコールへ,https://news.yahoo.co.jp/articles/658eaebd5c2b14be38d4a0c2aa6eaec2f2bf0b83,2/13(火) 19:00
giz,ギズモード・ジャパン,斜めに差し込める電源タップで日々のストレスにサヨナラしよう,https://news.yahoo.co.jp/articles/bc4c158f97ad25308a36e4aecb802d9ae92b943a,2/13(火) 12:30
giz,ギズモード・ジャパン,iOSのデザインが大幅に変更されそう,https://news.yahoo.co.jp/articles/bfc707b460fdb3dbd524ab0f552dec8ec24d5079,2/13(火) 10:30
giz,ギズモード・ジャパン,ARは「小さくて軽いメガネ」で楽しむのが当たり前になるかもね,https://news.yahoo.co.jp/articles/51a81708d735d590ad29c8f7555c9cdbe914cb6d,2/13(火) 8:30
giz,ギズモード・ジャパン,「アレどこだ？」が減る。ノートPCを収納スペースにするオーガナイザー,https://news.yahoo.co.jp/articles/ef0eb16428739e12ceae66111e258ef64f566bed,2/13(火) 7:30
giz,ギズモード・ジャパン,大爆発した宇宙船に歓声が上がった理由とは？,https://news.yahoo.co.jp/articles/ea6d09bb53aa4abaf22aa0e727533d4fd045ebcd,2/13(火) 6:00
giz,ギズモード・ジャパン,連絡5000人、デート100回。ChatGPTでマッチングアプリを最適化した男が見つけた運命の人,https://news.yahoo.co.jp/articles/4f85cbdbca816dfb7ac87e36f11e8d5737e7da96,2/12(月) 21:30
giz,ギズモード・ジャパン,「危ないモバイルバッテリー」の見分け方,https://news.yahoo.co.jp/articles/0af7984882c0391e3166d79121f1f34c2cf69f36,2/12(月) 19:30
giz,ギズモード・ジャパン,こんなに小さなCD。スマホにかざせばちゃんと聴ける,https://news.yahoo.co.jp/articles/81760176bb20e47eb55091a9957ea51e9b90ffcc,2/12(月) 19:00
giz,ギズモード・ジャパン,ハンドルとポケットつきパソコン、家で使うのに便利すぎた,https://news.yahoo.co.jp/articles/3390656086a5c4e97357aeb056a444cadba03902,2/12(月) 11:30
giz,ギズモード・ジャパン,まるでアート。ブライアン・イーノ制作の妖しく光るレコードプレーヤー,https://news.yahoo.co.jp/articles/b079bb80ce07b7e125f91b2acedbb83e59ee5eec,2/12(月) 10:30
giz,ギズモード・ジャパン,Apple Vision Proつけて大炎上したパイロットの苦しい言いわけ,https://news.yahoo.co.jp/articles/3986fac8ca8f8448139b0f86a2fe718e05099fa8,2/12(月) 8:30
giz,ギズモード・ジャパン,惑星の“輪っか”は何モノかに支えられているらしい。その正体とは？,https://news.yahoo.co.jp/articles/99adde6f527471efc0befd7e9f4f68ccf4d55b54,2/12(月) 6:00
giz,ギズモード・ジャパン,宇宙惑星探査ミッションは探査車から探査ヘリの時代へ,https://news.yahoo.co.jp/articles/4a925a750378d1a67b5df6035401daab74a49d18,2/11(日) 21:30
giz,ギズモード・ジャパン,いろんな支柱にトレイを後付け。スマホもおやつも載せ放題だぜ,https://news.yahoo.co.jp/articles/fd1ed3959fbb15e8cdda90c3fee09e7ab7a79e94,2/11(日) 20:30
giz,ギズモード・ジャパン,テスラが産廃の不法投棄でカリフォルニア25郡に訴えられる,https://news.yahoo.co.jp/articles/e34678893b9e11785392a289e77f261e3f2fed8a,2/11(日) 19:30
giz,ギズモード・ジャパン,昔はイケイケだった、あの会社。30周年の今は,https://news.yahoo.co.jp/articles/6828086b311b9ec60116617a5f53f1a545414877,2/11(日) 19:00
giz,ギズモード・ジャパン,掃除機に水拭き機能が当たり前の時代がきそう,https://news.yahoo.co.jp/articles/878c7fa282a8f0f1e95b74e7507d13c73d538b67,2/11(日) 12:30
giz,ギズモード・ジャパン,約2か月に1回ポイするだけ。スティック掃除機で“紙パック”が再燃する理由,https://news.yahoo.co.jp/articles/2c4fc8e43e6609ccd36445cbc885c5402a81681d,2/11(日) 11:30
giz,ギズモード・ジャパン,ファミマがロボット掃除機を300店舗に導入→人が使われる時代に？,https://news.yahoo.co.jp/articles/d62a182a6b781eaf5a6ccdaa8bcdf25ee4f201cd,2/11(日) 8:30
giz,ギズモード・ジャパン,40年以上進化がなかったISS用の宇宙服が新しくなるかも,https://news.yahoo.co.jp/articles/163767d675bbb4f869d06ec73880ee203b183d1a,2/10(土) 20:30
giz,ギズモード・ジャパン,ニコンにとっては初のミラーレスin宇宙。Z9、NASAに納入される,https://news.yahoo.co.jp/articles/b7a7c467d22992281d18f783cdc426582e9a2b10,2/10(土) 19:30
giz,ギズモード・ジャパン,CDやカセットテープをもう一度。最新技術で楽しめるスピーカー3選,https://news.yahoo.co.jp/articles/2b69e799fe17d4205cbaaf088c31314e79d001ae,2/10(土) 19:00
giz,ギズモード・ジャパン,デスク上がきれいに。15個も機能拡張できるドッキングステーション,https://news.yahoo.co.jp/articles/ef50187babca82544ce9ec800b2b358e896c7173,2/10(土) 12:30
giz,ギズモード・ジャパン,うぉぉぉい？ iPhone 16 Plusバッテリー容量減る説出てきたよ…,https://news.yahoo.co.jp/articles/b50dea95a8fffc52568fbfdd042c12aab6a4453e,2/10(土) 11:30
giz,ギズモード・ジャパン,見た目がグッとスマートに。 iPhone 16に「縦型カメラ」説浮上,https://news.yahoo.co.jp/articles/c78b8d6d5fc10153d4d38d566063195ead32e5fd,2/10(土) 8:30
giz,ギズモード・ジャパン,火星探査車パーサヴィアランス、眠りについた相棒ヘリの姿を撮影,https://news.yahoo.co.jp/articles/a5a2ae77154cc46a94c092aa7182e43d9be67519,2/9(金) 21:30
giz,ギズモード・ジャパン,レトルトカレー専用の「パックごはん」。とある工夫で絶妙にマッチング,https://news.yahoo.co.jp/articles/4b820ceaf6ab3fd800cdbb87695057467a953067,2/9(金) 19:30
giz,ギズモード・ジャパン,コレのおかげで安心して眠れる。ぜったい起きれる目覚まし時計,https://news.yahoo.co.jp/articles/646d0c8492aee7442b7b72e0919ab8a490af018f,2/9(金) 19:00
giz,ギズモード・ジャパン,ラスベガスの巨大球体コンサートホール「Sphere」の頂上までよじ登った男が現わる,https://news.yahoo.co.jp/articles/c71aad72b141fbdadd2fdfd4bab1d2eccd5c16eb,2/9(金) 19:00
giz,ギズモード・ジャパン,手軽に＆ちゃんとケアできる、パナソニックの衣類スチーマー最新モデル,https://news.yahoo.co.jp/articles/bdad9ab0b1eeeff6275b7e53ea13d9a87f7a171d,2/9(金) 19:00
giz,ギズモード・ジャパン,バレンタインにガジェットを。ファーウェイがLOVEキャンペーン開催中,https://news.yahoo.co.jp/articles/1c97cb3e5c169672ae696506fcedb64d7411559a,2/9(金) 19:00
giz,ギズモード・ジャパン,自家用ジェット、追跡しないで。テイラーが大学生に警告,https://news.yahoo.co.jp/articles/633372cdc3db2ea92ffa808f1fae655613e93f5f,2/9(金) 19:00
giz,ギズモード・ジャパン,無料で10GBってホント!? 「楽天ドライブ」をはじめてみた,https://news.yahoo.co.jp/articles/c1b0a4f92b80d70ed912aa13111323a39c083ae3,2/9(金) 12:30
giz,ギズモード・ジャパン,ちょっと熱っぽいかも…。Pixel 8 Proが体温計になりました,https://news.yahoo.co.jp/articles/397b1bd71b2df38165bbe03ee3e7e78cc24e97bc,2/9(金) 11:30
giz,ギズモード・ジャパン,現代アートっておもしろい。プチプチに絵の具を注入して描いた絵,https://news.yahoo.co.jp/articles/495643a9b81115870aea42f560447145a9c07b37,2/9(金) 10:30
giz,ギズモード・ジャパン,運転中に子供がグズっても焦らない。モフモフのロボットがあやします,https://news.yahoo.co.jp/articles/6575edc78793fb305ad7f4e94f2a099218a3bdd4,2/9(金) 7:30
giz,ギズモード・ジャパン,ウルトラ怪獣たちがクワガタになりました。羽を広げるとさらにスゴイ,https://news.yahoo.co.jp/articles/6e9179b7b3ebbe30fec13c55fac2826f5257c4b7,2/9(金) 6:00
giz,ギズモード・ジャパン,iPhoneの2割がiOS 17にアプデしてない…どこが気に入らないの？,https://news.yahoo.co.jp/articles/427efa3569a173f8054d1f8710352043b0553242,2/8(木) 20:30
giz,ギズモード・ジャパン,「Starlink Business」をフェリーに試験導入。YouTubeも快適に見れるか,https://news.yahoo.co.jp/articles/a4de3a83479b144ad70f8c1dd61a09c7c9229b15,2/8(木) 20:00
giz,ギズモード・ジャパン,メッシュなのに中身が見えにくいバッグ。水切れ抜群だから銭湯で活躍,https://news.yahoo.co.jp/articles/6796039539f13cf9e47af82948c6f25afbbdbff4,2/8(木) 19:00
giz,ギズモード・ジャパン,このApple Watchのベルト、端材で作ったとは思えない美しさ,https://news.yahoo.co.jp/articles/6b39ab9559d49afe1e1f2d17c16212c781945dc6,2/8(木) 19:00
giz,ギズモード・ジャパン,さよなら過去の記録。Google検索から「キャッシュ」リンク削除,https://news.yahoo.co.jp/articles/ad980c8d8b1defcae4e73eddec2c0f3ee563b27c,2/8(木) 19:00
giz,ギズモード・ジャパン,新作スマホ「Galaxy S24 Ultra」 好きなところ3選、微妙なところ3選,https://news.yahoo.co.jp/articles/0fa6d4087b199afa7b170e6b0cd9d2e1512149e6,2/8(木) 12:30
giz,ギズモード・ジャパン,この収納ボックス、開くとどうなる？ わかったらきっと天才,https://news.yahoo.co.jp/articles/85a88d810dba35495f285f55c687daf4e0bc0c2b,2/8(木) 10:30
giz,ギズモード・ジャパン,Google Pixelセール本日から。下取り＆割引でPixel 8が3万円に,https://news.yahoo.co.jp/articles/31c72a34dc23b1ca945ac9ed3102ee87cc932739,2/8(木) 8:30
giz,ギズモード・ジャパン,持つのも背負うのもラク。負荷をとことん軽減したビジネスバッグの進化形,https://news.yahoo.co.jp/articles/68d46a7233a02bf18313ed278610888702492400,2/8(木) 7:30
giz,ギズモード・ジャパン,遥か彼方でリモート手術？ ロボットアームが国際宇宙ステーションへ,https://news.yahoo.co.jp/articles/9d219a6ebcf0878277a2f9d02500f8ff0853f5c4,2/8(木) 6:00
giz,ギズモード・ジャパン,3億5000万年前の木の葉っぱ、デカすぎです,https://news.yahoo.co.jp/articles/b8b4def4b73039075e9160068ea0dd8ef8d07949,2/7(水) 21:30
giz,ギズモード・ジャパン,令和に蘇った、白たまごっち。育てなくてOKです,https://news.yahoo.co.jp/articles/6dccf4a1cf3455d4d535951a5ea4ac6075ee8503,2/7(水) 20:30
giz,ギズモード・ジャパン,アドビ製品、まるっと値上げ,https://news.yahoo.co.jp/articles/3e95aa9c89d451d6298103b09a7f1efecc4fc186,2/7(水) 19:00
giz,ギズモード・ジャパン,次世代SNS「Bluesky」、招待コードなしで登録可能に。登録方法はこちら,https://news.yahoo.co.jp/articles/542bd8b3118cd81e6876c51ccc7d9132adff7f1a,2/7(水) 19:00
giz,ギズモード・ジャパン,Apple Vision Proしながらサイバートラック手放し運転してはいけません,https://news.yahoo.co.jp/articles/5131030bee8ce97cb472ea4cd5fc45e81ef4129c,2/7(水) 13:00
giz,ギズモード・ジャパン,近視＋老眼もこれ1本。人類の目に「オートフォーカス」を付与する、未来のメガネ,https://news.yahoo.co.jp/articles/d4a537eb14f285d55c164ec7c8311e80408b2111,2/7(水) 12:30
giz,ギズモード・ジャパン,ちょっとしたメモはMacに直接書いちゃえばいい。だって消せるから,https://news.yahoo.co.jp/articles/34491d139c016df18d59f5430b74ad00e94debaf,2/7(水) 10:30
giz,ギズモード・ジャパン,「PS Vita2」が開発中？ 携帯できるプレステに後継機のうわさ,https://news.yahoo.co.jp/articles/21fc69dd059b38bbb4036e0afafc3193268a92a5,2/7(水) 9:30
giz,ギズモード・ジャパン,スポドリのCMに不気味すぎる映像が。納得の理由とは？,https://news.yahoo.co.jp/articles/8f5cc56e03ea7d3f20319d7f9b09322955e9f885,2/7(水) 8:30
giz,ギズモード・ジャパン,靴紐を結ぶのは不要。ランニングシューズのスペックをスニーカーに,https://news.yahoo.co.jp/articles/3c9f195f72c417b01cf67831723e66a97a1b40dc,2/7(水) 7:30
giz,ギズモード・ジャパン,息を呑む美しさ。ウェッブ宇宙望遠鏡が捉えた渦巻銀河の神秘,https://news.yahoo.co.jp/articles/87b224581024a906fffc743d0bd8949d0b8eeabc,2/7(水) 6:00
giz,ギズモード・ジャパン,どこから飲むかで味わいが変わるビアグラス,https://news.yahoo.co.jp/articles/8adbde021e228b348338215e3c57eaa6c199a8aa,2/6(火) 20:00
giz,ギズモード・ジャパン,速さの秘密はぶ厚いソール。スピードに特化したランニングシューズ,https://news.yahoo.co.jp/articles/0cc7dbc348e9782669a80699a569e60a28d357e0,2/6(火) 19:00
giz,ギズモード・ジャパン,Alienwareのモニターを導入したら「目」が喜んだ,https://news.yahoo.co.jp/articles/200eb486b8bd5696c01c284484a40d4021753620,2/6(火) 19:00
giz,ギズモード・ジャパン,Apple Vision Proを着けて街を歩くとかなり目立ちます,https://news.yahoo.co.jp/articles/6cf42ca49314d0ae1027db4e5edc1e7ddec3c62f,2/6(火) 19:00
giz,ギズモード・ジャパン,キッズもオトナもどうぞ。LEGO『スター・ウォーズ』25周年セットが激アツ,https://news.yahoo.co.jp/articles/03a16fc2eec2193408e59f4c7a00bf4c271d3b03,2/6(火) 19:00
giz,ギズモード・ジャパン,こっちならお買い得…Meta QuestでもiPhone撮影の空間ビデオが視聴可能に,https://news.yahoo.co.jp/articles/83df49e06b90e9ada94e76391da5636bc4ad8944,2/6(火) 19:00
giz,ギズモード・ジャパン,あれ、なんだっけ？ お使いのスマホのモデルを見分ける方法,https://news.yahoo.co.jp/articles/2e5c4e3b22eed21016be6ea3c496ee0f95539a31,2/6(火) 13:00
giz,ギズモード・ジャパン,ゴードンミラーの「移動する家」。旅行も仕事もできて、1800万円です,https://news.yahoo.co.jp/articles/69c3b381adf9595c2af1d3c74d1e68c9895bc75b,2/6(火) 11:30
giz,ギズモード・ジャパン,未来の車椅子は「椅子が付いたセグウェイ」。手を使わずに自由自在に動く,https://news.yahoo.co.jp/articles/8492fe42af2c6c3660d24b8a356817acbe29ccc2,2/6(火) 8:30
giz,ギズモード・ジャパン,ギズ読者が新年明けて欲しくなったもの5つ #ギズモード総研,https://news.yahoo.co.jp/articles/e0a9c6b1ec6216707431a48bdb597c9fee737cf4,2/6(火) 6:00
giz,ギズモード・ジャパン,冷めた揚げ物が美味しく復活。バルミューダの新型トースター,https://news.yahoo.co.jp/articles/670f4e9723d1acd55fca5f1ca4f8caf6e95f6be5,2/5(月) 21:30
giz,ギズモード・ジャパン,レトロでポップ。計算機を搭載した80年代の復刻時計,https://news.yahoo.co.jp/articles/68470eb5bb473b058c46ef73ed76f3bfd43156c6,2/5(月) 19:00
giz,ギズモード・ジャパン,画期的すぎる。ネットが黒くなっただけで、鍋の中がよく見える,https://news.yahoo.co.jp/articles/103f14247fb3fd09be78478831e8118b0e6d0a4a,2/5(月) 11:30
giz,ギズモード・ジャパン,具材をこぼさず炒めものができるフライパン,https://news.yahoo.co.jp/articles/b8e50d39868413bc8ead3317a9af89f23ba106e0,2/4(日) 21:30
giz,ギズモード・ジャパン,ルイ・ヴィトンのポータブルスピーカーはSF感あってナードにも刺さる,https://news.yahoo.co.jp/articles/8295ff21cf345acb34f8b4113652deb2c3c61ce2,2/4(日) 19:00
giz,ギズモード・ジャパン,“スリザリンは嫌だごっこ”ができる。レゴの喋る組分け帽子,https://news.yahoo.co.jp/articles/5894d7a506a71e868ee7c750ce13d46aa10ea117,2/4(日) 11:30
giz,ギズモード・ジャパン,弦で奏でてインナートリップ。没入感＆クセ強めの電子楽器,https://news.yahoo.co.jp/articles/a711cb1b4164a0f0502960dda0480cfe8aaa9c29,2/4(日) 7:30
giz,ギズモード・ジャパン,冬の乾燥もこわくない。無印良品の頼もしいスキンケア3選,https://news.yahoo.co.jp/articles/b4c632af2a05eeea5813dc2bce0e93a04c39f4ca,2/3(土) 19:00
giz,ギズモード・ジャパン,iPhone 15とPCの間でデータ移動がラクになるUSB-C/A両用メモリ,https://news.yahoo.co.jp/articles/83eb775d4cf0a89684bef056be7da6ac9a860959,2/3(土) 19:00
giz,ギズモード・ジャパン,独断と偏見による、愛すべき最高な恐竜ランキング。2位はニワトリです,https://news.yahoo.co.jp/articles/f4e40044151cfe36619e3e8f2e7d10957d15e928,2/3(土) 6:00
giz,ギズモード・ジャパン,世界初、ライブGNDフィルターを搭載したミラーレスカメラ,https://news.yahoo.co.jp/articles/5a77af78d22a97d0b126e0a3e580f28af9bbdcb3,2/2(金) 21:30
giz,ギズモード・ジャパン,Galaxy S23 FEが日本国内で発売スタート。機能的にはこれで十分,https://news.yahoo.co.jp/articles/0bbe3d0316fdeeedb3568d815de1a10a87d1daae,2/2(金) 20:30
giz,ギズモード・ジャパン,『DEATH STRANDING』の新作が2025年にやってくる,https://news.yahoo.co.jp/articles/641cb0e25bb495f3122df61358992074f7f2fada,2/2(金) 19:00
giz,ギズモード・ジャパン,愛車をちょっぴりアップグレードする「お手軽アイテム」3選,https://news.yahoo.co.jp/articles/b44464669851e0ca8273918167ccaaea5deef233,2/2(金) 19:00
giz,ギズモード・ジャパン,2024年の求人「Windows 3.1使える人を募集します！」,https://news.yahoo.co.jp/articles/a498dd7f5e545a1f6ed7c3334088da166e67cbee,2/2(金) 19:00
giz,ギズモード・ジャパン,Samsung Galaxy S24について今わかっていることすべて,https://news.yahoo.co.jp/articles/b2aab6568feedf7a2698fb4853ecde664e11dabf,2/2(金) 19:00
giz,ギズモード・ジャパン,いい具合に懐かしい、『ゴーストバスターズ』新作の予告映像,https://news.yahoo.co.jp/articles/3c0763456c9dedc4f5a16bdf4752338d47222354,2/2(金) 19:00
giz,ギズモード・ジャパン,Meta Quest 3が「さらにお得なVRヘッドセット」になるかも,https://news.yahoo.co.jp/articles/8b8721795d4eb34cb6bf317ff03edcb368682832,2/2(金) 19:00
giz,ギズモード・ジャパン,Galaxy S24シリーズ、どのモデルを買うか決めるポイントまとめ,https://news.yahoo.co.jp/articles/8ea20761a9425cffc5669d4150f0b23f4e4fa5a8,2/2(金) 19:00
giz,ギズモード・ジャパン,世界的カーデザイナーが考えた究極のカセットコンロ,https://news.yahoo.co.jp/articles/1e601458f32e89f4674a4a5b644b9d4a25f9e7d6,2/2(金) 10:30
giz,ギズモード・ジャパン,Apple Vision Proのバッテリーに特級呪物が封印されていた,https://news.yahoo.co.jp/articles/4ab0afb41f46584721e5f9ecc7b69eeb5264139f,2/1(木) 20:30
giz,ギズモード・ジャパン,無印の自動運転バス、やっと日本でも実用化か。自家用にも欲しいな,https://news.yahoo.co.jp/articles/e0fea76dd42f801aa304d33b2514dc6c139e1a8b,2/1(木) 19:00
giz,ギズモード・ジャパン,「最近、Google検索がイマイチな気がする…」→本当にイマイチだった,https://news.yahoo.co.jp/articles/8d85b0409b82baaaff6eadc440695f92e25bd0d9,2/1(木) 8:30
giz,ギズモード・ジャパン,イーロン・マスク vs. 中国。脳直結コンピューター競争はどうなってしまうんだ,https://news.yahoo.co.jp/articles/f1b2eb22d2125c8d67403842aad546857df5e297,2/1(木) 7:30
giz,ギズモード・ジャパン,世界初。動いてる赤ちゃんホホジロザメの撮影に成功,https://news.yahoo.co.jp/articles/ffd0b4f2b97564d22b8f9cf67e9fcf61843cd91c,2/1(木) 6:00
giz,ギズモード・ジャパン,独裁者も神もなんでもあり。GPT Storeの異色ボット10選,https://news.yahoo.co.jp/articles/de668ab290e2cd51402c63006c865ac841252a51,1/31(水) 21:30
giz,ギズモード・ジャパン,「SEQTRAK」は見た目だけじゃない。誰にでも曲が作れるオールインワンシンセ,https://news.yahoo.co.jp/articles/b81c583bb15061365fbd96d3b10642f76641722d,1/31(水) 20:30
giz,ギズモード・ジャパン,想像以上に心地いい「愛情腹巻」。毎日包まれてます,https://news.yahoo.co.jp/articles/5a351cd78bce811904985a700960149bfad1614e,1/31(水) 19:30
giz,ギズモード・ジャパン,デジタル冊子を渡すだけ。プレゼントどうしよう？からの解放,https://news.yahoo.co.jp/articles/cd029d0bb6298f0a95d54cfffbefee5118dec4c6,1/31(水) 19:00
giz,ギズモード・ジャパン,ドラゴンを纏って縁起を担ぎたい。PUMAと有名アーティストのコラボ,https://news.yahoo.co.jp/articles/58fe6a2c8c70c63321fd701dd89c3fbf3057803b,1/31(水) 19:00
giz,ギズモード・ジャパン,花粉を99%カット。目の周りのうるおいもサポートするメガネ,https://news.yahoo.co.jp/articles/8269caf88966d65f6c396061928437a0b3f23e1d,1/31(水) 19:00
giz,ギズモード・ジャパン,無印だってパワフル全開。4種類のサイズが選べる「LG gram」,https://news.yahoo.co.jp/articles/07050ef101b943b4b60bfdcda924461baa7505b8,1/31(水) 19:00
giz,ギズモード・ジャパン,ガンタンクになれる椅子,https://news.yahoo.co.jp/articles/e75a1579dd7cfe197b08bd7702d46cdf51e0cc22,1/31(水) 13:00
giz,ギズモード・ジャパン,薄くて軽くてパワフルで大画面。LG gram Proがとっても魅力的だった,https://news.yahoo.co.jp/articles/f6d266e2d886aaf6efa3d91503b4363b5745dc9e,1/31(水) 12:30
giz,ギズモード・ジャパン,どのキャリアでもタッチ決済でd払い。20％還元キャンペーンも,https://news.yahoo.co.jp/articles/6216083b243e231c329972f61b7995e8bef00f14,1/31(水) 11:30
giz,ギズモード・ジャパン,どんな音質なのか。バッグにぶら下げられるヴィトンの新作スピーカー,https://news.yahoo.co.jp/articles/501494f10131c7268b4fddbf1a1581d63a4bf059,1/31(水) 7:30
giz,ギズモード・ジャパン,レンズって大事。シーンに合わせて取り替えられるサングラス,https://news.yahoo.co.jp/articles/6477a6c6bf2cc204d3a68870ab9c48e0785d0e0a,1/31(水) 6:00
giz,ギズモード・ジャパン,深海に潜む未知の生物を新発見。それはあの仲間でした,https://news.yahoo.co.jp/articles/ef7afd321b5df51d1a1367c58ac6fab41f06a73c,1/30(火) 21:30
giz,ギズモード・ジャパン,日本企業のロボットアームが宇宙で活躍の予感,https://news.yahoo.co.jp/articles/94447b3fae8a80764d2a208275e5b1faf22a9b8f,1/30(火) 21:00
giz,ギズモード・ジャパン,サクっと挿し込み→放置でOK。水筒や花瓶を早く乾かすスティック,https://news.yahoo.co.jp/articles/a44bbc863f3c10aa831f13767a68186c75363246,1/30(火) 20:30
giz,ギズモード・ジャパン,イーロン・マスクの脳直結コンピューター。初めて人間の脳に埋め込む,https://news.yahoo.co.jp/articles/77e53c188b9023b25e05077db4d875fc7bb138a2,1/30(火) 20:00
giz,ギズモード・ジャパン,『ゴジラ-1.0』の白黒版フィギュア発売→瞬殺でした,https://news.yahoo.co.jp/articles/b936800fa1cccc3e082c4895e1103470631ff72b,1/30(火) 19:30
giz,ギズモード・ジャパン,AIは着実に人類を侵食…職は奪われ軍事利用も進んでいる現実,https://news.yahoo.co.jp/articles/9b61756391f4c23dfa3275d6e72a2e89313dcd9a,1/30(火) 19:00
giz,ギズモード・ジャパン,まるでアイアンマン。フランス憲兵隊と共同開発した防弾強化外骨格,https://news.yahoo.co.jp/articles/4ec170e866137b75f68acaeac2f6bd767362df9a,1/30(火) 19:00
giz,ギズモード・ジャパン,その態度が不誠実…自動運転タクシーCruiseの事故対応がお粗末すぎる,https://news.yahoo.co.jp/articles/7b841e1d0e4589826c3ee05bc38b5df85e21b430,1/30(火) 19:00
giz,ギズモード・ジャパン,最高時速77km/h、45馬力のパワフルさ。SF的な水上バイク,https://news.yahoo.co.jp/articles/c9a571fb3532e7526a1e1c50dfd3c15400259a02,1/30(火) 19:00
giz,ギズモード・ジャパン,レトロフューチャーが新鮮。70年代モデルを復刻した腕時計,https://news.yahoo.co.jp/articles/868c986f342d4f1d0d4e8d415a6e0a6c07ec2d05,1/30(火) 19:00
giz,ギズモード・ジャパン,ユニクロのフリースを部屋着に。想定外の柔らかさがクセになる,https://news.yahoo.co.jp/articles/d6d452d2a825463d034c93e0f26dc0f1917ed9fc,1/30(火) 11:30
giz,ギズモード・ジャパン,一度に1400人が楽しめる規格外の観覧車。2028年に完成予定,https://news.yahoo.co.jp/articles/d4319095b8ca4e2aa09bdf247fb4d837cfc18868,1/30(火) 10:30
giz,ギズモード・ジャパン,ビニール袋の制限は効果的。有料化は日本だけじゃなかった,https://news.yahoo.co.jp/articles/10f0920066c6c52b6d520b1183f67c1b32d72f57,1/30(火) 8:30
giz,ギズモード・ジャパン,ファレルが自伝映画を発表。しかも全編レゴ,https://news.yahoo.co.jp/articles/2b063bbb6ea6cdbb6550c1b1126ccd12a95e26b8,1/30(火) 6:00
giz,ギズモード・ジャパン,無印のこれ、アロマディフューザーの正解じゃない？オイルをセットするだけ,https://news.yahoo.co.jp/articles/dab7c03f483d62ac1ec02841f27b95f4be44a93d,1/30(火) 6:00
giz,ギズモード・ジャパン,電気自動車、タイヤの減り早すぎ。交換ペースがガソリン車の倍以上,https://news.yahoo.co.jp/articles/7e0718a9beec583d466b7c983d87e381de63f4d4,1/29(月) 21:30
giz,ギズモード・ジャパン,無印の“折りたためるスツール”のおかげで、キッチンが居場所になった理由,https://news.yahoo.co.jp/articles/b45c7cfe137313dab25c27eb2dd00eb4267357b8,1/29(月) 20:30
giz,ギズモード・ジャパン,このラジオ、見た目によらず機能的。手回し充電できるから防災にも,https://news.yahoo.co.jp/articles/dcbfbf492d6656371e08777289c83e51a4766f3c,1/29(月) 19:30
giz,ギズモード・ジャパン,とにかく荷物が載せられる。アウトドア向け電動自転車,https://news.yahoo.co.jp/articles/87e7149b75b69abc31b758867cc7793e37d9c3b3,1/29(月) 19:00
giz,ギズモード・ジャパン,『ゴールデンカムイ』のリアルさから感じるクマ映画の進化,https://news.yahoo.co.jp/articles/569b3bf18758c794cb9b28756e2ebd574bf00831,1/29(月) 19:00
giz,ギズモード・ジャパン,漕がない電動自転車、ラク～に移動しよう,https://news.yahoo.co.jp/articles/e7781f0194bd5f3136962f52573ab861d45af81e,1/29(月) 8:30
giz,ギズモード・ジャパン,iPhone 16 Pro Max、夜景の思い出をさらにキレイに残せそう,https://news.yahoo.co.jp/articles/8390b34a1df99e144d4e68158712c6095c2c6c53,1/29(月) 7:30
giz,ギズモード・ジャパン,気軽すぎる月ビジネス？ 民間企業が月にモノを送れるサービスをスタート,https://news.yahoo.co.jp/articles/3caa76304c1017c3948a860cc8dfe25eb70609ac,1/29(月) 6:00
giz,ギズモード・ジャパン,表面張力と毛細管現象のチカラがあれば、宇宙でもコーヒーが飲める,https://news.yahoo.co.jp/articles/fc18169e7455934dfbe52794ebc819eb1a55b654,1/28(日) 21:30
giz,ギズモード・ジャパン,今年はお手ごろ価格の折りたたみスマホが出るかもしれない,https://news.yahoo.co.jp/articles/56cec71e581f5d4a33e42de40d394ef17e02d7e4,1/28(日) 10:30
giz,ギズモード・ジャパン,串焼きもたこ焼きも鍋も。卓上で楽しめる現代版のいろり,https://news.yahoo.co.jp/articles/addbd9b71429d6a5151e5dfd8033a7ff57889849,1/28(日) 8:30
giz,ギズモード・ジャパン,トム・ホランドのアベンジャーズのギャラ、間違ってトム・ホランダーに振りこまれる,https://news.yahoo.co.jp/articles/988b9fd62066fdcfc2b51b0049c5e5218ae1ec9f,1/27(土) 20:30
giz,ギズモード・ジャパン,アウトドア缶ビールのストレスを100均で解消。もう虫やゴミも気にしない,https://news.yahoo.co.jp/articles/98cbafbc5463fe7f968de20b1531f1c90a244644,1/27(土) 19:30
giz,ギズモード・ジャパン,フタしたまま飲める不思議なカップ。長時間ドラマを見てても冷めません,https://news.yahoo.co.jp/articles/d790d14b05146288f6ea212c4a19671bebaa6f69,1/27(土) 19:00
giz,ギズモード・ジャパン,"7,480円で買えるアケコンが出ました。PS5対応です",https://news.yahoo.co.jp/articles/6b0861f9c4543a607dfe7635de0f7804bf5600c3,1/27(土) 19:00
giz,ギズモード・ジャパン,インクでもフィルムでもない。HPの写真プリンターがめちゃよかった！,https://news.yahoo.co.jp/articles/63ee0078bda5d76e650ebeac054cc7a2a479b2b3,1/27(土) 12:30
giz,ギズモード・ジャパン,ついに出るのか「Nintendo Switch 2」。8インチ液晶搭載とのウワサあり,https://news.yahoo.co.jp/articles/044fce7e6d717ebb6ac17a89dacd484e1719eee7,1/27(土) 10:00
giz,ギズモード・ジャパン,「はい」か「いいえ」をやわらかく伝えられる絵文字が登場,https://news.yahoo.co.jp/articles/b42d662fa0b9872bf6c62f486bb603ef1b04cada,1/27(土) 8:30
giz,ギズモード・ジャパン,火星ヘリ「インジェニュイティ」、回転翼の損傷により運用終了,https://news.yahoo.co.jp/articles/1eb68810f4b99ee8cc5b2fc38d4502b141656252,1/27(土) 6:00
giz,ギズモード・ジャパン,ASUSスマホの次期モデルはスナドラ8 Gen 4を搭載して超パワフル,https://news.yahoo.co.jp/articles/407fc27a13a81f90ca6d5e16168a35295b28c198,1/26(金) 20:30
giz,ギズモード・ジャパン,なぜかキーボードとヘッドホンアンプが合体。でもこれ意外と便利かも,https://news.yahoo.co.jp/articles/e74a8c0d5eaadafcd86f770e1245fd08255a72ae,1/26(金) 20:00
giz,ギズモード・ジャパン,Google Pixel 8aのデザインはほぼPixel 8と同じ？,https://news.yahoo.co.jp/articles/87404c98aa7ea5dc13d1a5655ee93ea21ca69584,1/26(金) 19:00
giz,ギズモード・ジャパン,デザインもスペックも大満足。オススメの新作スマホOnePlus 12,https://news.yahoo.co.jp/articles/f738c05de2fd69269c547a8a8f29e2746da22468,1/26(金) 12:30
giz,ギズモード・ジャパン,物理キーボードと白黒Eインク画面。ミニマリスト好みのシンプルスマホ,https://news.yahoo.co.jp/articles/11f29c0c79f5d19bc0c911f3fccb796e859d32a3,1/26(金) 12:30
giz,ギズモード・ジャパン,「音」で失敗したくないカメラマンが泣いて喜ぶDJIのワイヤレスマイク,https://news.yahoo.co.jp/articles/25a774a15647a8d6836bcbfc098968a3bebf9bb9,1/26(金) 12:30
giz,ギズモード・ジャパン,パステルピンクのJoy-Con、まるで可憐なピーチ姫,https://news.yahoo.co.jp/articles/7fa07cb562ea2b9319130f1ed2b190624d95bf7d,1/26(金) 8:30
giz,ギズモード・ジャパン,TikTokに時間が溶ける新機能が追加されたよ,https://news.yahoo.co.jp/articles/a435b8f16c8de6a4fdcc63a3ce1a95ce9f94316f,1/26(金) 6:00
giz,ギズモード・ジャパン,今なお現役なカセットテープを手軽に楽しめるプレーヤー,https://news.yahoo.co.jp/articles/c8a12418b90a7dfbd636214df3a1da09680ff340,1/26(金) 6:00
giz,ギズモード・ジャパン,車両火災に巻き込まれても無事だったタンブラー。人気すぎて逮捕者が出る,https://news.yahoo.co.jp/articles/b449d8f9e8d109c363d00cc5fa8fab686a94b718,1/26(金) 6:00
giz,ギズモード・ジャパン,スペースシャトル・エンデバー、いよいよ「打ち上げ態勢」に,https://news.yahoo.co.jp/articles/88743cbfb73537e5bd9f6526340393099217c36c,1/26(金) 6:00
giz,ギズモード・ジャパン,世界でもっとも検索されてる非英語圏ワードは？（ヒント：日本語）,https://news.yahoo.co.jp/articles/4de1c3172ccc9bc913cc36cd20a122e67ceb29e3,1/26(金) 6:00
giz,ギズモード・ジャパン,全国ローソン＆ファミマでスマホでの住民票取得が可能に（ただしiPhoneは除く…）,https://news.yahoo.co.jp/articles/c58f95e9c7394e8fec3f7fb6120b43eeb4f77bcc,1/26(金) 6:00
giz,ギズモード・ジャパン,無印のポーチは吊るせて個別でも使える。旅や出張に大活躍です,https://news.yahoo.co.jp/articles/8134594adae078f27c8a2086d97e353c43bf8934,1/25(木) 19:30
giz,ギズモード・ジャパン,U.F.O.の完成が楽しみになる“細工”。湯ぎりの穴を◯◯化,https://news.yahoo.co.jp/articles/19c9d16eb7fb3f60021c5cb6a315d35d70203758,1/25(木) 19:00
giz,ギズモード・ジャパン,Chromeにくる「開きまくったタブを整理する機能」は絶対に便利でしょ,https://news.yahoo.co.jp/articles/79c1dbac77f6a847f0c6db2709e73f96f6f8137c,1/25(木) 8:30
giz,ギズモード・ジャパン,BOSSの高性能ボーカルエフェクターは配信主のよき相棒だ,https://news.yahoo.co.jp/articles/70af9b2a3df670895afaf4448097026528e74c14,1/24(水) 19:00
giz,ギズモード・ジャパン,すき焼きが、パンダが、楽しい時計になっちゃった,https://news.yahoo.co.jp/articles/55d3d618448825173df421c20b102607ccc2a921,1/24(水) 19:00
giz,ギズモード・ジャパン,つらい窓拭きはロボットに任せるにかぎる,https://news.yahoo.co.jp/articles/4ca4098d76f5bad185c43b2c92a3ef4ca3d50d6c,1/24(水) 19:00
giz,ギズモード・ジャパン,iOS 17.3の新機能「盗難デバイスの保護」はこうやってオンにする,https://news.yahoo.co.jp/articles/e29df0c3da173bf4a4600d89cee0cb0407fcca88,1/24(水) 19:00
giz,ギズモード・ジャパン,あの人気エフェクターの新作は、カスタマイズ自由度が高い「DIY版」,https://news.yahoo.co.jp/articles/bba3a0c0b3da79b283321f1bfb0d0a0651abca99,1/24(水) 19:00
giz,ギズモード・ジャパン,当時でも120万円。70年代の最高峰シンセ、新機能を追加して復刻,https://news.yahoo.co.jp/articles/7cea777d209a56eff344872499769cd5c9255a40,1/24(水) 19:00
giz,ギズモード・ジャパン,HOKAの新作シューズ、この1足で山も街も楽しめちゃう,https://news.yahoo.co.jp/articles/5caf06b550ed20f329689e9f2a9a75bcfb3d85a6,1/24(水) 19:00
giz,ギズモード・ジャパン,iPhoneのカメラは「2倍望遠」のほうがいい感じに撮れる理由,https://news.yahoo.co.jp/articles/9cf361edb7a8356fecadbd9600c97c5339f1c954,1/24(水) 12:30
giz,ギズモード・ジャパン,Pixel 9 Proは「iPhoneっぽい」のかも,https://news.yahoo.co.jp/articles/8e5b1df7964e9b6886b5232a3f3ecca7b5a6c9ea,1/24(水) 12:00
giz,ギズモード・ジャパン,温泉もサウナももう怖くない。あの「見えない！」を解消するメガネ,https://news.yahoo.co.jp/articles/099050fa7ec5e0920426459c5719e51022390b47,1/24(水) 10:30
giz,ギズモード・ジャパン,格安ポータブルゲーミングPCに興味津々（Windowsじゃないけど）,https://news.yahoo.co.jp/articles/0401913620286d2a14706a2544a79d8a28e6884a,1/24(水) 8:30
giz,ギズモード・ジャパン,134億年前に誕生。これまで観測されたなかで最古のブラックホール,https://news.yahoo.co.jp/articles/88fb6c44a6cc827f4bfcceb3187dd0c32f128723,1/24(水) 6:00
giz,ギズモード・ジャパン,S24に至る道。Samsungのスマホ20年を歴代機種で振り返る,https://news.yahoo.co.jp/articles/776e13ea64e6b4ed30c0dade99d47b1aea59d9a9,1/24(水) 6:00
giz,ギズモード・ジャパン,別にうれしいからじゃないよ。イヌが尻尾を振る理由とは？,https://news.yahoo.co.jp/articles/30805109c790adac316ddf9fd17783fd2cc2466e,1/23(火) 21:30
giz,ギズモード・ジャパン,氷河期のマンモスってどんな感じだった？ 牙から紐解いた事実,https://news.yahoo.co.jp/articles/102586edd07ea5334f5481312436fd4f6891d1c4,1/23(火) 20:00
giz,ギズモード・ジャパン,いらすとやで解説する『鉄拳』の動画、公式です。,https://news.yahoo.co.jp/articles/c09268eebe9082e8de278af7d0610c2e4e6c8853,1/23(火) 19:30
giz,ギズモード・ジャパン,ポータブルPS5を自作する猛者現る。冷却機能も画面も高性能,https://news.yahoo.co.jp/articles/e9bcf0a0126133f1ca6b2febeadde7a2cc32ee93,1/23(火) 19:00
giz,ギズモード・ジャパン,違反すると最大17万円の罰金。犬のフン放置対策に、愛犬のDNA登録,https://news.yahoo.co.jp/articles/2fc633e617f47d1b258c68a1863ee662359ce3ca,1/23(火) 19:00
giz,ギズモード・ジャパン,半年後に「等身大コダック」が家にやってくるサプライズ、いかが？,https://news.yahoo.co.jp/articles/b8778c5897aeb57fd53c05798376a0ee1d2e6846,1/23(火) 19:00
giz,ギズモード・ジャパン,ボタンひとつでどんな地面でも水平に。全自動の三脚は賢いぞ,https://news.yahoo.co.jp/articles/cc03eef1c535620b3b9b890d30d3019823207b5d,1/23(火) 13:00
giz,ギズモード・ジャパン,Apple Vision Proはメガネ装着では使えない。コンタクトはOK,https://news.yahoo.co.jp/articles/4fb3fe5fbbb4e8a885c7701e71428e0452913758,1/23(火) 8:30
giz,ギズモード・ジャパン,ジェットセッターの夢再び。新世代の超音速旅客機は騒音知らず,https://news.yahoo.co.jp/articles/dd55df3c97d0dbbabc930e84400d6365891effae,1/23(火) 7:30
giz,ギズモード・ジャパン,新種の深海タコの赤ちゃん、とてもかわいい,https://news.yahoo.co.jp/articles/232fc598e1c4e80da7ce061a03adf9f52e9df39c,1/23(火) 6:00
giz,ギズモード・ジャパン,スルーされた名演、惜しくもアカデミー賞を取れなかった名優10選,https://news.yahoo.co.jp/articles/7b82ace816897b9fcf95a5129bb44b26a7ab79e9,1/23(火) 6:00
giz,ギズモード・ジャパン,AIには原子力が必要、OpenAIのCEOがダボス会議で提言,https://news.yahoo.co.jp/articles/df8a2aab74bef819f8895465306a0065f264696a,1/22(月) 21:30
giz,ギズモード・ジャパン,蓋があっても飲み口は360度どこからでもOK。しかも冷めにくい,https://news.yahoo.co.jp/articles/cbd9f440d4342038ac50ff80fea7c1603abc6ed4,1/22(月) 20:30
giz,ギズモード・ジャパン,インディー映画の祭典「サンダンス映画祭2024」で注目の映画16選,https://news.yahoo.co.jp/articles/aad9a7b3ccc0256ebf8eab261a517d8600a845a2,1/22(月) 20:00
giz,ギズモード・ジャパン,自撮り棒が自撮りにしか使えない時代は終わりです,https://news.yahoo.co.jp/articles/569d9d8df5b0ccc854b10b742b311e538e46a9c2,1/22(月) 19:00
giz,ギズモード・ジャパン,AIチャットボットを生み出す大規模言語モデルに潜む危険性,https://news.yahoo.co.jp/articles/b15d4eef08cea233e92652b3a1ec29cf6cc10e2f,1/22(月) 19:00
giz,ギズモード・ジャパン,デイヴィッド・リンチの幻の脚本が数十年ぶりに見つかる,https://news.yahoo.co.jp/articles/1ac42ccce5dfbd084a9d30f70d18163f8962866d,1/22(月) 10:30
giz,ギズモード・ジャパン,今年のiPad Proは春に発表？ OLEDディスプレイでかなり進化しそう,https://news.yahoo.co.jp/articles/fa0f0ab3b813db5014203f20fd569fd561df96be,1/22(月) 8:30
giz,ギズモード・ジャパン,1979年、ボイジャー2号が収集したデータからわかったこと,https://news.yahoo.co.jp/articles/1a7e8acc95c6b632ef052fd6c910e5df9ddd7c4c,1/21(日) 20:30
giz,ギズモード・ジャパン,GORE-TEXのシューズを自由に試し履きできるイベント。もちろん無料,https://news.yahoo.co.jp/articles/952fee23ffee4df68cc3bc0e69716c5864b49006,1/21(日) 19:00
giz,ギズモード・ジャパン,テスラの人型ロボがTシャツをたたむ様子、遠隔操作がバレる,https://news.yahoo.co.jp/articles/f9a370b7ad50ec82e7f8b53312e50cd099adb60a,1/21(日) 12:30
giz,ギズモード・ジャパン,身長3mの大型類人猿「ギガントピテクス」が絶滅した理由,https://news.yahoo.co.jp/articles/346681aa297ca1c08c5cc784df535f584d261458,1/21(日) 11:30
giz,ギズモード・ジャパン,約50万円のApple純正MRヘッドセット「Vision Pro」、米国では買う前に試せるらしい,https://news.yahoo.co.jp/articles/4522afb248137bb23f03d808fab9be33e504a1d3,1/21(日) 10:30
giz,ギズモード・ジャパン,脳髄痺れるワルい音がしそうな新作アナログシンセ,https://news.yahoo.co.jp/articles/6a418e1b00421c8f1403f819f8b03fae1d2245c6,1/21(日) 9:30
giz,ギズモード・ジャパン,“宇宙の神秘”を45mmサイズで表現したシチズン,https://news.yahoo.co.jp/articles/fa126afb8a68063d7a998da1facc16d57cc04be7,1/21(日) 7:30
giz,ギズモード・ジャパン,ゲームのノンプレイヤーキャラはどこまでリアルに近づけるか,https://news.yahoo.co.jp/articles/6072aeb85ad856a5738069246d57b74515cc88dc,1/21(日) 6:00
giz,ギズモード・ジャパン,7年前迷子になった猫、実は近所でずっと暮らしていた,https://news.yahoo.co.jp/articles/7d534c187fd6723c80bf11dbaadba24553e25963,1/20(土) 21:30
giz,ギズモード・ジャパン,見逃しそうなほど小さな世界をキャッチ。近づいて捉えた自然界,https://news.yahoo.co.jp/articles/e83a4024b8a62194f713c0f8a00fbfe3a4903732,1/20(土) 20:30
giz,ギズモード・ジャパン,ホンダ車カラーを自動車塗料で再現。このスマホケース、エモすぎん？,https://news.yahoo.co.jp/articles/a8cbfe1374cd580aeca0e539327ce84fbf76a489,1/20(土) 11:30
giz,ギズモード・ジャパン,所有欲を刺激される、レトロ携帯ゲーム機。デザインのクオリティ高すぎ,https://news.yahoo.co.jp/articles/1cb0dca8ada2e7b825417d98a556952e1dcaee16,1/20(土) 6:00
giz,ギズモード・ジャパン,自分の機体自体が燃料！ 燃えながら宇宙を駆けるロケット,https://news.yahoo.co.jp/articles/affe94d602d1b3eecfda5a360a78c50e0b8861b3,1/20(土) 6:00
giz,ギズモード・ジャパン,俺のPCがこんなにいい音だったなんて。RMEがゴージャスすぎた,https://news.yahoo.co.jp/articles/573a82f66a735d7a433fc5336500cf1c7e1e5c8d,1/19(金) 19:00
giz,ギズモード・ジャパン,ついに発表されたSamsung新製品、「あの指輪」も気になる,https://news.yahoo.co.jp/articles/e8b70c27d770e4c1457cc438efa1ac367499891e,1/19(金) 19:00
giz,ギズモード・ジャパン,Galaxy S24シリーズ正式発表。AI機能が大幅強化,https://news.yahoo.co.jp/articles/11dd30e4135a1ed933a0dde90e20fb1c0a930133,1/19(金) 19:00
giz,ギズモード・ジャパン,「お尻洗って」と、ウォシュレットに話しかける時代が来た,https://news.yahoo.co.jp/articles/469c221b40499f50bafe82f87a2ceec419a6db67,1/19(金) 19:00
giz,ギズモード・ジャパン,イーロン、「Tesla株くれないならAIやめさせる」と自社を脅す,https://news.yahoo.co.jp/articles/372cfec45adc658371a66c599d9646c0034c6920,1/19(金) 19:00
giz,ギズモード・ジャパン,特許侵害で敗訴した米国版アップルウォッチ、血中酸素濃度測定機能だけつぶして販売再開,https://news.yahoo.co.jp/articles/bb4886c6eacc53e596de1d5326f0938a6210b8f7,1/19(金) 19:00
giz,ギズモード・ジャパン,CapsLock、使ってる？ 使わないなら無効にできるキーボードありますよ,https://news.yahoo.co.jp/articles/91f91749dc0711622b4310dee6506e0a2832162d,1/19(金) 13:00
giz,ギズモード・ジャパン,まさかの“ポラロイドカメラ”まで登場。今月発売、レゴのおもしろ新作,https://news.yahoo.co.jp/articles/ae009baa4184784c976236f1d65e256987cd45bd,1/19(金) 11:30
giz,ギズモード・ジャパン,お手軽＆高機能音楽ソフト「KORG Gadget」がバージョンアップ,https://news.yahoo.co.jp/articles/fbcd2b466b09615fb1eadfd489246d817756c342,1/19(金) 10:30
giz,ギズモード・ジャパン,宇宙から帰還したNASAのカプセル、フタがついに開いた…！,https://news.yahoo.co.jp/articles/672e54ba316aafa9024ee6a66bdd64e1abdfd6e8,1/19(金) 6:00
giz,ギズモード・ジャパン,ペットボトルの水、想定より100倍多くプラスチック粒子を含む可能性,https://news.yahoo.co.jp/articles/9f675584876ab0d90928e594fb258b1a5a6c78c1,1/18(木) 21:30
giz,ギズモード・ジャパン,机の上の収納の正解。ポイントは透明な見た目と、引き出しの絶妙な高さ,https://news.yahoo.co.jp/articles/c97b874682954e4c2de1ccd7fab7b2806ea0a5a2,1/18(木) 20:30
giz,ギズモード・ジャパン,アマゾンで「OpenAIの規約違反になるのでタイトルつけられません」という謎の商品が増加,https://news.yahoo.co.jp/articles/cc7933c1ac470a261fbf793189970eb757a24798,1/18(木) 19:00
giz,ギズモード・ジャパン,過酷な極地での荷物運搬に革命起こす…DJIのドローンは超働き者,https://news.yahoo.co.jp/articles/3e8efc45b645cf11f921b1bb456a7d28fd8b4700,1/18(木) 19:00
giz,ギズモード・ジャパン,デスク周りのごちゃごちゃは、この“回転する箱”に引っ掛けよう,https://news.yahoo.co.jp/articles/75c71ab4790196c801e69a1138265065998954ee,1/18(木) 13:00
giz,ギズモード・ジャパン,まるでテスラの墓場。シカゴ寒すぎて充電ステーションが凍る,https://news.yahoo.co.jp/articles/d4988c6404dbc7e1f2a1c865e74b0efe25dd5607,1/18(木) 11:00
giz,ギズモード・ジャパン,Watch Proでようやく「電卓」が使えるようになりました,https://news.yahoo.co.jp/articles/79f635b8ef941d5c356c109c4137c6b7bae4d997,1/17(水) 20:30
giz,ギズモード・ジャパン,50周年のキティ先輩、30周年のBABY-Gとコラボする,https://news.yahoo.co.jp/articles/7822a476cd88cb358c56f43308f183236102e095,1/17(水) 19:00
giz,ギズモード・ジャパン,無印で1000円のコレを導入したら、デスクが一気に片付いた,https://news.yahoo.co.jp/articles/4572df15bc0b1022b3cad141ab8070d0cd793e8f,1/17(水) 19:00
giz,ギズモード・ジャパン,家電の最新トレンドがここに。CES 2024で発表されたベストアイテム33選,https://news.yahoo.co.jp/articles/137448f042508d8ce8e09547db3a677b656a7478,1/17(水) 19:00
giz,ギズモード・ジャパン,いろいろできて見た目もポップ。ヤマハのオールインワン音楽機材「SEQTRAK」,https://news.yahoo.co.jp/articles/7a3534be7e0e76a966dc1e0baa16dc5a7fa94c4b,1/17(水) 10:30
giz,ギズモード・ジャパン,「ロボットがいる生活」はこんな感じかも #CES2024,https://news.yahoo.co.jp/articles/9d0aa45f6a9cd60f6f7ae23113137e963f8008e9,1/17(水) 10:30
giz,ギズモード・ジャパン,歩く速度を3倍にする下駄をはいてみた #CES2024,https://news.yahoo.co.jp/articles/8f28e699dd9906dd9feae4d1a5b837e9ab2e1456,1/17(水) 8:30
giz,ギズモード・ジャパン,太陽光パワーだけ。世界一高い活火山登頂に成功したEVトラック,https://news.yahoo.co.jp/articles/9d59c5868cf271dcd3adb30d3153ad1214c9ba24,1/17(水) 7:30
giz,ギズモード・ジャパン,電車を修理する権利、あるはずだろ。ハッカー集団が鉄道会社を訴えた,https://news.yahoo.co.jp/articles/c72a385334b5bab7c0008ee68f6e517e7e1b4556,1/17(水) 6:00
giz,ギズモード・ジャパン,松竹梅の「竹」にあたるヘッドホンがゼンハイザーから,https://news.yahoo.co.jp/articles/83cad0751d568d2a0a1cfc86fcd2b239a459b43a,1/16(火) 20:00
giz,ギズモード・ジャパン,耳周りスッカスカ。開放的すぎるヘッドホン #CES2024,https://news.yahoo.co.jp/articles/61f29afb432005c9e261e5493ee013ccd08d89cc,1/16(火) 19:30
giz,ギズモード・ジャパン,2つのガジェット楽器が悪魔合体。奇妙サウンドを奏でます,https://news.yahoo.co.jp/articles/c960dbfa3ba7ddd7cffdf3c32ab30b8916ba34c0,1/16(火) 19:00
giz,ギズモード・ジャパン,キーボードの世界にもリストラの波 #CES2024,https://news.yahoo.co.jp/articles/d60af9053ab7d3256692f0d0727f42eeb17b6d88,1/16(火) 19:00
giz,ギズモード・ジャパン,火星で走ることを夢見て作った車、ちょっとの雪でダメなんかーい！,https://news.yahoo.co.jp/articles/d96bca2cdd245d951dbc43474d74770743c3e123,1/16(火) 19:00
giz,ギズモード・ジャパン,CESで展示されてた“発想がすごい”プロダクト13選 #CES2024,https://news.yahoo.co.jp/articles/30f0706b8ee583814cb803eb8da8f7e3eb5dfc63,1/16(火) 19:00
giz,ギズモード・ジャパン,我が家にプリクラがやってきます #CES2024,https://news.yahoo.co.jp/articles/0a3c54a244ab0f860e30ffa816a1d88134cbfb6b,1/16(火) 19:00
giz,ギズモード・ジャパン,Pixel 8は「画面保護シートモード」が自動発動するらしい,https://news.yahoo.co.jp/articles/ff1043c3608800b717af4ac9d1f96127e04db1ea,1/16(火) 19:00
giz,ギズモード・ジャパン,最大100W。PCすら置くだけ充電化するこの板すっげー！ #CES2024,https://news.yahoo.co.jp/articles/32c8855c07b47653888173da3025e33eacb68ac6,1/15(月) 20:30
giz,ギズモード・ジャパン,Apple Vision Pro、8万台しか生産しないらしい。争奪戦か、それとも…,https://news.yahoo.co.jp/articles/9fb76f2876869ea056a34c5a1bd75126c7c7ff63,1/15(月) 10:30
giz,ギズモード・ジャパン,モバイルモニターにもなるタブレットPC。本当のオールラウンダーとはこういうこと,https://news.yahoo.co.jp/articles/0269810e8cb872478a9e98d2c62a6f27d8af1534,1/15(月) 8:30
giz,ギズモード・ジャパン,令和のレコード復活に、縦型の渋いプレーヤーはいかが？ #CES2024,https://news.yahoo.co.jp/articles/ce5d13678e9c7b225c84586d79472bee6288f3de,1/14(日) 19:30
giz,ギズモード・ジャパン,Apple Vision Proにバッテリーを接続しても、再生時間は意外と短い,https://news.yahoo.co.jp/articles/4eba9fc3c9147f3d177c959133b06a185750f0a8,1/14(日) 9:30
giz,ギズモード・ジャパン,Chromeのクッキー廃止へ。ブラウザをチェックしてみよう,https://news.yahoo.co.jp/articles/21398aa53fe8dbcf4b38b2b33672dba9860ecca6,1/13(土) 21:30
giz,ギズモード・ジャパン,中国政府が反政府運動対策のためにAirDrop機能をハッキング,https://news.yahoo.co.jp/articles/7a4948fd543366a237a0bf160887901bd2890547,1/13(土) 21:30
giz,ギズモード・ジャパン,「取説はもういりません！」AmazonがBMW車にAI搭載へ #CES2024,https://news.yahoo.co.jp/articles/10c43880ab47a36e22578d7c8eb8d4e672062ba4,1/13(土) 20:30
giz,ギズモード・ジャパン,超音波技術で風速200m/秒。効果バツグンなファンレスカード型冷却デバイス #CES2024,https://news.yahoo.co.jp/articles/ddd57eed09ac3e1448f61a7f66839a6593ef0a52,1/13(土) 10:30
giz,ギズモード・ジャパン,アート志向のサムスンが写真フレームを発表…実はスピーカー #CES2024,https://news.yahoo.co.jp/articles/f6711c35ab526a0b5dc4963817d9d60870ed7dc5,1/13(土) 8:30
giz,ギズモード・ジャパン,ハンドウイルカは電場を感じることができるらしい,https://news.yahoo.co.jp/articles/5b10c06139d6e2639a4afbb67287ebfb11368e79,1/13(土) 6:00
giz,ギズモード・ジャパン,雪がない場所でスキーを可能にする...電動スキー？  #CES2024,https://news.yahoo.co.jp/articles/4686f6375d3fe1f556ea1acde089e9ba1cbafb5b,1/12(金) 22:00
giz,ギズモード・ジャパン,叫び声も80%オフできるサイレントマスク #CES2024,https://news.yahoo.co.jp/articles/669a027d3f1a822b1971ca7a66df1d7d3421674d,1/12(金) 21:00
giz,ギズモード・ジャパン,水出し抽出“8時間→10分”に短縮。サイエンスな水出しポット #CES2024,https://news.yahoo.co.jp/articles/4f7be934086f620c9e3e642d592f56db868e18fd,1/12(金) 20:30
giz,ギズモード・ジャパン,分解できるキーボード、タイプ感もめちゃくちゃ良かった #CES2024,https://news.yahoo.co.jp/articles/1ffd52c60dab95bb51402b17a4149bfdcfdc06b2,1/12(金) 20:00
giz,ギズモード・ジャパン,ソニーの3D制作用XRヘッドセット。オンとオフ切り替えが簡単 #CES2024,https://news.yahoo.co.jp/articles/87f7dcb68a69103c82d528fda0d5e02bff654537,1/12(金) 19:00
giz,ギズモード・ジャパン,デルが「AIボタン」を搭載したノートPCを発表,https://news.yahoo.co.jp/articles/9ffdabbd9e58d37464577ddc7df4a2ff4eb3d138,1/12(金) 19:00
giz,ギズモード・ジャパン,ティラノサウルスについて勘違いしていること5つ。視力は人間の13倍!?,https://news.yahoo.co.jp/articles/c9a6746b7203890ee88367a491ad8673dc58e003,1/12(金) 6:00
giz,ギズモード・ジャパン,R2-D2が現実世界に？ 家の中を自由に動き回るボール型ロボ #CES2024,https://news.yahoo.co.jp/articles/cbf356cbc9b2569092ae887be62128bceb6a77c8,1/11(木) 19:00
giz,ギズモード・ジャパン,翻訳結果が見えるぞ。海外旅行に持っていきたいTCLのARメガネ #CES2024,https://news.yahoo.co.jp/articles/6d71ddbe8a7f4c226e2aef0ca2a9f33006af7424,1/11(木) 19:00
giz,ギズモード・ジャパン,iOSやWindowsと接続して、外部ディスプレイとして使えるARグラス #CES2024,https://news.yahoo.co.jp/articles/481d523e88953a4e15deed73adf60775569188d5,1/11(木) 19:00
giz,ギズモード・ジャパン,ウサギが秘書になる。手のひらサイズのAIデバイス「r1」 #CES2024,https://news.yahoo.co.jp/articles/d357c8a7a676d9959a31c1dd3ed7a8941f848932,1/11(木) 19:00
giz,ギズモード・ジャパン,ゼンハイザーが完全体に。人気イヤホンの品薄が改善した理由,https://news.yahoo.co.jp/articles/0464463567957f53b1c03c996af02a8a457d00c0,1/11(木) 19:00
giz,ギズモード・ジャパン,メガネに目がある？ 自動でピント合わせをするメガネ #CES2024,https://news.yahoo.co.jp/articles/ee0f75f705ceaae84991e737dfc9810a73efb60f,1/11(木) 11:30
giz,ギズモード・ジャパン,撮ってすぐ、ステッカーになる。コダックの最新インスタントカメラ #CES2024,https://news.yahoo.co.jp/articles/d6c0593a057aee5736ae00b59ecf7a50ac4e95d5,1/11(木) 6:00
giz,ギズモード・ジャパン,「どう見てもアレ」だけど、2万5000円のVRゴーグルを発掘 #CES2024,https://news.yahoo.co.jp/articles/4d4bc50478b5ddded3f67f801fd0cf5afa0b2a0f,1/10(水) 21:00
giz,ギズモード・ジャパン,ロゴがチョウに変わったBluesky。ユーザー数が300万人を突破,https://news.yahoo.co.jp/articles/301a09ed4dd4b3af09657d9c3a7e6f8b44eb5cb6,1/10(水) 20:30
giz,ギズモード・ジャパン,オリジナルデザインのヘッドホンを全世界に発売できるチャンス,https://news.yahoo.co.jp/articles/aa66b22b46e52d9c5587df7d029638806b870e67,1/10(水) 20:00
giz,ギズモード・ジャパン,#CES2024 はまるでドラえもんの世界。生体データがわかる4in1体温計～！,https://news.yahoo.co.jp/articles/1d86898ae9ccb60c027e920739a2d74369b79854,1/10(水) 19:30
giz,ギズモード・ジャパン,多機能ARメガネが空間コンピューティングの入口になるか #CES2024,https://news.yahoo.co.jp/articles/9a9e3d02a511c01b8a25fda7c00b02c803053da5,1/10(水) 19:00
giz,ギズモード・ジャパン,HPの新型ゲーミングPCは白が欲しくなる #CES2024,https://news.yahoo.co.jp/articles/0778e2ae4b91ab6a53356374ed7342f23f038d11,1/10(水) 19:00
giz,ギズモード・ジャパン,能登半島地震への寄付は、こちらがオススメです,https://news.yahoo.co.jp/articles/712913ee6dbbe389abe497df6a434b3264aaf0b6,1/10(水) 19:00
giz,ギズモード・ジャパン,Xbox型のトースター。ロゴの焼き目が美味しそう,https://news.yahoo.co.jp/articles/3c2ae598d2508323b0b94e5858912492e458b0af,1/10(水) 19:00
giz,ギズモード・ジャパン,ネトフリ配信中の『ポケモンコンシェルジュ』が癒しでしかない,https://news.yahoo.co.jp/articles/6c9578047adb86b624b70deb1c9241004285af8e,1/10(水) 19:00
giz,ギズモード・ジャパン,TV Stickもう要らん？ パナソニックのテレビがFire TV OSを採用,https://news.yahoo.co.jp/articles/d91b640c190f544147e024d336c30ef3a0b8cc9b,1/10(水) 19:00
