media_en,media_jp,title_articles,link_articles,date_original
cancam,CanCam.jp,ぐっすり眠れないあなたへ。男女500人に聞いた「快眠のために試してよかったこと」,https://news.yahoo.co.jp/articles/1086104d32708c7073bbddae4696bbefad657e6b,7/23(火) 12:10
cancam,CanCam.jp,後輩とエレベーターに乗るときの正しい位置【ビジネスマナー】,https://news.yahoo.co.jp/articles/896d8430db181fdb8ae09adae138cc364338f51d,7/23(火) 12:06
cancam,CanCam.jp,大胆スリットスカートで、スタイルアップ♪『めざましテレビ』お天気キャスター林佑香さんの毎日コーデ,https://news.yahoo.co.jp/articles/c2810ff7de66d66b4dc4bf26cb0b5a4dc52b352c,7/23(火) 7:04
cancam,CanCam.jp,プール映え＆くびれがすごい！斉藤里奈さんの推し水着コーデ【キレイ色編】,https://news.yahoo.co.jp/articles/43dfb6668afa2a16b0f6c1b14912f310159ed63b,7/22(月) 18:03
cancam,CanCam.jp,猫背、ガチガチの肩コリ、そのままにしておくとヤバいかも。老廃物をドバッと流すほぐし5選,https://news.yahoo.co.jp/articles/824eb570a992d17fdb2c4bd58b7c16aa8d12c9b8,7/22(月) 12:10
cancam,CanCam.jp,髪をサラサラにする方法美容のプロが推すヘアケアアイテムもご紹介します！,https://news.yahoo.co.jp/articles/9ca98651bd42ccfc14821b9026854922a08f9b00,7/22(月) 12:05
cancam,CanCam.jp,肩チラ見えにドキッ『めざましテレビ』お天気キャスター林佑香さんの毎日コーデ,https://news.yahoo.co.jp/articles/48ce9aa4f938549aa9af884b1c69048cd13bdcf8,7/22(月) 7:04
cancam,CanCam.jp,気になる「巻き肩、猫背、ストレートネック」を改善！最短で治すストレッチ3選【おうちケア】,https://news.yahoo.co.jp/articles/dad5e8ab1b35f6df2de969679471d59a692d67b0,7/21(日) 21:10
cancam,CanCam.jp,旅行に「節約と遠慮」は御法度。海鮮丼にスープカレー、「ぼる塾」あんりが函館グルメを食べ尽くす！,https://news.yahoo.co.jp/articles/6702b961eb73f1c53f75ee49104b6ea30e8ed29b,7/21(日) 21:02
cancam,CanCam.jp,"【実食レポ】興味本位で1,296円の高級そうめん買ってみたら、「ちょっとしたプレゼント」に最高だった",https://news.yahoo.co.jp/articles/4fb27a1fbe786d11149732a680496cc892b39232,7/21(日) 9:40
cancam,CanCam.jp,テクニックがない人ほど「道具」に頼ったほうがいい！美容ラバーのおすすめメイクブラシ10本,https://news.yahoo.co.jp/articles/3ce4460a07f6951569be873b5d4057482e125925,7/21(日) 9:30
cancam,CanCam.jp,「伺います」「お伺いします」どっちが正解か知ってますか【ビジネスマナー】,https://news.yahoo.co.jp/articles/36d025f7d8401c76978418f63acd776f3b75daa7,7/20(土) 21:10
cancam,CanCam.jp,【モデル直伝】直角肩になる方法！駆け込みサロンや、韓国アイドル愛用で話題の「かっさ」も公開,https://news.yahoo.co.jp/articles/05b1ae536566907e6b2a66ec0100f99a483137db,7/20(土) 21:01
cancam,CanCam.jp,夫婦関係がうまくいかない人必見。夫婦仲を修復させるコツ7か条,https://news.yahoo.co.jp/articles/0f1667b36cc29372638d59ac5d26dba1208f0f56,7/20(土) 9:40
cancam,CanCam.jp,二の腕があざとい…！『めざましテレビ』お天気キャスター林佑香さんの1週間コーデまとめ,https://news.yahoo.co.jp/articles/abf18f531af8cf32bbcc9567aa2b9eb8dea01cc3,7/20(土) 9:30
cancam,CanCam.jp,プロのヘア&メイクが100本以上から選び抜いた「メイクブラシ」BEST8本,https://news.yahoo.co.jp/articles/b02df7e318f70436d1bd58c34a424b42fcbed44c,7/19(金) 18:05
cancam,CanCam.jp,若手社員が先輩にジェネレーションギャップを感じる瞬間TOP10,https://news.yahoo.co.jp/articles/ee91a8e98274283404b0db847f6e943013398acd,7/19(金) 12:10
cancam,CanCam.jp,山下美月の私物公開！「お気に入りのレイングッズを見せて」,https://news.yahoo.co.jp/articles/9c3d810c9a4586bca2e00d5817dcf94c910634f5,7/19(金) 12:04
cancam,CanCam.jp,ギャザーで体型をカムフラ『めざましテレビ』お天気キャスター林佑香さんの毎日コーデ,https://news.yahoo.co.jp/articles/4fe97114875d4df4ddce482ee2458e2d8fce7344,7/19(金) 7:04
cancam,CanCam.jp,【すぐ試したい】現役アイドル・日向坂46 加藤史帆に聞いてみた！シュッと細い二の腕になる方法,https://news.yahoo.co.jp/articles/b05aab455ab0adb572e7aa5ec904673bbbce6aab,7/18(木) 18:06
cancam,CanCam.jp,【衝撃検証】同じコスメなのに…メイクブラシ1本でこんなに変わる！使用前後を徹底比較,https://news.yahoo.co.jp/articles/5cf45d69fc9953eae6fb3cc5715045231a502546,7/18(木) 12:10
cancam,CanCam.jp,【実録！2週め】1か月に1万kcalは酒を飲む女が、プチ断酒してみた,https://news.yahoo.co.jp/articles/ef74f2dc77d5fb0a49f40555442aff4a656aa95f,7/18(木) 12:03
cancam,CanCam.jp,小顔に盛れる白T！『めざましテレビ』お天気キャスター林佑香さんの毎日コーデ,https://news.yahoo.co.jp/articles/c8f867c1d77c49729f1a02c02585bb98731384d4,7/18(木) 7:04
cancam,CanCam.jp,ベタベタ、ジメジメ…通勤の悩みを解決！「真夏のオフィカジ」最新コーデ,https://news.yahoo.co.jp/articles/f682a0a4664eae9374440577bffd000c3887e440,7/17(水) 18:05
cancam,CanCam.jp,日向坂46・加藤史帆のデートメイク美女感たっぷりな眼差しにキュン,https://news.yahoo.co.jp/articles/21104e03aee36e6ca82392632ec96627928f5783,7/17(水) 12:10
cancam,CanCam.jp,仕事の返事に「なるほどですね」は、アリかナシか。【ビジネスマナー】,https://news.yahoo.co.jp/articles/0bceb1bc5d13ce86d4d620f6778dcbb07aaa6e06,7/17(水) 12:04
cancam,CanCam.jp,ボーダーをモードに着るなら…『めざましテレビ』お天気キャスター林佑香さんの毎日コーデ,https://news.yahoo.co.jp/articles/f648fb7f2f7f05ce42a64c8048d16d4da31c8d7f,7/17(水) 7:06
cancam,CanCam.jp,山下美月、かわいいからキレイへ…「JIMMY CHOO」の名品シューズでイイオンナの階段を,https://news.yahoo.co.jp/articles/e9022eea0aa47b09e2539282e5860ce0c63ac2d9,7/16(火) 18:03
