media_en,media_jp,title_articles,link_articles,date_original
economist,サンデー毎日×週刊エコノミストOnline,米共和党の副大統領候補に39歳のバンス氏　バイデン大統領は選挙戦撤退　中岡望,https://news.yahoo.co.jp/articles/958e49e10741a0b73249a063310867131c900c62,7/25(木) 10:26
economist,サンデー毎日×週刊エコノミストOnline,昭和的なマネジメントをやめ、売上高1兆円を通過点に100年企業へ　大塚裕司・大塚商会社長,https://news.yahoo.co.jp/articles/034091605b55e6e5842ce0ec315ec79383b42ea6,7/25(木) 10:24
economist,サンデー毎日×週刊エコノミストOnline,地熱発電の潜在力は世界3位　開発が一筋縄では進まない現実　土守豪,https://news.yahoo.co.jp/articles/329ea09e4d4d138c8233c7161bda47cda98f6931,7/24(水) 9:51
economist,サンデー毎日×週刊エコノミストOnline,皇族という「血のスペア」「かかし」と扱われる苦悩　成城大教授・森暢平,https://news.yahoo.co.jp/articles/07ab781bcfe44e3925f21a629403d3fb56789918,7/23(火) 15:05
economist,サンデー毎日×週刊エコノミストOnline,全国98進学校　海外名門大合格実績　受験生たちの視線は世界へ　海外名門大に強い学校は？,https://news.yahoo.co.jp/articles/3721dc122c6a9bb496ef7f5e4a41327638160736,7/23(火) 14:46
economist,サンデー毎日×週刊エコノミストOnline,日本の宇宙企業はニッチ市場の開拓がカギに　注目はSAR衛星ビジネス　鈴木一人,https://news.yahoo.co.jp/articles/59b744d6062fa4e089cb2d4c19eb5a6a610ca547,7/23(火) 10:04
economist,サンデー毎日×週刊エコノミストOnline,「金利のある世界で渋沢イズムを実践する」　加藤勝彦・みずほ銀行頭取インタビュー,https://news.yahoo.co.jp/articles/223981b618009f9e9eccc4b4daec6ae9dc37c390,7/23(火) 10:03
economist,サンデー毎日×週刊エコノミストOnline,フランス議会選挙　混迷極める政権発足への道　極右誕生回避も「いばら」は続く,https://news.yahoo.co.jp/articles/ee1752cf8334dc2d3ee0a7ce2bc08f2d907e3325,7/18(木) 10:10
economist,サンデー毎日×週刊エコノミストOnline,「弾劾」連発で政敵を追い詰める韓国政治の不幸　澤田克己,https://news.yahoo.co.jp/articles/5ac63c269464e313a5fcdd0cb1fde6ab881485de,7/17(水) 9:34
economist,サンデー毎日×週刊エコノミストOnline,生成AIがフェイクを氾濫させる「デジタル公害」の時代　長谷佳明,https://news.yahoo.co.jp/articles/31f54ddd2790f2edee3c58d505e1c24adc61345e,7/16(火) 10:36
economist,サンデー毎日×週刊エコノミストOnline,好調な宇都宮LRTの初年度　地域の移動手段として定着　梅原淳,https://news.yahoo.co.jp/articles/73bd8d35af85d485b1f7a161ae97da96f09cfde4,7/12(金) 10:04
economist,サンデー毎日×週刊エコノミストOnline,川上から川下まで環境や健康に貢献できる商品づくりを目指す　福井正一・フジッコ社長,https://news.yahoo.co.jp/articles/67080b6be5865635e44ea52c593ba306f35c92ff,7/11(木) 10:23
economist,サンデー毎日×週刊エコノミストOnline,マスク氏に史上最高額の報酬　苦境テスラの成長を期待する個人株主が支持　河村靖史,https://news.yahoo.co.jp/articles/a19c2d0dc5cbd1046c10f9c7ddb149908f952133,7/11(木) 10:15
economist,サンデー毎日×週刊エコノミストOnline,住宅の作りすぎ　「賃貸用」が空き家の半数　富裕層の相続税対策が拍車,https://news.yahoo.co.jp/articles/f3b8faa3136f03358813bdcf064ba3d66d65c206,7/10(水) 9:59
economist,サンデー毎日×週刊エコノミストOnline,人口減少社会　東京も間もなく「衰退」予測　タワマンの厳しすぎる未来,https://news.yahoo.co.jp/articles/6d99f0e661e75b0dcb68e8c5a3f07c325301dce6,7/10(水) 9:42
economist,サンデー毎日×週刊エコノミストOnline,全国著名進学校「難関・有名大『現役』進学実績」学校選びは進学者数を重視,https://news.yahoo.co.jp/articles/b40c077669d06c0878a619b89aab6b12fc068346,7/9(火) 13:59
economist,サンデー毎日×週刊エコノミストOnline,「廃虚化させないためにこれからは解体費も確保へ」　戎正晴・今後のマンション政策のあり方に関する検討会委員,https://news.yahoo.co.jp/articles/b63bd4a8a9e6290352cb9d036bb0870c53105ee8,7/9(火) 10:05
economist,サンデー毎日×週刊エコノミストOnline,廃墟寸前マンションにも居住者　管理費・修繕積立金の滞納増える　立て直しへ最後のチャンス,https://news.yahoo.co.jp/articles/ab814282f475cd78d39cf645dbb7ccbde4234b64,7/9(火) 10:03
economist,サンデー毎日×週刊エコノミストOnline,戦後社会が欲していた旧皇族の「離婚」醜聞　成城大教授・森暢平,https://news.yahoo.co.jp/articles/ad37c507ec4b78a7e19c031fd4ca766b2384db7b,7/8(月) 18:09
economist,サンデー毎日×週刊エコノミストOnline,「時代の歌姫」の新たな伝説　中森明菜が復活する！　中森明夫,https://news.yahoo.co.jp/articles/cbc8aa9f4289afc99c0e152d10cd82e4b1f89702,7/5(金) 16:10
economist,サンデー毎日×週刊エコノミストOnline,イラン大統領選　過半数なく決選投票へ　改革派が首位の波乱　斉藤貢,https://news.yahoo.co.jp/articles/c92856da9b7e7425bf56e7c70b43e63a4eeff4cf,7/5(金) 10:05
economist,サンデー毎日×週刊エコノミストOnline,紙幣改刷の狙いには「タンス預金あぶり出し」と「キャッシュレス決済普及」も　永濱利廣,https://news.yahoo.co.jp/articles/61a00f10979ec8ae47faa5bc05c87da5729cdd58,7/4(木) 10:24
economist,サンデー毎日×週刊エコノミストOnline,客の声を聞き、高機能と低価格を両立　小浜英之・ワークマン社長,https://news.yahoo.co.jp/articles/e57af2f3c2d75c7afeec55bdd6fe46df210bd016,7/4(木) 10:21
economist,サンデー毎日×週刊エコノミストOnline,米大統領選　米M&Z世代は反トランプ＋親パレスチナ　選挙の行方を左右する若者たち,https://news.yahoo.co.jp/articles/aae2ab7460e4b73109eefaa795094d36f0e9d3d4,7/3(水) 9:56
economist,サンデー毎日×週刊エコノミストOnline,東大卒の33歳、東京都知事選で掲げる「デジタル民主主義」って何？,https://news.yahoo.co.jp/articles/556f9225a153aba4c9699189d8ef59b2724e5668,7/2(火) 18:51
economist,サンデー毎日×週刊エコノミストOnline,ASEAN経済　高まる中国経済との連動性　米中対立で「漁夫の利」喪失も,https://news.yahoo.co.jp/articles/f2aedf404e632d60e37272cf4d505b25029f39e8,7/2(火) 10:05
economist,サンデー毎日×週刊エコノミストOnline,戦前結婚の悲劇を忘れた愛子さまと旧皇族「縁組」案　成城大教授・森暢平,https://news.yahoo.co.jp/articles/d294520e3b2fa3a262c37c2b4b3161d2227b74eb,7/1(月) 13:57
economist,サンデー毎日×週刊エコノミストOnline,インドやタイの中間層を狙え　製造業からサービス・小売りへシフト　谷道健太／和田肇・編集部,https://news.yahoo.co.jp/articles/2bf454e1d48695a0bd7986d59a3cf321418bd82a,6/30(日) 17:00
economist,サンデー毎日×週刊エコノミストOnline,問われるトヨタのガバナンス　株主総会で豊田会長の選任賛成率が72％に,https://news.yahoo.co.jp/articles/9078bc78bb644264cd7e548c178484ef2bbb7625,6/28(金) 10:26
economist,サンデー毎日×週刊エコノミストOnline,朝露接近に韓国・進歩系紙の「尹政権の価値外交批判」には違和感　澤田克己,https://news.yahoo.co.jp/articles/50f3cd83c31550dff497e499d08dcd3b1d300272,6/28(金) 10:16
economist,サンデー毎日×週刊エコノミストOnline,高田文夫が人生を語り始めた　お笑い、映画、歌謡、雑誌編集…「芸能の申し子」　水道橋博士の藝人余録 ／8,https://news.yahoo.co.jp/articles/1af00975a93af38283535e332cca34a4bf000115,6/27(木) 15:24
economist,サンデー毎日×週刊エコノミストOnline,ガザの惨劇　哲学者・鵜飼哲が語る「大量殺戮の時代」の核心【倉重篤郎のニュース最前線】,https://news.yahoo.co.jp/articles/469fb380d5631d7dd368dbea40761ffc7b9c0355,6/27(木) 15:20
economist,サンデー毎日×週刊エコノミストOnline,日銀　7月に追加利上げの可能性　「正常化」は不透明感続く,https://news.yahoo.co.jp/articles/cc9d08fabe39ba984599daa98fdc9a50aab100cb,6/27(木) 10:26
economist,サンデー毎日×週刊エコノミストOnline,日中のキャッシュレス決済サービス50超に対応　李剛・ネットスターズ社長CEO,https://news.yahoo.co.jp/articles/295056d3e62caef316c0b340f30871ce1c448772,6/27(木) 10:23
economist,サンデー毎日×週刊エコノミストOnline,新潟・湯沢　フジロックフェスティバル25年の歩み　音楽フェスで築くまちづくりの今後,https://news.yahoo.co.jp/articles/5f6818dd2b5c0c0ed78106565b6b282cddcf6f70,6/26(水) 16:37
economist,サンデー毎日×週刊エコノミストOnline,米国CPI　グローバル市場を揺さぶる　米国物価指数の「かく乱」,https://news.yahoo.co.jp/articles/ed0cb27f48489ac8e7e7a97645d228f9d837deb4,6/26(水) 9:52
