media_en,media_jp,title_articles,link_articles,date_original
piaeigat,‚Ò‚ ,Œ€’cƒqƒgƒnƒ_‚Ì‘æ2‰ñŒö‰‰w—·Œ|l‚Ì‹L˜^xŠJ–‹@”N––‚É”ÔŠOŒö‰‰wˆÇm“¤•…‚ÌƒRƒRƒx‚Ìã‰‰‚ªŒˆ’è,https://news.yahoo.co.jp/articles/b5530fb8e9baa6de3c3f51f5ca2c80ca135b3b52,9/5(–Ø) 16:10
piaeigat,‚Ò‚ ,V‘—§Œ€êAƒIƒyƒ‰E‰‰Œ€Œö‰‰‚É¬Šw¶`18ÎˆÈ‰º‚ğ–³—¿µ‘Ò,https://news.yahoo.co.jp/articles/ed0062a9a4f24d7ae233e5e858534003efab77a1,9/5(–Ø) 15:10
piaeigat,‚Ò‚ ,“ú–{‰•ú‘—IwƒoƒCƒIƒOƒ‰ƒtƒB[FƒAƒ‹EƒJƒ|ƒl `ˆÃ•ŠX‚Ì’é‰¤x”Ô‘g–`“ª‰f‘œŒöŠJ,https://news.yahoo.co.jp/articles/5a14b182c75bd0238d1bc823b626bccefd570482,9/5(–Ø) 12:03
piaeigat,‚Ò‚ ,w‘æ37‰ñ“Œ‹‘Û‰f‰æÕx‚ÌƒiƒrƒQ[ƒ^[‚ª‹e’n™zq‚ÉŒˆ’è@‚Ü‚È‚´‚µ‚ªˆóÛ“I‚Èƒ|ƒXƒ^[‚àŒöŠJ,https://news.yahoo.co.jp/articles/6c4222ac8f18ed610a4fd90efab62ebd3bbb4612,9/5(–Ø) 12:02
piaeigat,‚Ò‚ ,‹½‚Ğ‚ë‚İA2024”N‘S‘ƒcƒA[û‚ß‚½ƒ‰ƒCƒuDVD•Blu-ray‚ÌƒWƒƒƒPƒbƒgŒöŠJ,https://news.yahoo.co.jp/articles/225e47cf789eef11711735445ed5e4c065a13d3e,9/5(–Ø) 12:01
piaeigat,‚Ò‚ ,‘íK„å‰‰•‘‘äwƒ”ƒFƒjƒX‚Ì¤lx–ì‘ºü•½A²‹vŠÔ—Rˆß‚ç‘SƒLƒƒƒXƒg”­•\,https://news.yahoo.co.jp/articles/5b2c1e743608a81def4eaaed88aa963c8a3c5879,9/5(–Ø) 12:00
piaeigat,‚Ò‚ ,”­”„‚©‚ç1”N‚ğŒo‚Äd”Åi6üjŒˆ’èI Mrs. GREEN APPLE10ü”N‹L”O‰‚ÌŒö®–{wPMC‚Ü‚é‚²‚Æ1ûƒ~ƒZƒXxƒƒ“ƒOƒZƒ‰[XV’†I,https://news.yahoo.co.jp/articles/94fbcc29cba8441bf065adbc425ed92e0adf0dea,9/5(–Ø) 12:00
piaeigat,‚Ò‚ ,ƒgƒƒ“ƒg‘Û‰f‰æÕFŒ»’nŠÔ5“ú‚ÉŠJ–‹,https://news.yahoo.co.jp/articles/84cf07c4f7697f9e1ab8ea26187f3feceb2b8b2b,9/5(–Ø) 12:00
piaeigat,‚Ò‚ ,˜Z–{–Øƒqƒ‹ƒY‚Ì‹‘å‚È’wå‚Ìì•i‚Å’m‚ç‚ê‚éƒ‹ƒC[ƒYEƒuƒ‹ƒWƒ‡ƒ@“ú–{‚Å‚ÍÅ‘å‹K–Í‚Æ‚È‚éŒÂ“W‚ªX”üpŠÙ‚Å,https://news.yahoo.co.jp/articles/033276b3e9cb5b1edfef7e8df292c98e41f80d03,9/5(–Ø) 11:35
piaeigat,‚Ò‚ ,ƒEƒBƒ‹EƒXƒ~ƒX‚ªwSugar Banditsxå‰‰‚ğ~”Â,https://news.yahoo.co.jp/articles/d9e9397360ed2ff22465c1b15cd2680d39a3adf0,9/5(–Ø) 11:03
piaeigat,‚Ò‚ ,w”Æß“ss PUNISHMENTx3l‚Ìˆ«“}‚ğ‚È‚¬“|‚·‰£‚è‚İƒV[ƒ“ŒöŠJ@ŠeŠE’˜–¼l‚Ì‰‰‡ƒRƒƒ“ƒg‚à“’…,https://news.yahoo.co.jp/articles/33e85a6f4ce430aa1d945f065f4821c915528f93,9/5(–Ø) 10:00
piaeigat,‚Ò‚ ,wƒƒ“ƒ_[ ŒN‚Í‘¾—zx‚Ì‚à‚¤‚Ğ‚Æ‚Â‚Ì•¨ŒêwƒzƒƒCƒgƒo[ƒh ‚Í‚¶‚Ü‚è‚Ìƒƒ“ƒ_[xŒöŠJŒˆ’è@—\•Ò•“ú–{”Åƒ|ƒXƒ^[ŒöŠJ,https://news.yahoo.co.jp/articles/dc3e5e13d190b58bfa65b8fe565f376baf1ed43c,9/5(–Ø) 9:00
piaeigat,‚Ò‚ ,7 MEN ˜u‹¹‚ğ’£‚ê‚éì•i‚É‚Å‚«‚ê‚Îv‰‚ÌV‹´‰‰•‘ê’P“Æå‰‰wMASSARAxŠJ–‹,https://news.yahoo.co.jp/articles/8eff0195f5d6f8d810e3dca89b98bc1e6bb0da5d,9/5(–Ø) 7:00
piaeigat,‚Ò‚ ,‚ ‚Ìƒ}ƒCƒNƒ‰‚ªÀÊ‰f‰æ‰»I wƒ}ƒCƒ“ƒNƒ‰ƒtƒg^ƒUEƒ€[ƒr[x2025”N“ú–{ŒöŠJŒˆ’è,https://news.yahoo.co.jp/articles/70a03c4707a5ad9cb8a9de8404c3a6ac950acc71,9/4(…) 22:50
piaeigat,‚Ò‚ ,reGretGirlAV‹ÈuƒƒXƒ^ƒCƒ€vƒ‰ƒCƒu‰f‘œ‚Å\¬‚³‚ê‚½MVŒöŠJ,https://news.yahoo.co.jp/articles/f60041031009368fc6611598829975abadd457f0,9/4(…) 21:02
piaeigat,‚Ò‚ ,ƒXƒK ƒVƒJƒIA‰‚Ì©“`“IƒGƒbƒZƒCW‚ªƒAƒ‹ƒoƒ€‰‰ñŒÀ’è”Õ‚É“¯«@‘S‘ƒcƒA[‚ÌÚ×‚à”­•\,https://news.yahoo.co.jp/articles/587e10012e9a2b2d3ac24a8077cf5452027f31b1,9/4(…) 20:03
piaeigat,‚Ò‚ ,GLIM SPANKYAƒo[ƒ`ƒƒƒ‹ƒVƒ“ƒK[‰Ô•ˆ‚Æ‚ÌƒRƒ‰ƒ{‹È‚ğ”zMƒŠƒŠ[ƒX,https://news.yahoo.co.jp/articles/4825a758e6b44aa695c480063a3fc55c855ff90b,9/4(…) 19:03
piaeigat,‚Ò‚ ,O‰Y—Á‰îA‘å‹ó‚ä‚¤‚ĞA‰ª–{Œ\l‚ç‚ª¢ŠEÅ‚•ô‚ÌƒMƒŠƒVƒƒ”ßŒ€‚É’§‚ŞI@•‘‘äwƒIƒCƒfƒBƒvƒX‰¤xã‰‰Œˆ’è,https://news.yahoo.co.jp/articles/3c58e130047771c94f5e8cf2af16e0ba2a2f3b64,9/4(…) 18:30
piaeigat,‚Ò‚ ,ŠÏ‹q‚à‹C‚ª”²‚¯‚È‚¢I—ŒêAu’kA˜Q‹ÈA–ŸË‚Ì‚²‚Á‚½ÏŒö‰‰w‚µ‚Ì‚Î‚¸ŠñÈx,https://news.yahoo.co.jp/articles/af70066e27ee5db1d842549e4b570399f6f14a39,9/4(…) 18:05
piaeigat,‚Ò‚ ,‘S‘ƒcƒA[ŠJÃ–Ú‘OI@COPESƒCƒ“ƒ^ƒrƒ…[u‚Ç‚ñ‚ÈƒWƒƒƒ“ƒ‹‚É¬‚¶‚Á‚Ä‚àí‚¦‚é‚æ‚¤‚Èƒoƒ“ƒh‚É‚È‚è‚½‚¢v,https://news.yahoo.co.jp/articles/d42d4fb5445d78af569eb74ab164a81c588117ba,9/4(…) 18:04
piaeigat,‚Ò‚ ,w²X–ØAƒCƒ“Aƒ}ƒCƒ}ƒCƒ“xƒŠƒoƒCƒoƒ‹ã‰fŒˆ’è@ƒXƒ^[ƒg‚ÍwTOHOƒVƒlƒ}ƒYƒsƒbƒNƒAƒbƒvEƒVƒlƒ} Vol.7x,https://news.yahoo.co.jp/articles/0ff4b11c2fd5f485cf5064b0621789b622b93266,9/4(…) 18:01
piaeigat,‚Ò‚ ,Reolu“¦‚°ê‚¾‚Á‚½‰¹Šy‚ª‹êŠ‚Æ‚È‚Á‚½v10”N‚Ì‹OÕ‚ğ‹ÃkuReol Oneman Live gNo titlehin BUDOKANv,https://news.yahoo.co.jp/articles/b37e61579c516868707538b641866e5b2c1cfafe,9/4(…) 17:02
piaeigat,‚Ò‚ ,SNS‚Å˜b‘è•¦“«Iw˜ƒ^ƒCƒ€ƒXƒŠƒbƒp[x‘S‘50ŠÙˆÈã‚ÌŒ€ê‚ÅŠg‘åŒöŠJ‚ªŒˆ’è,https://news.yahoo.co.jp/articles/683551a12d131f5d4f7a9a14300bfd0353de6fe2,9/4(…) 17:01
piaeigat,‚Ò‚ ,yƒŒƒ|[ƒgzR’†àôqŠÄ“Â~‰Í‡—DÀw‚ ‚İ‚±x“Á•Êã‰f‰ïƒg[ƒNƒVƒ‡[ŠJÃu„‚É‚Æ‚Á‚Äw‚ ‚İ‚±x‚Í“Á•Ê‚È‘ÌŒ±‚Å‚·v,https://news.yahoo.co.jp/articles/8f2b530809f6ef5cc21cd069d68264ba887bf1c4,9/4(…) 13:20
piaeigat,‚Ò‚ ,ŒË¼—y•“à“c—Y”nƒCƒ“ƒ^ƒrƒ…[BwƒGƒCƒŠƒAƒ“xVì‚Ì“oêl•¨‚ÍuŠÏ‹q‚ª‹¤Š´‚Å‚«‚éƒLƒƒƒ‰ƒNƒ^[v,https://news.yahoo.co.jp/articles/2f262789ba0c4b6816a2f6938e58228cb4b1c427,9/4(…) 12:04
piaeigat,‚Ò‚ ,‘O“cŒö‹P‚ÌŒÇ“Æ‚Æ‚ÌŒü‚«‡‚¢•ûuV‚µ‚¢‚±‚Æ‚É’§í‚µ‚ÄAâ‚µ‚³‚ğ–„‚ß‚Ä‚Ü‚·v,https://news.yahoo.co.jp/articles/3e2c86de12a51d9147d0a0a4f87acccf786b6fc7,9/4(…) 12:04
piaeigat,‚Ò‚ ,yPFFŠJÃ’¼‘OI“ü‘IŠÄ“Â‘Î’kzjãÅ”N­14Î‚Å“ü‘IA‚Ğ‚ª‚µ¹—DŠÄ“Â~Œ¢“¶ˆêSŠÄ“Â,https://news.yahoo.co.jp/articles/e18bd38f01a782b062aabe0ec8996da384dc8e24,9/4(…) 12:03
piaeigat,‚Ò‚ ,yLiLiCo‚Ì‚±‚Ì‰f‰æA–„‚à‚ç‚³‚¹‚¿‚áƒ_ƒIzƒTƒoƒCƒoƒ‹ƒhƒ‰ƒ}‚Æ‚µ‚Ä‚ÌƒŠƒAƒ‹‚à’Ç‹‚³‚ê‚Ä‚¢‚Ü‚·wƒGƒAEƒƒbƒN ŠC’ê‹Ù‹}”ğ“ïŠx,https://news.yahoo.co.jp/articles/1eead5d73a3d491a88b0445f031c49a045460490,9/4(…) 12:01
piaeigat,‚Ò‚ ,wƒŠƒLƒbƒhƒXƒP[ƒv “Œ“ìƒAƒWƒA‚Ì¡‚ğŒ©‚éxƒA[ƒc‘O‹´‚Å@—¬“®‚·‚é“Œ“ìƒAƒWƒA’nˆæ‚Ìu¡v‚ğ12‘g‚É‚æ‚éì•i‚ÅĞ‰î,https://news.yahoo.co.jp/articles/3a498f2474ba5467789e54ca50c84ee713f9e97a,9/4(…) 11:30
piaeigat,‚Ò‚ ,ƒAƒjƒƒEƒeƒCƒ‰[ƒWƒ‡ƒCAuƒGƒ‹ƒT‚ğ‰‰‚¶‚½‚¢v,https://news.yahoo.co.jp/articles/e81667f1d7be51686e70dac318e79cfe20e3d940,9/4(…) 11:03
piaeigat,‚Ò‚ ,CHO CO PA CO CHO CO QUIN QUINA1stƒAƒ‹ƒoƒ€wtraditionxƒJƒZƒbƒgƒe[ƒv‚Å‚Ì”­”„‚ªŒˆ’è,https://news.yahoo.co.jp/articles/707929a60a18b2464140b40c4659d8e196e18a6a,9/4(…) 10:40
piaeigat,‚Ò‚ ,‘æ3ŠúBiSA‰ğUƒ‰ƒCƒuwFinale of third BiSx‚ğ—ˆ”N1Œ‚É“ú”ä’J–ì‰¹‚ÅŠJÃ,https://news.yahoo.co.jp/articles/65d9d4aa8a67f784c3d6ba4039aa56b7fe8bf62f,9/4(…) 10:40
piaeigat,‚Ò‚ ,MEƒiƒCƒgEƒVƒƒƒ}ƒ‰ƒ“ŠÄ“ÂÅVìwƒgƒ‰ƒbƒvx10Œ“ú–{ŒöŠJŒˆ’è@ƒWƒ‡ƒVƒ…Eƒn[ƒgƒlƒbƒg‚ªØ‚è—ô‚«–‚‚É,https://news.yahoo.co.jp/articles/309e4cd829cf421f9f9d8d2f48fe2b595074cdb2,9/4(…) 9:00
piaeigat,‚Ò‚ ,BREIMEN‚Ìƒc[ƒ}ƒ“ƒcƒA[‚É.ENDRECHERI.ATOMOO‚ªƒQƒXƒgo‰‰,https://news.yahoo.co.jp/articles/a0cd0c54f36f2e6285fdec5da442287140342013,9/3(‰Î) 21:01
piaeigat,‚Ò‚ ,KroiAƒcƒA[wUnspoilx‰“úŒö‰‰‚æ‚èuGreen FlashvuPULSEvƒ‰ƒCƒu‰f‘œŒöŠJ,https://news.yahoo.co.jp/articles/67df415c2e26c69ae320768f1042d3cc5edf163c,9/3(‰Î) 20:02
piaeigat,‚Ò‚ ,íœÉ‚©‚È‚Ì‚ªƒ‰ƒCƒuŠˆ“®‚ğÄŠJ@9Œ4“ú‚ÉV‹È4‹È‚ğ‹Ù‹}”zM@9Œ8“úŠJÃ‚Ì¶’aƒCƒxƒ“ƒg‚Å‚Íd‘å”­•\‚Ì—\’è‚à,https://news.yahoo.co.jp/articles/46392a6433042f4795dc81e420aa8e0ee6e8501f,9/3(‰Î) 19:02
piaeigat,‚Ò‚ ,ƒNƒ‰ƒtƒgƒr[ƒ‹‚ÌÕ“TuGIFU BEER FESTIVALv‚ªŠJÃ,https://news.yahoo.co.jp/articles/c637177fec4842905db55b506d0921a6dd98248b,9/3(‰Î) 18:06
piaeigat,‚Ò‚ ,wƒGƒCƒŠƒAƒ“Fƒƒ€ƒ‹ƒXx’a¶‚©‚ç45”NccƒGƒCƒŠƒAƒ“‚Í‚â‚Á‚Ï‚è‰F’ˆˆê‚â‚Á‚©‚¢‚È‰»‚¯•¨,https://news.yahoo.co.jp/articles/133352dfc71b729fc7951b94be6d2ee52be6a5d2,9/3(‰Î) 18:04
piaeigat,‚Ò‚ ,ŒÂ«–L‚©‚ÈV^‘Å‚¿‚ÌV‚½‚È–åo‚ğj‚¢‚½‚¢w—ß˜a6”N H ^‘Å¸iP–¼”â˜I‹»sx,https://news.yahoo.co.jp/articles/39fceacc0e05ce095b8aec82f5f612926057a2ec,9/3(‰Î) 18:04
piaeigat,‚Ò‚ ,l—Ş‰‚ÌŠjÀŒ±‚Í‚Ç‚¤‚â‚Á‚Ä•`‚©‚ê‚½H wƒIƒbƒyƒ“ƒnƒCƒ}[x217•ª‚É‚¨‚æ‚Ô“Á“T‰f‘œ‚Å‚»‚Ì— ‘¤‚ğ’m‚é,https://news.yahoo.co.jp/articles/62e536838504b2ee3a158dee8cba77a9d1e1a1d3,9/3(‰Î) 18:01
piaeigat,‚Ò‚ ,ƒfƒBƒA[ƒkEƒLƒ…ƒŠƒXŠÄ“Â‚Ìƒfƒrƒ…[ìwƒyƒp[ƒ~ƒ“ƒgƒ\[ƒ_x47”N‚Ì‚ğŒo‚Ä“ú–{‰ŒöŠJŒˆ’è,https://news.yahoo.co.jp/articles/85ba901ba96c778bb7bb3c195eca9b379e4f33e0,9/3(‰Î) 17:11
piaeigat,‚Ò‚ ,–ö‰Æ‹ª‘¾˜Y~ç—t‰ëq‚É‚æ‚é“ñl‰ïw‚«‚å‚ñ‚Æ‚¿‚Î Vol.5|ƒ}ƒCƒmƒŠ60s|x—ˆŒŠJÃ,https://news.yahoo.co.jp/articles/941de4b20461b7cc78c4e90d9de9cbd709e6842c,9/3(‰Î) 16:50
piaeigat,‚Ò‚ ,“ú–{‚ÌŒ»‘ãŒ|p‚ğ¢ŠE‚ÖBSCOTƒTƒ}[EƒV[ƒYƒ“2024‚É‚Ä£ŒËR”üçA–xì‰ŠA•Ÿ‰i•jAEMMA‚ç‚Ì‹C‰s‚Ìì•i‚ğã‰‰’†,https://news.yahoo.co.jp/articles/f1c61805b6d990589de30d9c6aac4cc59a936246,9/3(‰Î) 14:30
piaeigat,‚Ò‚ ,¬àVª¢‚Ì‹Md‚È‰f‘œ‚ğYouTube‚Å,https://news.yahoo.co.jp/articles/924868aab5d9c46e9c43e09a324337935278c27f,9/3(‰Î) 12:06
piaeigat,‚Ò‚ ,‰f‰æw—÷‚ê‚İ‚Ì3Íx109ƒVƒlƒ}ƒYƒvƒŒƒ~ƒAƒ€Vh‚Å35mmƒtƒBƒ‹ƒ€ã‰fŒˆ’è@ŠÄ“Â‰ß‹ì‚ÌÄã‰f‚à”­•\,https://news.yahoo.co.jp/articles/73df0022c75cedef23c3bd7d553af965ef1632f1,9/3(‰Î) 12:04
piaeigat,‚Ò‚ ,—Î‰©FĞ‰ï‚ª•l•Ó”ü”gå‰‰w˜Zl‚Ì‰R‚Â‚«‚È‘åŠw¶x‚Ìå‘è‰Ì‚ğ‘‚«‰º‚ë‚µ@ÅV—\‰f‘œŒöŠJ,https://news.yahoo.co.jp/articles/8375d17c4498d8bbfd7db576830649566647ca81,9/3(‰Î) 12:03
piaeigat,‚Ò‚ ,HakubiEƒ}ƒcƒCƒ†ƒEƒLidsj‚ªƒoƒ“ƒh‚ğ’E‘ŞyƒRƒƒ“ƒg‚ ‚èz,https://news.yahoo.co.jp/articles/e8e850834d335ba3c8b3d1ad160dcfef70cbe97a,9/3(‰Î) 12:00
piaeigat,‚Ò‚ ,GLIM SPANKY‚ª‰ß‹‚ğ‹N“_‚É¡‚ğ•`‚­@ƒƒWƒƒ[ƒfƒrƒ…[10ü”N‹L”OƒcƒA[ÅIŒö‰‰ƒIƒtƒBƒVƒƒƒ‹ƒŒƒ|[ƒg,https://news.yahoo.co.jp/articles/1b1ac11aa9f788c016cf4edb2f4cbae266da8452,9/3(‰Î) 11:42
piaeigat,‚Ò‚ ,w‚©‚ª‚­‚¢‚Ğ‚ë‚µ‚Ì¢ŠE“Wx”ª‰¤qs–²”üpŠÙ‚Å@u‚¾‚é‚Ü‚³‚ñvƒVƒŠ[ƒY‚Ù‚©‘Sì•i‚ÌŒ´‰æ‚âƒAƒCƒfƒAƒXƒPƒbƒ`‚È‚Ç‚ğ“W¦,https://news.yahoo.co.jp/articles/674590e564c57f2e0f3e790e2a88d7bb117dbefe,9/3(‰Î) 11:31
piaeigat,‚Ò‚ ,w‚è‚ñ‚²‰¹ŠyÕ2024xo‰‰ƒA[ƒeƒBƒXƒg‘æ12’e”­•\@‚è‚ñ‚²ƒXƒe[ƒW•‚»‚ÎƒXƒe[ƒW‚Ìƒ^ƒCƒ€ƒe[ƒuƒ‹‚à,https://news.yahoo.co.jp/articles/3403dd280e4b1b4a89c948881f2c0ec198953eb0,9/3(‰Î) 11:02
piaeigat,‚Ò‚ ,‚Ó‚§`‚ä`•­”N”EÒ‚Ì[“c—³¶••“cŒõ‹P‚ªå‰‰I@ƒŠ[ƒfƒBƒ“ƒO‰¹ŠyŒ€wƒWƒƒƒ“ƒOƒ‹‘å’éx2•”ì˜A‘±ã‰‰‚ÅƒŒƒI‚Ì¶ŠU‚ğ•`‚­,https://news.yahoo.co.jp/articles/613be10598a75e20fd78ecdf8bc51fe4cef42f08,9/3(‰Î) 10:01
piaeigat,‚Ò‚ ,“ñ¢’†‘º‹g‰E‰q–å‚ä‚©‚è‚Ì”z–ğ‚ÅAÊ‚è–L‚©‚È‰‰–Ú‚ª‘µ‚Á‚½uGRÕ‹ãŒ‘å‰Ì•‘ŠêvŠJ–‹,https://news.yahoo.co.jp/articles/85811dfb7f25c61030d72c86799b9a3b3498961f,9/3(‰Î) 10:01
piaeigat,‚Ò‚ ,ƒVƒ“‚éE‚Ğ‚Ü ƒIƒŠƒWƒiE‚é ƒ~ƒ…[ƒWƒJE‚é Šv–½w‚à‚¦E‚éŒ•x‘SƒLƒƒƒXƒg•Œö‰‰Ú×”­•\,https://news.yahoo.co.jp/articles/3179abf0eaac00c18ce192ebbb3e3a393c16ffe7,9/2(Œ) 21:11
piaeigat,‚Ò‚ ,•‘‘äwã’ƒyƒ_ƒ‹xOver the sweat and tearsŠJ–‹@ƒRƒƒ“ƒg••‘‘äÊ^‚ª“’…,https://news.yahoo.co.jp/articles/83f968d0d38b9ff58328f7af143b017ed5f64c26,9/2(Œ) 21:03
piaeigat,‚Ò‚ ,wƒIƒbƒyƒ“ƒnƒCƒ}[x3ŠÔ’´‚¦‚Ì“Á“T‰f‘œ‚Éû‚ß‚ç‚ê‚éƒm[ƒ‰ƒ“ŠÄ“Â‚Ì‚±‚¾‚í‚è‚Æ‚ÍH,https://news.yahoo.co.jp/articles/05347e58887aab59a97c90fc6b8a80251294338b,9/2(Œ) 19:11
piaeigat,‚Ò‚ ,ˆÉ“¡ —–AÅVƒz[ƒ‹ƒcƒA[‰“úŒö‰‰‚Ìƒ_ƒCƒWƒFƒXƒg‰f‘œŒöŠJ@ƒLƒƒƒ“ƒfƒB[ƒY‚Ì–¼‹È‚ğŠÜ‚ŞƒZƒbƒgƒŠƒXƒg‚àˆê•”‰ğ‹Ö,https://news.yahoo.co.jp/articles/364a87bacede69da306ec4fc262a03014a10a6fd,9/2(Œ) 18:10
piaeigat,‚Ò‚ ,uPFF ƒAƒ[ƒh 2024vƒIƒŠƒWƒiƒ‹ƒ|ƒXƒ^[“WŠJÃŒˆ’è•18ÎˆÈ‰º–³—¿µ‘ÒŒˆ’è,https://news.yahoo.co.jp/articles/b00db99aa2f8dc29fd29b25a4300b34a29cdfd53,9/2(Œ) 18:05
piaeigat,‚Ò‚ ,the pillows‚ª35ü”N‹L”O‚Ì‹‰ØƒCƒ“ƒ^ƒrƒ…[ƒuƒbƒN•ƒ‰ƒCƒu‰f‘œƒpƒbƒP[ƒW‚ğ”­”„,https://news.yahoo.co.jp/articles/13568bccd3d6717176dc2dbfe14ddc309c1b3526,9/2(Œ) 18:04
piaeigat,‚Ò‚ ,gO‘è”¶‚Ì“VËhO—V’à”’’¹‚Æt‚Æ‹Â‚®—§ì‹gÎ‚Ì‹Md‚Èƒg[ƒN‚à@‘ãŠ¯R—Œê–é™òwO‘è”¶Œ†ì‘ÎŒˆIx,https://news.yahoo.co.jp/articles/f3142657713fd022793da4bbb3af1e75bd958737,9/2(Œ) 18:04
piaeigat,‚Ò‚ ,WEST.‚©‚çBRING ME THE HORIZON‚Ü‚ÅBBABYMETAL‚ÌƒQƒXƒgo‰‰‚à˜b‘è‚Æ‚È‚Á‚½uSUMMER SONIC 2024vƒŒƒ|[ƒgDAY2yÊ^8“_z,https://news.yahoo.co.jp/articles/21db819100e06012cfe1e13be7455aedb59f2150,9/2(Œ) 18:03
piaeigat,‚Ò‚ ,Number_iARIIZEAGLAY‚©‚çƒwƒbƒhƒ‰ƒCƒi[‚Ìƒ}ƒlƒXƒLƒ“‚Ü‚ÅBuSUMMER SONIC 2024vƒŒƒ|[ƒgDAY1yÊ^11“_z,https://news.yahoo.co.jp/articles/7467dde6554e18f12819c47313de8811accc0bb8,9/2(Œ) 18:03
piaeigat,‚Ò‚ ,2025”Nw…’Jçdq50ü”N‹L”OŒö‰‰xã‰‰Œˆ’è@–¾¡ÀA”‘½À‚É‘±‚«V‰Ì•‘ŠêÀ‚Å‰‚ÌÀ’·Œö‰‰,https://news.yahoo.co.jp/articles/cfce7b75a3c617484262b5c96fecdb982e205716,9/2(Œ) 18:03
piaeigat,‚Ò‚ ,BUMP OF CHICKENA“Œ‹ƒh[ƒ€‚ÅƒAƒ‹ƒoƒ€ƒcƒA[ƒtƒ@ƒCƒiƒ‹Œˆ’è@ƒAƒ‹ƒoƒ€ƒWƒƒƒPƒbƒg•ƒOƒbƒYƒ‰ƒCƒ“ƒiƒbƒv‚àŒöŠJ,https://news.yahoo.co.jp/articles/8a4e4f1de3b9a7eb49c8cb53ab93da6ac5ee094b,9/2(Œ) 18:02
piaeigat,‚Ò‚ ,SAKURA GRADUATION ‚ª2ndƒVƒ“ƒOƒ‹uCANDY TOWERvƒŠƒŠ[ƒX@9Œ‚É‚ÍƒcƒA[ƒtƒ@ƒCƒiƒ‹‚ğ“Œ‹‚ÅŠJÃ,https://news.yahoo.co.jp/articles/9f5e8855f55423ad51543c199f96fcd4c2f6a499,9/2(Œ) 18:02
piaeigat,‚Ò‚ ,ƒpƒ“ƒtƒŒƒbƒg”„‚èê‚Å‚Í‚à‚¤‚Ğ‚Æ‚ÂgŠÖ–åh‚ª‚ ‚è‚Ü‚·y‚İ‚¤‚ç‚¶‚ã‚ñ‚Ì‰f‰æƒ`ƒ‰ƒV•ú’kzwHOW TO HAVE SEXxw‹A‚Á‚Ä—ˆ‚½ƒhƒ‰ƒSƒ“s2KƒŠƒ}ƒXƒ^[Š®‘S”Åtx,https://news.yahoo.co.jp/articles/451e672c5b0adc4fb46b5f0c3fea864e23f953c1,9/2(Œ) 18:01
piaeigat,‚Ò‚ ,BIGBANG D-LITEA“Œ‹‚Æ•ºŒÉ‚ÅƒAƒŠ[ƒiŒö‰‰wgD's IS MEh - Encore -xŠJÃ@æsó•t‚ªƒXƒ^[ƒg,https://news.yahoo.co.jp/articles/f3ca4847ade07fd0dde290433b54949859aba85e,9/2(Œ) 18:01
piaeigat,‚Ò‚ ,HALLEYA1stƒAƒ‹ƒoƒ€wFrom Dusk Till Dawnx‚ÌƒŒƒR[ƒh‰»‚ªŒˆ’è,https://news.yahoo.co.jp/articles/2cd0da22894e937f11eb2f874eadc75e4871d740,9/2(Œ) 18:00
piaeigat,‚Ò‚ ,wƒOƒ‰ƒ“ƒƒ]ƒ“EƒpƒŠx–Ø‘º‘ñÆ‚Í‚¶‚ßƒ`[ƒ€‚ÌŠì“{ˆ£Šy‚ğÊ‚µ‚½ê–ÊƒJƒbƒgˆê‹“15“_ŒöŠJ,https://news.yahoo.co.jp/articles/e2742197e0bf845b49fa6fe26a5fd2c11031abbc,9/2(Œ) 17:20
piaeigat,‚Ò‚ ,wƒ‰ƒXƒgƒ}ƒCƒ‹x‚ªV2‚ÅTOP3‚Í•Ï‚í‚ç‚¸@w‚«‚İ‚ÌFx‚Í‰“oê7ˆÊy‰f‰æ“®ˆõƒ‰ƒ“ƒLƒ“ƒOz,https://news.yahoo.co.jp/articles/61f33bda1ef4d758f9b2611b6c055e6b73b4dd16,9/2(Œ) 14:01
piaeigat,‚Ò‚ ,TOMOOAƒƒ“ƒ}ƒ“ƒ‰ƒCƒuwAnchorxƒpƒVƒtƒBƒR‰¡•l‚ÅŠJÃŒˆ’è,https://news.yahoo.co.jp/articles/c0cb81126c76d4cdceccd357118ca2726d74c5b4,9/2(Œ) 12:40
piaeigat,‚Ò‚ ,ƒnƒ}EƒIƒJƒ‚ƒgŠˆ“®ÄŠJI OKAMOTO'S‚Ì47“s“¹•{Œ§ƒcƒA[‚ªƒXƒ^[ƒgyƒIƒtƒBƒVƒƒƒ‹ƒŒƒ|[ƒgz,https://news.yahoo.co.jp/articles/6e34e748fc7cb6a04d639308af20a0d21c92bea2,9/2(Œ) 12:20
piaeigat,‚Ò‚ ,wƒXƒIƒ~‚Ì˜b‚ğ‚µ‚æ‚¤x’j‚½‚¿‚Éu•Ê‚ê‚Ä‚àˆ¤‚µ‚Ä‚év‚ÆŒ¾‚í‚¹‚éAƒXƒIƒ~‚Ì–‚«„Ÿ„Ÿ’·àV‚Ü‚³‚İå‰‰‚ÌO’JKŠì‚É‚µ‚©‚Å‚«‚È‚¢‰f‰æy‚¨‚Æ‚È‚Ì‰f‰æƒKƒCƒhz,https://news.yahoo.co.jp/articles/165f5207f2966bedf5f313468000b950536fabc1,9/2(Œ) 12:07
piaeigat,‚Ò‚ ,5”N‚Ô‚è‚Ì—ˆ“úIgƒ”ƒ@ƒCƒIƒŠƒ“‚Ì‰ölhƒƒr[Eƒ‰ƒJƒgƒVƒ… ƒCƒ“ƒ^ƒrƒ…[@‚¢‚©‚É‚µ‚ÄƒLƒ“ƒO‚Í¶‚Ü‚êA¢ŠE‚ğ”M‹¶‚³‚¹‚Ä‚«‚½‚Ì‚©,https://news.yahoo.co.jp/articles/98b8f684f7aff7658f64cc2dad465f0a7467e5d9,9/2(Œ) 12:05
piaeigat,‚Ò‚ ,uICEx summer concert 2024gTASTINGhvƒ‰ƒCƒuƒŒƒ|[ƒgu–l‚½‚¿‚Í8l‚Å‚¢‚ê‚Î‘åä•v‚È‚ñ‚¾v,https://news.yahoo.co.jp/articles/82afabf3c495d27639d24c906e8807e28d429a32,9/2(Œ) 12:04
piaeigat,‚Ò‚ ,XR’¼‘¾˜NAƒfƒrƒ…[20ü”NƒcƒA[ƒtƒ@ƒCƒiƒ‹‚ğŠ®‘Sû˜^‚µ‚½‰f‘œì•i‚ğBlu-ray•DVD‚ÅƒŠƒŠ[ƒXŒˆ’è,https://news.yahoo.co.jp/articles/2dd12d637269423df23f2c0283d47c5a4060d051,9/2(Œ) 12:03
piaeigat,‚Ò‚ ,‰F‘½“cƒqƒJƒ‹A6”N‚Ô‚è‚ÌƒcƒA[‚ªI–‹u‚±‚ê‚©‚ç‚Ì25”N‚à‚¢‚¢ŠÔ‚É‚È‚é‚Æ‚¢‚¢‚ÈvyƒIƒtƒBƒVƒƒƒ‹ƒŒƒ|[ƒgz,https://news.yahoo.co.jp/articles/20bf0c1bb3687cdce854b3d88725efddac5ba8a4,9/2(Œ) 11:32
piaeigat,‚Ò‚ ,u˜Z–{–ØƒA[ƒgƒiƒCƒg2024v9Œ27`29“úŠJÃ@˜Z–{–Ø‚ÌŠX‚ğ•‘‘ä‚É–ñ30‘g‚ÌƒA[ƒeƒBƒXƒg‚ªì•i‚ğ“WŠJ,https://news.yahoo.co.jp/articles/e5537fe35b8694a6e0145e04571c54c9f912c4a5,9/2(Œ) 11:30
piaeigat,‚Ò‚ ,ƒŠ[ƒAƒ€Eƒj[ƒ\ƒ“‚ª”ÆßƒRƒƒfƒB‚Éå‰‰,https://news.yahoo.co.jp/articles/91005427a6eb8455110c704bcf5a345b32f2027b,9/2(Œ) 11:02
piaeigat,‚Ò‚ ,Netflixw‹Éˆ«—‰¤x‚Ğ‚Æ‚è‚Ì­—‚©‚çƒ_ƒ“ƒv¼–{‚É‚È‚ép‚ğ’Ç‚Á‚½ƒƒCƒ“—\ŒöŠJ@å‘è‰Ì‚ÍAwich,https://news.yahoo.co.jp/articles/27f7e019c88d044fc387fefb79dd0d941af4f191,9/2(Œ) 8:02
piaeigat,‚Ò‚ ,ÀÊ”Åwy„‚µ‚ÌqzxA’Ç‰ÁƒLƒƒƒXƒgˆê‹“28–¼”­•\@ƒLƒƒƒ‰ƒNƒ^[‚ªWŒ‹‚µ‚½ƒeƒBƒU[ƒrƒWƒ…ƒAƒ‹ver2‚àŒöŠJ,https://news.yahoo.co.jp/articles/b4a8d891a6399621606b9fdcaee5351fa1371c31,9/1(“ú) 18:20
piaeigat,‚Ò‚ ,u‘ãŠ¯R—Œê’‹”¶v—Ñ‰Æ‚Â‚éq‚ªw®‰®‚”öx‚ğ—«–Úü‚Å[–x‚è,https://news.yahoo.co.jp/articles/fbaefc85a729f2002bc136b1c7339b5847873cf9,9/1(“ú) 18:03
piaeigat,‚Ò‚ ,THE“ì–³ƒY‚ªƒƒ“ƒ}ƒ“ƒ‰ƒCƒuwF‘¦¥ƒbƒNEƒgƒD[EƒU Eƒtƒ…[ƒ`ƒƒ[xŠJÃ@ƒe[ƒ}‚ÍuSFv,https://news.yahoo.co.jp/articles/4aa67da766207b82d69755bf840728aacf73ad9c,9/1(“ú) 12:06
piaeigat,‚Ò‚ ,_ŒË”­ƒoƒ“ƒhAƒtƒŠ[ƒWƒAƒ“‚ªV‹ÈuÂuv‚ÌMV‚ğŒöŠJ,https://news.yahoo.co.jp/articles/e877f6af50995c7a2cfb7a3fbcaa0e332a9049b1,8/31(“y) 20:02
piaeigat,‚Ò‚ ,uƒˆ‚³‚É‹¹‚ğ‘Å‚½‚ê‚évŒÃìƒ”ƒHƒ‹ƒtƒKƒ“ƒO‚Æu–³“GŠ´‚ªá¿‚µ‚¢v‹–{ƒ”ƒHƒ‹ƒtƒKƒ“ƒO@2024”N”Åwƒ‚[ƒcƒ@ƒ‹ƒgIxã‰‰’†,https://news.yahoo.co.jp/articles/ca6e55993f33baabffe7e9a0147291795f20499f,8/31(“y) 12:03
piaeigat,‚Ò‚ ,‚Ò‚ åÃ‚Ì‰¹ŠyƒCƒxƒ“ƒg‚ªƒRƒ‰ƒ{ wCrazy Jump 2024x‚ÉKALMAAHump Back—Ñ–GXq‚ç‚ªo‰‰,https://news.yahoo.co.jp/articles/c3c58b8188669f311b6d5850845628833546838f,8/31(“y) 12:02
piaeigat,‚Ò‚ ,Œ€’cl‹GƒfƒBƒYƒj[ƒ~ƒ…[ƒWƒJƒ‹wƒAƒi‚Æá‚Ì—‰¤xA“ú–{Œö‰‰’ÊZ1000‰ñ‚ğ’B¬,https://news.yahoo.co.jp/articles/4a0440c1e56cc2358c5905a4a50ea4075ce32e9e,8/30(‹à) 19:50
piaeigat,‚Ò‚ ,¼–{´’£Œ´ìTVƒhƒ‰ƒ}w•Šv‚Ìè’Ÿx‘å’J’¼qå‰‰”ÅA‰ƒfƒWƒ^ƒ‹”zMƒXƒ^[ƒg,https://news.yahoo.co.jp/articles/8af31f6a66a89c878e444c5c5d63fc6752f5d8af,8/30(‹à) 19:50
piaeigat,‚Ò‚ ,Šõ–ì´u˜Y‚ÌƒAƒNƒZƒTƒŠ[”­”„‚ğ‹L”O‚µA‚ä‚©‚è‚Ì’n‘—§‚Å¡T––‚ÉƒCƒxƒ“ƒg‚ğŠJÃ,https://news.yahoo.co.jp/articles/8c47d8b9cd60a7de0e1a53acd84376b52ff6639e,8/30(‹à) 18:51
piaeigat,‚Ò‚ ,Saucy Dog 5ƒJŒ˜A‘±‘Îƒoƒ“Šé‰æAD–yŒö‰‰‚ÌƒQƒXƒg‚ğ”­•\,https://news.yahoo.co.jp/articles/60f0fd12e36ce67e0a2db5b8fbefb9b583c9911e,8/30(‹à) 18:11
piaeigat,‚Ò‚ ,HALLEY‚ª“Œ–¼ãƒƒ“ƒ}ƒ“ƒcƒA[ŠJÃ@5l‘gR•Bƒoƒ“ƒh‚ç‚µ‚¢ƒcƒA[ƒrƒWƒ…ƒAƒ‹‚àŒöŠJ,https://news.yahoo.co.jp/articles/3d6cbc7f4bc51035480ba848f365afd6f64a87da,8/30(‹à) 18:01
piaeigat,‚Ò‚ ,Galileo GalileiƒCƒ“ƒ^ƒrƒ…[u4l‚»‚ê‚¼‚ê‚ÌlŠi‚Á‚Ä‚¢‚¤‚æ‚è‚ÍA¡‚ÍGalileo Galilei‚Á‚Ä‚¢‚¤lŠi‚Æ‚µ‚Ä¶‚«‚Ä‚¢‚éŠ´‚¶v,https://news.yahoo.co.jp/articles/8c9ea48964f0b307d7c5f4ccb6942150982de989,8/30(‹à) 18:00
piaeigat,‚Ò‚ ,é“c—D‚ª‰‰o‚·‚éƒXƒk[ƒs[‚ÌƒI[ƒPƒXƒgƒ‰ƒRƒ“ƒT[ƒgAƒVƒŠ[ƒY‘æ5’eŠJÃŒˆ’è@ƒQƒXƒg‚ÉXèƒEƒBƒ“AÂRƒeƒ‹ƒ}‚ç,https://news.yahoo.co.jp/articles/490a9378e4e6b709358ca8198d2cd36abf6d0ec5,8/30(‹à) 18:00
piaeigat,‚Ò‚ ,wPIA MUSIC COMPLEX 2024xƒnƒ“ƒuƒŒƒbƒ_[ƒYAAqua TimezAƒtƒŒƒfƒŠƒbƒN‚ç‚Ìo‰‰‚ªŒˆ’è,https://news.yahoo.co.jp/articles/6d06bdde5a7abcea43a7116505c79a6b70c8415e,8/30(‹à) 18:00
piaeigat,‚Ò‚ ,‰®—Ç’©K•’†ìW‹³‚Ìg–¼ƒoƒfƒBhÄ‚ÑI “`à‚Ìƒ~ƒ…[ƒWƒJƒ‹wSONG WRITERSx‚©‚çn‚Ü‚Á‚½‚Ó‚½‚è‚ÌãJ,https://news.yahoo.co.jp/articles/79b356bc5aea6cbcc573619922102d90a185c769,8/30(‹à) 17:20
piaeigat,‚Ò‚ ,ƒ}[ƒxƒ‹j85ü”NI ‹OÕ‚ğ’H‚é“Á•Ê‰f‘œŒöŠJ@ƒnƒŠƒ\ƒ“EƒtƒH[ƒhMCU‰Qí‚Ìp‚à,https://news.yahoo.co.jp/articles/612a99ddaeb75e316d907ffb038809e21546c40f,8/30(‹à) 16:40
piaeigat,‚Ò‚ ,•xmR˜[‚ÌƒLƒƒƒ“ƒvƒCƒ“ƒtƒFƒXwASAGIRI JAM f24xo‰‰“ú•Êƒ‰ƒCƒ“ƒiƒbƒv”­•\,https://news.yahoo.co.jp/articles/b4b01889590897d93f2a1d4dd2e7a0425e745c9e,8/30(‹à) 13:41
piaeigat,‚Ò‚ ,uƒQ[ƒ€‚ğn‚ß‚æ‚¤vwƒ\ƒEXxâ‹©‚ª–Â‚è~‚Ü‚È‚¢—\•Ò•ƒ|ƒXƒ^[ƒrƒWƒ…ƒAƒ‹ŒöŠJ,https://news.yahoo.co.jp/articles/8f07bc399ff10a94e0679ea8808b5c63a910b666,8/30(‹à) 12:12
piaeigat,‚Ò‚ ,¬ò¡“úqA2023”Nƒ‰ƒCƒuƒnƒEƒXƒcƒA[‚Ì–Í—l‚ğBlu-rayADVDACD‚Ì3Œ`‘Ô‚ÅƒŠƒŠ[ƒX,https://news.yahoo.co.jp/articles/1c685a6f7a23a2a4d55c1ecb35a27cd7395af493,8/30(‹à) 12:12
piaeigat,‚Ò‚ ,ƒ†EƒeƒI‚ª87ƒCƒŒƒuƒ“‚ÌƒAƒNƒVƒ‡ƒ“‰f‰æ‚Éå‰‰,https://news.yahoo.co.jp/articles/3093d85fb05276254d3eaf69aac896955daf9366,8/30(‹à) 12:05
piaeigat,‚Ò‚ ,’e‚«Œê‚èƒCƒxƒ“ƒgwOne Gardenx‘æ2–éo‰‰ƒA[ƒeƒBƒXƒg”­•\,https://news.yahoo.co.jp/articles/fc5461d6d43d629c70387e13716858933bdb745b,8/30(‹à) 12:04
piaeigat,‚Ò‚ ,wRl‰¹ŠyÕ2024xƒ^ƒCƒ€ƒe[ƒuƒ‹”­•\@5”N‚Ô‚è‚É‰®ŠOƒXƒe[ƒW‚ª•œŠˆ,https://news.yahoo.co.jp/articles/b7bf7fc94c8fe8e8ff9425018cb88261eff6ce8c,8/30(‹à) 12:03
piaeigat,‚Ò‚ ,“A‹`M~‘å’ß²•ƒCƒ“ƒ^ƒrƒ…[@‘åO‰‰Œ€‚ÌˆêÀ‚ğ•`‚­Œ€’cuƒqƒgƒnƒ_v‘æ2‰ñŒö‰‰‚ªŠÔ‚à‚È‚­ŠJ–‹I,https://news.yahoo.co.jp/articles/33657118a4b20c8bcab88680080330c8e04057a1,8/30(‹à) 12:01
piaeigat,‚Ò‚ ,ˆÉ“Œ&Oâ˜‚ª‘ã•\•œ‹A! ’·’J•”ƒR[ƒ`‚ª“üŠt!! X•ÛŠÄ“Âu’·’J•”ƒR[ƒ`‚ÌŒoŒ±‚ª•K—vv,https://news.yahoo.co.jp/articles/b867e9c7403920f5fbc29e7e95a0718de078e4c9,8/30(‹à) 12:01
piaeigat,‚Ò‚ ,w–kì–¯Ÿ“W\ƒƒLƒVƒR‚©‚ç“ú–{‚Öx¢“c’J”üpŠÙ‚Å@‰æ‰ÆA‹³ˆçÒ‚Æ‚µ‚Ä‚ÌŠˆ“®‚Ì‘S–e‚É”—‚é–ñ30”N‚Ô‚è‚Ì‘å‰ñŒÚ“W,https://news.yahoo.co.jp/articles/41efc2db4e6bbd481f1bf394bf965ad9e8227d74,8/30(‹à) 11:32
piaeigat,‚Ò‚ ,•‘‘äwç‚Æçq‚Ì_‰B‚µxƒƒ“ƒhƒ“Œö‰‰•Â–‹@‘åçˆªŠyƒJ[ƒeƒ“ƒR[ƒ‹Ê^•4l‚Ìçq‚©‚ç‚ÌƒRƒƒ“ƒg“’…,https://news.yahoo.co.jp/articles/b029322774003e0a38a8e7943d4f705bb5033661,8/30(‹à) 10:30
piaeigat,‚Ò‚ ,²“¡“ñ˜NuÀ‘gˆêŠÛ‚Æ‚È‚Á‚Ä—§‚¿Œü‚©‚¢‚½‚¢v ‹{‘ò‚è‚¦å‰‰•‘‘äw‚»‚Ì‚¢‚Ì‚¿x»ì”­•\‰ïŒ©‚ÅˆÓ‹C‚İ‚ğŒê‚é,https://news.yahoo.co.jp/articles/5c0923d34a25764cf980014a4f4f64e09521cff6,8/30(‹à) 10:02
piaeigat,‚Ò‚ ,LOVE PSYCHEDELICOENAOKI•XèƒEƒBƒ“AŒ‰¹ƒVƒAƒ^[‚Ì–£—Í‚ğŒê‚éI,https://news.yahoo.co.jp/articles/ed8ab4028f61dee90309c4e13f3c30813256d2cb,8/29(–Ø) 22:00
piaeigat,‚Ò‚ ,reGretGirlAV‹ÈuƒƒXƒ^ƒCƒ€v9Œ”zMƒŠƒŠ[ƒX@ƒoƒ“ƒh10ü”N‹L”Oƒƒ“ƒ}ƒ“‚à”­•\,https://news.yahoo.co.jp/articles/2eb399414f501dc8f7fe87432a6edc19f70f9a03,8/29(–Ø) 22:00
piaeigat,‚Ò‚ ,‚¦‚ñ‚Õ‚Ä‚¢Aƒc[ƒ}ƒ“Šé‰æwSESSIONS (tokyo)xŠJÃŒˆ’è,https://news.yahoo.co.jp/articles/2de2a05d53416c6e43e0213824a9f3718538946f,8/29(–Ø) 21:02
piaeigat,‚Ò‚ ,‘Î‹É‚Å‚ ‚è‚È‚ª‚ç‘Š«‚Ì‚¢‚¢‚Ó‚½‚è‚Ì—Œê‰ïwO—V’à”’’¹ –ö‰ÆOO “ñl‰ïx,https://news.yahoo.co.jp/articles/0b8531ec8c842c71d32bf81faa41627315dd498b,8/29(–Ø) 18:04
piaeigat,‚Ò‚ ,‰f‰æwƒTƒ†ƒŠxƒƒCƒLƒ“ƒO‰æ‘œŒöŠJ@”’ÎWmŠÄ“ÂuJ ƒzƒ‰[‚Ì’è”Ô‚©‚ç•Ï‚¦‚½‚©‚Á‚½v,https://news.yahoo.co.jp/articles/6d0b54d740ad231025c8785d9026e21e5e15a515,8/29(–Ø) 18:03
piaeigat,‚Ò‚ ,ƒCƒbƒZ[”öŒ`‚ÌˆêlÅ‹A¡”N‚à12Œ‚ÉŠJÃŒˆ’è@ƒƒr[‚Å‚Íó“c­uB‰e‚ÌŒö‰‰Ê^‚à“W¦,https://news.yahoo.co.jp/articles/957f73853fdc5104c70272e053cf990c14cb5086,8/29(–Ø) 18:03
piaeigat,‚Ò‚ ,Ê^‰ÆEÎì^¶‚ÌƒhƒLƒ…ƒƒ“ƒ^ƒŠ[‰f‰æwƒIƒLƒiƒ‚æ‚èˆ¤‚ğ‚ß‚Äx‚ªŒöŠJ,https://news.yahoo.co.jp/articles/1ebc2dbf632f137aa310a1cf9757c34383320dd6,8/29(–Ø) 18:02
piaeigat,‚Ò‚ ,’†ìãÄqAƒKƒ“ƒ_ƒ€å‘è‰Ì‚ğƒVƒ“ƒOƒ‹ƒŠƒŠ[ƒX@‘S‘ƒŠƒŠ[ƒXƒCƒxƒ“ƒg‚àŠJÃ,https://news.yahoo.co.jp/articles/16d35066c3d73accebe66953f4a0659d9645a533,8/29(–Ø) 18:01
piaeigat,‚Ò‚ ,ƒ~ƒ…[ƒWƒJƒ‹wSIXx“ú–{ƒLƒƒƒXƒg”ÅA6–¼‚Ì‰¤”Ü–ğ‚ğˆê‹“”­•\,https://news.yahoo.co.jp/articles/7c85e8254df83e0b99a799c32bd266bf1cb893ba,8/29(–Ø) 18:00
piaeigat,‚Ò‚ ,Œ€’cƒXƒ|[ƒc‚ÌVìA•sğ—’EoƒRƒƒfƒBw“kx‚ªŠJ–‹@åÉE“à“c˜`jƒRƒƒ“ƒg••‘‘äÊ^ŒöŠJ,https://news.yahoo.co.jp/articles/2f7a47c68dfa0727538da2c8cae39a3a2bf524fe,8/29(–Ø) 17:40
piaeigat,‚Ò‚ ,ƒTƒJƒiƒNƒVƒ‡ƒ“‚©‚çUNDERWORLDAPHOENIX‚Ù‚©BƒTƒ}ƒ\ƒj‘O–éÕ‚ÌSONICMANIA‚ğƒŒƒ|[ƒgyÊ^9–‡z,https://news.yahoo.co.jp/articles/fb68904ce11c209ada5f73bb45aac4851614cfb7,8/29(–Ø) 16:31
piaeigat,‚Ò‚ ,’é‘Œ€ê‚ÌƒNƒ[ƒWƒ“ƒO‹L”OƒOƒbƒY‚ª”­”„@¢ŠE‚É‚Ğ‚Æ‚Â‚¾‚¯‚Ì“Á•Ê‚ÈƒvƒŒ[ƒg‚à,https://news.yahoo.co.jp/articles/deeb9af5620be629e02e5a8033ed382a16c0e616,8/29(–Ø) 15:30
piaeigat,‚Ò‚ ,Netflixwƒ^[ƒ~ƒl[ƒ^[ 0xElƒ}ƒV[ƒ“‚Æ‚Ì‹Ù”—‚µ‚½í“¬ƒV[ƒ“‚ğû‚ß‚½–`“ª6•ªŠÔ‚Ì‰f‘œŒöŠJ,https://news.yahoo.co.jp/articles/e2597ec0d86202bf36c68a371a74ce79c3a2e125,8/29(–Ø) 15:10
piaeigat,‚Ò‚ ,109ƒVƒlƒ}ƒYƒvƒŒƒ~ƒAƒ€Vh‚Åƒoƒbƒgƒ}ƒ“85ü”N‚ğj‚¤wƒ_[ƒNƒiƒCƒgƒgƒŠƒƒW[x35mmƒtƒBƒ‹ƒ€“Á•Êã‰fÀ{,https://news.yahoo.co.jp/articles/d20b61dd545f6494693f0018d8ebb477fe17ccbc,8/29(–Ø) 15:01
piaeigat,‚Ò‚ ,wy„‚µ‚Ìqzx•‘‘ä‰»Œˆ’èI@Œ´ì‚Ì‘æ5Íu2.5ŸŒ³•‘‘ä•Òv‚ÉÅ“_‚ğ“–‚Äã‰‰@Œ€’†Œ€w“Œ‹ƒuƒŒƒCƒhx‚ÌƒrƒWƒ…ƒAƒ‹‚àŒöŠJ,https://news.yahoo.co.jp/articles/8cbf9296c880b38a42110014320b1098a363ea53,8/29(–Ø) 14:40
piaeigat,‚Ò‚ ,w—´‚ª”@‚­ `Beyond the Game`xŠ½ŠyŠXE_º’¬‚ğ‹‘åƒZƒbƒg‚ÅÄŒ»‚·‚éƒƒCƒLƒ“ƒO‰f‘œŒöŠJ,https://news.yahoo.co.jp/articles/7093b80e2be10dca85ca358e285ebf923a875122,8/29(–Ø) 14:10
piaeigat,‚Ò‚ ,‰f‰æwƒAƒ“ƒ_[ƒjƒ“ƒWƒƒxRí•Œ«lå‰‰‚Å—ˆ”N1ŒŒöŠJŒˆ’è@ƒqƒƒCƒ“‰‰‚¶‚é•l•Ó”ü”g‚Í9”N‚Ô‚è‚É‹à”¯p‚ğ”â˜I,https://news.yahoo.co.jp/articles/341741bbaa79eb40feff26a681540e4ed35ab922,8/29(–Ø) 13:01
piaeigat,‚Ò‚ ,THE YELLOW MONKEYA“Œ‹ƒh[ƒ€Œö‰‰wSHINE ONx‚ğ‰f‘œì•i‰»@Š®‘S¶YŒÀ’è”Õ‚ÉÅVƒAƒ‹ƒoƒ€‚ÌgŠ®Œ‹”Åh‚àû˜^,https://news.yahoo.co.jp/articles/38c0fe33d066c99ca76d5b4f0e17d4440128c755,8/29(–Ø) 12:02
piaeigat,‚Ò‚ ,ƒA[ƒeƒBƒXƒgƒfƒ…ƒIENerhol‚Ì‘å‹K–ÍŒÂ“W‚ªç—ts”üpŠÙ‚Å@ç—ts‚ğƒe[ƒ}‚É‚µ‚½ÅVì‚à”­•\,https://news.yahoo.co.jp/articles/643c10e7535451555f433e86c7c2bec7ff525218,8/29(–Ø) 11:30
piaeigat,‚Ò‚ ,w‘æ37‰ñ“Œ‹‘Û‰f‰æÕxNippon Cinema Now•”–å‚Ì“ÁWŠÄ“Â‚Í“ü]—I‚ÉŒˆ’è@V•”–å‘nİ‚à”­•\,https://news.yahoo.co.jp/articles/1c4eefcfd32bdcac2fa7b1cb872ea39cb7855d20,8/29(–Ø) 9:00
piaeigat,‚Ò‚ ,•Ğ‰ªˆ¤”V•Asì’†ÔA’†‘ºˆë‘¾˜Y‚ªo‰‰@u—§ì—§”ò‰Ì•‘Šê“Á•ÊŒö‰‰v‚ªğ”N‚Éˆø‚«‘±‚«ŠJÃŒˆ’è,https://news.yahoo.co.jp/articles/dfc2524fb62f5f86491573c2fa470464f79f48ae,8/29(–Ø) 7:04
piaeigat,‚Ò‚ ,BialystocksA3rdƒAƒ‹ƒoƒ€‚Ìû˜^‹È‚ğ”­•\@CD+Blu-ray”Õ‚©‚çuŒõ‚Ì‚ ‚Æv‚Ìƒ‰ƒCƒu‰f‘œ‚àŒöŠJ,https://news.yahoo.co.jp/articles/3e12e61ab405d672e733bebe2b57468dde4a9761,8/28(…) 18:31
piaeigat,‚Ò‚ ,LAST ALLIANCE 11”N‚Ô‚è‚É‰¹Œ¹‚ğ”­•\uƒŠƒŠ[ƒX‚Ü‚Å’·‚©‚Á‚½‚¯‚ÇA‚â‚Á‚Ï‚è‚¢‚¢‚Å‚µ‚åH‚ÆŒ¾‚¦‚éo—ˆ‰h‚¦‚É‚È‚Á‚½v,https://news.yahoo.co.jp/articles/6508a9707a1e730fed1e9816a5e577e8b4cc03b6,8/28(…) 18:04
piaeigat,‚Ò‚ ,w“c–¼–ÔŒhˆê@‹L‰¯‚Ì–`Œ¯xƒŒƒ|[ƒg@ì‰Æ‚ªÅŠú‚Ü‚Åî”M‚ğŒX‚¯‚½‘å‰ñŒÚ“W‚Ì‘S–e‚ğĞ‰î,https://news.yahoo.co.jp/articles/63a9cde3fa693880597a6653f491e3b9467fc0ed,8/28(…) 18:03
piaeigat,‚Ò‚ ,w–]ŠC•—“l‚ÌƒTƒEƒ“ƒhƒCƒ}ƒWƒ“x‚ÉŒé‚©‚È‚Æ‚ªƒQƒXƒgo‰‰@•ó’Ë‘Ş’cŒã‚Ì”Y‚İ‚â¡Œã‚ÌŠˆ“®‚È‚Ç‚ğŒê‚é,https://news.yahoo.co.jp/articles/361571201d26819723e69a1bfaba651a76c56668,8/28(…) 18:02
piaeigat,‚Ò‚ ,‰‰oEŒIR–¯–çAå‰‰E’†R—D”n@•‘‘äwŒŒ‚Ì¥—çxƒƒCƒ“ƒrƒWƒ…ƒAƒ‹•Œö‰‰Ú×”­•\,https://news.yahoo.co.jp/articles/9d0518a74efdb8024b5575ad7929825c61f619cb,8/28(…) 18:02
piaeigat,‚Ò‚ ,‚­‚é‚èåÃw‹“s‰¹Šy”——‰ï2024xÅI”­•\‚ÅASKA‚ç‚Ìo‰‰‚ªŒˆ’è,https://news.yahoo.co.jp/articles/5ea9399be545f4fbe182970df648daf698845bb7,8/28(…) 18:01
piaeigat,‚Ò‚ ,ƒ—ó‚ªÀ’·‚ğ–±‚ß‚é–¾¡À•V‰Ì•‘ŠêÀŒö‰‰A‘æ1•”‚ÌƒCƒ[ƒWƒrƒWƒ…ƒAƒ‹•ƒƒCƒ“ƒLƒƒƒXƒgŒöŠJ,https://news.yahoo.co.jp/articles/519ee93f0973bc4564b5f35c98c5e4053d74cf1b,8/28(…) 14:50
piaeigat,‚Ò‚ ,w”M—óxƒuƒŒƒCƒLƒ“ƒV[ƒ“‚Ì‹ê˜J‚ğŒê‚éƒCƒ“ƒ^ƒrƒ…[“’…@ƒƒ“EƒC[ƒ{[‚ğ‘¨‚¦‚½ƒƒCƒLƒ“ƒOƒJƒbƒg3“_‚àŒöŠJ,https://news.yahoo.co.jp/articles/d4863258c73ef6c132dbc21c6901ab19167eed4d,8/28(…) 12:07
piaeigat,‚Ò‚ ,tofubeats‚ª5”N‚Ô‚è‚Ì‘S‘ƒcƒA[‚ğŠJÃ@V‹Œ‚Ì–¼‹È‚ğˆø‚Á‚³‚°10Œ‚©‚ç‘S‘5ƒJŠ‚Å,https://news.yahoo.co.jp/articles/2358c63166dccd568e6bc18e8068f47068de6adf,8/28(…) 12:06
piaeigat,‚Ò‚ ,’·Ÿº„Aƒjƒ…[EƒAƒ‹ƒoƒ€wBLOODx‚ğˆø‚Á’ñ‚°‘S‘ƒAƒŠ[ƒiƒcƒA[ŠJÃ’†u‚±‚ê‚©‚ç‚ÍÎŠç‚ÅAŒN‚ªÎŠç‚É‚È‚é‚±‚Æ‚ğ‚â‚è‚½‚¢v,https://news.yahoo.co.jp/articles/a4b26d090f96a7b51eceefee969f698366d94171,8/28(…) 12:01
piaeigat,‚Ò‚ ,Î–ì‘ì‹…A‘]‰ä•”ŒbˆêAeastern youth‚ç‘æ1’eo‰‰Ò”­•\@‰¹ŠyƒtƒFƒXwSHIN-ONSAI 2024 -the Circuit-xŠJÃŒˆ’è,https://news.yahoo.co.jp/articles/fe55cb7d30d47f505d636ad306f65b0a3464177a,8/28(…) 12:00
piaeigat,‚Ò‚ ,‘ò‘º—æ••Ê•{—R—ˆ‚ª‰‰‚¶‚é‹†‹É‚Ìˆ¤u‚Ç‚±‚©–‘«‚µ‚Ä‚¢‚È‚¢l‚½‚¿‚ÉŠÏ‚Ä‚Ù‚µ‚¢v,https://news.yahoo.co.jp/articles/5e3af348418ca025bc5a4ffd0c31960a702446b0,8/28(…) 12:00
piaeigat,‚Ò‚ ,yƒIƒtƒBƒVƒƒƒ‹ƒŒƒ|[ƒgzTHE ALFEEAƒfƒrƒ…[50ü”N‹L”OƒZƒŒƒ‚ƒj[•ƒXƒyƒVƒƒƒ‹ƒRƒ“ƒT[ƒgŠJÃu‚Ü‚¾‚Ü‚¾ƒAƒ‹ƒtƒB[‚Ì—·‚ÍI‚í‚è‚Ü‚¹‚ñv,https://news.yahoo.co.jp/articles/a60d4a3ba9b0b523f8aa632f61508986c47c82cb,8/28(…) 11:50
piaeigat,‚Ò‚ ,yƒŒƒ|[ƒgzw’j‚Í‚Â‚ç‚¢‚æx55ü”N‹L”Oƒtƒ@ƒ“Š´ÓÕ@ƒtƒ@ƒ““Š•[1ˆÊ‚Ìì•i”­•\‚â‹Md‚ÈƒAƒCƒeƒ€‚Ì’Š‘I‰ï‚à,https://news.yahoo.co.jp/articles/2baed449c2d37757898d94b4a5e68b205d946570,8/28(…) 11:41
piaeigat,‚Ò‚ ,ƒVƒ“ƒK[ƒ\ƒ“ƒOƒ‰ƒCƒ^[SincereA‰‚Ìƒƒ“ƒ}ƒ“ƒ‰ƒCƒuŠJÃ•4th EPwBetter Weatherx”­”„Œˆ’è,https://news.yahoo.co.jp/articles/1e1b366b8d71519b0e2f768166b88fd207f93648,8/28(…) 11:41
piaeigat,‚Ò‚ ,w‰Ä‚ÆH‚Ì”üŠw |—é–Ø‘´ˆê‚ÆˆÉ”Nˆó‚Ì—D•i‚Æ‚Æ‚à‚É|xª’Ã”üpŠÙ‚Å@‰Ä‚©‚çH‚Ö‹Gß‚ÌˆÚ‚ë‚¢‚ğ•\Œ»‚µ‚½ì•i‚ªˆê“°‚É,https://news.yahoo.co.jp/articles/20c6079b252974aac7ef223da26af7b00350f173,8/28(…) 11:30
piaeigat,‚Ò‚ ,ƒGƒ‹ƒgƒ“EƒWƒ‡ƒ“‚ÌƒhƒLƒ…ƒƒ“ƒ^ƒŠ[‰f‰æA12Œ‚É”zMŠJn,https://news.yahoo.co.jp/articles/52fae5e97951181740ae58399498608c0ab4d6ec,8/28(…) 11:02
piaeigat,‚Ò‚ ,ƒ~ƒ…[ƒWƒJƒ‹wSIXx“ú–{ƒLƒƒƒXƒg”ÅŒö‰‰Œˆ’è@ƒLƒƒƒXƒg‚Í8Œ29“ú(–Ø) 18‚ÉˆêÄ”­•\,https://news.yahoo.co.jp/articles/473e6a54e94447e9f917140bae38ebcc33ba03ff,8/28(…) 11:01
piaeigat,‚Ò‚ ,‘íK„‚ªƒVƒFƒCƒNƒXƒsƒA‚Ì–¼ì‚É’§‚ŞI@•‘‘äwƒ”ƒFƒjƒX‚Ì¤lxã‰‰Œˆ’è,https://news.yahoo.co.jp/articles/a005de91813c04905aa0e505f43c2f6d769aa121,8/28(…) 10:00
piaeigat,‚Ò‚ ,’|“à‚Ü‚è‚âA¶“cŠG—œ‰Ôå‰‰ƒhƒ‰ƒ}å‘è‰Ìu‰Ì‚ğ‘¡‚ë‚¤v”­”„@ƒR[ƒ‰ƒXQ‰Á‚µ‚½¶“cå‰‰‚ÌMV‚àŒöŠJ@MVŠÄ“Â‚ÌƒRƒƒ“ƒg‚à“’…,https://news.yahoo.co.jp/articles/2d215c03c89686dc31b5d55d4b0a279392c74deb,8/28(…) 10:00
piaeigat,‚Ò‚ ,NetflixƒVƒŠ[ƒYw‹Éˆ«—‰¤xŠ´î‚ğ˜I‚í‚É‚µ‚½ƒ_ƒ“ƒv¼–{‚ÌVê–ÊÊ^4“_ŒöŠJ,https://news.yahoo.co.jp/articles/1dac0ac99aa35316075e245e6ab8eb2ddac825bc,8/28(…) 8:03
piaeigat,‚Ò‚ ,Snow Man²‹vŠÔ‘å‰î‚ªƒV[ƒNƒŒƒbƒgƒQƒXƒgo‰‰I w—ö‚ğ’m‚ç‚È‚¢–l‚½‚¿‚Íx‚Å‰®‘ä‚Ì‚¨ŒZ‚³‚ñ‚É,https://news.yahoo.co.jp/articles/00145cc50ef5ddb258f8e12405b19361895c620c,8/28(…) 7:04
piaeigat,‚Ò‚ ,•‘‘äwŒ€‘–]ŒËéë`ƒ`ƒƒƒŠƒ“ƒRŒXŠï‘g`x‚Åƒ_ƒuƒ‹å‰‰Iˆäã‹H‚Æ‹´–{—Áu©“]Ô‚ª‹êèvuƒ}ƒW‚Å‘åä•v‚È‚ÌHv,https://news.yahoo.co.jp/articles/150f3ee8227d00c1bb4e108235303363f66ca445,8/28(…) 7:02
piaeigat,‚Ò‚ ,ã”’Î–G‰¹‚ª‰‚Ìˆ«–ğ‚É’§íI@‰f‰æw‚Ó‚µ‚¬‘Ê‰Ùq‰® ‘K“V“°x‚Å×ˆ«ƒLƒƒƒ‰g‚æ‚Ç‚İh–ğ‚É,https://news.yahoo.co.jp/articles/d8c656d00e29aad3c5cecf0e8ca2fa1c890a85c5,8/28(…) 5:00
piaeigat,‚Ò‚ ,ƒLƒAƒkEƒŠ[ƒuƒX‚ªQ‰ÁI •‘‘ä‚Í“ú–{I ‰f‰æwƒ\ƒjƒbƒNxÅVìA—\•Ò•ƒ|ƒXƒ^[ŒöŠJ,https://news.yahoo.co.jp/articles/3001c2042b01c6da039312ddb7b5f63ee39c1cab,8/27(‰Î) 22:20
piaeigat,‚Ò‚ ,ÀÊ”Åwy„‚µ‚ÌqzxŸNˆäŠC‰¹‚ªƒAƒNƒA–ğ‚Ö‚ÌŠoŒå‚ğŒê‚éu‚±‚Ì–ğ‚Í–lˆÈŠO‚É‚â‚ç‚¹‚½‚­‚È‚¢v,https://news.yahoo.co.jp/articles/8142cc58dc5447d2f4ffd666a57ec985936f3d1d,8/27(‰Î) 18:01
piaeigat,‚Ò‚ ,wƒCƒiƒYƒ}ƒƒbƒN ƒtƒFƒX 2024x—‹_••—_ƒXƒe[ƒWƒ^ƒCƒ€ƒe[ƒuƒ‹ŒöŠJ,https://news.yahoo.co.jp/articles/d08ce8e19b8bc422ad85fde240c5d61a2b873612,8/27(‰Î) 18:00
piaeigat,‚Ò‚ ,GEƒNƒ‹[ƒj[~BEƒsƒbƒg16”N‚Ô‚è‚Ì‹¤‰‰ìwƒEƒ‹ƒtƒYx9Œ27“ú(‹à) ‚æ‚èApple TV+‚É‚Ä”zMŠJn,https://news.yahoo.co.jp/articles/a17e64bf63021a69bd9040bf49d348d217bd23f5,8/27(‰Î) 17:20
piaeigat,‚Ò‚ ,Œü“c–MqìAÎˆä‚Ó‚­q‰‰ow‰Ô‰Å-–º‚©‚ç‚Ì‰Ô‘©-x—ˆ”N6Œã‰‰@ålŒöE•Ğ‘q‚¿‚æ–ğ‚Í‹v–{‰ë”ü,https://news.yahoo.co.jp/articles/0fb9ace2466d0f71f93095770351b8f512b75290,8/27(‰Î) 13:50
piaeigat,‚Ò‚ ,¼”öƒXƒYƒLìE‰‰ow‚Ó‚­‚·‚¯2024-‰Ì•‘Šê’¬–Ù¦˜^-xƒIƒ“ƒfƒ}ƒ“ƒh”zMŒˆ’è,https://news.yahoo.co.jp/articles/34ae45bbf5898ba3c077e5b50bee1828ef3beb8f,8/27(‰Î) 13:40
piaeigat,‚Ò‚ ,wŒÃŠÚˆÉ’m˜Yƒg[ƒLƒ“ƒOƒuƒ‹[ƒX2024x12Œ‚É3days‚ÅŠJÃŒˆ’è,https://news.yahoo.co.jp/articles/9d0df1c4b6506833309d4206610b4a83a032e7ed,8/27(‰Î) 12:20
piaeigat,‚Ò‚ ,wˆÉ“¡ —– `Over the Moon`xƒcƒA[‰“úƒIƒtƒBƒVƒƒƒ‹ƒŒƒ|[ƒgu„‚ÆƒLƒƒƒ“ƒfƒB[ƒY‚ÍØ‚Á‚Ä‚àØ‚ê‚È‚¢v,https://news.yahoo.co.jp/articles/99420f1cc0a3b211a5f050ebe63805bbb660cb26,8/27(‰Î) 11:32
piaeigat,‚Ò‚ ,ƒhƒCƒc‚ğ‹’“_‚ÉŠˆ“®‚·‚é”üp‰ÆA¼ìŸl‚Ì“ú–{‰‚Æ‚È‚é‰ñŒÚ“W‚ªDICì‘º‹L”O”üpŠÙ‚ÅŠJÃ,https://news.yahoo.co.jp/articles/8d74b1e347a23b6f538267f6031d27dd545e8abc,8/27(‰Î) 11:30
piaeigat,‚Ò‚ ,ƒPƒCƒgEƒEƒBƒ“ƒXƒŒƒbƒg‚ª”zMƒhƒ‰ƒ}wThe Spotx‚Éå‰‰,https://news.yahoo.co.jp/articles/b1ecd24f4f15039fae1c522f421f128aa3b1bf89,8/27(‰Î) 11:02
piaeigat,‚Ò‚ ,w‰A—zt0xRí•Œ«l‚ÌƒNƒ‰ƒ“ƒNƒAƒbƒv‰f‘œŒöŠJ@9ŒƒŠƒŠ[ƒX‚ÌBD&DVDƒvƒŒƒ~ƒAƒ€EƒGƒfƒBƒVƒ‡ƒ“‚Éû˜^,https://news.yahoo.co.jp/articles/832675880768c990939c239dc7bf100c31bb02c3,8/27(‰Î) 10:01
piaeigat,‚Ò‚ ,wNo Activityx”’Î–ƒˆß‚ªì’†‚Å’e‚«Œê‚éulE‚µ‚ÌŠXv–{•ÒƒNƒŠƒbƒv‰f‘œ•ƒTƒuƒrƒWƒ…ƒAƒ‹ŒöŠJ,https://news.yahoo.co.jp/articles/7e0dfcce1eb176d9f353aaa40cc832aa5060972a,8/27(‰Î) 10:00
piaeigat,‚Ò‚ ,yƒŒƒ|[ƒgzR–{kj‚Í‚â‚Í‚èAƒ}[ƒN‚»‚Ì‚à‚ÌB26”N‚Ô‚èo‰‰‚Ìƒ~ƒ…[ƒWƒJƒ‹wRENTxã‰‰’†I,https://news.yahoo.co.jp/articles/d6478d3f67f79e9558aa2ed417eab276e1334592,8/27(‰Î) 7:02
piaeigat,‚Ò‚ ,imase‚Ì‘‚«‰º‚ë‚µV‹È‚ªwƒXƒ}ƒz‚ğ—‚Æ‚µ‚½‚¾‚¯‚È‚Ì‚ÉxÅIÍ‚Ìå‘è‰Ì‚É@ÅV—\‰f‘œŒöŠJ,https://news.yahoo.co.jp/articles/0150bcc7727e0d000d1962e88236050ae69dfb02,8/27(‰Î) 7:02
piaeigat,‚Ò‚ ,‰f‰æwƒJƒ‰ƒ_’T‚µx‘±•ÒA2025”N‚ÉŒöŠJŒˆ’èu‘Oì‚ğ’´‚¦‚ég‹°•|h‚ÆgŠ´“®h‚ğv,https://news.yahoo.co.jp/articles/421efe36bc283afced27c8124fb238b0e9548919,8/27(‰Î) 7:02
piaeigat,‚Ò‚ ,BABY-CRAYON`1361`AŒ‹¬3ü”N‹L”O¶ƒoƒ“ƒhŒö‰‰wCLIMB UPxŠJÃ,https://news.yahoo.co.jp/articles/a97f197dc18f65174481e954398ee35c32c090f5,8/26(Œ) 20:52
piaeigat,‚Ò‚ ,MILLENNIUM PARADEA¢ŠE9“ss„‚éƒ‰ƒCƒuƒcƒA[‚Ì‘SŒö‰‰’†~‚ğ”­•\,https://news.yahoo.co.jp/articles/19fb3fc4f2166c5b39603ede72588d51be968fc9,8/26(Œ) 20:40
piaeigat,‚Ò‚ ,Togoz‚ª‰‚Ì©åŠé‰æwDaydreamx‚ğƒQƒXƒg‚ğŒ}‚¦‚ÄŠJÃ,https://news.yahoo.co.jp/articles/2b87c47587c5852a3bd4d80ccc8c9b19bfdf1845,8/26(Œ) 20:02
piaeigat,‚Ò‚ ,ƒnƒiƒŒƒOƒ~A–ñ3”N”¼‚Ô‚è‚ÌƒIƒŠƒWƒiƒ‹ƒAƒ‹ƒoƒ€‚Ì‘Sû˜^Šy‹È‚ÆÅVƒA[Ê‚ğŒöŠJ,https://news.yahoo.co.jp/articles/104a80f73ab78e6a780e4298ae2b717bfb3410e7,8/26(Œ) 20:00
piaeigat,‚Ò‚ ,R‰ºK‹P‚çÀ—Í”h5l‘gƒ{[ƒCƒYƒOƒ‹[ƒvEWILD BLUE‚Ì‘S–e‚ª–¾‚ç‚©‚Éu©M‚ğ‚Á‚Ä‚¨“Í‚¯‚Å‚«‚éŠy‹È‚ÆƒpƒtƒH[ƒ}ƒ“ƒXv,https://news.yahoo.co.jp/articles/f54201324ebe32ec3561672601ef34c37ed94e69,8/26(Œ) 19:11
piaeigat,‚Ò‚ ,XèƒEƒBƒ“wBirthday Boy in Billboard Livexƒ‰ƒCƒuƒŒƒ|[ƒguƒGƒ“ƒ^[ƒeƒCƒ“ƒƒ“ƒg‚Íl‚ğ‹~‚¤—Í‚ª‚ ‚é‚ÆM‚¶‚Äv,https://news.yahoo.co.jp/articles/2d93f058b760e609fe59178af2f3e79d01a0f6ab,8/26(Œ) 19:00
piaeigat,‚Ò‚ ,”š•—ƒXƒ‰ƒ“ƒvƒCƒ“ƒ^ƒrƒ…[ugIKIGAIh‚ª‚ ‚ê‚ÎŠy‚µ‚­¶‚«‚Ä‚¢‚¯‚é‚æ‚Á‚ÄAŠó–]‚ğ‚Á‚Ä‚à‚ç‚¦‚é‚ñ‚¶‚á‚È‚¢‚©‚È‚ÆŠ´‚¶‚Ü‚µ‚½v,https://news.yahoo.co.jp/articles/11312587666217ddda28463391806959b48c25e2,8/26(Œ) 18:04
piaeigat,‚Ò‚ ,”öã‰E‹ß‚ªŒê‚éƒuƒ[ƒhƒEƒFƒCEƒ~ƒ…[ƒWƒJƒ‹wƒvƒŠƒeƒBEƒE[ƒ}ƒ“x‚Ì–£—Í,https://news.yahoo.co.jp/articles/ca8cc691cab88d6f8afffed4afca6c7fe0be2194,8/26(Œ) 17:50
piaeigat,‚Ò‚ ,ŠØ‘ƒhƒ‰ƒ}w‰Ô˜Yqƒtƒ@ƒ‰ƒ“rx•‘‘ä‰»•‘‘ä‰»@2025”N1Œ‚É“Œ‹E‘åã‚É‚Äã‰‰Œˆ’è,https://news.yahoo.co.jp/articles/ee838b55d31a0b453378724c98d64a1929a3d1b0,8/26(Œ) 17:40
piaeigat,‚Ò‚ ,–k•Äƒ{ƒbƒNƒXƒIƒtƒBƒXAwƒfƒbƒhƒv[ƒ‹x‚ªñˆÊ‚É•Ô‚èç‚«,https://news.yahoo.co.jp/articles/a2fdf94596bb6aac6a1ab87911c99c8a0c2d7e53,8/26(Œ) 15:10
piaeigat,‚Ò‚ ,YOASOBIA–MƒA[ƒeƒBƒXƒg‰‚ÌÅ‘å‹K–ÍƒAƒWƒAƒAƒŠ[ƒiƒcƒA[‚ğ‘S7“ss14Œö‰‰‚ÅŠJÃ@10Œ‚Æ11Œ‚É‰‚Ì‘“àƒh[ƒ€Œö‰‰‚à,https://news.yahoo.co.jp/articles/11d95842e7bff49d09659a8cee3ced8c678937bf,8/26(Œ) 15:01
piaeigat,‚Ò‚ ,wÄ“÷ƒhƒ‰ƒSƒ“x—ˆ”N10Œ‚É4“x–Ú‚Ìã‰‰Œˆ’è@u‹à¶v–ğ‚ÌŒö•åƒI[ƒfƒBƒVƒ‡ƒ“‚àŠJÃ,https://news.yahoo.co.jp/articles/8ea615f9007d690500f3edfbc7a342b14248ecdf,8/26(Œ) 14:40
piaeigat,‚Ò‚ ,wƒ‰ƒXƒgƒ}ƒCƒ‹x‚ª‰“oê1ˆÊ‚É@w—ö‚ğ’m‚ç‚È‚¢–l‚½‚¿‚Íx‚Ù‚©Vì3–{‚ªƒ‰ƒ“ƒNƒCƒ“y‰f‰æ“®ˆõƒ‰ƒ“ƒLƒ“ƒOz,https://news.yahoo.co.jp/articles/59990c42c458ce81165614a9ee968fb035c3413b,8/26(Œ) 14:40
piaeigat,‚Ò‚ ,ˆäã–F—Y~‰Á“¡˜a÷Wå‰‰@ƒ‰ƒWƒIƒhƒ‰ƒ}wƒAƒLƒ‰‚Æ‚ ‚«‚çx9Œ•ú‘—ƒXƒ^[ƒg,https://news.yahoo.co.jp/articles/2eb0d82cc072a005bd1063798979d6b4f91f72bc,8/26(Œ) 14:01
piaeigat,‚Ò‚ ,‰¹ŠyƒCƒxƒ“ƒgwEBISU JAM 2024x¢—ÇŒö‘¥Œö‰‰‚É‰Fè—³“¶‚ªƒQƒXƒgo‰‰,https://news.yahoo.co.jp/articles/1aa9c0a76aea883d709c80e59cba0e9e328b389e,8/26(Œ) 13:00
piaeigat,‚Ò‚ ,HakubiåÃw‹“såYŒ€ 2024xƒIƒtƒBƒVƒƒƒ‹ƒŒƒ|[ƒg@•Ğ‹Ëu‚±‚±‚É‚¢‚½‚±‚Æ‚ğAâ‘Î‚ÉŒÖ‚è‚É‚³‚¹‚Ä‚İ‚¹‚é‚©‚çv,https://news.yahoo.co.jp/articles/ef6f759cd650e00cf7b72cc232ce14953f07569b,8/26(Œ) 12:12
piaeigat,‚Ò‚ ,w’†“‡Œ’l ‰f‰æ‚Ì—·lx‘æ3‰ñ‚ÍƒCƒ“ƒh‚Åâ^‚³‚ê‚é“ú–{lB‰eŠÄ“Â‚Ì”é–§‚É”—‚éI,https://news.yahoo.co.jp/articles/935aec29b7a5ed2df4431ea40bbbb7df6315dc1f,8/26(Œ) 12:05
piaeigat,‚Ò‚ ,Lienel 6l‚Ì^‰Ä‚Ì‘å–`Œ¯‚Æ‰‚ß‚Ä‚ÌƒCƒ“ƒhu‚±‚Ì‰Ä‚Í‚İ‚ñ‚È‚Å—·s‚És‚«‚½‚¢Iv,https://news.yahoo.co.jp/articles/3aff6fa49597aa99bbfc8fe44f6c8666f7dae488,8/26(Œ) 12:00
piaeigat,‚Ò‚ ,w‰Ä–ÚƒAƒ‰ƒ^‚ÌŒ‹¥x•“‡Œ‹Ø‚Ìg•iìƒsƒGƒh‚ªAƒRƒG[ƒbIy‚¨‚Æ‚È‚Ì‰f‰æƒKƒCƒhz,https://news.yahoo.co.jp/articles/4d47ff63992a0e295250b729498fed42b8648dab,8/26(Œ) 12:00
piaeigat,‚Ò‚ ,]ŒË‘ã‚ÌŠGtE‰pˆê’±‚Ì‰ß‹Å‘å‹K–Í‚Ì‰ñŒÚ“W‚ªƒTƒ“ƒgƒŠ[”üpŠÙ‚Å@‰Ô’¹‰æA•§‰æ‚È‚Ç‘½Ê‚Èì•i‚Å‚»‚Ì‰æ‹Æ‚Æl•¨‘œ‚É”—‚é,https://news.yahoo.co.jp/articles/d155f699a320f7c7d037d488c87d82ef14b96293,8/26(Œ) 11:30
piaeigat,‚Ò‚ ,‚Å‚ñ‚Ï‘g.inc~„—§Œb”äõ’†Šw‚Ìƒc[ƒ}ƒ“ƒ‰ƒCƒuA–ñ5”N‚Ô‚è‚ÉŠJÃŒˆ’è,https://news.yahoo.co.jp/articles/b0e95054a2369b292daa61e7f75864b3679b5b9f,8/26(Œ) 11:21
piaeigat,‚Ò‚ ,TUBE‚ª35‰ñ–Ú‚Ì‰¡•lƒXƒ^ƒWƒAƒ€ƒ‰ƒCƒu‚ğŠJÃ@ƒQƒXƒg‚ÅDA PUMPA–kR‚½‚¯‚µ‚à“oêyƒIƒtƒBƒVƒƒƒ‹ƒŒƒ|[ƒgz,https://news.yahoo.co.jp/articles/dee34c23d7e94e34958ca6a7e6d1ef02401c9c6e,8/26(Œ) 11:11
piaeigat,‚Ò‚ ,ƒpƒ“ƒNEƒ‰ƒEƒhƒtƒFƒXwRUMBLE~JAG 2025xHAWAIIAN6ASHANK‚ço‰‰ƒA[ƒeƒBƒXƒg‘æ2’e”­•\,https://news.yahoo.co.jp/articles/bd7b29993f84785bb58fcd50e12cd2d7ba17d8b1,8/26(Œ) 11:01
piaeigat,‚Ò‚ ,BABYMETAL‚ªƒTƒ}ƒ\ƒjƒoƒ“ƒRƒNŒö‰‰BODYSLAM‚ÌƒXƒe[ƒW‚ÉƒQƒXƒgo‰‰@F.HERO‚à“oê‚µ3ƒA[ƒeƒBƒXƒg‚Ì‹¤‰‰‚ªÀŒ»,https://news.yahoo.co.jp/articles/75c8381ee6e5af82e725dd87157d2f9e6e7d7d91,8/26(Œ) 10:31
piaeigat,‚Ò‚ ,‚Ğ‚Æ‚Ğ‚çAåÃƒc[ƒ}ƒ“wSunlightxŠJÃŒˆ’è@‘Îƒoƒ“‚Í‹“s”­ƒCƒ“ƒXƒgƒƒbƒNƒoƒ“ƒhcetow,https://news.yahoo.co.jp/articles/a056c9afc0f77d818a2c6a71ad4e1925f1efcb20,8/25(“ú) 19:01
piaeigat,‚Ò‚ ,wƒr[ƒgƒ‹ƒWƒ…[ƒX ƒr[ƒgƒ‹ƒWƒ…[ƒXxƒƒCƒLƒ“ƒOÊ^ŒöŠJ@ƒeƒBƒ€Eƒo[ƒgƒ“ŠÄ“ÂuS‚ª‚Æ‚«‚ß‚­Š´“®“I‚ÈŠÔ‚Å‚µ‚½v,https://news.yahoo.co.jp/articles/29081590842f2a3fd384d5774fd38aae262534c4,8/25(“ú) 17:01
piaeigat,‚Ò‚ ,ƒTƒ}ƒ“ƒTuƒ~ƒbƒL[•ƒ~ƒj[vVìƒoƒbƒO•ƒŠƒ…ƒbƒN‚ª“oê@ƒ~ƒbƒL[‚½‚¿‚ªƒpƒCƒƒbƒg•CAp‚É,https://news.yahoo.co.jp/articles/66f4f493958c6a5db3b59af31dcfcc0e0a654b62,8/25(“ú) 12:03
piaeigat,‚Ò‚ ,”š•—ƒXƒ‰ƒ“ƒvAƒfƒrƒ…[40ü”N‚ğ‹L”O‚µ‚½ƒxƒXƒgEƒAƒ‹ƒoƒ€”­”„Œˆ’è@û˜^‹È‚Í‚·‚×‚Äƒƒ“ƒo[‚ªƒZƒŒƒNƒg,https://news.yahoo.co.jp/articles/f5d5f603e510dced3dc98ff914d1241397ca5f57,8/25(“ú) 10:01
piaeigat,‚Ò‚ ,Œ©‚ÄA’®‚¢‚ÄŠy‚µ‚İAl‚¦‚³‚¹‚ç‚ê‚é•\Œ»—Í–L‚©‚È‰¹ŠyŒ€w‚ ‚ç‚µ‚Ì‚æ‚é‚ÉxŠJ–‹I,https://news.yahoo.co.jp/articles/98cd12b4f75b86f6c30171e8fabf0782038d0cac,8/25(“ú) 0:07
piaeigat,‚Ò‚ ,DEZERTA‰‚Æ‚È‚é•“¹ŠÙŒö‰‰‚Ìƒ^ƒCƒgƒ‹‚ªŒˆ’è@—ˆêÒ‚ÉŒ¶‚ÌŠy‹ÈuƒI[ƒfƒBƒiƒŠ[v‚ÌCD‚ğƒvƒŒƒ[ƒ“ƒg,https://news.yahoo.co.jp/articles/3fdd025d103ddd9b7627745c276128d3e332998b,8/24(“y) 22:00
piaeigat,‚Ò‚ ,–³ˆó—Ç•iA‘å—e—Ê‚¾‚¯‚Ç”æ‚ê‚È‚¢I@Œ¨‚Ì•‰’S‚ğŒyŒ¸‚·‚éuVì›…ƒŠƒ…ƒbƒNv‚ª‚¨ƒXƒXƒ,https://news.yahoo.co.jp/articles/4cc40be714d0c12ff989070f48435f236d679b61,8/24(“y) 12:03
piaeigat,‚Ò‚ ,KroiALA‚Å‚Ìv‚¢o‚ª‹l‚Ü‚Á‚½u–¾–ÅvMVŒöŠJ,https://news.yahoo.co.jp/articles/bcbf0c05454fc5a1442f510db221533174d48ebe,8/24(“y) 0:00
piaeigat,‚Ò‚ ,ƒUEƒNƒƒ}ƒjƒˆƒ“ƒY~ƒtƒ‰ƒbƒh‚ª‹£‰‰@ƒ‰ƒCƒuƒCƒxƒ“ƒgwMAZRI no MATSURI -The Joint-xŠJÃŒˆ’è,https://news.yahoo.co.jp/articles/77ede6bc53be0318fc1e6b09b0ac2c9772462a9d,8/23(‹à) 21:02
piaeigat,‚Ò‚ ,wƒrƒNƒ^[ƒƒbƒNÕ‚è2024xƒgƒ€Eƒuƒ‰ƒEƒ“Aƒ„[ƒŒƒ“ƒY‚ç‘æ1’eo‰‰Œ|l”­•\,https://news.yahoo.co.jp/articles/0c9014faf36fd5b707aec9f6f3d4979ac84dbd20,8/23(‹à) 18:07
piaeigat,‚Ò‚ ,R‰ºK‹P‚ç‚É‚æ‚éVl5l‘gƒ{[ƒCƒYƒOƒ‹[ƒvEWILD BLUE‚ª2024”NH‚Éƒfƒrƒ…[,https://news.yahoo.co.jp/articles/78d7e36c4640540b5feda1bd333687bf4eedf095,8/23(‹à) 18:05
piaeigat,‚Ò‚ ,‰Æ“üƒŒƒIAƒjƒ…[EƒAƒ‹ƒoƒ€wMy namexƒeƒBƒU[‰f‘œŒöŠJ@Q‰ÁƒA[ƒeƒBƒXƒg‚©‚ç‚ÌƒRƒƒ“ƒg‚à“’…,https://news.yahoo.co.jp/articles/d5af8a6e09cb479474d33258dc92b7f8310e6178,8/23(‹à) 18:02
piaeigat,‚Ò‚ ,‰f‰æwƒAƒrƒQƒCƒ‹x‚Å—x‚éƒ”ƒ@ƒ“ƒpƒCƒA­—‚É‘Î›³I@’–Ú‚ÌƒLƒƒƒXƒŠƒ“Eƒjƒ…[ƒgƒ“‚Í‘å‚Ìe“ú‰Æ——D,https://news.yahoo.co.jp/articles/3ed6620bba48e7303e1205cefb76bad5298bc2de,8/23(‹à) 18:02
piaeigat,‚Ò‚ ,–{‘‚Å‚Í2ŠÔ‚Å”zM’â~‚É‚È‚Á‚½Œ¶‚Ì’†‰Øƒuƒƒ}ƒ“ƒXw’v–½—V‹YxWOWOW‚Å•ú‘—Œˆ’è,https://news.yahoo.co.jp/articles/8e6a50c4294d6f97e023608b701a4e0946f9cde0,8/23(‹à) 18:02
piaeigat,‚Ò‚ ,u—ß˜a6”N“~„‹Æ ‘å‘Š–o’ÃêŠv‚ª12Œ‚ÉŠJÃ,https://news.yahoo.co.jp/articles/a25294dd7b57e138bf5b995e336b5a36decf9500,8/23(‹à) 18:02
piaeigat,‚Ò‚ ,KroiA–{“úŠJÃ‚Ì‘S‘ƒcƒA[wUnspoilx‰“úŒö‰‰‚Ìˆê•”‚ğ¶”zM,https://news.yahoo.co.jp/articles/781487c4f4a5c3bf8474926dd972022185abafaa,8/23(‹à) 17:50
piaeigat,‚Ò‚ ,‰f‰æwƒ[ƒhEƒIƒuEƒUEƒŠƒ“ƒO^ƒ[ƒnƒ“‚Ìí‚¢x“ú–{”Å•ŠCŠO”Å—\•ÒŒöŠJ@‘ÖƒLƒƒƒXƒg‚És‘º³eA¬Å•—‰ÔA’Ã“cŒ’Ÿ˜Y,https://news.yahoo.co.jp/articles/587a5e73d1ee15e34024f6cf45deda6e7dcf5789,8/23(‹à) 17:20
piaeigat,‚Ò‚ ,óˆäŒ’ˆêAƒjƒ…[EƒAƒ‹ƒoƒ€wOVER HEAD POPx10ŒƒŠƒŠ[ƒX@–{l•`‚«‰º‚ë‚µ‚ÌƒWƒƒƒPƒbƒg‰æ‘œŒöŠJ,https://news.yahoo.co.jp/articles/72d3ac0a18c3db10c8eb0b4013bd23afb09d0c23,8/23(‹à) 17:01
piaeigat,‚Ò‚ ,wLIVE AZUMA 2024xƒ^ƒCƒ€ƒe[ƒuƒ‹”­•\@19“ú‚ÍƒNƒŠ[ƒvƒnƒCƒvAÎ–ì‘ì‹…A20“ú‚Í—r•¶ŠwAWONK‚ªƒwƒbƒhƒ‰ƒCƒi[‚É,https://news.yahoo.co.jp/articles/3c22514bf973e50595cbc636fc9aea768c3f8ac7,8/23(‹à) 14:01
piaeigat,‚Ò‚ ,w‹S‘¾˜Y’a¶ ƒQƒQƒQ‚Ì“äx327ƒJƒbƒg‚ÌƒŠƒeƒCƒN‚ÅR15+”Å‚Ì^¶”Å‚Æ‚µ‚ÄÄã‰fŒˆ’è,https://news.yahoo.co.jp/articles/7a8b968d545623f2ce86b37d7a7c24da65591384,8/23(‹à) 12:03
piaeigat,‚Ò‚ ,ƒtƒŒƒfƒŠƒbƒNAV‹ÈuHappinessv”zMƒŠƒŠ[ƒXŒˆ’è@OŒ´Ni‚ªè‚ª‚¯‚½ƒWƒƒƒPƒbƒgŒöŠJ,https://news.yahoo.co.jp/articles/eaf2a35d77c60b51350d42e24431cf60425570c4,8/23(‹à) 12:03
piaeigat,‚Ò‚ ,wƒCƒiƒYƒ}ƒƒbƒN ƒtƒFƒX 2024xƒGƒ‹ƒtAEverybodyA‚Í‚é‚©‚º‚É‚®Aƒt[ƒX[ƒ„‚ç‚Ìo‰‰‚ªŒˆ’è,https://news.yahoo.co.jp/articles/456358ee21ecd67a2b4d287098d0738ff8d80189,8/23(‹à) 12:02
piaeigat,‚Ò‚ ,Œ©ãˆ¤•‹{¢—®–í‚Ìgˆê•à‚ğ“¥‚İo‚·ƒRƒchu–{“–‚ÉŠ‚¦‚½‚¢–²‚È‚çAg‘Ì‚ªŸè‚É“®‚­v,https://news.yahoo.co.jp/articles/8331c69158016191cbe77e3c647c271b43d632c6,8/23(‹à) 12:02
piaeigat,‚Ò‚ ,‘—§Œ€ê‚É‚æ‚é“ü–åŒö‰‰u‚Í‚¶‚ß‚Ä‚Ì–MŠy„Ÿâµ‚Ì–£—Í„Ÿv‚Æ‰Ì•‘Šê–¼ì“ü–åw‰ÄÕ˜Q‰ÔŠÓx@•¶Šy‚ÆŠÏ”ä‚×‚éƒ`ƒƒƒ“ƒX‚à,https://news.yahoo.co.jp/articles/8b842a3f299e18a16e77e8fe57afc1c8d1980273,8/23(‹à) 11:31
piaeigat,‚Ò‚ ,w—¼‘åíŠÔ‚Ìƒ‚ƒ_ƒjƒYƒ€x’¬“cs—§‘Û”Å‰æ”üpŠÙ‚Å@íŠÔŠú‚Ì”Å‰æ•\Œ»‚É‚¨‚¯‚éƒ‚ƒ_ƒjƒYƒ€‚Ì“WŠJ‚ğ–ñ230“_‚Å‚½‚Ç‚é,https://news.yahoo.co.jp/articles/e8418a0f248f192477d472a3b2c82dd54dd3f625,8/23(‹à) 11:30
piaeigat,‚Ò‚ ,‚¿‚å‚Á‚Æƒgƒ“ƒ}‚ÈƒEƒGƒXƒ^ƒ“Š´‚ÉƒOƒb‚Æ‚«‚Ü‚µ‚½y‚İ‚¤‚ç‚¶‚ã‚ñ‚Ì‰f‰æƒ`ƒ‰ƒV•ú’kzwƒXƒgƒŒƒ“ƒWEƒEƒFƒCEƒIƒuEƒ‰ƒCƒtxw–§—A 1970x,https://news.yahoo.co.jp/articles/b2a00285dda3230fac9927d1097e1d7adb0fa745,8/23(‹à) 11:21
piaeigat,‚Ò‚ ,wƒAƒiƒRƒ“ƒ_x‚ÌƒŠƒƒCƒNŠé‰æ‚ªis’†,https://news.yahoo.co.jp/articles/d773bbcd8845deccd9dbadf1455f4941012e0b34,8/23(‹à) 11:03
piaeigat,‚Ò‚ ,wƒxƒCƒr[‚í‚é‚«‚ã[‚êxÅVì@g–Y‚ê‚ç‚ñ‚Ë‚¦‚æh‚ÌƒRƒ‰ƒ{‹È‚ª—¬‚ê‚é“Á•Ê—\•‘ÎŒˆƒV[ƒ“ŒöŠJ,https://news.yahoo.co.jp/articles/15b219f7f3164d877d078d66770328f7a3b7cf86,8/23(‹à) 8:01
piaeigat,‚Ò‚ ,L£‚·‚¸å‰‰AƒJƒYƒIEƒCƒVƒOƒ‚Ìƒfƒrƒ…[ìw‰“‚¢R‚È‚İ‚ÌŒõx“ú‰p‡ì‚É‚Ä2025”N‰ÄŒöŠJŒˆ’è,https://news.yahoo.co.jp/articles/d78d96027006aa838b42e8de41686b42b41304e9,8/23(‹à) 7:01
piaeigat,‚Ò‚ ,‰f‰æw¹™‚¨‚É‚¢‚³‚ñx‘æ5’eƒLƒƒƒXƒg‚Å’‡–ì‘¾‰ê‚ª\ˆê–ÊŠÏ‰¹A_–Ø—²”V‰î‚ªƒˆƒnƒl‚É@ƒƒCƒLƒ“ƒO‘æ2’e‚àŒöŠJ,https://news.yahoo.co.jp/articles/b657aa4356e1d9b8c2692b3b39bee7275357260b,8/23(‹à) 7:01
piaeigat,‚Ò‚ ,ƒp[ƒJ[ƒYu‚ ‚È‚½‚Ìƒiƒ“ƒo[ƒƒ“‚É‚È‚ê‚Ü‚·‚æ‚¤‚ÉIv ƒLƒ‰ƒbƒLƒ‰‚ÈƒGƒlƒ‹ƒM[‚Å–„‚ßs‚­‚³‚ê‚½ƒcƒA[‰“ú‚ğƒŒƒ|[ƒg,https://news.yahoo.co.jp/articles/2a52df8b7c5064b2b67472dee78f3b4c4c371cfe,8/22(–Ø) 21:01
piaeigat,‚Ò‚ ,ONE N ONLYå‰‰‰f‰æwƒoƒgƒ‹ƒLƒ“ƒO!!x‘±•Ò‚ª2ì˜A‘±‚ÅŒöŠJ@“Á•ñ‰f‘œ‚É‚ÍˆÓ–¡[‚ÈƒZƒŠƒt‚àyƒRƒƒ“ƒg‚ ‚èz,https://news.yahoo.co.jp/articles/55e5d98edf9eb4ee779aa1303411e2f168aa4598,8/22(–Ø) 21:01
piaeigat,‚Ò‚ ,ƒSƒzƒEƒrA2nd EPwGOHOBI QUATTRO -spicy-xƒŠƒŠ[ƒXŒˆ’è@ƒŠƒŠ[ƒX‹L”Oƒƒ“ƒ}ƒ“ƒ‰ƒCƒu‚àŠJÃ,https://news.yahoo.co.jp/articles/ab8057e3675ff785cf3fbbbe2565c2fc0979a409,8/22(–Ø) 20:01
piaeigat,‚Ò‚ ,Ken YokoyamaA90”N‘ã‚ÌŠy‹È‚ğ’†S‚Æ‚µ‚½ƒpƒ“ƒNEƒJƒo[EƒAƒ‹ƒoƒ€”­”„•ƒcƒA[ŠJÃŒˆ’è,https://news.yahoo.co.jp/articles/0cf324ed05f2d923ea9f5598ac74e81db655628f,8/22(–Ø) 19:03
piaeigat,‚Ò‚ ,MONGOL800~WANIMA‚ªÄƒ^ƒbƒO@2”N‚Ô‚è‚ÌƒXƒvƒŠƒbƒgEP”­”„Œˆ’è@ƒIƒŠƒWƒiƒ‹ƒsƒ“ƒoƒbƒW‚ª‚à‚ç‚¦‚é‘Šú—\–ñ‚àŠJn,https://news.yahoo.co.jp/articles/49741c16ba12839656452976741630e0a792a344,8/22(–Ø) 19:01
piaeigat,‚Ò‚ ,reGretGirl v‚¢‚«‚è‹ƒ‚¢‚ÄÎ‚Á‚ÄA‚«‚İ©g‚ğ‰ğ‚«•ú‚Á‚Ä‚­‚ê\‚·‚×‚Ä‚ÌƒƒbƒZ[ƒW‚ªh‚³‚è‚Ü‚­‚Á‚½A‚Ç‚¤‚É‚©‚È‚Á‚Ä‚µ‚Ü‚¢‚»‚¤‚È‘åãé–ìŠO‰¹Šy“°ƒƒ“ƒ}ƒ“,https://news.yahoo.co.jp/articles/57e3efb8a4e5f7c9c80e7b47bc59e80edce481e4,8/22(–Ø) 18:03
piaeigat,‚Ò‚ ,u‘å’n‚ÌŒ|pÕ ‰zŒãÈ—LƒA[ƒgƒgƒŠƒGƒ“ƒi[ƒŒ2024v11Œ10“ú‚Ü‚ÅŠJÃ’†@9Œ7“ú‚É‚Íu‘å’n‚Ì‰^“®‰ïv‚àÀ{,https://news.yahoo.co.jp/articles/4d5ef8c0262fd34c028e92b57937ab611259f045,8/22(–Ø) 18:02
piaeigat,‚Ò‚ ,GLAYA17thƒAƒ‹ƒoƒ€wBack To The Popsx10ŒƒŠƒŠ[ƒX@TAKUROu‚¿‚á‚ñ‚Æ³‚µ‚­A30”N–Ú‚ÌGLAYƒfƒrƒ…[ƒAƒ‹ƒoƒ€v,https://news.yahoo.co.jp/articles/8388df4077d7c9413777260ceedfe9135136f4e8,8/22(–Ø) 18:01
piaeigat,‚Ò‚ ,—›³MAŒ´“c‰q‚çá‚«÷‚Ìím‚½‚¿‚ªAƒAƒTƒqƒX[ƒp[ƒhƒ‰ƒC PNC—DŸ‚ğ¾‚¤!,https://news.yahoo.co.jp/articles/7b6a3ceba29f47fb96c701e3e2331a9a684d3b8b,8/22(–Ø) 18:01
piaeigat,‚Ò‚ ,ul‚ğŠy‚µ‚Ü‚¹‚é‚È‚ç —Œê‚ª‚¢‚¢‚ñ‚¶‚á‚È‚¢‚©vŒÃ¡’àn ‰üƒ ŒÃ¡’à“`•ãƒCƒ“ƒ^ƒrƒ…[,https://news.yahoo.co.jp/articles/76e47c9273116d976979248eb325256f9c831ce2,8/22(–Ø) 17:08
piaeigat,‚Ò‚ ,wƒS[ƒ‹ƒfƒ“ƒJƒ€ƒC \–kŠC“¹hÂúl‘ˆ’D•Ò\xŒï“o‰¹”Vi–ğ‚Í’†ì‘åu@VƒLƒƒƒ‰‚ª“oê‚·‚éÅV–{—\ŒöŠJ,https://news.yahoo.co.jp/articles/8eabd438b881cf2f70b5539eddf81a9716ae0f08,8/22(–Ø) 17:00
piaeigat,‚Ò‚ ,¢ŠE‰ƒRƒ‰ƒ{I wƒnƒŠ[Eƒ|ƒbƒ^[x‚Ì3‘åƒXƒ|ƒbƒg‚ªuƒoƒbƒNEƒgƒDEƒzƒOƒ[ƒcv‚ğj•Ÿ,https://news.yahoo.co.jp/articles/c8d27d764d461d99f56ccafe2a777421c014f98f,8/22(–Ø) 14:50
piaeigat,‚Ò‚ ,ãì—²–çA—ÑŒ´‚ß‚®‚İAR›Gˆê‚É‚æ‚éƒRƒƒ“ƒg‚à@‰¹Šy˜N“ÇŒ€wMr.PrisonerxÄX‰‰‚ªŠJ–‹,https://news.yahoo.co.jp/articles/c1acbe5c29f916b86c03fb24a164b4b11b3bec6f,8/22(–Ø) 14:10
piaeigat,‚Ò‚ ,–Ø‘º‘ñÆå‰‰wƒOƒ‰ƒ“ƒƒ]ƒ“EƒpƒŠxƒ`[ƒ€‚ÌgÅŒã‚Ì’§íh‚ğ•`‚¢‚½—\•ÒŒöŠJ,https://news.yahoo.co.jp/articles/de0a1a7e696c94fef9e74d39fdf2e964017e2531,8/22(–Ø) 13:10
piaeigat,‚Ò‚ ,w‚¢‚«‚È‚è–{“Ç‚İIin EX THEATER ROPPONGIx‚‹´•¶ÆA”ÂŠ_—Y—º‚Ìo‰‰‚ªŒˆ’è,https://news.yahoo.co.jp/articles/7eb0fa2355758a59e19d240c2761f09417a2123f,8/22(–Ø) 13:01
piaeigat,‚Ò‚ ,Š™‘q‚ÌŒÃ™‹‚ÅŠy‚µ‚ŞƒVƒ‡ƒpƒ“•ƒ‰ƒtƒ}ƒjƒmƒt,https://news.yahoo.co.jp/articles/cabf7139fe971e1f740b533dfe0a280fa70301ab,8/22(–Ø) 12:05
piaeigat,‚Ò‚ ,w“c’†ˆê‘º“W@‰‚”ü‚ÌŒõ °‚ÌŠG‰æx“Œ‹“s”üpŠÙ‚Å@‰ŒöŠJì•i‚ğŠÜ‚Ş–ñ250Œ‚ªW‚¤Å‘å‹K–Í‚ÌŒÂ“W,https://news.yahoo.co.jp/articles/b5e7cd75ee12ec21ff687624669ed880492608ea,8/22(–Ø) 11:34
piaeigat,‚Ò‚ ,HY‚Ì–¼‹È‚©‚çƒCƒ“ƒXƒpƒCƒA‚³‚ê‚½‰f‰æw366“úx—ˆ”NŒöŠJŒˆ’è@Ô‘^‰q“ñ‚Æã”’Î–G‰Ì‚ª2“x–Ú‚Ì‹¤‰‰,https://news.yahoo.co.jp/articles/7c298195440c3a1711e0bb3bf20ef9aac0467b3c,8/22(–Ø) 7:03
piaeigat,‚Ò‚ ,EveA4thƒAƒ‹ƒoƒ€”­”„‹L”OŒö‰‰2ƒfƒCƒYŠJÃ‚ğ”­•\,https://news.yahoo.co.jp/articles/bee292ce0d08200738526b5735bc527dbfcb23c7,8/21(…) 21:30
piaeigat,‚Ò‚ ,r–qŒc•FŠé‰æƒvƒƒfƒ…[ƒXw•‘‘äƒ^ƒŒ€ vol.1x—ˆ”N1Œã‰‰Œˆ’è@‰‰o‚ÍA“cŒ\•ã,https://news.yahoo.co.jp/articles/02872fe7c28864bcb11d1e73be51ea1ae4a828cf,8/21(…) 18:20
piaeigat,‚Ò‚ ,uPFFƒAƒ[ƒh2024vDOKUSO ‰f‰æŠÙ‚É‚ÄƒIƒ“ƒ‰ƒCƒ“Ê‰ïŒˆ’è@‰f‰æÕ—\•Ò‚àŒöŠJ,https://news.yahoo.co.jp/articles/714b09146b34eee4cc9359ffda03f8376ad82139,8/21(…) 18:03
piaeigat,‚Ò‚ ,Laura day romance 2024”N‘æO’eƒVƒ“ƒOƒ‹u‚Å‰ï‚¢‚Ü‚µ‚å‚¤v‚ğƒŠƒŠ[ƒXuB–†‚È‚Æ‚±‚ë‚É“ú–{Œê‚Ì—Ç‚³‚İ‚½‚¢‚È‚Ì‚ª‚ ‚é‚©‚Èv,https://news.yahoo.co.jp/articles/fa8e050b7c795e317fb8ce658ee9fcff9631b84f,8/21(…) 18:02
piaeigat,‚Ò‚ ,w.o.d.‚ªƒƒWƒƒ[1stƒAƒ‹ƒoƒ€‚Ìû˜^‹È‚ğˆê•”ŒöŠJ@V‹Èu‚ ‚Î‚­v‚ÌMV‚Í¡–éƒvƒŒƒ~ƒAŒöŠJ,https://news.yahoo.co.jp/articles/55a836684f76466ea72e75d4b7d37ad590d2eb30,8/21(…) 18:02
piaeigat,‚Ò‚ ,DisGOONie Presentswchill moratoriumxŒö‰‰î•ñ•ƒLƒƒƒXƒg”­•\,https://news.yahoo.co.jp/articles/e9ec26224f363d7376a2442a58d4116ebd44a11c,8/21(…) 16:31
piaeigat,‚Ò‚ ,a’J‚·‚Î‚é‚ª‚¸‚Ô”G‚ê‚É‚È‚è‚È‚ª‚ç”M¥@V‹ÈulŠÔ]‰ÌvMV‚ğ¡–éƒvƒŒƒ~ƒAŒöŠJ,https://news.yahoo.co.jp/articles/6257239a641bedf1d0bd0121c87f46425410a325,8/21(…) 16:00
piaeigat,‚Ò‚ ,•ó’Ë‰ÌŒ€100ü”Nƒƒ“ƒo[‚ª–²‚Ì‹£‰‰wRUNWAYxƒrƒWƒ…ƒAƒ‹ŒöŠJ,https://news.yahoo.co.jp/articles/90c99e5403c76713f2334b3e589061a513a3569c,8/21(…) 16:00
piaeigat,‚Ò‚ ,“Œ‹‰ŠúÕ“®wƒgƒLƒ‡ƒVƒ‡ƒLƒtƒFƒXf24x2“ú–Ú‚Ì‘Îƒoƒ“ƒQƒXƒg‚ÍƒAƒJƒVƒbƒN,https://news.yahoo.co.jp/articles/492d0340add3166f93c839104987d7d2b4e30ad2,8/21(…) 13:40
piaeigat,‚Ò‚ ,——DE‘ºìŠG—œ‚Ì‰Šé‰æì•iw‚»‚ê‚Å‚Í“oê‚µ‚Ä’¸‚«‚Ü‚µ‚å‚¤xã‰‰Œˆ’è@ìE‰‰o‚Í‰‡ƒ|ƒŠƒXåÉ‚ÌŠİ–{ˆ¼‰À,https://news.yahoo.co.jp/articles/3b2e1c5ee8ca929844d5b2a1ef114d549e3b701f,8/21(…) 13:01
piaeigat,‚Ò‚ ,Œ»‘ãƒA[ƒgì•i‚ª‘åã‚Ì’†S•”‚ğƒWƒƒƒbƒNIuMUSIC LOVES ART 2024 - MICUSRAT (ƒ}ƒCƒNƒXƒ‰ƒbƒg) -vŠJÃ’†,https://news.yahoo.co.jp/articles/3fa30db17259cb89eca44e573923bc3056d7f44b,8/21(…) 13:00
piaeigat,‚Ò‚ ,Mega ShinnosukeAV‹Èu‚ ‚Ìq‚Æƒ_ƒ“ƒXifeat.chelmicojvMVŒöŠJ@ƒjƒ…[EƒAƒ‹ƒoƒ€‚ÌÚ×‚à”­•\,https://news.yahoo.co.jp/articles/859aa1c8ee9f26410aaf1306118437ec105a09fd,8/21(…) 12:11
piaeigat,‚Ò‚ ,•‘‘äw‚©‚°‚«‚µ‚å‚¤‚¶‚å!!x‘æ2ÍA12Œã‰‰Œˆ’è@ƒNƒŠƒGƒCƒ^[&ƒLƒƒƒXƒg‚ÌƒRƒƒ“ƒg‚à“’…,https://news.yahoo.co.jp/articles/301ecd5f723eb3c6f6680717b70adfe7449d072c,8/21(…) 12:11
piaeigat,‚Ò‚ ,¼—Ñ”Œ’mæ¶A“ü‘D’àîµ‚³‚ñ@‚²‚Ğ‚¢‚«Šè‚¢‚Ü‚·I,https://news.yahoo.co.jp/articles/875ad7535f18dcf4e2d8a3b0397bcd5d51c60d38,8/21(…) 12:06
piaeigat,‚Ò‚ ,wCloud ƒNƒ‰ƒEƒhxƒZƒŠƒt•t‚«ƒLƒƒƒ‰ƒ|ƒXƒ^[6“_ŒöŠJ@ƒƒCƒ“ƒLƒƒƒXƒg‚ª“o’d‚·‚éƒWƒƒƒpƒ“ƒvƒŒƒ~ƒAŠJÃ‚àŒˆ’è,https://news.yahoo.co.jp/articles/a364134e69e4ac4832f046acb9128f1fa5eb9036,8/21(…) 12:04
piaeigat,‚Ò‚ ,wƒo[ƒ~ƒ„ƒ“‘å•§‚Ì‘¾—z_‚Æ–íèÓM‹ÂxOˆä‹L”O”üpŠÙ‚Å@ƒo[ƒ~ƒ„ƒ“ˆâÕ‚Ì•`‚«‹N‚±‚µ}‚ğ“Œ‹‰ŒöŠJ,https://news.yahoo.co.jp/articles/97c75889f41cef5f8af9a45b96eb4e50d7870853,8/21(…) 11:31
piaeigat,‚Ò‚ ,ˆÉ“¡ —–‚ªŒ‚ğ‰z‚¦˜f¯‚ğ„‚é@V‹Èu•—‚É‚Ì‚Á‚Ä`Over the MoonvMVŒöŠJ,https://news.yahoo.co.jp/articles/77460c258d8ec5c64db14d255a6eaa06fa3f722b,8/21(…) 11:30
piaeigat,‚Ò‚ ,¼’|‘n‹Æ130ü”N‚ğ‹L”O‚µ‚ÄO‘å–¼ì‚ğ2025”N‚Éˆê‹“ã‰‰@3Œw‰¼–¼è–{’‰b‘ xA9Œw›Œ´“`öèKŠÓxA10Œw‹`Œoç–{÷x,https://news.yahoo.co.jp/articles/0463e1794eaa1d11194f82035a14f3a024507817,8/21(…) 11:21
piaeigat,‚Ò‚ ,‚Ü‚Ó‚Ü‚ÓA–ñ5”N‚Ô‚è‚ÌƒAƒ‹ƒoƒ€w¢‰ïFƒ†ƒjƒo[ƒXx”­”„Œˆ’è@CD2–‡‘gE‘S30‹È’´‚¦‚Ì‘åì,https://news.yahoo.co.jp/articles/86355fabc02f52fc42ed5ecc0853b2f70e783cd1,8/21(…) 11:01
piaeigat,‚Ò‚ ,ƒNƒƒGEƒWƒƒƒI‚ªwHamnetx‚ğŠÄ“Â,https://news.yahoo.co.jp/articles/5bcb1b78577cbf5c03d5223b303f6eeaa2ddd46c,8/21(…) 11:01
piaeigat,‚Ò‚ ,‰f‰æw‚Ó‚µ‚¬‘Ê‰Ùq‰® ‘K“V“°xVƒLƒƒƒXƒg‚ÅˆÉŒ´˜Z‰Ô‚Ìo‰‰Œˆ’è@ê–ÊÊ^‚àŒöŠJ,https://news.yahoo.co.jp/articles/217bb87541c2874f7953cb0ef0f1aa7eb8cfab65,8/21(…) 8:01
piaeigat,‚Ò‚ ,R–{kj‚ª26”NU‚è‚Éƒ}[ƒN‚ÉB“ú•Ä‡ìƒuƒ[ƒhƒEƒFƒCƒ~ƒ…[ƒWƒJƒ‹wRENTx–{“úŠJ–‹,https://news.yahoo.co.jp/articles/75f3e19ac6863337473c515e28ddd2d85922a89f,8/21(…) 7:03
piaeigat,‚Ò‚ ,wMrs. GREEN APPLE // The White Lounge in CINEMAx–{—\‰f‘œ•ƒ|ƒXƒ^[ƒrƒWƒ…ƒAƒ‹ŒöŠJ,https://news.yahoo.co.jp/articles/492115829a7fa1369310ebd6b495afaf0bf17255,8/21(…) 7:02
piaeigat,‚Ò‚ ,‹g‰i¬•S‡‚ª—«‰‚ÌƒGƒxƒŒƒXƒg“o’¸Ò‚É@‰f‰æw‚Ä‚Á‚Ø‚ñ‚ÌŒü‚±‚¤‚É‚ ‚È‚½‚ª‚¢‚éx2025”NŒöŠJ,https://news.yahoo.co.jp/articles/888465b0f4f64878fc2ae098978d275cc3db4cd3,8/21(…) 7:01
piaeigat,‚Ò‚ ,Age FactoryAlil soft tennis‚Æ‚ÌƒRƒ‰ƒ{‹Èumayv”zMƒŠƒŠ[ƒX@uSongsvƒcƒA[‘Îƒoƒ“‘æ2’e‚à”­•\,https://news.yahoo.co.jp/articles/8a2cce698876971ff30b604d54f4721a55c826d2,8/21(…) 0:00
piaeigat,‚Ò‚ ,ƒuƒ[ƒhƒEƒFƒCEƒ~ƒ…[ƒWƒJƒ‹wƒvƒŠƒeƒBEƒE[ƒ}ƒ“x“Œ‹Œö‰‰‚ÌƒIƒtƒBƒVƒƒƒ‹ƒTƒ|[ƒ^[‚ÉLiLiCo‚ªA”C,https://news.yahoo.co.jp/articles/644fadf891dc86f203c2542074a7db32060720d0,8/20(‰Î) 19:40
piaeigat,‚Ò‚ ,w•sv‹c‚Ì‘‚ÌƒAƒŠƒXx‚ÌŒ´“_‚ğ’H‚é“W——‰ï‚ªAˆ¤’mŒ§‚Ì¼â‰®”üpŠÙ‚É‚ÄŠJÃ’†,https://news.yahoo.co.jp/articles/59f43711c3c782db87ee50adcc74ac6c677c4029,8/20(‰Î) 19:30
piaeigat,‚Ò‚ ,RèˆçO˜Y‚Ìƒ‰ƒCƒuƒCƒxƒ“ƒgwTHIS IS IKU 2024 “ú–{•“¹ŠÙx‚ÉHR—³Ÿiƒƒo[ƒgjAŠô“c‚è‚çA•Xì‚«‚æ‚µ‚ªo‰‰Œˆ’è,https://news.yahoo.co.jp/articles/91220d3ff669cc7512511f440ff0cbcb675c1dd6,8/20(‰Î) 19:30
piaeigat,‚Ò‚ ,–ö‰Æ‰Ô—Î‚Ìw–ö“cŠi”Vix‚ª2ƒJŒ˜A‘±‚Å1ˆÊ‚É@u‚Ò‚ —Œê‚´‚ñ‚Ü‚¢vŒŠÔ‹’®‰ñ”ƒ‰ƒ“ƒLƒ“ƒO”­•\,https://news.yahoo.co.jp/articles/894f8be209b9a7660ff5b7ae07604f99ac3cac8a,8/20(‰Î) 19:00
piaeigat,‚Ò‚ ,Œ€’cwƒnƒCƒLƒ…[!!x2025”NVìŒö‰‰‚Ìã‰‰Œˆ’è@‰‰o‚Í{‰êŒ’‘¾‚ª‘±“Š,https://news.yahoo.co.jp/articles/4a0293e86bca01f6b872ac1a26b8a002885f8b24,8/20(‰Î) 12:30
piaeigat,‚Ò‚ ,Šâ–{ÆuiÄ‰‰Œˆ’è‚Íjƒˆ‚ÉŠğ‚µ‚©‚Á‚½vƒ~ƒ…[ƒWƒJƒ‹wƒLƒƒƒbƒ`Eƒ~[EƒCƒtEƒ†[EƒLƒƒƒ“xŠJ–‹,https://news.yahoo.co.jp/articles/300d70c63f9e5d943763da0a170b0a571e50c5ea,8/20(‰Î) 12:20
piaeigat,‚Ò‚ ,‰f‰æwƒUEƒuƒŒƒCƒLƒ“xƒoƒgƒ‹‚É‚à•K—v‚Èƒtƒ@ƒbƒVƒ‡ƒ“‚ÉƒtƒB[ƒ`ƒƒ[‚µ‚½ê–ÊƒJƒbƒgŒöŠJ,https://news.yahoo.co.jp/articles/d2b5baebfa1f8e12600a4b4d40f5b722db2f4281,8/20(‰Î) 12:05
piaeigat,‚Ò‚ ,w‰–“cçt@‚Â‚È‚ª‚é„(ƒAƒC)x‘åã’†”V“‡”üpŠÙ‚Å@3‚Â‚ÌuƒAƒCv‚Å‘¼Ò‚Æ‚Ìu‚Â‚È‚ª‚èv‚ÉƒAƒvƒ[ƒ`,https://news.yahoo.co.jp/articles/e4d0a0420a003b6ae33994d67eb9cae427cc0965,8/20(‰Î) 11:30
piaeigat,‚Ò‚ ,wƒXƒ^[EƒEƒH[ƒYFƒAƒRƒ‰ƒCƒgx‚ª‘Å‚¿Ø‚è‚É,https://news.yahoo.co.jp/articles/953c1624b27aabce538f93b165a45239cc100507,8/20(‰Î) 11:01
piaeigat,‚Ò‚ ,ƒZƒJƒIƒFukase‚ªÅ‹­‚Ì×‹Û‚ÉI w‚Í‚½‚ç‚­×–ExVƒLƒƒƒXƒg”­•\@õ’J«‘¾A[“c‹±qA”ÂŠ_—›Œõl‚ç‚ào‰‰,https://news.yahoo.co.jp/articles/204349ceef5da03e7d0229159969895c69b124db,8/20(‰Î) 7:01
piaeigat,‚Ò‚ ,å‰‰‚Í_”ö•–ì‚Æ÷“c‚Ğ‚æ‚èI@”š•—ƒXƒ‰ƒ“ƒv‚Ì–¼‹Èu‘å‚«‚È‹Ê‚Ë‚¬‚Ì‰º‚Åv‰f‰æ‰»Œˆ’è,https://news.yahoo.co.jp/articles/c523005a0f64666d0e80be067406ea4d93951e67,8/20(‰Î) 6:03
piaeigat,‚Ò‚ ,"ART-SCHOOLåÃƒc[ƒ}ƒ“ƒCƒxƒ“ƒg ""Bring 2 Life a Vision vol.3""11Œ‚ÉŠJÃŒˆ’è@ƒQƒXƒg‚ÍAge Factory",https://news.yahoo.co.jp/articles/d209e3dc25c4d3890f3a77bad788f5fb973bf03a,8/19(Œ) 22:00
piaeigat,‚Ò‚ ,BREIMENAƒc[ƒ}ƒ“ƒcƒA[wBREI II MEN TOUR 2024x‘æ2’eo‰‰ƒA[ƒeƒBƒXƒg‚ÉKroi,https://news.yahoo.co.jp/articles/647204f662731b9d43e19b3ac40593065076a742,8/19(Œ) 21:01
piaeigat,‚Ò‚ ,ƒ~ƒ…[ƒWƒJƒ‹wNO.6x‘SƒLƒƒƒXƒg•ƒrƒWƒ…ƒAƒ‹ŒöŠJ,https://news.yahoo.co.jp/articles/628f609a317bd49dafd75fd376946809d811d1ba,8/19(Œ) 18:30
piaeigat,‚Ò‚ ,‰f‰æƒcƒE‚½‚¿‚ª‘I‚ñ‚¾2024”N7Œ‚ÌƒxƒXƒg‰f‰æ‚Íwƒtƒ‰ƒCEƒ~[EƒgƒDEƒUEƒ€[ƒ“xyŒƒCƒ`Ig‚Ò‚ ƒeƒ“hƒ‰ƒ“ƒLƒ“ƒOz,https://news.yahoo.co.jp/articles/4354ed8116bb36915dc68b0d3b06815e2f1178a1,8/19(Œ) 18:03
piaeigat,‚Ò‚ ,TRICERATOPSA–³ŠúŒÀŠˆ“®‹x~•ƒcƒA[ŠJÃ‚ğ”­•\,https://news.yahoo.co.jp/articles/26cc70d3a4bda877f9be0df28698da55875a577a,8/19(Œ) 18:01
piaeigat,‚Ò‚ ,ƒ}ƒbƒgEƒfƒCƒ‚ƒ“‚Æ‹¤‰‰BƒPƒCƒV[EƒAƒtƒŒƒbƒN‚ªŒê‚éÅVìwƒCƒ“ƒXƒeƒBƒQƒCƒ^[ƒYx,https://news.yahoo.co.jp/articles/47f81fa8e11ab8c01b9995017f8397720a9473a1,8/19(Œ) 18:01
piaeigat,‚Ò‚ ,a flood of circle@ƒfƒrƒ…[15ü”N‹L”OŒö‰‰I˜”Õ‚©‚çƒNƒ‰ƒCƒ}ƒbƒNƒX‹‰‚Ì”M‹¶‹óŠÔ‚ğ¶‚İo‚µ‚½A“ú”ä’J–ì‰¹ƒƒ“ƒ}ƒ“‚ğƒŒƒ|[ƒg,https://news.yahoo.co.jp/articles/e40c85bc6f92563e704cea0f06479b79ec1564a6,8/19(Œ) 18:00
piaeigat,‚Ò‚ ,L“‡‚Ì”N––ƒtƒFƒXwŒ‹‚Ñ‚Ì–²”Ô’n2024xŠJÃŒˆ’è@o‰‰12‘g‚Ì”­•\‚à,https://news.yahoo.co.jp/articles/efb5bf2366c9b89d22c45e003c2c42a666f59786,8/19(Œ) 18:00
piaeigat,‚Ò‚ ,109ƒVƒlƒ}ƒYƒvƒŒƒ~ƒAƒ€Vh‚É‚ÄŠJÃwABEMAƒAƒjƒÕxƒg[ƒNƒVƒ‡[•t‚«ã‰f‰ï’Ç‰Á5ì•i‚ªŒˆ’èI,https://news.yahoo.co.jp/articles/74681ca7f78e5692427d3aaa24c44be9d1735003,8/19(Œ) 17:40
piaeigat,‚Ò‚ ,wƒCƒ“ƒTƒCƒhEƒwƒbƒh2xV2‚ÅTOP3‚à•Ï‚í‚ç‚¸@—Bˆê‚ÌVìwƒtƒH[ƒ‹ƒKƒCx‚Í‰“oê7ˆÊy‰f‰æ“®ˆõƒ‰ƒ“ƒLƒ“ƒOz,https://news.yahoo.co.jp/articles/20e0a543e658cc97252be583670a7bc2ff1ebd4b,8/19(Œ) 14:00
piaeigat,‚Ò‚ ,w-inds.ƒ‰ƒCƒuƒcƒA[wNostalgiaxÄX’Ç‰ÁŒö‰‰‚ªŒˆ’è@_“ŞìŒö‰‰‚ÌƒIƒtƒBƒVƒƒƒ‹ƒŒƒ|[ƒg‚ª“’…,https://news.yahoo.co.jp/articles/e896f6cb1fabed30e8e4ea86109465b500291b44,8/19(Œ) 13:50
piaeigat,‚Ò‚ ,•SX˜aG‚Ì52Îƒo[ƒXƒf[ƒ‰ƒCƒu‚ÉROYiTHE BAWDIESjA{“¡õi•Ej‚ç‚ªo‰‰,https://news.yahoo.co.jp/articles/7460001c3ed9b8c7999676c3925322c7f2032f6d,8/19(Œ) 13:40
piaeigat,‚Ò‚ ,wƒŠƒrƒ“ƒOƒ‹[ƒ€‚Ìƒƒ^ƒ‚ƒ‹ƒtƒH[ƒVƒXx“ú–{‰‰‰‚ÉŒü‚¯‚Ä‰ª“c—˜‹K•“¡‘q‘å‚ÌƒRƒƒ“ƒg‚ª“’…,https://news.yahoo.co.jp/articles/efd3e0c0cc7dd7d1049919865092844c839b0cb5,8/19(Œ) 12:53
piaeigat,‚Ò‚ ,y3Œö‰‰ALLƒŒƒ|[ƒgz‚Ğ‚Æ‚è‚Ğ‚Æ‚è‚ªå–ğ‚¾‚Á‚½wEBiDAN THE LIVE CRUISE 2024xƒ‰ƒCƒuƒŒƒ|[ƒgu‚±‚ê‚©‚ç‚à–²‚ğ‚Â‚©‚İ‚É‚¢‚«‚Ü‚µ‚å‚¤Iv,https://news.yahoo.co.jp/articles/71e7385a423d13e3ca44bf2a9d63f7c03e8d99fb,8/19(Œ) 12:40
piaeigat,‚Ò‚ ,áÁ‰h“c‹½“Öå‰‰wƒuƒ‹[ƒsƒŠƒIƒhxŒ´ì‚Ì–¼ƒV[ƒ“‚ğŠ®‘SÄŒ»‚µ‚½–{•Ò‰f‘œŒöŠJ,https://news.yahoo.co.jp/articles/6ae9ab1c92ca340f02924a0fa1f73b4133dda179,8/19(Œ) 12:04
piaeigat,‚Ò‚ ,’|“à‚Ü‚è‚â‚ª—Í‹­‚¢•\î‚Å™z‚Æ˜È‚Ş@ƒjƒ…[EƒAƒ‹ƒoƒ€wPrecious DaysxƒWƒƒƒPƒbƒgŒöŠJ,https://news.yahoo.co.jp/articles/16aa7aee4038104500164d29ec2839d0a5407729,8/19(Œ) 12:02
piaeigat,‚Ò‚ ,wˆ¤‚É—–\x]Œû‚Ì‚è‚±‚ª–£‚¹‚é‹¶‹CI lŠÔ‚Ì•¡G‚ÈŒÇ“ÆŠ´‚ğ•`‚­‹Éã‚ÌƒTƒXƒyƒ“ƒXy‚¨‚Æ‚È‚Ì‰f‰æƒKƒCƒhz,https://news.yahoo.co.jp/articles/11183b333209df89602cf9816ebaffea41755982,8/19(Œ) 12:02
piaeigat,‚Ò‚ ,THE RAMPAGE _’JŒ’‘¾•—^“ß—ä—Ú—B‚Ì–²u‚¢‚Â‚©‚Í‚Ó‚½‚è‚Å‰«“ê‚Ìd–‚ğIv,https://news.yahoo.co.jp/articles/a92ec9c5f8e716621772aaf48481afcc1a076a5b,8/19(Œ) 12:01
piaeigat,‚Ò‚ ,‰Ì•‘Šêw“Œ•—•‘xŠ®‘SVì‚ğ‘S‘3“ss‚Åã‰‰@‰‰o‚Í”öã‹e”Vå‚Æ”öã¼–ç,https://news.yahoo.co.jp/articles/3790a55f7be37d5c04a32c108f9d68f46dc3ebbf,8/19(Œ) 12:01
piaeigat,‚Ò‚ ,–k•Äƒ{ƒbƒNƒXƒIƒtƒBƒXAñˆÊ‚ÍwƒGƒCƒŠƒAƒ“Fƒƒ€ƒ‹ƒXx,https://news.yahoo.co.jp/articles/fee4477a9e8ff900e93cafe623f6f5ba53db461f,8/19(Œ) 11:32
piaeigat,‚Ò‚ ,–kÖA‘åŠÏ‚©‚ç•Ä“c’mq‚Ü‚ÅA‘½—l‚È‹ó‚Ì•\Œ»‚É’–Ú@w‹ó‚Ì”­Œ©xa’J‹æ—§¼Ÿ·”üpŠÙ‚Å,https://news.yahoo.co.jp/articles/80e019825aa4adbb6da87b8a2d9da71c1cec4035,8/19(Œ) 11:30
piaeigat,‚Ò‚ ,å‰‰EŠâ–{ÆiSnow Manj~‰‰oEã“cˆê‹‚ÅÄ‰‰@ƒ~ƒ…[ƒWƒJƒ‹wƒLƒƒƒbƒ`Eƒ~[EƒCƒtEƒ†[EƒLƒƒƒ“x–{“úŠJ–‹,https://news.yahoo.co.jp/articles/a8937e9b69f5b7810b90ea3e871ecc2d8d8da0b0,8/19(Œ) 8:02
piaeigat,‚Ò‚ ,ŒÃì—Y‘åE‹–{‘å‰äiSixTONESjå‰‰Aƒ~ƒ…[ƒWƒJƒ‹wƒ‚[ƒcƒ@ƒ‹ƒgIx–{“úŠJ–‹,https://news.yahoo.co.jp/articles/8bf4cc730a3b240231f0333cbdd6a5f86be5c2cf,8/19(Œ) 7:03
piaeigat,‚Ò‚ ,LAST ALLIANCEA2025”N3Œ‚Éƒƒ“ƒ}ƒ“ƒ‰ƒCƒuŠJÃ@ƒŒƒR”­ƒ‰ƒCƒu‚ÌƒvƒŒƒCƒŠƒXƒg‚àŒöŠJ’†,https://news.yahoo.co.jp/articles/7a6e3de426146590c58ceb8512ad61a886fd40c2,8/18(“ú) 22:00
piaeigat,‚Ò‚ ,’rã²‚ª‰f‰æ‚Å¢ŠE‚ğ‰ğàIwƒTƒEƒ“ƒhEƒIƒuEƒtƒŠ[ƒ_ƒ€x„Ÿ„ŸƒAƒƒŠƒJ‚Å[‚ÈĞ‰ï–â‘è‚Æ‚È‚Á‚Ä‚¢‚é™“¶lg”„”ƒ‚ÌÀ‘Ô,https://news.yahoo.co.jp/articles/9f0102f7348c32dbb1de58f240a31782ecf030b7,8/18(“ú) 12:03
piaeigat,‚Ò‚ ,ƒjƒgƒŠ‚ÌƒfƒRƒz[ƒ€‚Åƒ~ƒbƒtƒB[‚ÌVì‚ğƒQƒbƒgI@3˜Aƒ|[ƒ`•ƒyƒbƒgƒ{ƒgƒ‹ƒzƒ‹ƒ_[‚ğg‚Á‚Ä‚İ‚½,https://news.yahoo.co.jp/articles/61f0c0c6b92d3901e3fd5b15036aa01ec7c054f5,8/18(“ú) 12:00
piaeigat,‚Ò‚ ,ƒAƒ“‚Æ„‚ª9Œ‚Éƒ~ƒjEƒAƒ‹ƒoƒ€‚ğƒŠƒŠ[ƒX@ƒqƒŠƒqƒŠ‚ÆØ‚È‚¢ƒTƒ}[ƒ\ƒ“ƒO‚ğ8Œ21“ú‚É”zM@9Œ‚©‚ç‘S‘ƒcƒA[‚à,https://news.yahoo.co.jp/articles/13f7b636a86d3b90008c3da74b590e0830b75075,8/17(“y) 21:30
piaeigat,‚Ò‚ ,REBECCAA7”NU‚è‚ÌV‹È‚ÆÅVƒcƒA[‚Ìƒ‰ƒCƒu‰¹Œ¹‚ğ2–‡‘g‚ÅƒŠƒŠ[ƒXŒˆ’è,https://news.yahoo.co.jp/articles/8f8e7e948c09fab04eb6652f804004a406f6979c,8/17(“y) 20:02
piaeigat,‚Ò‚ ,wƒS[ƒ‹ƒfƒ“ƒJƒ€ƒC \–kŠC“¹hÂúl‘ˆ’D•Ò\xŒ¢“¶l˜Y•‚ÌƒLƒƒƒ‰ƒNƒ^[ƒrƒWƒ…ƒAƒ‹ŒöŠJ,https://news.yahoo.co.jp/articles/46248d06c9cd5270444e1d4b8550a69b538ba993,8/17(“y) 17:00
piaeigat,‚Ò‚ ,BABYMETAL‚Ìƒ‰ƒCƒuƒtƒBƒ‹ƒ€AŠCŠOã‰f•ŒöŠJ’†ƒCƒxƒ“ƒg‚ÌÀ{‚ªŒˆ’è,https://news.yahoo.co.jp/articles/67315f7a63d65df6ea0e58194595e133b81e2e5d,8/17(“y) 12:06
piaeigat,‚Ò‚ ,ƒ~ƒbƒL[•ƒhƒiƒ‹ƒh‚ªuŠC’ê2–œƒ}ƒCƒ‹v‚Ì¢ŠE‚ÉI@“Œ‹ƒfƒBƒYƒj[ƒV[23ü”N‹L”OƒOƒbƒY‚ª”­”„,https://news.yahoo.co.jp/articles/347bd11f8a5a29353ab74f93c52af62cbb3f2ecc,8/17(“y) 12:06
piaeigat,‚Ò‚ ,KAATƒƒCƒ“ƒV[ƒYƒ“’–Ú‚Ìƒ_ƒ“ƒXŒö‰‰„Ÿ„Ÿw‚Ü‚¾‚±‚±’Ê‚Á‚Ä‚¢‚È‚¢xw–Ù‚êAq‹{x,https://news.yahoo.co.jp/articles/b5ea8c6e10e86fbef3f8c965c3c0c965040f5171,8/17(“y) 12:05
piaeigat,‚Ò‚ ,ƒhƒ‰ƒ}wƒ_ƒuƒ‹ƒ`[ƒgxSeeson2A‚Â‚¢‚É¡–éÅI‰ñI@‘OÍ‚©‚ç‘±‚­g‹U‚è‚ÌŒxŠ¯h‚½‚¿‚ÌŒ‹––‚Í!?,https://news.yahoo.co.jp/articles/1d7ce5ebd0e66e82552b20254b093a290ce0abe6,8/17(“y) 12:05
piaeigat,‚Ò‚ ,–Ø—œŒ›•A2”N4ƒJŒ‚Ô‚è‚ÌƒAƒ‹ƒoƒ€w–Ø—œƒ\ƒEƒ‹x”­”„Œˆ’è,https://news.yahoo.co.jp/articles/030fa7f28da64db43d83d706ee5f291fa0aa87f4,8/17(“y) 12:02
piaeigat,‚Ò‚ ,•l’†•¶ˆêu‚º‚ĞˆÀS‚µ‚Ä‚²——‚É‚È‚Á‚Ä‚­‚¾‚³‚¢v@å‰‰•‘‘äwƒuƒ‰ƒbƒNEƒRƒƒfƒBx‚Ìƒe[ƒ}‚Í–¾ˆÃ‹t“],https://news.yahoo.co.jp/articles/27e67e4ddb0ddafd57e1a843bbe13e9b6c5a6ff7,8/17(“y) 11:11
piaeigat,‚Ò‚ ,L£‚·‚¸å‰‰‰f‰æw‚ä‚«‚Ä‚©‚Ö‚ç‚Êx‚É–ØŒË‘å¹A‰ª“c«¶‚ªo‰‰@“Á•ñ‰f‘œŒöŠJ,https://news.yahoo.co.jp/articles/5fafa8c2bb75798a6a4a6bc48dedfb2b5354b32f,8/17(“y) 7:01
piaeigat,‚Ò‚ ,¶“c‘å˜a‚Ì‰‰o‚É‚æ‚éƒ~ƒ…[ƒWƒJƒ‹wDEATH TAKES A HOLIDAYx“Œ‹A‘åã‚Åã‰‰B¬‘ë–]iWEST.j‚ª€_–ğ‚É,https://news.yahoo.co.jp/articles/3ad205db45db18dc43f414fd5ec07791434b2c1f,8/16(‹à) 20:00
piaeigat,‚Ò‚ ,PERSONZŒ‹¬40ü”N‹L”O“Wwƒp[ƒ\ƒ“ƒY “Œ‹ƒ^ƒ[ƒGƒLƒVƒrƒVƒ‡ƒ“x“Œ‹ƒ^ƒ[3ŠK‚É‚ÄŠJÃ,https://news.yahoo.co.jp/articles/54f4dbcb9afc294568c5b57628339d1ebce91aa8,8/16(‹à) 19:00
piaeigat,‚Ò‚ ,Mega ShinnosukeAV‹È‚Åchelmico‚ÆƒRƒ‰ƒ{@ƒjƒ…[EƒAƒ‹ƒoƒ€‚Ì”­”„‚àŒˆ’è,https://news.yahoo.co.jp/articles/61cbb0d1af5a7357db00487ba055aaecbd24ed96,8/16(‹à) 18:03
piaeigat,‚Ò‚ ,ƒVƒhƒj[‚Ì–¼Šƒn[ƒo[ƒuƒŠƒbƒW‚Å’´âƒXƒ^ƒ“ƒgI wƒtƒH[ƒ‹ƒKƒCx–{•Ò‰f‘œŒöŠJ,https://news.yahoo.co.jp/articles/6173e9b7b191f80268922285f29fa1e750f0cf97,8/16(‹à) 17:00
piaeigat,‚Ò‚ ,‰f‰æwƒqƒbƒgƒ}ƒ“x’–Ú”o—DƒOƒŒƒ“EƒpƒEƒGƒ‹‚ªÀİ‚Ì‚¨‚Æ‚è‘{¸Š¯‚ğ‰‰‚¶‚é–{•Ò‰f‘œŒöŠJ,https://news.yahoo.co.jp/articles/2ef7f7326e02792c02018c2326f481792a59fb6d,8/16(‹à) 16:00
piaeigat,‚Ò‚ ,wƒGƒCƒŠƒAƒ“Fƒƒ€ƒ‹ƒXxV‚½‚ÈålŒöƒŒƒCƒ“‚ÉƒtƒB[ƒ`ƒƒ[‚µ‚½“Á•Ê‰f‘œŒöŠJ,https://news.yahoo.co.jp/articles/62956d08392a682715812755ed239d19809b2444,8/16(‹à) 16:00
piaeigat,‚Ò‚ ,LDH‚ÌƒA[ƒeƒBƒXƒg73–¼‚ª‘å–\‚êIwLDH CLUB CHAMPIONSHIP `PLAY 4 VICTORY`xƒŒƒ|[ƒg,https://news.yahoo.co.jp/articles/fbe4d36f477b0b32ca22503658278ac8cd2c51fa,8/16(‹à) 13:01
piaeigat,‚Ò‚ ,ƒjƒRƒ‰ƒXEƒPƒCƒW‚ªƒfƒrƒbƒhEOEƒ‰ƒbƒZƒ‹‚ÌVì‚Éå‰‰,https://news.yahoo.co.jp/articles/0146a333ff359a387d2092cc5bf4f7574bb2f33b,8/16(‹à) 13:01
piaeigat,‚Ò‚ ,”¨‰èˆçAìŠÔ—´“lA“ß{—Y“oADR®‘åA“à“càŠ‰¹‚ª–{•¨‚Ìo’í‚ÉH@‰f‰æw‚¤‚¿‚Ì’í‚Ç‚à‚ª‚·‚İ‚Ü‚¹‚ñxƒƒCƒLƒ“ƒO‰f‘œŒöŠJ,https://news.yahoo.co.jp/articles/8463406f25789f7268e3ac7eac98b4c62a3aed72,8/16(‹à) 12:08
piaeigat,‚Ò‚ ,King Gnu‚Ì“Œ‹ƒh[ƒ€Œö‰‰‚ğ‰f‰æŠÙ‚Å@‰‚Ì‰f‘œì•i”­”„‚ğ‹L”O‚µ“Á•Êã‰fƒCƒxƒ“ƒgŠJÃ,https://news.yahoo.co.jp/articles/4ba919decd59f2e5dba9c5d6eaad350beeab96c9,8/16(‹à) 12:08
piaeigat,‚Ò‚ ,wRl‰¹ŠyÕ2024xãB’eŒê‘g‡‚ÌÚ×”­•\,https://news.yahoo.co.jp/articles/48710bb9c8ce214ab6605a504741c37cc382396b,8/16(‹à) 12:08
piaeigat,‚Ò‚ ,ƒhƒ‰ƒ}wˆé•”ˆé•º‰q•¨Œêx×ì“OŠÄ“Â‚ª’Ç‹y‚·‚éu‚Æ‚É‚©‚­ƒoƒJ‚Å‰½‚àc‚ç‚È‚¢vƒRƒƒfƒB‚Ì–Ê”’‚³,https://news.yahoo.co.jp/articles/cf0b63dd03389c6ce48f408e6bb1e317e79ec5f9,8/16(‹à) 12:08
piaeigat,‚Ò‚ ,’e‚«Œê‚èƒCƒxƒ“ƒgwOne Gardenx10Œ‚É2–é‚É‚í‚½‚Á‚ÄŠJÃ@‘æ1–é‚Í‘]‰ä•”Œbˆê‚ÆáÁ–¼qV‚ªo‰‰,https://news.yahoo.co.jp/articles/793c10c4461690ecbdfe11750d2a50aad8b7ba0c,8/16(‹à) 12:07
piaeigat,‚Ò‚ ,w‚«‚İ‚ÌFxR“c®qŠÄ“ÂƒCƒ“ƒ^ƒrƒ…[ uÅ‚à‘å–‚É‚µ‚½‚Ì‚Ígl‚ğƒWƒƒƒbƒW‚µ‚È‚¢h‚Æ‚¢‚¤‚±‚Æv,https://news.yahoo.co.jp/articles/1f062c440fad1a1c354125a99be4d23e03ed01b8,8/16(‹à) 12:06
piaeigat,‚Ò‚ ,BUMP OF CHICKENA5”N‚Ô‚è‚Ìƒtƒ‹EƒAƒ‹ƒoƒ€wIrisx‘Sû˜^‹È•ƒWƒƒƒPƒbƒgŒöŠJ,https://news.yahoo.co.jp/articles/cc7c3821493da41b7c64d111064e38323d7cabf1,8/16(‹à) 12:01
piaeigat,‚Ò‚ ,—F‹ßAVìƒRƒ“ƒg‚ğ‚Ô‚Â‚¯‚é5‘å“ssƒcƒA[ŠJÃŒˆ’è@ŠeŒö‰‰‚ÌƒQƒXƒg‚à”­•\,https://news.yahoo.co.jp/articles/b7378f40bfff52c597fbfe9ee5d905677cdb4453,8/16(‹à) 12:00
piaeigat,‚Ò‚ ,uÆ–¾v‚ÉÅ“_‚ğ“–‚ÄƒA[ƒ‹EƒfƒRŒš’z‚Ì–£—Í‚ğĞ‰îwŒš•¨ŒöŠJ2024@‚ ‚©‚èA‚Æ‚à‚é‚Æ‚«x“Œ‹“s’ë‰€”üpŠÙ‚Å,https://news.yahoo.co.jp/articles/385c4714d1e5b106215e660893450ac162ddd145,8/16(‹à) 11:33
piaeigat,‚Ò‚ ,‰Á“¡Œ’ˆê––±Šw“”‚É˜È‚Şx10Œã‰‰@“à“¡—Tq‚É‚æ‚éˆ¤‚ÆŠ´“®‚Ìˆã—Ãƒhƒ‰ƒ},https://news.yahoo.co.jp/articles/8951df8fad159e03dd3ad21938b7e565e4daa4f1,8/16(‹à) 11:01
piaeigat,‚Ò‚ ,RŒû—Sˆê˜Y~é“c—DWƒLƒƒƒXƒg‚Å‘Ò–]‚ÌÄ‰‰@wƒ_ƒ“ƒX ƒIƒu ƒ”ƒ@ƒ“ƒpƒCƒAx2025”Nã‰‰Œˆ’è,https://news.yahoo.co.jp/articles/46660db9f0826ba4daf68519cb9f35c11ea65668,8/16(‹à) 10:00
piaeigat,‚Ò‚ ,wƒNƒƒCƒGƒbƒgEƒvƒŒƒCƒXFDAY 1x8Œæs”zMA10Œ4K UHDABlu-ray&DVDƒŠƒŠ[ƒX@“Á•Ê‰f‘œ‚àŒöŠJ,https://news.yahoo.co.jp/articles/9c39587877f0ea565221007754246d936732fa7c,8/16(‹à) 10:00
piaeigat,‚Ò‚ ,—RŒOAVEPwSunshadex9Œ”zMƒŠƒŠ[ƒX@EP‚æ‚èu–Ü–Y‘væs”zM•ƒƒ“ƒ}ƒ“‚àŒˆ’è,https://news.yahoo.co.jp/articles/b4fc533f1237e231286dfc78d1f4c8e3f6a77080,8/16(‹à) 10:00
piaeigat,‚Ò‚ ,ŠÔ‹{Ë‘¾˜N‚ª— Ğ‰ï‚É‘«‚ğ“¥‚İ“ü‚ê‚½‘åŠw¶‚É@˜A‘±ƒhƒ‰ƒ}W-30wƒnƒXƒŠƒ“ƒ{[ƒCx2024”NH•ú‘—E”zMƒXƒ^[ƒg,https://news.yahoo.co.jp/articles/636600ffcc88e7a7c591e90cdea0b297defce00c,8/16(‹à) 7:02
piaeigat,‚Ò‚ ,‰f‰æw‚«‚İ‚ÌFxMr.Children‚É‚æ‚éå‘è‰Ìuin the pocketv‚ª—¬‚ê‚éƒXƒyƒVƒƒƒ‹‰f‘œŒöŠJ,https://news.yahoo.co.jp/articles/bd2b605425c9899825b719e75cca5258bea4da2e,8/16(‹à) 4:00
piaeigat,‚Ò‚ ,‘Îƒoƒ“ƒCƒxƒ“ƒgwRESURRECTIONx‰¡•l‚ÅŠJÃŒˆ’è@‚Ğ‚Æ‚Ğ‚çAyubioriAƒ‹ƒTƒ“ƒ`ƒ}ƒ“‚Ì3‘g‚ªo‰‰,https://news.yahoo.co.jp/articles/264b16e2da82c78cb9bf0dc8d72ce7fc97f494a9,8/15(–Ø) 20:01
piaeigat,‚Ò‚ ,ƒVƒxƒŠƒAƒ“ƒnƒXƒL[‚Íu‘åƒK[ƒ‹ƒYƒoƒ“ƒh‘ãv‚ğ’´‚¦‚Ä‚¢‚­@ƒƒ“ƒo[‚ªŒê‚éAƒTƒ}ƒ\ƒj‚Å‚à’–Ú‚Ì‘åŒ^ƒz[ƒv‚Ì–ì–]‚Æ‚ÍH,https://news.yahoo.co.jp/articles/893e987e0c946b73ce636f29f205913593dfb8fe,8/15(–Ø) 19:30
piaeigat,‚Ò‚ ,ƒtƒH[ƒŠƒ~AƒwƒCƒXƒ~‚ào‰‰wREDLINE ALL THE FINAL2024`15th  Anniversary`x‘æ2’eo‰‰Ò‚ğ”­•\,https://news.yahoo.co.jp/articles/7619e5e589aedc0ba529611ae8e1dce50060dadd,8/15(–Ø) 18:31
piaeigat,‚Ò‚ ,X ‘åãÄAV‹Èu‰Ä‚Ì—‚Æ‚µ•¨v”zMƒŠƒŠ[ƒXŒˆ’è@‰Ä‚Ì•Ê‚ê‚ªƒe[ƒ}‚ÌØ‚È‚¢ƒ‰ƒuƒ\ƒ“ƒO,https://news.yahoo.co.jp/articles/7346d9c4af433d8daf05dc84e43dfef44ac5f0ca,8/15(–Ø) 18:02
piaeigat,‚Ò‚ ,ƒTƒ}[ƒVƒŠ[ƒY‚Ì‰Û‘è‚ÍPNC‚Å‰ğÁ‚·‚éI@HOâèuƒXƒNƒ‰ƒ€‚Í’á‚­‹­‚­ƒqƒbƒgv,https://news.yahoo.co.jp/articles/35f1e5c8529048357041ea3ccd52eea11078b365,8/15(–Ø) 18:02
piaeigat,‚Ò‚ ,w“ú–{Œ»‘ã”üp„ŠÏF‚‹´—´‘¾˜YƒRƒŒƒNƒVƒ‡ƒ“xƒŒƒ|[ƒg@ŒÂlƒRƒŒƒNƒ^[‚Ìu„ŠÏv‚Å‚½‚Ç‚é“ú–{‚ÌŒ»‘ã”üpj,https://news.yahoo.co.jp/articles/513a78fd5a245f3349938fad5391f19ee71fe4df,8/15(–Ø) 18:00
piaeigat,‚Ò‚ ,‰œ“c–¯¶ƒ\ƒ30ü”N‹L”Oƒ‰ƒCƒuw59-60x‚Ìƒ‰ƒCƒuEƒrƒ…[ƒCƒ“ƒO‚ªŒˆ’è,https://news.yahoo.co.jp/articles/ae52287f1ae91b7654187e899f4b49aaea2eeff3,8/15(–Ø) 18:00
piaeigat,‚Ò‚ ,wƒLƒ‹ƒ~[Eƒq[ƒ‹ƒ~[xw’m‚Á‚Ä‚éƒƒCƒtx‚È‚Ç‚Å’m‚ç‚ê‚éƒ`ƒ\ƒ“A–ñ5”N‚Ô‚è‚Ì—ˆ“úƒtƒ@ƒ“ƒ~[ƒeƒBƒ“ƒO‚ğŠJÃ,https://news.yahoo.co.jp/articles/7838ef46f3dd72aaacddff1e7e1ef1e9821f35fb,8/15(–Ø) 17:40
piaeigat,‚Ò‚ ,‰¢‹g‰E‰q–å‚ÌwÛB‡–M’Òx‡–M‚Év‚¢‚ğ’y‚¹‚Ä„Ÿ„ŸB’†‘º‰Ì˜ZAGRÕ‚Ö‚ÌˆÓ—~‚ğŒê‚é,https://news.yahoo.co.jp/articles/5dc7c52703242d7b043e5644226eb04e2220aeba,8/15(–Ø) 17:30
piaeigat,‚Ò‚ ,BABYMETALAƒTƒ}ƒ\ƒj“Œ‹Œö‰‰‚Åƒ^ƒC‚ÌƒƒbƒNƒoƒ“ƒhBODYSLAM‚Æ‹¤‰‰@ƒRƒ‰ƒ{‹È‚ğ“ú–{‰”â˜I,https://news.yahoo.co.jp/articles/1f16d42e6918f7200baf6663ce8b922b7c793624,8/15(–Ø) 17:02
piaeigat,‚Ò‚ ,ƒŒƒLƒVAV‹ÈuƒGƒŒƒLƒeƒ‹ƒ~[ feat. ‚ ‚ñ‚İ‚Â•Pi¬ò¡“úqjvMV‚Ég‚±‚Ç‚àƒŒƒLƒVh‚ª“oê,https://news.yahoo.co.jp/articles/addd1773ae2826bcf76fc4ab70d569187f4b8f5e,8/15(–Ø) 15:00
piaeigat,‚Ò‚ ,rockin'on sonicA‘æ1’eo‰‰ƒA[ƒeƒBƒXƒg”­•\‚ÅPULP‚ÆWEEZER‚ªƒwƒbƒhƒ‰ƒCƒi[‚ÉŒˆ’è,https://news.yahoo.co.jp/articles/cbb1323ed75bc543c409cce8e2e37033eb4a8ece,8/15(–Ø) 13:30
piaeigat,‚Ò‚ ,‰ª“c‹`“¿Aw—ˆ‚Ä‚¯‚Â‚©‚é‚×‚«V¢ŠEx‚Åƒˆ[ƒƒbƒpŠé‰æ‰Q‰Áu’ö—Ç‚¢‹——£Š´‚Åv,https://news.yahoo.co.jp/articles/c533eca31bd15aed39f8a11f23b905fcebe8aa9b,8/15(–Ø) 12:05
piaeigat,‚Ò‚ ,w‰l‹ã|‚Ü‚È‚´‚µ‚Ì‚»‚Ìæ‚É[v‰¡{‰ê”üpŠÙ‚Å@í‘OEíŒã‚Ì‘O‰qŒ|p‚É‚¨‚¯‚éd—vì‰Æ‚Ì‘S—e‚É”—‚é‘å‰ñŒÚ“W,https://news.yahoo.co.jp/articles/a7087cceebc51710f32401106fa7381520c67ffc,8/15(–Ø) 11:30
piaeigat,‚Ò‚ ,ƒ{[ƒCEƒWƒ‡[ƒW‚Ì“`‹L‰f‰æ‚ÌŠé‰æ‚ªis’†,https://news.yahoo.co.jp/articles/572a42c6453342b3252e191b7ddedd109c31810a,8/15(–Ø) 11:02
piaeigat,‚Ò‚ ,á‘gƒgƒbƒvƒXƒ^[EÊ•—ç“Ş‚Ìƒ‰ƒXƒgƒXƒe[ƒWwƒxƒ‹ƒTƒCƒ†‚Ì‚Î‚çxuÊ•—ç“Şƒ‰ƒXƒgƒfƒCvƒ‰ƒCƒu’†ŒpŒˆ’è,https://news.yahoo.co.jp/articles/23efdcd679b31b24c43d90ba8dd6a7893eb02b99,8/15(–Ø) 10:30
piaeigat,‚Ò‚ ,w”M—óxƒƒ“EƒC[ƒ{[‚ªƒ_ƒ“ƒXˆ¤‚ğŒê‚é“Á•ÊƒƒCƒLƒ“ƒO‰f‘œŒöŠJ,https://news.yahoo.co.jp/articles/dd6bfb06e8bf3e92f8ffe200425d0a71c03e4c76,8/15(–Ø) 10:01
piaeigat,‚Ò‚ ,wVtó‘‰Ì•‘Šêx2025”N1Œ‚Éó‘Œö‰ï“°‚Åã‰‰Œˆ’è@’†‘º‹´”V•A’†‘º‘é”V‘‚ço‰‰”o—D‚à”­•\,https://news.yahoo.co.jp/articles/2e768567f5bb905b4962a75b97a977d29c5f1c54,8/15(–Ø) 10:01
piaeigat,‚Ò‚ ,w‰Ä–ÚƒAƒ‰ƒ^‚ÌŒ‹¥x•“‡Œ‹Ø‚ª©‚çElƒsƒGƒ‚ğ‰ö‰‰I@•iì^ìƒXƒyƒVƒƒƒ‹PV•ê–ÊÊ^ŒöŠJ,https://news.yahoo.co.jp/articles/b5caa526d56ddc5e13d16d7dff9618dab8ebe6a7,8/15(–Ø) 7:03
piaeigat,‚Ò‚ ,¬—Ñ„AÅVƒAƒ‹ƒoƒ€w’†“_‚ğ—Õ‚Şx‘S‹ÈƒgƒŒ[ƒ‰[ŒöŠJ@POP UP SHOP‚ÌÚ×‚à”­•\,https://news.yahoo.co.jp/articles/361fea0e4369360776410bcaf96230259b2d8cc2,8/14(…) 19:00
piaeigat,‚Ò‚ ,w.o.d. V‹Èu‚ ‚Î‚­v–{“ú”zMƒŠƒŠ[ƒX@Music Video‚Í8Œ21“úŒöŠJŒˆ’è,https://news.yahoo.co.jp/articles/45beac7267d0caa354dd99dc3b963cec25ff6536,8/14(…) 18:03
piaeigat,‚Ò‚ ,Laura day romanceAƒjƒ…[E ƒVƒ“ƒOƒ‹u‚Å‰ï‚¢‚Ü‚µ‚å‚¤v”zMƒŠƒŠ[ƒXŒˆ’è@8Œ17“ú(“y) ƒ‰ƒWƒI‚Å‰OA‚à,https://news.yahoo.co.jp/articles/fb55b9c2370b746e0a0e8826778781ce64685d45,8/14(…) 18:03
piaeigat,‚Ò‚ ,DENIMSAƒNƒ‹[ƒY‘D‚ğ‘İ‚µØ‚Á‚½ƒvƒŒƒ~ƒAƒ€ƒ‰ƒCƒuwDENIMS CRUISEx10ŒŠJÃ,https://news.yahoo.co.jp/articles/6eda2d6954264e44c495becb6fce2a5c2c72735e,8/14(…) 18:02
piaeigat,‚Ò‚ ,KhakiåÃƒc[ƒ}ƒ“ƒ‰ƒCƒuwŒãŠú’è—áx@ŠÏ‹q‘S‘Ì‚ğˆ³“|‚³‚¹‚½AèR‘“u‚Æ‚Ì”ZŒú‚Èˆê–é,https://news.yahoo.co.jp/articles/5cb8cd0619465e6327d3cb8c0b80138a44fda19c,8/14(…) 18:01
piaeigat,‚Ò‚ ,“¡Œ´—³–çå‰‰w’†‘º’‡‘  `‰Ì•‘Šê‰¤‘ ‰º™ãˆÙ•·`xWOWOW‚Å10Œ‚É•ú‘—E”zMŒˆ’è,https://news.yahoo.co.jp/articles/c420951e551e212de66c6c4573bb538df2b143ae,8/14(…) 15:50
piaeigat,‚Ò‚ ,ŒÜ˜Y‚ª—§‚¿Šñ‚é‚Ì‚ÍƒpƒŠIwŒ€‰f‰æ ŒÇ“Æ‚ÌƒOƒ‹ƒx”g—‚Ì“WŠJ‚ğ—\Š´‚³‚¹‚é“Á•ñ‰f‘œŒöŠJ,https://news.yahoo.co.jp/articles/018e84a59cf24be2f91ecb20fb98d2f3ce8d485d,8/14(…) 15:00
piaeigat,‚Ò‚ ,wŠw¶ƒ~ƒ…[ƒWƒJƒ‹ƒKƒ`ƒoƒgƒ‹ 2024x—\‘IA¡Œ––ŠJÃ@Œö•å‚ÅW‚Ü‚Á‚½12‘g‚ªo‰‰,https://news.yahoo.co.jp/articles/672c69d6de615ad324cebed378794f58f179eee6,8/14(…) 12:31
piaeigat,‚Ò‚ ,w‚è‚ñ‚²‰¹ŠyÕ2024xo‰‰ƒA[ƒeƒBƒXƒg‘æ11’e‚ÅHAPPYAMUGAMICHILL‚ç8‘g‚ğ”­•\,https://news.yahoo.co.jp/articles/e73036ca0548ab93a9c527adbde5ef7fd1ecd2de,8/14(…) 12:02
piaeigat,‚Ò‚ ,wLIVE AZUMA 2024x‘æ7’eo‰‰ƒA[ƒeƒBƒXƒg‚ÅAqua TimezATHE ORAL CIGARETTES‚Ìo‰‰Œˆ’è,https://news.yahoo.co.jp/articles/e7b6686d62c777ba81984e1e27168c485bac15ef,8/14(…) 12:01
piaeigat,‚Ò‚ ,“Á•Ê“Ww¶’a140”N‹L”O@ÎèŒõê¢x9Œ14“ú‚©‚ç@‰‚Ì‘å‹K–Í‰ñŒÚ“W‚Å‰æ‹Æ‚Ì‘S–e‚ğĞ‰î,https://news.yahoo.co.jp/articles/c54bcc6dc32a8386b41680b07f501dd91c0d633d,8/14(…) 11:32
piaeigat,‚Ò‚ ,ƒAƒ“ƒ\ƒj[Eƒ{[ƒfƒBƒ“‚Ì“`‹L‰f‰æ‚Éƒhƒ~ƒjƒNEƒZƒbƒT‚ªå‰‰,https://news.yahoo.co.jp/articles/6a66d4fc872dff2010421c7face4b740f4ebb1f5,8/14(…) 11:03
piaeigat,‚Ò‚ ,[ì–ƒˆßå‰‰A‘ºĞ‰ï‚ÌÀ‘Ô‚ğ–\‚­ƒXƒŠƒ‰[wšo‚¤å³xŒöŠJŒˆ’è@ƒeƒBƒU[ƒrƒWƒ…ƒAƒ‹•‰f‘œ‚àŒöŠJ,https://news.yahoo.co.jp/articles/9e0faaf74c8b4b37571e11035a3336ca3bcb2400,8/14(…) 11:02
piaeigat,‚Ò‚ ,’†‘º‹´”V•@wgŠãx@ˆêl‚Å‰½–ğ‚à‚â‚Á‚ÄŒ©‚¹‚é‚¿‚å‚Á‚Æ•Ï‚í‚Á‚½‘å“¹Œ|ly¡Œ‚Ì‰Ì•‘ŠêÀA‚ ‚Ìl‚É’¼Œ‚!! “ÁW‚æ‚èz,https://news.yahoo.co.jp/articles/41b688cd39bcd6cb9496482ef1995005e1e6b666,8/14(…) 11:01
piaeigat,‚Ò‚ ,“ú¶Œ€êƒtƒ@ƒ~ƒŠ[ƒtƒFƒXƒeƒBƒ”ƒ@ƒ‹ 2024 ‰¹ŠyŒ€w‚ ‚ç‚µ‚Ì‚æ‚é‚Éxy’†ˆä”ü•ä ‚ß‚­‚é‚ß‚­‰‰Œ€ƒ`ƒ‰ƒV‚Ì¢ŠEz,https://news.yahoo.co.jp/articles/9603cfcafdc763b21145342143ed350237b05db9,8/14(…) 11:01
piaeigat,‚Ò‚ ,NetflixƒVƒŠ[ƒYw‹Éˆ«—‰¤xƒ_ƒ“ƒv¼–{‚Ì‹S‹C”—‚éƒeƒBƒU[ƒA[ƒg•—\ŒöŠJ@VƒLƒƒƒXƒg‚à”­•\,https://news.yahoo.co.jp/articles/14edddb6b60144cf3147fd013b3289e358d2ec30,8/14(…) 8:03
piaeigat,‚Ò‚ ,ˆé‘º—E“lå‰‰wá‚«Œ©’m‚ç‚ÊÒ‚½‚¿x—\•Ò•ê–ÊÊ^7–‡ŒöŠJ,https://news.yahoo.co.jp/articles/437b40634951fbcc5fbe1a0f59fa5c803911e45d,8/14(…) 7:01
piaeigat,‚Ò‚ ,Kroi‚ª9Œ‚ÉÅVƒAƒ‹ƒoƒ€wUnspoiledx‚ÌƒAƒiƒƒO”Õ‚ğ”­”„@8Œ23“ú‚©‚ç‚Ì‘å‹K–Í‘S‘ƒcƒA[‚ÌÅI“ú‚Íƒoƒ“ƒhÅ‘åƒLƒƒƒp‚Å,https://news.yahoo.co.jp/articles/d3bc7d7e2160945f9276f4cc1af453e66598d4b3,8/13(‰Î) 20:01
piaeigat,‚Ò‚ ,ƒnƒ“ƒuƒŒƒbƒ_[ƒY@Å‚•Å‹­‚Ì5‘g‚Æ‚Ì‘Îƒoƒ“ƒcƒA[wH‚ÌƒO[ƒpƒ“‚Ü‚Â‚èZ 2024x‚Ö‚ÌˆÓ‹C‚İ‚ğŒê‚é,https://news.yahoo.co.jp/articles/012aa10c42b38da02a2c7a951cad3fe6adc34278,8/13(‰Î) 20:00
piaeigat,‚Ò‚ ,•‘‘äwƒnƒŠ[Eƒ|ƒbƒ^[‚Æô‚¢‚Ìqx‘ŠÏ‹q”100–œl“Ë”jƒCƒxƒ“ƒg‚É“¡Œ´–ç‚ª“o’d@ƒIƒtƒBƒVƒƒƒ‹ƒŒƒ|[ƒg“’…,https://news.yahoo.co.jp/articles/9c63da76a6191eea39365079df23a78a9b9d89dd,8/13(‰Î) 19:11
piaeigat,‚Ò‚ ,–¼ì‚ ‚é‚ ‚é‚É”èŠ…Ñ‚Ì—’I ƒŒƒCƒU[ƒ‰ƒ‚ƒ“RGA50Î‹L”OŠé‰æ‘æ1’euƒ}ƒŠ[ƒ“ƒ‹[ƒWƒ…‚Å‚ ‚é‚ ‚éƒNƒ‹[ƒYvoq,https://news.yahoo.co.jp/articles/8e23725117aa150cf40dd3e9c0c3a7fc6eaa1f55,8/13(‰Î) 19:00
piaeigat,‚Ò‚ ,ŠØ‘”­‚ÌÕŒ‚ìƒ~ƒ…[ƒWƒJƒ‹wƒƒCƒ‹ƒhEƒOƒŒƒCx“ú–{‰‰‰‚ªŒˆ’è@‰‰oEã‰‰‘ä–{‚Íª–{@q,https://news.yahoo.co.jp/articles/6f10cdd737d2b5c4299acb4c6386f9dab2ba5e77,8/13(‰Î) 18:31
piaeigat,‚Ò‚ ,ROTH BART BARON@‰–’Ëƒ‚ƒGƒJi—r•¶ŠwjASalyu‚ç4‘g‚ğƒQƒXƒg‚ÉŒ}‚¦A‰ß‹Å‘å‚Ì“®ˆõ”‚ğ‹L˜^‚µ‚½wBEAR NIGHT 5x‚ğƒŒƒ|[ƒg,https://news.yahoo.co.jp/articles/027a072484606f311874c281ed6d6bbd6d96a1b0,8/13(‰Î) 18:03
piaeigat,‚Ò‚ ,w‘å’n‚É¨‚ğ‚·‚Ü‚·@‹C”z‚Æè‚´‚í‚èxƒŒƒ|[ƒg@©‘R‚Ìº‚ğ’®‚«ì•i‚ğ§ì‚·‚é5–¼‚ÌƒA[ƒeƒBƒXƒg‚½‚¿,https://news.yahoo.co.jp/articles/194ffce6a7e6cae385acd70f3b8833a8eef51c87,8/13(‰Î) 18:01
piaeigat,‚Ò‚ ,’´™Ğ‰ï“IƒTƒ“ƒ_ƒ‹~ƒ|ƒbƒv‚µ‚È‚È‚¢‚Å@u¡“ú‚ª‚È‚ñ‚¾‚©ˆê”Ôˆ¤‚ğŠ´‚¶‚½v‹­—ó‚ÈƒGƒlƒ‹ƒM[‚ğ¶‚İo‚µ‚½ƒcƒA[ƒtƒ@ƒCƒiƒ‹,https://news.yahoo.co.jp/articles/3dbf8efbf00fc8b96deda10b9e7604746bc871a0,8/13(‰Î) 18:01
piaeigat,‚Ò‚ ,‹{–{_ŸAƒ\ƒŠˆ“®5ü”N‹L”OƒcƒA[w¡A‰´‚Ìs‚«‚½‚¢êŠx‘S‘11“ss‚ÅŠJÃ,https://news.yahoo.co.jp/articles/57376865a2d6a99b2dfc3ccad891c9203a445304,8/13(‰Î) 17:30
piaeigat,‚Ò‚ ,BTS‚Ìƒ}ƒ“ƒlƒ‰ƒCƒ“‚ªWŒ‹wAre You Sure?!xƒV[ƒYƒ“ƒ|ƒXƒ^[2íŒöŠJ@“Á•ÊƒnƒCƒ‰ƒCƒg‰f‘œ•ƒƒbƒZ[ƒW‰f‘œ‚à,https://news.yahoo.co.jp/articles/4d1a077d1f290cfb47bd5695ccd78adff032bcc1,8/13(‰Î) 15:10
piaeigat,‚Ò‚ ,wƒCƒ“ƒTƒCƒhEƒwƒbƒh2x‚ªVì‚ğ—}‚¦1ˆÊ‚É@w‰f‰æƒNƒŒƒˆƒ“‚µ‚ñ‚¿‚á‚ñx‚Í‰“oê2ˆÊy‰f‰æ“®ˆõƒ‰ƒ“ƒLƒ“ƒOz,https://news.yahoo.co.jp/articles/06ee2b7a98c778eab2bec5460eb8863d5e7a99f5,8/13(‰Î) 14:30
piaeigat,‚Ò‚ ,THE BOYZAwTHE BOYZ WORLD TOUR: ZENERATION II IN JAPANxŠJ–‹@‚Ò‚ ƒAƒŠ[ƒiMMŒö‰‰ƒIƒtƒBƒVƒƒƒ‹ƒŒƒ|[ƒg,https://news.yahoo.co.jp/articles/c8ec161e863ebb6237bc5ed423ff51d3455c6125,8/13(‰Î) 13:01
piaeigat,‚Ò‚ ,yƒIƒtƒBƒVƒƒƒ‹ƒŒƒ|[ƒgzUNCHAINAV‹ÈuGINGILAv‚ğˆø‚Á’ñ‚°‚Ä‚ÌCOTTON CLUBƒƒ“ƒ}ƒ“‚ªI–‹@l‹CƒJƒo[‹È‚à‹‰Øƒƒ“ƒo[‚Å”â˜I,https://news.yahoo.co.jp/articles/00ba49cd9275fa134f62fa122ee32c2cb6672783,8/13(‰Î) 12:51
piaeigat,‚Ò‚ ,uƒLƒ““÷ƒ}ƒ“v˜AÚ45ü”N‹L”O‚ÌŒ´‰æ“W‚ªŠJ–‹I@Œ´‰æ150“_ˆÈã“W¦•Œ´ìÒu‚ä‚Å‚½‚Ü‚²v‚Æˆ¬è‚Å‚«‚éèŒ^‚ğ‰“W¦,https://news.yahoo.co.jp/articles/3c0b32a2c037f042c86d842f9a7b148e4526f7fb,8/13(‰Î) 12:40
piaeigat,‚Ò‚ ,wƒtƒH[ƒ‹ƒKƒCxƒ‰ƒCƒAƒ“EƒSƒYƒŠƒ“ƒOƒCƒ“ƒ^ƒrƒ…[uƒXƒ^ƒ“ƒg‚Å—‰º‚µ‚ÄAˆø‚«‚¸‚ç‚ê‚½‚æv,https://news.yahoo.co.jp/articles/102c7085e3ec40d8611b96102380b37332384c01,8/13(‰Î) 12:05
piaeigat,‚Ò‚ ,•ó’Ë‰ÌŒ€’c Œ‘gwàæàßF‚Ì‰J‚É‚Ê‚ê‚ÄxwGrande TAKARAZUKA 110!x‚ğ‘S‘‚Ì‰f‰æŠÙ‚Å¶’†Œp,https://news.yahoo.co.jp/articles/9c06fe58ecaf21e41987a32fe40f77b138588b10,8/13(‰Î) 12:00
piaeigat,‚Ò‚ ,w\ˆêŒ‰Ì•‘ŠêÀ“Á•ÊŒö‰‰@‚æ‚¤‚±‚»‰Ì•‘ŠêÀ‚Öxã‰‰Œˆ’è@g‰Ì•‘ŠêÀ‚Å‚Ì“Á•Ê‚È‚Ğ‚Æ‚Æ‚«h‚ğ“Í‚¯‚é,https://news.yahoo.co.jp/articles/b2851e29c3f85a6c0487a1d989f554fc638cff86,8/13(‰Î) 11:42
piaeigat,‚Ò‚ ,ƒã®jìE‰‰o‚Ì•‘‘äw’©“ú‚Ì‚æ‚¤‚È—[“ú‚ğ‚Â‚ê‚Ä2024xŠJ–‹@•‘‘äÊ^•ƒRƒƒ“ƒg“’…,https://news.yahoo.co.jp/articles/f209598a9c0d47278d045b288d27d275d6c587ea,8/13(‰Î) 11:41
piaeigat,‚Ò‚ ,reGretGirlA‘Îƒoƒ“ƒcƒA[wLOVE~CALL TOUR 2024-2025xŠJÃŒˆ’è,https://news.yahoo.co.jp/articles/99efd179131f1689572fc97554df588ae47a8ef3,8/13(‰Î) 11:41
piaeigat,‚Ò‚ ,‰Æ“üƒŒƒIA–ñ1”N”¼‚Ô‚è‚Æ‚È‚éƒjƒ…[EƒAƒ‹ƒoƒ€wMy namexû˜^‹È•ƒWƒƒƒPƒbƒgÊ^ŒöŠJ,https://news.yahoo.co.jp/articles/8ace6b84d1eecb76d4f6c459fc7b7683ec6f0b57,8/13(‰Î) 11:33
piaeigat,‚Ò‚ ,a flood of circleAƒjƒ…[EƒAƒ‹ƒoƒ€”­”„•‘S‘34ƒJŠ‚ğ„‚éƒcƒA[ŠJÃŒˆ’è,https://news.yahoo.co.jp/articles/9a89d195128061aec6d280dd6263524d5174d732,8/13(‰Î) 11:33
piaeigat,‚Ò‚ ,ƒMƒƒƒ‹ƒ\ƒ“AƒƒGƒxAƒfƒBƒI[ƒ‹‚È‚Ç‚Ìˆß‘•‚©‚ç u’…‚é‚±‚Æv‚Ì–Ê”’‚³‚â‰œ[‚³‚ğĞ‰î@wLOVE ƒtƒ@ƒbƒVƒ‡ƒ“„Ÿ„‚ğ’…‚ª‚¦‚é‚Æ‚«x‹“s‘—§‹ß‘ã”üpŠÙ‚Å,https://news.yahoo.co.jp/articles/7e4ca6a12ecaec5929810e51728c64675a4fee63,8/13(‰Î) 11:30
piaeigat,‚Ò‚ ,ƒWƒF[ƒ€ƒYEƒƒ“‚ªw‘åƒAƒ}ƒ]ƒ“‚Ì”¼‹›lx‚ğƒŠƒƒCƒN,https://news.yahoo.co.jp/articles/b3fa249c506c742d7356d4e55e5e0eee86f8714d,8/13(‰Î) 11:11
piaeigat,‚Ò‚ ,¶“c“l^A’†‘º—Ï–ç‚ç‚ªo‰‰@Œ€’c™VŠ´ü44ü”N‹»swƒoƒTƒ‰ƒIx“Œ‹Œö‰‰‚ªŠJ–‹,https://news.yahoo.co.jp/articles/61483398489e7210f0f24ed13f4633ad3f91cccd,8/13(‰Î) 11:11
piaeigat,‚Ò‚ ,–k•Äƒ{ƒbƒNƒXƒIƒtƒBƒXAwƒfƒbƒhƒv[ƒ‹x‚ªñˆÊ‚ğƒL[ƒv,https://news.yahoo.co.jp/articles/e0903127e31da57187cb8dbd3ba117aa64353249,8/13(‰Î) 11:02
piaeigat,‚Ò‚ ,Œ€ê”ÅwƒgƒŠƒŠƒIƒ“ƒQ[ƒ€xƒhƒ‰ƒ}”Å‚©‚ç‚Ì‘±“Šƒƒ“ƒo[”­•\@ƒeƒBƒU[ƒrƒWƒ…ƒAƒ‹•“Á•ñ‰f‘œ‚àŒöŠJ,https://news.yahoo.co.jp/articles/97ee855db6b981f7b83949c8e82a5112b4ee2de9,8/13(‰Î) 5:00
piaeigat,‚Ò‚ ,¼‚½‚©q~¼‘º–k“l‰‹¤‰‰w1ST KISS@ƒtƒ@[ƒXƒgƒLƒXx§ìŒˆ’è@‹r–{‚ÍâŒ³—T“ñ,https://news.yahoo.co.jp/articles/9afad4e84295e0deb0bddef4bbc56665aefd3636,8/12(Œ) 15:10
piaeigat,‚Ò‚ ,w˜ƒ^ƒCƒ€ƒXƒŠƒbƒp[x–{•¨‚Ì•m‚ª‘ãŒ€‚Ìa‚ç‚ê–ğ‚É!? y‚¨‚Æ‚È‚Ì‰f‰æƒKƒCƒhz,https://news.yahoo.co.jp/articles/6411b28e27d029c6f5ba525d939af34db54b4374,8/12(Œ) 12:02
piaeigat,‚Ò‚ ,ulŠÔ‚ÍŠî–{AŠF‚µ‚å‚¤‚à‚È‚¢vX“c„~Ô–x‰ëH‚ª‰ƒ^ƒbƒO‚Å’§‚Ş•‘‘äw‘ä•—23†x‚É”—‚éI,https://news.yahoo.co.jp/articles/5ff7b6583490111a204c81cde08507f67ec7cb6b,8/12(Œ) 10:00
piaeigat,‚Ò‚ ,‘ålŒü‚¯TƒVƒƒƒc‚ ‚è‚Ü‚·I@ƒ†ƒjƒNƒ UTuƒ~ƒbƒtƒB[vƒRƒŒƒNƒVƒ‡ƒ“”­”„,https://news.yahoo.co.jp/articles/9eb99a01b91c4329a01b1e53c485560a29d221a4,8/11(“ú) 12:05
piaeigat,‚Ò‚ ,•Ù“Vƒ‰ƒ“ƒh~‚©‚è‚ñ‚¿‚å—‘‚«~SPRINGMAN@•\Œ»—Í‚Ì‚‚¢ƒA[ƒeƒBƒXƒg‚ª‘µ‚Á‚½wGrasshopper vol.24xƒ‰ƒCƒuƒŒƒ|[ƒg,https://news.yahoo.co.jp/articles/564deb5068221afb8ab020b6a1959889d3e87490,8/10(“y) 20:00
piaeigat,‚Ò‚ ,—MŠó—ç‰¹AuREON JACKv‚Íu„‚É‚Æ‚Á‚Ä•ó•¨v@Œ|—ğ25ü”N‚Ìß–Ú‚Åƒtƒ@ƒ“‚ÉŠ´Ó,https://news.yahoo.co.jp/articles/ce480c58e384b5de2e6c326e5ab49b05b49341ab,8/10(“y) 12:31
piaeigat,‚Ò‚ ,ƒ[ƒNƒ}ƒ“‚ÌVìUVƒJƒbƒgƒp[ƒJ[‚ªƒXƒSƒCI@–Xq‚àƒA[ƒ€ƒJƒo[‚àŒ“‚Ë”õ‚¦—˜•Ö«‚àZ,https://news.yahoo.co.jp/articles/70b3de9a3b45fa5d1f181eaa1aa4ed9835e62e00,8/10(“y) 12:06
piaeigat,‚Ò‚ ,‘–¯“I‚¨‚©‚µu‚½‚×‚Áq‚Ç‚¤‚Ô‚Âv‰‚ÌƒAƒjƒ‰f‰æ‰»‚ªŒˆ’èI@‚ç‚¢‚¨‚ñ‚­‚ñ‚ªc‰¡–³s‚É‹ì‚¯”²‚¯‚é“Á•Ê“®‰æŒöŠJ,https://news.yahoo.co.jp/articles/445b6638833b052ec8abaacb5070d67e7512e4b7,8/10(“y) 10:03
piaeigat,‚Ò‚ ,ƒ‰ƒE[ƒ‹å‰‰wÔ‰Hœq‚Ìƒ{ƒfƒBƒK[ƒhxŒöŠJ’¼‘OƒCƒxƒ“ƒg‚ÌƒrƒnƒCƒ“ƒh‰f‘œ•Œ´ì‚ÆƒRƒ‰ƒ{‚µ‚½ê–ÊÊ^ŒöŠJ,https://news.yahoo.co.jp/articles/fbf1dee26cb5cc7bcda77cb74c0ad52dd810aa3c,8/10(“y) 8:03
piaeigat,‚Ò‚ ,“S•—“Œ‹‚ªƒ~ƒjEƒAƒ‹ƒoƒ€wOur Seasons Our Loversx‚ğ10Œ‚É”­”„@‘S‘‚ÅƒŠƒŠ[ƒXƒcƒA[‚àŠJÃ,https://news.yahoo.co.jp/articles/2d929837124fd7c9b554e6d3f1534c6637a7c508,8/9(‹à) 21:00
piaeigat,‚Ò‚ ,wƒVƒrƒ‹EƒEƒH[ ƒAƒƒŠƒJÅŒã‚Ì“úxíê‚ÅƒJƒƒ‰‚ğ\‚¦‚é‹Ù”—‚µ‚½ê–ÊÊ^8“_ŒöŠJ,https://news.yahoo.co.jp/articles/46f6663d86feb8d4997a36436e97ee0852db647e,8/9(‹à) 18:07
piaeigat,‚Ò‚ ,wƒrƒNƒ^[ƒƒbƒNÕ‚è2024xƒLƒ…ƒEƒ\AƒTƒ“ƒ{Aƒ„ƒoT‚ç‘æ1’eo‰‰ƒA[ƒeƒBƒXƒg”­•\,https://news.yahoo.co.jp/articles/edb07892d75369b7c4f831e7b343678122a003be,8/9(‹à) 18:07
piaeigat,‚Ò‚ ,ƒXƒ^ƒbƒt10l‚Åì‚èã‚°‚½—Ç¿‚ÌŠìŒ€w˜ƒ^ƒCƒ€ƒXƒŠƒbƒp[x,https://news.yahoo.co.jp/articles/49b4f92961bfb71e7c1f0074679cdb4c0405c7e5,8/9(‹à) 18:06
piaeigat,‚Ò‚ ,Saucy Dog‚ª5ƒJŒ˜A‘±‘Îƒoƒ“Šé‰æw‚±‚¢‚±‚¢x‚ğ10Œ‚©‚çŠJÃ@V‹Èu”n­‚İ‚½‚¢Bv‚ÌƒTƒvƒ‰ƒCƒY”zM‚à˜b‘è,https://news.yahoo.co.jp/articles/b3496f79fa43102fc45261d8163da8d79be98cac,8/9(‹à) 18:01
piaeigat,‚Ò‚ ,u‘æ45‰ñ‚Ò‚ ƒtƒBƒ‹ƒ€ƒtƒFƒXƒeƒBƒoƒ‹v€ƒOƒ‰ƒ“ƒvƒŠw‚Ó‚ê‚éx—\•Ò•ƒ|ƒXƒ^[ŒöŠJ,https://news.yahoo.co.jp/articles/24ec25d86f180704b147030374125daea6cb0bae,8/9(‹à) 18:01
piaeigat,‚Ò‚ ,BRAHMAN‚ÌŒ‹¬30ü”NƒvƒƒWƒFƒNƒg‚ªn“®@7–‡–Ú‚Ìƒtƒ‹EƒAƒ‹ƒoƒ€”­”„•ws–¢—ˆÕx‚ÌŠJÃ‚È‚Ç3–{‚Ì’Œ‚ğ”­•\,https://news.yahoo.co.jp/articles/9502a5a2a6f822cf65d4dae3a4241d725fa0a272,8/9(‹à) 18:01
piaeigat,‚Ò‚ ,MORISAKI WIN‚Ìgƒ‰ƒCƒu‚És‚­——Rh MORISAKI WIN LIVE TOUR `MODULATION`,https://news.yahoo.co.jp/articles/2f6becd831f78ec20d2f423351815c28a868b39f,8/9(‹à) 18:00
piaeigat,‚Ò‚ ,ƒnƒiƒŒƒOƒ~ AƒIƒŠƒWƒiƒ‹EƒAƒ‹ƒoƒ€‚Ìƒ^ƒCƒgƒ‹‚ÍwGOOD DAYx@‰‰ñŒÀ’èDVD‚Ìû˜^“à—e‚à”­•\,https://news.yahoo.co.jp/articles/9ae25c80f2a49aa9c4c7f1824d8d594fa0fd3206,8/9(‹à) 18:00
piaeigat,‚Ò‚ ,SPARK!!SOUND!!SHOW!!@9mm‚ğŒ}‚¦‚½w`QUATTRO Series` ‚¨‚Ç‚ê‚µ‚á‚ê‚±‚¤‚×x“Œ‹Œö‰‰ƒŒƒ|[ƒg,https://news.yahoo.co.jp/articles/fefff4d8e9885bf84f5ee209a0acc91bb19f1370,8/9(‹à) 18:00
piaeigat,‚Ò‚ ,reGretGirl~Laughing Hick@e˜a«‚Ì‚‚¢—¼Ò‚ªA‘f°‚ç‚µ‚«‰»Šw”½‰‚ğ‹N‚±‚µ‚½–éwGrasshopper vol.25xƒ‰ƒCƒuƒŒƒ|[ƒg,https://news.yahoo.co.jp/articles/a2ec30e03b7162fc3b3efc2cbb48bed82418e468,8/9(‹à) 18:00
piaeigat,‚Ò‚ ,‚¤‚È‚¬ƒpƒC‚È‚Ç‚²“–’nƒSƒ~‚É‚à’–Ú@Œ€’cl‹GA–ñ10”N‚Ô‚è‚ÌwƒLƒƒƒbƒcxÃ‰ªŒö‰‰9Œ‚Ü‚Å,https://news.yahoo.co.jp/articles/1596f35adf7d61eac7273d3f485e8cfe8dbc9ffa,8/9(‹à) 17:00
piaeigat,‚Ò‚ ,Œ´‰ÃFAAKB48¬ŒI—LˆÈAˆä“ªˆ¤ŠC‚ªƒRƒ“ƒg‚É’§íI w¬“Úvol.5xã‰‰Œˆ’è,https://news.yahoo.co.jp/articles/18b9f2dbf8273bf2791da37e3d928f65b4254f50,8/9(‹à) 16:30
piaeigat,‚Ò‚ ,Œ»À‚Æ‹•\‚ª“ü‚è¬‚¶‚é„Ÿ„Ÿ‰¡R‘ñ–ç~¬R‚ä‚¤‚È‚ªŒê‚éAƒtƒ@ƒ“ƒ^ƒWƒbƒN‚ÈƒRƒƒfƒBwƒƒ^ƒVƒ^ƒ`ƒnƒ‚ƒmƒKƒ^ƒŠx,https://news.yahoo.co.jp/articles/5e355d155af6ce9ff66728466b47c1a6c7929edc,8/9(‹à) 16:01
piaeigat,‚Ò‚ ,wƒXƒIƒ~‚Ì˜b‚ğ‚µ‚æ‚¤xŠì“{ˆ£Šy‚ğ‹l‚ß‚ñ‚¾ê–ÊƒJƒbƒg20“_ŒöŠJ@O’JKŠì©‚ç‚ª‘‚«—¯‚ß‚½B‰e“ú‚àŒöŠJ,https://news.yahoo.co.jp/articles/964179ed48a810e9fd06c35fdd0a598d5f1aead9,8/9(‹à) 15:01
piaeigat,‚Ò‚ ,å‰‰‚ÍœA£—F—SI@ƒ~ƒ…[ƒWƒJƒ‹w‚¦‚ñ‚Æ‚Â’¬‚Ìƒvƒyƒ‹xƒtƒ‹ƒI[ƒPƒXƒgƒ‰”Å‚ÌƒLƒƒƒXƒg”­•\,https://news.yahoo.co.jp/articles/24ff03fb1a0b95373bcd5c3ad9c5ec940d0972b2,8/9(‹à) 14:10
piaeigat,‚Ò‚ ,w–î–ìŒ°q ‚³‚Æ‚ª‚¦‚éƒRƒ“ƒT[ƒgx¡”N‚à‘S‘5ƒJŠ‚ÅŠJÃŒˆ’è,https://news.yahoo.co.jp/articles/01e3fb7056dc91d5fb17e899e274ad59d0a6e753,8/9(‹à) 12:51
piaeigat,‚Ò‚ ,ƒTƒUƒ“ƒI[ƒ‹ƒXƒ^[ƒYAÅŒã‚Ì‰ÄƒtƒFƒXo‰‰‚Ì–Í—l‚ğ‰f‰æŠÙ‚Å¶’†Œp,https://news.yahoo.co.jp/articles/e3df5b658ddde541b9178c061ac13ae9da78045a,8/9(‹à) 12:20
piaeigat,‚Ò‚ ,ƒƒbƒNƒoƒ“ƒhEƒWƒ‡ƒYƒG‚ªVƒƒ“ƒo[‚ğŒ}‚¦‚Ä3rdƒAƒ‹ƒoƒ€wMETALLIC TOKYOx‚ğƒŠƒŠ[ƒX,https://news.yahoo.co.jp/articles/d34b1b9ee3d065caa1f234ceb4a1cc2ce943d537,8/9(‹à) 12:07
piaeigat,‚Ò‚ ,wƒtƒH[ƒ‹ƒKƒCxƒJ[ƒ`ƒFƒCƒXƒV[ƒ“•ƒLƒƒƒ‰ƒNƒ^[ƒ|ƒXƒ^[ŒöŠJ@ƒsƒ“ƒ`‚ğ‹~‚¤‚Ì‚ÍwƒGƒuEƒGƒux‚Ì‚ ‚ÌlI,https://news.yahoo.co.jp/articles/800ab1c4209c1f4fdb7f414996335c8834bfa625,8/9(‹à) 12:06
piaeigat,‚Ò‚ ,"Helsinki Lambda ClubwƒtƒƒAƒ‰ƒCƒuƒcƒA[2024 ""Dragon""xƒXƒyƒVƒƒƒ‹MC‚ÉƒoƒCƒNìèƒoƒCƒNAƒCƒ“ƒ|ƒbƒVƒuƒ‹AƒfƒjƒX‚ªŒˆ’è",https://news.yahoo.co.jp/articles/94d076e6eae56aa919508565b91128b26eeed543,8/9(‹à) 12:06
piaeigat,‚Ò‚ ,X“c„‚Ìv‚¤gŒ¾—t‚ÌM—p«hu–{S‚Í–Ú‚ÆŒ¾—t‚Éo‚év,https://news.yahoo.co.jp/articles/5de1e51ce4a0aeb5137a7750eeecede5c31c19f7,8/9(‹à) 12:06
piaeigat,‚Ò‚ ,º“àŠy‚ÌV‚½‚ÈŠy‚µ‚İ‚ª‚±‚±‚É@NAGAREYAMA ‘Ûº“àŠy‰¹ŠyÕ,https://news.yahoo.co.jp/articles/b0657bdbff0e1d77f90899be373367cd73683305,8/9(‹à) 12:05
piaeigat,‚Ò‚ ,ƒ~ƒ…[ƒWƒJƒ‹wƒŒEƒ~ƒ[ƒ‰ƒuƒ‹xƒXƒe[ƒWƒh ƒRƒ“ƒT[ƒgA‰‚Ì—ˆ“úŒö‰‰‚ğ‘S‘6“ss‚Åã‰‰,https://news.yahoo.co.jp/articles/843866cf00ace98e32dbbc94cd4e049db743460b,8/9(‹à) 12:04
piaeigat,‚Ò‚ ,wRl‰¹ŠyÕ2024xRlMCƒoƒgƒ‹‚ÌÚ×”­•\@í‹ÉMC BATTLE‚Æ‚ÌƒRƒ‰ƒ{‚ÅŠJÃ,https://news.yahoo.co.jp/articles/a294efa01f8a5934f982b587d93f3fc4c29eca7f,8/9(‹à) 12:04
piaeigat,‚Ò‚ ,wAKABIRA CAMP BREAK 2024xƒtƒŒƒ“ƒY‚çÅIo‰‰Ò•ƒ^ƒCƒ€ƒe[ƒuƒ‹”­•\,https://news.yahoo.co.jp/articles/b157019e29575051f77e9c5ee60eecf0fd0bf3cf,8/9(‹à) 12:03
piaeigat,‚Ò‚ ,“Œ–ìŒ\ŒáŒ´ìA“¡“cr‘¾˜Y‰‰o‚É‚æ‚éwƒ~ƒ…[ƒWƒJƒ‹uè†v2025xã‰‰Œˆ’è@ˆê•”ƒV[ƒ“‚Ì•ÏX‚âV‚½‚È‰‰o‚ğ—\’è,https://news.yahoo.co.jp/articles/5d2ee0332eebb51afdbb13546039971e509e75cc,8/9(‹à) 12:02
piaeigat,‚Ò‚ ,ƒLƒ…ƒEƒ\ƒlƒRƒJƒ~AåÃ‘Îƒoƒ“ƒCƒxƒ“ƒgw‹ÉŠy‘lò“yxÚ×”­•\@ƒQƒX‚Ì‹É‚İ‰³—Aƒ„ƒoT‚ç5‘g‚ªƒQƒXƒgo‰‰,https://news.yahoo.co.jp/articles/d3562ce880dd5b833870dfd152edf5bb83e19b31,8/9(‹à) 11:40
piaeigat,‚Ò‚ ,M’·AG‹gA‰ÆNŠ‘ ‚Ì’ƒ“ü‚È‚Ç’ƒ“¹‹ï‚Ì–¼•i‚ğˆê‹“ŒöŠJwŠá•Ÿ\‘å–¼‰Æ‹Œ‘ AÃ‰Ã“°’ƒ“¹‹ï‚ÌˆxÃ‰Ã“°—ŠÛ‚Ì“à‚Å,https://news.yahoo.co.jp/articles/1a09729eea5cb2dce4db4e80ce0492f8bc574066,8/9(‹à) 11:31
piaeigat,‚Ò‚ ,wƒfƒbƒhƒv[ƒ‹•ƒEƒ‹ƒ”ƒ@ƒŠƒ“xA¢ŠE‹»û10‰­ƒhƒ‹–Ú‘O,https://news.yahoo.co.jp/articles/d91767416992ed1628037d8af9465f0dd273159c,8/9(‹à) 11:30
piaeigat,‚Ò‚ ,Š`‹ò‚¤‹q‚Ìg‚¨‚ß‚Å‚½Šì”ßŒ€hw–ù‰õ”Æx13”N‚Ô‚è‚ÉŠJ–‹@•‘‘äÊ^•’†‰®•~–@m‚ÌƒRƒƒ“ƒg‚ª“’…,https://news.yahoo.co.jp/articles/a0f10eca10bc8a7edf4a4ad301349758900c0533,8/9(‹à) 11:10
piaeigat,‚Ò‚ ,dodoAƒ~ƒjEƒXƒ^ƒWƒIƒAƒ‹ƒoƒ€wneutralx”zMƒŠƒŠ[ƒX@ƒƒ“ƒ}ƒ“u‘æ3‰ñ‚Ğ‚ñ‚µ‚Ì‰ïv‚àŠJÃŒˆ’è,https://news.yahoo.co.jp/articles/a37146849ccd4f89a13ab3c3a756f5bb1465c8df,8/9(‹à) 11:00
piaeigat,‚Ò‚ ,wƒUEƒuƒŒƒCƒLƒ“x “ú–{ƒ`[ƒ€‚Æ‚Ìƒ_ƒ“ƒXƒoƒgƒ‹ƒV[ƒ“‚ğŒöŠJ@ƒpƒŠŒÜ—Ö“ú–{‘ã•\‚Ì•Ÿ“‡‚ ‚ä‚İ‘Iè‚ào‰‰,https://news.yahoo.co.jp/articles/7faa6bdd814fd5a4e854fbca9a462dfbe479a50a,8/9(‹à) 8:00
piaeigat,‚Ò‚ ,‚È‚É‚í’jqE‘å‹´˜a–ç‚ªƒfƒrƒ…[Œã‰‚Ì‰f‰æo‰‰I w‚Ó‚µ‚¬‘Ê‰Ùq‰® ‘K“V“°x‚Åg’Z”¯~•”¯h‚Ì¬ŠwZ‹³t–ğ‚É’§‚Ş,https://news.yahoo.co.jp/articles/b8f20c8f17afbf8fdc682c0f14c0ba2ca17fb5ae,8/9(‹à) 5:00
piaeigat,‚Ò‚ ,ˆ§“c—œq‚ªVTuberƒfƒrƒ…[‚ğ”­•\@2025”N5Œ5“ú‚ÉƒA[ƒeƒBƒXƒgƒfƒrƒ…[5ü”N‹L”Oƒ‰ƒCƒu‚àŠJÃ,https://news.yahoo.co.jp/articles/7ff31aabb2155c701f0d2c3e1b95c768b3585633,8/8(–Ø) 21:01
piaeigat,‚Ò‚ ,íœÉ‚©‚È‚Ì‚ªƒ‰ƒCƒuŠˆ“®‚ğÄŠJ@Än“®‚Æ©g‚Ì’a¶“ú‚ğj‚¤ƒXƒyƒVƒƒƒ‹ƒCƒxƒ“ƒgŠJÃŒˆ’è,https://news.yahoo.co.jp/articles/aa0f069db5b12ad050d5601a666cc5e64db31845,8/8(–Ø) 19:00
piaeigat,‚Ò‚ ,wBAYCAMP 2024xƒhƒ~ƒRA…—j“ú‚ÌƒJƒ“ƒpƒlƒ‰ASHISHAMO‚ç‘æ7’eo‰‰ƒA[ƒeƒBƒXƒg”­•\,https://news.yahoo.co.jp/articles/0deee577b9561680138e9010c371711599119396,8/8(–Ø) 18:30
piaeigat,‚Ò‚ ,ƒnƒ‹ƒJƒ~ƒ‰ƒCAƒGƒoƒ„ƒ“‚ç‚ªƒ‰ƒXƒgŠJÃ‚ÅÄWŒ‹@“`à‚ÌwREDLINE FOUR FISTS FINALx‚ª5”N‚Ô‚è‚ÉŠJÃŒˆ’è,https://news.yahoo.co.jp/articles/4ab9f522def21e37bce3a50d240941408b8d4913,8/8(–Ø) 18:03
piaeigat,‚Ò‚ ,wBABYMETAL LEGEND - 43 THE MOVIExÅV—\‰f‘œ•ƒZƒbƒgƒŠƒXƒgŒöŠJ@ƒƒ“ƒo[AŠÄ“ÂAKOBAMETAL‚ÌƒRƒƒ“ƒg‚à“’…,https://news.yahoo.co.jp/articles/a2bb03b8ddde8cee96744035a14944109a51786d,8/8(–Ø) 18:02
piaeigat,‚Ò‚ ,uƒ}ƒ‚ƒ‹‚»‚Ì‚à‚ÌIvR‰ºK‹P‚Ì‰‰‹Z‚ğâ^u‰f‰æwƒ}ƒ“ƒK‰ÆA–xƒ}ƒ‚ƒ‹xŒ€êŒöŠJ‹L”O! ¶”zMƒXƒyƒVƒƒƒ‹vƒŒƒ|[ƒg,https://news.yahoo.co.jp/articles/6c27ec2740d1687a182322d4e6c729c183e4776b,8/8(–Ø) 18:02
piaeigat,‚Ò‚ ,aikoA–ìŠOƒtƒŠ[ƒ‰ƒCƒuwLove Like Aloha vol.7xˆê”Ê\‚ªƒXƒ^[ƒg@wLove Like Aloha vol.6x‚æ‚èu—\vƒ‰ƒCƒu‰f‘œŒöŠJ,https://news.yahoo.co.jp/articles/983c26878a33d32e8a5c89462b4b948720d9e48b,8/8(–Ø) 18:02
piaeigat,‚Ò‚ ,WOWOW~ˆäã–F—Y‚É‚æ‚éƒ~ƒ…[ƒWƒJƒ‹”Ô‘gw–F—Y‚Ìƒ~ƒ…[x‰‚ÌƒXƒyƒVƒƒƒ‹ƒCƒxƒ“ƒgŠJÃŒˆ’è,https://news.yahoo.co.jp/articles/09e67268952a7170970a16d4f8309d57c306bd27,8/8(–Ø) 17:50
piaeigat,‚Ò‚ ,u‘æ46‰ñ‚Ò‚ ƒtƒBƒ‹ƒ€ƒtƒFƒXƒeƒBƒoƒ‹2024vƒ‰ƒCƒ“ƒiƒbƒv”­•\A‹g“cŒb•ãŠÄ“Â‚ªPFFƒAƒ[ƒh2024ÅIR¸ˆõ‚É,https://news.yahoo.co.jp/articles/32314295889be088ab30dc71bd98ac4f554eaf7d,8/8(–Ø) 17:30
piaeigat,‚Ò‚ ,wƒuƒ‹[ƒ}ƒ“ƒOƒ‹[ƒvƒWƒƒƒpƒ“ƒcƒA[2024xŠJ–‹@ƒuƒ‹[ƒ}ƒ“‚ğÛ’¥‚·‚éƒpƒtƒH[ƒ}ƒ“ƒX•ƒpƒƒtƒ‹‚È‰‰‘t‚ÅŠÏ‹q‚ğ•¦‚©‚·,https://news.yahoo.co.jp/articles/47a4ad1f2d5bddb9038eb8692654d80b55ff159c,8/8(–Ø) 13:20
piaeigat,‚Ò‚ ,ŠJÃ60ü”N‚ğŒ}‚¦‚½w¡“ú‚Ìì‰Æ“Wx@ 2024”N‚Í90”N‘ã¶‚Ü‚ê‚Ì‚Ó‚½‚è‚Ìì‰Æ‚ğĞ‰î,https://news.yahoo.co.jp/articles/b0ca0c1bee48f7aef5a737bd85699652a8ded979,8/8(–Ø) 11:30
piaeigat,‚Ò‚ ,wƒVƒ“ƒvƒ‹EƒtƒFƒCƒo[x‘±•Ò‚Íƒvƒ‰ƒCƒ€EƒrƒfƒI‚Å”zM,https://news.yahoo.co.jp/articles/927bb5e8eb09a349677292d52caea569452387d4,8/8(–Ø) 11:00
piaeigat,‚Ò‚ ,‘íK„EæTŒá‚©‚ç‚È‚éƒ†ƒjƒbƒgSingTuyoAˆîŠ_Œá˜Y‚ªV‹È‚ğ“¯ƒŠƒŠ[ƒX,https://news.yahoo.co.jp/articles/1a5d53039a18d8557bbccdb88d860c4a00a484c4,8/8(–Ø) 10:20
piaeigat,‚Ò‚ ,SEVENTEENAƒ[ƒ‹ƒhƒcƒA[“ú–{Œö‰‰‚ğ4“ss‚Ìƒh[ƒ€‚ÅŠJÃ@“ú–{ƒVƒ“ƒOƒ‹‚Ì”­”„‚àŒˆ’è,https://news.yahoo.co.jp/articles/668305617ae633c33c0c74a33a64b16768b4946c,8/8(–Ø) 10:20
piaeigat,‚Ò‚ ,‰f‰æw”ªŒ¢“`x–ğŠLiA“à–ì¹—zA“y‰®‘¾–PA‰Í‡—DÀ‚ç‚ª‰‰‚¶‚éƒLƒƒƒ‰‚Ìê–ÊÊ^18–‡‚ğˆê‹“ŒöŠJ,https://news.yahoo.co.jp/articles/ff6d07f7b8ed094b0d6b53ee92881896d7cb1ad0,8/8(–Ø) 8:04
piaeigat,‚Ò‚ ,ƒhƒ‰ƒ}wƒS[ƒ‹ƒfƒ“ƒJƒ€ƒCxACIDMANA[Alexandros]A&TEAM‚ç‘S8‘g‚ªƒGƒ“ƒfƒBƒ“ƒOƒe[ƒ}‚ğ’S“–,https://news.yahoo.co.jp/articles/a15786b35f840d74ba1dfd1728f3506af8af8ef3,8/8(–Ø) 8:03
piaeigat,‚Ò‚ ,BREIMENA‰Ä‚ğƒe[ƒ}‚É‚µ‚½V‹È‚ğ”zMƒŠƒŠ[ƒX@‰‚Ìƒc[ƒ}ƒ“ƒcƒA[‚ğ‘S‘4“ss‚ÅŠJÃ,https://news.yahoo.co.jp/articles/8f4f44f1ae8af1801c2cdea1fa2da8cb83fa73ac,8/7(…) 21:01
piaeigat,‚Ò‚ ,‰¹ŠyŒ€w‹ó’†ƒuƒ‰ƒ“ƒR‚Ì‚è‚ÌƒLƒLxŠJ–‹@ç”Ü‚İ‚äA¼‰ªL‘åA£“Ş‚¶‚ã‚ñA–ìãŒ¦‘ã‚ÌƒRƒƒ“ƒg••‘‘äÊ^“’…,https://news.yahoo.co.jp/articles/701ae2d61fe6e4e95eeb228142aeb76944149b79,8/7(…) 19:40
piaeigat,‚Ò‚ ,áèˆç¬‚ÆPNC—DŸ‚Ì“ñ“e‚ğ’Ç‚¤ƒWƒ‡[ƒ“ƒYHCAuƒeƒXƒgƒ‰ƒOƒr[‚ÍŸ‚¿‚½‚¢‚µAŸ‚Â‚±‚Æ‚ÉˆÓ–¡‚ª‚ ‚év,https://news.yahoo.co.jp/articles/a7f8db8a376b4bd2f8f09f215b74d0e311d62559,8/7(…) 18:30
piaeigat,‚Ò‚ ,Stray KidsANewJeans‚ç‚ªo‰‰@K-POP‘å‰Ì—wÕw2024 MUSIC BANK GLOBAL FESTIVAL in JAPANxŠJÃŒˆ’è,https://news.yahoo.co.jp/articles/e88ab0d71e8f11e70f07c73bf283e85a01ba2f26,8/7(…) 18:20
piaeigat,‚Ò‚ ,w.o.d.‚ªƒƒWƒƒ[1stƒAƒ‹ƒoƒ€‚ÌæsƒVƒ“ƒOƒ‹‘æ2’eu‚ ‚Î‚­v‚ğ”zM@¡–éwSONAR MUSICx‚Å‰ƒIƒ“ƒGƒA,https://news.yahoo.co.jp/articles/af0021df766e26efdc27fa0e90cdbf2430cd6776,8/7(…) 18:03
piaeigat,‚Ò‚ ,Rí•Œ«l•´–ìØ–¼‚ª”M‚¢‘z‚¢‚ğŒê‚éwƒLƒ“ƒOƒ_ƒ€ ‘å«ŒR‚Ì‹AŠÒx”òM‘à–§’…ƒhƒLƒ…ƒƒ“ƒ^ƒŠ[‰f‘œŒöŠJ,https://news.yahoo.co.jp/articles/9bd0b7d191ae525a2b997ad08edfedd3e53bfc28,8/7(…) 18:00
piaeigat,‚Ò‚ ,4ƒs[ƒXƒ~ƒNƒXƒ`ƒƒ[ƒoƒ“ƒhEChim ChapAƒtƒ@[ƒXƒgEƒVƒ“ƒOƒ‹uƒXƒpƒ“ƒR[ƒ‹v”zMƒXƒ^[ƒg,https://news.yahoo.co.jp/articles/aae56eef17a6287727bfae26f883a36a38c4c3df,8/7(…) 16:10
piaeigat,‚Ò‚ ,ƒJƒWƒqƒfƒL@ƒlƒIƒAƒR•ƒMƒ^[ƒ|ƒbƒv°‚É‰ñ‹A‚ÌƒAƒ‹ƒoƒ€‚ğLP‚Å”­”„@ƒWƒƒƒPƒbƒg‚Í]Œûõj,https://news.yahoo.co.jp/articles/5b54de96eff515d545a7cf8f1a5cd6c63048fc65,8/7(…) 15:02
piaeigat,‚Ò‚ ,“ú–{ŒöŠJ30ü”N‹L”OI ‰f‰æwƒ‰ƒCƒIƒ“EƒLƒ“ƒOxƒŠƒoƒCƒoƒ‹ã‰fŒˆ’è@“Á•Ê”Åƒ|ƒXƒ^[‚àŒöŠJ,https://news.yahoo.co.jp/articles/eba6ace770b9fb4d1a288d158bea787b08984229,8/7(…) 15:00
piaeigat,‚Ò‚ ,TOMORROW X TOGETHERA‰‚ÌVRƒRƒ“ƒT[ƒgwHYPERFOCUSx‘S‘5“ss‚Ì‰f‰æŠÙ‚ÅŠJÃ,https://news.yahoo.co.jp/articles/68c014430bdcb9eaea1d7a85a76d35e60c1d0015,8/7(…) 14:30
piaeigat,‚Ò‚ ,—MŒõA•ó’Ë‘Ş’cŒã‰‚Ìƒ\ƒƒRƒ“ƒT[ƒgwTABLEAUx‘åçˆªŠyŒö‰‰‚ğ‘S‘‚Ì‰f‰æŠÙ‚É¶’†Œp,https://news.yahoo.co.jp/articles/4afc910cc82976c4c77da3b9bd7218bc983f711e,8/7(…) 13:40
piaeigat,‚Ò‚ ,ƒ[ƒ“ƒfƒCƒ„‚Æƒƒo[ƒgEƒpƒeƒBƒ“ƒ\ƒ“‚ªVì‚Å‹¤‰‰H,https://news.yahoo.co.jp/articles/4d3915d77e95254ec40f2d1fa9d7f3dbb1750b37,8/7(…) 12:31
piaeigat,‚Ò‚ ,ğˆä–@qu‚Ì‚èƒs[‰¹“ªi–@qƒo[ƒWƒ‡ƒ“jv‚ğ36”N‚Ô‚è‚ÉƒZƒ‹ƒtƒŠƒƒCƒN‚Å”zM@˜a‘¾ŒÛ‚É’§í‚µ‚½MV‚à,https://news.yahoo.co.jp/articles/0207aca60d52f05c334ad3eec4c3cf5e1f50405e,8/7(…) 12:08
piaeigat,‚Ò‚ ,ˆäã–F—YA‰YˆäŒ’¡‚ª‘±“ŠI@ƒ~ƒ…[ƒWƒJƒ‹w“ñ“s•¨Œêx12”N‚Ô‚è‚ÉÄ‰‰Œˆ’è,https://news.yahoo.co.jp/articles/b152a1af9bc046ef800b01e5507186fe94239f73,8/7(…) 12:07
piaeigat,‚Ò‚ ,‚Ü‚¸‚Í’®‚­‚×‚«gO‘å–¼‹Èh‚Æ‚ÍH “Ç‹¿ƒTƒ}[ƒtƒFƒXƒeƒBƒoƒ‹2024,https://news.yahoo.co.jp/articles/cbaa26db0352a0e46fc21657f61aebbe0cc4643a,8/7(…) 12:05
piaeigat,‚Ò‚ ,THE BOHEMIANSƒCƒ“ƒ^ƒrƒ…[uƒƒ“ƒo[‚ª4l‘Ì§‚É‚È‚Á‚Ä‰‚ß‚Ä‚ÌƒcƒA[‚È‚Ì‚ÅA‹C‚¿‚Æ‚µ‚Ä‚Í“Á•Êv,https://news.yahoo.co.jp/articles/afa660238d3fd89268a791d37d7cf0c433dc2615,8/7(…) 12:05
piaeigat,‚Ò‚ ,ˆ¼ì½‚ÌƒMƒ^[‰‰‘t‚ğW–ñ‚µ‚½‰‚ÌŠé‰æƒAƒ‹ƒoƒ€‚ª10Œ2“ú‚É”­”„Œˆ’è@ƒ\ƒƒ[ƒNƒX‚ğ’†S‚É–¼‹ÈE–¼‰‰‚ğ–Ú,https://news.yahoo.co.jp/articles/0a854aa155776c68c62365a2e459e8ae6790d8dc,8/7(…) 12:04
piaeigat,‚Ò‚ ,“ú–{‚É‚¨‚¯‚éƒVƒ…ƒ‹ƒŒƒAƒŠƒXƒ€‚ÆƒAƒuƒXƒgƒ‰ƒNƒgEƒA[ƒg‚ğŠ‘ ì•i‚Æ‘—¿‚ÅŒŸØw‚à‚Á‚Æ–£‚¹‚Ü‚·I”Â‹´‚Ì‘O‰qŠG‰æx”Â‹´‹æ—§”üpŠÙ‚Å,https://news.yahoo.co.jp/articles/dd697f159d2deca35fe611110eb6d400a426dfbc,8/7(…) 11:30
piaeigat,‚Ò‚ ,‚È‚É‚í’jqE‘å¼—¬¯‚Ì’a¶“ú‹L”OI å‰‰‰f‰æw—ö‚ğ’m‚ç‚È‚¢–l‚½‚¿‚Íx—ö‚É—h‚ê“®‚­•\î‚ğû‚ß‚½ê–ÊÊ^ŒöŠJ,https://news.yahoo.co.jp/articles/43ddde5172df3e9a855f6a43ecf084b5f544f437,8/7(…) 8:02
piaeigat,‚Ò‚ ,—é–Ø—º•½‚Æ—L‘º‰Ëƒ‚ªŒZ–…–ğ‚Å‰‹¤‰‰@’¼–ØÜì‰ÆEéì–©lŒ´ìw‰Ô‚Ü‚ñ‚Üx2025”NŒ€êŒöŠJ,https://news.yahoo.co.jp/articles/182e620cc6c5e7ae364189a31f70296dc19b33ed,8/7(…) 6:04
piaeigat,‚Ò‚ ,w“V•Û\“ñ”N‚ÌƒVƒFƒCƒNƒXƒsƒAxƒLƒƒƒXƒg14–¼‚ªo‘µ‚¤ƒƒCƒ“ƒrƒWƒ…ƒAƒ‹ŒöŠJ,https://news.yahoo.co.jp/articles/6c0c6b8ea3d15dc4d9261b16475358555e334907,8/6(‰Î) 19:10
piaeigat,‚Ò‚ ,–îˆä“c “µg‘ål‚Ì‘ål‚É‚æ‚é‘ål‚°‚È‚¢·‚èã‚ª‚è‚ªŠy‚µ‚¢hƒfƒrƒ…[25ü”N‹L”O’e‚«Œê‚èƒcƒA[ŠJ–‹,https://news.yahoo.co.jp/articles/3f6e2db89210a4deb5b6fb78d0f0dc85f8a36bc1,8/6(‰Î) 18:04
piaeigat,‚Ò‚ ,Îáx—¦‚¢‚éAnswer to RememberA4”N”¼‚Ô‚è‚ÌƒAƒ‹ƒoƒ€”­”„‚ğ‹L”O‚µƒCƒ“ƒXƒ^ƒ‰ƒCƒu‚ğŠJÃ,https://news.yahoo.co.jp/articles/5e21a75737be8ac5c3cf0457749b8e02758ee64f,8/6(‰Î) 18:03
piaeigat,‚Ò‚ ,BialystocksA1”N8ƒJŒ‚Ô‚è‚ÌƒAƒ‹ƒoƒ€wSongs for the Cryptidsx”­”„Œˆ’è@ƒWƒƒƒPƒbƒgÊ^ŒöŠJ,https://news.yahoo.co.jp/articles/df7b9c9167df82397765a3b0e75f3168837f2c0b,8/6(‰Î) 18:02
piaeigat,‚Ò‚ ,‘å’ÎƒPƒ“ƒa—¦‚¢‚é“ÁBAƒ‰ƒCƒu‰ïêæs”Ì”„ƒVƒ“ƒOƒ‹u‰_‚Ìã‚Ìƒ[ƒŠ[Šñ‚¹vƒŠƒŠ[ƒX,https://news.yahoo.co.jp/articles/3d19c9d54564983f849e7bc0c7533f31e37b0b92,8/6(‰Î) 18:01
piaeigat,‚Ò‚ ,‚­‚é‚èåÃw‹“s‰¹Šy”——‰ï2024x‹e’r—º‘¾AƒtƒWƒtƒ@ƒuƒŠƒbƒN‚Ìo‰‰‚ªŒˆ’è,https://news.yahoo.co.jp/articles/a231889d918bfcc6a096acb5207b637ff1772475,8/6(‰Î) 18:00
piaeigat,‚Ò‚ ,ƒXƒ^[ƒ_ƒXƒg™ƒŒƒrƒ…[A‹`‰‡‹à‚ğ‰œ”\“o3s’¬‚ÉŠñ•t@ìFs‚Å‚ÍƒAEƒJƒyƒ‰ƒ‰ƒCƒu‚à”â˜I,https://news.yahoo.co.jp/articles/f1387d7e2e18af6f092c2baacd23f71d1c566bff,8/6(‰Î) 18:00
piaeigat,‚Ò‚ ,w“Ğ‚³‚ñƒtƒ@ƒ“‘åŠ´ÓÕxŠJÃŒˆ’èI@‰f‰æw’j‚Í‚Â‚ç‚¢‚æxŒöŠJ55ü”N‚ğ‹L”O,https://news.yahoo.co.jp/articles/25f8ff7dd34a5168453d2477f5c977451c27ac4c,8/6(‰Î) 17:30
piaeigat,‚Ò‚ ,ƒMƒ^[ƒŒƒX3ƒs[ƒXƒoƒ“ƒhEƒRƒRƒ‰ƒVƒJAV‹ÈuÅŒã‚Ì‰Ô‰Îv‚ÌMVŒöŠJ,https://news.yahoo.co.jp/articles/10e55d7549ea17030b5fa41a8542569c950f6fff,8/6(‰Î) 15:50
piaeigat,‚Ò‚ ,•‘‘äwç‚Æçq‚Ì_‰B‚µxƒƒ“ƒhƒ“Œö‰‰‘åçˆªŠyA8Œ25“ú‚ÉHulu‚Å“Æèƒ‰ƒCƒu”zMŒˆ’è,https://news.yahoo.co.jp/articles/0f3ecfdc2d7efb7496c5bd531347190f362f9cde,8/6(‰Î) 15:20
piaeigat,‚Ò‚ ,ˆê‰Œ¾‚Á‚Æ‚«‚Ü‚·‚¯‚ÇA”Æl‚Íƒzƒeƒ‹‚ÌƒƒCƒh‚Å‚·By‚İ‚¤‚ç‚¶‚ã‚ñ‚Ì‰f‰æƒ`ƒ‰ƒV•ú’kzwƒtƒ‰ƒCEƒ~[EƒgƒDEƒUEƒ€[ƒ“xwƒcƒCƒXƒ^[ƒYx,https://news.yahoo.co.jp/articles/613e9f5cf71a9450e9a49e831e2a27aa3f8c6381,8/6(‰Î) 12:06
piaeigat,‚Ò‚ ,‘ä˜p‚Ì‘•ósŠÃ˜I…t“ú–{‰ã—¤@w‰©“y…‚Æ‚»‚Ì‘ãx9Œ6“ú‚æ‚è“Œ‹åYp‘åŠw‘åŠw”üpŠÙ‚Å,https://news.yahoo.co.jp/articles/4e810eb5e6a038d1669e4c8deec4915fc620eb05,8/6(‰Î) 11:30
piaeigat,‚Ò‚ ,ŒÃ“T‰Ì•‘Šê‚Ì–¼ì‚©‚çŠú‘Ò‚‚Ü‚éVì‰Ì•‘Šê‚Ü‚ÅB”M‹C‚ ‚Ó‚ê‚éu”ªŒ”[—Á‰Ì•‘Šêv‰Ø‚â‚©‚ÉŠJ–‹,https://news.yahoo.co.jp/articles/0b96aa42af6bf5531b044a06f170d228488c341b,8/6(‰Î) 11:11
piaeigat,‚Ò‚ ,ƒOƒŒƒ“EƒpƒEƒGƒ‹‚ÆƒWƒFƒiEƒIƒ‹ƒeƒK‚ªVì‚Å‹¤‰‰,https://news.yahoo.co.jp/articles/af49eeaae6402856c8f91d041627a926f47ad7bd,8/6(‰Î) 11:00
piaeigat,‚Ò‚ ,”š•—ƒXƒ‰ƒ“ƒvA26”N‚Ô‚è‚ÌV‹ÈuIKIGAIvƒfƒrƒ…[“ú‚ÉƒŠƒŠ[ƒX@–ñ30”N‚Ô‚è‚ÌMV‚àB‰e,https://news.yahoo.co.jp/articles/f396ad2dc92bd852d786025d1511215ba7774be7,8/6(‰Î) 10:00
piaeigat,‚Ò‚ ,wµ—[‚Ì‘xƒtƒB[ƒ`ƒƒƒŒƒbƒg‰f‘œ•ÅI˜bê–ÊÊ^10“_ŒöŠJ@×“c‰À‰›‘¾uŒ©’¼‚µ‚½‚­‚È‚éÅI˜bv,https://news.yahoo.co.jp/articles/3612ee53e250f8115b1cb5725b09ce88b4ca79df,8/5(Œ) 21:11
piaeigat,‚Ò‚ ,‰f‰æƒcƒE‚½‚¿‚ª‘I‚ÔA8ŒÅ‚àŒ©‚½‚¢‰f‰æ‚ÍAwƒtƒH[ƒ‹ƒKƒCxyŒƒCƒ`Ig‚Ò‚ ƒeƒ“hƒ‰ƒ“ƒLƒ“ƒOz,https://news.yahoo.co.jp/articles/798f765fcc29d0636a34464b629613045ce52c30,8/5(Œ) 21:03
piaeigat,‚Ò‚ ,ÎŠÛŠ²“ñ‚ª‰~n–¡‚ğ‘‚µ‚½‘½Ê‚È•\î‚Æ‰Ìº‚Å–£—¹@‰¹ŠyŒ€wƒ‰ƒCƒ€ƒ‰ƒCƒgxã‰‰’†,https://news.yahoo.co.jp/articles/d448acc76763a8f23328f9dbffcecd60fcf57816,8/5(Œ) 20:31
piaeigat,‚Ò‚ ,ROTH BART BARONA‘S‘ƒcƒA[ŠJÃŒˆ’è@gá‰ğ‚¯‚Æ‰Ôç‚İh‚ªƒe[ƒ}‚ÌVƒA[ÊŒöŠJ,https://news.yahoo.co.jp/articles/2ee07c1f4a6d67d1f90c49f8f7a1bdea97c9dd55,8/5(Œ) 20:01
piaeigat,‚Ò‚ ,wƒxƒŠƒeƒ“ƒ‰ƒCƒu2024 Specialxƒ^ƒCƒ€ƒe[ƒuƒ‹”­•\@ƒgƒŠ‚ÍƒtƒŒƒfƒŠƒbƒN‚Æ10-FEET,https://news.yahoo.co.jp/articles/13cd9ee4468919b82dc602a6c4f7b33158de6e9c,8/5(Œ) 19:01
piaeigat,‚Ò‚ ,²“¡—¬i~‹´–{Ë•½‚ª”o—D‚Æ‚µ‚Ä‘åØ‚É‚µ‚Ä‚¢‚é‚±‚Æu‘Šè‚Ì‚½‚ß‚É‚¨Å‹‚ğ‚·‚év,https://news.yahoo.co.jp/articles/4ce9a06985b79153870f812b8df32d53c7cfc3b8,8/5(Œ) 18:03
piaeigat,‚Ò‚ ,•z‘Ü“Ğ‘×A2024”N—Bˆê‚Ì’P“ÆŒö‰‰‚ğ“ú–{•“¹ŠÙ‚ÅŠJÃ@2“úŠÔ‚ÅƒRƒ“ƒZƒvƒg‚ÌˆÙ‚È‚éƒXƒyƒVƒƒƒ‹ƒ‰ƒCƒu,https://news.yahoo.co.jp/articles/3c8a3680e96df314375ae9397a9d5fb17e66a17d,8/5(Œ) 18:01
piaeigat,‚Ò‚ ,¡“ú‚Ì1”t–Ú‚Ìƒr[ƒ‹‚Ì‚½‚ß‚É–½‚ğŒœ‚¯‚éB¼‰ª¹G‚ªŒê‚é–Ú•W‚ğ‚à‚½‚È‚¢¶‚«•û,https://news.yahoo.co.jp/articles/9af242e9c7ec45ba5dd9f8e6730eaf0fbffb463d,8/5(Œ) 18:01
piaeigat,‚Ò‚ ,wƒIƒbƒyƒ“ƒnƒCƒ}[xÅIƒCƒxƒ“ƒgƒŒƒ|[ƒg@•ĞŸº{’¼ŠÄ“Âug”½‘Î‘¤‚©‚ç•`‚­h‚±‚Æ‚ÉˆÓ‹`‚ª‚ ‚év,https://news.yahoo.co.jp/articles/2c1dccd415265fb9a579234d621ad260cfc1cd2c,8/5(Œ) 15:50
piaeigat,‚Ò‚ ,"ƒVƒ“ƒK[Eƒ\ƒ“ƒOƒ‰ƒCƒ^[ XŒb‚Ì""‰Ìºh‚ğ–‹i‚·‚éƒXƒgƒŠƒ“ƒOƒXEƒRƒ“ƒT[ƒg‚Ì“ú’ö”­•\@¡”N‚Í“Œ‹‚Æ‘åã‚Ì2‰ïê‚ÅŠJÃ",https://news.yahoo.co.jp/articles/4d2e874f84188d9d2db8521177fe7cc5a13f2f62,8/5(Œ) 14:10
piaeigat,‚Ò‚ ,w–l‚Ìƒq[ƒ[ƒAƒJƒfƒ~ƒAxwƒCƒ“ƒTƒCƒhEƒwƒbƒh2x‚ªƒƒ“ƒc[ƒtƒBƒjƒbƒVƒ…@‚Ù‚©Vì3–{‚àƒ‰ƒ“ƒNƒCƒ“y‰f‰æ“®ˆõƒ‰ƒ“ƒLƒ“ƒOz,https://news.yahoo.co.jp/articles/4aea561b971fb3c3bb491237d02ea678dba54e39,8/5(Œ) 14:01
piaeigat,‚Ò‚ ,¬ò¡“úqA¬—Ñ‘”ü‚ç‚ªo‰‰w‚¢‚«‚È‚è–{“Ç‚İIin EX THEATER ROPPONGIxŠJÃŒˆ’è,https://news.yahoo.co.jp/articles/4d8458672317cf43c3fef28c5018e122b8345245,8/5(Œ) 13:01
piaeigat,‚Ò‚ ,X“c„å‰‰wŒ€ê”Å ƒAƒiƒEƒ“ƒT[‚½‚¿‚Ìí‘ˆxƒtƒFƒCƒNƒjƒ…[ƒX‚à‚ ‚½‚è‘OBƒ‰ƒWƒI‚Ìº‚Í•ºŠí‚¾‚Á‚½ccy‚¨‚Æ‚È‚Ì‰f‰æƒKƒCƒhz,https://news.yahoo.co.jp/articles/afa478fbd64850534b4131b123d6b488a24f1187,8/5(Œ) 12:20
piaeigat,‚Ò‚ ,yƒlƒ^ƒoƒŒ‚ ‚èzback numberA‰‚Ì‘Îƒoƒ“ƒcƒA[wanti sleeps tour 2024x‰“úƒIƒtƒBƒVƒƒƒ‹ƒŒƒ|[ƒg@V‹ÈuV‚µ‚¢—öl’B‚Év‰”â˜I‚à,https://news.yahoo.co.jp/articles/50b85306f544da3cd57d2e87f9bfa5fb61d05888,8/5(Œ) 12:11
piaeigat,‚Ò‚ ,‰œ–ì‘s‚Æ–L“c—T‘å‚Ì‹C‚¿‚Ì“`‚¦•ûu‚Ç‚ê‚¾‚¯v‚¢‚ğ”š”­‚³‚¹‚ç‚ê‚é‚©v,https://news.yahoo.co.jp/articles/584df51e8a454a43304552f9d551be655fb33f20,8/5(Œ) 12:03
piaeigat,‚Ò‚ ,ŠâˆäGl‚ÌÀ‚Ì‰Æ‘°‚ğƒ‚ƒfƒ‹‚É‚µ‚½•‘‘äw‚ÄxƒLƒƒƒXƒg‚ğˆêV‚µgŠ®‘S”Åh‚Æ‚µ‚Äã‰‰,https://news.yahoo.co.jp/articles/58114b5618ebb28d917e1bc4dcde1453176a3d91,8/5(Œ) 12:00
piaeigat,‚Ò‚ ,‰Á“¡˜a÷•¬–ì‘å•ã‚ªƒRƒ‰ƒ{ƒRƒ“ƒT[ƒgwTHE Roots2024x‚ğŠJÃ@‰¹Šy‚Æ˜N“Ç‚Ågºh‚Ì–£—Í‚ğ“Í‚¯‚é,https://news.yahoo.co.jp/articles/b3cb69454bf79d0779b314f2ef6c183edad97293,8/5(Œ) 11:42
piaeigat,‚Ò‚ ,ˆÉ“¡á™ts“®Aã\ŠGtAã‘º¼‰€sáŒ‰Ôt‚È‚Ç…‚ÆŒ‚Ì‘½—l‚È•\Œ»‚ÉƒtƒH[ƒJƒX@w‰Ô’¹•—Œ|…‚ÌîŒiEŒ‚Ì•—Œixc‹O‚ÌŠÛ®‘ ŠÙ‚Å,https://news.yahoo.co.jp/articles/0b63f6ab595cd54b81bc60677b6aa9b4dc331008,8/5(Œ) 11:30
piaeigat,‚Ò‚ ,‚”¨[Šóå‰‰ƒ~ƒ…[ƒWƒJƒ‹wƒEƒFƒCƒgƒŒƒXxXèƒEƒBƒ“Aƒ\ƒjƒ“‚çVƒLƒƒƒXƒg‚ğŒ}‚¦Ä‰‰Œˆ’è,https://news.yahoo.co.jp/articles/2781ec25bd4c1c96b2f931502dd7f7051873d4b6,8/5(Œ) 11:21
piaeigat,‚Ò‚ ,–k•Äƒ{ƒbƒNƒXƒIƒtƒBƒXAwƒfƒbƒhƒv[ƒ‹•ƒEƒ‹ƒ”ƒ@ƒŠƒ“x‚ªñˆÊ‚ğƒL[ƒv,https://news.yahoo.co.jp/articles/032950b50fb66725b90847eb1edd306813dc70c8,8/5(Œ) 11:03
piaeigat,‚Ò‚ ,ˆê‹“43“_I wƒ[ƒhEƒIƒuEƒUEƒŠƒ“ƒOF—Í‚Ìw—ÖxƒV[ƒYƒ“2AƒƒCƒ“ƒrƒWƒ…ƒAƒ‹•ŠeƒLƒƒƒ‰ƒNƒ^[‚ÌV‚½‚Èê–ÊÊ^ŒöŠJ,https://news.yahoo.co.jp/articles/a98a0cb4b37e57d8e54d63807095a82d1f655b0b,8/5(Œ) 10:00
piaeigat,‚Ò‚ ,ˆé‘º—E“l‚ªŠé‰æEƒvƒƒfƒ…[ƒXw‚µ‚¸‚¨‚©‰f‰æÕxŠJÃŒˆ’è@OPì•i‚ÍŒ´“cáÁlŠÄ“Âw‚í‚ª•ê‚Ì‹Lx‚ÉŒˆ’è,https://news.yahoo.co.jp/articles/39fbafb09b941316e81fb6aedbd88eed142c670b,8/5(Œ) 8:02
piaeigat,‚Ò‚ ,OR—½‹P~‹v•Ûj—¢i”T–Øâ46jƒ_ƒuƒ‹å‰‰w’N‚æ‚è‚à‚Â‚æ‚­•ø‚«‚µ‚ß‚Äx2025”N2ŒŒöŠJŒˆ’è,https://news.yahoo.co.jp/articles/7720e385333116c8cba49823729cf119d137371f,8/5(Œ) 8:02
piaeigat,‚Ò‚ ,ƒ‹ƒTƒ“ƒ`ƒ}ƒ“Aƒƒ“ƒ}ƒ“ƒ‰ƒCƒuwONE FILM NOISEx“Œ‹ƒLƒlƒ}‹äŠy•”‚ÅŠJÃŒˆ’è,https://news.yahoo.co.jp/articles/126ce354ddd5e61501146ab8ea0ca1b36aae5617,8/4(“ú) 22:00
piaeigat,‚Ò‚ ,HŠß‚Æ‚Ív‚¦‚È‚¢ƒNƒIƒŠƒeƒB‚Ì‚¿‚¢‚©‚íuhJŠÊƒoƒbƒWƒrƒXƒPƒbƒgv‚ğƒŒƒrƒ…[,https://news.yahoo.co.jp/articles/c95293135ed1c05ebd5e033bfce2815a0cb17b05,8/4(“ú) 12:02
piaeigat,‚Ò‚ ,‚È‚ºg‚Ü‚ÙƒvƒŠh‚âƒ‚ƒtƒ‹ƒ“‚ª“oê‚µ‚½‚Ì‚©H Œ€ê”Åw‚í‚ñ‚¾‚Ó‚é‚Õ‚è‚«‚ã‚ Ix‚É‚ß‚ç‚ê‚½ƒƒbƒZ[ƒW,https://news.yahoo.co.jp/articles/6053d7cfa96115ca6835fa1d6665ac4cc48a86b1,8/4(“ú) 9:30
piaeigat,‚Ò‚ ,GRAPEVINE‚ªƒfƒrƒ…[‚ä‚©‚è‚ÌêŠ‚Å’Ç‰ÁŒö‰‰‚ğŠJÃ@“–‚Ì–Ê‰e‚ªc‚éƒnƒR‚Å2024”N‚Æ1997”N‚ªŒğö‚·‚éˆê–é‚ğ,https://news.yahoo.co.jp/articles/e3fafe1ee830cffc0dcd4d78b3e96ff1d57eb3c4,8/3(“y) 20:02
piaeigat,‚Ò‚ ,Age FactoryAƒ‰ƒCƒuƒnƒEƒXƒcƒA[‚ÌƒQƒXƒgˆê•””­•\@PaleduskAƒnƒ‹ƒJƒ~ƒ‰ƒCABANGLANGAFREE KICKAw.o.d.‚ªQí,https://news.yahoo.co.jp/articles/3ab4d7bae76b1ef0f46f4a2c5c2686c9ac79a244,8/3(“y) 18:01
piaeigat,‚Ò‚ ,SUPERšDRAGONAƒƒWƒƒ[ƒfƒrƒ…[ŒãA‰‚ÌƒcƒA[‚ğŠ®‘–IuBLUE‚Æè‚ğæ‚è‡‚Á‚Äˆê‚É‹ì‚¯ã‚ª‚Á‚Ä‚¢‚«‚½‚¢v,https://news.yahoo.co.jp/articles/85650e22c7713f671d190a11299a8d5aea3a94c2,8/3(“y) 12:03
piaeigat,‚Ò‚ ,“Œ‹ƒfƒBƒYƒj[ƒŠƒ][ƒgA2024”NƒnƒƒEƒB[ƒ“ŒÀ’èƒOƒbƒY•ƒX[ƒxƒjƒA‚ğÊ^‚Å‚²Ğ‰î,https://news.yahoo.co.jp/articles/6ffdebf01b9107d058bf552cce814594fd3e1aaa,8/3(“y) 12:01
piaeigat,‚Ò‚ ,ƒ}Eƒhƒ“ƒ\ƒN‚ª‘S•‚ÌM—Š‚ğŠñ‚¹‚éŠÄ“Â‚ªw”Æß“ssx‚ğ‚³‚ç‚É–Ê”’‚­‚·‚é@2SÊ^‚à‰ŒöŠJ,https://news.yahoo.co.jp/articles/b7b08f2f30468cd7dac5f3e4d04e4faf2230b8d4,8/3(“y) 11:03
piaeigat,‚Ò‚ ,wÔ‰Hœq‚Ìƒ{ƒfƒBƒK[ƒhxƒ‰ƒE[ƒ‹~“y‰®‘¾–P‚Ì”——Í‚ÌƒAƒNƒVƒ‡ƒ“ƒV[ƒ“•ƒIƒtƒVƒ‡ƒbƒg5“_ŒöŠJ,https://news.yahoo.co.jp/articles/60cec24ec9e08dd7a418e6f1cbed8bafbe2f191a,8/3(“y) 9:01
piaeigat,‚Ò‚ ,•‘‘äw”Ş•û‚©‚ç‚Ì‚¤‚½xŠJ–‹@‹{èHluŠF‚³‚Ü‚ª‰½‚ğŠ´‚¶‚é‚©AS‚ª‚Ç‚¤“®‚­‚Ì‚©Šy‚µ‚İv,https://news.yahoo.co.jp/articles/00ad479e1fa8290104ae8ecb372a6e94a55ec31b,8/2(‹à) 20:00
piaeigat,‚Ò‚ ,ƒnƒ“ƒuƒŒƒbƒ_[ƒYAV‹ÈuvgS‚ªk‚¦‚éuŠÔh‚ğØ‚èæ‚Á‚½MV‚ğ¡–éƒvƒŒƒ~ƒAŒöŠJ,https://news.yahoo.co.jp/articles/f7dcd619591d4480fef0cd997fa7410b6d84417b,8/2(‹à) 19:20
piaeigat,‚Ò‚ ,ƒXƒgƒŒƒCƒeƒi[‚Ìƒjƒ…[EƒAƒ‹ƒoƒ€wThe Ordinary Roadx10Œ30“ú‚É”­”„Œˆ’è@æs”zMƒVƒ“ƒOƒ‹uCOME and GOv‚à8Œ16“ú‚ÉƒŠƒŠ[ƒX,https://news.yahoo.co.jp/articles/bb87ae81b6227d7f1edb5056141408936ddd0593,8/2(‹à) 19:00
piaeigat,‚Ò‚ ,King GnuA‰‰f‘œì•i‚ÌƒXƒyƒVƒƒƒ‹BOX•ƒWƒƒƒPƒbƒgÊ^Aû˜^“à—e‚ğŒöŠJ,https://news.yahoo.co.jp/articles/23472509c2ecf219ad8858ae4bf06058887af27e,8/2(‹à) 18:20
piaeigat,‚Ò‚ ,w‚è‚ñ‚²‰¹ŠyÕ2024x‘æ10’e‚Æ‚µ‚Ä“ú–{‚Ìƒ[ƒJƒ‹ƒV[ƒ“‚ğx‚¦‚éDJ16‘g‚Ìo‰‰‚ªŒˆ’è,https://news.yahoo.co.jp/articles/fc079ceaa20a106b3f8bda56bdc35a2f81ed22f4,8/2(‹à) 18:20
piaeigat,‚Ò‚ ,Œ|•—‚ª³”½‘Î‚Ì“ñl‚ªŒğŒİ‚ÉƒgƒŠ‚ğ‚Æ‚è‡‚¤10“úŠÔw‹g—á‰Ä–é”¶ ‚³‚ñ‹ªEŒ ‘¾˜O “Á‘IWx,https://news.yahoo.co.jp/articles/891f59dbefb1f08efd74feba24395fd1cf46be49,8/2(‹à) 18:05
piaeigat,‚Ò‚ ,wPIA MUSIC COMPLEX 2024xƒuƒ‹ƒGƒ“AMakiA”T‡Aƒ}ƒ‹ƒVƒB‚Ìo‰‰‚ªŒˆ’è,https://news.yahoo.co.jp/articles/900dfd0d94bf3dcef82752b9d36b2a81a706ab31,8/2(‹à) 18:04
piaeigat,‚Ò‚ ,w“ŒRŠ@ˆÎ‚Æ“ú–{‚Ì‰ÄxRí”üpŠÙ‚ÅŠJÃ’†@“¯ŠÙŠ‘ ‚ÌŠ@ˆÎì•i‘S“_‚ªˆê“°‚É,https://news.yahoo.co.jp/articles/1fe135cd081127c343462367c646c35a3ed33854,8/2(‹à) 18:04
piaeigat,‚Ò‚ ,"Vaundy‚ªhƒV[ƒ“‚ğŒ‚‚¿”²‚­h2ƒfƒCƒYwVaundy one man live ""HEADSHOT"" at Makuhari Messex‚ğ–‹’£ƒƒbƒZ‚ÅŠ¸syƒIƒtƒBƒVƒƒƒ‹ƒŒƒ|[ƒgz",https://news.yahoo.co.jp/articles/73d7f6fdcfd3902ff54cce6b017fd9ce7b22cfcf,8/2(‹à) 18:00
piaeigat,‚Ò‚ ,ƒtƒWƒƒbƒNwWEEKEND LOVERS 2024xgwith Youh‚É‚ß‚ç‚ê‚½1ŠÔ‚Ì”Z–§‚ÈƒXƒe[ƒW‚ğƒŒƒ|[ƒguThe Birthday‚Å‚·v,https://news.yahoo.co.jp/articles/e2ebb35df5e713df64d3cdadda2f54645ce7995c,8/2(‹à) 18:00
piaeigat,‚Ò‚ ,ÄçƒRƒEA12Œ‚æ‚è‘S‘11“ss‚ğ‰ñ‚é‘S‘ƒcƒA[wACTOR'S THE BEST `‹¿‰ƒ`xŠJÃ,https://news.yahoo.co.jp/articles/df3975724f5d1605168445f8e143a2d1310cc845,8/2(‹à) 17:31
piaeigat,‚Ò‚ ,—£‚ê‚Î‚È‚ê‚Åˆç‚Á‚½‚Ó‚½‚²‚Ì•¨Œê@Œ€’cl‹Gw‚Ó‚½‚è‚Ìƒƒbƒex–ñ10”N‚Ô‚è‚Éã‰‰’†,https://news.yahoo.co.jp/articles/885f462146034894697b14936efdaa445493af93,8/2(‹à) 17:04
piaeigat,‚Ò‚ ,^‹Õ‚Â‚Î‚³AƒOƒ@ƒ“ƒX‚ç‚ªo‰‰@ŠØ‘‚Å˜b‘è‚ÌVìƒ~ƒ…[ƒWƒJƒ‹w_‚ª–l‚ğ‘n‚éx‚Ì“ú–{”ÅŒö‰‰‚ªŒˆ’è,https://news.yahoo.co.jp/articles/c86caf7bc7d092f5fc904aa9ab57d704f4e4a82b,8/2(‹à) 17:00
piaeigat,‚Ò‚ ,ƒ^ƒ‰ƒ“ƒeƒB[ƒm‚É‰e‹¿‚ğ—^‚¦‚½wƒXƒgƒŒ[ƒgEƒgƒDEƒwƒ‹FƒŠƒ^[ƒ“ƒYx“ú–{ŒöŠJŒˆ’è@ƒ|ƒXƒ^[•—\•ÒŒöŠJ,https://news.yahoo.co.jp/articles/052c47af78edfb7b7110827ea200ee47649a2c3c,8/2(‹à) 16:00
piaeigat,‚Ò‚ ,yLiLiCo‚Ì‚±‚Ì‰f‰æA–„‚à‚ç‚³‚¹‚¿‚áƒ_ƒIzƒZƒNƒnƒ‰Aƒpƒƒnƒ‰AƒWƒFƒ“ƒ_[·•Ê‚Ì—’IwƒƒCƒ„ƒ‹ƒzƒeƒ‹x,https://news.yahoo.co.jp/articles/17558e7d3eaf4c015fc283538a2042ba2e85d1ed,8/2(‹à) 14:01
piaeigat,‚Ò‚ ,wƒ}ƒbƒhƒ}ƒbƒNƒXFƒtƒ…ƒŠƒIƒTx8Œ‚ÉƒfƒWƒ^ƒ‹”ÅA9Œ‚É4K UHD•Blu-ray•DVDƒŠƒŠ[ƒX@10Œ‚É‚Íw5ƒtƒBƒ‹ƒ€ƒRƒŒƒNƒVƒ‡ƒ“x‚à,https://news.yahoo.co.jp/articles/26daa565ff22e04f12f7ef40db389339acc2b369,8/2(‹à) 13:01
piaeigat,‚Ò‚ ,‘O‘ã–¢•·‚Ìƒ_ƒ“ƒXƒtƒFƒXws**t kingz Fes 2024 ‚à‚à‚½‚ë‚¤x‚ÍŠ´“®‚ğŒÄ‚ÔA‚Ü‚Á‚½‚­V‚µ‚¢Õ“T‚¾‚Á‚½,https://news.yahoo.co.jp/articles/1340f68c6326e71d5ff9dc39b5be7a1f3d86189b,8/2(‹à) 12:07
piaeigat,‚Ò‚ ,‚­‚É‚æ‚µ‘gwƒPƒŒƒ“Eƒwƒ‰[xƒAƒtƒp‚Ì’†ˆäç¹‚ğû‚ß‚½ƒƒCƒ“ƒrƒWƒ…ƒAƒ‹ŒöŠJ,https://news.yahoo.co.jp/articles/6db0d09e0dbf77ba508c73f5280186fd30fbe38b,8/2(‹à) 12:07
piaeigat,‚Ò‚ ,‰œ•½‘åŒ“‚ª–¾‚©‚µ‚½•ó•¨u‚¨‚Î‚ ‚¿‚á‚ñ‚©‚ç‚à‚ç‚Á‚½ƒlƒbƒNƒŒƒX‚ğA‚¸‚Á‚Æ‚Â‚¯‚Ä‚Ü‚·v,https://news.yahoo.co.jp/articles/4e55df12c8d86a25f59e2b966f09857077d27a39,8/2(‹à) 12:06
piaeigat,‚Ò‚ ,¬‰ÍA‹T“c‰À–¾‚ª”M‚­Œê‚éI@V‘—§Œ€ê‚ª2024/2025ƒV[ƒYƒ“ŠJ–‹‚É•ú‚Âƒ}ƒNƒhƒi[‚ÌŒ†ìwƒsƒ[ƒ}ƒ“x,https://news.yahoo.co.jp/articles/4101da2eed1633223d93eed8116d3edccf80231a,8/2(‹à) 12:06
piaeigat,‚Ò‚ ,y˜a“cÊ‰Ô‚ÌƒA[ƒg‚³‚ñ‚Ûz’¤‰Æ‚Ì‹“_‚Åì‚ç‚ê‚½“ú–{’ë‰€‚Ì‚ ‚éZ‹Œ“EƒAƒgƒŠƒG‚Ö\\\’©‘q’¤‘YŠÙ,https://news.yahoo.co.jp/articles/bc8d13dde2c3cd973f6ef6f827ea3ca51b9ae923,8/2(‹à) 12:02
piaeigat,‚Ò‚ ,wƒCƒiƒYƒ}ƒƒbƒN ƒtƒFƒX 2024x‚—ä‚Ì‚È‚Å‚µ‚±AXYA‚±‚Á‚¿‚Ì‚¯‚ñ‚ÆA‚ME‚ç•—_ƒXƒe[ƒW‚Ìo‰‰Ò”­•\,https://news.yahoo.co.jp/articles/a4c9f3d2e62dda1b1301788e2b976c7280adb637,8/2(‹à) 12:01
piaeigat,‚Ò‚ ,ƒuƒŠƒgƒj[EƒXƒsƒA[ƒY‚Ì‰ñŒÚ˜^A‰f‰æ‰»Œˆ’è,https://news.yahoo.co.jp/articles/cc5cad3c522e8fec3c91ce83f18d1afb027e0e56,8/2(‹à) 11:32
piaeigat,‚Ò‚ ,ƒ‚ƒUƒCƒNì‰ÆE”Â’J”~÷‚Ì‰ñŒÚ“W‚ªò‰®”ŒÃŠÙ“Œ‹‚Å@FÊ–L‚©‚Èƒ‚ƒUƒCƒN‰æ‚â•ƒE”gR‚Æ‚Ìg‹£‰‰h‚à,https://news.yahoo.co.jp/articles/ed342abb88ff407aaf49ec1969645e4b6f2a9dfe,8/2(‹à) 11:30
piaeigat,‚Ò‚ ,TOHOƒVƒlƒ}ƒY‚ÆSpotify‚ªƒRƒ‰ƒ{y–¼‹È‰f‰æ‚ğA—‚Ñ‚Â‚­‚»‚¤BzŒ‰¹“Á•Êã‰f‰ï‚ğ‰ŠJÃ,https://news.yahoo.co.jp/articles/14449cfaed3621c1d04c538d83a7d2123216df4f,8/2(‹à) 10:00
piaeigat,‚Ò‚ ,ã‰fƒCƒxƒ“ƒgw‰~’J‰f‰æÕ2024xŠJÃŒˆ’è@ƒŠƒ}ƒXƒ^[”ÅƒEƒ‹ƒgƒ‰ƒ}ƒ“‚ğ‘åƒXƒNƒŠ[ƒ“‚Åã‰f,https://news.yahoo.co.jp/articles/fa53794fe7d42aabe8b718a8a05642155ac6e539,8/1(–Ø) 20:01
piaeigat,‚Ò‚ ,w•‘‘äu”E‚½‚Ü—‘¾˜Yv`‚Í‚¶‚ß‚Ü‚µ‚ÄIO”N¶A‘SˆõW‡‚Ì’i`xŠJ–‹@•‘‘äÊ^•ƒLƒƒƒXƒgƒRƒƒ“ƒg“’…,https://news.yahoo.co.jp/articles/a2dc8af05b0079d924d73336aafc98f5fbb91873,8/1(–Ø) 19:00
piaeigat,‚Ò‚ ,wREDLINExÅI‰ñ‚Ì‘æ1’eo‰‰Ò‚ªŒˆ’è@ƒNƒŠ[ƒvƒnƒCƒvASiM‚ç‚Æ‰ß‹Å‘å‹K–Í‚Å2ƒfƒCƒYŠJÃ,https://news.yahoo.co.jp/articles/fcbb13d3404dc71c2a2d271fdd06ed10d68d1a1f,8/1(–Ø) 18:50
piaeigat,‚Ò‚ ,BEGIN‚ª–~—x‚è~ƒTƒ“ƒo‚Èƒjƒ…[ƒAƒ‹ƒoƒ€wƒrƒMƒ“‚Ì–~ƒ}ƒ‹ƒVƒƒx‚ğ”­•\@ƒŠƒŠ[ƒX‹L”Oƒ‰ƒCƒu‚àŠJÃ,https://news.yahoo.co.jp/articles/233ff948a7cb38ca9a0773d67a4e2307858a2e19,8/1(–Ø) 18:50
piaeigat,‚Ò‚ ,Ol‚ª“ñÈ‚¸‚Â‚½‚Á‚Õ‚èŒû‰‰w˜I‚ÌV¡E–ö‰Æ‹ª‘¾˜YEO—V’àŒ“D Ol‰ï`‚æ‚±‚Í‚Ü—Œê‰ï`x,https://news.yahoo.co.jp/articles/12e553dcb840bb721d7114b626164dc9b1b37273,8/1(–Ø) 18:04
piaeigat,‚Ò‚ ,“ŒL“‡‚ğ‘ã•\‚·‚éƒCƒxƒ“ƒguğ‚Ü‚Â‚èv‚ª¡”N‚àŠJÃ,https://news.yahoo.co.jp/articles/bc25b34a0a56a3b3c05cb4cb8fe4dd5f102ba265,8/1(–Ø) 18:02
piaeigat,‚Ò‚ ,GLAYA20–œlƒ‰ƒCƒu‚ÌƒŠƒoƒCƒoƒ‹Œö‰‰‚ğ‰f‘œì•i‰»@JAYiENHYPENj‚Æ‚ÌƒRƒ‰ƒ{ƒpƒtƒH[ƒ}ƒ“ƒX‚àû˜^,https://news.yahoo.co.jp/articles/4e1e9237111fb871f96e67d58939a635bcec9aea,8/1(–Ø) 18:01
piaeigat,‚Ò‚ ,ƒ~ƒ…[ƒWƒJƒ‹wƒrƒŠ[EƒGƒŠƒIƒbƒg`ƒŠƒgƒ‹Eƒ_ƒ“ƒT[`xA‚Â‚¢‚É8Œ2“ú‚©‚ç–{Œö‰‰‚ªƒXƒ^[ƒgI,https://news.yahoo.co.jp/articles/4f57b2f58e20f800fa19e48278993aca233145d9,8/1(–Ø) 18:00
piaeigat,‚Ò‚ ,wŒöŠJƒPƒCƒRI`‰‰oF¼èj–ç•Ò`xã‰‰Œˆ’è@’è–{•–”nA‚‹´Œ’‰îAYUKI‚ç‚ªo‰‰,https://news.yahoo.co.jp/articles/f64942a66248a171fa4e23dcf2688c7b5321128a,8/1(–Ø) 17:20
piaeigat,‚Ò‚ ,BUCK-TICKA‰ß‹ƒ‰ƒCƒu‰f‘œ‚ğ3–é˜A‘±‚Å”zM‚·‚éu3DAYS SUMMER NIGHT LIVE STREAMINGvŠJÃŒˆ’è,https://news.yahoo.co.jp/articles/32ccfcbed4d3227796a551d15cf431b7711be949,8/1(–Ø) 17:02
piaeigat,‚Ò‚ ,•Ÿ“‡Å‘å‹‰‚Ì‰¹ŠyƒtƒFƒXwLIVE AZUMA 2024xÎ–ì‘ì‹…AƒŠ[ƒKƒ‹ƒŠƒŠ[A—é–Ø^ŠCq‚ço‰‰ƒA[ƒeƒBƒXƒg‘æ6’e•ƒXƒe[ƒWŠ„”­•\,https://news.yahoo.co.jp/articles/355ebea66016e3bccd48cf4df9af87be7e249ea2,8/1(–Ø) 15:50
piaeigat,‚Ò‚ ,–î“‡•‘”ü‚ªå‰‰‚Ìƒ^ƒNƒtƒFƒX‘æ12’ew—[ -‚ä‚¤-xLeadŒÃ‰®Œh‘½A¼–{K‘åA’†‘ºÃ‚ç‘SƒLƒƒƒXƒg”­•\,https://news.yahoo.co.jp/articles/55a463bf9c74f28c4a52ab6a1d98036e2afcc1be,8/1(–Ø) 15:50
piaeigat,‚Ò‚ ,ut‚ÍÊ^‰ÆE‰f‰æŠÄ“Â‚ÌåìÀ‰Ô@uNHKƒAƒJƒfƒ~ƒAvƒIƒ“ƒ‰ƒCƒ“ŒöŠJû˜^Q‰ÁÒ‚ğ•åW’†,https://news.yahoo.co.jp/articles/f6a834c61d2c91f3cd6010c2a8692c90a603237e,8/1(–Ø) 15:00
piaeigat,‚Ò‚ ,NetflixƒVƒŠ[ƒYwƒCƒJƒQ[ƒ€xƒV[ƒYƒ“2A12Œ26“ú”zMŒˆ’è@ÅIÍƒV[ƒYƒ“3‚ª25”N‚É”zM‚³‚ê‚é‚±‚Æ‚à”­•\,https://news.yahoo.co.jp/articles/6fd430aa4c90e6968db409819019bb49e01bf32c,8/1(–Ø) 14:30
piaeigat,‚Ò‚ ,Š`‹ò‚¤‹q‚ÌVl7–¼‚ªo‰‰‚·‚éw‚Ç‚ñ‚¼‚±xŠJ–‹u‚Ç‚ñ’ê‚Ì‰œ’ê‚©‚ç–l‚ç‚ÌµFƒŒƒCƒ“ƒ{[A‹P‚©‚¹‚Ü‚·Iv,https://news.yahoo.co.jp/articles/f53aca76dba97b20856c3605b7318e2d6bd9c1bc,8/1(–Ø) 14:10
piaeigat,‚Ò‚ ,‰f‰æw’j‚Í‚Â‚ç‚¢‚æx55ü”N‹L”O@‘S50ì‚ÌŠe˜b100‰~ƒŒƒ“ƒ^ƒ‹”zM‚ªŠúŠÔŒÀ’è‚ÅƒXƒ^[ƒgy50ì‰æ‘œ•t‚«z,https://news.yahoo.co.jp/articles/b4fe3b936d9fdc441c3b1fe11739754a7bcb4cda,8/1(–Ø) 12:30
piaeigat,‚Ò‚ ,ƒ\ƒ“EƒWƒ…ƒ“ƒMu‚Ğ‚Æ”Ó’†ƒ`ƒQ‚ğH‚×‘±‚¯‚½vBw‚±‚Ì‚ë‚­‚Å‚à‚È‚¢¢ŠE‚Åx•¨Œê‚ÌƒJƒM‚Æ‚È‚é–{•Ò‰f‘œŒöŠJ,https://news.yahoo.co.jp/articles/3948b723f50034e4073fd7d2d0b2320b89758f01,8/1(–Ø) 12:12
piaeigat,‚Ò‚ ,THE RAMPAGE“¡Œ´÷‚ª”Lˆ¤‚ğày—ôIuƒ}[ƒX‚ÌŠç‚Í”LŠE1ˆÊ‚¾‚Æv‚¢‚Ü‚·Iv,https://news.yahoo.co.jp/articles/9d05ef3a616c95c9b63d68ff6093834b0311e99c,8/1(–Ø) 12:04
piaeigat,‚Ò‚ ,ƒfƒBƒYƒj[ƒvƒ‰ƒXwµ—[‚Ì‘x‚ÍAålŒö‚ğæ‚èŠª‚­ŒÂ«“I‚ÈƒLƒƒƒ‰‚É‚à’–Ú,https://news.yahoo.co.jp/articles/be238570c03b610c326e48a9a44419b919554d74,8/1(–Ø) 12:04
piaeigat,‚Ò‚ ,ExWHYZA‘S‘ƒcƒA[wFutura FreexŠ®‘–@’Ç‰ÁŒö‰‰‚ÅShin SakiuraA–x³‹P‚ÌQ‰Á‚ğ”­•\,https://news.yahoo.co.jp/articles/8b32d54d2729e775f7e9e18f0359849ce33ac1b2,8/1(–Ø) 12:03
piaeigat,‚Ò‚ ,syrup16gAperidotsAtacica‚Ì3ƒoƒ“ƒh‚É‚æ‚éƒhƒ‰ƒ}[’†”¨‘å÷50Î‚Ì‰ƒ‚ğƒŒƒ|[ƒg,https://news.yahoo.co.jp/articles/b52548aa657078f7efd8ea92bd7e23b9b41f307e,8/1(–Ø) 12:01
piaeigat,‚Ò‚ ,Mrs. GREEN APPLE‚ªƒXƒ^ƒWƒAƒ€ƒcƒA[‚ğŠ®‘–B–ñ15–œlA1l1l‚É“Í‚¯‚½ˆ¤‚ÆŠ´Ó,https://news.yahoo.co.jp/articles/825b8241cc89ba2987e39608bb2ffce69011b958,8/1(–Ø) 12:00
piaeigat,‚Ò‚ ,ƒA[ƒgƒ`[ƒ€SIDE CORE‚Ì‘å‹K–ÍŒÂ“W‚ªƒƒ^ƒŠƒEƒ€”üpŠÙ‚Å@u‹“_Es“®EƒXƒg[ƒŠ[ƒeƒŠƒ“ƒOv3‚Â‚Ìƒe[ƒ}‚Åì•iŒQ‚ğ•R‰ğ‚­,https://news.yahoo.co.jp/articles/7817cfe29ab1efdcf2e6392a020333100f32f367,8/1(–Ø) 11:32
piaeigat,‚Ò‚ ,Rí•Œ«lå‰‰wƒS[ƒ‹ƒfƒ“ƒJƒ€ƒC –kŠC“¹hÂúl‘ˆ’D•Òx‹à‰ò‘ˆ’Dí‚Ì–‹ŠJ‚¯‚ğ‚°‚éƒ|ƒXƒ^[ŒöŠJ,https://news.yahoo.co.jp/articles/9fce1bc8591e4dba6cbec8bb8e319c673720d1ca,8/1(–Ø) 11:02
piaeigat,‚Ò‚ ,ƒPƒrƒ“EƒRƒXƒi[‚ÌwHorizonx‘æ2ÍAƒ”ƒFƒlƒcƒBƒA‰f‰æÕ‚Åã‰f,https://news.yahoo.co.jp/articles/8e64fd53f81c27a2a3b615fcad030111052b9aad,8/1(–Ø) 11:00
piaeigat,‚Ò‚ ,Œ³•ó’ËŒ‘gƒgƒbƒvƒXƒ^[EŒé‚©‚È‚ÆA‘Ş’cŒã‰‚ÌƒRƒ“ƒT[ƒgŠJÃŒˆ’è,https://news.yahoo.co.jp/articles/d08fdf94d2c05dab77aef6bcd4afb1acde591ba2,8/1(–Ø) 10:02
piaeigat,‚Ò‚ ,wNo ActivityxƒV[ƒYƒ“2A‹‰ØƒLƒƒƒXƒg‚ª‘µ‚Á‚½ƒrƒWƒ…ƒAƒ‹•ƒ†ƒ‹‚³‘SŠJ‚Ì–{—\ŒöŠJ,https://news.yahoo.co.jp/articles/bda4f283c248d2d001cc76bbc8069dad731030f6,8/1(–Ø) 10:00
piaeigat,‚Ò‚ ,wƒGƒCƒŠƒAƒ“Fƒƒ€ƒ‹ƒXxˆÙí‚È‘¬‚³‚Å¬’·‚·‚éƒGƒCƒŠƒAƒ“‚Éâ–]‚·‚é“ú–{ƒIƒŠƒWƒiƒ‹—\ŒöŠJ,https://news.yahoo.co.jp/articles/a5a185e88538611dfaf7dcbfcc605ed4c2af35a6,8/1(–Ø) 6:03
piaeigat,‚Ò‚ ,“n•ÓãÄ‘¾iSnow ManjAƒ`ƒƒƒ“ƒv–ğ‚ÍuT‘¾˜Y‚µ‚©o‚Ä‚±‚È‚©‚Á‚½vŒ»E’é‘Œ€ê‚ÅÅŒã‚ÌwDREAM BOYSxn“®I,https://news.yahoo.co.jp/articles/aa6a329e865f42e5aaa0fc8fbb106aafaab2c044,8/1(–Ø) 4:00
piaeigat,‚Ò‚ ,ƒ„ƒ“ƒOƒXƒLƒj[A–ñ1”N”¼‚Ì¶‚«—l‚ğ‹L˜^‚µ‚½ƒjƒ…[EƒAƒ‹ƒoƒ€wBOY & GIRLSx”­”„Œˆ’è,https://news.yahoo.co.jp/articles/8ae14d22767635b6e120b29fae90af846fe54df4,7/31(…) 20:00
piaeigat,‚Ò‚ ,¡HA6”N‚Ô‚è‚Ì“ú–{Œö‰‰‚Åƒhƒ‰ƒ}ƒeƒBƒbƒNƒoƒŒƒG‚ÌŒ†ìw’Ö•PxwƒIƒl[ƒMƒ“x‚ğã‰‰@ƒVƒ…ƒcƒbƒgƒKƒ‹ƒgEƒoƒŒƒG’c‹LÒ‰ïŒ©,https://news.yahoo.co.jp/articles/85e86170d54c9ab681485830ad057501a5706a96,7/31(…) 19:20
piaeigat,‚Ò‚ ,wƒtƒWƒƒbƒN'24x‚Éo‰‰‚µ˜b‘è‚ÌHOMEA‘åã•“Œ‹‚Åƒƒ“ƒ}ƒ“ƒ‰ƒCƒu‚ğŠJÃ,https://news.yahoo.co.jp/articles/4f4c9779be2b946ea79d58f2b66a1456516fbb82,7/31(…) 19:11
piaeigat,‚Ò‚ ,ƒ~ƒ…[ƒWƒJƒ‹wƒ‰ƒuEƒlƒo[Eƒ_ƒCxƒvƒŠƒ“ƒVƒpƒ‹ƒLƒƒƒXƒg‚Ì•¯‘•ƒrƒWƒ…ƒAƒ‹ŒöŠJ,https://news.yahoo.co.jp/articles/928947eb9412c3effe2ea1646da50099cce4d353,7/31(…) 18:20
piaeigat,‚Ò‚ ,”M—Ê‚Ì‚‚¢–ö’àMŠy‚ÆƒN[ƒ‹‚ÈƒiƒcƒmƒJƒ‚‚ÌƒPƒ~ƒXƒgƒŠ[‚ÉŠú‘Òw‚à‚Á‚ÆI Vƒjƒbƒ|ƒ“‚Ì˜bŒ|ƒXƒsƒ“ƒIƒt vol.4x,https://news.yahoo.co.jp/articles/c80c34869044aea6c812e8124b67c2ace534f490,7/31(…) 18:05
piaeigat,‚Ò‚ ,‚­‚é‚èåÃw‹“s‰¹Šy”——‰ïx‘æˆê’eo‰‰Ò‚ğ”­•\@—r•¶ŠwAKIRINJIA‹ÊˆäDi‚à‚àƒNƒjAmilet‚ç‚ªH‚Ì‹“s‚ÉWŒ‹,https://news.yahoo.co.jp/articles/f3cf71fdbe30c4cc3dc9a753013880cd60b72de4,7/31(…) 18:03
piaeigat,‚Ò‚ ,ƒWƒƒƒ“=ƒ~ƒbƒVƒFƒ‹EƒtƒHƒƒ“‚Ì‘å‰ñŒÚ“W‚ğƒŒƒ|[ƒg@î‚ ‚Ó‚ê‚éì•i‚É‚ß‚ç‚ê‚½Ğ‰ï‚Ö‚ÌÃ‚©‚ÈR‹c,https://news.yahoo.co.jp/articles/80d5b41849f571813c93b92902e2d16c5042ffea,7/31(…) 18:02
piaeigat,‚Ò‚ ,u‚Ò‚ —Œê‚´‚ñ‚Ü‚¢vã”¼Šú‹’®‰ñ”ƒ‰ƒ“ƒLƒ“ƒO”­•\,https://news.yahoo.co.jp/articles/5be2844581db9bd9be1da23f0ec1dfdaf697458a,7/31(…) 18:02
piaeigat,‚Ò‚ ,THE TIMERSAŒ¶‚Ì”­Œ@‰¹Œ¹‚àû‚ß‚½w35ü”Nj‰ê‹L”O•ixLP3–‡‘g•CD3–‡‘g‚Å”­”„Œˆ’è,https://news.yahoo.co.jp/articles/4f6c246227090db4d8f4bd8b55e0c483fe0549d0,7/31(…) 18:00
piaeigat,‚Ò‚ ,²“¡—¬iA‚‹´“TA‰Ôã`‚Ü‚èo‰‰•‘‘äw‰“V‚Ì–åx’†‘ºä¯‹ÊA–{“c—ç¶‚ç‹¤‰‰Ò•‘æ1’eƒrƒWƒ…ƒAƒ‹‰ğ‹Ö,https://news.yahoo.co.jp/articles/da691ee917c988e4dd41347d2f2ad32d5201754b,7/31(…) 17:00
piaeigat,‚Ò‚ ,w‰A—zt0xæs”zM‚ğ‹L”O‚µ‚ÄBlu-ray&DVDƒvƒŒƒ~ƒAƒ€EƒGƒfƒBƒVƒ‡ƒ“‚Ì“Á“T“à—e‚ğˆê•”ŒöŠJ,https://news.yahoo.co.jp/articles/747de233ae8162a52a9b931648d218beb528ff97,7/31(…) 14:30
piaeigat,‚Ò‚ ,wŒ€ê”ÅACMAFGAMEx‹àqƒmƒuƒAƒL•u“c–¢—ˆ‚ªŒZ–…–ğ‚Åo‰‰@‘sâƒoƒgƒ‹‚ğû‚ß‚½ÅV—\ŒöŠJ,https://news.yahoo.co.jp/articles/e91c653ad3207d09dba9c99750ea2140e3fa7d0d,7/31(…) 12:30
piaeigat,‚Ò‚ ,wƒtƒH[ƒ‹ƒKƒCxƒWƒF[ƒ€ƒYEƒ{ƒ“ƒh‚ÌƒMƒlƒX‹L˜^‚ğ“h‚è‘Ö‚¦‚éuŠÔ‚ğû‚ß‚½“Á•Ê‰f‘œŒöŠJ,https://news.yahoo.co.jp/articles/153856b5692ac3ebdc3bbb55dec9a55ce3f9a35e,7/31(…) 12:05
piaeigat,‚Ò‚ ,å‰‰Eâ–{¹s@ƒ~ƒ…[ƒWƒJƒ‹wOemxƒƒCƒ“ƒrƒWƒ…ƒAƒ‹ŒöŠJ,https://news.yahoo.co.jp/articles/f691c57385aae956ddc4779b6758f48cc3c6a04c,7/31(…) 12:02
piaeigat,‚Ò‚ ,THE BACK HORNud–‚Él¶‚ğN‚³‚ê‚½‘S˜J“­Ò‚É•ù‚®°‚Ì‹©‚Ñv‚ğ‘èŞ‚É‚µ‚½ƒRƒ“ƒZƒvƒg‹ÈE‘æ2’e‚ğ”zMAP—áƒCƒxƒ“ƒg‚ÌŠJÃ‚àŒˆ’è,https://news.yahoo.co.jp/articles/c5dadd796acd656206a8565c7d19627b6e3efa7c,7/31(…) 12:01
piaeigat,‚Ò‚ ,ƒƒ“EƒC[ƒ{[å‰‰w”M—óx–{ì‚É‚ß‚½v‚¢‚ğŒê‚éŠÄ“Â‚ÌƒRƒƒ“ƒg“’…@V‚½‚Èê–ÊÊ^•ƒƒCƒLƒ“ƒOƒJƒbƒg‚àŒöŠJ,https://news.yahoo.co.jp/articles/377890e81dc4774a2c9e8691abdd527a88c3cce4,7/31(…) 12:01
piaeigat,‚Ò‚ ,–¾“úŠC‚è‚¨å‰‰ƒ~ƒ…[ƒWƒJƒ‹w9 to 5x‚Ì’Ç‰ÁŒö‰‰‚ªŒˆ’è,https://news.yahoo.co.jp/articles/20e44c9d18367637bc4da8a511e94753f79242e7,7/31(…) 12:01
piaeigat,‚Ò‚ ,ã™•A•½‚ÌK‚¹‚ğ•Û‚Âƒ}ƒCƒ‹[ƒ‹u©•ª‚É‚Æ‚Á‚Ä‚Ìg“Á•Êh‚ğ’T‚·v,https://news.yahoo.co.jp/articles/13a95d688b7e6516d03b3cb604a2ac7bd34e60a1,7/31(…) 12:01
piaeigat,‚Ò‚ ,Ê^‰ÆE\•¶š”üM‚ÌŒÂ“W‚ª‘¶“°ƒMƒƒƒ‰ƒŠ[‚Å@‘åæ›‹q“a‚ğB‚è‰º‚ë‚µ‚½Ê^‚ğ‘åŒ^ƒCƒ“ƒXƒ^ƒŒ[ƒVƒ‡ƒ“‚Å“WŠJ,https://news.yahoo.co.jp/articles/9fb81e234096667994c4c4d29e6e5b87ac68a751,7/31(…) 11:30
piaeigat,‚Ò‚ ,‹r–{‰‰o‰ÆEã“c‹v”üqA“®‰æ”zMƒvƒ‰ƒbƒgƒtƒH[ƒ€uƒVƒ‰ƒXv‚Åƒ`ƒƒƒ“ƒlƒ‹‰ğà@ƒQƒ“ƒƒ“ƒJƒtƒF‚Åƒg[ƒNƒCƒxƒ“ƒg‚àŠJÃ,https://news.yahoo.co.jp/articles/4b1166f5d1b3e9923bc002ccfd087e7d1f55dbab,7/31(…) 10:40
piaeigat,‚Ò‚ ,ƒWƒ~[EƒLƒ“ƒƒ‹AƒIƒXƒJ[öÜ®‚Ìi‰ï‚ğ«‘Ş,https://news.yahoo.co.jp/articles/39b7320c956bda3b35d228d6f643414e608fff9c,7/31(…) 10:30
piaeigat,‚Ò‚ ,ˆÉ“¡ —–A‘S‘9“ss‚ğ„‚éƒz[ƒ‹ƒcƒA[ŠJÃIV‹Èu•—‚É‚Ì‚Á‚Ä`Over the Moonv‚É‚Â‚¢‚ÄAƒŠƒAƒŒƒ“ƒW‚µ‚Ä”â˜I‚·‚éƒLƒƒƒ“ƒfƒB[ƒYEƒiƒ“ƒo[‚È‚ÇAƒRƒ“ƒT[ƒg‚ÌŒ©‚Ç‚±‚ë‚ğŒê‚é,https://news.yahoo.co.jp/articles/b424a43080d0d685b121c3ec7ce06bbfd4ba4bf0,7/31(…) 10:00
piaeigat,‚Ò‚ ,‰f‰æw‚Í‚½‚ç‚­×–ExR–{kjA’‡—¢ˆËÑ‚ç‘æ3’eƒLƒƒƒXƒg”­•\,https://news.yahoo.co.jp/articles/43c3a346125f6ff4e313c92c9647535903d7ca3e,7/31(…) 7:06
piaeigat,‚Ò‚ ,¼‰ª¹Gu‚â‚Í‚è‘å•Ïv@“ï–ğ‘±“Š‚Ìw˜A‘±ƒhƒ‰ƒ}W –§‚Í‚¤‚½‚¤2 Œx‹’¡ŠÄ@ƒtƒ@ƒCƒ‹xŠ®¬”â˜IÊ‰ï,https://news.yahoo.co.jp/articles/ae92c91b84e90337af13c2de622f265e1b72c4bc,7/30(‰Î) 22:00
piaeigat,‚Ò‚ ,7/31(…)E‰Y˜aí•8/3(“y)E‰¡•lFMí‚ÖAƒjƒ…[ƒJƒbƒXƒ‹EƒnƒEŠÄ“Âu‚±‚ÌŒoŒ±‚ªƒV[ƒYƒ“‚É¶‚«‚Ä‚­‚év,https://news.yahoo.co.jp/articles/55f4d023a8415a8f2973db89f0c00976f242300c,7/30(‰Î) 19:00
piaeigat,‚Ò‚ ,º‚æ‚µAß‚æ‚µAšV™è‚æ‚µ‚Ìn—û‚ÌŒ|‚ğŠ¬”\‚µ‚½‚¢wŠ´ÓIlŠÔ‘•ó‹RK}á“Æ‰‰‰ïx,https://news.yahoo.co.jp/articles/752fd8e56df2d7b0ba94c5ec0c9821b0fdb98ea7,7/30(‰Î) 18:03
piaeigat,‚Ò‚ ,w_Œì›\‹óŠC‚Æ^Œ¾–§‹³‚Ì‚Í‚¶‚Ü‚èxƒŒƒ|[ƒg@1200”N‚Ì‚ğ’´‚¦‚²–{‘¸s–òt”@—ˆ—§‘œt‚ª›ŠO‰ŒöŠJ,https://news.yahoo.co.jp/articles/3dc83e2a855887eeb1398e36dd8ba008488804f4,7/30(‰Î) 18:01
piaeigat,‚Ò‚ ,ÀÊ”Åwy„‚µ‚Ìqzx¬“c—½‚ªƒSƒ[–ğ‚Åo‰‰@—lX‚È•\î‚ğŒ©‚¹‚éƒLƒƒƒ‰ƒNƒ^[PVŒöŠJ,https://news.yahoo.co.jp/articles/6b20f97f0c2f87d7a4d27ab31f544a3cda57944f,7/30(‰Î) 18:01
piaeigat,‚Ò‚ ,BABYMETALAMOMOMETAL‚ÆMOAMETAL‚Ì¹’aƒ‰ƒCƒu‰f‘œì•i‚ğiTunesƒRƒ“ƒT[ƒgƒtƒBƒ‹ƒ€‚Å”zM,https://news.yahoo.co.jp/articles/ac693a0f6bb9102a5a89bfd9069aef33fb0be750,7/30(‰Î) 18:00
piaeigat,‚Ò‚ ,PERSONZAŒ‹¬40ü”Nƒ‰ƒCƒuƒcƒA[ƒtƒ@ƒCƒiƒ‹Š®‘–@ƒIƒtƒBƒVƒƒƒ‹ƒŒƒ|[ƒg“’…,https://news.yahoo.co.jp/articles/b86543b83230b34cbef61f10a13ce49c234ee766,7/30(‰Î) 16:40
piaeigat,‚Ò‚ ,ƒxƒŠ[ƒOƒbƒhƒ}ƒ“A–²‚Ìbq‰€ƒ‰ƒCƒu‚Ì‘±‚«‚ğ•à‚¢‚Ä‚¢‚é‚æ‚¤‚ÈƒxƒXƒgƒcƒA[Š®‘–IyƒIƒtƒBƒVƒƒƒ‹ƒŒƒ|[ƒgz,https://news.yahoo.co.jp/articles/dcb0526bdd6421bed140303e3c9de069621a5abd,7/30(‰Î) 16:31
piaeigat,‚Ò‚ ,ƒ~ƒ…[ƒWƒJƒ‹w‚±‚Ì¢ŠE‚Ì•Ğ‹÷‚ÉxL“‡EŒà‚Å‘åçˆªŠy@©‰Ä”üA‘åŒ´ŸNq‚çƒJ[ƒeƒ“ƒR[ƒ‹Ê^•ƒRƒƒ“ƒg“’…,https://news.yahoo.co.jp/articles/aca851615f9b51021ef5f718e116fc8b0784d796,7/30(‰Î) 16:16
piaeigat,‚Ò‚ ,’r¼‘s—ºå‰‰w–{SxÈ•v–Ø‘AO‹gÊ‰Ô‚ç”o—Dw‘o‚Ì–{—\•Vê–ÊÊ^4“_ŒöŠJ,https://news.yahoo.co.jp/articles/7745a773355010dabe6d8ed188b1401ecbef509a,7/30(‰Î) 15:40
piaeigat,‚Ò‚ ,wƒxƒCƒr[‚í‚é‚«‚ã[‚ê ƒiƒCƒXƒfƒCƒYx‚Ó‚½‚è‚ÌgÅŠúh‚ğ—\Š´‚³‚¹‚é—\•ÒŒöŠJ@V‚½‚Èê–ÊÊ^8“_‚à,https://news.yahoo.co.jp/articles/546ae294f476d275bcfe4b3cc8a92c91da51cb09,7/30(‰Î) 15:40
piaeigat,‚Ò‚ ,THE CONVOY SHOW vol.43wONE DAY`Last Run! Run!! Run!!!`xƒIƒtƒBƒVƒƒƒ‹ƒŒƒ|[ƒg“’…,https://news.yahoo.co.jp/articles/3371abd153efe22031f219d114be7c8ffd31019c,7/30(‰Î) 15:30
piaeigat,‚Ò‚ ,My Hair is Bad‚ªƒGƒ‹ƒŒAƒNƒŠ[ƒvAƒeƒi[AƒiƒbƒVƒ“ƒOƒXA‹âˆÇ‚Æ‚ÌZepp‘Îƒoƒ“‚ğ”­•\,https://news.yahoo.co.jp/articles/a8772ee8ac8bf1e672371cac5e9408e20a85f609,7/30(‰Î) 12:30
piaeigat,‚Ò‚ ,wŒ€ê”ÅƒhƒNƒ^[Xxõ’J«‘¾‚Ìo‰‰‚ªŒˆ’è@ˆêl“ñ–ğ•èpƒV[ƒ“‚É‰’§í,https://news.yahoo.co.jp/articles/14e9e64a9ec98f53f689817c626593be6badf013,7/30(‰Î) 12:20
piaeigat,‚Ò‚ ,w‚è‚ñ‚²‰¹ŠyÕ2024xŒ´“c’ƒ”Ñ–A‰ª‘ò‚¶‚ã‚ñ‚ço‰‰ƒA[ƒeƒBƒXƒg‘æ9’e”­•\@ˆê•”o‰‰“ú‚àŒˆ’è,https://news.yahoo.co.jp/articles/829b3160701e1d7197fdf5a7044cb6858276de17,7/30(‰Î) 12:07
piaeigat,‚Ò‚ ,ŠÏ‹q‚Ğ‚Æ‚èˆêl‚ª©—R‚É‘z‘œ‚Å‚«‚éŠÔ‚ğ„Ÿ„Ÿ ç”Ü‚İ‚ä~¼‰ªL‘å‚ª‰¹ŠyŒ€w‹ó’†ƒuƒ‰ƒ“ƒR‚Ì‚è‚ÌƒLƒLx‚Å–Úw‚·‚à‚Ì,https://news.yahoo.co.jp/articles/8ab20d7a75156de7ed33db7c24841992cef3fd35,7/30(‰Î) 12:07
piaeigat,‚Ò‚ ,ŠJ”­D–¾‚Ì‘å‹K–ÍŒÂ“W‚ª“Œ‹“sŒ»‘ã”üpŠÙ‚ÅŠJÃ@Ğ‰ï‚Ì¬‚³‚Èº‚ÉŠñ‚è“Y‚¢ƒRƒ~ƒ…ƒjƒP[ƒVƒ‡ƒ“‚ğ¶‚İo‚·ì‰Æ‚Ì30”N‚É‚í‚½‚éŠˆ“®‚ğ“WŠÏ,https://news.yahoo.co.jp/articles/a83d9e0fa92c21f73ca53eb831c90900e789d544,7/30(‰Î) 11:33
piaeigat,‚Ò‚ ,ZAZEN BOYSAwTHE MATSURI SESSIONx‚©‚çuƒ`ƒƒƒCƒRƒtƒXƒL[‚Å‚æ‚ë‚µ‚­v‚Ìƒ‰ƒCƒu‰f‘œŒöŠJ,https://news.yahoo.co.jp/articles/9b7edc14d089104949249d7953b94590fe6aa4b0,7/30(‰Î) 11:02
piaeigat,‚Ò‚ ,wƒAƒCEƒAƒ€EƒŒƒWƒFƒ“ƒh2x‚ÌŠÄ“Â‚ÉƒXƒeƒB[ƒuƒ“EƒPƒCƒvƒ‹EJr.H,https://news.yahoo.co.jp/articles/b9224d6bc15ec9993eb13b05a10bad5b791ec590,7/30(‰Î) 10:40
piaeigat,‚Ò‚ ,ƒ‰ƒE[ƒ‹å‰‰wÔ‰Hœq‚Ìƒ{ƒfƒBƒK[ƒhxo‰‰Ò‚ª—lX‚Èƒ~ƒbƒVƒ‡ƒ“‚É’§‚ñ‚¾Š®¬”â˜IÊ‰ï‚ÌƒrƒnƒCƒ“ƒh‰f‘œŒöŠJ,https://news.yahoo.co.jp/articles/7d76cd9c3c4bd522a63e47a4b65abebd25689744,7/30(‰Î) 8:02
piaeigat,‚Ò‚ ,ƒtƒŒƒ“ƒYA‘Îƒoƒ“ƒcƒA[wFRIEND REQUEST TOUR2024-Road to 10th anniversary-x“Œ‹E‘åã‚Ì2ƒJŠ‚ÅŠJÃ,https://news.yahoo.co.jp/articles/0cb62bc3d70bd0b622d7f9fdc438a77b72bed7e7,7/29(Œ) 21:02
piaeigat,‚Ò‚ ,wSWEET LOVE SHOWER 2024xƒ^ƒCƒ€ƒe[ƒuƒ‹”­•\@ƒ„ƒoT‚Ì’Ç‰Áo‰‰•ŠJÃ’¼‘O¶”zM”Ô‘g‚àŒˆ’è,https://news.yahoo.co.jp/articles/619197229aaaabcfba57460d2d07b766e7927263,7/29(Œ) 18:51
piaeigat,‚Ò‚ ,“n•Ó‘å’m‚ªå‰‰‚ğ–±‚ß‚éPFFƒXƒJƒ‰ƒVƒbƒvÅVìw“¹s‚«x‚Ì‚¨”â˜I–Úã‰f‚ªŒˆ’è,https://news.yahoo.co.jp/articles/682157976ad698f1e96c4e6d92eb76c27f985f9e,7/29(Œ) 18:50
piaeigat,‚Ò‚ ,‹´–{‚³‚Æ‚µAÎˆäˆêFA‘ºˆäš •v‚ço‰‰wThe Gentlemenfsx10ŒŠJÃ@ƒQƒXƒg‚Í¬–ì“c—´”V‰î,https://news.yahoo.co.jp/articles/c66a280fc92b3bdb50998fc4e835606bc5a294d2,7/29(Œ) 18:11
piaeigat,‚Ò‚ ,ˆ»–ì„~–Lì‰xiƒ_ƒuƒ‹å‰‰w’n–Êt‚½‚¿xŒ´ìÒEV¯k‚ÌƒCƒ“ƒ^ƒrƒ…[‚ª“’…,https://news.yahoo.co.jp/articles/41a1b0744b70c55fd976aad913b62725300c48b0,7/29(Œ) 16:50
piaeigat,‚Ò‚ ,w‰ö“ƒOƒ‹[‚Ìƒ~ƒjƒIƒ“’´•Ïgx‚ª1ˆÊ‚ğ’Dæ@Vì‚Íwƒfƒbƒhƒv[ƒ‹•ƒEƒ‹ƒ”ƒ@ƒŠƒ“x‚Ù‚©5ì•i‚ªƒ‰ƒ“ƒNƒCƒ“y‰f‰æ“®ˆõƒ‰ƒ“ƒLƒ“ƒOz,https://news.yahoo.co.jp/articles/5c461891726f81b03bdf99fe1198f44f1c159e86,7/29(Œ) 15:30
piaeigat,‚Ò‚ ,w”üH‰Æƒ_ƒŠ‚ÌƒŒƒXƒgƒ‰ƒ“xƒ_ƒŠD‚«ƒI[ƒi[‚Ìg„‚µŠˆh‚ªÅ‚‚É–Ê”’‚¢‰f‰æIy‚¨‚Æ‚È‚Ì‰f‰æƒKƒCƒhz,https://news.yahoo.co.jp/articles/65c69749604dd16da029eeb61d93b3169862a0af,7/29(Œ) 13:27
piaeigat,‚Ò‚ ,Šİ’JAƒfƒrƒ…[40ü”NƒcƒA[Š®‹@wHERE WE AREx‚ğƒtƒ‹ƒJƒo[@P—áŠé‰æ2ƒfƒCƒYŠJÃ‚ğ”­•\yƒIƒtƒBƒVƒƒƒ‹ƒŒƒ|[ƒgz,https://news.yahoo.co.jp/articles/52ad0cf2438d50d1a8c0b65e9bbff62a47cc901e,7/29(Œ) 13:20
piaeigat,‚Ò‚ ,n.SSignA“ú–{2ndƒVƒ“ƒOƒ‹uEVERBLUEv10ŒƒŠƒŠ[ƒXŒˆ’è,https://news.yahoo.co.jp/articles/493b580d080d126fcdd23824c5c1774c44ef0d39,7/29(Œ) 12:40
piaeigat,‚Ò‚ ,ƒ~ƒ…[ƒWƒJƒ‹wƒrƒŠ[EƒGƒŠƒIƒbƒgxƒI[ƒvƒjƒ“ƒOŒö‰‰ŠJ–‹@4l‚ÌƒrƒŠ[‚ªƒTƒvƒ‰ƒCƒY“oê,https://news.yahoo.co.jp/articles/0622374dd91dce0e367b030c88a8dc725bc543fc,7/29(Œ) 12:12
piaeigat,‚Ò‚ ,WEST.íî“c’—T~_R’q—mWå‰‰ƒ~ƒ…[ƒWƒJƒ‹wƒvƒƒfƒ…[ƒT[ƒYxã‰‰Œˆ’è@ƒqƒƒCƒ“–ğ‚Íƒ~ƒ…[ƒWƒJƒ‹‰o‰‰‚Ì‰¤—Ñ,https://news.yahoo.co.jp/articles/09e84aa7ae95428f4b2f48b0ef66165eb2851ea8,7/29(Œ) 12:12
piaeigat,‚Ò‚ ,w“c–¼–ÔŒhˆê@‹L‰¯‚Ì–`Œ¯x‘—§V”üpŠÙ‚Å@Vì‚Ì‹‘åƒCƒ“ƒXƒ^ƒŒ[ƒVƒ‡ƒ“‚ğŠÜ‚Ş–ñ500“_‚Å60”NˆÈã‚É‚í‚½‚é‘nìŠˆ“®‚ğU‚è•Ô‚é,https://news.yahoo.co.jp/articles/3b3b3547814091703c98ffe3564b3c689a447a72,7/29(Œ) 12:03
piaeigat,‚Ò‚ ,b–{ƒqƒƒg~“à“cŠ¨‘¾˜Y‚É‚æ‚éƒuƒM˜AA2ndƒAƒ‹ƒoƒ€w’¦–ğ“ñ•bxƒeƒBƒU[‰f‘œŒöŠJ,https://news.yahoo.co.jp/articles/4e4de2117bdba6a8ceabd2fb608f151d027f2ae6,7/29(Œ) 12:01
piaeigat,‚Ò‚ ,•l•Ó”ü”g~Ô‘^‰q“ñ ‘åŒäŠ”o—D‚½‚¿‚Ì’†‚Å‚Ì¬’·uŒ‹‘©—Í‚ª‚‚Ü‚è‚Ü‚µ‚½v,https://news.yahoo.co.jp/articles/116e1e591680d7ba1211da92eee990b81751a7fd,7/29(Œ) 12:00
piaeigat,‚Ò‚ ,wcalm&composed vol.3yof divinationzxa’JWWW X‚Å9ŒŠJÃ@yahyelA‚ñoonAT Y‚ªo‰‰,https://news.yahoo.co.jp/articles/bf0dc3c689e770990a7890b1657a33e1b1f56759,7/29(Œ) 11:40
piaeigat,‚Ò‚ ,–k•Äƒ{ƒbƒNƒXƒIƒtƒBƒXAñˆÊ‚Íwƒfƒbƒhƒv[ƒ‹•ƒEƒ‹ƒ”ƒ@ƒŠƒ“x,https://news.yahoo.co.jp/articles/befb1552e638d6416de909d651dbf41835f29167,7/29(Œ) 10:30
piaeigat,‚Ò‚ ,—§ìu‚Ì•F‚ª^‘Å‚ÉŒü‚¯‚Ä“®‚«o‚·I@3ƒJŒ˜A‘±Œö‰‰wRoad to ^‘ÅxŠJÃ,https://news.yahoo.co.jp/articles/76960c22853cf2ff013cdb382101729a0bd1950d,7/28(“ú) 10:02
piaeigat,‚Ò‚ ,ƒ_ƒbƒtƒB[A‰ÄƒOƒbƒY‚ğÊ^‚Å‚²Ğ‰îI@TƒVƒƒƒc‚â¨•t‚«ƒwƒAƒoƒ“ƒh‚È‚Çƒtƒ@ƒbƒVƒ‡ƒ“ƒAƒCƒeƒ€‚à,https://news.yahoo.co.jp/articles/f3395f712abce5f5869b4cadf07880ece2d614cb,7/28(“ú) 10:01
piaeigat,‚Ò‚ ,ƒnƒ‹ƒJƒ~ƒ‰ƒC VS w.o.d.@‘åã‚ÅŒ}‚¦‚½ÅI“ú‚ÉŒ©‚½u‰¹Šyv‚Æ‚¢‚¤ŠïÕ,https://news.yahoo.co.jp/articles/203f448fb7b2ad0df1efe40ee92cddc826e304e9,7/27(“y) 12:04
piaeigat,‚Ò‚ ,g¼‹\Šé‹Æ‚ğ‹ò‚ç‚¤¼‹\th‚ª‘_‚¤ƒ^[ƒQƒbƒg‚Í‰½Ò!?@ƒhƒ‰ƒ}wƒ_ƒuƒ‹ƒ`[ƒgxSeeson2‚àŒã”¼í‚Ö,https://news.yahoo.co.jp/articles/e40ab0db7aba00fb4d201cd0f34fffc3d1925fbd,7/27(“y) 12:04
piaeigat,‚Ò‚ ,‰üDŒû‚·‚®I@è“yY’T‚·‚Ì‚É•Ö—˜‚È“Œ‹ƒMƒtƒgƒpƒŒƒbƒgu2024”Nã”¼Šúl‹CƒXƒC[ƒcƒ‰ƒ“ƒLƒ“ƒOvTOP10”­•\,https://news.yahoo.co.jp/articles/4795e2be1e72b4fe34b9e3dfb408c388713d97f5,7/27(“y) 12:02
piaeigat,‚Ò‚ ,”ªŒ”[—Á‰Ì•‘Šêw”¯Œ‹VOxB’†‘ºŠ¨‹ã˜Y‚ªŒê‚éA”OŠè‚Ì‰–ğ„Ÿ„ŸB‚è‰º‚ë‚µƒXƒ`[ƒ‹‚àŒöŠJ,https://news.yahoo.co.jp/articles/2cd169a4ba5e897ae77d3d77c3c06af404dfd4d8,7/27(“y) 11:00
piaeigat,‚Ò‚ ,Lk«‚ª‚ ‚Á‚Ä‹zŠ¾‘¬Š£‹@”\•t‚«‚ÅUVƒJƒbƒg‚à@ƒ[ƒNƒ}ƒ“‚Ìƒ|ƒƒVƒƒƒc‚ªŠ®àø‚·‚¬‚½I,https://news.yahoo.co.jp/articles/2425a74ac730eebfd9e53316e5f6ada0a9790c01,7/27(“y) 10:01
piaeigat,‚Ò‚ ,ƒ~ƒ…[ƒWƒJƒ‹wƒrƒŠ[EƒGƒŠƒIƒbƒg`ƒŠƒgƒ‹Eƒ_ƒ“ƒT[`x‘Ò–]‚ÌÄX‰‰A–{“úŠJ–‹,https://news.yahoo.co.jp/articles/a2dc0ae33ef3bf14894935eae0524f05d50a96d1,7/27(“y) 10:00
piaeigat,‚Ò‚ ,ƒtƒŒƒfƒŠƒbƒN‚Ì‘Îƒoƒ“ƒCƒxƒ“ƒg‚Éƒoƒjƒ‰ƒYAPerfumeAƒI[ƒ‰ƒ‹‚Ìo‰‰‚ªŒˆ’è@ƒWƒƒƒ“ƒ‹‚ğ’´‚¦‚½uƒ_ƒ“ƒXƒ~ƒ…[ƒWƒbƒNv‚Ì‹£‰‰3ƒfƒCƒY,https://news.yahoo.co.jp/articles/2b074198b78a78228ebb885416ecefd231f22cc9,7/26(‹à) 18:04
piaeigat,‚Ò‚ ,w.o.d.~ƒLƒ^ƒjƒ^ƒcƒ„@‚¨Œİ‚¢Øáö‘ô–‚µ‡‚¦‚é’‡ŠÔuwBLEACHx‘Îƒoƒ“v,https://news.yahoo.co.jp/articles/bd99239008518e9016b82b20bbc64044a728ff0c,7/26(‹à) 18:03
piaeigat,‚Ò‚ ,¡”N3–{–Ú‚Ì“ú–{ŒöŠJìwƒqƒbƒgƒ}ƒ“x‚à‘Ò‚¿ó‚¯‚éƒOƒŒƒ“EƒpƒEƒGƒ‹@ƒuƒŒƒCƒN‚Ì‚«‚Á‚©‚¯‚ÍwƒgƒbƒvƒKƒ“ ƒ}[ƒ”ƒFƒŠƒbƒNx,https://news.yahoo.co.jp/articles/c9a59d28d8a0981cdbdfa8e7dd197506b07d20cf,7/26(‹à) 18:01
piaeigat,‚Ò‚ ,‘æ2ŸƒGƒfƒB[EƒWƒƒƒpƒ“‚ÌV‚½‚È‘Do‚Í1Ÿ4”s‚àAƒWƒ‡[ƒ“ƒYHCuƒ`[ƒ€‚ğ•ÏŠv‚³‚¹‚é‚É‚ÍŠÔ‚Æ”E‘Ï‚ª•K—vv,https://news.yahoo.co.jp/articles/244263985a7bc041d490e3acc377bf6848c4edfb,7/26(‹à) 18:00
piaeigat,‚Ò‚ ,“ú–{•‘—x‚Ì–L‚©‚È¢ŠE‚ğŠ¬”\‚Å‚«‚éw“ú–{•‘—xƒLƒƒƒ‰ƒoƒ“x‘S‘4“ss‚ÅŠJÃ,https://news.yahoo.co.jp/articles/b97dbbecf30f74c78e986a3e054f15d879fbb855,7/26(‹à) 17:20
piaeigat,‚Ò‚ ,ƒ^ƒNƒtƒFƒX‘æ12’ew—[ -‚ä‚¤-xã‰‰Œˆ’è@–î“‡•‘”ü‚ª•œ‹Aì‚Åå‰‰‚ğ–±‚ß‚é,https://news.yahoo.co.jp/articles/2174ef2d9799e199d908cc4c333613ac00fda8c9,7/26(‹à) 17:11
piaeigat,‚Ò‚ ,—é–Ø•ŸA’·à_‚Ë‚éA‚»‚µ‚Äè—û‚ê‚Ì”o—Dw‚ªŸX“oêI wˆé•”ˆé•º‰q•¨Œêx‚Å™–ì—y—ºˆé•º‰q‚ğæ‚èŠª‚­ƒNƒZÒ‚½‚¿,https://news.yahoo.co.jp/articles/c9821396d0458f83f5bf84503e6aae498ad3fbc6,7/26(‹à) 17:03
piaeigat,‚Ò‚ ,‚±‚Ìƒuƒ‹[‚Ì³‘Ì‚ÍƒˆƒMƒ{[‚¶‚á‚È‚¢‚Å‚·‚©‚ËHy‚İ‚¤‚ç‚¶‚ã‚ñ‚Ì‰f‰æƒ`ƒ‰ƒV•ú’kzwƒuƒ‹[ ‚«‚İ‚Í‘åä•vxwSCRAPPER^ƒXƒNƒ‰ƒbƒp[x,https://news.yahoo.co.jp/articles/4f4f16c120d25121b92105465c8b5fd7aa2a4bb4,7/26(‹à) 17:01
piaeigat,‚Ò‚ ,wƒgƒ‰ƒ“ƒXƒtƒH[ƒ}[^ONExƒIƒvƒeƒBƒ}ƒX‚ªV‚µ‚¢—Í‚É–ÚŠo‚ß‚é–{—\‰f‘œŒöŠJ,https://news.yahoo.co.jp/articles/ff1cadd73af72eadf217fb5d07e8311aa7a41a35,7/26(‹à) 16:10
piaeigat,‚Ò‚ ,‘¾“cŠî—T~–q“‡ ‹PARè‘å‹P~¬–ì’Ë—El‚ªo‰‰ wƒXƒg[ƒŠ[EƒIƒuEƒ}ƒCEƒ‰ƒCƒtxƒƒCƒ“ƒrƒWƒ…ƒAƒ‹•PVŒöŠJ,https://news.yahoo.co.jp/articles/3c2ad633922315c043f62a26dbea5a02cba40a14,7/26(‹à) 15:30
piaeigat,‚Ò‚ ,˜Q–ŸŠv–½AVìEPwˆì‚êo‚·x”­”„Œˆ’è@’ÁÀDOPENESS‚Æ‚ÌƒtƒB[ƒ`ƒƒƒŠƒ“ƒOŠy‹È‚È‚Ç‚ğû˜^,https://news.yahoo.co.jp/articles/533e35304aca7b8902b74942d895ac7c725b21d3,7/26(‹à) 14:20
piaeigat,‚Ò‚ ,–{‘½Œ€êƒOƒ‹[ƒv~ŠCŠO‹Y‹ÈƒVƒŠ[ƒY‘æ4’ewBIRTHDAYxŠJ–‹@•‘‘äÊ^9“_‚Æ‘åàV—V‚ÌƒRƒƒ“ƒg“’…,https://news.yahoo.co.jp/articles/f74be130765dc097cb2a03e7b442f36da5b4eb6c,7/26(‹à) 12:41
piaeigat,‚Ò‚ ,ƒhƒ‰ƒ}wƒ_ƒuƒ‹ƒ`[ƒg ‹U‚è‚ÌŒxŠ¯xAƒeƒŒƒr“Œ‹‚©‚çWOWOW‚Ö‘±‚­ƒVƒŠ[ƒY‚Í‚¢‚©‚É‚µ‚Ä¶‚Ü‚ê‚½‚Ì‚©H,https://news.yahoo.co.jp/articles/2e799ab08c7bbca5e52d527424419fe86bf09c25,7/26(‹à) 12:07
piaeigat,‚Ò‚ ,ƒeƒŠ[Eƒ‰ƒCƒŠ[‚ª‹“sE´…›‚Ì•‘‘ä‚Å‰‰‘t‚ğ•ò”[@–Œ‚Ì‰ºA–ñ50–¼‚Ì‰‰‘t‰Æ‚ª‘t‚Å‚½ƒ~ƒjƒ}ƒ‹ƒ~ƒ…[ƒWƒbƒN‚ÌjÕ‚ğƒŒƒ|[ƒg,https://news.yahoo.co.jp/articles/356484ea9b76e8c25813d1350980c1b80d2ecfa3,7/26(‹à) 12:07
piaeigat,‚Ò‚ ,wƒCƒiƒYƒ}ƒƒbƒN ƒtƒFƒX 2024x—‹_ƒXƒe[ƒW‚ÌƒQƒXƒgo‰‰ƒA[ƒeƒBƒXƒg•ƒEƒ}–º‚Ìo‘–Ò‚ğ”­•\,https://news.yahoo.co.jp/articles/3590a9fd620b688607b892c2ce5bd0c32fc4bf89,7/26(‹à) 12:07
piaeigat,‚Ò‚ ,‘ål‚Ö‚Æ¬’·‚µ‚½ƒ‚ƒAƒi‚ÌŠç‚ğ¢ŠE‰ŒöŠJI wƒ‚ƒAƒi‚Æ“`à‚ÌŠC2x“ú–{”ÅƒeƒBƒU[ƒ|ƒXƒ^[‰ğ‹Ö,https://news.yahoo.co.jp/articles/849f3f9ee1dd17831eed802708f2d9109fa8d484,7/26(‹à) 12:06
piaeigat,‚Ò‚ ,yLiLiCo‚Ì‚±‚Ì‰f‰æA–„‚à‚ç‚³‚¹‚¿‚áƒ_ƒIzƒGƒŠƒUƒxƒXEƒ‚ƒX‚Ì‚¨Å‹‚ğ–Ú“–‚Ä‚ÉŠÏ‚½‚ñ‚Å‚·‚ªAƒnƒ}‚éS—ƒTƒXƒyƒ“ƒX‚Å‚µ‚½@wShirley ƒVƒƒ[ƒŠƒCx,https://news.yahoo.co.jp/articles/289a12f16eff9490cdd0f648cb2cb7e6cbc823b3,7/26(‹à) 12:06
piaeigat,‚Ò‚ ,ƒ‰ƒCƒuƒCƒxƒ“ƒgwMAZRI no MATSURI -The Joint-x‚æ‚èA“{”¯“V‚Ì‰f‘œ‚ğŠúŠÔŒÀ’è‚ÅŒöŠJ,https://news.yahoo.co.jp/articles/d104068fab8d8810e765fc13f7fa62e27f6b4230,7/26(‹à) 12:05
piaeigat,‚Ò‚ ,V‘—§Œ€ê‚ª•ú‚ÂA‚±‚Ç‚à‚àŠy‚µ‚ß‚éƒoƒŒƒGwl‹›•PxB•Ä‘ò—BA‘¬…ÂŒåA‰œ‘ºN—S‚ª¢ŠE‰‰‰‚Ö‚Ìv‚¢‚ğ–¾‚©‚·,https://news.yahoo.co.jp/articles/7315dea2f1ab04e8b1d0cc31cdd9cebc3f80ef43,7/26(‹à) 12:03
piaeigat,‚Ò‚ ,w’†“‡Œ’l ‰f‰æ‚Ì—·lx’†“‡Œ’l‚ªƒ€ƒ“ƒoƒC‚ÅƒCƒ“ƒh‰f‰æ—¬ƒ_ƒ“ƒX‚É’§í@—\‰f‘œ•‘æ1‰ñ‚Ì–¢ŒöŠJ‰f‘œ”zM,https://news.yahoo.co.jp/articles/6046e8b424ce5e6642fd11ca0999e1b070054abe,7/26(‹à) 12:03
piaeigat,‚Ò‚ ,ƒEƒ‹ƒgƒ‰ƒ}ƒ“‚ÆƒAƒxƒ“ƒWƒƒ[ƒYAƒXƒpƒCƒ_[ƒ}ƒ“‚ª‰ƒ^ƒbƒOI@ƒRƒ~ƒbƒNƒX‚Ì“ú•Ä“¯”­”„‚ªŒˆ’è,https://news.yahoo.co.jp/articles/b4f036fcb303085735a5f7ed58bab06f025c1e63,7/26(‹à) 11:42
piaeigat,‚Ò‚ ,w`‰f‰æÕ2024 Making Wavesx¡”N‚Í“Œ‹A‘åãA•Ÿ‰ª‚Ì3“ss‚Å11ŒŠJÃ,https://news.yahoo.co.jp/articles/975ad5c369d7a3d3e9a1c611766d281e97227d5f,7/26(‹à) 11:11
piaeigat,‚Ò‚ ,ƒ}[ƒNEƒnƒ~ƒ‹‚ªwThe Long Walkx‚Éo‰‰,https://news.yahoo.co.jp/articles/44f51c4ccdfe3016ae40018e2e23112c523982da,7/26(‹à) 11:02
piaeigat,‚Ò‚ ,¡“x‚ÌƒWƒFƒCƒ\ƒ“EƒXƒeƒCƒTƒ€‚Í—{–I‰ÆI å‰‰ìwƒr[ƒL[ƒp[x1Œ“ú–{ŒöŠJŒˆ’è,https://news.yahoo.co.jp/articles/7b499a02b3d707ce0f7ee11e4f4227995b8350ca,7/26(‹à) 9:00
piaeigat,‚Ò‚ ,5–œl‚ğ“®ˆõ‚µ‚½l‹C•‘‘ä‰‚Ìƒ~ƒ…[ƒWƒJƒ‹‰»@w–³”º‘tƒ\ƒiƒ^-The Musical-x–{“úŠJ–‹,https://news.yahoo.co.jp/articles/f06041d09643923279b3c0313a81f69d37877dcf,7/26(‹à) 8:04
piaeigat,‚Ò‚ ,[Alexandros]A›“c«ôå‰‰wCloud ƒNƒ‰ƒEƒhx‚ÌƒCƒ“ƒXƒpƒCƒAƒ\ƒ“ƒO‚ğ‘‚«‰º‚ë‚µ@•‘ò´ŠÄ“ÂuŒ©–‚Æ‚¢‚¤‘¼‚ ‚è‚Ü‚¹‚ñv,https://news.yahoo.co.jp/articles/19e441324e7b96be926491ff02d371a6883ae998,7/26(‹à) 7:01
piaeigat,‚Ò‚ ,syrup16gA“ú”ä’J–ì‰¹‚Åƒƒ“ƒ}ƒ“u’x€11.02vŠJÃ@20”N‘O‚Ì–¼‰‰u’x€10.10v‚ğ’´‚¦‚éˆê–é‚É,https://news.yahoo.co.jp/articles/216cf620ef21cbe26433d2937d5485c52c7d698c,7/25(–Ø) 21:30
piaeigat,‚Ò‚ ,ƒuƒ[ƒhƒEƒFƒCƒ~ƒ…[ƒWƒJƒ‹wƒs[ƒ^[Eƒpƒ“x‰“ú•‘‘äÊ^•ƒRƒƒ“ƒg‚ª“’…,https://news.yahoo.co.jp/articles/65912ac0a9db7003b6be067a37da490270e2c0a2,7/25(–Ø) 19:32
piaeigat,‚Ò‚ ,YOASOBIuŒQÂv~wƒuƒ‹[ƒsƒŠƒIƒhxƒRƒ‰ƒ{‰f‘œŒöŠJ@ì“‡–¾A•Ğ‹ËmALiLiCo‚ç‚É‚æ‚éâ^ƒRƒƒ“ƒg‚à,https://news.yahoo.co.jp/articles/f9c84473e3d5153cab6c165268aa89e9df0252b4,7/25(–Ø) 19:00
piaeigat,‚Ò‚ ,BLANKEY JET CITYAMV‚Æƒ‰ƒCƒu‰f‘œ‚ÅƒqƒXƒgƒŠ[‚ğ’H‚éuBJC NIGHTvƒvƒŒƒ~ƒAŒöŠJŒˆ’è,https://news.yahoo.co.jp/articles/376a934c789de61daafe075b43f6928af6086151,7/25(–Ø) 18:50
piaeigat,‚Ò‚ ,ƒ‚ƒl‚âƒZƒUƒ“ƒk‚©‚ç—Ô”h‚Ü‚Åì•i‚ªŒ©‚Ä‚«‚½‚Å‚ ‚ë‚¤ŒiF‚Év‚¢‚ğ’y‚¹‚é@w‹óŠÔ‚Æì•ixƒA[ƒeƒBƒ]ƒ“”üpŠÙ‚Å,https://news.yahoo.co.jp/articles/fb2b68b6cee65fc72405d960b02951270ea61dc9,7/25(–Ø) 18:06
piaeigat,‚Ò‚ ,ƒjƒRƒ‰ƒXEƒPƒCƒW~A24~ƒAƒŠEƒAƒXƒ^[wƒhƒŠ[ƒ€EƒVƒiƒŠƒIx11ŒŒöŠJ@“Á•ñ•ƒeƒBƒU[ƒrƒWƒ…ƒAƒ‹ŒöŠJ,https://news.yahoo.co.jp/articles/a0453682f8840cb48e8ca12822cbdb258796be5c,7/25(–Ø) 18:05
piaeigat,‚Ò‚ ,w•Xì‚«‚æ‚µ25ü”N‹L”OŒ€êƒRƒ“ƒT[ƒgƒcƒA[ `ãJ` xê£X‚µ‚¢•Xì‚«‚æ‚µ‚Ì˜a‘•p‚ğ‘¨‚¦‚½ƒrƒWƒ…ƒAƒ‹ŒöŠJ,https://news.yahoo.co.jp/articles/bf9f9efa9f6ae937d1d8d8ff59c091b2ea33d9d3,7/25(–Ø) 18:01
piaeigat,‚Ò‚ ,w.o.d.~go!go!vanillas@—Ç‚«—F‚Å‚ ‚è—Ç‚«ƒ‰ƒCƒoƒ‹@‘Šv‘Šˆ¤‚ÌŠÖŒW‚ª¶‚İo‚µ‚½”M‹¶“I‚Èˆê–é,https://news.yahoo.co.jp/articles/c55869f885f17180e52b811c5f6a0ded13307d04,7/25(–Ø) 18:01
piaeigat,‚Ò‚ ,ƒˆ[ƒƒbƒpŠé‰æåÃ‚Ì’Z•Ò‰f‰æƒCƒxƒ“ƒgwSSMFx5”N”¼‚Ô‚è‚ÉŠJÃŒˆ’è@ã“c½Az–K‰ë‚ÌƒRƒƒ“ƒg‚à“’…,https://news.yahoo.co.jp/articles/faf06dae4c4016be86e2a32864657af214b9eb98,7/25(–Ø) 18:00
piaeigat,‚Ò‚ ,¬ò¡“úqAƒoƒ‰[ƒhEƒxƒXƒgwBallad Classicsx35”N‚Ô‚è‚ÌVì‚ğƒŠƒŠ[ƒX,https://news.yahoo.co.jp/articles/9349e719ace9920fcfba157715d6b8fc267148d8,7/25(–Ø) 16:20
piaeigat,‚Ò‚ ,w‚È‚ç‘Û‰f‰æÕ2024x‘Î˜b‚ğƒCƒ[ƒW‚µ‚½ƒ|ƒXƒ^[ƒrƒWƒ…ƒAƒ‹ŒöŠJ,https://news.yahoo.co.jp/articles/bedc7d3863e36d7376ce81743bee83662aa3064a,7/25(–Ø) 16:20
piaeigat,‚Ò‚ ,¬“‡‚æ‚µ‚¨u109ƒVƒlƒ}ƒY‚ä‚ß‚ª‹u ƒI[ƒvƒjƒ“ƒO‰“úŒÀ’è“o’dƒCƒxƒ“ƒgv‚É“oêIeq˜A‚ê‚Éu‰f‰æŠÙ‚Å‰f‰æ‚ğŒ©‚æ‚¤v‚ÆƒAƒs[ƒ‹,https://news.yahoo.co.jp/articles/c851de7854f98456360c24475903a7984d7ef14d,7/25(–Ø) 15:02
piaeigat,‚Ò‚ ,ƒ‰ƒCƒ^[‚ÆŠÏ‹q‚Å‘Io‚·‚é“ú–{“Æ©‚Ìƒ~ƒ…[ƒWƒJƒ‹ƒAƒ[ƒhwMusical Awards TOKYOx”­‘«,https://news.yahoo.co.jp/articles/8f2d56c5346e971c705d39a7284736f8aa94732a,7/25(–Ø) 14:30
piaeigat,‚Ò‚ ,‰f‰æwƒUEƒuƒŒƒCƒLƒ“xƒgƒbƒvƒŒƒxƒ‹‚ÌƒuƒŒƒCƒJ[‚½‚¿‚É‚æ‚éƒtƒŠ[ƒXƒ^ƒCƒ‹ƒV[ƒ“ŒöŠJ@V‚½‚Èê–ÊƒJƒbƒg4“_‚à,https://news.yahoo.co.jp/articles/db78fb45044b47831912c9ccd5248562af83d189,7/25(–Ø) 12:40
piaeigat,‚Ò‚ ,yƒRƒ‰ƒ€zGRAPEVINEE“c’†˜a«‚É‚æ‚éV‹ÈuNINJA POP CITYv‚ÌƒrƒnƒCƒ“ƒhEƒXƒg[ƒŠ[wAcross the pop cityx,https://news.yahoo.co.jp/articles/1e549e11b51b5fd04b82ebf7db2a57a23dfd5c97,7/25(–Ø) 12:06
piaeigat,‚Ò‚ ,wAKABIRA CAMP BREAK 2024xRHYMESTERAGLIM SPANKY‚ç‘æ2’eo‰‰Ò”­•\,https://news.yahoo.co.jp/articles/7b82054a3b890c42d582fbae79737cbcef73943f,7/25(–Ø) 12:06
piaeigat,‚Ò‚ ,wSummer Studio 2024 ƒgƒ“ƒRƒnƒEƒX‚Æ‚Â‚­‚éƒ[ƒNƒVƒ‡ƒbƒvE“W——‰ïx7Œ27“ú‚©‚ç@—ˆêÒ‚ªQ‰Á‚Å‚«‚éƒ~ƒj§ì‘ÌŒ±ƒR[ƒi[‚à,https://news.yahoo.co.jp/articles/267e8900db5791e00e5bd6ceff5a0a9b51789ab3,7/25(–Ø) 11:32
piaeigat,‚Ò‚ ,wƒtƒWƒƒbƒN'24xREMI WOLF‚Ìo‰‰ƒLƒƒƒ“ƒZƒ‹‚ğ”­•\,https://news.yahoo.co.jp/articles/ce397c4bcef6337090b1f4a8eb93c50c7a5cd192,7/25(–Ø) 11:02
piaeigat,‚Ò‚ ,ƒNƒŠƒXEƒwƒ€ƒYƒ[ƒX‚ªwThe Corsair Codex‚Éå‰‰,https://news.yahoo.co.jp/articles/9a0059d4d0d25cf8af78cb74f546a0661ce9ca8f,7/25(–Ø) 10:50
piaeigat,‚Ò‚ ,Lucky KilimanjaroAV‹Èu‚©‚¯‚¨‚¿vMVŒöŠJ@‚â‚·q‚ªƒRƒ~ƒJƒ‹‚É—x‚ès‚­‚·,https://news.yahoo.co.jp/articles/8dd23edb71a8226c2826ee4be7197c68f24c07cb,7/25(–Ø) 10:50
piaeigat,‚Ò‚ ,ƒ_ƒ€‚ÅQ‚©‚¹‚½“ú–{ğ‚ªŠy‚µ‚ß‚éwƒ_ƒ€SAKEƒtƒFƒXƒ^x‚ªŠJÃ,https://news.yahoo.co.jp/articles/432ef3b92d50ae2fb77a3582249a33f6dfc655d1,7/25(–Ø) 10:00
piaeigat,‚Ò‚ ,El‹SƒWƒOƒ\ƒE‚ª•œŠˆI ƒVƒŠ[ƒYÅVìwƒ\ƒE XxŒöŠJŒˆ’è•ƒeƒBƒU[ƒrƒWƒ…ƒAƒ‹ŒöŠJ,https://news.yahoo.co.jp/articles/de5e97e9bf28a5845a3ebbe474951c44893bb4d1,7/25(–Ø) 10:00
piaeigat,‚Ò‚ ,"CwondoAV‹ÈuMe, Tanish and Panoiv”zMƒŠƒŠ[ƒX@–{lƒRƒƒ“ƒg‚à“’…",https://news.yahoo.co.jp/articles/8c6c99ac70a46406e5bd9cdacdcda9df1d246f77,7/24(…) 20:01
piaeigat,‚Ò‚ ,wƒsƒG[ƒ‹‘ë‚Æ‘åªm‚ÌƒI[ƒ‹ƒiƒCƒgƒjƒbƒ|ƒ“GOLDx•ú‘—Œˆ’è@Netflixw’n–Êt‚½‚¿x‚ÌƒGƒsƒ\[ƒh‚ğŒê‚é,https://news.yahoo.co.jp/articles/d21116020908e559084574bd45b0f5a12603ca69,7/24(…) 19:30
piaeigat,‚Ò‚ ,ƒ~ƒ…[ƒWƒJƒ‹w”R‚ä‚éˆÃˆÅ‚É‚Äx“ú–{‰‰‰Œˆ’è@“n•Ó•É“lAŒF’JÊt‚çƒLƒƒƒXƒg”­•\•ƒRƒƒ“ƒg“’…,https://news.yahoo.co.jp/articles/44b19f100cc1563401845fda850b3cff772ddab2,7/24(…) 18:40
piaeigat,‚Ò‚ ,‹‘å—³Šª‚Ì–ÒˆĞ‚àlŠÔƒhƒ‰ƒ}‚à‚³‚ç‚É[‰»‚µ‚½wƒcƒCƒXƒ^[ƒYx,https://news.yahoo.co.jp/articles/2e7ef10378cbb2c1a173cb98cde2e8c6e7b02efb,7/24(…) 18:06
piaeigat,‚Ò‚ ,ƒnƒNB–ñ1”N‚Ô‚è‚ÌƒVƒ“ƒOƒ‹udededev‚ª–{“úƒŠƒŠ[ƒX@VƒA[ƒeƒBƒXƒgÊ^‚ÆVƒƒS‚àŒöŠJ,https://news.yahoo.co.jp/articles/aeada8d01e9c60873e800caeac24dad775424f15,7/24(…) 18:03
piaeigat,‚Ò‚ ,ƒGƒŠƒAÅ‘å‹‰‚ÌIMAXƒŒ[ƒU[‚É‘“àÅ‘å‹‰‚ÌScreenXI@VƒI[ƒvƒ“u109ƒVƒlƒ}ƒY‚ä‚ß‚ª‹uv‚Ì‚¢‚¿‘‘ÌŒ±ƒŒƒ|[ƒgI,https://news.yahoo.co.jp/articles/1bc92c56ba3cdc70b69f1f264166e7ba2ebfffab,7/24(…) 18:01
piaeigat,‚Ò‚ ,•Ÿ“‡‘æˆêŒ´”­–ŒÌ‚ğ–¾‚É•`‚¢‚½wTHE DAYSxƒuƒ‹[ƒŒƒCƒRƒ“ƒvƒŠ[ƒgEƒ{ƒbƒNƒXƒŠƒŠ[ƒXŒˆ’è,https://news.yahoo.co.jp/articles/c46c3fb0dfefadb47a38376ff32ed6ec5ca06a41,7/24(…) 18:00
piaeigat,‚Ò‚ ,u‚©‚í‚³‚«ƒWƒƒƒYv‚ª10‰ñ‚Ìß–ÚB¡”N‚àìè‚ÌH‚ÍƒWƒƒƒYˆêF,https://news.yahoo.co.jp/articles/c1e7882a9edfab8fe2adec56c022387b99c487d3,7/24(…) 16:40
piaeigat,‚Ò‚ ,ƒWƒFƒjƒtƒ@[Eƒ[ƒŒƒ“ƒX‚Æƒƒo[ƒgEƒpƒeƒBƒ“ƒ\ƒ“‚ªVì‚Å‹¤‰‰,https://news.yahoo.co.jp/articles/57decee855852eab58a9a17bd9c0fb7c27fc62b7,7/24(…) 15:01
piaeigat,‚Ò‚ ,w‚¢‚«‚È‚è–{“Ç‚İI in O‰zŒ€êx‰Á“¡çq‚Ìo‰‰‚ªŒˆ’è,https://news.yahoo.co.jp/articles/dd259d9441cf3243c05216221f8264552985b449,7/24(…) 14:10
piaeigat,‚Ò‚ ,ƒTƒUƒ“‚ª‘åƒgƒŠ‚ğ–±‚ß‚éwROCK IN JAPAN FESTIVAL 2024 in HITACHINAKAx5“úŠÔ‚Ìƒ^ƒCƒ€ƒe[ƒuƒ‹”­•\,https://news.yahoo.co.jp/articles/111ee423f9de1b5503c8e50f5acaf56b44394b57,7/24(…) 13:20
piaeigat,‚Ò‚ ,‰¼–Êƒ‰ƒCƒ_[‚ğ‰‰‚¶‚½DAIGO‚ªq‚Ç‚à‚½‚¿‚É“`‚¦‚½‚¢‚±‚Æu©•ª‚ç‚µ‚³‚ğŒ©‚Â‚¯‚Ä‰ä‚ª“¹‚ğs‚Á‚Ä‚Ù‚µ‚¢v,https://news.yahoo.co.jp/articles/83c03f23ccab115d02644b5d2cda670cde5d80ef,7/24(…) 12:04
piaeigat,‚Ò‚ ,ƒAƒCƒiEƒWEƒGƒ“ƒh‚ª‹C‚Ã‚¢‚½lŠÔ‚Ì«uˆË‘¶‚à‹¤‘¶‚à‚È‚é‚æ‚¤‚É‚µ‚©‚È‚ç‚È‚¢v,https://news.yahoo.co.jp/articles/6057b0181f3bee0964adffa257b737a5b1f75189,7/24(…) 12:03
piaeigat,‚Ò‚ ,å‰‰Eîà’n—DŒáwCome Blow Your Horn`ƒ{ƒN‚Ì“Æ—§éŒ¾`xƒŒƒgƒ‚È•µˆÍ‹C•Y‚¤ƒƒCƒ“ƒrƒWƒ…ƒAƒ‹ŒöŠJ,https://news.yahoo.co.jp/articles/6b07d0f55c482b182a36a0bbd48e7c3ca6a7d45e,7/24(…) 12:03
piaeigat,‚Ò‚ ,•‘‘äw—H—ì‚Å‚à‚æ‚©‚¯‚ñA‰ï‚¢‚½‚©‚Æ‚æx‘å‰€—æiŸNâ46jƒQƒXƒgo‰‰‚Åã‰‰Œˆ’è@ƒƒCƒ“••¯‘•ƒrƒWƒ…ƒAƒ‹‚àŒöŠJ,https://news.yahoo.co.jp/articles/9011728d5a1c19015d5a9098e6a3cc44dfba1297,7/24(…) 12:03
piaeigat,‚Ò‚ ,‰f‰æwƒWƒ‡[ƒJ[FƒtƒHƒŠEƒAEƒhƒDx¢ŠE‚ª¬“×‚Æ‰»‚µ‚Ä‚¢‚­–{—\‰f‘œŒöŠJ,https://news.yahoo.co.jp/articles/b191fb12bdfcb46d739ee613a317cde11b231cae,7/24(…) 12:01
piaeigat,‚Ò‚ ,"ƒTƒJƒiƒNƒVƒ‡ƒ“Š®‘S•œŠˆI ƒAƒŠ[ƒiƒcƒA[uSAKANAQUARIUM 2024 ""turn""v‚ğŠ®‘–‚µ‚½Œ»İ’n‚Æ‚ÍH",https://news.yahoo.co.jp/articles/42915104e051064539c1f1895e5d7d1659564cd0,7/24(…) 12:01
piaeigat,‚Ò‚ ,‘ŠÔœ\¶A“Ş—Ç”ü’qA‹à“O•½‚ç115‘g‚Ìì•i‚Å“ú–{‚ÌŒ»‘ã”üp‚ğ“WŠÏ@w“ú–{Œ»‘ã”üp„ŠÏF‚‹´—´‘¾˜YƒRƒŒƒNƒVƒ‡ƒ“x8Œ3“ú‚©‚ç,https://news.yahoo.co.jp/articles/ca279e8605c24e1f8b40e23ba8e3c26ef768b54f,7/24(…) 11:30
piaeigat,‚Ò‚ ,wƒtƒWƒƒbƒN'24xAmazonƒ‰ƒCƒu”zMƒA[ƒeƒBƒXƒg•ƒ^ƒCƒ€ƒe[ƒuƒ‹”­•\,https://news.yahoo.co.jp/articles/5182a2c189e2b20d455e864c71b774607b51c22e,7/24(…) 11:11
piaeigat,‚Ò‚ ,wƒGƒCƒŠƒAƒ“Fƒƒ€ƒ‹ƒXx15Î–¢–ŠÓÜ•s‰Â‚È’´‰ßŒƒIMAX”Å—\ã‰fŒˆ’è@ÅIŒ`‘Ôƒ|ƒXƒ^[‚àŒöŠJ,https://news.yahoo.co.jp/articles/54a498de16c48e0a7e14ce4ddb30da0e5e417f50,7/24(…) 11:02
piaeigat,‚Ò‚ ,¡”N‚à‚±‚Ì‹Gß‚ª‚â‚Á‚Ä‚«‚½I@’·’Jì”J‰‰oARí•—æ“Şå‰‰”Åwƒs[ƒ^[Eƒpƒ“x–{“úŠJ–‹,https://news.yahoo.co.jp/articles/66aace091cd80784041a9451ff0f7f30f807c0e5,7/24(…) 11:01
piaeigat,‚Ò‚ ,–{“úƒŠƒŠ[ƒXwƒIƒrƒƒ“EƒPƒm[ƒrxwƒLƒƒƒVƒAƒ“EƒAƒ“ƒh[xƒRƒŒƒNƒ^[ƒYEƒGƒfƒBƒVƒ‡ƒ“‚æ‚è“Á•Ê‰f‘œŒöŠJ,https://news.yahoo.co.jp/articles/53afeddfd6dc5048feda9422189500a038c4acef,7/24(…) 10:00
piaeigat,‚Ò‚ ,u—x‚éƒvƒƒWƒFƒNƒgvVƒLƒƒƒXƒg‚Í‚ ‚Ì—e‹^Ò‚Ì–º!?@ÅV—\•Ò•ƒ|ƒXƒ^[•ƒXƒ^ƒ“ƒfƒBŒöŠJ,https://news.yahoo.co.jp/articles/66fac9942426bb3474001c6c94c17c01c2c998cd,7/24(…) 7:02
piaeigat,‚Ò‚ ,GLIM SPANKYAƒXƒYƒLuƒ\ƒŠƒI ƒoƒ“ƒfƒBƒbƒgvCMƒ\ƒ“ƒOu•—‚ÉƒLƒX‚ğ‚µ‚Äv¡–éƒŠƒŠ[ƒX•MVŒöŠJ,https://news.yahoo.co.jp/articles/9a42dbb490399e4871463801179e9b6770734817,7/23(‰Î) 20:00
piaeigat,‚Ò‚ ,‰¹Šy~‰f‘œ~ƒA[ƒg‚Ì‘n‘¢ƒ†ƒjƒbƒgANIKO NIKO TAN TAN‚ÌV‹ÈuOnly Lonely Dancev‚ÍuŒÇ“Æv‚ğm’è‚·‚éƒtƒ@ƒ“ƒL[‚Èƒ_ƒ“ƒXƒiƒ“ƒo[,https://news.yahoo.co.jp/articles/4d443461341dc8540458bbc3496f70712fe87d07,7/23(‰Î) 19:02
piaeigat,‚Ò‚ ,•½“cW‹v‚Ì“W——‰ï‚ª—û”n‹æ—§”üpŠÙ‚ÅŠJÃ@“¯ŠÙ‚Ì‰ü’z‚ğèŠ|‚¯‚éŒš’z‰Æ‚Ìd–‚ğƒe[ƒ}‚²‚Æ‚É“WŠÏ,https://news.yahoo.co.jp/articles/2578efab24a9e72e53d72b37ef3a3b17f4a80631,7/23(‰Î) 18:04
piaeigat,‚Ò‚ ,BABYMETALAƒ‰ƒCƒuƒtƒBƒ‹ƒ€‚ÌƒOƒbƒYî•ñ”­•\@ƒƒ“ƒo[ƒTƒCƒ““ü‚èƒ|ƒXƒ^[‚Ì‰f‰æŠÙƒcƒA[‚àŒˆ’è,https://news.yahoo.co.jp/articles/99b59040e43a2437d4f529d4c35ddb3d761df20b,7/23(‰Î) 18:02
piaeigat,‚Ò‚ ,wƒfƒbƒhƒv[ƒ‹•ƒEƒ‹ƒ”ƒ@ƒŠƒ“xƒ[ƒ‹ƒhƒvƒŒƒ~ƒAŠJÃ@ƒ‰ƒCƒAƒ“EƒŒƒCƒmƒ‹ƒYu–{“–‚É–²‚ªŠ‚Á‚½‚ñ‚¾v,https://news.yahoo.co.jp/articles/98722e1b63a2446cb12625beb56897805707fafc,7/23(‰Î) 17:12
piaeigat,‚Ò‚ ,K-POP‰¹ŠyöÜ®w2024 THE FACT MUSIC AWARDSx‚ÉNiziUAn.SSignAJO1ANewJeans‚ç16‘g‚ªo‰‰,https://news.yahoo.co.jp/articles/24031e78b915e957d886b57068d74fa3da34e2a7,7/23(‰Î) 15:50
piaeigat,‚Ò‚ ,w‰f‰æ THE3–¼—lƒ¶x¡‚Ü‚Å‚É‚È‚¢ƒXƒ^ƒCƒŠƒbƒVƒ…‚ÈƒLƒƒƒ‰ƒ|ƒXƒ^[3–‡ŒöŠJ@V‚½‚Èê–ÊÊ^‚à,https://news.yahoo.co.jp/articles/fe80f3c9d324edbcc6261547d98a8d434118e939,7/23(‰Î) 15:10
piaeigat,‚Ò‚ ,ƒuƒŒƒ“ƒ_ƒ“EƒtƒŒƒCƒU[‚ªƒAƒCƒ[ƒ“ƒnƒ[–ğ‚É’§í,https://news.yahoo.co.jp/articles/8a988a431a5863e3ffc567793e5b57257ce8567e,7/23(‰Î) 12:31
piaeigat,‚Ò‚ ,ƒfƒCƒW[EƒŠƒhƒŠ[å‰‰ìwXA„‚Íl‚¦‚éxŠÄ“ÂƒCƒ“ƒ^ƒrƒ…[Bu‹ó‘z‚ÍålŒö‚É‚Æ‚Á‚Ä•K—v‚È‚±‚Æv,https://news.yahoo.co.jp/articles/98287853c882342c64bd7900884162803acddfc0,7/23(‰Î) 12:04
piaeigat,‚Ò‚ ,EXILE TETSUYAƒCƒ“ƒ^ƒrƒ…[@’·‚­‘±‚¯‚é”éŒ‚ÍuƒXƒg[ƒŠ[‚ğ‹­—ó‚É‘å–‚É‚·‚é‚±‚Æv,https://news.yahoo.co.jp/articles/b761f84bd38ae0d09bae167393d53083d8a635fe,7/23(‰Î) 12:02
piaeigat,‚Ò‚ ,w‚è‚ñ‚²‰¹ŠyÕ2024x|ƒ|ƒ‹ƒVƒFAƒNƒŠƒgƒŠƒbƒNEƒŠƒX‚ç‘æ8’eo‰‰ƒA[ƒeƒBƒXƒg‚ğ”­•\,https://news.yahoo.co.jp/articles/e0d24931b2ae878318feab6e25decb2c2b91cbda,7/23(‰Î) 12:02
piaeigat,‚Ò‚ ,“d‹CƒOƒ‹[ƒ”35ü”N•ƒŠƒLƒbƒhƒ‹[ƒ€20ü”N‹L”Oƒ‰ƒCƒuA‚»‚Ìˆê•”nI‚ğƒŒƒ|[ƒg,https://news.yahoo.co.jp/articles/5270b8e970b0169846c0758935582a66bc668685,7/23(‰Î) 12:00
piaeigat,‚Ò‚ ,a’J‚·‚Î‚éAÔŒ¢‚Æ‚Ì‘Îƒoƒ“ƒ‰ƒCƒu‚Åg‘æ“ñÍhI—¹‚ğéŒ¾yƒIƒtƒBƒVƒƒƒ‹ƒŒƒ|[ƒgz,https://news.yahoo.co.jp/articles/85ab24c7352e9be414ad43a0d686c29516f832f5,7/23(‰Î) 11:32
piaeigat,‚Ò‚ ,ƒ~ƒjƒ`ƒ…ƒAÊ^‰ÆE“c’†’B–ç‚Ì‘å‹K–ÍŒÂ“WA8Œ1“ú‚æ‚è“ú–{‹´îà“‡‰®‚Å@uŒ©—§‚Äv‚Ìƒ~ƒjƒ`ƒ…ƒAì•i–ñ160“_‚ğ“ú–{‰ŒöŠJ,https://news.yahoo.co.jp/articles/18842ca7caa97e6095373273be55f6c90aa30011,7/23(‰Î) 11:30
piaeigat,‚Ò‚ ,ƒnƒ}EƒIƒJƒ‚ƒgŠˆ“®ÄŠJ@OKAMOTO'Sƒfƒrƒ…[15ü”N‹L”O47“s“¹•{Œ§ƒcƒA[ŠJÃ”­•\,https://news.yahoo.co.jp/articles/48ae76554a750e436bd3a42046786455391e9999,7/23(‰Î) 10:40
piaeigat,‚Ò‚ ,ìŒût“Ş‚ç‚ª‰‰‚¶‚éV¶g—q[ƒYh‚ªw¹™‚¨‚É‚¢‚³‚ñ THE MOVIEx‚É“oêI@–^SF’´‘åì‚ğœfœi‚Æ‚³‚¹‚éƒƒCƒLƒ“ƒO‰f‘œŒöŠJ,https://news.yahoo.co.jp/articles/c552a0601f074bea679d5035970f4224801bcf60,7/23(‰Î) 7:06
piaeigat,‚Ò‚ ,‰f‰æw³‘Ìx‰¡•l—¬¯‚ª5‚Â‚ÌŠç‚ğ‚Âw–¼è”z”Æ‚É@“Á•ñ‰f‘œ‚àŒöŠJ,https://news.yahoo.co.jp/articles/5befea366eb7698d31865c82cfe294e9ce6eb4b3,7/23(‰Î) 6:02
piaeigat,‚Ò‚ ,RHYMESTERA8‘g‚ÌƒQƒXƒg‚ª“oê‚µ‚½•“¹ŠÙŒö‰‰‚ğ‰f‘œì•i‰»@•›‰¹º‚É‚Í‰ª‘º–õK‚ªQ‰Á,https://news.yahoo.co.jp/articles/e4be383ec4773d9e840fb2152b43d04171ffdc18,7/22(Œ) 22:00
piaeigat,‚Ò‚ ,“Œ‹‰ŠúÕ“®A‰º–k‘òSHELTER‚ÆV‘ã“cFEVER‚ÅwƒgƒLƒ‡ƒVƒ‡ƒLƒtƒFƒXf24x‚ğŠJÃ,https://news.yahoo.co.jp/articles/f06e7c0c5cf0ede8471ad91019ebfa6031ae2f31,7/22(Œ) 21:02
piaeigat,‚Ò‚ ,WiennersA“Œãƒc[ƒ}ƒ“wW Dutch 2024 -Wienners 2MAN SHOW-xƒQƒXƒg‚ÉƒtƒŒƒfƒŠƒbƒNAƒLƒ…ƒEƒ\ƒlƒRƒJƒ~,https://news.yahoo.co.jp/articles/008b7fbd3673551fa234a98fdcb7d0e26ce07550,7/22(Œ) 20:01
piaeigat,‚Ò‚ ,‰f‰æƒcƒE‚½‚¿‚ª‘I‚ñ‚¾2024”N6Œ‚ÌƒxƒXƒg‰f‰æ‚Íwƒz[ƒ‹ƒhƒI[ƒo[ƒY ’u‚¢‚Ä‚¯‚Ú‚è‚ÌƒzƒŠƒfƒBxyŒƒCƒ`Ig‚Ò‚ ƒeƒ“hƒ‰ƒ“ƒLƒ“ƒOz,https://news.yahoo.co.jp/articles/864def8c526dde977afd6c5dd3e282d907d69f0f,7/22(Œ) 18:31
piaeigat,‚Ò‚ ,BEGINA–~ƒ}ƒ‹ƒVƒƒVer.u“Œ‹‰¹“ªvu’YBßv”zMƒŠƒŠ[ƒXŒˆ’è,https://news.yahoo.co.jp/articles/4ed92f661b7dde7bff4397717c255095b936221e,7/22(Œ) 18:00
piaeigat,‚Ò‚ ,ƒ~ƒ…[ƒWƒJƒ‹‰ã—¤‹L”O‚Å‰f‰æwƒvƒŠƒeƒBEƒE[ƒ}ƒ“x‚ğµ‘Òã‰f@”öã‰E‹ß‚É‚æ‚éƒAƒtƒ^[ƒg[ƒN‚àŠJÃ,https://news.yahoo.co.jp/articles/d0e4d614c98961a1ce7d770b4361d6a7569051b0,7/22(Œ) 18:00
piaeigat,‚Ò‚ ,ƒuƒ‰ƒs‚ÌƒXƒ^ƒ“ƒgƒ_ƒuƒ‹‚¾‚Á‚½’j‚ª‰f‰æŠÄ“Â‚Éã‚è‹l‚ß‚é‚Ü‚ÅBwƒtƒH[ƒ‹ƒKƒCxƒfƒ”ƒBƒbƒhEƒŠ[ƒ`ŠÄ“Â‚Ì‰Ø—í‚È‚é“]g,https://news.yahoo.co.jp/articles/d7589899eac47e9a0a438095564e4210bbfa0398,7/22(Œ) 17:10
piaeigat,‚Ò‚ ,ƒAƒCƒhƒ‹ƒOƒ‹[ƒvLarmeRA‰‚Ì‘S‘ƒ‰ƒCƒuƒcƒA[ŠJÃŒˆ’è@ƒƒ“ƒo[‚Ì’nŒ³‚È‚Ç‚Å‘S13Œö‰‰‚ğÀ{,https://news.yahoo.co.jp/articles/f9a25f76f98df6b6e00064b5e220173d7f62f521,7/22(Œ) 16:40
piaeigat,‚Ò‚ ,â“Œ–¤”V•‚Æ’†‘º™‘¾˜Yu”ªŒ”[—Á‰Ì•‘Šêv‘æˆê•”w‚ä‚¤‚ê‚¢‘İ‰®x‚ÅA•ƒ‚Æ“¯‚¶–ğ‚ğ‰–ğ‚Å‹Î‚ß‚é,https://news.yahoo.co.jp/articles/dc67afdf85884e24cde017cdff0a6d08ce4251df,7/22(Œ) 16:31
piaeigat,‚Ò‚ ,BRADIOAƒAƒ‹ƒoƒ€wPARTY BOOSTERxƒŠƒŠ[ƒXƒcƒA[ÅIŒö‰‰‚ÅŒ‹¬15ü”NƒLƒbƒNƒIƒtƒƒ“ƒ}ƒ“ŠJÃ‚ğ”­•\yƒIƒtƒBƒVƒƒƒ‹ƒŒƒ|[ƒgz,https://news.yahoo.co.jp/articles/0a8f75d1df3b062b23cd2ef4d786dacdd9e4f532,7/22(Œ) 15:20
piaeigat,‚Ò‚ ,wƒLƒ“ƒOƒ_ƒ€ ‘å«ŒR‚Ì‹AŠÒx‚ªV2@¡T‚Í6ì•i‚ª‰“oêy‰f‰æ“®ˆõƒ‰ƒ“ƒLƒ“ƒOz,https://news.yahoo.co.jp/articles/375d72cb187e389657e8d87eb64d2ba561793ce1,7/22(Œ) 14:50
piaeigat,‚Ò‚ ,"•SX˜aGAåÃƒCƒxƒ“ƒgwRock, Talk, Smokec.Drunk?x9ŒŠJÃŒˆ’è@ƒQƒXƒg‚Í•”LCHELSEA“n•Ó‘å’mEàV—³Ÿ",https://news.yahoo.co.jp/articles/adf529de5ad680707cc298e3fa3b851f1d1e587a,7/22(Œ) 13:30
piaeigat,‚Ò‚ ,yƒŒƒ|[ƒgz4l‚ÌƒLƒƒƒXƒg‚ª–a‚¬o‚·ã¿‚ÈƒJƒ‹ƒeƒbƒgBƒ~ƒ…[ƒWƒJƒ‹wƒ‰ƒtƒwƒXƒg`c‚³‚ê‚½‚à‚Ìxã‰‰’†,https://news.yahoo.co.jp/articles/7bc05b4c338ce733fdee0c12d7a0617c593055d7,7/22(Œ) 13:01
piaeigat,‚Ò‚ ,Lucky KilimanjaroAƒcƒA[ƒtƒ@ƒCƒiƒ‹ƒŒƒ|[ƒg@ƒfƒWƒ^ƒ‹EP2ì˜A‘±ƒŠƒŠ[ƒX•‘S‘ƒcƒA[ŠJÃ‚Ì”­•\‚à,https://news.yahoo.co.jp/articles/fde47cac95f4115e9cc5bbd48f38a5dd60f305a1,7/22(Œ) 12:53
piaeigat,‚Ò‚ ,Rí•Œ«lAwƒLƒ“ƒOƒ_ƒ€xƒVƒŠ[ƒYŒ¡ˆø‚Å“ú–{l‰‚ÌuThe Best from the East AwardvóÜ,https://news.yahoo.co.jp/articles/5ac0c4cd0c77a25e3846812b7211ba4a0f1d1698,7/22(Œ) 12:40
piaeigat,‚Ò‚ ,•‘‘äw“Œ•—•‘x2025”N‚Éã‰‰‚³‚ê‚éVìŒö‰‰2ƒ^ƒCƒgƒ‹‚ğ”­•\@ƒVƒŠ[ƒY‰‚ÌƒIƒ€ƒjƒoƒXì•i‚à,https://news.yahoo.co.jp/articles/add1d792a1312caa80546c0ad107c64ac8ba7b70,7/22(Œ) 12:40
piaeigat,‚Ò‚ ,¢ŠE‚Å—ğj“I‘åƒqƒbƒgIwƒCƒ“ƒTƒCƒhEƒwƒbƒh2xvtŠú‚ÌŠ´î‚ğuŒ©‚¦‚é‰»v‚µ‚½ƒsƒNƒT[VìƒAƒjƒy‚¨‚Æ‚È‚Ì‰f‰æƒKƒCƒhz,https://news.yahoo.co.jp/articles/da782084c8e61d66d7aa23bdcc006bd653a2ea4e,7/22(Œ) 12:07
piaeigat,‚Ò‚ ,ƒEƒB[ƒ“s‚­‚µ‚Ìˆê–é‚ğŠ¬”\@PMFƒI[ƒPƒXƒgƒ‰ “Œ‹Œö‰‰,https://news.yahoo.co.jp/articles/da108490fcf0f1146c7f7067759a1d2e5e7c96e9,7/22(Œ) 12:05
piaeigat,‚Ò‚ ,š“ß¬—¢‚ªŒê‚é‰f‰æwƒfƒbƒhƒv[ƒ‹x‚Ì–£—ÍBu•’Ê‚Ìƒq[ƒ[‰f‰æ‚Æ‹t‚ÌŠ´‚¶‚ª–Ê”’‚¢v,https://news.yahoo.co.jp/articles/5c1c8648f7e7e4f1fcae86da4fb277576066e242,7/22(Œ) 12:05
piaeigat,‚Ò‚ ,V–ØG“T~•Ğ‰ªç”V•Wå‰‰•‘‘äwƒqƒXƒgƒŠ[ƒ{[ƒCƒYxŠJ–‹@•‘‘äÊ^‚ª“’…,https://news.yahoo.co.jp/articles/5523e03994e6b5a8e8f06fe47b81fc413a4eb996,7/22(Œ) 12:04
piaeigat,‚Ò‚ ,ât—¢•ÛuŠy‚µ‚¢ŠÔ‚É‚È‚é‚Éˆá‚¢‚È‚¢v ‰Á“¡‘ñ–çìw‚ç‚ñ‚Ú‚¤‚à‚Ì‚ßxŠJ–‹,https://news.yahoo.co.jp/articles/2452b2457dce4b278b2d2a2ef7596c012af85b40,7/22(Œ) 12:03
piaeigat,‚Ò‚ ,wƒrƒŠ[EƒGƒŠƒIƒbƒgxŠJ–‹‚Ü‚Å‚ ‚Æ‚í‚¸‚©I@¬’·‚ğd‚Ë‚½4l‚ÌƒrƒŠ[‚É’¼Œ‚ƒCƒ“ƒ^ƒrƒ…[,https://news.yahoo.co.jp/articles/36f65967faa025bd9441cffc1f8dc07c4f2cd17d,7/22(Œ) 12:00
piaeigat,‚Ò‚ ,ICC‚Å‰ÄP—á‚Ìq‹ŸŒü‚¯ƒƒfƒBƒAEƒA[ƒg“W@2024”N‚ÍƒvƒƒOƒ‰ƒ~ƒ“ƒO‚ğƒe[ƒ}‚ÉŠJÃ,https://news.yahoo.co.jp/articles/8dd8f39e89574612f069a925f8902cbde0b34c22,7/22(Œ) 11:30
piaeigat,‚Ò‚ ,a flood of circleAV‹Èu’‚¯‚ç‚Ìv8Œ‚Ì–ì‰¹Œö‰‰‚Å”­•\•”zMƒŠƒŠ[ƒXŒˆ’è,https://news.yahoo.co.jp/articles/9be64bde4d8811bf85509a9986ba07c87f63bb86,7/22(Œ) 11:01
piaeigat,‚Ò‚ ,WILYWNKAA‘S‘5“ss‚ğ„‚é‰Ä‚ÌZEPPƒcƒA[‚ÌŠeƒQƒXƒg‚ğ”­•\@ƒtƒ@ƒCƒiƒ‹Œö‰‰‚É‚Í‘SƒQƒXƒg‚ªWŒ‹,https://news.yahoo.co.jp/articles/1a659e1543a3e6c29482b45d02de577d01f25445,7/22(Œ) 11:01
piaeigat,‚Ò‚ ,–k•Äƒ{ƒbƒNƒXƒIƒtƒBƒXAñˆÊ‚ÍwƒcƒCƒXƒ^[ƒYx,https://news.yahoo.co.jp/articles/b54d0be697cf7a70c5a084813ec437ddfecbf626,7/22(Œ) 10:40
piaeigat,‚Ò‚ ,‹g‘ò—I‚ªVƒnƒŠ[–ğ‚Æ‚µ‚Äƒfƒrƒ…[I wƒnƒŠ[Eƒ|ƒbƒ^[‚Æô‚¢‚Ìqx•‘‘äÊ^•ƒRƒƒ“ƒg“’…,https://news.yahoo.co.jp/articles/b0c3cc3046c76dc34ae2a259bb94d6d88424da7e,7/22(Œ) 10:01
piaeigat,‚Ò‚ ,wƒIƒbƒyƒ“ƒnƒCƒ}[x8Œ‚É‘S‘‚ÅƒAƒ“ƒR[ƒ‹ã‰fŒˆ’è@L“‡‚Å‚ÍÅIƒCƒxƒ“ƒg‚à,https://news.yahoo.co.jp/articles/71ae8020117a61d09ee26b82238862f8a4348fd1,7/22(Œ) 7:01
piaeigat,‚Ò‚ ,u‰½‚É‚Å‚à’§í‚µ‚½‚¢ ‚»‚ê‚ª—Œê‚ÉŠÒ‚Á‚Ä‚­‚é‚©‚çv–ö‰Æ‰Ô‚²‚ßƒCƒ“ƒ^ƒrƒ…[,https://news.yahoo.co.jp/articles/45cc37bd3abbe4a3757451a2eac1070e33eabfba,7/21(“ú) 21:00
piaeigat,‚Ò‚ ,sSKIPƒVƒeƒB‘ÛDƒVƒlƒ}‰f‰æÕ2024tÅ—DGì•iÜ‚ÍƒEƒYƒxƒLƒXƒ^ƒ“‚ÌV‰sŠÄ“Â‚É‚æ‚éw“ú—j“úx,https://news.yahoo.co.jp/articles/7acab83e45ddfc5be6ba8f4b32e3d8c0a8595227,7/21(“ú) 19:40
piaeigat,‚Ò‚ ,ŒÃ¡’à—C•ã‚ª©ì‰ö’kwQqx‚Æ‚»‚Ì‘O“úæw—x‚ğˆê‹“Œû‰‰w—C•ãAƒTƒvƒ‰ƒCƒY“Á•Ê•Ò #4x,https://news.yahoo.co.jp/articles/d0c2c9e65be313b70e98f32021f9781441c5a4b6,7/21(“ú) 18:01
piaeigat,‚Ò‚ ,‘å‘Š–o_ŒËêŠ‚ğ‹L”O‚µ‚Äs“à‚Ég_ŒËêŠƒoƒXh‚ª“oê,https://news.yahoo.co.jp/articles/84303d901fd26075e7f1a55be1e57ae5f7067e20,7/21(“ú) 12:05
piaeigat,‚Ò‚ ,wƒS[ƒ‹ƒfƒ“ƒJƒ€ƒC \–kŠC“¹hÂúl‘ˆ’D•Ò\x•ú‘—E”zM“úŒˆ’è@VƒLƒƒƒ‰ƒNƒ^[•ÅV—\•Ò‰f‘œ‚àŒöŠJ,https://news.yahoo.co.jp/articles/fceb1e1e329a729a014cc6bb7c6c7b2f8b33d2ce,7/21(“ú) 12:03
piaeigat,‚Ò‚ ,–ö’àsõ‚³‚ñAt•—’à¸‚è‚ñ‚³‚ñ@‚²‚Ğ‚¢‚«Šè‚¢‚Ü‚·I,https://news.yahoo.co.jp/articles/325a0081d59b4f7c779c54cf2cf44600d365c73a,7/21(“ú) 12:02
piaeigat,‚Ò‚ ,ƒ_ƒbƒtƒB[‚ÌuƒGƒRƒoƒbƒOv‚ª‚³‚ç‚Éi‰»@‘•¿‚Å‰Âˆ¤‚­‚Äƒg[ƒgƒoƒbƒO‚Æ‡‚í‚¹‚½‚¢I,https://news.yahoo.co.jp/articles/9450ab5dd45b86cc90010801c89460903d4059f5,7/21(“ú) 10:00
piaeigat,‚Ò‚ ,WEST.‹ËRÆjå‰‰‚ÌƒRƒƒfƒBƒ~ƒ…[ƒWƒJƒ‹wƒOƒ‰ƒEƒ“ƒhƒzƒbƒOEƒf[xã‰‰Œˆ’è@‰‰o‚Í•Ÿ“c—Yˆê‚ª’S“–,https://news.yahoo.co.jp/articles/809a32646966c73a78afd30f1b149c3780c55267,7/21(“ú) 4:00
piaeigat,‚Ò‚ ,R–{kju–l‚ªo‚é‚±‚Æ‚Í‚à‚¤‚È‚¢‚Æv‚Á‚Ä‚¢‚½vÄ‚Ñƒ}[ƒN‚ğ‰‰‚¶‚éwRENTx‚Ì–£—Í,https://news.yahoo.co.jp/articles/bee90b0f71d44487916793a4754f1ed9a3cfbb13,7/20(“y) 12:00
piaeigat,‚Ò‚ ,GU‚Ìuƒ{ƒŠƒ…[ƒ€ƒ\[ƒ‹ƒe[ƒvƒTƒ“ƒ_ƒ‹v‚ª‰õ“K‰ß‚¬‚½I@ƒ‰ƒCƒ“‚ªƒLƒŒƒC•’É‚­‚È‚¢u—DGƒTƒ“ƒ_ƒ‹v‚ğƒŒƒrƒ…[,https://news.yahoo.co.jp/articles/301d0e8e62fea1c2263480a36a1fff3f164be277,7/20(“y) 10:01
piaeigat,‚Ò‚ ,THE ALFEE“WwTHE ALFEEfS LEGACY `50”N‚Ì‘«Õ`x‘S‘‚Ì•S‰İ“X‚ÅŠJÃŒˆ’è,https://news.yahoo.co.jp/articles/598d038c77bdcc7073136eaac5671f8fadd60bd3,7/20(“y) 10:01
piaeigat,‚Ò‚ ,•—ŠÔr‰î‚ª–ñ3”N‚Ô‚è‚É’P“Æå‰‰‚ğ–±‚ß‚é•‘‘äwƒ‚ƒ“ƒXƒ^[xã‰‰Œˆ’èuŒ»‘ã‚ğ¶‚«‚é‘S‚Ä‚Ìl‚ÉŠÏ‚Ä‚¢‚½‚¾‚«‚½‚¢v,https://news.yahoo.co.jp/articles/3d9974193ec1b324169fc63d7f124ed26624f522,7/20(“y) 4:00
piaeigat,‚Ò‚ ,‘æ2‰ñPSYCHIC FES‚ÉŒü‚¯‚½gƒ„ƒ}ƒgƒpƒ“ƒNƒX‚ÌƒXƒ^[ƒg’n“_‚É‚ ‚éƒoƒ“ƒhh‚Éº‚ğ‚©‚¯‚Ä‚ÌÀ’k‰ï,https://news.yahoo.co.jp/articles/b954b17fc1fb385fe69efd1228a2f62fcc41e113,7/19(‹à) 21:01
piaeigat,‚Ò‚ ,KOTORIåÃƒtƒFƒXwTORI ROCK FESTIVAL 2024xƒnƒ‹ƒJƒ~ƒ‰ƒCAyonigeAAge Factory‚ç‚Ìo‰‰‚ªŒˆ’è@‘SƒA[ƒeƒBƒXƒg‚ªo‘µ‚¤,https://news.yahoo.co.jp/articles/bbe9a5c5a1e6499905d0ecfca35afad85f2ef736,7/19(‹à) 20:01
piaeigat,‚Ò‚ ,•”LCHELSEAAV‘Ì§‰ƒƒ“ƒ}ƒ“ƒ‰ƒCƒuƒŒƒ|[ƒguƒoƒ“ƒh‚Á‚Ä‚¢‚¤‚Ì‚ÍAÅ‚‚Á‚·‚ËBŠy‚µ‚¢‚Å‚·Iv,https://news.yahoo.co.jp/articles/dceeadb1ea2a2a0d30e59b42b95cadeda33ffb6f,7/19(‹à) 20:00
piaeigat,‚Ò‚ ,‘—§‰ÈŠw”•¨ŠÙ‚É‚Ä30–œl‚ª—ˆêB“Á•Ê“Ww“Åx‚ª–¼ŒÃ‰®‚É‚ÄŠJÃ’†,https://news.yahoo.co.jp/articles/9e024b553517ad3f9f56f70d41ba0de07c55d82a,7/19(‹à) 19:02
piaeigat,‚Ò‚ ,wBOLERO -ÅIÍ-xŠJ–‹@•‘‘äÊ^•ƒLƒƒƒXƒgƒRƒƒ“ƒg“’…uÅIÍ‚Í—Bˆê–³“ñA‰ß‹Å‚‚Ìì•i‚É‚È‚Á‚½v,https://news.yahoo.co.jp/articles/ecf6acf78bc2ae21ea3e44b6e31573f993d849ad,7/19(‹à) 18:20
piaeigat,‚Ò‚ ,wVƒeƒjƒX‚Ì‰¤q—lxThe Fourth StageA¡–q‹P—®‚çU-17“ú–{‘ã•\ƒLƒƒƒXƒg‚ÌƒRƒƒ“ƒg“’…,https://news.yahoo.co.jp/articles/1a3ff162232a0d8e1c03961c1b1bfa7342588140,7/19(‹à) 18:11
piaeigat,‚Ò‚ ,ƒ‰ƒCƒuƒCƒxƒ“ƒgwFREAKY & GROOVY PARTYx“S•—“Œ‹APK shampoo‚çÅIo‰‰Ò”­•\,https://news.yahoo.co.jp/articles/b498a318080ed61ff05e53dc71d1144f2e860919,7/19(‹à) 18:05
piaeigat,‚Ò‚ ,“ï“GƒCƒ^ƒŠƒA‚Æ‚ÌƒTƒ}[ƒV[ƒYƒ“ÅIí‚ÖAƒWƒ‡[ƒ“ƒY“ú–{‘ã•\HCuÅ‚‚Ì€”õ‚ª‚Å‚«‚½v,https://news.yahoo.co.jp/articles/3d556b23964d8bd1afea2667096bf00f318533a3,7/19(‹à) 18:01
piaeigat,‚Ò‚ ,u‚Ò‚ —Œê‚´‚ñ‚Ü‚¢vV’…“®‰æƒ‰ƒCƒ“ƒAƒbƒv”­•\@˜Q‹È‚ªV‚½‚É’Ç‰Á,https://news.yahoo.co.jp/articles/4bc2848b02eddd3e32510079ee8ee01c19733f21,7/19(‹à) 18:01
piaeigat,‚Ò‚ ,w“à“¡—ç@¶‚Ü‚ê‚Ä‚¨‚¢‚Å ¶‚«‚Ä‚¨‚¢‚ÅxƒŒƒ|[ƒg@“ê•¶‚Ì“y»•i‚ÉŒ©o‚·‚©‚Â‚Ä‚Ìu¶v‚Ì­Õ,https://news.yahoo.co.jp/articles/63052876bcabad6d845070b5f4ce3e93d8843d4d,7/19(‹à) 18:00
piaeigat,‚Ò‚ ,NOT WONK ‰Á“¡C•½”­ˆÄA •\Œ»‚ÌŒğŠ·swFAHDAY2024x‚ÌƒvƒŒƒCƒxƒ“ƒg‚ª“Œ‹‚Å‰ŠJÃ@‘S6‘g‚Ìo‰‰Ò‚à”­•\,https://news.yahoo.co.jp/articles/0ee490ddd7fcc3582a06c80bb4ac084bdaa8aefe,7/19(‹à) 18:00
piaeigat,‚Ò‚ ,”öã¼–çu–`“ª‚©‚çŒ‹––‚Ü‚ÅƒƒNƒƒNv@–k‘º‘zw•v•wƒpƒ‰ƒ_ƒCƒX`ŠX‚Ì“”‚Í‚»‚±‚É`x‚Å‘‚İ‚«‚ê‚È‚¢ƒNƒY‚È•v‚É,https://news.yahoo.co.jp/articles/246c500c043debd8a3cfe42a1e77a76b65bb3e9f,7/19(‹à) 17:04
piaeigat,‚Ò‚ ,™–ì—y—º‚¶‚á‚È‚¢‚Æ¬—§‚µ‚È‚¢I@ƒ_ƒƒ_ƒŒ©K‚¢˜gˆé•”ˆé•º‰qh‚Ì‚®‚¤‚½‚çƒ‰ƒCƒtA–{“ú‘æ2˜b•ú‘—I,https://news.yahoo.co.jp/articles/767aee84d417e606836154b330aacd4613b1d3d0,7/19(‹à) 17:02
piaeigat,‚Ò‚ ,109ƒVƒlƒ}ƒYƒvƒŒƒ~ƒAƒ€VhA¶ƒ‰ƒCƒuƒCƒxƒ“ƒgwSAION MUSIC LIVEx8Œ25“úŠJÃŒˆ’èI,https://news.yahoo.co.jp/articles/790077c5d249aa4fb46c65eb36643cf318f942aa,7/19(‹à) 16:20
piaeigat,‚Ò‚ ,¡”N‚Í9Œ15“ú‚©‚ç29“ú‚ÉŠJÃI u“Œ‹Œ|pÕ 2024vV‚½‚È’Ç‰ÁƒvƒƒOƒ‰ƒ€”­•\,https://news.yahoo.co.jp/articles/ec7765d57d76dc4736c46d51c88aca967f8b1def,7/19(‹à) 13:02
piaeigat,‚Ò‚ ,“nç³”ü•ä•INI–Ø‘º–Æƒ_ƒuƒ‹å‰‰w‚ ‚½‚µ‚ÌIx‘}“ü‰Ì‚Íƒ`ƒ‡[ƒLƒ…[ƒƒC‚ª’S“–@‹¹ƒLƒ…ƒ“‚ÈVê–ÊÊ^‚àŒöŠJ,https://news.yahoo.co.jp/articles/0f78a079b795ddd5876612587fb9c3414a4840ae,7/19(‹à) 13:00
piaeigat,‚Ò‚ ,w‚±‚Ì‚ë‚­‚Å‚à‚È‚¢¢ŠE‚Åxƒ\ƒ“EƒWƒ…ƒ“ƒM‚Ì”ß‚µ‚¢‰ß‹‚ª–¾‚ç‚©‚É‚È‚é–{•Ò‰f‘œŒöŠJ,https://news.yahoo.co.jp/articles/bbb30ffaec439ff985e48036cef928722fb62f7d,7/19(‹à) 12:05
piaeigat,‚Ò‚ ,‹{‘ò‚è‚¦~²“¡“ñ˜Nw‚»‚Ì‚¢‚Ì‚¿xƒƒCƒ“ƒrƒWƒ…ƒAƒ‹ŒöŠJ@VƒLƒƒƒXƒg‚ÌƒRƒƒ“ƒg‚à“’…,https://news.yahoo.co.jp/articles/c5526e1bba3ac551b951147e79be735baace51c7,7/19(‹à) 12:05
piaeigat,‚Ò‚ ,wƒƒCEƒfƒBƒZƒ“ƒo[ ‚ä‚ê‚é^Àx¸_‰Èˆã‚ª“oêl•¨‚Ì“à–Ê‚ğŒê‚é@V‚½‚È–{•Ò‰f‘œ‚àŒöŠJ,https://news.yahoo.co.jp/articles/219e8a9b9686f67c5bef7d43658ce28aeeef66da,7/19(‹à) 12:05
piaeigat,‚Ò‚ ,wƒ|[ƒ‹Eƒ}ƒbƒJ[ƒgƒj[Ê^“Wx“Œ‹E˜Z–{–Ø‚ÅŠJ–‹@–{lB‰e‚Ì”é‘ Ê^ŠÜ‚ßg‘ã‚Ì”M‹¶hØ‚èæ‚é–ñ250“_‚ğ“W¦,https://news.yahoo.co.jp/articles/d2af42c6860b520752cc713c7aeb5d00d2681090,7/19(‹à) 12:03
piaeigat,‚Ò‚ ,GAKU-MCAƒ\ƒƒfƒrƒ…[25ü”N‹L”OƒAƒ‹ƒoƒ€”­”„Œˆ’è@í—FERHYMESTER‚Æ‚ÌƒRƒ‰ƒ{‹È‚àû˜^,https://news.yahoo.co.jp/articles/76e45840dc79cb037e798a21bfd1fc6bd4291da3,7/19(‹à) 12:02
piaeigat,‚Ò‚ ,Rí”üpŠÙ‚ªŠ‘ ‚·‚é“ŒRŠ@ˆÎ‚Ìì•i‚ğ‘S“_ŒöŠJw“ŒRŠ@ˆÎ‚Æ“ú–{‚Ì‰Äx7Œ20“ú‚©‚ç,https://news.yahoo.co.jp/articles/8837946099562118b85e273afdca6963c7c11f5c,7/19(‹à) 11:32
piaeigat,‚Ò‚ ,wGrasshopper vol.26xŠJÃŒˆ’è@¡‰ñ‚Í‚¦‚ñ‚Õ‚Ä‚¢AgoetheAGeloomy‚É‚æ‚éƒXƒŠ[ƒ}ƒ“‚É,https://news.yahoo.co.jp/articles/78043822c8ea552fdaf4b47707401d83b0ffdc3b,7/19(‹à) 11:11
piaeigat,‚Ò‚ ,ƒVƒƒ[ƒŠ[ƒYEƒZƒƒ“‚ªwAplexx‚Éå‰‰,https://news.yahoo.co.jp/articles/2bdbb69ba3b7ae8489d6ebf848a104aaa2d76f74,7/19(‹à) 10:31
piaeigat,‚Ò‚ ,ƒtƒ‰ƒbƒh~ƒ‰ƒEƒ“ƒW~w.o.d.‚ªƒXƒvƒŠƒbƒgƒcƒA[wBAND BOOMx‚ğŠJÃ@ƒRƒ“ƒZƒvƒg‚Íu‰i‰“‚Ìƒoƒ“ƒhƒu[ƒ€v,https://news.yahoo.co.jp/articles/bd4d227738edd2c44ca1d8f6a9d7c84ecfe9d3dd,7/18(–Ø) 22:00
piaeigat,‚Ò‚ ,•ª’f‚³‚ê‚½ƒAƒƒŠƒJ‚Å“àí‚ª–u”­I@A24jãÅ‘å‹K–ÍwƒVƒrƒ‹EƒEƒH[ ƒAƒƒŠƒJÅŒã‚Ì“úx–{—\•ƒ|ƒXƒ^[ŒöŠJ,https://news.yahoo.co.jp/articles/6dc4bbef24ab156ec9c01d8462824327c33e966f,7/18(–Ø) 18:02
piaeigat,‚Ò‚ ,KENZO‚Ì‘nİÒAîà“cŒ«O‚Ì‘å‹K–ÍŒÂ“W‚ªŠJ–‹@‰Ô•¿‚âƒtƒH[ƒNƒƒA‚È‚ÇF‘N‚â‚©‚Èˆß‘•‚ªˆê“°‚É,https://news.yahoo.co.jp/articles/b9db7e33eb39b402b5b0874694b25ee93c63d91b,7/18(–Ø) 18:02
piaeigat,‚Ò‚ ,‹âˆÇBOYZA10ƒJŒ‚É‚í‚½‚é’e‚«Œê‚èƒcƒA[ÅI“ú‚ğƒŒƒ|[ƒg@ƒQƒXƒg‚ÌTOMOVSKY‚ğŒ}‚¦‚Ä47“s“¹•{Œ§Š®‘–I,https://news.yahoo.co.jp/articles/8db627dbb2c23f7a56c717a58f60f1f1ed666ff3,7/18(–Ø) 18:02
piaeigat,‚Ò‚ ,u‚Ò‚ —Œê‚´‚ñ‚Ü‚¢vŒŠÔ‹’®‰ñ”ƒ‰ƒ“ƒLƒ“ƒO”­•\@–ö‰Æ‰Ô—Î‚Ìw–ö“cŠi”Vix‚ª1ˆÊ‚É,https://news.yahoo.co.jp/articles/fc88cf2d7075b724dd260242611a3d3535ad98d6,7/18(–Ø) 17:10
piaeigat,‚Ò‚ ,ƒ~ƒ…[ƒWƒJƒ‹wƒ‰ƒuEƒlƒo[Eƒ_ƒCxƒLƒƒƒXƒg•Œö‰‰“ú’ö”­•\@“c‘ã–œ—¢¶A‰Á“¡˜a÷‚ç‚Ìo‰‰Œˆ’è,https://news.yahoo.co.jp/articles/739b0067dc0e63253b69ee35c97f39f7ca416779,7/18(–Ø) 17:00
piaeigat,‚Ò‚ ,wSHOGUN «ŒRx‘æ76‰ñƒGƒ~[Ü‚ÅjãÅ‘½11–¼‚Ì“ú–{l‚ªƒmƒ~ƒl[ƒg,https://news.yahoo.co.jp/articles/fb4632e3903269379cfc009415d4776f5fc43284,7/18(–Ø) 16:30
piaeigat,‚Ò‚ ,wBAYCAMP 2024x‘æ5’eo‰‰ƒA[ƒeƒBƒXƒg‚Å–Y‚ê‚ç‚ñ‚Ë‚¦‚æA’´™Ğ‰ï“IƒTƒ“ƒ_ƒ‹‚ç7‘g‚ªQíŒˆ’è,https://news.yahoo.co.jp/articles/998a56a3246d7555a3e780d57df9301844d0fdb2,7/18(–Ø) 13:02
piaeigat,‚Ò‚ ,”’”M‚Ì—§‚¿‹ZŠi“¬‹ZuSHOOT BOXING 2024 act.4v‚ª8Œ‚ÉŠJÃ,https://news.yahoo.co.jp/articles/e750bd5abe1f57e30d7c5bd21f102f1f4680b280,7/18(–Ø) 13:01
piaeigat,‚Ò‚ ,uƒEƒ‹ƒgƒ‰ƒ}ƒ“ƒVƒŠ[ƒYv‚Ìƒo[ƒ`ƒƒƒ‹ƒT[ƒrƒX‚ªƒXƒ^[ƒg@uƒEƒ‹ƒTƒ}v‚Æ‚Ì˜A“®ƒLƒƒƒ“ƒy[ƒ“‚à,https://news.yahoo.co.jp/articles/6eda6053a6e9110aee8f0b55bf97c9dec44b2a77,7/18(–Ø) 13:01
piaeigat,‚Ò‚ ,‚µ‚¸‚¿‚á‚ñ‚ª—öl‚Æ•Ê‚ê‚½‚Î‚©‚è‚Ì•ÙŒìm–ğ‚É@V‘—§Œ€êwƒUEƒqƒ…[ƒ}ƒ“ƒY x‘SƒLƒƒƒXƒg”­•\,https://news.yahoo.co.jp/articles/4d1017bb841d48cdbf5c2168199780b43ae02c56,7/18(–Ø) 12:06
piaeigat,‚Ò‚ ,ƒ\ƒjƒ“‚ªå‰‰A–óŒ‚àèŠ|‚¯‚éƒ~ƒ…[ƒWƒJƒ‹wƒ‰ƒtƒwƒXƒg`c‚³‚ê‚½‚à‚Ìx–{“úŠJ–‹,https://news.yahoo.co.jp/articles/2c6d8d0af3a32f583762b74b0c077467c2ba6628,7/18(–Ø) 12:06
piaeigat,‚Ò‚ ,FANTASTICS²“¡‘å÷E’†“‡éD‘¾E£Œûêt–í‚ªg“¦‚°‚¸‚É‘Ï‚¦Ø‚Á‚½h‚±‚ÆuZZ‚ÍA‚æ‚è—Ç‚¢ƒpƒtƒH[ƒ}ƒ“ƒX‚ÉŒ‡‚©‚¹‚Ü‚¹‚ñIv,https://news.yahoo.co.jp/articles/405f6cd785eec39f39cbd33b53db6b21a1fdba54,7/18(–Ø) 12:05
piaeigat,‚Ò‚ ,’rã²‚ª‰f‰æ‚Å¢ŠE‚ğ‰ğàIw–é‚ÌŠO‘¤ ƒCƒ^ƒŠƒA‚ğk‚³‚¹‚½55“úŠÔx„Ÿ„Ÿ“Œ¼—âí‚Ì‚³‚È‚©‚É‹N‚«‚½Œ³ñ‘Š—U‰û–Œ,https://news.yahoo.co.jp/articles/5f502aa9af0136f84f81a0533f8828ef0e6508a3,7/18(–Ø) 12:03
piaeigat,‚Ò‚ ,GRAPEVINEA‹Á‚«‚ÆŠì‚Ñ‚ª1‹È–Ú‚©‚çƒAƒ“ƒR[ƒ‹‚Ü‚Å‘±‚¢‚Ä‚¢‚­“ú”ä’J–ì‰¹ƒƒ“ƒ}ƒ“‚ğƒŒƒ|[ƒg,https://news.yahoo.co.jp/articles/f275db734921de9231cac4d3726bb0c7ecfd9845,7/18(–Ø) 12:02
piaeigat,‚Ò‚ ,ƒ~ƒƒRƒ}ƒ`ƒR‚ç©‘R‚É[‚­ŠÖ‚í‚è§ì‚·‚é5l‚ğĞ‰îw‘å’n‚É¨‚ğ‚·‚Ü‚·@‹C”z‚Æè‚´‚í‚èx“Œ‹“s”üpŠÙ‚Å,https://news.yahoo.co.jp/articles/541ad4ad7fe5ba6a08b1b618a3b2998c122036b6,7/18(–Ø) 11:32
piaeigat,‚Ò‚ ,BABYMETALAMOMOMETAL¹’aƒ‰ƒCƒu‰f‘œì•i‚ªƒIƒŠƒRƒ“’ÊZ7ì–Ú‚Ì1ˆÊ‚ğŠl“¾,https://news.yahoo.co.jp/articles/d8f897acbc4b17b3030b28d115bcf3de58b25eab,7/18(–Ø) 10:31
piaeigat,‚Ò‚ ,‘ål‚Ì’‡ŠÔ“ü‚è‚ğ‚µ‚½—é–Ø•ŸBRw’è‰f‰æwƒfƒbƒhƒv[ƒ‹•ƒEƒ‹ƒ”ƒ@ƒŠƒ“x‚ğ‚â‚Á‚ÆŠÏ‚ç‚ê‚éŠì‚Ñ‚ğŒê‚é,https://news.yahoo.co.jp/articles/178247ae3404d5bbd9fd0d60d388e6c1cf90ece4,7/18(–Ø) 10:00
piaeigat,‚Ò‚ ,ƒ}ƒCƒPƒ‹EƒWƒƒƒNƒ\ƒ“‚Ì“`‹L‰f‰æwMichaelxiŒ´‘èj2025”N“ú–{ŒöŠJŒˆ’è,https://news.yahoo.co.jp/articles/74798a25b604de98266ece557b936f79ce969439,7/18(–Ø) 7:07
piaeigat,‚Ò‚ ,‰f‰æw‚Ó‚ê‚éBx‰i£—õEâ“Œ—´‘¿E‘O“cŒ‘¾˜Y‚ÌƒAƒtƒŒƒR‰f‘œ•–{ƒ|ƒXƒ^[ŒöŠJ,https://news.yahoo.co.jp/articles/ffe3f61aa2a953841c0cb1f4768e037e2efe8c8b,7/18(–Ø) 4:00
piaeigat,‚Ò‚ ,peanut buttersAƒTƒ|[ƒgƒ{[ƒJƒ‹g‚Î‚È‚È‚ ‚¢‚·h‚ª³®‰Á“ü@V‹Èu‚ ‚¢‚Ö‚¢‚Æv”zM•MVŒöŠJ,https://news.yahoo.co.jp/articles/b103b2d96f43646f06146db491c3d6164e4dce75,7/17(…) 21:02
piaeigat,‚Ò‚ ,NEWLY~Cwondo~aryy@gƒ‰ƒCƒuƒV[ƒ“~ƒNƒ‰ƒuƒV[ƒ“h‚ğƒRƒ“ƒZƒvƒg‚É‚µ‚½wGrasshopper WEST vol.3xƒ‰ƒCƒuƒŒƒ|[ƒg,https://news.yahoo.co.jp/articles/d9a73cd472d759eafb4f513a6b3aa427830f06f6,7/17(…) 20:01
piaeigat,‚Ò‚ ,–{‹C‚Å”„‚ê‚½‚¢ƒAƒCƒhƒ‹‚ªC;ON‚Ìƒƒ“ƒ}ƒ“QíI“Á•ÊŠé‰æwLucky 7 StagexŠJÃ”­•\•o‰‰Ò5‘gŒˆ’è,https://news.yahoo.co.jp/articles/9558fbd896cc9148794345568a675a3f31583339,7/17(…) 20:00
piaeigat,‚Ò‚ ,‘åãEŠÖ¼–œ”Œö®ƒLƒƒƒ‰‚Ìƒ~ƒƒƒNƒ~ƒƒƒN‚Æˆê‚É—x‚ë‚¤I@SPƒTƒ|[ƒ^[‚ÌˆÉŒ´˜Z‰Ô‚àƒ_ƒ“ƒX‚É’§í,https://news.yahoo.co.jp/articles/3b3b51629564f0dffc61176911b7e3c82bd0a833,7/17(…) 19:12
piaeigat,‚Ò‚ ,sìš£\˜Y‚ª‘å¯—R—Ç”V•‚ğ‰–ğ‚Å‹Î‚ß‚éw‘o‰¼–¼è–{O¡ — •\’‰b‘ xã‰‰Œˆ’è,https://news.yahoo.co.jp/articles/65107c276207a6a2d8f8d9e8d3ed86adca63d95e,7/17(…) 19:12
piaeigat,‚Ò‚ ,‰‚Ì’P“ÆƒAƒŠ[ƒiƒcƒA[Š®‘–IuFANTASTICS LIVE TOUR 2024 gINTERSTELLATIC FANTASTICh -THE FINAL-vƒ‰ƒCƒuƒŒƒ|[ƒg,https://news.yahoo.co.jp/articles/b576bb08f8c793b9dc9384d0caa4cbe1264e5843,7/17(…) 18:02
piaeigat,‚Ò‚ ,KAN‚ğ•ç‚¤ƒ~ƒ…[ƒWƒVƒƒƒ“‚ªW‚¤wKANƒ^[ƒrƒŒx‚ÉASKAA÷ˆä˜aõARè‚Ü‚³‚æ‚µA˜a“c¥‚ç‚ªo‰‰,https://news.yahoo.co.jp/articles/d73f9e07791a6ad587a62ee78251554626fc1949,7/17(…) 18:01
piaeigat,‚Ò‚ ,•‘‘äw×‹›‘à^ƒWƒƒƒbƒRƒ^ƒCx ×‹›‘àƒƒ“ƒo[5l‚ª‘µ‚Á‚½ƒƒCƒ“ƒrƒWƒ…ƒAƒ‹ŒöŠJ,https://news.yahoo.co.jp/articles/8637bdc487374d468b3b6b36129de26776c3a17e,7/17(…) 18:00
piaeigat,‚Ò‚ ,8”N‚Ô‚è‚É’†‘ºŠ¨‹ã˜YE’†‘ºµ”V•‚ª“oêw–¾¡À \ˆêŒ‰ÔŒ`‰Ì•‘Šêx‰‰–Ú•”z–ğ”­•\,https://news.yahoo.co.jp/articles/89e76db83fcaae4c5ff81462dea19d112af23563,7/17(…) 17:00
piaeigat,‚Ò‚ ,ât—¢•Ûuv‚¢‚à‚æ‚ç‚È‚¢gHh‚àŠy‚µ‚İ‚½‚¢v‰Á“¡‘ñ–çìw‚ç‚ñ‚Ú‚¤‚à‚Ì‚ßx‚Å8Î‚Ì’j‚Ìq‚É,https://news.yahoo.co.jp/articles/0efe5eadd42aded4b22187ebbecfe5cb5f082310,7/17(…) 17:00
piaeigat,‚Ò‚ ,ˆ¨‚í‚©‚È•–Ø‘º’B¬‚Ìp‚ª@”’ˆäW‰‰owƒZƒcƒAƒ“‚Ì‘PlxƒƒCƒ“ƒrƒWƒ…ƒAƒ‹ŒöŠJ,https://news.yahoo.co.jp/articles/42c274e08f7a12e790786e6099abf3a1c443de48,7/17(…) 14:50
piaeigat,‚Ò‚ ,ƒQƒXƒg‚ÍƒNƒŒƒCƒW[ƒPƒ“ƒoƒ“ƒhI@Suchmos‚ÌYONCE—i‚·‚éƒjƒ…[ƒoƒ“ƒhuHediganfsv‚ª9Œ‚É‰‚Ì©åŠé‰æƒ‰ƒCƒu‚ğŠJÃ,https://news.yahoo.co.jp/articles/341542bf1a4068a2ddb85661356f14ad5208f776,7/17(…) 14:20
piaeigat,‚Ò‚ ,TogozAƒ|ƒbƒv‚¾‚¯‚Çâ‚µ‚°‚ÈŠy‹È‚ğ‹l‚ß‚ñ‚¾1st EPwŒHxƒŠƒŠ[ƒX@ƒ‰ƒCƒi[ƒm[ƒc‚àŒöŠJ,https://news.yahoo.co.jp/articles/cab73fde3745db56721cd54dc9c4047830ffb212,7/17(…) 13:50
piaeigat,‚Ò‚ ,ƒƒbƒLƒ“ƒOEƒIƒ“åÃ‚ÌV‚½‚Èƒjƒ…[ƒCƒ„[—mŠyƒtƒFƒXwrockinfon sonicxŠJÃŒˆ’è,https://news.yahoo.co.jp/articles/f39703a6536bbe30c59174244c085b82a4631544,7/17(…) 12:51
piaeigat,‚Ò‚ ,ƒgƒƒ“ƒg‰f‰æÕŠJ–‹ì•i‚ÉwNutcrakersx,https://news.yahoo.co.jp/articles/908e9a249f7cfed273ba6c341398910d568ddd87,7/17(…) 12:40
piaeigat,‚Ò‚ ,LiLiCou‘z‘œ‚ğ‚Í‚é‚©‚É’´‚¦‚½IvwƒLƒ“ƒOƒ_ƒ€ ‘å«ŒR‚Ì‹AŠÒxScreenX with Dolby Atmos”Å‚ğŒê‚é,https://news.yahoo.co.jp/articles/41c969fccb1bf21e5b6fc24fea29bad17a808484,7/17(…) 12:30
piaeigat,‚Ò‚ ,´q–ç•™^’ˆƒ_ƒuƒ‹å‰‰wƒIƒAƒVƒXxˆÉ“¡–œ—‰ØA’Ã“cŠ°¡‚çƒI[ƒ‹ƒLƒƒƒXƒg”­•\•ƒRƒƒ“ƒg“’…,https://news.yahoo.co.jp/articles/b46d030423171d7e46ee02f7ca65ab523eb7a144,7/17(…) 12:11
piaeigat,‚Ò‚ ,ì¼‘ñÀE–Ø‘SãÄ–çE‹àé•ÉŠC‚Ì’§íu‚±‚ÌOl‚ÅŒ»ê‚És‚¯‚½‚©‚ç‹Ù’£Š´‚É’×‚³‚ê‚È‚©‚Á‚½v,https://news.yahoo.co.jp/articles/b0089c113922b55951dc7c13cf58c6477857c3b8,7/17(…) 12:04
piaeigat,‚Ò‚ ,ƒgƒŠƒvƒ‹ƒtƒ@ƒCƒ„[A7”N‚Ô‚è‚ÌƒAƒ‹ƒoƒ€wEXTRAx”­”„Œˆ’è@û˜^‹Èu‘ŠÈ‰®‚És‚«‚½‚¢væs”zMƒXƒ^[ƒg,https://news.yahoo.co.jp/articles/d3fafedf31548370b6b737f135a6cf0834935759,7/17(…) 12:01
piaeigat,‚Ò‚ ,ƒnƒ“ƒuƒŒƒbƒ_[ƒYAP—á‘Îƒoƒ“ƒcƒA[wH‚ÌƒO[ƒpƒ“‚Ü‚Â‚èZ 2024x‘S‘5“ss‚ÅŠJÃŒˆ’è,https://news.yahoo.co.jp/articles/bd8e3690b5b06fc4dcda6c727bdc68c233fe276d,7/17(…) 12:01
piaeigat,‚Ò‚ ,‘–FA‘’åA–F”N‚È‚Ç‰ŒöŠJ38“_‚ğŠÜ‚Ş—d‰ö‰æ‚â—H—ì‰æ170“_‚ğ‘åŒöŠJI@‘¾“c‹L”O”üpŠÙ‚Åw•‚¢ŠG‚¨‰»‚¯‰®•~x8Œ3“ú‚©‚ç,https://news.yahoo.co.jp/articles/6c20135a73df8f0cde0bdab3e0d6026661629083,7/17(…) 11:30
piaeigat,‚Ò‚ ,SuU‚Ì©åŠé‰æwœ-“ú-x‚É‘¬36km‚ªo‰‰,https://news.yahoo.co.jp/articles/e8c619a211734d66b3d13ffc3eececebef835f38,7/17(…) 11:21
piaeigat,‚Ò‚ ,‘ºãt÷Œ´ì‚ÌŠ‚í‚Ê—ö‚Ì•¨Œê‚ğV‚½‚ÈƒXƒ^ƒCƒ‹‚ÅBKAAT‚ª’§‚Ş“ú‰p‘Û‹¤“¯§ìw•iì‰‚Ì”’x,https://news.yahoo.co.jp/articles/ea4e50366fa96c267f798b5a67328a2da5e2d1bf,7/17(…) 11:11
piaeigat,‚Ò‚ ,ƒ—óAƒfƒrƒ…[15”N–Ú‚É‚µ‚Ä‰‚ÌƒIƒŠƒWƒiƒ‹EƒAƒ‹ƒoƒ€‚ğ”­”„,https://news.yahoo.co.jp/articles/04ba83861e21bc4ab57549007c084a4123a69c7f,7/17(…) 10:50
piaeigat,‚Ò‚ ,wƒtƒH[ƒ‹ƒKƒCxŠÄ“ÂEƒLƒƒƒXƒg‚ªƒAƒNƒVƒ‡ƒ“‚âƒXƒ^ƒ“ƒg‚É‚Â‚¢‚ÄŒê‚é“Á•Ê‰f‘œŒöŠJ,https://news.yahoo.co.jp/articles/3cb916d3fce7cecd791f2d0c8524d37fa53fb045,7/17(…) 10:00
piaeigat,‚Ò‚ ,wƒgƒ‰ƒ“ƒXƒtƒH[ƒ}[^ONEx’†‘º—IˆêA–Ø‘ºã‚çVƒ{ƒCƒXƒLƒƒƒXƒg”­•\•“ú–{Œê‘Ö”Å—\ŒöŠJ,https://news.yahoo.co.jp/articles/2cfac9d8fe1a661d0b3cafd0d3da504cd3127206,7/16(‰Î) 22:00
piaeigat,‚Ò‚ ,The BirthdayAƒ`ƒoƒ†ƒEƒXƒP‚Ìƒ‰ƒXƒgƒcƒA[‚æ‚èu•ø‚«‚µ‚ß‚½‚¢vƒ‰ƒCƒu‰f‘œŒöŠJ,https://news.yahoo.co.jp/articles/feffe1d67c6f5056a311a30a715b0f07c3ad67a3,7/16(‰Î) 20:02
piaeigat,‚Ò‚ ,’nk‚Æ‰u•a‚ÉŒ©•‘‚í‚ê‚½Œ»‘ã‚Æ‡’vI–Øƒm‰º‰Ì•‘ŠêwOl‹gOx‚ÍŒ»‘ãl‚Ö‚ÌƒG[ƒ‹,https://news.yahoo.co.jp/articles/c5d7503f006ccc10aea4ab83fe2d22f5bf620d41,7/16(‰Î) 20:00
piaeigat,‚Ò‚ ,BTSASEVENTEENAStray Kidsc9ƒOƒ‹[ƒv‚ªQ‰Á‚·‚éŠïÕ‚ÌK-POPƒtƒFƒXuD'FESTA JAPAN FINALv“Œ‹‚É‚ÄŠJ–‹,https://news.yahoo.co.jp/articles/e743e5a09b260422c462ae6e4fcfb3813e56fea9,7/16(‰Î) 19:11
piaeigat,‚Ò‚ ,ƒcƒŒ“`ƒcƒA[w‰Ä‚Ì€“¬x•ÑŠJÃŠÔ‹ßI@–Y‚ê‚ç‚ñ‚Ë‚¦‚æEÄ“c~MakiER–{‘Î’ku‹¿‚³‚ñ‚ÌŠç‚ª‚¢‚¢‚Å‚·‚Ëv,https://news.yahoo.co.jp/articles/18b8aed2e57a8a6737bf48f7ee87d519ff000203,7/16(‰Î) 19:11
piaeigat,‚Ò‚ ,BTSƒ†ƒjƒbƒg‰‚Ìƒgƒ‰ƒxƒ‹ƒoƒ‰ƒGƒeƒBwAre You Sure?!x‘æ2’eƒ|ƒXƒ^[ƒrƒWƒ…ƒAƒ‹•ƒeƒBƒU[—\ŒöŠJ,https://news.yahoo.co.jp/articles/7c4cb7421673166709fe0884088cf396676f640d,7/16(‰Î) 19:00
piaeigat,‚Ò‚ ,O’JKŠìu‚Ü‚½ˆê‚É‚¨Å‹‚ªo—ˆ‚é‚±‚Æ‚ª‚ ‚è‚ª‚½‚¢v“Œ‹ƒTƒ“ƒVƒƒƒCƒ“ƒ{[ƒCƒY•œŠˆŒö‰‰ã‰‰‚Ö,https://news.yahoo.co.jp/articles/072e873a07c87c5c191b42050d8b8ed579081ec3,7/16(‰Î) 19:00
piaeigat,‚Ò‚ ,‚Ò‚ ƒAƒvƒŠƒ†[ƒU[ŒÀ’è‚Ì‘İØŠÓÜ‰ïuw¶’a140”N YUMEJI“W ‘å³˜Q–Ÿ‚ÆV‚µ‚¢¢ŠEx‚Ò‚ ƒvƒŒƒ~ƒAƒ€ƒiƒCƒgv‚Ì–Í—l‚ğƒŒƒ|[ƒg,https://news.yahoo.co.jp/articles/be76916d8be21f8b7f382bec53259d75d9557265,7/16(‰Î) 18:03
piaeigat,‚Ò‚ ,‰‚ÌåÃƒtƒFƒXws**t kingz Fes 2024 ‚à‚à‚½‚ë‚¤xŠJÃŠÔ‹ßI@s**t kingzƒCƒ“ƒ^ƒrƒ…[uƒgƒCƒŒ‚És‚­Œ„ŠÔ‚È‚ñ‚Ä‚È‚¢‚Å‚·(Î)v,https://news.yahoo.co.jp/articles/95290ab74d98a9886516f46159e4d47ceee9ff98,7/16(‰Î) 18:01
piaeigat,‚Ò‚ ,ƒiƒCƒ‹EƒƒWƒƒ[ƒX•ƒVƒbƒNAƒ_ƒ“ƒXƒ~ƒ…[ƒWƒbƒNŠE‚Ì“`à‚ª9Œ‘åã‚Å’P“ÆŒö‰‰‚ğŠJÃ,https://news.yahoo.co.jp/articles/423205c3332057632867f11072316813e2aa3f79,7/16(‰Î) 15:30
piaeigat,‚Ò‚ ,wƒLƒ“ƒOƒ_ƒ€ ‘å«ŒR‚Ì‹AŠÒx‚ª‰“oê1ˆÊ‚Éy‰f‰æ“®ˆõƒ‰ƒ“ƒLƒ“ƒOz,https://news.yahoo.co.jp/articles/b85e376a08f82593fe3f75ab44927e78d2c7ee25,7/16(‰Î) 14:20
piaeigat,‚Ò‚ ,w‚è‚ñ‚²‰¹ŠyÕ2024x‘æ7’eo‰‰Ò”­•\@‘ä˜pƒA[ƒeƒBƒXƒg‚Ìo‰‰‚àŒˆ’è,https://news.yahoo.co.jp/articles/bfbf88af7afe168f8c2f200eee1648705b6367d8,7/16(‰Î) 14:10
piaeigat,‚Ò‚ ,wASAGIRI JAM f24x‘æ2’eƒ‰ƒCƒ“ƒiƒbƒv”­•\@CORNELIUSAHomecomingsAXR’¼‘¾˜N‚ç7‘g‚ÌQíŒˆ’è,https://news.yahoo.co.jp/articles/2f5565f28998b0944dec5db53badf70bcb6b8ccf,7/16(‰Î) 13:30
piaeigat,‚Ò‚ ,8Î‚Åº—D‰’§íIw‰ö“ƒOƒ‹[‚Ìƒ~ƒjƒIƒ“’´•Ïgx™‹Ê‚·‚İ‚ê‰‰‚¶‚éƒAƒOƒlƒX‚ÌƒLƒ…[ƒg‚È–{•Ò‰f‘œŒöŠJ,https://news.yahoo.co.jp/articles/41fcd8f8583d6f032372afdf92fccb27d427770c,7/16(‰Î) 13:00
piaeigat,‚Ò‚ ,yƒŒƒ|[ƒgzNODAEMAPVìw³OŠpŠÖŒWx‚ÅA¼–{‚ª13”N‚Ô‚è‚É•‘‘ä‚É—§‚Â,https://news.yahoo.co.jp/articles/9f48a42dc33df46a13c71660948a3cbc5a539997,7/16(‰Î) 12:12
piaeigat,‚Ò‚ ,wƒCƒiƒYƒ}ƒƒbƒN ƒtƒFƒX 2024x‘æ2’eo‰‰ƒA[ƒeƒBƒXƒg‚ÅNEWSAFANTASTICSA‹{–ì^ç‚ç5‘gŒˆ’è,https://news.yahoo.co.jp/articles/692ae11e9e8e1018bfebc06bbb8f966c6870a3d1,7/16(‰Î) 12:00
piaeigat,‚Ò‚ ,LE SSERAFIMA‰‚ÌƒcƒA[w2023 LE SSERAFIM TOUR eFLAME RISESf IN JAPANx‰f‘œì•i‰»‚ªŒˆ’è,https://news.yahoo.co.jp/articles/2d8b9d9c4335b93d917bc2ce9f494b01498fb1f3,7/16(‰Î) 11:41
piaeigat,‚Ò‚ ,wM‰zŒj@X‚Ös‚­“úx7Œ26“ú‚æ‚è’¤‚ÌX”üpŠÙ‚Å@¡”N3Œ‚ÉÀ‹‚µ‚½ì‰Æ‚ª€”õ‚ği‚ß‚Ä‚«‚½ÅŠú‚Ì“W——‰ï,https://news.yahoo.co.jp/articles/59d730a1821d1ff05667b8cbcc419f6f88fbd74c,7/16(‰Î) 11:30
piaeigat,‚Ò‚ ,LE SSERAFIM‚ªƒq[ƒ[‚Æ‚È‚Á‚Äƒtƒ@ƒ“‚Ì”Y‚İ‚ğ‰ğŒˆI@“ú–{‰ƒtƒ@ƒ“ƒ~[ƒeƒBƒ“ƒO_“ŞìŒö‰‰ƒŒƒ|[ƒg,https://news.yahoo.co.jp/articles/2907c45ee26b6867cc328027a6009f0531a19418,7/16(‰Î) 11:20
piaeigat,‚Ò‚ ,“ú•Ä‡ìƒ~ƒ…[ƒWƒJƒ‹wRENTxR–{kjAƒNƒŠƒXƒ^ƒ‹ ƒPƒC‚ÌƒRƒƒ“ƒg‰f‘œ‚ª“’…,https://news.yahoo.co.jp/articles/b00461305c2869425faa9a6e2e466a3527c085ea,7/16(‰Î) 11:20
piaeigat,‚Ò‚ ,–k•Äƒ{ƒbƒNƒXƒIƒtƒBƒXAw‰ö“ƒOƒ‹[x‚ªñˆÊ‚ğƒL[ƒv,https://news.yahoo.co.jp/articles/852aa0f161a766896fca7d6826ec1026051f2265,7/16(‰Î) 10:40
piaeigat,‚Ò‚ ,ƒ~ƒ…[ƒWƒJƒ‹w1789 -ƒoƒXƒeƒB[ƒ†‚Ì—öl‚½‚¿-x7”N‚Ô‚è‚Ìã‰‰‚ªŒˆ’è,https://news.yahoo.co.jp/articles/37c8b892029a275e84a99de05e9235eb307502a6,7/16(‰Î) 10:30
piaeigat,‚Ò‚ ,“¡ƒ–’J‘¾•ã‚Ìul¶‚Åˆê”ÔD‚«‚È¬àv‚ğ‰f‰æ‰» w˜ü–‚Æ‘P—ÇxV‚½‚Èê–ÊÊ^6–‡ŒöŠJ,https://news.yahoo.co.jp/articles/73488281f49776256a9392d5d17633c85b5e0002,7/16(‰Î) 10:00
piaeigat,‚Ò‚ ,w.o.d.‚ªƒƒWƒƒ[1stƒAƒ‹ƒoƒ€‚ÌƒŠƒŠ[ƒXƒcƒA[‚ğ‘S‘24ƒJŠA1.2–œl‹K–Í‚ÅŠJÃ,https://news.yahoo.co.jp/articles/7b056f4345b8f6fc3122b704bd2200241f224560,7/15(Œ) 21:01
piaeigat,‚Ò‚ ,JO1~FANTASTICS‚ªãJ‚ğ[‚ß‚é w“¦‘–’† THE MOVIExƒƒCƒLƒ“ƒO‰f‘œŒöŠJ,https://news.yahoo.co.jp/articles/cadfbdc99a55563bbf7063fc2fb68bf8f203b6c5,7/15(Œ) 18:03
piaeigat,‚Ò‚ ,w‚¨—×‚³‚ñ‚Íƒqƒgƒ‰[Hx„Ÿ„ŸƒzƒƒR[ƒXƒg¶‘¶Ò‚Ì—×‰Æ‚ÉƒAƒCƒc‚ªˆø‚Á‰z‚µ‚Ä‚«‚½Iy‚¨‚Æ‚È‚Ì‰f‰æƒKƒCƒhz,https://news.yahoo.co.jp/articles/0584998e59ffe9645ee442a828c3fe6ee82d0e94,7/15(Œ) 12:02
piaeigat,‚Ò‚ ,å‰‰E”ª–Ø—Eªw–î–ì‚­‚ñ‚Ì•’Ê‚Ì“úXxå‘è‰Ì‚ÍFANTASTICSuYellow Yellowv‚É,https://news.yahoo.co.jp/articles/fd219311f244445a5bd5933209656b38d85f70dc,7/14(“ú) 18:30
piaeigat,‚Ò‚ ,n.SSign‚Ìƒƒ“ƒo[7l‚ª“o’dI@ƒhƒLƒ…ƒƒ“ƒ^ƒŠ[‰f‰æ•‘‘äˆ¥A‚Å‚Ìˆê–âˆê“š‚ğÚ×ƒŒƒ|[ƒgI,https://news.yahoo.co.jp/articles/bc2a9db6bd996d1271450e5c9f3afe1d855a7ea4,7/14(“ú) 13:40
piaeigat,‚Ò‚ ,ƒ†ƒjƒNƒ‚ÌVìƒŒƒU[ƒoƒbƒO‚Í–À‚í‚¸”ƒ‚¢I@ƒXƒNƒGƒAŒ^‚Åg‚¢‚â‚·‚³•û”[—Í‚ªƒAƒbƒv,https://news.yahoo.co.jp/articles/ec7c4088a5b2c8fa183bc310efaf0c1985dbdd43,7/14(“ú) 10:01
piaeigat,‚Ò‚ ,wƒ_ƒuƒ‹ƒ`[ƒg ‹U‚è‚ÌŒxŠ¯xSeason2‚Å¼‹\t‚ğ’Ç‚¤‘{¸Š¯‚½‚¿B‘æ3˜b‚ª–{“ú•ú‘—E”zM‚É,https://news.yahoo.co.jp/articles/032f0adc985a4a31a307797f7f8d8fe43b2b97bf,7/13(“y) 23:10
piaeigat,‚Ò‚ ,HomecomingsA”N––‚É“Œ–¼ãƒƒ“ƒ}ƒ“ƒcƒA[ŠJÃ‚ğ”­•\@ƒtƒ@ƒCƒiƒ‹‚Íƒoƒ“ƒhjãÅ‘å‹K–Í‚ÌZepp Shinjuku,https://news.yahoo.co.jp/articles/cfff4a3fe55357b806115c81b2bc41ba657d8b77,7/13(“y) 22:20
piaeigat,‚Ò‚ ,Dragon AshAThe BONEZ‚Æ‚Ìƒc[ƒ}ƒ“ƒcƒA[wStraight UpxŠJÃŒˆ’è@ƒgƒŒ[ƒ‰[‰f‘œ‚àŒöŠJ,https://news.yahoo.co.jp/articles/fd1dc54cf43bb8eb322dd414d174d26ef0aaf52b,7/13(“y) 15:00
piaeigat,‚Ò‚ ,u“Œ‹ƒfƒBƒYƒj[ƒŠƒ][ƒgv¡”N‚Ì‰Ä‚ÍƒXƒtƒ‰ƒbƒVƒ…Eƒ}ƒEƒ“ƒeƒ“‚ª‚Ñ‚µ‚å”G‚êVer‚É@5”N‚Ô‚è•œŠˆƒAƒgƒ‰ƒNƒVƒ‡ƒ“‚à,https://news.yahoo.co.jp/articles/7d58c0b5169cd7215b74f05a356322c52de6e3aa,7/13(“y) 12:03
piaeigat,‚Ò‚ ,ƒRƒXƒpÅ‚I ƒ[ƒNƒ}ƒ“uƒtƒ@ƒCƒ“ƒhƒXƒ‰ƒCƒ_[ƒTƒ“ƒ_ƒ‹v—š‚«S’n‚ª—Ç‚­‚Ä‚±‚êˆê‘«‚Å‚Ç‚±‚Å‚àOK,https://news.yahoo.co.jp/articles/80597573d3da2d6c67491447634f1cccfb0af847,7/13(“y) 10:00
piaeigat,‚Ò‚ ,¼–{u‚Æ‚É‚©‚­1‰ñ1‰ñ‚ğ‘å–‚ÉvNODAEMAPVìw³OŠpŠÖŒWx•‘‘äÊ^&ƒLƒƒƒXƒgƒRƒƒ“ƒg“’…,https://news.yahoo.co.jp/articles/385220e0029339cb6355a00d3e5662f7e5d1b2cb,7/13(“y) 9:30
piaeigat,‚Ò‚ ,KroiuAmbervƒIƒtƒBƒVƒƒƒ‹ƒ€[ƒr[ŒöŠJ@‰¡•lÔƒŒƒ“ƒKƒtƒŠ[ƒ‰ƒCƒu‰f‘œ‚âCMB‰e‚ÌƒAƒU[ƒJƒbƒg‚Å\¬,https://news.yahoo.co.jp/articles/52a73862bc334858d358e6c7e21a06fa7af7e83b,7/12(‹à) 22:00
piaeigat,‚Ò‚ ,‰f‰æwƒ}ƒbƒhƒ}ƒbƒNƒXFƒtƒ…ƒŠƒIƒTxƒfƒWƒ^ƒ‹”zMƒXƒ^[ƒg@–`“ª10•ª‚ğŠúŠÔŒÀ’è‚Å–³—¿ŒöŠJ,https://news.yahoo.co.jp/articles/bf599cb742ebd57da2c9bfec4a9e2f90dc17f9f7,7/12(‹à) 21:40
piaeigat,‚Ò‚ ,PK shampooåÃwPSYCHIC FES 2024xƒ^ƒCƒ€ƒe[ƒuƒ‹”­•\,https://news.yahoo.co.jp/articles/763be9a8f6504f0c44aadba8cd511bf1e2296d00,7/12(‹à) 21:01
piaeigat,‚Ò‚ ,‚³‚Æ‚¤‚à‚©A2024”N‘æ4’eƒfƒWƒ^ƒ‹EƒVƒ“ƒOƒ‹uƒ`ƒF[ƒ“EƒIƒuEƒ†[ƒXv”zMƒŠƒŠ[ƒX,https://news.yahoo.co.jp/articles/9fc3aaf5d8d713096f32fdd2d0e7fd99fbdff6d3,7/12(‹à) 20:02
piaeigat,‚Ò‚ ,•‘‘äwƒJƒ‰ƒtƒ‹ƒ_ƒCƒ„ƒ‚ƒ“ƒh `ŒN‚Æ–l‚ÌƒhƒŠ[ƒ€`xŠJ–‹Iu–l‚½‚¿‚É‚Æ‚Á‚Ä‚à‘å‚«‚È’§ív,https://news.yahoo.co.jp/articles/0b5fc490d8e2d1da1a409e182958a327bbd61282,7/12(‹à) 19:03
piaeigat,‚Ò‚ ,MILLENNIUM PARADEAV‹ÈuM4D LUVv”zMŒˆ’è@‹Šy“I‚Å–v“üŠ´‚Ì‚ ‚éƒ_ƒ“ƒXƒgƒ‰ƒbƒN,https://news.yahoo.co.jp/articles/ad8b49810700a733ff393e4ccb7b817d618e5979,7/12(‹à) 19:01
piaeigat,‚Ò‚ ,[Alexandros]A¡”N2–‡–Ú‚ÌCDƒVƒ“ƒOƒ‹”­”„Œˆ’è@ƒ‰ƒCƒuƒCƒxƒ“ƒgwSINGLE 2 GIG & RADIOx‚àŠJÃ,https://news.yahoo.co.jp/articles/0350dad2a1d7f6e52b867a615292751635e528fe,7/12(‹à) 19:00
piaeigat,‚Ò‚ ,lH‚¢ƒUƒ‚à“oêI ŠØ—¬ƒsƒŠhƒAƒNƒVƒ‡ƒ“‚ªƒNƒZ‚É‚È‚éw–§—A 1970x,https://news.yahoo.co.jp/articles/89581760bf07405950bec7aebbef2587f0bc5584,7/12(‹à) 18:05
piaeigat,‚Ò‚ ,]ŒËì—•àw­”N’T’ã’cx‚Ì˜N“ÇŒ€‚Él‹Cº—D34–¼‚ªo‰‰I@‰‰o‚Í[ìŒ’‘¾‚ª’S“–,https://news.yahoo.co.jp/articles/69ecd6cda3c80def0ebd3af1dd7cd3cbfcea0da1,7/12(‹à) 18:01
piaeigat,‚Ò‚ ,Nothingfs Carved In StoneAŒ‹¬15ü”N‹L”O‚Ì•“¹ŠÙŒö‰‰‚ğû˜^‚µ‚½‰f‘œì•iƒŠƒŠ[ƒX,https://news.yahoo.co.jp/articles/df75054c5d33808cf6a19fa689e79c9d0f8a02b4,7/12(‹à) 18:00
piaeigat,‚Ò‚ ,Œ´ìÒ‚à‘¾ŒÛ”»I@‚ä‚é‚·‚¬‘ãŒ€ƒRƒƒfƒBwˆé•”ˆé•º‰q•¨Œêx‚Â‚¢‚É–{“ú‘æ1˜b•ú‘—I,https://news.yahoo.co.jp/articles/321992aae1924a1d12b2fa52b686f573dc8488a9,7/12(‹à) 17:01
piaeigat,‚Ò‚ ,ƒƒbƒcEƒIƒ“Eƒuƒ[ƒhƒEƒFƒCH`Bfwayƒ~ƒ…[ƒWƒJƒ‹”ñŒö®ƒKƒCƒhy2024”N‰Ä†z,https://news.yahoo.co.jp/articles/10cec8612b7d600292d6279cd18e90e4be4212f2,7/12(‹à) 16:50
piaeigat,‚Ò‚ ,akakilikewŠó–]‚Ì‰Æxy’†ˆä”ü•ä ‚ß‚­‚é‚ß‚­‰‰Œ€ƒ`ƒ‰ƒV‚Ì¢ŠEz,https://news.yahoo.co.jp/articles/e80c7a5cdc294152acf351e5d609187b8ed7fca2,7/12(‹à) 16:40
piaeigat,‚Ò‚ ,sìÂŒÕw— •\‘¾}‹Lx‰‰o•âEuƒvƒŒƒbƒVƒƒ[‚Í‚ ‚é‚¯‚Ç–Ê”’‚­‚Ä‚â‚ß‚ç‚ê‚È‚¢vy¡Œ‚Ì‰Ì•‘ŠêÀA‚ ‚Ìl‚É’¼Œ‚!! “ÁW‚æ‚èz,https://news.yahoo.co.jp/articles/41807d6b94ddf3c0875cceb586a58715170a1dee,7/12(‹à) 16:10
piaeigat,‚Ò‚ ,”’ˆä‹MqAƒfƒrƒ…[45ü”N‚ÉŒü‚¯‚½ƒLƒbƒNƒIƒtƒ‰ƒCƒu‚ğ‘åã‚ÅŠJÃ,https://news.yahoo.co.jp/articles/c8e8073eca02342bedad3701c428c280bc79c3ec,7/12(‹à) 16:00
piaeigat,‚Ò‚ ,wƒIƒbƒyƒ“ƒnƒCƒ}[x‚ª‘‚­‚àƒpƒbƒP[ƒW‰»I@4K Ultra HD&Blu-ray&DVDƒŠƒŠ[ƒXŒˆ’è,https://news.yahoo.co.jp/articles/0f93b27aafaec17d5c9df2fa80ddb74583464434,7/12(‹à) 15:00
piaeigat,‚Ò‚ ,wƒtƒWƒƒbƒN'24x“üê–³—¿‚Ì‘O–éÕŠJÃ@ƒŒƒbƒhƒ}[ƒL[ƒXƒe[ƒW‚Å‚ÍƒXƒyƒVƒƒƒ‹ƒMƒO‚à,https://news.yahoo.co.jp/articles/4d74828b5804a5bfe094641cec3a9bbfbcf9ee7d,7/12(‹à) 14:20
piaeigat,‚Ò‚ ,“c’†r‰îA{‰êŒ’‘¾A–î•”¹ô‚ço‰‰@–Øƒm‰º‰Ì•‘ŠêwOl‹gOŠf‰”ƒxƒƒCƒ“ƒrƒWƒ…ƒAƒ‹ŒöŠJ,https://news.yahoo.co.jp/articles/57468ecbffc590ce0f2c51d40730ff3153474f95,7/12(‹à) 13:01
piaeigat,‚Ò‚ ,”’Î˜aœ\ŠÄ“Â‚ç‚ğ”yoIsSKIPƒVƒeƒB‘ÛDƒVƒlƒ}‰f‰æÕ2024t‚ª–¾“úŠJ–‹,https://news.yahoo.co.jp/articles/b51a015f0c6904df07a4140d161a42cc42a2eda8,7/12(‹à) 13:00
piaeigat,‚Ò‚ ,ƒVƒFƒŠ[Eƒfƒ…ƒ”ƒ@ƒ‹‚ª€‹B75Î,https://news.yahoo.co.jp/articles/e9588e541c0ec240c109c26b23586f609bb1c658,7/12(‹à) 12:20
piaeigat,‚Ò‚ ,¡‹G‚Ì‘åˆê”ÔEƒWƒ‡[ƒWƒAí‚ÖAƒWƒ‡[ƒ“ƒYHCuƒxƒXƒg‚Ì23–¼‚ğ‘I‚ñ‚¾v,https://news.yahoo.co.jp/articles/079264eabebbfb9a842d24b86299369f29a5747a,7/12(‹à) 12:08
piaeigat,‚Ò‚ ,’´‚Æ‚«‚ß‚«é“`•”‚à‹»–¡’ÃXIl‘Ì‚Ì“ä‚ğŠw‚×‚é‘ÌŒ±Œ^ƒCƒxƒ“ƒg,https://news.yahoo.co.jp/articles/fed94a7def98a047fdf502e59555ed9b8912c95d,7/12(‹à) 12:07
piaeigat,‚Ò‚ ,Kengo.A4thƒfƒWƒ^ƒ‹ƒVƒ“ƒOƒ‹u‚«‚İ‚Ê‚ÜvƒŠƒŠ[ƒX,https://news.yahoo.co.jp/articles/dea00a5f7c21395a8962638b35ab5245df8fc792,7/12(‹à) 12:07
piaeigat,‚Ò‚ ,w˜A‘±ƒhƒ‰ƒ}W –§‚Í‚¤‚½‚¤2x–{—\•V‚½‚Èê–ÊÊ^8“_ŒöŠJ@Š®¬”â˜IÊ‰ï‚Ì–³—¿¶”zM‚àŒˆ’è,https://news.yahoo.co.jp/articles/f918a516dda76b7f21c0f614849bd8502cfb02ae,7/12(‹à) 12:06
piaeigat,‚Ò‚ ,uBlue Note JAZZ FESTIVAL in JAPAN 2024v‘Sƒ‰ƒCƒ“ƒiƒbƒvŒöŠJ‚ÅƒiƒCƒ‹EƒƒWƒƒ[ƒX•ƒVƒbƒNAƒLƒƒƒ“ƒfƒBEƒ_ƒ‹ƒtƒ@[‚Ìo‰‰Œˆ’è,https://news.yahoo.co.jp/articles/23d9642c24452fc584dc7e7cb59cb8869879cf79,7/12(‹à) 12:06
piaeigat,‚Ò‚ ,wƒtƒWƒƒbƒN'24x‚İ‚Ìƒ~ƒ…[ƒWƒbƒN~HŒ³”ü”Ti‰¹ŠywDONUTx•ÒW’·jo‰‰Ò‰ğàyŒã•Òz,https://news.yahoo.co.jp/articles/5b8dc1128c257ec2d2b5e696ddfd45ed8d7f717b,7/12(‹à) 12:04
piaeigat,‚Ò‚ ,BABYMETALAMOMOMETAL‚Ìg¹’ah‚ğj‚¤ƒ‰ƒCƒu‚æ‚èuƒhEƒLEƒhEƒL™ƒ‚[ƒjƒ“ƒOv‚Ì‰f‘œ‚ğŒöŠJ,https://news.yahoo.co.jp/articles/d3eb14a7bd339c616658c3fafc2433c6d82df3d1,7/12(‹à) 12:01
piaeigat,‚Ò‚ ,‰iÂ•¶ŒÉ‚É‹ã—j–ä‚ª‘åW‡@ì•i‚É‚ ‚é‹ã—j–ä‚ğŒ©‚Â‚¯‚æ‚¤wCome onI‹ã—j–ä \Œ©‚Â‚¯‚ÄŠy‚µ‚Ş×ì‰Æ‚Ì‰Æ–ä\x7Œ27“ú‚©‚ç,https://news.yahoo.co.jp/articles/3df5f0e2c3dde55edf7b9299bc04d81a0a318a94,7/12(‹à) 11:30
piaeigat,‚Ò‚ ,ƒTƒoƒVƒXƒ^[A2nd EPw‚ ‚Ì–é‚Ì‚Í‚È‚µx”­”„Œˆ’è@Zepp DiverCityiTOKYOjŒö‰‰‚ğŠÜ‚ŞƒŠƒŠ[ƒXƒcƒA[‚àŠJÃ,https://news.yahoo.co.jp/articles/2aa41294d063581061e515a7c8d5e9f7a54346be,7/12(‹à) 11:21
piaeigat,‚Ò‚ ,VŒ´‘×—Cu‹qÈ‚ÆuŠÔ‚ğ‹¤—L‚Å‚«‚é‚Ì‚ª•‘‘ä‚Ì–£—Ív g“–‚Ä‘‚«h‚Å’§‚Ş‰å‰‰•‘‘ä‚É‚Ş‚¯‚Ä,https://news.yahoo.co.jp/articles/ba6f4e46446f2132f354a6fae2c4e1ee78d0c410,7/12(‹à) 11:01
piaeigat,‚Ò‚ ,ONE OK ROCKA‰f‰æwƒLƒ“ƒOƒ_ƒ€ ‘å«ŒR‚Ì‹AŠÒxå‘è‰ÌuDelusion:AllvMV‚ğ¡–éƒvƒŒƒ~ƒAŒöŠJ,https://news.yahoo.co.jp/articles/5735d25fa1f795a2acdbd4ea19d8c9bf4f9ab349,7/12(‹à) 10:40
piaeigat,‚Ò‚ ,‹{ìtØ‚ª‰CDƒAƒ‹ƒoƒ€‚ğ”­•\B9Œ‚É‚Íƒz[ƒ‹Œö‰‰‚àŠJÃ,https://news.yahoo.co.jp/articles/e4db1a293582291c8467ba2adbae0c0913b98931,7/12(‹à) 10:00
piaeigat,‚Ò‚ ,ƒŠƒhƒŠ[EƒXƒRƒbƒg»ìwƒGƒCƒŠƒAƒ“Fƒƒ€ƒ‹ƒXxlŠÔ‚ÉŠñ¶‚·‚éuŠÔ‚ğ‘¨‚¦‚½g‘æ2Œ`‘Ôƒ|ƒXƒ^[hŒöŠJ,https://news.yahoo.co.jp/articles/6b125b9fc4749474f5a0186c3801760d0cd83802,7/11(–Ø) 17:02
piaeigat,‚Ò‚ ,ego apartmentA2ndƒAƒ‹ƒoƒ€ƒŠƒŠ[ƒXƒp[ƒeƒB[‚Ì–Í—l‚ğPIA LIVE STREAM‚É‚Ä–{•Òƒm[ƒJƒbƒg”zMŒˆ’è,https://news.yahoo.co.jp/articles/10d982cf7726716568c115679618f591331bc199,7/11(–Ø) 15:00
piaeigat,‚Ò‚ ,•l•Ó”ü”gu”Æl‚Í„‚©‚àcc!?v ‰f‰æw˜Zl‚Ì‰R‚Â‚«‚È‘åŠw¶x“Á•ñ‰f‘œŒöŠJ,https://news.yahoo.co.jp/articles/41a90ed61a5fe52a5f2f92b817a12cf62d58bd19,7/11(–Ø) 13:20
piaeigat,‚Ò‚ ,ƒnƒ“ƒuƒŒƒbƒ_[ƒYAV‹Èuv”zMƒŠƒŠ[ƒX•ƒ‰ƒWƒI‰‰ğ‹ÖŒˆ’è,https://news.yahoo.co.jp/articles/88520dfaa31b4af7ae878a2b2b86ab53d196e02a,7/11(–Ø) 13:00
piaeigat,‚Ò‚ ,‰¹ŠyŒ€w‹ó’†ƒuƒ‰ƒ“ƒR‚Ì‚è‚ÌƒLƒLxƒT[ƒJƒX‘ÌŒ±ƒ[ƒNƒVƒ‡ƒbƒv•ƒ|ƒXƒgƒg[ƒNŠJÃŒˆ’è,https://news.yahoo.co.jp/articles/8987093630a375647d1996335258906c646f2604,7/11(–Ø) 12:52
piaeigat,‚Ò‚ ,yƒIƒtƒBƒVƒƒƒ‹ƒŒƒ|[ƒgzi‰»‚ğ~‚ß‚È‚¢uƒuƒ‰ƒbƒNƒXƒ^[ -Theater Starless-v‚ªƒuƒ‰ƒ\ƒj‚ÅŒ©‚¹‚½ƒuƒ‰ƒXƒ^ƒTƒEƒ“ƒh‚Ì^œ’¸I,https://news.yahoo.co.jp/articles/2b175b7022af3177773838c6847078051b3647d5,7/11(–Ø) 12:07
piaeigat,‚Ò‚ ,–¼ì‚ğ‰®ŠO‚ÅŠy‚µ‚ß‚éu¯‹ó‚Ì‰f‰æÕv‚ª¡”N‚àŠJÃ,https://news.yahoo.co.jp/articles/859477975cb1db39fcb30dc98bd724b667553f26,7/11(–Ø) 12:07
piaeigat,‚Ò‚ ,wƒCƒ“ƒTƒCƒhEƒwƒbƒh2xŒöŠJŠÔ‹ßI ’N‚à‚ªŠy‚µ‚ß‚é–¼ì‚ğ¶‚ŞƒsƒNƒT[‚Ì”é–§‚Æ‚ÍH,https://news.yahoo.co.jp/articles/9b4b7ca516a12ea7ad0b87e8214593cd474a5f49,7/11(–Ø) 12:06
piaeigat,‚Ò‚ ,wƒtƒWƒƒbƒN'24x‚İ‚Ìƒ~ƒ…[ƒWƒbƒN~HŒ³”ü”Ti‰¹ŠywDONUTx•ÒW’·jo‰‰Ò‰ğày‘O•Òz,https://news.yahoo.co.jp/articles/6db25f968d4a204769a5521a9be3d8ee2ab9c65a,7/11(–Ø) 12:04
piaeigat,‚Ò‚ ,BABYMETALAÅV‰f‘œì•i‚æ‚èuƒVƒ“ƒRƒy[ƒVƒ‡ƒ“vƒ‰ƒCƒu‰f‘œŒöŠJ,https://news.yahoo.co.jp/articles/88c1ac330f885351260cee9d07bcdb89d3bb0e28,7/11(–Ø) 12:02
piaeigat,‚Ò‚ ,u‚Í‚¶‚ß‚Ü‚µ‚ÄAƒ^ƒfƒNƒC‚Å‚·vyŒã•Òz‚Ò‚ ‰¹Šy•ÒW•”ƒCƒ`ƒIƒVƒA[ƒeƒBƒXƒgƒCƒ“ƒ^ƒrƒ…[,https://news.yahoo.co.jp/articles/1f302ce872422bebbe7b0288876eca8efcd7d5f5,7/11(–Ø) 12:01
piaeigat,‚Ò‚ ,u‘å’n‚ÌŒ|pÕ ‰zŒãÈ—L ƒA[ƒgƒgƒŠƒGƒ“ƒi[ƒŒ2024v7Œ13“ú‚©‚ç@41‚Ì‘‚Æ’nˆæ‚©‚ç275‘g‚ªQ‰Á,https://news.yahoo.co.jp/articles/fc368d6b4e303c593db6c3166eae89354f9a2809,7/11(–Ø) 11:30
piaeigat,‚Ò‚ ,wƒtƒWƒƒbƒN'24xAmazon‚ÅƒpƒtƒH[ƒ}ƒ“ƒX•ƒCƒ“ƒ^ƒrƒ…[“®‰æƒ‰ƒCƒu”zMŒˆ’è,https://news.yahoo.co.jp/articles/93c7af59aee6f0e8849851aeb674ca038cd74090,7/11(–Ø) 11:10
piaeigat,‚Ò‚ ,XŒû”qAƒJƒo[EƒAƒ‹ƒoƒ€‚æ‚èu‘z‚¢o‚ª‚¢‚Á‚Ï‚¢vMVŒöŠJ@“ŒãƒcƒA[ŠJÃŒˆ’è,https://news.yahoo.co.jp/articles/9eb901a26f2fee41909a88d8e4997cc7eaa15225,7/11(–Ø) 11:01
piaeigat,‚Ò‚ ,ƒ}ƒCƒPƒ‹EƒNƒ‰ƒCƒgƒ“‚ÌwEruptionxAƒ\ƒj[‚ªŠl“¾,https://news.yahoo.co.jp/articles/79ea74bfb8389d073581aa74edc2bfe2f4d83ea0,7/11(–Ø) 10:30
piaeigat,‚Ò‚ ,‰f‰æw‰ö“ƒOƒ‹[‚Ìƒ~ƒjƒIƒ“’´•ÏgxŒöŠJ‹L”Oƒ`ƒ…ƒŠƒgƒX‚ğ‘S‘‚ÌTOHOƒVƒlƒ}ƒY‚Å”Ì”„,https://news.yahoo.co.jp/articles/eec09e703e982229269fc8af416937f2df7a01fa,7/11(–Ø) 10:10
piaeigat,‚Ò‚ ,’|“à‚Ü‚è‚âA10”N‚Ô‚è‚ÌƒIƒŠƒWƒiƒ‹EƒAƒ‹ƒoƒ€wPrecious Daysx”­”„Œˆ’è@û˜^‘S18‹È‚ÌÚ×”­•\,https://news.yahoo.co.jp/articles/0f856291895848bb33db2f9189eddc147c2642eb,7/11(–Ø) 10:00
piaeigat,‚Ò‚ ,‰f‰æwƒUEƒuƒŒƒCƒLƒ“xˆêG‘¦”­‚Ì•µˆÍ‹C•Y‚¤‹Ù”—‚Ìê–ÊÊ^4“_ŒöŠJ,https://news.yahoo.co.jp/articles/074477b65afe19e956685c595c5fa449cc240c3d,7/11(–Ø) 8:03
piaeigat,‚Ò‚ ,‰f‰æw‚Í‚½‚ç‚­×–Ex²“¡Œ’‚Æ‰i–ì‰èˆè‚ç‚ª•À‚Ôƒ|ƒXƒ^[ƒrƒWƒ…ƒAƒ‹ŒöŠJ,https://news.yahoo.co.jp/articles/539bef6e07ca1f06da37b3b74b28cdcb7efcabd0,7/11(–Ø) 7:00
piaeigat,‚Ò‚ ,wƒƒŠ[‚¨‚Î‚³‚ñ‚Ì‚Ğ‚Â‚¶x‚½‚¾‚È‚ç‚Ê•µˆÍ‹C‚ğŠ´‚¶‚³‚¹‚é–{ƒrƒWƒ…ƒAƒ‹•–{—\‰f‘œŒöŠJ,https://news.yahoo.co.jp/articles/4f52d3b2fd6fecd922b6e375dc38cbca9b27f94e,7/10(…) 18:06
piaeigat,‚Ò‚ ,ƒXƒyƒNƒ^ƒNƒ‹A‰A–dAƒƒ}ƒ“ƒX‚Ì‘S•”æ‚¹‚Å‘å–‘«‚Ì60”N‘ã•—–¡ƒRƒƒfƒBwƒtƒ‰ƒCEƒ~[EƒgƒDEƒUEƒ€[ƒ“x,https://news.yahoo.co.jp/articles/3b9a1093b501a2ba257082f01c3ffd256575b9db,7/10(…) 18:03
piaeigat,‚Ò‚ ,ƒpƒ“ƒNEƒ‰ƒEƒhƒtƒFƒXwRUMBLE~JAG 2025x‘æ1’eƒA[ƒeƒBƒXƒg‚É10-FEETAKen Yokoyama‚ç4‘g,https://news.yahoo.co.jp/articles/b66e181b3aedcec080126f63f19595d0ab15b997,7/10(…) 18:02
piaeigat,‚Ò‚ ,ƒJƒlƒˆƒŠƒ}ƒTƒ‹AV‹ÈuŒ™‚¢‚É‚È‚Á‚¿‚á‚¤‚æv”zM•MVƒvƒŒƒ~ƒAŒöŠJŒˆ’è@‚¢‚µ‚í‚½‚è~¡‚ğŒ}‚¦‚½‰Ä—öƒ\ƒ“ƒO,https://news.yahoo.co.jp/articles/b31b86bb1e8e498cef01515240a606042a6f2675,7/10(…) 18:01
piaeigat,‚Ò‚ ,ŒÃ¡’à—C•ãA©ì‚Ì‰ö’k”¶wQqx‚Å—Á‚ğ“Í‚¯‚éw‘æ9‰ñ ‚Ò‚ ŠñÈxƒŒƒ|[ƒg,https://news.yahoo.co.jp/articles/52d3661a97a848663986197414f24aa1835d81de,7/10(…) 18:00
piaeigat,‚Ò‚ ,wSHOGUN «ŒRx‚¢‚æ‚¢‚æƒGƒ~[Ü‚Ìƒmƒ~ƒl[ƒg”­•\ŠÔ‹ß,https://news.yahoo.co.jp/articles/e59aa343923396e65b417617f9f6289fa217a7f8,7/10(…) 13:20
piaeigat,‚Ò‚ ,wROCK IN JAPAN FESTIVAL 2024 in HITACHINAKAxÅI”­•\‚ÅSUPER EIGHTAELLEGARDENAAdo‚ç‚Ìo‰‰‚ªŒˆ’è,https://news.yahoo.co.jp/articles/4b834b695a383f30178d96fded037486dda897ef,7/10(…) 13:20
piaeigat,‚Ò‚ ,‰f‰æw#ƒX[ƒW[EƒT[ƒ`xs•û•s–¾‚Ì“¯‹‰¶‚ğ’T‚·p‚ğ‘¨‚¦‚½–{•Ò‰f‘œŒöŠJ,https://news.yahoo.co.jp/articles/2a9eab08ad048ab83c384516eddde46e1b4929aa,7/10(…) 12:04
piaeigat,‚Ò‚ ,The BirthdayAÅVEPû˜^‹ÈuƒTƒCƒ_[vMV‚ğƒ`ƒoƒ†ƒEƒXƒP‚Ì’a¶“ú‚ÉƒvƒŒƒ~ƒAŒöŠJ,https://news.yahoo.co.jp/articles/e1314be3845cd04fd5a151a03070080b07afd22c,7/10(…) 12:04
piaeigat,‚Ò‚ ,‘å‹´‚¿‚Á‚Û‚¯A“Œãƒƒ“ƒ}ƒ“ƒcƒA[wSelf-ReflectionxŠJÃŒˆ’è,https://news.yahoo.co.jp/articles/ea36757fa4b051da59ad3d9e592723eb3009ac4a,7/10(…) 12:02
piaeigat,‚Ò‚ ,NewspeakAƒƒWƒƒ[1stƒAƒ‹ƒoƒ€‚ğ–{“úƒŠƒŠ[ƒX@¡–éYouTube¶”zM‚à,https://news.yahoo.co.jp/articles/16295ae5fa41d1d7a95175c89929c49a0adc3c3a,7/10(…) 12:02
piaeigat,‚Ò‚ ,u‚Í‚¶‚ß‚Ü‚µ‚ÄAƒ^ƒfƒNƒC‚Å‚·vy‘O•Òz‚Ò‚ ‰¹Šy•ÒW•”ƒCƒ`ƒIƒVƒA[ƒeƒBƒXƒgƒCƒ“ƒ^ƒrƒ…[,https://news.yahoo.co.jp/articles/b38fe78b769b83e70c5c5707a5964173fceb9614,7/10(…) 12:01
piaeigat,‚Ò‚ ,BABYMETALAƒ[ƒ‹ƒhƒcƒA[“ú–{ŠMùŒö‰‰‚æ‚èuƒ„ƒoƒbIvƒ‰ƒCƒu‰f‘œŒöŠJ,https://news.yahoo.co.jp/articles/65b430c144fe2ce0a80297cf70ae32b2a9a33c51,7/10(…) 12:01
piaeigat,‚Ò‚ ,R‰º–ƒˆß{¬—Ñ’¼l‚Ì“W——‰ï‚ª7Œ27“ú‚©‚ç…ŒËŒ|pŠÙ‚Å@©‘R‚â“®•¨‚àŠÜ‚ß‚½u‘¼Òv‚Æ‚ÌŠÖ‚í‚è‚ğ‰f‘œ‚âƒCƒ“ƒXƒ^ƒŒ[ƒVƒ‡ƒ“‚Å•\Œ»,https://news.yahoo.co.jp/articles/fcf12762fbe9e8580e86d8c402ed0e0c26efae82,7/10(…) 11:31
piaeigat,‚Ò‚ ,ƒWƒFƒjƒtƒ@[Eƒ[ƒŒƒ“ƒX‚ªƒOƒ‰ƒtƒBƒbƒNƒmƒxƒ‹‚Ì‰f‰æ‰»ì•i‚Éå‰‰,https://news.yahoo.co.jp/articles/c330c5faac75b5edfe5c3f25114b1ef65d3aef40,7/10(…) 11:11
piaeigat,‚Ò‚ ,ˆ¢•”ƒTƒ_ƒ’A•–Ø‰Ø‚ço‰‰w‚Ó‚­‚·‚¯2024xŠJ–‹@¼”öƒXƒYƒLu‚±‚ê‚ğ¬‚µ‹‚°‚È‚¯‚ê‚Î€‚ñ‚Å‚à€‚É‚«‚ê‚Ü‚¹‚ñv,https://news.yahoo.co.jp/articles/ae252d0e28529a47bd2544f30fbffed2567e180e,7/10(…) 10:50
piaeigat,‚Ò‚ ,Apple TV+wƒTƒj[x¼“‡Gr‚Æƒ‰ƒVƒ_EƒWƒ‡[ƒ“ƒY‚Ìo‰ï‚¢‚ÌƒV[ƒ“‚ğæsŒöŠJ,https://news.yahoo.co.jp/articles/5c216980233e2e9e0456a41882dc9119228753d5,7/10(…) 10:00
piaeigat,‚Ò‚ ,’©‰Ä‚Ü‚È‚Æå‰‰Aƒnƒbƒs[ƒI[ƒ‰‘SŠJƒ~ƒ…[ƒWƒJƒ‹wƒ‚ƒ_ƒ“Eƒ~ƒŠ[x2024”N”Å‚ª–{“úŠJ–‹,https://news.yahoo.co.jp/articles/cb4744bf8e052001c3de3a9302e4689b4f236550,7/10(…) 8:04
piaeigat,‚Ò‚ ,ƒŠƒhƒŠ[EƒXƒRƒbƒgŠÄ“ÂwƒOƒ‰ƒfƒBƒG[ƒ^[IIx”——Í–“_‚ÌƒeƒBƒU[‰f‘œŒöŠJ,https://news.yahoo.co.jp/articles/a3c5528ef8ed8984ca2b2a76ca72c46b100cb10f,7/9(‰Î) 22:02
piaeigat,‚Ò‚ ,BLANKEY JET CITYA‘S‹ÈƒTƒuƒXƒN‰ğ‹ÖŒˆ’è@‘SƒIƒŠƒWƒiƒ‹EƒAƒ‹ƒoƒ€‚ÌƒAƒiƒƒO”Õ‚à”­”„,https://news.yahoo.co.jp/articles/904ca0b4269973199182cec7982130624a113f0e,7/9(‰Î) 22:01
piaeigat,‚Ò‚ ,‚ß‚¢‚¿‚á‚ñAƒjƒ…[EƒAƒ‹ƒoƒ€w‚â‚«‚»‚Îƒpƒ“xû˜^‹È‚ğŒöŠJ@–kì—ImA‹T“c½¡Aì’JŠG‰¹‚ç‹‰ØƒA[ƒeƒBƒXƒg‚ªQ‰Á,https://news.yahoo.co.jp/articles/2771709e265107d12279a4b539aacfe1d94ef371,7/9(‰Î) 20:00
piaeigat,‚Ò‚ ,wƒ‚ƒ“ƒXƒ^[ƒnƒ“ƒ^[20ü”N-‘åë—Â“W-xƒ~ƒ‰ƒ{ƒŒƒAƒX‘¢ì‚Ìˆê•”‚â‹L”OƒOƒbƒY‚Ì‘Sƒ‰ƒCƒ“ƒiƒbƒvAƒRƒ‰ƒ{ƒJƒtƒF‚Ìƒƒjƒ…[‚ğ”­•\,https://news.yahoo.co.jp/articles/39f7cecf210a3a4dd6e96e3104406e1d37b6a02a,7/9(‰Î) 19:20
piaeigat,‚Ò‚ ,wƒNƒƒCƒGƒbƒgEƒvƒŒƒCƒXFDAY 1 x“ä‚ÌƒNƒŠ[ƒ`ƒƒ[‚ª”—‚è‚­‚é–{•Ò‰f‘œŒöŠJ,https://news.yahoo.co.jp/articles/062e9f0315ee7b05d5f7498af15466c5742655f8,7/9(‰Î) 19:11
piaeigat,‚Ò‚ ,GRAPEVINEAV‹ÈuNINJA POP CITYv”zMƒŠƒŠ[ƒX@wAlmost therexƒcƒA[‚Ì‰f‘œ‰»ì•i‚à”­•\,https://news.yahoo.co.jp/articles/5fdbb5ececc6628370dbbdd523ca9ad9974e7ae0,7/9(‰Î) 19:02
piaeigat,‚Ò‚ ,wƒLƒ“ƒOƒ_ƒ€ ‘å«ŒR‚Ì‹AŠÒxo‰‰ƒLƒƒƒXƒg‚ª”é˜b‚ğŒöŠJI wƒLƒ“ƒOƒ_ƒ€ğêx”zMŒˆ’è,https://news.yahoo.co.jp/articles/629eab07b544c5346339c522d9a662661768023a,7/9(‰Î) 18:03
piaeigat,‚Ò‚ ,²“¡—¬iå‰‰•‘‘äw×‹›‘à^ƒWƒƒƒbƒRƒ^ƒCx8–¼‚ÌƒLƒƒƒ‰ƒNƒ^[ƒrƒWƒ…ƒAƒ‹•”z–ğ”­•\,https://news.yahoo.co.jp/articles/c2d956585cde2760f8bc31654c4fb919156c3a05,7/9(‰Î) 18:02
piaeigat,‚Ò‚ ,a’JƒNƒ‰ƒuƒNƒAƒgƒ©åŠé‰æwLAUNCH vol.5x‚ÉKhakiA‰³—ŠG‰æAiVyAdownt‚ª“oê,https://news.yahoo.co.jp/articles/e9463e11314ed3f919d623bf06f9da8659d41726,7/9(‰Î) 18:01
piaeigat,‚Ò‚ ,‚Ë‚®‚¹BACodyELee(—›)‚Æj‚Á‚½ƒŠ[ƒKƒ‹ƒŠƒŠ[Œ‹¬10ü”N‹L”OŒö‰‰uƒƒbƒN‚Æ‚¢‚¤•ó•¨‚Ì’†‚É¡“úˆê“ú‚ğ“ü‚ê‚½‚¢v,https://news.yahoo.co.jp/articles/1180d69b857b003e137dd98207e2a1b414f75b57,7/9(‰Î) 18:01
piaeigat,‚Ò‚ ,l‹CƒCƒxƒ“ƒguBitSummit DriftvƒIƒtƒBƒVƒƒƒ‹ƒZƒŒƒNƒVƒ‡ƒ“‚ª”­•\,https://news.yahoo.co.jp/articles/0afbdbefeb12f8e1cb53de002e43f7d1c233a2ae,7/9(‰Î) 17:30
piaeigat,‚Ò‚ ,Stray KidsjãÅ‘å‹K–Í‚Ìƒ[ƒ‹ƒhƒcƒA[ŠJÃŒˆ’è@“ú–{Œö‰‰‚Í“Œ‹ƒh[ƒ€•‹ƒZƒ‰ƒh[ƒ€‘åã,https://news.yahoo.co.jp/articles/2eb3cd4349b013bafa03e2493ca3ca55e731e9c6,7/9(‰Î) 14:40
piaeigat,‚Ò‚ ,gPMC‚Ü‚é‚²‚Æ1ûKroih–{“ú7Œ9“ú(‰Î) ”­”„Iƒƒ“ƒo[W‡ƒCƒ“ƒ^ƒrƒ…[A100Q~5AMVB‰e–§’…AŠÖŒWÒØŒ¾‚Ù‚©‘å“ÁWI,https://news.yahoo.co.jp/articles/0e1145c51f803db32f80f69a7c0db728f785473f,7/9(‰Î) 12:04
piaeigat,‚Ò‚ ,å‰‰E›“c«ôwCloud ƒNƒ‰ƒEƒhx‹Ù”—‚µ‚½‹ó‹C‚ğû‚ß‚½ê–ÊÊ^6“_ŒöŠJ@ˆÓ–¡[‚ÈƒRƒs[‚ª“Y‚¦‚ç‚ê‚½–{ƒ|ƒXƒ^[‚à,https://news.yahoo.co.jp/articles/10688593745e8f414d5df06092e8c98f42a54c84,7/9(‰Î) 12:02
piaeigat,‚Ò‚ ,•Ğ‰ªm¶‰q–å‚Æâ“Œ‹ÊO˜Y‚ª•v•w–ğ‚ğ‰‰‚¶‚é@ƒVƒlƒ}‰Ì•‘ŠêÅVìw‚À‚¢‚³‚ñ‚Î‚ ‚³‚ñxƒrƒWƒ…ƒAƒ‹•—\•ÒŒöŠJ,https://news.yahoo.co.jp/articles/93dfe485e4cf51c4f5faa96c0b5410705ac80d37,7/9(‰Î) 12:01
piaeigat,‚Ò‚ ,y˜a“cÊ‰Ô‚ÌƒA[ƒg‚³‚ñ‚Ûz‹óŠÔ‘S‚Ä‚É‚±‚¾‚í‚è‚Ì‹l‚Ü‚Á‚½u–¯åY‰^“®v‚Ì‹’“_\\\“ú–{–¯åYŠÙ,https://news.yahoo.co.jp/articles/ac1e79f4504e39b2f01629d3403b978a6eaf8ae0,7/9(‰Î) 12:01
piaeigat,‚Ò‚ ,wƒ‚ƒAƒi‚Æ“`à‚ÌŠC2x‰®”ä‹v’m“Ş•”öã¼–ç‚ª‘±“Š@‘Ö”Å‚Ì“Á•Ê‰f‘œŒöŠJ,https://news.yahoo.co.jp/articles/d43031bb51e9f904f1970a09bac11b39ad16617e,7/9(‰Î) 11:32
piaeigat,‚Ò‚ ,ƒA[ƒg‚ğ’Ê‚µ‚Ä”üpŠÙ‚Ì“ä‚É”—‚éwƒŒƒCƒNƒTƒCƒhƒXƒyƒVƒtƒBƒbƒNI\‰Ä‹x‚İ‚Ì”üpŠÙŠÏ@xsŒ´ŒÎ”È”üpŠÙ‚Å,https://news.yahoo.co.jp/articles/cb654a12b8c293e657659c45f8dd6b74e2ab5a73,7/9(‰Î) 11:30
piaeigat,‚Ò‚ ,‘S‘‚ÌTOHOƒVƒlƒ}ƒY‚Å‚¨“¾‚ÉƒzƒbƒgƒhƒbƒO‚ğw“ü‚Å‚«‚égƒzƒbƒgƒhƒbƒOƒfƒCh‚ªƒXƒ^[ƒg,https://news.yahoo.co.jp/articles/9f293e1d15c8aa96c26957fc5920c94f5c2d6f44,7/9(‰Î) 10:20
piaeigat,‚Ò‚ ,ƒŠƒhƒŠ[EƒXƒRƒbƒgŠÄ“ÂwƒOƒ‰ƒfƒBƒG[ƒ^[IIx“ú–{ŒöŠJŒˆ’è@ƒeƒBƒU[ƒ|ƒXƒ^[•ê–ÊÊ^13–‡‚ğˆê‹“ŒöŠJ,https://news.yahoo.co.jp/articles/3ec145d38b623589bb48ed76180bdb820c972e9e,7/9(‰Î) 10:20
piaeigat,‚Ò‚ ,‰iˆä^—qƒCƒ“ƒ^ƒrƒ…[u‚â‚ç‚È‚¯‚ê‚Î‚¢‚¯‚È‚¢‚Æv‚Á‚½‚Ì‚ÍAV‚µ‚¢‹È‚ğì‚é‚Æ‚¢‚¤‚±‚Æv,https://news.yahoo.co.jp/articles/872be9d1933e97c0f07bda7e47e2f1857d272843,7/9(‰Î) 10:00
piaeigat,‚Ò‚ ,–ğŠLiå‰‰‰f‰æw”ªŒ¢“`x‚Ó‚½‚Â‚Ì¢ŠE‚ªŒğö‚·‚é–{ƒrƒWƒ…ƒAƒ‹•–{—\‰f‘œŒöŠJ,https://news.yahoo.co.jp/articles/0fde4e33e6aa65dc7b3863d0486e0216e7aea861,7/9(‰Î) 7:00
piaeigat,‚Ò‚ ,‰f‰æwƒXƒIƒ~‚Ì˜b‚ğ‚µ‚æ‚¤x‚É£ŒËNjA‹{àVƒGƒ}AŒË’Ëƒ‹M‚ªo‰‰@ƒ|ƒXƒ^[ƒrƒWƒ…ƒAƒ‹•ÅV—\•Ò‚àŒöŠJ,https://news.yahoo.co.jp/articles/0d49f1f82dc945e826b0d65f9c3259a4608d14e7,7/9(‰Î) 5:00
piaeigat,‚Ò‚ ,"ROTH BART BARONwBEAR NIGHT 5x‘So‰‰Ò‚ğ”­•\‚ÅYONCEiSuchmos, Hedigan'sjA…–ì‘“¶‚ÌQíŒˆ’è",https://news.yahoo.co.jp/articles/ab6703ddbcfb5dd73ba8f14ca6030680597b8c90,7/8(Œ) 20:01
piaeigat,‚Ò‚ ,uV‘ƒfƒWƒ^ƒ‹ƒVƒAƒ^[v‚Å•‘‘äw„‚Ìˆêƒ–Œxw–é–¾‚¯‚ÌŠñ‚èŒ~xwŠy‰€x–³—¿”zMŒˆ’è,https://news.yahoo.co.jp/articles/97e071fb4e01dc45f2f30560c9ea0d030b973d4d,7/8(Œ) 19:32
piaeigat,‚Ò‚ ,•‘‘äwƒnƒŠ[Eƒ|ƒbƒ^[‚Æô‚¢‚Ìqxã‰‰3”N–Ú‚É“Ë“üI@VƒnƒŠ[–ğE•½•ûŒ³Šî‚ç‚ÌƒRƒƒ“ƒg‚ª“’…,https://news.yahoo.co.jp/articles/321d0b7f49cfb10e7bf2adb170b5362e2df798e8,7/8(Œ) 19:31
piaeigat,‚Ò‚ ,wPIA MUSIC COMPLEX 2024x‘Åñ––å“¯D‰ïAFRUITS ZIPPER‚Ìo‰‰‚ªŒˆ’è,https://news.yahoo.co.jp/articles/095cbe787fa45909e301fc250abea2d7d80c38ba,7/8(Œ) 18:03
piaeigat,‚Ò‚ ,SIRUP‚ªƒzƒXƒg‚ğ–±‚ß‚éwGrooving Night #4x‚ÉAyumu Imazu‚ªƒQƒXƒgo‰‰@ƒ‰ƒCƒu‚É‰Á‚¦–{‰¹ƒg[ƒN‚à,https://news.yahoo.co.jp/articles/8a181ee3fcacddf59bbd7bf166d9c75c781d14de,7/8(Œ) 18:03
piaeigat,‚Ò‚ ,yƒƒ“ƒO“C’k‘æ“ñ’ez¬’r’å—˜ithe dadadadysj~‹´–{ŒOiHelsinki Lambda Clubj~ƒ‚ƒŠƒ^ƒiƒIƒqƒRiTENDOUJIj,https://news.yahoo.co.jp/articles/e2aaee77839a6b12faea475dae184cdae55ae5d8,7/8(Œ) 18:01
piaeigat,‚Ò‚ ,íê‚Ì~–[‚ÅˆÀ“cŒ°~—ÑŒ­“s‚ªŒJ‚èL‚°‚é“ä‚ß‚¢‚½•‘‘äw€‚Ì“Jx,https://news.yahoo.co.jp/articles/2ce631137f6371760e1423fd7d469ee81decc6ac,7/8(Œ) 15:00
piaeigat,‚Ò‚ ,ƒ\ƒ25ü”N‚ğŒ}‚¦‚éLOW IQ 01A‰‚Ì–ì‰¹ƒƒ“ƒ}ƒ“Œˆ’è@ƒQƒXƒg‚É‘å–ØL•viACIDMANj×”ü•miELLEGARDENj‚ç‚ªQ‰Á,https://news.yahoo.co.jp/articles/23c87540c73fcc7f04f6e3461da95709c3b35639,7/8(Œ) 14:40
piaeigat,‚Ò‚ ,wƒ‹ƒbƒNƒoƒbƒNx‚ªñˆÊ‚É@VìwƒtƒFƒ‰[ƒŠx‚Í‰“oê5ˆÊy‰f‰æ“®ˆõƒ‰ƒ“ƒLƒ“ƒOz,https://news.yahoo.co.jp/articles/15fdf57e1618e25316cfde112de3ecab6ff906fa,7/8(Œ) 14:00
piaeigat,‚Ò‚ ,ƒ‰ƒE[ƒ‹å‰‰‰f‰æwÔ‰Hœq‚Ìƒ{ƒfƒBƒK[ƒhxR–{çqAŒË’Ëƒ‹M‚ç5–¼‚ÌƒLƒƒƒ‰ƒNƒ^[Ê^ŒöŠJ,https://news.yahoo.co.jp/articles/f9ab176ef80a8484cf8c99c067219ab0020bdfbb,7/8(Œ) 12:12
piaeigat,‚Ò‚ ,•–Ø‰ØƒCƒ“ƒ^ƒrƒ…[ ‚¢‚æ‚¢‚æŠJ–‹Iw‚Ó‚­‚·‚¯x‚ÅAg–µ‚h‚ğŠy‚µ‚ñ‚Å‚Ù‚µ‚¢,https://news.yahoo.co.jp/articles/be949d816d7d1608ea4eb7d61dbfba7f2c3f8683,7/8(Œ) 12:06
piaeigat,‚Ò‚ ,’Jèˆê˜Y‚Ìˆ—ì‚É’…‘zAŒ““‡‘ñ–ç‹r–{~‰Íˆä˜N‰‰o‚É‚æ‚éVìwhÂ/TATTOOERx‚ªƒƒ“ƒhƒ“‚ÉioI,https://news.yahoo.co.jp/articles/418e60dc7bb4a7a7cbbc3b894b854a99049b481b,7/8(Œ) 12:04
piaeigat,‚Ò‚ ,w‚¨•ê‚³‚ñ‚ªˆêx]Œû‚Ì‚è‚±E“à“cœEŒÃì‹Õ‰¹‚ÌOo–…ƒoƒgƒ‹A‚±‚±‚Ü‚Åƒ„ƒŒ‚Î‚Ş‚µ‚ëƒXƒbƒLƒŠI‹´Œû—º•ãŠÄ“Â9”N‚Ô‚è‚ÌVì„Ÿ„Ÿy‚¨‚Æ‚È‚Ì‰f‰æƒKƒCƒhz,https://news.yahoo.co.jp/articles/55221a61a4effe4bbe50cd460abaa347fb2109ac,7/8(Œ) 12:01
piaeigat,‚Ò‚ ,‹{“¡Š¯‹ã˜Y‚ª‘‚«‰º‚ë‚·wå•w •Ä“c]‚Ì–Æ‰u—Í‚ªƒAƒbƒv‚·‚éƒRƒ“ƒg6–{xƒƒCƒ“ƒrƒWƒ…ƒAƒ‹ŒöŠJI,https://news.yahoo.co.jp/articles/520c9bd3db40ef64ad25443e174beae6a6288101,7/8(Œ) 12:00
piaeigat,‚Ò‚ ,THE ALFEE‰‚ÌƒgƒŠƒrƒ…[ƒgEƒAƒ‹ƒoƒ€”­”„Œˆ’è@‘Åñ––å“¯D‰ïA“Œ‹03A¼ì‹M‹³A‹{–ì^ç‚ç‚ªQ‰Á,https://news.yahoo.co.jp/articles/a79533c118e80953ee122363fbf77b1ebadb1c8c,7/8(Œ) 11:52
piaeigat,‚Ò‚ ,HEY-SMITHåÃ–ìŠOƒtƒFƒXwOSAKA HAZIKETEMAZARE FESTIVAL 2024x‘So‰‰Ò‚Ì“úŠ„‚è”­•\,https://news.yahoo.co.jp/articles/a3dd855410ccc6e7adc05f8911c978f0e8c239ba,7/8(Œ) 11:42
piaeigat,‚Ò‚ ,w‚Â‚­‚é“W@TASKOƒtƒ@ƒNƒgƒŠ[‚Ì‚Ğ‚ç‚ß‚«‚ğ‚©‚½‚¿‚ÉxˆïéŒ§‹ß‘ã”üpŠÙ‚Å@ŒÜŠ´‚ğg‚Á‚ÄŠy‚µ‚ß‚éì•i‚Å‚à‚Ì‚Ã‚­‚è‚Ì–£—Í‚ğĞ‰î,https://news.yahoo.co.jp/articles/b640a185c17be6427ae8c51547c3e46e9744426b,7/8(Œ) 11:30
piaeigat,‚Ò‚ ,–k•Äƒ{ƒbƒNƒXƒIƒtƒBƒXAñˆÊ‚Íw‰ö“ƒOƒ‹[xÅVì,https://news.yahoo.co.jp/articles/a7a761d67fa6d844b7e17ac330c6c45b50988ab1,7/8(Œ) 11:01
piaeigat,‚Ò‚ ,ƒ~ƒ…[ƒWƒJƒ‹wˆ¤‚Ì•s’…xÄ‰‰”Å‚ªŠJ–‹@o‰‰Ò‚ªˆÓ‹C‚İ‚ğŒê‚é,https://news.yahoo.co.jp/articles/7cbaf154b78fc90e245492d5749be2b25ea6f7ee,7/8(Œ) 10:20
piaeigat,‚Ò‚ ,“n•ÓãÄ‘¾iSnow ManjEX–{T‘¾˜YiSixTONESj‚ª‘±“Š@Œ»E’é‘Œ€êÅŒã‚ÌwDREAM BOYSx,https://news.yahoo.co.jp/articles/1c2cb558b97a5a82d04d726962a136c3c2949ec7,7/8(Œ) 10:01
piaeigat,‚Ò‚ ,the dadadadysATENDOUJIAHelsinki Lambda Club‚É‚æ‚éƒXƒŠ[ƒ}ƒ“ƒcƒA[wŒN‚È‚çƒXƒ^[‚É‚È‚ê‚é‚æxŠJÃŒˆ’è,https://news.yahoo.co.jp/articles/ea27cfc2f9b33be2f5e10a22e837bdfba2340e32,7/7(“ú) 21:02
piaeigat,‚Ò‚ ,‹–{‘å‰ä‚ÆŒÃì‹Õ‰¹‚ªŒê‚é‰f‰æwŒ¾‚¦‚È‚¢”é–§x‚Ì–£—Í‚Æ‚ÍH@ƒCƒ“ƒ^ƒrƒ…[‰f‘œŒöŠJ,https://news.yahoo.co.jp/articles/a207db1f520544a98a59803e2fcc70fbe16131fd,7/7(“ú) 14:00
piaeigat,‚Ò‚ ,wƒXƒ}ƒz‚ğ—‚Æ‚µ‚½‚¾‚¯‚È‚Ì‚ÉxŠØ‘‚Åƒ[ƒ‹ƒhƒvƒŒƒ~ƒAŠJÃ@ƒNƒHƒ“EƒEƒ“ƒr•’†“cG•vŠÄ“Â‚ª•‘‘äˆ¥A,https://news.yahoo.co.jp/articles/86adcf69c3e0bd62bef372de67eb12024bfb8aa3,7/7(“ú) 13:02
piaeigat,‚Ò‚ ,wRl‰¹ŠyÕ2024xƒUEƒNƒƒ}ƒjƒˆƒ“ƒYAƒ}ƒ“ƒEƒBƒY‚çÅIo‰‰ƒA[ƒeƒBƒXƒg”­•\,https://news.yahoo.co.jp/articles/8a6631e245306165110f658920f210b33e6c9c14,7/7(“ú) 12:04
piaeigat,‚Ò‚ ,THE BAWDIESA“ŒãƒAƒjƒo[ƒTƒŠ[ƒ‰ƒCƒuŠJÃŒˆ’è@ƒtƒ@ƒ““Š•[‹È‚àû˜^‚³‚ê‚éƒAƒjƒo[ƒTƒŠ[EƒRƒŒƒNƒVƒ‡ƒ“ƒY‚à”­”„,https://news.yahoo.co.jp/articles/884183e7a8d77c94b3220f6f026be3b18ca12aa5,7/6(“y) 20:00
piaeigat,‚Ò‚ ,©g‰‚Ì’˜‘‚ğãˆ²I Ô‚¢‚·ƒeƒjƒXE¬“cŠMlu–l‚Ìl¶‚Í–Ê”’‚¢v,https://news.yahoo.co.jp/articles/3717c600807ea78ae3a3095539f2794db70e1bc3,7/6(“y) 12:04
piaeigat,‚Ò‚ ,wƒ_ƒuƒ‹ƒ`[ƒg ‹U‚è‚ÌŒxŠ¯xSeason2‚Ì‘æ2˜b‚ª–{“ú•ú‘—•”zMB“ä‚ß‚¢‚½VålŒö‚Ì‘f«‚â–Ú“I‚Æ‚Í!?,https://news.yahoo.co.jp/articles/768e6a1a9d031ad983182676eadea18368591f7c,7/6(“y) 12:00
piaeigat,‚Ò‚ ,Œö”F•s—Ï‚ğ•`‚¢‚½ƒhƒ‰ƒ}w1122 ‚¢‚¢‚Ó‚¤‚ÓxA‚”¨[ŠóA‰ª“c«¶‚ç‚Ìƒzƒ“ƒl‚à”ò‚Ño‚·–ñ13•ª‚Ìƒg[ƒN‰f‘œŒöŠJ,https://news.yahoo.co.jp/articles/72c40cf59001a0ca7145c2f7dfcfb9e8beeb0d37,7/6(“y) 12:00
piaeigat,‚Ò‚ ,KroiA‰¡•lÔƒŒƒ“ƒK‘qŒÉ‚ÅŠJÃ‚µ‚½ƒtƒŠ[ƒ‰ƒCƒu‚æ‚èuFire Brainv‚Ì‰f‘œŒöŠJ,https://news.yahoo.co.jp/articles/b58997f10b264aac4c09618247d71d7083ab1c7f,7/5(‹à) 21:03
piaeigat,‚Ò‚ ,óˆäŒ’ˆêA‘S‘12ƒJŠ‚ğ„‚éƒ\ƒ–¼‹`‚ÌƒcƒA[ŠJÃŒˆ’è,https://news.yahoo.co.jp/articles/2b765f87cacca5e410f223d7d258697214b6fc19,7/5(‹à) 21:02
piaeigat,‚Ò‚ ,—é–Ø•Û“Ş”üå‰‰w“¦–z­‘–x‚ª–{“úŠJ–‹ ‹¤‰‰E›¼‘ñl‚Íu‚Æ‚É‚©‚­•Û“Ş”ü‚³‚ñ‚Ì”æ˜J‚Í‚·‚²‚¢‚¾‚ë‚¤‚È‚Æv,https://news.yahoo.co.jp/articles/4d87628bc09c96efd22138f3bcd4b6065850aadb,7/5(‹à) 19:00
piaeigat,‚Ò‚ ,BEGINw‚¨“V‹CÕ‚èƒcƒA[xƒtƒ@ƒCƒiƒ‹Œö‰‰@Õ‚è‹C•ª‚É•‚‚«—§‚Âƒ‰ƒCƒuƒŒƒ|[ƒg,https://news.yahoo.co.jp/articles/b777590f404b07bc32ae388415aa2fc2d355b3ef,7/5(‹à) 18:06
piaeigat,‚Ò‚ ,‰Ì•‘Šê‚Ì•‘‘ä‚Å‚àA—Œê‚Ì‚À‚Å‚à‚È‚¢•sv‹c‚ÈƒRƒ‰ƒ{wâ“Œ‹ÊO˜Y~t•—’à¬’© ‰Ì•‘ŠêÀ“Á•ÊŒö‰‰x,https://news.yahoo.co.jp/articles/b946389764c00d76031fffdf6bf457550cf0cb9c,7/5(‹à) 18:04
piaeigat,‚Ò‚ ,‰f‰æƒcƒE‚½‚¿‚ª‘I‚ÔA7ŒÅ‚àŒ©‚½‚¢‰f‰æ‚ÍAwƒƒCEƒfƒBƒZƒ“ƒo[ ‚ä‚ê‚é^ÀxyŒƒCƒ`Ig‚Ò‚ ƒeƒ“hƒ‰ƒ“ƒLƒ“ƒOz,https://news.yahoo.co.jp/articles/a6271844323e0aa15dbfed1d3bbde9541db1cacb,7/5(‹à) 18:03
