media_en,title_articles,link_articles,date_original
dal,安保瑠輝也の麻布十番ジム開設クラファン「ジョリーをボコれる権利」が即完　ボブ・サップも「買いました」でＳＮＳ騒然「死んだな」,https://news.yahoo.co.jp/articles/06889807dc9d9e1149ff6692855d6e423a0859c8,8/17(木) 12:18
dal,ホンマでっか！？評論家　学生時代は「虫ばっかり見ていて」視力が「３・５」と豪語,https://news.yahoo.co.jp/articles/f944a288f44bc6c2e4061f4f2fa3b74682f0c85b,8/17(木) 12:03
dal,明石家さんま、薬ＣＭ出演も「元気過ぎる」とクレーム→ＣＭ降ろされた過去,https://news.yahoo.co.jp/articles/b6b966423c8038e1a7b932f32ab63f9aadf87e8c,8/17(木) 11:49
dal,Ｓｎｏｗ　Ｍａｎ・渡辺翔太がスキンケアブランドアンバサダーに就任　ツヤ肌披露,https://news.yahoo.co.jp/articles/9f2b154065231b3bc6dcd0cc09d95f2907cde2f2,8/17(木) 11:45
dal,大谷翔平がリーグ独走４２号含む猛打賞　３試合ぶり弾でＭＬＢ首位まで１本差　デトマーズ８回１死までノーノー快投でエ軍連敗止める,https://news.yahoo.co.jp/articles/dad018ac3e271a93f363f9de6df3ba7dd7dfba77,8/17(木) 11:35
dal,元高校球児の小泉進次郎議員、１５年ぶり８強の慶応を祝福「明るい笑顔プレー、印象的」,https://news.yahoo.co.jp/articles/c7ce805c0d8e18613ee860b53912ab1c32631454,8/17(木) 11:31
dal,松本伊代　夫・ヒロミが知ったら「ブチ切れられる」案件告白　洗濯が「面倒臭くて」,https://news.yahoo.co.jp/articles/aa6dd6c4445b096fb98005f86d47cd42103f21a0,8/17(木) 11:17
dal,「もはや怪獣映画」ノッコン寺田ＶＳボブ・サップの野獣大乱闘にネット騒然「絵面がもう熊とゴリラ」「激アツすぎる」,https://news.yahoo.co.jp/articles/94b25da82cbf861c87ba42c92421fc72373a3f1a,8/17(木) 11:01
dal,「水ダウ」一夫多妻制の第二夫人、松本人志の「やばかった」に「最高の褒め言葉」,https://news.yahoo.co.jp/articles/6a61cfdab99fb5ffa1b5064f01c7af91e1035976,8/17(木) 10:53
dal,履正社・多田監督　決勝点献上のスクイズ悔やむ「簡単には決められないだろうと」　エース福田は号泣,https://news.yahoo.co.jp/articles/356768d8e3008298501b312b1dd12ca6771d75b5,8/17(木) 10:52
dal,連覇へ一歩前進の仙台育英　“魔の三回”３失策も１失点に須江監督「奇跡みたい」選手を激励「神様がこの試合勝てと言ってる」,https://news.yahoo.co.jp/articles/19462e3d5a9d6588f8e59c9a2028bd264db992d6,8/17(木) 10:33
dal,「水ダウ」予告でダウンタウンが泣いてるのに　次回は実に３週間後、ネット「え？」「うそ」,https://news.yahoo.co.jp/articles/9220a17ec9696545f7ea3836a66450ebfaecc287,8/17(木) 10:21
dal,１９年覇者・履正社は２年ぶり８強ならず　仙台育英３失策のイニングにわずか１点　王者の隙突ききれず競り負け,https://news.yahoo.co.jp/articles/ff21ab2b6a014a4e8d96486c8ff89493b1bda654,8/17(木) 10:21
dal,王者仙台育英が２年連続８強！１９年覇者の難敵履正社との激戦制す　エース高橋が好リリーフ　履正社は夏の甲子園連勝８でストップ,https://news.yahoo.co.jp/articles/f008750ae01a5c8a36e595671dde156e64f9539b,8/17(木) 10:10
dal,大家志津香、自宅で麦茶飲む時はまさかの手　「神社の手水スタイル」宣言に「やめなよ！」悲鳴,https://news.yahoo.co.jp/articles/e4cbbfcf8bd06a4f4f5c47d485adf82cd164a224,8/17(木) 9:59
dal,仙台育英－履正社で珍中断！球審のベルト切れて交換で中断　再開で観客は温かい拍手　ＳＮＳ「球審のベルト」トレンド入り,https://news.yahoo.co.jp/articles/1711baf6260f171c19559ad691833717a640c9b9,8/17(木) 9:39
dal,「らんまん」田邊教授が家族の愛で表情激変　ネットも拍手「美しい」「圧巻」【ネタバレ】,https://news.yahoo.co.jp/articles/c2c0f11a1e375493edeb6e76a34eb4ccb917127a,8/17(木) 9:37
dal,大谷翔平が４２号先制ソロ　へルメット脱げるほどの強振　３試合ぶりの一発でリーグトップ独走　両リーグでもオルソンに１差に迫る,https://news.yahoo.co.jp/articles/bb57db1a9f1c265a6f2812159105cd9c0257b000,8/17(木) 9:15
dal,履正社のレフト・西田大志が大一番で躍動　背走好キャッチに強肩発動で勝ち越し阻止,https://news.yahoo.co.jp/articles/5dfe4a42931df47820cea63f692e94cf19a36edd,8/17(木) 9:03
dal,王者・仙台育英の１回３失策　テレビ解説の明徳義塾・馬淵監督もびっくり「仙台育英の１イニング３エラー初めて見た」,https://news.yahoo.co.jp/articles/d980a99d6143b69b604f6e39abd4f1a6da55e579,8/17(木) 8:55
dal,王者・仙台育英がまさかの１イニング３失策　負の連鎖…ファンブルに悪送球、悪送球　履正社が勝ち越す,https://news.yahoo.co.jp/articles/851e819246cd0fc93b4d041f8ee88dfc37fbf0b2,8/17(木) 8:43
dal,３回戦屈指の好カードは序盤からがっぷり四つ　連覇狙う仙台育英が鈴木の２ランで先制も履正社が直後に同点に,https://news.yahoo.co.jp/articles/adbcd5574c9212eacbfe9b93b38da122b3cfcaab,8/17(木) 8:30
dal,勝敗を分けた阪神・桐敷のストレート　井川慶氏が絶賛　ここからも重要なリリーフ陣、あと１人か２人増えれば、より盤石に,https://news.yahoo.co.jp/articles/cd3b6049b7ae05de3d010f586b4a5fec6c851bc9,8/17(木) 8:00
dal,超特急ハル「バッタマン」のパフォーマンスがウケた！２年に気が引き締まる,https://news.yahoo.co.jp/articles/a2f43b89f761b3ec83ed557d29fb55a3f0e7b0a2,8/17(木) 8:00
dal,楽天・辛島に魔の二回　３連続適時打浴びて４回４失点ＫＯ　Ａクラス遠のく痛恨一敗,https://news.yahoo.co.jp/articles/c996d033d92ab8946f8728efef81099d6adee8a2,8/17(木) 6:00
dal,広島・新井監督　執念の勝負手も自力Ｖ消滅「どうってことない」　坂倉今季初一塁スタメン＆島内ビハインド登板,https://news.yahoo.co.jp/articles/b6ec8da5ab645cbe389f0bc6513851919d397506,8/17(木) 6:00
dal,夏の甲子園　大会１１日目は仙台育英-履正社が激突！第２試合は佐々木麟太郎も登場　８強進出の椅子はどこがつかむか,https://news.yahoo.co.jp/articles/1834b353b3c7891c30f184bf536917e5fffa1844,8/17(木) 6:00
dal,進化するＫＷＯＮ　ＥＵＮＢＩ　元ＩＺ＊ＯＮＥリーダー「名前をもっと知らしめたい」,https://news.yahoo.co.jp/articles/31b30964fc8a2388befc74b57975f039e5f8d877,8/17(木) 6:00
dal,石川恋“運命”の連ドラ初主演　深く共感「１シーン１シーン丁寧に作り上げていきたい」,https://news.yahoo.co.jp/articles/f05049b615ea7fa0fb9f97fa153c670fee84191d,8/17(木) 6:00
dal,ルクスノア　新潟２歳Ｓに向けて好時計,https://news.yahoo.co.jp/articles/2038b319d9dede568ca2e18ea5c35179b611591e,8/17(木) 6:00
dal,【北九州記念】モズメイメイ　重賞２連勝へ軽快　音無師も納得顔「いい状態になっている」,https://news.yahoo.co.jp/articles/f0845a033fdbba5ecc343875da3421c0d5fbcae3,8/17(木) 6:00
dal,【札幌記念】ダノンベルーガ　３頭併せで整った  堀師満足げ「さすがオープン馬」,https://news.yahoo.co.jp/articles/81a994574932aeee2e9471b443026e7897ed44c2,8/17(木) 6:00
dal,【札幌記念】シャフリヤール貫禄走　横山武納得「反応鋭かった」　ダービー馬の復活なるか,https://news.yahoo.co.jp/articles/47946cc93fe4d5fbf339c2363b748b25de75d49a,8/17(木) 6:00
dal,ウシュバテソーロ、タイトルホルダー　秋に向けていよいよ帰厩,https://news.yahoo.co.jp/articles/62a1e1d73c64656866347db48f54e75c0300436b,8/17(木) 6:00
dal,【札幌記念】ウインマリリン合格点  コンビ再結成の松岡「休み明けとしてはいい」,https://news.yahoo.co.jp/articles/cbc667a66c0c42701a7db780fa9d5a15ebc7b93e,8/17(木) 6:00
dal,【札幌記念】ジャックドール　一流の動き　２５年ぶり４頭目連覇へ指揮官「このＧ２を獲りに行く」,https://news.yahoo.co.jp/articles/c84e7dcd325714d7b5445ada27ca016605ff7d6e,8/17(木) 6:00
dal,【北九州記念】ママコチャ充実の夏　全姉ソダシと同じＧ１舞台に駆け上がる,https://news.yahoo.co.jp/articles/dd7cf6be0ceaf663fc63db6bf54df7d856b2a7b5,8/17(木) 6:00
dal,セクゾ松島聡×ピーチ・ジョン「世界に一つだけ」ルームウェアをプロデュース,https://news.yahoo.co.jp/articles/18a828d2befada14c686265f0768c369232b2539,8/17(木) 4:00
dal,屋良朝幸　唯一無二のアクション劇　主演ミュージカル決定「Ｔｈｅ　Ａｇｅｎｔ」,https://news.yahoo.co.jp/articles/cb64c13ff44c07e1407c47290fa870e9bdcc3460,8/17(木) 4:00
dal,巨人・原監督　痛恨サヨナラ負けで再び借金生活　３イニング連続併殺打に嘆き「１点では、なかなか支配するのは難しい」,https://news.yahoo.co.jp/articles/36da4d09f5e020249cfacc48199874e4454b8bab,8/17(木) 2:00
dal,阪神・大竹　体調不良乗り越えチームトップ８勝目　六回途中を粘投３失点、キラー健在カープに４連勝,https://news.yahoo.co.jp/articles/9decb95d788928b3ca1f753bbae0dfb8b49c433c,8/17(木) 2:00
dal,阪神・桐敷　２年目左腕が救った！４戦連続イニングまたぎで０封　「任された場面をゼロで抑えるだけなので」,https://news.yahoo.co.jp/articles/62a0419b7682a9efede8a83346743e179da3d163,8/17(木) 2:00
dal,阪神の“安打王”近本　夏ロード勝ち越し決める今季８度目猛打賞　新人から５年目までで７４２安打は球団歴代最多,https://news.yahoo.co.jp/articles/b79d2a2f2902d57af042768b2f30d348bed87663,8/17(木) 2:00
dal,阪神・岡田監督　好投桐敷に「ちょっとハマっているよな」　マジック点灯も「まだまだそらあれよ」【一問一答】,https://news.yahoo.co.jp/articles/ef4552a136ff272ce09fed66818688a871d7ec6b,8/17(木) 2:00
dal,岡田阪神　Ｍ２９点灯　見えた！アレへの道一筋　佐藤輝外し打線に喝！再び８差も「え、どこと優勝争いしてるの？」,https://news.yahoo.co.jp/articles/76f03e00cdd335286c5853edb4ab55fbe91978b6,8/17(木) 2:00
dal,阪神・岩崎　九回３人斬り２５Ｓ目＆２０試合連続無失点　マジック点灯「知らなかったですけど、一試合一試合頑張ります」,https://news.yahoo.co.jp/articles/b2f040689d70dc2a833de2bf2961173482ebe0f4,8/17(木) 2:00
dal,オリックス・山本　“天敵”有原に同一シーズン初の３敗目　５回１１０球今季最短降板に「何とか粘りたかった」,https://news.yahoo.co.jp/articles/f1ebbb3130366aa7eab8fe0215b151a06e3371da,8/17(木) 2:00
dal,ＤｅＮＡ・バウアー　中４日で２０日阪神戦に先発決定　中３日に意欲も三浦監督「他の投手もいますから」,https://news.yahoo.co.jp/articles/d16db537a30ac11aed8e374a4b651e859b39cdc7,8/17(木) 2:00
dal,ロッテ　今季１２度目の完封負け　１４残塁に吉井監督「監督がへっぽこなので、並べ方が悪かった」,https://news.yahoo.co.jp/articles/83121833958a4f575294a72b83a61fb2f4044827,8/17(木) 2:00
dal,日本ハム・王柏融　台湾の三冠王が祝・支配下復帰打　２点適時三塁打で４連勝に貢献　お立ち台で「メチャ、キモチイイ」,https://news.yahoo.co.jp/articles/27f255a1e2ed0dd7276541834b33ba182b696093,8/17(木) 2:00
dal,慶応　広陵破った１５年ぶり８強  延末が５打点の大活躍　兄譲りポジティブ思考で延長十回トドメ２点打,https://news.yahoo.co.jp/articles/670b99d33ca77c4f1a168479592f9edde7d5e940,8/17(木) 2:00
dal,“広陵のボンズ”真鍋　最後の打席はバント失敗「勝ちたかった」　甲子園ノーアーチ、プロ志望届提出へ,https://news.yahoo.co.jp/articles/cacc62cd3fcf95c7049657eae92ef13047024fbf,8/17(木) 2:00
dal,八戸学院光星　４年ぶり８強　５番・藤原が大暴れの３安打２打点「自分のスイングができている」,https://news.yahoo.co.jp/articles/ccb813e254251fe6c5fe75eb0ed24ee071306395,8/17(木) 2:00
dal,土浦日大が劇勝　６点差大逆転で初８強決める　３番手のエース左腕・藤本が６回１／３を無失点の好救援,https://news.yahoo.co.jp/articles/6a5ba823d9c0b998c752f7e4a953310216fc2615,8/17(木) 2:00
dal,創成館・福盛大和　「福盛」の名を背負って挑んだ聖地　憧れの元楽天の父・和男さんを追い越せるよう４年後プロ目指す,https://news.yahoo.co.jp/articles/cb5f4f783dc00597356a0d490257ee4c89f61d6d,8/17(木) 2:00
dal,慶応・清原勝児　父・和博氏観戦も出番なし　ベンチでサポート「仲間を信じてベンチでもみんなで声を。全員の勝利」,https://news.yahoo.co.jp/articles/96154ea868257a989da014750374b0fdb8902b26,8/17(木) 2:00
dal,ＩＣＥｘ　波乱のメジャーデビュー　大雨影響で足止め３時間半　到着に“クーラー”大歓声,https://news.yahoo.co.jp/articles/2057cbc60b596080d246551141f3b4c8244c3809,8/17(木) 2:00
dal,浦和スコルジャ監督　新加入ＭＦ中島早期先発を熱望　現在は「完全に整っている状態ではない」,https://news.yahoo.co.jp/articles/5acf75ec8e4a8d779e804d8ea20a4af98a03779d,8/17(木) 2:00
dal,なでしこＦＷ田中美南　ファン拡大へ取り組んだ試み　ベーカリー店長で交流「すごくいい時間を過ごせた」,https://news.yahoo.co.jp/articles/fee9f230d0d624dc992402b01852118145f94b87,8/17(木) 2:00
dal,ラグビー日本代表　残り３枠争うラブスカフニら６人も合宿参加　登録期限は２１日,https://news.yahoo.co.jp/articles/09cffbbf807a1e1ac637221e1264965354da9c43,8/17(木) 2:00
dal,右足首捻挫の渡辺雄太　病院受診も軽傷　「ＭＲＩも大丈夫だった」ホーバス監督明かす,https://news.yahoo.co.jp/articles/041d3e16a55f8d497311452b6b47f8924bc8a391,8/17(木) 2:00
dal,堀江翔太「集大成」４度目ラグビーＷ杯の３７歳　「死ぬ気でチームのために体を張りたい」,https://news.yahoo.co.jp/articles/52958691800758f037d6b5bdbc8560688c28317e,8/17(木) 2:00
dal,レメキ“下克上”でジャパンの定位置奪取へ　「もう一回チャンス」選出に涙した長男に雄姿を,https://news.yahoo.co.jp/articles/90ec2ad6f182fc5bdfcd0b9c43657a1346b910c1,8/17(木) 2:00
dal,葉月里緒奈４８歳「二重アゴ」と女優感抜けたオフ姿　黒ノースリーブでビール掲げる美アングルに「天真爛漫」,https://news.yahoo.co.jp/articles/8f50aff12f7004bb3eabda015d650e9840f45ea2,8/17(木) 0:29
dal,「水ダウ」女子２人もバリカンで丸刈り　浜田雅功もネットも炎上心配「やってこいｗ」「男女平等ｗ」今年１番ヤバい説,https://news.yahoo.co.jp/articles/8bb9f4c91965fd58d795ac84fbe0c274624ed237,8/16(水) 23:24
dal,ロッテ　５失点で３敗目の森「二回が全てですね」吉井監督は「もったいないピッチングだった」,https://news.yahoo.co.jp/articles/3d9897827c2b1f34ac9c929d49a1ea7e83c0586f,8/16(水) 22:58
dal,広島・新井監督「大山の素晴らしいプレーで勢いが途切れた」,https://news.yahoo.co.jp/articles/1b359fd4d386f6da553e0b740da0f63298d6f5cb,8/16(水) 22:50
dal,阪神・岡田監督　佐藤輝に「そんなん試合出られへんようなるよ」小野寺の三塁スタメンは「昨日決めとったよそんなもん」,https://news.yahoo.co.jp/articles/19c12c92d8971d114ed15b709233951228137d4d,8/16(水) 22:47
dal,ロッテ・吉井監督　１４残塁拙攻に「監督がへっぽこなので」今季１２度目の完封負け　８月前半は「守備のミスが多い」,https://news.yahoo.co.jp/articles/5506e4f03bfce24550c8141c1f0ab03db079fffc,8/16(水) 22:46
dal,浦和レッズ　サポーター暴動の詳細報告　相手サポーターの胸ぐら掴む暴力行為１２件など確認「日本サッカー史に泥を塗る愚行」,https://news.yahoo.co.jp/articles/c86ad91716a1758b9253b83dbfe51922b2ee13b5,8/16(水) 22:36
dal,阪神の「マジック点灯」トレンド１位に　ファンは意外にも冷静？「ソワソワする」「一つずつ」「油断慢心は禁物」,https://news.yahoo.co.jp/articles/088107bc7aa355585a48108c6fc77c7e426ddcfb,8/16(水) 22:31
dal,阪神・岡田監督　優勝マジック点灯に「まだまだそらあれよ」「どこと優勝争いしてるん」と自軍を重要視【一問一答】,https://news.yahoo.co.jp/articles/783ccf750020776b53eaaf7e22913a8d0e2c49f2,8/16(水) 22:26
dal,阪神　ダメ押し打の原口「ブルペン陣のためにも」九回に価値ある１点　優勝マジック点灯に敵地大歓声！,https://news.yahoo.co.jp/articles/1b09ef0de7852eddc664e898d960a1bab7ae885e,8/16(水) 22:08
dal,４連勝の日本ハム・新庄監督　はい上がってきた２選手を称賛「今日は嬉しかったね」「何とか１本、と思って」,https://news.yahoo.co.jp/articles/7968260e7ce1aae543b27a4d82f8b1e38541c376,8/16(水) 22:06
dal,松本伊代５８歳「お風呂嫌い、だいぶ臭う」衝撃告白　洗髪はヒロミの「そろそろじゃない？」待ち　悲鳴起こる,https://news.yahoo.co.jp/articles/1e73614e7dcef765e25a0a526c46ca979082a4d2,8/16(水) 22:05
dal,Ｊｕｉｃｅ＝Ｊｕｉｃｅ植村あかり　来春ツアーをもって卒業へ,https://news.yahoo.co.jp/articles/62405e6219056011187147e3b8d9c12505b1e28e,8/16(水) 22:00
dal,【8月17日のらんまん】第99話　田邊の新種かもしれない花、万太郎に届いた標本とまさかの…！,https://news.yahoo.co.jp/articles/6ce05c8d55e2e238159b36813ae1a4c5c1174835,8/16(水) 22:00
dal,広島が痛恨逆転負けで自力Ｖ消滅　新井監督の勝負手・九回に守護神投入も裏目　二回にミスから４失点,https://news.yahoo.co.jp/articles/bef01e112acda41f11769ec3325879ddb9d9ecda,8/16(水) 21:59
dal,阪神に優勝マジック「２９」が初点灯！自慢のリリーフ陣が粘って価値ある１勝　岩崎が２０試合連続無失点,https://news.yahoo.co.jp/articles/0323440d85c439e2d88cb1de42a6d4707c59fb1e,8/16(水) 21:57
dal,【地方競馬】春無冠のヒーローコールが黒潮盃Ｖ！マンダリンヒーロー、ショウガタップリらを撃破,https://news.yahoo.co.jp/articles/0e32f085eee299307526516828dff19f2dcf5aaa,8/16(水) 21:52
dal,オリックスがソフトバンクに３連敗　山本は自責０も５敗目　頓宮の２失策が失点につながる,https://news.yahoo.co.jp/articles/33d5fbc1200b983efbec512b3a8ea123f4ae881d,8/16(水) 21:44
dal,ＤｅＮＡ・今永が５回６失点に「どうすれば良かったんだろうってのを整理している段階」と呆然　村上に今季３被弾,https://news.yahoo.co.jp/articles/911485a1c2f044347823e3f7c9289a3e7453ea7a,8/16(水) 21:43
dal,巨人・原監督　謎のリクエストを説明「ファーストをもう見てなくてね」攻守に空回り、痛恨のサヨナラ負け,https://news.yahoo.co.jp/articles/ed81deb3dfd5e42f039949186c227a0d76a6dbfd,8/16(水) 21:36
dal,板野友美　ご褒美に買った「珍しい」シャネル鞄に「激カワ」と大興奮、値段も明かす「もっと値上がる」,https://news.yahoo.co.jp/articles/978d3e01066bce6e09c353d69b1be76ea2d30ca9,8/16(水) 21:31
dal,楽天・石井監督「今井君の方が一つ上手だった」天敵右腕に完投負けで２１年から８連敗,https://news.yahoo.co.jp/articles/160b294a938d7d04817d5194dcb75e72fff135e5,8/16(水) 21:30
dal,阪神が連夜の「魔の八回」好機で岡田監督抜擢の小野寺が二飛＆森下満塁で見逃し三振　それでも九回に原口が貴重な一打,https://news.yahoo.co.jp/articles/c720f9473579e9a06e57432d632c4a4b17993da4,8/16(水) 21:29
dal,伊集院光「ノイローゼで通院」落語家を辞める原因となった人物を告白,https://news.yahoo.co.jp/articles/e392e2394f253bf431562e83f23787d89366a81c,8/16(水) 21:28
dal,ロッテは痛恨の２連敗　再三の好機生かせず　先発の森は６回５失点,https://news.yahoo.co.jp/articles/7c0ac4e75546dc2044c183a85f59555e6ea42b7b,8/16(水) 21:12
dal,日本ハムが今季３度目の４連勝　新庄采配ズバリ、支配下復帰の王柏融が初打席で２点適時三塁打,https://news.yahoo.co.jp/articles/4acd9181ad63900855ee1314043c3beaa6cc7580,8/16(水) 21:09
dal,巨人　痛恨のサヨナラ負けで借金生活逆戻り　３併殺の拙攻響く,https://news.yahoo.co.jp/articles/ea909d68313478afd68d34ea9f90662ca28fcc22,8/16(水) 21:07
dal,ＤｅＮＡ猛追も…エース・今永の５回６失点ＫＯ響き届かず　バウアーの好投を次戦に生かせず投壊　村神様にやられた,https://news.yahoo.co.jp/articles/b14cd8e6824fb3264b15268ec2b05876ded76291,8/16(水) 21:06
dal,楽天　またしても西武・今井を攻略できず今季５戦５敗　２１年から８連敗の天敵,https://news.yahoo.co.jp/articles/eb12be3cf7feefe6615caa2338a1146ac3847bf1,8/16(水) 21:01
dal,ＩＣＥｘ　東海道新幹線ストップでイベント大幅遅れ　波乱乗り越えたデビュー日,https://news.yahoo.co.jp/articles/b45857725c331d25da4212bdcc2fa367b407818b,8/16(水) 21:00
dal,応援団到着できず、専大松戸の主将・大森号泣「来るまで粘ろうと」急造応援団は「胸を張ってもらいたい」,https://news.yahoo.co.jp/articles/a66e71511421c87f168ee29f7984b4f92452451b,8/16(水) 20:54
dal,「ＶＩＶＡＮＴ」大河討死の柴田勝家が　凄い場面で初登場していた「えっ、どこ？」「気付かなかった」キーマン？,https://news.yahoo.co.jp/articles/9efa3abf970dd9d8e4353242a3dd04cfb917b29c,8/16(水) 20:42
dal,「別人に見える」「えぐ可愛い天使」ゆうちゃみ「かんこくっぽなおんな」に激変姿に驚きの声,https://news.yahoo.co.jp/articles/65d126c7dd453e99232da5c71d67da624a1a4627,8/16(水) 20:37
dal,専大松戸・持丸監督「６月から指先がしびれると」プロ注目・平野の登板回避を明かす「血行障害が」本人は涙で進学志望,https://news.yahoo.co.jp/articles/85782ba382731b51e0905bd0bec9de5620889c24,8/16(水) 20:34
dal,スピードワゴン井戸田潤　芸能界の掟「和田アキ子に会ったらあいさつ」「でかいよ！」とイジる　若手アイドル苦笑い,https://news.yahoo.co.jp/articles/813a6d1db2fd5d49b1132d96e0abb1b6a63ea7dc,8/16(水) 20:32
dal,オリックス・山本由伸　自責０も今季最短の５回３失点で交代　味方の拙守にも足を引っ張られて１２勝目はお預け,https://news.yahoo.co.jp/articles/8b6e6238226dbc8a641da77291cb6b0af2af76ea,8/16(水) 20:16
dal,藤井聡太王位４連覇足踏み　八冠ロード王座戦開幕まで過密日程に,https://news.yahoo.co.jp/articles/9bbfbb3cadae2102d0cdfabdbc4d48ec9a0b0451,8/16(水) 20:11
dal,幼稚舎から慶応の吉本所属フリーアナ　母校熱く応援　松濤幼稚園→馬術歴１６年のお嬢様,https://news.yahoo.co.jp/articles/3723706c68ab72b88ca35e3df4d85cb1a7c50992,8/16(水) 20:04
dal,韓国元極道戦士「ボコボコに殺す」ジェロム・レ・バンナに５年前因縁突きつけ「逃げただろ？」バンナ激怒で大乱闘「容赦しない」,https://news.yahoo.co.jp/articles/26c78fa98452fce27290da5d9fbad67124021dd8,8/16(水) 20:01
dal,「ステロイドまだやってんのか？」ＢＤ参戦のボブ・サップを挑発　乱闘劇のノッコン寺田と対戦決定　クラウスは西谷大成と激突,https://news.yahoo.co.jp/articles/01858ae7099d54272be6d47bba0b42afa0d8b560,8/16(水) 19:58
dal,韓国メディア　ＤＪ　ＳＯＤＡ性被害「卑劣犯罪」「出頭せよ」の見出しで報道　観客からの被害写真が「衝撃」と,https://news.yahoo.co.jp/articles/13de667cb865bd53126b4d472b4f0eb1226a1dc4,8/16(水) 19:49
dal,オリックス　あぁ…柳田の暴走でアウトのはずが頓宮の悪送球で追加点献上　２失策目に思わずしゃがみ込む,https://news.yahoo.co.jp/articles/472e5d2f45436ffa656dd852544d2a93503b4d8f,8/16(水) 19:46
dal,【ボート】平和島デイリー杯　木下陽介が地元平和島で久々の予選突破「自分らしく攻めるレースをしたい」,https://news.yahoo.co.jp/articles/9f388b881b664a87fdc29f8882637031d8cb1773,8/16(水) 19:40
dal,土浦日大が春夏通じて初の８強進出！華麗なダイビングキャッチで乱打戦を締める　最大６点差を逆転,https://news.yahoo.co.jp/articles/6a61232ea0d90a4d0770ea81e812513ac7cd02d2,8/16(水) 19:28
dal,バスケ男子　ホーバス監督「ＭＲＩも大丈夫だった」渡辺雄太の右足首状態を説明,https://news.yahoo.co.jp/articles/6b784eb4b84654856aae7c941e172f7db7758293,8/16(水) 19:27
dal,専大松戸応援団は試合終了に間に合わず…懸命の生声応援にスタンド感動＆手拍子で後押しも　無念の３回戦敗退,https://news.yahoo.co.jp/articles/782ccadef6d1eb426d7a3a6e52fc7ec8a81ced00,8/16(水) 19:25
dal,マー君＆里田まいの７歳長男の足が驚きのビッグサイズ！　２歳時点でさんまも仰天「でかい」,https://news.yahoo.co.jp/articles/f1bb24df44389bc19f8a7c10bb179ce2bd1b7bbe,8/16(水) 19:17
dal,ソフトバンク　柳田の２球連続バントファウルに客席どよめき　１２年以来、犠打はなし　結局、空振り三振に倒れる,https://news.yahoo.co.jp/articles/704d3334e9aeab0a48ef9a342e7d278fd1ccce5d,8/16(水) 19:15
dal,西川貴教が「号泣してました」と共演・柿澤勇人が明かす　３年越しで実現の主演ミュージカル,https://news.yahoo.co.jp/articles/4a34961eb61cafba9d9aa88f9f4197cabe93b281,8/16(水) 19:00
dal,３連勝中の日本ハム“台湾の三冠王”王が今季初打席で２点適時三塁打　一気に４点を先制,https://news.yahoo.co.jp/articles/e63012134d8b333c5d0cfb57d4fff8766b39caee,8/16(水) 18:46
dal,田丸麻紀　戦地での祖父の写真に息子達が「目が悲しそう」　１２年に会社社長と結婚、２児の母,https://news.yahoo.co.jp/articles/b83b807e9233a80717c402defa341331d9dbdaf0,8/16(水) 18:45
dal,広島　野間が痛恨の後逸で逆転許す　近本のライナーに追いつきながらも…適時打と失策に　先発九里は一挙４失点,https://news.yahoo.co.jp/articles/b7b3b715fb3d4f61ebfb7eec69155fe7ea2503b8,8/16(水) 18:41
dal,土浦日大　太刀川が押し出しの頭部死球受ける　１４１キロが直撃もプレー続行　直後に左翼でファインプレー,https://news.yahoo.co.jp/articles/db9deaf54d56fb3870ad6af1e36f335a5ee44ecf,8/16(水) 18:34
dal,ＧＡＣＫＴ　性被害ＤＪ　ＳＯＤＡへの「露出服批判」に怒り「どういう神経だ？」「犯罪」　ＳＯＤＡも反応,https://news.yahoo.co.jp/articles/887625a36ef459d6616d91dd500d15a0d0aa512b,8/16(水) 18:31
dal,トラウデン直美　アナフィラキシーで「３回救急病院」と明かす　着色料に反応、食への恐怖「毎回怖くなる」,https://news.yahoo.co.jp/articles/cf30095caf9374bc247c9e00fddac8ddff27bdd5,8/16(水) 18:24
dal,【ボート】平田さやかがびわこＧ３で大波乱Ｖ　大外から女王・遠藤エミを撃破,https://news.yahoo.co.jp/articles/8344db7833ee6d25fc1609d534a7b801d641ee0e,8/16(水) 18:03
dal,専大松戸　アルプスで「喉がきつい。手が痛い」も生声応援が聖地に響く　ファン感動　応援団が大雨で到着遅れも,https://news.yahoo.co.jp/articles/7297cd16e358ba0c709d10b489c26b84abd1fbab,8/16(水) 17:52
dal,井戸田潤の１９歳年下妻　ワイングラスと同レベ小顔っぷり「浴衣美人」薬指は金色リング、西麻布でカンパイ,https://news.yahoo.co.jp/articles/dc76f73da15b1b4c8722e7673bfdb9ab0ce96828,8/16(水) 17:47
dal,ラグビー日本代表　３７歳の堀江「死ぬ気でチームのために体を張りたい」４大会連続Ｗ杯へ,https://news.yahoo.co.jp/articles/8fb26a1fd893f8b80d6321a1ccd842d5b35b7a80,8/16(水) 17:46
dal,「サンクチュアリ」俳優がブレイキングダウン登場　なぜ？朝倉未来も反応　壮絶な殴り合いで本戦出場決定,https://news.yahoo.co.jp/articles/3f7d3746f1755a84235a16c570c72c5b4a1f70b3,8/16(水) 17:37
dal,今井美樹６０歳　突然「ヒルナンデス！」に騒然　長身デニムの美スタイルが凄い「若い」「還暦マジか」「全く衰えない」,https://news.yahoo.co.jp/articles/92c083c81c40c9095bd2db78b85eb1331b38fd70,8/16(水) 17:31
dal,阪神　岡田監督が異例の決断！小野寺を「３番・三塁」に抜擢　１軍では未経験　精彩欠く佐藤輝はスタメン落ち,https://news.yahoo.co.jp/articles/845e657e7c718c65077828549d6cedbf2559a702,8/16(水) 17:20
dal,中川家・剛　２０歳の双子の息子がお笑いの世界に「入ってきそう」と告白　心配尽きず,https://news.yahoo.co.jp/articles/10ec0752ba0d13818eace24b8ee4515f751b0796,8/16(水) 17:20
dal,「ばらかもん」五島列島に戻ろうとする清舟（杉野遥亮）を、母えみ（長野里美）が必死に説得　第６話あらすじ,https://news.yahoo.co.jp/articles/ed4a646146b6c0713de09de30cb44b1a90c5cfc2,8/16(水) 17:02
dal,ＤｅＮＡ　バウアーの次戦は中４日で２０日の首位・阪神との一戦へ　本人が中３日を熱望　三浦監督もニヤリ,https://news.yahoo.co.jp/articles/517a63b4a5b39d935b9ed1635b36ba678f79bff7,8/16(水) 17:02
dal,専大松戸の学校応援団が甲子園に到着できず　新幹線運転見合わせでブラスバンドなしも生声応援！球場全体も手拍子,https://news.yahoo.co.jp/articles/2c314b16b6e86d6276da3889e0612d6717bb5092,8/16(水) 16:53
dal,野間口徹　小栗旬夫妻と食事をするも「店も会話も自宅もすべてが眩しすぎて」記憶が飛ぶ,https://news.yahoo.co.jp/articles/09dc3c9ee8fc63acad0fabb44772f0667d7c4754,8/16(水) 16:48
dal,ラグビー日本代表　Ｗ杯メンバー入りのレメキ「出たい気持ちがあった」国内５連戦は不出場,https://news.yahoo.co.jp/articles/698aba1adf7a8831c8d580223112ad211d98225c,8/16(水) 16:48
dal,坂上忍「一生忘れない女優」明かす　監督がキレて、女優辞めますと決意も,https://news.yahoo.co.jp/articles/b487301a8c095c831c38ad2156e766361c9c0166,8/16(水) 16:46
dal,今田美桜×佐野勇斗にファン悶絶「ただの週末カップルやん笑」「距離感やば」彼氏彼女感溢れるオフショ公開,https://news.yahoo.co.jp/articles/095285498fd9d63a157a0cc8db4260ab0f0950a5,8/16(水) 16:43
dal,中尾明慶　田中みな実とファミレスで２時間「帰りたかった（笑）」と「女優業への熱い思いステキ」,https://news.yahoo.co.jp/articles/844ea4ea7302addd51f3ccd047e34cb7c387c625,8/16(水) 16:41
dal,文星芸大付は初の８強入りならず　初回の４失点が終盤まで響く　先発の背番号１・渋谷は号泣,https://news.yahoo.co.jp/articles/844a5091f38b75ec485d55fa81531b6a51e49ee1,8/16(水) 16:32
dal,中日・柳　９回ノーノー祝賀会に先輩・大野雄＆Ｇ菅野が参加！「メンツ豪華過ぎ」「会話が気になりすぎる」,https://news.yahoo.co.jp/articles/703e6aa00661bc77728303b5f0aeedf2aea714c4,8/16(水) 16:23
dal,八戸学院光星が４年ぶり８強進出！八回のピンチで高校日本代表候補・中沢が鮮やかグラブトス　併殺でピンチ脱出,https://news.yahoo.co.jp/articles/5e38af26f609dd252d41ab27d1acbfd7718f6b5a,8/16(水) 16:21
dal,体重４１ｋｇモデルに「細すぎて心配！」体調不良で２日間食べられず減量「栄養摂って」「沢山食べて」,https://news.yahoo.co.jp/articles/f13e5fb6b9fd8bf0c6467713124da04adf383a5a,8/16(水) 16:20
dal,ダルビッシュ　３７歳の誕生日に野茂氏超えで大先輩に敬意「改めて偉大さを感じました」　日本人最多のメジャー１９１９奪三振,https://news.yahoo.co.jp/articles/ca2581c93ae80ba20408818fd9f146078610d2db,8/16(水) 16:10
dal,阪神が西純の出場選手登録を抹消　広島戦先発の大竹を登録,https://news.yahoo.co.jp/articles/d52b4ba9ba9657e16bf8a9ecb5775c9a66278097,8/16(水) 16:05
dal,オリックス・紅林が衝撃コス！じゃがりこフル装備に「もう出落ち」「むりかわいい」オリ男爵ファン投票,https://news.yahoo.co.jp/articles/f879eef01d35b9936d66534a38394ccf4c03b631,8/16(水) 15:48
dal,橋本環奈の警官コスにメロメロ「このビジュ天才」「警察服似合いすぎる」と絶賛の声,https://news.yahoo.co.jp/articles/f0d1ec7edc4cffec6aa07dfcca30b4b4b461e3d3,8/16(水) 15:42
dal,ＭＡＬＩＡ．Ｊリーガー長男が２１歳に　祝福インスタに長男が「ありがとう」リプの仲の良さ,https://news.yahoo.co.jp/articles/160f033d6717b059725a305399bbffb3a9f7cb10,8/16(水) 15:39
dal,宝塚　花組トップ娘役・星風まどか「柚香さんとご一緒に」四半世紀ぶり同時退団　平成以降３番目の在任,https://news.yahoo.co.jp/articles/f5a3eaa9843cde62a612d0a2e32e6367dbd1dec6,8/16(水) 15:36
dal,中村江里子　次女１３歳のお祝いが南仏感「スイカのお皿可愛すぎ」「どこの？」夫と３ショ「脚長っ！」,https://news.yahoo.co.jp/articles/5b155d8fb100559fdff08b8d2fc39439dbbcb542,8/16(水) 15:33
dal,Ｊ１神戸、横浜ＦＣからＭＦ新井を期限付き移籍で獲得　リーグ初制覇へ経験豊富なドリブラー補強,https://news.yahoo.co.jp/articles/296ca814904c71a8c48f9877012874a5b7366712,8/16(水) 15:33
dal,慶応・清原勝児　観戦の父・清原和博氏から「悔いなく頑張ってこい」　出場機会なしも「試合に出て活躍したい」と準々決勝へ意欲,https://news.yahoo.co.jp/articles/a8999b823a27d06fee4f0b17b37741399d0a0c1f,8/16(水) 15:30
dal,離婚→銀座キャバ勤務の元ＡＫＢシンママ　新天地で透け黒ドレス「良い女感ハンパ端ない」大胆アピール,https://news.yahoo.co.jp/articles/084d2b7a45a3b6b3429e91cede6d4fbf99a215fe,8/16(水) 15:15
dal,“広陵のボンズ”真鍋、最後の打席の犠打失敗悔やむ「自分のミスで負けた」　プロ志望届は「出そうと思っている」,https://news.yahoo.co.jp/articles/ad9cab6547fa34e06c83edb9d172b5ae2430266a,8/16(水) 15:13
dal,郷ひろみ６７歳の圧巻スタイルにネット驚き「ダンディでスタイル抜群な立ち姿」「脚ながー」,https://news.yahoo.co.jp/articles/be775395ade1120a7c63cd94d1335dc98083539e,8/16(水) 15:06
dal,「ゴゴスマ」２日連続コメンテーター陣リモートに　石井アナ「昨日は予想できたが」,https://news.yahoo.co.jp/articles/5bfdcd692bc34cf79d33aba76ab9b68563d800f7,8/16(水) 15:05
dal,シンママ熊田曜子　３人娘、祖母がインフル＆風邪で看病漬け→「ここで私がダウンしたら」も遂にインフル,https://news.yahoo.co.jp/articles/93627c4c7d5a79fdff424ef53471f467b50ecf37,8/16(水) 14:59
dal,夏の甲子園　際立った慶応のショート・八木の状況判断　森林監督「ウチが守備の時に目標にしていることの一つ」,https://news.yahoo.co.jp/articles/95c2d974283b3ef455b590bf64817a0f3f396fdf,8/16(水) 14:56
dal,清原和博氏、次男・勝児の応援のため初戦に続き観戦　愛息は出番なし　慶応は１５年ぶり８強,https://news.yahoo.co.jp/articles/51381b8ba9773e7520f00903c79fe5affe752849,8/16(水) 14:53
dal,ボイメン弟分・カラフルダイヤモンドついにデビュー「俺たちの時代が始まるぞ！」,https://news.yahoo.co.jp/articles/ceb521719d97f1a5925e3df7248506402d6f0888,8/16(水) 14:45
dal,「トリリオン」今田美桜・桐姫のデートワンピ姿が公式に　ブランドどこ？騒然コーデ「ヤバすぎる可愛さ」「キュン」,https://news.yahoo.co.jp/articles/4be7b2d053ea89d17c3c3e42d9c80f90c8997c56,8/16(水) 14:37
dal,延長タイブレークで惜敗の広陵ナイン、全員が甲子園の土持ち帰らず　小林主将「土は集めないのが伝統」,https://news.yahoo.co.jp/articles/508648844ac1658ddd7ef239be26a00dabf45989,8/16(水) 14:34
dal,巨人・二岡２軍監督が新型コロナ陽性で離脱　安藤２軍総合コーチが代行務める,https://news.yahoo.co.jp/articles/1b1ac7549367defa186a91dad395ebe1b962327b,8/16(水) 14:26
dal,板野友美「可愛すぎ」な夫・高橋投手の妹と２ショ「一般人とは思えない」１７１ｃｍモデル並みスタイル,https://news.yahoo.co.jp/articles/6ed2fe49417a2a8312553f10135969631dc95d17,8/16(水) 14:20
dal,阪神・西純が２軍合流　１５日に先発も５回６安打４失点で降板,https://news.yahoo.co.jp/articles/aead0ef8e4a055da520c628d4553bfc764dc3adc,8/16(水) 14:18
dal,キンタロー。新ネタ「ＶＩＶＡＮＴ」ドラムを生放送でブチ込む　ハライチも「似てる！」,https://news.yahoo.co.jp/articles/0d0390113bdc341edfc425c9fec519bc9ad3541a,8/16(水) 14:14
dal,浦和・スコルジャ監督、暴動騒ぎの因縁の名古屋戦に「ピッチ上のパフォーマンスを上げることに集中したい」,https://news.yahoo.co.jp/articles/3eb5f5f02ea6e6a63c52c009602dd771302d2c4f,8/16(水) 14:13
dal,”広陵のボンズ”真鍋、本塁打なし最後の夏終わる　最終打席は送りバント失敗で天仰ぐ　高尾、１５２球の熱投報われず,https://news.yahoo.co.jp/articles/a2ff48aa6d8dae79164cfebdc447ea32632efc81,8/16(水) 14:10
dal,東尾理子の１０歳長男　ハンサムに成長「野球キャンプ」へ「おじいちゃんによく似てる」祖父は東尾修氏,https://news.yahoo.co.jp/articles/2b5ccfc9a8103be3f14f16cf1ee687c5243194a0,8/16(水) 14:06
dal,内藤哲也　蝶野正洋、棚橋弘至に続く４１歳でのＧ１クライマックス制覇　長丁場の戦い方を熟知した男の優勝,https://news.yahoo.co.jp/articles/48938f81ec219c8ecd9035f2d33a2e2c8b0ef34f,8/16(水) 14:00
dal,広島ＯＢ北別府学さんの法要の終わりを報告　月命日に妻広美さんがブログで　無邪気な孫の姿で悲しみまぎらわせ２カ月,https://news.yahoo.co.jp/articles/117d15699c1d81595ee5ae953197df4311ec91a3,8/16(水) 13:42
dal,「坂本ですが？」作者の漫画家・佐野菜見さん死去　３６歳　癌闘病１カ月で,https://news.yahoo.co.jp/articles/5db7c3eb25d27529fffe2a2781966e043b9883e1,8/16(水) 13:35
dal,慶応、１５年ぶりの８強入り　延長タイブレークの激闘の末、Ｖ候補・広陵撃破　小宅ら３投手の継投で逃げ切る,https://news.yahoo.co.jp/articles/e63f9e0d164f34a01df89070bbc0a954fd4eb31d,8/16(水) 13:34
dal,土屋アンナ、中２次男と一緒にディズニーロケを堪能　長男はバレエ、次男は柔道に熱中,https://news.yahoo.co.jp/articles/1826c2bff96e8e9836e678e64e4493078515f4cf,8/16(水) 13:24
dal,三遊亭好楽、孫娘が観覧席で祖父の「ハチャメチャ」私生活暴露　ピンクの服は「着られない」,https://news.yahoo.co.jp/articles/9606f23fccf3b78fe2a17e22a3c256921eba65ca,8/16(水) 12:50
dal,良血馬ボンドガールはサウジアラビアＲＣへ　手塚師「川田君に依頼しました」,https://news.yahoo.co.jp/articles/ccc4aa1c39988d60fce4f6e9b5a3243f3a36b018,8/16(水) 12:46
dal,“広陵のボンズ”真鍋の安打が口火　同点のホーム踏む,https://news.yahoo.co.jp/articles/f6380f7bad5ca0d02c3be527c5fcc42a2f71623b,8/16(水) 12:42
dal,阪神・井上が２軍戦で８号ソロ　中日・根尾から２カ月ぶりの一発,https://news.yahoo.co.jp/articles/774f4f452d68260d835befb814f7e9e0132133ce,8/16(水) 12:35
dal,滝沢氏新会社「ＴＯＢＥ」に大東立樹が加入「新しいエンターテイメントの形に挑戦」,https://news.yahoo.co.jp/articles/ec3187a2e38d0dd456cea1c0f1362dd0d9461d89,8/16(水) 12:22
dal,尾形軍団、渋谷の落書き消しに感謝の声殺到「もっと表彰されるべき」途中大量ゴミで涙も,https://news.yahoo.co.jp/articles/82c725d770d6a069aa92870d46c613bd1c716702,8/16(水) 12:11
dal,エンゼルス、今季ワーストの借金３　大谷、１安打も世界最速男に二ゴロに倒れる　さらに遠のくプレーオフ進出,https://news.yahoo.co.jp/articles/b4e544c35601628e430d5ee20098ba9e37fdf9b7,8/16(水) 11:52
dal,宝塚　花組トップ柚香光　退団会見「卒業まで納得していただける男役に」,https://news.yahoo.co.jp/articles/d2755a7b6b689f2910e984b63768a5c296efd698,8/16(水) 11:50
dal,ハチミツ二郎　敗血症性ショック治療で金属バットとの公演延期「秋には」の決意,https://news.yahoo.co.jp/articles/d8260337a53947eb60ff5b6b2eadfd492daf23cd,8/16(水) 11:42
dal,大谷翔平、世界最速左腕チャプマンと対戦も二ゴロに倒れる,https://news.yahoo.co.jp/articles/473d79c459089b32fb83debd618b6f58f7afbdea,8/16(水) 11:28
dal,「１８／４０」次週予告で元カレママ再投下　居場所教えた“犯人”にもネット激怒,https://news.yahoo.co.jp/articles/30427cb62f3612f425c0c04070cac5c98370257e,8/16(水) 11:22
dal,沖縄尚学・東恩納、無失点イニング４７回１／３でストップ「（重圧）多少感じていました」　１失点で２戦連続完投勝利,https://news.yahoo.co.jp/articles/278c8f88276e931305578534f90e78705e5f4563,8/16(水) 11:09
dal,創成館、初の８強入り逃す　プロ野球選手を父に持つ福盛が好投も　稙田監督「一番いいゲームできた」,https://news.yahoo.co.jp/articles/b6d7d6aefc7d061f5386f20ed4a1d58c5d6d2904,8/16(水) 10:55
dal,クロちゃん、心配してくれた医師団へ「うるさい」「泣きマネ女」の大炎上を振り返る,https://news.yahoo.co.jp/articles/5dd5e83999d13020d59f12305563f060a78020cc,8/16(水) 10:39
dal,クロちゃん、激怒のＴＫＯ木下に土下座し「頭踏んづけられた」の爆弾発言　スタジオ悲鳴,https://news.yahoo.co.jp/articles/925838d93a0ca18bb7172977a82488eeccb524b2,8/16(水) 10:19
dal,Ｃ大阪・ＤＦ松田がＪ２甲府に期限付き移籍「成長とより良いサッカー人生のために」,https://news.yahoo.co.jp/articles/037d19a0e0c3f72aa6c39df7c6b4bc28a37560ce,8/16(水) 10:07
dal,沖縄尚学が８強一番乗り　２０１４年以来９年ぶり　東恩納、無失点４７回１／３で止まるも１失点完投,https://news.yahoo.co.jp/articles/f460774b356fd04275b872ec1b0e73d5e312b09e,8/16(水) 10:05
dal,Ｊ１神戸ルーキーＭＦ泉、Ｊ２山形に育成型期限付き移籍「成長した姿で帰ってくる」,https://news.yahoo.co.jp/articles/e2d3bf14faa9cafe48d14e475e6b3b68e056a3dd,8/16(水) 10:03
dal,沖縄尚学・東恩納、無失点イニングが４７回１／３でストップ　八回２死から適時打許す,https://news.yahoo.co.jp/articles/f6e3cfb524ff332aa57e653164c37045c27bf388,8/16(水) 10:01
dal,連勝止まった阪神・岡田監督が語った「普通のこと」とは？六回の馬場、八回の佐藤輝「細かいことの積み重ねよ」,https://news.yahoo.co.jp/articles/cc2d0be4a128c0b0a13771b2bd7782a2a851b84e,8/16(水) 10:00
dal,認め合おう－人はその存在自体に価値がある　現役医師が感銘を受けた「ヒントになる言葉」,https://news.yahoo.co.jp/articles/765af904d1a8501222375e3fb2c241cf4c14c161,8/16(水) 10:00
dal,「らんまん」軍師・寿恵子に続き聡子も　２人の妻の夫を支える姿にネットも感銘【ネタバレ】,https://news.yahoo.co.jp/articles/5b5b2bcd0233dbfcaf7ff8852d46fcf8561436b5,8/16(水) 9:52
dal,息詰まる投手戦、沖縄尚学が均衡破る　知花が七回に先制の適時二塁打,https://news.yahoo.co.jp/articles/bcc552c0e9c0082ade95904f40b12acb5f5cc40e,8/16(水) 9:45
dal,大谷翔平に敵地のファンが異例の熱烈大歓迎　プラカード掲げ「テキサスに来て！」の大合唱,https://news.yahoo.co.jp/articles/53452596ea8d954466e2da42c1ded849308607c7,8/16(水) 9:30
dal,カープ秋山　抹消期間を「見返す機会」に　１軍復帰目指し「全てをプラスに」変えていく,https://news.yahoo.co.jp/articles/567149880a15cc5e8e9513317dc529db57a7ca37,8/16(水) 8:00
dal,カープは先発陣の立て直しが急務　評論家が指摘「先発に安定感がないと阪神追撃はおぼつかない」,https://news.yahoo.co.jp/articles/16dc24ae51d2e81a8668b6cf9ff17cda45040c18,8/16(水) 8:00
dal,超特急ユーキ　想像以上に８号車の熱量が増している,https://news.yahoo.co.jp/articles/6189af31208c921f192518720a8a6fcafdc6f538,8/16(水) 8:00
dal,甲子園の魔物の仕業？想定外の逆転サヨナラ劇　大垣日大・高橋慎捕手にエール！,https://news.yahoo.co.jp/articles/5ba886f0426f063e8caabfddf879715b5d6259e4,8/16(水) 7:00
dal,滋賀出身・堀田真由＆くっきー！「翔んで埼玉」参戦　ゲジマユも「県民の誇りを持って」,https://news.yahoo.co.jp/articles/eed2d8e4f40f18af55c9e7b9926f03f168828c2f,8/16(水) 7:00
dal,カープ小園　同点弾のちＶ打で阪神Ｍ点灯阻止　連敗も６で止めた！意地の一打は「気持ちで打ちました」,https://news.yahoo.co.jp/articles/562d972622088c8730f6bc6f5c0a3ddf682bf23b,8/16(水) 6:00
dal,阪神新助っ投ブルワー「絆は大切にしている」　チームを大切にする考えが垣間見えた２軍練習での一コマ,https://news.yahoo.co.jp/articles/8f683b495d997ac1f952f8d5a0f90f5013ad3bce,8/16(水) 6:00
dal,【新馬戦】ホウオウセイメイ　高額馬の真価発揮なるか　２１年の当歳セレクトセール１億８０００万円,https://news.yahoo.co.jp/articles/6ba2b52dd2afb1a847b78f256730b2b890934ec7,8/16(水) 6:00
dal,ブローザホーンは京都大賞典へ,https://news.yahoo.co.jp/articles/d1e4ab3b0c6a4ff7ee5b6fe8aa4054959ee3b5bf,8/16(水) 6:00
dal,【新馬戦】ウインマクシマム　白星発進へ脚取り軽快　クイーンＳ２着ウインピクシスの半弟,https://news.yahoo.co.jp/articles/7e528551e644025970210615ad1c792b05a896a2,8/16(水) 6:00
dal,ドナヴィーナスは小倉２歳Ｓへ,https://news.yahoo.co.jp/articles/d96eafdb58d3cb0c9b78491cb19d572909bd1b2e,8/16(水) 6:00
dal,【札幌記念】Ｇ１馬ウインマリリンも逆転可能　香港ヴァーズ制した底力で２強に食らいつく,https://news.yahoo.co.jp/articles/03d843724e840ed8bb58193cd1e8dcc4d08e4a81,8/16(水) 6:00
dal,【北九州記念】トゥラヴェスーラ　今度こそ重賞Ｖなるか　久々の小倉も問題なし,https://news.yahoo.co.jp/articles/1a3d320173cd62af5cd5ec95bd41739ad5c41d0d,8/16(水) 6:00
dal,【新馬戦】ゴールデンリープ　体は小さくとも侮るな　「カバーするくらい気性が前向き」,https://news.yahoo.co.jp/articles/9b890dcb9446895beae44cff099b2891973f71fb,8/16(水) 6:00
dal,オリオールズ・藤浪　なぜ先発こだわるのか　「言葉にするのは難しい」「野球をやってるなと実感」,https://news.yahoo.co.jp/articles/5606788511767b0a52e06167a69f0acc32274f49,8/16(水) 6:00
dal,垣根を越えた夢コラボ「ＩＤＯＬＳ」３アイドルグループ集結　芝居＆往年の名曲に挑戦,https://news.yahoo.co.jp/articles/8d75fe23330fe216b9c5996a83df93c798945a2c,8/16(水) 6:00
dal,ＮＥＷＳ・加藤シゲアキ　小説家人生「第二章」構想３年　秋田・土崎空襲テーマに２年ぶり新刊,https://news.yahoo.co.jp/articles/3d1e3691e97dc30d56d8f1b48dab8acf6d417811,8/16(水) 4:00
dal,阪神野手陣は攻守で「非常に充実」　連勝ストップにも評論家「やはり近本、中野の１、２番は出色だ」,https://news.yahoo.co.jp/articles/31ca58ce60039c1fc2fa0777e45ced3f2e295bf1,8/16(水) 2:00
dal,阪神・岡田監督「きりないわ言い出したら」「点入らへんもん、ノーアウト二、三塁で」【一問一答】,https://news.yahoo.co.jp/articles/71f034720662671bafb95794d0e8a27f6d03b6d7,8/16(水) 2:00
dal,日本ハム・万波「奇跡」運も味方に３連勝　相手野手を避ける“秘打”で３安打２打点,https://news.yahoo.co.jp/articles/75b1e5eabd11b6c22e1c8da1f06356d6f4af4e1f,8/16(水) 2:00
dal,ＤｅＮＡ・バウアー７回３失点９勝目！大量援護もらってサクッ投　次戦は中４日で２０日阪神戦へ,https://news.yahoo.co.jp/articles/9da6b0309aa21f5486a805e6337eeaa541ede1a1,8/16(水) 2:00
dal,巨人がローテ再編　菅野１５日→１７日　戸郷１７日→１８日で２５日の阪神戦先発が濃厚に,https://news.yahoo.co.jp/articles/61a1e6c8354e29bacd25f72af7ed5e20bc6dd030,8/16(水) 2:00
dal,阪神新助っ人ブルワー　１回０封２Ｋ上々デビュー　アレへ最後のピース「抑えられてよかった」,https://news.yahoo.co.jp/articles/6f63b0affd86dffb5f7dc8644a60dccea73426df,8/16(水) 2:00
dal,阪神・岡田監督「完璧な勝ちゲームやで」　４１年ぶり１１連勝スルリ「普通にやらんからこんなんなる」,https://news.yahoo.co.jp/articles/d59560c40d32372b960ef66b53e00316950f8e84,8/16(水) 2:00
dal,阪神・森下　連勝ストップも大暴れ　会心５号を皮切りに４安打４打点「梅野さんのためにも」,https://news.yahoo.co.jp/articles/dceed35e73e7be5c6ff0f346cf40054886f4988d,8/16(水) 2:00
dal,阪神・近本　新人から５年連続２０盗塁　「１２０％セーフでなければスタート切らない」→吉田＆赤星に次ぐ３人目,https://news.yahoo.co.jp/articles/d107d7cdd3c5d27275f080c5503cc2591fc8a7d9,8/16(水) 2:00
dal,ジョセフ日本　ＦＷ３人保留でＷ杯桜戦士３０人発表　「ゴールは優勝」前回大会の８強を超える,https://news.yahoo.co.jp/articles/24fe388a928213a35a82de571ac097248c26ce2c,8/16(水) 2:00
dal,「山中選外」はつなぐ戦術、ＳＯこなせる序列優先した結果　ラグビー担当が解説,https://news.yahoo.co.jp/articles/611a3ec5835f7e0d1251d2e96a3ef03484735300,8/16(水) 2:00
dal,主将は姫野「歴代最高と呼ばれるように」　前任リーチは珍助言「お酒、カラオケ、お笑いとハードワーク」,https://news.yahoo.co.jp/articles/8b95662405fce887b1b9c66498041db531f453a3,8/16(水) 2:00
dal,選手と水連が会議も具体的解決に至らず　強化体制への相次ぐ不満→２時間半かけて現状把握,https://news.yahoo.co.jp/articles/df3adb4704f6cce4a0630c6a98992a17412eb7af,8/16(水) 2:00
dal,バスケ快勝も渡辺が右足首捻挫　ホーバス監督は軽傷強調「雄太が早く治して、もっといいバスケを見せます！」,https://news.yahoo.co.jp/articles/7056d27e964fca50e8e3cc49f2bf0dcfbcedce72,8/16(水) 2:00
dal,西芳照シェフがラグビー代表に初帯同　サッカー日本代表でおなじみの名料理人,https://news.yahoo.co.jp/articles/5180e8693442ce99d8c61920e1be9e78103727d6,8/16(水) 2:00
dal,藤浪が今を語る　最速１６５キロ「しっかりタイミングが合えば出る」　阪神は「単純に勝っててうれしいなと」,https://news.yahoo.co.jp/articles/526da594e65e9ed8bb56d885bf636d3e81c87ab0,8/16(水) 2:00
dal,藤井聡太王位　３年越し対局実現に嬉野市歓迎ムード「お濃茶モンブラン」に舌鼓,https://news.yahoo.co.jp/articles/569b3b0ad13456778183a1ab0a66b9661096a1ec,8/16(水) 2:00
dal,川口春奈　真っ赤なドレスで魅了　監督直筆イラストプレゼントにキスマイ・玉森と笑顔,https://news.yahoo.co.jp/articles/c8fdecbae3ca45353289152d3b211e8c2bb207ff,8/16(水) 2:00
dal,藤田ニコル　祝福に「ソワソワしています」稲葉友との結婚発表後初めて報道陣の前に登場,https://news.yahoo.co.jp/articles/c7c4556041c5e0579ece6bc28f3035d9bb1762f1,8/16(水) 2:00
dal,中川家・礼二　８年連続Ｍ－１審査員「正直きつい」総入れ替え案　登場も「仰々しい」と困惑,https://news.yahoo.co.jp/articles/d310ec70abe5cd415bf2faaebbb88a4efb96cadf,8/15(火) 23:48
dal,連敗脱出の広島・新井監督「島内のあんなガッツポーズなんて初めて見たでしょ、みなさん」一問一答,https://news.yahoo.co.jp/articles/d02d691eaa85c253b2db240a9889226b518b86f0,8/15(火) 23:30
dal,広島　上本が死球で途中交代　新井監督「ちょっと心配です。箇所が箇所なので」,https://news.yahoo.co.jp/articles/97b399052b10484b124963273000ab937b3db162,8/15(火) 23:26
dal,日本ハム　新庄監督は来季も続投？球団幹部が言及「何も決まってない」「ここ（球団）だけの話じゃないし」,https://news.yahoo.co.jp/articles/6edd40bf3b17b09be9b52b176caf56db8fc45b77,8/15(火) 23:21
dal,阪神・岡田監督「こっちは自滅よ、俺思うよ、ほんまに」「普通にやらんからこうなるんや」【一問一答】,https://news.yahoo.co.jp/articles/d36282a75343397ac8bee42de2dcbdf4b76a1b95,8/15(火) 22:49
dal,長嶋一茂「ロケでブチギレてロケ班１回帰した」と告白　「華大さんと千鳥くん」で,https://news.yahoo.co.jp/articles/423518ede1989421b8dd2b636050e134c2d3586d,8/15(火) 22:44
dal,ＤｅＮＡ・バウアーがプリン効果で９勝目！？新しいピンクグラブは「プリン」モデルで使用理由を明かす,https://news.yahoo.co.jp/articles/c804596326d7ed5233049c2e9f7ddefce21483f6,8/15(火) 22:36
dal,バスケ日本戦　広瀬すずのリポートにネット反応「リスペクトが伝わる」「バスケ大好きなんだな」スニーカーにも注目,https://news.yahoo.co.jp/articles/8e4ea1f3f9aa8f7270fa668e9de30aeafe0aa9f1,8/15(火) 22:34
dal,広島　今季初３番で決勝打の小園「ここから優勝」「絶対に勝つ」お立ち台でファンに誓う　同点弾に決勝打,https://news.yahoo.co.jp/articles/11d95a9a6c1301c5f40f4e6b105f54a4928e3998,8/15(火) 22:29
dal,ロッテ　吉井監督「本当にきょうはツイてなかった」５回５失点の西野をフォロー,https://news.yahoo.co.jp/articles/df87a7d4c722eaf6a7a9f0a8c05d8be1ff0d150d,8/15(火) 22:22
dal,広島が阪神のマジック点灯阻止！３点ビハインドをひっくり返し６連敗でストップ　新井監督「ウチらしく全員で」,https://news.yahoo.co.jp/articles/6d8c85e0b5c2a7d76d36c06fbd612b799d6d5dfb,8/15(火) 22:19
dal,阪神　後半戦初の逆転負けで１０連勝ストップ…優勝マジック初点灯持ち越し　雨にたたられ島本が連続適時打許す,https://news.yahoo.co.jp/articles/5957c30c9789e8476401f34e660aa3ec4b6196d8,8/15(火) 22:17
dal,阪神　新外国人のブルワーが来日初登板で１回無安打無失点！最速１５２キロをマーク,https://news.yahoo.co.jp/articles/be29da7d55f2a3da7ffcef7f4e66a71f23316de2,8/15(火) 22:05
dal,バスケ　渡辺雄太が右足首負傷　Ｗ杯開幕１０日前のアクシデントもホーバス監督は軽症強調「軽い捻挫、大丈夫そうです」,https://news.yahoo.co.jp/articles/95e3b27a2936c30eab54dd5ba1710fa94017ee98,8/15(火) 22:03
dal,【8月16日のらんまん】第98話　佑一郎がアメリカから帰国、草花に優劣をつけない万太郎をたたえる,https://news.yahoo.co.jp/articles/5fe41d1b6465eed690621146643a3ff5e0cec0ec,8/15(火) 22:00
dal,鳥羽周作氏　料理ＹｏｕＴｕｂｅ運営会社の社長辞任＆減給処分　文章だけの動画で「お相手のご家族にご迷惑とご心配」謝罪も,https://news.yahoo.co.jp/articles/d74cb2d72baab6c74963a73bf37888c0981d9210,8/15(火) 21:57
dal,ボブ・サップがノッコン寺田と乱闘　ＢＤに大物続々参戦で朝倉未来も「何でここに？」と驚き　ファン反応「豪華すぎる」,https://news.yahoo.co.jp/articles/6339ee9844b25f960aa08812e6ed0c7a2f3be30f,8/15(火) 21:52
dal,楽天が土壇場の逆転勝利で３位に２・５ゲーム差　崖っぷちから小郷が逆転三塁打！パ・リーグの台風の目に,https://news.yahoo.co.jp/articles/7e1577c13526d110480a72774d7954aa03e41e57,8/15(火) 21:46
dal,【オート】ＳＧ・グランプリ　青山周平が逃げ切りで大会連覇！鈴木圭一郎は３着,https://news.yahoo.co.jp/articles/17fa76485d718beb2a7c5a8f137446a57d73c41a,8/15(火) 21:43
dal,ＤｅＮＡ快勝　バウアーが７回３失点で９勝目　打線は５本塁打でヤクルト圧倒,https://news.yahoo.co.jp/articles/d032d5420aa8768a1643b5afebff1eb13ae4b553,8/15(火) 21:40
dal,“サイクル王手”の阪神・森下　第４打席は右前打　プロ入り２度目となる１試合４安打の固め打ち,https://news.yahoo.co.jp/articles/94b02a8f30c616e664e19cc3d4e00f1037c84725,8/15(火) 21:33
dal,「別人かと！」「えぐ可愛い！」ゆうちゃみ「いめちぇん」で印象激変　清楚系姿に「天使すぎ」と反響,https://news.yahoo.co.jp/articles/1b15a71b6b26b270dc40797d084921f5ab8be425,8/15(火) 21:24
dal,阪神ファンの不安的中　中断時に「逆転されるくらいならコールド」願うも…島本が連続適時打浴びて逆転許す　馬場３失点,https://news.yahoo.co.jp/articles/e3c095d6191607f5bda0c401074b4ba595040c82,8/15(火) 21:16
dal,バスケ日本代表　アンゴラとの強化試合で７５ー６５快勝　富永啓生が３点シュート６本で２０点の活躍　渡辺雄太は右足負傷,https://news.yahoo.co.jp/articles/6eb499052dd298c503a491ef8e17297fac9276f4,8/15(火) 21:13
dal,１１０Ｍ障害・泉谷駿介が世界選手権へ出発　日本勢初決勝に自信「さすがにいけないとやばい」,https://news.yahoo.co.jp/articles/6cdc755a00c415e081cea8514ec1c75ffa6cceca,8/15(火) 21:10
dal,黒木メイサ　輝く小麦色の肌で１００％ハワイアン！遠慮来なくシャープなウエスト全開でカフェ「きょうもかわいいっ。きれいっ。」,https://news.yahoo.co.jp/articles/a390875f66a11fb758c1b7475cf3012b36b372ef,8/15(火) 21:09
dal,カズ　ポルトガル２部オリベイレンセの開幕戦でベンチ入りも出場はならず,https://news.yahoo.co.jp/articles/bc8caaa4b2886691d5684e2e88997f51db06fbee,8/15(火) 21:08
dal,トラウデン直美　スペイン旅行中にアナフィラキシーで救急病院へ、別人のように顔腫れ上がる,https://news.yahoo.co.jp/articles/f41154cb34518ba321f538115ac0e74c62dcb43f,8/15(火) 21:04
dal,ロッテ敗戦　西野が５回１０安打５失点　守備でもミス重なる,https://news.yahoo.co.jp/articles/bbd167f87983546ce383ccdc50bfe1b18ce2fcd2,8/15(火) 20:58
dal,日本ハム　新庄采配的中で３連勝　五十幡＆マルティネスで先制　固定の中軸も仕事「主役の選手達に聞いて」,https://news.yahoo.co.jp/articles/8ed1960e9417fcf651eb1d6af7adbde27e3dc591,8/15(火) 20:54
dal,マツダスタジアムで珍光景　広島－阪神戦で降雨中断　急いで全面シート準備も→雨脚弱まりすぐ撤収　虎党「コールド」願うも,https://news.yahoo.co.jp/articles/a45750948239f2ca2ff6a92bf3632bc86411d945,8/15(火) 20:46
dal,今田美桜　肩ヒモのミニワンピでまぶしすぎるデコルテ　ゴージャス桐姫が素の笑顔「可愛すぎて涙出る」「スタイル良い」,https://news.yahoo.co.jp/articles/c37829e21cc09de2f22fa4fc9a35d5f857c7a6fb,8/15(火) 20:38
dal,広島　デビッドソンがチームトップの１２号同点ソロ　試合を振り出しに戻す,https://news.yahoo.co.jp/articles/42ee8b26596c406da74183bbee175007762449d8,8/15(火) 20:35
dal,辻希美の１５歳長女　プロ顔負けの抹茶ガトーショコラ手作り　濃厚しっとり感が凄っ！バターは値引き品,https://news.yahoo.co.jp/articles/21f57d88f752e20ab60cb0d418d37271e98067d0,8/15(火) 20:33
dal,阪神　３試合連続で先発投手が５回降板の異常事態　西純は制球定まらず５回４失点１０８球　六回に馬場が同点被弾,https://news.yahoo.co.jp/articles/3eed7696509fcdeee26323d63827b9f1972dee47,8/15(火) 20:28
dal,ｉｍａｓｅ　メジャーデビューから２年足らずで鳥山明作品の初映画主題歌に抜てき,https://news.yahoo.co.jp/articles/33687c3296fd5672eb46ada32a9cbda3b4dbb6b1,8/15(火) 20:16
dal,バスケ男子　渡辺雄太が右足負傷か　第３Ｑ終了間際には治療終えベンチに　合流後初の公式戦,https://news.yahoo.co.jp/articles/d11993c8b4192c7a4e8eddabd546e957a40a78b2,8/15(火) 20:09
dal,稲村亜美　まさかの大暴投も投手への“配慮”は忘れず　深々と一礼も　ファンからは「素敵です」「素晴らしい」,https://news.yahoo.co.jp/articles/e0a0fc219e2b24c4cce15134c61cb0f7a693ace4,8/15(火) 20:06
dal,広島・大瀬良が４回５失点でＫＯ　阪神・森下に４打点献上で３試合連続の背信　敗れれば自力Ｖ消滅の一戦で,https://news.yahoo.co.jp/articles/2df6647af6e21934ab718b0d5d50d49e07e459f8,8/15(火) 19:59
dal,キスマイ玉森裕太　横尾渉から絶賛の報告　映画「マイ・エレメント」,https://news.yahoo.co.jp/articles/8d2cf4f958b36bac60c4630428bacb55252ecf07,8/15(火) 19:59
dal,ロッテ　藤原が３号ソロ「ホームランになってくれて良かった」一振りでミス取り返す,https://news.yahoo.co.jp/articles/062072335300dcef2de53b13eb1e2edc08f3d863,8/15(火) 19:54
dal,阪神・佐藤輝が今季１２個目の失策　ピンチ広げるも西純が踏ん張る　三回には右前適時打も,https://news.yahoo.co.jp/articles/48fcc3d79fe3827635f28e7bc03057b957875c59,8/15(火) 19:49
dal,広島・上本が３試合連続で死球受ける　直後の守備から途中交代　左手首に西純の１４４キロが直撃,https://news.yahoo.co.jp/articles/581dca1c1fc67d79b45bcbd5e2eb41ec50470f7e,8/15(火) 19:47
dal,小西真奈美　４４歳の透明感がヤバい　鮮やかピンクのマキシワンピ「頭は暑さでもしゃもしゃ」もナチュラルな美に「綺麗すぎます」,https://news.yahoo.co.jp/articles/0b6d7a036834b9c63ca451901944488b9bab1faa,8/15(火) 19:35
dal,現役ボートレーサー　木村颯さんが交通事故死　２５歳　５年間の選手生活で９勝,https://news.yahoo.co.jp/articles/5cdbc1b2e383ea73204648e5c3f5270e45ea2938,8/15(火) 19:31
dal,ＤｅＮＡ・バウアーまた魅せた！２戦連続の背面キャッチにファンどよめく,https://news.yahoo.co.jp/articles/7525df4d54b87ca76c9c102ec138daf5e0491af6,8/15(火) 19:24
dal,巨人・原監督　試合中止でウオーキング「いつもほら、冷や汗だから。いつもこういう汗がいいね」,https://news.yahoo.co.jp/articles/053648898decd1de654125c75d3935904a73fc04,8/15(火) 19:16
dal,【ボート】平和島デイリー杯　伏島祐介が５、６枠の勝負駆けにも「外枠は気持ち的に楽」,https://news.yahoo.co.jp/articles/b83475698398ce2762d75985574405700c265afb,8/15(火) 19:06
dal,阪神　前日誕生日の森下が三回でプロ最多４打点の大暴れ！初回に先制２ラン→三回に勝ち越しの２点二塁打,https://news.yahoo.co.jp/articles/cbd8c1aca79653619d7f2f2b7b09df16b66c5ff4,8/15(火) 19:03
dal,ヤクルト・塩見にアクシデント　遊ゴロで一塁まで走れずベース手前でうずくまる　腰に異常発生か、担架で搬送,https://news.yahoo.co.jp/articles/74d21fea20ac289455b144f4abd97e5277b80388,8/15(火) 19:00
dal,好感度芸人サンドウィッチマンの計算高さ「ヤベえなこいつら」Ｍ－１でのしたたか戦略にライバルあ然「売れるな」優勝前に確信,https://news.yahoo.co.jp/articles/640f03c6cab3fdbc7ffc7ef5c52c1700d97ed4ee,8/15(火) 18:55
dal,ラグビー日本代表が“丸の内ジャック”壮行会で東京駅バックにチームバス横付け　姫野主将「歴史を変える自信があります」,https://news.yahoo.co.jp/articles/7e5232032db876df9f92b66566ac4442ab09ede8,8/15(火) 18:48
dal,草刈正雄の米兵の父、初めて見た長女・紅蘭「雄士にも似てる」２３歳で急死の弟重ねる　目鼻立ちもそっくり,https://news.yahoo.co.jp/articles/7ba6c279982d54cbfa4b37ea4092a2370d1fce90,8/15(火) 18:44
dal,ラグビー日本代表　Ｗ杯でメンバー落選の山中亮平が代表引退を撤回「諦めるのは性に合わない」２７年Ｗ杯目指す,https://news.yahoo.co.jp/articles/b295934d56b7eafe9c28d54794bf8bef45407935,8/15(火) 18:41
dal,狙われた？ 日本ハム・清宮の拙守から逆転許す　意表突くセーフティーバントで慌てて悪送球の悪循環,https://news.yahoo.co.jp/articles/9a9a8c0f8c98c4e58029eeeb1de113fe53679c87,8/15(火) 18:37
dal,ツアー初Ｖの菅沼菜々　仲良し同期とナイトプール満喫の姿にファン反応「二人共、別人？」「アイドルだね」,https://news.yahoo.co.jp/articles/cefe29a9d9c62d74ecb2c357a8ac444409e95961,8/15(火) 18:36
dal,広島・小園が同点２ラン　２試合ぶりのアーチ,https://news.yahoo.co.jp/articles/1307ab1ea4dc6ce80b3e7ee9de1d858a3fd619a4,8/15(火) 18:26
dal,阪神・近本が５年連続２０盗塁の快挙達成！森下の２ランで先制ホーム踏む　優勝マジック初点灯へ好発進,https://news.yahoo.co.jp/articles/631af8c662a488c8153880fdbffaf57d667f8c89,8/15(火) 18:15
dal,稲村亜美がまさかの衝撃大暴投…始球式の女王が投じた１球にマツダスタジアム騒然＆頭抱える「泣けますね」,https://news.yahoo.co.jp/articles/899b6e3139d381f1d19e0352f10d6900c6b729aa,8/15(火) 18:05
dal,ダウンタウン司会の９２年「２４時間テレビ」が激ヤバ　寄付に来た水戸泉に殴る蹴る→イラッ「年下と知ってたらやっちゃったのに」,https://news.yahoo.co.jp/articles/921166d3c4e92dc85a4aeda00e371b20269e0741,8/15(火) 17:58
dal,夏の甲子園　１６日は第２試合で広陵－慶応が激突！第１、第４試合は同地区対決に　勝者がベスト８進出,https://news.yahoo.co.jp/articles/6938198bd73cb7e98e914cf317effd2578a2e7e9,8/15(火) 17:50
dal,清原氏の元妻・亜希　次男の慶応を甲子園で観戦報告、飾らない応援姿に好感…代打コールに大歓声,https://news.yahoo.co.jp/articles/2fa18e05ae4d616852992912bfa97d2d2587184c,8/15(火) 17:45
dal,阪神・梅野「今野くんからも連絡いただきました」と明かす「１日でも早く復帰できるよう」決意もつづる,https://news.yahoo.co.jp/articles/b68c05aeff24da6af55cca346171ab51aba86867,8/15(火) 17:44
dal,巨人　打球直撃のロペスは「左手三角骨骨折」で離脱　３度目の登録抹消で故障班に合流へ,https://news.yahoo.co.jp/articles/6106f373443d370c5aa1c5753741270c1b96b912,8/15(火) 17:43
dal,阪神スタメン　西純－坂本のバッテリーで１１連勝へ！勝てば優勝マジック「２９」が初点灯　左翼にはノイジー,https://news.yahoo.co.jp/articles/f69877a28baffbfea541ca544b4441fcf85945ab,8/15(火) 17:35
dal,格闘家も「マジか…」と驚く　４児の母でＲＩＺＩＮガール　３年目は「不合格」通知が届く「申し訳ありません」「２年間幸せでした」,https://news.yahoo.co.jp/articles/3d060e393cf20583d74690f15a6bdfab7fed725f,8/15(火) 17:35
dal,ＴＷＩＣＥ・ＭＯＭＯが「新ミサモポーズ」披露　無敵３ショットに世界中歓喜「大供給ありがとう」感謝も,https://news.yahoo.co.jp/articles/fbb5064a5b75ecb8cce28d1971e184ca87f35883,8/15(火) 17:17
dal,水連と選手ら議論約２時間半　主将・入江、池江、大橋ら出席　梅原委員長「意思疎通ができていなかった」,https://news.yahoo.co.jp/articles/4762b225b06d04ef2324b077b2eafce8821f8b30,8/15(火) 17:11
dal,１児のママ長谷川理恵に人気占い師「離婚する運命」繰り返す、ＴＶで　笑顔で対応,https://news.yahoo.co.jp/articles/a5f546bd027cad1e346ced1ddb07fb622d8718ee,8/15(火) 16:53
dal,「ＶＩＶＡＮＴ」乃木（堺雅人）別人格の「Ｆ」は幼少期の名前にカギ？ネット考察指摘多数,https://news.yahoo.co.jp/articles/1a66afc332b7f3d35a8da08a8337005c8344f544,8/15(火) 16:53
dal,ロコソラーレ吉田知那美の筋肉美もすごい！パーティードレスで大胆フロント＆背中全開「背筋がすげー」「めちゃ綺麗」,https://news.yahoo.co.jp/articles/0b42387f7a1cd778a5381d6eb678909cee461042,8/15(火) 16:52
dal,【ＰＯＧ】２歳戦独断評価　イクイノックス妹ガルサブランカＶ「走りが軽いところが似ている」,https://news.yahoo.co.jp/articles/108ea1af089c58abc3d439d8ce4da12fa80d6566,8/15(火) 16:41
dal,Ｊ１神戸　大迫が７月度月間ＭＶＰ獲得！５月に続き今季２度目「チームとして結果が出ていたからこそいただける賞」,https://news.yahoo.co.jp/articles/21a43b4d8e068caa37e05bbe806caab2fa618a7e,8/15(火) 16:39
dal,活動休止発表のてんちむ　自炊にハマる「毎日ウーバー」→おひたし、煮付け、みぞれ煮「急に家庭的」「良いママになりそう」,https://news.yahoo.co.jp/articles/411ec3bedb7be3fd02fafd1acbd30bad5410b72b,8/15(火) 16:35
dal,巨人　ロペスが３度目の２軍降格　開幕前はセットアッパー候補も期待に応えられず,https://news.yahoo.co.jp/articles/43f9a74649327174f19d57fc32916decefcee955,8/15(火) 16:34
dal,整形２０００万円 平瀬あいり「別人」「若返った」６年前とビフォアフ「魚みたい」イジられ壮絶過去,https://news.yahoo.co.jp/articles/d1e6181e55c815183881b7ac16cf448b9cf2e235,8/15(火) 16:32
dal,日本ハム“台湾の３冠王”王柏融が支配下復帰で今季初昇格「ワクワクしている」,https://news.yahoo.co.jp/articles/28c84e096c8350b5eed5d9c8167eed26f8d0ddfa,8/15(火) 16:29
dal,「激混み」ディズニーにみちょぱ＆大倉士門「大騒ぎになりそうｗ」おそろデニムコーデはまるで「雑誌のページ」,https://news.yahoo.co.jp/articles/ac8f99d999c3428c09f0f19ad3cad3e6c97205e5,8/15(火) 16:20
dal,オリックス・太田は左手首の腱鞘炎と診断　１３日に負傷交代　出場選手登録抹消　今後はリハビリへ,https://news.yahoo.co.jp/articles/82662e1d609af3f555551576471a9574c0bbd81b,8/15(火) 16:18
dal,宝塚花組トップスター・柚香光　来年５月で退団　トップ娘役・星風まどかも同時退団,https://news.yahoo.co.jp/articles/5d6846454a6b52ab705decc2ac443d9441c76533,8/15(火) 16:16
dal,ヤクルトが球団公式ホームページで不適切投稿を謝罪　阪神・梅野に死球も好リリーフと表記「深くおわび申し上げます」,https://news.yahoo.co.jp/articles/090d8b0fb31e6e6bfe0fe751c78a8b65f937f807,8/15(火) 16:08
dal,加藤ローサ　９８０円Ｔシャツ着こなしが流石！「ヴィンテージのめっちゃ高いＴに見えます」「１万円羽？」夫・松井大輔からプレゼント,https://news.yahoo.co.jp/articles/7c738633d5ac6da3d3f43c3872b58533de103b4b,8/15(火) 16:03
dal,阪神　梅野離脱で長坂＆栄枝が１軍に合流＆昇格　捕手３人制へ　新助っ人のブルワーも出場選手登録,https://news.yahoo.co.jp/articles/05da35c8b76b3df011f4275087e92e5a4d1dc042,8/15(火) 15:45
dal,女優・入江純さん死去　５３歳　映画「今日から俺は！！」ドラマ「長男の嫁」など,https://news.yahoo.co.jp/articles/a9ec3ffa102111ebc02a10999bd19e0efcd9acb2,8/15(火) 15:44
dal,山本美月が変身！ウルフカット報告に「おかあさんの顔になった」５月第１子出産「乾かすのが楽」「かわいすぎて溶けた」の声,https://news.yahoo.co.jp/articles/bedfb09fae144edafd999f6d41cfe30472724b0a,8/15(火) 15:39
dal,仙台育英　夏連覇へ最大のヤマ場　１７日・履正社戦へ今大会５安打の湯浅「まだ自分の打撃はできていない」,https://news.yahoo.co.jp/articles/f888ed60d841de24863ed3ad1ba8e17aa28971e0,8/15(火) 15:29
dal,カージナルス　ヌートバーの手にＷＢＣトロフィー「美しい記憶だ！」３月の歓喜以来　本拠地に展示,https://news.yahoo.co.jp/articles/6dd0395d32748294b251d586a6dddd5fe4ec3e3b,8/15(火) 15:21
dal,玉木宏　インスタに暴言、誹謗中傷、ストーカー行為を予告「私や家族の安全を脅かすもので、容認出来かねます」コメ欄閉鎖,https://news.yahoo.co.jp/articles/4a6d3e8bbf7636f9000cde7a689ca595e49bcf2b,8/15(火) 15:14
dal,川崎・ＭＦシミッチ　鼻骨骨折も“バットマンマスク”で全体練習復帰「視界や暑さ？特に問題ない」,https://news.yahoo.co.jp/articles/847048d615c61bfac4b79d94d6205ffb855557f1,8/15(火) 15:10
dal,「ドキドキ」貫地谷しほりの惹かれる目線ドアップにファンも「そのアングルはズルすぎ」「ビジュ優勝してます」,https://news.yahoo.co.jp/articles/c43a939c1a3342ddff02d61a6c06c6cc5cd3b807,8/15(火) 15:06
dal,阪神きょうにもマジック点灯　その条件とは？岡田監督は「１、２、１、２でもええやんと思ってる」,https://news.yahoo.co.jp/articles/92bf99d12103986a9ef0e2e1d414d4ef0183a4f8,8/15(火) 15:03
dal,エンゼルス大敗も内野手エスコバーの登板がトレンド入り「にゃんにゃん投法なかなか良き」「一服の癒やし」「ＤｅＮＡか？」,https://news.yahoo.co.jp/articles/7badf40b8e66bc464d3d6e2cbbf3245f2d964cc4,8/15(火) 14:57
dal,藤田ニコル　結婚発表後、初の公の場　祝福コメントに「ソワソワしてます」,https://news.yahoo.co.jp/articles/7a48010c0fa3e0e95008b7e597588efb685a9f0b,8/15(火) 14:49
dal,ＮＣＴ１２７のメンバーが交通事故　太もも骨折　自ら運転のバイクで帰宅途中　９月の日本公演不参加,https://news.yahoo.co.jp/articles/3ccadbe4e2957dc773c406d7033c3780c0c15b7f,8/15(火) 14:37
dal,イワクラ　オズワルド伊藤へ泣く泣く別れ切り出す「ちょっと無理、結婚は」に伊藤、男気回答,https://news.yahoo.co.jp/articles/855307bb67cb7e74a0391340557d6b12b50bd1f3,8/15(火) 14:22
dal,「ゴゴスマ」コメンテーター陣　台風影響でリモート出演に　鳥谷敬氏は西宮から「雨はずっと」,https://news.yahoo.co.jp/articles/2d07a95267f496fde1073ca46492a19093e2c6a4,8/15(火) 14:11
dal,飯島直子　フォロワー３３万超のインスタ更新に連日「４時間」リプの返事はわざわざ下書き,https://news.yahoo.co.jp/articles/dd09074f524a38277bc911e196fad657bf7d4f4d,8/15(火) 13:03
dal,パドレス・ダルビッシュ有　日本人最多１９１９奪三振も７回４失点で８敗目　オリオールズ・藤浪は登板機会なし,https://news.yahoo.co.jp/articles/5d2ac4c17772e2aad166d5997bc5b48397b7ac82,8/15(火) 13:00
dal,小沢仁志、宇梶剛士と「絶縁」していた　和解の瞬間周囲騒然「歴史的一戦」と写真撮影,https://news.yahoo.co.jp/articles/cf23ff09546c7e911a98840a6895eddd64a3d605,8/15(火) 12:29
dal,Ｍａｔｔ　英ウィリアム皇太子夫妻と３ショット「凄っ！」小顔ロイヤル姿にネット衝撃,https://news.yahoo.co.jp/articles/66282de0a32f4652ca7dc096579f7857f6d84f9b,8/15(火) 12:14
dal,中日　バンテリンドームでの巨人戦中止を発表　台風７号の影響で　京セラドームでの試合も１４日中止を発表,https://news.yahoo.co.jp/articles/61c331307100ee980916e56af4efa57387000145,8/15(火) 12:07
dal,エンゼルス　首位レンジャーズに赤っ恥の惨敗　大谷、初対決のシャーザーに２三振と完敗　チーム１２失点、３失策、１安打完封負け,https://news.yahoo.co.jp/articles/41535a4fd1fd43af1c1f5ae152c75662147334a4,8/15(火) 11:56
dal,竹内由恵アナ　第２子出産を報告「全てが可愛くて愛おしいです」,https://news.yahoo.co.jp/articles/906c7fb1265d0a203f2ca849b51fe5f8c87d87e5,8/15(火) 11:55
dal,梅沢富美男「炎上するから言いたくないけど」高校球児の帽子ツバの言葉に持論,https://news.yahoo.co.jp/articles/cbc37606995975d8507e45ce20be531572ec852e,8/15(火) 11:51
dal,サイヤング３度の３９歳レンジャーズ・シャーザーが圧巻の投球　大谷から２三振など７回１安打０封１１Ｋとエンゼルス圧倒,https://news.yahoo.co.jp/articles/f2c20e4f4e2df86af36eff71508df2dcf2a935d6,8/15(火) 11:40
dal,「真夏のシンデレラ」６話目でついに謎あいさつ「シュシュシュ」が消滅　ネット騒然,https://news.yahoo.co.jp/articles/a8023a0d8eb34064f8a34bedf1dd9a4b6952a6b5,8/15(火) 11:23
dal,野々村友紀子「初顔出し」高２娘からバイト代で宝石の誕プレ「感激」テレビで６月に共演,https://news.yahoo.co.jp/articles/ebbecc5583b277210230c12e72af43b0d75b5b31,8/15(火) 11:17
dal,大谷翔平　レンジャーズ・シャーザーに完敗　３打数無安打２三振…サイヤング賞３度の３９歳右腕と初対決,https://news.yahoo.co.jp/articles/d098f869b0bcd197ed1bf9fb28cead055e946e09,8/15(火) 11:15
dal,ラグビーＷ杯４大会連続出場の堀江翔太「最後のＷ杯になるかもしれないので全て出し切りたい」選出３０人がコメント,https://news.yahoo.co.jp/articles/b0c49a7bc3510a83e7e373b6ee256682e8978670,8/15(火) 11:01
dal,紅蘭　父・草刈正雄のファミリーヒストリー出演「凄く怖かったと思う」生きていた祖父に感慨,https://news.yahoo.co.jp/articles/7a4295434177b3a04a147fba38acd7d7ce7aed3a,8/15(火) 11:00
dal,元阪神マートンの日本での活躍を支えた米国人　「マートンのおかげで僕には新しい夢が与えられた」,https://news.yahoo.co.jp/articles/a4717150ef085aa0ea472296c5c40dee23f5168a,8/15(火) 11:00
dal,ラグビーＷ杯日本代表　キャプテンは姫野和樹　ジョセフＨＣ「しっかりリードしてもらいたい」,https://news.yahoo.co.jp/articles/8d9df858e2cdf137cc133760ecef3a3d03bb124b,8/15(火) 10:40
dal,ラグビーＷ杯日本代表　リーグワン新人賞の長田智希がメンバー入り　Ｗ杯登録メンバー３０人を発表,https://news.yahoo.co.jp/articles/5ffec41420d073791e3fe563d95e0c0007bbc72d,8/15(火) 10:32
dal,ラグビーＷ杯日本代表　３５歳のＦＢ山中亮平は選ばれず　今大会限りでの代表引退を表明　メンバー３０人を発表,https://news.yahoo.co.jp/articles/4f135ac3116b9b93fff032b4acf78f3b180de379,8/15(火) 10:27
dal,ラグビーＷ杯日本代表　４大会連続のリーチら３０人を発表　出場停止中のラブスカフニは選外　ジョセフＨＣ「大きなチャレンジ」,https://news.yahoo.co.jp/articles/8ae45a0e75689473207f06e2c118497e055c0012,8/15(火) 10:18
dal,藤岡藤巻、１５年ぶりにそろって「崖の上のポニョ」を生歌唱　大橋のぞみさんは若槻千夏で,https://news.yahoo.co.jp/articles/bac180ef87b33671cf51f41adcf37882f1e84290,8/15(火) 10:03
dal,阪神・梅野、近本の死球は自分でどうにかできたアクシデントではない【帰ってきたとらのしっぽ２０】,https://news.yahoo.co.jp/articles/47a0b8ccfd8d003193fb8d4cffb63e602768adfe,8/15(火) 10:00
dal,列車の計画運休でコメンテーターの出演どうなる？　山田美保子氏が「テレビ局の大きな変化」の事情解説,https://news.yahoo.co.jp/articles/06cfd0ed1378276f554fb7ad8132fad7e6d6e8c6,8/15(火) 10:00
dal,ダレノガレ明美　シャネルバッグをトイレに忘れ２０分　奇跡的に戻り「感謝しかない」,https://news.yahoo.co.jp/articles/8e30d414e69d6f322ef59ea9dbdc6aa78aa438ab,8/15(火) 9:38
dal,ミゼットレスラー角掛留造さん急死　６９歳　原因不明の「突然死」　「ＺＥＲＯ１」発表,https://news.yahoo.co.jp/articles/868adadaa36a4c788bb93ededbfcddbeffa42257,8/15(火) 9:30
dal,「ラヴィット！」急きょ放送内容変更　オープニングトークだけで「２時間」放送へ,https://news.yahoo.co.jp/articles/e163ba06bab2bf00663f20f73f111c7d70089674,8/15(火) 9:25
dal,台風７号接近で中日－阪神の２軍戦が中止　阪神２軍の甲子園室内での残留練習も中止,https://news.yahoo.co.jp/articles/8416a9f756ae8f3964faf29c1a6c0e30f16ab586,8/15(火) 9:23
dal,阪神・加治屋　８月防御率０・００右腕の生命線は“沈む直球”　１６年ＣＳレアード対策要員で武器認識,https://news.yahoo.co.jp/articles/a1607e24a7e6fa65294a1db3e9d0f38dc3340303,8/15(火) 8:00
dal,カープ新井監督「全員野球」で阪神Ｍ点灯に待ったかける　「結果に結びつけるのが私の仕事」,https://news.yahoo.co.jp/articles/d265e29c95fa80021ee933e2b83b851267522995,8/15(火) 8:00
dal,超特急アロハ　ドラマ主演、初の全国ツアー「人生で一番濃い１年」,https://news.yahoo.co.jp/articles/57793705d50a074b6d8e56e7d38e009348beedd2,8/15(火) 8:00
dal,“二刀流”日本ハム・矢沢が先発挑戦　新庄監督「面白くないですか？」　新起用法も模索,https://news.yahoo.co.jp/articles/74fe6d15b30c4269e8f727795adb978146892e68,8/15(火) 6:00
dal,【札幌記念】シャフリヤール　北都でいよいよ始動　新コンビ横山武とドラマ描く,https://news.yahoo.co.jp/articles/9c6f1d25440372a987162c7feeabefbca041a5c7,8/15(火) 6:00
dal,スターズオンアース　復帰戦として天皇賞・秋を視野に調整,https://news.yahoo.co.jp/articles/d19eca7830fb1392c0cc9ed3d15f9b023d1cde42,8/15(火) 6:00
dal,【北九州記念】モズメイメイ重賞連勝へ　不安材料なしで再びロケットスタート決める,https://news.yahoo.co.jp/articles/0d5723a2a3ea019b10cefa15cf0be3d3747900de,8/15(火) 6:00
dal,カープ大瀬良　阪神Ｍ点灯阻止へ背水登板「責任を全うできるように」　近本＆中野の「１、２番」要警戒,https://news.yahoo.co.jp/articles/5a91c8ff121fed1fac09f0a956ae718e6b2e2c3e,8/15(火) 6:00
dal,【札幌記念】プログノーシス　秋の飛躍へ強敵撃破だ　豪華メンバーの中、唯一全項目クリア,https://news.yahoo.co.jp/articles/b11543852055b49d1dbb9ebc1961968def89b4a9,8/15(火) 6:00
dal,ロッテ・安田　母校・履正社の後輩にエール　「最後まで悔いの残らないプレーを」,https://news.yahoo.co.jp/articles/1ddb2f9a8e0a15e908817783189480b67153dc17,8/15(火) 5:00
dal,巨人・原監督　大勢の早期復帰願う　コンディション不良で離脱中「彼の存在は、やっぱり大きい」,https://news.yahoo.co.jp/articles/43d754ee2f9199e1aaeaf179eac1e021d6c3edac,8/15(火) 5:00
dal,“広島キラー”阪神・大竹　１６日の広島戦で２１日ぶり先発へ　１０連勝チームの勢いに「便乗しようかな」,https://news.yahoo.co.jp/articles/15579915e0c90dd5962592cf00c275f59dfe9108,8/15(火) 5:00
dal,岡田阪神  腰の張り才木＆骨折梅野離脱でも余裕　１５日からヤマ場６連戦も「３勝３敗で御の字ちゃうん」,https://news.yahoo.co.jp/articles/9e890fe3a3573fa037aabcb944a804b476558410,8/15(火) 5:00
dal,阪神新外国人ブルワー　Ｖへの「スパイスになる」　自身も想定外の１５日昇格「正直、驚きました」,https://news.yahoo.co.jp/articles/d7622580a3bd4edbc9ba3661f3b52b660f02d176,8/15(火) 5:00
dal,阪神・西純　自身初の広島撃破で梅野を安心させる　「チーム一丸となってみんなでカバーしないと」,https://news.yahoo.co.jp/articles/347cd88a4e51f2cb17adc30fd4edb036ddb5df97,8/15(火) 5:00
dal,阪神・岡田監督　１７日先発のビーズリーは「子供とゆっくりさしたろかなと思うたけど」【一問一答】,https://news.yahoo.co.jp/articles/120c7e11d4e56482aefdd1c25ccee404b3532300,8/15(火) 5:00
dal,大月みやこ　７７歳　利己から利他で６０周年　歌手人生支えた意識改革「いいね」が目標,https://news.yahoo.co.jp/articles/963018baceb50801e454113152d4a9fd28247896,8/15(火) 5:00
dal,ミタゾノに桜田ひより　史上最年少２０歳の家政婦役　主演ＴＯＫＩＯ・松岡「とにかく明るい」,https://news.yahoo.co.jp/articles/fe5e685bfc315a94ca7cb847a4670ca3b280cc1e,8/15(火) 5:00
dal,吉岡里帆×永山瑛太“禁断”新感覚ＳＦラブコメ　現代人と未来人の“時をかける恋”,https://news.yahoo.co.jp/articles/2e9e133038a221ef4f26a576c654662950b406dc,8/15(火) 5:00
dal,まるぴ　初写真集は「全てを魅せられる」一冊　ドキッとさせるようなシーンも,https://news.yahoo.co.jp/articles/270dde33042dfaa873fb161fde492a87eaa4d70b,8/15(火) 4:00
dal,橋本環奈＆上白石萌音　舞台「千と千尋の神隠し」ともに開幕　日英米のクリエイター日本に集結,https://news.yahoo.co.jp/articles/b5bef1cc75be88c6821ae7f60bc4d197801ba98f,8/15(火) 4:00
dal,日大三・森山　憧れ甲子園で５年ぶり１６強導くＶ撃　「守備の人」がバットで貢献「実感は湧いてない」,https://news.yahoo.co.jp/articles/501c208c8df91e87d1f6f33736555784fb12ae10,8/15(火) 2:00
dal,鳥栖工・松本　１年前の大けがからの復帰→周囲への感謝を込めた「ありがとう」の一振り,https://news.yahoo.co.jp/articles/0eff1a5e8b946e809f6c8cae57fbbae1e9d7877d,8/15(火) 2:00
dal,北海２戦連続サヨナラで７年ぶり１６強　地方大会８番、１回戦７番の関決勝打！５番昇格即期待に応えた,https://news.yahoo.co.jp/articles/9227b24c5dd8029ec2bcf44c51d71c15573f0070,8/15(火) 2:00
dal,内藤哲也　１・４東京Ｄに向けて宣言　ＩＷＧＰ王座よりも「相手を倒して、大合唱することが一番の目標」,https://news.yahoo.co.jp/articles/528252130430bfe8d18ac5445301f1dfa108312f,8/15(火) 2:00
dal,那須川天心　パンチ力進化に手応え「バゴーン！ドッカーン！ってイメージ」　２戦目に向け米合宿へ,https://news.yahoo.co.jp/articles/3d339343f0ad43585e5d52e6b5d6999eb92cf916,8/15(火) 2:00
dal,オリオールズ・藤浪の本領発揮はこれから　通訳兼トレーナーの鎌田氏の「夏男ですから」に納得,https://news.yahoo.co.jp/articles/d6ad056e7f89e8c56fd84f32061bd8c107238432,8/15(火) 2:00
dal,坂本花織　今季初戦ほろ苦３位　中盤のステップで転倒「うまくリカバリーできなかった」,https://news.yahoo.co.jp/articles/a1b74ecb680489472c60fc266e867ca3408fdccf,8/15(火) 2:00
dal,渡辺雄太「次はバスケが日本を盛り上げたい」　Ｗ杯代表決定！ホーバス監督も納得の「ベストメンバー」,https://news.yahoo.co.jp/articles/e428486298d21aefd3f3d173828fa17f6e33350a,8/15(火) 2:00
dal,梨花　父は超スパルタ「今だったら絶対捕まってる」　祖父は本出版、本名も明かす,https://news.yahoo.co.jp/articles/51b0528a9243f4be83154456e523383b92b3372e,8/15(火) 0:10
dal,櫻井翔　ジャニーズの特別チームに「明確な提言を」と求める　性加害問題で,https://news.yahoo.co.jp/articles/d4a596f595b85e90ca9a4ed8491facdbb93352a0,8/14(月) 23:29
dal,伊藤美誠　Ｔリーグ今季初出場で快勝「いい波に乗れる」五輪選考ポイントも加算「平野選手を超す気持ちが大事」,https://news.yahoo.co.jp/articles/624077803e02978ecf2300df25e6ad8aa266203d,8/14(月) 23:17
dal,ミスターＳＡＳＵＫＥ山田勝己　予想上回る美声にネット爆笑＆驚き！トレンドワード急上昇,https://news.yahoo.co.jp/articles/ff034e8d1f5af4d848b6f29aea61bdfe739fa947,8/14(月) 23:00
dal,Ｋｏｋｉ，　おしゃれな庭で圧巻ヴィトンコーデ　あ！１月にも登場の素敵な壁,https://news.yahoo.co.jp/articles/299c021a2c3162c03f8422b6f86cb641ee31da0d,8/14(月) 22:46
dal,渋野日向子が「悔しくて、申し訳ない気持ちでいっぱい」ＳＮＳで心境激白「前を向いて頑張ります」と決意も,https://news.yahoo.co.jp/articles/8ebfe9c4727c74fe18547e1fe5e6077055e23f14,8/14(月) 22:40
dal,重量挙げ・三宅宏実さん“最強開運日”に結婚　直筆で報告　今後も「競技振興に取り組んでまいります」,https://news.yahoo.co.jp/articles/e06db445ca035e90e2de044bdf5b53a76437a3f8,8/14(月) 22:35
dal,キスマイ７人全員でのラスト生パフォ　「ＣＤＴＶライブ！ライブ！！」,https://news.yahoo.co.jp/articles/7141a81ae99db0d85dceb1df97bbca33d9988c41,8/14(月) 22:25
dal,オリックス・山下舜平太は大谷翔平式？食事メニューにファン驚き「卵３つも」「オオタニさんだ」「意識の高さが」,https://news.yahoo.co.jp/articles/c39f02f3ce4abaed970fef3d2f83cf18916d79b6,8/14(月) 22:12
dal,高梨沙羅　黒Ｔ＆パンツコーデにブラウン系メーク＆多めアクセで大人っぽく「笑顔可愛い」　お洒落上級者,https://news.yahoo.co.jp/articles/eae71d5dbd82f221a50a2357a17286249a8a95c9,8/14(月) 22:09
dal,【8月15日のらんまん】第97話　寿恵子が借金取りに万太郎の研究について熱弁をふるった結果は…！,https://news.yahoo.co.jp/articles/90003afb08d529842130b4d77828b60808ccc099,8/14(月) 22:00
dal,ひろゆき氏　日本の大学入試チクリ「戦士に”かしこさ”のテスト」,https://news.yahoo.co.jp/articles/90625bbc6527f5e57a8f06fa3114f66c881f1994,8/14(月) 21:58
dal,草刈正雄の「ファミリーヒストリー」に寺門亜衣子アナ嗚咽、号泣　母と自分を捨てた米兵の父の姉と再会,https://news.yahoo.co.jp/articles/8790c754d47dc81c69b7288e78a486b119b1bbc2,8/14(月) 21:29
dal,有吉弘行　手術後第一声は「フワちゃん、怒られてましたね」まさかの先輩も登場,https://news.yahoo.co.jp/articles/dce60485e68e053c5f21ead3772168768b8b8c22,8/14(月) 21:22
dal,草刈正雄　米兵の父は生きていた「何も言葉が」と涙　婚外子、父は出生前に帰国「朝鮮戦争で死んだと…」,https://news.yahoo.co.jp/articles/3012b7b7f8cc0d3f8446a50b64c5e264a20c054e,8/14(月) 20:33
dal,元櫻坂・菅井友香　母はアナウンススクール出身「迫力ある読み聞かせしてもらった」,https://news.yahoo.co.jp/articles/f51bd17cb14cd6d9afdc3f5c8bb2017eaa93ad18,8/14(月) 20:03
dal,仲里依紗　ヴィトンのレア鞄でど派手コーデ「最高可愛い」「全てのセンス」　上級クラスで渡米の座席まで,https://news.yahoo.co.jp/articles/65dd3dd71871792e1896cd95eed891e26e9861bf,8/14(月) 19:43
dal,元白鵬の宮城野親方がＫ－１番長と「今度勝負しましょう」超レアな２ショット公開　凶暴イメージ→イケオジに,https://news.yahoo.co.jp/articles/3556498b52976b3846fad39467cebde0f15bf688,8/14(月) 19:42
dal,藤井聡太王位　子供記者に藤井流コミュ法伝授も「全く予想できない質問」とタジタジ,https://news.yahoo.co.jp/articles/7048227c2d1b0462bfbcecde87296d8e121e14c4,8/14(月) 19:25
dal,【ボート】平和島デイリー杯　長田頼宗が低調機の底上げに成功もさらなる上積み目指す,https://news.yahoo.co.jp/articles/9f07e9f349eed5bd3eac908681b8a91107b921b2,8/14(月) 19:19
dal,久保建英「チームの重要な存在になりたい」　開幕戦で今季初ゴールも白星ならず「悲しい」,https://news.yahoo.co.jp/articles/61da63c350aab3b1492c03556f353f74fe441b99,8/14(月) 19:10
dal,ナダル　目標としている先輩を実名告白「うまく回したい」にヒコロヒー「どこがやねん！」,https://news.yahoo.co.jp/articles/1ee8e3e29a0c803a5bfa0a3427141743a0bfd13d,8/14(月) 19:07
dal,阪神　梅野離脱でどうする捕手問題「坂本に頼らざるをえない」中で「どう試合経験を積ませるか」評論家分析,https://news.yahoo.co.jp/articles/dea6b2e7acbeee9638b3c55cc14b7676ca173cab,8/14(月) 19:02
dal,みきママ　東大１年長男から「俺と話す時はちゃんと調べてから話して」に「は？」,https://news.yahoo.co.jp/articles/c6c6f2af4dae64675d4316c0d6946686be1c5c5e,8/14(月) 18:36
dal,才賀紀左衛門と事実婚解消の絵莉さん「男が来てるんやろ！」攻撃に閉口「どんな思考回路」,https://news.yahoo.co.jp/articles/4dc8c1e10ec563564da997cce3f738c875917b3f,8/14(月) 18:10
dal,代表合流のＮＢＡ渡辺雄太「次はバスケが日本盛り上げる」２５日開幕Ｗ杯へ決意表明　野球、サッカー、ラグビーに続く,https://news.yahoo.co.jp/articles/40e0f8cac6c95d12b456e9e0f9992238f5887e1d,8/14(月) 18:07
dal,阪神ＯＢ掛布氏　岡田監督の「吉田イズム」継承を指摘「選手を生かす」「８５年に似てる」興奮隠さず,https://news.yahoo.co.jp/articles/369067af05418d8e3bc0a48f1b9a48f9be091cfe,8/14(月) 17:43
dal,フィギュア　坂本花織、今季初戦は３位　ステップとジャンプで２度転倒「集中力が切れてしまった」,https://news.yahoo.co.jp/articles/26deb2db52aea8dec1cc0b35829e90a9b09a096e,8/14(月) 17:42
dal,ジャズピアニスト・高木里代子が美肌全開の大胆ドレス　大人の色香たっぷり「インペリアル　ジャズ２０２３」,https://news.yahoo.co.jp/articles/69b1eb8b2a5a3d7e8448f8c5251abf38ba95812a,8/14(月) 17:39
dal,渡辺満里奈「おニャン子」より前に受けたオーディションがあった！,https://news.yahoo.co.jp/articles/945b757143bceec7d8c4b28d6e8199abd9585820,8/14(月) 17:39
dal,バスケ男子Ｗ杯代表１２人が決定　負傷の渡辺飛勇ら３人落選　ホーバス監督「ベストなメンバー」富樫「責任ある」,https://news.yahoo.co.jp/articles/c2c3e185656daf68c9416c31bc82ec3ece22882f,8/14(月) 17:32
dal,恵まれた体格でなぜバットを短く？北海の背番号３・熊谷「バットを振れる」長さにも秘密　サヨナラ起点に,https://news.yahoo.co.jp/articles/ec6299aa5ad99f4853df7ba85307a8e118067058,8/14(月) 17:22
dal,「ＶＩＶＡＮＴ」なぜ？ジャミーンが「奇跡少女」の理由　災い予知能力？初回ザイール自爆前に指さす　守る薫（二階堂）は何者か,https://news.yahoo.co.jp/articles/a9800d6f849e9e26ea85e716961e44879b7e77dc,8/14(月) 17:04
dal,高木豊氏がうなった阪神・岡田監督のタクト「次から次へと手を」１３日ヤクルト戦の七回　相手ベンチと策の応酬,https://news.yahoo.co.jp/articles/cd34b4641fc65b5ba2dea8b8ad6a3e9ad81e8fb5,8/14(月) 16:50
dal,芸能界に興味の辻希美の１５歳長女　ピンク系ヘアに、ネイルもお揃い　「めっちゃ可愛い」菊地亜美も興奮,https://news.yahoo.co.jp/articles/8bbe21130f14fed59dea74271e55b0af8329a62b,8/14(月) 16:42
dal,カミナリ・まなぶが大金ゲット！たくみ、払い戻し機に思わず「クソ出てきたな」,https://news.yahoo.co.jp/articles/3899b46d90f8436e05a2c94926bb35af5fe45ca3,8/14(月) 16:42
dal,那須川天心「バゴーン！プルプル、ドッカーン！のイメージ」パンチの進化に自信　転向２戦目に向け米ラスベガス合宿へ,https://news.yahoo.co.jp/articles/d557f2175bebbf24eda922f0d174d21b1da6a94b,8/14(月) 16:34
dal,篠田麻里子　背中バックリどころじゃない「暑すぎて何も着たくない」肩甲骨を大胆見せ「綺麗」「スタイル良」,https://news.yahoo.co.jp/articles/f41175210f2220a3335cb3d2d5174df8a42bb95f,8/14(月) 16:27
dal,赤楚衛二　波瑠と仲良し２ショットも陰で勝負！ネット爆笑「しれっと勝ってる」,https://news.yahoo.co.jp/articles/dfb96b399cf726a92af81ef3ef3bd27585d0db67,8/14(月) 16:27
dal,小沢一郎氏「ブライダル補助金」を一刀両断「少子化対策に繋がる訳がない」「国は利権に潰される」,https://news.yahoo.co.jp/articles/815c7b714b8790fdc0bd7b1dc2836c46c4594bbb,8/14(月) 16:24
dal,宮里藍・聖志きょうだいも「すべらない」効果を実感　ブリヂストン新ドライバー試打イベント体験記,https://news.yahoo.co.jp/articles/ed0be786655e2f916a0c5a9dcdbaa6ce6c5ea376,8/14(月) 16:24
dal,誰？西内まりや２９歳　まるで別人の酔っ払い姿　目とろんで駄菓子袋くわえる　記憶なし？「ウケル」「ヤバい」,https://news.yahoo.co.jp/articles/fec9f9e1cd54d05d20d3da04778cb03e2f56fa6a,8/14(月) 16:18
dal,６年ぶりＧ１制覇の内藤哲也「いい夏を過ごせた」　１・４のメインで「大合唱することが今の一番の目標」,https://news.yahoo.co.jp/articles/207cf50446b22af06cd8eda533b50e7fb316a11d,8/14(月) 16:08
dal,「ＶＩＶＡＮＴ」ドラムグッズがついに発売　「超嬉しい！超嬉しい！」でファンも「超かわいい！」,https://news.yahoo.co.jp/articles/3b73ba2a38763333b0f281cc496ddcb126fce6e6,8/14(月) 16:07
dal,オリックス　京セラドーム開催の１５日・ソフトバンク戦の中止を発表　台風７号接近のため　前日に異例の対応,https://news.yahoo.co.jp/articles/747238171bcaa23159714741464f53294a0516eb,8/14(月) 16:03
dal,【ボート】宮島ボートのエンジンも最終局面へ…最後のオススメは５３号機！,https://news.yahoo.co.jp/articles/190132961d2246c79d2b7e4eeb2ec4b7c76bb241,8/14(月) 16:00
dal,首位阪神と１２ゲーム差の巨人　０８年のような「メークレジェンド」の可能性は？,https://news.yahoo.co.jp/articles/a467cc7e80e1482b0ffb96e723b05b770b1ad459,8/14(月) 16:00
dal,浜松開誠館は無念のサヨナラ負け　北海の超小刻みリレーに屈すも元プロ指揮官「素晴らしいゲームができた」,https://news.yahoo.co.jp/articles/548af199d8bc74157214cc0da660977094e96c68,8/14(月) 15:54
dal,２人の母・井川遥４７歳　女優感ぬけたオフ表情がキレイ　家族で旅行するママに「バカンス感」「無敵」「良い」,https://news.yahoo.co.jp/articles/8e4f331ded653c42a72dcaa9da60eb1072e283e0,8/14(月) 15:53
dal,星野源×羽生結弦さん　レアな組み合わせにファン「幻覚じゃなかった」「本当に姉弟」「饒舌」,https://news.yahoo.co.jp/articles/e2dfbea809da1963b50a44b84321693c30e9420d,8/14(月) 15:48
dal,吉田陽菜がＳＰ６位から逆転Ｖ！　住吉りをん２位、坂本花織は２度の転倒があり３位　げんさんサマーカップ,https://news.yahoo.co.jp/articles/2102293b05492b9af8c94767cec05d73cd379d5d,8/14(月) 15:31
dal,北海が２試合連続サヨナラ勝ちで７年ぶり１６強進出！準優勝した２０１６年以来　再びミラクル北海旋風か,https://news.yahoo.co.jp/articles/e4c9cb55d72c9089d1bc138444ba58c965d3e59c,8/14(月) 15:28
dal,千鳥・大悟、大谷翔平愛を熱弁　大谷の能力を一つもらえるとしたら？に意外回答　投でも打でも足でもなく,https://news.yahoo.co.jp/articles/24a59a071c472b67dfbc38d319d73971c9274c5a,8/14(月) 15:25
dal,ＮＰＢ　巨人・坂本の大飛球巡る観客妨害騒動に異例のお願いと説明「本塁打を二塁打に変更したものではない」場内放送は「誤解されかねない表現」,https://news.yahoo.co.jp/articles/3b0c6671f40cfa74184cf7c1f7ebdb491b1249e1,8/14(月) 15:24
dal,松丸亮吾、ポケモンでフワリ！ＷＣＳ開催地でのショットにファン「浮いてる！」「断トツ１位の完成度」,https://news.yahoo.co.jp/articles/f3561593f72a8bb662c3597d06545fd644afd582,8/14(月) 15:08
dal,阪神　前夜死球で左尺骨骨折の梅野、小林、渡辺諒の３人を抹消,https://news.yahoo.co.jp/articles/6655d1ecaf29041e836ed658b1354b56986d5b19,8/14(月) 15:07
dal,「最高の教師」次回予告が不穏「何？」鵜久森は２周目で願い全て叶うも「変えようない感覚」襲来と　「凄い意味深」,https://news.yahoo.co.jp/articles/55d69cae4f895a72d14cde82e2317d75f37706ea,8/14(月) 14:38
dal,昨年の２冠牝馬スターズオンアース　天皇賞・秋での復帰を視野に調整,https://news.yahoo.co.jp/articles/9c97469f12f4bf25a007b0b9c05045bac392f8d6,8/14(月) 14:36
dal,ＴＢＳ南波アナ「ＶＩＶＡＮＴ」シリアスナレからの「ラヴィット！」Ｂ’ｚ熱唱でファンギャップ萌え,https://news.yahoo.co.jp/articles/191f88fc491b30eec4328e3bfc1d5d990fdd6384,8/14(月) 14:28
dal,丸岡いずみ、激混み特急列車で長男抱っこ立ちっぱなしも　中年男性のスマート過ぎる席譲りに「感激」,https://news.yahoo.co.jp/articles/77fd2964925fade17bf5d7d20a3b053b2b448dd1,8/14(月) 14:08
dal,ロッテ　２２～２４日・ソフトバンク戦でピンクリボン募金活動を実施　２２日には選手が募金活動に参加,https://news.yahoo.co.jp/articles/2b656ec9ca93c681d8e3b81836fd6183d4294242,8/14(月) 13:43
dal,「ＶＩＶＡＮＴ」キービジュアル　薫（二階堂ふみ）の「Ｉ」は医者じゃない？ネットは別組織を考察の声,https://news.yahoo.co.jp/articles/3887e2033926930e5ce5a7198d379073c6c592d4,8/14(月) 13:40
dal,市和歌山はまさかの１１失点大敗　投手陣が大誤算　半田監督「怖がったのかな」,https://news.yahoo.co.jp/articles/89cd741830251dbc9833a6903ae58de269a75d2e,8/14(月) 13:27
dal,藤浪晋太郎に聞く「テンパってたわけではない」　いきなり３ボールもしっかり修正　日米１１年目初セーブ,https://news.yahoo.co.jp/articles/d710ea5c77c69aaf86a2c737a269df249e47d51c,8/14(月) 13:24
dal,ダイアモンド・ユカイ　突然本名明かし話し出す　加藤浩次も「？？？」爆笑「すみません、初めて知りました」,https://news.yahoo.co.jp/articles/bd8020142a25854d3fa54cac98bcb5ea3fda070d,8/14(月) 13:21
dal,夏の甲子園　台風７号接近にともない１５日広陵－慶応などの全試合中止、１６日に順延　決勝は２３日に　全試合順延は２年ぶり,https://news.yahoo.co.jp/articles/185ada4c31b4c0aeea4ccce742ff97ba4810220f,8/14(月) 12:52
dal,神村学園が６年ぶり１６強　先制、中押し、ダメ押しの理想的試合運びで市和歌山から１１得点圧倒　夏１大会２勝は初,https://news.yahoo.co.jp/articles/9d35a3eaf218cfe140417c39d6b0ffe5f079fe69,8/14(月) 12:48
dal,コロチキ、コンビでそれぞれ別の女性芸人をナンパの過去　「芸人やのにおしゃれすな！」の暴言も,https://news.yahoo.co.jp/articles/7af3d8e6e78f5cab88a41f6a62e4ea5ba4cb78ef,8/14(月) 12:31
dal,ＶＩＶＡＮＴ結論「信じられるのはチンギスだけ」唯一の正義　チンギス芸人も胸熱　完璧扮装「詫びるつもりないからな」,https://news.yahoo.co.jp/articles/23cdad6ffc0ff521fe9eccbd931c7f7a35f9d3e1,8/14(月) 12:28
dal,喧嘩３０００戦無敗“所沢のタイソン”　ド迫力な孫悟空の刺青入った背中にＢＤ人気選手戦慄！？「なんちゅう背中や」オーラで背景歪む,https://news.yahoo.co.jp/articles/cd11ff7df9ec5fd3f63f4d4ccfb17ff37e6ac081,8/14(月) 12:21
dal,浜田雅功、龍玄としの“初めて”尽くしで食リポ指南、初デュエットで投げキッスも,https://news.yahoo.co.jp/articles/cbd59fb186225de28d383ab911e774681bcad0c2,8/14(月) 12:14
dal,西田凌佑は浪速のメイウェザー！圧巻アウトボクシングで世界王座王手！「パンチが当たらない」,https://news.yahoo.co.jp/articles/21038771f45e6a16a70c8ea99a2044256b10b88c,8/14(月) 12:00
dal,ぼる塾酒寄へ「４人目はいらない」コメントが　メンバー猛反論「４人でぼる塾」「いらないコメントが１番いらない」,https://news.yahoo.co.jp/articles/a62a5e8f7e6148ef0467e18485d0be4fbe80ddba,8/14(月) 11:48
dal,大河「家康」ついに石川数正にフラグ　１年後に謎の出奔　秀吉の不気味人徳を恐れる　ネット騒然「自ら人質に？」「スパイ？」,https://news.yahoo.co.jp/articles/e043b71557d5309d769ca8913131914edb3b088a,8/14(月) 11:45
dal,和牛・川西賢志郎「怖くて動けない」島田珠代に狙われぼう然「吉本のメデューサ！？」,https://news.yahoo.co.jp/articles/34f5e0a036c60941455c958daff36fe9db561a4e,8/14(月) 11:42
dal,茂木健一郎氏、林真理子理事長はお飾り発言を「めちゃめちゃ気にしてますよ」囲み取材直後に会っていた,https://news.yahoo.co.jp/articles/4f2fe9dad7d632f611c57c7b1f2357d40e0cde83,8/14(月) 11:25
dal,野口健氏、台風接近知りながらの富士登山は「救助する必要なし」　救助隊の生命が「大切」,https://news.yahoo.co.jp/articles/1089cc8aa1c5c546a87a0263cd78adaabefa1191,8/14(月) 11:05
dal,神村学園が２点を先制　その直後、あわや前の走者を追い越す形に,https://news.yahoo.co.jp/articles/68268b7eebe1840087ed0938d725c0d3cc5ffb1e,8/14(月) 10:58
dal,初出場の鳥栖工　“がばい旋風”再来ならずも聖地に爽やかなインパクト　“仮面ライダー兄弟バッテリー”も活躍,https://news.yahoo.co.jp/articles/6b7e576fb449af4bce633d9c9a553796c81eaf34,8/14(月) 10:52
dal,林遣都、育児は「お母さんがぼくの何倍も」妻・大島優子に感謝　子供は「本当にバブーって」,https://news.yahoo.co.jp/articles/cdfd44f530efa8b87d02965350dae38876b5806d,8/14(月) 10:49
dal,「ダウンタウンｖｓＺ世代」最後の上岡龍太郎さんがヤバすぎ　３３年前に「一部のバカ」の抗議でテレビ衰退とズバリ　松本「凄い」,https://news.yahoo.co.jp/articles/6a0953772274cc71a4db3147b1367447512e255b,8/14(月) 10:46
dal,藤浪晋太郎「もちろん、うれしい」日米１１年目で初セーブ　最速１６３・５キロ　イチローの愛弟子斬りでガッツポーズ,https://news.yahoo.co.jp/articles/ecd0bce909853fcd7ef4d0e5991cb12b74e2e36a,8/14(月) 10:44
dal,あの浜田雅功が泣いた　「２４時間テレビ」エンディングで異変、松本人志も「感動屋さんやね」,https://news.yahoo.co.jp/articles/1917f7caa465692bf0ad61d4b854a40e5d232417,8/14(月) 10:30
dal,５年ぶり１６強の日大三　光った２回途中でエース安田投入の決断　三木監督「次の１点取られると厳しいと。安田にお願いした」,https://news.yahoo.co.jp/articles/45b5629803910448a1d53c8f5ff419b76fd1c737,8/14(月) 10:23
dal,「ＶＩＶＡＮＴ」不倫は偽装？長野専務「空白２年」乃木の人身売買８５－８７年と一致　戦場ジャーナリスト？乃木を陰で手引きか,https://news.yahoo.co.jp/articles/6d865e39212bc1f36b1f9d7fd21fa323f7b091f1,8/14(月) 10:06
dal,日大三が５年ぶり１６強　鳥栖工との接戦制す　二回途中からロングリリーフのエース安田の好投光る,https://news.yahoo.co.jp/articles/0b810d59c35a98b7925bf0883ec5ea4f948e2418,8/14(月) 10:03
dal,阪神・岡田監督が「代わりはおらんよ」と語った梅野の離脱　捕手２プラトン体制での快進撃は色が違ったからこそ…,https://news.yahoo.co.jp/articles/9fe247bd9ccd193de4f95debaae6e16c5878e437,8/14(月) 10:00
dal,ラパルフェ・都留拓也が結婚　お相手は「阿部寛ファンでディズニー好き」女性　ウッディ衣装で報告,https://news.yahoo.co.jp/articles/3fca94cb53e7bc960d755a2c5497c9d729256062,8/14(月) 9:53
dal,「らんまん」で借金取り・六平直政登場　ネットは怖がるよりも「安心」「安定」「プロ」【ネタバレ】,https://news.yahoo.co.jp/articles/d7731cc1465c90aaa13ed5fd6e146d968cf37663,8/14(月) 9:41
dal,畑岡奈紗は１１位　序盤につまずき追い上げ不発「チャンスをつかめず悔しい」　ＡＩＧ全英女子オープン,https://news.yahoo.co.jp/articles/cf0ab6271cfd0c23f8d7a7b477a925cf6335a423,8/14(月) 8:58
dal,藤浪晋太郎がメジャー初セーブ！序盤の低迷乗り越えファンも感慨「クローザー藤浪、爆誕！」「少しずつランクアップしてる」,https://news.yahoo.co.jp/articles/7a029245ee6b13752e1ed3ec55181438df73b49f,8/14(月) 8:57
dal,「らんまん」になすび登場　荷物配達員で　懸賞生活重ねネット感慨「荷物届ける側になるとは…」【ネタバレ】,https://news.yahoo.co.jp/articles/168029b883b207fb5cb5a76fbdd4d93cea040b1c,8/14(月) 8:38
dal,“守護神”藤浪晋太郎が日米通じて１１年目でプロ初セーブ　右腕でガッツポーズ　暴投で“らしさ”みせるも３人斬りの快投,https://news.yahoo.co.jp/articles/521b6772fbc17053d91baddd3e2a2be50caa5f36,8/14(月) 8:27
dal,〝不敗神話〟途切れた広島・堂林「気持ち切り替えて」　〝ノーノー阻止〟の防御率０点男から６号「自分の体を信じて」,https://news.yahoo.co.jp/articles/29bb6be1f0564837017c6445bde1bd02f545e44e,8/14(月) 8:00
dal,超特急タクヤ　「本当にみなさんのおかげ」がむしゃらだった,https://news.yahoo.co.jp/articles/f1f79f200dda12368196532140f51ef710487b13,8/14(月) 8:00
dal,夏の甲子園大会第９日　大会本部が全３試合でクーリングタイムを設けないことを発表　台風接近に伴う天候不良が予想されるため,https://news.yahoo.co.jp/articles/0c978fbb96b6197642b25136293a46dbeb81d5e2,8/14(月) 7:45
dal,大垣日大　阪口監督と孫の甲子園が終わりを告げるも「また来ます」と続投宣言！「負けても甲子園はいいところ」,https://news.yahoo.co.jp/articles/682578e1c651f17ce2ec01de4cabd3129b6180b7,8/14(月) 7:00
dal,異色のおかやま山陽・堤監督　阪口監督との采配勝負「もう自分じゃ勝てない」選手信じ劇勝「すごく幸せです」,https://news.yahoo.co.jp/articles/7e41203f453c4eaa9086f843671c7d72cda12018,8/14(月) 7:00
dal,大谷翔平、“決勝”41号＆17個目盗塁　137Mバックスクリーン直撃弾で自己ワースト記録＆チーム連敗阻止,https://news.yahoo.co.jp/articles/2c804a7330cb4031e2077bf56c910c9b3dda1a66,8/14(月) 6:04
dal,天国から地獄、広島６連敗　延長十回連続被弾でサヨナラ負け　主力離脱に投打チグハグも新井監督「全然つらくない。関係ないから」,https://news.yahoo.co.jp/articles/3c1c511e1887602ce8ee85a2ce21627a1a823bc7,8/14(月) 6:00
dal,小林美駒６勝目　新潟４Ｒ制し土日白星「思い通りの競馬ができた」,https://news.yahoo.co.jp/articles/0a8dcf7eca97dec0ec1caf9e464c5228e11409e4,8/14(月) 6:00
dal,【新馬戦】アーバンシック　豪快に差し切りＶ　横山武「ホッとしました」,https://news.yahoo.co.jp/articles/849e767405813603d30c7dd69920131e2a5764ea,8/14(月) 6:00
dal,【新馬戦】テイエムチュララン　たたき合い制す　太宰「次が楽しみ」,https://news.yahoo.co.jp/articles/9e5f4239a1b979dad9f21bb6362410fbfac6272f,8/14(月) 6:00
dal,【ＵＨＢ賞】シナモンステック　楽々抜け出した　松岡「調子がいい」,https://news.yahoo.co.jp/articles/b635d6245386a8e04d496c4c88a8f4e64ec4bd04,8/14(月) 6:00
dal,【コスモス賞】エコロヴァルツ　６馬身差圧勝劇　武豊「能力は高い」,https://news.yahoo.co.jp/articles/4844aea78bb070e1dd9ae8c50fd6fd83c44bb050,8/14(月) 6:00
dal,シャーガーＣで横山和が勝ち星　英国の国際騎手招待競走　日本人勝利は過去４勝の武豊以来,https://news.yahoo.co.jp/articles/b581a778775b5e65996d05619f259dc80823a961,8/14(月) 6:00
dal,【新馬戦】パッシングシャワー　好位抜け出しＶ　西村淳「どんな競馬でもできます」,https://news.yahoo.co.jp/articles/fc7d14b9c46dfb0a451216870cd3b0d83c27e5b8,8/14(月) 6:00
dal,【小倉記念】エヒト雪辱星　前走の悔しさ晴らす重賞２勝目　川田の好騎乗で鮮やか差し切り,https://news.yahoo.co.jp/articles/c5884be2a300cc6ae711c06ede4c75da5e3bbc7d,8/14(月) 6:00
dal,【新馬戦】ライトバック　鬼脚で豪快差し切り　浜中「ポテンシャルを感じる」,https://news.yahoo.co.jp/articles/71d07af21caf6b0c7ac0f2e5c85fb6438e1e960e,8/14(月) 6:00
dal,【フェニックス賞】シカゴスティング　断然人気応えた　川田「いい走りでした」,https://news.yahoo.co.jp/articles/6a796fe9a73f05dfa3e2e72773bb649677f9a530,8/14(月) 6:00
dal,【関屋記念】アヴェラーレ重賞初Ｖ　本格化示す鮮烈末脚“プレゼント”に木村師感激,https://news.yahoo.co.jp/articles/c31ca67a841de73f9a1a3064cfa422cdeeeeaffe,8/14(月) 6:00
dal,なにわ男子　「一番アツい」夏　デビュー後初声出し解禁で横アリ“全開”　全国ツアー横浜公演最終日,https://news.yahoo.co.jp/articles/bdb9f5b294a2c1625231ccdc2823c71900e49629,8/14(月) 4:00
dal,なにわ男子・藤原　オリックスと阪神の日本シリーズ“関西ダービー”期待「関西が盛り上がる」,https://news.yahoo.co.jp/articles/0762cadec7982adcdee5f649026367f62a93b803,8/14(月) 4:00
dal,なにわ男子・大西　チョー回復！　１２日の公演で体調不良訴え途中退場も「元気になりました」,https://news.yahoo.co.jp/articles/947de7e7eee75259200fbf161c8405e0ddb05b3b,8/14(月) 4:00
dal,阪神・岩崎　１０連勝中８登板７Ｓ１ホールドで１９試合連続無失点中　岡田監督「最後はブルペン陣」,https://news.yahoo.co.jp/articles/ae505676cbfc707541796f0726129b998312f038,8/14(月) 2:00
dal,阪神・桐敷　３試合連続の回またぎ０封で欠かせぬ存在に「ゼロで抑えることを意識しました」,https://news.yahoo.co.jp/articles/b928e104beb13be3944f7ea8d20b9848fab85950,8/14(月) 2:00
dal,阪神・小野寺　“らしい”一打でつかんだお立ち台の座「長打力がないと１軍に上がれないかなと」,https://news.yahoo.co.jp/articles/e37c6f262ecb6c319906ed18149702462d22defd,8/14(月) 2:00
dal,阪神・小野寺　前夜汚名返上の逆転Ｖ撃で１０連勝　１５日にもＭ２９　お立ち台で絶叫「バモス！！」,https://news.yahoo.co.jp/articles/29645ae2f61200caf3e24804db80042d68ee0402,8/14(月) 2:00
dal,オリックス　パ最速で６０勝到達　５人完封リレーを中嶋監督称賛も「もうちょっと楽な試合にして」,https://news.yahoo.co.jp/articles/713ddef5a5e1c1152822c74a5dfbc0e1d59e1fcd,8/14(月) 2:00
dal,日本ハム　三回マル＆八回野村が鷹狩り弾　連日のアーチに新庄監督「いい打線ですよね」,https://news.yahoo.co.jp/articles/2b05b6ad9dce83bfb6e81013859862a86bebb322,8/14(月) 2:00
dal,巨人・ブリンソン　“改心”満弾で怠慢走塁の汚名返上　柵越え確信も全力疾走「同じことは繰り返さないように」,https://news.yahoo.co.jp/articles/8638998ed7872c1632ed5fe9d8629e4de98cb0ab,8/14(月) 2:00
dal,ヤクルト・高津監督　阪神との“微差”を嘆く「非常に大きな小さな問題」　今季９度目のカード３連敗,https://news.yahoo.co.jp/articles/715cda05477b9993b9b3698c5f4be54079933ee3,8/14(月) 2:00
dal,阪神の岡田采配で取った七回追加点　「一方で気になったことも」藤田平氏,https://news.yahoo.co.jp/articles/e5d4347223d522fb68108fdaa90374f9acfd45aa,8/14(月) 2:00
dal,阪神新外国人ブルワー　上々“日本デビュー”　自信のカーブ織り交ぜ３人斬り「非常に興奮」　１５日から１軍昇格へ,https://news.yahoo.co.jp/articles/43cdcf1bfe3a7f425947d415a20c8341c9b70c03,8/14(月) 2:00
dal,阪神・中野　指揮官リクエストに応える貴重３点目適時打「いいところに飛んでくれたかなと」,https://news.yahoo.co.jp/articles/1223a6a949d9ce209a285677238f8856984b2366,8/14(月) 2:00
dal,阪神・梅野が今季絶望的　死球で骨折の診断受け「めちゃくちゃ悔しい」　岡田監督に怒りにじむ「そういう場面でもないし」,https://news.yahoo.co.jp/articles/2255c1e5a909d7003de1d79de87a0f6306b9f0b3,8/14(月) 2:00
dal,高知中央・奥田誠絆内野手　全力でやり切った野球－卒業後は祖父との思い出胸に料理の道へ,https://news.yahoo.co.jp/articles/675045018264fec75c77c72934f38f34ef78f89d,8/14(月) 2:00
dal,花巻東・佐々木麟太郎　悔し無安打で仲間に感謝「助けてくれた」１６強　阪神園芸の“神整備”には驚き,https://news.yahoo.co.jp/articles/f601a5125b9577025242e553f92af977d091205f,8/14(月) 2:00
dal,履正社・森田　ヤクルト・山田ら“先輩超え”の聖地２戦連発「打った瞬間入ったと思った」,https://news.yahoo.co.jp/articles/8547a5934445b2e957b8d444dc43b46e16bfe0d6,8/14(月) 2:00
dal,智弁学園　同校史上最多タイ１８安打で逆転勝ち　小坂監督「しっかり打ってくれた」,https://news.yahoo.co.jp/articles/e1113d3facdaefc06c40eb52ef81d894df8e8fcf,8/14(月) 2:00
dal,篠原涼子　５０歳誕生日に２６年ぶりコンサート「やっとやっとやっと！歌えることができました！」,https://news.yahoo.co.jp/articles/a6cda3d77c5be709c89abbd0a1ae197b701db487,8/14(月) 2:00
dal,大和奈央　７０００人の頂点　秋元氏絶賛「いろいろ試したい素材」女優オーディション３代目ＧＰ決定,https://news.yahoo.co.jp/articles/cda24622b6fdfb0f3cc763b7b44281b5bc24d241,8/14(月) 2:00
dal,菅沼菜々　あざとかわいい追求へ乃木坂４６を研究「かわいいって言ってくれる人のために」,https://news.yahoo.co.jp/articles/72aa8e41a35b1e5945df12f03f1c4876f455725b,8/14(月) 2:00
dal,菅沼菜々　悲願のツアー１勝！「広場恐怖症」乗り越え同じ病気抱える人たちの“アイドル”に,https://news.yahoo.co.jp/articles/52e6fcc48d3b87c61a3b8732f51578defae478d0,8/14(月) 2:00
dal,オカダ・カズチカ３連覇夢散　試合後はリング上で大の字　Ｇ１決勝戦で初の敗北,https://news.yahoo.co.jp/articles/043f0b19043ec774fd25c029b19ee64e07848900,8/14(月) 2:00
dal,内藤哲也　６年ぶり３度目Ｖ　オカダを２連発デスティーノ葬「このリングの主役は俺だ！」,https://news.yahoo.co.jp/articles/b31e7c752aa3692d2df228fa11e2d23ccb6b0ac8,8/14(月) 2:00
dal,大谷翔平、「2番・DH」で出場　9戦ぶり41号に期待　直近14戦打率・340＆1本塁打　1番にモニアック,https://news.yahoo.co.jp/articles/d8bbd4a83be8056649fbba0f752d1de2e8b5b326,8/14(月) 0:45
dal,今井絵理子議員がインスタ更新「お盆はいかがお過ごしでしょうか」コメ欄荒れ模様「公務お疲れ様」「先月遊びに行ったから」,https://news.yahoo.co.jp/articles/c43182132eeeb43ad328f66efbcb4013b3c17f39,8/14(月) 0:00
dal,フィギュア三浦佳生が２日連続Ｖ！３日間で２大会のハード日程乗り越え　優勝賞品の近江牛は「家族でおいしく」,https://news.yahoo.co.jp/articles/cbf55a36ad7f7067d137906138afd2f26a885959,8/13(日) 23:54
dal,松本人志が「ヤバすぎる」認定した昭和の名曲の歌詞が爆笑「完全に飲酒運転を歌ってますから」ネットも「秀逸すぎ」,https://news.yahoo.co.jp/articles/5e6e290e4d9e04375de0c9facb7798d423a74f3f,8/13(日) 23:41
dal,女子ゴルフ　１９歳の桜井心那は通算５オーバーで終戦「こういう大会で優勝できる選手になりたい」　ＡＩＧ全英女子オープン,https://news.yahoo.co.jp/articles/25694ad08ee42e7f824b16ff4d21a4a05dc25d1a,8/13(日) 23:22
dal,阪神・梅野「めちゃくちゃ悔しい」左尺骨骨折で今季絶望も前を向き「チームを信じてやれることを」気丈に思い語る,https://news.yahoo.co.jp/articles/77186bebe50d7367d6de36389b5861333ee02b67,8/13(日) 23:11
dal,堀未央奈＆白石聖　アップの２ショがそっくり過ぎて完全左右対称！髪型！瞳！唇！全部同じ！「雰囲気似てる？！」,https://news.yahoo.co.jp/articles/4fdd3a4b04be3ddfb82981dce02147ee915a45bd,8/13(日) 22:58
dal,阪神・梅野の今季絶望にファン悲痛「とんでもなく痛い」「岡田監督怒りをグッと抑えてるのが」死球で尺骨骨折,https://news.yahoo.co.jp/articles/135ef76a3996731256ea0153ca26ff95e62676fd,8/13(日) 22:53
dal,ロッテ　吉井監督が小島に苦言「ノックアウトも一緒」「ローテを任せられない」６回無失点も,https://news.yahoo.co.jp/articles/f4c40d913630b6a6d83b0f63670f0a68d7d9eb09,8/13(日) 22:40
dal,永野芽郁　美しすぎる横顔ドーンッ！おでこ～鼻～口元～あごに美麗曲線！シミ一つ無い美肌「マジ綺麗過ぎる」「可愛すぎ」,https://news.yahoo.co.jp/articles/04ec294b81ea2698a661e226e167e28eaa24a120,8/13(日) 22:32
dal,阪神・岡田監督　１０連勝の要因は「ブルペン陣ですね、やっぱりねぇ」梅野離脱には「代わりおらんよ」【一問一答】,https://news.yahoo.co.jp/articles/afa25366203a216b98faa74ce45ca26194ec4f84,8/13(日) 22:29
dal,阪神・岡田監督が怒りにじませる「非常に困りますね」「そういう場面でもないし」死球の梅野が骨折で今季絶望,https://news.yahoo.co.jp/articles/3a468497079e9d0863b98dc6d81477a4965f710e,8/13(日) 22:20
dal,南野陽子の美少女伝説　デビュー前から東野幸治知ってた「伊丹にものすごい可愛い子がいると宝塚でウワサになっていた」,https://news.yahoo.co.jp/articles/1b8ae45173e64bd1cbf09e4d79bb07789218242d,8/13(日) 22:05
dal,阪神・梅野は左尺骨の骨折で今季絶望　岡田監督「今年は無理でしょ」試合中に病院を受診　五回に死球を受ける,https://news.yahoo.co.jp/articles/83139f0d1852fbfd4d966a5acb046b95e296148e,8/13(日) 22:02
dal,【8月14日のらんまん】第96話　全国の植物愛好家と繋がった万太郎　波多野・藤丸の来訪中に男が…,https://news.yahoo.co.jp/articles/45b3dc521fb75afaf4d24ef17dda4f50963aa307,8/13(日) 22:00
dal,阪神　岡田采配ズバリ！前夜バントミスの小野寺が逆転決勝打「足を引っ張るだけだったので」選手も奮起,https://news.yahoo.co.jp/articles/cdacf31219415160ed080c0fc7336e7b9938807a,8/13(日) 21:59
dal,【競輪】田尾駿介が京王閣でＧ３初制覇　Ｓ級初ＶとのＷ栄冠「ラインに感謝」,https://news.yahoo.co.jp/articles/88ea6b5f5db05db66f1ff69c9728e6558bc78a68,8/13(日) 21:53
dal,ヤクルト痛恨３連敗　山野が近本の３出塁が絡んで４失点　山田の１０年連続２桁本塁打が飛び出すも及ばず,https://news.yahoo.co.jp/articles/58e410aa896a51a7e252821df2f3e6fbf9f4893a,8/13(日) 21:48
dal,阪神が破竹の１０連勝！１６年ぶり快挙で１５日にも優勝マジック「２９」が初点灯　広島と８ゲーム差で独走状態,https://news.yahoo.co.jp/articles/1cd16bd4955437e8ea115c7c1ba79f2b748b1a0a,8/13(日) 21:46
dal,豊田真由子氏「観光地に行く余裕があることが不思議」自民女性局のフランス研修を猛批判　自身は「ホテル、会場、空港の往復」,https://news.yahoo.co.jp/articles/a6f7f5b014a8a2776e864b3304ce3a167cb896f2,8/13(日) 21:23
dal,阪神　梅野の“代役”坂本が貴重な追加点となる中前適時打　岡田監督の采配ズバリ　大仕事やってのける,https://news.yahoo.co.jp/articles/98b5867d466638421031595f6ec80cc14e60d26f,8/13(日) 21:14
dal,楽天・石井監督、今季９度目の零敗「イニング別で投手が代わるのすごく難しい」　５投手の継投に沈黙,https://news.yahoo.co.jp/articles/dd15cbc74d2df172f00f27fdee5ab8e2359825bb,8/13(日) 21:05
dal,篠原涼子が５０歳誕生日に２６年ぶりコンサート「やっとやっとやっと！歌えることができました」,https://news.yahoo.co.jp/articles/98df505e19decc2577fa02c5848b0390cf7c6b27,8/13(日) 21:00
dal,花田虎上の１３歳愛娘に「モデルみたい」の声　ママより高身長スラリ「スタイルよくて見惚れた」「美人母娘、いや姉妹みたい」,https://news.yahoo.co.jp/articles/2cd04a52d2032b723ed87404131f2e02e394432a,8/13(日) 20:54
dal,阪神・梅野「何も言うことはありません」死球で途中交代→試合中に検査のため病院へ　三角巾で左腕をつった状態,https://news.yahoo.co.jp/articles/a0e20ab33a6b0bb1a62199e87baf57e1b1ec6b76,8/13(日) 20:53
dal,大垣日大　阪口監督の采配ズバリもサヨナラ負け　優しいまなざしで選手見つめ「また甲子園に子供たちと来ます」,https://news.yahoo.co.jp/articles/3c235b03966e40f99a6a0be463f2097514f8fa33,8/13(日) 20:49
dal,【北九州記念展望】モズメイメイ勝って秋の大舞台へ,https://news.yahoo.co.jp/articles/767cbeac3fd7a376164b15e3f533c8537b7932e0,8/13(日) 20:42
dal,【札幌記念展望】ジャックドール連覇へ視界良好,https://news.yahoo.co.jp/articles/db62ace0b46a451395b270a4f51141a65f66e31c,8/13(日) 20:42
dal,夏の甲子園　おかやま山陽が起死回生のサヨナラ勝利！相手のバッテリーエラー＆捕手の失策で一気に２者が生還,https://news.yahoo.co.jp/articles/55e8a204c7789f82dc8e6f02f130cd4c7099191e,8/13(日) 20:42
dal,オカダ・カズチカ　敗れて大の字…Ｇ１史上初の３連覇は夢散　内藤哲也の“レインメーカー式”デスティーノで撃沈,https://news.yahoo.co.jp/articles/0df51df2bc147857c59001d46b20ddd8259ffb09,8/13(日) 20:37
dal,「フジテレビってそんなに夢ねえのか！」女子アナの一言にシソンヌ長谷川忍が強烈ツッコミ　杉原千尋アナ「意味ないから」,https://news.yahoo.co.jp/articles/dfc4f92a69598b3b6724aaeae1e48f90f237e987,8/13(日) 20:34
dal,ロッテ、ヒヤヒヤ勝利で４カードぶりの勝ち越し　小島が６回無失点８Ｋの好投で６勝目　益田が九回のピンチしのぐ,https://news.yahoo.co.jp/articles/2ff88816269bbe7ec131a542e0c7eee025067c45,8/13(日) 20:34
dal,夏の甲子園　鳥栖工の兄弟バッテリーが日大三撃破なるか　１４日の見どころ,https://news.yahoo.co.jp/articles/9289f32806938d4d36366322d0100f95f1a63256,8/13(日) 20:32
dal,阪神・伊藤将が５回３失点で降板　勝利投手の権利手にするも長いイニングを消化できず,https://news.yahoo.co.jp/articles/89ab77ce92627b1a00a220743bfe70cf420ce08c,8/13(日) 20:25
dal,大垣日大　名将・阪口監督の孫が起死回生の同点弾！４番・高橋が右翼ポール際へ大会１６号,https://news.yahoo.co.jp/articles/410b7154165b199d2fde57539334dc68a00584a0,8/13(日) 20:19
dal,阪神・梅野が左手首に死球を受け途中交代　病院で検査へ　ヤクルト戦での死球禍にスタンド騒然　三回には近本も,https://news.yahoo.co.jp/articles/43bb0a1830ef0693560cde206506ff0f8225f687,8/13(日) 20:15
dal,細川直美４９歳２児ママ笑顔がみずみずしすぎ！　純白シャツ＆黄色パンツ「爽やか笑顔で素敵」国民的美少女ＧＰから３５年,https://news.yahoo.co.jp/articles/72a35682520b53920afc8a6d715f28b2ad5a99c0,8/13(日) 20:10
dal,楽天、打線沈黙で今季９度目の零敗　則本、八回途中１失点の粘投も報われず…,https://news.yahoo.co.jp/articles/64f6da3a16fc1a6a90b90e9ed794c021cb39c195,8/13(日) 20:07
dal,Ｃ大阪ＧＫキム・ジンヒョン２カ月ぶり待望の実戦復帰「１００ではないけど」高知と練習試合で４５分出場,https://news.yahoo.co.jp/articles/64b63cf7038c830a9d6be82d4b1c19c39264baba,8/13(日) 20:06
dal,阪神－ヤクルト戦で「言い間違い」がトレンド　審判のアナウンスミスで「岡田監督のキレ顔が」怒号のち大爆笑,https://news.yahoo.co.jp/articles/15ab3436d55b8c75c828402396e91726e5cb70ca,8/13(日) 20:01
dal,ひろゆき氏が謝罪「謹んでお詫び致します、、、」ＹｏｕＴｕｂｅの収益「何もしてないから１０万円」が「よく見たら」,https://news.yahoo.co.jp/articles/65ecd1b7f22aafc513391688c2165a51b5a05f24,8/13(日) 19:48
dal,阪神・岡田監督のリクエストで審判がまさかのアナウンスミス　京セラドームが怒号から爆笑に包まれる,https://news.yahoo.co.jp/articles/8d176b4575067d93959f4817bd61fbf80f015475,8/13(日) 19:44
dal,ロッテ・小島、６回無失点の好投　今季最多８Ｋでピンチ脱出「相手に流れを渡さなかった」,https://news.yahoo.co.jp/articles/0e14efea227494050dac86a3f5ee408a4d8f0525,8/13(日) 19:40
dal,阪神が１０連勝へ好守連発！サトテルが膝つきスロー＆森下がスライディングキャッチ　スタンド大歓声,https://news.yahoo.co.jp/articles/39304912190d66083b251fa5c6a077c800a057b9,8/13(日) 19:36
dal,巨人・原監督、ドラ１浅野「まだまだ乾いたスポンジ状態」　スタメン抜擢でプロ２安打目に「吸収してくれていると信じている」,https://news.yahoo.co.jp/articles/1f5a5097124ba2eacac6405f69ebe908eda55587,8/13(日) 19:26
dal,Ｋｏｋｉ，激レア普段着！三つ編み＆オーバーオールで少女のよう「わんちゃん達と一緒に森林浴」,https://news.yahoo.co.jp/articles/8a49b6579439730fffe76d85d225e5ebbf877403,8/13(日) 19:20
dal,【ボート】平和島デイリー杯　加藤政彦が６コースからまくり差して好発進「エンジンさまさま」,https://news.yahoo.co.jp/articles/ac562bf42d29f8bf891081467d26ff29ebc2ebd8,8/13(日) 19:16
dal,阪神・近本が臀部に７個目の死球を受ける　規定打席到達者ではリーグトップタイ　スタンド騒然の直後、安堵の拍手,https://news.yahoo.co.jp/articles/bdb1bcb6129d7286f125ae7ec50c417a845c4681,8/13(日) 19:15
dal,大垣日大・阪口監督が老かいタクト！スリーバントスクイズで１点差に　ファン「さすが」「いつサイン出した？」,https://news.yahoo.co.jp/articles/6cd910bfed3426befbf7bd7cfac1829a5ec104e9,8/13(日) 19:11
dal,広島・新井監督　衝撃サヨナラ負けで最悪６連敗も「全然つらくない」「何でもどんとこいという感じ」【一問一答】,https://news.yahoo.co.jp/articles/5dc84e462d0d4a58946ed827fc9613b00ede55b9,8/13(日) 19:00
dal,１６歳・大和奈央が「私が女優になる日＿」三代目グランプリ！１０月期に主演決定　応募７０００人の頂点,https://news.yahoo.co.jp/articles/945694cf0468f8a71ba8f71b8faa58a91f549f1c,8/13(日) 19:00
dal,オリックス・太田が左手首違和感で途中交代　内野安打後に異変訴え、自らベンチへ下がる,https://news.yahoo.co.jp/articles/01b829c10108314831519879cd603afe5bbf39bd,8/13(日) 18:59
dal,ＤｅＮＡが連敗で４位・巨人と１差に　三浦監督は初回６失点の石田に苦言連発「コースも高さも全部甘かった」,https://news.yahoo.co.jp/articles/988e2dde9cf9e6a66bd87619555a09c4faf61941,8/13(日) 18:51
dal,中大対決はヤクルト・北村に軍配！同級生の森下が懸命バックホームも先制犠飛に　しのぎを削り合う,https://news.yahoo.co.jp/articles/0fc5495ce5d96634dee8d3440fc01a3e98243579,8/13(日) 18:47
dal,相川七瀬　バーキンに愛猫がすっぽりＩＮ「豪邸」「育ちが良い」「おしゃれ」ふわふわ子猫「破壊力凄すぎる」,https://news.yahoo.co.jp/articles/ab62354a5901df5b120ef82820becc572ffe424d,8/13(日) 18:46
dal,夏の甲子園　第４試合はクーリングタイムを実施せず「天候状況が不安定なため」と説明　第３試合中にゲリラ豪雨,https://news.yahoo.co.jp/articles/a35e4db4ce7950de845664c4b975ecd99635ebb4,8/13(日) 18:44
dal,辻陽太がオスプレイから殊勲ピンフォール勝利で挑戦表明「俺が欲しいのはお前の首、ベルトは付属品」強烈スピアー２連発,https://news.yahoo.co.jp/articles/dc7202167998d5506a1cec6e643c02f19dbf0b95,8/13(日) 18:40
dal,内藤哲也がオカダ倒して「Ｇ１　ＣＬＩＭＡＸ」６年ぶり３度目の優勝「このリングでの主役は俺だ！」,https://news.yahoo.co.jp/articles/9da4fce74abc3ed0353f5808835e37a8978c67aa,8/13(日) 18:40
dal,クラーク、無情の雨で１６強入り逃す　中断挟んだ勝ち越し機生かせず　佐々木監督「選手はいろいろ考えすぎましたかね」,https://news.yahoo.co.jp/articles/4a2cdb54a0fefbf045a25d09cd3a3c290224a3f1,8/13(日) 18:34
dal,爆問・太田光　日大を擁護「薬物が出た！すぐに警察に突き出せ、じゃ大学の意味がない」識者は全否定「大学自治と今回は違う」,https://news.yahoo.co.jp/articles/7c1cb27e2700befa984dd95cf4888ee4b7135cc2,8/13(日) 18:23
dal,ＥＶＩＬがＩＷＧＰ世界ヘビー級ベルト強奪の暴挙…王者ＳＡＮＡＤＡを襲撃でリングアナに“剥奪”強要「罪はお前の弱さだ」,https://news.yahoo.co.jp/articles/656c94b689899f8c260d9a6470a992dfa77b1657,8/13(日) 18:20
dal,オリックス・ドラ１曽谷は３回無失点で降板　プロ初勝利目指すも制球定まらず…四回に中嶋監督が交代告げる,https://news.yahoo.co.jp/articles/91af85ff57eca2f6f0c6c7e5da8bc14b9a9346f6,8/13(日) 18:17
dal,渋谷凪咲が阪神戦の始球式に登場　見事ノーバン投球で「自分史上１００点！」マウンドで飛び跳ね大喜び　スタンド大歓声,https://news.yahoo.co.jp/articles/7667f7e2f1b4ecabe06e4498a49887d5f14445ef,8/13(日) 18:14
dal,日本ハム・新庄監督、打線に手応え「相手も嫌な打順だと思ってくれている」３番マルティネス、４番清宮、５番万波、６番野村「続けていく」２カードぶり勝ち越し,https://news.yahoo.co.jp/articles/ef664356a64cc4796e08c5adee6de8b713320bfe,8/13(日) 18:10
dal,花巻東が１５年以来の１６強入り　１時間３４分の降雨中断もクラークに競り勝つ　佐々木麟は４打数無安打,https://news.yahoo.co.jp/articles/2ab1962b06dd86837eea120af2603af75fc28327,8/13(日) 18:04
dal,聖地で夢かなえた阪神園芸の元球児　母校の試合でライン引き、恩師から「ありがとう」,https://news.yahoo.co.jp/articles/4010e1d2153213a0d5b50544fa633068021d2745,8/13(日) 18:00
dal,「妖怪似」女芸人が「フィジーク」優勝　相方がパイロットと結婚で「嫉み」ダイエット決意,https://news.yahoo.co.jp/articles/1f0d027435fa2567323987e7780ed29e99670729,8/13(日) 17:58
dal,ロッテ・沢村が「仕事に戻る」と自身のＳＮＳで発表　笑顔で本拠地内歩く写真も　可逆性脳血管攣縮症候群と診断,https://news.yahoo.co.jp/articles/e212265507c04cc56d5e90cfc2e91b6ae254c1e6,8/13(日) 17:52
dal,巨人・原監督、連日のノーコンタクト采配は「ノーコメント。ご想像にお任せします」とニヤリ　大勝にはご満悦,https://news.yahoo.co.jp/articles/37ea779449f3128d1f85411b7d691f7446a8dfc9,8/13(日) 17:49
dal,「最高の教師」鵜久森は「人生何回目？」ネット３回目説も公式予告が全力否定　面白すぎる考察ＶＳ制作の対決構図【ネタバレ】,https://news.yahoo.co.jp/articles/64efd81fabce49a952a111971b186decbbba00ba,8/13(日) 17:46
dal,久保建英、開幕戦ゴールでスペイン紙「チームで一番の出来」の高評価　必勝ジンクスは崩れる,https://news.yahoo.co.jp/articles/ddcd375b23ce7aab7575338e8338c7dc94a23e34,8/13(日) 17:43
dal,ネイマール、サウジ経由でバルサにレンタル移籍か　「非常に厄介な状態」の報道も,https://news.yahoo.co.jp/articles/c7e630e39ab1be1ec777a9b28e590293b33750eb,8/13(日) 17:43
dal,あのちゃん、タイのギャングにボコられるディレクターに大喜び「興奮しました」,https://news.yahoo.co.jp/articles/735851cfa1880bd11f3abc1717680f6abbe6fb27,8/13(日) 17:34
dal,ＤｅＮＡが大敗で２連敗　先発・石田がプロ最短ＫＯ、今季ワースト６失点　４位・巨人に１差と迫られる,https://news.yahoo.co.jp/articles/377754e6ce6487be9c776900832cfe593cbb638c,8/13(日) 17:29
dal,阪神スタメン　１０連勝へ「５番・左翼」に小野寺抜てき　伊藤将は直近３戦３勝と抜群の安定感,https://news.yahoo.co.jp/articles/d374a2fd266dd6f9b2e4ba4780b46cd2fb0af5af,8/13(日) 17:24
dal,巨人、３発大勝で勝率５割復帰　３カードぶり勝ち越し、３位・ＤｅＮＡに１差迫る　ドラ１浅野がプロ２安打目,https://news.yahoo.co.jp/articles/9377c3feed1450607707f9642dfd54b15c5afee5,8/13(日) 17:21
dal,巨人・岡本和が超特大の３２号ソロ　左翼最上段突き刺さる　ドームにどよめき,https://news.yahoo.co.jp/articles/aac31304c8a3c29a12ef794d1cfdf745c0e9ee9a,8/13(日) 17:15
dal,柴咲コウの乗馬姿にファン「殿～」馬上で余裕の仕草に「めちゃくちゃ絵になるぅ！」「映画のワンシーン」,https://news.yahoo.co.jp/articles/041bf9c918dc973cf1171ad8ec106511a3160d75,8/13(日) 17:15
dal,安保瑠輝也　麻布十番にジム開設へ目標３０００万クラファン実施「喧嘩なら井上尚弥より強い」炎上のジョリー「お前ら絶対応援しろ」,https://news.yahoo.co.jp/articles/559f70024d077f174cbcf20ef2d44313b4c32843,8/13(日) 17:13
dal,中日・柳が爆笑お立ち台「快挙達成ありがとうございました！」夢モード？でコメント　９回無安打無失点も快挙ならず,https://news.yahoo.co.jp/articles/6c69bd2cda5d58818e5194478dd5ce274a6799a7,8/13(日) 17:12
dal,多発性骨髄腫の岸博幸氏　抗がん剤治療で「髪引っ張るとごそっと抜けた」「強烈な吐き気と下痢　ベッドで悶え苦しむ羽目に」,https://news.yahoo.co.jp/articles/c56e27aec8982c81a0a54c7b777d1d243318ba24,8/13(日) 17:09
dal,【競輪】和歌山万博協賛で金子幸央がＧ３初優勝　小林泰正目標から鋭伸でＶゴール,https://news.yahoo.co.jp/articles/e90418dad0d8dfb8b4b98e8d8787115cda66fcb6,8/13(日) 17:07
dal,カップヌードル「イカ足」配線にネット爆笑「センス抜群」リアルなにょろにょろに「グロい」の声も,https://news.yahoo.co.jp/articles/92fe12477d9a80c99d9608271415b640118faf27,8/13(日) 17:03
dal,ＤｅＮＡ　ハマの金剛力士像・戸柱恭孝　怪力を発揮　ストレッチの木製棒真っ二つに「ウエイトしすぎかな」,https://news.yahoo.co.jp/articles/67543ec7bb4246b122b97f548391b2f23be8933a,8/13(日) 17:00
dal,広島が悪夢のサヨナラ負けで今季ワースト６連敗…１５日にも自力Ｖ消滅　守護神・矢崎が痛恨の連続被弾　ノーノー阻止も,https://news.yahoo.co.jp/articles/0480ab1b38a986737fbf7ffb022353c14d51cefc,8/13(日) 16:54
dal,２連敗のソフトバンク、デスパイネ＆栗原が１軍復帰へ　１５日から首位・オリックスとの対戦,https://news.yahoo.co.jp/articles/0a9e9fd609a6eb397ea2c6a796644b76b3521ba2,8/13(日) 16:51
dal,高岡蒼甫　人気絶頂期に精神を病んでいたと告白「映画でめちゃめちゃ誹謗中傷された」２１歳「病院に運ばれて安定剤打たれた」,https://news.yahoo.co.jp/articles/21a16ac9ea69702a97ace11d8a89471431daea49,8/13(日) 16:50
dal,中日が柳に報いるサヨナラ勝利！延長十回、石川昂、宇佐見の連弾で激戦に終止符　柳９回無安打無失点の快投,https://news.yahoo.co.jp/articles/bacc558462a9152add66576fe58a550d2ce5deaa,8/13(日) 16:49
dal,冨永愛の息子「メンズノンノ」モデル最終候補入り「そりゃ選ばれるに決まってる」身長１９０センチ「爽やか～」,https://news.yahoo.co.jp/articles/c91ebc142137878aa87879caa617836c82da5c62,8/13(日) 16:42
dal,体重４１ｋｇモデル「細っ！」ウエストは子供服でも「ぶかぶか」ＧＵＣＣＩキッズ用をさらに細く,https://news.yahoo.co.jp/articles/c96b1dd542d58d40f28552069abfdb0e0c0be23c,8/13(日) 16:40
dal,広島・堂林が快挙阻止の先制ソロ！九回まで柳に無安打無得点も　中日の守護神から起死回生の一撃,https://news.yahoo.co.jp/articles/d1fdeffe52e896ef90d0040c1fc51acdb9be62bb,8/13(日) 16:39
dal,ソフトバンク、一発攻勢に沈む　藤本監督「一発を打たれすぎている」　日本ハムに今季２７被弾,https://news.yahoo.co.jp/articles/ffbed4a95720e4c4c138a0a349b2719eac49d4d5,8/13(日) 16:36
dal,中日・柳が９回無安打無失点も快挙ならず！打線の援護なく延長戦へ　魂の１２１球で許した走者は３四死球と失策のみ,https://news.yahoo.co.jp/articles/4f099b7b37c5b4447cb64a2119f6fac6e501a801,8/13(日) 16:25
dal,花巻東－クラーク　同点８回に今大会初の降雨中断　クラーク応援団は雨中も応援続け球場大盛り上がり　「花巻」のコールも入れる,https://news.yahoo.co.jp/articles/b24b395a56b2063da791f47da8a75c34b4b048b0,8/13(日) 16:24
dal,ノア・清宮　新日本で連勝締め　タッグを組んだ大岩陵平をスカウト「自分と一緒にノアでやろう」大岩も受諾「強くなって帰ってくる」,https://news.yahoo.co.jp/articles/9492ba60df376eec82297e6e5e19065ee7aae386,8/13(日) 16:16
dal,亀梨和也が巨人－ＤｅＮＡの試合途中にグラウンド上で生歌唱パフォーマンス　連続でバク転披露し大歓声,https://news.yahoo.co.jp/articles/471f72cd7874e04c92a978137de98c8ba3975405,8/13(日) 16:14
dal,中日・福永が好判断？ノーノー継続へ難しい打球をあえて悪送球か　解説の吉見氏「福永はファインプレー」,https://news.yahoo.co.jp/articles/e32efd7b8622b35bc09eb65540db703023768b53,8/13(日) 16:11
dal,なでしこに迫る“次なる戦い”１０月にパリへの予選開始　アジア枠はたったの２　佐々木女子委員長、池田太監督の続投を明言,https://news.yahoo.co.jp/articles/d4db621e23dcd94fc62a523c8d82db9e957c16af,8/13(日) 16:10
dal,日本ハムが３カードぶり勝ち越し　マルティネスが先制２ラン、野村がダメ押し弾　上原は２勝目,https://news.yahoo.co.jp/articles/a1e1040189314bc62cd2e40014cff5afa0124c9d,8/13(日) 16:07
dal,【関屋記念】４番人気アヴェラーレが重賞初制覇,https://news.yahoo.co.jp/articles/605ef2edf2698ec6e1285ef7be116ff6954c2653,8/13(日) 16:07
dal,【小倉記念】３番人気エヒトが２馬身半差完勝で重賞Ｖ２,https://news.yahoo.co.jp/articles/690b558afd704acddb90ae258c9cea3060a49653,8/13(日) 16:07
dal,銀座キャバ転身の元欅坂・志田愛佳　近影の涼しげワキ見せが「カワユス」「セレブな生活」,https://news.yahoo.co.jp/articles/16cf8685e53f86d5213373a53f7b47aa83008f48,8/13(日) 16:01
dal,日本ハム・野村の１１号ソロで突き放す　“３者連続”逃し、１日遅れの１発,https://news.yahoo.co.jp/articles/c740a5752ca79799f857e059d72ca25243f21bef,8/13(日) 15:49
dal,狩野英孝、控室の様子がバレバレに　まさかの王子映り込みにファン「奇跡の３ショットｗ」,https://news.yahoo.co.jp/articles/2aa59525b44363e7721cdbab8a2bf774a3723e00,8/13(日) 15:45
dal,バスケＷ杯代表候補の渡辺飛勇が右腕の怪我で離脱へ「私の時間は終わった。日本、ありがとう」　２５日開幕の本番へ痛手,https://news.yahoo.co.jp/articles/854630a2c9f167a819f035d32993f49d647405cb,8/13(日) 15:44
dal,【競輪】和歌山Ｇ３にタレントの松嶋えいみ　「今までの最高配当は８万円」と明かす,https://news.yahoo.co.jp/articles/a6f6ce40675a0d8506f352a4a6aa18604438007b,8/13(日) 15:40
dal,假屋崎省吾氏が激変！２０キロ以上ダイエット成功を告白「糖尿病になってから薬飲むように」ほっそり「健康的に痩せたかった」,https://news.yahoo.co.jp/articles/993dba4680440c4539417a50d77747be6caeeea1,8/13(日) 15:37
dal,巨人・坂本のフェンス際飛球巡り、まさかの珍プレー　「観客の妨害があったためオーバーフェンスとせず」と二塁打で再開,https://news.yahoo.co.jp/articles/abeb24c76351b3f2f29bc95b6f9f0c4a5ddd0b3c,8/13(日) 15:36
dal,【ボート】平和島デイリー杯　盛り上がりを見せた本場のガラポン抽選会,https://news.yahoo.co.jp/articles/acc892f06c179d8de308eacda40eafda0ab85644,8/13(日) 15:34
dal,住吉りをん、ＳＰ６９・６３点で首位発進も「７０点台にのせたかった」　２位坂本花織、３位千葉百音,https://news.yahoo.co.jp/articles/2432470daba83685dcbbbebc98f79252f7771cdc,8/13(日) 15:30
dal,【競輪】和歌山Ｇ３で元阪神の糸井嘉男氏トークショー　初めての競輪に大興奮,https://news.yahoo.co.jp/articles/2e3e5d841b0066b35fb2aaf490bdc68b05733480,8/13(日) 15:28
dal,陣内智則「死ぬ前に１回戻るなら、あの瞬間」大失態悔やむ「オレにしかないやん！」,https://news.yahoo.co.jp/articles/2f52b8d5f81bfea251d52309334aa9b32f0379a5,8/13(日) 15:25
dal,少年院出身アイドル　ぴったりキャミ×赤メガネにファン「スゲー立体感」「異次元」まるで二次元,https://news.yahoo.co.jp/articles/0f24446b7f4384a60032cf7767c817c4948c204e,8/13(日) 15:22
dal,ツアー初Ｖ、菅沼菜々の好物は「うどん。年間３００食くらい」３番目の好物「おすし」はシーズン中は禁止,https://news.yahoo.co.jp/articles/70f3efb1314223dd959f188279bce6ec93ea8faa,8/13(日) 15:20
dal,巨人・ドラ１浅野がプロ２安打目　上茶谷から左前へクリーンヒット　塁上で右拳を突き上げる,https://news.yahoo.co.jp/articles/d97ef3b95bd0b5d7f46b5d9c4ac3b6e68ae597cc,8/13(日) 15:11
dal,ＴＢＳ若林有子アナ「推しの子」星野アイのコスプレが完成度高すぎ「ホンモノ以上にホンモノ」「アイドルになった方がいい」,https://news.yahoo.co.jp/articles/418563ec58ffbcd26d41ecf7fd5c7240bab47ffe,8/13(日) 15:11
dal,瀬戸大也がＳＮＳ上のデマ否定　性的画像など拡散に法的措置を検討「悪意を持って捏造された画像。悪質な嫌がらせ、看過し難い」,https://news.yahoo.co.jp/articles/747f1fbfd60be8f17de20edbda97f3ac3b840cb2,8/13(日) 15:03
dal,ピアノＹｏｕＴｕｂｅｒよみぃ、ＴＥＰＰＥＮでアイドルに敗れ、ファンに自制求める「ｄｉｓるのは俺だけ」,https://news.yahoo.co.jp/articles/a697942abac64097ba7d1d43b2b2fc92deae8e7a,8/13(日) 14:52
dal,テレ東・池谷実悠アナの高校時代が「綺麗すぎ」「モテたでしょ」セーラー服ツインテ　学校名も公表「優秀！」,https://news.yahoo.co.jp/articles/539bb97cceae99f71059a1fb704262bc28cb77ba,8/13(日) 14:46
dal,阪神の新外国人、ブルワーが２軍戦で来日初登板　１回無安打０封２Ｋで上々の“日本デビュー”,https://news.yahoo.co.jp/articles/2e213187a2130911f85189a9d87c93e9e8ededb3,8/13(日) 14:41
dal,上沼恵美子　英ヘンリー王子をボロカス「人生なめてる」４年ぶりに来日　神戸牛に舌鼓「最初からご馳走食べ過ぎや」「刺激のあることしすぎ」,https://news.yahoo.co.jp/articles/aa99aa0198259891bc92ff886df19e7e13810dad,8/13(日) 14:39
dal,巨人、初回からビックイニング　長野３年ぶり三塁打からブリンソン満塁弾＆大城卓ソロで一挙６点,https://news.yahoo.co.jp/articles/b06a3773cc4a4f6e130658dec235c1cd3583a494,8/13(日) 14:25
dal,「同性婚」の吉本坂・マサルコ「男同士だからやっぱ目立つよね」おそろいタキシードでウエディングフォト,https://news.yahoo.co.jp/articles/0fc0eb952e9eacc793f97aec66be4a4beadb0486,8/13(日) 14:23
dal,バスケ・田臥勇太＆元ラグビー日本代表・福岡堅樹が始球式,https://news.yahoo.co.jp/articles/d303574c12fbdc08df673067ea0b13eef8a00040,8/13(日) 14:16
dal,“ミスター完投”徳島商の森煌誠、傷だらけの１５５球完投　１８安打１２失点も徳島大会から全６試合完投,https://news.yahoo.co.jp/articles/1b53e0452f5d0c7ab0f3693e490864d8a408f859,8/13(日) 14:13
dal,阪神がスカウト会議　岡田監督は高校生の育成に意欲,https://news.yahoo.co.jp/articles/4d3d5bcbb13af8b36fa73705320795bf417e8c75,8/13(日) 14:04
dal,坂本花織、今季初戦は６７・２８点で２位発進　新ＳＰ「コウノドリ」披露は「ずっと緊張しっぱなし」「夏休みの宿題みたいに」,https://news.yahoo.co.jp/articles/13990f8461b4f21e5a22ca953222acb96cfbef0e,8/13(日) 14:02
dal,日本ハム・マルティネスが先制１４号２ラン「いつもより気合い入ってた」　１１日に敗戦につながる捕球ミス　汚名返上の１発,https://news.yahoo.co.jp/articles/670c9c7fb8b5a31db0d33229216b375812bab990,8/13(日) 13:57
dal,智弁学園　猛打で圧倒もどうした？同校最多１試合７失策　小坂監督「予選では２つしか。雑になっていた」,https://news.yahoo.co.jp/articles/d3d86ab706ebd756168ec2a73c51ccf57c72cd3f,8/13(日) 13:54
dal,菅沼菜々がＰＯ決戦制し初優勝！“善戦マン”とおさらば悲願達成　神谷そらが２位、原英莉花は復調気配１１位,https://news.yahoo.co.jp/articles/59a3481ee9c8e5c5397076f84f1fc211650de050,8/13(日) 13:47
dal,藤浪晋太郎、３試合連続登板機会なし　オリオールズは延長戦勝利で貯金２７　首位の座がっちりキープ,https://news.yahoo.co.jp/articles/a0430e5a99149dd11c870ca378877e3764345110,8/13(日) 13:40
dal,智弁学園が猛打爆発で徳島商を圧倒　１８安打１２得点で奈良県勢春夏通算１５０勝、夏通算９０勝の区切り星　守備は７失策も,https://news.yahoo.co.jp/articles/aa409ff7816f5c2ef65ac564014efef4004cb408,8/13(日) 13:33
dal,今季最長となる５時間１６分の死闘を制した阪神が一夜明け、２日連続の早出特打,https://news.yahoo.co.jp/articles/cac42cb2febabfd1fe770ed3d6f538a29db022ce,8/13(日) 13:30
dal,フジ杉原千尋アナ、芸能人「お金払ってる」発言に撃沈　「夢」の格差にショック,https://news.yahoo.co.jp/articles/58ba89e6a1f148fa92d3d108bbd66150e9a917bd,8/13(日) 13:23
dal,巨人　ドラフト１位・浅野がプロ２度目のスタメン　１１日にプロ初安打をマーク　先発はメンデス　ＤｅＮＡ戦,https://news.yahoo.co.jp/articles/b671808c2f9d0c5ee64696f53c0f6e227acec529,8/13(日) 13:20
dal,１９歳２児の母モデル「産後とは思えない」「スタイル良すぎ」薄着＆肌見せ姿に衝撃走る,https://news.yahoo.co.jp/articles/995df73351bdd7b0b6e8b22d120ab90854287f97,8/13(日) 13:17
dal,今季からシニア本格参戦の千葉百音、ＳＰ６６・０２点　３日連続演技で「感覚つかめてきた」　１４日フリーは「台風がこないうちに」,https://news.yahoo.co.jp/articles/461263db6811007ae0bcd7471b95734943f22551,8/13(日) 13:05
dal,和田アキ子、自民女性局フランス研修「子どもより子どもっぽい」事後説明納得いかずぶ然,https://news.yahoo.co.jp/articles/92afb0b2d57f18b4447b268b86849e3b892d0874,8/13(日) 13:03
dal,ＳＫＥ４８熊崎晴香　初写真集は「１００万馬券の喜び」乗馬カットやほろ酔いカットなど見どころ満載,https://news.yahoo.co.jp/articles/85888bd3fd04e4b57c95eb9b6194d86505f18136,8/13(日) 13:03
dal,元仮面女子がＢＤ参戦で暴走　水ぶっかけ、ペットボトル投げに髪掴みも黒ギャルに無残ＫＯ　それでも「私の方が数字ある」,https://news.yahoo.co.jp/articles/afc25521074373420cbf80a51ee33518beaa0e84,8/13(日) 12:50
dal,ルーキー小林美駒が６勝目マーク,https://news.yahoo.co.jp/articles/e5841d070ba95eb0c1f743ca59124bec704fa523,8/13(日) 12:37
dal,【競輪】和歌山Ｇ３　最終日３Ｒで３連単、３連複が不成立　返還額は約２７２１万円,https://news.yahoo.co.jp/articles/4a4d376b3b9257d2a25a844050f68bd45081e422,8/13(日) 12:11
dal,大谷翔平、プレーオフ進出確率１％　２戦連続投壊で崖っぷち　残り４４試合に望みをかける,https://news.yahoo.co.jp/articles/c30f90d8130717cf807ac4e37fcf3bead10d210c,8/13(日) 11:49
dal,智弁学園が超速攻の同点劇　４球で４安打　犠飛もあり三回一挙３点奪う,https://news.yahoo.co.jp/articles/2b8dad8630a899a3035746d7565f2616c2ace614,8/13(日) 11:44
dal,古田新太、劇団☆新感線入りの超強引な経緯！「『出してくれ』って１回も言ってない」名前間違いも,https://news.yahoo.co.jp/articles/8d6b848af0a4524db7f3ca4f8f53dd1464d1c1b0,8/13(日) 11:34
dal,高知中央ＯＢ「ＭＡＣＫ　ＪＡＣＫ」が母校へエール　２回戦敗退も「楽しさ伝わってくる」,https://news.yahoo.co.jp/articles/07cebf8a23e674ab3320edf2cc9cc2fbb3eb1cf2,8/13(日) 11:11
dal,菅沼菜々は悲願の初優勝なるか　神谷そらが１差接近　女子ゴルフ・最終日,https://news.yahoo.co.jp/articles/771b33b42e896e56b7fbed8594adf9082e3ab94c,8/13(日) 11:07
dal,履正社・多田監督　２戦連続弾など打線けん引の４番森田を称賛「プロで活躍している選手と同等かそれ以上の結果出してくれている」,https://news.yahoo.co.jp/articles/9014003926fcb76f6b5d8915f275d8604b8995b0,8/13(日) 11:03
dal,阪神・ノイジーの“ガム膨らまし弾”に期待　伝統の一戦で見せた予想外のシーン,https://news.yahoo.co.jp/articles/7ef3ce02eb3a53c15fffde96e639280ba7379845,8/13(日) 11:00
dal,ダイアモンド・ユカイ、妻と別居は長女が超有名コーチに師事するため！五輪目指しシンクロ修行中,https://news.yahoo.co.jp/articles/a5673319b9ce31cf50109a9cb24844ce76ae2589,8/13(日) 10:59
dal,大谷翔平、遠い４１号　今季ワースト８戦本塁打なし　エ軍は大敗　ブレーブス・オルソン４２号で両リーグトップからは陥落,https://news.yahoo.co.jp/articles/e5b231234aebc612126d1a041235d3143f8f64cd,8/13(日) 10:51
dal,初出場の高知中央は２回戦で敗退　履正社の長打攻勢に屈す「大きな打球を打たれて動揺したかもしれない」,https://news.yahoo.co.jp/articles/c70905a2490a15148deadd33d20e2a9151f9f8e1,8/13(日) 10:35
dal,高知中央１年生左腕・横山がハエが止まるようなスローカーブ披露　履正社３番近沢から三振奪い球場喝采　球速表示は４６キロ,https://news.yahoo.co.jp/articles/acf3f02565114153175ced8383b3a15414953263,8/13(日) 10:16
dal,履正社が猛打で高知中央を圧倒　１５安打１０得点　４番森田が２試合連続弾含む３安打２打点　３回戦で連覇狙う仙台育英と激突,https://news.yahoo.co.jp/articles/b36cdd2c64a47c8f45040097abb9b2d0bce8dcd0,8/13(日) 10:07
dal,なぜ阪神・岡田監督は六回の木浪の併殺打を高評価したのか　発言の真意と思惑に迫る,https://news.yahoo.co.jp/articles/f5cfc1e29151b622e8817ea6b51d656520acae02,8/13(日) 10:00
dal,大谷翔平　超高速１９０・４キロの弾丸二塁打！チーム劣勢の中、気を吐く一打も本塁打あと一歩　３３打席ノーアーチ,https://news.yahoo.co.jp/articles/af5d0728a227561bd740fb71ba1f395d6c11570f,8/13(日) 9:56
dal,大谷翔平所属エンゼルス　アンダーソンが５回途中７失点ＫＯ　デトマーズに続き２試合先発大炎上　大谷は第３打席にフェン直二塁打,https://news.yahoo.co.jp/articles/a08e6bc4781c6bdeeb6517b67fed810a4d877557,8/13(日) 9:50
dal,橋下徹氏、日大アメフト部の処分解除「賛成」スポーツ界にはびこる「連帯責任」論「とんでもない」,https://news.yahoo.co.jp/articles/a772bf2779edcbd773b4dbddccbf2d96cda8fbaf,8/13(日) 9:41
dal,【サンモニ】落合博満氏、リプレー映像なしサヨナラに制度の不備指摘「あっちゃいけない」,https://news.yahoo.co.jp/articles/a06659f2ee91c857bbe63bddd8ce09ce070fbb39,8/13(日) 9:23
dal,黒光りムキムキ“無職最強ボディビルダー”がＢＤ参戦で“傾奇者”圧殺「裏で腕立て」バラされ激怒　朝倉未来も思わず笑う戦いぶり,https://news.yahoo.co.jp/articles/8371cc7ab854f2aece5307383adb75c408f01438,8/13(日) 9:06
dal,履正社・４番森田大翔が圧巻パワー　先制打＆２試合連続弾　初戦鳥取商戦では先制３ラン,https://news.yahoo.co.jp/articles/eae84e02785d28f78fd8cedbc72382d3d0ee5667,8/13(日) 8:35
dal,畑岡奈紗は９位で最終日へ　「６打差以内ならまだまだチャンスある」悲願のメジャー制覇へ　ＡＩＧ全英女子オープン,https://news.yahoo.co.jp/articles/eb7c47f87b392bf09870651a74232156c22fe54c,8/13(日) 8:33
dal,西村優菜は１７位で最終日へ　３日目は「根性で乗り切った」　終盤３ホールはイーグル＆２バーディ締め　ＡＩＧ全英女子オープン,https://news.yahoo.co.jp/articles/d98c1bdaf3d45bc4a3be49007788969e1397dbe0,8/13(日) 8:33
dal,広島・秋山　右下腿ヒラメ筋筋損傷で抹消　復帰見通し立たず　指揮官「どれぐらいか分からない」,https://news.yahoo.co.jp/articles/5718541283c56cfbfdd23f31069d2a1eb216e767,8/13(日) 8:00
dal,超特急マサヒロ　踊りすぎて衣装破損「赤いパンティー見られた」,https://news.yahoo.co.jp/articles/669b268bc498ab2a99c9b3d5a36f3ab942b3141d,8/13(日) 8:00
dal,森下も飲み込まれた　カープ今季ワースト５連敗　新井監督“家族”一体「悲観することはまったくない」,https://news.yahoo.co.jp/articles/b8818dd20bb05c71ca564620c32a33c4670b3eb0,8/13(日) 6:00
dal,岡義朗氏　阪神の強さの要因は岡田野球の浸透,https://news.yahoo.co.jp/articles/2b18ff82cb46a9eb972b51424c726da9b4b23a7c,8/13(日) 6:00
dal,【新馬戦】レアリゼアンレーヴ 鋭く伸びた　武豊も称賛「優等生だね。なかなかいい決め手」,https://news.yahoo.co.jp/articles/4a89cc5daee91c05f05e02fb218e55cc116dbae7,8/13(日) 6:00
dal,小林美駒　喜び爆発！地元・新潟で４馬身差初Ｖ「新潟で勝ちたかったので本当にうれしいです」,https://news.yahoo.co.jp/articles/37f287fc4d7ba370fce5e2403507b2974b156800,8/13(日) 6:00
dal,【新馬戦】キャプテンネキ 後続振り切った　ＪＲＡ通算１４００勝の戸崎圭「追って味がある」,https://news.yahoo.co.jp/articles/0638268ccb6bf2b1384ebd4f6f8658217d227bb7,8/13(日) 6:00
dal,古川奈穂　３開催日連続勝利で２３年ＪＲＡ１６勝目「枠が外めだったのは良かったです」,https://news.yahoo.co.jp/articles/accb70f5afe03e885d7d0e920bb5c3b8c7dec511,8/13(日) 6:00
dal,バスラットレオンはコリアスプリント招待受諾　シャマルは辞退,https://news.yahoo.co.jp/articles/8a3640099297fc8379582d65a51b7459083e18ef,8/13(日) 6:00
dal,【新馬戦】セイウンデセオ　鮮やか逃げ切りに今村聖奈「言うことなしですね」小倉２歳Ｓを視野に,https://news.yahoo.co.jp/articles/a2ffe9344e613120d3b4f6cf82bff785fa78e237,8/13(日) 6:00
dal,【新馬戦】アイタカ　直線伸びて差し切りＶ　河原田菜々７勝目「いい抜け出しをしてくれました」,https://news.yahoo.co.jp/articles/edbc8584c15b75854dd9fc80dd7e2a9ffff9bee9,8/13(日) 6:00
dal,【阿蘇Ｓ】キングズソード 直線イン一気！ オープン連勝に寺島師「もっと上積みがありそう」,https://news.yahoo.co.jp/articles/6d661b8099e190fb617a43fadc77d954f4ddba02,8/13(日) 6:00
dal,【新馬戦】イクイノックス半妹ガルサブランカ　１番人気に応えＶ　ルメール「走りが軽いのは似ている」,https://news.yahoo.co.jp/articles/695c756d5d53514286661e8b25d0280d2d150c7a,8/13(日) 6:00
dal,大谷翔平、「2番・DH」で出場　8戦ぶりアーチで今季自己ワースト阻止に期待　オルソンが大谷超え42号,https://news.yahoo.co.jp/articles/0617cbfbdbc06c73b9b9b5b79852aa2d4c2d5bab,8/13(日) 5:52
dal,大谷翔平ついに抜かれた　同世代オルソンが2打席連発41、42号　直近15戦10発量産態勢　ナ・リーグ二冠独走,https://news.yahoo.co.jp/articles/8c0d5179ce82c84d17d6f0493299bcf7c18fc28f,8/13(日) 5:28
dal,かみじょうたけしが見た　八戸学院光星・中沢恒貴との一枚の写真　甲子園での縁とは,https://news.yahoo.co.jp/articles/9855dd13c6dd643b206e47ff10b16b8c66713f22,8/13(日) 5:00
dal,トニセン「喫茶二十世紀」１１・１オープン　昭和の色気リスペクト　デザイン、メニューこだわって開発,https://news.yahoo.co.jp/articles/9671c4ba71da5bc771a0eface9266e14cffa5376,8/13(日) 4:00
dal,ロッテ・沢田　１５６３日ぶり白星　オリックスから移籍後初「まだまだいける」,https://news.yahoo.co.jp/articles/dcf08918949b406e924db5a36c2a90c807eba0ec,8/13(日) 2:00
dal,楽天　２日連続ドタバタ劇　１１日は用具到着遅れ→１２日は遅延発表後に天候回復せず中止,https://news.yahoo.co.jp/articles/87c9e56fab2ebf9e0afc88617a3a3a57c66c0e8a,8/13(日) 2:00
dal,日本ハム“ＭＫ砲”で大勝！万波連発＆清宮特大弾　新庄監督「夢しかないホームラン」,https://news.yahoo.co.jp/articles/a3d5dfc36363b3830a1229212ede6380ce0a4d51,8/13(日) 2:00
dal,ＤｅＮＡ・牧　新人から３年連続２０発　史上６人目の快挙「自信になる」,https://news.yahoo.co.jp/articles/2e793911b26af2890f19dd289809cf86b3125ec4,8/13(日) 2:00
dal,巨人・原監督　コンタクト外して采配「はっきり見るより半眼的な形で」,https://news.yahoo.co.jp/articles/d821257ab4437ff9a3334ecd1e9d5c6b8d88d9e7,8/13(日) 2:00
dal,巨人・山崎伊　快投９勝目！八回途中１失点　連敗４で止めた「初回から全力で」,https://news.yahoo.co.jp/articles/450842714d348e611f1bbeefc98fa3eca6993164,8/13(日) 2:00
dal,阪神・近本　夏虎の“守役”！連夜の大飛球キャッチ＆セ独走１９盗塁　８月好調打率・３２７,https://news.yahoo.co.jp/articles/c982a241042d12dae472c452b065de3553438aa5,8/13(日) 2:00
dal,阪神・佐藤輝　プロ初サヨナラ打　夏ロード球団最長９連勝！今季最大２位と７差＆最多貯金２３,https://news.yahoo.co.jp/articles/7942a5de24f4aeb1e3c5b1e23226805551a89fba,8/13(日) 2:00
dal,阪神・岩崎　決死の満塁斬り！自己最長タイ１８戦連続０封　１死満塁から山田＆中村連続三振,https://news.yahoo.co.jp/articles/52313c153b65379dd51a8fa669cf3684c9006ce5,8/13(日) 2:00
dal,阪神・岡田監督　執念の奇襲！劇勝呼んだ鉄壁継投＆坂本セーフティースクイズ,https://news.yahoo.co.jp/articles/37d00e2f24c06ce065c4937d1ccd66021d055699,8/13(日) 2:00
dal,神谷そら　驚がくコースレコード６１！ ７４位→２位急浮上「恐ろしい」気分転換の競馬観戦が奏功,https://news.yahoo.co.jp/articles/681dee27286d7e886828af4c9942d9ca4a5b33b3,8/13(日) 2:00
dal,八戸学院光星・洗平　完封！２年生エース堂々１３５球　父・兄と同じ番号背に聖地１勝,https://news.yahoo.co.jp/articles/f2c7003bbbd8596cdc98ebaf0f4064f7570df9ff,8/13(日) 2:00
dal,ノースアジア大明桜・吉野　目指すはキックボクシング現役世界王者の姉も活躍する世界の舞台,https://news.yahoo.co.jp/articles/7f7d0ae852b65746f6fcb3d6a931ef4ce4875276,8/13(日) 2:00
dal,仙台育英　２番手・湯田が好救援！勝利呼んだ４回１／３無失点「流れを作りたかった」,https://news.yahoo.co.jp/articles/f66d74abcd45634de46c994600fa50c562ff1f7f,8/13(日) 2:00
dal,菅沼菜々　３打差で悲願の初Ｖに王手「２打も３打も４打も差がないようなもの」大まくり警戒,https://news.yahoo.co.jp/articles/22569bf775a2bd72355982031187d0ecea19dc00,8/13(日) 2:00
dal,ドラフト候補目玉は花巻東・佐々木麟　広島・白武スカウト部長「ものが違う」,https://news.yahoo.co.jp/articles/7b087adde5faedaca6ac64611e9aba593588635e,8/13(日) 2:00
dal,なでしこジャパン帰国　宮沢台頭　池田体制続投でパリ五輪メダルへ　主将・熊谷「悔しさは次の舞台に」,https://news.yahoo.co.jp/articles/31511d80ae276d521b684c3e69df807752517b88,8/13(日) 2:00
dal,神戸　大迫ＦＫ弾で堅首も…後半に負傷交代　左太もも付近痛める　吉田監督「曖昧なことは言えない」,https://news.yahoo.co.jp/articles/68cb01fc64babdd18ebdf471900dd08dac3b2052,8/13(日) 2:00
dal,ＭＡＣＫ　ＪＡＣＫ　甲子園出場の母校にエール　高知中央高校野球部ＯＢ「履正社にも勝てると信じています」,https://news.yahoo.co.jp/articles/550f86f822f579eb59729bcf55220679dd9c7963,8/13(日) 2:00
dal,ＴＯＫＩＯ城島　体調不良でＭＣ番組出演取りやめ　ジャニーズ事務所「数日で復帰できる」,https://news.yahoo.co.jp/articles/b89e3dba28858d42871c927e1b0c57ad4eae0656,8/13(日) 2:00
dal,「ＥＸＩＬＥ　Ｂ　ＨＡＰＰＹ」お披露目　ＬＤＨアベンジャーズだ！子供たちの夢を後押し,https://news.yahoo.co.jp/articles/80d2e13785eb9c78f1ec4d5aaddd7d68902f22ef,8/13(日) 2:00
dal,ＥＢｉＤＡＮ　次なる目標は「世界進出」年に１度！１１組７１人が集結「前略、道の上より」ライブ初披露,https://news.yahoo.co.jp/articles/48a6d087fdc8ab77fbd41ac5e3ad18e4d348afdf,8/13(日) 2:00
dal,誰？山本美月、女優感ゼロのオフ姿　美貌凄いけどちょい別人「前髪なし新鮮」「ギャーー」「超絶可愛い」,https://news.yahoo.co.jp/articles/3cc7dc188d7e8a8517a37e1db6cf109ab1726a58,8/13(日) 0:12
dal,阪神・岡田監督　５時間１６分の激闘を制し「もう、あんま覚えてないですね」「ポイントはどこか分からない（笑）」,https://news.yahoo.co.jp/articles/92f57c68368cb389dce262776ae069424476e8d0,8/12(土) 23:59
dal,阪神ファンの熱狂やまず！球団史上初のロード９連勝に「今日の夜更かしは許す」「サンテレビ大好き！！」「また日替わりヒーローや」,https://news.yahoo.co.jp/articles/1ba4bd3c5c0a6c28a33831ccf5f9ecafbf178819,8/12(土) 23:43
dal,阪神・佐藤輝　プロ初のサヨナラ打に「勝ちで終わらすことができてよかった」「最高の結果になった」,https://news.yahoo.co.jp/articles/952ed3947d091d6a6be6abc5b88ca754b0cf898e,8/12(土) 23:34
dal,「最高の教師」鵜久森に衝撃　秋の文化祭は知らないはず、九条の「回収」推理も「おかしい」「なぜ知ってる？」２でも不自然,https://news.yahoo.co.jp/articles/a0a89dd8bf9852e0e8310ff8096ce1b800413096,8/12(土) 23:25
dal,阪神がサヨナラ勝ちで球団史上初のロード９連勝　２位との差は今季最大の７ゲーム差に　貯金は今季最多の２３,https://news.yahoo.co.jp/articles/59802134f39194ebda615bccc8d07ab61fc4dff9,8/12(土) 23:21
dal,川崎の鬼木監督、首位・神戸に敗れ「優勝争いから後退したという事実はある」,https://news.yahoo.co.jp/articles/ecfd5c70b4f086a77e23eec301ef5ea3ce3913a7,8/12(土) 23:13
dal,なでしこＪ帰国　今大会５得点の宮沢ひなた「この悔しさを忘れることなく」約３５０人が出迎え,https://news.yahoo.co.jp/articles/5d199570f8867d5eaf984a7a8f293686ebdf44bf,8/12(土) 23:10
dal,ロッテ　沢田が１５６３日ぶり白星　「１イニングをしっかり投げ切れたのが一番よかった」,https://news.yahoo.co.jp/articles/31554be6cc49fd3ccb90dc3f787785905bebd77a,8/12(土) 23:08
dal,黒木メイサ３５歳　黒のショーパンコーデが美ライン　健康的な長い足「凄すぎる」「無駄な脂肪ない」「ひえええ」,https://news.yahoo.co.jp/articles/4cf97f83c65d4005a6484019468f9ef9b9221dc7,8/12(土) 22:48
dal,日本ハム・伊藤“イケイケどんどん”で１カ月ぶり勝利　気を引き締め「たかが１回いいピッチングをしただけ」,https://news.yahoo.co.jp/articles/e5f8d04348e34f1c75ab5f71a00ceb8fe2e70058,8/12(土) 22:46
dal,なでしこジャパン帰国　主将の熊谷紗希「悔しさは次の舞台にぶつける」　約３５０人の出迎えには「正直ビックリ」,https://news.yahoo.co.jp/articles/0de9a9e61e7d807feefe05075c4a1216c1297d98,8/12(土) 22:40
dal,サッカーＷ杯８強のなでしこジャパン帰国　ファン、サポーター３５０人が羽田空港で出迎え,https://news.yahoo.co.jp/articles/a10c1d95ee9a60e3831bd93f232b180173c314d9,8/12(土) 22:15
dal,ダウンタウン　苦情殺到「２４時間」電動ドリル＆火炎噴射で頭攻撃→謝罪映像　徳光が内情「反省してなかった」,https://news.yahoo.co.jp/articles/9c6e41065ce5607b0129a9ab5643f916bcc469fc,8/12(土) 21:59
dal,日本ハム・新庄監督「夢しかないホームランありがとう」万波の２打席連続弾と清宮の特大弾に感激,https://news.yahoo.co.jp/articles/98987694bd55acc57f5e72a0e3f3eaad00b9e7be,8/12(土) 21:54
dal,内藤哲也、必殺デスティーノで激闘に終止符　オカダとの優勝戦に「答えはもちろトランキーロ！あっせんなよ！」,https://news.yahoo.co.jp/articles/71fb1542249af6a84b83653de7c70a29c699857e,8/12(土) 21:47
dal,ソフトバンク　最下位の日本ハムに３被弾で完封負け　藤本監督「いろいろ考えてやります」,https://news.yahoo.co.jp/articles/3cce3ec12be7758957c1367530348e52f4af9703,8/12(土) 21:34
dal,「ＶＩＶＡＮＴ」善悪判別ジャミーン、野崎を「悪」拒絶のドンデン返し説も　なぜか２人の対面なく不気味　公安刑事の正体は,https://news.yahoo.co.jp/articles/5a593fa8427f54a9b0b537462437ae986b395908,8/12(土) 21:30
dal,日本ハム・新庄監督がドヤ顔　前回叱責した伊藤大海の快投を予言し　「言ってたでしょ？今日はピッチングするって」７回無失点で６勝目,https://news.yahoo.co.jp/articles/11eaddd8bd3c5e01db0498684bc83e10bf5e8a47,8/12(土) 21:25
dal,オカダ・カズチカ　ＥＶＩＬらの金的攻撃に耐え、３年連続決勝進出「あと一つ」　Ｇ１　ＣＬＩＭＡＸ３３,https://news.yahoo.co.jp/articles/28e379d9b3d328f7a5b22dc1603c94bb32af7140,8/12(土) 21:10
dal,西武・松井監督リクエストも、有効なビデオ見つからず…逆転サヨナラ負け　タッチアップのタイミング巡りリプレー検証も,https://news.yahoo.co.jp/articles/478aeb4a5e2a31af4968971dc3815221897e43f5,8/12(土) 21:05
dal,日本ハム　万波＆清宮“ＭＫ砲”競演　伊藤は１カ月ぶり６勝目,https://news.yahoo.co.jp/articles/b6b0e5b66869cfcbc106676da784b052e67241cf,8/12(土) 21:02
dal,スケートボード・西矢２位で涙「すごい悔しい」　最終滑走者に逆転許す,https://news.yahoo.co.jp/articles/13ef861cee79feb24e4899523f483c043d054259,8/12(土) 21:01
dal,ロッテ、鮮やか逆転サヨナラ勝利　九回にベテラン荻野が決めた　ＴＪ手術乗り越えた澤田が移籍後初勝利,https://news.yahoo.co.jp/articles/f55fb46cbc1a21fc9bf1e8cf36d58f35e4820cd6,8/12(土) 20:54
dal,阪神がセーフティー返しで同点に追いつく　やられたらやり返す　坂本が値千金の仕事　倍返しはならず,https://news.yahoo.co.jp/articles/12e389c3d88cf554d2ee404dc0be90402a444c29,8/12(土) 20:50
dal,神戸・ＦＷ大迫、先制の直接ＦＫ弾も負傷で途中交代,https://news.yahoo.co.jp/articles/d93f7d5c90bc20a468a6ee14b174bf07bc8bf633,8/12(土) 20:45
dal,日本ハム　伊藤が７回６安打無失点で６勝目　前回降板後には新庄監督が「ピリッとしないと」とゲキ,https://news.yahoo.co.jp/articles/8b38e3ca2ce9d101e6c732a7da108cc0a301c353,8/12(土) 20:33
dal,ソフトバンク・高橋礼は５回６失点ＫＯで今季初勝利ならず「しっかり受け止めないといけない」と猛省,https://news.yahoo.co.jp/articles/c3cdf03757fb71a4b0297c483721921e9f362992,8/12(土) 20:28
dal,【小倉＆新潟の危険な人気馬】マリアエレーナ　小倉１１Ｒ,https://news.yahoo.co.jp/articles/4473c0114cf99ee9a6a5549a5f19ae97cfe01baf,8/12(土) 20:24
dal,花巻東・佐々木麟、聖地初アーチなるか　智弁学園打線ＶＳ本格派右腕の徳島商・森【８日目見どころ】,https://news.yahoo.co.jp/articles/aaf1e100a93efddb8290cfd7e9abda71530e0736,8/12(土) 20:23
dal,「ダウンタウンｖｓＺ世代」最大悲鳴　昭和電車トイレの便噴射＆洗濯物被害に震撼「マジか」「水ダウの嘘じゃないのかｗ」,https://news.yahoo.co.jp/articles/fefb1de6adc99a60301fb329ff4a5a5f5477c0a3,8/12(土) 20:18
dal,聖光学院・小室「負けたくない」　７回１２２球の力投も、立ち上がりの力み悔やむ「仙台育英は甘い球逃さない」,https://news.yahoo.co.jp/articles/1c3be8de8ed82fecb69d6a0eeb1046fa375e940b,8/12(土) 20:13
dal,仙台育英・須江監督「継投の遅れだけしないと何十回も自分に言い聞かせた」早めの継投策の意図明かす,https://news.yahoo.co.jp/articles/377bfd6c6f4c24c7d98d5a4635dfd4ebfdcba1df,8/12(土) 20:08
dal,２日連続でバント安打を許し、勝ち越された阪神にファンがいら立つ　「ヤラれすぎやろ」「記録に残らないエラー」「打てないなら守ろう」,https://news.yahoo.co.jp/articles/4a97ed1f7a162e4dad4b80bfac77f06b052bc574,8/12(土) 20:05
dal,阪神・青柳が押し出し四球＆暴投などで勝ち越し許す　制球難が顔をのぞかせ５回３失点で降板　復活の道険し,https://news.yahoo.co.jp/articles/fd411636228d9536267a12e5973eeb9c04cd491b,8/12(土) 19:47
dal,聖光学院、終盤まで食らいつくも仙台育英にリベンジならず　斎藤智也監督は「２得点では勝ちようがない」と相手投手に脱帽,https://news.yahoo.co.jp/articles/6b69fae320a206c86bbe2503b2009b31bc7d4d67,8/12(土) 19:43
dal,日本ハム　清宮、万波２者連続　万波は２打席連続　“ＫＭ砲”一発攻勢,https://news.yahoo.co.jp/articles/9120e6a7abad83f178a94e3091421702cfe15cb5,8/12(土) 19:41
dal,楽天・石井監督　雨天中止に「しょうがないですね」,https://news.yahoo.co.jp/articles/5ab2798bad9e68c2458cea2652cd6ccc046337c5,8/12(土) 19:41
dal,吉岡里帆３０歳　ヤギにスカート食べられ悲鳴姿が美少女　雰囲気ガラリ、白Ｔ＆ピンクに「少女感かわいい」「１８才！」,https://news.yahoo.co.jp/articles/d0f51543729b13a33a853809ba1712287aad299a,8/12(土) 19:33
dal,ＥＸＩＬＥ松本利夫　「Ｃｈｏｏ　Ｃｈｏｏ　ＴＲＡＩＮ」ダンスでＧＫ幻惑しゴール！川崎－神戸で始球式,https://news.yahoo.co.jp/articles/3aaa1a62aa08b76a00a25196a14fc7c9e9d94d19,8/12(土) 19:29
dal,ヤクルト　代打の神様・川端が１週間ぶりのスタメン　５年ぶりの犠打　打線は１点返す,https://news.yahoo.co.jp/articles/e33649051a5ebd1ae500110f6d06ab2784f7a9ef,8/12(土) 19:06
dal,日本ハム・万波　確信の１７号先制２ラン「ど会心です！」清宮の安打に続いた,https://news.yahoo.co.jp/articles/f59b7a6139be00532a5396958ae4777f46c0bdf8,8/12(土) 19:03
dal,「トリリオン」吉川晃司５７歳　１８５ｃｍ目黒蓮と並んでも凄いスタイル　互角「足ながっ」「めめに負けない」,https://news.yahoo.co.jp/articles/481935780509fa90bdc5a0414bf27947b4a664a5,8/12(土) 19:02
dal,２日続けての“トラブル”に楽天ファンがイライラ　「判断遅すぎる」「ファンのこと考えて」　一方で「仙台育英勝ったから許す」とも,https://news.yahoo.co.jp/articles/d6d4b04ebb8485ce12de9927ca858573d87b31a3,8/12(土) 19:02
dal,巨人・原監督　勇退の東海大甲府・村中監督労う「高校野球指導者として素晴らしい野球人生」　東海大相模の同級生,https://news.yahoo.co.jp/articles/72b7fe1b466b14d414ad66d284dc085c4bd92769,8/12(土) 18:59
dal,試合開始遅延予定の楽天－オリックス戦は雨天中止　前日は１時間４６分遅れで試合開始のハプニング,https://news.yahoo.co.jp/articles/eaad65f0b65b82f6affded0172ae855d14c2d441,8/12(土) 18:48
dal,連覇狙う仙台育英が３回戦進出　後半、聖光学院を突き放す　宮城県勢８０勝目　須江監督、夏１０勝目,https://news.yahoo.co.jp/articles/0ed6f2fa46b9fb4ab0a21b82912a21182a904628,8/12(土) 18:48
dal,ＮＭＢ４８の小嶋花梨が阪神戦で始球式　球場の四方に深々と頭を下げる律儀さ　自己採点は「８０点」,https://news.yahoo.co.jp/articles/fd1b9c8b94833a9d88838aab15d40c4a5e74efd7,8/12(土) 18:33
dal,今季最長タイ９連勝へ岡田阪神が好発進　初回　２盗塁で揺さぶって先制　勝てば球団史上初のロード９連勝,https://news.yahoo.co.jp/articles/c66bc7b1508281e402417b008b3d893e5fb0e205,8/12(土) 18:31
dal,広島・新井監督、阪神とのゲーム差６・５に開くも「まだまだチャンスがいっぱいあるでしょ」,https://news.yahoo.co.jp/articles/20ebba6dde8b81ea655b256661123813e5870254,8/12(土) 18:27
dal,サッカーＷ杯ベスト８のなでしこジャパンが帰国　成田空港に約３００人のファンが出迎え,https://news.yahoo.co.jp/articles/25c8704a0c3165bca9b93f0d973302bbe071bec6,8/12(土) 18:23
dal,松本人志、ピンチに陥った時の浜田雅功の行動に「ウソやん」まさかのプレーに衝撃＆爆笑の思い出,https://news.yahoo.co.jp/articles/4cc0dd436c8fc73f83855df01997d545d6bbeb34,8/12(土) 18:17
dal,げんじぶ　メンバー総出演ドラマで女性たちを沼らせる「ぜひ沼っちゃってください！」,https://news.yahoo.co.jp/articles/0905ff360b86a1dd8dd69d4fa70777854f3aa2d8,8/12(土) 18:15
dal,阪神・近本が２試合連続でファインプレー　右中間への大飛球を懸命の背走から好捕　青柳を救う,https://news.yahoo.co.jp/articles/0ae8c8b161385a37835b818e8eeabca5dd81ab07,8/12(土) 18:15
dal,ＬＤＨから新ユニット「ＥＸＩＬＥ　Ｂ　ＨＡＰＰＹ」がお披露目、グループの垣根超えて,https://news.yahoo.co.jp/articles/bd8b180c5bf28c4cb98fcb0e7e982afe7dd5d909,8/12(土) 18:04
dal,「Ｇ１　クライマックス」初出場予選敗退のノア・清宮　天山広吉に意地の変型シャイニング・ウィザード決める,https://news.yahoo.co.jp/articles/4f16d619adfeb43ba254934254cc7260f0639f8c,8/12(土) 18:02
dal,「ラムちゃん」上坂すみれが念願成就！推しとメイド服＆２ショット公開,https://news.yahoo.co.jp/articles/744805ce1a4be746af87eae279435a254bb79148,8/12(土) 17:59
dal,ＤｅＮＡ打線の深刻な巨人・山崎伊アレルギー　今季、早くも４敗目　三浦監督「やられすぎ」とガックリ,https://news.yahoo.co.jp/articles/5d004421fe8ee23d8066b388d888bab211133396,8/12(土) 17:54
dal,【ボート】尼崎一般戦　探偵・石田靖と依頼人・数原魁が再会！,https://news.yahoo.co.jp/articles/e4147575bcc2f0131dd8d1b89fa94741e671674f,8/12(土) 17:53
dal,Ｊ１川崎、“川崎のソウルフード”元祖ニュータンタンメン本舗とのパートナー契約締結で、市内の子ども食堂を支援へ,https://news.yahoo.co.jp/articles/012858200a97e4cfe49ba2fdabdd7280a1444e46,8/12(土) 17:51
dal,楽天　２日連続で試合開始遅延　今夜は降雨の影響　前夜は用具車到着遅れで１時間４６分遅れ,https://news.yahoo.co.jp/articles/54674776ffef5b35ade91d9be4d21f982f7060a0,8/12(土) 17:37
dal,聖光学院・杉山が大会第１３号　劣勢も１点差に詰め寄る,https://news.yahoo.co.jp/articles/bf9120ebcaa4b17911e443ab44e0ac8683967190,8/12(土) 17:36
dal,阪神　今季最長タイの９連勝へ　青柳が開幕戦以来の京セラで先発　３連投中の島本はベンチ外,https://news.yahoo.co.jp/articles/9191184e8a9ece8d76450865d498f344b0ece7d5,8/12(土) 17:30
dal,今田美桜「トリリオンゲーム」デートワンピがレベチ可愛すぎた　ブランドはどこ？騒然「桐姫の欲しい」「破壊力凄い」,https://news.yahoo.co.jp/articles/9579318f57f4fe6d441d1eb1dfc17f6af750121b,8/12(土) 17:21
dal,阪神ファンが試合前からヒートアップ　「今日は２、３位が負けたから気楽」「共倒れは大きなアドバンテージ」「阪神しか勝たん！」中埜元球団社長の命日に白星を捧げる,https://news.yahoo.co.jp/articles/02e5045cc21d68bee21ff0f92d407705a9b350f9,8/12(土) 17:19
dal,プロ注目の九州国際大付・佐倉　最後の甲子園に幕　甲子園の土拾わず　プロ志望届け「野球人として出したい」,https://news.yahoo.co.jp/articles/cc08783b7083a34cf68b0786aba62a36cf86966d,8/12(土) 17:18
dal,小林美駒がデビュー５勝目　地元新潟での初勝利に「本当にうれしい」,https://news.yahoo.co.jp/articles/b54476e3f5ae7f27cec1509374c60dbd5e8586ed,8/12(土) 17:15
dal,巨人・原監督、コンタクト外して采配「半眼的に勝負に臨んでみようと」と武士の精神強調　連敗４で止める,https://news.yahoo.co.jp/articles/e883d7d8f7d3183a357ea02d386078fadf94e4c5,8/12(土) 17:00
dal,日米で待たれる第２の大谷翔平の出現　改めて日本ハム作成の二刀流育成プログラムは再検証されるべきだ,https://news.yahoo.co.jp/articles/e264bb6af829322015fe847b6928d96a39ce5802,8/12(土) 17:00
dal,中日、４連敗でストップ　高橋宏が７回無失点の好投　岡林、球団タイ記録の２５試合連続安打,https://news.yahoo.co.jp/articles/fcbf662243486f0bc3be7a30b6b1f19d31d63c7d,8/12(土) 16:57
dal,広島、今季ワースト５連敗　森下、悔やまれる立ち上がりの乱調　抹消の秋山欠いた打線が沈黙,https://news.yahoo.co.jp/articles/a1b90ceadcf7dbdc9a96bffdafd08b89e2b639bb,8/12(土) 16:55
dal,ＤｅＮＡ、４連勝で止まる　牧が入団３年連続２０号アーチも空砲,https://news.yahoo.co.jp/articles/69cd333ea183ae0401f50fb78880e032848be6a2,8/12(土) 16:33
dal,巨人、４連敗でストップ　“ＤｅＮＡキラー”山崎伊が５戦４勝　今季９勝目　坂本、ダメ押し１４号２ラン,https://news.yahoo.co.jp/articles/0ff4677414a50214b6b99ee906a597197b025d64,8/12(土) 16:31
dal,菅沼菜々が３打リードで悲願の初Ｖ王手　コースレコード更新の神谷そら、小祝さくらが追う,https://news.yahoo.co.jp/articles/c6932bcfc63bf86b485cbfb296ec0d68c63802d5,8/12(土) 16:29
dal,ソフトバンク　アストゥディーヨが腰の張りで抹消　野村大と高橋礼が昇格,https://news.yahoo.co.jp/articles/dceab06dd43a4cc45f3a78d2b8d21fb1105423de,8/12(土) 16:29
dal,林遣都　吉田鋼太郎への水ぶっかけ騒動　経緯告白「いつか話したいと思ってた」,https://news.yahoo.co.jp/articles/5d398010099a4afedd3bf1ce505abb41698f039e,8/12(土) 16:26
dal,さんま　交流不可能な芸能人告白「知らん。近づけるか！」　友人は木村拓哉ら多数「引くで」の人脈でもムリ,https://news.yahoo.co.jp/articles/9dbe485c14ef672713a133a2eaf77c07cb21c483,8/12(土) 16:25
dal,完封負けの九州国際大付　痛恨だった先発の読み間違い　楠城監督「よーいドンで左かと」,https://news.yahoo.co.jp/articles/43da7243c6579ad750009c1c3d31667b23b1cda9,8/12(土) 16:21
dal,Ｘ　Ｔｏｓｈｌ　高級外車を現金買い明かすも　愛用財布が衝撃　浜田雅功「ウソやろ！」,https://news.yahoo.co.jp/articles/1b4a3fae3230c98897801f616d22ce0822f1ff3a,8/12(土) 16:07
dal,土浦日大が初の１大会２勝！九州国際大付を３投手で完封リレー,https://news.yahoo.co.jp/articles/95c04f9e1b9a8e63bc7d85349637148c705fd094,8/12(土) 15:57
dal,神谷そら　驚がくの「６１」コースレコード更新で一気２位浮上「終わってからすごいスコアが出たと感じた」,https://news.yahoo.co.jp/articles/f8a79ab568a4e4186f20fc00c6c6ad8c0a7ed049,8/12(土) 15:49
dal,元プロの父と元エースの兄の思い受け継ぎ４安打完封、八戸学院光星の２年生エース洗平「思いを込めてしっかり投げた」,https://news.yahoo.co.jp/articles/a292e106702a09c57a8c02e05b59370c75f1da05,8/12(土) 15:31
dal,ピョ・ウンジ　韓国第１号グラドルが写真集「震えながら下着や水着を着ていた」,https://news.yahoo.co.jp/articles/4b5357a73133cfcc93161a16ea933a539484ec7f,8/12(土) 15:30
dal,安斉かれん　初水着を収めた１ｓｔ写真集発売「今日は念願の日」,https://news.yahoo.co.jp/articles/8355ee467f5a5370f0c7a1bc01e9ac1ba53e85ea,8/12(土) 15:30
dal,巨人・山崎伊、六回にパーフェクト途切れる　ＤｅＮＡ伊藤に右前打許す,https://news.yahoo.co.jp/articles/d4c4174ea453f02cdaadad10e758ed173d8cd2e8,8/12(土) 15:27
dal,藤浪晋太郎、登板機会なし　試合前にイチローさんと談笑　指揮官の信頼厚く「彼は信じられないボールを投げる」,https://news.yahoo.co.jp/articles/fa8d9952f9b54c4a1c22336a32e3aa8622f2ea1a,8/12(土) 15:26
dal,巨人・山崎伊が五回まで完全投球　７月は月間ＭＶＰ　五回にブリンソンの適時打などで３点の援護,https://news.yahoo.co.jp/articles/747105488a0dda8a479da0147b844a7be74a456e,8/12(土) 15:14
dal,「ＶＩＶＡＮＴ」乃木父（林遣都）生存→テント暗躍のスター・ウォーズ説　小日向ヨーダ？　役所広司は闇帝かオビワンか,https://news.yahoo.co.jp/articles/6f3450383e1ea118097f33c3f787e8df2ce9f5e5,8/12(土) 15:12
dal,巨人・吉川が超ファインプレー　中前へ抜けそうな打球をスラィディングキャッチ　一塁で矢のような送球でアウトに,https://news.yahoo.co.jp/articles/753e34794594d9015ba48aaa179b59df881b19c2,8/12(土) 15:06
dal,土浦日大が圧巻好守！九州国際大付・４番佐倉の強烈ライナー　一塁手はじき、二塁が見事に捕球　球場喝采、ＳＮＳ「神プレーやん」,https://news.yahoo.co.jp/articles/64fff5007bf874be422949bf24944029c8ff8712,8/12(土) 15:03
dal,土浦日大は初戦に続いて本塁打　今度は２年生の８番打者が強烈な一発で先制,https://news.yahoo.co.jp/articles/bb4aa6932027b182ac944cf2a057e356db929763,8/12(土) 14:38
dal,頭部死球受けた専大松戸・大森　「時間かけてすみません」　臨時代走も次打席で犠打安打と盗塁,https://news.yahoo.co.jp/articles/1c69bb1d72851aa82853caf2defb2ff623fc8f56,8/12(土) 14:34
dal,今村聖奈が逃げ切り勝ちで今年２１勝目　河原田菜々と女性騎手ワンツー,https://news.yahoo.co.jp/articles/b8fe281870fa5e9303b66d48661871aaf41bef22,8/12(土) 14:32
dal,阪神・森下ら７選手が京セラドームで早出特打　チームは夏のロードで半世紀ぶり８連勝中,https://news.yahoo.co.jp/articles/bc2a05f0722ebc91e0a6c4b9ee3f1d38ae34501a,8/12(土) 14:30
dal,浜田雅功　初めて買った愛車明かす　廃車になった事故告白「あほやな思ってたら」前ぐちゃぐちゃに,https://news.yahoo.co.jp/articles/1fce5cedfd8d910934a4d3393e760565fba26af8,8/12(土) 14:28
dal,あのちゃん、粗品のまさかのカミングアウトに大爆笑　芸人魂「これぞテレビでしょう」,https://news.yahoo.co.jp/articles/2493a04bd889d9804b9fa2d1ecc6372763d9cab4,8/12(土) 14:24
dal,巨人・原監督と同期の東海大甲府・村中秀人監督　夏ラスト采配に「感慨深いものがあった」　選手たたえる「諦めない気持ち出してくれた」,https://news.yahoo.co.jp/articles/7e07ea3d0d7f8182227f7da9a6eff1a6acef211b,8/12(土) 14:06
dal,ＤｅＮＡ・バウアー　新品ピンクグラブに謎の刺繍「プリン」　三浦監督も笑う　グラブの秘密はあのポケモン,https://news.yahoo.co.jp/articles/4ab5e90f079c0006d6a88ec0a6609a3f7b08b358,8/12(土) 14:00
dal,センバツ８強の専大松戸が夏初の３回戦進出　東海大甲府との激戦制す　千葉県勢夏通算１００勝目　持丸監督、伝令２人采配は「念押し」,https://news.yahoo.co.jp/articles/c426d39097f3471455934d3137c4b1a64cbcda20,8/12(土) 13:31
dal,【新馬戦】イクイノックスの半妹ガルサブランカがＶ　ルメール「走りが軽いところが似ている」,https://news.yahoo.co.jp/articles/b1820734cb0a893a34692365b8646adcc1a87650,8/12(土) 13:30
dal,バスラットレオンがコリアスプリント招待受諾　シャマルは辞退,https://news.yahoo.co.jp/articles/61014d812047fba8220c3c0cee17a194b79defee,8/12(土) 13:23
dal,河原田菜々が小倉初Ｖでデビュー７勝目「反応が良かった」,https://news.yahoo.co.jp/articles/7532115ddf3ee84977d706c24355338f384849df,8/12(土) 13:04
dal,ええっ、伝令が２人も！？専大松戸の持丸監督が珍采配　球場どよめく　“追い伝令”登場にナインは笑顔　指揮官は「念を押した」,https://news.yahoo.co.jp/articles/41e3e1b6d0d0361b353f5a150cbc2a46826cfc47,8/12(土) 13:01
dal,似てる！？城田優の兄・純がＢＤ電撃参戦　衝撃ラップ披露　瓜田純士「おいしいじゃん。城田優の兄ちゃんだよ」でぬりぼうと対戦へ,https://news.yahoo.co.jp/articles/671ef45d350addd2999d4a581eb60ceae796c34c,8/12(土) 12:55
dal,元高校球児のレゲエバンド「ＭＡＣＫ　ＪＡＣＫ」が強豪・履正社と対戦する母校・高知中央にエール,https://news.yahoo.co.jp/articles/1504243580a20c08f2493c9cfe6f5a2df60a4f3e,8/12(土) 12:38
dal,広島に痛手　秋山翔吾が「右下腿ヒラメ筋筋損傷」で抹消　新井監督「程度は軽いが１０日間で戻って来られない」唯一全試合先発の柱欠く事態に,https://news.yahoo.co.jp/articles/bd948594d4f3e018c569aa096ddbc290714c7649,8/12(土) 12:11
dal,制球苦しむ東海大甲府・長崎　２暴投に頭部死球含め２四死球で四回に痛恨３失点　頭部死球の専大松戸・大森は治療後試合出場,https://news.yahoo.co.jp/articles/5544be81cf1a5332f30a8620534fe4d8eb2bc93c,8/12(土) 12:06
dal,原幹恵「呪怨」新感覚舞台「客席とステージ近すぎる！」と驚きも「呪いが降りかからないように完走したい」,https://news.yahoo.co.jp/articles/10c7830cb1c5aa0d4ee876def906e8e85e15ddfe,8/12(土) 12:00
dal,大谷翔平、２試合ぶり安打も今季ワーストタイ７試合ノーアーチ　お疲れ？３０打席本塁打なし　チームは惨敗で３連勝ならず,https://news.yahoo.co.jp/articles/e9e11f9afb7650a3c38bed8eaec8a630f7204ead,8/12(土) 11:55
dal,【ＰＯＧ】伯父にオルフェ＆ドリジャニ　陣営期待オールデュスヴランは９・３小倉デビューへ（栗東発）,https://news.yahoo.co.jp/articles/fda2c9b48a46ffa0d3d43a3b55fdf0f11a57839a,8/12(土) 11:33
dal,【ＰＯＧ】キタサンブラック産駒ウインマクシマムが来週札幌デビューへ　半姉ウインピクシス（美浦発）,https://news.yahoo.co.jp/articles/d3c893f24d9cedc294b95867a5165d28ce0b5246,8/12(土) 11:33
dal,霜降り・せいや「同せい」「年下」交際女性情報を次々自白！ベテラン芸人＆女優が質問責め,https://news.yahoo.co.jp/articles/3eaa4e069364eeced46a5edea92251d8b2c2589a,8/12(土) 11:32
dal,大谷翔平　３０打席ノーアーチ　第４打席は見逃し三振　不服そうに何度も首を振る,https://news.yahoo.co.jp/articles/fd22f293d8b297fbae8c2d45cf7d22a8aefc03ff,8/12(土) 11:29
dal,古川奈穂が３開催日連続Ｖで今年のＪＲＡ１６勝目ゲット！,https://news.yahoo.co.jp/articles/ce727b3f61755b6a256b60262ef50ff580a04688,8/12(土) 11:24
dal,明桜は２年ぶりの初戦突破ならず　好機でバスター失敗し併殺打　流れ取り戻せず,https://news.yahoo.co.jp/articles/21e3d0899b4cb3c70bdea42e5588099fc392de51,8/12(土) 11:14
dal,ロッテ・吉井理人監督、自らマウンドへ行き交代を告げる姿に“理念”を感じた,https://news.yahoo.co.jp/articles/06821609553cab0c048b4e715d89f2b56fd8d5d8,8/12(土) 11:00
dal,大谷翔平が１１打席ぶり安打　バーランダーから中前打,https://news.yahoo.co.jp/articles/016d24292756b357da5fc5a25ee60b24356bd278,8/12(土) 10:57
dal,大谷翔平所属のエンゼルス　デトマーズが背信投球　３回途中７失点ＫＯ　２連勝中のチームの勢いそぐ大乱調,https://news.yahoo.co.jp/articles/7b23c3de08bd14db7c622da0b3a59171d6ac2a9f,8/12(土) 10:32
dal,八戸学院光星が東北対決制して２年連続初戦突破　中盤から一気の攻勢で圧倒　エース洗平が４安打完封,https://news.yahoo.co.jp/articles/ddeec79e7743bad365822780721dfb794bd2fe9f,8/12(土) 10:28
dal,みなみかわが泣いた！先輩コンビとまさかの対面「こんな形で会いたくなかった」,https://news.yahoo.co.jp/articles/f3fb4be5b60c3664e3961113badba03384d20f65,8/12(土) 10:13
dal,朝倉未来暴走族時代の特攻隊長がＢＤ参戦　ド派手刺青左腕で喧嘩無敗空手王者をボコボコに「暴走族殴りたい」１０人ニキと対戦へ,https://news.yahoo.co.jp/articles/a9019ddaa09e3595595a67dfffdd1feb15c99abd,8/12(土) 10:06
dal,東北隣県対決は八戸学院光星が５回に３点先制,https://news.yahoo.co.jp/articles/715cabb0d2efd25bc87596751744eec562db6521,8/12(土) 9:30
dal,中居正広「『自分さえ良ければ』でエンターテインメントは濁る」漏らした本音がトレンドワードに,https://news.yahoo.co.jp/articles/e28f419dd4358d49f05d94f2eaa1b02b87d56d9c,8/12(土) 9:16
dal,渋野日向子は１０５位で予選落ち「ショットがよくなってきた分、ショックは大きい」　１９年覇者落胆　全英女子オープン,https://news.yahoo.co.jp/articles/af9dab15e645917c23b43a169ae85bb788e1b16b,8/12(土) 8:55
dal,エンゼルス、“勝利の方程式”ロペス戦列復帰　家族の不幸を乗り越えてマウンドへ,https://news.yahoo.co.jp/articles/638f57faaccd350afa3336568cb2909c3d7b330d,8/12(土) 8:27
dal,カープ秋山　右ふくらはぎ負傷で途中交代　新井監督「（１２日の）出場は厳しい」　病院で診察へ,https://news.yahoo.co.jp/articles/d750817a24b1c2464d5f4b13a8015ee75091e1e8,8/12(土) 8:00
dal,超特急リョウガ　１０年前のワイワイ、キャッキャ戻ってきた「上がり続けている」,https://news.yahoo.co.jp/articles/03d94b0169a8266282e802ba1699011aff339d35,8/12(土) 8:00
dal,大谷翔平、「2番・DH」で出場　MLB250勝バーランダーと489日ぶり対決　7戦ぶり41号に期待,https://news.yahoo.co.jp/articles/c4d16fd56f0c33e4ce98aaf4752719219c3d732d,8/12(土) 6:21
dal,起死回生の堂林同点弾でカープ執念ドロー　連敗ストップならずも地元で不敗神話継続「負けなかったので」,https://news.yahoo.co.jp/articles/b7ac214b76a3cb2c884fea929ba4de905a93561c,8/12(土) 6:00
dal,コリアＣにメイショウハリオとクラウンプライドが選出,https://news.yahoo.co.jp/articles/a1594a28b79ee3a90e5e2134721e56b7c93691af,8/12(土) 6:00
dal,オーソリティは種子骨靭帯に重度の損傷,https://news.yahoo.co.jp/articles/7e989ca453baa2e9050cd0ca64edfeddfd5d78a8,8/12(土) 6:00
dal,イクイノックスが引き続きトップに君臨　ワールドベストレースホースランキング,https://news.yahoo.co.jp/articles/8d444aabc585db2a88acce3b4ddae31a0518deff,8/12(土) 6:00
dal,ドラマ「ＶＩＶＡＮＴ」緻密な伏線で視聴者考察と真っ向勝負！ＳＮＳ＆グッズ商品にも仕掛け,https://news.yahoo.co.jp/articles/d207eba67b97aa4522ea246a21d9331f86aa0d7b,8/12(土) 6:00
dal,楽天用具車が事故渋滞に巻き込まれ　史上最長１時間４６分遅れで試合開始→岸２時間３７分で完封,https://news.yahoo.co.jp/articles/a06975ca8d5f0897abec9e93e59b365983b45095,8/12(土) 2:00
dal,堅守の阪神　森下＆近本が好守でピンチ救った　際立った球際の強さ！八回外野陣が美技連発,https://news.yahoo.co.jp/articles/56adeb3920aec9d7c1ed1c417e15b44c1340f71e,8/12(土) 2:00
dal,守りの岡田野球が見せた進化と佐藤輝の課題　評論家が指摘「あえて苦言するならば」,https://news.yahoo.co.jp/articles/f67dda9c096d675007872dd63921f9e1768bbbbe,8/12(土) 2:00
dal,糸原Ｖ撃で阪神８連勝　“相棒”再昇格の日に大仕事　自身もネタに？「最近はミエセスのことしか聞かれない」,https://news.yahoo.co.jp/articles/ad1c94f923a63b3f22e419c1d7fb6254ab46e2c9,8/12(土) 2:00
dal,阪神・大山　しぶとく先制打「いいスタートが切れてよかった」　さすが４番「山の日」に存在感,https://news.yahoo.co.jp/articles/26a88686030bbc97c2fb4779cd4659ef7bfc2413,8/12(土) 2:00
dal,阪神・岡田監督「ボール球ばっかり振って」「明日は青柳にちょっと頑張ってもらいます」【一問一答】,https://news.yahoo.co.jp/articles/e3bff3e0e24fbebb9a55ecaf414a5ec17f365534,8/12(土) 2:00
dal,岡田阪神　余裕の一人一殺マシンガン継投　「もうみんな四球オッケーで、最後の馬場以外はね」,https://news.yahoo.co.jp/articles/1467bde5d4f35e331e833564ff2d4617665a6ace,8/12(土) 2:00
dal,ＤｅＮＡ・牧　逆転２ランでチーム４連勝　先発の東は歓喜の涙「報われたな、と」,https://news.yahoo.co.jp/articles/70c346e317169e695bf50c2d2d3330bcf4387bb5,8/12(土) 2:00
dal,巨人ドラ１浅野プロ初安打　初スタメンで決めた　バット折られながら左前打「早く落ちてくれと」,https://news.yahoo.co.jp/articles/c7b719d1660026361b93d0b60e5604fb60ee9dd5,8/12(土) 2:00
dal,巨人　痛恨逆転負けで４連敗　また終盤に暗転　原監督「チーム全体が踏ん張り、押し返さないと」,https://news.yahoo.co.jp/articles/36b9b9fd769ccc484160fe11a4c577cd751df0a3,8/12(土) 2:00
dal,亀田和毅の「３１５０ＦＩＧＨＴ」参戦発表　フェザー転級で３階級制覇目指す　将来的な尚弥戦も希望,https://news.yahoo.co.jp/articles/1e1c1ed76eba0796697efc9d5779d203e2379650,8/12(土) 2:00
dal,いなべ総合学園・山根塁斗　痛みに耐え大舞台で躍動　左手にワイヤー入ったまま「まだ痛いです」,https://news.yahoo.co.jp/articles/2bd196bf86962f130d72feed1746f8bc1889344a,8/12(土) 2:00
dal,“広陵のボンズ”真鍋「こすって」左中間最深部３点二塁打　聖地初安打初打点で初戦突破導いた,https://news.yahoo.co.jp/articles/6f4dd73ff27821a3d2f81f43fc77233fa95671ba,8/12(土) 2:00
dal,３８年ぶり夏の甲子園に「清原君」コール　七回代打登場に４万人大歓声　「人生で一番すごかった」,https://news.yahoo.co.jp/articles/83608c81bf6a84519274ffb3b0f3f58502a1421b,8/12(土) 2:00
dal,清原和博氏　次男・勝児の左翼ライナーに「素晴らしいスイング」　父・洋文さんの遺髪と数珠を手に観戦,https://news.yahoo.co.jp/articles/5879e6e3f91f1b6c2ee4e0466d869729f9db33b2,8/12(土) 2:00
dal,田嶋会長　なでしこの奮闘たたえる「日本らしさ示してくれた」　今後の女子Ｗ杯招致「ぜひやりたい」,https://news.yahoo.co.jp/articles/5b3631380f3523a3e933c2192a1a14977a6858da,8/12(土) 2:00
dal,２１歳アマ六車日那乃３位発進　テスト３度不合格の苦労人　Ｖでプロ「あり得る」「自分のプレーできたら」,https://news.yahoo.co.jp/articles/2945737c6d86aa2177c085e14de8a150b147029a,8/12(土) 2:00
dal,綾瀬はるか　背中露出の大胆ドレスで登壇　アクション大作で鍛え上げた美ボディ魅せた,https://news.yahoo.co.jp/articles/c6d8e24cf12adc642ea0810f7e9f7725752a5cf5,8/12(土) 2:00
dal,韓国６人組ガールズグループ・ＩＶＥ　初のワールドツアー決定！日本公演は１１月に２公演,https://news.yahoo.co.jp/articles/0fa31edb7822587a1e9e1cc60dd0d15e0ca25246,8/12(土) 2:00
dal,未知やすえ＆内場勝則夫妻　桑原和男さん悼む「本当に助けられました」フォローに感謝,https://news.yahoo.co.jp/articles/8dc9bf754456b46792869213c0f83fa3f65395a2,8/12(土) 2:00
dal,葵わかな　今度こそ完全燃焼！初演時はコロナ禍で上演大幅減「大阪までたどり着きたい」,https://news.yahoo.co.jp/articles/7594639c21aebd6fccc497205ace3e2eb3df6aba,8/12(土) 2:00
dal,有馬隼人氏４５歳の現在がカッコ良すぎる　アメフト日本一→ＴＢＳアナ→絶頂で退社　精悍さマシマシ「海が似合いますね」,https://news.yahoo.co.jp/articles/ebb1ac3821a55bb44ca04a094035efa234ea0fd9,8/12(土) 0:15
dal,加護亜依「マダム感すご」１１歳長女とミュージカル鑑賞のコーデに自ら　黒タイトスカート＆でかサングラス「アン・ハサウェイかと」,https://news.yahoo.co.jp/articles/cc776265f1bb5eeb084da5d452eff50c3e469a6d,8/12(土) 0:00
dal,鳩山由紀夫元首相　アメフト部員逮捕の日大に「空いた口が塞がらない」５日で活動停止処分解除「臭いものに早く蓋しようと」,https://news.yahoo.co.jp/articles/3db1d6516234fd4d8fa3ef8f0db3fdd39ab67d9f,8/11(金) 23:30
dal,北村一輝　島田珠代の餌食に「パンティーテックス」「チーン」で大汗「ふざけるな、ですよ」,https://news.yahoo.co.jp/articles/472e7a1f4bcbe0cc4f477a76c4879cb953f4a44d,8/11(金) 23:27
dal,未知やすえ　内場勝則と夫婦デュエット曲リリース「ちぐはぐ最強夫婦」作詞・作曲は円広志　リンクコーデでノリノリ,https://news.yahoo.co.jp/articles/bd6290c4f0343f3e9c93d1a2c21e36c63508b19b,8/11(金) 23:24
dal,楽天・岸　試合開始遅れるも完封勝利「特別なことはなかった」と涼しい表情,https://news.yahoo.co.jp/articles/dd80a98c9cd069ed824d7f9d1e57aaa97504ae1c,8/11(金) 23:16
dal,勝みなみが暫定２位で２日目終了　通算５アンダー　ＡＩＧ全英女子オープン,https://news.yahoo.co.jp/articles/14b46e02ecaccbd178c7f6a3ddf5af76b2d07b29,8/11(金) 23:09
dal,広島・新井監督　途中交代の秋山は「右のふくらはぎを痛めた。明日は厳しいです」連敗止まらずドローのチームに追い打ち,https://news.yahoo.co.jp/articles/bd3b781f135bab2e49b18895837095bdee804bb2,8/11(金) 23:08
dal,ヤクルト・高津監督　５回１１４球の高橋に「あの球数投げたら完投しないと」とチクリ　阪神・村上は「コントロールが良いから（打つのが）難しい」と舌を巻く,https://news.yahoo.co.jp/articles/833807e282ea13b7d5f158301c475bde14fa5d2b,8/11(金) 23:04
dal,広島　途中交代の秋山は右ふくらはぎの負傷　新井監督「明日の出場は厳しい」,https://news.yahoo.co.jp/articles/d95088d08c1f777dc1aa6fd648601a309917d2d0,8/11(金) 23:01
dal,女性アイドルグループメンバー脱退発表「メンバーから『お前は犬だ』と言われ傷ついた　もう信頼できない」真偽は不明,https://news.yahoo.co.jp/articles/a60c7728be12ad1dd71894c440f048b1d31d814a,8/11(金) 22:55
dal,楽天・石井監督がオリックスに謝罪　用具運搬車が事故渋滞に巻き込まれ、試合開始が１時間４６分遅れる,https://news.yahoo.co.jp/articles/d55d34ca13655f494516089feb34900b67b42535,8/11(金) 22:52
dal,阪神・岡田監督のマシンガン継投に虎党歓喜「これぞ優勝監督の勝負勘」「パイン飴効果？」「おもしれえぇぇぇ」ネット沸く,https://news.yahoo.co.jp/articles/40074a2791d15d47c1afc71f89c12b73cb20c493,8/11(金) 22:40
dal,第１子妊娠の土屋太鳳　おなか丸々の写真披露「もうすぐ予定日」「お腹だいぶ大きいですね」の声　父は片寄涼太,https://news.yahoo.co.jp/articles/824c1dccd2d2fd25371c77739d994ac0c76097b7,8/11(金) 22:30
dal,楽天・岸が２年ぶりの完封勝利！１時間４６分遅れのゲームを２時間３７分で終止符　ファンも救った！？故郷では初完封,https://news.yahoo.co.jp/articles/fa5ac7cde85f70d03845e2986f496492c389306f,8/11(金) 22:25
dal,阪神・岡田監督「村上に勝ち星つけたらないかんゲーム」「ボール球ばっかり振って」今季２度目の８連勝にも不満顔　【一問一答】,https://news.yahoo.co.jp/articles/411208ec4cd331d52b799c85cb83a325a7b54579,8/11(金) 22:21
dal,平野美宇　前週ＷＴＴでの途中棄権は「疲れで足つった」帰国すぐ復調星「五輪ポイント稼ぎたい」伊藤美誠は出場せず,https://news.yahoo.co.jp/articles/9aa6598bf33b1e359027848a7ba3e72b12c1f081,8/11(金) 22:18
dal,ソフトバンク・三森が２夜連続のお立ち台「もっともっと打ちたい」八回に決勝の適時三塁打,https://news.yahoo.co.jp/articles/cefc9c487c91cc1503820650f032bf28ca546ebe,8/11(金) 22:13
dal,井ノ原快彦　滝沢秀明氏との対話示唆「話せる」三宅とも「連絡は取る」も退所「知らなかった」「言えなかったと思う」,https://news.yahoo.co.jp/articles/773fc85ea8878b0b4992e22403a6fa837ff31285,8/11(金) 22:12
dal,広島は連敗脱出ならず　堂林の同点２ランで延長１２回引き分け　首位阪神とは６ゲーム差に,https://news.yahoo.co.jp/articles/b6232139f4e6a855c8780e7b0c592270528ade0b,8/11(金) 22:11
dal,阪神・糸原＆岩崎が爆笑お立ち台　糸原「延長嫌だったんで打ちました」　岩崎は抑揚のないトーンで「明日も勝つばーい」塩対応口調に虎党沸く,https://news.yahoo.co.jp/articles/de0cc3a24a9e3317a454374566086cb7c2601fda,8/11(金) 22:03
dal,【8月12日のらんまん】第19週「ヤッコソウ」ロシア行きを断念した万太郎、高知で新種を発見する,https://news.yahoo.co.jp/articles/b9efe23d443e90b0b3537ec679d6d3cc47a94d13,8/11(金) 22:00
dal,日本ハム・新庄監督「あり得ないミス」八回のＢミスをバッサリ　サイン違いの五十幡には「頭、脳大丈夫かな？」,https://news.yahoo.co.jp/articles/499a63b5ef0a787cdb92f2bc9bf25f2087efc015,8/11(金) 21:54
dal,ヤクルト　絶対的セットアッパー・清水が打たれて万事休す　打線は相手の好守に再三阻まれてチャンスを生かせず,https://news.yahoo.co.jp/articles/2f41bf14f0ddc0388331dd1136d514038de8ab0e,8/11(金) 21:43
dal,阪神が８連勝で６０勝一番乗り　貯金は今季最多の２２　代打・糸原が殊勲の決勝適時二塁打,https://news.yahoo.co.jp/articles/1b88c46e829fed2a3f8945ba2c9ad3acf2192e58,8/11(金) 21:41
dal,西田凌佑　判定完勝で初の世界戦王手！新婚夫婦で異例の会見「奥さんは大切な存在」「いちゃいちゃするな」の声も,https://news.yahoo.co.jp/articles/06ca4e73cefd6575965ba99685028c12d3ab2790,8/11(金) 21:40
dal,万博否定派は「まったく事態が理解できていない証拠　自分の価値を下げるだけ」維新・足立康史議員ツイに賛否「酷い言い訳」「五輪以下」,https://news.yahoo.co.jp/articles/672402cd0de9cfb606e5711acfd4900e6437ad9a,8/11(金) 21:37
dal,阪神　代打・糸原が値千金の勝ち越し二塁打,https://news.yahoo.co.jp/articles/0757415b5e4a93d0f216c26ab9bbe6d9d429cee6,8/11(金) 21:32
dal,ゆるふわ今田美桜にファン「天使」「妖精」スケ感ブラウスに花「透明感やばい」,https://news.yahoo.co.jp/articles/3bcab72f74cdf850f567134ae7da56eb3b1fe207,8/11(金) 21:30
dal,日本ハムが自滅…再び大台の借金２０が目前に　接戦の八回に四球からミスも絡んで３失点　新庄監督ぼうぜん,https://news.yahoo.co.jp/articles/df6ce3d188531b4fa07bae5c2cda4e15ca620b73,8/11(金) 21:25
dal,阪神　岡田監督が同点の八回に４投手をつぎ込む執念継投　近本好守で２死満塁をしのぐ,https://news.yahoo.co.jp/articles/f6eb0fa90568627556eedf8a1e6c3db2b7a867a0,8/11(金) 21:21
dal,日本ハム痛恨…同点の八回にバッテリーのミス“２発”で勝ち越し＆ダメ押し点失う　新庄監督ぼうぜん,https://news.yahoo.co.jp/articles/0719b271b75f2d78420e55a1c4b5db7d4d78c161,8/11(金) 21:20
dal,ボクシング　乱闘騒ぎの中川麦茶と亀田京之介はドロー　麦茶は再戦希望も京之介は「やる必要ない」,https://news.yahoo.co.jp/articles/6f6e39be872958b615cee1d0b64b70b042af8436,8/11(金) 21:19
dal,【地方競馬】ツムタイザンが摂津盃制覇　屈腱炎から復活して２年７カ月ぶりの重賞Ｖ,https://news.yahoo.co.jp/articles/034bf2fd0844739f06d8ddc36edf274c72031dc4,8/11(金) 21:15
dal,楽天　松岡修造が１時間４６分遅れの始球式でワンバン投球　夜空の中で異例の投球にも「ポジティブな気持ちです」,https://news.yahoo.co.jp/articles/252dad180fadd19451366b9570bd312ccedb5092,8/11(金) 21:14
dal,「芸能人マル秘かつらリスト」占いタレント島田秀平が入手告白「Ｓ、Ａ、Ｂ…」とランク付けされ「アイドル、若手俳優の名前も」,https://news.yahoo.co.jp/articles/f7356d4b479d07fd85dbab9f5a52d778b96ce790,8/11(金) 21:08
dal,ロッテ　初先発のドラ１菊地は初星お預け　３失策＆適時打なし,https://news.yahoo.co.jp/articles/43d4f77eac1751f5265763cc122e734fd487abb3,8/11(金) 21:08
dal,阪神・森下が超ファインプレー　フェンスに体をぶつけながらのジャンピングキャッチ　球場どよめく,https://news.yahoo.co.jp/articles/80409e93ee34d4188a80bf2375e36ba5530a04ea,8/11(金) 20:53
dal,阪神・村上は７回１失点８奪三振の力投も無念の降板,https://news.yahoo.co.jp/articles/adf0d4d886b2fe6dc51d05fa2e007ceac46a2742,8/11(金) 20:49
dal,愛息の前で奮闘！“ママさんプロ”若林舞衣子が２位発進　育児とツアー両立についても語る,https://news.yahoo.co.jp/articles/f251a0324adae19237d3d0a5f492d64d3cb271c9,8/11(金) 20:43
dal,ＭＲ上位不在でアマ台頭　２２年女子アマ日本一の寺岡沙弥香は２６位発進　全英女子ＯＰ視察権捨てプロテストに照準,https://news.yahoo.co.jp/articles/57a7b2bddaa0ad878dc713ab1901b8b3fa5d901e,8/11(金) 20:42
dal,生見愛瑠　ＥＸＩＴの兼近大樹にムカついた理由を告白「大きめの石に当たっちゃえ！と思った」言われたら嫌なこと言及され,https://news.yahoo.co.jp/articles/37fdfebad07679e360e7eb0ef643f84bc5173e04,8/11(金) 20:40
dal,有吉弘行　手術完了　激シブ＋詰め物の爆笑ショットで報告「最高－」事前投稿でファン心配も,https://news.yahoo.co.jp/articles/f86c60ecfe18d7e6c447c51bacbd2afc575fa1a6,8/11(金) 20:39
dal,夏の甲子園　大会７日目は注目カード続々　大トリで九州国際大付・佐倉が登場　仙台育英-聖光学院は第４試合,https://news.yahoo.co.jp/articles/28009d6fc909bb7f29b42f13817184d77fdd70ee,8/11(金) 20:29
dal,「知能低い東大生医大生が多すぎ」ＦＢで「東京大学物語」江川達也氏が持論「才能ないから学歴つけたくせにプライド高い阿呆増えた」,https://news.yahoo.co.jp/articles/c2d2c8f6f2dea87aeaaf42120f327bf2ac8f999e,8/11(金) 20:27
dal,夏の甲子園　清原フィーバーに沸き今大会最多５万４１００人のファン詰めかける　初日を大きく上回る異例の動員,https://news.yahoo.co.jp/articles/a4ca75939d6ffb9f4fac89ae9df7015d6d11ce89,8/11(金) 20:26
dal,ロッテ　ドラ１菊地　ほろ苦い初登板初先発４回７安打４失点も「悪いなりに投げることはできた」,https://news.yahoo.co.jp/articles/c439f032b7018c5ff1d8441efa9315ff72ff83b2,8/11(金) 20:23
dal,亀田和毅が「３１５０ＦＩＧＨＴ」でフェザー級転級　兄の下で３階級制覇目指す　１０月７日・大田区総合体育館,https://news.yahoo.co.jp/articles/a2f16298bfa901933f63b6cd29a51b924322d4ad,8/11(金) 20:03
dal,たぬかな怒り「私の１７０ｃｍ以下人権無い発言に怒りのお気持ち表明ツイッタラーが」ビッグモーター元副社長の低身長やゆと,https://news.yahoo.co.jp/articles/79109c9b739ecec4e66b2cafc6e6b81c96f72f94,8/11(金) 20:01
dal,日本ハムにアクシデント　五十幡と野村が打球を追って激突　五十幡は後頭部から人工芝に落ちるもプレー続行,https://news.yahoo.co.jp/articles/903c6fbd5fa3b20217421623cb8f60d497fc665e,8/11(金) 19:57
dal,なでしこジャパン　田中美南が店長を務めた神戸のカフェからエール,https://news.yahoo.co.jp/articles/40cb726a7257f9d4b3955bed98016a6fc28b0083,8/11(金) 19:52
dal,阪神・村上がヤクルト・村上との同姓対決で自己最速１５１キロ　３試合連続本塁打中の三冠王を右飛に仕留める,https://news.yahoo.co.jp/articles/d41c13a545667bc1b698d203bf387edee0c3a434,8/11(金) 19:49
dal,「一番かっこいい女優」寺島進が聞かれ即答した大女優　整形手術受けない理由に「男前だろ」バーでの対応「言い方が粋なんだよ」,https://news.yahoo.co.jp/articles/854764e2df956e610e171f8a32b36be88536acf5,8/11(金) 19:45
dal,ソフトバンク・近藤が５試合連続打点　今季６４打点はリーグトップ　貴重な追加点となる適二塁打,https://news.yahoo.co.jp/articles/1e15aea175092ed0320362ee0316dcedc0b377e7,8/11(金) 19:44
dal,阪神　４回で早くも２桁１０残塁　ネットは「真夏の残塁祭」「復刻ユニに戻そう」「フラストレーション溜まるわ」と嘆き,https://news.yahoo.co.jp/articles/938443c8e799775f5145b298cfb8ee09be66e2d5,8/11(金) 19:40
dal,西田凌佑　挑戦者決定戦を判定で制し初の世界戦切符！亀田ファウンダー「浪速のメイウェザーや」来年１月に約束,https://news.yahoo.co.jp/articles/dc6e9b2203df09c1db1516e2bba3220c15dbbe42,8/11(金) 19:40
dal,初出場の宮崎学園は涙の初戦敗退　崎田監督「選手たちはすごくいい経験に」痛恨失策の選手は号泣も,https://news.yahoo.co.jp/articles/2b208ef94f5dfe52e46a4ed0f4118a05f16e6958,8/11(金) 19:34
dal,なでしこ　宮沢の母・貴代さん「お疲れさまと言いたい。家族団らんでゆっくりさせてあげたい」地元の神奈川・南足柄市でＰＶ,https://news.yahoo.co.jp/articles/8eb555efe7e1bef86293a67b33a5893b0716d92a,8/11(金) 19:26
dal,サッカー　なでしこ４強ならず　田嶋会長「勝てない相手じゃなかった」も「池田監督を僕は評価しています」,https://news.yahoo.co.jp/articles/29b042fdb1c1299061ca1c549a197c1f0fb16e46,8/11(金) 19:23
dal,「１カ月勝てないくらいで…」涙の９勝目の試合後　ＤｅＮＡ・東のＳＮＳに届いた誹謗中傷コメ,https://news.yahoo.co.jp/articles/a6d4e78c30156fa699844971aff680e3cc7f3680,8/11(金) 19:22
dal,【小倉＆新潟の危険な人気馬】キングズソード　小倉11Ｒ,https://news.yahoo.co.jp/articles/2539c940659b83aff0219712321c0ec60ae38492,8/11(金) 19:20
dal,横浜Ｍ　マルコスジュニオールが広島へ完全移籍,https://news.yahoo.co.jp/articles/8ca6fdb1cf51f640dd6495a0fc289408e036c6f6,8/11(金) 19:16
dal,阪神が猛烈な残塁地獄　３回８残塁の大拙攻　二、三回の満塁生かせず　直後に塩見に同点弾浴びる,https://news.yahoo.co.jp/articles/d197e666899ebea45cbd7ddb31efee2ffa912d2b,8/11(金) 19:14
dal,瀬戸朝香４６歳が「可愛すぎて倒れそう」信じられない若々しさ！洗いざらし白Ｔほっぺハートに「目の保養です～」,https://news.yahoo.co.jp/articles/253ab99d33eddbd50245314f215439949a53db19,8/11(金) 19:07
dal,文星芸大付が逆転で初戦突破　敵失に乗じて一気に試合をひっくり返す！初出場の宮崎学園は痛恨の失策,https://news.yahoo.co.jp/articles/e0238e9310ac6e0d1b5b1ce3ade2ce26c1deedff,8/11(金) 19:00
dal,楽天　前代未聞の１９時４６分試合開始　事故渋滞で用具到着遅れ　選手も搬入手伝う　岸「何とか喜んでもらいたかった」,https://news.yahoo.co.jp/articles/0bd2b6240c7093541acb4cbed8daf313b8cd1707,8/11(金) 18:59
dal,４連敗中の広島にさらなるピンチ　秋山がアクシデント？で三回の守備から交代,https://news.yahoo.co.jp/articles/970b01732e66172c9a0e2c6a8a51cb202b9696ae,8/11(金) 18:55
dal,コリアＣにメイショウハリオとクラウンプライド選出　スプリントはバスラットレオンとシャマル,https://news.yahoo.co.jp/articles/8804f2d8c5b859176ff1784ee9ee497aa7c927cd,8/11(金) 18:47
dal,阪神　８連勝へ４番・大山が先制打「まずは１回目の乾杯しとく」とネットは早くも勝利確定モード,https://news.yahoo.co.jp/articles/361b588477a6c054c7a2588ddecfbb45a2b83892,8/11(金) 18:42
dal,ボクシング　重岡兄弟のダブル世界統一戦は１０月７日に大田区総合体育館で,https://news.yahoo.co.jp/articles/330e3988988609290a32910e0f8c6ac581b6d194,8/11(金) 18:41
dal,つばきファクトリー河西結心　夢かなった！ホッケーアンバサダー就任　中学時代はキーパーで活躍,https://news.yahoo.co.jp/articles/b19a08c494d4d7ca9fbe3b8c90f626c6e6ea6e57,8/11(金) 18:38
dal,赤江珠緒の現在「仕事は月に３、４回」５歳長女の育児メイン「曜日分からなくなっちゃった」３月「たまむすび」終了,https://news.yahoo.co.jp/articles/1d819de9da899b843b71e5071cd99454408d59bd,8/11(金) 18:37
dal,夏の甲子園　初出場の宮崎学園にまさかの悪夢…２点リードの八回、外野手の失策で一気に逆転を許す,https://news.yahoo.co.jp/articles/e9f65fec353eda10d7b2cde92b4e1320184f1e6b,8/11(金) 18:36
dal,ヘビー級日本王者・但馬ミツロ　宣言通り１回ＴＫＯで８連勝！長身サウスポーを完ぺき攻略「ボディーに集中できた」,https://news.yahoo.co.jp/articles/83af92114b656cfb565e29f9cea3f0b4c98f3f9e,8/11(金) 18:33
dal,なでしこ　試合終盤に猛攻を見せるも一歩及ばず準々決勝敗退,https://news.yahoo.co.jp/articles/212d399adcc4b084c6e439028ee668fee3108c53,8/11(金) 18:30
dal,葵わかな「今度こそは完全燃焼」コロナ禍で中止　主演ミュージカル「アナスタシア」３年越しの再演,https://news.yahoo.co.jp/articles/12348d1594f5eca91bdcaba330f3e3dc67e3abcd,8/11(金) 18:24
dal,ロッテ・石川慎　移籍後初本塁打グッズ販売開始「全力プレーで勝利に貢献できるよう頑張ります！」,https://news.yahoo.co.jp/articles/b7064740d21b499533c9cf1319e4d7d5c3e8c8b7,8/11(金) 18:19
dal,スケートボード　堀米雄斗「自分にできる限りのことを」アジア初開催のＳＬＳ,https://news.yahoo.co.jp/articles/846dae68f906d18f6f593121945c05e0ff8bd004,8/11(金) 18:17
dal,上島竜兵さん妻・光さんが夫を偲ぶエッセイ発表　家では45度で熱湯風呂練習？実はおでん大好き、けど外では我慢,https://news.yahoo.co.jp/articles/74c6b87d2ec464b59e2acc38bd2f0746fb8f06c4,8/11(金) 18:11
dal,本郷理華 ハマリ役？「やり切って」ボン・クレー役に体当たり「ワンピース・オン・アイス」,https://news.yahoo.co.jp/articles/12dc9bedf3d5189007ec80a517a08055da16dc65,8/11(金) 18:11
dal,宇野昌磨　珍しい？表情豊かにルフィ演技「いろんな発見があった」　「ワンピース・オン・アイス」公開リハーサル,https://news.yahoo.co.jp/articles/940f903de3a7841e84a959721a82b93bc9889594,8/11(金) 18:11
dal,中日・岡林が２４試合連続安打　球団記録に王手　初回に球団歴代２位の左前打,https://news.yahoo.co.jp/articles/07689470856d72dc50570cb10d0045204582d559,8/11(金) 18:08
dal,千鳥・大悟が始球式で爆笑かっさらう　グラブに、頭部にイカ２貫！吉井監督、石川慎、中村奨が大爆笑,https://news.yahoo.co.jp/articles/c8fe677391be75a6dd3408c738441b9aab6551db,8/11(金) 18:07
dal,丸山桂里奈がＮＨＫ実況でクセスゴ解説　なでしこ準々決勝「体中の毛穴が全部開いた」「同じ人間なのかな」先住民の舞に「安村さん？」,https://news.yahoo.co.jp/articles/be671f2bc5c54ee797eee0da0dbb912df7ab96d2,8/11(金) 18:01
dal,楽天がとんだハプニングで試合開始遅延　事故渋滞で用具到着遅れ　過去には来場者殺到、火災発生などの事例も,https://news.yahoo.co.jp/articles/7df0d9622ab304df111ab92ab49fa5409951b4d3,8/11(金) 17:56
dal,亀田史郎氏　ライセンス再交付で大暴れ！ＴＵＢＥ前田とリング上で大熱唱　観客は喝采「力を貸せることがあれば」,https://news.yahoo.co.jp/articles/f95eaab2778e7502713d3a462f9a191cfcf6482c,8/11(金) 17:49
dal,「アメトーーク！」に宮迫博之！過去映像で何度も「映ってる！」以前は加工でカット「もういいよね」ネット感慨「やっぱいいな」,https://news.yahoo.co.jp/articles/77648c2c47c49d0c636ba5b3f2ac26e90a922cdf,8/11(金) 17:41
dal,清原和博氏　次男・勝児の夏の甲子園出場「僕の甲子園１３本塁打より価値がある」　代打で左飛に倒れるも「素晴らしいスイング」,https://news.yahoo.co.jp/articles/1c89bef5ff4cf423128a6668cca73a1cfa69638b,8/11(金) 17:41
dal,ＤｅＮＡ・東の号泣シーンにネットも感動「涙腺崩壊確定」「もらい泣きするわ」「心動かされたなぁ」　牧は「マジすか」と驚く,https://news.yahoo.co.jp/articles/257428b079387a68dccb9cd29744bfc4a02242c5,8/11(金) 17:38
dal,ロッテ　ドラ１菊地がプロ初登板初先発　荻野、中村奨はベンチスタート,https://news.yahoo.co.jp/articles/be7304e088005962e9c5d6ccc7ac5e5c2f28eb38,8/11(金) 17:30
dal,Ｍ－１王者　特需続かず優勝翌年に８連休！「ことごとく裏切って」シンプル過ぎる理由に若林正恭も納得,https://news.yahoo.co.jp/articles/2420be6f6080711b35042745229645b36abb8be0,8/11(金) 17:30
dal,なでしこジャパン　今大会初の先制点を許し、リードされて前半終了　シュートはゼロに終わる,https://news.yahoo.co.jp/articles/d00cbb9963d7435afc1609d8b9d70df1a6011e41,8/11(金) 17:28
dal,今季２度目の８連勝を狙う阪神　勝てばリーグ最速６０勝　村上が８勝目と防御率トップ浮上へ,https://news.yahoo.co.jp/articles/ad6344436d2fecee409fe4d63a8fd84801c4938d,8/11(金) 17:27
dal,逆転負けで４連敗の巨人・原監督「打ちたいし、打たせたくないのはプロですから」と中川を責めず　「なかなか勝ちにつながらない」と嘆きも,https://news.yahoo.co.jp/articles/8b0814e24c5c78d24514834400ef4df0e231f647,8/11(金) 17:17
dal,レアル・マドリード　守護神大けがでモロッコ代表に白羽の矢か　クルトワが左ひざ前十字じん帯断裂,https://news.yahoo.co.jp/articles/399a44f5db027f4337ceef5edd3bd5c1feb99534,8/11(金) 17:12
dal,ジャガー横田夫・木下博勝医師「咳止め　全く入荷できない」窮状訴え「連休中の診療、大変不安」「本当に困っています」,https://news.yahoo.co.jp/articles/e298d3919ea821d57bd49c17d9f914ef3affb08f,8/11(金) 17:06
dal,女子ゴルフ　原英莉花がショットインイーグル締めで上々２６位発進「ご褒美もらえてうれしい」手術から復帰２戦目,https://news.yahoo.co.jp/articles/36a5a9af55513cd8fe3d707849ecd169f382aab0,8/11(金) 17:05
dal,花澤香菜　ラジオＴ着こなし「小野賢章さんと着ていただけますか？」と山崎怜奈にぶっ込まれ爆笑　会場大盛り上がり,https://news.yahoo.co.jp/articles/9142669efd05982d2c633c58390d87abdcf0509e,8/11(金) 17:04
dal,清原和博氏の次男・勝児「こんなに大きな歓声初めて」球場全体からの大歓声　次戦「（父に）いい姿を見せられるよう頑張る」,https://news.yahoo.co.jp/articles/13de8324563beebcad1169013c76f19e7b9c1a61,8/11(金) 17:02
dal,ＤｅＮＡ・牧　逆転２ランに号泣した東に「マジすか？」　驚きで一瞬言葉を失うも「喜んでくれて良かった」,https://news.yahoo.co.jp/articles/2f097e292298ceed4e730888c8dc808b5e02a2a0,8/11(金) 16:52
dal,石川梨華　辻希美に贈られたコーデが激カワと話題　真夏の美少女「キレイ」「齢とらない」「まさに女神」,https://news.yahoo.co.jp/articles/cc28606a51634aa913ece70a3eec2cc7cc7262fa,8/11(金) 16:50
dal,中島美嘉　全国ツアー初日にまさかのジェジュン来場で「ビックリ」さっすが！白Ｔ＆デニムでもオーラがビンビン,https://news.yahoo.co.jp/articles/2384a9eefe9e352c7b0f7f66e1360e0f8a2a4be0,8/11(金) 16:45
dal,巨人が４連敗　中川が逆転２ランを浴びる大乱調　ドラ１浅野のプロ初安打も実らず　勝率５割復帰ならず,https://news.yahoo.co.jp/articles/dd125949a21b7a5db9dca04b667a028be249992e,8/11(金) 16:44
dal,サッカーなでしこジャパン　１１年優勝メンバーの岩清水「２－０」宇津木「３－１」の勝利予想　スウェーデン戦ＰＶ,https://news.yahoo.co.jp/articles/b6af9af2f3e77bc31cabba5773d125e05f0fc5ff,8/11(金) 16:44
dal,ＤｅＮＡが牧の逆転２ランで４連勝　東は感動で号泣　三塁ベンチで目元をぬぐう,https://news.yahoo.co.jp/articles/09f1838c00ea9de4ee7485ea8a3833f00f0b25ac,8/11(金) 16:41
dal,亀田史郎氏「オレの声が支えになる」リングサイドでヒロキングにゲキ　トレーナーライセンス再交付,https://news.yahoo.co.jp/articles/22f912479c7dd500fc74cdd54e2c0b3bfe50276f,8/11(金) 16:41
dal,なでしこジャパン　４強を懸けスウェーデン戦のスタメン発表,https://news.yahoo.co.jp/articles/604d33b6a57cd2e3ddb988233f9e518e3b0e4448,8/11(金) 16:40
dal,楽天　ハプニングで試合開始が１９時に変更　事故渋滞による楽天の用具到着遅れで　本拠地のオリックス戦,https://news.yahoo.co.jp/articles/e897760444c428e83b10f16d8718bf2653e6e4da,8/11(金) 16:39
dal,阪神　新外国人ブルワーは１３日のウエスタン・広島戦で初の実戦登板へ　岡田監督の前でブルペン投球,https://news.yahoo.co.jp/articles/5df4815443623bf83210704d2d4d14b81e5b15c3,8/11(金) 16:33
dal,小祝さくらが「６４」の首位発進　３番池ポチャもお構いなし「逆に笑えてきた」女子ゴルフ初日,https://news.yahoo.co.jp/articles/04db64957c524cc7ea63e485e7e32ee3c61df28b,8/11(金) 16:25
dal,ＤｅＮＡ・東が号泣　牧の逆転２ランに感激　ガッツポーズ→三塁ベンチで目元押さえる,https://news.yahoo.co.jp/articles/8d0c49922c4e42d276c4a8ca3f2a999181237203,8/11(金) 16:23
dal,北陸　意地見せた！九回２死から４点奪う反撃　林監督「諦めない姿勢は次につながる」,https://news.yahoo.co.jp/articles/b0b2007293957d062cb5bb7ea78d9b5d9032af9e,8/11(金) 16:21
dal,阪神　ミエセスが１軍再昇格　２軍戦出場から京セラドームに駆けつける,https://news.yahoo.co.jp/articles/e5f2c7ec172318604b75649307369fbb2d97e65a,8/11(金) 16:19
dal,清原和博氏がＮＨＫ高校野球中継のハイライト映像に登場！ファン沸騰「リアクション最高やな」「ＮＨＫで清原！」,https://news.yahoo.co.jp/articles/347de25a084c323e10f8a4ce155c60d36e0d33a7,8/11(金) 16:13
dal,難関大卒　谷まりあ２８歳、ロング髪のＪＫ制服に騒然「現役感すごい」「反則」「こんなＪＫいたらヤバい」,https://news.yahoo.co.jp/articles/29f6b8e594dd201b274318e0c6d2d508ac85f089,8/11(金) 16:11
dal,宮根誠司「処理水放出反対なのにおいしいもん食べたいんだね」中国のスタンスにあきれ顔,https://news.yahoo.co.jp/articles/0337c8f76623ac7222647e8d549b384e654b6f57,8/11(金) 16:10
dal,本田真凜　真っ青ロングヘアは「地毛？？」「染めたんですか？」「髪型・髪色とも作品への意気込みが凄すぎ」ワンピース公演,https://news.yahoo.co.jp/articles/6f96cd88d7b220a79784a111037c5f7b626518f8,8/11(金) 16:08
dal,阪神　ケラーが家庭の事情で一時帰国　右足負傷の植田と才木も登録抹消　岡留とミエセスが昇格,https://news.yahoo.co.jp/articles/aee1c5e5cf67682dc0f77788ca5c4924aff8ab5f,8/11(金) 16:06
dal,綾瀬はるか　美背中パックリ純白ドレスで降臨　主演映画「リボルバー」舞台あいさつ,https://news.yahoo.co.jp/articles/4ed5e2d7af11704c45dbda489d46aa47076948f2,8/11(金) 16:03
dal,瑚々＆咲田ゆな「ミスマガジン２０２２」受賞者ら６人の主演映画「さよならエリュマントス」舞台あいさつ,https://news.yahoo.co.jp/articles/2fcc4edacfc7b98bef9bd7d74aa661138fe7e03e,8/11(金) 16:00
dal,清原和博氏　次男・勝児の甲子園出場に大興奮　ヒット性の打球捕られて「あぁー！」と絶叫　ＫＫコンビも聖地で“復活”,https://news.yahoo.co.jp/articles/9fde6a543ba63da515b56521e3755060ec921dc2,8/11(金) 15:57
dal,女子ゴルフ　小祝さくらが２週連続の「６４」＆単独首位発進 “ママさんプロ”若林舞衣子が１差追走２位,https://news.yahoo.co.jp/articles/97974e5adb42dceb5529cb9cb92736f6200371b9,8/11(金) 15:54
dal,慶応　１２安打９得点の猛攻で５年ぶり夏勝利　神奈川県勢１３０勝目　２年生エース・小宅が７回０封で北陸に快勝,https://news.yahoo.co.jp/articles/5652035615a1fe65bf4e49d9450e0bd77dded732,8/11(金) 15:49
dal,元東洋王者の長浜　２度ダウン奪われ完敗「経験、技術の差」世界的強豪のトーレス攻守に圧巻　３１５０ＦＩＧＨＴ,https://news.yahoo.co.jp/articles/48db026f75a474f9dc9cbf3cc10872a7491b812a,8/11(金) 15:34
dal,山里亮太「飯には困らせねぇ」東京に呼び寄せた後輩との衝撃の食事回数　オードリー若林「合わないね」,https://news.yahoo.co.jp/articles/3e4b2b6aaad96f6c7cec8419e6b4fa43f5287e62,8/11(金) 15:31
dal,巨人　浅野のプロ初安打を起点に先制点つかむ,https://news.yahoo.co.jp/articles/9a05aa5899f0a5b8b260331cd9adad0ec5e331f4,8/11(金) 15:23
dal,慶応・清原ジュニア　初の夏の聖地登場に球場全体から大歓声　代打で左直に倒れるも大きな拍手送られる,https://news.yahoo.co.jp/articles/ee2cd5cb6c3facc9948a744d6090a2dd63202b51,8/11(金) 15:17
dal,未知やすえ　桑原和男さんを悼む「横で見ていても本物のお婆ちゃんでした」和子ばあちゃんで人気,https://news.yahoo.co.jp/articles/ee6373093d003e58599a463745cda961be84a5ff,8/11(金) 15:17
