media_en,media_jp,title_articles,link_articles,date_original
nshaberu,ƒjƒbƒ|ƒ“•ú‘—,ƒL[ƒ[ƒh‚ÍuSDGsvH@å‘ä‚ÌVì‹‚½‚ñ‰w•Ù‚É‚ß‚ç‚ê‚½v‚¢‚Æ‚Í,https://news.yahoo.co.jp/articles/c483fc41dd78a1be0feb794dc705c7a9eac84250,11/15(…) 11:55
nshaberu,ƒjƒbƒ|ƒ“•ú‘—,”T–Øâ46 ‹v•Ûj—¢u„‚Ì‰ñ“šA–Ê”’‚­‚È‚¢cciÎjv@‚¨d–‚¶‚á‚È‚¢‚Ì‚ÉƒNƒCƒY‚Åç‚è‚É“ü‚Á‚Ä‚µ‚Ü‚¢‹êÎ,https://news.yahoo.co.jp/articles/9bec7f7179c69d2313fb485d764ce331933285fd,11/15(…) 11:50
nshaberu,ƒjƒbƒ|ƒ“•ú‘—,ƒLƒ“ƒOƒIƒuƒRƒ“ƒg—DŸEƒTƒ‹ƒSƒŠƒ‰AŒˆŸ“–“ú‚Ì“®‚«‚ÉEXITu‚»‚êAƒJƒbƒvƒ‹‚¶‚á‚È‚¢‚Å‚·‚©iÎjv,https://news.yahoo.co.jp/articles/7f0f146296dd245747daf1eb16c7c34da5b326b2,11/15(…) 11:45
nshaberu,ƒjƒbƒ|ƒ“•ú‘—,ˆÉW‰@ŒõAƒ‰ƒWƒJƒZ‚ÉƒeƒŒƒr‚ª•t‚¢‚½wƒ‰ƒeƒJƒZx‚ğ‰ù‚©‚µ‚Şu©•ª—p‚ÌƒeƒŒƒr‚ª‚ ‚é‚Á‚Ä‚·‚²‚¢‚±‚Æ‚¾‚©‚çv,https://news.yahoo.co.jp/articles/44e1dd933db5e7d3ae51c44d1f05a4ae783bb897,11/15(…) 11:40
nshaberu,ƒjƒbƒ|ƒ“•ú‘—,ŠCŠOƒXƒ}ƒzƒQ[ƒ€–‹ÆÒ‚ÌuÁ”ïÅv@‘åèITŠé‹Æ‚©‚çŠÔÚ’¥ûŒŸ“¢,https://news.yahoo.co.jp/articles/26286c5537755b20c11741e72e1dd8f5f66f15ad,11/15(…) 11:40
nshaberu,ƒjƒbƒ|ƒ“•ú‘—,ƒI[ƒhƒŠ[á—ÑA“Œ‹ƒh[ƒ€ƒ‰ƒCƒu‚Ìg–ì‹…‚Á‚Û‚¢hVƒOƒbƒYu‚±‚ê‚ğ’…‚ÄA‚İ‚ñ‚È‚ÅW‚Ü‚è‚½‚¢v,https://news.yahoo.co.jp/articles/85590c9bae3abfc914f12401ceacdad10cec9c1c,11/15(…) 11:35
nshaberu,ƒjƒbƒ|ƒ“•ú‘—,•ó’Ë‰ÌŒ€’c€–S–â‘è@Œ€’c‘¤‚Íu‚Ç‚Ì‚æ‚¤‚É’²¸‚µ‚½‚Ì‚©v–¾‚ç‚©‚É‚·‚é‚×‚«,https://news.yahoo.co.jp/articles/3082bb62210dca0e4d04c3014762e503ff985d21,11/15(…) 11:35
nshaberu,ƒjƒbƒ|ƒ“•ú‘—,ƒ}ƒaƒ‰ƒu–ì“cu“¯‚¶êŠ‚Å2˜A”‘‚µ‚Ü‚µ‚½v ‚±‚¿‹T‚Ì‰e‹¿‚ÅŒQ”nŒ§‚Ì‰·ò‚Ö,https://news.yahoo.co.jp/articles/ba772b455beaa9fabe53c1b2bb5d75a988c01670,11/15(…) 11:30
nshaberu,ƒjƒbƒ|ƒ“•ú‘—,”T–Øâ46ANewƒVƒ“ƒOƒ‹uMonopolyv‚ğ‰”â˜I@‰ü‘•’†‚ÌuSHIBUYA TSUTAYAv‚ğƒXƒe[ƒW‚É,https://news.yahoo.co.jp/articles/4b68ff798c0d007f208f86039ac52a3071fbb8b8,11/15(…) 11:25
nshaberu,ƒjƒbƒ|ƒ“•ú‘—,u‚³‚Â‚Ü`v‚ÉŒ{“÷‚ªg‚í‚ê‚é‚æ‚¤‚É‚È‚Á‚½uŒŒ‹C·‚ñ‚È—R—ˆv,https://news.yahoo.co.jp/articles/ba4849d0f6a2903c6fc2695c90b37f1940327859,11/15(…) 11:25
nshaberu,ƒjƒbƒ|ƒ“•ú‘—,uƒiƒ|ƒŠƒsƒbƒcƒ@v‚Ì“X‚ğŠJ‹Æ‚·‚éÛ‚Él‚¦‚½A‚¢‚Ü‚Å‚±‚»“–‚½‚è‘O‚É‚È‚Á‚Ä‚¢‚éu‚ ‚é‰‰ov@SALVATORE CUOMO INTERNATIONAL ‘ã•\æ’÷–ğ‰ï’·EƒTƒ‹ƒ”ƒ@ƒg[ƒŒEƒNƒIƒ‚,https://news.yahoo.co.jp/articles/468b307fa0232a0b652a754c6a6e304527290963,11/15(…) 11:20
nshaberu,ƒjƒbƒ|ƒ“•ú‘—,ƒKƒU’n‹æ‚ÌŒ»ó@uH‚×‚é‚à‚Ì‚ğ’T‚µ‚Ä‰½‚Æ‚©¶‚«‰„‚Ñ‚Ä‚¢‚éBŒ»À‚ğ”F¯‚µ‚Ä‚Ù‚µ‚¢v“ú–{lƒ{ƒ‰ƒ“ƒeƒBƒA‚ª¶X‚µ‚­Œê‚é,https://news.yahoo.co.jp/articles/33a713c731cac7dd474b0309d077b9c4deb7d9a4,11/14(‰Î) 19:25
nshaberu,ƒjƒbƒ|ƒ“•ú‘—,‚»‚ê‚Å‚àuƒAƒuƒ‰ƒnƒ€‡ˆÓv‚ÉŠî‚Ã‚­uƒAƒ‰ƒu‚ÆƒCƒXƒ‰ƒGƒ‹‚ÌÚ‹ßv‚ªI‚í‚é‚±‚Æ‚Í‚È‚¢,https://news.yahoo.co.jp/articles/29aeedcf7065062114b255482fbfd28dea440d65,11/14(‰Î) 19:05
nshaberu,ƒjƒbƒ|ƒ“•ú‘—,•Ä‘å“—Ì‘I@ƒgƒ‰ƒ“ƒvÄ‘I‚ğ”Û’è‚Å‚«‚È‚¢u­¡“I“àíó‘Ô‚ÌƒAƒƒŠƒJv,https://news.yahoo.co.jp/articles/ef42054a3a3a1735b6b67c7774de7d523949ebd9,11/14(‰Î) 19:00
nshaberu,ƒjƒbƒ|ƒ“•ú‘—,u¼–{lu‚³‚ñ‚ª•s‹@Œ™‚¾‚Á‚½‚í‚¯‚¶‚á‚È‚¢‚Å‚·vƒLƒ“ƒOƒIƒuƒRƒ“ƒgEƒtƒ@ƒCƒiƒŠƒXƒg‚ª–¾‚©‚µ‚½w‘åŠì—˜ƒRƒ“ƒgx‰\‚Ì^‘Š,https://news.yahoo.co.jp/articles/96d0da592242e3c6ff7f566e74ba0079ee502f81,11/14(‰Î) 18:55
nshaberu,ƒjƒbƒ|ƒ“•ú‘—,Œ³NHKƒAƒiE–xA¡”N‚Ìg”’‰Ì‡í‚ÍudØ‚è’¼‚µ‚Ä‚à‚æ‚©‚Á‚½‚Ì‚Å‚Ív,https://news.yahoo.co.jp/articles/7b90dadaa6c2751634510fb648d8e98c468ea96c,11/14(‰Î) 18:35
nshaberu,ƒjƒbƒ|ƒ“•ú‘—,w‘æ3Ÿ‘åíx‚ÌƒŠƒXƒN‚ÍH@’““úƒCƒXƒ‰ƒGƒ‹‘åguƒAƒƒŠƒJ‚ªŠOŒğ“I‚ÈP‚ğ—pˆÓ‚µ‚Ä‚­‚ê‚év@’““úƒpƒŒƒXƒ`ƒi‘ã•\uƒvƒƒpƒKƒ“ƒ_‚¾v@–x‚ªæŞ,https://news.yahoo.co.jp/articles/6bd3f518afcc8b5421d54031690e4382d47ac672,11/14(‰Î) 18:25
nshaberu,ƒjƒbƒ|ƒ“•ú‘—,²‹vŠÔésu‰½‚â‚Á‚Ä‚ñ‚¾‚æAƒ]ƒtƒB[Iv ‹Ù‹}‰ğU‚ğÉ‚µ‚Ş,https://news.yahoo.co.jp/articles/e85e3ae22f594e3ef7c61277264519ea761d780b,11/14(‰Î) 17:50
nshaberu,ƒjƒbƒ|ƒ“•ú‘—,”T–Øâ46 ‹v•Ûj—¢uÓ”CŠ´‚ğ‚¿‚Â‚Â‚àAŠy‚µ‚İ‚È‚ª‚ç‚Å‚«‚½‚ç‚Æv‚Á‚Ä‚¨‚è‚Ü‚·v @24ŠÔ¶ƒ‰ƒWƒIuƒ~ƒ…[ƒWƒbƒNƒ\ƒ“v‰‰‡ƒƒbƒZ[ƒW‚ÉŠ´Ó,https://news.yahoo.co.jp/articles/df69f18d561e8fb614ef40d72d0aa28cd53477a3,11/14(‰Î) 17:45
nshaberu,ƒjƒbƒ|ƒ“•ú‘—,ƒoƒCƒfƒ“EK‹ß•½‰ï’k‚ÌÅ‘å‚Ìƒ|ƒCƒ“ƒg‚ÍuŠÖŒW‚Ì‰ü‘Pv‚Å‚Í‚È‚¢,https://news.yahoo.co.jp/articles/8291e65eed64d06cef7f38ba781713ad0d1d4def,11/14(‰Î) 17:40
nshaberu,ƒjƒbƒ|ƒ“•ú‘—,•ÄŠØu—}~í—ªv‚ğ10”N‚Ô‚è‚É‰ü’è@ƒƒVƒA‚©‚çSLBM‚Ì‹Zp’ñ‹Ÿ‚ğó‚¯‚é–k’©‘N‚É‘Î‚µ,https://news.yahoo.co.jp/articles/a823bd5c71a339f2cf3d9151cd394dfe30fe934e,11/14(‰Î) 17:35
nshaberu,ƒjƒbƒ|ƒ“•ú‘—,’†‘‚ÅS‘©‚Ì“ú–{lu’¦–ğ12”NvŒY‚ªŠm’è@u•Ä’†ƒXƒpƒCí‘ˆv‚Ì‚È‚©‚Åƒ^[ƒQƒbƒg‚Í•Ä“¯–¿‘‚É‚à,https://news.yahoo.co.jp/articles/188ece5fee01266da43e633fa39ed010727de96c,11/14(‰Î) 17:30
nshaberu,ƒjƒbƒ|ƒ“•ú‘—,ƒtƒFƒ“ƒVƒ“ƒOEŒ©‰„˜a–õ@‹àƒƒ_ƒŠƒXƒg‚Ì•’i‚Ì—ûK–@,https://news.yahoo.co.jp/articles/333a143ad6ddc5c26ead1f75e871dde67a65854f,11/14(‰Î) 14:59
nshaberu,ƒjƒbƒ|ƒ“•ú‘—,‚ ‚ÌugŠ^‰»Œ»Ûh‚µ‚È‚¢‚ñ‚¾‚æ‚ËB‚Ş‚µ‚ëD‚«‚É‚È‚év ©g‚Ìï–¡šnD‚ğ”’,https://news.yahoo.co.jp/articles/346248f49fc845ed1793212bb7cad9ce370cb03c,11/14(‰Î) 11:50
nshaberu,ƒjƒbƒ|ƒ“•ú‘—,—Î‰©FĞ‰ïE’·‰®°qAƒƒ“ƒo[¬—Ñ‚Ì‹ÁˆÙ‚Ìg‘Ì”\—Í‚ğĞ‰îuŠw”N1ˆÊ‚É‚È‚Á‚½v,https://news.yahoo.co.jp/articles/7dd3087cdf4645457a255dc5284a1aa47b8f71b0,11/14(‰Î) 11:45
nshaberu,ƒjƒbƒ|ƒ“•ú‘—,_“cà–±•›‘åb‚ª«”C@‚»‚ê‚Å‚àuŠİ“c­Œ ‚ª•ö‚ê‚È‚¢v2‚Â‚Ì——R,https://news.yahoo.co.jp/articles/71c0bb0fb49cba5e4ccd2589e52bbd83b06b729e,11/14(‰Î) 11:35
nshaberu,ƒjƒbƒ|ƒ“•ú‘—,ƒAƒ“ƒK[ƒ‹ƒYRªAˆùH“XƒƒP‚Å“Xå‚©‚çŒ¾‚í‚ê‚½ˆêŒ¾‚ÉƒOƒTƒŠu‚â‚Á‚Ï‚èŠço‚³‚È‚¢‚Æƒ_ƒ‚¾‚Ëv,https://news.yahoo.co.jp/articles/0602a6ab54071d7c8fe50fac50b938613b04400d,11/14(‰Î) 11:30
nshaberu,ƒjƒbƒ|ƒ“•ú‘—,‚¯‚ñ‚¿‚ñ`‚Ì“¤•…‚ÍA‚È‚ºuè‚Å•ö‚µ‚Ä‚©‚çv“ü‚ê‚é‚ÌH,https://news.yahoo.co.jp/articles/650f37c6e895a8ef6bbee81272685951277498ad,11/14(‰Î) 11:25
nshaberu,ƒjƒbƒ|ƒ“•ú‘—,‚¨“X‚ÅH‚×‚éƒsƒbƒcƒ@‚ÆƒfƒŠƒoƒŠ[‚Ìƒsƒbƒcƒ@u‚Â‚­‚è•û‚Í‚Ç‚¤ˆá‚¤‚Ì‚©v@–{êƒiƒ|ƒŠ‚Ìƒsƒbƒcƒ@El‚ª‰ğà,https://news.yahoo.co.jp/articles/faa0b438ce2715ffa0477a02f02fd657f07d7102,11/14(‰Î) 11:20
nshaberu,ƒjƒbƒ|ƒ“•ú‘—,ƒtƒ‚¿‚á‚ñuƒ‰ƒWƒI‚Á‚Ä•ª‚©‚Á‚Ä‚é‚Í‚¸‚¾‚æ‚ËccHv@ƒAƒCƒ“ƒVƒ…ƒ^ƒCƒ“‰Íˆä‚ä‚¸‚é‚ªu“®‰æv‚ÅƒRƒƒ“ƒg‚ğŠñ‚¹‚½‚±‚Æ‚É”šÎ,https://news.yahoo.co.jp/articles/981370fbd684c029d85082f7e4298ad8f041edf9,11/13(Œ) 19:30
nshaberu,ƒjƒbƒ|ƒ“•ú‘—,u‚»‚ê‚¾‚¯‚Å3000‰~‚à‚ç‚¦‚é‚ÌHv@ƒLƒ“ƒOƒIƒuƒRƒ“ƒgEƒtƒ@ƒCƒiƒŠƒXƒg‚ª–¾‚©‚·u•’Ê‚É‚¨‹à‚­‚ê‚évæ”yŒ|l‚Ì–¼‚ÉƒiƒCƒc‚à‹Á‚«,https://news.yahoo.co.jp/articles/5222257b61c91380da7bc3ddc45700d9612a78c2,11/13(Œ) 18:40
nshaberu,ƒjƒbƒ|ƒ“•ú‘—,Šİ“cñ‘Š‚ğˆ‰‚·‚éw‘ÅƒƒKƒlx@—§ìu‚ç‚­u‚±‚Ìˆ«Œû©‘Ì‚ª–â‘è‚¾B‚à‚¤­‚µƒgƒ“ƒ`Œø‚©‚¹‚Äv,https://news.yahoo.co.jp/articles/0bad8acad11ffe15e2929038c71841185ced527f,11/13(Œ) 18:25
nshaberu,ƒjƒbƒ|ƒ“•ú‘—,‚İ‚¿‚å‚ÏAŒ‹¥‹L”O“ú‚Å•vE‘å‘qm–å‚Æ‚Ì—·sŒv‰æ‚ğ—\u‰½‚ÅL“‡‚É‚µ‚½‚©‚Á‚Ä‚¢‚¤‚Æccv,https://news.yahoo.co.jp/articles/750885f1af9eaa7b583fd0fef64c5621e349dfa3,11/13(Œ) 17:50
nshaberu,ƒjƒbƒ|ƒ“•ú‘—,’†“Œî¨‚É’–Ú‚ªW‚Ü‚é‰A‚ÅƒƒVƒA‚ª‰½‚ğH@uƒEƒNƒ‰ƒCƒi‚É’n—‹‚ğƒoƒ‰‚Ü‚¢‚Ä‚¢‚évê–å‰Æ‚ª‰ğà,https://news.yahoo.co.jp/articles/19fa0facedabc49530fab10cadec282c9bd53260,11/13(Œ) 17:45
nshaberu,ƒjƒbƒ|ƒ“•ú‘—,ƒr[ƒgƒ‹ƒYuÅŒã‚ÌV‹Èv‘S‰pƒ`ƒƒ[ƒg1ˆÊ@—§ìu‚ç‚­uAI‹Zp‚ğg‚Á‚½—Ç‚¢‚±‚Æ‚ÉŠú‘Òv,https://news.yahoo.co.jp/articles/7afe5c640fc65274f2fecefdb139c97b8d99ba94,11/13(Œ) 17:35
nshaberu,ƒjƒbƒ|ƒ“•ú‘—,‰w•Ù‚Ì˜a‹ƒnƒ“ƒo[ƒO‚ğ‚æ‚è”ü–¡‚µ‚­I@R—œ‚Ì‰w•Ù‰®‚³‚ñ‚Ì‚Ğ‚ÆH•v‚Æ‚ÍH,https://news.yahoo.co.jp/articles/aef6c9409ab2a3565986ac3f0623febdf7b7c30f,11/13(Œ) 11:55
nshaberu,ƒjƒbƒ|ƒ“•ú‘—,u“ú’†ñ”]‰ï’kvÀŒ»‚ÌÛA“ú–{‚ª‚·‚é‚×‚«‚±‚Æ,https://news.yahoo.co.jp/articles/bd5754e870632e7c069b400ae2e55a9520ae61f7,11/13(Œ) 11:40
nshaberu,ƒjƒbƒ|ƒ“•ú‘—,•Ä’†ñ”]‰ï’k‚É‘O‚Ì‚ß‚è‚É‚È‚é•Ä­•{‚ÌuŠ¨ˆá‚¢v,https://news.yahoo.co.jp/articles/037d6feb239d202efb79892dbba29b2ccabe7092,11/13(Œ) 11:35
nshaberu,ƒjƒbƒ|ƒ“•ú‘—,•Ä‚Å‰ßèÛæ‚ª–â‘è‚ÌuƒtƒFƒ“ƒ^ƒjƒ‹v@Œ´—¿‹Ÿ‹‹‚Í’†‘‚ÅuŒ»‘ã”ÅƒAƒwƒ“í‘ˆv@•õ‘ºŒ’i‚ª‰ğà,https://news.yahoo.co.jp/articles/c6b1fb4905717dbc114ca7a78265ee9dbf91a1a1,11/13(Œ) 11:30
nshaberu,ƒjƒbƒ|ƒ“•ú‘—,u–¡‘X`v‚Í‚¢‚Â‚©‚ç“ú–{‚ÅH‚×‚ç‚ê‚Ä‚¢‚é‚ÌH,https://news.yahoo.co.jp/articles/31878af0506bab2d35265b8417217693ef041d87,11/13(Œ) 11:25
nshaberu,ƒjƒbƒ|ƒ“•ú‘—,–{êƒiƒ|ƒŠ‚Ìƒsƒbƒcƒ@El‚ªŒê‚éuƒiƒ|ƒŠƒsƒbƒcƒ@v‚ÆuƒAƒƒŠƒJƒ“ƒsƒbƒcƒ@v‚Ìˆá‚¢,https://news.yahoo.co.jp/articles/c17cbccb3ddbd33b9d39259eba7454f4defbb89f,11/13(Œ) 11:20
nshaberu,ƒjƒbƒ|ƒ“•ú‘—,ƒ^ƒŒƒ“ƒgE—é–Ø‚ ‚«‚¦‚ª‹ê‚µ‚ñ‚¾u‚×‚«ƒIƒoƒPv‚Ì³‘Ì,https://news.yahoo.co.jp/articles/b7e50a2820cebee528d4da4be08fcd056805a537,11/13(Œ) 11:06
nshaberu,ƒjƒbƒ|ƒ“•ú‘—,’†‘º‰ërAƒWƒ‡[ƒWEƒnƒŠƒXƒ“‚Æ‚Ìç®ç‚ğ‘z‚¢AƒUEƒr[ƒgƒ‹ƒYV‹ÈuƒiƒEEƒAƒ“ƒhEƒ[ƒ“v‚ÉŠ´Œƒ,https://news.yahoo.co.jp/articles/6656ecaaa041fde99c0b151089e6ef5c029217e9,11/13(Œ) 7:55
nshaberu,ƒjƒbƒ|ƒ“•ú‘—,ŸNâ46 ˆäã—œ–¼•ã‘ºä»Øuâ^‹Ø“÷’É‚Å‚·iÎjv ”N—î‚Æ‚Ìˆö‰ÊŠÖŒW‚ğ„@,https://news.yahoo.co.jp/articles/a62346a9adacb3db9b960d842e499a406bfaa5c1,11/12(“ú) 11:50
nshaberu,ƒjƒbƒ|ƒ“•ú‘—,ƒ}ƒaƒ‰ƒu‘ºãA11Œ‚Æ‚Ív‚¦‚È‚¢—z‹C‚ÉuƒZƒ~A–Â‚¢‚Ä‚È‚¢‚Å‚·‚æ‚ËHv,https://news.yahoo.co.jp/articles/dcb4c7a1ac230b5782946f50deeb699f357dfb85,11/12(“ú) 11:45
nshaberu,ƒjƒbƒ|ƒ“•ú‘—,u‘åã‚ÅŠC‘Û‚Æ‚¢‚¦‚Îg–¡•t‚¯ŠC‘Ûh‚È‚ñ‚Å‚·‚ævÎ•Ÿ’à’ß•r‚ªŒê‚éAŠC‘Û‚Ö‚Ì‚±‚¾‚í‚è,https://news.yahoo.co.jp/articles/61180805b2c8fa959aab134bb0c8d29d2034a3ec,11/12(“ú) 11:40
nshaberu,ƒjƒbƒ|ƒ“•ú‘—,ƒAƒ“ƒK[ƒ‹ƒY“c’†u3‰ñ‚ÌUŒ‚‚ªŠÛX‰ß‚¬‚¿‚á‚Á‚½v –ì‹…ŠÏí’†‚É“Ë”@n‚Ü‚Á‚½Œ‹¥‘Š’k‚É‹êÎ‚¢,https://news.yahoo.co.jp/articles/323615dfeaeafd5879c53359280917d1bbe4c430,11/12(“ú) 11:30
nshaberu,ƒjƒbƒ|ƒ“•ú‘—,ˆÉW‰@Œõu¤“XŠX‚É‚æ‚Á‚ÄA‚Ğ‚¢‚«‚Ìƒ‰ƒWƒI‹Ç‚ªˆá‚¤‚ñ‚¾‚æ‚Ëv@—lX‚È“X“ª‚©‚çƒ‰ƒWƒI‚ª’®‚±‚¦‚Ä‚­‚é¤“XŠX‚ÌŠÂ‹«‚ğŒê‚é,https://news.yahoo.co.jp/articles/1c5ab6e5234030f091f28feac42163ee7219cfa6,11/11(“y) 12:15
nshaberu,ƒjƒbƒ|ƒ“•ú‘—,JO1‘å•½Ë¶A•iìƒqƒƒVŠÄ“Â’¼X‚Ìè”„‚è‰ï‚ÉQ‰Áu–{“–‚ÉA•iì‚³‚ñ‚ª•’Ê‚É—§‚Á‚Ä‚¢‚ÄB‚à‚¤AÕŒ‚‚·‚¬‚ÄIv,https://news.yahoo.co.jp/articles/e9e92de63e4a1457155acdc792581b3850324c6d,11/11(“y) 11:45
nshaberu,ƒjƒbƒ|ƒ“•ú‘—,‚à‚àƒNƒE‹ÊˆäDA‹—Í0.3‚ª1.2‚É©‘R‰ñ•œu„‚Ì‚¨ŒZ‚¿‚á‚ñ‚à“¯‚¶‚È‚ñ‚Å‚·‚æv,https://news.yahoo.co.jp/articles/133ebf237fbfd1c28ee82a87903084b2d7a7103f,11/11(“y) 11:40
nshaberu,ƒjƒbƒ|ƒ“•ú‘—,‰f‰æ‚ÍĞ‰ï‚ğ•Ï‚¦‚ç‚ê‚éI@u‘æ36‰ñ“Œ‹‘Û‰f‰æÕvƒŒƒ|[ƒg,https://news.yahoo.co.jp/articles/f90a7a0d12812af9280692e75506ecff3fe9feac,11/11(“y) 11:30
nshaberu,ƒjƒbƒ|ƒ“•ú‘—,uŠj‚Ì‚²‚İvÅIˆ•ª–â‘è@u‘¼‚Ì‚²‚İ–â‘è‚Æ“¯‚¶cc‚Ü‚¸‚Í’m‚é‚±‚Æ‚ª‘åØvê–å‰Æ‚ªw“E,https://news.yahoo.co.jp/articles/490de0cb893e50b9eeed2da43e0ea3b10a7af0f8,11/11(“y) 9:00
nshaberu,ƒjƒbƒ|ƒ“•ú‘—,”T–Øâ46 V‹ÈuMonopolyv‰”â˜I”zMƒ‰ƒCƒuuMonopoly First LivevYouTube¶”zMŒˆ’èI@11Œ14“úi‰Îj20:30`,https://news.yahoo.co.jp/articles/e991ffa57e2bb3e6f3b882370bae5d5f6c944707,11/10(‹à) 21:00
nshaberu,ƒjƒbƒ|ƒ“•ú‘—,–l‚ªŒ©‚½‚©‚Á‚½Â‹óE‘í•‚·‚¸‚«A–ö–x‰Ô—å‚ÌƒoƒbƒO‚Ì’†g‚Éu‘å‘Ì‚¢‚ç‚È‚©‚Á‚½iÎjv,https://news.yahoo.co.jp/articles/8979978da2adfa65e645e18183c83921f5bc3058,11/10(‹à) 18:20
nshaberu,ƒjƒbƒ|ƒ“•ú‘—,‰ª‘ºE–î•”u‚ß‚¿‚á‚­‚¿‚áŒ©“|‚µ‚Ä‚½v@‘O‰ñ‚Ìã_“ú–{ˆê‚Ì”Nw1985”N‚Ìl‹CƒeƒŒƒr”Ô‘gx‚ğU‚è•Ô‚é,https://news.yahoo.co.jp/articles/f46102324a70f9e4b6cee8771a1845a1c7e83ffa,11/10(‹à) 17:50
nshaberu,ƒjƒbƒ|ƒ“•ú‘—,‹à—˜‚ğã‚°‚é‚í‚¯‚É‚àA‰º‚°‚é‚í‚¯‚É‚à‚¢‚©‚¸u‹ê‚µ‚¢—§êv‚Ì“ú‹âEA“c‘Ù,https://news.yahoo.co.jp/articles/1b5859d591dbfb4380d6582816742fb6e475d95f,11/10(‹à) 17:30
nshaberu,ƒjƒbƒ|ƒ“•ú‘—,ˆÉW‰@ŒõA‹ó`‚Å‹ƒ‚«‚È‚ª‚çt ‚É“y‰ºÀ‚µ‚½‰ß‹‚ğ–¾‚©‚·u‘«‚É‚µ‚ª‚İ‚Â‚¢‚Äccv,https://news.yahoo.co.jp/articles/4dc88dcb23303b2b763c011327ef43b516c3990d,11/10(‹à) 17:00
nshaberu,ƒjƒbƒ|ƒ“•ú‘—,—L“­—R”üqAã_38”N‚Ô‚è‚Ì“ú–{ˆê‚Ìuƒr[ƒ‹‚©‚¯v‚ÅŠ‚Á‚½u–²v‚ğ”M‚­Œê‚é,https://news.yahoo.co.jp/articles/7d3b1826282eb6e8af02dbdcc90c4f5a2b0f39af,11/10(‹à) 16:05
nshaberu,ƒjƒbƒ|ƒ“•ú‘—,‘²‹Æ¶—Bˆê‚ÌŒ|lIH@ƒ‰ƒ“ƒpƒ“ƒvƒX›“à‚ª‹³ˆçÒ‚ğˆç‚Ä‚é•êZA“Œ‹ŠwŒ|‘åŠw‚ÉŠMùæŞI,https://news.yahoo.co.jp/articles/ab782e62426c81c4abd9ab994aebaabd76f41c3a,11/10(‹à) 15:00
nshaberu,ƒjƒbƒ|ƒ“•ú‘—,Ol˜YAƒ‚ƒOƒ‰ƒCƒ_[E‚Æ‚à‚µ‚°‚Ìƒsƒ“ƒ`‚É—§‚¿ã‚ª‚é‚àuƒEƒP‚½‚ç‚à‚¤A‘S‘RŒÄ‚Ñ‚Ü‚È‚¢v,https://news.yahoo.co.jp/articles/3ddb93828e5843f86448f4e75a1b786d73850dc4,11/10(‹à) 12:10
nshaberu,ƒjƒbƒ|ƒ“•ú‘—,À‚è‚ÌH•g—t‚ÌHI@H‚ÌƒJƒ‰ƒtƒ‹‚ÈÔ‘‹‚ğ’­‚ß‚Ä–¡‚í‚¢‚½‚¢AVŠƒ‚ÌƒJƒ‰ƒtƒ‹‚È‚¿‚ç‚µõi‰w•Ù‚Æ‚ÍH,https://news.yahoo.co.jp/articles/5d6fbea6c17ef58433d2f197452abe05bba353a2,11/10(‹à) 11:55
nshaberu,ƒjƒbƒ|ƒ“•ú‘—,EXITŒ“‹ßAƒcƒA[æ‚Ì‰·òh‚Å‹N‚±‚Á‚½‚¤‚ê‚µ‚¢ƒnƒvƒjƒ“ƒOuƒI[ƒi[‚ª•”‰®‚É–K‚Ë‚Ä‚«‚Äccv,https://news.yahoo.co.jp/articles/92c339626040b8a598a0034144517eda8019af03,11/10(‹à) 11:50
nshaberu,ƒjƒbƒ|ƒ“•ú‘—,‘š~‚è–¾¯E‘e•iAƒ^[ƒgƒ‹ƒlƒbƒN‚Ìw“ü‚ÅŠ‹“¡u‚â‚ß‚Æ‚±‚¤‚©‚È‚Æ‚àv‚Á‚½v,https://news.yahoo.co.jp/articles/d5e9f46ae2697c28cc38e1eb31b3b3f2b207604c,11/10(‹à) 11:45
nshaberu,ƒjƒbƒ|ƒ“•ú‘—,•Ä’†ñ”]‰ï’k@‚Ü‚¸‚Íu‘Î˜b‚·‚év‚Æ‚¢‚¤‚Æ‚±‚ë‚©‚ç,https://news.yahoo.co.jp/articles/894c052e12d5b30fb59590ddd62f2cbc78175506,11/10(‹à) 11:40
nshaberu,ƒjƒbƒ|ƒ“•ú‘—,ƒrƒbƒOƒ‚[ƒ^[u•ÛŒ¯‘ã—“X“o˜^væ‚èÁ‚µ‚Ö@Œğ’Ê–ŒÌŒ¸­‚Åu–ŒÌÔ—¼C—‚Åû‰v‚ğã‚°‚évƒrƒWƒlƒX‚ª¬‚è—§‚½‚È‚¢,https://news.yahoo.co.jp/articles/e10365d8f0a3b24c17750895d8f10e5c808f5881,11/10(‹à) 11:35
nshaberu,ƒjƒbƒ|ƒ“•ú‘—,u‰^–½‚ÌÔ‚¢…v@ÔF‚Ì³‘Ì‚Íu“yv‚¾‚Á‚½H,https://news.yahoo.co.jp/articles/318a516d95fc42c045494e0b6149b0dbb8960e76,11/10(‹à) 11:25
nshaberu,ƒjƒbƒ|ƒ“•ú‘—,uVQÒLIVE at THEATER MILANO-ZavŠJÃ‹L”O@gQhâ“¹‚ÌYouTubeƒ`ƒƒƒ“ƒlƒ‹‚É‚ÄgQhâ“¹ƒLƒƒƒvƒeƒ“‘Î’k“¯¶”zMŒˆ’èI,https://news.yahoo.co.jp/articles/43627ff7958120072dd2b77ea263aacbe38ba527,11/9(–Ø) 23:20
nshaberu,ƒjƒbƒ|ƒ“•ú‘—,ƒoƒCƒfƒ“‚ÌƒAƒ‰ƒuŒnx‚ª‹}—‚Ì¢˜_’²¸@u•K‚¸‚µ‚à‚ ‚Ä‚É‚È‚é‚í‚¯‚Å‚Í‚È‚¢vh–V¡˜Y‚ª‰ğà,https://news.yahoo.co.jp/articles/d15eb99c20a1f6ae0beedb83b774c88971baa20c,11/9(–Ø) 18:45
nshaberu,ƒjƒbƒ|ƒ“•ú‘—,ƒI[ƒhƒŠ[A“Œ‹ƒh[ƒ€ƒ‰ƒCƒuVƒOƒbƒY‚Ì‹Â“Vƒvƒ‰ƒ“–¾‚©‚·u–{“–‚Éì‚é‚©‚Í‚í‚©‚ç‚È‚¢‚¯‚Çccv,https://news.yahoo.co.jp/articles/48a0b7f02e5317d515633074243cabb96770b9aa,11/9(–Ø) 17:50
nshaberu,ƒjƒbƒ|ƒ“•ú‘—,uŠİ“cñ‘ŠA”N“à‰ğUŒ©‘—‚èv•ñ“¹‘ŠŸ‚®@u‘Ê–Ú‚Å‚à‚Æ‚à‚ÆBƒCƒ`‚©ƒoƒ`‚©‚Å‘Å‚Á‚Äo‚é‰Â”\«‚à‚ ‚évh–V¡˜Y‚ªw“E,https://news.yahoo.co.jp/articles/365680cc3512efd63e2141f5a1cb24641d3d4c1b,11/9(–Ø) 17:45
nshaberu,ƒjƒbƒ|ƒ“•ú‘—,"ƒLƒ“ƒOƒIƒuƒRƒ“ƒg—DŸEƒTƒ‹ƒSƒŠƒ‰u‚¨‚Î‚ ‚¿‚á‚ñ‚É–ˆ“ú1,000‰~‚à‚ç‚Á‚Ä‚¢‚év@Ô‰H‚Ìgƒ„ƒo‚³h‚ğ™‹Ê‚ªŸX–\˜I",https://news.yahoo.co.jp/articles/dafea8475091a87887002f9154e16df324d9ab90,11/9(–Ø) 17:35
nshaberu,ƒjƒbƒ|ƒ“•ú‘—,NYƒ^ƒCƒ€ƒY‚Ìw“ÇÒ‚ª1000–œl“Ë”j@u“Æ‚èŸ‚¿BƒAƒƒŠƒJ‚Å‚à‘¼†‚ÍŒµ‚µ‚¢vh–V¡˜Y‚ª‰ğà,https://news.yahoo.co.jp/articles/640a35a7faedbefb3829ef85d46d1f6583c449b4,11/9(–Ø) 17:00
nshaberu,ƒjƒbƒ|ƒ“•ú‘—,ˆÉW‰@ŒõuÌ‚Íƒhƒ‰ƒ}‚Ì•ú‘—ŠÔ‚É‡‚í‚¹‚Äs“®‚ğccv@©•ª‚ÌŠÔ‚É‡‚í‚¹‚ÄƒeƒŒƒrEƒ‰ƒWƒI‚ğŠy‚µ‚ß‚é‚æ‚¤‚É‚È‚Á‚½•Ï‰»‚ğŒê‚é,https://news.yahoo.co.jp/articles/13fc90e3705d6760f39d0458fba29e2a03d4e5d5,11/9(–Ø) 11:50
nshaberu,ƒjƒbƒ|ƒ“•ú‘—,Ol˜YE‘Š“cAƒAƒ‹ƒs[•½q‚Ìî•ñûW‚Ì‘‚³‚Éuâ‘Î‚ÉƒGƒSƒT‚¾‚ëiÎjv,https://news.yahoo.co.jp/articles/204a301cd49bf7c3530f094665283683bae1ad02,11/9(–Ø) 11:40
nshaberu,ƒjƒbƒ|ƒ“•ú‘—,Š“¾Œ¸Å‚ğ12Œ‚É‚Ís‚í‚È‚¢Šİ“c‘—@uàŒ¹‚Í50’›‰~‚à‚ ‚é‚Ì‚ÉA‚È‚ºa‚é‚Ì‚©v‚‹´—mˆê‚ªw“E,https://news.yahoo.co.jp/articles/c0d40baf8ce01da4334ef2b9adbd54dbcf65b9c3,11/9(–Ø) 11:30
nshaberu,ƒjƒbƒ|ƒ“•ú‘—,o‰_‘åĞ‚Ìu_İÕv@‹ï‘Ì“I‚É‚Ç‚ñ‚È‚±‚Æ‚ğ‚·‚é‚ÌH,https://news.yahoo.co.jp/articles/6401c1d2bec4cd99e0cb8c0cdeba5f2cfacf423f,11/9(–Ø) 11:25
nshaberu,ƒjƒbƒ|ƒ“•ú‘—,”T–Øâ46@34thƒVƒ“ƒOƒ‹@ƒ^ƒCƒgƒ‹‚ÍuMonopolyv@ƒWƒƒƒPƒbƒgÊ^ŒöŠJ,https://news.yahoo.co.jp/articles/b1c26703afec92c68400b372d68e9ab3b6306af5,11/8(…) 19:32
nshaberu,ƒjƒbƒ|ƒ“•ú‘—,—§–¯Eò‘ã•\u­Œ Œğ‘ã5”NŒãv”­Œ¾‚É¬‘ò‹êŒ¾‚àAu‚»‚à‚»‚àŒó•âÒ”‚ª‘«‚è‚Ä‚¢‚È‚¢vh–V¡˜Y‚ªˆêR,https://news.yahoo.co.jp/articles/9d9e91adbf41bbf2ed7dc6669979b685146c32a0,11/8(…) 19:10
nshaberu,ƒjƒbƒ|ƒ“•ú‘—,ƒR[ƒ‹ƒZƒ“ƒ^[‚Å•Û—¯’†‚ÌŠÔA‚±‚¿‚ç‚Ìº‚ÍƒIƒyƒŒ[ƒ^[‚É“›”²‚¯H ÕŒ‚‚Ì–À‚ÉƒiƒCƒc‚à‹Áœ±u‚¦A•·‚©‚ê‚Ä‚é‚ÌHv,https://news.yahoo.co.jp/articles/ab98e0fc319ace1bef5465e0765031012d07b034,11/8(…) 18:00
nshaberu,ƒjƒbƒ|ƒ“•ú‘—,À¿’À‹à 18ƒJŒ˜A‘±ƒ}ƒCƒiƒX‚ÌƒJƒ‰ƒNƒŠ@uŠî–{‹‹‚ğã‚°Aƒ{[ƒiƒX‚ğ‰º‚°‚Ä‚¢‚é‚©‚çvê–å‰Æ‚ª‰ğà,https://news.yahoo.co.jp/articles/1fcfb0964d70c68e0c71dcb9424bbb733b3c2cc8,11/8(…) 17:56
nshaberu,ƒjƒbƒ|ƒ“•ú‘—,‚È‚ºuŠ“¾ÅvŒ¸Å‚ğ¡‘‰ï‚Åˆ—‚µ‚È‚¢‚Ì‚©u—‰ğ‚Å‚«‚È‚¢v@‚‹´—mˆê‚ªŒ¾‹y,https://news.yahoo.co.jp/articles/823828c58df732337ca179027f004071d6ec61eb,11/8(…) 17:40
nshaberu,ƒjƒbƒ|ƒ“•ú‘—,u–h‰q‘•”õˆÚ“]OŒ´‘¥v‰^—pwjŒ©’¼‚µ@u“ú–{‚àƒlƒKƒeƒBƒuƒŠƒXƒg•û®‚É•Ï‚¦‚é‚×‚«v‚‹´—mˆê‚ªw“E,https://news.yahoo.co.jp/articles/ddbb9ff8a356abdc0f5b336483f0d1ade81804de,11/8(…) 17:35
nshaberu,ƒjƒbƒ|ƒ“•ú‘—,ƒRƒƒiŠÖ˜A‚Ì•s“KØxou100’›‰~—\Z‚Ì0.1%v‚Í’á‚·‚¬‚é”š@‚‹´—mˆê‚ª‰ïŒvŒŸ¸‰@‚Ì•ñ‚É‹^–â,https://news.yahoo.co.jp/articles/257cd4cf6068fdfdbb96acfb8f0fc225e6020ba8,11/8(…) 17:30
nshaberu,ƒjƒbƒ|ƒ“•ú‘—,62Î‚Ìƒ_ƒCƒrƒ“ƒOƒKƒCƒh@¬Š}Œ´‚É–£“ü‚ç‚êu3”N‚Å‹A‚év‚Æ–ñ‘©‚àu36”Nv‚É,https://news.yahoo.co.jp/articles/56b7bfdcd5d6c0f06d0637746d9bea787e5678e0,11/8(…) 17:25
nshaberu,ƒjƒbƒ|ƒ“•ú‘—,uƒoƒEƒA[Œê˜^v‚ÅU‚è•Ô‚é@ƒTƒCEƒ„ƒ“ƒOÜ“ŠèŒƒ“®‚Ì1”N,https://news.yahoo.co.jp/articles/f53804f4f8c3d3b5a7ce4ed1229144134dbb8d22,11/8(…) 17:20
nshaberu,ƒjƒbƒ|ƒ“•ú‘—,XR—ÇqANY‚©‚ç‘å]ç—¢‚Æ¶•ú‘—u¡“ú‚Í‰½H‚×‚æ‚¤‚©Hv@¶ƒZƒbƒVƒ‡ƒ“‚à”â˜II,https://news.yahoo.co.jp/articles/76137b61deaa48e86e93461a294674df77e0e38a,11/8(…) 15:00
nshaberu,ƒjƒbƒ|ƒ“•ú‘—,‹Œ“ˆê‹³‰ï‚ª‰ïŒ©@ƒtƒŠ[ƒ‰ƒ“ƒX‚Ì‹LÒA‚Ù‚ÚŒÄ‚Î‚ê‚¸,https://news.yahoo.co.jp/articles/3a35defc01391e8fe6ce1f9a31d07188e575570c,11/8(…) 12:25
nshaberu,ƒjƒbƒ|ƒ“•ú‘—,²‹vŠÔésACMo‰‰‚ÌŒoˆÜ‚ğ–¾‚©‚·uÈ‚ªwÅ‚‚¾‚ËIx‚Á‚Äccv,https://news.yahoo.co.jp/articles/a3a1b792bc01181f179800febe3991d38d7a3187,11/8(…) 12:10
nshaberu,ƒjƒbƒ|ƒ“•ú‘—,¬’M‚Ì‰w•Ù‰®‚³‚ñ‚Ìu‰w•Ù‚Ã‚­‚èv‚Ì‚±‚¾‚í‚è‚Æ‚ÍH,https://news.yahoo.co.jp/articles/de227714c153d069e80ce6eac2fc824e3c2be7bd,11/8(…) 11:55
nshaberu,ƒjƒbƒ|ƒ“•ú‘—,JO1ìK˜@‚ª‹C‚É‚È‚éƒWƒƒƒJƒ‹ƒ^—¿—@²“¡ŒiŒèu“‚hqƒ}[ƒNA‰½ŒÂ‚Â‚¢‚Ä‚¢‚½‚ñ‚Å‚·‚©Hv,https://news.yahoo.co.jp/articles/ff759babd1c3dd32c7b9f2b299ab8829ea4683e6,11/8(…) 11:50
nshaberu,ƒjƒbƒ|ƒ“•ú‘—,ˆÉW‰@ŒõA—â‘ ŒÉ‚Éƒwƒ\ƒNƒŠ‚ª‰B‚³‚ê‚Ä‚¢‚½‘ã‚ğ‰ù‚©‚µ‚Şu‰B‚µ‚Ä‚½‚æ‚ËH ‚¨‚Î‚ ‚¿‚á‚ñ‚½‚¿v,https://news.yahoo.co.jp/articles/5e582a0cd72a5e79e3c1687319c2654d65c39c7c,11/8(…) 11:45
nshaberu,ƒjƒbƒ|ƒ“•ú‘—,•Ä’†uAIƒŠƒXƒNŠÇ—v‚ÉŒü‚¯‚½‘Û‹¦’²‚Å‡ˆÓ‚àu–{‰¹‚Ì•”•ªv‚Å÷‚é‚±‚Æ‚Í‚È‚¢,https://news.yahoo.co.jp/articles/c46e093a568bb28124e4e8d6e242c896ec83b110,11/8(…) 11:30
nshaberu,ƒjƒbƒ|ƒ“•ú‘—,o‰_‘åĞ‚Ìu³®‚È“Ç‚İ•ûv‚Á‚Ä‰½H,https://news.yahoo.co.jp/articles/07853a5197319d7b5ee0902de6ae332397085bf5,11/8(…) 11:25
nshaberu,ƒjƒbƒ|ƒ“•ú‘—,•lŒû‹qu„AŒ¢‚È‚ñ‚¶‚á‚È‚¢‚©‚Èv@“Ë‘R‚Ì”’‚ÉƒiƒCƒc‚ç”šÎ,https://news.yahoo.co.jp/articles/7a8ab5121b80cbc89fe3810a2d854d9ed4820ea9,11/7(‰Î) 19:40
nshaberu,ƒjƒbƒ|ƒ“•ú‘—,‰îŒìEˆõ‚Ì’À‹à@2024”N2Œ‚©‚çŒ6000‰~ˆø‚«ã‚°@u”ñí¯‚¾vh–V¡˜Y‚ª‹êŒ¾,https://news.yahoo.co.jp/articles/b1f5e55eac0c75bf18f82816a154f77523ef556d,11/7(‰Î) 18:50
nshaberu,ƒjƒbƒ|ƒ“•ú‘—,ƒoƒCƒfƒ“‘å“—Ì‚ªƒlƒ^ƒjƒ„ƒtñ‘Š‚Æuí“¬‚Ìˆê’â~v‹¦‹c‚·‚é‚àuŒƒ“{v,https://news.yahoo.co.jp/articles/af31737f47022fba0e847965d27dbcb7645ecd59,11/7(‰Î) 18:00
nshaberu,ƒjƒbƒ|ƒ“•ú‘—,ƒlƒbƒg‚É– ‰„‚·‚é‹Uî•ñ@uƒvƒ‰ƒbƒgƒtƒH[ƒ€‘¤‚Ì‹K§‹­‰»‚àŒŸ“¢‚·‚×‚«‚¾vê–å‰Æ‚ªw“E,https://news.yahoo.co.jp/articles/981419264145a6c9643f6c1d05a5a2701382db3b,11/7(‰Î) 17:55
nshaberu,ƒjƒbƒ|ƒ“•ú‘—,—Î‰©FĞ‰ïE’·‰®°qA—é–Øˆ¤—‚Æ‚Ìƒ_ƒ“ƒX“®‰æ‚É‹êíuŒÄ‹z‚ª~‚Ü‚Á‚¿‚á‚Á‚Äccv,https://news.yahoo.co.jp/articles/818339a838c7672de26c490b7ff38ec02ab8de5f,11/7(‰Î) 17:50
nshaberu,ƒjƒbƒ|ƒ“•ú‘—,G7ŠO‘Š‰ï‡@u6ƒ•‘‹¤“¯º–¾v‚ÉQ‰Á‚µ‚È‚©‚Á‚½u“ú–{‚Ì—§êv‚ªŠˆ‚©‚³‚ê‚é,https://news.yahoo.co.jp/articles/42f36cf90aedcdb9ea3bb448155ca6972723e641,11/7(‰Î) 17:45
nshaberu,ƒjƒbƒ|ƒ“•ú‘—,•Äu—˜‰º‚°v‚ª‚«‚Á‚©‚¯‚Å‰~‚‚Éu‹t‰ñ“]v‚·‚é‰Â”\«‚à@{“cTˆê˜Y‚ª‰ğà,https://news.yahoo.co.jp/articles/5b96a48e36e9758e7721886edcbe44de566a7c41,11/7(‰Î) 17:40
nshaberu,ƒjƒbƒ|ƒ“•ú‘—,Šİ“c‘—uƒfƒtƒŒ’E‹p‚É•s‘Ş“]‚ÌŒˆˆÓ‚Å—Õ‚Şv‚Í‚Ç‚±‚Ü‚Å—LŒ Ò‚É“Í‚­‚Ì‚©,https://news.yahoo.co.jp/articles/720014bda291e3a9582b3f8382ba01fe97b0c0ff,11/7(‰Î) 17:35
nshaberu,ƒjƒbƒ|ƒ“•ú‘—,u’†‘‚É‚Â‚­A“ú–{‚É‚Â‚­v‚Æ‚Í‚È‚ç‚È‚¢ASEAN”‘‚Æ‚Ì¡Œã‚ÌŠÖŒW,https://news.yahoo.co.jp/articles/4c777dc1ca705c078178bb28b42921c514b7f5d2,11/7(‰Î) 17:30
nshaberu,ƒjƒbƒ|ƒ“•ú‘—,17’›‰~‘ä‚ÌŒoÏ‘Îô@”÷C³‚µ‚Ä‚¢‚­‚µ‚©•û–@‚Í‚È‚¢,https://news.yahoo.co.jp/articles/c30a7d8a925f52d0ac1a022172c7a0f202af637d,11/7(‰Î) 17:20
nshaberu,ƒjƒbƒ|ƒ“•ú‘—,‘åãEŠÖ¼–œ”@’¼‘O‚É‚È‚ç‚È‚¢‚ÆuŒ©‚¦‚È‚¢v‚»‚Ì“w—Í‚ÌŒ‹‰Ê,https://news.yahoo.co.jp/articles/33f2c4301ed2d2f283db4f52ec722db165d1efc2,11/7(‰Î) 17:15
nshaberu,ƒjƒbƒ|ƒ“•ú‘—,Šİ“c‘—‚ÌƒtƒBƒŠƒsƒ“Eƒ}ƒŒ[ƒVƒA–K–â@V‚½‚È‘ã‚É“ü‚Á‚½ASEAN”‘‚Æ‚ÌŠÖŒW,https://news.yahoo.co.jp/articles/fdcba0b7b11bb85c3d0be19467a197a39571f470,11/7(‰Î) 17:10
nshaberu,ƒjƒbƒ|ƒ“•ú‘—,‘‚ÉÅ‘å100‰­‰~‹Ÿ‘õ•\–¾@‹Œ“ˆê‹³‰ï‰ï’·@u‰½‚ÌˆÓ–¡‚à‚È‚¢vh–V¡˜Y‚ª‰ğà,https://news.yahoo.co.jp/articles/8a8ab11abd84174f470ea346175c1145e7151fd0,11/7(‰Î) 17:00
nshaberu,ƒjƒbƒ|ƒ“•ú‘—,ƒtƒBƒMƒ…ƒAƒXƒP[ƒgE‘ºã‰ÀØq@uˆ¤‚³‚ê‚éƒXƒP[ƒ^[‚É‚È‚éBv,https://news.yahoo.co.jp/articles/ca26e6178721c6dbb780db0b108a9dd0df9937ce,11/7(‰Î) 14:59
nshaberu,ƒjƒbƒ|ƒ“•ú‘—,ƒCƒXƒ‰ƒGƒ‹EƒpƒŒƒXƒ`ƒiî¨‚É‚Â‚¢‚Ä‹c’·‘‚Æ‚µ‚Ä“ú–{‚ª‚·‚é‚×‚«‚±‚Æ@“Œ‹‚ÅG7ŠO‘Š‰ï‡ŠJÃ,https://news.yahoo.co.jp/articles/a1b0705a5e0019f282ff3cb221ffd404f6ef44d3,11/7(‰Î) 11:55
nshaberu,ƒjƒbƒ|ƒ“•ú‘—,‚à‚àƒNƒE•S“c‰ÄØqAô‘óD‚«‚Å‚àƒfƒjƒ€‚¾‚¯‚Íu‚³‚·‚ª‚ÉA‚»‚ê‚ğ‹‚ß‚Ä‚È‚¢‚Æv‚Á‚Äccv,https://news.yahoo.co.jp/articles/4361db9aac50823d496b90031f3f7e2127533517,11/7(‰Î) 11:50
nshaberu,ƒjƒbƒ|ƒ“•ú‘—,uƒCƒXƒ‰ƒGƒ‹EƒpƒŒƒXƒ`ƒiî¨v@ŠÖŒWŠe‘‚Ì“––Ò”\—Í‚ª”­Šö‚Å‚«‚Ä‚¢‚È‚¢,https://news.yahoo.co.jp/articles/0921524f2a54eac45f2b1f47c816e5f3435e503f,11/7(‰Î) 11:45
nshaberu,ƒjƒbƒ|ƒ“•ú‘—,—›‹­’Ç“‰‚ª­¡‰^“®‚É‚Â‚È‚ª‚é‚±‚Æ‚Í‚È‚¢,https://news.yahoo.co.jp/articles/029a06bb017096b35432467af546fb793eff26e1,11/7(‰Î) 11:40
nshaberu,ƒjƒbƒ|ƒ“•ú‘—,’‡‰î–ğ‚ª•sİ‚Åu“ï‚µ‚¢•û’ö®v‚Ì‚æ‚¤@ƒCƒXƒ‰ƒGƒ‹EƒpƒŒƒXƒ`ƒiî¨,https://news.yahoo.co.jp/articles/bdf6924ddf0ba2a4b8c1303ba6683ae840922636,11/7(‰Î) 11:35
nshaberu,ƒjƒbƒ|ƒ“•ú‘—,]“Œ‹æ’·‘IuŒ»‹à”z•zƒŠƒXƒgv‹^˜f@x—¦’á‰º‘±‚¯‚ÎuŠİ“c‰º‚ë‚µv‚à,https://news.yahoo.co.jp/articles/154f0d331b02aab066e05fbded87a89f74469284,11/7(‰Î) 11:30
nshaberu,ƒjƒbƒ|ƒ“•ú‘—,u‘å‘‚³‚Üv‚Æu‘å•‚³‚Üv‚Á‚Ä“¯‚¶_—l‚È‚ÌH,https://news.yahoo.co.jp/articles/4d7eb7e463426d49f0a849fb0313a910d80b7b9e,11/7(‰Î) 11:25
nshaberu,ƒjƒbƒ|ƒ“•ú‘—,NiziU‚ª‚«‚Á‚©‚¯‚Å‰ğU¡‘O‚ÉIH ƒLƒ“ƒOƒIƒuƒRƒ“ƒgƒtƒ@ƒCƒiƒŠƒXƒg‚ª–¾‚©‚·“^––u‚»‚ê‚ÍA–³—‚æv,https://news.yahoo.co.jp/articles/3ef7791346c02e393fa2aaf406af8db8f9c1dc75,11/6(Œ) 19:35
nshaberu,ƒjƒbƒ|ƒ“•ú‘—,ƒCƒXƒ‰ƒGƒ‹Št—»AƒKƒU’n‹æ‚Ö‚ÌŠjg—pu‘I‘ğˆv”­Œ¾@u‰Â”\«‚ÍŒÀ‚è‚È‚­’á‚¢vh–V¡˜Y‚ª‰ğà,https://news.yahoo.co.jp/articles/ad3a57df10157de838560e3aebe37b2f9937ded2,11/6(Œ) 19:05
nshaberu,ƒjƒbƒ|ƒ“•ú‘—,ƒƒVƒA“nq‚Ì—é–Ø@’ju‚µ‚©‚é‚×‚«l‚É‘Š’kv@¡‚Ì­¡‚Ì‚ ‚è•û‚ÉuŒ»Û–Ê‚¾‚¯‚Å”»’f‚µ‚Ä‚ÍAŠOŒğ‚É‚È‚ç‚È‚¢v‚Æ˜_,https://news.yahoo.co.jp/articles/35da77a5023e897da951d3a3331cd98585ce23b8,11/6(Œ) 18:15
nshaberu,ƒjƒbƒ|ƒ“•ú‘—,w‰¤—l‚Ìƒuƒ‰ƒ“ƒ`x‚ÍŒ|”\ŠE‚Ìm@—é–Ø‚ ‚«‚¦u‚·‚×‚Ä‚ğ’@‚«‚Ü‚ê‚½v,https://news.yahoo.co.jp/articles/a3edae996798e19817e23f3bdd39f74e1b76d8ff,11/6(Œ) 17:56
nshaberu,ƒjƒbƒ|ƒ“•ú‘—,u‚±‚ñ‚È‚à‚ÌwƒGƒCƒ„[Ix‚Å‰ğŒˆ‚Å‚«‚évƒƒVƒA“nq‚Ì—é–Ø@’j@–k•û—Ì“y–â‘è‚Ö‚Ìv‚¢Œê‚é,https://news.yahoo.co.jp/articles/203f870438eb6d5e71a3bdb4c01e432191841d42,11/6(Œ) 17:35
nshaberu,ƒjƒbƒ|ƒ“•ú‘—,“ú–{ˆê‚ÌçŒì_Aã_EŠâè—D@•ø‚¦‚Ä‚«‚½–ì‹…‚Ö‚ÌŠ‰–]‚ÆA“¯Šú“ü’cE‰¡“cT‘¾˜Y‚³‚ñ‚Ö‚Ìv‚¢,https://news.yahoo.co.jp/articles/a7a076940906049df2031d4fbb672ab19b20df9b,11/6(Œ) 17:20
nshaberu,ƒjƒbƒ|ƒ“•ú‘—,11Î‚Ì­”N‚ª“a—l‚Éu‹`‚µ‚Ä‚¢‚½IH@‹g“c¼‰A‚ğâJ‚é¼‰A_Ğ‚É‚Äƒ‰ƒ“ƒpƒ“ƒvƒX‚ª‡Ši‹FŠèI,https://news.yahoo.co.jp/articles/f5887ff81214ae34c7355d3e313557508532569f,11/6(Œ) 15:00
nshaberu,ƒjƒbƒ|ƒ“•ú‘—,e—F‚Ìgr‚ê‚½‚¨•æh‚ğ‰½‚Æ‚©‚µ‚Ä‚ ‚°‚½‚¢A‚Ç‚¤‚·‚ê‚ÎH ‚¨–V‚³‚ñ‚ª‰ñ“š,https://news.yahoo.co.jp/articles/ef911f347672bb220082d819c024f1c0db597dec,11/6(Œ) 12:00
nshaberu,ƒjƒbƒ|ƒ“•ú‘—,¬’M‰w‚Å‚Í‚È‚ºA‚¤‚É‚Ì‰w•Ù‚ğ‹x‚İAŒŠq‚â“÷‚Ì‰w•Ù‚ğ”Ì”„‚·‚é‚Ì‚©H,https://news.yahoo.co.jp/articles/8b7581ff484db09dc55426c8ea13b3bd194de4ec,11/6(Œ) 11:55
nshaberu,ƒjƒbƒ|ƒ“•ú‘—,”T–Øâ46 ‹v•Ûj—¢A‰^“]–Æ‹–æ“¾‚ğ–²Œ©‚é‚àu‚·‚²‚­—E‹C‚ª‚¢‚é‹C‚ª‚µ‚Äv,https://news.yahoo.co.jp/articles/ec5c1414ab972a1f0861d21bc17371eddc97478b,11/6(Œ) 11:50
nshaberu,ƒjƒbƒ|ƒ“•ú‘—,‘š~‚è–¾¯AƒLƒ“ƒOƒIƒuƒRƒ“ƒg‚Å2–{–Ú‚ğŒ©‚½‚©‚Á‚½ƒRƒ“ƒr‚Éu‚È‚ñ‚©A‰\‚Å‚Í‚Ëccv,https://news.yahoo.co.jp/articles/ae0e92de8383785d0ae1c9bbc13a0b09a27f994a,11/6(Œ) 11:45
nshaberu,ƒjƒbƒ|ƒ“•ú‘—,ã_38”N‚Ô‚è“ú–{ˆê@MVP‚ÍX‰º‚Å‚à‚æ‚©‚Á‚½‚Ì‚Å‚Íyƒvƒ–ì‹… “ú–{ƒVƒŠ[ƒYz,https://news.yahoo.co.jp/articles/6be12e31dd6be672dbe94ba66f16c12aac7d5251,11/6(Œ) 11:35
nshaberu,ƒjƒbƒ|ƒ“•ú‘—,u‰v‚Í•§‹³—pŒê‚ÅuğŒvH@“úí‚Åg‚¤u‚²‰v–{—ˆ‚ÌˆÓ–¡,https://news.yahoo.co.jp/articles/48afb3a92dcb5367972fd78d116fd055fcf1a4cf,11/6(Œ) 11:25
nshaberu,ƒjƒbƒ|ƒ“•ú‘—,§ì‘wŠö‚ªŒê‚éw‚ ‚Ì–éx‚ğI‚¦wƒI[ƒhƒŠ[‚ÌƒI[ƒ‹ƒiƒCƒgƒjƒbƒ|ƒ“ in “Œ‹ƒh[ƒ€x‚É‚©‚¯‚é‘z‚¢,https://news.yahoo.co.jp/articles/b14672fd8e09bfed155f411917595519cb73cc7f,11/6(Œ) 9:00
nshaberu,ƒjƒbƒ|ƒ“•ú‘—,ŸNâ46 ‘ºˆä—DAƒI[ƒ‹ƒXƒ^[Š´ÓÕ‚Ìƒ}ƒ‰ƒ\ƒ“‚ğ‰ñ‘zu‹Á‚«‚Æ‚¤‚ê‚µ‚³‚Å‚¢‚Á‚Ï‚¢v,https://news.yahoo.co.jp/articles/58478b5782b082743a3b0a283bd40ea2f1721407,11/5(“ú) 21:15
nshaberu,ƒjƒbƒ|ƒ“•ú‘—,‚İ‚¿‚å‚ÏA25Î‚ÌŒˆSu‚Ü‚¾‚Ü‚¾ƒMƒƒƒ‹‚Ì‹C‚¿‚ğ‚Á‚½‚Ü‚Ü‚¢‚«‚½‚¢v,https://news.yahoo.co.jp/articles/b4a008a4d61b93b4eeefcada44137a1878183acc,11/5(“ú) 17:50
nshaberu,ƒjƒbƒ|ƒ“•ú‘—,”T–Øâ46 ‹v•Ûj—¢uŠF‚³‚ñ‚Æˆê‚É•×‹­‚µ‚Ä‚¢‚­ŠÔ‚Év 24ŠÔ¶•ú‘—uƒ‰ƒWƒIEƒ`ƒƒƒŠƒeƒBEƒ~ƒ…[ƒWƒbƒNƒ\ƒ“v‰’S“–‚ÉˆÓ‹C‚İ,https://news.yahoo.co.jp/articles/38838dc99aa7b19a6f6044590dd90f2df084b24b,11/5(“ú) 11:50
nshaberu,ƒjƒbƒ|ƒ“•ú‘—,ƒtƒ‚¿‚á‚ñAƒiƒ_ƒ‹‚ªŒ´ˆö‚Å•ê‚ÆƒPƒ“ƒJHu„Aƒ}ƒW‚Å“{‚Á‚¿‚á‚Á‚½iÎjv,https://news.yahoo.co.jp/articles/efcdfded5e4b488c9fc2e35716519c0e1967f8e4,11/5(“ú) 11:45
nshaberu,ƒjƒbƒ|ƒ“•ú‘—,Î•Ÿ’à’ß•r‚ª–¾‚©‚·AƒXƒVƒ[‚Æ‚Ìv‚¢‚à‚æ‚ç‚Ê‰^–½‚Ìo‰ï‚¢,https://news.yahoo.co.jp/articles/25ac486067e284565ba8aa101b211e47a9b9289c,11/5(“ú) 11:40
nshaberu,ƒjƒbƒ|ƒ“•ú‘—,ŸNâ46A“W——‰ïuV‚¹ŠEv‰ïê‚É‚ÄB‰e‚µ‚½ÅVƒVƒ“ƒOƒ‹u³”F—~‹v‚ÌƒpƒtƒH[ƒ}ƒ“ƒX‰f‘œ‚ğŒöŠJ,https://news.yahoo.co.jp/articles/18fdee05d043d619f17f37a9792aaa1469f0f343,11/4(“y) 21:40
nshaberu,ƒjƒbƒ|ƒ“•ú‘—,ƒTƒ“ƒhˆÉ’Bu‚»‚ê‚ÅA‚ß‚Á‚¿‚ál—ˆ‚é‚ñ‚Å‚·‚æI “Œ\ğ‚ÉIv@a’J‚ÉŸ‚®ƒnƒƒEƒBƒ“VƒXƒ|ƒbƒg‚Æ‚µ‚Ä–k‹æ‚É’–ÚI,https://news.yahoo.co.jp/articles/113bf4cf7e6ca8f4d01031e10bbee1292e075839,11/4(“y) 16:21
nshaberu,ƒjƒbƒ|ƒ“•ú‘—,ˆÉW‰@ŒõA‰f‰æŠÙ‚Åw•v•w50Š„ˆøx‚ğ—˜—p‚µ‚½‚Æ‚«‚Ì•¡G‚È‹C‚¿‚ğ–¾‚©‚·u‚¤‚ê‚µ‚¢‚¯‚ÇA‚È‚ñ‚©Ø‚È‚¢cc‚İ‚½‚¢‚Èv,https://news.yahoo.co.jp/articles/1509a31ff8dab86dac208a76f33a381a5b53146f,11/4(“y) 11:55
nshaberu,ƒjƒbƒ|ƒ“•ú‘—,JO1A‰wMƒXƒex‚Ì“oê‚Íg11lƒTƒ“ƒOƒ‰ƒXhu‚È‚ñ‚©A‚±‚¤cc’£‚è‹l‚ß‚½‹ó‹CŠ´‚ªiÎjv,https://news.yahoo.co.jp/articles/c9159ac91646ff7aae2e5e1f00accf9ff26d7e4e,11/4(“y) 11:55
nshaberu,ƒjƒbƒ|ƒ“•ú‘—,“úŒüâ46 ¼“cD‰Ôu‚È‚ñ‚¾‚©Š´ŠS[‚¢‚Å‚·v@‰‚ß‚ÄƒZƒ“ƒ^[‚ğ–±‚ß‚éŠy‹È‚Ö‚Ìv‚¢‚ğŒê‚é,https://news.yahoo.co.jp/articles/2b71c50497aaa2c50587257cedaec64054932895,11/4(“y) 11:50
nshaberu,ƒjƒbƒ|ƒ“•ú‘—,wƒSƒWƒ‰|1.0x_–Ø—²”V‰î~•l•Ó”ü”g‚ªo‰‰A¶’a70ü”N‹L”Oì,https://news.yahoo.co.jp/articles/4e9342886fc526d2291b3b331c92c91323a6609f,11/4(“y) 11:30
nshaberu,ƒjƒbƒ|ƒ“•ú‘—,ƒCƒXƒ‰ƒGƒ‹‚Æƒnƒ}ƒX‚ÌŒR–Õ“Ë@ƒjƒbƒ|ƒ“‚Ìu’E’†“ŒvÄl‚ğê–å‰Æ‚ªw“E,https://news.yahoo.co.jp/articles/a80642ae7c2ebb203dce2b163aec4823be0dae72,11/4(“y) 9:00
nshaberu,ƒjƒbƒ|ƒ“•ú‘—,“úŒüâ46lŠú¶Œö‰‰‚æ‚èA‚¢‚æ‚¢‚æŠJ–‹I@”T–Øâ46ŒÜŠú¶EŸNâ46OŠú¶E“úŒüâ46lŠú¶‚É‚æ‚é1ƒJŒ‚É‚à‹y‚ÔuVQÒ LIVE at THEATER MILANO-ZavŒö‰‰,https://news.yahoo.co.jp/articles/10d5995dcfe931b65c96e07883ad3eb0b20ce3e3,11/3(‹à) 22:00
nshaberu,ƒjƒbƒ|ƒ“•ú‘—,u‚Ç‚ÌƒR[ƒi[‚Éo‚Ä‚ñ‚Ë‚ñIv‰ª‘ºE–î•”‚à‹Áœ±‚µ‚½AˆÉ“¡‰p–¾wƒiƒCƒiƒC‰Ì—wÕxƒTƒvƒ‰ƒCƒYo‰‰‚Ì— ‘¤,https://news.yahoo.co.jp/articles/1ac02e6200f20ebf64cc2c05b3cfd83491842afe,11/3(‹à) 21:50
nshaberu,ƒjƒbƒ|ƒ“•ú‘—,“úŒüâ46 ¼“cD‰Ôu‹Ö~¶Šˆ‚ğ‚µ‚æ‚¤‚Æv‚Á‚½‚ñ‚Å‚·‚¯‚Çccv@„¶Šˆ‚Éxá‚ªo‚é‚Ù‚ÇHƒnƒ}‚Á‚½‚à‚Ì‚ğ–¾‚©‚·,https://news.yahoo.co.jp/articles/64ae1314798abef915d9bdc939e73bdb007b22af,11/3(‹à) 20:05
nshaberu,ƒjƒbƒ|ƒ“•ú‘—,ƒWƒƒƒpƒ“ƒ‚ƒrƒŠƒeƒBƒVƒ‡[2023æŞ‹Li3j@ƒ‚ƒrƒŠƒeƒBĞ‰ï‚Ì–¢—ˆ‚ğ’S‚¤,https://news.yahoo.co.jp/articles/fe9c74a7f6b905c66a1f1a0228a5d70b88fd231e,11/3(‹à) 17:20
nshaberu,ƒjƒbƒ|ƒ“•ú‘—,‚©‚ª‚â‚«H@‚³‚´‚È‚İH@¬’M‚Ì–¼•¨‰w•Ù‚Í‚È‚ºAuŠC‚Ì‹P‚«v‚Æ–¼•t‚¯‚ç‚ê‚½‚Ì‚©,https://news.yahoo.co.jp/articles/b5519b2d16ed65bf703dbfc5fc729f7d41b7539f,11/3(‹à) 11:55
nshaberu,ƒjƒbƒ|ƒ“•ú‘—,“úŒüâ46 ¼“cD‰Ôu‚à‚¤‚¿‚å‚Á‚Æãè‚­‚â‚ê‚Îccv@‰Í“c—zØ‚ªg‚¨1l—l1–{h‚ÌƒGƒrƒtƒ‰ƒC‚©‚ç‚à‚¤‚P–{æ‚ë‚¤‚Æ‚µ‚Ä~‚ß‚ç‚ê‚é,https://news.yahoo.co.jp/articles/912a67ed84868f59dc1e07faeae1a5844e1c9269,11/3(‹à) 11:50
nshaberu,ƒjƒbƒ|ƒ“•ú‘—,ˆÉW‰@ŒõAƒ‰ƒWƒI”Ô‘g‚Ö‚Ì“d˜bQ‰Á‚É‰°‚µ‚Ä‚µ‚Ü‚¤ƒŠƒXƒi[S—‚É‹¤Š´u‚â‚Á‚Ï‚è‹Ù’£“x‚‚¢‚©‚çv,https://news.yahoo.co.jp/articles/db429803505a940f00d45773004af42c65b1d345,11/3(‹à) 11:45
nshaberu,ƒjƒbƒ|ƒ“•ú‘—,ƒSƒ~‚Ì•ª•Êu•s\•ªv‚¾‚ÆA‹ï‘Ì“I‚É‰½‚ª‹N‚«‚é‚ÌH,https://news.yahoo.co.jp/articles/73645673a8d759d5da25b13c969bbc7a600c68aa,11/3(‹à) 11:25
nshaberu,ƒjƒbƒ|ƒ“•ú‘—,u‘‚â‚·æ‚ÉK‚¹‚Í‚È‚¢v@w’´ƒ~ƒjƒ}ƒ‹Eƒ‰ƒCƒtx’˜Ò‚ªŒê‚égK•Ÿh‚Ö‚Ì“¹‹Ø,https://news.yahoo.co.jp/articles/7ae9756955f0237ff2356b04f730826ed2b015bb,11/3(‹à) 11:20
nshaberu,ƒjƒbƒ|ƒ“•ú‘—,­•{‚ÌÅû@u‘Å‚Å‚«‚È‚¢‚©‚çAƒCƒ“ƒtƒŒ‹N‚±‚µ‚ÄŒ©‚©‚¯ã‚ÌÅû‘vh–V¡˜Y‚ª‰ğà,https://news.yahoo.co.jp/articles/e703d402022bc7983ce5f8cbe211b280b5b08ce7,11/2(–Ø) 18:30
nshaberu,ƒjƒbƒ|ƒ“•ú‘—,–k’©‘NAŒR–’ã@‰q¯”­Ë@‹l‚ß‚Ì’iŠK‚©@u3‰ñ–Ú‚Í¬Œ÷‚·‚é‰Â”\«‚ª‚‚¢vh–V¡˜Y‚ª—\‘ª,https://news.yahoo.co.jp/articles/65db1c67edb744b6eda6cb864793649a4417d61b,11/2(–Ø) 17:55
nshaberu,ƒjƒbƒ|ƒ“•ú‘—,“úŒüâ46 ¼“cD‰Ôu‚Ğ‚´‚©‚ç•ö‚ê—‚¿‚¿‚á‚Á‚ÄiÎjv –²‚ÌwƒI[ƒ‹ƒiƒCƒgƒjƒbƒ|ƒ“xƒp[ƒ\ƒiƒŠƒeƒBA”C‚ğ’m‚Á‚½ŒoˆÜ‚ğ–¾‚©‚·,https://news.yahoo.co.jp/articles/e9fd89a85664e1c1676acc36c4fe09b00329b9fe,11/2(–Ø) 17:50
nshaberu,ƒjƒbƒ|ƒ“•ú‘—,]“Œ‹æ’·‘IƒlƒbƒgL@Š`‘ò‘O–@–±‘åb‚Ìˆá–@«‚ÍH@uŒ»s§“x‚ÍB–†‚·‚¬‚évh–V¡˜Y‚ªw“E,https://news.yahoo.co.jp/articles/8dc5912ef8af3568131cf8cb903883da87e23cb8,11/2(–Ø) 17:35
nshaberu,ƒjƒbƒ|ƒ“•ú‘—,ŠÛRŒj—¢“Şu‚»‚ñ‚È‚±‚ÆŒ¾‚¤‚È‚çŒ‹¥‚µ‚Ä‚È‚©‚Á‚½ccv •vE–{•ÀŒ’¡‚ÌuƒJƒbƒp‚¢‚È‚¢v”­Œ¾‚Ég•s–”š”­g,https://news.yahoo.co.jp/articles/e8265d0ba9674d23c297765777f6fdb66eda6419,11/2(–Ø) 17:25
nshaberu,ƒjƒbƒ|ƒ“•ú‘—,ƒWƒƒƒpƒ“ƒ‚ƒrƒŠƒeƒBƒVƒ‡[æŞ‹Li2j@‹ó”ò‚ÔƒNƒ‹ƒ}•©“®‰^“],https://news.yahoo.co.jp/articles/7b71fcff566418423bb6273ac9853a0b6615869e,11/2(–Ø) 17:20
nshaberu,ƒjƒbƒ|ƒ“•ú‘—,ˆÉW‰@Œõ‚à‹êÎ@wƒ{ƒLƒƒƒuƒ‰“V‘x‚Åƒlƒ^‚ğ–Y‚ê‚½‚Â‚Ô‚â‚«ƒVƒ[A‚È‚ñ‚Æ‚©v‚¢o‚µ‚½gƒ{ƒcƒlƒ^h‚ª‚•]‰¿u•ª‚©‚ñ‚È‚¢‚à‚ñ‚¾‚È`v,https://news.yahoo.co.jp/articles/daaab1e6165b6fd9ee282046ef8c9565f4feb948,11/2(–Ø) 17:00
nshaberu,ƒjƒbƒ|ƒ“•ú‘—,ƒI[ƒhƒŠ[á—ÑA“Œ‹ƒh[ƒ€ƒ‰ƒCƒu€”õ‚ªƒs[ƒN‚ÉuƒXƒ^ƒbƒt‚Ì‚İ‚ñ‚È‚à‘å•Ï‚¾‚©‚çccv,https://news.yahoo.co.jp/articles/b8dc6e3ff8ad75f226ea5e1027be08a101c5af93,11/2(–Ø) 11:50
nshaberu,ƒjƒbƒ|ƒ“•ú‘—,–l‚ªŒ©‚½‚©‚Á‚½Â‹ó ‘í•‚·‚¸‚«•ˆÀ”[‘“ˆßA«Ši‚Ìˆá‚¢‚ÉuƒpƒYƒ‹‚İ‚½‚¢‚ÈŠ´‚¶v,https://news.yahoo.co.jp/articles/150577089fb36930325b1d185d377bcd156684aa,11/2(–Ø) 11:45
nshaberu,ƒjƒbƒ|ƒ“•ú‘—,]ŒË‘ã‚ÌuŠD”ƒ‚¢v‚Á‚Ä‚Ç‚ñ‚ÈE‹ÆH,https://news.yahoo.co.jp/articles/8a7d15a98e8b0ed1a8a8a5bfab34b5dd1a811001,11/2(–Ø) 11:25
nshaberu,ƒjƒbƒ|ƒ“•ú‘—,u©•ª‚É‚Æ‚Á‚Ä‘åØ‚È40lv‚Æ‚¾‚¯ŠÖŒW‚ğ‚Ä‚Î‚¢‚¢@w’´ƒ~ƒjƒ}ƒ‹Eƒ‰ƒCƒtx’˜Ò‚ªŒê‚églŠÔŠÖŒW‚ÌŒy—Ê‰»h,https://news.yahoo.co.jp/articles/40531d886d24e842bb9e500a64894def85cffd47,11/2(–Ø) 11:20
nshaberu,ƒjƒbƒ|ƒ“•ú‘—,ŠO‘lh”‘Ò”A9Œ‚Å‚Í‰ß‹Å‚ ‰„‚×953–œl@uANAAJAL‚àŒˆZD’²‚ÅAƒRƒƒi‰Ğ‘O’´‚¦B”¼–ÊAƒI[ƒo[ƒc[ƒŠƒYƒ€–â‘è‚àvê–å‰Æ‚ª‰ğà,https://news.yahoo.co.jp/articles/f8363ebfff03666dcf9ce8cffd6e04ead99c72f0,11/1(…) 19:45
nshaberu,ƒjƒbƒ|ƒ“•ú‘—,’†‘AI@uƒvƒ‰ƒCƒoƒV[ŠÖŒW‚È‚­v‹Zp‚ği‚ßAƒAƒƒŠƒJ‚ğ”²‚­‰Â”\«‚à,https://news.yahoo.co.jp/articles/a31d48bd4be1222a717a6a23b706bf39c8db16e7,11/1(…) 18:30
nshaberu,ƒjƒbƒ|ƒ“•ú‘—,é‹ÊE—§‚Ä‚±‚à‚è–Œ@ƒAƒp[ƒgˆêl•é‚ç‚µ‚Ì86Î‚Ì’j‘ß•ß@u‘Š“–‘½‚­‚Ì—\”õŒR‚ª‚¢‚é‚Ì‚Å‚Ívh–V¡˜Y‚ªw“E,https://news.yahoo.co.jp/articles/2c1066d97a5a66d0af446c8b22f6e1c25f6c233a,11/1(…) 17:55
nshaberu,ƒjƒbƒ|ƒ“•ú‘—,”T–Øâ46 ‹v•Ûj—¢uŒõ‰h‚È‚±‚Æ‚¾‚Æv‚¢‚Ü‚µ‚½v@–ì‹…“ú–{‘ã•\u˜ƒWƒƒƒpƒ“v‰‰‡CM‚É‹N—pI,https://news.yahoo.co.jp/articles/6c1c1386660f8dd9fac76bdfdb0af4dbb26e3b31,11/1(…) 17:50
nshaberu,ƒjƒbƒ|ƒ“•ú‘—,‘ä˜p”¼“±‘Ì‘åèio‚É‚æ‚Á‚Ä‰ñ‹A‚·‚é“ú–{Še’n‚ÌuŠé‹Æé‰º’¬v,https://news.yahoo.co.jp/articles/14f31444e082be15f452a2337b88bd313776efc5,11/1(…) 17:45
nshaberu,ƒjƒbƒ|ƒ“•ú‘—,h”‘EˆùHu‹lã¸v‚Ìˆê•û@lŞ‚ªW‚Ü‚ç‚È‚¢u»‘¢EŒšİE‰^‘—v,https://news.yahoo.co.jp/articles/20042960d96a44c29a309ed980f038f193b7d0cd,11/1(…) 17:40
nshaberu,ƒjƒbƒ|ƒ“•ú‘—,“ú‹â ’·Šú‹à—˜u1%’´v—e”F@‚»‚Ì”wŒi‚Æ‰Û‘è,https://news.yahoo.co.jp/articles/432d0941df42f2b7ad98430ee9a21c8f0f1c0fc7,11/1(…) 17:35
nshaberu,ƒjƒbƒ|ƒ“•ú‘—,Šİ“c‘— uŠ“¾Œ¸Å‚Í1‰ñv‚É‘Î‚µ@u¡Œã‚àÅû‘‚Í‘±‚­‚Ì‚É1‰ñ‚Å‚¢‚¢‚Ì‚©v²X–Ør®‚ªw“E,https://news.yahoo.co.jp/articles/decf403fbbc24442180d01c1219dff55f3df1e20,11/1(…) 17:30
nshaberu,ƒjƒbƒ|ƒ“•ú‘—,ƒtƒBƒ‹ƒ€ƒJƒƒ‰ê–å‚È‚Ì‚ÉA‚È‚ºuá‚¢‹qv‘½‚¢H@u‚Õ‚è‚ñ‚ÆH–[E¬’‡‘ä“Xv,https://news.yahoo.co.jp/articles/0779c062f9dfe2d6f028bcabae5fdc44829197bb,11/1(…) 17:25
nshaberu,ƒjƒbƒ|ƒ“•ú‘—,ƒWƒƒƒpƒ“ƒ‚ƒrƒŠƒeƒBƒVƒ‡[æŞ‹Li1j@Ÿ¢‘ãEV,https://news.yahoo.co.jp/articles/6af30c703d72a031f72b306f133670bfd7a4b863,11/1(…) 17:20
nshaberu,ƒjƒbƒ|ƒ“•ú‘—,2024”N”N‰ê‚Í‚ª‚«”Ì”„ŠJn@Å­14.4‰­–‡@u2008”N‚²‚ë‚©‚çŒ°’˜‚ÉŒ¸‚Á‚Ä‚¢‚éB—vˆö‚ÍiPhone‚Æƒmƒ‹ƒ}“P”pvh–V¡˜Y‚ª‰ğà,https://news.yahoo.co.jp/articles/0e2eef5d2fa85da6e38a6b0e206e75b91589932d,11/1(…) 17:15
nshaberu,ƒjƒbƒ|ƒ“•ú‘—,‰¡ì®—²u‹Ø“÷‚É‚È‚è‚½‚¢v@‚»‚Ì“Ë”ò‚È–Ú•W‚ÉƒiƒCƒc‚à•ğ‘RuŒ¾‚Á‚Ä‚é‚±‚Æ‚ªccv,https://news.yahoo.co.jp/articles/10007bf73009fbc0cc768b733b3001a3a99c0307,11/1(…) 17:05
nshaberu,ƒjƒbƒ|ƒ“•ú‘—,¬’M‰wŠJ‹Æ120ü”NI@¬’M‰w‚ÅA‚¢‚Ü‚àu‚©‚É‚ß‚µv‰w•Ù‚ª”Ì”„‚³‚ê‚é——R,https://news.yahoo.co.jp/articles/ec72b512329e9d731b64ea90458110617452ed02,11/1(…) 11:55
nshaberu,ƒjƒbƒ|ƒ“•ú‘—,ƒI[ƒhƒŠ[A“Œ‹ƒh[ƒ€ƒ‰ƒCƒuƒOƒbƒY‚Ì§ìó‹µ–¾‚©‚·ugƒ`[ƒ€E•t‚¯Ä‚«nh‚Í‘å–Z‚µ‚İ‚½‚¢v,https://news.yahoo.co.jp/articles/83e6cce227520821fea82c3483ee8308133eb120,11/1(…) 11:50
nshaberu,ƒjƒbƒ|ƒ“•ú‘—,ˆÉW‰@ŒõA‚Â‚Ô‚â‚«ƒVƒ[‚ÌˆÓŠO‚È”’‚É‹Áœ±u‰f‰æŠÙAs‚Á‚½‚±‚Æ‚È‚¢‚ÌIHv,https://news.yahoo.co.jp/articles/94f2d5c4ca1b71105f2fb1622047fedc4cbeb80f,11/1(…) 11:45
nshaberu,ƒjƒbƒ|ƒ“•ú‘—,“ú–{­•{‚ÌƒKƒUul“¹‹xív‘˜AŒˆ‹cŠüŒ AG7u‹¤“¯º–¾v•sQ‰Á‚Íu‘Ã“–‚È”»’fv@²X–Ør®‚ªŒ©‰ğ,https://news.yahoo.co.jp/articles/de03da49d0cc43c01c08221204ba7e91ab1ce7c3,11/1(…) 11:40
nshaberu,ƒjƒbƒ|ƒ“•ú‘—,é‹Ê—§‚Ä‚±‚à‚è 86Î’j‚ğ‘ß•ß@Œx‹’¡“Áê”ÇSIT”hŒ­ ‘›‘R‚Æ‚µ‚½Z‘îŠX,https://news.yahoo.co.jp/articles/d6b498ae7a7aef8187efc7e1820bfb914b1ffa68,11/1(…) 11:35
nshaberu,ƒjƒbƒ|ƒ“•ú‘—,ƒŠƒTƒCƒNƒ‹‚ÉŠÖŒW‚·‚éu3Rv‚Á‚Ä‰½‚Ì‚±‚ÆH,https://news.yahoo.co.jp/articles/f837a246a8cca74729a8da9c99f779789d6778af,11/1(…) 11:25
nshaberu,ƒjƒbƒ|ƒ“•ú‘—,ƒƒ“ƒ^ƒ‹‚Í‚Ç‚¤‚·‚ê‚Î®‚¦‚ç‚ê‚é‚©@·•M‰ÆEŠÂ‹«•ÛŒìƒAƒ“ƒoƒTƒ_[@lŠp‘å•ã,https://news.yahoo.co.jp/articles/a27a46af316798ade00ed3b2837eea12e26ccdb5,11/1(…) 11:20
nshaberu,ƒjƒbƒ|ƒ“•ú‘—,‘å“—Ì‘I‘O‚Éu•Ä’†Šë‹@ŠÇ—v‚ğŒ`‚É‚µ‚½‚¢ƒAƒƒŠƒJ@`’†‘uRƒtƒH[ƒ‰ƒ€v•Ä‘–h‘ÈE’S“–Š²•”‚ªQ‰Á,https://news.yahoo.co.jp/articles/5acff0bb9c884cd9d31c32b27c1db73a61bdca18,10/31(‰Î) 18:20
nshaberu,ƒjƒbƒ|ƒ“•ú‘—,“ú–{‚Ìu–h‰qY‹Æv‚ğ‹­‰»‚·‚é‚½‚ß‚É•K—v‚È‚±‚Æ,https://news.yahoo.co.jp/articles/f75205547ed4022675eb8e1ce6070ad256e32b3e,10/31(‰Î) 18:15
nshaberu,ƒjƒbƒ|ƒ“•ú‘—,Šİ“c“àŠt‚Ìx—¦’á‰º‘±‚­@O‰@‰ğU‚Ìƒ^ƒCƒ~ƒ“ƒO‚ÍH@u‰º‚ª‚ê‚Î‰º‚ª‚é‚Ù‚ÇA‰ğU‚É’Ç‚¢‚Ü‚ê‚évê–å‰Æ‚ª‰ğà,https://news.yahoo.co.jp/articles/440d98602b57c0ee9711a2d122ef6379c9b81f2a,10/31(‰Î) 18:10
nshaberu,ƒjƒbƒ|ƒ“•ú‘—,Stray KidsEƒqƒ‡ƒ“ƒWƒ“‚ğ–ÚŒ‚‚µ‚½ƒiƒCƒc”·u‹P‚¢‚Ä‚évuƒXƒ^[‚¾‚Á‚Ä‚¢‚¤Š´‚¶v@‚»‚Ìl‹C‚ÉŠ´•,https://news.yahoo.co.jp/articles/5664ca202d953ec6781386f427c8fadd96846acb,10/31(‰Î) 18:00
nshaberu,ƒjƒbƒ|ƒ“•ú‘—,²‹vŠÔésAƒLƒ“ƒOƒIƒuƒRƒ“ƒg2023‚ÅˆóÛ“I‚¾‚Á‚½ƒRƒ“ƒr‚Éu‘Sİ’è‚ª–Ê”’‚¢v,https://news.yahoo.co.jp/articles/d4b02ea04e1aa93c36501b4a11de947a5de87a85,10/31(‰Î) 17:50
nshaberu,ƒjƒbƒ|ƒ“•ú‘—,ƒEƒNƒ‰ƒCƒix‰‡‚É‰e‹¿‚·‚éuƒnƒ}ƒX‚ÆƒCƒXƒ‰ƒGƒ‹‚ÌŒR–Õ“Ëv,https://news.yahoo.co.jp/articles/34c92fdf4bac1fcca4a1a5df0ee3dae7ba9014e4,10/31(‰Î) 17:45
nshaberu,ƒjƒbƒ|ƒ“•ú‘—,•Ó–ìŒÃH–@‘Î’†í—ª‚É‚¨‚¢‚Ä•ÄŠC•º‘à‚Ì‹@”\‚ğ–œ‘S‚É‚·‚é‚½‚ß‚É‚àd—v,https://news.yahoo.co.jp/articles/5ae1ab3ba868379912834e48f5ab2f8e7e833341,10/31(‰Î) 17:40
nshaberu,ƒjƒbƒ|ƒ“•ú‘—,Šİ“c‘—‚ÌƒtƒBƒŠƒsƒ“Eƒ}ƒŒ[ƒVƒA–K–â@FOIP‚Ìƒvƒ‰ƒ“u•ïÛ«v‚ª‹­’²‚³‚ê‚é‚Í‚¸,https://news.yahoo.co.jp/articles/fbca54c9182562608cbc26761c16d9a60953d29d,10/31(‰Î) 17:35
nshaberu,ƒjƒbƒ|ƒ“•ú‘—,Šİ“c‘—‚Íu‚Î‚çT‚«‚ª“KØ‚Å‚Í‚È‚¢v‚Æ‚¢‚¤‘–¯‚Ì–Úü‚ğó‚¯~‚ß‚é‚×‚«,https://news.yahoo.co.jp/articles/1b0739ab429a454e840b591d1656169a2b267ab1,10/31(‰Î) 17:30
nshaberu,ƒjƒbƒ|ƒ“•ú‘—,uƒnƒ}ƒX‚Æ‚Ì’âí‚È‚¢vƒCƒXƒ‰ƒGƒ‹ñ‘Š’fŒ¾@u‹¤‚É‘Šè‚Ì‘¶İ‚ğ”F‚ß‚Ä‚¨‚ç‚¸AŠÈ’P‚È˜b‚Å‚Í‚È‚¢vh–V¡˜Y‚ªw“E,https://news.yahoo.co.jp/articles/ef2f472173f07a643ca1086da7eed386589c829b,10/31(‰Î) 17:25
nshaberu,ƒjƒbƒ|ƒ“•ú‘—,ƒpƒ`ƒ“ƒRuƒKƒCƒAv“|Y@•‰Â‚Í‰ß‹Å‘å800‰­‰~@u”wŒi‚É“xd‚È‚é‹K§‹­‰»vh–V¡˜Y‚ª‰ğà,https://news.yahoo.co.jp/articles/071f977313613361dc6e0dc96654ba7a7b34993f,10/31(‰Î) 17:20
nshaberu,ƒjƒbƒ|ƒ“•ú‘—,ƒtƒBƒMƒ…ƒAƒXƒP[ƒgE‘ºã‰ÀØq@‰‰‹Z’†‚É¸”s‚·‚é‚Æ“ª‚à‘å‰ñ“]I,https://news.yahoo.co.jp/articles/9550110578637a7af0942c2927cefb41ce4479f5,10/31(‰Î) 14:59
nshaberu,ƒjƒbƒ|ƒ“•ú‘—,‚ ‚ÌAMƒXƒe‚Ö‚Ìo‰‰‚É‘å–‘«uƒ\ƒ‚Åo‚ç‚ê‚é‚È‚ñ‚Äl‚¦‚ç‚ê‚È‚¢v,https://news.yahoo.co.jp/articles/15117dc3e8154520514cb217ffd86cb7d405c6fa,10/31(‰Î) 12:10
nshaberu,ƒjƒbƒ|ƒ“•ú‘—,ƒKƒUu‹xív‘˜A‘‰ïŒˆ‹c@“ú–{uŠüŒ v‚Ì”wŒi@‘Û­¡ŠwÒ‚ª‰ğà,https://news.yahoo.co.jp/articles/36b3ae5736cb8b3092b7e2964f2a0aa447a6c855,10/31(‰Î) 11:55
nshaberu,ƒjƒbƒ|ƒ“•ú‘—,ƒTƒ“ƒhƒEƒBƒbƒ`ƒ}ƒ“AƒV[ƒNƒŒƒbƒgƒQƒXƒg‚ğ3ŠÔ”¼‘Ò‚½‚¹ u‚È‚°[‚æIv‚Æ‚¨¶‚è‚ğó‚¯‚éIH,https://news.yahoo.co.jp/articles/c9f4024c863fa828c30cf83a8511f603a56d09dc,10/31(‰Î) 11:50
nshaberu,ƒjƒbƒ|ƒ“•ú‘—,—é–Øˆ¤—Aw‚ ‚´‚Æ‚­‚Ä‰½‚ªˆ«‚¢‚ÌHxVMC”²“F‚É—Î‰©FĞ‰ïE’·‰®°q‚Íu“K”CIv‚Æ‘¾ŒÛ”»,https://news.yahoo.co.jp/articles/9209c4a64d918d55d7e0b771ee6cdcfc2fbdbcd8,10/31(‰Î) 11:45
nshaberu,ƒjƒbƒ|ƒ“•ú‘—,‚à‚àƒNƒE²X–ØÊ‰ÄA15”NŠÔç‚Á‚Ä‚¢‚éƒ}ƒl[ƒWƒƒ[‚©‚ç‚Ì‹³‚¦uƒzƒeƒ‹‚ÅH‚×‚é‚È‚çƒJƒŒ[ˆê‘ğv,https://news.yahoo.co.jp/articles/3e09ee58492ea518c091e1d3469021110458b123,10/31(‰Î) 11:40
nshaberu,ƒjƒbƒ|ƒ“•ú‘—,ƒAƒƒŠƒJAAIŠÇ—‚Ö‘å“—Ì—ß@ˆê•û‚Åu‹K§‚ ‚è‚«v‚Å‚Í‚È‚¢“ú–{,https://news.yahoo.co.jp/articles/79cfb53e27f30397d84011f2d75560c2e62d633f,10/31(‰Î) 11:35
nshaberu,ƒjƒbƒ|ƒ“•ú‘—,‰¡àV‰Äq ~ DJ¼‰i@VŠƒogE“¯‚¢”N ƒzƒ“ƒl‚Ìwqˆç‚Äxƒg[ƒN@uî•ñ‚à“ü‚Á‚Ä‚­‚é‚µÌ‚É”ä‚×‚Äx‰‡‚àèŒú‚­‚È‚Á‚½vu¡–{“–‚Éqˆç‚Ä‚ÉŒü‚¢‚Ä‚¢‚éŒ§Iv,https://news.yahoo.co.jp/articles/826e3478c23ec60df0a81996bde3eda84e8651b1,10/31(‰Î) 11:35
nshaberu,ƒjƒbƒ|ƒ“•ú‘—,•½ˆÀ‘ã‚ÌuƒŠƒTƒCƒNƒ‹v‚Å‚ÍA‰½‚ğÄ¶‚µ‚Ä‚¢‚½‚ÌH,https://news.yahoo.co.jp/articles/7f221a2c2553a424412070e46147100c443e4bfa,10/31(‰Î) 11:25
nshaberu,ƒjƒbƒ|ƒ“•ú‘—,Have to do‚Å‚Í‚È‚­Dream‚ğ‘å–‚É‚·‚é‚±‚Æ‚Ål¶‚ÍŒy—Ê‰»‚Å‚«‚é@·•M‰ÆEŠÂ‹«•ÛŒìƒAƒ“ƒoƒTƒ_[@lŠp‘å•ã,https://news.yahoo.co.jp/articles/32358ee11e7cfaee0692f38c8e6bb2daa8a85f0c,10/31(‰Î) 11:20
nshaberu,ƒjƒbƒ|ƒ“•ú‘—,“Á‘{•”u‹Ÿq—U“±v‚ÌŒ³L“‡s‹c‚É—Lß”»Œˆ@u“ú–{‚ÌŒŸ@‚Í¢˜_‚Å“®‚­B‹N‘i‚µ‚È‚¢‚ÆA©•ª‚½‚¿‚É”á”»‚Ì–Ú‚ªŒü‚¯‚ç‚ê‚é‚©‚ç‚¾vh–V¡˜Y‚ªw“E,https://news.yahoo.co.jp/articles/cab3f1bc83c448d5425290e7120c6a6afc98e9e4,10/30(Œ) 18:35
nshaberu,ƒjƒbƒ|ƒ“•ú‘—,ƒLƒIƒNƒVƒAA•Ä”¼“±‘ÌWD‚Æ‚ÌŒo‰c“‡u”’†v@Š¯‚àŠÜ‚ß‚ÄƒTƒ|[ƒg‚·‚é•K—v‚ª‚ ‚é,https://news.yahoo.co.jp/articles/ffe26b776857e1cbbad6153c239538a79c2dc2d7,10/30(Œ) 18:30
nshaberu,ƒjƒbƒ|ƒ“•ú‘—,“ú‘åƒAƒƒtƒg–ò•¨–Œ@•›Šw’·g‰ğ”C‘›“®h@uŒ´ˆö‚Í—Ñ—–’·‚Ìg‚¨Œ¾—t’m‚ç‚¸hB¡ŒãA“Š‚°o‚µ«”C‚Ì‰Â”\«‚àvê–å‰Æ‚ª‰ğà,https://news.yahoo.co.jp/articles/4fded28cb1ff80522377faa22b4c4ffe44fc0df0,10/30(Œ) 18:10
nshaberu,ƒjƒbƒ|ƒ“•ú‘—,’·’Z‹à—˜‘€ìYCC “ú‹âŒˆ’è‰ï‡‚Å‚ÌÄC³‚Í‚ ‚é‚Ì‚©@Œ³“ú‹âR‹cˆÏˆõ‚ª—\‘z,https://news.yahoo.co.jp/articles/b02109ab9d33d52aac97ab0c9215564de8fc50c7,10/30(Œ) 17:40
nshaberu,ƒjƒbƒ|ƒ“•ú‘—,Šİ“c­Œ ‚Ì–â‘è‚Íu‘S‘Ì‚Ìƒvƒ‰ƒ“‚ª‚È‚¢v‚±‚Æ@Œ³“ú‹âR‹cˆÏˆõ‚ªw“E,https://news.yahoo.co.jp/articles/15e823f6bc79c63ba02d0f6f183099408dc30463,10/30(Œ) 17:35
nshaberu,ƒjƒbƒ|ƒ“•ú‘—,’†‘ŒoÏ‚ª’á¬’·‰»ŒXŒü‚É‚ ‚éu‚±‚ê‚¾‚¯‚Ì—vˆöv,https://news.yahoo.co.jp/articles/a23118b6b062bbf4c6f41f88405029efe2a0e1d7,10/30(Œ) 17:30
nshaberu,ƒjƒbƒ|ƒ“•ú‘—,ƒiƒCƒc”·AÎ‹´‹M–¾‚Ægqˆç‚Äƒg[ƒNh‚µ‚½‚±‚Æ‚ğ–¾‚©‚·u–º‚³‚ñ‚Ì‚±‚Æw‚©‚í‚¢‚¢‚æx‚Á‚Äv,https://news.yahoo.co.jp/articles/73578ed0b6db71fe66f40ac93ffe6f3dcf860d23,10/30(Œ) 17:20
nshaberu,ƒjƒbƒ|ƒ“•ú‘—,—›‹­‘Oñ‘Š €‹@gÁ‚³‚ê‚½‹^˜fh‚Éu‚·‚Å‚ÉK‹ß•½‘‰ÆåÈ‚Ì“G‚Å‚Í‚È‚¢vh–V¡˜Y‚ª”Û’è“IŒ©‰ğ,https://news.yahoo.co.jp/articles/b1ef30dff71e520b3cee52011bd95cb90228fbea,10/30(Œ) 17:00
nshaberu,ƒjƒbƒ|ƒ“•ú‘—,ƒ^ƒŒƒ“ƒgE—é–Ø‚ ‚«‚¦@‚È‚ºTVƒfƒrƒ…[‚ªubq‰€v‚¾‚Á‚½‚Ì‚©,https://news.yahoo.co.jp/articles/c24cc869d1d5e0aa30ce48dcdac6a578853a5c8f,10/30(Œ) 14:40
nshaberu,ƒjƒbƒ|ƒ“•ú‘—,“ŒE–¼Eã‚Ì“÷—¿—‚ğ1‚Â‚Ì‰w•Ù‚ÉI@u“ŒŠC“¹“÷‚Ü‚Â‚èv‚Æ‚ÍH,https://news.yahoo.co.jp/articles/abaf939723a38871febdb1beb3ec3d8eb71a21ef,10/30(Œ) 11:55
nshaberu,ƒjƒbƒ|ƒ“•ú‘—,ƒNƒ‚¿‚á‚ñA¶“k‰ï‘I‹“‰‰àŒã‚ÌZ’·‚ÌˆêŒ¾‚Éœ±‘Ru‚¾‚¯‚ÇAƒ_ƒ“ƒgƒc‚ÅŸ‚Á‚Ä‚â‚Á‚½‚©‚ç‚Ëv,https://news.yahoo.co.jp/articles/e36c0d3e6c4a9533fba3f3d81d476bce2d4beca8,10/30(Œ) 11:50
nshaberu,ƒjƒbƒ|ƒ“•ú‘—,ƒIƒŠƒbƒNƒX ™–{—T‘¾˜Y‚ªuo‚é‚©‚Ç‚¤‚©v‚ª3íˆÈ~‚Ìƒ|ƒCƒ“ƒgyƒvƒ–ì‹… “ú–{ƒVƒŠ[ƒYz,https://news.yahoo.co.jp/articles/de864408cca7729f4e75858086fa97229dbee375,10/30(Œ) 11:35
nshaberu,ƒjƒbƒ|ƒ“•ú‘—,ƒŠƒTƒCƒNƒ‹@uŒš’zv‚ÉˆÓŠO‚ÆŠÖŒW‚·‚éƒSƒ~‚Á‚Ä‰½H,https://news.yahoo.co.jp/articles/c8df50ba3ad44ca112dacc9abb391db449b1cb72,10/30(Œ) 11:25
nshaberu,ƒjƒbƒ|ƒ“•ú‘—,ƒxƒXƒgƒZƒ‰[w’´ƒ~ƒjƒ}ƒ‹å‹`x’˜Ò‚ªŒê‚éuƒVƒ“ƒvƒ‹‚Æƒ~ƒjƒ}ƒ‹‚Ìˆá‚¢v,https://news.yahoo.co.jp/articles/fa60640b929f6dfafc856e16b53602cfe43af266,10/30(Œ) 11:20
nshaberu,ƒjƒbƒ|ƒ“•ú‘—,‚à‚àƒNƒAƒGƒr’†cc‚±‚Ì“ú‚¾‚¯‚ÌƒXƒyƒVƒƒƒ‹ƒRƒ‰ƒ{‚àI uƒXƒ^ƒvƒ‰ƒAƒCƒhƒ‹ƒtƒFƒXƒeƒBƒoƒ‹`H‚ÌV‹ÈûŠnÕ`vƒCƒxƒ“ƒgƒŒƒ|[ƒg,https://news.yahoo.co.jp/articles/9b50b6fd322a918f3b7c61a959b2f05721641364,10/30(Œ) 7:50
nshaberu,ƒjƒbƒ|ƒ“•ú‘—,”T–Øâ46@34thƒVƒ“ƒOƒ‹”­”„Œˆ’è,https://news.yahoo.co.jp/articles/5705e3fbbd5e51fc35e17fb1ded7c8c94ca079bd,10/30(Œ) 1:20
nshaberu,ƒjƒbƒ|ƒ“•ú‘—,‘š~‚è–¾¯AgƒnƒKƒLElh‚½‚¿‚ÌƒXƒgƒCƒbƒN‚·‚¬‚é“úí‚ÉuƒXƒQƒF‚ÈccIv,https://news.yahoo.co.jp/articles/23bf8679e23aeaff905a0643d8d1377847d5e853,10/29(“ú) 12:10
nshaberu,ƒjƒbƒ|ƒ“•ú‘—,’âíŒãAu’N‚ªƒpƒŒƒXƒ`ƒi‚ğ“¡‚·‚é‚Ì‚©vÂÊ^‚ª‚È‚¢,https://news.yahoo.co.jp/articles/52c3fa8534d12ee50656a2c7c493208e3ffba911,10/29(“ú) 11:55
nshaberu,ƒjƒbƒ|ƒ“•ú‘—,”T–Øâ46 ‹v•Ûj—¢AˆÓŠO‚ÈŒğ’Êè’i‚ÅŒÃ“cV‘¾‚ç‚ÆƒfƒBƒYƒj[ƒ‰ƒ“ƒh‚ÖuƒrƒbƒNƒŠ‚µ‚½‚ñ‚Å‚·‚¯‚ÇA—v‹‚ğ‚Ì‚İ‚Ü‚µ‚½iÎjv,https://news.yahoo.co.jp/articles/0870852333e193829ebd205b9a9435a4caac3464,10/29(“ú) 11:55
nshaberu,ƒjƒbƒ|ƒ“•ú‘—,‚İ‚¿‚å‚ÏAWikipediaŒfÚ‚ÌÊ^‚É‹^–âu‰½‚Å‚¸‚Á‚Æ‚±‚ê‚È‚ñ‚¾‚ë‚¤HiÎjv,https://news.yahoo.co.jp/articles/fe35f489fe2ad249848e84f7b8d5f5a888f78433,10/29(“ú) 11:50
nshaberu,ƒjƒbƒ|ƒ“•ú‘—,•ÄƒoƒCƒfƒ“‘å“—Ì‚Æ’†‘E‰¤‹BŠO‘Š‚Ì–Ê‰ï@‰ï‚¤‚Ì‚ÍgŒ`®ãhƒTƒŠƒoƒ“•â²Š¯,https://news.yahoo.co.jp/articles/e49949e145eea3d972e942713096ccf0633e10d4,10/29(“ú) 11:50
nshaberu,ƒjƒbƒ|ƒ“•ú‘—,ƒCƒ“ƒh‚ªƒƒVƒA‚ğ•K—v‚Æ‚·‚éu“ú–{l‚ª’m‚ç‚È‚¢v–î,https://news.yahoo.co.jp/articles/2e2284d1cdd77a3af94e7c5b2a9d0d0428f8ef19,10/29(“ú) 11:45
nshaberu,ƒjƒbƒ|ƒ“•ú‘—,ŸNâ46 “c‘º•Û”Tu‚ ‚Ì‚Æ‚«‚Ìˆäã‚ÌŠç‚ª–Y‚ê‚ç‚ê‚È‚¢Iv’a¶“ú‚Ìv‚¢o–¾‚©‚·,https://news.yahoo.co.jp/articles/b309fc58645871eb8f85cf08146208e984a0e01e,10/29(“ú) 11:45
nshaberu,ƒjƒbƒ|ƒ“•ú‘—,Š“¾EZ–¯Å‚Ì’èŠzŒ¸Å@Œ»–ğlŒû‚ªŒ¸­‚·‚é‚È‚©‚Åu‚•ŸƒE’á•‰’Sv‚Í–³—‚ª‚ ‚é,https://news.yahoo.co.jp/articles/6b336b8d95d768f29c9391aa98b9ba8c07ac9d08,10/29(“ú) 11:40
nshaberu,ƒjƒbƒ|ƒ“•ú‘—,Î•Ÿ’à’ß•r@’J‘ºVi‚³‚ñ‚Æ‚Íu‚à‚Á‚Æ’‚Á‚Æ‚¢‚½‚ç‚æ‚©‚Á‚½v,https://news.yahoo.co.jp/articles/1f35c10999503a853f7442af09a28c778482dd34,10/29(“ú) 11:40
nshaberu,ƒjƒbƒ|ƒ“•ú‘—,’†‘‘åg‚Í‚Å‚«‚ê‚Î’†‘Œê‚ğ˜b‚¹‚½•û‚ª‚¢‚¢,https://news.yahoo.co.jp/articles/39cf3bd2bc2a360800746e9afad098470d88908f,10/29(“ú) 11:35
nshaberu,ƒjƒbƒ|ƒ“•ú‘—,‘Î”n““ï•§‘œAŠØ‘Å‚Ù‚ª“ú–{‚ÌŠ—LŒ ‚ğ”F’è@“úŠØŠÖŒWu‚¢‚¢•ûŒüv‚ÖŒü‚¯‚Äˆê•à‘Oi,https://news.yahoo.co.jp/articles/83111081f7742261a1bcbe9462fa94bfb9a305c0,10/29(“ú) 11:30
nshaberu,ƒjƒbƒ|ƒ“•ú‘—,ˆê”Ês–¯‚ğEŠQA—U‰û‚·‚éƒnƒ}ƒX‚Ìsˆ×‚É‘Î‚µ‚ÄA‚È‚ºu‘¦’âív‚Æ‚È‚é‚Ì‚©@ƒCƒXƒ‰ƒGƒ‹EƒpƒŒƒXƒ`ƒiî¨,https://news.yahoo.co.jp/articles/8785ac63a1db688db607ed1927d925e276951d02,10/29(“ú) 11:25
nshaberu,ƒjƒbƒ|ƒ“•ú‘—,ƒiƒCƒ“ƒeƒBƒiƒCƒ“‚È‚ç‚Å‚Í‚ÌƒRƒ‰ƒ{‚É‰¡•lƒAƒŠ[ƒi‚ÉWŒ‹‚µ‚½ƒŠƒXƒi[1–œ1000l‚ª”M‹¶I ƒjƒbƒ|ƒ“•ú‘—uƒiƒCƒ“ƒeƒBƒiƒCƒ“‚ÌƒI[ƒ‹ƒiƒCƒgƒjƒbƒ|ƒ“‰Ì—wÕvƒCƒxƒ“ƒgƒŒƒ|[ƒg,https://news.yahoo.co.jp/articles/4043f9fcd913eb5088b402aff91ebaa52d350181,10/28(“y) 23:30
nshaberu,ƒjƒbƒ|ƒ“•ú‘—,yƒiƒCƒiƒC‰Ì—wÕz–î•”_”VA’ˆ‚ğ•‘‚¢‚È‚ª‚çwTOKIOx”â˜Iu‚â‚×‚Á‚¿A¯‚É‚È‚è‚Ü‚µ‚½Iv,https://news.yahoo.co.jp/articles/f2c16b135cda470f29c358b3bf716f16d7b2e8a5,10/28(“y) 22:52
nshaberu,ƒjƒbƒ|ƒ“•ú‘—,yƒiƒCƒiƒC‰Ì—wÕzˆÉ“¡‰p–¾ƒTƒvƒ‰ƒCƒYo‰‰‚Å‰ª‘ºŠ´Œƒu–{•¨‚É‚¨‰z‚µ‚¢‚½‚¾‚¯‚é‚È‚ñ‚Äv,https://news.yahoo.co.jp/articles/15aebcf8173c72afaa1242980fac7f3fa2d2b492,10/28(“y) 22:41
nshaberu,ƒjƒbƒ|ƒ“•ú‘—,yƒiƒCƒiƒC‰Ì—wÕz—é–Ø•Ÿ‚Æwƒ}ƒ‹Eƒ}ƒ‹Eƒ‚ƒŠEƒ‚ƒŠIx‚ğ‰Ì¥I@‰ª‘º—²juwƒ}ƒ‹ƒ‚x‚Ì2‚ª‚ ‚Á‚½‚çŒÄ‚ñ‚Åv,https://news.yahoo.co.jp/articles/f4fe44de9a8a77c2cad0b8c166c52028d5fc3cfd,10/28(“y) 21:05
nshaberu,ƒjƒbƒ|ƒ“•ú‘—,yƒiƒCƒiƒC‰Ì—wÕz‰ª‘º—²jAƒAƒLƒŒƒXäF’f—ô‚ÌƒMƒvƒXp‚ğ‰ŒöŠJuŠ®‘S‘Ì‚É‚È‚é‚Ì‚ÍƒNƒŠƒXƒ}ƒXƒCƒ”v,https://news.yahoo.co.jp/articles/68ff930445300a5987b68e98e8efbaf956003699,10/28(“y) 21:00
nshaberu,ƒjƒbƒ|ƒ“•ú‘—,“Œ‹ƒh[ƒ€–ñ11”t•ª‚Ìœõ“yu98`99%‚ÍÄ—˜—p‚Å‚«‚évê–å‰Æ‚ªw“E,https://news.yahoo.co.jp/articles/15145661bfffb9940d702b186e2a9b68d317b02a,10/28(“y) 17:50
nshaberu,ƒjƒbƒ|ƒ“•ú‘—,w‰S‚¤˜Zl‚Ì—x’|–ì“à–L~R“cF”VAˆÙF‚ÌƒTƒXƒyƒ“ƒXƒXƒŠƒ‰[,https://news.yahoo.co.jp/articles/013f0088f2098af9ef1dba41803b5fb1b7749676,10/28(“y) 11:30
nshaberu,ƒjƒbƒ|ƒ“•ú‘—,ˆÉW‰@ŒõAƒyƒbƒg‚ÌgŒÂ‘Ì·h‚ğŒ©”²‚­”‚¢å‚ÌŠ´Šo‚É‹Á‚«uƒJƒuƒgƒ€ƒV‚à•ª‚©‚é‚ç‚µ‚¢v,https://news.yahoo.co.jp/articles/176f48a78e2df015a99b44410440ea17eb1743cd,10/27(‹à) 19:10
nshaberu,ƒjƒbƒ|ƒ“•ú‘—,wSASUKEx‚ÌŒÜ—Öí–ÚÌ—p‚É‰ª‘ºE–î•”‚à‹Áœ±Iu‚·‚²‚­Šy‚µ‚İv,https://news.yahoo.co.jp/articles/4eac5104f92ef6833ccb288217c94b92cdfeb899,10/27(‹à) 17:50
nshaberu,ƒjƒbƒ|ƒ“•ú‘—,ƒOƒ‰ƒf[ƒVƒ‡ƒ“ƒJƒ‰[‚Ì‚¾‚é‚ÜHI@‚¾‚é‚Ü‚Ì‚Ó‚é‚³‚Æ‘å–å‰®‚É‚Äƒ‰ƒ“ƒpƒ“ƒvƒX‚ªŠG•t‚¯‚É’§íI,https://news.yahoo.co.jp/articles/39b19af27404ccb7eab8a01a7962adb5c2d121b0,10/27(‹à) 15:00
nshaberu,ƒjƒbƒ|ƒ“•ú‘—,–¼ŒÃ‰®‰w‚ÌV–¼•¨‚ÆƒRƒ‰ƒ{‚µ‚½Vì‰w•Ùu‚Ò‚æ‚è‚ñ•Ù“–v‚Æ‚ÍH,https://news.yahoo.co.jp/articles/6cc9db45f5c53f082cd934a136e322dd85e0f290,10/27(‹à) 11:55
nshaberu,ƒjƒbƒ|ƒ“•ú‘—,u‚Â‚È‚¬—\Zv‚ªØ‚ê‚½‚ ‚ÆƒAƒƒŠƒJ‚ÍƒEƒNƒ‰ƒCƒix‰‡‚ğ‘±‚¯‚é‚Ì‚©@•Ä‰º‰@‹c’·‚ÉƒWƒ‡ƒ“ƒ\ƒ“‹cˆõ‘Io,https://news.yahoo.co.jp/articles/4e8adb76ec4c7ccc0e0a4af486f8ce7c62c5a66d,10/27(‹à) 11:50
nshaberu,ƒjƒbƒ|ƒ“•ú‘—,uƒRƒVƒqƒJƒŠv‚ÌuƒRƒVv‚Á‚Ä‰½‚Ì‚±‚ÆH,https://news.yahoo.co.jp/articles/7ceeea59c9f412ad7120915f29d473accd2215e4,10/27(‹à) 11:25
nshaberu,ƒjƒbƒ|ƒ“•ú‘—,iPS×–EŒ¤‹†Š–¼—_Š’·ER’†L–í@‚È‚ºAƒzƒ‚ƒTƒsƒGƒ“ƒX‚ª—Bˆê‚Ìl—Ş‚É‚È‚Á‚½‚Ì‚©,https://news.yahoo.co.jp/articles/ebdfee1a69a5e79d39bbd37eae088b3e5e86ff59,10/27(‹à) 11:20
nshaberu,ƒjƒbƒ|ƒ“•ú‘—,uƒZƒLƒ…ƒŠƒeƒBƒNƒŠƒAƒ‰ƒ“ƒX§“xv‚Í‹@”÷‹Zp‚ğˆµ‚¤‘Û“I˜AŒg‚É‚¨‚¢‚Ä•s‰ÂŒ‡‚È—vŒ,https://news.yahoo.co.jp/articles/3bb93c41e198b12a881fd189732966d9d8505dbe,10/26(–Ø) 19:40
nshaberu,ƒjƒbƒ|ƒ“•ú‘—,ƒCƒXƒ‰ƒGƒ‹Eƒlƒ^ƒjƒ„ƒt­Œ @u’nãNU‚ğ‚µ‚È‚¢v‚Æ‚¢‚¤‘I‘ğˆ‚Í‚È‚¢,https://news.yahoo.co.jp/articles/d8d3fa8ff12a51e8d188c29de32d7da95752b9d8,10/26(–Ø) 19:00
nshaberu,ƒjƒbƒ|ƒ“•ú‘—,APEC‚ğƒƒVƒ“ƒgƒ“‚Å‚Í‚È‚­uƒTƒ“ƒtƒ‰ƒ“ƒVƒXƒRv‚ÅŠJÃ‚·‚éƒoƒCƒfƒ“­Œ ‚Ì–î,https://news.yahoo.co.jp/articles/2bf460a07b519659d3de0e612d15b43b7c7b442a,10/26(–Ø) 18:35
nshaberu,ƒjƒbƒ|ƒ“•ú‘—,‘–¯”N‹à•ÛŒ¯—¿‚Ì”[•tŠúŠÔ@5”N‰„’·‹c˜_ŠJn@uw‰R‚ğ‚Â‚¢‚Ä‚¢‚Ü‚µ‚½x‚Æ­•{‚ÍÓ‚èA‚«‚¿‚ñ‚Æà–¾‚·‚×‚«‚¾vh–V¡˜Y‚ª‹êŒ¾,https://news.yahoo.co.jp/articles/245ada1c8235080e8ed01bd140f4c15866c85682,10/26(–Ø) 18:10
nshaberu,ƒjƒbƒ|ƒ“•ú‘—,–¾Î‰Æ‚³‚ñ‚ÜAVŠ²ü‚Ì‹i‰Œƒ‹[ƒ€”p~‚ğ’m‚èccu‰‚ß‚ÄƒŠƒNƒ‰ƒCƒjƒ“ƒO‚ğ“|‚µ‚Ä‚Ì‚¯‚¼‚Á‚½vŸ’·‰Û’·E‰Í–{‚ª–¾‚©‚·,https://news.yahoo.co.jp/articles/e6b7d5d2028c575d43e898a28a159ee8fffe383f,10/26(–Ø) 17:55
nshaberu,ƒjƒbƒ|ƒ“•ú‘—,²‹vŠÔés•ç’¹ƒmƒuA‘åŒå‚Ìwƒg[ƒNƒTƒoƒCƒo[2x‚ÉuTŠ§‚É“ËŒ‚‚³‚ê‚éƒŒƒxƒ‹‚¶‚á‚È‚¢v,https://news.yahoo.co.jp/articles/1504b256cf209c6c167ec4a3271d5325b7d040ff,10/26(–Ø) 17:50
nshaberu,ƒjƒbƒ|ƒ“•ú‘—,•Ä’†‘o•û‚Æ‚à‚Éuñ”]‰ï’kv‚ğ–]‚Şu‚»‚ê‚¼‚ê‚Ì–îv,https://news.yahoo.co.jp/articles/c9da8f65b82a4e9315aea2b418433af49051bd3d,10/26(–Ø) 17:40
nshaberu,ƒjƒbƒ|ƒ“•ú‘—,u«“¯ˆê«áŠQv@Ğ‰ïE§“xE–@—¥‚ª\•ª‚É’Ç‚¢‚Â‚¯‚Ä‚¢‚È‚¢,https://news.yahoo.co.jp/articles/edd906ad8284ff1a4c1cf0ad2bfd75e721b54e40,10/26(–Ø) 17:30
nshaberu,ƒjƒbƒ|ƒ“•ú‘—,u‘K“’•¶‰»‚ÍA‚È‚­‚È‚évh–V¡˜Y‚ª„@@`«•Ê•ÏX‚Ì¶B•s”\èp—vŒ@Å‚Ù‚ªuˆáŒ›v”»’f,https://news.yahoo.co.jp/articles/5819bb1bb7bed25f0099f639f2afd15389470774,10/26(–Ø) 17:25
nshaberu,ƒjƒbƒ|ƒ“•ú‘—,‰J‚ª–¾ˆÃcc59”N‘O‚ÌuŒä“°‹ØƒVƒŠ[ƒYv1964”NEã_vs“ìŠC‚ÌŒƒ“¬,https://news.yahoo.co.jp/articles/ea5805504aea190f94e4aac16ffb12bd70ecdd35,10/26(–Ø) 17:20
nshaberu,ƒjƒbƒ|ƒ“•ú‘—,«•Ê•ÏX‚Ì¶B•s”\èp—vŒ@Å‚Ù‚ªuˆáŒ›v”»’f@u¢ŠE•W€‚¾vh–V¡˜Y‚ªw“E,https://news.yahoo.co.jp/articles/c369332e047409fc137839d41f333599ce53c50b,10/26(–Ø) 16:50
nshaberu,ƒjƒbƒ|ƒ“•ú‘—,Á”ïÅˆø‚«‰º‚°‚Íul‚¦‚Ä‚¢‚È‚¢v@u•ûŒü«v‚ªŒ©‚¦‚È‚¢Šİ“c‘—,https://news.yahoo.co.jp/articles/344fdc424f3cf537a95992a67df12fa300a7b107,10/26(–Ø) 12:35
nshaberu,ƒjƒbƒ|ƒ“•ú‘—,ƒ}ƒaƒ‰ƒuu‚ ‚è‚ª‚Æ‚¤‚²‚´‚¢‚Ü‚·I‚Á‚Äv ‘O“ú‚É‹}ç¯ƒuƒbƒLƒ“ƒO‚µ‚½ƒQƒXƒg‚Ì”½‰–¾‚©‚·,https://news.yahoo.co.jp/articles/51679d04e97582c848e0c8418320317c574440cc,10/26(–Ø) 11:50
nshaberu,ƒjƒbƒ|ƒ“•ú‘—,•Ä‚Ì¶Y—Ê@’†‘EƒCƒ“ƒh‚É‘±‚­u‘æ3ˆÊv‚Í‚Ç‚±H,https://news.yahoo.co.jp/articles/7eb9d641b21882b9dee82938cf4d76784df865f8,10/26(–Ø) 11:25
nshaberu,ƒjƒbƒ|ƒ“•ú‘—,iPS×–EŒ¤‹†Š–¼—_Š’·ER’†L–í@Œ¤‹†Ò‚Ì‘¿‚Íu—\‘z‚Æ”½‘Î‚ÌŒ‹‰Ê‚É‚È‚Á‚½‚Æ‚«A‚»‚ê‚ğŠì‚×‚é‚©‚Ç‚¤‚©v,https://news.yahoo.co.jp/articles/cf195bcc51c60ccaaf83c3b6642b04e38efc4ae9,10/26(–Ø) 11:20
nshaberu,ƒjƒbƒ|ƒ“•ú‘—,ASEAN‚É‘Î‚µ‚Ä‚ÍAu“ú–{‚Í“ú–{‚Å‚ ‚év‚Æ‚¢‚¤p¨‚ğŒ©‚¹‚é‚×‚«,https://news.yahoo.co.jp/articles/bb2dacf0e6c55942fe2205cc7a8737ef5fc863a6,10/25(…) 20:00
nshaberu,ƒjƒbƒ|ƒ“•ú‘—,’†‘‘åg‚É‹à™@ud“îg‚¢•ª‚¯‚ç‚ê‚él–¬v‚ğ‚Á‚Ä‚¢‚é‚©‚Ç‚¤‚©‚ªd—v,https://news.yahoo.co.jp/articles/8a8cfb24228015fb656270750c22a537867e5a58,10/25(…) 19:40
nshaberu,ƒjƒbƒ|ƒ“•ú‘—,w‘ÅƒƒKƒlx‚ª—^‚¦‚½‘å‚«‚ÈŒø‰Ê@uƒlƒbƒg‚Å‚Ì¢˜_Œ`¬v‚É‚æ‚Á‚Ä‘—‚Ì­ôŒˆ’è‚ª•Ï‚¦‚ç‚ê‚é,https://news.yahoo.co.jp/articles/34486173457219cb3d33293429b038a874b67cf0,10/25(…) 19:35
nshaberu,ƒjƒbƒ|ƒ“•ú‘—,ƒCƒXƒ‰ƒGƒ‹AƒpƒŒƒXƒ`ƒiî¨@uƒKƒU’n‹æ‚Å‚Íˆù—¿…‚âH—¿‚ª‘S‚­‘«‚è‚Ä‚¢‚È‚¢vŒ»’n‚Ì“ú–{l‚ªÅVƒŠƒ|[ƒg,https://news.yahoo.co.jp/articles/1efcf4449cb18a6318adeede2cc682775454b068,10/25(…) 19:20
nshaberu,ƒjƒbƒ|ƒ“•ú‘—,ˆÉW‰@ŒõAƒQ[ƒ€‚ÉgƒZ[ƒu‹@”\h‚ª‚È‚©‚Á‚½‘ã‚ğU‚è•Ô‚éuŒZ’í‚°‚ñ‚©‚Æ‚©‚µ‚½‚æ‚Ëv,https://news.yahoo.co.jp/articles/3f002e583bba509ecf09a0b6d5ec143af36d5900,10/25(…) 19:00
nshaberu,ƒjƒbƒ|ƒ“•ú‘—,gƒ_ƒEƒ“ƒ^ƒEƒ“–ğh‚ÍA‚©‚Ü‚¢‚½‚¿H@wƒWƒ‡ƒ“ƒ\ƒ“xo‰‰Œ|l‚Ì—§‚¿ˆÊ’u‚Éƒjƒ…[ƒˆ[ƒN‚ªŒ¾‹yuˆÃ–Ù‚Ì—¹‰ğ‚Åccv,https://news.yahoo.co.jp/articles/068753d6e5200aad0fb5a953a241921778b36ee3,10/25(…) 18:05
nshaberu,ƒjƒbƒ|ƒ“•ú‘—,u’ª…ˆù‚İ‚È‚ª‚ç‰j‚¢‚Å‚¢‚Ü‚·v‘S–ÓƒZ[ƒ‰[EŠâ–{ŒõOAƒgƒ‰ƒCƒAƒXƒƒ“‚É’§í,https://news.yahoo.co.jp/articles/d4827f7f11c6ce38735826bd10b848b525fe03fe,10/25(…) 17:45
nshaberu,ƒjƒbƒ|ƒ“•ú‘—,’†‘‚ªAˆÀ•Û—í”C—–‘‚Æ‘Œğ‚Ì‚È‚¢ƒu[ƒ^ƒ“‚É‹ßŠñ‚éuv˜fv,https://news.yahoo.co.jp/articles/b5602c159009d8e4822001103f732b7374c6d777,10/25(…) 17:30
nshaberu,ƒjƒbƒ|ƒ“•ú‘—,“û‚ª‚ñ”’‚Ìƒ‰ƒCƒo[ELiLu@u•sˆÀ‚Å•|‚©‚Á‚½vŒö•\AŒˆˆÓ‚Ì— ‚É‹­‚¢ˆÓu,https://news.yahoo.co.jp/articles/a6a0c9e4276c481eb67be1cc473b2cf17276e9a8,10/25(…) 17:25
nshaberu,ƒjƒbƒ|ƒ“•ú‘—,ˆä’[ŠÄ“Â‚ªu˜‚Ì4”Ôv–¾Œ¾I@DeNA–q‚ª‚±‚¾‚í‚éu4”Ôƒoƒbƒ^[v‚Æ‚µ‚Ä‚Ì¶‚«—l,https://news.yahoo.co.jp/articles/9313dade292b8b59141434694fdc465485b0bbb0,10/25(…) 17:20
nshaberu,ƒjƒbƒ|ƒ“•ú‘—,Rè‚Ü‚³‚æ‚µ ƒ‰ƒCƒu‘›“®@u‚â‚µ‚«‚½‚©‚¶‚ñ‚³‚ñ‚ğ–Úw‚µ‚½‚Ù‚¤‚ª‚¢‚¢‚Ì‚Å‚Ívh–V¡˜Y‚ªŠ©§,https://news.yahoo.co.jp/articles/fcb85d5877121ad48347fb2d8e990d87f2358c95,10/25(…) 17:15
nshaberu,ƒjƒbƒ|ƒ“•ú‘—,ˆÉW‰@ŒõAƒˆ¤‚ğŠÑ‚¢‚½gbq‰€‹…™h‚ÌƒIƒVƒƒƒŒ‚ÈŒ¾—t‚ÉŠ´•uƒJƒbƒR‚¢‚¢‚¨‚¶‚¢‚¿‚á‚ñ‚¾‚Ëv,https://news.yahoo.co.jp/articles/5ffbf16d6cf0f11457d899386a8d686af01a1c3e,10/25(…) 12:20
nshaberu,ƒjƒbƒ|ƒ“•ú‘—,IAEAuˆ—…’²¸v‚É•ªÍ‹@ŠÖ‚ğQ‰Á‚³‚¹‚½’†‘‚Ìu‚à‚¤1‚Â‚ÌˆÓ}v,https://news.yahoo.co.jp/articles/9aee107eb01635072d46427b038987ae1d3f5545,10/25(…) 12:00
nshaberu,ƒjƒbƒ|ƒ“•ú‘—,ŸNâ46AƒtƒBƒŠƒsƒ“‚É‚ÄŠJÃu2023 Asia Artist Awardsvo‰‰Œˆ’è,https://news.yahoo.co.jp/articles/6b300def9c4fd82d10d4db35d5a9c979746f2aa4,10/25(…) 12:00
nshaberu,ƒjƒbƒ|ƒ“•ú‘—,uˆïéŒ§‚Ì–£—Ív‚Æu“Ø“÷‚ÌH•¶‰»v‚ª‹l‚Ü‚Á‚½Vì‰w•Ù‚Æ‚ÍH,https://news.yahoo.co.jp/articles/12b7d2d541e24b109ff3e999d981ba031497f23a,10/25(…) 11:55
nshaberu,ƒjƒbƒ|ƒ“•ú‘—,JO1äo“ßé§A”’Šâ—Ú•P‚Ì—‰ğ‚Å‚«‚È‚¢‚±‚¾‚í‚èu‚¢‚âA©•ª‚©‚çs‚±‚¤‚æB•Ù“–‚ğ—U‚¦Iv,https://news.yahoo.co.jp/articles/d2d92cf619395cc38df361f822d24f7cf5b81174,10/25(…) 11:50
nshaberu,ƒjƒbƒ|ƒ“•ú‘—,”T–Øâ46 •Œ©–¾‚Ì”’‚É‹v•Ûj—¢EŒüˆä—tŒ‚ª‹Â“V@u¡“ú‚Ìƒ‰ƒCƒu‘O‚ÉA‘åŠw‚Å–ì‹…‚Ì‡‚ğ‚â‚Á‚½‚ñ‚Å‚·v,https://news.yahoo.co.jp/articles/84d2500b987983bffff86126b977b2fdcba7a669,10/25(…) 11:45
nshaberu,ƒjƒbƒ|ƒ“•ú‘—,ƒTƒ“ƒh•xàVu‘Å‡A‰´l‚¦‚½‚ñ‚Å‚·‚¯‚Çv @VŠÄ“Â‚ÉA”C‚µ‚½Šy“VE¡]‚É‘Åü‚ÌƒAƒhƒoƒCƒXH,https://news.yahoo.co.jp/articles/ef2d44f569a6c63f686a17590b8cb8b097448e9c,10/25(…) 11:40
nshaberu,ƒjƒbƒ|ƒ“•ú‘—,u‚¤‚é‚¿•Äv‚Æu‚à‚¿•Äv@‚È‚º”S‚è‹C‚ª‚ ‚ñ‚È‚Éˆá‚¤‚ÌH,https://news.yahoo.co.jp/articles/9b646b906784b2ca8881b28f528ce84032a88572,10/25(…) 11:25
nshaberu,ƒjƒbƒ|ƒ“•ú‘—,iPS×–EŒ¤‹†Š–¼—_Š’·ER’†L–í@—Õ°ˆã‚É‚È‚ë‚¤‚ÆŒˆ‚ß‚½ÛA•ê‚Ì–Œ³‚É–S‚«•ƒ‚ª—§‚¿uL–í‚Él‚¦’¼‚·‚æ‚¤‚Év‚Æcc,https://news.yahoo.co.jp/articles/dd065a51162aa2e24ded8f82508d7bbaaed16eec,10/25(…) 11:20
nshaberu,ƒjƒbƒ|ƒ“•ú‘—,ƒiƒCƒc”·Aƒ_ƒEƒ“ƒ^ƒEƒ“‚Ì¦‚³‚ğÄ”F¯u–l‚ç‚æ‚è‚àá‚¢‚Æ‚«‚ÉwƒŠƒ“ƒJ[ƒ“xn‚Ü‚Á‚Ä‚é‚©‚ç‚Ëv,https://news.yahoo.co.jp/articles/535d3819a296083e8b3bbbfe250bfb6e2b28f01a,10/25(…) 7:35
nshaberu,ƒjƒbƒ|ƒ“•ú‘—,–k’©‘N‚É‚æ‚é“ú–{lf’v–Œ@70”N‘ã‚É’m‚Á‚Ä‚¢‚él‚à‚¢‚½‚©@u‚»‚Á‚­‚è‚Ì–Ÿ‰æ‚ª‘¶İvh–V¡˜Y‚ªw“E,https://news.yahoo.co.jp/articles/10ad4d171280b4d62271cc03079f3b973141e36c,10/24(‰Î) 19:40
nshaberu,ƒjƒbƒ|ƒ“•ú‘—,ƒNƒ}‚É‚æ‚élg”íŠQ‚ª‰ß‹Åˆ«‚É@uŠÂ‹«•Û‘S‚ªi‚ñ‚¾Œ‹‰ÊA–ì¶“®•¨‚ª‘‚¦‚½‚±‚Æ‚ªŒ´ˆövƒpƒ“ƒN’¬“c‚ª‰ğà,https://news.yahoo.co.jp/articles/5c176f54216d4b80ab440ce079b7616d816e9415,10/24(‰Î) 19:25
nshaberu,ƒjƒbƒ|ƒ“•ú‘—,‰Ô•²ÇIH@uƒXƒM‰Ô•²‚Í10Œ‚²‚ë‚©‚ç”ò‚Ñn‚ß‚Ä‚¢‚évh–V¡˜Y‚ªŒx‰úŒÄ‚Ñ‚©‚¯,https://news.yahoo.co.jp/articles/9e7994ee24a136083d135af3fd4ade96a47f66a4,10/24(‰Î) 19:10
nshaberu,ƒjƒbƒ|ƒ“•ú‘—,uYCC‚Í“P”p‚¹‚¸A12Œ‚Éƒ}ƒCƒiƒX‹à—˜‚ğ‰ğœv‚Ö@ê–å‰Æ‚ª“ú‹â‹à—Z­ô‚ğ—\‘ª,https://news.yahoo.co.jp/articles/f39e7a8bc0eff1a1c675d4b9edf3f4b98f6e2cc1,10/24(‰Î) 18:05
nshaberu,ƒjƒbƒ|ƒ“•ú‘—,ƒpƒŒƒXƒ`ƒiî¨@’‡‰î–ğ‚Æ‚µ‚Ä’–Ú‚³‚ê‚éuƒJƒ^[ƒ‹v‚Ì‘¶İ,https://news.yahoo.co.jp/articles/66eaee2a6d52729ba1f22a72190c0545231b639f,10/24(‰Î) 17:50
nshaberu,ƒjƒbƒ|ƒ“•ú‘—,—‰ğ‚É‹ê‚µ‚Şu“ú–{‚ğœ‚­G7‹¤“¯º–¾v‚Ö‚Ì¼–ìŠ¯–[’·Š¯‚ÌƒRƒƒ“ƒg,https://news.yahoo.co.jp/articles/289d4a91b27b96d7ad48ea65cf19853d5b88d014,10/24(‰Î) 17:45
nshaberu,ƒjƒbƒ|ƒ“•ú‘—,’†‘­•{‚ÌuK‹ß•½‚Ö‚Ìœu“xv‚ª“ïq‚³‚¹‚éu•Ä’†ñ”]‰ï’kv’²®,https://news.yahoo.co.jp/articles/347d958bfc21aa61ba981b0237826bce79c09933,10/24(‰Î) 17:40
nshaberu,ƒjƒbƒ|ƒ“•ú‘—,GDP‚Ì‡ˆÊ‚ğ‘ˆ‚¤•K—v‚Í‚È‚¢@u¶Šˆ‚ª–L‚©‚É‚È‚Á‚½v‚Æ‚¢‚¤ÀŠ´‚ğ‘–¯‚ª‚Ä‚é‚©‚Ç‚¤‚©‚ªƒ|ƒCƒ“ƒg,https://news.yahoo.co.jp/articles/d80e24efd2e8da1f257d5be4fc2aeae808f2238e,10/24(‰Î) 17:35
nshaberu,ƒjƒbƒ|ƒ“•ú‘—,©–¯“}“à‚©‚ç‚àu‰ğU‚Í‘Ù‘IŒãv‚Ìº@Šİ“c‘—uŠM•\–¾‰‰àv,https://news.yahoo.co.jp/articles/1105e184e2e9baa8d5184a976c9db57971e22c83,10/24(‰Î) 17:30
nshaberu,ƒjƒbƒ|ƒ“•ú‘—,ƒv[ƒ`ƒ“‚ÆK‹ß•½‚ª‚¢‚ÜA‚¨Œİ‚¢u‚¿ã‚°‡‚¤v‚µ‚©‚È‚¢‚í‚¯,https://news.yahoo.co.jp/articles/2ac6d7cf076c1606df9a2b80313711c22ea78cab,10/24(‰Î) 17:25
nshaberu,ƒjƒbƒ|ƒ“•ú‘—,u‰¼‘zƒhƒ‰ƒtƒgv‚Å‚í‚©‚Á‚½I@1„–ÚE2„–Úw–¼—L—Í‚Ì‘Iè‚Í‚±‚Ì24lI,https://news.yahoo.co.jp/articles/459fcd386944dc37db5911796413b76582140296,10/24(‰Î) 17:20
nshaberu,ƒjƒbƒ|ƒ“•ú‘—,’†‘‚ªƒAƒXƒeƒ‰ƒXĞˆõ‘ß•ß@—Ñ‘OŠO–±‘åb‚Å‚à‹~o‚Å‚«‚È‚©‚Á‚½“ú–{­•{uÅ‘å‚Ìƒ~ƒXv,https://news.yahoo.co.jp/articles/e44afa6d86495774e44f1cd5598aafb0caa823bd,10/24(‰Î) 17:15
nshaberu,ƒjƒbƒ|ƒ“•ú‘—,ƒuƒŒƒCƒLƒ“E”’ˆäŒ’‘¾˜N@uŠ´Ó‚Æˆ¤v,https://news.yahoo.co.jp/articles/c571d3c1df9d12200566cb1e0c796b024ddf25a7,10/24(‰Î) 14:59
nshaberu,ƒjƒbƒ|ƒ“•ú‘—,‚ ‚Ì•ƒxƒbƒL[Ag‹¤‰‰NGh‚Ì^‘Š‚ğ”’u‚±‚ñ‚È‘å‚²‚Æ‚É‚È‚é‚Æv‚í‚È‚©‚Á‚½v,https://news.yahoo.co.jp/articles/e1e90098e9d63db30324abf43936bc5b3fe39f4f,10/24(‰Î) 11:50
nshaberu,ƒjƒbƒ|ƒ“•ú‘—,Googleu“Æè‹Ö~–@ˆá”½v‹^‚¢‚Å’²¸@uAI‚ÉŠÖ‚·‚éƒ‹[ƒ‹‚Ã‚­‚èv‚Í“ú–{‚ªƒŠ[ƒ_[‚Æ‚È‚Á‚Äi‚ß‚é‚×‚«,https://news.yahoo.co.jp/articles/039fe542a3e1a1afa936403587d30056538cf5e1,10/24(‰Î) 11:35
nshaberu,ƒjƒbƒ|ƒ“•ú‘—,‚È‚º”’‚¢‚²”Ñ‚ğu‹âƒVƒƒƒŠv‚ÆŒÄ‚Ô‚ÌH,https://news.yahoo.co.jp/articles/65022d3017e8e4b5b2564aa6fb4cfd779e07df3b,10/24(‰Î) 11:25
nshaberu,ƒjƒbƒ|ƒ“•ú‘—,iPS×–EŒ¤‹†Š–¼—_Š’·ER’†L–í@‚¢‚Ü‚ÍuiPS×–EvÄ¶ˆã—Ã‚ÌÀŒ»‚Ü‚Å‚ÌuÜ‚è•Ô‚µ’n“_v,https://news.yahoo.co.jp/articles/e31e08e1a1de85cf90124ba30df05779d9dd8fc9,10/24(‰Î) 11:20
nshaberu,ƒjƒbƒ|ƒ“•ú‘—,•â‘I’¼‘O‚ÉuŒ¸Åv•ñ“¹@uŠİ“cñ‘Š‚Í–Úæ‚Ì¢˜_A‘I‹“‚É‚Æ‚ç‚í‚ê‰ß‚¬vh–V¡˜Y‚ª‹êŒ¾,https://news.yahoo.co.jp/articles/435c6dde761b49ea8a2fe0ef73991e18ce7a2605,10/23(Œ) 18:40
nshaberu,ƒjƒbƒ|ƒ“•ú‘—,‹Ù’£Š´‘‚·’†“Œî¨@ƒAƒƒŠƒJ‚ÌŒš‚Ä‘O‚Æ–{‰¹@uƒCƒXƒ‰ƒGƒ‹x‚È‚ª‚çA©‘–¯‚àl¿B’nãNU‚Éw‘Ò‚Á‚½xvê–å‰Æ‚ª‰ğà,https://news.yahoo.co.jp/articles/c39562fe7cfb75fbea33db518379e29161da21d9,10/23(Œ) 18:20
nshaberu,ƒjƒbƒ|ƒ“•ú‘—,ƒLƒIƒNƒVƒA‚ª•ÄƒEƒGƒXƒ^ƒ“ƒfƒWƒ^ƒ‹‚ÆŒo‰c“‡‚Ö@V‚½‚ÈŒÙ—p‚ğ¶‚İo‚µ‚Ä‚¢‚é”¼“±‘ÌŠÖ˜AŠé‹Æ,https://news.yahoo.co.jp/articles/888a38bdb119aff2471379b3676f4b8af60d96cb,10/23(Œ) 18:05
nshaberu,ƒjƒbƒ|ƒ“•ú‘—,u•â³—\Z‚Å‚Ç‚ê‚¾‚¯‚Ì^…ƒx[ƒX‚Ì‹àŠz‚ªo‚é‚©v‚ª¡Œã‚Ìƒ|ƒCƒ“ƒg‚É@’·Šú‹à—˜‚ª0.845%‚Éã¸,https://news.yahoo.co.jp/articles/9e50410b482285e67dec7900e0a218f921c7e953,10/23(Œ) 17:45
nshaberu,ƒjƒbƒ|ƒ“•ú‘—,‘Šè‚ğ”F‚ß‚È‚¢‘“¯m‚Ìu2‘‰Æ‰ğŒˆv‚Í‰Â”\‚È‚Ì‚©@ƒpƒŒƒXƒ`ƒiî¨,https://news.yahoo.co.jp/articles/6d15ca5aa827d8d3aeaae647c589806107415151,10/23(Œ) 17:40
nshaberu,ƒjƒbƒ|ƒ“•ú‘—,OQ•â‘I@©–¯1Ÿ1”s@u‰ğUv‚ÅŸ‚Ä‚é‚©•s“§–¾‚É,https://news.yahoo.co.jp/articles/0db0cb09b83947a47d77d807191815564ea87e47,10/23(Œ) 17:35
nshaberu,ƒjƒbƒ|ƒ“•ú‘—,u‚±‚Ì—Õ‘‰ï‚Å‚Ì‰ğU‚ÍAŒÀ‚è‚È‚­ƒ[ƒ‚É‹ß‚¢v@{“cTˆê˜Y‚ªw“E‚·‚éuŒ¸Åv‚Ö‚Ì—lX‚È‰Û‘è,https://news.yahoo.co.jp/articles/7bccf22c0ba86ec60b6a4b7262cef61d86710a83,10/23(Œ) 17:30
nshaberu,ƒjƒbƒ|ƒ“•ú‘—,­¡’c‘Ìw¢P—}§–@ˆÄx‘‰ï’ño@uo‚µ‚½—§Œ›–¯å“}‚à¬—§‚·‚é‚Æv‚Á‚Ä‚¢‚È‚¢vh–V¡˜Y‚ªw“E,https://news.yahoo.co.jp/articles/f8dbb3c371c40a1c494586f2cfce4a66d5fe26e8,10/23(Œ) 17:25
nshaberu,ƒjƒbƒ|ƒ“•ú‘—,ƒLƒ“ƒOƒIƒuƒRƒ“ƒg—DŸEƒTƒ‹ƒSƒŠƒ‰‚ÌŒˆŸ’¼‘O‚Ìs“®‚É‹Á‚­ƒiƒCƒc”·uƒRƒ“ƒr‚Å‚µ‚á‚Ô‚µ‚á‚Ô‚ÌH‚×•ú‘ès‚­‚©IHiÎjv,https://news.yahoo.co.jp/articles/a765fe87b2307f1b5c9b1c6b295d3f76ced26f39,10/23(Œ) 17:05
nshaberu,ƒjƒbƒ|ƒ“•ú‘—,ˆïé–¼•¨uˆóâÄ•Ù“–v‚Ì‹GßŒÀ’èƒo[ƒWƒ‡ƒ“‚Æ‚ÍH,https://news.yahoo.co.jp/articles/51c4cd1dd728245191b2e0a793ac2c1e679706b4,10/23(Œ) 11:55
nshaberu,ƒjƒbƒ|ƒ“•ú‘—,‚İ‚¿‚å‚ÏA—öˆ¤‚É”Y‚Ş—q’†Šw¶‚ÖƒAƒhƒoƒCƒXu—D‚µ‚¢l‚Íƒ‚ƒe‚¿‚á‚¤‚©‚ç‚Ëv,https://news.yahoo.co.jp/articles/7c8d08583bad50167a2217472666481f1eeede89,10/23(Œ) 11:50
nshaberu,ƒjƒbƒ|ƒ“•ú‘—,ƒtƒ‚¿‚á‚ñAƒ}ƒaƒ‰ƒuE–ì“cƒNƒŠƒXƒ^ƒ‹‚Æ‚·‚®—F’B‚É‚È‚Á‚½ˆê•ûAŠÔ‚ğ—v‚µ‚½‘ºã‚Æ‚ÌŠÖŒW‚Ã‚­‚è‚ğU‚è•Ô‚éu‘ºã‚ÍÅ‰ccv,https://news.yahoo.co.jp/articles/6b4dfb92c566702713f0bc99272a6b6e8bbbb686,10/23(Œ) 11:45
nshaberu,ƒjƒbƒ|ƒ“•ú‘—,ã_‘ÎƒIƒŠƒbƒNƒX@uŠÖ¼ƒ_[ƒr[v‚ÌŒoÏŒø‰Ê‚Í1449‰­‰~,https://news.yahoo.co.jp/articles/4754c7f98871c2aa547b7a5b160483243b826b38,10/23(Œ) 11:35
nshaberu,ƒjƒbƒ|ƒ“•ú‘—,uƒWƒƒƒoƒjƒJív‚Á‚Ä‚Ç‚ñ‚È•ÄH@å‚ÉƒWƒƒƒ“‡‚âƒCƒ^ƒŠƒA‚ÅÍ”|,https://news.yahoo.co.jp/articles/6290b707b9d6e526ae2d88220fca7c7e662eaa42,10/23(Œ) 11:25
nshaberu,ƒjƒbƒ|ƒ“•ú‘—,VŒ^ƒRƒƒiƒƒNƒ`ƒ“‚ÌŠJ”­‚ÉvŒ£‚µ‚½ƒJƒ^ƒŠƒ“EƒJƒŠƒR‚Æ‚Ìv‚¢o@iPS×–EŒ¤‹†Š–¼—_Š’·ER’†L–í,https://news.yahoo.co.jp/articles/764758d4f36c974acfcfde0cc23bfade19ab7b21,10/23(Œ) 11:20
nshaberu,ƒjƒbƒ|ƒ“•ú‘—,ŸNâ46 X“c‚Ğ‚©‚é•ˆäã—œ–¼AOŠú¶‚Ì‘¶İ‚Éu—Š‚à‚µ‚¢vu‚·‚²‚­“`‚í‚év,https://news.yahoo.co.jp/articles/cf5dffc8e94a37011e62138c7eb742dcff7a3fa1,10/22(“ú) 18:50
nshaberu,ƒjƒbƒ|ƒ“•ú‘—,‹gàV‰Ã‘ãqA—Î‰©FĞ‰ïE’·‰®°q‚Éƒhƒ‰ƒ}o‰‰‚ğŒê‚éu‚±‚êA‘åä•v‚©‚ÈHv,https://news.yahoo.co.jp/articles/5d095ea4fc2f847313250e7b9205708311a27829,10/22(“ú) 11:50
nshaberu,ƒjƒbƒ|ƒ“•ú‘—,g¼•ƒtƒ@ƒ“h”T–Øâ46 Œüˆä—tŒA•ƒe‚Íã_ƒtƒ@ƒ“‚ÅuŒ‹\AŒƒ‚µ‚ßv,https://news.yahoo.co.jp/articles/5d6a1af7bfc3f057588d48824d6f9bd3357ea758,10/22(“ú) 11:45
nshaberu,ƒjƒbƒ|ƒ“•ú‘—,Î•Ÿ’à’ß•r@‚¤‚ê‚µ‚¢ƒTƒvƒ‰ƒCƒY‚ÉÎ‚İuÎ•r‚ªw„‚àQ‰Á‚³‚¹‚Ä‚­‚¾‚³‚¢x‚İ‚½‚¢‚Éccv,https://news.yahoo.co.jp/articles/59befb2097c9890c5882feb4ed7bb884cdf4cd5e,10/22(“ú) 11:40
nshaberu,ƒjƒbƒ|ƒ“•ú‘—,ˆÉW‰@ŒõATVƒoƒ‰ƒGƒeƒB”Ô‘g‚ÉƒQƒXƒg‰Ìè‚Ì¶‰Ì‚ª‚ ‚Á‚½‘ã‚ğ‰ñ‘zu¶‰‰‘t‚Ìƒeƒ“ƒ|‚ğã‚°‚ÄŠÔ’²®‚ğccv,https://news.yahoo.co.jp/articles/e4ec4a1f83e7bb017a02c3e407c9c384183a88db,10/21(“y) 11:50
nshaberu,ƒjƒbƒ|ƒ“•ú‘—,EXITŒ“‹ßu‚İ‚ñ‚È‘å’–Ú‚æBw‚¦IH ‚»‚ê‰½‚Å‚·‚©IHxv’jqƒoƒŒ[îà‹´—•‚Ìj‰ê‰ï‚Å‚Ìì‡rˆê‚É”šÎ,https://news.yahoo.co.jp/articles/0cb3cf710fe1b1ab611af48e392b4132f6a549ed,10/21(“y) 11:45
nshaberu,ƒjƒbƒ|ƒ“•ú‘—,wƒLƒŠƒG‚Ì‚¤‚½xŠâˆär“ñŠÄ“ÂÅVìAƒAƒCƒiEƒWEƒGƒ“ƒh‚ğ‰Ì•P‚ÉŒ}‚¦‚½‰¹Šy‰f‰æ,https://news.yahoo.co.jp/articles/28b9350387de53cd4141353150f94516858959e5,10/21(“y) 11:30
nshaberu,ƒjƒbƒ|ƒ“•ú‘—,­•{•â•‚¢‚Â‚Ü‚Å‘±‚­H ˆÀ‚­‚È‚ç‚È‚¢“d‹C—¿‹à@u“ú–{“Æ“ÁA­¡‚ªã‚Á‚¿‚¢vê–å‰Æ‚ªw“E,https://news.yahoo.co.jp/articles/34764c23cb1fdb9690a598354dfaac76be8400ba,10/21(“y) 9:00
nshaberu,ƒjƒbƒ|ƒ“•ú‘—,–l‚ªŒ©‚½‚©‚Á‚½Â‹óEˆÀ”[‘“ˆßAƒAƒCƒhƒ‹‚ğ–Úw‚µ‚½‚«‚Á‚©‚¯uƒRƒƒi‰Ğ‚Í‹xZ‚¾‚Á‚½‚µccv,https://news.yahoo.co.jp/articles/93e8caf2aaa03432aea820747bb7502603ab79a2,10/20(‹à) 17:50
nshaberu,ƒjƒbƒ|ƒ“•ú‘—,ƒiƒCƒ“ƒeƒBƒiƒCƒ“‚ÆŒ€’c‚Ğ‚Æ‚è‚ª–¾‚©‚·A©g‚Ìw‰‚ß‚Ä‚Ìƒlƒ^x,https://news.yahoo.co.jp/articles/76a3bb4d514c18b17e3de9929c52abe1d2237941,10/20(‹à) 17:45
nshaberu,ƒjƒbƒ|ƒ“•ú‘—,ƒOƒ[ƒoƒ‹ƒtƒƒ“ƒeƒBƒAƒŠ[ƒ_[‚ÌÀ‘Ô‚Æ‚ÍHI@ŒQ”n‘åŠw‚ÌŠw¶‚Æƒ‰ƒ“ƒpƒ“ƒvƒX‚ªÀ’k‰ïI,https://news.yahoo.co.jp/articles/2a57df435ba36e76d403ff8693bc7b9473f0f345,10/20(‹à) 15:00
nshaberu,ƒjƒbƒ|ƒ“•ú‘—,‚à‚àƒNƒE²X–ØÊ‰Äu‚ ‚è‚ª‚Æ‚¤v‚ÆŠ´Ó‚³‚ê‚égƒ|ƒCŠˆh–¾‚©‚·@‚é‚ê‚ÉuŒ«‚¢‚íiÎjv,https://news.yahoo.co.jp/articles/2fe97da663bb395d661450dbe6977843c63a8ac9,10/20(‹à) 11:45
nshaberu,ƒjƒbƒ|ƒ“•ú‘—,Šİ“c‘—‚Ìu‘±“I‚È’Àã‚°v‚É‚‹´—mˆê‚ªˆÙ˜_@u¸‹Æ—¦‚ª2“‘O”¼‚É‚È‚ç‚È‚¯‚ê‚ÎA’Àã‚°‚ğ‘±‚¯‚é‚±‚Æ‚Í“ï‚µ‚¢v,https://news.yahoo.co.jp/articles/fa9559e6df996d4bff91d545cd8ee3824dc28457,10/20(‹à) 11:35
nshaberu,ƒjƒbƒ|ƒ“•ú‘—,ƒAƒ“ƒK[ƒ‹ƒYRªAƒXƒg6‚Éƒhƒnƒ}‚è‚·‚é“c’†‚ÉŒxàu‰´‚ÌŒoŒ±ã‚Å˜b‚ğ‚·‚é‚Æccv,https://news.yahoo.co.jp/articles/df90c5c22d9852df05718f8b776e9106d4c5003c,10/20(‹à) 11:30
nshaberu,ƒjƒbƒ|ƒ“•ú‘—,u—Ü‚à‚ë‚¢lv‚Æu‹ƒ‚¯‚È‚¢lv@‰½‚ªˆá‚¤‚ÌH,https://news.yahoo.co.jp/articles/a0317ffe94c524281fb7c49d3b5ee7adb117c73b,10/20(‹à) 11:25
nshaberu,ƒjƒbƒ|ƒ“•ú‘—,l—Ş‚ÌŒ–Ê‹Z‚Ì‰Â”\«‚ÍH@‰F’ˆ”òsm‚ªŒê‚é¡Œã‚Ì‰F’ˆ¶Šˆ,https://news.yahoo.co.jp/articles/619c4a2cdfaabbddbd79d04e0c0c42f777491356,10/20(‹à) 11:20
nshaberu,ƒjƒbƒ|ƒ“•ú‘—,ŒÃŠÚˆÉ’m˜Yu’‚è€‚É‚½‚¢v@69Î‚ğ–Ú‘O‚Év‚¤l¶ÅŒã‚Ìg¶‚«•ûh,https://news.yahoo.co.jp/articles/606c0e46caf5452331267bea441ebbfd197e075c,10/19(–Ø) 18:55
nshaberu,ƒjƒbƒ|ƒ“•ú‘—,Šİ“cñ‘Šuƒ‰ƒCƒhƒVƒFƒA‚Ì“±“üŒŸ“¢v•\–¾‚Ö@À‘Ô‚ğg’Ç”Fh‚©@u“ú–{‚ÍŠ±xˆê‰ñ‚è’x‚ê‚Ä‚¢‚évh–V¡˜Y‚ªw“E,https://news.yahoo.co.jp/articles/ebc852fe00cf22c278264ac1bf5d57a8c0a9b512,10/19(–Ø) 18:15
nshaberu,ƒjƒbƒ|ƒ“•ú‘—,Ol˜YE¬‹{u‘å–Œ‚ª‹N‚±‚Á‚Ä‚¢‚é‚Ì‚ÉccvUSJ‚ÌƒWƒ‡[ƒY‚Å—×‹q‚Ìs“®‚É‹Á‚«,https://news.yahoo.co.jp/articles/03531a27164e122d8d9e8f2ffd4b7cfdb85dad5c,10/19(–Ø) 17:55
nshaberu,ƒjƒbƒ|ƒ“•ú‘—,‹Ù”—‰»‚·‚é’†“Œî¨@u“ú–{l‚É–â‘è‚Ì—‰ğ‚ª•s‘«‚µ‚Ä‚¢‚éŒ´ˆö‚ÍA¢ŠEj‹³ˆç‚ªè”–‚¾‚©‚ç‚¾vh–V¡˜Y‚ªw“E,https://news.yahoo.co.jp/articles/cdc9d4baf5974c71c9f940ac71b4b8480a4b2e58,10/19(–Ø) 17:50
nshaberu,ƒjƒbƒ|ƒ“•ú‘—,‘š~‚è–¾¯E‚¹‚¢‚âA‘e•i‚ğV‹‚Éµ‚­‚àu‰½‚â‚Ë‚ñA‚ ‚êI v,https://news.yahoo.co.jp/articles/a65785ecf21a33f0b02197abc139cd079f4bb862,10/19(–Ø) 17:45
nshaberu,ƒjƒbƒ|ƒ“•ú‘—,Šİ“c­Œ ‚ªƒgƒŠƒK[ğ€‚ğ”­“®‚µ‚È‚¢u‚à‚¤1‚Â‚Ì——Rv@ƒKƒ\ƒŠƒ“‰¿Ši6T˜A‘±’l‰º‚ª‚è,https://news.yahoo.co.jp/articles/5d03cbfc21d4c2165d1a0a37cbebd56efe306c73,10/19(–Ø) 17:40
nshaberu,ƒjƒbƒ|ƒ“•ú‘—,ƒAƒƒŠƒJ‚Å‚Ì¢˜_‚ÍuƒCƒXƒ‰ƒGƒ‹xvˆê‘ğ@•ÄİZê–å‰Æ‚ªƒpƒŒƒXƒ`ƒiî¨‚ğ‰ğà,https://news.yahoo.co.jp/articles/fa4fb0cf39e1a0476d8e4596def1acaab6e77954,10/19(–Ø) 17:35
nshaberu,ƒjƒbƒ|ƒ“•ú‘—,uƒ‰ƒCƒhƒVƒFƒAv‰ğ‹Ö‚ÉŒü‚¯u›‘Oñ‘Š‚Ì„˜r‚ÉŠú‘Ò‚·‚év@‚‹´—mˆê‚ªŒ¾‹y,https://news.yahoo.co.jp/articles/36aad55d0a35e7e941242dc40680a2d84ef672bd,10/19(–Ø) 17:30
nshaberu,ƒjƒbƒ|ƒ“•ú‘—,u“ú–{‚Ìg©“®‰^“]h‚ÍƒSƒ‹ƒtê‚ÌƒJ[ƒg•À‚İB‹K§ŠÉ˜a‚ªi‚Ş‚©‚Í‹^–â‚¾vh–V¡˜Y‚ªw“E@`ƒzƒ“ƒ_AGM‡•Ù‰ïĞ@2026”N‚©‚ç“s“à’†S‚É–³lƒ^ƒNƒV[ƒT[ƒrƒX“WŠJ,https://news.yahoo.co.jp/articles/2ab31a38b28c572cf71fc29084afe5a172057b7c,10/19(–Ø) 17:25
nshaberu,ƒjƒbƒ|ƒ“•ú‘—,u’†‘GDP3Š„v‚Ì•s“®Y‚ª“®‚¢‚Ä‚¢‚È‚¢‚Ì‚Éu4.9%‘v‚Å‚ ‚é‚Í‚¸‚ª‚È‚¢@‚‹´—mˆê‚ªw“E,https://news.yahoo.co.jp/articles/aff6c3f0636d25533c6d258d130f2f5916f8620a,10/19(–Ø) 13:00
nshaberu,ƒjƒbƒ|ƒ“•ú‘—,ƒI[ƒhƒŠ[A“Œ‹ƒh[ƒ€ƒ‰ƒCƒu‚Ìƒ`ƒPƒbƒg‰•åƒŠƒXƒi[‚ÉŠ´Óu—¦’¼‚É‚¤‚ê‚µ‚¢v,https://news.yahoo.co.jp/articles/1387e746335b017a02b179a19d9718b59059e1a9,10/19(–Ø) 11:50
nshaberu,ƒjƒbƒ|ƒ“•ú‘—,ƒ}ƒaƒ‰ƒu‘ºãA‰c‹Ææ‚Åƒ€[ƒfƒBŸR‚Ì•±“¬‚ğ–ÚŒ‚u’N‚àè‚ª‹“‚ª‚ç‚È‚¢‚ñ‚Å‚·‚æiÎjv,https://news.yahoo.co.jp/articles/f3e4c68373d95076e35252be7c745cfa1bc9b9f1,10/19(–Ø) 11:45
nshaberu,ƒjƒbƒ|ƒ“•ú‘—,ˆÉW‰@ŒõAƒAƒ‹ƒoƒCƒgì‹Æ‚Ågƒ][ƒ“‚É“ü‚Á‚½hŒoŒ±‚ğ–¾‚©‚·u‚à‚Ì‚·‚²‚­ƒXƒs[ƒhã‚ª‚é‚æ‚Ëv,https://news.yahoo.co.jp/articles/220cc7d4691de91a569735cce12c2cf012cdd69b,10/19(–Ø) 11:40
nshaberu,ƒjƒbƒ|ƒ“•ú‘—,l‚Í‚È‚ºu’É‚İv‚ğŠ´‚¶‚é‚Æ—Ü‚ğ—¬‚·‚Ì‚©,https://news.yahoo.co.jp/articles/41faa589e42d752d67ed5c1763c3df0254e96211,10/19(–Ø) 11:25
nshaberu,ƒjƒbƒ|ƒ“•ú‘—,‰F’ˆƒXƒe[ƒVƒ‡ƒ“‚Ì‘‹‚Íu’n‹…‘¤v‚É‚µ‚©İ’u‚³‚ê‚Ä‚¢‚È‚¢–À,https://news.yahoo.co.jp/articles/7c0171e48a47c1b314cd0a69ebd129f69db9aa0c,10/19(–Ø) 11:20
nshaberu,ƒjƒbƒ|ƒ“•ú‘—,“úŒüâ46@2ndƒAƒ‹ƒoƒ€u–¬‘Å‚ÂŠ´îvû˜^“à—e”­•\@lŠú¶‹ÈƒZƒ“ƒ^[‚Í’¹æŒ§ogE•½”ö”¿‰Ä@’¹æŒ§’m–‚©‚ç‚àƒRƒƒ“ƒg“’…I,https://news.yahoo.co.jp/articles/8b5871032d59bc1d5ca2404d7e6fd8710010a478,10/18(…) 19:50
nshaberu,ƒjƒbƒ|ƒ“•ú‘—,ƒoƒCƒfƒ“‘å“—Ì‚ªƒCƒXƒ‰ƒGƒ‹–K–â@u”wŒi‚É‚Í‘å“—Ì‘I‚ª‚ ‚évh–V¡˜Y‚ª‰ğà,https://news.yahoo.co.jp/articles/96a4fbb34c617e568d03ef419868163630cd0246,10/18(…) 18:50
nshaberu,ƒjƒbƒ|ƒ“•ú‘—,O‰@‰ğU‚ÌŒ©’Ê‚µ@u‚ ‚é‚Æ‚·‚ê‚Î”N“à‚©v“cí•j˜Y‚ª‰ğà,https://news.yahoo.co.jp/articles/cc298bc6bfe88e461aa98d894ced847bc91a3975,10/18(…) 18:25
nshaberu,ƒjƒbƒ|ƒ“•ú‘—,²‹vŠÔésANBA‘Iè‚Ì“ú–{‚Ì‚¨‰Ùq˜_‘ˆ“®‰æ‚Éu—¼•û‚¾‚ËA‚Íâ‘Î‚¾‚ßIv,https://news.yahoo.co.jp/articles/b151629e2a2b3b940cdb9f262ffab7a761af3547,10/18(…) 17:50
nshaberu,ƒjƒbƒ|ƒ“•ú‘—,25‰­‰~ƒ}ƒ“ƒVƒ‡ƒ“‚É4‰­‰~ƒˆƒbƒgccu“ú–{‚Í‚à‚Ì‚·‚²‚¢¨‚¢‚ÅŠi·‚ªL‚ª‚Á‚Ä‚¢‚évh–V¡˜Y‚ªw“E,https://news.yahoo.co.jp/articles/0079dbe36dea8ec87e3bebf567cd9bda4cdaf07c,10/18(…) 17:45
nshaberu,ƒjƒbƒ|ƒ“•ú‘—,’†RGª‚ª–¾‚©‚·A”šÎ–â‘èE‘¾“cŒõ‚ª—Ü‚µ‚½uŠÔu‚ ‚ñ‚Èg”j‰ó‰¤h‚İ‚½‚¢‚È’j‚ªiÎjv@‚»‚Ì——R‚ÉƒiƒCƒc”·‚à‹¤Š´,https://news.yahoo.co.jp/articles/41fccc06dd7cf5e5845a2f61ad2ba0e4f8839eef,10/18(…) 17:35
nshaberu,ƒjƒbƒ|ƒ“•ú‘—,ˆÉW‰@ŒõA©‘î‚Ìg“àŒ©h‚ÌÛ‚É‹³‚í‚Á‚½”éŒ‚ğ–¾‚©‚·u‰J‚Ì“ú‚É‚àŒ©‚És‚­v,https://news.yahoo.co.jp/articles/02f31bca3941e8d2d16bb3bb1e973678ac403876,10/18(…) 17:30
nshaberu,ƒjƒbƒ|ƒ“•ú‘—,Ol˜YE¬‹{A‘Š“c‚É‘å‰Æ‚Æ‚µ‚Äà“¾—Í‚ ‚é‚Ğ‚ÆŒ¾u•½q‚³‚ñ‚¾‚Á‚½‚ç‚¢‚¢‚¯‚Çccv,https://news.yahoo.co.jp/articles/efddee5071bc17ba8a8edef044501aaa6158146f,10/18(…) 12:15
nshaberu,ƒjƒbƒ|ƒ“•ú‘—,ƒI[ƒhƒŠ[A”Ô‘g‚Ìg_‰ñh•åWŠé‰æ‚Éu1ˆÊ‚Í‰½‚¾‚ë‚¤HvuŠy‚µ‚İ‚Å‚·‚Èv,https://news.yahoo.co.jp/articles/1255c5bb7ea238d0118aa4be9f534d389b67437a,10/18(…) 12:10
nshaberu,ƒjƒbƒ|ƒ“•ú‘—,ˆïéE…ŒË‚É‹•“Ø‚ÌVì“÷‰w•ÙI@Vƒuƒ‰ƒ“ƒh“Øuí—¤‚Ì‹P‚«v‚Æ‚ÍH,https://news.yahoo.co.jp/articles/36fd74dae943a18e1660c3fea2d3af86355a60d3,10/18(…) 11:55
nshaberu,ƒjƒbƒ|ƒ“•ú‘—,R“c—T‹MuS‚ªò‰»‚³‚ê‚Ü‚µ‚½v ŠCŠO—·s‚Å‘åD‚«‚ÈƒAƒjƒ[ƒVƒ‡ƒ“‰f‰æ‚Ì¹’n‚Ö,https://news.yahoo.co.jp/articles/4f1bba2d557542da5f055b18b9aa693340a8fa94,10/18(…) 11:50
nshaberu,ƒjƒbƒ|ƒ“•ú‘—,—Ü‚ÍuŠ´îv‚Å–¡‚ª•Ï‚í‚é@uŠÃ‚­Š´‚¶‚év‚Ì‚Í‚¢‚ÂH,https://news.yahoo.co.jp/articles/125da9da67dbfbc5f5748bf17b2e47ab27cf96e4,10/18(…) 11:25
nshaberu,ƒjƒbƒ|ƒ“•ú‘—,u90•ª‚Å’n‹…ˆêüA“ú–{‚©‚çƒAƒƒŠƒJ‚Ö‚Í20•ª‚Ås‚Á‚Ä‚µ‚Ü‚¢‚Ü‚·v@JAXA‰F’ˆ”òsmE‹àˆäé–Î,https://news.yahoo.co.jp/articles/23bedc99d428727931df0f66938fb8633be8cfc6,10/18(…) 11:20
nshaberu,ƒjƒbƒ|ƒ“•ú‘—,—Î‰©FĞ‰ïE’·‰®°qA‡¥‚Ì–£—Í‚ğ”M•Ùu‚Ğ‚Æ‚è‚Å‰Ì‚¤—Ç‚³‚à‚ ‚é‚¯‚Çccv,https://news.yahoo.co.jp/articles/6e591db775e5d79477d0b652493f4d4affe7c385,10/17(‰Î) 20:10
nshaberu,ƒjƒbƒ|ƒ“•ú‘—,ƒCƒXƒ‰ƒGƒ‹‚Æƒnƒ}ƒX‚Ìí“¬Œƒ‰»@u‘å‹K–Í‚È’nãí‚Í‚ ‚è“¾‚È‚¢vê–å‰Æ‚ª‰ğà,https://news.yahoo.co.jp/articles/fe6e59b1a72eb2b3153006482103f8f79516d824,10/17(‰Î) 19:35
nshaberu,ƒjƒbƒ|ƒ“•ú‘—,Šİ“c‘—‚ÌŒ¾‚¤u–h”ÆƒJƒƒ‰‚Ìİ’uv‚Íu«”Æß‚Ì–‘O–h~v‚É‚Í‚È‚ç‚È‚¢@`u“ú–{”ÅDBSv–@ˆÄ‚Ì‰Û‘è,https://news.yahoo.co.jp/articles/febbeca83382ba32fa639e843106f57d68aabf95,10/17(‰Î) 19:30
nshaberu,ƒjƒbƒ|ƒ“•ú‘—,ñ‘ŠŠM•\–¾‚ª10Œ23“ú‚É‚È‚Á‚½‚Ì‚Íu‘‰ï‰^‰c‚Ìå“±Œ v‚ğ–ì“}‚Éˆ¬‚ç‚ê‚Â‚Â‚ ‚éØ‹’@{“cTˆê˜Y‚ªw“E,https://news.yahoo.co.jp/articles/7244ce9547c15a3bb1e71d50c8925226ef76b4e1,10/17(‰Î) 18:50
nshaberu,ƒjƒbƒ|ƒ“•ú‘—,¬ò¡“úqAw‚ ‚Ü‚¿‚á‚ñxB‰e‚Ì‹ê˜J‚Æ‰ğÁ–@‚ğ–¾‚©‚·u1”N‚­‚ç‚¢‚¸‚Á‚Æ“¯‚¶ccv,https://news.yahoo.co.jp/articles/96e27fc4236fc7ff5536e483863d734169e53990,10/17(‰Î) 18:15
nshaberu,ƒjƒbƒ|ƒ“•ú‘—,’nãí‚ğs‚¦‚ÎA’†“Œ‚ÅƒCƒXƒ‰ƒGƒ‹‚ªŒÇ—§‚·‚é‰Â”\«‚à@ê–å‰Æ‚ª‰ğà,https://news.yahoo.co.jp/articles/2e17e74b25d11ce9129b00dfc0d19b29160f0e3b,10/17(‰Î) 17:40
nshaberu,ƒjƒbƒ|ƒ“•ú‘—,ƒKƒU’nãNU‚É“¥‚İØ‚ê‚ÎA¡“x‚ÍƒCƒXƒ‰ƒGƒ‹‚ª‘ÛĞ‰ï‚©‚ç”ñ“ï‚³‚ê‚é,https://news.yahoo.co.jp/articles/8c02b404acdef19ffb5712573a75fb732e556289,10/17(‰Î) 17:35
nshaberu,ƒjƒbƒ|ƒ“•ú‘—,æ‚Ì‚È‚¢uˆê‘Ñˆê˜Hv‚ğÌ^‚·‚é‚µ‚©‚È‚¢ƒv[ƒ`ƒ“‘å“—Ì,https://news.yahoo.co.jp/articles/fcedd0bec22a2464545fa5b01dfae8d3d27fc7fe,10/17(‰Î) 17:30
nshaberu,ƒjƒbƒ|ƒ“•ú‘—,‹Œ“ˆê‹³‰ï‚Ì‰ğU–½—ß¿‹@u–@—¥“I‚É–³—‹ØBŠİ“c­Œ ‚ªÙ”»Š‚ÉŠÛ“Š‚°vh–V¡˜Y‚ªw“E,https://news.yahoo.co.jp/articles/84e4f59470ebfe5054b64c9d4075ca890019290b,10/17(‰Î) 17:27
nshaberu,ƒjƒbƒ|ƒ“•ú‘—,Œ³NHKE•“c^ˆêƒAƒi@–¯•ú‚Éo‰‰‚µ‚Ä‹Á‚¢‚½‚±‚Æ‚ÍccuCM‚ª‚ ‚é‚±‚ÆB‰‚ß‚Ä‘–{å‹`Ğ‰ï‚É‘«‚ğ“¥‚İ“ü‚ê‚½Š´‚¶v,https://news.yahoo.co.jp/articles/78625e037f24c58bc6a1be36e78cf2e82be1bec4,10/17(‰Î) 17:23
nshaberu,ƒjƒbƒ|ƒ“•ú‘—,ƒAƒ“ƒK[ƒ‹ƒY“c’†A‹A‘‚É‚ ‚í‚â“ú–{‚É“ü‘‚Å‚«‚È‚¢–‘Ô‚É‚È‚èíœÉuŠØ‘‚É•Ô‚³‚ê‚é‚Ì‚©‚Æv‚Á‚½v,https://news.yahoo.co.jp/articles/ad284fd2c78133db84a8ce7658aafecf3650b554,10/17(‰Î) 12:30
nshaberu,ƒjƒbƒ|ƒ“•ú‘—,‚ ‚ÌA©‘î‚Ì—m•û”[–â‘è‚É’Q‚­uŒºŠÖ‚ÌƒhƒA‚ªŠJ‚©‚È‚¢iÎjv,https://news.yahoo.co.jp/articles/331c5559dbd5e1a8d55afd1fc68eb47864aa7945,10/17(‰Î) 12:10
nshaberu,ƒjƒbƒ|ƒ“•ú‘—,”T–Øâ46 ‹v•Ûj—¢u‘‚­‚¨‰ï‚¢‚µ‚½‚¢‚Å‚·v@—Î‰©FĞ‰ïE’·‰®°q‚©‚ç‚ÌƒvƒŒƒ[ƒ“ƒg‚Æ’¼•M‚Ìè†‚É‘åŠì‚Ñ,https://news.yahoo.co.jp/articles/6ab9d4470acf41b447ad6c6d967d93b023882714,10/17(‰Î) 11:55
nshaberu,ƒjƒbƒ|ƒ“•ú‘—,EXIT‚è‚ñ‚½‚ë[Bu‚Å‚àAŒ¾‚¦‚È‚¢‚©‚çv˜N“ÇŒ€‰‰o‰Æ‚Ìg–J‚ßŒ¾—th‚ÉŒË˜f‚¢,https://news.yahoo.co.jp/articles/0a1ff19f4bc95112abc85a94e8c3c31e70b3fa77,10/17(‰Î) 11:50
nshaberu,ƒjƒbƒ|ƒ“•ú‘—,‚İ‚¿‚å‚ÏA•vE‘å‘qm–å‚ÌŠó–]‚Å—¿—‚Ì˜r‚ğ‚Ó‚é‚¤‚àu‹C‡‚¢‚ª“ü‚Á‚¿‚á‚Á‚Äccv,https://news.yahoo.co.jp/articles/9610d4040dbb2d0ef83cf92a1d1e1aa1b1475661,10/17(‰Î) 11:45
nshaberu,ƒjƒbƒ|ƒ“•ú‘—,u‰ğU–½—ß¿‹‚Í@‹³–@l‚Ö‚Ì€ŒY‹ŒY‚Å‚Í‚È‚¢v@‹Œ“ˆê‹³‰ï‚Ìu”½˜_v‚É{“cTˆê˜Y‚ªw“E,https://news.yahoo.co.jp/articles/f06830ed3f46615adbb099f472faa50459c1850b,10/17(‰Î) 11:40
nshaberu,ƒjƒbƒ|ƒ“•ú‘—,R“c—T‹Mu‰‰‚¶‚ç‚ê‚é‚Ì‚ÍlŠÔ‚¾‚¯‚È‚Ì‚©v g‹aiƒAƒŠj–ğh‚É‰’§í,https://news.yahoo.co.jp/articles/611bcf832bc5f0e3111471e4241007e2459c5819,10/17(‰Î) 11:40
nshaberu,ƒjƒbƒ|ƒ“•ú‘—,ŸNâ46@7thƒVƒ“ƒOƒ‹û˜^uŒ„ŠÔ•—‚ævMVŒöŠJ@ƒZƒ“ƒ^[‚ÍˆêŠú¶E¬—Ñ—RˆË,https://news.yahoo.co.jp/articles/fd3578bfd0ac4e3136fe77101ecd4671d4b279c5,10/17(‰Î) 11:35
nshaberu,ƒjƒbƒ|ƒ“•ú‘—,u–Ú‚Ì‰h—{v‚É‚àŠÖŒWH@—Ü‚ª‚Âu‘åØ‚·‚¬‚év–ğŠ„,https://news.yahoo.co.jp/articles/84b7ba9c32388f7769e36ec4ba54cd1221eeaf41,10/17(‰Î) 11:25
nshaberu,ƒjƒbƒ|ƒ“•ú‘—,‚Ç‚¤‚·‚ê‚Î‰F’ˆ”òsm‚É‚È‚ê‚é‚Ì‚©H@JAXA‰F’ˆ”òsmE‹àˆäé–Î,https://news.yahoo.co.jp/articles/8a4c8508d735acad53a092af736b09a2c478585e,10/17(‰Î) 11:20
nshaberu,ƒjƒbƒ|ƒ“•ú‘—,XR—ÇqA’J‘ºVi‚³‚ñ‚ğ’Ç“‰u‚à‚Á‚Æ‚à‚Á‚Æˆê‚É‘–‚Á‚Ä‚¢‚«‚½‚©‚Á‚½‚Èv,https://news.yahoo.co.jp/articles/0415012086ab2225a1ada8d064082fbd8a10c870,10/16(Œ) 23:45
nshaberu,ƒjƒbƒ|ƒ“•ú‘—,ƒnƒ}ƒX‚ÌƒCƒXƒ‰ƒGƒ‹UŒ‚u10Œ7“úv‚ÉƒƒVƒA‚Ì‰e@uƒAƒƒŠƒJ‚Ìí—Íí‚®‘æ2‚Ìíüvê–å‰Æ‚ªw“E,https://news.yahoo.co.jp/articles/56158f408cc33dd77c1a8777819bf79a1237d2c8,10/16(Œ) 18:50
nshaberu,ƒjƒbƒ|ƒ“•ú‘—,–@lÅ‚ÌŒ¸Å˜_@u’†¬Šé‹Æ‚Ì6Š„ˆÈã‚ªÔš‚Æ‚¢‚¤‘å–â‘è‚ª‚ ‚évh–V¡˜Y‚ªw“E,https://news.yahoo.co.jp/articles/5ccffdaee9f304fed9dc75111edb59bf59c1c1af,10/16(Œ) 17:55
nshaberu,ƒjƒbƒ|ƒ“•ú‘—,“Œ‹“s—§‘åAö‹Æ—¿–³‰» ‘ÎÛ”ÍˆÍŠg‘å@u2000–œ‰~‚Ì—\Z‚Å‚Å‚«‚é‚È‚çA‘¼‚É–³‘ÊŒ­‚¢‚¹‚¸AŸ¢‘ã‹³ˆç‚Ég‚¤‚×‚«‚¾vh–V¡˜Y‚ª„§,https://news.yahoo.co.jp/articles/cd56ce72ce1a0721c5619a722202a5cd0d6daf15,10/16(Œ) 17:35
nshaberu,ƒjƒbƒ|ƒ“•ú‘—,ƒZƒ_ƒ“‚Í‘ã‚Æ‚Æ‚à‚Écc,https://news.yahoo.co.jp/articles/0632d6b8d314f763fe5eb0bd4c48bd757a6040ef,10/16(Œ) 17:20
nshaberu,ƒjƒbƒ|ƒ“•ú‘—,‚¨‚Ú‚ñE‚±‚Ú‚ñA¶•ú‘—’†‚É¬‹£‚è‡‚¢cc‚©‚ç‚ÌƒLƒXIuã“‡—³•º‚³‚ñ‚ÌŒ|A“`³‚µ‚È‚«‚áv,https://news.yahoo.co.jp/articles/6515c3dedf133ff6ae80e4b7bc3aeb6f6200c09e,10/16(Œ) 16:45
nshaberu,ƒjƒbƒ|ƒ“•ú‘—,ƒtƒ‚¿‚á‚ñu‰ï‚¤‚½‚Ñ‚É–ˆ‰ñŒ¾‚í‚ê‚éiÎjv@û˜^’†‚Éo‚³‚ê‚½g‘O‘ã–¢•·‚ÌƒJƒ“ƒyh‚ğ‹{ì‘å•ã‚É–¾‚©‚³‚ê‹êÎ,https://news.yahoo.co.jp/articles/4e84074cc7007e1f2eff653dc2599ff80832e2b7,10/16(Œ) 11:55
nshaberu,ƒjƒbƒ|ƒ“•ú‘—,JO1Å‹ß‚Ì‘Ò‚¿ó‚¯@‰Í–ìƒŠìu‚»‚ê‚ğŒ©‚é‚ÆS‚ª—‚¿’…‚­vì¼‘ñÀu©•ª‚ÅƒtƒBƒ‹ƒ€‚ÅB‚Á‚½v”’Šâ—Ú•PuƒUEƒm[ƒ}ƒ‹v,https://news.yahoo.co.jp/articles/8eb88818bc2a5cfcb01cc0941b4ec5f6555308fb,10/16(Œ) 11:50
nshaberu,ƒjƒbƒ|ƒ“•ú‘—,‚à‚àƒNƒE•S“c‰ÄØquQ‚Ä‚àßˆ«Š´‚È‚¢v’´ƒCƒ“ƒhƒA”h‚Å‚àƒnƒ}‚Á‚½êŠ,https://news.yahoo.co.jp/articles/bad62b03418fabb591d400cfd10c53bd522550b4,10/16(Œ) 11:45
nshaberu,ƒjƒbƒ|ƒ“•ú‘—,ˆÉW‰@ŒõAwi‚±‚¯‚çjx‚ÆwŠ`i‚©‚«jx‚ªg•Ê‚ÌŠ¿šh‚Å‚ ‚é‚±‚Æ‚ÉŒ¾‹yuÌAt ‚©‚ç‹³‚¦‚Ä‚à‚ç‚Á‚½‚ñ‚¾‚¯‚Çccv,https://news.yahoo.co.jp/articles/cf526f5935892c6c2f1bd82c2739500e64840b7d,10/16(Œ) 11:40
nshaberu,ƒjƒbƒ|ƒ“•ú‘—,u3•b‚É1‰ñ’ö“xv‚Ì‚Ü‚Î‚½‚«APCEƒXƒ}ƒzg—p‚Í‚Ç‚ê‚¾‚¯uŒ¸‚év‚ÌH,https://news.yahoo.co.jp/articles/28581f302a80d4ef7e770da327c7b999292010e2,10/16(Œ) 11:25
nshaberu,ƒjƒbƒ|ƒ“•ú‘—,u‰F’ˆ‚É‚à“úí‚ª‚ ‚é‚Ì‚Å‚·v@‰F’ˆ”òsm‚ªŒê‚é‘Û‰F’ˆƒXƒe[ƒVƒ‡ƒ“‚Å‚Ì¶Šˆ,https://news.yahoo.co.jp/articles/da33c311b941bf06c1206c91267803eb02c228ce,10/16(Œ) 11:20
nshaberu,ƒjƒbƒ|ƒ“•ú‘—,îà‹´‚Ğ‚©‚éAç—t—Y‘åA’†“‡ •àAH“¡ —yAˆäã‰¹¶‚ç‚ª’§‚Ş@•‘‘ä‰‰Œ€”Ô‘gƒCƒxƒ“ƒg¶”zMƒhƒ‰ƒ}w‚ ‚Ì–é‚Å‚ ‚¦‚½‚çx•Â–‹I@ƒ‰ƒWƒIˆ¤‚Éˆì‚ê‚½ƒŠƒAƒ‹ƒ^ƒCƒ€Š´–Ú‚Ìƒhƒ‰ƒ}‚ğ“WŠJ,https://news.yahoo.co.jp/articles/616f0ecb9ab66fc8518ce14a4e727c3fbb058c36,10/16(Œ) 7:00
nshaberu,ƒjƒbƒ|ƒ“•ú‘—,ŸNâ46 ˆäã—œ–¼AOŠú¶E’JŒûˆ¤‹G‚Æ’n•ûogÒ‚ ‚é‚ ‚éuˆê”Ô‰‚ß‚Ì“ïŠ‚Íccv,https://news.yahoo.co.jp/articles/2b08d4574141b5561cd8eb1a107a13ec0bd5deae,10/15(“ú) 12:10
nshaberu,ƒjƒbƒ|ƒ“•ú‘—,ƒtƒ‚¿‚á‚ñAƒtƒbƒgŒã“¡‚ªg^Àh‚ğ’m‚ç‚¸‘åŠì‚Ñ‚·‚ép‚É”÷Î‚Şu‚©‚í‚¢‚¢‚Ë`Œã“¡‚³‚ñIv,https://news.yahoo.co.jp/articles/228aaf1e083caba64be6191b41f5bd825dfa651d,10/15(“ú) 11:50
nshaberu,ƒjƒbƒ|ƒ“•ú‘—,–l‚ªŒ©‚½‚©‚Á‚½Â‹óE‘í•‚·‚¸‚«A–¼‘O‚Ì—R—ˆ–¾‚©‚·u©•ª‚Å‚àw•Ï‚í‚Á‚Ä‚¢‚é‚È‚Ÿ`x‚Á‚Äv,https://news.yahoo.co.jp/articles/f680f7b2df53a1b49c50c95950aa23619236d4d9,10/15(“ú) 11:45
nshaberu,ƒjƒbƒ|ƒ“•ú‘—,Î•Ÿ’à’ß•ruO‘î—Ti‚ª‚¨‚Á‚Ä‚æ‚©‚Á‚½‚æv@ƒcƒbƒRƒ~‚Ç‚±‚ë–Ú‚Ì¬‘q‹vŠ°‚Ìs“®‚É‹êÎ,https://news.yahoo.co.jp/articles/1ce3e34dadb064b4c81f3c736fa14568623e4a0f,10/15(“ú) 11:40
nshaberu,ƒjƒbƒ|ƒ“•ú‘—,“úŒüâ46@2ndƒAƒ‹ƒoƒ€‚Ìƒ^ƒCƒgƒ‹‚Íu–¬‘Å‚ÂŠ´îv@ƒWƒƒƒPƒbƒgÊ^‚àŒöŠJ,https://news.yahoo.co.jp/articles/0ec6f9c5872d29b9ce88bbc3d3d04e3db4e81d12,10/14(“y) 21:00
nshaberu,ƒjƒbƒ|ƒ“•ú‘—,we‚Ì‚¨‹à‚Í’N‚Ì‚à‚Ì –@’è‘Š‘±lx”ä‰Ãˆ¤–¢~O‰YãÄ•½@‰ÂÎ‚µ‚­‚Ä‹ƒ‚¯‚éA‘Š‘±‚Æ‰Æ‘°‚Ì•¨Œê,https://news.yahoo.co.jp/articles/77e6a7b6d38f693244407c79736c3a5586ad913c,10/14(“y) 11:30
nshaberu,ƒjƒbƒ|ƒ“•ú‘—,1966”N‘n‹ÆE—LŠy’¬‚ÌƒJƒŒ[“Xwƒ}[ƒuƒ‹x‚ª57”N‚Ì—ğj‚É–‹@•Â“X‘OÅŒã‚Ì‚¨“X‚Ì—lq‚ğƒŒƒ|[ƒg,https://news.yahoo.co.jp/articles/2789792e73452e515686ffc0e8ae9b507bd71a59,10/13(‹à) 22:50
nshaberu,ƒjƒbƒ|ƒ“•ú‘—,ƒpƒŒƒXƒ`ƒiî¨‚ª“ú–{ŒoÏ‚Éu[‚È‰e‹¿v‚ğ—^‚¦‚é‰Â”\«‚à,https://news.yahoo.co.jp/articles/48f6f6464b54cce8570c88aaf2343592e615dc77,10/13(‹à) 18:10
nshaberu,ƒjƒbƒ|ƒ“•ú‘—,ƒAƒLƒŒƒXäF’f—ô‚Ì‰ª‘º—²jAYOASOBIwƒAƒCƒhƒ‹x”M¥‚ÅŒ³‹C‚ğƒAƒs[ƒ‹IuŒ³‹C‚¾‚Æ“`‚í‚é‚ñ‚¶‚á‚È‚¢‚©‚Æv,https://news.yahoo.co.jp/articles/1adb25673b40fdb1ad35f45367c08fc901f54582,10/13(‹à) 17:55
nshaberu,ƒjƒbƒ|ƒ“•ú‘—,‘š~‚è–¾¯E‚¹‚¢‚âAƒLƒ“ƒOƒIƒuƒRƒ“ƒg2023ƒtƒ@ƒCƒiƒŠƒXƒg‚Éu‚â‚Á‚Æ‚¢‚Á‚Ä‚­‚ê‚½Iv,https://news.yahoo.co.jp/articles/cf7f8dbbc308f7fd17aee39b8bf847427409c812,10/13(‹à) 17:50
nshaberu,ƒjƒbƒ|ƒ“•ú‘—,’n•û†‚ª’lã‚°@uV•·‘î”zƒVƒXƒeƒ€v‚ÍˆÛ‚Å‚«‚é‚Ì‚©,https://news.yahoo.co.jp/articles/7a2b4b0e0560084d8c5fae89de86ae779e0a8570,10/13(‹à) 17:45
nshaberu,ƒjƒbƒ|ƒ“•ú‘—,‘S‹âƒlƒbƒgáŠQ‚ªÛ’¥‚·‚éA•¡G‰»‚µ‚½Ğ‰ïƒVƒXƒeƒ€‚Å‚ÌuƒŠƒXƒN•ªUv‚Ì‰Û‘è,https://news.yahoo.co.jp/articles/aa77575c8b08c27891e6ea7da971e7bd709a8cc8,10/13(‹à) 17:40
nshaberu,ƒjƒbƒ|ƒ“•ú‘—,ƒrƒbƒOƒ‚[ƒ^[•ÛŒ¯‹à•s³¿‹@u\‘¢“I‚È–â‘è‚ğ‹à—Z’¡‚àŒ©‚é‚×‚«vŒ³“àŠtŠ¯–[•›’·Š¯‚ªŒ¾‹y,https://news.yahoo.co.jp/articles/05ca3252308e60a8c2f0348043fa9f5942a788b6,10/13(‹à) 17:35
nshaberu,ƒjƒbƒ|ƒ“•ú‘—,uŒ¸Å”­Œ¾v‚ª‹N‚±‚é‚Ì‚Íu‰ğUv‚ğˆÓ¯‚·‚é‚©‚ç‚©,https://news.yahoo.co.jp/articles/5b4d3f2c1286e617aca74125fc56071635ea91fb,10/13(‹à) 17:30
nshaberu,ƒjƒbƒ|ƒ“•ú‘—,¢ŠE‚ÅŠˆ–ô‚·‚é‚½‚ß‚ÌƒŠ[ƒ_[‚ğˆç¬‚·‚éHI@ŒQ”n‘åŠw‚Éƒ‰ƒ“ƒpƒ“ƒvƒX‚ª“O’êæŞI,https://news.yahoo.co.jp/articles/a870174cc14cb85332979f61cd708c44e6df82b9,10/13(‹à) 15:00
nshaberu,ƒjƒbƒ|ƒ“•ú‘—,‹Œ“ˆê‹³‰ï‚Ì‰ğU–½—ß¿‹@@‹³’c‘Ì‚É—Š‚ç‚´‚é‚ğ“¾‚È‚¢u‘I‹“‰^“®‚Ì‚â‚è•ûv‚à‹c˜_‚·‚é‚×‚«,https://news.yahoo.co.jp/articles/31484b65e21c9b98b98317e61cb817085f942039,10/13(‹à) 11:55
nshaberu,ƒjƒbƒ|ƒ“•ú‘—,ƒAƒ“ƒK[ƒ‹ƒYRªA—‚Æ‚µŒŠŠé‰æ‚Å‚àu‚ ‚è‚ª‚Æ‚¤v‚ªæs‚·‚éS‹«‚ğ“f˜I,https://news.yahoo.co.jp/articles/eea99b1c91baf14f64760333b52ed62a4b389100,10/13(‹à) 11:30
nshaberu,ƒjƒbƒ|ƒ“•ú‘—,“y²Ï‚Ég‚í‚ê‚éu“y²İ–ûv‚Á‚ÄA‰½‚ª“ü‚Á‚Ä‚é‚ÌH,https://news.yahoo.co.jp/articles/2fed987c3389f3f1828c23256c87d78385208fcf,10/13(‹à) 11:25
nshaberu,ƒjƒbƒ|ƒ“•ú‘—,‰ÌlEãâ‚ ‚ä”ü@’Z‰Ì‚ğ‚Â‚­‚é‚±‚Æ‚ÅuŒÌ‹½‚â¶‚¢—§‚¿‚Ìô”›v‚©‚ç‰ğ‚©‚ê‚½,https://news.yahoo.co.jp/articles/ea1a8fff9b94dfc144ec2a74f39b1f6dc8b2d680,10/13(‹à) 11:20
nshaberu,ƒjƒbƒ|ƒ“•ú‘—,îà‹´‚Ğ‚©‚éA²‹vŠÔés‚ÌƒAƒhƒŠƒu‚ÉƒhƒLƒhƒL‚àu“úXŠæ’£‚éŠF‚³‚ñ‚É“Í‚¢‚Ä‚Ù‚µ‚¢ì•iv‚ÆˆÓ‹C‚İ,https://news.yahoo.co.jp/articles/179e017597a74f48e7b7d3a77d006b3c71a31bdf,10/13(‹à) 4:00
nshaberu,ƒjƒbƒ|ƒ“•ú‘—,ƒ}ƒaƒ‰ƒu–ì“cAƒJƒ‰ƒIƒP‚ÅÅ‚è‚Â‚Â‚à\”ª”Ô‚ğ”â˜Iu‚µ‚å‚¤‚ª‚Ë‚¥‚È‚Ÿ‚Á‚Äv,https://news.yahoo.co.jp/articles/182c4f0077f60235e424bc5214237661c6c16336,10/12(–Ø) 23:50
nshaberu,ƒjƒbƒ|ƒ“•ú‘—,D–ys‚ª2030”NŒÜ—Öµ’v‚ğ’f”O@uw—‘IxŠmÀ‹‚Ì’†Aæ‚Éw‚â‚ß‚éxcc–^‘‰ï‹cˆõ‚Æ‚æ‚­—‚½ˆø‚«•û‚¾vh–V¡˜Y‚ªw“E,https://news.yahoo.co.jp/articles/678fe789de94f3e55d8228405e5fa8cc396caed9,10/12(–Ø) 21:40
nshaberu,ƒjƒbƒ|ƒ“•ú‘—,Œö–¾A‹‹•t‹à‚âŠ“¾ÅŒ¸Å‚ğ­•{‚É’ñŒ¾‚Ö@u­¡‰Æ‚ªŸ‚Ì‘I‹“–Ú“–‚Ä‚Ì‚±‚Æ‚ğ‚Î‚©‚èŒû‚É‚·‚é‚æ‚¤‚É‚È‚é‚ÆA‘—Í‚Í‚Ç‚ñ‚Ç‚ñ—‚¿‚Ä‚¢‚­vh–V¡˜Y‚ªw“E,https://news.yahoo.co.jp/articles/cda7acac22ceb22390abf0f2944deb4846882de3,10/12(–Ø) 21:25
nshaberu,ƒjƒbƒ|ƒ“•ú‘—,ƒKƒU‘‹«•t‹ß‚ÉƒCƒXƒ‰ƒGƒ‹uŒR—pÔ—¼E•ºmv‚ªWŒ‹@Œ»’nE‹¤“¯’ÊMx‹Ç’·‚ª‰ğà,https://news.yahoo.co.jp/articles/0eeab6703e85296dcbfd02e05d9b4a67a454f0b3,10/12(–Ø) 20:00
nshaberu,ƒjƒbƒ|ƒ“•ú‘—,u‚¤‚ß‚«‚½2Šúvƒ^ƒƒ}ƒ“@Åã46ŠK•ª÷‚Í25‰­‰~@u”ƒ‚¦‚é‚Ì‚ÍãÀŒb”üq‚³‚ñ‚®‚ç‚¢B¡“cki‚³‚ñ‚ÅƒMƒŠƒMƒŠHvh–V¡˜Y‚ª„@,https://news.yahoo.co.jp/articles/80d5c98bc9104721000686d6945a3e8526128291,10/12(–Ø) 18:25
nshaberu,ƒjƒbƒ|ƒ“•ú‘—,L“‡ƒJ[ƒvƒtƒ@ƒ““à“¡“N–ç@ƒŒƒXƒ‰[‚É‚È‚ê‚½‚Ì‚ÍugƒXƒNƒƒbƒg‰‰‡h‚Å’b‚¦‚½‚©‚çvIH,https://news.yahoo.co.jp/articles/2be260e806134b7880442fc54447de433051eb3a,10/12(–Ø) 18:10
nshaberu,ƒjƒbƒ|ƒ“•ú‘—,•Ä—˜‰º‚°‚Íu2024”N––`25”N‚Ì‰“ªv@ê–å‰Æ‚ª—\‘z,https://news.yahoo.co.jp/articles/0b162bfc37040d0ecda04b296f80fca868816c90,10/12(–Ø) 17:45
nshaberu,ƒjƒbƒ|ƒ“•ú‘—,’†‘Auˆê‘Ñˆê˜HƒtƒH[ƒ‰ƒ€vŠJÃ@•ö‚ê‚Â‚Â‚ ‚é\‘z‚ğ‚Ç‚¤—§‚Ä’¼‚·‚Ì‚©,https://news.yahoo.co.jp/articles/75426f6a8ef132a7aa75f4eb62547c665906cc0b,10/12(–Ø) 17:35
nshaberu,ƒjƒbƒ|ƒ“•ú‘—,O‰@u‰ğU11Œã{A“ŠŠJ•[11Œ26“úv@‚±‚ê‚¾‚¯‚Ìª‹’,https://news.yahoo.co.jp/articles/6d74f31227c76382058e44332f1a8d7f1a2b55b4,10/12(–Ø) 17:30
nshaberu,ƒjƒbƒ|ƒ“•ú‘—,ƒ‰ƒOƒr[W”t@u‘ã•\ˆø‘Şv—¬‘å‚ªu9”Ôv‚ÌŒãŒpÒEâV“¡’¼l‚ÖŒê‚Á‚½‚±‚Æ,https://news.yahoo.co.jp/articles/ba41934bf284becd76ebcb7716c7c0096f3dd013,10/12(–Ø) 17:25
nshaberu,ƒjƒbƒ|ƒ“•ú‘—,ƒLƒbƒ`ƒ“ƒJ[‚Åu†‚«o‚µv4–œH‚à@u‚¤‚¿‚Í•n–R‚È‚Ì‚Év‘§q‚Ì‹^–â‚É•Ô‚µ‚½Œ¾—t,https://news.yahoo.co.jp/articles/8d7335c3ea6d348a16fc6ae24ba7ebbc67c59e2f,10/12(–Ø) 17:20
nshaberu,ƒjƒbƒ|ƒ“•ú‘—,R“c—T‹MANHK‚Å‚Ì‚µ‚­‚¶‚è”­Œ¾‚ğ–ÒÈu“ª‚Ì’†‚ªƒOƒ‹ƒOƒ‹‚µ‚Ä‚«‚Äccv,https://news.yahoo.co.jp/articles/660104373c97b7f4574e82b19f52fa38e11737af,10/12(–Ø) 12:10
nshaberu,ƒjƒbƒ|ƒ“•ú‘—,ˆÉW‰@ŒõAƒ‰ƒWƒI‚ğ’®‚­‚±‚Æ‚Æ‘Š«‚Ì‚¢‚¢g‰Æ–h‚É”[“¾u‰¹‚ª–Â‚Á‚Ä‚é‚Æ’®‚«“¦‚µ‚¿‚á‚¤v,https://news.yahoo.co.jp/articles/e9fa1ca02ad4e8d691345f779def5191e5ab2571,10/12(–Ø) 11:50
nshaberu,ƒjƒbƒ|ƒ“•ú‘—,‚æ‚¤‚â‚­•œ‹Œ ‘S‹âƒlƒbƒg‚ÌƒVƒXƒeƒ€áŠQ@uƒoƒbƒNƒAƒbƒvƒvƒ‰ƒ“v‚Í‚ ‚Á‚½‚Ì‚©H,https://news.yahoo.co.jp/articles/44cfa114fdbbb020ea5fe7e381c3ab91b15b6f41,10/12(–Ø) 11:35
nshaberu,ƒjƒbƒ|ƒ“•ú‘—,ƒAƒ“ƒK[ƒ‹ƒY“c’†uˆ¤‚ª–³‚©‚Á‚½‚ç‚Æ‚Á‚­‚É‰ğU‚µ‚Ä‚év Œã”y‚¨Î‚¢ƒgƒŠƒI“à‚Å‹N‚«‚½g‚¢‚´‚±‚´h‚ğ¡‚ß‚½•Œ¾‚ğ–¾‚©‚·,https://news.yahoo.co.jp/articles/60c6e57c93be88c945bd52c8d7c03e9ba8f67d0a,10/12(–Ø) 11:30
nshaberu,ƒjƒbƒ|ƒ“•ú‘—,u‚ª‚ßÏv‚Ì–¼‘O‚Á‚Ä‰½‚ª—R—ˆ‚È‚ÌH,https://news.yahoo.co.jp/articles/139fa39db75eb2877d79911f857f7cb4a3810a14,10/12(–Ø) 11:25
nshaberu,ƒjƒbƒ|ƒ“•ú‘—,ãâ‚ ‚ä”ü‚Íu’Z‰Ìv‚ÆuƒGƒbƒZƒCv‚Ì•\Œ»‚ğ‚Ç‚¤•ª‚¯‚Ä‚¢‚é‚Ì‚©H,https://news.yahoo.co.jp/articles/4739b3fec80fc3152c8c7f1bfac88adda848b32c,10/12(–Ø) 11:20
nshaberu,ƒjƒbƒ|ƒ“•ú‘—,”T–Øâ46 ŒÜŠú¶AŸNâ46 OŠú¶A“úŒüâ46 lŠú¶‚Æ‚Ìu“Œ‹}‰Ì•‘Šê’¬ƒ^ƒ[v‘SŠÙƒWƒƒƒbƒNŠé‰æuVQÒ in TOKYU KABUKICHO TOWERv10Œ27“ú‚æ‚èŠJn,https://news.yahoo.co.jp/articles/3c007fbf2b2578443d40cb7602d18ab9e6b6a8d9,10/12(–Ø) 7:51
nshaberu,ƒjƒbƒ|ƒ“•ú‘—,–³’f–K˜I‚Ì—é–Ø@’jAˆÛV‚ğ—£“}@u”ä—á“–‘I‚µ‚Ä‚¨‚¢‚ÄA‘‰ï‹cˆõ‚Å‚ ‚è‘±‚¯‚é‚Ì‚ÍA‚Ç‚¤‚È‚Ì‚©vh–V¡˜Y‚ª‹^–â’æ‚·,https://news.yahoo.co.jp/articles/0f37257c86b5fb6b014adee87be20cf6ab1c17a0,10/11(…) 18:25
nshaberu,ƒjƒbƒ|ƒ“•ú‘—,ƒnƒ}ƒX‚Æ‚Ì‘å‹K–Íí“¬@uƒCƒXƒ‰ƒGƒ‹‚ÍƒKƒU’n‹æ‚Ö’¦”±“I‚È‘å‹K–ÍNU‚ğs‚¤vê–å‰Æ‚ª‰ğà,https://news.yahoo.co.jp/articles/4a809f5d092da0b9e3c61167aa9c2b5a08f505d5,10/11(…) 18:15
nshaberu,ƒjƒbƒ|ƒ“•ú‘—,uƒm[ƒxƒ‹ŒoÏŠwÜvóÜ‚ÌƒS[ƒ‹ƒfƒBƒ“@‰ß‹‚Ìƒf[ƒ^‚ğ’š”J‚ÉŒ¤‹†‚µ‚½uŒoÏj‚Ìlv,https://news.yahoo.co.jp/articles/65346722eec4364d3399b2c7ee82ec465ebe9dee,10/11(…) 17:45
nshaberu,ƒjƒbƒ|ƒ“•ú‘—,“ú‹âA•¨‰¿Œ©’Ê‚µã•ûC³ŒŸ“¢@u‘å‚°‚³‚ÉŒ¾‚¤˜b‚Å‚Í‚È‚¢v‚‹´—mˆê‚ª”½˜_,https://news.yahoo.co.jp/articles/a30c71dc9c070f4a5563712a6370bf877936ebec,10/11(…) 17:40
nshaberu,ƒjƒbƒ|ƒ“•ú‘—,‰ğÁ‚µ‚Ä‚¢‚È‚¢uù‹‹ƒMƒƒƒbƒvv‚ğ–„‚ß‚é‚É‚Íu15’›‰~‹K–Ív‚ÌŒoÏ‘Îô‚ª•K—v@‚‹´—mˆê‚ªw“E,https://news.yahoo.co.jp/articles/99501d7299c02727d929927827023065cbd5e833,10/11(…) 17:35
nshaberu,ƒjƒbƒ|ƒ“•ú‘—,–³·•Ê‚Èg•ñ•œUŒ‚h‚ÅuƒCƒXƒ‰ƒGƒ‹”ñ“ïv‚Ì—¬‚ê‚É‚È‚éƒAƒ‰ƒu”‘,https://news.yahoo.co.jp/articles/f71c825d5bcc3f7a00fc10bb23e6534aa0d4ae84,10/11(…) 17:30
nshaberu,ƒjƒbƒ|ƒ“•ú‘—,é‹ÊŒ§‹s‘Ò‹Ö~ğ—á‰ü³ˆÄ@u‹cˆõ•ñV1600–œ‰~B­¡‰Æ‚ÌÓ–±‚ğ‚Í‚«ˆá‚¦‚Ä‚¢‚évh–V¡˜Y‚ª‹êŒ¾,https://news.yahoo.co.jp/articles/e352c0f1714ea7832d4527bebd97ce10bbad29d5,10/11(…) 17:25
nshaberu,ƒjƒbƒ|ƒ“•ú‘—,EV‚Ì‹£‘ˆ—Í‚Íccƒgƒˆƒ^‰ï’·‚Ì”­Œ¾‚ÍŒˆˆÓ‚©H@‚»‚ê‚Æ‚àH,https://news.yahoo.co.jp/articles/544c9eb97687f72e79e6073918874fd7c6364f2c,10/11(…) 17:20
nshaberu,ƒjƒbƒ|ƒ“•ú‘—,u40‰ñ‹ß‚­—DŸ‚µ‚Ä‚é‹lƒtƒ@ƒ“‚ÍA–{“–‚ÌˆÓ–¡‚Å‚ÌK‚¹‚ğ’m‚ç‚È‚¢vã_ƒtƒ@ƒ“—ğ58”N‚Ìƒ_ƒ“ƒJƒ“‚ªŒê‚ég—DŸ‚Ìd‚İh,https://news.yahoo.co.jp/articles/d00967a3511b67942b6219abe559a0b5de5b0ae7,10/11(…) 16:10
nshaberu,ƒjƒbƒ|ƒ“•ú‘—,uŠİ“c‘—‚Ìƒ~ƒXƒŠ[ƒfƒBƒ“ƒOv@ƒCƒXƒ‰ƒGƒ‹î¨‚É‚Â‚¢‚Ä‚ÌX“Še‚ğ‚ß‚®‚è‚‹´—mˆê‚ªw“E,https://news.yahoo.co.jp/articles/0041125042a2334edb1d58bba0db8583c2cd1168,10/11(…) 12:10
nshaberu,ƒjƒbƒ|ƒ“•ú‘—,²‹vŠÔésAƒXƒ^ƒbƒt‚ÌgƒIƒVƒƒƒŒ‚¶‚á‚È‚¢”­Œ¾h‚ÉuR‹c‚ÌŞ—¿‚ªŒ©‚Â‚©‚ç‚È‚¢ccv,https://news.yahoo.co.jp/articles/3546a3bfd04e7f56621ec6f37848d5f17d8a0f55,10/11(…) 12:10
nshaberu,ƒjƒbƒ|ƒ“•ú‘—,2‚Â‚Ì–¡‚ªŠy‚µ‚ß‚é¬“cŒ´‚ÌV‚µ‚¢àu”Ñ‰w•ÙA‚»‚Ì–¡‚í‚¢‚Æ‚ÍH,https://news.yahoo.co.jp/articles/563c897bb1a0995dde2f2e8810ec58d4c49a50ca,10/11(…) 11:55
nshaberu,ƒjƒbƒ|ƒ“•ú‘—,JO1“¤Œ´ˆê¬u‚±‚êŒ¾‚Á‚½‚Ì–l‚¶‚á‚È‚¢‚Ì‚É‚ÈvŠç‚âº‚ªu—‚Ä‚¢‚év‚ÆŠÔˆá‚í‚ê‚él•¨‚Í,https://news.yahoo.co.jp/articles/fd64a8747fb2ed4b888188aeedc3bea63560fce8,10/11(…) 11:50
nshaberu,ƒjƒbƒ|ƒ“•ú‘—,ˆÉW‰@ŒõA‰Æ“d‚Ì•”‰®‚Å‚Ì”z’u‚ğw“ü‘O‚ÉƒVƒ~ƒ…ƒŒ[ƒVƒ‡ƒ“‚Å‚«‚éƒAƒvƒŠ‚ÉŠ´Su‚±‚ê‚Í‘åØ‚©‚à‚Ëv,https://news.yahoo.co.jp/articles/0f7f3abe86c96fd5fe21436eb5f7e753602beee8,10/11(…) 11:45
nshaberu,ƒjƒbƒ|ƒ“•ú‘—,ˆÛV‚ª—é–Ø@’ju—£“}“Ív‚ğó—‚µ‚½‚Ì‚Í‘I‹“‚ª‹ß‚¢‚©‚çH,https://news.yahoo.co.jp/articles/9db94fba6882829e194d4750296c47b2e1243737,10/11(…) 11:35
nshaberu,ƒjƒbƒ|ƒ“•ú‘—,—¿—‚Ìu‚Ğ‚½‚Ğ‚½v‚Æu‚½‚Á‚Õ‚èv‚Ì–ÚˆÀ‚Á‚Ä‚Ç‚ê‚­‚ç‚¢H,https://news.yahoo.co.jp/articles/cf0f9fcebb2f8a873765c5b6ae5fb875709ec1bf,10/11(…) 11:25
nshaberu,ƒjƒbƒ|ƒ“•ú‘—,‰ÌlEãâ‚ ‚ä”ü@’Z‰Ì‚ÍiPhone‚Éƒƒ‚A‚»‚ÌŒãƒpƒ\ƒRƒ“‚Ådã‚°‚Ü‚·B,https://news.yahoo.co.jp/articles/93ac5fae680f938681f3f8e487d89dc89e6b80f9,10/11(…) 11:20
nshaberu,ƒjƒbƒ|ƒ“•ú‘—,ƒnƒ}ƒX‚Æ‚Ì‘å‹K–Íí“¬@¡Œã‚ÌŒ©’Ê‚µ‚ÍH@uƒCƒXƒ‰ƒGƒ‹‘¤‚ÉŒğÂ‚·‚é‚Â‚à‚è‚Í‘S‚­‚È‚¢vê–å‰Æ‚ª‰ğà,https://news.yahoo.co.jp/articles/ee495d75bc9e28abc9c41eafd2f044f082405564,10/10(‰Î) 19:35
nshaberu,ƒjƒbƒ|ƒ“•ú‘—,“ú–{‚Ì”¼“±‘ÌY‹Æ‚Ì¶‚«c‚é“¹@u»‘¢H’ö‚Å‹­‚İ‚ğ”­Šö‚µ‚Ä‚Ívê–å‰Æ‚ª‰ğà,https://news.yahoo.co.jp/articles/5cb14730c2ab62a552754f258bc19792c9b99c42,10/10(‰Î) 19:00
nshaberu,ƒjƒbƒ|ƒ“•ú‘—,ƒCƒXƒ‰ƒGƒ‹‚ğx‚·‚é‚à‚Ü‚¾u—lqŒ©v‚ÌƒCƒ“ƒh,https://news.yahoo.co.jp/articles/ecb07329171c6200b025b29d77dff7542ebc662d,10/10(‰Î) 18:50
nshaberu,ƒjƒbƒ|ƒ“•ú‘—,ƒCƒXƒ‰ƒGƒ‹‚ÆƒpƒŒƒXƒ`ƒi‚Ìí“¬‚ª‘±‚­‚È‚©Au‹¹‚ğ‚È‚Å‚¨‚ë‚·v’†‘,https://news.yahoo.co.jp/articles/acaaef777bc651ac70c662db132e439cd94d4d56,10/10(‰Î) 18:20
nshaberu,ƒjƒbƒ|ƒ“•ú‘—,“¿Œõ˜a•v‚ª–¾‚©‚·Ah–V¡˜Y‚Ö•ú‚Á‚Ä‚¢‚½gŒûŒ‚hu‚ ‚Ì ‚ÍˆÙí‚É‚â‚è‡‚¢‚Ü‚µ‚½‚©‚ç‚Ëv,https://news.yahoo.co.jp/articles/7d6d6ee381e2e3023d61e80ece7a50b941111a8a,10/10(‰Î) 18:15
nshaberu,ƒjƒbƒ|ƒ“•ú‘—,ƒƒVƒA–³’f“nq‚Å—é–Ø@’j‹cˆõ‚ğœĞ‚ÌuˆÛVv‚ÆAƒƒVƒAŒoÏ‹¦—Í‘Š‚ğ”p~‚µ‚È‚¢u©–¯v‚Ìuˆá‚¢v,https://news.yahoo.co.jp/articles/c0aeb1a55640d85a49490764b3e1b11559ec44e2,10/10(‰Î) 17:35
nshaberu,ƒjƒbƒ|ƒ“•ú‘—,•Ä–¯å“}ã‰@ƒgƒbƒvu–K’†v‚Åu”¼“±‘Ì‹K§‰ğœv‚Ì‰Â”\«‚à,https://news.yahoo.co.jp/articles/39c383ffc0a47ed24b7388a4cd3a09241980be0d,10/10(‰Î) 17:30
nshaberu,ƒjƒbƒ|ƒ“•ú‘—,CS2ˆÊio‚È‚çg’J•Ûßh‚à‚¤ˆê“x@ƒƒbƒeê“àƒAƒiƒEƒ“ƒXE’J•ÛŒb”ü‚³‚ñ‚ªÏ‚İd‚Ë‚½33”NŠÔ‚Ìg‘¸‚³h,https://news.yahoo.co.jp/articles/e3a0be8be09d0529b887cae99d96fac3bddfa9fd,10/10(‰Î) 17:20
nshaberu,ƒjƒbƒ|ƒ“•ú‘—,‘S‹âƒlƒbƒg‚ÅƒVƒXƒeƒ€áŠQ@h–V¡˜Y‚ÌŒ©—§‚Äu3˜A‹x–¾‚¯‚Ìw5E10“úxB‘z’èˆÈã‚Éƒf[ƒ^‚Ì‚â‚èæ‚è‚ª‹N‚«‚½‚Ì‚Å‚Ív,https://news.yahoo.co.jp/articles/4966a8dfea793f57e4ee240ac1e114dae38f7dcf,10/10(‰Î) 17:05
nshaberu,ƒjƒbƒ|ƒ“•ú‘—,ƒuƒŒƒCƒLƒ“E”’ˆäŒ’‘¾˜N@ƒpƒŠŒÜ—Ö‚Å‰Ì—pI’–Ú‹£‹Z‚ÌˆÓŠO‚È–À,https://news.yahoo.co.jp/articles/899ca68b1f593726683caddd7b44ec2149e6e1f1,10/10(‰Î) 14:59
nshaberu,ƒjƒbƒ|ƒ“•ú‘—,K‹ß•½­Œ @ug‘ÌŒŸ¸•”–åv‚ªã‚­‚È‚Á‚Ä‚¢‚é,https://news.yahoo.co.jp/articles/b9beb16a03652c96358cbb772294b390a8aa220e,10/10(‰Î) 11:55
nshaberu,ƒjƒbƒ|ƒ“•ú‘—,”T–Øâ46 ‹v•Ûj—¢u‚¨—F’B‚É‚È‚Á‚Ä‚­‚¾‚³‚¢Iv@—Î‰©FĞ‰ïE’·‰®°q‚ÉÄƒ‰ƒuƒR[ƒ‹,https://news.yahoo.co.jp/articles/09cf66f84c4dfb01e2a49811dc045eb7f9325a2a,10/10(‰Î) 11:50
nshaberu,ƒjƒbƒ|ƒ“•ú‘—,ˆÛVA—é–Ø@’j‚Ìœ–¼ˆ•ª‚ğŒŸ“¢@uŒ»·s•”‚É‚Æ‚Á‚Ä‚Í•‰‚ÌˆâYvh–V¡˜Y‚ªw“E,https://news.yahoo.co.jp/articles/df83e09d7787ce474661a4b549e556c8b1f8855b,10/10(‰Î) 11:30
nshaberu,ƒjƒbƒ|ƒ“•ú‘—,uŠÜ‚ßÏv‚É‡‚¤HŞ‚Á‚Ä‚Ç‚ñ‚È‚à‚ÌH,https://news.yahoo.co.jp/articles/23920d8858acae77ba480f21aeb19d983967f955,10/10(‰Î) 11:25
nshaberu,ƒjƒbƒ|ƒ“•ú‘—,‰ÌlEãâ‚ ‚ä”ü@’Z‰Ì‚Éo‰ï‚Á‚½‚Æ‚«Au‚·‚²‚­ƒRƒXƒp‚ª‚¢‚¢‚Èv‚Æv‚Á‚½‚Ì‚Å‚·B,https://news.yahoo.co.jp/articles/ead3578655890638a7a4027564ee354f9dea6e18,10/10(‰Î) 11:20
nshaberu,ƒjƒbƒ|ƒ“•ú‘—,‚ ‚Ì‹»•±‚ªÄ‚ÑI@ŸNâ46@7thƒVƒ“ƒOƒ‹w³”F—~‹x“Á“T‚ÌƒcƒA[‰f‘œƒ_ƒCƒWƒFƒXƒgŒöŠJ,https://news.yahoo.co.jp/articles/4804dd9695e322cff1b43144e2d0f9291e426a73,10/9(Œ) 22:00
nshaberu,ƒjƒbƒ|ƒ“•ú‘—,u‘ä˜p—L–v@’†‘‚É—L—˜‚Èó‹µ‚ª‘±‚­2024`25”N‚ªŠë‚È‚¢,https://news.yahoo.co.jp/articles/38503da5000fa324efc13b499a88d6dc92b3c35f,10/9(Œ) 17:45
nshaberu,ƒjƒbƒ|ƒ“•ú‘—,—®‹…‹A‘®˜_‚É‚¨‚¢‚Ä’†‘‘¤‚É—L—˜‚ÈŞ—¿‚ğ—^‚¦‚½‹Êé’m–‚ÌuŒy—¦‚Ès“®v,https://news.yahoo.co.jp/articles/993b9761fd66ee24a8a0a040494fadc0a107194b,10/9(Œ) 17:40
nshaberu,ƒjƒbƒ|ƒ“•ú‘—,‚İ‚¿‚å‚ÏA•vE‘å‘qm–å‚Ì‰f‰æw‰ö•¨xŠÓÜŒã‚Ì”½‰‚Éu‚½‚Ô‚ñˆÓ–¡‚Í‚í‚©‚Á‚Ä‚È‚¢iÎjv,https://news.yahoo.co.jp/articles/25b9d17bacee6d746fad750a769329ce6f75e080,10/9(Œ) 12:20
nshaberu,ƒjƒbƒ|ƒ“•ú‘—,ŸNâ46 ‘åÀ»•ÛAƒ‰ƒ”ƒBƒbƒgI‚ÅÃ–°p‚É‚©‚©‚éBƒrƒŠƒrƒŠˆÖq‚ªuS’n‚¢‚¢v,https://news.yahoo.co.jp/articles/eca869f1a9a7ab8930d30af6969db192060a5b27,10/9(Œ) 12:10
nshaberu,ƒjƒbƒ|ƒ“•ú‘—,‚Ğ‚ÆH•v‚µ‚½ƒAƒW‚Å–¡‚à—ÇDI@u—x‚èqv‚É‚¿‚È‚ñ‚¾Vì‰w•Ù‚Æ‚ÍH,https://news.yahoo.co.jp/articles/78f022991de2537145bd003a7e33f9f7f00c9b91,10/9(Œ) 11:55
nshaberu,ƒjƒbƒ|ƒ“•ú‘—,EXIT‚ª–¾‚©‚·AÜƒŒ[ƒX‚ÆŒ€ê‚ÌƒEƒP•û‚Ìˆá‚¢uwM-1xŒˆŸ‚Ìƒlƒ^‚ªƒ[ƒÎ‚¢‚¾‚Á‚½v,https://news.yahoo.co.jp/articles/1a72a18f32f1a78d64b8532bd6da240d5f3132b4,10/9(Œ) 11:50
nshaberu,ƒjƒbƒ|ƒ“•ú‘—,‚à‚àƒNƒE‹ÊˆäDAÅ‹ß‚ÌUàuŠç‚Í1ŒÂ‚µ‚©‚È‚¢‚Ì‚Éccv,https://news.yahoo.co.jp/articles/b1a8282c776a9056499f926501b48f61e9520559,10/9(Œ) 11:45
nshaberu,ƒjƒbƒ|ƒ“•ú‘—,ƒtƒ‚¿‚á‚ñu‚»‚ê‚Í‰½‚Ì”z—¶HiÎjv@‘ê‘òƒJƒŒƒ“‚ªg•š‚¹‚½‚ª‚é‚±‚Æh‚ğ–¾‚©‚µñ‚ğ‚©‚µ‚°‚é,https://news.yahoo.co.jp/articles/af759905043f0601361cf340809ea102f847d7c7,10/9(Œ) 11:40
nshaberu,ƒjƒbƒ|ƒ“•ú‘—,ŸNâ46@7thƒVƒ“ƒOƒ‹w³”F—~‹xæs”zMŒˆ’è,https://news.yahoo.co.jp/articles/7ee2ef21cedbe1365e599b4a8089c58a26e18a89,10/9(Œ) 11:30
nshaberu,ƒjƒbƒ|ƒ“•ú‘—,ƒ|ƒgƒt‚ÍuÏ•¨v‚É•ª—Ş‚³‚ê‚é‚ÌH,https://news.yahoo.co.jp/articles/a9c51e0508b8e2185a2acd9f01899705920c441a,10/9(Œ) 11:25
nshaberu,ƒjƒbƒ|ƒ“•ú‘—,‰ÌlEãâ‚ ‚ä”ü@u“{‚è‚â•s–‚ªƒ‚ƒ`ƒx[ƒVƒ‡ƒ“‚É‚È‚éƒ^ƒCƒv‚È‚Ì‚ÅAg‚Â‚­‚Á‚Ä‚¢‚½‚ç‚»‚¤‚È‚Á‚½hv,https://news.yahoo.co.jp/articles/7e9f31a94aabb59514fd50e538532dc4d2f4f815,10/9(Œ) 11:20
nshaberu,ƒjƒbƒ|ƒ“•ú‘—,âV“¡”ò’¹ ‘²‹ÆƒRƒ“ƒT[ƒg “Á“T‰f‘œ —\•ÒŒöŠJ@`”T–Øâ46uASUKA SAITO GRADUATION CONCERTv,https://news.yahoo.co.jp/articles/a400fa14dcde8a9f9f789911d76c5cc12cfe437a,10/9(Œ) 0:30
nshaberu,ƒjƒbƒ|ƒ“•ú‘—,Î•Ÿ’à’ß•rA–Ø—œŒ›•‚Éƒvƒ‰ƒCƒx[ƒg‚ğPŒ‚‚³‚ê‚é‚àu–Ø—œ‚â‚Á‚½‚ç‚¦‚¦‚©v,https://news.yahoo.co.jp/articles/6fb808a4b2051c0b03f74360dbcf2e9d0a6ce6a8,10/8(“ú) 15:15
nshaberu,ƒjƒbƒ|ƒ“•ú‘—,”T–Øâ46 ‹v•Ûj—¢A‹GßŠO‚ê‚Ì„•‚ğ‹Á‚©‚ê‚éuw‚à‚¤H‚¾‚æHx‚Á‚ÄŒ¾‚í‚ê‚Äccv,https://news.yahoo.co.jp/articles/9c4ed0ceef90e5c89e6f5acb48ab019fb6af99be,10/8(“ú) 11:20
nshaberu,ƒjƒbƒ|ƒ“•ú‘—,ƒTƒ“ƒhƒEƒBƒbƒ`ƒ}ƒ“A”Ô‘g‚ÌV‹Kƒlƒbƒg‹Ç‚É‚Â‚¢‚ÄŒ¾‹y‚·‚é‚à u”’‰Íƒ‰[ƒƒ“vu‹à‘òƒJƒŒ[vu‚Ş‚·‚Ñ‚Ì‚Ş‚³‚µv‚ÆH‚×•¨‚Ì˜b‘è‚Î‚©‚è‚É,https://news.yahoo.co.jp/articles/f53c8e20b0a7aff7c6d00011cd5e6ae0eed942ff,10/7(“y) 14:50
nshaberu,ƒjƒbƒ|ƒ“•ú‘—,ŸNâ46A7thƒVƒ“ƒOƒ‹û˜^EOŠú¶‚É‚æ‚éwƒ}ƒ‚ƒŠƒrƒgxMVŒöŠJ@ƒZƒ“ƒ^[‚Í¬“‡“âÑ,https://news.yahoo.co.jp/articles/01309f2663734ee60f0fd67045c61bfedc5afc29,10/7(“y) 12:40
nshaberu,ƒjƒbƒ|ƒ“•ú‘—,‚ ‚Ìul@‚µ‚ª‚¢‚ª‚ ‚éŠÔˆá‚¢‚¾‚Æv‚¤iÎjv ‰‚Ì‘S‘ƒcƒA[‚Å‚Ìg¸Œ¾h‚ğ•Ù–¾,https://news.yahoo.co.jp/articles/f74e98d0cd4fc8777b1c42197e64876f6be3aea7,10/7(“y) 12:10
nshaberu,ƒjƒbƒ|ƒ“•ú‘—,ˆÉW‰@ŒõAç—tŒ§‚ÌŠó­•iíg‚Ü‚Ú‚ë‚µ‚Ì—œh‚ğâ^u‚ß‚¿‚á‚ß‚¿‚áƒEƒ}‚¢‚Å‚·v,https://news.yahoo.co.jp/articles/b03e73c36183ff496a123b4bb46c595c5cdc24ba,10/7(“y) 11:55
nshaberu,ƒjƒbƒ|ƒ“•ú‘—,—Î‰©FĞ‰ïE’·‰®°qAŒ³Xƒtƒ@ƒ“‚¾‚Á‚½ì•i‚Æ‚Ìƒ^ƒCƒAƒbƒv‚Éu–{“–‚É‚¤‚ê‚µ‚©‚Á‚½v,https://news.yahoo.co.jp/articles/6755268dd0497bed35aeb6d22531419fce4924ba,10/7(“y) 11:50
nshaberu,ƒjƒbƒ|ƒ“•ú‘—,wƒAƒ“ƒ_[ƒJƒŒƒ“ƒgx^–Ø‚æ‚¤qå‰‰AƒJƒ‹ƒg“Il‹C–Ÿ‰æ‚ğÀÊ‰f‰æ‰»,https://news.yahoo.co.jp/articles/ca04919e8ea4bcd805f497442807bb4cc026d262,10/7(“y) 11:30
nshaberu,ƒjƒbƒ|ƒ“•ú‘—,“úŒüâ46 ¼“cD‰Ôu‹ƒ‚¢‚¿‚á‚í‚È‚¢‚©‚·‚²‚­•sˆÀ‚¾‚Á‚½‚ñ‚Å‚·‚¯‚ÇiÎjv 2”NŠÔ’S“–‚µ‚½ƒ‰ƒWƒI‚ÌgŠy‚µ‚¢hÅI‰ñ‚ÉÎŠç,https://news.yahoo.co.jp/articles/34c01246c85a6a1a21ab6c5f25d5d74cbcefb7d0,10/6(‹à) 20:20
nshaberu,ƒjƒbƒ|ƒ“•ú‘—,”T–Øâ46 ‹v•Ûj—¢uŠá‹¾‚ğ‚©‚¯‚Ä‚¢‚ép‚ÍƒŒƒA‚©‚Èv@ƒIƒ“ƒ‰ƒCƒ“ŠwKƒT[ƒrƒXTVCM‚É’P“Æo‰‰,https://news.yahoo.co.jp/articles/b9dba2c372ec75e8ffccb0216ca17b8eb2ca918c,10/6(‹à) 20:10
nshaberu,ƒjƒbƒ|ƒ“•ú‘—,u‚³‚Ô‚¢‚Ú‚ª—§‚Á‚Ä‚«‚ÄvƒiƒCƒ“ƒeƒBƒiƒCƒ“A10”N‚Ô‚èŠJÃ‚ÌƒTƒUƒ“wŠƒ–èƒ‰ƒCƒux‚ğ‘å–‹iI,https://news.yahoo.co.jp/articles/2e507e02d6a4827b9b593db40bb10d9239f039a5,10/6(‹à) 18:20
nshaberu,ƒjƒbƒ|ƒ“•ú‘—,ƒI[ƒhƒŠ[A“Œ‹ƒh[ƒ€ƒ‰ƒCƒuVƒOƒbƒY‚Ìg”w”Ô†h‚ğ‘ˆ’Du1‚Í‚Ç‚Á‚¿‚ª‚Â‚¯‚é‚ñ‚¾Hv,https://news.yahoo.co.jp/articles/13b9b0a054cf3c0d9f82115636c4b83e99c09c30,10/6(‹à) 18:15
nshaberu,ƒjƒbƒ|ƒ“•ú‘—,Ol˜YE‘Š“cAƒWƒƒƒ“ƒ|ƒP‘¾“c‚©‚çƒAƒc‚¢‚±‚Æ‚ğŒ¾‚í‚ê‚Ä’ñˆÄu‚º‚Ğ‚ËAŸè‚Éccv,https://news.yahoo.co.jp/articles/62e10a0800269b40d8f477be440c5d908487d6f3,10/6(‹à) 18:10
nshaberu,ƒjƒbƒ|ƒ“•ú‘—,R‚ÆŒÎ‚ªŒä_‘ÌH@ŒQ”nŒ§‘O‹´sAŒÃ‘ã‚æ‚èRŠxM‹Â‚ğ“`‚¦‚éÔé_Ğ‚É‚Äƒ‰ƒ“ƒpƒ“ƒvƒX‚ª‡Ši‹FŠèI,https://news.yahoo.co.jp/articles/5f343c0a278a4f9bd0f9a6414b66f9c9d36757f4,10/6(‹à) 15:00
nshaberu,ƒjƒbƒ|ƒ“•ú‘—,Ol˜YE‘Š“cA”ü—eº‚©‚ç‚Ì‚¨˜l‚Ñ‚Ì•i‚É¢˜fuƒCƒJB‰j‚®AŠCY•¨‚Ìv,https://news.yahoo.co.jp/articles/4d61010e6b062b764e5d0961422b63d441723563,10/6(‹à) 12:10
nshaberu,ƒjƒbƒ|ƒ“•ú‘—,ˆÉW‰@ŒõAL“‡‚ÌƒX[ƒp[‚Åwƒƒjx‚ğŒ©‚Â‚¯v‚í‚¸“ñ“xŒ©ug“ä‚ÌH‚×•¨h‚ªƒEƒ}‚¢‚ñ‚¾‚æ‚Ëv,https://news.yahoo.co.jp/articles/4898adbc2fb6ba892e8b213f2971b201f8f326a0,10/6(‹à) 11:50
nshaberu,ƒjƒbƒ|ƒ“•ú‘—,‘š~‚è–¾¯E‚¹‚¢‚âAŒK“c‰À—S‚ÉŒ‹¥‚ğG‚ê‚ç‚ê‚Äuƒtƒ@ƒ“–»—˜‚És‚«‰ß‚¬‚év‚ÆŠ´Œƒ,https://news.yahoo.co.jp/articles/1e40e8c14fd75c0fb2e22a52e6d492b326bf8bc7,10/6(‹à) 11:45
nshaberu,ƒjƒbƒ|ƒ“•ú‘—,“úŒüâ46 ¼“cD‰ÔAÔ–Êu‚»‚¤‚¢‚¤ƒTƒCƒ“‚©‚ÈH‚Æv‚Á‚½‚çcciÎjv Ä“÷“X‚Å‚¨“yY‚ğ‚à‚ç‚Á‚½ŒoˆÜ‚ğƒJƒ“ˆá‚¢,https://news.yahoo.co.jp/articles/3f52032aaccdaa4d9cc898b671a7b84ea2d0d3e3,10/6(‹à) 11:40
nshaberu,ƒjƒbƒ|ƒ“•ú‘—,”ŞŠİ‰Ô‚ªut‚Ì”ŞŠİv‚É‚Íç‚©‚È‚¢ƒƒJƒjƒYƒ€,https://news.yahoo.co.jp/articles/bcfeabd791cfad658dc7b4612c74a804aadbcebd,10/6(‹à) 11:25
nshaberu,ƒjƒbƒ|ƒ“•ú‘—,wVIVANTx‰¹Šy’S“–EçZ–¾AÅI˜b‚Ì“à—e‚ğ’m‚ç‚¸‚É‹Èì‚è‚µ‚Ä‚¢‚½u9˜b‚Ü‚Å’m‚Á‚Ä‚¢‚ê‚Î‘‚¯‚é‚Å‚µ‚åH‚Á‚ÄiÎjv,https://news.yahoo.co.jp/articles/5e4a0b76af9d624aca847d41c30b22aa8fff718f,10/5(–Ø) 19:05
nshaberu,ƒjƒbƒ|ƒ“•ú‘—,‚Ó‚é‚³‚Æ”[Å@‹“s•{‚ªus’¬‘º˜AŒgŒ^v“±“ü@u“Æ©‚É“w—Í‚µ‚Ä‚«‚½©¡‘Ì‚©‚ç‚·‚é‚Æw‚¿‚å‚Á‚Æ‘Ò‚Äx‚¾vh–V¡˜Y‚ªw“E,https://news.yahoo.co.jp/articles/12626f0bfe3f49e833b2a7c9bfcf368e9262b7cc,10/5(–Ø) 18:35
nshaberu,ƒjƒbƒ|ƒ“•ú‘—,uNGƒŠƒXƒg‚É–¼‘O‚ªÚ‚Á‚Ä‚¢‚È‚¢ƒƒfƒBƒAl‚Í’p‚¸‚©‚µ‚¢‚Æv‚¤‚×‚«vh–V¡˜Y‚ªw“E,https://news.yahoo.co.jp/articles/819d879187b41e11c1a529b278390d32402c4871,10/5(–Ø) 18:30
nshaberu,ƒjƒbƒ|ƒ“•ú‘—,ŒF–{‚Å”¼“±‘Ìƒoƒuƒ‹IH@‹‹3000‰~AŒû50–œ‰~‚Ìd–‚ª‚²‚ë‚²‚ëH@ƒGƒRƒmƒ~ƒXƒg‚ªĞ‰î,https://news.yahoo.co.jp/articles/89068fd9f4b662d8cf92aba91b4028398a997a50,10/5(–Ø) 18:10
nshaberu,ƒjƒbƒ|ƒ“•ú‘—,”óŒû—¹ˆêA‰f‰æu‰o‰‰•‰å‰‰v@ƒp[ƒLƒ“ƒ\ƒ“•a“––Ò‚Æ‚µ‚Äu‰Ê‚½‚·‚×‚«–ğŠ„vl‚¦,https://news.yahoo.co.jp/articles/d4d1112b6140ec716809c7d7bf226abfbd93fe83,10/5(–Ø) 17:25
nshaberu,ƒjƒbƒ|ƒ“•ú‘—,ƒWƒƒƒpƒ“ƒ‚ƒrƒŠƒeƒBƒVƒ‡[‚Öˆß‘Ö‚¦@©“®ÔŒ©–{s‚Ìƒ~ƒ‰ƒC,https://news.yahoo.co.jp/articles/12716e0a56a2b41b9e376acb9fa6baffc213f056,10/5(–Ø) 17:20
nshaberu,ƒjƒbƒ|ƒ“•ú‘—,‚ ‚ÌA‘e•iEƒiƒ_ƒ‹‚Æ‚ÌƒƒP‚à”š‰¹‚Åuƒiƒ_ƒ‹‚³‚ñ‚ÍƒC‚Á‚¿‚á‚Á‚Ä‚éŠç‚µ‚Ä‚é‚¾‚¯iÎjv,https://news.yahoo.co.jp/articles/1e9cc04bca66ab564d27b7582f80a8dbc06192e0,10/5(–Ø) 12:10
nshaberu,ƒjƒbƒ|ƒ“•ú‘—,“úŒüâ46 ¬âØA©‘î‚É‚ ‚é¬à‚ª100û‚ğ’´‚¦‚½‚Æ”­•\‚àgˆÓŠO‚ÈƒIƒ`hu“Ç‚ñ‚Å‚é–{‚ªcciÎjv,https://news.yahoo.co.jp/articles/557c700d8dece402dfe4d51b3436cc9b468e1cde,10/5(–Ø) 11:50
nshaberu,ƒjƒbƒ|ƒ“•ú‘—,ˆÉW‰@Œõ@”‚Á‚Ä‚¢‚½ƒyƒbƒg‚Ì–¼‘O‚Íwƒiƒ“ƒLƒ“xwƒWƒƒƒKƒCƒ‚xwƒJƒvƒ`[ƒmx@u“ä‚Ì‘g‚İ‡‚í‚¹‚Å”‚Á‚Ä‚Ü‚µ‚½v,https://news.yahoo.co.jp/articles/c34a3f9f1b2438a69db2becb8ba2874e1af75c0d,10/5(–Ø) 11:45
nshaberu,ƒjƒbƒ|ƒ“•ú‘—,uO‘å–Øv‚ÌƒLƒ“ƒ‚ƒNƒZƒC@‚è‚‚¢uc‚è2‚Âv‚Í‰½H,https://news.yahoo.co.jp/articles/69339340199f4ca276a74407af74a62400bf1dd1,10/5(–Ø) 11:25
nshaberu,ƒjƒbƒ|ƒ“•ú‘—,uŠÏŒõ‹qv‚¾‚¯‚Å‚È‚­u’nˆæZ–¯v‚Ì–‘«“x‚à–Ú•W’l‚É@ƒI[ƒo[ƒc[ƒŠƒYƒ€‘Îô‚Æ‰Û‘è,https://news.yahoo.co.jp/articles/0b5996a4beed1289e0a5328ea0b2426ee0712621,10/4(…) 19:10
nshaberu,ƒjƒbƒ|ƒ“•ú‘—,’†‘­•{A—DG‚ÈlŞ‚â‘‹à‚Ì‘ŠO—¬o‚ğŒx‰ú‚©@ˆÚ–¯‘½‚¢ƒJƒiƒ_‚Ö‚Ì’c‘Ì—·s‰ğ‹Ö‚ª‚Ü‚¾‚Ì——R@’“İ“Á”hˆõ‚ªw“E,https://news.yahoo.co.jp/articles/8396b9c99b0a9c096e0cd984866ec4be8177010e,10/4(…) 19:00
nshaberu,ƒjƒbƒ|ƒ“•ú‘—,ƒNƒŒ[ƒ€‚ÍuƒAƒbƒvƒOƒŒ[ƒh—v‹Œnv‚Æu–³—¿—v‹Œnv‚Ì2í—Ş@ê–å‰Æ‚ªuƒJƒXƒ^ƒ}[ƒnƒ‰ƒXƒƒ“ƒg–â‘èv‚ğ‰ğà,https://news.yahoo.co.jp/articles/0b30d0d6a090114d4e7f33dda24602434213c5c1,10/4(…) 18:55
nshaberu,ƒjƒbƒ|ƒ“•ú‘—,—é–Ø@’j‚ÌƒƒVƒA–K–â@u”wŒi‚É‘I‹“–î‚àvh–V¡˜Y‚ªw“E,https://news.yahoo.co.jp/articles/3b0f87446f60f43d3f5ab7ce06b92cf749b53fac,10/4(…) 18:45
nshaberu,ƒjƒbƒ|ƒ“•ú‘—,’†‘u‘Œcßv‘åŒ^˜A‹x@20‰­l’´‚ªˆÚ“®@u‘“àŠÏŒõ’n‚Íç‘ã“cü‚Ìƒ‰ƒbƒVƒ…•À‚İv’“İ“Á”hˆõ‚ªƒŠƒ|[ƒg,https://news.yahoo.co.jp/articles/e2bd19e2d03cf9414ee176dc536e1e69f3958e54,10/4(…) 17:56
nshaberu,ƒjƒbƒ|ƒ“•ú‘—,‚Ô‚ê‚éŠØ‘¢˜_@uŠj•Û—L‚·‚×‚«‚¾v‚Æ“š‚¦‚éˆê•û‚ÅuŠj•Û—L‚æ‚è‚à•ÄŒR’“—¯‚ğ‘I‚Ôv‚Æ“š‚¦‚é,https://news.yahoo.co.jp/articles/114843d8516e65d8564d30f543a4642417976810,10/4(…) 17:40
nshaberu,ƒjƒbƒ|ƒ“•ú‘—,Šİ“c‘—uƒRƒXƒgƒJƒbƒgŒ^ŒoÏ‚©‚ç30”N‚Ô‚è‚É“]Š·‚·‚év‚ªˆÓ–¡‚·‚éd—v‚È‚±‚Æ,https://news.yahoo.co.jp/articles/83b010f4545ef623b13dfa0f86e622ddc93c079d,10/4(…) 17:35
nshaberu,ƒjƒbƒ|ƒ“•ú‘—,‚Ó‚é‚³‚Æ”[Å‚Í–{—ˆAu•Ô—ç•i–Ú“–‚Äv‚Å‚Í‚È‚©‚Á‚½‚Í‚¸,https://news.yahoo.co.jp/articles/15127af6a7e3f1f10c96fd250b5052b0534c6149,10/4(…) 17:30
nshaberu,ƒjƒbƒ|ƒ“•ú‘—,ƒiƒCƒc”·u–¾“úAd–‚É—ˆ‚ç‚ê‚È‚¢‚©‚àv ‘Ş”C‚Ì‹lEŒ´ŠÄ“Â‚ÌÅIíƒ`ƒPƒbƒg‚ğè‚É‚µA‘‚­‚àwŒ´ƒƒXx‚É”Y‚Ş,https://news.yahoo.co.jp/articles/886e13aca66c43c94c64ba983ae5157d021f7b72,10/4(…) 16:25
nshaberu,ƒjƒbƒ|ƒ“•ú‘—,ƒ}ƒaƒ‰ƒu‘ºãA–ì“cƒNƒŠƒXƒ^ƒ‹‚ÌƒTƒ“ƒOƒ‰ƒXp‚ÉuKing Gnu‚Í‚»‚ñ‚È˜r‘¾‚­‚È‚¢‚æv,https://news.yahoo.co.jp/articles/51113f7b7f64f08124f8b4000380b647225e6559,10/4(…) 12:10
nshaberu,ƒjƒbƒ|ƒ“•ú‘—,ŸNâ46@7thƒVƒ“ƒOƒ‹w³”F—~‹x¤•iŠT—v‰ğ‹Ö@V‹Èuƒ}ƒ‚ƒŠƒrƒgvMV‚ÌƒvƒŒƒ~ƒAŒöŠJ‚àƒXƒ^[ƒg,https://news.yahoo.co.jp/articles/95ed250ab56295c6ee90a6004fc66bd77854ea15,10/4(…) 12:05
nshaberu,ƒjƒbƒ|ƒ“•ú‘—,u‰w•Ù–¡‚Ìw2023vŠJ–‹I@¡”N‚ÍŒ»’n‚Ö‰w•Ù‚ğH‚×‚És‚±‚¤,https://news.yahoo.co.jp/articles/b161ec6eea2dc02ee9a05dd93a24865eee1fbd16,10/4(…) 11:55
nshaberu,ƒjƒbƒ|ƒ“•ú‘—,”T–Øâ46 ‹v•Ûj—¢@”OŠè‚Ìg‰ƒTƒEƒih‚ÉÄƒ`ƒƒƒŒƒ“ƒW‚·‚é‚àA‚Ü‚½‚à’f”Ou‚±‚±‚Íƒ‹[ƒL[‚ª‚¢‚¿‚áƒ_ƒ‚ÈŠ‚¾‚È‚Æccv,https://news.yahoo.co.jp/articles/8f242ec116950e10c02568c19775b2627732384c,10/4(…) 11:50
nshaberu,ƒjƒbƒ|ƒ“•ú‘—,“úŒüâ46 ‰Á“¡j”¿u‚Ñ‚Á‚­‚è‚¶‚á‚È‚¢Hv ©g‚ğ•Ç‚É’Ç‚¢‹l‚ß‚Ä‚«‚½lŠú¶‚ğ–¾‚©‚·,https://news.yahoo.co.jp/articles/a01f09d8ebdba2b57d813e18ffda4667289f1020,10/4(…) 11:45
nshaberu,ƒjƒbƒ|ƒ“•ú‘—,ˆÉW‰@ŒõAƒjƒbƒ|ƒ“•ú‘—‚Å28”N‚Ô‚è‚ÌƒƒCƒh”Ô‘gƒXƒ^[ƒg@‰‰ñ•ú‘—‚Å‹Ù’£‚àu30•ª‚ ‚Á‚Æ‚¢‚¤ŠÔ‚Å‚µ‚½v,https://news.yahoo.co.jp/articles/30c3af19d1847c7b6fee4cd1ae7590c0398881f3,10/4(…) 11:40
nshaberu,ƒjƒbƒ|ƒ“•ú‘—,—é–Ø@’j‚Ì–K˜I@uƒƒVƒAŠñ‚è‚Ìl‚ªf‚¢‚ğ—§‚Ä‚És‚Á‚½v‚Æ‚µ‚©v‚¦‚È‚¢,https://news.yahoo.co.jp/articles/8ad2a3e355b7e76855773b0a8fe26c6e0a555c59,10/4(…) 11:35
nshaberu,ƒjƒbƒ|ƒ“•ú‘—,RŒû•SŒbwH÷x@‚È‚º‰ŠúˆÄ‚Ìw¬t“ú˜ax‚©‚çƒ^ƒCƒgƒ‹•ÏX‚³‚ê‚½‚Ì‚©,https://news.yahoo.co.jp/articles/0665de94c75ca69c907763f043dfc49089f536ed,10/4(…) 11:25
nshaberu,ƒjƒbƒ|ƒ“•ú‘—,“ú–{‚ª’x‚ê‚ğ‚Æ‚éu”|—{“÷v@ˆê‘åY‹Æ‚É‚à‚È‚è“ú–{ŒoÏ‚É‚àvŒ£‚Å‚«‚é‚ªi‚Ü‚ÊŒ»ó‚Æ‰Û‘è,https://news.yahoo.co.jp/articles/7edcd6f319df7b75203e3c3564564ac3971c9425,10/4(…) 8:00
nshaberu,ƒjƒbƒ|ƒ“•ú‘—,—Î‰©FĞ‰ïE’·‰®°qA‰–ƒgƒŠƒ…ƒtƒpƒ“ì‚è‚É’§íu–{“–‚ÉŠy‚µ‚­‚Ä—LˆÓ‹`‚ÈŠÔ‚¾‚Á‚½v,https://news.yahoo.co.jp/articles/0bcd767b6e4bdd7542f9703788b9df4db69e9caa,10/3(‰Î) 21:05
nshaberu,ƒjƒbƒ|ƒ“•ú‘—,ƒAƒ“ƒK[ƒ‹ƒYE“c’†uˆê¶‹–‚³‚È‚¢v@10”NŠÔû‚Ü‚ç‚È‚¢H ò’J‚µ‚°‚é‚Ö‚Ì“{‚è‚Ì——R‚ğŒê‚é,https://news.yahoo.co.jp/articles/b89202647f7cb8f7f6e718d779cb6d6918a0a6ad,10/3(‰Î) 19:55
nshaberu,ƒjƒbƒ|ƒ“•ú‘—,uƒEƒNƒ‰ƒCƒiŒ»’n‚Å‚ÍAƒ}ƒŠƒEƒ|ƒŠ‚æ‚èƒNƒŠƒ~ƒA’DŠÒ‚Ì‚Ù‚¤‚ªŠÈ’P‚Æ‚¢‚¤º‚ª‘½‚¢v9Œ‚ÉƒEƒNƒ‰ƒCƒi–K–â‚Ìê–å‰Æ‚ªÅVî•ñ‚ğ‰ğà,https://news.yahoo.co.jp/articles/0e4dad9286fd111c701592c078a03c83b6fc3969,10/3(‰Î) 18:50
nshaberu,ƒjƒbƒ|ƒ“•ú‘—,—é–Ø@’jAƒƒVƒA–K–â@u‰ï‚Á‚½‘Šè‚ÍƒAƒWƒA’S“–‚ÌŠO–±ŸŠ¯Bƒ|ƒWƒVƒ‡ƒ“ƒg[ƒN‚¾‚ë‚¤vê–å‰Æ‚ª‰ğà,https://news.yahoo.co.jp/articles/46917d82501b8cd1a05fa70049d651ad8f001f84,10/3(‰Î) 17:55
nshaberu,ƒjƒbƒ|ƒ“•ú‘—,—L–‚ÌÛ‚ÌH—¿ˆÀ‘S•Ûá‚ğŠm—§‚·‚é‚½‚ß‚É‚ÍAƒTƒvƒ‰ƒCƒ`ƒF[ƒ“‚Ì‘½—l‰»‚ª•K—v,https://news.yahoo.co.jp/articles/d61ea198a7eb7eb57166d5362733444a09f5c862,10/3(‰Î) 17:45
nshaberu,ƒjƒbƒ|ƒ“•ú‘—,ƒEƒNƒ‰ƒCƒi‚ªu“ú–{‚Ì‚½‚ß‚ÉƒƒVƒA‚Ìí—Í‚ğŒ¸‚ç‚µ‚Ä‚­‚ê‚Ä‚¢‚év‚Æ‚¢‚¤ˆê–Ê‚à‚ ‚é,https://news.yahoo.co.jp/articles/6b7257ff543c5d30dcb94f1f4a07a4f76f613d32,10/3(‰Î) 17:40
nshaberu,ƒjƒbƒ|ƒ“•ú‘—,‚³‚ç‚É’x‚ê‚é“ú–{‚ÌulŒ –â‘èv@Šİ“c­Œ ‚Ì’S“–•â²Š¯‚ª•sİ‚É,https://news.yahoo.co.jp/articles/826a7de93f1f168f1b6b7c20ac41f5b60e30f98e,10/3(‰Î) 17:35
nshaberu,ƒjƒbƒ|ƒ“•ú‘—,¶¬AI‚Ì‹K§@uƒtƒFƒCƒN‚©‚Ç‚¤‚©v‚ğ”FØ‚Å‚«‚éƒVƒXƒeƒ€‚ª•K—v,https://news.yahoo.co.jp/articles/5d89a5eeeb0fc8980392ffa72cd22b6af7114295,10/3(‰Î) 17:30
nshaberu,ƒjƒbƒ|ƒ“•ú‘—,‰pŒŸ‚ÉV‹‰“±“üA‹¦‰ï‚Ìv˜f‚Íuq‹Ÿ‚ªŒ¸‚é’†AóŒ±Ò‚ğ‘‚â‚·Å‚à‚¢‚¢•û–@‚¾vh–V¡˜Y‚ª˜_@`u€2‹‰v‚Æu2‹‰v‚Ì’†ŠÔ‚É,https://news.yahoo.co.jp/articles/bf9ddac6ae44360034c0c7e7cc229d851fb83ea4,10/3(‰Î) 17:20
nshaberu,ƒjƒbƒ|ƒ“•ú‘—,ƒA[ƒeƒBƒXƒeƒBƒbƒNƒXƒCƒ~ƒ“ƒOE¬’JÀ‰Âq@ul¶50‚©‚çIv,https://news.yahoo.co.jp/articles/332f6810f679113b27960487b4ce2287416d501b,10/3(‰Î) 14:59
nshaberu,ƒjƒbƒ|ƒ“•ú‘—,²‹vŠÔésuƒ}ƒWAƒJƒbƒR‚æ‚­‚ËHv ’jqƒoƒŒ[“ú–{‘ã•\E‚‹´Œc”¿‚É”M‹ü,https://news.yahoo.co.jp/articles/6add66e7099331a72ebdf402d2b62429e5eb4505,10/3(‰Î) 12:20
nshaberu,ƒjƒbƒ|ƒ“•ú‘—,¢ŠE‚Å”á”»‚·‚é‚Ì‚Í’†‘‚¾‚¯@“ú–{‚Ìuˆ—…‚ÉŠÖ‚·‚é”­Mv‚Í•]‰¿‚Å‚«‚é,https://news.yahoo.co.jp/articles/4a25cc74b70a602b7d6a5cbb9ce063dc61f81d9c,10/3(‰Î) 11:55
nshaberu,ƒjƒbƒ|ƒ“•ú‘—,JO1äo“ßé§A”’Šâ—Ú•PE–Ø‘SãÄ–ç‚Ìs“®‚É•¨\‚µ‚½‚¢‚±‚Æu“d‹C‚àAƒJ[ƒeƒ“‚àB‚à‚¤A—‰ğ‚ªccv,https://news.yahoo.co.jp/articles/f0cc4132ac1029ca3c1183b17c70fea7a1421a62,10/3(‰Î) 11:50
nshaberu,ƒjƒbƒ|ƒ“•ú‘—,”T–Øâ46 ‹v•Ûj—¢AŒÃ“cV‘¾‚©‚ç“ä‚ÌƒvƒŒƒ[ƒ“ƒgu„‚ÌÈ‚ÉƒAƒ{ƒJƒh‚ªv,https://news.yahoo.co.jp/articles/3164e9341b99db04db0e1ca81b9cf889b86ee622,10/3(‰Î) 11:45
nshaberu,ƒjƒbƒ|ƒ“•ú‘—,’†‘‚Ìî•ñ‘€ì‚ğw“E‚·‚é•Ä‘–±Èu•ñ‘v@’†‘‘¤‚Ì”á”»‚É”½˜_‚Å‚«‚é‹ï‘Ì“I‚È“à—e,https://news.yahoo.co.jp/articles/f4d6e62969b0359ac53602cf0514199afee62b24,10/3(‰Î) 11:35
nshaberu,ƒjƒbƒ|ƒ“•ú‘—,H‚Ìµ‘‚Ì1‚Â@u”ü‚µ‚¢—«‚ğ‚àˆ³“|‚·‚é‰Ôv‚Á‚Ä‰½H,https://news.yahoo.co.jp/articles/3d0e953543684616e9e09f576d0e1f8686378cf8,10/3(‰Î) 11:25
nshaberu,ƒjƒbƒ|ƒ“•ú‘—,XR’¼‘¾˜NAXR—Çq‚Æeq¶‹¤‰‰Iu‚±‚ê‚¼¶•ú‘—‚¾‚Èvu–{“–‚É‚ ‚è‚ª‚Æ‚¤Iv@’e‚«Œê‚è‚à¶”â˜I,https://news.yahoo.co.jp/articles/86d7dba9ad1e87bdef91faceff9c800ee233d6cc,10/3(‰Î) 8:00
nshaberu,ƒjƒbƒ|ƒ“•ú‘—,VNISA uÅ‘å‚ÌƒƒŠƒbƒg‚Íh”ñ‰ÛÅhvl‹CÅ—m‚ª‰ğà‚·‚éŠî–{§“x,https://news.yahoo.co.jp/articles/19ae2fecbc1fbb6a23f9a49767f52c846566a58c,10/3(‰Î) 7:50
nshaberu,ƒjƒbƒ|ƒ“•ú‘—,ƒCƒ“ƒ{ƒCƒX§“xƒXƒ^[ƒg@u“±“ü‚Í‚¢‚¢‚ªA‘‚­ƒfƒWƒ^ƒ‹‰»‚ğvh–V¡˜Y‚ª‹êî,https://news.yahoo.co.jp/articles/76252a59ecd2b2e55fd56bb949d00d8b91e59ce7,10/2(Œ) 18:30
nshaberu,ƒjƒbƒ|ƒ“•ú‘—,ŒÑ“c‚³‚ñÄR‰Œö”»A10Œ27“ú‚É‚à@uØ‹’‚Ì‚Ë‚Â‘¢‚Í‘‰Æ“I”Æß‚¾Bˆ”±‚Å‚«‚È‚¢‚Ì‚©vh–V¡˜Y‚ª‹êŒ¾,https://news.yahoo.co.jp/articles/d73c3450e64fe2e5a539954040df6c7da61f13a6,10/2(Œ) 18:15
nshaberu,ƒjƒbƒ|ƒ“•ú‘—,ƒƒVƒA‚Ì“P‘Ş‚ªæ‚©AƒEƒNƒ‰ƒCƒi‚Ì”½U‚ªæ‚©AŠe‘‚Ìux‰‡ƒXƒgƒbƒvv‚ªæ‚©,https://news.yahoo.co.jp/articles/ce19ef5fa14f0221f168d6ea2d29666412762e2d,10/2(Œ) 17:55
nshaberu,ƒjƒbƒ|ƒ“•ú‘—,ƒrƒbƒOƒ‚[ƒ^[‚É‚æ‚é•ÛŒ¯‹à•s³¿‹–â‘è‚Ì–{¿@u³‹K”Ì”„“X‚æ‚èC—”ï—p‚ªˆÀ‚¢‚©‚ç‚Å‚Í‚È‚¢‚©vh–V¡˜Y‚ª˜_,https://news.yahoo.co.jp/articles/53c468c48d22cb8e4b55f1ac46e9d0380c12d962,10/2(Œ) 17:50
nshaberu,ƒjƒbƒ|ƒ“•ú‘—,Šİ“c­Œ ‚ª‚¢‚Ü‚·‚é‚×‚«‚±‚Æ‚ÍuÅ’á’À‹à‚Ìˆø‚«ã‚°v‚Å‚Í‚È‚¢@{“cTˆê˜Y‚ªw“E,https://news.yahoo.co.jp/articles/0d0780d2ce2c79d0b50263b3e0349cff93e39e39,10/2(Œ) 17:45
nshaberu,ƒjƒbƒ|ƒ“•ú‘—,uƒCƒ“ƒ{ƒCƒX§“xv@“±“ü‚·‚é‚×‚«‚¾‚ªug‚¢‚Üh‚Å‚Í‚È‚¢v{“cTˆê˜Y‚ªw“E,https://news.yahoo.co.jp/articles/79d64ae45ac868e3f7fe77ea6d20625034485458,10/2(Œ) 17:40
nshaberu,ƒjƒbƒ|ƒ“•ú‘—,Šİ“c‘—‚Íu‰ğU‚ğ‘Å‚Âƒ^ƒCƒ~ƒ“ƒO‚ğ¸‚Á‚½‚Ì‚Å‚Í‚È‚¢‚©v{“cTˆê˜Y‚ªŒ¾‹y,https://news.yahoo.co.jp/articles/780acb10d2b179522556451baee3eab4245f1c3c,10/2(Œ) 17:35
nshaberu,ƒjƒbƒ|ƒ“•ú‘—,u©“®‰^“]‹@”\“‹Ú©“®Ôv‚Ì•‹y‚ª’n•û‚Ìu‚—îÒ‚Ì‘«v‚ğŠm•Û‚·‚é,https://news.yahoo.co.jp/articles/e357df6e484eec2476e6c909dda668a1fc5fde8d,10/2(Œ) 17:30
nshaberu,ƒjƒbƒ|ƒ“•ú‘—,‚³‚ç‚ÎAÅŒã‚Ìuº˜a‚Ì–ì‹…‘Ièv¼“cé_@ƒZEƒp‘Å—¦1ˆÊ‚Ì‹{í••“Ú‹{‚Ö‚àó‚¯Œp‚ª‚ê‚½gŒµ‚µ‚­’b‚¦‚éh”M‚¢¶‚«—l,https://news.yahoo.co.jp/articles/b4fea5e3afc88b7d0dffeb74e328180030cdc198,10/2(Œ) 17:20
nshaberu,ƒjƒbƒ|ƒ“•ú‘—,Hi-Hiã“c_“ñ˜YuŒ‹¥“Í‘‚¢‚½‚ ‚ÆA‚·‚®‚É—£¥“Í‘‚¢‚½‚¯‚Çccv@2‚©Œ‹C‚ª‚Â‚©‚È‚©‚Á‚½gƒTƒCƒŒƒ“ƒg—£¥h‚ğŒê‚é,https://news.yahoo.co.jp/articles/6ae6e0da4e6ecb296cd6ba7f55e6f4fc9107b1e1,10/2(Œ) 17:00
nshaberu,ƒjƒbƒ|ƒ“•ú‘—,uˆ—…v‚ß‚®‚é‚s‘åb‚Ì”á”»‚É’†‘Œê‚Å”½˜_‚µ‚½’†‘‚Ì‘“à–î,https://news.yahoo.co.jp/articles/342d5bddd0eb46a700379b4256d2e57877e6ab44,10/2(Œ) 11:35
nshaberu,ƒjƒbƒ|ƒ“•ú‘—,uH‚Ìµ‘v@‚Ç‚¤‚µ‚ÄŒ»İ‚Ìu7í—Şv‚É‚È‚Á‚½‚ÌH,https://news.yahoo.co.jp/articles/f2b7087941be47e2755e66cca09a0a56656fdf56,10/2(Œ) 11:25
nshaberu,ƒjƒbƒ|ƒ“•ú‘—,ŸNâ46@7thƒVƒ“ƒOƒ‹w³”F—~‹xƒWƒƒƒPƒbƒgƒA[ƒgƒ[ƒNŒöŠJ,https://news.yahoo.co.jp/articles/6269c43383217e24b55c74b44026a44e7ff8f792,10/2(Œ) 10:00
nshaberu,ƒjƒbƒ|ƒ“•ú‘—,”T–Øâ46w33rd SG ƒAƒ“ƒ_[ƒ‰ƒCƒuxjãÅ‘å‰¡ƒAƒŠ3DAYSŠ®‘–I@uˆêl‚Ğ‚Æ‚è‚Ì–£—Í‚ğŒ©‚Â‚¯‘±‚¯‚Ä‚à‚ç‚¢‚½‚¢‚Å‚·v,https://news.yahoo.co.jp/articles/132c03a487349215d38dda35b7b2e2db4a9d55d2,10/2(Œ) 0:00
nshaberu,ƒjƒbƒ|ƒ“•ú‘—,ŸNâ46 ˆäã—œ–¼AOŠú¶E‘ºR”ü‰H‚ÌgˆÓŠO‚È“Á’¥h‚ÉuŠ´î–L‚©‚ÅƒXƒeƒLv,https://news.yahoo.co.jp/articles/5c39ae915bdb2aa410ab610c6d3ad7d1f140f0a6,10/1(“ú) 17:50
nshaberu,ƒjƒbƒ|ƒ“•ú‘—,‚İ‚¿‚å‚ÏA‚ß‚é‚é‚ÌwD‚«‚ÈƒMƒƒƒ‹ƒ^ƒŒƒ“ƒgxƒ‰ƒ“ƒNƒCƒ“‚Éu‚±‚±‚É“ü‚ê‚È‚¢‚Å‚ ‚°‚ÄHv,https://news.yahoo.co.jp/articles/51b82ccc035409acf5658b5a4b525a6e13ce4807,10/1(“ú) 12:10
nshaberu,ƒjƒbƒ|ƒ“•ú‘—,Î•Ÿ’à’ß•r‚à”[“¾@ƒ‚ƒOƒ‰ƒCƒ_[‚Ìƒlƒ^‚ÌŒ´“_‚Íwƒpƒyƒ|x,https://news.yahoo.co.jp/articles/a757ba0db40bffddc2a1eea2f38306ca94cf84ab,10/1(“ú) 11:50
nshaberu,ƒjƒbƒ|ƒ“•ú‘—,“úŒüâ46 ¼“cD‰Ôu–{“–‚ÉŠy‚µ‚­I‚í‚ê‚Ä—Ç‚©‚Á‚½‚Å‚·Iv ––Ê‚ÌÎ‚İ‚Å”Ô‘g2”NŠÔ‚Ì—ğj‚É–‹@`w“úŒüâ46¼“cD‰Ô‚Ì“úŒüâ‚Z•ú‘—•”xŒöŠJû˜^ƒCƒxƒ“ƒgƒŒƒ|[ƒgƒŒã•Ò„,https://news.yahoo.co.jp/articles/b89e7da322da9bd9271910a61c14153cc97795dd,9/30(“y) 22:28
nshaberu,ƒjƒbƒ|ƒ“•ú‘—,“úŒüâ46 ‰Á“¡j”¿u‚İ‚ñ‚ÈA‚Ó‚­‚ç‚Í‚¬‚ªƒ€ƒLƒ€ƒL‚Év@‹Ø“÷‚ª‚Â‚«‚â‚·‚¢‚±‚Æ‚Åƒƒ“ƒo[‚Æ‹¤Š´,https://news.yahoo.co.jp/articles/fbb89c4608d46c91502054a3182f0260d9f05bea,9/30(“y) 20:10
nshaberu,ƒjƒbƒ|ƒ“•ú‘—,“úŒüâ46 ¼“cD‰ÔA©g‚Ì•ƒ‚Ì’a¶“ú‚ğƒ‰ƒWƒI‚ÌŒöŠJû˜^ƒCƒxƒ“ƒg‚Åj•Ÿu‚±‚ê‚©‚ç‚à‚½‚­‚³‚ñƒlƒ^‚ğ’ñ‹Ÿ‚µ‚ÄiÎjv,https://news.yahoo.co.jp/articles/a2ed6f54eff7d843fe17c52b6f964cc693b3dff4,9/30(“y) 17:50
nshaberu,ƒjƒbƒ|ƒ“•ú‘—,R–{—RLA‹{é‘å–íAR‰ºw•½‘åA“ŒW•½A‚»‚µ‚ÄâV“¡‹¿‰î@‚È‚ºƒIƒŠƒbƒNƒX‚©‚çŸX‚Æ‚‘²“Šè‚ª‘ä“ª‚·‚é‚Ì‚©H,https://news.yahoo.co.jp/articles/23bd21c2c0330a85559fde038aa2131ac5bae218,9/30(“y) 17:20
nshaberu,ƒjƒbƒ|ƒ“•ú‘—,ƒTƒ“ƒhˆÉ’Bu“ˆŠÄ“ÂA“¡“cƒR[ƒ`A‚¢‚©‚ª‚Å‚µ‚å‚¤Hv ŒÃ‘ƒŠy“VƒC[ƒOƒ‹ƒX‚Ö‚Ì•œ‹A‚ğ”M–],https://news.yahoo.co.jp/articles/f36427e4f4c79a3ecd1ae7259b4d2c676ae745a7,9/30(“y) 14:55
nshaberu,ƒjƒbƒ|ƒ“•ú‘—,“úŒüâ46 ¼“cD‰ÔAƒOƒ‹[ƒv“à‚Å‚Ì©g‚Ì–³ˆÓ¯‚Ìg”[“¤‹°•|­¡h‚ğŒœ”OHu‚¿‚å‚Á‚Æ•|‚­‚È‚Á‚¿‚á‚Á‚Äccv,https://news.yahoo.co.jp/articles/033f9d810fb6b4086ef620c7ecfdf420dc62fa29,9/30(“y) 11:50
nshaberu,ƒjƒbƒ|ƒ“•ú‘—,ƒtƒ‚¿‚á‚ñAŒ20–œ‰~‚à‰p‰ï˜b‹³º‚É•¥‚¤‚ªg‰½‚à•×‹­‚¹‚¸hu©•ª‚Å‚àˆÓ–¡•ª‚©‚ñ‚È‚¢iÎjv,https://news.yahoo.co.jp/articles/4025fe2f7051f32dafe4ca57ab147f8ceffdc71e,9/30(“y) 11:45
nshaberu,ƒjƒbƒ|ƒ“•ú‘—,w’¾–Ù‚ÌŠÍ‘àx‘å‘ò‚½‚©‚¨Aƒ^ƒu[‚Éa‚è‚Ş”M‰‰‚ªŒõ‚é,https://news.yahoo.co.jp/articles/b23153805927083f7f3ad80b627e3a3f31c915fa,9/30(“y) 11:30
nshaberu,ƒjƒbƒ|ƒ“•ú‘—,“úŒüâ46 ¼“cD‰Ô•¬âØAwØA–•’ƒŒ™‚¢‚â‚Ë‚ñx”­Œ¾‚Ì^‘Š‚ğŒê‚éu–³Œ¾‚ÌŠÔ‚ª2ŠÔ‘±‚¢‚ÄcciÎjv,https://news.yahoo.co.jp/articles/44b01bc802549654764b3d7bf74cc5181d3a0a4b,9/29(‹à) 20:05
nshaberu,ƒjƒbƒ|ƒ“•ú‘—,Š¦RE“¾‚ª„‚É“`‚¦‚½ƒƒbƒZ[ƒW‚Íu”F‚ß‚ç‚ê‚é‚±‚Æ‚ğ‹‘”Û‚µA‹C•ª‚Å¶‚«‚Ä‚¢‚­v‚±‚Æ@”üp‰ÆE‰¡”ö’‰‘¥,https://news.yahoo.co.jp/articles/84ab426bdd395d3427b5257144e563af640f63f7,9/29(‹à) 19:50
nshaberu,ƒjƒbƒ|ƒ“•ú‘—,uŠé‹ÆŒ¸Å‚ª’Œv‚Æ‚¢‚¤‚±‚Æ‚Íu‚»‚êˆÈŠO‚Í‚â‚ç‚È‚¢v‚Æ‚¢‚¤‚±‚Æ@­•{‚ÌuV‚½‚ÈŒoÏ‘Îôv,https://news.yahoo.co.jp/articles/5e571ad24bdb1baae18e58ec6b6b888372615cd7,9/29(‹à) 18:55
nshaberu,ƒjƒbƒ|ƒ“•ú‘—,“úŒüâ46 ¼“cD‰Ôu‹°•|­¡‚İ‚½‚¢‚È‚±‚Æ‚É‚È‚Á‚Ä‚éHiÎjv@ƒƒ“ƒo[‚Ég‰B‚êƒtƒ@ƒ“h‚ª‘½‚¢ƒAƒCƒeƒ€‚ª”­Šo‚µ‹Á‚«,https://news.yahoo.co.jp/articles/866af09142ee8d57757adf786c3a7002680cec98,9/29(‹à) 18:50
nshaberu,ƒjƒbƒ|ƒ“•ú‘—,u‚¦‚ÁIH ‚¨‹›”ƒ‚¦‚È‚¢‚ñ‚Å‚·‚©Hv‰ª‘º—²j‚Ìg–LFh’¿“¹’†,https://news.yahoo.co.jp/articles/39e1b7485cccf0057cbbc9d46384c76e6945e981,9/29(‹à) 17:50
nshaberu,ƒjƒbƒ|ƒ“•ú‘—,‘–¯¶Šˆ‚©‚ç‚©‚¯—£‚ê‚Ä‚µ‚Ü‚Á‚Ä‚¢‚éŒ»İ‚Ì‹à—Z­ô,https://news.yahoo.co.jp/articles/58a9b122738e0a0b01d38c62f79655bf55072cbb,9/29(‹à) 17:45
nshaberu,ƒjƒbƒ|ƒ“•ú‘—,•¨—¬u2024”N–â‘èv@‰ğŒˆ‚Ì‚½‚ß‚Ìu2‚Â‚Ìƒ|ƒCƒ“ƒgv,https://news.yahoo.co.jp/articles/922f6229972ea557a373a6619e7f92a2cecdc5ff,9/29(‹à) 17:40
nshaberu,ƒjƒbƒ|ƒ“•ú‘—,—Õ‘‰ï10Œ20“ú¢W‚Ö@u‰ğUv‚Íu’´ˆÙŸŒ³vŒoÏ‘Îô‚ğ‘Å‚½‚Ë‚ÎŠÈ’P‚É‚Í‚Å‚«‚È‚¢,https://news.yahoo.co.jp/articles/f62bfe5026c400def7efa0edefc9c7fe5f9f9ea1,9/29(‹à) 17:35
nshaberu,ƒjƒbƒ|ƒ“•ú‘—,ƒuƒ‹[ƒ}ƒEƒ“ƒeƒ“‚ÍŸ‚¿“¤IH@UCCƒR[ƒq[ƒAƒJƒfƒ~[‚ÅóŒ±¶‚ÉÅ“K‚ÈƒR[ƒq[‚ÌŸ¹‚ê•û‚ğƒ‰ƒ“ƒpƒ“ƒvƒX‚ª’²¸II,https://news.yahoo.co.jp/articles/20827d326bcac0a648e5777a9e5d20d2a48cd54c,9/29(‹à) 15:00
nshaberu,ƒjƒbƒ|ƒ“•ú‘—,’†‘˜A‹x —·sæˆê”Ôl‹C‚Ì“ú–{@uƒI[ƒo[ƒc[ƒŠƒYƒ€v‚ÌŒœ”O,https://news.yahoo.co.jp/articles/6e5e0d4b75bb54c0a5dcd61a042fd9c4dc724c4d,9/29(‹à) 12:40
nshaberu,ƒjƒbƒ|ƒ“•ú‘—,”T–Øâ46 ‰ß‹Å‘å‹K–Í‚ÌƒAƒ“ƒ_[ƒ‰ƒCƒu ‘SŠ®”„,https://news.yahoo.co.jp/articles/0883e68cee2ec7550c48d955e9027c30531492a5,9/29(‹à) 12:25
nshaberu,ƒjƒbƒ|ƒ“•ú‘—,g‘¾‚è‚â‚·‚¢4ŠÔh‚ÌH–‚Í—v’ˆÓI ŠÇ—‰h—{m‚ª‰ğàA‘‰‚¹‚½‚¢l‚Ì‚½‚ß‚ÌH–p,https://news.yahoo.co.jp/articles/99235d88afaba5cfbc40e020d6358a0e64392f72,9/29(‹à) 12:00
nshaberu,ƒjƒbƒ|ƒ“•ú‘—,“ŒŠC“¹VŠ²ü‚Ìu‰w•Ùv‚ÍA‚Ç‚ÌÔ‘‹‚ÅH‚×‚é‚ÆÅ‚à”ü–¡‚µ‚¢‚Ì‚©H,https://news.yahoo.co.jp/articles/1bdc2aef65ffb3e18816e0f08038ccb7455e019f,9/29(‹à) 11:55
nshaberu,ƒjƒbƒ|ƒ“•ú‘—,EXITŒ“‹ßAwONE PIECExÊ‰ï‚Åg2ŠÔˆÈã–Ù‚Á‚Ä‚¢‚éƒŒƒA‚È‚³‚ñ‚Üh‚Æg‚»‚ÌŒã‚Éo‚½ˆêŒ¾h‚ÉŠ´“®,https://news.yahoo.co.jp/articles/cecc4f318c232569438b0a6fa3137748ff6f1210,9/29(‹à) 11:50
nshaberu,ƒjƒbƒ|ƒ“•ú‘—,‚à‚àƒNƒE‚é‚ê‚Éuw‚¤‚¿‚à‚»‚ÌHŠíg‚Á‚Ä‚Ü‚·Ix‚Á‚ÄƒRƒƒ“ƒg‚ªiÎjv©‘î‚ÌHŠí‚Ì‚±‚¾‚í‚è,https://news.yahoo.co.jp/articles/376107aff7a7d86c2f6ba81f64bbbd8dda8b8288,9/29(‹à) 11:45
nshaberu,ƒjƒbƒ|ƒ“•ú‘—,–k’©‘NuŠjí—Í‚“x‰»vŒ›–@‚É–¾‹L@“ú–{­•{‚ÍuˆâŠ¶‚¾v‚ÆŒ¾‚¤‚¾‚¯‚Å‚È‚­A‹ï‘Ì“I‚È–h‰q—Í‚ğ‘–¯‚É‚Ü‚¸Œ©‚¹‚Â‚¯‚é‚×‚«,https://news.yahoo.co.jp/articles/5753e1bd2a50eb4dc365bdc210938aee4a53ccc8,9/29(‹à) 11:35
nshaberu,ƒjƒbƒ|ƒ“•ú‘—,uÀ—‚¿v‚ÌƒƒŠƒbƒgEƒfƒƒŠƒbƒg@l‚Í‚Ç‚ñ‚ÈuÀv‚Éƒnƒ}‚é‚Ì‚©,https://news.yahoo.co.jp/articles/16724e0acdd04daf306aa35479df9555a6d586a1,9/29(‹à) 11:25
nshaberu,ƒjƒbƒ|ƒ“•ú‘—,‘åãEŒä“°‹Ø‚ÌH‚Ì–K‚ê@‹âˆÇ‚Ì‚É‚¨‚¢‚ª‚È‚­‚È‚è‚Â‚Â‚ ‚é@u‰½‚©‘ã‚¾‚æ‚Ëvh–V¡˜Y‚ªc”O‚ª‚é,https://news.yahoo.co.jp/articles/5a2e571030877aa43d716077c7c853c96e28ae73,9/28(–Ø) 19:20
nshaberu,ƒjƒbƒ|ƒ“•ú‘—,–ì“}A—Õ‘‰ï‚Ì‘Šú¢W—v‹‚Ö@u•â³—\Z‚Ì‚ ‚è•û‚ª–{—ˆ‚ÌˆÓ–¡‡‚¢‚©‚ç—£‚ê‚Ä‚«‚Ä‚¢‚évh–V¡˜Y‚ª‰ğà,https://news.yahoo.co.jp/articles/5616c13707f45ef7ce2fa8e15819d36f8bfbd67f,9/28(–Ø) 19:10
nshaberu,ƒjƒbƒ|ƒ“•ú‘—,ƒCƒ“ƒ{ƒCƒXA10Œ‚©‚ç“±“ü@uS—“I‚É–Ê“|‚­‚³‚¢B­•{‚Ì‚â‚è•û‚Í‰ºè‚¾v©‚ç‚à‘ÎÛÒ‚Ìh–V¡˜Y‚ªw“E,https://news.yahoo.co.jp/articles/df540accc0d2905e5ee58d1764443491e64b42a9,9/28(–Ø) 19:00
nshaberu,ƒjƒbƒ|ƒ“•ú‘—,ƒAƒtƒŠƒJ‚ğ–¡•û‚É•t‚¯‚é‚±‚Æ‚Ìu‘å‚«‚ÈˆÓ–¡v@ODA’²¸‚Å–K‚ê‚½ÂR”É°‹cˆõ‚ªŒ»ó‚ğ‰ğà,https://news.yahoo.co.jp/articles/51c549accd96f509575ca7f7e20377e0f50f562f,9/28(–Ø) 18:40
nshaberu,ƒjƒbƒ|ƒ“•ú‘—,‘š~‚è–¾¯E‚¹‚¢‚âA¥ˆ÷“Í‚ÌØl‚Í‘e•i•Œ©æ‚è}E·RuƒAƒjƒL‚İ‚½‚¢‚È‚Æ‚±‚ë‚ª‚ ‚év,https://news.yahoo.co.jp/articles/00de7032b6cab74b1cace91ae4896adbc6a64573,9/28(–Ø) 18:20
nshaberu,ƒjƒbƒ|ƒ“•ú‘—,COWCOW‘½“cAˆÉ¨’O•¿ƒX[ƒc‚ÌÌ—p”é˜b‚ğ–¾‚©‚·uM-1‚ÅgˆÉ¨’Oh‚ÆŒ¾‚Á‚½‚ªÎ‚¢‚Ìƒs[ƒN‚Å‚µ‚½v,https://news.yahoo.co.jp/articles/8e1118467e3801017b6ad40823e23143ecca0540,9/28(–Ø) 17:50
nshaberu,ƒjƒbƒ|ƒ“•ú‘—,…–“•a”F’è‘i×@‘‚Í’nÙ‚Ì’iŠK‚Å”»Œˆ‚ğó‚¯“ü‚ê‚Ä”…‚·‚é‚×‚«@ÂR”É°‹cˆõ‚ªŒ¾‹y,https://news.yahoo.co.jp/articles/8f729e94cc1c62b75140f2f8ae3c2ac966955af5,9/28(–Ø) 17:45
nshaberu,ƒjƒbƒ|ƒ“•ú‘—,•Ä­•{•Â½‚Ì‹°‚ê@ƒNƒŠƒ“ƒgƒ“­Œ ‘ã‚©‚çŒJ‚è•Ô‚³‚êŠµ‚ê‚Ä‚µ‚Ü‚Á‚Ä‚¢‚éˆê–Ê‚à@`—\Z‹¦‹c“ïq‚Å,https://news.yahoo.co.jp/articles/c1930701edba4416651f5333c7c35b50c4e82dc2,9/28(–Ø) 17:40
nshaberu,ƒjƒbƒ|ƒ“•ú‘—,©–¯“}‘Ù‘I‚ğu–³“Š•[Ä‘Iv‚É‚·‚é‚½‚ß‚É‚Íu‚¢‚Ü‰ğU‚·‚é‚µ‚©‚È‚¢v‚ªŠİ“c‘—‚Ì–{S@ÂR”É°‹cˆõ‚ªŒê‚é,https://news.yahoo.co.jp/articles/7e3d7732a71e5070e50880c767100aa4f729b305,9/28(–Ø) 17:35
nshaberu,ƒjƒbƒ|ƒ“•ú‘—,uÅû‘‚ğ‘–¯‚É“KØ‚ÉŠÒŒ³v‚Æ‚¢‚¤Šİ“c‘—@u‘–¯‚Ì‹‚ß‚ÆH‚¢ˆá‚Á‚Ä‚¢‚é‚±‚Æ‚ğŒª‹•‚Él‚¦‚È‚¯‚ê‚Î‚¢‚¯‚È‚¢vÂR”É°‹cˆõ‚ªw“E,https://news.yahoo.co.jp/articles/9c16ce62dee108ff3d4c8d2f2c19bdecac41d7f1,9/28(–Ø) 17:30
nshaberu,ƒjƒbƒ|ƒ“•ú‘—,u–é‚±‚»–{“–‚Ì©•ªB’‹ŠÔ‚Ì©•ª‚Ì‚Ü‚Ü€‚Ê‚ÆA©•ª‚ğ’m‚ç‚È‚¢‚Ü‚Ü€‚ñ‚Å‚µ‚Ü‚¤‚±‚Æ‚É‚È‚év@”üp‰ÆE‰¡”ö’‰‘¥,https://news.yahoo.co.jp/articles/e1dc9174e1c3d68ef7e3a7c09af79f25b3b380ac,9/28(–Ø) 17:25
nshaberu,ƒjƒbƒ|ƒ“•ú‘—,ƒƒVƒA•ŠCŠÍ‘à‚ª‘å‘ÅŒ‚‚ğó‚¯‚½‚±‚Æ‚ÅÄ‚Ñ•‚‚©‚ÔuŠj•ºŠíg—pv‚ÌŒœ”O,https://news.yahoo.co.jp/articles/2bffd5ced9741c2f410716680795dbea58b662af,9/28(–Ø) 11:55
nshaberu,ƒjƒbƒ|ƒ“•ú‘—,ƒ}ƒaƒ‰ƒu–ì“cATHE W—\‘IŒ‹‰Ê‚É˜_ug—‚¿‚½—«Œ|l‚ª‚Â‚Ü‚ç‚È‚¢h‚Å‚Í‚È‚¢v,https://news.yahoo.co.jp/articles/3669e04f610bc3cecc2892920707132794c581ff,9/28(–Ø) 11:50
nshaberu,ƒjƒbƒ|ƒ“•ú‘—,’†‘•ñ“¹Š¯‚ªu‘ä˜p“Æ—§•ª—ô¨—Í‚ğ’@‚­–Ú“Iv‚ÆŒ¾‚Á‚½u2‚Â‚Ì‘_‚¢v@‘ä˜pŠC‹¬ü•Ó‚Å’†‘ŒR‚ªŒR–‰‰K,https://news.yahoo.co.jp/articles/70a5b79272b5fa2a14386ac101affd518ce24dca,9/28(–Ø) 11:35
nshaberu,ƒjƒbƒ|ƒ“•ú‘—,ƒAƒ“ƒK[ƒ‹ƒYAƒg[ƒ^ƒ‹ƒeƒ“ƒ{ƒX‚â“úŒüâ46E¼“cD‰Ô‚©‚ç“Í‚¢‚½”Ô‘g100‰ñ‹L”OƒRƒƒ“ƒg‚ÉŠ´Ó,https://news.yahoo.co.jp/articles/6787556d078f6911af8ea4d0a0cff66221f6c402,9/28(–Ø) 11:30
nshaberu,ƒjƒbƒ|ƒ“•ú‘—,uÀ‚évuÀ—‚¿v‚È‚Ç‚Ì•\Œ»@‚¢‚Â‚©‚çg‚í‚ên‚ß‚½‚ÌH,https://news.yahoo.co.jp/articles/6ccc8baf943c21ca70cffd1cd5ee3fc37ae07e9f,9/28(–Ø) 11:25
nshaberu,ƒjƒbƒ|ƒ“•ú‘—,îà‹´‚Ğ‚©‚éu‘½•ªƒŠƒXƒi[‚Ì¨‚ª’É‚©‚Á‚½‚©‚ÆcciÎjv‰ß‹3‰ñ‚ÌwƒI[ƒ‹ƒiƒCƒgƒjƒbƒ|ƒ“xƒp[ƒ\ƒiƒŠƒeƒB‚ğ‰ñ‘z,https://news.yahoo.co.jp/articles/3035dca1e2eb04632127dbb2612af3de5e3b256f,9/27(…) 19:25
nshaberu,ƒjƒbƒ|ƒ“•ú‘—,u”Nû130–œ‰~‚Ì•Çv‚ÍŠÈ’P‚É‰ğŒˆ‚Å‚«‚é@‚‹´—mˆê‚ª‰ğà,https://news.yahoo.co.jp/articles/fd8b26700fd75097d1e1a5edffcab16291e1c74a,9/27(…) 19:20
nshaberu,ƒjƒbƒ|ƒ“•ú‘—,–ƒ¶AŒö–¾Š²•”‚ğu‚ª‚ñv‚Æ”á”»@RŒû‘ã•\‚Í”½‰”–‚­@u˜A—§‚Ì‘I‘ğˆ‚É‚Í‘–¯‚àˆÛV‚à‚ ‚éB–‚ğr—§‚Ä‚½‚­‚È‚¢‚©‚çvh–V¡˜Y‚ª——R‚ğ‰ğà,https://news.yahoo.co.jp/articles/73a435e1de0d89fae9e6edba39e91f91127dd02b,9/27(…) 19:15
nshaberu,ƒjƒbƒ|ƒ“•ú‘—,—·s—\–ñƒTƒCƒg‚Åƒgƒ‰ƒuƒ‹‘@s‚Á‚Ä‚İ‚½‚çh‚ª‚È‚¢I@’¹ŠC‚‘¾˜N‚ª”wŒi‚ğ‰ğà,https://news.yahoo.co.jp/articles/3d08ad38a92bed9f48693ae637b232abe8b42950,9/27(…) 18:15
nshaberu,ƒjƒbƒ|ƒ“•ú‘—,ƒCƒ“ƒ{ƒCƒX§“x‚ğ‹@‚ÉuÁ”ïÅ•ª‚ğƒIƒ“‚µ‚½‚à‚Ì‚ğ“°X‚Æ¿‹‚Å‚«‚év‚Æ‚¢‚¤‘¤–Ê‚à‚ ‚é@‚‹´—mˆê‚ª˜_‚ğ“WŠJ,https://news.yahoo.co.jp/articles/568609e24091dd288ccb426f388a7da3235154af,9/27(…) 18:00
nshaberu,ƒjƒbƒ|ƒ“•ú‘—,Œ—áŒoÏ•ñuù‹‹ƒMƒƒƒbƒv‚ªƒvƒ‰ƒX‚É“]‚¶‚½v‚Í‰R‚Å‚ ‚é@‚»‚Ì——R‚ğ‚‹´—mˆê‚ª‰ğà,https://news.yahoo.co.jp/articles/04b5eb7a1142d8db56b3352fd1944311fc9daf34,9/27(…) 17:55
nshaberu,ƒjƒbƒ|ƒ“•ú‘—,²‹vŠÔés•ƒg[ƒ^ƒ‹ƒeƒ“ƒ{ƒXAM-1‚ÌƒgƒŒƒ“ƒh•Ï‰»‚ğŒê‚éu‹Zpv¨u°v¨uƒXƒg[ƒŠ[v,https://news.yahoo.co.jp/articles/6a543a3c11fe1da3065388a3eea0b656c9a744e9,9/27(…) 17:45
nshaberu,ƒjƒbƒ|ƒ“•ú‘—,ƒŠ[ƒ}ƒ“ƒVƒ‡ƒbƒN‚©‚ç15”N@’¼Œ‚’e‚ğó‚¯‚È‚©‚Á‚½‚É‚àŠÖ‚í‚ç‚¸A‚È‚º“ú–{ŒoÏ‚Í¬—‚µ‚½‚Ì‚©@‚‹´—mˆê‚ª‰ğà,https://news.yahoo.co.jp/articles/ebd6f9370bd546beee374da4a99ecd208e1c826a,9/27(…) 17:40
nshaberu,ƒjƒbƒ|ƒ“•ú‘—,K‹ß•½‚ªuŒÇ—§–³‰‡v‚ÌAPEC‚ÉoÈ‚µ‚È‚¯‚ê‚Î‚È‚ç‚È‚¢’†‘‚ÌuŒoÏ“I‚È–îv,https://news.yahoo.co.jp/articles/da6cb458840ce1d6879fcb1cfcdeb2d5fc48e48f,9/27(…) 17:35
nshaberu,ƒjƒbƒ|ƒ“•ú‘—,g“à•ÙŒch‚ÌK‹ß•½ u“ú’†ŠØñ”]‰ï’kvoÈ‚Ì•ûŒü‚©@‚»‚Ìv˜f‚ğ‚‹´—mˆê‚ª•ªÍ,https://news.yahoo.co.jp/articles/2da368a863ffe8ee8214d3f9ecd33412741d9063,9/27(…) 17:30
nshaberu,ƒjƒbƒ|ƒ“•ú‘—,–²‚Íu1ŒÂ‚Åd‚³1ƒLƒv‚Ì‚É‚ñ‚É‚­ûŠn@ŒF–{–¼•¨u‚¨‚®‚É‚ñ‚É‚­v’a¶‚Ì”wŒi,https://news.yahoo.co.jp/articles/bc12c16ecb075781528e3bb622cbb531c4998e14,9/27(…) 17:20
nshaberu,ƒjƒbƒ|ƒ“•ú‘—,MoMAuƒsƒJƒ\“Wv‚Å‹­‚¢Œ[¦‚ğó‚¯AƒOƒ‰ƒtƒBƒbƒN‚©‚çŠG‰æ‚É@‰¡”ö’‰‘¥,https://news.yahoo.co.jp/articles/9bcf996456c6c15271780c43fceccb0620c77b7d,9/27(…) 17:15
nshaberu,ƒjƒbƒ|ƒ“•ú‘—,Ši“¬‰ÆE•yàV‘å’qAƒvƒ–ì‹…‘Iè‚ğ–Úw‚µ‚½‚Z‘ã‚ÉŠw‚ñ‚¾l¶ŒP‚Æ‚Í,https://news.yahoo.co.jp/articles/555bd6543888947c1477ff22ae79edf7f7eabc2b,9/27(…) 17:05
nshaberu,ƒjƒbƒ|ƒ“•ú‘—,“ŒŠC“¹VŠ²ü‚ÅuÔ“àƒƒSƒ“”Ì”„v‚ªI‚í‚èA‰w‚Ì”„“X‚ª‹­‰»‚³‚ê‚é”wŒi‚Æ‚ÍH,https://news.yahoo.co.jp/articles/fe3673b10ef55c84fddc0f4ede19201445d59809,9/27(…) 11:55
nshaberu,ƒjƒbƒ|ƒ“•ú‘—,ƒI[ƒhƒŠ[uŠF‚³‚ñ‚Ì‹C‚¿‚ª–{“–‚É‚ ‚è‚ª‚½‚¢v “Œ‹ƒh[ƒ€ƒ‰ƒCƒuƒ`ƒPƒbƒg\ó‹µ‚ÉŠ´Ó,https://news.yahoo.co.jp/articles/7a183f3ee89a9aaf8cdd133fd68218cf5107824f,9/27(…) 11:50
nshaberu,ƒjƒbƒ|ƒ“•ú‘—,‚à‚àƒNƒE‹ÊˆäDA‰‚ß‚ÄƒSƒ‹ƒt‚Ì–{ƒR[ƒX‚É@‚é‚ê‚Éu‹Êˆä‰Æ‚İ‚ñ‚È‘µ‚Á‚ÄƒSƒ‹ƒt‚µ‚Ä‚¢‚é‚Ì‚ª‰Âˆ¤‚¢‚ÈiÎjv,https://news.yahoo.co.jp/articles/40672c001c51c054d552f8a43fc56062262462ef,9/27(…) 11:45
nshaberu,ƒjƒbƒ|ƒ“•ú‘—,–ƒ¶•›‘Ù‚ÌŒö–¾“}Š²•”u‚ª‚ñv”­Œ¾‚ÍŒö–¾“}‚Ö‚ÌŒ¡§‹…‚Ì1‚Â‚©@‚‹´—mˆê‚ªŒ¾‹y,https://news.yahoo.co.jp/articles/4a1865d501ee432e1bad31937c13e80fe8ca3bf9,9/27(…) 11:35
nshaberu,ƒjƒbƒ|ƒ“•ú‘—,ƒAƒ“ƒK[ƒ‹ƒY“c’†uŠïÕ“I‚É•‚©‚Á‚½v ˆ¤Ô‚ÌƒWƒƒƒK[‚ğ‹~‚Á‚½JAF‚Ìg_‘Î‰h‚ÉŠ´Ó,https://news.yahoo.co.jp/articles/a761a075480515a501f852cab432368b296c952b,9/27(…) 11:30
nshaberu,ƒjƒbƒ|ƒ“•ú‘—,u‹¾Àv‚ÉŒ»‚ê‚éuƒhƒ‰ƒSƒ“ƒAƒCv@‚È‚º‚±‚ñ‚ÈŒ`‚É‚È‚é‚ÌH,https://news.yahoo.co.jp/articles/f151271f26f801430ed7d6b6975dce7818f6e4bc,9/27(…) 11:25
nshaberu,ƒjƒbƒ|ƒ“•ú‘—,uĞ‰ï‚Ég”F‚ß‚ç‚ê‚½‚­‚È‚¢h‚Æ‚¢‚¤‹C‚¿v‚ğ‚¿‘±‚¯‚é‚±‚Æ‚ª‘å–@”üp‰ÆE‰¡”ö’‰‘¥,https://news.yahoo.co.jp/articles/1290cb1fa36c78fd2a2fb21e9c2ccf96f5696dfa,9/26(‰Î) 19:30
nshaberu,ƒjƒbƒ|ƒ“•ú‘—,ƒAƒƒŠƒJ‚ÆƒCƒ‰ƒ“‚ªu•ß—¸ŒğŠ·v@u—‚Æ‚µ‚Ç‚±‚ë‚ğ’T‚Á‚½Œ‹‰Êvê–å‰Æ‚ª—¼‘‚ÌŒğÂ”wŒi‚ğ‰ğà,https://news.yahoo.co.jp/articles/8fc2b0d9cea63ed085edeaaa6f446dad4dbcf62f,9/26(‰Î) 19:05
nshaberu,ƒjƒbƒ|ƒ“•ú‘—,u”Nû‚Ì•Çv‘ÎôA10Œ‚©‚ç@u•¨‰¿‚‚É‡‚í‚¹Aƒ{[ƒ_[ƒ‰ƒCƒ“‚Ì‹àŠz‚ğ•Ï‚¦‚é‚×‚«‚¾vh–V¡˜Y‚ª‹êŒ¾,https://news.yahoo.co.jp/articles/c424039d3d712433cab9308d2093a454ccc0d9d2,9/26(‰Î) 18:50
nshaberu,ƒjƒbƒ|ƒ“•ú‘—,h–V¡˜YA‰‚Ì“V‚Õ‚çì‚è‚Å‘å¸”s@uˆß‚ªƒVƒƒƒ{ƒVƒƒƒ{‚ÉcvƒŠƒxƒ“ƒW¾‚¤,https://news.yahoo.co.jp/articles/d148b2d840258cc43ea4c751200fa85e73cebb78,9/26(‰Î) 18:30
nshaberu,ƒjƒbƒ|ƒ“•ú‘—,‘ŠÈƒXƒ^[ƒg R“YŠ°A‘Š•ûERí•ƒPƒC‚Ö‚ÌoYj‚¢‚ğ‚¢‚Ü‚¾‘¡‚ç‚¸uƒ‚ƒm‚â‚¨‹à‚¶‚á‚È‚¢‚ÆŠ´‚¶æ‚ê‚È‚¢‚Á‚Ä‚±‚Æ‚Å‚·‚©Hv,https://news.yahoo.co.jp/articles/654b6ef07c2aadd0c995e06af47a0295a4ec0c88,9/26(‰Î) 18:20
nshaberu,ƒjƒbƒ|ƒ“•ú‘—,‘åãEŠÖ¼–œ”‚Ì’x‚ê‚ÌƒlƒbƒN‚Íulè•s‘«v‚ÆuŠe‘‚Æ‚Ì˜AŒg‚Ìˆ«‚³v‚É‚ ‚é,https://news.yahoo.co.jp/articles/3e3e64ae48e93a65c617ccd9752acfc33fb5737f,9/26(‰Î) 17:50
nshaberu,ƒjƒbƒ|ƒ“•ú‘—,ƒoƒCƒfƒ“‘å“—Ì‚ÌÄ‘I‚ğ‹º‚©‚·‘æ3­“}uƒm[ƒŒ[ƒxƒ‹ƒYv‚Ì‘¶İ,https://news.yahoo.co.jp/articles/05bf8a196cd945e7e33721cc065663247061f820,9/26(‰Î) 17:45
nshaberu,ƒjƒbƒ|ƒ“•ú‘—,Šİ“c‘—A10Œ––‚Ü‚Å‚ÉŒoÏ‘Îô‚ğ’ño‚µ‚Äu11Œ‰ğUv‚©,https://news.yahoo.co.jp/articles/8f2a63e930128d877b39f09caa9c32f99b21011f,9/26(‰Î) 17:40
nshaberu,ƒjƒbƒ|ƒ“•ú‘—,•Äu­•{•Â½v‚Ì‰Â”\«@—\Z‚ğ‹‘â‚·‚é‹¤˜a“}‹­d”h‚Ì‘_‚¢‚ÍH,https://news.yahoo.co.jp/articles/18f8239d70ef76a56ff9e99b4fc665d0524b4475,9/26(‰Î) 17:35
nshaberu,ƒjƒbƒ|ƒ“•ú‘—,•ÄFOMCA”N“àu‚à‚¤1‰ñv’Ç‰Á—˜ã‚°‚ğ¦´@“ú•Ä‚Ì‹à—˜Ši·‚©‚ç‰~ˆÀ‚ªi‚Ş,https://news.yahoo.co.jp/articles/e6a0978ff718fd00d66726a7fb83d76f594972ed,9/26(‰Î) 17:30
nshaberu,ƒjƒbƒ|ƒ“•ú‘—,ƒA[ƒeƒBƒXƒeƒBƒbƒNƒXƒCƒ~ƒ“ƒOE¬’JÀ‰Âq@¢ŠEƒ}ƒXƒ^[ƒY3Š¥”é˜b,https://news.yahoo.co.jp/articles/8046ffbd7afb0b214ee46672bbfaf63039477e64,9/26(‰Î) 14:59
nshaberu,ƒjƒbƒ|ƒ“•ú‘—,ƒRƒƒi–³—¿ŒŸ¸‚Ì•s³\¿280‰­‰~@u•XR‚ÌˆêŠpvh–V¡˜Y‚ªw“E,https://news.yahoo.co.jp/articles/f4104e0920a9ea46b1e4bdc3040e67ba22766e9e,9/26(‰Î) 11:55
nshaberu,ƒjƒbƒ|ƒ“•ú‘—,JO1”’Šâ—Ú•PA–Ø‘SãÄ–ç‚Ì— ‘¤‚Å‚Ìp‚ğ–¾‚©‚·uƒJƒƒ‰‰ñ‚Á‚Ä‚È‚¢‚ñ‚Å‚·‚æIHv,https://news.yahoo.co.jp/articles/f5af2a795c277871edd063b8f661893f779bfd23,9/26(‰Î) 11:50
nshaberu,ƒjƒbƒ|ƒ“•ú‘—,ƒ}ƒaƒ‰ƒuAƒ_ƒCƒ„ƒ‚ƒ“ƒh–ìàV‚ÌƒVƒ‰ƒP‚é‚Ù‚ÇƒXƒS‚¢“Á‹Z‚Éu‘S•”“Ç‚ß‚é‚ñ‚¾Hv,https://news.yahoo.co.jp/articles/af1ba3bb8e53a56cb5f0005b4f4b9dc97ef65c8e,9/26(‰Î) 11:45
nshaberu,ƒjƒbƒ|ƒ“•ú‘—,ŸNâ46 X“c‚Ğ‚©‚éu‚Ç‚ñ‚È•û‚ªŒ©‚Ä‚à•·‚¢‚Ä‚àˆá‚¤‰ğß‚Åó‚¯æ‚Á‚Ä‚à‚ç‚¦‚é‚Æv‚¤v@7thƒVƒ“ƒOƒ‹w³”F—~‹xMVŒöŠJ,https://news.yahoo.co.jp/articles/78770224246d1f57304340c697fdff57d9e9fc9a,9/26(‰Î) 11:40
nshaberu,ƒjƒbƒ|ƒ“•ú‘—,‰ß‹‚É’†‘‚ÅS‘©‚Ì“ú–{l‚ªŒê‚é­•{‚É‹‚ß‚é‘Î‰u¡‚ğ“¦‚·‚Æƒ`ƒƒƒ“ƒX‚ª‚È‚¢BŠO–±‘ŠƒNƒ‰ƒX‚Å‚Í˜b‚É‚È‚ç‚¸AƒŠ[ƒ_[‚ª’¼’k”»‚ğv@`’†‘‚ª“ú–{l’j«‚ğƒXƒpƒC—e‹^‚ÅŒY–S—¯,https://news.yahoo.co.jp/articles/83caeb8206f832bfa061b14a36a643d6c76e41c7,9/26(‰Î) 11:40
nshaberu,ƒjƒbƒ|ƒ“•ú‘—,`‚Å‚ÍŠO‘l‚Ì•ÙŒìm‚ğŒÙ‚¦‚È‚¢u‘‰ÆˆÀ‘SvŠÖ˜A‚Å‚Ì‹N‘i@`u–ì‘ºHD`Š²•”v‚ªo‘‹Ö~‚©,https://news.yahoo.co.jp/articles/c770d5787f7235217688a3d6aea202a8954175a7,9/26(‰Î) 11:30
nshaberu,ƒjƒbƒ|ƒ“•ú‘—,ŒÜFÀ‚ÌuÔÀv‚ÍA‚È‚ºƒOƒŠ[ƒ“‚È‚Ì‚É–¼‘O‚ªuÔv‚È‚ÌH,https://news.yahoo.co.jp/articles/b1ff6b61b7b6c5f16c41a57900275df15fa39d88,9/26(‰Î) 11:25
nshaberu,ƒjƒbƒ|ƒ“•ú‘—,–œ”Œšİ”ïA2300‰­‰~‚ÌŒ©’Ê‚µ@2“x–Ú‚Ì‘Šz@u—\Z‚ÍÅ‰‚Éƒh[ƒ“‚Æ‚Ô‚¿ã‚°AˆÀ‚­û‚Ü‚Á‚½‚Ù‚¤‚ª‚¢‚¢vh–V¡˜Y‚ª‹êŒ¾,https://news.yahoo.co.jp/articles/bbee8e376c058e26af8345debb002fca974cea55,9/26(‰Î) 11:15
nshaberu,ƒjƒbƒ|ƒ“•ú‘—,“Œo¹‘åA‚Ğ‚ë‚ä‚«‚Æ‚Æ‚à‚ÉŒğ’Ê–ŒÌ‚É‘˜‚¤‚àuŠïÕ“I‚É‰ö‰ä‚Í‚È‚©‚Á‚½v@‘å–ŒÌ‚ÌŒ»ê‚ğU‚è•Ô‚é,https://news.yahoo.co.jp/articles/fc6baef8c2270923f29e925767ea70beffe5e5b1,9/25(Œ) 17:05
nshaberu,ƒjƒbƒ|ƒ“•ú‘—,EXIT‚ªŠÂ‹«–â‘è‚ğl‚¦AƒAƒNƒVƒ‡ƒ“‚ğ’ñˆÄ@`]ç³‘½A’m‰Ô‚­‚ç‚çAHY V—¢‰p”VAƒRƒRƒŠƒR “c’†’¼÷‚Æ‚Æ‚à‚É,https://news.yahoo.co.jp/articles/ce205a1d0b4c6b56bb6e8f7760ca1f2df936a5c8,9/25(Œ) 16:30
nshaberu,ƒjƒbƒ|ƒ“•ú‘—,“Œ‹E–¼ŒÃ‰®E‘åã‚Ì3‹’“_‚Åì‚ç‚ê‚é“ŒŠC“¹VŠ²ü‚Ìu‰w•ÙvA‚»‚Ì‚±‚¾‚í‚è‚Æ‚ÍH,https://news.yahoo.co.jp/articles/f1a693f794b6c93459d0987edb4b41185479a6dc,9/25(Œ) 11:55
nshaberu,ƒjƒbƒ|ƒ“•ú‘—,ƒtƒ‚¿‚á‚ñA–Š–ì’qÍ‚©‚ç‰·‚©‚¢ƒRƒƒ“ƒg‚ª“Í‚­‚àˆÙ—á‚Ìg‚â‚è’¼‚µh‚ğƒŠƒNƒGƒXƒgu‚¢‚Â‚à‚Ìg–Š–ìƒ‚[ƒhh‚Å‚¢‚«‚Ü‚µ‚å‚¤v,https://news.yahoo.co.jp/articles/0a910f8fdf39822ebd0549f69c870912071e9f2d,9/25(Œ) 11:50
nshaberu,ƒjƒbƒ|ƒ“•ú‘—,R“c—T‹Mu–Ú‚Ì‘O‚ÉA¼–{‚³‚ñ‚ª‚¢‚Ü‚·Ivg“ah‚ÌƒTƒvƒ‰ƒCƒYo‰‰‚É“®—h,https://news.yahoo.co.jp/articles/4e6707ed5ef713c8053de23d62aed835c95a016e,9/25(Œ) 11:45
nshaberu,ƒjƒbƒ|ƒ“•ú‘—,“úŒüâ46@2ndƒAƒ‹ƒoƒ€‚ÌVƒA[ÊŒöŠJ@ƒAƒ‹ƒoƒ€ƒŠ[ƒh‹È‚ÌƒZƒ“ƒ^[‚ÍƒLƒƒƒvƒeƒ“‚Ì²X–Ø‹v”ü,https://news.yahoo.co.jp/articles/901b16677e99a4412faa98546a523b1cd6b72212,9/25(Œ) 11:43
nshaberu,ƒjƒbƒ|ƒ“•ú‘—,ŸNâ46E7thƒVƒ“ƒOƒ‹w³”F—~‹xMUSIC VIDEOA9Œ25“ú22ŒöŠJI,https://news.yahoo.co.jp/articles/eb9352237422da974ba744e5f6e674c9f41670ca,9/25(Œ) 11:30
nshaberu,ƒjƒbƒ|ƒ“•ú‘—,–¼‘O‚ÍuÀv‚È‚Ì‚ÉA•ª—Ş‚ÍuŒÎv‚É‚È‚éêŠ‚Á‚Ä‚Ç‚±H,https://news.yahoo.co.jp/articles/32ee6dde862fae143e0467e7aacdb145e783017a,9/25(Œ) 11:25
nshaberu,ƒjƒbƒ|ƒ“•ú‘—,uƒTƒbƒJ[‘Iè‚É‚Íccv@–{•ÀŒ’¡A—c‚¢–º‚Ìu«—ˆv‚ÉŠÖ‚·‚é•¡G‚ÈS‹«,https://news.yahoo.co.jp/articles/30fc9273e02124499c7fb420482f34e13b9beafd,9/25(Œ) 10:19
nshaberu,ƒjƒbƒ|ƒ“•ú‘—,uâV“¡”ò’¹ ‘²‹ÆƒRƒ“ƒT[ƒgvBlu-ray•DVD@ƒWƒƒƒPƒbƒgÊ^ŒöŠJ,https://news.yahoo.co.jp/articles/db8ed3fa268d620d736ff07075072816acf427dc,9/25(Œ) 0:42
nshaberu,ƒjƒbƒ|ƒ“•ú‘—,ŸNâ46 ˆäã—œ–¼&Kãä—¢”TAgƒAƒCƒhƒ‹À‰Æ‚ ‚é‚ ‚éh‚Éu‚±‚ê‚àˆ¤‚¾‚æ‚Ëvu‚ ‚è‚ª‚½‚¢v,https://news.yahoo.co.jp/articles/0987664f2792712bbb95086ab6471f574490be96,9/24(“ú) 22:50
nshaberu,ƒjƒbƒ|ƒ“•ú‘—,‚ ‚ÌA¬âÖç–L‚©‚ç‚©‚¯‚ç‚ê‚½Œ¾—t‚É‘åŠ´Œƒuƒ}ƒW—‰ğÒIvu‚¤‚ê‚µ‚©‚Á‚½‚ÌIv,https://news.yahoo.co.jp/articles/3830b77901ff31889c42aabeeda9a2a40d5f06c7,9/24(“ú) 12:20
nshaberu,ƒjƒbƒ|ƒ“•ú‘—,—Î‰©FĞ‰ïE’·‰®°qu“ú–{‚Å‚Í­‚È‚ß‚È‚ñ‚Å‚·‚Á‚Äv MBTIf’f‚ÌŒ‹‰Ê‚ğ–¾‚©‚·,https://news.yahoo.co.jp/articles/8e7ab910e0f187ceefff20a62ee516f1179635f1,9/24(“ú) 12:15
nshaberu,ƒjƒbƒ|ƒ“•ú‘—,‚İ‚¿‚å‚Ïu‘S•”©•ª‚Ì•‚È‚Ì‚æv ‘å•¨ƒZƒŒƒuƒ^ƒŒƒ“ƒg‚ÌƒI[ƒ‰ƒ‹ƒPƒA‚É‹Á‚«,https://news.yahoo.co.jp/articles/c4c2bfc8113396d200e11c3d39bdefb2ba784d16,9/24(“ú) 11:50
nshaberu,ƒjƒbƒ|ƒ“•ú‘—,ƒtƒ‚¿‚á‚ñAƒAƒ“ƒ~ƒJ‚É—U‚í‚êwULTRA JAPANx‚És‚­‚àInƒAƒEƒF[ó‘Ôu‚¸‚Á‚Æ…‚ğˆù‚ñ‚Å‚½iÎjv,https://news.yahoo.co.jp/articles/2438376db82500c037ac5ffc57f09d6d458a7388,9/24(“ú) 11:45
nshaberu,ƒjƒbƒ|ƒ“•ú‘—,”T–Øâ46 ‹v•Ûj—¢u‰ª‘º‚³‚ñ‚Æ„‚Í‚¨‰ï‚¢‚µ‚½‚¢Iv g“V‚Õ‚ç‰®‚³‚ñh‚Å‚Í‚È‚¢ƒiƒCƒiƒC‰ª‘º—²j‚Æ‚Ì‹¤‰‰‚ğØ–],https://news.yahoo.co.jp/articles/859276bcd59fc359e34b9eeab97b46ef535e91e6,9/24(“ú) 11:40
nshaberu,ƒjƒbƒ|ƒ“•ú‘—,“úŒüâ46 ¼“cD‰Ô‚ª‘åŠì‚ÑI ‰Á“¡j”¿‚Æ¬âØ‚Ìg‚ ‚´‚Æ‚©‚í‚¢‚¢QŒ¾h‚Éu‚â‚Á‚Ä‚«‚Ä—Ç‚©‚Á‚½Iv@`w“úŒüâ46¼“cD‰Ô‚Ì“úŒüâ‚Z•ú‘—•”xŒöŠJû˜^ƒCƒxƒ“ƒgƒŒƒ|[ƒgƒ‘O•Ò„,https://news.yahoo.co.jp/articles/b6fd5eaf657b6b7b328b7d23265f2209547aac1f,9/23(“y) 22:28
nshaberu,ƒjƒbƒ|ƒ“•ú‘—,‚İ‚¿‚å‚ÏA•vE‘å‘qm–å‚Ì’í‚Ì“X‚ğé“`‚µ‚½ƒtƒWƒ‚ƒ“‚ÉŠ´Óu—D‚µ‚¢‚È‚Ÿ‚Á‚Äv,https://news.yahoo.co.jp/articles/9c21e57f0291266f6d5e4ea1346abfc1d18d0cac,9/23(“y) 17:50
nshaberu,ƒjƒbƒ|ƒ“•ú‘—,À‚Íƒ‹[ƒ‹‚·‚çŠo‚¦‚Ä‚¢‚È‚©‚Á‚½H ƒTƒ“ƒhƒEƒBƒbƒ`ƒ}ƒ“‚ªƒ‰ƒOƒr[“ú–{‘ã•\‚Ì”sˆö‚ğ•ªÍ u‚»‚ñ‚È“z‚ç‚ªŒê‚é‚È‚Á‚Ä˜b‚È‚ñ‚Å‚·‚¯‚ÇccvˆÉ’B‚ª–ÒÈ,https://news.yahoo.co.jp/articles/31f51a59bc9a5e5b8b21d24eae67a615c7f14d6b,9/23(“y) 13:25
nshaberu,ƒjƒbƒ|ƒ“•ú‘—,wƒWƒ‡ƒ“EƒEƒBƒbƒNFƒRƒ“ƒZƒNƒGƒ“ƒXxƒLƒAƒkEƒŠ[ƒuƒXå‰‰Aƒmƒ“ƒXƒgƒbƒvEƒLƒŠƒ“ƒOƒAƒNƒVƒ‡ƒ“,https://news.yahoo.co.jp/articles/eb6edbbc1c7ba208b30ff51f6382c7846fead36f,9/23(“y) 11:30
nshaberu,ƒjƒbƒ|ƒ“•ú‘—,‘š~‚è–¾¯E‚¹‚¢‚âAŒ‹¥‚ğ¶•ñu„‚¹‚¢‚âAŒ‹¥‚¢‚½‚µ‚Ü‚µ‚½[Iv,https://news.yahoo.co.jp/articles/140cc3ea819b51008ce5aed25bbf5e4a34a43ea2,9/23(“y) 2:29
nshaberu,ƒjƒbƒ|ƒ“•ú‘—,‰¡”ö’‰‘¥‚ªuŠ¦RE“¾v‚ğ•`‚±‚¤‚Æv‚Á‚½uƒA[ƒeƒBƒXƒg‚Æ‚µ‚Ä‚Ì——Rv,https://news.yahoo.co.jp/articles/9b8882202b9ceb456f6d6c02db5580b2b7f48686,9/22(‹à) 18:50
nshaberu,ƒjƒbƒ|ƒ“•ú‘—,u20’›‰~‹K–Í‚Ìà­o“®v‚ğs‚¢A‚»‚ê‚ğŒÄ‚Ñ…‚É‚µ‚Ä–¯ŠÔù—v‚ğŠg‘å‚³‚¹‚é‚×‚«,https://news.yahoo.co.jp/articles/4677ff9b90ee3ac3d5450de34c367d181f164352,9/22(‹à) 18:05
nshaberu,ƒjƒbƒ|ƒ“•ú‘—,“ú‹â‚¾‚¯‚Ì—Í‚Å‚Íu­ô³í‰»v‚·‚é‚±‚Æ‚Í‚Å‚«‚È‚¢@{“cTˆê˜Y‚ªw“E,https://news.yahoo.co.jp/articles/30de7b81c31872442efbffc3556a289cbf299106,9/22(‹à) 17:45
nshaberu,ƒjƒbƒ|ƒ“•ú‘—,ƒAƒ[ƒ‹ƒoƒCƒWƒƒƒ“ŒR‚ªŸ—˜‚µ‚½‚±‚Æ‚Å•ŠCü•Ó‚Ìu’nˆæ‘å‘v‚Æ‚µ‚Ä‘¶İŠ´‚ğ‘‚·ƒgƒ‹ƒR,https://news.yahoo.co.jp/articles/86168efb51c6d7bc17d9ba28d49e5fdcf1777d6c,9/22(‹à) 17:40
nshaberu,ƒjƒbƒ|ƒ“•ú‘—,Šİ“c­Œ ‚ÌuV‚µ‚¢‘–{å‹`v‚Í“Š‘‚ğŒÄ‚Ñ‚ñ‚ÅŠ”‰¿‚ğ‚³‚ç‚Éã‚°‚é‚±‚Æ‚È‚Ì‚©H,https://news.yahoo.co.jp/articles/3b106662682b2b5f17d8807cfc85ed7350ef1b57,9/22(‹à) 17:35
nshaberu,ƒjƒbƒ|ƒ“•ú‘—,•Ä˜I’†‚ª‚»‚ê‚¼‚êƒEƒB[ƒNƒ|ƒCƒ“ƒg‚ğ•ø‚¦Au‘½ãv‚Æ‚È‚Á‚Ä‚¢‚é¢ŠEî¨,https://news.yahoo.co.jp/articles/0a4e420e7850ee7240ac69f5179ff74bb346fa20,9/22(‹à) 17:30
nshaberu,ƒjƒbƒ|ƒ“•ú‘—,‚Ü‚ñ‚ª‚Æ‹óŠÔƒfƒUƒCƒ“‚ğŒ|‘å‚ÅŠw‚ÔIH@_ŒËŒ|pH‰È‘åŠw‚ÌŠw¶‚Æƒ‰ƒ“ƒpƒ“ƒvƒX‚ªÀ’k‰ïI,https://news.yahoo.co.jp/articles/8380a1e0bf2eacb4ac9d7af0e9dffda1289d8b4c,9/22(‹à) 15:00
nshaberu,ƒjƒbƒ|ƒ“•ú‘—,‚³‚âAƒRƒ“ƒr‚ÌgƒrƒWƒlƒX•s’‡àh‚Ì^À–¾‚©‚·u‚Ù‚ñ‚Ü‚É‰½‚ğ‹^‚Á‚Ä‚¢‚é‚ÌHv,https://news.yahoo.co.jp/articles/e588aa19c0889d068b29e5fd0e9f7e513d993c0c,9/22(‹à) 12:10
nshaberu,ƒjƒbƒ|ƒ“•ú‘—,“ŒŠC“¹VŠ²ü•iì‰wŠJ‹Æ20”NI@u•iìŠL‚Ã‚­‚µv‚Í‚Ç‚¤‚â‚Á‚Ä‚Å‚«‚½‚Ì‚©H,https://news.yahoo.co.jp/articles/96c9323c0a200e62bc0bcb1fe41041c33f355c16,9/22(‹à) 11:55
nshaberu,ƒjƒbƒ|ƒ“•ú‘—,EXITŒ“‹ßA‚è‚ñ‚½‚ë[B‚ÌŒ‹¥®“ñŸ‰ï‚Åuƒ\ƒbƒR[‚Å‹A‚Á‚½iÎjv‰ïê‚Å‚ÌƒGƒsƒ\[ƒh‚ğ”’,https://news.yahoo.co.jp/articles/da9f10bf40a9ac239109f5d79b2c91b13d3ddb6c,9/22(‹à) 11:50
nshaberu,ƒjƒbƒ|ƒ“•ú‘—,‰ª‘º—²j‚ªˆø‚Á‚©‚©‚éƒtƒ@ƒ“—pŒê@ƒ‰ƒCƒu‚ÉuQívHuQ‰ÁvH,https://news.yahoo.co.jp/articles/14f3d2cee5d3a534976e339581df556f06a8ac4a,9/22(‹à) 11:45
nshaberu,ƒjƒbƒ|ƒ“•ú‘—,“úŒüâ46 ¼“cD‰Ôu„A‚ ‚µ‚½€‚Ê‚ñ‚¶‚á‚È‚¢‚©‚È‚Á‚Äccv@‰ß‹‚Ì”­Œ¾‚ğ‰ñ‘z‚µg–²‚Ì‚æ‚¤‚ÈuŠÔh‚ğU‚è•Ô‚é,https://news.yahoo.co.jp/articles/c15f0dacaffbb5eba934c90687fa6947b547297d,9/22(‹à) 11:40
nshaberu,ƒjƒbƒ|ƒ“•ú‘—,ã_EƒIƒŠƒbƒNƒXuŠÖ¼ƒ_[ƒr[v‚ÅŠÖ¼‚Å‚ÌŒoÏ”g‹yŒø‰Ê‚Íu1000‰­‰~’´‚¦v,https://news.yahoo.co.jp/articles/1b37581816b3fbf7499c72641519c0d12cf1e22f,9/22(‹à) 11:35
nshaberu,ƒjƒbƒ|ƒ“•ú‘—,uoÎM‚»‚Îv‚Ìˆêl‘O‚ªu5Mv‚È‚Ì‚Í‚È‚ºH,https://news.yahoo.co.jp/articles/4803527109549951a7298c25677c79fd9c412821,9/22(‹à) 11:25
nshaberu,ƒjƒbƒ|ƒ“•ú‘—,ƒv[ƒ`ƒ“‘å“—Ì‚Ö‚Ì‘ÛŒY–Ù”»Š‚Ì‘ß•ßóu‚¶‚í‚èŒø‰Ê”­Šöv@10Œ–K’†•\–¾‚ğó‚¯Aê–å‰Æ‚ª‰ğà,https://news.yahoo.co.jp/articles/2760f1c025f93f994bbb4fafda06479b3eeb01c5,9/21(–Ø) 19:15
nshaberu,ƒjƒbƒ|ƒ“•ú‘—,‘˜A‚Í•s—vH •K—vH@u‘‰ï‚É‘ã‚í‚éê‚Í‘¼‚É‚È‚¢B‚à‚Á‚Æ’†g‚É‹»–¡‚ğ‚à‚Á‚Ävê–å‰Æ‚ª‰ğà,https://news.yahoo.co.jp/articles/18135b4d69f65b329b49cc1b82411908ffee070c,9/21(–Ø) 18:50
nshaberu,ƒjƒbƒ|ƒ“•ú‘—,ƒAƒ[ƒ‹ƒoƒCƒWƒƒƒ“‚ÆƒAƒ‹ƒƒjƒAA’âí‡ˆÓ@u•´‘ˆ‚Ì‚«‚Á‚©‚¯‚É’‡‰îÒƒƒVƒA‚Ì‰evê–å‰Æ‚ª‰ğà,https://news.yahoo.co.jp/articles/fb895ae5f18facfe7e590f395e4dcc97bb38729c,9/21(–Ø) 18:40
nshaberu,ƒjƒbƒ|ƒ“•ú‘—,ƒI[ƒhƒŠ[A“Œ‹ƒh[ƒ€ƒ‰ƒCƒu‚ÌƒAƒhƒgƒ‰ƒbƒN„‰ñ’nˆæ”­•\u…“¹‹´Aa’JA‹âÀAVh ccv,https://news.yahoo.co.jp/articles/8400be2b06e9ab634183c53145c79e4782931e39,9/21(–Ø) 17:50
nshaberu,ƒjƒbƒ|ƒ“•ú‘—,Ol˜YE¬‹{u–¾‚ç‚©‚É‚İ‚ñ‚Èá‚¢‚ñ‚Å‚·‚æ‚Ëv 40Î‚É‚µ‚ÄŒˆS‚µ‚½‚±‚Æ,https://news.yahoo.co.jp/articles/42f7284e73d3fd65733144c765b89979ca8ca377,9/21(–Ø) 17:45
nshaberu,ƒjƒbƒ|ƒ“•ú‘—,Šî€’n‰¿@2”N˜A‘±ã¸‚à‘S‘‚ÅŒ©‚ê‚Îu‚Ü‚¾‚ç–Í—lv,https://news.yahoo.co.jp/articles/c72b086b493a24ad2a7fe077bc7ee7005430608e,9/21(–Ø) 17:35
nshaberu,ƒjƒbƒ|ƒ“•ú‘—,’†‘‘“à¬—‚Ì’ÁÃ‰»‚Ì‚½‚ß‚Éu‘ä˜pNU‚ÉŒü‚©‚¤‚Ì‚Å‚Ív‚ÆŒœ”O‚·‚é‘ä˜pĞ‰ï,https://news.yahoo.co.jp/articles/70a322580459751a32835de4e1073edfffe35cf7,9/21(–Ø) 17:30
nshaberu,ƒjƒbƒ|ƒ“•ú‘—,ŠÖ¼ƒ_[ƒr[ÀŒ»‚©@ã_E‰ª“cŠÄ“Â‚ÆƒIƒŠƒbƒNƒX‚Ìgó‚©‚ç‚Êˆö‰h,https://news.yahoo.co.jp/articles/f683d60ac473a1ad0b972c297e21aba7a99275a7,9/21(–Ø) 17:25
nshaberu,ƒjƒbƒ|ƒ“•ú‘—,‚½‚©‚Í‚µ‚×‚ñA‰¹Šy¶Šˆ45ü”N@‹{‘òŒ«¡w‰Jƒjƒ‚ƒ}ƒPƒYx‚ğŒ»‘ã•—‚É‘‚«’¼‚µ‚½uˆÓ}v,https://news.yahoo.co.jp/articles/31756fe115e718695bd959d7a9b5b2eab8b97e12,9/21(–Ø) 17:20
nshaberu,ƒjƒbƒ|ƒ“•ú‘—,‚ ‚Ì‚¿‚á‚ñ‚ğ‹¤‰‰NG‚É‚µ‚Ä‚¢‚½H ‚İ‚È‚İ‚©‚íA‚»‚ÌŒoˆÜ‚ğ”’u‚©‚í‚¢‚¢Šç‚Å‚¸‚Á‚ÆáÉ‚ñ‚Å‚½‚ñ‚Å‚·v,https://news.yahoo.co.jp/articles/dc32a4af4573216b2ba6fbf784bbc7c9235e7f60,9/21(–Ø) 16:55
nshaberu,ƒjƒbƒ|ƒ“•ú‘—,ƒI[ƒhƒŠ[á—ÑA“Œ‹ƒh[ƒ€ƒ‰ƒCƒu‚Év‚í‚¸–{‰¹uƒvƒŒƒbƒVƒƒ[‚ªƒGƒO‚¢vu‚¦‚°‚Â‚È‚¢v,https://news.yahoo.co.jp/articles/7902420c623339adcaa09870b7336b19b42f5394,9/21(–Ø) 11:50
nshaberu,ƒjƒbƒ|ƒ“•ú‘—,ŠØ‘‚ÌV‚½‚È¢‘ã‚É‚æ‚Á‚Ä•Ï‚í‚è‚Â‚Â‚ ‚é“úŠØŠÖŒW,https://news.yahoo.co.jp/articles/828cf1e496677ed0f6776bfcca42ef466cf42c55,9/21(–Ø) 11:45
nshaberu,ƒjƒbƒ|ƒ“•ú‘—,‘š~‚è–¾¯E‘e•iuÀ‚Í‚Ëv ã_‘S‘Iè‚Ì‰‰‡‰Ì‚ğ‰Ì‚¦‚é‚Ù‚Çƒtƒ@ƒ“‚¾‚Á‚½‰ß‹–¾‚©‚·,https://news.yahoo.co.jp/articles/63d3aa7d7d9699503b2df90d2ba81a8cc403cda4,9/21(–Ø) 11:45
nshaberu,ƒjƒbƒ|ƒ“•ú‘—,Ol˜YE¬‹{Ag‹ÉŠy‚Æ‚ñ‚Úˆ¤h‚ğ”M•Ùu‚ ‚ ‚¢‚¤ƒoƒJƒoƒJ‚µ‚¢‚±‚Æ‚ğ‚â‚è‚½‚­‚Äv,https://news.yahoo.co.jp/articles/15bd056f9e8ec25385ed88b64ee20112151eec6f,9/21(–Ø) 11:40
nshaberu,ƒjƒbƒ|ƒ“•ú‘—,¼‘¤‚ÍƒEƒNƒ‰ƒCƒi‚Ö‚Ìx‰‡‚ğ‘±‚¯‚é‚Ì‚©H@–â‘è‚Í‰¢B‚æ‚è‚àƒAƒƒŠƒJ‚É‚ ‚é,https://news.yahoo.co.jp/articles/b285070e81b1122b2d44a2d00535fd51670b5e38,9/21(–Ø) 11:40
nshaberu,ƒjƒbƒ|ƒ“•ú‘—,uŠİ“c‘—‚Í‚Ç‚±‚Ü‚ÅŠOŒğ‚É‘SU‚è‚·‚é‚Â‚à‚è‚È‚Ì‚¾‚ë‚¤‚©Hv@²X–Ør®‚ªŒ¾‹y,https://news.yahoo.co.jp/articles/0669e731a8bb0acf45fb231441443b71f1965e9f,9/21(–Ø) 11:35
nshaberu,ƒjƒbƒ|ƒ“•ú‘—,˜I’©ñ”]‰ï’k‚Íu‘ÅZ“I‚ÈŒ‹¥v‚Ì‚æ‚¤‚È‚à‚Ì,https://news.yahoo.co.jp/articles/8224a576cf7e5854af8231747a50547d9302bd70,9/21(–Ø) 11:30
nshaberu,ƒjƒbƒ|ƒ“•ú‘—,u‚í‚ñ‚±‚»‚Îv‚ğ‰½”tH‚×‚ê‚Îu•’Ê‚Ì‚»‚Î1”t•ªv‚É‚È‚é‚ÌH,https://news.yahoo.co.jp/articles/dbabe834a6d7e0a8a5b79235371a4f582a554602,9/21(–Ø) 11:25
nshaberu,ƒjƒbƒ|ƒ“•ú‘—,‘å¬Œ÷‚¾‚Á‚½1970”N‚Ì‘åã–œ”‚©‚ç53”N@‰Û‘è‚ªc‚éu‘åãEŠÖ¼–œ”v,https://news.yahoo.co.jp/articles/5af7b2f30637bc9fe051297d462d25b51bd44816,9/21(–Ø) 11:15
nshaberu,ƒjƒbƒ|ƒ“•ú‘—,‚¨‹à–×‚¯‚Í—Ç‚¢H@ˆ«‚¢H@“NŠwÒ‚ª‚æ‚­ó‚¯‚é¿–â‚ÉŠ–ì–«l‚ª‰ñ“š,https://news.yahoo.co.jp/articles/5dc774bb140b268bb724ddff099b7e4153d8c5cd,9/20(…) 18:45
nshaberu,ƒjƒbƒ|ƒ“•ú‘—,ÅV‹@í iPhone15 u3–œ‰~v‚Åè‚É‚·‚é— ‹Z@ITƒWƒƒ[ƒiƒŠƒXƒgEOã—m‚ª–¾‚©‚·,https://news.yahoo.co.jp/articles/c886164da4b0a3722b56aba22d77e95dbf7f03bf,9/20(…) 18:30
nshaberu,ƒjƒbƒ|ƒ“•ú‘—,˜I’©ñ”]‰ï’k@uƒƒVƒA‚à—‚¿‚Ô‚ê‚½B‘˜A‰üŠv‘Ò‚Á‚½‚È‚µvŠ–ì–«l‚ªw“E,https://news.yahoo.co.jp/articles/09a915b50772b3e91d0a55ca01aefd06f8428000,9/20(…) 18:00
nshaberu,ƒjƒbƒ|ƒ“•ú‘—,ˆ—…•úo@ŠØ‘‚Ü‚Å‚ªx‚ğ•\–¾‚µA’†‘‚Íuˆø‚­‚Éˆø‚¯‚¸vŒÇ—§,https://news.yahoo.co.jp/articles/ab22c609d3016c1411acf872f8a7e99433cb3da1,9/20(…) 17:45
nshaberu,ƒjƒbƒ|ƒ“•ú‘—,’†‘‚ÆƒƒVƒA‚ÌƒRƒ“ƒZƒ“ƒTƒX‚ª‚È‚¯‚ê‚Î‘˜AŒ›Í‚Í‰ü³‚Å‚«‚È‚¢@uwæ‚è‡ív‚Ì‘ã‚É“ü‚Á‚½‘˜A,https://news.yahoo.co.jp/articles/022930cec53787f550324700d591b8958438a721,9/20(…) 17:40
nshaberu,ƒjƒbƒ|ƒ“•ú‘—,’†‘‘“à‚ÍuŠë‚È‚¢ƒKƒXv‚ª[–‚µ‚Â‚Â‚ ‚é@‘OŠO‘ŠA‘–h•”’·‚ª¸‹r‚µAƒƒPƒbƒgŒR‚Ìi—ßŠ¯‚ªŒğ‘ã‚·‚é“ÁˆÙ‚È–‘Ô,https://news.yahoo.co.jp/articles/4f6ba4eb0596a1a81cdf15b81f6b01cde5ccd78e,9/20(…) 17:35
nshaberu,ƒjƒbƒ|ƒ“•ú‘—,•Ä’†‚Š¯‚ª12ŠÔA’©‚©‚ç”Ó‚Ü‚Å‚¨Œİ‚¢‚Ì—§ê‚ğ“Ë‚«‡‚í‚¹‚Äƒ}ƒ‹ƒ^‚©‚çu‚¿‹A‚Á‚½‚à‚Ìv,https://news.yahoo.co.jp/articles/88c52efeb18cbdd67a519bdfccc3da6c2db7d8cd,9/20(…) 17:30
nshaberu,ƒjƒbƒ|ƒ“•ú‘—,‘˜A‘‰ï‚ÅŠİ“c‘—‚Í’†‘‚É‘Î‚µ‚Äu³‚µ‚¢ƒƒbƒZ[ƒWv‚ğ‘—‚é‚×‚«,https://news.yahoo.co.jp/articles/3f49a3b960e787d6e4d103560f849a101fa007d0,9/20(…) 17:25
nshaberu,ƒjƒbƒ|ƒ“•ú‘—,Ši“¬‰ÆE•yàV‘å’qABreakingDownÅ‹­‘Iè‚ğ— ‘Å‚¿‚·‚éuí‚¢‚Ì^‘v‚ğŒê‚é,https://news.yahoo.co.jp/articles/524836a66ea1ec9fea033399fe9e849396f283dd,9/20(…) 17:05
nshaberu,ƒjƒbƒ|ƒ“•ú‘—,uwVIVANTx‚Ì˜b‚ğ‚µ‚·‚¬v‚ÆŒ¾‚í‚ê‚½ƒiƒCƒcA^‹t‚Ì•ûj•ÏX‚É‹êÎuw‘«‚è‚È‚¢x‚Á‚ÄŒ¾‚Á‚Ä‚«‚½iÎjv,https://news.yahoo.co.jp/articles/e95e2d2b87b5a7bf08581b05c4c767958cb05931,9/20(…) 16:35
nshaberu,ƒjƒbƒ|ƒ“•ú‘—,Xi‹ŒTwitterj‚ª—L—¿‚É‚È‚Á‚½‚çA71“‚ªu‚â‚ç‚È‚¢v,https://news.yahoo.co.jp/articles/1f28df0452f8b3d032b3fa451c5608c6b721e91c,9/20(…) 15:25
nshaberu,ƒjƒbƒ|ƒ“•ú‘—,ƒrƒbƒOƒ‚[ƒ^[‚Ì©“®Ô•ÛŒ¯‹àu•s³¿‹v‚Ì”wŒi‚É‚ ‚éu2‚Â‚Ì‚±‚Æv,https://news.yahoo.co.jp/articles/d5fa9d0552c3d2075237ed55bdf03fec0d8a2320,9/20(…) 12:00
nshaberu,ƒjƒbƒ|ƒ“•ú‘—,“ŒŠC“¹VŠ²üE“Œ‹‰w‚Ì‰w•Ùu[ì‚ß‚µv‚ªA‚¢‚Ü‚àg†‚«‚İ‚²”ÑŒnh‚ğç‚é——R,https://news.yahoo.co.jp/articles/e3a35e3e950f86cc7061bc412e4d19715886ba6b,9/20(…) 11:55
nshaberu,ƒjƒbƒ|ƒ“•ú‘—,ŸNâ46 ˆäã—œ–¼Aƒ|ƒ‹ƒmƒOƒ‰ƒtƒBƒeƒB‚Ì‰f‘œ‚Ög‘å”²“Fh‚ÌŒüˆäƒ—t‚Éu‚·‚²‚¢‚Ë`Iv,https://news.yahoo.co.jp/articles/b7826a231d730b9d30191d8f3a040827e90138b8,9/20(…) 11:50
nshaberu,ƒjƒbƒ|ƒ“•ú‘—,ƒK[ƒV[”í‰Œö”» u“ú–{‚Ì“Û‹C‚È•½˜av‚ğÛ’¥‚µ‚Ä‚¢‚é‹C‚ª‚·‚é@²X–Ør®‚ªw“E,https://news.yahoo.co.jp/articles/c841d33b0260d1b87c58055a723bda66541f1f2d,9/20(…) 11:35
nshaberu,ƒjƒbƒ|ƒ“•ú‘—,]ŒËO‘å‚»‚Î‚Ì1‚Âu»ê‚»‚Îv@‚Ç‚±‚Ìu»êv‚ªŠÖŒW‚µ‚Ä‚¢‚é‚ÌH,https://news.yahoo.co.jp/articles/97b429dbf975f50247937b94af6e4b0ff1075fce,9/20(…) 11:25
nshaberu,ƒjƒbƒ|ƒ“•ú‘—,ˆ—…•úo‚ğæŞ‚ÌƒWƒƒ[ƒiƒŠƒXƒgE–xu•úo‚Ü‚Å’nŒ³‚¢‚í‚«s‚É‘‚©‚ç˜A—‚È‚µBŠCŠO”­M‚æ‚èA‚Ü‚¸‚Í’nŒ³‚Ö‚Ìà–¾‚©‚çv,https://news.yahoo.co.jp/articles/5e826b6fbec5baedc7d3402f0949e5da9acb88ab,9/19(‰Î) 19:20
nshaberu,ƒjƒbƒ|ƒ“•ú‘—,‚Ğ‚«“¦‚°‚Å‰@27Î’j‚ğd—vw–¼è”z‚É@uŒY–‚Íè”z”Æ‚Ìg–Ú‚Æ¨h‚ğŠo‚¦‚évƒŠ[ƒ[ƒ“ƒgŒY–‚ªŒê‚éwŒ©“–‚½‚è‘{¸x,https://news.yahoo.co.jp/articles/3ac67f7aefcfa3df4c19227778485f9ae03d861e,9/19(‰Î) 18:50
nshaberu,ƒjƒbƒ|ƒ“•ú‘—,Œ³NHKƒAƒiƒEƒ“ƒT[E–x‚ª”’I@İ‹Ç“–A‘O”¯‚ªuŒo‰c–â‘èv‚¾‚Á‚½,https://news.yahoo.co.jp/articles/dfcadc2a7de9bd62bc4e6664cc0cc342db51bad6,9/19(‰Î) 18:11
nshaberu,ƒjƒbƒ|ƒ“•ú‘—,ŸNâ46 ˆäã—œ–¼Awƒ‰ƒ”ƒBƒbƒgIƒƒbƒNx‚Ì— ‘¤–¾‚©‚·uÅ‚‚Ì1“ú‚É‚È‚è‚Ü‚µ‚½v,https://news.yahoo.co.jp/articles/8b3397de84cf0d3e3d88d2501e6a6bc0f70b2079,9/19(‰Î) 17:50
nshaberu,ƒjƒbƒ|ƒ“•ú‘—,¼‘º–M—mAƒ_ƒ“ƒJƒ“A‚Ü‚·‚¨‚©‘“c‰p•FAçHccŒÕ“}‚ªWŒ‹‚µ‚½uã_ˆ¤vˆì‚ê‚é100•ª¶•ú‘—‚É‘å‚«‚È”½‹¿,https://news.yahoo.co.jp/articles/d67ad87be522bb5febb2c72612eea414ed6193fb,9/19(‰Î) 17:47
nshaberu,ƒjƒbƒ|ƒ“•ú‘—,ƒiƒCƒc”·AwVIVANTxÅI‰ñ‚ğ1“ú’x‚ê‚ÅŒ©‚é‚àAƒTƒ“ƒhˆÉ’B‚©‚ç”ğ‚¯‚ç‚ê‚éu‚ ‚Ô‚ËI ÅI‰ñ‚Ü‚¾Œ©‚Ä‚Ë‚¥‚©‚çA‰´Iv,https://news.yahoo.co.jp/articles/9928a5c21a696e4e2dace564462b0f0433b6857a,9/19(‰Î) 17:42
nshaberu,ƒjƒbƒ|ƒ“•ú‘—,‚Ü‚³‚Éuƒ~ƒXƒ^[’Ç‰ÁµWv@ƒ‰ƒOƒr[“ú–{‘ã•\‚É•œ‹A‚µ‚½uR’†—º•½v‚Æ‚¢‚¤ƒhƒ‰ƒ}ƒ`ƒbƒN‚È¶‚«—l,https://news.yahoo.co.jp/articles/4f305555a034ada397d9c9db1be4d2107bae69dc,9/19(‰Î) 17:20
nshaberu,ƒjƒbƒ|ƒ“•ú‘—,‘å‘Š–oEZ—m÷@u“úXŠ´Óv`wƒTƒ“ƒNƒ`ƒ…ƒAƒŠ-¹ˆæ-xB‰e”é˜b,https://news.yahoo.co.jp/articles/53c070b69ec2811723e16e706efa860a79918219,9/19(‰Î) 14:59
nshaberu,ƒjƒbƒ|ƒ“•ú‘—,–{•ÀŒ’¡AÈEŠÛRŒj—¢“Ş‚Æ‚Ì‰‘Î–Ê‚Íu‚Ğ‚Æ–ã’…‚ ‚Á‚½v,https://news.yahoo.co.jp/articles/e1e415a7d7a7e2baefb3b3d37415e9e32f21fd55,9/19(‰Î) 11:53
nshaberu,ƒjƒbƒ|ƒ“•ú‘—,Î•Ÿ’à’ß•rAã_‚Ì18”N‚Ô‚è‚ÌgƒAƒŒh‚É‘å‹»•±u‚ ‚ÌŠˆ‹C‚ÍA‘åã‚¶‚á‚È‚©‚Á‚½‚ç‚È‚ç‚È‚¢v,https://news.yahoo.co.jp/articles/5044dace0c1b351cc67536dd2b2bf52290ed56e3,9/19(‰Î) 11:50
nshaberu,ƒjƒbƒ|ƒ“•ú‘—,120“‚Ì¬Œ÷Šm—¦‚ª‚È‚¯‚ê‚ÎA’†‘‚Í‘ä˜p‚ğNU‚·‚é‚±‚Æ‚Í‚È‚¢,https://news.yahoo.co.jp/articles/bd04cc6e16e03417c900fd76fc6f64c5a4b8e84b,9/19(‰Î) 11:35
nshaberu,ƒjƒbƒ|ƒ“•ú‘—,“ñ”ªE\Š„E“cÉccu‚»‚Îv‚É‚Í‚Ç‚ñ‚Èˆá‚¢‚ª‚ ‚é‚ÌH,https://news.yahoo.co.jp/articles/4c6dfec74cbdb68023bb277186a591b58dece563,9/19(‰Î) 11:25
nshaberu,ƒjƒbƒ|ƒ“•ú‘—,u¬Ÿº—Dq‚³‚ñ‚ÌSP‚É‰HŒğ‚¢’÷‚ß‚É‚³‚ê‚Äccv¼‘º–M—mA56Î‚É‚µ‚Äg“d”g­”Nh‚Ì‚æ‚¤‚Èo—ˆ–‚É‘˜‹ö,https://news.yahoo.co.jp/articles/47b5e0c456b9dcc22bab10fd5ba0982c892856fa,9/18(Œ) 16:00
nshaberu,ƒjƒbƒ|ƒ“•ú‘—,—·‹C•ª‚ªŠy‚µ‚¢I@u“ŒŠC“¹VŠ²ü•Ù“–v‚Ì»‘¢‚É–§’…‚µ‚Ä‚İ‚½,https://news.yahoo.co.jp/articles/e0f60b38b32fd48ced1eea2d0e6e56eb07ed20d0,9/18(Œ) 11:55
nshaberu,ƒjƒbƒ|ƒ“•ú‘—,‚à‚àƒNƒE•S“c‰ÄØqAUSJ‚Å‘å‚Í‚µ‚á‚¬‚µ‚½—vˆöu‹ÊˆäD‚³‚ñ‚ª‚¢‚é‚à‚ñ‚¾‚©‚çccv,https://news.yahoo.co.jp/articles/7ee961be15fab6dc422a873ede9b31ab708216b0,9/18(Œ) 11:50
nshaberu,ƒjƒbƒ|ƒ“•ú‘—,u‚»‚Îv‚Í]ŒË‘ã‚Ü‚Åu×’·‚¢–Ëv‚Å‚Í‚È‚©‚Á‚½,https://news.yahoo.co.jp/articles/5d8e7e9c4dbc4cac9889dab7d6906e05288ef6e6,9/18(Œ) 11:25
nshaberu,ƒjƒbƒ|ƒ“•ú‘—,ƒTƒ“ƒh•xàVAh”‘æ‚Ìƒzƒeƒ‹‚Å–â‘è”­¶IHu°‚ÅQ‚Ü‚µ‚½‚æv,https://news.yahoo.co.jp/articles/a0a8ec06b21f17c6113144888c2a00fab2fc1545,9/18(Œ) 8:00
nshaberu,ƒjƒbƒ|ƒ“•ú‘—,‰f‰æw‰Šã‚·‚éŒNx‚ğŠÏ‚Äl‚¦‚½u”F¯‚ÌƒAƒbƒvƒf[ƒgv,https://news.yahoo.co.jp/articles/30768473b2f43ff0c60586b7a0942160db958b41,9/18(Œ) 7:50
nshaberu,ƒjƒbƒ|ƒ“•ú‘—,ŸNâ46@7thƒVƒ“ƒOƒ‹w³”F—~‹x‚ÌƒZƒ“ƒ^[‚Í“ñŠú¶EX“c‚Ğ‚©‚é@OŠú¶‚à‘I”²ƒƒ“ƒo[‚É‡—¬I,https://news.yahoo.co.jp/articles/a483bde81612eb20971de55501b2bee80032f62e,9/18(Œ) 1:41
nshaberu,ƒjƒbƒ|ƒ“•ú‘—,”T–Øâ46 âV“¡”ò’¹‘²‹ÆƒRƒ“ƒT[ƒg@‰¤•i‰»Œˆ’è,https://news.yahoo.co.jp/articles/0c90d944adc90f0d0290b26458c84b11d22b28f5,9/18(Œ) 1:06
nshaberu,ƒjƒbƒ|ƒ“•ú‘—,“úŒüâ46 ¼“cD‰Ôu‚±‚Ì‹C‚¿‚ğ–Y‚ê‚¸‚ÉŸ‚ÌêŠ‚Å‚àŠæ’£‚Á‚Ä‚¢‚«‚Ü‚·vgÅŒã‚Ìh”Ô‘gŒöŠJû˜^ƒCƒxƒ“ƒgŠJÃ,https://news.yahoo.co.jp/articles/e1c7a5df7484d900dfb107ef4a3524beff435d67,9/17(“ú) 23:40
nshaberu,ƒjƒbƒ|ƒ“•ú‘—,ƒ‰ƒ“ƒWƒƒƒ^ƒC‘èA gƒKƒLgµ•Ï‰»h‚Ì— ‘¤–¾‚©‚·u¡‚Ü‚Å‚Í‘S•”’f‚ç‚ê‚Ä‚½‚Ì‚æv,https://news.yahoo.co.jp/articles/2ef34524e657c02fb7432389de362d89a6e88cab,9/17(“ú) 12:20
nshaberu,ƒjƒbƒ|ƒ“•ú‘—,ƒ|ƒPƒ‚ƒ“~SDGs\\©•ª‚Åì‚ê‚éhƒsƒJƒ`ƒ…ƒE‚¨‚Ü‚à‚è‚Åhg‚ğç‚é,https://news.yahoo.co.jp/articles/616ca0d2940cfda0144896a938f97a30dd78ff4d,9/17(“ú) 11:50
nshaberu,ƒjƒbƒ|ƒ“•ú‘—,Î•Ÿ’à’ß•r‚Ì—¯ç“d‚Éc‚³‚ê‚½A]Œû‚Ì‚è‚±‚Ìu‰½‰ñ•·‚¢‚Ä‚à‚¨‚à‚ë‚¢vˆêŒ¾,https://news.yahoo.co.jp/articles/cf6d0803da3efa2ee59430b09985b011e3e286d4,9/17(“ú) 11:40
nshaberu,ƒjƒbƒ|ƒ“•ú‘—,ƒnƒŠƒEƒbƒh‰f‰æ‚Ìã‰fŠÔ‚ª’·‚­‚È‚Á‚Ä‚¢‚éu——Rv,https://news.yahoo.co.jp/articles/a0a03fd17a4919a63e77c240d297b61b75b037e8,9/17(“ú) 11:35
nshaberu,ƒjƒbƒ|ƒ“•ú‘—,á‚«‚¨Î‚¢ƒXƒ^[‚ª’a¶I ‰‘ãƒ`ƒƒƒ“ƒsƒIƒ“‚Íu‚¦‚Ñ‚µ‚áv `V‚½‚È‚¨Î‚¢ÜƒŒ[ƒXuUNDER 25 OWARAI CHAMPIONSHIPv,https://news.yahoo.co.jp/articles/4dd91ff0205c16e7b4fa0747130f72c302cac253,9/16(“y) 22:45
nshaberu,ƒjƒbƒ|ƒ“•ú‘—,^‹óƒWƒFƒVƒJ‚ªŒ©“Í‚¯‚éIwUNDER 25 OWARAI CHAMPIONSHIPx€ŒˆŸƒOƒ‹[ƒvJƒŒƒ|[ƒg,https://news.yahoo.co.jp/articles/89638822604f0430facbda7922efa3665f6f13b1,9/16(“y) 11:50
nshaberu,ƒjƒbƒ|ƒ“•ú‘—,u‚ ‚Ì‚Ì–î•”‚³‚ñ‚ÌŠ´Šo•ª‚©‚é‚©‚àvƒjƒ…[ƒˆ[ƒN‚ªƒiƒCƒiƒC‚É–¾‚©‚·w“Œ‹‚Éõ‚Ü‚Á‚½uŠÔx,https://news.yahoo.co.jp/articles/e269b7292fe6897229e75bb154e9196b63057dd8,9/16(“y) 11:45
nshaberu,ƒjƒbƒ|ƒ“•ú‘—,’·ˆø‚­‚Ù‚Ç‚É‰f‰æŠE‚ÌŠë‹@IH ‘S•Ä‰f‰æ”o—D‘g‡‚ÌƒXƒgƒ‰ƒCƒL,https://news.yahoo.co.jp/articles/460bf06777f7990e7e401e46fb133f8d14649ac4,9/16(“y) 11:40
nshaberu,ƒjƒbƒ|ƒ“•ú‘—,wƒ~ƒXƒeƒŠ‚ÆŒ¾‚¤–Ü‚êx›“c«ôAÄ‚Ñg‚à‚¶‚á‚à‚¶‚á“Vƒph‚Ì‹v”\®‚É,https://news.yahoo.co.jp/articles/77b171ad7ae007e82d64f57ad20caeae5b73bc3b,9/16(“y) 11:30
nshaberu,ƒjƒbƒ|ƒ“•ú‘—,ƒJƒiƒƒXƒg[ƒ“‚Í—DŸÜ‹à‚Å2ƒ–Œ•é‚ç‚¹‚éIwUNDER 25 OWARAI CHAMPIONSHIPx€ŒˆŸƒOƒ‹[ƒvIƒŒƒ|[ƒg,https://news.yahoo.co.jp/articles/007a6bd3224a40d84afaf39f300e749c9ff08ff1,9/16(“y) 10:50
nshaberu,ƒjƒbƒ|ƒ“•ú‘—,ƒgƒ“ƒcƒJƒ^ƒ“X–{‚àv‚í‚¸‹êŒ¾H wUNDER 25 OWARAI CHAMPIONSHIPx€ŒˆŸƒOƒ‹[ƒvHƒŒƒ|[ƒg,https://news.yahoo.co.jp/articles/9e470432c983d70d78bc179df42d3e04ff88715c,9/16(“y) 9:50
nshaberu,ƒjƒbƒ|ƒ“•ú‘—,‚Ğ‚Â‚¶‚Ë‚¢‚è‚àu‚È‚ñ‚Åæ‚É”„‚ê‚é‚Ë‚ñIvwUNDER 25 OWARAI CHAMPIONSHIPx€ŒˆŸƒOƒ‹[ƒvGƒŒƒ|[ƒg,https://news.yahoo.co.jp/articles/2594b25d0fb790ab6b135000a39e626cd860618b,9/16(“y) 8:50
nshaberu,ƒjƒbƒ|ƒ“•ú‘—,EU‚ª’†‘»EV‚ğ’²¸‚·‚é‚Ì‚ÍuEV„i¨‚Ì“àƒQƒov‚Ì‚æ‚¤‚È‚à‚Ì,https://news.yahoo.co.jp/articles/7a2640a51fe83e1abfb3893a22205819bcace94d,9/15(‹à) 21:50
nshaberu,ƒjƒbƒ|ƒ“•ú‘—,uVŒoÏ‰ñ˜Lv‚ğG20‚Å”­•\‚µ‚½ƒCƒ“ƒhEƒ‚ƒfƒBñ‘Š‚Ì–{“–‚Ì‘_‚¢,https://news.yahoo.co.jp/articles/0497e55d5972fbb36152f4b91f7a369a059f945f,9/15(‹à) 21:45
nshaberu,ƒjƒbƒ|ƒ“•ú‘—,—L“­—R”üqAã_ƒ^ƒCƒK[ƒX‚ªƒZEƒŠ[ƒO—DŸA“¯‹½E‰¡“cT‘¾˜Y‚³‚ñ‚Ö‚Ì‘z‚¢‚ğŒê‚é,https://news.yahoo.co.jp/articles/6f9e9dd93cde07be129499fbe6a4a7a474d0324d,9/15(‹à) 19:35
nshaberu,ƒjƒbƒ|ƒ“•ú‘—,’j«ƒuƒ‰ƒ“ƒRAƒRƒƒ`ƒLEƒiƒ_ƒ‹‚Ì©‹s”­Œ¾‚Éu‚Ü‚¾Œ¾‚¤iÎjH v,https://news.yahoo.co.jp/articles/a5e36908cb57abae5e20d5b168e2f4966ca52b23,9/15(‹à) 17:50
nshaberu,ƒjƒbƒ|ƒ“•ú‘—,–â‘è‚Í’†‘‚ÌƒfƒtƒŒ‚É‘Î‚·‚éŒx‰úS‚ªã‚¢‚±‚Æ@’†‘‚Ì’†‰›‹âs‚ª’Ç‰Á‚Ì‹à—ZŠÉ˜a”­•\,https://news.yahoo.co.jp/articles/4ba845b4202a7bb2cdaf93b32b026bd33f000b3f,9/15(‹à) 17:45
nshaberu,ƒjƒbƒ|ƒ“•ú‘—,‘æ2ŸŠİ“cÄ‰ü‘¢“àŠt‚Í‚Ü‚é‚Åu‘Ù‘I“Ë”j“àŠtv,https://news.yahoo.co.jp/articles/dc277745091491c1de43288357f0e7cb71c78c57,9/15(‹à) 17:40
nshaberu,ƒjƒbƒ|ƒ“•ú‘—,ƒƒVƒA‚É‘Î‚·‚éu‰–‘Î‰v‚©‚ç‚àŒ©‚¦‚éu’†˜IŠÖŒWv‚Ì‘å‚«‚È•Ï‰»,https://news.yahoo.co.jp/articles/6086c17a98f1eb0e8d8fcf27b88b8daba7ba0e77,9/15(‹à) 17:35
nshaberu,ƒjƒbƒ|ƒ“•ú‘—,’†‘‚É‚Æ‚Á‚Ä–k’©‘N‚Íu‰a•t‚¯‚³‚ê‚½¬Œ^‹¶Œ¢v ƒƒVƒA‚Íu‰a•t‚¯‚³‚ê‚½‘åŒ^‹¶Œ¢v,https://news.yahoo.co.jp/articles/e8835cbe9da2a13e6b9f9556b0c274ca5c922164,9/15(‹à) 17:30
nshaberu,ƒjƒbƒ|ƒ“•ú‘—,Œ –dp”H@[–d‰“—¶H@‰ü‘¢“àŠtA–{“–‚Ìg–Ú‹Êh,https://news.yahoo.co.jp/articles/3d2cfe0820457f12c173a16ef40e458ba278bcea,9/15(‹à) 17:25
nshaberu,ƒjƒbƒ|ƒ“•ú‘—,Ÿ‚Í‘åˆê”ÔAW”tƒCƒ“ƒOƒ‰ƒ“ƒhí@ƒ‰ƒOƒr[“ú–{‘ã•\‚Í‚¢‚©‚Éí‚¤‚×‚«‚©,https://news.yahoo.co.jp/articles/7c68d8e514aa27a754088ac860428ca8258f89e5,9/15(‹à) 17:20
nshaberu,ƒjƒbƒ|ƒ“•ú‘—,Œ|p‘åŠw‚Å‚Í‰½‚ğŠw‚×‚é‚ÌH@•ºŒÉŒ§E_ŒËŒ|pH‰È‘åŠw‚É‚Äƒ‰ƒ“ƒpƒ“ƒvƒX‚ª“O’êæŞI,https://news.yahoo.co.jp/articles/269d32c1f5484119232760d62f93f361ddc3eec1,9/15(‹à) 15:00
nshaberu,ƒjƒbƒ|ƒ“•ú‘—,å‘ä‚Ì–¼•¨‰w•Ùu–ÔÄ‚«‹‚½‚ñ•Ù“–v‚ª‰‚ÌƒRƒ‰ƒ{ƒŒ[ƒVƒ‡ƒ“I@u‰‰¹ƒ~ƒNv‚ÌƒpƒbƒP[ƒW‚ªÀŒ»‚µ‚½——R‚Æ‚ÍH,https://news.yahoo.co.jp/articles/208918c614a250fc118cb5fc33b81a117dda9933,9/15(‹à) 11:55
nshaberu,ƒjƒbƒ|ƒ“•ú‘—,‰f‰æ‚¾‚¯‚¶‚á‚È‚­“úí¶Šˆ‚Å‚à‹N‚±‚éIH@‚»‚ê‚¼‚ê‚Ì‹“_‚ÅŒ©‰ğ‚ª•Ï‚í‚éw—…¶–åƒGƒtƒFƒNƒgx,https://news.yahoo.co.jp/articles/3c7b5805cdb8852ba0bf8d06154d3d48ca826b07,9/15(‹à) 11:40
nshaberu,ƒjƒbƒ|ƒ“•ú‘—,“Š‘æ‚ğ’†‘‚©‚çƒCƒ“ƒh‚Éˆê‹C‚ÉuØ‚è‘Ö‚¦‚év‚±‚Æ‚Í“ï‚µ‚¢@ê–å‰Æ‚ª‚»‚Ì——R‚ğŒê‚é,https://news.yahoo.co.jp/articles/ad578cbd64fb0b26ca57a5c3ff65cb04a2e58557,9/15(‹à) 11:35
nshaberu,ƒjƒbƒ|ƒ“•ú‘—,ƒoƒo”²‚«‚Ìuƒoƒov‚Í“–‰AƒWƒ‡[ƒJ[‚Å‚Í‚È‚­u•Ê‚ÌƒJ[ƒhv‚¾‚Á‚½,https://news.yahoo.co.jp/articles/72fcfd604a54e0c6e71662163a9b74b95c7e1c76,9/15(‹à) 11:25
nshaberu,ƒjƒbƒ|ƒ“•ú‘—,”É–ZŠúu‚Ì‚¼‚İv‘SÈw’èÈ‚É@uÀ¿“I‚È’lã‚°‚¾Iw¬GŠÉ˜ax‚Ì—‹ü‚É‚Í–³—‚ª‚ ‚évh–V¡˜Y‚ª•®ŠS,https://news.yahoo.co.jp/articles/b0b4462bd78a435bea013fd3d91ffca4b8ce9e6c,9/14(–Ø) 18:50
nshaberu,ƒjƒbƒ|ƒ“•ú‘—,wVIVANTxl@‚·‚éƒiƒCƒc”·AgTBS‚Ì‰ñ‚µÒh‹^˜f‚É”½˜_u‚à‚Á‚Æ‚¢‚¢l‚¢‚é‚¾‚ëI ¼â“—›‚³‚ñ‚Æ‚©v,https://news.yahoo.co.jp/articles/4ae36e852511fd85c61417c23772afb4b8129091,9/14(–Ø) 18:30
nshaberu,ƒjƒbƒ|ƒ“•ú‘—,‘æ2ŸŠİ“cÄ‰ü‘¢“àŠt‚ª”­‘«@u•Ûç”h‚Ö‚Ì‘Š“–‚È”z—¶‚¾vh–V¡˜Y‚ªw“E,https://news.yahoo.co.jp/articles/87a9f87ba0870df327e435e3af3694f2e1a46417,9/14(–Ø) 17:45
nshaberu,ƒjƒbƒ|ƒ“•ú‘—,ƒŠƒrƒA‘å^…@u“àíó‘Ôv‚ª”íŠQ‚ğŠg‘å‚³‚¹‚Ä‚¢‚éŒ´ˆö‚©,https://news.yahoo.co.jp/articles/a0a43799fb01f6892c377f9fd61e0f76ebcdb4b2,9/14(–Ø) 17:40
nshaberu,ƒjƒbƒ|ƒ“•ú‘—,u‘˜AŒy‹v‚Ìƒgƒ‰ƒ“ƒv‚ª‚à‚µÄ‘I‚µ‚½‚çAu‚Â‚È‚¬~‚ßv‚ÉŠ¾‚ğ‚©‚­‚Ì‚ª“ú–{‚Ì–ğŠ„,https://news.yahoo.co.jp/articles/c5cc8ccb146ae504f8f72c7b2e1e21fd14547667,9/14(–Ø) 17:35
nshaberu,ƒjƒbƒ|ƒ“•ú‘—,¡Œã‚ÌƒEƒNƒ‰ƒCƒi‚Ì”½“]U¨‚ÌƒJƒM‚Íu¼‘¤‚Ì•Ší‹Ÿ—^‚ª‚Ç‚±‚Ü‚Åi‚Ş‚©v,https://news.yahoo.co.jp/articles/9fdfaf30cfbe7793caa3b038459d32e6e7cfb47c,9/14(–Ø) 17:30
nshaberu,ƒjƒbƒ|ƒ“•ú‘—,ã_A14“ú‚É‚àuƒAƒŒv@uw“¹“Ú–xì‚É”ò‚Ñ‚Ü‚È‚¢‚Åx‚ÍA‹t‚É‚ ‚¨‚è•ñ“¹‚©‚àBƒƒfƒBƒA‚ÌƒWƒŒƒ“ƒ}‚¾vh–V¡˜Y‚ªw“E,https://news.yahoo.co.jp/articles/6755f7f0ef4974fd4272da417feab07dea3cda48,9/14(–Ø) 17:15
nshaberu,ƒjƒbƒ|ƒ“•ú‘—,uƒƒVƒAE–k’©‘Nñ”]‰ï’kv‚ğg‰F’ˆŠî’nh‚Ås‚Á‚½ƒv[ƒ`ƒ“‘å“—Ì‚Ìu2‚Â‚ÌˆÓ}v,https://news.yahoo.co.jp/articles/8184bdb2954194348a3edb042a897d9f8522bec8,9/14(–Ø) 12:10
nshaberu,ƒjƒbƒ|ƒ“•ú‘—,‚İ‚¿‚å‚ÏA¢ŠE—¤ãoê‚Ì‚Í‚Æ‚±E’r“cŒüŠó‘Iè‚ğ˜J‚¤uŒ©‰‚¦‚Ì‚ ‚é‡‚Å‚µ‚½v,https://news.yahoo.co.jp/articles/ed9d7ff1a4d7d7ebc5802a29bc281cd677eb3988,9/14(–Ø) 12:10
nshaberu,ƒjƒbƒ|ƒ“•ú‘—,u‚±‚ê‚©‚ç‚à‹È‚ğì‚Á‚Ä‚İ‚È‚³‚ñ‚É“Í‚¯‚Ä‚¢‚«‚½‚¢v¼”C’J—RÀ‚ªƒŠƒXƒi[‚ÆŠ£”tI TOKYO FMEƒjƒbƒ|ƒ“•ú‘—‚Ì‰‚ÌƒRƒ‰ƒ{ƒŒ[ƒVƒ‡ƒ“ŒöŠJû˜^ƒCƒxƒ“ƒguƒ†[ƒ~ƒ“‚ÆŠ£”tIv,https://news.yahoo.co.jp/articles/929c2968a711cc9e03d5273fc5ef4e0d2da9da48,9/14(–Ø) 12:05
nshaberu,ƒjƒbƒ|ƒ“•ú‘—,‘š~‚è–¾¯E‚¹‚¢‚âAƒQƒbƒ^[ƒY”Ñ“c‚©‚çud–‚ª‚È‚­‚È‚év‚ÆŒ¾‚í‚ê‚½”N—î‚É‹ß‚Ã‚­,https://news.yahoo.co.jp/articles/64281a96b8132d284113b84b5dc905eb86cae811,9/14(–Ø) 11:50
nshaberu,ƒjƒbƒ|ƒ“•ú‘—,EXIT‚è‚ñ‚½‚ë[Buƒpƒb‚ÆŒ©‚½‚çccgƒKƒ`hƒ`ƒFEƒzƒ“ƒ}ƒ“vŠX’†‚Å‹ô‘RŒ©‚©‚¯‘å‹»•±,https://news.yahoo.co.jp/articles/762fcfc23232742138059ac85ae05e9bf0e5fbf5,9/14(–Ø) 11:45
nshaberu,ƒjƒbƒ|ƒ“•ú‘—,—L“c“N•½‚É•·‚¢‚½uƒ^ƒŒƒ“ƒgEŒ|l‚ÌƒIƒ“‚ÆƒIƒtv@‚»‚ÌˆÓŠO‚ÈŒø‰Ê,https://news.yahoo.co.jp/articles/4ba10208100c58f98e47b682cc1973bd5e5f3160,9/14(–Ø) 11:40
nshaberu,ƒjƒbƒ|ƒ“•ú‘—,’†‘uK‹ß•½ˆê‹­v‘Ì§‚Íƒs[ƒN‚ğŒ}‚¦AƒXƒ[ƒ_ƒEƒ“‚ªn‚Ü‚Á‚Ä‚¢‚é,https://news.yahoo.co.jp/articles/00aea3e740dbf14e52b6fea0d373f4975a822fa9,9/14(–Ø) 11:40
nshaberu,ƒjƒbƒ|ƒ“•ú‘—,’†‘‚Ì‘ä˜p‚É‘Î‚·‚éuƒAƒ‚Æƒ€ƒ`v‚ÍA—âí‘ã‚Ìƒ\˜A‚Ì¼‘¤”‘‚É‘Î‚·‚é‚â‚è•û‚Æ“¯‚¶,https://news.yahoo.co.jp/articles/5efbbf4cb35c5c49d604bd54d25ccf90fca182f1,9/14(–Ø) 11:35
nshaberu,ƒjƒbƒ|ƒ“•ú‘—,ƒAƒ“ƒK[ƒ‹ƒYRªAL“‡ƒJ[ƒv‚Ìg‰”N‚ÌƒXƒ^[h‚Æ‡‚µ‚½Œ‹‰Ê‚ÉˆêŒ¾uƒoƒbƒg‚ª‚Ó‚í`‚Á‚Æ“®‚¢‚Ä‚ÄiÎjv,https://news.yahoo.co.jp/articles/cca7902ec08cb2b0c8584a213afcf500ff24ff86,9/14(–Ø) 11:30
nshaberu,ƒjƒbƒ|ƒ“•ú‘—,ƒn[ƒg‚ÌƒLƒ“ƒO‚É‚¾‚¯uŒû‚Ğ‚°v‚ª‚È‚¢‚Ì‚ÍA‚Æ‚ ‚éu‚¤‚Á‚©‚èƒ~ƒXv‚ªŒ´ˆöH,https://news.yahoo.co.jp/articles/373e128198a72fca04db659f2bb510842aebb999,9/14(–Ø) 11:25
nshaberu,ƒjƒbƒ|ƒ“•ú‘—,u¡“úA‚Â‚¢‚É‰“ú‚ğŒ}‚¦‚Ü‚·v‹v•Ûj—¢ o‰‰@2023”NŒ€’c™VŠ´ü43ü”N‹»sEHŒö‰‰ ‚¢‚Ì‚¤‚¦‰Ì•‘Šêw“Våj¯xŠJ–‹I@–{lƒRƒƒ“ƒg‚à“’…I,https://news.yahoo.co.jp/articles/dcdf0ca1e643c0ef1b6eae6f67b361d83cc03f3b,9/14(–Ø) 4:00
nshaberu,ƒjƒbƒ|ƒ“•ú‘—,‘æ2ŸŠİ“cÄ‰ü‘¢“àŠtAŠç‚Ô‚êŒˆ‚Ü‚é@u‚±‚Ì‘‚Å‚Í—DG‚Èl‚ªñ‘Š‚É‚È‚ê‚È‚¢vh–V¡˜Y‚ªw“E,https://news.yahoo.co.jp/articles/0e771f5bed0e6945274db342900ed833af9cd6ba,9/13(…) 21:33
nshaberu,ƒjƒbƒ|ƒ“•ú‘—,“úŒüâ46@–ñ3”N‚Ô‚è‚Æ‚È‚é2ndƒAƒ‹ƒoƒ€‚Ì”­”„‚ª11Œ8“ú‚ÉŒˆ’èI,https://news.yahoo.co.jp/articles/6a7c971721b0eb0044db8dc3738a594678cd788c,9/13(…) 20:32
nshaberu,ƒjƒbƒ|ƒ“•ú‘—,u–k’©‘N‚ÆƒƒVƒA‚Ì—§êv‚ª‹t“]‚·‚é@‹à³‰¶‘‘‹L‚ÌƒEƒ‰ƒWƒIƒXƒgƒN–K–â,https://news.yahoo.co.jp/articles/8417fbe368dc3e7fea6dbe1940d39aef76f74637,9/13(…) 19:30
nshaberu,ƒjƒbƒ|ƒ“•ú‘—,“ú‹â‚Íu‘–¯v‚æ‚è‚àu‹à—Z‹@ŠÖv‚ğŒ©‚Ä‚¢‚é@‚¾‚©‚ç‹à—ZŠÉ˜aô‚ğC³‚µ‚æ‚¤‚Æ‚·‚é,https://news.yahoo.co.jp/articles/b922559b337fd408b144510e2791bd43fc933402,9/13(…) 18:45
nshaberu,ƒjƒbƒ|ƒ“•ú‘—,ƒiƒCƒc•ˆÀ“¡‚È‚ÂAwƒKƒLgx‚Ågµ•Ï‰»h”â˜I‚Ìƒ‰ƒ“ƒWƒƒƒ^ƒC‘è‚ğâ^u‘S•”ˆÓ–¡•ª‚©‚ñ‚È‚¢‚ñ‚¾‚æiÎjv,https://news.yahoo.co.jp/articles/ed1aece6a8cb14b977ad35f7fbe15aaccbd2652d,9/13(…) 18:30
nshaberu,ƒjƒbƒ|ƒ“•ú‘—,“sS‚Ìƒ}ƒ“ƒVƒ‡ƒ“‰¿Ši‚ÌŒ©’Ê‚µ‚Ícc@u¡Œã‚à’êŒ˜‚¢vê–å‰Æ‚ª‰ğà,https://news.yahoo.co.jp/articles/7f12312076e67ae450386e1b8efadf04359f3a19,9/13(…) 18:20
nshaberu,ƒjƒbƒ|ƒ“•ú‘—,uŠj‚Ì‚²‚İvÅIˆ•ªê@u“ú–{‘“à‚ÅÌ‚Ä‚ç‚ê‚éêŠ‚ª‚È‚¢v‚Æ‚¢‚¤‰Â”\«‚à,https://news.yahoo.co.jp/articles/9de2644c3d1f124835d4b48801bffd73bec2e666,9/13(…) 17:50
nshaberu,ƒjƒbƒ|ƒ“•ú‘—,‘æ2ŸŠİ“c‰ü‘¢“àŠt‚ÌŠç‚Ô‚êŒˆ‚Ü‚é@u—˜‰v—iŒì“àŠt‚¾vh–V¡˜Y‚ªw“E,https://news.yahoo.co.jp/articles/63bb78f5ebf2b85489aea393cdc16f3a1d7552a7,9/13(…) 17:45
nshaberu,ƒjƒbƒ|ƒ“•ú‘—,ˆê•”‰ü‚´‚ñ‚³‚ê‚½‰Í–ì‘¾˜Y‚Ì”­Œ¾‚ªXã‚ÅŠgU@‰Í–ìu–@“I‘[’u‚ğæ‚év‚Æ”­M,https://news.yahoo.co.jp/articles/c37ffdb95e858742c45603f0b0e038f92cf777de,9/13(…) 17:40
nshaberu,ƒjƒbƒ|ƒ“•ú‘—,‰“üŠt‚Ìu”ñ‘Ò‹@‘gv ‰Á“¡ˆ¼q‚Ì‚İ‚ÅV‘N–¡‚ª‚È‚¢@‚‹´—mˆê‚ª“àŠt‰ü‘¢‚ÉŒ¾‹y,https://news.yahoo.co.jp/articles/1c7e1b8cfc379f5d649737f63ad7efb52a39c148,9/13(…) 17:35
nshaberu,ƒjƒbƒ|ƒ“•ú‘—,’†‘ŒoÏ‚Ì¸‘¬‚ÍAK‹ß•½‚ªƒCƒ“ƒh‚É‚àƒAƒƒŠƒJ‚É‚àus‚«‚½‚­‚È‚¢v‚Ù‚Ç‚ÌŒµ‚µ‚³,https://news.yahoo.co.jp/articles/0337db1f2b3ae15b95fd248f9c905df2b8c3ed11,9/13(…) 17:30
nshaberu,ƒjƒbƒ|ƒ“•ú‘—,ŠG–{‚Íq‚Ç‚à‚ªul¶‚ÅÅ‰‚ÉG‚ê‚é–{v@–F‰ê’¬—Bˆê‚Ì‘“XuBOOK FOREST X•S‰İ“Xv,https://news.yahoo.co.jp/articles/c74d8627e2d36a19f0b5c498d92f9feb13651fc0,9/13(…) 17:20
nshaberu,ƒjƒbƒ|ƒ“•ú‘—,Ši“¬‰ÆEì“‡—I‘¿ABreakingDown‚ÅƒAƒEƒgƒTƒCƒ_[‚Ì–¼‘Iè‚Æ12”N‚Ô‚è‚Ìç®ç,https://news.yahoo.co.jp/articles/6d323d67bfe6c5038b3ac9b845119380a809ca9f,9/13(…) 17:05
nshaberu,ƒjƒbƒ|ƒ“•ú‘—,‰F“s‹{‚ÌVì‰w•Ù‚É‚à‚È‚Á‚½u‚İ‚Ô‚ÌƒTƒr‚©‚ñv‚Æ‚ÍH,https://news.yahoo.co.jp/articles/567e33fff6bec6b6ae23cfb1b3633adee0331f96,9/13(…) 11:55
nshaberu,ƒjƒbƒ|ƒ“•ú‘—,ƒ}ƒaƒ‰ƒu–ì“cAw–ì“cƒQ[x‚ÌVì”­•\‚ğ—\u—ˆ”N‚Ì––‚Éo‚¹‚½‚ç‚¢‚¢•û‚Å‚·‚ËiÎjv,https://news.yahoo.co.jp/articles/e785909ddd65f5443d8e74e0ccfc7035ae0c3e23,9/13(…) 11:50
nshaberu,ƒjƒbƒ|ƒ“•ú‘—,ƒTƒ“ƒ{ƒ}ƒXƒ^[Aƒƒo[ƒgHR•¯‚·‚éƒLƒƒƒ‰‚ªD‚«‚·‚¬‚Ä–{l‚É“ËŒ‚u‚ ‚Ì˜b‚ğ‚µ‚¿‚á‚¢‚Ü‚µ‚½v,https://news.yahoo.co.jp/articles/c0e6174b0e4b63df47cded91cb3256b47e3b2ed3,9/13(…) 11:45
nshaberu,ƒjƒbƒ|ƒ“•ú‘—,ƒrƒbƒOƒ‚[ƒ^[‚Ì•s³¿‹‚É–Ú‚ğ‚Â‚Ô‚Á‚Ä‚µ‚Ü‚Á‚½‘¹•ÛƒWƒƒƒpƒ“‚ÌuˆË‘¶ŠÖŒWv,https://news.yahoo.co.jp/articles/7dc32848010009181b3c977d57f5675813c56970,9/13(…) 11:40
nshaberu,ƒjƒbƒ|ƒ“•ú‘—,USJƒXƒpƒCƒ_[ƒ}ƒ“‚ÌƒAƒgƒ‰ƒNƒVƒ‡ƒ“I—¹‚Æ¡Œã‚Ì‰Â”\«,https://news.yahoo.co.jp/articles/05132cee72bfcb0b7e7e6aca31019ae20b3e2a92,9/13(…) 11:40
nshaberu,ƒjƒbƒ|ƒ“•ú‘—,–k’©‘N‚ª‹‚ß‚éu‰q¯EƒƒPƒbƒg‹Zpv ƒƒVƒA‚ª—~‚µ‚¢u’e–òv@`‹à³‰¶‘‘‹L‚ÌƒƒVƒA–K–â,https://news.yahoo.co.jp/articles/b87bb4eaa1385a8c5f59377109d2efa9c78684c6,9/13(…) 11:35
nshaberu,ƒjƒbƒ|ƒ“•ú‘—,ƒgƒ‰ƒ“ƒv‚ÌuƒWƒ‡[ƒJ[v‚Á‚Ä‰½‚Ì‚½‚ß‚É‚ ‚é‚ÌH,https://news.yahoo.co.jp/articles/f21bbda8ef594d424dc32b9b6a26480098684b5c,9/13(…) 11:25
nshaberu,ƒjƒbƒ|ƒ“•ú‘—,ƒ^ƒNƒV[‚È‚ÇŠO‘l‰^“]èŠg‘å‚©@u“ú–{‚Í2ü’x‚êB‚±‚Ì‚Ü‚Ü‚¾‚Æ’¾–v‚·‚évh–V¡˜Y‚ªw“E,https://news.yahoo.co.jp/articles/84cb352e421d63db7b4fe133df24b07e5acbdb00,9/12(‰Î) 20:31
nshaberu,ƒjƒbƒ|ƒ“•ú‘—,iPhone 15‚ÌÅ‚‰¿Ši‚Íccu30–œ‰~I@‚»‚ê‚Å‚à“ú–{‚É‚ÍˆÀ‚­”„‚Á‚Ä‚¢‚évITƒWƒƒ[ƒiƒŠƒXƒgEOãA‚·‚Î‚è—\‘z,https://news.yahoo.co.jp/articles/bfffcc3ee5954e4c722c3f4e28135646eb613e4c,9/12(‰Î) 20:15
nshaberu,ƒjƒbƒ|ƒ“•ú‘—,ƒTƒ“ƒhƒEƒBƒbƒ`ƒ}ƒ“‚É—£¥EÄ¥‚ğ–\˜I‚³‚ê‚½Œã”yŒ|l‚ª’Q‚«ßuDŠ´“x—‚Æ‚µ‚½•û‚ª‚¢‚¢v,https://news.yahoo.co.jp/articles/6f6e9d4687091dc496037ad5d1eb10936e1e5fad,9/12(‰Î) 19:50
nshaberu,ƒjƒbƒ|ƒ“•ú‘—,uƒƒVƒA‚ğ‚Ü‚Æ‚à‚É‘Šè‚É‚·‚é‚Ì‚Í–k’©‘N‚®‚ç‚¢vh–V¡˜Y‚ªw“E@‹à³‰¶‚Æƒv[ƒ`ƒ“‚ª‹ß‚­ñ”]‰ï’k,https://news.yahoo.co.jp/articles/2fc4b926a594e56c6fe8857f81f229fdba30168b,9/12(‰Î) 18:55
nshaberu,ƒjƒbƒ|ƒ“•ú‘—,‘å‘Š–oEZ—m÷@¡‚¾‚©‚ç˜b‚¹‚é’n–‚Ì•”‰®¶Šˆ,https://news.yahoo.co.jp/articles/6dbbec5196a84d7d734e0acd9534355931d111b8,9/12(‰Î) 14:59
nshaberu,ƒjƒbƒ|ƒ“•ú‘—,ƒAƒbƒvƒf[ƒg‚µ‚Â‚Âƒtƒ@ƒ“‚ÌŠú‘Ò‚É‚à‰‚¦‚é@‰f‰æwƒNƒŠ[ƒh ‰ß‹‚Ì‹tPx,https://news.yahoo.co.jp/articles/0a16e11c35e6b04cf1b4e0413f5201bc2eca4749,9/12(‰Î) 11:55
nshaberu,ƒjƒbƒ|ƒ“•ú‘—,—Î‰©FĞ‰ïE’·‰®°qA‰ªèÑŠG‚ÆogEŒŒ‰tŒ^E”N—î‚ªˆê‚àu„A‘S‘R‚Å‚«‚È‚­‚Äv,https://news.yahoo.co.jp/articles/44041e0cc6b9be7fdb633cedb1568aae286eae11,9/12(‰Î) 11:50
nshaberu,ƒjƒbƒ|ƒ“•ú‘—,Ol˜YAƒWƒƒƒ“ƒ|ƒP‘¾“c‚ª‹ô‘R‰ï‚Á‚½Œã”yŒ|l‚Éšø‚ç‚È‚©‚Á‚½——R‚ğl@u[‘wS—‚Åccv,https://news.yahoo.co.jp/articles/f454688684bc526b0f81e2edf16d774df86cd4fc,9/12(‰Î) 11:45
nshaberu,ƒjƒbƒ|ƒ“•ú‘—,JO1”’Šâ—Ú•Puƒ~ƒbƒL[‚Ìæ‚è‡‚¢‚ª‚ ‚Á‚ÄiÎjv ƒAƒƒŠƒJŠÏŒõ‚Ì— ˜b,https://news.yahoo.co.jp/articles/faaefc7d310ab3fe76f8b8d01629dc72502d4940,9/12(‰Î) 11:40
nshaberu,ƒjƒbƒ|ƒ“•ú‘—,ƒgƒ‰ƒ“ƒv‚ÌuÅ‚à‹­‚¢ƒ}[ƒNv‚Á‚Ä‰½H@“–‰‚ÍuĞ‰ïŠK‹‰v‚ğ•\‚µ‚Ä‚¢‚½4í—Ş‚ÌŠGD,https://news.yahoo.co.jp/articles/5555171f2300979fc399ced7131d3489d48dd221,9/12(‰Î) 11:25
nshaberu,ƒjƒbƒ|ƒ“•ú‘—,u“àŠt‰ü‘¢‚ğ–‘OƒŠ[ƒNBŠİ“cñ‘Š‚Í“TŒ^“I‚È‹Œ—ˆŒ^­¡‰Æ‚¾vh–V¡˜Y‚ªw“E@`“àŠt‰ü‘¢13“ú‚É‚àÀ{,https://news.yahoo.co.jp/articles/56e1a76360f1ac47a7947983e9bbd2f4a071d33e,9/11(Œ) 18:35
nshaberu,ƒjƒbƒ|ƒ“•ú‘—,ƒgƒ‰ƒ“ƒv ‹c‰ïè‹’‚Ì‰Œö”»@ƒeƒŒƒr’†Œp‚Ì‰Â”\«‚àu“ú–{‚ÌÙ”»‚ÍÊ^‚à‰f‘œ‚à‹–‚³‚ê‚È‚¢vh–V¡˜Y‚ª•Â½«‚ğw“E,https://news.yahoo.co.jp/articles/4c67d74b8a0e9adf39ff62d67d010dd302e1abbe,9/11(Œ) 18:05
nshaberu,ƒjƒbƒ|ƒ“•ú‘—,u‰ö‰ä‚ÌŒãˆâÇ‚Åccv@–{•ÀŒ’¡AƒTƒbƒJ[“ú–{‘ã•\‚É‘I‚Î‚ê‚½u“–‚ÌS‹«vŒê‚é,https://news.yahoo.co.jp/articles/c64e2983db8e7e4a42b2833c1a9591c260a39292,9/11(Œ) 18:01
nshaberu,ƒjƒbƒ|ƒ“•ú‘—,ƒiƒCƒc”·A‘åD‚«‚ÈwVIVANTx‚ÌÅI‰ñ‚ğŠÏ‚ç‚ê‚È‚¢–î‚ğ–¾‚©‚·u‚à‚¤’N‚Æ‚à‰ï˜b‚µ‚È‚¢‚æccv,https://news.yahoo.co.jp/articles/a6eeb491b8cca614c49b4aee9cc56212a14006e3,9/11(Œ) 17:50
nshaberu,ƒjƒbƒ|ƒ“•ú‘—,ƒgƒ‰ƒ“ƒvA‹c‰ïè‹’‚Ì‰Œö”»‚ª24”N3Œ4“ú‚ÉuƒeƒŒƒr¶’†Œp‚Ì‰Â”\«Bw–¼Œó•â‘ˆ‚¢‚Å”g—‚Ì‰è‚Év•Ä‘å“—Ì‘I“V‰¤R‚Ì‘O“ú‚Éİ’è‚ÅAê–å‰Æ‚ªw“E,https://news.yahoo.co.jp/articles/c4fe8b7cfb2d6a3bc5b7b1511a8b7961f7180c7d,9/11(Œ) 17:45
nshaberu,ƒjƒbƒ|ƒ“•ú‘—,ƒZƒ“ƒ`ƒ…ƒŠ[‚ÌVƒ‚ƒfƒ‹‚ÍV‚µ‚¢ƒZƒ_ƒ“‚ÌƒJƒ^ƒ`H,https://news.yahoo.co.jp/articles/6e56dbc5620786afcd0a768f28327a623fe17a4e,9/11(Œ) 17:25
nshaberu,ƒjƒbƒ|ƒ“•ú‘—,ƒ‰ƒOƒr[W”t@‰í‰õŸ‚Ì“ú–{‘ã•\‚É¨‚¢‚ğŒÄ‚ñ‚¾g’x‚ê‚Ä‚«‚½’j‚½‚¿hƒAƒ}ƒgEƒtƒ@ƒJƒ^ƒ”ƒ@‚Æ‰ºìbk‚Ì•±“¬Œ€,https://news.yahoo.co.jp/articles/075cfec5fbcd1d28b3620883a79774dca55a7efb,9/11(Œ) 17:20
nshaberu,ƒjƒbƒ|ƒ“•ú‘—,ƒIƒŠƒGƒ“ƒ^ƒ‹ƒ‰ƒWƒI‚Íu‚â‚Á‚Ï‚è•‘‘ä‚É—§‚¿‚½‚¢‚İ‚½‚¢v@g–ŸË‹¦‰ï“ü‚èh‚ğŒˆ‚ß‚½S‹«‚ğƒiƒCƒc‚ª–¾‚©‚·,https://news.yahoo.co.jp/articles/10f42102e45dfa99961eea1e4c76700d795d7f60,9/11(Œ) 17:05
nshaberu,ƒjƒbƒ|ƒ“•ú‘—,‰F“s‹{‰w•Ù‚ÌŒ´“_‚Æ–¢—ˆ‚ğŒ‹‚ÔAƒ‰ƒCƒgƒŒ[ƒ‹‚ÌŠJ‹Æ‹L”O‰w•Ù‚Æ‚ÍH,https://news.yahoo.co.jp/articles/a077ad516c7d00cfd2a679006513796b60a21dce,9/11(Œ) 11:55
nshaberu,ƒjƒbƒ|ƒ“•ú‘—,”T–Øâ46 —^“c—SŠóA‰‚ÌŠCŠOˆêl—·‚ÅƒƒX‚És‚Á‚½‚±‚Æ‚ğ–¾‚©‚·u‚Â‚¢‚És‚¯‚½‚ñ‚Å‚·‚æIv,https://news.yahoo.co.jp/articles/9c4fde7120b6f922ec83182d1a213258b4457c1e,9/11(Œ) 11:55
nshaberu,ƒjƒbƒ|ƒ“•ú‘—,ŸNâ46 ˆäã—œ–¼Aƒ}ƒŒ[ƒVƒA–és‚ÌÕŒ‚ƒOƒ‹ƒ‚Éu‚¦A‘S‘R”ü–¡‚µ‚¢‚¶‚á‚ñIv,https://news.yahoo.co.jp/articles/b085a75d4d8a9b3d6707a94b0500288cae4c4f77,9/11(Œ) 11:50
nshaberu,ƒjƒbƒ|ƒ“•ú‘—,ƒtƒ‚¿‚á‚ñA‚”öR‚ÅƒAƒ“ƒ~ƒJ‚©‚çK‚Á‚½ì–@‚ğ—F’B‚É“`ö‚·‚é‚à—\‘zŠO‚Ì“WŠJ‚Éu‚¢‚âA‚»‚¤‚¢‚¤‚±‚Æ‚¶‚á‚È‚­‚ÄiÎjv,https://news.yahoo.co.jp/articles/4d6fcb30869ebba98d4682396bff50fcdd9e1898,9/11(Œ) 11:40
nshaberu,ƒjƒbƒ|ƒ“•ú‘—,’†“Œ‚ÌˆÀ’è‚ª“ú–{‚Ì‘‰v‚É‚Â‚È‚ª‚é@—ÑŠO‘Š‚ªƒTƒEƒW‚Æ‰‚Ìuí—ª‘Î˜bv,https://news.yahoo.co.jp/articles/bc3115bad10a45ad9c0f3192fb9d340ccdde68f6,9/11(Œ) 11:35
nshaberu,ƒjƒbƒ|ƒ“•ú‘—,‘o•û‚ÉƒƒŠƒbƒg‚ª‚ ‚éuƒƒVƒA‚Æ–k’©‘Nv@“Œ•ûŒoÏƒtƒH[ƒ‰ƒ€‚É‡‚í‚¹‚Äñ”]‰ï’kŠJÃ‚©,https://news.yahoo.co.jp/articles/1a9254088f43fe3e2879987912772ee5320e2ce7,9/11(Œ) 11:30
nshaberu,ƒjƒbƒ|ƒ“•ú‘—,‚È‚º“ú–{‚¾‚¯ƒgƒ‰ƒ“ƒv‚ğuƒgƒ‰ƒ“ƒvv‚ÆŒÄ‚Ô‚Ì‚©@ŠCŠO‚Å‚Íu•Ê‚ÌŒ¾—tv‚ğg‚¤,https://news.yahoo.co.jp/articles/0c1a1e0653601ce1c8475cd79c05905c43c76cea,9/11(Œ) 11:25
nshaberu,ƒjƒbƒ|ƒ“•ú‘—,ŸNâ46A7thƒVƒ“ƒOƒ‹”­”„Œˆ’èI@ƒ^ƒCƒgƒ‹‚Íw³”F—~‹x,https://news.yahoo.co.jp/articles/e5a144aa2a215a35843670fdbcb6ec6d5c019cca,9/11(Œ) 10:00
nshaberu,ƒjƒbƒ|ƒ“•ú‘—,‚ ‚ÌATGC•‘‘ä— ‚Åu‚Â‚¯‚Ü‚Â‚°‚Éƒgƒ‰ƒC‚µ‚Ü‚µ‚½v‚àƒvƒ`ƒnƒvƒjƒ“ƒO”­¶,https://news.yahoo.co.jp/articles/1ece4c061d6f827b30162cd68f440f7601ad92cd,9/10(“ú) 11:50
nshaberu,ƒjƒbƒ|ƒ“•ú‘—,ŸNâ46 ã‘ºä»ØA4”N‚Ô‚è‚Ìƒtƒ@ƒ“‘Î–Êƒg[ƒN‰ï‚ÉŠ´ŠSBˆäã—œ–¼‚àu‚¢‚¢‚Å‚·‚Ë‚¥v,https://news.yahoo.co.jp/articles/09a8d76b79bac8a9b48585c59b00bc94899e0fa6,9/10(“ú) 11:45
nshaberu,ƒjƒbƒ|ƒ“•ú‘—,Î•Ÿ’à’ß•rA•—ƒWƒ…ƒ“‚Æ‚ÌgƒxƒbƒhƒV[ƒ“h‚ğŒ©‚½‘§q‚Ì”½‰‚ğ–¾‚©‚· u”w’†‚¾‚¯‚Å‚àccv,https://news.yahoo.co.jp/articles/26f50223cf7b58103d13d89cdff9945aff86b714,9/10(“ú) 11:40
nshaberu,ƒjƒbƒ|ƒ“•ú‘—,’†‘‚ª“ú–{‚Ìˆ—…•úo‚ğ”ñ“ï‚·‚é‚Ì‚Íu‘–¯‚É—­‚Ü‚Á‚½ƒKƒXv‚ğ”²‚­‚½‚ß,https://news.yahoo.co.jp/articles/9930064ff13099aff382fcc9ee08a65a34940ced,9/10(“ú) 11:35
nshaberu,ƒjƒbƒ|ƒ“•ú‘—,‰ßŒƒ‚È”­Œ¾‚ğŒJ‚è•Ô‚·ƒCƒ“ƒtƒ‹ƒGƒ“ƒT[‚ªx‚ğW‚ß‚é——R,https://news.yahoo.co.jp/articles/2b10e78d9b1c39877694f8beec03955cb3c5887b,9/10(“ú) 11:35
nshaberu,ƒjƒbƒ|ƒ“•ú‘—,uí‘ˆv‚Í‚Ü‚¾‚Ü‚¾I‚í‚ç‚È‚¢@10‰­ƒhƒ‹ˆÈã‚ÌƒEƒNƒ‰ƒCƒix‰‡ô‚ğ•ÄƒuƒŠƒ“ƒPƒ“‘–±’·Š¯‚ª•\–¾‚à,https://news.yahoo.co.jp/articles/7bfff376fd4607ed4104f88d4e69d62715359a8a,9/10(“ú) 11:30
nshaberu,ƒjƒbƒ|ƒ“•ú‘—,‹cˆõ‚ª‹à‘K’ñ‹Ÿ‚ğó‚¯‚½Šé‹Æ‚ğ‰‰‡‚µ‚Ä‚àuŒö•\v‚·‚ê‚Î–â‘è‚È‚¢‚Ì‚ª•Ä‘@`H–{O‰@‹cˆõAgó‘õû˜dh‘ß•ß,https://news.yahoo.co.jp/articles/a517dd10081c50f765ecd0676bad308e8c880c12,9/10(“ú) 11:25
nshaberu,ƒjƒbƒ|ƒ“•ú‘—,ˆêí‚Ìuƒoƒgƒ‹ƒƒƒCƒ„ƒ‹vG20ƒTƒ~ƒbƒg‚¾‚ªA@ƒv[ƒ`ƒ“‚àK‹ß•½‚à•sİ‚Å–ğÒ•s‘«‚Ì¡‰ñ,https://news.yahoo.co.jp/articles/b57c3e8490a89c0759ee381d7f308997b6e4ee1f,9/10(“ú) 11:20
nshaberu,ƒjƒbƒ|ƒ“•ú‘—,“úŒüâ46 ¼“cD‰ÔA–²‚ÌwƒI[ƒ‹ƒiƒCƒgƒjƒbƒ|ƒ“xƒp[ƒ\ƒiƒŠƒeƒBA”C‚É—Ü‚Ågƒ‰ƒWƒIˆ¤hŒê‚éu’²q‚Éæ‚Á‚Ä‚½‚ç‹³‚¦‚Ä‚­‚¾‚³‚¢iÎjv,https://news.yahoo.co.jp/articles/b180543dc205d81c4b573588d5d119fe27573a0a,9/9(“y) 22:30
nshaberu,ƒjƒbƒ|ƒ“•ú‘—,ƒTƒ“ƒhˆÉ’B‚Ì¬ƒ{ƒP‚ª™R‚­U‚Á‚½AåŒ´ˆèŒb‚ÌƒTƒvƒ‰ƒCƒY‰‰ou‚ß‚¿‚á‚­‚¿‚á‰´ƒEƒP‚Ä‚ñ‚¾‚È‚Á‚Äv‚Á‚Ä‚½‚çccv,https://news.yahoo.co.jp/articles/ddf5ec908a299216cee02829ac0ae1fc235f2670,9/9(“y) 13:25
nshaberu,ƒjƒbƒ|ƒ“•ú‘—,“úŒüâ46 ²X–Ø‹v”üA–Ø—œŒ›•‚Ì”Ô‘g‚É•ƒ‚ªo‰‰‚µ‚Ä‚µ‚Ü‚Á‚½‚í‚¯‚ğ–¾‚©‚·u‚Ç‚¤‚¢‚¤ó‹µH ‚Á‚Ä•·‚¢‚½‚ñ‚¾‚¯‚Çccv,https://news.yahoo.co.jp/articles/b9bbf2d753fb62be14063265cfa3d3dc5ad66e39,9/9(“y) 11:50
nshaberu,ƒjƒbƒ|ƒ“•ú‘—,wƒz[ƒ“ƒeƒbƒhƒ}ƒ“ƒVƒ‡ƒ“xƒfƒBƒYƒj[Eƒe[ƒ}ƒp[ƒN‚Ì¢ŠEŠÏ‚ğ’‰À‚ÉÄŒ»‚µ‚½ƒzƒ‰[EƒGƒ“ƒ^[ƒeƒCƒ“ƒƒ“ƒg,https://news.yahoo.co.jp/articles/b7b9dfe25383ae9029557347fe45e1eb2c33aa08,9/9(“y) 11:30
nshaberu,ƒjƒbƒ|ƒ“•ú‘—,“úŒüâ46 ²X–Ø‹v”ü•¼“cD‰Ô‚ª”[“¾‚µ‚½AˆÀZaˆê˜YƒAƒi‚ÌŒ¾—tuŒ|”\ŠE©‘Ì‚ªccv,https://news.yahoo.co.jp/articles/0733e704b80831653ac255fa170f3c0fc21b006e,9/8(‹à) 20:10
nshaberu,ƒjƒbƒ|ƒ“•ú‘—,wVIVANTxƒƒCƒ“ƒe[ƒ}‚É‚Í‰ÌŒ‚ª‚ ‚Á‚½IH@ƒƒo[ƒgHRæ¶‚ªƒiƒCƒiƒC‚É“O’ê‰ğàI,https://news.yahoo.co.jp/articles/0c21e68a9d45ebf4395f5916b7b3fc2cadd84f96,9/8(‹à) 17:55
nshaberu,ƒjƒbƒ|ƒ“•ú‘—,ƒI[ƒhƒŠ[A¯–ìŒ¹‚Ì“Œ‹ƒh[ƒ€ƒ‰ƒCƒuå‘è‰Ì’S“–Œˆ’è‚É‘åŠ´Œƒu‚ ‚è‚ª‚Æ‚¤‚²‚´‚¢‚Ü‚·Iv,https://news.yahoo.co.jp/articles/03a43461c89ffced8969459da43cb822c915de27,9/8(‹à) 17:50
nshaberu,ƒjƒbƒ|ƒ“•ú‘—,â–{—´”n‚â‹g“c¼‰A‚à’Œh‚µ‚Ä‚½IH@“í–Ø³¬Œö‚ğâJ‚é–©ì_Ğ‚É‚Äƒ‰ƒ“ƒpƒ“ƒvƒX‚ª‡Ši‹FŠèI,https://news.yahoo.co.jp/articles/8223abdb5f19844ef5de716def25b8fd555afdcd,9/8(‹à) 15:00
nshaberu,ƒjƒbƒ|ƒ“•ú‘—,D–y‰w•Ù‚ÌuƒWƒ“ƒMƒXƒJƒ“˜¥v‚ª’Ê”N”Ì”„‚É‚È‚Á‚½——R,https://news.yahoo.co.jp/articles/9fac8ba1e60698d2ffdf371fe5c8d10681ac0164,9/8(‹à) 11:55
nshaberu,ƒjƒbƒ|ƒ“•ú‘—,‚à‚àƒNƒE²X–ØÊ‰Äu„‚Íƒ|ƒWƒeƒBƒu‚ÈƒCƒ[ƒW‚ğ‚½‚ê‚é‚ñ‚¾‚¯‚Çccv—‚¿‚Ü‚È‚¢‚½‚ß‚Ì”éô,https://news.yahoo.co.jp/articles/6e2ff5825073013cf2cd273cedfc5fce5c78a13f,9/8(‹à) 11:45
nshaberu,ƒjƒbƒ|ƒ“•ú‘—,“úŒüâ46 ¼“cD‰Ô‚ª–¾‚©‚·A²X–Ø‹v”ü‚ÌàÈ‹^S‚Ì‹­‚³u‚ß‚Á‚¿‚áwƒhƒbƒLƒŠ‚¾x‚Á‚Ä‹^‚¢‚Ü‚·‚æ‚ËiÎjv,https://news.yahoo.co.jp/articles/fb3b034fa9cef9bc3e35ad7335999c00f56f1842,9/8(‹à) 11:40
nshaberu,ƒjƒbƒ|ƒ“•ú‘—,“ú–{‚ÅÅ‚àu’x‚¢vƒWƒFƒbƒgƒR[ƒXƒ^[@Å‚‘¬‚Í‰½ƒLƒH,https://news.yahoo.co.jp/articles/4a00bbefe9bc6cce21074a9651631d486f791bf9,9/8(‹à) 11:25
nshaberu,ƒjƒbƒ|ƒ“•ú‘—,ƒCƒ“ƒhA‘–¼‚Éƒqƒ“ƒfƒB[Œêuƒo[ƒ‰ƒgvg—p‚Å”g–ä@u‚ ‚­‚Ü‚Å‚à‘“à‚Ì­¡“¬‘ˆ‚ÌˆêŠÂ‚¾vê–å‰Æ‚ª‰ğà,https://news.yahoo.co.jp/articles/52fb50f79ac9e5d8f38fc9e5458a73b1f60d871e,9/7(–Ø) 19:45
nshaberu,ƒjƒbƒ|ƒ“•ú‘—,K‹ß•½AG20ñ”]‰ï‹c‚ğŒ‡È‚Ö@u‘‹«•´‘ˆ‚Ì‘Šè‘ƒCƒ“ƒh‚É‰Ô‚ğ‚½‚¹‚½‚­‚È‚¢‚©‚ç‚¾vê–å‰Æ‚ª‰ğà,https://news.yahoo.co.jp/articles/6e888f472bc9d2ebe64fc1b883efa7a2cac4560a,9/7(–Ø) 19:35
nshaberu,ƒjƒbƒ|ƒ“•ú‘—,ˆ—…„‚é’†‘‚ÌˆóÛ‘€ì‚Íu‘“àŒü‚¯‚ÌƒAƒs[ƒ‹‚ÅA•‰‚¯í‚¾vê–å‰Æ‚ª‰ğà,https://news.yahoo.co.jp/articles/f48418d301c3c77f1bc7e8f140bfd1b97d8eeed7,9/7(–Ø) 19:25
nshaberu,ƒjƒbƒ|ƒ“•ú‘—,ƒnƒiƒRHR ¢˜f@ƒLƒ“ƒOƒIƒuƒRƒ“ƒg—\‘Ioê‚ÌƒiƒCƒc”·‚Ö‚Ì•Œ¾‚ªüˆÍ‚©‚ç–J‚ß‚ç‚êuG’k’ö“x‚É˜b‚µ‚½‚¾‚¯ccv,https://news.yahoo.co.jp/articles/f88fb0840acaa304de2cb1d7e130f3c7f33145b8,9/7(–Ø) 19:00
nshaberu,ƒjƒbƒ|ƒ“•ú‘—,—lX‚È‚à‚Ì‚ğ”w•‰‚¢‚È‚ª‚çccŒÃì‘‰F’ˆ”òsmA‰F’ˆ’·Šú‘Øİn‚Ü‚é,https://news.yahoo.co.jp/articles/a956674b4263b6d8d1f3c0945b75c712e9ee7a2d,9/7(–Ø) 17:20
nshaberu,ƒjƒbƒ|ƒ“•ú‘—,EXITAƒiƒCƒc‚©‚ç‚ÌgƒRƒƒ“ƒgB‚èh‚Ö‚Ìƒ_ƒo‚µ‚É“®—h@“y‰®u‚à‚¤”Ò‰ñ‚Å‚«‚È‚¢‚ñ‚¾‚©‚çccv,https://news.yahoo.co.jp/articles/3eeb360e540f271fd48628c50519b2e230194746,9/7(–Ø) 11:45
nshaberu,ƒjƒbƒ|ƒ“•ú‘—,u¢ŠE‰‚ÌƒWƒFƒbƒgƒR[ƒXƒ^[v‚ÍA‘¬‰½ƒLƒ‚¾‚Á‚½‚ÌH,https://news.yahoo.co.jp/articles/a366426bb036a1f97be4da0e18559608faed0a39,9/7(–Ø) 11:25
nshaberu,ƒjƒbƒ|ƒ“•ú‘—,2022”N“x‚ÌÅûu‘O”N“x”ä4’›‰~‚Ì‘‰Áv‚ÍuÁ”ïÅ‚ğ2“vã‚°‚½‚Ì‚Æ“¯‚¶Åû‘‰Á,https://news.yahoo.co.jp/articles/0e86d53bc73433e0332abd64e30cd364ae2ff312,9/6(…) 19:20
nshaberu,ƒjƒbƒ|ƒ“•ú‘—,ƒiƒCƒcAwVIVANTx‚Ì˜b‚ğƒ‰ƒWƒI‚Å‚µ‚·‚¬‚ÄƒXƒ^ƒbƒt‚©‚çƒNƒMh‚³‚ê‚é‚à“àS‚Åƒjƒ„ƒŠu‚Å‚à‹t‚ÉŒ¾‚¦‚Îccv,https://news.yahoo.co.jp/articles/eaad8874623aef94fa9e0f414af282c97a637c25,9/6(…) 19:10
nshaberu,ƒjƒbƒ|ƒ“•ú‘—,’†‘uV’n}v‚ÉŠe‘”½”­@u‘˜A‚Ì˜g‘g‚İ‚Å‚Í‚È‚¢V‚µ‚¢‘ÛĞ‰ï‚Ìİ‚è•û‚ªA‚»‚ë‚»‚ë•K—v‚¾vh–V¡˜Y‚ªw“E,https://news.yahoo.co.jp/articles/9ab148011a9347beada932c59bbea91adcebe57b,9/6(…) 19:05
nshaberu,ƒjƒbƒ|ƒ“•ú‘—,’©‘Nl–¯ŒR‚ğƒƒVƒA”hŒ­‚©@u‚ ‚Á‚Ä‚à•sv‹c‚Í‚È‚¢vê–å‰Æ‚ª‰ğà@`‹à³‰¶Aƒv[ƒ`ƒ“‘å“—Ì‚Æ‰ï’kŒv‰æ,https://news.yahoo.co.jp/articles/d23aefe794d2896c71f695b3c7ef24a8ca2d7de5,9/6(…) 18:05
nshaberu,ƒjƒbƒ|ƒ“•ú‘—,Šİ“cñ‘ŠPŒ‚A—e‹^Ò‚ğ‹N‘i@u¸_ŠÓ’è‚Í‹N‘i‘O‚¾‚¯‚Å‚È‚­AÙ”»’†‚à•K—v‚¾vh–V¡˜Y‚ªw“E,https://news.yahoo.co.jp/articles/e31934a3d0ecff8cf83efae7e780070c2ce71bb4,9/6(…) 17:55
nshaberu,ƒjƒbƒ|ƒ“•ú‘—,Ol˜YE‘Š“cAƒVƒ\ƒ“ƒk’·’Jì‚©‚ç’“Ôê’T‚µ‚ÌƒAƒhƒoƒCƒXu©•ª‚Ì‘«‚ÅŒ©‚Â‚¯‚é‚µ‚©‚È‚¢‚Á‚Äv,https://news.yahoo.co.jp/articles/138c3df7d1e79f836c50c9eeeb6688b2fe52b942,9/6(…) 17:50
nshaberu,ƒjƒbƒ|ƒ“•ú‘—,²‹vŠÔésAƒEƒGƒXƒgƒ‰ƒ“ƒh‚ÌVƒlƒ^‚ğ‘åâ^u‚Ü‚½M-1‚ğ—DŸ‚Å‚«‚é‚Á‚ÄƒEƒƒT‚Év,https://news.yahoo.co.jp/articles/d21f6ddd1a6f0d31ef1587bf57fa59b5204bdb36,9/6(…) 17:45
nshaberu,ƒjƒbƒ|ƒ“•ú‘—,u©—R‚ÅŠJ‚©‚ê‚½ƒCƒ“ƒh‘¾•½—mv‚Æu–@‚Ìx”zv‚ªV‚½‚È¢ŠE’˜‚Ì’†S“I‚ÈŠT”O‚É@uASEANñ”]‰ï‹cv‚Å‚Ì‘å‚«‚È“ú–{‚Ì–ğŠ„,https://news.yahoo.co.jp/articles/f4d22304cc2bf3f29e1657dd5422479e382338a9,9/6(…) 17:35
nshaberu,ƒjƒbƒ|ƒ“•ú‘—,«”Æß—ğŠm”Fu“ú–{”ÅDBSv‚Ì‰Û‘è@`u“àS‚Ì©—Rv‚ÆuÀÛ‚Ìs“®v‚Ì‹æ•Ê‚ğŒµ–§‚É@²X–Ør®‚ªŒ¾‹y,https://news.yahoo.co.jp/articles/429318d06257fc5dbee3372081791c932ea47cd3,9/6(…) 17:30
nshaberu,ƒjƒbƒ|ƒ“•ú‘—,uŠÖ“Œ‘åkĞŒã‚Ìƒfƒ}v‚É‚æ‚é100”N‘O‚ÌEl–Œ@u’N‚à‚ª‰ÁŠQÒ‚É‚È‚é‰Â”\«‚àv,https://news.yahoo.co.jp/articles/2cab115c6e2598755f9abca3f737b2b19d7eedcf,9/6(…) 17:20
nshaberu,ƒjƒbƒ|ƒ“•ú‘—,Ši“¬‰ÆEì“‡—I‘¿ABreakingDown ‚Å’©‘q–¢—ˆ‚Æ‚Ì‘Îí‚ğ”M–]u1•ªŠÔ‚È‚ç©M‚ ‚év,https://news.yahoo.co.jp/articles/f4f18fbc0ed957811df7f127b35cbf8554124d51,9/6(…) 17:05
nshaberu,ƒjƒbƒ|ƒ“•ú‘—,u–œ”vƒpƒrƒŠƒIƒ“Œšİ‚Ì’x‚ê‚Æ˜A“®‚©@u‘åãIRv2030”N‚ÉŠJ‹Æ‰„Šú,https://news.yahoo.co.jp/articles/289f0a767bdb804b77eb6354e474e85ec5ce910a,9/6(…) 12:30
nshaberu,ƒjƒbƒ|ƒ“•ú‘—,ƒjƒVƒ“‚Ìƒoƒbƒeƒ‰õi‚Í‚È‚º¡AD–y‚Ì‰w•Ù‚É“oê‚µ‚½‚Ì‚©H,https://news.yahoo.co.jp/articles/1d6a3385c0001e4bc35a8b056034e02c1e941583,9/6(…) 11:55
nshaberu,ƒjƒbƒ|ƒ“•ú‘—,‹ƒAƒj•ú‰ÎEl@u‰A–d˜_v‚ÆuS_‘r¸v‚Ì‹«–Ú‚Í‰½‚È‚Ì‚©,https://news.yahoo.co.jp/articles/a1b5b9cea6c5306651a7aa75af0704b8442417e6,9/6(…) 11:55
nshaberu,ƒjƒbƒ|ƒ“•ú‘—,‘š~‚è–¾¯uæŒ©‚Ì–¾‚ªƒCƒJ‚Â‚¢Iv  Å‰‚É–Ú‚ğ‚©‚¯‚Ä‚­‚ê‚½æ”yŒ|l‚ÉŠ´Ó,https://news.yahoo.co.jp/articles/e45ae11aefed3cbffc70741cef66ea0c5cb4fc8b,9/6(…) 11:50
nshaberu,ƒjƒbƒ|ƒ“•ú‘—,ƒ}ƒaƒ‰ƒuAŒZ–…YouTuberƒhƒƒsƒUE—½‚Éˆ ‘Ru‚à‚Ì‚·‚²‚¢ƒXƒs[ƒh‚Å‹A‚Á‚Ä‚«‚½‚Ëccv,https://news.yahoo.co.jp/articles/9499354ec2cb0c2ccc9f4c10c768768fb44e852f,9/6(…) 11:45
nshaberu,ƒjƒbƒ|ƒ“•ú‘—,EXITA‚µ‚¸‚éKAMA‚Ì¥}ì•iƒI[ƒfƒBƒVƒ‡ƒ“˜b‚É”šÎu‰½‚µ‚Ä‚é‚ñ‚Å‚·‚©iÎjv,https://news.yahoo.co.jp/articles/2adb8f079305f4117e38ce9d06aa2a001800d891,9/6(…) 11:40
nshaberu,ƒjƒbƒ|ƒ“•ú‘—,ˆ—…•úo‚Ö‚Ì–Ò”á”»@’†‘­•{‚Ìu–¡•ûv‚ğ‚·‚é“ú–{‚ÌuƒŠƒxƒ‰ƒ‹v‚Ö‚Ìˆá˜aŠ´,https://news.yahoo.co.jp/articles/fdb820fe03883d1937be04d03e2960aac29a0227,9/6(…) 11:35
nshaberu,ƒjƒbƒ|ƒ“•ú‘—,ƒAƒ“ƒK[ƒ‹ƒY“c’†uÔŒŸ‚à©”…Ó‚àØ‚ê‚¿‚á‚Á‚½‚çccv ˆ¤Ô‚ÌƒWƒƒƒK[‚ğ„‚égƒŒƒbƒJ[–â‘èh‚Å‘åƒsƒ“ƒ`H,https://news.yahoo.co.jp/articles/93d3adfadd180a5cdc6744381c7c3b848140df6f,9/6(…) 11:30
nshaberu,ƒjƒbƒ|ƒ“•ú‘—,‚Ç‚ê‚­‚ç‚¢’m‚Á‚Ä‚éH@íŒãAŸX‚É’a¶‚µ‚½u‘åŒ^—V‰€’nv,https://news.yahoo.co.jp/articles/801b3012f95c4f3522222dcb34fe762015dcce9b,9/6(…) 11:25
nshaberu,ƒjƒbƒ|ƒ“•ú‘—,h–V¡˜Y‚ª‰H“cs‚«—·‹q‹@‚ÅŠØ‘ƒAƒCƒhƒ‹‚Ææ‚è‡‚í‚¹H@uSEVENTEEN‚Å‚Ív‚Æ‚Ìî•ñ‚Éuƒˆƒ“‚³‚Ü‚æ‚èl‹C‚È‚ÌHv,https://news.yahoo.co.jp/articles/5d4f8340d9063f88ed0d94569a2086c2e9526a0d,9/5(‰Î) 20:10
nshaberu,ƒjƒbƒ|ƒ“•ú‘—,Y‹x‚©‚ç•œ‹A‚ÌRí•ƒPƒCAu‚ß‚¿‚á‚­‚¿‚á•|‚¢vY‰Èˆã‚ª‘Ş‰@“ú‚ÉŒ¾‚Á‚Ä‚­‚ê‚½uƒcƒ“ƒfƒŒv‚ÈŒ¾—t‚ğ–¾‚©‚·,https://news.yahoo.co.jp/articles/4bf2dd7113ace85e30bac01d58f3b5e89ad63842,9/5(‰Î) 20:00
nshaberu,ƒjƒbƒ|ƒ“•ú‘—,“àŠtŠ´õÇŠë‹@ŠÇ—“Š‡’¡‚ª”­‘«@u‚·‚Å‚ÉŠë‹@ŠÇ—ŠÄ‚ª‚¨‚èAŠÅ”Â‚ÌŠ|‚¯‘Ö‚¦‚Å‚Íg‚¢‚à‚Ì‚É‚È‚ç‚È‚¢vê–å‰Æ‚ªw“E,https://news.yahoo.co.jp/articles/5e714813a7a9ee4f38c80a4bbc351e8a0e7049fc,9/5(‰Î) 19:35
nshaberu,ƒjƒbƒ|ƒ“•ú‘—,‹ƒAƒjEl•ú‰Î‚Å‰Œö”»@uÂ—t”í‚Ìw‚â‚è‰ß‚¬‚½x”­Œ¾‚Ì”wŒi‚É•ÙŒì‘¤‚Ìv˜fvh–V¡˜Y‚ªw“E,https://news.yahoo.co.jp/articles/6284dd043e7bcebdac75821283ee6262189637bb,9/5(‰Î) 19:30
nshaberu,ƒjƒbƒ|ƒ“•ú‘—,uê“–‚½‚è“Iv‚ÈƒCƒ“ƒ{ƒCƒX§“x‚Ö‚Ì‘Î‰@‚¢‚Ü‚©‚ç‚Å‚Í‰½‚ç‚©‚Ì‹~Ï‘[’u‚ğİ‚¯‚é‚­‚ç‚¢‚µ‚©‚Å‚«‚È‚¢,https://news.yahoo.co.jp/articles/89790605fdba57e79c5db36dd16970606e0cfa54,9/5(‰Î) 17:45
nshaberu,ƒjƒbƒ|ƒ“•ú‘—,’†‘‚ÌŒi‹CŒ¸‘¬‚ª‚‚Ü‚ê‚ÎƒAƒƒŠƒJ‚â“ú–{‚É‚à‰e‹¿@9Œ‚ÌFOMC‚Å‚Íu—˜ã‚°vŒ©‘—‚è‚à,https://news.yahoo.co.jp/articles/235eba9fc5f8c3069b3a5472c14c62ebb9dff929,9/5(‰Î) 17:40
nshaberu,ƒjƒbƒ|ƒ“•ú‘—,•Ó–ìŒÃŠî’nˆÚİ‚Í“ú–{‘S‘Ì‚ÌˆÀ‘S•Ûá‚ÉŠÖ‚í‚é–â‘è@‘ÅŠJô‚ğ‘‹}‚ÉŒ©‚Â‚¯‚È‚¯‚ê‚Î‚È‚ç‚È‚¢,https://news.yahoo.co.jp/articles/8e12d8f5f452b4ed895258a4231fe0c2a5428f4c,9/5(‰Î) 17:35
nshaberu,ƒjƒbƒ|ƒ“•ú‘—,ˆÀ”{”h‚ªx‚ğ•\–¾‚µ‚½‚±‚Æ‚Åu‰ğUv‚Ì•K—v‚ª‚È‚­‚È‚Á‚½Šİ“c“àŠt,https://news.yahoo.co.jp/articles/e9f13f435ff4e5dc93d845cc2c548dbfbc5ac0a8,9/5(‰Î) 17:30
nshaberu,ƒjƒbƒ|ƒ“•ú‘—,ƒAƒCƒXƒzƒbƒP[E•½–ì—Tu˜N@u–²v,https://news.yahoo.co.jp/articles/ae47a431fdf92811810ea867489fad001385a5fe,9/5(‰Î) 14:59
nshaberu,ƒjƒbƒ|ƒ“•ú‘—,K‹ß•½‚ªG20ƒTƒ~ƒbƒg‚ÉuoÈ‚µ‚È‚¢v‚±‚Æ‚ğƒAƒƒŠƒJ‚Í6Œ‚Ì“_‚Å”cˆ¬‚µ‚Ä‚¢‚½,https://news.yahoo.co.jp/articles/98455edbfb13e8e4f3f5df300b22f2605ce079b9,9/5(‰Î) 12:30
nshaberu,ƒjƒbƒ|ƒ“•ú‘—,‹à³‰¶‚Íu—ñÔv‚ÅƒEƒ‰ƒWƒIƒXƒgƒN‚Ü‚ÅŠÔ‚ğŠ|‚¯‚ÄˆÚ“®‚·‚é‚Ì‚©H@‹à³‰¶‚Æƒv[ƒ`ƒ“‘å“—Ì‚ª‰ï’k‚ğŒv‰æ,https://news.yahoo.co.jp/articles/edaded93c4a5657a26b66449b6bc68d9ee06dbaa,9/5(‰Î) 11:35
nshaberu,ƒjƒbƒ|ƒ“•ú‘—,g‚Ğ‚çƒp[h‚±‚Æu‚Ğ‚ç‚©‚½ƒp[ƒNv‚Ì“ú–{‚É‚¨‚¯‚éu‚·‚²‚¢‹L˜^v,https://news.yahoo.co.jp/articles/061d7cb64399f694f35ae1b7ed0e4cd3860bd388,9/5(‰Î) 11:25
nshaberu,ƒjƒbƒ|ƒ“•ú‘—,ƒŠÖ“Œ‘åkĞ‚©‚ç100”N„@uã_‘åkĞ‚ÌÛ‚ÉA—×‚Ì‘åã‚©‚ç‚Ì‚ñ‚«‚ÈƒeƒŒƒr”Ô‘g‚Ì•ú‘—‚ªccB”á”»‚à‚ ‚Á‚½‚ªA‘åã‚É‚Í•’Ê‚Ì¶Šˆ‚ª‚ ‚é‚Æ•ª‚©‚Á‚½vh–V¡˜Y‚ªU‚è•Ô‚é,https://news.yahoo.co.jp/articles/57b7782610fabc76d98151c3ca5ef9e413cab82d,9/4(Œ) 19:45
nshaberu,ƒjƒbƒ|ƒ“•ú‘—,ƒŠÖ“Œ‘åkĞ‚©‚ç100”N„@uĞŠQ‚Éƒfƒ}‚ğ—¬‚·l‚Í•K‚¸‚µ‚àˆ«ˆÓ‚ğ‚Á‚½l‚Å‚Í‚È‚¢vh–V¡˜Y‚ªw“E,https://news.yahoo.co.jp/articles/7e4b68ce0c4c94030f6dab9e610b0fe5d27a8a68,9/4(Œ) 19:15
nshaberu,ƒjƒbƒ|ƒ“•ú‘—,ƒŠÖ“Œ‘åkĞ‚©‚ç100”N„@u“ú–{‚ÌŠX‚Í‘Ï‰Î‚Å‚Í‚È‚­“ï”RB“¯‘½”­‚Å‹N‚«‚é’nk‰ÎĞ‚ÌƒŠƒXƒN‚ğ”F¯‚·‚×‚«‚¾vê–å‰Æ‚ª‰ğà,https://news.yahoo.co.jp/articles/77cd2e15c805fed7a02a01d213d1da41bd705dcb,9/4(Œ) 19:00
nshaberu,ƒjƒbƒ|ƒ“•ú‘—,ƒiƒCƒcA‹vX‹¤‰‰‚ÌTKO‚Æ‚Ì‚â‚è‚Æ‚è‚ğ–¾‚©‚·u‹vX‚Ìƒlƒ^‚È‚Ì‚ÉAŒã”y‚ª’N‚àŒ©‚Ä‚È‚­‚ÄiÎjv,https://news.yahoo.co.jp/articles/f77b0e5ec9d8ea1744dfb7202bf9d7e82c32835c,9/4(Œ) 18:30
nshaberu,ƒjƒbƒ|ƒ“•ú‘—,uASEANŠÖ˜A‰ï‡v‚É‚¨‚¯‚é“ú–{‚âƒAƒƒŠƒJ‚ÌŠî–{“I‚ÈƒXƒ^ƒ“ƒX‚ÍuŒoÏˆÀ‘S•Ûá‚ÉŠÖ‚µ‚Äü•Ó’nˆæ‚ğŒÅ‚ß‚év‚±‚Æ,https://news.yahoo.co.jp/articles/701baddc586063fa14af1fdac2a17cab3053796b,9/4(Œ) 17:45
nshaberu,ƒjƒbƒ|ƒ“•ú‘—,‚»‚±‚É‚ ‚é‚Ì‚Í•Ä’†‚Ìuî•ñív@‘ä˜pŒR‚Ì8Œ‚Ìu•Ä–{“yŒR–‰‰KQ‰Áv‚ª‚¢‚Ü‚É‚È‚Á‚Ä•ñ“¹,https://news.yahoo.co.jp/articles/bb964ae4205432da7f13dcb09e777565ffd11890,9/4(Œ) 17:40
nshaberu,ƒjƒbƒ|ƒ“•ú‘—,“Æƒ\í‚ğˆø‚«‡‚¢‚ÉuƒEƒNƒ‰ƒCƒi‚É–¡•û‚·‚é‘‚Íƒiƒ`ƒX‚Æ“¯‚¶v‚Æ‘–¯‚É‘i‚¦‚éƒƒVƒA@—ğj‚ğ­¡—˜—p,https://news.yahoo.co.jp/articles/abe77f0fc72a8a366a5a5df5fc3090b1add518f2,9/4(Œ) 17:35
nshaberu,ƒjƒbƒ|ƒ“•ú‘—,uŠæ‚È–ì“}v‚Æˆêü‚ğ‰æ‚·–ì“}‚Ìİ‚è•û‚ÌˆÓ‹`@‘–¯–¯å‘ã•\‚Éu‹¦’²˜Hüv‹Ê–ØÄ‘I,https://news.yahoo.co.jp/articles/ec10eca6a834646b989868ad4243abcba970901a,9/4(Œ) 17:30
nshaberu,ƒjƒbƒ|ƒ“•ú‘—,‘€ì«‚Æ‚ÍH@lŠÔHŠw‚Æ‚ÍH,https://news.yahoo.co.jp/articles/ff684de7f6e8d25ad1aa60d6f8e52a0e358870ee,9/4(Œ) 17:20
nshaberu,ƒjƒbƒ|ƒ“•ú‘—,ˆ—…•úo@’†‘­•{‚ª…–“•a‚Ì‰f‘œ‚ğg‚¢u“¯‚¶‚±‚Æ‚ª‹N‚«‚év‚Æ‹Uî•ñ‚ğŠgU,https://news.yahoo.co.jp/articles/0c6691ade9cf48709beb1f2ab7f2e321656aaba5,9/4(Œ) 12:30
nshaberu,ƒjƒbƒ|ƒ“•ú‘—,•§’d‚Å—V‚Ñ‚¨‹Ÿ‚¦•¨‚ğH‚×‚Ä‚µ‚Ü‚¤ƒlƒR‚Íg”±“–‚½‚èh‚È‚Ì‚©H ‚¨–V‚³‚ñ‚ª‰ñ“š,https://news.yahoo.co.jp/articles/e1812f8077a9ad806add424b0adda811863cbb34,9/4(Œ) 12:00
nshaberu,ƒjƒbƒ|ƒ“•ú‘—,–kŠC“¹‚Ìgü—Vh‹C•ª‚ªŠy‚µ‚ß‚éAD–y‚ÌVì‰w•Ù‚Æ‚ÍH,https://news.yahoo.co.jp/articles/3a5c093d3ec313724fbb640c173620fc656ddb90,9/4(Œ) 11:55
nshaberu,ƒjƒbƒ|ƒ“•ú‘—,JO1“¤Œ´ˆê¬u‘å’J‘Iè‚Æ‚©ƒ}ƒCƒNEƒgƒ‰ƒEƒg‘Iè‚Æ‚©‚àŒ©‚é‚±‚Æ‚ª‚Å‚«‚ÄvƒAƒƒŠƒJŠÏŒõ‚ğ‘å–‹i,https://news.yahoo.co.jp/articles/e2592552d5aca9787be3321433583076a1b8535e,9/4(Œ) 11:50
nshaberu,ƒjƒbƒ|ƒ“•ú‘—,u–Úw‚¹ƒxƒXƒg4IvƒTƒ“ƒhƒEƒBƒbƒ`ƒ}ƒ“Aƒ‰ƒOƒr[“ú–{‘ã•\‚Ì‰‰‡ƒTƒ|[ƒ^[‚Æ‚µ‚Ä‘S—ÍƒTƒ|[ƒgI,https://news.yahoo.co.jp/articles/7703ecf3c100679fb00a76d5990ced723fa57c09,9/4(Œ) 11:45
nshaberu,ƒjƒbƒ|ƒ“•ú‘—,‹Œ“ˆê‹³‰ï‚Öu‰ğU–½—ßv¿‹•ûj@Šİ“cñ‘Š‚É‹‚ß‚ç‚ê‚éu‹B‘R‚Æ‚µ‚½‘Î‰v,https://news.yahoo.co.jp/articles/043bf93d28c2b4558e7eabaca49036c3b355ab19,9/4(Œ) 11:35
nshaberu,ƒjƒbƒ|ƒ“•ú‘—,u—V‰€’nv‚É‚Í‚È‚­uƒe[ƒ}ƒp[ƒNv‚É‚Í‚ ‚é‚à‚Ì‚Á‚Ä‰½H,https://news.yahoo.co.jp/articles/1ead66005ac661719a3a44498cf22fd5d4412683,9/4(Œ) 11:25
nshaberu,ƒjƒbƒ|ƒ“•ú‘—,Œ³ƒTƒbƒJ[“ú–{‘ã•\E–{•ÀŒ’¡A‚È‚ºut‘Ÿ”j—ôv‚Å‚àƒvƒŒ[‚µ‘±‚¯‚ç‚ê‚½‚Ì‚©,https://news.yahoo.co.jp/articles/3a9d633f54a2725f8f761689897b497c2f12e149,9/4(Œ) 10:44
nshaberu,ƒjƒbƒ|ƒ“•ú‘—,‹£”n—\‘zƒR[ƒi[‚ÅA”Ô‘gjãÅ‚Šz61–œ2300‰~“I’†I ƒjƒbƒ|ƒ“•ú‘—w“y“cW”V@“ú—j‚Ì‚Ö‚»x,https://news.yahoo.co.jp/articles/c41e9a5be08c061d32b8724b7ccce26b7626b1b8,9/3(“ú) 21:30
nshaberu,ƒjƒbƒ|ƒ“•ú‘—,”T–Øâ46 ‹v•Ûj—¢u„‚ªw–{‹C‚Å’@‚¢‚Ä‚İ‚ëIx‚Á‚ÄŒ¾‚Á‚½‚çccv “c‘º^—C‚©‚ç—\‘zŠO‚ÌuƒoƒV[ƒ“Iv,https://news.yahoo.co.jp/articles/3e3b8ad122d740dc0aa411677e453632a6148bab,9/3(“ú) 11:55
nshaberu,ƒjƒbƒ|ƒ“•ú‘—,ƒpƒ“ƒT[”öŒ`u‚¢‚¢’j‚¾‚æ`I ƒJƒbƒR‚¢‚¢v ‚İ‚¿‚å‚Ï‚Ì•vE‘å‘qm–å‚ğâ^,https://news.yahoo.co.jp/articles/a8487bc1efc3b896b4b7d04e8a157bbde5edc6cb,9/3(“ú) 11:50
nshaberu,ƒjƒbƒ|ƒ“•ú‘—,ŸNâ46 ˆäã—œ–¼AOŠú¶E“I–ì”üÂ‚Ìg8ŠÔ–v“ª‚·‚é“Á‹Zh‚Éu‚ ‚ÌƒNƒIƒŠƒeƒB‚Í‚·‚²‚¢v,https://news.yahoo.co.jp/articles/b6cd69f994c05e44e5cc99ee6c0240cf640c32ed,9/3(“ú) 11:45
nshaberu,ƒjƒbƒ|ƒ“•ú‘—,u‚â‚Î‚¢“X‚É—ˆ‚¿‚á‚Á‚½v‰ª‘º—²j‚ª“Xå‚Ì“V‚Õ‚ç‰®‚³‚ñ‚É”T–Øâ46 ‹v•Ûj—¢‚ª—ˆ“XIH,https://news.yahoo.co.jp/articles/46af69f5ba6210021143a16a718272835a21ed90,9/3(“ú) 11:40
nshaberu,ƒjƒbƒ|ƒ“•ú‘—,ƒtƒ‚¿‚á‚ñ‚Æ‚ÌŠÖŒW‚ğ‚¢‚Â‚àgƒŠƒZƒbƒghH ƒmƒuƒRƒu‹g‘º’‚ªŒê‚é‚»‚Ì^‘Šu–ß‚Á‚¿‚á‚¤‚æ‚Ëccv,https://news.yahoo.co.jp/articles/39ec4c6b42421f4d10a58e1857d79bc9e5c43eb9,9/3(“ú) 11:35
nshaberu,ƒjƒbƒ|ƒ“•ú‘—,“úŒüâ46 ¼“cD‰ÔuíK”Æ‚Æ‚È‚Á‚Ä‚¨‚è‚Ü‚·iÎjv@‚¤‚ê‚µ‚¢o—ˆ–‚ÉŒq‚ª‚Á‚½•ƒ‚ÌuŸè‚Ès“®v‚ğ–¾‚©‚·,https://news.yahoo.co.jp/articles/21b792fb837b2fd3bfca1c40252ce8c39ffebfcd,9/2(“y) 17:55
nshaberu,ƒjƒbƒ|ƒ“•ú‘—,‚©‚ª‰®‚ªƒGƒ“ƒgƒŠ[”‚É‹Áœ±I wUNDER 25 OWARAI CHAMPIONSHIPx€ŒˆŸƒOƒ‹[ƒvFƒŒƒ|[ƒg,https://news.yahoo.co.jp/articles/460acc0f65065e5208c4067d3536a090a983e0c4,9/2(“y) 17:50
nshaberu,ƒjƒbƒ|ƒ“•ú‘—,‚İ‚¿‚å‚ÏAƒpƒ“ƒT[”öŒ`‚Ìug‚·‚×‚èh‚ªãè‚¢v“¯‚¶—c’t‰€og‚ÌƒX[ƒp[ƒXƒ^[‚É‹Á‚«,https://news.yahoo.co.jp/articles/c48c7a222851ac35aea8c06c8f0ebed394a3744c,9/2(“y) 17:45
nshaberu,ƒjƒbƒ|ƒ“•ú‘—,ˆ—…–â‘è‚ÍK‹ß•½­Œ ‚É‚Æ‚Á‚Ä“ú–{‚Ö‚Ìˆ³—Í‚Ì‚¿‚å‚¤‚Ç‚¢‚¢uƒJ[ƒhv@‰ÈŠw‚àŒoÏ‚àuŠÖŒW‚È‚¢v,https://news.yahoo.co.jp/articles/c0cd7589dad4c2362c36e75778bda2cd78d18e1c,9/2(“y) 14:50
nshaberu,ƒjƒbƒ|ƒ“•ú‘—,“úŒüâ46 ¼“cD‰ÔAe‚ª“Œ‹‚É”ò‚ñ‚Å‚«‚½–Œ‚ğ–¾‚©‚·u‚¢‚æ‚¢‚æAD‰Ô‚ªƒ„ƒo‚­‚È‚Á‚Ä‚écc‚Á‚ÄiÎjv,https://news.yahoo.co.jp/articles/88bce85f75807b4404e138f54e4a5efa40c48f5e,9/2(“y) 11:55
nshaberu,ƒjƒbƒ|ƒ“•ú‘—,ƒ}ƒVƒ“ƒKƒ“ƒY‚ªá‚¢Ë”\‚Éƒ{ƒ„‚«ßIwUNDER 25 OWARAI CHAMPIONSHIPx€ŒˆŸƒOƒ‹[ƒvEƒŒƒ|[ƒg,https://news.yahoo.co.jp/articles/03a7e731c2bcaf90be3c298286600ac88c4e6bad,9/2(“y) 11:50
nshaberu,ƒjƒbƒ|ƒ“•ú‘—,w‚±‚ñ‚É‚¿‚ÍA•ê‚³‚ñx‹g‰i¬•S‡A123–{–Ú‚Ìo‰‰ì‚Åu‰‚Ì‚¨‚Î‚ ‚¿‚á‚ñ–ğv‚É’§í,https://news.yahoo.co.jp/articles/0edc256654bb1c161adcef3bd635ded4f57884b3,9/2(“y) 11:30
nshaberu,ƒjƒbƒ|ƒ“•ú‘—,“úŒüâ46 ¼“cD‰ÔAg3Î‰ºh‚Ìƒƒ“ƒo[‹à‘º”ü‹è‚Æ‚Ìgˆá‚¢h‚Éœ±‘Ru‰÷‚µ‚©‚Á‚½‚ñ‚Å‚·‚æIv,https://news.yahoo.co.jp/articles/f9d75a71031a41f5ecd0cf970041ab048861546b,9/1(‹à) 20:00
nshaberu,ƒjƒbƒ|ƒ“•ú‘—,ƒoƒXƒP“ú–{‘ã•\‚ğ‹~‚Á‚½Å”N’·‚Ìuˆ¤‚³‚ê’jvA”ä]“‡T‚Ìu‚ ‚«‚ç‚ß‚È‚¢Sv,https://news.yahoo.co.jp/articles/7524c451025b67efb87c8212d4a27e17424dd065,9/1(‹à) 17:20
nshaberu,ƒjƒbƒ|ƒ“•ú‘—,‰w•Ù‚ğH‚×‚é‚±‚Æ‚àA‚¶‚Â‚ÍukĞ‘ÎôvI@`ŠÖ“Œ‘åkĞAkŒ¹’n‚ÉÅ‚à‹ß‚¢¬“cŒ´‚Ì‰w•Ù‰®‚³‚ñ‚ªc‚µ‚Ä‚¢‚½kĞ‚Ì‹L˜^‚Æ‚ÍH,https://news.yahoo.co.jp/articles/9e878b2eae63e4c50af9366c6583ac1f331adce7,9/1(‹à) 11:55
nshaberu,ƒjƒbƒ|ƒ“•ú‘—,‚ ‚ÌA–{“c—ƒ‚ÌgƒJƒ‰ƒIƒP‚Ös‚«‚½‚¢‘fU‚èh‚Éu–ˆ‰ñƒXƒ‹[‚µ‚Ä‚½‚¯‚ÇA‰Âˆ¤‚©‚Á‚½iÎjv,https://news.yahoo.co.jp/articles/2c327fdba05596d19ea2f389f0a04a1e1558b15f,9/1(‹à) 11:50
nshaberu,ƒjƒbƒ|ƒ“•ú‘—,‘š~‚è–¾¯E‚¹‚¢‚âAƒGƒSƒT[ƒ`–î‚ğ–¾‚©‚·u‚½‚Ü‚ÉŠÔˆá‚¦‚ÄƒŠƒcƒC[ƒg‚µ‚»‚¤‚É‚È‚év,https://news.yahoo.co.jp/articles/201816b1a0305cdcd78f29579a2fddbb1e573003,9/1(‹à) 11:45
nshaberu,ƒjƒbƒ|ƒ“•ú‘—,JO1”’Šâ—Ú•PA“¾ˆÓ‚ÈƒXƒ|[ƒc‚ÅuƒgƒƒtƒB[‚Æ‚©ƒƒ_ƒ‹‚Æ‚©‚à‚ç‚Á‚Ä‚¢‚½v,https://news.yahoo.co.jp/articles/4414a0ae6c4e1b9b21c44c86a057e2dadc284679,9/1(‹à) 11:40
nshaberu,ƒjƒbƒ|ƒ“•ú‘—,‚à‚àƒNƒE²X–ØÊ‰ÄA15ü”N‹L”Oƒ‰ƒCƒu‚ğ‰ñ‘zu‚¿‚å‚Á‚ÆŒË˜f‚Á‚Ä‚¢‚éŠ´‚¶AƒŒƒA‚¾‚Á‚½‚æ‚Ëv,https://news.yahoo.co.jp/articles/d1564c5c5d9050bb92dee3c97b3042c12bedf28a,9/1(‹à) 11:35
nshaberu,ƒjƒbƒ|ƒ“•ú‘—,“úŒüâ46 ¼“cD‰ÔAˆÀZaˆê˜YƒAƒi‚Ö’a¶“úƒvƒŒƒ[ƒ“ƒg‚ğ“n‚µ‚½‚ÌƒhƒLƒhƒL‚ğ–¾‚©‚·u‚»‚±‚Í‹­—v‚µ‚È‚¢‚æ‚¤‚É‚µ‚æ‚¤‚Æv‚Á‚Äccv,https://news.yahoo.co.jp/articles/33c6e8924994ae20da368ccbd67b61eba6d4c611,9/1(‹à) 11:30
nshaberu,ƒjƒbƒ|ƒ“•ú‘—,ƒ„ƒt[AˆÊ’uî•ñ‚ğŠØ‘NAVER‚Ö’ñ‹Ÿ‚Ås­w“±@Œµ”±‰»“™‚ª‚È‚¯‚ê‚Î‚±‚Ì‘Ì¿‚Í•Ï‚í‚ç‚È‚¢,https://news.yahoo.co.jp/articles/ad93a42637e50e21e42224faf6905995ce10ba8d,9/1(‹à) 11:30
nshaberu,ƒjƒbƒ|ƒ“•ú‘—,u–ñ1200‰­HvccƒCƒ“ƒXƒ^ƒ“ƒgƒ‰[ƒƒ“‚ÉŠÖ‚·‚éu‹Á‚«‚Ì”šv,https://news.yahoo.co.jp/articles/aa65bba2f97a247b2cf7e641b84c25e3fa125642,9/1(‹à) 11:25
nshaberu,ƒjƒbƒ|ƒ“•ú‘—,–k—¤VŠ²ü‹à‘ò\“Ö‰êŠÔA24”N3Œ16“úŠJ‹Æ@uŠÖ¼‚É‚Í‰½‚ÌƒƒŠƒbƒg‚à‚È‚¢B•s•Ö‚¾vh–V¡˜Y‚ª˜_,https://news.yahoo.co.jp/articles/6d5e4bfcb3f7011c98e975390884de5bfbadc652,8/31(–Ø) 19:30
nshaberu,ƒjƒbƒ|ƒ“•ú‘—,Œğ’Êˆá”½‚Ì©“]Ô‚ÉuÂØ•„v“±“üŒŸ“¢@u”½‘¥‹à‚Ì”[•tŠz‚ªŒ¸­‚µ‚Ä‚¢‚é‚±‚Æ‚à”wŒi‚ÉB‰½‚Å‚à‚©‚ñ‚Å‚àæ‚é‚ÈIvh–V¡˜Y‚ª•®ŠS,https://news.yahoo.co.jp/articles/4f23531b062be81126ed19b2dcf12a91ca7f98a1,8/31(–Ø) 19:15
nshaberu,ƒjƒbƒ|ƒ“•ú‘—,‚»‚²‚¤E¼•‚ÅƒXƒgÀ{@u¢ŠÔ‚Ì—‰ğ‚Í‚ ‚é‚ªAe‰ïĞ‚Æ‚µ‚Ä‚Í‹ê”Y‚ÌŒ‹‰Ê‚¾vh–V¡˜Y‚ªw“E,https://news.yahoo.co.jp/articles/55329d3339f9201e74d7c5957f2ab0f859a2db5a,8/31(–Ø) 19:10
nshaberu,ƒjƒbƒ|ƒ“•ú‘—,–k’©‘N‚ª’e“¹ƒ~ƒTƒCƒ‹2”­”­Ë@•ÄŠØ‡“¯‰‰K‚Ìu— ”Ô‘gv‚Æ‚µ‚Ä‚Ìu©•ª‚½‚¿‚¾‚¯‚ÌŒR–‰‰Kv,https://news.yahoo.co.jp/articles/512feabad4ec344f85d77fb8376364e7beaa518a,8/31(–Ø) 18:55
nshaberu,ƒjƒbƒ|ƒ“•ú‘—,ƒTƒ“ƒhƒEƒBƒbƒ`ƒ}ƒ“‚ª“f˜IuDŠ´“xAƒ}ƒW‚Å‚¢‚ç‚È‚¢Iv ƒiƒCƒc‚à‹¤Š´H,https://news.yahoo.co.jp/articles/d1160af148fab2a4bd681000eb2a07ebd7d49d66,8/31(–Ø) 18:50
nshaberu,ƒjƒbƒ|ƒ“•ú‘—,R“c—T‹MAƒ^ƒCæŞw‚©‚ç‚ÌŠjS‚ğ‚Â‚¢‚½¿–â‚É¸°‰ñ“šu‰f‰æŠÙ‚És‚­ˆÓ–¡‚Æ‚Íccv,https://news.yahoo.co.jp/articles/c2dabda9a10d61bea2223c8b47bc45f1b155c015,8/31(–Ø) 17:50
nshaberu,ƒjƒbƒ|ƒ“•ú‘—,ƒpƒŠŒÜ—Öoê‚ğ‚©‚¯‚Ä@ƒoƒXƒP“ú–{‘ã•\ƒWƒ‡ƒVƒ…Eƒz[ƒLƒ“ƒ\ƒ“‚Ìu“ú–{ˆ¤v‚Æu‰¶•Ô‚µ‚Ì¸_v,https://news.yahoo.co.jp/articles/e285d9e792ede7786448379767ca073f2b833cdb,8/31(–Ø) 17:20
nshaberu,ƒjƒbƒ|ƒ“•ú‘—,XµØA—Î‰©FĞ‰ïE’·‰®°q‚ÉuƒXƒe[ƒWÅ‚‚Å‚µ‚½IvƒƒbƒLƒ“‰Qí‚ÌŠ´‘z‚ğŒê‚é,https://news.yahoo.co.jp/articles/a8240491f98d4380c393ec7559cae761213cdc73,8/31(–Ø) 11:50
nshaberu,ƒjƒbƒ|ƒ“•ú‘—,ƒEƒNƒ‰ƒCƒiŒR‚Ìu”½“]U¨v‚ª\‘z’Ê‚è‚Éi‚Ü‚È‚¢ŠˆÈ@ê–å‰Æ‚ª‰ğà,https://news.yahoo.co.jp/articles/1c153b1821579ff1cbbffb0d2fd72d9329fca148,8/31(–Ø) 11:40
nshaberu,ƒjƒbƒ|ƒ“•ú‘—,ƒƒVƒA‚ª§Ù‚É‰¹‚ğã‚°‚Äí‘ˆ‚ğ~‚ß‚é‚±‚Æ‚Í‚È‚¢@‘æ2l”¼Šú‚ÉuŒoÏ¬’·v‚ªÄ‚Ñuƒvƒ‰ƒXv‚É‰ñ•œ,https://news.yahoo.co.jp/articles/e0412ab3251ae8547b44f81d173a0006dc7222af,8/31(–Ø) 11:35
nshaberu,ƒjƒbƒ|ƒ“•ú‘—,wƒJƒbƒvƒk[ƒhƒ‹x‚ÌƒCƒ[ƒW‚ÉuƒtƒH[ƒNv‚ª‘I‚Î‚ê‚½Œ´“_,https://news.yahoo.co.jp/articles/a4c8b52dfececbc925522e2692dc1068bbabac3b,8/31(–Ø) 11:25
nshaberu,ƒjƒbƒ|ƒ“•ú‘—,”½˜_‘ŠŸ‚®uƒ‰ƒCƒhƒVƒFƒA‰ğ‹Öv@ƒŠƒXƒN‚ğæ‚é‹–—e“x‚ª‚È‚¯‚ê‚Î‘‚Í¬’·‚µ‚È‚¢,https://news.yahoo.co.jp/articles/4f25cbbcdf880b484f7c193681c40a515e404909,8/30(…) 21:25
nshaberu,ƒjƒbƒ|ƒ“•ú‘—,Œ‹¥‚µ‚Ä‚¢‚È‚¢l‚½‚¿‚Ìu‹C‚¿‚ğ•Ï‚¦‚év‚±‚Æ‚É—Í‚ğ“ü‚ê‚é‚×‚«@Šİ“c­Œ ‚Ìu­q‰»‘Îôv,https://news.yahoo.co.jp/articles/bdf84ed07ae6b401a225cb0ae6e09692a7914e96,8/30(…) 21:15
nshaberu,ƒjƒbƒ|ƒ“•ú‘—,‚±‚Ì‚Ü‚Ü‚Å‚Í–œ”ŠJÃ‚àŠë‚¤‚¢@ª’ê‚É‚ ‚éulè•s‘«v‚É‚Ç‚¤‘Îˆ‚·‚é‚×‚«‚©,https://news.yahoo.co.jp/articles/4de556f0c08275fb4dd438a86e4f1223d0587a36,8/30(…) 20:05
nshaberu,ƒjƒbƒ|ƒ“•ú‘—,uiPhone‚Ì‘å‚«‚Èƒ‚ƒfƒ‹ƒ`ƒFƒ“ƒW‚Í3”N‚²‚ÆB¡”N‚Í‚»‚Ì”N‚Évh–V¡˜Y‚ª—\‘ª,https://news.yahoo.co.jp/articles/7ebf3e3f86c05f7d76db25f8d35e4dcefdb23685,8/30(…) 20:00
nshaberu,ƒjƒbƒ|ƒ“•ú‘—,ƒKƒ\ƒŠƒ“‰¿Ši‚Ì‚“«‘±‚­@u‚·‚®‚É21.5‰~‚ÍˆÀ‚­‚È‚Á‚Ä‚¢‚é‚Í‚¸‚Ìd‘g‚İB”[“¾‚¢‚©‚È‚¢vh–V¡˜Y‚ª•®ŠS,https://news.yahoo.co.jp/articles/f93d64ab01ace06a640be9f0f2577995e9742374,8/30(…) 19:35
nshaberu,ƒjƒbƒ|ƒ“•ú‘—,u‚ ‚Ì‚¿‚á‚ñ‚Æ–{“c—ƒ‚¿‚á‚ñ‚ª—V‚ñ‚Å‚­‚ê‚½IvƒiƒCƒc“y‰®A©glˆÄgƒtƒBƒMƒ…ƒAh‚ÌL‚ª‚è‚É‘å‹»•±I,https://news.yahoo.co.jp/articles/99f6d178a580b504152f86283f7129142889a9b2,8/30(…) 19:30
nshaberu,ƒjƒbƒ|ƒ“•ú‘—,u‹¤“¯eŒ v“±“üˆÄ@×‚©‚·‚¬‚Äu‚Ç‚ê‚ğ‘I‚Ô‚Ì‚©Hv‚Æ‚È‚é‰Â”\«‚à@–ì‘ºC–ç‚ªw“E,https://news.yahoo.co.jp/articles/25cda639c4eac7e22bcd2c59b1dfc23197a85990,8/30(…) 19:01
nshaberu,ƒjƒbƒ|ƒ“•ú‘—,‘ŠŸ‚®’†‘‚©‚ç‚Ì–À˜f“d˜b@uT‚Ş‚æ‚¤‹‚ß‚éĞà‚ğŠÂ‹…•ñ‚ªB‚©‚¯‚él‚ÍŒ¸‚é‚Ì‚Å‚ÍvŒ»’nİZ‹LÒ‚ª‰ğà,https://news.yahoo.co.jp/articles/d03648780f2412e272251b7b1f4ba61a15930336,8/30(…) 17:55
nshaberu,ƒjƒbƒ|ƒ“•ú‘—,ƒKƒ\ƒŠƒ“•â•‹à§“xu‰„’·v‚Ì”wŒi‚É‚ ‚é@Šİ“c­Œ ‚ğæ‚èŠª‚­u‚±‚ê‚¾‚¯‚Ì–îv,https://news.yahoo.co.jp/articles/acb42fffa1d07cc68ad41a23e7ad45106be69201,8/30(…) 17:40
nshaberu,ƒjƒbƒ|ƒ“•ú‘—,Œø—¦d‹u‚©‚ñ‚Î‚ñ•û®v‚Ìã“_‚ª˜I’æ@ƒgƒˆƒ^‘“à‘S14Hê‚Å‰Ò“­’â~,https://news.yahoo.co.jp/articles/1fa300b78ca572312e6cb8a88e9f7b0e2273852b,8/30(…) 17:35
nshaberu,ƒjƒbƒ|ƒ“•ú‘—,uNATOŠî‹à‚ğ’Ê‚¶‚½ƒEƒNƒ‰ƒCƒix‰‡v‚Ì— ‚É‚ ‚éŠİ“c­Œ ‚Ì‚µ‚½‚½‚©‚ÈuŒR–“Ií—ªv,https://news.yahoo.co.jp/articles/6b85f1bc56b81f90f5fa60adc97d707ff7dd3620,8/30(…) 17:30
nshaberu,ƒjƒbƒ|ƒ“•ú‘—,Ši“¬‰ÆE”óŒû•‘åABreakingDown Šˆ“®‚Æ‚Æ‚à‚Éuƒ|ƒPƒ‚ƒ“vƒQ[ƒ€”zM‚ğ‰æôIH,https://news.yahoo.co.jp/articles/c92d73c7660dfd81c1024fc59822797e50eb43d6,8/30(…) 17:05
nshaberu,ƒjƒbƒ|ƒ“•ú‘—,ŒoÏ•sˆÀ‚©‚ç–Ú‚ğ‚»‚ç‚·‚½‚ß‚É‘–¯‚ğg‚Á‚Ä“d˜b‚Å“ú–{‚ğ‹º‚·’†‘@ŒoÏ‘å‘‚ÆŒ¾‚¦‚é‚Ì‚©,https://news.yahoo.co.jp/articles/13d8f348c0546095ec78132eda285e824ca3b87a,8/30(…) 12:40
nshaberu,ƒjƒbƒ|ƒ“•ú‘—,å‘ä‚Ì‰w•Ù‰®‚³‚ñ‚ÍA“Œ“ú–{‘åkĞ‚ÌÛA‚È‚ºkĞ—‚“ú‚©‚ç•Ù“–‚ğì‚é‚±‚Æ‚ª‚Å‚«‚½‚Ì‚©H,https://news.yahoo.co.jp/articles/30538a9652ed201a00823ecb27deb7c396ab60d0,8/30(…) 11:55
nshaberu,ƒjƒbƒ|ƒ“•ú‘—,ƒ}ƒaƒ‰ƒuAƒLƒ“ƒOƒIƒuƒRƒ“ƒg€ŒˆŸio“¦‚µu‘OŒü‚«‚È”s‘Şv Ÿ‰ñˆÈ~‚ÌƒŠƒxƒ“ƒW¾‚¤,https://news.yahoo.co.jp/articles/21045cb46aadb4d70988816de87bec125d0ff87e,8/30(…) 11:50
nshaberu,ƒjƒbƒ|ƒ“•ú‘—,ƒI[ƒhƒŠ[A“Œ‹ƒh[ƒ€‚Å‚Ìƒ‰ƒCƒuŠJÃ‚É‰ü‚ß‚Äu‰´‚½‚¿‚·‚²‚­‚È‚¢‚©Hvu–{“–‚¾‚æv,https://news.yahoo.co.jp/articles/1b073e0a683b35b3f94fc997d18b72727c972ae9,8/30(…) 11:45
nshaberu,ƒjƒbƒ|ƒ“•ú‘—,”T–Øâ46 ˆäã˜aAg‚Ğ‚Æ‚èƒTƒEƒih‚Éƒnƒ}‚éuR‰º”üŒ‚³‚ñ‚ÉŒƒ„‚µ‚³‚ê‚Äv,https://news.yahoo.co.jp/articles/182336ecf17b7bf113da0d0a825624837269279c,8/30(…) 11:40
nshaberu,ƒjƒbƒ|ƒ“•ú‘—,1962”N”­”„‚Ìu‚»‚ê‚Ü‚Å‚Æ‚Íˆá‚¤vƒCƒ“ƒXƒ^ƒ“ƒgƒ‰[ƒƒ“‚Æ‚Í,https://news.yahoo.co.jp/articles/9ddb99e1f8185a2d4e562469daeef3f8f933865d,8/30(…) 11:25
nshaberu,ƒjƒbƒ|ƒ“•ú‘—,2024”N”¼‚Î‚É‚Íu1ƒhƒ‹125‰~v‚­‚ç‚¢‚Ì‰~‚‚ÉU‚ê‚é‚Æ‚¢‚¤‹¤’Ê”F¯@uƒWƒƒƒNƒ\ƒ“ƒz[ƒ‹‰ï‹cv•Â–‹,https://news.yahoo.co.jp/articles/94593ae9da39af729b61ba67443114a430e8f87c,8/29(‰Î) 21:15
nshaberu,ƒjƒbƒ|ƒ“•ú‘—,—Î‰©FĞ‰ïE’·‰®°qAì‚Åg‚¤‚Ç‚ñ‰^h‚ª‚È‚­S‚ªÜ‚ê‚éu‚¹‚Á‚©‚­‘Oæ‚è‚µ‚½‚Ì‚Év,https://news.yahoo.co.jp/articles/aedb72cac6536d705fbe6c7f6e77c3f67e988f36,8/29(‰Î) 20:50
nshaberu,ƒjƒbƒ|ƒ“•ú‘—,‚»‚²‚¤E¼•˜J‘g‚ªƒXƒg’Ê’m@u˜J“­Ò‚ªŒo‰cw‚É]‡‚É‚È‚è‰ß‚¬‚½B‚É‚ÍÀ{‚µ‚Ä‚à‚¢‚¢‚Ì‚Å‚Ívh–V¡˜Y‚ª˜_,https://news.yahoo.co.jp/articles/66f8183db1d682978570ff09d9adb0708c271e8a,8/29(‰Î) 20:00
nshaberu,ƒjƒbƒ|ƒ“•ú‘—,u“ú–{‚Íˆ««ƒCƒ“ƒtƒŒ‚Ìó‹µ‚É‚È‚è‚Â‚Â‚ ‚é‚Ì‚ÉA‚¢‚Ü‚¾‚É­•{‚Í­ô•ÏX‚ğ‚µ‚È‚¢vh–V¡˜Y‚ª‹êŒ¾,https://news.yahoo.co.jp/articles/ed48d71b76ee8fd600bd1b26414b98eabc8431f6,8/29(‰Î) 19:55
nshaberu,ƒjƒbƒ|ƒ“•ú‘—,ˆ—…‚Ö‚Ì’†‘‚Ì”½”­@uK‹ß•½‚É‚æ‚égƒhƒ^ƒLƒƒƒ“h‚ğ“Ç‚İØ‚ê‚È‚©‚Á‚½Šİ“c­Œ ‚Ì—‚¿“xv“cí•j˜Y‚ªw“E@Œö–¾ERŒû‘ã•\‚Ì–K’†‚Åè‘Å‚¿‚¾‚Á‚½‚©,https://news.yahoo.co.jp/articles/3bccc426062c0df43860b5bcb43edac49e31477d,8/29(‰Î) 18:55
nshaberu,ƒjƒbƒ|ƒ“•ú‘—,²‹vŠÔésAƒJƒtƒF‚Å•ˆãÒ‚©‚ç˜b‚µ‚©‚¯‚ç‚ê‚éu‰‘Î–Ê‚È‚Ì‚ÉA‹}‚Éccv,https://news.yahoo.co.jp/articles/cc1ab4bc47c32cd13c3da77ebb47603a3bc144d2,8/29(‰Î) 18:50
nshaberu,ƒjƒbƒ|ƒ“•ú‘—,‹ÑŒïE“n•Ó—²Aƒ‚ƒOƒ‰ƒCƒ_[EÅ‚Æ—V‚ñ‚¾‹âÀ‚ÌƒNƒ‰ƒu‚Å160–œ‰~‰ïŒvIu‚±‚êA‰½‚Ì‰¿Ši‚Å‚·‚©Hv,https://news.yahoo.co.jp/articles/fa3d516a4195bf06951a6a6529d114d198ce80af,8/29(‰Î) 18:40
nshaberu,ƒjƒbƒ|ƒ“•ú‘—,‚»‚²‚¤E¼•˜J‘g‚ªƒXƒgƒ‰ƒCƒL‚ğÀ{‚µ‚Ä‚àu‰½‚Ìxá‚à‚È‚¢v@’r‘ÜİZ‚Ì‚‹´—mˆê‚ªŒ¾‹y,https://news.yahoo.co.jp/articles/fe389cdfa5c8a86858f2d0d35aeee4fa69bc6dc8,8/29(‰Î) 17:55
nshaberu,ƒjƒbƒ|ƒ“•ú‘—,–k•û—Ì“y@‚à‚µƒv[ƒ`ƒ“­Œ ‚ª“|‚êu–³­•{ó‘Ôv‚É‚È‚Á‚Ä‚à“ú–{‚ÍƒAƒvƒ[ƒ`Œp‘±Eã—¤‚ÅŠù¬–À‚ğ@‚‹´—mˆê‚ªw“E,https://news.yahoo.co.jp/articles/b20f5d2ae03b410d34f9d58bece93ec079157282,8/29(‰Î) 17:50
nshaberu,ƒjƒbƒ|ƒ“•ú‘—,uNTT–@Œ©’¼‚µv‹c˜_‚·‚é‚×‚«‚ÍŠ””„‹p‚Å‚Í‚È‚­Au“V‰º‚èv‚Æuî•ñŒöŠJv‚Ì–â‘è@‚‹´—mˆê‚ªw“E,https://news.yahoo.co.jp/articles/7b17686b1657f470ee381ca3b51304e5172c69b8,8/29(‰Î) 17:45
nshaberu,ƒjƒbƒ|ƒ“•ú‘—,‘ä˜p‘“‘Io”n•\–¾EŠs‘ä–Á@‘n‹Æ‚ÌuƒŠCv‚Í’†‘­•{‚Æ–§Ú@‚‹´—mˆê‚ª‰ğà,https://news.yahoo.co.jp/articles/ed2aaf6d73d020db199ece76566cbdfcc6846a38,8/29(‰Î) 17:40
nshaberu,ƒjƒbƒ|ƒ“•ú‘—,ƒŒƒ‚ƒ“ƒh•Ä¤–±’·Š¯‚Ì–K’†‚Íu•Ä’†ñ”]‰ï’kv‚É‚Â‚È‚ª‚é‚Ì‚©,https://news.yahoo.co.jp/articles/129990fac49ab92b5382ffc35a6961dc6221e85d,8/29(‰Î) 17:35
nshaberu,ƒjƒbƒ|ƒ“•ú‘—,K‹ß•½‚Ì‚±‚Æ‚ğl‚¦‚Ä’†‘‚Å”jY\¿‚Å‚«‚È‚¢P‘åW’c@•ÄÙ”»Š‚É\¿‚µ‚½uŒµ‚µ‚¢–îv,https://news.yahoo.co.jp/articles/6264f6ba768bffa830a9357c555d2bccc7edbbbb,8/29(‰Î) 17:30
nshaberu,ƒjƒbƒ|ƒ“•ú‘—,“ú–{‚Ö‚ÌuŒ™‚ª‚ç‚¹“d˜bv‚Í’†‘‚Ì“TŒ^“I‚È‚â‚è•û@ŒoÏ‚É‘Î‚·‚é‘–¯‚Ì•s–‚ÌuJ‚¯Œûv‚ğŠCŠO‚Ö,https://news.yahoo.co.jp/articles/39acdb9085e1048b3255b5452aafd259fe5ecba1,8/29(‰Î) 11:55
nshaberu,ƒjƒbƒ|ƒ“•ú‘—,u”T–Øâ46‚ª’N‚©‚ÌŠæ’£‚é——R‚É‚È‚ê‚é‚æ‚¤‚ÉIvˆÌ‹ÆE_‹{4DAYS‚ğ¬‚µ‹‚°‚½ ”T–Øâ46w^‰Ä‚Ì‘S‘ƒcƒA[2023xŠ®‘–I,https://news.yahoo.co.jp/articles/cc456e9d549f0ad5630023aca4f8416d1be16aa9,8/29(‰Î) 11:50
nshaberu,ƒjƒbƒ|ƒ“•ú‘—,u–‚–@‚Ìƒ‰[ƒƒ“v‚ÆŒÄ‚Î‚ê‚½u¢ŠE‰v‚ÌH•i‚Æ‚ÍH,https://news.yahoo.co.jp/articles/de0cc097cfb67d501983b168871d082cfcc3c51d,8/29(‰Î) 11:25
nshaberu,ƒjƒbƒ|ƒ“•ú‘—,“ú–{‚ÌiPS×–EŒ¤‹†A‘¶İŠ´‚ª’á‰º@u­•{‚ÍÅ‹à‚ğ‚Ç‚±‚Ég‚Á‚Ä‚¢‚é‚ñ‚¾vh–V¡˜Y‚ª‹êŒ¾,https://news.yahoo.co.jp/articles/012899ccfd6b365cafd4e498562e4d0a407ab7c9,8/28(Œ) 19:25
nshaberu,ƒjƒbƒ|ƒ“•ú‘—,ƒvƒŠƒSƒWƒ“u€–Sv‚ÆƒƒVƒA“–‹Ç@u‚Ü‚¾¶‚«‚Ä‚¢‚é‰Â”\«‚àv’†‘ºˆí˜Y‚ª‰ğà,https://news.yahoo.co.jp/articles/e7ccc076faf09052294d12bf60f72be251cadd20,8/28(Œ) 19:05
nshaberu,ƒjƒbƒ|ƒ“•ú‘—,‘RƒnƒZƒ“‚ª–¾‚©‚·TBS‘ŞĞ‚Ì——R‚Ícc@u©—R‚É‚à‚Ì‚ğ‚µ‚á‚×‚ç‚ê‚È‚©‚Á‚½‚©‚çHvh–V¡˜Y‚Ì–â‚¢‚Éu‚¨‚Á‚µ‚á‚é’Ê‚è‚Å‚·v,https://news.yahoo.co.jp/articles/6de2c7192df6ac62a8b1cee4ed790fca18777676,8/28(Œ) 18:35
nshaberu,ƒjƒbƒ|ƒ“•ú‘—,“ú‘åƒAƒƒtƒg•”ˆá–@–ò•¨–Œu—Ñ^—q—–’·‚ª‰ïŒ©‚ÉƒAƒƒtƒg•”‚ÌŠÄ“Â‚ğo‚³‚È‚©‚Á‚½‚Ì‚Í–â‘èvƒeƒŠ[ˆÉ“¡‚ª˜_,https://news.yahoo.co.jp/articles/3276ea245c264156032512d17a12c6a599e20b66,8/28(Œ) 18:05
nshaberu,ƒjƒbƒ|ƒ“•ú‘—,’†“úE‘å“‡—m•½@2000ˆÀ‘Å‚ğ‰A‚Åx‚¦‚½‹îàV‘å‚Ìuæ”yv‚Æu“¯Šú¶v,https://news.yahoo.co.jp/articles/2f2f81fc03b1a29fbbffbd6be03516985a0fb459,8/28(Œ) 17:20
nshaberu,ƒjƒbƒ|ƒ“•ú‘—,THE ALFEE‚ª–¾‚©‚·A50”N‘O‚Éo‰ï‚Á‚½‚Ì‚¨Œİ‚¢‚Ì‘æˆêˆóÛu‚½‚©[‚¢º`Ivu‚Ğ‚°‚ª”Z‚¢‚Èvul‚ğ˜a‚Ü‚¹‚év,https://news.yahoo.co.jp/articles/2cf8aea0725c200fb1f3da616d73600e99426b5a,8/28(Œ) 15:00
nshaberu,ƒjƒbƒ|ƒ“•ú‘—,_ŒË‚Ì‰w•Ù‰®‚³‚ñ‚ÍAã_E’W˜H‘åkĞ‚Ì‚Æ‚«A‚Ç‚Ì‚æ‚¤‚É‚Ü‚¿‚ğx‚¦‚½‚Ì‚©H,https://news.yahoo.co.jp/articles/abc0c800d623b44d4034566fd646b54fcbd3ce9e,8/28(Œ) 11:55
nshaberu,ƒjƒbƒ|ƒ“•ú‘—,Î•Ÿ’à’ß•r@ƒnƒƒC‚ÌãY—í‚ÈŒiF‚ğ‘O‚ÉƒRƒƒi‚ÉŠ´õu‰½‚µ‚És‚Á‚½‚ñ‚âccv,https://news.yahoo.co.jp/articles/1d3cb9474d123128986e5a69b7c9852b82a8ace1,8/28(Œ) 11:50
nshaberu,ƒjƒbƒ|ƒ“•ú‘—,ƒTƒ“ƒh•xàVA”Ô‘g•ú‘—100‰ñ‹L”O‚ğ©‚ç‚Ì”A˜HŒ‹Î‚Åj‚¤IH @¶•ú‘—‚ÌŠÔ“à‚Éj–C‚ÍccH,https://news.yahoo.co.jp/articles/391f0463e4428ea5ca7afffc8f493069d5c9cd2c,8/28(Œ) 11:45
nshaberu,ƒjƒbƒ|ƒ“•ú‘—,”T–Øâ46 ‹v•Ûj—¢‚ª–¾‚©‚·AuÔ‚¿‚á‚ñ‚İ‚½‚¢v‚Èˆäã˜a@•‘‘ä— ‚Å–ÚŒ‚‚µ‚½ƒMƒƒƒbƒv,https://news.yahoo.co.jp/articles/2e086488ee690136f9f5aeb9b62caa32ec988751,8/28(Œ) 11:40
nshaberu,ƒjƒbƒ|ƒ“•ú‘—,uƒCƒ“ƒXƒ^ƒ“ƒgƒ‰[ƒƒ“v‚Ì×‚©‚¢•ª—Ş‚Á‚Ä‚Ç‚ñ‚È‚à‚ÌH,https://news.yahoo.co.jp/articles/7c3b031d10c3c50f2d07ba11ec226c6f0ccf329e,8/28(Œ) 11:25
nshaberu,ƒjƒbƒ|ƒ“•ú‘—,Œ³ƒTƒbƒJ[“ú–{‘ã•\E–{•ÀŒ’¡‚ªuŒ»’n‚ÌlŠÔ‚ÆŠÔˆá‚í‚ê‚½v‘‚ÍH,https://news.yahoo.co.jp/articles/afd00d9a0adddb471e64f7f3a62f716835982b82,8/28(Œ) 9:58
nshaberu,ƒjƒbƒ|ƒ“•ú‘—,Œ´–û‚Ì©åŒ¸Y‚ğŒp‘±‚·‚éƒTƒEƒWƒAƒ‰ƒrƒA‚Ìu‹ê‚µ‚¢–îv,https://news.yahoo.co.jp/articles/6f5cf85f1145727ffc0700a2f47474410628cb9f,8/27(“ú) 17:50
nshaberu,ƒjƒbƒ|ƒ“•ú‘—,‰Á–¿‘‚ªŠg‘å‚·‚éBRICS‚Ì“®‚«‚Í‘å–‚¾‚ªu­¡“I‚Éˆê–‡Šâ‚É‚È‚év‚±‚Æ‚Íl‚¦‚ç‚ê‚È‚¢@6ƒJ‘V‹KQ‰Á,https://news.yahoo.co.jp/articles/05996e755b3eea7541cd6ec0c46461cabce3c333,8/27(“ú) 17:45
nshaberu,ƒjƒbƒ|ƒ“•ú‘—,“ú•ÄŠØñ”]‰ï’k‚ÅƒAƒƒŠƒJ‚ª•Ï‚¦‚½‚©‚Á‚½u“ŒƒAƒWƒAEƒCƒ“ƒh‘¾•½—m’nˆæv‚É‚¨‚¯‚éu3‚Â‚Ìƒ|ƒCƒ“ƒgv,https://news.yahoo.co.jp/articles/a995bddcca44bb1c6ded580869554507bd5946d8,8/27(“ú) 17:40
nshaberu,ƒjƒbƒ|ƒ“•ú‘—,ƒgƒ‰ƒ“ƒv‚ª‹¤˜a“}‚Ìw–¼‚ğó‚¯‚é‚±‚Æ‚ÍŠÔˆá‚¢‚È‚¢@•Ä‘å“—Ì‘I,https://news.yahoo.co.jp/articles/3895f0371a31fc18c9e55b1f3b08f5c47ae4ba4c,8/27(“ú) 11:55
nshaberu,ƒjƒbƒ|ƒ“•ú‘—,‚ ‚ÌAˆ¤—pƒMƒ^[w“ü‚Ìv‚¢o–¾‚©‚·u‰J‚Ì’†AƒRƒ“ƒrƒj‚Å‚¨‹à‚ğ‚¨‚ë‚µ‚Äccv,https://news.yahoo.co.jp/articles/59ccbba67e14ea6ee8c6380acea8222eeed37d3a,8/27(“ú) 11:50
nshaberu,ƒjƒbƒ|ƒ“•ú‘—,•ÄŠØ‡“¯ŒR–‰‰K‚É‹­‚­R‹c‚·‚éu–k’©‘N‚È‚ç‚Å‚Í‚Ì–îv,https://news.yahoo.co.jp/articles/3df6158636b518b949e4ce8df82dcc6ea0637f0b,8/27(“ú) 11:50
nshaberu,ƒjƒbƒ|ƒ“•ú‘—,ŸNâ46 ˆäã—œ–¼AâV“¡“~—D‰Ô‚©‚çƒ[ƒ‹Ì—p‚ÌƒRƒc‚ğ•·‚©‚ê‚é‚àu³’¼A„ccv,https://news.yahoo.co.jp/articles/66577d1f215fb3b43212227b0185ef53798b6676,8/27(“ú) 11:45
nshaberu,ƒjƒbƒ|ƒ“•ú‘—,ƒAƒCƒhƒ‹ŠE‚ÌƒNƒCƒY—‰¤E›“ˆ—R•‡A¢ŠEÅ‘å‹K–Í‚ÌƒŠƒAƒ‹’EoƒQ[ƒ€‚É’§í‚µ‚Ä‚İ‚½,https://news.yahoo.co.jp/articles/eca4cea6a9be02a556b5a2cfa4e685900c5dfe46,8/27(“ú) 7:50
nshaberu,ƒjƒbƒ|ƒ“•ú‘—,’j“¬ŒÄ‘gA35”N‚ÌƒXƒg[ƒŠ[‚ÉI~•„@“ú”ä’J–ì‰¹‚ª—h‚ê‚½gWe are ’j“¬ŒÄ‘gIh,https://news.yahoo.co.jp/articles/af25a30d449aa5dfe53ad935d08882f8d7e2220c,8/26(“y) 23:55
nshaberu,ƒjƒbƒ|ƒ“•ú‘—,ƒvƒŠƒSƒWƒ““‹æ‹@’Ä—@ŠÔ‚ğŠ|‚¯‚Ä‰j‚ª‚¹AÅ“K‚Èƒ^ƒCƒ~ƒ“ƒO‚Ås‚Á‚½‚©,https://news.yahoo.co.jp/articles/da8c4171220dbe011c56b7bbb7c54ddd0a35a043,8/26(“y) 17:50
nshaberu,ƒjƒbƒ|ƒ“•ú‘—,Œ´”­ˆ—… •úoŠJn@Œ¾‚¢Š|‚©‚è‚ğ‚Â‚¯‚é’†‘‚ª—~‚µ‚¢‚Ì‚Í“ú–{‚Ìu­¡“I÷•àv,https://news.yahoo.co.jp/articles/e04721b10bed984893eb71565c2cf404312a1c00,8/26(“y) 17:45
nshaberu,ƒjƒbƒ|ƒ“•ú‘—,’j“¬ŒÄ‘gA•“¹ŠÙƒ‰ƒXƒgƒ‰ƒCƒ”‚Éƒtƒ@ƒ“‘å”M‹¶I u‚İ‚ñ‚È‚Ì‚±‚Æ‚ğˆêu‚½‚è‚Æ‚à–Y‚ê‚½‚±‚Æ‚Í–³‚©‚Á‚½v,https://news.yahoo.co.jp/articles/495dbcbf76c8d765096d507258a31144a38cd6a6,8/26(“y) 16:00
nshaberu,ƒjƒbƒ|ƒ“•ú‘—,“úŒüâ46 ’ªÑ—Øu–Œ‚ª‹N‚±‚è‚Ü‚µ‚ÄcciÎjv –¼•¨Hè‘‚«ƒƒ‚‚ğ‚Â‚¢‚ÉgƒfƒWƒ^ƒ‹h‚É•Ï‚¦‚½‚«‚Á‚©‚¯‚ğ¼“cD‰Ô‚É–¾‚©‚·,https://news.yahoo.co.jp/articles/2b15d0cfcca6252e477aec35697199f6cc36b1cf,8/26(“y) 11:51
nshaberu,ƒjƒbƒ|ƒ“•ú‘—,‚à‚àƒNƒE²X–ØÊ‰Äu‚±‚ñ‚È˜b‚ª“d”g‚Éæ‚é‚È‚ñ‚ÄvˆÙ«‚É‚à‚ç‚Á‚½•¨‚ÌgÌ‚Ä•ûh‚Å‚¤‚Á‚©‚è–{‰¹,https://news.yahoo.co.jp/articles/1f9c22d862da1d71b6584f73e6462e952f21daec,8/26(“y) 11:45
nshaberu,ƒjƒbƒ|ƒ“•ú‘—,w‚–ì“¤•…“X‚Ìtx“¡—³–ç~–ƒ¶‹v”üqA•ƒ–ºˆ¤‚ğ‘ÌŒ»‚µ‚½lîƒhƒ‰ƒ},https://news.yahoo.co.jp/articles/c0c26ca19934f13aeea01e2faae4333efb4767dc,8/26(“y) 11:30
nshaberu,ƒjƒbƒ|ƒ“•ú‘—,’†‘‚©‚ç‚Ì’c‘Ì—·s‹qA–{Ši“I‚È–ß‚è‚Íu—ˆ”N2Œv@—·sƒAƒiƒŠƒXƒgE’¹ŠC‚‘¾˜N‚ª—\‘ª,https://news.yahoo.co.jp/articles/44c3495deffbe1324b37072d3bbf9dcb78bbe4d6,8/25(‹à) 18:40
nshaberu,ƒjƒbƒ|ƒ“•ú‘—,ƒiƒCƒiƒC ‰ª‘ºE–î•”A‰Ä‚Ìbq‰€g”¯Œ^˜_‘ˆh‚Å˜_‚ğ“WŠJIu‚¦‚¦‚È`‚Á‚Äv‚¤v,https://news.yahoo.co.jp/articles/b2b699ce397dbc70ffc921a1295874c246d1824b,8/25(‹à) 17:50
nshaberu,ƒjƒbƒ|ƒ“•ú‘—,ˆïéŒ§uŒ‘Ò‚Ì‘êE‚à‚İ‚¶‰‘v‚É‚Äƒ‰ƒ“ƒpƒ“ƒvƒX‚ª‘ês‚Åƒpƒ[ƒ`ƒƒ[ƒW‚ÌŒø‰Ê‚ğŒŸØI,https://news.yahoo.co.jp/articles/a20141f37f5389514eaf1da4b62055d3b27c4ee1,8/25(‹à) 15:00
nshaberu,ƒjƒbƒ|ƒ“•ú‘—,u‹Ø“÷v‚ğì‚èu‰–bv‚Ì•ª‰ğ‚ğ‘£i‚·‚é3‚Â‚Ì‰h—{‘f@–òŠwŒ¤‹†Ò‚ª‰ğàAg‘Ì‚ğ•Ï‚¦‚éH–p,https://news.yahoo.co.jp/articles/44d77217d6c145fac5f0bd080d286703b7c5fccf,8/25(‹à) 12:00
nshaberu,ƒjƒbƒ|ƒ“•ú‘—,‰w•Ù‚àƒ[ƒJƒ‹ü‚àAŒG‚È‚­Šy‚µ‚İ‚½‚¢u•ºŒÉŒ§v‚Ì—·I,https://news.yahoo.co.jp/articles/b17026b3391173e576a78d99ea2362f929fefd3d,8/25(‹à) 11:55
nshaberu,ƒjƒbƒ|ƒ“•ú‘—,‚İ‚¿‚å‚ÏA‰ß‹Š‘®‚µ‚Ä‚¢‚½gƒMƒƒƒ‹ƒT[h‚ğ’m‚él•¨‚Æo‰ï‚¢‹»•±u„AŠ´“®‚µ‚¿‚á‚Á‚Äv,https://news.yahoo.co.jp/articles/2802932fe0dba8bc7aa89a0ab85f200e63d17e4a,8/25(‹à) 11:50
nshaberu,ƒjƒbƒ|ƒ“•ú‘—,Ol˜YE¬‹{A’jEoì“N˜N‚ª‚Ğ‚Æ‚èâ‚µ‚­‹A‚ép‚Éˆ£Dul–]‚ª‚ ‚é‚Ì‚©‚È‚¢‚Ì‚©ccv,https://news.yahoo.co.jp/articles/c1510faf34374731386cf7dc97c584efc29695fa,8/25(‹à) 11:45
nshaberu,ƒjƒbƒ|ƒ“•ú‘—,“úŒüâ46 ¼“cD‰Ôu„AŠÃ‚¦‚é‚±‚Æ‚ª‚Å‚«‚Ä‚¢‚È‚¢‚Ì‚©‚à‚µ‚ê‚È‚¢v ’ªÑ—Ø‚àuâ‘Î‚Ìâ‘Î‚Év‚Æ“¯ˆÓ,https://news.yahoo.co.jp/articles/e794ebfd79924c66b4d247e3ebb6bf1ca0bdc562,8/25(‹à) 11:40
nshaberu,ƒjƒbƒ|ƒ“•ú‘—,ƒAƒ“ƒK[ƒ‹ƒY“c’†Aƒlƒbƒg‹L–‚É‚¨‚¯‚éPodcast‚Ìˆµ‚¢‚É–i‚¦‚éu‚à‚¤î‚ê•¨‚¶‚á‚ñIiÎjv,https://news.yahoo.co.jp/articles/e66c18d4d896ab8482f4d393c23f695cfa6929e0,8/25(‹à) 11:30
nshaberu,ƒjƒbƒ|ƒ“•ú‘—,u©—RŒ¤‹†v‚Í“–‰Ah‘è‚Å‚Í‚È‚­u‹³‰Èv‚¾‚Á‚½H,https://news.yahoo.co.jp/articles/a2b2c2516494676b0089ad7bd44b7cb24106b8b1,8/25(‹à) 11:25
nshaberu,ƒjƒbƒ|ƒ“•ú‘—,“àŠtx—¦’á‰º‚ÌªŠ²‚ÍuŒ¸Åv‚Ì2•¶š‚¾‚¯‚ğ”ğ‚¯‚Ä‚¢‚é‚±‚Æ@ÂR”É°‹cˆõ‚ªw“E,https://news.yahoo.co.jp/articles/665fb180afc918c8e49c3ad4a9d0e6a410307f30,8/24(–Ø) 19:05
nshaberu,ƒjƒbƒ|ƒ“•ú‘—,“‡“cG•½u‰ğU‚Ì——R‚ÍƒnƒŠƒZƒ“ƒ{ƒ“v@gƒRƒ“ƒr‰ğU‚Ì‚«‚Á‚©‚¯g‚Æ‚È‚Á‚½o—ˆ–‚ğ‰”’,https://news.yahoo.co.jp/articles/a6319de74ec3c6b6983fc2562ea74c66eb2d1b0a,8/24(–Ø) 19:00
nshaberu,ƒjƒbƒ|ƒ“•ú‘—,‘š~‚è–¾¯E‚¹‚¢‚âA‰«“ê—·s’†‚É‹ô‘Ro‰ï‚Á‚½l•¨‚ÆƒƒP‚ÖB‘e•i‚àu‰´‚à‚¿‚å‚¤‚Çccv,https://news.yahoo.co.jp/articles/30aa68a157c5c0ba76d894a97905c93f2133d80c,8/24(–Ø) 17:50
nshaberu,ƒjƒbƒ|ƒ“•ú‘—,XR—ÇqA’m‚ç‚ê‚´‚ég’·–ìˆ¤h‚ğ”M•ÙuƒIƒŠƒ“ƒsƒbƒN‚Ì‚Æ‚«‚É–ˆT’Ê‚Á‚Ä‚¢‚Ü‚µ‚½‚©‚çccv,https://news.yahoo.co.jp/articles/532de7b41564a890834909780882ab365ff59fdb,8/24(–Ø) 17:45
nshaberu,ƒjƒbƒ|ƒ“•ú‘—,‚±‚ê‚ğ‚Ì‚ß‚ÎuŒÀ‚ç‚ê‚½f’v”íŠQÒ‚Í•Ô‚·v‚Æ‚·‚é–k’©‘N‚ÌuğŒv@ÂR”É°‹cˆõ‚ªŒ¾‹y,https://news.yahoo.co.jp/articles/a4fc61eb79b84445d065b0ac4d86779de095d510,8/24(–Ø) 17:40
nshaberu,ƒjƒbƒ|ƒ“•ú‘—,–k’©‘N‚ªƒ~ƒTƒCƒ‹”­Ëu¸”sv‚Å“¾‚éƒf[ƒ^‚ªuŠO‰İŠl“¾v‚É‚Â‚È‚ª‚é,https://news.yahoo.co.jp/articles/a4987939c41241fbde84b8bfd2355f71c93f9537,8/24(–Ø) 17:35
