media_en,media_jp,title_articles,link_articles,date_original
nib,’·è‘ÛƒeƒŒƒr,u‡ˆÊ‚Í‹£‚í‚È‚¢v@ƒ}ƒ‰ƒ\ƒ“~ƒsƒNƒjƒbƒN@ƒ}ƒ‰ƒjƒbƒN‘å‰ï@ŒÜ“‡s‚ÅŠJÃ@©‘RŒiŠÏŠy‚µ‚Ş,https://news.yahoo.co.jp/articles/c4ae1a0219171e468cad06162f0c5274e1e4468f,11/15(…) 11:57
nib,’·è‘ÛƒeƒŒƒr,VŠ²ü¼‹ãBƒ‹[ƒgu‘Süƒtƒ‹‹KŠi®”õ‚ğv‰ˆü5s‚Ìs’·‚ç‚ª‘‚É—v–]‘‚ğ’ño@s’·èt,https://news.yahoo.co.jp/articles/3fd5403006dba34d7b3f734c5cde56b50d88ebde,11/15(…) 11:54
nib,’·è‘ÛƒeƒŒƒr,’·èƒXƒ^ƒWƒAƒ€ƒVƒeƒB‘O”NÕ@l‹CYoutuber‚Í‚¶‚ß‚µ‚á‚¿‚å[“oê@B‚Pƒ”ƒFƒ‹ƒJîà”ä—Ç‘Iè‚ÆƒoƒXƒP‘ÎŒˆs’·èt,https://news.yahoo.co.jp/articles/801f08e551a4cc8475b596a3c018106d1884b733,11/15(…) 9:41
nib,’·è‘ÛƒeƒŒƒr,u•Ï–Ê‚Æ•Ï”~vƒƒo[ƒgHR‚³‚ñ@ƒOƒ‰ƒo[‰€‚ÅƒCƒxƒ“ƒgo‰‰s’·èt,https://news.yahoo.co.jp/articles/9f6e64608c63e4571ddc272525a3ac9552d73a85,11/15(…) 8:00
nib,’·è‘ÛƒeƒŒƒr,—£“‡‚Ì¬‹K–Í‚Z‚ª˜AŒg‚µ‰“Šuö‹Æ@¬‰Ê‚Æ¡Œã‚Ì‰Û‘è‚©s’·èt,https://news.yahoo.co.jp/articles/8065dfdc774262df0fd506eac532f73f3deed87b,11/14(‰Î) 21:20
nib,’·è‘ÛƒeƒŒƒr,13•ª‚Ì’Zk@Œğ’Êa‘ØŠÉ˜a‚ÉŠú‘Ò‚à@“‡Œ´“¹˜H‚Ìˆê•”3.3ƒLƒ‚ªŠJ’Ês’·èt,https://news.yahoo.co.jp/articles/df32743a7f2f42452cf643286f0fac7214b676a5,11/14(‰Î) 20:50
nib,’·è‘ÛƒeƒŒƒr,—¿‹àŠƒu[ƒX‚ÉÔÕ“Ë —«‚ª•a‰@”À‘—@’·è©“®Ô“¹’Ês~‚ß‚Í‚È‚µs’·èt,https://news.yahoo.co.jp/articles/f86eac33f16d4eeb49ffcb30f0d3bc8288775a4d,11/14(‰Î) 20:37
nib,’·è‘ÛƒeƒŒƒr,•ŸR‰ë¡‚³‚ñƒTƒvƒ‰ƒCƒY“oê@’·èƒXƒ^ƒWƒAƒ€ƒVƒeƒB‚±‚¯‚ç—‚Æ‚µƒ‰ƒCƒu‚à”­•\,https://news.yahoo.co.jp/articles/4d5dc360bb1c1d5a8154ae0b7612bd700861ca5d,11/14(‰Î) 20:30
nib,’·è‘ÛƒeƒŒƒr,uŠë‹@Š´‚Á‚Ä‘Î‰‚ğv­™“‡‚Å‚Ì’¹ƒCƒ“ƒtƒ‹ŒŸoó‚¯Œ§‚ª–h‰u‘Îô‰ï‹cs’·èt,https://news.yahoo.co.jp/articles/ff26513207459c91f93aeb7ccfccdf3ac729065e,11/14(‰Î) 19:55
nib,’·è‘ÛƒeƒŒƒr,¢ŠEˆâYŒŸ’è‚P‹‰‚Ì‚ ‚Î‚ê‚éŒN@ö•šƒLƒŠƒVƒ^ƒ“ŠÖ˜AˆâY“o˜^5”N‚Å–£—ÍŒê‚és’·èt,https://news.yahoo.co.jp/articles/7541bdd076d1cab082acbf959b4e221e9a517e83,11/14(‰Î) 19:46
nib,’·è‘ÛƒeƒŒƒr,’·è‘åŠw•a‰@‚É‚T‚©Š‚Ìg‰@“àƒK[ƒfƒ“hŠ®¬@¢ŠE“I’ë‰€ƒfƒUƒCƒi[è‚ª‚¯‚és’·èt,https://news.yahoo.co.jp/articles/d92536d9332ea6019f8f045dcbb43041017a34cc,11/14(‰Î) 19:34
nib,’·è‘ÛƒeƒŒƒr,‘¬•ñzÔ‚ª’·è©“®Ô“¹‚Ì—¿‹àŠƒu[ƒX‚ÉÕ“Ëc—«1l‚ª•a‰@”À‘—@ƒQ[ƒg1‚Â‚ª•Â½’†,https://news.yahoo.co.jp/articles/5d3cf9913c7044673b32e0391dd17c835fe7b422,11/14(‰Î) 16:36
nib,’·è‘ÛƒeƒŒƒr,Ô‚ª˜H–Ê“dÔ‚Ì’†‰›•ª—£‘Ñ‚ÉÕ“Ë@’j«1l‚ª•a‰@”À‘—@˜H–Ê“dÔ‚É’x‚ê‚àcy’·èz,https://news.yahoo.co.jp/articles/3f4c1ff995e80b69b641c7429a2cfaf35d0d74ed,11/14(‰Î) 10:36
nib,’·è‘ÛƒeƒŒƒr,’·èƒXƒ^ƒWƒAƒ€ƒVƒeƒB@‚±‚¯‚ç—‚Æ‚µƒ‰ƒCƒu‚É•ŸR‰ë¡‚³‚ñuŠú‘ÒŠ´‚ğ¢ŠE’†‚É”­M‚µ‚½‚¢v,https://news.yahoo.co.jp/articles/f10ab50a8673276ab86253cd322642eed2abf36d,11/14(‰Î) 10:25
nib,’·è‘ÛƒeƒŒƒr,\”ªe˜a‹âs@ã”¼Šú‚Ì’†ŠÔŒˆZ‚Íu‘ûŒ¸‰vvM—pƒRƒXƒg‚ª‘‰Á,https://news.yahoo.co.jp/articles/b5b0fcb984be7d5ea91ef7dfe074b6ce9c5b8526,11/14(‰Î) 10:17
nib,’·è‘ÛƒeƒŒƒr,‚ZƒTƒbƒJ[“~‚Ì‘IèŒ @’·è‘‘å•‘®ƒCƒŒƒuƒ“‚ª‚Q”N‚Ô‚è‚X‰ñ–Ú‚Ì‘S‘‚Ö@ƒCƒ“ƒ^[ƒnƒC‚RˆÊ‘Œ©‚ğ‰º‚·,https://news.yahoo.co.jp/articles/dfd96caaa7f1be8278899556f4a6ff8c1726d15d,11/13(Œ) 20:04
nib,’·è‘ÛƒeƒŒƒr,’·ès•½R‘ä‚Å–ŒÌ@70‘ã—«‚ª‘åƒPƒK,https://news.yahoo.co.jp/articles/eba51fc3294ab272efd077aa26461e9374b1dffd,11/13(Œ) 19:56
nib,’·è‘ÛƒeƒŒƒr,ŒÜ“‡‚ÌƒWƒ“ö—­Š@“‡‚Æ‘S‘‚Ìƒtƒ@ƒ“‚Â‚È‚®ƒCƒxƒ“ƒg‚ğŠJÃ@“‡‚Ì–£—Í‚ğ”­M,https://news.yahoo.co.jp/articles/a8945d51736cba15d3c76ab867c4747244a0405a,11/13(Œ) 19:52
nib,’·è‘ÛƒeƒŒƒr,ƒAƒ~ƒ…ƒvƒ‰ƒU’·èVŠÙƒI[ƒvƒ“Œã‰‚ÌT––@ü•Ó‚Ìa‘Ø‚Íy’·èz,https://news.yahoo.co.jp/articles/ddee8a4fcb441338d84c089c0ea498ea68739379,11/13(Œ) 19:48
nib,’·è‘ÛƒeƒŒƒr,’·èŒ§“àŠe’n‚Å¡ƒV[ƒYƒ“ˆê”Ô‚Ì—â‚¦‚İ@ƒR[ƒg‚âƒ}ƒtƒ‰[p‚Ìl‚à,https://news.yahoo.co.jp/articles/33bb6cb9446a86e26e072d5d15353eafa488bc83,11/13(Œ) 10:53
nib,’·è‘ÛƒeƒŒƒr,’·ès‚ÅÔ‚ÆƒoƒCƒN‚ªÕ“Ë@70‘ã—«‚ª‘åƒPƒK‚Å•a‰@‚É”À‘—,https://news.yahoo.co.jp/articles/7d1f3402b16ab6f3554a8597fe692106c4298870,11/13(Œ) 10:34
nib,’·è‘ÛƒeƒŒƒr,—DŸ‚Ì’·è‘‘å•‘®‘IèƒRƒƒ“ƒg@‘S‘‚ZƒTƒbƒJ[‘IèŒ Œ§‘å‰ïy’·èz,https://news.yahoo.co.jp/articles/8e9089ec7468ccf6acbbb26939a3c99d1820dda5,11/12(“ú) 19:48
nib,’·è‘ÛƒeƒŒƒr,’·è‘‘å•‘®‚ª‚Q”N‚Ô‚è‚X‰ñ–Ú‚Ì—DŸ@‘S‘‚ZƒTƒbƒJ[‘IèŒ Œ§‘å‰ïy’·èz,https://news.yahoo.co.jp/articles/71ee80db39cf55439e714b705fdeaf2802f65ede,11/12(“ú) 19:16
nib,’·è‘ÛƒeƒŒƒr,y‘¬•ñzVEƒtƒ@[ƒŒƒ“’·è J1¸ŠiƒvƒŒ[ƒIƒtio‚È‚ç‚¸,https://news.yahoo.co.jp/articles/a4b47ade963d51ad2e3402984a56d5332a877888,11/12(“ú) 15:02
nib,’·è‘ÛƒeƒŒƒr,y‘¬•ñz’·è‘‰È‘å•‘®‚ª‚Q”N‚Ô‚è‚X‰ñ–Ú‚Ì—DŸ@‘S‘‚ZƒTƒbƒJ[E’·èŒ§‘å‰ïŒˆŸs’·èt,https://news.yahoo.co.jp/articles/2d3197e10ec843d92e6a24a848bcb26f03b479d8,11/12(“ú) 14:28
nib,’·è‘ÛƒeƒŒƒr,ƒoƒXƒPB1E’·èƒ”ƒFƒ‹ƒJ@å‘ä‚É70-94‚Å”s‚êƒAƒEƒF[‚Å3˜A”sy’·èz,https://news.yahoo.co.jp/articles/04bcdb08688cafb1b9c1653f2b9b84ecd75904e6,11/11(“y) 18:23
nib,’·è‘ÛƒeƒŒƒr,u–Ú‚ª‚©‚í‚¢‚©‚Á‚½v‘åãEŠÖ¼–œ”‚ÌŒö®ƒLƒƒƒ‰wƒ~ƒƒƒNƒ~ƒƒƒNx‚ª‰€™‚Æ‚Ó‚ê‚ ‚¢‚o‚qy’·èz,https://news.yahoo.co.jp/articles/ed671ab86aaffc21f939b61e6b59904fe750b735,11/11(“y) 17:19
nib,’·è‘ÛƒeƒŒƒr,‚à‚Ì‚Ã‚­‚è‚ÌŠy‚µ‚³‚ğ”­M‚·‚éuæ|‘Hê”vn‚Ü‚é@ƒ[ƒNƒVƒ‡ƒbƒv‚È‚ÇŠJÃy’·èz,https://news.yahoo.co.jp/articles/d6d607421ecfa199b04b3b6a0af63b9e612d72be,11/11(“y) 17:18
nib,’·è‘ÛƒeƒŒƒr,yq‹Ÿ‚Ì–½‚ğç‚é‚É‚Íz”F’è‚±‚Ç‚à‰€‚Å”ğ“ïŒP—û@•Ûˆçm‚ª‚O`‚TÎ™‚Ü‚Å‚Ìq‚Ç‚à‚½‚¿‚ğv‘¬‚É”ğ“ï@•ÛŒìÒ‚Ö‚Ì˜A—è’i‚àŠm—§‚µƒXƒ€[ƒY‚È‘Î‰‚à@Œx@‚Æ‚à‹¦—Í‚µ‰Û‘è‚à”­Œ©,https://news.yahoo.co.jp/articles/5a2dcf714b78f2970aab15d3b4cc69ef43fc2aa4,11/11(“y) 13:07
nib,’·è‘ÛƒeƒŒƒr,û˜d‚Ì‹^‚¢‚Å‘ß•ß‚Ì“ì“‡Œ´sEˆõ‚Ì’j(50)11“úŒßŒã‚É‘—ŒŸ‚Ö@Œ§Œx‚Ís–ğŠ‚ğ‰Æ‘î‘{õy’·èz,https://news.yahoo.co.jp/articles/af113638f33e76672ddbd7709337f37b740be918,11/11(“y) 10:52
nib,’·è‘ÛƒeƒŒƒr,‰ÎĞ‚Ì‰e‹¿‚Å‚—îÒ•Ÿƒ{İ‚Æ•¹İ‚Ì’·ès‚ÌŒö–¯ŠÙ‚ª13“ú‚Ü‚Å‹xŠÙy’·èz,https://news.yahoo.co.jp/articles/b7f44659aac14a1f09bd22d93c021f2ec3a96daa,11/10(‹à) 21:50
nib,’·è‘ÛƒeƒŒƒr,2–œ“_ˆÈã‚ÌÄ‚«•¨•À‚Ôu‚İ‚©‚í‚¿“©ŠísvŠJÃ@‘Šz100–œ‰~‘Š“–‚ÌÄ‚«•¨‚ª“–‚½‚é’Š‘I‰ï‚ày’·èz,https://news.yahoo.co.jp/articles/33b5d5e6ede6e215d63dcd2a3707cfb300f7a391,11/10(‹à) 21:42
nib,’·è‘ÛƒeƒŒƒr,u‚Ğ‚å‚¤v‚Ì”_ì•¨‚Ö‚Ì”íŠQ‚Í5‰­3600–œ‰~@‘åÎ’m–‚ª¼ŠCs‚Ìƒ~ƒJƒ“”¨‚Å”íŠQó‹µ‚ğŠm”Fy’·èz,https://news.yahoo.co.jp/articles/f123f72605a9bca8bc2a28ad8cc1d16311c7476c,11/10(‹à) 21:31
nib,’·è‘ÛƒeƒŒƒr,wƒAƒ~ƒ…ƒvƒ‰ƒU’·èVŠÙxŠJ‹Æ‚Å‚É‚¬‚í‚¤’·è‰wü•Ó@a‘Ø‚Íc’nŒ³‚Ì¤“XŠX‚Íc¡Œã‚Ì‰Û‘èy’·èz,https://news.yahoo.co.jp/articles/20ddb2e628fbbd609148a82cd4c7f89ace176ed5,11/10(‹à) 21:17
nib,’·è‘ÛƒeƒŒƒr,u“ú–{‹üw‚Ìg‚Í‚İo‚µÒh‚ªW‚Ü‚Á‚Ä‚¢‚é‰ïvo“‡‘gDƒTƒ~ƒbƒg‚ÉŠCŠO‚ğŠÜ‚Ş45’c‘ÌQ‰Áy’·èz,https://news.yahoo.co.jp/articles/a9fe200e9fd00ef1abf5f1b52dadf2469223c20d,11/10(‹à) 21:06
nib,’·è‘ÛƒeƒŒƒr,u“ö‚í‚¢‚Ã‚­‚è‚Ì‘no‚ğvƒAƒ~ƒ…’·èVŠÙƒI[ƒvƒ“IŒß‘O7‘O‚©‚ç•À‚Ô‹q‚à@NIBƒAƒi‚ªs—ñ“X‚ğƒŠƒ|,https://news.yahoo.co.jp/articles/c95119b6a800d967e34bbc651402585b0369dd36,11/10(‹à) 20:28
nib,’·è‘ÛƒeƒŒƒr,û˜d—e‹^‚Å“ì“‡Œ´s‚ÌEˆõ‚ğ‘ß•ß@s”­’‚ÌŒö‹¤H–‚Ì’²¸İŒv‹Æ–±ˆÏ‘õ‚ğ„‚è@s’·‚àƒRƒƒ“ƒgy’·èz,https://news.yahoo.co.jp/articles/1291cb038c50ba5d8abe594b8877b9b657392a5c,11/10(‹à) 17:02
nib,’·è‘ÛƒeƒŒƒr,V‚½‚Èƒ‰ƒ“ƒhƒ}[ƒNwƒAƒ~ƒ…’·èVŠÙxƒI[ƒvƒ“Iu¡‚Ü‚Å‚Ì’·è‚Æ‚Íˆá‚¤Š´‚¶v‹ãB‰“oê‚à3“X•Ü,https://news.yahoo.co.jp/articles/bbd17cf6063683b8d163524069fc673f347e025a,11/10(‹à) 12:53
nib,’·è‘ÛƒeƒŒƒr,y‘±•ñz’·èsŠÛ”ö’¬‚Ì‚—îÒ{İ‚Å‰ÎĞ@Œö–¯ŠÙ‚Æ•¹İ@ƒPƒKl‚È‚µ,https://news.yahoo.co.jp/articles/1fd5d30f428d3754b964dd811244c03f8e7a6506,11/10(‹à) 9:26
nib,’·è‘ÛƒeƒŒƒr,y‘¬•ñz’·èsŠÛ”ö’¬‚ÅŒš•¨‰ÎĞy’·èz,https://news.yahoo.co.jp/articles/be949cb6bf843b6fa2a03e1be21cc316382cf814,11/10(‹à) 0:43
nib,’·è‘ÛƒeƒŒƒr,y‘±•ñzŒx@Š¯‚ª—q‚Z¶‚Æ‚İ‚¾‚ç‚Èsˆ×@’ÃŒx@‚Ì„¸‚ğ—e‹^‚Å‘ß•ßy’·èz,https://news.yahoo.co.jp/articles/9c92cbbc9c68b76fef81bf442167f85fc00b7775,11/9(–Ø) 21:37
nib,’·è‘ÛƒeƒŒƒr,‘å‘Š–o‹ãBêŠ‚É’§‚Ş•½ŒËsog‚Ì•½ŒËŠCŠÖ@ŒÌ‹½‚Ìº‰‡‚ğ—ã‚İ‚ÉŠˆ–ô‚ğ¾‚¤y’·èz,https://news.yahoo.co.jp/articles/649e964469954dd4fbbdb90547b69ea414e11b83,11/9(–Ø) 21:35
nib,’·è‘ÛƒeƒŒƒr,uŠo‚¹‚¢Ü‚ğg‚Á‚½v‚ÆŒğ”Ô‚É©ñ @g—p‚Ì‹^‚¢‚ÅŒÜ“‡“ì‚Z––±’·‚Ì’j‚ğ‘ß•ß,https://news.yahoo.co.jp/articles/03f0801a66308775ed7d47abeb28e33ea350eda3,11/9(–Ø) 21:21
nib,’·è‘ÛƒeƒŒƒr,‹ãB’n‹æ–ÓŠwZ‚Ì‰¹Šy‘å‰ï@’·è‚Å‚Í14”N‚Ô‚è‚ÌŠJÃy’·èz,https://news.yahoo.co.jp/articles/05e4c1fbadcd67bd7b1adeb20e1f78610b45cea1,11/9(–Ø) 21:16
nib,’·è‘ÛƒeƒŒƒr,‘Î”ns‚Å•‚ã‚ÌŠj‚²‚İÅIˆ•ªê—U’v–â‘è@s–¯’c‘Ì‚ª’m–‚É”½‘Î‚Ìp¨‚ğ•\–¾‚·‚é‚æ‚¤\‚µ“ü‚êy’·èz,https://news.yahoo.co.jp/articles/847f5a7c79e1cf5c2404691fa14c0a329a3a172b,11/9(–Ø) 21:11
nib,’·è‘ÛƒeƒŒƒr,ƒAƒ~ƒ…ƒvƒ‰ƒU’·èVŠÙ10“ú‚ÉƒOƒ‰ƒ“ƒhƒI[ƒvƒ“y’·èz,https://news.yahoo.co.jp/articles/8d4433659db5fe161cd908bb61b713759b025ea1,11/9(–Ø) 20:41
nib,’·è‘ÛƒeƒŒƒr,1300–œŒÂ‚ÌƒCƒ‹ƒ~uŒõ‚ÌŠX‚ÌƒNƒŠƒXƒ}ƒXvƒnƒEƒXƒeƒ“ƒ{ƒX‚Å10“ú‚©‚çy’·èz,https://news.yahoo.co.jp/articles/e0962a6da190f589ee16afe6ee19ec0eaa5012d6,11/9(–Ø) 20:22
nib,’·è‘ÛƒeƒŒƒr,—q‚Z¶‚É‚İ‚¾‚ç‚Èsˆ×@Œ§Œx‚ÌŒx@Š¯‚Ì’j(22)‘ß•ßy’·èz,https://news.yahoo.co.jp/articles/a7bea8e0a7d027860ef005fddb454408568d71b2,11/9(–Ø) 18:51
nib,’·è‘ÛƒeƒŒƒr,ƒCƒ“ƒtƒ‹ƒGƒ“ƒU4T‚Ô‚èŒ¸­‚àu’ˆÓ•ñƒŒƒxƒ‹v‘±‚­@VŒ^ƒRƒƒi‚Í8T˜A‘±‚ÅŒ¸­y’·èz,https://news.yahoo.co.jp/articles/0a241b82874c44503f341417b171f9015fc8f637,11/9(–Ø) 18:32
nib,’·è‘ÛƒeƒŒƒr,Œ§’†Šw‰w“`@32ƒ`[ƒ€500l‚ªŒƒ‘–@¼æ|‘‚ª2”N˜A‘±ƒAƒxƒbƒN—DŸy’·èz,https://news.yahoo.co.jp/articles/a1b6417bb77e8657f3a594efcf596e7ec64c885a,11/9(–Ø) 18:08
nib,’·è‘ÛƒeƒŒƒr,ƒoƒXƒPB1’·èƒ”ƒFƒ‹ƒJ‰÷‚µ‚¢˜A”s  8Ÿ3”s“¯m‚ÅŒ}‚¦‚½¼’n‹æ3ˆÊ‚Ì–¼ŒÃ‰®‚Æ‘Îíy’·èz,https://news.yahoo.co.jp/articles/c531d3d65290e947e1cc79bde655170ca22580db,11/9(–Ø) 13:11
nib,’·è‘ÛƒeƒŒƒr,1300–œŒÂ‚ÌƒCƒ‹ƒ~ƒl[ƒVƒ‡ƒ“‚ªÊ‚éuŒõ‚ÌŠX‚ÌƒNƒŠƒXƒ}ƒXv‚ ‚·‚©‚çŠJÃ@ƒnƒEƒXƒeƒ“ƒ{ƒXy’·èz,https://news.yahoo.co.jp/articles/077ff463ca29a060196fddaa735ebf7ad111fd4a,11/9(–Ø) 13:08
nib,’·è‘ÛƒeƒŒƒr,Œ§—§ŒÜ“‡“ì‚Z‚Ì––±’·‚Ì’j(47) Šo‚¹‚¢Üg—p‚Ì‹^‚¢‚Å‘ß•ßy’·èz,https://news.yahoo.co.jp/articles/12a460b752f29a38a62646b1d597865d13b25391,11/9(–Ø) 12:58
