media_en,media_jp,title_articles,link_articles,date_original
flix,シネマトゥデイ,「SHOGUN 将軍」7名のキャラビジュ公開！歴史上の有名人がモチーフ,https://news.yahoo.co.jp/articles/22468f13f948d5a8c85176c0425ef1d8c83319f6,1/31(水) 12:00
flix,シネマトゥデイ,「Eye Love You」年下男子ユン・テオ最強説！「わんこすぎる」,https://news.yahoo.co.jp/articles/c94e30ff729a17837078183ab7786931333dc3a8,1/31(水) 11:45
flix,シネマトゥデイ,Vシネ『特捜戦隊デカレンジャー20th』6.7上映決定！プレミアデカレッドの新カット公開,https://news.yahoo.co.jp/articles/0ab456d3e266888fe3efc55cc35c1699738f6f94,1/31(水) 11:00
flix,シネマトゥデイ,＜ブギウギ第85回あらすじ＞緊急の知らせが入る,https://news.yahoo.co.jp/articles/4b087d5df86c4e3e2bee229032d2ba76ed31a201,1/31(水) 8:15
flix,シネマトゥデイ,夢に現れる「あの男」の都市伝説『THIS MAN』出口亜梨沙＆木ノ本嶺浩主演で映画化,https://news.yahoo.co.jp/articles/919f5097a55b6e36006d519ece32f90be0faca89,1/31(水) 8:00
flix,シネマトゥデイ,『ゴールデンカムイ』柳俊太郎が“キモかわ”二階堂兄弟を完コピ！「憑依レベル」「インパクトやばい」,https://news.yahoo.co.jp/articles/9dee575da62025fb80a45487aa628c43253ba49b,1/31(水) 7:15
flix,シネマトゥデイ,今夜「相棒22」第14話　消えた美術品の謎…連続強盗が殺人に発展,https://news.yahoo.co.jp/articles/e9a4cf6d6be2c1d96cd4a8d9bcad1c24441fcd7a,1/31(水) 6:32
flix,シネマトゥデイ,狂ってる…「正直不動産2」神木の“教育的指導”に恐怖！,https://news.yahoo.co.jp/articles/2fccc75c580ed5ac8ca499ebaa3a3d5f26887fa0,1/30(火) 23:55
flix,シネマトゥデイ,初大河で清少納言役のファーストサマーウイカ、「光る君絵」のハッシュタグに反応,https://news.yahoo.co.jp/articles/aac2a5f8b532a7ec53e65321907677024d51c70b,1/30(火) 19:13
flix,シネマトゥデイ,ヒロアカ新作劇場版タイトルは『ユアネクスト』8月2日公開決定,https://news.yahoo.co.jp/articles/794b8d332cc03ed9874290f4c645b2c847c88ede,1/30(火) 18:00
flix,シネマトゥデイ,『ゴジラ-1.0』公開9週目に全米トップ10圏内返り咲き！非英語作品として歴代3位の大ヒット：全米ボックスオフィス考,https://news.yahoo.co.jp/articles/b8e947fec451356e805e2794c650803c4723f7df,1/30(火) 16:30
flix,シネマトゥデイ,初代ゴジラ日比谷に上陸！高さ約3mハーフ立像がステップ広場に登場,https://news.yahoo.co.jp/articles/eb935baba0a1bb6959cf72aef74631d466d26e67,1/30(火) 15:02
flix,シネマトゥデイ,ジェニファー・ロペス54歳の美しすぎるスタイル！パリで注目の的,https://news.yahoo.co.jp/articles/25165dd74516829067c33333a8229d202ad4e677,1/30(火) 12:06
flix,シネマトゥデイ,『アナザーラウンド』ハリウッドリメイク版、クリス・ロックが監督,https://news.yahoo.co.jp/articles/15f246ac09c8cc8754062b9297ddd385236e4af1,1/30(火) 11:21
flix,シネマトゥデイ,かわいい！DC映画の新スーパーガール女優が決定,https://news.yahoo.co.jp/articles/271962702f88f2bbf0d0488210fa628f1e6cf0c8,1/30(火) 10:05
flix,シネマトゥデイ,ドラマ版「沈黙の艦隊」『イチケイのカラス』などプライムビデオで2月から見放題配信,https://news.yahoo.co.jp/articles/72c9d7618830dd649aad18d931458d251b65d5ad,1/30(火) 10:03
flix,シネマトゥデイ,『スパイダーマン：アクロス・ザ・スパイダーバース』2月2日Prime Videoで見放題配信決定！,https://news.yahoo.co.jp/articles/6973dc224bec609246a46ee4001b488f7609c922,1/30(火) 10:00
flix,シネマトゥデイ,『ヴァチカンのエクソシスト』2月18日よりPrime Videoで見放題配信！,https://news.yahoo.co.jp/articles/77811025c953e03f819fa7de9f95c97a0398f405,1/30(火) 10:00
flix,シネマトゥデイ,アニメ「ちいかわ」影山ヒロノブがむちゃうマンのテーマを担当！楽曲配信も決定,https://news.yahoo.co.jp/articles/dd0fa8953c5a5cdac981754d0173b61832aab491,1/30(火) 9:00
flix,シネマトゥデイ,＜ブギウギ第84回あらすじ＞スズ子（趣里）が山下（近藤芳正）と坂口（黒田有）を問い詰める,https://news.yahoo.co.jp/articles/73f4ee2260ed6cf6f59159d6e1137795fd865c05,1/30(火) 8:15
flix,シネマトゥデイ,ディーン・フジオカ＆やす子、トーマス映画最新作のゲスト声優に決定！,https://news.yahoo.co.jp/articles/06cf5b2bedd70666df9004085d5d28dda348ee7a,1/30(火) 8:00
flix,シネマトゥデイ,長澤まさみ＆藤井道人監督タッグ作『パレード』Netflix世界配信　坂口健太郎・横浜流星ら共演,https://news.yahoo.co.jp/articles/581dd4ea9b520d490c24a3324f53ce6caa4ff6a6,1/30(火) 8:00
flix,シネマトゥデイ,「君と世界が終わる日に」最終シーズン2.9配信決定！劇場版と同時間軸で最終決戦、特報映像公開,https://news.yahoo.co.jp/articles/403fef89a6c5d2e0b3bfb8338b299ad46e6a5ea7,1/30(火) 8:00
flix,シネマトゥデイ,今夜「Eye Love You」第2話、急接近の2人の身長差に萌えキュン！,https://news.yahoo.co.jp/articles/5ab433aac7c877e870574e141bdb87f835d2d08e,1/30(火) 7:12
flix,シネマトゥデイ,『ゴールデンカムイ』牛山はコブだけじゃなく耳も特殊メイク！「サンクチュアリ -聖域-」の中田彰輝が担当,https://news.yahoo.co.jp/articles/bed509fe9db52355794e1935826722a5904ae0e6,1/30(火) 5:02
flix,シネマトゥデイ,広瀬アリス、月9初主演！HYの名曲「366日」に着想得た愛の物語、「最愛」脚本家＆「ぎぼむす」監督がタッグ,https://news.yahoo.co.jp/articles/0ef7ee3045add73304fa39c0c961c8097153b11c,1/30(火) 5:00
flix,シネマトゥデイ,仲里依紗、朝ドラで“伝説のギャル”に！24年後期「おむすび」橋本環奈の姉役で出演決定,https://news.yahoo.co.jp/articles/75732c5b6024439e1c904539d83c793dbbf6b263,1/30(火) 5:00
flix,シネマトゥデイ,現代ホラーの名手ジェイソン・ブラム、『ゴジラ-1.0』を大絶賛「嫉妬するくらい素晴らしい」,https://news.yahoo.co.jp/articles/f4360a49ddcfe5c65e2f158c542fc9146844abac,1/29(月) 21:17
flix,シネマトゥデイ,火曜ドラマ（TBS）過去5年間で好きな作品トップ10発表,https://news.yahoo.co.jp/articles/c352fa00444fad816bf3bfd2afe79f8992ab182d,1/29(月) 19:14
flix,シネマトゥデイ,新條由芽、芸能界引退を発表　「キラメイジャー」キラメイグリーン役,https://news.yahoo.co.jp/articles/1986c1cc8be0c3444fbaf2c118deda679b861f3f,1/29(月) 19:12
flix,シネマトゥデイ,『ガンダムSEED FREEDOM』興収10億円突破でトップ！『サイレントラブ』は3位初登場：映画週末興行成績,https://news.yahoo.co.jp/articles/3644791a775f0364f46855869b4a71c040adc249,1/29(月) 18:00
flix,シネマトゥデイ,『ガンダムSEED FREEDOM』新型モビルスーツ公式発表　キラに新MS、アスラン＆シンの改修機体も判明,https://news.yahoo.co.jp/articles/4385a822436f45eaf9ce97e8800792dc50dca768,1/29(月) 16:14
flix,シネマトゥデイ,『リトル・マーメイド』アリエル女優、妊娠を公表しなかったことを嘘つき呼ばわりされ反論,https://news.yahoo.co.jp/articles/8a22b99fe828447d5093656d05eb45ab69b397e1,1/29(月) 12:26
flix,シネマトゥデイ,「光る君へ」少女漫画風キャラに「既視感ある」,https://news.yahoo.co.jp/articles/2944ce521c0de03f954d11052b9d78348a79e6c9,1/29(月) 12:15
flix,シネマトゥデイ,『ガンダムSEED FREEDOM』3日間で興収10.6億円突破！シリーズ最高記録のロケットスタート,https://news.yahoo.co.jp/articles/0f249b27df1855451107b8ca1e7c725458ec750e,1/29(月) 12:10
flix,シネマトゥデイ,グロすぎて失神＆嘔吐する人が続出した『テリファー』、第3弾の舞台裏写真が公開,https://news.yahoo.co.jp/articles/621773fb9012560b4fc909c609816a4b61b64470,1/29(月) 10:54
flix,シネマトゥデイ,『怪盗グルー4』初予告が公開！グルー家に赤ちゃん誕生,https://news.yahoo.co.jp/articles/61efbd9ed8cbad34be349d5edbe4d1a647544a3c,1/29(月) 9:54
flix,シネマトゥデイ,＜ブギウギ第83回あらすじ＞愛助（水上恒司）は断念、りつ子（菊地凛子）が千秋楽にくる,https://news.yahoo.co.jp/articles/1e475c12c5ebbb9becb784335c4012b4d53aa60d,1/29(月) 8:15
flix,シネマトゥデイ,草なぎ剛『碁盤斬り』5.17公開決定！斬新な5種類のイラストビジュアル＆特報が発表,https://news.yahoo.co.jp/articles/de4c1c65e60f42077c465e51f377e8ff490d93c1,1/29(月) 7:00
flix,シネマトゥデイ,『ゴールデンカムイ』牛山役・勝矢、役づくりで20キロ減量　特殊メイクで“不敗神話”宿す,https://news.yahoo.co.jp/articles/bdb4a7b26bb9f1faea80272855450aad59356779,1/29(月) 6:15
flix,シネマトゥデイ,「光る君へ」平安の“F4”が人気！「今日も眼福」「毎回登場してほしい」,https://news.yahoo.co.jp/articles/da5a162f602926dbee15227447d6e97d837929ad,1/28(日) 22:12
flix,シネマトゥデイ,ロバート秋山、花山天皇の問題行動にドン引き,https://news.yahoo.co.jp/articles/29d4f9864d6b1bc7ace86a95e24d174a92667205,1/28(日) 21:02
flix,シネマトゥデイ,「光る君へ」花山天皇の“プレイ”に騒然！「NHK攻めたな」「すごいシーンみた」,https://news.yahoo.co.jp/articles/692a3aaded863cce937a105c10d227b7cb981635,1/28(日) 20:53
flix,シネマトゥデイ,「光る君へ」第5回タイトルは「告白」 まひろ（吉高由里子）が倒れる,https://news.yahoo.co.jp/articles/783cf29595d428dea46bee526319c5567429cb14,1/28(日) 20:45
flix,シネマトゥデイ,『ガンダムSEED FREEDOM』公開2日間で興収7.7億円突破！世界56の国と地域でも上映決定,https://news.yahoo.co.jp/articles/bfd1f0818267be6da25706870dd3082611c9cea4,1/28(日) 16:58
flix,シネマトゥデイ,『ゴールデンカムイ』鶴見中尉の顔の傷は3度目で成功　大反響の特殊メイクの裏側,https://news.yahoo.co.jp/articles/7aa73455ac50ce66cf5c0edf32c603ceaff313c4,1/28(日) 12:15
flix,シネマトゥデイ,「爆上戦隊ブンブンジャー」ブラック＆オレンジ、ブンブンジャーロボ登場！ポスタービジュアル公開,https://news.yahoo.co.jp/articles/3dfb1a7f3ca681f2dd818cd83bb5f7b127bd0e6e,1/28(日) 12:00
flix,シネマトゥデイ,実写ゴールデンカムイは「熊の映画」膨大な時間を費やした監督のこだわり,https://news.yahoo.co.jp/articles/93741419562514b7679b299f89c1ebe74ce35eda,1/28(日) 10:02
flix,シネマトゥデイ,「キングオージャー」ファイナルライブツアー決定！過去最多8会場で開催,https://news.yahoo.co.jp/articles/1b2421908b494f51fa9f1524404730bad481cd02,1/28(日) 10:00
flix,シネマトゥデイ,「仮面ライダー555」芳賀優里亜、園田真理と歩んだ20年　井上敏樹が描く世界観「今の子供たちにこそ観てほしい」,https://news.yahoo.co.jp/articles/493a79b66ab71bbda024d83c921758a231917943,1/28(日) 8:30
flix,シネマトゥデイ,＜ブギウギ第82回あらすじ＞愛助（水上恒司）と離れ離れのまま、舞台の幕が開く,https://news.yahoo.co.jp/articles/758af9590772b539b691a494154a629ac3d1cfc3,1/28(日) 8:15
flix,シネマトゥデイ,「ヨドンナ THE FINAL」配信決定！「セイバー」アンジェラ芽衣ら参戦、ヨドンナと行動する銀行強盗団に,https://news.yahoo.co.jp/articles/f1411edfd79e69e86c2165b53fe6467420e2a660,1/28(日) 8:00
flix,シネマトゥデイ,「ちびまる子ちゃん」山田くん声優の後任は城ヶ崎さん役・本井えみに決定,https://news.yahoo.co.jp/articles/2d16349a77e6ab471c9c333daa3e46d071ac685c,1/28(日) 8:00
flix,シネマトゥデイ,『ガンダムSEED』西川貴教、主題歌との向き合い方に変化　転機となった「INVOKE -インヴォーク-」,https://news.yahoo.co.jp/articles/a03a78007a752efd61005bff3bebb4a458ed339a,1/28(日) 7:30
flix,シネマトゥデイ,菊池風磨「新空港占拠」で“青鬼”再演！武蔵・櫻井翔と再び対峙,https://news.yahoo.co.jp/articles/60b99edc90ed99ea27898f0415bcfac5b0214d89,1/27(土) 22:54
flix,シネマトゥデイ,【ネタバレ】「新空港占拠」虎＆猿の正体判明　家族の復讐のために「獣」と化す,https://news.yahoo.co.jp/articles/2fe74b57bcffc504f888bc182a6ffe30e5fff7dd,1/27(土) 22:54
flix,シネマトゥデイ,実写版『FNaF』マスコットがにらみを利かせる…不気味な警備指導ビデオ映像公開,https://news.yahoo.co.jp/articles/6eef584f02de240deea9af031b736c37239d24a9,1/27(土) 20:15
flix,シネマトゥデイ,スーパー戦隊シリーズ10作品、初回2話がYouTube無料配信！「ブンブンジャー」放送記念,https://news.yahoo.co.jp/articles/8bbe439156959360a81d0eb783f2ecfadc04c8e5,1/27(土) 19:00
flix,シネマトゥデイ,吉田美月喜、差別と闘ったアイヌ女性を演じ「知る勇気」訴える,https://news.yahoo.co.jp/articles/a6d17073d07df25ada8cfcce60c29012c1f682b1,1/27(土) 16:39
flix,シネマトゥデイ,山田涼介、浜辺美波にツッコミ！「ちゃんと観て」,https://news.yahoo.co.jp/articles/a645806aa04fc9fccf088bb8f59dc0168a517d65,1/27(土) 15:51
flix,シネマトゥデイ,午後ロー『ランボー　ラスト・ブラッド』地上波初放送『ワイスピ』『ハンターキラー』などアクション9連発,https://news.yahoo.co.jp/articles/d8c9a87a5bfef1a74a4d89f265442cd62dca512b,1/27(土) 12:00
flix,シネマトゥデイ,「仮面ライダーガッチャード」スパナの過去が明らかに！第20話「微笑む天使、笑えぬ真実」あらすじ,https://news.yahoo.co.jp/articles/bb52ee485d29fd0549ddc71633611b48fef5a0eb,1/27(土) 11:03
flix,シネマトゥデイ,『ゴールデンカムイ』杉元の傷は顔だけで約200の特殊メイクを用意,https://news.yahoo.co.jp/articles/7a84d45c77d4b83b0a7552028676a9d64513a932,1/27(土) 9:02
flix,シネマトゥデイ,＜ブギウギ第18週あらすじ＞愛助（水上恒司）の病状が悪化、スズ子（趣里）は出産を迎える,https://news.yahoo.co.jp/articles/4af1a9ef9fe05ae117958fe6280a8b0d0e18eccb,1/27(土) 8:15
flix,シネマトゥデイ,森崎ウィン、「俺はガンダムで行く！」が人生を変えた　『ガンダムSEED』最新作で実感した縁の大切さ,https://news.yahoo.co.jp/articles/9f563c58e2c95a67044821200490b829774ae80c,1/27(土) 8:10
flix,シネマトゥデイ,実写『ゴールデンカムイ』アイヌ料理どう再現　キャストもハマった食事シーンの裏側,https://news.yahoo.co.jp/articles/f4f0bd01d408014fad1581dbe5575ebc31fd9836,1/27(土) 7:32
flix,シネマトゥデイ,「おっさんずラブ」にVIVANTネタ！冬ソナ、バチェラー、教場も!?,https://news.yahoo.co.jp/articles/981a194000ab75316cbf5b4340884a0f4b80901b,1/27(土) 1:52
flix,シネマトゥデイ,歴代『ハリー・ポッター』シリーズどれが好き？投票【結果発表】,https://news.yahoo.co.jp/articles/977e6e1edfb6d7357ddb987b5126808e1b2846e9,1/26(金) 20:57
flix,シネマトゥデイ,スネイプ先生、ダンブルドア校長、ハグリッドも…この世を去った『ハリー・ポッター』キャストたち,https://news.yahoo.co.jp/articles/2c71bf28431e045a5d828e277652bc92d6817b37,1/26(金) 20:32
flix,シネマトゥデイ,中条あやみ、竹内涼真とのキスシーン後「唇が2倍に腫れた」,https://news.yahoo.co.jp/articles/22c6fc62b1e9a183b2ad016cababa5b1c423b3d4,1/26(金) 20:11
flix,シネマトゥデイ,仮面ライダー555『パラロス』『パラリゲ』一夜限りの2本立て上映決定！村上幸平＆井上敏樹ら登壇イベントも開催,https://news.yahoo.co.jp/articles/f8de0e39312200e2f9de19059de0d3fcf9ba03c6,1/26(金) 19:00
flix,シネマトゥデイ,『ゴールデンカムイ』玉木宏、美しさを覆い隠す狂気の熱演　鶴見中尉との共通点とは,https://news.yahoo.co.jp/articles/699fc46bec798524b2fbc460c8af9e3e67226102,1/26(金) 18:02
flix,シネマトゥデイ,真田広之、凱旋帰国決定！ハリウッド初主演ドラマ「SHOGUN 将軍」引っ提げ,https://news.yahoo.co.jp/articles/62863f262df51946d343675c2ccdd15a9a1df561,1/26(金) 17:00
flix,シネマトゥデイ,『ガンダムSEED』映画化発表から公開までの苦労　福田監督「SEEDっぽくない」プレゼン映像戻したことも,https://news.yahoo.co.jp/articles/7d8eedbf14f3d0f2dab49633e55e6da428ab9e31,1/26(金) 13:22
flix,シネマトゥデイ,『ラ・ラ・ランド』デイミアン・チャゼルの新作ミュージカル、『キングスマン』マシュー・ヴォーンが監督へ,https://news.yahoo.co.jp/articles/886637a2e5d9c77b1c6a62ffdad9d2193ea5552d,1/26(金) 12:52
flix,シネマトゥデイ,BE:FIRST三山凌輝、ヒロイン弟役で朝ドラ初出演！「虎に翼」新キャスト発表,https://news.yahoo.co.jp/articles/f098f7ba8a635c84cb53a43e6f2481f6346bb24a,1/26(金) 12:36
flix,シネマトゥデイ,『ハリー・ポッターとアズカバンの囚人』初登場キャラは？,https://news.yahoo.co.jp/articles/e33f2499640230a9eacbd61624a7155b2f5d05bf,1/26(金) 12:33
flix,シネマトゥデイ,千葉雄大監督作、主演は「リュウソウジャー」一ノ瀬颯！「アクターズ・ショート・フィルム4」主演発表,https://news.yahoo.co.jp/articles/417c246b05c43467b5f71367e5de50ca2c881665,1/26(金) 12:00
flix,シネマトゥデイ,真夜中のプールに何かがいる…ブラムハウス最新ホラー『ナイトスイム』公開決定,https://news.yahoo.co.jp/articles/acd4ceb6d75233c5a57176a5ecf4b6fb92047b99,1/26(金) 12:00
flix,シネマトゥデイ,ベン・アフレック主演『ザ・コンサルタント2』年内撮影スタート！,https://news.yahoo.co.jp/articles/1ce09d2f30f4d850f17383f014c414c12b63751f,1/26(金) 11:26
flix,シネマトゥデイ,『アベンジャーズ』クリス・ヘムズワース、一家で来日！東京から野沢温泉まで堪能,https://news.yahoo.co.jp/articles/712bf6ebcb7add1fcbf4149285f21f0b4b259856,1/26(金) 10:33
flix,シネマトゥデイ,放送終了から10年「ドキドキ！プリキュア」小説出版決定,https://news.yahoo.co.jp/articles/dbbdfeb13efc628e0b85d2c4b4ad5c2380289061,1/26(金) 8:30
flix,シネマトゥデイ,走るゾンビで広がるジャンル映画の可能性　『劇場版 君と世界が終わる日に FINAL』監督、コロナ禍経て描く「感染する怖さ」,https://news.yahoo.co.jp/articles/b638e8b0253dd890b0b4a801555b9bab36adddb0,1/26(金) 8:03
flix,シネマトゥデイ,「仮面ライダー555殺人事件」予告編公開！巧＆草加がＷ変身、新型ファイズとカイザが共闘,https://news.yahoo.co.jp/articles/63aee5ff1423434788dd5f441e6e2ac156da2689,1/26(金) 8:00
flix,シネマトゥデイ,『ハリー・ポッター』スネイプ先生役のアラン・リックマンはどんな人だった？,https://news.yahoo.co.jp/articles/c5fa8df7d6c844af780d50b551628b5ac0f99282,1/26(金) 7:35
flix,シネマトゥデイ,『ガンダムSEED』最新作、新型機のデザインは18年前に固まっていた！メカデザイナー・大河原邦男に聞く主役MSの美学,https://news.yahoo.co.jp/articles/16a3a95c22c0c7f66d24c8884e32a4a0dea6334d,1/26(金) 7:10
flix,シネマトゥデイ,「おっさんずラブ」第4話、和泉と六道の正体が明らかに　まさかの警察学校編開幕,https://news.yahoo.co.jp/articles/dd43e035ed8b8b268f93363dd66b16558454cc83,1/26(金) 6:00
flix,シネマトゥデイ,今夜から！タイムスリップコメディー「不適切にもほどがある！」第1話のあらすじは？,https://news.yahoo.co.jp/articles/99a7c3a8e32223ff20ea555aa100662d01e3367a,1/26(金) 5:12
flix,シネマトゥデイ,GACKTが信長、竹中直人が秀吉役！映画『もしも徳川家康が総理大臣になったら』コロナ禍の日本で活躍,https://news.yahoo.co.jp/articles/2513470e176c4c56331a3016186800c2f403c892,1/26(金) 5:00
flix,シネマトゥデイ,実写版『沈黙の艦隊』続編ドラマ、予告編公開！日米vsやまと、東京湾で大海戦勃発,https://news.yahoo.co.jp/articles/82057d78ac891b54fd57c41cf3cca056024b210b,1/26(金) 5:00
flix,シネマトゥデイ,桂由美の半生を高梨臨主演でドラマ化　ウェディングドレス普及の道のり描く「はれのひ シンデレラ」2月24日放送,https://news.yahoo.co.jp/articles/0a6bc70a271ffca0251bfd7b8e93e664543add69,1/26(金) 5:00
flix,シネマトゥデイ,『ガンダムSEED FREEDOM』挿入歌は中島美嘉！小室哲哉が作詞・作曲・編曲,https://news.yahoo.co.jp/articles/6a088cd96f736e103a330843abeca19fb3f5f9a5,1/26(金) 0:00
flix,シネマトゥデイ,『ゴールデンカムイ』矢本悠馬の白石、驚異の再現度！「指先まで白石」「出る度笑う」,https://news.yahoo.co.jp/articles/b00f2bf80081cef90b2e88712d558df2b54f6e8c,1/25(木) 17:15
flix,シネマトゥデイ,マ・ドンソク来日決定『犯罪都市』最新作ジャパンプレミア＆舞台挨拶に登場！,https://news.yahoo.co.jp/articles/6fbe8ef2832da6967e4daeafaf9e35d3af02d7c7,1/25(木) 17:00
flix,シネマトゥデイ,「仮面ライダーW」「科捜研の女」山本ひかるが結婚発表　お相手は「共通の趣味を通じて知り合った方」,https://news.yahoo.co.jp/articles/2a88b558e92f1dbbb3152cfecce31cecc04486ae,1/25(木) 14:57
flix,シネマトゥデイ,DC『スーパーガール』新作映画、主演候補が判明！,https://news.yahoo.co.jp/articles/165b843b540a367852272ab5da95f8b4072f2cfb,1/25(木) 14:01
flix,シネマトゥデイ,2024年注目の映画はどれ？投票【トップ10発表】,https://news.yahoo.co.jp/articles/103446ba7bfaf99e9504244030a3cd370e30a7f1,1/25(木) 12:35
flix,シネマトゥデイ,『ミッドサマー』アリ・アスター監督、女性ファッション誌の着回し企画にまさかの登場,https://news.yahoo.co.jp/articles/5baf658d0251631a08bb778b8f36d303b4b93e67,1/25(木) 12:26
flix,シネマトゥデイ,フジ「大奥」嫌がらせと密談が横行…【第2話あらすじ】,https://news.yahoo.co.jp/articles/43e7fb6b64adbdf9e48fc3d7667549be53d5e7d2,1/25(木) 11:55
flix,シネマトゥデイ,『アベンジャーズ』トム・ホランドの賞与明細、誤ってトム・ホランダーに送られる,https://news.yahoo.co.jp/articles/cf6af2cffc32d1bd5c4ff4f010100e65371b9065,1/25(木) 11:53
flix,シネマトゥデイ,劇場版『仮面ライダー剣』ディレクターズカット版が初Blu-ray化！劇場公開版とセットの完全版、5.8発売決定,https://news.yahoo.co.jp/articles/0303bb3b51349d7e80de9fc6ef20f3a55dec8cc7,1/25(木) 10:00
flix,シネマトゥデイ,＜ブギウギ第81回あらすじ＞トミ（小雪）に山下（近藤芳正）が食い下がる,https://news.yahoo.co.jp/articles/c2e853e30fc07995ef3549df9195a93eba466d8f,1/25(木) 8:15
flix,シネマトゥデイ,映画『スラムダンク』復活上映の興行成績発表！トム・ホーバスがコメント,https://news.yahoo.co.jp/articles/ebc8c2957292ca0b313ea41af466c1bfceb87322,1/25(木) 7:10
flix,シネマトゥデイ,永瀬廉＆出口夏希が“期限付きの恋”　「余命一年と宣告された僕が、余命半年の君と出会った話」Netflixで実写映画化,https://news.yahoo.co.jp/articles/c2f0ba3aa33ed36cb04638c8f9e7b1fef499bb32,1/25(木) 6:00
flix,シネマトゥデイ,“悪魔の子“ダミアン誕生の物語『オーメン：ザ・ファースト』逆再生が不穏すぎる特報映像　4月5日公開決定,https://news.yahoo.co.jp/articles/293512ed2cd826e311ca116546f3c5b4685c275f,1/25(木) 6:00
flix,シネマトゥデイ,小関裕太＆味方良介、フジ「大奥」に出演決定！平賀源内に,https://news.yahoo.co.jp/articles/d4dd4ed09bff304a037f4ec33de8a1455d4ee6ae,1/25(木) 5:30
flix,シネマトゥデイ,吉田鋼太郎主演「おいハンサム!!」シーズン2放送＆映画化決定！,https://news.yahoo.co.jp/articles/a2d8e64b6b54325aa7455f5b2469f03f20e2ec11,1/25(木) 5:00
flix,シネマトゥデイ,藤井道人監督『青春18×2 君へと続く道』道枝駿佑ら追加キャスト発表　主題歌はMr.Children,https://news.yahoo.co.jp/articles/9d845d2efeaaf06b2b7fe0c70f330fcde4fe0a5e,1/25(木) 4:00
flix,シネマトゥデイ,【ネタバレ】「相棒」懐かしい人物の名前が…右京のラストシーンに視聴者騒然,https://news.yahoo.co.jp/articles/e8b8f243ddcff48364a4dbfc43b174cddddf2f27,1/25(木) 0:21
flix,シネマトゥデイ,福田麻貴＆八木勇征の婚活ドラマ、ヒロインの「生理的にムリ」に圧倒的共感,https://news.yahoo.co.jp/articles/8c425a6cabbf3f7f9dcf41060b57d6b5567bbe12,1/25(木) 0:12
flix,シネマトゥデイ,日本アカデミー賞『ゴジラ-1.0』が最多12部門で優秀賞受賞！,https://news.yahoo.co.jp/articles/93672b06702370c5840011f5f8c4ed9afbe2eef6,1/25(木) 0:00
flix,シネマトゥデイ,映画『ゴールデンカムイ』に絶賛の嵐,https://news.yahoo.co.jp/articles/16bd0163f7bce4a9eefbef6fb89a03d94c7f2225,1/24(水) 17:15
flix,シネマトゥデイ,ミュージカル「バック・トゥ・ザ・フューチャー」日本上陸！劇団四季で2025年4月上演決定,https://news.yahoo.co.jp/articles/1a3d10c96c6cf1410452c3540ed1de71f6a49bec,1/24(水) 17:06
flix,シネマトゥデイ,宮崎駿『名探偵ホームズ』デジタルリマスター版が再上映決定,https://news.yahoo.co.jp/articles/5da14c53a6192ba81b8fdf3b84f6683beaf1d98c,1/24(水) 16:00
flix,シネマトゥデイ,ライアン・ゴズリング、『バービー』監督＆主演女優ノミネートなしに「がっかり」：第96回アカデミー賞,https://news.yahoo.co.jp/articles/21e6b18a10b008c59aebb162c8654aa34a67b938,1/24(水) 12:12
flix,シネマトゥデイ,「Eye Love You」テオが胸キュン発言連発！心の声の訳は？,https://news.yahoo.co.jp/articles/ee37fc4aebffc1c4484f83cd9e51d42e85802b94,1/24(水) 12:07
flix,シネマトゥデイ,ついに決定！『オッペンハイマー』日本公開は3月29日,https://news.yahoo.co.jp/articles/277899fe03f467d7c61efbacf261fe7c77fc19ad,1/24(水) 12:00
flix,シネマトゥデイ,「王様戦隊キングオージャー」サンリオキャラが王様＆執事に！スーパー戦隊初のコラボ決定,https://news.yahoo.co.jp/articles/836503ed9b3c008b1c5097e300ec24381a81be96,1/24(水) 12:00
flix,シネマトゥデイ,『オッペンハイマー』キリアン・マーフィ、オスカー初ノミネートをママの手作りケーキでお祝い：第96回アカデミー賞,https://news.yahoo.co.jp/articles/34c4f59da5eb779ad0aa2f12373d4f9bc2882237,1/24(水) 10:22
flix,シネマトゥデイ,＜ブギウギ第80回あらすじ＞スズ子（趣里）が妊娠、トミ（小雪）の反応は？,https://news.yahoo.co.jp/articles/ceade29a0c3775474ea71ee3b5cb60a733ed742c,1/24(水) 8:15
flix,シネマトゥデイ,24年ぶり！「救命病棟24時」シリーズの再放送決定,https://news.yahoo.co.jp/articles/cc2d8de557d7ef0be0531f8a1c4d3d455b737949,1/24(水) 8:00
flix,シネマトゥデイ,玉置成実、『ガンダムSEED』14歳でOPデビューから20年　第一線で歌い続ける原動力,https://news.yahoo.co.jp/articles/ab4a70d7e423db5510c3ef78abc17dbe7b060db8,1/24(水) 7:10
flix,シネマトゥデイ,【推しの子】実写映画＆ドラマ化決定　アクア・櫻井海音、アイ・齋藤飛鳥、ルビー・齊藤なぎさらキャストビジュアル公開,https://news.yahoo.co.jp/articles/8f41da982539140e0e3d8e10e68b2a465c069f6f,1/24(水) 7:00
flix,シネマトゥデイ,今夜「相棒22」第13話　美和子に届いたラブレター、薫は不機嫌モードに,https://news.yahoo.co.jp/articles/d67704e879e4f617a4413d7b34366d4c2a43a4b7,1/24(水) 6:32
flix,シネマトゥデイ,オードリー春日＆日向坂46・松田好花＆サトミツの旅番組「春日ロケーション」地上波SP＆シーズン2配信決定,https://news.yahoo.co.jp/articles/d23385945505dfde99ed2b402b6da77f8fd2ff58,1/24(水) 6:00
flix,シネマトゥデイ,『ゴールデンカムイ』アシリパ役に山田杏奈を起用した理由,https://news.yahoo.co.jp/articles/5c25a5788c2e89f62d8085f3250d3faa360d8e09,1/24(水) 5:02
flix,シネマトゥデイ,『ゴジラ-1.0』オスカーノミネートに山崎貴監督＆キャスト歓喜「新しい扉が開いた」：第96回アカデミー賞,https://news.yahoo.co.jp/articles/000a338b9f158f91cb030cb624fb81fcc9575c00,1/23(火) 23:56
flix,シネマトゥデイ,アカデミー賞ノミネート全リスト！『オッペンハイマー』が最多13部門：第96回アカデミー賞,https://news.yahoo.co.jp/articles/405a6a4a653e60add8dbb80a0b1d3a1a7afc14ed,1/23(火) 23:26
flix,シネマトゥデイ,米アカデミー賞、日本映画3作品ノミネートの快挙！：第96回アカデミー賞,https://news.yahoo.co.jp/articles/723175d8588a1a31fa2933d75f2d3b1c565c6a6d,1/23(火) 23:25
flix,シネマトゥデイ,『ゴジラ-1.0』視覚効果賞ノミネート！日本映画初の快挙：第96回アカデミー賞,https://news.yahoo.co.jp/articles/30e24d622e7541e69f5447d4c4b05889134b5ffb,1/23(火) 22:46
flix,シネマトゥデイ,ジブリ『君たちはどう生きるか』長編アニメ映画賞ノミネート！21年ぶり受賞なるか：第96回アカデミー賞,https://news.yahoo.co.jp/articles/a774cc43f4c390c2a3e0344b2652aba2b61ee55a,1/23(火) 22:44
flix,シネマトゥデイ,役所広司『PERFECT DAYS』国際長編映画賞ノミネート！邦画では2年ぶり：第96回アカデミー賞,https://news.yahoo.co.jp/articles/22a10f572328ece113478754efb98bc155a01cc1,1/23(火) 22:44
flix,シネマトゥデイ,『ワイルド・スピード』吹替ファミリーが1作目を新録　高橋広樹、亡きポール・ウォーカーへ「感謝の気持ちを込めて」,https://news.yahoo.co.jp/articles/4a25c9fa0231c416ea5deaad929dc139bbcdd5c0,1/23(火) 21:14
flix,シネマトゥデイ,「透明なゆりかご」が一挙再放送！,https://news.yahoo.co.jp/articles/9a99aa5b0abe88629ffecfac08e588d7106d7e7c,1/23(火) 19:14
flix,シネマトゥデイ,スター・ウォーズ「バッド・バッチ」ファイナルシーズン、2月21日より初回3話日米同時配信！予告編が公開,https://news.yahoo.co.jp/articles/20610f3a8624920b2b50dea4f8fc4a2ebab29644,1/23(火) 19:02
flix,シネマトゥデイ,ミュージカル版『ミーン・ガールズ』がV2！：全米ボックスオフィス考,https://news.yahoo.co.jp/articles/c73454bd61a50d91a9eda648c9593e2364996dcf,1/23(火) 18:18
flix,シネマトゥデイ,可愛すぎ！マーゴット・ロビーの『バービー』ファッションが本に,https://news.yahoo.co.jp/articles/d7e9b811caddd6a924b871972c0b8db85bab6b2b,1/23(火) 17:32
flix,シネマトゥデイ,『ゴールデンカムイ』玉木宏の鶴見中尉が「鶴見中尉すぎた」,https://news.yahoo.co.jp/articles/0c47b6c9f0735e5c7989ca0b3bd0cdd8b95a63a9,1/23(火) 17:02
flix,シネマトゥデイ,『夜の大捜査線』『月の輝く夜に』ノーマン・ジュイソン監督が死去 97歳,https://news.yahoo.co.jp/articles/19aced6b3a781ca8e9da165f09ca1c675f246be8,1/23(火) 16:23
flix,シネマトゥデイ,『ジュラシック・ワールド』新作映画が始動！初代脚本家が復帰、キャスト一新へ,https://news.yahoo.co.jp/articles/00ccf8f5c735d76e02b061a6b63b37ad9b0e0df4,1/23(火) 14:28
flix,シネマトゥデイ,「PUI PUI モルカー」CGアニメで映画化！完全新作2024年公開決定,https://news.yahoo.co.jp/articles/99f67c22da862cf3c3abb6af1eb6027812837040,1/23(火) 12:00
flix,シネマトゥデイ,『ノッキン・オン・ヘブンズ・ドア』全国41館で1週間限定リバイバル上映,https://news.yahoo.co.jp/articles/ae7a6824e44fefc6265b78b391878ec34c5d8bdb,1/23(火) 12:00
flix,シネマトゥデイ,本日！映画『スラムダンク』復活上映に井上雄彦監督がコメント,https://news.yahoo.co.jp/articles/f90a2f7f78d38675cc21d9e8a983fe8497775a03,1/23(火) 11:40
flix,シネマトゥデイ,『スパイダーマン』ゼンデイヤ、ぱっつん前髪披露！,https://news.yahoo.co.jp/articles/361844bc0338980f338db6c474c7330c7d296c46,1/23(火) 11:19
flix,シネマトゥデイ,58歳で突然死した米昼ドラ俳優、死因が判明,https://news.yahoo.co.jp/articles/5d695f9d65c9041943233446cef029b2c803e816,1/23(火) 9:59
flix,シネマトゥデイ,【あすのブギウギ】第79回　トミが連れて帰ると言う,https://news.yahoo.co.jp/articles/cde96b94fa9e5bf79505ea475257e1ae42cd9d8b,1/23(火) 8:15
flix,シネマトゥデイ,西野七瀬＆高良健吾、実写版「1122」で初共演！6月の世界配信も決定,https://news.yahoo.co.jp/articles/c7b2eb0a9a112be0b9ba493a22a4adcc36647cb3,1/23(火) 8:00
flix,シネマトゥデイ,「Eye Love You」今夜スタート！いきなりキュンキュンな予感…第1話のあらすじは？,https://news.yahoo.co.jp/articles/ef4314b84abf8606adf3d393af3f085a8cb26e44,1/23(火) 7:12
flix,シネマトゥデイ,田中樹＆古川琴音、“究極のデスゲーム”参戦　間宮祥太朗「アクマゲーム」出演決定,https://news.yahoo.co.jp/articles/506b1b6dd9730fdd5f055d218c78e8859ce0a698,1/23(火) 5:00
flix,シネマトゥデイ,最低映画を決めるラジー賞『エクスペンダブルズ4』が最多7部門ノミネート　常連スタローンも候補入り,https://news.yahoo.co.jp/articles/c46b60b3232c6d61a3b96c667d7dadf92218e817,1/23(火) 0:31
flix,シネマトゥデイ,『モータルコンバット2』撮影終了！,https://news.yahoo.co.jp/articles/2a09fe9e1b748e822961eb361f0c00aa94a6dfea,1/22(月) 20:22
flix,シネマトゥデイ,山田涼介＆浜辺美波、サプライズ登場に女子中高生が歓喜！4分間黄色い声止まず,https://news.yahoo.co.jp/articles/c8c0abb0e4294440379c9f23f922a02fba592349,1/22(月) 18:54
flix,シネマトゥデイ,再現度凄い！実写『ゴールデンカムイ』第七師団のキャストは？,https://news.yahoo.co.jp/articles/6ca8392fe6e44e583cca887e45f983204064c1b3,1/22(月) 18:02
flix,シネマトゥデイ,38歳になった「ゴシップガール」女優、見た目での病気説に激怒,https://news.yahoo.co.jp/articles/15b30fdbfb51a0e224f91caa5835e634fea6a314,1/22(月) 17:15
flix,シネマトゥデイ,『ゴールデンカムイ』初日3日間で5.3億円突破！集客トップ10に北海道の4館：映画週末興行成績,https://news.yahoo.co.jp/articles/8111c04bdf4f2e9424fee04d67afc89a3cd667f3,1/22(月) 15:05
flix,シネマトゥデイ,藤岡真威人、熱すぎるアクアマン愛が炸裂　好きなものが融合した「ドンピシャのヒーロー」,https://news.yahoo.co.jp/articles/8638c307e3ac1b7108dca999ba64a88ccc537996,1/22(月) 13:37
flix,シネマトゥデイ,ヒュー・ジャックマン、恐ろしいほどムキムキ！ウルヴァリン再演のため,https://news.yahoo.co.jp/articles/dce162c050b190152f50b70b980ed56c0520a7dc,1/22(月) 12:14
flix,シネマトゥデイ,「光る君へ」町田啓太に“リアル光源氏”の声,https://news.yahoo.co.jp/articles/30eb7415a798eaabda4dc941e5b50a3433c5f59c,1/22(月) 12:05
flix,シネマトゥデイ,内藤剛志が20年ぶり朝ドラ出演「ブギウギ」人情派のベテラン刑事役,https://news.yahoo.co.jp/articles/70943cf6d3b812013cbc90c361f90caedebbcfe0,1/22(月) 11:39
flix,シネマトゥデイ,米昼ドラ俳優、58歳で死去,https://news.yahoo.co.jp/articles/02ca0d465121e2bab0abf8c63f65a8ff553260d2,1/22(月) 11:31
flix,シネマトゥデイ,マーベル最強ヴィランによる新チーム『サンダーボルツ』まもなく撮影開始！,https://news.yahoo.co.jp/articles/f20410cf33118e6b164462445bae480e7aa43a44,1/22(月) 10:32
flix,シネマトゥデイ,「ブギウギ」愛助がやめると言い出す　第78回あらすじ,https://news.yahoo.co.jp/articles/301654ac1d5207af5c15e687935ca267df1efe03,1/22(月) 8:15
flix,シネマトゥデイ,『DUNE／デューン　砂の惑星』IMAX限定でリバイバル上映決定！,https://news.yahoo.co.jp/articles/ee0501913bf6fdda2559292acc15553780c84356,1/22(月) 8:00
flix,シネマトゥデイ,トニー・レオン＆ワン・イーボー共演　スパイノワール『無名』5月3日公開決定,https://news.yahoo.co.jp/articles/df899dbbb509e9696c8990ff241cf6d3afaec9c4,1/22(月) 8:00
flix,シネマトゥデイ,『ゴールデンカムイ』柳俊太郎、アクションはロックスターの動きを参考に　モデル経験が役づくりのベース,https://news.yahoo.co.jp/articles/b35ce158c33e916acbd048fc76b999ccf95959ac,1/22(月) 7:15
flix,シネマトゥデイ,『インクレディブル・ハルク』から15年！エドワート・ノートンの現在は？,https://news.yahoo.co.jp/articles/e8f70645ba90ee2b5021ec2fbbde1e389d7ca553,1/22(月) 5:02
flix,シネマトゥデイ,「光る君へ」町田啓太ら平安の男子会話題　「源氏物語」オマージュか,https://news.yahoo.co.jp/articles/91dce69e75e040d90f739b9d9d97d8367b36ce0b,1/21(日) 23:01
flix,シネマトゥデイ,「光る君へ」で地獄の女子会…“忖度なし”のまひろに緊張走る,https://news.yahoo.co.jp/articles/85ea6571d0f0600243b9f1c6bd3e82a3a5e8ed1f,1/21(日) 21:37
flix,シネマトゥデイ,「光る君へ」まひろ画伯の似顔絵に笑撃！ツッコミ続々,https://news.yahoo.co.jp/articles/71c2032aebb0c98aa208fd1aea3c38076e91844e,1/21(日) 21:00
flix,シネマトゥデイ,「光る君へ」まひろ（吉高由里子）が驚愕の真実を知る　第4回あらすじ,https://news.yahoo.co.jp/articles/8956d25d04274c4a5eea813b594293b614af9dc4,1/21(日) 20:45
flix,シネマトゥデイ,【ネタバレ】X JAPAN「紅」の不思議な力　映画『カラオケ行こ！』山下監督が分析,https://news.yahoo.co.jp/articles/13ecddb4ed8c50d0002ad373f0613d9c5f398fc1,1/21(日) 12:15
flix,シネマトゥデイ,チェッカーズ、幻のライブが3.1より2週間限定上映！ライブ写真も公開,https://news.yahoo.co.jp/articles/1f26493cc37a60c106c50c6e88f9622a2eb27ecf,1/21(日) 12:00
flix,シネマトゥデイ,『キングオージャーVSドンブラザーズ』『キングオージャーVSキョウリュウジャー』製作決定！Vシネ初の2本立て,https://news.yahoo.co.jp/articles/ad5441bf2215f31dea863b74c564c71be65fdcc6,1/21(日) 10:00
flix,シネマトゥデイ,「キョウリュウジャー」竜星涼＆塩野瑛久＆斉藤秀翼ら「キングオージャー」Vシネ出演！10周年でオリキャス再集結,https://news.yahoo.co.jp/articles/99625472b5cba7700521b81f6d94c69f10dafbb0,1/21(日) 10:00
flix,シネマトゥデイ,【あすのブギウギ】第77回　トミを説得しに向かう,https://news.yahoo.co.jp/articles/dd22983e730b0d2d5b49e8e3e79f981892fad864,1/21(日) 8:15
flix,シネマトゥデイ,実写『ゴールデンカムイ』“不死身の杉元”と山崎賢人の共通点　監督が見た作品への献身,https://news.yahoo.co.jp/articles/d41385312ce056fdb4adf1cd126bd3acafad3c66,1/21(日) 7:12
flix,シネマトゥデイ,「新空港占拠」獣二人目“鶏”の正体は山谷花純　「ニンニンジャー」モモニンジャー役でブレイク,https://news.yahoo.co.jp/articles/6fe8f7e505f8cbea86a396e4b84f5ee12e58fa07,1/20(土) 22:54
flix,シネマトゥデイ,「仮面ライダー555」半田健人、木場勇治の初登場「誰もが今年の主役は彼だって思った」芳賀優里亜と生コメンタリー,https://news.yahoo.co.jp/articles/cc3e84db86df3f8c0a978973ef996c3e53add556,1/20(土) 19:57
flix,シネマトゥデイ,「ウルトラマントリガー」豊田ルナ、寺坂頼我は“ずっとヒーロー”　恋愛ドラマで再共演、旅館スタッフから「ケンゴとユナだ」,https://news.yahoo.co.jp/articles/5c8ba5b09c54fbc2ea725cc248305f00b5aa19b2,1/20(土) 19:15
flix,シネマトゥデイ,鬼滅の刃「遊郭編」特別編集版、放送決定！土曜プレミアムで2週連続,https://news.yahoo.co.jp/articles/cc3bd4eef3b2310ad27aa3724fc76645fc8d1527,1/20(土) 18:36
flix,シネマトゥデイ,賀来賢人、親子で「SPY×FAMILY」に熱中　中村倫也と共にファミリー入り懇願,https://news.yahoo.co.jp/articles/731a9dd5ee604accd35c3cfd98a973b2a48b8a95,1/20(土) 16:16
flix,シネマトゥデイ,劇場版『SPY×FAMILY』興収50億円突破！江口拓也、さらなる快進撃に期待「何度観ても楽しめる」,https://news.yahoo.co.jp/articles/66fd03dd50fe3ce2140c0b2f83d4150a1bb08bf2,1/20(土) 15:53
flix,シネマトゥデイ,『ゴーストバスターズ』最新作、上白石萌歌＆梶裕貴ら吹き替え続投！初代声優陣もカムバック,https://news.yahoo.co.jp/articles/00160663629a4415795d6d8a1077924adb8fc685,1/20(土) 12:00
flix,シネマトゥデイ,「仮面ライダーガッチャード」りんね、覚醒の時！第19話「りんねの夜明け！変身・マジェード！」あらすじ,https://news.yahoo.co.jp/articles/7163c50da8232387705fcccdd311f7349344ba5f,1/20(土) 11:03
flix,シネマトゥデイ,「ウルトラマンブレーザー」最終話、世界トレンド1位で有終の美　ブレーザーの“言葉”に視聴者涙,https://news.yahoo.co.jp/articles/0d76a2d87173932f3b1f54b88ffb623fffcdd40d,1/20(土) 10:16
flix,シネマトゥデイ,ウルトラマンブレーザーに光線技！左手で放つ「ブレーザー光線」最終話で誕生,https://news.yahoo.co.jp/articles/37b30faecc97041357a2ac9d2d2cc83fbae6f781,1/20(土) 9:30
flix,シネマトゥデイ,「仮面ライダー555」20周年　半田健人「ファンが好きなファイズを守りたい」乾巧として果たすべき責務,https://news.yahoo.co.jp/articles/c0aa58274b8b3e3d42969922e233931ef2ddec73,1/20(土) 9:00
flix,シネマトゥデイ,実写『ゴールデンカムイ』白石役・矢本悠馬、原作モノで得た自信が支え　ファンを納得させる熱演の裏側,https://news.yahoo.co.jp/articles/ec1a055bd21a00010f1431e2190b043ca5ce6320,1/20(土) 8:32
flix,シネマトゥデイ,＜来週のブギウギ＞愛助が再び血を吐く,https://news.yahoo.co.jp/articles/dd219c5992f815418d7e4ae78af54f98b4e93e6d,1/20(土) 8:15
flix,シネマトゥデイ,「おっさんずラブ」武川部長が絶賛迷走中！おむつパートナーがトレンド入り,https://news.yahoo.co.jp/articles/8b0e75c32382ed58681af50d4ec5447a9a485c42,1/20(土) 2:43
flix,シネマトゥデイ,田中圭「おっさんずラブ」続編で一人二役！第4話でお隣さんの正体明らかに,https://news.yahoo.co.jp/articles/bc94c338d648a8b4c63fb5a014735d341c694451,1/20(土) 1:07
flix,シネマトゥデイ,『ハリー・ポッター』でだれが好き？人気キャラ【トップ10発表】,https://news.yahoo.co.jp/articles/90a05927ed73683000c6d7fda9edb92c6da7123b,1/19(金) 20:48
flix,シネマトゥデイ,『ゴールデンカムイ』眞栄田郷敦「続編あれば体づくり頑張りたい」　尾形百之助役はミステリアスさを大事に,https://news.yahoo.co.jp/articles/7a6b525a170b39c56ccfaf3a92c9102e8b3f3b71,1/19(金) 19:42
flix,シネマトゥデイ,『ゴールデンカムイ』山崎賢人、足の速さで“相棒”山田杏奈を圧倒,https://news.yahoo.co.jp/articles/6fef551dd2e039dcb24600d7b67a16338bb529ae,1/19(金) 19:18
flix,シネマトゥデイ,アウシュヴィッツ強制収容所の隣で幸せに暮らす所長一家…A24『関心領域』公開決定,https://news.yahoo.co.jp/articles/0887c8b70bd1f9afc9005ec605f34792a67f9455,1/19(金) 18:01
flix,シネマトゥデイ,「寄生獣」岩明均のSF漫画「七夕の国」細田佳央太主演で実写ドラマ化決定,https://news.yahoo.co.jp/articles/7acd76441a18d5af2c1a460f5ee9c94d1eb490aa,1/19(金) 15:00
flix,シネマトゥデイ,阿部サダヲ、宮藤官九郎とのタッグに感慨「最初のセリフから驚かされました」,https://news.yahoo.co.jp/articles/dd942c18aaf9d36c1d6369828a29d5122c249614,1/19(金) 14:27
flix,シネマトゥデイ,『ゴールデンカムイ』新映像公開！杉元・アシリパ・白石のほっこり3ショットも,https://news.yahoo.co.jp/articles/2a10c3a2be04c8c18b552b83abb7aabc9a9d67ad,1/19(金) 13:22
flix,シネマトゥデイ,ジブリ『君たちはどう生きるか』英国アカデミー賞ノミネートの快挙！,https://news.yahoo.co.jp/articles/a947dcc280c4a9ec9b77420554e4725219ced660,1/19(金) 12:21
flix,シネマトゥデイ,朝ドラ「虎に翼」尾野真千子が語りに決定！,https://news.yahoo.co.jp/articles/3baa7c8b089caaa894768036be12856ebc07e3cd,1/19(金) 12:03
flix,シネマトゥデイ,『バービー』リバイバル上映が決定！賞レースを席巻中,https://news.yahoo.co.jp/articles/b21ca4695e73f81d440d6e028b1cd2a9cb41b1b9,1/19(金) 12:00
flix,シネマトゥデイ,金ロー『ペット』『SING／シング』2週連続放送が決定！日本初放送の短編アニメも,https://news.yahoo.co.jp/articles/229410559a792a84122aaaae9966af2f0e5472a5,1/19(金) 12:00
flix,シネマトゥデイ,『ゴジラ-1.0』ルーカスフィルムで上映会　『スター・ウォーズ』重鎮が絶賛、山崎貴監督「本当に夢のようです」,https://news.yahoo.co.jp/articles/46ec2aac90b62f1ee89be7bf42c66b7d93303abd,1/19(金) 12:00
flix,シネマトゥデイ,フジ「大奥」亀梨和也のツンデレ将軍ぶりにキュンキュン,https://news.yahoo.co.jp/articles/52af945c719cb283aab4148376334a4e84438494,1/19(金) 11:36
flix,シネマトゥデイ,今になって！『ミッション：インポッシブル』第7弾、公開翌年にタイトル変更,https://news.yahoo.co.jp/articles/ebbea32bf78035a0d04a394a5543256273aa793a,1/19(金) 11:19
flix,シネマトゥデイ,『ゴールデンカムイ』野田サトル、実写化に歓喜したキャラとは　完結を迎えた現在の思い【原作者インタビュー】,https://news.yahoo.co.jp/articles/1cf173975f977542a3a08fe0ef0866df60157896,1/19(金) 8:12
flix,シネマトゥデイ,『ハリー・ポッター』シリーズのゲイリー・オールドマンの現在は？,https://news.yahoo.co.jp/articles/01ab0ddd4fcdb529e86cf71b2ee36273e3cabd01,1/19(金) 7:35
flix,シネマトゥデイ,はるたんが“昼顔不倫”？武蔵の潜入作戦開始「おっさんずラブ-リターンズ-」第3話あらすじ＆場面カット公開,https://news.yahoo.co.jp/articles/fd15c2361e49c74a1b21b7f2ec638834dc6eb58a,1/19(金) 6:00
flix,シネマトゥデイ,「勇気爆発バーンブレイバーン」新キャラクター、スペルビア役に杉田智和　チョー・浅川悠・白熊寛嗣も参戦,https://news.yahoo.co.jp/articles/e2c3b5200f11b242f98519b24ea8a8905ecf94a1,1/19(金) 0:30
flix,シネマトゥデイ,フジ令和版「大奥」浅野ゆう子がナレーション担当「とても光栄」,https://news.yahoo.co.jp/articles/8ca9630dab5ed564d030f182125498a9a9283a2c,1/18(木) 23:09
flix,シネマトゥデイ,ムロツヨシ＆永山瑛太、“ポジション逆転”で20年ぶり映画共演「目を合わせるのが照れ臭かった」,https://news.yahoo.co.jp/articles/5dab1f28bad42d3334d2b1bc6015e860c48e1dba,1/18(木) 20:14
flix,シネマトゥデイ,『ゴジラ-1.0』モノクロ版『マイナスカラー』北米でも期間限定で上映,https://news.yahoo.co.jp/articles/d73fe2b256b9525baf7d604f57813e18fe651f6f,1/18(木) 20:03
flix,シネマトゥデイ,ミュージカル版『ミーン・ガールズ』首位デビュー！：全米ボックスオフィス考,https://news.yahoo.co.jp/articles/ccd30618e600b84ff0013837988072c9026e9eed,1/18(木) 17:29
flix,シネマトゥデイ,『エクスペンダブルズ』オーバーキルな追走劇　本編カーチェイス映像が公開,https://news.yahoo.co.jp/articles/99fda6a183c152a66d2d91cc7412841a226d60ba,1/18(木) 17:00
flix,シネマトゥデイ,実写映画『からかい上手の高木さん』初映像公開！10年後の高木さん＆西片が再会,https://news.yahoo.co.jp/articles/dea4bc5791da6fb55a1634e7337f0bf8d0834c74,1/18(木) 17:00
flix,シネマトゥデイ,ヘンリー・カヴィル来韓！『キングスマン』監督の新作スパイ映画、猫に最大限の愛情注ぐ,https://news.yahoo.co.jp/articles/a4f5c422aaa9b34621e2430cd6ac48d59d947c0d,1/18(木) 14:16
flix,シネマトゥデイ,ナタリー・ポートマン、不倫夫から離れ新生活,https://news.yahoo.co.jp/articles/409a4dd18fdf37a17d3ca4c933087b04f639a056,1/18(木) 12:40
flix,シネマトゥデイ,「ブギウギ」カッコ良すぎる喜劇王・タナケン！生瀬勝久は演じ分けを意識【ネタバレ注意】,https://news.yahoo.co.jp/articles/8fcf9bd80f1cd7bc90f20d3125fc4222b448d90c,1/18(木) 12:19
flix,シネマトゥデイ,米津玄師、次の朝ドラ「虎に翼」の主題歌に！初回放送日も決定,https://news.yahoo.co.jp/articles/a62a750bcb5ff324b21375340eb6ec75891d9ab6,1/18(木) 12:16
flix,シネマトゥデイ,「映画秘宝」再々復刊号は『オッペンハイマー』特集　マッド・サイエンティスト映画の世界に迫る,https://news.yahoo.co.jp/articles/4f68b6773640e4d47ddf4a21f5dd1df22c993c93,1/18(木) 12:00
flix,シネマトゥデイ,津田健次郎、実写『ゴールデンカムイ』でナレーション！テレビ版声優に続く参加に「とても迷いました」,https://news.yahoo.co.jp/articles/5bd87bb0a50244910963221f8af05b11b7e0e304,1/18(木) 10:00
flix,シネマトゥデイ,「ブギウギ」タナケン＆スズ子が話題になる　第76回あらすじ,https://news.yahoo.co.jp/articles/648731b801036fbdbf13c864642bfdccf10cd5dd,1/18(木) 8:15
flix,シネマトゥデイ,映画『変な家』Creepy Nuts・DJ松永ら新キャスト7名発表！主題歌はアイナ・ジ・エンド,https://news.yahoo.co.jp/articles/dad04007a9c0df8a5c95dc641e31d80404dd4077,1/18(木) 8:00
flix,シネマトゥデイ,アン・ハサウェイ主演『ブルックリンでオペラを』4月5日公開決定,https://news.yahoo.co.jp/articles/37ec39b497d7bf7a0d6fb53e4bcfea77a3d7217b,1/18(木) 8:00
flix,シネマトゥデイ,賀来賢人主演＆原案「忍びの家」2.15世界独占配信決定！吉岡里帆ら新キャストも発表,https://news.yahoo.co.jp/articles/b305718930b6df3c91fb255382fbbbf65fcfa559,1/18(木) 8:00
flix,シネマトゥデイ,実写『ゴールデンカムイ』全てはカムイのため…ガチファン監督、北海道ロケにこだわり製作陣を説得,https://news.yahoo.co.jp/articles/e78bec5c7f7db88ebc3ac331cd7dbf755488cd1e,1/18(木) 7:30
flix,シネマトゥデイ,今夜スタート！フジ「大奥」テーマは愛　第1話あらすじ,https://news.yahoo.co.jp/articles/ad69c643751f484fc19a0507b1cd35dd8661b0e8,1/18(木) 7:16
flix,シネマトゥデイ,【ネタバレ】「相棒22」衝撃ラストに騒然　死んだと思われた“最悪の男”復活か,https://news.yahoo.co.jp/articles/28cf6d9b85351df0e1680fbc973c1d4211628677,1/18(木) 6:03
flix,シネマトゥデイ,真田広之「SHOGUN 将軍」日本版予告公開　ハリウッドが描く関ヶ原の戦い前夜,https://news.yahoo.co.jp/articles/b38b248d9deb75105f04f811a42b3d86ed47a71b,1/18(木) 6:00
flix,シネマトゥデイ,「婚活1000本ノック」福田麻貴＆八木勇征の名コンビ爆誕！「コンフィデンスマンJP」監督の演出も好評,https://news.yahoo.co.jp/articles/6b708452a4ac8a3154cde7b94e4bb26e087f8f09,1/18(木) 0:35
flix,シネマトゥデイ,Snow Man佐久間大介、狂気のストーカー役は「楽しかった」　豹変ぶりに斉藤由貴「パニックになりそう」,https://news.yahoo.co.jp/articles/127ac69cb8d1815698446c485f83311bbb40a530,1/17(水) 19:57
flix,シネマトゥデイ,BE:FIRSTのライブドキュメンタリー、ブルーレイ＆DVDが3月29日発売！特典内容も明らかに,https://news.yahoo.co.jp/articles/b6a3e8d6b3c494ebf2967c58264a4e4aba38c112,1/17(水) 18:00
flix,シネマトゥデイ,長谷川博己、「龍が如く」最新作で“マッチョ”になる「最高です」,https://news.yahoo.co.jp/articles/a8923e987814ea8e7d212701bc8ba41082ccfc6a,1/17(水) 17:16
flix,シネマトゥデイ,「龍が如く8」春日一番役・中谷一博が男泣き…最新作完成に感極まる,https://news.yahoo.co.jp/articles/aa393021bd22ac88e636cbd395a2fe6ffa5e658c,1/17(水) 16:00
flix,シネマトゥデイ,岸優太主演『Gメン』Netflix日本1位！,https://news.yahoo.co.jp/articles/7fbf8b4c5516f792f89b9bf2b4c7e936fcd26a37,1/17(水) 15:02
flix,シネマトゥデイ,大きなおなか！『TENET テネット』ロバート・パティンソンの婚約者、美しき妊婦ドレス姿で授賞式に,https://news.yahoo.co.jp/articles/ba4b868b3bce7d4c28d7189af1bc0a75350320e7,1/17(水) 12:32
flix,シネマトゥデイ,米昼ドラ俳優、50歳で死去…死因が判明,https://news.yahoo.co.jp/articles/d086b57d68ba27dfb0ec598836d9af9e09d5f58b,1/17(水) 10:21
flix,シネマトゥデイ,実写版『ヒックとドラゴン』撮影スタート！,https://news.yahoo.co.jp/articles/3633542b10046f984e430ad461004b5ddddded79,1/17(水) 9:42
flix,シネマトゥデイ,「ブギウギ」小夜とサムが家に来る　第75回あらすじ,https://news.yahoo.co.jp/articles/28b9adcbd528ce656780925c76b6470317dd53c2,1/17(水) 8:15
flix,シネマトゥデイ,『あぶない刑事』最新作、西野七瀬・早乙女太一ら初参戦キャスト8名が発表！,https://news.yahoo.co.jp/articles/01f76721f494e6229222dd322d03d5620e969423,1/17(水) 8:00
flix,シネマトゥデイ,あの＆幾田りら、W主演アニメ『デデデデ』主題歌でスペシャルコラボ決定,https://news.yahoo.co.jp/articles/6f4c876354b5230e66913b303570551eaf1992a8,1/17(水) 8:00
flix,シネマトゥデイ,『ゴジラ-1.0』山崎貴監督、ロバート・ダウニー・Jrと対面「アベンジャーズの方々とだいぶお近づきになれまして」,https://news.yahoo.co.jp/articles/689a3a23527f453bce49074a9ab2ccb73b2593ad,1/17(水) 7:02
flix,シネマトゥデイ,今夜「相棒22」第12話　 翻弄される右京…殺人の裏に恐ろしい因縁,https://news.yahoo.co.jp/articles/e3b48ef8645857124c54106b112f1fca0e877997,1/17(水) 6:32
flix,シネマトゥデイ,実写版「ONE PIECE」日米サンジが夢の対面　タズ・スカイラー、平田広明は「最高に優しい人」,https://news.yahoo.co.jp/articles/5df9e9da438d896ae6e162c690e332fb631b610b,1/17(水) 6:10
flix,シネマトゥデイ,『ゴールデンカムイ』山崎賢人、中学時代はサッカーに夢中　山田杏奈と“ベアーズ”サプライズ訪問,https://news.yahoo.co.jp/articles/7cac5575be6404e08ae85cc3ea212c600c1e8a65,1/17(水) 5:00
flix,シネマトゥデイ,ディーン・フジオカ「おっさんずラブ」今世紀最高峰のバチェラー役でカメオ出演「一体何者なのか」,https://news.yahoo.co.jp/articles/e913a6d73b7ffdd39b9193a48c6184cecf4f4b52,1/17(水) 5:00
flix,シネマトゥデイ,「正直不動産2」優しい風吹く父子の物語に涙　「泣ける…」「いい話過ぎる」,https://news.yahoo.co.jp/articles/7a4d8f6e84e36bb56df4e899247f650b2e4cef17,1/17(水) 0:01
flix,シネマトゥデイ,宮沢氷魚＆黒島結菜、第1子の妊娠発表「ちむどんどん」で夫婦役　入籍はせず「必要に応じて」,https://news.yahoo.co.jp/articles/7d6332e9e1bb4c3d1f544e45fa6715d09d5d46f9,1/16(火) 20:16
flix,シネマトゥデイ,高良健吾、10代から競った同世代と共演に感無量　「二人を見ると何かが見つかる」,https://news.yahoo.co.jp/articles/154a88050e2736aadb2fc0d9b53b1d917c630d04,1/16(火) 20:11
flix,シネマトゥデイ,元宝塚トップスター、凰稀かなめ「光る君へ」第3回で初登場！歌人・赤染衛門役で初大河,https://news.yahoo.co.jp/articles/220b4f75fbbcd660fa8f04afb75752016aac78b1,1/16(火) 18:02
flix,シネマトゥデイ,マ・ドンソク、20年来の盟友とタッグを組んだ最新主演作で新境地を開拓！,https://news.yahoo.co.jp/articles/15857bc36192c012fdd66c569e2fe6a19d907abe,1/16(火) 16:47
flix,シネマトゥデイ,エミー賞「メディア王」「一流シェフのファミリーレストラン」が6冠！「BEEF」も大健闘,https://news.yahoo.co.jp/articles/dce9619ee0e9a7fe0d2963c51e69d15029f64b0c,1/16(火) 15:41
flix,シネマトゥデイ,奈緒＆木梨憲武「春になったら」が大好評「傑作」「今期イチ」【ネタバレ注意】,https://news.yahoo.co.jp/articles/bce9af499b7e86855421847d165a95559a9494f7,1/16(火) 12:58
flix,シネマトゥデイ,『バービー』マーゴット・ロビー、“普通の人”と結婚して「とても幸運」,https://news.yahoo.co.jp/articles/0a719d28448ad7c69f91e7b3aed984a5bf1fdbf2,1/16(火) 12:25
flix,シネマトゥデイ,木野花＆三浦りょう太、朝ドラ「ブギウギ」出演決定,https://news.yahoo.co.jp/articles/d5b1017d5086ecf8c996a950304fe944e4031e26,1/16(火) 11:35
flix,シネマトゥデイ,レイ登場の『スター・ウォーズ』新作は「本当にクール」　デイジー・リドリーが明かす,https://news.yahoo.co.jp/articles/86a55dab351cc73e81c935fe940d0d48c4e7f599,1/16(火) 10:44
flix,シネマトゥデイ,「ブギウギ」涙の小夜…スズ子が家を飛び出す　第74回あらすじ,https://news.yahoo.co.jp/articles/de32459a7b2f678fe37abd9f9d13465fb8bdc1f2,1/16(火) 8:15
flix,シネマトゥデイ,叶姉妹節さく裂！ジョニー・デップ出演作の予告ナレーションに初挑戦,https://news.yahoo.co.jp/articles/189fbae691bfdf9be373a8fd1efbd446002263ff,1/16(火) 8:00
flix,シネマトゥデイ,京本大我、古川琴音と奏でる恋の調べ…単独初主演『言えない秘密』特報公開,https://news.yahoo.co.jp/articles/e314db16dbb68d75ada94b2b138d3536612ae627,1/16(火) 8:00
flix,シネマトゥデイ,手塚治虫「新選組」初映像化決定　剣舞＆殺陣パフォーマンスで描く「シン・時代劇ドラマ」,https://news.yahoo.co.jp/articles/ce3e3c1892ac2640a4def66b958c5d1279705b7f,1/16(火) 6:00
flix,シネマトゥデイ,フジ「大奥」名セリフ「美味でございます～」が復活！新キャストで,https://news.yahoo.co.jp/articles/b885fb434e6974bc7128b6af44c428023d777997,1/16(火) 5:30
flix,シネマトゥデイ,高橋文哉＆竹内涼真が一緒にお風呂　裸の付き合いで信頼関係深める,https://news.yahoo.co.jp/articles/46317ccbaa722bc4d6b31c76de9a121bbd1be041,1/15(月) 20:28
flix,シネマトゥデイ,竹内涼真、ゾンビ襲来の六本木でファンサービス　特殊メイクチームに賛辞,https://news.yahoo.co.jp/articles/0596f3e622280953d487849e3b0d5507dc4c5af7,1/15(月) 19:50
flix,シネマトゥデイ,「ガンダム」さっぽろ雪まつり初出展！劇場版『ガンダムSEED』ライジングフリーダムが雪像化,https://news.yahoo.co.jp/articles/849d12abe79d92e624e3a6aac41d756c92db6d87,1/15(月) 17:59
flix,シネマトゥデイ,『ゴジラ-1.0』山崎貴監督、ハリソン・フォードと会話　オスカー前哨戦でハリウッド俳優とレカペ闊歩,https://news.yahoo.co.jp/articles/6153e29489a5644f18c318dc7ec6782a818b7c9f,1/15(月) 17:27
flix,シネマトゥデイ,『SPY×FAMILY』がV4で興収50億円に迫る　重岡大毅主演『ある閉ざされた雪の山荘で』が2位のスタート：映画週末興行成績,https://news.yahoo.co.jp/articles/9e75a91adbd16b24ff8aa7592f4a7f75c31bd287,1/15(月) 16:59
flix,シネマトゥデイ,イ・ドンウク、銀髪に！「染めたことを忘れてしまう」天然な一面も,https://news.yahoo.co.jp/articles/2ca312c5f03a3954f7b4f10a5f4bba2b34bd774f,1/15(月) 16:11
flix,シネマトゥデイ,月9ドラマ過去5年間で好きな作品トップ10発表,https://news.yahoo.co.jp/articles/ed4045e6172328d7b7bec22ec4a8f09543c0d287,1/15(月) 12:22
flix,シネマトゥデイ,「光る君へ」の秋山竜次、初大河で光る存在感,https://news.yahoo.co.jp/articles/b6845e515ddc1313af3d10cca9b6847c98f31ec5,1/15(月) 11:47
flix,シネマトゥデイ,43歳になった『アダムス・ファミリー』元子役、日本人デザイナーの大胆ドレスで登場！,https://news.yahoo.co.jp/articles/6d95fd4a6eb2c9e850c01514cb4c2ca13ba57988,1/15(月) 11:13
flix,シネマトゥデイ,佐藤健主演『四月になれば彼女は』藤井風が劇映画初の主題歌！最新予告＆ポスターも公開,https://news.yahoo.co.jp/articles/ed60de6b04df0e8e717d17c45317daff8537ffc6,1/15(月) 10:56
flix,シネマトゥデイ,リース・ウィザースプーン、「そっくり」と話題の24歳娘とレッドカーペットに！,https://news.yahoo.co.jp/articles/053da99a88cede36f401f0b8c96dcfe0a6b04808,1/15(月) 10:27
flix,シネマトゥデイ,「ブギウギ」スズ子が小夜を追いかける　第73回あらすじ,https://news.yahoo.co.jp/articles/96eae851cb5d16c7bbddaaf10075a55fc6b66a25,1/15(月) 8:15
flix,シネマトゥデイ,『ゴールデンカムイ』山田杏奈、アシリパの変顔は自撮りで猛特訓,https://news.yahoo.co.jp/articles/411c6931c9d678ecbcf67da0b501819375eb8df0,1/15(月) 7:15
flix,シネマトゥデイ,尾田栄一郎の短編アニメ化「MONSTERS」1月22日世界配信　侍リューマ役は細谷佳正に決定,https://news.yahoo.co.jp/articles/615121f64f08fc973e7c7862475074c1cc4ff731,1/15(月) 0:00
flix,シネマトゥデイ,「光る君へ」道兼より恐ろしいと戦慄！「孫を人質…」「黒すぎる」,https://news.yahoo.co.jp/articles/ac3cd88e6ee6dedf6c9f942968fbd289f00e271a,1/14(日) 23:03
flix,シネマトゥデイ,『仮面ライダー555』村上幸平、“嫌われていた”草加雅人へ「20年後、めっちゃ愛されるようになるぞと伝えたい」,https://news.yahoo.co.jp/articles/7a5cb20e2e31f586ad4d876933d43f656364a8e3,1/14(日) 22:00
flix,シネマトゥデイ,「光る君へ」吉高由里子、約13枚重ね着！「いろんな意味の重みが含まれている」,https://news.yahoo.co.jp/articles/bcec94d4199af4db89388577966e1687c85e9b8e,1/14(日) 21:13
flix,シネマトゥデイ,「光る君へ」本郷奏多の花山天皇がハマり過ぎと猛反響！“足芸”も話題,https://news.yahoo.co.jp/articles/3817ae089c6a7bed5ed3dbcedfdfc00e58163308,1/14(日) 20:56
flix,シネマトゥデイ,「光る君へ」柄本道長の“うっ！”となる色香　2度目タッグの大石静「凄い役者」,https://news.yahoo.co.jp/articles/01ccafa67287825a621c3d9bb7959faf954356b0,1/14(日) 20:46
flix,シネマトゥデイ,「光る君へ」道兼（玉置玲央）が毒を仕込む　第3回あらすじ,https://news.yahoo.co.jp/articles/9fa57050c3ed6a2c2941adeda55d8d7f0b3a7c4d,1/14(日) 20:45
flix,シネマトゥデイ,『仮面ライダー555』半田健人、20年ぶり新作は新たな出発点　「責任背負って」ファンの期待に応える,https://news.yahoo.co.jp/articles/17628e14bcbc8667cd3cb457fcf28be0981fc261,1/14(日) 20:42
flix,シネマトゥデイ,3時のヒロイン・福田麻貴「バラしになるのでは」　初主演ドラマに戦々恐々,https://news.yahoo.co.jp/articles/bcb4bbecf5c7a1f7b487d7332ed9d816a510f2b1,1/14(日) 14:58
flix,シネマトゥデイ,八木勇征、幽霊役は「1ミリぐらい浮いています」　クソ男の設定に持論も,https://news.yahoo.co.jp/articles/00dd5fcb442a19937437a6ec5de390bbf7a4c0b4,1/14(日) 14:35
flix,シネマトゥデイ,『カラオケ行こ！』聡実役に16歳の新星起用の理由　山下監督、撮影では「あえてプレッシャーを与えた」,https://news.yahoo.co.jp/articles/a084e1dd4293e64aeff9d7e23187248e184aeb64,1/14(日) 12:32
flix,シネマトゥデイ,「王様戦隊キングオージャー」戦隊史上初公式ポップアップショップ実施決定,https://news.yahoo.co.jp/articles/0fab4f72ff284acbea776b93a752c7438b051b37,1/14(日) 9:30
flix,シネマトゥデイ,仮面ライダーマジェード「ガッチャード」本編に登場！井上敏樹の娘・井上亜樹子が脚本執筆、祖父・伊上勝と三代で担当,https://news.yahoo.co.jp/articles/4fc1f366368c5c74b5397c769c4c3bc7c53ae26a,1/14(日) 9:30
flix,シネマトゥデイ,「ブギウギ」スズ子が会いたいと言われる　第72回あらすじ,https://news.yahoo.co.jp/articles/c0bd84945bc6b8f9eace689d7f6276587a294bf2,1/14(日) 8:15
flix,シネマトゥデイ,『エクスペンダブルズ』最新作、好きなキャラ投票結果　ステイサムが1位,https://news.yahoo.co.jp/articles/4da996153f62c1d10773f8ff09a22c2429995735,1/14(日) 6:32
flix,シネマトゥデイ,「新空港占拠」主題歌はSnow Man「W」　続編で再起用「“嘘だろ！”です！」,https://news.yahoo.co.jp/articles/54f53372f437c0fb8f1ff88199e8f34e8f59e6aa,1/13(土) 22:54
flix,シネマトゥデイ,「新空港占拠」武装集団「獣」一人目の正体判明　武蔵のかつての仲間が裏切り【ネタバレあり】,https://news.yahoo.co.jp/articles/62cbf0b3ff7bfe2d0ee78daff60d6eff43b267d6,1/13(土) 22:54
flix,シネマトゥデイ,エキストラの頭を故意に蹴って脳震とうに…『Pearl パール』女優が訴えられる,https://news.yahoo.co.jp/articles/6efe15b0bf42c58471766fe670038d0adc8449a9,1/13(土) 16:44
flix,シネマトゥデイ,重岡大毅、撮影中に“前髪フランベ”のハプニング！臭いも…,https://news.yahoo.co.jp/articles/96300b0c4a3882f21fc59899ec9eb9793c7462f9,1/13(土) 13:02
flix,シネマトゥデイ,『スパイダーマン』トム・ホランド、ゼンデイヤと破局のうわさを全否定,https://news.yahoo.co.jp/articles/dfe216c214cd5ef2327aec66dbf1e18684867d31,1/13(土) 12:12
flix,シネマトゥデイ,本郷奏多「光る君へ」花山天皇が長袴をはく理由に驚き,https://news.yahoo.co.jp/articles/9e3c1eb30f28cc8d122c8a44d9e620fb7e412204,1/13(土) 12:00
flix,シネマトゥデイ,今もラブラブ！ジョニー・デップの美人娘、女性ラッパーと交際1年,https://news.yahoo.co.jp/articles/0e85b5c9e0ffc2477f470d9ef5a1c2a5f6f61ea0,1/13(土) 11:31
flix,シネマトゥデイ,「仮面ライダーガッチャード」宝太郎が過去へ!?　第18話「駆け抜けろ！進化のファイヤーロード！」あらすじ,https://news.yahoo.co.jp/articles/629b7fa1e936cddacf71d95b3ef221b9a9d32e14,1/13(土) 11:03
flix,シネマトゥデイ,＜来週のブギウギ＞スズ子が小夜を心配する,https://news.yahoo.co.jp/articles/6c900a2547e34e850c6cfc7731f361eec5f7a40f,1/13(土) 8:15
flix,シネマトゥデイ,『カラオケ行こ！』狂児役・綾野剛の「0.5歩引いた魅力」,https://news.yahoo.co.jp/articles/27f403837d0f36817f167fc50e379204dbb5434e,1/13(土) 7:15
flix,シネマトゥデイ,ナタリー・ポートマン、大胆ドレスで圧巻の美！,https://news.yahoo.co.jp/articles/85542c02d11307b1f0ed3f912786d3b72b657452,1/13(土) 6:15
flix,シネマトゥデイ,ジェイソン・ステイサム主演『トランスポーター』シリーズ4週連続放送,https://news.yahoo.co.jp/articles/9d0592dc0d6feb30cb94072ccbbded56bfff9ffd,1/13(土) 5:02
flix,シネマトゥデイ,「おっさんずラブ」はるたん母に称賛＆涙！謎の彼氏ATARUも話題沸騰,https://news.yahoo.co.jp/articles/908879903a9480df562080444bf892b9a31d0743,1/13(土) 2:36
flix,シネマトゥデイ,「おっさんずラブ」恋活中の武川部長にツッコミの嵐　「詐欺だよ！」「幸あれ」,https://news.yahoo.co.jp/articles/5e0d14d41ee11889f1395cacc703d935771b35dc,1/13(土) 1:16
flix,シネマトゥデイ,「おっさんずラブ」ラストで衝撃のキス！次回・3話は35分遅いスタート,https://news.yahoo.co.jp/articles/476c343c28029de6a40e8c924d9ee04741aa66d2,1/13(土) 0:30
flix,シネマトゥデイ,山崎貴監督『ゴジラ-1.0』アカデミー賞に向けロビー活動中　続編希望する声に「作りたいですね」,https://news.yahoo.co.jp/articles/2d5a95780b8e85ab0ad102a4d9c94492ab238698,1/12(金) 22:08
flix,シネマトゥデイ,『ゴジラ-1.0』堀田艦長役・田中美央、15回鑑賞で目撃情報も「声かけられない」,https://news.yahoo.co.jp/articles/4473f64f2e31ae93cec61f2addd822f34b4c50df,1/12(金) 21:31
flix,シネマトゥデイ,『ハリー・ポッターと賢者の石』金ローで放送何回目？,https://news.yahoo.co.jp/articles/c0ee8639a82dc1d7e1020c7bf0f6700766b2aed4,1/12(金) 20:40
flix,シネマトゥデイ,綾野剛、声詰まらせる16歳の新星・齋藤潤に「可愛いですね」　かみ合ってはいけない演技貫いた健闘称える,https://news.yahoo.co.jp/articles/6197de20241a82e4007010ee4a74889cf7bff951,1/12(金) 19:50
flix,シネマトゥデイ,"USJ「能登半島地震」被災地支援で3,200万円寄付「追加の支援活動を継続検討」",https://news.yahoo.co.jp/articles/98c39f2b657efd43c28fa8556bdf0e68ab0fcaf0,1/12(金) 18:02
flix,シネマトゥデイ,『アメイジング・スパイダーマン』俳優、27歳モデルと交際中　路上でハグ,https://news.yahoo.co.jp/articles/ef10f5299a4fc82f4e6b58ba77db8a77c3233973,1/12(金) 17:26
flix,シネマトゥデイ,『トップガン』第3弾が企画中！トム・クルーズ＆新世代キャスト続投へ,https://news.yahoo.co.jp/articles/1bfe59e97e64ce5207e38b2b08e09971cecbe3af,1/12(金) 16:35
flix,シネマトゥデイ,『エクソシスト』続編シリーズ第2章から監督降板　公開予定外れる,https://news.yahoo.co.jp/articles/7ad30dab1993ce02ad5e8bbaf34034261c0b851f,1/12(金) 15:56
flix,シネマトゥデイ,金ローで『かがみの孤城』地上波初放送！,https://news.yahoo.co.jp/articles/d00f87134fb98b2e46e36ea7534530cf349c929a,1/12(金) 15:00
flix,シネマトゥデイ,"東京ディズニーリゾート運営のオリエンタルランド、能登半島地震の被災地へ義援金5,000万円",https://news.yahoo.co.jp/articles/1b80516266d5c920fc85724a9c5ceb42e6f0627d,1/12(金) 13:46
flix,シネマトゥデイ,『ゴールデンカムイ』岡田＆野間の初ビジュアル！第七師団4ショット公開,https://news.yahoo.co.jp/articles/b316f22a0a643f5793e7309ac17d6d59ea601dbb,1/12(金) 13:22
flix,シネマトゥデイ,『君たちはどう生きるか』『すずめの戸締まり』アニー賞7部門ノミネート！,https://news.yahoo.co.jp/articles/45d7ecf113188ef6799f4b72d6405ae11dd59ed7,1/12(金) 12:30
flix,シネマトゥデイ,日曜劇場 過去5年間で好きな作品トップ10発表,https://news.yahoo.co.jp/articles/3553676e7e65805861fa3994238baefe4bb2892e,1/12(金) 12:23
flix,シネマトゥデイ,ミュージカル版「この世界の片隅に」すずのふん装ビジュアル公開,https://news.yahoo.co.jp/articles/be9f07927e648e4136a417409760841e548ce5e7,1/12(金) 12:05
flix,シネマトゥデイ,『ゴールデンカムイ』アシリパのアチャ役は井浦新！「まさかのっ?!」,https://news.yahoo.co.jp/articles/471bd2dfa7c8149600fe02b4ce99f663da4edff4,1/12(金) 12:00
flix,シネマトゥデイ,松村北斗、声優として米アニー賞ノミネートの快挙！アニメ界のアカデミー賞,https://news.yahoo.co.jp/articles/e1d5547bf3f51320e72e8a53d331a4b817d30e3a,1/12(金) 11:47
flix,シネマトゥデイ,実写「幽☆遊☆白書」戸愚呂兄弟の制作過程が明らかに　メイキング映像公開,https://news.yahoo.co.jp/articles/e02979ed7b1a16fb32d4fd987effd545410c1724,1/12(金) 7:00
flix,シネマトゥデイ,玉木宏「ブラジリアン柔術で強くなりたい」　2024年に革命を起こしたいこと,https://news.yahoo.co.jp/articles/5e49c3be2e976155af894c343e64aff9373a391c,1/12(金) 6:00
flix,シネマトゥデイ,『デューン　砂の惑星PART2』スペシャル予告公開　覚醒するポール、サンドワームが総攻撃,https://news.yahoo.co.jp/articles/63a6ac39fce08c4e06e9a29d84170b65a86af9b7,1/12(金) 6:00
flix,シネマトゥデイ,「おっさんずラブ-リターンズ-」今夜第2話　“永遠のライバル”武蔵VS牧の渡鬼バトル開幕,https://news.yahoo.co.jp/articles/afe85b66efa6bb9b188f16984c8403deb07ea85b,1/12(金) 6:00
flix,シネマトゥデイ,吉川晃司『映画ドラえもん』で声優初挑戦　石丸幹二とゲスト声優「これまで以上に緊張」,https://news.yahoo.co.jp/articles/369dfc9291e9912ccadea2d81f3b301d894db5a2,1/12(金) 5:00
flix,シネマトゥデイ,「光る君へ」花山天皇の子役は誰？1分の出演に大反響,https://news.yahoo.co.jp/articles/8566b2149627c9e45bca562e7c32b5991a05bb15,1/11(木) 21:02
flix,シネマトゥデイ,SixTONES松村北斗＆上白石萌音、カムカム以来の共演「追随を許さない」互いを絶賛,https://news.yahoo.co.jp/articles/b724ad4d72e09c1cc81cd9c161d280f269d7ce64,1/11(木) 20:04
flix,シネマトゥデイ,「海賊になった貴族」シーズン2で打ち切り,https://news.yahoo.co.jp/articles/e7806d303f935633a96007cc4b225196e6afe3ce,1/11(木) 18:15
flix,シネマトゥデイ,ジェレミー・レナー、除雪中事故から1年…主演ドラマ撮影に復帰,https://news.yahoo.co.jp/articles/98b34bc9950044a7f9b335e2bd7296ffc062b21e,1/11(木) 17:02
flix,シネマトゥデイ,2024年冬ドラマ期待度No.1は大河「光る君へ」！ランキング発表,https://news.yahoo.co.jp/articles/cfa4d41fd5ee32dd538dba8f97d906cfa36dc245,1/11(木) 16:00
flix,シネマトゥデイ,2023年秋ドラマ満足度No.1が決定！ランキング発表,https://news.yahoo.co.jp/articles/530fa3fa1072e2d67ed9eef58a941c46f8877e5e,1/11(木) 14:00
flix,シネマトゥデイ,「ウォーキング・デッド」新シリーズ「ザ・ワンズ・フー・リブ」予告編公開！リック＆ミショーンが新たな戦いへ,https://news.yahoo.co.jp/articles/d64a6a273544db51f2da167fb2675195be907f7b,1/11(木) 12:45
flix,シネマトゥデイ,ディカプリオ＆鬼才ポール・トーマス・アンダーソンがタッグ！今月撮影開始,https://news.yahoo.co.jp/articles/e67aaa2373f66111fdf34b68855bb1c27f04beeb,1/11(木) 12:44
flix,シネマトゥデイ,『スター・トレック』新作映画が始動！リブート版の数十年前描く前日譚,https://news.yahoo.co.jp/articles/4546f6330b62f97709cf4145b16dd9fbb5d7cd81,1/11(木) 11:51
flix,シネマトゥデイ,『28日後…』第3弾が進行中！第4弾、第5弾の可能性も,https://news.yahoo.co.jp/articles/e9f48ed0cf7f44bc2f94baffd01328d69ff0a39d,1/11(木) 11:18
flix,シネマトゥデイ,田中麗奈、麒麟・田村裕が「ブギウギ」朝ドラ初出演,https://news.yahoo.co.jp/articles/2c313ed8d2b80dba8a4c55b3854388ed6bd09f67,1/11(木) 11:03
flix,シネマトゥデイ,「相棒22」ほっぺ丸が超キュートと話題！右京の初プニプニ「愛らしい」【ネタバレあり】,https://news.yahoo.co.jp/articles/2baf2a8f5fba6e7e87ee5482e9595250e92ad517,1/11(木) 10:38
flix,シネマトゥデイ,「ブギウギ」スズ子が大きな決断をする　第71回あらすじ,https://news.yahoo.co.jp/articles/dba4981d839b0dcb930e9b61f064cec489c3aeb0,1/11(木) 8:15
flix,シネマトゥデイ,美しい！エマ・ストーン、大胆スリットドレスで注目の的,https://news.yahoo.co.jp/articles/5fdbbe1ef44fd1fff56cd7e51cfbb842ad737af0,1/11(木) 6:10
flix,シネマトゥデイ,モグライダー・芝大輔ら出演　日曜劇場「さよならマエストロ」追加キャスト発表,https://news.yahoo.co.jp/articles/48433110a7933d3035b3b96b5159820ecc895e93,1/11(木) 6:00
flix,シネマトゥデイ,「ACMA:GAME アクマゲーム」実写化！間宮祥太朗が主演,https://news.yahoo.co.jp/articles/a9cf73ec9991f046d50a076a591eacbd3cd2160d,1/11(木) 4:30
flix,シネマトゥデイ,劇場版『ガンダムSEED』完成！福田己津央監督、ファンに向け「20回は観られる」と自信,https://news.yahoo.co.jp/articles/0310d01e55c0550714dcaccdce888e5582324854,1/10(水) 21:39
flix,シネマトゥデイ,矢本悠馬『ゴールデンカムイ』白石をアドリブ交えて演じる　「現場の瞬発力を大事に」,https://news.yahoo.co.jp/articles/8e5c61d60cd038f44f744035aeebcef72e01c778,1/10(水) 20:21
flix,シネマトゥデイ,劇場版『ガンダムSEED』入プレ第1弾は書き下ろし小説　アスラン＆カガリの休息、士官学校時代のシンたち描く,https://news.yahoo.co.jp/articles/3044c5fc55c00f4d097c402ae6bf0777e873d5dc,1/10(水) 20:00
flix,シネマトゥデイ,山崎賢人、高畑充希から座長ぶり絶賛される「ザキヤマとは呼べませんでした」,https://news.yahoo.co.jp/articles/69536699fa02999413cf37881d0c79584562e066,1/10(水) 19:57
flix,シネマトゥデイ,『パラサイト』監督のハリウッド新作、公開日が消滅,https://news.yahoo.co.jp/articles/73c0d7d5349d9921ca98d08691c2059eb4a215be,1/10(水) 19:03
flix,シネマトゥデイ,実写ドラマ「THE LAST OF US」シーズン2の重要キャラ、アビー役が決定,https://news.yahoo.co.jp/articles/68a621363930aad32365a2391b12ee0293569e18,1/10(水) 18:02
flix,シネマトゥデイ,津田健次郎『マイホームヒーロー』狂気のラスボス役に決定！クセ強めオファーに「やって良いんですか！」,https://news.yahoo.co.jp/articles/24f688aafb9d9fc7e785a85265fb384f2f505029,1/10(水) 16:24
flix,シネマトゥデイ,ディカプリオ×スコセッシ『キラーズ・オブ・ザ・フラワームーン』1月12日配信開始,https://news.yahoo.co.jp/articles/22d27adbf51a83ba9861453266de6291c234b0c2,1/10(水) 14:02
flix,シネマトゥデイ,ラブラブ！ニコラス・ケイジ、日本人妻とゴールデン・グローブ賞に,https://news.yahoo.co.jp/articles/ba5a5eef3111b685afd5a7f6e2861fd8010f2827,1/10(水) 12:47
flix,シネマトゥデイ,『ゴジラvsコング』続編、全米公開が2週間早まる！,https://news.yahoo.co.jp/articles/bcf2e6ce01b752f5951e8287b87a6759069960c8,1/10(水) 12:26
flix,シネマトゥデイ,「VIVANT」ネトフリ日本で1位に！,https://news.yahoo.co.jp/articles/cf22a6a7c940469b596df987e164848ce3ab7b0b,1/10(水) 12:02
flix,シネマトゥデイ,『X-MEN』出演俳優、42歳で死去,https://news.yahoo.co.jp/articles/cb89f16aa26b708a18c7825ab4de48852d0d162d,1/10(水) 11:50
flix,シネマトゥデイ,スター・ウォーズ新作映画、タイトルは『マンダロリアン＆グローグー』！今年撮影スタート,https://news.yahoo.co.jp/articles/a90ef6513251ee785c3e144551a99e185afb6e1e,1/10(水) 11:27
flix,シネマトゥデイ,「スター・ウォーズ：アソーカ」シーズン2が制作中！ルーカスフィルム公式発表,https://news.yahoo.co.jp/articles/9eb97a260091d9b4fabe27ff9c94077f0107ce65,1/10(水) 10:51
flix,シネマトゥデイ,マーベル『マダム・ウェブ』日本版予告＆ストーリー公開　黒マスクの男が3人の少女に迫る,https://news.yahoo.co.jp/articles/2e9479fc8b487863af4373b3362271884175b284,1/10(水) 10:00
flix,シネマトゥデイ,「ブギウギ」羽鳥が劇場に現れる　第70回あらすじ,https://news.yahoo.co.jp/articles/65d1eb4b05202b33e00c698ffff58c098baf8c6f,1/10(水) 8:15
flix,シネマトゥデイ,ゴジラ、コロッセオに出現！『ゴジラvsコング』続編、初公開シーン入りの日本版予告公開,https://news.yahoo.co.jp/articles/c450981e0dbc88fd005fb33bf0273aff7891840b,1/10(水) 8:00
flix,シネマトゥデイ,生田斗真＆ヤン・イクチュンW主演　福本伸行×かわぐちかいじ「告白」実写映画化決定,https://news.yahoo.co.jp/articles/a7fcdccd547afd7bcdb58b205639ac1fa410a881,1/10(水) 7:00
flix,シネマトゥデイ,今夜「相棒22」第11話　薫に猛毒ガスの脅威…人気キャラを巡り交錯する悲劇,https://news.yahoo.co.jp/articles/34a306647d1651f9dfc62ffd62ef35159bd99687,1/10(水) 6:32
flix,シネマトゥデイ,「ゲースロ」コンビが中国SFを実写化！Netflix「三体」予告編公開、3.21世界独占配信,https://news.yahoo.co.jp/articles/0dcf72371a812992ba9144db4f7dd10c656f6287,1/10(水) 5:00
flix,シネマトゥデイ,「TOKYO VICE」シーズン2特報公開！4月6日よりWOWOWで放送＆配信決定,https://news.yahoo.co.jp/articles/aa71d7f3866e7292a518164bfed0de5c3ae9cd82,1/10(水) 1:30
flix,シネマトゥデイ,「正直不動産2」ディーンの悪魔的キャラがヤバい！“タップウォーク”にハマる視聴者続出,https://news.yahoo.co.jp/articles/3a7a15ac1369878281b337a098f09db9b7ce6c5e,1/9(火) 23:56
flix,シネマトゥデイ,「牙狼＜GARO＞」道外流牙役・栗山航、ファンの温かい歓迎に涙…4年ぶり最新作完成披露,https://news.yahoo.co.jp/articles/0036607ef99d6e81f1b5f749d5017a4f0b8f7e04,1/9(火) 22:25
flix,シネマトゥデイ,『ウォンカ』公開4週目も首位！：全米ボックスオフィス考,https://news.yahoo.co.jp/articles/1404650ffd66d33604f18e7db06c1a1a7ea3a94d,1/9(火) 22:22
flix,シネマトゥデイ,髪バッサリの村重杏奈、今年の抱負は「品の良さナンバー1」,https://news.yahoo.co.jp/articles/652ca1af4e06af195c9e4830e3d8407ffc7e87a9,1/9(火) 20:08
flix,シネマトゥデイ,演歌歌手・八代亜紀さん12月30日に死去　73歳　膠原病で活動休止中,https://news.yahoo.co.jp/articles/b8d605c0a6b2df0a396787396932d034b20c1b94,1/9(火) 19:00
flix,シネマトゥデイ,アニメ「ドロヘドロ」配信シリーズで続編制作決定「おかえり、混沌。」,https://news.yahoo.co.jp/articles/f3100b458b0925bddcfceea4f691ee6ff9fc56d7,1/9(火) 18:00
flix,シネマトゥデイ,『SPY×FAMILY』が興収44億超えでV3！『エクスペンダブルズ』4弾が5位：映画週末興行成績,https://news.yahoo.co.jp/articles/b76550aa67c52da8c2720dd6000d0fcbef10b52f,1/9(火) 16:45
flix,シネマトゥデイ,『ザ・クリエイター／創造者』明日からDisney+見放題配信　ハリウッド版『ゴジラ』監督x渡辺謙の再タッグ作,https://news.yahoo.co.jp/articles/d8caf31d819ee685392c9818be1aaa7eb67e858d,1/9(火) 15:00
flix,シネマトゥデイ,マーク・ハミル、『スター・ウォーズ』での母ナタリー・ポートマンとついに対面！,https://news.yahoo.co.jp/articles/9079f5914c073c8781560e97761b12b895a00770,1/9(火) 12:28
flix,シネマトゥデイ,人気ホラーゲーム実写版『ファイブ・ナイツ・アット・フレディーズ』続編が進行中！,https://news.yahoo.co.jp/articles/a4dff307086e5097d3d2b3464404b610d9324013,1/9(火) 12:22
flix,シネマトゥデイ,実写『ゴールデンカムイ』白石の爆笑シーンも！6名のキャラPV公開,https://news.yahoo.co.jp/articles/0cbab4c66d67af53e748afecb7e662328e0619fe,1/9(火) 12:01
flix,シネマトゥデイ,映画『スラムダンク』復活上映の詳細発表！IMAXも,https://news.yahoo.co.jp/articles/648197d4f3adf56f4fafcd62ebc15c2b097631c5,1/9(火) 11:40
flix,シネマトゥデイ,実写版『リトル・マーメイド』アリエル女優、23歳で第1子出産！,https://news.yahoo.co.jp/articles/f7a5729fc6ffb5d28afbe889684cb668c58e70a1,1/9(火) 11:34
flix,シネマトゥデイ,「ストレンジャー・シングス」最終シーズン撮影開始！キャスト集結の初画像公開,https://news.yahoo.co.jp/articles/a403fdc3e301c302ea31a38629b59619c5827224,1/9(火) 11:28
flix,シネマトゥデイ,【ブギウギ第69回あらすじ】傷を負ったりつ子が舞台に立つ,https://news.yahoo.co.jp/articles/747614cc387f3b2090e7e16dcbc72b0520f714ec,1/9(火) 8:15
flix,シネマトゥデイ,二階堂ふみとの共演が話題！2024年注目の俳優チェ・ジョンヒョプって？,https://news.yahoo.co.jp/articles/b7a608f8baf9a1f46a2dcb6adc3b37228c0d581f,1/9(火) 7:22
flix,シネマトゥデイ,「牙狼＜GARO＞」栗山航、道外流牙としてあり続けたい　新世代に継承する“牙狼”イズム,https://news.yahoo.co.jp/articles/a0293c1086415a5abca6540eaa99f555c37ec820,1/9(火) 6:46
flix,シネマトゥデイ,ゴールデン・グローブ賞、ドラマ部門は「メディア王」「一流シェフのファミリーレストラン」「BEEF/ビーフ」が総なめ,https://news.yahoo.co.jp/articles/81d77f36ec38eebcc9d78f75b06c0fa1840ec53c,1/8(月) 14:03
flix,シネマトゥデイ,ゴールデン・グローブ賞『オッペンハイマー』が作品賞など最多5冠,https://news.yahoo.co.jp/articles/e18ac35c98c7a7933a5fe2d898fb726309b7fe72,1/8(月) 13:28
flix,シネマトゥデイ,ジブリ『君たちはどう生きるか』ゴールデン・グローブ賞を受賞！,https://news.yahoo.co.jp/articles/1ba46e0db3771f69bdb06bfd44c169ec06772e38,1/8(月) 11:29
flix,シネマトゥデイ,「ブギウギ」小夜がスズ子を驚かせる　第68回あらすじ,https://news.yahoo.co.jp/articles/b4577688ba302d51a070d48bb150d3adf545c14f,1/8(月) 8:15
flix,シネマトゥデイ,『ゴールデンカムイ』山崎賢人、負けず嫌いと気合いで駆け抜けた20代振り返る,https://news.yahoo.co.jp/articles/c21cefe95b78d0502705f57f71ec49db261517e4,1/8(月) 6:15
flix,シネマトゥデイ,「光る君へ」胡散臭い安倍晴明が話題沸騰！ユースケ・サンタマリアが怪演,https://news.yahoo.co.jp/articles/bcdc365ea9c5f012cac8b20d0cabbae6c25d12c5,1/7(日) 23:44
flix,シネマトゥデイ,「光る君へ」道兼がヤバすぎる！玉置玲央の怪演話題,https://news.yahoo.co.jp/articles/b266ec54ac0b0b329807e055e8394f246fcf19be,1/7(日) 22:33
flix,シネマトゥデイ,大河「光る君へ」二人の子役話題　紫式部と藤原道長の複雑な幼少期好演,https://news.yahoo.co.jp/articles/f545bf7ca255616735cfd280e683f6f3a0dc6118,1/7(日) 21:32
flix,シネマトゥデイ,「光る君へ」初回、衝撃ラストの裏側　脚本家・大石静が目指す紫式部像,https://news.yahoo.co.jp/articles/420e7b3ba6d398e5d0fba35406b60f165a6b1aab,1/7(日) 21:15
flix,シネマトゥデイ,「光る君へ」初回の衝撃展開に騒然！「嘘でしょ」「酷すぎる」,https://news.yahoo.co.jp/articles/3d933a66213c7ad1fcb5f8ee9df1c21323fbc948,1/7(日) 21:06
flix,シネマトゥデイ,「光る君へ」吉高由里子、銀粉のラブシーンに驚き　「知らなくていいコト」に続いて柄本佑と切ない関係,https://news.yahoo.co.jp/articles/d44856810ec0f5665a5c910de0590d01694e5b45,1/7(日) 21:01
flix,シネマトゥデイ,【光る君へ第2回あらすじ】まひろ15歳、成人の儀式を迎える,https://news.yahoo.co.jp/articles/a9d54126a51108db452b848fc61851bc7b7ea260,1/7(日) 21:00
flix,シネマトゥデイ,「光る君へ」紫式部役に吉高由里子を起用した理由　制作統括・内田ゆきが明かす,https://news.yahoo.co.jp/articles/f54aac2d89a19d97641b92ea368ac4f61d069fae,1/7(日) 18:02
flix,シネマトゥデイ,入隊目前！美しいだけじゃないソン・ガンの多面的な魅力とは？,https://news.yahoo.co.jp/articles/da001f9ee02a3216aa2c373c306183ba89c15fc9,1/7(日) 12:12
flix,シネマトゥデイ,組織解散から多様性重視の新体制へ…ゴールデン・グローブはどう変わった？,https://news.yahoo.co.jp/articles/3ff7b9e4b65408adfb787e557ff0bcc0ec9070bd,1/7(日) 8:32
flix,シネマトゥデイ,「ブギウギ」スズ子が玉音放送を聞く　第67回あらすじ,https://news.yahoo.co.jp/articles/709efc0494548e9c708eb4bfff645d4810a2d7f6,1/7(日) 8:15
flix,シネマトゥデイ,「わんだふるぷりきゅあ！」声優に長縄まりあ&種崎敦美！犬＆飼い主がプリキュア変身,https://news.yahoo.co.jp/articles/b3166c8eff3e887243f3db4d22c1d73db9e63d9b,1/7(日) 8:00
flix,シネマトゥデイ,「プリキュア」最新作は動物モチーフ！史上初の犬プリキュア誕生、種族を超えた交流描く,https://news.yahoo.co.jp/articles/cca65ffdf887ef21269a7b68c03d92536f0aed6d,1/7(日) 8:00
flix,シネマトゥデイ,ニコラス・ケイジ還暦！キャリア絶頂から借金地獄、再評価＆日本人妻と幸せを手にするまでを振り返る,https://news.yahoo.co.jp/articles/5c61929313b458c273818ff1fb8fc24c6c907bb8,1/7(日) 7:15
flix,シネマトゥデイ,今夜「光る君へ」初回15分拡大版！キャスト・あらすじに注目,https://news.yahoo.co.jp/articles/d8a4a17885a99ac6568f3768bee4b8314d4092e4,1/7(日) 5:35
flix,シネマトゥデイ,「仮面ライダーガッチャード」宝太郎、デイブレイクの思わぬ言葉に動揺…第17話「ムーンブレイク・メッセンジャー」あらすじ,https://news.yahoo.co.jp/articles/cfeeb4745497d818367f333852150e543784ef59,1/6(土) 18:03
flix,シネマトゥデイ,「相棒22」元日SP、再放送を調整中　緊急地震速報でラストシーン流れず終了,https://news.yahoo.co.jp/articles/26b72fbc9a46cd1857a4ac850577787338e30173,1/6(土) 12:40
flix,シネマトゥデイ,「ガッチャード」本島純政、誕生日サプライズに驚き　19歳の抱負は「全力で突っ走ります！」,https://news.yahoo.co.jp/articles/bd3b453fcb8d4bc61997e06496c38cf0c8fe2ad0,1/6(土) 12:10
flix,シネマトゥデイ,「ギーツ」簡秀吉＆杢代和人、新年早々ボケ＆ツッコミ連発　最後のあいさつ中に突然「お正月おせち料理食べた？」,https://news.yahoo.co.jp/articles/0c7209203076369aa911e9f2500294c803a4af39,1/6(土) 11:48
flix,シネマトゥデイ,DAIGO、ガッチャードデイブレイクの声で「仮面ライダー」参戦　出演決まり「OYI」,https://news.yahoo.co.jp/articles/3ef9990caf3ca1d91494f4fa969253fa6cf7b494,1/6(土) 9:30
flix,シネマトゥデイ,【来週のブギウギあらすじ】スズ子が新たな一歩を踏み出す,https://news.yahoo.co.jp/articles/e7b131583cf696c26d5a80123eba2eb38ace61f9,1/6(土) 8:15
flix,シネマトゥデイ,生きたまま焼かれた女子大生…フランス映画『12日の殺人』3月日本公開,https://news.yahoo.co.jp/articles/84d8a3b64203c6505eb0663250e44c829fb7397a,1/6(土) 7:12
flix,シネマトゥデイ,『映画　イチケイのカラス』今夜、地上波初放送！豪華キャストをおさらい,https://news.yahoo.co.jp/articles/64e4d19c98588277ea0d957a895741252b50d7e4,1/6(土) 5:12
flix,シネマトゥデイ,櫻井翔「大病院占拠」続編タイトルは「新空港占拠」ワクワクハラハラの3か月間を約束,https://news.yahoo.co.jp/articles/d0439dbf94250f301edf16f4bb490142efe57750,1/6(土) 5:00
flix,シネマトゥデイ,ジェシー、櫻井翔の“占拠”に成功「新空港占拠」で共演「今年はもっと占拠したい」,https://news.yahoo.co.jp/articles/f39a436d1432dcc6d3185b8d9430370b954c4933,1/6(土) 5:00
flix,シネマトゥデイ,「おっさんずラブ」続編スピンオフ「春田と牧の新婚初夜」配信開始,https://news.yahoo.co.jp/articles/ce3a72e4c58d5713c1273fc518c818faee024296,1/6(土) 0:15
flix,シネマトゥデイ,『千と千尋の神隠し』好きな名セリフは？投票結果発表,https://news.yahoo.co.jp/articles/4335e9b82f05a0aea071ced9797d9aa001c6e395,1/5(金) 21:05
flix,シネマトゥデイ,吉高由里子「姫も大変」　平安時代にカルチャーギャップの連続,https://news.yahoo.co.jp/articles/85803027968081c6231f5cb3f5eb8ab75a792aa9,1/5(金) 12:00
flix,シネマトゥデイ,ばいきんまんが主役に？「それいけ！アンパンマン」新作映画6月28日公開決定,https://news.yahoo.co.jp/articles/4673a5fd288d6e31962c36912fb40ca93e9b97de,1/5(金) 11:30
flix,シネマトゥデイ,『ゴールデンカムイ』アシリパの従妹役に永尾柚乃　ドラマ「ブラッシュアップライフ」で話題の名子役,https://news.yahoo.co.jp/articles/dae0274e6e355061c9209f3c886d647481eb4a9c,1/5(金) 6:00
flix,シネマトゥデイ,「キャプテン翼」漫画連載4月で終了　作者・高橋陽一が決断　物語は形式と場所を変え制作継続,https://news.yahoo.co.jp/articles/b3a720881a2fd3cb2eb4eec7244428d3aef21018,1/5(金) 0:00
flix,シネマトゥデイ,『エクスペンダブルズ4』でシリーズ完結へ　「清々しいラスト」と監督が明言,https://news.yahoo.co.jp/articles/73f861e1ae2d4a2a0a29bac90f8e4a0d1b0b4480,1/4(木) 18:10
flix,シネマトゥデイ,三浦大知MC「ゲームゲノム」S2ラインナップ発表　ゲーム実況YouTuber「2BRO.」が副音声で番組実況,https://news.yahoo.co.jp/articles/a7ef2cff1fa49a2bf9aa4261d19c60b37fac9da2,1/4(木) 12:00
flix,シネマトゥデイ,「ブギウギ」りつ子が特攻隊員に問いかける　第66回あらすじ,https://news.yahoo.co.jp/articles/f4935bbd9ab4af62f7166bd32efb5a5ab41087a1,1/4(木) 8:15
flix,シネマトゥデイ,実写ドラマ「からかい上手の高木さん」3月26日放送スタート！新場面写真公開,https://news.yahoo.co.jp/articles/f6b7c9c8a1f2a9630e427e085c61368afd0a6a27,1/4(木) 6:00
flix,シネマトゥデイ,映画『約束のネバーランド』は人気子役が勢ぞろい！その後の活躍は？,https://news.yahoo.co.jp/articles/019146fe6b8c446573d89f1b7024e0e84c726163,1/4(木) 5:11
flix,シネマトゥデイ,「ブギウギ」りつ子が海軍基地を訪れる　第65回あらすじ,https://news.yahoo.co.jp/articles/66f4cb22774cf4c636506d804abc2451e776bf85,1/3(水) 19:14
flix,シネマトゥデイ,今夜「正直不動産」SP！財地の親友が登場【あらすじ・場面写真】,https://news.yahoo.co.jp/articles/d262673aee4320bc10fd86d437e20d78280d7520,1/3(水) 17:02
flix,シネマトゥデイ,『ヤマトよ永遠に REBEL3199』第一章「黒の侵略」7.19上映決定　ビジュアル＆特報公開,https://news.yahoo.co.jp/articles/3f10fec4f424d823c5f7b5ecd3e9afba896d3f62,1/3(水) 12:02
flix,シネマトゥデイ,今夜放送！『Dr.コトー診療所』に起きた奇跡とは,https://news.yahoo.co.jp/articles/93e62bfb0a39acfcdbdd5b3a2dc6d9b2a0c1a10b,1/3(水) 9:10
flix,シネマトゥデイ,豪華アクションスター集合『エクスペンダブルズ』シリーズ戦いの歴史,https://news.yahoo.co.jp/articles/1b72f90f6d2284c2ed9c572baa9bfc6eb32f59ac,1/3(水) 7:32
flix,シネマトゥデイ,美しい…小芝風花、檀れい、佐藤藍子ら女優陣の艶やかな着物姿一挙,https://news.yahoo.co.jp/articles/91de85083fb399642a5bdd256654dd0ae32bc85f,1/2(火) 19:02
flix,シネマトゥデイ,1位は『デッドプール3』2024年期待の映画トップ10発表 - 米調査,https://news.yahoo.co.jp/articles/1cd2775e5ddb7bbac16b20576486051ec0e138a3,1/2(火) 15:03
flix,シネマトゥデイ,『アクアマン』続編、前作からコメディー要素マシマシ！ジェイソン・モモア「もっとやりたくなった」,https://news.yahoo.co.jp/articles/95bbf4535fb610db3566f0afcf34c4263ae4502f,1/2(火) 12:10
flix,シネマトゥデイ,今夜、映画『チェリまほ』地上波初放送！安達＆黒沢、再び,https://news.yahoo.co.jp/articles/50b913fc127108cbcaef72ff043ab38758d44fb4,1/2(火) 11:15
flix,シネマトゥデイ,鬼才アリ・アスター監督、小島秀夫「デススト」実写版が楽しみ　狂気の新作は「操作不能なゲーム」のような作品,https://news.yahoo.co.jp/articles/d3f7e3dea62a0b0c73ef32e48909f189332f3354,1/2(火) 8:04
flix,シネマトゥデイ,見逃せない2024年注目の洋画10選,https://news.yahoo.co.jp/articles/f40448dd07a52ac94e1f7083558357ef9806b564,1/2(火) 7:11
flix,シネマトゥデイ,明石家さんま主演「心はロンリー気持ちは『…』」20年ぶり復活！完結編が4月放送,https://news.yahoo.co.jp/articles/96df75603c8001f92ef4ade655fde7cad2b902b0,1/1(月) 17:00
flix,シネマトゥデイ,ミュージカル映画『カラーパープル』2月9日に日本公開！,https://news.yahoo.co.jp/articles/e6168038ee2cce80a0d53cc6359d1d1d8cf023c5,1/1(月) 13:00
flix,シネマトゥデイ,「相棒」衝撃の“卒業”から9年…3代目・甲斐享＆笛吹悦子のこれまで,https://news.yahoo.co.jp/articles/b14aea5dabcbe9214137f48e2abe38b12f2ba0c5,1/1(月) 12:10
flix,シネマトゥデイ,松村北斗＆上白石萌音、あけおめ動画が公開！,https://news.yahoo.co.jp/articles/f3f730d0363bedb8e1303e6a91af7e9bdf3abb2c,1/1(月) 12:00
flix,シネマトゥデイ,謎解きで年始め！『ダ・ヴィンチ・コード』シリーズ 3夜連続放送,https://news.yahoo.co.jp/articles/12739efafa62d919f9145165453f4a32039f258d,1/1(月) 10:11
flix,シネマトゥデイ,『ガッチャード＆ギーツ』入プレ第2弾発表　ユニコン、ギーツキラーなど収録のライドケミートレカパックお年玉Ver.,https://news.yahoo.co.jp/articles/1718e2f11611363532495fbf609d8b151f328326,1/1(月) 9:30
flix,シネマトゥデイ,今夜「相棒」元日SP　“3代目”甲斐享の息子の周囲で惨劇…笛吹悦子に迫る魔の手,https://news.yahoo.co.jp/articles/4e25833927408b1b76ea955323469bac948e8188,1/1(月) 8:03
flix,シネマトゥデイ,見逃せない2024年注目の邦画10選,https://news.yahoo.co.jp/articles/f33d8b4f9ac5904bcfb4d2b988324cb5de5f5ae8,1/1(月) 7:11
flix,シネマトゥデイ,大泉洋、歌手として紅白初出場！ディズニーコラボにも注目,https://news.yahoo.co.jp/articles/f7c6062f55cbb073032ddeedda95c1e127a5e079,2023/12/31(日) 20:30
flix,シネマトゥデイ,紅白初出場！新しい学校のリーダーズ、流行語大賞の首振りダンスに注目,https://news.yahoo.co.jp/articles/33c8f454a5d3353810060c181c47ac23b6204538,2023/12/31(日) 19:20
flix,シネマトゥデイ,BE:FIRSTが2年連続の紅白　「Boom Boom Back」歌唱＆坂本冬美とのコラボも,https://news.yahoo.co.jp/articles/8c2733c729f9b0c6835963ff4f2bbe38197a22ed,2023/12/31(日) 19:02
flix,シネマトゥデイ,2023年洋画1位は『スーパーマリオ』！BTSのコンサート映画が健闘【洋画興収年間ベストテン】,https://news.yahoo.co.jp/articles/34e7ceb980a907a840351951a94f300a45a7a662,2023/12/31(日) 12:03
flix,シネマトゥデイ,一気見で年越し！マット・デイモン主演「ジェイソン・ボーン」シリーズ3作、今夜一挙放送,https://news.yahoo.co.jp/articles/ca299b6466c17c3e55e7b6e631bd5f6262d5affe,2023/12/31(日) 9:12
flix,シネマトゥデイ,紅白歌合戦、曲順・審査員・見どころ【一覧】,https://news.yahoo.co.jp/articles/664bcc9ef3ea69ed9535aa6466ac22b78c931eeb,2023/12/31(日) 8:02
flix,シネマトゥデイ,2023年興収1位は『THE FIRST SLAM DUNK』アニメ作品がトップ3を占める【邦画興収年間ベストテン】,https://news.yahoo.co.jp/articles/893267078cb5311709fd5d64a99a66af0f34fd4f,2023/12/31(日) 7:02
flix,シネマトゥデイ,2023年後半の成功作・失敗作,https://news.yahoo.co.jp/articles/5452f200ff67f27558c7d9fd941446cbeb38258b,2023/12/30(土) 19:02
flix,シネマトゥデイ,『ウィッシュ』に『白雪姫』のオマージュがあった,https://news.yahoo.co.jp/articles/7600e3607642629ba14cf181ac3738b576314c34,2023/12/30(土) 15:05
flix,シネマトゥデイ,年末年始に映画館で観たい映画は？投票結果発表,https://news.yahoo.co.jp/articles/a2a3e17dc73ed35767674489e988916d779f38fb,2023/12/30(土) 10:20
flix,シネマトゥデイ,シネマトゥデイが選ぶ、2023年の映画ベスト20発表！,https://news.yahoo.co.jp/articles/66a4b3f28420200982eae1c154b097fcbcef3ecd,2023/12/30(土) 8:15
flix,シネマトゥデイ,『アクアマン』続編、キャストも驚きの世界観　ジェームズ・ワン監督「想像を超える」と自信,https://news.yahoo.co.jp/articles/28cbfb7f930f084b1d4663a84c5dee411c4cde99,2023/12/30(土) 7:00
flix,シネマトゥデイ,志尊淳、事務所独立への思い明かす　出資受け感謝「これからは恩返しをという気持ち」,https://news.yahoo.co.jp/articles/6e0119547225438b85c246115a858ba5efb88617,2023/12/29(金) 14:34
flix,シネマトゥデイ,『ゴールデンカムイ』第七師団・和田光示役は堀部圭亮！撮影地の“奇跡”に「ツイてるのかなんなのか…」,https://news.yahoo.co.jp/articles/8c77daa2a49229adf6b58e51379265da4e3956c2,2023/12/29(金) 13:37
flix,シネマトゥデイ,遺体で発見された『パラサイト』俳優、薬物捜査についてマスコミに明かさないでほしいと警察に懇願していた,https://news.yahoo.co.jp/articles/b0001fe63b81e8cfcd24ea085b62d06eab51f5af,2023/12/29(金) 12:43
flix,シネマトゥデイ,劇場版『仮面ライダービルド』ビジュアルコメンタリー、元日にYouTube無料配信！武田航平＆高田夏帆が参加,https://news.yahoo.co.jp/articles/08efdfcc208f3d285db52c5c1e9922546559c92d,2023/12/29(金) 12:00
flix,シネマトゥデイ,『ワイスピ』ポール・ウォーカーさん娘、離婚を発表　結婚から約3年,https://news.yahoo.co.jp/articles/56c88604d9cb916debbfa32a32fa54dc7b9b3f73,2023/12/29(金) 11:26
flix,シネマトゥデイ,ゲイリー・オールドマン、『ハリー・ポッター』での自身の演技は「凡庸」,https://news.yahoo.co.jp/articles/7c78fd9aa36856c855029da2667e5913ac76f00f,2023/12/29(金) 11:24
flix,シネマトゥデイ,「幽☆遊☆白書」北村匠海・志尊淳・本郷奏多・上杉柊平、苦しみも喜びに…“泥臭さ”全開で挑んだ実写化を語る！,https://news.yahoo.co.jp/articles/d2870e2244507175f66349347b52f84d0b887348,2023/12/29(金) 8:15
flix,シネマトゥデイ,東山紀之主演「必殺仕事人」にヴァンビ、ティモンディ高岸、おいでやす小田がゲスト出演,https://news.yahoo.co.jp/articles/f57693a224ce533cbcf15cd74deebe1d017ae554,2023/12/29(金) 7:00
flix,シネマトゥデイ,YOSHIKI「紅白歌合戦」出場決定　HYDE、ハイスタ難波、清春、松岡充らと奇跡のコラボ,https://news.yahoo.co.jp/articles/ca57197eecfd3d69b8bfa5d33f943856a1f95911,2023/12/28(木) 19:15
flix,シネマトゥデイ,『ウォンカとチョコレート工場のはじまり』で作ったチョコの数は？,https://news.yahoo.co.jp/articles/66aa007bcb723419b095abf81156196542de72ab,2023/12/28(木) 17:08
flix,シネマトゥデイ,「世界で最もハンサムな顔」発表　八木勇征、高橋海人ら日本人4名選出,https://news.yahoo.co.jp/articles/4b0eb91094ccdc13951d8fd796dedcc0bbc69349,2023/12/28(木) 16:10
flix,シネマトゥデイ,「世界で最も美しい顔2023」が発表　日本からTWICEサナら7人,https://news.yahoo.co.jp/articles/97d027d9e0f62b4f8106f36c586baef004b4237a,2023/12/28(木) 15:23
flix,シネマトゥデイ,『メアリと魔女の花』がNetflix日本1位！,https://news.yahoo.co.jp/articles/1758a4d23f5b746209eabaa4345ed36520f7b177,2023/12/28(木) 13:06
flix,シネマトゥデイ,大河ドラマ過去20年間で好きな作品トップ10発表,https://news.yahoo.co.jp/articles/ce076c7c2245c6ba6d548a91811e7aba527f34d0,2023/12/28(木) 12:19
flix,シネマトゥデイ,是枝裕和『怪物』が選出！オバマ元大統領、恒例の「お気に入り映画」発表,https://news.yahoo.co.jp/articles/627cb3f23fa7d7126347b048332ce49e0a8d3412,2023/12/28(木) 11:54
flix,シネマトゥデイ,宮崎駿監督作「未来少年コナン」舞台化決定！,https://news.yahoo.co.jp/articles/b7b2dae5693d71634645baa5690a3712257ff3ad,2023/12/28(木) 11:48
flix,シネマトゥデイ,安達祐実、カメラマン・桑島智輝と離婚　10年の結婚生活「とても感謝」,https://news.yahoo.co.jp/articles/3f87333cb03bc7a82a3ba0831a436f6d252a5013,2023/12/28(木) 10:43
flix,シネマトゥデイ,シュワちゃんのイケメン息子、モデルと婚約！,https://news.yahoo.co.jp/articles/2fe80996aa4cd2c6b968bb0c9d94c7d55adfc55b,2023/12/28(木) 9:20
flix,シネマトゥデイ,香取慎吾、「西遊記」内村光良と約4年ぶりバラエティー共演　ドラマ当時からの疑問をぶつける,https://news.yahoo.co.jp/articles/ae8d7531d006b1df32a4a0b8a3d960d24d195375,2023/12/28(木) 7:00
flix,シネマトゥデイ,今夜「ゴチ」最終戦　今年も最大3人クビ、木梨憲武まさかの登場で騒然,https://news.yahoo.co.jp/articles/de4b9b5668d31551a508b63b7816833139b6291b,2023/12/28(木) 7:00
flix,シネマトゥデイ,江口洋介、道枝駿佑と再共演　親子役からドラマ「マルス」で敵役へ,https://news.yahoo.co.jp/articles/96aa8507c9cedc44c8d5d8f1de33ee62dc185ea2,2023/12/28(木) 5:00
flix,シネマトゥデイ,「ウマ娘」初映画化決定　主人公はジャングルポケット『新時代の扉』2024年5月24日公開,https://news.yahoo.co.jp/articles/e06fab69b585bc7442eb8aa9775cc40c6c0486e1,2023/12/28(木) 0:30
flix,シネマトゥデイ,山田涼介主演『大怪獣のあとしまつ』明日からNetflix配信　怪獣の死体処理描く異色の特撮映画,https://news.yahoo.co.jp/articles/e00a713f295a37d5c4ea2a29f1421d8f009a0899,2023/12/27(水) 18:03
flix,シネマトゥデイ,トップダンサー集結！インド映画『ストリートダンサー』3月公開決定,https://news.yahoo.co.jp/articles/e0337c49868e0c69dc071e55fa50d2d55dfaf95d,2023/12/27(水) 16:00
flix,シネマトゥデイ,『パラサイト』出演イ・ソンギュンさん遺体で発見　現地報道,https://news.yahoo.co.jp/articles/366dcf9e77cea75905e6deecd31d77153e78264c,2023/12/27(水) 14:26
flix,シネマトゥデイ,全米8位『君たちはどう生きるか』9位『ゴジラ-1.0』！日本映画が3週連続で2作ランクイン：全米ボックスオフィス考,https://news.yahoo.co.jp/articles/4e089100c8b51b5500fca5aba2ae6d63d62f8cf1,2023/12/27(水) 13:10
flix,シネマトゥデイ,『鬼太郎誕生　ゲゲゲの謎』口コミ人気で動員115万人突破　感謝コメント＆イラスト公開,https://news.yahoo.co.jp/articles/c9a3557c3a2e724eb61233f899365e8c9fb33011,2023/12/27(水) 12:00
flix,シネマトゥデイ,クリストファー・ノーラン、ザック・スナイダーをたたえる「彼の影響を受けていないヒーロー映画はない」,https://news.yahoo.co.jp/articles/fccbbd9c7b8167e85cb2c4c234d147d530f8191c,2023/12/27(水) 11:59
flix,シネマトゥデイ,今年最も違法DLされたドラマトップ10発表　1位は実写版「THE LAST OF US」,https://news.yahoo.co.jp/articles/9812f06572c05aa8e2727e7170118e05acbe1167,2023/12/27(水) 11:57
flix,シネマトゥデイ,実写版「幽☆遊☆白書」ネトフリ非英語で2週連続世界1位！,https://news.yahoo.co.jp/articles/ff29644e1aa6fb00bd221366b33a153d03ca7a04,2023/12/27(水) 10:46
flix,シネマトゥデイ,「ブギウギ」安否がわからないままで…第64回あらすじ,https://news.yahoo.co.jp/articles/1e17b0c56fba3f38377e8d3cd93e6545c695bb28,2023/12/27(水) 8:15
flix,シネマトゥデイ,かが屋『映画ドラえもん』で声優デビュー　漫才師やバンドマンなど演じ分け、Vaundyとも共演,https://news.yahoo.co.jp/articles/097098b12e125e20a947a770aeb23ec121b0eb0c,2023/12/27(水) 8:00
flix,シネマトゥデイ,『ジョン・ウィック：コンセクエンス』Netflixで1.22配信決定,https://news.yahoo.co.jp/articles/ca052f037cb4960b7137edc165324de26b500c6a,2023/12/27(水) 7:02
flix,シネマトゥデイ,マッツ・ミケルセン主演『The Promised Land』日本公開決定　ヨーロッパ映画賞で男優賞受賞,https://news.yahoo.co.jp/articles/e7fb1f5a9f8647ca982459b5d6e912b17d4dd927,2023/12/27(水) 6:32
flix,シネマトゥデイ,林遣都「おっさんずラブ」イベントで何度も涙拭う　「公の場で泣くことなんてないと思っていたのに」,https://news.yahoo.co.jp/articles/7d74a4d2b287ca62bc228ca64e6269a78bfa725d,2023/12/26(火) 21:11
flix,シネマトゥデイ,第4子妊娠中のミランダ・カー、赤のタイトドレスで大きなおなかあらわに,https://news.yahoo.co.jp/articles/73ea47cf0af6431c89bf1570b01fd42f9bcf1e06,2023/12/26(火) 20:02
flix,シネマトゥデイ,キーファー・サザーランド『スタンド・バイ・ミー』リヴァー・フェニックスとの秘話明かす,https://news.yahoo.co.jp/articles/46aaf88f0ef215daf0a830240cdf7341398522da,2023/12/26(火) 17:30
flix,シネマトゥデイ,『ウィッシュ』豪華カメオ声優の役柄が公式発表　上戸彩は母ウサギ、松たか子はヤマアラシ【配役リストあり】,https://news.yahoo.co.jp/articles/83ac9c69a846dac71698358f0182b1356ade8673,2023/12/26(火) 17:00
flix,シネマトゥデイ,実写「幽☆遊☆白書」ザック・スナイダー監督が大絶賛　北村匠海の演技には「ハートがある」,https://news.yahoo.co.jp/articles/4e7b0d7bb3a214dfab0a10eb5264b0b95acf070f,2023/12/26(火) 16:00
flix,シネマトゥデイ,紅白、JO1＆BE:FIRSTが坂本冬美とコラボ！選抜メンバー8名発表,https://news.yahoo.co.jp/articles/6e05cbb9049af790b3c960a5d4f0cc7958ee10d7,2023/12/26(火) 14:01
flix,シネマトゥデイ,2023年ドラマで演技が光っていた俳優・女優は？,https://news.yahoo.co.jp/articles/40d4425e455ca1f319b4b8409d37a9ad6c5dee86,2023/12/26(火) 12:43
flix,シネマトゥデイ,『テッド』前日譚ドラマ、U-NEXTで日米同日配信決定！テッドが親友と高校入学,https://news.yahoo.co.jp/articles/fe8bc9c5bad670b804feea0f8a4f55bc187b727f,2023/12/26(火) 12:00
flix,シネマトゥデイ,新マーベルドラマ出演俳優、56歳で死去,https://news.yahoo.co.jp/articles/7d76a1dffa7d743778336c776f5989edc48da066,2023/12/26(火) 11:49
flix,シネマトゥデイ,真田広之、ハリウッドで孤軍奮闘の日々　主演ドラマ「SHOGUN」でサムライスピリッツ貫く,https://news.yahoo.co.jp/articles/b9458a5a63c6b8dbc86f6132a8b2fc0a6d366270,2023/12/26(火) 10:00
flix,シネマトゥデイ,半田健人が「仮面ライダー555」主要回を生コメンタリー！「ファイズ・リマインド」開催決定、初回ゲストに芳賀優里亜,https://news.yahoo.co.jp/articles/20ac1e805ff6d335a94617e2e3940b1f98682bb7,2023/12/26(火) 10:00
flix,シネマトゥデイ,『Dr.コトー診療所』「おっさんずラブ-リターンズ-」などプライムビデオで1月から見放題配信,https://news.yahoo.co.jp/articles/41b90a00ab2d3435a5cb594149556c27dd2aced5,2023/12/26(火) 10:00
flix,シネマトゥデイ,黒田有「ブギウギ」出演に亡き母への思い「誰よりも喜んでくれる」,https://news.yahoo.co.jp/articles/f967148da3720b14968cc8acea090f17676e9f9f,2023/12/26(火) 8:15
flix,シネマトゥデイ,【ブギウギ第63回あらすじ】羽鳥がある依頼を受ける,https://news.yahoo.co.jp/articles/f06d29f7007eebcccf726c13bdcd05142a321417,2023/12/26(火) 8:15
flix,シネマトゥデイ,ザック・スナイダー新作『REBEL MOON － パート2』ティザー予告編公開！反乱者vs.帝国の最終決戦,https://news.yahoo.co.jp/articles/32906e002862e82ca22dc1e3cb36d7c3d00ecb05,2023/12/26(火) 8:00
flix,シネマトゥデイ,アニメ「シンカリオン」シリーズ最新作「チェンジ ザ ワールド」制作決定！,https://news.yahoo.co.jp/articles/45a91d45521e969a6cc5dbe93cad5f4c092f1300,2023/12/26(火) 8:00
flix,シネマトゥデイ,斬新すぎるアイデア！NHK「あれからどうした」5月の三人四脚の挑戦,https://news.yahoo.co.jp/articles/5f45d86f58b9c7ee1de9432363ce4ade686ec75c,2023/12/26(火) 7:15
flix,シネマトゥデイ,香取慎吾「ドリフに大挑戦」に初挑戦　加藤茶と「加トちゃんペッ！」ほろ酔いメークも披露,https://news.yahoo.co.jp/articles/fe1fc2564f7a2ad6632feaa55a6baae5a54bb06d,2023/12/26(火) 4:30
flix,シネマトゥデイ,ブラムハウスCEO、ジェイソン・ブラム初来日が決定！映画『FNaF』引っ提げ日本へ,https://news.yahoo.co.jp/articles/18245c295ef74f9fa64b62db60487f07d47ea45b,2023/12/25(月) 18:00
flix,シネマトゥデイ,デヴィッド・ボウイ公認ドキュメンタリー、誕生日＆命日の2日限定でIMAX復活上映決定！,https://news.yahoo.co.jp/articles/df65474b0feb4700051392776efd70a6a04c9822,2023/12/25(月) 18:00
flix,シネマトゥデイ,櫻坂46藤吉夏鈴、NHK「作りたい女と食べたい女」で会食恐怖症の“食べたくない女”役　追加キャスト発表,https://news.yahoo.co.jp/articles/72e599ab1128f5956c4dc92e78e3ced9e7c2e7b3,2023/12/25(月) 17:31
flix,シネマトゥデイ,『SPY×FAMILY』興収12億突破のロケットスタート！役所広司主演『PERFECT DAYS』が9位：映画週末興行成績,https://news.yahoo.co.jp/articles/a239a85c4f8c8e25bb626fdd1af8464064db107c,2023/12/25(月) 17:09
flix,シネマトゥデイ,櫻井翔主演「大病院占拠　正月3夜連続イッキ見SP」放送決定！,https://news.yahoo.co.jp/articles/dbc9cf38178613be9a70a9aed987fc2681d3f2b1,2023/12/25(月) 11:33
flix,シネマトゥデイ,大河「光る君へ」と「おじゃる丸」が1年のコラボ！吉高由里子「ワクワク」,https://news.yahoo.co.jp/articles/a6ff93f26101e919a6cc8be373a582263cee06f3,2023/12/25(月) 11:00
flix,シネマトゥデイ,【ブギウギ第62回あらすじ】スズ子が家で看病する,https://news.yahoo.co.jp/articles/6e3daf486b86d889ff04d519f6f6d06a682366ef,2023/12/25(月) 8:15
flix,シネマトゥデイ,『SPY×FAMILY』早見沙織、ヨルが「戦闘アドリブ連発」　豪華客船編から映画版までの変化振り返る,https://news.yahoo.co.jp/articles/918993c93aea59275762505fb8f1383434d1f02e,2023/12/25(月) 7:32
flix,シネマトゥデイ,ペ・ドゥナ、毎日朝7時から過酷なトレーニング　『REBEL MOON』二刀流の反乱者役「自分を追い込んだ」,https://news.yahoo.co.jp/articles/8576e4803c36b7840213c37150636290045b847a,2023/12/25(月) 6:32
flix,シネマトゥデイ,石原さとみ＆亀梨和也ドラマ初共演！「魅力的で色っぽい」「身を委ねたい」と相思相愛,https://news.yahoo.co.jp/articles/1ddc1004e7f5a39acb25c1e746e1be251c5324d1,2023/12/25(月) 5:00
flix,シネマトゥデイ,市原隼人『おいしい給食』劇場版第3弾、5月公開決定！狙うは“イカメシ”,https://news.yahoo.co.jp/articles/000a9b439f5a32983866acfcbaa20781c105082c,2023/12/24(日) 12:00
flix,シネマトゥデイ,「キングオージャー」中村獅童、映画と別キャラクターでテレビシリーズ出演　先々代王コーサス登場,https://news.yahoo.co.jp/articles/4351afb91e8c2cbdcf0111901b2286223cf5ded7,2023/12/24(日) 10:00
flix,シネマトゥデイ,「仮面ライダーガッチャード」新ライダー初公開！スパナが変身、炎のガッチャード＆レジェンドも登場,https://news.yahoo.co.jp/articles/d17d3867703eccf3eee870378102e7f0d6e801da,2023/12/24(日) 9:30
flix,シネマトゥデイ,冥黒の三姉妹が主役「仮面ライダーガッチャード　未完計画」大晦日に配信！危険発言多発のカオスな作品,https://news.yahoo.co.jp/articles/82c07d8f63d916896bf22c2d7b571375df213105,2023/12/24(日) 9:00
flix,シネマトゥデイ,「仮面ライダーエグゼイド」悲劇のクリスマス回、YouTube無料配信　“貴利矢ショック”再び,https://news.yahoo.co.jp/articles/c9b15484cc4d2a7f295cff749264d67ebaa48bc1,2023/12/24(日) 9:00
flix,シネマトゥデイ,クリスマスにはシャケを食え！「ルパパト」伝説のサモーン・シャケキスタンチン回がYouTube無料初配信,https://news.yahoo.co.jp/articles/e427687cea0faa87f78d1ab58a7083a17918dbe6,2023/12/24(日) 9:00
flix,シネマトゥデイ,【ブギウギ第61回あらすじ】愛助の病が再発する,https://news.yahoo.co.jp/articles/4a9f8c3a335a9ff0b3a4a0ce5cdab944482c6fbc,2023/12/24(日) 8:15
flix,シネマトゥデイ,『SPY×FAMILY』ボンド役・松田健一郎、低迷期に運命的な出会い,https://news.yahoo.co.jp/articles/be22da2ed680774cce4e9e80e25d7aa13a99bccf,2023/12/24(日) 8:02
flix,シネマトゥデイ,ジョージ・クルーニー＆ブラッド・ピット共演スリラー、2024年9月公開！,https://news.yahoo.co.jp/articles/369810bd32c8b667ad4018e966a577f481bd33d6,2023/12/24(日) 6:06
flix,シネマトゥデイ,役所広司、ヴィム・ヴェンダース監督からのビデオメッセージに歓喜！「すごいクリスマスプレゼント」,https://news.yahoo.co.jp/articles/dd534fe9720849a5414b1798cd6a08152186a367,2023/12/23(土) 16:06
flix,シネマトゥデイ,実写『ゴールデンカムイ』ヒグマ対レタラ！最新映像＆IMAXポスタービジュアル公開,https://news.yahoo.co.jp/articles/fffb25500c5acabd6c4a9cc7e913d1875c36399e,2023/12/23(土) 14:00
flix,シネマトゥデイ,卯から辰へ！「仮面ライダービルド」戦兎＆万丈の名エピソード18篇がYouTube無料配信,https://news.yahoo.co.jp/articles/c537c1f86cf99db55bd3b809928348263695c5a4,2023/12/23(土) 12:00
flix,シネマトゥデイ,嵐ライブフィルム、大晦日特別上映が決定！メンバーからのスペシャルメッセージも,https://news.yahoo.co.jp/articles/5a4a2e668d7e45195070d0931a2edb40a5238d97,2023/12/23(土) 12:00
flix,シネマトゥデイ,「仮面ライダーガッチャード」クリスマス回に最大の脅威！第16話「クライシスXmas！オロチ事変」あらすじ,https://news.yahoo.co.jp/articles/1bbc0e01b22b397d6971747fba13d6284b61b8c4,2023/12/23(土) 11:03
flix,シネマトゥデイ,【来週のブギウギあらすじ】坂口がトミに進言する,https://news.yahoo.co.jp/articles/8ddc1bd9e05af364b5527a67f0867c943fad9f0c,2023/12/23(土) 8:15
flix,シネマトゥデイ,ザック・スナイダー監督、DCEUで学んだこと 『REBEL MOON』で構築する新たなユニバース,https://news.yahoo.co.jp/articles/ce13785193ecb769cfeb6d04af261f59c4312057,2023/12/23(土) 8:03
flix,シネマトゥデイ,まるでプロポーズ！「きのう何食べた？」S2最終回、シロさんの覚悟に号泣,https://news.yahoo.co.jp/articles/050f5de1b2641d420c853008144eb78ab96d494c,2023/12/23(土) 2:20
flix,シネマトゥデイ,凶悪殺人犯役・岡田将生VS羽村仁成『ゴールド・ボーイ』本予告編公開,https://news.yahoo.co.jp/articles/9768c2a87db3430f2e0c5cfedb10cf2dc31afb3f,2023/12/22(金) 23:57
flix,シネマトゥデイ,歴代『ホーム・アローン』どれが好き？投票結果発表,https://news.yahoo.co.jp/articles/6d4a1377d861dace6c1ed53ee0b58f654eba5722,2023/12/22(金) 21:33
flix,シネマトゥデイ,早見沙織『SPY×FAMILY』戦闘シーンのアドリブ多数収録,https://news.yahoo.co.jp/articles/e90c2ffccc691db63b2c2856227588ded92d946a,2023/12/22(金) 21:06
flix,シネマトゥデイ,今夜！『ホーム・アローン』金ローで放送何回目？,https://news.yahoo.co.jp/articles/12a5e13305c631826a8d29aa4b932ad5550c1b23,2023/12/22(金) 21:04
flix,シネマトゥデイ,江口拓也“レジェンド”銀河万丈のギャップに圧倒される　「かっこよかった」,https://news.yahoo.co.jp/articles/289e31d236f5c22e65fd16da0403d7bf1845cc0c,2023/12/22(金) 20:20
flix,シネマトゥデイ,“ギーツ”簡秀吉、大先輩・本宮泰風から賞賛も即ツッコまれる　“ガッチャード”本島純政とは「別ベクトルの俳優」,https://news.yahoo.co.jp/articles/ffc06cd16493ac6af4ffe632779146ec4df7c42e,2023/12/22(金) 19:29
flix,シネマトゥデイ,「ガッチャード」松本麗世、史上初の女性2号ライダーに意気込み　ツムリ・青島心に感謝「とても心強かった」,https://news.yahoo.co.jp/articles/52098d7c9abdd49a1a602cb7f360bcd3e11c4ca6,2023/12/22(金) 18:52
flix,シネマトゥデイ,「ガッチャード」ヒロイン・松本麗世が仮面ライダーマジェードに変身！史上初の女性2号ライダー誕生,https://news.yahoo.co.jp/articles/164733b66bdae9e16a6f411f5ed902538c9e7332,2023/12/22(金) 18:00
flix,シネマトゥデイ,不朽の名作『ピアノ・レッスン』4Kデジタルリマスター版で劇場公開決定,https://news.yahoo.co.jp/articles/8f10dce1b588ba9aedea6c79a0492198b985fb26,2023/12/22(金) 18:00
flix,シネマトゥデイ,「すき花」藤井風サプライズ出演の裏側　撮影は最終話放送当日！,https://news.yahoo.co.jp/articles/7970fd96407b6a17345c4550e3008b913c3527bc,2023/12/22(金) 17:00
flix,シネマトゥデイ,「仮面ライダー展」来年3月に埼玉県で開催　1年3か月ぶり首都圏凱旋,https://news.yahoo.co.jp/articles/86f99ebba09ec5996a8162f0ca3d1804491abc21,2023/12/22(金) 17:00
flix,シネマトゥデイ,実写「幽☆遊☆白書」桐野役はだれ？凄すぎると話題の佐久本宝,https://news.yahoo.co.jp/articles/6813619faff64c3a95bcc77a1adf7fa5b2458e40,2023/12/22(金) 16:02
flix,シネマトゥデイ,『ゴジラ-1.0』世界興収100億円突破　米アカデミー賞視覚効果賞ショートリスト入り,https://news.yahoo.co.jp/articles/94fa70d508da2f64bcb7d63cee0438609d68f4fa,2023/12/22(金) 15:49
flix,シネマトゥデイ,第74回紅白歌合戦、曲目決定！見どころも発表【一覧】,https://news.yahoo.co.jp/articles/e31c053226e9c756adef7761c514a1483678050b,2023/12/22(金) 14:43
flix,シネマトゥデイ,『ゴールデンカムイ』玉井芳蔵役は山内圭哉！「熊とからむことになるとは」,https://news.yahoo.co.jp/articles/f08a8f01f0ec1e36d5aea039f0193f2b0a5f7ef7,2023/12/22(金) 13:47
flix,シネマトゥデイ,『TENET テネット』ロバート・パティンソンが婚約！恋人は妊娠中,https://news.yahoo.co.jp/articles/d1308b1874c94081a8706147ae86596d857f0048,2023/12/22(金) 12:31
flix,シネマトゥデイ,『ワイルド・スピード』ヴィン・ディーゼル、性的暴行容疑で訴えられる,https://news.yahoo.co.jp/articles/4c45d9326b2c1bd46d210694183b31430e0e0cc5,2023/12/22(金) 12:14
flix,シネマトゥデイ,役所広司『PERFECT DAYS』アカデミー賞国際長編映画賞の“最終候補作リスト”に残る！：第96回アカデミー賞,https://news.yahoo.co.jp/articles/2abe585e8de1b627f0b91dbfca41c3f065f0477e,2023/12/22(金) 12:10
flix,シネマトゥデイ,「ウルトラマンデッカー」村山優香、坂本浩一監督へ指導依頼　アクション女優としての道を切り開くプロジェクト始動,https://news.yahoo.co.jp/articles/c857f371d3be56333465321d469b4b0fd8602de1,2023/12/22(金) 12:00
flix,シネマトゥデイ,フジ「大奥」予告映像に「これぞ大奥」の大反響！美しきドロドロ,https://news.yahoo.co.jp/articles/3b40c4dc977e588fb74e05aaa54dc5c7d1bfe4c0,2023/12/22(金) 11:50
flix,シネマトゥデイ,『ホーム・アローン』歴代主人公の現在は？マコーレー・カルキンだけじゃない,https://news.yahoo.co.jp/articles/2d131bc417fd2bdcf7672e16e02f617d8304036b,2023/12/22(金) 11:45
flix,シネマトゥデイ,山崎貴監督『ゴジラ-1.0』米アカデミー賞視覚効果賞の最終候補10作に残る！：第96回アカデミー賞,https://news.yahoo.co.jp/articles/86e0f2843915719cedfa535228d230c04fab2c61,2023/12/22(金) 11:12
flix,シネマトゥデイ,実写「幽☆遊☆白書」北村匠海＆『REBEL MOON』ザック・スナイダー監督が日本で対面！2ショット公開,https://news.yahoo.co.jp/articles/2158d2d98d4ae19ef8866529671f7221a3f471f6,2023/12/22(金) 8:00
flix,シネマトゥデイ,最高に面白い！パルムドール受賞作『落下の解剖学』2月日本公開,https://news.yahoo.co.jp/articles/3928014a373c442ebd8c77aab842cd88c3fbb407,2023/12/22(金) 8:00
flix,シネマトゥデイ,ライアン・ゴズリング、筋肉倍増で限界アクション！『ブレット・トレイン』監督の最新作『フォールガイ』日本公開決定,https://news.yahoo.co.jp/articles/5dceba53883218a319a55f6817f055c8aa99bcd6,2023/12/22(金) 8:00
flix,シネマトゥデイ,『ホーム・アローン』マコーレー・カルキンの現在は？息子2人の子育て中,https://news.yahoo.co.jp/articles/31c56ed410e2c54d4be1db4eeb57bf48e95cc514,2023/12/22(金) 7:40
flix,シネマトゥデイ,日本アニメ・漫画オタクのYouTuber監督、“憑依チャレンジ”ホラー『TALK TO ME』でも貫くクリエイターとしての姿勢,https://news.yahoo.co.jp/articles/f89caeded164811d708aebfa70488c3168f292b2,2023/12/22(金) 7:12
flix,シネマトゥデイ,新スーパー戦隊は「爆上戦隊ブンブンジャー」クルマ×つくるがモチーフ！,https://news.yahoo.co.jp/articles/56a684925671cd47cc2a0d39280bd933cec60beb,2023/12/22(金) 5:00
flix,シネマトゥデイ,「いちばんすきな花」最終回、キャスト総入れ替えがトレンド入り！ラストでサプライズ演出,https://news.yahoo.co.jp/articles/26a1ccb336d3f89ef01f90e3fad2666fa693faa7,2023/12/22(金) 0:17
flix,シネマトゥデイ,安元洋貴『アクアマン』続編は「陸海空がすごいことに」,https://news.yahoo.co.jp/articles/f211abb3d49537b40e694e76727688ca2b956f28,2023/12/21(木) 20:25
flix,シネマトゥデイ,「幽☆遊☆白書」左京役・稲垣吾郎に集まる称賛,https://news.yahoo.co.jp/articles/186d77b4b6f888c7044d0b2b10dfd0406d2c902f,2023/12/21(木) 19:14
flix,シネマトゥデイ,声優・宮野真守、離婚を報告「それぞれの人生を歩むことにしました」,https://news.yahoo.co.jp/articles/0e390fbd44e7c3356f4725c177313fdd3373ad42,2023/12/21(木) 18:40
flix,シネマトゥデイ,トム・クルーズ、新恋人はロシア美女,https://news.yahoo.co.jp/articles/87c7bb68f0a6acc81357741e115b52917212de32,2023/12/21(木) 17:40
flix,シネマトゥデイ,『キングスマン』女優が無双！ザック・スナイダー最新作『REBEL MOON』超絶アクションシーン公開,https://news.yahoo.co.jp/articles/d70104bca70aae2b7aea43bb5f67283a22c00411,2023/12/21(木) 17:00
flix,シネマトゥデイ,実写『ゴールデンカムイ』原作・野田サトルのコメント公開「実は、内心ものすごく心配」も安堵「良いところが沢山」,https://news.yahoo.co.jp/articles/f8998ca0aa7d9c656699ee5bf2f9efba28f8a4d2,2023/12/21(木) 16:52
flix,シネマトゥデイ,映画プロデューサー・阿部秀司さん死去『ゴジラ-1.0』『ALWAYS』など携わる　 ROBOT創業者,https://news.yahoo.co.jp/articles/985d8a9c26c67d546367e4da632ce03967474f1b,2023/12/21(木) 16:30
flix,シネマトゥデイ,『FF7 アドベントチルドレン』4Kリマスター版、劇場公開決定！1月19日から2週間限定,https://news.yahoo.co.jp/articles/78bae2922b91ffe64a21e2f63e69f48ffa0c6094,2023/12/21(木) 14:00
flix,シネマトゥデイ,ブラッド・ピットが還暦！恋人とお祝い,https://news.yahoo.co.jp/articles/b5f4f558f04b357fea3e3279222dadf8b55c3ce4,2023/12/21(木) 13:01
flix,シネマトゥデイ,ワーナーとパラマウントが合併の可能性,https://news.yahoo.co.jp/articles/2747e071a7c52ffc3c8a0f2dc4a5720c9325054d,2023/12/21(木) 12:08
flix,シネマトゥデイ,アリ・アスター監督「画面を血みどろにしても良かった」とニッコリ　狂気の新作引っ提げ日本のファンと交流,https://news.yahoo.co.jp/articles/0d54d3b1437d624407bc493a43c085965491b135,2023/12/21(木) 11:36
flix,シネマトゥデイ,「相棒22」次回予告、「甲斐亨の息子」に騒然　笛吹悦子の無事に安堵の声,https://news.yahoo.co.jp/articles/c2d335680186b916bb919d536a39498184a71fdf,2023/12/21(木) 11:06
flix,シネマトゥデイ,「ブギウギ」トミが愛助を説得する　第60回あらすじ,https://news.yahoo.co.jp/articles/97051febb5ce9b48ec028bd92bcb33dca3ece790,2023/12/21(木) 8:15
flix,シネマトゥデイ,綾辻行人「十角館の殺人」実写映像化決定　原作者も驚きの企画実現「どうやって実写化するの？」,https://news.yahoo.co.jp/articles/f7709c0974c8093832cc61a88f6cf4e0523fe6f6,2023/12/21(木) 7:00
flix,シネマトゥデイ,玉置成実、劇場版『ガンダムSEED』公式サポーターソング担当　“再会”がテーマの新曲「Reborn」,https://news.yahoo.co.jp/articles/9c1e0370614c24295ea14d5b44efe791c3885699,2023/12/21(木) 7:00
flix,シネマトゥデイ,「相棒」“3代目”甲斐享の兄、元日SPで初登場　新納慎也が抜てき「みなさまも驚くことと思います」,https://news.yahoo.co.jp/articles/2c91abd923ff811d1d9f2db9de20144ae0abf458,2023/12/21(木) 6:00
flix,シネマトゥデイ,「相棒」真飛聖、笛吹悦子役で9年ぶり登場　“3代目”甲斐享のパートナー「その後がずっと気になっていた」,https://news.yahoo.co.jp/articles/4af321ca972e3ebef35d8e97b96bbcec7f98db05,2023/12/21(木) 6:00
flix,シネマトゥデイ,山下智久、5年ぶり民放ドラマ主演　フジ4月期「ブルーモーメント」で災害から人の命を救う気象学の天才に,https://news.yahoo.co.jp/articles/cb16a8fe2a4b4db15f0ca4443df9d533b86967f8,2023/12/21(木) 5:00
flix,シネマトゥデイ,"ウィレム・デフォー、新作ホラーで本物のネズミ2,000匹と共演",https://news.yahoo.co.jp/articles/9ffa581b227c631dc060738d004d8e59dc4fcd9c,2023/12/20(水) 22:21
flix,シネマトゥデイ,実写『ゴールデンカムイ』9割以上が雪中撮影　過酷な北海道ロケ「普通の4倍時間がかかる」,https://news.yahoo.co.jp/articles/0fa70281ff173b88fac5948741cd0bebb2d5a9b5,2023/12/20(水) 18:27
flix,シネマトゥデイ,実写『金カム』鶴見中尉役・玉木宏が目指した「得体の知れない存在感」　山崎賢人、串刺しシーンが頭から離れず,https://news.yahoo.co.jp/articles/37666f087293afb5a4004c0c3a7f97c171089f8f,2023/12/20(水) 17:55
flix,シネマトゥデイ,山崎賢人、実写『金カム』杉元役で10キロ増量　役づくりで軍事練習「強さを表すため」,https://news.yahoo.co.jp/articles/3175cf092723ff22780ebd6196ca9813908f69e5,2023/12/20(水) 16:49
flix,シネマトゥデイ,青山真治監督の特集上映に地元ファンが涙、第一回北九州国際映画祭が閉幕！,https://news.yahoo.co.jp/articles/c1a2d6b5ab00e782e4b4af5ca6b4d8cbdf9ac96d,2023/12/20(水) 15:00
flix,シネマトゥデイ,佐藤健「義母と娘のブルース」麦田は素？綾瀬はるかの意見に笑顔で「あんなかね？」,https://news.yahoo.co.jp/articles/9c254c0f384d09045d29a476296aa94c18595ea4,2023/12/20(水) 14:34
flix,シネマトゥデイ,綾瀬はるか「義母と娘のブルース」ラストに「宝物のような作品になりました」,https://news.yahoo.co.jp/articles/43ff91e2c26dcb107ab84531938154e862aa66df,2023/12/20(水) 14:17
flix,シネマトゥデイ,片岡愛之助＆藤原紀香、夫婦で『翔んで埼玉』ペアルック！ラブラブ映画デートの様子を公開,https://news.yahoo.co.jp/articles/c6b135bf66716c1100eb620b4eb57170411b3701,2023/12/20(水) 12:13
flix,シネマトゥデイ,シドニー・スウィーニー、乳房縮小手術を受けたいと思っていた高校時代,https://news.yahoo.co.jp/articles/afb28f2296ed18e5395e93b6bda337cea61484e9,2023/12/20(水) 11:45
flix,シネマトゥデイ,フジ連ドラ「大奥」シリーズ一挙放送決定！菅野美穂、松下由樹、内山理名が主演,https://news.yahoo.co.jp/articles/5b0a73db283594dd88971c9314a816100c1897c0,2023/12/20(水) 11:35
flix,シネマトゥデイ,実写「幽☆遊☆白書」Netflix週間グローバルトップ10で1位発進！,https://news.yahoo.co.jp/articles/f8caea480e74c292194fca9958dfd3284b7bca6e,2023/12/20(水) 11:11
flix,シネマトゥデイ,「牙狼＜GARO＞」最新作に仮面ライダーゴースト・西銘駿出演　追加キャスト発表,https://news.yahoo.co.jp/articles/e9fa6b8eab73ff3b5e958409ffddbed5343b15f3,2023/12/20(水) 11:00
flix,シネマトゥデイ,入江悠監督x河合優実の衝撃作『あんのこと』佐藤二朗、稲垣吾郎ら新キャスト発表,https://news.yahoo.co.jp/articles/76ef8ea9d5b31d621a095ce89d9dcc95a80baadb,2023/12/20(水) 9:00
flix,シネマトゥデイ,「ブギウギ」五木が姿を消す　第59回あらすじ,https://news.yahoo.co.jp/articles/a1bbf3c9a9b8b51e02168efcca619201f6ce37f9,2023/12/20(水) 8:15
flix,シネマトゥデイ,伊武雅刀が徳川吉宗に！フジ連ドラ「大奥」追加キャスト3名発表,https://news.yahoo.co.jp/articles/f08f8ccfef42eefbc1aa8f89bb911720c7ed3bfd,2023/12/20(水) 8:08
flix,シネマトゥデイ,「孤独のグルメ」大みそかSPで五郎が沖縄へ　ゲストに国仲涼子ら,https://news.yahoo.co.jp/articles/bf0ff23c71bb2cbf8e5c615c35cbba52df6d96ba,2023/12/20(水) 8:01
flix,シネマトゥデイ,『ゴジラ-1.0』モノクロ版『マイナスカラー』全国340館上映決定！,https://news.yahoo.co.jp/articles/cf9f3f2eb38ef3271684e80809580f17717f286f,2023/12/20(水) 8:00
flix,シネマトゥデイ,豪華絢爛！フジ連ドラ「大奥」ポスタービジュアル公開,https://news.yahoo.co.jp/articles/43ae60a03335912054ea3d1519784933e1b1aa6e,2023/12/20(水) 8:00
flix,シネマトゥデイ,今夜「相棒22」第9話　特命係が危険な護衛、予想外の事態に,https://news.yahoo.co.jp/articles/f490fd32b187318ee70ef97440f7d15c4f3aa5d3,2023/12/20(水) 6:32
flix,シネマトゥデイ,『ツーリスト』から13年、アンジェリーナ・ジョリーの現在は？,https://news.yahoo.co.jp/articles/c24e6d0559c800911f28b0c699edc563b12bbeaf,2023/12/20(水) 5:12
flix,シネマトゥデイ,西島秀俊、セイコー創業者・服部金太郎役でドラマ主演　ひげ姿のビジュアル公開,https://news.yahoo.co.jp/articles/0b3777f4309bb5452a731c2f8762891da0a7a391,2023/12/20(水) 5:00
flix,シネマトゥデイ,ピクサー劇場未公開3作品、2024年春に劇場公開決定,https://news.yahoo.co.jp/articles/55618ce5e9b6079e1326794fa1c3e206dba6edaa,2023/12/20(水) 5:00
flix,シネマトゥデイ,セリーヌ・ディオン、筋肉がコントロールできない…現在の病状を姉が明かす,https://news.yahoo.co.jp/articles/82e906e363d7cc8942afe9b5b2215f6df025d6db,2023/12/19(火) 19:24
flix,シネマトゥデイ,山崎賢人、2024年カレンダーのメイキング映像公開,https://news.yahoo.co.jp/articles/136c4c093c3ef3aac5fc20af7034f4b0dfe7a4e0,2023/12/19(火) 18:00
flix,シネマトゥデイ,「映画秘宝」異例の再々創刊　来年1月から発売,https://news.yahoo.co.jp/articles/10712600cb4bc1015fbf9098e7877bb705694869,2023/12/19(火) 17:51
flix,シネマトゥデイ,パク・ソジュン「京城クリーチャー」撮影初日の手荒い歓迎に「ラストが楽しみになった」と苦笑い,https://news.yahoo.co.jp/articles/41ed92c656acbae4d18d7a87a41a253bcb907339,2023/12/19(火) 17:03
flix,シネマトゥデイ,山下敦弘監督が舞台「水深ゼロメートルから」映画化　濱尾咲綺、仲吉玲亜らメインキャスト続投,https://news.yahoo.co.jp/articles/51ee13ef855cf7d567b8b640dbfa5537f311eb82,2023/12/19(火) 17:02
flix,シネマトゥデイ,ウルトラマン新番組「ニュージェネレーション スターズ」1月スタート！MCはオオタ ユカ隊員、イグニスも登場,https://news.yahoo.co.jp/articles/84324a1ad96dca90c50ba4b46c0280cbc62f2a49,2023/12/19(火) 17:00
flix,シネマトゥデイ,全米3位『君たちはどう生きるか』4位『ゴジラ-1.0』！日本映画が引き続き健闘：全米ボックスオフィス考,https://news.yahoo.co.jp/articles/d796164610477813c885609c6fe253727c50d45a,2023/12/19(火) 16:20
flix,シネマトゥデイ,三吉彩花、森山未來、松本まりか、森山直太朗の4人が主演！ドラマ版「地球の歩き方」,https://news.yahoo.co.jp/articles/dc098f71c3b2838583f9204275b6d172c418c152,2023/12/19(火) 12:00
flix,シネマトゥデイ,DV有罪となった『アントマン』カーン俳優、マーベル映画クビが決定,https://news.yahoo.co.jp/articles/4eff026abc922cf91227d6d425bc25cb28b8e817,2023/12/19(火) 11:46
flix,シネマトゥデイ,A24、プロレス界の伝説・鉄の爪フォン・エリック一家の実話を映画化『アイアンクロー』公開決定,https://news.yahoo.co.jp/articles/0df5ec3051ca1d830bec0f3574a2e1489f0e6a25,2023/12/19(火) 11:00
flix,シネマトゥデイ,「ブギウギ」五木が密かに会っていた　第58回あらすじ,https://news.yahoo.co.jp/articles/7d69da40e55c01e38893473debc16c366b6b8218,2023/12/19(火) 8:15
flix,シネマトゥデイ,朝ドラ「ブギウギ」小雪“関西の女傑”熱演！大阪ことばにプレッシャー,https://news.yahoo.co.jp/articles/89e0e1b13e76986e65fe636c1df8840b64f26364,2023/12/19(火) 8:15
flix,シネマトゥデイ,新垣結衣×早瀬憩『違国日記』初映像公開 ！冒頭に原作の重要な場面,https://news.yahoo.co.jp/articles/8fdd003199779981ba7d5471d68808c2d26fbf2f,2023/12/19(火) 8:00
flix,シネマトゥデイ,東京に謎の宇宙船襲来…幾田りら＆あのW主演『デデデデ』前章、特報公開,https://news.yahoo.co.jp/articles/34e20a4ecbcc8fcb0ba78b56512eb0254f1132f9,2023/12/19(火) 8:00
flix,シネマトゥデイ,山路和弘、ささきいさお、大塚明夫『エクスペンダブルズ』第4弾日本語版の続投決定！11名一挙発表,https://news.yahoo.co.jp/articles/937990fb4f1a9f4e67b2dfc81df1818bf3987e43,2023/12/19(火) 7:00
flix,シネマトゥデイ,堺雅人がカモ役！イルミネーション新作の吹き替え声優に決定,https://news.yahoo.co.jp/articles/d0899c8408456b404c7b898d13d55b5b2134466a,2023/12/19(火) 7:00
flix,シネマトゥデイ,橋本環奈、昭和の万博ガール役でドラマ主演　「ドクターX」制作チーム集結「万博の太陽」来春放送,https://news.yahoo.co.jp/articles/b83e0a91981327bfe1cd4f6fba1ec33af2b2fe43,2023/12/19(火) 5:00
flix,シネマトゥデイ,佐藤健×長澤まさみ×森七菜『四月になれば彼女は』新キャスト発表　竹野内豊が原作未登場のシングルファザー役,https://news.yahoo.co.jp/articles/5b5a9d9b7ec18f7dd14505ce6c78df6a856114db,2023/12/19(火) 5:00
flix,シネマトゥデイ,市川染五郎、アリ・アスター監督に『東海道四谷怪談』をおススメ,https://news.yahoo.co.jp/articles/e901fdbef157c35b6d300e947f849cfd05b00626,2023/12/18(月) 19:50
flix,シネマトゥデイ,実写版『バジーノイズ』柳俊太郎がベーシストの陸役！,https://news.yahoo.co.jp/articles/e92502f8a2e9c525b4570600dec917c839071171,2023/12/18(月) 18:00
flix,シネマトゥデイ,ディズニー『ウィッシュ』が興収6億超えで初登場1位！福原遥＆水上恒司『あの花』が早くも10億に迫る：映画週末興行成績,https://news.yahoo.co.jp/articles/c3a9f120a76818dfa618a1824d7d1d9fc2421b09,2023/12/18(月) 17:32
flix,シネマトゥデイ,長澤まさみ主演「エルピス」年末年始に一挙再放送,https://news.yahoo.co.jp/articles/1c845bb02420444b7665654a569c9a19870917bd,2023/12/18(月) 17:00
flix,シネマトゥデイ,「下剋上球児」最終回“根室くん”は再度トレンド入り、ファンの球児愛止まらず……,https://news.yahoo.co.jp/articles/e2aad030b7da8c09151c3e5a7076d271ea1afe08,2023/12/18(月) 13:44
flix,シネマトゥデイ,まるでかぐや姫！「光る君へ」月夜の新ビジュアルに期待高まる,https://news.yahoo.co.jp/articles/e5ab62e1c6133ea9258a2dbb9c2a674396ac852d,2023/12/18(月) 13:44
flix,シネマトゥデイ,マット・リーヴス監督の「アーカム・アサイラム」ドラマはDCU作品！『ザ・バットマン』シリーズとは別,https://news.yahoo.co.jp/articles/1ac08ea34aa67fa6c9cd5d92ab022842964a2470,2023/12/18(月) 12:51
flix,シネマトゥデイ,ギレルモ・デル・トロが『ゴジラ-1.0』を大絶賛！「奇跡だ」,https://news.yahoo.co.jp/articles/21ba56154ce972c89aa79ef6c362c04f2fd85207,2023/12/18(月) 11:32
flix,シネマトゥデイ,「ブギウギ」愛助がある決心をする　第57回あらすじ,https://news.yahoo.co.jp/articles/b3d346ad50a8c3479402318bc9c814e025dfdf2c,2023/12/18(月) 8:15
flix,シネマトゥデイ,「どうする家康」最終回で描いた家康の「一番見たかった光景」　演出・村橋直樹が裏側明かす,https://news.yahoo.co.jp/articles/dbebba96c1168860e4de88c020fa162b72ec87fa,2023/12/18(月) 7:15
flix,シネマトゥデイ,『ゴジラ』実写ドラマで同じ役、最初は戸惑いも…「モナーク」カート＆ワイアット・ラッセルが親子共演を選んだ理由,https://news.yahoo.co.jp/articles/2b570850b20f47aa2305bdd3c731733da2ffb63f,2023/12/18(月) 7:02
flix,シネマトゥデイ,活動再開の沢尻エリカ、早速雑誌の表紙を飾る,https://news.yahoo.co.jp/articles/2ea57e2f4ed452626ead5258f96b38d7c61e9811,2023/12/18(月) 6:06
flix,シネマトゥデイ,「どうする家康」ラストでまさかの光景！ネットで考察広がる,https://news.yahoo.co.jp/articles/f77fb79030db423ba24f8076db1d37eda3b616a9,2023/12/18(月) 5:02
flix,シネマトゥデイ,「どうする家康」最終回で瀬名と信康巡る不思議な光景　「涙腺崩壊」「鳥肌立った」歓喜に沸く,https://news.yahoo.co.jp/articles/f0222dd283fa6e8e75e1786b9b5bfc03b7272c0e,2023/12/18(月) 0:02
flix,シネマトゥデイ,"「下剋上球児」ラストシーンは甲子園球場で5,000人を超えるエキストラと",https://news.yahoo.co.jp/articles/10d784b331451d2692dfb417ed8305e9e8b55786,2023/12/17(日) 23:00
flix,シネマトゥデイ,「どうする家康」小栗旬のビジュアルに衝撃！さりげない“予告”も話題,https://news.yahoo.co.jp/articles/d009f3519aeafaef715eaa44516e8f5a2771d03e,2023/12/17(日) 22:28
flix,シネマトゥデイ,「どうする家康」最終回に松本潤のアイデアも　演出・村橋直樹、1年半にわたる並走に思いあふれる,https://news.yahoo.co.jp/articles/4e7b3cc67233558e63bd4c6d8f37042566e31edb,2023/12/17(日) 22:02
flix,シネマトゥデイ,「どうする家康」最終回で伏線回収！作・古沢良太、オールキャスト集結の構想は「初期からあった」,https://news.yahoo.co.jp/articles/a55d96c493cbcd7091766eb7e3cc2542e104cc7e,2023/12/17(日) 21:32
flix,シネマトゥデイ,「どうする家康」小栗旬出演は「鎌倉殿へのアンサー」　作・古沢良太＆演出・村橋直樹が裏側明かす,https://news.yahoo.co.jp/articles/c614d0704b71ad90ba1bc39023651eed3f6aca0b,2023/12/17(日) 21:15
flix,シネマトゥデイ,「どうする家康」最終回でまさかのドッキリ！オールキャスト集合の大団円に号泣,https://news.yahoo.co.jp/articles/515e2f9df538a7b028927fed536a28118501a141,2023/12/17(日) 21:06
flix,シネマトゥデイ,小栗旬「どうする家康」最終回で老け役「ほぼほぼ誰だかわからない感じ」　大河の橋渡し担う,https://news.yahoo.co.jp/articles/0c4c144860f202fb78c0978301aa5d5cbfac675f,2023/12/17(日) 21:00
flix,シネマトゥデイ,今夜「どうする家康」最終回、15分拡大放送,https://news.yahoo.co.jp/articles/27187ead97324a4e4dc76ef837e90bc1d2a4f24b,2023/12/17(日) 12:02
flix,シネマトゥデイ,日曜劇場「VIVANT」世界配信決定　Netflixで190以上の国と地域へ,https://news.yahoo.co.jp/articles/5841392a1e6c8d649384a5520ed28aa35661c2ef,2023/12/17(日) 10:00
flix,シネマトゥデイ,福田沙紀・鎌苅健太「仮面ライダーガッチャード」スパナの師匠＆グリオン役で出演決定！,https://news.yahoo.co.jp/articles/5a58f0a9c7b6e217bff27542f6e5214c813ad9d5,2023/12/17(日) 9:28
flix,シネマトゥデイ,＜あすのブギウギ＞スズ子と愛助が思いを伝え合う,https://news.yahoo.co.jp/articles/d722e5470df54f05900045038c8ce7b40f045460,2023/12/17(日) 8:15
flix,シネマトゥデイ,『ガッチャード＆ギーツ』真の敵ギーツキラー出現！ファイナル予告編が公開,https://news.yahoo.co.jp/articles/76d15a3e34ae124d6512bab2b7150a37a272db5b,2023/12/17(日) 8:00
flix,シネマトゥデイ,「下剋上球児」ついに決勝！SNSでは惜しむ声とともにスピンオフ希望も,https://news.yahoo.co.jp/articles/3e76bcf86a8612ad0b9f525e68fc9ba8e627eaec,2023/12/17(日) 7:12
flix,シネマトゥデイ,ポケットビスケッツ＆ブラックビスケッツ「紅白歌合戦」25年ぶり出場決定！,https://news.yahoo.co.jp/articles/0c890c27a4084c4efc70a3f70a3752b2aafb8e4e,2023/12/16(土) 23:23
flix,シネマトゥデイ,青木柚、クリスマスシーズン撮影の主演映画公開　寒さ振り返りながら感無量,https://news.yahoo.co.jp/articles/567b564db3ed2ad484a02deaf90c83cda4ac2ac9,2023/12/16(土) 19:22
flix,シネマトゥデイ,54歳で死去「フレンズ」マシュー・ペリーさん死因が判明,https://news.yahoo.co.jp/articles/ef208920e711c1a500e665b5e7136f4257aaaa12,2023/12/16(土) 18:30
flix,シネマトゥデイ,末期がんの映画宣伝P・叶井俊太郎、冠映画祭に登場　巨匠・小松左京を巻き込んだ破天荒エピソード披露,https://news.yahoo.co.jp/articles/639e89563d84842a1f3c03d15a642950b48d26db,2023/12/16(土) 16:38
flix,シネマトゥデイ,本郷奏多、四季を通じたインドア生活に満足「好きなことできる」「友達もいます」,https://news.yahoo.co.jp/articles/52466144ee7dd2369e4715c58e893bb3f392a63c,2023/12/16(土) 14:59
flix,シネマトゥデイ,仮面ライダーギーツ・簡秀吉「学びの多い1年でした」経験いかし新ドラマにまい進,https://news.yahoo.co.jp/articles/7ec6d460d13a2bb3411267488b5056987f90495b,2023/12/16(土) 14:10
flix,シネマトゥデイ,テレビアニメ「ダンダダン」モモ＆オカルン声優は若山詩音と花江夏樹　 2024年10月放送,https://news.yahoo.co.jp/articles/83e7b488d30f37b3da51211c80f9bf3c0c8dd86e,2023/12/16(土) 13:51
flix,シネマトゥデイ,小栗旬「どうする家康」最終回に出演！南光坊天海役で昨年の恩返しか,https://news.yahoo.co.jp/articles/630d58d9f20da6dda05474dd9a70ff0d24a000c6,2023/12/16(土) 13:50
flix,シネマトゥデイ,津田健次郎、アニメ「ラーメン赤猫」店長・文蔵役に決定　2024年7月放送開始,https://news.yahoo.co.jp/articles/034c282125c75ef9e5b7755d5e18d6b1d74b6ff0,2023/12/16(土) 13:00
flix,シネマトゥデイ,【ネタバレ】ドラマ「大奥」はオリジナルの名シーンがたくさん！全19巻に及ぶ物語が完結,https://news.yahoo.co.jp/articles/f2dab9644ffb49bab663e42b8e7ac7f4ee8c5deb,2023/12/16(土) 12:02
flix,シネマトゥデイ,福山雅治×大泉洋、日曜劇場「ラストマン」一挙放送SP決定　未公開映像も放送,https://news.yahoo.co.jp/articles/a684b6dea95c040c91231f1d427816bdda1f9744,2023/12/16(土) 12:00
flix,シネマトゥデイ,「仮面ライダーガッチャード」一進一退の攻防！第15話「掴めハッピー！輝けガッチャリバー！」あらすじ,https://news.yahoo.co.jp/articles/2a25bc57d9a2fc5c14b63670c7d3366dc139c160,2023/12/16(土) 11:03
flix,シネマトゥデイ,＜来週のブギウギ＞愛助の母が反対する,https://news.yahoo.co.jp/articles/08b64bcab6d9c7a500bbc1f865aeec00c755e61e,2023/12/16(土) 8:15
flix,シネマトゥデイ,種崎敦美、アーニャ人気に泣きそうになる瞬間も　「収録では毎回バクバク」,https://news.yahoo.co.jp/articles/61128f6b0086ce341f3158a0321c9ff4f705b21b,2023/12/16(土) 7:15
flix,シネマトゥデイ,赤西仁、10年ぶりバラエティー出演で先輩・中居正広に感謝　デビュー後即解散した幻のユニット秘話も,https://news.yahoo.co.jp/articles/75eba9860bad38b1095b7732af13a8267293ff81,2023/12/16(土) 5:30
flix,シネマトゥデイ,高橋一生主演「ブラック・ジャック」実写ドラマ化決定「厳しく観ていただきたい」,https://news.yahoo.co.jp/articles/df8870d4f0975ce2dbe44170f026e2ec5221a031,2023/12/16(土) 5:00
flix,シネマトゥデイ,再びジルベールのTシャツに反響！「相変わらずのデザイン」「すごくジルベール」,https://news.yahoo.co.jp/articles/cd9289e8cca7de932690b3f44e14e53a133dec68,2023/12/16(土) 2:53
flix,シネマトゥデイ,寺田心、自分にもイマジナリがいた…『屋根裏のラジャー』公開に熱い思い「忘れないでください」,https://news.yahoo.co.jp/articles/c7cffec3a6bc74b32bfe6df701298358b241abbb,2023/12/15(金) 21:03
flix,シネマトゥデイ,実写『ゴールデンカムイ』笠原勘次郎役発表！ビジュアルも公開,https://news.yahoo.co.jp/articles/05a2437c80dc58106c634516cf037101d7e8db9d,2023/12/15(金) 19:10
flix,シネマトゥデイ,61歳で死去した「ブルックリン・ナイン-ナイン」俳優、死因が判明,https://news.yahoo.co.jp/articles/ffd324fcd1b4bacfca1ca40515627577c15cc14c,2023/12/15(金) 19:05
flix,シネマトゥデイ,「ウルトラマントリガー」寺坂頼我＆豊田ルナが恋愛ドラマで再共演　友達以上恋人未満の役柄、「Z」平野宏周も出演,https://news.yahoo.co.jp/articles/b7676670fe0bf3e2ca37cdfaf279662a17930043,2023/12/15(金) 18:39
flix,シネマトゥデイ,美しい！芦田愛菜、女性誌初表紙で新たな一面,https://news.yahoo.co.jp/articles/8afe6c92602bf3a5b946842f5151551493818f7c,2023/12/15(金) 17:50
flix,シネマトゥデイ,生田絵梨花、絶対に負けられない相手とは？,https://news.yahoo.co.jp/articles/3ff0b3051fb365922ee0345acb5873fc409d19ab,2023/12/15(金) 17:15
flix,シネマトゥデイ,マッドマックス最新作、迫力の新ビジュアル公開『怒りのデス・ロード』から15年前の物語,https://news.yahoo.co.jp/articles/08ebabfc2c7e12f8f02c27d06c66330303d3e518,2023/12/15(金) 17:00
flix,シネマトゥデイ,この少女、何かがおかしい…カルトホラー『エスター』第3弾が企画中,https://news.yahoo.co.jp/articles/035b32559036a7992f9711b4de848e2065b3ac93,2023/12/15(金) 15:03
flix,シネマトゥデイ,ライアン・レイノルズ、もふもふイマジナリーフレンドを救う冒険へ！『クワイエット・プレイス』監督最新作が公開決定,https://news.yahoo.co.jp/articles/ec439340fcd33d3159a818ba2012fca25eade700,2023/12/15(金) 13:00
flix,シネマトゥデイ,「光る君へ」本郷奏多の花山天皇！3人の天皇のビジュアル一挙公開,https://news.yahoo.co.jp/articles/8b7e51d417316c607b8979e9a791ed5689270932,2023/12/15(金) 12:17
flix,シネマトゥデイ,大河ドラマ「光る君へ」相関図・キャラビジュ版公開！一挙47名を網羅,https://news.yahoo.co.jp/articles/1a6641fad2b89214afbdfa1f2114a648b7b8bce2,2023/12/15(金) 12:16
flix,シネマトゥデイ,『紅の豚』劇場上映決定！「映画のまち調布」にまつわる企画も,https://news.yahoo.co.jp/articles/7a385ad9166d44b9ecf32e8e89d54b1851c43421,2023/12/15(金) 12:03
flix,シネマトゥデイ,尾田栄一郎による伝説の短編を初アニメ化「MONSTERS」24年1月世界同時配信！侍リューマらビジュアル公開,https://news.yahoo.co.jp/articles/ed2e3a1debed1dcbfa50d63ed1ad727ba2a3d351,2023/12/15(金) 12:00
flix,シネマトゥデイ,金ロー『ハリポタ』『ファンタビ』4週連続放送決定！地上波初も,https://news.yahoo.co.jp/articles/e060c04510e17b86a42fe80133e66c126b8b85f0,2023/12/15(金) 12:00
flix,シネマトゥデイ,これはたまらん！『ビバリーヒルズ・コップ』30年ぶり新作、予告編が公開,https://news.yahoo.co.jp/articles/3c456187bb25e037122627540b86f67b40ca0e2b,2023/12/15(金) 11:57
flix,シネマトゥデイ,『野蛮な遊戯』女優が死去　60歳,https://news.yahoo.co.jp/articles/d37f0c525f6fd42ce8471863a9d67f47d755ff33,2023/12/15(金) 11:26
flix,シネマトゥデイ,Vシネ『仮面ライダーギーツ』正式タイトル発表　来年3月8日公開決定、予告編で金ギーツとギーツIXが対立,https://news.yahoo.co.jp/articles/018f47ba234fdc6eb30b57229485e3b7c60ab8f1,2023/12/15(金) 11:00
flix,シネマトゥデイ,『翔んで埼玉』続編、若手人気俳優VS問題児!?出身地対決シーンが公開,https://news.yahoo.co.jp/articles/75594aebd5dd98c8f6e9dcbf96c67e02c49e6dd2,2023/12/15(金) 7:00
flix,シネマトゥデイ,金ロー『屋根裏のラジャー』冒頭4分9秒をノーカット放送　『メアリと魔女の花』枠内で,https://news.yahoo.co.jp/articles/c5c96dd4a70e18d8b543205bafd3e07f7b2ad2e4,2023/12/15(金) 6:00
flix,シネマトゥデイ,ゴジラ、ついに目覚める！実写ドラマ「モナーク」登場シーン公開,https://news.yahoo.co.jp/articles/1670ac0575f535afbec36dd82ab60e9b2355d2b3,2023/12/15(金) 6:00
flix,シネマトゥデイ,八木勇征、国宝級イケメン首位！新設イケボ部門は津田健次郎,https://news.yahoo.co.jp/articles/6e455988859dabdfaaf48f422d55e1b4c647df2d,2023/12/15(金) 0:00
flix,シネマトゥデイ,小島秀夫「DEATH STRANDING」実写映画版、A24＆コジプロが共同製作！,https://news.yahoo.co.jp/articles/9c733e4f17e640e748f145fed90de12876411d7d,2023/12/14(木) 23:32
flix,シネマトゥデイ,かわいすぎ！ブラッドリー・クーパー、6歳の娘とレッドカーペットに,https://news.yahoo.co.jp/articles/39445b1b3ccc197fdefa08a13b31f0ed24cf46d5,2023/12/14(木) 22:02
flix,シネマトゥデイ,『ハリポタ』で脊髄損傷＆麻痺を負ったスタントマン…ダニエル・ラドクリフ製作ドキュメンタリーが配信開始,https://news.yahoo.co.jp/articles/de150e74cb9f79fc63f196b3947b80d78adb90dc,2023/12/14(木) 20:02
flix,シネマトゥデイ,『バービー』グレタ・ガーウィグ、カンヌ審査員長に！アメリカ人女性監督初,https://news.yahoo.co.jp/articles/838eb33aa019f1f611c447a4c8d56b7ce07ff71f,2023/12/14(木) 18:52
flix,シネマトゥデイ,劇場版「ハイキュー!!」烏野＆音駒メンバー集結『ゴミ捨て場の決戦』本ビジュアル公開,https://news.yahoo.co.jp/articles/898a86d1d6400f4f212a29f4091d596fd6564c65,2023/12/14(木) 18:00
flix,シネマトゥデイ,東出昌大、獲物を前に何を思う…狩猟ドキュメンタリー『WILL』予告編公開,https://news.yahoo.co.jp/articles/ab580d9a4eb267799a91e273d12ae037ef81185d,2023/12/14(木) 18:00
flix,シネマトゥデイ,『沈黙の艦隊』完全版に反響！シリーズ化への期待も,https://news.yahoo.co.jp/articles/c457663258e9af88aa9cbdb047dc8dded5e5a369,2023/12/14(木) 16:45
flix,シネマトゥデイ,2023年ドラマのベストカップルは？ベスト10発表,https://news.yahoo.co.jp/articles/5e6ba146161d7b1df754332a0995f2ac6d310eee,2023/12/14(木) 13:03
flix,シネマトゥデイ,ボロボロ…！『ビバリーヒルズ・コップ』30年ぶり新作、ポスター公開,https://news.yahoo.co.jp/articles/bfdb5e34cbb27095326a4c38c7e3e501387bcf59,2023/12/14(木) 12:26
flix,シネマトゥデイ,「光る君へ」ユースケ・サンタマリアの安倍晴明！4名の扮装ビジュアル公開,https://news.yahoo.co.jp/articles/0b0f5776336b574ebe73f124a82c7b04add727d6,2023/12/14(木) 12:17
flix,シネマトゥデイ,今敏監督『千年女優』全国リバイバル上映決定,https://news.yahoo.co.jp/articles/1d9d6900a1a70936fd439eef2c9544fc5750e673,2023/12/14(木) 12:00
flix,シネマトゥデイ,『キャプテン・アメリカ4』再撮影へ…新たな脚本家を起用,https://news.yahoo.co.jp/articles/ad666da88f6bc2d01cbde4714809293f5a4dcf9b,2023/12/14(木) 11:09
flix,シネマトゥデイ,実写『キングダム』摎役は？「誰だろ」「気になる」早くも話題に,https://news.yahoo.co.jp/articles/c5e7edfa48045344264b819a9e492e5d7a51c275,2023/12/14(木) 11:04
flix,シネマトゥデイ,「ブギウギ」スズ子が本気になるべきじゃないと言われる　第55回あらすじ,https://news.yahoo.co.jp/articles/0a019bf917d5928ebc7c0a53263ab37845eab101,2023/12/14(木) 8:15
flix,シネマトゥデイ,「幽☆遊☆白書」戸愚呂役・綾野剛＆滝藤賢一「実写化困難」を可能にした先人たちの挑戦に敬服,https://news.yahoo.co.jp/articles/d48d63e043805bbafe6acfef1df7c3738e5895a5,2023/12/14(木) 8:02
flix,シネマトゥデイ,仲間由紀恵が悪役を演じる理由とは？,https://news.yahoo.co.jp/articles/6b5434055e47c48d386d19fe9067e4edfc17f0fa,2023/12/14(木) 7:07
flix,シネマトゥデイ,永野芽郁＆山田裕貴の制服姿　月9ドラマ「君が心をくれたから」場面写真が公開,https://news.yahoo.co.jp/articles/389bc24df8afb4c262db2fdf377d5a1d8b640881,2023/12/14(木) 6:30
flix,シネマトゥデイ,『沈黙の艦隊』完全版、世界独占配信決定！未公開シーン＆その後の物語も,https://news.yahoo.co.jp/articles/860da15395c3738094d999bc6a90f2f9b569ee23,2023/12/14(木) 5:00
flix,シネマトゥデイ,【ネタバレ】「相棒22」角田課長の妻の顔…気になる視聴者続出　右京の表情も話題,https://news.yahoo.co.jp/articles/753af045cd87e265477a8eed08aab6abd4e90c31,2023/12/14(木) 0:28
flix,シネマトゥデイ,飛影役・本郷奏多「幽☆遊☆白書」“邪王炎殺黒龍波”に一苦労　左手使いが上達,https://news.yahoo.co.jp/articles/8eb1d4945dcca26053a55de331acce668f0d8d56,2023/12/13(水) 23:18
flix,シネマトゥデイ,冨樫義博、実写「幽☆遊☆白書」撮影現場を訪問　町田啓太＆北村匠海「贅沢な時間」「一番緊張した」,https://news.yahoo.co.jp/articles/1f70f6a8c2a9fed4e850ab371737eae753686cb6,2023/12/13(水) 22:41
flix,シネマトゥデイ,北村匠海、実写「幽☆遊☆白書」100点目指し全力「とんでもないものができました」,https://news.yahoo.co.jp/articles/6b71f27c62b573ddf81bcd860c1afe96ae00c0dd,2023/12/13(水) 22:15
flix,シネマトゥデイ,竹内涼真の美声に驚き！歌番組で初歌唱,https://news.yahoo.co.jp/articles/0efb003c1523b7d5e824ad7ca437ac53452c5930,2023/12/13(水) 21:39
flix,シネマトゥデイ,亀梨和也、三池監督と再タッグ希望「契約も変わると思うので」1シーン出演にも意欲,https://news.yahoo.co.jp/articles/226f72280ee61144850e41b5aab77a96e0aac2de,2023/12/13(水) 21:39
flix,シネマトゥデイ,ブライアン・デ・パルマ『悪魔のシスター』デジタルリマスター版リバイバル上映決定,https://news.yahoo.co.jp/articles/fb467085b2e7f7d8562bb2b49a2a714a46df5e7a,2023/12/13(水) 18:00
flix,シネマトゥデイ,「ブルックリン・ナイン-ナイン」俳優、61歳で死去,https://news.yahoo.co.jp/articles/de832a92b5ffdbb4ba6da10685e3c82e87eeb58c,2023/12/13(水) 17:45
flix,シネマトゥデイ,松平健、新しいことにチャレンジし続ける理由とは,https://news.yahoo.co.jp/articles/955be41bbba7b448e5bd26dcceebc66ed6b3526b,2023/12/13(水) 17:20
flix,シネマトゥデイ,ディズニー米国本社、生田絵梨花の歌声に「世界が驚く」！『ウィッシュ』劇中歌・世界29言語版の制作秘話,https://news.yahoo.co.jp/articles/cc53be84d2f48d21af29387cbb9f713566b077aa,2023/12/13(水) 17:00
flix,シネマトゥデイ,桜田ひより「JR SKISKI」ヒロインに決定　キャッチコピーは「雪よ、推してくれ。」,https://news.yahoo.co.jp/articles/9fb3388e3a4a06ece71d5a77baadde8364ac54cf,2023/12/13(水) 14:00
flix,シネマトゥデイ,三谷幸喜、5年ぶり新作は長澤まさみ主演『スオミの話をしよう』　大富豪の妻が失踪するサスペンスコメディー,https://news.yahoo.co.jp/articles/6927d0b02a6b736e8223a817a374e8f9e1d1ae8f,2023/12/13(水) 12:59
flix,シネマトゥデイ,岡田准一＆綾野剛『最後まで行く』Netflix日本1位！,https://news.yahoo.co.jp/articles/d0d91bdbbf651faba7adb969bc8f98124d580db9,2023/12/13(水) 12:32
flix,シネマトゥデイ,「光る君へ」初大河・瀧内公美ら3名の扮装ビジュアル公開,https://news.yahoo.co.jp/articles/d9f29983692c885d5908c36e01df92aff7888686,2023/12/13(水) 12:12
flix,シネマトゥデイ,「六人の嘘つきな大学生」実写映画化！2024年秋公開,https://news.yahoo.co.jp/articles/7a29b6a408748de8c5f64d24b9e5a94337f3dae0,2023/12/13(水) 12:02
flix,シネマトゥデイ,『デューン　砂の惑星PART2』最新予告編＆キャラポスター公開　最強の刺客出現、ついに最終対決へ,https://news.yahoo.co.jp/articles/867131d8f0b1bba2452c91f8b2cf1a4fc1dcb6a7,2023/12/13(水) 12:01
flix,シネマトゥデイ,「ふしぎ駄菓子屋 銭天堂」実写映画化！2024年公開,https://news.yahoo.co.jp/articles/138b4e03a9e32074ada0bfc4803520faf0010b2f,2023/12/13(水) 12:00
flix,シネマトゥデイ,『ゴジラxコング　新たなる帝国』2024年4月26日に日本公開決定！,https://news.yahoo.co.jp/articles/1611f8db685a15a6b605868ac0295c00169d36fe,2023/12/13(水) 12:00
flix,シネマトゥデイ,インド人監督が挑んだ全編日本語の長編デビュー作『復讐のワサビ』劇場公開決定,https://news.yahoo.co.jp/articles/9178367240707fcd43bf7074198c2f9368711e35,2023/12/13(水) 10:00
flix,シネマトゥデイ,「大奥」最終回に歴代将軍登場！家光＆有功は新撮だった,https://news.yahoo.co.jp/articles/849aa989e24472e6eaf38b85b7575a93be4733ca,2023/12/13(水) 9:45
flix,シネマトゥデイ,劇場版『ガンダムSEED』物語の核心に迫る本予告編公開　キラを襲う不穏な影、ラクスが涙,https://news.yahoo.co.jp/articles/18e02c57d213cf9addb58fa3396a5dde7c295eb8,2023/12/13(水) 8:41
flix,シネマトゥデイ,「ブギウギ」愛助がまた会いたいと言う　第54回あらすじ,https://news.yahoo.co.jp/articles/14b19c122f6acc3680eeb60364554aaebc295a9b,2023/12/13(水) 8:15
flix,シネマトゥデイ,今夜「相棒22」第8話　杉下右京、謎の老婦人と北へ逃避行,https://news.yahoo.co.jp/articles/a9826784c815979994e8bc201ca5f07e29ebc835,2023/12/13(水) 7:32
flix,シネマトゥデイ,CG、手描き、続編、オリジナル…ウォルト・ディズニー・アニメーション・スタジオはどこへ向かう？CCOインタビュー,https://news.yahoo.co.jp/articles/3e4b81676134135e84d4162d8802a71643ad9e0b,2023/12/13(水) 7:02
flix,シネマトゥデイ,「相棒」赤ペン瀧川がゲスト出演　特命係が警護する青年実業家役,https://news.yahoo.co.jp/articles/013619e11b66e26e719a516806de90293c13b2d6,2023/12/13(水) 6:30
flix,シネマトゥデイ,映画『キングダム』4弾、7月12日公開！タイトル決定＆ビジュアル・映像公開,https://news.yahoo.co.jp/articles/31846be7f4f2cd401b374cf13c741c7d162de50a,2023/12/13(水) 5:00
flix,シネマトゥデイ,「大奥」最終回、津田梅子がトレンド入り！サプライズの連続に歓喜の涙,https://news.yahoo.co.jp/articles/08068b4a68fa0c1fb7d76e86c9e637a56a8ce75c,2023/12/13(水) 1:40
flix,シネマトゥデイ,『マダム・ウェブ』2024.2.23公開決定『スパイダーマン』ソニー製作のマーベル映画最新作,https://news.yahoo.co.jp/articles/1d6c4a99ed20d679d235931ad763ac166c6a742b,2023/12/13(水) 0:08
flix,シネマトゥデイ,宮野真守「大奥」最終回にサプライズ出演！福士蒼汰とW有功に沸く,https://news.yahoo.co.jp/articles/e9d6744d6b6030ec556816eab7109e1c790e30c0,2023/12/13(水) 0:04
flix,シネマトゥデイ,古川雄大「大奥」の終焉を見届けた瀧山の思い振り返る,https://news.yahoo.co.jp/articles/d06d673b7cdcaca72fe36d34f394e708239fc90b,2023/12/12(火) 23:01
flix,シネマトゥデイ,今夜【大奥2】最終回！ついに大奥の終焉へ,https://news.yahoo.co.jp/articles/e50d55284b0d15fdc5445503a8ccb44be8130e19,2023/12/12(火) 17:41
flix,シネマトゥデイ,全米1位は『君たちはどう生きるか』！3位『ゴジラ-1.0』と日本映画が快挙：全米ボックスオフィス考,https://news.yahoo.co.jp/articles/f3c2f16d18adeb55e3fa42b21385cdd2fb3d8033,2023/12/12(火) 17:25
flix,シネマトゥデイ,「光る君へ」町田啓太ら4名の扮装ビジュアル公開,https://news.yahoo.co.jp/articles/9f30e76b5d08619b754bd1c77a8e0223316df2b3,2023/12/12(火) 12:18
flix,シネマトゥデイ,『タイタニック』エキストラは低身長の人のみ起用！船を巨大に見せるため,https://news.yahoo.co.jp/articles/ac9da90317f4437493764c2639e9294bd6cdf872,2023/12/12(火) 12:02
flix,シネマトゥデイ,「僕のヒーローアカデミア」ハリウッド実写化、今も進行中！「本当に楽しい」,https://news.yahoo.co.jp/articles/e88827bceb9008590a4826be8be440e76ac8a829,2023/12/12(火) 11:21
flix,シネマトゥデイ,水上恒司、朝ドラ「ブギウギ」は大河ドラマ「青天を衝け」からの縁,https://news.yahoo.co.jp/articles/1661bcacf18ff93c910999b636370bb6100fa6d5,2023/12/12(火) 11:10
flix,シネマトゥデイ,「ブギウギ」スズ子が再会を果たす　第53回あらすじ,https://news.yahoo.co.jp/articles/3d4830e99b77877432ff3f2cc7eb5c6e7bb2f73b,2023/12/12(火) 8:15
flix,シネマトゥデイ,圧巻！福山雅治がディズニーミュージカルで熱唱『ウィッシュ』本編映像が公開,https://news.yahoo.co.jp/articles/1d9feb65bd7fcb8f876f2cd7db53056958135c47,2023/12/12(火) 6:00
flix,シネマトゥデイ,青森に新シネコン！「イオンシネマ新青森」来年3月開業,https://news.yahoo.co.jp/articles/a195606f3b00f24ab9219f13228c366b71cf34a3,2023/12/12(火) 5:35
flix,シネマトゥデイ,志田彩良、連ドラ初主演　勧善懲悪リベンジエンターテインメントで本郷奏多と共演！,https://news.yahoo.co.jp/articles/5cce6fc7eab7fcb7ef79eb2f2d23a71eaa28d82b,2023/12/12(火) 4:00
flix,シネマトゥデイ,元乃木坂46・高山一実の小説デビュー作アニメ映画化決定　制作は「ぼっち・ざ・ろっく！」CloverWorks,https://news.yahoo.co.jp/articles/36bec7af92827e7af9eb5b37ae7672b9bfef227c,2023/12/12(火) 4:00
flix,シネマトゥデイ,『SPY×FAMILY』江口拓也、中村倫也から直球告白　劇場版ファンミでアフレコ秘話,https://news.yahoo.co.jp/articles/ab0740cc049927a5e1b736594a8176bd02e0d86d,2023/12/11(月) 23:51
flix,シネマトゥデイ,実写版「THE LAST OF US」作品賞＆演技部門ノミネート！ゴールデン・グローブ賞テレビ部門ノミネーション発表,https://news.yahoo.co.jp/articles/a83de9fbe24442d7dd0e3577bdc13999ce2738cd,2023/12/11(月) 23:49
flix,シネマトゥデイ,ゴールデン・グローブ賞『バービー』が最多9ノミネート！『オッペンハイマー』8部門で続く,https://news.yahoo.co.jp/articles/7d5d486a89366f1e2adb539e5ab0aedc6444eb76,2023/12/11(月) 23:25
flix,シネマトゥデイ,ゴールデン・グローブ賞アニメーション作品賞に日本映画が2作！『君たちはどう生きるか』と『すずめの戸締まり』,https://news.yahoo.co.jp/articles/941931816ba27de3e5a69b9c4bd1e54c2a568c39,2023/12/11(月) 22:40
flix,シネマトゥデイ,『君たちはどう生きるか』ゴールデン・グローブ賞2部門ノミネート！,https://news.yahoo.co.jp/articles/f6f127f951f72e39c083b2195dabf3e895c0c0ec,2023/12/11(月) 22:38
flix,シネマトゥデイ,『キングスマン』美女、沢城みゆきとの対面に感激！,https://news.yahoo.co.jp/articles/e24c07bd63611b14ba361491d42ce2df37d8c26e,2023/12/11(月) 22:10
flix,シネマトゥデイ,稲垣吾郎『正欲』で「見たことのない自分」発見　引き出してくれた監督に感謝,https://news.yahoo.co.jp/articles/79076c3481e66ab43d3a0a34cc474eced135a274,2023/12/11(月) 20:24
flix,シネマトゥデイ,ジブリ『君たちはどう生きるか』全米週末興収ランキング1位『ポケモン』『ドラゴンボール』に続く快挙,https://news.yahoo.co.jp/articles/ccdbabb66eb1c514b26d66d18a5252c7b7bc3d65,2023/12/11(月) 19:49
flix,シネマトゥデイ,「光る君へ」初回あらすじ・場面写真公開,https://news.yahoo.co.jp/articles/5021f06b97d8e1e65aaf5e36cbc28458d17fa8a5,2023/12/11(月) 18:32
flix,シネマトゥデイ,俳優の村杉蝉之介が麻薬特例法違反の疑いで逮捕「深くお詫び」大人計画が謝罪,https://news.yahoo.co.jp/articles/b82d3e2c20aa9d1beb3c36cdf3f13b3db76163b9,2023/12/11(月) 17:51
flix,シネマトゥデイ,『ウォンカとチョコレート工場のはじまり』興収4億超えで初登場1位：映画週末興行成績,https://news.yahoo.co.jp/articles/5ca70bf1316217a426bb1bcb231cefdb82ed973d,2023/12/11(月) 17:10
flix,シネマトゥデイ,ザック・スナイダー監督が来日！黒澤明からアニメまで、日本からの影響語る,https://news.yahoo.co.jp/articles/8e01e08356d5cadbecfebbd8f5b7dafae207f04f,2023/12/11(月) 16:21
flix,シネマトゥデイ,関口メンディー、「日本で一番アクアマンに近い男」とアピール！,https://news.yahoo.co.jp/articles/93ca308bb2381973a73db74f10b4f2f84099e4f1,2023/12/11(月) 15:03
flix,シネマトゥデイ,柄本佑、大河の子役が「僕と似ている」　吉高由里子＆脚本・大石静も絶賛,https://news.yahoo.co.jp/articles/ecf7ee92349bc7a3772e7b6126a01d34fd3d983f,2023/12/11(月) 15:00
flix,シネマトゥデイ,吉高由里子、大河役づくりに「人生で一番習い事」妖艶タイトルバックは「恥ずかしい」,https://news.yahoo.co.jp/articles/5c82b013c41318017bc7200f07f480f70e8f250e,2023/12/11(月) 13:45
flix,シネマトゥデイ,「どうする家康」最終回のサプライズ出演ある？予想が大盛り上がり,https://news.yahoo.co.jp/articles/9d5f61e84094ce1fed2fbd227250149b837d09e4,2023/12/11(月) 12:40
flix,シネマトゥデイ,「どうする家康」秀頼が覚醒！最後の化け物“爆誕”にネット鳥肌,https://news.yahoo.co.jp/articles/7a6ad1952b44c6357d62970902c55cba8e1f8aa2,2023/12/11(月) 12:24
flix,シネマトゥデイ,「光る君へ」清少納言ら4名の扮装ビジュアル公開,https://news.yahoo.co.jp/articles/cffaf61b5f4f7bf4d0493d809488300ebae918b2,2023/12/11(月) 12:17
flix,シネマトゥデイ,わかっていても号泣！「下剋上球児」第9話アツすぎる展開にSNS沸く,https://news.yahoo.co.jp/articles/e943d9baee6cc8c3110f77a17b3b1599e6e7c2ea,2023/12/11(月) 12:10
flix,シネマトゥデイ,エルヴィス・プレスリー元妻の半生を描いたソフィア・コッポラ監督最新作、4月公開！,https://news.yahoo.co.jp/articles/a8a3892fb6ac6079274f5c3bfd1028d727e3979d,2023/12/11(月) 12:00
flix,シネマトゥデイ,「ブギウギ」愛助がすでに支払っていた　第52回あらすじ,https://news.yahoo.co.jp/articles/cd4f49defdd24157064923c7915d64331eff06e2,2023/12/11(月) 8:15
flix,シネマトゥデイ,『ウォンカとチョコレート工場のはじまり』主題歌「ピュア・イマジネーション」が劇中で果たす重要な役割,https://news.yahoo.co.jp/articles/df1a6e4764506979eef9318ec5ab8da12f9ed7c3,2023/12/11(月) 7:08
flix,シネマトゥデイ,武井咲、本格歌唱シーン披露「ミュージックステーション」チームがドラマ「顔」に全面協力,https://news.yahoo.co.jp/articles/2d44318fb98706dd0dc0659e9feacaefff887184,2023/12/11(月) 6:00
flix,シネマトゥデイ,『グレムリン』午後ローで今日放送！スピルバーグ製作総指揮の名作パニックコメディー,https://news.yahoo.co.jp/articles/173ea6ff91919a7a2c36f82a7e4c9a553f77ca0e,2023/12/11(月) 5:11
flix,シネマトゥデイ,満島ひかり＆岡田将生「アンナチュラル」「MIU404」の世界線と交差する新作映画で共演！『ラストマイル』来夏公開,https://news.yahoo.co.jp/articles/c936ca035a327bc1a267564354bfe89e18ae2f2a,2023/12/11(月) 5:00
flix,シネマトゥデイ,「どうする家康」浅井三姉妹集合に歓喜から悲しみへ,https://news.yahoo.co.jp/articles/8333d8081df4591ac19fe8cc667b57c37e50505f,2023/12/10(日) 23:00
flix,シネマトゥデイ,どうする家康、最終回「予告だけでボロ泣き」　早くもロスの声,https://news.yahoo.co.jp/articles/a7ee79975ac93dfced549d8245080f8fd2db13ec,2023/12/10(日) 21:29
flix,シネマトゥデイ,「どうする家康」最終回で“本当の家康”が明らかに　演出・村橋直樹「難しかった」,https://news.yahoo.co.jp/articles/1f1a84a464be25fdde9ae4f3b097b76044f4fc7f,2023/12/10(日) 20:46
flix,シネマトゥデイ,「どうする家康」大竹しのぶサプライズ出演！「鎌倉殿の13人」から2年連続,https://news.yahoo.co.jp/articles/1e710e4650317bec6bcbd712037bad9ed0de41bb,2023/12/10(日) 20:45
flix,シネマトゥデイ,【どうする家康・最終回】15分拡大版！非情な決断を下す,https://news.yahoo.co.jp/articles/49b2f5201a7ef94138011067660c6cc50aaa8501,2023/12/10(日) 20:45
flix,シネマトゥデイ,「東京コミコン2024」開催決定！マッツ・ミケルセンが約束「戻ってきます」,https://news.yahoo.co.jp/articles/acb5ddda23b97795bfad6be2afe200f349c0d1cb,2023/12/10(日) 19:42
flix,シネマトゥデイ,「どうする家康」総集編、12月29日放送,https://news.yahoo.co.jp/articles/60e118227ee0a44b48aed34e6884bf8816641034,2023/12/10(日) 19:23
flix,シネマトゥデイ,「ちびまる子ちゃん」山田役の声優交代　山本圭子「サザエさん」花沢さんに続き,https://news.yahoo.co.jp/articles/38f99e929f49300b78434fb90fe7c5201bea1cd5,2023/12/10(日) 18:30
flix,シネマトゥデイ,『スター・ウォーズ』オビ＝ワン＆ジャンゴ＆ボバが日本で再会！ユアン・マクレガー、誕生日サプライズで美声披露,https://news.yahoo.co.jp/articles/1acd8f0f43d3da6e6c2ffbb08bf240bff9369084,2023/12/10(日) 15:35
flix,シネマトゥデイ,クリストファー・ロイド『BTTF3』ドクの名セリフ披露　相棒マイケル・J・フォックスは「宝」,https://news.yahoo.co.jp/articles/3ef300099b53af89f4ddcf8af47467bcabc5d3b8,2023/12/10(日) 11:58
flix,シネマトゥデイ,仲間由紀恵、母になり変わったことは？,https://news.yahoo.co.jp/articles/2cf4b1c98ed05f87487928805b622bed0e5b4763,2023/12/10(日) 10:05
flix,シネマトゥデイ,＜あすのブギウギ＞スズ子が大ファンだという学生と出会う,https://news.yahoo.co.jp/articles/9a31d80787415a9456500f6e1ca205c96fedbdc3,2023/12/10(日) 8:15
flix,シネマトゥデイ,「下剋上球児」第9話、運命の準決勝！SNSでは早くもロス心配の声,https://news.yahoo.co.jp/articles/00a47330ef44784f4485e0ae12b765f4295df524,2023/12/10(日) 7:11
flix,シネマトゥデイ,櫻井翔「大病院占拠」続編に白石聖、ジェシー参戦！新キャスト発表,https://news.yahoo.co.jp/articles/b509c0d0988e325246494f56289a1c5ed651ac0e,2023/12/10(日) 6:00
flix,シネマトゥデイ,『ガンダムSEED』See-Sawが19年ぶり新曲発表　劇場版エンディングテーマに決定,https://news.yahoo.co.jp/articles/d7ae2e9b80ca878cdc8c9102a7c047978355e69b,2023/12/9(土) 22:00
flix,シネマトゥデイ,『PERFECT DAYS』出演のアオイヤマダ、子供たちとトイレを学ぶ　特注ドレスでダンス,https://news.yahoo.co.jp/articles/d58ca6079945e71c51cb70d105a12d7839a29e42,2023/12/9(土) 20:47
flix,シネマトゥデイ,武内駿輔、新田真剣佑の声優ぶり絶賛「すばらしい熱演」,https://news.yahoo.co.jp/articles/ec156e5bbfd2f51ecf88868e5cc3d42a4c1c7a2d,2023/12/9(土) 19:09
flix,シネマトゥデイ,トム・ヒドルストン、ロキと歩んだ14年　シーズン2最終話は「関わった全ての人を思い浮かべた」,https://news.yahoo.co.jp/articles/e515f78020360063cef7a36d700a3bf31d1b1228,2023/12/9(土) 19:03
flix,シネマトゥデイ,ウルヴァリン役に大塚明夫、キティ・プライド役に平野綾が決定「Marvel’s・ウェイストランダーズ」声優が集合,https://news.yahoo.co.jp/articles/9fbf6729a05f0eb7091c829d33b69850a00ea2ed,2023/12/9(土) 17:42
flix,シネマトゥデイ,「映画クレヨンしんちゃん」31作目はシリーズ初となる恐竜超大作！,https://news.yahoo.co.jp/articles/c2ec79ec71723a2b46c53226fd5ca7df6e6a387f,2023/12/9(土) 17:00
flix,シネマトゥデイ,『アントマン』エヴァンジェリン・リリー、神サービス！杉山すぴ豊の頬にキス＆日本語メッセージ披露,https://news.yahoo.co.jp/articles/45a0c4565b1e83730b23bc3604bcc2371b6f4f9c,2023/12/9(土) 16:08
flix,シネマトゥデイ,キアヌ・リーヴスの自宅に強盗が侵入と現地報道　本人は不在,https://news.yahoo.co.jp/articles/b959ccc14ec87a16e846e175b57cfd08c99370ed,2023/12/9(土) 16:07
flix,シネマトゥデイ,杉咲花「ハンカチくださーい！」単独初主演『市子』監督のサプライズレターに感涙,https://news.yahoo.co.jp/articles/4f4adaea8a3315e7047e9d0904e2710b2f25c068,2023/12/9(土) 14:58
flix,シネマトゥデイ,『ある愛の詩』『ペーパー・ムーン』ライアン・オニールさん死去　82歳,https://news.yahoo.co.jp/articles/65250cbcc02d6434c24e5a0c7d8a95e3c6a09e10,2023/12/9(土) 14:10
flix,シネマトゥデイ,“北欧の至宝”マッツ・ミケルセン、女子ハンドボール日本代表を賞賛　兄ラースとの会話内容明かす,https://news.yahoo.co.jp/articles/b1936a54194ab525333ac79daa2cdb36917e9e6d,2023/12/9(土) 12:04
flix,シネマトゥデイ,「仮面ライダーガッチャード」レベル10の恐竜ケミー出現！第14話「パクっとレックス！キケンなエックス」あらすじ,https://news.yahoo.co.jp/articles/46e4c2ea757bfa13116ae16fca69e543d45b6a46,2023/12/9(土) 11:03
flix,シネマトゥデイ,『ミッドサマー』アリ・アスター監督、3年ぶり来日決定！ホアキン主演の新作スリラー引っ提げ,https://news.yahoo.co.jp/articles/72d54dad9f3161772493561d711a4c3b33badd56,2023/12/9(土) 9:00
flix,シネマトゥデイ,「キングオージャー」プロデューサー、さらなるサプライズを予告　クライマックスに向けて怒涛の伏線回収へ,https://news.yahoo.co.jp/articles/f0176a361051a600c52c267b7688bc3fe8f538c4,2023/12/9(土) 9:00
flix,シネマトゥデイ,＜来週のブギウギ＞スズ子が愛助と出会う,https://news.yahoo.co.jp/articles/0bf26c2945d90610472d267e163807b876727ba9,2023/12/9(土) 8:15
flix,シネマトゥデイ,『ウォンカとチョコレート工場のはじまり』はこうして作られた！『パディントン』ポール・キング監督の映画術,https://news.yahoo.co.jp/articles/8385edcf23fe4ca3c8959eef7f15e2927f2d21a3,2023/12/9(土) 7:08
flix,シネマトゥデイ,フジ連ドラ「大奥」小芝風花＆亀梨和也らビジュアル7名一挙初公開,https://news.yahoo.co.jp/articles/ec743d1649521a5051d69e9c5f300801a101a5b6,2023/12/9(土) 6:00
flix,シネマトゥデイ,スピルバーグ×トム・ハンクス製作総指揮　ドラマ「マスターズ・オブ・ザ・エアー」予告編公開,https://news.yahoo.co.jp/articles/f2c1caa905d1cb86d0f28e33cbfb163bf82492f6,2023/12/9(土) 5:30
flix,シネマトゥデイ,『大怪獣ガメラ』YouTube期間限定プレミア公開決定,https://news.yahoo.co.jp/articles/d98bc628b1244240048fb173e9fa7ba6a74b4c09,2023/12/8(金) 21:30
flix,シネマトゥデイ,今夜放送！『ズートピア』日本版だけのオリジナルキャラがいた,https://news.yahoo.co.jp/articles/bbbde7c98072f087745f4887adb7af2f5c47494c,2023/12/8(金) 20:56
flix,シネマトゥデイ,『GotG』ポム・クレメンティエフ、昔は日本語ペラペラだった！京都で過ごした幼少期を回顧,https://news.yahoo.co.jp/articles/9f15523a6a7cfe0d93e384a991ffc86e2c8349ee,2023/12/8(金) 20:07
flix,シネマトゥデイ,小栗旬、黒柳徹子の一言が自信に　アニメ『窓ぎわのトットちゃん』でパパ役,https://news.yahoo.co.jp/articles/86f73d896ca25f5c33c78ea0248d2c856e576d0a,2023/12/8(金) 19:37
flix,シネマトゥデイ,ベネディクト・カンバーバッチ、役者を目指す人へ金言「失敗は学び、自分であれ」,https://news.yahoo.co.jp/articles/5e14c8515a7e67b5587abb23d5bc5e4ce65f0ebf,2023/12/8(金) 19:21
flix,シネマトゥデイ,劇場版『ソードアート・オンライン』3作品テレビ放送決定『プログレッシブ』は地上波初,https://news.yahoo.co.jp/articles/013b28488fc220fb8156fe16ea8f2e93b6c39049,2023/12/8(金) 18:12
flix,シネマトゥデイ,フォレスト・ウィテカーの女優の元妻、51歳で死去,https://news.yahoo.co.jp/articles/c20844b67be956a28809289f9c61dcb85dbeaa6c,2023/12/8(金) 17:43
flix,シネマトゥデイ,「DEATH STRANDING」小島秀夫の創造過程に迫るドキュメンタリー、ディズニープラス配信決定,https://news.yahoo.co.jp/articles/3747a55a6aae75956fa9ace5a9f1bde48ed46634,2023/12/8(金) 16:03
flix,シネマトゥデイ,小島秀夫監督の新作「OD」発表『NOPE／ノープ』ジョーダン・ピール監督とコラボ,https://news.yahoo.co.jp/articles/b2cade0d7dadbbacac87cf1284145828a4c159f0,2023/12/8(金) 15:17
flix,シネマトゥデイ,新田真剣佑、実写版「ONE PIECE」シーズン2へ意気込み「シーズン1を超える作品に」,https://news.yahoo.co.jp/articles/77309ab6b70839e252fca3c92385ea757ed869df,2023/12/8(金) 15:14
flix,シネマトゥデイ,カンバーバッチ＆マッツ＆トムヒ＆ユアン来日！「東京コミコン2023」開幕で鏡割りに挑戦,https://news.yahoo.co.jp/articles/1951128c86c972b12fbaa64199a41201c096fd94,2023/12/8(金) 14:43
flix,シネマトゥデイ,かっこいい！ドラマ版「Mr.&Mrs.スミス」予告編が公開,https://news.yahoo.co.jp/articles/d48cdeae9019a0ee865669a792c3c327ec8daf45,2023/12/8(金) 12:39
flix,シネマトゥデイ,似合ってる！黒木華ら大河ドラマ「光る君へ」4名のビジュアル一挙初公開,https://news.yahoo.co.jp/articles/719baadcd61bb44cfd33d6e4063c4b865bae882b,2023/12/8(金) 12:16
flix,シネマトゥデイ,海外旅行のバイブルがドラマ化「地球の歩き方」2024年1月スタート,https://news.yahoo.co.jp/articles/f5fc89acf8f0704a7c6eaab86636f9269a7fbad1,2023/12/8(金) 12:00
flix,シネマトゥデイ,『ホーム・アローン』サンタ俳優、ガンであごの骨の大部分を切除,https://news.yahoo.co.jp/articles/6aa4109db997bf7aa1e754ddac985c661f7c18cc,2023/12/8(金) 11:49
flix,シネマトゥデイ,『DUNE／デューン』続編、日本公開前倒し！24年3月15日に変更,https://news.yahoo.co.jp/articles/06f2ee21a2bd62823d4436876d4390e70cf40841,2023/12/8(金) 9:00
flix,シネマトゥデイ,ウンパルンパ役ヒュー・グラント、自分は落ち目　自虐たっぷりインタビュー,https://news.yahoo.co.jp/articles/64fd468c8028c3de1c8476e5df360f5e39461a3a,2023/12/8(金) 8:02
flix,シネマトゥデイ,『ガッチャード＆ギーツ』入場者プレゼント第1弾はライドケミートレカパック！前売り特典とガッチャンコできる絵柄,https://news.yahoo.co.jp/articles/23425f23483cacedb329c9b492c610b42991319a,2023/12/8(金) 7:00
flix,シネマトゥデイ,『翔んで埼玉』続編、GACKTが危惧したパクリネタの一部公開,https://news.yahoo.co.jp/articles/3632e1d1651b6502107a56eeab30c8637fa0854e,2023/12/8(金) 6:00
flix,シネマトゥデイ,『千と千尋の神隠し』2024年最初の金ローで放送,https://news.yahoo.co.jp/articles/acfe14c9c427cd121a4e8eb77917929db9001fb0,2023/12/8(金) 6:00
flix,シネマトゥデイ,「どうする家康」最終回まで残り2話！ついに最終決戦へ,https://news.yahoo.co.jp/articles/dc7f3e62f0a1879991194ce89966a5c975722a2a,2023/12/8(金) 5:35
flix,シネマトゥデイ,『スマホを落としただけなのに』最終章公開決定　連続殺人鬼・浦野が主人公　ヒロインはIZ*ONE出身クォン・ウンビ,https://news.yahoo.co.jp/articles/5f1fb7c74782c1c21b4276570cb31fddd75af1b4,2023/12/8(金) 5:00
flix,シネマトゥデイ,吉沢亮主演「PICU」新作SPドラマ来春放送　レギュラーキャストが再集結,https://news.yahoo.co.jp/articles/c64573f00e60a99b583c99f66a6998697d795ba0,2023/12/8(金) 5:00
flix,シネマトゥデイ,萩原利久、漫画「めぐる未来」実写化で早見あかりと夫婦役　1月18日放送スタート,https://news.yahoo.co.jp/articles/020ca7348b52dfb8273c0b935b99439f17dee994,2023/12/8(金) 5:00
flix,シネマトゥデイ,庵野秀明「ウルトラマンタロウ」の面白さ力説　特撮のセンスも「シリーズでピカイチ」,https://news.yahoo.co.jp/articles/2bdb1fb574d73eeb751f4f2b209a3f4e96ea7f49,2023/12/7(木) 22:35
flix,シネマトゥデイ,松本幸四郎、叔父・中村吉右衛門さん思い涙「鬼平犯科帳」引き継ぐ,https://news.yahoo.co.jp/articles/fa5617a2debfbfb61d957c3b3f292661d6abf33d,2023/12/7(木) 19:52
flix,シネマトゥデイ,帝国と戦う銀河のアウトローたち！ザック・スナイダー新作SF『REBEL MOON』キャラクターポスター公開,https://news.yahoo.co.jp/articles/afc55d1e741e915117eeea181c8af05beccff81e,2023/12/7(木) 16:00
flix,シネマトゥデイ,『ゴジラ-1.0』34年ぶり新記録『子猫物語』抜き全米歴代邦画実写で興収1位,https://news.yahoo.co.jp/articles/6a34769e6ca45fe614ffeda20c5a373e9c2b2ac5,2023/12/7(木) 14:37
flix,シネマトゥデイ,矢部太郎、本多力ら大河ドラマ「光る君へ」6名のビジュアル一挙初公開,https://news.yahoo.co.jp/articles/937eaa86105fd8047c67949ee44bf2832bb0a14f,2023/12/7(木) 12:26
flix,シネマトゥデイ,『スター・ウォーズ』壮大なサーガが丸わかり！ビジュアル年表図鑑発売決定,https://news.yahoo.co.jp/articles/79b6c318695d8ec62e761ffbe2ddd39f19de3231,2023/12/7(木) 12:10
flix,シネマトゥデイ,新消耗品軍団が大暴れ『エクスペンダブルズ　ニューブラッド』本編アクション映像が公開,https://news.yahoo.co.jp/articles/073e67730632d49bb0764dda87ae30994ce9c017,2023/12/7(木) 12:00
flix,シネマトゥデイ,『デッドプール3』撮影風景のリークは止めて…ライアン・レイノルズが声明発表,https://news.yahoo.co.jp/articles/a8ed00da7c7c365e6ade105a4f283557a340c4f2,2023/12/7(木) 11:56
flix,シネマトゥデイ,規格外！リュック・ベッソン最新作『DOGMAN ドッグマン』公開決定,https://news.yahoo.co.jp/articles/1ab7b1eb5435fdd1f71cbd0c864cf08065d1c580,2023/12/7(木) 11:00
flix,シネマトゥデイ,JO1木全翔也、しまじろう映画ゲスト声優に決定　生配信コラボがきっかけ！,https://news.yahoo.co.jp/articles/460c55b685c76129d6c57453d6aa0a745240f1a4,2023/12/7(木) 10:00
flix,シネマトゥデイ,「ブギウギ」スズ子と梅吉が親子水入らずで…第50回あらすじ,https://news.yahoo.co.jp/articles/dec90728a378fc8943e07278dc43336e87a9191a,2023/12/7(木) 8:15
flix,シネマトゥデイ,『ミッドサマー』監督が描く狂気の帰省…ホアキン・フェニックス主演『ボーはおそれている』本予告編公開,https://news.yahoo.co.jp/articles/9bd9f699d39eae69355b66e60512966df64ea24f,2023/12/7(木) 8:00
flix,シネマトゥデイ,ノーラン新作『オッペンハイマー』2024年日本公開決定　議論＆検討を重ね決断、ビターズ・エンドが配給,https://news.yahoo.co.jp/articles/b3d2192591004b384895578b1cdc08c526b82be6,2023/12/7(木) 8:00
flix,シネマトゥデイ,駒木根葵汰＆前田拳太郎、二大ヒーロー俳優がゲス男役に挑戦　ドラマSP「顔」出演,https://news.yahoo.co.jp/articles/5482fcc7939312f32967657f3bfa59bc92d82251,2023/12/7(木) 7:00
flix,シネマトゥデイ,『陰陽師0』若き安倍晴明役は山崎賢人！染谷将太、奈緒らキャスト一挙発表、ビジュアルも公開,https://news.yahoo.co.jp/articles/70c2c25e7342db25856ca96ffb3d2eb33d9de833,2023/12/7(木) 7:00
flix,シネマトゥデイ,YOSHIKIにSNSで殺害予告を繰り返した人物、逮捕,https://news.yahoo.co.jp/articles/18b028e65805d7425aea9b46f8563d7b301fc98e,2023/12/6(水) 20:00
flix,シネマトゥデイ,生田絵梨花の歌声『アナ雪』監督も絶賛　ディズニー新作『ウィッシュ』劇中歌を生披露,https://news.yahoo.co.jp/articles/d23fcbb99658ae071b5b9947679a656fe311c734,2023/12/6(水) 19:30
flix,シネマトゥデイ,『ゼルダの伝説』ハリウッド版、目指すは実写版“宮崎駿映画”「最高なものになる」と監督が約束,https://news.yahoo.co.jp/articles/63c5d2a9dc03a367b6ece46a3ae92d38221516cf,2023/12/6(水) 16:02
flix,シネマトゥデイ,エルサの氷の宮殿設置！東京ディズニーシー新エリアのチラ見せ動画公開,https://news.yahoo.co.jp/articles/641f190212cbf63bb5cd6a4486f7538935805ddf,2023/12/6(水) 12:26
flix,シネマトゥデイ,段田安則、三石琴乃ら大河ドラマ「光る君へ」4名のビジュアル一挙初公開,https://news.yahoo.co.jp/articles/bc9e1b951c14f1bc45500dbee5206270c416a06b,2023/12/6(水) 12:16
flix,シネマトゥデイ,志尊淳、トランスジェンダー男性に　杉咲花主演『52ヘルツのクジラたち』に出演決定！,https://news.yahoo.co.jp/articles/28a0e03e88ff06d206171330a02b504b24aa86b0,2023/12/6(水) 12:00
flix,シネマトゥデイ,「ブギウギ」合同コンサートが評判を呼ぶ　第49回あらすじ,https://news.yahoo.co.jp/articles/6fa4e346c7c13be312b60fcef4f042eba6839c82,2023/12/6(水) 8:15
flix,シネマトゥデイ,モデルは淡谷のり子さん「ブギウギ」菊地凛子、「一生懸命やるのでどうか怒らないでください」,https://news.yahoo.co.jp/articles/6d825d311272c59ad22ac3f3ac2b70a308bff596,2023/12/6(水) 8:15
flix,シネマトゥデイ,ジョニー・デップ復帰作『ジャンヌ・デュ・バリー 国王最後の愛人』日本公開決定！,https://news.yahoo.co.jp/articles/750235e8a4ca358fd73adc97804751790aaecc58,2023/12/6(水) 8:00
flix,シネマトゥデイ,宮世琉弥＆原菜乃華W主演で実写映画化！『恋わずらいのエリー』公開決定,https://news.yahoo.co.jp/articles/6f6cb05af88254ec8da5dbe0c4343eb7eecf81be,2023/12/6(水) 7:00
flix,シネマトゥデイ,実写版「幽☆遊☆白書」幽助VS戸愚呂弟のバトルシーン！ファイナル予告編が公開,https://news.yahoo.co.jp/articles/8c6d3da10d0209f0153d2c101297d10ab709b5e8,2023/12/6(水) 7:00
flix,シネマトゥデイ,「VIVANT」来年2月にオーケストラコンサート開催　富栄ドラムが参加決定,https://news.yahoo.co.jp/articles/c3ec5be0e2cc7e71eee321433120313c5276d02d,2023/12/6(水) 4:00
flix,シネマトゥデイ,あの花・ここさけ・空青チーム再結集　長編アニメ 『ふれる。』2024年秋公開決定！,https://news.yahoo.co.jp/articles/15f5cbc49a167c905ece399944a27f5d7af829a6,2023/12/6(水) 4:00
flix,シネマトゥデイ,「大奥」泣き崩れる岸井ゆきのの名演に号泣！「なぜいい人ばかりが…」,https://news.yahoo.co.jp/articles/7e38486bd924604b3eea5f4faeffea401d16bda3,2023/12/6(水) 0:17
flix,シネマトゥデイ,【大奥2・最終回】15分拡大版！和宮の願いは届かず,https://news.yahoo.co.jp/articles/64362af9dd3bd563dcbc8cbe43dc11db82b898e1,2023/12/5(火) 22:45
flix,シネマトゥデイ,パリス・ヒルトン、生後1か月まで息子のおむつ替えせず「怖い」,https://news.yahoo.co.jp/articles/5d56d91874b767b836a8a1a91763dd964fc9bcab,2023/12/5(火) 21:40
flix,シネマトゥデイ,八木勇征、クソ男の幽霊役で3時のヒロイン・福田麻貴とバディ！フジ1月期「婚活1000本ノック」出演決定,https://news.yahoo.co.jp/articles/7a24d5b95b28efec6fff6e6bb536377e24263725,2023/12/5(火) 21:00
flix,シネマトゥデイ,監督が私財をなげうって自主制作！時代劇『侍タイムスリッパー』魂を込めた映画作りにキャスト感激,https://news.yahoo.co.jp/articles/a2fd64a0404881f05cfaf3d6dc118e97af187f70,2023/12/5(火) 20:58
flix,シネマトゥデイ,「VIVANT」Netflixで12月17日配信決定　堺雅人、阿部寛、二宮和也ら豪華共演,https://news.yahoo.co.jp/articles/b5b8c87cd37848a9d9a9cd3845d580374c30b849,2023/12/5(火) 19:16
flix,シネマトゥデイ,『ゴジラ-1.0』全米3位デビュー！ビヨンセの音楽映画が首位：全米ボックスオフィス考,https://news.yahoo.co.jp/articles/abe5fb5687bc02d6c21795040cd88a81c6159b9f,2023/12/5(火) 18:11
flix,シネマトゥデイ,GACKT『翔んで埼玉』続編ヒット中も上映中止を危惧　パクリネタ「沢山入っている」,https://news.yahoo.co.jp/articles/12acb942cd2650e901dd295189a8645eb4668f5c,2023/12/5(火) 17:02
flix,シネマトゥデイ,『ブラックパンサー』マイケル・B・ジョーダン、キアに突っ込みフェラーリ大破,https://news.yahoo.co.jp/articles/1ecf148fafaf002c0d9308fb13db34170f81b991,2023/12/5(火) 15:04
flix,シネマトゥデイ,チバユウスケさん、55歳で死去　映画『スラムダンク』OP主題歌担当,https://news.yahoo.co.jp/articles/51e637258c5a95188a214107750ce7693731188c,2023/12/5(火) 12:47
flix,シネマトゥデイ,柄本佑、井浦新ら大河ドラマ「光る君へ」道長兄弟4名のビジュアル一挙公開,https://news.yahoo.co.jp/articles/09722db13e080b106baca8b0605491244cafe286,2023/12/5(火) 12:16
flix,シネマトゥデイ,世界初！『アクアマン』海底王国アトランティス、沖縄・与那国島と姉妹都市提携,https://news.yahoo.co.jp/articles/bf4474a8ffbe5c0c395196fdea2dd39cfdfbb51f,2023/12/5(火) 12:16
flix,シネマトゥデイ,ニコラス・ケイジ、映画界から引退示唆「あと3、4本」,https://news.yahoo.co.jp/articles/9bf54e7e0b0bdda7cbb779338a62934a0f36978a,2023/12/5(火) 11:40
flix,シネマトゥデイ,坂口健太郎＆イ・セヨン共演　ドラマ「愛のあとにくるもの」製作決定,https://news.yahoo.co.jp/articles/588d7e570e63c39f8394e1044e9002a3b7aaaaef,2023/12/5(火) 9:00
flix,シネマトゥデイ,「ブギウギ」梅吉が戻ると言い出す　第48回あらすじ,https://news.yahoo.co.jp/articles/5e5501322af1edfc810fb87160743e825ad19c17,2023/12/5(火) 8:15
flix,シネマトゥデイ,鈴鹿央士、テレ東2024年1月期「闇バイト家族」“ダメ長男”役で主演　ヒロインに山本舞香,https://news.yahoo.co.jp/articles/cee5db3abab9f602c3c981507e54cf6bcade5abe,2023/12/5(火) 7:00
flix,シネマトゥデイ,安田顕、フジ連ドラ「大奥」で田沼意次役　将軍の秘密を握る陰謀家　“悪い奴”に挑む,https://news.yahoo.co.jp/articles/c8d2c47b1499b1c7b535f435ee2cf210ff1e8c35,2023/12/5(火) 6:30
flix,シネマトゥデイ,『インサイド・ヘッド2』2024年夏に日本公開！ヨロコビ役など吹き替え声優発表,https://news.yahoo.co.jp/articles/f797b70cbc0e956218a8d7f0d4fd5213a96ca5da,2023/12/5(火) 5:00
flix,シネマトゥデイ,菅田将暉『きみセカ』劇場版で3年ぶり主題歌担当　竹内涼真「感謝の気持ちでいっぱい」,https://news.yahoo.co.jp/articles/5c756b11b7b111bdcc2de021ee31becb38949261,2023/12/5(火) 5:00
flix,シネマトゥデイ,綾野剛、X JAPANの「紅」を全編裏声で歌唱,https://news.yahoo.co.jp/articles/d237f34bbbc299a638a6b7975d77ae3e2fc54bbe,2023/12/4(月) 19:55
flix,シネマトゥデイ,『翔んで埼玉』続編が興収11億突破でV2！『青ブタ』など新作5本初登場：映画週末興行成績,https://news.yahoo.co.jp/articles/798b2239b56aaa6917b81846ffea1c6db98f759c,2023/12/4(月) 19:29
flix,シネマトゥデイ,インド映画『RRR』初の公式書籍　メモリアルブック発売決定,https://news.yahoo.co.jp/articles/41dbd82b3d89c0aa07dc5001e5565a56d774d289,2023/12/4(月) 18:00
flix,シネマトゥデイ,『ゴジラ-1.0』全米で24年ぶり記録更新！公開3日で興収16億円、歴代1位のゴジラ作品に,https://news.yahoo.co.jp/articles/46387460f7c1b057a346d0cb06bed7ebefbdda9b,2023/12/4(月) 17:47
flix,シネマトゥデイ,田中圭＆林遣都「おっさんずラブ」続編そろってクランクイン　夕陽の中でハグシーン,https://news.yahoo.co.jp/articles/5eed1ff41c8d73dfa99c7ef2eaeea20e5a32ed8b,2023/12/4(月) 17:00
flix,シネマトゥデイ,米津玄師『君たちはどう生きるか』本編映像MV公開　ジブリ予告編ディレクター・板垣恵一が手掛ける,https://news.yahoo.co.jp/articles/e6a44dfe3a2c4ddf800be668f342265fa4223750,2023/12/4(月) 15:27
flix,シネマトゥデイ,43歳になった『ホーム・アローン』の天才子役マコーレー・カルキン、ハリウッドの殿堂入り！,https://news.yahoo.co.jp/articles/dc0f4411499514fe301d5f71c89e369ef8afe7d2,2023/12/4(月) 13:14
flix,シネマトゥデイ,吉高由里子、岸谷五朗、高杉真宙ら「光る君へ」5名ビジュアル一挙公開,https://news.yahoo.co.jp/articles/4a7063ee03fbc567c30de08a706b956dded549eb,2023/12/4(月) 12:21
flix,シネマトゥデイ,アニメ「ちいかわ」にシーサー初登場　声優は島袋美由利に決定,https://news.yahoo.co.jp/articles/1c896cfc4b68cc411440c884547f6f72229f262d,2023/12/4(月) 12:00
flix,シネマトゥデイ,ロバート・ダウニー・Jrのアイアンマンは復活しない…ケヴィン・ファイギが明言,https://news.yahoo.co.jp/articles/c0002d7855f4b3663d3eedde756842c6c48d4d65,2023/12/4(月) 11:58
flix,シネマトゥデイ,「下剋上球児」美人＆イケメン根室姉弟のオフショットに反響！,https://news.yahoo.co.jp/articles/a62a37dcb0ddfc41f26693b592f1cbccebc64535,2023/12/4(月) 11:20
flix,シネマトゥデイ,映画『スラムダンク』1日限りの復活上映決定！,https://news.yahoo.co.jp/articles/3e4cecb7465be826ef71707909dc80976c7a575e,2023/12/4(月) 11:05
flix,シネマトゥデイ,ガンダム新作「復讐のレクイエム」Netflixで世界独占配信決定　新ティザー映像公開,https://news.yahoo.co.jp/articles/f65bfe70008a923877c3e6014a846e5e13a17f46,2023/12/4(月) 9:42
flix,シネマトゥデイ,「ブギウギ」スズ子と梅吉は現実を受け入れられず…第47回あらすじ,https://news.yahoo.co.jp/articles/c26e7112d82f608c620c46682b76de4af3700a8b,2023/12/4(月) 8:15
flix,シネマトゥデイ,『ゴジラvsコング』続編、予告編が初公開！新形態ゴジラ＆アーマー付きコングが再び共闘,https://news.yahoo.co.jp/articles/bcbcacec0b4ad39a6c0386a5e9e3c97dc714d8ba,2023/12/4(月) 7:25
flix,シネマトゥデイ,山本真理、ハリウッド版ゴジラは“頬”が魅力的　「モナーク」で体現する日本人科学者の使命,https://news.yahoo.co.jp/articles/2f891a53ba88c68301a9189d592fbb9b110227a0,2023/12/4(月) 7:03
flix,シネマトゥデイ,櫻井翔「大病院占拠」続編、主要キャスト続投　比嘉愛未「まさか続編があるとは」,https://news.yahoo.co.jp/articles/c53c3b4cfd042911be10df95028d40ba06736101,2023/12/4(月) 6:00
flix,シネマトゥデイ,鈴木おさむ、地上波連ドラ最後の脚本「離婚しない男」1月期放送　伊藤淳史が“サレ夫”役で主演,https://news.yahoo.co.jp/articles/c6584f40c173f41b3bc4d96572bfe37f8b462dbe,2023/12/4(月) 5:00
flix,シネマトゥデイ,「どうする家康」大坂の陣で同情が相次いだ3人　「人の所業」がトレンド入り,https://news.yahoo.co.jp/articles/0c67eb741d6322be8b36355854b4ae974db7ac71,2023/12/3(日) 22:33
flix,シネマトゥデイ,「どうする家康」大坂の陣は家康が代償を支払う戦　脚本・古沢良太「ここまで可哀そうな人になると思わなかった」,https://news.yahoo.co.jp/articles/c0115e8a22b8a046ca162379c3b875c4b73defc5,2023/12/3(日) 20:53
flix,シネマトゥデイ,「どうする家康」北川景子、茶々＆秀頼の最期に言及　一人二役に葛藤も,https://news.yahoo.co.jp/articles/9bcd02b5361539b36488883c30c3f2d6bdc7068a,2023/12/3(日) 20:45
flix,シネマトゥデイ,Vaundy『映画ドラえもん』で初のアニメ映画主題歌！アフレコにも初挑戦,https://news.yahoo.co.jp/articles/f9754001db79a8d0f97bb9ad125496c82369a909,2023/12/3(日) 19:25
flix,シネマトゥデイ,食人から一変！ティモシー・シャラメ、陽気な『ウォンカ』出演で日常生活に変化,https://news.yahoo.co.jp/articles/59bb8c792310a014020134d83c351d3a920232f9,2023/12/3(日) 17:17
flix,シネマトゥデイ,ハリソン・フォード、『インディ・ジョーンズと運命のダイヤル』の斬新なアイデアについて語る,https://news.yahoo.co.jp/articles/3aaab5c5995223d8a1b7ad828a75742cbcf6e7f4,2023/12/3(日) 14:03
flix,シネマトゥデイ,【大奥2】第20回　観行院が取り乱す,https://news.yahoo.co.jp/articles/3750dba6c53515cb1ccc518f2252d4e23a006b4a,2023/12/3(日) 12:06
flix,シネマトゥデイ,キバット＆ギンガ・杉田智和が仮面ライダー凱旋！『ガッチャード＆ギーツ』レベルナンバー10のケミー声優発表,https://news.yahoo.co.jp/articles/56fd45a15be8e138b515a6468152cc17320e1942,2023/12/3(日) 9:30
flix,シネマトゥデイ,仮面ライダーxスーパー戦隊「超英雄祭」4年ぶり声援可能に！出演者発表、新ビジュアル公開,https://news.yahoo.co.jp/articles/e3edf5b4f50f3b0abba9d1779e666192ef020335,2023/12/3(日) 9:00
flix,シネマトゥデイ,＜あすのブギウギ＞小夜が付き人として加わる　第46回あらすじ,https://news.yahoo.co.jp/articles/d2f215edde9329d41dc9091f68514bc176e64a6a,2023/12/3(日) 8:15
flix,シネマトゥデイ,「下剋上球児」第8話あらすじ　エース・翔VS急成長・根室、先発はどっちに？,https://news.yahoo.co.jp/articles/866c187c87969eb729933d8698a16a90f4f36cf8,2023/12/3(日) 7:12
flix,シネマトゥデイ,唐田えりか、休業中は疎遠だった友人と再会＆初共演,https://news.yahoo.co.jp/articles/a6ce51a0fc7a55850abd544d4d05db13c06ca1a5,2023/12/2(土) 18:06
flix,シネマトゥデイ,今夜！「ベストアーティスト2023」タイムテーブルを振り返り,https://news.yahoo.co.jp/articles/2b0a58c8a70fcd9230acd877e0a9cac90ef2b4e6,2023/12/2(土) 17:02
flix,シネマトゥデイ,上野樹里「丸裸にされた気分」林遣都が舞台裏を暴露,https://news.yahoo.co.jp/articles/469f114edc2952184c08f63347b56b3dbe53b874,2023/12/2(土) 14:39
flix,シネマトゥデイ,「どうする家康」脚本・古沢良太、批判も覚悟した築山殿事件の解釈に込めた思い,https://news.yahoo.co.jp/articles/d7ab31cd3db4ceab6fc0c4fb727c46075f140f1f,2023/12/2(土) 13:50
flix,シネマトゥデイ,亀梨和也、長い芸能生活ゆえの「良くない癖」明かす,https://news.yahoo.co.jp/articles/c7d695ac52100a78da410f65d12cf7ae258b17d1,2023/12/2(土) 13:50
flix,シネマトゥデイ,ゴジラ実写ドラマ「モナーク」新タイタンの脅威迫る！本編映像が公開,https://news.yahoo.co.jp/articles/4c19be7ca9fe6d3c432aab7864a58dd88f021cc9,2023/12/2(土) 12:15
flix,シネマトゥデイ,「仮面ライダーガッチャード」錆丸を救い出せ！第13話「とりもどせ！ユージョーXフォーエバー！」あらすじ,https://news.yahoo.co.jp/articles/032e62c949c56c97a5e906df26902f9a94cf1219,2023/12/2(土) 11:03
flix,シネマトゥデイ,＜来週のブギウギ＞六郎に関する知らせが届く,https://news.yahoo.co.jp/articles/74e8c75cce6bb44b65ae003cd12c70aeb1cd7a3f,2023/12/2(土) 8:15
flix,シネマトゥデイ,『SPY×FAMILY』ロイド役・江口拓也の美学　「苦しんでこそ人生！」,https://news.yahoo.co.jp/articles/fb4e97ec92c89dc0d0667426e64f54a7ee7508f7,2023/12/2(土) 8:02
flix,シネマトゥデイ,『翔んで埼玉』続編、愛之助との濃厚シーンはGACKT発案　原作リスペクトが生んだ名場面,https://news.yahoo.co.jp/articles/b0fee41c6c53b19cf795350b7690a75b3b51448c,2023/12/2(土) 7:12
flix,シネマトゥデイ,栗山千明、フジ「大奥」で大奥総取締役　主演・小芝風花を追い詰める「嫌われる覚悟で」,https://news.yahoo.co.jp/articles/dcc7ce624f8a1deb95cf4045773ad5fa0055390b,2023/12/2(土) 6:00
flix,シネマトゥデイ,「瓜を破る」久住小春＆佐藤大樹主演で実写化　TBS深夜ドラマ枠で1月23日放送スタート,https://news.yahoo.co.jp/articles/d8fba02bebb8fbb37e8b1dc24be3289869bc0485,2023/12/2(土) 4:00
flix,シネマトゥデイ,日本発のDCアニメ「異世界スーサイド・スクワッド」永瀬アンナ、梅原裕一郎ら声優発表！2024年放送＆配信,https://news.yahoo.co.jp/articles/25236f38c2cefbf8f8921d688ad7f7e9c1e0b4f5,2023/12/1(金) 20:16
flix,シネマトゥデイ,映画『鬼太郎誕生』“鬼太郎の母”の姿も　最新予告「鬼太郎の父たち 絆篇」が公開,https://news.yahoo.co.jp/articles/9db5565931689dec98bbcbd7879dc9c0d4c8b49a,2023/12/1(金) 19:00
flix,シネマトゥデイ,「セックス・アンド・ザ・シティ展」渋谷で開催決定！,https://news.yahoo.co.jp/articles/5575f829e6869d6572a6fc5f5add4e4608fa33d5,2023/12/1(金) 18:10
flix,シネマトゥデイ,『ヘル・レイザー』続編3作品のリバイバル上映決定　1作目の4K版公開に乗じ,https://news.yahoo.co.jp/articles/7b69ed5826dac8103cf133bd7aa73dc39e384d51,2023/12/1(金) 18:00
flix,シネマトゥデイ,今夜放送！『プリンセスと魔法のキス』ヒロイン声優は誰？,https://news.yahoo.co.jp/articles/272b1aa6c7e2c7bd2ba2e42d863e512da13f2c95,2023/12/1(金) 17:05
flix,シネマトゥデイ,アイアンマンたちがカーレース！MCUのもしもを描く「ホワット・イフ...？」シーズン2日本版予告、異例の9日間連続配信,https://news.yahoo.co.jp/articles/a887416e6bc8a962bcfcf7d59788130801a12955,2023/12/1(金) 17:00
flix,シネマトゥデイ,「ウルトラマンブレーザー」レッドキング＆ギガス同時襲来！ゲント隊長に異変、エミ隊員は驚きの事実に辿り着く,https://news.yahoo.co.jp/articles/11e2eb3405dec30364a57236a6ab28b584227673,2023/12/1(金) 17:00
flix,シネマトゥデイ,「どうする家康」最終回放送日に関連番組一挙！松本潤の1年5か月に密着する舞台裏SPも,https://news.yahoo.co.jp/articles/bef95e8f50606a0fe6d32e53207350eb9f9b5104,2023/12/1(金) 15:25
flix,シネマトゥデイ,真田広之主演「SHOGUN 将軍」2024年2月27日配信開始　ハリウッドが描く戦国時代,https://news.yahoo.co.jp/articles/8f098bd53e9c1f6087b5ef2d2dcb018f2b0417e4,2023/12/1(金) 15:00
flix,シネマトゥデイ,35歳で急死した「24」俳優、死因が判明,https://news.yahoo.co.jp/articles/bc138f7597992f481948ef1f5fe42705e7b604c8,2023/12/1(金) 12:33
flix,シネマトゥデイ,『マッドマックス：フュリオサ』2024年日本公開！黄金のビジュアル＆予告編も,https://news.yahoo.co.jp/articles/6edd23be2ec9e08ba4390daea7d6d93d8c0226ec,2023/12/1(金) 12:04
flix,シネマトゥデイ,衝撃！「VIVANT」役所広司のクランクインは最終話の別れのシーンだった,https://news.yahoo.co.jp/articles/92af93306b5ef196aec26940a85d3a6febafde00,2023/12/1(金) 12:04
flix,シネマトゥデイ,「TOKYO VICE」シーズン2、窪塚洋介＆真矢ミキが出演決定　来春に日本放送＆配信,https://news.yahoo.co.jp/articles/1e62b57b15e6de8f58544938fcd8da4e20960b78,2023/12/1(金) 12:00
flix,シネマトゥデイ,『君たちはどう生きるか』ニューヨーク映画批評家協会賞アニメ映画賞を受賞！,https://news.yahoo.co.jp/articles/fa0586b75ff9adab6697cf3a515f73ae855388ba,2023/12/1(金) 11:28
flix,シネマトゥデイ,『マッドマックス』最新作、初映像公開！若きフュリオサ描く前日譚、イモータン・ジョーも登場,https://news.yahoo.co.jp/articles/9843e8831f0d6bcf8a7f4c58af23cf92485fc06a,2023/12/1(金) 9:09
flix,シネマトゥデイ,『アクアマン』続編、本ポスター公開！頼れるタコ型相棒が初登場,https://news.yahoo.co.jp/articles/d3ad22b7bb27bf91c90b4758c2ede2c5214c98b1,2023/12/1(金) 8:00
flix,シネマトゥデイ,『キングスマン』マシュー・ヴォーン最新作、2024年公開決定　ヘンリー・カヴィルら豪華スター共演,https://news.yahoo.co.jp/articles/98bc6b0dc06814e02d6db0991624cda607a9daf7,2023/12/1(金) 8:00
flix,シネマトゥデイ,実写「幽☆遊☆白書」場面写真15点が一挙公開　幽助・蔵馬・飛影・桑原が躍動！,https://news.yahoo.co.jp/articles/c2173c0ccaaa59034c4beb94460ae92f9db8a583,2023/12/1(金) 8:00
flix,シネマトゥデイ,良一が衝撃の姿！「義母と娘のブルースFINAL」キャスト総集結のキービジュアル公開,https://news.yahoo.co.jp/articles/a4cc4ded133e3b2750222bebdad6dd06fcfd2623,2023/12/1(金) 7:00
flix,シネマトゥデイ,金ローのクリスマス！『ホーム・アローン』放送決定,https://news.yahoo.co.jp/articles/7aa51e6c8c921d44e21247fddd45237aaf89e25c,2023/12/1(金) 6:00
flix,シネマトゥデイ,なぜ？『ゴーストバスターズ』のマークが凍ってる！来年3月日米同時公開,https://news.yahoo.co.jp/articles/c407416e2a4a3b05533900daa075e7023c0b038b,2023/12/1(金) 0:00
flix,シネマトゥデイ,「大奥」福士蒼汰が岸井ゆきのの心を開いた一言,https://news.yahoo.co.jp/articles/b8f54189b7f2678c56434970d70e646486dcfc79,2023/11/30(木) 22:18
flix,シネマトゥデイ,“顔芸”も話題！古川雄大、瀧山役は「完璧に見えて足りないピースがある」,https://news.yahoo.co.jp/articles/0dcef88c956682eba0dd4b1b0733c53f27c1f1c9,2023/11/30(木) 21:50
flix,シネマトゥデイ,THE RAMPAGE、FANTASTICS、BALLISTIK BOYZら「LDH LIVE-EXPO 2023」開催決定,https://news.yahoo.co.jp/articles/842cc35e94cbd688f01d932d203d5fde3370f2b8,2023/11/30(木) 21:30
flix,シネマトゥデイ,SKY-HI×Nissyのコラボも！「ベストアーティスト2023」日本全国中継企画発表,https://news.yahoo.co.jp/articles/ae05d56d0a2252c4cdee4bcba869cf81d2d608f8,2023/11/30(木) 20:00
flix,シネマトゥデイ,川村壱馬は“ナイト”そのもの　穂志もえか「無理にこじ開けてこなかった」,https://news.yahoo.co.jp/articles/07bd1adb5de141e9ec8082c1155f255747747338,2023/11/30(木) 19:37
flix,シネマトゥデイ,映画『約束のネバーランド』地上波で放送決定,https://news.yahoo.co.jp/articles/bb9ec04f1a1621fa1398d635dbeee3ef81940725,2023/11/30(木) 19:14
flix,シネマトゥデイ,「パリピ孔明」向井理＆ディーン・フジオカの肩組み2ショットにファン歓喜！,https://news.yahoo.co.jp/articles/1eb324d72288482a40891d3798116444bd20090a,2023/11/30(木) 18:07
flix,シネマトゥデイ,名作『テルマ＆ルイーズ』4K上映決定！リドリー・スコット監督監修で,https://news.yahoo.co.jp/articles/256186af421c6b1ce67f547311ae16bb6cdb4284,2023/11/30(木) 18:00
flix,シネマトゥデイ,「パリピ孔明」最終回、ラストの展開にSNSではツッコミの嵐！続編希望の声も,https://news.yahoo.co.jp/articles/0bf0671b58bf5cd845e5c7c94caa516a65cf04c4,2023/11/30(木) 14:13
flix,シネマトゥデイ,福山雅治「声がかれたのは大河ドラマ以来」ディズニー最恐ヴィラン挑戦での苦労を明かす,https://news.yahoo.co.jp/articles/248912ac2a4491d223d7ba7456c7738fa51180f7,2023/11/30(木) 13:20
flix,シネマトゥデイ,『アベンジャーズ』セバスチャン・スタン、若きドナルド・トランプ役で映画主演,https://news.yahoo.co.jp/articles/fa6751f2e68281c2f07963417c8a87bb504375e2,2023/11/30(木) 13:15
flix,シネマトゥデイ,『ゴジラvsコング』続編、初ポスター公開！青目の新タイタン登場,https://news.yahoo.co.jp/articles/1ad3f0ce3f0cb6c99b85cebf6b9c91e1bcd666b4,2023/11/30(木) 12:04
flix,シネマトゥデイ,『翔んで埼玉』中原翔子、「相棒」初参戦で強烈な社長役　必死だった特命係との対峙シーン秘話,https://news.yahoo.co.jp/articles/c9f757aec926017610285dd5c6ffb1a1fd0f70cc,2023/11/30(木) 12:03
flix,シネマトゥデイ,【ネタバレ】「相棒22」すれ違いからの悲劇…被害者の死の真相に涙,https://news.yahoo.co.jp/articles/069de08b912630ec775138d52b100826bcb07bd5,2023/11/30(木) 10:32
flix,シネマトゥデイ,名探偵コナン『100万ドルの五稜星』特報＆ストーリーが明らかに！怪盗キッドの狙いは日本刀!?,https://news.yahoo.co.jp/articles/64a146ab14a49d6cdd45377be903780be9e01508,2023/11/30(木) 10:00
flix,シネマトゥデイ,「ブギウギ」スズ子がりつ子のコンサートへ　第45回あらすじ,https://news.yahoo.co.jp/articles/6d0fc035c0d634858da4ab648a3bd16857716922,2023/11/30(木) 8:15
flix,シネマトゥデイ,『ゴジラ-1.0』神木隆之介＆浜辺美波、氷点下の北海道でファンと交流　山崎貴は次のゴジラ映画に立候補,https://news.yahoo.co.jp/articles/bf64833c341413ec64aba77e669a4086fa03a5c7,2023/11/30(木) 7:03
flix,シネマトゥデイ,プリキュア第21弾タイトル「わんだふるぷりきゅあ！」に決定,https://news.yahoo.co.jp/articles/5af75bd8776053caf90ba629fd12a2e3353e6314,2023/11/30(木) 6:00
flix,シネマトゥデイ,ナム・ジュヒョクがダークヒーローに！韓国ドラマ「ヴィジランテ」は何が面白い？,https://news.yahoo.co.jp/articles/c7a43d13a233b2de4854d9da6b84965c2b20cf7d,2023/11/30(木) 5:02
flix,シネマトゥデイ,「いちばんすきな花」美鳥ちゃん、同一人物説の真偽が今夜明らかに,https://news.yahoo.co.jp/articles/2bcc6e92bfce301c99a9afa09df6821667a339b7,2023/11/30(木) 4:30
flix,シネマトゥデイ,「パリピ孔明」劇場総集編が公開決定　“孔明”置鮎龍太郎、実写ドラマファンへアピール「アニメ版に興味を持って」,https://news.yahoo.co.jp/articles/2a725c7a85e4a5e6b76c4005c379e53bb4f1d0cc,2023/11/29(水) 23:00
flix,シネマトゥデイ,板垣李光人、道枝駿佑の“右腕”に　新ドラマ「マルス-ゼロの革命-」第1弾メンバー発表,https://news.yahoo.co.jp/articles/1e1602b1de3d11b455a5034907fbed01e646d1be,2023/11/29(水) 21:00
flix,シネマトゥデイ,『ザ・スーパーマリオブラザーズ・ムービー』『百花』などプライムビデオで12月から見放題＆独占配信,https://news.yahoo.co.jp/articles/417d784c6ce27c16c2cd7541d2a0023970570ca8,2023/11/29(水) 20:00
flix,シネマトゥデイ,明智光秀役の西島秀俊は「マジで吹っ飛んでいた」　安土城のシーンで,https://news.yahoo.co.jp/articles/cf3b360b134155fc2453b9807b1f5b8c9c0536c5,2023/11/29(水) 18:15
flix,シネマトゥデイ,約1年半ぶり！「イカゲーム」がNetflix週間グローバルトップ10に返り咲き,https://news.yahoo.co.jp/articles/3454955cbe2ba54e68f0ebf23344ae018f090146,2023/11/29(水) 17:02
flix,シネマトゥデイ,佐藤浩市、椎名桔平、村上淳ら！『罪と悪』追加キャスト発表,https://news.yahoo.co.jp/articles/8bf3a5f5f1cf9aeee7af94e211e33947bf828116,2023/11/29(水) 13:00
flix,シネマトゥデイ,「大奥」大東駿介の慶喜が実写ならではの存在感,https://news.yahoo.co.jp/articles/a4a599939f7befb6bb2770f72bfcbdee0ea7f562,2023/11/29(水) 12:05
flix,シネマトゥデイ,ディズニー新作『ウィッシュ』ヒロイン・相棒・最恐ヴィラン、3種のキャラポスターが一挙公開！,https://news.yahoo.co.jp/articles/60a36ba96eb3a417de8df3ae636f825f8bab551d,2023/11/29(水) 12:00
flix,シネマトゥデイ,夜間警備員に迫る恐怖のマスコットたち…実写版『ファイブ・ナイツ・アット・フレディーズ』本予告公開,https://news.yahoo.co.jp/articles/1da6269042f5131e430983cfd2aad1c77f22ed38,2023/11/29(水) 12:00
flix,シネマトゥデイ,劇場版最新作『名探偵コナン 100万ドルの五稜星』2024年4月12日に公開決定！平次、和葉、怪盗キッドが函館に,https://news.yahoo.co.jp/articles/0796f2dee39deb846e61d83f400670b92d04cf55,2023/11/29(水) 10:27
flix,シネマトゥデイ,「ブギウギ」羽鳥が手を引くべきだと言われる　第44回あらすじ,https://news.yahoo.co.jp/articles/51b114f3e0ddff0f9309c277158754bf9c3e6da4,2023/11/29(水) 8:15
flix,シネマトゥデイ,『翔んで埼玉』海女コンビ、セリフもない役から大出世！小沢真珠＆中原翔子、監督の信頼得て続編も大活躍,https://news.yahoo.co.jp/articles/3d841df8e207bd48f5aec70182b40bf55962402c,2023/11/29(水) 7:02
flix,シネマトゥデイ,今夜「相棒22」第7話　全員容疑者…伝説のバンドボーカルが不審死,https://news.yahoo.co.jp/articles/6ddcec27295e34fce47a89a4a269508dfc33b8eb,2023/11/29(水) 6:32
flix,シネマトゥデイ,「堂本兄弟SP」山田涼介が7年ぶり出演　浜辺美波＆あのは初登場、人気企画「堂本一問一答」復活,https://news.yahoo.co.jp/articles/0441d7440ec740216ba520d9a24ac1f387fb3e20,2023/11/29(水) 6:00
flix,シネマトゥデイ,実写『ゴールデンカムイ』エゾオオカミ・レタラ登場！新予告公開　主題歌はACIDMANに決定,https://news.yahoo.co.jp/articles/523ba09ad8507e29a9dc24983515dd9ebcfdf3ea,2023/11/29(水) 5:00
flix,シネマトゥデイ,「大奥」志田彩良の家茂が「天使過ぎる」　名言に泣く視聴者続出,https://news.yahoo.co.jp/articles/a30e61463c138e847a75029b848792501de76742,2023/11/29(水) 4:15
flix,シネマトゥデイ,「大奥」山村紅葉の土御門がインパクト凄すぎ！驚きの声続々,https://news.yahoo.co.jp/articles/5fa84824b8d11a6a14f513260ef2f024f66d9e48,2023/11/29(水) 0:21
flix,シネマトゥデイ,「大奥」和宮役・岸井ゆきの「どういうこと!?」　最後まで苦戦したこと,https://news.yahoo.co.jp/articles/031dbb7e8290ae5e37b131c06d0cc1079a672a73,2023/11/28(火) 22:47
flix,シネマトゥデイ,水上恒司、手作り弁当で体重管理,https://news.yahoo.co.jp/articles/2e9c6a45baa9405faa9279840f63848407a456b9,2023/11/28(火) 20:21
flix,シネマトゥデイ,『鬼太郎誕生　ゲゲゲの謎』かつての目玉おやじも「お風呂」好き　新場面カット公開,https://news.yahoo.co.jp/articles/ffc4cf4adb75086cd586be7e9f5c71648786dece,2023/11/28(火) 18:04
flix,シネマトゥデイ,「サンクチュアリ 」一ノ瀬ワタル、洋画吹替初挑戦　ザック・スナイダー新作『REBEL MOON』ゲスト声優に決定,https://news.yahoo.co.jp/articles/281b0363bf6a7f1f462f18e0d3e53f19924c9cd1,2023/11/28(火) 17:00
flix,シネマトゥデイ,「大奥」幕末編・後編の相関図公開！ふん装ビジュアルに期待高まる,https://news.yahoo.co.jp/articles/a396817a90ef10605268f405dfb70aaadb2fa88f,2023/11/28(火) 15:03
flix,シネマトゥデイ,タイカ・ワイティティ、マーベル映画に興味なかった…『ソー』監督を引き受けたのは「お金のため」,https://news.yahoo.co.jp/articles/feebef4cc6f7d61a832470895f6a5bdeb7c0751b,2023/11/28(火) 12:19
flix,シネマトゥデイ,『仮面ライダー3号』『超スーパーヒーロー大戦』YouTubeで無料初配信！,https://news.yahoo.co.jp/articles/b4339e6cf3ff4bdd87cf03bcd7e617a567eac392,2023/11/28(火) 12:00
flix,シネマトゥデイ,『アベンジャーズ』第5弾、脚本家交代　「ロキ」クリエイターが就任,https://news.yahoo.co.jp/articles/8e989b598bae35c4ec79ff2ea72d6554bc785e1d,2023/11/28(火) 11:22
flix,シネマトゥデイ,「ブギウギ」小夜と梅吉が打ち解けあう　第43回あらすじ,https://news.yahoo.co.jp/articles/c95a981484e51e3902d3a56dd2c110a5127bad4e,2023/11/28(火) 8:15
flix,シネマトゥデイ,『翔んで埼玉』続編、裏の主役・とび太は何人いる？,https://news.yahoo.co.jp/articles/9c8c84e4c2f6598f0afb28b08c3503a1e5a87713,2023/11/28(火) 7:05
flix,シネマトゥデイ,藤原丈一郎、岩本照の後輩バディに！ドラマ「恋する警護24時」恋のライバル役は溝端淳平,https://news.yahoo.co.jp/articles/5d40832d9fcafa4b67c592f76a01fb20368b7bd4,2023/11/28(火) 6:00
flix,シネマトゥデイ,「からかい上手の高木さん」永野芽郁主演で実写映画化　共演に高橋文哉、原作の10年後描くオリジナルストーリー,https://news.yahoo.co.jp/articles/4a6012f08143e1c6b222f4205562b6633e4fb068,2023/11/28(火) 5:00
flix,シネマトゥデイ,「ダンダダン」テレビアニメ化決定！制作は『犬王』サイエンスSARU,https://news.yahoo.co.jp/articles/856a83418655fa40115a5587893fa9cd00b01b1f,2023/11/28(火) 0:26
flix,シネマトゥデイ,北川景子、小川眞由美の淀殿を参考に役づくり　「どうする家康」ファン感謝祭にムロツヨシとサプライズ参加,https://news.yahoo.co.jp/articles/179270d67de9d0f97037e0f5131dcf229225f609,2023/11/27(月) 22:24
flix,シネマトゥデイ,山田裕貴＆杉野遥亮「どうする家康」名場面4位を振り返る,https://news.yahoo.co.jp/articles/7e6bb939a170043774175302921f11f9215a4610,2023/11/27(月) 21:47
flix,シネマトゥデイ,松本潤、瀬名との別れは「ずっと引きずっていた」　「どうする家康」ファン感謝祭、当選倍率25.2倍,https://news.yahoo.co.jp/articles/05217509af78dbb98f606674bf11c099720ea30f,2023/11/27(月) 21:23
flix,シネマトゥデイ,『ハンガー・ゲーム0』が『ナポレオン』『ウィッシュ』に勝利！：全米ボックスオフィス考,https://news.yahoo.co.jp/articles/168e69c1f89bdea20fee339853f7eb31065c0fb7,2023/11/27(月) 21:01
flix,シネマトゥデイ,鈴木杏「どうする家康」初役で8年ぶり大河　松本潤と3度目、17年ぶり共演,https://news.yahoo.co.jp/articles/219abeb6ce111a5130b26970e1e7016eedc98095,2023/11/27(月) 20:15
flix,シネマトゥデイ,「どうする家康」語りの正体は春日局！寺島しのぶ出演決定,https://news.yahoo.co.jp/articles/4dff3cc951b9fedb700ba690bfae0413f0a46ac3,2023/11/27(月) 20:15
flix,シネマトゥデイ,『エクソシスト』浮遊ベッドにミーガン人形も…新宿に恐怖の館「リアル・ブラムハウス」明日オープン,https://news.yahoo.co.jp/articles/f47c1e26a52140395e3cf76ba4ec45be3992249e,2023/11/27(月) 19:45
flix,シネマトゥデイ,『ビートルジュース2』ウィレム・デフォーは死んで霊界警察になったB級アクションスター役,https://news.yahoo.co.jp/articles/e06380c64edac445e424192e9bfd73bc27625caf,2023/11/27(月) 18:30
flix,シネマトゥデイ,『翔んで埼玉』続編が興収6億超えで初登場1位！北野武監督『首』は4億に迫る勢いで3位スタート：映画週末興行成績,https://news.yahoo.co.jp/articles/0a51a672a5b499c1480178fb6cc0ca0d43918c57,2023/11/27(月) 17:03
flix,シネマトゥデイ,ディーン・フジオカ「恥ずかしさを通り越して狂気」　「正直不動産」で難役、タップダンスも披露,https://news.yahoo.co.jp/articles/2b56db390aacaa19df189a18be91454a0da353ae,2023/11/27(月) 15:19
flix,シネマトゥデイ,山下智久「正直不動産」続編は「飛ばされ方にも注目を」　うちわから巨大扇風機まで,https://news.yahoo.co.jp/articles/a580fe83d443354261fabb03b1c04922e7135f0a,2023/11/27(月) 14:51
flix,シネマトゥデイ,「下剋上球児」特撮ヒーロー出身俳優たちの決めポーズが話題！,https://news.yahoo.co.jp/articles/faf6896fe27f0659c71286fd775ccfab82061ef6,2023/11/27(月) 13:46
flix,シネマトゥデイ,"『ワイルド・スピード9』スタントマンが頭蓋骨骨折と脳損傷…制作会社に罰金1億5,000万円",https://news.yahoo.co.jp/articles/0ff2922be2b0730926201c757f4bd279cb66e205,2023/11/27(月) 12:05
flix,シネマトゥデイ,「どうする家康」千姫役・原菜乃華に有村架純の面影,https://news.yahoo.co.jp/articles/ea3f4550c426d34965fe62cfe6fe678023434152,2023/11/27(月) 11:25
flix,シネマトゥデイ,「NARUTO-ナルト-」ハリウッド実写化、今も進行中！,https://news.yahoo.co.jp/articles/a54ecd62da67f2cce557b174aa80b436f70cf324,2023/11/27(月) 9:17
flix,シネマトゥデイ,「ブギウギ」スズ子はどうすることもできず…第42回あらすじ,https://news.yahoo.co.jp/articles/8947ef22775599427f4eae4e04c5d0e3b1a60f89,2023/11/27(月) 8:15
flix,シネマトゥデイ,『Dr.コトー診療所』『イチケイのカラス』地上波初放送！ドラマ一挙放送も,https://news.yahoo.co.jp/articles/f2334f81045511ffb016f46869fc9589241cf61f,2023/11/27(月) 7:00
flix,シネマトゥデイ,RIKACOの次男・渡部蓮、ゴジラに感謝　実写ドラマ「モナーク」で役者デビュー「大変光栄に思います」,https://news.yahoo.co.jp/articles/c178865a9487080d7f4564286bddc66fee87e2e4,2023/11/27(月) 6:32
flix,シネマトゥデイ,石原さとみ、3年ぶり連ドラ主演！「Dr.コトー」脚本家とのタッグで初の検事役,https://news.yahoo.co.jp/articles/76474978ab8067182dc96af51ce0fe581608497d,2023/11/27(月) 5:00
